2269999,144,162,1255,2013.0,0.0,11510.0,0.09597,-0.019953,MNE,NLD,7436
2270000,145,162,1255,2013.0,0.0,54449.0,-1.264785,-1.133222,MNG,NLD,7436
2270001,147,162,1255,2013.0,7818.0,7435.0,-1.131512,-0.8923840000000001,MOZ,NLD,7436
2270002,148,162,1255,2013.0,0.0,57461.0,-1.681152,-1.2712350000000001,MRT,NLD,7436
2270003,151,162,1255,2013.0,2351.0,80979.0,-0.092312,0.050927,MUS,NLD,7436
2270004,153,162,1255,2013.0,3285197.0,2652128.0,0.924532,0.671334,MYS,NLD,7436
2270005,154,162,1255,2013.0,0.0,69475.0,0.652359,-0.525881,MYT,NLD,7436
2270006,155,162,1255,2013.0,0.0,54499.0,-0.316805,-0.38759099999999996,NAM,NLD,7436
2270007,156,162,1255,2013.0,0.0,66408.0,-0.262882,-0.63858,NCL,NLD,7436
2270008,157,162,1255,2013.0,0.0,1786.0,-1.0008350000000001,-0.8325670000000001,NER,NLD,7436
2270009,159,162,1255,2013.0,6732.0,2511499.0,-1.679402,-1.14686,NGA,NLD,7436
2270010,160,162,1255,2013.0,0.0,63441.0,-0.7956479999999999,-0.596061,NIC,NLD,7436
2270011,163,162,1255,2013.0,3020633.0,13702258.0,0.710901,0.062705,NOR,NLD,7436
2270012,166,162,1255,2013.0,124993.0,831457.0,0.192237,0.429825,NZL,NLD,7436
2270013,167,162,1255,2013.0,12142.0,1016572.0,-0.698693,-1.030814,OMN,NLD,7436
2270014,168,162,1255,2013.0,16074.0,513041.0,-0.697224,0.501576,PAK,NLD,7436
2270015,169,162,1255,2013.0,0.0,180758.0,0.8719819999999999,1.038982,PAN,NLD,7436
2270016,173,162,1255,2013.0,11741.0,3091146.0,-0.640044,0.121772,PER,NLD,7436
2270017,174,162,1255,2013.0,554517.0,882779.0,0.639083,0.45816899999999994,PHL,NLD,7436
2270018,176,162,1255,2013.0,0.0,40331.0,-1.508233,-1.163478,PNG,NLD,7436
2270019,177,162,1255,2013.0,10493122.0,13714248.0,1.11341,0.975734,POL,NLD,7436
2270020,179,162,1255,2013.0,152267.0,3905014.0,0.705087,2.2055580000000004,PRT,NLD,7436
2270021,180,162,1255,2013.0,0.0,13933.0,-0.560661,-0.822876,PRY,NLD,7436
2270022,182,162,1255,2013.0,0.0,62707.0,-0.118172,-0.620256,PYF,NLD,7436
2270023,183,162,1255,2013.0,0.0,8123293.0,-0.583609,-1.003754,QAT,NLD,7436
2270024,185,162,1255,2013.0,106340.0,4311808.0,1.05722,1.0968799999999999,ROU,NLD,7436
2270025,186,162,1255,2013.0,68190.0,35302084.0,-0.08233,-0.267781,RUS,NLD,7436
2270026,187,162,1255,2013.0,0.0,94331.0,-0.535446,-0.662881,RWA,NLD,7436
2270027,188,162,1255,2013.0,55474.0,28677596.0,-0.14823599999999998,-0.883965,SAU,NLD,7436
2270028,190,162,1255,2013.0,0.0,238069.0,-1.224897,-1.059517,SDN,NLD,7436
2270029,191,162,1255,2013.0,0.0,133216.0,-0.566624,-0.185277,SEN,NLD,7436
2270030,192,162,1255,2013.0,1359266.0,11928908.0,1.844685,0.639379,SGP,NLD,7436
2270031,195,162,1255,2013.0,0.0,18862.0,-1.092566,-0.7936310000000001,SLB,NLD,7436
2270032,196,162,1255,2013.0,0.0,4307.0,-0.42937700000000006,-0.529857,SLE,NLD,7436
2270033,197,162,1255,2013.0,0.0,35435.0,0.104046,0.46966,SLV,NLD,7436
2270034,198,162,1255,2013.0,8146.0,0.0,1.065274,0.783734,SMR,NLD,7436
2270035,201,162,1255,2013.0,115794.0,312907.0,0.609755,1.355304,SRB,NLD,7436
2270036,202,162,1255,2013.0,0.0,32697.0,-2.285908,-0.696735,SSD,NLD,7436
2270037,205,162,1255,2013.0,19070.0,1553369.0,-0.25729,-0.651541,SUR,NLD,7436
2270038,206,162,1255,2013.0,9126774.0,729385.0,1.510052,0.7060310000000001,SVK,NLD,7436
2270039,207,162,1255,2013.0,925821.0,1402744.0,1.55922,0.565874,SVN,NLD,7436
2270040,208,162,1255,2013.0,10897324.0,17610154.0,1.7851290000000002,0.182623,SWE,NLD,7436
2270041,210,162,1255,2013.0,0.0,61675.0,0.619185,-0.36438200000000004,SXM,NLD,7436
2270042,211,162,1255,2013.0,0.0,50828.0,0.06901,-0.438229,SYC,NLD,7436
2270043,213,162,1255,2013.0,0.0,10969.0,0.6284609999999999,0.142692,TCA,NLD,7436
2270044,214,162,1255,2013.0,0.0,18968.0,-2.89356,-0.879919,TCD,NLD,7436
2270045,215,162,1255,2013.0,0.0,28806.0,-0.532095,-0.434276,TGO,NLD,7436
2270046,216,162,1255,2013.0,3176118.0,4250162.0,1.067287,1.2767110000000002,THA,NLD,7436
2270047,217,162,1255,2013.0,0.0,2477.0,-1.117246,-1.1638600000000001,TJK,NLD,7436
2270048,219,162,1255,2013.0,0.0,883839.0,-1.174981,-1.14869,TKM,NLD,7436
2270049,220,162,1255,2013.0,0.0,1771.0,-0.5989939999999999,-0.649891,TLS,NLD,7436
2270050,222,162,1255,2013.0,7352.0,319763.0,-0.399437,-1.047864,TTO,NLD,7436
2270051,223,162,1255,2013.0,0.0,778695.0,0.40154,0.902177,TUN,NLD,7436
2270052,224,162,1255,2013.0,2525110.0,12870751.0,0.580016,2.394812,TUR,NLD,7436
2270053,226,162,1255,2013.0,2022.0,548531.0,-0.654655,0.903574,TZA,NLD,7436
2270054,227,162,1255,2013.0,0.0,23132.0,-0.46170100000000003,0.652878,UGA,NLD,7436
2270055,228,162,1255,2013.0,11698.0,1247232.0,0.535571,1.026263,UKR,NLD,7436
2270056,230,162,1255,2013.0,2535.0,173031.0,0.128825,0.02334,URY,NLD,7436
2270057,231,162,1255,2013.0,78937296.0,53882860.0,1.612058,-0.8592989999999999,USA,NLD,7436
2270058,232,162,1255,2013.0,0.0,13804.0,-0.7076319999999999,-0.645674,UZB,NLD,7436
2270059,234,162,1255,2013.0,0.0,9766.0,0.39042899999999997,-0.042089,VCT,NLD,7436
2270060,236,162,1255,2013.0,0.0,900446.0,-1.281202,-1.094268,VEN,NLD,7436
2270061,239,162,1255,2013.0,0.0,1091505.0,0.009264,1.182368,VNM,NLD,7436
2270062,243,162,1255,2013.0,0.0,57845.0,-1.2788700000000002,-1.230713,YEM,NLD,7436
2270063,246,162,1255,2013.0,63123108.0,6003936.0,0.11624100000000001,1.574591,ZAF,NLD,7436
2270064,247,162,1255,2013.0,42296.0,82447.0,-0.293192,-0.42930100000000004,ZMB,NLD,7436
2270065,248,162,1255,2013.0,0.0,18831.0,-0.841968,-0.898121,ZWE,NLD,7436
2270066,249,162,1255,2013.0,764651.0,5019196.0,1.7382849999999999,0.9917739999999999,TWN,NLD,7436
2270067,250,162,1255,2013.0,34585.0,2934194.0,0.583151,0.14238299999999998,ANS,NLD,7436
2270068,2,163,1255,2013.0,0.0,111529.0,-1.240877,-1.073797,AGO,NOR,7436
2270069,7,163,1255,2013.0,426958.0,4326494.0,-0.338417,-0.754102,ARE,NOR,7436
2270070,8,163,1255,2013.0,25814.0,1164.0,0.042829,0.461002,ARG,NOR,7436
2270071,14,163,1255,2013.0,31460.0,664602.0,-0.63369,-0.276328,AUS,NOR,7436
2270072,15,163,1255,2013.0,1459572.0,450910.0,1.855434,-1.06494,AUT,NOR,7436
2270073,16,163,1255,2013.0,0.0,1010163.0,-1.319766,-1.200648,AZE,NOR,7436
2270074,18,163,1255,2013.0,10431122.0,785548.0,1.198491,1.117268,BEL,NOR,7436
2270075,19,163,1255,2013.0,0.0,2665.0,-0.924213,-0.8181390000000001,BEN,NOR,7436
2270076,21,163,1255,2013.0,0.0,17539.0,-0.7231029999999999,-0.736291,BFA,NOR,7436
2270077,22,163,1255,2013.0,0.0,279993.0,-0.835666,-0.8088810000000001,BGD,NOR,7436
2270078,23,163,1255,2013.0,78125.0,0.0,0.622325,1.5506229999999999,BGR,NOR,7436
2270079,24,163,1255,2013.0,0.0,2783.0,0.080634,-0.6828890000000001,BHR,NOR,7436
2270080,25,163,1255,2013.0,0.0,32082.0,0.496435,-0.324394,BHS,NOR,7436
2270081,26,163,1255,2013.0,48936.0,0.0,0.723658,0.9271879999999999,BIH,NOR,7436
2270082,28,163,1255,2013.0,1638.0,0.0,1.183522,0.934159,BLR,NOR,7436
2270083,30,163,1255,2013.0,0.0,2281.0,1.020753,-0.10180399999999999,BMU,NOR,7436
2270084,32,163,1255,2013.0,89980.0,730294.0,0.2804,0.649729,BRA,NOR,7436
2270085,39,163,1255,2013.0,291829.0,441104.0,0.599305,1.193591,CAN,NOR,7436
2270086,41,163,1255,2013.0,1449961.0,11605.0,2.0899229999999998,0.661667,CHE,NOR,7436
2270087,42,163,1255,2013.0,40025.0,169824.0,-0.184556,-0.238657,CHL,NOR,7436
2270088,43,163,1255,2013.0,1655775.0,14693355.0,1.24864,0.667713,CHN,NOR,7436
2270089,44,163,1255,2013.0,0.0,12427.0,-1.0025870000000001,-0.901658,CIV,NOR,7436
2270090,45,163,1255,2013.0,0.0,1428.0,-0.93575,-1.003851,CMR,NOR,7436
2270091,46,163,1255,2013.0,0.0,22825.0,-1.450075,-1.115916,COD,NOR,7436
2270092,47,163,1255,2013.0,17147.0,27862.0,-1.478461,-1.094509,COG,NOR,7436
2270093,49,163,1255,2013.0,0.0,71867.0,0.034491,-0.36975,COL,NOR,7436
2270094,54,163,1255,2013.0,0.0,7218.0,-0.31053400000000003,-0.8534280000000001,CUB,NOR,7436
2270095,57,163,1255,2013.0,0.0,5228.0,0.379754,-0.510024,CYM,NOR,7436
2270096,58,163,1255,2013.0,197813.0,1101.0,0.36482800000000004,0.527544,CYP,NOR,7436
2270097,59,163,1255,2013.0,1330052.0,368195.0,1.829509,-0.41787700000000005,CZE,NOR,7436
2270098,61,163,1255,2013.0,42951664.0,1298025.0,2.1086869999999998,-3.7092,DEU,NOR,7436
2270099,64,163,1255,2013.0,7261400.0,1488842.0,1.190302,1.062991,DNK,NOR,7436
2270100,65,163,1255,2013.0,38754.0,1985.0,-0.272579,0.42750699999999997,DOM,NOR,7436
2270101,66,163,1255,2013.0,0.0,19943.0,-1.53603,-1.104965,DZA,NOR,7436
2270102,68,163,1255,2013.0,0.0,6046.0,-0.12015799999999999,1.793363,EGY,NOR,7436
2270103,71,163,1255,2013.0,168084.0,91287.0,0.955472,1.80005,ESP,NOR,7436
2270104,72,163,1255,2013.0,992119.0,65233.0,0.923321,1.290016,EST,NOR,7436
2270105,74,163,1255,2013.0,6128938.0,806112.0,1.700282,0.867677,FIN,NOR,7436
2270106,77,163,1255,2013.0,6528528.0,561968.0,1.5253299999999999,0.026146,FRA,NOR,7436
2270107,78,163,1255,2013.0,216011.0,39125.0,-1.059294,-0.799578,FRO,NOR,7436
2270108,81,163,1255,2013.0,19923478.0,2709648.0,1.628465,0.77075,GBR,NOR,7436
2270109,83,163,1255,2013.0,0.0,51340.0,-0.696971,-0.5807939999999999,GHA,NOR,7436
2270110,84,163,1255,2013.0,0.0,9871.0,0.348423,-0.521683,GIB,NOR,7436
2270111,90,163,1255,2013.0,0.0,11535.0,0.073442,0.9857899999999999,GRC,NOR,7436
2270112,92,163,1255,2013.0,0.0,7596.0,-1.119616,-0.802964,GRL,NOR,7436
2270113,97,163,1255,2013.0,129194.0,1422853.0,0.791401,1.249845,HKG,NOR,7436
2270114,100,163,1255,2013.0,9054.0,3710.0,0.8737309999999999,1.276091,HRV,NOR,7436
2270115,102,163,1255,2013.0,477671.0,218548.0,1.6962560000000002,0.45460600000000007,HUN,NOR,7436
2270116,103,163,1255,2013.0,29088.0,568447.0,-0.006876999999999999,1.8336569999999999,IDN,NOR,7436
2270117,104,163,1255,2013.0,116191.0,162714.0,0.18186,2.647598,IND,NOR,7436
2270118,106,163,1255,2013.0,141897.0,198762.0,1.32787,0.394579,IRL,NOR,7436
2270119,109,163,1255,2013.0,27238.0,612513.0,0.284089,-0.164097,ISL,NOR,7436
2270120,110,163,1255,2013.0,818958.0,144932.0,1.0247629999999999,0.8261639999999999,ISR,NOR,7436
2270121,111,163,1255,2013.0,5372472.0,50155.0,1.419383,-0.304402,ITA,NOR,7436
2270122,114,163,1255,2013.0,1512036.0,2509699.0,2.333417,-0.818701,JPN,NOR,7436
2270123,115,163,1255,2013.0,0.0,69250.0,-0.9193819999999999,-0.734194,KAZ,NOR,7436
2270124,121,163,1255,2013.0,533946.0,27691266.0,1.817145,0.835414,KOR,NOR,7436
2270125,122,163,1255,2013.0,0.0,45029.0,-1.198985,-1.057248,KWT,NOR,7436
2270126,124,163,1255,2013.0,0.0,42715.0,0.37392800000000004,1.413136,LBN,NOR,7436
2270127,125,163,1255,2013.0,0.0,87824.0,-0.8343229999999999,-0.992129,LBR,NOR,7436
2270128,128,163,1255,2013.0,0.0,4994.0,-0.320583,0.44462399999999996,LKA,NOR,7436
2270129,130,163,1255,2013.0,351772.0,7413.0,0.677986,1.29227,LTU,NOR,7436
2270130,131,163,1255,2013.0,1469160.0,318472.0,1.0110190000000001,1.123226,LUX,NOR,7436
2270131,132,163,1255,2013.0,701251.0,6433.0,0.652463,1.299917,LVA,NOR,7436
2270132,134,163,1255,2013.0,0.0,14493.0,-0.474872,0.178118,MAR,NOR,7436
2270133,136,163,1255,2013.0,0.0,3450.0,-0.786091,-0.611478,MDG,NOR,7436
2270134,138,163,1255,2013.0,552731.0,54552.0,1.2327219999999999,0.746108,MEX,NOR,7436
2270135,139,163,1255,2013.0,0.0,39321.0,-0.9199700000000001,-0.776832,MHL,NOR,7436
2270136,142,163,1255,2013.0,0.0,6324.0,0.710108,-0.014586000000000002,MLT,NOR,7436
2270137,143,163,1255,2013.0,0.0,8106.0,-1.147086,-0.6888989999999999,MMR,NOR,7436
2270138,151,163,1255,2013.0,18495.0,0.0,-0.092312,0.050927,MUS,NOR,7436
2270139,153,163,1255,2013.0,393636.0,74359.0,0.924532,0.671334,MYS,NOR,7436
2270140,155,163,1255,2013.0,0.0,3136.0,-0.316805,-0.38759099999999996,NAM,NOR,7436
2270141,156,163,1255,2013.0,0.0,32218.0,-0.262882,-0.63858,NCL,NOR,7436
2270142,159,163,1255,2013.0,1513.0,2647082.0,-1.679402,-1.14686,NGA,NOR,7436
2270143,160,163,1255,2013.0,4775.0,0.0,-0.7956479999999999,-0.596061,NIC,NOR,7436
2270144,162,163,1255,2013.0,13702258.0,3020633.0,1.012006,1.441545,NLD,NOR,7436
2270145,166,163,1255,2013.0,1179.0,34721.0,0.192237,0.429825,NZL,NOR,7436
2270146,168,163,1255,2013.0,2099.0,0.0,-0.697224,0.501576,PAK,NOR,7436
2270147,169,163,1255,2013.0,4888.0,83256.0,0.8719819999999999,1.038982,PAN,NOR,7436
2270148,173,163,1255,2013.0,0.0,258938.0,-0.640044,0.121772,PER,NOR,7436
2270149,174,163,1255,2013.0,209020.0,0.0,0.639083,0.45816899999999994,PHL,NOR,7436
2270150,177,163,1255,2013.0,2051912.0,2130909.0,1.11341,0.975734,POL,NOR,7436
2270151,179,163,1255,2013.0,25720.0,88707.0,0.705087,2.2055580000000004,PRT,NOR,7436
2270152,180,163,1255,2013.0,0.0,119240.0,-0.560661,-0.822876,PRY,NOR,7436
2270153,183,163,1255,2013.0,2950.0,462272.0,-0.583609,-1.003754,QAT,NOR,7436
2270154,185,163,1255,2013.0,41230.0,1771848.0,1.05722,1.0968799999999999,ROU,NOR,7436
2270155,186,163,1255,2013.0,9738.0,531219.0,-0.08233,-0.267781,RUS,NOR,7436
2270156,188,163,1255,2013.0,6664.0,352095.0,-0.14823599999999998,-0.883965,SAU,NOR,7436
2270157,192,163,1255,2013.0,180563.0,902275.0,1.844685,0.639379,SGP,NOR,7436
2270158,196,163,1255,2013.0,0.0,2712.0,-0.42937700000000006,-0.529857,SLE,NOR,7436
2270159,206,163,1255,2013.0,967867.0,90277.0,1.510052,0.7060310000000001,SVK,NOR,7436
2270160,207,163,1255,2013.0,54415.0,11117.0,1.55922,0.565874,SVN,NOR,7436
2270161,208,163,1255,2013.0,33709204.0,3883370.0,1.7851290000000002,0.182623,SWE,NOR,7436
2270162,212,163,1255,2013.0,0.0,216619.0,-0.09157699999999999,1.1795950000000002,SYR,NOR,7436
2270163,215,163,1255,2013.0,0.0,6503.0,-0.532095,-0.434276,TGO,NOR,7436
2270164,216,163,1255,2013.0,463750.0,11016.0,1.067287,1.2767110000000002,THA,NOR,7436
2270165,219,163,1255,2013.0,0.0,195828.0,-1.174981,-1.14869,TKM,NOR,7436
2270166,222,163,1255,2013.0,1388.0,10080.0,-0.399437,-1.047864,TTO,NOR,7436
2270167,223,163,1255,2013.0,26707.0,0.0,0.40154,0.902177,TUN,NOR,7436
2270168,224,163,1255,2013.0,37789.0,1208834.0,0.580016,2.394812,TUR,NOR,7436
2270169,226,163,1255,2013.0,0.0,21028.0,-0.654655,0.903574,TZA,NOR,7436
2270170,228,163,1255,2013.0,10170.0,884970.0,0.535571,1.026263,UKR,NOR,7436
2270171,230,163,1255,2013.0,0.0,14602.0,0.128825,0.02334,URY,NOR,7436
2270172,231,163,1255,2013.0,13088619.0,5224798.0,1.612058,-0.8592989999999999,USA,NOR,7436
2270173,236,163,1255,2013.0,0.0,691635.0,-1.281202,-1.094268,VEN,NOR,7436
2270174,239,163,1255,2013.0,5074.0,1467605.0,0.009264,1.182368,VNM,NOR,7436
2270175,246,163,1255,2013.0,178343.0,17691.0,0.11624100000000001,1.574591,ZAF,NOR,7436
2270176,249,163,1255,2013.0,112024.0,40896.0,1.7382849999999999,0.9917739999999999,TWN,NOR,7436
2270177,250,163,1255,2013.0,0.0,3754.0,0.583151,0.14238299999999998,ANS,NOR,7436
2270178,7,166,1255,2013.0,17887.0,90303.0,-0.338417,-0.754102,ARE,NZL,7436
2270179,8,166,1255,2013.0,7605.0,5887.0,0.042829,0.461002,ARG,NZL,7436
2270180,10,166,1255,2013.0,0.0,27333.0,0.5701109999999999,-0.113648,ASM,NZL,7436
2270181,14,166,1255,2013.0,17527902.0,6478718.0,-0.63369,-0.276328,AUS,NZL,7436
2270182,15,166,1255,2013.0,548806.0,1141.0,1.855434,-1.06494,AUT,NZL,7436
2270183,16,166,1255,2013.0,0.0,3605.0,-1.319766,-1.200648,AZE,NZL,7436
2270184,18,166,1255,2013.0,734640.0,0.0,1.198491,1.117268,BEL,NZL,7436
2270185,23,166,1255,2013.0,50235.0,0.0,0.622325,1.5506229999999999,BGR,NZL,7436
2270186,26,166,1255,2013.0,6572.0,0.0,0.723658,0.9271879999999999,BIH,NZL,7436
2270187,32,166,1255,2013.0,74634.0,67638.0,0.2804,0.649729,BRA,NZL,7436
2270188,39,166,1255,2013.0,2092818.0,287728.0,0.599305,1.193591,CAN,NZL,7436
2270189,41,166,1255,2013.0,350254.0,2825.0,2.0899229999999998,0.661667,CHE,NZL,7436
2270190,42,166,1255,2013.0,247534.0,62533.0,-0.184556,-0.238657,CHL,NZL,7436
2270191,43,166,1255,2013.0,3534076.0,100245.0,1.24864,0.667713,CHN,NZL,7436
2270192,45,166,1255,2013.0,0.0,2560.0,-0.93575,-1.003851,CMR,NZL,7436
2270193,48,166,1255,2013.0,0.0,155861.0,0.630868,-0.151265,COK,NZL,7436
2270194,52,166,1255,2013.0,1812.0,0.0,0.208669,-0.54783,CRI,NZL,7436
2270195,58,166,1255,2013.0,1552.0,0.0,0.36482800000000004,0.527544,CYP,NZL,7436
2270196,59,166,1255,2013.0,940136.0,3870.0,1.829509,-0.41787700000000005,CZE,NZL,7436
2270197,61,166,1255,2013.0,10243401.0,56390.0,2.1086869999999998,-3.7092,DEU,NZL,7436
2270198,64,166,1255,2013.0,737672.0,5324.0,1.190302,1.062991,DNK,NZL,7436
2270199,65,166,1255,2013.0,0.0,165063.0,-0.272579,0.42750699999999997,DOM,NZL,7436
2270200,67,166,1255,2013.0,0.0,1268.0,-0.8251790000000001,-0.9347200000000001,ECU,NZL,7436
2270201,71,166,1255,2013.0,346372.0,5443.0,0.955472,1.80005,ESP,NZL,7436
2270202,72,166,1255,2013.0,28949.0,0.0,0.923321,1.290016,EST,NZL,7436
2270203,74,166,1255,2013.0,231636.0,0.0,1.700282,0.867677,FIN,NZL,7436
2270204,75,166,1255,2013.0,0.0,460216.0,-0.374639,-0.140308,FJI,NZL,7436
2270205,77,166,1255,2013.0,1090393.0,53958.0,1.5253299999999999,0.026146,FRA,NZL,7436
2270206,81,166,1255,2013.0,1865075.0,322738.0,1.628465,0.77075,GBR,NZL,7436
2270207,82,166,1255,2013.0,4022.0,0.0,-0.08343099999999999,-0.359692,GEO,NZL,7436
2270208,83,166,1255,2013.0,0.0,124876.0,-0.696971,-0.5807939999999999,GHA,NZL,7436
2270209,85,166,1255,2013.0,2825.0,0.0,-1.281072,-1.027585,GIN,NZL,7436
2270210,95,166,1255,2013.0,0.0,1556.0,0.425936,-0.069886,GUM,NZL,7436
2270211,97,166,1255,2013.0,83274.0,127665.0,0.791401,1.249845,HKG,NZL,7436
2270212,102,166,1255,2013.0,497838.0,0.0,1.6962560000000002,0.45460600000000007,HUN,NZL,7436
2270213,103,166,1255,2013.0,1749759.0,16547.0,-0.006876999999999999,1.8336569999999999,IDN,NZL,7436
2270214,104,166,1255,2013.0,130914.0,17361.0,0.18186,2.647598,IND,NZL,7436
2270215,106,166,1255,2013.0,77917.0,0.0,1.32787,0.394579,IRL,NZL,7436
2270216,109,166,1255,2013.0,2136.0,0.0,0.284089,-0.164097,ISL,NZL,7436
2270217,110,166,1255,2013.0,454998.0,2050.0,1.0247629999999999,0.8261639999999999,ISR,NZL,7436
2270218,111,166,1255,2013.0,1533306.0,12613.0,1.419383,-0.304402,ITA,NZL,7436
2270219,114,166,1255,2013.0,2649706.0,21602.0,2.333417,-0.818701,JPN,NZL,7436
2270220,119,166,1255,2013.0,0.0,19847.0,-0.556555,-0.71082,KIR,NZL,7436
2270221,121,166,1255,2013.0,631567.0,21292.0,1.817145,0.835414,KOR,NZL,7436
2270222,122,166,1255,2013.0,0.0,4899.0,-1.198985,-1.057248,KWT,NZL,7436
2270223,124,166,1255,2013.0,0.0,1232.0,0.37392800000000004,1.413136,LBN,NZL,7436
2270224,126,166,1255,2013.0,0.0,1492.0,-1.871593,-1.1211790000000001,LBY,NZL,7436
2270225,130,166,1255,2013.0,8344.0,0.0,0.677986,1.29227,LTU,NZL,7436
2270226,131,166,1255,2013.0,4604.0,0.0,1.0110190000000001,1.123226,LUX,NZL,7436
2270227,138,166,1255,2013.0,1102822.0,253313.0,1.2327219999999999,0.746108,MEX,NZL,7436
2270228,139,166,1255,2013.0,0.0,2737.0,-0.9199700000000001,-0.776832,MHL,NZL,7436
2270229,140,166,1255,2013.0,1408.0,0.0,-0.127775,0.21915900000000002,MKD,NZL,7436
2270230,145,166,1255,2013.0,0.0,13608.0,-1.264785,-1.133222,MNG,NZL,7436
2270231,151,166,1255,2013.0,0.0,1531.0,-0.092312,0.050927,MUS,NZL,7436
2270232,153,166,1255,2013.0,1163489.0,133013.0,0.924532,0.671334,MYS,NZL,7436
2270233,155,166,1255,2013.0,0.0,1045.0,-0.316805,-0.38759099999999996,NAM,NZL,7436
2270234,156,166,1255,2013.0,0.0,74895.0,-0.262882,-0.63858,NCL,NZL,7436
2270235,158,166,1255,2013.0,0.0,8494.0,1.23336,0.204111,NFK,NZL,7436
2270236,160,166,1255,2013.0,0.0,2600.0,-0.7956479999999999,-0.596061,NIC,NZL,7436
2270237,161,166,1255,2013.0,0.0,11478.0,1.970706,0.6028560000000001,NIU,NZL,7436
2270238,162,166,1255,2013.0,831457.0,124993.0,1.012006,1.441545,NLD,NZL,7436
2270239,163,166,1255,2013.0,34721.0,1179.0,0.710901,0.062705,NOR,NZL,7436
2270240,164,166,1255,2013.0,0.0,6441.0,-0.08623,0.5143939999999999,NPL,NZL,7436
2270241,168,166,1255,2013.0,0.0,4341.0,-0.697224,0.501576,PAK,NZL,7436
2270242,173,166,1255,2013.0,0.0,1200.0,-0.640044,0.121772,PER,NZL,7436
2270243,174,166,1255,2013.0,78868.0,23479.0,0.639083,0.45816899999999994,PHL,NZL,7436
2270244,176,166,1255,2013.0,0.0,137891.0,-1.508233,-1.163478,PNG,NZL,7436
2270245,177,166,1255,2013.0,123659.0,0.0,1.11341,0.975734,POL,NZL,7436
2270246,179,166,1255,2013.0,20526.0,0.0,0.705087,2.2055580000000004,PRT,NZL,7436
2270247,182,166,1255,2013.0,2023.0,68053.0,-0.118172,-0.620256,PYF,NZL,7436
2270248,183,166,1255,2013.0,0.0,1170.0,-0.583609,-1.003754,QAT,NZL,7436
2270249,185,166,1255,2013.0,7893.0,0.0,1.05722,1.0968799999999999,ROU,NZL,7436
2270250,186,166,1255,2013.0,39512.0,15135.0,-0.08233,-0.267781,RUS,NZL,7436
2270251,188,166,1255,2013.0,7063.0,4630.0,-0.14823599999999998,-0.883965,SAU,NZL,7436
2270252,192,166,1255,2013.0,2488786.0,214929.0,1.844685,0.639379,SGP,NZL,7436
2270253,195,166,1255,2013.0,0.0,5958.0,-1.092566,-0.7936310000000001,SLB,NZL,7436
2270254,196,166,1255,2013.0,3189.0,0.0,-0.42937700000000006,-0.529857,SLE,NZL,7436
2270255,206,166,1255,2013.0,39077.0,0.0,1.510052,0.7060310000000001,SVK,NZL,7436
2270256,207,166,1255,2013.0,24927.0,0.0,1.55922,0.565874,SVN,NZL,7436
2270257,208,166,1255,2013.0,838676.0,26462.0,1.7851290000000002,0.182623,SWE,NZL,7436
2270258,216,166,1255,2013.0,703749.0,150160.0,1.067287,1.2767110000000002,THA,NZL,7436
2270259,218,166,1255,2013.0,0.0,9559.0,0.741701,0.44271400000000005,TKL,NZL,7436
2270260,221,166,1255,2013.0,0.0,77836.0,0.31217399999999995,-0.21186,TON,NZL,7436
2270261,222,166,1255,2013.0,1115.0,0.0,-0.399437,-1.047864,TTO,NZL,7436
2270262,223,166,1255,2013.0,24084.0,0.0,0.40154,0.902177,TUN,NZL,7436
2270263,224,166,1255,2013.0,71194.0,8929.0,0.580016,2.394812,TUR,NZL,7436
2270264,225,166,1255,2013.0,0.0,3767.0,0.05218099999999999,-0.524861,TUV,NZL,7436
2270265,228,166,1255,2013.0,1614.0,0.0,0.535571,1.026263,UKR,NZL,7436
2270266,231,166,1255,2013.0,10455380.0,3942051.0,1.612058,-0.8592989999999999,USA,NZL,7436
2270267,236,166,1255,2013.0,0.0,2260.0,-1.281202,-1.094268,VEN,NZL,7436
2270268,239,166,1255,2013.0,69384.0,25169.0,0.009264,1.182368,VNM,NZL,7436
2270269,240,166,1255,2013.0,0.0,30704.0,-0.43518999999999997,-0.6206010000000001,VUT,NZL,7436
2270270,242,166,1255,2013.0,0.0,211977.0,0.877785,0.277918,WSM,NZL,7436
2270271,246,166,1255,2013.0,289058.0,73271.0,0.11624100000000001,1.574591,ZAF,NZL,7436
2270272,249,166,1255,2013.0,304287.0,1927.0,1.7382849999999999,0.9917739999999999,TWN,NZL,7436
2270273,0,169,1255,2013.0,0.0,11747.0,0.598533,0.032199,ABW,PAN,7436
2270274,2,169,1255,2013.0,0.0,92541.0,-1.240877,-1.073797,AGO,PAN,7436
2270275,8,169,1255,2013.0,33434.0,4304.0,0.042829,0.461002,ARG,PAN,7436
2270276,14,169,1255,2013.0,20298.0,0.0,-0.63369,-0.276328,AUS,PAN,7436
2270277,15,169,1255,2013.0,11523.0,0.0,1.855434,-1.06494,AUT,PAN,7436
2270278,16,169,1255,2013.0,0.0,5349370.0,-1.319766,-1.200648,AZE,PAN,7436
2270279,18,169,1255,2013.0,351976.0,176431.0,1.198491,1.117268,BEL,PAN,7436
2270280,25,169,1255,2013.0,0.0,12748.0,0.496435,-0.324394,BHS,PAN,7436
2270281,29,169,1255,2013.0,0.0,11129.0,-0.459154,-0.465912,BLZ,PAN,7436
2270282,31,169,1255,2013.0,0.0,6429.0,-1.1429610000000001,-1.0076120000000002,BOL,PAN,7436
2270283,32,169,1255,2013.0,1511271.0,0.0,0.2804,0.649729,BRA,PAN,7436
2270284,39,169,1255,2013.0,7504142.0,0.0,0.599305,1.193591,CAN,PAN,7436
2270285,41,169,1255,2013.0,453231.0,0.0,2.0899229999999998,0.661667,CHE,PAN,7436
2270286,42,169,1255,2013.0,24285.0,23537.0,-0.184556,-0.238657,CHL,PAN,7436
2270287,43,169,1255,2013.0,3614860.0,0.0,1.24864,0.667713,CHN,PAN,7436
2270288,49,169,1255,2013.0,1046974.0,33639.0,0.034491,-0.36975,COL,PAN,7436
2270289,52,169,1255,2013.0,60142.0,160132.0,0.208669,-0.54783,CRI,PAN,7436
2270290,54,169,1255,2013.0,0.0,100311.0,-0.31053400000000003,-0.8534280000000001,CUB,PAN,7436
2270291,55,169,1255,2013.0,0.0,29195.0,-0.145402,-0.556962,CUW,PAN,7436
2270292,59,169,1255,2013.0,9198.0,0.0,1.829509,-0.41787700000000005,CZE,PAN,7436
2270293,61,169,1255,2013.0,2389260.0,0.0,2.1086869999999998,-3.7092,DEU,PAN,7436
2270294,64,169,1255,2013.0,47278.0,0.0,1.190302,1.062991,DNK,PAN,7436
2270295,65,169,1255,2013.0,13844.0,74185.0,-0.272579,0.42750699999999997,DOM,PAN,7436
2270296,67,169,1255,2013.0,0.0,44594.0,-0.8251790000000001,-0.9347200000000001,ECU,PAN,7436
2270297,71,169,1255,2013.0,1106181.0,1347.0,0.955472,1.80005,ESP,PAN,7436
2270298,72,169,1255,2013.0,2009.0,0.0,0.923321,1.290016,EST,PAN,7436
2270299,74,169,1255,2013.0,1280.0,0.0,1.700282,0.867677,FIN,PAN,7436
2270300,77,169,1255,2013.0,75852.0,0.0,1.5253299999999999,0.026146,FRA,PAN,7436
2270301,81,169,1255,2013.0,846907.0,0.0,1.628465,0.77075,GBR,PAN,7436
2270302,90,169,1255,2013.0,0.0,3686.0,0.073442,0.9857899999999999,GRC,PAN,7436
2270303,93,169,1255,2013.0,233902.0,906797.0,-0.220165,0.661111,GTM,PAN,7436
2270304,96,169,1255,2013.0,0.0,8136.0,-0.90241,-0.957449,GUY,PAN,7436
2270305,97,169,1255,2013.0,165629.0,0.0,0.791401,1.249845,HKG,PAN,7436
2270306,99,169,1255,2013.0,0.0,143539.0,-0.6661060000000001,-0.38619699999999996,HND,PAN,7436
2270307,101,169,1255,2013.0,0.0,14373.0,-0.627783,-0.8605309999999999,HTI,PAN,7436
2270308,103,169,1255,2013.0,217681.0,4158.0,-0.006876999999999999,1.8336569999999999,IDN,PAN,7436
2270309,104,169,1255,2013.0,5100.0,0.0,0.18186,2.647598,IND,PAN,7436
2270310,110,169,1255,2013.0,91621.0,0.0,1.0247629999999999,0.8261639999999999,ISR,PAN,7436
2270311,111,169,1255,2013.0,1483312.0,59376.0,1.419383,-0.304402,ITA,PAN,7436
2270312,112,169,1255,2013.0,2923.0,66747.0,-0.364044,-0.744733,JAM,PAN,7436
2270313,114,169,1255,2013.0,1522356.0,0.0,2.333417,-0.818701,JPN,PAN,7436
2270314,121,169,1255,2013.0,2320461.0,0.0,1.817145,0.835414,KOR,PAN,7436
2270315,130,169,1255,2013.0,24729.0,0.0,0.677986,1.29227,LTU,PAN,7436
2270316,138,169,1255,2013.0,1597215.0,0.0,1.2327219999999999,0.746108,MEX,PAN,7436
2270317,153,169,1255,2013.0,20742.0,0.0,0.924532,0.671334,MYS,PAN,7436
2270318,155,169,1255,2013.0,3243.0,0.0,-0.316805,-0.38759099999999996,NAM,PAN,7436
2270319,160,169,1255,2013.0,3096.0,50262.0,-0.7956479999999999,-0.596061,NIC,PAN,7436
2270320,162,169,1255,2013.0,180758.0,0.0,1.012006,1.441545,NLD,PAN,7436
2270321,163,169,1255,2013.0,83256.0,4888.0,0.710901,0.062705,NOR,PAN,7436
2270322,173,169,1255,2013.0,25042.0,5190.0,-0.640044,0.121772,PER,PAN,7436
2270323,177,169,1255,2013.0,1051.0,0.0,1.11341,0.975734,POL,PAN,7436
2270324,180,169,1255,2013.0,0.0,12444.0,-0.560661,-0.822876,PRY,PAN,7436
2270325,192,169,1255,2013.0,67527.0,0.0,1.844685,0.639379,SGP,PAN,7436
2270326,197,169,1255,2013.0,6062.0,52499.0,0.104046,0.46966,SLV,PAN,7436
2270327,205,169,1255,2013.0,0.0,4695.0,-0.25729,-0.651541,SUR,PAN,7436
2270328,208,169,1255,2013.0,116882.0,0.0,1.7851290000000002,0.182623,SWE,PAN,7436
2270329,216,169,1255,2013.0,49950.0,0.0,1.067287,1.2767110000000002,THA,PAN,7436
2270330,222,169,1255,2013.0,1211.0,92337.0,-0.399437,-1.047864,TTO,PAN,7436
2270331,224,169,1255,2013.0,8073.0,0.0,0.580016,2.394812,TUR,PAN,7436
2270332,228,169,1255,2013.0,15231.0,3656.0,0.535571,1.026263,UKR,PAN,7436
2270333,231,169,1255,2013.0,16122857.0,34951.0,1.612058,-0.8592989999999999,USA,PAN,7436
2270334,236,169,1255,2013.0,22716.0,3000195.0,-1.281202,-1.094268,VEN,PAN,7436
2270335,239,169,1255,2013.0,31688.0,0.0,0.009264,1.182368,VNM,PAN,7436
2270336,246,169,1255,2013.0,24091.0,0.0,0.11624100000000001,1.574591,ZAF,PAN,7436
2270337,249,169,1255,2013.0,153918.0,0.0,1.7382849999999999,0.9917739999999999,TWN,PAN,7436
2270338,250,169,1255,2013.0,40176.0,817147.0,0.583151,0.14238299999999998,ANS,PAN,7436
2270339,8,173,1255,2013.0,3218220.0,75277.0,0.042829,0.461002,ARG,PER,7436
2270340,14,173,1255,2013.0,19620.0,0.0,-0.63369,-0.276328,AUS,PER,7436
2270341,15,173,1255,2013.0,2303971.0,0.0,1.855434,-1.06494,AUT,PER,7436
2270342,18,173,1255,2013.0,4812190.0,5703.0,1.198491,1.117268,BEL,PER,7436
2270343,21,173,1255,2013.0,0.0,2002.0,-0.7231029999999999,-0.736291,BFA,PER,7436
2270344,23,173,1255,2013.0,259613.0,0.0,0.622325,1.5506229999999999,BGR,PER,7436
2270345,26,173,1255,2013.0,21959.0,0.0,0.723658,0.9271879999999999,BIH,PER,7436
2270346,31,173,1255,2013.0,0.0,647196.0,-1.1429610000000001,-1.0076120000000002,BOL,PER,7436
2270347,32,173,1255,2013.0,8103004.0,60349.0,0.2804,0.649729,BRA,PER,7436
2270348,39,173,1255,2013.0,6291384.0,6269.0,0.599305,1.193591,CAN,PER,7436
2270349,41,173,1255,2013.0,176590.0,29250.0,2.0899229999999998,0.661667,CHE,PER,7436
2270350,42,173,1255,2013.0,5373340.0,89037.0,-0.184556,-0.238657,CHL,PER,7436
2270351,43,173,1255,2013.0,8635032.0,0.0,1.24864,0.667713,CHN,PER,7436
2270352,49,173,1255,2013.0,923179.0,54717.0,0.034491,-0.36975,COL,PER,7436
2270353,52,173,1255,2013.0,10655.0,8634.0,0.208669,-0.54783,CRI,PER,7436
2270354,54,173,1255,2013.0,0.0,3024.0,-0.31053400000000003,-0.8534280000000001,CUB,PER,7436
2270355,59,173,1255,2013.0,1164178.0,0.0,1.829509,-0.41787700000000005,CZE,PER,7436
2270356,61,173,1255,2013.0,11202435.0,10037.0,2.1086869999999998,-3.7092,DEU,PER,7436
2270357,64,173,1255,2013.0,302333.0,0.0,1.190302,1.062991,DNK,PER,7436
2270358,65,173,1255,2013.0,0.0,14049.0,-0.272579,0.42750699999999997,DOM,PER,7436
2270359,67,173,1255,2013.0,189167.0,617766.0,-0.8251790000000001,-0.9347200000000001,ECU,PER,7436
2270360,68,173,1255,2013.0,460827.0,1965.0,-0.12015799999999999,1.793363,EGY,PER,7436
2270361,71,173,1255,2013.0,2121545.0,0.0,0.955472,1.80005,ESP,PER,7436
2270362,72,173,1255,2013.0,2468.0,0.0,0.923321,1.290016,EST,PER,7436
2270363,74,173,1255,2013.0,3294976.0,0.0,1.700282,0.867677,FIN,PER,7436
2270364,77,173,1255,2013.0,574870.0,0.0,1.5253299999999999,0.026146,FRA,PER,7436
2270365,81,173,1255,2013.0,833129.0,5121.0,1.628465,0.77075,GBR,PER,7436
2270366,82,173,1255,2013.0,1490.0,0.0,-0.08343099999999999,-0.359692,GEO,PER,7436
2270367,90,173,1255,2013.0,29276.0,0.0,0.073442,0.9857899999999999,GRC,PER,7436
2270368,93,173,1255,2013.0,0.0,28304.0,-0.220165,0.661111,GTM,PER,7436
2270369,97,173,1255,2013.0,20964.0,0.0,0.791401,1.249845,HKG,PER,7436
2270370,99,173,1255,2013.0,0.0,3113.0,-0.6661060000000001,-0.38619699999999996,HND,PER,7436
2270371,102,173,1255,2013.0,515982.0,11926.0,1.6962560000000002,0.45460600000000007,HUN,PER,7436
2270372,103,173,1255,2013.0,981072.0,0.0,-0.006876999999999999,1.8336569999999999,IDN,PER,7436
2270373,104,173,1255,2013.0,723430.0,1041.0,0.18186,2.647598,IND,PER,7436
2270374,106,173,1255,2013.0,222332.0,0.0,1.32787,0.394579,IRL,PER,7436
2270375,110,173,1255,2013.0,1120466.0,0.0,1.0247629999999999,0.8261639999999999,ISR,PER,7436
2270376,111,173,1255,2013.0,8082252.0,2395.0,1.419383,-0.304402,ITA,PER,7436
2270377,112,173,1255,2013.0,0.0,28969.0,-0.364044,-0.744733,JAM,PER,7436
2270378,114,173,1255,2013.0,2079912.0,0.0,2.333417,-0.818701,JPN,PER,7436
2270379,121,173,1255,2013.0,2158012.0,0.0,1.817145,0.835414,KOR,PER,7436
2270380,130,173,1255,2013.0,105770.0,0.0,0.677986,1.29227,LTU,PER,7436
2270381,134,173,1255,2013.0,7329.0,0.0,-0.474872,0.178118,MAR,PER,7436
2270382,138,173,1255,2013.0,7531028.0,42779.0,1.2327219999999999,0.746108,MEX,PER,7436
2270383,153,173,1255,2013.0,174421.0,17727.0,0.924532,0.671334,MYS,PER,7436
2270384,160,173,1255,2013.0,0.0,20231.0,-0.7956479999999999,-0.596061,NIC,PER,7436
2270385,162,173,1255,2013.0,3091146.0,11741.0,1.012006,1.441545,NLD,PER,7436
2270386,163,173,1255,2013.0,258938.0,0.0,0.710901,0.062705,NOR,PER,7436
2270387,166,173,1255,2013.0,1200.0,0.0,0.192237,0.429825,NZL,PER,7436
2270388,167,173,1255,2013.0,4002.0,0.0,-0.698693,-1.030814,OMN,PER,7436
2270389,169,173,1255,2013.0,5190.0,25042.0,0.8719819999999999,1.038982,PAN,PER,7436
2270390,174,173,1255,2013.0,123772.0,0.0,0.639083,0.45816899999999994,PHL,PER,7436
2270391,177,173,1255,2013.0,45401.0,0.0,1.11341,0.975734,POL,PER,7436
2270392,180,173,1255,2013.0,0.0,3242.0,-0.560661,-0.822876,PRY,PER,7436
2270393,185,173,1255,2013.0,6524.0,0.0,1.05722,1.0968799999999999,ROU,PER,7436
2270394,186,173,1255,2013.0,106507.0,0.0,-0.08233,-0.267781,RUS,PER,7436
2270395,188,173,1255,2013.0,8811.0,0.0,-0.14823599999999998,-0.883965,SAU,PER,7436
2270396,192,173,1255,2013.0,73595.0,0.0,1.844685,0.639379,SGP,PER,7436
2270397,197,173,1255,2013.0,0.0,83757.0,0.104046,0.46966,SLV,PER,7436
2270398,206,173,1255,2013.0,24757.0,0.0,1.510052,0.7060310000000001,SVK,PER,7436
2270399,207,173,1255,2013.0,15339.0,0.0,1.55922,0.565874,SVN,PER,7436
2270400,208,173,1255,2013.0,2930690.0,5774.0,1.7851290000000002,0.182623,SWE,PER,7436
2270401,216,173,1255,2013.0,309732.0,0.0,1.067287,1.2767110000000002,THA,PER,7436
2270402,223,173,1255,2013.0,118773.0,0.0,0.40154,0.902177,TUN,PER,7436
2270403,224,173,1255,2013.0,121843.0,0.0,0.580016,2.394812,TUR,PER,7436
2270404,228,173,1255,2013.0,3816.0,0.0,0.535571,1.026263,UKR,PER,7436
2270405,230,173,1255,2013.0,0.0,50814.0,0.128825,0.02334,URY,PER,7436
2270406,231,173,1255,2013.0,58849996.0,253457.0,1.612058,-0.8592989999999999,USA,PER,7436
2270407,236,173,1255,2013.0,0.0,11897.0,-1.281202,-1.094268,VEN,PER,7436
2270408,239,173,1255,2013.0,12334.0,0.0,0.009264,1.182368,VNM,PER,7436
2270409,246,173,1255,2013.0,28514.0,1698.0,0.11624100000000001,1.574591,ZAF,PER,7436
2270410,249,173,1255,2013.0,152173.0,0.0,1.7382849999999999,0.9917739999999999,TWN,PER,7436
2270411,7,174,1255,2013.0,142358.0,301791.0,-0.338417,-0.754102,ARE,PHL,7436
2270412,8,174,1255,2013.0,49384.0,85953.0,0.042829,0.461002,ARG,PHL,7436
2270413,9,174,1255,2013.0,0.0,7033.0,-0.159148,-0.515766,ARM,PHL,7436
2270414,14,174,1255,2013.0,374517.0,2195188.0,-0.63369,-0.276328,AUS,PHL,7436
2270415,15,174,1255,2013.0,376239.0,111456.0,1.855434,-1.06494,AUT,PHL,7436
2270416,18,174,1255,2013.0,2127459.0,2659088.0,1.198491,1.117268,BEL,PHL,7436
2270417,21,174,1255,2013.0,0.0,15160.0,-0.7231029999999999,-0.736291,BFA,PHL,7436
2270418,24,174,1255,2013.0,0.0,5654.0,0.080634,-0.6828890000000001,BHR,PHL,7436
2270419,26,174,1255,2013.0,0.0,8498.0,0.723658,0.9271879999999999,BIH,PHL,7436
2270420,28,174,1255,2013.0,0.0,8417.0,1.183522,0.934159,BLR,PHL,7436
2270421,31,174,1255,2013.0,0.0,5615.0,-1.1429610000000001,-1.0076120000000002,BOL,PHL,7436
2270422,32,174,1255,2013.0,122924.0,29946.0,0.2804,0.649729,BRA,PHL,7436
2270423,34,174,1255,2013.0,5352.0,0.0,-1.664,-0.663172,BRN,PHL,7436
2270424,39,174,1255,2013.0,1309256.0,1334309.0,0.599305,1.193591,CAN,PHL,7436
2270425,41,174,1255,2013.0,228272.0,73274.0,2.0899229999999998,0.661667,CHE,PHL,7436
2270426,42,174,1255,2013.0,7150.0,47971.0,-0.184556,-0.238657,CHL,PHL,7436
2270427,43,174,1255,2013.0,28140688.0,7410894.0,1.24864,0.667713,CHN,PHL,7436
2270428,44,174,1255,2013.0,0.0,3568.0,-1.0025870000000001,-0.901658,CIV,PHL,7436
2270429,45,174,1255,2013.0,0.0,9143.0,-0.93575,-1.003851,CMR,PHL,7436
2270430,49,174,1255,2013.0,0.0,134271.0,0.034491,-0.36975,COL,PHL,7436
2270431,52,174,1255,2013.0,0.0,19873.0,0.208669,-0.54783,CRI,PHL,7436
2270432,58,174,1255,2013.0,0.0,14363.0,0.36482800000000004,0.527544,CYP,PHL,7436
2270433,59,174,1255,2013.0,464777.0,27066.0,1.829509,-0.41787700000000005,CZE,PHL,7436
2270434,61,174,1255,2013.0,10257987.0,979220.0,2.1086869999999998,-3.7092,DEU,PHL,7436
2270435,64,174,1255,2013.0,387495.0,0.0,1.190302,1.062991,DNK,PHL,7436
2270436,65,174,1255,2013.0,0.0,11337.0,-0.272579,0.42750699999999997,DOM,PHL,7436
2270437,66,174,1255,2013.0,0.0,98580.0,-1.53603,-1.104965,DZA,PHL,7436
2270438,67,174,1255,2013.0,0.0,145354.0,-0.8251790000000001,-0.9347200000000001,ECU,PHL,7436
2270439,71,174,1255,2013.0,634846.0,5879.0,0.955472,1.80005,ESP,PHL,7436
2270440,73,174,1255,2013.0,0.0,32330.0,-1.1373090000000001,-0.89186,ETH,PHL,7436
2270441,74,174,1255,2013.0,68869.0,0.0,1.700282,0.867677,FIN,PHL,7436
2270442,77,174,1255,2013.0,2617842.0,333184.0,1.5253299999999999,0.026146,FRA,PHL,7436
2270443,79,174,1255,2013.0,0.0,1339.0,-0.592069,-0.796275,FSM,PHL,7436
2270444,81,174,1255,2013.0,1528853.0,607554.0,1.628465,0.77075,GBR,PHL,7436
2270445,97,174,1255,2013.0,510142.0,3002.0,0.791401,1.249845,HKG,PHL,7436
2270446,103,174,1255,2013.0,1559966.0,1972801.0,-0.006876999999999999,1.8336569999999999,IDN,PHL,7436
2270447,104,174,1255,2013.0,1529723.0,819996.0,0.18186,2.647598,IND,PHL,7436
2270448,106,174,1255,2013.0,31909.0,6204.0,1.32787,0.394579,IRL,PHL,7436
2270449,110,174,1255,2013.0,670389.0,6653.0,1.0247629999999999,0.8261639999999999,ISR,PHL,7436
2270450,111,174,1255,2013.0,3769392.0,1089.0,1.419383,-0.304402,ITA,PHL,7436
2270451,114,174,1255,2013.0,21628978.0,11532427.0,2.333417,-0.818701,JPN,PHL,7436
2270452,115,174,1255,2013.0,0.0,41008.0,-0.9193819999999999,-0.734194,KAZ,PHL,7436
2270453,116,174,1255,2013.0,0.0,1347.0,-0.303119,0.626786,KEN,PHL,7436
2270454,117,174,1255,2013.0,0.0,23019.0,0.25090500000000004,0.7357279999999999,KGZ,PHL,7436
2270455,121,174,1255,2013.0,12177129.0,4037237.0,1.817145,0.835414,KOR,PHL,7436
2270456,122,174,1255,2013.0,0.0,116477.0,-1.198985,-1.057248,KWT,PHL,7436
2270457,124,174,1255,2013.0,0.0,11590.0,0.37392800000000004,1.413136,LBN,PHL,7436
2270458,128,174,1255,2013.0,0.0,32128.0,-0.320583,0.44462399999999996,LKA,PHL,7436
2270459,134,174,1255,2013.0,0.0,22479.0,-0.474872,0.178118,MAR,PHL,7436
2270460,135,174,1255,2013.0,0.0,1015.0,0.14256,0.33920700000000004,MDA,PHL,7436
2270461,138,174,1255,2013.0,48786.0,1447564.0,1.2327219999999999,0.746108,MEX,PHL,7436
2270462,145,174,1255,2013.0,1055.0,91703.0,-1.264785,-1.133222,MNG,PHL,7436
2270463,151,174,1255,2013.0,5322.0,5986.0,-0.092312,0.050927,MUS,PHL,7436
2270464,153,174,1255,2013.0,3364176.0,288735.0,0.924532,0.671334,MYS,PHL,7436
2270465,159,174,1255,2013.0,0.0,22366.0,-1.679402,-1.14686,NGA,PHL,7436
2270466,160,174,1255,2013.0,0.0,4056.0,-0.7956479999999999,-0.596061,NIC,PHL,7436
2270467,162,174,1255,2013.0,882779.0,554517.0,1.012006,1.441545,NLD,PHL,7436
2270468,163,174,1255,2013.0,0.0,209020.0,0.710901,0.062705,NOR,PHL,7436
2270469,164,174,1255,2013.0,0.0,3206.0,-0.08623,0.5143939999999999,NPL,PHL,7436
2270470,166,174,1255,2013.0,23479.0,78868.0,0.192237,0.429825,NZL,PHL,7436
2270471,168,174,1255,2013.0,18653.0,3068.0,-0.697224,0.501576,PAK,PHL,7436
2270472,173,174,1255,2013.0,0.0,123772.0,-0.640044,0.121772,PER,PHL,7436
2270473,175,174,1255,2013.0,0.0,2041.0,0.661385,-0.41401899999999997,PLW,PHL,7436
2270474,177,174,1255,2013.0,149495.0,55874.0,1.11341,0.975734,POL,PHL,7436
2270475,179,174,1255,2013.0,119778.0,0.0,0.705087,2.2055580000000004,PRT,PHL,7436
2270476,181,174,1255,2013.0,0.0,1447.0,0.103716,0.762259,PSE,PHL,7436
2270477,183,174,1255,2013.0,0.0,12059.0,-0.583609,-1.003754,QAT,PHL,7436
2270478,186,174,1255,2013.0,0.0,646612.0,-0.08233,-0.267781,RUS,PHL,7436
2270479,188,174,1255,2013.0,0.0,405615.0,-0.14823599999999998,-0.883965,SAU,PHL,7436
2270480,191,174,1255,2013.0,0.0,1679.0,-0.566624,-0.185277,SEN,PHL,7436
2270481,192,174,1255,2013.0,5564048.0,1907176.0,1.844685,0.639379,SGP,PHL,7436
2270482,197,174,1255,2013.0,0.0,5770.0,0.104046,0.46966,SLV,PHL,7436
2270483,201,174,1255,2013.0,0.0,3336.0,0.609755,1.355304,SRB,PHL,7436
2270484,206,174,1255,2013.0,0.0,15035.0,1.510052,0.7060310000000001,SVK,PHL,7436
2270485,207,174,1255,2013.0,208469.0,2810.0,1.55922,0.565874,SVN,PHL,7436
2270486,208,174,1255,2013.0,1195095.0,0.0,1.7851290000000002,0.182623,SWE,PHL,7436
2270487,216,174,1255,2013.0,12077854.0,2195938.0,1.067287,1.2767110000000002,THA,PHL,7436
2270488,222,174,1255,2013.0,0.0,21105.0,-0.399437,-1.047864,TTO,PHL,7436
2270489,223,174,1255,2013.0,0.0,6286.0,0.40154,0.902177,TUN,PHL,7436
2270490,224,174,1255,2013.0,21885.0,878651.0,0.580016,2.394812,TUR,PHL,7436
2270491,228,174,1255,2013.0,113907.0,99463.0,0.535571,1.026263,UKR,PHL,7436
2270492,230,174,1255,2013.0,0.0,46975.0,0.128825,0.02334,URY,PHL,7436
2270493,231,174,1255,2013.0,16484337.0,10327677.0,1.612058,-0.8592989999999999,USA,PHL,7436
2270494,239,174,1255,2013.0,26573.0,66866.0,0.009264,1.182368,VNM,PHL,7436
2270495,246,174,1255,2013.0,229754.0,493155.0,0.11624100000000001,1.574591,ZAF,PHL,7436
2270496,249,174,1255,2013.0,2075146.0,5451.0,1.7382849999999999,0.9917739999999999,TWN,PHL,7436
2270497,2,177,1255,2013.0,0.0,506436.0,-1.240877,-1.073797,AGO,POL,7436
2270498,4,177,1255,2013.0,0.0,215819.0,-0.44779300000000005,-0.13181700000000002,ALB,POL,7436
2270499,7,177,1255,2013.0,1232.0,1487682.0,-0.338417,-0.754102,ARE,POL,7436
2270500,8,177,1255,2013.0,89824.0,662178.0,0.042829,0.461002,ARG,POL,7436
2270501,9,177,1255,2013.0,0.0,284868.0,-0.159148,-0.515766,ARM,POL,7436
2270502,11,177,1255,2013.0,0.0,2420.0,0.653055,-0.438625,ATA,POL,7436
2270503,12,177,1255,2013.0,0.0,16007.0,0.491782,-0.418646,ATF,POL,7436
2270504,14,177,1255,2013.0,50341.0,921292.0,-0.63369,-0.276328,AUS,POL,7436
2270505,15,177,1255,2013.0,18951026.0,2952137.0,1.855434,-1.06494,AUT,POL,7436
2270506,16,177,1255,2013.0,0.0,658904.0,-1.319766,-1.200648,AZE,POL,7436
2270507,18,177,1255,2013.0,21012094.0,6806976.0,1.198491,1.117268,BEL,POL,7436
2270508,22,177,1255,2013.0,32400.0,0.0,-0.835666,-0.8088810000000001,BGD,POL,7436
2270509,23,177,1255,2013.0,7135860.0,3182994.0,0.622325,1.5506229999999999,BGR,POL,7436
2270510,24,177,1255,2013.0,107396.0,15260.0,0.080634,-0.6828890000000001,BHR,POL,7436
2270511,25,177,1255,2013.0,0.0,1166.0,0.496435,-0.324394,BHS,POL,7436
2270512,26,177,1255,2013.0,360872.0,1585485.0,0.723658,0.9271879999999999,BIH,POL,7436
2270513,28,177,1255,2013.0,24757.0,15563433.0,1.183522,0.934159,BLR,POL,7436
2270514,29,177,1255,2013.0,0.0,34027.0,-0.459154,-0.465912,BLZ,POL,7436
2270515,31,177,1255,2013.0,0.0,2769.0,-1.1429610000000001,-1.0076120000000002,BOL,POL,7436
2270516,32,177,1255,2013.0,188685.0,3072115.0,0.2804,0.649729,BRA,POL,7436
2270517,34,177,1255,2013.0,0.0,9518.0,-1.664,-0.663172,BRN,POL,7436
2270518,37,177,1255,2013.0,0.0,2771.0,-0.677782,-1.0888149999999999,BWA,POL,7436
2270519,39,177,1255,2013.0,410655.0,638667.0,0.599305,1.193591,CAN,POL,7436
2270520,41,177,1255,2013.0,2375348.0,1668720.0,2.0899229999999998,0.661667,CHE,POL,7436
2270521,42,177,1255,2013.0,1518.0,79408.0,-0.184556,-0.238657,CHL,POL,7436
2270522,43,177,1255,2013.0,11964092.0,2183414.0,1.24864,0.667713,CHN,POL,7436
2270523,44,177,1255,2013.0,0.0,201330.0,-1.0025870000000001,-0.901658,CIV,POL,7436
2270524,45,177,1255,2013.0,0.0,7042.0,-0.93575,-1.003851,CMR,POL,7436
2270525,46,177,1255,2013.0,0.0,234948.0,-1.450075,-1.115916,COD,POL,7436
2270526,49,177,1255,2013.0,0.0,690001.0,0.034491,-0.36975,COL,POL,7436
2270527,52,177,1255,2013.0,0.0,30368.0,0.208669,-0.54783,CRI,POL,7436
2270528,54,177,1255,2013.0,0.0,3448.0,-0.31053400000000003,-0.8534280000000001,CUB,POL,7436
2270529,58,177,1255,2013.0,67631.0,210913.0,0.36482800000000004,0.527544,CYP,POL,7436
2270530,59,177,1255,2013.0,13544287.0,17533906.0,1.829509,-0.41787700000000005,CZE,POL,7436
2270531,61,177,1255,2013.0,373811008.0,103160816.0,2.1086869999999998,-3.7092,DEU,POL,7436
2270532,64,177,1255,2013.0,12339996.0,5647174.0,1.190302,1.062991,DNK,POL,7436
2270533,65,177,1255,2013.0,25561.0,21493.0,-0.272579,0.42750699999999997,DOM,POL,7436
2270534,66,177,1255,2013.0,0.0,1206939.0,-1.53603,-1.104965,DZA,POL,7436
2270535,67,177,1255,2013.0,0.0,15528.0,-0.8251790000000001,-0.9347200000000001,ECU,POL,7436
2270536,68,177,1255,2013.0,1035.0,81392.0,-0.12015799999999999,1.793363,EGY,POL,7436
2270537,71,177,1255,2013.0,2353413.0,9392925.0,0.955472,1.80005,ESP,POL,7436
2270538,72,177,1255,2013.0,292856.0,2321754.0,0.923321,1.290016,EST,POL,7436
2270539,73,177,1255,2013.0,0.0,295751.0,-1.1373090000000001,-0.89186,ETH,POL,7436
2270540,74,177,1255,2013.0,3931220.0,3027855.0,1.700282,0.867677,FIN,POL,7436
2270541,77,177,1255,2013.0,24036416.0,17427526.0,1.5253299999999999,0.026146,FRA,POL,7436
2270542,78,177,1255,2013.0,0.0,1157.0,-1.059294,-0.799578,FRO,POL,7436
2270543,81,177,1255,2013.0,17833722.0,31907448.0,1.628465,0.77075,GBR,POL,7436
2270544,82,177,1255,2013.0,2396.0,274564.0,-0.08343099999999999,-0.359692,GEO,POL,7436
2270545,83,177,1255,2013.0,0.0,4873.0,-0.696971,-0.5807939999999999,GHA,POL,7436
2270546,84,177,1255,2013.0,0.0,31949.0,0.348423,-0.521683,GIB,POL,7436
2270547,90,177,1255,2013.0,142858.0,1566147.0,0.073442,0.9857899999999999,GRC,POL,7436
2270548,93,177,1255,2013.0,0.0,20691.0,-0.220165,0.661111,GTM,POL,7436
2270549,97,177,1255,2013.0,36715.0,86878.0,0.791401,1.249845,HKG,POL,7436
2270550,100,177,1255,2013.0,37809.0,2233482.0,0.8737309999999999,1.276091,HRV,POL,7436
2270551,102,177,1255,2013.0,3438649.0,6069191.0,1.6962560000000002,0.45460600000000007,HUN,POL,7436
2270552,103,177,1255,2013.0,512792.0,69549.0,-0.006876999999999999,1.8336569999999999,IDN,POL,7436
2270553,104,177,1255,2013.0,205081.0,1785640.0,0.18186,2.647598,IND,POL,7436
2270554,106,177,1255,2013.0,324501.0,327448.0,1.32787,0.394579,IRL,POL,7436
2270555,107,177,1255,2013.0,0.0,26931.0,-0.23625100000000002,-0.256067,IRN,POL,7436
2270556,108,177,1255,2013.0,0.0,9910.0,-3.147217,-0.685991,IRQ,POL,7436
2270557,109,177,1255,2013.0,0.0,41778.0,0.284089,-0.164097,ISL,POL,7436
2270558,110,177,1255,2013.0,508578.0,389760.0,1.0247629999999999,0.8261639999999999,ISR,POL,7436
2270559,111,177,1255,2013.0,43857696.0,12333453.0,1.419383,-0.304402,ITA,POL,7436
2270560,112,177,1255,2013.0,0.0,3064.0,-0.364044,-0.744733,JAM,POL,7436
2270561,113,177,1255,2013.0,0.0,1214648.0,0.1888,0.596867,JOR,POL,7436
2270562,114,177,1255,2013.0,23675522.0,752570.0,2.333417,-0.818701,JPN,POL,7436
2270563,115,177,1255,2013.0,9069.0,5064063.0,-0.9193819999999999,-0.734194,KAZ,POL,7436
2270564,116,177,1255,2013.0,0.0,22691.0,-0.303119,0.626786,KEN,POL,7436
2270565,117,177,1255,2013.0,0.0,473109.0,0.25090500000000004,0.7357279999999999,KGZ,POL,7436
2270566,121,177,1255,2013.0,2309178.0,7669254.0,1.817145,0.835414,KOR,POL,7436
2270567,122,177,1255,2013.0,0.0,201060.0,-1.198985,-1.057248,KWT,POL,7436
2270568,124,177,1255,2013.0,0.0,73198.0,0.37392800000000004,1.413136,LBN,POL,7436
2270569,126,177,1255,2013.0,0.0,64727.0,-1.871593,-1.1211790000000001,LBY,POL,7436
2270570,130,177,1255,2013.0,3751173.0,8154466.0,0.677986,1.29227,LTU,POL,7436
2270571,131,177,1255,2013.0,147460.0,7781.0,1.0110190000000001,1.123226,LUX,POL,7436
2270572,132,177,1255,2013.0,77367.0,3587082.0,0.652463,1.299917,LVA,POL,7436
2270573,134,177,1255,2013.0,33686.0,383631.0,-0.474872,0.178118,MAR,POL,7436
2270574,135,177,1255,2013.0,0.0,2329472.0,0.14256,0.33920700000000004,MDA,POL,7436
2270575,136,177,1255,2013.0,0.0,1523.0,-0.786091,-0.611478,MDG,POL,7436
2270576,137,177,1255,2013.0,0.0,14017.0,-0.510204,-0.740372,MDV,POL,7436
2270577,138,177,1255,2013.0,2062952.0,382174.0,1.2327219999999999,0.746108,MEX,POL,7436
2270578,140,177,1255,2013.0,42045.0,464264.0,-0.127775,0.21915900000000002,MKD,POL,7436
2270579,142,177,1255,2013.0,0.0,103129.0,0.710108,-0.014586000000000002,MLT,POL,7436
2270580,144,177,1255,2013.0,0.0,119514.0,0.09597,-0.019953,MNE,POL,7436
2270581,145,177,1255,2013.0,0.0,41067.0,-1.264785,-1.133222,MNG,POL,7436
2270582,147,177,1255,2013.0,0.0,2876.0,-1.131512,-0.8923840000000001,MOZ,POL,7436
2270583,151,177,1255,2013.0,0.0,24173.0,-0.092312,0.050927,MUS,POL,7436
2270584,153,177,1255,2013.0,484547.0,209481.0,0.924532,0.671334,MYS,POL,7436
2270585,156,177,1255,2013.0,0.0,34382.0,-0.262882,-0.63858,NCL,POL,7436
2270586,159,177,1255,2013.0,0.0,1879.0,-1.679402,-1.14686,NGA,POL,7436
2270587,160,177,1255,2013.0,64790.0,2497.0,-0.7956479999999999,-0.596061,NIC,POL,7436
2270588,162,177,1255,2013.0,13714248.0,10493122.0,1.012006,1.441545,NLD,POL,7436
2270589,163,177,1255,2013.0,2130909.0,2051912.0,0.710901,0.062705,NOR,POL,7436
2270590,166,177,1255,2013.0,0.0,123659.0,0.192237,0.429825,NZL,POL,7436
2270591,167,177,1255,2013.0,0.0,29736.0,-0.698693,-1.030814,OMN,POL,7436
2270592,168,177,1255,2013.0,0.0,9040094.0,-0.697224,0.501576,PAK,POL,7436
2270593,169,177,1255,2013.0,0.0,1051.0,0.8719819999999999,1.038982,PAN,POL,7436
2270594,173,177,1255,2013.0,0.0,45401.0,-0.640044,0.121772,PER,POL,7436
2270595,174,177,1255,2013.0,55874.0,149495.0,0.639083,0.45816899999999994,PHL,POL,7436
2270596,179,177,1255,2013.0,22110.0,6547072.0,0.705087,2.2055580000000004,PRT,POL,7436
2270597,180,177,1255,2013.0,0.0,100030.0,-0.560661,-0.822876,PRY,POL,7436
2270598,181,177,1255,2013.0,0.0,27112.0,0.103716,0.762259,PSE,POL,7436
2270599,183,177,1255,2013.0,0.0,121649.0,-0.583609,-1.003754,QAT,POL,7436
2270600,185,177,1255,2013.0,1110653.0,7430194.0,1.05722,1.0968799999999999,ROU,POL,7436
2270601,186,177,1255,2013.0,877695.0,58630572.0,-0.08233,-0.267781,RUS,POL,7436
2270602,188,177,1255,2013.0,79165.0,414014.0,-0.14823599999999998,-0.883965,SAU,POL,7436
2270603,190,177,1255,2013.0,0.0,2643.0,-1.224897,-1.059517,SDN,POL,7436
2270604,192,177,1255,2013.0,49033.0,313553.0,1.844685,0.639379,SGP,POL,7436
2270605,197,177,1255,2013.0,0.0,34520.0,0.104046,0.46966,SLV,POL,7436
2270606,201,177,1255,2013.0,5014.0,2450125.0,0.609755,1.355304,SRB,POL,7436
2270607,206,177,1255,2013.0,3745864.0,10577168.0,1.510052,0.7060310000000001,SVK,POL,7436
2270608,207,177,1255,2013.0,2060790.0,1274607.0,1.55922,0.565874,SVN,POL,7436
2270609,208,177,1255,2013.0,9677737.0,6540510.0,1.7851290000000002,0.182623,SWE,POL,7436
2270610,209,177,1255,2013.0,4911.0,0.0,0.017946,-0.20627399999999999,SWZ,POL,7436
2270611,211,177,1255,2013.0,0.0,5216.0,0.06901,-0.438229,SYC,POL,7436
2270612,216,177,1255,2013.0,315214.0,2127216.0,1.067287,1.2767110000000002,THA,POL,7436
2270613,217,177,1255,2013.0,0.0,167156.0,-1.117246,-1.1638600000000001,TJK,POL,7436
2270614,219,177,1255,2013.0,0.0,5071.0,-1.174981,-1.14869,TKM,POL,7436
2270615,222,177,1255,2013.0,4119.0,0.0,-0.399437,-1.047864,TTO,POL,7436
2270616,223,177,1255,2013.0,938462.0,142160.0,0.40154,0.902177,TUN,POL,7436
2270617,224,177,1255,2013.0,2904310.0,6893168.0,0.580016,2.394812,TUR,POL,7436
2270618,226,177,1255,2013.0,0.0,5304.0,-0.654655,0.903574,TZA,POL,7436
2270619,227,177,1255,2013.0,7842.0,1898.0,-0.46170100000000003,0.652878,UGA,POL,7436
2270620,228,177,1255,2013.0,3443421.0,33258920.0,0.535571,1.026263,UKR,POL,7436
2270621,230,177,1255,2013.0,0.0,20197.0,0.128825,0.02334,URY,POL,7436
2270622,231,177,1255,2013.0,10920497.0,29788986.0,1.612058,-0.8592989999999999,USA,POL,7436
2270623,232,177,1255,2013.0,0.0,5098140.0,-0.7076319999999999,-0.645674,UZB,POL,7436
2270624,236,177,1255,2013.0,0.0,173952.0,-1.281202,-1.094268,VEN,POL,7436
2270625,239,177,1255,2013.0,0.0,188821.0,0.009264,1.182368,VNM,POL,7436
2270626,246,177,1255,2013.0,42549172.0,1475126.0,0.11624100000000001,1.574591,ZAF,POL,7436
2270627,248,177,1255,2013.0,0.0,7154.0,-0.841968,-0.898121,ZWE,POL,7436
2270628,249,177,1255,2013.0,208074.0,2272195.0,1.7382849999999999,0.9917739999999999,TWN,POL,7436
2270629,250,177,1255,2013.0,780512.0,17238.0,0.583151,0.14238299999999998,ANS,POL,7436
2270630,2,179,1255,2013.0,38261.0,27623896.0,-1.240877,-1.073797,AGO,PRT,7436
2270631,7,179,1255,2013.0,7472.0,1192066.0,-0.338417,-0.754102,ARE,PRT,7436
2270632,8,179,1255,2013.0,0.0,41100.0,0.042829,0.461002,ARG,PRT,7436
2270633,14,179,1255,2013.0,15517.0,148923.0,-0.63369,-0.276328,AUS,PRT,7436
2270634,15,179,1255,2013.0,785467.0,48767.0,1.855434,-1.06494,AUT,PRT,7436
2270635,18,179,1255,2013.0,9538270.0,416765.0,1.198491,1.117268,BEL,PRT,7436
2270636,21,179,1255,2013.0,0.0,8241.0,-0.7231029999999999,-0.736291,BFA,PRT,7436
2270637,23,179,1255,2013.0,0.0,66396.0,0.622325,1.5506229999999999,BGR,PRT,7436
2270638,27,179,1255,2013.0,0.0,7225.0,0.98421,-0.019357,BLM,PRT,7436
2270639,32,179,1255,2013.0,78360.0,1354735.0,0.2804,0.649729,BRA,PRT,7436
2270640,33,179,1255,2013.0,0.0,1425.0,0.607845,0.09196,BRB,PRT,7436
2270641,39,179,1255,2013.0,642958.0,54921.0,0.599305,1.193591,CAN,PRT,7436
2270642,41,179,1255,2013.0,60068.0,69811.0,2.0899229999999998,0.661667,CHE,PRT,7436
2270643,42,179,1255,2013.0,0.0,49840.0,-0.184556,-0.238657,CHL,PRT,7436
2270644,43,179,1255,2013.0,2832216.0,17843.0,1.24864,0.667713,CHN,PRT,7436
2270645,45,179,1255,2013.0,0.0,6358.0,-0.93575,-1.003851,CMR,PRT,7436
2270646,46,179,1255,2013.0,0.0,1019565.0,-1.450075,-1.115916,COD,PRT,7436
2270647,47,179,1255,2013.0,0.0,274419.0,-1.478461,-1.094509,COG,PRT,7436
2270648,49,179,1255,2013.0,0.0,15930.0,0.034491,-0.36975,COL,PRT,7436
2270649,51,179,1255,2013.0,2734.0,532152.0,-0.28793,-0.5938319999999999,CPV,PRT,7436
2270650,52,179,1255,2013.0,0.0,1695.0,0.208669,-0.54783,CRI,PRT,7436
2270651,54,179,1255,2013.0,0.0,111023.0,-0.31053400000000003,-0.8534280000000001,CUB,PRT,7436
2270652,58,179,1255,2013.0,0.0,9942.0,0.36482800000000004,0.527544,CYP,PRT,7436
2270653,59,179,1255,2013.0,108475.0,22844.0,1.829509,-0.41787700000000005,CZE,PRT,7436
2270654,61,179,1255,2013.0,90255352.0,1662248.0,2.1086869999999998,-3.7092,DEU,PRT,7436
2270655,62,179,1255,2013.0,0.0,2885.0,-0.35226399999999997,-0.542234,DJI,PRT,7436
2270656,64,179,1255,2013.0,1276491.0,684910.0,1.190302,1.062991,DNK,PRT,7436
2270657,65,179,1255,2013.0,0.0,140116.0,-0.272579,0.42750699999999997,DOM,PRT,7436
2270658,66,179,1255,2013.0,0.0,97741.0,-1.53603,-1.104965,DZA,PRT,7436
2270659,68,179,1255,2013.0,0.0,20059.0,-0.12015799999999999,1.793363,EGY,PRT,7436
2270660,71,179,1255,2013.0,61626648.0,16986686.0,0.955472,1.80005,ESP,PRT,7436
2270661,72,179,1255,2013.0,11907.0,1133.0,0.923321,1.290016,EST,PRT,7436
2270662,73,179,1255,2013.0,0.0,5724.0,-1.1373090000000001,-0.89186,ETH,PRT,7436
2270663,74,179,1255,2013.0,145208.0,62049.0,1.700282,0.867677,FIN,PRT,7436
2270664,77,179,1255,2013.0,11264325.0,21282390.0,1.5253299999999999,0.026146,FRA,PRT,7436
2270665,81,179,1255,2013.0,6148896.0,189808.0,1.628465,0.77075,GBR,PRT,7436
2270666,83,179,1255,2013.0,0.0,264811.0,-0.696971,-0.5807939999999999,GHA,PRT,7436
2270667,85,179,1255,2013.0,0.0,90321.0,-1.281072,-1.027585,GIN,PRT,7436
2270668,87,179,1255,2013.0,0.0,2366.0,-0.867648,-0.90786,GMB,PRT,7436
2270669,88,179,1255,2013.0,0.0,38263.0,-1.888843,-0.8988809999999999,GNB,PRT,7436
2270670,89,179,1255,2013.0,0.0,1310731.0,-1.7984200000000001,-0.678832,GNQ,PRT,7436
2270671,90,179,1255,2013.0,30903.0,159651.0,0.073442,0.9857899999999999,GRC,PRT,7436
2270672,97,179,1255,2013.0,57474.0,906550.0,0.791401,1.249845,HKG,PRT,7436
2270673,99,179,1255,2013.0,0.0,300825.0,-0.6661060000000001,-0.38619699999999996,HND,PRT,7436
2270674,100,179,1255,2013.0,0.0,18195.0,0.8737309999999999,1.276091,HRV,PRT,7436
2270675,102,179,1255,2013.0,185341.0,123082.0,1.6962560000000002,0.45460600000000007,HUN,PRT,7436
2270676,103,179,1255,2013.0,66701.0,19756.0,-0.006876999999999999,1.8336569999999999,IDN,PRT,7436
2270677,104,179,1255,2013.0,45958.0,288131.0,0.18186,2.647598,IND,PRT,7436
2270678,106,179,1255,2013.0,270987.0,10511.0,1.32787,0.394579,IRL,PRT,7436
2270679,107,179,1255,2013.0,14342.0,0.0,-0.23625100000000002,-0.256067,IRN,PRT,7436
2270680,108,179,1255,2013.0,0.0,156646.0,-3.147217,-0.685991,IRQ,PRT,7436
2270681,109,179,1255,2013.0,0.0,34230.0,0.284089,-0.164097,ISL,PRT,7436
2270682,110,179,1255,2013.0,504907.0,42058.0,1.0247629999999999,0.8261639999999999,ISR,PRT,7436
2270683,111,179,1255,2013.0,13696238.0,177058.0,1.419383,-0.304402,ITA,PRT,7436
2270684,113,179,1255,2013.0,0.0,24894.0,0.1888,0.596867,JOR,PRT,7436
2270685,114,179,1255,2013.0,1621139.0,0.0,2.333417,-0.818701,JPN,PRT,7436
2270686,116,179,1255,2013.0,0.0,6601.0,-0.303119,0.626786,KEN,PRT,7436
2270687,121,179,1255,2013.0,84731.0,0.0,1.817145,0.835414,KOR,PRT,7436
2270688,122,179,1255,2013.0,0.0,102854.0,-1.198985,-1.057248,KWT,PRT,7436
2270689,126,179,1255,2013.0,0.0,16683.0,-1.871593,-1.1211790000000001,LBY,PRT,7436
2270690,130,179,1255,2013.0,16155.0,18536.0,0.677986,1.29227,LTU,PRT,7436
2270691,131,179,1255,2013.0,2202.0,5482.0,1.0110190000000001,1.123226,LUX,PRT,7436
2270692,132,179,1255,2013.0,0.0,1726.0,0.652463,1.299917,LVA,PRT,7436
2270693,134,179,1255,2013.0,84719.0,2281436.0,-0.474872,0.178118,MAR,PRT,7436
2270694,138,179,1255,2013.0,0.0,158780.0,1.2327219999999999,0.746108,MEX,PRT,7436
2270695,141,179,1255,2013.0,0.0,7518.0,-1.046677,-0.980809,MLI,PRT,7436
2270696,142,179,1255,2013.0,0.0,3539.0,0.710108,-0.014586000000000002,MLT,PRT,7436
2270697,147,179,1255,2013.0,0.0,1344722.0,-1.131512,-0.8923840000000001,MOZ,PRT,7436
2270698,151,179,1255,2013.0,3047.0,2927.0,-0.092312,0.050927,MUS,PRT,7436
2270699,152,179,1255,2013.0,0.0,17314.0,-0.802763,-0.8101470000000001,MWI,PRT,7436
2270700,153,179,1255,2013.0,1075.0,8378.0,0.924532,0.671334,MYS,PRT,7436
2270701,159,179,1255,2013.0,0.0,8784.0,-1.679402,-1.14686,NGA,PRT,7436
2270702,162,179,1255,2013.0,3905014.0,152267.0,1.012006,1.441545,NLD,PRT,7436
2270703,163,179,1255,2013.0,88707.0,25720.0,0.710901,0.062705,NOR,PRT,7436
2270704,166,179,1255,2013.0,0.0,20526.0,0.192237,0.429825,NZL,PRT,7436
2270705,167,179,1255,2013.0,0.0,6011.0,-0.698693,-1.030814,OMN,PRT,7436
2270706,168,179,1255,2013.0,0.0,2107.0,-0.697224,0.501576,PAK,PRT,7436
2270707,174,179,1255,2013.0,0.0,119778.0,0.639083,0.45816899999999994,PHL,PRT,7436
2270708,177,179,1255,2013.0,6547072.0,22110.0,1.11341,0.975734,POL,PRT,7436
2270709,185,179,1255,2013.0,85055.0,5220900.0,1.05722,1.0968799999999999,ROU,PRT,7436
2270710,186,179,1255,2013.0,3723.0,1127651.0,-0.08233,-0.267781,RUS,PRT,7436
2270711,188,179,1255,2013.0,0.0,104336.0,-0.14823599999999998,-0.883965,SAU,PRT,7436
2270712,190,179,1255,2013.0,0.0,11143.0,-1.224897,-1.059517,SDN,PRT,7436
2270713,191,179,1255,2013.0,0.0,201029.0,-0.566624,-0.185277,SEN,PRT,7436
2270714,192,179,1255,2013.0,25156.0,87674.0,1.844685,0.639379,SGP,PRT,7436
2270715,196,179,1255,2013.0,0.0,11902.0,-0.42937700000000006,-0.529857,SLE,PRT,7436
2270716,198,179,1255,2013.0,10950.0,0.0,1.065274,0.783734,SMR,PRT,7436
2270717,201,179,1255,2013.0,0.0,3313.0,0.609755,1.355304,SRB,PRT,7436
2270718,203,179,1255,2013.0,0.0,101775.0,0.9084559999999999,0.170664,STP,PRT,7436
2270719,206,179,1255,2013.0,21072.0,7814.0,1.510052,0.7060310000000001,SVK,PRT,7436
2270720,207,179,1255,2013.0,35588.0,2892.0,1.55922,0.565874,SVN,PRT,7436
2270721,208,179,1255,2013.0,1310068.0,23628.0,1.7851290000000002,0.182623,SWE,PRT,7436
2270722,211,179,1255,2013.0,0.0,11318.0,0.06901,-0.438229,SYC,PRT,7436
2270723,214,179,1255,2013.0,0.0,9240.0,-2.89356,-0.879919,TCD,PRT,7436
2270724,215,179,1255,2013.0,0.0,47425.0,-0.532095,-0.434276,TGO,PRT,7436
2270725,216,179,1255,2013.0,91825.0,18029.0,1.067287,1.2767110000000002,THA,PRT,7436
2270726,223,179,1255,2013.0,77183.0,272123.0,0.40154,0.902177,TUN,PRT,7436
2270727,224,179,1255,2013.0,766846.0,1150050.0,0.580016,2.394812,TUR,PRT,7436
2270728,226,179,1255,2013.0,0.0,2767.0,-0.654655,0.903574,TZA,PRT,7436
2270729,228,179,1255,2013.0,44910.0,0.0,0.535571,1.026263,UKR,PRT,7436
2270730,230,179,1255,2013.0,0.0,54314.0,0.128825,0.02334,URY,PRT,7436
2270731,231,179,1255,2013.0,1708310.0,3611013.0,1.612058,-0.8592989999999999,USA,PRT,7436
2270732,236,179,1255,2013.0,0.0,211074.0,-1.281202,-1.094268,VEN,PRT,7436
2270733,239,179,1255,2013.0,0.0,25112.0,0.009264,1.182368,VNM,PRT,7436
2270734,246,179,1255,2013.0,0.0,89898.0,0.11624100000000001,1.574591,ZAF,PRT,7436
2270735,247,179,1255,2013.0,0.0,5565.0,-0.293192,-0.42930100000000004,ZMB,PRT,7436
2270736,248,179,1255,2013.0,0.0,10676.0,-0.841968,-0.898121,ZWE,PRT,7436
2270737,249,179,1255,2013.0,163996.0,83706.0,1.7382849999999999,0.9917739999999999,TWN,PRT,7436
2270738,250,179,1255,2013.0,0.0,33318.0,0.583151,0.14238299999999998,ANS,PRT,7436
2270739,2,180,1255,2013.0,0.0,9587.0,-1.240877,-1.073797,AGO,PRY,7436
2270740,8,180,1255,2013.0,2302512.0,18741.0,0.042829,0.461002,ARG,PRY,7436
2270741,14,180,1255,2013.0,1456.0,0.0,-0.63369,-0.276328,AUS,PRY,7436
2270742,15,180,1255,2013.0,11874.0,0.0,1.855434,-1.06494,AUT,PRY,7436
2270743,18,180,1255,2013.0,41345.0,0.0,1.198491,1.117268,BEL,PRY,7436
2270744,32,180,1255,2013.0,6593110.0,0.0,0.2804,0.649729,BRA,PRY,7436
2270745,39,180,1255,2013.0,16729.0,2480.0,0.599305,1.193591,CAN,PRY,7436
2270746,41,180,1255,2013.0,21241.0,0.0,2.0899229999999998,0.661667,CHE,PRY,7436
2270747,42,180,1255,2013.0,82282.0,2135.0,-0.184556,-0.238657,CHL,PRY,7436
2270748,43,180,1255,2013.0,1408170.0,0.0,1.24864,0.667713,CHN,PRY,7436
2270749,59,180,1255,2013.0,22888.0,0.0,1.829509,-0.41787700000000005,CZE,PRY,7436
2270750,61,180,1255,2013.0,1257303.0,0.0,2.1086869999999998,-3.7092,DEU,PRY,7436
2270751,64,180,1255,2013.0,13757.0,0.0,1.190302,1.062991,DNK,PRY,7436
2270752,71,180,1255,2013.0,136892.0,0.0,0.955472,1.80005,ESP,PRY,7436
2270753,74,180,1255,2013.0,3060.0,0.0,1.700282,0.867677,FIN,PRY,7436
2270754,77,180,1255,2013.0,86375.0,0.0,1.5253299999999999,0.026146,FRA,PRY,7436
2270755,81,180,1255,2013.0,79353.0,0.0,1.628465,0.77075,GBR,PRY,7436
2270756,97,180,1255,2013.0,10963.0,0.0,0.791401,1.249845,HKG,PRY,7436
2270757,103,180,1255,2013.0,661947.0,0.0,-0.006876999999999999,1.8336569999999999,IDN,PRY,7436
2270758,104,180,1255,2013.0,206223.0,0.0,0.18186,2.647598,IND,PRY,7436
2270759,106,180,1255,2013.0,1830.0,0.0,1.32787,0.394579,IRL,PRY,7436
2270760,110,180,1255,2013.0,49260.0,0.0,1.0247629999999999,0.8261639999999999,ISR,PRY,7436
2270761,111,180,1255,2013.0,119074.0,0.0,1.419383,-0.304402,ITA,PRY,7436
2270762,114,180,1255,2013.0,1058859.0,0.0,2.333417,-0.818701,JPN,PRY,7436
2270763,121,180,1255,2013.0,966090.0,0.0,1.817145,0.835414,KOR,PRY,7436
2270764,138,180,1255,2013.0,512430.0,0.0,1.2327219999999999,0.746108,MEX,PRY,7436
2270765,153,180,1255,2013.0,164552.0,0.0,0.924532,0.671334,MYS,PRY,7436
2270766,162,180,1255,2013.0,13933.0,0.0,1.012006,1.441545,NLD,PRY,7436
2270767,163,180,1255,2013.0,119240.0,0.0,0.710901,0.062705,NOR,PRY,7436
2270768,169,180,1255,2013.0,12444.0,0.0,0.8719819999999999,1.038982,PAN,PRY,7436
2270769,173,180,1255,2013.0,3242.0,0.0,-0.640044,0.121772,PER,PRY,7436
2270770,177,180,1255,2013.0,100030.0,0.0,1.11341,0.975734,POL,PRY,7436
2270771,192,180,1255,2013.0,71467.0,0.0,1.844685,0.639379,SGP,PRY,7436
2270772,207,180,1255,2013.0,3199.0,0.0,1.55922,0.565874,SVN,PRY,7436
2270773,208,180,1255,2013.0,17021.0,0.0,1.7851290000000002,0.182623,SWE,PRY,7436
2270774,216,180,1255,2013.0,56730.0,0.0,1.067287,1.2767110000000002,THA,PRY,7436
2270775,224,180,1255,2013.0,36153.0,0.0,0.580016,2.394812,TUR,PRY,7436
2270776,230,180,1255,2013.0,17781.0,29717.0,0.128825,0.02334,URY,PRY,7436
2270777,231,180,1255,2013.0,1610660.0,5161.0,1.612058,-0.8592989999999999,USA,PRY,7436
2270778,246,180,1255,2013.0,1467.0,0.0,0.11624100000000001,1.574591,ZAF,PRY,7436
2270779,249,180,1255,2013.0,33697.0,0.0,1.7382849999999999,0.9917739999999999,TWN,PRY,7436
2270780,0,181,1255,2013.0,10213.0,0.0,0.598533,0.032199,ABW,PSE,7436
2270781,14,181,1255,2013.0,4568.0,0.0,-0.63369,-0.276328,AUS,PSE,7436
2270782,15,181,1255,2013.0,28170.0,0.0,1.855434,-1.06494,AUT,PSE,7436
2270783,18,181,1255,2013.0,6112.0,0.0,1.198491,1.117268,BEL,PSE,7436
2270784,39,181,1255,2013.0,3424.0,0.0,0.599305,1.193591,CAN,PSE,7436
2270785,41,181,1255,2013.0,3099.0,0.0,2.0899229999999998,0.661667,CHE,PSE,7436
2270786,43,181,1255,2013.0,539124.0,0.0,1.24864,0.667713,CHN,PSE,7436
2270787,58,181,1255,2013.0,56874.0,0.0,0.36482800000000004,0.527544,CYP,PSE,7436
2270788,59,181,1255,2013.0,11897.0,0.0,1.829509,-0.41787700000000005,CZE,PSE,7436
2270789,61,181,1255,2013.0,5168118.0,0.0,2.1086869999999998,-3.7092,DEU,PSE,7436
2270790,71,181,1255,2013.0,10249.0,0.0,0.955472,1.80005,ESP,PSE,7436
2270791,77,181,1255,2013.0,84832.0,0.0,1.5253299999999999,0.026146,FRA,PSE,7436
2270792,81,181,1255,2013.0,9548.0,0.0,1.628465,0.77075,GBR,PSE,7436
2270793,90,181,1255,2013.0,1501.0,0.0,0.073442,0.9857899999999999,GRC,PSE,7436
2270794,97,181,1255,2013.0,8486.0,0.0,0.791401,1.249845,HKG,PSE,7436
2270795,104,181,1255,2013.0,4779.0,0.0,0.18186,2.647598,IND,PSE,7436
2270796,110,181,1255,2013.0,1852449.0,42394.0,1.0247629999999999,0.8261639999999999,ISR,PSE,7436
2270797,111,181,1255,2013.0,31077.0,0.0,1.419383,-0.304402,ITA,PSE,7436
2270798,113,181,1255,2013.0,28844.0,0.0,0.1888,0.596867,JOR,PSE,7436
2270799,121,181,1255,2013.0,157403.0,0.0,1.817145,0.835414,KOR,PSE,7436
2270800,138,181,1255,2013.0,1692.0,0.0,1.2327219999999999,0.746108,MEX,PSE,7436
2270801,174,181,1255,2013.0,1447.0,0.0,0.639083,0.45816899999999994,PHL,PSE,7436
2270802,177,181,1255,2013.0,27112.0,0.0,1.11341,0.975734,POL,PSE,7436
2270803,192,181,1255,2013.0,10128.0,0.0,1.844685,0.639379,SGP,PSE,7436
2270804,208,181,1255,2013.0,1717.0,0.0,1.7851290000000002,0.182623,SWE,PSE,7436
2270805,223,181,1255,2013.0,8675.0,0.0,0.40154,0.902177,TUN,PSE,7436
2270806,224,181,1255,2013.0,91493.0,0.0,0.580016,2.394812,TUR,PSE,7436
2270807,231,181,1255,2013.0,10022.0,0.0,1.612058,-0.8592989999999999,USA,PSE,7436
2270808,249,181,1255,2013.0,3426.0,0.0,1.7382849999999999,0.9917739999999999,TWN,PSE,7436
2270809,4,183,1255,2013.0,6398.0,0.0,-0.44779300000000005,-0.13181700000000002,ALB,QAT,7436
2270810,7,183,1255,2013.0,1769406.0,0.0,-0.338417,-0.754102,ARE,QAT,7436
2270811,8,183,1255,2013.0,2829.0,0.0,0.042829,0.461002,ARG,QAT,7436
2270812,14,183,1255,2013.0,120210.0,0.0,-0.63369,-0.276328,AUS,QAT,7436
2270813,15,183,1255,2013.0,232418.0,0.0,1.855434,-1.06494,AUT,QAT,7436
2270814,16,183,1255,2013.0,17494.0,12831.0,-1.319766,-1.200648,AZE,QAT,7436
2270815,18,183,1255,2013.0,2369768.0,220922.0,1.198491,1.117268,BEL,QAT,7436
2270816,22,183,1255,2013.0,0.0,7355.0,-0.835666,-0.8088810000000001,BGD,QAT,7436
2270817,24,183,1255,2013.0,297072.0,0.0,0.080634,-0.6828890000000001,BHR,QAT,7436
2270818,26,183,1255,2013.0,5128.0,0.0,0.723658,0.9271879999999999,BIH,QAT,7436
2270819,32,183,1255,2013.0,21768.0,0.0,0.2804,0.649729,BRA,QAT,7436
2270820,39,183,1255,2013.0,1185021.0,0.0,0.599305,1.193591,CAN,QAT,7436
2270821,41,183,1255,2013.0,786296.0,38153.0,2.0899229999999998,0.661667,CHE,QAT,7436
2270822,43,183,1255,2013.0,3485125.0,0.0,1.24864,0.667713,CHN,QAT,7436
2270823,58,183,1255,2013.0,94004.0,0.0,0.36482800000000004,0.527544,CYP,QAT,7436
2270824,59,183,1255,2013.0,148141.0,0.0,1.829509,-0.41787700000000005,CZE,QAT,7436
2270825,61,183,1255,2013.0,15669689.0,0.0,2.1086869999999998,-3.7092,DEU,QAT,7436
2270826,64,183,1255,2013.0,445576.0,1145.0,1.190302,1.062991,DNK,QAT,7436
2270827,68,183,1255,2013.0,2863.0,3268.0,-0.12015799999999999,1.793363,EGY,QAT,7436
2270828,71,183,1255,2013.0,726980.0,0.0,0.955472,1.80005,ESP,QAT,7436
2270829,74,183,1255,2013.0,267849.0,0.0,1.700282,0.867677,FIN,QAT,7436
2270830,77,183,1255,2013.0,1062482.0,0.0,1.5253299999999999,0.026146,FRA,QAT,7436
2270831,81,183,1255,2013.0,8379476.0,4461.0,1.628465,0.77075,GBR,QAT,7436
2270832,83,183,1255,2013.0,0.0,5132.0,-0.696971,-0.5807939999999999,GHA,QAT,7436
2270833,102,183,1255,2013.0,75372.0,0.0,1.6962560000000002,0.45460600000000007,HUN,QAT,7436
2270834,103,183,1255,2013.0,158853.0,0.0,-0.006876999999999999,1.8336569999999999,IDN,QAT,7436
2270835,104,183,1255,2013.0,2759619.0,0.0,0.18186,2.647598,IND,QAT,7436
2270836,106,183,1255,2013.0,54904.0,0.0,1.32787,0.394579,IRL,QAT,7436
2270837,107,183,1255,2013.0,3471.0,1233.0,-0.23625100000000002,-0.256067,IRN,QAT,7436
2270838,111,183,1255,2013.0,36303732.0,26693.0,1.419383,-0.304402,ITA,QAT,7436
2270839,113,183,1255,2013.0,13108.0,0.0,0.1888,0.596867,JOR,QAT,7436
2270840,114,183,1255,2013.0,3011961.0,0.0,2.333417,-0.818701,JPN,QAT,7436
2270841,116,183,1255,2013.0,4041.0,0.0,-0.303119,0.626786,KEN,QAT,7436
2270842,121,183,1255,2013.0,592132.0,0.0,1.817145,0.835414,KOR,QAT,7436
2270843,124,183,1255,2013.0,41526.0,0.0,0.37392800000000004,1.413136,LBN,QAT,7436
2270844,130,183,1255,2013.0,25473.0,0.0,0.677986,1.29227,LTU,QAT,7436
2270845,131,183,1255,2013.0,20199.0,0.0,1.0110190000000001,1.123226,LUX,QAT,7436
2270846,134,183,1255,2013.0,4997.0,0.0,-0.474872,0.178118,MAR,QAT,7436
2270847,138,183,1255,2013.0,321013.0,0.0,1.2327219999999999,0.746108,MEX,QAT,7436
2270848,142,183,1255,2013.0,1637.0,0.0,0.710108,-0.014586000000000002,MLT,QAT,7436
2270849,153,183,1255,2013.0,1640027.0,0.0,0.924532,0.671334,MYS,QAT,7436
2270850,162,183,1255,2013.0,8123293.0,0.0,1.012006,1.441545,NLD,QAT,7436
2270851,163,183,1255,2013.0,462272.0,2950.0,0.710901,0.062705,NOR,QAT,7436
2270852,166,183,1255,2013.0,1170.0,0.0,0.192237,0.429825,NZL,QAT,7436
2270853,167,183,1255,2013.0,67977.0,87010.0,-0.698693,-1.030814,OMN,QAT,7436
2270854,168,183,1255,2013.0,1934.0,0.0,-0.697224,0.501576,PAK,QAT,7436
2270855,174,183,1255,2013.0,12059.0,0.0,0.639083,0.45816899999999994,PHL,QAT,7436
2270856,177,183,1255,2013.0,121649.0,0.0,1.11341,0.975734,POL,QAT,7436
2270857,185,183,1255,2013.0,14752.0,0.0,1.05722,1.0968799999999999,ROU,QAT,7436
2270858,188,183,1255,2013.0,1385941.0,0.0,-0.14823599999999998,-0.883965,SAU,QAT,7436
2270859,190,183,1255,2013.0,0.0,2913.0,-1.224897,-1.059517,SDN,QAT,7436
2270860,192,183,1255,2013.0,585825.0,0.0,1.844685,0.639379,SGP,QAT,7436
2270861,201,183,1255,2013.0,0.0,1113.0,0.609755,1.355304,SRB,QAT,7436
2270862,206,183,1255,2013.0,36615.0,0.0,1.510052,0.7060310000000001,SVK,QAT,7436
2270863,207,183,1255,2013.0,15273.0,0.0,1.55922,0.565874,SVN,QAT,7436
2270864,208,183,1255,2013.0,2391174.0,0.0,1.7851290000000002,0.182623,SWE,QAT,7436
2270865,216,183,1255,2013.0,665088.0,0.0,1.067287,1.2767110000000002,THA,QAT,7436
2270866,223,183,1255,2013.0,11581.0,0.0,0.40154,0.902177,TUN,QAT,7436
2270867,224,183,1255,2013.0,769358.0,0.0,0.580016,2.394812,TUR,QAT,7436
2270868,226,183,1255,2013.0,0.0,1756.0,-0.654655,0.903574,TZA,QAT,7436
2270869,231,183,1255,2013.0,19907226.0,12618.0,1.612058,-0.8592989999999999,USA,QAT,7436
2270870,239,183,1255,2013.0,6586.0,2088.0,0.009264,1.182368,VNM,QAT,7436
2270871,246,183,1255,2013.0,41393.0,0.0,0.11624100000000001,1.574591,ZAF,QAT,7436
2270872,249,183,1255,2013.0,116038.0,0.0,1.7382849999999999,0.9917739999999999,TWN,QAT,7436
2270873,2,188,1255,2013.0,0.0,23385.0,-1.240877,-1.073797,AGO,SAU,7436
2270874,7,188,1255,2013.0,33610996.0,3541768.0,-0.338417,-0.754102,ARE,SAU,7436
2270875,8,188,1255,2013.0,26141.0,3376.0,0.042829,0.461002,ARG,SAU,7436
2270876,14,188,1255,2013.0,737541.0,14116.0,-0.63369,-0.276328,AUS,SAU,7436
2270877,15,188,1255,2013.0,5391604.0,3311.0,1.855434,-1.06494,AUT,SAU,7436
2270878,18,188,1255,2013.0,9881792.0,1369578.0,1.198491,1.117268,BEL,SAU,7436
2270879,23,188,1255,2013.0,48583.0,0.0,0.622325,1.5506229999999999,BGR,SAU,7436
2270880,24,188,1255,2013.0,937200.0,486469.0,0.080634,-0.6828890000000001,BHR,SAU,7436
2270881,26,188,1255,2013.0,69265.0,0.0,0.723658,0.9271879999999999,BIH,SAU,7436
2270882,28,188,1255,2013.0,0.0,3430.0,1.183522,0.934159,BLR,SAU,7436
2270883,31,188,1255,2013.0,0.0,3311.0,-1.1429610000000001,-1.0076120000000002,BOL,SAU,7436
2270884,32,188,1255,2013.0,161090.0,2224.0,0.2804,0.649729,BRA,SAU,7436
2270885,39,188,1255,2013.0,12766249.0,50847.0,0.599305,1.193591,CAN,SAU,7436
2270886,41,188,1255,2013.0,11382769.0,310411.0,2.0899229999999998,0.661667,CHE,SAU,7436
2270887,43,188,1255,2013.0,33446282.0,3102.0,1.24864,0.667713,CHN,SAU,7436
2270888,44,188,1255,2013.0,0.0,1592.0,-1.0025870000000001,-0.901658,CIV,SAU,7436
2270889,45,188,1255,2013.0,0.0,1554.0,-0.93575,-1.003851,CMR,SAU,7436
2270890,49,188,1255,2013.0,0.0,207774.0,0.034491,-0.36975,COL,SAU,7436
2270891,58,188,1255,2013.0,96238.0,0.0,0.36482800000000004,0.527544,CYP,SAU,7436
2270892,59,188,1255,2013.0,3588303.0,11190.0,1.829509,-0.41787700000000005,CZE,SAU,7436
2270893,61,188,1255,2013.0,71961872.0,123917.0,2.1086869999999998,-3.7092,DEU,SAU,7436
2270894,64,188,1255,2013.0,854105.0,0.0,1.190302,1.062991,DNK,SAU,7436
2270895,65,188,1255,2013.0,0.0,1745.0,-0.272579,0.42750699999999997,DOM,SAU,7436
2270896,66,188,1255,2013.0,0.0,325768.0,-1.53603,-1.104965,DZA,SAU,7436
2270897,67,188,1255,2013.0,0.0,18914.0,-0.8251790000000001,-0.9347200000000001,ECU,SAU,7436
2270898,68,188,1255,2013.0,165534.0,324030.0,-0.12015799999999999,1.793363,EGY,SAU,7436
2270899,71,188,1255,2013.0,12062900.0,0.0,0.955472,1.80005,ESP,SAU,7436
2270900,72,188,1255,2013.0,352747.0,4446.0,0.923321,1.290016,EST,SAU,7436
2270901,73,188,1255,2013.0,0.0,4758.0,-1.1373090000000001,-0.89186,ETH,SAU,7436
2270902,74,188,1255,2013.0,341855.0,106641.0,1.700282,0.867677,FIN,SAU,7436
2270903,77,188,1255,2013.0,6896096.0,86547.0,1.5253299999999999,0.026146,FRA,SAU,7436
2270904,81,188,1255,2013.0,16163941.0,95028.0,1.628465,0.77075,GBR,SAU,7436
2270905,83,188,1255,2013.0,0.0,50655.0,-0.696971,-0.5807939999999999,GHA,SAU,7436
2270906,97,188,1255,2013.0,34531.0,17384.0,0.791401,1.249845,HKG,SAU,7436
2270907,102,188,1255,2013.0,387809.0,0.0,1.6962560000000002,0.45460600000000007,HUN,SAU,7436
2270908,103,188,1255,2013.0,1982037.0,95930.0,-0.006876999999999999,1.8336569999999999,IDN,SAU,7436
2270909,104,188,1255,2013.0,7775562.0,7220.0,0.18186,2.647598,IND,SAU,7436
2270910,106,188,1255,2013.0,1113590.0,0.0,1.32787,0.394579,IRL,SAU,7436
2270911,108,188,1255,2013.0,0.0,33333.0,-3.147217,-0.685991,IRQ,SAU,7436
2270912,111,188,1255,2013.0,25562582.0,43637.0,1.419383,-0.304402,ITA,SAU,7436
2270913,113,188,1255,2013.0,2932549.0,998232.0,0.1888,0.596867,JOR,SAU,7436
2270914,114,188,1255,2013.0,23778826.0,0.0,2.333417,-0.818701,JPN,SAU,7436
2270915,115,188,1255,2013.0,0.0,408328.0,-0.9193819999999999,-0.734194,KAZ,SAU,7436
2270916,121,188,1255,2013.0,25652516.0,1005.0,1.817145,0.835414,KOR,SAU,7436
2270917,122,188,1255,2013.0,354052.0,1135766.0,-1.198985,-1.057248,KWT,SAU,7436
2270918,124,188,1255,2013.0,429635.0,257662.0,0.37392800000000004,1.413136,LBN,SAU,7436
2270919,131,188,1255,2013.0,230412.0,0.0,1.0110190000000001,1.123226,LUX,SAU,7436
2270920,134,188,1255,2013.0,617708.0,180772.0,-0.474872,0.178118,MAR,SAU,7436
2270921,136,188,1255,2013.0,1649.0,18123.0,-0.786091,-0.611478,MDG,SAU,7436
2270922,138,188,1255,2013.0,5224294.0,138630.0,1.2327219999999999,0.746108,MEX,SAU,7436
2270923,140,188,1255,2013.0,0.0,3500.0,-0.127775,0.21915900000000002,MKD,SAU,7436
2270924,142,188,1255,2013.0,23552.0,245084.0,0.710108,-0.014586000000000002,MLT,SAU,7436
2270925,148,188,1255,2013.0,0.0,102586.0,-1.681152,-1.2712350000000001,MRT,SAU,7436
2270926,153,188,1255,2013.0,2442686.0,3197896.0,0.924532,0.671334,MYS,SAU,7436
2270927,157,188,1255,2013.0,0.0,4320.0,-1.0008350000000001,-0.8325670000000001,NER,SAU,7436
2270928,162,188,1255,2013.0,28677596.0,55474.0,1.012006,1.441545,NLD,SAU,7436
2270929,163,188,1255,2013.0,352095.0,6664.0,0.710901,0.062705,NOR,SAU,7436
2270930,166,188,1255,2013.0,4630.0,7063.0,0.192237,0.429825,NZL,SAU,7436
2270931,167,188,1255,2013.0,876159.0,1011188.0,-0.698693,-1.030814,OMN,SAU,7436
2270932,168,188,1255,2013.0,228927.0,0.0,-0.697224,0.501576,PAK,SAU,7436
2270933,173,188,1255,2013.0,0.0,8811.0,-0.640044,0.121772,PER,SAU,7436
2270934,174,188,1255,2013.0,405615.0,0.0,0.639083,0.45816899999999994,PHL,SAU,7436
2270935,177,188,1255,2013.0,414014.0,79165.0,1.11341,0.975734,POL,SAU,7436
2270936,179,188,1255,2013.0,104336.0,0.0,0.705087,2.2055580000000004,PRT,SAU,7436
2270937,183,188,1255,2013.0,0.0,1385941.0,-0.583609,-1.003754,QAT,SAU,7436
2270938,185,188,1255,2013.0,145734.0,0.0,1.05722,1.0968799999999999,ROU,SAU,7436
2270939,186,188,1255,2013.0,200052.0,126470.0,-0.08233,-0.267781,RUS,SAU,7436
2270940,190,188,1255,2013.0,0.0,233375.0,-1.224897,-1.059517,SDN,SAU,7436
2270941,191,188,1255,2013.0,0.0,10136.0,-0.566624,-0.185277,SEN,SAU,7436
2270942,192,188,1255,2013.0,2427751.0,12061.0,1.844685,0.639379,SGP,SAU,7436
2270943,198,188,1255,2013.0,41052.0,0.0,1.065274,0.783734,SMR,SAU,7436
2270944,201,188,1255,2013.0,66617.0,3352.0,0.609755,1.355304,SRB,SAU,7436
2270945,206,188,1255,2013.0,307802.0,3106.0,1.510052,0.7060310000000001,SVK,SAU,7436
2270946,207,188,1255,2013.0,175435.0,0.0,1.55922,0.565874,SVN,SAU,7436
2270947,208,188,1255,2013.0,3906417.0,0.0,1.7851290000000002,0.182623,SWE,SAU,7436
2270948,212,188,1255,2013.0,0.0,209600.0,-0.09157699999999999,1.1795950000000002,SYR,SAU,7436
2270949,216,188,1255,2013.0,3216126.0,4443.0,1.067287,1.2767110000000002,THA,SAU,7436
2270950,223,188,1255,2013.0,1089742.0,1011.0,0.40154,0.902177,TUN,SAU,7436
2270951,224,188,1255,2013.0,8379169.0,65314.0,0.580016,2.394812,TUR,SAU,7436
2270952,228,188,1255,2013.0,198829.0,21390.0,0.535571,1.026263,UKR,SAU,7436
2270953,230,188,1255,2013.0,0.0,2111.0,0.128825,0.02334,URY,SAU,7436
2270954,231,188,1255,2013.0,98159360.0,3224160.0,1.612058,-0.8592989999999999,USA,SAU,7436
2270955,239,188,1255,2013.0,762727.0,2511.0,0.009264,1.182368,VNM,SAU,7436
2270956,243,188,1255,2013.0,0.0,362071.0,-1.2788700000000002,-1.230713,YEM,SAU,7436
2270957,246,188,1255,2013.0,468606.0,17689.0,0.11624100000000001,1.574591,ZAF,SAU,7436
2270958,247,188,1255,2013.0,1623.0,0.0,-0.293192,-0.42930100000000004,ZMB,SAU,7436
2270959,249,188,1255,2013.0,6839614.0,1172.0,1.7382849999999999,0.9917739999999999,TWN,SAU,7436
2270960,250,188,1255,2013.0,234177.0,0.0,0.583151,0.14238299999999998,ANS,SAU,7436
2270961,0,190,1255,2013.0,27154.0,0.0,0.598533,0.032199,ABW,SDN,7436
2270962,7,190,1255,2013.0,559430.0,0.0,-0.338417,-0.754102,ARE,SDN,7436
2270963,14,190,1255,2013.0,6456.0,0.0,-0.63369,-0.276328,AUS,SDN,7436
2270964,18,190,1255,2013.0,1050602.0,0.0,1.198491,1.117268,BEL,SDN,7436
2270965,32,190,1255,2013.0,19639.0,0.0,0.2804,0.649729,BRA,SDN,7436
2270966,38,190,1255,2013.0,19685.0,0.0,-0.476127,-0.58096,CAF,SDN,7436
2270967,39,190,1255,2013.0,22509.0,0.0,0.599305,1.193591,CAN,SDN,7436
2270968,41,190,1255,2013.0,14727.0,0.0,2.0899229999999998,0.661667,CHE,SDN,7436
2270969,43,190,1255,2013.0,11391980.0,0.0,1.24864,0.667713,CHN,SDN,7436
2270970,58,190,1255,2013.0,20872.0,0.0,0.36482800000000004,0.527544,CYP,SDN,7436
2270971,59,190,1255,2013.0,45834.0,0.0,1.829509,-0.41787700000000005,CZE,SDN,7436
2270972,61,190,1255,2013.0,1553345.0,0.0,2.1086869999999998,-3.7092,DEU,SDN,7436
2270973,64,190,1255,2013.0,1062.0,0.0,1.190302,1.062991,DNK,SDN,7436
2270974,67,190,1255,2013.0,26084.0,0.0,-0.8251790000000001,-0.9347200000000001,ECU,SDN,7436
2270975,68,190,1255,2013.0,151647.0,0.0,-0.12015799999999999,1.793363,EGY,SDN,7436
2270976,71,190,1255,2013.0,15436.0,0.0,0.955472,1.80005,ESP,SDN,7436
2270977,74,190,1255,2013.0,62135.0,0.0,1.700282,0.867677,FIN,SDN,7436
2270978,77,190,1255,2013.0,583113.0,7186.0,1.5253299999999999,0.026146,FRA,SDN,7436
2270979,80,190,1255,2013.0,31160.0,0.0,-1.652062,-1.140576,GAB,SDN,7436
2270980,81,190,1255,2013.0,129315.0,0.0,1.628465,0.77075,GBR,SDN,7436
2270981,84,190,1255,2013.0,17015.0,0.0,0.348423,-0.521683,GIB,SDN,7436
2270982,97,190,1255,2013.0,3793.0,0.0,0.791401,1.249845,HKG,SDN,7436
2270983,103,190,1255,2013.0,33370.0,0.0,-0.006876999999999999,1.8336569999999999,IDN,SDN,7436
2270984,104,190,1255,2013.0,589167.0,0.0,0.18186,2.647598,IND,SDN,7436
2270985,106,190,1255,2013.0,5469.0,0.0,1.32787,0.394579,IRL,SDN,7436
2270986,111,190,1255,2013.0,1139896.0,0.0,1.419383,-0.304402,ITA,SDN,7436
2270987,113,190,1255,2013.0,56937.0,0.0,0.1888,0.596867,JOR,SDN,7436
2270988,114,190,1255,2013.0,80968.0,0.0,2.333417,-0.818701,JPN,SDN,7436
2270989,121,190,1255,2013.0,319229.0,0.0,1.817145,0.835414,KOR,SDN,7436
2270990,123,190,1255,2013.0,202424.0,0.0,-0.907169,-0.587529,LAO,SDN,7436
2270991,124,190,1255,2013.0,99072.0,0.0,0.37392800000000004,1.413136,LBN,SDN,7436
2270992,134,190,1255,2013.0,4558.0,0.0,-0.474872,0.178118,MAR,SDN,7436
2270993,153,190,1255,2013.0,107132.0,0.0,0.924532,0.671334,MYS,SDN,7436
2270994,162,190,1255,2013.0,238069.0,0.0,1.012006,1.441545,NLD,SDN,7436
2270995,168,190,1255,2013.0,19807.0,0.0,-0.697224,0.501576,PAK,SDN,7436
2270996,177,190,1255,2013.0,2643.0,0.0,1.11341,0.975734,POL,SDN,7436
2270997,179,190,1255,2013.0,11143.0,0.0,0.705087,2.2055580000000004,PRT,SDN,7436
2270998,183,190,1255,2013.0,2913.0,0.0,-0.583609,-1.003754,QAT,SDN,7436
2270999,185,190,1255,2013.0,10953.0,0.0,1.05722,1.0968799999999999,ROU,SDN,7436
2271000,186,190,1255,2013.0,13885.0,0.0,-0.08233,-0.267781,RUS,SDN,7436
2271001,188,190,1255,2013.0,233375.0,0.0,-0.14823599999999998,-0.883965,SAU,SDN,7436
2271002,192,190,1255,2013.0,172994.0,0.0,1.844685,0.639379,SGP,SDN,7436
2271003,201,190,1255,2013.0,2279.0,0.0,0.609755,1.355304,SRB,SDN,7436
2271004,208,190,1255,2013.0,250845.0,0.0,1.7851290000000002,0.182623,SWE,SDN,7436
2271005,213,190,1255,2013.0,1258.0,0.0,0.6284609999999999,0.142692,TCA,SDN,7436
2271006,216,190,1255,2013.0,228066.0,0.0,1.067287,1.2767110000000002,THA,SDN,7436
2271007,219,190,1255,2013.0,1253.0,0.0,-1.174981,-1.14869,TKM,SDN,7436
2271008,224,190,1255,2013.0,722593.0,0.0,0.580016,2.394812,TUR,SDN,7436
2271009,227,190,1255,2013.0,10784.0,0.0,-0.46170100000000003,0.652878,UGA,SDN,7436
2271010,228,190,1255,2013.0,138398.0,0.0,0.535571,1.026263,UKR,SDN,7436
2271011,231,190,1255,2013.0,4045.0,0.0,1.612058,-0.8592989999999999,USA,SDN,7436
2271012,233,190,1255,2013.0,2087.0,0.0,1.07246,0.190394,VAT,SDN,7436
2271013,234,190,1255,2013.0,1491.0,0.0,0.39042899999999997,-0.042089,VCT,SDN,7436
2271014,246,190,1255,2013.0,59021.0,0.0,0.11624100000000001,1.574591,ZAF,SDN,7436
2271015,249,190,1255,2013.0,28635.0,0.0,1.7382849999999999,0.9917739999999999,TWN,SDN,7436
2271016,2,192,1255,2013.0,0.0,1053798.0,-1.240877,-1.073797,AGO,SGP,7436
2271017,7,192,1255,2013.0,359983.0,5009259.0,-0.338417,-0.754102,ARE,SGP,7436
2271018,8,192,1255,2013.0,77692.0,93556.0,0.042829,0.461002,ARG,SGP,7436
2271019,14,192,1255,2013.0,4025215.0,13001489.0,-0.63369,-0.276328,AUS,SGP,7436
2271020,15,192,1255,2013.0,896705.0,17525.0,1.855434,-1.06494,AUT,SGP,7436
2271021,16,192,1255,2013.0,0.0,2298858.0,-1.319766,-1.200648,AZE,SGP,7436
2271022,18,192,1255,2013.0,7100245.0,108798.0,1.198491,1.117268,BEL,SGP,7436
2271023,19,192,1255,2013.0,0.0,3984.0,-0.924213,-0.8181390000000001,BEN,SGP,7436
2271024,22,192,1255,2013.0,139060.0,3384928.0,-0.835666,-0.8088810000000001,BGD,SGP,7436
2271025,23,192,1255,2013.0,53356.0,32707.0,0.622325,1.5506229999999999,BGR,SGP,7436
2271026,24,192,1255,2013.0,57394.0,134749.0,0.080634,-0.6828890000000001,BHR,SGP,7436
2271027,26,192,1255,2013.0,35242.0,42731.0,0.723658,0.9271879999999999,BIH,SGP,7436
2271028,28,192,1255,2013.0,0.0,5115.0,1.183522,0.934159,BLR,SGP,7436
2271029,31,192,1255,2013.0,3132.0,1056.0,-1.1429610000000001,-1.0076120000000002,BOL,SGP,7436
2271030,32,192,1255,2013.0,536928.0,745700.0,0.2804,0.649729,BRA,SGP,7436
2271031,33,192,1255,2013.0,0.0,12411.0,0.607845,0.09196,BRB,SGP,7436
2271032,34,192,1255,2013.0,33033.0,2371320.0,-1.664,-0.663172,BRN,SGP,7436
2271033,35,192,1255,2013.0,0.0,1674.0,-0.026632999999999997,-0.608414,BTN,SGP,7436
2271034,39,192,1255,2013.0,5425160.0,1139150.0,0.599305,1.193591,CAN,SGP,7436
2271035,41,192,1255,2013.0,5413984.0,94934.0,2.0899229999999998,0.661667,CHE,SGP,7436
2271036,42,192,1255,2013.0,0.0,1168942.0,-0.184556,-0.238657,CHL,SGP,7436
2271037,43,192,1255,2013.0,48978488.0,13468310.0,1.24864,0.667713,CHN,SGP,7436
2271038,44,192,1255,2013.0,0.0,12037.0,-1.0025870000000001,-0.901658,CIV,SGP,7436
2271039,45,192,1255,2013.0,0.0,194893.0,-0.93575,-1.003851,CMR,SGP,7436
2271040,46,192,1255,2013.0,21529.0,0.0,-1.450075,-1.115916,COD,SGP,7436
2271041,47,192,1255,2013.0,0.0,72902.0,-1.478461,-1.094509,COG,SGP,7436
2271042,49,192,1255,2013.0,0.0,1488472.0,0.034491,-0.36975,COL,SGP,7436
2271043,52,192,1255,2013.0,9560.0,12170.0,0.208669,-0.54783,CRI,SGP,7436
2271044,58,192,1255,2013.0,4718.0,103762.0,0.36482800000000004,0.527544,CYP,SGP,7436
2271045,59,192,1255,2013.0,7051961.0,98268.0,1.829509,-0.41787700000000005,CZE,SGP,7436
2271046,61,192,1255,2013.0,52665016.0,1300973.0,2.1086869999999998,-3.7092,DEU,SGP,7436
2271047,64,192,1255,2013.0,3313732.0,228888.0,1.190302,1.062991,DNK,SGP,7436
2271048,65,192,1255,2013.0,0.0,6521.0,-0.272579,0.42750699999999997,DOM,SGP,7436
2271049,66,192,1255,2013.0,0.0,1128595.0,-1.53603,-1.104965,DZA,SGP,7436
2271050,67,192,1255,2013.0,0.0,350748.0,-0.8251790000000001,-0.9347200000000001,ECU,SGP,7436
2271051,68,192,1255,2013.0,131834.0,149508.0,-0.12015799999999999,1.793363,EGY,SGP,7436
2271052,71,192,1255,2013.0,2642572.0,115146.0,0.955472,1.80005,ESP,SGP,7436
2271053,72,192,1255,2013.0,402449.0,0.0,0.923321,1.290016,EST,SGP,7436
2271054,74,192,1255,2013.0,289241.0,23327.0,1.700282,0.867677,FIN,SGP,7436
2271055,75,192,1255,2013.0,0.0,155286.0,-0.374639,-0.140308,FJI,SGP,7436
2271056,77,192,1255,2013.0,14476381.0,230402.0,1.5253299999999999,0.026146,FRA,SGP,7436
2271057,80,192,1255,2013.0,0.0,2912.0,-1.652062,-1.140576,GAB,SGP,7436
2271058,81,192,1255,2013.0,23635920.0,2512028.0,1.628465,0.77075,GBR,SGP,7436
2271059,82,192,1255,2013.0,5554.0,155269.0,-0.08343099999999999,-0.359692,GEO,SGP,7436
2271060,83,192,1255,2013.0,0.0,91212.0,-0.696971,-0.5807939999999999,GHA,SGP,7436
2271061,89,192,1255,2013.0,0.0,4970.0,-1.7984200000000001,-0.678832,GNQ,SGP,7436
2271062,90,192,1255,2013.0,161925.0,2490.0,0.073442,0.9857899999999999,GRC,SGP,7436
2271063,93,192,1255,2013.0,0.0,26490.0,-0.220165,0.661111,GTM,SGP,7436
2271064,95,192,1255,2013.0,0.0,3995.0,0.425936,-0.069886,GUM,SGP,7436
2271065,96,192,1255,2013.0,0.0,1554.0,-0.90241,-0.957449,GUY,SGP,7436
2271066,97,192,1255,2013.0,1192244.0,7122032.0,0.791401,1.249845,HKG,SGP,7436
2271067,100,192,1255,2013.0,4307.0,53042.0,0.8737309999999999,1.276091,HRV,SGP,7436
2271068,102,192,1255,2013.0,117242.0,62643.0,1.6962560000000002,0.45460600000000007,HUN,SGP,7436
2271069,103,192,1255,2013.0,16237679.0,43284564.0,-0.006876999999999999,1.8336569999999999,IDN,SGP,7436
2271070,104,192,1255,2013.0,3655859.0,7187001.0,0.18186,2.647598,IND,SGP,7436
2271071,106,192,1255,2013.0,615648.0,73495.0,1.32787,0.394579,IRL,SGP,7436
2271072,107,192,1255,2013.0,0.0,98908.0,-0.23625100000000002,-0.256067,IRN,SGP,7436
2271073,108,192,1255,2013.0,0.0,121892.0,-3.147217,-0.685991,IRQ,SGP,7436
2271074,110,192,1255,2013.0,1469061.0,5314168.0,1.0247629999999999,0.8261639999999999,ISR,SGP,7436
2271075,111,192,1255,2013.0,11932615.0,177428.0,1.419383,-0.304402,ITA,SGP,7436
2271076,112,192,1255,2013.0,0.0,22551.0,-0.364044,-0.744733,JAM,SGP,7436
2271077,114,192,1255,2013.0,26000106.0,4942796.0,2.333417,-0.818701,JPN,SGP,7436
2271078,115,192,1255,2013.0,0.0,524258.0,-0.9193819999999999,-0.734194,KAZ,SGP,7436
2271079,116,192,1255,2013.0,0.0,25346.0,-0.303119,0.626786,KEN,SGP,7436
2271080,117,192,1255,2013.0,0.0,178220.0,0.25090500000000004,0.7357279999999999,KGZ,SGP,7436
2271081,118,192,1255,2013.0,0.0,197347.0,-0.634876,-0.714886,KHM,SGP,7436
2271082,121,192,1255,2013.0,10380284.0,7843737.0,1.817145,0.835414,KOR,SGP,7436
2271083,122,192,1255,2013.0,847470.0,637207.0,-1.198985,-1.057248,KWT,SGP,7436
2271084,123,192,1255,2013.0,0.0,20921.0,-0.907169,-0.587529,LAO,SGP,7436
2271085,124,192,1255,2013.0,0.0,32163.0,0.37392800000000004,1.413136,LBN,SGP,7436
2271086,125,192,1255,2013.0,7334.0,0.0,-0.8343229999999999,-0.992129,LBR,SGP,7436
2271087,126,192,1255,2013.0,0.0,161881.0,-1.871593,-1.1211790000000001,LBY,SGP,7436
2271088,128,192,1255,2013.0,1443.0,695156.0,-0.320583,0.44462399999999996,LKA,SGP,7436
2271089,130,192,1255,2013.0,33433.0,54243.0,0.677986,1.29227,LTU,SGP,7436
2271090,131,192,1255,2013.0,7115.0,0.0,1.0110190000000001,1.123226,LUX,SGP,7436
2271091,132,192,1255,2013.0,18016.0,5835.0,0.652463,1.299917,LVA,SGP,7436
2271092,133,192,1255,2013.0,0.0,26242.0,0.43873,0.275559,MAC,SGP,7436
2271093,134,192,1255,2013.0,0.0,56676.0,-0.474872,0.178118,MAR,SGP,7436
2271094,135,192,1255,2013.0,0.0,5138.0,0.14256,0.33920700000000004,MDA,SGP,7436
2271095,136,192,1255,2013.0,0.0,3589.0,-0.786091,-0.611478,MDG,SGP,7436
2271096,137,192,1255,2013.0,0.0,469183.0,-0.510204,-0.740372,MDV,SGP,7436
2271097,138,192,1255,2013.0,3265357.0,4829747.0,1.2327219999999999,0.746108,MEX,SGP,7436
2271098,139,192,1255,2013.0,0.0,22425.0,-0.9199700000000001,-0.776832,MHL,SGP,7436
2271099,142,192,1255,2013.0,0.0,13081.0,0.710108,-0.014586000000000002,MLT,SGP,7436
2271100,143,192,1255,2013.0,13008.0,2196083.0,-1.147086,-0.6888989999999999,MMR,SGP,7436
2271101,145,192,1255,2013.0,5311.0,29811.0,-1.264785,-1.133222,MNG,SGP,7436
2271102,146,192,1255,2013.0,0.0,11458.0,0.80814,0.127585,MNP,SGP,7436
2271103,147,192,1255,2013.0,15831.0,2795.0,-1.131512,-0.8923840000000001,MOZ,SGP,7436
2271104,148,192,1255,2013.0,0.0,3751.0,-1.681152,-1.2712350000000001,MRT,SGP,7436
2271105,151,192,1255,2013.0,0.0,72669.0,-0.092312,0.050927,MUS,SGP,7436
2271106,153,192,1255,2013.0,24497190.0,30492878.0,0.924532,0.671334,MYS,SGP,7436
2271107,155,192,1255,2013.0,0.0,48705.0,-0.316805,-0.38759099999999996,NAM,SGP,7436
2271108,156,192,1255,2013.0,0.0,74161.0,-0.262882,-0.63858,NCL,SGP,7436
2271109,159,192,1255,2013.0,0.0,429425.0,-1.679402,-1.14686,NGA,SGP,7436
2271110,160,192,1255,2013.0,0.0,11028.0,-0.7956479999999999,-0.596061,NIC,SGP,7436
2271111,162,192,1255,2013.0,11928908.0,1359266.0,1.012006,1.441545,NLD,SGP,7436
2271112,163,192,1255,2013.0,902275.0,180563.0,0.710901,0.062705,NOR,SGP,7436
2271113,164,192,1255,2013.0,0.0,40490.0,-0.08623,0.5143939999999999,NPL,SGP,7436
2271114,166,192,1255,2013.0,214929.0,2488786.0,0.192237,0.429825,NZL,SGP,7436
2271115,167,192,1255,2013.0,109752.0,1414126.0,-0.698693,-1.030814,OMN,SGP,7436
2271116,168,192,1255,2013.0,0.0,832760.0,-0.697224,0.501576,PAK,SGP,7436
2271117,169,192,1255,2013.0,0.0,67527.0,0.8719819999999999,1.038982,PAN,SGP,7436
2271118,173,192,1255,2013.0,0.0,73595.0,-0.640044,0.121772,PER,SGP,7436
2271119,174,192,1255,2013.0,1907176.0,5564048.0,0.639083,0.45816899999999994,PHL,SGP,7436
2271120,175,192,1255,2013.0,0.0,844571.0,0.661385,-0.41401899999999997,PLW,SGP,7436
2271121,176,192,1255,2013.0,0.0,1599297.0,-1.508233,-1.163478,PNG,SGP,7436
2271122,177,192,1255,2013.0,313553.0,49033.0,1.11341,0.975734,POL,SGP,7436
2271123,178,192,1255,2013.0,0.0,94701.0,-0.304923,-0.301578,PRK,SGP,7436
2271124,179,192,1255,2013.0,87674.0,25156.0,0.705087,2.2055580000000004,PRT,SGP,7436
2271125,180,192,1255,2013.0,0.0,71467.0,-0.560661,-0.822876,PRY,SGP,7436
2271126,181,192,1255,2013.0,0.0,10128.0,0.103716,0.762259,PSE,SGP,7436
2271127,182,192,1255,2013.0,0.0,25088.0,-0.118172,-0.620256,PYF,SGP,7436
2271128,183,192,1255,2013.0,0.0,585825.0,-0.583609,-1.003754,QAT,SGP,7436
2271129,185,192,1255,2013.0,1366.0,5347.0,1.05722,1.0968799999999999,ROU,SGP,7436
2271130,186,192,1255,2013.0,182310.0,2237303.0,-0.08233,-0.267781,RUS,SGP,7436
2271131,187,192,1255,2013.0,0.0,2937.0,-0.535446,-0.662881,RWA,SGP,7436
2271132,188,192,1255,2013.0,12061.0,2427751.0,-0.14823599999999998,-0.883965,SAU,SGP,7436
2271133,190,192,1255,2013.0,0.0,172994.0,-1.224897,-1.059517,SDN,SGP,7436
2271134,195,192,1255,2013.0,0.0,5433.0,-1.092566,-0.7936310000000001,SLB,SGP,7436
2271135,197,192,1255,2013.0,0.0,22763.0,0.104046,0.46966,SLV,SGP,7436
2271136,201,192,1255,2013.0,0.0,1309.0,0.609755,1.355304,SRB,SGP,7436
2271137,205,192,1255,2013.0,0.0,9059.0,-0.25729,-0.651541,SUR,SGP,7436
2271138,206,192,1255,2013.0,39891.0,7736.0,1.510052,0.7060310000000001,SVK,SGP,7436
2271139,207,192,1255,2013.0,243498.0,37136.0,1.55922,0.565874,SVN,SGP,7436
2271140,208,192,1255,2013.0,4187353.0,72829.0,1.7851290000000002,0.182623,SWE,SGP,7436
2271141,211,192,1255,2013.0,0.0,101893.0,0.06901,-0.438229,SYC,SGP,7436
2271142,215,192,1255,2013.0,0.0,18320.0,-0.532095,-0.434276,TGO,SGP,7436
2271143,216,192,1255,2013.0,5730654.0,8143788.0,1.067287,1.2767110000000002,THA,SGP,7436
2271144,219,192,1255,2013.0,0.0,178269.0,-1.174981,-1.14869,TKM,SGP,7436
2271145,220,192,1255,2013.0,0.0,39827.0,-0.5989939999999999,-0.649891,TLS,SGP,7436
2271146,221,192,1255,2013.0,0.0,32498.0,0.31217399999999995,-0.21186,TON,SGP,7436
2271147,222,192,1255,2013.0,7781.0,64905.0,-0.399437,-1.047864,TTO,SGP,7436
2271148,223,192,1255,2013.0,33174.0,65466.0,0.40154,0.902177,TUN,SGP,7436
2271149,224,192,1255,2013.0,426096.0,620041.0,0.580016,2.394812,TUR,SGP,7436
2271150,226,192,1255,2013.0,0.0,456892.0,-0.654655,0.903574,TZA,SGP,7436
2271151,227,192,1255,2013.0,0.0,14354.0,-0.46170100000000003,0.652878,UGA,SGP,7436
2271152,228,192,1255,2013.0,6913.0,128232.0,0.535571,1.026263,UKR,SGP,7436
2271153,230,192,1255,2013.0,0.0,9970.0,0.128825,0.02334,URY,SGP,7436
2271154,231,192,1255,2013.0,141671872.0,28912052.0,1.612058,-0.8592989999999999,USA,SGP,7436
2271155,236,192,1255,2013.0,0.0,602238.0,-1.281202,-1.094268,VEN,SGP,7436
2271156,239,192,1255,2013.0,413556.0,4970478.0,0.009264,1.182368,VNM,SGP,7436
2271157,242,192,1255,2013.0,0.0,12950.0,0.877785,0.277918,WSM,SGP,7436
2271158,243,192,1255,2013.0,0.0,64107.0,-1.2788700000000002,-1.230713,YEM,SGP,7436
2271159,246,192,1255,2013.0,52272.0,432863.0,0.11624100000000001,1.574591,ZAF,SGP,7436
2271160,247,192,1255,2013.0,0.0,24367.0,-0.293192,-0.42930100000000004,ZMB,SGP,7436
2271161,248,192,1255,2013.0,0.0,4095.0,-0.841968,-0.898121,ZWE,SGP,7436
2271162,249,192,1255,2013.0,4256085.0,4446824.0,1.7382849999999999,0.9917739999999999,TWN,SGP,7436
2271163,8,197,1255,2013.0,7217.0,0.0,0.042829,0.461002,ARG,SLV,7436
2271164,14,197,1255,2013.0,3817.0,0.0,-0.63369,-0.276328,AUS,SLV,7436
2271165,15,197,1255,2013.0,25842.0,0.0,1.855434,-1.06494,AUT,SLV,7436
2271166,18,197,1255,2013.0,6773.0,0.0,1.198491,1.117268,BEL,SLV,7436
2271167,23,197,1255,2013.0,13205.0,0.0,0.622325,1.5506229999999999,BGR,SLV,7436
2271168,32,197,1255,2013.0,583089.0,0.0,0.2804,0.649729,BRA,SLV,7436
2271169,39,197,1255,2013.0,72687.0,0.0,0.599305,1.193591,CAN,SLV,7436
2271170,41,197,1255,2013.0,7695.0,0.0,2.0899229999999998,0.661667,CHE,SLV,7436
2271171,42,197,1255,2013.0,25231.0,0.0,-0.184556,-0.238657,CHL,SLV,7436
2271172,43,197,1255,2013.0,531695.0,0.0,1.24864,0.667713,CHN,SLV,7436
2271173,49,197,1255,2013.0,191548.0,13755.0,0.034491,-0.36975,COL,SLV,7436
2271174,52,197,1255,2013.0,38363.0,37634.0,0.208669,-0.54783,CRI,SLV,7436
2271175,59,197,1255,2013.0,11129.0,0.0,1.829509,-0.41787700000000005,CZE,SLV,7436
2271176,61,197,1255,2013.0,526648.0,0.0,2.1086869999999998,-3.7092,DEU,SLV,7436
2271177,64,197,1255,2013.0,12769.0,0.0,1.190302,1.062991,DNK,SLV,7436
2271178,65,197,1255,2013.0,0.0,13730.0,-0.272579,0.42750699999999997,DOM,SLV,7436
2271179,67,197,1255,2013.0,0.0,4509.0,-0.8251790000000001,-0.9347200000000001,ECU,SLV,7436
2271180,71,197,1255,2013.0,142433.0,0.0,0.955472,1.80005,ESP,SLV,7436
2271181,72,197,1255,2013.0,107810.0,0.0,0.923321,1.290016,EST,SLV,7436
2271182,74,197,1255,2013.0,16637.0,0.0,1.700282,0.867677,FIN,SLV,7436
2271183,77,197,1255,2013.0,34624.0,0.0,1.5253299999999999,0.026146,FRA,SLV,7436
2271184,81,197,1255,2013.0,144028.0,0.0,1.628465,0.77075,GBR,SLV,7436
2271185,90,197,1255,2013.0,1645.0,0.0,0.073442,0.9857899999999999,GRC,SLV,7436
2271186,93,197,1255,2013.0,461398.0,216669.0,-0.220165,0.661111,GTM,SLV,7436
2271187,97,197,1255,2013.0,9062.0,0.0,0.791401,1.249845,HKG,SLV,7436
2271188,99,197,1255,2013.0,1118.0,209870.0,-0.6661060000000001,-0.38619699999999996,HND,SLV,7436
2271189,102,197,1255,2013.0,2465.0,0.0,1.6962560000000002,0.45460600000000007,HUN,SLV,7436
2271190,103,197,1255,2013.0,28363.0,0.0,-0.006876999999999999,1.8336569999999999,IDN,SLV,7436
2271191,104,197,1255,2013.0,15903.0,0.0,0.18186,2.647598,IND,SLV,7436
2271192,106,197,1255,2013.0,3159.0,0.0,1.32787,0.394579,IRL,SLV,7436
2271193,110,197,1255,2013.0,78713.0,0.0,1.0247629999999999,0.8261639999999999,ISR,SLV,7436
2271194,111,197,1255,2013.0,53403.0,0.0,1.419383,-0.304402,ITA,SLV,7436
2271195,112,197,1255,2013.0,15074.0,0.0,-0.364044,-0.744733,JAM,SLV,7436
2271196,114,197,1255,2013.0,179664.0,0.0,2.333417,-0.818701,JPN,SLV,7436
2271197,116,197,1255,2013.0,9226.0,0.0,-0.303119,0.626786,KEN,SLV,7436
2271198,121,197,1255,2013.0,219485.0,0.0,1.817145,0.835414,KOR,SLV,7436
2271199,138,197,1255,2013.0,1009655.0,0.0,1.2327219999999999,0.746108,MEX,SLV,7436
2271200,153,197,1255,2013.0,287434.0,0.0,0.924532,0.671334,MYS,SLV,7436
2271201,160,197,1255,2013.0,22498.0,83166.0,-0.7956479999999999,-0.596061,NIC,SLV,7436
2271202,162,197,1255,2013.0,35435.0,0.0,1.012006,1.441545,NLD,SLV,7436
2271203,169,197,1255,2013.0,52499.0,6062.0,0.8719819999999999,1.038982,PAN,SLV,7436
2271204,173,197,1255,2013.0,83757.0,0.0,-0.640044,0.121772,PER,SLV,7436
2271205,174,197,1255,2013.0,5770.0,0.0,0.639083,0.45816899999999994,PHL,SLV,7436
2271206,177,197,1255,2013.0,34520.0,0.0,1.11341,0.975734,POL,SLV,7436
2271207,186,197,1255,2013.0,5156.0,0.0,-0.08233,-0.267781,RUS,SLV,7436
2271208,192,197,1255,2013.0,22763.0,0.0,1.844685,0.639379,SGP,SLV,7436
2271209,206,197,1255,2013.0,11327.0,0.0,1.510052,0.7060310000000001,SVK,SLV,7436
2271210,208,197,1255,2013.0,106814.0,0.0,1.7851290000000002,0.182623,SWE,SLV,7436
2271211,216,197,1255,2013.0,3464.0,0.0,1.067287,1.2767110000000002,THA,SLV,7436
2271212,222,197,1255,2013.0,0.0,1253.0,-0.399437,-1.047864,TTO,SLV,7436
2271213,224,197,1255,2013.0,10423.0,0.0,0.580016,2.394812,TUR,SLV,7436
2271214,230,197,1255,2013.0,36411.0,0.0,0.128825,0.02334,URY,SLV,7436
2271215,231,197,1255,2013.0,3615039.0,999110.0,1.612058,-0.8592989999999999,USA,SLV,7436
2271216,236,197,1255,2013.0,8445.0,0.0,-1.281202,-1.094268,VEN,SLV,7436
2271217,246,197,1255,2013.0,14268.0,0.0,0.11624100000000001,1.574591,ZAF,SLV,7436
2271218,249,197,1255,2013.0,127979.0,0.0,1.7382849999999999,0.9917739999999999,TWN,SLV,7436
2271219,18,205,1255,2013.0,351468.0,0.0,1.198491,1.117268,BEL,SUR,7436
2271220,32,205,1255,2013.0,30817.0,0.0,0.2804,0.649729,BRA,SUR,7436
2271221,33,205,1255,2013.0,11675.0,0.0,0.607845,0.09196,BRB,SUR,7436
2271222,39,205,1255,2013.0,32543.0,0.0,0.599305,1.193591,CAN,SUR,7436
2271223,42,205,1255,2013.0,1188.0,0.0,-0.184556,-0.238657,CHL,SUR,7436
2271224,43,205,1255,2013.0,379504.0,0.0,1.24864,0.667713,CHN,SUR,7436
2271225,55,205,1255,2013.0,5870.0,0.0,-0.145402,-0.556962,CUW,SUR,7436
2271226,61,205,1255,2013.0,291058.0,0.0,2.1086869999999998,-3.7092,DEU,SUR,7436
2271227,64,205,1255,2013.0,544247.0,0.0,1.190302,1.062991,DNK,SUR,7436
2271228,65,205,1255,2013.0,3515.0,0.0,-0.272579,0.42750699999999997,DOM,SUR,7436
2271229,71,205,1255,2013.0,3341.0,0.0,0.955472,1.80005,ESP,SUR,7436
2271230,77,205,1255,2013.0,37240.0,1630.0,1.5253299999999999,0.026146,FRA,SUR,7436
2271231,81,205,1255,2013.0,25407.0,0.0,1.628465,0.77075,GBR,SUR,7436
2271232,90,205,1255,2013.0,2591.0,0.0,0.073442,0.9857899999999999,GRC,SUR,7436
2271233,96,205,1255,2013.0,1630.0,3543.0,-0.90241,-0.957449,GUY,SUR,7436
2271234,103,205,1255,2013.0,60838.0,0.0,-0.006876999999999999,1.8336569999999999,IDN,SUR,7436
2271235,104,205,1255,2013.0,11929.0,0.0,0.18186,2.647598,IND,SUR,7436
2271236,111,205,1255,2013.0,1656126.0,0.0,1.419383,-0.304402,ITA,SUR,7436
2271237,112,205,1255,2013.0,4164.0,0.0,-0.364044,-0.744733,JAM,SUR,7436
2271238,114,205,1255,2013.0,41400.0,0.0,2.333417,-0.818701,JPN,SUR,7436
2271239,121,205,1255,2013.0,197059.0,0.0,1.817145,0.835414,KOR,SUR,7436
2271240,138,205,1255,2013.0,5352.0,0.0,1.2327219999999999,0.746108,MEX,SUR,7436
2271241,162,205,1255,2013.0,1553369.0,19070.0,1.012006,1.441545,NLD,SUR,7436
2271242,169,205,1255,2013.0,4695.0,0.0,0.8719819999999999,1.038982,PAN,SUR,7436
2271243,178,205,1255,2013.0,57462.0,0.0,-0.304923,-0.301578,PRK,SUR,7436
2271244,186,205,1255,2013.0,0.0,1544.0,-0.08233,-0.267781,RUS,SUR,7436
2271245,192,205,1255,2013.0,9059.0,0.0,1.844685,0.639379,SGP,SUR,7436
2271246,216,205,1255,2013.0,27678.0,0.0,1.067287,1.2767110000000002,THA,SUR,7436
2271247,222,205,1255,2013.0,331175.0,0.0,-0.399437,-1.047864,TTO,SUR,7436
2271248,224,205,1255,2013.0,6519.0,0.0,0.580016,2.394812,TUR,SUR,7436
2271249,231,205,1255,2013.0,784015.0,102591.0,1.612058,-0.8592989999999999,USA,SUR,7436
2271250,246,205,1255,2013.0,1241.0,0.0,0.11624100000000001,1.574591,ZAF,SUR,7436
2271251,249,205,1255,2013.0,6918.0,0.0,1.7382849999999999,0.9917739999999999,TWN,SUR,7436
2271252,1,206,1255,2013.0,0.0,116917.0,-0.767212,-0.6506069999999999,AFG,SVK,7436
2271253,7,206,1255,2013.0,0.0,274590.0,-0.338417,-0.754102,ARE,SVK,7436
2271254,8,206,1255,2013.0,2168.0,135684.0,0.042829,0.461002,ARG,SVK,7436
2271255,9,206,1255,2013.0,0.0,2047.0,-0.159148,-0.515766,ARM,SVK,7436
2271256,14,206,1255,2013.0,0.0,709952.0,-0.63369,-0.276328,AUS,SVK,7436
2271257,15,206,1255,2013.0,3259243.0,3919171.0,1.855434,-1.06494,AUT,SVK,7436
2271258,16,206,1255,2013.0,0.0,18155.0,-1.319766,-1.200648,AZE,SVK,7436
2271259,17,206,1255,2013.0,0.0,131713.0,-0.602481,-0.6338689999999999,BDI,SVK,7436
2271260,18,206,1255,2013.0,4626518.0,3176053.0,1.198491,1.117268,BEL,SVK,7436
2271261,22,206,1255,2013.0,0.0,72603.0,-0.835666,-0.8088810000000001,BGD,SVK,7436
2271262,23,206,1255,2013.0,96198.0,127836.0,0.622325,1.5506229999999999,BGR,SVK,7436
2271263,24,206,1255,2013.0,0.0,11118.0,0.080634,-0.6828890000000001,BHR,SVK,7436
2271264,26,206,1255,2013.0,68945.0,73414.0,0.723658,0.9271879999999999,BIH,SVK,7436
2271265,28,206,1255,2013.0,0.0,549719.0,1.183522,0.934159,BLR,SVK,7436
2271266,31,206,1255,2013.0,0.0,13447.0,-1.1429610000000001,-1.0076120000000002,BOL,SVK,7436
2271267,32,206,1255,2013.0,2667.0,886785.0,0.2804,0.649729,BRA,SVK,7436
2271268,39,206,1255,2013.0,27177.0,1188803.0,0.599305,1.193591,CAN,SVK,7436
2271269,41,206,1255,2013.0,39351.0,2110472.0,2.0899229999999998,0.661667,CHE,SVK,7436
2271270,42,206,1255,2013.0,0.0,67281.0,-0.184556,-0.238657,CHL,SVK,7436
2271271,43,206,1255,2013.0,941580.0,810920.0,1.24864,0.667713,CHN,SVK,7436
2271272,44,206,1255,2013.0,0.0,4891.0,-1.0025870000000001,-0.901658,CIV,SVK,7436
2271273,47,206,1255,2013.0,0.0,2254540.0,-1.478461,-1.094509,COG,SVK,7436
2271274,49,206,1255,2013.0,0.0,115331.0,0.034491,-0.36975,COL,SVK,7436
2271275,52,206,1255,2013.0,0.0,1040.0,0.208669,-0.54783,CRI,SVK,7436
2271276,55,206,1255,2013.0,0.0,89437.0,-0.145402,-0.556962,CUW,SVK,7436
2271277,58,206,1255,2013.0,0.0,38976.0,0.36482800000000004,0.527544,CYP,SVK,7436
2271278,59,206,1255,2013.0,36895728.0,6887120.0,1.829509,-0.41787700000000005,CZE,SVK,7436
2271279,61,206,1255,2013.0,65197408.0,51124472.0,2.1086869999999998,-3.7092,DEU,SVK,7436
2271280,64,206,1255,2013.0,1657951.0,1310161.0,1.190302,1.062991,DNK,SVK,7436
2271281,65,206,1255,2013.0,0.0,5412.0,-0.272579,0.42750699999999997,DOM,SVK,7436
2271282,66,206,1255,2013.0,0.0,26026.0,-1.53603,-1.104965,DZA,SVK,7436
2271283,67,206,1255,2013.0,0.0,4314.0,-0.8251790000000001,-0.9347200000000001,ECU,SVK,7436
2271284,68,206,1255,2013.0,0.0,491891.0,-0.12015799999999999,1.793363,EGY,SVK,7436
2271285,71,206,1255,2013.0,128094.0,698942.0,0.955472,1.80005,ESP,SVK,7436
2271286,72,206,1255,2013.0,24394.0,245995.0,0.923321,1.290016,EST,SVK,7436
2271287,73,206,1255,2013.0,0.0,1078.0,-1.1373090000000001,-0.89186,ETH,SVK,7436
2271288,74,206,1255,2013.0,91732.0,214086.0,1.700282,0.867677,FIN,SVK,7436
2271289,77,206,1255,2013.0,13558878.0,3099830.0,1.5253299999999999,0.026146,FRA,SVK,7436
2271290,78,206,1255,2013.0,0.0,159980.0,-1.059294,-0.799578,FRO,SVK,7436
2271291,81,206,1255,2013.0,1598344.0,2791366.0,1.628465,0.77075,GBR,SVK,7436
2271292,82,206,1255,2013.0,0.0,106140.0,-0.08343099999999999,-0.359692,GEO,SVK,7436
2271293,83,206,1255,2013.0,0.0,487302.0,-0.696971,-0.5807939999999999,GHA,SVK,7436
2271294,90,206,1255,2013.0,4168.0,159260.0,0.073442,0.9857899999999999,GRC,SVK,7436
2271295,97,206,1255,2013.0,0.0,120026.0,0.791401,1.249845,HKG,SVK,7436
2271296,100,206,1255,2013.0,0.0,36424.0,0.8737309999999999,1.276091,HRV,SVK,7436
2271297,102,206,1255,2013.0,2967788.0,2963680.0,1.6962560000000002,0.45460600000000007,HUN,SVK,7436
2271298,103,206,1255,2013.0,39484.0,81766.0,-0.006876999999999999,1.8336569999999999,IDN,SVK,7436
2271299,104,206,1255,2013.0,62057.0,23998.0,0.18186,2.647598,IND,SVK,7436
2271300,106,206,1255,2013.0,43892.0,968279.0,1.32787,0.394579,IRL,SVK,7436
2271301,108,206,1255,2013.0,0.0,116027.0,-3.147217,-0.685991,IRQ,SVK,7436
2271302,109,206,1255,2013.0,67709.0,1700.0,0.284089,-0.164097,ISL,SVK,7436
2271303,110,206,1255,2013.0,29086.0,51541.0,1.0247629999999999,0.8261639999999999,ISR,SVK,7436
2271304,111,206,1255,2013.0,5243326.0,2967777.0,1.419383,-0.304402,ITA,SVK,7436
2271305,114,206,1255,2013.0,182254.0,1028739.0,2.333417,-0.818701,JPN,SVK,7436
2271306,115,206,1255,2013.0,0.0,589916.0,-0.9193819999999999,-0.734194,KAZ,SVK,7436
2271307,116,206,1255,2013.0,0.0,16545.0,-0.303119,0.626786,KEN,SVK,7436
2271308,121,206,1255,2013.0,34431840.0,1255424.0,1.817145,0.835414,KOR,SVK,7436
2271309,122,206,1255,2013.0,0.0,257696.0,-1.198985,-1.057248,KWT,SVK,7436
2271310,124,206,1255,2013.0,0.0,21086.0,0.37392800000000004,1.413136,LBN,SVK,7436
2271311,126,206,1255,2013.0,0.0,384054.0,-1.871593,-1.1211790000000001,LBY,SVK,7436
2271312,130,206,1255,2013.0,82917.0,101496.0,0.677986,1.29227,LTU,SVK,7436
2271313,131,206,1255,2013.0,2618.0,0.0,1.0110190000000001,1.123226,LUX,SVK,7436
2271314,132,206,1255,2013.0,15986.0,754595.0,0.652463,1.299917,LVA,SVK,7436
2271315,134,206,1255,2013.0,0.0,38141.0,-0.474872,0.178118,MAR,SVK,7436
2271316,135,206,1255,2013.0,0.0,58178.0,0.14256,0.33920700000000004,MDA,SVK,7436
2271317,136,206,1255,2013.0,0.0,1049.0,-0.786091,-0.611478,MDG,SVK,7436
2271318,138,206,1255,2013.0,100863.0,243620.0,1.2327219999999999,0.746108,MEX,SVK,7436
2271319,140,206,1255,2013.0,0.0,18527.0,-0.127775,0.21915900000000002,MKD,SVK,7436
2271320,141,206,1255,2013.0,0.0,713331.0,-1.046677,-0.980809,MLI,SVK,7436
2271321,142,206,1255,2013.0,1799.0,0.0,0.710108,-0.014586000000000002,MLT,SVK,7436
2271322,143,206,1255,2013.0,0.0,260866.0,-1.147086,-0.6888989999999999,MMR,SVK,7436
2271323,144,206,1255,2013.0,0.0,12100.0,0.09597,-0.019953,MNE,SVK,7436
2271324,151,206,1255,2013.0,0.0,64293.0,-0.092312,0.050927,MUS,SVK,7436
2271325,153,206,1255,2013.0,65736.0,183541.0,0.924532,0.671334,MYS,SVK,7436
2271326,156,206,1255,2013.0,0.0,1901.0,-0.262882,-0.63858,NCL,SVK,7436
2271327,157,206,1255,2013.0,0.0,10821.0,-1.0008350000000001,-0.8325670000000001,NER,SVK,7436
2271328,162,206,1255,2013.0,729385.0,9126774.0,1.012006,1.441545,NLD,SVK,7436
2271329,163,206,1255,2013.0,90277.0,967867.0,0.710901,0.062705,NOR,SVK,7436
2271330,164,206,1255,2013.0,0.0,1257.0,-0.08623,0.5143939999999999,NPL,SVK,7436
2271331,166,206,1255,2013.0,0.0,39077.0,0.192237,0.429825,NZL,SVK,7436
2271332,167,206,1255,2013.0,0.0,28364.0,-0.698693,-1.030814,OMN,SVK,7436
2271333,168,206,1255,2013.0,0.0,9955.0,-0.697224,0.501576,PAK,SVK,7436
2271334,173,206,1255,2013.0,0.0,24757.0,-0.640044,0.121772,PER,SVK,7436
2271335,174,206,1255,2013.0,15035.0,0.0,0.639083,0.45816899999999994,PHL,SVK,7436
2271336,177,206,1255,2013.0,10577168.0,3745864.0,1.11341,0.975734,POL,SVK,7436
2271337,178,206,1255,2013.0,1028.0,0.0,-0.304923,-0.301578,PRK,SVK,7436
2271338,179,206,1255,2013.0,7814.0,21072.0,0.705087,2.2055580000000004,PRT,SVK,7436
2271339,183,206,1255,2013.0,0.0,36615.0,-0.583609,-1.003754,QAT,SVK,7436
2271340,185,206,1255,2013.0,1361767.0,583589.0,1.05722,1.0968799999999999,ROU,SVK,7436
2271341,186,206,1255,2013.0,2205064.0,6729662.0,-0.08233,-0.267781,RUS,SVK,7436
2271342,187,206,1255,2013.0,0.0,124448.0,-0.535446,-0.662881,RWA,SVK,7436
2271343,188,206,1255,2013.0,3106.0,307802.0,-0.14823599999999998,-0.883965,SAU,SVK,7436
2271344,192,206,1255,2013.0,7736.0,39891.0,1.844685,0.639379,SGP,SVK,7436
2271345,197,206,1255,2013.0,0.0,11327.0,0.104046,0.46966,SLV,SVK,7436
2271346,201,206,1255,2013.0,42653.0,591521.0,0.609755,1.355304,SRB,SVK,7436
2271347,207,206,1255,2013.0,53830.0,103287.0,1.55922,0.565874,SVN,SVK,7436
2271348,208,206,1255,2013.0,590391.0,1008311.0,1.7851290000000002,0.182623,SWE,SVK,7436
2271349,212,206,1255,2013.0,0.0,46070.0,-0.09157699999999999,1.1795950000000002,SYR,SVK,7436
2271350,216,206,1255,2013.0,71854.0,584979.0,1.067287,1.2767110000000002,THA,SVK,7436
2271351,217,206,1255,2013.0,0.0,154358.0,-1.117246,-1.1638600000000001,TJK,SVK,7436
2271352,219,206,1255,2013.0,0.0,274898.0,-1.174981,-1.14869,TKM,SVK,7436
2271353,222,206,1255,2013.0,0.0,2846.0,-0.399437,-1.047864,TTO,SVK,7436
2271354,223,206,1255,2013.0,91869.0,59655.0,0.40154,0.902177,TUN,SVK,7436
2271355,224,206,1255,2013.0,205807.0,1573413.0,0.580016,2.394812,TUR,SVK,7436
2271356,226,206,1255,2013.0,0.0,2264.0,-0.654655,0.903574,TZA,SVK,7436
2271357,227,206,1255,2013.0,0.0,2524.0,-0.46170100000000003,0.652878,UGA,SVK,7436
2271358,228,206,1255,2013.0,4644.0,2099490.0,0.535571,1.026263,UKR,SVK,7436
2271359,230,206,1255,2013.0,0.0,15626.0,0.128825,0.02334,URY,SVK,7436
2271360,231,206,1255,2013.0,1048027.0,17080022.0,1.612058,-0.8592989999999999,USA,SVK,7436
2271361,232,206,1255,2013.0,0.0,245174.0,-0.7076319999999999,-0.645674,UZB,SVK,7436
2271362,236,206,1255,2013.0,0.0,113257.0,-1.281202,-1.094268,VEN,SVK,7436
2271363,239,206,1255,2013.0,0.0,76461.0,0.009264,1.182368,VNM,SVK,7436
2271364,246,206,1255,2013.0,14817.0,2492562.0,0.11624100000000001,1.574591,ZAF,SVK,7436
2271365,247,206,1255,2013.0,0.0,38822.0,-0.293192,-0.42930100000000004,ZMB,SVK,7436
2271366,249,206,1255,2013.0,18816.0,22869.0,1.7382849999999999,0.9917739999999999,TWN,SVK,7436
2271367,250,206,1255,2013.0,10511391.0,0.0,0.583151,0.14238299999999998,ANS,SVK,7436
2271368,0,208,1255,2013.0,0.0,3692.0,0.598533,0.032199,ABW,SWE,7436
2271369,2,208,1255,2013.0,5224.0,330212.0,-1.240877,-1.073797,AGO,SWE,7436
2271370,4,208,1255,2013.0,0.0,20774.0,-0.44779300000000005,-0.13181700000000002,ALB,SWE,7436
2271371,5,208,1255,2013.0,0.0,6087.0,0.874025,0.09135599999999999,AND,SWE,7436
2271372,7,208,1255,2013.0,0.0,2946738.0,-0.338417,-0.754102,ARE,SWE,7436
2271373,8,208,1255,2013.0,0.0,398372.0,0.042829,0.461002,ARG,SWE,7436
2271374,9,208,1255,2013.0,0.0,45183.0,-0.159148,-0.515766,ARM,SWE,7436
2271375,13,208,1255,2013.0,0.0,1209.0,0.25821500000000003,-0.383761,ATG,SWE,7436
2271376,14,208,1255,2013.0,119993.0,9110633.0,-0.63369,-0.276328,AUS,SWE,7436
2271377,15,208,1255,2013.0,1864395.0,2946978.0,1.855434,-1.06494,AUT,SWE,7436
2271378,16,208,1255,2013.0,0.0,283354.0,-1.319766,-1.200648,AZE,SWE,7436
2271379,17,208,1255,2013.0,0.0,43361.0,-0.602481,-0.6338689999999999,BDI,SWE,7436
2271380,18,208,1255,2013.0,27520874.0,6153996.0,1.198491,1.117268,BEL,SWE,7436
2271381,19,208,1255,2013.0,0.0,2362.0,-0.924213,-0.8181390000000001,BEN,SWE,7436
2271382,21,208,1255,2013.0,0.0,258367.0,-0.7231029999999999,-0.736291,BFA,SWE,7436
2271383,22,208,1255,2013.0,0.0,89966.0,-0.835666,-0.8088810000000001,BGD,SWE,7436
2271384,23,208,1255,2013.0,303102.0,386021.0,0.622325,1.5506229999999999,BGR,SWE,7436
2271385,24,208,1255,2013.0,0.0,594551.0,0.080634,-0.6828890000000001,BHR,SWE,7436
2271386,25,208,1255,2013.0,0.0,3679.0,0.496435,-0.324394,BHS,SWE,7436
2271387,26,208,1255,2013.0,2160.0,47020.0,0.723658,0.9271879999999999,BIH,SWE,7436
2271388,28,208,1255,2013.0,0.0,710615.0,1.183522,0.934159,BLR,SWE,7436
2271389,31,208,1255,2013.0,0.0,15461.0,-1.1429610000000001,-1.0076120000000002,BOL,SWE,7436
2271390,32,208,1255,2013.0,376095.0,4088629.0,0.2804,0.649729,BRA,SWE,7436
2271391,33,208,1255,2013.0,0.0,6007.0,0.607845,0.09196,BRB,SWE,7436
2271392,34,208,1255,2013.0,0.0,3294.0,-1.664,-0.663172,BRN,SWE,7436
2271393,35,208,1255,2013.0,0.0,2770.0,-0.026632999999999997,-0.608414,BTN,SWE,7436
2271394,39,208,1255,2013.0,3885072.0,4096795.0,0.599305,1.193591,CAN,SWE,7436
2271395,41,208,1255,2013.0,1332956.0,11689684.0,2.0899229999999998,0.661667,CHE,SWE,7436
2271396,42,208,1255,2013.0,13258.0,6417316.0,-0.184556,-0.238657,CHL,SWE,7436
2271397,43,208,1255,2013.0,4293540.0,33038236.0,1.24864,0.667713,CHN,SWE,7436
2271398,44,208,1255,2013.0,0.0,47545.0,-1.0025870000000001,-0.901658,CIV,SWE,7436
2271399,45,208,1255,2013.0,0.0,29778.0,-0.93575,-1.003851,CMR,SWE,7436
2271400,46,208,1255,2013.0,0.0,18767.0,-1.450075,-1.115916,COD,SWE,7436
2271401,47,208,1255,2013.0,0.0,14602.0,-1.478461,-1.094509,COG,SWE,7436
2271402,49,208,1255,2013.0,2215.0,171543.0,0.034491,-0.36975,COL,SWE,7436
2271403,51,208,1255,2013.0,0.0,15474.0,-0.28793,-0.5938319999999999,CPV,SWE,7436
2271404,52,208,1255,2013.0,0.0,103773.0,0.208669,-0.54783,CRI,SWE,7436
2271405,54,208,1255,2013.0,0.0,385234.0,-0.31053400000000003,-0.8534280000000001,CUB,SWE,7436
2271406,55,208,1255,2013.0,0.0,2315.0,-0.145402,-0.556962,CUW,SWE,7436
2271407,58,208,1255,2013.0,0.0,48649.0,0.36482800000000004,0.527544,CYP,SWE,7436
2271408,59,208,1255,2013.0,21231830.0,5923442.0,1.829509,-0.41787700000000005,CZE,SWE,7436
2271409,61,208,1255,2013.0,194978784.0,52827656.0,2.1086869999999998,-3.7092,DEU,SWE,7436
2271410,64,208,1255,2013.0,39292792.0,16886020.0,1.190302,1.062991,DNK,SWE,7436
2271411,65,208,1255,2013.0,0.0,27940.0,-0.272579,0.42750699999999997,DOM,SWE,7436
2271412,66,208,1255,2013.0,0.0,444099.0,-1.53603,-1.104965,DZA,SWE,7436
2271413,67,208,1255,2013.0,0.0,89454.0,-0.8251790000000001,-0.9347200000000001,ECU,SWE,7436
2271414,68,208,1255,2013.0,0.0,907154.0,-0.12015799999999999,1.793363,EGY,SWE,7436
2271415,69,208,1255,2013.0,0.0,2622.0,-0.827263,-0.790848,ERI,SWE,7436
2271416,71,208,1255,2013.0,1122846.0,5365226.0,0.955472,1.80005,ESP,SWE,7436
2271417,72,208,1255,2013.0,1223695.0,2783297.0,0.923321,1.290016,EST,SWE,7436
2271418,73,208,1255,2013.0,2047.0,57184.0,-1.1373090000000001,-0.89186,ETH,SWE,7436
2271419,74,208,1255,2013.0,11845061.0,24102552.0,1.700282,0.867677,FIN,SWE,7436
2271420,77,208,1255,2013.0,27071804.0,15076952.0,1.5253299999999999,0.026146,FRA,SWE,7436
2271421,78,208,1255,2013.0,0.0,18348.0,-1.059294,-0.799578,FRO,SWE,7436
2271422,81,208,1255,2013.0,56070076.0,14237485.0,1.628465,0.77075,GBR,SWE,7436
2271423,82,208,1255,2013.0,0.0,13410.0,-0.08343099999999999,-0.359692,GEO,SWE,7436
2271424,83,208,1255,2013.0,2699.0,916499.0,-0.696971,-0.5807939999999999,GHA,SWE,7436
2271425,85,208,1255,2013.0,0.0,126271.0,-1.281072,-1.027585,GIN,SWE,7436
2271426,87,208,1255,2013.0,0.0,26411.0,-0.867648,-0.90786,GMB,SWE,7436
2271427,89,208,1255,2013.0,0.0,6310.0,-1.7984200000000001,-0.678832,GNQ,SWE,7436
2271428,90,208,1255,2013.0,6220.0,357103.0,0.073442,0.9857899999999999,GRC,SWE,7436
2271429,93,208,1255,2013.0,0.0,91156.0,-0.220165,0.661111,GTM,SWE,7436
2271430,97,208,1255,2013.0,360915.0,3693690.0,0.791401,1.249845,HKG,SWE,7436
2271431,99,208,1255,2013.0,0.0,6303.0,-0.6661060000000001,-0.38619699999999996,HND,SWE,7436
2271432,100,208,1255,2013.0,4482.0,194016.0,0.8737309999999999,1.276091,HRV,SWE,7436
2271433,102,208,1255,2013.0,1254155.0,1946440.0,1.6962560000000002,0.45460600000000007,HUN,SWE,7436
2271434,103,208,1255,2013.0,20791.0,521295.0,-0.006876999999999999,1.8336569999999999,IDN,SWE,7436
2271435,104,208,1255,2013.0,202184.0,3021267.0,0.18186,2.647598,IND,SWE,7436
2271436,106,208,1255,2013.0,615766.0,486575.0,1.32787,0.394579,IRL,SWE,7436
2271437,107,208,1255,2013.0,1886.0,2485754.0,-0.23625100000000002,-0.256067,IRN,SWE,7436
2271438,108,208,1255,2013.0,0.0,101664.0,-3.147217,-0.685991,IRQ,SWE,7436
2271439,109,208,1255,2013.0,2275.0,252733.0,0.284089,-0.164097,ISL,SWE,7436
2271440,110,208,1255,2013.0,1116153.0,747540.0,1.0247629999999999,0.8261639999999999,ISR,SWE,7436
2271441,111,208,1255,2013.0,14218749.0,8058548.0,1.419383,-0.304402,ITA,SWE,7436
2271442,112,208,1255,2013.0,0.0,14599.0,-0.364044,-0.744733,JAM,SWE,7436
2271443,113,208,1255,2013.0,0.0,61017.0,0.1888,0.596867,JOR,SWE,7436
2271444,114,208,1255,2013.0,733241.0,5304844.0,2.333417,-0.818701,JPN,SWE,7436
2271445,115,208,1255,2013.0,10110.0,1588614.0,-0.9193819999999999,-0.734194,KAZ,SWE,7436
2271446,116,208,1255,2013.0,0.0,51963.0,-0.303119,0.626786,KEN,SWE,7436
2271447,121,208,1255,2013.0,1425608.0,11604147.0,1.817145,0.835414,KOR,SWE,7436
2271448,122,208,1255,2013.0,0.0,219931.0,-1.198985,-1.057248,KWT,SWE,7436
2271449,124,208,1255,2013.0,0.0,120133.0,0.37392800000000004,1.413136,LBN,SWE,7436
2271450,125,208,1255,2013.0,0.0,40757.0,-0.8343229999999999,-0.992129,LBR,SWE,7436
2271451,126,208,1255,2013.0,0.0,7680.0,-1.871593,-1.1211790000000001,LBY,SWE,7436
2271452,128,208,1255,2013.0,0.0,85219.0,-0.320583,0.44462399999999996,LKA,SWE,7436
2271453,130,208,1255,2013.0,706568.0,1351893.0,0.677986,1.29227,LTU,SWE,7436
2271454,131,208,1255,2013.0,102097.0,46031.0,1.0110190000000001,1.123226,LUX,SWE,7436
2271455,132,208,1255,2013.0,1908950.0,1383461.0,0.652463,1.299917,LVA,SWE,7436
2271456,133,208,1255,2013.0,0.0,2466.0,0.43873,0.275559,MAC,SWE,7436
2271457,134,208,1255,2013.0,5711.0,373209.0,-0.474872,0.178118,MAR,SWE,7436
2271458,135,208,1255,2013.0,0.0,56090.0,0.14256,0.33920700000000004,MDA,SWE,7436
2271459,136,208,1255,2013.0,0.0,40672.0,-0.786091,-0.611478,MDG,SWE,7436
2271460,137,208,1255,2013.0,0.0,40874.0,-0.510204,-0.740372,MDV,SWE,7436
2271461,138,208,1255,2013.0,19050.0,3959228.0,1.2327219999999999,0.746108,MEX,SWE,7436
2271462,140,208,1255,2013.0,1684.0,151098.0,-0.127775,0.21915900000000002,MKD,SWE,7436
2271463,141,208,1255,2013.0,0.0,14445.0,-1.046677,-0.980809,MLI,SWE,7436
2271464,142,208,1255,2013.0,2991.0,254098.0,0.710108,-0.014586000000000002,MLT,SWE,7436
2271465,143,208,1255,2013.0,0.0,23571.0,-1.147086,-0.6888989999999999,MMR,SWE,7436
2271466,144,208,1255,2013.0,0.0,89946.0,0.09597,-0.019953,MNE,SWE,7436
2271467,145,208,1255,2013.0,0.0,236679.0,-1.264785,-1.133222,MNG,SWE,7436
2271468,147,208,1255,2013.0,0.0,9497.0,-1.131512,-0.8923840000000001,MOZ,SWE,7436
2271469,148,208,1255,2013.0,0.0,10688.0,-1.681152,-1.2712350000000001,MRT,SWE,7436
2271470,151,208,1255,2013.0,5826.0,57026.0,-0.092312,0.050927,MUS,SWE,7436
2271471,153,208,1255,2013.0,43086.0,608678.0,0.924532,0.671334,MYS,SWE,7436
2271472,156,208,1255,2013.0,0.0,57196.0,-0.262882,-0.63858,NCL,SWE,7436
2271473,157,208,1255,2013.0,0.0,12203.0,-1.0008350000000001,-0.8325670000000001,NER,SWE,7436
2271474,159,208,1255,2013.0,0.0,233657.0,-1.679402,-1.14686,NGA,SWE,7436
2271475,160,208,1255,2013.0,0.0,15215.0,-0.7956479999999999,-0.596061,NIC,SWE,7436
2271476,162,208,1255,2013.0,17610154.0,10897324.0,1.012006,1.441545,NLD,SWE,7436
2271477,163,208,1255,2013.0,3883370.0,33709204.0,0.710901,0.062705,NOR,SWE,7436
2271478,166,208,1255,2013.0,26462.0,838676.0,0.192237,0.429825,NZL,SWE,7436
2271479,167,208,1255,2013.0,0.0,103430.0,-0.698693,-1.030814,OMN,SWE,7436
2271480,168,208,1255,2013.0,0.0,517167.0,-0.697224,0.501576,PAK,SWE,7436
2271481,169,208,1255,2013.0,0.0,116882.0,0.8719819999999999,1.038982,PAN,SWE,7436
2271482,173,208,1255,2013.0,5774.0,2930690.0,-0.640044,0.121772,PER,SWE,7436
2271483,174,208,1255,2013.0,0.0,1195095.0,0.639083,0.45816899999999994,PHL,SWE,7436
2271484,176,208,1255,2013.0,0.0,4609.0,-1.508233,-1.163478,PNG,SWE,7436
2271485,177,208,1255,2013.0,6540510.0,9677737.0,1.11341,0.975734,POL,SWE,7436
2271486,179,208,1255,2013.0,23628.0,1310068.0,0.705087,2.2055580000000004,PRT,SWE,7436
2271487,180,208,1255,2013.0,0.0,17021.0,-0.560661,-0.822876,PRY,SWE,7436
2271488,181,208,1255,2013.0,0.0,1717.0,0.103716,0.762259,PSE,SWE,7436
2271489,182,208,1255,2013.0,0.0,37726.0,-0.118172,-0.620256,PYF,SWE,7436
2271490,183,208,1255,2013.0,0.0,2391174.0,-0.583609,-1.003754,QAT,SWE,7436
2271491,185,208,1255,2013.0,24260.0,738733.0,1.05722,1.0968799999999999,ROU,SWE,7436
2271492,186,208,1255,2013.0,39735.0,20411704.0,-0.08233,-0.267781,RUS,SWE,7436
2271493,187,208,1255,2013.0,0.0,5849.0,-0.535446,-0.662881,RWA,SWE,7436
2271494,188,208,1255,2013.0,0.0,3906417.0,-0.14823599999999998,-0.883965,SAU,SWE,7436
2271495,190,208,1255,2013.0,0.0,250845.0,-1.224897,-1.059517,SDN,SWE,7436
2271496,191,208,1255,2013.0,0.0,76714.0,-0.566624,-0.185277,SEN,SWE,7436
2271497,192,208,1255,2013.0,72829.0,4187353.0,1.844685,0.639379,SGP,SWE,7436
2271498,195,208,1255,2013.0,0.0,2286.0,-1.092566,-0.7936310000000001,SLB,SWE,7436
2271499,196,208,1255,2013.0,0.0,401559.0,-0.42937700000000006,-0.529857,SLE,SWE,7436
2271500,197,208,1255,2013.0,0.0,106814.0,0.104046,0.46966,SLV,SWE,7436
2271501,201,208,1255,2013.0,6728.0,177528.0,0.609755,1.355304,SRB,SWE,7436
2271502,206,208,1255,2013.0,1008311.0,590391.0,1.510052,0.7060310000000001,SVK,SWE,7436
2271503,207,208,1255,2013.0,1267378.0,688055.0,1.55922,0.565874,SVN,SWE,7436
2271504,210,208,1255,2013.0,0.0,67074.0,0.619185,-0.36438200000000004,SXM,SWE,7436
2271505,211,208,1255,2013.0,0.0,10296.0,0.06901,-0.438229,SYC,SWE,7436
2271506,215,208,1255,2013.0,0.0,1345.0,-0.532095,-0.434276,TGO,SWE,7436
2271507,216,208,1255,2013.0,83574.0,1559085.0,1.067287,1.2767110000000002,THA,SWE,7436
2271508,219,208,1255,2013.0,0.0,201329.0,-1.174981,-1.14869,TKM,SWE,7436
2271509,222,208,1255,2013.0,9575.0,16444.0,-0.399437,-1.047864,TTO,SWE,7436
2271510,223,208,1255,2013.0,7006.0,256682.0,0.40154,0.902177,TUN,SWE,7436
2271511,224,208,1255,2013.0,596153.0,4949369.0,0.580016,2.394812,TUR,SWE,7436
2271512,226,208,1255,2013.0,0.0,219734.0,-0.654655,0.903574,TZA,SWE,7436
2271513,227,208,1255,2013.0,0.0,195531.0,-0.46170100000000003,0.652878,UGA,SWE,7436
2271514,228,208,1255,2013.0,19572.0,1086150.0,0.535571,1.026263,UKR,SWE,7436
2271515,230,208,1255,2013.0,0.0,663092.0,0.128825,0.02334,URY,SWE,7436
2271516,231,208,1255,2013.0,14155479.0,53842628.0,1.612058,-0.8592989999999999,USA,SWE,7436
2271517,232,208,1255,2013.0,0.0,446154.0,-0.7076319999999999,-0.645674,UZB,SWE,7436
2271518,236,208,1255,2013.0,0.0,51001.0,-1.281202,-1.094268,VEN,SWE,7436
2271519,239,208,1255,2013.0,2724.0,150616.0,0.009264,1.182368,VNM,SWE,7436
2271520,240,208,1255,2013.0,0.0,1145.0,-0.43518999999999997,-0.6206010000000001,VUT,SWE,7436
2271521,243,208,1255,2013.0,0.0,199385.0,-1.2788700000000002,-1.230713,YEM,SWE,7436
2271522,246,208,1255,2013.0,137714.0,5699458.0,0.11624100000000001,1.574591,ZAF,SWE,7436
2271523,247,208,1255,2013.0,13685.0,1885757.0,-0.293192,-0.42930100000000004,ZMB,SWE,7436
2271524,248,208,1255,2013.0,0.0,116649.0,-0.841968,-0.898121,ZWE,SWE,7436
2271525,249,208,1255,2013.0,1441361.0,1504337.0,1.7382849999999999,0.9917739999999999,TWN,SWE,7436
2271526,250,208,1255,2013.0,0.0,3992.0,0.583151,0.14238299999999998,ANS,SWE,7436
2271527,1,216,1255,2013.0,0.0,28927.0,-0.767212,-0.6506069999999999,AFG,THA,7436
2271528,2,216,1255,2013.0,0.0,141766.0,-1.240877,-1.073797,AGO,THA,7436
2271529,4,216,1255,2013.0,0.0,4312.0,-0.44779300000000005,-0.13181700000000002,ALB,THA,7436
2271530,7,216,1255,2013.0,1091013.0,3182444.0,-0.338417,-0.754102,ARE,THA,7436
2271531,8,216,1255,2013.0,178288.0,7711381.0,0.042829,0.461002,ARG,THA,7436
2271532,14,216,1255,2013.0,1089408.0,96160368.0,-0.63369,-0.276328,AUS,THA,7436
2271533,15,216,1255,2013.0,1366214.0,80547.0,1.855434,-1.06494,AUT,THA,7436
2271534,18,216,1255,2013.0,3146395.0,4718766.0,1.198491,1.117268,BEL,THA,7436
2271535,21,216,1255,2013.0,0.0,100699.0,-0.7231029999999999,-0.736291,BFA,THA,7436
2271536,22,216,1255,2013.0,38640.0,570576.0,-0.835666,-0.8088810000000001,BGD,THA,7436
2271537,23,216,1255,2013.0,32759.0,1666.0,0.622325,1.5506229999999999,BGR,THA,7436
2271538,24,216,1255,2013.0,0.0,50453.0,0.080634,-0.6828890000000001,BHR,THA,7436
2271539,26,216,1255,2013.0,5789.0,9134.0,0.723658,0.9271879999999999,BIH,THA,7436
2271540,28,216,1255,2013.0,0.0,25026.0,1.183522,0.934159,BLR,THA,7436
2271541,29,216,1255,2013.0,0.0,5149.0,-0.459154,-0.465912,BLZ,THA,7436
2271542,31,216,1255,2013.0,0.0,53520.0,-1.1429610000000001,-1.0076120000000002,BOL,THA,7436
2271543,32,216,1255,2013.0,721333.0,55544592.0,0.2804,0.649729,BRA,THA,7436
2271544,33,216,1255,2013.0,0.0,10938.0,0.607845,0.09196,BRB,THA,7436
2271545,34,216,1255,2013.0,0.0,74808.0,-1.664,-0.663172,BRN,THA,7436
2271546,35,216,1255,2013.0,0.0,17484.0,-0.026632999999999997,-0.608414,BTN,THA,7436
2271547,37,216,1255,2013.0,1166.0,0.0,-0.677782,-1.0888149999999999,BWA,THA,7436
2271548,39,216,1255,2013.0,2379274.0,4669356.0,0.599305,1.193591,CAN,THA,7436
2271549,41,216,1255,2013.0,873043.0,215444.0,2.0899229999999998,0.661667,CHE,THA,7436
2271550,42,216,1255,2013.0,0.0,117136.0,-0.184556,-0.238657,CHL,THA,7436
2271551,43,216,1255,2013.0,65806828.0,7151420.0,1.24864,0.667713,CHN,THA,7436
2271552,44,216,1255,2013.0,0.0,84074.0,-1.0025870000000001,-0.901658,CIV,THA,7436
2271553,45,216,1255,2013.0,0.0,97386.0,-0.93575,-1.003851,CMR,THA,7436
2271554,47,216,1255,2013.0,0.0,8689.0,-1.478461,-1.094509,COG,THA,7436
2271555,49,216,1255,2013.0,0.0,708557.0,0.034491,-0.36975,COL,THA,7436
2271556,52,216,1255,2013.0,0.0,10561.0,0.208669,-0.54783,CRI,THA,7436
2271557,58,216,1255,2013.0,0.0,17166.0,0.36482800000000004,0.527544,CYP,THA,7436
2271558,59,216,1255,2013.0,577656.0,1166312.0,1.829509,-0.41787700000000005,CZE,THA,7436
2271559,61,216,1255,2013.0,26462792.0,3773066.0,2.1086869999999998,-3.7092,DEU,THA,7436
2271560,64,216,1255,2013.0,1226351.0,58733.0,1.190302,1.062991,DNK,THA,7436
2271561,65,216,1255,2013.0,22216.0,38405.0,-0.272579,0.42750699999999997,DOM,THA,7436
2271562,66,216,1255,2013.0,0.0,85061.0,-1.53603,-1.104965,DZA,THA,7436
2271563,67,216,1255,2013.0,17683.0,769565.0,-0.8251790000000001,-0.9347200000000001,ECU,THA,7436
2271564,68,216,1255,2013.0,0.0,4323156.0,-0.12015799999999999,1.793363,EGY,THA,7436
2271565,71,216,1255,2013.0,1100851.0,995810.0,0.955472,1.80005,ESP,THA,7436
2271566,72,216,1255,2013.0,2909.0,110389.0,0.923321,1.290016,EST,THA,7436
2271567,73,216,1255,2013.0,0.0,13027.0,-1.1373090000000001,-0.89186,ETH,THA,7436
2271568,74,216,1255,2013.0,43975.0,202843.0,1.700282,0.867677,FIN,THA,7436
2271569,75,216,1255,2013.0,0.0,33136.0,-0.374639,-0.140308,FJI,THA,7436
2271570,77,216,1255,2013.0,2303505.0,1270917.0,1.5253299999999999,0.026146,FRA,THA,7436
2271571,80,216,1255,2013.0,0.0,9187.0,-1.652062,-1.140576,GAB,THA,7436
2271572,81,216,1255,2013.0,7627404.0,8180204.0,1.628465,0.77075,GBR,THA,7436
2271573,83,216,1255,2013.0,0.0,3408.0,-0.696971,-0.5807939999999999,GHA,THA,7436
2271574,90,216,1255,2013.0,8535.0,21879.0,0.073442,0.9857899999999999,GRC,THA,7436
2271575,93,216,1255,2013.0,0.0,19047.0,-0.220165,0.661111,GTM,THA,7436
2271576,95,216,1255,2013.0,0.0,1751.0,0.425936,-0.069886,GUM,THA,7436
2271577,97,216,1255,2013.0,367885.0,947586.0,0.791401,1.249845,HKG,THA,7436
2271578,99,216,1255,2013.0,0.0,15122.0,-0.6661060000000001,-0.38619699999999996,HND,THA,7436
2271579,100,216,1255,2013.0,1382.0,0.0,0.8737309999999999,1.276091,HRV,THA,7436
2271580,101,216,1255,2013.0,0.0,1750.0,-0.627783,-0.8605309999999999,HTI,THA,7436
2271581,102,216,1255,2013.0,165422.0,39871.0,1.6962560000000002,0.45460600000000007,HUN,THA,7436
2271582,103,216,1255,2013.0,6482886.0,51630448.0,-0.006876999999999999,1.8336569999999999,IDN,THA,7436
2271583,104,216,1255,2013.0,11541529.0,7660210.0,0.18186,2.647598,IND,THA,7436
2271584,106,216,1255,2013.0,65007.0,28229.0,1.32787,0.394579,IRL,THA,7436
2271585,107,216,1255,2013.0,0.0,717340.0,-0.23625100000000002,-0.256067,IRN,THA,7436
2271586,108,216,1255,2013.0,0.0,29581.0,-3.147217,-0.685991,IRQ,THA,7436
2271587,109,216,1255,2013.0,0.0,47640.0,0.284089,-0.164097,ISL,THA,7436
2271588,110,216,1255,2013.0,1116062.0,126345.0,1.0247629999999999,0.8261639999999999,ISR,THA,7436
2271589,111,216,1255,2013.0,8052000.0,2226560.0,1.419383,-0.304402,ITA,THA,7436
2271590,112,216,1255,2013.0,0.0,34893.0,-0.364044,-0.744733,JAM,THA,7436
2271591,113,216,1255,2013.0,0.0,654448.0,0.1888,0.596867,JOR,THA,7436
2271592,114,216,1255,2013.0,77422776.0,28812742.0,2.333417,-0.818701,JPN,THA,7436
2271593,115,216,1255,2013.0,0.0,134740.0,-0.9193819999999999,-0.734194,KAZ,THA,7436
2271594,116,216,1255,2013.0,13628.0,409163.0,-0.303119,0.626786,KEN,THA,7436
2271595,117,216,1255,2013.0,0.0,24127.0,0.25090500000000004,0.7357279999999999,KGZ,THA,7436
2271596,118,216,1255,2013.0,0.0,4223898.0,-0.634876,-0.714886,KHM,THA,7436
2271597,120,216,1255,2013.0,0.0,2580.0,0.983857,-0.051745000000000006,KNA,THA,7436
2271598,121,216,1255,2013.0,22839842.0,841109.0,1.817145,0.835414,KOR,THA,7436
2271599,122,216,1255,2013.0,0.0,101367.0,-1.198985,-1.057248,KWT,THA,7436
2271600,123,216,1255,2013.0,0.0,4443100.0,-0.907169,-0.587529,LAO,THA,7436
2271601,124,216,1255,2013.0,0.0,64120.0,0.37392800000000004,1.413136,LBN,THA,7436
2271602,126,216,1255,2013.0,0.0,106649.0,-1.871593,-1.1211790000000001,LBY,THA,7436
2271603,128,216,1255,2013.0,0.0,400689.0,-0.320583,0.44462399999999996,LKA,THA,7436
2271604,130,216,1255,2013.0,1402.0,2398.0,0.677986,1.29227,LTU,THA,7436
2271605,132,216,1255,2013.0,55547.0,0.0,0.652463,1.299917,LVA,THA,7436
2271606,134,216,1255,2013.0,0.0,413101.0,-0.474872,0.178118,MAR,THA,7436
2271607,135,216,1255,2013.0,0.0,1209.0,0.14256,0.33920700000000004,MDA,THA,7436
2271608,136,216,1255,2013.0,0.0,62367.0,-0.786091,-0.611478,MDG,THA,7436
2271609,137,216,1255,2013.0,0.0,120477.0,-0.510204,-0.740372,MDV,THA,7436
2271610,138,216,1255,2013.0,1119540.0,301776.0,1.2327219999999999,0.746108,MEX,THA,7436
2271611,140,216,1255,2013.0,0.0,3424.0,-0.127775,0.21915900000000002,MKD,THA,7436
2271612,142,216,1255,2013.0,5728.0,103649.0,0.710108,-0.014586000000000002,MLT,THA,7436
2271613,143,216,1255,2013.0,0.0,3187232.0,-1.147086,-0.6888989999999999,MMR,THA,7436
2271614,144,216,1255,2013.0,0.0,1940.0,0.09597,-0.019953,MNE,THA,7436
2271615,145,216,1255,2013.0,0.0,5210.0,-1.264785,-1.133222,MNG,THA,7436
2271616,147,216,1255,2013.0,0.0,27424.0,-1.131512,-0.8923840000000001,MOZ,THA,7436
2271617,151,216,1255,2013.0,0.0,60093.0,-0.092312,0.050927,MUS,THA,7436
2271618,153,216,1255,2013.0,34757772.0,34510988.0,0.924532,0.671334,MYS,THA,7436
2271619,155,216,1255,2013.0,0.0,3773.0,-0.316805,-0.38759099999999996,NAM,THA,7436
2271620,156,216,1255,2013.0,0.0,25220.0,-0.262882,-0.63858,NCL,THA,7436
2271621,157,216,1255,2013.0,0.0,2562.0,-1.0008350000000001,-0.8325670000000001,NER,THA,7436
2271622,159,216,1255,2013.0,0.0,276935.0,-1.679402,-1.14686,NGA,THA,7436
2271623,160,216,1255,2013.0,0.0,482625.0,-0.7956479999999999,-0.596061,NIC,THA,7436
2271624,162,216,1255,2013.0,4250162.0,3176118.0,1.012006,1.441545,NLD,THA,7436
2271625,163,216,1255,2013.0,11016.0,463750.0,0.710901,0.062705,NOR,THA,7436
2271626,164,216,1255,2013.0,0.0,33260.0,-0.08623,0.5143939999999999,NPL,THA,7436
2271627,166,216,1255,2013.0,150160.0,703749.0,0.192237,0.429825,NZL,THA,7436
2271628,167,216,1255,2013.0,0.0,312190.0,-0.698693,-1.030814,OMN,THA,7436
2271629,168,216,1255,2013.0,6265.0,3161126.0,-0.697224,0.501576,PAK,THA,7436
2271630,169,216,1255,2013.0,0.0,49950.0,0.8719819999999999,1.038982,PAN,THA,7436
2271631,173,216,1255,2013.0,0.0,309732.0,-0.640044,0.121772,PER,THA,7436
2271632,174,216,1255,2013.0,2195938.0,12077854.0,0.639083,0.45816899999999994,PHL,THA,7436
2271633,176,216,1255,2013.0,0.0,16454.0,-1.508233,-1.163478,PNG,THA,7436
2271634,177,216,1255,2013.0,2127216.0,315214.0,1.11341,0.975734,POL,THA,7436
2271635,178,216,1255,2013.0,5587.0,0.0,-0.304923,-0.301578,PRK,THA,7436
2271636,179,216,1255,2013.0,18029.0,91825.0,0.705087,2.2055580000000004,PRT,THA,7436
2271637,180,216,1255,2013.0,0.0,56730.0,-0.560661,-0.822876,PRY,THA,7436
2271638,182,216,1255,2013.0,0.0,4606.0,-0.118172,-0.620256,PYF,THA,7436
2271639,183,216,1255,2013.0,0.0,665088.0,-0.583609,-1.003754,QAT,THA,7436
2271640,185,216,1255,2013.0,24596.0,4761.0,1.05722,1.0968799999999999,ROU,THA,7436
2271641,186,216,1255,2013.0,27483.0,2543990.0,-0.08233,-0.267781,RUS,THA,7436
2271642,187,216,1255,2013.0,0.0,1188.0,-0.535446,-0.662881,RWA,THA,7436
2271643,188,216,1255,2013.0,4443.0,3216126.0,-0.14823599999999998,-0.883965,SAU,THA,7436
2271644,190,216,1255,2013.0,0.0,228066.0,-1.224897,-1.059517,SDN,THA,7436
2271645,191,216,1255,2013.0,0.0,15288.0,-0.566624,-0.185277,SEN,THA,7436
2271646,192,216,1255,2013.0,8143788.0,5730654.0,1.844685,0.639379,SGP,THA,7436
2271647,196,216,1255,2013.0,0.0,4440.0,-0.42937700000000006,-0.529857,SLE,THA,7436
2271648,197,216,1255,2013.0,0.0,3464.0,0.104046,0.46966,SLV,THA,7436
2271649,201,216,1255,2013.0,8740.0,22725.0,0.609755,1.355304,SRB,THA,7436
2271650,205,216,1255,2013.0,0.0,27678.0,-0.25729,-0.651541,SUR,THA,7436
2271651,206,216,1255,2013.0,584979.0,71854.0,1.510052,0.7060310000000001,SVK,THA,7436
2271652,207,216,1255,2013.0,75991.0,34496.0,1.55922,0.565874,SVN,THA,7436
2271653,208,216,1255,2013.0,1559085.0,83574.0,1.7851290000000002,0.182623,SWE,THA,7436
2271654,209,216,1255,2013.0,8186.0,0.0,0.017946,-0.20627399999999999,SWZ,THA,7436
2271655,211,216,1255,2013.0,0.0,4213.0,0.06901,-0.438229,SYC,THA,7436
2271656,212,216,1255,2013.0,0.0,107840.0,-0.09157699999999999,1.1795950000000002,SYR,THA,7436
2271657,220,216,1255,2013.0,0.0,9768.0,-0.5989939999999999,-0.649891,TLS,THA,7436
2271658,222,216,1255,2013.0,2306.0,99551.0,-0.399437,-1.047864,TTO,THA,7436
2271659,223,216,1255,2013.0,0.0,153228.0,0.40154,0.902177,TUN,THA,7436
2271660,224,216,1255,2013.0,295306.0,1183408.0,0.580016,2.394812,TUR,THA,7436
2271661,226,216,1255,2013.0,0.0,126395.0,-0.654655,0.903574,TZA,THA,7436
2271662,227,216,1255,2013.0,0.0,2593.0,-0.46170100000000003,0.652878,UGA,THA,7436
2271663,228,216,1255,2013.0,1801.0,34824.0,0.535571,1.026263,UKR,THA,7436
2271664,230,216,1255,2013.0,0.0,11625.0,0.128825,0.02334,URY,THA,7436
2271665,231,216,1255,2013.0,40718300.0,32187978.0,1.612058,-0.8592989999999999,USA,THA,7436
2271666,236,216,1255,2013.0,0.0,471172.0,-1.281202,-1.094268,VEN,THA,7436
2271667,239,216,1255,2013.0,547637.0,10527877.0,0.009264,1.182368,VNM,THA,7436
2271668,242,216,1255,2013.0,0.0,7811.0,0.877785,0.277918,WSM,THA,7436
2271669,243,216,1255,2013.0,0.0,54611.0,-1.2788700000000002,-1.230713,YEM,THA,7436
2271670,246,216,1255,2013.0,18672118.0,6085870.0,0.11624100000000001,1.574591,ZAF,THA,7436
2271671,248,216,1255,2013.0,0.0,3069.0,-0.841968,-0.898121,ZWE,THA,7436
2271672,249,216,1255,2013.0,5124366.0,6122738.0,1.7382849999999999,0.9917739999999999,TWN,THA,7436
2271673,8,222,1255,2013.0,1840.0,0.0,0.042829,0.461002,ARG,TTO,7436
2271674,13,222,1255,2013.0,0.0,4037.0,0.25821500000000003,-0.383761,ATG,TTO,7436
2271675,14,222,1255,2013.0,21675.0,36697.0,-0.63369,-0.276328,AUS,TTO,7436
2271676,15,222,1255,2013.0,26909.0,0.0,1.855434,-1.06494,AUT,TTO,7436
2271677,18,222,1255,2013.0,77560.0,4174.0,1.198491,1.117268,BEL,TTO,7436
2271678,32,222,1255,2013.0,33243.0,0.0,0.2804,0.649729,BRA,TTO,7436
2271679,33,222,1255,2013.0,0.0,29382.0,0.607845,0.09196,BRB,TTO,7436
2271680,39,222,1255,2013.0,250908.0,9835.0,0.599305,1.193591,CAN,TTO,7436
2271681,41,222,1255,2013.0,52338.0,21022.0,2.0899229999999998,0.661667,CHE,TTO,7436
2271682,42,222,1255,2013.0,0.0,5367.0,-0.184556,-0.238657,CHL,TTO,7436
2271683,43,222,1255,2013.0,173120.0,0.0,1.24864,0.667713,CHN,TTO,7436
2271684,49,222,1255,2013.0,0.0,1202.0,0.034491,-0.36975,COL,TTO,7436
2271685,59,222,1255,2013.0,94099.0,0.0,1.829509,-0.41787700000000005,CZE,TTO,7436
2271686,61,222,1255,2013.0,1108153.0,17530.0,2.1086869999999998,-3.7092,DEU,TTO,7436
2271687,64,222,1255,2013.0,23251.0,0.0,1.190302,1.062991,DNK,TTO,7436
2271688,65,222,1255,2013.0,0.0,1395.0,-0.272579,0.42750699999999997,DOM,TTO,7436
2271689,71,222,1255,2013.0,90955.0,20794.0,0.955472,1.80005,ESP,TTO,7436
2271690,74,222,1255,2013.0,14770.0,0.0,1.700282,0.867677,FIN,TTO,7436
2271691,77,222,1255,2013.0,94595.0,104704.0,1.5253299999999999,0.026146,FRA,TTO,7436
2271692,81,222,1255,2013.0,179975.0,7369.0,1.628465,0.77075,GBR,TTO,7436
2271693,91,222,1255,2013.0,0.0,1254.0,0.04823,-0.473217,GRD,TTO,7436
2271694,96,222,1255,2013.0,0.0,5047.0,-0.90241,-0.957449,GUY,TTO,7436
2271695,97,222,1255,2013.0,5202.0,0.0,0.791401,1.249845,HKG,TTO,7436
2271696,102,222,1255,2013.0,1338.0,0.0,1.6962560000000002,0.45460600000000007,HUN,TTO,7436
2271697,103,222,1255,2013.0,382939.0,0.0,-0.006876999999999999,1.8336569999999999,IDN,TTO,7436
2271698,104,222,1255,2013.0,162528.0,0.0,0.18186,2.647598,IND,TTO,7436
2271699,106,222,1255,2013.0,28797.0,0.0,1.32787,0.394579,IRL,TTO,7436
2271700,110,222,1255,2013.0,24379.0,0.0,1.0247629999999999,0.8261639999999999,ISR,TTO,7436
2271701,111,222,1255,2013.0,496064.0,5228.0,1.419383,-0.304402,ITA,TTO,7436
2271702,112,222,1255,2013.0,2914.0,12229.0,-0.364044,-0.744733,JAM,TTO,7436
2271703,114,222,1255,2013.0,379913.0,0.0,2.333417,-0.818701,JPN,TTO,7436
2271704,121,222,1255,2013.0,279885.0,0.0,1.817145,0.835414,KOR,TTO,7436
2271705,127,222,1255,2013.0,0.0,24167.0,0.433648,-0.288346,LCA,TTO,7436
2271706,138,222,1255,2013.0,684191.0,0.0,1.2327219999999999,0.746108,MEX,TTO,7436
2271707,153,222,1255,2013.0,66613.0,0.0,0.924532,0.671334,MYS,TTO,7436
2271708,162,222,1255,2013.0,319763.0,7352.0,1.012006,1.441545,NLD,TTO,7436
2271709,163,222,1255,2013.0,10080.0,1388.0,0.710901,0.062705,NOR,TTO,7436
2271710,166,222,1255,2013.0,0.0,1115.0,0.192237,0.429825,NZL,TTO,7436
2271711,168,222,1255,2013.0,0.0,2040.0,-0.697224,0.501576,PAK,TTO,7436
2271712,169,222,1255,2013.0,92337.0,1211.0,0.8719819999999999,1.038982,PAN,TTO,7436
2271713,174,222,1255,2013.0,21105.0,0.0,0.639083,0.45816899999999994,PHL,TTO,7436
2271714,177,222,1255,2013.0,0.0,4119.0,1.11341,0.975734,POL,TTO,7436
2271715,186,222,1255,2013.0,3454.0,0.0,-0.08233,-0.267781,RUS,TTO,7436
2271716,192,222,1255,2013.0,64905.0,7781.0,1.844685,0.639379,SGP,TTO,7436
2271717,197,222,1255,2013.0,1253.0,0.0,0.104046,0.46966,SLV,TTO,7436
2271718,205,222,1255,2013.0,0.0,331175.0,-0.25729,-0.651541,SUR,TTO,7436
2271719,206,222,1255,2013.0,2846.0,0.0,1.510052,0.7060310000000001,SVK,TTO,7436
2271720,208,222,1255,2013.0,16444.0,9575.0,1.7851290000000002,0.182623,SWE,TTO,7436
2271721,209,222,1255,2013.0,55396.0,0.0,0.017946,-0.20627399999999999,SWZ,TTO,7436
2271722,216,222,1255,2013.0,99551.0,2306.0,1.067287,1.2767110000000002,THA,TTO,7436
2271723,223,222,1255,2013.0,1679.0,0.0,0.40154,0.902177,TUN,TTO,7436
2271724,224,222,1255,2013.0,49180.0,0.0,0.580016,2.394812,TUR,TTO,7436
2271725,231,222,1255,2013.0,19621104.0,374333.0,1.612058,-0.8592989999999999,USA,TTO,7436
2271726,234,222,1255,2013.0,0.0,6757.0,0.39042899999999997,-0.042089,VCT,TTO,7436
2271727,236,222,1255,2013.0,7357.0,208534.0,-1.281202,-1.094268,VEN,TTO,7436
2271728,246,222,1255,2013.0,30980.0,0.0,0.11624100000000001,1.574591,ZAF,TTO,7436
2271729,249,222,1255,2013.0,47958.0,0.0,1.7382849999999999,0.9917739999999999,TWN,TTO,7436
2271730,250,222,1255,2013.0,34597.0,3361.0,0.583151,0.14238299999999998,ANS,TTO,7436
2271731,1,224,1255,2013.0,0.0,1326791.0,-0.767212,-0.6506069999999999,AFG,TUR,7436
2271732,2,224,1255,2013.0,0.0,266788.0,-1.240877,-1.073797,AGO,TUR,7436
2271733,3,224,1255,2013.0,0.0,22000.0,1.598439,0.492281,AIA,TUR,7436
2271734,4,224,1255,2013.0,0.0,982337.0,-0.44779300000000005,-0.13181700000000002,ALB,TUR,7436
2271735,7,224,1255,2013.0,180311.0,3095490.0,-0.338417,-0.754102,ARE,TUR,7436
2271736,8,224,1255,2013.0,307730.0,433771.0,0.042829,0.461002,ARG,TUR,7436
2271737,10,224,1255,2013.0,2709.0,0.0,0.5701109999999999,-0.113648,ASM,TUR,7436
2271738,14,224,1255,2013.0,106318.0,403462.0,-0.63369,-0.276328,AUS,TUR,7436
2271739,15,224,1255,2013.0,9111241.0,125164.0,1.855434,-1.06494,AUT,TUR,7436
2271740,16,224,1255,2013.0,27657.0,12325399.0,-1.319766,-1.200648,AZE,TUR,7436
2271741,18,224,1255,2013.0,15659567.0,13214769.0,1.198491,1.117268,BEL,TUR,7436
2271742,19,224,1255,2013.0,0.0,4924.0,-0.924213,-0.8181390000000001,BEN,TUR,7436
2271743,21,224,1255,2013.0,0.0,67411.0,-0.7231029999999999,-0.736291,BFA,TUR,7436
2271744,22,224,1255,2013.0,0.0,128609.0,-0.835666,-0.8088810000000001,BGD,TUR,7436
2271745,23,224,1255,2013.0,798990.0,1742898.0,0.622325,1.5506229999999999,BGR,TUR,7436
2271746,24,224,1255,2013.0,0.0,203030.0,0.080634,-0.6828890000000001,BHR,TUR,7436
2271747,26,224,1255,2013.0,948981.0,1499227.0,0.723658,0.9271879999999999,BIH,TUR,7436
2271748,28,224,1255,2013.0,16779.0,590184.0,1.183522,0.934159,BLR,TUR,7436
2271749,31,224,1255,2013.0,0.0,54697.0,-1.1429610000000001,-1.0076120000000002,BOL,TUR,7436
2271750,32,224,1255,2013.0,376925.0,2150290.0,0.2804,0.649729,BRA,TUR,7436
2271751,34,224,1255,2013.0,0.0,69514.0,-1.664,-0.663172,BRN,TUR,7436
2271752,37,224,1255,2013.0,0.0,23197.0,-0.677782,-1.0888149999999999,BWA,TUR,7436
2271753,39,224,1255,2013.0,4951204.0,695247.0,0.599305,1.193591,CAN,TUR,7436
2271754,41,224,1255,2013.0,2873429.0,488809.0,2.0899229999999998,0.661667,CHE,TUR,7436
2271755,42,224,1255,2013.0,0.0,258227.0,-0.184556,-0.238657,CHL,TUR,7436
2271756,43,224,1255,2013.0,58777004.0,909932.0,1.24864,0.667713,CHN,TUR,7436
2271757,44,224,1255,2013.0,0.0,82736.0,-1.0025870000000001,-0.901658,CIV,TUR,7436
2271758,45,224,1255,2013.0,0.0,722455.0,-0.93575,-1.003851,CMR,TUR,7436
2271759,46,224,1255,2013.0,0.0,39137.0,-1.450075,-1.115916,COD,TUR,7436
2271760,47,224,1255,2013.0,0.0,21648.0,-1.478461,-1.094509,COG,TUR,7436
2271761,49,224,1255,2013.0,0.0,80806.0,0.034491,-0.36975,COL,TUR,7436
2271762,51,224,1255,2013.0,0.0,5764.0,-0.28793,-0.5938319999999999,CPV,TUR,7436
2271763,52,224,1255,2013.0,0.0,7334.0,0.208669,-0.54783,CRI,TUR,7436
2271764,54,224,1255,2013.0,0.0,9058.0,-0.31053400000000003,-0.8534280000000001,CUB,TUR,7436
2271765,58,224,1255,2013.0,0.0,2729286.0,0.36482800000000004,0.527544,CYP,TUR,7436
2271766,59,224,1255,2013.0,46942392.0,1019456.0,1.829509,-0.41787700000000005,CZE,TUR,7436
2271767,61,224,1255,2013.0,288403008.0,45173492.0,2.1086869999999998,-3.7092,DEU,TUR,7436
2271768,62,224,1255,2013.0,0.0,78273.0,-0.35226399999999997,-0.542234,DJI,TUR,7436
2271769,64,224,1255,2013.0,3697919.0,308475.0,1.190302,1.062991,DNK,TUR,7436
2271770,65,224,1255,2013.0,0.0,9030.0,-0.272579,0.42750699999999997,DOM,TUR,7436
2271771,66,224,1255,2013.0,1353.0,3434890.0,-1.53603,-1.104965,DZA,TUR,7436
2271772,67,224,1255,2013.0,0.0,59720.0,-0.8251790000000001,-0.9347200000000001,ECU,TUR,7436
2271773,68,224,1255,2013.0,2887028.0,3488194.0,-0.12015799999999999,1.793363,EGY,TUR,7436
2271774,71,224,1255,2013.0,7849430.0,3579842.0,0.955472,1.80005,ESP,TUR,7436
2271775,72,224,1255,2013.0,83796.0,73609.0,0.923321,1.290016,EST,TUR,7436
2271776,73,224,1255,2013.0,0.0,407994.0,-1.1373090000000001,-0.89186,ETH,TUR,7436
2271777,74,224,1255,2013.0,1363277.0,338800.0,1.700282,0.867677,FIN,TUR,7436
2271778,77,224,1255,2013.0,44871240.0,8315798.0,1.5253299999999999,0.026146,FRA,TUR,7436
2271779,80,224,1255,2013.0,0.0,117688.0,-1.652062,-1.140576,GAB,TUR,7436
2271780,81,224,1255,2013.0,19391578.0,4886496.0,1.628465,0.77075,GBR,TUR,7436
2271781,82,224,1255,2013.0,3753.0,2025917.0,-0.08343099999999999,-0.359692,GEO,TUR,7436
2271782,83,224,1255,2013.0,0.0,547129.0,-0.696971,-0.5807939999999999,GHA,TUR,7436
2271783,85,224,1255,2013.0,0.0,487422.0,-1.281072,-1.027585,GIN,TUR,7436
2271784,87,224,1255,2013.0,0.0,27195.0,-0.867648,-0.90786,GMB,TUR,7436
2271785,89,224,1255,2013.0,0.0,154672.0,-1.7984200000000001,-0.678832,GNQ,TUR,7436
2271786,90,224,1255,2013.0,516533.0,1185997.0,0.073442,0.9857899999999999,GRC,TUR,7436
2271787,96,224,1255,2013.0,0.0,3416.0,-0.90241,-0.957449,GUY,TUR,7436
2271788,97,224,1255,2013.0,113615.0,136254.0,0.791401,1.249845,HKG,TUR,7436
2271789,99,224,1255,2013.0,0.0,2552.0,-0.6661060000000001,-0.38619699999999996,HND,TUR,7436
2271790,100,224,1255,2013.0,183559.0,270729.0,0.8737309999999999,1.276091,HRV,TUR,7436
2271791,102,224,1255,2013.0,2577394.0,594050.0,1.6962560000000002,0.45460600000000007,HUN,TUR,7436
2271792,103,224,1255,2013.0,1986608.0,137697.0,-0.006876999999999999,1.8336569999999999,IDN,TUR,7436
2271793,104,224,1255,2013.0,2603354.0,796450.0,0.18186,2.647598,IND,TUR,7436
2271794,106,224,1255,2013.0,162978.0,602904.0,1.32787,0.394579,IRL,TUR,7436
2271795,107,224,1255,2013.0,49065.0,5532930.0,-0.23625100000000002,-0.256067,IRN,TUR,7436
2271796,108,224,1255,2013.0,10873.0,39374712.0,-3.147217,-0.685991,IRQ,TUR,7436
2271797,109,224,1255,2013.0,0.0,32257.0,0.284089,-0.164097,ISL,TUR,7436
2271798,110,224,1255,2013.0,1485359.0,1575622.0,1.0247629999999999,0.8261639999999999,ISR,TUR,7436
2271799,111,224,1255,2013.0,41552908.0,7398230.0,1.419383,-0.304402,ITA,TUR,7436
2271800,113,224,1255,2013.0,0.0,567666.0,0.1888,0.596867,JOR,TUR,7436
2271801,114,224,1255,2013.0,22105428.0,220990.0,2.333417,-0.818701,JPN,TUR,7436
2271802,115,224,1255,2013.0,1106.0,4858194.0,-0.9193819999999999,-0.734194,KAZ,TUR,7436
2271803,116,224,1255,2013.0,0.0,160259.0,-0.303119,0.626786,KEN,TUR,7436
2271804,117,224,1255,2013.0,0.0,434398.0,0.25090500000000004,0.7357279999999999,KGZ,TUR,7436
2271805,118,224,1255,2013.0,0.0,1071.0,-0.634876,-0.714886,KHM,TUR,7436
2271806,121,224,1255,2013.0,30059616.0,553900.0,1.817145,0.835414,KOR,TUR,7436
2271807,122,224,1255,2013.0,0.0,3029070.0,-1.198985,-1.057248,KWT,TUR,7436
2271808,124,224,1255,2013.0,7677.0,1018974.0,0.37392800000000004,1.413136,LBN,TUR,7436
2271809,125,224,1255,2013.0,0.0,163006.0,-0.8343229999999999,-0.992129,LBR,TUR,7436
2271810,126,224,1255,2013.0,0.0,5257232.0,-1.871593,-1.1211790000000001,LBY,TUR,7436
2271811,128,224,1255,2013.0,1614.0,84928.0,-0.320583,0.44462399999999996,LKA,TUR,7436
2271812,130,224,1255,2013.0,285578.0,656850.0,0.677986,1.29227,LTU,TUR,7436
2271813,131,224,1255,2013.0,19927.0,36930.0,1.0110190000000001,1.123226,LUX,TUR,7436
2271814,132,224,1255,2013.0,322131.0,590652.0,0.652463,1.299917,LVA,TUR,7436
2271815,134,224,1255,2013.0,80464.0,2791483.0,-0.474872,0.178118,MAR,TUR,7436
2271816,135,224,1255,2013.0,0.0,457058.0,0.14256,0.33920700000000004,MDA,TUR,7436
2271817,136,224,1255,2013.0,0.0,38862.0,-0.786091,-0.611478,MDG,TUR,7436
2271818,137,224,1255,2013.0,0.0,119544.0,-0.510204,-0.740372,MDV,TUR,7436
2271819,138,224,1255,2013.0,2800520.0,342097.0,1.2327219999999999,0.746108,MEX,TUR,7436
2271820,139,224,1255,2013.0,44294.0,0.0,-0.9199700000000001,-0.776832,MHL,TUR,7436
2271821,140,224,1255,2013.0,0.0,395561.0,-0.127775,0.21915900000000002,MKD,TUR,7436
2271822,141,224,1255,2013.0,0.0,25325.0,-1.046677,-0.980809,MLI,TUR,7436
2271823,142,224,1255,2013.0,28286.0,50117.0,0.710108,-0.014586000000000002,MLT,TUR,7436
2271824,143,224,1255,2013.0,0.0,4535.0,-1.147086,-0.6888989999999999,MMR,TUR,7436
2271825,144,224,1255,2013.0,0.0,17001.0,0.09597,-0.019953,MNE,TUR,7436
2271826,145,224,1255,2013.0,0.0,58244.0,-1.264785,-1.133222,MNG,TUR,7436
2271827,147,224,1255,2013.0,0.0,18924.0,-1.131512,-0.8923840000000001,MOZ,TUR,7436
2271828,148,224,1255,2013.0,0.0,90491.0,-1.681152,-1.2712350000000001,MRT,TUR,7436
2271829,151,224,1255,2013.0,0.0,24626.0,-0.092312,0.050927,MUS,TUR,7436
2271830,152,224,1255,2013.0,0.0,1034.0,-0.802763,-0.8101470000000001,MWI,TUR,7436
2271831,153,224,1255,2013.0,1332272.0,154065.0,0.924532,0.671334,MYS,TUR,7436
2271832,154,224,1255,2013.0,0.0,4508.0,0.652359,-0.525881,MYT,TUR,7436
2271833,155,224,1255,2013.0,0.0,40845.0,-0.316805,-0.38759099999999996,NAM,TUR,7436
2271834,156,224,1255,2013.0,0.0,15774.0,-0.262882,-0.63858,NCL,TUR,7436
2271835,157,224,1255,2013.0,0.0,15792.0,-1.0008350000000001,-0.8325670000000001,NER,TUR,7436
2271836,159,224,1255,2013.0,0.0,772420.0,-1.679402,-1.14686,NGA,TUR,7436
2271837,160,224,1255,2013.0,0.0,15733.0,-0.7956479999999999,-0.596061,NIC,TUR,7436
2271838,162,224,1255,2013.0,12870751.0,2525110.0,1.012006,1.441545,NLD,TUR,7436
2271839,163,224,1255,2013.0,1208834.0,37789.0,0.710901,0.062705,NOR,TUR,7436
2271840,166,224,1255,2013.0,8929.0,71194.0,0.192237,0.429825,NZL,TUR,7436
2271841,167,224,1255,2013.0,10466.0,46739.0,-0.698693,-1.030814,OMN,TUR,7436
2271842,168,224,1255,2013.0,0.0,2494162.0,-0.697224,0.501576,PAK,TUR,7436
2271843,169,224,1255,2013.0,0.0,8073.0,0.8719819999999999,1.038982,PAN,TUR,7436
2271844,173,224,1255,2013.0,0.0,121843.0,-0.640044,0.121772,PER,TUR,7436
2271845,174,224,1255,2013.0,878651.0,21885.0,0.639083,0.45816899999999994,PHL,TUR,7436
2271846,176,224,1255,2013.0,0.0,14379.0,-1.508233,-1.163478,PNG,TUR,7436
2271847,177,224,1255,2013.0,6893168.0,2904310.0,1.11341,0.975734,POL,TUR,7436
2271848,179,224,1255,2013.0,1150050.0,766846.0,0.705087,2.2055580000000004,PRT,TUR,7436
2271849,180,224,1255,2013.0,0.0,36153.0,-0.560661,-0.822876,PRY,TUR,7436
2271850,181,224,1255,2013.0,0.0,91493.0,0.103716,0.762259,PSE,TUR,7436
2271851,182,224,1255,2013.0,0.0,13123.0,-0.118172,-0.620256,PYF,TUR,7436
2271852,183,224,1255,2013.0,0.0,769358.0,-0.583609,-1.003754,QAT,TUR,7436
2271853,185,224,1255,2013.0,2131553.0,7903483.0,1.05722,1.0968799999999999,ROU,TUR,7436
2271854,186,224,1255,2013.0,84590.0,17735984.0,-0.08233,-0.267781,RUS,TUR,7436
2271855,187,224,1255,2013.0,0.0,28565.0,-0.535446,-0.662881,RWA,TUR,7436
2271856,188,224,1255,2013.0,65314.0,8379169.0,-0.14823599999999998,-0.883965,SAU,TUR,7436
2271857,190,224,1255,2013.0,0.0,722593.0,-1.224897,-1.059517,SDN,TUR,7436
2271858,191,224,1255,2013.0,0.0,169479.0,-0.566624,-0.185277,SEN,TUR,7436
2271859,192,224,1255,2013.0,620041.0,426096.0,1.844685,0.639379,SGP,TUR,7436
2271860,197,224,1255,2013.0,0.0,10423.0,0.104046,0.46966,SLV,TUR,7436
2271861,199,224,1255,2013.0,0.0,141066.0,-0.9790979999999999,-0.8632620000000001,SOM,TUR,7436
2271862,201,224,1255,2013.0,23042.0,1670807.0,0.609755,1.355304,SRB,TUR,7436
2271863,205,224,1255,2013.0,0.0,6519.0,-0.25729,-0.651541,SUR,TUR,7436
2271864,206,224,1255,2013.0,1573413.0,205807.0,1.510052,0.7060310000000001,SVK,TUR,7436
2271865,207,224,1255,2013.0,1224901.0,792469.0,1.55922,0.565874,SVN,TUR,7436
2271866,208,224,1255,2013.0,4949369.0,596153.0,1.7851290000000002,0.182623,SWE,TUR,7436
2271867,211,224,1255,2013.0,0.0,6356.0,0.06901,-0.438229,SYC,TUR,7436
2271868,212,224,1255,2013.0,0.0,1545730.0,-0.09157699999999999,1.1795950000000002,SYR,TUR,7436
2271869,215,224,1255,2013.0,0.0,18977.0,-0.532095,-0.434276,TGO,TUR,7436
2271870,216,224,1255,2013.0,1183408.0,295306.0,1.067287,1.2767110000000002,THA,TUR,7436
2271871,217,224,1255,2013.0,0.0,167905.0,-1.117246,-1.1638600000000001,TJK,TUR,7436
2271872,219,224,1255,2013.0,0.0,8647823.0,-1.174981,-1.14869,TKM,TUR,7436
2271873,222,224,1255,2013.0,0.0,49180.0,-0.399437,-1.047864,TTO,TUR,7436
2271874,223,224,1255,2013.0,3457977.0,846790.0,0.40154,0.902177,TUN,TUR,7436
2271875,226,224,1255,2013.0,0.0,228643.0,-0.654655,0.903574,TZA,TUR,7436
2271876,227,224,1255,2013.0,0.0,42910.0,-0.46170100000000003,0.652878,UGA,TUR,7436
2271877,228,224,1255,2013.0,178674.0,1425019.0,0.535571,1.026263,UKR,TUR,7436
2271878,230,224,1255,2013.0,0.0,68838.0,0.128825,0.02334,URY,TUR,7436
2271879,231,224,1255,2013.0,21246242.0,10866457.0,1.612058,-0.8592989999999999,USA,TUR,7436
2271880,232,224,1255,2013.0,0.0,4520606.0,-0.7076319999999999,-0.645674,UZB,TUR,7436
2271881,236,224,1255,2013.0,0.0,1026199.0,-1.281202,-1.094268,VEN,TUR,7436
2271882,239,224,1255,2013.0,0.0,291387.0,0.009264,1.182368,VNM,TUR,7436
2271883,241,224,1255,2013.0,0.0,2688.0,1.758949,-0.121598,WLF,TUR,7436
2271884,243,224,1255,2013.0,0.0,626119.0,-1.2788700000000002,-1.230713,YEM,TUR,7436
2271885,246,224,1255,2013.0,56475428.0,702510.0,0.11624100000000001,1.574591,ZAF,TUR,7436
2271886,247,224,1255,2013.0,0.0,26611.0,-0.293192,-0.42930100000000004,ZMB,TUR,7436
2271887,248,224,1255,2013.0,0.0,8626.0,-0.841968,-0.898121,ZWE,TUR,7436
2271888,249,224,1255,2013.0,10459794.0,165624.0,1.7382849999999999,0.9917739999999999,TWN,TUR,7436
2271889,250,224,1255,2013.0,1943737.0,4933594.0,0.583151,0.14238299999999998,ANS,TUR,7436
2271890,1,228,1255,2013.0,1062.0,8152.0,-0.767212,-0.6506069999999999,AFG,UKR,7436
2271891,2,228,1255,2013.0,0.0,2894.0,-1.240877,-1.073797,AGO,UKR,7436
2271892,4,228,1255,2013.0,0.0,8617.0,-0.44779300000000005,-0.13181700000000002,ALB,UKR,7436
2271893,7,228,1255,2013.0,126545.0,196870.0,-0.338417,-0.754102,ARE,UKR,7436
2271894,8,228,1255,2013.0,33219.0,6126.0,0.042829,0.461002,ARG,UKR,7436
2271895,9,228,1255,2013.0,12618.0,162171.0,-0.159148,-0.515766,ARM,UKR,7436
2271896,14,228,1255,2013.0,1021.0,3779.0,-0.63369,-0.276328,AUS,UKR,7436
2271897,15,228,1255,2013.0,4955696.0,9818.0,1.855434,-1.06494,AUT,UKR,7436
2271898,16,228,1255,2013.0,16545.0,1497729.0,-1.319766,-1.200648,AZE,UKR,7436
2271899,18,228,1255,2013.0,8476129.0,24408.0,1.198491,1.117268,BEL,UKR,7436
2271900,22,228,1255,2013.0,1288.0,8185.0,-0.835666,-0.8088810000000001,BGD,UKR,7436
2271901,23,228,1255,2013.0,809984.0,17745.0,0.622325,1.5506229999999999,BGR,UKR,7436
2271902,24,228,1255,2013.0,0.0,3850.0,0.080634,-0.6828890000000001,BHR,UKR,7436
2271903,26,228,1255,2013.0,175919.0,111751.0,0.723658,0.9271879999999999,BIH,UKR,7436
2271904,28,228,1255,2013.0,415077.0,2698942.0,1.183522,0.934159,BLR,UKR,7436
2271905,31,228,1255,2013.0,0.0,1227.0,-1.1429610000000001,-1.0076120000000002,BOL,UKR,7436
2271906,32,228,1255,2013.0,92618.0,1470225.0,0.2804,0.649729,BRA,UKR,7436
2271907,39,228,1255,2013.0,788523.0,27490.0,0.599305,1.193591,CAN,UKR,7436
2271908,41,228,1255,2013.0,1213370.0,5266.0,2.0899229999999998,0.661667,CHE,UKR,7436
2271909,42,228,1255,2013.0,0.0,1080.0,-0.184556,-0.238657,CHL,UKR,7436
2271910,43,228,1255,2013.0,7258484.0,786689.0,1.24864,0.667713,CHN,UKR,7436
2271911,44,228,1255,2013.0,0.0,32611.0,-1.0025870000000001,-0.901658,CIV,UKR,7436
2271912,46,228,1255,2013.0,0.0,13029.0,-1.450075,-1.115916,COD,UKR,7436
2271913,49,228,1255,2013.0,0.0,2968.0,0.034491,-0.36975,COL,UKR,7436
2271914,52,228,1255,2013.0,0.0,25056.0,0.208669,-0.54783,CRI,UKR,7436
2271915,54,228,1255,2013.0,0.0,184364.0,-0.31053400000000003,-0.8534280000000001,CUB,UKR,7436
2271916,58,228,1255,2013.0,6146.0,8551.0,0.36482800000000004,0.527544,CYP,UKR,7436
2271917,59,228,1255,2013.0,7886556.0,1998031.0,1.829509,-0.41787700000000005,CZE,UKR,7436
2271918,61,228,1255,2013.0,32679270.0,89888.0,2.1086869999999998,-3.7092,DEU,UKR,7436
2271919,64,228,1255,2013.0,2063378.0,2856.0,1.190302,1.062991,DNK,UKR,7436
2271920,65,228,1255,2013.0,0.0,27130.0,-0.272579,0.42750699999999997,DOM,UKR,7436
2271921,66,228,1255,2013.0,0.0,64770.0,-1.53603,-1.104965,DZA,UKR,7436
2271922,67,228,1255,2013.0,0.0,1481.0,-0.8251790000000001,-0.9347200000000001,ECU,UKR,7436
2271923,68,228,1255,2013.0,2438.0,165010.0,-0.12015799999999999,1.793363,EGY,UKR,7436
2271924,71,228,1255,2013.0,1268537.0,59702.0,0.955472,1.80005,ESP,UKR,7436
2271925,72,228,1255,2013.0,655018.0,1904890.0,0.923321,1.290016,EST,UKR,7436
2271926,74,228,1255,2013.0,270732.0,16591.0,1.700282,0.867677,FIN,UKR,7436
2271927,77,228,1255,2013.0,3183659.0,67656.0,1.5253299999999999,0.026146,FRA,UKR,7436
2271928,81,228,1255,2013.0,1579027.0,28331.0,1.628465,0.77075,GBR,UKR,7436
2271929,82,228,1255,2013.0,0.0,685531.0,-0.08343099999999999,-0.359692,GEO,UKR,7436
2271930,83,228,1255,2013.0,0.0,132863.0,-0.696971,-0.5807939999999999,GHA,UKR,7436
2271931,89,228,1255,2013.0,0.0,165234.0,-1.7984200000000001,-0.678832,GNQ,UKR,7436
2271932,90,228,1255,2013.0,58342.0,0.0,0.073442,0.9857899999999999,GRC,UKR,7436
2271933,93,228,1255,2013.0,0.0,530048.0,-0.220165,0.661111,GTM,UKR,7436
2271934,97,228,1255,2013.0,17372.0,0.0,0.791401,1.249845,HKG,UKR,7436
2271935,100,228,1255,2013.0,27702.0,5332.0,0.8737309999999999,1.276091,HRV,UKR,7436
2271936,102,228,1255,2013.0,4191003.0,160518.0,1.6962560000000002,0.45460600000000007,HUN,UKR,7436
2271937,103,228,1255,2013.0,1050384.0,13067.0,-0.006876999999999999,1.8336569999999999,IDN,UKR,7436
2271938,104,228,1255,2013.0,60954.0,214503.0,0.18186,2.647598,IND,UKR,7436
2271939,106,228,1255,2013.0,39497.0,102974.0,1.32787,0.394579,IRL,UKR,7436
2271940,107,228,1255,2013.0,38748.0,1024173.0,-0.23625100000000002,-0.256067,IRN,UKR,7436
2271941,108,228,1255,2013.0,0.0,121596.0,-3.147217,-0.685991,IRQ,UKR,7436
2271942,110,228,1255,2013.0,755095.0,33234.0,1.0247629999999999,0.8261639999999999,ISR,UKR,7436
2271943,111,228,1255,2013.0,5460044.0,69501.0,1.419383,-0.304402,ITA,UKR,7436
2271944,113,228,1255,2013.0,0.0,80306.0,0.1888,0.596867,JOR,UKR,7436
2271945,114,228,1255,2013.0,1051491.0,0.0,2.333417,-0.818701,JPN,UKR,7436
2271946,115,228,1255,2013.0,1410.0,3521315.0,-0.9193819999999999,-0.734194,KAZ,UKR,7436
2271947,117,228,1255,2013.0,0.0,46031.0,0.25090500000000004,0.7357279999999999,KGZ,UKR,7436
2271948,118,228,1255,2013.0,10240.0,18805.0,-0.634876,-0.714886,KHM,UKR,7436
2271949,121,228,1255,2013.0,466834.0,0.0,1.817145,0.835414,KOR,UKR,7436
2271950,122,228,1255,2013.0,0.0,111137.0,-1.198985,-1.057248,KWT,UKR,7436
2271951,125,228,1255,2013.0,0.0,1968.0,-0.8343229999999999,-0.992129,LBR,UKR,7436
2271952,130,228,1255,2013.0,1336109.0,170732.0,0.677986,1.29227,LTU,UKR,7436
2271953,131,228,1255,2013.0,3145.0,0.0,1.0110190000000001,1.123226,LUX,UKR,7436
2271954,132,228,1255,2013.0,384078.0,202815.0,0.652463,1.299917,LVA,UKR,7436
2271955,134,228,1255,2013.0,2318.0,14752.0,-0.474872,0.178118,MAR,UKR,7436
2271956,135,228,1255,2013.0,81384.0,537001.0,0.14256,0.33920700000000004,MDA,UKR,7436
2271957,138,228,1255,2013.0,1246169.0,72937.0,1.2327219999999999,0.746108,MEX,UKR,7436
2271958,140,228,1255,2013.0,0.0,15624.0,-0.127775,0.21915900000000002,MKD,UKR,7436
2271959,142,228,1255,2013.0,11884.0,1674.0,0.710108,-0.014586000000000002,MLT,UKR,7436
2271960,145,228,1255,2013.0,0.0,1632.0,-1.264785,-1.133222,MNG,UKR,7436
2271961,147,228,1255,2013.0,0.0,125481.0,-1.131512,-0.8923840000000001,MOZ,UKR,7436
2271962,153,228,1255,2013.0,1754339.0,5961.0,0.924532,0.671334,MYS,UKR,7436
2271963,157,228,1255,2013.0,0.0,2256.0,-1.0008350000000001,-0.8325670000000001,NER,UKR,7436
2271964,159,228,1255,2013.0,0.0,758973.0,-1.679402,-1.14686,NGA,UKR,7436
2271965,160,228,1255,2013.0,0.0,15887.0,-0.7956479999999999,-0.596061,NIC,UKR,7436
2271966,162,228,1255,2013.0,1247232.0,11698.0,1.012006,1.441545,NLD,UKR,7436
2271967,163,228,1255,2013.0,884970.0,10170.0,0.710901,0.062705,NOR,UKR,7436
2271968,166,228,1255,2013.0,0.0,1614.0,0.192237,0.429825,NZL,UKR,7436
2271969,167,228,1255,2013.0,7952.0,0.0,-0.698693,-1.030814,OMN,UKR,7436
2271970,168,228,1255,2013.0,0.0,259260.0,-0.697224,0.501576,PAK,UKR,7436
2271971,169,228,1255,2013.0,3656.0,15231.0,0.8719819999999999,1.038982,PAN,UKR,7436
2271972,173,228,1255,2013.0,0.0,3816.0,-0.640044,0.121772,PER,UKR,7436
2271973,174,228,1255,2013.0,99463.0,113907.0,0.639083,0.45816899999999994,PHL,UKR,7436
2271974,177,228,1255,2013.0,33258920.0,3443421.0,1.11341,0.975734,POL,UKR,7436
2271975,178,228,1255,2013.0,1462.0,0.0,-0.304923,-0.301578,PRK,UKR,7436
2271976,179,228,1255,2013.0,0.0,44910.0,0.705087,2.2055580000000004,PRT,UKR,7436
2271977,185,228,1255,2013.0,114726.0,174973.0,1.05722,1.0968799999999999,ROU,UKR,7436
2271978,186,228,1255,2013.0,16241095.0,35987364.0,-0.08233,-0.267781,RUS,UKR,7436
2271979,188,228,1255,2013.0,21390.0,198829.0,-0.14823599999999998,-0.883965,SAU,UKR,7436
2271980,190,228,1255,2013.0,0.0,138398.0,-1.224897,-1.059517,SDN,UKR,7436
2271981,192,228,1255,2013.0,128232.0,6913.0,1.844685,0.639379,SGP,UKR,7436
2271982,201,228,1255,2013.0,3810.0,51891.0,0.609755,1.355304,SRB,UKR,7436
2271983,206,228,1255,2013.0,2099490.0,4644.0,1.510052,0.7060310000000001,SVK,UKR,7436
2271984,207,228,1255,2013.0,239938.0,6780.0,1.55922,0.565874,SVN,UKR,7436
2271985,208,228,1255,2013.0,1086150.0,19572.0,1.7851290000000002,0.182623,SWE,UKR,7436
2271986,214,228,1255,2013.0,0.0,56737.0,-2.89356,-0.879919,TCD,UKR,7436
2271987,216,228,1255,2013.0,34824.0,1801.0,1.067287,1.2767110000000002,THA,UKR,7436
2271988,217,228,1255,2013.0,0.0,95020.0,-1.117246,-1.1638600000000001,TJK,UKR,7436
2271989,219,228,1255,2013.0,0.0,984337.0,-1.174981,-1.14869,TKM,UKR,7436
2271990,223,228,1255,2013.0,196858.0,41716.0,0.40154,0.902177,TUN,UKR,7436
2271991,224,228,1255,2013.0,1425019.0,178674.0,0.580016,2.394812,TUR,UKR,7436
2271992,231,228,1255,2013.0,4235252.0,1271046.0,1.612058,-0.8592989999999999,USA,UKR,7436
2271993,232,228,1255,2013.0,0.0,2449739.0,-0.7076319999999999,-0.645674,UZB,UKR,7436
2271994,237,228,1255,2013.0,0.0,41325.0,0.217532,-0.315292,VGB,UKR,7436
2271995,239,228,1255,2013.0,0.0,113926.0,0.009264,1.182368,VNM,UKR,7436
2271996,246,228,1255,2013.0,173220.0,88962.0,0.11624100000000001,1.574591,ZAF,UKR,7436
2271997,248,228,1255,2013.0,0.0,1031.0,-0.841968,-0.898121,ZWE,UKR,7436
2271998,249,228,1255,2013.0,997576.0,0.0,1.7382849999999999,0.9917739999999999,TWN,UKR,7436
2271999,2,230,1255,2013.0,0.0,295818.0,-1.240877,-1.073797,AGO,URY,7436
2272000,7,230,1255,2013.0,0.0,24895.0,-0.338417,-0.754102,ARE,URY,7436
2272001,8,230,1255,2013.0,4274730.0,392727.0,0.042829,0.461002,ARG,URY,7436
2272002,14,230,1255,2013.0,2336.0,0.0,-0.63369,-0.276328,AUS,URY,7436
2272003,15,230,1255,2013.0,107541.0,1584.0,1.855434,-1.06494,AUT,URY,7436
2272004,18,230,1255,2013.0,251549.0,3406.0,1.198491,1.117268,BEL,URY,7436
2272005,23,230,1255,2013.0,4412.0,0.0,0.622325,1.5506229999999999,BGR,URY,7436
2272006,31,230,1255,2013.0,0.0,2924.0,-1.1429610000000001,-1.0076120000000002,BOL,URY,7436
2272007,32,230,1255,2013.0,4226552.0,43267.0,0.2804,0.649729,BRA,URY,7436
2272008,39,230,1255,2013.0,79552.0,0.0,0.599305,1.193591,CAN,URY,7436
2272009,41,230,1255,2013.0,316042.0,0.0,2.0899229999999998,0.661667,CHE,URY,7436
2272010,42,230,1255,2013.0,81812.0,5104.0,-0.184556,-0.238657,CHL,URY,7436
2272011,43,230,1255,2013.0,2171747.0,0.0,1.24864,0.667713,CHN,URY,7436
2272012,59,230,1255,2013.0,17623.0,0.0,1.829509,-0.41787700000000005,CZE,URY,7436
2272013,61,230,1255,2013.0,1612605.0,0.0,2.1086869999999998,-3.7092,DEU,URY,7436
2272014,64,230,1255,2013.0,263890.0,0.0,1.190302,1.062991,DNK,URY,7436
2272015,65,230,1255,2013.0,0.0,2159.0,-0.272579,0.42750699999999997,DOM,URY,7436
2272016,67,230,1255,2013.0,6008.0,1792.0,-0.8251790000000001,-0.9347200000000001,ECU,URY,7436
2272017,71,230,1255,2013.0,1083234.0,0.0,0.955472,1.80005,ESP,URY,7436
2272018,74,230,1255,2013.0,105550.0,0.0,1.700282,0.867677,FIN,URY,7436
2272019,77,230,1255,2013.0,352410.0,2478.0,1.5253299999999999,0.026146,FRA,URY,7436
2272020,81,230,1255,2013.0,443023.0,3411.0,1.628465,0.77075,GBR,URY,7436
2272021,93,230,1255,2013.0,2855.0,0.0,-0.220165,0.661111,GTM,URY,7436
2272022,97,230,1255,2013.0,13721.0,0.0,0.791401,1.249845,HKG,URY,7436
2272023,103,230,1255,2013.0,80345.0,0.0,-0.006876999999999999,1.8336569999999999,IDN,URY,7436
2272024,104,230,1255,2013.0,204689.0,0.0,0.18186,2.647598,IND,URY,7436
2272025,106,230,1255,2013.0,83729.0,0.0,1.32787,0.394579,IRL,URY,7436
2272026,110,230,1255,2013.0,51318.0,0.0,1.0247629999999999,0.8261639999999999,ISR,URY,7436
2272027,111,230,1255,2013.0,798159.0,0.0,1.419383,-0.304402,ITA,URY,7436
2272028,114,230,1255,2013.0,403276.0,0.0,2.333417,-0.818701,JPN,URY,7436
2272029,121,230,1255,2013.0,253527.0,0.0,1.817145,0.835414,KOR,URY,7436
2272030,131,230,1255,2013.0,15437.0,0.0,1.0110190000000001,1.123226,LUX,URY,7436
2272031,138,230,1255,2013.0,425892.0,2497.0,1.2327219999999999,0.746108,MEX,URY,7436
2272032,153,230,1255,2013.0,325569.0,0.0,0.924532,0.671334,MYS,URY,7436
2272033,162,230,1255,2013.0,173031.0,2535.0,1.012006,1.441545,NLD,URY,7436
2272034,163,230,1255,2013.0,14602.0,0.0,0.710901,0.062705,NOR,URY,7436
2272035,173,230,1255,2013.0,50814.0,0.0,-0.640044,0.121772,PER,URY,7436
2272036,174,230,1255,2013.0,46975.0,0.0,0.639083,0.45816899999999994,PHL,URY,7436
2272037,177,230,1255,2013.0,20197.0,0.0,1.11341,0.975734,POL,URY,7436
2272038,179,230,1255,2013.0,54314.0,0.0,0.705087,2.2055580000000004,PRT,URY,7436
2272039,180,230,1255,2013.0,29717.0,17781.0,-0.560661,-0.822876,PRY,URY,7436
2272040,186,230,1255,2013.0,4447.0,0.0,-0.08233,-0.267781,RUS,URY,7436
2272041,188,230,1255,2013.0,2111.0,0.0,-0.14823599999999998,-0.883965,SAU,URY,7436
2272042,192,230,1255,2013.0,9970.0,0.0,1.844685,0.639379,SGP,URY,7436
2272043,197,230,1255,2013.0,0.0,36411.0,0.104046,0.46966,SLV,URY,7436
2272044,201,230,1255,2013.0,117690.0,0.0,0.609755,1.355304,SRB,URY,7436
2272045,206,230,1255,2013.0,15626.0,0.0,1.510052,0.7060310000000001,SVK,URY,7436
2272046,207,230,1255,2013.0,6651.0,0.0,1.55922,0.565874,SVN,URY,7436
2272047,208,230,1255,2013.0,663092.0,0.0,1.7851290000000002,0.182623,SWE,URY,7436
2272048,216,230,1255,2013.0,11625.0,0.0,1.067287,1.2767110000000002,THA,URY,7436
2272049,223,230,1255,2013.0,49662.0,0.0,0.40154,0.902177,TUN,URY,7436
2272050,224,230,1255,2013.0,68838.0,0.0,0.580016,2.394812,TUR,URY,7436
2272051,231,230,1255,2013.0,8725694.0,9423.0,1.612058,-0.8592989999999999,USA,URY,7436
2272052,236,230,1255,2013.0,0.0,1318999.0,-1.281202,-1.094268,VEN,URY,7436
2272053,246,230,1255,2013.0,77611.0,0.0,0.11624100000000001,1.574591,ZAF,URY,7436
2272054,249,230,1255,2013.0,35198.0,0.0,1.7382849999999999,0.9917739999999999,TWN,URY,7436
2272055,250,230,1255,2013.0,0.0,95084.0,0.583151,0.14238299999999998,ANS,URY,7436
2272056,0,231,1255,2013.0,5586.0,1002851.0,0.598533,0.032199,ABW,USA,7436
2272057,1,231,1255,2013.0,0.0,4535433.0,-0.767212,-0.6506069999999999,AFG,USA,7436
2272058,2,231,1255,2013.0,0.0,27295976.0,-1.240877,-1.073797,AGO,USA,7436
2272059,3,231,1255,2013.0,0.0,260542.0,1.598439,0.492281,AIA,USA,7436
2272060,4,231,1255,2013.0,0.0,914106.0,-0.44779300000000005,-0.13181700000000002,ALB,USA,7436
2272061,5,231,1255,2013.0,0.0,1345.0,0.874025,0.09135599999999999,AND,USA,7436
2272062,7,231,1255,2013.0,5400761.0,76747856.0,-0.338417,-0.754102,ARE,USA,7436
2272063,8,231,1255,2013.0,620331.0,38207964.0,0.042829,0.461002,ARG,USA,7436
2272064,9,231,1255,2013.0,0.0,511705.0,-0.159148,-0.515766,ARM,USA,7436
2272065,13,231,1255,2013.0,1322.0,132260.0,0.25821500000000003,-0.383761,ATG,USA,7436
2272066,14,231,1255,2013.0,8221176.0,202467696.0,-0.63369,-0.276328,AUS,USA,7436
2272067,15,231,1255,2013.0,40878360.0,2752788.0,1.855434,-1.06494,AUT,USA,7436
2272068,16,231,1255,2013.0,0.0,2481036.0,-1.319766,-1.200648,AZE,USA,7436
2272069,17,231,1255,2013.0,0.0,13598.0,-0.602481,-0.6338689999999999,BDI,USA,7436
2272070,18,231,1255,2013.0,7393590.0,125379472.0,1.198491,1.117268,BEL,USA,7436
2272071,19,231,1255,2013.0,0.0,242405.0,-0.924213,-0.8181390000000001,BEN,USA,7436
2272072,21,231,1255,2013.0,2689.0,271370.0,-0.7231029999999999,-0.736291,BFA,USA,7436
2272073,22,231,1255,2013.0,0.0,2410370.0,-0.835666,-0.8088810000000001,BGD,USA,7436
2272074,23,231,1255,2013.0,1205791.0,266527.0,0.622325,1.5506229999999999,BGR,USA,7436
2272075,24,231,1255,2013.0,0.0,4461636.0,0.080634,-0.6828890000000001,BHR,USA,7436
2272076,25,231,1255,2013.0,72829.0,5848448.0,0.496435,-0.324394,BHS,USA,7436
2272077,26,231,1255,2013.0,774268.0,109978.0,0.723658,0.9271879999999999,BIH,USA,7436
2272078,28,231,1255,2013.0,0.0,383583.0,1.183522,0.934159,BLR,USA,7436
2272079,29,231,1255,2013.0,0.0,612254.0,-0.459154,-0.465912,BLZ,USA,7436
2272080,30,231,1255,2013.0,2169.0,426109.0,1.020753,-0.10180399999999999,BMU,USA,7436
2272081,31,231,1255,2013.0,120347.0,3696221.0,-1.1429610000000001,-1.0076120000000002,BOL,USA,7436
2272082,32,231,1255,2013.0,6324408.0,163251040.0,0.2804,0.649729,BRA,USA,7436
2272083,33,231,1255,2013.0,0.0,1144220.0,0.607845,0.09196,BRB,USA,7436
2272084,34,231,1255,2013.0,0.0,5041723.0,-1.664,-0.663172,BRN,USA,7436
2272085,37,231,1255,2013.0,0.0,234399.0,-0.677782,-1.0888149999999999,BWA,USA,7436
2272086,39,231,1255,2013.0,698442304.0,1500228864.0,0.599305,1.193591,CAN,USA,7436
2272087,41,231,1255,2013.0,39871528.0,10342302.0,2.0899229999999998,0.661667,CHE,USA,7436
2272088,42,231,1255,2013.0,2211336.0,85559672.0,-0.184556,-0.238657,CHL,USA,7436
2272089,43,231,1255,2013.0,556620352.0,385954304.0,1.24864,0.667713,CHN,USA,7436
2272090,44,231,1255,2013.0,0.0,742981.0,-1.0025870000000001,-0.901658,CIV,USA,7436
2272091,45,231,1255,2013.0,4190.0,653608.0,-0.93575,-1.003851,CMR,USA,7436
2272092,46,231,1255,2013.0,0.0,232932.0,-1.450075,-1.115916,COD,USA,7436
2272093,47,231,1255,2013.0,0.0,429562.0,-1.478461,-1.094509,COG,USA,7436
2272094,49,231,1255,2013.0,329965.0,75615816.0,0.034491,-0.36975,COL,USA,7436
2272095,50,231,1255,2013.0,0.0,4561.0,-0.36952399999999996,-0.6802739999999999,COM,USA,7436
2272096,51,231,1255,2013.0,0.0,56457.0,-0.28793,-0.5938319999999999,CPV,USA,7436
2272097,52,231,1255,2013.0,2080252.0,16336328.0,0.208669,-0.54783,CRI,USA,7436
2272098,55,231,1255,2013.0,36840.0,6597845.0,-0.145402,-0.556962,CUW,USA,7436
2272099,57,231,1255,2013.0,10115.0,1348729.0,0.379754,-0.510024,CYM,USA,7436
2272100,58,231,1255,2013.0,53414.0,1961542.0,0.36482800000000004,0.527544,CYP,USA,7436
2272101,59,231,1255,2013.0,19118818.0,6506979.0,1.829509,-0.41787700000000005,CZE,USA,7436
2272102,61,231,1255,2013.0,528793824.0,181344336.0,2.1086869999999998,-3.7092,DEU,USA,7436
2272103,62,231,1255,2013.0,0.0,58602.0,-0.35226399999999997,-0.542234,DJI,USA,7436
2272104,63,231,1255,2013.0,1855.0,81572.0,0.13787,-0.12528399999999998,DMA,USA,7436
2272105,64,231,1255,2013.0,11348621.0,18526164.0,1.190302,1.062991,DNK,USA,7436
2272106,65,231,1255,2013.0,1722672.0,14811789.0,-0.272579,0.42750699999999997,DOM,USA,7436
2272107,66,231,1255,2013.0,13514.0,30473034.0,-1.53603,-1.104965,DZA,USA,7436
2272108,67,231,1255,2013.0,309758.0,26556360.0,-0.8251790000000001,-0.9347200000000001,ECU,USA,7436
2272109,68,231,1255,2013.0,0.0,20502334.0,-0.12015799999999999,1.793363,EGY,USA,7436
2272110,69,231,1255,2013.0,0.0,173327.0,-0.827263,-0.790848,ERI,USA,7436
2272111,71,231,1255,2013.0,18752244.0,21570456.0,0.955472,1.80005,ESP,USA,7436
2272112,72,231,1255,2013.0,1428464.0,465333.0,0.923321,1.290016,EST,USA,7436
2272113,73,231,1255,2013.0,0.0,1118472.0,-1.1373090000000001,-0.89186,ETH,USA,7436
2272114,74,231,1255,2013.0,14931739.0,12376379.0,1.700282,0.867677,FIN,USA,7436
2272115,75,231,1255,2013.0,0.0,100682.0,-0.374639,-0.140308,FJI,USA,7436
2272116,77,231,1255,2013.0,169362368.0,151256656.0,1.5253299999999999,0.026146,FRA,USA,7436
2272117,79,231,1255,2013.0,0.0,39979.0,-0.592069,-0.796275,FSM,USA,7436
2272118,80,231,1255,2013.0,0.0,1061526.0,-1.652062,-1.140576,GAB,USA,7436
2272119,81,231,1255,2013.0,290372096.0,169581984.0,1.628465,0.77075,GBR,USA,7436
2272120,82,231,1255,2013.0,95990.0,1468880.0,-0.08343099999999999,-0.359692,GEO,USA,7436
2272121,83,231,1255,2013.0,2001.0,4724550.0,-0.696971,-0.5807939999999999,GHA,USA,7436
2272122,84,231,1255,2013.0,0.0,17651.0,0.348423,-0.521683,GIB,USA,7436
2272123,85,231,1255,2013.0,1589.0,360242.0,-1.281072,-1.027585,GIN,USA,7436
2272124,87,231,1255,2013.0,2176.0,19908.0,-0.867648,-0.90786,GMB,USA,7436
2272125,89,231,1255,2013.0,0.0,3128629.0,-1.7984200000000001,-0.678832,GNQ,USA,7436
2272126,90,231,1255,2013.0,166801.0,1720052.0,0.073442,0.9857899999999999,GRC,USA,7436
2272127,91,231,1255,2013.0,0.0,528477.0,0.04823,-0.473217,GRD,USA,7436
2272128,92,231,1255,2013.0,0.0,5714.0,-1.119616,-0.802964,GRL,USA,7436
2272129,93,231,1255,2013.0,1467356.0,10806471.0,-0.220165,0.661111,GTM,USA,7436
2272130,96,231,1255,2013.0,24666.0,1220646.0,-0.90241,-0.957449,GUY,USA,7436
2272131,97,231,1255,2013.0,2671871.0,33134282.0,0.791401,1.249845,HKG,USA,7436
2272132,98,231,1255,2013.0,0.0,12456.0,-0.77777,-0.6187229999999999,HMD,USA,7436
2272133,99,231,1255,2013.0,457223.0,5097589.0,-0.6661060000000001,-0.38619699999999996,HND,USA,7436
2272134,100,231,1255,2013.0,459496.0,156254.0,0.8737309999999999,1.276091,HRV,USA,7436
2272135,101,231,1255,2013.0,6051.0,1514132.0,-0.627783,-0.8605309999999999,HTI,USA,7436
2272136,102,231,1255,2013.0,21358830.0,12579370.0,1.6962560000000002,0.45460600000000007,HUN,USA,7436
2272137,103,231,1255,2013.0,6224043.0,47650116.0,-0.006876999999999999,1.8336569999999999,IDN,USA,7436
2272138,104,231,1255,2013.0,29310134.0,50318996.0,0.18186,2.647598,IND,USA,7436
2272139,106,231,1255,2013.0,74562992.0,15182713.0,1.32787,0.394579,IRL,USA,7436
2272140,107,231,1255,2013.0,0.0,79006.0,-0.23625100000000002,-0.256067,IRN,USA,7436
2272141,108,231,1255,2013.0,0.0,24583544.0,-3.147217,-0.685991,IRQ,USA,7436
2272142,109,231,1255,2013.0,4080.0,302667.0,0.284089,-0.164097,ISL,USA,7436
2272143,110,231,1255,2013.0,14300846.0,28992158.0,1.0247629999999999,0.8261639999999999,ISR,USA,7436
2272144,111,231,1255,2013.0,90856752.0,43051640.0,1.419383,-0.304402,ITA,USA,7436
2272145,112,231,1255,2013.0,108461.0,1941764.0,-0.364044,-0.744733,JAM,USA,7436
2272146,113,231,1255,2013.0,22912.0,4783909.0,0.1888,0.596867,JOR,USA,7436
2272147,114,231,1255,2013.0,316209984.0,209370480.0,2.333417,-0.818701,JPN,USA,7436
2272148,115,231,1255,2013.0,1382.0,3903785.0,-0.9193819999999999,-0.734194,KAZ,USA,7436
2272149,116,231,1255,2013.0,9584.0,1992484.0,-0.303119,0.626786,KEN,USA,7436
2272150,117,231,1255,2013.0,0.0,88615.0,0.25090500000000004,0.7357279999999999,KGZ,USA,7436
2272151,118,231,1255,2013.0,0.0,238031.0,-0.634876,-0.714886,KHM,USA,7436
2272152,119,231,1255,2013.0,0.0,12687.0,-0.556555,-0.71082,KIR,USA,7436
2272153,120,231,1255,2013.0,0.0,291315.0,0.983857,-0.051745000000000006,KNA,USA,7436
2272154,121,231,1255,2013.0,128593800.0,318773056.0,1.817145,0.835414,KOR,USA,7436
2272155,122,231,1255,2013.0,289710.0,8281309.0,-1.198985,-1.057248,KWT,USA,7436
2272156,123,231,1255,2013.0,0.0,88603.0,-0.907169,-0.587529,LAO,USA,7436
2272157,124,231,1255,2013.0,853633.0,2015505.0,0.37392800000000004,1.413136,LBN,USA,7436
2272158,125,231,1255,2013.0,7409.0,259594.0,-0.8343229999999999,-0.992129,LBR,USA,7436
2272159,126,231,1255,2013.0,0.0,5253118.0,-1.871593,-1.1211790000000001,LBY,USA,7436
2272160,127,231,1255,2013.0,19910.0,279851.0,0.433648,-0.288346,LCA,USA,7436
2272161,128,231,1255,2013.0,7718.0,581150.0,-0.320583,0.44462399999999996,LKA,USA,7436
2272162,130,231,1255,2013.0,1279679.0,1535798.0,0.677986,1.29227,LTU,USA,7436
2272163,131,231,1255,2013.0,161097.0,610021.0,1.0110190000000001,1.123226,LUX,USA,7436
2272164,132,231,1255,2013.0,0.0,1759428.0,0.652463,1.299917,LVA,USA,7436
2272165,133,231,1255,2013.0,0.0,308391.0,0.43873,0.275559,MAC,USA,7436
2272166,134,231,1255,2013.0,2071226.0,3146768.0,-0.474872,0.178118,MAR,USA,7436
2272167,135,231,1255,2013.0,0.0,133515.0,0.14256,0.33920700000000004,MDA,USA,7436
2272168,136,231,1255,2013.0,0.0,318240.0,-0.786091,-0.611478,MDG,USA,7436
2272169,137,231,1255,2013.0,0.0,209413.0,-0.510204,-0.740372,MDV,USA,7436
2272170,138,231,1255,2013.0,1506826240.0,853978240.0,1.2327219999999999,0.746108,MEX,USA,7436
2272171,139,231,1255,2013.0,0.0,209847.0,-0.9199700000000001,-0.776832,MHL,USA,7436
2272172,140,231,1255,2013.0,3476.0,597487.0,-0.127775,0.21915900000000002,MKD,USA,7436
2272173,141,231,1255,2013.0,0.0,137212.0,-1.046677,-0.980809,MLI,USA,7436
2272174,142,231,1255,2013.0,32321.0,712780.0,0.710108,-0.014586000000000002,MLT,USA,7436
2272175,143,231,1255,2013.0,0.0,1462429.0,-1.147086,-0.6888989999999999,MMR,USA,7436
2272176,144,231,1255,2013.0,0.0,103442.0,0.09597,-0.019953,MNE,USA,7436
2272177,145,231,1255,2013.0,0.0,463829.0,-1.264785,-1.133222,MNG,USA,7436
2272178,147,231,1255,2013.0,4408.0,699383.0,-1.131512,-0.8923840000000001,MOZ,USA,7436
2272179,148,231,1255,2013.0,0.0,673379.0,-1.681152,-1.2712350000000001,MRT,USA,7436
2272180,149,231,1255,2013.0,0.0,23493.0,1.847968,0.658998,MSR,USA,7436
2272181,151,231,1255,2013.0,0.0,208927.0,-0.092312,0.050927,MUS,USA,7436
2272182,152,231,1255,2013.0,0.0,310351.0,-0.802763,-0.8101470000000001,MWI,USA,7436
2272183,153,231,1255,2013.0,8073802.0,47483332.0,0.924532,0.671334,MYS,USA,7436
2272184,154,231,1255,2013.0,0.0,69819.0,0.652359,-0.525881,MYT,USA,7436
2272185,155,231,1255,2013.0,0.0,290700.0,-0.316805,-0.38759099999999996,NAM,USA,7436
2272186,156,231,1255,2013.0,24032.0,391042.0,-0.262882,-0.63858,NCL,USA,7436
2272187,157,231,1255,2013.0,0.0,118294.0,-1.0008350000000001,-0.8325670000000001,NER,USA,7436
2272188,159,231,1255,2013.0,0.0,41224488.0,-1.679402,-1.14686,NGA,USA,7436
2272189,160,231,1255,2013.0,6164.0,4037782.0,-0.7956479999999999,-0.596061,NIC,USA,7436
2272190,162,231,1255,2013.0,53882860.0,78937296.0,1.012006,1.441545,NLD,USA,7436
2272191,163,231,1255,2013.0,5224798.0,13088619.0,0.710901,0.062705,NOR,USA,7436
2272192,164,231,1255,2013.0,0.0,112081.0,-0.08623,0.5143939999999999,NPL,USA,7436
2272193,166,231,1255,2013.0,3942051.0,10455380.0,0.192237,0.429825,NZL,USA,7436
2272194,167,231,1255,2013.0,12707.0,14087632.0,-0.698693,-1.030814,OMN,USA,7436
2272195,168,231,1255,2013.0,27134.0,11294219.0,-0.697224,0.501576,PAK,USA,7436
2272196,169,231,1255,2013.0,34951.0,16122857.0,0.8719819999999999,1.038982,PAN,USA,7436
2272197,173,231,1255,2013.0,253457.0,58849996.0,-0.640044,0.121772,PER,USA,7436
2272198,174,231,1255,2013.0,10327677.0,16484337.0,0.639083,0.45816899999999994,PHL,USA,7436
2272199,175,231,1255,2013.0,0.0,24955.0,0.661385,-0.41401899999999997,PLW,USA,7436
2272200,176,231,1255,2013.0,0.0,281058.0,-1.508233,-1.163478,PNG,USA,7436
2272201,177,231,1255,2013.0,29788986.0,10920497.0,1.11341,0.975734,POL,USA,7436
2272202,179,231,1255,2013.0,3611013.0,1708310.0,0.705087,2.2055580000000004,PRT,USA,7436
2272203,180,231,1255,2013.0,5161.0,1610660.0,-0.560661,-0.822876,PRY,USA,7436
2272204,181,231,1255,2013.0,0.0,10022.0,0.103716,0.762259,PSE,USA,7436
2272205,182,231,1255,2013.0,0.0,196287.0,-0.118172,-0.620256,PYF,USA,7436
2272206,183,231,1255,2013.0,12618.0,19907226.0,-0.583609,-1.003754,QAT,USA,7436
2272207,185,231,1255,2013.0,1877685.0,2967566.0,1.05722,1.0968799999999999,ROU,USA,7436
2272208,186,231,1255,2013.0,1359980.0,49849096.0,-0.08233,-0.267781,RUS,USA,7436
2272209,187,231,1255,2013.0,0.0,285477.0,-0.535446,-0.662881,RWA,USA,7436
2272210,188,231,1255,2013.0,3224160.0,98159360.0,-0.14823599999999998,-0.883965,SAU,USA,7436
2272211,190,231,1255,2013.0,0.0,4045.0,-1.224897,-1.059517,SDN,USA,7436
2272212,191,231,1255,2013.0,0.0,481486.0,-0.566624,-0.185277,SEN,USA,7436
2272213,192,231,1255,2013.0,28912052.0,141671872.0,1.844685,0.639379,SGP,USA,7436
2272214,196,231,1255,2013.0,0.0,55446.0,-0.42937700000000006,-0.529857,SLE,USA,7436
2272215,197,231,1255,2013.0,999110.0,3615039.0,0.104046,0.46966,SLV,USA,7436
2272216,198,231,1255,2013.0,0.0,10665.0,1.065274,0.783734,SMR,USA,7436
2272217,201,231,1255,2013.0,107975.0,245726.0,0.609755,1.355304,SRB,USA,7436
2272218,202,231,1255,2013.0,0.0,47130.0,-2.285908,-0.696735,SSD,USA,7436
2272219,203,231,1255,2013.0,0.0,2105.0,0.9084559999999999,0.170664,STP,USA,7436
2272220,205,231,1255,2013.0,102591.0,784015.0,-0.25729,-0.651541,SUR,USA,7436
2272221,206,231,1255,2013.0,17080022.0,1048027.0,1.510052,0.7060310000000001,SVK,USA,7436
2272222,207,231,1255,2013.0,696012.0,656974.0,1.55922,0.565874,SVN,USA,7436
2272223,208,231,1255,2013.0,53842628.0,14155479.0,1.7851290000000002,0.182623,SWE,USA,7436
2272224,209,231,1255,2013.0,0.0,25322.0,0.017946,-0.20627399999999999,SWZ,USA,7436
2272225,210,231,1255,2013.0,81048.0,1696183.0,0.619185,-0.36438200000000004,SXM,USA,7436
2272226,211,231,1255,2013.0,30503.0,219699.0,0.06901,-0.438229,SYC,USA,7436
2272227,213,231,1255,2013.0,0.0,1755121.0,0.6284609999999999,0.142692,TCA,USA,7436
2272228,214,231,1255,2013.0,0.0,622078.0,-2.89356,-0.879919,TCD,USA,7436
2272229,215,231,1255,2013.0,0.0,99950.0,-0.532095,-0.434276,TGO,USA,7436
2272230,216,231,1255,2013.0,32187978.0,40718300.0,1.067287,1.2767110000000002,THA,USA,7436
2272231,217,231,1255,2013.0,0.0,12407.0,-1.117246,-1.1638600000000001,TJK,USA,7436
2272232,219,231,1255,2013.0,0.0,700667.0,-1.174981,-1.14869,TKM,USA,7436
2272233,221,231,1255,2013.0,0.0,5249.0,0.31217399999999995,-0.21186,TON,USA,7436
2272234,222,231,1255,2013.0,374333.0,19621104.0,-0.399437,-1.047864,TTO,USA,7436
2272235,223,231,1255,2013.0,589197.0,783162.0,0.40154,0.902177,TUN,USA,7436
2272236,224,231,1255,2013.0,10866457.0,21246242.0,0.580016,2.394812,TUR,USA,7436
2272237,226,231,1255,2013.0,0.0,1226222.0,-0.654655,0.903574,TZA,USA,7436
2272238,227,231,1255,2013.0,0.0,138404.0,-0.46170100000000003,0.652878,UGA,USA,7436
2272239,228,231,1255,2013.0,1271046.0,4235252.0,0.535571,1.026263,UKR,USA,7436
2272240,230,231,1255,2013.0,9423.0,8725694.0,0.128825,0.02334,URY,USA,7436
2272241,232,231,1255,2013.0,0.0,293768.0,-0.7076319999999999,-0.645674,UZB,USA,7436
2272242,233,231,1255,2013.0,0.0,6097.0,1.07246,0.190394,VAT,USA,7436
2272243,234,231,1255,2013.0,0.0,184369.0,0.39042899999999997,-0.042089,VCT,USA,7436
2272244,236,231,1255,2013.0,71087.0,94190096.0,-1.281202,-1.094268,VEN,USA,7436
2272245,237,231,1255,2013.0,0.0,445788.0,0.217532,-0.315292,VGB,USA,7436
2272246,239,231,1255,2013.0,2022711.0,5972810.0,0.009264,1.182368,VNM,USA,7436
2272247,242,231,1255,2013.0,0.0,44911.0,0.877785,0.277918,WSM,USA,7436
2272248,243,231,1255,2013.0,0.0,1398730.0,-1.2788700000000002,-1.230713,YEM,USA,7436
2272249,246,231,1255,2013.0,173170032.0,41767724.0,0.11624100000000001,1.574591,ZAF,USA,7436
2272250,247,231,1255,2013.0,12995.0,2162884.0,-0.293192,-0.42930100000000004,ZMB,USA,7436
2272251,248,231,1255,2013.0,0.0,64680.0,-0.841968,-0.898121,ZWE,USA,7436
2272252,249,231,1255,2013.0,68059416.0,92132160.0,1.7382849999999999,0.9917739999999999,TWN,USA,7436
2272253,43,234,1255,2013.0,3839.0,0.0,1.24864,0.667713,CHN,VCT,7436
2272254,61,234,1255,2013.0,7346.0,0.0,2.1086869999999998,-3.7092,DEU,VCT,7436
2272255,66,234,1255,2013.0,0.0,1834.0,-1.53603,-1.104965,DZA,VCT,7436
2272256,74,234,1255,2013.0,1710.0,0.0,1.700282,0.867677,FIN,VCT,7436
2272257,81,234,1255,2013.0,158719.0,0.0,1.628465,0.77075,GBR,VCT,7436
2272258,97,234,1255,2013.0,29574.0,0.0,0.791401,1.249845,HKG,VCT,7436
2272259,114,234,1255,2013.0,21605.0,0.0,2.333417,-0.818701,JPN,VCT,7436
2272260,155,234,1255,2013.0,3956.0,0.0,-0.316805,-0.38759099999999996,NAM,VCT,7436
2272261,162,234,1255,2013.0,9766.0,0.0,1.012006,1.441545,NLD,VCT,7436
2272262,190,234,1255,2013.0,0.0,1491.0,-1.224897,-1.059517,SDN,VCT,7436
2272263,222,234,1255,2013.0,6757.0,0.0,-0.399437,-1.047864,TTO,VCT,7436
2272264,231,234,1255,2013.0,184369.0,0.0,1.612058,-0.8592989999999999,USA,VCT,7436
2272265,236,234,1255,2013.0,1923.0,0.0,-1.281202,-1.094268,VEN,VCT,7436
2272266,7,236,1255,2013.0,767783.0,0.0,-0.338417,-0.754102,ARE,VEN,7436
2272267,8,236,1255,2013.0,1677953.0,0.0,0.042829,0.461002,ARG,VEN,7436
2272268,14,236,1255,2013.0,6533.0,0.0,-0.63369,-0.276328,AUS,VEN,7436
2272269,15,236,1255,2013.0,2709838.0,0.0,1.855434,-1.06494,AUT,VEN,7436
2272270,18,236,1255,2013.0,1901174.0,0.0,1.198491,1.117268,BEL,VEN,7436
2272271,28,236,1255,2013.0,121580.0,0.0,1.183522,0.934159,BLR,VEN,7436
2272272,31,236,1255,2013.0,0.0,14860.0,-1.1429610000000001,-1.0076120000000002,BOL,VEN,7436
2272273,32,236,1255,2013.0,5390644.0,72230.0,0.2804,0.649729,BRA,VEN,7436
2272274,39,236,1255,2013.0,3464688.0,1551.0,0.599305,1.193591,CAN,VEN,7436
2272275,41,236,1255,2013.0,405887.0,0.0,2.0899229999999998,0.661667,CHE,VEN,7436
2272276,42,236,1255,2013.0,5937.0,0.0,-0.184556,-0.238657,CHL,VEN,7436
2272277,43,236,1255,2013.0,8392840.0,0.0,1.24864,0.667713,CHN,VEN,7436
2272278,49,236,1255,2013.0,1543274.0,376346.0,0.034491,-0.36975,COL,VEN,7436
2272279,52,236,1255,2013.0,12048.0,0.0,0.208669,-0.54783,CRI,VEN,7436
2272280,54,236,1255,2013.0,17432.0,0.0,-0.31053400000000003,-0.8534280000000001,CUB,VEN,7436
2272281,55,236,1255,2013.0,175739.0,1331.0,-0.145402,-0.556962,CUW,VEN,7436
2272282,59,236,1255,2013.0,2264.0,0.0,1.829509,-0.41787700000000005,CZE,VEN,7436
2272283,61,236,1255,2013.0,11940741.0,0.0,2.1086869999999998,-3.7092,DEU,VEN,7436
2272284,64,236,1255,2013.0,253376.0,0.0,1.190302,1.062991,DNK,VEN,7436
2272285,65,236,1255,2013.0,56229.0,182184.0,-0.272579,0.42750699999999997,DOM,VEN,7436
2272286,67,236,1255,2013.0,6655.0,218124.0,-0.8251790000000001,-0.9347200000000001,ECU,VEN,7436
2272287,71,236,1255,2013.0,5526717.0,0.0,0.955472,1.80005,ESP,VEN,7436
2272288,74,236,1255,2013.0,14093.0,0.0,1.700282,0.867677,FIN,VEN,7436
2272289,77,236,1255,2013.0,569893.0,2845.0,1.5253299999999999,0.026146,FRA,VEN,7436
2272290,81,236,1255,2013.0,595726.0,0.0,1.628465,0.77075,GBR,VEN,7436
2272291,93,236,1255,2013.0,0.0,10886.0,-0.220165,0.661111,GTM,VEN,7436
2272292,97,236,1255,2013.0,110080.0,0.0,0.791401,1.249845,HKG,VEN,7436
2272293,103,236,1255,2013.0,768672.0,5816.0,-0.006876999999999999,1.8336569999999999,IDN,VEN,7436
2272294,104,236,1255,2013.0,369976.0,0.0,0.18186,2.647598,IND,VEN,7436
2272295,106,236,1255,2013.0,28810.0,0.0,1.32787,0.394579,IRL,VEN,7436
2272296,110,236,1255,2013.0,64711.0,0.0,1.0247629999999999,0.8261639999999999,ISR,VEN,7436
2272297,111,236,1255,2013.0,977998.0,2888.0,1.419383,-0.304402,ITA,VEN,7436
2272298,114,236,1255,2013.0,2580160.0,0.0,2.333417,-0.818701,JPN,VEN,7436
2272299,121,236,1255,2013.0,1300109.0,0.0,1.817145,0.835414,KOR,VEN,7436
2272300,130,236,1255,2013.0,9125.0,0.0,0.677986,1.29227,LTU,VEN,7436
2272301,138,236,1255,2013.0,3749122.0,1155.0,1.2327219999999999,0.746108,MEX,VEN,7436
2272302,153,236,1255,2013.0,10111.0,0.0,0.924532,0.671334,MYS,VEN,7436
2272303,160,236,1255,2013.0,0.0,32468.0,-0.7956479999999999,-0.596061,NIC,VEN,7436
2272304,162,236,1255,2013.0,900446.0,0.0,1.012006,1.441545,NLD,VEN,7436
2272305,163,236,1255,2013.0,691635.0,0.0,0.710901,0.062705,NOR,VEN,7436
2272306,166,236,1255,2013.0,2260.0,0.0,0.192237,0.429825,NZL,VEN,7436
2272307,169,236,1255,2013.0,3000195.0,22716.0,0.8719819999999999,1.038982,PAN,VEN,7436
2272308,173,236,1255,2013.0,11897.0,0.0,-0.640044,0.121772,PER,VEN,7436
2272309,177,236,1255,2013.0,173952.0,0.0,1.11341,0.975734,POL,VEN,7436
2272310,178,236,1255,2013.0,104341.0,0.0,-0.304923,-0.301578,PRK,VEN,7436
2272311,179,236,1255,2013.0,211074.0,0.0,0.705087,2.2055580000000004,PRT,VEN,7436
2272312,185,236,1255,2013.0,2579.0,0.0,1.05722,1.0968799999999999,ROU,VEN,7436
2272313,186,236,1255,2013.0,521622.0,1368.0,-0.08233,-0.267781,RUS,VEN,7436
2272314,192,236,1255,2013.0,602238.0,0.0,1.844685,0.639379,SGP,VEN,7436
2272315,197,236,1255,2013.0,0.0,8445.0,0.104046,0.46966,SLV,VEN,7436
2272316,198,236,1255,2013.0,14726.0,0.0,1.065274,0.783734,SMR,VEN,7436
2272317,206,236,1255,2013.0,113257.0,0.0,1.510052,0.7060310000000001,SVK,VEN,7436
2272318,207,236,1255,2013.0,2053.0,0.0,1.55922,0.565874,SVN,VEN,7436
2272319,208,236,1255,2013.0,51001.0,0.0,1.7851290000000002,0.182623,SWE,VEN,7436
2272320,216,236,1255,2013.0,471172.0,0.0,1.067287,1.2767110000000002,THA,VEN,7436
2272321,222,236,1255,2013.0,208534.0,7357.0,-0.399437,-1.047864,TTO,VEN,7436
2272322,223,236,1255,2013.0,1968.0,0.0,0.40154,0.902177,TUN,VEN,7436
2272323,224,236,1255,2013.0,1026199.0,0.0,0.580016,2.394812,TUR,VEN,7436
2272324,230,236,1255,2013.0,1318999.0,0.0,0.128825,0.02334,URY,VEN,7436
2272325,231,236,1255,2013.0,94190096.0,71087.0,1.612058,-0.8592989999999999,USA,VEN,7436
2272326,234,236,1255,2013.0,0.0,1923.0,0.39042899999999997,-0.042089,VCT,VEN,7436
2272327,246,236,1255,2013.0,578466.0,0.0,0.11624100000000001,1.574591,ZAF,VEN,7436
2272328,249,236,1255,2013.0,341988.0,0.0,1.7382849999999999,0.9917739999999999,TWN,VEN,7436
2272329,0,243,1255,2013.0,17241.0,0.0,0.598533,0.032199,ABW,YEM,7436
2272330,7,243,1255,2013.0,420293.0,0.0,-0.338417,-0.754102,ARE,YEM,7436
2272331,18,243,1255,2013.0,387486.0,0.0,1.198491,1.117268,BEL,YEM,7436
2272332,32,243,1255,2013.0,39242.0,0.0,0.2804,0.649729,BRA,YEM,7436
2272333,39,243,1255,2013.0,576346.0,0.0,0.599305,1.193591,CAN,YEM,7436
2272334,41,243,1255,2013.0,6531.0,0.0,2.0899229999999998,0.661667,CHE,YEM,7436
2272335,43,243,1255,2013.0,1276802.0,0.0,1.24864,0.667713,CHN,YEM,7436
2272336,59,243,1255,2013.0,8524.0,0.0,1.829509,-0.41787700000000005,CZE,YEM,7436
2272337,61,243,1255,2013.0,3307866.0,0.0,2.1086869999999998,-3.7092,DEU,YEM,7436
2272338,64,243,1255,2013.0,15396.0,0.0,1.190302,1.062991,DNK,YEM,7436
2272339,71,243,1255,2013.0,307704.0,0.0,0.955472,1.80005,ESP,YEM,7436
2272340,77,243,1255,2013.0,287448.0,0.0,1.5253299999999999,0.026146,FRA,YEM,7436
2272341,81,243,1255,2013.0,221847.0,0.0,1.628465,0.77075,GBR,YEM,7436
2272342,100,243,1255,2013.0,83805.0,0.0,0.8737309999999999,1.276091,HRV,YEM,7436
2272343,102,243,1255,2013.0,8962.0,0.0,1.6962560000000002,0.45460600000000007,HUN,YEM,7436
2272344,103,243,1255,2013.0,502655.0,0.0,-0.006876999999999999,1.8336569999999999,IDN,YEM,7436
2272345,104,243,1255,2013.0,381589.0,0.0,0.18186,2.647598,IND,YEM,7436
2272346,111,243,1255,2013.0,2118222.0,0.0,1.419383,-0.304402,ITA,YEM,7436
2272347,113,243,1255,2013.0,35108.0,0.0,0.1888,0.596867,JOR,YEM,7436
2272348,114,243,1255,2013.0,540344.0,0.0,2.333417,-0.818701,JPN,YEM,7436
2272349,121,243,1255,2013.0,57031.0,0.0,1.817145,0.835414,KOR,YEM,7436
2272350,123,243,1255,2013.0,293695.0,0.0,-0.907169,-0.587529,LAO,YEM,7436
2272351,124,243,1255,2013.0,80287.0,0.0,0.37392800000000004,1.413136,LBN,YEM,7436
2272352,138,243,1255,2013.0,0.0,9603.0,1.2327219999999999,0.746108,MEX,YEM,7436
2272353,153,243,1255,2013.0,90976.0,0.0,0.924532,0.671334,MYS,YEM,7436
2272354,162,243,1255,2013.0,57845.0,0.0,1.012006,1.441545,NLD,YEM,7436
2272355,186,243,1255,2013.0,2436.0,0.0,-0.08233,-0.267781,RUS,YEM,7436
2272356,188,243,1255,2013.0,362071.0,0.0,-0.14823599999999998,-0.883965,SAU,YEM,7436
2272357,192,243,1255,2013.0,64107.0,0.0,1.844685,0.639379,SGP,YEM,7436
2272358,208,243,1255,2013.0,199385.0,0.0,1.7851290000000002,0.182623,SWE,YEM,7436
2272359,216,243,1255,2013.0,54611.0,0.0,1.067287,1.2767110000000002,THA,YEM,7436
2272360,224,243,1255,2013.0,626119.0,0.0,0.580016,2.394812,TUR,YEM,7436
2272361,231,243,1255,2013.0,1398730.0,0.0,1.612058,-0.8592989999999999,USA,YEM,7436
2272362,246,243,1255,2013.0,79602.0,0.0,0.11624100000000001,1.574591,ZAF,YEM,7436
2272363,249,243,1255,2013.0,139411.0,0.0,1.7382849999999999,0.9917739999999999,TWN,YEM,7436
2272364,250,243,1255,2013.0,4352271.0,0.0,0.583151,0.14238299999999998,ANS,YEM,7436
2272365,0,246,1255,2013.0,0.0,1581.0,0.598533,0.032199,ABW,ZAF,7436
2272366,1,246,1255,2013.0,0.0,13128.0,-0.767212,-0.6506069999999999,AFG,ZAF,7436
2272367,2,246,1255,2013.0,0.0,4324480.0,-1.240877,-1.073797,AGO,ZAF,7436
2272368,4,246,1255,2013.0,0.0,1570.0,-0.44779300000000005,-0.13181700000000002,ALB,ZAF,7436
2272369,7,246,1255,2013.0,85725.0,368556.0,-0.338417,-0.754102,ARE,ZAF,7436
2272370,8,246,1255,2013.0,64772.0,17849576.0,0.042829,0.461002,ARG,ZAF,7436
2272371,9,246,1255,2013.0,0.0,1692.0,-0.159148,-0.515766,ARM,ZAF,7436
2272372,14,246,1255,2013.0,1216594.0,7512682.0,-0.63369,-0.276328,AUS,ZAF,7436
2272373,15,246,1255,2013.0,3872622.0,32396.0,1.855434,-1.06494,AUT,ZAF,7436
2272374,16,246,1255,2013.0,0.0,70762.0,-1.319766,-1.200648,AZE,ZAF,7436
2272375,17,246,1255,2013.0,0.0,6604.0,-0.602481,-0.6338689999999999,BDI,ZAF,7436
2272376,18,246,1255,2013.0,15752267.0,54632644.0,1.198491,1.117268,BEL,ZAF,7436
2272377,19,246,1255,2013.0,0.0,8610.0,-0.924213,-0.8181390000000001,BEN,ZAF,7436
2272378,21,246,1255,2013.0,0.0,185338.0,-0.7231029999999999,-0.736291,BFA,ZAF,7436
2272379,22,246,1255,2013.0,0.0,58112.0,-0.835666,-0.8088810000000001,BGD,ZAF,7436
2272380,23,246,1255,2013.0,945767.0,0.0,0.622325,1.5506229999999999,BGR,ZAF,7436
2272381,24,246,1255,2013.0,0.0,12101.0,0.080634,-0.6828890000000001,BHR,ZAF,7436
2272382,26,246,1255,2013.0,209009.0,13495.0,0.723658,0.9271879999999999,BIH,ZAF,7436
2272383,28,246,1255,2013.0,11694.0,9520.0,1.183522,0.934159,BLR,ZAF,7436
2272384,31,246,1255,2013.0,0.0,2779.0,-1.1429610000000001,-1.0076120000000002,BOL,ZAF,7436
2272385,32,246,1255,2013.0,1658538.0,787790.0,0.2804,0.649729,BRA,ZAF,7436
2272386,33,246,1255,2013.0,0.0,22238.0,0.607845,0.09196,BRB,ZAF,7436
2272387,37,246,1255,2013.0,113489.0,11584151.0,-0.677782,-1.0888149999999999,BWA,ZAF,7436
2272388,38,246,1255,2013.0,0.0,1221.0,-0.476127,-0.58096,CAF,ZAF,7436
2272389,39,246,1255,2013.0,1289098.0,13336531.0,0.599305,1.193591,CAN,ZAF,7436
2272390,41,246,1255,2013.0,481947.0,265186.0,2.0899229999999998,0.661667,CHE,ZAF,7436
2272391,42,246,1255,2013.0,1769.0,90091.0,-0.184556,-0.238657,CHL,ZAF,7436
2272392,43,246,1255,2013.0,20918788.0,249380.0,1.24864,0.667713,CHN,ZAF,7436
2272393,44,246,1255,2013.0,0.0,448652.0,-1.0025870000000001,-0.901658,CIV,ZAF,7436
2272394,45,246,1255,2013.0,0.0,50347.0,-0.93575,-1.003851,CMR,ZAF,7436
2272395,46,246,1255,2013.0,0.0,10798067.0,-1.450075,-1.115916,COD,ZAF,7436
2272396,47,246,1255,2013.0,0.0,84317.0,-1.478461,-1.094509,COG,ZAF,7436
2272397,49,246,1255,2013.0,0.0,15767.0,0.034491,-0.36975,COL,ZAF,7436
2272398,50,246,1255,2013.0,0.0,110253.0,-0.36952399999999996,-0.6802739999999999,COM,ZAF,7436
2272399,58,246,1255,2013.0,16754.0,6441.0,0.36482800000000004,0.527544,CYP,ZAF,7436
2272400,59,246,1255,2013.0,1626792.0,61422268.0,1.829509,-0.41787700000000005,CZE,ZAF,7436
2272401,61,246,1255,2013.0,98564960.0,682761600.0,2.1086869999999998,-3.7092,DEU,ZAF,7436
2272402,62,246,1255,2013.0,0.0,760494.0,-0.35226399999999997,-0.542234,DJI,ZAF,7436
2272403,64,246,1255,2013.0,1926503.0,27652.0,1.190302,1.062991,DNK,ZAF,7436
2272404,65,246,1255,2013.0,0.0,6738.0,-0.272579,0.42750699999999997,DOM,ZAF,7436
2272405,66,246,1255,2013.0,0.0,507626.0,-1.53603,-1.104965,DZA,ZAF,7436
2272406,67,246,1255,2013.0,0.0,251316.0,-0.8251790000000001,-0.9347200000000001,ECU,ZAF,7436
2272407,68,246,1255,2013.0,1834.0,221954.0,-0.12015799999999999,1.793363,EGY,ZAF,7436
2272408,69,246,1255,2013.0,0.0,309852.0,-0.827263,-0.790848,ERI,ZAF,7436
2272409,71,246,1255,2013.0,2870485.0,76821960.0,0.955472,1.80005,ESP,ZAF,7436
2272410,72,246,1255,2013.0,70847.0,9048.0,0.923321,1.290016,EST,ZAF,7436
2272411,73,246,1255,2013.0,0.0,280942.0,-1.1373090000000001,-0.89186,ETH,ZAF,7436
2272412,74,246,1255,2013.0,491928.0,236543.0,1.700282,0.867677,FIN,ZAF,7436
2272413,77,246,1255,2013.0,6165078.0,12495825.0,1.5253299999999999,0.026146,FRA,ZAF,7436
2272414,80,246,1255,2013.0,0.0,410079.0,-1.652062,-1.140576,GAB,ZAF,7436
2272415,81,246,1255,2013.0,11924131.0,134887984.0,1.628465,0.77075,GBR,ZAF,7436
2272416,82,246,1255,2013.0,0.0,12077.0,-0.08343099999999999,-0.359692,GEO,ZAF,7436
2272417,83,246,1255,2013.0,21078.0,15675494.0,-0.696971,-0.5807939999999999,GHA,ZAF,7436
2272418,85,246,1255,2013.0,0.0,691870.0,-1.281072,-1.027585,GIN,ZAF,7436
2272419,89,246,1255,2013.0,0.0,2308.0,-1.7984200000000001,-0.678832,GNQ,ZAF,7436
2272420,90,246,1255,2013.0,50034.0,7281.0,0.073442,0.9857899999999999,GRC,ZAF,7436
2272421,97,246,1255,2013.0,124865.0,3314.0,0.791401,1.249845,HKG,ZAF,7436
2272422,99,246,1255,2013.0,0.0,1077.0,-0.6661060000000001,-0.38619699999999996,HND,ZAF,7436
2272423,100,246,1255,2013.0,5839.0,2388.0,0.8737309999999999,1.276091,HRV,ZAF,7436
2272424,102,246,1255,2013.0,1142761.0,8090364.0,1.6962560000000002,0.45460600000000007,HUN,ZAF,7436
2272425,103,246,1255,2013.0,3006867.0,132834.0,-0.006876999999999999,1.8336569999999999,IDN,ZAF,7436
2272426,104,246,1255,2013.0,2135280.0,18817906.0,0.18186,2.647598,IND,ZAF,7436
2272427,106,246,1255,2013.0,254250.0,1031.0,1.32787,0.394579,IRL,ZAF,7436
2272428,107,246,1255,2013.0,1977.0,14341.0,-0.23625100000000002,-0.256067,IRN,ZAF,7436
2272429,109,246,1255,2013.0,1215.0,3367.0,0.284089,-0.164097,ISL,ZAF,7436
2272430,110,246,1255,2013.0,3093990.0,72795.0,1.0247629999999999,0.8261639999999999,ISR,ZAF,7436
2272431,111,246,1255,2013.0,23163182.0,5851316.0,1.419383,-0.304402,ITA,ZAF,7436
2272432,112,246,1255,2013.0,0.0,3587.0,-0.364044,-0.744733,JAM,ZAF,7436
2272433,113,246,1255,2013.0,2325.0,10346.0,0.1888,0.596867,JOR,ZAF,7436
2272434,114,246,1255,2013.0,7552260.0,23301178.0,2.333417,-0.818701,JPN,ZAF,7436
2272435,115,246,1255,2013.0,0.0,161080.0,-0.9193819999999999,-0.734194,KAZ,ZAF,7436
2272436,116,246,1255,2013.0,0.0,2185125.0,-0.303119,0.626786,KEN,ZAF,7436
2272437,117,246,1255,2013.0,0.0,1902.0,0.25090500000000004,0.7357279999999999,KGZ,ZAF,7436
2272438,118,246,1255,2013.0,0.0,2857.0,-0.634876,-0.714886,KHM,ZAF,7436
2272439,121,246,1255,2013.0,964325.0,18255112.0,1.817145,0.835414,KOR,ZAF,7436
2272440,122,246,1255,2013.0,1192.0,121546.0,-1.198985,-1.057248,KWT,ZAF,7436
2272441,123,246,1255,2013.0,0.0,11399.0,-0.907169,-0.587529,LAO,ZAF,7436
2272442,124,246,1255,2013.0,4285.0,16079.0,0.37392800000000004,1.413136,LBN,ZAF,7436
2272443,125,246,1255,2013.0,0.0,6040.0,-0.8343229999999999,-0.992129,LBR,ZAF,7436
2272444,129,246,1255,2013.0,0.0,1556092.0,-0.726902,-0.8200930000000001,LSO,ZAF,7436
2272445,130,246,1255,2013.0,1442.0,0.0,0.677986,1.29227,LTU,ZAF,7436
2272446,131,246,1255,2013.0,32883.0,0.0,1.0110190000000001,1.123226,LUX,ZAF,7436
2272447,132,246,1255,2013.0,0.0,2704.0,0.652463,1.299917,LVA,ZAF,7436
2272448,134,246,1255,2013.0,303828.0,47549.0,-0.474872,0.178118,MAR,ZAF,7436
2272449,135,246,1255,2013.0,0.0,9374.0,0.14256,0.33920700000000004,MDA,ZAF,7436
2272450,136,246,1255,2013.0,0.0,726759.0,-0.786091,-0.611478,MDG,ZAF,7436
2272451,138,246,1255,2013.0,4575474.0,13622525.0,1.2327219999999999,0.746108,MEX,ZAF,7436
2272452,141,246,1255,2013.0,0.0,296865.0,-1.046677,-0.980809,MLI,ZAF,7436
2272453,142,246,1255,2013.0,0.0,1254.0,0.710108,-0.014586000000000002,MLT,ZAF,7436
2272454,145,246,1255,2013.0,0.0,6699.0,-1.264785,-1.133222,MNG,ZAF,7436
2272455,147,246,1255,2013.0,96140.0,9539691.0,-1.131512,-0.8923840000000001,MOZ,ZAF,7436
2272456,148,246,1255,2013.0,0.0,246998.0,-1.681152,-1.2712350000000001,MRT,ZAF,7436
2272457,151,246,1255,2013.0,3170.0,1064671.0,-0.092312,0.050927,MUS,ZAF,7436
2272458,152,246,1255,2013.0,4210.0,4085842.0,-0.802763,-0.8101470000000001,MWI,ZAF,7436
2272459,153,246,1255,2013.0,1713812.0,23577.0,0.924532,0.671334,MYS,ZAF,7436
2272460,155,246,1255,2013.0,46878.0,10542766.0,-0.316805,-0.38759099999999996,NAM,ZAF,7436
2272461,157,246,1255,2013.0,0.0,6508.0,-1.0008350000000001,-0.8325670000000001,NER,ZAF,7436
2272462,159,246,1255,2013.0,56545.0,911945.0,-1.679402,-1.14686,NGA,ZAF,7436
2272463,160,246,1255,2013.0,0.0,1100.0,-0.7956479999999999,-0.596061,NIC,ZAF,7436
2272464,162,246,1255,2013.0,6003936.0,63123108.0,1.012006,1.441545,NLD,ZAF,7436
2272465,163,246,1255,2013.0,17691.0,178343.0,0.710901,0.062705,NOR,ZAF,7436
2272466,166,246,1255,2013.0,73271.0,289058.0,0.192237,0.429825,NZL,ZAF,7436
2272467,167,246,1255,2013.0,0.0,40068.0,-0.698693,-1.030814,OMN,ZAF,7436
2272468,168,246,1255,2013.0,0.0,19017.0,-0.697224,0.501576,PAK,ZAF,7436
2272469,169,246,1255,2013.0,0.0,24091.0,0.8719819999999999,1.038982,PAN,ZAF,7436
2272470,173,246,1255,2013.0,1698.0,28514.0,-0.640044,0.121772,PER,ZAF,7436
2272471,174,246,1255,2013.0,493155.0,229754.0,0.639083,0.45816899999999994,PHL,ZAF,7436
2272472,176,246,1255,2013.0,0.0,6305.0,-1.508233,-1.163478,PNG,ZAF,7436
2272473,177,246,1255,2013.0,1475126.0,42549172.0,1.11341,0.975734,POL,ZAF,7436
2272474,179,246,1255,2013.0,89898.0,0.0,0.705087,2.2055580000000004,PRT,ZAF,7436
2272475,180,246,1255,2013.0,0.0,1467.0,-0.560661,-0.822876,PRY,ZAF,7436
2272476,182,246,1255,2013.0,0.0,5067.0,-0.118172,-0.620256,PYF,ZAF,7436
2272477,183,246,1255,2013.0,0.0,41393.0,-0.583609,-1.003754,QAT,ZAF,7436
2272478,185,246,1255,2013.0,89435.0,2306753.0,1.05722,1.0968799999999999,ROU,ZAF,7436
2272479,186,246,1255,2013.0,243159.0,4062243.0,-0.08233,-0.267781,RUS,ZAF,7436
2272480,187,246,1255,2013.0,0.0,65276.0,-0.535446,-0.662881,RWA,ZAF,7436
2272481,188,246,1255,2013.0,17689.0,468606.0,-0.14823599999999998,-0.883965,SAU,ZAF,7436
2272482,190,246,1255,2013.0,0.0,59021.0,-1.224897,-1.059517,SDN,ZAF,7436
2272483,191,246,1255,2013.0,0.0,65321.0,-0.566624,-0.185277,SEN,ZAF,7436
2272484,192,246,1255,2013.0,432863.0,52272.0,1.844685,0.639379,SGP,ZAF,7436
2272485,194,246,1255,2013.0,0.0,17485.0,1.74968,0.20829299999999998,SHN,ZAF,7436
2272486,196,246,1255,2013.0,10719.0,446154.0,-0.42937700000000006,-0.529857,SLE,ZAF,7436
2272487,197,246,1255,2013.0,0.0,14268.0,0.104046,0.46966,SLV,ZAF,7436
2272488,199,246,1255,2013.0,0.0,17409.0,-0.9790979999999999,-0.8632620000000001,SOM,ZAF,7436
2272489,201,246,1255,2013.0,0.0,15944.0,0.609755,1.355304,SRB,ZAF,7436
2272490,203,246,1255,2013.0,0.0,1573.0,0.9084559999999999,0.170664,STP,ZAF,7436
2272491,205,246,1255,2013.0,0.0,1241.0,-0.25729,-0.651541,SUR,ZAF,7436
2272492,206,246,1255,2013.0,2492562.0,14817.0,1.510052,0.7060310000000001,SVK,ZAF,7436
2272493,207,246,1255,2013.0,206582.0,171074.0,1.55922,0.565874,SVN,ZAF,7436
2272494,208,246,1255,2013.0,5699458.0,137714.0,1.7851290000000002,0.182623,SWE,ZAF,7436
2272495,209,246,1255,2013.0,9726.0,2514163.0,0.017946,-0.20627399999999999,SWZ,ZAF,7436
2272496,211,246,1255,2013.0,0.0,197648.0,0.06901,-0.438229,SYC,ZAF,7436
2272497,216,246,1255,2013.0,6085870.0,18672118.0,1.067287,1.2767110000000002,THA,ZAF,7436
2272498,218,246,1255,2013.0,11145.0,0.0,0.741701,0.44271400000000005,TKL,ZAF,7436
2272499,222,246,1255,2013.0,0.0,30980.0,-0.399437,-1.047864,TTO,ZAF,7436
2272500,223,246,1255,2013.0,213171.0,8929.0,0.40154,0.902177,TUN,ZAF,7436
2272501,224,246,1255,2013.0,702510.0,56475428.0,0.580016,2.394812,TUR,ZAF,7436
2272502,226,246,1255,2013.0,13434.0,2736155.0,-0.654655,0.903574,TZA,ZAF,7436
2272503,227,246,1255,2013.0,0.0,749230.0,-0.46170100000000003,0.652878,UGA,ZAF,7436
2272504,228,246,1255,2013.0,88962.0,173220.0,0.535571,1.026263,UKR,ZAF,7436
2272505,230,246,1255,2013.0,0.0,77611.0,0.128825,0.02334,URY,ZAF,7436
2272506,231,246,1255,2013.0,41767724.0,173170032.0,1.612058,-0.8592989999999999,USA,ZAF,7436
2272507,236,246,1255,2013.0,0.0,578466.0,-1.281202,-1.094268,VEN,ZAF,7436
2272508,239,246,1255,2013.0,5204.0,49540.0,0.009264,1.182368,VNM,ZAF,7436
2272509,243,246,1255,2013.0,0.0,79602.0,-1.2788700000000002,-1.230713,YEM,ZAF,7436
2272510,247,246,1255,2013.0,140852.0,13397417.0,-0.293192,-0.42930100000000004,ZMB,ZAF,7436
2272511,248,246,1255,2013.0,108748.0,12176228.0,-0.841968,-0.898121,ZWE,ZAF,7436
2272512,249,246,1255,2013.0,1121314.0,1541513.0,1.7382849999999999,0.9917739999999999,TWN,ZAF,7436
2272513,250,246,1255,2013.0,464784.0,721251.0,0.583151,0.14238299999999998,ANS,ZAF,7436
2272514,0,249,1255,2013.0,0.0,2787.0,0.598533,0.032199,ABW,TWN,7436
2272515,2,249,1255,2013.0,0.0,57313.0,-1.240877,-1.073797,AGO,TWN,7436
2272516,4,249,1255,2013.0,0.0,25276.0,-0.44779300000000005,-0.13181700000000002,ALB,TWN,7436
2272517,7,249,1255,2013.0,37679.0,8803592.0,-0.338417,-0.754102,ARE,TWN,7436
2272518,8,249,1255,2013.0,3123.0,242974.0,0.042829,0.461002,ARG,TWN,7436
2272519,9,249,1255,2013.0,0.0,1660.0,-0.159148,-0.515766,ARM,TWN,7436
2272520,13,249,1255,2013.0,0.0,1102.0,0.25821500000000003,-0.383761,ATG,TWN,7436
2272521,14,249,1255,2013.0,233535.0,5924390.0,-0.63369,-0.276328,AUS,TWN,7436
2272522,15,249,1255,2013.0,1137234.0,219723.0,1.855434,-1.06494,AUT,TWN,7436
2272523,16,249,1255,2013.0,0.0,10598.0,-1.319766,-1.200648,AZE,TWN,7436
2272524,18,249,1255,2013.0,596909.0,1189548.0,1.198491,1.117268,BEL,TWN,7436
2272525,21,249,1255,2013.0,0.0,14238.0,-0.7231029999999999,-0.736291,BFA,TWN,7436
2272526,22,249,1255,2013.0,0.0,612260.0,-0.835666,-0.8088810000000001,BGD,TWN,7436
2272527,23,249,1255,2013.0,49451.0,73675.0,0.622325,1.5506229999999999,BGR,TWN,7436
2272528,24,249,1255,2013.0,4782.0,1260810.0,0.080634,-0.6828890000000001,BHR,TWN,7436
2272529,26,249,1255,2013.0,9997.0,6517.0,0.723658,0.9271879999999999,BIH,TWN,7436
2272530,28,249,1255,2013.0,0.0,46570.0,1.183522,0.934159,BLR,TWN,7436
2272531,29,249,1255,2013.0,0.0,53914.0,-0.459154,-0.465912,BLZ,TWN,7436
2272532,30,249,1255,2013.0,0.0,1082.0,1.020753,-0.10180399999999999,BMU,TWN,7436
2272533,31,249,1255,2013.0,0.0,69329.0,-1.1429610000000001,-1.0076120000000002,BOL,TWN,7436
2272534,32,249,1255,2013.0,14736.0,2091918.0,0.2804,0.649729,BRA,TWN,7436
2272535,33,249,1255,2013.0,0.0,3837.0,0.607845,0.09196,BRB,TWN,7436
2272536,34,249,1255,2013.0,0.0,90222.0,-1.664,-0.663172,BRN,TWN,7436
2272537,39,249,1255,2013.0,4212692.0,5824818.0,0.599305,1.193591,CAN,TWN,7436
2272538,41,249,1255,2013.0,930919.0,268592.0,2.0899229999999998,0.661667,CHE,TWN,7436
2272539,42,249,1255,2013.0,28624.0,372986.0,-0.184556,-0.238657,CHL,TWN,7436
2272540,43,249,1255,2013.0,59997864.0,66282564.0,1.24864,0.667713,CHN,TWN,7436
2272541,44,249,1255,2013.0,0.0,23833.0,-1.0025870000000001,-0.901658,CIV,TWN,7436
2272542,45,249,1255,2013.0,0.0,9769.0,-0.93575,-1.003851,CMR,TWN,7436
2272543,46,249,1255,2013.0,0.0,8280.0,-1.450075,-1.115916,COD,TWN,7436
2272544,49,249,1255,2013.0,0.0,475704.0,0.034491,-0.36975,COL,TWN,7436
2272545,52,249,1255,2013.0,0.0,42142.0,0.208669,-0.54783,CRI,TWN,7436
2272546,54,249,1255,2013.0,0.0,87759.0,-0.31053400000000003,-0.8534280000000001,CUB,TWN,7436
2272547,57,249,1255,2013.0,0.0,1450.0,0.379754,-0.510024,CYM,TWN,7436
2272548,58,249,1255,2013.0,0.0,73433.0,0.36482800000000004,0.527544,CYP,TWN,7436
2272549,59,249,1255,2013.0,170395.0,311842.0,1.829509,-0.41787700000000005,CZE,TWN,7436
2272550,61,249,1255,2013.0,114029144.0,6901068.0,2.1086869999999998,-3.7092,DEU,TWN,7436
2272551,64,249,1255,2013.0,588318.0,156938.0,1.190302,1.062991,DNK,TWN,7436
2272552,65,249,1255,2013.0,0.0,29973.0,-0.272579,0.42750699999999997,DOM,TWN,7436
2272553,66,249,1255,2013.0,0.0,95105.0,-1.53603,-1.104965,DZA,TWN,7436
2272554,67,249,1255,2013.0,0.0,318242.0,-0.8251790000000001,-0.9347200000000001,ECU,TWN,7436
2272555,68,249,1255,2013.0,0.0,2739184.0,-0.12015799999999999,1.793363,EGY,TWN,7436
2272556,71,249,1255,2013.0,673933.0,8194949.0,0.955472,1.80005,ESP,TWN,7436
2272557,72,249,1255,2013.0,12173.0,139109.0,0.923321,1.290016,EST,TWN,7436
2272558,73,249,1255,2013.0,0.0,57378.0,-1.1373090000000001,-0.89186,ETH,TWN,7436
2272559,74,249,1255,2013.0,170529.0,3484702.0,1.700282,0.867677,FIN,TWN,7436
2272560,75,249,1255,2013.0,0.0,16756.0,-0.374639,-0.140308,FJI,TWN,7436
2272561,77,249,1255,2013.0,7740630.0,2846095.0,1.5253299999999999,0.026146,FRA,TWN,7436
2272562,79,249,1255,2013.0,0.0,1131.0,-0.592069,-0.796275,FSM,TWN,7436
2272563,81,249,1255,2013.0,25641126.0,4659958.0,1.628465,0.77075,GBR,TWN,7436
2272564,82,249,1255,2013.0,190520.0,2045.0,-0.08343099999999999,-0.359692,GEO,TWN,7436
2272565,83,249,1255,2013.0,0.0,24701.0,-0.696971,-0.5807939999999999,GHA,TWN,7436
2272566,85,249,1255,2013.0,0.0,61312.0,-1.281072,-1.027585,GIN,TWN,7436
2272567,90,249,1255,2013.0,28728.0,84712.0,0.073442,0.9857899999999999,GRC,TWN,7436
2272568,93,249,1255,2013.0,0.0,689176.0,-0.220165,0.661111,GTM,TWN,7436
2272569,95,249,1255,2013.0,0.0,62072.0,0.425936,-0.069886,GUM,TWN,7436
2272570,96,249,1255,2013.0,0.0,10030.0,-0.90241,-0.957449,GUY,TWN,7436
2272571,97,249,1255,2013.0,1169649.0,3755360.0,0.791401,1.249845,HKG,TWN,7436
2272572,99,249,1255,2013.0,0.0,27189.0,-0.6661060000000001,-0.38619699999999996,HND,TWN,7436
2272573,100,249,1255,2013.0,3788.0,85192.0,0.8737309999999999,1.276091,HRV,TWN,7436
2272574,101,249,1255,2013.0,0.0,8137.0,-0.627783,-0.8605309999999999,HTI,TWN,7436
2272575,102,249,1255,2013.0,1073477.0,155348.0,1.6962560000000002,0.45460600000000007,HUN,TWN,7436
2272576,103,249,1255,2013.0,1670988.0,6542074.0,-0.006876999999999999,1.8336569999999999,IDN,TWN,7436
2272577,104,249,1255,2013.0,680295.0,1900398.0,0.18186,2.647598,IND,TWN,7436
2272578,106,249,1255,2013.0,476849.0,44826.0,1.32787,0.394579,IRL,TWN,7436
2272579,107,249,1255,2013.0,0.0,6443932.0,-0.23625100000000002,-0.256067,IRN,TWN,7436
2272580,108,249,1255,2013.0,0.0,857291.0,-3.147217,-0.685991,IRQ,TWN,7436
2272581,109,249,1255,2013.0,0.0,7201.0,0.284089,-0.164097,ISL,TWN,7436
2272582,110,249,1255,2013.0,116412.0,839943.0,1.0247629999999999,0.8261639999999999,ISR,TWN,7436
2272583,111,249,1255,2013.0,2622966.0,5454126.0,1.419383,-0.304402,ITA,TWN,7436
2272584,112,249,1255,2013.0,0.0,40436.0,-0.364044,-0.744733,JAM,TWN,7436
2272585,113,249,1255,2013.0,0.0,2553105.0,0.1888,0.596867,JOR,TWN,7436
2272586,114,249,1255,2013.0,98180512.0,10539240.0,2.333417,-0.818701,JPN,TWN,7436
2272587,115,249,1255,2013.0,0.0,241144.0,-0.9193819999999999,-0.734194,KAZ,TWN,7436
2272588,116,249,1255,2013.0,0.0,47162.0,-0.303119,0.626786,KEN,TWN,7436
2272589,117,249,1255,2013.0,0.0,60926.0,0.25090500000000004,0.7357279999999999,KGZ,TWN,7436
2272590,118,249,1255,2013.0,0.0,209327.0,-0.634876,-0.714886,KHM,TWN,7436
2272591,121,249,1255,2013.0,14205625.0,2984753.0,1.817145,0.835414,KOR,TWN,7436
2272592,122,249,1255,2013.0,0.0,351769.0,-1.198985,-1.057248,KWT,TWN,7436
2272593,124,249,1255,2013.0,0.0,474652.0,0.37392800000000004,1.413136,LBN,TWN,7436
2272594,126,249,1255,2013.0,0.0,2479465.0,-1.871593,-1.1211790000000001,LBY,TWN,7436
2272595,128,249,1255,2013.0,0.0,309687.0,-0.320583,0.44462399999999996,LKA,TWN,7436
2272596,129,249,1255,2013.0,0.0,13204.0,-0.726902,-0.8200930000000001,LSO,TWN,7436
2272597,130,249,1255,2013.0,0.0,138186.0,0.677986,1.29227,LTU,TWN,7436
2272598,131,249,1255,2013.0,1296597.0,11266.0,1.0110190000000001,1.123226,LUX,TWN,7436
2272599,132,249,1255,2013.0,0.0,200768.0,0.652463,1.299917,LVA,TWN,7436
2272600,133,249,1255,2013.0,0.0,35827.0,0.43873,0.275559,MAC,TWN,7436
2272601,134,249,1255,2013.0,0.0,562397.0,-0.474872,0.178118,MAR,TWN,7436
2272602,135,249,1255,2013.0,0.0,10699.0,0.14256,0.33920700000000004,MDA,TWN,7436
2272603,136,249,1255,2013.0,0.0,2734.0,-0.786091,-0.611478,MDG,TWN,7436
2272604,137,249,1255,2013.0,0.0,21571.0,-0.510204,-0.740372,MDV,TWN,7436
2272605,138,249,1255,2013.0,1870946.0,4892620.0,1.2327219999999999,0.746108,MEX,TWN,7436
2272606,139,249,1255,2013.0,0.0,2369.0,-0.9199700000000001,-0.776832,MHL,TWN,7436
2272607,140,249,1255,2013.0,0.0,3607.0,-0.127775,0.21915900000000002,MKD,TWN,7436
2272608,142,249,1255,2013.0,0.0,32947.0,0.710108,-0.014586000000000002,MLT,TWN,7436
2272609,143,249,1255,2013.0,0.0,708328.0,-1.147086,-0.6888989999999999,MMR,TWN,7436
2272610,144,249,1255,2013.0,0.0,9467.0,0.09597,-0.019953,MNE,TWN,7436
2272611,145,249,1255,2013.0,0.0,4892.0,-1.264785,-1.133222,MNG,TWN,7436
2272612,147,249,1255,2013.0,0.0,6828.0,-1.131512,-0.8923840000000001,MOZ,TWN,7436
2272613,151,249,1255,2013.0,0.0,64231.0,-0.092312,0.050927,MUS,TWN,7436
2272614,152,249,1255,2013.0,0.0,2708.0,-0.802763,-0.8101470000000001,MWI,TWN,7436
2272615,153,249,1255,2013.0,17589078.0,5910004.0,0.924532,0.671334,MYS,TWN,7436
2272616,156,249,1255,2013.0,0.0,44776.0,-0.262882,-0.63858,NCL,TWN,7436
2272617,159,249,1255,2013.0,0.0,495099.0,-1.679402,-1.14686,NGA,TWN,7436
2272618,160,249,1255,2013.0,0.0,25634.0,-0.7956479999999999,-0.596061,NIC,TWN,7436
2272619,162,249,1255,2013.0,5019196.0,764651.0,1.012006,1.441545,NLD,TWN,7436
2272620,163,249,1255,2013.0,40896.0,112024.0,0.710901,0.062705,NOR,TWN,7436
2272621,164,249,1255,2013.0,0.0,2529.0,-0.08623,0.5143939999999999,NPL,TWN,7436
2272622,166,249,1255,2013.0,1927.0,304287.0,0.192237,0.429825,NZL,TWN,7436
2272623,167,249,1255,2013.0,0.0,595870.0,-0.698693,-1.030814,OMN,TWN,7436
2272624,168,249,1255,2013.0,0.0,184755.0,-0.697224,0.501576,PAK,TWN,7436
2272625,169,249,1255,2013.0,0.0,153918.0,0.8719819999999999,1.038982,PAN,TWN,7436
2272626,173,249,1255,2013.0,0.0,152173.0,-0.640044,0.121772,PER,TWN,7436
2272627,174,249,1255,2013.0,5451.0,2075146.0,0.639083,0.45816899999999994,PHL,TWN,7436
2272628,175,249,1255,2013.0,0.0,49525.0,0.661385,-0.41401899999999997,PLW,TWN,7436
2272629,176,249,1255,2013.0,0.0,40212.0,-1.508233,-1.163478,PNG,TWN,7436
2272630,177,249,1255,2013.0,2272195.0,208074.0,1.11341,0.975734,POL,TWN,7436
2272631,179,249,1255,2013.0,83706.0,163996.0,0.705087,2.2055580000000004,PRT,TWN,7436
2272632,180,249,1255,2013.0,0.0,33697.0,-0.560661,-0.822876,PRY,TWN,7436
2272633,181,249,1255,2013.0,0.0,3426.0,0.103716,0.762259,PSE,TWN,7436
2272634,182,249,1255,2013.0,0.0,17109.0,-0.118172,-0.620256,PYF,TWN,7436
2272635,183,249,1255,2013.0,0.0,116038.0,-0.583609,-1.003754,QAT,TWN,7436
2272636,185,249,1255,2013.0,12267.0,152102.0,1.05722,1.0968799999999999,ROU,TWN,7436
2272637,186,249,1255,2013.0,0.0,4706989.0,-0.08233,-0.267781,RUS,TWN,7436
2272638,188,249,1255,2013.0,1172.0,6839614.0,-0.14823599999999998,-0.883965,SAU,TWN,7436
2272639,190,249,1255,2013.0,0.0,28635.0,-1.224897,-1.059517,SDN,TWN,7436
2272640,192,249,1255,2013.0,4446824.0,4256085.0,1.844685,0.639379,SGP,TWN,7436
2272641,195,249,1255,2013.0,0.0,13960.0,-1.092566,-0.7936310000000001,SLB,TWN,7436
2272642,197,249,1255,2013.0,0.0,127979.0,0.104046,0.46966,SLV,TWN,7436
2272643,201,249,1255,2013.0,2435.0,30893.0,0.609755,1.355304,SRB,TWN,7436
2272644,205,249,1255,2013.0,0.0,6918.0,-0.25729,-0.651541,SUR,TWN,7436
2272645,206,249,1255,2013.0,22869.0,18816.0,1.510052,0.7060310000000001,SVK,TWN,7436
2272646,207,249,1255,2013.0,0.0,136885.0,1.55922,0.565874,SVN,TWN,7436
2272647,208,249,1255,2013.0,1504337.0,1441361.0,1.7851290000000002,0.182623,SWE,TWN,7436
2272648,209,249,1255,2013.0,0.0,1522.0,0.017946,-0.20627399999999999,SWZ,TWN,7436
2272649,216,249,1255,2013.0,6122738.0,5124366.0,1.067287,1.2767110000000002,THA,TWN,7436
2272650,222,249,1255,2013.0,0.0,47958.0,-0.399437,-1.047864,TTO,TWN,7436
2272651,223,249,1255,2013.0,38991.0,346303.0,0.40154,0.902177,TUN,TWN,7436
2272652,224,249,1255,2013.0,165624.0,10459794.0,0.580016,2.394812,TUR,TWN,7436
2272653,226,249,1255,2013.0,0.0,27911.0,-0.654655,0.903574,TZA,TWN,7436
2272654,227,249,1255,2013.0,0.0,1348.0,-0.46170100000000003,0.652878,UGA,TWN,7436
2272655,228,249,1255,2013.0,0.0,997576.0,0.535571,1.026263,UKR,TWN,7436
2272656,230,249,1255,2013.0,0.0,35198.0,0.128825,0.02334,URY,TWN,7436
2272657,231,249,1255,2013.0,92132160.0,68059416.0,1.612058,-0.8592989999999999,USA,TWN,7436
2272658,232,249,1255,2013.0,0.0,5417.0,-0.7076319999999999,-0.645674,UZB,TWN,7436
2272659,236,249,1255,2013.0,0.0,341988.0,-1.281202,-1.094268,VEN,TWN,7436
2272660,239,249,1255,2013.0,959048.0,10652002.0,0.009264,1.182368,VNM,TWN,7436
2272661,242,249,1255,2013.0,108138.0,0.0,0.877785,0.277918,WSM,TWN,7436
2272662,243,249,1255,2013.0,0.0,139411.0,-1.2788700000000002,-1.230713,YEM,TWN,7436
2272663,246,249,1255,2013.0,1541513.0,1121314.0,0.11624100000000001,1.574591,ZAF,TWN,7436
2272664,247,249,1255,2013.0,0.0,3039.0,-0.293192,-0.42930100000000004,ZMB,TWN,7436
2272665,248,249,1255,2013.0,0.0,2963.0,-0.841968,-0.898121,ZWE,TWN,7436
2272666,250,249,1255,2013.0,34444.0,0.0,0.583151,0.14238299999999998,ANS,TWN,7436
2272667,0,250,1255,2013.0,0.0,233356.0,0.598533,0.032199,ABW,ANS,7436
2272668,7,250,1255,2013.0,3378264.0,3308822.0,-0.338417,-0.754102,ARE,ANS,7436
2272669,8,250,1255,2013.0,127018.0,8025.0,0.042829,0.461002,ARG,ANS,7436
2272670,14,250,1255,2013.0,57459.0,0.0,-0.63369,-0.276328,AUS,ANS,7436
2272671,18,250,1255,2013.0,88735.0,158481.0,1.198491,1.117268,BEL,ANS,7436
2272672,22,250,1255,2013.0,0.0,281999.0,-0.835666,-0.8088810000000001,BGD,ANS,7436
2272673,24,250,1255,2013.0,0.0,37085.0,0.080634,-0.6828890000000001,BHR,ANS,7436
2272674,25,250,1255,2013.0,0.0,2277.0,0.496435,-0.324394,BHS,ANS,7436
2272675,32,250,1255,2013.0,0.0,15465604.0,0.2804,0.649729,BRA,ANS,7436
2272676,42,250,1255,2013.0,0.0,11421663.0,-0.184556,-0.238657,CHL,ANS,7436
2272677,43,250,1255,2013.0,0.0,28291.0,1.24864,0.667713,CHN,ANS,7436
2272678,44,250,1255,2013.0,0.0,12688.0,-1.0025870000000001,-0.901658,CIV,ANS,7436
2272679,47,250,1255,2013.0,0.0,3012.0,-1.478461,-1.094509,COG,ANS,7436
2272680,49,250,1255,2013.0,23294.0,171573.0,0.034491,-0.36975,COL,ANS,7436
2272681,51,250,1255,2013.0,0.0,1255.0,-0.28793,-0.5938319999999999,CPV,ANS,7436
2272682,58,250,1255,2013.0,1751.0,0.0,0.36482800000000004,0.527544,CYP,ANS,7436
2272683,59,250,1255,2013.0,14968.0,370198.0,1.829509,-0.41787700000000005,CZE,ANS,7436
2272684,61,250,1255,2013.0,1038939.0,0.0,2.1086869999999998,-3.7092,DEU,ANS,7436
2272685,67,250,1255,2013.0,50016.0,0.0,-0.8251790000000001,-0.9347200000000001,ECU,ANS,7436
2272686,71,250,1255,2013.0,283149.0,341804.0,0.955472,1.80005,ESP,ANS,7436
2272687,72,250,1255,2013.0,16911.0,3123456.0,0.923321,1.290016,EST,ANS,7436
2272688,73,250,1255,2013.0,0.0,1063346.0,-1.1373090000000001,-0.89186,ETH,ANS,7436
2272689,75,250,1255,2013.0,5415.0,2292.0,-0.374639,-0.140308,FJI,ANS,7436
2272690,77,250,1255,2013.0,5833.0,5533507.0,1.5253299999999999,0.026146,FRA,ANS,7436
2272691,81,250,1255,2013.0,6007.0,0.0,1.628465,0.77075,GBR,ANS,7436
2272692,90,250,1255,2013.0,43194.0,144253.0,0.073442,0.9857899999999999,GRC,ANS,7436
2272693,93,250,1255,2013.0,0.0,25343.0,-0.220165,0.661111,GTM,ANS,7436
2272694,100,250,1255,2013.0,8112.0,11377.0,0.8737309999999999,1.276091,HRV,ANS,7436
2272695,104,250,1255,2013.0,5753.0,71088.0,0.18186,2.647598,IND,ANS,7436
2272696,106,250,1255,2013.0,1332865.0,1076477.0,1.32787,0.394579,IRL,ANS,7436
2272697,107,250,1255,2013.0,658821.0,84688.0,-0.23625100000000002,-0.256067,IRN,ANS,7436
2272698,110,250,1255,2013.0,7000.0,0.0,1.0247629999999999,0.8261639999999999,ISR,ANS,7436
2272699,111,250,1255,2013.0,31949.0,13071.0,1.419383,-0.304402,ITA,ANS,7436
2272700,113,250,1255,2013.0,857271.0,88777.0,0.1888,0.596867,JOR,ANS,7436
2272701,114,250,1255,2013.0,4662.0,0.0,2.333417,-0.818701,JPN,ANS,7436
2272702,124,250,1255,2013.0,22719.0,3553.0,0.37392800000000004,1.413136,LBN,ANS,7436
2272703,131,250,1255,2013.0,0.0,980918.0,1.0110190000000001,1.123226,LUX,ANS,7436
2272704,136,250,1255,2013.0,107299.0,727181.0,-0.786091,-0.611478,MDG,ANS,7436
2272705,138,250,1255,2013.0,0.0,174519.0,1.2327219999999999,0.746108,MEX,ANS,7436
2272706,142,250,1255,2013.0,0.0,5599.0,0.710108,-0.014586000000000002,MLT,ANS,7436
2272707,144,250,1255,2013.0,0.0,2732.0,0.09597,-0.019953,MNE,ANS,7436
2272708,153,250,1255,2013.0,256615.0,0.0,0.924532,0.671334,MYS,ANS,7436
2272709,155,250,1255,2013.0,28061.0,0.0,-0.316805,-0.38759099999999996,NAM,ANS,7436
2272710,157,250,1255,2013.0,0.0,39835.0,-1.0008350000000001,-0.8325670000000001,NER,ANS,7436
2272711,162,250,1255,2013.0,2934194.0,34585.0,1.012006,1.441545,NLD,ANS,7436
2272712,163,250,1255,2013.0,3754.0,0.0,0.710901,0.062705,NOR,ANS,7436
2272713,168,250,1255,2013.0,0.0,1409832.0,-0.697224,0.501576,PAK,ANS,7436
2272714,169,250,1255,2013.0,817147.0,40176.0,0.8719819999999999,1.038982,PAN,ANS,7436
2272715,177,250,1255,2013.0,17238.0,780512.0,1.11341,0.975734,POL,ANS,7436
2272716,179,250,1255,2013.0,33318.0,0.0,0.705087,2.2055580000000004,PRT,ANS,7436
2272717,185,250,1255,2013.0,0.0,1198.0,1.05722,1.0968799999999999,ROU,ANS,7436
2272718,186,250,1255,2013.0,0.0,11479.0,-0.08233,-0.267781,RUS,ANS,7436
2272719,188,250,1255,2013.0,0.0,234177.0,-0.14823599999999998,-0.883965,SAU,ANS,7436
2272720,191,250,1255,2013.0,0.0,12360.0,-0.566624,-0.185277,SEN,ANS,7436
2272721,206,250,1255,2013.0,0.0,10511391.0,1.510052,0.7060310000000001,SVK,ANS,7436
2272722,208,250,1255,2013.0,3992.0,0.0,1.7851290000000002,0.182623,SWE,ANS,7436
2272723,222,250,1255,2013.0,3361.0,34597.0,-0.399437,-1.047864,TTO,ANS,7436
2272724,223,250,1255,2013.0,3972184.0,1695285.0,0.40154,0.902177,TUN,ANS,7436
2272725,224,250,1255,2013.0,4933594.0,1943737.0,0.580016,2.394812,TUR,ANS,7436
2272726,230,250,1255,2013.0,95084.0,0.0,0.128825,0.02334,URY,ANS,7436
2272727,239,250,1255,2013.0,1401.0,2434202.0,0.009264,1.182368,VNM,ANS,7436
2272728,243,250,1255,2013.0,0.0,4352271.0,-1.2788700000000002,-1.230713,YEM,ANS,7436
2272729,246,250,1255,2013.0,721251.0,464784.0,0.11624100000000001,1.574591,ZAF,ANS,7436
2272730,249,250,1255,2013.0,0.0,34444.0,1.7382849999999999,0.9917739999999999,TWN,ANS,7436
2272731,7,9,1255,2013.0,16359.0,0.0,-0.338417,-0.754102,ARE,ARM,7436
2272732,8,9,1255,2013.0,1998.0,0.0,0.042829,0.461002,ARG,ARM,7436
2272733,14,9,1255,2013.0,27564.0,0.0,-0.63369,-0.276328,AUS,ARM,7436
2272734,15,9,1255,2013.0,28709.0,0.0,1.855434,-1.06494,AUT,ARM,7436
2272735,18,9,1255,2013.0,462307.0,0.0,1.198491,1.117268,BEL,ARM,7436
2272736,23,9,1255,2013.0,221286.0,0.0,0.622325,1.5506229999999999,BGR,ARM,7436
2272737,26,9,1255,2013.0,17473.0,0.0,0.723658,0.9271879999999999,BIH,ARM,7436
2272738,28,9,1255,2013.0,12976.0,0.0,1.183522,0.934159,BLR,ARM,7436
2272739,32,9,1255,2013.0,1926.0,0.0,0.2804,0.649729,BRA,ARM,7436
2272740,39,9,1255,2013.0,6697.0,0.0,0.599305,1.193591,CAN,ARM,7436
2272741,41,9,1255,2013.0,12333.0,0.0,2.0899229999999998,0.661667,CHE,ARM,7436
2272742,42,9,1255,2013.0,0.0,3034.0,-0.184556,-0.238657,CHL,ARM,7436
2272743,43,9,1255,2013.0,245232.0,0.0,1.24864,0.667713,CHN,ARM,7436
2272744,59,9,1255,2013.0,200690.0,0.0,1.829509,-0.41787700000000005,CZE,ARM,7436
2272745,61,9,1255,2013.0,1366364.0,1609.0,2.1086869999999998,-3.7092,DEU,ARM,7436
2272746,64,9,1255,2013.0,312469.0,0.0,1.190302,1.062991,DNK,ARM,7436
2272747,67,9,1255,2013.0,1465.0,0.0,-0.8251790000000001,-0.9347200000000001,ECU,ARM,7436
2272748,71,9,1255,2013.0,28077.0,0.0,0.955472,1.80005,ESP,ARM,7436
2272749,74,9,1255,2013.0,61180.0,0.0,1.700282,0.867677,FIN,ARM,7436
2272750,77,9,1255,2013.0,170723.0,0.0,1.5253299999999999,0.026146,FRA,ARM,7436
2272751,81,9,1255,2013.0,59197.0,0.0,1.628465,0.77075,GBR,ARM,7436
2272752,82,9,1255,2013.0,31777.0,0.0,-0.08343099999999999,-0.359692,GEO,ARM,7436
2272753,97,9,1255,2013.0,1167.0,0.0,0.791401,1.249845,HKG,ARM,7436
2272754,102,9,1255,2013.0,13790.0,0.0,1.6962560000000002,0.45460600000000007,HUN,ARM,7436
2272755,103,9,1255,2013.0,4805.0,0.0,-0.006876999999999999,1.8336569999999999,IDN,ARM,7436
2272756,104,9,1255,2013.0,5788.0,0.0,0.18186,2.647598,IND,ARM,7436
2272757,107,9,1255,2013.0,7170.0,0.0,-0.23625100000000002,-0.256067,IRN,ARM,7436
2272758,111,9,1255,2013.0,1212917.0,0.0,1.419383,-0.304402,ITA,ARM,7436
2272759,114,9,1255,2013.0,34476.0,0.0,2.333417,-0.818701,JPN,ARM,7436
2272760,121,9,1255,2013.0,97937.0,0.0,1.817145,0.835414,KOR,ARM,7436
2272761,130,9,1255,2013.0,7153.0,0.0,0.677986,1.29227,LTU,ARM,7436
2272762,138,9,1255,2013.0,196148.0,0.0,1.2327219999999999,0.746108,MEX,ARM,7436
2272763,162,9,1255,2013.0,60426.0,0.0,1.012006,1.441545,NLD,ARM,7436
2272764,174,9,1255,2013.0,7033.0,0.0,0.639083,0.45816899999999994,PHL,ARM,7436
2272765,177,9,1255,2013.0,284868.0,0.0,1.11341,0.975734,POL,ARM,7436
2272766,185,9,1255,2013.0,4130.0,0.0,1.05722,1.0968799999999999,ROU,ARM,7436
2272767,186,9,1255,2013.0,444092.0,2286.0,-0.08233,-0.267781,RUS,ARM,7436
2272768,206,9,1255,2013.0,2047.0,0.0,1.510052,0.7060310000000001,SVK,ARM,7436
2272769,208,9,1255,2013.0,45183.0,0.0,1.7851290000000002,0.182623,SWE,ARM,7436
2272770,228,9,1255,2013.0,162171.0,12618.0,0.535571,1.026263,UKR,ARM,7436
2272771,231,9,1255,2013.0,511705.0,0.0,1.612058,-0.8592989999999999,USA,ARM,7436
2272772,246,9,1255,2013.0,1692.0,0.0,0.11624100000000001,1.574591,ZAF,ARM,7436
2272773,249,9,1255,2013.0,1660.0,0.0,1.7382849999999999,0.9917739999999999,TWN,ARM,7436
2272774,2,14,1255,2013.0,0.0,4520.0,-1.240877,-1.073797,AGO,AUS,7436
2272775,4,14,1255,2013.0,0.0,1229.0,-0.44779300000000005,-0.13181700000000002,ALB,AUS,7436
2272776,7,14,1255,2013.0,5048726.0,2146260.0,-0.338417,-0.754102,ARE,AUS,7436
2272777,8,14,1255,2013.0,72949.0,26782.0,0.042829,0.461002,ARG,AUS,7436
2272778,9,14,1255,2013.0,0.0,27564.0,-0.159148,-0.515766,ARM,AUS,7436
2272779,10,14,1255,2013.0,0.0,11081.0,0.5701109999999999,-0.113648,ASM,AUS,7436
2272780,15,14,1255,2013.0,1822332.0,587370.0,1.855434,-1.06494,AUT,AUS,7436
2272781,16,14,1255,2013.0,0.0,4270.0,-1.319766,-1.200648,AZE,AUS,7436
2272782,18,14,1255,2013.0,8689578.0,156049.0,1.198491,1.117268,BEL,AUS,7436
2272783,21,14,1255,2013.0,0.0,33532.0,-0.7231029999999999,-0.736291,BFA,AUS,7436
2272784,22,14,1255,2013.0,0.0,295124.0,-0.835666,-0.8088810000000001,BGD,AUS,7436
2272785,23,14,1255,2013.0,503108.0,0.0,0.622325,1.5506229999999999,BGR,AUS,7436
2272786,24,14,1255,2013.0,0.0,19992.0,0.080634,-0.6828890000000001,BHR,AUS,7436
2272787,26,14,1255,2013.0,106551.0,0.0,0.723658,0.9271879999999999,BIH,AUS,7436
2272788,28,14,1255,2013.0,16583.0,0.0,1.183522,0.934159,BLR,AUS,7436
2272789,31,14,1255,2013.0,0.0,1678.0,-1.1429610000000001,-1.0076120000000002,BOL,AUS,7436
2272790,32,14,1255,2013.0,126416.0,67082.0,0.2804,0.649729,BRA,AUS,7436
2272791,34,14,1255,2013.0,0.0,9576.0,-1.664,-0.663172,BRN,AUS,7436
2272792,35,14,1255,2013.0,17554.0,0.0,-0.026632999999999997,-0.608414,BTN,AUS,7436
2272793,37,14,1255,2013.0,0.0,6326.0,-0.677782,-1.0888149999999999,BWA,AUS,7436
2272794,39,14,1255,2013.0,5920376.0,932516.0,0.599305,1.193591,CAN,AUS,7436
2272795,40,14,1255,2013.0,0.0,10985.0,1.455111,0.48071,CCK,AUS,7436
2272796,41,14,1255,2013.0,3272216.0,364201.0,2.0899229999999998,0.661667,CHE,AUS,7436
2272797,42,14,1255,2013.0,8948.0,319863.0,-0.184556,-0.238657,CHL,AUS,7436
2272798,43,14,1255,2013.0,145598064.0,2572847.0,1.24864,0.667713,CHN,AUS,7436
2272799,44,14,1255,2013.0,0.0,362551.0,-1.0025870000000001,-0.901658,CIV,AUS,7436
2272800,46,14,1255,2013.0,0.0,29475.0,-1.450075,-1.115916,COD,AUS,7436
2272801,47,14,1255,2013.0,0.0,3428.0,-1.478461,-1.094509,COG,AUS,7436
2272802,49,14,1255,2013.0,4350.0,229681.0,0.034491,-0.36975,COL,AUS,7436
2272803,56,14,1255,2013.0,0.0,25599.0,0.677882,-0.32863600000000004,CXR,AUS,7436
2272804,58,14,1255,2013.0,33380.0,2470.0,0.36482800000000004,0.527544,CYP,AUS,7436
2272805,59,14,1255,2013.0,12985533.0,310654.0,1.829509,-0.41787700000000005,CZE,AUS,7436
2272806,61,14,1255,2013.0,79684872.0,1398039.0,2.1086869999999998,-3.7092,DEU,AUS,7436
2272807,64,14,1255,2013.0,1887143.0,14291.0,1.190302,1.062991,DNK,AUS,7436
2272808,65,14,1255,2013.0,1566.0,12979.0,-0.272579,0.42750699999999997,DOM,AUS,7436
2272809,66,14,1255,2013.0,2964.0,45664.0,-1.53603,-1.104965,DZA,AUS,7436
2272810,67,14,1255,2013.0,2736.0,6165.0,-0.8251790000000001,-0.9347200000000001,ECU,AUS,7436
2272811,68,14,1255,2013.0,0.0,11311.0,-0.12015799999999999,1.793363,EGY,AUS,7436
2272812,71,14,1255,2013.0,37234944.0,598314.0,0.955472,1.80005,ESP,AUS,7436
2272813,72,14,1255,2013.0,47558.0,5643.0,0.923321,1.290016,EST,AUS,7436
2272814,73,14,1255,2013.0,4469.0,7328.0,-1.1373090000000001,-0.89186,ETH,AUS,7436
2272815,74,14,1255,2013.0,7938596.0,72853.0,1.700282,0.867677,FIN,AUS,7436
2272816,75,14,1255,2013.0,19581.0,808259.0,-0.374639,-0.140308,FJI,AUS,7436
2272817,77,14,1255,2013.0,19793668.0,2207536.0,1.5253299999999999,0.026146,FRA,AUS,7436
2272818,79,14,1255,2013.0,0.0,1293.0,-0.592069,-0.796275,FSM,AUS,7436
2272819,80,14,1255,2013.0,0.0,5205.0,-1.652062,-1.140576,GAB,AUS,7436
2272820,81,14,1255,2013.0,21932414.0,2591265.0,1.628465,0.77075,GBR,AUS,7436
2272821,82,14,1255,2013.0,15544.0,0.0,-0.08343099999999999,-0.359692,GEO,AUS,7436
2272822,83,14,1255,2013.0,0.0,273766.0,-0.696971,-0.5807939999999999,GHA,AUS,7436
2272823,84,14,1255,2013.0,0.0,4174.0,0.348423,-0.521683,GIB,AUS,7436
2272824,85,14,1255,2013.0,0.0,11204.0,-1.281072,-1.027585,GIN,AUS,7436
2272825,90,14,1255,2013.0,50262.0,0.0,0.073442,0.9857899999999999,GRC,AUS,7436
2272826,93,14,1255,2013.0,2667.0,0.0,-0.220165,0.661111,GTM,AUS,7436
2272827,95,14,1255,2013.0,0.0,17331.0,0.425936,-0.069886,GUM,AUS,7436
2272828,97,14,1255,2013.0,1631641.0,122545.0,0.791401,1.249845,HKG,AUS,7436
2272829,100,14,1255,2013.0,5000.0,0.0,0.8737309999999999,1.276091,HRV,AUS,7436
2272830,102,14,1255,2013.0,1330839.0,47247.0,1.6962560000000002,0.45460600000000007,HUN,AUS,7436
2272831,103,14,1255,2013.0,8936428.0,3860747.0,-0.006876999999999999,1.8336569999999999,IDN,AUS,7436
2272832,104,14,1255,2013.0,1004313.0,248449.0,0.18186,2.647598,IND,AUS,7436
2272833,106,14,1255,2013.0,812414.0,16255.0,1.32787,0.394579,IRL,AUS,7436
2272834,107,14,1255,2013.0,0.0,2849.0,-0.23625100000000002,-0.256067,IRN,AUS,7436
2272835,110,14,1255,2013.0,4522662.0,53299.0,1.0247629999999999,0.8261639999999999,ISR,AUS,7436
2272836,111,14,1255,2013.0,20943204.0,227485.0,1.419383,-0.304402,ITA,AUS,7436
2272837,112,14,1255,2013.0,0.0,1600.0,-0.364044,-0.744733,JAM,AUS,7436
2272838,113,14,1255,2013.0,1163.0,8160.0,0.1888,0.596867,JOR,AUS,7436
2272839,114,14,1255,2013.0,24042850.0,2355566.0,2.333417,-0.818701,JPN,AUS,7436
2272840,115,14,1255,2013.0,0.0,825832.0,-0.9193819999999999,-0.734194,KAZ,AUS,7436
2272841,116,14,1255,2013.0,0.0,177749.0,-0.303119,0.626786,KEN,AUS,7436
2272842,117,14,1255,2013.0,0.0,162221.0,0.25090500000000004,0.7357279999999999,KGZ,AUS,7436
2272843,118,14,1255,2013.0,0.0,16277.0,-0.634876,-0.714886,KHM,AUS,7436
2272844,119,14,1255,2013.0,0.0,13705.0,-0.556555,-0.71082,KIR,AUS,7436
2272845,121,14,1255,2013.0,39003100.0,3028577.0,1.817145,0.835414,KOR,AUS,7436
2272846,122,14,1255,2013.0,0.0,120085.0,-1.198985,-1.057248,KWT,AUS,7436
2272847,123,14,1255,2013.0,0.0,145072.0,-0.907169,-0.587529,LAO,AUS,7436
2272848,124,14,1255,2013.0,0.0,1951.0,0.37392800000000004,1.413136,LBN,AUS,7436
2272849,128,14,1255,2013.0,4926.0,6311.0,-0.320583,0.44462399999999996,LKA,AUS,7436
2272850,130,14,1255,2013.0,19152.0,0.0,0.677986,1.29227,LTU,AUS,7436
2272851,131,14,1255,2013.0,10231.0,0.0,1.0110190000000001,1.123226,LUX,AUS,7436
2272852,132,14,1255,2013.0,3078.0,0.0,0.652463,1.299917,LVA,AUS,7436
2272853,134,14,1255,2013.0,22968.0,8745.0,-0.474872,0.178118,MAR,AUS,7436
2272854,136,14,1255,2013.0,1552.0,239540.0,-0.786091,-0.611478,MDG,AUS,7436
2272855,137,14,1255,2013.0,0.0,7216.0,-0.510204,-0.740372,MDV,AUS,7436
2272856,138,14,1255,2013.0,14030127.0,169730.0,1.2327219999999999,0.746108,MEX,AUS,7436
2272857,141,14,1255,2013.0,0.0,65693.0,-1.046677,-0.980809,MLI,AUS,7436
2272858,142,14,1255,2013.0,184922.0,1211.0,0.710108,-0.014586000000000002,MLT,AUS,7436
2272859,143,14,1255,2013.0,0.0,111284.0,-1.147086,-0.6888989999999999,MMR,AUS,7436
2272860,145,14,1255,2013.0,0.0,92998.0,-1.264785,-1.133222,MNG,AUS,7436
2272861,148,14,1255,2013.0,0.0,44005.0,-1.681152,-1.2712350000000001,MRT,AUS,7436
2272862,151,14,1255,2013.0,3446.0,66890.0,-0.092312,0.050927,MUS,AUS,7436
2272863,152,14,1255,2013.0,0.0,3714.0,-0.802763,-0.8101470000000001,MWI,AUS,7436
2272864,153,14,1255,2013.0,8206352.0,1180904.0,0.924532,0.671334,MYS,AUS,7436
2272865,155,14,1255,2013.0,0.0,140289.0,-0.316805,-0.38759099999999996,NAM,AUS,7436
2272866,156,14,1255,2013.0,15623.0,1263274.0,-0.262882,-0.63858,NCL,AUS,7436
2272867,157,14,1255,2013.0,61294.0,0.0,-1.0008350000000001,-0.8325670000000001,NER,AUS,7436
2272868,159,14,1255,2013.0,0.0,69194.0,-1.679402,-1.14686,NGA,AUS,7436
2272869,162,14,1255,2013.0,10003168.0,1698999.0,1.012006,1.441545,NLD,AUS,7436
2272870,163,14,1255,2013.0,664602.0,31460.0,0.710901,0.062705,NOR,AUS,7436
2272871,164,14,1255,2013.0,0.0,2574.0,-0.08623,0.5143939999999999,NPL,AUS,7436
2272872,165,14,1255,2013.0,0.0,2545102.0,0.8192159999999999,-0.383742,NRU,AUS,7436
2272873,166,14,1255,2013.0,6478718.0,17527902.0,0.192237,0.429825,NZL,AUS,7436
2272874,167,14,1255,2013.0,14959.0,1121758.0,-0.698693,-1.030814,OMN,AUS,7436
2272875,168,14,1255,2013.0,69100.0,22986.0,-0.697224,0.501576,PAK,AUS,7436
2272876,169,14,1255,2013.0,0.0,20298.0,0.8719819999999999,1.038982,PAN,AUS,7436
2272877,173,14,1255,2013.0,0.0,19620.0,-0.640044,0.121772,PER,AUS,7436
2272878,174,14,1255,2013.0,2195188.0,374517.0,0.639083,0.45816899999999994,PHL,AUS,7436
2272879,175,14,1255,2013.0,0.0,2884.0,0.661385,-0.41401899999999997,PLW,AUS,7436
2272880,176,14,1255,2013.0,4252.0,9190028.0,-1.508233,-1.163478,PNG,AUS,7436
2272881,177,14,1255,2013.0,921292.0,50341.0,1.11341,0.975734,POL,AUS,7436
2272882,179,14,1255,2013.0,148923.0,15517.0,0.705087,2.2055580000000004,PRT,AUS,7436
2272883,180,14,1255,2013.0,0.0,1456.0,-0.560661,-0.822876,PRY,AUS,7436
2272884,181,14,1255,2013.0,0.0,4568.0,0.103716,0.762259,PSE,AUS,7436
2272885,182,14,1255,2013.0,0.0,71525.0,-0.118172,-0.620256,PYF,AUS,7436
2272886,183,14,1255,2013.0,0.0,120210.0,-0.583609,-1.003754,QAT,AUS,7436
2272887,185,14,1255,2013.0,904310.0,38117.0,1.05722,1.0968799999999999,ROU,AUS,7436
2272888,186,14,1255,2013.0,34634.0,190946.0,-0.08233,-0.267781,RUS,AUS,7436
2272889,188,14,1255,2013.0,14116.0,737541.0,-0.14823599999999998,-0.883965,SAU,AUS,7436
2272890,190,14,1255,2013.0,0.0,6456.0,-1.224897,-1.059517,SDN,AUS,7436
2272891,191,14,1255,2013.0,0.0,153580.0,-0.566624,-0.185277,SEN,AUS,7436
2272892,192,14,1255,2013.0,13001489.0,4025215.0,1.844685,0.639379,SGP,AUS,7436
2272893,195,14,1255,2013.0,0.0,132011.0,-1.092566,-0.7936310000000001,SLB,AUS,7436
2272894,196,14,1255,2013.0,2309.0,3282.0,-0.42937700000000006,-0.529857,SLE,AUS,7436
2272895,197,14,1255,2013.0,0.0,3817.0,0.104046,0.46966,SLV,AUS,7436
2272896,199,14,1255,2013.0,0.0,4589.0,-0.9790979999999999,-0.8632620000000001,SOM,AUS,7436
2272897,206,14,1255,2013.0,709952.0,0.0,1.510052,0.7060310000000001,SVK,AUS,7436
2272898,207,14,1255,2013.0,144176.0,7435.0,1.55922,0.565874,SVN,AUS,7436
2272899,208,14,1255,2013.0,9110633.0,119993.0,1.7851290000000002,0.182623,SWE,AUS,7436
2272900,211,14,1255,2013.0,0.0,2616.0,0.06901,-0.438229,SYC,AUS,7436
2272901,214,14,1255,2013.0,0.0,25388.0,-2.89356,-0.879919,TCD,AUS,7436
2272902,216,14,1255,2013.0,96160368.0,1089408.0,1.067287,1.2767110000000002,THA,AUS,7436
2272903,220,14,1255,2013.0,0.0,32209.0,-0.5989939999999999,-0.649891,TLS,AUS,7436
2272904,221,14,1255,2013.0,24809.0,30773.0,0.31217399999999995,-0.21186,TON,AUS,7436
2272905,222,14,1255,2013.0,36697.0,21675.0,-0.399437,-1.047864,TTO,AUS,7436
2272906,223,14,1255,2013.0,102189.0,1971.0,0.40154,0.902177,TUN,AUS,7436
2272907,224,14,1255,2013.0,403462.0,106318.0,0.580016,2.394812,TUR,AUS,7436
2272908,225,14,1255,2013.0,0.0,6563.0,0.05218099999999999,-0.524861,TUV,AUS,7436
2272909,226,14,1255,2013.0,3251.0,129413.0,-0.654655,0.903574,TZA,AUS,7436
2272910,227,14,1255,2013.0,0.0,13950.0,-0.46170100000000003,0.652878,UGA,AUS,7436
2272911,228,14,1255,2013.0,3779.0,1021.0,0.535571,1.026263,UKR,AUS,7436
2272912,230,14,1255,2013.0,0.0,2336.0,0.128825,0.02334,URY,AUS,7436
2272913,231,14,1255,2013.0,202467696.0,8221176.0,1.612058,-0.8592989999999999,USA,AUS,7436
2272914,236,14,1255,2013.0,0.0,6533.0,-1.281202,-1.094268,VEN,AUS,7436
2272915,239,14,1255,2013.0,360036.0,279888.0,0.009264,1.182368,VNM,AUS,7436
2272916,240,14,1255,2013.0,0.0,97767.0,-0.43518999999999997,-0.6206010000000001,VUT,AUS,7436
2272917,242,14,1255,2013.0,0.0,39703.0,0.877785,0.277918,WSM,AUS,7436
2272918,246,14,1255,2013.0,7512682.0,1216594.0,0.11624100000000001,1.574591,ZAF,AUS,7436
2272919,247,14,1255,2013.0,0.0,33787.0,-0.293192,-0.42930100000000004,ZMB,AUS,7436
2272920,248,14,1255,2013.0,0.0,3337.0,-0.841968,-0.898121,ZWE,AUS,7436
2272921,249,14,1255,2013.0,5924390.0,233535.0,1.7382849999999999,0.9917739999999999,TWN,AUS,7436
2272922,250,14,1255,2013.0,0.0,57459.0,0.583151,0.14238299999999998,ANS,AUS,7436
2272923,3,16,1255,2013.0,45194.0,0.0,1.598439,0.492281,AIA,AZE,7436
2272924,7,16,1255,2013.0,628932.0,0.0,-0.338417,-0.754102,ARE,AZE,7436
2272925,14,16,1255,2013.0,4270.0,0.0,-0.63369,-0.276328,AUS,AZE,7436
2272926,15,16,1255,2013.0,12298387.0,0.0,1.855434,-1.06494,AUT,AZE,7436
2272927,18,16,1255,2013.0,719471.0,0.0,1.198491,1.117268,BEL,AZE,7436
2272928,23,16,1255,2013.0,361761.0,0.0,0.622325,1.5506229999999999,BGR,AZE,7436
2272929,28,16,1255,2013.0,61080.0,0.0,1.183522,0.934159,BLR,AZE,7436
2272930,39,16,1255,2013.0,21922.0,0.0,0.599305,1.193591,CAN,AZE,7436
2272931,41,16,1255,2013.0,48574.0,0.0,2.0899229999999998,0.661667,CHE,AZE,7436
2272932,43,16,1255,2013.0,1363982.0,0.0,1.24864,0.667713,CHN,AZE,7436
2272933,58,16,1255,2013.0,1518694.0,0.0,0.36482800000000004,0.527544,CYP,AZE,7436
2272934,59,16,1255,2013.0,509483.0,0.0,1.829509,-0.41787700000000005,CZE,AZE,7436
2272935,61,16,1255,2013.0,20179976.0,6005.0,2.1086869999999998,-3.7092,DEU,AZE,7436
2272936,64,16,1255,2013.0,272011.0,0.0,1.190302,1.062991,DNK,AZE,7436
2272937,71,16,1255,2013.0,285352.0,0.0,0.955472,1.80005,ESP,AZE,7436
2272938,72,16,1255,2013.0,4840.0,0.0,0.923321,1.290016,EST,AZE,7436
2272939,74,16,1255,2013.0,49696.0,0.0,1.700282,0.867677,FIN,AZE,7436
2272940,77,16,1255,2013.0,1541687.0,0.0,1.5253299999999999,0.026146,FRA,AZE,7436
2272941,81,16,1255,2013.0,7974716.0,1988.0,1.628465,0.77075,GBR,AZE,7436
2272942,82,16,1255,2013.0,303909.0,19302.0,-0.08343099999999999,-0.359692,GEO,AZE,7436
2272943,90,16,1255,2013.0,1002.0,0.0,0.073442,0.9857899999999999,GRC,AZE,7436
2272944,102,16,1255,2013.0,70807.0,0.0,1.6962560000000002,0.45460600000000007,HUN,AZE,7436
2272945,103,16,1255,2013.0,19480.0,0.0,-0.006876999999999999,1.8336569999999999,IDN,AZE,7436
2272946,107,16,1255,2013.0,33329.0,0.0,-0.23625100000000002,-0.256067,IRN,AZE,7436
2272947,110,16,1255,2013.0,700163.0,0.0,1.0247629999999999,0.8261639999999999,ISR,AZE,7436
2272948,111,16,1255,2013.0,1366598.0,0.0,1.419383,-0.304402,ITA,AZE,7436
2272949,114,16,1255,2013.0,116685.0,0.0,2.333417,-0.818701,JPN,AZE,7436
2272950,115,16,1255,2013.0,27698.0,21468.0,-0.9193819999999999,-0.734194,KAZ,AZE,7436
2272951,121,16,1255,2013.0,175211.0,0.0,1.817145,0.835414,KOR,AZE,7436
2272952,130,16,1255,2013.0,125881.0,2333.0,0.677986,1.29227,LTU,AZE,7436
2272953,132,16,1255,2013.0,2603.0,0.0,0.652463,1.299917,LVA,AZE,7436
2272954,135,16,1255,2013.0,13265.0,0.0,0.14256,0.33920700000000004,MDA,AZE,7436
2272955,162,16,1255,2013.0,447435.0,0.0,1.012006,1.441545,NLD,AZE,7436
2272956,163,16,1255,2013.0,1010163.0,0.0,0.710901,0.062705,NOR,AZE,7436
2272957,166,16,1255,2013.0,3605.0,0.0,0.192237,0.429825,NZL,AZE,7436
2272958,169,16,1255,2013.0,5349370.0,0.0,0.8719819999999999,1.038982,PAN,AZE,7436
2272959,177,16,1255,2013.0,658904.0,0.0,1.11341,0.975734,POL,AZE,7436
2272960,183,16,1255,2013.0,12831.0,17494.0,-0.583609,-1.003754,QAT,AZE,7436
2272961,186,16,1255,2013.0,1812234.0,118039.0,-0.08233,-0.267781,RUS,AZE,7436
2272962,192,16,1255,2013.0,2298858.0,0.0,1.844685,0.639379,SGP,AZE,7436
2272963,201,16,1255,2013.0,53726.0,0.0,0.609755,1.355304,SRB,AZE,7436
2272964,206,16,1255,2013.0,18155.0,0.0,1.510052,0.7060310000000001,SVK,AZE,7436
2272965,207,16,1255,2013.0,152861.0,0.0,1.55922,0.565874,SVN,AZE,7436
2272966,208,16,1255,2013.0,283354.0,0.0,1.7851290000000002,0.182623,SWE,AZE,7436
2272967,219,16,1255,2013.0,1191.0,0.0,-1.174981,-1.14869,TKM,AZE,7436
2272968,223,16,1255,2013.0,8335.0,0.0,0.40154,0.902177,TUN,AZE,7436
2272969,224,16,1255,2013.0,12325399.0,27657.0,0.580016,2.394812,TUR,AZE,7436
2272970,228,16,1255,2013.0,1497729.0,16545.0,0.535571,1.026263,UKR,AZE,7436
2272971,231,16,1255,2013.0,2481036.0,0.0,1.612058,-0.8592989999999999,USA,AZE,7436
2272972,246,16,1255,2013.0,70762.0,0.0,0.11624100000000001,1.574591,ZAF,AZE,7436
2272973,249,16,1255,2013.0,10598.0,0.0,1.7382849999999999,0.9917739999999999,TWN,AZE,7436
2272974,7,22,1255,2013.0,295015.0,2261.0,-0.338417,-0.754102,ARE,BGD,7436
2272975,14,22,1255,2013.0,295124.0,0.0,-0.63369,-0.276328,AUS,BGD,7436
2272976,15,22,1255,2013.0,90297.0,0.0,1.855434,-1.06494,AUT,BGD,7436
2272977,18,22,1255,2013.0,224892.0,0.0,1.198491,1.117268,BEL,BGD,7436
2272978,24,22,1255,2013.0,5683.0,0.0,0.080634,-0.6828890000000001,BHR,BGD,7436
2272979,39,22,1255,2013.0,20326.0,0.0,0.599305,1.193591,CAN,BGD,7436
2272980,41,22,1255,2013.0,97817.0,0.0,2.0899229999999998,0.661667,CHE,BGD,7436
2272981,43,22,1255,2013.0,25083544.0,16861.0,1.24864,0.667713,CHN,BGD,7436
2272982,44,22,1255,2013.0,0.0,1480.0,-1.0025870000000001,-0.901658,CIV,BGD,7436
2272983,59,22,1255,2013.0,6880.0,0.0,1.829509,-0.41787700000000005,CZE,BGD,7436
2272984,61,22,1255,2013.0,3430906.0,0.0,2.1086869999999998,-3.7092,DEU,BGD,7436
2272985,64,22,1255,2013.0,105901.0,0.0,1.190302,1.062991,DNK,BGD,7436
2272986,71,22,1255,2013.0,3577296.0,0.0,0.955472,1.80005,ESP,BGD,7436
2272987,73,22,1255,2013.0,0.0,98721.0,-1.1373090000000001,-0.89186,ETH,BGD,7436
2272988,74,22,1255,2013.0,16378.0,0.0,1.700282,0.867677,FIN,BGD,7436
2272989,77,22,1255,2013.0,1177070.0,0.0,1.5253299999999999,0.026146,FRA,BGD,7436
2272990,81,22,1255,2013.0,2056954.0,4797.0,1.628465,0.77075,GBR,BGD,7436
2272991,97,22,1255,2013.0,634950.0,0.0,0.791401,1.249845,HKG,BGD,7436
2272992,102,22,1255,2013.0,39299.0,0.0,1.6962560000000002,0.45460600000000007,HUN,BGD,7436
2272993,103,22,1255,2013.0,268762.0,0.0,-0.006876999999999999,1.8336569999999999,IDN,BGD,7436
2272994,104,22,1255,2013.0,9227910.0,0.0,0.18186,2.647598,IND,BGD,7436
2272995,106,22,1255,2013.0,4331.0,0.0,1.32787,0.394579,IRL,BGD,7436
2272996,111,22,1255,2013.0,3388564.0,0.0,1.419383,-0.304402,ITA,BGD,7436
2272997,114,22,1255,2013.0,283546.0,0.0,2.333417,-0.818701,JPN,BGD,7436
2272998,121,22,1255,2013.0,1610832.0,0.0,1.817145,0.835414,KOR,BGD,7436
2272999,128,22,1255,2013.0,171363.0,0.0,-0.320583,0.44462399999999996,LKA,BGD,7436
2273000,138,22,1255,2013.0,0.0,7339.0,1.2327219999999999,0.746108,MEX,BGD,7436
2273001,153,22,1255,2013.0,2011596.0,31089.0,0.924532,0.671334,MYS,BGD,7436
2273002,162,22,1255,2013.0,211917.0,0.0,1.012006,1.441545,NLD,BGD,7436
2273003,163,22,1255,2013.0,279993.0,0.0,0.710901,0.062705,NOR,BGD,7436
2273004,168,22,1255,2013.0,1097.0,0.0,-0.697224,0.501576,PAK,BGD,7436
2273005,177,22,1255,2013.0,0.0,32400.0,1.11341,0.975734,POL,BGD,7436
2273006,183,22,1255,2013.0,7355.0,0.0,-0.583609,-1.003754,QAT,BGD,7436
2273007,186,22,1255,2013.0,5555.0,0.0,-0.08233,-0.267781,RUS,BGD,7436
2273008,192,22,1255,2013.0,3384928.0,139060.0,1.844685,0.639379,SGP,BGD,7436
2273009,206,22,1255,2013.0,72603.0,0.0,1.510052,0.7060310000000001,SVK,BGD,7436
2273010,208,22,1255,2013.0,89966.0,0.0,1.7851290000000002,0.182623,SWE,BGD,7436
2273011,216,22,1255,2013.0,570576.0,38640.0,1.067287,1.2767110000000002,THA,BGD,7436
2273012,224,22,1255,2013.0,128609.0,0.0,0.580016,2.394812,TUR,BGD,7436
2273013,228,22,1255,2013.0,8185.0,1288.0,0.535571,1.026263,UKR,BGD,7436
2273014,231,22,1255,2013.0,2410370.0,0.0,1.612058,-0.8592989999999999,USA,BGD,7436
2273015,239,22,1255,2013.0,108940.0,0.0,0.009264,1.182368,VNM,BGD,7436
2273016,246,22,1255,2013.0,58112.0,0.0,0.11624100000000001,1.574591,ZAF,BGD,7436
2273017,249,22,1255,2013.0,612260.0,0.0,1.7382849999999999,0.9917739999999999,TWN,BGD,7436
2273018,250,22,1255,2013.0,281999.0,0.0,0.583151,0.14238299999999998,ANS,BGD,7436
2273019,7,24,1255,2013.0,967753.0,96585.0,-0.338417,-0.754102,ARE,BHR,7436
2273020,14,24,1255,2013.0,19992.0,0.0,-0.63369,-0.276328,AUS,BHR,7436
2273021,15,24,1255,2013.0,1694194.0,0.0,1.855434,-1.06494,AUT,BHR,7436
2273022,18,24,1255,2013.0,335870.0,13963.0,1.198491,1.117268,BEL,BHR,7436
2273023,22,24,1255,2013.0,0.0,5683.0,-0.835666,-0.8088810000000001,BGD,BHR,7436
2273024,26,24,1255,2013.0,2080.0,0.0,0.723658,0.9271879999999999,BIH,BHR,7436
2273025,32,24,1255,2013.0,6563.0,0.0,0.2804,0.649729,BRA,BHR,7436
2273026,39,24,1255,2013.0,57758.0,0.0,0.599305,1.193591,CAN,BHR,7436
2273027,41,24,1255,2013.0,214138.0,0.0,2.0899229999999998,0.661667,CHE,BHR,7436
2273028,43,24,1255,2013.0,1306864.0,2233.0,1.24864,0.667713,CHN,BHR,7436
2273029,58,24,1255,2013.0,0.0,3445.0,0.36482800000000004,0.527544,CYP,BHR,7436
2273030,59,24,1255,2013.0,69690.0,0.0,1.829509,-0.41787700000000005,CZE,BHR,7436
2273031,61,24,1255,2013.0,2601460.0,0.0,2.1086869999999998,-3.7092,DEU,BHR,7436
2273032,64,24,1255,2013.0,185307.0,0.0,1.190302,1.062991,DNK,BHR,7436
2273033,68,24,1255,2013.0,3617.0,18843.0,-0.12015799999999999,1.793363,EGY,BHR,7436
2273034,71,24,1255,2013.0,197345.0,0.0,0.955472,1.80005,ESP,BHR,7436
2273035,72,24,1255,2013.0,1804.0,0.0,0.923321,1.290016,EST,BHR,7436
2273036,74,24,1255,2013.0,242640.0,0.0,1.700282,0.867677,FIN,BHR,7436
2273037,77,24,1255,2013.0,181710.0,0.0,1.5253299999999999,0.026146,FRA,BHR,7436
2273038,81,24,1255,2013.0,1298194.0,264844.0,1.628465,0.77075,GBR,BHR,7436
2273039,83,24,1255,2013.0,0.0,6420.0,-0.696971,-0.5807939999999999,GHA,BHR,7436
2273040,97,24,1255,2013.0,48519.0,11971.0,0.791401,1.249845,HKG,BHR,7436
2273041,102,24,1255,2013.0,2849.0,0.0,1.6962560000000002,0.45460600000000007,HUN,BHR,7436
2273042,103,24,1255,2013.0,56530.0,0.0,-0.006876999999999999,1.8336569999999999,IDN,BHR,7436
2273043,104,24,1255,2013.0,1163380.0,0.0,0.18186,2.647598,IND,BHR,7436
2273044,106,24,1255,2013.0,4353.0,0.0,1.32787,0.394579,IRL,BHR,7436
2273045,108,24,1255,2013.0,0.0,1931.0,-3.147217,-0.685991,IRQ,BHR,7436
2273046,110,24,1255,2013.0,146000.0,0.0,1.0247629999999999,0.8261639999999999,ISR,BHR,7436
2273047,111,24,1255,2013.0,1480152.0,1863.0,1.419383,-0.304402,ITA,BHR,7436
2273048,114,24,1255,2013.0,1526228.0,4508.0,2.333417,-0.818701,JPN,BHR,7436
2273049,116,24,1255,2013.0,0.0,1586.0,-0.303119,0.626786,KEN,BHR,7436
2273050,121,24,1255,2013.0,555346.0,0.0,1.817145,0.835414,KOR,BHR,7436
2273051,122,24,1255,2013.0,1541.0,183954.0,-1.198985,-1.057248,KWT,BHR,7436
2273052,124,24,1255,2013.0,7127.0,0.0,0.37392800000000004,1.413136,LBN,BHR,7436
2273053,134,24,1255,2013.0,13108.0,0.0,-0.474872,0.178118,MAR,BHR,7436
2273054,138,24,1255,2013.0,130197.0,0.0,1.2327219999999999,0.746108,MEX,BHR,7436
2273055,153,24,1255,2013.0,632903.0,0.0,0.924532,0.671334,MYS,BHR,7436
2273056,159,24,1255,2013.0,0.0,105710.0,-1.679402,-1.14686,NGA,BHR,7436
2273057,162,24,1255,2013.0,93673.0,392475.0,1.012006,1.441545,NLD,BHR,7436
2273058,163,24,1255,2013.0,2783.0,0.0,0.710901,0.062705,NOR,BHR,7436
2273059,167,24,1255,2013.0,1134.0,47922.0,-0.698693,-1.030814,OMN,BHR,7436
2273060,168,24,1255,2013.0,0.0,1796.0,-0.697224,0.501576,PAK,BHR,7436
2273061,174,24,1255,2013.0,5654.0,0.0,0.639083,0.45816899999999994,PHL,BHR,7436
2273062,177,24,1255,2013.0,15260.0,107396.0,1.11341,0.975734,POL,BHR,7436
2273063,183,24,1255,2013.0,0.0,297072.0,-0.583609,-1.003754,QAT,BHR,7436
2273064,185,24,1255,2013.0,1921.0,0.0,1.05722,1.0968799999999999,ROU,BHR,7436
2273065,186,24,1255,2013.0,1524.0,8401.0,-0.08233,-0.267781,RUS,BHR,7436
2273066,188,24,1255,2013.0,486469.0,937200.0,-0.14823599999999998,-0.883965,SAU,BHR,7436
2273067,192,24,1255,2013.0,134749.0,57394.0,1.844685,0.639379,SGP,BHR,7436
2273068,206,24,1255,2013.0,11118.0,0.0,1.510052,0.7060310000000001,SVK,BHR,7436
2273069,207,24,1255,2013.0,10605.0,0.0,1.55922,0.565874,SVN,BHR,7436
2273070,208,24,1255,2013.0,594551.0,0.0,1.7851290000000002,0.182623,SWE,BHR,7436
2273071,211,24,1255,2013.0,0.0,3306.0,0.06901,-0.438229,SYC,BHR,7436
2273072,216,24,1255,2013.0,50453.0,0.0,1.067287,1.2767110000000002,THA,BHR,7436
2273073,223,24,1255,2013.0,2614.0,0.0,0.40154,0.902177,TUN,BHR,7436
2273074,224,24,1255,2013.0,203030.0,0.0,0.580016,2.394812,TUR,BHR,7436
2273075,228,24,1255,2013.0,3850.0,0.0,0.535571,1.026263,UKR,BHR,7436
2273076,231,24,1255,2013.0,4461636.0,0.0,1.612058,-0.8592989999999999,USA,BHR,7436
2273077,239,24,1255,2013.0,4659.0,0.0,0.009264,1.182368,VNM,BHR,7436
2273078,246,24,1255,2013.0,12101.0,0.0,0.11624100000000001,1.574591,ZAF,BHR,7436
2273079,249,24,1255,2013.0,1260810.0,4782.0,1.7382849999999999,0.9917739999999999,TWN,BHR,7436
2273080,250,24,1255,2013.0,37085.0,0.0,0.583151,0.14238299999999998,ANS,BHR,7436
2273081,4,26,1255,2013.0,0.0,48649.0,-0.44779300000000005,-0.13181700000000002,ALB,BIH,7436
2273082,7,26,1255,2013.0,0.0,39578.0,-0.338417,-0.754102,ARE,BIH,7436
2273083,8,26,1255,2013.0,0.0,114964.0,0.042829,0.461002,ARG,BIH,7436
2273084,9,26,1255,2013.0,0.0,17473.0,-0.159148,-0.515766,ARM,BIH,7436
2273085,14,26,1255,2013.0,0.0,106551.0,-0.63369,-0.276328,AUS,BIH,7436
2273086,15,26,1255,2013.0,803296.0,229605.0,1.855434,-1.06494,AUT,BIH,7436
2273087,18,26,1255,2013.0,750039.0,23194.0,1.198491,1.117268,BEL,BIH,7436
2273088,23,26,1255,2013.0,190880.0,35713.0,0.622325,1.5506229999999999,BGR,BIH,7436
2273089,24,26,1255,2013.0,0.0,2080.0,0.080634,-0.6828890000000001,BHR,BIH,7436
2273090,28,26,1255,2013.0,2003.0,78706.0,1.183522,0.934159,BLR,BIH,7436
2273091,32,26,1255,2013.0,0.0,53111.0,0.2804,0.649729,BRA,BIH,7436
2273092,39,26,1255,2013.0,2477.0,116980.0,0.599305,1.193591,CAN,BIH,7436
2273093,41,26,1255,2013.0,11985.0,95887.0,2.0899229999999998,0.661667,CHE,BIH,7436
2273094,43,26,1255,2013.0,34175.0,1364982.0,1.24864,0.667713,CHN,BIH,7436
2273095,45,26,1255,2013.0,0.0,2889.0,-0.93575,-1.003851,CMR,BIH,7436
2273096,49,26,1255,2013.0,0.0,8976.0,0.034491,-0.36975,COL,BIH,7436
2273097,58,26,1255,2013.0,8635.0,0.0,0.36482800000000004,0.527544,CYP,BIH,7436
2273098,59,26,1255,2013.0,339172.0,544242.0,1.829509,-0.41787700000000005,CZE,BIH,7436
2273099,61,26,1255,2013.0,10084006.0,11773390.0,2.1086869999999998,-3.7092,DEU,BIH,7436
2273100,64,26,1255,2013.0,62925.0,0.0,1.190302,1.062991,DNK,BIH,7436
2273101,66,26,1255,2013.0,0.0,38159.0,-1.53603,-1.104965,DZA,BIH,7436
2273102,71,26,1255,2013.0,73524.0,998122.0,0.955472,1.80005,ESP,BIH,7436
2273103,74,26,1255,2013.0,2170.0,29127.0,1.700282,0.867677,FIN,BIH,7436
2273104,77,26,1255,2013.0,332802.0,980700.0,1.5253299999999999,0.026146,FRA,BIH,7436
2273105,81,26,1255,2013.0,47591.0,24713.0,1.628465,0.77075,GBR,BIH,7436
2273106,90,26,1255,2013.0,4071.0,0.0,0.073442,0.9857899999999999,GRC,BIH,7436
2273107,100,26,1255,2013.0,2188302.0,832178.0,0.8737309999999999,1.276091,HRV,BIH,7436
2273108,102,26,1255,2013.0,229222.0,0.0,1.6962560000000002,0.45460600000000007,HUN,BIH,7436
2273109,103,26,1255,2013.0,3674.0,0.0,-0.006876999999999999,1.8336569999999999,IDN,BIH,7436
2273110,104,26,1255,2013.0,5211.0,104250.0,0.18186,2.647598,IND,BIH,7436
2273111,106,26,1255,2013.0,1798.0,0.0,1.32787,0.394579,IRL,BIH,7436
2273112,109,26,1255,2013.0,0.0,3093.0,0.284089,-0.164097,ISL,BIH,7436
2273113,110,26,1255,2013.0,24857.0,0.0,1.0247629999999999,0.8261639999999999,ISR,BIH,7436
2273114,111,26,1255,2013.0,672108.0,1074186.0,1.419383,-0.304402,ITA,BIH,7436
2273115,113,26,1255,2013.0,0.0,2152.0,0.1888,0.596867,JOR,BIH,7436
2273116,114,26,1255,2013.0,18510.0,8784.0,2.333417,-0.818701,JPN,BIH,7436
2273117,115,26,1255,2013.0,0.0,123521.0,-0.9193819999999999,-0.734194,KAZ,BIH,7436
2273118,116,26,1255,2013.0,0.0,5511.0,-0.303119,0.626786,KEN,BIH,7436
2273119,121,26,1255,2013.0,96394.0,9152.0,1.817145,0.835414,KOR,BIH,7436
2273120,122,26,1255,2013.0,0.0,2859.0,-1.198985,-1.057248,KWT,BIH,7436
2273121,124,26,1255,2013.0,0.0,106956.0,0.37392800000000004,1.413136,LBN,BIH,7436
2273122,130,26,1255,2013.0,2354.0,0.0,0.677986,1.29227,LTU,BIH,7436
2273123,134,26,1255,2013.0,0.0,8591.0,-0.474872,0.178118,MAR,BIH,7436
2273124,135,26,1255,2013.0,0.0,49434.0,0.14256,0.33920700000000004,MDA,BIH,7436
2273125,138,26,1255,2013.0,23674.0,98657.0,1.2327219999999999,0.746108,MEX,BIH,7436
2273126,140,26,1255,2013.0,19018.0,219880.0,-0.127775,0.21915900000000002,MKD,BIH,7436
2273127,144,26,1255,2013.0,13644.0,356010.0,0.09597,-0.019953,MNE,BIH,7436
2273128,153,26,1255,2013.0,1880.0,0.0,0.924532,0.671334,MYS,BIH,7436
2273129,162,26,1255,2013.0,32679.0,98611.0,1.012006,1.441545,NLD,BIH,7436
2273130,163,26,1255,2013.0,0.0,48936.0,0.710901,0.062705,NOR,BIH,7436
2273131,166,26,1255,2013.0,0.0,6572.0,0.192237,0.429825,NZL,BIH,7436
2273132,173,26,1255,2013.0,0.0,21959.0,-0.640044,0.121772,PER,BIH,7436
2273133,174,26,1255,2013.0,8498.0,0.0,0.639083,0.45816899999999994,PHL,BIH,7436
2273134,177,26,1255,2013.0,1585485.0,360872.0,1.11341,0.975734,POL,BIH,7436
2273135,183,26,1255,2013.0,0.0,5128.0,-0.583609,-1.003754,QAT,BIH,7436
2273136,185,26,1255,2013.0,99983.0,27607.0,1.05722,1.0968799999999999,ROU,BIH,7436
2273137,186,26,1255,2013.0,17387.0,1019511.0,-0.08233,-0.267781,RUS,BIH,7436
2273138,188,26,1255,2013.0,0.0,69265.0,-0.14823599999999998,-0.883965,SAU,BIH,7436
2273139,192,26,1255,2013.0,42731.0,35242.0,1.844685,0.639379,SGP,BIH,7436
2273140,201,26,1255,2013.0,875448.0,1535704.0,0.609755,1.355304,SRB,BIH,7436
2273141,206,26,1255,2013.0,73414.0,68945.0,1.510052,0.7060310000000001,SVK,BIH,7436
2273142,207,26,1255,2013.0,1011864.0,188527.0,1.55922,0.565874,SVN,BIH,7436
2273143,208,26,1255,2013.0,47020.0,2160.0,1.7851290000000002,0.182623,SWE,BIH,7436
2273144,216,26,1255,2013.0,9134.0,5789.0,1.067287,1.2767110000000002,THA,BIH,7436
2273145,223,26,1255,2013.0,33261.0,17272.0,0.40154,0.902177,TUN,BIH,7436
2273146,224,26,1255,2013.0,1499227.0,948981.0,0.580016,2.394812,TUR,BIH,7436
2273147,228,26,1255,2013.0,111751.0,175919.0,0.535571,1.026263,UKR,BIH,7436
2273148,231,26,1255,2013.0,109978.0,774268.0,1.612058,-0.8592989999999999,USA,BIH,7436
2273149,246,26,1255,2013.0,13495.0,209009.0,0.11624100000000001,1.574591,ZAF,BIH,7436
2273150,249,26,1255,2013.0,6517.0,9997.0,1.7382849999999999,0.9917739999999999,TWN,BIH,7436
2273151,2,28,1255,2013.0,0.0,7738.0,-1.240877,-1.073797,AGO,BLR,7436
2273152,8,28,1255,2013.0,2336.0,0.0,0.042829,0.461002,ARG,BLR,7436
2273153,9,28,1255,2013.0,0.0,12976.0,-0.159148,-0.515766,ARM,BLR,7436
2273154,14,28,1255,2013.0,0.0,16583.0,-0.63369,-0.276328,AUS,BLR,7436
2273155,15,28,1255,2013.0,1451374.0,0.0,1.855434,-1.06494,AUT,BLR,7436
2273156,16,28,1255,2013.0,0.0,61080.0,-1.319766,-1.200648,AZE,BLR,7436
2273157,18,28,1255,2013.0,2237475.0,0.0,1.198491,1.117268,BEL,BLR,7436
2273158,23,28,1255,2013.0,668252.0,24789.0,0.622325,1.5506229999999999,BGR,BLR,7436
2273159,26,28,1255,2013.0,78706.0,2003.0,0.723658,0.9271879999999999,BIH,BLR,7436
2273160,29,28,1255,2013.0,0.0,17851.0,-0.459154,-0.465912,BLZ,BLR,7436
2273161,32,28,1255,2013.0,11844.0,0.0,0.2804,0.649729,BRA,BLR,7436
2273162,39,28,1255,2013.0,9104.0,0.0,0.599305,1.193591,CAN,BLR,7436
2273163,41,28,1255,2013.0,1313383.0,0.0,2.0899229999999998,0.661667,CHE,BLR,7436
2273164,43,28,1255,2013.0,2013538.0,67349.0,1.24864,0.667713,CHN,BLR,7436
2273165,54,28,1255,2013.0,0.0,84452.0,-0.31053400000000003,-0.8534280000000001,CUB,BLR,7436
2273166,58,28,1255,2013.0,172521.0,0.0,0.36482800000000004,0.527544,CYP,BLR,7436
2273167,59,28,1255,2013.0,2749204.0,13584.0,1.829509,-0.41787700000000005,CZE,BLR,7436
2273168,61,28,1255,2013.0,25901238.0,1851289.0,2.1086869999999998,-3.7092,DEU,BLR,7436
2273169,64,28,1255,2013.0,241332.0,0.0,1.190302,1.062991,DNK,BLR,7436
2273170,66,28,1255,2013.0,0.0,6793.0,-1.53603,-1.104965,DZA,BLR,7436
2273171,67,28,1255,2013.0,7780.0,0.0,-0.8251790000000001,-0.9347200000000001,ECU,BLR,7436
2273172,68,28,1255,2013.0,1136.0,745337.0,-0.12015799999999999,1.793363,EGY,BLR,7436
2273173,71,28,1255,2013.0,600681.0,0.0,0.955472,1.80005,ESP,BLR,7436
2273174,72,28,1255,2013.0,95821.0,14763.0,0.923321,1.290016,EST,BLR,7436
2273175,74,28,1255,2013.0,237689.0,0.0,1.700282,0.867677,FIN,BLR,7436
2273176,77,28,1255,2013.0,2841158.0,0.0,1.5253299999999999,0.026146,FRA,BLR,7436
2273177,81,28,1255,2013.0,120673.0,3863.0,1.628465,0.77075,GBR,BLR,7436
2273178,82,28,1255,2013.0,0.0,3242.0,-0.08343099999999999,-0.359692,GEO,BLR,7436
2273179,85,28,1255,2013.0,0.0,5799.0,-1.281072,-1.027585,GIN,BLR,7436
2273180,89,28,1255,2013.0,0.0,1706.0,-1.7984200000000001,-0.678832,GNQ,BLR,7436
2273181,90,28,1255,2013.0,18151.0,0.0,0.073442,0.9857899999999999,GRC,BLR,7436
2273182,97,28,1255,2013.0,15739.0,0.0,0.791401,1.249845,HKG,BLR,7436
2273183,100,28,1255,2013.0,155850.0,0.0,0.8737309999999999,1.276091,HRV,BLR,7436
2273184,102,28,1255,2013.0,141126.0,55823.0,1.6962560000000002,0.45460600000000007,HUN,BLR,7436
2273185,103,28,1255,2013.0,21774.0,0.0,-0.006876999999999999,1.8336569999999999,IDN,BLR,7436
2273186,104,28,1255,2013.0,78410.0,0.0,0.18186,2.647598,IND,BLR,7436
2273187,106,28,1255,2013.0,118747.0,0.0,1.32787,0.394579,IRL,BLR,7436
2273188,107,28,1255,2013.0,2315.0,9752.0,-0.23625100000000002,-0.256067,IRN,BLR,7436
2273189,110,28,1255,2013.0,157720.0,0.0,1.0247629999999999,0.8261639999999999,ISR,BLR,7436
2273190,111,28,1255,2013.0,6570348.0,0.0,1.419383,-0.304402,ITA,BLR,7436
2273191,114,28,1255,2013.0,71495.0,0.0,2.333417,-0.818701,JPN,BLR,7436
2273192,115,28,1255,2013.0,0.0,279395.0,-0.9193819999999999,-0.734194,KAZ,BLR,7436
2273193,117,28,1255,2013.0,0.0,30791.0,0.25090500000000004,0.7357279999999999,KGZ,BLR,7436
2273194,121,28,1255,2013.0,243256.0,11515.0,1.817145,0.835414,KOR,BLR,7436
2273195,130,28,1255,2013.0,9512668.0,92032.0,0.677986,1.29227,LTU,BLR,7436
2273196,132,28,1255,2013.0,968324.0,42897.0,0.652463,1.299917,LVA,BLR,7436
2273197,134,28,1255,2013.0,3555.0,0.0,-0.474872,0.178118,MAR,BLR,7436
2273198,135,28,1255,2013.0,0.0,21500.0,0.14256,0.33920700000000004,MDA,BLR,7436
2273199,138,28,1255,2013.0,93659.0,0.0,1.2327219999999999,0.746108,MEX,BLR,7436
2273200,140,28,1255,2013.0,3259.0,0.0,-0.127775,0.21915900000000002,MKD,BLR,7436
2273201,145,28,1255,2013.0,0.0,69786.0,-1.264785,-1.133222,MNG,BLR,7436
2273202,147,28,1255,2013.0,0.0,1552.0,-1.131512,-0.8923840000000001,MOZ,BLR,7436
2273203,153,28,1255,2013.0,1918.0,0.0,0.924532,0.671334,MYS,BLR,7436
2273204,160,28,1255,2013.0,0.0,4776.0,-0.7956479999999999,-0.596061,NIC,BLR,7436
2273205,162,28,1255,2013.0,4787928.0,0.0,1.012006,1.441545,NLD,BLR,7436
2273206,163,28,1255,2013.0,0.0,1638.0,0.710901,0.062705,NOR,BLR,7436
2273207,167,28,1255,2013.0,1530.0,0.0,-0.698693,-1.030814,OMN,BLR,7436
2273208,168,28,1255,2013.0,0.0,2374.0,-0.697224,0.501576,PAK,BLR,7436
2273209,174,28,1255,2013.0,8417.0,0.0,0.639083,0.45816899999999994,PHL,BLR,7436
2273210,177,28,1255,2013.0,15563433.0,24757.0,1.11341,0.975734,POL,BLR,7436
2273211,178,28,1255,2013.0,22106.0,0.0,-0.304923,-0.301578,PRK,BLR,7436
2273212,185,28,1255,2013.0,100482.0,4491.0,1.05722,1.0968799999999999,ROU,BLR,7436
2273213,186,28,1255,2013.0,11552282.0,13076409.0,-0.08233,-0.267781,RUS,BLR,7436
2273214,188,28,1255,2013.0,3430.0,0.0,-0.14823599999999998,-0.883965,SAU,BLR,7436
2273215,191,28,1255,2013.0,0.0,16706.0,-0.566624,-0.185277,SEN,BLR,7436
2273216,192,28,1255,2013.0,5115.0,0.0,1.844685,0.639379,SGP,BLR,7436
2273217,198,28,1255,2013.0,54559.0,0.0,1.065274,0.783734,SMR,BLR,7436
2273218,201,28,1255,2013.0,15665.0,16813.0,0.609755,1.355304,SRB,BLR,7436
2273219,206,28,1255,2013.0,549719.0,0.0,1.510052,0.7060310000000001,SVK,BLR,7436
2273220,207,28,1255,2013.0,397500.0,0.0,1.55922,0.565874,SVN,BLR,7436
2273221,208,28,1255,2013.0,710615.0,0.0,1.7851290000000002,0.182623,SWE,BLR,7436
2273222,216,28,1255,2013.0,25026.0,0.0,1.067287,1.2767110000000002,THA,BLR,7436
2273223,217,28,1255,2013.0,0.0,1601.0,-1.117246,-1.1638600000000001,TJK,BLR,7436
2273224,219,28,1255,2013.0,0.0,1031177.0,-1.174981,-1.14869,TKM,BLR,7436
2273225,223,28,1255,2013.0,306580.0,0.0,0.40154,0.902177,TUN,BLR,7436
2273226,224,28,1255,2013.0,590184.0,16779.0,0.580016,2.394812,TUR,BLR,7436
2273227,228,28,1255,2013.0,2698942.0,415077.0,0.535571,1.026263,UKR,BLR,7436
2273228,231,28,1255,2013.0,383583.0,0.0,1.612058,-0.8592989999999999,USA,BLR,7436
2273229,232,28,1255,2013.0,0.0,13603.0,-0.7076319999999999,-0.645674,UZB,BLR,7436
2273230,236,28,1255,2013.0,0.0,121580.0,-1.281202,-1.094268,VEN,BLR,7436
2273231,239,28,1255,2013.0,0.0,3613.0,0.009264,1.182368,VNM,BLR,7436
2273232,246,28,1255,2013.0,9520.0,11694.0,0.11624100000000001,1.574591,ZAF,BLR,7436
2273233,247,28,1255,2013.0,0.0,1403.0,-0.293192,-0.42930100000000004,ZMB,BLR,7436
2273234,249,28,1255,2013.0,46570.0,0.0,1.7382849999999999,0.9917739999999999,TWN,BLR,7436
2273235,2,68,1255,2013.0,0.0,19031.0,-1.240877,-1.073797,AGO,EGY,7436
2273236,7,68,1255,2013.0,4851486.0,48130.0,-0.338417,-0.754102,ARE,EGY,7436
2273237,8,68,1255,2013.0,36242.0,0.0,0.042829,0.461002,ARG,EGY,7436
2273238,14,68,1255,2013.0,11311.0,0.0,-0.63369,-0.276328,AUS,EGY,7436
2273239,15,68,1255,2013.0,1176946.0,1126.0,1.855434,-1.06494,AUT,EGY,7436
2273240,18,68,1255,2013.0,3965527.0,9719.0,1.198491,1.117268,BEL,EGY,7436
2273241,23,68,1255,2013.0,141940.0,0.0,0.622325,1.5506229999999999,BGR,EGY,7436
2273242,24,68,1255,2013.0,18843.0,3617.0,0.080634,-0.6828890000000001,BHR,EGY,7436
2273243,28,68,1255,2013.0,745337.0,1136.0,1.183522,0.934159,BLR,EGY,7436
2273244,32,68,1255,2013.0,273445.0,191851.0,0.2804,0.649729,BRA,EGY,7436
2273245,39,68,1255,2013.0,444281.0,0.0,0.599305,1.193591,CAN,EGY,7436
2273246,41,68,1255,2013.0,944947.0,12778.0,2.0899229999999998,0.661667,CHE,EGY,7436
2273247,42,68,1255,2013.0,101248.0,0.0,-0.184556,-0.238657,CHL,EGY,7436
2273248,43,68,1255,2013.0,9726652.0,0.0,1.24864,0.667713,CHN,EGY,7436
2273249,47,68,1255,2013.0,0.0,2562.0,-1.478461,-1.094509,COG,EGY,7436
2273250,49,68,1255,2013.0,0.0,80490.0,0.034491,-0.36975,COL,EGY,7436
2273251,54,68,1255,2013.0,19742.0,0.0,-0.31053400000000003,-0.8534280000000001,CUB,EGY,7436
2273252,58,68,1255,2013.0,65019.0,0.0,0.36482800000000004,0.527544,CYP,EGY,7436
2273253,59,68,1255,2013.0,948850.0,4445.0,1.829509,-0.41787700000000005,CZE,EGY,7436
2273254,61,68,1255,2013.0,31123098.0,3969054.0,2.1086869999999998,-3.7092,DEU,EGY,7436
2273255,64,68,1255,2013.0,1437058.0,0.0,1.190302,1.062991,DNK,EGY,7436
2273256,65,68,1255,2013.0,0.0,34225.0,-0.272579,0.42750699999999997,DOM,EGY,7436
2273257,66,68,1255,2013.0,0.0,366004.0,-1.53603,-1.104965,DZA,EGY,7436
2273258,71,68,1255,2013.0,8737066.0,50431.0,0.955472,1.80005,ESP,EGY,7436
2273259,73,68,1255,2013.0,0.0,8657.0,-1.1373090000000001,-0.89186,ETH,EGY,7436
2273260,74,68,1255,2013.0,264181.0,0.0,1.700282,0.867677,FIN,EGY,7436
2273261,77,68,1255,2013.0,2709339.0,832727.0,1.5253299999999999,0.026146,FRA,EGY,7436
2273262,81,68,1255,2013.0,4567017.0,9238.0,1.628465,0.77075,GBR,EGY,7436
2273263,82,68,1255,2013.0,1025.0,0.0,-0.08343099999999999,-0.359692,GEO,EGY,7436
2273264,83,68,1255,2013.0,0.0,17557.0,-0.696971,-0.5807939999999999,GHA,EGY,7436
2273265,90,68,1255,2013.0,69456.0,0.0,0.073442,0.9857899999999999,GRC,EGY,7436
2273266,97,68,1255,2013.0,19092.0,0.0,0.791401,1.249845,HKG,EGY,7436
2273267,102,68,1255,2013.0,188322.0,0.0,1.6962560000000002,0.45460600000000007,HUN,EGY,7436
2273268,103,68,1255,2013.0,115820.0,1178.0,-0.006876999999999999,1.8336569999999999,IDN,EGY,7436
2273269,104,68,1255,2013.0,2666334.0,0.0,0.18186,2.647598,IND,EGY,7436
2273270,106,68,1255,2013.0,148366.0,0.0,1.32787,0.394579,IRL,EGY,7436
2273271,107,68,1255,2013.0,2820.0,0.0,-0.23625100000000002,-0.256067,IRN,EGY,7436
2273272,110,68,1255,2013.0,136140.0,0.0,1.0247629999999999,0.8261639999999999,ISR,EGY,7436
2273273,111,68,1255,2013.0,19284022.0,87633.0,1.419383,-0.304402,ITA,EGY,7436
2273274,113,68,1255,2013.0,17840.0,23160.0,0.1888,0.596867,JOR,EGY,7436
2273275,114,68,1255,2013.0,2814134.0,0.0,2.333417,-0.818701,JPN,EGY,7436
2273276,115,68,1255,2013.0,0.0,43863.0,-0.9193819999999999,-0.734194,KAZ,EGY,7436
2273277,116,68,1255,2013.0,0.0,70168.0,-0.303119,0.626786,KEN,EGY,7436
2273278,121,68,1255,2013.0,2662614.0,0.0,1.817145,0.835414,KOR,EGY,7436
2273279,122,68,1255,2013.0,6130.0,61950.0,-1.198985,-1.057248,KWT,EGY,7436
2273280,124,68,1255,2013.0,0.0,320448.0,0.37392800000000004,1.413136,LBN,EGY,7436
2273281,126,68,1255,2013.0,0.0,14126.0,-1.871593,-1.1211790000000001,LBY,EGY,7436
2273282,131,68,1255,2013.0,16679.0,0.0,1.0110190000000001,1.123226,LUX,EGY,7436
2273283,134,68,1255,2013.0,7183.0,464749.0,-0.474872,0.178118,MAR,EGY,7436
2273284,138,68,1255,2013.0,499793.0,0.0,1.2327219999999999,0.746108,MEX,EGY,7436
2273285,153,68,1255,2013.0,1854594.0,0.0,0.924532,0.671334,MYS,EGY,7436
2273286,155,68,1255,2013.0,0.0,12366.0,-0.316805,-0.38759099999999996,NAM,EGY,7436
2273287,159,68,1255,2013.0,0.0,4348.0,-1.679402,-1.14686,NGA,EGY,7436
2273288,162,68,1255,2013.0,1017498.0,0.0,1.012006,1.441545,NLD,EGY,7436
2273289,163,68,1255,2013.0,6046.0,0.0,0.710901,0.062705,NOR,EGY,7436
2273290,167,68,1255,2013.0,43483.0,193118.0,-0.698693,-1.030814,OMN,EGY,7436
2273291,168,68,1255,2013.0,28014.0,0.0,-0.697224,0.501576,PAK,EGY,7436
2273292,173,68,1255,2013.0,1965.0,460827.0,-0.640044,0.121772,PER,EGY,7436
2273293,177,68,1255,2013.0,81392.0,1035.0,1.11341,0.975734,POL,EGY,7436
2273294,178,68,1255,2013.0,7956.0,0.0,-0.304923,-0.301578,PRK,EGY,7436
2273295,179,68,1255,2013.0,20059.0,0.0,0.705087,2.2055580000000004,PRT,EGY,7436
2273296,183,68,1255,2013.0,3268.0,2863.0,-0.583609,-1.003754,QAT,EGY,7436
2273297,185,68,1255,2013.0,2201.0,0.0,1.05722,1.0968799999999999,ROU,EGY,7436
2273298,186,68,1255,2013.0,170420.0,679118.0,-0.08233,-0.267781,RUS,EGY,7436
2273299,188,68,1255,2013.0,324030.0,165534.0,-0.14823599999999998,-0.883965,SAU,EGY,7436
2273300,190,68,1255,2013.0,0.0,151647.0,-1.224897,-1.059517,SDN,EGY,7436
2273301,192,68,1255,2013.0,149508.0,131834.0,1.844685,0.639379,SGP,EGY,7436
2273302,201,68,1255,2013.0,170731.0,0.0,0.609755,1.355304,SRB,EGY,7436
2273303,206,68,1255,2013.0,491891.0,0.0,1.510052,0.7060310000000001,SVK,EGY,7436
2273304,207,68,1255,2013.0,59509.0,0.0,1.55922,0.565874,SVN,EGY,7436
2273305,208,68,1255,2013.0,907154.0,0.0,1.7851290000000002,0.182623,SWE,EGY,7436
2273306,212,68,1255,2013.0,72168.0,0.0,-0.09157699999999999,1.1795950000000002,SYR,EGY,7436
2273307,216,68,1255,2013.0,4323156.0,0.0,1.067287,1.2767110000000002,THA,EGY,7436
2273308,223,68,1255,2013.0,61132.0,286866.0,0.40154,0.902177,TUN,EGY,7436
2273309,224,68,1255,2013.0,3488194.0,2887028.0,0.580016,2.394812,TUR,EGY,7436
2273310,226,68,1255,2013.0,0.0,1192.0,-0.654655,0.903574,TZA,EGY,7436
2273311,227,68,1255,2013.0,0.0,24813.0,-0.46170100000000003,0.652878,UGA,EGY,7436
2273312,228,68,1255,2013.0,165010.0,2438.0,0.535571,1.026263,UKR,EGY,7436
2273313,231,68,1255,2013.0,20502334.0,0.0,1.612058,-0.8592989999999999,USA,EGY,7436
2273314,246,68,1255,2013.0,221954.0,1834.0,0.11624100000000001,1.574591,ZAF,EGY,7436
2273315,249,68,1255,2013.0,2739184.0,0.0,1.7382849999999999,0.9917739999999999,TWN,EGY,7436
2273316,7,82,1255,2013.0,455520.0,0.0,-0.338417,-0.754102,ARE,GEO,7436
2273317,8,82,1255,2013.0,1145.0,0.0,0.042829,0.461002,ARG,GEO,7436
2273318,9,82,1255,2013.0,0.0,31777.0,-0.159148,-0.515766,ARM,GEO,7436
2273319,14,82,1255,2013.0,0.0,15544.0,-0.63369,-0.276328,AUS,GEO,7436
2273320,15,82,1255,2013.0,153665.0,0.0,1.855434,-1.06494,AUT,GEO,7436
2273321,16,82,1255,2013.0,19302.0,303909.0,-1.319766,-1.200648,AZE,GEO,7436
2273322,18,82,1255,2013.0,488462.0,0.0,1.198491,1.117268,BEL,GEO,7436
2273323,23,82,1255,2013.0,1241.0,0.0,0.622325,1.5506229999999999,BGR,GEO,7436
2273324,28,82,1255,2013.0,3242.0,0.0,1.183522,0.934159,BLR,GEO,7436
2273325,32,82,1255,2013.0,5005.0,7282.0,0.2804,0.649729,BRA,GEO,7436
2273326,39,82,1255,2013.0,9201.0,2780.0,0.599305,1.193591,CAN,GEO,7436
2273327,41,82,1255,2013.0,18559.0,0.0,2.0899229999999998,0.661667,CHE,GEO,7436
2273328,43,82,1255,2013.0,755706.0,4994.0,1.24864,0.667713,CHN,GEO,7436
2273329,49,82,1255,2013.0,0.0,98401.0,0.034491,-0.36975,COL,GEO,7436
2273330,59,82,1255,2013.0,309613.0,160421.0,1.829509,-0.41787700000000005,CZE,GEO,7436
2273331,61,82,1255,2013.0,4907936.0,37159.0,2.1086869999999998,-3.7092,DEU,GEO,7436
2273332,64,82,1255,2013.0,61887.0,0.0,1.190302,1.062991,DNK,GEO,7436
2273333,67,82,1255,2013.0,0.0,25616.0,-0.8251790000000001,-0.9347200000000001,ECU,GEO,7436
2273334,68,82,1255,2013.0,0.0,1025.0,-0.12015799999999999,1.793363,EGY,GEO,7436
2273335,71,82,1255,2013.0,463369.0,3798.0,0.955472,1.80005,ESP,GEO,7436
2273336,72,82,1255,2013.0,92810.0,0.0,0.923321,1.290016,EST,GEO,7436
2273337,74,82,1255,2013.0,8575.0,1246.0,1.700282,0.867677,FIN,GEO,7436
2273338,77,82,1255,2013.0,287887.0,9985.0,1.5253299999999999,0.026146,FRA,GEO,7436
2273339,81,82,1255,2013.0,280531.0,0.0,1.628465,0.77075,GBR,GEO,7436
2273340,90,82,1255,2013.0,4596.0,0.0,0.073442,0.9857899999999999,GRC,GEO,7436
2273341,100,82,1255,2013.0,3678.0,0.0,0.8737309999999999,1.276091,HRV,GEO,7436
2273342,102,82,1255,2013.0,79206.0,0.0,1.6962560000000002,0.45460600000000007,HUN,GEO,7436
2273343,103,82,1255,2013.0,56452.0,3158.0,-0.006876999999999999,1.8336569999999999,IDN,GEO,7436
2273344,104,82,1255,2013.0,58275.0,0.0,0.18186,2.647598,IND,GEO,7436
2273345,106,82,1255,2013.0,20549.0,0.0,1.32787,0.394579,IRL,GEO,7436
2273346,107,82,1255,2013.0,27104.0,8148632.0,-0.23625100000000002,-0.256067,IRN,GEO,7436
2273347,110,82,1255,2013.0,79100.0,0.0,1.0247629999999999,0.8261639999999999,ISR,GEO,7436
2273348,111,82,1255,2013.0,1627182.0,0.0,1.419383,-0.304402,ITA,GEO,7436
2273349,114,82,1255,2013.0,10509.0,0.0,2.333417,-0.818701,JPN,GEO,7436
2273350,115,82,1255,2013.0,1523.0,32008.0,-0.9193819999999999,-0.734194,KAZ,GEO,7436
2273351,121,82,1255,2013.0,36544.0,1461.0,1.817145,0.835414,KOR,GEO,7436
2273352,128,82,1255,2013.0,0.0,11085.0,-0.320583,0.44462399999999996,LKA,GEO,7436
2273353,130,82,1255,2013.0,80034.0,0.0,0.677986,1.29227,LTU,GEO,7436
2273354,131,82,1255,2013.0,3104.0,0.0,1.0110190000000001,1.123226,LUX,GEO,7436
2273355,135,82,1255,2013.0,30342.0,0.0,0.14256,0.33920700000000004,MDA,GEO,7436
2273356,138,82,1255,2013.0,0.0,1851.0,1.2327219999999999,0.746108,MEX,GEO,7436
2273357,143,82,1255,2013.0,0.0,4385832.0,-1.147086,-0.6888989999999999,MMR,GEO,7436
2273358,162,82,1255,2013.0,538340.0,0.0,1.012006,1.441545,NLD,GEO,7436
2273359,166,82,1255,2013.0,0.0,4022.0,0.192237,0.429825,NZL,GEO,7436
2273360,173,82,1255,2013.0,0.0,1490.0,-0.640044,0.121772,PER,GEO,7436
2273361,177,82,1255,2013.0,274564.0,2396.0,1.11341,0.975734,POL,GEO,7436
2273362,185,82,1255,2013.0,20458.0,0.0,1.05722,1.0968799999999999,ROU,GEO,7436
2273363,186,82,1255,2013.0,1246811.0,0.0,-0.08233,-0.267781,RUS,GEO,7436
2273364,187,82,1255,2013.0,0.0,1031948.0,-0.535446,-0.662881,RWA,GEO,7436
2273365,192,82,1255,2013.0,155269.0,5554.0,1.844685,0.639379,SGP,GEO,7436
2273366,206,82,1255,2013.0,106140.0,0.0,1.510052,0.7060310000000001,SVK,GEO,7436
2273367,207,82,1255,2013.0,3213678.0,0.0,1.55922,0.565874,SVN,GEO,7436
2273368,208,82,1255,2013.0,13410.0,0.0,1.7851290000000002,0.182623,SWE,GEO,7436
2273369,217,82,1255,2013.0,0.0,7270.0,-1.117246,-1.1638600000000001,TJK,GEO,7436
2273370,219,82,1255,2013.0,0.0,29284.0,-1.174981,-1.14869,TKM,GEO,7436
2273371,224,82,1255,2013.0,2025917.0,3753.0,0.580016,2.394812,TUR,GEO,7436
2273372,228,82,1255,2013.0,685531.0,0.0,0.535571,1.026263,UKR,GEO,7436
2273373,231,82,1255,2013.0,1468880.0,95990.0,1.612058,-0.8592989999999999,USA,GEO,7436
2273374,246,82,1255,2013.0,12077.0,0.0,0.11624100000000001,1.574591,ZAF,GEO,7436
2273375,249,82,1255,2013.0,2045.0,190520.0,1.7382849999999999,0.9917739999999999,TWN,GEO,7436
2273376,4,100,1255,2013.0,0.0,19093.0,-0.44779300000000005,-0.13181700000000002,ALB,HRV,7436
2273377,14,100,1255,2013.0,0.0,5000.0,-0.63369,-0.276328,AUS,HRV,7436
2273378,15,100,1255,2013.0,5471332.0,271201.0,1.855434,-1.06494,AUT,HRV,7436
2273379,18,100,1255,2013.0,2459155.0,42500.0,1.198491,1.117268,BEL,HRV,7436
2273380,23,100,1255,2013.0,0.0,5923.0,0.622325,1.5506229999999999,BGR,HRV,7436
2273381,26,100,1255,2013.0,832178.0,2188302.0,0.723658,0.9271879999999999,BIH,HRV,7436
2273382,28,100,1255,2013.0,0.0,155850.0,1.183522,0.934159,BLR,HRV,7436
2273383,32,100,1255,2013.0,0.0,44128.0,0.2804,0.649729,BRA,HRV,7436
2273384,39,100,1255,2013.0,101805.0,10425.0,0.599305,1.193591,CAN,HRV,7436
2273385,41,100,1255,2013.0,640766.0,42098.0,2.0899229999999998,0.661667,CHE,HRV,7436
2273386,43,100,1255,2013.0,765978.0,0.0,1.24864,0.667713,CHN,HRV,7436
2273387,49,100,1255,2013.0,0.0,3692.0,0.034491,-0.36975,COL,HRV,7436
2273388,57,100,1255,2013.0,0.0,10769.0,0.379754,-0.510024,CYM,HRV,7436
2273389,58,100,1255,2013.0,0.0,4968.0,0.36482800000000004,0.527544,CYP,HRV,7436
2273390,59,100,1255,2013.0,386198.0,9482.0,1.829509,-0.41787700000000005,CZE,HRV,7436
2273391,61,100,1255,2013.0,15162900.0,1120815.0,2.1086869999999998,-3.7092,DEU,HRV,7436
2273392,62,100,1255,2013.0,0.0,41466.0,-0.35226399999999997,-0.542234,DJI,HRV,7436
2273393,64,100,1255,2013.0,96082.0,0.0,1.190302,1.062991,DNK,HRV,7436
2273394,66,100,1255,2013.0,0.0,51775.0,-1.53603,-1.104965,DZA,HRV,7436
2273395,71,100,1255,2013.0,208185.0,13939.0,0.955472,1.80005,ESP,HRV,7436
2273396,74,100,1255,2013.0,24293.0,6350.0,1.700282,0.867677,FIN,HRV,7436
2273397,77,100,1255,2013.0,1705924.0,21955.0,1.5253299999999999,0.026146,FRA,HRV,7436
2273398,81,100,1255,2013.0,1974832.0,5139.0,1.628465,0.77075,GBR,HRV,7436
2273399,82,100,1255,2013.0,0.0,3678.0,-0.08343099999999999,-0.359692,GEO,HRV,7436
2273400,90,100,1255,2013.0,59379.0,2443.0,0.073442,0.9857899999999999,GRC,HRV,7436
2273401,97,100,1255,2013.0,8351.0,0.0,0.791401,1.249845,HKG,HRV,7436
2273402,102,100,1255,2013.0,1456460.0,22595.0,1.6962560000000002,0.45460600000000007,HUN,HRV,7436
2273403,103,100,1255,2013.0,8033.0,0.0,-0.006876999999999999,1.8336569999999999,IDN,HRV,7436
2273404,104,100,1255,2013.0,2858.0,0.0,0.18186,2.647598,IND,HRV,7436
2273405,106,100,1255,2013.0,2111.0,0.0,1.32787,0.394579,IRL,HRV,7436
2273406,110,100,1255,2013.0,59678.0,0.0,1.0247629999999999,0.8261639999999999,ISR,HRV,7436
2273407,111,100,1255,2013.0,5155848.0,155493.0,1.419383,-0.304402,ITA,HRV,7436
2273408,114,100,1255,2013.0,12153.0,0.0,2.333417,-0.818701,JPN,HRV,7436
2273409,115,100,1255,2013.0,0.0,13213.0,-0.9193819999999999,-0.734194,KAZ,HRV,7436
2273410,121,100,1255,2013.0,240834.0,6492.0,1.817145,0.835414,KOR,HRV,7436
2273411,122,100,1255,2013.0,0.0,7117.0,-1.198985,-1.057248,KWT,HRV,7436
2273412,126,100,1255,2013.0,0.0,8167.0,-1.871593,-1.1211790000000001,LBY,HRV,7436
2273413,128,100,1255,2013.0,0.0,105470.0,-0.320583,0.44462399999999996,LKA,HRV,7436
2273414,130,100,1255,2013.0,130838.0,0.0,0.677986,1.29227,LTU,HRV,7436
2273415,131,100,1255,2013.0,4653.0,4640.0,1.0110190000000001,1.123226,LUX,HRV,7436
2273416,132,100,1255,2013.0,4571.0,0.0,0.652463,1.299917,LVA,HRV,7436
2273417,134,100,1255,2013.0,0.0,42107.0,-0.474872,0.178118,MAR,HRV,7436
2273418,140,100,1255,2013.0,7787.0,205117.0,-0.127775,0.21915900000000002,MKD,HRV,7436
2273419,142,100,1255,2013.0,1943.0,0.0,0.710108,-0.014586000000000002,MLT,HRV,7436
2273420,144,100,1255,2013.0,1293.0,314378.0,0.09597,-0.019953,MNE,HRV,7436
2273421,155,100,1255,2013.0,0.0,2988.0,-0.316805,-0.38759099999999996,NAM,HRV,7436
2273422,159,100,1255,2013.0,0.0,2613.0,-1.679402,-1.14686,NGA,HRV,7436
2273423,162,100,1255,2013.0,1025704.0,28610.0,1.012006,1.441545,NLD,HRV,7436
2273424,163,100,1255,2013.0,3710.0,9054.0,0.710901,0.062705,NOR,HRV,7436
2273425,177,100,1255,2013.0,2233482.0,37809.0,1.11341,0.975734,POL,HRV,7436
2273426,179,100,1255,2013.0,18195.0,0.0,0.705087,2.2055580000000004,PRT,HRV,7436
2273427,185,100,1255,2013.0,44209.0,203313.0,1.05722,1.0968799999999999,ROU,HRV,7436
2273428,186,100,1255,2013.0,19584.0,157506.0,-0.08233,-0.267781,RUS,HRV,7436
2273429,192,100,1255,2013.0,53042.0,4307.0,1.844685,0.639379,SGP,HRV,7436
2273430,196,100,1255,2013.0,0.0,1074.0,-0.42937700000000006,-0.529857,SLE,HRV,7436
2273431,201,100,1255,2013.0,259720.0,638324.0,0.609755,1.355304,SRB,HRV,7436
2273432,206,100,1255,2013.0,36424.0,0.0,1.510052,0.7060310000000001,SVK,HRV,7436
2273433,207,100,1255,2013.0,4120126.0,260257.0,1.55922,0.565874,SVN,HRV,7436
2273434,208,100,1255,2013.0,194016.0,4482.0,1.7851290000000002,0.182623,SWE,HRV,7436
2273435,216,100,1255,2013.0,0.0,1382.0,1.067287,1.2767110000000002,THA,HRV,7436
2273436,219,100,1255,2013.0,0.0,5266.0,-1.174981,-1.14869,TKM,HRV,7436
2273437,223,100,1255,2013.0,61715.0,2519.0,0.40154,0.902177,TUN,HRV,7436
2273438,224,100,1255,2013.0,270729.0,183559.0,0.580016,2.394812,TUR,HRV,7436
2273439,228,100,1255,2013.0,5332.0,27702.0,0.535571,1.026263,UKR,HRV,7436
2273440,231,100,1255,2013.0,156254.0,459496.0,1.612058,-0.8592989999999999,USA,HRV,7436
2273441,232,100,1255,2013.0,0.0,42861.0,-0.7076319999999999,-0.645674,UZB,HRV,7436
2273442,237,100,1255,2013.0,0.0,5036.0,0.217532,-0.315292,VGB,HRV,7436
2273443,243,100,1255,2013.0,0.0,83805.0,-1.2788700000000002,-1.230713,YEM,HRV,7436
2273444,246,100,1255,2013.0,2388.0,5839.0,0.11624100000000001,1.574591,ZAF,HRV,7436
2273445,249,100,1255,2013.0,85192.0,3788.0,1.7382849999999999,0.9917739999999999,TWN,HRV,7436
2273446,250,100,1255,2013.0,11377.0,8112.0,0.583151,0.14238299999999998,ANS,HRV,7436
2273447,2,106,1255,2013.0,0.0,37284.0,-1.240877,-1.073797,AGO,IRL,7436
2273448,4,106,1255,2013.0,0.0,5539.0,-0.44779300000000005,-0.13181700000000002,ALB,IRL,7436
2273449,7,106,1255,2013.0,8294.0,368590.0,-0.338417,-0.754102,ARE,IRL,7436
2273450,8,106,1255,2013.0,0.0,136548.0,0.042829,0.461002,ARG,IRL,7436
2273451,14,106,1255,2013.0,16255.0,812414.0,-0.63369,-0.276328,AUS,IRL,7436
2273452,15,106,1255,2013.0,238490.0,272927.0,1.855434,-1.06494,AUT,IRL,7436
2273453,18,106,1255,2013.0,5263173.0,1353344.0,1.198491,1.117268,BEL,IRL,7436
2273454,21,106,1255,2013.0,0.0,1747.0,-0.7231029999999999,-0.736291,BFA,IRL,7436
2273455,22,106,1255,2013.0,0.0,4331.0,-0.835666,-0.8088810000000001,BGD,IRL,7436
2273456,23,106,1255,2013.0,0.0,103880.0,0.622325,1.5506229999999999,BGR,IRL,7436
2273457,24,106,1255,2013.0,0.0,4353.0,0.080634,-0.6828890000000001,BHR,IRL,7436
2273458,26,106,1255,2013.0,0.0,1798.0,0.723658,0.9271879999999999,BIH,IRL,7436
2273459,28,106,1255,2013.0,0.0,118747.0,1.183522,0.934159,BLR,IRL,7436
2273460,32,106,1255,2013.0,1471.0,274206.0,0.2804,0.649729,BRA,IRL,7436
2273461,33,106,1255,2013.0,0.0,1744.0,0.607845,0.09196,BRB,IRL,7436
2273462,39,106,1255,2013.0,2308204.0,6399086.0,0.599305,1.193591,CAN,IRL,7436
2273463,41,106,1255,2013.0,14046057.0,372739.0,2.0899229999999998,0.661667,CHE,IRL,7436
2273464,42,106,1255,2013.0,0.0,117761.0,-0.184556,-0.238657,CHL,IRL,7436
2273465,43,106,1255,2013.0,1183729.0,2016883.0,1.24864,0.667713,CHN,IRL,7436
2273466,49,106,1255,2013.0,0.0,52194.0,0.034491,-0.36975,COL,IRL,7436
2273467,52,106,1255,2013.0,0.0,46265.0,0.208669,-0.54783,CRI,IRL,7436
2273468,58,106,1255,2013.0,79054.0,0.0,0.36482800000000004,0.527544,CYP,IRL,7436
2273469,59,106,1255,2013.0,595917.0,76856.0,1.829509,-0.41787700000000005,CZE,IRL,7436
2273470,61,106,1255,2013.0,18959622.0,2588415.0,2.1086869999999998,-3.7092,DEU,IRL,7436
2273471,64,106,1255,2013.0,969142.0,161349.0,1.190302,1.062991,DNK,IRL,7436
2273472,65,106,1255,2013.0,0.0,4755.0,-0.272579,0.42750699999999997,DOM,IRL,7436
2273473,66,106,1255,2013.0,0.0,171854.0,-1.53603,-1.104965,DZA,IRL,7436
2273474,67,106,1255,2013.0,0.0,37563.0,-0.8251790000000001,-0.9347200000000001,ECU,IRL,7436
2273475,68,106,1255,2013.0,0.0,148366.0,-0.12015799999999999,1.793363,EGY,IRL,7436
2273476,71,106,1255,2013.0,889282.0,592937.0,0.955472,1.80005,ESP,IRL,7436
2273477,72,106,1255,2013.0,31867.0,6135.0,0.923321,1.290016,EST,IRL,7436
2273478,73,106,1255,2013.0,0.0,3492.0,-1.1373090000000001,-0.89186,ETH,IRL,7436
2273479,74,106,1255,2013.0,134776.0,109599.0,1.700282,0.867677,FIN,IRL,7436
2273480,75,106,1255,2013.0,0.0,3981.0,-0.374639,-0.140308,FJI,IRL,7436
2273481,77,106,1255,2013.0,18158670.0,33010434.0,1.5253299999999999,0.026146,FRA,IRL,7436
2273482,80,106,1255,2013.0,1427.0,1034.0,-1.652062,-1.140576,GAB,IRL,7436
2273483,81,106,1255,2013.0,60851468.0,4455410.0,1.628465,0.77075,GBR,IRL,7436
2273484,82,106,1255,2013.0,0.0,20549.0,-0.08343099999999999,-0.359692,GEO,IRL,7436
2273485,83,106,1255,2013.0,0.0,123409.0,-0.696971,-0.5807939999999999,GHA,IRL,7436
2273486,90,106,1255,2013.0,158449.0,18959.0,0.073442,0.9857899999999999,GRC,IRL,7436
2273487,97,106,1255,2013.0,3651.0,497369.0,0.791401,1.249845,HKG,IRL,7436
2273488,99,106,1255,2013.0,1364.0,0.0,-0.6661060000000001,-0.38619699999999996,HND,IRL,7436
2273489,100,106,1255,2013.0,0.0,2111.0,0.8737309999999999,1.276091,HRV,IRL,7436
2273490,102,106,1255,2013.0,339509.0,123776.0,1.6962560000000002,0.45460600000000007,HUN,IRL,7436
2273491,103,106,1255,2013.0,17573.0,284966.0,-0.006876999999999999,1.8336569999999999,IDN,IRL,7436
2273492,104,106,1255,2013.0,102337.0,413548.0,0.18186,2.647598,IND,IRL,7436
2273493,107,106,1255,2013.0,0.0,36668.0,-0.23625100000000002,-0.256067,IRN,IRL,7436
2273494,108,106,1255,2013.0,0.0,22166.0,-3.147217,-0.685991,IRQ,IRL,7436
2273495,109,106,1255,2013.0,2434.0,7047.0,0.284089,-0.164097,ISL,IRL,7436
2273496,110,106,1255,2013.0,254909.0,265507.0,1.0247629999999999,0.8261639999999999,ISR,IRL,7436
2273497,111,106,1255,2013.0,3258873.0,1549541.0,1.419383,-0.304402,ITA,IRL,7436
2273498,114,106,1255,2013.0,1798328.0,2683298.0,2.333417,-0.818701,JPN,IRL,7436
2273499,115,106,1255,2013.0,0.0,13742.0,-0.9193819999999999,-0.734194,KAZ,IRL,7436
2273500,116,106,1255,2013.0,0.0,15398.0,-0.303119,0.626786,KEN,IRL,7436
2273501,121,106,1255,2013.0,462875.0,3989232.0,1.817145,0.835414,KOR,IRL,7436
2273502,122,106,1255,2013.0,0.0,42210.0,-1.198985,-1.057248,KWT,IRL,7436
2273503,124,106,1255,2013.0,0.0,8999.0,0.37392800000000004,1.413136,LBN,IRL,7436
2273504,130,106,1255,2013.0,89506.0,119181.0,0.677986,1.29227,LTU,IRL,7436
2273505,131,106,1255,2013.0,0.0,2022.0,1.0110190000000001,1.123226,LUX,IRL,7436
2273506,132,106,1255,2013.0,0.0,20219.0,0.652463,1.299917,LVA,IRL,7436
2273507,134,106,1255,2013.0,0.0,14761.0,-0.474872,0.178118,MAR,IRL,7436
2273508,135,106,1255,2013.0,0.0,1326.0,0.14256,0.33920700000000004,MDA,IRL,7436
2273509,138,106,1255,2013.0,138253.0,704461.0,1.2327219999999999,0.746108,MEX,IRL,7436
2273510,140,106,1255,2013.0,1132.0,5765.0,-0.127775,0.21915900000000002,MKD,IRL,7436
2273511,142,106,1255,2013.0,60883.0,24987.0,0.710108,-0.014586000000000002,MLT,IRL,7436
2273512,144,106,1255,2013.0,0.0,4857.0,0.09597,-0.019953,MNE,IRL,7436
2273513,145,106,1255,2013.0,0.0,3117.0,-1.264785,-1.133222,MNG,IRL,7436
2273514,147,106,1255,2013.0,0.0,18740.0,-1.131512,-0.8923840000000001,MOZ,IRL,7436
2273515,151,106,1255,2013.0,0.0,1355.0,-0.092312,0.050927,MUS,IRL,7436
2273516,152,106,1255,2013.0,0.0,27214.0,-0.802763,-0.8101470000000001,MWI,IRL,7436
2273517,153,106,1255,2013.0,154079.0,222687.0,0.924532,0.671334,MYS,IRL,7436
2273518,156,106,1255,2013.0,0.0,27190.0,-0.262882,-0.63858,NCL,IRL,7436
2273519,159,106,1255,2013.0,0.0,108787.0,-1.679402,-1.14686,NGA,IRL,7436
2273520,160,106,1255,2013.0,0.0,5443.0,-0.7956479999999999,-0.596061,NIC,IRL,7436
2273521,162,106,1255,2013.0,2300359.0,329461.0,1.012006,1.441545,NLD,IRL,7436
2273522,163,106,1255,2013.0,198762.0,141897.0,0.710901,0.062705,NOR,IRL,7436
2273523,166,106,1255,2013.0,0.0,77917.0,0.192237,0.429825,NZL,IRL,7436
2273524,167,106,1255,2013.0,0.0,5682.0,-0.698693,-1.030814,OMN,IRL,7436
2273525,168,106,1255,2013.0,0.0,159719.0,-0.697224,0.501576,PAK,IRL,7436
2273526,173,106,1255,2013.0,0.0,222332.0,-0.640044,0.121772,PER,IRL,7436
2273527,174,106,1255,2013.0,6204.0,31909.0,0.639083,0.45816899999999994,PHL,IRL,7436
2273528,177,106,1255,2013.0,327448.0,324501.0,1.11341,0.975734,POL,IRL,7436
2273529,179,106,1255,2013.0,10511.0,270987.0,0.705087,2.2055580000000004,PRT,IRL,7436
2273530,180,106,1255,2013.0,0.0,1830.0,-0.560661,-0.822876,PRY,IRL,7436
2273531,183,106,1255,2013.0,0.0,54904.0,-0.583609,-1.003754,QAT,IRL,7436
2273532,185,106,1255,2013.0,144080.0,41164.0,1.05722,1.0968799999999999,ROU,IRL,7436
2273533,186,106,1255,2013.0,0.0,219634.0,-0.08233,-0.267781,RUS,IRL,7436
2273534,188,106,1255,2013.0,0.0,1113590.0,-0.14823599999999998,-0.883965,SAU,IRL,7436
2273535,190,106,1255,2013.0,0.0,5469.0,-1.224897,-1.059517,SDN,IRL,7436
2273536,192,106,1255,2013.0,73495.0,615648.0,1.844685,0.639379,SGP,IRL,7436
2273537,197,106,1255,2013.0,0.0,3159.0,0.104046,0.46966,SLV,IRL,7436
2273538,201,106,1255,2013.0,0.0,29852.0,0.609755,1.355304,SRB,IRL,7436
2273539,206,106,1255,2013.0,968279.0,43892.0,1.510052,0.7060310000000001,SVK,IRL,7436
2273540,207,106,1255,2013.0,2655383.0,97736.0,1.55922,0.565874,SVN,IRL,7436
2273541,208,106,1255,2013.0,486575.0,615766.0,1.7851290000000002,0.182623,SWE,IRL,7436
2273542,211,106,1255,2013.0,0.0,1608.0,0.06901,-0.438229,SYC,IRL,7436
2273543,216,106,1255,2013.0,28229.0,65007.0,1.067287,1.2767110000000002,THA,IRL,7436
2273544,218,106,1255,2013.0,0.0,1137.0,0.741701,0.44271400000000005,TKL,IRL,7436
2273545,222,106,1255,2013.0,0.0,28797.0,-0.399437,-1.047864,TTO,IRL,7436
2273546,223,106,1255,2013.0,0.0,27810.0,0.40154,0.902177,TUN,IRL,7436
2273547,224,106,1255,2013.0,602904.0,162978.0,0.580016,2.394812,TUR,IRL,7436
2273548,228,106,1255,2013.0,102974.0,39497.0,0.535571,1.026263,UKR,IRL,7436
2273549,229,106,1255,2013.0,0.0,15113.0,1.4648,0.57619,UMI,IRL,7436
2273550,230,106,1255,2013.0,0.0,83729.0,0.128825,0.02334,URY,IRL,7436
2273551,231,106,1255,2013.0,15182713.0,74562992.0,1.612058,-0.8592989999999999,USA,IRL,7436
2273552,236,106,1255,2013.0,0.0,28810.0,-1.281202,-1.094268,VEN,IRL,7436
2273553,239,106,1255,2013.0,0.0,26354.0,0.009264,1.182368,VNM,IRL,7436
2273554,246,106,1255,2013.0,1031.0,254250.0,0.11624100000000001,1.574591,ZAF,IRL,7436
2273555,247,106,1255,2013.0,0.0,594648.0,-0.293192,-0.42930100000000004,ZMB,IRL,7436
2273556,248,106,1255,2013.0,0.0,106108.0,-0.841968,-0.898121,ZWE,IRL,7436
2273557,249,106,1255,2013.0,44826.0,476849.0,1.7382849999999999,0.9917739999999999,TWN,IRL,7436
2273558,250,106,1255,2013.0,1076477.0,1332865.0,0.583151,0.14238299999999998,ANS,IRL,7436
2273559,1,107,1255,2013.0,0.0,148231.0,-0.767212,-0.6506069999999999,AFG,IRN,7436
2273560,7,107,1255,2013.0,13397221.0,38520.0,-0.338417,-0.754102,ARE,IRN,7436
2273561,9,107,1255,2013.0,0.0,7170.0,-0.159148,-0.515766,ARM,IRN,7436
2273562,14,107,1255,2013.0,2849.0,0.0,-0.63369,-0.276328,AUS,IRN,7436
2273563,15,107,1255,2013.0,963703.0,4790.0,1.855434,-1.06494,AUT,IRN,7436
2273564,16,107,1255,2013.0,0.0,33329.0,-1.319766,-1.200648,AZE,IRN,7436
2273565,18,107,1255,2013.0,3316724.0,0.0,1.198491,1.117268,BEL,IRN,7436
2273566,28,107,1255,2013.0,9752.0,2315.0,1.183522,0.934159,BLR,IRN,7436
2273567,39,107,1255,2013.0,1065056.0,13502.0,0.599305,1.193591,CAN,IRN,7436
2273568,41,107,1255,2013.0,115610.0,0.0,2.0899229999999998,0.661667,CHE,IRN,7436
2273569,43,107,1255,2013.0,35505276.0,0.0,1.24864,0.667713,CHN,IRN,7436
2273570,47,107,1255,2013.0,0.0,14516.0,-1.478461,-1.094509,COG,IRN,7436
2273571,58,107,1255,2013.0,1691.0,0.0,0.36482800000000004,0.527544,CYP,IRN,7436
2273572,59,107,1255,2013.0,553516.0,1484.0,1.829509,-0.41787700000000005,CZE,IRN,7436
2273573,61,107,1255,2013.0,7848760.0,16733.0,2.1086869999999998,-3.7092,DEU,IRN,7436
2273574,64,107,1255,2013.0,462656.0,0.0,1.190302,1.062991,DNK,IRN,7436
2273575,68,107,1255,2013.0,0.0,2820.0,-0.12015799999999999,1.793363,EGY,IRN,7436
2273576,71,107,1255,2013.0,2521842.0,0.0,0.955472,1.80005,ESP,IRN,7436
2273577,72,107,1255,2013.0,93585.0,0.0,0.923321,1.290016,EST,IRN,7436
2273578,74,107,1255,2013.0,7153.0,0.0,1.700282,0.867677,FIN,IRN,7436
2273579,77,107,1255,2013.0,675230.0,1330.0,1.5253299999999999,0.026146,FRA,IRN,7436
2273580,81,107,1255,2013.0,15368.0,0.0,1.628465,0.77075,GBR,IRN,7436
2273581,82,107,1255,2013.0,8148632.0,27104.0,-0.08343099999999999,-0.359692,GEO,IRN,7436
2273582,97,107,1255,2013.0,221324.0,0.0,0.791401,1.249845,HKG,IRN,7436
2273583,103,107,1255,2013.0,419451.0,0.0,-0.006876999999999999,1.8336569999999999,IDN,IRN,7436
2273584,104,107,1255,2013.0,15189069.0,1100385.0,0.18186,2.647598,IND,IRN,7436
2273585,106,107,1255,2013.0,36668.0,0.0,1.32787,0.394579,IRL,IRN,7436
2273586,108,107,1255,2013.0,31938.0,3157829.0,-3.147217,-0.685991,IRQ,IRN,7436
2273587,111,107,1255,2013.0,36666852.0,1572.0,1.419383,-0.304402,ITA,IRN,7436
2273588,114,107,1255,2013.0,116567.0,0.0,2.333417,-0.818701,JPN,IRN,7436
2273589,115,107,1255,2013.0,0.0,46536.0,-0.9193819999999999,-0.734194,KAZ,IRN,7436
2273590,121,107,1255,2013.0,3570205.0,3504.0,1.817145,0.835414,KOR,IRN,7436
2273591,122,107,1255,2013.0,43072.0,0.0,-1.198985,-1.057248,KWT,IRN,7436
2273592,128,107,1255,2013.0,0.0,3558.0,-0.320583,0.44462399999999996,LKA,IRN,7436
2273593,131,107,1255,2013.0,6251.0,0.0,1.0110190000000001,1.123226,LUX,IRN,7436
2273594,153,107,1255,2013.0,611885.0,0.0,0.924532,0.671334,MYS,IRN,7436
2273595,162,107,1255,2013.0,20295.0,0.0,1.012006,1.441545,NLD,IRN,7436
2273596,167,107,1255,2013.0,119903.0,0.0,-0.698693,-1.030814,OMN,IRN,7436
2273597,168,107,1255,2013.0,15356.0,0.0,-0.697224,0.501576,PAK,IRN,7436
2273598,177,107,1255,2013.0,26931.0,0.0,1.11341,0.975734,POL,IRN,7436
2273599,179,107,1255,2013.0,0.0,14342.0,0.705087,2.2055580000000004,PRT,IRN,7436
2273600,183,107,1255,2013.0,1233.0,3471.0,-0.583609,-1.003754,QAT,IRN,7436
2273601,185,107,1255,2013.0,163294.0,5241.0,1.05722,1.0968799999999999,ROU,IRN,7436
2273602,186,107,1255,2013.0,391700.0,0.0,-0.08233,-0.267781,RUS,IRN,7436
2273603,192,107,1255,2013.0,98908.0,0.0,1.844685,0.639379,SGP,IRN,7436
2273604,207,107,1255,2013.0,29708.0,1299.0,1.55922,0.565874,SVN,IRN,7436
2273605,208,107,1255,2013.0,2485754.0,1886.0,1.7851290000000002,0.182623,SWE,IRN,7436
2273606,216,107,1255,2013.0,717340.0,0.0,1.067287,1.2767110000000002,THA,IRN,7436
2273607,217,107,1255,2013.0,0.0,3552.0,-1.117246,-1.1638600000000001,TJK,IRN,7436
2273608,219,107,1255,2013.0,0.0,35347.0,-1.174981,-1.14869,TKM,IRN,7436
2273609,224,107,1255,2013.0,5532930.0,49065.0,0.580016,2.394812,TUR,IRN,7436
2273610,228,107,1255,2013.0,1024173.0,38748.0,0.535571,1.026263,UKR,IRN,7436
2273611,231,107,1255,2013.0,79006.0,0.0,1.612058,-0.8592989999999999,USA,IRN,7436
2273612,246,107,1255,2013.0,14341.0,1977.0,0.11624100000000001,1.574591,ZAF,IRN,7436
2273613,249,107,1255,2013.0,6443932.0,0.0,1.7382849999999999,0.9917739999999999,TWN,IRN,7436
2273614,250,107,1255,2013.0,84688.0,658821.0,0.583151,0.14238299999999998,ANS,IRN,7436
2273615,1,114,1255,2013.0,0.0,29882.0,-0.767212,-0.6506069999999999,AFG,JPN,7436
2273616,2,114,1255,2013.0,0.0,39825936.0,-1.240877,-1.073797,AGO,JPN,7436
2273617,4,114,1255,2013.0,0.0,6338.0,-0.44779300000000005,-0.13181700000000002,ALB,JPN,7436
2273618,7,114,1255,2013.0,98526.0,27862546.0,-0.338417,-0.754102,ARE,JPN,7436
2273619,8,114,1255,2013.0,5514.0,4191810.0,0.042829,0.461002,ARG,JPN,7436
2273620,9,114,1255,2013.0,0.0,34476.0,-0.159148,-0.515766,ARM,JPN,7436
2273621,10,114,1255,2013.0,0.0,10831.0,0.5701109999999999,-0.113648,ASM,JPN,7436
2273622,13,114,1255,2013.0,0.0,5330.0,0.25821500000000003,-0.383761,ATG,JPN,7436
2273623,14,114,1255,2013.0,2355566.0,24042850.0,-0.63369,-0.276328,AUS,JPN,7436
2273624,15,114,1255,2013.0,4712525.0,734869.0,1.855434,-1.06494,AUT,JPN,7436
2273625,16,114,1255,2013.0,0.0,116685.0,-1.319766,-1.200648,AZE,JPN,7436
2273626,17,114,1255,2013.0,0.0,4875.0,-0.602481,-0.6338689999999999,BDI,JPN,7436
2273627,18,114,1255,2013.0,1629056.0,96339320.0,1.198491,1.117268,BEL,JPN,7436
2273628,21,114,1255,2013.0,0.0,101066.0,-0.7231029999999999,-0.736291,BFA,JPN,7436
2273629,22,114,1255,2013.0,0.0,283546.0,-0.835666,-0.8088810000000001,BGD,JPN,7436
2273630,23,114,1255,2013.0,8888.0,360844.0,0.622325,1.5506229999999999,BGR,JPN,7436
2273631,24,114,1255,2013.0,4508.0,1526228.0,0.080634,-0.6828890000000001,BHR,JPN,7436
2273632,25,114,1255,2013.0,0.0,3227.0,0.496435,-0.324394,BHS,JPN,7436
2273633,26,114,1255,2013.0,8784.0,18510.0,0.723658,0.9271879999999999,BIH,JPN,7436
2273634,28,114,1255,2013.0,0.0,71495.0,1.183522,0.934159,BLR,JPN,7436
2273635,29,114,1255,2013.0,0.0,26721.0,-0.459154,-0.465912,BLZ,JPN,7436
2273636,30,114,1255,2013.0,0.0,5049.0,1.020753,-0.10180399999999999,BMU,JPN,7436
2273637,31,114,1255,2013.0,75225.0,264357.0,-1.1429610000000001,-1.0076120000000002,BOL,JPN,7436
2273638,32,114,1255,2013.0,20542.0,27878654.0,0.2804,0.649729,BRA,JPN,7436
2273639,33,114,1255,2013.0,0.0,132604.0,0.607845,0.09196,BRB,JPN,7436
2273640,34,114,1255,2013.0,0.0,167845.0,-1.664,-0.663172,BRN,JPN,7436
2273641,35,114,1255,2013.0,0.0,23865.0,-0.026632999999999997,-0.608414,BTN,JPN,7436
2273642,37,114,1255,2013.0,0.0,3459.0,-0.677782,-1.0888149999999999,BWA,JPN,7436
2273643,38,114,1255,2013.0,0.0,1958.0,-0.476127,-0.58096,CAF,JPN,7436
2273644,39,114,1255,2013.0,1305344.0,18767538.0,0.599305,1.193591,CAN,JPN,7436
2273645,41,114,1255,2013.0,4234076.0,2179942.0,2.0899229999999998,0.661667,CHE,JPN,7436
2273646,42,114,1255,2013.0,2665.0,4190978.0,-0.184556,-0.238657,CHL,JPN,7436
2273647,43,114,1255,2013.0,439435552.0,303385600.0,1.24864,0.667713,CHN,JPN,7436
2273648,44,114,1255,2013.0,0.0,115348.0,-1.0025870000000001,-0.901658,CIV,JPN,7436
2273649,45,114,1255,2013.0,0.0,153278.0,-0.93575,-1.003851,CMR,JPN,7436
2273650,46,114,1255,2013.0,0.0,63070.0,-1.450075,-1.115916,COD,JPN,7436
2273651,47,114,1255,2013.0,0.0,16859.0,-1.478461,-1.094509,COG,JPN,7436
2273652,49,114,1255,2013.0,0.0,10987941.0,0.034491,-0.36975,COL,JPN,7436
2273653,52,114,1255,2013.0,0.0,1565041.0,0.208669,-0.54783,CRI,JPN,7436
2273654,54,114,1255,2013.0,0.0,182078.0,-0.31053400000000003,-0.8534280000000001,CUB,JPN,7436
2273655,55,114,1255,2013.0,0.0,43057.0,-0.145402,-0.556962,CUW,JPN,7436
2273656,58,114,1255,2013.0,0.0,385478.0,0.36482800000000004,0.527544,CYP,JPN,7436
2273657,59,114,1255,2013.0,1170896.0,1088907.0,1.829509,-0.41787700000000005,CZE,JPN,7436
2273658,61,114,1255,2013.0,112443352.0,31886018.0,2.1086869999999998,-3.7092,DEU,JPN,7436
2273659,62,114,1255,2013.0,0.0,7839.0,-0.35226399999999997,-0.542234,DJI,JPN,7436
2273660,63,114,1255,2013.0,2698.0,2633.0,0.13787,-0.12528399999999998,DMA,JPN,7436
2273661,64,114,1255,2013.0,1258302.0,272431.0,1.190302,1.062991,DNK,JPN,7436
2273662,65,114,1255,2013.0,0.0,1276360.0,-0.272579,0.42750699999999997,DOM,JPN,7436
2273663,66,114,1255,2013.0,0.0,5733678.0,-1.53603,-1.104965,DZA,JPN,7436
2273664,67,114,1255,2013.0,0.0,4407594.0,-0.8251790000000001,-0.9347200000000001,ECU,JPN,7436
2273665,68,114,1255,2013.0,0.0,2814134.0,-0.12015799999999999,1.793363,EGY,JPN,7436
2273666,71,114,1255,2013.0,2831372.0,60307140.0,0.955472,1.80005,ESP,JPN,7436
2273667,72,114,1255,2013.0,3850.0,269497.0,0.923321,1.290016,EST,JPN,7436
2273668,73,114,1255,2013.0,0.0,499231.0,-1.1373090000000001,-0.89186,ETH,JPN,7436
2273669,74,114,1255,2013.0,3111974.0,353137.0,1.700282,0.867677,FIN,JPN,7436
2273670,75,114,1255,2013.0,0.0,1212047.0,-0.374639,-0.140308,FJI,JPN,7436
2273671,77,114,1255,2013.0,61248860.0,23662772.0,1.5253299999999999,0.026146,FRA,JPN,7436
2273672,79,114,1255,2013.0,0.0,35580.0,-0.592069,-0.796275,FSM,JPN,7436
2273673,80,114,1255,2013.0,0.0,120391.0,-1.652062,-1.140576,GAB,JPN,7436
2273674,81,114,1255,2013.0,34118044.0,48066004.0,1.628465,0.77075,GBR,JPN,7436
2273675,82,114,1255,2013.0,0.0,10509.0,-0.08343099999999999,-0.359692,GEO,JPN,7436
2273676,83,114,1255,2013.0,0.0,452831.0,-0.696971,-0.5807939999999999,GHA,JPN,7436
2273677,85,114,1255,2013.0,0.0,96722.0,-1.281072,-1.027585,GIN,JPN,7436
2273678,89,114,1255,2013.0,0.0,4109.0,-1.7984200000000001,-0.678832,GNQ,JPN,7436
2273679,90,114,1255,2013.0,35104.0,999925.0,0.073442,0.9857899999999999,GRC,JPN,7436
2273680,93,114,1255,2013.0,0.0,960075.0,-0.220165,0.661111,GTM,JPN,7436
2273681,96,114,1255,2013.0,0.0,24213.0,-0.90241,-0.957449,GUY,JPN,7436
2273682,97,114,1255,2013.0,9137444.0,16648574.0,0.791401,1.249845,HKG,JPN,7436
2273683,99,114,1255,2013.0,0.0,231836.0,-0.6661060000000001,-0.38619699999999996,HND,JPN,7436
2273684,100,114,1255,2013.0,0.0,12153.0,0.8737309999999999,1.276091,HRV,JPN,7436
2273685,101,114,1255,2013.0,0.0,34020.0,-0.627783,-0.8605309999999999,HTI,JPN,7436
2273686,102,114,1255,2013.0,271337.0,1923122.0,1.6962560000000002,0.45460600000000007,HUN,JPN,7436
2273687,103,114,1255,2013.0,12871245.0,44707872.0,-0.006876999999999999,1.8336569999999999,IDN,JPN,7436
2273688,104,114,1255,2013.0,3081493.0,16399671.0,0.18186,2.647598,IND,JPN,7436
2273689,106,114,1255,2013.0,2683298.0,1798328.0,1.32787,0.394579,IRL,JPN,7436
2273690,107,114,1255,2013.0,0.0,116567.0,-0.23625100000000002,-0.256067,IRN,JPN,7436
2273691,108,114,1255,2013.0,0.0,581408.0,-3.147217,-0.685991,IRQ,JPN,7436
2273692,109,114,1255,2013.0,0.0,313798.0,0.284089,-0.164097,ISL,JPN,7436
2273693,110,114,1255,2013.0,778070.0,11274882.0,1.0247629999999999,0.8261639999999999,ISR,JPN,7436
2273694,111,114,1255,2013.0,9508421.0,8354986.0,1.419383,-0.304402,ITA,JPN,7436
2273695,112,114,1255,2013.0,0.0,370632.0,-0.364044,-0.744733,JAM,JPN,7436
2273696,113,114,1255,2013.0,0.0,1859273.0,0.1888,0.596867,JOR,JPN,7436
2273697,115,114,1255,2013.0,0.0,639355.0,-0.9193819999999999,-0.734194,KAZ,JPN,7436
2273698,116,114,1255,2013.0,0.0,253026.0,-0.303119,0.626786,KEN,JPN,7436
2273699,117,114,1255,2013.0,0.0,35000.0,0.25090500000000004,0.7357279999999999,KGZ,JPN,7436
2273700,118,114,1255,2013.0,0.0,137929.0,-0.634876,-0.714886,KHM,JPN,7436
2273701,119,114,1255,2013.0,0.0,6577.0,-0.556555,-0.71082,KIR,JPN,7436
2273702,120,114,1255,2013.0,0.0,20235.0,0.983857,-0.051745000000000006,KNA,JPN,7436
2273703,121,114,1255,2013.0,64735944.0,90076568.0,1.817145,0.835414,KOR,JPN,7436
2273704,122,114,1255,2013.0,0.0,1797044.0,-1.198985,-1.057248,KWT,JPN,7436
2273705,123,114,1255,2013.0,0.0,24594.0,-0.907169,-0.587529,LAO,JPN,7436
2273706,124,114,1255,2013.0,0.0,358546.0,0.37392800000000004,1.413136,LBN,JPN,7436
2273707,125,114,1255,2013.0,0.0,13700.0,-0.8343229999999999,-0.992129,LBR,JPN,7436
2273708,126,114,1255,2013.0,0.0,151377.0,-1.871593,-1.1211790000000001,LBY,JPN,7436
2273709,127,114,1255,2013.0,0.0,22535.0,0.433648,-0.288346,LCA,JPN,7436
2273710,128,114,1255,2013.0,0.0,1687230.0,-0.320583,0.44462399999999996,LKA,JPN,7436
2273711,130,114,1255,2013.0,212534.0,153695.0,0.677986,1.29227,LTU,JPN,7436
2273712,131,114,1255,2013.0,1673455.0,53521.0,1.0110190000000001,1.123226,LUX,JPN,7436
2273713,132,114,1255,2013.0,0.0,40283.0,0.652463,1.299917,LVA,JPN,7436
2273714,133,114,1255,2013.0,0.0,21723.0,0.43873,0.275559,MAC,JPN,7436
2273715,134,114,1255,2013.0,0.0,1913930.0,-0.474872,0.178118,MAR,JPN,7436
2273716,135,114,1255,2013.0,0.0,114956.0,0.14256,0.33920700000000004,MDA,JPN,7436
2273717,136,114,1255,2013.0,0.0,95420.0,-0.786091,-0.611478,MDG,JPN,7436
2273718,137,114,1255,2013.0,0.0,5816.0,-0.510204,-0.740372,MDV,JPN,7436
2273719,138,114,1255,2013.0,9973410.0,24578972.0,1.2327219999999999,0.746108,MEX,JPN,7436
2273720,139,114,1255,2013.0,0.0,2221248.0,-0.9199700000000001,-0.776832,MHL,JPN,7436
2273721,140,114,1255,2013.0,0.0,64052.0,-0.127775,0.21915900000000002,MKD,JPN,7436
2273722,142,114,1255,2013.0,0.0,14352.0,0.710108,-0.014586000000000002,MLT,JPN,7436
2273723,143,114,1255,2013.0,0.0,638523.0,-1.147086,-0.6888989999999999,MMR,JPN,7436
2273724,144,114,1255,2013.0,0.0,15685.0,0.09597,-0.019953,MNE,JPN,7436
2273725,145,114,1255,2013.0,0.0,768125.0,-1.264785,-1.133222,MNG,JPN,7436
2273726,146,114,1255,2013.0,0.0,2633.0,0.80814,0.127585,MNP,JPN,7436
2273727,147,114,1255,2013.0,0.0,34915.0,-1.131512,-0.8923840000000001,MOZ,JPN,7436
2273728,148,114,1255,2013.0,0.0,42548.0,-1.681152,-1.2712350000000001,MRT,JPN,7436
2273729,151,114,1255,2013.0,0.0,336127.0,-0.092312,0.050927,MUS,JPN,7436
2273730,152,114,1255,2013.0,0.0,341702.0,-0.802763,-0.8101470000000001,MWI,JPN,7436
2273731,153,114,1255,2013.0,36379556.0,22267434.0,0.924532,0.671334,MYS,JPN,7436
2273732,156,114,1255,2013.0,0.0,262437.0,-0.262882,-0.63858,NCL,JPN,7436
2273733,157,114,1255,2013.0,0.0,8157.0,-1.0008350000000001,-0.8325670000000001,NER,JPN,7436
2273734,159,114,1255,2013.0,0.0,159945.0,-1.679402,-1.14686,NGA,JPN,7436
2273735,160,114,1255,2013.0,0.0,355867.0,-0.7956479999999999,-0.596061,NIC,JPN,7436
2273736,162,114,1255,2013.0,6822456.0,63871768.0,1.012006,1.441545,NLD,JPN,7436
2273737,163,114,1255,2013.0,2509699.0,1512036.0,0.710901,0.062705,NOR,JPN,7436
2273738,164,114,1255,2013.0,0.0,34272.0,-0.08623,0.5143939999999999,NPL,JPN,7436
2273739,166,114,1255,2013.0,21602.0,2649706.0,0.192237,0.429825,NZL,JPN,7436
2273740,167,114,1255,2013.0,0.0,7412777.0,-0.698693,-1.030814,OMN,JPN,7436
2273741,168,114,1255,2013.0,0.0,2581599.0,-0.697224,0.501576,PAK,JPN,7436
2273742,169,114,1255,2013.0,0.0,1522356.0,0.8719819999999999,1.038982,PAN,JPN,7436
2273743,173,114,1255,2013.0,0.0,2079912.0,-0.640044,0.121772,PER,JPN,7436
2273744,174,114,1255,2013.0,11532427.0,21628978.0,0.639083,0.45816899999999994,PHL,JPN,7436
2273745,175,114,1255,2013.0,0.0,38025.0,0.661385,-0.41401899999999997,PLW,JPN,7436
2273746,176,114,1255,2013.0,0.0,456919.0,-1.508233,-1.163478,PNG,JPN,7436
2273747,177,114,1255,2013.0,752570.0,23675522.0,1.11341,0.975734,POL,JPN,7436
2273748,179,114,1255,2013.0,0.0,1621139.0,0.705087,2.2055580000000004,PRT,JPN,7436
2273749,180,114,1255,2013.0,0.0,1058859.0,-0.560661,-0.822876,PRY,JPN,7436
2273750,182,114,1255,2013.0,0.0,148703.0,-0.118172,-0.620256,PYF,JPN,7436
2273751,183,114,1255,2013.0,0.0,3011961.0,-0.583609,-1.003754,QAT,JPN,7436
2273752,185,114,1255,2013.0,22023.0,828044.0,1.05722,1.0968799999999999,ROU,JPN,7436
2273753,186,114,1255,2013.0,0.0,24485020.0,-0.08233,-0.267781,RUS,JPN,7436
2273754,187,114,1255,2013.0,0.0,5094.0,-0.535446,-0.662881,RWA,JPN,7436
2273755,188,114,1255,2013.0,0.0,23778826.0,-0.14823599999999998,-0.883965,SAU,JPN,7436
2273756,190,114,1255,2013.0,0.0,80968.0,-1.224897,-1.059517,SDN,JPN,7436
2273757,191,114,1255,2013.0,0.0,128892.0,-0.566624,-0.185277,SEN,JPN,7436
2273758,192,114,1255,2013.0,4942796.0,26000106.0,1.844685,0.639379,SGP,JPN,7436
2273759,197,114,1255,2013.0,0.0,179664.0,0.104046,0.46966,SLV,JPN,7436
2273760,201,114,1255,2013.0,0.0,55848.0,0.609755,1.355304,SRB,JPN,7436
2273761,202,114,1255,2013.0,0.0,43037.0,-2.285908,-0.696735,SSD,JPN,7436
2273762,205,114,1255,2013.0,0.0,41400.0,-0.25729,-0.651541,SUR,JPN,7436
2273763,206,114,1255,2013.0,1028739.0,182254.0,1.510052,0.7060310000000001,SVK,JPN,7436
2273764,207,114,1255,2013.0,49596.0,180705.0,1.55922,0.565874,SVN,JPN,7436
2273765,208,114,1255,2013.0,5304844.0,733241.0,1.7851290000000002,0.182623,SWE,JPN,7436
2273766,211,114,1255,2013.0,0.0,4341.0,0.06901,-0.438229,SYC,JPN,7436
2273767,214,114,1255,2013.0,0.0,9806.0,-2.89356,-0.879919,TCD,JPN,7436
2273768,215,114,1255,2013.0,0.0,6042.0,-0.532095,-0.434276,TGO,JPN,7436
2273769,216,114,1255,2013.0,28812742.0,77422776.0,1.067287,1.2767110000000002,THA,JPN,7436
2273770,219,114,1255,2013.0,0.0,370211.0,-1.174981,-1.14869,TKM,JPN,7436
2273771,220,114,1255,2013.0,0.0,3214.0,-0.5989939999999999,-0.649891,TLS,JPN,7436
2273772,221,114,1255,2013.0,0.0,4605.0,0.31217399999999995,-0.21186,TON,JPN,7436
2273773,222,114,1255,2013.0,0.0,379913.0,-0.399437,-1.047864,TTO,JPN,7436
2273774,223,114,1255,2013.0,6091.0,2383102.0,0.40154,0.902177,TUN,JPN,7436
2273775,224,114,1255,2013.0,220990.0,22105428.0,0.580016,2.394812,TUR,JPN,7436
2273776,226,114,1255,2013.0,0.0,86875.0,-0.654655,0.903574,TZA,JPN,7436
2273777,227,114,1255,2013.0,0.0,36955.0,-0.46170100000000003,0.652878,UGA,JPN,7436
2273778,228,114,1255,2013.0,0.0,1051491.0,0.535571,1.026263,UKR,JPN,7436
2273779,230,114,1255,2013.0,0.0,403276.0,0.128825,0.02334,URY,JPN,7436
2273780,231,114,1255,2013.0,209370480.0,316209984.0,1.612058,-0.8592989999999999,USA,JPN,7436
2273781,232,114,1255,2013.0,0.0,111947.0,-0.7076319999999999,-0.645674,UZB,JPN,7436
2273782,234,114,1255,2013.0,0.0,21605.0,0.39042899999999997,-0.042089,VCT,JPN,7436
2273783,236,114,1255,2013.0,0.0,2580160.0,-1.281202,-1.094268,VEN,JPN,7436
2273784,239,114,1255,2013.0,1617332.0,33089180.0,0.009264,1.182368,VNM,JPN,7436
2273785,240,114,1255,2013.0,0.0,282538.0,-0.43518999999999997,-0.6206010000000001,VUT,JPN,7436
2273786,242,114,1255,2013.0,0.0,6037.0,0.877785,0.277918,WSM,JPN,7436
2273787,243,114,1255,2013.0,0.0,540344.0,-1.2788700000000002,-1.230713,YEM,JPN,7436
2273788,246,114,1255,2013.0,23301178.0,7552260.0,0.11624100000000001,1.574591,ZAF,JPN,7436
2273789,247,114,1255,2013.0,0.0,56813.0,-0.293192,-0.42930100000000004,ZMB,JPN,7436
2273790,248,114,1255,2013.0,0.0,24280.0,-0.841968,-0.898121,ZWE,JPN,7436
2273791,249,114,1255,2013.0,10539240.0,98180512.0,1.7382849999999999,0.9917739999999999,TWN,JPN,7436
2273792,250,114,1255,2013.0,0.0,4662.0,0.583151,0.14238299999999998,ANS,JPN,7436
2273793,1,115,1255,2013.0,0.0,23746.0,-0.767212,-0.6506069999999999,AFG,KAZ,7436
2273794,7,115,1255,2013.0,241765.0,21501.0,-0.338417,-0.754102,ARE,KAZ,7436
2273795,8,115,1255,2013.0,179092.0,0.0,0.042829,0.461002,ARG,KAZ,7436
2273796,14,115,1255,2013.0,825832.0,0.0,-0.63369,-0.276328,AUS,KAZ,7436
2273797,15,115,1255,2013.0,11608461.0,0.0,1.855434,-1.06494,AUT,KAZ,7436
2273798,16,115,1255,2013.0,21468.0,27698.0,-1.319766,-1.200648,AZE,KAZ,7436
2273799,18,115,1255,2013.0,4171713.0,0.0,1.198491,1.117268,BEL,KAZ,7436
2273800,23,115,1255,2013.0,296405.0,0.0,0.622325,1.5506229999999999,BGR,KAZ,7436
2273801,26,115,1255,2013.0,123521.0,0.0,0.723658,0.9271879999999999,BIH,KAZ,7436
2273802,28,115,1255,2013.0,279395.0,0.0,1.183522,0.934159,BLR,KAZ,7436
2273803,32,115,1255,2013.0,73479.0,0.0,0.2804,0.649729,BRA,KAZ,7436
2273804,39,115,1255,2013.0,1139679.0,0.0,0.599305,1.193591,CAN,KAZ,7436
2273805,41,115,1255,2013.0,43985.0,0.0,2.0899229999999998,0.661667,CHE,KAZ,7436
2273806,43,115,1255,2013.0,66064948.0,4230.0,1.24864,0.667713,CHN,KAZ,7436
2273807,58,115,1255,2013.0,3121.0,0.0,0.36482800000000004,0.527544,CYP,KAZ,7436
2273808,59,115,1255,2013.0,1523731.0,0.0,1.829509,-0.41787700000000005,CZE,KAZ,7436
2273809,61,115,1255,2013.0,23400126.0,0.0,2.1086869999999998,-3.7092,DEU,KAZ,7436
2273810,64,115,1255,2013.0,262523.0,0.0,1.190302,1.062991,DNK,KAZ,7436
2273811,68,115,1255,2013.0,43863.0,0.0,-0.12015799999999999,1.793363,EGY,KAZ,7436
2273812,71,115,1255,2013.0,349798.0,0.0,0.955472,1.80005,ESP,KAZ,7436
2273813,72,115,1255,2013.0,946822.0,0.0,0.923321,1.290016,EST,KAZ,7436
2273814,74,115,1255,2013.0,6661230.0,0.0,1.700282,0.867677,FIN,KAZ,7436
2273815,77,115,1255,2013.0,2857066.0,0.0,1.5253299999999999,0.026146,FRA,KAZ,7436
2273816,81,115,1255,2013.0,1735904.0,42503.0,1.628465,0.77075,GBR,KAZ,7436
2273817,82,115,1255,2013.0,32008.0,1523.0,-0.08343099999999999,-0.359692,GEO,KAZ,7436
2273818,90,115,1255,2013.0,3564.0,0.0,0.073442,0.9857899999999999,GRC,KAZ,7436
2273819,100,115,1255,2013.0,13213.0,0.0,0.8737309999999999,1.276091,HRV,KAZ,7436
2273820,102,115,1255,2013.0,227305.0,0.0,1.6962560000000002,0.45460600000000007,HUN,KAZ,7436
2273821,103,115,1255,2013.0,70258.0,0.0,-0.006876999999999999,1.8336569999999999,IDN,KAZ,7436
2273822,104,115,1255,2013.0,25818.0,9140.0,0.18186,2.647598,IND,KAZ,7436
2273823,106,115,1255,2013.0,13742.0,0.0,1.32787,0.394579,IRL,KAZ,7436
2273824,107,115,1255,2013.0,46536.0,0.0,-0.23625100000000002,-0.256067,IRN,KAZ,7436
2273825,108,115,1255,2013.0,0.0,137835.0,-3.147217,-0.685991,IRQ,KAZ,7436
2273826,110,115,1255,2013.0,117606.0,0.0,1.0247629999999999,0.8261639999999999,ISR,KAZ,7436
2273827,111,115,1255,2013.0,7044975.0,94784.0,1.419383,-0.304402,ITA,KAZ,7436
2273828,114,115,1255,2013.0,639355.0,0.0,2.333417,-0.818701,JPN,KAZ,7436
2273829,117,115,1255,2013.0,234866.0,154444.0,0.25090500000000004,0.7357279999999999,KGZ,KAZ,7436
2273830,121,115,1255,2013.0,988499.0,0.0,1.817145,0.835414,KOR,KAZ,7436
2273831,130,115,1255,2013.0,31645326.0,230849.0,0.677986,1.29227,LTU,KAZ,7436
2273832,131,115,1255,2013.0,3394.0,0.0,1.0110190000000001,1.123226,LUX,KAZ,7436
2273833,132,115,1255,2013.0,183398.0,0.0,0.652463,1.299917,LVA,KAZ,7436
2273834,134,115,1255,2013.0,19754.0,0.0,-0.474872,0.178118,MAR,KAZ,7436
2273835,135,115,1255,2013.0,1068.0,0.0,0.14256,0.33920700000000004,MDA,KAZ,7436
2273836,138,115,1255,2013.0,357190.0,0.0,1.2327219999999999,0.746108,MEX,KAZ,7436
2273837,153,115,1255,2013.0,1834157.0,6024.0,0.924532,0.671334,MYS,KAZ,7436
2273838,162,115,1255,2013.0,4084952.0,15566.0,1.012006,1.441545,NLD,KAZ,7436
2273839,163,115,1255,2013.0,69250.0,0.0,0.710901,0.062705,NOR,KAZ,7436
2273840,174,115,1255,2013.0,41008.0,0.0,0.639083,0.45816899999999994,PHL,KAZ,7436
2273841,177,115,1255,2013.0,5064063.0,9069.0,1.11341,0.975734,POL,KAZ,7436
2273842,185,115,1255,2013.0,16950.0,0.0,1.05722,1.0968799999999999,ROU,KAZ,7436
2273843,186,115,1255,2013.0,30276844.0,1680124.0,-0.08233,-0.267781,RUS,KAZ,7436
2273844,188,115,1255,2013.0,408328.0,0.0,-0.14823599999999998,-0.883965,SAU,KAZ,7436
2273845,192,115,1255,2013.0,524258.0,0.0,1.844685,0.639379,SGP,KAZ,7436
2273846,201,115,1255,2013.0,11714.0,0.0,0.609755,1.355304,SRB,KAZ,7436
2273847,206,115,1255,2013.0,589916.0,0.0,1.510052,0.7060310000000001,SVK,KAZ,7436
2273848,207,115,1255,2013.0,123300.0,0.0,1.55922,0.565874,SVN,KAZ,7436
2273849,208,115,1255,2013.0,1588614.0,10110.0,1.7851290000000002,0.182623,SWE,KAZ,7436
2273850,216,115,1255,2013.0,134740.0,0.0,1.067287,1.2767110000000002,THA,KAZ,7436
2273851,217,115,1255,2013.0,3827.0,20535.0,-1.117246,-1.1638600000000001,TJK,KAZ,7436
2273852,219,115,1255,2013.0,16984.0,383814.0,-1.174981,-1.14869,TKM,KAZ,7436
2273853,223,115,1255,2013.0,29082.0,0.0,0.40154,0.902177,TUN,KAZ,7436
2273854,224,115,1255,2013.0,4858194.0,1106.0,0.580016,2.394812,TUR,KAZ,7436
2273855,228,115,1255,2013.0,3521315.0,1410.0,0.535571,1.026263,UKR,KAZ,7436
2273856,231,115,1255,2013.0,3903785.0,1382.0,1.612058,-0.8592989999999999,USA,KAZ,7436
2273857,232,115,1255,2013.0,28541.0,37634.0,-0.7076319999999999,-0.645674,UZB,KAZ,7436
2273858,246,115,1255,2013.0,161080.0,0.0,0.11624100000000001,1.574591,ZAF,KAZ,7436
2273859,249,115,1255,2013.0,241144.0,0.0,1.7382849999999999,0.9917739999999999,TWN,KAZ,7436
2273860,1,116,1255,2013.0,0.0,39606.0,-0.767212,-0.6506069999999999,AFG,KEN,7436
2273861,7,116,1255,2013.0,957209.0,0.0,-0.338417,-0.754102,ARE,KEN,7436
2273862,8,116,1255,2013.0,21398.0,0.0,0.042829,0.461002,ARG,KEN,7436
2273863,14,116,1255,2013.0,177749.0,0.0,-0.63369,-0.276328,AUS,KEN,7436
2273864,15,116,1255,2013.0,33340.0,0.0,1.855434,-1.06494,AUT,KEN,7436
2273865,17,116,1255,2013.0,0.0,3214.0,-0.602481,-0.6338689999999999,BDI,KEN,7436
2273866,18,116,1255,2013.0,1185812.0,1834.0,1.198491,1.117268,BEL,KEN,7436
2273867,24,116,1255,2013.0,1586.0,0.0,0.080634,-0.6828890000000001,BHR,KEN,7436
2273868,26,116,1255,2013.0,5511.0,0.0,0.723658,0.9271879999999999,BIH,KEN,7436
2273869,32,116,1255,2013.0,74928.0,0.0,0.2804,0.649729,BRA,KEN,7436
2273870,39,116,1255,2013.0,103788.0,0.0,0.599305,1.193591,CAN,KEN,7436
2273871,41,116,1255,2013.0,80372.0,0.0,2.0899229999999998,0.661667,CHE,KEN,7436
2273872,43,116,1255,2013.0,5176872.0,0.0,1.24864,0.667713,CHN,KEN,7436
2273873,46,116,1255,2013.0,0.0,257788.0,-1.450075,-1.115916,COD,KEN,7436
2273874,59,116,1255,2013.0,28573.0,0.0,1.829509,-0.41787700000000005,CZE,KEN,7436
2273875,61,116,1255,2013.0,3471851.0,10023.0,2.1086869999999998,-3.7092,DEU,KEN,7436
2273876,62,116,1255,2013.0,0.0,1620.0,-0.35226399999999997,-0.542234,DJI,KEN,7436
2273877,64,116,1255,2013.0,98172.0,0.0,1.190302,1.062991,DNK,KEN,7436
2273878,68,116,1255,2013.0,70168.0,0.0,-0.12015799999999999,1.793363,EGY,KEN,7436
2273879,69,116,1255,2013.0,0.0,7115.0,-0.827263,-0.790848,ERI,KEN,7436
2273880,71,116,1255,2013.0,491223.0,0.0,0.955472,1.80005,ESP,KEN,7436
2273881,73,116,1255,2013.0,0.0,41499.0,-1.1373090000000001,-0.89186,ETH,KEN,7436
2273882,74,116,1255,2013.0,18680.0,0.0,1.700282,0.867677,FIN,KEN,7436
2273883,77,116,1255,2013.0,159264.0,0.0,1.5253299999999999,0.026146,FRA,KEN,7436
2273884,81,116,1255,2013.0,1430250.0,0.0,1.628465,0.77075,GBR,KEN,7436
2273885,83,116,1255,2013.0,46114.0,1295.0,-0.696971,-0.5807939999999999,GHA,KEN,7436
2273886,90,116,1255,2013.0,33972.0,0.0,0.073442,0.9857899999999999,GRC,KEN,7436
2273887,97,116,1255,2013.0,14268.0,0.0,0.791401,1.249845,HKG,KEN,7436
2273888,102,116,1255,2013.0,100581.0,0.0,1.6962560000000002,0.45460600000000007,HUN,KEN,7436
2273889,103,116,1255,2013.0,152557.0,0.0,-0.006876999999999999,1.8336569999999999,IDN,KEN,7436
2273890,104,116,1255,2013.0,2899019.0,0.0,0.18186,2.647598,IND,KEN,7436
2273891,106,116,1255,2013.0,15398.0,0.0,1.32787,0.394579,IRL,KEN,7436
2273892,110,116,1255,2013.0,626866.0,0.0,1.0247629999999999,0.8261639999999999,ISR,KEN,7436
2273893,111,116,1255,2013.0,566892.0,0.0,1.419383,-0.304402,ITA,KEN,7436
2273894,114,116,1255,2013.0,253026.0,0.0,2.333417,-0.818701,JPN,KEN,7436
2273895,121,116,1255,2013.0,904997.0,0.0,1.817145,0.835414,KOR,KEN,7436
2273896,131,116,1255,2013.0,71569.0,0.0,1.0110190000000001,1.123226,LUX,KEN,7436
2273897,138,116,1255,2013.0,17231.0,0.0,1.2327219999999999,0.746108,MEX,KEN,7436
2273898,147,116,1255,2013.0,23402.0,1848.0,-1.131512,-0.8923840000000001,MOZ,KEN,7436
2273899,151,116,1255,2013.0,8888.0,0.0,-0.092312,0.050927,MUS,KEN,7436
2273900,153,116,1255,2013.0,357743.0,0.0,0.924532,0.671334,MYS,KEN,7436
2273901,162,116,1255,2013.0,418087.0,0.0,1.012006,1.441545,NLD,KEN,7436
2273902,168,116,1255,2013.0,15229.0,0.0,-0.697224,0.501576,PAK,KEN,7436
2273903,174,116,1255,2013.0,1347.0,0.0,0.639083,0.45816899999999994,PHL,KEN,7436
2273904,177,116,1255,2013.0,22691.0,0.0,1.11341,0.975734,POL,KEN,7436
2273905,179,116,1255,2013.0,6601.0,0.0,0.705087,2.2055580000000004,PRT,KEN,7436
2273906,183,116,1255,2013.0,0.0,4041.0,-0.583609,-1.003754,QAT,KEN,7436
2273907,185,116,1255,2013.0,1025.0,0.0,1.05722,1.0968799999999999,ROU,KEN,7436
2273908,186,116,1255,2013.0,191262.0,0.0,-0.08233,-0.267781,RUS,KEN,7436
2273909,187,116,1255,2013.0,0.0,111044.0,-0.535446,-0.662881,RWA,KEN,7436
2273910,192,116,1255,2013.0,25346.0,0.0,1.844685,0.639379,SGP,KEN,7436
2273911,197,116,1255,2013.0,0.0,9226.0,0.104046,0.46966,SLV,KEN,7436
2273912,199,116,1255,2013.0,0.0,544155.0,-0.9790979999999999,-0.8632620000000001,SOM,KEN,7436
2273913,201,116,1255,2013.0,0.0,369857.0,0.609755,1.355304,SRB,KEN,7436
2273914,206,116,1255,2013.0,16545.0,0.0,1.510052,0.7060310000000001,SVK,KEN,7436
2273915,207,116,1255,2013.0,34860.0,0.0,1.55922,0.565874,SVN,KEN,7436
2273916,208,116,1255,2013.0,51963.0,0.0,1.7851290000000002,0.182623,SWE,KEN,7436
2273917,211,116,1255,2013.0,0.0,13157.0,0.06901,-0.438229,SYC,KEN,7436
2273918,216,116,1255,2013.0,409163.0,13628.0,1.067287,1.2767110000000002,THA,KEN,7436
2273919,223,116,1255,2013.0,1903.0,0.0,0.40154,0.902177,TUN,KEN,7436
2273920,224,116,1255,2013.0,160259.0,0.0,0.580016,2.394812,TUR,KEN,7436
2273921,226,116,1255,2013.0,72445.0,184138.0,-0.654655,0.903574,TZA,KEN,7436
2273922,227,116,1255,2013.0,8262.0,612831.0,-0.46170100000000003,0.652878,UGA,KEN,7436
2273923,231,116,1255,2013.0,1992484.0,9584.0,1.612058,-0.8592989999999999,USA,KEN,7436
2273924,239,116,1255,2013.0,80704.0,0.0,0.009264,1.182368,VNM,KEN,7436
2273925,246,116,1255,2013.0,2185125.0,0.0,0.11624100000000001,1.574591,ZAF,KEN,7436
2273926,247,116,1255,2013.0,0.0,80442.0,-0.293192,-0.42930100000000004,ZMB,KEN,7436
2273927,249,116,1255,2013.0,47162.0,0.0,1.7382849999999999,0.9917739999999999,TWN,KEN,7436
2273928,14,117,1255,2013.0,162221.0,0.0,-0.63369,-0.276328,AUS,KGZ,7436
2273929,15,117,1255,2013.0,25873.0,0.0,1.855434,-1.06494,AUT,KGZ,7436
2273930,18,117,1255,2013.0,1165159.0,0.0,1.198491,1.117268,BEL,KGZ,7436
2273931,23,117,1255,2013.0,2827.0,0.0,0.622325,1.5506229999999999,BGR,KGZ,7436
2273932,28,117,1255,2013.0,30791.0,0.0,1.183522,0.934159,BLR,KGZ,7436
2273933,39,117,1255,2013.0,18165.0,0.0,0.599305,1.193591,CAN,KGZ,7436
2273934,41,117,1255,2013.0,21349.0,0.0,2.0899229999999998,0.661667,CHE,KGZ,7436
2273935,43,117,1255,2013.0,2838074.0,23618.0,1.24864,0.667713,CHN,KGZ,7436
2273936,59,117,1255,2013.0,339849.0,0.0,1.829509,-0.41787700000000005,CZE,KGZ,7436
2273937,61,117,1255,2013.0,1547662.0,627919.0,2.1086869999999998,-3.7092,DEU,KGZ,7436
2273938,64,117,1255,2013.0,5020.0,0.0,1.190302,1.062991,DNK,KGZ,7436
2273939,71,117,1255,2013.0,5606.0,0.0,0.955472,1.80005,ESP,KGZ,7436
2273940,77,117,1255,2013.0,119580.0,0.0,1.5253299999999999,0.026146,FRA,KGZ,7436
2273941,81,117,1255,2013.0,5031.0,0.0,1.628465,0.77075,GBR,KGZ,7436
2273942,102,117,1255,2013.0,9774.0,0.0,1.6962560000000002,0.45460600000000007,HUN,KGZ,7436
2273943,103,117,1255,2013.0,29377.0,0.0,-0.006876999999999999,1.8336569999999999,IDN,KGZ,7436
2273944,104,117,1255,2013.0,2537.0,0.0,0.18186,2.647598,IND,KGZ,7436
2273945,110,117,1255,2013.0,1474.0,0.0,1.0247629999999999,0.8261639999999999,ISR,KGZ,7436
2273946,111,117,1255,2013.0,32209.0,0.0,1.419383,-0.304402,ITA,KGZ,7436
2273947,114,117,1255,2013.0,35000.0,0.0,2.333417,-0.818701,JPN,KGZ,7436
2273948,115,117,1255,2013.0,154444.0,234866.0,-0.9193819999999999,-0.734194,KAZ,KGZ,7436
2273949,121,117,1255,2013.0,137468.0,0.0,1.817145,0.835414,KOR,KGZ,7436
2273950,130,117,1255,2013.0,55073.0,0.0,0.677986,1.29227,LTU,KGZ,7436
2273951,132,117,1255,2013.0,212911.0,0.0,0.652463,1.299917,LVA,KGZ,7436
2273952,135,117,1255,2013.0,16014.0,0.0,0.14256,0.33920700000000004,MDA,KGZ,7436
2273953,138,117,1255,2013.0,55281.0,0.0,1.2327219999999999,0.746108,MEX,KGZ,7436
2273954,140,117,1255,2013.0,7579.0,0.0,-0.127775,0.21915900000000002,MKD,KGZ,7436
2273955,162,117,1255,2013.0,227442.0,0.0,1.012006,1.441545,NLD,KGZ,7436
2273956,174,117,1255,2013.0,23019.0,0.0,0.639083,0.45816899999999994,PHL,KGZ,7436
2273957,177,117,1255,2013.0,473109.0,0.0,1.11341,0.975734,POL,KGZ,7436
2273958,186,117,1255,2013.0,391924.0,0.0,-0.08233,-0.267781,RUS,KGZ,7436
2273959,192,117,1255,2013.0,178220.0,0.0,1.844685,0.639379,SGP,KGZ,7436
2273960,207,117,1255,2013.0,37954.0,0.0,1.55922,0.565874,SVN,KGZ,7436
2273961,216,117,1255,2013.0,24127.0,0.0,1.067287,1.2767110000000002,THA,KGZ,7436
2273962,224,117,1255,2013.0,434398.0,0.0,0.580016,2.394812,TUR,KGZ,7436
2273963,228,117,1255,2013.0,46031.0,0.0,0.535571,1.026263,UKR,KGZ,7436
2273964,231,117,1255,2013.0,88615.0,0.0,1.612058,-0.8592989999999999,USA,KGZ,7436
2273965,232,117,1255,2013.0,0.0,98992.0,-0.7076319999999999,-0.645674,UZB,KGZ,7436
2273966,246,117,1255,2013.0,1902.0,0.0,0.11624100000000001,1.574591,ZAF,KGZ,7436
2273967,249,117,1255,2013.0,60926.0,0.0,1.7382849999999999,0.9917739999999999,TWN,KGZ,7436
2273968,8,118,1255,2013.0,0.0,2019.0,0.042829,0.461002,ARG,KHM,7436
2273969,14,118,1255,2013.0,16277.0,0.0,-0.63369,-0.276328,AUS,KHM,7436
2273970,18,118,1255,2013.0,25251.0,0.0,1.198491,1.117268,BEL,KHM,7436
2273971,32,118,1255,2013.0,3807.0,0.0,0.2804,0.649729,BRA,KHM,7436
2273972,41,118,1255,2013.0,317037.0,0.0,2.0899229999999998,0.661667,CHE,KHM,7436
2273973,43,118,1255,2013.0,13118206.0,8648.0,1.24864,0.667713,CHN,KHM,7436
2273974,61,118,1255,2013.0,1156970.0,0.0,2.1086869999999998,-3.7092,DEU,KHM,7436
2273975,71,118,1255,2013.0,1343.0,0.0,0.955472,1.80005,ESP,KHM,7436
2273976,77,118,1255,2013.0,158022.0,0.0,1.5253299999999999,0.026146,FRA,KHM,7436
2273977,81,118,1255,2013.0,36094.0,0.0,1.628465,0.77075,GBR,KHM,7436
2273978,97,118,1255,2013.0,27333.0,0.0,0.791401,1.249845,HKG,KHM,7436
2273979,103,118,1255,2013.0,62882.0,0.0,-0.006876999999999999,1.8336569999999999,IDN,KHM,7436
2273980,104,118,1255,2013.0,9796.0,2962.0,0.18186,2.647598,IND,KHM,7436
2273981,111,118,1255,2013.0,32261.0,0.0,1.419383,-0.304402,ITA,KHM,7436
2273982,114,118,1255,2013.0,137929.0,0.0,2.333417,-0.818701,JPN,KHM,7436
2273983,121,118,1255,2013.0,871012.0,0.0,1.817145,0.835414,KOR,KHM,7436
2273984,153,118,1255,2013.0,104440.0,114444.0,0.924532,0.671334,MYS,KHM,7436
2273985,186,118,1255,2013.0,3963.0,0.0,-0.08233,-0.267781,RUS,KHM,7436
2273986,192,118,1255,2013.0,197347.0,0.0,1.844685,0.639379,SGP,KHM,7436
2273987,216,118,1255,2013.0,4223898.0,0.0,1.067287,1.2767110000000002,THA,KHM,7436
2273988,224,118,1255,2013.0,1071.0,0.0,0.580016,2.394812,TUR,KHM,7436
2273989,228,118,1255,2013.0,18805.0,10240.0,0.535571,1.026263,UKR,KHM,7436
2273990,231,118,1255,2013.0,238031.0,0.0,1.612058,-0.8592989999999999,USA,KHM,7436
2273991,239,118,1255,2013.0,230256.0,0.0,0.009264,1.182368,VNM,KHM,7436
2273992,246,118,1255,2013.0,2857.0,0.0,0.11624100000000001,1.574591,ZAF,KHM,7436
2273993,249,118,1255,2013.0,209327.0,0.0,1.7382849999999999,0.9917739999999999,TWN,KHM,7436
2273994,2,124,1255,2013.0,0.0,321748.0,-1.240877,-1.073797,AGO,LBN,7436
2273995,7,124,1255,2013.0,137558.0,109555.0,-0.338417,-0.754102,ARE,LBN,7436
2273996,8,124,1255,2013.0,9360.0,0.0,0.042829,0.461002,ARG,LBN,7436
2273997,14,124,1255,2013.0,1951.0,0.0,-0.63369,-0.276328,AUS,LBN,7436
2273998,15,124,1255,2013.0,414844.0,0.0,1.855434,-1.06494,AUT,LBN,7436
2273999,18,124,1255,2013.0,1887064.0,0.0,1.198491,1.117268,BEL,LBN,7436
2274000,19,124,1255,2013.0,0.0,8288.0,-0.924213,-0.8181390000000001,BEN,LBN,7436
2274001,21,124,1255,2013.0,0.0,5383.0,-0.7231029999999999,-0.736291,BFA,LBN,7436
2274002,23,124,1255,2013.0,102766.0,0.0,0.622325,1.5506229999999999,BGR,LBN,7436
2274003,24,124,1255,2013.0,0.0,7127.0,0.080634,-0.6828890000000001,BHR,LBN,7436
2274004,26,124,1255,2013.0,106956.0,0.0,0.723658,0.9271879999999999,BIH,LBN,7436
2274005,32,124,1255,2013.0,5327.0,0.0,0.2804,0.649729,BRA,LBN,7436
2274006,38,124,1255,2013.0,0.0,1289.0,-0.476127,-0.58096,CAF,LBN,7436
2274007,39,124,1255,2013.0,425398.0,0.0,0.599305,1.193591,CAN,LBN,7436
2274008,41,124,1255,2013.0,1962977.0,0.0,2.0899229999999998,0.661667,CHE,LBN,7436
2274009,43,124,1255,2013.0,2879391.0,847343.0,1.24864,0.667713,CHN,LBN,7436
2274010,44,124,1255,2013.0,0.0,23782.0,-1.0025870000000001,-0.901658,CIV,LBN,7436
2274011,45,124,1255,2013.0,0.0,37498.0,-0.93575,-1.003851,CMR,LBN,7436
2274012,47,124,1255,2013.0,2535.0,154121.0,-1.478461,-1.094509,COG,LBN,7436
2274013,49,124,1255,2013.0,0.0,9688.0,0.034491,-0.36975,COL,LBN,7436
2274014,58,124,1255,2013.0,375216.0,0.0,0.36482800000000004,0.527544,CYP,LBN,7436
2274015,59,124,1255,2013.0,845677.0,5118.0,1.829509,-0.41787700000000005,CZE,LBN,7436
2274016,61,124,1255,2013.0,4934914.0,23123.0,2.1086869999999998,-3.7092,DEU,LBN,7436
2274017,62,124,1255,2013.0,0.0,2404.0,-0.35226399999999997,-0.542234,DJI,LBN,7436
2274018,64,124,1255,2013.0,236480.0,0.0,1.190302,1.062991,DNK,LBN,7436
2274019,66,124,1255,2013.0,0.0,22475.0,-1.53603,-1.104965,DZA,LBN,7436
2274020,67,124,1255,2013.0,1429.0,0.0,-0.8251790000000001,-0.9347200000000001,ECU,LBN,7436
2274021,68,124,1255,2013.0,320448.0,0.0,-0.12015799999999999,1.793363,EGY,LBN,7436
2274022,71,124,1255,2013.0,411170.0,0.0,0.955472,1.80005,ESP,LBN,7436
2274023,72,124,1255,2013.0,10108.0,0.0,0.923321,1.290016,EST,LBN,7436
2274024,74,124,1255,2013.0,1777.0,0.0,1.700282,0.867677,FIN,LBN,7436
2274025,77,124,1255,2013.0,763918.0,2610916.0,1.5253299999999999,0.026146,FRA,LBN,7436
2274026,80,124,1255,2013.0,0.0,39580.0,-1.652062,-1.140576,GAB,LBN,7436
2274027,81,124,1255,2013.0,2221384.0,3933.0,1.628465,0.77075,GBR,LBN,7436
2274028,83,124,1255,2013.0,0.0,143451.0,-0.696971,-0.5807939999999999,GHA,LBN,7436
2274029,85,124,1255,2013.0,0.0,75378.0,-1.281072,-1.027585,GIN,LBN,7436
2274030,87,124,1255,2013.0,0.0,2371.0,-0.867648,-0.90786,GMB,LBN,7436
2274031,88,124,1255,2013.0,0.0,5806.0,-1.888843,-0.8988809999999999,GNB,LBN,7436
2274032,89,124,1255,2013.0,0.0,31840.0,-1.7984200000000001,-0.678832,GNQ,LBN,7436
2274033,90,124,1255,2013.0,7620.0,0.0,0.073442,0.9857899999999999,GRC,LBN,7436
2274034,97,124,1255,2013.0,13808.0,0.0,0.791401,1.249845,HKG,LBN,7436
2274035,102,124,1255,2013.0,31990.0,0.0,1.6962560000000002,0.45460600000000007,HUN,LBN,7436
2274036,103,124,1255,2013.0,155947.0,0.0,-0.006876999999999999,1.8336569999999999,IDN,LBN,7436
2274037,104,124,1255,2013.0,177761.0,0.0,0.18186,2.647598,IND,LBN,7436
2274038,106,124,1255,2013.0,8999.0,0.0,1.32787,0.394579,IRL,LBN,7436
2274039,108,124,1255,2013.0,0.0,1742496.0,-3.147217,-0.685991,IRQ,LBN,7436
2274040,111,124,1255,2013.0,4210194.0,201840.0,1.419383,-0.304402,ITA,LBN,7436
2274041,113,124,1255,2013.0,6930.0,19489.0,0.1888,0.596867,JOR,LBN,7436
2274042,114,124,1255,2013.0,358546.0,0.0,2.333417,-0.818701,JPN,LBN,7436
2274043,121,124,1255,2013.0,393444.0,112540.0,1.817145,0.835414,KOR,LBN,7436
2274044,122,124,1255,2013.0,0.0,20876.0,-1.198985,-1.057248,KWT,LBN,7436
2274045,125,124,1255,2013.0,0.0,107884.0,-0.8343229999999999,-0.992129,LBR,LBN,7436
2274046,126,124,1255,2013.0,0.0,9789.0,-1.871593,-1.1211790000000001,LBY,LBN,7436
2274047,131,124,1255,2013.0,8238.0,0.0,1.0110190000000001,1.123226,LUX,LBN,7436
2274048,134,124,1255,2013.0,1446.0,1268.0,-0.474872,0.178118,MAR,LBN,7436
2274049,138,124,1255,2013.0,365366.0,0.0,1.2327219999999999,0.746108,MEX,LBN,7436
2274050,153,124,1255,2013.0,142883.0,0.0,0.924532,0.671334,MYS,LBN,7436
2274051,159,124,1255,2013.0,0.0,238776.0,-1.679402,-1.14686,NGA,LBN,7436
2274052,162,124,1255,2013.0,288628.0,4553.0,1.012006,1.441545,NLD,LBN,7436
2274053,163,124,1255,2013.0,42715.0,0.0,0.710901,0.062705,NOR,LBN,7436
2274054,166,124,1255,2013.0,1232.0,0.0,0.192237,0.429825,NZL,LBN,7436
2274055,167,124,1255,2013.0,28821.0,5040.0,-0.698693,-1.030814,OMN,LBN,7436
2274056,168,124,1255,2013.0,0.0,5538.0,-0.697224,0.501576,PAK,LBN,7436
2274057,174,124,1255,2013.0,11590.0,0.0,0.639083,0.45816899999999994,PHL,LBN,7436
2274058,177,124,1255,2013.0,73198.0,0.0,1.11341,0.975734,POL,LBN,7436
2274059,183,124,1255,2013.0,0.0,41526.0,-0.583609,-1.003754,QAT,LBN,7436
2274060,185,124,1255,2013.0,9818.0,0.0,1.05722,1.0968799999999999,ROU,LBN,7436
2274061,188,124,1255,2013.0,257662.0,429635.0,-0.14823599999999998,-0.883965,SAU,LBN,7436
2274062,190,124,1255,2013.0,0.0,99072.0,-1.224897,-1.059517,SDN,LBN,7436
2274063,191,124,1255,2013.0,0.0,42221.0,-0.566624,-0.185277,SEN,LBN,7436
2274064,192,124,1255,2013.0,32163.0,0.0,1.844685,0.639379,SGP,LBN,7436
2274065,196,124,1255,2013.0,0.0,158654.0,-0.42937700000000006,-0.529857,SLE,LBN,7436
2274066,201,124,1255,2013.0,30980.0,0.0,0.609755,1.355304,SRB,LBN,7436
2274067,206,124,1255,2013.0,21086.0,0.0,1.510052,0.7060310000000001,SVK,LBN,7436
2274068,207,124,1255,2013.0,13003.0,0.0,1.55922,0.565874,SVN,LBN,7436
2274069,208,124,1255,2013.0,120133.0,0.0,1.7851290000000002,0.182623,SWE,LBN,7436
2274070,212,124,1255,2013.0,14411.0,8911.0,-0.09157699999999999,1.1795950000000002,SYR,LBN,7436
2274071,216,124,1255,2013.0,64120.0,0.0,1.067287,1.2767110000000002,THA,LBN,7436
2274072,223,124,1255,2013.0,40669.0,0.0,0.40154,0.902177,TUN,LBN,7436
2274073,224,124,1255,2013.0,1018974.0,7677.0,0.580016,2.394812,TUR,LBN,7436
2274074,226,124,1255,2013.0,0.0,1857.0,-0.654655,0.903574,TZA,LBN,7436
2274075,227,124,1255,2013.0,0.0,3634.0,-0.46170100000000003,0.652878,UGA,LBN,7436
2274076,231,124,1255,2013.0,2015505.0,853633.0,1.612058,-0.8592989999999999,USA,LBN,7436
2274077,243,124,1255,2013.0,0.0,80287.0,-1.2788700000000002,-1.230713,YEM,LBN,7436
2274078,246,124,1255,2013.0,16079.0,4285.0,0.11624100000000001,1.574591,ZAF,LBN,7436
2274079,248,124,1255,2013.0,0.0,7300.0,-0.841968,-0.898121,ZWE,LBN,7436
2274080,249,124,1255,2013.0,474652.0,0.0,1.7382849999999999,0.9917739999999999,TWN,LBN,7436
2274081,250,124,1255,2013.0,3553.0,22719.0,0.583151,0.14238299999999998,ANS,LBN,7436
2274082,7,128,1255,2013.0,137632.0,0.0,-0.338417,-0.754102,ARE,LKA,7436
2274083,14,128,1255,2013.0,6311.0,4926.0,-0.63369,-0.276328,AUS,LKA,7436
2274084,15,128,1255,2013.0,23161.0,0.0,1.855434,-1.06494,AUT,LKA,7436
2274085,18,128,1255,2013.0,30513.0,0.0,1.198491,1.117268,BEL,LKA,7436
2274086,21,128,1255,2013.0,0.0,2380.0,-0.7231029999999999,-0.736291,BFA,LKA,7436
2274087,22,128,1255,2013.0,0.0,171363.0,-0.835666,-0.8088810000000001,BGD,LKA,7436
2274088,39,128,1255,2013.0,14850.0,6188.0,0.599305,1.193591,CAN,LKA,7436
2274089,40,128,1255,2013.0,17781.0,0.0,1.455111,0.48071,CCK,LKA,7436
2274090,41,128,1255,2013.0,22866.0,0.0,2.0899229999999998,0.661667,CHE,LKA,7436
2274091,43,128,1255,2013.0,5328552.0,0.0,1.24864,0.667713,CHN,LKA,7436
2274092,59,128,1255,2013.0,81823.0,0.0,1.829509,-0.41787700000000005,CZE,LKA,7436
2274093,61,128,1255,2013.0,2517228.0,29897.0,2.1086869999999998,-3.7092,DEU,LKA,7436
2274094,64,128,1255,2013.0,42438.0,0.0,1.190302,1.062991,DNK,LKA,7436
2274095,71,128,1255,2013.0,25653.0,0.0,0.955472,1.80005,ESP,LKA,7436
2274096,74,128,1255,2013.0,29942.0,0.0,1.700282,0.867677,FIN,LKA,7436
2274097,77,128,1255,2013.0,17293.0,0.0,1.5253299999999999,0.026146,FRA,LKA,7436
2274098,81,128,1255,2013.0,356962.0,0.0,1.628465,0.77075,GBR,LKA,7436
2274099,82,128,1255,2013.0,11085.0,0.0,-0.08343099999999999,-0.359692,GEO,LKA,7436
2274100,90,128,1255,2013.0,59665.0,0.0,0.073442,0.9857899999999999,GRC,LKA,7436
2274101,97,128,1255,2013.0,236602.0,0.0,0.791401,1.249845,HKG,LKA,7436
2274102,100,128,1255,2013.0,105470.0,0.0,0.8737309999999999,1.276091,HRV,LKA,7436
2274103,102,128,1255,2013.0,4693.0,0.0,1.6962560000000002,0.45460600000000007,HUN,LKA,7436
2274104,103,128,1255,2013.0,2171454.0,0.0,-0.006876999999999999,1.8336569999999999,IDN,LKA,7436
2274105,104,128,1255,2013.0,5484781.0,2620.0,0.18186,2.647598,IND,LKA,7436
2274106,107,128,1255,2013.0,3558.0,0.0,-0.23625100000000002,-0.256067,IRN,LKA,7436
2274107,110,128,1255,2013.0,8784.0,0.0,1.0247629999999999,0.8261639999999999,ISR,LKA,7436
2274108,111,128,1255,2013.0,473004.0,0.0,1.419383,-0.304402,ITA,LKA,7436
2274109,114,128,1255,2013.0,1687230.0,0.0,2.333417,-0.818701,JPN,LKA,7436
2274110,121,128,1255,2013.0,670450.0,1095.0,1.817145,0.835414,KOR,LKA,7436
2274111,135,128,1255,2013.0,0.0,8634.0,0.14256,0.33920700000000004,MDA,LKA,7436
2274112,137,128,1255,2013.0,0.0,66356.0,-0.510204,-0.740372,MDV,LKA,7436
2274113,138,128,1255,2013.0,21002.0,1698.0,1.2327219999999999,0.746108,MEX,LKA,7436
2274114,151,128,1255,2013.0,2187.0,0.0,-0.092312,0.050927,MUS,LKA,7436
2274115,153,128,1255,2013.0,483605.0,0.0,0.924532,0.671334,MYS,LKA,7436
2274116,162,128,1255,2013.0,196245.0,0.0,1.012006,1.441545,NLD,LKA,7436
2274117,163,128,1255,2013.0,4994.0,0.0,0.710901,0.062705,NOR,LKA,7436
2274118,168,128,1255,2013.0,8654.0,0.0,-0.697224,0.501576,PAK,LKA,7436
2274119,174,128,1255,2013.0,32128.0,0.0,0.639083,0.45816899999999994,PHL,LKA,7436
2274120,192,128,1255,2013.0,695156.0,1443.0,1.844685,0.639379,SGP,LKA,7436
2274121,207,128,1255,2013.0,15207.0,0.0,1.55922,0.565874,SVN,LKA,7436
2274122,208,128,1255,2013.0,85219.0,0.0,1.7851290000000002,0.182623,SWE,LKA,7436
2274123,211,128,1255,2013.0,0.0,33378.0,0.06901,-0.438229,SYC,LKA,7436
2274124,216,128,1255,2013.0,400689.0,0.0,1.067287,1.2767110000000002,THA,LKA,7436
2274125,224,128,1255,2013.0,84928.0,1614.0,0.580016,2.394812,TUR,LKA,7436
2274126,231,128,1255,2013.0,581150.0,7718.0,1.612058,-0.8592989999999999,USA,LKA,7436
2274127,239,128,1255,2013.0,16770.0,0.0,0.009264,1.182368,VNM,LKA,7436
2274128,249,128,1255,2013.0,309687.0,0.0,1.7382849999999999,0.9917739999999999,TWN,LKA,7436
2274129,1,130,1255,2013.0,0.0,8684.0,-0.767212,-0.6506069999999999,AFG,LTU,7436
2274130,2,130,1255,2013.0,0.0,1472.0,-1.240877,-1.073797,AGO,LTU,7436
2274131,4,130,1255,2013.0,0.0,8060.0,-0.44779300000000005,-0.13181700000000002,ALB,LTU,7436
2274132,7,130,1255,2013.0,25471.0,2264.0,-0.338417,-0.754102,ARE,LTU,7436
2274133,8,130,1255,2013.0,0.0,42421.0,0.042829,0.461002,ARG,LTU,7436
2274134,9,130,1255,2013.0,0.0,7153.0,-0.159148,-0.515766,ARM,LTU,7436
2274135,14,130,1255,2013.0,0.0,19152.0,-0.63369,-0.276328,AUS,LTU,7436
2274136,15,130,1255,2013.0,474801.0,22435.0,1.855434,-1.06494,AUT,LTU,7436
2274137,16,130,1255,2013.0,2333.0,125881.0,-1.319766,-1.200648,AZE,LTU,7436
2274138,18,130,1255,2013.0,3388816.0,81936.0,1.198491,1.117268,BEL,LTU,7436
2274139,23,130,1255,2013.0,32665.0,271746.0,0.622325,1.5506229999999999,BGR,LTU,7436
2274140,26,130,1255,2013.0,0.0,2354.0,0.723658,0.9271879999999999,BIH,LTU,7436
2274141,28,130,1255,2013.0,92032.0,9512668.0,1.183522,0.934159,BLR,LTU,7436
2274142,32,130,1255,2013.0,4295.0,1281.0,0.2804,0.649729,BRA,LTU,7436
2274143,39,130,1255,2013.0,219836.0,86129.0,0.599305,1.193591,CAN,LTU,7436
2274144,41,130,1255,2013.0,203866.0,48051.0,2.0899229999999998,0.661667,CHE,LTU,7436
2274145,42,130,1255,2013.0,0.0,4872.0,-0.184556,-0.238657,CHL,LTU,7436
2274146,43,130,1255,2013.0,13046465.0,8919.0,1.24864,0.667713,CHN,LTU,7436
2274147,49,130,1255,2013.0,0.0,5220.0,0.034491,-0.36975,COL,LTU,7436
2274148,59,130,1255,2013.0,1276408.0,268852.0,1.829509,-0.41787700000000005,CZE,LTU,7436
2274149,61,130,1255,2013.0,14658132.0,483792.0,2.1086869999999998,-3.7092,DEU,LTU,7436
2274150,64,130,1255,2013.0,737825.0,4136335.0,1.190302,1.062991,DNK,LTU,7436
2274151,66,130,1255,2013.0,0.0,81944.0,-1.53603,-1.104965,DZA,LTU,7436
2274152,71,130,1255,2013.0,300658.0,41324.0,0.955472,1.80005,ESP,LTU,7436
2274153,72,130,1255,2013.0,1517640.0,840679.0,0.923321,1.290016,EST,LTU,7436
2274154,74,130,1255,2013.0,1986416.0,983521.0,1.700282,0.867677,FIN,LTU,7436
2274155,77,130,1255,2013.0,3421903.0,2083044.0,1.5253299999999999,0.026146,FRA,LTU,7436
2274156,81,130,1255,2013.0,888324.0,456786.0,1.628465,0.77075,GBR,LTU,7436
2274157,82,130,1255,2013.0,0.0,80034.0,-0.08343099999999999,-0.359692,GEO,LTU,7436
2274158,85,130,1255,2013.0,0.0,2109.0,-1.281072,-1.027585,GIN,LTU,7436
2274159,89,130,1255,2013.0,0.0,1018.0,-1.7984200000000001,-0.678832,GNQ,LTU,7436
2274160,90,130,1255,2013.0,0.0,23025.0,0.073442,0.9857899999999999,GRC,LTU,7436
2274161,97,130,1255,2013.0,2468.0,3473.0,0.791401,1.249845,HKG,LTU,7436
2274162,100,130,1255,2013.0,0.0,130838.0,0.8737309999999999,1.276091,HRV,LTU,7436
2274163,102,130,1255,2013.0,310883.0,448927.0,1.6962560000000002,0.45460600000000007,HUN,LTU,7436
2274164,103,130,1255,2013.0,132459.0,0.0,-0.006876999999999999,1.8336569999999999,IDN,LTU,7436
2274165,104,130,1255,2013.0,2014.0,0.0,0.18186,2.647598,IND,LTU,7436
2274166,106,130,1255,2013.0,119181.0,89506.0,1.32787,0.394579,IRL,LTU,7436
2274167,109,130,1255,2013.0,0.0,1089.0,0.284089,-0.164097,ISL,LTU,7436
2274168,110,130,1255,2013.0,22023.0,0.0,1.0247629999999999,0.8261639999999999,ISR,LTU,7436
2274169,111,130,1255,2013.0,2600588.0,260529.0,1.419383,-0.304402,ITA,LTU,7436
2274170,113,130,1255,2013.0,0.0,10203.0,0.1888,0.596867,JOR,LTU,7436
2274171,114,130,1255,2013.0,153695.0,212534.0,2.333417,-0.818701,JPN,LTU,7436
2274172,115,130,1255,2013.0,230849.0,31645326.0,-0.9193819999999999,-0.734194,KAZ,LTU,7436
2274173,117,130,1255,2013.0,0.0,55073.0,0.25090500000000004,0.7357279999999999,KGZ,LTU,7436
2274174,121,130,1255,2013.0,147276.0,0.0,1.817145,0.835414,KOR,LTU,7436
2274175,122,130,1255,2013.0,0.0,16400.0,-1.198985,-1.057248,KWT,LTU,7436
2274176,131,130,1255,2013.0,16809.0,0.0,1.0110190000000001,1.123226,LUX,LTU,7436
2274177,132,130,1255,2013.0,1569664.0,4781490.0,0.652463,1.299917,LVA,LTU,7436
2274178,134,130,1255,2013.0,15054.0,226685.0,-0.474872,0.178118,MAR,LTU,7436
2274179,135,130,1255,2013.0,33300.0,171066.0,0.14256,0.33920700000000004,MDA,LTU,7436
2274180,138,130,1255,2013.0,0.0,18036.0,1.2327219999999999,0.746108,MEX,LTU,7436
2274181,140,130,1255,2013.0,0.0,18694.0,-0.127775,0.21915900000000002,MKD,LTU,7436
2274182,142,130,1255,2013.0,99912.0,0.0,0.710108,-0.014586000000000002,MLT,LTU,7436
2274183,145,130,1255,2013.0,0.0,11113.0,-1.264785,-1.133222,MNG,LTU,7436
2274184,148,130,1255,2013.0,0.0,10418.0,-1.681152,-1.2712350000000001,MRT,LTU,7436
2274185,162,130,1255,2013.0,1622376.0,48339.0,1.012006,1.441545,NLD,LTU,7436
2274186,163,130,1255,2013.0,7413.0,351772.0,0.710901,0.062705,NOR,LTU,7436
2274187,166,130,1255,2013.0,0.0,8344.0,0.192237,0.429825,NZL,LTU,7436
2274188,169,130,1255,2013.0,0.0,24729.0,0.8719819999999999,1.038982,PAN,LTU,7436
2274189,173,130,1255,2013.0,0.0,105770.0,-0.640044,0.121772,PER,LTU,7436
2274190,177,130,1255,2013.0,8154466.0,3751173.0,1.11341,0.975734,POL,LTU,7436
2274191,179,130,1255,2013.0,18536.0,16155.0,0.705087,2.2055580000000004,PRT,LTU,7436
2274192,183,130,1255,2013.0,0.0,25473.0,-0.583609,-1.003754,QAT,LTU,7436
2274193,185,130,1255,2013.0,133952.0,751011.0,1.05722,1.0968799999999999,ROU,LTU,7436
2274194,186,130,1255,2013.0,1247565.0,16467433.0,-0.08233,-0.267781,RUS,LTU,7436
2274195,192,130,1255,2013.0,54243.0,33433.0,1.844685,0.639379,SGP,LTU,7436
2274196,201,130,1255,2013.0,0.0,14549.0,0.609755,1.355304,SRB,LTU,7436
2274197,206,130,1255,2013.0,101496.0,82917.0,1.510052,0.7060310000000001,SVK,LTU,7436
2274198,207,130,1255,2013.0,136260.0,62181.0,1.55922,0.565874,SVN,LTU,7436
2274199,208,130,1255,2013.0,1351893.0,706568.0,1.7851290000000002,0.182623,SWE,LTU,7436
2274200,216,130,1255,2013.0,2398.0,1402.0,1.067287,1.2767110000000002,THA,LTU,7436
2274201,217,130,1255,2013.0,0.0,8493.0,-1.117246,-1.1638600000000001,TJK,LTU,7436
2274202,219,130,1255,2013.0,0.0,6263.0,-1.174981,-1.14869,TKM,LTU,7436
2274203,224,130,1255,2013.0,656850.0,285578.0,0.580016,2.394812,TUR,LTU,7436
2274204,228,130,1255,2013.0,170732.0,1336109.0,0.535571,1.026263,UKR,LTU,7436
2274205,231,130,1255,2013.0,1535798.0,1279679.0,1.612058,-0.8592989999999999,USA,LTU,7436
2274206,232,130,1255,2013.0,0.0,1056793.0,-0.7076319999999999,-0.645674,UZB,LTU,7436
2274207,236,130,1255,2013.0,0.0,9125.0,-1.281202,-1.094268,VEN,LTU,7436
2274208,246,130,1255,2013.0,0.0,1442.0,0.11624100000000001,1.574591,ZAF,LTU,7436
2274209,249,130,1255,2013.0,138186.0,0.0,1.7382849999999999,0.9917739999999999,TWN,LTU,7436
2274210,2,131,1255,2013.0,0.0,6372.0,-1.240877,-1.073797,AGO,LUX,7436
2274211,7,131,1255,2013.0,0.0,43846.0,-0.338417,-0.754102,ARE,LUX,7436
2274212,14,131,1255,2013.0,0.0,10231.0,-0.63369,-0.276328,AUS,LUX,7436
2274213,15,131,1255,2013.0,62891.0,64272.0,1.855434,-1.06494,AUT,LUX,7436
2274214,18,131,1255,2013.0,7671618.0,915788.0,1.198491,1.117268,BEL,LUX,7436
2274215,23,131,1255,2013.0,0.0,3449192.0,0.622325,1.5506229999999999,BGR,LUX,7436
2274216,32,131,1255,2013.0,0.0,252696.0,0.2804,0.649729,BRA,LUX,7436
2274217,34,131,1255,2013.0,0.0,13610.0,-1.664,-0.663172,BRN,LUX,7436
2274218,39,131,1255,2013.0,151168.0,590656.0,0.599305,1.193591,CAN,LUX,7436
2274219,41,131,1255,2013.0,565105.0,31586.0,2.0899229999999998,0.661667,CHE,LUX,7436
2274220,43,131,1255,2013.0,110654.0,4705067.0,1.24864,0.667713,CHN,LUX,7436
2274221,45,131,1255,2013.0,0.0,2839.0,-0.93575,-1.003851,CMR,LUX,7436
2274222,52,131,1255,2013.0,0.0,7860.0,0.208669,-0.54783,CRI,LUX,7436
2274223,58,131,1255,2013.0,0.0,22270.0,0.36482800000000004,0.527544,CYP,LUX,7436
2274224,59,131,1255,2013.0,35760.0,6386.0,1.829509,-0.41787700000000005,CZE,LUX,7436
2274225,61,131,1255,2013.0,11306303.0,339006.0,2.1086869999999998,-3.7092,DEU,LUX,7436
2274226,64,131,1255,2013.0,45973.0,27731.0,1.190302,1.062991,DNK,LUX,7436
2274227,66,131,1255,2013.0,0.0,2186.0,-1.53603,-1.104965,DZA,LUX,7436
2274228,67,131,1255,2013.0,0.0,2155.0,-0.8251790000000001,-0.9347200000000001,ECU,LUX,7436
2274229,68,131,1255,2013.0,0.0,16679.0,-0.12015799999999999,1.793363,EGY,LUX,7436
2274230,71,131,1255,2013.0,31935.0,648178.0,0.955472,1.80005,ESP,LUX,7436
2274231,72,131,1255,2013.0,0.0,30514.0,0.923321,1.290016,EST,LUX,7436
2274232,74,131,1255,2013.0,13892.0,45896.0,1.700282,0.867677,FIN,LUX,7436
2274233,77,131,1255,2013.0,1069342.0,8232514.0,1.5253299999999999,0.026146,FRA,LUX,7436
2274234,81,131,1255,2013.0,610536.0,114487.0,1.628465,0.77075,GBR,LUX,7436
2274235,82,131,1255,2013.0,0.0,3104.0,-0.08343099999999999,-0.359692,GEO,LUX,7436
2274236,83,131,1255,2013.0,0.0,13926.0,-0.696971,-0.5807939999999999,GHA,LUX,7436
2274237,90,131,1255,2013.0,3568.0,15842.0,0.073442,0.9857899999999999,GRC,LUX,7436
2274238,100,131,1255,2013.0,4640.0,4653.0,0.8737309999999999,1.276091,HRV,LUX,7436
2274239,102,131,1255,2013.0,1732.0,3699.0,1.6962560000000002,0.45460600000000007,HUN,LUX,7436
2274240,103,131,1255,2013.0,0.0,1653.0,-0.006876999999999999,1.8336569999999999,IDN,LUX,7436
2274241,104,131,1255,2013.0,0.0,22585.0,0.18186,2.647598,IND,LUX,7436
2274242,106,131,1255,2013.0,2022.0,0.0,1.32787,0.394579,IRL,LUX,7436
2274243,107,131,1255,2013.0,0.0,6251.0,-0.23625100000000002,-0.256067,IRN,LUX,7436
2274244,109,131,1255,2013.0,0.0,1889.0,0.284089,-0.164097,ISL,LUX,7436
2274245,110,131,1255,2013.0,137256.0,4767.0,1.0247629999999999,0.8261639999999999,ISR,LUX,7436
2274246,111,131,1255,2013.0,866118.0,1093479.0,1.419383,-0.304402,ITA,LUX,7436
2274247,114,131,1255,2013.0,53521.0,1673455.0,2.333417,-0.818701,JPN,LUX,7436
2274248,115,131,1255,2013.0,0.0,3394.0,-0.9193819999999999,-0.734194,KAZ,LUX,7436
2274249,116,131,1255,2013.0,0.0,71569.0,-0.303119,0.626786,KEN,LUX,7436
2274250,121,131,1255,2013.0,215648.0,2433006.0,1.817145,0.835414,KOR,LUX,7436
2274251,122,131,1255,2013.0,2691.0,1469.0,-1.198985,-1.057248,KWT,LUX,7436
2274252,124,131,1255,2013.0,0.0,8238.0,0.37392800000000004,1.413136,LBN,LUX,7436
2274253,130,131,1255,2013.0,0.0,16809.0,0.677986,1.29227,LTU,LUX,7436
2274254,132,131,1255,2013.0,0.0,2176.0,0.652463,1.299917,LVA,LUX,7436
2274255,134,131,1255,2013.0,0.0,14505.0,-0.474872,0.178118,MAR,LUX,7436
2274256,138,131,1255,2013.0,15124.0,43015.0,1.2327219999999999,0.746108,MEX,LUX,7436
2274257,153,131,1255,2013.0,0.0,22631.0,0.924532,0.671334,MYS,LUX,7436
2274258,159,131,1255,2013.0,0.0,62772.0,-1.679402,-1.14686,NGA,LUX,7436
2274259,162,131,1255,2013.0,657191.0,41115.0,1.012006,1.441545,NLD,LUX,7436
2274260,163,131,1255,2013.0,318472.0,1469160.0,0.710901,0.062705,NOR,LUX,7436
2274261,166,131,1255,2013.0,0.0,4604.0,0.192237,0.429825,NZL,LUX,7436
2274262,167,131,1255,2013.0,0.0,7174.0,-0.698693,-1.030814,OMN,LUX,7436
2274263,168,131,1255,2013.0,0.0,27472.0,-0.697224,0.501576,PAK,LUX,7436
2274264,177,131,1255,2013.0,7781.0,147460.0,1.11341,0.975734,POL,LUX,7436
2274265,179,131,1255,2013.0,5482.0,2202.0,0.705087,2.2055580000000004,PRT,LUX,7436
2274266,183,131,1255,2013.0,0.0,20199.0,-0.583609,-1.003754,QAT,LUX,7436
2274267,185,131,1255,2013.0,0.0,832790.0,1.05722,1.0968799999999999,ROU,LUX,7436
2274268,186,131,1255,2013.0,0.0,142401.0,-0.08233,-0.267781,RUS,LUX,7436
2274269,188,131,1255,2013.0,0.0,230412.0,-0.14823599999999998,-0.883965,SAU,LUX,7436
2274270,192,131,1255,2013.0,0.0,7115.0,1.844685,0.639379,SGP,LUX,7436
2274271,206,131,1255,2013.0,0.0,2618.0,1.510052,0.7060310000000001,SVK,LUX,7436
2274272,207,131,1255,2013.0,8987.0,134135.0,1.55922,0.565874,SVN,LUX,7436
2274273,208,131,1255,2013.0,46031.0,102097.0,1.7851290000000002,0.182623,SWE,LUX,7436
2274274,215,131,1255,2013.0,0.0,7232.0,-0.532095,-0.434276,TGO,LUX,7436
2274275,223,131,1255,2013.0,0.0,85305.0,0.40154,0.902177,TUN,LUX,7436
2274276,224,131,1255,2013.0,36930.0,19927.0,0.580016,2.394812,TUR,LUX,7436
2274277,228,131,1255,2013.0,0.0,3145.0,0.535571,1.026263,UKR,LUX,7436
2274278,230,131,1255,2013.0,0.0,15437.0,0.128825,0.02334,URY,LUX,7436
2274279,231,131,1255,2013.0,610021.0,161097.0,1.612058,-0.8592989999999999,USA,LUX,7436
2274280,232,131,1255,2013.0,0.0,1055.0,-0.7076319999999999,-0.645674,UZB,LUX,7436
2274281,239,131,1255,2013.0,0.0,112391.0,0.009264,1.182368,VNM,LUX,7436
2274282,246,131,1255,2013.0,0.0,32883.0,0.11624100000000001,1.574591,ZAF,LUX,7436
2274283,249,131,1255,2013.0,11266.0,1296597.0,1.7382849999999999,0.9917739999999999,TWN,LUX,7436
2274284,250,131,1255,2013.0,980918.0,0.0,0.583151,0.14238299999999998,ANS,LUX,7436
2274285,7,132,1255,2013.0,1379.0,3037.0,-0.338417,-0.754102,ARE,LVA,7436
2274286,8,132,1255,2013.0,0.0,1736.0,0.042829,0.461002,ARG,LVA,7436
2274287,14,132,1255,2013.0,0.0,3078.0,-0.63369,-0.276328,AUS,LVA,7436
2274288,15,132,1255,2013.0,423855.0,19389.0,1.855434,-1.06494,AUT,LVA,7436
2274289,16,132,1255,2013.0,0.0,2603.0,-1.319766,-1.200648,AZE,LVA,7436
2274290,18,132,1255,2013.0,2521272.0,2519.0,1.198491,1.117268,BEL,LVA,7436
2274291,23,132,1255,2013.0,5185.0,15884.0,0.622325,1.5506229999999999,BGR,LVA,7436
2274292,28,132,1255,2013.0,42897.0,968324.0,1.183522,0.934159,BLR,LVA,7436
2274293,32,132,1255,2013.0,0.0,107471.0,0.2804,0.649729,BRA,LVA,7436
2274294,39,132,1255,2013.0,37357.0,39455.0,0.599305,1.193591,CAN,LVA,7436
2274295,41,132,1255,2013.0,10044.0,3826.0,2.0899229999999998,0.661667,CHE,LVA,7436
2274296,43,132,1255,2013.0,3642491.0,19123.0,1.24864,0.667713,CHN,LVA,7436
2274297,59,132,1255,2013.0,769197.0,3422.0,1.829509,-0.41787700000000005,CZE,LVA,7436
2274298,61,132,1255,2013.0,5180350.0,2643364.0,2.1086869999999998,-3.7092,DEU,LVA,7436
2274299,64,132,1255,2013.0,2865818.0,618274.0,1.190302,1.062991,DNK,LVA,7436
2274300,71,132,1255,2013.0,286782.0,43044.0,0.955472,1.80005,ESP,LVA,7436
2274301,72,132,1255,2013.0,979329.0,653169.0,0.923321,1.290016,EST,LVA,7436
2274302,74,132,1255,2013.0,1878858.0,78786.0,1.700282,0.867677,FIN,LVA,7436
2274303,77,132,1255,2013.0,810760.0,165125.0,1.5253299999999999,0.026146,FRA,LVA,7436
2274304,81,132,1255,2013.0,789532.0,471188.0,1.628465,0.77075,GBR,LVA,7436
2274305,97,132,1255,2013.0,8280.0,2028.0,0.791401,1.249845,HKG,LVA,7436
2274306,100,132,1255,2013.0,0.0,4571.0,0.8737309999999999,1.276091,HRV,LVA,7436
2274307,102,132,1255,2013.0,114351.0,291977.0,1.6962560000000002,0.45460600000000007,HUN,LVA,7436
2274308,103,132,1255,2013.0,5827.0,0.0,-0.006876999999999999,1.8336569999999999,IDN,LVA,7436
2274309,104,132,1255,2013.0,0.0,5315.0,0.18186,2.647598,IND,LVA,7436
2274310,106,132,1255,2013.0,20219.0,0.0,1.32787,0.394579,IRL,LVA,7436
2274311,110,132,1255,2013.0,10007.0,1661.0,1.0247629999999999,0.8261639999999999,ISR,LVA,7436
2274312,111,132,1255,2013.0,1904369.0,599450.0,1.419383,-0.304402,ITA,LVA,7436
2274313,114,132,1255,2013.0,40283.0,0.0,2.333417,-0.818701,JPN,LVA,7436
2274314,115,132,1255,2013.0,0.0,183398.0,-0.9193819999999999,-0.734194,KAZ,LVA,7436
2274315,117,132,1255,2013.0,0.0,212911.0,0.25090500000000004,0.7357279999999999,KGZ,LVA,7436
2274316,121,132,1255,2013.0,23511.0,0.0,1.817145,0.835414,KOR,LVA,7436
2274317,125,132,1255,2013.0,0.0,3457.0,-0.8343229999999999,-0.992129,LBR,LVA,7436
2274318,130,132,1255,2013.0,4781490.0,1569664.0,0.677986,1.29227,LTU,LVA,7436
2274319,131,132,1255,2013.0,2176.0,0.0,1.0110190000000001,1.123226,LUX,LVA,7436
2274320,134,132,1255,2013.0,0.0,6867.0,-0.474872,0.178118,MAR,LVA,7436
2274321,135,132,1255,2013.0,0.0,8876.0,0.14256,0.33920700000000004,MDA,LVA,7436
2274322,140,132,1255,2013.0,0.0,1978.0,-0.127775,0.21915900000000002,MKD,LVA,7436
2274323,153,132,1255,2013.0,31510.0,3166.0,0.924532,0.671334,MYS,LVA,7436
2274324,162,132,1255,2013.0,549270.0,1535629.0,1.012006,1.441545,NLD,LVA,7436
2274325,163,132,1255,2013.0,6433.0,701251.0,0.710901,0.062705,NOR,LVA,7436
2274326,177,132,1255,2013.0,3587082.0,77367.0,1.11341,0.975734,POL,LVA,7436
2274327,179,132,1255,2013.0,1726.0,0.0,0.705087,2.2055580000000004,PRT,LVA,7436
2274328,185,132,1255,2013.0,0.0,958758.0,1.05722,1.0968799999999999,ROU,LVA,7436
2274329,186,132,1255,2013.0,591572.0,3533348.0,-0.08233,-0.267781,RUS,LVA,7436
2274330,192,132,1255,2013.0,5835.0,18016.0,1.844685,0.639379,SGP,LVA,7436
2274331,206,132,1255,2013.0,754595.0,15986.0,1.510052,0.7060310000000001,SVK,LVA,7436
2274332,207,132,1255,2013.0,28492.0,377645.0,1.55922,0.565874,SVN,LVA,7436
2274333,208,132,1255,2013.0,1383461.0,1908950.0,1.7851290000000002,0.182623,SWE,LVA,7436
2274334,216,132,1255,2013.0,0.0,55547.0,1.067287,1.2767110000000002,THA,LVA,7436
2274335,224,132,1255,2013.0,590652.0,322131.0,0.580016,2.394812,TUR,LVA,7436
2274336,228,132,1255,2013.0,202815.0,384078.0,0.535571,1.026263,UKR,LVA,7436
2274337,231,132,1255,2013.0,1759428.0,0.0,1.612058,-0.8592989999999999,USA,LVA,7436
2274338,232,132,1255,2013.0,0.0,77988.0,-0.7076319999999999,-0.645674,UZB,LVA,7436
2274339,239,132,1255,2013.0,0.0,2270.0,0.009264,1.182368,VNM,LVA,7436
2274340,246,132,1255,2013.0,2704.0,0.0,0.11624100000000001,1.574591,ZAF,LVA,7436
2274341,249,132,1255,2013.0,200768.0,0.0,1.7382849999999999,0.9917739999999999,TWN,LVA,7436
2274342,7,135,1255,2013.0,1389.0,0.0,-0.338417,-0.754102,ARE,MDA,7436
2274343,8,135,1255,2013.0,3225.0,0.0,0.042829,0.461002,ARG,MDA,7436
2274344,15,135,1255,2013.0,217204.0,0.0,1.855434,-1.06494,AUT,MDA,7436
2274345,16,135,1255,2013.0,0.0,13265.0,-1.319766,-1.200648,AZE,MDA,7436
2274346,18,135,1255,2013.0,274768.0,0.0,1.198491,1.117268,BEL,MDA,7436
2274347,23,135,1255,2013.0,133468.0,0.0,0.622325,1.5506229999999999,BGR,MDA,7436
2274348,26,135,1255,2013.0,49434.0,0.0,0.723658,0.9271879999999999,BIH,MDA,7436
2274349,28,135,1255,2013.0,21500.0,0.0,1.183522,0.934159,BLR,MDA,7436
2274350,32,135,1255,2013.0,19054.0,0.0,0.2804,0.649729,BRA,MDA,7436
2274351,41,135,1255,2013.0,5062.0,0.0,2.0899229999999998,0.661667,CHE,MDA,7436
2274352,43,135,1255,2013.0,66774.0,0.0,1.24864,0.667713,CHN,MDA,7436
2274353,47,135,1255,2013.0,0.0,1550.0,-1.478461,-1.094509,COG,MDA,7436
2274354,49,135,1255,2013.0,7779.0,0.0,0.034491,-0.36975,COL,MDA,7436
2274355,58,135,1255,2013.0,1095.0,0.0,0.36482800000000004,0.527544,CYP,MDA,7436
2274356,59,135,1255,2013.0,83697.0,0.0,1.829509,-0.41787700000000005,CZE,MDA,7436
2274357,61,135,1255,2013.0,2639807.0,7624.0,2.1086869999999998,-3.7092,DEU,MDA,7436
2274358,64,135,1255,2013.0,346375.0,0.0,1.190302,1.062991,DNK,MDA,7436
2274359,71,135,1255,2013.0,127406.0,0.0,0.955472,1.80005,ESP,MDA,7436
2274360,74,135,1255,2013.0,70862.0,0.0,1.700282,0.867677,FIN,MDA,7436
2274361,77,135,1255,2013.0,89084.0,4295.0,1.5253299999999999,0.026146,FRA,MDA,7436
2274362,81,135,1255,2013.0,173486.0,0.0,1.628465,0.77075,GBR,MDA,7436
2274363,82,135,1255,2013.0,0.0,30342.0,-0.08343099999999999,-0.359692,GEO,MDA,7436
2274364,90,135,1255,2013.0,2164.0,0.0,0.073442,0.9857899999999999,GRC,MDA,7436
2274365,102,135,1255,2013.0,103690.0,0.0,1.6962560000000002,0.45460600000000007,HUN,MDA,7436
2274366,103,135,1255,2013.0,1265.0,0.0,-0.006876999999999999,1.8336569999999999,IDN,MDA,7436
2274367,104,135,1255,2013.0,68698.0,0.0,0.18186,2.647598,IND,MDA,7436
2274368,106,135,1255,2013.0,1326.0,0.0,1.32787,0.394579,IRL,MDA,7436
2274369,110,135,1255,2013.0,53479.0,0.0,1.0247629999999999,0.8261639999999999,ISR,MDA,7436
2274370,111,135,1255,2013.0,1053095.0,0.0,1.419383,-0.304402,ITA,MDA,7436
2274371,114,135,1255,2013.0,114956.0,0.0,2.333417,-0.818701,JPN,MDA,7436
2274372,115,135,1255,2013.0,0.0,1068.0,-0.9193819999999999,-0.734194,KAZ,MDA,7436
2274373,117,135,1255,2013.0,0.0,16014.0,0.25090500000000004,0.7357279999999999,KGZ,MDA,7436
2274374,121,135,1255,2013.0,93558.0,0.0,1.817145,0.835414,KOR,MDA,7436
2274375,128,135,1255,2013.0,8634.0,0.0,-0.320583,0.44462399999999996,LKA,MDA,7436
2274376,130,135,1255,2013.0,171066.0,33300.0,0.677986,1.29227,LTU,MDA,7436
2274377,132,135,1255,2013.0,8876.0,0.0,0.652463,1.299917,LVA,MDA,7436
2274378,138,135,1255,2013.0,7872.0,0.0,1.2327219999999999,0.746108,MEX,MDA,7436
2274379,153,135,1255,2013.0,1913.0,0.0,0.924532,0.671334,MYS,MDA,7436
2274380,162,135,1255,2013.0,243802.0,0.0,1.012006,1.441545,NLD,MDA,7436
2274381,174,135,1255,2013.0,1015.0,0.0,0.639083,0.45816899999999994,PHL,MDA,7436
2274382,177,135,1255,2013.0,2329472.0,0.0,1.11341,0.975734,POL,MDA,7436
2274383,185,135,1255,2013.0,3539378.0,204130.0,1.05722,1.0968799999999999,ROU,MDA,7436
2274384,186,135,1255,2013.0,374754.0,212871.0,-0.08233,-0.267781,RUS,MDA,7436
2274385,192,135,1255,2013.0,5138.0,0.0,1.844685,0.639379,SGP,MDA,7436
2274386,201,135,1255,2013.0,2090.0,0.0,0.609755,1.355304,SRB,MDA,7436
2274387,206,135,1255,2013.0,58178.0,0.0,1.510052,0.7060310000000001,SVK,MDA,7436
2274388,207,135,1255,2013.0,13538.0,0.0,1.55922,0.565874,SVN,MDA,7436
2274389,208,135,1255,2013.0,56090.0,0.0,1.7851290000000002,0.182623,SWE,MDA,7436
2274390,216,135,1255,2013.0,1209.0,0.0,1.067287,1.2767110000000002,THA,MDA,7436
2274391,223,135,1255,2013.0,18395.0,0.0,0.40154,0.902177,TUN,MDA,7436
2274392,224,135,1255,2013.0,457058.0,0.0,0.580016,2.394812,TUR,MDA,7436
2274393,228,135,1255,2013.0,537001.0,81384.0,0.535571,1.026263,UKR,MDA,7436
2274394,231,135,1255,2013.0,133515.0,0.0,1.612058,-0.8592989999999999,USA,MDA,7436
2274395,246,135,1255,2013.0,9374.0,0.0,0.11624100000000001,1.574591,ZAF,MDA,7436
2274396,249,135,1255,2013.0,10699.0,0.0,1.7382849999999999,0.9917739999999999,TWN,MDA,7436
2274397,4,140,1255,2013.0,0.0,35932.0,-0.44779300000000005,-0.13181700000000002,ALB,MKD,7436
2274398,15,140,1255,2013.0,272909.0,1658.0,1.855434,-1.06494,AUT,MKD,7436
2274399,18,140,1255,2013.0,1018944.0,45163.0,1.198491,1.117268,BEL,MKD,7436
2274400,23,140,1255,2013.0,301446.0,19833.0,0.622325,1.5506229999999999,BGR,MKD,7436
2274401,26,140,1255,2013.0,219880.0,19018.0,0.723658,0.9271879999999999,BIH,MKD,7436
2274402,28,140,1255,2013.0,0.0,3259.0,1.183522,0.934159,BLR,MKD,7436
2274403,32,140,1255,2013.0,1839.0,0.0,0.2804,0.649729,BRA,MKD,7436
2274404,39,140,1255,2013.0,0.0,3391.0,0.599305,1.193591,CAN,MKD,7436
2274405,41,140,1255,2013.0,10584.0,0.0,2.0899229999999998,0.661667,CHE,MKD,7436
2274406,43,140,1255,2013.0,62121.0,0.0,1.24864,0.667713,CHN,MKD,7436
2274407,58,140,1255,2013.0,27453.0,0.0,0.36482800000000004,0.527544,CYP,MKD,7436
2274408,59,140,1255,2013.0,176513.0,0.0,1.829509,-0.41787700000000005,CZE,MKD,7436
2274409,61,140,1255,2013.0,1993776.0,264568784.0,2.1086869999999998,-3.7092,DEU,MKD,7436
2274410,64,140,1255,2013.0,5008.0,0.0,1.190302,1.062991,DNK,MKD,7436
2274411,71,140,1255,2013.0,52580.0,0.0,0.955472,1.80005,ESP,MKD,7436
2274412,74,140,1255,2013.0,5040.0,0.0,1.700282,0.867677,FIN,MKD,7436
2274413,77,140,1255,2013.0,219359.0,0.0,1.5253299999999999,0.026146,FRA,MKD,7436
2274414,81,140,1255,2013.0,920360.0,29423.0,1.628465,0.77075,GBR,MKD,7436
2274415,90,140,1255,2013.0,117139.0,2195.0,0.073442,0.9857899999999999,GRC,MKD,7436
2274416,97,140,1255,2013.0,3291.0,0.0,0.791401,1.249845,HKG,MKD,7436
2274417,100,140,1255,2013.0,205117.0,7787.0,0.8737309999999999,1.276091,HRV,MKD,7436
2274418,102,140,1255,2013.0,372118.0,0.0,1.6962560000000002,0.45460600000000007,HUN,MKD,7436
2274419,103,140,1255,2013.0,1055.0,0.0,-0.006876999999999999,1.8336569999999999,IDN,MKD,7436
2274420,104,140,1255,2013.0,4146.0,0.0,0.18186,2.647598,IND,MKD,7436
2274421,106,140,1255,2013.0,5765.0,1132.0,1.32787,0.394579,IRL,MKD,7436
2274422,110,140,1255,2013.0,123036.0,3667.0,1.0247629999999999,0.8261639999999999,ISR,MKD,7436
2274423,111,140,1255,2013.0,644093.0,0.0,1.419383,-0.304402,ITA,MKD,7436
2274424,114,140,1255,2013.0,64052.0,0.0,2.333417,-0.818701,JPN,MKD,7436
2274425,117,140,1255,2013.0,0.0,7579.0,0.25090500000000004,0.7357279999999999,KGZ,MKD,7436
2274426,121,140,1255,2013.0,49009.0,0.0,1.817145,0.835414,KOR,MKD,7436
2274427,130,140,1255,2013.0,18694.0,0.0,0.677986,1.29227,LTU,MKD,7436
2274428,132,140,1255,2013.0,1978.0,0.0,0.652463,1.299917,LVA,MKD,7436
2274429,138,140,1255,2013.0,10604.0,0.0,1.2327219999999999,0.746108,MEX,MKD,7436
2274430,144,140,1255,2013.0,0.0,35193.0,0.09597,-0.019953,MNE,MKD,7436
2274431,153,140,1255,2013.0,3237.0,1143.0,0.924532,0.671334,MYS,MKD,7436
2274432,162,140,1255,2013.0,60998.0,10754.0,1.012006,1.441545,NLD,MKD,7436
2274433,166,140,1255,2013.0,0.0,1408.0,0.192237,0.429825,NZL,MKD,7436
2274434,177,140,1255,2013.0,464264.0,42045.0,1.11341,0.975734,POL,MKD,7436
2274435,185,140,1255,2013.0,148812.0,18584.0,1.05722,1.0968799999999999,ROU,MKD,7436
2274436,186,140,1255,2013.0,3140.0,0.0,-0.08233,-0.267781,RUS,MKD,7436
2274437,188,140,1255,2013.0,3500.0,0.0,-0.14823599999999998,-0.883965,SAU,MKD,7436
2274438,201,140,1255,2013.0,567129.0,76438.0,0.609755,1.355304,SRB,MKD,7436
2274439,206,140,1255,2013.0,18527.0,0.0,1.510052,0.7060310000000001,SVK,MKD,7436
2274440,207,140,1255,2013.0,648751.0,2707.0,1.55922,0.565874,SVN,MKD,7436
2274441,208,140,1255,2013.0,151098.0,1684.0,1.7851290000000002,0.182623,SWE,MKD,7436
2274442,216,140,1255,2013.0,3424.0,0.0,1.067287,1.2767110000000002,THA,MKD,7436
2274443,223,140,1255,2013.0,20962.0,0.0,0.40154,0.902177,TUN,MKD,7436
2274444,224,140,1255,2013.0,395561.0,0.0,0.580016,2.394812,TUR,MKD,7436
2274445,228,140,1255,2013.0,15624.0,0.0,0.535571,1.026263,UKR,MKD,7436
2274446,231,140,1255,2013.0,597487.0,3476.0,1.612058,-0.8592989999999999,USA,MKD,7436
2274447,249,140,1255,2013.0,3607.0,0.0,1.7382849999999999,0.9917739999999999,TWN,MKD,7436
2274448,1,147,1255,2013.0,2947.0,0.0,-0.767212,-0.6506069999999999,AFG,MOZ,7436
2274449,2,147,1255,2013.0,7839.0,64356.0,-1.240877,-1.073797,AGO,MOZ,7436
2274450,7,147,1255,2013.0,246782.0,0.0,-0.338417,-0.754102,ARE,MOZ,7436
2274451,10,147,1255,2013.0,2693.0,0.0,0.5701109999999999,-0.113648,ASM,MOZ,7436
2274452,15,147,1255,2013.0,51836.0,0.0,1.855434,-1.06494,AUT,MOZ,7436
2274453,18,147,1255,2013.0,39523.0,0.0,1.198491,1.117268,BEL,MOZ,7436
2274454,23,147,1255,2013.0,49636.0,0.0,0.622325,1.5506229999999999,BGR,MOZ,7436
2274455,28,147,1255,2013.0,1552.0,0.0,1.183522,0.934159,BLR,MOZ,7436
2274456,32,147,1255,2013.0,339080.0,0.0,0.2804,0.649729,BRA,MOZ,7436
2274457,37,147,1255,2013.0,16882.0,0.0,-0.677782,-1.0888149999999999,BWA,MOZ,7436
2274458,39,147,1255,2013.0,51543.0,0.0,0.599305,1.193591,CAN,MOZ,7436
2274459,41,147,1255,2013.0,17777.0,0.0,2.0899229999999998,0.661667,CHE,MOZ,7436
2274460,43,147,1255,2013.0,2598177.0,0.0,1.24864,0.667713,CHN,MOZ,7436
2274461,55,147,1255,2013.0,2189.0,0.0,-0.145402,-0.556962,CUW,MOZ,7436
2274462,59,147,1255,2013.0,15110.0,0.0,1.829509,-0.41787700000000005,CZE,MOZ,7436
2274463,61,147,1255,2013.0,330476.0,0.0,2.1086869999999998,-3.7092,DEU,MOZ,7436
2274464,71,147,1255,2013.0,15150.0,0.0,0.955472,1.80005,ESP,MOZ,7436
2274465,74,147,1255,2013.0,16151.0,0.0,1.700282,0.867677,FIN,MOZ,7436
2274466,77,147,1255,2013.0,36003.0,0.0,1.5253299999999999,0.026146,FRA,MOZ,7436
2274467,81,147,1255,2013.0,440894.0,300176.0,1.628465,0.77075,GBR,MOZ,7436
2274468,97,147,1255,2013.0,13527.0,0.0,0.791401,1.249845,HKG,MOZ,7436
2274469,104,147,1255,2013.0,370586.0,0.0,0.18186,2.647598,IND,MOZ,7436
2274470,106,147,1255,2013.0,18740.0,0.0,1.32787,0.394579,IRL,MOZ,7436
2274471,110,147,1255,2013.0,10405.0,0.0,1.0247629999999999,0.8261639999999999,ISR,MOZ,7436
2274472,111,147,1255,2013.0,1763965.0,0.0,1.419383,-0.304402,ITA,MOZ,7436
2274473,114,147,1255,2013.0,34915.0,0.0,2.333417,-0.818701,JPN,MOZ,7436
2274474,116,147,1255,2013.0,1848.0,23402.0,-0.303119,0.626786,KEN,MOZ,7436
2274475,121,147,1255,2013.0,67111.0,0.0,1.817145,0.835414,KOR,MOZ,7436
2274476,159,147,1255,2013.0,0.0,12673.0,-1.679402,-1.14686,NGA,MOZ,7436
2274477,162,147,1255,2013.0,7435.0,7818.0,1.012006,1.441545,NLD,MOZ,7436
2274478,167,147,1255,2013.0,72705.0,0.0,-0.698693,-1.030814,OMN,MOZ,7436
2274479,168,147,1255,2013.0,10126.0,0.0,-0.697224,0.501576,PAK,MOZ,7436
2274480,177,147,1255,2013.0,2876.0,0.0,1.11341,0.975734,POL,MOZ,7436
2274481,179,147,1255,2013.0,1344722.0,0.0,0.705087,2.2055580000000004,PRT,MOZ,7436
2274482,185,147,1255,2013.0,5224.0,0.0,1.05722,1.0968799999999999,ROU,MOZ,7436
2274483,192,147,1255,2013.0,2795.0,15831.0,1.844685,0.639379,SGP,MOZ,7436
2274484,208,147,1255,2013.0,9497.0,0.0,1.7851290000000002,0.182623,SWE,MOZ,7436
2274485,209,147,1255,2013.0,7451.0,0.0,0.017946,-0.20627399999999999,SWZ,MOZ,7436
2274486,216,147,1255,2013.0,27424.0,0.0,1.067287,1.2767110000000002,THA,MOZ,7436
2274487,224,147,1255,2013.0,18924.0,0.0,0.580016,2.394812,TUR,MOZ,7436
2274488,226,147,1255,2013.0,5287.0,139433.0,-0.654655,0.903574,TZA,MOZ,7436
2274489,227,147,1255,2013.0,0.0,3122.0,-0.46170100000000003,0.652878,UGA,MOZ,7436
2274490,228,147,1255,2013.0,125481.0,0.0,0.535571,1.026263,UKR,MOZ,7436
2274491,231,147,1255,2013.0,699383.0,4408.0,1.612058,-0.8592989999999999,USA,MOZ,7436
2274492,239,147,1255,2013.0,1101.0,0.0,0.009264,1.182368,VNM,MOZ,7436
2274493,246,147,1255,2013.0,9539691.0,96140.0,0.11624100000000001,1.574591,ZAF,MOZ,7436
2274494,248,147,1255,2013.0,4722.0,13209.0,-0.841968,-0.898121,ZWE,MOZ,7436
2274495,249,147,1255,2013.0,6828.0,0.0,1.7382849999999999,0.9917739999999999,TWN,MOZ,7436
2274496,7,148,1255,2013.0,46839.0,0.0,-0.338417,-0.754102,ARE,MRT,7436
2274497,14,148,1255,2013.0,44005.0,0.0,-0.63369,-0.276328,AUS,MRT,7436
2274498,15,148,1255,2013.0,1221.0,0.0,1.855434,-1.06494,AUT,MRT,7436
2274499,18,148,1255,2013.0,1767290.0,0.0,1.198491,1.117268,BEL,MRT,7436
2274500,32,148,1255,2013.0,18670.0,0.0,0.2804,0.649729,BRA,MRT,7436
2274501,39,148,1255,2013.0,793812.0,0.0,0.599305,1.193591,CAN,MRT,7436
2274502,41,148,1255,2013.0,1450.0,0.0,2.0899229999999998,0.661667,CHE,MRT,7436
2274503,42,148,1255,2013.0,8835.0,0.0,-0.184556,-0.238657,CHL,MRT,7436
2274504,43,148,1255,2013.0,441897.0,0.0,1.24864,0.667713,CHN,MRT,7436
2274505,61,148,1255,2013.0,1152102.0,0.0,2.1086869999999998,-3.7092,DEU,MRT,7436
2274506,64,148,1255,2013.0,2302.0,0.0,1.190302,1.062991,DNK,MRT,7436
2274507,66,148,1255,2013.0,185072.0,0.0,-1.53603,-1.104965,DZA,MRT,7436
2274508,71,148,1255,2013.0,172756.0,0.0,0.955472,1.80005,ESP,MRT,7436
2274509,77,148,1255,2013.0,1002871.0,0.0,1.5253299999999999,0.026146,FRA,MRT,7436
2274510,81,148,1255,2013.0,57277.0,0.0,1.628465,0.77075,GBR,MRT,7436
2274511,90,148,1255,2013.0,2239.0,0.0,0.073442,0.9857899999999999,GRC,MRT,7436
2274512,97,148,1255,2013.0,1075.0,0.0,0.791401,1.249845,HKG,MRT,7436
2274513,111,148,1255,2013.0,101626.0,0.0,1.419383,-0.304402,ITA,MRT,7436
2274514,114,148,1255,2013.0,42548.0,0.0,2.333417,-0.818701,JPN,MRT,7436
2274515,121,148,1255,2013.0,3074.0,0.0,1.817145,0.835414,KOR,MRT,7436
2274516,125,148,1255,2013.0,31341.0,0.0,-0.8343229999999999,-0.992129,LBR,MRT,7436
2274517,130,148,1255,2013.0,10418.0,0.0,0.677986,1.29227,LTU,MRT,7436
2274518,134,148,1255,2013.0,392562.0,0.0,-0.474872,0.178118,MAR,MRT,7436
2274519,162,148,1255,2013.0,57461.0,0.0,1.012006,1.441545,NLD,MRT,7436
2274520,188,148,1255,2013.0,102586.0,0.0,-0.14823599999999998,-0.883965,SAU,MRT,7436
2274521,192,148,1255,2013.0,3751.0,0.0,1.844685,0.639379,SGP,MRT,7436
2274522,208,148,1255,2013.0,10688.0,0.0,1.7851290000000002,0.182623,SWE,MRT,7436
2274523,223,148,1255,2013.0,40127.0,0.0,0.40154,0.902177,TUN,MRT,7436
2274524,224,148,1255,2013.0,90491.0,0.0,0.580016,2.394812,TUR,MRT,7436
2274525,231,148,1255,2013.0,673379.0,0.0,1.612058,-0.8592989999999999,USA,MRT,7436
2274526,246,148,1255,2013.0,246998.0,0.0,0.11624100000000001,1.574591,ZAF,MRT,7436
2274527,2,159,1255,2013.0,23929.0,19325.0,-1.240877,-1.073797,AGO,NGA,7436
2274528,7,159,1255,2013.0,3349168.0,0.0,-0.338417,-0.754102,ARE,NGA,7436
2274529,8,159,1255,2013.0,21660.0,0.0,0.042829,0.461002,ARG,NGA,7436
2274530,14,159,1255,2013.0,69194.0,0.0,-0.63369,-0.276328,AUS,NGA,7436
2274531,15,159,1255,2013.0,4333639.0,1346.0,1.855434,-1.06494,AUT,NGA,7436
2274532,18,159,1255,2013.0,14393482.0,33040.0,1.198491,1.117268,BEL,NGA,7436
2274533,24,159,1255,2013.0,105710.0,0.0,0.080634,-0.6828890000000001,BHR,NGA,7436
2274534,32,159,1255,2013.0,151527.0,0.0,0.2804,0.649729,BRA,NGA,7436
2274535,39,159,1255,2013.0,341574.0,0.0,0.599305,1.193591,CAN,NGA,7436
2274536,41,159,1255,2013.0,579289.0,0.0,2.0899229999999998,0.661667,CHE,NGA,7436
2274537,43,159,1255,2013.0,28344838.0,0.0,1.24864,0.667713,CHN,NGA,7436
2274538,44,159,1255,2013.0,0.0,126859.0,-1.0025870000000001,-0.901658,CIV,NGA,7436
2274539,45,159,1255,2013.0,2483.0,0.0,-0.93575,-1.003851,CMR,NGA,7436
2274540,47,159,1255,2013.0,0.0,6681.0,-1.478461,-1.094509,COG,NGA,7436
2274541,58,159,1255,2013.0,20726.0,0.0,0.36482800000000004,0.527544,CYP,NGA,7436
2274542,59,159,1255,2013.0,23569.0,0.0,1.829509,-0.41787700000000005,CZE,NGA,7436
2274543,61,159,1255,2013.0,4754523.0,40171.0,2.1086869999999998,-3.7092,DEU,NGA,7436
2274544,64,159,1255,2013.0,633408.0,0.0,1.190302,1.062991,DNK,NGA,7436
2274545,66,159,1255,2013.0,0.0,10962.0,-1.53603,-1.104965,DZA,NGA,7436
2274546,68,159,1255,2013.0,4348.0,0.0,-0.12015799999999999,1.793363,EGY,NGA,7436
2274547,71,159,1255,2013.0,1787780.0,0.0,0.955472,1.80005,ESP,NGA,7436
2274548,72,159,1255,2013.0,10298.0,0.0,0.923321,1.290016,EST,NGA,7436
2274549,74,159,1255,2013.0,1063.0,0.0,1.700282,0.867677,FIN,NGA,7436
2274550,77,159,1255,2013.0,1744114.0,0.0,1.5253299999999999,0.026146,FRA,NGA,7436
2274551,81,159,1255,2013.0,11303187.0,2593.0,1.628465,0.77075,GBR,NGA,7436
2274552,83,159,1255,2013.0,20137.0,52281.0,-0.696971,-0.5807939999999999,GHA,NGA,7436
2274553,90,159,1255,2013.0,2420268.0,0.0,0.073442,0.9857899999999999,GRC,NGA,7436
2274554,97,159,1255,2013.0,300921.0,0.0,0.791401,1.249845,HKG,NGA,7436
2274555,100,159,1255,2013.0,2613.0,0.0,0.8737309999999999,1.276091,HRV,NGA,7436
2274556,102,159,1255,2013.0,6896.0,0.0,1.6962560000000002,0.45460600000000007,HUN,NGA,7436
2274557,103,159,1255,2013.0,588797.0,8933.0,-0.006876999999999999,1.8336569999999999,IDN,NGA,7436
2274558,104,159,1255,2013.0,5550547.0,0.0,0.18186,2.647598,IND,NGA,7436
2274559,106,159,1255,2013.0,108787.0,0.0,1.32787,0.394579,IRL,NGA,7436
2274560,110,159,1255,2013.0,570177.0,0.0,1.0247629999999999,0.8261639999999999,ISR,NGA,7436
2274561,111,159,1255,2013.0,8397725.0,135376.0,1.419383,-0.304402,ITA,NGA,7436
2274562,114,159,1255,2013.0,159945.0,0.0,2.333417,-0.818701,JPN,NGA,7436
2274563,121,159,1255,2013.0,278681.0,0.0,1.817145,0.835414,KOR,NGA,7436
2274564,124,159,1255,2013.0,238776.0,0.0,0.37392800000000004,1.413136,LBN,NGA,7436
2274565,131,159,1255,2013.0,62772.0,0.0,1.0110190000000001,1.123226,LUX,NGA,7436
2274566,138,159,1255,2013.0,302469.0,0.0,1.2327219999999999,0.746108,MEX,NGA,7436
2274567,147,159,1255,2013.0,12673.0,0.0,-1.131512,-0.8923840000000001,MOZ,NGA,7436
2274568,151,159,1255,2013.0,15409.0,0.0,-0.092312,0.050927,MUS,NGA,7436
2274569,153,159,1255,2013.0,438344.0,0.0,0.924532,0.671334,MYS,NGA,7436
2274570,157,159,1255,2013.0,0.0,6069.0,-1.0008350000000001,-0.8325670000000001,NER,NGA,7436
2274571,162,159,1255,2013.0,2511499.0,6732.0,1.012006,1.441545,NLD,NGA,7436
2274572,163,159,1255,2013.0,2647082.0,1513.0,0.710901,0.062705,NOR,NGA,7436
2274573,165,159,1255,2013.0,45585.0,0.0,0.8192159999999999,-0.383742,NRU,NGA,7436
2274574,168,159,1255,2013.0,20451.0,0.0,-0.697224,0.501576,PAK,NGA,7436
2274575,174,159,1255,2013.0,22366.0,0.0,0.639083,0.45816899999999994,PHL,NGA,7436
2274576,177,159,1255,2013.0,1879.0,0.0,1.11341,0.975734,POL,NGA,7436
2274577,179,159,1255,2013.0,8784.0,0.0,0.705087,2.2055580000000004,PRT,NGA,7436
2274578,186,159,1255,2013.0,0.0,5452.0,-0.08233,-0.267781,RUS,NGA,7436
2274579,192,159,1255,2013.0,429425.0,0.0,1.844685,0.639379,SGP,NGA,7436
2274580,203,159,1255,2013.0,0.0,6867.0,0.9084559999999999,0.170664,STP,NGA,7436
2274581,208,159,1255,2013.0,233657.0,0.0,1.7851290000000002,0.182623,SWE,NGA,7436
2274582,216,159,1255,2013.0,276935.0,0.0,1.067287,1.2767110000000002,THA,NGA,7436
2274583,224,159,1255,2013.0,772420.0,0.0,0.580016,2.394812,TUR,NGA,7436
2274584,227,159,1255,2013.0,0.0,14730.0,-0.46170100000000003,0.652878,UGA,NGA,7436
2274585,228,159,1255,2013.0,758973.0,0.0,0.535571,1.026263,UKR,NGA,7436
2274586,231,159,1255,2013.0,41224488.0,0.0,1.612058,-0.8592989999999999,USA,NGA,7436
2274587,239,159,1255,2013.0,33963.0,0.0,0.009264,1.182368,VNM,NGA,7436
2274588,246,159,1255,2013.0,911945.0,56545.0,0.11624100000000001,1.574591,ZAF,NGA,7436
2274589,247,159,1255,2013.0,0.0,4026.0,-0.293192,-0.42930100000000004,ZMB,NGA,7436
2274590,248,159,1255,2013.0,0.0,1287.0,-0.841968,-0.898121,ZWE,NGA,7436
2274591,249,159,1255,2013.0,495099.0,0.0,1.7382849999999999,0.9917739999999999,TWN,NGA,7436
2274592,7,164,1255,2013.0,1851.0,0.0,-0.338417,-0.754102,ARE,NPL,7436
2274593,14,164,1255,2013.0,2574.0,0.0,-0.63369,-0.276328,AUS,NPL,7436
2274594,15,164,1255,2013.0,1047.0,0.0,1.855434,-1.06494,AUT,NPL,7436
2274595,18,164,1255,2013.0,8976.0,0.0,1.198491,1.117268,BEL,NPL,7436
2274596,41,164,1255,2013.0,2641.0,0.0,2.0899229999999998,0.661667,CHE,NPL,7436
2274597,43,164,1255,2013.0,442977.0,0.0,1.24864,0.667713,CHN,NPL,7436
2274598,59,164,1255,2013.0,9578.0,0.0,1.829509,-0.41787700000000005,CZE,NPL,7436
2274599,61,164,1255,2013.0,110550.0,0.0,2.1086869999999998,-3.7092,DEU,NPL,7436
2274600,64,164,1255,2013.0,2264.0,0.0,1.190302,1.062991,DNK,NPL,7436
2274601,71,164,1255,2013.0,0.0,4861.0,0.955472,1.80005,ESP,NPL,7436
2274602,74,164,1255,2013.0,2247.0,0.0,1.700282,0.867677,FIN,NPL,7436
2274603,77,164,1255,2013.0,28956.0,0.0,1.5253299999999999,0.026146,FRA,NPL,7436
2274604,81,164,1255,2013.0,128315.0,0.0,1.628465,0.77075,GBR,NPL,7436
2274605,97,164,1255,2013.0,5665.0,0.0,0.791401,1.249845,HKG,NPL,7436
2274606,103,164,1255,2013.0,13984.0,0.0,-0.006876999999999999,1.8336569999999999,IDN,NPL,7436
2274607,104,164,1255,2013.0,2434745.0,0.0,0.18186,2.647598,IND,NPL,7436
2274608,111,164,1255,2013.0,11540.0,0.0,1.419383,-0.304402,ITA,NPL,7436
2274609,114,164,1255,2013.0,34272.0,0.0,2.333417,-0.818701,JPN,NPL,7436
2274610,121,164,1255,2013.0,22485.0,0.0,1.817145,0.835414,KOR,NPL,7436
2274611,138,164,1255,2013.0,1990.0,0.0,1.2327219999999999,0.746108,MEX,NPL,7436
2274612,153,164,1255,2013.0,10534.0,0.0,0.924532,0.671334,MYS,NPL,7436
2274613,166,164,1255,2013.0,6441.0,0.0,0.192237,0.429825,NZL,NPL,7436
2274614,174,164,1255,2013.0,3206.0,0.0,0.639083,0.45816899999999994,PHL,NPL,7436
2274615,192,164,1255,2013.0,40490.0,0.0,1.844685,0.639379,SGP,NPL,7436
2274616,206,164,1255,2013.0,1257.0,0.0,1.510052,0.7060310000000001,SVK,NPL,7436
2274617,216,164,1255,2013.0,33260.0,0.0,1.067287,1.2767110000000002,THA,NPL,7436
2274618,231,164,1255,2013.0,112081.0,0.0,1.612058,-0.8592989999999999,USA,NPL,7436
2274619,249,164,1255,2013.0,2529.0,0.0,1.7382849999999999,0.9917739999999999,TWN,NPL,7436
2274620,7,167,1255,2013.0,23949100.0,1092394.0,-0.338417,-0.754102,ARE,OMN,7436
2274621,14,167,1255,2013.0,1121758.0,14959.0,-0.63369,-0.276328,AUS,OMN,7436
2274622,15,167,1255,2013.0,211187.0,2847.0,1.855434,-1.06494,AUT,OMN,7436
2274623,18,167,1255,2013.0,1398568.0,0.0,1.198491,1.117268,BEL,OMN,7436
2274624,24,167,1255,2013.0,47922.0,1134.0,0.080634,-0.6828890000000001,BHR,OMN,7436
2274625,28,167,1255,2013.0,0.0,1530.0,1.183522,0.934159,BLR,OMN,7436
2274626,39,167,1255,2013.0,477207.0,19700.0,0.599305,1.193591,CAN,OMN,7436
2274627,41,167,1255,2013.0,137502.0,0.0,2.0899229999999998,0.661667,CHE,OMN,7436
2274628,42,167,1255,2013.0,0.0,3052.0,-0.184556,-0.238657,CHL,OMN,7436
2274629,43,167,1255,2013.0,2809013.0,0.0,1.24864,0.667713,CHN,OMN,7436
2274630,58,167,1255,2013.0,4854.0,0.0,0.36482800000000004,0.527544,CYP,OMN,7436
2274631,59,167,1255,2013.0,186188.0,2189.0,1.829509,-0.41787700000000005,CZE,OMN,7436
2274632,61,167,1255,2013.0,8466003.0,0.0,2.1086869999999998,-3.7092,DEU,OMN,7436
2274633,64,167,1255,2013.0,150602.0,0.0,1.190302,1.062991,DNK,OMN,7436
2274634,68,167,1255,2013.0,193118.0,43483.0,-0.12015799999999999,1.793363,EGY,OMN,7436
2274635,71,167,1255,2013.0,2056662.0,0.0,0.955472,1.80005,ESP,OMN,7436
2274636,74,167,1255,2013.0,4558.0,0.0,1.700282,0.867677,FIN,OMN,7436
2274637,77,167,1255,2013.0,965085.0,0.0,1.5253299999999999,0.026146,FRA,OMN,7436
2274638,81,167,1255,2013.0,2354978.0,10919.0,1.628465,0.77075,GBR,OMN,7436
2274639,90,167,1255,2013.0,282528.0,0.0,0.073442,0.9857899999999999,GRC,OMN,7436
2274640,97,167,1255,2013.0,41237.0,10822.0,0.791401,1.249845,HKG,OMN,7436
2274641,102,167,1255,2013.0,26172.0,0.0,1.6962560000000002,0.45460600000000007,HUN,OMN,7436
2274642,103,167,1255,2013.0,61078.0,0.0,-0.006876999999999999,1.8336569999999999,IDN,OMN,7436
2274643,104,167,1255,2013.0,3901638.0,46441.0,0.18186,2.647598,IND,OMN,7436
2274644,106,167,1255,2013.0,5682.0,0.0,1.32787,0.394579,IRL,OMN,7436
2274645,107,167,1255,2013.0,0.0,119903.0,-0.23625100000000002,-0.256067,IRN,OMN,7436
2274646,110,167,1255,2013.0,9000.0,0.0,1.0247629999999999,0.8261639999999999,ISR,OMN,7436
2274647,111,167,1255,2013.0,6502788.0,0.0,1.419383,-0.304402,ITA,OMN,7436
2274648,113,167,1255,2013.0,1409.0,120696.0,0.1888,0.596867,JOR,OMN,7436
2274649,114,167,1255,2013.0,7412777.0,0.0,2.333417,-0.818701,JPN,OMN,7436
2274650,121,167,1255,2013.0,1295143.0,0.0,1.817145,0.835414,KOR,OMN,7436
2274651,122,167,1255,2013.0,0.0,39903.0,-1.198985,-1.057248,KWT,OMN,7436
2274652,124,167,1255,2013.0,5040.0,28821.0,0.37392800000000004,1.413136,LBN,OMN,7436
2274653,131,167,1255,2013.0,7174.0,0.0,1.0110190000000001,1.123226,LUX,OMN,7436
2274654,134,167,1255,2013.0,0.0,124367.0,-0.474872,0.178118,MAR,OMN,7436
2274655,138,167,1255,2013.0,327690.0,0.0,1.2327219999999999,0.746108,MEX,OMN,7436
2274656,147,167,1255,2013.0,0.0,72705.0,-1.131512,-0.8923840000000001,MOZ,OMN,7436
2274657,153,167,1255,2013.0,998015.0,0.0,0.924532,0.671334,MYS,OMN,7436
2274658,162,167,1255,2013.0,1016572.0,12142.0,1.012006,1.441545,NLD,OMN,7436
2274659,173,167,1255,2013.0,0.0,4002.0,-0.640044,0.121772,PER,OMN,7436
2274660,177,167,1255,2013.0,29736.0,0.0,1.11341,0.975734,POL,OMN,7436
2274661,179,167,1255,2013.0,6011.0,0.0,0.705087,2.2055580000000004,PRT,OMN,7436
2274662,183,167,1255,2013.0,87010.0,67977.0,-0.583609,-1.003754,QAT,OMN,7436
2274663,186,167,1255,2013.0,0.0,9311.0,-0.08233,-0.267781,RUS,OMN,7436
2274664,188,167,1255,2013.0,1011188.0,876159.0,-0.14823599999999998,-0.883965,SAU,OMN,7436
2274665,192,167,1255,2013.0,1414126.0,109752.0,1.844685,0.639379,SGP,OMN,7436
2274666,206,167,1255,2013.0,28364.0,0.0,1.510052,0.7060310000000001,SVK,OMN,7436
2274667,207,167,1255,2013.0,1521.0,0.0,1.55922,0.565874,SVN,OMN,7436
2274668,208,167,1255,2013.0,103430.0,0.0,1.7851290000000002,0.182623,SWE,OMN,7436
2274669,216,167,1255,2013.0,312190.0,0.0,1.067287,1.2767110000000002,THA,OMN,7436
2274670,224,167,1255,2013.0,46739.0,10466.0,0.580016,2.394812,TUR,OMN,7436
2274671,226,167,1255,2013.0,0.0,15130.0,-0.654655,0.903574,TZA,OMN,7436
2274672,228,167,1255,2013.0,0.0,7952.0,0.535571,1.026263,UKR,OMN,7436
2274673,231,167,1255,2013.0,14087632.0,12707.0,1.612058,-0.8592989999999999,USA,OMN,7436
2274674,246,167,1255,2013.0,40068.0,0.0,0.11624100000000001,1.574591,ZAF,OMN,7436
2274675,249,167,1255,2013.0,595870.0,0.0,1.7382849999999999,0.9917739999999999,TWN,OMN,7436
2274676,1,168,1255,2013.0,0.0,35919.0,-0.767212,-0.6506069999999999,AFG,PAK,7436
2274677,7,168,1255,2013.0,17655566.0,1403611.0,-0.338417,-0.754102,ARE,PAK,7436
2274678,14,168,1255,2013.0,22986.0,69100.0,-0.63369,-0.276328,AUS,PAK,7436
2274679,15,168,1255,2013.0,212293.0,0.0,1.855434,-1.06494,AUT,PAK,7436
2274680,18,168,1255,2013.0,1154425.0,9363.0,1.198491,1.117268,BEL,PAK,7436
2274681,22,168,1255,2013.0,0.0,1097.0,-0.835666,-0.8088810000000001,BGD,PAK,7436
2274682,24,168,1255,2013.0,1796.0,0.0,0.080634,-0.6828890000000001,BHR,PAK,7436
2274683,28,168,1255,2013.0,2374.0,0.0,1.183522,0.934159,BLR,PAK,7436
2274684,29,168,1255,2013.0,3729.0,0.0,-0.459154,-0.465912,BLZ,PAK,7436
2274685,32,168,1255,2013.0,53261.0,0.0,0.2804,0.649729,BRA,PAK,7436
2274686,39,168,1255,2013.0,404685.0,0.0,0.599305,1.193591,CAN,PAK,7436
2274687,41,168,1255,2013.0,157172.0,0.0,2.0899229999999998,0.661667,CHE,PAK,7436
2274688,42,168,1255,2013.0,1307.0,0.0,-0.184556,-0.238657,CHL,PAK,7436
2274689,43,168,1255,2013.0,15735661.0,0.0,1.24864,0.667713,CHN,PAK,7436
2274690,56,168,1255,2013.0,2234.0,0.0,0.677882,-0.32863600000000004,CXR,PAK,7436
2274691,58,168,1255,2013.0,40320.0,0.0,0.36482800000000004,0.527544,CYP,PAK,7436
2274692,59,168,1255,2013.0,291915.0,0.0,1.829509,-0.41787700000000005,CZE,PAK,7436
2274693,61,168,1255,2013.0,6923689.0,10200.0,2.1086869999999998,-3.7092,DEU,PAK,7436
2274694,62,168,1255,2013.0,0.0,24177.0,-0.35226399999999997,-0.542234,DJI,PAK,7436
2274695,64,168,1255,2013.0,91179.0,0.0,1.190302,1.062991,DNK,PAK,7436
2274696,68,168,1255,2013.0,0.0,28014.0,-0.12015799999999999,1.793363,EGY,PAK,7436
2274697,71,168,1255,2013.0,155098.0,3615.0,0.955472,1.80005,ESP,PAK,7436
2274698,73,168,1255,2013.0,0.0,1368.0,-1.1373090000000001,-0.89186,ETH,PAK,7436
2274699,74,168,1255,2013.0,236985.0,0.0,1.700282,0.867677,FIN,PAK,7436
2274700,77,168,1255,2013.0,789163.0,2255.0,1.5253299999999999,0.026146,FRA,PAK,7436
2274701,81,168,1255,2013.0,1957613.0,2242.0,1.628465,0.77075,GBR,PAK,7436
2274702,83,168,1255,2013.0,0.0,1118.0,-0.696971,-0.5807939999999999,GHA,PAK,7436
2274703,96,168,1255,2013.0,0.0,4064.0,-0.90241,-0.957449,GUY,PAK,7436
2274704,97,168,1255,2013.0,51129.0,0.0,0.791401,1.249845,HKG,PAK,7436
2274705,102,168,1255,2013.0,205726.0,0.0,1.6962560000000002,0.45460600000000007,HUN,PAK,7436
2274706,103,168,1255,2013.0,643930.0,1199.0,-0.006876999999999999,1.8336569999999999,IDN,PAK,7436
2274707,104,168,1255,2013.0,544806.0,0.0,0.18186,2.647598,IND,PAK,7436
2274708,106,168,1255,2013.0,159719.0,0.0,1.32787,0.394579,IRL,PAK,7436
2274709,107,168,1255,2013.0,0.0,15356.0,-0.23625100000000002,-0.256067,IRN,PAK,7436
2274710,108,168,1255,2013.0,0.0,87383.0,-3.147217,-0.685991,IRQ,PAK,7436
2274711,111,168,1255,2013.0,14541905.0,24448.0,1.419383,-0.304402,ITA,PAK,7436
2274712,114,168,1255,2013.0,2581599.0,0.0,2.333417,-0.818701,JPN,PAK,7436
2274713,116,168,1255,2013.0,0.0,15229.0,-0.303119,0.626786,KEN,PAK,7436
2274714,121,168,1255,2013.0,163246.0,0.0,1.817145,0.835414,KOR,PAK,7436
2274715,124,168,1255,2013.0,5538.0,0.0,0.37392800000000004,1.413136,LBN,PAK,7436
2274716,128,168,1255,2013.0,0.0,8654.0,-0.320583,0.44462399999999996,LKA,PAK,7436
2274717,131,168,1255,2013.0,27472.0,0.0,1.0110190000000001,1.123226,LUX,PAK,7436
2274718,136,168,1255,2013.0,0.0,4219.0,-0.786091,-0.611478,MDG,PAK,7436
2274719,138,168,1255,2013.0,133630.0,10132.0,1.2327219999999999,0.746108,MEX,PAK,7436
2274720,147,168,1255,2013.0,0.0,10126.0,-1.131512,-0.8923840000000001,MOZ,PAK,7436
2274721,151,168,1255,2013.0,0.0,1731.0,-0.092312,0.050927,MUS,PAK,7436
2274722,153,168,1255,2013.0,1719853.0,25856.0,0.924532,0.671334,MYS,PAK,7436
2274723,159,168,1255,2013.0,0.0,20451.0,-1.679402,-1.14686,NGA,PAK,7436
2274724,162,168,1255,2013.0,513041.0,16074.0,1.012006,1.441545,NLD,PAK,7436
2274725,163,168,1255,2013.0,0.0,2099.0,0.710901,0.062705,NOR,PAK,7436
2274726,166,168,1255,2013.0,4341.0,0.0,0.192237,0.429825,NZL,PAK,7436
2274727,174,168,1255,2013.0,3068.0,18653.0,0.639083,0.45816899999999994,PHL,PAK,7436
2274728,177,168,1255,2013.0,9040094.0,0.0,1.11341,0.975734,POL,PAK,7436
2274729,178,168,1255,2013.0,3169.0,0.0,-0.304923,-0.301578,PRK,PAK,7436
2274730,179,168,1255,2013.0,2107.0,0.0,0.705087,2.2055580000000004,PRT,PAK,7436
2274731,183,168,1255,2013.0,0.0,1934.0,-0.583609,-1.003754,QAT,PAK,7436
2274732,185,168,1255,2013.0,53162.0,0.0,1.05722,1.0968799999999999,ROU,PAK,7436
2274733,186,168,1255,2013.0,15673.0,0.0,-0.08233,-0.267781,RUS,PAK,7436
2274734,188,168,1255,2013.0,0.0,228927.0,-0.14823599999999998,-0.883965,SAU,PAK,7436
2274735,190,168,1255,2013.0,0.0,19807.0,-1.224897,-1.059517,SDN,PAK,7436
2274736,191,168,1255,2013.0,0.0,13699.0,-0.566624,-0.185277,SEN,PAK,7436
2274737,192,168,1255,2013.0,832760.0,0.0,1.844685,0.639379,SGP,PAK,7436
2274738,202,168,1255,2013.0,0.0,1571.0,-2.285908,-0.696735,SSD,PAK,7436
2274739,206,168,1255,2013.0,9955.0,0.0,1.510052,0.7060310000000001,SVK,PAK,7436
2274740,207,168,1255,2013.0,5810.0,0.0,1.55922,0.565874,SVN,PAK,7436
2274741,208,168,1255,2013.0,517167.0,0.0,1.7851290000000002,0.182623,SWE,PAK,7436
2274742,209,168,1255,2013.0,6667.0,0.0,0.017946,-0.20627399999999999,SWZ,PAK,7436
2274743,216,168,1255,2013.0,3161126.0,6265.0,1.067287,1.2767110000000002,THA,PAK,7436
2274744,222,168,1255,2013.0,2040.0,0.0,-0.399437,-1.047864,TTO,PAK,7436
2274745,223,168,1255,2013.0,5349.0,0.0,0.40154,0.902177,TUN,PAK,7436
2274746,224,168,1255,2013.0,2494162.0,0.0,0.580016,2.394812,TUR,PAK,7436
2274747,226,168,1255,2013.0,0.0,6085.0,-0.654655,0.903574,TZA,PAK,7436
2274748,227,168,1255,2013.0,0.0,4478.0,-0.46170100000000003,0.652878,UGA,PAK,7436
2274749,228,168,1255,2013.0,259260.0,0.0,0.535571,1.026263,UKR,PAK,7436
2274750,231,168,1255,2013.0,11294219.0,27134.0,1.612058,-0.8592989999999999,USA,PAK,7436
2274751,239,168,1255,2013.0,5033.0,0.0,0.009264,1.182368,VNM,PAK,7436
2274752,246,168,1255,2013.0,19017.0,0.0,0.11624100000000001,1.574591,ZAF,PAK,7436
2274753,249,168,1255,2013.0,184755.0,0.0,1.7382849999999999,0.9917739999999999,TWN,PAK,7436
2274754,250,168,1255,2013.0,1409832.0,0.0,0.583151,0.14238299999999998,ANS,PAK,7436
2274755,1,185,1255,2013.0,0.0,2235.0,-0.767212,-0.6506069999999999,AFG,ROU,7436
2274756,4,185,1255,2013.0,0.0,18494.0,-0.44779300000000005,-0.13181700000000002,ALB,ROU,7436
2274757,7,185,1255,2013.0,0.0,66739.0,-0.338417,-0.754102,ARE,ROU,7436
2274758,8,185,1255,2013.0,4002.0,231865.0,0.042829,0.461002,ARG,ROU,7436
2274759,9,185,1255,2013.0,0.0,4130.0,-0.159148,-0.515766,ARM,ROU,7436
2274760,14,185,1255,2013.0,38117.0,904310.0,-0.63369,-0.276328,AUS,ROU,7436
2274761,15,185,1255,2013.0,11921201.0,682165.0,1.855434,-1.06494,AUT,ROU,7436
2274762,18,185,1255,2013.0,6379702.0,1679598.0,1.198491,1.117268,BEL,ROU,7436
2274763,21,185,1255,2013.0,0.0,4187.0,-0.7231029999999999,-0.736291,BFA,ROU,7436
2274764,23,185,1255,2013.0,1612602.0,1745837.0,0.622325,1.5506229999999999,BGR,ROU,7436
2274765,24,185,1255,2013.0,0.0,1921.0,0.080634,-0.6828890000000001,BHR,ROU,7436
2274766,26,185,1255,2013.0,27607.0,99983.0,0.723658,0.9271879999999999,BIH,ROU,7436
2274767,28,185,1255,2013.0,4491.0,100482.0,1.183522,0.934159,BLR,ROU,7436
2274768,31,185,1255,2013.0,0.0,3641.0,-1.1429610000000001,-1.0076120000000002,BOL,ROU,7436
2274769,32,185,1255,2013.0,72186.0,181030.0,0.2804,0.649729,BRA,ROU,7436
2274770,39,185,1255,2013.0,37479.0,509670.0,0.599305,1.193591,CAN,ROU,7436
2274771,41,185,1255,2013.0,545931.0,311600.0,2.0899229999999998,0.661667,CHE,ROU,7436
2274772,42,185,1255,2013.0,0.0,1982.0,-0.184556,-0.238657,CHL,ROU,7436
2274773,43,185,1255,2013.0,2281017.0,2481837.0,1.24864,0.667713,CHN,ROU,7436
2274774,44,185,1255,2013.0,0.0,2539.0,-1.0025870000000001,-0.901658,CIV,ROU,7436
2274775,49,185,1255,2013.0,0.0,362415.0,0.034491,-0.36975,COL,ROU,7436
2274776,58,185,1255,2013.0,88711.0,0.0,0.36482800000000004,0.527544,CYP,ROU,7436
2274777,59,185,1255,2013.0,100040680.0,1576763.0,1.829509,-0.41787700000000005,CZE,ROU,7436
2274778,61,185,1255,2013.0,63805260.0,46484560.0,2.1086869999999998,-3.7092,DEU,ROU,7436
2274779,64,185,1255,2013.0,1795554.0,59409.0,1.190302,1.062991,DNK,ROU,7436
2274780,66,185,1255,2013.0,0.0,126264.0,-1.53603,-1.104965,DZA,ROU,7436
2274781,67,185,1255,2013.0,0.0,4027.0,-0.8251790000000001,-0.9347200000000001,ECU,ROU,7436
2274782,68,185,1255,2013.0,0.0,2201.0,-0.12015799999999999,1.793363,EGY,ROU,7436
2274783,71,185,1255,2013.0,11931164.0,1701030.0,0.955472,1.80005,ESP,ROU,7436
2274784,72,185,1255,2013.0,97173.0,12606.0,0.923321,1.290016,EST,ROU,7436
2274785,74,185,1255,2013.0,332070.0,102919.0,1.700282,0.867677,FIN,ROU,7436
2274786,77,185,1255,2013.0,31867222.0,3431644.0,1.5253299999999999,0.026146,FRA,ROU,7436
2274787,80,185,1255,2013.0,0.0,8156.0,-1.652062,-1.140576,GAB,ROU,7436
2274788,81,185,1255,2013.0,3681184.0,65291.0,1.628465,0.77075,GBR,ROU,7436
2274789,82,185,1255,2013.0,0.0,20458.0,-0.08343099999999999,-0.359692,GEO,ROU,7436
2274790,83,185,1255,2013.0,0.0,1093.0,-0.696971,-0.5807939999999999,GHA,ROU,7436
2274791,90,185,1255,2013.0,646406.0,254017.0,0.073442,0.9857899999999999,GRC,ROU,7436
2274792,100,185,1255,2013.0,203313.0,44209.0,0.8737309999999999,1.276091,HRV,ROU,7436
2274793,102,185,1255,2013.0,11253364.0,2101638.0,1.6962560000000002,0.45460600000000007,HUN,ROU,7436
2274794,103,185,1255,2013.0,37091.0,0.0,-0.006876999999999999,1.8336569999999999,IDN,ROU,7436
2274795,104,185,1255,2013.0,357858.0,1244571.0,0.18186,2.647598,IND,ROU,7436
2274796,106,185,1255,2013.0,41164.0,144080.0,1.32787,0.394579,IRL,ROU,7436
2274797,107,185,1255,2013.0,5241.0,163294.0,-0.23625100000000002,-0.256067,IRN,ROU,7436
2274798,108,185,1255,2013.0,0.0,74677.0,-3.147217,-0.685991,IRQ,ROU,7436
2274799,109,185,1255,2013.0,0.0,1947.0,0.284089,-0.164097,ISL,ROU,7436
2274800,110,185,1255,2013.0,97351.0,18891.0,1.0247629999999999,0.8261639999999999,ISR,ROU,7436
2274801,111,185,1255,2013.0,29021714.0,14456817.0,1.419383,-0.304402,ITA,ROU,7436
2274802,114,185,1255,2013.0,828044.0,22023.0,2.333417,-0.818701,JPN,ROU,7436
2274803,115,185,1255,2013.0,0.0,16950.0,-0.9193819999999999,-0.734194,KAZ,ROU,7436
2274804,116,185,1255,2013.0,0.0,1025.0,-0.303119,0.626786,KEN,ROU,7436
2274805,121,185,1255,2013.0,1069270.0,407614.0,1.817145,0.835414,KOR,ROU,7436
2274806,122,185,1255,2013.0,0.0,36779.0,-1.198985,-1.057248,KWT,ROU,7436
2274807,124,185,1255,2013.0,0.0,9818.0,0.37392800000000004,1.413136,LBN,ROU,7436
2274808,126,185,1255,2013.0,0.0,42059.0,-1.871593,-1.1211790000000001,LBY,ROU,7436
2274809,130,185,1255,2013.0,751011.0,133952.0,0.677986,1.29227,LTU,ROU,7436
2274810,131,185,1255,2013.0,832790.0,0.0,1.0110190000000001,1.123226,LUX,ROU,7436
2274811,132,185,1255,2013.0,958758.0,0.0,0.652463,1.299917,LVA,ROU,7436
2274812,134,185,1255,2013.0,0.0,926750.0,-0.474872,0.178118,MAR,ROU,7436
2274813,135,185,1255,2013.0,204130.0,3539378.0,0.14256,0.33920700000000004,MDA,ROU,7436
2274814,138,185,1255,2013.0,996329.0,62040.0,1.2327219999999999,0.746108,MEX,ROU,7436
2274815,140,185,1255,2013.0,18584.0,148812.0,-0.127775,0.21915900000000002,MKD,ROU,7436
2274816,142,185,1255,2013.0,0.0,6825.0,0.710108,-0.014586000000000002,MLT,ROU,7436
2274817,144,185,1255,2013.0,0.0,1890.0,0.09597,-0.019953,MNE,ROU,7436
2274818,145,185,1255,2013.0,0.0,8241.0,-1.264785,-1.133222,MNG,ROU,7436
2274819,147,185,1255,2013.0,0.0,5224.0,-1.131512,-0.8923840000000001,MOZ,ROU,7436
2274820,153,185,1255,2013.0,310328.0,254769.0,0.924532,0.671334,MYS,ROU,7436
2274821,156,185,1255,2013.0,0.0,9889.0,-0.262882,-0.63858,NCL,ROU,7436
2274822,162,185,1255,2013.0,4311808.0,106340.0,1.012006,1.441545,NLD,ROU,7436
2274823,163,185,1255,2013.0,1771848.0,41230.0,0.710901,0.062705,NOR,ROU,7436
2274824,166,185,1255,2013.0,0.0,7893.0,0.192237,0.429825,NZL,ROU,7436
2274825,168,185,1255,2013.0,0.0,53162.0,-0.697224,0.501576,PAK,ROU,7436
2274826,173,185,1255,2013.0,0.0,6524.0,-0.640044,0.121772,PER,ROU,7436
2274827,177,185,1255,2013.0,7430194.0,1110653.0,1.11341,0.975734,POL,ROU,7436
2274828,179,185,1255,2013.0,5220900.0,85055.0,0.705087,2.2055580000000004,PRT,ROU,7436
2274829,182,185,1255,2013.0,0.0,1300.0,-0.118172,-0.620256,PYF,ROU,7436
2274830,183,185,1255,2013.0,0.0,14752.0,-0.583609,-1.003754,QAT,ROU,7436
2274831,186,185,1255,2013.0,1145273.0,5486665.0,-0.08233,-0.267781,RUS,ROU,7436
2274832,188,185,1255,2013.0,0.0,145734.0,-0.14823599999999998,-0.883965,SAU,ROU,7436
2274833,190,185,1255,2013.0,0.0,10953.0,-1.224897,-1.059517,SDN,ROU,7436
2274834,192,185,1255,2013.0,5347.0,1366.0,1.844685,0.639379,SGP,ROU,7436
2274835,196,185,1255,2013.0,0.0,9779.0,-0.42937700000000006,-0.529857,SLE,ROU,7436
2274836,201,185,1255,2013.0,53676.0,340710.0,0.609755,1.355304,SRB,ROU,7436
2274837,206,185,1255,2013.0,583589.0,1361767.0,1.510052,0.7060310000000001,SVK,ROU,7436
2274838,207,185,1255,2013.0,718423.0,65872.0,1.55922,0.565874,SVN,ROU,7436
2274839,208,185,1255,2013.0,738733.0,24260.0,1.7851290000000002,0.182623,SWE,ROU,7436
2274840,216,185,1255,2013.0,4761.0,24596.0,1.067287,1.2767110000000002,THA,ROU,7436
2274841,217,185,1255,2013.0,0.0,1777.0,-1.117246,-1.1638600000000001,TJK,ROU,7436
2274842,219,185,1255,2013.0,0.0,39270.0,-1.174981,-1.14869,TKM,ROU,7436
2274843,223,185,1255,2013.0,0.0,28581.0,0.40154,0.902177,TUN,ROU,7436
2274844,224,185,1255,2013.0,7903483.0,2131553.0,0.580016,2.394812,TUR,ROU,7436
2274845,226,185,1255,2013.0,0.0,43051.0,-0.654655,0.903574,TZA,ROU,7436
2274846,227,185,1255,2013.0,0.0,2313.0,-0.46170100000000003,0.652878,UGA,ROU,7436
2274847,228,185,1255,2013.0,174973.0,114726.0,0.535571,1.026263,UKR,ROU,7436
2274848,231,185,1255,2013.0,2967566.0,1877685.0,1.612058,-0.8592989999999999,USA,ROU,7436
2274849,232,185,1255,2013.0,0.0,51000.0,-0.7076319999999999,-0.645674,UZB,ROU,7436
2274850,236,185,1255,2013.0,0.0,2579.0,-1.281202,-1.094268,VEN,ROU,7436
2274851,239,185,1255,2013.0,0.0,22868.0,0.009264,1.182368,VNM,ROU,7436
2274852,246,185,1255,2013.0,2306753.0,89435.0,0.11624100000000001,1.574591,ZAF,ROU,7436
2274853,247,185,1255,2013.0,0.0,27509.0,-0.293192,-0.42930100000000004,ZMB,ROU,7436
2274854,249,185,1255,2013.0,152102.0,12267.0,1.7382849999999999,0.9917739999999999,TWN,ROU,7436
2274855,250,185,1255,2013.0,1198.0,0.0,0.583151,0.14238299999999998,ANS,ROU,7436
2274856,1,186,1255,2013.0,10865.0,0.0,-0.767212,-0.6506069999999999,AFG,RUS,7436
2274857,2,186,1255,2013.0,0.0,89691.0,-1.240877,-1.073797,AGO,RUS,7436
2274858,3,186,1255,2013.0,0.0,27583.0,1.598439,0.492281,AIA,RUS,7436
2274859,7,186,1255,2013.0,11269058.0,832524.0,-0.338417,-0.754102,ARE,RUS,7436
2274860,8,186,1255,2013.0,112443.0,19834.0,0.042829,0.461002,ARG,RUS,7436
2274861,9,186,1255,2013.0,2286.0,444092.0,-0.159148,-0.515766,ARM,RUS,7436
2274862,14,186,1255,2013.0,190946.0,34634.0,-0.63369,-0.276328,AUS,RUS,7436
2274863,15,186,1255,2013.0,18110646.0,15735.0,1.855434,-1.06494,AUT,RUS,7436
2274864,16,186,1255,2013.0,118039.0,1812234.0,-1.319766,-1.200648,AZE,RUS,7436
2274865,18,186,1255,2013.0,54736000.0,134297.0,1.198491,1.117268,BEL,RUS,7436
2274866,21,186,1255,2013.0,0.0,2579.0,-0.7231029999999999,-0.736291,BFA,RUS,7436
2274867,22,186,1255,2013.0,0.0,5555.0,-0.835666,-0.8088810000000001,BGD,RUS,7436
2274868,23,186,1255,2013.0,1013843.0,223742.0,0.622325,1.5506229999999999,BGR,RUS,7436
2274869,24,186,1255,2013.0,8401.0,1524.0,0.080634,-0.6828890000000001,BHR,RUS,7436
2274870,26,186,1255,2013.0,1019511.0,17387.0,0.723658,0.9271879999999999,BIH,RUS,7436
2274871,28,186,1255,2013.0,13076409.0,11552282.0,1.183522,0.934159,BLR,RUS,7436
2274872,32,186,1255,2013.0,198506.0,31206.0,0.2804,0.649729,BRA,RUS,7436
2274873,37,186,1255,2013.0,0.0,4457.0,-0.677782,-1.0888149999999999,BWA,RUS,7436
2274874,39,186,1255,2013.0,3161057.0,67855.0,0.599305,1.193591,CAN,RUS,7436
2274875,41,186,1255,2013.0,9004239.0,16966.0,2.0899229999999998,0.661667,CHE,RUS,7436
2274876,42,186,1255,2013.0,7632.0,10619.0,-0.184556,-0.238657,CHL,RUS,7436
2274877,43,186,1255,2013.0,102774504.0,969992.0,1.24864,0.667713,CHN,RUS,7436
2274878,44,186,1255,2013.0,0.0,7568.0,-1.0025870000000001,-0.901658,CIV,RUS,7436
2274879,45,186,1255,2013.0,0.0,9146.0,-0.93575,-1.003851,CMR,RUS,7436
2274880,46,186,1255,2013.0,0.0,3315.0,-1.450075,-1.115916,COD,RUS,7436
2274881,49,186,1255,2013.0,4222.0,78256.0,0.034491,-0.36975,COL,RUS,7436
2274882,52,186,1255,2013.0,0.0,4991.0,0.208669,-0.54783,CRI,RUS,7436
2274883,54,186,1255,2013.0,0.0,459350.0,-0.31053400000000003,-0.8534280000000001,CUB,RUS,7436
2274884,58,186,1255,2013.0,26506.0,262535.0,0.36482800000000004,0.527544,CYP,RUS,7436
2274885,59,186,1255,2013.0,50923172.0,171600.0,1.829509,-0.41787700000000005,CZE,RUS,7436
2274886,61,186,1255,2013.0,442506624.0,801368.0,2.1086869999999998,-3.7092,DEU,RUS,7436
2274887,62,186,1255,2013.0,0.0,2215.0,-0.35226399999999997,-0.542234,DJI,RUS,7436
2274888,64,186,1255,2013.0,16497126.0,0.0,1.190302,1.062991,DNK,RUS,7436
2274889,65,186,1255,2013.0,0.0,1245.0,-0.272579,0.42750699999999997,DOM,RUS,7436
2274890,66,186,1255,2013.0,0.0,109442.0,-1.53603,-1.104965,DZA,RUS,7436
2274891,67,186,1255,2013.0,7944.0,1182.0,-0.8251790000000001,-0.9347200000000001,ECU,RUS,7436
2274892,68,186,1255,2013.0,679118.0,170420.0,-0.12015799999999999,1.793363,EGY,RUS,7436
2274893,71,186,1255,2013.0,4326804.0,84853.0,0.955472,1.80005,ESP,RUS,7436
2274894,72,186,1255,2013.0,2228572.0,924542.0,0.923321,1.290016,EST,RUS,7436
2274895,73,186,1255,2013.0,0.0,276533.0,-1.1373090000000001,-0.89186,ETH,RUS,7436
2274896,74,186,1255,2013.0,38738516.0,247703.0,1.700282,0.867677,FIN,RUS,7436
2274897,77,186,1255,2013.0,25590908.0,71270.0,1.5253299999999999,0.026146,FRA,RUS,7436
2274898,81,186,1255,2013.0,22100138.0,2770.0,1.628465,0.77075,GBR,RUS,7436
2274899,82,186,1255,2013.0,0.0,1246811.0,-0.08343099999999999,-0.359692,GEO,RUS,7436
2274900,85,186,1255,2013.0,0.0,2404.0,-1.281072,-1.027585,GIN,RUS,7436
2274901,90,186,1255,2013.0,1932410.0,10647.0,0.073442,0.9857899999999999,GRC,RUS,7436
2274902,93,186,1255,2013.0,0.0,386065.0,-0.220165,0.661111,GTM,RUS,7436
2274903,97,186,1255,2013.0,97450.0,0.0,0.791401,1.249845,HKG,RUS,7436
2274904,100,186,1255,2013.0,157506.0,19584.0,0.8737309999999999,1.276091,HRV,RUS,7436
2274905,102,186,1255,2013.0,5239688.0,267820.0,1.6962560000000002,0.45460600000000007,HUN,RUS,7436
2274906,103,186,1255,2013.0,4957482.0,96215.0,-0.006876999999999999,1.8336569999999999,IDN,RUS,7436
2274907,104,186,1255,2013.0,733391.0,707394.0,0.18186,2.647598,IND,RUS,7436
2274908,106,186,1255,2013.0,219634.0,0.0,1.32787,0.394579,IRL,RUS,7436
2274909,107,186,1255,2013.0,0.0,391700.0,-0.23625100000000002,-0.256067,IRN,RUS,7436
2274910,108,186,1255,2013.0,0.0,372719.0,-3.147217,-0.685991,IRQ,RUS,7436
2274911,110,186,1255,2013.0,3173093.0,151977.0,1.0247629999999999,0.8261639999999999,ISR,RUS,7436
2274912,111,186,1255,2013.0,112923240.0,56132.0,1.419383,-0.304402,ITA,RUS,7436
2274913,113,186,1255,2013.0,3094.0,7794.0,0.1888,0.596867,JOR,RUS,7436
2274914,114,186,1255,2013.0,24485020.0,0.0,2.333417,-0.818701,JPN,RUS,7436
2274915,115,186,1255,2013.0,1680124.0,30276844.0,-0.9193819999999999,-0.734194,KAZ,RUS,7436
2274916,116,186,1255,2013.0,0.0,191262.0,-0.303119,0.626786,KEN,RUS,7436
2274917,117,186,1255,2013.0,0.0,391924.0,0.25090500000000004,0.7357279999999999,KGZ,RUS,7436
2274918,118,186,1255,2013.0,0.0,3963.0,-0.634876,-0.714886,KHM,RUS,7436
2274919,121,186,1255,2013.0,21251114.0,101809.0,1.817145,0.835414,KOR,RUS,7436
2274920,122,186,1255,2013.0,0.0,35677.0,-1.198985,-1.057248,KWT,RUS,7436
2274921,123,186,1255,2013.0,0.0,4916.0,-0.907169,-0.587529,LAO,RUS,7436
2274922,126,186,1255,2013.0,0.0,11260.0,-1.871593,-1.1211790000000001,LBY,RUS,7436
2274923,130,186,1255,2013.0,16467433.0,1247565.0,0.677986,1.29227,LTU,RUS,7436
2274924,131,186,1255,2013.0,142401.0,0.0,1.0110190000000001,1.123226,LUX,RUS,7436
2274925,132,186,1255,2013.0,3533348.0,591572.0,0.652463,1.299917,LVA,RUS,7436
2274926,134,186,1255,2013.0,16482.0,0.0,-0.474872,0.178118,MAR,RUS,7436
2274927,135,186,1255,2013.0,212871.0,374754.0,0.14256,0.33920700000000004,MDA,RUS,7436
2274928,138,186,1255,2013.0,10462693.0,42058.0,1.2327219999999999,0.746108,MEX,RUS,7436
2274929,140,186,1255,2013.0,0.0,3140.0,-0.127775,0.21915900000000002,MKD,RUS,7436
2274930,142,186,1255,2013.0,47762.0,0.0,0.710108,-0.014586000000000002,MLT,RUS,7436
2274931,143,186,1255,2013.0,0.0,207117.0,-1.147086,-0.6888989999999999,MMR,RUS,7436
2274932,144,186,1255,2013.0,3153.0,2137.0,0.09597,-0.019953,MNE,RUS,7436
2274933,145,186,1255,2013.0,0.0,519352.0,-1.264785,-1.133222,MNG,RUS,7436
2274934,153,186,1255,2013.0,1347166.0,7409.0,0.924532,0.671334,MYS,RUS,7436
2274935,155,186,1255,2013.0,6050.0,1233.0,-0.316805,-0.38759099999999996,NAM,RUS,7436
2274936,159,186,1255,2013.0,5452.0,0.0,-1.679402,-1.14686,NGA,RUS,7436
2274937,160,186,1255,2013.0,0.0,17663.0,-0.7956479999999999,-0.596061,NIC,RUS,7436
2274938,162,186,1255,2013.0,35302084.0,68190.0,1.012006,1.441545,NLD,RUS,7436
2274939,163,186,1255,2013.0,531219.0,9738.0,0.710901,0.062705,NOR,RUS,7436
2274940,166,186,1255,2013.0,15135.0,39512.0,0.192237,0.429825,NZL,RUS,7436
2274941,167,186,1255,2013.0,9311.0,0.0,-0.698693,-1.030814,OMN,RUS,7436
2274942,168,186,1255,2013.0,0.0,15673.0,-0.697224,0.501576,PAK,RUS,7436
2274943,173,186,1255,2013.0,0.0,106507.0,-0.640044,0.121772,PER,RUS,7436
2274944,174,186,1255,2013.0,646612.0,0.0,0.639083,0.45816899999999994,PHL,RUS,7436
2274945,177,186,1255,2013.0,58630572.0,877695.0,1.11341,0.975734,POL,RUS,7436
2274946,178,186,1255,2013.0,5428.0,103266.0,-0.304923,-0.301578,PRK,RUS,7436
2274947,179,186,1255,2013.0,1127651.0,3723.0,0.705087,2.2055580000000004,PRT,RUS,7436
2274948,185,186,1255,2013.0,5486665.0,1145273.0,1.05722,1.0968799999999999,ROU,RUS,7436
2274949,188,186,1255,2013.0,126470.0,200052.0,-0.14823599999999998,-0.883965,SAU,RUS,7436
2274950,190,186,1255,2013.0,0.0,13885.0,-1.224897,-1.059517,SDN,RUS,7436
2274951,191,186,1255,2013.0,0.0,35971.0,-0.566624,-0.185277,SEN,RUS,7436
2274952,192,186,1255,2013.0,2237303.0,182310.0,1.844685,0.639379,SGP,RUS,7436
2274953,197,186,1255,2013.0,0.0,5156.0,0.104046,0.46966,SLV,RUS,7436
2274954,198,186,1255,2013.0,12559.0,0.0,1.065274,0.783734,SMR,RUS,7436
2274955,201,186,1255,2013.0,61116.0,5455555.0,0.609755,1.355304,SRB,RUS,7436
2274956,205,186,1255,2013.0,1544.0,0.0,-0.25729,-0.651541,SUR,RUS,7436
2274957,206,186,1255,2013.0,6729662.0,2205064.0,1.510052,0.7060310000000001,SVK,RUS,7436
2274958,207,186,1255,2013.0,4202946.0,0.0,1.55922,0.565874,SVN,RUS,7436
2274959,208,186,1255,2013.0,20411704.0,39735.0,1.7851290000000002,0.182623,SWE,RUS,7436
2274960,215,186,1255,2013.0,0.0,5102.0,-0.532095,-0.434276,TGO,RUS,7436
2274961,216,186,1255,2013.0,2543990.0,27483.0,1.067287,1.2767110000000002,THA,RUS,7436
2274962,217,186,1255,2013.0,0.0,2550667.0,-1.117246,-1.1638600000000001,TJK,RUS,7436
2274963,219,186,1255,2013.0,0.0,2093503.0,-1.174981,-1.14869,TKM,RUS,7436
2274964,222,186,1255,2013.0,0.0,3454.0,-0.399437,-1.047864,TTO,RUS,7436
2274965,223,186,1255,2013.0,1202460.0,1964.0,0.40154,0.902177,TUN,RUS,7436
2274966,224,186,1255,2013.0,17735984.0,84590.0,0.580016,2.394812,TUR,RUS,7436
2274967,228,186,1255,2013.0,35987364.0,16241095.0,0.535571,1.026263,UKR,RUS,7436
2274968,230,186,1255,2013.0,0.0,4447.0,0.128825,0.02334,URY,RUS,7436
2274969,231,186,1255,2013.0,49849096.0,1359980.0,1.612058,-0.8592989999999999,USA,RUS,7436
2274970,232,186,1255,2013.0,26907.0,15863823.0,-0.7076319999999999,-0.645674,UZB,RUS,7436
2274971,236,186,1255,2013.0,1368.0,521622.0,-1.281202,-1.094268,VEN,RUS,7436
2274972,237,186,1255,2013.0,1433730.0,0.0,0.217532,-0.315292,VGB,RUS,7436
2274973,239,186,1255,2013.0,29593.0,817163.0,0.009264,1.182368,VNM,RUS,7436
2274974,243,186,1255,2013.0,0.0,2436.0,-1.2788700000000002,-1.230713,YEM,RUS,7436
2274975,246,186,1255,2013.0,4062243.0,243159.0,0.11624100000000001,1.574591,ZAF,RUS,7436
2274976,249,186,1255,2013.0,4706989.0,0.0,1.7382849999999999,0.9917739999999999,TWN,RUS,7436
2274977,250,186,1255,2013.0,11479.0,0.0,0.583151,0.14238299999999998,ANS,RUS,7436
2274978,2,191,1255,2013.0,0.0,19115.0,-1.240877,-1.073797,AGO,SEN,7436
2274979,4,191,1255,2013.0,12379.0,0.0,-0.44779300000000005,-0.13181700000000002,ALB,SEN,7436
2274980,7,191,1255,2013.0,374857.0,0.0,-0.338417,-0.754102,ARE,SEN,7436
2274981,14,191,1255,2013.0,153580.0,0.0,-0.63369,-0.276328,AUS,SEN,7436
2274982,15,191,1255,2013.0,4522.0,0.0,1.855434,-1.06494,AUT,SEN,7436
2274983,18,191,1255,2013.0,849500.0,0.0,1.198491,1.117268,BEL,SEN,7436
2274984,21,191,1255,2013.0,0.0,9216.0,-0.7231029999999999,-0.736291,BFA,SEN,7436
2274985,28,191,1255,2013.0,16706.0,0.0,1.183522,0.934159,BLR,SEN,7436
2274986,32,191,1255,2013.0,41285.0,0.0,0.2804,0.649729,BRA,SEN,7436
2274987,39,191,1255,2013.0,50258.0,0.0,0.599305,1.193591,CAN,SEN,7436
2274988,41,191,1255,2013.0,63763.0,0.0,2.0899229999999998,0.661667,CHE,SEN,7436
2274989,43,191,1255,2013.0,2104169.0,0.0,1.24864,0.667713,CHN,SEN,7436
2274990,44,191,1255,2013.0,0.0,8690.0,-1.0025870000000001,-0.901658,CIV,SEN,7436
2274991,49,191,1255,2013.0,0.0,62430.0,0.034491,-0.36975,COL,SEN,7436
2274992,51,191,1255,2013.0,0.0,3881.0,-0.28793,-0.5938319999999999,CPV,SEN,7436
2274993,61,191,1255,2013.0,792609.0,0.0,2.1086869999999998,-3.7092,DEU,SEN,7436
2274994,64,191,1255,2013.0,15306.0,0.0,1.190302,1.062991,DNK,SEN,7436
2274995,66,191,1255,2013.0,63970.0,0.0,-1.53603,-1.104965,DZA,SEN,7436
2274996,71,191,1255,2013.0,302819.0,17674.0,0.955472,1.80005,ESP,SEN,7436
2274997,74,191,1255,2013.0,82241.0,0.0,1.700282,0.867677,FIN,SEN,7436
2274998,77,191,1255,2013.0,2094907.0,15500.0,1.5253299999999999,0.026146,FRA,SEN,7436
2274999,80,191,1255,2013.0,0.0,2521.0,-1.652062,-1.140576,GAB,SEN,7436
2275000,81,191,1255,2013.0,30978.0,3883.0,1.628465,0.77075,GBR,SEN,7436
2275001,83,191,1255,2013.0,2114.0,0.0,-0.696971,-0.5807939999999999,GHA,SEN,7436
2275002,85,191,1255,2013.0,0.0,13186.0,-1.281072,-1.027585,GIN,SEN,7436
2275003,88,191,1255,2013.0,0.0,1679.0,-1.888843,-0.8988809999999999,GNB,SEN,7436
2275004,89,191,1255,2013.0,7762.0,0.0,-1.7984200000000001,-0.678832,GNQ,SEN,7436
2275005,104,191,1255,2013.0,129782.0,0.0,0.18186,2.647598,IND,SEN,7436
2275006,110,191,1255,2013.0,50714.0,0.0,1.0247629999999999,0.8261639999999999,ISR,SEN,7436
2275007,111,191,1255,2013.0,205609.0,19941.0,1.419383,-0.304402,ITA,SEN,7436
2275008,114,191,1255,2013.0,128892.0,0.0,2.333417,-0.818701,JPN,SEN,7436
2275009,121,191,1255,2013.0,43807.0,0.0,1.817145,0.835414,KOR,SEN,7436
2275010,124,191,1255,2013.0,42221.0,0.0,0.37392800000000004,1.413136,LBN,SEN,7436
2275011,134,191,1255,2013.0,44680.0,0.0,-0.474872,0.178118,MAR,SEN,7436
2275012,138,191,1255,2013.0,3833.0,0.0,1.2327219999999999,0.746108,MEX,SEN,7436
2275013,141,191,1255,2013.0,0.0,436719.0,-1.046677,-0.980809,MLI,SEN,7436
2275014,142,191,1255,2013.0,0.0,3794.0,0.710108,-0.014586000000000002,MLT,SEN,7436
2275015,157,191,1255,2013.0,0.0,11996.0,-1.0008350000000001,-0.8325670000000001,NER,SEN,7436
2275016,162,191,1255,2013.0,133216.0,0.0,1.012006,1.441545,NLD,SEN,7436
2275017,168,191,1255,2013.0,13699.0,0.0,-0.697224,0.501576,PAK,SEN,7436
2275018,174,191,1255,2013.0,1679.0,0.0,0.639083,0.45816899999999994,PHL,SEN,7436
2275019,179,191,1255,2013.0,201029.0,0.0,0.705087,2.2055580000000004,PRT,SEN,7436
2275020,186,191,1255,2013.0,35971.0,0.0,-0.08233,-0.267781,RUS,SEN,7436
2275021,188,191,1255,2013.0,10136.0,0.0,-0.14823599999999998,-0.883965,SAU,SEN,7436
2275022,208,191,1255,2013.0,76714.0,0.0,1.7851290000000002,0.182623,SWE,SEN,7436
2275023,209,191,1255,2013.0,67922.0,0.0,0.017946,-0.20627399999999999,SWZ,SEN,7436
2275024,216,191,1255,2013.0,15288.0,0.0,1.067287,1.2767110000000002,THA,SEN,7436
2275025,223,191,1255,2013.0,175755.0,0.0,0.40154,0.902177,TUN,SEN,7436
2275026,224,191,1255,2013.0,169479.0,0.0,0.580016,2.394812,TUR,SEN,7436
2275027,231,191,1255,2013.0,481486.0,0.0,1.612058,-0.8592989999999999,USA,SEN,7436
2275028,246,191,1255,2013.0,65321.0,0.0,0.11624100000000001,1.574591,ZAF,SEN,7436
2275029,250,191,1255,2013.0,12360.0,0.0,0.583151,0.14238299999999998,ANS,SEN,7436
2275030,2,201,1255,2013.0,0.0,55828.0,-1.240877,-1.073797,AGO,SRB,7436
2275031,4,201,1255,2013.0,85295.0,16512.0,-0.44779300000000005,-0.13181700000000002,ALB,SRB,7436
2275032,7,201,1255,2013.0,0.0,40592.0,-0.338417,-0.754102,ARE,SRB,7436
2275033,8,201,1255,2013.0,7087.0,0.0,0.042829,0.461002,ARG,SRB,7436
2275034,15,201,1255,2013.0,1952296.0,83420.0,1.855434,-1.06494,AUT,SRB,7436
2275035,16,201,1255,2013.0,0.0,53726.0,-1.319766,-1.200648,AZE,SRB,7436
2275036,18,201,1255,2013.0,3176390.0,4905.0,1.198491,1.117268,BEL,SRB,7436
2275037,23,201,1255,2013.0,1233660.0,107304.0,0.622325,1.5506229999999999,BGR,SRB,7436
2275038,26,201,1255,2013.0,1535704.0,875448.0,0.723658,0.9271879999999999,BIH,SRB,7436
2275039,28,201,1255,2013.0,16813.0,15665.0,1.183522,0.934159,BLR,SRB,7436
2275040,32,201,1255,2013.0,16207.0,0.0,0.2804,0.649729,BRA,SRB,7436
2275041,39,201,1255,2013.0,14442.0,0.0,0.599305,1.193591,CAN,SRB,7436
2275042,41,201,1255,2013.0,50369.0,18806.0,2.0899229999999998,0.661667,CHE,SRB,7436
2275043,43,201,1255,2013.0,347367.0,0.0,1.24864,0.667713,CHN,SRB,7436
2275044,58,201,1255,2013.0,42440.0,0.0,0.36482800000000004,0.527544,CYP,SRB,7436
2275045,59,201,1255,2013.0,1407674.0,80802.0,1.829509,-0.41787700000000005,CZE,SRB,7436
2275046,61,201,1255,2013.0,10182030.0,2539786.0,2.1086869999999998,-3.7092,DEU,SRB,7436
2275047,64,201,1255,2013.0,228590.0,0.0,1.190302,1.062991,DNK,SRB,7436
2275048,66,201,1255,2013.0,0.0,270032.0,-1.53603,-1.104965,DZA,SRB,7436
2275049,68,201,1255,2013.0,0.0,170731.0,-0.12015799999999999,1.793363,EGY,SRB,7436
2275050,71,201,1255,2013.0,343108.0,25641.0,0.955472,1.80005,ESP,SRB,7436
2275051,72,201,1255,2013.0,1459.0,0.0,0.923321,1.290016,EST,SRB,7436
2275052,74,201,1255,2013.0,31052.0,0.0,1.700282,0.867677,FIN,SRB,7436
2275053,77,201,1255,2013.0,1373736.0,0.0,1.5253299999999999,0.026146,FRA,SRB,7436
2275054,81,201,1255,2013.0,676926.0,0.0,1.628465,0.77075,GBR,SRB,7436
2275055,90,201,1255,2013.0,122102.0,0.0,0.073442,0.9857899999999999,GRC,SRB,7436
2275056,96,201,1255,2013.0,1251.0,0.0,-0.90241,-0.957449,GUY,SRB,7436
2275057,97,201,1255,2013.0,1071.0,0.0,0.791401,1.249845,HKG,SRB,7436
2275058,100,201,1255,2013.0,638324.0,259720.0,0.8737309999999999,1.276091,HRV,SRB,7436
2275059,102,201,1255,2013.0,1601980.0,16857.0,1.6962560000000002,0.45460600000000007,HUN,SRB,7436
2275060,103,201,1255,2013.0,9410.0,0.0,-0.006876999999999999,1.8336569999999999,IDN,SRB,7436
2275061,104,201,1255,2013.0,54175.0,0.0,0.18186,2.647598,IND,SRB,7436
2275062,106,201,1255,2013.0,29852.0,0.0,1.32787,0.394579,IRL,SRB,7436
2275063,110,201,1255,2013.0,48594.0,1550.0,1.0247629999999999,0.8261639999999999,ISR,SRB,7436
2275064,111,201,1255,2013.0,21714602.0,116057.0,1.419383,-0.304402,ITA,SRB,7436
2275065,114,201,1255,2013.0,55848.0,0.0,2.333417,-0.818701,JPN,SRB,7436
2275066,115,201,1255,2013.0,0.0,11714.0,-0.9193819999999999,-0.734194,KAZ,SRB,7436
2275067,116,201,1255,2013.0,369857.0,0.0,-0.303119,0.626786,KEN,SRB,7436
2275068,121,201,1255,2013.0,384648.0,0.0,1.817145,0.835414,KOR,SRB,7436
2275069,122,201,1255,2013.0,0.0,20392.0,-1.198985,-1.057248,KWT,SRB,7436
2275070,124,201,1255,2013.0,0.0,30980.0,0.37392800000000004,1.413136,LBN,SRB,7436
2275071,130,201,1255,2013.0,14549.0,0.0,0.677986,1.29227,LTU,SRB,7436
2275072,134,201,1255,2013.0,3094.0,0.0,-0.474872,0.178118,MAR,SRB,7436
2275073,135,201,1255,2013.0,0.0,2090.0,0.14256,0.33920700000000004,MDA,SRB,7436
2275074,138,201,1255,2013.0,80515.0,0.0,1.2327219999999999,0.746108,MEX,SRB,7436
2275075,140,201,1255,2013.0,76438.0,567129.0,-0.127775,0.21915900000000002,MKD,SRB,7436
2275076,144,201,1255,2013.0,33078.0,909986.0,0.09597,-0.019953,MNE,SRB,7436
2275077,153,201,1255,2013.0,4036.0,1520.0,0.924532,0.671334,MYS,SRB,7436
2275078,162,201,1255,2013.0,312907.0,115794.0,1.012006,1.441545,NLD,SRB,7436
2275079,174,201,1255,2013.0,3336.0,0.0,0.639083,0.45816899999999994,PHL,SRB,7436
2275080,177,201,1255,2013.0,2450125.0,5014.0,1.11341,0.975734,POL,SRB,7436
2275081,178,201,1255,2013.0,1046.0,0.0,-0.304923,-0.301578,PRK,SRB,7436
2275082,179,201,1255,2013.0,3313.0,0.0,0.705087,2.2055580000000004,PRT,SRB,7436
2275083,183,201,1255,2013.0,1113.0,0.0,-0.583609,-1.003754,QAT,SRB,7436
2275084,185,201,1255,2013.0,340710.0,53676.0,1.05722,1.0968799999999999,ROU,SRB,7436
2275085,186,201,1255,2013.0,5455555.0,61116.0,-0.08233,-0.267781,RUS,SRB,7436
2275086,188,201,1255,2013.0,3352.0,66617.0,-0.14823599999999998,-0.883965,SAU,SRB,7436
2275087,190,201,1255,2013.0,0.0,2279.0,-1.224897,-1.059517,SDN,SRB,7436
2275088,192,201,1255,2013.0,1309.0,0.0,1.844685,0.639379,SGP,SRB,7436
2275089,206,201,1255,2013.0,591521.0,42653.0,1.510052,0.7060310000000001,SVK,SRB,7436
2275090,207,201,1255,2013.0,1886357.0,517877.0,1.55922,0.565874,SVN,SRB,7436
2275091,208,201,1255,2013.0,177528.0,6728.0,1.7851290000000002,0.182623,SWE,SRB,7436
2275092,216,201,1255,2013.0,22725.0,8740.0,1.067287,1.2767110000000002,THA,SRB,7436
2275093,223,201,1255,2013.0,183634.0,0.0,0.40154,0.902177,TUN,SRB,7436
2275094,224,201,1255,2013.0,1670807.0,23042.0,0.580016,2.394812,TUR,SRB,7436
2275095,228,201,1255,2013.0,51891.0,3810.0,0.535571,1.026263,UKR,SRB,7436
2275096,230,201,1255,2013.0,0.0,117690.0,0.128825,0.02334,URY,SRB,7436
2275097,231,201,1255,2013.0,245726.0,107975.0,1.612058,-0.8592989999999999,USA,SRB,7436
2275098,237,201,1255,2013.0,0.0,2033.0,0.217532,-0.315292,VGB,SRB,7436
2275099,239,201,1255,2013.0,1028179.0,0.0,0.009264,1.182368,VNM,SRB,7436
2275100,246,201,1255,2013.0,15944.0,0.0,0.11624100000000001,1.574591,ZAF,SRB,7436
2275101,249,201,1255,2013.0,30893.0,2435.0,1.7382849999999999,0.9917739999999999,TWN,SRB,7436
2275102,2,207,1255,2013.0,0.0,1309.0,-1.240877,-1.073797,AGO,SVN,7436
2275103,4,207,1255,2013.0,0.0,24058.0,-0.44779300000000005,-0.13181700000000002,ALB,SVN,7436
2275104,7,207,1255,2013.0,0.0,20421.0,-0.338417,-0.754102,ARE,SVN,7436
2275105,8,207,1255,2013.0,0.0,46650.0,0.042829,0.461002,ARG,SVN,7436
2275106,14,207,1255,2013.0,7435.0,144176.0,-0.63369,-0.276328,AUS,SVN,7436
2275107,15,207,1255,2013.0,3827861.0,939495.0,1.855434,-1.06494,AUT,SVN,7436
2275108,16,207,1255,2013.0,0.0,152861.0,-1.319766,-1.200648,AZE,SVN,7436
2275109,18,207,1255,2013.0,1503293.0,1113382.0,1.198491,1.117268,BEL,SVN,7436
2275110,23,207,1255,2013.0,417799.0,86622.0,0.622325,1.5506229999999999,BGR,SVN,7436
2275111,24,207,1255,2013.0,0.0,10605.0,0.080634,-0.6828890000000001,BHR,SVN,7436
2275112,26,207,1255,2013.0,188527.0,1011864.0,0.723658,0.9271879999999999,BIH,SVN,7436
2275113,28,207,1255,2013.0,0.0,397500.0,1.183522,0.934159,BLR,SVN,7436
2275114,32,207,1255,2013.0,25141.0,155618.0,0.2804,0.649729,BRA,SVN,7436
2275115,37,207,1255,2013.0,0.0,10424.0,-0.677782,-1.0888149999999999,BWA,SVN,7436
2275116,39,207,1255,2013.0,4395.0,74744.0,0.599305,1.193591,CAN,SVN,7436
2275117,41,207,1255,2013.0,339796.0,246789.0,2.0899229999999998,0.661667,CHE,SVN,7436
2275118,42,207,1255,2013.0,0.0,2323.0,-0.184556,-0.238657,CHL,SVN,7436
2275119,43,207,1255,2013.0,1270960.0,140947.0,1.24864,0.667713,CHN,SVN,7436
2275120,44,207,1255,2013.0,0.0,21799.0,-1.0025870000000001,-0.901658,CIV,SVN,7436
2275121,49,207,1255,2013.0,0.0,24370.0,0.034491,-0.36975,COL,SVN,7436
2275122,52,207,1255,2013.0,0.0,42255.0,0.208669,-0.54783,CRI,SVN,7436
2275123,58,207,1255,2013.0,0.0,7653.0,0.36482800000000004,0.527544,CYP,SVN,7436
2275124,59,207,1255,2013.0,1306723.0,2569864.0,1.829509,-0.41787700000000005,CZE,SVN,7436
2275125,61,207,1255,2013.0,17404002.0,7626139.0,2.1086869999999998,-3.7092,DEU,SVN,7436
2275126,64,207,1255,2013.0,267357.0,422480.0,1.190302,1.062991,DNK,SVN,7436
2275127,65,207,1255,2013.0,0.0,2175.0,-0.272579,0.42750699999999997,DOM,SVN,7436
2275128,66,207,1255,2013.0,0.0,163638.0,-1.53603,-1.104965,DZA,SVN,7436
2275129,67,207,1255,2013.0,0.0,11003.0,-0.8251790000000001,-0.9347200000000001,ECU,SVN,7436
2275130,68,207,1255,2013.0,0.0,59509.0,-0.12015799999999999,1.793363,EGY,SVN,7436
2275131,71,207,1255,2013.0,1154028.0,4048019.0,0.955472,1.80005,ESP,SVN,7436
2275132,72,207,1255,2013.0,17066.0,234631.0,0.923321,1.290016,EST,SVN,7436
2275133,74,207,1255,2013.0,115361.0,234246.0,1.700282,0.867677,FIN,SVN,7436
2275134,77,207,1255,2013.0,15057996.0,10876171.0,1.5253299999999999,0.026146,FRA,SVN,7436
2275135,81,207,1255,2013.0,1471490.0,550962.0,1.628465,0.77075,GBR,SVN,7436
2275136,82,207,1255,2013.0,0.0,3213678.0,-0.08343099999999999,-0.359692,GEO,SVN,7436
2275137,90,207,1255,2013.0,0.0,51203.0,0.073442,0.9857899999999999,GRC,SVN,7436
2275138,97,207,1255,2013.0,9142.0,4956.0,0.791401,1.249845,HKG,SVN,7436
2275139,100,207,1255,2013.0,260257.0,4120126.0,0.8737309999999999,1.276091,HRV,SVN,7436
2275140,102,207,1255,2013.0,1200665.0,454789.0,1.6962560000000002,0.45460600000000007,HUN,SVN,7436
2275141,103,207,1255,2013.0,13333.0,7034.0,-0.006876999999999999,1.8336569999999999,IDN,SVN,7436
2275142,104,207,1255,2013.0,69278.0,249962.0,0.18186,2.647598,IND,SVN,7436
2275143,106,207,1255,2013.0,97736.0,2655383.0,1.32787,0.394579,IRL,SVN,7436
2275144,107,207,1255,2013.0,1299.0,29708.0,-0.23625100000000002,-0.256067,IRN,SVN,7436
2275145,109,207,1255,2013.0,0.0,20299.0,0.284089,-0.164097,ISL,SVN,7436
2275146,110,207,1255,2013.0,71110.0,60196.0,1.0247629999999999,0.8261639999999999,ISR,SVN,7436
2275147,111,207,1255,2013.0,10666870.0,4834874.0,1.419383,-0.304402,ITA,SVN,7436
2275148,113,207,1255,2013.0,0.0,1315.0,0.1888,0.596867,JOR,SVN,7436
2275149,114,207,1255,2013.0,180705.0,49596.0,2.333417,-0.818701,JPN,SVN,7436
2275150,115,207,1255,2013.0,0.0,123300.0,-0.9193819999999999,-0.734194,KAZ,SVN,7436
2275151,116,207,1255,2013.0,0.0,34860.0,-0.303119,0.626786,KEN,SVN,7436
2275152,117,207,1255,2013.0,0.0,37954.0,0.25090500000000004,0.7357279999999999,KGZ,SVN,7436
2275153,121,207,1255,2013.0,286091.0,200282.0,1.817145,0.835414,KOR,SVN,7436
2275154,122,207,1255,2013.0,0.0,17079.0,-1.198985,-1.057248,KWT,SVN,7436
2275155,124,207,1255,2013.0,0.0,13003.0,0.37392800000000004,1.413136,LBN,SVN,7436
2275156,128,207,1255,2013.0,0.0,15207.0,-0.320583,0.44462399999999996,LKA,SVN,7436
2275157,130,207,1255,2013.0,62181.0,136260.0,0.677986,1.29227,LTU,SVN,7436
2275158,131,207,1255,2013.0,134135.0,8987.0,1.0110190000000001,1.123226,LUX,SVN,7436
2275159,132,207,1255,2013.0,377645.0,28492.0,0.652463,1.299917,LVA,SVN,7436
2275160,134,207,1255,2013.0,0.0,17895.0,-0.474872,0.178118,MAR,SVN,7436
2275161,135,207,1255,2013.0,0.0,13538.0,0.14256,0.33920700000000004,MDA,SVN,7436
2275162,137,207,1255,2013.0,0.0,3036.0,-0.510204,-0.740372,MDV,SVN,7436
2275163,138,207,1255,2013.0,76283.0,40850.0,1.2327219999999999,0.746108,MEX,SVN,7436
2275164,140,207,1255,2013.0,2707.0,648751.0,-0.127775,0.21915900000000002,MKD,SVN,7436
2275165,144,207,1255,2013.0,1868.0,788212.0,0.09597,-0.019953,MNE,SVN,7436
2275166,151,207,1255,2013.0,0.0,1885.0,-0.092312,0.050927,MUS,SVN,7436
2275167,153,207,1255,2013.0,49336.0,25826.0,0.924532,0.671334,MYS,SVN,7436
2275168,156,207,1255,2013.0,0.0,13390.0,-0.262882,-0.63858,NCL,SVN,7436
2275169,160,207,1255,2013.0,0.0,2212.0,-0.7956479999999999,-0.596061,NIC,SVN,7436
2275170,162,207,1255,2013.0,1402744.0,925821.0,1.012006,1.441545,NLD,SVN,7436
2275171,163,207,1255,2013.0,11117.0,54415.0,0.710901,0.062705,NOR,SVN,7436
2275172,166,207,1255,2013.0,0.0,24927.0,0.192237,0.429825,NZL,SVN,7436
2275173,167,207,1255,2013.0,0.0,1521.0,-0.698693,-1.030814,OMN,SVN,7436
2275174,168,207,1255,2013.0,0.0,5810.0,-0.697224,0.501576,PAK,SVN,7436
2275175,173,207,1255,2013.0,0.0,15339.0,-0.640044,0.121772,PER,SVN,7436
2275176,174,207,1255,2013.0,2810.0,208469.0,0.639083,0.45816899999999994,PHL,SVN,7436
2275177,177,207,1255,2013.0,1274607.0,2060790.0,1.11341,0.975734,POL,SVN,7436
2275178,179,207,1255,2013.0,2892.0,35588.0,0.705087,2.2055580000000004,PRT,SVN,7436
2275179,180,207,1255,2013.0,0.0,3199.0,-0.560661,-0.822876,PRY,SVN,7436
2275180,182,207,1255,2013.0,0.0,20014.0,-0.118172,-0.620256,PYF,SVN,7436
2275181,183,207,1255,2013.0,0.0,15273.0,-0.583609,-1.003754,QAT,SVN,7436
2275182,185,207,1255,2013.0,65872.0,718423.0,1.05722,1.0968799999999999,ROU,SVN,7436
2275183,186,207,1255,2013.0,0.0,4202946.0,-0.08233,-0.267781,RUS,SVN,7436
2275184,188,207,1255,2013.0,0.0,175435.0,-0.14823599999999998,-0.883965,SAU,SVN,7436
2275185,192,207,1255,2013.0,37136.0,243498.0,1.844685,0.639379,SGP,SVN,7436
2275186,196,207,1255,2013.0,0.0,3828.0,-0.42937700000000006,-0.529857,SLE,SVN,7436
2275187,201,207,1255,2013.0,517877.0,1886357.0,0.609755,1.355304,SRB,SVN,7436
2275188,206,207,1255,2013.0,103287.0,53830.0,1.510052,0.7060310000000001,SVK,SVN,7436
2275189,208,207,1255,2013.0,688055.0,1267378.0,1.7851290000000002,0.182623,SWE,SVN,7436
2275190,216,207,1255,2013.0,34496.0,75991.0,1.067287,1.2767110000000002,THA,SVN,7436
2275191,223,207,1255,2013.0,146835.0,30126.0,0.40154,0.902177,TUN,SVN,7436
2275192,224,207,1255,2013.0,792469.0,1224901.0,0.580016,2.394812,TUR,SVN,7436
2275193,228,207,1255,2013.0,6780.0,239938.0,0.535571,1.026263,UKR,SVN,7436
2275194,230,207,1255,2013.0,0.0,6651.0,0.128825,0.02334,URY,SVN,7436
2275195,231,207,1255,2013.0,656974.0,696012.0,1.612058,-0.8592989999999999,USA,SVN,7436
2275196,236,207,1255,2013.0,0.0,2053.0,-1.281202,-1.094268,VEN,SVN,7436
2275197,239,207,1255,2013.0,1338.0,9695.0,0.009264,1.182368,VNM,SVN,7436
2275198,246,207,1255,2013.0,171074.0,206582.0,0.11624100000000001,1.574591,ZAF,SVN,7436
2275199,249,207,1255,2013.0,136885.0,0.0,1.7382849999999999,0.9917739999999999,TWN,SVN,7436
2275200,2,239,1255,2013.0,0.0,37085.0,-1.240877,-1.073797,AGO,VNM,7436
2275201,7,239,1255,2013.0,0.0,20397.0,-0.338417,-0.754102,ARE,VNM,7436
2275202,8,239,1255,2013.0,10647.0,11623.0,0.042829,0.461002,ARG,VNM,7436
2275203,14,239,1255,2013.0,279888.0,360036.0,-0.63369,-0.276328,AUS,VNM,7436
2275204,15,239,1255,2013.0,89349.0,12382.0,1.855434,-1.06494,AUT,VNM,7436
2275205,18,239,1255,2013.0,756053.0,98902.0,1.198491,1.117268,BEL,VNM,7436
2275206,22,239,1255,2013.0,0.0,108940.0,-0.835666,-0.8088810000000001,BGD,VNM,7436
2275207,23,239,1255,2013.0,25519.0,0.0,0.622325,1.5506229999999999,BGR,VNM,7436
2275208,24,239,1255,2013.0,0.0,4659.0,0.080634,-0.6828890000000001,BHR,VNM,7436
2275209,28,239,1255,2013.0,3613.0,0.0,1.183522,0.934159,BLR,VNM,7436
2275210,31,239,1255,2013.0,0.0,1012.0,-1.1429610000000001,-1.0076120000000002,BOL,VNM,7436
2275211,32,239,1255,2013.0,41046.0,12727.0,0.2804,0.649729,BRA,VNM,7436
2275212,34,239,1255,2013.0,0.0,3011.0,-1.664,-0.663172,BRN,VNM,7436
2275213,39,239,1255,2013.0,316261.0,310388.0,0.599305,1.193591,CAN,VNM,7436
2275214,41,239,1255,2013.0,2359743.0,0.0,2.0899229999999998,0.661667,CHE,VNM,7436
2275215,42,239,1255,2013.0,0.0,422743.0,-0.184556,-0.238657,CHL,VNM,7436
2275216,43,239,1255,2013.0,96235416.0,50965.0,1.24864,0.667713,CHN,VNM,7436
2275217,44,239,1255,2013.0,0.0,42245.0,-1.0025870000000001,-0.901658,CIV,VNM,7436
2275218,45,239,1255,2013.0,0.0,4471.0,-0.93575,-1.003851,CMR,VNM,7436
2275219,47,239,1255,2013.0,0.0,1334.0,-1.478461,-1.094509,COG,VNM,7436
2275220,49,239,1255,2013.0,0.0,237934.0,0.034491,-0.36975,COL,VNM,7436
2275221,59,239,1255,2013.0,292315.0,0.0,1.829509,-0.41787700000000005,CZE,VNM,7436
2275222,61,239,1255,2013.0,15830401.0,147483.0,2.1086869999999998,-3.7092,DEU,VNM,7436
2275223,63,239,1255,2013.0,0.0,1350.0,0.13787,-0.12528399999999998,DMA,VNM,7436
2275224,64,239,1255,2013.0,171036.0,0.0,1.190302,1.062991,DNK,VNM,7436
2275225,66,239,1255,2013.0,0.0,5139.0,-1.53603,-1.104965,DZA,VNM,7436
2275226,71,239,1255,2013.0,1398604.0,94966.0,0.955472,1.80005,ESP,VNM,7436
2275227,72,239,1255,2013.0,17401.0,0.0,0.923321,1.290016,EST,VNM,7436
2275228,74,239,1255,2013.0,1474309.0,12645.0,1.700282,0.867677,FIN,VNM,7436
2275229,77,239,1255,2013.0,2173974.0,22444.0,1.5253299999999999,0.026146,FRA,VNM,7436
2275230,81,239,1255,2013.0,1811519.0,107184.0,1.628465,0.77075,GBR,VNM,7436
2275231,93,239,1255,2013.0,0.0,6924.0,-0.220165,0.661111,GTM,VNM,7436
2275232,97,239,1255,2013.0,387688.0,6124.0,0.791401,1.249845,HKG,VNM,7436
2275233,102,239,1255,2013.0,92737.0,0.0,1.6962560000000002,0.45460600000000007,HUN,VNM,7436
2275234,103,239,1255,2013.0,4276771.0,448069.0,-0.006876999999999999,1.8336569999999999,IDN,VNM,7436
2275235,104,239,1255,2013.0,13206222.0,527097.0,0.18186,2.647598,IND,VNM,7436
2275236,106,239,1255,2013.0,26354.0,0.0,1.32787,0.394579,IRL,VNM,7436
2275237,110,239,1255,2013.0,144765.0,16588.0,1.0247629999999999,0.8261639999999999,ISR,VNM,7436
2275238,111,239,1255,2013.0,2244000.0,6290.0,1.419383,-0.304402,ITA,VNM,7436
2275239,114,239,1255,2013.0,33089180.0,1617332.0,2.333417,-0.818701,JPN,VNM,7436
2275240,116,239,1255,2013.0,0.0,80704.0,-0.303119,0.626786,KEN,VNM,7436
2275241,118,239,1255,2013.0,0.0,230256.0,-0.634876,-0.714886,KHM,VNM,7436
2275242,121,239,1255,2013.0,16705516.0,2790115.0,1.817145,0.835414,KOR,VNM,7436
2275243,122,239,1255,2013.0,0.0,26371.0,-1.198985,-1.057248,KWT,VNM,7436
2275244,123,239,1255,2013.0,0.0,570194.0,-0.907169,-0.587529,LAO,VNM,7436
2275245,128,239,1255,2013.0,0.0,16770.0,-0.320583,0.44462399999999996,LKA,VNM,7436
2275246,131,239,1255,2013.0,112391.0,0.0,1.0110190000000001,1.123226,LUX,VNM,7436
2275247,132,239,1255,2013.0,2270.0,0.0,0.652463,1.299917,LVA,VNM,7436
2275248,134,239,1255,2013.0,0.0,1299.0,-0.474872,0.178118,MAR,VNM,7436
2275249,138,239,1255,2013.0,529914.0,382337.0,1.2327219999999999,0.746108,MEX,VNM,7436
2275250,143,239,1255,2013.0,0.0,80563.0,-1.147086,-0.6888989999999999,MMR,VNM,7436
2275251,147,239,1255,2013.0,0.0,1101.0,-1.131512,-0.8923840000000001,MOZ,VNM,7436
2275252,152,239,1255,2013.0,0.0,11220.0,-0.802763,-0.8101470000000001,MWI,VNM,7436
2275253,153,239,1255,2013.0,5545136.0,589085.0,0.924532,0.671334,MYS,VNM,7436
2275254,159,239,1255,2013.0,0.0,33963.0,-1.679402,-1.14686,NGA,VNM,7436
2275255,162,239,1255,2013.0,1091505.0,0.0,1.012006,1.441545,NLD,VNM,7436
2275256,163,239,1255,2013.0,1467605.0,5074.0,0.710901,0.062705,NOR,VNM,7436
2275257,166,239,1255,2013.0,25169.0,69384.0,0.192237,0.429825,NZL,VNM,7436
2275258,168,239,1255,2013.0,0.0,5033.0,-0.697224,0.501576,PAK,VNM,7436
2275259,169,239,1255,2013.0,0.0,31688.0,0.8719819999999999,1.038982,PAN,VNM,7436
2275260,173,239,1255,2013.0,0.0,12334.0,-0.640044,0.121772,PER,VNM,7436
2275261,174,239,1255,2013.0,66866.0,26573.0,0.639083,0.45816899999999994,PHL,VNM,7436
2275262,177,239,1255,2013.0,188821.0,0.0,1.11341,0.975734,POL,VNM,7436
2275263,179,239,1255,2013.0,25112.0,0.0,0.705087,2.2055580000000004,PRT,VNM,7436
2275264,183,239,1255,2013.0,2088.0,6586.0,-0.583609,-1.003754,QAT,VNM,7436
2275265,185,239,1255,2013.0,22868.0,0.0,1.05722,1.0968799999999999,ROU,VNM,7436
2275266,186,239,1255,2013.0,817163.0,29593.0,-0.08233,-0.267781,RUS,VNM,7436
2275267,188,239,1255,2013.0,2511.0,762727.0,-0.14823599999999998,-0.883965,SAU,VNM,7436
2275268,192,239,1255,2013.0,4970478.0,413556.0,1.844685,0.639379,SGP,VNM,7436
2275269,201,239,1255,2013.0,0.0,1028179.0,0.609755,1.355304,SRB,VNM,7436
2275270,206,239,1255,2013.0,76461.0,0.0,1.510052,0.7060310000000001,SVK,VNM,7436
2275271,207,239,1255,2013.0,9695.0,1338.0,1.55922,0.565874,SVN,VNM,7436
2275272,208,239,1255,2013.0,150616.0,2724.0,1.7851290000000002,0.182623,SWE,VNM,7436
2275273,216,239,1255,2013.0,10527877.0,547637.0,1.067287,1.2767110000000002,THA,VNM,7436
2275274,220,239,1255,2013.0,0.0,38417.0,-0.5989939999999999,-0.649891,TLS,VNM,7436
2275275,223,239,1255,2013.0,9371.0,0.0,0.40154,0.902177,TUN,VNM,7436
2275276,224,239,1255,2013.0,291387.0,0.0,0.580016,2.394812,TUR,VNM,7436
2275277,228,239,1255,2013.0,113926.0,0.0,0.535571,1.026263,UKR,VNM,7436
2275278,231,239,1255,2013.0,5972810.0,2022711.0,1.612058,-0.8592989999999999,USA,VNM,7436
2275279,246,239,1255,2013.0,49540.0,5204.0,0.11624100000000001,1.574591,ZAF,VNM,7436
2275280,249,239,1255,2013.0,10652002.0,959048.0,1.7382849999999999,0.9917739999999999,TWN,VNM,7436
2275281,250,239,1255,2013.0,2434202.0,1401.0,0.583151,0.14238299999999998,ANS,VNM,7436
2275282,7,248,1255,2013.0,725303.0,0.0,-0.338417,-0.754102,ARE,ZWE,7436
2275283,14,248,1255,2013.0,3337.0,0.0,-0.63369,-0.276328,AUS,ZWE,7436
2275284,15,248,1255,2013.0,8500.0,0.0,1.855434,-1.06494,AUT,ZWE,7436
2275285,18,248,1255,2013.0,33731.0,0.0,1.198491,1.117268,BEL,ZWE,7436
2275286,32,248,1255,2013.0,12064.0,0.0,0.2804,0.649729,BRA,ZWE,7436
2275287,37,248,1255,2013.0,54167.0,0.0,-0.677782,-1.0888149999999999,BWA,ZWE,7436
2275288,39,248,1255,2013.0,6241.0,0.0,0.599305,1.193591,CAN,ZWE,7436
2275289,41,248,1255,2013.0,21483.0,0.0,2.0899229999999998,0.661667,CHE,ZWE,7436
2275290,43,248,1255,2013.0,460288.0,0.0,1.24864,0.667713,CHN,ZWE,7436
2275291,61,248,1255,2013.0,164894.0,0.0,2.1086869999999998,-3.7092,DEU,ZWE,7436
2275292,64,248,1255,2013.0,1828.0,0.0,1.190302,1.062991,DNK,ZWE,7436
2275293,71,248,1255,2013.0,10930.0,0.0,0.955472,1.80005,ESP,ZWE,7436
2275294,77,248,1255,2013.0,11094.0,0.0,1.5253299999999999,0.026146,FRA,ZWE,7436
2275295,81,248,1255,2013.0,116877.0,0.0,1.628465,0.77075,GBR,ZWE,7436
2275296,97,248,1255,2013.0,24006.0,0.0,0.791401,1.249845,HKG,ZWE,7436
2275297,104,248,1255,2013.0,555470.0,0.0,0.18186,2.647598,IND,ZWE,7436
2275298,106,248,1255,2013.0,106108.0,0.0,1.32787,0.394579,IRL,ZWE,7436
2275299,110,248,1255,2013.0,1142.0,0.0,1.0247629999999999,0.8261639999999999,ISR,ZWE,7436
2275300,111,248,1255,2013.0,108266.0,19046.0,1.419383,-0.304402,ITA,ZWE,7436
2275301,114,248,1255,2013.0,24280.0,0.0,2.333417,-0.818701,JPN,ZWE,7436
2275302,124,248,1255,2013.0,7300.0,0.0,0.37392800000000004,1.413136,LBN,ZWE,7436
2275303,147,248,1255,2013.0,13209.0,4722.0,-1.131512,-0.8923840000000001,MOZ,ZWE,7436
2275304,151,248,1255,2013.0,77629.0,0.0,-0.092312,0.050927,MUS,ZWE,7436
2275305,159,248,1255,2013.0,1287.0,0.0,-1.679402,-1.14686,NGA,ZWE,7436
2275306,162,248,1255,2013.0,18831.0,0.0,1.012006,1.441545,NLD,ZWE,7436
2275307,177,248,1255,2013.0,7154.0,0.0,1.11341,0.975734,POL,ZWE,7436
2275308,179,248,1255,2013.0,10676.0,0.0,0.705087,2.2055580000000004,PRT,ZWE,7436
2275309,192,248,1255,2013.0,4095.0,0.0,1.844685,0.639379,SGP,ZWE,7436
2275310,208,248,1255,2013.0,116649.0,0.0,1.7851290000000002,0.182623,SWE,ZWE,7436
2275311,209,248,1255,2013.0,3875.0,0.0,0.017946,-0.20627399999999999,SWZ,ZWE,7436
2275312,216,248,1255,2013.0,3069.0,0.0,1.067287,1.2767110000000002,THA,ZWE,7436
2275313,224,248,1255,2013.0,8626.0,0.0,0.580016,2.394812,TUR,ZWE,7436
2275314,228,248,1255,2013.0,1031.0,0.0,0.535571,1.026263,UKR,ZWE,7436
2275315,231,248,1255,2013.0,64680.0,0.0,1.612058,-0.8592989999999999,USA,ZWE,7436
2275316,237,248,1255,2013.0,1278.0,0.0,0.217532,-0.315292,VGB,ZWE,7436
2275317,246,248,1255,2013.0,12176228.0,108748.0,0.11624100000000001,1.574591,ZAF,ZWE,7436
2275318,247,248,1255,2013.0,22534.0,24623.0,-0.293192,-0.42930100000000004,ZMB,ZWE,7436
2275319,249,248,1255,2013.0,2963.0,0.0,1.7382849999999999,0.9917739999999999,TWN,ZWE,7436
2275320,7,4,1255,2013.0,4608.0,0.0,-0.338417,-0.754102,ARE,ALB,7436
2275321,8,4,1255,2013.0,1482.0,0.0,0.042829,0.461002,ARG,ALB,7436
2275322,14,4,1255,2013.0,1229.0,0.0,-0.63369,-0.276328,AUS,ALB,7436
2275323,15,4,1255,2013.0,50541.0,0.0,1.855434,-1.06494,AUT,ALB,7436
2275324,18,4,1255,2013.0,230879.0,0.0,1.198491,1.117268,BEL,ALB,7436
2275325,23,4,1255,2013.0,9129.0,0.0,0.622325,1.5506229999999999,BGR,ALB,7436
2275326,26,4,1255,2013.0,48649.0,0.0,0.723658,0.9271879999999999,BIH,ALB,7436
2275327,32,4,1255,2013.0,2497.0,0.0,0.2804,0.649729,BRA,ALB,7436
2275328,39,4,1255,2013.0,22615.0,2849.0,0.599305,1.193591,CAN,ALB,7436
2275329,43,4,1255,2013.0,938971.0,0.0,1.24864,0.667713,CHN,ALB,7436
2275330,58,4,1255,2013.0,78406.0,0.0,0.36482800000000004,0.527544,CYP,ALB,7436
2275331,59,4,1255,2013.0,53856.0,0.0,1.829509,-0.41787700000000005,CZE,ALB,7436
2275332,61,4,1255,2013.0,1379450.0,0.0,2.1086869999999998,-3.7092,DEU,ALB,7436
2275333,71,4,1255,2013.0,15148.0,47561.0,0.955472,1.80005,ESP,ALB,7436
2275334,77,4,1255,2013.0,107061.0,0.0,1.5253299999999999,0.026146,FRA,ALB,7436
2275335,81,4,1255,2013.0,62066.0,0.0,1.628465,0.77075,GBR,ALB,7436
2275336,90,4,1255,2013.0,231498.0,0.0,0.073442,0.9857899999999999,GRC,ALB,7436
2275337,100,4,1255,2013.0,19093.0,0.0,0.8737309999999999,1.276091,HRV,ALB,7436
2275338,102,4,1255,2013.0,93557.0,0.0,1.6962560000000002,0.45460600000000007,HUN,ALB,7436
2275339,104,4,1255,2013.0,1922.0,0.0,0.18186,2.647598,IND,ALB,7436
2275340,106,4,1255,2013.0,5539.0,0.0,1.32787,0.394579,IRL,ALB,7436
2275341,110,4,1255,2013.0,25509.0,0.0,1.0247629999999999,0.8261639999999999,ISR,ALB,7436
2275342,111,4,1255,2013.0,1184178.0,920712.0,1.419383,-0.304402,ITA,ALB,7436
2275343,114,4,1255,2013.0,6338.0,0.0,2.333417,-0.818701,JPN,ALB,7436
2275344,121,4,1255,2013.0,84435.0,0.0,1.817145,0.835414,KOR,ALB,7436
2275345,130,4,1255,2013.0,8060.0,0.0,0.677986,1.29227,LTU,ALB,7436
2275346,138,4,1255,2013.0,4700.0,0.0,1.2327219999999999,0.746108,MEX,ALB,7436
2275347,140,4,1255,2013.0,35932.0,0.0,-0.127775,0.21915900000000002,MKD,ALB,7436
2275348,144,4,1255,2013.0,13421.0,2714.0,0.09597,-0.019953,MNE,ALB,7436
2275349,162,4,1255,2013.0,470742.0,0.0,1.012006,1.441545,NLD,ALB,7436
2275350,177,4,1255,2013.0,215819.0,0.0,1.11341,0.975734,POL,ALB,7436
2275351,183,4,1255,2013.0,0.0,6398.0,-0.583609,-1.003754,QAT,ALB,7436
2275352,185,4,1255,2013.0,18494.0,0.0,1.05722,1.0968799999999999,ROU,ALB,7436
2275353,191,4,1255,2013.0,0.0,12379.0,-0.566624,-0.185277,SEN,ALB,7436
2275354,201,4,1255,2013.0,16512.0,85295.0,0.609755,1.355304,SRB,ALB,7436
2275355,207,4,1255,2013.0,24058.0,0.0,1.55922,0.565874,SVN,ALB,7436
2275356,208,4,1255,2013.0,20774.0,0.0,1.7851290000000002,0.182623,SWE,ALB,7436
2275357,216,4,1255,2013.0,4312.0,0.0,1.067287,1.2767110000000002,THA,ALB,7436
2275358,223,4,1255,2013.0,25502.0,2786.0,0.40154,0.902177,TUN,ALB,7436
2275359,224,4,1255,2013.0,982337.0,0.0,0.580016,2.394812,TUR,ALB,7436
2275360,228,4,1255,2013.0,8617.0,0.0,0.535571,1.026263,UKR,ALB,7436
2275361,231,4,1255,2013.0,914106.0,0.0,1.612058,-0.8592989999999999,USA,ALB,7436
2275362,246,4,1255,2013.0,1570.0,0.0,0.11624100000000001,1.574591,ZAF,ALB,7436
2275363,249,4,1255,2013.0,25276.0,0.0,1.7382849999999999,0.9917739999999999,TWN,ALB,7436
2275364,18,5,1255,2013.0,1291.0,0.0,1.198491,1.117268,BEL,AND,7436
2275365,39,5,1255,2013.0,0.0,165501.0,0.599305,1.193591,CAN,AND,7436
2275366,61,5,1255,2013.0,140857.0,0.0,2.1086869999999998,-3.7092,DEU,AND,7436
2275367,71,5,1255,2013.0,672954.0,1600.0,0.955472,1.80005,ESP,AND,7436
2275368,77,5,1255,2013.0,66324.0,0.0,1.5253299999999999,0.026146,FRA,AND,7436
2275369,81,5,1255,2013.0,9614.0,0.0,1.628465,0.77075,GBR,AND,7436
2275370,111,5,1255,2013.0,5620.0,0.0,1.419383,-0.304402,ITA,AND,7436
2275371,121,5,1255,2013.0,2499.0,0.0,1.817145,0.835414,KOR,AND,7436
2275372,162,5,1255,2013.0,2582.0,0.0,1.012006,1.441545,NLD,AND,7436
2275373,208,5,1255,2013.0,6087.0,0.0,1.7851290000000002,0.182623,SWE,AND,7436
2275374,231,5,1255,2013.0,1345.0,0.0,1.612058,-0.8592989999999999,USA,AND,7436
2275375,7,21,1255,2013.0,1005.0,0.0,-0.338417,-0.754102,ARE,BFA,7436
2275376,8,21,1255,2013.0,1763.0,0.0,0.042829,0.461002,ARG,BFA,7436
2275377,14,21,1255,2013.0,33532.0,0.0,-0.63369,-0.276328,AUS,BFA,7436
2275378,15,21,1255,2013.0,7992.0,0.0,1.855434,-1.06494,AUT,BFA,7436
2275379,18,21,1255,2013.0,2134146.0,1089.0,1.198491,1.117268,BEL,BFA,7436
2275380,39,21,1255,2013.0,1041816.0,0.0,0.599305,1.193591,CAN,BFA,7436
2275381,41,21,1255,2013.0,6860.0,0.0,2.0899229999999998,0.661667,CHE,BFA,7436
2275382,43,21,1255,2013.0,99135.0,0.0,1.24864,0.667713,CHN,BFA,7436
2275383,44,21,1255,2013.0,2607.0,9179.0,-1.0025870000000001,-0.901658,CIV,BFA,7436
2275384,59,21,1255,2013.0,16031.0,0.0,1.829509,-0.41787700000000005,CZE,BFA,7436
2275385,61,21,1255,2013.0,626529.0,2529.0,2.1086869999999998,-3.7092,DEU,BFA,7436
2275386,64,21,1255,2013.0,10844.0,0.0,1.190302,1.062991,DNK,BFA,7436
2275387,71,21,1255,2013.0,19888.0,0.0,0.955472,1.80005,ESP,BFA,7436
2275388,72,21,1255,2013.0,4229.0,0.0,0.923321,1.290016,EST,BFA,7436
2275389,74,21,1255,2013.0,2787.0,0.0,1.700282,0.867677,FIN,BFA,7436
2275390,77,21,1255,2013.0,1415788.0,1769.0,1.5253299999999999,0.026146,FRA,BFA,7436
2275391,81,21,1255,2013.0,76152.0,0.0,1.628465,0.77075,GBR,BFA,7436
2275392,83,21,1255,2013.0,27594.0,0.0,-0.696971,-0.5807939999999999,GHA,BFA,7436
2275393,103,21,1255,2013.0,25930.0,0.0,-0.006876999999999999,1.8336569999999999,IDN,BFA,7436
2275394,104,21,1255,2013.0,60593.0,0.0,0.18186,2.647598,IND,BFA,7436
2275395,106,21,1255,2013.0,1747.0,0.0,1.32787,0.394579,IRL,BFA,7436
2275396,110,21,1255,2013.0,1378.0,0.0,1.0247629999999999,0.8261639999999999,ISR,BFA,7436
2275397,111,21,1255,2013.0,121238.0,0.0,1.419383,-0.304402,ITA,BFA,7436
2275398,114,21,1255,2013.0,101066.0,0.0,2.333417,-0.818701,JPN,BFA,7436
2275399,121,21,1255,2013.0,9553.0,0.0,1.817145,0.835414,KOR,BFA,7436
2275400,124,21,1255,2013.0,5383.0,0.0,0.37392800000000004,1.413136,LBN,BFA,7436
2275401,128,21,1255,2013.0,2380.0,0.0,-0.320583,0.44462399999999996,LKA,BFA,7436
2275402,134,21,1255,2013.0,25464.0,0.0,-0.474872,0.178118,MAR,BFA,7436
2275403,138,21,1255,2013.0,249068.0,0.0,1.2327219999999999,0.746108,MEX,BFA,7436
2275404,141,21,1255,2013.0,4737.0,5761.0,-1.046677,-0.980809,MLI,BFA,7436
2275405,162,21,1255,2013.0,68607.0,0.0,1.012006,1.441545,NLD,BFA,7436
2275406,163,21,1255,2013.0,17539.0,0.0,0.710901,0.062705,NOR,BFA,7436
2275407,173,21,1255,2013.0,2002.0,0.0,-0.640044,0.121772,PER,BFA,7436
2275408,174,21,1255,2013.0,15160.0,0.0,0.639083,0.45816899999999994,PHL,BFA,7436
2275409,179,21,1255,2013.0,8241.0,0.0,0.705087,2.2055580000000004,PRT,BFA,7436
2275410,185,21,1255,2013.0,4187.0,0.0,1.05722,1.0968799999999999,ROU,BFA,7436
2275411,186,21,1255,2013.0,2579.0,0.0,-0.08233,-0.267781,RUS,BFA,7436
2275412,191,21,1255,2013.0,9216.0,0.0,-0.566624,-0.185277,SEN,BFA,7436
2275413,208,21,1255,2013.0,258367.0,0.0,1.7851290000000002,0.182623,SWE,BFA,7436
2275414,216,21,1255,2013.0,100699.0,0.0,1.067287,1.2767110000000002,THA,BFA,7436
2275415,223,21,1255,2013.0,11335.0,0.0,0.40154,0.902177,TUN,BFA,7436
2275416,224,21,1255,2013.0,67411.0,0.0,0.580016,2.394812,TUR,BFA,7436
2275417,231,21,1255,2013.0,271370.0,2689.0,1.612058,-0.8592989999999999,USA,BFA,7436
2275418,240,21,1255,2013.0,1456163.0,0.0,-0.43518999999999997,-0.6206010000000001,VUT,BFA,7436
2275419,246,21,1255,2013.0,185338.0,0.0,0.11624100000000001,1.574591,ZAF,BFA,7436
2275420,249,21,1255,2013.0,14238.0,0.0,1.7382849999999999,0.9917739999999999,TWN,BFA,7436
2275421,15,29,1255,2013.0,5145.0,0.0,1.855434,-1.06494,AUT,BLZ,7436
2275422,28,29,1255,2013.0,17851.0,0.0,1.183522,0.934159,BLR,BLZ,7436
2275423,32,29,1255,2013.0,2939.0,0.0,0.2804,0.649729,BRA,BLZ,7436
2275424,39,29,1255,2013.0,4494.0,0.0,0.599305,1.193591,CAN,BLZ,7436
2275425,41,29,1255,2013.0,2980.0,0.0,2.0899229999999998,0.661667,CHE,BLZ,7436
2275426,43,29,1255,2013.0,46409.0,0.0,1.24864,0.667713,CHN,BLZ,7436
2275427,52,29,1255,2013.0,2554.0,0.0,0.208669,-0.54783,CRI,BLZ,7436
2275428,61,29,1255,2013.0,25192.0,0.0,2.1086869999999998,-3.7092,DEU,BLZ,7436
2275429,66,29,1255,2013.0,0.0,7388.0,-1.53603,-1.104965,DZA,BLZ,7436
2275430,71,29,1255,2013.0,144808.0,0.0,0.955472,1.80005,ESP,BLZ,7436
2275431,81,29,1255,2013.0,114709.0,0.0,1.628465,0.77075,GBR,BLZ,7436
2275432,93,29,1255,2013.0,7180.0,0.0,-0.220165,0.661111,GTM,BLZ,7436
2275433,111,29,1255,2013.0,6348.0,0.0,1.419383,-0.304402,ITA,BLZ,7436
2275434,114,29,1255,2013.0,26721.0,0.0,2.333417,-0.818701,JPN,BLZ,7436
2275435,121,29,1255,2013.0,44042.0,0.0,1.817145,0.835414,KOR,BLZ,7436
2275436,138,29,1255,2013.0,39107.0,0.0,1.2327219999999999,0.746108,MEX,BLZ,7436
2275437,168,29,1255,2013.0,0.0,3729.0,-0.697224,0.501576,PAK,BLZ,7436
2275438,169,29,1255,2013.0,11129.0,0.0,0.8719819999999999,1.038982,PAN,BLZ,7436
2275439,177,29,1255,2013.0,34027.0,0.0,1.11341,0.975734,POL,BLZ,7436
2275440,216,29,1255,2013.0,5149.0,0.0,1.067287,1.2767110000000002,THA,BLZ,7436
2275441,231,29,1255,2013.0,612254.0,0.0,1.612058,-0.8592989999999999,USA,BLZ,7436
2275442,249,29,1255,2013.0,53914.0,0.0,1.7382849999999999,0.9917739999999999,TWN,BLZ,7436
2275443,15,30,1255,2013.0,5014.0,0.0,1.855434,-1.06494,AUT,BMU,7436
2275444,39,30,1255,2013.0,168290.0,0.0,0.599305,1.193591,CAN,BMU,7436
2275445,43,30,1255,2013.0,7003.0,0.0,1.24864,0.667713,CHN,BMU,7436
2275446,61,30,1255,2013.0,73799.0,0.0,2.1086869999999998,-3.7092,DEU,BMU,7436
2275447,64,30,1255,2013.0,5366.0,0.0,1.190302,1.062991,DNK,BMU,7436
2275448,77,30,1255,2013.0,12043.0,0.0,1.5253299999999999,0.026146,FRA,BMU,7436
2275449,81,30,1255,2013.0,118383.0,0.0,1.628465,0.77075,GBR,BMU,7436
2275450,103,30,1255,2013.0,0.0,7942.0,-0.006876999999999999,1.8336569999999999,IDN,BMU,7436
2275451,114,30,1255,2013.0,5049.0,0.0,2.333417,-0.818701,JPN,BMU,7436
2275452,138,30,1255,2013.0,2319.0,0.0,1.2327219999999999,0.746108,MEX,BMU,7436
2275453,162,30,1255,2013.0,1990.0,0.0,1.012006,1.441545,NLD,BMU,7436
2275454,163,30,1255,2013.0,2281.0,0.0,0.710901,0.062705,NOR,BMU,7436
2275455,231,30,1255,2013.0,426109.0,2169.0,1.612058,-0.8592989999999999,USA,BMU,7436
2275456,249,30,1255,2013.0,1082.0,0.0,1.7382849999999999,0.9917739999999999,TWN,BMU,7436
2275457,7,31,1255,2013.0,66968.0,0.0,-0.338417,-0.754102,ARE,BOL,7436
2275458,8,31,1255,2013.0,2440344.0,144454.0,0.042829,0.461002,ARG,BOL,7436
2275459,14,31,1255,2013.0,1678.0,0.0,-0.63369,-0.276328,AUS,BOL,7436
2275460,15,31,1255,2013.0,19768.0,0.0,1.855434,-1.06494,AUT,BOL,7436
2275461,18,31,1255,2013.0,216950.0,0.0,1.198491,1.117268,BEL,BOL,7436
2275462,32,31,1255,2013.0,5009166.0,75572.0,0.2804,0.649729,BRA,BOL,7436
2275463,39,31,1255,2013.0,51242.0,3090.0,0.599305,1.193591,CAN,BOL,7436
2275464,41,31,1255,2013.0,2366.0,1630.0,2.0899229999999998,0.661667,CHE,BOL,7436
2275465,42,31,1255,2013.0,1004353.0,0.0,-0.184556,-0.238657,CHL,BOL,7436
2275466,43,31,1255,2013.0,942643.0,0.0,1.24864,0.667713,CHN,BOL,7436
2275467,49,31,1255,2013.0,51475.0,0.0,0.034491,-0.36975,COL,BOL,7436
2275468,59,31,1255,2013.0,37793.0,0.0,1.829509,-0.41787700000000005,CZE,BOL,7436
2275469,61,31,1255,2013.0,1045807.0,45726.0,2.1086869999999998,-3.7092,DEU,BOL,7436
2275470,64,31,1255,2013.0,32325.0,0.0,1.190302,1.062991,DNK,BOL,7436
2275471,67,31,1255,2013.0,0.0,10829.0,-0.8251790000000001,-0.9347200000000001,ECU,BOL,7436
2275472,71,31,1255,2013.0,616254.0,8466.0,0.955472,1.80005,ESP,BOL,7436
2275473,74,31,1255,2013.0,171035.0,0.0,1.700282,0.867677,FIN,BOL,7436
2275474,77,31,1255,2013.0,210221.0,0.0,1.5253299999999999,0.026146,FRA,BOL,7436
2275475,81,31,1255,2013.0,480600.0,0.0,1.628465,0.77075,GBR,BOL,7436
2275476,97,31,1255,2013.0,4373.0,0.0,0.791401,1.249845,HKG,BOL,7436
2275477,102,31,1255,2013.0,1722.0,0.0,1.6962560000000002,0.45460600000000007,HUN,BOL,7436
2275478,103,31,1255,2013.0,111304.0,0.0,-0.006876999999999999,1.8336569999999999,IDN,BOL,7436
2275479,104,31,1255,2013.0,30015.0,0.0,0.18186,2.647598,IND,BOL,7436
2275480,110,31,1255,2013.0,21394.0,0.0,1.0247629999999999,0.8261639999999999,ISR,BOL,7436
2275481,111,31,1255,2013.0,976262.0,0.0,1.419383,-0.304402,ITA,BOL,7436
2275482,114,31,1255,2013.0,264357.0,75225.0,2.333417,-0.818701,JPN,BOL,7436
2275483,121,31,1255,2013.0,47788.0,0.0,1.817145,0.835414,KOR,BOL,7436
2275484,138,31,1255,2013.0,2333648.0,0.0,1.2327219999999999,0.746108,MEX,BOL,7436
2275485,153,31,1255,2013.0,20309.0,0.0,0.924532,0.671334,MYS,BOL,7436
2275486,162,31,1255,2013.0,44662.0,0.0,1.012006,1.441545,NLD,BOL,7436
2275487,169,31,1255,2013.0,6429.0,0.0,0.8719819999999999,1.038982,PAN,BOL,7436
2275488,173,31,1255,2013.0,647196.0,0.0,-0.640044,0.121772,PER,BOL,7436
2275489,174,31,1255,2013.0,5615.0,0.0,0.639083,0.45816899999999994,PHL,BOL,7436
2275490,177,31,1255,2013.0,2769.0,0.0,1.11341,0.975734,POL,BOL,7436
2275491,185,31,1255,2013.0,3641.0,0.0,1.05722,1.0968799999999999,ROU,BOL,7436
2275492,188,31,1255,2013.0,3311.0,0.0,-0.14823599999999998,-0.883965,SAU,BOL,7436
2275493,192,31,1255,2013.0,1056.0,3132.0,1.844685,0.639379,SGP,BOL,7436
2275494,206,31,1255,2013.0,13447.0,0.0,1.510052,0.7060310000000001,SVK,BOL,7436
2275495,208,31,1255,2013.0,15461.0,0.0,1.7851290000000002,0.182623,SWE,BOL,7436
2275496,216,31,1255,2013.0,53520.0,0.0,1.067287,1.2767110000000002,THA,BOL,7436
2275497,224,31,1255,2013.0,54697.0,0.0,0.580016,2.394812,TUR,BOL,7436
2275498,228,31,1255,2013.0,1227.0,0.0,0.535571,1.026263,UKR,BOL,7436
2275499,230,31,1255,2013.0,2924.0,0.0,0.128825,0.02334,URY,BOL,7436
2275500,231,31,1255,2013.0,3696221.0,120347.0,1.612058,-0.8592989999999999,USA,BOL,7436
2275501,236,31,1255,2013.0,14860.0,0.0,-1.281202,-1.094268,VEN,BOL,7436
2275502,239,31,1255,2013.0,1012.0,0.0,0.009264,1.182368,VNM,BOL,7436
2275503,246,31,1255,2013.0,2779.0,0.0,0.11624100000000001,1.574591,ZAF,BOL,7436
2275504,249,31,1255,2013.0,69329.0,0.0,1.7382849999999999,0.9917739999999999,TWN,BOL,7436
2275505,7,34,1255,2013.0,33062.0,9734.0,-0.338417,-0.754102,ARE,BRN,7436
2275506,14,34,1255,2013.0,9576.0,0.0,-0.63369,-0.276328,AUS,BRN,7436
2275507,15,34,1255,2013.0,4594.0,0.0,1.855434,-1.06494,AUT,BRN,7436
2275508,18,34,1255,2013.0,226385.0,0.0,1.198491,1.117268,BEL,BRN,7436
2275509,39,34,1255,2013.0,5260.0,0.0,0.599305,1.193591,CAN,BRN,7436
2275510,41,34,1255,2013.0,9075.0,0.0,2.0899229999999998,0.661667,CHE,BRN,7436
2275511,43,34,1255,2013.0,1855394.0,0.0,1.24864,0.667713,CHN,BRN,7436
2275512,61,34,1255,2013.0,727247.0,0.0,2.1086869999999998,-3.7092,DEU,BRN,7436
2275513,64,34,1255,2013.0,7075.0,0.0,1.190302,1.062991,DNK,BRN,7436
2275514,71,34,1255,2013.0,21128.0,0.0,0.955472,1.80005,ESP,BRN,7436
2275515,74,34,1255,2013.0,1290.0,0.0,1.700282,0.867677,FIN,BRN,7436
2275516,77,34,1255,2013.0,106826.0,0.0,1.5253299999999999,0.026146,FRA,BRN,7436
2275517,81,34,1255,2013.0,274684.0,3000.0,1.628465,0.77075,GBR,BRN,7436
2275518,97,34,1255,2013.0,4037.0,0.0,0.791401,1.249845,HKG,BRN,7436
2275519,103,34,1255,2013.0,51009.0,0.0,-0.006876999999999999,1.8336569999999999,IDN,BRN,7436
2275520,104,34,1255,2013.0,51596.0,0.0,0.18186,2.647598,IND,BRN,7436
2275521,111,34,1255,2013.0,87320.0,0.0,1.419383,-0.304402,ITA,BRN,7436
2275522,114,34,1255,2013.0,167845.0,0.0,2.333417,-0.818701,JPN,BRN,7436
2275523,121,34,1255,2013.0,269807.0,0.0,1.817145,0.835414,KOR,BRN,7436
2275524,131,34,1255,2013.0,13610.0,0.0,1.0110190000000001,1.123226,LUX,BRN,7436
2275525,138,34,1255,2013.0,4714.0,0.0,1.2327219999999999,0.746108,MEX,BRN,7436
2275526,153,34,1255,2013.0,2237508.0,18450.0,0.924532,0.671334,MYS,BRN,7436
2275527,162,34,1255,2013.0,18864.0,0.0,1.012006,1.441545,NLD,BRN,7436
2275528,174,34,1255,2013.0,0.0,5352.0,0.639083,0.45816899999999994,PHL,BRN,7436
2275529,177,34,1255,2013.0,9518.0,0.0,1.11341,0.975734,POL,BRN,7436
2275530,192,34,1255,2013.0,2371320.0,33033.0,1.844685,0.639379,SGP,BRN,7436
2275531,208,34,1255,2013.0,3294.0,0.0,1.7851290000000002,0.182623,SWE,BRN,7436
2275532,216,34,1255,2013.0,74808.0,0.0,1.067287,1.2767110000000002,THA,BRN,7436
2275533,224,34,1255,2013.0,69514.0,0.0,0.580016,2.394812,TUR,BRN,7436
2275534,231,34,1255,2013.0,5041723.0,0.0,1.612058,-0.8592989999999999,USA,BRN,7436
2275535,239,34,1255,2013.0,3011.0,0.0,0.009264,1.182368,VNM,BRN,7436
2275536,249,34,1255,2013.0,90222.0,0.0,1.7382849999999999,0.9917739999999999,TWN,BRN,7436
2275537,7,37,1255,2013.0,50270.0,0.0,-0.338417,-0.754102,ARE,BWA,7436
2275538,14,37,1255,2013.0,6326.0,0.0,-0.63369,-0.276328,AUS,BWA,7436
2275539,15,37,1255,2013.0,4726.0,0.0,1.855434,-1.06494,AUT,BWA,7436
2275540,18,37,1255,2013.0,31166.0,0.0,1.198491,1.117268,BEL,BWA,7436
2275541,39,37,1255,2013.0,140277.0,0.0,0.599305,1.193591,CAN,BWA,7436
2275542,41,37,1255,2013.0,2651.0,0.0,2.0899229999999998,0.661667,CHE,BWA,7436
2275543,43,37,1255,2013.0,197410.0,13984.0,1.24864,0.667713,CHN,BWA,7436
2275544,46,37,1255,2013.0,0.0,3062.0,-1.450075,-1.115916,COD,BWA,7436
2275545,61,37,1255,2013.0,148544.0,0.0,2.1086869999999998,-3.7092,DEU,BWA,7436
2275546,71,37,1255,2013.0,7245.0,0.0,0.955472,1.80005,ESP,BWA,7436
2275547,77,37,1255,2013.0,1581.0,0.0,1.5253299999999999,0.026146,FRA,BWA,7436
2275548,81,37,1255,2013.0,52153.0,0.0,1.628465,0.77075,GBR,BWA,7436
2275549,104,37,1255,2013.0,47848.0,0.0,0.18186,2.647598,IND,BWA,7436
2275550,110,37,1255,2013.0,4765.0,0.0,1.0247629999999999,0.8261639999999999,ISR,BWA,7436
2275551,111,37,1255,2013.0,9653.0,0.0,1.419383,-0.304402,ITA,BWA,7436
2275552,114,37,1255,2013.0,3459.0,0.0,2.333417,-0.818701,JPN,BWA,7436
2275553,121,37,1255,2013.0,8791.0,0.0,1.817145,0.835414,KOR,BWA,7436
2275554,147,37,1255,2013.0,0.0,16882.0,-1.131512,-0.8923840000000001,MOZ,BWA,7436
2275555,155,37,1255,2013.0,25913.0,316929.0,-0.316805,-0.38759099999999996,NAM,BWA,7436
2275556,177,37,1255,2013.0,2771.0,0.0,1.11341,0.975734,POL,BWA,7436
2275557,186,37,1255,2013.0,4457.0,0.0,-0.08233,-0.267781,RUS,BWA,7436
2275558,207,37,1255,2013.0,10424.0,0.0,1.55922,0.565874,SVN,BWA,7436
2275559,216,37,1255,2013.0,0.0,1166.0,1.067287,1.2767110000000002,THA,BWA,7436
2275560,224,37,1255,2013.0,23197.0,0.0,0.580016,2.394812,TUR,BWA,7436
2275561,231,37,1255,2013.0,234399.0,0.0,1.612058,-0.8592989999999999,USA,BWA,7436
2275562,246,37,1255,2013.0,11584151.0,113489.0,0.11624100000000001,1.574591,ZAF,BWA,7436
2275563,247,37,1255,2013.0,0.0,6486.0,-0.293192,-0.42930100000000004,ZMB,BWA,7436
2275564,248,37,1255,2013.0,0.0,54167.0,-0.841968,-0.898121,ZWE,BWA,7436
2275565,2,44,1255,2013.0,0.0,2547.0,-1.240877,-1.073797,AGO,CIV,7436
2275566,7,44,1255,2013.0,661039.0,0.0,-0.338417,-0.754102,ARE,CIV,7436
2275567,8,44,1255,2013.0,1400.0,0.0,0.042829,0.461002,ARG,CIV,7436
2275568,14,44,1255,2013.0,362551.0,0.0,-0.63369,-0.276328,AUS,CIV,7436
2275569,15,44,1255,2013.0,168956.0,0.0,1.855434,-1.06494,AUT,CIV,7436
2275570,18,44,1255,2013.0,1894410.0,0.0,1.198491,1.117268,BEL,CIV,7436
2275571,19,44,1255,2013.0,0.0,10745.0,-0.924213,-0.8181390000000001,BEN,CIV,7436
2275572,21,44,1255,2013.0,9179.0,2607.0,-0.7231029999999999,-0.736291,BFA,CIV,7436
2275573,22,44,1255,2013.0,1480.0,0.0,-0.835666,-0.8088810000000001,BGD,CIV,7436
2275574,32,44,1255,2013.0,6894.0,0.0,0.2804,0.649729,BRA,CIV,7436
2275575,39,44,1255,2013.0,143270.0,0.0,0.599305,1.193591,CAN,CIV,7436
2275576,41,44,1255,2013.0,62200.0,0.0,2.0899229999999998,0.661667,CHE,CIV,7436
2275577,43,44,1255,2013.0,1715142.0,0.0,1.24864,0.667713,CHN,CIV,7436
2275578,47,44,1255,2013.0,0.0,1637.0,-1.478461,-1.094509,COG,CIV,7436
2275579,59,44,1255,2013.0,114563.0,0.0,1.829509,-0.41787700000000005,CZE,CIV,7436
2275580,61,44,1255,2013.0,642637.0,0.0,2.1086869999999998,-3.7092,DEU,CIV,7436
2275581,64,44,1255,2013.0,7645.0,0.0,1.190302,1.062991,DNK,CIV,7436
2275582,71,44,1255,2013.0,1619917.0,0.0,0.955472,1.80005,ESP,CIV,7436
2275583,74,44,1255,2013.0,1575.0,0.0,1.700282,0.867677,FIN,CIV,7436
2275584,77,44,1255,2013.0,3840032.0,763138.0,1.5253299999999999,0.026146,FRA,CIV,7436
2275585,80,44,1255,2013.0,8463.0,0.0,-1.652062,-1.140576,GAB,CIV,7436
2275586,81,44,1255,2013.0,249046.0,0.0,1.628465,0.77075,GBR,CIV,7436
2275587,83,44,1255,2013.0,21443.0,69003.0,-0.696971,-0.5807939999999999,GHA,CIV,7436
2275588,102,44,1255,2013.0,1278.0,0.0,1.6962560000000002,0.45460600000000007,HUN,CIV,7436
2275589,103,44,1255,2013.0,38049.0,0.0,-0.006876999999999999,1.8336569999999999,IDN,CIV,7436
2275590,104,44,1255,2013.0,364728.0,0.0,0.18186,2.647598,IND,CIV,7436
2275591,109,44,1255,2013.0,8603.0,0.0,0.284089,-0.164097,ISL,CIV,7436
2275592,110,44,1255,2013.0,80465.0,0.0,1.0247629999999999,0.8261639999999999,ISR,CIV,7436
2275593,111,44,1255,2013.0,466359.0,0.0,1.419383,-0.304402,ITA,CIV,7436
2275594,114,44,1255,2013.0,115348.0,0.0,2.333417,-0.818701,JPN,CIV,7436
2275595,121,44,1255,2013.0,112305.0,0.0,1.817145,0.835414,KOR,CIV,7436
2275596,124,44,1255,2013.0,23782.0,0.0,0.37392800000000004,1.413136,LBN,CIV,7436
2275597,125,44,1255,2013.0,0.0,31887.0,-0.8343229999999999,-0.992129,LBR,CIV,7436
2275598,134,44,1255,2013.0,84422.0,0.0,-0.474872,0.178118,MAR,CIV,7436
2275599,138,44,1255,2013.0,54906.0,0.0,1.2327219999999999,0.746108,MEX,CIV,7436
2275600,141,44,1255,2013.0,0.0,184337.0,-1.046677,-0.980809,MLI,CIV,7436
2275601,142,44,1255,2013.0,0.0,49362.0,0.710108,-0.014586000000000002,MLT,CIV,7436
2275602,151,44,1255,2013.0,10933.0,0.0,-0.092312,0.050927,MUS,CIV,7436
2275603,153,44,1255,2013.0,119779.0,0.0,0.924532,0.671334,MYS,CIV,7436
2275604,159,44,1255,2013.0,126859.0,0.0,-1.679402,-1.14686,NGA,CIV,7436
2275605,162,44,1255,2013.0,888338.0,419969.0,1.012006,1.441545,NLD,CIV,7436
2275606,163,44,1255,2013.0,12427.0,0.0,0.710901,0.062705,NOR,CIV,7436
2275607,174,44,1255,2013.0,3568.0,0.0,0.639083,0.45816899999999994,PHL,CIV,7436
2275608,177,44,1255,2013.0,201330.0,0.0,1.11341,0.975734,POL,CIV,7436
2275609,185,44,1255,2013.0,2539.0,0.0,1.05722,1.0968799999999999,ROU,CIV,7436
2275610,186,44,1255,2013.0,7568.0,0.0,-0.08233,-0.267781,RUS,CIV,7436
2275611,188,44,1255,2013.0,1592.0,0.0,-0.14823599999999998,-0.883965,SAU,CIV,7436
2275612,191,44,1255,2013.0,8690.0,0.0,-0.566624,-0.185277,SEN,CIV,7436
2275613,192,44,1255,2013.0,12037.0,0.0,1.844685,0.639379,SGP,CIV,7436
2275614,206,44,1255,2013.0,4891.0,0.0,1.510052,0.7060310000000001,SVK,CIV,7436
2275615,207,44,1255,2013.0,21799.0,0.0,1.55922,0.565874,SVN,CIV,7436
2275616,208,44,1255,2013.0,47545.0,0.0,1.7851290000000002,0.182623,SWE,CIV,7436
2275617,215,44,1255,2013.0,25009.0,2533.0,-0.532095,-0.434276,TGO,CIV,7436
2275618,216,44,1255,2013.0,84074.0,0.0,1.067287,1.2767110000000002,THA,CIV,7436
2275619,223,44,1255,2013.0,42833.0,0.0,0.40154,0.902177,TUN,CIV,7436
2275620,224,44,1255,2013.0,82736.0,0.0,0.580016,2.394812,TUR,CIV,7436
2275621,228,44,1255,2013.0,32611.0,0.0,0.535571,1.026263,UKR,CIV,7436
2275622,231,44,1255,2013.0,742981.0,0.0,1.612058,-0.8592989999999999,USA,CIV,7436
2275623,239,44,1255,2013.0,42245.0,0.0,0.009264,1.182368,VNM,CIV,7436
2275624,246,44,1255,2013.0,448652.0,0.0,0.11624100000000001,1.574591,ZAF,CIV,7436
2275625,249,44,1255,2013.0,23833.0,0.0,1.7382849999999999,0.9917739999999999,TWN,CIV,7436
2275626,250,44,1255,2013.0,12688.0,0.0,0.583151,0.14238299999999998,ANS,CIV,7436
2275627,7,45,1255,2013.0,226938.0,0.0,-0.338417,-0.754102,ARE,CMR,7436
2275628,8,45,1255,2013.0,1655.0,0.0,0.042829,0.461002,ARG,CMR,7436
2275629,15,45,1255,2013.0,14273.0,0.0,1.855434,-1.06494,AUT,CMR,7436
2275630,18,45,1255,2013.0,4052666.0,0.0,1.198491,1.117268,BEL,CMR,7436
2275631,19,45,1255,2013.0,0.0,2753.0,-0.924213,-0.8181390000000001,BEN,CMR,7436
2275632,26,45,1255,2013.0,2889.0,0.0,0.723658,0.9271879999999999,BIH,CMR,7436
2275633,32,45,1255,2013.0,9074.0,0.0,0.2804,0.649729,BRA,CMR,7436
2275634,39,45,1255,2013.0,24335.0,3918.0,0.599305,1.193591,CAN,CMR,7436
2275635,41,45,1255,2013.0,620064.0,0.0,2.0899229999999998,0.661667,CHE,CMR,7436
2275636,43,45,1255,2013.0,2229490.0,11941.0,1.24864,0.667713,CHN,CMR,7436
2275637,46,45,1255,2013.0,0.0,1258.0,-1.450075,-1.115916,COD,CMR,7436
2275638,47,45,1255,2013.0,0.0,55015.0,-1.478461,-1.094509,COG,CMR,7436
2275639,59,45,1255,2013.0,114280.0,0.0,1.829509,-0.41787700000000005,CZE,CMR,7436
2275640,61,45,1255,2013.0,576403.0,0.0,2.1086869999999998,-3.7092,DEU,CMR,7436
2275641,64,45,1255,2013.0,7101.0,0.0,1.190302,1.062991,DNK,CMR,7436
2275642,71,45,1255,2013.0,56326.0,0.0,0.955472,1.80005,ESP,CMR,7436
2275643,73,45,1255,2013.0,0.0,11414.0,-1.1373090000000001,-0.89186,ETH,CMR,7436
2275644,74,45,1255,2013.0,69449.0,0.0,1.700282,0.867677,FIN,CMR,7436
2275645,77,45,1255,2013.0,3400419.0,0.0,1.5253299999999999,0.026146,FRA,CMR,7436
2275646,80,45,1255,2013.0,0.0,14812.0,-1.652062,-1.140576,GAB,CMR,7436
2275647,81,45,1255,2013.0,381668.0,9323.0,1.628465,0.77075,GBR,CMR,7436
2275648,83,45,1255,2013.0,23654.0,0.0,-0.696971,-0.5807939999999999,GHA,CMR,7436
2275649,89,45,1255,2013.0,0.0,19317.0,-1.7984200000000001,-0.678832,GNQ,CMR,7436
2275650,90,45,1255,2013.0,1204.0,0.0,0.073442,0.9857899999999999,GRC,CMR,7436
2275651,97,45,1255,2013.0,1832.0,0.0,0.791401,1.249845,HKG,CMR,7436
2275652,102,45,1255,2013.0,6103.0,0.0,1.6962560000000002,0.45460600000000007,HUN,CMR,7436
2275653,103,45,1255,2013.0,240064.0,0.0,-0.006876999999999999,1.8336569999999999,IDN,CMR,7436
2275654,104,45,1255,2013.0,69469.0,0.0,0.18186,2.647598,IND,CMR,7436
2275655,111,45,1255,2013.0,851186.0,0.0,1.419383,-0.304402,ITA,CMR,7436
2275656,114,45,1255,2013.0,153278.0,0.0,2.333417,-0.818701,JPN,CMR,7436
2275657,121,45,1255,2013.0,38885.0,0.0,1.817145,0.835414,KOR,CMR,7436
2275658,124,45,1255,2013.0,37498.0,0.0,0.37392800000000004,1.413136,LBN,CMR,7436
2275659,131,45,1255,2013.0,2839.0,0.0,1.0110190000000001,1.123226,LUX,CMR,7436
2275660,134,45,1255,2013.0,97685.0,0.0,-0.474872,0.178118,MAR,CMR,7436
2275661,138,45,1255,2013.0,93917.0,0.0,1.2327219999999999,0.746108,MEX,CMR,7436
2275662,153,45,1255,2013.0,384401.0,0.0,0.924532,0.671334,MYS,CMR,7436
2275663,155,45,1255,2013.0,1124.0,0.0,-0.316805,-0.38759099999999996,NAM,CMR,7436
2275664,159,45,1255,2013.0,0.0,2483.0,-1.679402,-1.14686,NGA,CMR,7436
2275665,162,45,1255,2013.0,343866.0,7784.0,1.012006,1.441545,NLD,CMR,7436
2275666,163,45,1255,2013.0,1428.0,0.0,0.710901,0.062705,NOR,CMR,7436
2275667,166,45,1255,2013.0,2560.0,0.0,0.192237,0.429825,NZL,CMR,7436
2275668,174,45,1255,2013.0,9143.0,0.0,0.639083,0.45816899999999994,PHL,CMR,7436
2275669,177,45,1255,2013.0,7042.0,0.0,1.11341,0.975734,POL,CMR,7436
2275670,179,45,1255,2013.0,6358.0,0.0,0.705087,2.2055580000000004,PRT,CMR,7436
2275671,186,45,1255,2013.0,9146.0,0.0,-0.08233,-0.267781,RUS,CMR,7436
2275672,188,45,1255,2013.0,1554.0,0.0,-0.14823599999999998,-0.883965,SAU,CMR,7436
2275673,192,45,1255,2013.0,194893.0,0.0,1.844685,0.639379,SGP,CMR,7436
2275674,208,45,1255,2013.0,29778.0,0.0,1.7851290000000002,0.182623,SWE,CMR,7436
2275675,214,45,1255,2013.0,0.0,20201.0,-2.89356,-0.879919,TCD,CMR,7436
2275676,216,45,1255,2013.0,97386.0,0.0,1.067287,1.2767110000000002,THA,CMR,7436
2275677,223,45,1255,2013.0,19055.0,0.0,0.40154,0.902177,TUN,CMR,7436
2275678,224,45,1255,2013.0,722455.0,0.0,0.580016,2.394812,TUR,CMR,7436
2275679,231,45,1255,2013.0,653608.0,4190.0,1.612058,-0.8592989999999999,USA,CMR,7436
2275680,239,45,1255,2013.0,4471.0,0.0,0.009264,1.182368,VNM,CMR,7436
2275681,246,45,1255,2013.0,50347.0,0.0,0.11624100000000001,1.574591,ZAF,CMR,7436
2275682,249,45,1255,2013.0,9769.0,0.0,1.7382849999999999,0.9917739999999999,TWN,CMR,7436
2275683,2,46,1255,2013.0,0.0,3036.0,-1.240877,-1.073797,AGO,COD,7436
2275684,14,46,1255,2013.0,29475.0,0.0,-0.63369,-0.276328,AUS,COD,7436
2275685,18,46,1255,2013.0,1714438.0,1710.0,1.198491,1.117268,BEL,COD,7436
2275686,32,46,1255,2013.0,33553.0,0.0,0.2804,0.649729,BRA,COD,7436
2275687,37,46,1255,2013.0,3062.0,0.0,-0.677782,-1.0888149999999999,BWA,COD,7436
2275688,39,46,1255,2013.0,3426.0,0.0,0.599305,1.193591,CAN,COD,7436
2275689,43,46,1255,2013.0,5194642.0,0.0,1.24864,0.667713,CHN,COD,7436
2275690,45,46,1255,2013.0,1258.0,0.0,-0.93575,-1.003851,CMR,COD,7436
2275691,47,46,1255,2013.0,8403.0,0.0,-1.478461,-1.094509,COG,COD,7436
2275692,61,46,1255,2013.0,816627.0,0.0,2.1086869999999998,-3.7092,DEU,COD,7436
2275693,71,46,1255,2013.0,11489.0,0.0,0.955472,1.80005,ESP,COD,7436
2275694,77,46,1255,2013.0,621861.0,0.0,1.5253299999999999,0.026146,FRA,COD,7436
2275695,81,46,1255,2013.0,983001.0,0.0,1.628465,0.77075,GBR,COD,7436
2275696,104,46,1255,2013.0,191379.0,0.0,0.18186,2.647598,IND,COD,7436
2275697,110,46,1255,2013.0,4000.0,0.0,1.0247629999999999,0.8261639999999999,ISR,COD,7436
2275698,111,46,1255,2013.0,1625774.0,0.0,1.419383,-0.304402,ITA,COD,7436
2275699,114,46,1255,2013.0,63070.0,0.0,2.333417,-0.818701,JPN,COD,7436
2275700,116,46,1255,2013.0,257788.0,0.0,-0.303119,0.626786,KEN,COD,7436
2275701,155,46,1255,2013.0,1168225.0,0.0,-0.316805,-0.38759099999999996,NAM,COD,7436
2275702,162,46,1255,2013.0,20018.0,0.0,1.012006,1.441545,NLD,COD,7436
2275703,163,46,1255,2013.0,22825.0,0.0,0.710901,0.062705,NOR,COD,7436
2275704,177,46,1255,2013.0,234948.0,0.0,1.11341,0.975734,POL,COD,7436
2275705,179,46,1255,2013.0,1019565.0,0.0,0.705087,2.2055580000000004,PRT,COD,7436
2275706,186,46,1255,2013.0,3315.0,0.0,-0.08233,-0.267781,RUS,COD,7436
2275707,192,46,1255,2013.0,0.0,21529.0,1.844685,0.639379,SGP,COD,7436
2275708,208,46,1255,2013.0,18767.0,0.0,1.7851290000000002,0.182623,SWE,COD,7436
2275709,224,46,1255,2013.0,39137.0,0.0,0.580016,2.394812,TUR,COD,7436
2275710,226,46,1255,2013.0,233433.0,0.0,-0.654655,0.903574,TZA,COD,7436
2275711,227,46,1255,2013.0,58835.0,0.0,-0.46170100000000003,0.652878,UGA,COD,7436
2275712,228,46,1255,2013.0,13029.0,0.0,0.535571,1.026263,UKR,COD,7436
2275713,231,46,1255,2013.0,232932.0,0.0,1.612058,-0.8592989999999999,USA,COD,7436
2275714,246,46,1255,2013.0,10798067.0,0.0,0.11624100000000001,1.574591,ZAF,COD,7436
2275715,247,46,1255,2013.0,557114.0,9013.0,-0.293192,-0.42930100000000004,ZMB,COD,7436
2275716,249,46,1255,2013.0,8280.0,0.0,1.7382849999999999,0.9917739999999999,TWN,COD,7436
2275717,2,47,1255,2013.0,0.0,26901.0,-1.240877,-1.073797,AGO,COG,7436
2275718,7,47,1255,2013.0,754333.0,0.0,-0.338417,-0.754102,ARE,COG,7436
2275719,14,47,1255,2013.0,3428.0,0.0,-0.63369,-0.276328,AUS,COG,7436
2275720,15,47,1255,2013.0,7185.0,0.0,1.855434,-1.06494,AUT,COG,7436
2275721,18,47,1255,2013.0,883057.0,7183.0,1.198491,1.117268,BEL,COG,7436
2275722,32,47,1255,2013.0,182151.0,0.0,0.2804,0.649729,BRA,COG,7436
2275723,39,47,1255,2013.0,135146.0,0.0,0.599305,1.193591,CAN,COG,7436
2275724,43,47,1255,2013.0,1063302.0,0.0,1.24864,0.667713,CHN,COG,7436
2275725,44,47,1255,2013.0,1637.0,0.0,-1.0025870000000001,-0.901658,CIV,COG,7436
2275726,45,47,1255,2013.0,55015.0,0.0,-0.93575,-1.003851,CMR,COG,7436
2275727,46,47,1255,2013.0,0.0,8403.0,-1.450075,-1.115916,COD,COG,7436
2275728,61,47,1255,2013.0,823140.0,0.0,2.1086869999999998,-3.7092,DEU,COG,7436
2275729,64,47,1255,2013.0,12301.0,0.0,1.190302,1.062991,DNK,COG,7436
2275730,68,47,1255,2013.0,2562.0,0.0,-0.12015799999999999,1.793363,EGY,COG,7436
2275731,71,47,1255,2013.0,39466.0,0.0,0.955472,1.80005,ESP,COG,7436
2275732,74,47,1255,2013.0,11022.0,0.0,1.700282,0.867677,FIN,COG,7436
2275733,77,47,1255,2013.0,5554122.0,4296.0,1.5253299999999999,0.026146,FRA,COG,7436
2275734,80,47,1255,2013.0,27868.0,1040.0,-1.652062,-1.140576,GAB,COG,7436
2275735,81,47,1255,2013.0,353033.0,0.0,1.628465,0.77075,GBR,COG,7436
2275736,83,47,1255,2013.0,1702.0,0.0,-0.696971,-0.5807939999999999,GHA,COG,7436
2275737,104,47,1255,2013.0,72464.0,0.0,0.18186,2.647598,IND,COG,7436
2275738,107,47,1255,2013.0,14516.0,0.0,-0.23625100000000002,-0.256067,IRN,COG,7436
2275739,110,47,1255,2013.0,16039.0,0.0,1.0247629999999999,0.8261639999999999,ISR,COG,7436
2275740,111,47,1255,2013.0,346594.0,0.0,1.419383,-0.304402,ITA,COG,7436
2275741,113,47,1255,2013.0,0.0,1584.0,0.1888,0.596867,JOR,COG,7436
2275742,114,47,1255,2013.0,16859.0,0.0,2.333417,-0.818701,JPN,COG,7436
2275743,121,47,1255,2013.0,1984658.0,0.0,1.817145,0.835414,KOR,COG,7436
2275744,124,47,1255,2013.0,154121.0,2535.0,0.37392800000000004,1.413136,LBN,COG,7436
2275745,134,47,1255,2013.0,25855.0,0.0,-0.474872,0.178118,MAR,COG,7436
2275746,135,47,1255,2013.0,1550.0,0.0,0.14256,0.33920700000000004,MDA,COG,7436
2275747,153,47,1255,2013.0,2602.0,0.0,0.924532,0.671334,MYS,COG,7436
2275748,159,47,1255,2013.0,6681.0,0.0,-1.679402,-1.14686,NGA,COG,7436
2275749,162,47,1255,2013.0,90349.0,0.0,1.012006,1.441545,NLD,COG,7436
2275750,163,47,1255,2013.0,27862.0,17147.0,0.710901,0.062705,NOR,COG,7436
2275751,179,47,1255,2013.0,274419.0,0.0,0.705087,2.2055580000000004,PRT,COG,7436
2275752,192,47,1255,2013.0,72902.0,0.0,1.844685,0.639379,SGP,COG,7436
2275753,206,47,1255,2013.0,2254540.0,0.0,1.510052,0.7060310000000001,SVK,COG,7436
2275754,208,47,1255,2013.0,14602.0,0.0,1.7851290000000002,0.182623,SWE,COG,7436
2275755,216,47,1255,2013.0,8689.0,0.0,1.067287,1.2767110000000002,THA,COG,7436
2275756,223,47,1255,2013.0,1634.0,0.0,0.40154,0.902177,TUN,COG,7436
2275757,224,47,1255,2013.0,21648.0,0.0,0.580016,2.394812,TUR,COG,7436
2275758,226,47,1255,2013.0,3273.0,0.0,-0.654655,0.903574,TZA,COG,7436
2275759,231,47,1255,2013.0,429562.0,0.0,1.612058,-0.8592989999999999,USA,COG,7436
2275760,239,47,1255,2013.0,1334.0,0.0,0.009264,1.182368,VNM,COG,7436
2275761,246,47,1255,2013.0,84317.0,0.0,0.11624100000000001,1.574591,ZAF,COG,7436
2275762,250,47,1255,2013.0,3012.0,0.0,0.583151,0.14238299999999998,ANS,COG,7436
2275763,7,51,1255,2013.0,8325.0,0.0,-0.338417,-0.754102,ARE,CPV,7436
2275764,32,51,1255,2013.0,1000.0,0.0,0.2804,0.649729,BRA,CPV,7436
2275765,43,51,1255,2013.0,43439.0,0.0,1.24864,0.667713,CHN,CPV,7436
2275766,61,51,1255,2013.0,81941.0,0.0,2.1086869999999998,-3.7092,DEU,CPV,7436
2275767,64,51,1255,2013.0,1732.0,0.0,1.190302,1.062991,DNK,CPV,7436
2275768,71,51,1255,2013.0,207533.0,0.0,0.955472,1.80005,ESP,CPV,7436
2275769,77,51,1255,2013.0,5987.0,0.0,1.5253299999999999,0.026146,FRA,CPV,7436
2275770,81,51,1255,2013.0,12976.0,0.0,1.628465,0.77075,GBR,CPV,7436
2275771,111,51,1255,2013.0,86445.0,0.0,1.419383,-0.304402,ITA,CPV,7436
2275772,134,51,1255,2013.0,1897.0,0.0,-0.474872,0.178118,MAR,CPV,7436
2275773,162,51,1255,2013.0,3640.0,0.0,1.012006,1.441545,NLD,CPV,7436
2275774,179,51,1255,2013.0,532152.0,2734.0,0.705087,2.2055580000000004,PRT,CPV,7436
2275775,191,51,1255,2013.0,3881.0,0.0,-0.566624,-0.185277,SEN,CPV,7436
2275776,208,51,1255,2013.0,15474.0,0.0,1.7851290000000002,0.182623,SWE,CPV,7436
2275777,224,51,1255,2013.0,5764.0,0.0,0.580016,2.394812,TUR,CPV,7436
2275778,231,51,1255,2013.0,56457.0,0.0,1.612058,-0.8592989999999999,USA,CPV,7436
2275779,250,51,1255,2013.0,1255.0,0.0,0.583151,0.14238299999999998,ANS,CPV,7436
2275780,8,54,1255,2013.0,111558.0,0.0,0.042829,0.461002,ARG,CUB,7436
2275781,15,54,1255,2013.0,63052.0,0.0,1.855434,-1.06494,AUT,CUB,7436
2275782,18,54,1255,2013.0,858948.0,0.0,1.198491,1.117268,BEL,CUB,7436
2275783,23,54,1255,2013.0,1318.0,0.0,0.622325,1.5506229999999999,BGR,CUB,7436
2275784,28,54,1255,2013.0,84452.0,0.0,1.183522,0.934159,BLR,CUB,7436
2275785,32,54,1255,2013.0,1266498.0,0.0,0.2804,0.649729,BRA,CUB,7436
2275786,39,54,1255,2013.0,2138778.0,0.0,0.599305,1.193591,CAN,CUB,7436
2275787,41,54,1255,2013.0,5535.0,0.0,2.0899229999999998,0.661667,CHE,CUB,7436
2275788,42,54,1255,2013.0,5224.0,0.0,-0.184556,-0.238657,CHL,CUB,7436
2275789,43,54,1255,2013.0,5133684.0,0.0,1.24864,0.667713,CHN,CUB,7436
2275790,49,54,1255,2013.0,176230.0,0.0,0.034491,-0.36975,COL,CUB,7436
2275791,59,54,1255,2013.0,315358.0,0.0,1.829509,-0.41787700000000005,CZE,CUB,7436
2275792,61,54,1255,2013.0,8332104.0,0.0,2.1086869999999998,-3.7092,DEU,CUB,7436
2275793,64,54,1255,2013.0,21248.0,0.0,1.190302,1.062991,DNK,CUB,7436
2275794,65,54,1255,2013.0,6655.0,0.0,-0.272579,0.42750699999999997,DOM,CUB,7436
2275795,67,54,1255,2013.0,74031.0,0.0,-0.8251790000000001,-0.9347200000000001,ECU,CUB,7436
2275796,68,54,1255,2013.0,0.0,19742.0,-0.12015799999999999,1.793363,EGY,CUB,7436
2275797,71,54,1255,2013.0,4231590.0,0.0,0.955472,1.80005,ESP,CUB,7436
2275798,77,54,1255,2013.0,2062186.0,0.0,1.5253299999999999,0.026146,FRA,CUB,7436
2275799,81,54,1255,2013.0,402083.0,0.0,1.628465,0.77075,GBR,CUB,7436
2275800,102,54,1255,2013.0,21136.0,0.0,1.6962560000000002,0.45460600000000007,HUN,CUB,7436
2275801,104,54,1255,2013.0,475829.0,0.0,0.18186,2.647598,IND,CUB,7436
2275802,111,54,1255,2013.0,1771599.0,0.0,1.419383,-0.304402,ITA,CUB,7436
2275803,114,54,1255,2013.0,182078.0,0.0,2.333417,-0.818701,JPN,CUB,7436
2275804,121,54,1255,2013.0,108594.0,0.0,1.817145,0.835414,KOR,CUB,7436
2275805,138,54,1255,2013.0,682260.0,0.0,1.2327219999999999,0.746108,MEX,CUB,7436
2275806,153,54,1255,2013.0,184004.0,0.0,0.924532,0.671334,MYS,CUB,7436
2275807,160,54,1255,2013.0,1320.0,0.0,-0.7956479999999999,-0.596061,NIC,CUB,7436
2275808,162,54,1255,2013.0,314164.0,0.0,1.012006,1.441545,NLD,CUB,7436
2275809,163,54,1255,2013.0,7218.0,0.0,0.710901,0.062705,NOR,CUB,7436
2275810,169,54,1255,2013.0,100311.0,0.0,0.8719819999999999,1.038982,PAN,CUB,7436
2275811,173,54,1255,2013.0,3024.0,0.0,-0.640044,0.121772,PER,CUB,7436
2275812,177,54,1255,2013.0,3448.0,0.0,1.11341,0.975734,POL,CUB,7436
2275813,179,54,1255,2013.0,111023.0,0.0,0.705087,2.2055580000000004,PRT,CUB,7436
2275814,186,54,1255,2013.0,459350.0,0.0,-0.08233,-0.267781,RUS,CUB,7436
2275815,208,54,1255,2013.0,385234.0,0.0,1.7851290000000002,0.182623,SWE,CUB,7436
2275816,224,54,1255,2013.0,9058.0,0.0,0.580016,2.394812,TUR,CUB,7436
2275817,226,54,1255,2013.0,0.0,20763.0,-0.654655,0.903574,TZA,CUB,7436
2275818,228,54,1255,2013.0,184364.0,0.0,0.535571,1.026263,UKR,CUB,7436
2275819,236,54,1255,2013.0,0.0,17432.0,-1.281202,-1.094268,VEN,CUB,7436
2275820,249,54,1255,2013.0,87759.0,0.0,1.7382849999999999,0.9917739999999999,TWN,CUB,7436
2275821,25,57,1255,2013.0,0.0,5308.0,0.496435,-0.324394,BHS,CYM,7436
2275822,32,57,1255,2013.0,10856.0,0.0,0.2804,0.649729,BRA,CYM,7436
2275823,39,57,1255,2013.0,5073.0,0.0,0.599305,1.193591,CAN,CYM,7436
2275824,61,57,1255,2013.0,19208.0,6087.0,2.1086869999999998,-3.7092,DEU,CYM,7436
2275825,81,57,1255,2013.0,101628.0,0.0,1.628465,0.77075,GBR,CYM,7436
2275826,100,57,1255,2013.0,10769.0,0.0,0.8737309999999999,1.276091,HRV,CYM,7436
2275827,162,57,1255,2013.0,8829.0,0.0,1.012006,1.441545,NLD,CYM,7436
2275828,163,57,1255,2013.0,5228.0,0.0,0.710901,0.062705,NOR,CYM,7436
2275829,231,57,1255,2013.0,1348729.0,10115.0,1.612058,-0.8592989999999999,USA,CYM,7436
2275830,249,57,1255,2013.0,1450.0,0.0,1.7382849999999999,0.9917739999999999,TWN,CYM,7436
2275831,2,58,1255,2013.0,0.0,635817.0,-1.240877,-1.073797,AGO,CYP,7436
2275832,4,58,1255,2013.0,0.0,78406.0,-0.44779300000000005,-0.13181700000000002,ALB,CYP,7436
2275833,7,58,1255,2013.0,1461.0,54185.0,-0.338417,-0.754102,ARE,CYP,7436
2275834,14,58,1255,2013.0,2470.0,33380.0,-0.63369,-0.276328,AUS,CYP,7436
2275835,15,58,1255,2013.0,1103994.0,0.0,1.855434,-1.06494,AUT,CYP,7436
2275836,16,58,1255,2013.0,0.0,1518694.0,-1.319766,-1.200648,AZE,CYP,7436
2275837,18,58,1255,2013.0,665930.0,40019.0,1.198491,1.117268,BEL,CYP,7436
2275838,23,58,1255,2013.0,1330352.0,52897.0,0.622325,1.5506229999999999,BGR,CYP,7436
2275839,24,58,1255,2013.0,3445.0,0.0,0.080634,-0.6828890000000001,BHR,CYP,7436
2275840,26,58,1255,2013.0,0.0,8635.0,0.723658,0.9271879999999999,BIH,CYP,7436
2275841,28,58,1255,2013.0,0.0,172521.0,1.183522,0.934159,BLR,CYP,7436
2275842,39,58,1255,2013.0,6829.0,11809.0,0.599305,1.193591,CAN,CYP,7436
2275843,41,58,1255,2013.0,19499.0,0.0,2.0899229999999998,0.661667,CHE,CYP,7436
2275844,43,58,1255,2013.0,1038806.0,0.0,1.24864,0.667713,CHN,CYP,7436
2275845,52,58,1255,2013.0,0.0,1760.0,0.208669,-0.54783,CRI,CYP,7436
2275846,59,58,1255,2013.0,7250.0,5369.0,1.829509,-0.41787700000000005,CZE,CYP,7436
2275847,61,58,1255,2013.0,3933091.0,5596982.0,2.1086869999999998,-3.7092,DEU,CYP,7436
2275848,64,58,1255,2013.0,215139.0,0.0,1.190302,1.062991,DNK,CYP,7436
2275849,66,58,1255,2013.0,0.0,52049.0,-1.53603,-1.104965,DZA,CYP,7436
2275850,68,58,1255,2013.0,0.0,65019.0,-0.12015799999999999,1.793363,EGY,CYP,7436
2275851,71,58,1255,2013.0,347616.0,1341.0,0.955472,1.80005,ESP,CYP,7436
2275852,74,58,1255,2013.0,0.0,20136.0,1.700282,0.867677,FIN,CYP,7436
2275853,77,58,1255,2013.0,433924.0,57207.0,1.5253299999999999,0.026146,FRA,CYP,7436
2275854,81,58,1255,2013.0,1258118.0,430425.0,1.628465,0.77075,GBR,CYP,7436
2275855,83,58,1255,2013.0,0.0,35352.0,-0.696971,-0.5807939999999999,GHA,CYP,7436
2275856,90,58,1255,2013.0,984710.0,2112426.0,0.073442,0.9857899999999999,GRC,CYP,7436
2275857,97,58,1255,2013.0,11974.0,0.0,0.791401,1.249845,HKG,CYP,7436
2275858,100,58,1255,2013.0,4968.0,0.0,0.8737309999999999,1.276091,HRV,CYP,7436
2275859,102,58,1255,2013.0,0.0,100007.0,1.6962560000000002,0.45460600000000007,HUN,CYP,7436
2275860,103,58,1255,2013.0,100610.0,0.0,-0.006876999999999999,1.8336569999999999,IDN,CYP,7436
2275861,104,58,1255,2013.0,13285.0,0.0,0.18186,2.647598,IND,CYP,7436
2275862,106,58,1255,2013.0,0.0,79054.0,1.32787,0.394579,IRL,CYP,7436
2275863,107,58,1255,2013.0,0.0,1691.0,-0.23625100000000002,-0.256067,IRN,CYP,7436
2275864,110,58,1255,2013.0,730721.0,607268.0,1.0247629999999999,0.8261639999999999,ISR,CYP,7436
2275865,111,58,1255,2013.0,1601153.0,167441.0,1.419383,-0.304402,ITA,CYP,7436
2275866,113,58,1255,2013.0,0.0,3784.0,0.1888,0.596867,JOR,CYP,7436
2275867,114,58,1255,2013.0,385478.0,0.0,2.333417,-0.818701,JPN,CYP,7436
2275868,115,58,1255,2013.0,0.0,3121.0,-0.9193819999999999,-0.734194,KAZ,CYP,7436
2275869,121,58,1255,2013.0,259187.0,1723.0,1.817145,0.835414,KOR,CYP,7436
2275870,122,58,1255,2013.0,0.0,53482.0,-1.198985,-1.057248,KWT,CYP,7436
2275871,124,58,1255,2013.0,0.0,375216.0,0.37392800000000004,1.413136,LBN,CYP,7436
2275872,126,58,1255,2013.0,0.0,122122.0,-1.871593,-1.1211790000000001,LBY,CYP,7436
2275873,131,58,1255,2013.0,22270.0,0.0,1.0110190000000001,1.123226,LUX,CYP,7436
2275874,134,58,1255,2013.0,0.0,24967.0,-0.474872,0.178118,MAR,CYP,7436
2275875,135,58,1255,2013.0,0.0,1095.0,0.14256,0.33920700000000004,MDA,CYP,7436
2275876,138,58,1255,2013.0,1265.0,48029.0,1.2327219999999999,0.746108,MEX,CYP,7436
2275877,140,58,1255,2013.0,0.0,27453.0,-0.127775,0.21915900000000002,MKD,CYP,7436
2275878,142,58,1255,2013.0,0.0,7104.0,0.710108,-0.014586000000000002,MLT,CYP,7436
2275879,151,58,1255,2013.0,0.0,51074.0,-0.092312,0.050927,MUS,CYP,7436
2275880,153,58,1255,2013.0,98438.0,0.0,0.924532,0.671334,MYS,CYP,7436
2275881,159,58,1255,2013.0,0.0,20726.0,-1.679402,-1.14686,NGA,CYP,7436
2275882,162,58,1255,2013.0,1079552.0,0.0,1.012006,1.441545,NLD,CYP,7436
2275883,163,58,1255,2013.0,1101.0,197813.0,0.710901,0.062705,NOR,CYP,7436
2275884,166,58,1255,2013.0,0.0,1552.0,0.192237,0.429825,NZL,CYP,7436
2275885,167,58,1255,2013.0,0.0,4854.0,-0.698693,-1.030814,OMN,CYP,7436
2275886,168,58,1255,2013.0,0.0,40320.0,-0.697224,0.501576,PAK,CYP,7436
2275887,174,58,1255,2013.0,14363.0,0.0,0.639083,0.45816899999999994,PHL,CYP,7436
2275888,177,58,1255,2013.0,210913.0,67631.0,1.11341,0.975734,POL,CYP,7436
2275889,179,58,1255,2013.0,9942.0,0.0,0.705087,2.2055580000000004,PRT,CYP,7436
2275890,181,58,1255,2013.0,0.0,56874.0,0.103716,0.762259,PSE,CYP,7436
2275891,183,58,1255,2013.0,0.0,94004.0,-0.583609,-1.003754,QAT,CYP,7436
2275892,185,58,1255,2013.0,0.0,88711.0,1.05722,1.0968799999999999,ROU,CYP,7436
2275893,186,58,1255,2013.0,262535.0,26506.0,-0.08233,-0.267781,RUS,CYP,7436
2275894,188,58,1255,2013.0,0.0,96238.0,-0.14823599999999998,-0.883965,SAU,CYP,7436
2275895,190,58,1255,2013.0,0.0,20872.0,-1.224897,-1.059517,SDN,CYP,7436
2275896,192,58,1255,2013.0,103762.0,4718.0,1.844685,0.639379,SGP,CYP,7436
2275897,201,58,1255,2013.0,0.0,42440.0,0.609755,1.355304,SRB,CYP,7436
2275898,206,58,1255,2013.0,38976.0,0.0,1.510052,0.7060310000000001,SVK,CYP,7436
2275899,207,58,1255,2013.0,7653.0,0.0,1.55922,0.565874,SVN,CYP,7436
2275900,208,58,1255,2013.0,48649.0,0.0,1.7851290000000002,0.182623,SWE,CYP,7436
2275901,216,58,1255,2013.0,17166.0,0.0,1.067287,1.2767110000000002,THA,CYP,7436
2275902,223,58,1255,2013.0,123420.0,54782.0,0.40154,0.902177,TUN,CYP,7436
2275903,224,58,1255,2013.0,2729286.0,0.0,0.580016,2.394812,TUR,CYP,7436
2275904,226,58,1255,2013.0,0.0,13290.0,-0.654655,0.903574,TZA,CYP,7436
2275905,228,58,1255,2013.0,8551.0,6146.0,0.535571,1.026263,UKR,CYP,7436
2275906,231,58,1255,2013.0,1961542.0,53414.0,1.612058,-0.8592989999999999,USA,CYP,7436
2275907,246,58,1255,2013.0,6441.0,16754.0,0.11624100000000001,1.574591,ZAF,CYP,7436
2275908,247,58,1255,2013.0,0.0,8275.0,-0.293192,-0.42930100000000004,ZMB,CYP,7436
2275909,249,58,1255,2013.0,73433.0,0.0,1.7382849999999999,0.9917739999999999,TWN,CYP,7436
2275910,250,58,1255,2013.0,0.0,1751.0,0.583151,0.14238299999999998,ANS,CYP,7436
2275911,7,62,1255,2013.0,683528.0,0.0,-0.338417,-0.754102,ARE,DJI,7436
2275912,15,62,1255,2013.0,14891.0,0.0,1.855434,-1.06494,AUT,DJI,7436
2275913,18,62,1255,2013.0,239582.0,0.0,1.198491,1.117268,BEL,DJI,7436
2275914,43,62,1255,2013.0,1645408.0,0.0,1.24864,0.667713,CHN,DJI,7436
2275915,61,62,1255,2013.0,29539.0,0.0,2.1086869999999998,-3.7092,DEU,DJI,7436
2275916,71,62,1255,2013.0,5339.0,0.0,0.955472,1.80005,ESP,DJI,7436
2275917,77,62,1255,2013.0,1948604.0,1862.0,1.5253299999999999,0.026146,FRA,DJI,7436
2275918,81,62,1255,2013.0,67926.0,0.0,1.628465,0.77075,GBR,DJI,7436
2275919,100,62,1255,2013.0,41466.0,0.0,0.8737309999999999,1.276091,HRV,DJI,7436
2275920,104,62,1255,2013.0,26554.0,0.0,0.18186,2.647598,IND,DJI,7436
2275921,111,62,1255,2013.0,63296.0,0.0,1.419383,-0.304402,ITA,DJI,7436
2275922,114,62,1255,2013.0,7839.0,0.0,2.333417,-0.818701,JPN,DJI,7436
2275923,116,62,1255,2013.0,1620.0,0.0,-0.303119,0.626786,KEN,DJI,7436
2275924,124,62,1255,2013.0,2404.0,0.0,0.37392800000000004,1.413136,LBN,DJI,7436
2275925,134,62,1255,2013.0,181702.0,0.0,-0.474872,0.178118,MAR,DJI,7436
2275926,153,62,1255,2013.0,5747.0,0.0,0.924532,0.671334,MYS,DJI,7436
2275927,162,62,1255,2013.0,261441.0,0.0,1.012006,1.441545,NLD,DJI,7436
2275928,168,62,1255,2013.0,24177.0,0.0,-0.697224,0.501576,PAK,DJI,7436
2275929,179,62,1255,2013.0,2885.0,0.0,0.705087,2.2055580000000004,PRT,DJI,7436
2275930,186,62,1255,2013.0,2215.0,0.0,-0.08233,-0.267781,RUS,DJI,7436
2275931,224,62,1255,2013.0,78273.0,0.0,0.580016,2.394812,TUR,DJI,7436
2275932,231,62,1255,2013.0,58602.0,0.0,1.612058,-0.8592989999999999,USA,DJI,7436
2275933,246,62,1255,2013.0,760494.0,0.0,0.11624100000000001,1.574591,ZAF,DJI,7436
2275934,7,66,1255,2013.0,5951694.0,0.0,-0.338417,-0.754102,ARE,DZA,7436
2275935,8,66,1255,2013.0,74008.0,0.0,0.042829,0.461002,ARG,DZA,7436
2275936,14,66,1255,2013.0,45664.0,2964.0,-0.63369,-0.276328,AUS,DZA,7436
2275937,15,66,1255,2013.0,1264523.0,0.0,1.855434,-1.06494,AUT,DZA,7436
2275938,18,66,1255,2013.0,12275883.0,0.0,1.198491,1.117268,BEL,DZA,7436
2275939,23,66,1255,2013.0,136051.0,0.0,0.622325,1.5506229999999999,BGR,DZA,7436
2275940,26,66,1255,2013.0,38159.0,0.0,0.723658,0.9271879999999999,BIH,DZA,7436
2275941,28,66,1255,2013.0,6793.0,0.0,1.183522,0.934159,BLR,DZA,7436
2275942,29,66,1255,2013.0,7388.0,0.0,-0.459154,-0.465912,BLZ,DZA,7436
2275943,32,66,1255,2013.0,148463.0,0.0,0.2804,0.649729,BRA,DZA,7436
2275944,39,66,1255,2013.0,152374.0,0.0,0.599305,1.193591,CAN,DZA,7436
2275945,41,66,1255,2013.0,531708.0,0.0,2.0899229999999998,0.661667,CHE,DZA,7436
2275946,43,66,1255,2013.0,10240565.0,0.0,1.24864,0.667713,CHN,DZA,7436
2275947,58,66,1255,2013.0,52049.0,0.0,0.36482800000000004,0.527544,CYP,DZA,7436
2275948,59,66,1255,2013.0,1322883.0,0.0,1.829509,-0.41787700000000005,CZE,DZA,7436
2275949,61,66,1255,2013.0,25072784.0,0.0,2.1086869999999998,-3.7092,DEU,DZA,7436
2275950,64,66,1255,2013.0,96439.0,0.0,1.190302,1.062991,DNK,DZA,7436
2275951,67,66,1255,2013.0,23933.0,0.0,-0.8251790000000001,-0.9347200000000001,ECU,DZA,7436
2275952,68,66,1255,2013.0,366004.0,0.0,-0.12015799999999999,1.793363,EGY,DZA,7436
2275953,71,66,1255,2013.0,15767820.0,2163.0,0.955472,1.80005,ESP,DZA,7436
2275954,72,66,1255,2013.0,18428.0,0.0,0.923321,1.290016,EST,DZA,7436
2275955,74,66,1255,2013.0,87609.0,0.0,1.700282,0.867677,FIN,DZA,7436
2275956,77,66,1255,2013.0,44862564.0,0.0,1.5253299999999999,0.026146,FRA,DZA,7436
2275957,81,66,1255,2013.0,5285055.0,35404.0,1.628465,0.77075,GBR,DZA,7436
2275958,90,66,1255,2013.0,2581804.0,0.0,0.073442,0.9857899999999999,GRC,DZA,7436
2275959,100,66,1255,2013.0,51775.0,0.0,0.8737309999999999,1.276091,HRV,DZA,7436
2275960,102,66,1255,2013.0,72630.0,0.0,1.6962560000000002,0.45460600000000007,HUN,DZA,7436
2275961,103,66,1255,2013.0,130277.0,0.0,-0.006876999999999999,1.8336569999999999,IDN,DZA,7436
2275962,104,66,1255,2013.0,1444316.0,0.0,0.18186,2.647598,IND,DZA,7436
2275963,106,66,1255,2013.0,171854.0,0.0,1.32787,0.394579,IRL,DZA,7436
2275964,111,66,1255,2013.0,32339826.0,46400.0,1.419383,-0.304402,ITA,DZA,7436
2275965,114,66,1255,2013.0,5733678.0,0.0,2.333417,-0.818701,JPN,DZA,7436
2275966,121,66,1255,2013.0,1171942.0,0.0,1.817145,0.835414,KOR,DZA,7436
2275967,124,66,1255,2013.0,22475.0,0.0,0.37392800000000004,1.413136,LBN,DZA,7436
2275968,130,66,1255,2013.0,81944.0,0.0,0.677986,1.29227,LTU,DZA,7436
2275969,131,66,1255,2013.0,2186.0,0.0,1.0110190000000001,1.123226,LUX,DZA,7436
2275970,134,66,1255,2013.0,179296.0,0.0,-0.474872,0.178118,MAR,DZA,7436
2275971,138,66,1255,2013.0,3181078.0,0.0,1.2327219999999999,0.746108,MEX,DZA,7436
2275972,141,66,1255,2013.0,0.0,383969.0,-1.046677,-0.980809,MLI,DZA,7436
2275973,148,66,1255,2013.0,0.0,185072.0,-1.681152,-1.2712350000000001,MRT,DZA,7436
2275974,153,66,1255,2013.0,393224.0,0.0,0.924532,0.671334,MYS,DZA,7436
2275975,159,66,1255,2013.0,10962.0,0.0,-1.679402,-1.14686,NGA,DZA,7436
2275976,162,66,1255,2013.0,1163668.0,0.0,1.012006,1.441545,NLD,DZA,7436
2275977,163,66,1255,2013.0,19943.0,0.0,0.710901,0.062705,NOR,DZA,7436
2275978,174,66,1255,2013.0,98580.0,0.0,0.639083,0.45816899999999994,PHL,DZA,7436
2275979,177,66,1255,2013.0,1206939.0,0.0,1.11341,0.975734,POL,DZA,7436
2275980,178,66,1255,2013.0,18722.0,0.0,-0.304923,-0.301578,PRK,DZA,7436
2275981,179,66,1255,2013.0,97741.0,0.0,0.705087,2.2055580000000004,PRT,DZA,7436
2275982,185,66,1255,2013.0,126264.0,0.0,1.05722,1.0968799999999999,ROU,DZA,7436
2275983,186,66,1255,2013.0,109442.0,0.0,-0.08233,-0.267781,RUS,DZA,7436
2275984,188,66,1255,2013.0,325768.0,0.0,-0.14823599999999998,-0.883965,SAU,DZA,7436
2275985,191,66,1255,2013.0,0.0,63970.0,-0.566624,-0.185277,SEN,DZA,7436
2275986,192,66,1255,2013.0,1128595.0,0.0,1.844685,0.639379,SGP,DZA,7436
2275987,201,66,1255,2013.0,270032.0,0.0,0.609755,1.355304,SRB,DZA,7436
2275988,206,66,1255,2013.0,26026.0,0.0,1.510052,0.7060310000000001,SVK,DZA,7436
2275989,207,66,1255,2013.0,163638.0,0.0,1.55922,0.565874,SVN,DZA,7436
2275990,208,66,1255,2013.0,444099.0,0.0,1.7851290000000002,0.182623,SWE,DZA,7436
2275991,216,66,1255,2013.0,85061.0,0.0,1.067287,1.2767110000000002,THA,DZA,7436
2275992,217,66,1255,2013.0,31903.0,0.0,-1.117246,-1.1638600000000001,TJK,DZA,7436
2275993,223,66,1255,2013.0,2690695.0,0.0,0.40154,0.902177,TUN,DZA,7436
2275994,224,66,1255,2013.0,3434890.0,1353.0,0.580016,2.394812,TUR,DZA,7436
2275995,228,66,1255,2013.0,64770.0,0.0,0.535571,1.026263,UKR,DZA,7436
2275996,231,66,1255,2013.0,30473034.0,13514.0,1.612058,-0.8592989999999999,USA,DZA,7436
2275997,234,66,1255,2013.0,1834.0,0.0,0.39042899999999997,-0.042089,VCT,DZA,7436
2275998,239,66,1255,2013.0,5139.0,0.0,0.009264,1.182368,VNM,DZA,7436
2275999,246,66,1255,2013.0,507626.0,0.0,0.11624100000000001,1.574591,ZAF,DZA,7436
2276000,249,66,1255,2013.0,95105.0,0.0,1.7382849999999999,0.9917739999999999,TWN,DZA,7436
2276001,7,73,1255,2013.0,853759.0,16357.0,-0.338417,-0.754102,ARE,ETH,7436
2276002,14,73,1255,2013.0,7328.0,4469.0,-0.63369,-0.276328,AUS,ETH,7436
2276003,15,73,1255,2013.0,26196.0,0.0,1.855434,-1.06494,AUT,ETH,7436
2276004,18,73,1255,2013.0,788828.0,0.0,1.198491,1.117268,BEL,ETH,7436
2276005,22,73,1255,2013.0,98721.0,0.0,-0.835666,-0.8088810000000001,BGD,ETH,7436
2276006,23,73,1255,2013.0,1085.0,0.0,0.622325,1.5506229999999999,BGR,ETH,7436
2276007,32,73,1255,2013.0,33513.0,0.0,0.2804,0.649729,BRA,ETH,7436
2276008,39,73,1255,2013.0,130286.0,0.0,0.599305,1.193591,CAN,ETH,7436
2276009,41,73,1255,2013.0,27593.0,0.0,2.0899229999999998,0.661667,CHE,ETH,7436
2276010,43,73,1255,2013.0,7990956.0,0.0,1.24864,0.667713,CHN,ETH,7436
2276011,45,73,1255,2013.0,11414.0,0.0,-0.93575,-1.003851,CMR,ETH,7436
2276012,59,73,1255,2013.0,119480.0,0.0,1.829509,-0.41787700000000005,CZE,ETH,7436
2276013,61,73,1255,2013.0,2053412.0,0.0,2.1086869999999998,-3.7092,DEU,ETH,7436
2276014,64,73,1255,2013.0,153453.0,0.0,1.190302,1.062991,DNK,ETH,7436
2276015,68,73,1255,2013.0,8657.0,0.0,-0.12015799999999999,1.793363,EGY,ETH,7436
2276016,71,73,1255,2013.0,583172.0,0.0,0.955472,1.80005,ESP,ETH,7436
2276017,74,73,1255,2013.0,45600.0,0.0,1.700282,0.867677,FIN,ETH,7436
2276018,77,73,1255,2013.0,4982175.0,0.0,1.5253299999999999,0.026146,FRA,ETH,7436
2276019,81,73,1255,2013.0,380366.0,0.0,1.628465,0.77075,GBR,ETH,7436
2276020,90,73,1255,2013.0,153536.0,0.0,0.073442,0.9857899999999999,GRC,ETH,7436
2276021,102,73,1255,2013.0,58797.0,0.0,1.6962560000000002,0.45460600000000007,HUN,ETH,7436
2276022,103,73,1255,2013.0,8416.0,0.0,-0.006876999999999999,1.8336569999999999,IDN,ETH,7436
2276023,104,73,1255,2013.0,1054233.0,0.0,0.18186,2.647598,IND,ETH,7436
2276024,106,73,1255,2013.0,3492.0,0.0,1.32787,0.394579,IRL,ETH,7436
2276025,110,73,1255,2013.0,30781.0,0.0,1.0247629999999999,0.8261639999999999,ISR,ETH,7436
2276026,111,73,1255,2013.0,2938668.0,0.0,1.419383,-0.304402,ITA,ETH,7436
2276027,114,73,1255,2013.0,499231.0,0.0,2.333417,-0.818701,JPN,ETH,7436
2276028,116,73,1255,2013.0,41499.0,0.0,-0.303119,0.626786,KEN,ETH,7436
2276029,121,73,1255,2013.0,1545715.0,0.0,1.817145,0.835414,KOR,ETH,7436
2276030,138,73,1255,2013.0,60566.0,0.0,1.2327219999999999,0.746108,MEX,ETH,7436
2276031,162,73,1255,2013.0,370480.0,0.0,1.012006,1.441545,NLD,ETH,7436
2276032,168,73,1255,2013.0,1368.0,0.0,-0.697224,0.501576,PAK,ETH,7436
2276033,174,73,1255,2013.0,32330.0,0.0,0.639083,0.45816899999999994,PHL,ETH,7436
2276034,177,73,1255,2013.0,295751.0,0.0,1.11341,0.975734,POL,ETH,7436
2276035,178,73,1255,2013.0,1730.0,0.0,-0.304923,-0.301578,PRK,ETH,7436
2276036,179,73,1255,2013.0,5724.0,0.0,0.705087,2.2055580000000004,PRT,ETH,7436
2276037,186,73,1255,2013.0,276533.0,0.0,-0.08233,-0.267781,RUS,ETH,7436
2276038,188,73,1255,2013.0,4758.0,0.0,-0.14823599999999998,-0.883965,SAU,ETH,7436
2276039,206,73,1255,2013.0,1078.0,0.0,1.510052,0.7060310000000001,SVK,ETH,7436
2276040,208,73,1255,2013.0,57184.0,2047.0,1.7851290000000002,0.182623,SWE,ETH,7436
2276041,212,73,1255,2013.0,8734.0,0.0,-0.09157699999999999,1.1795950000000002,SYR,ETH,7436
2276042,216,73,1255,2013.0,13027.0,0.0,1.067287,1.2767110000000002,THA,ETH,7436
2276043,223,73,1255,2013.0,237478.0,0.0,0.40154,0.902177,TUN,ETH,7436
2276044,224,73,1255,2013.0,407994.0,0.0,0.580016,2.394812,TUR,ETH,7436
2276045,227,73,1255,2013.0,16171.0,0.0,-0.46170100000000003,0.652878,UGA,ETH,7436
2276046,231,73,1255,2013.0,1118472.0,0.0,1.612058,-0.8592989999999999,USA,ETH,7436
2276047,246,73,1255,2013.0,280942.0,0.0,0.11624100000000001,1.574591,ZAF,ETH,7436
2276048,249,73,1255,2013.0,57378.0,0.0,1.7382849999999999,0.9917739999999999,TWN,ETH,7436
2276049,250,73,1255,2013.0,1063346.0,0.0,0.583151,0.14238299999999998,ANS,ETH,7436
2276050,7,80,1255,2013.0,99489.0,0.0,-0.338417,-0.754102,ARE,GAB,7436
2276051,14,80,1255,2013.0,5205.0,0.0,-0.63369,-0.276328,AUS,GAB,7436
2276052,15,80,1255,2013.0,103542.0,0.0,1.855434,-1.06494,AUT,GAB,7436
2276053,18,80,1255,2013.0,1931428.0,0.0,1.198491,1.117268,BEL,GAB,7436
2276054,39,80,1255,2013.0,1184166.0,0.0,0.599305,1.193591,CAN,GAB,7436
2276055,43,80,1255,2013.0,951919.0,0.0,1.24864,0.667713,CHN,GAB,7436
2276056,44,80,1255,2013.0,0.0,8463.0,-1.0025870000000001,-0.901658,CIV,GAB,7436
2276057,45,80,1255,2013.0,14812.0,0.0,-0.93575,-1.003851,CMR,GAB,7436
2276058,47,80,1255,2013.0,1040.0,27868.0,-1.478461,-1.094509,COG,GAB,7436
2276059,61,80,1255,2013.0,746937.0,0.0,2.1086869999999998,-3.7092,DEU,GAB,7436
2276060,71,80,1255,2013.0,81963.0,0.0,0.955472,1.80005,ESP,GAB,7436
2276061,77,80,1255,2013.0,9808316.0,2271.0,1.5253299999999999,0.026146,FRA,GAB,7436
2276062,81,80,1255,2013.0,256873.0,0.0,1.628465,0.77075,GBR,GAB,7436
2276063,83,80,1255,2013.0,0.0,14655.0,-0.696971,-0.5807939999999999,GHA,GAB,7436
2276064,103,80,1255,2013.0,0.0,5090.0,-0.006876999999999999,1.8336569999999999,IDN,GAB,7436
2276065,104,80,1255,2013.0,8809.0,0.0,0.18186,2.647598,IND,GAB,7436
2276066,106,80,1255,2013.0,1034.0,1427.0,1.32787,0.394579,IRL,GAB,7436
2276067,110,80,1255,2013.0,9000.0,0.0,1.0247629999999999,0.8261639999999999,ISR,GAB,7436
2276068,111,80,1255,2013.0,195500.0,0.0,1.419383,-0.304402,ITA,GAB,7436
2276069,114,80,1255,2013.0,120391.0,0.0,2.333417,-0.818701,JPN,GAB,7436
2276070,121,80,1255,2013.0,294294.0,0.0,1.817145,0.835414,KOR,GAB,7436
2276071,124,80,1255,2013.0,39580.0,0.0,0.37392800000000004,1.413136,LBN,GAB,7436
2276072,134,80,1255,2013.0,41361.0,0.0,-0.474872,0.178118,MAR,GAB,7436
2276073,153,80,1255,2013.0,239291.0,0.0,0.924532,0.671334,MYS,GAB,7436
2276074,162,80,1255,2013.0,140048.0,0.0,1.012006,1.441545,NLD,GAB,7436
2276075,185,80,1255,2013.0,8156.0,0.0,1.05722,1.0968799999999999,ROU,GAB,7436
2276076,190,80,1255,2013.0,0.0,31160.0,-1.224897,-1.059517,SDN,GAB,7436
2276077,191,80,1255,2013.0,2521.0,0.0,-0.566624,-0.185277,SEN,GAB,7436
2276078,192,80,1255,2013.0,2912.0,0.0,1.844685,0.639379,SGP,GAB,7436
2276079,203,80,1255,2013.0,0.0,45609.0,0.9084559999999999,0.170664,STP,GAB,7436
2276080,216,80,1255,2013.0,9187.0,0.0,1.067287,1.2767110000000002,THA,GAB,7436
2276081,224,80,1255,2013.0,117688.0,0.0,0.580016,2.394812,TUR,GAB,7436
2276082,227,80,1255,2013.0,0.0,52479.0,-0.46170100000000003,0.652878,UGA,GAB,7436
2276083,231,80,1255,2013.0,1061526.0,0.0,1.612058,-0.8592989999999999,USA,GAB,7436
2276084,246,80,1255,2013.0,410079.0,0.0,0.11624100000000001,1.574591,ZAF,GAB,7436
2276085,2,83,1255,2013.0,0.0,53222.0,-1.240877,-1.073797,AGO,GHA,7436
2276086,7,83,1255,2013.0,2470478.0,0.0,-0.338417,-0.754102,ARE,GHA,7436
2276087,8,83,1255,2013.0,34395.0,0.0,0.042829,0.461002,ARG,GHA,7436
2276088,14,83,1255,2013.0,273766.0,0.0,-0.63369,-0.276328,AUS,GHA,7436
2276089,15,83,1255,2013.0,2070885.0,0.0,1.855434,-1.06494,AUT,GHA,7436
2276090,18,83,1255,2013.0,4664682.0,15468.0,1.198491,1.117268,BEL,GHA,7436
2276091,21,83,1255,2013.0,0.0,27594.0,-0.7231029999999999,-0.736291,BFA,GHA,7436
2276092,24,83,1255,2013.0,6420.0,0.0,0.080634,-0.6828890000000001,BHR,GHA,7436
2276093,32,83,1255,2013.0,115271.0,0.0,0.2804,0.649729,BRA,GHA,7436
2276094,39,83,1255,2013.0,182669.0,15572.0,0.599305,1.193591,CAN,GHA,7436
2276095,41,83,1255,2013.0,20372.0,0.0,2.0899229999999998,0.661667,CHE,GHA,7436
2276096,42,83,1255,2013.0,190737.0,0.0,-0.184556,-0.238657,CHL,GHA,7436
2276097,43,83,1255,2013.0,9594849.0,0.0,1.24864,0.667713,CHN,GHA,7436
2276098,44,83,1255,2013.0,69003.0,21443.0,-1.0025870000000001,-0.901658,CIV,GHA,7436
2276099,45,83,1255,2013.0,0.0,23654.0,-0.93575,-1.003851,CMR,GHA,7436
2276100,47,83,1255,2013.0,0.0,1702.0,-1.478461,-1.094509,COG,GHA,7436
2276101,58,83,1255,2013.0,35352.0,0.0,0.36482800000000004,0.527544,CYP,GHA,7436
2276102,59,83,1255,2013.0,614544.0,0.0,1.829509,-0.41787700000000005,CZE,GHA,7436
2276103,61,83,1255,2013.0,4100859.0,0.0,2.1086869999999998,-3.7092,DEU,GHA,7436
2276104,64,83,1255,2013.0,339160.0,0.0,1.190302,1.062991,DNK,GHA,7436
2276105,68,83,1255,2013.0,17557.0,0.0,-0.12015799999999999,1.793363,EGY,GHA,7436
2276106,71,83,1255,2013.0,1207103.0,0.0,0.955472,1.80005,ESP,GHA,7436
2276107,74,83,1255,2013.0,42126.0,0.0,1.700282,0.867677,FIN,GHA,7436
2276108,77,83,1255,2013.0,1156114.0,5701.0,1.5253299999999999,0.026146,FRA,GHA,7436
2276109,80,83,1255,2013.0,14655.0,0.0,-1.652062,-1.140576,GAB,GHA,7436
2276110,81,83,1255,2013.0,1815358.0,61566.0,1.628465,0.77075,GBR,GHA,7436
2276111,85,83,1255,2013.0,6468.0,25904.0,-1.281072,-1.027585,GIN,GHA,7436
2276112,97,83,1255,2013.0,32669.0,45438.0,0.791401,1.249845,HKG,GHA,7436
2276113,103,83,1255,2013.0,312319.0,0.0,-0.006876999999999999,1.8336569999999999,IDN,GHA,7436
2276114,104,83,1255,2013.0,1956522.0,0.0,0.18186,2.647598,IND,GHA,7436
2276115,106,83,1255,2013.0,123409.0,0.0,1.32787,0.394579,IRL,GHA,7436
2276116,110,83,1255,2013.0,276018.0,0.0,1.0247629999999999,0.8261639999999999,ISR,GHA,7436
2276117,111,83,1255,2013.0,3473879.0,0.0,1.419383,-0.304402,ITA,GHA,7436
2276118,114,83,1255,2013.0,452831.0,0.0,2.333417,-0.818701,JPN,GHA,7436
2276119,116,83,1255,2013.0,1295.0,46114.0,-0.303119,0.626786,KEN,GHA,7436
2276120,121,83,1255,2013.0,1918824.0,0.0,1.817145,0.835414,KOR,GHA,7436
2276121,124,83,1255,2013.0,143451.0,0.0,0.37392800000000004,1.413136,LBN,GHA,7436
2276122,125,83,1255,2013.0,8808.0,5612.0,-0.8343229999999999,-0.992129,LBR,GHA,7436
2276123,131,83,1255,2013.0,13926.0,0.0,1.0110190000000001,1.123226,LUX,GHA,7436
2276124,141,83,1255,2013.0,0.0,12610.0,-1.046677,-0.980809,MLI,GHA,7436
2276125,151,83,1255,2013.0,8710.0,0.0,-0.092312,0.050927,MUS,GHA,7436
2276126,153,83,1255,2013.0,120561.0,0.0,0.924532,0.671334,MYS,GHA,7436
2276127,157,83,1255,2013.0,0.0,2015.0,-1.0008350000000001,-0.8325670000000001,NER,GHA,7436
2276128,159,83,1255,2013.0,52281.0,20137.0,-1.679402,-1.14686,NGA,GHA,7436
2276129,162,83,1255,2013.0,2006694.0,0.0,1.012006,1.441545,NLD,GHA,7436
2276130,163,83,1255,2013.0,51340.0,0.0,0.710901,0.062705,NOR,GHA,7436
2276131,166,83,1255,2013.0,124876.0,0.0,0.192237,0.429825,NZL,GHA,7436
2276132,168,83,1255,2013.0,1118.0,0.0,-0.697224,0.501576,PAK,GHA,7436
2276133,177,83,1255,2013.0,4873.0,0.0,1.11341,0.975734,POL,GHA,7436
2276134,179,83,1255,2013.0,264811.0,0.0,0.705087,2.2055580000000004,PRT,GHA,7436
2276135,183,83,1255,2013.0,5132.0,0.0,-0.583609,-1.003754,QAT,GHA,7436
2276136,185,83,1255,2013.0,1093.0,0.0,1.05722,1.0968799999999999,ROU,GHA,7436
2276137,188,83,1255,2013.0,50655.0,0.0,-0.14823599999999998,-0.883965,SAU,GHA,7436
2276138,191,83,1255,2013.0,0.0,2114.0,-0.566624,-0.185277,SEN,GHA,7436
2276139,192,83,1255,2013.0,91212.0,0.0,1.844685,0.639379,SGP,GHA,7436
2276140,196,83,1255,2013.0,0.0,5532.0,-0.42937700000000006,-0.529857,SLE,GHA,7436
2276141,206,83,1255,2013.0,487302.0,0.0,1.510052,0.7060310000000001,SVK,GHA,7436
2276142,208,83,1255,2013.0,916499.0,2699.0,1.7851290000000002,0.182623,SWE,GHA,7436
2276143,215,83,1255,2013.0,19670.0,25220.0,-0.532095,-0.434276,TGO,GHA,7436
2276144,216,83,1255,2013.0,3408.0,0.0,1.067287,1.2767110000000002,THA,GHA,7436
2276145,224,83,1255,2013.0,547129.0,0.0,0.580016,2.394812,TUR,GHA,7436
2276146,226,83,1255,2013.0,10819.0,1952.0,-0.654655,0.903574,TZA,GHA,7436
2276147,227,83,1255,2013.0,0.0,1438.0,-0.46170100000000003,0.652878,UGA,GHA,7436
2276148,228,83,1255,2013.0,132863.0,0.0,0.535571,1.026263,UKR,GHA,7436
2276149,231,83,1255,2013.0,4724550.0,2001.0,1.612058,-0.8592989999999999,USA,GHA,7436
2276150,246,83,1255,2013.0,15675494.0,21078.0,0.11624100000000001,1.574591,ZAF,GHA,7436
2276151,247,83,1255,2013.0,0.0,2005.0,-0.293192,-0.42930100000000004,ZMB,GHA,7436
2276152,249,83,1255,2013.0,24701.0,0.0,1.7382849999999999,0.9917739999999999,TWN,GHA,7436
2276153,14,84,1255,2013.0,4174.0,0.0,-0.63369,-0.276328,AUS,GIB,7436
2276154,15,84,1255,2013.0,1332.0,0.0,1.855434,-1.06494,AUT,GIB,7436
2276155,18,84,1255,2013.0,82553.0,0.0,1.198491,1.117268,BEL,GIB,7436
2276156,41,84,1255,2013.0,269898.0,0.0,2.0899229999999998,0.661667,CHE,GIB,7436
2276157,61,84,1255,2013.0,189254.0,0.0,2.1086869999999998,-3.7092,DEU,GIB,7436
2276158,71,84,1255,2013.0,215531.0,0.0,0.955472,1.80005,ESP,GIB,7436
2276159,77,84,1255,2013.0,4921.0,0.0,1.5253299999999999,0.026146,FRA,GIB,7436
2276160,81,84,1255,2013.0,82495.0,0.0,1.628465,0.77075,GBR,GIB,7436
2276161,142,84,1255,2013.0,0.0,19359.0,0.710108,-0.014586000000000002,MLT,GIB,7436
2276162,152,84,1255,2013.0,0.0,3001.0,-0.802763,-0.8101470000000001,MWI,GIB,7436
2276163,162,84,1255,2013.0,45423.0,0.0,1.012006,1.441545,NLD,GIB,7436
2276164,163,84,1255,2013.0,9871.0,0.0,0.710901,0.062705,NOR,GIB,7436
2276165,177,84,1255,2013.0,31949.0,0.0,1.11341,0.975734,POL,GIB,7436
2276166,190,84,1255,2013.0,0.0,17015.0,-1.224897,-1.059517,SDN,GIB,7436
2276167,231,84,1255,2013.0,17651.0,0.0,1.612058,-0.8592989999999999,USA,GIB,7436
2276168,2,85,1255,2013.0,0.0,50940.0,-1.240877,-1.073797,AGO,GIN,7436
2276169,7,85,1255,2013.0,32857.0,0.0,-0.338417,-0.754102,ARE,GIN,7436
2276170,14,85,1255,2013.0,11204.0,0.0,-0.63369,-0.276328,AUS,GIN,7436
2276171,18,85,1255,2013.0,1513388.0,0.0,1.198491,1.117268,BEL,GIN,7436
2276172,28,85,1255,2013.0,5799.0,0.0,1.183522,0.934159,BLR,GIN,7436
2276173,32,85,1255,2013.0,22068.0,0.0,0.2804,0.649729,BRA,GIN,7436
2276174,39,85,1255,2013.0,124426.0,0.0,0.599305,1.193591,CAN,GIN,7436
2276175,42,85,1255,2013.0,4035.0,0.0,-0.184556,-0.238657,CHL,GIN,7436
2276176,43,85,1255,2013.0,1070469.0,0.0,1.24864,0.667713,CHN,GIN,7436
2276177,59,85,1255,2013.0,40497.0,0.0,1.829509,-0.41787700000000005,CZE,GIN,7436
2276178,61,85,1255,2013.0,434168.0,0.0,2.1086869999999998,-3.7092,DEU,GIN,7436
2276179,64,85,1255,2013.0,2979.0,0.0,1.190302,1.062991,DNK,GIN,7436
2276180,71,85,1255,2013.0,145641.0,0.0,0.955472,1.80005,ESP,GIN,7436
2276181,77,85,1255,2013.0,533143.0,2073.0,1.5253299999999999,0.026146,FRA,GIN,7436
2276182,81,85,1255,2013.0,274984.0,0.0,1.628465,0.77075,GBR,GIN,7436
2276183,83,85,1255,2013.0,25904.0,6468.0,-0.696971,-0.5807939999999999,GHA,GIN,7436
2276184,97,85,1255,2013.0,2038.0,0.0,0.791401,1.249845,HKG,GIN,7436
2276185,104,85,1255,2013.0,293665.0,0.0,0.18186,2.647598,IND,GIN,7436
2276186,110,85,1255,2013.0,1675014.0,0.0,1.0247629999999999,0.8261639999999999,ISR,GIN,7436
2276187,111,85,1255,2013.0,155123.0,0.0,1.419383,-0.304402,ITA,GIN,7436
2276188,114,85,1255,2013.0,96722.0,0.0,2.333417,-0.818701,JPN,GIN,7436
2276189,124,85,1255,2013.0,75378.0,0.0,0.37392800000000004,1.413136,LBN,GIN,7436
2276190,130,85,1255,2013.0,2109.0,0.0,0.677986,1.29227,LTU,GIN,7436
2276191,134,85,1255,2013.0,1008.0,0.0,-0.474872,0.178118,MAR,GIN,7436
2276192,138,85,1255,2013.0,16915.0,0.0,1.2327219999999999,0.746108,MEX,GIN,7436
2276193,141,85,1255,2013.0,75675.0,0.0,-1.046677,-0.980809,MLI,GIN,7436
2276194,162,85,1255,2013.0,135989.0,0.0,1.012006,1.441545,NLD,GIN,7436
2276195,166,85,1255,2013.0,0.0,2825.0,0.192237,0.429825,NZL,GIN,7436
2276196,179,85,1255,2013.0,90321.0,0.0,0.705087,2.2055580000000004,PRT,GIN,7436
2276197,186,85,1255,2013.0,2404.0,0.0,-0.08233,-0.267781,RUS,GIN,7436
2276198,191,85,1255,2013.0,13186.0,0.0,-0.566624,-0.185277,SEN,GIN,7436
2276199,208,85,1255,2013.0,126271.0,0.0,1.7851290000000002,0.182623,SWE,GIN,7436
2276200,223,85,1255,2013.0,1858.0,0.0,0.40154,0.902177,TUN,GIN,7436
2276201,224,85,1255,2013.0,487422.0,0.0,0.580016,2.394812,TUR,GIN,7436
2276202,231,85,1255,2013.0,360242.0,1589.0,1.612058,-0.8592989999999999,USA,GIN,7436
2276203,246,85,1255,2013.0,691870.0,0.0,0.11624100000000001,1.574591,ZAF,GIN,7436
2276204,249,85,1255,2013.0,61312.0,0.0,1.7382849999999999,0.9917739999999999,TWN,GIN,7436
2276205,7,88,1255,2013.0,7900.0,0.0,-0.338417,-0.754102,ARE,GNB,7436
2276206,18,88,1255,2013.0,18663.0,0.0,1.198491,1.117268,BEL,GNB,7436
2276207,43,88,1255,2013.0,1854.0,0.0,1.24864,0.667713,CHN,GNB,7436
2276208,71,88,1255,2013.0,42324.0,0.0,0.955472,1.80005,ESP,GNB,7436
2276209,81,88,1255,2013.0,1900.0,0.0,1.628465,0.77075,GBR,GNB,7436
2276210,111,88,1255,2013.0,9793.0,0.0,1.419383,-0.304402,ITA,GNB,7436
2276211,124,88,1255,2013.0,5806.0,0.0,0.37392800000000004,1.413136,LBN,GNB,7436
2276212,162,88,1255,2013.0,1414.0,0.0,1.012006,1.441545,NLD,GNB,7436
2276213,179,88,1255,2013.0,38263.0,0.0,0.705087,2.2055580000000004,PRT,GNB,7436
2276214,191,88,1255,2013.0,1679.0,0.0,-0.566624,-0.185277,SEN,GNB,7436
2276215,8,99,1255,2013.0,20135.0,0.0,0.042829,0.461002,ARG,HND,7436
2276216,15,99,1255,2013.0,2377.0,0.0,1.855434,-1.06494,AUT,HND,7436
2276217,18,99,1255,2013.0,8588.0,0.0,1.198491,1.117268,BEL,HND,7436
2276218,32,99,1255,2013.0,487386.0,0.0,0.2804,0.649729,BRA,HND,7436
2276219,39,99,1255,2013.0,46021.0,0.0,0.599305,1.193591,CAN,HND,7436
2276220,41,99,1255,2013.0,5064.0,0.0,2.0899229999999998,0.661667,CHE,HND,7436
2276221,43,99,1255,2013.0,2816512.0,0.0,1.24864,0.667713,CHN,HND,7436
2276222,49,99,1255,2013.0,427646.0,0.0,0.034491,-0.36975,COL,HND,7436
2276223,52,99,1255,2013.0,26380.0,0.0,0.208669,-0.54783,CRI,HND,7436
2276224,61,99,1255,2013.0,286868.0,0.0,2.1086869999999998,-3.7092,DEU,HND,7436
2276225,64,99,1255,2013.0,18392.0,0.0,1.190302,1.062991,DNK,HND,7436
2276226,67,99,1255,2013.0,67447.0,0.0,-0.8251790000000001,-0.9347200000000001,ECU,HND,7436
2276227,77,99,1255,2013.0,4376.0,0.0,1.5253299999999999,0.026146,FRA,HND,7436
2276228,81,99,1255,2013.0,6738.0,0.0,1.628465,0.77075,GBR,HND,7436
2276229,93,99,1255,2013.0,206894.0,45960.0,-0.220165,0.661111,GTM,HND,7436
2276230,103,99,1255,2013.0,437522.0,0.0,-0.006876999999999999,1.8336569999999999,IDN,HND,7436
2276231,104,99,1255,2013.0,18744.0,0.0,0.18186,2.647598,IND,HND,7436
2276232,106,99,1255,2013.0,0.0,1364.0,1.32787,0.394579,IRL,HND,7436
2276233,110,99,1255,2013.0,137000.0,0.0,1.0247629999999999,0.8261639999999999,ISR,HND,7436
2276234,111,99,1255,2013.0,2532012.0,0.0,1.419383,-0.304402,ITA,HND,7436
2276235,114,99,1255,2013.0,231836.0,0.0,2.333417,-0.818701,JPN,HND,7436
2276236,121,99,1255,2013.0,91540.0,0.0,1.817145,0.835414,KOR,HND,7436
2276237,138,99,1255,2013.0,1052353.0,0.0,1.2327219999999999,0.746108,MEX,HND,7436
2276238,160,99,1255,2013.0,2273.0,0.0,-0.7956479999999999,-0.596061,NIC,HND,7436
2276239,162,99,1255,2013.0,133660.0,0.0,1.012006,1.441545,NLD,HND,7436
2276240,169,99,1255,2013.0,143539.0,0.0,0.8719819999999999,1.038982,PAN,HND,7436
2276241,173,99,1255,2013.0,3113.0,0.0,-0.640044,0.121772,PER,HND,7436
2276242,179,99,1255,2013.0,300825.0,0.0,0.705087,2.2055580000000004,PRT,HND,7436
2276243,197,99,1255,2013.0,209870.0,1118.0,0.104046,0.46966,SLV,HND,7436
2276244,208,99,1255,2013.0,6303.0,0.0,1.7851290000000002,0.182623,SWE,HND,7436
2276245,216,99,1255,2013.0,15122.0,0.0,1.067287,1.2767110000000002,THA,HND,7436
2276246,224,99,1255,2013.0,2552.0,0.0,0.580016,2.394812,TUR,HND,7436
2276247,231,99,1255,2013.0,5097589.0,457223.0,1.612058,-0.8592989999999999,USA,HND,7436
2276248,246,99,1255,2013.0,1077.0,0.0,0.11624100000000001,1.574591,ZAF,HND,7436
2276249,249,99,1255,2013.0,27189.0,0.0,1.7382849999999999,0.9917739999999999,TWN,HND,7436
2276250,7,108,1255,2013.0,7078154.0,23833.0,-0.338417,-0.754102,ARE,IRQ,7436
2276251,8,108,1255,2013.0,6860.0,0.0,0.042829,0.461002,ARG,IRQ,7436
2276252,15,108,1255,2013.0,2462414.0,0.0,1.855434,-1.06494,AUT,IRQ,7436
2276253,18,108,1255,2013.0,8124598.0,0.0,1.198491,1.117268,BEL,IRQ,7436
2276254,24,108,1255,2013.0,1931.0,0.0,0.080634,-0.6828890000000001,BHR,IRQ,7436
2276255,39,108,1255,2013.0,9355358.0,0.0,0.599305,1.193591,CAN,IRQ,7436
2276256,41,108,1255,2013.0,9420.0,0.0,2.0899229999999998,0.661667,CHE,IRQ,7436
2276257,43,108,1255,2013.0,52199648.0,1097.0,1.24864,0.667713,CHN,IRQ,7436
2276258,59,108,1255,2013.0,175231.0,0.0,1.829509,-0.41787700000000005,CZE,IRQ,7436
2276259,61,108,1255,2013.0,10916234.0,0.0,2.1086869999999998,-3.7092,DEU,IRQ,7436
2276260,64,108,1255,2013.0,1179512.0,0.0,1.190302,1.062991,DNK,IRQ,7436
2276261,71,108,1255,2013.0,2300786.0,0.0,0.955472,1.80005,ESP,IRQ,7436
2276262,74,108,1255,2013.0,221680.0,0.0,1.700282,0.867677,FIN,IRQ,7436
2276263,77,108,1255,2013.0,2507522.0,0.0,1.5253299999999999,0.026146,FRA,IRQ,7436
2276264,81,108,1255,2013.0,10730475.0,0.0,1.628465,0.77075,GBR,IRQ,7436
2276265,90,108,1255,2013.0,55335.0,0.0,0.073442,0.9857899999999999,GRC,IRQ,7436
2276266,102,108,1255,2013.0,7463.0,0.0,1.6962560000000002,0.45460600000000007,HUN,IRQ,7436
2276267,104,108,1255,2013.0,1229054.0,0.0,0.18186,2.647598,IND,IRQ,7436
2276268,106,108,1255,2013.0,22166.0,0.0,1.32787,0.394579,IRL,IRQ,7436
2276269,107,108,1255,2013.0,3157829.0,31938.0,-0.23625100000000002,-0.256067,IRN,IRQ,7436
2276270,111,108,1255,2013.0,35032740.0,0.0,1.419383,-0.304402,ITA,IRQ,7436
2276271,113,108,1255,2013.0,1940358.0,0.0,0.1888,0.596867,JOR,IRQ,7436
2276272,114,108,1255,2013.0,581408.0,0.0,2.333417,-0.818701,JPN,IRQ,7436
2276273,115,108,1255,2013.0,137835.0,0.0,-0.9193819999999999,-0.734194,KAZ,IRQ,7436
2276274,121,108,1255,2013.0,40556520.0,0.0,1.817145,0.835414,KOR,IRQ,7436
2276275,122,108,1255,2013.0,63920.0,0.0,-1.198985,-1.057248,KWT,IRQ,7436
2276276,124,108,1255,2013.0,1742496.0,0.0,0.37392800000000004,1.413136,LBN,IRQ,7436
2276277,153,108,1255,2013.0,356849.0,0.0,0.924532,0.671334,MYS,IRQ,7436
2276278,162,108,1255,2013.0,5030304.0,0.0,1.012006,1.441545,NLD,IRQ,7436
2276279,168,108,1255,2013.0,87383.0,0.0,-0.697224,0.501576,PAK,IRQ,7436
2276280,177,108,1255,2013.0,9910.0,0.0,1.11341,0.975734,POL,IRQ,7436
2276281,179,108,1255,2013.0,156646.0,0.0,0.705087,2.2055580000000004,PRT,IRQ,7436
2276282,185,108,1255,2013.0,74677.0,0.0,1.05722,1.0968799999999999,ROU,IRQ,7436
2276283,186,108,1255,2013.0,372719.0,0.0,-0.08233,-0.267781,RUS,IRQ,7436
2276284,188,108,1255,2013.0,33333.0,0.0,-0.14823599999999998,-0.883965,SAU,IRQ,7436
2276285,192,108,1255,2013.0,121892.0,0.0,1.844685,0.639379,SGP,IRQ,7436
2276286,206,108,1255,2013.0,116027.0,0.0,1.510052,0.7060310000000001,SVK,IRQ,7436
2276287,208,108,1255,2013.0,101664.0,0.0,1.7851290000000002,0.182623,SWE,IRQ,7436
2276288,216,108,1255,2013.0,29581.0,0.0,1.067287,1.2767110000000002,THA,IRQ,7436
2276289,224,108,1255,2013.0,39374712.0,10873.0,0.580016,2.394812,TUR,IRQ,7436
2276290,228,108,1255,2013.0,121596.0,0.0,0.535571,1.026263,UKR,IRQ,7436
2276291,231,108,1255,2013.0,24583544.0,0.0,1.612058,-0.8592989999999999,USA,IRQ,7436
2276292,249,108,1255,2013.0,857291.0,0.0,1.7382849999999999,0.9917739999999999,TWN,IRQ,7436
2276293,7,109,1255,2013.0,0.0,4988.0,-0.338417,-0.754102,ARE,ISL,7436
2276294,15,109,1255,2013.0,19444.0,0.0,1.855434,-1.06494,AUT,ISL,7436
2276295,18,109,1255,2013.0,630705.0,0.0,1.198491,1.117268,BEL,ISL,7436
2276296,23,109,1255,2013.0,4450.0,0.0,0.622325,1.5506229999999999,BGR,ISL,7436
2276297,26,109,1255,2013.0,3093.0,0.0,0.723658,0.9271879999999999,BIH,ISL,7436
2276298,39,109,1255,2013.0,8767.0,24494.0,0.599305,1.193591,CAN,ISL,7436
2276299,41,109,1255,2013.0,2019.0,0.0,2.0899229999999998,0.661667,CHE,ISL,7436
2276300,42,109,1255,2013.0,0.0,1034.0,-0.184556,-0.238657,CHL,ISL,7436
2276301,43,109,1255,2013.0,72729.0,0.0,1.24864,0.667713,CHN,ISL,7436
2276302,44,109,1255,2013.0,0.0,8603.0,-1.0025870000000001,-0.901658,CIV,ISL,7436
2276303,52,109,1255,2013.0,0.0,1004.0,0.208669,-0.54783,CRI,ISL,7436
2276304,59,109,1255,2013.0,39340.0,0.0,1.829509,-0.41787700000000005,CZE,ISL,7436
2276305,61,109,1255,2013.0,762484.0,6732.0,2.1086869999999998,-3.7092,DEU,ISL,7436
2276306,64,109,1255,2013.0,264540.0,0.0,1.190302,1.062991,DNK,ISL,7436
2276307,71,109,1255,2013.0,18977.0,2684.0,0.955472,1.80005,ESP,ISL,7436
2276308,74,109,1255,2013.0,57559.0,0.0,1.700282,0.867677,FIN,ISL,7436
2276309,77,109,1255,2013.0,154976.0,946165.0,1.5253299999999999,0.026146,FRA,ISL,7436
2276310,78,109,1255,2013.0,24269.0,1525.0,-1.059294,-0.799578,FRO,ISL,7436
2276311,81,109,1255,2013.0,787902.0,5786.0,1.628465,0.77075,GBR,ISL,7436
2276312,92,109,1255,2013.0,0.0,1551.0,-1.119616,-0.802964,GRL,ISL,7436
2276313,102,109,1255,2013.0,39256.0,0.0,1.6962560000000002,0.45460600000000007,HUN,ISL,7436
2276314,103,109,1255,2013.0,0.0,3142.0,-0.006876999999999999,1.8336569999999999,IDN,ISL,7436
2276315,104,109,1255,2013.0,37276.0,1374.0,0.18186,2.647598,IND,ISL,7436
2276316,106,109,1255,2013.0,7047.0,2434.0,1.32787,0.394579,IRL,ISL,7436
2276317,110,109,1255,2013.0,7199.0,0.0,1.0247629999999999,0.8261639999999999,ISR,ISL,7436
2276318,111,109,1255,2013.0,108466.0,0.0,1.419383,-0.304402,ITA,ISL,7436
2276319,114,109,1255,2013.0,313798.0,0.0,2.333417,-0.818701,JPN,ISL,7436
2276320,121,109,1255,2013.0,83467.0,0.0,1.817145,0.835414,KOR,ISL,7436
2276321,130,109,1255,2013.0,1089.0,0.0,0.677986,1.29227,LTU,ISL,7436
2276322,131,109,1255,2013.0,1889.0,0.0,1.0110190000000001,1.123226,LUX,ISL,7436
2276323,138,109,1255,2013.0,1142.0,0.0,1.2327219999999999,0.746108,MEX,ISL,7436
2276324,162,109,1255,2013.0,495200.0,0.0,1.012006,1.441545,NLD,ISL,7436
2276325,163,109,1255,2013.0,612513.0,27238.0,0.710901,0.062705,NOR,ISL,7436
2276326,166,109,1255,2013.0,0.0,2136.0,0.192237,0.429825,NZL,ISL,7436
2276327,177,109,1255,2013.0,41778.0,0.0,1.11341,0.975734,POL,ISL,7436
2276328,179,109,1255,2013.0,34230.0,0.0,0.705087,2.2055580000000004,PRT,ISL,7436
2276329,185,109,1255,2013.0,1947.0,0.0,1.05722,1.0968799999999999,ROU,ISL,7436
2276330,206,109,1255,2013.0,1700.0,67709.0,1.510052,0.7060310000000001,SVK,ISL,7436
2276331,207,109,1255,2013.0,20299.0,0.0,1.55922,0.565874,SVN,ISL,7436
2276332,208,109,1255,2013.0,252733.0,2275.0,1.7851290000000002,0.182623,SWE,ISL,7436
2276333,216,109,1255,2013.0,47640.0,0.0,1.067287,1.2767110000000002,THA,ISL,7436
2276334,223,109,1255,2013.0,4637.0,0.0,0.40154,0.902177,TUN,ISL,7436
2276335,224,109,1255,2013.0,32257.0,0.0,0.580016,2.394812,TUR,ISL,7436
2276336,231,109,1255,2013.0,302667.0,4080.0,1.612058,-0.8592989999999999,USA,ISL,7436
2276337,246,109,1255,2013.0,3367.0,1215.0,0.11624100000000001,1.574591,ZAF,ISL,7436
2276338,249,109,1255,2013.0,7201.0,0.0,1.7382849999999999,0.9917739999999999,TWN,ISL,7436
2276339,2,120,1255,2013.0,0.0,2798.0,-1.240877,-1.073797,AGO,KNA,7436
2276340,61,120,1255,2013.0,3391.0,0.0,2.1086869999999998,-3.7092,DEU,KNA,7436
2276341,74,120,1255,2013.0,16039.0,0.0,1.700282,0.867677,FIN,KNA,7436
2276342,81,120,1255,2013.0,2396.0,0.0,1.628465,0.77075,GBR,KNA,7436
2276343,111,120,1255,2013.0,1913.0,0.0,1.419383,-0.304402,ITA,KNA,7436
2276344,114,120,1255,2013.0,20235.0,0.0,2.333417,-0.818701,JPN,KNA,7436
2276345,162,120,1255,2013.0,36656.0,0.0,1.012006,1.441545,NLD,KNA,7436
2276346,210,120,1255,2013.0,1073.0,0.0,0.619185,-0.36438200000000004,SXM,KNA,7436
2276347,216,120,1255,2013.0,2580.0,0.0,1.067287,1.2767110000000002,THA,KNA,7436
2276348,231,120,1255,2013.0,291315.0,0.0,1.612058,-0.8592989999999999,USA,KNA,7436
2276349,7,125,1255,2013.0,23949.0,0.0,-0.338417,-0.754102,ARE,LBR,7436
2276350,18,125,1255,2013.0,213190.0,0.0,1.198491,1.117268,BEL,LBR,7436
2276351,39,125,1255,2013.0,8745.0,0.0,0.599305,1.193591,CAN,LBR,7436
2276352,42,125,1255,2013.0,19507.0,0.0,-0.184556,-0.238657,CHL,LBR,7436
2276353,43,125,1255,2013.0,1772873.0,0.0,1.24864,0.667713,CHN,LBR,7436
2276354,44,125,1255,2013.0,31887.0,0.0,-1.0025870000000001,-0.901658,CIV,LBR,7436
2276355,61,125,1255,2013.0,53984.0,0.0,2.1086869999999998,-3.7092,DEU,LBR,7436
2276356,64,125,1255,2013.0,8196.0,0.0,1.190302,1.062991,DNK,LBR,7436
2276357,71,125,1255,2013.0,14464.0,0.0,0.955472,1.80005,ESP,LBR,7436
2276358,72,125,1255,2013.0,1674.0,0.0,0.923321,1.290016,EST,LBR,7436
2276359,77,125,1255,2013.0,48165.0,0.0,1.5253299999999999,0.026146,FRA,LBR,7436
2276360,81,125,1255,2013.0,303451.0,0.0,1.628465,0.77075,GBR,LBR,7436
2276361,83,125,1255,2013.0,5612.0,8808.0,-0.696971,-0.5807939999999999,GHA,LBR,7436
2276362,104,125,1255,2013.0,826821.0,0.0,0.18186,2.647598,IND,LBR,7436
2276363,110,125,1255,2013.0,3000.0,0.0,1.0247629999999999,0.8261639999999999,ISR,LBR,7436
2276364,111,125,1255,2013.0,24112.0,0.0,1.419383,-0.304402,ITA,LBR,7436
2276365,114,125,1255,2013.0,13700.0,0.0,2.333417,-0.818701,JPN,LBR,7436
2276366,124,125,1255,2013.0,107884.0,0.0,0.37392800000000004,1.413136,LBN,LBR,7436
2276367,132,125,1255,2013.0,3457.0,0.0,0.652463,1.299917,LVA,LBR,7436
2276368,134,125,1255,2013.0,6006.0,0.0,-0.474872,0.178118,MAR,LBR,7436
2276369,148,125,1255,2013.0,0.0,31341.0,-1.681152,-1.2712350000000001,MRT,LBR,7436
2276370,162,125,1255,2013.0,14147.0,0.0,1.012006,1.441545,NLD,LBR,7436
2276371,163,125,1255,2013.0,87824.0,0.0,0.710901,0.062705,NOR,LBR,7436
2276372,192,125,1255,2013.0,0.0,7334.0,1.844685,0.639379,SGP,LBR,7436
2276373,208,125,1255,2013.0,40757.0,0.0,1.7851290000000002,0.182623,SWE,LBR,7436
2276374,224,125,1255,2013.0,163006.0,0.0,0.580016,2.394812,TUR,LBR,7436
2276375,228,125,1255,2013.0,1968.0,0.0,0.535571,1.026263,UKR,LBR,7436
2276376,231,125,1255,2013.0,259594.0,7409.0,1.612058,-0.8592989999999999,USA,LBR,7436
2276377,246,125,1255,2013.0,6040.0,0.0,0.11624100000000001,1.574591,ZAF,LBR,7436
2276378,2,133,1255,2013.0,0.0,1084.0,-1.240877,-1.073797,AGO,MAC,7436
2276379,18,133,1255,2013.0,1919.0,0.0,1.198491,1.117268,BEL,MAC,7436
2276380,39,133,1255,2013.0,10254.0,4245.0,0.599305,1.193591,CAN,MAC,7436
2276381,43,133,1255,2013.0,2447757.0,0.0,1.24864,0.667713,CHN,MAC,7436
2276382,61,133,1255,2013.0,297976.0,110342.0,2.1086869999999998,-3.7092,DEU,MAC,7436
2276383,64,133,1255,2013.0,9200.0,0.0,1.190302,1.062991,DNK,MAC,7436
2276384,71,133,1255,2013.0,0.0,1024.0,0.955472,1.80005,ESP,MAC,7436
2276385,81,133,1255,2013.0,31573.0,0.0,1.628465,0.77075,GBR,MAC,7436
2276386,97,133,1255,2013.0,2672604.0,35049.0,0.791401,1.249845,HKG,MAC,7436
2276387,111,133,1255,2013.0,16362.0,0.0,1.419383,-0.304402,ITA,MAC,7436
2276388,114,133,1255,2013.0,21723.0,0.0,2.333417,-0.818701,JPN,MAC,7436
2276389,121,133,1255,2013.0,4504.0,0.0,1.817145,0.835414,KOR,MAC,7436
2276390,138,133,1255,2013.0,0.0,12965.0,1.2327219999999999,0.746108,MEX,MAC,7436
2276391,153,133,1255,2013.0,0.0,9147.0,0.924532,0.671334,MYS,MAC,7436
2276392,192,133,1255,2013.0,26242.0,0.0,1.844685,0.639379,SGP,MAC,7436
2276393,208,133,1255,2013.0,2466.0,0.0,1.7851290000000002,0.182623,SWE,MAC,7436
2276394,231,133,1255,2013.0,308391.0,0.0,1.612058,-0.8592989999999999,USA,MAC,7436
2276395,249,133,1255,2013.0,35827.0,0.0,1.7382849999999999,0.9917739999999999,TWN,MAC,7436
2276396,2,134,1255,2013.0,0.0,380300.0,-1.240877,-1.073797,AGO,MAR,7436
2276397,7,134,1255,2013.0,9503.0,33053.0,-0.338417,-0.754102,ARE,MAR,7436
2276398,8,134,1255,2013.0,11437.0,0.0,0.042829,0.461002,ARG,MAR,7436
2276399,14,134,1255,2013.0,8745.0,22968.0,-0.63369,-0.276328,AUS,MAR,7436
2276400,15,134,1255,2013.0,406851.0,0.0,1.855434,-1.06494,AUT,MAR,7436
2276401,18,134,1255,2013.0,14890523.0,1072074.0,1.198491,1.117268,BEL,MAR,7436
2276402,19,134,1255,2013.0,0.0,33402.0,-0.924213,-0.8181390000000001,BEN,MAR,7436
2276403,21,134,1255,2013.0,0.0,25464.0,-0.7231029999999999,-0.736291,BFA,MAR,7436
2276404,23,134,1255,2013.0,270820.0,0.0,0.622325,1.5506229999999999,BGR,MAR,7436
2276405,24,134,1255,2013.0,0.0,13108.0,0.080634,-0.6828890000000001,BHR,MAR,7436
2276406,26,134,1255,2013.0,8591.0,0.0,0.723658,0.9271879999999999,BIH,MAR,7436
2276407,28,134,1255,2013.0,0.0,3555.0,1.183522,0.934159,BLR,MAR,7436
2276408,32,134,1255,2013.0,322424.0,2068.0,0.2804,0.649729,BRA,MAR,7436
2276409,39,134,1255,2013.0,3061771.0,300370.0,0.599305,1.193591,CAN,MAR,7436
2276410,41,134,1255,2013.0,37243.0,139917.0,2.0899229999999998,0.661667,CHE,MAR,7436
2276411,43,134,1255,2013.0,5118892.0,1618.0,1.24864,0.667713,CHN,MAR,7436
2276412,44,134,1255,2013.0,0.0,84422.0,-1.0025870000000001,-0.901658,CIV,MAR,7436
2276413,45,134,1255,2013.0,0.0,97685.0,-0.93575,-1.003851,CMR,MAR,7436
2276414,47,134,1255,2013.0,0.0,25855.0,-1.478461,-1.094509,COG,MAR,7436
2276415,51,134,1255,2013.0,0.0,1897.0,-0.28793,-0.5938319999999999,CPV,MAR,7436
2276416,58,134,1255,2013.0,24967.0,0.0,0.36482800000000004,0.527544,CYP,MAR,7436
2276417,59,134,1255,2013.0,721288.0,45903.0,1.829509,-0.41787700000000005,CZE,MAR,7436
2276418,61,134,1255,2013.0,16603525.0,766038.0,2.1086869999999998,-3.7092,DEU,MAR,7436
2276419,62,134,1255,2013.0,0.0,181702.0,-0.35226399999999997,-0.542234,DJI,MAR,7436
2276420,64,134,1255,2013.0,191173.0,0.0,1.190302,1.062991,DNK,MAR,7436
2276421,66,134,1255,2013.0,0.0,179296.0,-1.53603,-1.104965,DZA,MAR,7436
2276422,68,134,1255,2013.0,464749.0,7183.0,-0.12015799999999999,1.793363,EGY,MAR,7436
2276423,71,134,1255,2013.0,14749699.0,23009.0,0.955472,1.80005,ESP,MAR,7436
2276424,72,134,1255,2013.0,47425.0,0.0,0.923321,1.290016,EST,MAR,7436
2276425,74,134,1255,2013.0,31350.0,10645.0,1.700282,0.867677,FIN,MAR,7436
2276426,77,134,1255,2013.0,21356510.0,275329.0,1.5253299999999999,0.026146,FRA,MAR,7436
2276427,80,134,1255,2013.0,0.0,41361.0,-1.652062,-1.140576,GAB,MAR,7436
2276428,81,134,1255,2013.0,1426583.0,709613.0,1.628465,0.77075,GBR,MAR,7436
2276429,85,134,1255,2013.0,0.0,1008.0,-1.281072,-1.027585,GIN,MAR,7436
2276430,89,134,1255,2013.0,0.0,324060.0,-1.7984200000000001,-0.678832,GNQ,MAR,7436
2276431,90,134,1255,2013.0,6317.0,0.0,0.073442,0.9857899999999999,GRC,MAR,7436
2276432,97,134,1255,2013.0,7394.0,0.0,0.791401,1.249845,HKG,MAR,7436
2276433,100,134,1255,2013.0,42107.0,0.0,0.8737309999999999,1.276091,HRV,MAR,7436
2276434,102,134,1255,2013.0,22315.0,0.0,1.6962560000000002,0.45460600000000007,HUN,MAR,7436
2276435,103,134,1255,2013.0,47808.0,0.0,-0.006876999999999999,1.8336569999999999,IDN,MAR,7436
2276436,104,134,1255,2013.0,498110.0,0.0,0.18186,2.647598,IND,MAR,7436
2276437,106,134,1255,2013.0,14761.0,0.0,1.32787,0.394579,IRL,MAR,7436
2276438,110,134,1255,2013.0,5000.0,0.0,1.0247629999999999,0.8261639999999999,ISR,MAR,7436
2276439,111,134,1255,2013.0,4972678.0,331805.0,1.419383,-0.304402,ITA,MAR,7436
2276440,114,134,1255,2013.0,1913930.0,0.0,2.333417,-0.818701,JPN,MAR,7436
2276441,115,134,1255,2013.0,0.0,19754.0,-0.9193819999999999,-0.734194,KAZ,MAR,7436
2276442,121,134,1255,2013.0,4320006.0,0.0,1.817145,0.835414,KOR,MAR,7436
2276443,122,134,1255,2013.0,158125.0,48866.0,-1.198985,-1.057248,KWT,MAR,7436
2276444,124,134,1255,2013.0,1268.0,1446.0,0.37392800000000004,1.413136,LBN,MAR,7436
2276445,125,134,1255,2013.0,0.0,6006.0,-0.8343229999999999,-0.992129,LBR,MAR,7436
2276446,130,134,1255,2013.0,226685.0,15054.0,0.677986,1.29227,LTU,MAR,7436
2276447,131,134,1255,2013.0,14505.0,0.0,1.0110190000000001,1.123226,LUX,MAR,7436
2276448,132,134,1255,2013.0,6867.0,0.0,0.652463,1.299917,LVA,MAR,7436
2276449,136,134,1255,2013.0,0.0,1478.0,-0.786091,-0.611478,MDG,MAR,7436
2276450,138,134,1255,2013.0,241379.0,10471.0,1.2327219999999999,0.746108,MEX,MAR,7436
2276451,141,134,1255,2013.0,0.0,42451.0,-1.046677,-0.980809,MLI,MAR,7436
2276452,148,134,1255,2013.0,0.0,392562.0,-1.681152,-1.2712350000000001,MRT,MAR,7436
2276453,153,134,1255,2013.0,78236.0,0.0,0.924532,0.671334,MYS,MAR,7436
2276454,157,134,1255,2013.0,0.0,2552.0,-1.0008350000000001,-0.8325670000000001,NER,MAR,7436
2276455,162,134,1255,2013.0,276889.0,0.0,1.012006,1.441545,NLD,MAR,7436
2276456,163,134,1255,2013.0,14493.0,0.0,0.710901,0.062705,NOR,MAR,7436
2276457,167,134,1255,2013.0,124367.0,0.0,-0.698693,-1.030814,OMN,MAR,7436
2276458,173,134,1255,2013.0,0.0,7329.0,-0.640044,0.121772,PER,MAR,7436
2276459,174,134,1255,2013.0,22479.0,0.0,0.639083,0.45816899999999994,PHL,MAR,7436
2276460,177,134,1255,2013.0,383631.0,33686.0,1.11341,0.975734,POL,MAR,7436
2276461,179,134,1255,2013.0,2281436.0,84719.0,0.705087,2.2055580000000004,PRT,MAR,7436
2276462,183,134,1255,2013.0,0.0,4997.0,-0.583609,-1.003754,QAT,MAR,7436
2276463,185,134,1255,2013.0,926750.0,0.0,1.05722,1.0968799999999999,ROU,MAR,7436
2276464,186,134,1255,2013.0,0.0,16482.0,-0.08233,-0.267781,RUS,MAR,7436
2276465,188,134,1255,2013.0,180772.0,617708.0,-0.14823599999999998,-0.883965,SAU,MAR,7436
2276466,190,134,1255,2013.0,0.0,4558.0,-1.224897,-1.059517,SDN,MAR,7436
2276467,191,134,1255,2013.0,0.0,44680.0,-0.566624,-0.185277,SEN,MAR,7436
2276468,192,134,1255,2013.0,56676.0,0.0,1.844685,0.639379,SGP,MAR,7436
2276469,201,134,1255,2013.0,0.0,3094.0,0.609755,1.355304,SRB,MAR,7436
2276470,206,134,1255,2013.0,38141.0,0.0,1.510052,0.7060310000000001,SVK,MAR,7436
2276471,207,134,1255,2013.0,17895.0,0.0,1.55922,0.565874,SVN,MAR,7436
2276472,208,134,1255,2013.0,373209.0,5711.0,1.7851290000000002,0.182623,SWE,MAR,7436
2276473,216,134,1255,2013.0,413101.0,0.0,1.067287,1.2767110000000002,THA,MAR,7436
2276474,223,134,1255,2013.0,2392208.0,364390.0,0.40154,0.902177,TUN,MAR,7436
2276475,224,134,1255,2013.0,2791483.0,80464.0,0.580016,2.394812,TUR,MAR,7436
2276476,228,134,1255,2013.0,14752.0,2318.0,0.535571,1.026263,UKR,MAR,7436
2276477,231,134,1255,2013.0,3146768.0,2071226.0,1.612058,-0.8592989999999999,USA,MAR,7436
2276478,239,134,1255,2013.0,1299.0,0.0,0.009264,1.182368,VNM,MAR,7436
2276479,246,134,1255,2013.0,47549.0,303828.0,0.11624100000000001,1.574591,ZAF,MAR,7436
2276480,249,134,1255,2013.0,562397.0,0.0,1.7382849999999999,0.9917739999999999,TWN,MAR,7436
2276481,7,136,1255,2013.0,48569.0,0.0,-0.338417,-0.754102,ARE,MDG,7436
2276482,8,136,1255,2013.0,3311.0,0.0,0.042829,0.461002,ARG,MDG,7436
2276483,14,136,1255,2013.0,239540.0,1552.0,-0.63369,-0.276328,AUS,MDG,7436
2276484,15,136,1255,2013.0,5694.0,0.0,1.855434,-1.06494,AUT,MDG,7436
2276485,18,136,1255,2013.0,343441.0,0.0,1.198491,1.117268,BEL,MDG,7436
2276486,23,136,1255,2013.0,26271.0,0.0,0.622325,1.5506229999999999,BGR,MDG,7436
2276487,32,136,1255,2013.0,1806.0,0.0,0.2804,0.649729,BRA,MDG,7436
2276488,39,136,1255,2013.0,99841.0,0.0,0.599305,1.193591,CAN,MDG,7436
2276489,41,136,1255,2013.0,72037.0,0.0,2.0899229999999998,0.661667,CHE,MDG,7436
2276490,43,136,1255,2013.0,757694.0,0.0,1.24864,0.667713,CHN,MDG,7436
2276491,50,136,1255,2013.0,0.0,34753.0,-0.36952399999999996,-0.6802739999999999,COM,MDG,7436
2276492,59,136,1255,2013.0,64299.0,0.0,1.829509,-0.41787700000000005,CZE,MDG,7436
2276493,61,136,1255,2013.0,204254.0,13321.0,2.1086869999999998,-3.7092,DEU,MDG,7436
2276494,71,136,1255,2013.0,61398.0,0.0,0.955472,1.80005,ESP,MDG,7436
2276495,72,136,1255,2013.0,21972.0,0.0,0.923321,1.290016,EST,MDG,7436
2276496,74,136,1255,2013.0,2271.0,0.0,1.700282,0.867677,FIN,MDG,7436
2276497,77,136,1255,2013.0,1822372.0,0.0,1.5253299999999999,0.026146,FRA,MDG,7436
2276498,81,136,1255,2013.0,63495.0,0.0,1.628465,0.77075,GBR,MDG,7436
2276499,90,136,1255,2013.0,2875.0,0.0,0.073442,0.9857899999999999,GRC,MDG,7436
2276500,97,136,1255,2013.0,3213.0,0.0,0.791401,1.249845,HKG,MDG,7436
2276501,103,136,1255,2013.0,15947.0,0.0,-0.006876999999999999,1.8336569999999999,IDN,MDG,7436
2276502,104,136,1255,2013.0,90123.0,0.0,0.18186,2.647598,IND,MDG,7436
2276503,110,136,1255,2013.0,7544.0,0.0,1.0247629999999999,0.8261639999999999,ISR,MDG,7436
2276504,111,136,1255,2013.0,93208.0,0.0,1.419383,-0.304402,ITA,MDG,7436
2276505,114,136,1255,2013.0,95420.0,0.0,2.333417,-0.818701,JPN,MDG,7436
2276506,121,136,1255,2013.0,30493.0,0.0,1.817145,0.835414,KOR,MDG,7436
2276507,134,136,1255,2013.0,1478.0,0.0,-0.474872,0.178118,MAR,MDG,7436
2276508,138,136,1255,2013.0,27877.0,0.0,1.2327219999999999,0.746108,MEX,MDG,7436
2276509,151,136,1255,2013.0,45303.0,0.0,-0.092312,0.050927,MUS,MDG,7436
2276510,153,136,1255,2013.0,103975.0,0.0,0.924532,0.671334,MYS,MDG,7436
2276511,162,136,1255,2013.0,53576.0,0.0,1.012006,1.441545,NLD,MDG,7436
2276512,163,136,1255,2013.0,3450.0,0.0,0.710901,0.062705,NOR,MDG,7436
2276513,168,136,1255,2013.0,4219.0,0.0,-0.697224,0.501576,PAK,MDG,7436
2276514,177,136,1255,2013.0,1523.0,0.0,1.11341,0.975734,POL,MDG,7436
2276515,188,136,1255,2013.0,18123.0,1649.0,-0.14823599999999998,-0.883965,SAU,MDG,7436
2276516,192,136,1255,2013.0,3589.0,0.0,1.844685,0.639379,SGP,MDG,7436
2276517,206,136,1255,2013.0,1049.0,0.0,1.510052,0.7060310000000001,SVK,MDG,7436
2276518,208,136,1255,2013.0,40672.0,0.0,1.7851290000000002,0.182623,SWE,MDG,7436
2276519,216,136,1255,2013.0,62367.0,0.0,1.067287,1.2767110000000002,THA,MDG,7436
2276520,223,136,1255,2013.0,21306.0,0.0,0.40154,0.902177,TUN,MDG,7436
2276521,224,136,1255,2013.0,38862.0,0.0,0.580016,2.394812,TUR,MDG,7436
2276522,231,136,1255,2013.0,318240.0,0.0,1.612058,-0.8592989999999999,USA,MDG,7436
2276523,246,136,1255,2013.0,726759.0,0.0,0.11624100000000001,1.574591,ZAF,MDG,7436
2276524,249,136,1255,2013.0,2734.0,0.0,1.7382849999999999,0.9917739999999999,TWN,MDG,7436
2276525,250,136,1255,2013.0,727181.0,107299.0,0.583151,0.14238299999999998,ANS,MDG,7436
2276526,2,142,1255,2013.0,0.0,53491.0,-1.240877,-1.073797,AGO,MLT,7436
2276527,7,142,1255,2013.0,3586.0,1325.0,-0.338417,-0.754102,ARE,MLT,7436
2276528,14,142,1255,2013.0,1211.0,184922.0,-0.63369,-0.276328,AUS,MLT,7436
2276529,15,142,1255,2013.0,38933.0,0.0,1.855434,-1.06494,AUT,MLT,7436
2276530,18,142,1255,2013.0,356140.0,12059.0,1.198491,1.117268,BEL,MLT,7436
2276531,23,142,1255,2013.0,35134.0,1183.0,0.622325,1.5506229999999999,BGR,MLT,7436
2276532,39,142,1255,2013.0,6350.0,0.0,0.599305,1.193591,CAN,MLT,7436
2276533,41,142,1255,2013.0,70675.0,4382.0,2.0899229999999998,0.661667,CHE,MLT,7436
2276534,42,142,1255,2013.0,0.0,1710.0,-0.184556,-0.238657,CHL,MLT,7436
2276535,43,142,1255,2013.0,271863.0,0.0,1.24864,0.667713,CHN,MLT,7436
2276536,44,142,1255,2013.0,49362.0,0.0,-1.0025870000000001,-0.901658,CIV,MLT,7436
2276537,58,142,1255,2013.0,7104.0,0.0,0.36482800000000004,0.527544,CYP,MLT,7436
2276538,59,142,1255,2013.0,20821.0,14179.0,1.829509,-0.41787700000000005,CZE,MLT,7436
2276539,61,142,1255,2013.0,2422353.0,176128.0,2.1086869999999998,-3.7092,DEU,MLT,7436
2276540,64,142,1255,2013.0,124085.0,0.0,1.190302,1.062991,DNK,MLT,7436
2276541,71,142,1255,2013.0,61417.0,17530.0,0.955472,1.80005,ESP,MLT,7436
2276542,74,142,1255,2013.0,13045.0,0.0,1.700282,0.867677,FIN,MLT,7436
2276543,77,142,1255,2013.0,344252.0,7519.0,1.5253299999999999,0.026146,FRA,MLT,7436
2276544,81,142,1255,2013.0,682679.0,2260220.0,1.628465,0.77075,GBR,MLT,7436
2276545,84,142,1255,2013.0,19359.0,0.0,0.348423,-0.521683,GIB,MLT,7436
2276546,90,142,1255,2013.0,22342.0,41195.0,0.073442,0.9857899999999999,GRC,MLT,7436
2276547,97,142,1255,2013.0,1196.0,0.0,0.791401,1.249845,HKG,MLT,7436
2276548,100,142,1255,2013.0,0.0,1943.0,0.8737309999999999,1.276091,HRV,MLT,7436
2276549,102,142,1255,2013.0,0.0,14109.0,1.6962560000000002,0.45460600000000007,HUN,MLT,7436
2276550,103,142,1255,2013.0,1898.0,0.0,-0.006876999999999999,1.8336569999999999,IDN,MLT,7436
2276551,104,142,1255,2013.0,5985.0,0.0,0.18186,2.647598,IND,MLT,7436
2276552,106,142,1255,2013.0,24987.0,60883.0,1.32787,0.394579,IRL,MLT,7436
2276553,110,142,1255,2013.0,0.0,33026.0,1.0247629999999999,0.8261639999999999,ISR,MLT,7436
2276554,111,142,1255,2013.0,2082171.0,435508.0,1.419383,-0.304402,ITA,MLT,7436
2276555,114,142,1255,2013.0,14352.0,0.0,2.333417,-0.818701,JPN,MLT,7436
2276556,121,142,1255,2013.0,11230.0,0.0,1.817145,0.835414,KOR,MLT,7436
2276557,122,142,1255,2013.0,0.0,15522.0,-1.198985,-1.057248,KWT,MLT,7436
2276558,126,142,1255,2013.0,0.0,393652.0,-1.871593,-1.1211790000000001,LBY,MLT,7436
2276559,130,142,1255,2013.0,0.0,99912.0,0.677986,1.29227,LTU,MLT,7436
2276560,138,142,1255,2013.0,0.0,139515.0,1.2327219999999999,0.746108,MEX,MLT,7436
2276561,151,142,1255,2013.0,0.0,1094.0,-0.092312,0.050927,MUS,MLT,7436
2276562,153,142,1255,2013.0,297570.0,0.0,0.924532,0.671334,MYS,MLT,7436
2276563,157,142,1255,2013.0,0.0,1013.0,-1.0008350000000001,-0.8325670000000001,NER,MLT,7436
2276564,162,142,1255,2013.0,267225.0,0.0,1.012006,1.441545,NLD,MLT,7436
2276565,163,142,1255,2013.0,6324.0,0.0,0.710901,0.062705,NOR,MLT,7436
2276566,177,142,1255,2013.0,103129.0,0.0,1.11341,0.975734,POL,MLT,7436
2276567,179,142,1255,2013.0,3539.0,0.0,0.705087,2.2055580000000004,PRT,MLT,7436
2276568,183,142,1255,2013.0,0.0,1637.0,-0.583609,-1.003754,QAT,MLT,7436
2276569,185,142,1255,2013.0,6825.0,0.0,1.05722,1.0968799999999999,ROU,MLT,7436
2276570,186,142,1255,2013.0,0.0,47762.0,-0.08233,-0.267781,RUS,MLT,7436
2276571,188,142,1255,2013.0,245084.0,23552.0,-0.14823599999999998,-0.883965,SAU,MLT,7436
2276572,191,142,1255,2013.0,3794.0,0.0,-0.566624,-0.185277,SEN,MLT,7436
2276573,192,142,1255,2013.0,13081.0,0.0,1.844685,0.639379,SGP,MLT,7436
2276574,206,142,1255,2013.0,0.0,1799.0,1.510052,0.7060310000000001,SVK,MLT,7436
2276575,208,142,1255,2013.0,254098.0,2991.0,1.7851290000000002,0.182623,SWE,MLT,7436
2276576,216,142,1255,2013.0,103649.0,5728.0,1.067287,1.2767110000000002,THA,MLT,7436
2276577,224,142,1255,2013.0,50117.0,28286.0,0.580016,2.394812,TUR,MLT,7436
2276578,228,142,1255,2013.0,1674.0,11884.0,0.535571,1.026263,UKR,MLT,7436
2276579,231,142,1255,2013.0,712780.0,32321.0,1.612058,-0.8592989999999999,USA,MLT,7436
2276580,246,142,1255,2013.0,1254.0,0.0,0.11624100000000001,1.574591,ZAF,MLT,7436
2276581,249,142,1255,2013.0,32947.0,0.0,1.7382849999999999,0.9917739999999999,TWN,MLT,7436
2276582,250,142,1255,2013.0,5599.0,0.0,0.583151,0.14238299999999998,ANS,MLT,7436
2276583,7,143,1255,2013.0,19230.0,0.0,-0.338417,-0.754102,ARE,MMR,7436
2276584,14,143,1255,2013.0,111284.0,0.0,-0.63369,-0.276328,AUS,MMR,7436
2276585,18,143,1255,2013.0,5097.0,0.0,1.198491,1.117268,BEL,MMR,7436
2276586,39,143,1255,2013.0,3937.0,0.0,0.599305,1.193591,CAN,MMR,7436
2276587,41,143,1255,2013.0,3885.0,0.0,2.0899229999999998,0.661667,CHE,MMR,7436
2276588,43,143,1255,2013.0,13748624.0,0.0,1.24864,0.667713,CHN,MMR,7436
2276589,61,143,1255,2013.0,254979.0,0.0,2.1086869999999998,-3.7092,DEU,MMR,7436
2276590,64,143,1255,2013.0,3438.0,0.0,1.190302,1.062991,DNK,MMR,7436
2276591,74,143,1255,2013.0,306430.0,0.0,1.700282,0.867677,FIN,MMR,7436
2276592,77,143,1255,2013.0,18211.0,0.0,1.5253299999999999,0.026146,FRA,MMR,7436
2276593,81,143,1255,2013.0,592194.0,0.0,1.628465,0.77075,GBR,MMR,7436
2276594,82,143,1255,2013.0,4385832.0,0.0,-0.08343099999999999,-0.359692,GEO,MMR,7436
2276595,97,143,1255,2013.0,999856.0,0.0,0.791401,1.249845,HKG,MMR,7436
2276596,103,143,1255,2013.0,1197784.0,0.0,-0.006876999999999999,1.8336569999999999,IDN,MMR,7436
2276597,104,143,1255,2013.0,185234.0,0.0,0.18186,2.647598,IND,MMR,7436
2276598,110,143,1255,2013.0,18814.0,0.0,1.0247629999999999,0.8261639999999999,ISR,MMR,7436
2276599,111,143,1255,2013.0,542898.0,0.0,1.419383,-0.304402,ITA,MMR,7436
2276600,114,143,1255,2013.0,638523.0,0.0,2.333417,-0.818701,JPN,MMR,7436
2276601,121,143,1255,2013.0,338494.0,0.0,1.817145,0.835414,KOR,MMR,7436
2276602,153,143,1255,2013.0,2054034.0,0.0,0.924532,0.671334,MYS,MMR,7436
2276603,163,143,1255,2013.0,8106.0,0.0,0.710901,0.062705,NOR,MMR,7436
2276604,186,143,1255,2013.0,207117.0,0.0,-0.08233,-0.267781,RUS,MMR,7436
2276605,192,143,1255,2013.0,2196083.0,13008.0,1.844685,0.639379,SGP,MMR,7436
2276606,206,143,1255,2013.0,260866.0,0.0,1.510052,0.7060310000000001,SVK,MMR,7436
2276607,208,143,1255,2013.0,23571.0,0.0,1.7851290000000002,0.182623,SWE,MMR,7436
2276608,216,143,1255,2013.0,3187232.0,0.0,1.067287,1.2767110000000002,THA,MMR,7436
2276609,224,143,1255,2013.0,4535.0,0.0,0.580016,2.394812,TUR,MMR,7436
2276610,231,143,1255,2013.0,1462429.0,0.0,1.612058,-0.8592989999999999,USA,MMR,7436
2276611,239,143,1255,2013.0,80563.0,0.0,0.009264,1.182368,VNM,MMR,7436
2276612,249,143,1255,2013.0,708328.0,0.0,1.7382849999999999,0.9917739999999999,TWN,MMR,7436
2276613,7,145,1255,2013.0,0.0,2034.0,-0.338417,-0.754102,ARE,MNG,7436
2276614,8,145,1255,2013.0,1228.0,0.0,0.042829,0.461002,ARG,MNG,7436
2276615,14,145,1255,2013.0,92998.0,0.0,-0.63369,-0.276328,AUS,MNG,7436
2276616,15,145,1255,2013.0,5289286.0,0.0,1.855434,-1.06494,AUT,MNG,7436
2276617,18,145,1255,2013.0,74041.0,0.0,1.198491,1.117268,BEL,MNG,7436
2276618,28,145,1255,2013.0,69786.0,0.0,1.183522,0.934159,BLR,MNG,7436
2276619,39,145,1255,2013.0,47348.0,0.0,0.599305,1.193591,CAN,MNG,7436
2276620,41,145,1255,2013.0,22892.0,0.0,2.0899229999999998,0.661667,CHE,MNG,7436
2276621,43,145,1255,2013.0,11078142.0,0.0,1.24864,0.667713,CHN,MNG,7436
2276622,59,145,1255,2013.0,452682.0,0.0,1.829509,-0.41787700000000005,CZE,MNG,7436
2276623,61,145,1255,2013.0,1908856.0,3060.0,2.1086869999999998,-3.7092,DEU,MNG,7436
2276624,64,145,1255,2013.0,615628.0,0.0,1.190302,1.062991,DNK,MNG,7436
2276625,71,145,1255,2013.0,3977.0,0.0,0.955472,1.80005,ESP,MNG,7436
2276626,74,145,1255,2013.0,78664.0,0.0,1.700282,0.867677,FIN,MNG,7436
2276627,77,145,1255,2013.0,433589.0,0.0,1.5253299999999999,0.026146,FRA,MNG,7436
2276628,81,145,1255,2013.0,1300388.0,0.0,1.628465,0.77075,GBR,MNG,7436
2276629,97,145,1255,2013.0,46661.0,0.0,0.791401,1.249845,HKG,MNG,7436
2276630,102,145,1255,2013.0,5797.0,0.0,1.6962560000000002,0.45460600000000007,HUN,MNG,7436
2276631,103,145,1255,2013.0,64597.0,0.0,-0.006876999999999999,1.8336569999999999,IDN,MNG,7436
2276632,104,145,1255,2013.0,43485.0,0.0,0.18186,2.647598,IND,MNG,7436
2276633,106,145,1255,2013.0,3117.0,0.0,1.32787,0.394579,IRL,MNG,7436
2276634,110,145,1255,2013.0,7684.0,0.0,1.0247629999999999,0.8261639999999999,ISR,MNG,7436
2276635,111,145,1255,2013.0,202693.0,0.0,1.419383,-0.304402,ITA,MNG,7436
2276636,114,145,1255,2013.0,768125.0,0.0,2.333417,-0.818701,JPN,MNG,7436
2276637,121,145,1255,2013.0,1115380.0,0.0,1.817145,0.835414,KOR,MNG,7436
2276638,130,145,1255,2013.0,11113.0,0.0,0.677986,1.29227,LTU,MNG,7436
2276639,138,145,1255,2013.0,85306.0,0.0,1.2327219999999999,0.746108,MEX,MNG,7436
2276640,153,145,1255,2013.0,13562.0,0.0,0.924532,0.671334,MYS,MNG,7436
2276641,162,145,1255,2013.0,54449.0,0.0,1.012006,1.441545,NLD,MNG,7436
2276642,166,145,1255,2013.0,13608.0,0.0,0.192237,0.429825,NZL,MNG,7436
2276643,174,145,1255,2013.0,91703.0,1055.0,0.639083,0.45816899999999994,PHL,MNG,7436
2276644,177,145,1255,2013.0,41067.0,0.0,1.11341,0.975734,POL,MNG,7436
2276645,185,145,1255,2013.0,8241.0,0.0,1.05722,1.0968799999999999,ROU,MNG,7436
2276646,186,145,1255,2013.0,519352.0,0.0,-0.08233,-0.267781,RUS,MNG,7436
2276647,192,145,1255,2013.0,29811.0,5311.0,1.844685,0.639379,SGP,MNG,7436
2276648,208,145,1255,2013.0,236679.0,0.0,1.7851290000000002,0.182623,SWE,MNG,7436
2276649,216,145,1255,2013.0,5210.0,0.0,1.067287,1.2767110000000002,THA,MNG,7436
2276650,224,145,1255,2013.0,58244.0,0.0,0.580016,2.394812,TUR,MNG,7436
2276651,228,145,1255,2013.0,1632.0,0.0,0.535571,1.026263,UKR,MNG,7436
2276652,231,145,1255,2013.0,463829.0,0.0,1.612058,-0.8592989999999999,USA,MNG,7436
2276653,246,145,1255,2013.0,6699.0,0.0,0.11624100000000001,1.574591,ZAF,MNG,7436
2276654,249,145,1255,2013.0,4892.0,0.0,1.7382849999999999,0.9917739999999999,TWN,MNG,7436
2276655,2,151,1255,2013.0,0.0,4691.0,-1.240877,-1.073797,AGO,MUS,7436
2276656,7,151,1255,2013.0,7772.0,0.0,-0.338417,-0.754102,ARE,MUS,7436
2276657,14,151,1255,2013.0,66890.0,3446.0,-0.63369,-0.276328,AUS,MUS,7436
2276658,15,151,1255,2013.0,23558.0,0.0,1.855434,-1.06494,AUT,MUS,7436
2276659,18,151,1255,2013.0,319088.0,9051.0,1.198491,1.117268,BEL,MUS,7436
2276660,32,151,1255,2013.0,15197.0,0.0,0.2804,0.649729,BRA,MUS,7436
2276661,41,151,1255,2013.0,61621.0,0.0,2.0899229999999998,0.661667,CHE,MUS,7436
2276662,43,151,1255,2013.0,901723.0,0.0,1.24864,0.667713,CHN,MUS,7436
2276663,44,151,1255,2013.0,0.0,10933.0,-1.0025870000000001,-0.901658,CIV,MUS,7436
2276664,58,151,1255,2013.0,51074.0,0.0,0.36482800000000004,0.527544,CYP,MUS,7436
2276665,59,151,1255,2013.0,104892.0,0.0,1.829509,-0.41787700000000005,CZE,MUS,7436
2276666,61,151,1255,2013.0,704130.0,36876.0,2.1086869999999998,-3.7092,DEU,MUS,7436
2276667,64,151,1255,2013.0,10266.0,0.0,1.190302,1.062991,DNK,MUS,7436
2276668,71,151,1255,2013.0,157104.0,8499.0,0.955472,1.80005,ESP,MUS,7436
2276669,74,151,1255,2013.0,3311.0,0.0,1.700282,0.867677,FIN,MUS,7436
2276670,77,151,1255,2013.0,1028892.0,34482.0,1.5253299999999999,0.026146,FRA,MUS,7436
2276671,81,151,1255,2013.0,120877.0,5337.0,1.628465,0.77075,GBR,MUS,7436
2276672,83,151,1255,2013.0,0.0,8710.0,-0.696971,-0.5807939999999999,GHA,MUS,7436
2276673,90,151,1255,2013.0,35650.0,0.0,0.073442,0.9857899999999999,GRC,MUS,7436
2276674,97,151,1255,2013.0,43179.0,0.0,0.791401,1.249845,HKG,MUS,7436
2276675,102,151,1255,2013.0,7639.0,0.0,1.6962560000000002,0.45460600000000007,HUN,MUS,7436
2276676,103,151,1255,2013.0,201949.0,0.0,-0.006876999999999999,1.8336569999999999,IDN,MUS,7436
2276677,104,151,1255,2013.0,154858.0,0.0,0.18186,2.647598,IND,MUS,7436
2276678,106,151,1255,2013.0,1355.0,0.0,1.32787,0.394579,IRL,MUS,7436
2276679,110,151,1255,2013.0,10552.0,0.0,1.0247629999999999,0.8261639999999999,ISR,MUS,7436
2276680,111,151,1255,2013.0,157548.0,0.0,1.419383,-0.304402,ITA,MUS,7436
2276681,114,151,1255,2013.0,336127.0,0.0,2.333417,-0.818701,JPN,MUS,7436
2276682,116,151,1255,2013.0,0.0,8888.0,-0.303119,0.626786,KEN,MUS,7436
2276683,121,151,1255,2013.0,222165.0,13521.0,1.817145,0.835414,KOR,MUS,7436
2276684,128,151,1255,2013.0,0.0,2187.0,-0.320583,0.44462399999999996,LKA,MUS,7436
2276685,129,151,1255,2013.0,0.0,1878.0,-0.726902,-0.8200930000000001,LSO,MUS,7436
2276686,136,151,1255,2013.0,0.0,45303.0,-0.786091,-0.611478,MDG,MUS,7436
2276687,138,151,1255,2013.0,30260.0,0.0,1.2327219999999999,0.746108,MEX,MUS,7436
2276688,142,151,1255,2013.0,1094.0,0.0,0.710108,-0.014586000000000002,MLT,MUS,7436
2276689,153,151,1255,2013.0,330060.0,0.0,0.924532,0.671334,MYS,MUS,7436
2276690,159,151,1255,2013.0,0.0,15409.0,-1.679402,-1.14686,NGA,MUS,7436
2276691,162,151,1255,2013.0,80979.0,2351.0,1.012006,1.441545,NLD,MUS,7436
2276692,163,151,1255,2013.0,0.0,18495.0,0.710901,0.062705,NOR,MUS,7436
2276693,166,151,1255,2013.0,1531.0,0.0,0.192237,0.429825,NZL,MUS,7436
2276694,168,151,1255,2013.0,1731.0,0.0,-0.697224,0.501576,PAK,MUS,7436
2276695,174,151,1255,2013.0,5986.0,5322.0,0.639083,0.45816899999999994,PHL,MUS,7436
2276696,177,151,1255,2013.0,24173.0,0.0,1.11341,0.975734,POL,MUS,7436
2276697,179,151,1255,2013.0,2927.0,3047.0,0.705087,2.2055580000000004,PRT,MUS,7436
2276698,187,151,1255,2013.0,0.0,1505.0,-0.535446,-0.662881,RWA,MUS,7436
2276699,192,151,1255,2013.0,72669.0,0.0,1.844685,0.639379,SGP,MUS,7436
2276700,206,151,1255,2013.0,64293.0,0.0,1.510052,0.7060310000000001,SVK,MUS,7436
2276701,207,151,1255,2013.0,1885.0,0.0,1.55922,0.565874,SVN,MUS,7436
2276702,208,151,1255,2013.0,57026.0,5826.0,1.7851290000000002,0.182623,SWE,MUS,7436
2276703,211,151,1255,2013.0,0.0,64878.0,0.06901,-0.438229,SYC,MUS,7436
2276704,216,151,1255,2013.0,60093.0,0.0,1.067287,1.2767110000000002,THA,MUS,7436
2276705,224,151,1255,2013.0,24626.0,0.0,0.580016,2.394812,TUR,MUS,7436
2276706,227,151,1255,2013.0,0.0,90611.0,-0.46170100000000003,0.652878,UGA,MUS,7436
2276707,231,151,1255,2013.0,208927.0,0.0,1.612058,-0.8592989999999999,USA,MUS,7436
2276708,246,151,1255,2013.0,1064671.0,3170.0,0.11624100000000001,1.574591,ZAF,MUS,7436
2276709,247,151,1255,2013.0,0.0,169961.0,-0.293192,-0.42930100000000004,ZMB,MUS,7436
2276710,248,151,1255,2013.0,0.0,77629.0,-0.841968,-0.898121,ZWE,MUS,7436
2276711,249,151,1255,2013.0,64231.0,0.0,1.7382849999999999,0.9917739999999999,TWN,MUS,7436
2276712,2,155,1255,2013.0,0.0,976067.0,-1.240877,-1.073797,AGO,NAM,7436
2276713,7,155,1255,2013.0,41965.0,1299.0,-0.338417,-0.754102,ARE,NAM,7436
2276714,14,155,1255,2013.0,140289.0,0.0,-0.63369,-0.276328,AUS,NAM,7436
2276715,15,155,1255,2013.0,43354.0,0.0,1.855434,-1.06494,AUT,NAM,7436
2276716,18,155,1255,2013.0,43715.0,0.0,1.198491,1.117268,BEL,NAM,7436
2276717,32,155,1255,2013.0,6124.0,0.0,0.2804,0.649729,BRA,NAM,7436
2276718,37,155,1255,2013.0,316929.0,25913.0,-0.677782,-1.0888149999999999,BWA,NAM,7436
2276719,39,155,1255,2013.0,21521.0,0.0,0.599305,1.193591,CAN,NAM,7436
2276720,43,155,1255,2013.0,296149.0,1050.0,1.24864,0.667713,CHN,NAM,7436
2276721,45,155,1255,2013.0,0.0,1124.0,-0.93575,-1.003851,CMR,NAM,7436
2276722,46,155,1255,2013.0,0.0,1168225.0,-1.450075,-1.115916,COD,NAM,7436
2276723,61,155,1255,2013.0,768541.0,44679.0,2.1086869999999998,-3.7092,DEU,NAM,7436
2276724,64,155,1255,2013.0,3519.0,0.0,1.190302,1.062991,DNK,NAM,7436
2276725,68,155,1255,2013.0,12366.0,0.0,-0.12015799999999999,1.793363,EGY,NAM,7436
2276726,71,155,1255,2013.0,63710.0,0.0,0.955472,1.80005,ESP,NAM,7436
2276727,72,155,1255,2013.0,19407.0,0.0,0.923321,1.290016,EST,NAM,7436
2276728,74,155,1255,2013.0,1006.0,0.0,1.700282,0.867677,FIN,NAM,7436
2276729,77,155,1255,2013.0,42011.0,0.0,1.5253299999999999,0.026146,FRA,NAM,7436
2276730,81,155,1255,2013.0,300862.0,309752.0,1.628465,0.77075,GBR,NAM,7436
2276731,97,155,1255,2013.0,2314.0,4534.0,0.791401,1.249845,HKG,NAM,7436
2276732,100,155,1255,2013.0,2988.0,0.0,0.8737309999999999,1.276091,HRV,NAM,7436
2276733,104,155,1255,2013.0,2230.0,0.0,0.18186,2.647598,IND,NAM,7436
2276734,111,155,1255,2013.0,51961.0,1015.0,1.419383,-0.304402,ITA,NAM,7436
2276735,152,155,1255,2013.0,0.0,1597.0,-0.802763,-0.8101470000000001,MWI,NAM,7436
2276736,153,155,1255,2013.0,4834.0,0.0,0.924532,0.671334,MYS,NAM,7436
2276737,162,155,1255,2013.0,54499.0,0.0,1.012006,1.441545,NLD,NAM,7436
2276738,163,155,1255,2013.0,3136.0,0.0,0.710901,0.062705,NOR,NAM,7436
2276739,166,155,1255,2013.0,1045.0,0.0,0.192237,0.429825,NZL,NAM,7436
2276740,169,155,1255,2013.0,0.0,3243.0,0.8719819999999999,1.038982,PAN,NAM,7436
2276741,186,155,1255,2013.0,1233.0,6050.0,-0.08233,-0.267781,RUS,NAM,7436
2276742,192,155,1255,2013.0,48705.0,0.0,1.844685,0.639379,SGP,NAM,7436
2276743,194,155,1255,2013.0,1705.0,34813.0,1.74968,0.20829299999999998,SHN,NAM,7436
2276744,216,155,1255,2013.0,3773.0,0.0,1.067287,1.2767110000000002,THA,NAM,7436
2276745,224,155,1255,2013.0,40845.0,0.0,0.580016,2.394812,TUR,NAM,7436
2276746,226,155,1255,2013.0,0.0,642652.0,-0.654655,0.903574,TZA,NAM,7436
2276747,231,155,1255,2013.0,290700.0,0.0,1.612058,-0.8592989999999999,USA,NAM,7436
2276748,234,155,1255,2013.0,0.0,3956.0,0.39042899999999997,-0.042089,VCT,NAM,7436
2276749,240,155,1255,2013.0,0.0,14503.0,-0.43518999999999997,-0.6206010000000001,VUT,NAM,7436
2276750,246,155,1255,2013.0,10542766.0,46878.0,0.11624100000000001,1.574591,ZAF,NAM,7436
2276751,247,155,1255,2013.0,0.0,2673.0,-0.293192,-0.42930100000000004,ZMB,NAM,7436
2276752,250,155,1255,2013.0,0.0,28061.0,0.583151,0.14238299999999998,ANS,NAM,7436
2276753,7,157,1255,2013.0,86520.0,0.0,-0.338417,-0.754102,ARE,NER,7436
2276754,14,157,1255,2013.0,0.0,61294.0,-0.63369,-0.276328,AUS,NER,7436
2276755,18,157,1255,2013.0,399108.0,0.0,1.198491,1.117268,BEL,NER,7436
2276756,39,157,1255,2013.0,4034.0,3882.0,0.599305,1.193591,CAN,NER,7436
2276757,43,157,1255,2013.0,311397.0,0.0,1.24864,0.667713,CHN,NER,7436
2276758,59,157,1255,2013.0,10409.0,0.0,1.829509,-0.41787700000000005,CZE,NER,7436
2276759,61,157,1255,2013.0,688912.0,0.0,2.1086869999999998,-3.7092,DEU,NER,7436
2276760,74,157,1255,2013.0,5452.0,0.0,1.700282,0.867677,FIN,NER,7436
2276761,77,157,1255,2013.0,438291.0,0.0,1.5253299999999999,0.026146,FRA,NER,7436
2276762,81,157,1255,2013.0,33025.0,0.0,1.628465,0.77075,GBR,NER,7436
2276763,83,157,1255,2013.0,2015.0,0.0,-0.696971,-0.5807939999999999,GHA,NER,7436
2276764,104,157,1255,2013.0,6408.0,0.0,0.18186,2.647598,IND,NER,7436
2276765,111,157,1255,2013.0,14089.0,0.0,1.419383,-0.304402,ITA,NER,7436
2276766,114,157,1255,2013.0,8157.0,0.0,2.333417,-0.818701,JPN,NER,7436
2276767,134,157,1255,2013.0,2552.0,0.0,-0.474872,0.178118,MAR,NER,7436
2276768,138,157,1255,2013.0,1605.0,0.0,1.2327219999999999,0.746108,MEX,NER,7436
2276769,142,157,1255,2013.0,1013.0,0.0,0.710108,-0.014586000000000002,MLT,NER,7436
2276770,159,157,1255,2013.0,6069.0,0.0,-1.679402,-1.14686,NGA,NER,7436
2276771,162,157,1255,2013.0,1786.0,0.0,1.012006,1.441545,NLD,NER,7436
2276772,188,157,1255,2013.0,4320.0,0.0,-0.14823599999999998,-0.883965,SAU,NER,7436
2276773,191,157,1255,2013.0,11996.0,0.0,-0.566624,-0.185277,SEN,NER,7436
2276774,206,157,1255,2013.0,10821.0,0.0,1.510052,0.7060310000000001,SVK,NER,7436
2276775,208,157,1255,2013.0,12203.0,0.0,1.7851290000000002,0.182623,SWE,NER,7436
2276776,213,157,1255,2013.0,11067.0,0.0,0.6284609999999999,0.142692,TCA,NER,7436
2276777,216,157,1255,2013.0,2562.0,0.0,1.067287,1.2767110000000002,THA,NER,7436
2276778,224,157,1255,2013.0,15792.0,0.0,0.580016,2.394812,TUR,NER,7436
2276779,228,157,1255,2013.0,2256.0,0.0,0.535571,1.026263,UKR,NER,7436
2276780,231,157,1255,2013.0,118294.0,0.0,1.612058,-0.8592989999999999,USA,NER,7436
2276781,246,157,1255,2013.0,6508.0,0.0,0.11624100000000001,1.574591,ZAF,NER,7436
2276782,250,157,1255,2013.0,39835.0,0.0,0.583151,0.14238299999999998,ANS,NER,7436
2276783,2,158,1255,2013.0,0.0,89789.0,-1.240877,-1.073797,AGO,NFK,7436
2276784,153,158,1255,2013.0,0.0,7147.0,0.924532,0.671334,MYS,NFK,7436
2276785,166,158,1255,2013.0,8494.0,0.0,0.192237,0.429825,NZL,NFK,7436
2276786,8,160,1255,2013.0,14071.0,0.0,0.042829,0.461002,ARG,NIC,7436
2276787,15,160,1255,2013.0,3174.0,0.0,1.855434,-1.06494,AUT,NIC,7436
2276788,18,160,1255,2013.0,10178.0,0.0,1.198491,1.117268,BEL,NIC,7436
2276789,23,160,1255,2013.0,1062.0,0.0,0.622325,1.5506229999999999,BGR,NIC,7436
2276790,28,160,1255,2013.0,4776.0,0.0,1.183522,0.934159,BLR,NIC,7436
2276791,32,160,1255,2013.0,69345.0,0.0,0.2804,0.649729,BRA,NIC,7436
2276792,39,160,1255,2013.0,22118.0,60208.0,0.599305,1.193591,CAN,NIC,7436
2276793,41,160,1255,2013.0,1939.0,0.0,2.0899229999999998,0.661667,CHE,NIC,7436
2276794,42,160,1255,2013.0,55537.0,0.0,-0.184556,-0.238657,CHL,NIC,7436
2276795,43,160,1255,2013.0,290186.0,0.0,1.24864,0.667713,CHN,NIC,7436
2276796,49,160,1255,2013.0,28461.0,3397.0,0.034491,-0.36975,COL,NIC,7436
2276797,52,160,1255,2013.0,181652.0,23354.0,0.208669,-0.54783,CRI,NIC,7436
2276798,54,160,1255,2013.0,0.0,1320.0,-0.31053400000000003,-0.8534280000000001,CUB,NIC,7436
2276799,59,160,1255,2013.0,10787.0,0.0,1.829509,-0.41787700000000005,CZE,NIC,7436
2276800,61,160,1255,2013.0,127664.0,0.0,2.1086869999999998,-3.7092,DEU,NIC,7436
2276801,64,160,1255,2013.0,6701.0,0.0,1.190302,1.062991,DNK,NIC,7436
2276802,71,160,1255,2013.0,25400.0,3939.0,0.955472,1.80005,ESP,NIC,7436
2276803,77,160,1255,2013.0,43956.0,0.0,1.5253299999999999,0.026146,FRA,NIC,7436
2276804,81,160,1255,2013.0,31362.0,0.0,1.628465,0.77075,GBR,NIC,7436
2276805,93,160,1255,2013.0,322585.0,41751.0,-0.220165,0.661111,GTM,NIC,7436
2276806,97,160,1255,2013.0,6324.0,0.0,0.791401,1.249845,HKG,NIC,7436
2276807,99,160,1255,2013.0,0.0,2273.0,-0.6661060000000001,-0.38619699999999996,HND,NIC,7436
2276808,103,160,1255,2013.0,33508.0,0.0,-0.006876999999999999,1.8336569999999999,IDN,NIC,7436
2276809,104,160,1255,2013.0,15539.0,0.0,0.18186,2.647598,IND,NIC,7436
2276810,106,160,1255,2013.0,5443.0,0.0,1.32787,0.394579,IRL,NIC,7436
2276811,110,160,1255,2013.0,40589.0,0.0,1.0247629999999999,0.8261639999999999,ISR,NIC,7436
2276812,111,160,1255,2013.0,56533.0,2228.0,1.419383,-0.304402,ITA,NIC,7436
2276813,114,160,1255,2013.0,355867.0,0.0,2.333417,-0.818701,JPN,NIC,7436
2276814,121,160,1255,2013.0,355083.0,0.0,1.817145,0.835414,KOR,NIC,7436
2276815,138,160,1255,2013.0,472360.0,11099.0,1.2327219999999999,0.746108,MEX,NIC,7436
2276816,153,160,1255,2013.0,10282.0,0.0,0.924532,0.671334,MYS,NIC,7436
2276817,162,160,1255,2013.0,63441.0,0.0,1.012006,1.441545,NLD,NIC,7436
2276818,163,160,1255,2013.0,0.0,4775.0,0.710901,0.062705,NOR,NIC,7436
2276819,166,160,1255,2013.0,2600.0,0.0,0.192237,0.429825,NZL,NIC,7436
2276820,169,160,1255,2013.0,50262.0,3096.0,0.8719819999999999,1.038982,PAN,NIC,7436
2276821,173,160,1255,2013.0,20231.0,0.0,-0.640044,0.121772,PER,NIC,7436
2276822,174,160,1255,2013.0,4056.0,0.0,0.639083,0.45816899999999994,PHL,NIC,7436
2276823,177,160,1255,2013.0,2497.0,64790.0,1.11341,0.975734,POL,NIC,7436
2276824,186,160,1255,2013.0,17663.0,0.0,-0.08233,-0.267781,RUS,NIC,7436
2276825,192,160,1255,2013.0,11028.0,0.0,1.844685,0.639379,SGP,NIC,7436
2276826,197,160,1255,2013.0,83166.0,22498.0,0.104046,0.46966,SLV,NIC,7436
2276827,207,160,1255,2013.0,2212.0,0.0,1.55922,0.565874,SVN,NIC,7436
2276828,208,160,1255,2013.0,15215.0,0.0,1.7851290000000002,0.182623,SWE,NIC,7436
2276829,216,160,1255,2013.0,482625.0,0.0,1.067287,1.2767110000000002,THA,NIC,7436
2276830,224,160,1255,2013.0,15733.0,0.0,0.580016,2.394812,TUR,NIC,7436
2276831,228,160,1255,2013.0,15887.0,0.0,0.535571,1.026263,UKR,NIC,7436
2276832,231,160,1255,2013.0,4037782.0,6164.0,1.612058,-0.8592989999999999,USA,NIC,7436
2276833,236,160,1255,2013.0,32468.0,0.0,-1.281202,-1.094268,VEN,NIC,7436
2276834,246,160,1255,2013.0,1100.0,0.0,0.11624100000000001,1.574591,ZAF,NIC,7436
2276835,249,160,1255,2013.0,25634.0,0.0,1.7382849999999999,0.9917739999999999,TWN,NIC,7436
2276836,2,178,1255,2013.0,0.0,1494.0,-1.240877,-1.073797,AGO,PRK,7436
2276837,28,178,1255,2013.0,0.0,22106.0,1.183522,0.934159,BLR,PRK,7436
2276838,32,178,1255,2013.0,0.0,259737.0,0.2804,0.649729,BRA,PRK,7436
2276839,43,178,1255,2013.0,2494634.0,4050.0,1.24864,0.667713,CHN,PRK,7436
2276840,49,178,1255,2013.0,0.0,4584.0,0.034491,-0.36975,COL,PRK,7436
2276841,52,178,1255,2013.0,0.0,2267.0,0.208669,-0.54783,CRI,PRK,7436
2276842,59,178,1255,2013.0,0.0,1730.0,1.829509,-0.41787700000000005,CZE,PRK,7436
2276843,61,178,1255,2013.0,16385.0,0.0,2.1086869999999998,-3.7092,DEU,PRK,7436
2276844,66,178,1255,2013.0,0.0,18722.0,-1.53603,-1.104965,DZA,PRK,7436
2276845,68,178,1255,2013.0,0.0,7956.0,-0.12015799999999999,1.793363,EGY,PRK,7436
2276846,73,178,1255,2013.0,0.0,1730.0,-1.1373090000000001,-0.89186,ETH,PRK,7436
2276847,81,178,1255,2013.0,0.0,9067.0,1.628465,0.77075,GBR,PRK,7436
2276848,96,178,1255,2013.0,0.0,112683.0,-0.90241,-0.957449,GUY,PRK,7436
2276849,97,178,1255,2013.0,10316.0,0.0,0.791401,1.249845,HKG,PRK,7436
2276850,104,178,1255,2013.0,9223.0,50707.0,0.18186,2.647598,IND,PRK,7436
2276851,112,178,1255,2013.0,0.0,45608.0,-0.364044,-0.744733,JAM,PRK,7436
2276852,138,178,1255,2013.0,0.0,17673.0,1.2327219999999999,0.746108,MEX,PRK,7436
2276853,168,178,1255,2013.0,0.0,3169.0,-0.697224,0.501576,PAK,PRK,7436
2276854,186,178,1255,2013.0,103266.0,5428.0,-0.08233,-0.267781,RUS,PRK,7436
2276855,192,178,1255,2013.0,94701.0,0.0,1.844685,0.639379,SGP,PRK,7436
2276856,201,178,1255,2013.0,0.0,1046.0,0.609755,1.355304,SRB,PRK,7436
2276857,205,178,1255,2013.0,0.0,57462.0,-0.25729,-0.651541,SUR,PRK,7436
2276858,206,178,1255,2013.0,0.0,1028.0,1.510052,0.7060310000000001,SVK,PRK,7436
2276859,216,178,1255,2013.0,0.0,5587.0,1.067287,1.2767110000000002,THA,PRK,7436
2276860,228,178,1255,2013.0,0.0,1462.0,0.535571,1.026263,UKR,PRK,7436
2276861,236,178,1255,2013.0,0.0,104341.0,-1.281202,-1.094268,VEN,PRK,7436
2276862,14,195,1255,2013.0,132011.0,0.0,-0.63369,-0.276328,AUS,SLB,7436
2276863,43,195,1255,2013.0,5255.0,0.0,1.24864,0.667713,CHN,SLB,7436
2276864,61,195,1255,2013.0,2416.0,0.0,2.1086869999999998,-3.7092,DEU,SLB,7436
2276865,103,195,1255,2013.0,9521.0,0.0,-0.006876999999999999,1.8336569999999999,IDN,SLB,7436
2276866,162,195,1255,2013.0,18862.0,0.0,1.012006,1.441545,NLD,SLB,7436
2276867,166,195,1255,2013.0,5958.0,0.0,0.192237,0.429825,NZL,SLB,7436
2276868,192,195,1255,2013.0,5433.0,0.0,1.844685,0.639379,SGP,SLB,7436
2276869,208,195,1255,2013.0,2286.0,0.0,1.7851290000000002,0.182623,SWE,SLB,7436
2276870,249,195,1255,2013.0,13960.0,0.0,1.7382849999999999,0.9917739999999999,TWN,SLB,7436
2276871,41,203,1255,2013.0,1760.0,0.0,2.0899229999999998,0.661667,CHE,STP,7436
2276872,43,203,1255,2013.0,7082.0,0.0,1.24864,0.667713,CHN,STP,7436
2276873,77,203,1255,2013.0,8492.0,0.0,1.5253299999999999,0.026146,FRA,STP,7436
2276874,80,203,1255,2013.0,45609.0,0.0,-1.652062,-1.140576,GAB,STP,7436
2276875,111,203,1255,2013.0,10222.0,0.0,1.419383,-0.304402,ITA,STP,7436
2276876,159,203,1255,2013.0,6867.0,0.0,-1.679402,-1.14686,NGA,STP,7436
2276877,179,203,1255,2013.0,101775.0,0.0,0.705087,2.2055580000000004,PRT,STP,7436
2276878,231,203,1255,2013.0,2105.0,0.0,1.612058,-0.8592989999999999,USA,STP,7436
2276879,246,203,1255,2013.0,1573.0,0.0,0.11624100000000001,1.574591,ZAF,STP,7436
2276880,2,209,1255,2013.0,0.0,17208.0,-1.240877,-1.073797,AGO,SWZ,7436
2276881,7,209,1255,2013.0,1047904.0,0.0,-0.338417,-0.754102,ARE,SWZ,7436
2276882,39,209,1255,2013.0,0.0,3208.0,0.599305,1.193591,CAN,SWZ,7436
2276883,61,209,1255,2013.0,1877.0,0.0,2.1086869999999998,-3.7092,DEU,SWZ,7436
2276884,65,209,1255,2013.0,0.0,1608.0,-0.272579,0.42750699999999997,DOM,SWZ,7436
2276885,67,209,1255,2013.0,0.0,1526.0,-0.8251790000000001,-0.9347200000000001,ECU,SWZ,7436
2276886,103,209,1255,2013.0,0.0,3450.0,-0.006876999999999999,1.8336569999999999,IDN,SWZ,7436
2276887,111,209,1255,2013.0,6662.0,0.0,1.419383,-0.304402,ITA,SWZ,7436
2276888,121,209,1255,2013.0,12648.0,0.0,1.817145,0.835414,KOR,SWZ,7436
2276889,138,209,1255,2013.0,0.0,11005.0,1.2327219999999999,0.746108,MEX,SWZ,7436
2276890,147,209,1255,2013.0,0.0,7451.0,-1.131512,-0.8923840000000001,MOZ,SWZ,7436
2276891,152,209,1255,2013.0,0.0,9899.0,-0.802763,-0.8101470000000001,MWI,SWZ,7436
2276892,168,209,1255,2013.0,0.0,6667.0,-0.697224,0.501576,PAK,SWZ,7436
2276893,177,209,1255,2013.0,0.0,4911.0,1.11341,0.975734,POL,SWZ,7436
2276894,187,209,1255,2013.0,0.0,1696.0,-0.535446,-0.662881,RWA,SWZ,7436
2276895,191,209,1255,2013.0,0.0,67922.0,-0.566624,-0.185277,SEN,SWZ,7436
2276896,216,209,1255,2013.0,0.0,8186.0,1.067287,1.2767110000000002,THA,SWZ,7436
2276897,222,209,1255,2013.0,0.0,55396.0,-0.399437,-1.047864,TTO,SWZ,7436
2276898,231,209,1255,2013.0,25322.0,0.0,1.612058,-0.8592989999999999,USA,SWZ,7436
2276899,246,209,1255,2013.0,2514163.0,9726.0,0.11624100000000001,1.574591,ZAF,SWZ,7436
2276900,247,209,1255,2013.0,0.0,19885.0,-0.293192,-0.42930100000000004,ZMB,SWZ,7436
2276901,248,209,1255,2013.0,0.0,3875.0,-0.841968,-0.898121,ZWE,SWZ,7436
2276902,249,209,1255,2013.0,1522.0,0.0,1.7382849999999999,0.9917739999999999,TWN,SWZ,7436
2276903,7,211,1255,2013.0,199210.0,0.0,-0.338417,-0.754102,ARE,SYC,7436
2276904,14,211,1255,2013.0,2616.0,0.0,-0.63369,-0.276328,AUS,SYC,7436
2276905,18,211,1255,2013.0,43194.0,0.0,1.198491,1.117268,BEL,SYC,7436
2276906,24,211,1255,2013.0,3306.0,0.0,0.080634,-0.6828890000000001,BHR,SYC,7436
2276907,41,211,1255,2013.0,14054.0,0.0,2.0899229999999998,0.661667,CHE,SYC,7436
2276908,43,211,1255,2013.0,62997.0,0.0,1.24864,0.667713,CHN,SYC,7436
2276909,59,211,1255,2013.0,185472.0,0.0,1.829509,-0.41787700000000005,CZE,SYC,7436
2276910,61,211,1255,2013.0,1306793.0,0.0,2.1086869999999998,-3.7092,DEU,SYC,7436
2276911,64,211,1255,2013.0,11688.0,0.0,1.190302,1.062991,DNK,SYC,7436
2276912,71,211,1255,2013.0,97313.0,0.0,0.955472,1.80005,ESP,SYC,7436
2276913,74,211,1255,2013.0,7442.0,0.0,1.700282,0.867677,FIN,SYC,7436
2276914,77,211,1255,2013.0,61928.0,0.0,1.5253299999999999,0.026146,FRA,SYC,7436
2276915,81,211,1255,2013.0,182703.0,1642.0,1.628465,0.77075,GBR,SYC,7436
2276916,90,211,1255,2013.0,4778.0,0.0,0.073442,0.9857899999999999,GRC,SYC,7436
2276917,102,211,1255,2013.0,21162.0,0.0,1.6962560000000002,0.45460600000000007,HUN,SYC,7436
2276918,104,211,1255,2013.0,40779.0,0.0,0.18186,2.647598,IND,SYC,7436
2276919,106,211,1255,2013.0,1608.0,0.0,1.32787,0.394579,IRL,SYC,7436
2276920,111,211,1255,2013.0,162755.0,0.0,1.419383,-0.304402,ITA,SYC,7436
2276921,114,211,1255,2013.0,4341.0,0.0,2.333417,-0.818701,JPN,SYC,7436
2276922,116,211,1255,2013.0,13157.0,0.0,-0.303119,0.626786,KEN,SYC,7436
2276923,121,211,1255,2013.0,18733.0,0.0,1.817145,0.835414,KOR,SYC,7436
2276924,128,211,1255,2013.0,33378.0,0.0,-0.320583,0.44462399999999996,LKA,SYC,7436
2276925,151,211,1255,2013.0,64878.0,0.0,-0.092312,0.050927,MUS,SYC,7436
2276926,153,211,1255,2013.0,4964.0,0.0,0.924532,0.671334,MYS,SYC,7436
2276927,162,211,1255,2013.0,50828.0,0.0,1.012006,1.441545,NLD,SYC,7436
2276928,177,211,1255,2013.0,5216.0,0.0,1.11341,0.975734,POL,SYC,7436
2276929,179,211,1255,2013.0,11318.0,0.0,0.705087,2.2055580000000004,PRT,SYC,7436
2276930,192,211,1255,2013.0,101893.0,0.0,1.844685,0.639379,SGP,SYC,7436
2276931,208,211,1255,2013.0,10296.0,0.0,1.7851290000000002,0.182623,SWE,SYC,7436
2276932,216,211,1255,2013.0,4213.0,0.0,1.067287,1.2767110000000002,THA,SYC,7436
2276933,224,211,1255,2013.0,6356.0,0.0,0.580016,2.394812,TUR,SYC,7436
2276934,231,211,1255,2013.0,219699.0,30503.0,1.612058,-0.8592989999999999,USA,SYC,7436
2276935,246,211,1255,2013.0,197648.0,0.0,0.11624100000000001,1.574591,ZAF,SYC,7436
2276936,7,212,1255,2013.0,137151.0,0.0,-0.338417,-0.754102,ARE,SYR,7436
2276937,18,212,1255,2013.0,51421.0,0.0,1.198491,1.117268,BEL,SYR,7436
2276938,43,212,1255,2013.0,2846555.0,0.0,1.24864,0.667713,CHN,SYR,7436
2276939,59,212,1255,2013.0,15704.0,0.0,1.829509,-0.41787700000000005,CZE,SYR,7436
2276940,61,212,1255,2013.0,2950360.0,0.0,2.1086869999999998,-3.7092,DEU,SYR,7436
2276941,68,212,1255,2013.0,0.0,72168.0,-0.12015799999999999,1.793363,EGY,SYR,7436
2276942,71,212,1255,2013.0,2949.0,0.0,0.955472,1.80005,ESP,SYR,7436
2276943,73,212,1255,2013.0,0.0,8734.0,-1.1373090000000001,-0.89186,ETH,SYR,7436
2276944,74,212,1255,2013.0,14881.0,0.0,1.700282,0.867677,FIN,SYR,7436
2276945,77,212,1255,2013.0,1062.0,0.0,1.5253299999999999,0.026146,FRA,SYR,7436
2276946,81,212,1255,2013.0,117678.0,0.0,1.628465,0.77075,GBR,SYR,7436
2276947,90,212,1255,2013.0,11696.0,0.0,0.073442,0.9857899999999999,GRC,SYR,7436
2276948,103,212,1255,2013.0,34835.0,0.0,-0.006876999999999999,1.8336569999999999,IDN,SYR,7436
2276949,104,212,1255,2013.0,29617.0,0.0,0.18186,2.647598,IND,SYR,7436
2276950,111,212,1255,2013.0,1767660.0,2391.0,1.419383,-0.304402,ITA,SYR,7436
2276951,113,212,1255,2013.0,57999.0,65979.0,0.1888,0.596867,JOR,SYR,7436
2276952,124,212,1255,2013.0,8911.0,14411.0,0.37392800000000004,1.413136,LBN,SYR,7436
2276953,163,212,1255,2013.0,216619.0,0.0,0.710901,0.062705,NOR,SYR,7436
2276954,188,212,1255,2013.0,209600.0,0.0,-0.14823599999999998,-0.883965,SAU,SYR,7436
2276955,206,212,1255,2013.0,46070.0,0.0,1.510052,0.7060310000000001,SVK,SYR,7436
2276956,216,212,1255,2013.0,107840.0,0.0,1.067287,1.2767110000000002,THA,SYR,7436
2276957,224,212,1255,2013.0,1545730.0,0.0,0.580016,2.394812,TUR,SYR,7436
2276958,2,215,1255,2013.0,0.0,3354.0,-1.240877,-1.073797,AGO,TGO,7436
2276959,7,215,1255,2013.0,9774.0,0.0,-0.338417,-0.754102,ARE,TGO,7436
2276960,15,215,1255,2013.0,2217.0,0.0,1.855434,-1.06494,AUT,TGO,7436
2276961,18,215,1255,2013.0,385871.0,6247.0,1.198491,1.117268,BEL,TGO,7436
2276962,19,215,1255,2013.0,0.0,1197.0,-0.924213,-0.8181390000000001,BEN,TGO,7436
2276963,32,215,1255,2013.0,34010.0,0.0,0.2804,0.649729,BRA,TGO,7436
2276964,39,215,1255,2013.0,9208.0,0.0,0.599305,1.193591,CAN,TGO,7436
2276965,41,215,1255,2013.0,21343.0,0.0,2.0899229999999998,0.661667,CHE,TGO,7436
2276966,43,215,1255,2013.0,6311193.0,0.0,1.24864,0.667713,CHN,TGO,7436
2276967,44,215,1255,2013.0,2533.0,25009.0,-1.0025870000000001,-0.901658,CIV,TGO,7436
2276968,59,215,1255,2013.0,649513.0,0.0,1.829509,-0.41787700000000005,CZE,TGO,7436
2276969,61,215,1255,2013.0,44809.0,0.0,2.1086869999999998,-3.7092,DEU,TGO,7436
2276970,64,215,1255,2013.0,20600.0,0.0,1.190302,1.062991,DNK,TGO,7436
2276971,71,215,1255,2013.0,36282.0,0.0,0.955472,1.80005,ESP,TGO,7436
2276972,74,215,1255,2013.0,2097.0,0.0,1.700282,0.867677,FIN,TGO,7436
2276973,77,215,1255,2013.0,677897.0,0.0,1.5253299999999999,0.026146,FRA,TGO,7436
2276974,81,215,1255,2013.0,17023.0,0.0,1.628465,0.77075,GBR,TGO,7436
2276975,83,215,1255,2013.0,25220.0,19670.0,-0.696971,-0.5807939999999999,GHA,TGO,7436
2276976,103,215,1255,2013.0,3132.0,0.0,-0.006876999999999999,1.8336569999999999,IDN,TGO,7436
2276977,104,215,1255,2013.0,100898.0,0.0,0.18186,2.647598,IND,TGO,7436
2276978,111,215,1255,2013.0,40242.0,0.0,1.419383,-0.304402,ITA,TGO,7436
2276979,114,215,1255,2013.0,6042.0,0.0,2.333417,-0.818701,JPN,TGO,7436
2276980,121,215,1255,2013.0,16390.0,0.0,1.817145,0.835414,KOR,TGO,7436
2276981,131,215,1255,2013.0,7232.0,0.0,1.0110190000000001,1.123226,LUX,TGO,7436
2276982,153,215,1255,2013.0,14689.0,0.0,0.924532,0.671334,MYS,TGO,7436
2276983,162,215,1255,2013.0,28806.0,0.0,1.012006,1.441545,NLD,TGO,7436
2276984,163,215,1255,2013.0,6503.0,0.0,0.710901,0.062705,NOR,TGO,7436
2276985,179,215,1255,2013.0,47425.0,0.0,0.705087,2.2055580000000004,PRT,TGO,7436
2276986,186,215,1255,2013.0,5102.0,0.0,-0.08233,-0.267781,RUS,TGO,7436
2276987,192,215,1255,2013.0,18320.0,0.0,1.844685,0.639379,SGP,TGO,7436
2276988,208,215,1255,2013.0,1345.0,0.0,1.7851290000000002,0.182623,SWE,TGO,7436
2276989,224,215,1255,2013.0,18977.0,0.0,0.580016,2.394812,TUR,TGO,7436
2276990,226,215,1255,2013.0,5099.0,0.0,-0.654655,0.903574,TZA,TGO,7436
2276991,231,215,1255,2013.0,99950.0,0.0,1.612058,-0.8592989999999999,USA,TGO,7436
2276992,15,218,1255,2013.0,1587.0,0.0,1.855434,-1.06494,AUT,TKL,7436
2276993,61,218,1255,2013.0,10619.0,0.0,2.1086869999999998,-3.7092,DEU,TKL,7436
2276994,106,218,1255,2013.0,1137.0,0.0,1.32787,0.394579,IRL,TKL,7436
2276995,166,218,1255,2013.0,9559.0,0.0,0.192237,0.429825,NZL,TKL,7436
2276996,246,218,1255,2013.0,0.0,11145.0,0.11624100000000001,1.574591,ZAF,TKL,7436
2276997,14,220,1255,2013.0,32209.0,0.0,-0.63369,-0.276328,AUS,TLS,7436
2276998,32,220,1255,2013.0,6640.0,0.0,0.2804,0.649729,BRA,TLS,7436
2276999,43,220,1255,2013.0,18312.0,0.0,1.24864,0.667713,CHN,TLS,7436
2277000,103,220,1255,2013.0,23743.0,0.0,-0.006876999999999999,1.8336569999999999,IDN,TLS,7436
2277001,114,220,1255,2013.0,3214.0,0.0,2.333417,-0.818701,JPN,TLS,7436
2277002,121,220,1255,2013.0,1870.0,0.0,1.817145,0.835414,KOR,TLS,7436
2277003,153,220,1255,2013.0,6266.0,0.0,0.924532,0.671334,MYS,TLS,7436
2277004,162,220,1255,2013.0,1771.0,0.0,1.012006,1.441545,NLD,TLS,7436
2277005,192,220,1255,2013.0,39827.0,0.0,1.844685,0.639379,SGP,TLS,7436
2277006,216,220,1255,2013.0,9768.0,0.0,1.067287,1.2767110000000002,THA,TLS,7436
2277007,239,220,1255,2013.0,38417.0,0.0,0.009264,1.182368,VNM,TLS,7436
2277008,2,223,1255,2013.0,0.0,4568.0,-1.240877,-1.073797,AGO,TUN,7436
2277009,4,223,1255,2013.0,2786.0,25502.0,-0.44779300000000005,-0.13181700000000002,ALB,TUN,7436
2277010,7,223,1255,2013.0,11444.0,48723.0,-0.338417,-0.754102,ARE,TUN,7436
2277011,8,223,1255,2013.0,43497.0,317805.0,0.042829,0.461002,ARG,TUN,7436
2277012,14,223,1255,2013.0,1971.0,102189.0,-0.63369,-0.276328,AUS,TUN,7436
2277013,15,223,1255,2013.0,2183976.0,70899.0,1.855434,-1.06494,AUT,TUN,7436
2277014,16,223,1255,2013.0,0.0,8335.0,-1.319766,-1.200648,AZE,TUN,7436
2277015,18,223,1255,2013.0,1443904.0,479483.0,1.198491,1.117268,BEL,TUN,7436
2277016,19,223,1255,2013.0,0.0,28622.0,-0.924213,-0.8181390000000001,BEN,TUN,7436
2277017,21,223,1255,2013.0,0.0,11335.0,-0.7231029999999999,-0.736291,BFA,TUN,7436
2277018,23,223,1255,2013.0,51096.0,31103.0,0.622325,1.5506229999999999,BGR,TUN,7436
2277019,24,223,1255,2013.0,0.0,2614.0,0.080634,-0.6828890000000001,BHR,TUN,7436
2277020,26,223,1255,2013.0,17272.0,33261.0,0.723658,0.9271879999999999,BIH,TUN,7436
2277021,28,223,1255,2013.0,0.0,306580.0,1.183522,0.934159,BLR,TUN,7436
2277022,32,223,1255,2013.0,111086.0,12582.0,0.2804,0.649729,BRA,TUN,7436
2277023,39,223,1255,2013.0,183406.0,71368.0,0.599305,1.193591,CAN,TUN,7436
2277024,41,223,1255,2013.0,1856425.0,62442.0,2.0899229999999998,0.661667,CHE,TUN,7436
2277025,42,223,1255,2013.0,0.0,11106.0,-0.184556,-0.238657,CHL,TUN,7436
2277026,43,223,1255,2013.0,1568126.0,10302.0,1.24864,0.667713,CHN,TUN,7436
2277027,44,223,1255,2013.0,0.0,42833.0,-1.0025870000000001,-0.901658,CIV,TUN,7436
2277028,45,223,1255,2013.0,0.0,19055.0,-0.93575,-1.003851,CMR,TUN,7436
2277029,47,223,1255,2013.0,0.0,1634.0,-1.478461,-1.094509,COG,TUN,7436
2277030,49,223,1255,2013.0,0.0,53539.0,0.034491,-0.36975,COL,TUN,7436
2277031,58,223,1255,2013.0,54782.0,123420.0,0.36482800000000004,0.527544,CYP,TUN,7436
2277032,59,223,1255,2013.0,317853.0,507922.0,1.829509,-0.41787700000000005,CZE,TUN,7436
2277033,61,223,1255,2013.0,5787318.0,10030796.0,2.1086869999999998,-3.7092,DEU,TUN,7436
2277034,64,223,1255,2013.0,103735.0,0.0,1.190302,1.062991,DNK,TUN,7436
2277035,65,223,1255,2013.0,0.0,2155.0,-0.272579,0.42750699999999997,DOM,TUN,7436
2277036,66,223,1255,2013.0,0.0,2690695.0,-1.53603,-1.104965,DZA,TUN,7436
2277037,67,223,1255,2013.0,0.0,1874.0,-0.8251790000000001,-0.9347200000000001,ECU,TUN,7436
2277038,68,223,1255,2013.0,286866.0,61132.0,-0.12015799999999999,1.793363,EGY,TUN,7436
2277039,71,223,1255,2013.0,3428918.0,1492897.0,0.955472,1.80005,ESP,TUN,7436
2277040,72,223,1255,2013.0,4365.0,5712.0,0.923321,1.290016,EST,TUN,7436
2277041,73,223,1255,2013.0,0.0,237478.0,-1.1373090000000001,-0.89186,ETH,TUN,7436
2277042,74,223,1255,2013.0,7255.0,32110.0,1.700282,0.867677,FIN,TUN,7436
2277043,77,223,1255,2013.0,11900556.0,25054876.0,1.5253299999999999,0.026146,FRA,TUN,7436
2277044,81,223,1255,2013.0,917149.0,804962.0,1.628465,0.77075,GBR,TUN,7436
2277045,85,223,1255,2013.0,0.0,1858.0,-1.281072,-1.027585,GIN,TUN,7436
2277046,90,223,1255,2013.0,6605.0,26051.0,0.073442,0.9857899999999999,GRC,TUN,7436
2277047,97,223,1255,2013.0,39321.0,0.0,0.791401,1.249845,HKG,TUN,7436
2277048,100,223,1255,2013.0,2519.0,61715.0,0.8737309999999999,1.276091,HRV,TUN,7436
2277049,102,223,1255,2013.0,103340.0,235219.0,1.6962560000000002,0.45460600000000007,HUN,TUN,7436
2277050,103,223,1255,2013.0,92489.0,0.0,-0.006876999999999999,1.8336569999999999,IDN,TUN,7436
2277051,104,223,1255,2013.0,603887.0,0.0,0.18186,2.647598,IND,TUN,7436
2277052,106,223,1255,2013.0,27810.0,0.0,1.32787,0.394579,IRL,TUN,7436
2277053,109,223,1255,2013.0,0.0,4637.0,0.284089,-0.164097,ISL,TUN,7436
2277054,110,223,1255,2013.0,0.0,1099.0,1.0247629999999999,0.8261639999999999,ISR,TUN,7436
2277055,111,223,1255,2013.0,6608332.0,35334424.0,1.419383,-0.304402,ITA,TUN,7436
2277056,113,223,1255,2013.0,1607.0,112361.0,0.1888,0.596867,JOR,TUN,7436
2277057,114,223,1255,2013.0,2383102.0,6091.0,2.333417,-0.818701,JPN,TUN,7436
2277058,115,223,1255,2013.0,0.0,29082.0,-0.9193819999999999,-0.734194,KAZ,TUN,7436
2277059,116,223,1255,2013.0,0.0,1903.0,-0.303119,0.626786,KEN,TUN,7436
2277060,121,223,1255,2013.0,303480.0,138464.0,1.817145,0.835414,KOR,TUN,7436
2277061,122,223,1255,2013.0,0.0,25347.0,-1.198985,-1.057248,KWT,TUN,7436
2277062,124,223,1255,2013.0,0.0,40669.0,0.37392800000000004,1.413136,LBN,TUN,7436
2277063,126,223,1255,2013.0,0.0,558688.0,-1.871593,-1.1211790000000001,LBY,TUN,7436
2277064,131,223,1255,2013.0,85305.0,0.0,1.0110190000000001,1.123226,LUX,TUN,7436
2277065,134,223,1255,2013.0,364390.0,2392208.0,-0.474872,0.178118,MAR,TUN,7436
2277066,135,223,1255,2013.0,0.0,18395.0,0.14256,0.33920700000000004,MDA,TUN,7436
2277067,136,223,1255,2013.0,0.0,21306.0,-0.786091,-0.611478,MDG,TUN,7436
2277068,138,223,1255,2013.0,74691.0,405837.0,1.2327219999999999,0.746108,MEX,TUN,7436
2277069,140,223,1255,2013.0,0.0,20962.0,-0.127775,0.21915900000000002,MKD,TUN,7436
2277070,144,223,1255,2013.0,0.0,13241.0,0.09597,-0.019953,MNE,TUN,7436
2277071,148,223,1255,2013.0,0.0,40127.0,-1.681152,-1.2712350000000001,MRT,TUN,7436
2277072,153,223,1255,2013.0,8507.0,1860.0,0.924532,0.671334,MYS,TUN,7436
2277073,156,223,1255,2013.0,0.0,1703.0,-0.262882,-0.63858,NCL,TUN,7436
2277074,162,223,1255,2013.0,778695.0,0.0,1.012006,1.441545,NLD,TUN,7436
2277075,163,223,1255,2013.0,0.0,26707.0,0.710901,0.062705,NOR,TUN,7436
2277076,166,223,1255,2013.0,0.0,24084.0,0.192237,0.429825,NZL,TUN,7436
2277077,168,223,1255,2013.0,0.0,5349.0,-0.697224,0.501576,PAK,TUN,7436
2277078,173,223,1255,2013.0,0.0,118773.0,-0.640044,0.121772,PER,TUN,7436
2277079,174,223,1255,2013.0,6286.0,0.0,0.639083,0.45816899999999994,PHL,TUN,7436
2277080,177,223,1255,2013.0,142160.0,938462.0,1.11341,0.975734,POL,TUN,7436
2277081,179,223,1255,2013.0,272123.0,77183.0,0.705087,2.2055580000000004,PRT,TUN,7436
2277082,181,223,1255,2013.0,0.0,8675.0,0.103716,0.762259,PSE,TUN,7436
2277083,182,223,1255,2013.0,0.0,4642.0,-0.118172,-0.620256,PYF,TUN,7436
2277084,183,223,1255,2013.0,0.0,11581.0,-0.583609,-1.003754,QAT,TUN,7436
2277085,185,223,1255,2013.0,28581.0,0.0,1.05722,1.0968799999999999,ROU,TUN,7436
2277086,186,223,1255,2013.0,1964.0,1202460.0,-0.08233,-0.267781,RUS,TUN,7436
2277087,188,223,1255,2013.0,1011.0,1089742.0,-0.14823599999999998,-0.883965,SAU,TUN,7436
2277088,191,223,1255,2013.0,0.0,175755.0,-0.566624,-0.185277,SEN,TUN,7436
2277089,192,223,1255,2013.0,65466.0,33174.0,1.844685,0.639379,SGP,TUN,7436
2277090,201,223,1255,2013.0,0.0,183634.0,0.609755,1.355304,SRB,TUN,7436
2277091,206,223,1255,2013.0,59655.0,91869.0,1.510052,0.7060310000000001,SVK,TUN,7436
2277092,207,223,1255,2013.0,30126.0,146835.0,1.55922,0.565874,SVN,TUN,7436
2277093,208,223,1255,2013.0,256682.0,7006.0,1.7851290000000002,0.182623,SWE,TUN,7436
2277094,216,223,1255,2013.0,153228.0,0.0,1.067287,1.2767110000000002,THA,TUN,7436
2277095,222,223,1255,2013.0,0.0,1679.0,-0.399437,-1.047864,TTO,TUN,7436
2277096,224,223,1255,2013.0,846790.0,3457977.0,0.580016,2.394812,TUR,TUN,7436
2277097,226,223,1255,2013.0,0.0,3560.0,-0.654655,0.903574,TZA,TUN,7436
2277098,228,223,1255,2013.0,41716.0,196858.0,0.535571,1.026263,UKR,TUN,7436
2277099,230,223,1255,2013.0,0.0,49662.0,0.128825,0.02334,URY,TUN,7436
2277100,231,223,1255,2013.0,783162.0,589197.0,1.612058,-0.8592989999999999,USA,TUN,7436
2277101,236,223,1255,2013.0,0.0,1968.0,-1.281202,-1.094268,VEN,TUN,7436
2277102,239,223,1255,2013.0,0.0,9371.0,0.009264,1.182368,VNM,TUN,7436
2277103,246,223,1255,2013.0,8929.0,213171.0,0.11624100000000001,1.574591,ZAF,TUN,7436
2277104,249,223,1255,2013.0,346303.0,38991.0,1.7382849999999999,0.9917739999999999,TWN,TUN,7436
2277105,250,223,1255,2013.0,1695285.0,3972184.0,0.583151,0.14238299999999998,ANS,TUN,7436
2277106,7,226,1255,2013.0,2944914.0,0.0,-0.338417,-0.754102,ARE,TZA,7436
2277107,14,226,1255,2013.0,129413.0,3251.0,-0.63369,-0.276328,AUS,TZA,7436
2277108,15,226,1255,2013.0,61239.0,0.0,1.855434,-1.06494,AUT,TZA,7436
2277109,17,226,1255,2013.0,0.0,116080.0,-0.602481,-0.6338689999999999,BDI,TZA,7436
2277110,18,226,1255,2013.0,1688524.0,2520.0,1.198491,1.117268,BEL,TZA,7436
2277111,32,226,1255,2013.0,190004.0,0.0,0.2804,0.649729,BRA,TZA,7436
2277112,39,226,1255,2013.0,69368.0,0.0,0.599305,1.193591,CAN,TZA,7436
2277113,41,226,1255,2013.0,18320.0,0.0,2.0899229999999998,0.661667,CHE,TZA,7436
2277114,43,226,1255,2013.0,6280279.0,0.0,1.24864,0.667713,CHN,TZA,7436
2277115,46,226,1255,2013.0,0.0,233433.0,-1.450075,-1.115916,COD,TZA,7436
2277116,47,226,1255,2013.0,0.0,3273.0,-1.478461,-1.094509,COG,TZA,7436
2277117,50,226,1255,2013.0,0.0,2950.0,-0.36952399999999996,-0.6802739999999999,COM,TZA,7436
2277118,54,226,1255,2013.0,20763.0,0.0,-0.31053400000000003,-0.8534280000000001,CUB,TZA,7436
2277119,58,226,1255,2013.0,13290.0,0.0,0.36482800000000004,0.527544,CYP,TZA,7436
2277120,59,226,1255,2013.0,18839.0,0.0,1.829509,-0.41787700000000005,CZE,TZA,7436
2277121,61,226,1255,2013.0,4174936.0,1820.0,2.1086869999999998,-3.7092,DEU,TZA,7436
2277122,64,226,1255,2013.0,24621.0,0.0,1.190302,1.062991,DNK,TZA,7436
2277123,68,226,1255,2013.0,1192.0,0.0,-0.12015799999999999,1.793363,EGY,TZA,7436
2277124,71,226,1255,2013.0,61060.0,0.0,0.955472,1.80005,ESP,TZA,7436
2277125,74,226,1255,2013.0,4145.0,0.0,1.700282,0.867677,FIN,TZA,7436
2277126,77,226,1255,2013.0,205545.0,0.0,1.5253299999999999,0.026146,FRA,TZA,7436
2277127,81,226,1255,2013.0,247400.0,33978.0,1.628465,0.77075,GBR,TZA,7436
2277128,83,226,1255,2013.0,1952.0,10819.0,-0.696971,-0.5807939999999999,GHA,TZA,7436
2277129,97,226,1255,2013.0,31694.0,0.0,0.791401,1.249845,HKG,TZA,7436
2277130,103,226,1255,2013.0,84073.0,0.0,-0.006876999999999999,1.8336569999999999,IDN,TZA,7436
2277131,104,226,1255,2013.0,2287394.0,0.0,0.18186,2.647598,IND,TZA,7436
2277132,110,226,1255,2013.0,26200.0,0.0,1.0247629999999999,0.8261639999999999,ISR,TZA,7436
2277133,111,226,1255,2013.0,304571.0,0.0,1.419383,-0.304402,ITA,TZA,7436
2277134,114,226,1255,2013.0,86875.0,0.0,2.333417,-0.818701,JPN,TZA,7436
2277135,116,226,1255,2013.0,184138.0,72445.0,-0.303119,0.626786,KEN,TZA,7436
2277136,121,226,1255,2013.0,74065.0,4712.0,1.817145,0.835414,KOR,TZA,7436
2277137,124,226,1255,2013.0,1857.0,0.0,0.37392800000000004,1.413136,LBN,TZA,7436
2277138,147,226,1255,2013.0,139433.0,5287.0,-1.131512,-0.8923840000000001,MOZ,TZA,7436
2277139,152,226,1255,2013.0,0.0,5618.0,-0.802763,-0.8101470000000001,MWI,TZA,7436
2277140,153,226,1255,2013.0,450438.0,0.0,0.924532,0.671334,MYS,TZA,7436
2277141,155,226,1255,2013.0,642652.0,0.0,-0.316805,-0.38759099999999996,NAM,TZA,7436
2277142,162,226,1255,2013.0,548531.0,2022.0,1.012006,1.441545,NLD,TZA,7436
2277143,163,226,1255,2013.0,21028.0,0.0,0.710901,0.062705,NOR,TZA,7436
2277144,167,226,1255,2013.0,15130.0,0.0,-0.698693,-1.030814,OMN,TZA,7436
2277145,168,226,1255,2013.0,6085.0,0.0,-0.697224,0.501576,PAK,TZA,7436
2277146,177,226,1255,2013.0,5304.0,0.0,1.11341,0.975734,POL,TZA,7436
2277147,179,226,1255,2013.0,2767.0,0.0,0.705087,2.2055580000000004,PRT,TZA,7436
2277148,183,226,1255,2013.0,1756.0,0.0,-0.583609,-1.003754,QAT,TZA,7436
2277149,185,226,1255,2013.0,43051.0,0.0,1.05722,1.0968799999999999,ROU,TZA,7436
2277150,187,226,1255,2013.0,0.0,8300.0,-0.535446,-0.662881,RWA,TZA,7436
2277151,192,226,1255,2013.0,456892.0,0.0,1.844685,0.639379,SGP,TZA,7436
2277152,206,226,1255,2013.0,2264.0,0.0,1.510052,0.7060310000000001,SVK,TZA,7436
2277153,208,226,1255,2013.0,219734.0,0.0,1.7851290000000002,0.182623,SWE,TZA,7436
2277154,215,226,1255,2013.0,0.0,5099.0,-0.532095,-0.434276,TGO,TZA,7436
2277155,216,226,1255,2013.0,126395.0,0.0,1.067287,1.2767110000000002,THA,TZA,7436
2277156,223,226,1255,2013.0,3560.0,0.0,0.40154,0.902177,TUN,TZA,7436
2277157,224,226,1255,2013.0,228643.0,0.0,0.580016,2.394812,TUR,TZA,7436
2277158,227,226,1255,2013.0,0.0,1669.0,-0.46170100000000003,0.652878,UGA,TZA,7436
2277159,231,226,1255,2013.0,1226222.0,0.0,1.612058,-0.8592989999999999,USA,TZA,7436
2277160,246,226,1255,2013.0,2736155.0,13434.0,0.11624100000000001,1.574591,ZAF,TZA,7436
2277161,247,226,1255,2013.0,0.0,17626.0,-0.293192,-0.42930100000000004,ZMB,TZA,7436
2277162,249,226,1255,2013.0,27911.0,0.0,1.7382849999999999,0.9917739999999999,TWN,TZA,7436
2277163,7,227,1255,2013.0,327572.0,129627.0,-0.338417,-0.754102,ARE,UGA,7436
2277164,14,227,1255,2013.0,13950.0,0.0,-0.63369,-0.276328,AUS,UGA,7436
2277165,15,227,1255,2013.0,4448.0,0.0,1.855434,-1.06494,AUT,UGA,7436
2277166,17,227,1255,2013.0,0.0,1057.0,-0.602481,-0.6338689999999999,BDI,UGA,7436
2277167,18,227,1255,2013.0,474515.0,10444.0,1.198491,1.117268,BEL,UGA,7436
2277168,32,227,1255,2013.0,1718.0,0.0,0.2804,0.649729,BRA,UGA,7436
2277169,39,227,1255,2013.0,64951.0,0.0,0.599305,1.193591,CAN,UGA,7436
2277170,41,227,1255,2013.0,22890.0,0.0,2.0899229999999998,0.661667,CHE,UGA,7436
2277171,43,227,1255,2013.0,2080554.0,0.0,1.24864,0.667713,CHN,UGA,7436
2277172,46,227,1255,2013.0,0.0,58835.0,-1.450075,-1.115916,COD,UGA,7436
2277173,59,227,1255,2013.0,7688.0,0.0,1.829509,-0.41787700000000005,CZE,UGA,7436
2277174,61,227,1255,2013.0,290753.0,0.0,2.1086869999999998,-3.7092,DEU,UGA,7436
2277175,64,227,1255,2013.0,2560.0,0.0,1.190302,1.062991,DNK,UGA,7436
2277176,68,227,1255,2013.0,24813.0,0.0,-0.12015799999999999,1.793363,EGY,UGA,7436
2277177,71,227,1255,2013.0,1491.0,0.0,0.955472,1.80005,ESP,UGA,7436
2277178,73,227,1255,2013.0,0.0,16171.0,-1.1373090000000001,-0.89186,ETH,UGA,7436
2277179,77,227,1255,2013.0,488541.0,3635.0,1.5253299999999999,0.026146,FRA,UGA,7436
2277180,80,227,1255,2013.0,52479.0,0.0,-1.652062,-1.140576,GAB,UGA,7436
2277181,81,227,1255,2013.0,268142.0,87850.0,1.628465,0.77075,GBR,UGA,7436
2277182,83,227,1255,2013.0,1438.0,0.0,-0.696971,-0.5807939999999999,GHA,UGA,7436
2277183,97,227,1255,2013.0,30031.0,0.0,0.791401,1.249845,HKG,UGA,7436
2277184,102,227,1255,2013.0,4719.0,0.0,1.6962560000000002,0.45460600000000007,HUN,UGA,7436
2277185,104,227,1255,2013.0,788666.0,0.0,0.18186,2.647598,IND,UGA,7436
2277186,110,227,1255,2013.0,56680.0,0.0,1.0247629999999999,0.8261639999999999,ISR,UGA,7436
2277187,111,227,1255,2013.0,463932.0,0.0,1.419383,-0.304402,ITA,UGA,7436
2277188,114,227,1255,2013.0,36955.0,0.0,2.333417,-0.818701,JPN,UGA,7436
2277189,116,227,1255,2013.0,612831.0,8262.0,-0.303119,0.626786,KEN,UGA,7436
2277190,121,227,1255,2013.0,14424.0,0.0,1.817145,0.835414,KOR,UGA,7436
2277191,124,227,1255,2013.0,3634.0,0.0,0.37392800000000004,1.413136,LBN,UGA,7436
2277192,147,227,1255,2013.0,3122.0,0.0,-1.131512,-0.8923840000000001,MOZ,UGA,7436
2277193,151,227,1255,2013.0,90611.0,0.0,-0.092312,0.050927,MUS,UGA,7436
2277194,153,227,1255,2013.0,158151.0,0.0,0.924532,0.671334,MYS,UGA,7436
2277195,159,227,1255,2013.0,14730.0,0.0,-1.679402,-1.14686,NGA,UGA,7436
2277196,162,227,1255,2013.0,23132.0,0.0,1.012006,1.441545,NLD,UGA,7436
2277197,168,227,1255,2013.0,4478.0,0.0,-0.697224,0.501576,PAK,UGA,7436
2277198,177,227,1255,2013.0,1898.0,7842.0,1.11341,0.975734,POL,UGA,7436
2277199,185,227,1255,2013.0,2313.0,0.0,1.05722,1.0968799999999999,ROU,UGA,7436
2277200,187,227,1255,2013.0,0.0,9110.0,-0.535446,-0.662881,RWA,UGA,7436
2277201,190,227,1255,2013.0,0.0,10784.0,-1.224897,-1.059517,SDN,UGA,7436
2277202,192,227,1255,2013.0,14354.0,0.0,1.844685,0.639379,SGP,UGA,7436
2277203,199,227,1255,2013.0,0.0,7280.0,-0.9790979999999999,-0.8632620000000001,SOM,UGA,7436
2277204,202,227,1255,2013.0,0.0,43705.0,-2.285908,-0.696735,SSD,UGA,7436
2277205,206,227,1255,2013.0,2524.0,0.0,1.510052,0.7060310000000001,SVK,UGA,7436
2277206,208,227,1255,2013.0,195531.0,0.0,1.7851290000000002,0.182623,SWE,UGA,7436
2277207,216,227,1255,2013.0,2593.0,0.0,1.067287,1.2767110000000002,THA,UGA,7436
2277208,224,227,1255,2013.0,42910.0,0.0,0.580016,2.394812,TUR,UGA,7436
2277209,226,227,1255,2013.0,1669.0,0.0,-0.654655,0.903574,TZA,UGA,7436
2277210,231,227,1255,2013.0,138404.0,0.0,1.612058,-0.8592989999999999,USA,UGA,7436
2277211,246,227,1255,2013.0,749230.0,0.0,0.11624100000000001,1.574591,ZAF,UGA,7436
2277212,249,227,1255,2013.0,1348.0,0.0,1.7382849999999999,0.9917739999999999,TWN,UGA,7436
2277213,39,229,1255,2013.0,73052.0,0.0,0.599305,1.193591,CAN,UMI,7436
2277214,106,229,1255,2013.0,15113.0,0.0,1.32787,0.394579,IRL,UMI,7436
2277215,43,237,1255,2013.0,6871.0,0.0,1.24864,0.667713,CHN,VGB,7436
2277216,52,237,1255,2013.0,51389.0,0.0,0.208669,-0.54783,CRI,VGB,7436
2277217,61,237,1255,2013.0,15718.0,0.0,2.1086869999999998,-3.7092,DEU,VGB,7436
2277218,64,237,1255,2013.0,3609.0,0.0,1.190302,1.062991,DNK,VGB,7436
2277219,81,237,1255,2013.0,17917.0,0.0,1.628465,0.77075,GBR,VGB,7436
2277220,100,237,1255,2013.0,5036.0,0.0,0.8737309999999999,1.276091,HRV,VGB,7436
2277221,186,237,1255,2013.0,0.0,1433730.0,-0.08233,-0.267781,RUS,VGB,7436
2277222,201,237,1255,2013.0,2033.0,0.0,0.609755,1.355304,SRB,VGB,7436
2277223,228,237,1255,2013.0,41325.0,0.0,0.535571,1.026263,UKR,VGB,7436
2277224,231,237,1255,2013.0,445788.0,0.0,1.612058,-0.8592989999999999,USA,VGB,7436
2277225,248,237,1255,2013.0,0.0,1278.0,-0.841968,-0.898121,ZWE,VGB,7436
2277226,7,247,1255,2013.0,73927.0,0.0,-0.338417,-0.754102,ARE,ZMB,7436
2277227,8,247,1255,2013.0,2573.0,0.0,0.042829,0.461002,ARG,ZMB,7436
2277228,14,247,1255,2013.0,33787.0,0.0,-0.63369,-0.276328,AUS,ZMB,7436
2277229,15,247,1255,2013.0,5670.0,0.0,1.855434,-1.06494,AUT,ZMB,7436
2277230,18,247,1255,2013.0,599727.0,0.0,1.198491,1.117268,BEL,ZMB,7436
2277231,23,247,1255,2013.0,22793.0,0.0,0.622325,1.5506229999999999,BGR,ZMB,7436
2277232,28,247,1255,2013.0,1403.0,0.0,1.183522,0.934159,BLR,ZMB,7436
2277233,32,247,1255,2013.0,13735.0,0.0,0.2804,0.649729,BRA,ZMB,7436
2277234,37,247,1255,2013.0,6486.0,0.0,-0.677782,-1.0888149999999999,BWA,ZMB,7436
2277235,39,247,1255,2013.0,3343492.0,36832.0,0.599305,1.193591,CAN,ZMB,7436
2277236,41,247,1255,2013.0,1982.0,0.0,2.0899229999999998,0.661667,CHE,ZMB,7436
2277237,42,247,1255,2013.0,12980.0,0.0,-0.184556,-0.238657,CHL,ZMB,7436
2277238,43,247,1255,2013.0,8543650.0,0.0,1.24864,0.667713,CHN,ZMB,7436
2277239,46,247,1255,2013.0,9013.0,557114.0,-1.450075,-1.115916,COD,ZMB,7436
2277240,58,247,1255,2013.0,8275.0,0.0,0.36482800000000004,0.527544,CYP,ZMB,7436
2277241,59,247,1255,2013.0,56103.0,0.0,1.829509,-0.41787700000000005,CZE,ZMB,7436
2277242,61,247,1255,2013.0,847346.0,0.0,2.1086869999999998,-3.7092,DEU,ZMB,7436
2277243,64,247,1255,2013.0,6529.0,0.0,1.190302,1.062991,DNK,ZMB,7436
2277244,71,247,1255,2013.0,411242.0,0.0,0.955472,1.80005,ESP,ZMB,7436
2277245,74,247,1255,2013.0,3818796.0,0.0,1.700282,0.867677,FIN,ZMB,7436
2277246,77,247,1255,2013.0,161364.0,0.0,1.5253299999999999,0.026146,FRA,ZMB,7436
2277247,81,247,1255,2013.0,630685.0,2216.0,1.628465,0.77075,GBR,ZMB,7436
2277248,83,247,1255,2013.0,2005.0,0.0,-0.696971,-0.5807939999999999,GHA,ZMB,7436
2277249,97,247,1255,2013.0,36372.0,0.0,0.791401,1.249845,HKG,ZMB,7436
2277250,104,247,1255,2013.0,913369.0,0.0,0.18186,2.647598,IND,ZMB,7436
2277251,106,247,1255,2013.0,594648.0,0.0,1.32787,0.394579,IRL,ZMB,7436
2277252,110,247,1255,2013.0,97271.0,0.0,1.0247629999999999,0.8261639999999999,ISR,ZMB,7436
2277253,111,247,1255,2013.0,92449.0,0.0,1.419383,-0.304402,ITA,ZMB,7436
2277254,114,247,1255,2013.0,56813.0,0.0,2.333417,-0.818701,JPN,ZMB,7436
2277255,116,247,1255,2013.0,80442.0,0.0,-0.303119,0.626786,KEN,ZMB,7436
2277256,121,247,1255,2013.0,23738.0,0.0,1.817145,0.835414,KOR,ZMB,7436
2277257,138,247,1255,2013.0,395963.0,0.0,1.2327219999999999,0.746108,MEX,ZMB,7436
2277258,151,247,1255,2013.0,169961.0,0.0,-0.092312,0.050927,MUS,ZMB,7436
2277259,152,247,1255,2013.0,0.0,17153.0,-0.802763,-0.8101470000000001,MWI,ZMB,7436
2277260,153,247,1255,2013.0,6557.0,0.0,0.924532,0.671334,MYS,ZMB,7436
2277261,155,247,1255,2013.0,2673.0,0.0,-0.316805,-0.38759099999999996,NAM,ZMB,7436
2277262,159,247,1255,2013.0,4026.0,0.0,-1.679402,-1.14686,NGA,ZMB,7436
2277263,162,247,1255,2013.0,82447.0,42296.0,1.012006,1.441545,NLD,ZMB,7436
2277264,179,247,1255,2013.0,5565.0,0.0,0.705087,2.2055580000000004,PRT,ZMB,7436
2277265,185,247,1255,2013.0,27509.0,0.0,1.05722,1.0968799999999999,ROU,ZMB,7436
2277266,188,247,1255,2013.0,0.0,1623.0,-0.14823599999999998,-0.883965,SAU,ZMB,7436
2277267,192,247,1255,2013.0,24367.0,0.0,1.844685,0.639379,SGP,ZMB,7436
2277268,206,247,1255,2013.0,38822.0,0.0,1.510052,0.7060310000000001,SVK,ZMB,7436
2277269,208,247,1255,2013.0,1885757.0,13685.0,1.7851290000000002,0.182623,SWE,ZMB,7436
2277270,209,247,1255,2013.0,19885.0,0.0,0.017946,-0.20627399999999999,SWZ,ZMB,7436
2277271,224,247,1255,2013.0,26611.0,0.0,0.580016,2.394812,TUR,ZMB,7436
2277272,226,247,1255,2013.0,17626.0,0.0,-0.654655,0.903574,TZA,ZMB,7436
2277273,231,247,1255,2013.0,2162884.0,12995.0,1.612058,-0.8592989999999999,USA,ZMB,7436
2277274,246,247,1255,2013.0,13397417.0,140852.0,0.11624100000000001,1.574591,ZAF,ZMB,7436
2277275,248,247,1255,2013.0,24623.0,22534.0,-0.841968,-0.898121,ZWE,ZMB,7436
2277276,249,247,1255,2013.0,3039.0,0.0,1.7382849999999999,0.9917739999999999,TWN,ZMB,7436
2277277,39,13,1255,2013.0,7895.0,0.0,0.599305,1.193591,CAN,ATG,7436
2277278,41,13,1255,2013.0,5853.0,0.0,2.0899229999999998,0.661667,CHE,ATG,7436
2277279,43,13,1255,2013.0,96733.0,0.0,1.24864,0.667713,CHN,ATG,7436
2277280,55,13,1255,2013.0,9913.0,0.0,-0.145402,-0.556962,CUW,ATG,7436
2277281,61,13,1255,2013.0,60484.0,0.0,2.1086869999999998,-3.7092,DEU,ATG,7436
2277282,74,13,1255,2013.0,7303.0,0.0,1.700282,0.867677,FIN,ATG,7436
2277283,77,13,1255,2013.0,18702.0,0.0,1.5253299999999999,0.026146,FRA,ATG,7436
2277284,81,13,1255,2013.0,3883.0,4622.0,1.628465,0.77075,GBR,ATG,7436
2277285,97,13,1255,2013.0,1085.0,0.0,0.791401,1.249845,HKG,ATG,7436
2277286,111,13,1255,2013.0,3043.0,0.0,1.419383,-0.304402,ITA,ATG,7436
2277287,114,13,1255,2013.0,5330.0,0.0,2.333417,-0.818701,JPN,ATG,7436
2277288,121,13,1255,2013.0,0.0,16115.0,1.817145,0.835414,KOR,ATG,7436
2277289,127,13,1255,2013.0,0.0,3970.0,0.433648,-0.288346,LCA,ATG,7436
2277290,138,13,1255,2013.0,0.0,17195.0,1.2327219999999999,0.746108,MEX,ATG,7436
2277291,162,13,1255,2013.0,2462.0,0.0,1.012006,1.441545,NLD,ATG,7436
2277292,208,13,1255,2013.0,1209.0,0.0,1.7851290000000002,0.182623,SWE,ATG,7436
2277293,222,13,1255,2013.0,4037.0,0.0,-0.399437,-1.047864,TTO,ATG,7436
2277294,231,13,1255,2013.0,132260.0,1322.0,1.612058,-0.8592989999999999,USA,ATG,7436
2277295,249,13,1255,2013.0,1102.0,0.0,1.7382849999999999,0.9917739999999999,TWN,ATG,7436
2277296,13,127,1255,2013.0,3970.0,0.0,0.25821500000000003,-0.383761,ATG,LCA,7436
2277297,18,127,1255,2013.0,8825.0,0.0,1.198491,1.117268,BEL,LCA,7436
2277298,33,127,1255,2013.0,46068.0,0.0,0.607845,0.09196,BRB,LCA,7436
2277299,39,127,1255,2013.0,5231.0,0.0,0.599305,1.193591,CAN,LCA,7436
2277300,43,127,1255,2013.0,13771.0,0.0,1.24864,0.667713,CHN,LCA,7436
2277301,63,127,1255,2013.0,5580.0,0.0,0.13787,-0.12528399999999998,DMA,LCA,7436
2277302,77,127,1255,2013.0,45391.0,0.0,1.5253299999999999,0.026146,FRA,LCA,7436
2277303,81,127,1255,2013.0,21646.0,0.0,1.628465,0.77075,GBR,LCA,7436
2277304,111,127,1255,2013.0,179822.0,0.0,1.419383,-0.304402,ITA,LCA,7436
2277305,114,127,1255,2013.0,22535.0,0.0,2.333417,-0.818701,JPN,LCA,7436
2277306,138,127,1255,2013.0,4451.0,0.0,1.2327219999999999,0.746108,MEX,LCA,7436
2277307,162,127,1255,2013.0,12848.0,0.0,1.012006,1.441545,NLD,LCA,7436
2277308,222,127,1255,2013.0,24167.0,0.0,-0.399437,-1.047864,TTO,LCA,7436
2277309,231,127,1255,2013.0,279851.0,19910.0,1.612058,-0.8592989999999999,USA,LCA,7436
2277310,25,149,1255,2013.0,1041.0,0.0,0.496435,-0.324394,BHS,MSR,7436
2277311,33,149,1255,2013.0,2308.0,0.0,0.607845,0.09196,BRB,MSR,7436
2277312,63,149,1255,2013.0,1242.0,0.0,0.13787,-0.12528399999999998,DMA,MSR,7436
2277313,231,149,1255,2013.0,23493.0,0.0,1.612058,-0.8592989999999999,USA,MSR,7436
2277314,14,175,1255,2013.0,2884.0,0.0,-0.63369,-0.276328,AUS,PLW,7436
2277315,43,175,1255,2013.0,1941.0,0.0,1.24864,0.667713,CHN,PLW,7436
2277316,95,175,1255,2013.0,93751.0,0.0,0.425936,-0.069886,GUM,PLW,7436
2277317,114,175,1255,2013.0,38025.0,0.0,2.333417,-0.818701,JPN,PLW,7436
2277318,174,175,1255,2013.0,2041.0,0.0,0.639083,0.45816899999999994,PHL,PLW,7436
2277319,192,175,1255,2013.0,844571.0,0.0,1.844685,0.639379,SGP,PLW,7436
2277320,231,175,1255,2013.0,24955.0,0.0,1.612058,-0.8592989999999999,USA,PLW,7436
2277321,249,175,1255,2013.0,49525.0,0.0,1.7382849999999999,0.9917739999999999,TWN,PLW,7436
2277322,7,2,1255,2013.0,2550232.0,0.0,-0.338417,-0.754102,ARE,AGO,7436
2277323,8,2,1255,2013.0,10997.0,0.0,0.042829,0.461002,ARG,AGO,7436
2277324,14,2,1255,2013.0,4520.0,0.0,-0.63369,-0.276328,AUS,AGO,7436
2277325,15,2,1255,2013.0,80701.0,0.0,1.855434,-1.06494,AUT,AGO,7436
2277326,18,2,1255,2013.0,2239504.0,0.0,1.198491,1.117268,BEL,AGO,7436
2277327,23,2,1255,2013.0,18529.0,0.0,0.622325,1.5506229999999999,BGR,AGO,7436
2277328,25,2,1255,2013.0,3411.0,0.0,0.496435,-0.324394,BHS,AGO,7436
2277329,28,2,1255,2013.0,7738.0,0.0,1.183522,0.934159,BLR,AGO,7436
2277330,32,2,1255,2013.0,3096993.0,0.0,0.2804,0.649729,BRA,AGO,7436
2277331,39,2,1255,2013.0,227092.0,0.0,0.599305,1.193591,CAN,AGO,7436
2277332,41,2,1255,2013.0,986625.0,0.0,2.0899229999999998,0.661667,CHE,AGO,7436
2277333,43,2,1255,2013.0,10231918.0,0.0,1.24864,0.667713,CHN,AGO,7436
2277334,44,2,1255,2013.0,2547.0,0.0,-1.0025870000000001,-0.901658,CIV,AGO,7436
2277335,46,2,1255,2013.0,3036.0,0.0,-1.450075,-1.115916,COD,AGO,7436
2277336,47,2,1255,2013.0,26901.0,0.0,-1.478461,-1.094509,COG,AGO,7436
2277337,49,2,1255,2013.0,261361.0,0.0,0.034491,-0.36975,COL,AGO,7436
2277338,58,2,1255,2013.0,635817.0,0.0,0.36482800000000004,0.527544,CYP,AGO,7436
2277339,59,2,1255,2013.0,64378.0,0.0,1.829509,-0.41787700000000005,CZE,AGO,7436
2277340,61,2,1255,2013.0,3495535.0,0.0,2.1086869999999998,-3.7092,DEU,AGO,7436
2277341,64,2,1255,2013.0,473471.0,0.0,1.190302,1.062991,DNK,AGO,7436
2277342,68,2,1255,2013.0,19031.0,0.0,-0.12015799999999999,1.793363,EGY,AGO,7436
2277343,71,2,1255,2013.0,8330629.0,0.0,0.955472,1.80005,ESP,AGO,7436
2277344,74,2,1255,2013.0,3449.0,0.0,1.700282,0.867677,FIN,AGO,7436
2277345,77,2,1255,2013.0,2320852.0,10232.0,1.5253299999999999,0.026146,FRA,AGO,7436
2277346,81,2,1255,2013.0,4639154.0,0.0,1.628465,0.77075,GBR,AGO,7436
2277347,83,2,1255,2013.0,53222.0,0.0,-0.696971,-0.5807939999999999,GHA,AGO,7436
2277348,85,2,1255,2013.0,50940.0,0.0,-1.281072,-1.027585,GIN,AGO,7436
2277349,97,2,1255,2013.0,48090.0,0.0,0.791401,1.249845,HKG,AGO,7436
2277350,103,2,1255,2013.0,17309.0,0.0,-0.006876999999999999,1.8336569999999999,IDN,AGO,7436
2277351,104,2,1255,2013.0,163379.0,0.0,0.18186,2.647598,IND,AGO,7436
2277352,106,2,1255,2013.0,37284.0,0.0,1.32787,0.394579,IRL,AGO,7436
2277353,110,2,1255,2013.0,349077.0,0.0,1.0247629999999999,0.8261639999999999,ISR,AGO,7436
2277354,111,2,1255,2013.0,3632794.0,0.0,1.419383,-0.304402,ITA,AGO,7436
2277355,114,2,1255,2013.0,39825936.0,0.0,2.333417,-0.818701,JPN,AGO,7436
2277356,120,2,1255,2013.0,2798.0,0.0,0.983857,-0.051745000000000006,KNA,AGO,7436
2277357,121,2,1255,2013.0,524175.0,0.0,1.817145,0.835414,KOR,AGO,7436
2277358,124,2,1255,2013.0,321748.0,0.0,0.37392800000000004,1.413136,LBN,AGO,7436
2277359,130,2,1255,2013.0,1472.0,0.0,0.677986,1.29227,LTU,AGO,7436
2277360,131,2,1255,2013.0,6372.0,0.0,1.0110190000000001,1.123226,LUX,AGO,7436
2277361,133,2,1255,2013.0,1084.0,0.0,0.43873,0.275559,MAC,AGO,7436
2277362,134,2,1255,2013.0,380300.0,0.0,-0.474872,0.178118,MAR,AGO,7436
2277363,138,2,1255,2013.0,50641.0,0.0,1.2327219999999999,0.746108,MEX,AGO,7436
2277364,142,2,1255,2013.0,53491.0,0.0,0.710108,-0.014586000000000002,MLT,AGO,7436
2277365,147,2,1255,2013.0,64356.0,7839.0,-1.131512,-0.8923840000000001,MOZ,AGO,7436
2277366,151,2,1255,2013.0,4691.0,0.0,-0.092312,0.050927,MUS,AGO,7436
2277367,153,2,1255,2013.0,24391906.0,0.0,0.924532,0.671334,MYS,AGO,7436
2277368,155,2,1255,2013.0,976067.0,0.0,-0.316805,-0.38759099999999996,NAM,AGO,7436
2277369,158,2,1255,2013.0,89789.0,0.0,1.23336,0.204111,NFK,AGO,7436
2277370,159,2,1255,2013.0,19325.0,23929.0,-1.679402,-1.14686,NGA,AGO,7436
2277371,162,2,1255,2013.0,2359320.0,0.0,1.012006,1.441545,NLD,AGO,7436
2277372,163,2,1255,2013.0,111529.0,0.0,0.710901,0.062705,NOR,AGO,7436
2277373,169,2,1255,2013.0,92541.0,0.0,0.8719819999999999,1.038982,PAN,AGO,7436
2277374,177,2,1255,2013.0,506436.0,0.0,1.11341,0.975734,POL,AGO,7436
2277375,178,2,1255,2013.0,1494.0,0.0,-0.304923,-0.301578,PRK,AGO,7436
2277376,179,2,1255,2013.0,27623896.0,38261.0,0.705087,2.2055580000000004,PRT,AGO,7436
2277377,180,2,1255,2013.0,9587.0,0.0,-0.560661,-0.822876,PRY,AGO,7436
2277378,186,2,1255,2013.0,89691.0,0.0,-0.08233,-0.267781,RUS,AGO,7436
2277379,188,2,1255,2013.0,23385.0,0.0,-0.14823599999999998,-0.883965,SAU,AGO,7436
2277380,191,2,1255,2013.0,19115.0,0.0,-0.566624,-0.185277,SEN,AGO,7436
2277381,192,2,1255,2013.0,1053798.0,0.0,1.844685,0.639379,SGP,AGO,7436
2277382,201,2,1255,2013.0,55828.0,0.0,0.609755,1.355304,SRB,AGO,7436
2277383,207,2,1255,2013.0,1309.0,0.0,1.55922,0.565874,SVN,AGO,7436
2277384,208,2,1255,2013.0,330212.0,5224.0,1.7851290000000002,0.182623,SWE,AGO,7436
2277385,209,2,1255,2013.0,17208.0,0.0,0.017946,-0.20627399999999999,SWZ,AGO,7436
2277386,215,2,1255,2013.0,3354.0,0.0,-0.532095,-0.434276,TGO,AGO,7436
2277387,216,2,1255,2013.0,141766.0,0.0,1.067287,1.2767110000000002,THA,AGO,7436
2277388,223,2,1255,2013.0,4568.0,0.0,0.40154,0.902177,TUN,AGO,7436
2277389,224,2,1255,2013.0,266788.0,0.0,0.580016,2.394812,TUR,AGO,7436
2277390,228,2,1255,2013.0,2894.0,0.0,0.535571,1.026263,UKR,AGO,7436
2277391,230,2,1255,2013.0,295818.0,0.0,0.128825,0.02334,URY,AGO,7436
2277392,231,2,1255,2013.0,27295976.0,0.0,1.612058,-0.8592989999999999,USA,AGO,7436
2277393,239,2,1255,2013.0,37085.0,0.0,0.009264,1.182368,VNM,AGO,7436
2277394,246,2,1255,2013.0,4324480.0,0.0,0.11624100000000001,1.574591,ZAF,AGO,7436
2277395,249,2,1255,2013.0,57313.0,0.0,1.7382849999999999,0.9917739999999999,TWN,AGO,7436
2277396,7,89,1255,2013.0,2013419.0,0.0,-0.338417,-0.754102,ARE,GNQ,7436
2277397,18,89,1255,2013.0,497765.0,0.0,1.198491,1.117268,BEL,GNQ,7436
2277398,28,89,1255,2013.0,1706.0,0.0,1.183522,0.934159,BLR,GNQ,7436
2277399,32,89,1255,2013.0,653550.0,0.0,0.2804,0.649729,BRA,GNQ,7436
2277400,43,89,1255,2013.0,534029.0,0.0,1.24864,0.667713,CHN,GNQ,7436
2277401,45,89,1255,2013.0,19317.0,0.0,-0.93575,-1.003851,CMR,GNQ,7436
2277402,61,89,1255,2013.0,119046.0,0.0,2.1086869999999998,-3.7092,DEU,GNQ,7436
2277403,64,89,1255,2013.0,414310.0,0.0,1.190302,1.062991,DNK,GNQ,7436
2277404,71,89,1255,2013.0,1291486.0,0.0,0.955472,1.80005,ESP,GNQ,7436
2277405,77,89,1255,2013.0,1065311.0,0.0,1.5253299999999999,0.026146,FRA,GNQ,7436
2277406,81,89,1255,2013.0,447618.0,0.0,1.628465,0.77075,GBR,GNQ,7436
2277407,103,89,1255,2013.0,41142.0,0.0,-0.006876999999999999,1.8336569999999999,IDN,GNQ,7436
2277408,110,89,1255,2013.0,30000.0,0.0,1.0247629999999999,0.8261639999999999,ISR,GNQ,7436
2277409,111,89,1255,2013.0,476078.0,0.0,1.419383,-0.304402,ITA,GNQ,7436
2277410,114,89,1255,2013.0,4109.0,0.0,2.333417,-0.818701,JPN,GNQ,7436
2277411,121,89,1255,2013.0,4533.0,0.0,1.817145,0.835414,KOR,GNQ,7436
2277412,124,89,1255,2013.0,31840.0,0.0,0.37392800000000004,1.413136,LBN,GNQ,7436
2277413,130,89,1255,2013.0,1018.0,0.0,0.677986,1.29227,LTU,GNQ,7436
2277414,134,89,1255,2013.0,324060.0,0.0,-0.474872,0.178118,MAR,GNQ,7436
2277415,153,89,1255,2013.0,94727.0,0.0,0.924532,0.671334,MYS,GNQ,7436
2277416,162,89,1255,2013.0,207426.0,0.0,1.012006,1.441545,NLD,GNQ,7436
2277417,179,89,1255,2013.0,1310731.0,0.0,0.705087,2.2055580000000004,PRT,GNQ,7436
2277418,191,89,1255,2013.0,0.0,7762.0,-0.566624,-0.185277,SEN,GNQ,7436
2277419,192,89,1255,2013.0,4970.0,0.0,1.844685,0.639379,SGP,GNQ,7436
2277420,208,89,1255,2013.0,6310.0,0.0,1.7851290000000002,0.182623,SWE,GNQ,7436
2277421,224,89,1255,2013.0,154672.0,0.0,0.580016,2.394812,TUR,GNQ,7436
2277422,228,89,1255,2013.0,165234.0,0.0,0.535571,1.026263,UKR,GNQ,7436
2277423,231,89,1255,2013.0,3128629.0,0.0,1.612058,-0.8592989999999999,USA,GNQ,7436
2277424,246,89,1255,2013.0,2308.0,0.0,0.11624100000000001,1.574591,ZAF,GNQ,7436
2277425,7,126,1255,2013.0,1539411.0,0.0,-0.338417,-0.754102,ARE,LBY,7436
2277426,15,126,1255,2013.0,56716.0,0.0,1.855434,-1.06494,AUT,LBY,7436
2277427,18,126,1255,2013.0,943022.0,0.0,1.198491,1.117268,BEL,LBY,7436
2277428,39,126,1255,2013.0,117450.0,0.0,0.599305,1.193591,CAN,LBY,7436
2277429,43,126,1255,2013.0,2259846.0,0.0,1.24864,0.667713,CHN,LBY,7436
2277430,58,126,1255,2013.0,122122.0,0.0,0.36482800000000004,0.527544,CYP,LBY,7436
2277431,59,126,1255,2013.0,37707.0,0.0,1.829509,-0.41787700000000005,CZE,LBY,7436
2277432,61,126,1255,2013.0,17171082.0,6416.0,2.1086869999999998,-3.7092,DEU,LBY,7436
2277433,64,126,1255,2013.0,52134.0,0.0,1.190302,1.062991,DNK,LBY,7436
2277434,68,126,1255,2013.0,14126.0,0.0,-0.12015799999999999,1.793363,EGY,LBY,7436
2277435,71,126,1255,2013.0,445424.0,0.0,0.955472,1.80005,ESP,LBY,7436
2277436,74,126,1255,2013.0,2489.0,0.0,1.700282,0.867677,FIN,LBY,7436
2277437,77,126,1255,2013.0,1486160.0,0.0,1.5253299999999999,0.026146,FRA,LBY,7436
2277438,81,126,1255,2013.0,3320134.0,0.0,1.628465,0.77075,GBR,LBY,7436
2277439,90,126,1255,2013.0,1886.0,0.0,0.073442,0.9857899999999999,GRC,LBY,7436
2277440,100,126,1255,2013.0,8167.0,0.0,0.8737309999999999,1.276091,HRV,LBY,7436
2277441,102,126,1255,2013.0,150360.0,0.0,1.6962560000000002,0.45460600000000007,HUN,LBY,7436
2277442,103,126,1255,2013.0,49280.0,0.0,-0.006876999999999999,1.8336569999999999,IDN,LBY,7436
2277443,104,126,1255,2013.0,230351.0,0.0,0.18186,2.647598,IND,LBY,7436
2277444,111,126,1255,2013.0,4733056.0,0.0,1.419383,-0.304402,ITA,LBY,7436
2277445,114,126,1255,2013.0,151377.0,0.0,2.333417,-0.818701,JPN,LBY,7436
2277446,121,126,1255,2013.0,9902982.0,0.0,1.817145,0.835414,KOR,LBY,7436
2277447,122,126,1255,2013.0,10985.0,0.0,-1.198985,-1.057248,KWT,LBY,7436
2277448,124,126,1255,2013.0,9789.0,0.0,0.37392800000000004,1.413136,LBN,LBY,7436
2277449,142,126,1255,2013.0,393652.0,0.0,0.710108,-0.014586000000000002,MLT,LBY,7436
2277450,153,126,1255,2013.0,207139.0,0.0,0.924532,0.671334,MYS,LBY,7436
2277451,162,126,1255,2013.0,4832130.0,0.0,1.012006,1.441545,NLD,LBY,7436
2277452,166,126,1255,2013.0,1492.0,0.0,0.192237,0.429825,NZL,LBY,7436
2277453,177,126,1255,2013.0,64727.0,0.0,1.11341,0.975734,POL,LBY,7436
2277454,179,126,1255,2013.0,16683.0,0.0,0.705087,2.2055580000000004,PRT,LBY,7436
2277455,185,126,1255,2013.0,42059.0,0.0,1.05722,1.0968799999999999,ROU,LBY,7436
2277456,186,126,1255,2013.0,11260.0,0.0,-0.08233,-0.267781,RUS,LBY,7436
2277457,192,126,1255,2013.0,161881.0,0.0,1.844685,0.639379,SGP,LBY,7436
2277458,206,126,1255,2013.0,384054.0,0.0,1.510052,0.7060310000000001,SVK,LBY,7436
2277459,208,126,1255,2013.0,7680.0,0.0,1.7851290000000002,0.182623,SWE,LBY,7436
2277460,216,126,1255,2013.0,106649.0,0.0,1.067287,1.2767110000000002,THA,LBY,7436
2277461,223,126,1255,2013.0,558688.0,0.0,0.40154,0.902177,TUN,LBY,7436
2277462,224,126,1255,2013.0,5257232.0,0.0,0.580016,2.394812,TUR,LBY,7436
2277463,231,126,1255,2013.0,5253118.0,0.0,1.612058,-0.8592989999999999,USA,LBY,7436
2277464,249,126,1255,2013.0,2479465.0,0.0,1.7382849999999999,0.9917739999999999,TWN,LBY,7436
2277465,14,141,1255,2013.0,65693.0,0.0,-0.63369,-0.276328,AUS,MLI,7436
2277466,18,141,1255,2013.0,1255602.0,0.0,1.198491,1.117268,BEL,MLI,7436
2277467,21,141,1255,2013.0,5761.0,4737.0,-0.7231029999999999,-0.736291,BFA,MLI,7436
2277468,39,141,1255,2013.0,3237.0,1711.0,0.599305,1.193591,CAN,MLI,7436
2277469,43,141,1255,2013.0,252271.0,0.0,1.24864,0.667713,CHN,MLI,7436
2277470,44,141,1255,2013.0,184337.0,0.0,-1.0025870000000001,-0.901658,CIV,MLI,7436
2277471,61,141,1255,2013.0,124953.0,0.0,2.1086869999999998,-3.7092,DEU,MLI,7436
2277472,66,141,1255,2013.0,383969.0,0.0,-1.53603,-1.104965,DZA,MLI,7436
2277473,71,141,1255,2013.0,43847.0,0.0,0.955472,1.80005,ESP,MLI,7436
2277474,77,141,1255,2013.0,919641.0,0.0,1.5253299999999999,0.026146,FRA,MLI,7436
2277475,81,141,1255,2013.0,15557.0,0.0,1.628465,0.77075,GBR,MLI,7436
2277476,83,141,1255,2013.0,12610.0,0.0,-0.696971,-0.5807939999999999,GHA,MLI,7436
2277477,85,141,1255,2013.0,0.0,75675.0,-1.281072,-1.027585,GIN,MLI,7436
2277478,97,141,1255,2013.0,5762.0,0.0,0.791401,1.249845,HKG,MLI,7436
2277479,104,141,1255,2013.0,14739.0,0.0,0.18186,2.647598,IND,MLI,7436
2277480,111,141,1255,2013.0,27597.0,0.0,1.419383,-0.304402,ITA,MLI,7436
2277481,134,141,1255,2013.0,42451.0,0.0,-0.474872,0.178118,MAR,MLI,7436
2277482,162,141,1255,2013.0,13387.0,0.0,1.012006,1.441545,NLD,MLI,7436
2277483,179,141,1255,2013.0,7518.0,0.0,0.705087,2.2055580000000004,PRT,MLI,7436
2277484,191,141,1255,2013.0,436719.0,0.0,-0.566624,-0.185277,SEN,MLI,7436
2277485,206,141,1255,2013.0,713331.0,0.0,1.510052,0.7060310000000001,SVK,MLI,7436
2277486,208,141,1255,2013.0,14445.0,0.0,1.7851290000000002,0.182623,SWE,MLI,7436
2277487,224,141,1255,2013.0,25325.0,0.0,0.580016,2.394812,TUR,MLI,7436
2277488,231,141,1255,2013.0,137212.0,0.0,1.612058,-0.8592989999999999,USA,MLI,7436
2277489,246,141,1255,2013.0,296865.0,0.0,0.11624100000000001,1.574591,ZAF,MLI,7436
2277490,4,144,1255,2013.0,2714.0,13421.0,-0.44779300000000005,-0.13181700000000002,ALB,MNE,7436
2277491,15,144,1255,2013.0,308738.0,0.0,1.855434,-1.06494,AUT,MNE,7436
2277492,18,144,1255,2013.0,45705.0,0.0,1.198491,1.117268,BEL,MNE,7436
2277493,23,144,1255,2013.0,50191.0,0.0,0.622325,1.5506229999999999,BGR,MNE,7436
2277494,26,144,1255,2013.0,356010.0,13644.0,0.723658,0.9271879999999999,BIH,MNE,7436
2277495,32,144,1255,2013.0,1005.0,0.0,0.2804,0.649729,BRA,MNE,7436
2277496,39,144,1255,2013.0,9336.0,0.0,0.599305,1.193591,CAN,MNE,7436
2277497,41,144,1255,2013.0,93732.0,7727.0,2.0899229999999998,0.661667,CHE,MNE,7436
2277498,43,144,1255,2013.0,83492.0,0.0,1.24864,0.667713,CHN,MNE,7436
2277499,59,144,1255,2013.0,82776.0,0.0,1.829509,-0.41787700000000005,CZE,MNE,7436
2277500,61,144,1255,2013.0,1619576.0,0.0,2.1086869999999998,-3.7092,DEU,MNE,7436
2277501,64,144,1255,2013.0,2846.0,0.0,1.190302,1.062991,DNK,MNE,7436
2277502,71,144,1255,2013.0,24489.0,0.0,0.955472,1.80005,ESP,MNE,7436
2277503,77,144,1255,2013.0,46235.0,0.0,1.5253299999999999,0.026146,FRA,MNE,7436
2277504,81,144,1255,2013.0,49439.0,0.0,1.628465,0.77075,GBR,MNE,7436
2277505,90,144,1255,2013.0,1301.0,0.0,0.073442,0.9857899999999999,GRC,MNE,7436
2277506,100,144,1255,2013.0,314378.0,1293.0,0.8737309999999999,1.276091,HRV,MNE,7436
2277507,102,144,1255,2013.0,65801.0,0.0,1.6962560000000002,0.45460600000000007,HUN,MNE,7436
2277508,104,144,1255,2013.0,9036.0,0.0,0.18186,2.647598,IND,MNE,7436
2277509,106,144,1255,2013.0,4857.0,0.0,1.32787,0.394579,IRL,MNE,7436
2277510,111,144,1255,2013.0,268227.0,0.0,1.419383,-0.304402,ITA,MNE,7436
2277511,114,144,1255,2013.0,15685.0,0.0,2.333417,-0.818701,JPN,MNE,7436
2277512,121,144,1255,2013.0,10328.0,0.0,1.817145,0.835414,KOR,MNE,7436
2277513,138,144,1255,2013.0,7738.0,0.0,1.2327219999999999,0.746108,MEX,MNE,7436
2277514,140,144,1255,2013.0,35193.0,0.0,-0.127775,0.21915900000000002,MKD,MNE,7436
2277515,153,144,1255,2013.0,2136.0,0.0,0.924532,0.671334,MYS,MNE,7436
2277516,162,144,1255,2013.0,11510.0,0.0,1.012006,1.441545,NLD,MNE,7436
2277517,177,144,1255,2013.0,119514.0,0.0,1.11341,0.975734,POL,MNE,7436
2277518,185,144,1255,2013.0,1890.0,0.0,1.05722,1.0968799999999999,ROU,MNE,7436
2277519,186,144,1255,2013.0,2137.0,3153.0,-0.08233,-0.267781,RUS,MNE,7436
2277520,201,144,1255,2013.0,909986.0,33078.0,0.609755,1.355304,SRB,MNE,7436
2277521,206,144,1255,2013.0,12100.0,0.0,1.510052,0.7060310000000001,SVK,MNE,7436
2277522,207,144,1255,2013.0,788212.0,1868.0,1.55922,0.565874,SVN,MNE,7436
2277523,208,144,1255,2013.0,89946.0,0.0,1.7851290000000002,0.182623,SWE,MNE,7436
2277524,216,144,1255,2013.0,1940.0,0.0,1.067287,1.2767110000000002,THA,MNE,7436
2277525,223,144,1255,2013.0,13241.0,0.0,0.40154,0.902177,TUN,MNE,7436
2277526,224,144,1255,2013.0,17001.0,0.0,0.580016,2.394812,TUR,MNE,7436
2277527,231,144,1255,2013.0,103442.0,0.0,1.612058,-0.8592989999999999,USA,MNE,7436
2277528,249,144,1255,2013.0,9467.0,0.0,1.7382849999999999,0.9917739999999999,TWN,MNE,7436
2277529,250,144,1255,2013.0,2732.0,0.0,0.583151,0.14238299999999998,ANS,MNE,7436
2277530,15,198,1255,2013.0,6230.0,3378.0,1.855434,-1.06494,AUT,SMR,7436
2277531,18,198,1255,2013.0,6056.0,1231.0,1.198491,1.117268,BEL,SMR,7436
2277532,28,198,1255,2013.0,0.0,54559.0,1.183522,0.934159,BLR,SMR,7436
2277533,61,198,1255,2013.0,8909.0,0.0,2.1086869999999998,-3.7092,DEU,SMR,7436
2277534,64,198,1255,2013.0,0.0,16831.0,1.190302,1.062991,DNK,SMR,7436
2277535,77,198,1255,2013.0,18014.0,0.0,1.5253299999999999,0.026146,FRA,SMR,7436
2277536,90,198,1255,2013.0,0.0,7172.0,0.073442,0.9857899999999999,GRC,SMR,7436
2277537,162,198,1255,2013.0,0.0,8146.0,1.012006,1.441545,NLD,SMR,7436
2277538,179,198,1255,2013.0,0.0,10950.0,0.705087,2.2055580000000004,PRT,SMR,7436
2277539,186,198,1255,2013.0,0.0,12559.0,-0.08233,-0.267781,RUS,SMR,7436
2277540,188,198,1255,2013.0,0.0,41052.0,-0.14823599999999998,-0.883965,SAU,SMR,7436
2277541,231,198,1255,2013.0,10665.0,0.0,1.612058,-0.8592989999999999,USA,SMR,7436
2277542,236,198,1255,2013.0,0.0,14726.0,-1.281202,-1.094268,VEN,SMR,7436
2277543,39,213,1255,2013.0,32243.0,0.0,0.599305,1.193591,CAN,TCA,7436
2277544,81,213,1255,2013.0,15633.0,0.0,1.628465,0.77075,GBR,TCA,7436
2277545,157,213,1255,2013.0,0.0,11067.0,-1.0008350000000001,-0.8325670000000001,NER,TCA,7436
2277546,162,213,1255,2013.0,10969.0,0.0,1.012006,1.441545,NLD,TCA,7436
2277547,190,213,1255,2013.0,0.0,1258.0,-1.224897,-1.059517,SDN,TCA,7436
2277548,231,213,1255,2013.0,1755121.0,0.0,1.612058,-0.8592989999999999,USA,TCA,7436
2277549,7,217,1255,2013.0,43223.0,0.0,-0.338417,-0.754102,ARE,TJK,7436
2277550,18,217,1255,2013.0,13518.0,0.0,1.198491,1.117268,BEL,TJK,7436
2277551,28,217,1255,2013.0,1601.0,0.0,1.183522,0.934159,BLR,TJK,7436
2277552,43,217,1255,2013.0,2767753.0,0.0,1.24864,0.667713,CHN,TJK,7436
2277553,61,217,1255,2013.0,270533.0,0.0,2.1086869999999998,-3.7092,DEU,TJK,7436
2277554,66,217,1255,2013.0,0.0,31903.0,-1.53603,-1.104965,DZA,TJK,7436
2277555,81,217,1255,2013.0,13247.0,33828.0,1.628465,0.77075,GBR,TJK,7436
2277556,82,217,1255,2013.0,7270.0,0.0,-0.08343099999999999,-0.359692,GEO,TJK,7436
2277557,104,217,1255,2013.0,10471.0,0.0,0.18186,2.647598,IND,TJK,7436
2277558,107,217,1255,2013.0,3552.0,0.0,-0.23625100000000002,-0.256067,IRN,TJK,7436
2277559,111,217,1255,2013.0,33884.0,0.0,1.419383,-0.304402,ITA,TJK,7436
2277560,115,217,1255,2013.0,20535.0,3827.0,-0.9193819999999999,-0.734194,KAZ,TJK,7436
2277561,121,217,1255,2013.0,2975.0,0.0,1.817145,0.835414,KOR,TJK,7436
2277562,130,217,1255,2013.0,8493.0,0.0,0.677986,1.29227,LTU,TJK,7436
2277563,162,217,1255,2013.0,2477.0,0.0,1.012006,1.441545,NLD,TJK,7436
2277564,177,217,1255,2013.0,167156.0,0.0,1.11341,0.975734,POL,TJK,7436
2277565,185,217,1255,2013.0,1777.0,0.0,1.05722,1.0968799999999999,ROU,TJK,7436
2277566,186,217,1255,2013.0,2550667.0,0.0,-0.08233,-0.267781,RUS,TJK,7436
2277567,206,217,1255,2013.0,154358.0,0.0,1.510052,0.7060310000000001,SVK,TJK,7436
2277568,224,217,1255,2013.0,167905.0,0.0,0.580016,2.394812,TUR,TJK,7436
2277569,228,217,1255,2013.0,95020.0,0.0,0.535571,1.026263,UKR,TJK,7436
2277570,231,217,1255,2013.0,12407.0,0.0,1.612058,-0.8592989999999999,USA,TJK,7436
2277571,18,0,1255,2013.0,26298.0,0.0,1.198491,1.117268,BEL,ABW,7436
2277572,32,0,1255,2013.0,8722.0,0.0,0.2804,0.649729,BRA,ABW,7436
2277573,41,0,1255,2013.0,84795.0,0.0,2.0899229999999998,0.661667,CHE,ABW,7436
2277574,43,0,1255,2013.0,204889.0,0.0,1.24864,0.667713,CHN,ABW,7436
2277575,55,0,1255,2013.0,1646.0,0.0,-0.145402,-0.556962,CUW,ABW,7436
2277576,61,0,1255,2013.0,197723.0,0.0,2.1086869999999998,-3.7092,DEU,ABW,7436
2277577,71,0,1255,2013.0,2819.0,0.0,0.955472,1.80005,ESP,ABW,7436
2277578,77,0,1255,2013.0,2945.0,0.0,1.5253299999999999,0.026146,FRA,ABW,7436
2277579,81,0,1255,2013.0,15633.0,0.0,1.628465,0.77075,GBR,ABW,7436
2277580,113,0,1255,2013.0,0.0,2058.0,0.1888,0.596867,JOR,ABW,7436
2277581,121,0,1255,2013.0,1686.0,0.0,1.817145,0.835414,KOR,ABW,7436
2277582,138,0,1255,2013.0,9375.0,0.0,1.2327219999999999,0.746108,MEX,ABW,7436
2277583,162,0,1255,2013.0,315497.0,0.0,1.012006,1.441545,NLD,ABW,7436
2277584,169,0,1255,2013.0,11747.0,0.0,0.8719819999999999,1.038982,PAN,ABW,7436
2277585,181,0,1255,2013.0,0.0,10213.0,0.103716,0.762259,PSE,ABW,7436
2277586,190,0,1255,2013.0,0.0,27154.0,-1.224897,-1.059517,SDN,ABW,7436
2277587,208,0,1255,2013.0,3692.0,0.0,1.7851290000000002,0.182623,SWE,ABW,7436
2277588,231,0,1255,2013.0,1002851.0,5586.0,1.612058,-0.8592989999999999,USA,ABW,7436
2277589,243,0,1255,2013.0,0.0,17241.0,-1.2788700000000002,-1.230713,YEM,ABW,7436
2277590,246,0,1255,2013.0,1581.0,0.0,0.11624100000000001,1.574591,ZAF,ABW,7436
2277591,249,0,1255,2013.0,2787.0,0.0,1.7382849999999999,0.9917739999999999,TWN,ABW,7436
2277592,250,0,1255,2013.0,233356.0,0.0,0.583151,0.14238299999999998,ANS,ABW,7436
2277593,7,1,1255,2013.0,1030713.0,0.0,-0.338417,-0.754102,ARE,AFG,7436
2277594,15,1,1255,2013.0,65383.0,0.0,1.855434,-1.06494,AUT,AFG,7436
2277595,18,1,1255,2013.0,8302.0,0.0,1.198491,1.117268,BEL,AFG,7436
2277596,32,1,1255,2013.0,7245.0,0.0,0.2804,0.649729,BRA,AFG,7436
2277597,39,1,1255,2013.0,47330.0,19722.0,0.599305,1.193591,CAN,AFG,7436
2277598,41,1,1255,2013.0,8623.0,0.0,2.0899229999999998,0.661667,CHE,AFG,7436
2277599,43,1,1255,2013.0,172648.0,0.0,1.24864,0.667713,CHN,AFG,7436
2277600,61,1,1255,2013.0,361810.0,6970.0,2.1086869999999998,-3.7092,DEU,AFG,7436
2277601,65,1,1255,2013.0,0.0,1881.0,-0.272579,0.42750699999999997,DOM,AFG,7436
2277602,71,1,1255,2013.0,21088.0,0.0,0.955472,1.80005,ESP,AFG,7436
2277603,74,1,1255,2013.0,0.0,45980.0,1.700282,0.867677,FIN,AFG,7436
2277604,77,1,1255,2013.0,123150.0,0.0,1.5253299999999999,0.026146,FRA,AFG,7436
2277605,81,1,1255,2013.0,125770.0,0.0,1.628465,0.77075,GBR,AFG,7436
2277606,104,1,1255,2013.0,679493.0,0.0,0.18186,2.647598,IND,AFG,7436
2277607,107,1,1255,2013.0,148231.0,0.0,-0.23625100000000002,-0.256067,IRN,AFG,7436
2277608,114,1,1255,2013.0,29882.0,0.0,2.333417,-0.818701,JPN,AFG,7436
2277609,115,1,1255,2013.0,23746.0,0.0,-0.9193819999999999,-0.734194,KAZ,AFG,7436
2277610,116,1,1255,2013.0,39606.0,0.0,-0.303119,0.626786,KEN,AFG,7436
2277611,130,1,1255,2013.0,8684.0,0.0,0.677986,1.29227,LTU,AFG,7436
2277612,147,1,1255,2013.0,0.0,2947.0,-1.131512,-0.8923840000000001,MOZ,AFG,7436
2277613,153,1,1255,2013.0,5320.0,0.0,0.924532,0.671334,MYS,AFG,7436
2277614,162,1,1255,2013.0,7187.0,0.0,1.012006,1.441545,NLD,AFG,7436
2277615,168,1,1255,2013.0,35919.0,0.0,-0.697224,0.501576,PAK,AFG,7436
2277616,185,1,1255,2013.0,2235.0,0.0,1.05722,1.0968799999999999,ROU,AFG,7436
2277617,186,1,1255,2013.0,0.0,10865.0,-0.08233,-0.267781,RUS,AFG,7436
2277618,206,1,1255,2013.0,116917.0,0.0,1.510052,0.7060310000000001,SVK,AFG,7436
2277619,216,1,1255,2013.0,28927.0,0.0,1.067287,1.2767110000000002,THA,AFG,7436
2277620,224,1,1255,2013.0,1326791.0,0.0,0.580016,2.394812,TUR,AFG,7436
2277621,228,1,1255,2013.0,8152.0,1062.0,0.535571,1.026263,UKR,AFG,7436
2277622,231,1,1255,2013.0,4535433.0,0.0,1.612058,-0.8592989999999999,USA,AFG,7436
2277623,246,1,1255,2013.0,13128.0,0.0,0.11624100000000001,1.574591,ZAF,AFG,7436
2277624,16,3,1255,2013.0,0.0,45194.0,-1.319766,-1.200648,AZE,AIA,7436
2277625,81,3,1255,2013.0,4236.0,0.0,1.628465,0.77075,GBR,AIA,7436
2277626,162,3,1255,2013.0,18159.0,0.0,1.012006,1.441545,NLD,AIA,7436
2277627,186,3,1255,2013.0,27583.0,0.0,-0.08233,-0.267781,RUS,AIA,7436
2277628,224,3,1255,2013.0,22000.0,0.0,0.580016,2.394812,TUR,AIA,7436
2277629,231,3,1255,2013.0,260542.0,0.0,1.612058,-0.8592989999999999,USA,AIA,7436
2277630,7,17,1255,2013.0,11695.0,0.0,-0.338417,-0.754102,ARE,BDI,7436
2277631,18,17,1255,2013.0,32548.0,0.0,1.198491,1.117268,BEL,BDI,7436
2277632,43,17,1255,2013.0,6016.0,0.0,1.24864,0.667713,CHN,BDI,7436
2277633,61,17,1255,2013.0,26371.0,0.0,2.1086869999999998,-3.7092,DEU,BDI,7436
2277634,77,17,1255,2013.0,1302.0,0.0,1.5253299999999999,0.026146,FRA,BDI,7436
2277635,81,17,1255,2013.0,4693.0,0.0,1.628465,0.77075,GBR,BDI,7436
2277636,104,17,1255,2013.0,74152.0,0.0,0.18186,2.647598,IND,BDI,7436
2277637,111,17,1255,2013.0,3214.0,0.0,1.419383,-0.304402,ITA,BDI,7436
2277638,114,17,1255,2013.0,4875.0,0.0,2.333417,-0.818701,JPN,BDI,7436
2277639,116,17,1255,2013.0,3214.0,0.0,-0.303119,0.626786,KEN,BDI,7436
2277640,187,17,1255,2013.0,11026.0,3089.0,-0.535446,-0.662881,RWA,BDI,7436
2277641,206,17,1255,2013.0,131713.0,0.0,1.510052,0.7060310000000001,SVK,BDI,7436
2277642,208,17,1255,2013.0,43361.0,0.0,1.7851290000000002,0.182623,SWE,BDI,7436
2277643,226,17,1255,2013.0,116080.0,0.0,-0.654655,0.903574,TZA,BDI,7436
2277644,227,17,1255,2013.0,1057.0,0.0,-0.46170100000000003,0.652878,UGA,BDI,7436
2277645,231,17,1255,2013.0,13598.0,0.0,1.612058,-0.8592989999999999,USA,BDI,7436
2277646,246,17,1255,2013.0,6604.0,0.0,0.11624100000000001,1.574591,ZAF,BDI,7436
2277647,15,38,1255,2013.0,13954.0,0.0,1.855434,-1.06494,AUT,CAF,7436
2277648,18,38,1255,2013.0,3271.0,0.0,1.198491,1.117268,BEL,CAF,7436
2277649,32,38,1255,2013.0,6884.0,0.0,0.2804,0.649729,BRA,CAF,7436
2277650,43,38,1255,2013.0,2010.0,0.0,1.24864,0.667713,CHN,CAF,7436
2277651,49,38,1255,2013.0,0.0,1206.0,0.034491,-0.36975,COL,CAF,7436
2277652,61,38,1255,2013.0,2704.0,0.0,2.1086869999999998,-3.7092,DEU,CAF,7436
2277653,77,38,1255,2013.0,75324.0,0.0,1.5253299999999999,0.026146,FRA,CAF,7436
2277654,81,38,1255,2013.0,1660.0,0.0,1.628465,0.77075,GBR,CAF,7436
2277655,104,38,1255,2013.0,27461.0,0.0,0.18186,2.647598,IND,CAF,7436
2277656,114,38,1255,2013.0,1958.0,0.0,2.333417,-0.818701,JPN,CAF,7436
2277657,124,38,1255,2013.0,1289.0,0.0,0.37392800000000004,1.413136,LBN,CAF,7436
2277658,190,38,1255,2013.0,0.0,19685.0,-1.224897,-1.059517,SDN,CAF,7436
2277659,246,38,1255,2013.0,1221.0,0.0,0.11624100000000001,1.574591,ZAF,CAF,7436
2277660,7,50,1255,2013.0,19814.0,0.0,-0.338417,-0.754102,ARE,COM,7436
2277661,18,50,1255,2013.0,58810.0,0.0,1.198491,1.117268,BEL,COM,7436
2277662,43,50,1255,2013.0,32316.0,0.0,1.24864,0.667713,CHN,COM,7436
2277663,77,50,1255,2013.0,8132.0,0.0,1.5253299999999999,0.026146,FRA,COM,7436
2277664,104,50,1255,2013.0,71017.0,0.0,0.18186,2.647598,IND,COM,7436
2277665,136,50,1255,2013.0,34753.0,0.0,-0.786091,-0.611478,MDG,COM,7436
2277666,154,50,1255,2013.0,2095.0,0.0,0.652359,-0.525881,MYT,COM,7436
2277667,226,50,1255,2013.0,2950.0,0.0,-0.654655,0.903574,TZA,COM,7436
2277668,231,50,1255,2013.0,4561.0,0.0,1.612058,-0.8592989999999999,USA,COM,7436
2277669,246,50,1255,2013.0,110253.0,0.0,0.11624100000000001,1.574591,ZAF,COM,7436
2277670,43,63,1255,2013.0,28240.0,0.0,1.24864,0.667713,CHN,DMA,7436
2277671,61,63,1255,2013.0,3329.0,0.0,2.1086869999999998,-3.7092,DEU,DMA,7436
2277672,77,63,1255,2013.0,4019.0,0.0,1.5253299999999999,0.026146,FRA,DMA,7436
2277673,111,63,1255,2013.0,45807.0,0.0,1.419383,-0.304402,ITA,DMA,7436
2277674,114,63,1255,2013.0,2633.0,2698.0,2.333417,-0.818701,JPN,DMA,7436
2277675,121,63,1255,2013.0,16128.0,0.0,1.817145,0.835414,KOR,DMA,7436
2277676,127,63,1255,2013.0,0.0,5580.0,0.433648,-0.288346,LCA,DMA,7436
2277677,149,63,1255,2013.0,0.0,1242.0,1.847968,0.658998,MSR,DMA,7436
2277678,231,63,1255,2013.0,81572.0,1855.0,1.612058,-0.8592989999999999,USA,DMA,7436
2277679,239,63,1255,2013.0,1350.0,0.0,0.009264,1.182368,VNM,DMA,7436
2277680,7,69,1255,2013.0,61026.0,0.0,-0.338417,-0.754102,ARE,ERI,7436
2277681,43,69,1255,2013.0,669498.0,0.0,1.24864,0.667713,CHN,ERI,7436
2277682,61,69,1255,2013.0,22778.0,0.0,2.1086869999999998,-3.7092,DEU,ERI,7436
2277683,77,69,1255,2013.0,18789.0,0.0,1.5253299999999999,0.026146,FRA,ERI,7436
2277684,111,69,1255,2013.0,94501.0,0.0,1.419383,-0.304402,ITA,ERI,7436
2277685,113,69,1255,2013.0,8245.0,0.0,0.1888,0.596867,JOR,ERI,7436
2277686,116,69,1255,2013.0,7115.0,0.0,-0.303119,0.626786,KEN,ERI,7436
2277687,162,69,1255,2013.0,1396.0,0.0,1.012006,1.441545,NLD,ERI,7436
2277688,208,69,1255,2013.0,2622.0,0.0,1.7851290000000002,0.182623,SWE,ERI,7436
2277689,231,69,1255,2013.0,173327.0,0.0,1.612058,-0.8592989999999999,USA,ERI,7436
2277690,246,69,1255,2013.0,309852.0,0.0,0.11624100000000001,1.574591,ZAF,ERI,7436
2277691,14,75,1255,2013.0,808259.0,19581.0,-0.63369,-0.276328,AUS,FJI,7436
2277692,18,75,1255,2013.0,1457.0,0.0,1.198491,1.117268,BEL,FJI,7436
2277693,39,75,1255,2013.0,6165.0,0.0,0.599305,1.193591,CAN,FJI,7436
2277694,43,75,1255,2013.0,295705.0,0.0,1.24864,0.667713,CHN,FJI,7436
2277695,59,75,1255,2013.0,2552.0,0.0,1.829509,-0.41787700000000005,CZE,FJI,7436
2277696,61,75,1255,2013.0,98661.0,3787.0,2.1086869999999998,-3.7092,DEU,FJI,7436
2277697,64,75,1255,2013.0,4812.0,0.0,1.190302,1.062991,DNK,FJI,7436
2277698,71,75,1255,2013.0,2837.0,0.0,0.955472,1.80005,ESP,FJI,7436
2277699,77,75,1255,2013.0,96234.0,0.0,1.5253299999999999,0.026146,FRA,FJI,7436
2277700,81,75,1255,2013.0,8666.0,0.0,1.628465,0.77075,GBR,FJI,7436
2277701,97,75,1255,2013.0,30938.0,0.0,0.791401,1.249845,HKG,FJI,7436
2277702,103,75,1255,2013.0,32816.0,0.0,-0.006876999999999999,1.8336569999999999,IDN,FJI,7436
2277703,104,75,1255,2013.0,25244.0,0.0,0.18186,2.647598,IND,FJI,7436
2277704,106,75,1255,2013.0,3981.0,0.0,1.32787,0.394579,IRL,FJI,7436
2277705,114,75,1255,2013.0,1212047.0,0.0,2.333417,-0.818701,JPN,FJI,7436
2277706,119,75,1255,2013.0,0.0,2096.0,-0.556555,-0.71082,KIR,FJI,7436
2277707,121,75,1255,2013.0,33365.0,0.0,1.817145,0.835414,KOR,FJI,7436
2277708,153,75,1255,2013.0,333234.0,0.0,0.924532,0.671334,MYS,FJI,7436
2277709,162,75,1255,2013.0,7889.0,0.0,1.012006,1.441545,NLD,FJI,7436
2277710,166,75,1255,2013.0,460216.0,0.0,0.192237,0.429825,NZL,FJI,7436
2277711,192,75,1255,2013.0,155286.0,0.0,1.844685,0.639379,SGP,FJI,7436
2277712,216,75,1255,2013.0,33136.0,0.0,1.067287,1.2767110000000002,THA,FJI,7436
2277713,221,75,1255,2013.0,0.0,12760.0,0.31217399999999995,-0.21186,TON,FJI,7436
2277714,225,75,1255,2013.0,0.0,6129.0,0.05218099999999999,-0.524861,TUV,FJI,7436
2277715,231,75,1255,2013.0,100682.0,0.0,1.612058,-0.8592989999999999,USA,FJI,7436
2277716,242,75,1255,2013.0,1897.0,0.0,0.877785,0.277918,WSM,FJI,7436
2277717,249,75,1255,2013.0,16756.0,0.0,1.7382849999999999,0.9917739999999999,TWN,FJI,7436
2277718,250,75,1255,2013.0,2292.0,5415.0,0.583151,0.14238299999999998,ANS,FJI,7436
2277719,18,78,1255,2013.0,24797.0,0.0,1.198491,1.117268,BEL,FRO,7436
2277720,59,78,1255,2013.0,5800.0,0.0,1.829509,-0.41787700000000005,CZE,FRO,7436
2277721,61,78,1255,2013.0,54765.0,0.0,2.1086869999999998,-3.7092,DEU,FRO,7436
2277722,64,78,1255,2013.0,308855.0,25902.0,1.190302,1.062991,DNK,FRO,7436
2277723,77,78,1255,2013.0,11478.0,0.0,1.5253299999999999,0.026146,FRA,FRO,7436
2277724,81,78,1255,2013.0,209876.0,26939.0,1.628465,0.77075,GBR,FRO,7436
2277725,109,78,1255,2013.0,1525.0,24269.0,0.284089,-0.164097,ISL,FRO,7436
2277726,111,78,1255,2013.0,39197.0,0.0,1.419383,-0.304402,ITA,FRO,7436
2277727,162,78,1255,2013.0,6572.0,0.0,1.012006,1.441545,NLD,FRO,7436
2277728,163,78,1255,2013.0,39125.0,216011.0,0.710901,0.062705,NOR,FRO,7436
2277729,177,78,1255,2013.0,1157.0,0.0,1.11341,0.975734,POL,FRO,7436
2277730,206,78,1255,2013.0,159980.0,0.0,1.510052,0.7060310000000001,SVK,FRO,7436
2277731,208,78,1255,2013.0,18348.0,0.0,1.7851290000000002,0.182623,SWE,FRO,7436
2277732,14,79,1255,2013.0,1293.0,0.0,-0.63369,-0.276328,AUS,FSM,7436
2277733,43,79,1255,2013.0,3384.0,0.0,1.24864,0.667713,CHN,FSM,7436
2277734,95,79,1255,2013.0,1242.0,0.0,0.425936,-0.069886,GUM,FSM,7436
2277735,114,79,1255,2013.0,35580.0,0.0,2.333417,-0.818701,JPN,FSM,7436
2277736,162,79,1255,2013.0,2318.0,0.0,1.012006,1.441545,NLD,FSM,7436
2277737,174,79,1255,2013.0,1339.0,0.0,0.639083,0.45816899999999994,PHL,FSM,7436
2277738,231,79,1255,2013.0,39979.0,0.0,1.612058,-0.8592989999999999,USA,FSM,7436
2277739,249,79,1255,2013.0,1131.0,0.0,1.7382849999999999,0.9917739999999999,TWN,FSM,7436
2277740,7,87,1255,2013.0,8549.0,0.0,-0.338417,-0.754102,ARE,GMB,7436
2277741,18,87,1255,2013.0,18310.0,0.0,1.198491,1.117268,BEL,GMB,7436
2277742,43,87,1255,2013.0,25962.0,0.0,1.24864,0.667713,CHN,GMB,7436
2277743,61,87,1255,2013.0,15629.0,0.0,2.1086869999999998,-3.7092,DEU,GMB,7436
2277744,71,87,1255,2013.0,2150.0,0.0,0.955472,1.80005,ESP,GMB,7436
2277745,77,87,1255,2013.0,14240.0,0.0,1.5253299999999999,0.026146,FRA,GMB,7436
2277746,81,87,1255,2013.0,120451.0,0.0,1.628465,0.77075,GBR,GMB,7436
2277747,104,87,1255,2013.0,41984.0,0.0,0.18186,2.647598,IND,GMB,7436
2277748,124,87,1255,2013.0,2371.0,0.0,0.37392800000000004,1.413136,LBN,GMB,7436
2277749,162,87,1255,2013.0,20794.0,0.0,1.012006,1.441545,NLD,GMB,7436
2277750,179,87,1255,2013.0,2366.0,0.0,0.705087,2.2055580000000004,PRT,GMB,7436
2277751,208,87,1255,2013.0,26411.0,0.0,1.7851290000000002,0.182623,SWE,GMB,7436
2277752,224,87,1255,2013.0,27195.0,0.0,0.580016,2.394812,TUR,GMB,7436
2277753,231,87,1255,2013.0,19908.0,2176.0,1.612058,-0.8592989999999999,USA,GMB,7436
2277754,8,101,1255,2013.0,2858.0,0.0,0.042829,0.461002,ARG,HTI,7436
2277755,18,101,1255,2013.0,283893.0,0.0,1.198491,1.117268,BEL,HTI,7436
2277756,32,101,1255,2013.0,5342.0,0.0,0.2804,0.649729,BRA,HTI,7436
2277757,39,101,1255,2013.0,11650.0,0.0,0.599305,1.193591,CAN,HTI,7436
2277758,41,101,1255,2013.0,65693.0,0.0,2.0899229999999998,0.661667,CHE,HTI,7436
2277759,43,101,1255,2013.0,1283626.0,0.0,1.24864,0.667713,CHN,HTI,7436
2277760,61,101,1255,2013.0,17317.0,0.0,2.1086869999999998,-3.7092,DEU,HTI,7436
2277761,64,101,1255,2013.0,1417.0,0.0,1.190302,1.062991,DNK,HTI,7436
2277762,65,101,1255,2013.0,147668.0,3946.0,-0.272579,0.42750699999999997,DOM,HTI,7436
2277763,77,101,1255,2013.0,31560.0,0.0,1.5253299999999999,0.026146,FRA,HTI,7436
2277764,81,101,1255,2013.0,106909.0,0.0,1.628465,0.77075,GBR,HTI,7436
2277765,93,101,1255,2013.0,18474.0,0.0,-0.220165,0.661111,GTM,HTI,7436
2277766,104,101,1255,2013.0,3384.0,0.0,0.18186,2.647598,IND,HTI,7436
2277767,111,101,1255,2013.0,12766.0,0.0,1.419383,-0.304402,ITA,HTI,7436
2277768,112,101,1255,2013.0,2040.0,0.0,-0.364044,-0.744733,JAM,HTI,7436
2277769,114,101,1255,2013.0,34020.0,0.0,2.333417,-0.818701,JPN,HTI,7436
2277770,121,101,1255,2013.0,11439.0,0.0,1.817145,0.835414,KOR,HTI,7436
2277771,138,101,1255,2013.0,100264.0,0.0,1.2327219999999999,0.746108,MEX,HTI,7436
2277772,162,101,1255,2013.0,19364.0,0.0,1.012006,1.441545,NLD,HTI,7436
2277773,169,101,1255,2013.0,14373.0,0.0,0.8719819999999999,1.038982,PAN,HTI,7436
2277774,216,101,1255,2013.0,1750.0,0.0,1.067287,1.2767110000000002,THA,HTI,7436
2277775,231,101,1255,2013.0,1514132.0,6051.0,1.612058,-0.8592989999999999,USA,HTI,7436
2277776,249,101,1255,2013.0,8137.0,0.0,1.7382849999999999,0.9917739999999999,TWN,HTI,7436
2277777,7,123,1255,2013.0,0.0,54260.0,-0.338417,-0.754102,ARE,LAO,7436
2277778,14,123,1255,2013.0,145072.0,0.0,-0.63369,-0.276328,AUS,LAO,7436
2277779,15,123,1255,2013.0,0.0,40401.0,1.855434,-1.06494,AUT,LAO,7436
2277780,18,123,1255,2013.0,11380.0,0.0,1.198491,1.117268,BEL,LAO,7436
2277781,39,123,1255,2013.0,5376.0,0.0,0.599305,1.193591,CAN,LAO,7436
2277782,43,123,1255,2013.0,15994253.0,0.0,1.24864,0.667713,CHN,LAO,7436
2277783,61,123,1255,2013.0,612902.0,0.0,2.1086869999999998,-3.7092,DEU,LAO,7436
2277784,64,123,1255,2013.0,3107.0,0.0,1.190302,1.062991,DNK,LAO,7436
2277785,77,123,1255,2013.0,16286.0,0.0,1.5253299999999999,0.026146,FRA,LAO,7436
2277786,97,123,1255,2013.0,5389.0,0.0,0.791401,1.249845,HKG,LAO,7436
2277787,114,123,1255,2013.0,24594.0,0.0,2.333417,-0.818701,JPN,LAO,7436
2277788,121,123,1255,2013.0,8724.0,0.0,1.817145,0.835414,KOR,LAO,7436
2277789,162,123,1255,2013.0,1884.0,0.0,1.012006,1.441545,NLD,LAO,7436
2277790,186,123,1255,2013.0,4916.0,0.0,-0.08233,-0.267781,RUS,LAO,7436
2277791,190,123,1255,2013.0,0.0,202424.0,-1.224897,-1.059517,SDN,LAO,7436
2277792,192,123,1255,2013.0,20921.0,0.0,1.844685,0.639379,SGP,LAO,7436
2277793,216,123,1255,2013.0,4443100.0,0.0,1.067287,1.2767110000000002,THA,LAO,7436
2277794,231,123,1255,2013.0,88603.0,0.0,1.612058,-0.8592989999999999,USA,LAO,7436
2277795,239,123,1255,2013.0,570194.0,0.0,0.009264,1.182368,VNM,LAO,7436
2277796,243,123,1255,2013.0,0.0,293695.0,-1.2788700000000002,-1.230713,YEM,LAO,7436
2277797,246,123,1255,2013.0,11399.0,0.0,0.11624100000000001,1.574591,ZAF,LAO,7436
2277798,18,129,1255,2013.0,17686.0,0.0,1.198491,1.117268,BEL,LSO,7436
2277799,43,129,1255,2013.0,79224.0,0.0,1.24864,0.667713,CHN,LSO,7436
2277800,71,129,1255,2013.0,30140.0,0.0,0.955472,1.80005,ESP,LSO,7436
2277801,104,129,1255,2013.0,6310.0,0.0,0.18186,2.647598,IND,LSO,7436
2277802,151,129,1255,2013.0,1878.0,0.0,-0.092312,0.050927,MUS,LSO,7436
2277803,246,129,1255,2013.0,1556092.0,0.0,0.11624100000000001,1.574591,ZAF,LSO,7436
2277804,249,129,1255,2013.0,13204.0,0.0,1.7382849999999999,0.9917739999999999,TWN,LSO,7436
2277805,7,137,1255,2013.0,56069.0,0.0,-0.338417,-0.754102,ARE,MDV,7436
2277806,14,137,1255,2013.0,7216.0,0.0,-0.63369,-0.276328,AUS,MDV,7436
2277807,15,137,1255,2013.0,804247.0,0.0,1.855434,-1.06494,AUT,MDV,7436
2277808,18,137,1255,2013.0,55246.0,0.0,1.198491,1.117268,BEL,MDV,7436
2277809,41,137,1255,2013.0,5093.0,0.0,2.0899229999999998,0.661667,CHE,MDV,7436
2277810,43,137,1255,2013.0,263345.0,0.0,1.24864,0.667713,CHN,MDV,7436
2277811,59,137,1255,2013.0,10064.0,0.0,1.829509,-0.41787700000000005,CZE,MDV,7436
2277812,61,137,1255,2013.0,387504.0,0.0,2.1086869999999998,-3.7092,DEU,MDV,7436
2277813,64,137,1255,2013.0,15879.0,0.0,1.190302,1.062991,DNK,MDV,7436
2277814,71,137,1255,2013.0,11051.0,0.0,0.955472,1.80005,ESP,MDV,7436
2277815,74,137,1255,2013.0,8574.0,0.0,1.700282,0.867677,FIN,MDV,7436
2277816,77,137,1255,2013.0,4083.0,0.0,1.5253299999999999,0.026146,FRA,MDV,7436
2277817,81,137,1255,2013.0,200168.0,0.0,1.628465,0.77075,GBR,MDV,7436
2277818,97,137,1255,2013.0,61682.0,0.0,0.791401,1.249845,HKG,MDV,7436
2277819,103,137,1255,2013.0,22005.0,0.0,-0.006876999999999999,1.8336569999999999,IDN,MDV,7436
2277820,104,137,1255,2013.0,70424.0,0.0,0.18186,2.647598,IND,MDV,7436
2277821,111,137,1255,2013.0,7403023.0,0.0,1.419383,-0.304402,ITA,MDV,7436
2277822,114,137,1255,2013.0,5816.0,0.0,2.333417,-0.818701,JPN,MDV,7436
2277823,121,137,1255,2013.0,10482.0,0.0,1.817145,0.835414,KOR,MDV,7436
2277824,128,137,1255,2013.0,66356.0,0.0,-0.320583,0.44462399999999996,LKA,MDV,7436
2277825,153,137,1255,2013.0,42029.0,0.0,0.924532,0.671334,MYS,MDV,7436
2277826,162,137,1255,2013.0,198467.0,0.0,1.012006,1.441545,NLD,MDV,7436
2277827,177,137,1255,2013.0,14017.0,0.0,1.11341,0.975734,POL,MDV,7436
2277828,192,137,1255,2013.0,469183.0,0.0,1.844685,0.639379,SGP,MDV,7436
2277829,207,137,1255,2013.0,3036.0,0.0,1.55922,0.565874,SVN,MDV,7436
2277830,208,137,1255,2013.0,40874.0,0.0,1.7851290000000002,0.182623,SWE,MDV,7436
2277831,216,137,1255,2013.0,120477.0,0.0,1.067287,1.2767110000000002,THA,MDV,7436
2277832,224,137,1255,2013.0,119544.0,0.0,0.580016,2.394812,TUR,MDV,7436
2277833,231,137,1255,2013.0,209413.0,0.0,1.612058,-0.8592989999999999,USA,MDV,7436
2277834,249,137,1255,2013.0,21571.0,0.0,1.7382849999999999,0.9917739999999999,TWN,MDV,7436
2277835,7,152,1255,2013.0,42824.0,0.0,-0.338417,-0.754102,ARE,MWI,7436
2277836,14,152,1255,2013.0,3714.0,0.0,-0.63369,-0.276328,AUS,MWI,7436
2277837,15,152,1255,2013.0,4452.0,0.0,1.855434,-1.06494,AUT,MWI,7436
2277838,18,152,1255,2013.0,9567.0,21317.0,1.198491,1.117268,BEL,MWI,7436
2277839,23,152,1255,2013.0,1433.0,0.0,0.622325,1.5506229999999999,BGR,MWI,7436
2277840,32,152,1255,2013.0,21477.0,0.0,0.2804,0.649729,BRA,MWI,7436
2277841,43,152,1255,2013.0,333600.0,0.0,1.24864,0.667713,CHN,MWI,7436
2277842,61,152,1255,2013.0,10361.0,0.0,2.1086869999999998,-3.7092,DEU,MWI,7436
2277843,64,152,1255,2013.0,70263.0,0.0,1.190302,1.062991,DNK,MWI,7436
2277844,71,152,1255,2013.0,3154.0,0.0,0.955472,1.80005,ESP,MWI,7436
2277845,77,152,1255,2013.0,57237.0,0.0,1.5253299999999999,0.026146,FRA,MWI,7436
2277846,81,152,1255,2013.0,82431.0,0.0,1.628465,0.77075,GBR,MWI,7436
2277847,84,152,1255,2013.0,3001.0,0.0,0.348423,-0.521683,GIB,MWI,7436
2277848,104,152,1255,2013.0,58147.0,0.0,0.18186,2.647598,IND,MWI,7436
2277849,106,152,1255,2013.0,27214.0,0.0,1.32787,0.394579,IRL,MWI,7436
2277850,110,152,1255,2013.0,1197.0,0.0,1.0247629999999999,0.8261639999999999,ISR,MWI,7436
2277851,111,152,1255,2013.0,17549.0,0.0,1.419383,-0.304402,ITA,MWI,7436
2277852,114,152,1255,2013.0,341702.0,0.0,2.333417,-0.818701,JPN,MWI,7436
2277853,121,152,1255,2013.0,34881.0,0.0,1.817145,0.835414,KOR,MWI,7436
2277854,155,152,1255,2013.0,1597.0,0.0,-0.316805,-0.38759099999999996,NAM,MWI,7436
2277855,179,152,1255,2013.0,17314.0,0.0,0.705087,2.2055580000000004,PRT,MWI,7436
2277856,209,152,1255,2013.0,9899.0,0.0,0.017946,-0.20627399999999999,SWZ,MWI,7436
2277857,224,152,1255,2013.0,1034.0,0.0,0.580016,2.394812,TUR,MWI,7436
2277858,226,152,1255,2013.0,5618.0,0.0,-0.654655,0.903574,TZA,MWI,7436
2277859,231,152,1255,2013.0,310351.0,0.0,1.612058,-0.8592989999999999,USA,MWI,7436
2277860,239,152,1255,2013.0,11220.0,0.0,0.009264,1.182368,VNM,MWI,7436
2277861,246,152,1255,2013.0,4085842.0,4210.0,0.11624100000000001,1.574591,ZAF,MWI,7436
2277862,247,152,1255,2013.0,17153.0,0.0,-0.293192,-0.42930100000000004,ZMB,MWI,7436
2277863,249,152,1255,2013.0,2708.0,0.0,1.7382849999999999,0.9917739999999999,TWN,MWI,7436
2277864,8,156,1255,2013.0,4063.0,0.0,0.042829,0.461002,ARG,NCL,7436
2277865,14,156,1255,2013.0,1263274.0,15623.0,-0.63369,-0.276328,AUS,NCL,7436
2277866,15,156,1255,2013.0,36230.0,0.0,1.855434,-1.06494,AUT,NCL,7436
2277867,18,156,1255,2013.0,714620.0,15449.0,1.198491,1.117268,BEL,NCL,7436
2277868,23,156,1255,2013.0,14343.0,0.0,0.622325,1.5506229999999999,BGR,NCL,7436
2277869,32,156,1255,2013.0,3766.0,0.0,0.2804,0.649729,BRA,NCL,7436
2277870,39,156,1255,2013.0,47797.0,8244.0,0.599305,1.193591,CAN,NCL,7436
2277871,41,156,1255,2013.0,11282.0,0.0,2.0899229999999998,0.661667,CHE,NCL,7436
2277872,43,156,1255,2013.0,79602.0,15505.0,1.24864,0.667713,CHN,NCL,7436
2277873,59,156,1255,2013.0,63174.0,0.0,1.829509,-0.41787700000000005,CZE,NCL,7436
2277874,61,156,1255,2013.0,102265.0,0.0,2.1086869999999998,-3.7092,DEU,NCL,7436
2277875,64,156,1255,2013.0,14528.0,0.0,1.190302,1.062991,DNK,NCL,7436
2277876,71,156,1255,2013.0,19404.0,0.0,0.955472,1.80005,ESP,NCL,7436
2277877,74,156,1255,2013.0,14240.0,0.0,1.700282,0.867677,FIN,NCL,7436
2277878,77,156,1255,2013.0,8479568.0,12956.0,1.5253299999999999,0.026146,FRA,NCL,7436
2277879,81,156,1255,2013.0,91376.0,0.0,1.628465,0.77075,GBR,NCL,7436
2277880,103,156,1255,2013.0,88951.0,0.0,-0.006876999999999999,1.8336569999999999,IDN,NCL,7436
2277881,104,156,1255,2013.0,57723.0,0.0,0.18186,2.647598,IND,NCL,7436
2277882,106,156,1255,2013.0,27190.0,0.0,1.32787,0.394579,IRL,NCL,7436
2277883,110,156,1255,2013.0,3376.0,0.0,1.0247629999999999,0.8261639999999999,ISR,NCL,7436
2277884,111,156,1255,2013.0,529004.0,0.0,1.419383,-0.304402,ITA,NCL,7436
2277885,114,156,1255,2013.0,262437.0,0.0,2.333417,-0.818701,JPN,NCL,7436
2277886,121,156,1255,2013.0,74534.0,0.0,1.817145,0.835414,KOR,NCL,7436
2277887,138,156,1255,2013.0,6719.0,0.0,1.2327219999999999,0.746108,MEX,NCL,7436
2277888,153,156,1255,2013.0,46947.0,1612.0,0.924532,0.671334,MYS,NCL,7436
2277889,162,156,1255,2013.0,66408.0,0.0,1.012006,1.441545,NLD,NCL,7436
2277890,163,156,1255,2013.0,32218.0,0.0,0.710901,0.062705,NOR,NCL,7436
2277891,166,156,1255,2013.0,74895.0,0.0,0.192237,0.429825,NZL,NCL,7436
2277892,177,156,1255,2013.0,34382.0,0.0,1.11341,0.975734,POL,NCL,7436
2277893,185,156,1255,2013.0,9889.0,0.0,1.05722,1.0968799999999999,ROU,NCL,7436
2277894,192,156,1255,2013.0,74161.0,0.0,1.844685,0.639379,SGP,NCL,7436
2277895,206,156,1255,2013.0,1901.0,0.0,1.510052,0.7060310000000001,SVK,NCL,7436
2277896,207,156,1255,2013.0,13390.0,0.0,1.55922,0.565874,SVN,NCL,7436
2277897,208,156,1255,2013.0,57196.0,0.0,1.7851290000000002,0.182623,SWE,NCL,7436
2277898,216,156,1255,2013.0,25220.0,0.0,1.067287,1.2767110000000002,THA,NCL,7436
2277899,223,156,1255,2013.0,1703.0,0.0,0.40154,0.902177,TUN,NCL,7436
2277900,224,156,1255,2013.0,15774.0,0.0,0.580016,2.394812,TUR,NCL,7436
2277901,231,156,1255,2013.0,391042.0,24032.0,1.612058,-0.8592989999999999,USA,NCL,7436
2277902,240,156,1255,2013.0,0.0,55540.0,-0.43518999999999997,-0.6206010000000001,VUT,NCL,7436
2277903,241,156,1255,2013.0,0.0,21652.0,1.758949,-0.121598,WLF,NCL,7436
2277904,249,156,1255,2013.0,44776.0,0.0,1.7382849999999999,0.9917739999999999,TWN,NCL,7436
2277905,7,176,1255,2013.0,212707.0,0.0,-0.338417,-0.754102,ARE,PNG,7436
2277906,14,176,1255,2013.0,9190028.0,4252.0,-0.63369,-0.276328,AUS,PNG,7436
2277907,15,176,1255,2013.0,824393.0,0.0,1.855434,-1.06494,AUT,PNG,7436
2277908,18,176,1255,2013.0,24117.0,0.0,1.198491,1.117268,BEL,PNG,7436
2277909,39,176,1255,2013.0,28245.0,0.0,0.599305,1.193591,CAN,PNG,7436
2277910,43,176,1255,2013.0,3342029.0,0.0,1.24864,0.667713,CHN,PNG,7436
2277911,61,176,1255,2013.0,1380897.0,0.0,2.1086869999999998,-3.7092,DEU,PNG,7436
2277912,77,176,1255,2013.0,147801.0,0.0,1.5253299999999999,0.026146,FRA,PNG,7436
2277913,81,176,1255,2013.0,814271.0,0.0,1.628465,0.77075,GBR,PNG,7436
2277914,103,176,1255,2013.0,9023.0,63579.0,-0.006876999999999999,1.8336569999999999,IDN,PNG,7436
2277915,104,176,1255,2013.0,607332.0,0.0,0.18186,2.647598,IND,PNG,7436
2277916,110,176,1255,2013.0,1000.0,0.0,1.0247629999999999,0.8261639999999999,ISR,PNG,7436
2277917,111,176,1255,2013.0,398157.0,9879.0,1.419383,-0.304402,ITA,PNG,7436
2277918,114,176,1255,2013.0,456919.0,0.0,2.333417,-0.818701,JPN,PNG,7436
2277919,121,176,1255,2013.0,387806.0,0.0,1.817145,0.835414,KOR,PNG,7436
2277920,153,176,1255,2013.0,220632.0,0.0,0.924532,0.671334,MYS,PNG,7436
2277921,162,176,1255,2013.0,40331.0,0.0,1.012006,1.441545,NLD,PNG,7436
2277922,166,176,1255,2013.0,137891.0,0.0,0.192237,0.429825,NZL,PNG,7436
2277923,192,176,1255,2013.0,1599297.0,0.0,1.844685,0.639379,SGP,PNG,7436
2277924,208,176,1255,2013.0,4609.0,0.0,1.7851290000000002,0.182623,SWE,PNG,7436
2277925,216,176,1255,2013.0,16454.0,0.0,1.067287,1.2767110000000002,THA,PNG,7436
2277926,224,176,1255,2013.0,14379.0,0.0,0.580016,2.394812,TUR,PNG,7436
2277927,231,176,1255,2013.0,281058.0,0.0,1.612058,-0.8592989999999999,USA,PNG,7436
2277928,246,176,1255,2013.0,6305.0,0.0,0.11624100000000001,1.574591,ZAF,PNG,7436
2277929,249,176,1255,2013.0,40212.0,0.0,1.7382849999999999,0.9917739999999999,TWN,PNG,7436
2277930,7,182,1255,2013.0,1399.0,0.0,-0.338417,-0.754102,ARE,PYF,7436
2277931,14,182,1255,2013.0,71525.0,0.0,-0.63369,-0.276328,AUS,PYF,7436
2277932,15,182,1255,2013.0,7059.0,0.0,1.855434,-1.06494,AUT,PYF,7436
2277933,18,182,1255,2013.0,169063.0,0.0,1.198491,1.117268,BEL,PYF,7436
2277934,32,182,1255,2013.0,1849.0,0.0,0.2804,0.649729,BRA,PYF,7436
2277935,39,182,1255,2013.0,3745.0,0.0,0.599305,1.193591,CAN,PYF,7436
2277936,41,182,1255,2013.0,10319.0,0.0,2.0899229999999998,0.661667,CHE,PYF,7436
2277937,43,182,1255,2013.0,55823.0,0.0,1.24864,0.667713,CHN,PYF,7436
2277938,59,182,1255,2013.0,2423.0,0.0,1.829509,-0.41787700000000005,CZE,PYF,7436
2277939,61,182,1255,2013.0,114950.0,0.0,2.1086869999999998,-3.7092,DEU,PYF,7436
2277940,64,182,1255,2013.0,1599.0,0.0,1.190302,1.062991,DNK,PYF,7436
2277941,71,182,1255,2013.0,26752.0,0.0,0.955472,1.80005,ESP,PYF,7436
2277942,74,182,1255,2013.0,15089.0,0.0,1.700282,0.867677,FIN,PYF,7436
2277943,77,182,1255,2013.0,3220491.0,2646.0,1.5253299999999999,0.026146,FRA,PYF,7436
2277944,81,182,1255,2013.0,122926.0,0.0,1.628465,0.77075,GBR,PYF,7436
2277945,103,182,1255,2013.0,1443.0,0.0,-0.006876999999999999,1.8336569999999999,IDN,PYF,7436
2277946,104,182,1255,2013.0,6325.0,0.0,0.18186,2.647598,IND,PYF,7436
2277947,111,182,1255,2013.0,117768.0,0.0,1.419383,-0.304402,ITA,PYF,7436
2277948,114,182,1255,2013.0,148703.0,0.0,2.333417,-0.818701,JPN,PYF,7436
2277949,121,182,1255,2013.0,137935.0,0.0,1.817145,0.835414,KOR,PYF,7436
2277950,138,182,1255,2013.0,2418.0,0.0,1.2327219999999999,0.746108,MEX,PYF,7436
2277951,153,182,1255,2013.0,61354.0,0.0,0.924532,0.671334,MYS,PYF,7436
2277952,162,182,1255,2013.0,62707.0,0.0,1.012006,1.441545,NLD,PYF,7436
2277953,166,182,1255,2013.0,68053.0,2023.0,0.192237,0.429825,NZL,PYF,7436
2277954,185,182,1255,2013.0,1300.0,0.0,1.05722,1.0968799999999999,ROU,PYF,7436
2277955,192,182,1255,2013.0,25088.0,0.0,1.844685,0.639379,SGP,PYF,7436
2277956,207,182,1255,2013.0,20014.0,0.0,1.55922,0.565874,SVN,PYF,7436
2277957,208,182,1255,2013.0,37726.0,0.0,1.7851290000000002,0.182623,SWE,PYF,7436
2277958,216,182,1255,2013.0,4606.0,0.0,1.067287,1.2767110000000002,THA,PYF,7436
2277959,223,182,1255,2013.0,4642.0,0.0,0.40154,0.902177,TUN,PYF,7436
2277960,224,182,1255,2013.0,13123.0,0.0,0.580016,2.394812,TUR,PYF,7436
2277961,231,182,1255,2013.0,196287.0,0.0,1.612058,-0.8592989999999999,USA,PYF,7436
2277962,241,182,1255,2013.0,0.0,2053.0,1.758949,-0.121598,WLF,PYF,7436
2277963,246,182,1255,2013.0,5067.0,0.0,0.11624100000000001,1.574591,ZAF,PYF,7436
2277964,249,182,1255,2013.0,17109.0,0.0,1.7382849999999999,0.9917739999999999,TWN,PYF,7436
2277965,7,187,1255,2013.0,203475.0,0.0,-0.338417,-0.754102,ARE,RWA,7436
2277966,17,187,1255,2013.0,3089.0,11026.0,-0.602481,-0.6338689999999999,BDI,RWA,7436
2277967,18,187,1255,2013.0,538446.0,0.0,1.198491,1.117268,BEL,RWA,7436
2277968,43,187,1255,2013.0,1293943.0,0.0,1.24864,0.667713,CHN,RWA,7436
2277969,61,187,1255,2013.0,342627.0,0.0,2.1086869999999998,-3.7092,DEU,RWA,7436
2277970,71,187,1255,2013.0,1782.0,0.0,0.955472,1.80005,ESP,RWA,7436
2277971,77,187,1255,2013.0,363418.0,0.0,1.5253299999999999,0.026146,FRA,RWA,7436
2277972,81,187,1255,2013.0,43561.0,0.0,1.628465,0.77075,GBR,RWA,7436
2277973,82,187,1255,2013.0,1031948.0,0.0,-0.08343099999999999,-0.359692,GEO,RWA,7436
2277974,90,187,1255,2013.0,702054.0,0.0,0.073442,0.9857899999999999,GRC,RWA,7436
2277975,103,187,1255,2013.0,5020.0,0.0,-0.006876999999999999,1.8336569999999999,IDN,RWA,7436
2277976,104,187,1255,2013.0,93584.0,0.0,0.18186,2.647598,IND,RWA,7436
2277977,110,187,1255,2013.0,1107.0,0.0,1.0247629999999999,0.8261639999999999,ISR,RWA,7436
2277978,111,187,1255,2013.0,1264510.0,0.0,1.419383,-0.304402,ITA,RWA,7436
2277979,114,187,1255,2013.0,5094.0,0.0,2.333417,-0.818701,JPN,RWA,7436
2277980,116,187,1255,2013.0,111044.0,0.0,-0.303119,0.626786,KEN,RWA,7436
2277981,121,187,1255,2013.0,28543.0,0.0,1.817145,0.835414,KOR,RWA,7436
2277982,151,187,1255,2013.0,1505.0,0.0,-0.092312,0.050927,MUS,RWA,7436
2277983,153,187,1255,2013.0,4820.0,0.0,0.924532,0.671334,MYS,RWA,7436
2277984,162,187,1255,2013.0,94331.0,0.0,1.012006,1.441545,NLD,RWA,7436
2277985,192,187,1255,2013.0,2937.0,0.0,1.844685,0.639379,SGP,RWA,7436
2277986,206,187,1255,2013.0,124448.0,0.0,1.510052,0.7060310000000001,SVK,RWA,7436
2277987,208,187,1255,2013.0,5849.0,0.0,1.7851290000000002,0.182623,SWE,RWA,7436
2277988,209,187,1255,2013.0,1696.0,0.0,0.017946,-0.20627399999999999,SWZ,RWA,7436
2277989,216,187,1255,2013.0,1188.0,0.0,1.067287,1.2767110000000002,THA,RWA,7436
2277990,224,187,1255,2013.0,28565.0,0.0,0.580016,2.394812,TUR,RWA,7436
2277991,226,187,1255,2013.0,8300.0,0.0,-0.654655,0.903574,TZA,RWA,7436
2277992,227,187,1255,2013.0,9110.0,0.0,-0.46170100000000003,0.652878,UGA,RWA,7436
2277993,231,187,1255,2013.0,285477.0,0.0,1.612058,-0.8592989999999999,USA,RWA,7436
2277994,246,187,1255,2013.0,65276.0,0.0,0.11624100000000001,1.574591,ZAF,RWA,7436
2277995,7,196,1255,2013.0,2107.0,0.0,-0.338417,-0.754102,ARE,SLE,7436
2277996,14,196,1255,2013.0,3282.0,2309.0,-0.63369,-0.276328,AUS,SLE,7436
2277997,18,196,1255,2013.0,567757.0,2127.0,1.198491,1.117268,BEL,SLE,7436
2277998,39,196,1255,2013.0,1735.0,4593.0,0.599305,1.193591,CAN,SLE,7436
2277999,43,196,1255,2013.0,309773.0,0.0,1.24864,0.667713,CHN,SLE,7436
2278000,61,196,1255,2013.0,202298.0,0.0,2.1086869999999998,-3.7092,DEU,SLE,7436
2278001,64,196,1255,2013.0,10069.0,0.0,1.190302,1.062991,DNK,SLE,7436
2278002,71,196,1255,2013.0,143134.0,0.0,0.955472,1.80005,ESP,SLE,7436
2278003,77,196,1255,2013.0,150664.0,65374.0,1.5253299999999999,0.026146,FRA,SLE,7436
2278004,81,196,1255,2013.0,175687.0,0.0,1.628465,0.77075,GBR,SLE,7436
2278005,83,196,1255,2013.0,5532.0,0.0,-0.696971,-0.5807939999999999,GHA,SLE,7436
2278006,100,196,1255,2013.0,1074.0,0.0,0.8737309999999999,1.276091,HRV,SLE,7436
2278007,102,196,1255,2013.0,3282.0,0.0,1.6962560000000002,0.45460600000000007,HUN,SLE,7436
2278008,104,196,1255,2013.0,749119.0,0.0,0.18186,2.647598,IND,SLE,7436
2278009,111,196,1255,2013.0,779038.0,0.0,1.419383,-0.304402,ITA,SLE,7436
2278010,124,196,1255,2013.0,158654.0,0.0,0.37392800000000004,1.413136,LBN,SLE,7436
2278011,153,196,1255,2013.0,7951.0,0.0,0.924532,0.671334,MYS,SLE,7436
2278012,162,196,1255,2013.0,4307.0,0.0,1.012006,1.441545,NLD,SLE,7436
2278013,163,196,1255,2013.0,2712.0,0.0,0.710901,0.062705,NOR,SLE,7436
2278014,166,196,1255,2013.0,0.0,3189.0,0.192237,0.429825,NZL,SLE,7436
2278015,179,196,1255,2013.0,11902.0,0.0,0.705087,2.2055580000000004,PRT,SLE,7436
2278016,185,196,1255,2013.0,9779.0,0.0,1.05722,1.0968799999999999,ROU,SLE,7436
2278017,207,196,1255,2013.0,3828.0,0.0,1.55922,0.565874,SVN,SLE,7436
2278018,208,196,1255,2013.0,401559.0,0.0,1.7851290000000002,0.182623,SWE,SLE,7436
2278019,216,196,1255,2013.0,4440.0,0.0,1.067287,1.2767110000000002,THA,SLE,7436
2278020,231,196,1255,2013.0,55446.0,0.0,1.612058,-0.8592989999999999,USA,SLE,7436
2278021,246,196,1255,2013.0,446154.0,10719.0,0.11624100000000001,1.574591,ZAF,SLE,7436
2278022,7,199,1255,2013.0,312697.0,0.0,-0.338417,-0.754102,ARE,SOM,7436
2278023,14,199,1255,2013.0,4589.0,0.0,-0.63369,-0.276328,AUS,SOM,7436
2278024,18,199,1255,2013.0,37998.0,0.0,1.198491,1.117268,BEL,SOM,7436
2278025,39,199,1255,2013.0,5667.0,0.0,0.599305,1.193591,CAN,SOM,7436
2278026,43,199,1255,2013.0,40132.0,0.0,1.24864,0.667713,CHN,SOM,7436
2278027,61,199,1255,2013.0,7391.0,0.0,2.1086869999999998,-3.7092,DEU,SOM,7436
2278028,104,199,1255,2013.0,3082.0,0.0,0.18186,2.647598,IND,SOM,7436
2278029,111,199,1255,2013.0,743470.0,0.0,1.419383,-0.304402,ITA,SOM,7436
2278030,116,199,1255,2013.0,544155.0,0.0,-0.303119,0.626786,KEN,SOM,7436
2278031,121,199,1255,2013.0,141511.0,0.0,1.817145,0.835414,KOR,SOM,7436
2278032,224,199,1255,2013.0,141066.0,0.0,0.580016,2.394812,TUR,SOM,7436
2278033,227,199,1255,2013.0,7280.0,0.0,-0.46170100000000003,0.652878,UGA,SOM,7436
2278034,246,199,1255,2013.0,17409.0,0.0,0.11624100000000001,1.574591,ZAF,SOM,7436
2278035,7,214,1255,2013.0,4086.0,0.0,-0.338417,-0.754102,ARE,TCD,7436
2278036,14,214,1255,2013.0,25388.0,0.0,-0.63369,-0.276328,AUS,TCD,7436
2278037,15,214,1255,2013.0,2989.0,0.0,1.855434,-1.06494,AUT,TCD,7436
2278038,18,214,1255,2013.0,285352.0,0.0,1.198491,1.117268,BEL,TCD,7436
2278039,39,214,1255,2013.0,109945.0,0.0,0.599305,1.193591,CAN,TCD,7436
2278040,41,214,1255,2013.0,3278.0,0.0,2.0899229999999998,0.661667,CHE,TCD,7436
2278041,43,214,1255,2013.0,1595586.0,0.0,1.24864,0.667713,CHN,TCD,7436
2278042,45,214,1255,2013.0,20201.0,0.0,-0.93575,-1.003851,CMR,TCD,7436
2278043,61,214,1255,2013.0,55642.0,0.0,2.1086869999999998,-3.7092,DEU,TCD,7436
2278044,64,214,1255,2013.0,175867.0,0.0,1.190302,1.062991,DNK,TCD,7436
2278045,77,214,1255,2013.0,673459.0,0.0,1.5253299999999999,0.026146,FRA,TCD,7436
2278046,81,214,1255,2013.0,19559.0,0.0,1.628465,0.77075,GBR,TCD,7436
2278047,90,214,1255,2013.0,42656.0,0.0,0.073442,0.9857899999999999,GRC,TCD,7436
2278048,104,214,1255,2013.0,68811.0,0.0,0.18186,2.647598,IND,TCD,7436
2278049,111,214,1255,2013.0,312461.0,0.0,1.419383,-0.304402,ITA,TCD,7436
2278050,114,214,1255,2013.0,9806.0,0.0,2.333417,-0.818701,JPN,TCD,7436
2278051,162,214,1255,2013.0,18968.0,0.0,1.012006,1.441545,NLD,TCD,7436
2278052,179,214,1255,2013.0,9240.0,0.0,0.705087,2.2055580000000004,PRT,TCD,7436
2278053,228,214,1255,2013.0,56737.0,0.0,0.535571,1.026263,UKR,TCD,7436
2278054,231,214,1255,2013.0,622078.0,0.0,1.612058,-0.8592989999999999,USA,TCD,7436
2278055,7,219,1255,2013.0,919715.0,0.0,-0.338417,-0.754102,ARE,TKM,7436
2278056,15,219,1255,2013.0,47651.0,0.0,1.855434,-1.06494,AUT,TKM,7436
2278057,16,219,1255,2013.0,0.0,1191.0,-1.319766,-1.200648,AZE,TKM,7436
2278058,18,219,1255,2013.0,226432.0,0.0,1.198491,1.117268,BEL,TKM,7436
2278059,23,219,1255,2013.0,19923.0,0.0,0.622325,1.5506229999999999,BGR,TKM,7436
2278060,28,219,1255,2013.0,1031177.0,0.0,1.183522,0.934159,BLR,TKM,7436
2278061,39,219,1255,2013.0,59197.0,0.0,0.599305,1.193591,CAN,TKM,7436
2278062,41,219,1255,2013.0,4566.0,0.0,2.0899229999999998,0.661667,CHE,TKM,7436
2278063,43,219,1255,2013.0,43792520.0,0.0,1.24864,0.667713,CHN,TKM,7436
2278064,59,219,1255,2013.0,4254.0,0.0,1.829509,-0.41787700000000005,CZE,TKM,7436
2278065,61,219,1255,2013.0,3725809.0,0.0,2.1086869999999998,-3.7092,DEU,TKM,7436
2278066,64,219,1255,2013.0,357200.0,0.0,1.190302,1.062991,DNK,TKM,7436
2278067,72,219,1255,2013.0,58076.0,0.0,0.923321,1.290016,EST,TKM,7436
2278068,74,219,1255,2013.0,132927.0,0.0,1.700282,0.867677,FIN,TKM,7436
2278069,77,219,1255,2013.0,1029822.0,0.0,1.5253299999999999,0.026146,FRA,TKM,7436
2278070,81,219,1255,2013.0,807715.0,0.0,1.628465,0.77075,GBR,TKM,7436
2278071,82,219,1255,2013.0,29284.0,0.0,-0.08343099999999999,-0.359692,GEO,TKM,7436
2278072,100,219,1255,2013.0,5266.0,0.0,0.8737309999999999,1.276091,HRV,TKM,7436
2278073,102,219,1255,2013.0,260600.0,0.0,1.6962560000000002,0.45460600000000007,HUN,TKM,7436
2278074,104,219,1255,2013.0,289674.0,0.0,0.18186,2.647598,IND,TKM,7436
2278075,107,219,1255,2013.0,35347.0,0.0,-0.23625100000000002,-0.256067,IRN,TKM,7436
2278076,111,219,1255,2013.0,134339.0,0.0,1.419383,-0.304402,ITA,TKM,7436
2278077,114,219,1255,2013.0,370211.0,0.0,2.333417,-0.818701,JPN,TKM,7436
2278078,115,219,1255,2013.0,383814.0,16984.0,-0.9193819999999999,-0.734194,KAZ,TKM,7436
2278079,121,219,1255,2013.0,60591.0,0.0,1.817145,0.835414,KOR,TKM,7436
2278080,130,219,1255,2013.0,6263.0,0.0,0.677986,1.29227,LTU,TKM,7436
2278081,162,219,1255,2013.0,883839.0,0.0,1.012006,1.441545,NLD,TKM,7436
2278082,163,219,1255,2013.0,195828.0,0.0,0.710901,0.062705,NOR,TKM,7436
2278083,177,219,1255,2013.0,5071.0,0.0,1.11341,0.975734,POL,TKM,7436
2278084,185,219,1255,2013.0,39270.0,0.0,1.05722,1.0968799999999999,ROU,TKM,7436
2278085,186,219,1255,2013.0,2093503.0,0.0,-0.08233,-0.267781,RUS,TKM,7436
2278086,190,219,1255,2013.0,0.0,1253.0,-1.224897,-1.059517,SDN,TKM,7436
2278087,192,219,1255,2013.0,178269.0,0.0,1.844685,0.639379,SGP,TKM,7436
2278088,206,219,1255,2013.0,274898.0,0.0,1.510052,0.7060310000000001,SVK,TKM,7436
2278089,208,219,1255,2013.0,201329.0,0.0,1.7851290000000002,0.182623,SWE,TKM,7436
2278090,224,219,1255,2013.0,8647823.0,0.0,0.580016,2.394812,TUR,TKM,7436
2278091,228,219,1255,2013.0,984337.0,0.0,0.535571,1.026263,UKR,TKM,7436
2278092,231,219,1255,2013.0,700667.0,0.0,1.612058,-0.8592989999999999,USA,TKM,7436
2278093,7,232,1255,2013.0,130592.0,0.0,-0.338417,-0.754102,ARE,UZB,7436
2278094,8,232,1255,2013.0,230633.0,0.0,0.042829,0.461002,ARG,UZB,7436
2278095,15,232,1255,2013.0,18610.0,0.0,1.855434,-1.06494,AUT,UZB,7436
2278096,18,232,1255,2013.0,229280.0,0.0,1.198491,1.117268,BEL,UZB,7436
2278097,23,232,1255,2013.0,100763.0,0.0,0.622325,1.5506229999999999,BGR,UZB,7436
2278098,28,232,1255,2013.0,13603.0,0.0,1.183522,0.934159,BLR,UZB,7436
2278099,41,232,1255,2013.0,885702.0,0.0,2.0899229999999998,0.661667,CHE,UZB,7436
2278100,43,232,1255,2013.0,11027286.0,0.0,1.24864,0.667713,CHN,UZB,7436
2278101,59,232,1255,2013.0,11421.0,0.0,1.829509,-0.41787700000000005,CZE,UZB,7436
2278102,61,232,1255,2013.0,4689368.0,11949.0,2.1086869999999998,-3.7092,DEU,UZB,7436
2278103,71,232,1255,2013.0,75090.0,0.0,0.955472,1.80005,ESP,UZB,7436
2278104,72,232,1255,2013.0,45408.0,0.0,0.923321,1.290016,EST,UZB,7436
2278105,74,232,1255,2013.0,8409.0,0.0,1.700282,0.867677,FIN,UZB,7436
2278106,77,232,1255,2013.0,229189.0,0.0,1.5253299999999999,0.026146,FRA,UZB,7436
2278107,81,232,1255,2013.0,522599.0,0.0,1.628465,0.77075,GBR,UZB,7436
2278108,100,232,1255,2013.0,42861.0,0.0,0.8737309999999999,1.276091,HRV,UZB,7436
2278109,102,232,1255,2013.0,1024866.0,0.0,1.6962560000000002,0.45460600000000007,HUN,UZB,7436
2278110,103,232,1255,2013.0,0.0,10076.0,-0.006876999999999999,1.8336569999999999,IDN,UZB,7436
2278111,104,232,1255,2013.0,82538.0,0.0,0.18186,2.647598,IND,UZB,7436
2278112,111,232,1255,2013.0,500487.0,0.0,1.419383,-0.304402,ITA,UZB,7436
2278113,114,232,1255,2013.0,111947.0,0.0,2.333417,-0.818701,JPN,UZB,7436
2278114,115,232,1255,2013.0,37634.0,28541.0,-0.9193819999999999,-0.734194,KAZ,UZB,7436
2278115,117,232,1255,2013.0,98992.0,0.0,0.25090500000000004,0.7357279999999999,KGZ,UZB,7436
2278116,121,232,1255,2013.0,5120612.0,0.0,1.817145,0.835414,KOR,UZB,7436
2278117,130,232,1255,2013.0,1056793.0,0.0,0.677986,1.29227,LTU,UZB,7436
2278118,131,232,1255,2013.0,1055.0,0.0,1.0110190000000001,1.123226,LUX,UZB,7436
2278119,132,232,1255,2013.0,77988.0,0.0,0.652463,1.299917,LVA,UZB,7436
2278120,153,232,1255,2013.0,1918164.0,0.0,0.924532,0.671334,MYS,UZB,7436
2278121,162,232,1255,2013.0,13804.0,0.0,1.012006,1.441545,NLD,UZB,7436
2278122,177,232,1255,2013.0,5098140.0,0.0,1.11341,0.975734,POL,UZB,7436
2278123,185,232,1255,2013.0,51000.0,0.0,1.05722,1.0968799999999999,ROU,UZB,7436
2278124,186,232,1255,2013.0,15863823.0,26907.0,-0.08233,-0.267781,RUS,UZB,7436
2278125,206,232,1255,2013.0,245174.0,0.0,1.510052,0.7060310000000001,SVK,UZB,7436
2278126,208,232,1255,2013.0,446154.0,0.0,1.7851290000000002,0.182623,SWE,UZB,7436
2278127,224,232,1255,2013.0,4520606.0,0.0,0.580016,2.394812,TUR,UZB,7436
2278128,228,232,1255,2013.0,2449739.0,0.0,0.535571,1.026263,UKR,UZB,7436
2278129,231,232,1255,2013.0,293768.0,0.0,1.612058,-0.8592989999999999,USA,UZB,7436
2278130,249,232,1255,2013.0,5417.0,0.0,1.7382849999999999,0.9917739999999999,TWN,UZB,7436
2278131,14,240,1255,2013.0,97767.0,0.0,-0.63369,-0.276328,AUS,VUT,7436
2278132,18,240,1255,2013.0,44552.0,0.0,1.198491,1.117268,BEL,VUT,7436
2278133,21,240,1255,2013.0,0.0,1456163.0,-0.7231029999999999,-0.736291,BFA,VUT,7436
2278134,61,240,1255,2013.0,22561.0,0.0,2.1086869999999998,-3.7092,DEU,VUT,7436
2278135,114,240,1255,2013.0,282538.0,0.0,2.333417,-0.818701,JPN,VUT,7436
2278136,155,240,1255,2013.0,14503.0,0.0,-0.316805,-0.38759099999999996,NAM,VUT,7436
2278137,156,240,1255,2013.0,55540.0,0.0,-0.262882,-0.63858,NCL,VUT,7436
2278138,166,240,1255,2013.0,30704.0,0.0,0.192237,0.429825,NZL,VUT,7436
2278139,208,240,1255,2013.0,1145.0,0.0,1.7851290000000002,0.182623,SWE,VUT,7436
2278140,8,91,1255,2013.0,3893.0,0.0,0.042829,0.461002,ARG,GRD,7436
2278141,33,91,1255,2013.0,1154.0,0.0,0.607845,0.09196,BRB,GRD,7436
2278142,43,91,1255,2013.0,3207.0,0.0,1.24864,0.667713,CHN,GRD,7436
2278143,61,91,1255,2013.0,2586.0,0.0,2.1086869999999998,-3.7092,DEU,GRD,7436
2278144,162,91,1255,2013.0,4537.0,0.0,1.012006,1.441545,NLD,GRD,7436
2278145,222,91,1255,2013.0,1254.0,0.0,-0.399437,-1.047864,TTO,GRD,7436
2278146,231,91,1255,2013.0,528477.0,0.0,1.612058,-0.8592989999999999,USA,GRD,7436
2278147,18,92,1255,2013.0,28610.0,0.0,1.198491,1.117268,BEL,GRL,7436
2278148,61,92,1255,2013.0,1429.0,0.0,2.1086869999999998,-3.7092,DEU,GRL,7436
2278149,64,92,1255,2013.0,435814.0,0.0,1.190302,1.062991,DNK,GRL,7436
2278150,109,92,1255,2013.0,1551.0,0.0,0.284089,-0.164097,ISL,GRL,7436
2278151,162,92,1255,2013.0,16848.0,0.0,1.012006,1.441545,NLD,GRL,7436
2278152,163,92,1255,2013.0,7596.0,0.0,0.710901,0.062705,NOR,GRL,7436
2278153,231,92,1255,2013.0,5714.0,0.0,1.612058,-0.8592989999999999,USA,GRL,7436
2278154,15,202,1255,2013.0,5420.0,0.0,1.855434,-1.06494,AUT,SSD,7436
2278155,18,202,1255,2013.0,3427.0,0.0,1.198491,1.117268,BEL,SSD,7436
2278156,43,202,1255,2013.0,247843.0,0.0,1.24864,0.667713,CHN,SSD,7436
2278157,61,202,1255,2013.0,52673.0,0.0,2.1086869999999998,-3.7092,DEU,SSD,7436
2278158,64,202,1255,2013.0,23248.0,0.0,1.190302,1.062991,DNK,SSD,7436
2278159,77,202,1255,2013.0,15550.0,0.0,1.5253299999999999,0.026146,FRA,SSD,7436
2278160,81,202,1255,2013.0,14696.0,0.0,1.628465,0.77075,GBR,SSD,7436
2278161,114,202,1255,2013.0,43037.0,0.0,2.333417,-0.818701,JPN,SSD,7436
2278162,162,202,1255,2013.0,32697.0,0.0,1.012006,1.441545,NLD,SSD,7436
2278163,168,202,1255,2013.0,1571.0,0.0,-0.697224,0.501576,PAK,SSD,7436
2278164,227,202,1255,2013.0,43705.0,0.0,-0.46170100000000003,0.652878,UGA,SSD,7436
2278165,231,202,1255,2013.0,47130.0,0.0,1.612058,-0.8592989999999999,USA,SSD,7436
2278166,10,242,1255,2013.0,1866.0,0.0,0.5701109999999999,-0.113648,ASM,WSM,7436
2278167,14,242,1255,2013.0,39703.0,0.0,-0.63369,-0.276328,AUS,WSM,7436
2278168,43,242,1255,2013.0,5321.0,0.0,1.24864,0.667713,CHN,WSM,7436
2278169,75,242,1255,2013.0,0.0,1897.0,-0.374639,-0.140308,FJI,WSM,7436
2278170,104,242,1255,2013.0,12593.0,0.0,0.18186,2.647598,IND,WSM,7436
2278171,114,242,1255,2013.0,6037.0,0.0,2.333417,-0.818701,JPN,WSM,7436
2278172,166,242,1255,2013.0,211977.0,0.0,0.192237,0.429825,NZL,WSM,7436
2278173,192,242,1255,2013.0,12950.0,0.0,1.844685,0.639379,SGP,WSM,7436
2278174,216,242,1255,2013.0,7811.0,0.0,1.067287,1.2767110000000002,THA,WSM,7436
2278175,231,242,1255,2013.0,44911.0,0.0,1.612058,-0.8592989999999999,USA,WSM,7436
2278176,249,242,1255,2013.0,0.0,108138.0,1.7382849999999999,0.9917739999999999,TWN,WSM,7436
2278177,14,10,1255,2013.0,11081.0,0.0,-0.63369,-0.276328,AUS,ASM,7436
2278178,77,10,1255,2013.0,416325.0,0.0,1.5253299999999999,0.026146,FRA,ASM,7436
2278179,103,10,1255,2013.0,57628.0,0.0,-0.006876999999999999,1.8336569999999999,IDN,ASM,7436
2278180,114,10,1255,2013.0,10831.0,0.0,2.333417,-0.818701,JPN,ASM,7436
2278181,147,10,1255,2013.0,0.0,2693.0,-1.131512,-0.8923840000000001,MOZ,ASM,7436
2278182,166,10,1255,2013.0,27333.0,0.0,0.192237,0.429825,NZL,ASM,7436
2278183,224,10,1255,2013.0,0.0,2709.0,0.580016,2.394812,TUR,ASM,7436
2278184,242,10,1255,2013.0,0.0,1866.0,0.877785,0.277918,WSM,ASM,7436
2278185,39,11,1255,2013.0,2705.0,0.0,0.599305,1.193591,CAN,ATA,7436
2278186,177,11,1255,2013.0,2420.0,0.0,1.11341,0.975734,POL,ATA,7436
2278187,14,35,1255,2013.0,0.0,17554.0,-0.63369,-0.276328,AUS,BTN,7436
2278188,18,35,1255,2013.0,8702.0,0.0,1.198491,1.117268,BEL,BTN,7436
2278189,43,35,1255,2013.0,6274.0,0.0,1.24864,0.667713,CHN,BTN,7436
2278190,61,35,1255,2013.0,50202.0,0.0,2.1086869999999998,-3.7092,DEU,BTN,7436
2278191,104,35,1255,2013.0,15632.0,0.0,0.18186,2.647598,IND,BTN,7436
2278192,114,35,1255,2013.0,23865.0,0.0,2.333417,-0.818701,JPN,BTN,7436
2278193,192,35,1255,2013.0,1674.0,0.0,1.844685,0.639379,SGP,BTN,7436
2278194,208,35,1255,2013.0,2770.0,0.0,1.7851290000000002,0.182623,SWE,BTN,7436
2278195,216,35,1255,2013.0,17484.0,0.0,1.067287,1.2767110000000002,THA,BTN,7436
2278196,14,40,1255,2013.0,10985.0,0.0,-0.63369,-0.276328,AUS,CCK,7436
2278197,128,40,1255,2013.0,0.0,17781.0,-0.320583,0.44462399999999996,LKA,CCK,7436
2278198,43,48,1255,2013.0,13961.0,0.0,1.24864,0.667713,CHN,COK,7436
2278199,166,48,1255,2013.0,155861.0,0.0,0.192237,0.429825,NZL,COK,7436
2278200,14,56,1255,2013.0,25599.0,0.0,-0.63369,-0.276328,AUS,CXR,7436
2278201,168,56,1255,2013.0,0.0,2234.0,-0.697224,0.501576,PAK,CXR,7436
2278202,14,95,1255,2013.0,17331.0,0.0,-0.63369,-0.276328,AUS,GUM,7436
2278203,61,95,1255,2013.0,31548.0,0.0,2.1086869999999998,-3.7092,DEU,GUM,7436
2278204,79,95,1255,2013.0,0.0,1242.0,-0.592069,-0.796275,FSM,GUM,7436
2278205,121,95,1255,2013.0,6149.0,0.0,1.817145,0.835414,KOR,GUM,7436
2278206,166,95,1255,2013.0,1556.0,0.0,0.192237,0.429825,NZL,GUM,7436
2278207,175,95,1255,2013.0,0.0,93751.0,0.661385,-0.41401899999999997,PLW,GUM,7436
2278208,192,95,1255,2013.0,3995.0,0.0,1.844685,0.639379,SGP,GUM,7436
2278209,216,95,1255,2013.0,1751.0,0.0,1.067287,1.2767110000000002,THA,GUM,7436
2278210,249,95,1255,2013.0,62072.0,0.0,1.7382849999999999,0.9917739999999999,TWN,GUM,7436
2278211,14,119,1255,2013.0,13705.0,0.0,-0.63369,-0.276328,AUS,KIR,7436
2278212,43,119,1255,2013.0,2339.0,0.0,1.24864,0.667713,CHN,KIR,7436
2278213,75,119,1255,2013.0,2096.0,0.0,-0.374639,-0.140308,FJI,KIR,7436
2278214,97,119,1255,2013.0,2840.0,0.0,0.791401,1.249845,HKG,KIR,7436
2278215,114,119,1255,2013.0,6577.0,0.0,2.333417,-0.818701,JPN,KIR,7436
2278216,121,119,1255,2013.0,9198.0,0.0,1.817145,0.835414,KOR,KIR,7436
2278217,166,119,1255,2013.0,19847.0,0.0,0.192237,0.429825,NZL,KIR,7436
2278218,231,119,1255,2013.0,12687.0,0.0,1.612058,-0.8592989999999999,USA,KIR,7436
2278219,43,139,1255,2013.0,131486.0,0.0,1.24864,0.667713,CHN,MHL,7436
2278220,61,139,1255,2013.0,7693.0,0.0,2.1086869999999998,-3.7092,DEU,MHL,7436
2278221,81,139,1255,2013.0,1334.0,0.0,1.628465,0.77075,GBR,MHL,7436
2278222,114,139,1255,2013.0,2221248.0,0.0,2.333417,-0.818701,JPN,MHL,7436
2278223,162,139,1255,2013.0,23344.0,0.0,1.012006,1.441545,NLD,MHL,7436
2278224,163,139,1255,2013.0,39321.0,0.0,0.710901,0.062705,NOR,MHL,7436
2278225,166,139,1255,2013.0,2737.0,0.0,0.192237,0.429825,NZL,MHL,7436
2278226,192,139,1255,2013.0,22425.0,0.0,1.844685,0.639379,SGP,MHL,7436
2278227,224,139,1255,2013.0,0.0,44294.0,0.580016,2.394812,TUR,MHL,7436
2278228,231,139,1255,2013.0,209847.0,0.0,1.612058,-0.8592989999999999,USA,MHL,7436
2278229,249,139,1255,2013.0,2369.0,0.0,1.7382849999999999,0.9917739999999999,TWN,MHL,7436
2278230,114,146,1255,2013.0,2633.0,0.0,2.333417,-0.818701,JPN,MNP,7436
2278231,192,146,1255,2013.0,11458.0,0.0,1.844685,0.639379,SGP,MNP,7436
2278232,166,161,1255,2013.0,11478.0,0.0,0.192237,0.429825,NZL,NIU,7436
2278233,14,165,1255,2013.0,2545102.0,0.0,-0.63369,-0.276328,AUS,NRU,7436
2278234,77,165,1255,2013.0,0.0,7555.0,1.5253299999999999,0.026146,FRA,NRU,7436
2278235,159,165,1255,2013.0,0.0,45585.0,-1.679402,-1.14686,NGA,NRU,7436
2278236,155,194,1255,2013.0,34813.0,1705.0,-0.316805,-0.38759099999999996,NAM,SHN,7436
2278237,246,194,1255,2013.0,17485.0,0.0,0.11624100000000001,1.574591,ZAF,SHN,7436
2278238,14,221,1255,2013.0,30773.0,24809.0,-0.63369,-0.276328,AUS,TON,7436
2278239,43,221,1255,2013.0,13858.0,0.0,1.24864,0.667713,CHN,TON,7436
2278240,61,221,1255,2013.0,20526.0,0.0,2.1086869999999998,-3.7092,DEU,TON,7436
2278241,75,221,1255,2013.0,12760.0,0.0,-0.374639,-0.140308,FJI,TON,7436
2278242,114,221,1255,2013.0,4605.0,0.0,2.333417,-0.818701,JPN,TON,7436
2278243,166,221,1255,2013.0,77836.0,0.0,0.192237,0.429825,NZL,TON,7436
2278244,192,221,1255,2013.0,32498.0,0.0,1.844685,0.639379,SGP,TON,7436
2278245,231,221,1255,2013.0,5249.0,0.0,1.612058,-0.8592989999999999,USA,TON,7436
2278246,14,225,1255,2013.0,6563.0,0.0,-0.63369,-0.276328,AUS,TUV,7436
2278247,75,225,1255,2013.0,6129.0,0.0,-0.374639,-0.140308,FJI,TUV,7436
2278248,166,225,1255,2013.0,3767.0,0.0,0.192237,0.429825,NZL,TUV,7436
2278249,156,241,1255,2013.0,21652.0,0.0,-0.262882,-0.63858,NCL,WLF,7436
2278250,182,241,1255,2013.0,2053.0,0.0,-0.118172,-0.620256,PYF,WLF,7436
2278251,224,241,1255,2013.0,2688.0,0.0,0.580016,2.394812,TUR,WLF,7436
2278252,61,210,1255,2013.0,3997.0,0.0,2.1086869999999998,-3.7092,DEU,SXM,7436
2278253,77,210,1255,2013.0,59979.0,0.0,1.5253299999999999,0.026146,FRA,SXM,7436
2278254,81,210,1255,2013.0,4361.0,0.0,1.628465,0.77075,GBR,SXM,7436
2278255,120,210,1255,2013.0,0.0,1073.0,0.983857,-0.051745000000000006,KNA,SXM,7436
2278256,162,210,1255,2013.0,61675.0,0.0,1.012006,1.441545,NLD,SXM,7436
2278257,208,210,1255,2013.0,67074.0,0.0,1.7851290000000002,0.182623,SWE,SXM,7436
2278258,231,210,1255,2013.0,1696183.0,81048.0,1.612058,-0.8592989999999999,USA,SXM,7436
2278259,190,233,1255,2013.0,0.0,2087.0,-1.224897,-1.059517,SDN,VAT,7436
2278260,231,233,1255,2013.0,6097.0,0.0,1.612058,-0.8592989999999999,USA,VAT,7436
2278261,18,12,1255,2013.0,28201.0,0.0,1.198491,1.117268,BEL,ATF,7436
2278262,77,12,1255,2013.0,1814.0,0.0,1.5253299999999999,0.026146,FRA,ATF,7436
2278263,177,12,1255,2013.0,16007.0,0.0,1.11341,0.975734,POL,ATF,7436
2278264,162,20,1255,2013.0,17593.0,0.0,1.012006,1.441545,NLD,BES,7436
2278265,18,27,1255,2013.0,6178.0,0.0,1.198491,1.117268,BEL,BLM,7436
2278266,77,27,1255,2013.0,204635.0,0.0,1.5253299999999999,0.026146,FRA,BLM,7436
2278267,179,27,1255,2013.0,7225.0,0.0,0.705087,2.2055580000000004,PRT,BLM,7436
2278268,81,76,1255,2013.0,83312.0,0.0,1.628465,0.77075,GBR,FLK,7436
2278269,18,154,1255,2013.0,2144.0,0.0,1.198491,1.117268,BEL,MYT,7436
2278270,43,154,1255,2013.0,109491.0,0.0,1.24864,0.667713,CHN,MYT,7436
2278271,50,154,1255,2013.0,0.0,2095.0,-0.36952399999999996,-0.6802739999999999,COM,MYT,7436
2278272,61,154,1255,2013.0,167604.0,0.0,2.1086869999999998,-3.7092,DEU,MYT,7436
2278273,71,154,1255,2013.0,1280.0,0.0,0.955472,1.80005,ESP,MYT,7436
2278274,77,154,1255,2013.0,990084.0,0.0,1.5253299999999999,0.026146,FRA,MYT,7436
2278275,111,154,1255,2013.0,31089.0,0.0,1.419383,-0.304402,ITA,MYT,7436
2278276,162,154,1255,2013.0,69475.0,0.0,1.012006,1.441545,NLD,MYT,7436
2278277,224,154,1255,2013.0,4508.0,0.0,0.580016,2.394812,TUR,MYT,7436
2278278,231,154,1255,2013.0,69819.0,0.0,1.612058,-0.8592989999999999,USA,MYT,7436
2278279,39,200,1255,2013.0,10054.0,0.0,0.599305,1.193591,CAN,SPM,7436
2278280,77,200,1255,2013.0,391463.0,0.0,1.5253299999999999,0.026146,FRA,SPM,7436
2278281,231,98,1255,2013.0,12456.0,0.0,1.612058,-0.8592989999999999,USA,HMD,7436
2278282,1,7,1256,2013.0,0.0,1994496.0,-0.767212,-0.6506069999999999,AFG,ARE,7439
2278283,2,7,1256,2013.0,0.0,281379.0,-1.240877,-1.073797,AGO,ARE,7439
2278284,8,7,1256,2013.0,2002.0,0.0,0.042829,0.461002,ARG,ARE,7439
2278285,9,7,1256,2013.0,0.0,11106.0,-0.159148,-0.515766,ARM,ARE,7439
2278286,14,7,1256,2013.0,54702.0,5289558.0,-0.63369,-0.276328,AUS,ARE,7439
2278287,15,7,1256,2013.0,1012051.0,0.0,1.855434,-1.06494,AUT,ARE,7439
2278288,16,7,1256,2013.0,0.0,132489.0,-1.319766,-1.200648,AZE,ARE,7439
2278289,18,7,1256,2013.0,2843924.0,10451.0,1.198491,1.117268,BEL,ARE,7439
2278290,22,7,1256,2013.0,0.0,144594.0,-0.835666,-0.8088810000000001,BGD,ARE,7439
2278291,23,7,1256,2013.0,1069.0,0.0,0.622325,1.5506229999999999,BGR,ARE,7439
2278292,24,7,1256,2013.0,15399.0,957873.0,0.080634,-0.6828890000000001,BHR,ARE,7439
2278293,26,7,1256,2013.0,20684.0,0.0,0.723658,0.9271879999999999,BIH,ARE,7439
2278294,32,7,1256,2013.0,51186.0,123121.0,0.2804,0.649729,BRA,ARE,7439
2278295,34,7,1256,2013.0,1002.0,0.0,-1.664,-0.663172,BRN,ARE,7439
2278296,37,7,1256,2013.0,0.0,4315.0,-0.677782,-1.0888149999999999,BWA,ARE,7439
2278297,39,7,1256,2013.0,796446.0,204584.0,0.599305,1.193591,CAN,ARE,7439
2278298,41,7,1256,2013.0,325377.0,0.0,2.0899229999999998,0.661667,CHE,ARE,7439
2278299,42,7,1256,2013.0,0.0,4149.0,-0.184556,-0.238657,CHL,ARE,7439
2278300,43,7,1256,2013.0,15137639.0,3038.0,1.24864,0.667713,CHN,ARE,7439
2278301,44,7,1256,2013.0,0.0,5130.0,-1.0025870000000001,-0.901658,CIV,ARE,7439
2278302,45,7,1256,2013.0,0.0,13109.0,-0.93575,-1.003851,CMR,ARE,7439
2278303,47,7,1256,2013.0,874902.0,109524.0,-1.478461,-1.094509,COG,ARE,7439
2278304,59,7,1256,2013.0,1269974.0,0.0,1.829509,-0.41787700000000005,CZE,ARE,7439
2278305,61,7,1256,2013.0,32163852.0,100469.0,2.1086869999999998,-3.7092,DEU,ARE,7439
2278306,62,7,1256,2013.0,0.0,102291.0,-0.35226399999999997,-0.542234,DJI,ARE,7439
2278307,64,7,1256,2013.0,1845845.0,0.0,1.190302,1.062991,DNK,ARE,7439
2278308,66,7,1256,2013.0,0.0,24885.0,-1.53603,-1.104965,DZA,ARE,7439
2278309,67,7,1256,2013.0,0.0,165316.0,-0.8251790000000001,-0.9347200000000001,ECU,ARE,7439
2278310,68,7,1256,2013.0,7825.0,96327.0,-0.12015799999999999,1.793363,EGY,ARE,7439
2278311,69,7,1256,2013.0,0.0,18430.0,-0.827263,-0.790848,ERI,ARE,7439
2278312,71,7,1256,2013.0,2188875.0,0.0,0.955472,1.80005,ESP,ARE,7439
2278313,72,7,1256,2013.0,0.0,2479.0,0.923321,1.290016,EST,ARE,7439
2278314,73,7,1256,2013.0,0.0,14759.0,-1.1373090000000001,-0.89186,ETH,ARE,7439
2278315,74,7,1256,2013.0,62438.0,77254.0,1.700282,0.867677,FIN,ARE,7439
2278316,77,7,1256,2013.0,5490704.0,4165.0,1.5253299999999999,0.026146,FRA,ARE,7439
2278317,80,7,1256,2013.0,0.0,37000.0,-1.652062,-1.140576,GAB,ARE,7439
2278318,81,7,1256,2013.0,6228784.0,1317519.0,1.628465,0.77075,GBR,ARE,7439
2278319,82,7,1256,2013.0,0.0,33485.0,-0.08343099999999999,-0.359692,GEO,ARE,7439
2278320,83,7,1256,2013.0,0.0,24419.0,-0.696971,-0.5807939999999999,GHA,ARE,7439
2278321,85,7,1256,2013.0,0.0,1093.0,-1.281072,-1.027585,GIN,ARE,7439
2278322,89,7,1256,2013.0,0.0,20025.0,-1.7984200000000001,-0.678832,GNQ,ARE,7439
2278323,97,7,1256,2013.0,105238.0,65857.0,0.791401,1.249845,HKG,ARE,7439
2278324,101,7,1256,2013.0,0.0,4245.0,-0.627783,-0.8605309999999999,HTI,ARE,7439
2278325,102,7,1256,2013.0,154946.0,0.0,1.6962560000000002,0.45460600000000007,HUN,ARE,7439
2278326,103,7,1256,2013.0,99947.0,7741.0,-0.006876999999999999,1.8336569999999999,IDN,ARE,7439
2278327,104,7,1256,2013.0,7550592.0,4825076.0,0.18186,2.647598,IND,ARE,7439
2278328,106,7,1256,2013.0,655913.0,0.0,1.32787,0.394579,IRL,ARE,7439
2278329,107,7,1256,2013.0,7281.0,4688022.0,-0.23625100000000002,-0.256067,IRN,ARE,7439
2278330,108,7,1256,2013.0,0.0,1034594.0,-3.147217,-0.685991,IRQ,ARE,7439
2278331,111,7,1256,2013.0,4091523.0,176798.0,1.419383,-0.304402,ITA,ARE,7439
2278332,113,7,1256,2013.0,0.0,78805.0,0.1888,0.596867,JOR,ARE,7439
2278333,114,7,1256,2013.0,18731952.0,49061.0,2.333417,-0.818701,JPN,ARE,7439
2278334,115,7,1256,2013.0,0.0,15411.0,-0.9193819999999999,-0.734194,KAZ,ARE,7439
2278335,116,7,1256,2013.0,0.0,133930.0,-0.303119,0.626786,KEN,ARE,7439
2278336,121,7,1256,2013.0,9515752.0,52434.0,1.817145,0.835414,KOR,ARE,7439
2278337,122,7,1256,2013.0,8618.0,312908.0,-1.198985,-1.057248,KWT,ARE,7439
2278338,124,7,1256,2013.0,74601.0,18798.0,0.37392800000000004,1.413136,LBN,ARE,7439
2278339,126,7,1256,2013.0,0.0,757569.0,-1.871593,-1.1211790000000001,LBY,ARE,7439
2278340,128,7,1256,2013.0,0.0,215801.0,-0.320583,0.44462399999999996,LKA,ARE,7439
2278341,130,7,1256,2013.0,20292.0,0.0,0.677986,1.29227,LTU,ARE,7439
2278342,131,7,1256,2013.0,113658.0,0.0,1.0110190000000001,1.123226,LUX,ARE,7439
2278343,134,7,1256,2013.0,4680.0,0.0,-0.474872,0.178118,MAR,ARE,7439
2278344,136,7,1256,2013.0,0.0,26933.0,-0.786091,-0.611478,MDG,ARE,7439
2278345,137,7,1256,2013.0,0.0,38229.0,-0.510204,-0.740372,MDV,ARE,7439
2278346,138,7,1256,2013.0,209158.0,0.0,1.2327219999999999,0.746108,MEX,ARE,7439
2278347,143,7,1256,2013.0,0.0,3017.0,-1.147086,-0.6888989999999999,MMR,ARE,7439
2278348,147,7,1256,2013.0,0.0,10188.0,-1.131512,-0.8923840000000001,MOZ,ARE,7439
2278349,148,7,1256,2013.0,0.0,55309.0,-1.681152,-1.2712350000000001,MRT,ARE,7439
2278350,151,7,1256,2013.0,0.0,2058.0,-0.092312,0.050927,MUS,ARE,7439
2278351,153,7,1256,2013.0,684074.0,200862.0,0.924532,0.671334,MYS,ARE,7439
2278352,155,7,1256,2013.0,0.0,4343.0,-0.316805,-0.38759099999999996,NAM,ARE,7439
2278353,159,7,1256,2013.0,5076.0,188667.0,-1.679402,-1.14686,NGA,ARE,7439
2278354,162,7,1256,2013.0,10173864.0,5134.0,1.012006,1.441545,NLD,ARE,7439
2278355,163,7,1256,2013.0,843812.0,0.0,0.710901,0.062705,NOR,ARE,7439
2278356,166,7,1256,2013.0,5118.0,1350.0,0.192237,0.429825,NZL,ARE,7439
2278357,167,7,1256,2013.0,5040.0,7839078.0,-0.698693,-1.030814,OMN,ARE,7439
2278358,168,7,1256,2013.0,240491.0,1355585.0,-0.697224,0.501576,PAK,ARE,7439
2278359,174,7,1256,2013.0,213571.0,39169.0,0.639083,0.45816899999999994,PHL,ARE,7439
2278360,177,7,1256,2013.0,268195.0,0.0,1.11341,0.975734,POL,ARE,7439
2278361,179,7,1256,2013.0,16884.0,0.0,0.705087,2.2055580000000004,PRT,ARE,7439
2278362,183,7,1256,2013.0,0.0,698672.0,-0.583609,-1.003754,QAT,ARE,7439
2278363,185,7,1256,2013.0,41369.0,0.0,1.05722,1.0968799999999999,ROU,ARE,7439
2278364,186,7,1256,2013.0,18393.0,32789.0,-0.08233,-0.267781,RUS,ARE,7439
2278365,187,7,1256,2013.0,0.0,1636.0,-0.535446,-0.662881,RWA,ARE,7439
2278366,188,7,1256,2013.0,149715.0,4283148.0,-0.14823599999999998,-0.883965,SAU,ARE,7439
2278367,190,7,1256,2013.0,0.0,214365.0,-1.224897,-1.059517,SDN,ARE,7439
2278368,191,7,1256,2013.0,0.0,6394.0,-0.566624,-0.185277,SEN,ARE,7439
2278369,192,7,1256,2013.0,1334421.0,365266.0,1.844685,0.639379,SGP,ARE,7439
2278370,196,7,1256,2013.0,0.0,23642.0,-0.42937700000000006,-0.529857,SLE,ARE,7439
2278371,201,7,1256,2013.0,1667.0,0.0,0.609755,1.355304,SRB,ARE,7439
2278372,206,7,1256,2013.0,835553.0,0.0,1.510052,0.7060310000000001,SVK,ARE,7439
2278373,207,7,1256,2013.0,10259.0,0.0,1.55922,0.565874,SVN,ARE,7439
2278374,208,7,1256,2013.0,2873340.0,7576.0,1.7851290000000002,0.182623,SWE,ARE,7439
2278375,211,7,1256,2013.0,0.0,107892.0,0.06901,-0.438229,SYC,ARE,7439
2278376,212,7,1256,2013.0,0.0,60714.0,-0.09157699999999999,1.1795950000000002,SYR,ARE,7439
2278377,216,7,1256,2013.0,47055744.0,46211.0,1.067287,1.2767110000000002,THA,ARE,7439
2278378,217,7,1256,2013.0,0.0,6254.0,-1.117246,-1.1638600000000001,TJK,ARE,7439
2278379,219,7,1256,2013.0,0.0,432907.0,-1.174981,-1.14869,TKM,ARE,7439
2278380,223,7,1256,2013.0,2049.0,5426.0,0.40154,0.902177,TUN,ARE,7439
2278381,224,7,1256,2013.0,614857.0,82937.0,0.580016,2.394812,TUR,ARE,7439
2278382,226,7,1256,2013.0,0.0,138647.0,-0.654655,0.903574,TZA,ARE,7439
2278383,227,7,1256,2013.0,9980.0,29402.0,-0.46170100000000003,0.652878,UGA,ARE,7439
2278384,228,7,1256,2013.0,4320.0,2125.0,0.535571,1.026263,UKR,ARE,7439
2278385,230,7,1256,2013.0,0.0,13005.0,0.128825,0.02334,URY,ARE,7439
2278386,231,7,1256,2013.0,36204220.0,3220634.0,1.612058,-0.8592989999999999,USA,ARE,7439
2278387,232,7,1256,2013.0,0.0,10473.0,-0.7076319999999999,-0.645674,UZB,ARE,7439
2278388,236,7,1256,2013.0,0.0,3845.0,-1.281202,-1.094268,VEN,ARE,7439
2278389,239,7,1256,2013.0,0.0,14390.0,0.009264,1.182368,VNM,ARE,7439
2278390,243,7,1256,2013.0,0.0,122771.0,-1.2788700000000002,-1.230713,YEM,ARE,7439
2278391,246,7,1256,2013.0,15494.0,36754.0,0.11624100000000001,1.574591,ZAF,ARE,7439
2278392,247,7,1256,2013.0,0.0,10073.0,-0.293192,-0.42930100000000004,ZMB,ARE,7439
2278393,248,7,1256,2013.0,0.0,21245.0,-0.841968,-0.898121,ZWE,ARE,7439
2278394,249,7,1256,2013.0,3394296.0,1041.0,1.7382849999999999,0.9917739999999999,TWN,ARE,7439
2278395,250,7,1256,2013.0,3540.0,2055983.0,0.583151,0.14238299999999998,ANS,ARE,7439
2278396,1,8,1256,2013.0,3631.0,0.0,-0.767212,-0.6506069999999999,AFG,ARG,7439
2278397,2,8,1256,2013.0,0.0,5462.0,-1.240877,-1.073797,AGO,ARG,7439
2278398,7,8,1256,2013.0,0.0,2002.0,-0.338417,-0.754102,ARE,ARG,7439
2278399,14,8,1256,2013.0,106101.0,20470.0,-0.63369,-0.276328,AUS,ARG,7439
2278400,15,8,1256,2013.0,248939.0,0.0,1.855434,-1.06494,AUT,ARG,7439
2278401,18,8,1256,2013.0,191050.0,7200.0,1.198491,1.117268,BEL,ARG,7439
2278402,23,8,1256,2013.0,32844.0,0.0,0.622325,1.5506229999999999,BGR,ARG,7439
2278403,26,8,1256,2013.0,58760.0,0.0,0.723658,0.9271879999999999,BIH,ARG,7439
2278404,31,8,1256,2013.0,0.0,514851.0,-1.1429610000000001,-1.0076120000000002,BOL,ARG,7439
2278405,32,8,1256,2013.0,9649037.0,5740406.0,0.2804,0.649729,BRA,ARG,7439
2278406,39,8,1256,2013.0,338899.0,2846.0,0.599305,1.193591,CAN,ARG,7439
2278407,41,8,1256,2013.0,317972.0,1994.0,2.0899229999999998,0.661667,CHE,ARG,7439
2278408,42,8,1256,2013.0,1296958.0,438469.0,-0.184556,-0.238657,CHL,ARG,7439
2278409,43,8,1256,2013.0,4287102.0,57691.0,1.24864,0.667713,CHN,ARG,7439
2278410,49,8,1256,2013.0,28927.0,52113.0,0.034491,-0.36975,COL,ARG,7439
2278411,52,8,1256,2013.0,0.0,10783.0,0.208669,-0.54783,CRI,ARG,7439
2278412,54,8,1256,2013.0,0.0,1975.0,-0.31053400000000003,-0.8534280000000001,CUB,ARG,7439
2278413,59,8,1256,2013.0,160385.0,32704.0,1.829509,-0.41787700000000005,CZE,ARG,7439
2278414,61,8,1256,2013.0,9288410.0,1376658.0,2.1086869999999998,-3.7092,DEU,ARG,7439
2278415,64,8,1256,2013.0,1031786.0,6410.0,1.190302,1.062991,DNK,ARG,7439
2278416,65,8,1256,2013.0,0.0,4515.0,-0.272579,0.42750699999999997,DOM,ARG,7439
2278417,66,8,1256,2013.0,0.0,4512.0,-1.53603,-1.104965,DZA,ARG,7439
2278418,67,8,1256,2013.0,0.0,51661.0,-0.8251790000000001,-0.9347200000000001,ECU,ARG,7439
2278419,68,8,1256,2013.0,0.0,1531.0,-0.12015799999999999,1.793363,EGY,ARG,7439
2278420,71,8,1256,2013.0,588999.0,138516.0,0.955472,1.80005,ESP,ARG,7439
2278421,72,8,1256,2013.0,2762.0,0.0,0.923321,1.290016,EST,ARG,7439
2278422,74,8,1256,2013.0,1827441.0,3237.0,1.700282,0.867677,FIN,ARG,7439
2278423,77,8,1256,2013.0,3727148.0,87804.0,1.5253299999999999,0.026146,FRA,ARG,7439
2278424,81,8,1256,2013.0,393145.0,4050.0,1.628465,0.77075,GBR,ARG,7439
2278425,90,8,1256,2013.0,1538.0,0.0,0.073442,0.9857899999999999,GRC,ARG,7439
2278426,91,8,1256,2013.0,0.0,4792.0,0.04823,-0.473217,GRD,ARG,7439
2278427,93,8,1256,2013.0,0.0,6162.0,-0.220165,0.661111,GTM,ARG,7439
2278428,97,8,1256,2013.0,32877.0,0.0,0.791401,1.249845,HKG,ARG,7439
2278429,99,8,1256,2013.0,0.0,13955.0,-0.6661060000000001,-0.38619699999999996,HND,ARG,7439
2278430,101,8,1256,2013.0,0.0,9131.0,-0.627783,-0.8605309999999999,HTI,ARG,7439
2278431,102,8,1256,2013.0,21895.0,0.0,1.6962560000000002,0.45460600000000007,HUN,ARG,7439
2278432,103,8,1256,2013.0,232597.0,0.0,-0.006876999999999999,1.8336569999999999,IDN,ARG,7439
2278433,104,8,1256,2013.0,391071.0,6851.0,0.18186,2.647598,IND,ARG,7439
2278434,106,8,1256,2013.0,75160.0,0.0,1.32787,0.394579,IRL,ARG,7439
2278435,110,8,1256,2013.0,168728.0,0.0,1.0247629999999999,0.8261639999999999,ISR,ARG,7439
2278436,111,8,1256,2013.0,1424685.0,4790.0,1.419383,-0.304402,ITA,ARG,7439
2278437,114,8,1256,2013.0,4778545.0,1910.0,2.333417,-0.818701,JPN,ARG,7439
2278438,115,8,1256,2013.0,0.0,61382.0,-0.9193819999999999,-0.734194,KAZ,ARG,7439
2278439,121,8,1256,2013.0,54460.0,124479.0,1.817145,0.835414,KOR,ARG,7439
2278440,132,8,1256,2013.0,9697.0,0.0,0.652463,1.299917,LVA,ARG,7439
2278441,135,8,1256,2013.0,0.0,2313.0,0.14256,0.33920700000000004,MDA,ARG,7439
2278442,138,8,1256,2013.0,1080590.0,54729.0,1.2327219999999999,0.746108,MEX,ARG,7439
2278443,153,8,1256,2013.0,52507.0,0.0,0.924532,0.671334,MYS,ARG,7439
2278444,159,8,1256,2013.0,10458.0,0.0,-1.679402,-1.14686,NGA,ARG,7439
2278445,162,8,1256,2013.0,737934.0,20542.0,1.012006,1.441545,NLD,ARG,7439
2278446,163,8,1256,2013.0,16707.0,4687.0,0.710901,0.062705,NOR,ARG,7439
2278447,166,8,1256,2013.0,13111.0,0.0,0.192237,0.429825,NZL,ARG,7439
2278448,169,8,1256,2013.0,0.0,8214.0,0.8719819999999999,1.038982,PAN,ARG,7439
2278449,173,8,1256,2013.0,39510.0,468559.0,-0.640044,0.121772,PER,ARG,7439
2278450,174,8,1256,2013.0,14917.0,19678.0,0.639083,0.45816899999999994,PHL,ARG,7439
2278451,177,8,1256,2013.0,57577.0,11466.0,1.11341,0.975734,POL,ARG,7439
2278452,180,8,1256,2013.0,105694.0,794620.0,-0.560661,-0.822876,PRY,ARG,7439
2278453,185,8,1256,2013.0,47520.0,0.0,1.05722,1.0968799999999999,ROU,ARG,7439
2278454,186,8,1256,2013.0,0.0,1781.0,-0.08233,-0.267781,RUS,ARG,7439
2278455,192,8,1256,2013.0,107374.0,1758.0,1.844685,0.639379,SGP,ARG,7439
2278456,197,8,1256,2013.0,0.0,1561.0,0.104046,0.46966,SLV,ARG,7439
2278457,206,8,1256,2013.0,85862.0,0.0,1.510052,0.7060310000000001,SVK,ARG,7439
2278458,207,8,1256,2013.0,145680.0,0.0,1.55922,0.565874,SVN,ARG,7439
2278459,208,8,1256,2013.0,676281.0,10429.0,1.7851290000000002,0.182623,SWE,ARG,7439
2278460,216,8,1256,2013.0,3380298.0,29261.0,1.067287,1.2767110000000002,THA,ARG,7439
2278461,223,8,1256,2013.0,92051.0,3318.0,0.40154,0.902177,TUN,ARG,7439
2278462,224,8,1256,2013.0,17099.0,7202.0,0.580016,2.394812,TUR,ARG,7439
2278463,230,8,1256,2013.0,99655.0,1066074.0,0.128825,0.02334,URY,ARG,7439
2278464,231,8,1256,2013.0,21160910.0,402280.0,1.612058,-0.8592989999999999,USA,ARG,7439
2278465,232,8,1256,2013.0,0.0,83118.0,-0.7076319999999999,-0.645674,UZB,ARG,7439
2278466,236,8,1256,2013.0,0.0,65883.0,-1.281202,-1.094268,VEN,ARG,7439
2278467,246,8,1256,2013.0,4009048.0,21937.0,0.11624100000000001,1.574591,ZAF,ARG,7439
2278468,249,8,1256,2013.0,486889.0,0.0,1.7382849999999999,0.9917739999999999,TWN,ARG,7439
2278469,0,15,1256,2013.0,0.0,3087.0,0.598533,0.032199,ABW,AUT,7439
2278470,4,15,1256,2013.0,0.0,11243.0,-0.44779300000000005,-0.13181700000000002,ALB,AUT,7439
2278471,7,15,1256,2013.0,0.0,1012051.0,-0.338417,-0.754102,ARE,AUT,7439
2278472,8,15,1256,2013.0,0.0,248939.0,0.042829,0.461002,ARG,AUT,7439
2278473,9,15,1256,2013.0,0.0,71291.0,-0.159148,-0.515766,ARM,AUT,7439
2278474,14,15,1256,2013.0,1122.0,1067824.0,-0.63369,-0.276328,AUS,AUT,7439
2278475,16,15,1256,2013.0,0.0,33527.0,-1.319766,-1.200648,AZE,AUT,7439
2278476,18,15,1256,2013.0,4220544.0,4276876.0,1.198491,1.117268,BEL,AUT,7439
2278477,21,15,1256,2013.0,0.0,5404.0,-0.7231029999999999,-0.736291,BFA,AUT,7439
2278478,22,15,1256,2013.0,0.0,64808.0,-0.835666,-0.8088810000000001,BGD,AUT,7439
2278479,23,15,1256,2013.0,10537.0,367058.0,0.622325,1.5506229999999999,BGR,AUT,7439
2278480,24,15,1256,2013.0,0.0,2621.0,0.080634,-0.6828890000000001,BHR,AUT,7439
2278481,25,15,1256,2013.0,0.0,35180.0,0.496435,-0.324394,BHS,AUT,7439
2278482,26,15,1256,2013.0,179330.0,836412.0,0.723658,0.9271879999999999,BIH,AUT,7439
2278483,28,15,1256,2013.0,0.0,64566.0,1.183522,0.934159,BLR,AUT,7439
2278484,29,15,1256,2013.0,0.0,7664.0,-0.459154,-0.465912,BLZ,AUT,7439
2278485,31,15,1256,2013.0,0.0,13708.0,-1.1429610000000001,-1.0076120000000002,BOL,AUT,7439
2278486,32,15,1256,2013.0,7864.0,1481662.0,0.2804,0.649729,BRA,AUT,7439
2278487,34,15,1256,2013.0,0.0,8172.0,-1.664,-0.663172,BRN,AUT,7439
2278488,35,15,1256,2013.0,0.0,8855.0,-0.026632999999999997,-0.608414,BTN,AUT,7439
2278489,39,15,1256,2013.0,36700.0,288567.0,0.599305,1.193591,CAN,AUT,7439
2278490,41,15,1256,2013.0,8219040.0,5194242.0,2.0899229999999998,0.661667,CHE,AUT,7439
2278491,42,15,1256,2013.0,0.0,234843.0,-0.184556,-0.238657,CHL,AUT,7439
2278492,43,15,1256,2013.0,1853328.0,10182202.0,1.24864,0.667713,CHN,AUT,7439
2278493,44,15,1256,2013.0,0.0,10355.0,-1.0025870000000001,-0.901658,CIV,AUT,7439
2278494,45,15,1256,2013.0,0.0,20393.0,-0.93575,-1.003851,CMR,AUT,7439
2278495,46,15,1256,2013.0,0.0,42852.0,-1.450075,-1.115916,COD,AUT,7439
2278496,49,15,1256,2013.0,0.0,115364.0,0.034491,-0.36975,COL,AUT,7439
2278497,51,15,1256,2013.0,0.0,184785.0,-0.28793,-0.5938319999999999,CPV,AUT,7439
2278498,52,15,1256,2013.0,0.0,2073.0,0.208669,-0.54783,CRI,AUT,7439
2278499,54,15,1256,2013.0,0.0,82103.0,-0.31053400000000003,-0.8534280000000001,CUB,AUT,7439
2278500,58,15,1256,2013.0,0.0,95920.0,0.36482800000000004,0.527544,CYP,AUT,7439
2278501,59,15,1256,2013.0,6449338.0,3776932.0,1.829509,-0.41787700000000005,CZE,AUT,7439
2278502,61,15,1256,2013.0,110873992.0,171856416.0,2.1086869999999998,-3.7092,DEU,AUT,7439
2278503,63,15,1256,2013.0,538486.0,0.0,0.13787,-0.12528399999999998,DMA,AUT,7439
2278504,64,15,1256,2013.0,1683357.0,2276056.0,1.190302,1.062991,DNK,AUT,7439
2278505,65,15,1256,2013.0,0.0,6465.0,-0.272579,0.42750699999999997,DOM,AUT,7439
2278506,66,15,1256,2013.0,0.0,440545.0,-1.53603,-1.104965,DZA,AUT,7439
2278507,67,15,1256,2013.0,0.0,65663.0,-0.8251790000000001,-0.9347200000000001,ECU,AUT,7439
2278508,68,15,1256,2013.0,0.0,68288.0,-0.12015799999999999,1.793363,EGY,AUT,7439
2278509,71,15,1256,2013.0,15073728.0,5336368.0,0.955472,1.80005,ESP,AUT,7439
2278510,72,15,1256,2013.0,3176.0,278086.0,0.923321,1.290016,EST,AUT,7439
2278511,73,15,1256,2013.0,0.0,2137.0,-1.1373090000000001,-0.89186,ETH,AUT,7439
2278512,74,15,1256,2013.0,213465.0,507494.0,1.700282,0.867677,FIN,AUT,7439
2278513,77,15,1256,2013.0,11791193.0,16885352.0,1.5253299999999999,0.026146,FRA,AUT,7439
2278514,80,15,1256,2013.0,0.0,10619.0,-1.652062,-1.140576,GAB,AUT,7439
2278515,81,15,1256,2013.0,3657196.0,4703596.0,1.628465,0.77075,GBR,AUT,7439
2278516,82,15,1256,2013.0,0.0,4678429.0,-0.08343099999999999,-0.359692,GEO,AUT,7439
2278517,83,15,1256,2013.0,0.0,183586.0,-0.696971,-0.5807939999999999,GHA,AUT,7439
2278518,90,15,1256,2013.0,0.0,252231.0,0.073442,0.9857899999999999,GRC,AUT,7439
2278519,93,15,1256,2013.0,0.0,12339.0,-0.220165,0.661111,GTM,AUT,7439
2278520,97,15,1256,2013.0,12887.0,205805.0,0.791401,1.249845,HKG,AUT,7439
2278521,100,15,1256,2013.0,75827.0,1962975.0,0.8737309999999999,1.276091,HRV,AUT,7439
2278522,102,15,1256,2013.0,9894358.0,6088102.0,1.6962560000000002,0.45460600000000007,HUN,AUT,7439
2278523,103,15,1256,2013.0,137723.0,660003.0,-0.006876999999999999,1.8336569999999999,IDN,AUT,7439
2278524,104,15,1256,2013.0,19799.0,1176890.0,0.18186,2.647598,IND,AUT,7439
2278525,106,15,1256,2013.0,31981.0,71360.0,1.32787,0.394579,IRL,AUT,7439
2278526,107,15,1256,2013.0,0.0,144365.0,-0.23625100000000002,-0.256067,IRN,AUT,7439
2278527,108,15,1256,2013.0,0.0,112515.0,-3.147217,-0.685991,IRQ,AUT,7439
2278528,109,15,1256,2013.0,0.0,6150.0,0.284089,-0.164097,ISL,AUT,7439
2278529,110,15,1256,2013.0,174262.0,181578.0,1.0247629999999999,0.8261639999999999,ISR,AUT,7439
2278530,111,15,1256,2013.0,2917245.0,4805931.0,1.419383,-0.304402,ITA,AUT,7439
2278531,113,15,1256,2013.0,0.0,1132144.0,0.1888,0.596867,JOR,AUT,7439
2278532,114,15,1256,2013.0,617738.0,977819.0,2.333417,-0.818701,JPN,AUT,7439
2278533,115,15,1256,2013.0,0.0,64231.0,-0.9193819999999999,-0.734194,KAZ,AUT,7439
2278534,116,15,1256,2013.0,0.0,41430.0,-0.303119,0.626786,KEN,AUT,7439
2278535,117,15,1256,2013.0,0.0,1442.0,0.25090500000000004,0.7357279999999999,KGZ,AUT,7439
2278536,121,15,1256,2013.0,315396.0,1250012.0,1.817145,0.835414,KOR,AUT,7439
2278537,122,15,1256,2013.0,0.0,151304.0,-1.198985,-1.057248,KWT,AUT,7439
2278538,123,15,1256,2013.0,0.0,4790.0,-0.907169,-0.587529,LAO,AUT,7439
2278539,124,15,1256,2013.0,0.0,39108.0,0.37392800000000004,1.413136,LBN,AUT,7439
2278540,125,15,1256,2013.0,0.0,4854.0,-0.8343229999999999,-0.992129,LBR,AUT,7439
2278541,126,15,1256,2013.0,0.0,9841.0,-1.871593,-1.1211790000000001,LBY,AUT,7439
2278542,128,15,1256,2013.0,0.0,7623.0,-0.320583,0.44462399999999996,LKA,AUT,7439
2278543,130,15,1256,2013.0,2848.0,195539.0,0.677986,1.29227,LTU,AUT,7439
2278544,131,15,1256,2013.0,21259.0,43612.0,1.0110190000000001,1.123226,LUX,AUT,7439
2278545,132,15,1256,2013.0,16738.0,169064.0,0.652463,1.299917,LVA,AUT,7439
2278546,134,15,1256,2013.0,0.0,97938.0,-0.474872,0.178118,MAR,AUT,7439
2278547,135,15,1256,2013.0,0.0,92411.0,0.14256,0.33920700000000004,MDA,AUT,7439
2278548,136,15,1256,2013.0,0.0,10611.0,-0.786091,-0.611478,MDG,AUT,7439
2278549,137,15,1256,2013.0,0.0,4649.0,-0.510204,-0.740372,MDV,AUT,7439
2278550,138,15,1256,2013.0,13058.0,369955.0,1.2327219999999999,0.746108,MEX,AUT,7439
2278551,140,15,1256,2013.0,0.0,213527.0,-0.127775,0.21915900000000002,MKD,AUT,7439
2278552,141,15,1256,2013.0,0.0,14632.0,-1.046677,-0.980809,MLI,AUT,7439
2278553,142,15,1256,2013.0,0.0,44825.0,0.710108,-0.014586000000000002,MLT,AUT,7439
2278554,143,15,1256,2013.0,0.0,1577.0,-1.147086,-0.6888989999999999,MMR,AUT,7439
2278555,144,15,1256,2013.0,0.0,73000.0,0.09597,-0.019953,MNE,AUT,7439
2278556,145,15,1256,2013.0,0.0,1309.0,-1.264785,-1.133222,MNG,AUT,7439
2278557,147,15,1256,2013.0,0.0,2714.0,-1.131512,-0.8923840000000001,MOZ,AUT,7439
2278558,151,15,1256,2013.0,0.0,5397.0,-0.092312,0.050927,MUS,AUT,7439
2278559,153,15,1256,2013.0,1765.0,161093.0,0.924532,0.671334,MYS,AUT,7439
2278560,155,15,1256,2013.0,0.0,4098.0,-0.316805,-0.38759099999999996,NAM,AUT,7439
2278561,159,15,1256,2013.0,0.0,52139.0,-1.679402,-1.14686,NGA,AUT,7439
2278562,162,15,1256,2013.0,3881815.0,3817569.0,1.012006,1.441545,NLD,AUT,7439
2278563,163,15,1256,2013.0,6343.0,389325.0,0.710901,0.062705,NOR,AUT,7439
2278564,166,15,1256,2013.0,0.0,34803.0,0.192237,0.429825,NZL,AUT,7439
2278565,167,15,1256,2013.0,0.0,48966.0,-0.698693,-1.030814,OMN,AUT,7439
2278566,168,15,1256,2013.0,0.0,22401.0,-0.697224,0.501576,PAK,AUT,7439
2278567,169,15,1256,2013.0,0.0,16626.0,0.8719819999999999,1.038982,PAN,AUT,7439
2278568,173,15,1256,2013.0,0.0,48514.0,-0.640044,0.121772,PER,AUT,7439
2278569,174,15,1256,2013.0,18008.0,25993.0,0.639083,0.45816899999999994,PHL,AUT,7439
2278570,176,15,1256,2013.0,0.0,25446.0,-1.508233,-1.163478,PNG,AUT,7439
2278571,177,15,1256,2013.0,502561.0,4159906.0,1.11341,0.975734,POL,AUT,7439
2278572,179,15,1256,2013.0,9564.0,433979.0,0.705087,2.2055580000000004,PRT,AUT,7439
2278573,180,15,1256,2013.0,0.0,9851.0,-0.560661,-0.822876,PRY,AUT,7439
2278574,181,15,1256,2013.0,0.0,61511.0,0.103716,0.762259,PSE,AUT,7439
2278575,182,15,1256,2013.0,0.0,1447.0,-0.118172,-0.620256,PYF,AUT,7439
2278576,183,15,1256,2013.0,0.0,79262.0,-0.583609,-1.003754,QAT,AUT,7439
2278577,185,15,1256,2013.0,254909.0,2071866.0,1.05722,1.0968799999999999,ROU,AUT,7439
2278578,186,15,1256,2013.0,0.0,3522126.0,-0.08233,-0.267781,RUS,AUT,7439
2278579,188,15,1256,2013.0,0.0,847652.0,-0.14823599999999998,-0.883965,SAU,AUT,7439
2278580,190,15,1256,2013.0,0.0,39397.0,-1.224897,-1.059517,SDN,AUT,7439
2278581,192,15,1256,2013.0,1846.0,252063.0,1.844685,0.639379,SGP,AUT,7439
2278582,197,15,1256,2013.0,0.0,20829.0,0.104046,0.46966,SLV,AUT,7439
2278583,198,15,1256,2013.0,27639.0,0.0,1.065274,0.783734,SMR,AUT,7439
2278584,201,15,1256,2013.0,8493.0,486924.0,0.609755,1.355304,SRB,AUT,7439
2278585,206,15,1256,2013.0,7271708.0,1731468.0,1.510052,0.7060310000000001,SVK,AUT,7439
2278586,207,15,1256,2013.0,1702200.0,3849857.0,1.55922,0.565874,SVN,AUT,7439
2278587,208,15,1256,2013.0,1414759.0,4944068.0,1.7851290000000002,0.182623,SWE,AUT,7439
2278588,211,15,1256,2013.0,222058.0,0.0,0.06901,-0.438229,SYC,AUT,7439
2278589,216,15,1256,2013.0,12499.0,541021.0,1.067287,1.2767110000000002,THA,AUT,7439
2278590,222,15,1256,2013.0,0.0,12390.0,-0.399437,-1.047864,TTO,AUT,7439
2278591,223,15,1256,2013.0,594797.0,111523.0,0.40154,0.902177,TUN,AUT,7439
2278592,224,15,1256,2013.0,105971.0,5177826.0,0.580016,2.394812,TUR,AUT,7439
2278593,226,15,1256,2013.0,0.0,51438.0,-0.654655,0.903574,TZA,AUT,7439
2278594,227,15,1256,2013.0,0.0,1006.0,-0.46170100000000003,0.652878,UGA,AUT,7439
2278595,228,15,1256,2013.0,3101.0,926210.0,0.535571,1.026263,UKR,AUT,7439
2278596,230,15,1256,2013.0,0.0,6286.0,0.128825,0.02334,URY,AUT,7439
2278597,231,15,1256,2013.0,1580674.0,7001826.0,1.612058,-0.8592989999999999,USA,AUT,7439
2278598,232,15,1256,2013.0,0.0,77485.0,-0.7076319999999999,-0.645674,UZB,AUT,7439
2278599,236,15,1256,2013.0,0.0,47912.0,-1.281202,-1.094268,VEN,AUT,7439
2278600,239,15,1256,2013.0,0.0,58621.0,0.009264,1.182368,VNM,AUT,7439
2278601,243,15,1256,2013.0,0.0,8528.0,-1.2788700000000002,-1.230713,YEM,AUT,7439
2278602,246,15,1256,2013.0,9622.0,532454.0,0.11624100000000001,1.574591,ZAF,AUT,7439
2278603,247,15,1256,2013.0,0.0,3991.0,-0.293192,-0.42930100000000004,ZMB,AUT,7439
2278604,248,15,1256,2013.0,0.0,1609.0,-0.841968,-0.898121,ZWE,AUT,7439
2278605,249,15,1256,2013.0,18506.0,331129.0,1.7382849999999999,0.9917739999999999,TWN,AUT,7439
2278606,0,18,1256,2013.0,0.0,1652.0,0.598533,0.032199,ABW,BEL,7439
2278607,1,18,1256,2013.0,0.0,8518.0,-0.767212,-0.6506069999999999,AFG,BEL,7439
2278608,2,18,1256,2013.0,1599.0,1337197.0,-1.240877,-1.073797,AGO,BEL,7439
2278609,4,18,1256,2013.0,0.0,17910.0,-0.44779300000000005,-0.13181700000000002,ALB,BEL,7439
2278610,5,18,1256,2013.0,0.0,3599.0,0.874025,0.09135599999999999,AND,BEL,7439
2278611,7,18,1256,2013.0,10451.0,2843924.0,-0.338417,-0.754102,ARE,BEL,7439
2278612,8,18,1256,2013.0,7200.0,191050.0,0.042829,0.461002,ARG,BEL,7439
2278613,9,18,1256,2013.0,0.0,5630.0,-0.159148,-0.515766,ARM,BEL,7439
2278614,12,18,1256,2013.0,0.0,3708.0,0.491782,-0.418646,ATF,BEL,7439
2278615,14,18,1256,2013.0,29398.0,1316861.0,-0.63369,-0.276328,AUS,BEL,7439
2278616,15,18,1256,2013.0,4276876.0,4220544.0,1.855434,-1.06494,AUT,BEL,7439
2278617,16,18,1256,2013.0,0.0,39194.0,-1.319766,-1.200648,AZE,BEL,7439
2278618,17,18,1256,2013.0,0.0,60075.0,-0.602481,-0.6338689999999999,BDI,BEL,7439
2278619,19,18,1256,2013.0,0.0,2768.0,-0.924213,-0.8181390000000001,BEN,BEL,7439
2278620,21,18,1256,2013.0,0.0,104706.0,-0.7231029999999999,-0.736291,BFA,BEL,7439
2278621,22,18,1256,2013.0,0.0,15034.0,-0.835666,-0.8088810000000001,BGD,BEL,7439
2278622,23,18,1256,2013.0,56662.0,574983.0,0.622325,1.5506229999999999,BGR,BEL,7439
2278623,24,18,1256,2013.0,0.0,58346.0,0.080634,-0.6828890000000001,BHR,BEL,7439
2278624,26,18,1256,2013.0,1254.0,223047.0,0.723658,0.9271879999999999,BIH,BEL,7439
2278625,28,18,1256,2013.0,0.0,457154.0,1.183522,0.934159,BLR,BEL,7439
2278626,31,18,1256,2013.0,0.0,75095.0,-1.1429610000000001,-1.0076120000000002,BOL,BEL,7439
2278627,32,18,1256,2013.0,245069.0,1909404.0,0.2804,0.649729,BRA,BEL,7439
2278628,33,18,1256,2013.0,0.0,19517.0,0.607845,0.09196,BRB,BEL,7439
2278629,34,18,1256,2013.0,0.0,6924.0,-1.664,-0.663172,BRN,BEL,7439
2278630,35,18,1256,2013.0,0.0,3578.0,-0.026632999999999997,-0.608414,BTN,BEL,7439
2278631,39,18,1256,2013.0,497461.0,823988.0,0.599305,1.193591,CAN,BEL,7439
2278632,41,18,1256,2013.0,6178881.0,4345604.0,2.0899229999999998,0.661667,CHE,BEL,7439
2278633,42,18,1256,2013.0,5323.0,543528.0,-0.184556,-0.238657,CHL,BEL,7439
2278634,43,18,1256,2013.0,8699010.0,5002630.0,1.24864,0.667713,CHN,BEL,7439
2278635,44,18,1256,2013.0,0.0,764484.0,-1.0025870000000001,-0.901658,CIV,BEL,7439
2278636,45,18,1256,2013.0,0.0,229338.0,-0.93575,-1.003851,CMR,BEL,7439
2278637,46,18,1256,2013.0,1336.0,480560.0,-1.450075,-1.115916,COD,BEL,7439
2278638,47,18,1256,2013.0,0.0,1873524.0,-1.478461,-1.094509,COG,BEL,7439
2278639,49,18,1256,2013.0,0.0,321598.0,0.034491,-0.36975,COL,BEL,7439
2278640,50,18,1256,2013.0,0.0,14519.0,-0.36952399999999996,-0.6802739999999999,COM,BEL,7439
2278641,51,18,1256,2013.0,0.0,19305.0,-0.28793,-0.5938319999999999,CPV,BEL,7439
2278642,52,18,1256,2013.0,0.0,1574.0,0.208669,-0.54783,CRI,BEL,7439
2278643,54,18,1256,2013.0,54294.0,597578.0,-0.31053400000000003,-0.8534280000000001,CUB,BEL,7439
2278644,58,18,1256,2013.0,0.0,176235.0,0.36482800000000004,0.527544,CYP,BEL,7439
2278645,59,18,1256,2013.0,20169188.0,4371714.0,1.829509,-0.41787700000000005,CZE,BEL,7439
2278646,61,18,1256,2013.0,127162352.0,34607852.0,2.1086869999999998,-3.7092,DEU,BEL,7439
2278647,62,18,1256,2013.0,0.0,5499.0,-0.35226399999999997,-0.542234,DJI,BEL,7439
2278648,64,18,1256,2013.0,1080547.0,6552150.0,1.190302,1.062991,DNK,BEL,7439
2278649,65,18,1256,2013.0,0.0,8135.0,-0.272579,0.42750699999999997,DOM,BEL,7439
2278650,66,18,1256,2013.0,0.0,2096763.0,-1.53603,-1.104965,DZA,BEL,7439
2278651,67,18,1256,2013.0,0.0,116423.0,-0.8251790000000001,-0.9347200000000001,ECU,BEL,7439
2278652,68,18,1256,2013.0,0.0,1399669.0,-0.12015799999999999,1.793363,EGY,BEL,7439
2278653,71,18,1256,2013.0,5349038.0,10225206.0,0.955472,1.80005,ESP,BEL,7439
2278654,72,18,1256,2013.0,10052.0,308539.0,0.923321,1.290016,EST,BEL,7439
2278655,73,18,1256,2013.0,0.0,116695.0,-1.1373090000000001,-0.89186,ETH,BEL,7439
2278656,74,18,1256,2013.0,558873.0,3090683.0,1.700282,0.867677,FIN,BEL,7439
2278657,77,18,1256,2013.0,60927432.0,23353568.0,1.5253299999999999,0.026146,FRA,BEL,7439
2278658,78,18,1256,2013.0,0.0,2550.0,-1.059294,-0.799578,FRO,BEL,7439
2278659,80,18,1256,2013.0,0.0,450470.0,-1.652062,-1.140576,GAB,BEL,7439
2278660,81,18,1256,2013.0,33265736.0,22917936.0,1.628465,0.77075,GBR,BEL,7439
2278661,82,18,1256,2013.0,0.0,398435.0,-0.08343099999999999,-0.359692,GEO,BEL,7439
2278662,83,18,1256,2013.0,0.0,446850.0,-0.696971,-0.5807939999999999,GHA,BEL,7439
2278663,84,18,1256,2013.0,0.0,2382.0,0.348423,-0.521683,GIB,BEL,7439
2278664,85,18,1256,2013.0,0.0,168844.0,-1.281072,-1.027585,GIN,BEL,7439
2278665,89,18,1256,2013.0,0.0,33139.0,-1.7984200000000001,-0.678832,GNQ,BEL,7439
2278666,90,18,1256,2013.0,2489.0,1994936.0,0.073442,0.9857899999999999,GRC,BEL,7439
2278667,92,18,1256,2013.0,0.0,2260.0,-1.119616,-0.802964,GRL,BEL,7439
2278668,93,18,1256,2013.0,0.0,22047.0,-0.220165,0.661111,GTM,BEL,7439
2278669,97,18,1256,2013.0,28565.0,158437.0,0.791401,1.249845,HKG,BEL,7439
2278670,100,18,1256,2013.0,1605922.0,282343.0,0.8737309999999999,1.276091,HRV,BEL,7439
2278671,102,18,1256,2013.0,528107.0,2859612.0,1.6962560000000002,0.45460600000000007,HUN,BEL,7439
2278672,103,18,1256,2013.0,853698.0,718113.0,-0.006876999999999999,1.8336569999999999,IDN,BEL,7439
2278673,104,18,1256,2013.0,1282288.0,1038101.0,0.18186,2.647598,IND,BEL,7439
2278674,106,18,1256,2013.0,396908.0,2431389.0,1.32787,0.394579,IRL,BEL,7439
2278675,107,18,1256,2013.0,0.0,57816.0,-0.23625100000000002,-0.256067,IRN,BEL,7439
2278676,108,18,1256,2013.0,0.0,3554541.0,-3.147217,-0.685991,IRQ,BEL,7439
2278677,109,18,1256,2013.0,0.0,55462.0,0.284089,-0.164097,ISL,BEL,7439
2278678,110,18,1256,2013.0,268046.0,1810783.0,1.0247629999999999,0.8261639999999999,ISR,BEL,7439
2278679,111,18,1256,2013.0,9609292.0,22596878.0,1.419383,-0.304402,ITA,BEL,7439
2278680,112,18,1256,2013.0,0.0,6231.0,-0.364044,-0.744733,JAM,BEL,7439
2278681,113,18,1256,2013.0,0.0,1372542.0,0.1888,0.596867,JOR,BEL,7439
2278682,114,18,1256,2013.0,42969232.0,1855146.0,2.333417,-0.818701,JPN,BEL,7439
2278683,115,18,1256,2013.0,2567.0,361480.0,-0.9193819999999999,-0.734194,KAZ,BEL,7439
2278684,116,18,1256,2013.0,3901.0,241535.0,-0.303119,0.626786,KEN,BEL,7439
2278685,117,18,1256,2013.0,0.0,1834.0,0.25090500000000004,0.7357279999999999,KGZ,BEL,7439
2278686,121,18,1256,2013.0,610227.0,2034534.0,1.817145,0.835414,KOR,BEL,7439
2278687,122,18,1256,2013.0,1551.0,266017.0,-1.198985,-1.057248,KWT,BEL,7439
2278688,124,18,1256,2013.0,0.0,351801.0,0.37392800000000004,1.413136,LBN,BEL,7439
2278689,125,18,1256,2013.0,0.0,19257.0,-0.8343229999999999,-0.992129,LBR,BEL,7439
2278690,126,18,1256,2013.0,0.0,41437.0,-1.871593,-1.1211790000000001,LBY,BEL,7439
2278691,128,18,1256,2013.0,0.0,95010.0,-0.320583,0.44462399999999996,LKA,BEL,7439
2278692,130,18,1256,2013.0,33775.0,1388138.0,0.677986,1.29227,LTU,BEL,7439
2278693,131,18,1256,2013.0,1233099.0,1874322.0,1.0110190000000001,1.123226,LUX,BEL,7439
2278694,132,18,1256,2013.0,0.0,375931.0,0.652463,1.299917,LVA,BEL,7439
2278695,133,18,1256,2013.0,0.0,21066.0,0.43873,0.275559,MAC,BEL,7439
2278696,134,18,1256,2013.0,5222.0,9479716.0,-0.474872,0.178118,MAR,BEL,7439
2278697,135,18,1256,2013.0,0.0,52202.0,0.14256,0.33920700000000004,MDA,BEL,7439
2278698,136,18,1256,2013.0,0.0,30869.0,-0.786091,-0.611478,MDG,BEL,7439
2278699,137,18,1256,2013.0,0.0,56248.0,-0.510204,-0.740372,MDV,BEL,7439
2278700,138,18,1256,2013.0,847735.0,1106730.0,1.2327219999999999,0.746108,MEX,BEL,7439
2278701,139,18,1256,2013.0,0.0,1081.0,-0.9199700000000001,-0.776832,MHL,BEL,7439
2278702,140,18,1256,2013.0,0.0,131803.0,-0.127775,0.21915900000000002,MKD,BEL,7439
2278703,141,18,1256,2013.0,0.0,90977.0,-1.046677,-0.980809,MLI,BEL,7439
2278704,142,18,1256,2013.0,0.0,228108.0,0.710108,-0.014586000000000002,MLT,BEL,7439
2278705,143,18,1256,2013.0,0.0,10078.0,-1.147086,-0.6888989999999999,MMR,BEL,7439
2278706,144,18,1256,2013.0,0.0,5361.0,0.09597,-0.019953,MNE,BEL,7439
2278707,147,18,1256,2013.0,0.0,2166.0,-1.131512,-0.8923840000000001,MOZ,BEL,7439
2278708,148,18,1256,2013.0,0.0,508382.0,-1.681152,-1.2712350000000001,MRT,BEL,7439
2278709,151,18,1256,2013.0,1464.0,19001.0,-0.092312,0.050927,MUS,BEL,7439
2278710,152,18,1256,2013.0,0.0,1915.0,-0.802763,-0.8101470000000001,MWI,BEL,7439
2278711,153,18,1256,2013.0,9126.0,271985.0,0.924532,0.671334,MYS,BEL,7439
2278712,155,18,1256,2013.0,0.0,94056.0,-0.316805,-0.38759099999999996,NAM,BEL,7439
2278713,156,18,1256,2013.0,2437.0,267874.0,-0.262882,-0.63858,NCL,BEL,7439
2278714,157,18,1256,2013.0,0.0,119551.0,-1.0008350000000001,-0.8325670000000001,NER,BEL,7439
2278715,159,18,1256,2013.0,1422.0,1931329.0,-1.679402,-1.14686,NGA,BEL,7439
2278716,160,18,1256,2013.0,0.0,1185.0,-0.7956479999999999,-0.596061,NIC,BEL,7439
2278717,162,18,1256,2013.0,27824712.0,19813318.0,1.012006,1.441545,NLD,BEL,7439
2278718,163,18,1256,2013.0,297860.0,1855838.0,0.710901,0.062705,NOR,BEL,7439
2278719,166,18,1256,2013.0,6606.0,84120.0,0.192237,0.429825,NZL,BEL,7439
2278720,167,18,1256,2013.0,0.0,244872.0,-0.698693,-1.030814,OMN,BEL,7439
2278721,168,18,1256,2013.0,0.0,615667.0,-0.697224,0.501576,PAK,BEL,7439
2278722,169,18,1256,2013.0,109257.0,3228.0,0.8719819999999999,1.038982,PAN,BEL,7439
2278723,173,18,1256,2013.0,1808.0,476710.0,-0.640044,0.121772,PER,BEL,7439
2278724,174,18,1256,2013.0,346265.0,85335.0,0.639083,0.45816899999999994,PHL,BEL,7439
2278725,177,18,1256,2013.0,747760.0,5345690.0,1.11341,0.975734,POL,BEL,7439
2278726,179,18,1256,2013.0,250574.0,1940617.0,0.705087,2.2055580000000004,PRT,BEL,7439
2278727,180,18,1256,2013.0,0.0,12003.0,-0.560661,-0.822876,PRY,BEL,7439
2278728,181,18,1256,2013.0,0.0,2551.0,0.103716,0.762259,PSE,BEL,7439
2278729,182,18,1256,2013.0,0.0,8452.0,-0.118172,-0.620256,PYF,BEL,7439
2278730,183,18,1256,2013.0,19374.0,3187319.0,-0.583609,-1.003754,QAT,BEL,7439
2278731,185,18,1256,2013.0,166094.0,1749412.0,1.05722,1.0968799999999999,ROU,BEL,7439
2278732,186,18,1256,2013.0,4582.0,12763435.0,-0.08233,-0.267781,RUS,BEL,7439
2278733,187,18,1256,2013.0,0.0,14602.0,-0.535446,-0.662881,RWA,BEL,7439
2278734,188,18,1256,2013.0,23766.0,2367404.0,-0.14823599999999998,-0.883965,SAU,BEL,7439
2278735,190,18,1256,2013.0,0.0,64648.0,-1.224897,-1.059517,SDN,BEL,7439
2278736,191,18,1256,2013.0,0.0,35218.0,-0.566624,-0.185277,SEN,BEL,7439
2278737,192,18,1256,2013.0,92457.0,1436203.0,1.844685,0.639379,SGP,BEL,7439
2278738,196,18,1256,2013.0,0.0,23201.0,-0.42937700000000006,-0.529857,SLE,BEL,7439
2278739,197,18,1256,2013.0,0.0,1329.0,0.104046,0.46966,SLV,BEL,7439
2278740,198,18,1256,2013.0,0.0,6650.0,1.065274,0.783734,SMR,BEL,7439
2278741,201,18,1256,2013.0,2505.0,340362.0,0.609755,1.355304,SRB,BEL,7439
2278742,205,18,1256,2013.0,0.0,10657.0,-0.25729,-0.651541,SUR,BEL,7439
2278743,206,18,1256,2013.0,70891.0,472555.0,1.510052,0.7060310000000001,SVK,BEL,7439
2278744,207,18,1256,2013.0,183112.0,365989.0,1.55922,0.565874,SVN,BEL,7439
2278745,208,18,1256,2013.0,5539284.0,6483226.0,1.7851290000000002,0.182623,SWE,BEL,7439
2278746,211,18,1256,2013.0,0.0,3327.0,0.06901,-0.438229,SYC,BEL,7439
2278747,212,18,1256,2013.0,0.0,797558.0,-0.09157699999999999,1.1795950000000002,SYR,BEL,7439
2278748,214,18,1256,2013.0,0.0,33074.0,-2.89356,-0.879919,TCD,BEL,7439
2278749,215,18,1256,2013.0,0.0,53190.0,-0.532095,-0.434276,TGO,BEL,7439
2278750,216,18,1256,2013.0,3710320.0,2453227.0,1.067287,1.2767110000000002,THA,BEL,7439
2278751,217,18,1256,2013.0,0.0,195161.0,-1.117246,-1.1638600000000001,TJK,BEL,7439
2278752,219,18,1256,2013.0,0.0,504662.0,-1.174981,-1.14869,TKM,BEL,7439
2278753,222,18,1256,2013.0,0.0,11378.0,-0.399437,-1.047864,TTO,BEL,7439
2278754,223,18,1256,2013.0,7073.0,227898.0,0.40154,0.902177,TUN,BEL,7439
2278755,224,18,1256,2013.0,1586004.0,5127552.0,0.580016,2.394812,TUR,BEL,7439
2278756,226,18,1256,2013.0,0.0,60406.0,-0.654655,0.903574,TZA,BEL,7439
2278757,227,18,1256,2013.0,0.0,6389.0,-0.46170100000000003,0.652878,UGA,BEL,7439
2278758,228,18,1256,2013.0,0.0,2102408.0,0.535571,1.026263,UKR,BEL,7439
2278759,230,18,1256,2013.0,0.0,42642.0,0.128825,0.02334,URY,BEL,7439
2278760,231,18,1256,2013.0,58605024.0,3080847.0,1.612058,-0.8592989999999999,USA,BEL,7439
2278761,236,18,1256,2013.0,0.0,45848.0,-1.281202,-1.094268,VEN,BEL,7439
2278762,239,18,1256,2013.0,6661.0,4789804.0,0.009264,1.182368,VNM,BEL,7439
2278763,243,18,1256,2013.0,0.0,61038.0,-1.2788700000000002,-1.230713,YEM,BEL,7439
2278764,246,18,1256,2013.0,411371.0,1617636.0,0.11624100000000001,1.574591,ZAF,BEL,7439
2278765,247,18,1256,2013.0,0.0,4208.0,-0.293192,-0.42930100000000004,ZMB,BEL,7439
2278766,248,18,1256,2013.0,0.0,5582.0,-0.841968,-0.898121,ZWE,BEL,7439
2278767,249,18,1256,2013.0,769253.0,781583.0,1.7382849999999999,0.9917739999999999,TWN,BEL,7439
2278768,250,18,1256,2013.0,17280.0,5602.0,0.583151,0.14238299999999998,ANS,BEL,7439
2278769,18,19,1256,2013.0,2768.0,0.0,1.198491,1.117268,BEL,BEN,7439
2278770,41,19,1256,2013.0,3254.0,0.0,2.0899229999999998,0.661667,CHE,BEN,7439
2278771,43,19,1256,2013.0,2285666.0,0.0,1.24864,0.667713,CHN,BEN,7439
2278772,45,19,1256,2013.0,9930.0,0.0,-0.93575,-1.003851,CMR,BEN,7439
2278773,61,19,1256,2013.0,107243.0,0.0,2.1086869999999998,-3.7092,DEU,BEN,7439
2278774,77,19,1256,2013.0,103532.0,0.0,1.5253299999999999,0.026146,FRA,BEN,7439
2278775,81,19,1256,2013.0,5724.0,0.0,1.628465,0.77075,GBR,BEN,7439
2278776,111,19,1256,2013.0,1415.0,0.0,1.419383,-0.304402,ITA,BEN,7439
2278777,114,19,1256,2013.0,3960.0,0.0,2.333417,-0.818701,JPN,BEN,7439
2278778,163,19,1256,2013.0,1914.0,0.0,0.710901,0.062705,NOR,BEN,7439
2278779,177,19,1256,2013.0,2654.0,0.0,1.11341,0.975734,POL,BEN,7439
2278780,191,19,1256,2013.0,42458.0,0.0,-0.566624,-0.185277,SEN,BEN,7439
2278781,224,19,1256,2013.0,2759.0,0.0,0.580016,2.394812,TUR,BEN,7439
2278782,231,19,1256,2013.0,261688.0,0.0,1.612058,-0.8592989999999999,USA,BEN,7439
2278783,7,23,1256,2013.0,0.0,1069.0,-0.338417,-0.754102,ARE,BGR,7439
2278784,8,23,1256,2013.0,0.0,32844.0,0.042829,0.461002,ARG,BGR,7439
2278785,9,23,1256,2013.0,0.0,3241.0,-0.159148,-0.515766,ARM,BGR,7439
2278786,14,23,1256,2013.0,3437.0,0.0,-0.63369,-0.276328,AUS,BGR,7439
2278787,15,23,1256,2013.0,367058.0,10537.0,1.855434,-1.06494,AUT,BGR,7439
2278788,18,23,1256,2013.0,574983.0,56662.0,1.198491,1.117268,BEL,BGR,7439
2278789,26,23,1256,2013.0,0.0,17988.0,0.723658,0.9271879999999999,BIH,BGR,7439
2278790,28,23,1256,2013.0,10319.0,132017.0,1.183522,0.934159,BLR,BGR,7439
2278791,32,23,1256,2013.0,0.0,23909.0,0.2804,0.649729,BRA,BGR,7439
2278792,39,23,1256,2013.0,6235.0,4639.0,0.599305,1.193591,CAN,BGR,7439
2278793,41,23,1256,2013.0,101005.0,2053.0,2.0899229999999998,0.661667,CHE,BGR,7439
2278794,43,23,1256,2013.0,8791817.0,23548.0,1.24864,0.667713,CHN,BGR,7439
2278795,44,23,1256,2013.0,0.0,14932.0,-1.0025870000000001,-0.901658,CIV,BGR,7439
2278796,54,23,1256,2013.0,0.0,1517.0,-0.31053400000000003,-0.8534280000000001,CUB,BGR,7439
2278797,59,23,1256,2013.0,268469.0,145632.0,1.829509,-0.41787700000000005,CZE,BGR,7439
2278798,61,23,1256,2013.0,7045928.0,1723416.0,2.1086869999999998,-3.7092,DEU,BGR,7439
2278799,64,23,1256,2013.0,421175.0,3258.0,1.190302,1.062991,DNK,BGR,7439
2278800,66,23,1256,2013.0,0.0,37862.0,-1.53603,-1.104965,DZA,BGR,7439
2278801,67,23,1256,2013.0,0.0,2169.0,-0.8251790000000001,-0.9347200000000001,ECU,BGR,7439
2278802,71,23,1256,2013.0,132237.0,250454.0,0.955472,1.80005,ESP,BGR,7439
2278803,72,23,1256,2013.0,35184.0,0.0,0.923321,1.290016,EST,BGR,7439
2278804,74,23,1256,2013.0,246277.0,48813.0,1.700282,0.867677,FIN,BGR,7439
2278805,77,23,1256,2013.0,677813.0,104163.0,1.5253299999999999,0.026146,FRA,BGR,7439
2278806,81,23,1256,2013.0,364315.0,18999.0,1.628465,0.77075,GBR,BGR,7439
2278807,84,23,1256,2013.0,0.0,2279.0,0.348423,-0.521683,GIB,BGR,7439
2278808,90,23,1256,2013.0,305644.0,40269.0,0.073442,0.9857899999999999,GRC,BGR,7439
2278809,97,23,1256,2013.0,7694.0,0.0,0.791401,1.249845,HKG,BGR,7439
2278810,100,23,1256,2013.0,5802.0,136191.0,0.8737309999999999,1.276091,HRV,BGR,7439
2278811,102,23,1256,2013.0,345005.0,0.0,1.6962560000000002,0.45460600000000007,HUN,BGR,7439
2278812,104,23,1256,2013.0,16283.0,0.0,0.18186,2.647598,IND,BGR,7439
2278813,106,23,1256,2013.0,3725.0,0.0,1.32787,0.394579,IRL,BGR,7439
2278814,110,23,1256,2013.0,236144.0,1435046.0,1.0247629999999999,0.8261639999999999,ISR,BGR,7439
2278815,111,23,1256,2013.0,926966.0,95073.0,1.419383,-0.304402,ITA,BGR,7439
2278816,114,23,1256,2013.0,14086.0,11179.0,2.333417,-0.818701,JPN,BGR,7439
2278817,115,23,1256,2013.0,0.0,12709.0,-0.9193819999999999,-0.734194,KAZ,BGR,7439
2278818,121,23,1256,2013.0,1082.0,3029.0,1.817145,0.835414,KOR,BGR,7439
2278819,122,23,1256,2013.0,0.0,3299.0,-1.198985,-1.057248,KWT,BGR,7439
2278820,124,23,1256,2013.0,0.0,3212.0,0.37392800000000004,1.413136,LBN,BGR,7439
2278821,131,23,1256,2013.0,7622.0,0.0,1.0110190000000001,1.123226,LUX,BGR,7439
2278822,132,23,1256,2013.0,2773.0,0.0,0.652463,1.299917,LVA,BGR,7439
2278823,134,23,1256,2013.0,0.0,1549.0,-0.474872,0.178118,MAR,BGR,7439
2278824,135,23,1256,2013.0,0.0,6866.0,0.14256,0.33920700000000004,MDA,BGR,7439
2278825,140,23,1256,2013.0,7781.0,14278.0,-0.127775,0.21915900000000002,MKD,BGR,7439
2278826,153,23,1256,2013.0,1907.0,0.0,0.924532,0.671334,MYS,BGR,7439
2278827,162,23,1256,2013.0,419542.0,3376.0,1.012006,1.441545,NLD,BGR,7439
2278828,163,23,1256,2013.0,0.0,37253.0,0.710901,0.062705,NOR,BGR,7439
2278829,177,23,1256,2013.0,445128.0,480271.0,1.11341,0.975734,POL,BGR,7439
2278830,185,23,1256,2013.0,144537.0,84046.0,1.05722,1.0968799999999999,ROU,BGR,7439
2278831,186,23,1256,2013.0,96434.0,168582.0,-0.08233,-0.267781,RUS,BGR,7439
2278832,192,23,1256,2013.0,0.0,4836.0,1.844685,0.639379,SGP,BGR,7439
2278833,201,23,1256,2013.0,39086.0,7328.0,0.609755,1.355304,SRB,BGR,7439
2278834,206,23,1256,2013.0,81948.0,0.0,1.510052,0.7060310000000001,SVK,BGR,7439
2278835,207,23,1256,2013.0,48761.0,8999.0,1.55922,0.565874,SVN,BGR,7439
2278836,208,23,1256,2013.0,230578.0,24283.0,1.7851290000000002,0.182623,SWE,BGR,7439
2278837,216,23,1256,2013.0,0.0,2831.0,1.067287,1.2767110000000002,THA,BGR,7439
2278838,223,23,1256,2013.0,0.0,5096.0,0.40154,0.902177,TUN,BGR,7439
2278839,224,23,1256,2013.0,183801.0,148663.0,0.580016,2.394812,TUR,BGR,7439
2278840,228,23,1256,2013.0,15620.0,9190.0,0.535571,1.026263,UKR,BGR,7439
2278841,231,23,1256,2013.0,41203.0,57546.0,1.612058,-0.8592989999999999,USA,BGR,7439
2278842,232,23,1256,2013.0,0.0,2855.0,-0.7076319999999999,-0.645674,UZB,BGR,7439
2278843,239,23,1256,2013.0,0.0,1723.0,0.009264,1.182368,VNM,BGR,7439
2278844,246,23,1256,2013.0,0.0,37725.0,0.11624100000000001,1.574591,ZAF,BGR,7439
2278845,249,23,1256,2013.0,31651.0,2206.0,1.7382849999999999,0.9917739999999999,TWN,BGR,7439
2278846,250,23,1256,2013.0,0.0,2005.0,0.583151,0.14238299999999998,ANS,BGR,7439
2278847,15,25,1256,2013.0,35180.0,0.0,1.855434,-1.06494,AUT,BHS,7439
2278848,39,25,1256,2013.0,127784.0,0.0,0.599305,1.193591,CAN,BHS,7439
2278849,61,25,1256,2013.0,171087.0,0.0,2.1086869999999998,-3.7092,DEU,BHS,7439
2278850,64,25,1256,2013.0,6652.0,0.0,1.190302,1.062991,DNK,BHS,7439
2278851,71,25,1256,2013.0,15437.0,0.0,0.955472,1.80005,ESP,BHS,7439
2278852,77,25,1256,2013.0,10616.0,0.0,1.5253299999999999,0.026146,FRA,BHS,7439
2278853,81,25,1256,2013.0,7498.0,0.0,1.628465,0.77075,GBR,BHS,7439
2278854,104,25,1256,2013.0,264334.0,0.0,0.18186,2.647598,IND,BHS,7439
2278855,111,25,1256,2013.0,0.0,3598.0,1.419383,-0.304402,ITA,BHS,7439
2278856,114,25,1256,2013.0,26483.0,0.0,2.333417,-0.818701,JPN,BHS,7439
2278857,138,25,1256,2013.0,4869.0,0.0,1.2327219999999999,0.746108,MEX,BHS,7439
2278858,162,25,1256,2013.0,3850.0,0.0,1.012006,1.441545,NLD,BHS,7439
2278859,163,25,1256,2013.0,55633.0,0.0,0.710901,0.062705,NOR,BHS,7439
2278860,208,25,1256,2013.0,16077.0,0.0,1.7851290000000002,0.182623,SWE,BHS,7439
2278861,231,25,1256,2013.0,2147425.0,2335.0,1.612058,-0.8592989999999999,USA,BHS,7439
2278862,0,32,1256,2013.0,0.0,10921.0,0.598533,0.032199,ABW,BRA,7439
2278863,2,32,1256,2013.0,0.0,622062.0,-1.240877,-1.073797,AGO,BRA,7439
2278864,4,32,1256,2013.0,0.0,5031.0,-0.44779300000000005,-0.13181700000000002,ALB,BRA,7439
2278865,7,32,1256,2013.0,123121.0,51186.0,-0.338417,-0.754102,ARE,BRA,7439
2278866,8,32,1256,2013.0,5740406.0,9649037.0,0.042829,0.461002,ARG,BRA,7439
2278867,14,32,1256,2013.0,303907.0,58684.0,-0.63369,-0.276328,AUS,BRA,7439
2278868,15,32,1256,2013.0,1481662.0,7864.0,1.855434,-1.06494,AUT,BRA,7439
2278869,18,32,1256,2013.0,1909404.0,245069.0,1.198491,1.117268,BEL,BRA,7439
2278870,23,32,1256,2013.0,23909.0,0.0,0.622325,1.5506229999999999,BGR,BRA,7439
2278871,24,32,1256,2013.0,0.0,2150.0,0.080634,-0.6828890000000001,BHR,BRA,7439
2278872,26,32,1256,2013.0,26118.0,0.0,0.723658,0.9271879999999999,BIH,BRA,7439
2278873,31,32,1256,2013.0,0.0,1524774.0,-1.1429610000000001,-1.0076120000000002,BOL,BRA,7439
2278874,33,32,1256,2013.0,0.0,83154.0,0.607845,0.09196,BRB,BRA,7439
2278875,39,32,1256,2013.0,771610.0,169290.0,0.599305,1.193591,CAN,BRA,7439
2278876,41,32,1256,2013.0,704328.0,26445.0,2.0899229999999998,0.661667,CHE,BRA,7439
2278877,42,32,1256,2013.0,62919.0,7602398.0,-0.184556,-0.238657,CHL,BRA,7439
2278878,43,32,1256,2013.0,21607898.0,197554.0,1.24864,0.667713,CHN,BRA,7439
2278879,44,32,1256,2013.0,0.0,1350.0,-1.0025870000000001,-0.901658,CIV,BRA,7439
2278880,45,32,1256,2013.0,0.0,7372.0,-0.93575,-1.003851,CMR,BRA,7439
2278881,46,32,1256,2013.0,0.0,1934.0,-1.450075,-1.115916,COD,BRA,7439
2278882,47,32,1256,2013.0,0.0,25607.0,-1.478461,-1.094509,COG,BRA,7439
2278883,49,32,1256,2013.0,947420.0,2784820.0,0.034491,-0.36975,COL,BRA,7439
2278884,51,32,1256,2013.0,0.0,1113.0,-0.28793,-0.5938319999999999,CPV,BRA,7439
2278885,52,32,1256,2013.0,67897.0,254803.0,0.208669,-0.54783,CRI,BRA,7439
2278886,54,32,1256,2013.0,0.0,172446.0,-0.31053400000000003,-0.8534280000000001,CUB,BRA,7439
2278887,55,32,1256,2013.0,0.0,1747.0,-0.145402,-0.556962,CUW,BRA,7439
2278888,58,32,1256,2013.0,4003.0,0.0,0.36482800000000004,0.527544,CYP,BRA,7439
2278889,59,32,1256,2013.0,520436.0,36871.0,1.829509,-0.41787700000000005,CZE,BRA,7439
2278890,61,32,1256,2013.0,39103368.0,1822358.0,2.1086869999999998,-3.7092,DEU,BRA,7439
2278891,64,32,1256,2013.0,851319.0,1887.0,1.190302,1.062991,DNK,BRA,7439
2278892,65,32,1256,2013.0,0.0,187624.0,-0.272579,0.42750699999999997,DOM,BRA,7439
2278893,66,32,1256,2013.0,0.0,33102.0,-1.53603,-1.104965,DZA,BRA,7439
2278894,67,32,1256,2013.0,2998.0,1057129.0,-0.8251790000000001,-0.9347200000000001,ECU,BRA,7439
2278895,68,32,1256,2013.0,0.0,367622.0,-0.12015799999999999,1.793363,EGY,BRA,7439
2278896,71,32,1256,2013.0,804820.0,69628.0,0.955472,1.80005,ESP,BRA,7439
2278897,72,32,1256,2013.0,0.0,9366.0,0.923321,1.290016,EST,BRA,7439
2278898,73,32,1256,2013.0,0.0,7413.0,-1.1373090000000001,-0.89186,ETH,BRA,7439
2278899,74,32,1256,2013.0,1098237.0,5648.0,1.700282,0.867677,FIN,BRA,7439
2278900,77,32,1256,2013.0,3661717.0,331255.0,1.5253299999999999,0.026146,FRA,BRA,7439
2278901,81,32,1256,2013.0,4044758.0,2754.0,1.628465,0.77075,GBR,BRA,7439
2278902,83,32,1256,2013.0,0.0,4004.0,-0.696971,-0.5807939999999999,GHA,BRA,7439
2278903,85,32,1256,2013.0,0.0,2896.0,-1.281072,-1.027585,GIN,BRA,7439
2278904,89,32,1256,2013.0,0.0,239099.0,-1.7984200000000001,-0.678832,GNQ,BRA,7439
2278905,90,32,1256,2013.0,13451.0,0.0,0.073442,0.9857899999999999,GRC,BRA,7439
2278906,93,32,1256,2013.0,0.0,228185.0,-0.220165,0.661111,GTM,BRA,7439
2278907,96,32,1256,2013.0,0.0,37820.0,-0.90241,-0.957449,GUY,BRA,7439
2278908,97,32,1256,2013.0,213015.0,0.0,0.791401,1.249845,HKG,BRA,7439
2278909,99,32,1256,2013.0,0.0,73174.0,-0.6661060000000001,-0.38619699999999996,HND,BRA,7439
2278910,100,32,1256,2013.0,0.0,98136.0,0.8737309999999999,1.276091,HRV,BRA,7439
2278911,101,32,1256,2013.0,0.0,9078.0,-0.627783,-0.8605309999999999,HTI,BRA,7439
2278912,102,32,1256,2013.0,931887.0,0.0,1.6962560000000002,0.45460600000000007,HUN,BRA,7439
2278913,103,32,1256,2013.0,1453453.0,199714.0,-0.006876999999999999,1.8336569999999999,IDN,BRA,7439
2278914,104,32,1256,2013.0,2798910.0,172941.0,0.18186,2.647598,IND,BRA,7439
2278915,106,32,1256,2013.0,231032.0,0.0,1.32787,0.394579,IRL,BRA,7439
2278916,110,32,1256,2013.0,106918.0,0.0,1.0247629999999999,0.8261639999999999,ISR,BRA,7439
2278917,111,32,1256,2013.0,9001745.0,122665.0,1.419383,-0.304402,ITA,BRA,7439
2278918,112,32,1256,2013.0,0.0,7563.0,-0.364044,-0.744733,JAM,BRA,7439
2278919,113,32,1256,2013.0,0.0,12639.0,0.1888,0.596867,JOR,BRA,7439
2278920,114,32,1256,2013.0,8923589.0,35715.0,2.333417,-0.818701,JPN,BRA,7439
2278921,115,32,1256,2013.0,0.0,2216.0,-0.9193819999999999,-0.734194,KAZ,BRA,7439
2278922,116,32,1256,2013.0,0.0,1854.0,-0.303119,0.626786,KEN,BRA,7439
2278923,121,32,1256,2013.0,11427686.0,12936.0,1.817145,0.835414,KOR,BRA,7439
2278924,122,32,1256,2013.0,0.0,52243.0,-1.198985,-1.057248,KWT,BRA,7439
2278925,124,32,1256,2013.0,0.0,1156.0,0.37392800000000004,1.413136,LBN,BRA,7439
2278926,130,32,1256,2013.0,3352.0,0.0,0.677986,1.29227,LTU,BRA,7439
2278927,131,32,1256,2013.0,1470.0,0.0,1.0110190000000001,1.123226,LUX,BRA,7439
2278928,134,32,1256,2013.0,3555.0,6731.0,-0.474872,0.178118,MAR,BRA,7439
2278929,135,32,1256,2013.0,0.0,4072.0,0.14256,0.33920700000000004,MDA,BRA,7439
2278930,138,32,1256,2013.0,2743270.0,2114317.0,1.2327219999999999,0.746108,MEX,BRA,7439
2278931,147,32,1256,2013.0,0.0,13440.0,-1.131512,-0.8923840000000001,MOZ,BRA,7439
2278932,151,32,1256,2013.0,0.0,8788.0,-0.092312,0.050927,MUS,BRA,7439
2278933,153,32,1256,2013.0,3486867.0,10559.0,0.924532,0.671334,MYS,BRA,7439
2278934,155,32,1256,2013.0,0.0,1529.0,-0.316805,-0.38759099999999996,NAM,BRA,7439
2278935,159,32,1256,2013.0,0.0,96646.0,-1.679402,-1.14686,NGA,BRA,7439
2278936,160,32,1256,2013.0,0.0,55675.0,-0.7956479999999999,-0.596061,NIC,BRA,7439
2278937,162,32,1256,2013.0,6699280.0,4805143.0,1.012006,1.441545,NLD,BRA,7439
2278938,163,32,1256,2013.0,659161.0,5056.0,0.710901,0.062705,NOR,BRA,7439
2278939,166,32,1256,2013.0,216366.0,3470.0,0.192237,0.429825,NZL,BRA,7439
2278940,167,32,1256,2013.0,0.0,8643.0,-0.698693,-1.030814,OMN,BRA,7439
2278941,168,32,1256,2013.0,0.0,11366.0,-0.697224,0.501576,PAK,BRA,7439
2278942,169,32,1256,2013.0,0.0,60538.0,0.8719819999999999,1.038982,PAN,BRA,7439
2278943,173,32,1256,2013.0,21513.0,3075188.0,-0.640044,0.121772,PER,BRA,7439
2278944,174,32,1256,2013.0,39982.0,1304.0,0.639083,0.45816899999999994,PHL,BRA,7439
2278945,177,32,1256,2013.0,286834.0,77956.0,1.11341,0.975734,POL,BRA,7439
2278946,178,32,1256,2013.0,55373.0,0.0,-0.304923,-0.301578,PRK,BRA,7439
2278947,179,32,1256,2013.0,62513.0,18808.0,0.705087,2.2055580000000004,PRT,BRA,7439
2278948,180,32,1256,2013.0,0.0,2993278.0,-0.560661,-0.822876,PRY,BRA,7439
2278949,182,32,1256,2013.0,0.0,1459.0,-0.118172,-0.620256,PYF,BRA,7439
2278950,183,32,1256,2013.0,0.0,29587.0,-0.583609,-1.003754,QAT,BRA,7439
2278951,185,32,1256,2013.0,263856.0,153779.0,1.05722,1.0968799999999999,ROU,BRA,7439
2278952,186,32,1256,2013.0,0.0,75072.0,-0.08233,-0.267781,RUS,BRA,7439
2278953,188,32,1256,2013.0,0.0,39184.0,-0.14823599999999998,-0.883965,SAU,BRA,7439
2278954,190,32,1256,2013.0,0.0,11049.0,-1.224897,-1.059517,SDN,BRA,7439
2278955,191,32,1256,2013.0,0.0,4703.0,-0.566624,-0.185277,SEN,BRA,7439
2278956,192,32,1256,2013.0,418732.0,1372793.0,1.844685,0.639379,SGP,BRA,7439
2278957,197,32,1256,2013.0,0.0,102299.0,0.104046,0.46966,SLV,BRA,7439
2278958,201,32,1256,2013.0,0.0,18266.0,0.609755,1.355304,SRB,BRA,7439
2278959,205,32,1256,2013.0,0.0,27364.0,-0.25729,-0.651541,SUR,BRA,7439
2278960,206,32,1256,2013.0,86399.0,0.0,1.510052,0.7060310000000001,SVK,BRA,7439
2278961,207,32,1256,2013.0,226602.0,5161.0,1.55922,0.565874,SVN,BRA,7439
2278962,208,32,1256,2013.0,3311694.0,45750.0,1.7851290000000002,0.182623,SWE,BRA,7439
2278963,216,32,1256,2013.0,5476077.0,76937.0,1.067287,1.2767110000000002,THA,BRA,7439
2278964,222,32,1256,2013.0,0.0,5262.0,-0.399437,-1.047864,TTO,BRA,7439
2278965,223,32,1256,2013.0,283462.0,50871.0,0.40154,0.902177,TUN,BRA,7439
2278966,224,32,1256,2013.0,129260.0,41145.0,0.580016,2.394812,TUR,BRA,7439
2278967,226,32,1256,2013.0,0.0,4592.0,-0.654655,0.903574,TZA,BRA,7439
2278968,228,32,1256,2013.0,2251.0,13687.0,0.535571,1.026263,UKR,BRA,7439
2278969,230,32,1256,2013.0,0.0,1486191.0,0.128825,0.02334,URY,BRA,7439
2278970,231,32,1256,2013.0,64084772.0,3427402.0,1.612058,-0.8592989999999999,USA,BRA,7439
2278971,236,32,1256,2013.0,0.0,1555125.0,-1.281202,-1.094268,VEN,BRA,7439
2278972,243,32,1256,2013.0,0.0,14770.0,-1.2788700000000002,-1.230713,YEM,BRA,7439
2278973,246,32,1256,2013.0,25935.0,898025.0,0.11624100000000001,1.574591,ZAF,BRA,7439
2278974,247,32,1256,2013.0,0.0,14345.0,-0.293192,-0.42930100000000004,ZMB,BRA,7439
2278975,248,32,1256,2013.0,0.0,13346.0,-0.841968,-0.898121,ZWE,BRA,7439
2278976,249,32,1256,2013.0,1909877.0,13899.0,1.7382849999999999,0.9917739999999999,TWN,BRA,7439
2278977,250,32,1256,2013.0,121819.0,0.0,0.583151,0.14238299999999998,ANS,BRA,7439
2278978,18,33,1256,2013.0,19517.0,0.0,1.198491,1.117268,BEL,BRB,7439
2278979,32,33,1256,2013.0,83154.0,0.0,0.2804,0.649729,BRA,BRB,7439
2278980,39,33,1256,2013.0,4994.0,0.0,0.599305,1.193591,CAN,BRB,7439
2278981,61,33,1256,2013.0,42855.0,0.0,2.1086869999999998,-3.7092,DEU,BRB,7439
2278982,77,33,1256,2013.0,2579.0,0.0,1.5253299999999999,0.026146,FRA,BRB,7439
2278983,81,33,1256,2013.0,20717.0,0.0,1.628465,0.77075,GBR,BRB,7439
2278984,102,33,1256,2013.0,4560.0,0.0,1.6962560000000002,0.45460600000000007,HUN,BRB,7439
2278985,106,33,1256,2013.0,2349.0,0.0,1.32787,0.394579,IRL,BRB,7439
2278986,111,33,1256,2013.0,1142.0,0.0,1.419383,-0.304402,ITA,BRB,7439
2278987,114,33,1256,2013.0,14260.0,0.0,2.333417,-0.818701,JPN,BRB,7439
2278988,138,33,1256,2013.0,3059.0,0.0,1.2327219999999999,0.746108,MEX,BRB,7439
2278989,162,33,1256,2013.0,16002.0,0.0,1.012006,1.441545,NLD,BRB,7439
2278990,205,33,1256,2013.0,0.0,2365.0,-0.25729,-0.651541,SUR,BRB,7439
2278991,208,33,1256,2013.0,6007.0,0.0,1.7851290000000002,0.182623,SWE,BRB,7439
2278992,231,33,1256,2013.0,94543.0,0.0,1.612058,-0.8592989999999999,USA,BRB,7439
2278993,249,33,1256,2013.0,3415.0,0.0,1.7382849999999999,0.9917739999999999,TWN,BRB,7439
2278994,1,39,1256,2013.0,0.0,6232.0,-0.767212,-0.6506069999999999,AFG,CAN,7439
2278995,2,39,1256,2013.0,0.0,3374.0,-1.240877,-1.073797,AGO,CAN,7439
2278996,4,39,1256,2013.0,0.0,1898.0,-0.44779300000000005,-0.13181700000000002,ALB,CAN,7439
2278997,7,39,1256,2013.0,204584.0,796446.0,-0.338417,-0.754102,ARE,CAN,7439
2278998,8,39,1256,2013.0,2846.0,338899.0,0.042829,0.461002,ARG,CAN,7439
2278999,14,39,1256,2013.0,368293.0,2089284.0,-0.63369,-0.276328,AUS,CAN,7439
2279000,15,39,1256,2013.0,288567.0,36700.0,1.855434,-1.06494,AUT,CAN,7439
2279001,16,39,1256,2013.0,7767.0,4109.0,-1.319766,-1.200648,AZE,CAN,7439
2279002,18,39,1256,2013.0,823988.0,497461.0,1.198491,1.117268,BEL,CAN,7439
2279003,21,39,1256,2013.0,0.0,28345.0,-0.7231029999999999,-0.736291,BFA,CAN,7439
2279004,22,39,1256,2013.0,0.0,3198.0,-0.835666,-0.8088810000000001,BGD,CAN,7439
2279005,23,39,1256,2013.0,4639.0,6235.0,0.622325,1.5506229999999999,BGR,CAN,7439
2279006,24,39,1256,2013.0,0.0,8119.0,0.080634,-0.6828890000000001,BHR,CAN,7439
2279007,25,39,1256,2013.0,0.0,127784.0,0.496435,-0.324394,BHS,CAN,7439
2279008,26,39,1256,2013.0,13085.0,0.0,0.723658,0.9271879999999999,BIH,CAN,7439
2279009,30,39,1256,2013.0,0.0,9773.0,1.020753,-0.10180399999999999,BMU,CAN,7439
2279010,31,39,1256,2013.0,0.0,23470.0,-1.1429610000000001,-1.0076120000000002,BOL,CAN,7439
2279011,32,39,1256,2013.0,169290.0,771610.0,0.2804,0.649729,BRA,CAN,7439
2279012,33,39,1256,2013.0,0.0,4994.0,0.607845,0.09196,BRB,CAN,7439
2279013,34,39,1256,2013.0,91152.0,21110.0,-1.664,-0.663172,BRN,CAN,7439
2279014,41,39,1256,2013.0,1364085.0,96813.0,2.0899229999999998,0.661667,CHE,CAN,7439
2279015,42,39,1256,2013.0,4027.0,1095573.0,-0.184556,-0.238657,CHL,CAN,7439
2279016,43,39,1256,2013.0,14539436.0,5308336.0,1.24864,0.667713,CHN,CAN,7439
2279017,44,39,1256,2013.0,0.0,3721.0,-1.0025870000000001,-0.901658,CIV,CAN,7439
2279018,45,39,1256,2013.0,0.0,8350.0,-0.93575,-1.003851,CMR,CAN,7439
2279019,46,39,1256,2013.0,0.0,11548.0,-1.450075,-1.115916,COD,CAN,7439
2279020,47,39,1256,2013.0,0.0,82925.0,-1.478461,-1.094509,COG,CAN,7439
2279021,49,39,1256,2013.0,19483.0,178606.0,0.034491,-0.36975,COL,CAN,7439
2279022,50,39,1256,2013.0,0.0,2593.0,-0.36952399999999996,-0.6802739999999999,COM,CAN,7439
2279023,52,39,1256,2013.0,0.0,66610.0,0.208669,-0.54783,CRI,CAN,7439
2279024,54,39,1256,2013.0,0.0,532392.0,-0.31053400000000003,-0.8534280000000001,CUB,CAN,7439
2279025,57,39,1256,2013.0,0.0,6519.0,0.379754,-0.510024,CYM,CAN,7439
2279026,59,39,1256,2013.0,182987.0,34511.0,1.829509,-0.41787700000000005,CZE,CAN,7439
2279027,61,39,1256,2013.0,14200401.0,2335565.0,2.1086869999999998,-3.7092,DEU,CAN,7439
2279028,64,39,1256,2013.0,1840616.0,69273.0,1.190302,1.062991,DNK,CAN,7439
2279029,65,39,1256,2013.0,6720.0,66810.0,-0.272579,0.42750699999999997,DOM,CAN,7439
2279030,66,39,1256,2013.0,0.0,284710.0,-1.53603,-1.104965,DZA,CAN,7439
2279031,67,39,1256,2013.0,5133.0,492092.0,-0.8251790000000001,-0.9347200000000001,ECU,CAN,7439
2279032,68,39,1256,2013.0,0.0,98632.0,-0.12015799999999999,1.793363,EGY,CAN,7439
2279033,71,39,1256,2013.0,436142.0,675752.0,0.955472,1.80005,ESP,CAN,7439
2279034,72,39,1256,2013.0,27995.0,17417.0,0.923321,1.290016,EST,CAN,7439
2279035,73,39,1256,2013.0,0.0,10280.0,-1.1373090000000001,-0.89186,ETH,CAN,7439
2279036,74,39,1256,2013.0,736299.0,45213.0,1.700282,0.867677,FIN,CAN,7439
2279037,77,39,1256,2013.0,3040950.0,2504371.0,1.5253299999999999,0.026146,FRA,CAN,7439
2279038,80,39,1256,2013.0,0.0,578202.0,-1.652062,-1.140576,GAB,CAN,7439
2279039,81,39,1256,2013.0,2142056.0,6885056.0,1.628465,0.77075,GBR,CAN,7439
2279040,82,39,1256,2013.0,0.0,4924.0,-0.08343099999999999,-0.359692,GEO,CAN,7439
2279041,83,39,1256,2013.0,0.0,47113.0,-0.696971,-0.5807939999999999,GHA,CAN,7439
2279042,85,39,1256,2013.0,0.0,1860.0,-1.281072,-1.027585,GIN,CAN,7439
2279043,90,39,1256,2013.0,0.0,1703.0,0.073442,0.9857899999999999,GRC,CAN,7439
2279044,93,39,1256,2013.0,0.0,356688.0,-0.220165,0.661111,GTM,CAN,7439
2279045,97,39,1256,2013.0,22876.0,4931508.0,0.791401,1.249845,HKG,CAN,7439
2279046,99,39,1256,2013.0,0.0,5806.0,-0.6661060000000001,-0.38619699999999996,HND,CAN,7439
2279047,100,39,1256,2013.0,5838.0,3666.0,0.8737309999999999,1.276091,HRV,CAN,7439
2279048,102,39,1256,2013.0,19621156.0,1758512.0,1.6962560000000002,0.45460600000000007,HUN,CAN,7439
2279049,103,39,1256,2013.0,240822.0,114748.0,-0.006876999999999999,1.8336569999999999,IDN,CAN,7439
2279050,104,39,1256,2013.0,1574060.0,1007094.0,0.18186,2.647598,IND,CAN,7439
2279051,106,39,1256,2013.0,617297.0,247617.0,1.32787,0.394579,IRL,CAN,7439
2279052,108,39,1256,2013.0,0.0,237711.0,-3.147217,-0.685991,IRQ,CAN,7439
2279053,109,39,1256,2013.0,0.0,4548.0,0.284089,-0.164097,ISL,CAN,7439
2279054,110,39,1256,2013.0,276709.0,44887.0,1.0247629999999999,0.8261639999999999,ISR,CAN,7439
2279055,111,39,1256,2013.0,2253101.0,291700.0,1.419383,-0.304402,ITA,CAN,7439
2279056,112,39,1256,2013.0,0.0,4160.0,-0.364044,-0.744733,JAM,CAN,7439
2279057,113,39,1256,2013.0,0.0,1046.0,0.1888,0.596867,JOR,CAN,7439
2279058,114,39,1256,2013.0,4388902.0,726927.0,2.333417,-0.818701,JPN,CAN,7439
2279059,115,39,1256,2013.0,0.0,265328.0,-0.9193819999999999,-0.734194,KAZ,CAN,7439
2279060,121,39,1256,2013.0,1332982.0,680402.0,1.817145,0.835414,KOR,CAN,7439
2279061,122,39,1256,2013.0,0.0,18673.0,-1.198985,-1.057248,KWT,CAN,7439
2279062,123,39,1256,2013.0,0.0,9562.0,-0.907169,-0.587529,LAO,CAN,7439
2279063,124,39,1256,2013.0,0.0,8186.0,0.37392800000000004,1.413136,LBN,CAN,7439
2279064,126,39,1256,2013.0,0.0,24306.0,-1.871593,-1.1211790000000001,LBY,CAN,7439
2279065,127,39,1256,2013.0,0.0,17950.0,0.433648,-0.288346,LCA,CAN,7439
2279066,128,39,1256,2013.0,0.0,3135.0,-0.320583,0.44462399999999996,LKA,CAN,7439
2279067,130,39,1256,2013.0,15218.0,6667.0,0.677986,1.29227,LTU,CAN,7439
2279068,131,39,1256,2013.0,102032.0,21442.0,1.0110190000000001,1.123226,LUX,CAN,7439
2279069,132,39,1256,2013.0,0.0,7601.0,0.652463,1.299917,LVA,CAN,7439
2279070,134,39,1256,2013.0,0.0,6875.0,-0.474872,0.178118,MAR,CAN,7439
2279071,136,39,1256,2013.0,0.0,141171.0,-0.786091,-0.611478,MDG,CAN,7439
2279072,138,39,1256,2013.0,13966825.0,623694.0,1.2327219999999999,0.746108,MEX,CAN,7439
2279073,140,39,1256,2013.0,0.0,1615.0,-0.127775,0.21915900000000002,MKD,CAN,7439
2279074,141,39,1256,2013.0,0.0,14884.0,-1.046677,-0.980809,MLI,CAN,7439
2279075,145,39,1256,2013.0,0.0,167844.0,-1.264785,-1.133222,MNG,CAN,7439
2279076,147,39,1256,2013.0,0.0,5926.0,-1.131512,-0.8923840000000001,MOZ,CAN,7439
2279077,148,39,1256,2013.0,0.0,19453.0,-1.681152,-1.2712350000000001,MRT,CAN,7439
2279078,153,39,1256,2013.0,211518.0,245045.0,0.924532,0.671334,MYS,CAN,7439
2279079,155,39,1256,2013.0,0.0,19368.0,-0.316805,-0.38759099999999996,NAM,CAN,7439
2279080,156,39,1256,2013.0,0.0,29912.0,-0.262882,-0.63858,NCL,CAN,7439
2279081,157,39,1256,2013.0,3633.0,0.0,-1.0008350000000001,-0.8325670000000001,NER,CAN,7439
2279082,159,39,1256,2013.0,0.0,47579.0,-1.679402,-1.14686,NGA,CAN,7439
2279083,160,39,1256,2013.0,38425.0,2998.0,-0.7956479999999999,-0.596061,NIC,CAN,7439
2279084,162,39,1256,2013.0,2552747.0,652411.0,1.012006,1.441545,NLD,CAN,7439
2279085,163,39,1256,2013.0,226581.0,74157.0,0.710901,0.062705,NOR,CAN,7439
2279086,166,39,1256,2013.0,46402.0,104436.0,0.192237,0.429825,NZL,CAN,7439
2279087,167,39,1256,2013.0,0.0,44248.0,-0.698693,-1.030814,OMN,CAN,7439
2279088,168,39,1256,2013.0,0.0,55192.0,-0.697224,0.501576,PAK,CAN,7439
2279089,169,39,1256,2013.0,0.0,25784.0,0.8719819999999999,1.038982,PAN,CAN,7439
2279090,173,39,1256,2013.0,4424.0,509512.0,-0.640044,0.121772,PER,CAN,7439
2279091,174,39,1256,2013.0,904198.0,27596.0,0.639083,0.45816899999999994,PHL,CAN,7439
2279092,176,39,1256,2013.0,0.0,296274.0,-1.508233,-1.163478,PNG,CAN,7439
2279093,177,39,1256,2013.0,304126.0,98836.0,1.11341,0.975734,POL,CAN,7439
2279094,179,39,1256,2013.0,18630.0,7037.0,0.705087,2.2055580000000004,PRT,CAN,7439
2279095,180,39,1256,2013.0,0.0,4674.0,-0.560661,-0.822876,PRY,CAN,7439
2279096,183,39,1256,2013.0,0.0,99091.0,-0.583609,-1.003754,QAT,CAN,7439
2279097,185,39,1256,2013.0,89175.0,86739.0,1.05722,1.0968799999999999,ROU,CAN,7439
2279098,186,39,1256,2013.0,3932.0,2510275.0,-0.08233,-0.267781,RUS,CAN,7439
2279099,188,39,1256,2013.0,0.0,1412531.0,-0.14823599999999998,-0.883965,SAU,CAN,7439
2279100,190,39,1256,2013.0,0.0,1124.0,-1.224897,-1.059517,SDN,CAN,7439
2279101,191,39,1256,2013.0,0.0,16347.0,-0.566624,-0.185277,SEN,CAN,7439
2279102,192,39,1256,2013.0,288313.0,897255.0,1.844685,0.639379,SGP,CAN,7439
2279103,196,39,1256,2013.0,0.0,2165.0,-0.42937700000000006,-0.529857,SLE,CAN,7439
2279104,197,39,1256,2013.0,0.0,3305.0,0.104046,0.46966,SLV,CAN,7439
2279105,199,39,1256,2013.0,0.0,2625.0,-0.9790979999999999,-0.8632620000000001,SOM,CAN,7439
2279106,200,39,1256,2013.0,0.0,3493.0,0.148119,-0.517878,SPM,CAN,7439
2279107,201,39,1256,2013.0,0.0,3130.0,0.609755,1.355304,SRB,CAN,7439
2279108,205,39,1256,2013.0,0.0,3098.0,-0.25729,-0.651541,SUR,CAN,7439
2279109,206,39,1256,2013.0,179612.0,20344.0,1.510052,0.7060310000000001,SVK,CAN,7439
2279110,207,39,1256,2013.0,33704.0,0.0,1.55922,0.565874,SVN,CAN,7439
2279111,208,39,1256,2013.0,7033339.0,1769659.0,1.7851290000000002,0.182623,SWE,CAN,7439
2279112,209,39,1256,2013.0,2504.0,0.0,0.017946,-0.20627399999999999,SWZ,CAN,7439
2279113,213,39,1256,2013.0,0.0,68298.0,0.6284609999999999,0.142692,TCA,CAN,7439
2279114,215,39,1256,2013.0,0.0,7520.0,-0.532095,-0.434276,TGO,CAN,7439
2279115,216,39,1256,2013.0,604227.0,1268232.0,1.067287,1.2767110000000002,THA,CAN,7439
2279116,219,39,1256,2013.0,0.0,9854.0,-1.174981,-1.14869,TKM,CAN,7439
2279117,222,39,1256,2013.0,0.0,5983.0,-0.399437,-1.047864,TTO,CAN,7439
2279118,223,39,1256,2013.0,1012.0,286803.0,0.40154,0.902177,TUN,CAN,7439
2279119,224,39,1256,2013.0,109246.0,355677.0,0.580016,2.394812,TUR,CAN,7439
2279120,226,39,1256,2013.0,0.0,19190.0,-0.654655,0.903574,TZA,CAN,7439
2279121,228,39,1256,2013.0,0.0,18858.0,0.535571,1.026263,UKR,CAN,7439
2279122,229,39,1256,2013.0,0.0,7604.0,1.4648,0.57619,UMI,CAN,7439
2279123,230,39,1256,2013.0,0.0,83730.0,0.128825,0.02334,URY,CAN,7439
2279124,231,39,1256,2013.0,330557472.0,167853200.0,1.612058,-0.8592989999999999,USA,CAN,7439
2279125,236,39,1256,2013.0,1626.0,1534228.0,-1.281202,-1.094268,VEN,CAN,7439
2279126,239,39,1256,2013.0,25240.0,129899.0,0.009264,1.182368,VNM,CAN,7439
2279127,243,39,1256,2013.0,0.0,6990.0,-1.2788700000000002,-1.230713,YEM,CAN,7439
2279128,246,39,1256,2013.0,161342.0,294969.0,0.11624100000000001,1.574591,ZAF,CAN,7439
2279129,247,39,1256,2013.0,8135.0,292574.0,-0.293192,-0.42930100000000004,ZMB,CAN,7439
2279130,249,39,1256,2013.0,4585932.0,713068.0,1.7382849999999999,0.9917739999999999,TWN,CAN,7439
2279131,2,41,1256,2013.0,0.0,84997.0,-1.240877,-1.073797,AGO,CHE,7439
2279132,7,41,1256,2013.0,0.0,325377.0,-0.338417,-0.754102,ARE,CHE,7439
2279133,8,41,1256,2013.0,1994.0,317972.0,0.042829,0.461002,ARG,CHE,7439
2279134,9,41,1256,2013.0,0.0,1169.0,-0.159148,-0.515766,ARM,CHE,7439
2279135,14,41,1256,2013.0,57388.0,2513865.0,-0.63369,-0.276328,AUS,CHE,7439
2279136,15,41,1256,2013.0,5194242.0,8219040.0,1.855434,-1.06494,AUT,CHE,7439
2279137,16,41,1256,2013.0,0.0,9030.0,-1.319766,-1.200648,AZE,CHE,7439
2279138,18,41,1256,2013.0,4345604.0,6178881.0,1.198491,1.117268,BEL,CHE,7439
2279139,19,41,1256,2013.0,0.0,3254.0,-0.924213,-0.8181390000000001,BEN,CHE,7439
2279140,21,41,1256,2013.0,0.0,12403.0,-0.7231029999999999,-0.736291,BFA,CHE,7439
2279141,22,41,1256,2013.0,0.0,23411.0,-0.835666,-0.8088810000000001,BGD,CHE,7439
2279142,23,41,1256,2013.0,2053.0,101005.0,0.622325,1.5506229999999999,BGR,CHE,7439
2279143,24,41,1256,2013.0,0.0,11935.0,0.080634,-0.6828890000000001,BHR,CHE,7439
2279144,26,41,1256,2013.0,254367.0,49974.0,0.723658,0.9271879999999999,BIH,CHE,7439
2279145,28,41,1256,2013.0,0.0,9067.0,1.183522,0.934159,BLR,CHE,7439
2279146,31,41,1256,2013.0,0.0,4045.0,-1.1429610000000001,-1.0076120000000002,BOL,CHE,7439
2279147,32,41,1256,2013.0,26445.0,704328.0,0.2804,0.649729,BRA,CHE,7439
2279148,39,41,1256,2013.0,96813.0,1364085.0,0.599305,1.193591,CAN,CHE,7439
2279149,42,41,1256,2013.0,0.0,1473487.0,-0.184556,-0.238657,CHL,CHE,7439
2279150,43,41,1256,2013.0,1177094.0,3732004.0,1.24864,0.667713,CHN,CHE,7439
2279151,44,41,1256,2013.0,0.0,51386.0,-1.0025870000000001,-0.901658,CIV,CHE,7439
2279152,45,41,1256,2013.0,0.0,26187.0,-0.93575,-1.003851,CMR,CHE,7439
2279153,46,41,1256,2013.0,0.0,68472.0,-1.450075,-1.115916,COD,CHE,7439
2279154,47,41,1256,2013.0,0.0,4417.0,-1.478461,-1.094509,COG,CHE,7439
2279155,49,41,1256,2013.0,0.0,414387.0,0.034491,-0.36975,COL,CHE,7439
2279156,52,41,1256,2013.0,0.0,26732.0,0.208669,-0.54783,CRI,CHE,7439
2279157,54,41,1256,2013.0,0.0,432517.0,-0.31053400000000003,-0.8534280000000001,CUB,CHE,7439
2279158,58,41,1256,2013.0,0.0,43272.0,0.36482800000000004,0.527544,CYP,CHE,7439
2279159,59,41,1256,2013.0,1279674.0,918929.0,1.829509,-0.41787700000000005,CZE,CHE,7439
2279160,61,41,1256,2013.0,66869788.0,91878992.0,2.1086869999999998,-3.7092,DEU,CHE,7439
2279161,64,41,1256,2013.0,850918.0,627081.0,1.190302,1.062991,DNK,CHE,7439
2279162,65,41,1256,2013.0,0.0,12720.0,-0.272579,0.42750699999999997,DOM,CHE,7439
2279163,66,41,1256,2013.0,0.0,179116.0,-1.53603,-1.104965,DZA,CHE,7439
2279164,67,41,1256,2013.0,0.0,19062.0,-0.8251790000000001,-0.9347200000000001,ECU,CHE,7439
2279165,68,41,1256,2013.0,0.0,110047.0,-0.12015799999999999,1.793363,EGY,CHE,7439
2279166,71,41,1256,2013.0,267533.0,1307966.0,0.955472,1.80005,ESP,CHE,7439
2279167,72,41,1256,2013.0,2512.0,435594.0,0.923321,1.290016,EST,CHE,7439
2279168,73,41,1256,2013.0,0.0,11619.0,-1.1373090000000001,-0.89186,ETH,CHE,7439
2279169,74,41,1256,2013.0,147226.0,1206894.0,1.700282,0.867677,FIN,CHE,7439
2279170,77,41,1256,2013.0,54264752.0,12212583.0,1.5253299999999999,0.026146,FRA,CHE,7439
2279171,78,41,1256,2013.0,0.0,6182.0,-1.059294,-0.799578,FRO,CHE,7439
2279172,80,41,1256,2013.0,0.0,4962.0,-1.652062,-1.140576,GAB,CHE,7439
2279173,81,41,1256,2013.0,14080962.0,6882822.0,1.628465,0.77075,GBR,CHE,7439
2279174,82,41,1256,2013.0,0.0,13661.0,-0.08343099999999999,-0.359692,GEO,CHE,7439
2279175,83,41,1256,2013.0,0.0,14375.0,-0.696971,-0.5807939999999999,GHA,CHE,7439
2279176,84,41,1256,2013.0,0.0,12743.0,0.348423,-0.521683,GIB,CHE,7439
2279177,90,41,1256,2013.0,182389.0,92830.0,0.073442,0.9857899999999999,GRC,CHE,7439
2279178,93,41,1256,2013.0,0.0,3660.0,-0.220165,0.661111,GTM,CHE,7439
2279179,97,41,1256,2013.0,255546.0,833479.0,0.791401,1.249845,HKG,CHE,7439
2279180,100,41,1256,2013.0,84738.0,113014.0,0.8737309999999999,1.276091,HRV,CHE,7439
2279181,101,41,1256,2013.0,0.0,24000.0,-0.627783,-0.8605309999999999,HTI,CHE,7439
2279182,102,41,1256,2013.0,2345665.0,1592512.0,1.6962560000000002,0.45460600000000007,HUN,CHE,7439
2279183,103,41,1256,2013.0,5328.0,484398.0,-0.006876999999999999,1.8336569999999999,IDN,CHE,7439
2279184,104,41,1256,2013.0,118287.0,1450343.0,0.18186,2.647598,IND,CHE,7439
2279185,106,41,1256,2013.0,101503.0,1567896.0,1.32787,0.394579,IRL,CHE,7439
2279186,107,41,1256,2013.0,0.0,83039.0,-0.23625100000000002,-0.256067,IRN,CHE,7439
2279187,108,41,1256,2013.0,0.0,192287.0,-3.147217,-0.685991,IRQ,CHE,7439
2279188,109,41,1256,2013.0,0.0,8018.0,0.284089,-0.164097,ISL,CHE,7439
2279189,110,41,1256,2013.0,102260.0,1021898.0,1.0247629999999999,0.8261639999999999,ISR,CHE,7439
2279190,111,41,1256,2013.0,10614572.0,12321630.0,1.419383,-0.304402,ITA,CHE,7439
2279191,112,41,1256,2013.0,0.0,36317.0,-0.364044,-0.744733,JAM,CHE,7439
2279192,113,41,1256,2013.0,2557.0,64855.0,0.1888,0.596867,JOR,CHE,7439
2279193,114,41,1256,2013.0,1825374.0,1180194.0,2.333417,-0.818701,JPN,CHE,7439
2279194,115,41,1256,2013.0,0.0,21969.0,-0.9193819999999999,-0.734194,KAZ,CHE,7439
2279195,116,41,1256,2013.0,0.0,72093.0,-0.303119,0.626786,KEN,CHE,7439
2279196,118,41,1256,2013.0,0.0,6211.0,-0.634876,-0.714886,KHM,CHE,7439
2279197,121,41,1256,2013.0,25245.0,1513958.0,1.817145,0.835414,KOR,CHE,7439
2279198,122,41,1256,2013.0,0.0,11815.0,-1.198985,-1.057248,KWT,CHE,7439
2279199,123,41,1256,2013.0,0.0,3372.0,-0.907169,-0.587529,LAO,CHE,7439
2279200,124,41,1256,2013.0,0.0,44953.0,0.37392800000000004,1.413136,LBN,CHE,7439
2279201,125,41,1256,2013.0,0.0,9037.0,-0.8343229999999999,-0.992129,LBR,CHE,7439
2279202,128,41,1256,2013.0,0.0,20371.0,-0.320583,0.44462399999999996,LKA,CHE,7439
2279203,130,41,1256,2013.0,10568.0,52847.0,0.677986,1.29227,LTU,CHE,7439
2279204,131,41,1256,2013.0,29808.0,56506.0,1.0110190000000001,1.123226,LUX,CHE,7439
2279205,132,41,1256,2013.0,2454.0,21225.0,0.652463,1.299917,LVA,CHE,7439
2279206,133,41,1256,2013.0,3564.0,110095.0,0.43873,0.275559,MAC,CHE,7439
2279207,134,41,1256,2013.0,0.0,8223.0,-0.474872,0.178118,MAR,CHE,7439
2279208,135,41,1256,2013.0,0.0,8841.0,0.14256,0.33920700000000004,MDA,CHE,7439
2279209,136,41,1256,2013.0,0.0,3356.0,-0.786091,-0.611478,MDG,CHE,7439
2279210,137,41,1256,2013.0,0.0,34155.0,-0.510204,-0.740372,MDV,CHE,7439
2279211,138,41,1256,2013.0,74236.0,930531.0,1.2327219999999999,0.746108,MEX,CHE,7439
2279212,140,41,1256,2013.0,0.0,6800.0,-0.127775,0.21915900000000002,MKD,CHE,7439
2279213,142,41,1256,2013.0,0.0,2754.0,0.710108,-0.014586000000000002,MLT,CHE,7439
2279214,145,41,1256,2013.0,0.0,22102.0,-1.264785,-1.133222,MNG,CHE,7439
2279215,147,41,1256,2013.0,0.0,3857.0,-1.131512,-0.8923840000000001,MOZ,CHE,7439
2279216,151,41,1256,2013.0,0.0,26396.0,-0.092312,0.050927,MUS,CHE,7439
2279217,153,41,1256,2013.0,49801.0,340802.0,0.924532,0.671334,MYS,CHE,7439
2279218,159,41,1256,2013.0,2861.0,47015.0,-1.679402,-1.14686,NGA,CHE,7439
2279219,160,41,1256,2013.0,0.0,20633.0,-0.7956479999999999,-0.596061,NIC,CHE,7439
2279220,162,41,1256,2013.0,5445589.0,8772218.0,1.012006,1.441545,NLD,CHE,7439
2279221,163,41,1256,2013.0,46429.0,1606044.0,0.710901,0.062705,NOR,CHE,7439
2279222,166,41,1256,2013.0,73392.0,544300.0,0.192237,0.429825,NZL,CHE,7439
2279223,167,41,1256,2013.0,0.0,63248.0,-0.698693,-1.030814,OMN,CHE,7439
2279224,168,41,1256,2013.0,7764.0,23835.0,-0.697224,0.501576,PAK,CHE,7439
2279225,169,41,1256,2013.0,0.0,89443.0,0.8719819999999999,1.038982,PAN,CHE,7439
2279226,173,41,1256,2013.0,5490.0,311108.0,-0.640044,0.121772,PER,CHE,7439
2279227,174,41,1256,2013.0,3547.0,73658.0,0.639083,0.45816899999999994,PHL,CHE,7439
2279228,177,41,1256,2013.0,519127.0,3028766.0,1.11341,0.975734,POL,CHE,7439
2279229,179,41,1256,2013.0,3284.0,361042.0,0.705087,2.2055580000000004,PRT,CHE,7439
2279230,180,41,1256,2013.0,0.0,46241.0,-0.560661,-0.822876,PRY,CHE,7439
2279231,182,41,1256,2013.0,0.0,1507.0,-0.118172,-0.620256,PYF,CHE,7439
2279232,183,41,1256,2013.0,0.0,277934.0,-0.583609,-1.003754,QAT,CHE,7439
2279233,185,41,1256,2013.0,352631.0,232589.0,1.05722,1.0968799999999999,ROU,CHE,7439
2279234,186,41,1256,2013.0,6251.0,1636773.0,-0.08233,-0.267781,RUS,CHE,7439
2279235,187,41,1256,2013.0,0.0,54424.0,-0.535446,-0.662881,RWA,CHE,7439
2279236,188,41,1256,2013.0,0.0,1075354.0,-0.14823599999999998,-0.883965,SAU,CHE,7439
2279237,192,41,1256,2013.0,20856.0,1201711.0,1.844685,0.639379,SGP,CHE,7439
2279238,197,41,1256,2013.0,0.0,19409.0,0.104046,0.46966,SLV,CHE,7439
2279239,201,41,1256,2013.0,134399.0,121052.0,0.609755,1.355304,SRB,CHE,7439
2279240,206,41,1256,2013.0,188410.0,447207.0,1.510052,0.7060310000000001,SVK,CHE,7439
2279241,207,41,1256,2013.0,355186.0,496065.0,1.55922,0.565874,SVN,CHE,7439
2279242,208,41,1256,2013.0,3072712.0,3058503.0,1.7851290000000002,0.182623,SWE,CHE,7439
2279243,212,41,1256,2013.0,0.0,13529.0,-0.09157699999999999,1.1795950000000002,SYR,CHE,7439
2279244,214,41,1256,2013.0,0.0,6440.0,-2.89356,-0.879919,TCD,CHE,7439
2279245,215,41,1256,2013.0,0.0,23911.0,-0.532095,-0.434276,TGO,CHE,7439
2279246,216,41,1256,2013.0,116364.0,665912.0,1.067287,1.2767110000000002,THA,CHE,7439
2279247,219,41,1256,2013.0,0.0,1040.0,-1.174981,-1.14869,TKM,CHE,7439
2279248,222,41,1256,2013.0,0.0,1152.0,-0.399437,-1.047864,TTO,CHE,7439
2279249,223,41,1256,2013.0,141189.0,709922.0,0.40154,0.902177,TUN,CHE,7439
2279250,224,41,1256,2013.0,33825.0,873337.0,0.580016,2.394812,TUR,CHE,7439
2279251,226,41,1256,2013.0,0.0,6039.0,-0.654655,0.903574,TZA,CHE,7439
2279252,227,41,1256,2013.0,0.0,1768.0,-0.46170100000000003,0.652878,UGA,CHE,7439
2279253,228,41,1256,2013.0,0.0,316605.0,0.535571,1.026263,UKR,CHE,7439
2279254,230,41,1256,2013.0,0.0,27591.0,0.128825,0.02334,URY,CHE,7439
2279255,231,41,1256,2013.0,4385052.0,30842264.0,1.612058,-0.8592989999999999,USA,CHE,7439
2279256,232,41,1256,2013.0,0.0,12758.0,-0.7076319999999999,-0.645674,UZB,CHE,7439
2279257,236,41,1256,2013.0,0.0,35504.0,-1.281202,-1.094268,VEN,CHE,7439
2279258,237,41,1256,2013.0,0.0,6277.0,0.217532,-0.315292,VGB,CHE,7439
2279259,239,41,1256,2013.0,0.0,178613.0,0.009264,1.182368,VNM,CHE,7439
2279260,243,41,1256,2013.0,0.0,29740.0,-1.2788700000000002,-1.230713,YEM,CHE,7439
2279261,246,41,1256,2013.0,27780.0,572652.0,0.11624100000000001,1.574591,ZAF,CHE,7439
2279262,249,41,1256,2013.0,728760.0,726315.0,1.7382849999999999,0.9917739999999999,TWN,CHE,7439
2279263,2,42,1256,2013.0,0.0,8333.0,-1.240877,-1.073797,AGO,CHL,7439
2279264,7,42,1256,2013.0,4149.0,0.0,-0.338417,-0.754102,ARE,CHL,7439
2279265,8,42,1256,2013.0,438469.0,1296958.0,0.042829,0.461002,ARG,CHL,7439
2279266,9,42,1256,2013.0,2316.0,0.0,-0.159148,-0.515766,ARM,CHL,7439
2279267,14,42,1256,2013.0,43435.0,26762.0,-0.63369,-0.276328,AUS,CHL,7439
2279268,15,42,1256,2013.0,234843.0,0.0,1.855434,-1.06494,AUT,CHL,7439
2279269,18,42,1256,2013.0,543528.0,5323.0,1.198491,1.117268,BEL,CHL,7439
2279270,31,42,1256,2013.0,2265.0,78824.0,-1.1429610000000001,-1.0076120000000002,BOL,CHL,7439
2279271,32,42,1256,2013.0,7602398.0,62919.0,0.2804,0.649729,BRA,CHL,7439
2279272,39,42,1256,2013.0,1095573.0,4027.0,0.599305,1.193591,CAN,CHL,7439
2279273,41,42,1256,2013.0,1473487.0,0.0,2.0899229999999998,0.661667,CHE,CHL,7439
2279274,43,42,1256,2013.0,7007024.0,10700.0,1.24864,0.667713,CHN,CHL,7439
2279275,49,42,1256,2013.0,29732.0,124690.0,0.034491,-0.36975,COL,CHL,7439
2279276,52,42,1256,2013.0,0.0,4138.0,0.208669,-0.54783,CRI,CHL,7439
2279277,59,42,1256,2013.0,38187.0,2790.0,1.829509,-0.41787700000000005,CZE,CHL,7439
2279278,61,42,1256,2013.0,8759909.0,188698.0,2.1086869999999998,-3.7092,DEU,CHL,7439
2279279,64,42,1256,2013.0,599028.0,0.0,1.190302,1.062991,DNK,CHL,7439
2279280,65,42,1256,2013.0,0.0,1228.0,-0.272579,0.42750699999999997,DOM,CHL,7439
2279281,67,42,1256,2013.0,0.0,5324.0,-0.8251790000000001,-0.9347200000000001,ECU,CHL,7439
2279282,71,42,1256,2013.0,714421.0,184520.0,0.955472,1.80005,ESP,CHL,7439
2279283,74,42,1256,2013.0,11151095.0,0.0,1.700282,0.867677,FIN,CHL,7439
2279284,77,42,1256,2013.0,1434518.0,2886.0,1.5253299999999999,0.026146,FRA,CHL,7439
2279285,81,42,1256,2013.0,511158.0,459010.0,1.628465,0.77075,GBR,CHL,7439
2279286,93,42,1256,2013.0,0.0,13924.0,-0.220165,0.661111,GTM,CHL,7439
2279287,97,42,1256,2013.0,6794.0,0.0,0.791401,1.249845,HKG,CHL,7439
2279288,102,42,1256,2013.0,9757.0,0.0,1.6962560000000002,0.45460600000000007,HUN,CHL,7439
2279289,103,42,1256,2013.0,12705.0,0.0,-0.006876999999999999,1.8336569999999999,IDN,CHL,7439
2279290,104,42,1256,2013.0,458911.0,0.0,0.18186,2.647598,IND,CHL,7439
2279291,106,42,1256,2013.0,5849.0,0.0,1.32787,0.394579,IRL,CHL,7439
2279292,110,42,1256,2013.0,1283139.0,0.0,1.0247629999999999,0.8261639999999999,ISR,CHL,7439
2279293,111,42,1256,2013.0,1493680.0,14164.0,1.419383,-0.304402,ITA,CHL,7439
2279294,114,42,1256,2013.0,1443832.0,3336.0,2.333417,-0.818701,JPN,CHL,7439
2279295,121,42,1256,2013.0,507061.0,0.0,1.817145,0.835414,KOR,CHL,7439
2279296,128,42,1256,2013.0,1249.0,0.0,-0.320583,0.44462399999999996,LKA,CHL,7439
2279297,138,42,1256,2013.0,645410.0,262211.0,1.2327219999999999,0.746108,MEX,CHL,7439
2279298,145,42,1256,2013.0,0.0,2001.0,-1.264785,-1.133222,MNG,CHL,7439
2279299,153,42,1256,2013.0,132745.0,3340.0,0.924532,0.671334,MYS,CHL,7439
2279300,162,42,1256,2013.0,569262.0,6191.0,1.012006,1.441545,NLD,CHL,7439
2279301,163,42,1256,2013.0,15011.0,0.0,0.710901,0.062705,NOR,CHL,7439
2279302,166,42,1256,2013.0,9028.0,0.0,0.192237,0.429825,NZL,CHL,7439
2279303,169,42,1256,2013.0,8121.0,0.0,0.8719819999999999,1.038982,PAN,CHL,7439
2279304,173,42,1256,2013.0,31983.0,406349.0,-0.640044,0.121772,PER,CHL,7439
2279305,174,42,1256,2013.0,2726.0,4125.0,0.639083,0.45816899999999994,PHL,CHL,7439
2279306,177,42,1256,2013.0,50136.0,0.0,1.11341,0.975734,POL,CHL,7439
2279307,179,42,1256,2013.0,8379.0,0.0,0.705087,2.2055580000000004,PRT,CHL,7439
2279308,180,42,1256,2013.0,0.0,20597.0,-0.560661,-0.822876,PRY,CHL,7439
2279309,182,42,1256,2013.0,1855.0,0.0,-0.118172,-0.620256,PYF,CHL,7439
2279310,186,42,1256,2013.0,0.0,8870.0,-0.08233,-0.267781,RUS,CHL,7439
2279311,192,42,1256,2013.0,41485.0,0.0,1.844685,0.639379,SGP,CHL,7439
2279312,205,42,1256,2013.0,0.0,1319.0,-0.25729,-0.651541,SUR,CHL,7439
2279313,207,42,1256,2013.0,3925.0,0.0,1.55922,0.565874,SVN,CHL,7439
2279314,208,42,1256,2013.0,1730926.0,56187.0,1.7851290000000002,0.182623,SWE,CHL,7439
2279315,216,42,1256,2013.0,744635.0,0.0,1.067287,1.2767110000000002,THA,CHL,7439
2279316,224,42,1256,2013.0,36022.0,0.0,0.580016,2.394812,TUR,CHL,7439
2279317,230,42,1256,2013.0,3484.0,21966.0,0.128825,0.02334,URY,CHL,7439
2279318,231,42,1256,2013.0,16209523.0,1171790.0,1.612058,-0.8592989999999999,USA,CHL,7439
2279319,236,42,1256,2013.0,0.0,21664.0,-1.281202,-1.094268,VEN,CHL,7439
2279320,246,42,1256,2013.0,9447.0,1137.0,0.11624100000000001,1.574591,ZAF,CHL,7439
2279321,249,42,1256,2013.0,170331.0,0.0,1.7382849999999999,0.9917739999999999,TWN,CHL,7439
2279322,250,42,1256,2013.0,3081492.0,0.0,0.583151,0.14238299999999998,ANS,CHL,7439
2279323,0,43,1256,2013.0,0.0,298322.0,0.598533,0.032199,ABW,CHN,7439
2279324,1,43,1256,2013.0,0.0,25995.0,-0.767212,-0.6506069999999999,AFG,CHN,7439
2279325,2,43,1256,2013.0,0.0,3003756.0,-1.240877,-1.073797,AGO,CHN,7439
2279326,4,43,1256,2013.0,0.0,11598.0,-0.44779300000000005,-0.13181700000000002,ALB,CHN,7439
2279327,7,43,1256,2013.0,3038.0,15137639.0,-0.338417,-0.754102,ARE,CHN,7439
2279328,8,43,1256,2013.0,57691.0,4287102.0,0.042829,0.461002,ARG,CHN,7439
2279329,9,43,1256,2013.0,0.0,150734.0,-0.159148,-0.515766,ARM,CHN,7439
2279330,13,43,1256,2013.0,0.0,17107.0,0.25821500000000003,-0.383761,ATG,CHN,7439
2279331,14,43,1256,2013.0,2846610.0,25479296.0,-0.63369,-0.276328,AUS,CHN,7439
2279332,15,43,1256,2013.0,10182202.0,1853328.0,1.855434,-1.06494,AUT,CHN,7439
2279333,16,43,1256,2013.0,0.0,257931.0,-1.319766,-1.200648,AZE,CHN,7439
2279334,18,43,1256,2013.0,5002630.0,8699010.0,1.198491,1.117268,BEL,CHN,7439
2279335,19,43,1256,2013.0,0.0,2285666.0,-0.924213,-0.8181390000000001,BEN,CHN,7439
2279336,21,43,1256,2013.0,0.0,288458.0,-0.7231029999999999,-0.736291,BFA,CHN,7439
2279337,22,43,1256,2013.0,0.0,4037180.0,-0.835666,-0.8088810000000001,BGD,CHN,7439
2279338,23,43,1256,2013.0,23548.0,8791817.0,0.622325,1.5506229999999999,BGR,CHN,7439
2279339,24,43,1256,2013.0,0.0,668299.0,0.080634,-0.6828890000000001,BHR,CHN,7439
2279340,26,43,1256,2013.0,83429.0,14008.0,0.723658,0.9271879999999999,BIH,CHN,7439
2279341,28,43,1256,2013.0,14859.0,351039.0,1.183522,0.934159,BLR,CHN,7439
2279342,30,43,1256,2013.0,0.0,2632.0,1.020753,-0.10180399999999999,BMU,CHN,7439
2279343,31,43,1256,2013.0,0.0,155736.0,-1.1429610000000001,-1.0076120000000002,BOL,CHN,7439
2279344,32,43,1256,2013.0,197554.0,21607898.0,0.2804,0.649729,BRA,CHN,7439
2279345,34,43,1256,2013.0,0.0,431980.0,-1.664,-0.663172,BRN,CHN,7439
2279346,37,43,1256,2013.0,0.0,86408.0,-0.677782,-1.0888149999999999,BWA,CHN,7439
2279347,39,43,1256,2013.0,5308336.0,14539436.0,0.599305,1.193591,CAN,CHN,7439
2279348,41,43,1256,2013.0,3732004.0,1177094.0,2.0899229999999998,0.661667,CHE,CHN,7439
2279349,42,43,1256,2013.0,10700.0,7007024.0,-0.184556,-0.238657,CHL,CHN,7439
2279350,44,43,1256,2013.0,0.0,655798.0,-1.0025870000000001,-0.901658,CIV,CHN,7439
2279351,45,43,1256,2013.0,0.0,894824.0,-0.93575,-1.003851,CMR,CHN,7439
2279352,46,43,1256,2013.0,0.0,2067709.0,-1.450075,-1.115916,COD,CHN,7439
2279353,47,43,1256,2013.0,0.0,409894.0,-1.478461,-1.094509,COG,CHN,7439
2279354,49,43,1256,2013.0,0.0,5332881.0,0.034491,-0.36975,COL,CHN,7439
2279355,51,43,1256,2013.0,0.0,6606.0,-0.28793,-0.5938319999999999,CPV,CHN,7439
2279356,52,43,1256,2013.0,604742.0,686734.0,0.208669,-0.54783,CRI,CHN,7439
2279357,54,43,1256,2013.0,0.0,1082406.0,-0.31053400000000003,-0.8534280000000001,CUB,CHN,7439
2279358,55,43,1256,2013.0,0.0,95519.0,-0.145402,-0.556962,CUW,CHN,7439
2279359,58,43,1256,2013.0,1335.0,561825.0,0.36482800000000004,0.527544,CYP,CHN,7439
2279360,59,43,1256,2013.0,2047570.0,1682577.0,1.829509,-0.41787700000000005,CZE,CHN,7439
2279361,61,43,1256,2013.0,182083376.0,38221828.0,2.1086869999999998,-3.7092,DEU,CHN,7439
2279362,62,43,1256,2013.0,0.0,262099.0,-0.35226399999999997,-0.542234,DJI,CHN,7439
2279363,64,43,1256,2013.0,3634857.0,2522320.0,1.190302,1.062991,DNK,CHN,7439
2279364,65,43,1256,2013.0,0.0,337340.0,-0.272579,0.42750699999999997,DOM,CHN,7439
2279365,66,43,1256,2013.0,8664.0,2781445.0,-1.53603,-1.104965,DZA,CHN,7439
2279366,67,43,1256,2013.0,0.0,1935430.0,-0.8251790000000001,-0.9347200000000001,ECU,CHN,7439
2279367,68,43,1256,2013.0,0.0,15033797.0,-0.12015799999999999,1.793363,EGY,CHN,7439
2279368,69,43,1256,2013.0,0.0,640518.0,-0.827263,-0.790848,ERI,CHN,7439
2279369,71,43,1256,2013.0,3681271.0,7498939.0,0.955472,1.80005,ESP,CHN,7439
2279370,72,43,1256,2013.0,50255.0,1010013.0,0.923321,1.290016,EST,CHN,7439
2279371,73,43,1256,2013.0,0.0,696981.0,-1.1373090000000001,-0.89186,ETH,CHN,7439
2279372,74,43,1256,2013.0,5436166.0,5862975.0,1.700282,0.867677,FIN,CHN,7439
2279373,75,43,1256,2013.0,0.0,63600.0,-0.374639,-0.140308,FJI,CHN,7439
2279374,77,43,1256,2013.0,24187820.0,22008428.0,1.5253299999999999,0.026146,FRA,CHN,7439
2279375,80,43,1256,2013.0,0.0,1336486.0,-1.652062,-1.140576,GAB,CHN,7439
2279376,81,43,1256,2013.0,21286550.0,15529608.0,1.628465,0.77075,GBR,CHN,7439
2279377,82,43,1256,2013.0,0.0,206250.0,-0.08343099999999999,-0.359692,GEO,CHN,7439
2279378,83,43,1256,2013.0,0.0,2235850.0,-0.696971,-0.5807939999999999,GHA,CHN,7439
2279379,85,43,1256,2013.0,0.0,117039.0,-1.281072,-1.027585,GIN,CHN,7439
2279380,88,43,1256,2013.0,0.0,3539.0,-1.888843,-0.8988809999999999,GNB,CHN,7439
2279381,89,43,1256,2013.0,0.0,221934.0,-1.7984200000000001,-0.678832,GNQ,CHN,7439
2279382,90,43,1256,2013.0,35660.0,740640.0,0.073442,0.9857899999999999,GRC,CHN,7439
2279383,93,43,1256,2013.0,0.0,2336981.0,-0.220165,0.661111,GTM,CHN,7439
2279384,96,43,1256,2013.0,0.0,27374.0,-0.90241,-0.957449,GUY,CHN,7439
2279385,97,43,1256,2013.0,2280972.0,53878152.0,0.791401,1.249845,HKG,CHN,7439
2279386,99,43,1256,2013.0,0.0,252722.0,-0.6661060000000001,-0.38619699999999996,HND,CHN,7439
2279387,100,43,1256,2013.0,0.0,202043.0,0.8737309999999999,1.276091,HRV,CHN,7439
2279388,101,43,1256,2013.0,0.0,6611.0,-0.627783,-0.8605309999999999,HTI,CHN,7439
2279389,102,43,1256,2013.0,8964246.0,4041180.0,1.6962560000000002,0.45460600000000007,HUN,CHN,7439
2279390,103,43,1256,2013.0,1637823.0,27964564.0,-0.006876999999999999,1.8336569999999999,IDN,CHN,7439
2279391,104,43,1256,2013.0,11738528.0,79260280.0,0.18186,2.647598,IND,CHN,7439
2279392,106,43,1256,2013.0,353485.0,492442.0,1.32787,0.394579,IRL,CHN,7439
2279393,107,43,1256,2013.0,3763.0,12586724.0,-0.23625100000000002,-0.256067,IRN,CHN,7439
2279394,108,43,1256,2013.0,0.0,10234270.0,-3.147217,-0.685991,IRQ,CHN,7439
2279395,109,43,1256,2013.0,0.0,47388.0,0.284089,-0.164097,ISL,CHN,7439
2279396,110,43,1256,2013.0,2078154.0,7384126.0,1.0247629999999999,0.8261639999999999,ISR,CHN,7439
2279397,111,43,1256,2013.0,24471562.0,20884166.0,1.419383,-0.304402,ITA,CHN,7439
2279398,112,43,1256,2013.0,0.0,146216.0,-0.364044,-0.744733,JAM,CHN,7439
2279399,113,43,1256,2013.0,0.0,3039210.0,0.1888,0.596867,JOR,CHN,7439
2279400,114,43,1256,2013.0,157060080.0,85684424.0,2.333417,-0.818701,JPN,CHN,7439
2279401,115,43,1256,2013.0,0.0,10803813.0,-0.9193819999999999,-0.734194,KAZ,CHN,7439
2279402,116,43,1256,2013.0,0.0,861279.0,-0.303119,0.626786,KEN,CHN,7439
2279403,117,43,1256,2013.0,0.0,549610.0,0.25090500000000004,0.7357279999999999,KGZ,CHN,7439
2279404,118,43,1256,2013.0,0.0,3298188.0,-0.634876,-0.714886,KHM,CHN,7439
2279405,121,43,1256,2013.0,82654920.0,46791428.0,1.817145,0.835414,KOR,CHN,7439
2279406,122,43,1256,2013.0,0.0,2165368.0,-1.198985,-1.057248,KWT,CHN,7439
2279407,123,43,1256,2013.0,0.0,1558782.0,-0.907169,-0.587529,LAO,CHN,7439
2279408,124,43,1256,2013.0,3058.0,1083986.0,0.37392800000000004,1.413136,LBN,CHN,7439
2279409,125,43,1256,2013.0,0.0,50178.0,-0.8343229999999999,-0.992129,LBR,CHN,7439
2279410,126,43,1256,2013.0,0.0,1176458.0,-1.871593,-1.1211790000000001,LBY,CHN,7439
2279411,128,43,1256,2013.0,0.0,3135153.0,-0.320583,0.44462399999999996,LKA,CHN,7439
2279412,129,43,1256,2013.0,0.0,62889.0,-0.726902,-0.8200930000000001,LSO,CHN,7439
2279413,130,43,1256,2013.0,3199.0,4540001.0,0.677986,1.29227,LTU,CHN,7439
2279414,131,43,1256,2013.0,59976.0,15370.0,1.0110190000000001,1.123226,LUX,CHN,7439
2279415,132,43,1256,2013.0,2087.0,2353730.0,0.652463,1.299917,LVA,CHN,7439
2279416,133,43,1256,2013.0,0.0,1037767.0,0.43873,0.275559,MAC,CHN,7439
2279417,134,43,1256,2013.0,0.0,2958548.0,-0.474872,0.178118,MAR,CHN,7439
2279418,135,43,1256,2013.0,0.0,34783.0,0.14256,0.33920700000000004,MDA,CHN,7439
2279419,136,43,1256,2013.0,0.0,125613.0,-0.786091,-0.611478,MDG,CHN,7439
2279420,137,43,1256,2013.0,0.0,142788.0,-0.510204,-0.740372,MDV,CHN,7439
2279421,138,43,1256,2013.0,18125972.0,11176502.0,1.2327219999999999,0.746108,MEX,CHN,7439
2279422,140,43,1256,2013.0,0.0,3688.0,-0.127775,0.21915900000000002,MKD,CHN,7439
2279423,141,43,1256,2013.0,0.0,33507.0,-1.046677,-0.980809,MLI,CHN,7439
2279424,142,43,1256,2013.0,0.0,146975.0,0.710108,-0.014586000000000002,MLT,CHN,7439
2279425,143,43,1256,2013.0,0.0,2123214.0,-1.147086,-0.6888989999999999,MMR,CHN,7439
2279426,144,43,1256,2013.0,0.0,4543.0,0.09597,-0.019953,MNE,CHN,7439
2279427,145,43,1256,2013.0,0.0,3836534.0,-1.264785,-1.133222,MNG,CHN,7439
2279428,147,43,1256,2013.0,0.0,318633.0,-1.131512,-0.8923840000000001,MOZ,CHN,7439
2279429,148,43,1256,2013.0,0.0,154164.0,-1.681152,-1.2712350000000001,MRT,CHN,7439
2279430,151,43,1256,2013.0,0.0,75460.0,-0.092312,0.050927,MUS,CHN,7439
2279431,152,43,1256,2013.0,0.0,1859.0,-0.802763,-0.8101470000000001,MWI,CHN,7439
2279432,153,43,1256,2013.0,1695932.0,41269948.0,0.924532,0.671334,MYS,CHN,7439
2279433,155,43,1256,2013.0,0.0,56555.0,-0.316805,-0.38759099999999996,NAM,CHN,7439
2279434,156,43,1256,2013.0,0.0,71399.0,-0.262882,-0.63858,NCL,CHN,7439
2279435,157,43,1256,2013.0,0.0,210629.0,-1.0008350000000001,-0.8325670000000001,NER,CHN,7439
2279436,159,43,1256,2013.0,0.0,17601366.0,-1.679402,-1.14686,NGA,CHN,7439
2279437,160,43,1256,2013.0,0.0,5569.0,-0.7956479999999999,-0.596061,NIC,CHN,7439
2279438,162,43,1256,2013.0,18617586.0,15684482.0,1.012006,1.441545,NLD,CHN,7439
2279439,163,43,1256,2013.0,1661986.0,1030447.0,0.710901,0.062705,NOR,CHN,7439
2279440,164,43,1256,2013.0,0.0,329870.0,-0.08623,0.5143939999999999,NPL,CHN,7439
2279441,166,43,1256,2013.0,33052.0,1817598.0,0.192237,0.429825,NZL,CHN,7439
2279442,167,43,1256,2013.0,0.0,306760.0,-0.698693,-1.030814,OMN,CHN,7439
2279443,168,43,1256,2013.0,0.0,4272361.0,-0.697224,0.501576,PAK,CHN,7439
2279444,169,43,1256,2013.0,0.0,2221486.0,0.8719819999999999,1.038982,PAN,CHN,7439
2279445,173,43,1256,2013.0,0.0,6272510.0,-0.640044,0.121772,PER,CHN,7439
2279446,174,43,1256,2013.0,7605624.0,11202336.0,0.639083,0.45816899999999994,PHL,CHN,7439
2279447,176,43,1256,2013.0,0.0,204241.0,-1.508233,-1.163478,PNG,CHN,7439
2279448,177,43,1256,2013.0,888695.0,14360384.0,1.11341,0.975734,POL,CHN,7439
2279449,178,43,1256,2013.0,0.0,404272.0,-0.304923,-0.301578,PRK,CHN,7439
2279450,179,43,1256,2013.0,33349.0,859668.0,0.705087,2.2055580000000004,PRT,CHN,7439
2279451,180,43,1256,2013.0,0.0,344583.0,-0.560661,-0.822876,PRY,CHN,7439
2279452,181,43,1256,2013.0,0.0,13369.0,0.103716,0.762259,PSE,CHN,7439
2279453,182,43,1256,2013.0,0.0,2394.0,-0.118172,-0.620256,PYF,CHN,7439
2279454,183,43,1256,2013.0,0.0,788624.0,-0.583609,-1.003754,QAT,CHN,7439
2279455,185,43,1256,2013.0,253950.0,691971.0,1.05722,1.0968799999999999,ROU,CHN,7439
2279456,186,43,1256,2013.0,24043.0,33806944.0,-0.08233,-0.267781,RUS,CHN,7439
2279457,187,43,1256,2013.0,0.0,197382.0,-0.535446,-0.662881,RWA,CHN,7439
2279458,188,43,1256,2013.0,2353.0,12714490.0,-0.14823599999999998,-0.883965,SAU,CHN,7439
2279459,190,43,1256,2013.0,0.0,1236346.0,-1.224897,-1.059517,SDN,CHN,7439
2279460,191,43,1256,2013.0,0.0,146806.0,-0.566624,-0.185277,SEN,CHN,7439
2279461,192,43,1256,2013.0,17966324.0,19388004.0,1.844685,0.639379,SGP,CHN,7439
2279462,195,43,1256,2013.0,0.0,3503.0,-1.092566,-0.7936310000000001,SLB,CHN,7439
2279463,196,43,1256,2013.0,0.0,78923.0,-0.42937700000000006,-0.529857,SLE,CHN,7439
2279464,197,43,1256,2013.0,0.0,178188.0,0.104046,0.46966,SLV,CHN,7439
2279465,199,43,1256,2013.0,0.0,5160.0,-0.9790979999999999,-0.8632620000000001,SOM,CHN,7439
2279466,201,43,1256,2013.0,0.0,2620653.0,0.609755,1.355304,SRB,CHN,7439
2279467,202,43,1256,2013.0,0.0,22857.0,-2.285908,-0.696735,SSD,CHN,7439
2279468,205,43,1256,2013.0,0.0,56617.0,-0.25729,-0.651541,SUR,CHN,7439
2279469,206,43,1256,2013.0,11459782.0,434471.0,1.510052,0.7060310000000001,SVK,CHN,7439
2279470,207,43,1256,2013.0,58836.0,1691812.0,1.55922,0.565874,SVN,CHN,7439
2279471,208,43,1256,2013.0,23411602.0,4451758.0,1.7851290000000002,0.182623,SWE,CHN,7439
2279472,211,43,1256,2013.0,0.0,4243.0,0.06901,-0.438229,SYC,CHN,7439
2279473,212,43,1256,2013.0,0.0,153916.0,-0.09157699999999999,1.1795950000000002,SYR,CHN,7439
2279474,214,43,1256,2013.0,0.0,237691.0,-2.89356,-0.879919,TCD,CHN,7439
2279475,215,43,1256,2013.0,0.0,425294.0,-0.532095,-0.434276,TGO,CHN,7439
2279476,216,43,1256,2013.0,3040998.0,27408942.0,1.067287,1.2767110000000002,THA,CHN,7439
2279477,217,43,1256,2013.0,0.0,2568954.0,-1.117246,-1.1638600000000001,TJK,CHN,7439
2279478,219,43,1256,2013.0,0.0,14881167.0,-1.174981,-1.14869,TKM,CHN,7439
2279479,220,43,1256,2013.0,0.0,8968.0,-0.5989939999999999,-0.649891,TLS,CHN,7439
2279480,222,43,1256,2013.0,0.0,264400.0,-0.399437,-1.047864,TTO,CHN,7439
2279481,223,43,1256,2013.0,25676.0,2673132.0,0.40154,0.902177,TUN,CHN,7439
2279482,224,43,1256,2013.0,64096.0,31797000.0,0.580016,2.394812,TUR,CHN,7439
2279483,226,43,1256,2013.0,0.0,903404.0,-0.654655,0.903574,TZA,CHN,7439
2279484,227,43,1256,2013.0,0.0,108776.0,-0.46170100000000003,0.652878,UGA,CHN,7439
2279485,228,43,1256,2013.0,546998.0,5120118.0,0.535571,1.026263,UKR,CHN,7439
2279486,230,43,1256,2013.0,0.0,406906.0,0.128825,0.02334,URY,CHN,7439
2279487,231,43,1256,2013.0,227021392.0,180087216.0,1.612058,-0.8592989999999999,USA,CHN,7439
2279488,232,43,1256,2013.0,0.0,531592.0,-0.7076319999999999,-0.645674,UZB,CHN,7439
2279489,236,43,1256,2013.0,0.0,1681185.0,-1.281202,-1.094268,VEN,CHN,7439
2279490,239,43,1256,2013.0,677417.0,51060224.0,0.009264,1.182368,VNM,CHN,7439
2279491,243,43,1256,2013.0,0.0,345221.0,-1.2788700000000002,-1.230713,YEM,CHN,7439
2279492,246,43,1256,2013.0,9238615.0,10594275.0,0.11624100000000001,1.574591,ZAF,CHN,7439
2279493,247,43,1256,2013.0,0.0,7920902.0,-0.293192,-0.42930100000000004,ZMB,CHN,7439
2279494,248,43,1256,2013.0,0.0,214688.0,-0.841968,-0.898121,ZWE,CHN,7439
2279495,249,43,1256,2013.0,17949566.0,40474912.0,1.7382849999999999,0.9917739999999999,TWN,CHN,7439
2279496,250,43,1256,2013.0,28641.0,0.0,0.583151,0.14238299999999998,ANS,CHN,7439
2279497,8,49,1256,2013.0,52113.0,28927.0,0.042829,0.461002,ARG,COL,7439
2279498,14,49,1256,2013.0,30985.0,2173.0,-0.63369,-0.276328,AUS,COL,7439
2279499,15,49,1256,2013.0,115364.0,0.0,1.855434,-1.06494,AUT,COL,7439
2279500,18,49,1256,2013.0,321598.0,0.0,1.198491,1.117268,BEL,COL,7439
2279501,31,49,1256,2013.0,0.0,7097.0,-1.1429610000000001,-1.0076120000000002,BOL,COL,7439
2279502,32,49,1256,2013.0,2784820.0,947420.0,0.2804,0.649729,BRA,COL,7439
2279503,39,49,1256,2013.0,178606.0,19483.0,0.599305,1.193591,CAN,COL,7439
2279504,41,49,1256,2013.0,414387.0,0.0,2.0899229999999998,0.661667,CHE,COL,7439
2279505,42,49,1256,2013.0,124690.0,29732.0,-0.184556,-0.238657,CHL,COL,7439
2279506,43,49,1256,2013.0,5332881.0,0.0,1.24864,0.667713,CHN,COL,7439
2279507,52,49,1256,2013.0,0.0,44538.0,0.208669,-0.54783,CRI,COL,7439
2279508,59,49,1256,2013.0,91638.0,0.0,1.829509,-0.41787700000000005,CZE,COL,7439
2279509,61,49,1256,2013.0,3604082.0,6599.0,2.1086869999999998,-3.7092,DEU,COL,7439
2279510,64,49,1256,2013.0,100931.0,0.0,1.190302,1.062991,DNK,COL,7439
2279511,65,49,1256,2013.0,0.0,51971.0,-0.272579,0.42750699999999997,DOM,COL,7439
2279512,67,49,1256,2013.0,15057.0,455467.0,-0.8251790000000001,-0.9347200000000001,ECU,COL,7439
2279513,71,49,1256,2013.0,266721.0,0.0,0.955472,1.80005,ESP,COL,7439
2279514,72,49,1256,2013.0,2715.0,0.0,0.923321,1.290016,EST,COL,7439
2279515,74,49,1256,2013.0,207129.0,0.0,1.700282,0.867677,FIN,COL,7439
2279516,77,49,1256,2013.0,1201805.0,0.0,1.5253299999999999,0.026146,FRA,COL,7439
2279517,81,49,1256,2013.0,137623.0,0.0,1.628465,0.77075,GBR,COL,7439
2279518,82,49,1256,2013.0,13968.0,0.0,-0.08343099999999999,-0.359692,GEO,COL,7439
2279519,93,49,1256,2013.0,0.0,233078.0,-0.220165,0.661111,GTM,COL,7439
2279520,97,49,1256,2013.0,7273.0,0.0,0.791401,1.249845,HKG,COL,7439
2279521,99,49,1256,2013.0,0.0,37277.0,-0.6661060000000001,-0.38619699999999996,HND,COL,7439
2279522,102,49,1256,2013.0,5591.0,0.0,1.6962560000000002,0.45460600000000007,HUN,COL,7439
2279523,104,49,1256,2013.0,661108.0,1020.0,0.18186,2.647598,IND,COL,7439
2279524,106,49,1256,2013.0,97263.0,0.0,1.32787,0.394579,IRL,COL,7439
2279525,110,49,1256,2013.0,2147930.0,0.0,1.0247629999999999,0.8261639999999999,ISR,COL,7439
2279526,111,49,1256,2013.0,899568.0,0.0,1.419383,-0.304402,ITA,COL,7439
2279527,114,49,1256,2013.0,1750250.0,0.0,2.333417,-0.818701,JPN,COL,7439
2279528,121,49,1256,2013.0,2060481.0,0.0,1.817145,0.835414,KOR,COL,7439
2279529,138,49,1256,2013.0,1736035.0,127079.0,1.2327219999999999,0.746108,MEX,COL,7439
2279530,153,49,1256,2013.0,64801.0,0.0,0.924532,0.671334,MYS,COL,7439
2279531,162,49,1256,2013.0,844849.0,0.0,1.012006,1.441545,NLD,COL,7439
2279532,163,49,1256,2013.0,5258.0,0.0,0.710901,0.062705,NOR,COL,7439
2279533,166,49,1256,2013.0,82331.0,0.0,0.192237,0.429825,NZL,COL,7439
2279534,169,49,1256,2013.0,4888.0,22422.0,0.8719819999999999,1.038982,PAN,COL,7439
2279535,173,49,1256,2013.0,43206.0,135938.0,-0.640044,0.121772,PER,COL,7439
2279536,174,49,1256,2013.0,5504.0,0.0,0.639083,0.45816899999999994,PHL,COL,7439
2279537,177,49,1256,2013.0,13137.0,0.0,1.11341,0.975734,POL,COL,7439
2279538,178,49,1256,2013.0,32307.0,0.0,-0.304923,-0.301578,PRK,COL,7439
2279539,179,49,1256,2013.0,4635.0,0.0,0.705087,2.2055580000000004,PRT,COL,7439
2279540,185,49,1256,2013.0,7388.0,0.0,1.05722,1.0968799999999999,ROU,COL,7439
2279541,186,49,1256,2013.0,9799.0,0.0,-0.08233,-0.267781,RUS,COL,7439
2279542,192,49,1256,2013.0,81872.0,0.0,1.844685,0.639379,SGP,COL,7439
2279543,197,49,1256,2013.0,0.0,12311.0,0.104046,0.46966,SLV,COL,7439
2279544,206,49,1256,2013.0,35782.0,0.0,1.510052,0.7060310000000001,SVK,COL,7439
2279545,207,49,1256,2013.0,29959.0,0.0,1.55922,0.565874,SVN,COL,7439
2279546,208,49,1256,2013.0,121404.0,0.0,1.7851290000000002,0.182623,SWE,COL,7439
2279547,216,49,1256,2013.0,535523.0,0.0,1.067287,1.2767110000000002,THA,COL,7439
2279548,223,49,1256,2013.0,8927.0,0.0,0.40154,0.902177,TUN,COL,7439
2279549,224,49,1256,2013.0,24046.0,0.0,0.580016,2.394812,TUR,COL,7439
2279550,228,49,1256,2013.0,3631.0,0.0,0.535571,1.026263,UKR,COL,7439
2279551,231,49,1256,2013.0,20155698.0,72603.0,1.612058,-0.8592989999999999,USA,COL,7439
2279552,236,49,1256,2013.0,0.0,277528.0,-1.281202,-1.094268,VEN,COL,7439
2279553,246,49,1256,2013.0,1248.0,0.0,0.11624100000000001,1.574591,ZAF,COL,7439
2279554,249,49,1256,2013.0,124176.0,0.0,1.7382849999999999,0.9917739999999999,TWN,COL,7439
2279555,250,49,1256,2013.0,38744.0,0.0,0.583151,0.14238299999999998,ANS,COL,7439
2279556,8,52,1256,2013.0,10783.0,0.0,0.042829,0.461002,ARG,CRI,7439
2279557,15,52,1256,2013.0,2073.0,0.0,1.855434,-1.06494,AUT,CRI,7439
2279558,18,52,1256,2013.0,1574.0,0.0,1.198491,1.117268,BEL,CRI,7439
2279559,32,52,1256,2013.0,254803.0,67897.0,0.2804,0.649729,BRA,CRI,7439
2279560,39,52,1256,2013.0,66610.0,0.0,0.599305,1.193591,CAN,CRI,7439
2279561,41,52,1256,2013.0,26732.0,0.0,2.0899229999999998,0.661667,CHE,CRI,7439
2279562,42,52,1256,2013.0,4138.0,0.0,-0.184556,-0.238657,CHL,CRI,7439
2279563,43,52,1256,2013.0,686734.0,604742.0,1.24864,0.667713,CHN,CRI,7439
2279564,49,52,1256,2013.0,44538.0,0.0,0.034491,-0.36975,COL,CRI,7439
2279565,59,52,1256,2013.0,3365.0,0.0,1.829509,-0.41787700000000005,CZE,CRI,7439
2279566,61,52,1256,2013.0,763810.0,1206568.0,2.1086869999999998,-3.7092,DEU,CRI,7439
2279567,64,52,1256,2013.0,4999.0,0.0,1.190302,1.062991,DNK,CRI,7439
2279568,65,52,1256,2013.0,0.0,1613.0,-0.272579,0.42750699999999997,DOM,CRI,7439
2279569,71,52,1256,2013.0,13377.0,0.0,0.955472,1.80005,ESP,CRI,7439
2279570,74,52,1256,2013.0,4347.0,0.0,1.700282,0.867677,FIN,CRI,7439
2279571,77,52,1256,2013.0,60602.0,0.0,1.5253299999999999,0.026146,FRA,CRI,7439
2279572,81,52,1256,2013.0,28324.0,0.0,1.628465,0.77075,GBR,CRI,7439
2279573,93,52,1256,2013.0,39134.0,15752.0,-0.220165,0.661111,GTM,CRI,7439
2279574,97,52,1256,2013.0,1117.0,0.0,0.791401,1.249845,HKG,CRI,7439
2279575,104,52,1256,2013.0,18902.0,0.0,0.18186,2.647598,IND,CRI,7439
2279576,110,52,1256,2013.0,33802.0,0.0,1.0247629999999999,0.8261639999999999,ISR,CRI,7439
2279577,111,52,1256,2013.0,275243.0,3885.0,1.419383,-0.304402,ITA,CRI,7439
2279578,114,52,1256,2013.0,473154.0,0.0,2.333417,-0.818701,JPN,CRI,7439
2279579,121,52,1256,2013.0,79707.0,0.0,1.817145,0.835414,KOR,CRI,7439
2279580,138,52,1256,2013.0,146250.0,0.0,1.2327219999999999,0.746108,MEX,CRI,7439
2279581,153,52,1256,2013.0,11373.0,43229.0,0.924532,0.671334,MYS,CRI,7439
2279582,160,52,1256,2013.0,64106.0,4768.0,-0.7956479999999999,-0.596061,NIC,CRI,7439
2279583,162,52,1256,2013.0,2159.0,1445.0,1.012006,1.441545,NLD,CRI,7439
2279584,169,52,1256,2013.0,5719.0,3629.0,0.8719819999999999,1.038982,PAN,CRI,7439
2279585,173,52,1256,2013.0,1249.0,1702.0,-0.640044,0.121772,PER,CRI,7439
2279586,174,52,1256,2013.0,9633.0,0.0,0.639083,0.45816899999999994,PHL,CRI,7439
2279587,177,52,1256,2013.0,6328.0,0.0,1.11341,0.975734,POL,CRI,7439
2279588,192,52,1256,2013.0,9274.0,0.0,1.844685,0.639379,SGP,CRI,7439
2279589,197,52,1256,2013.0,1709.0,0.0,0.104046,0.46966,SLV,CRI,7439
2279590,208,52,1256,2013.0,7487.0,0.0,1.7851290000000002,0.182623,SWE,CRI,7439
2279591,216,52,1256,2013.0,6161.0,0.0,1.067287,1.2767110000000002,THA,CRI,7439
2279592,231,52,1256,2013.0,2180804.0,67843.0,1.612058,-0.8592989999999999,USA,CRI,7439
2279593,249,52,1256,2013.0,29891.0,0.0,1.7382849999999999,0.9917739999999999,TWN,CRI,7439
2279594,32,55,1256,2013.0,1747.0,0.0,0.2804,0.649729,BRA,CUW,7439
2279595,43,55,1256,2013.0,95519.0,0.0,1.24864,0.667713,CHN,CUW,7439
2279596,61,55,1256,2013.0,454314.0,0.0,2.1086869999999998,-3.7092,DEU,CUW,7439
2279597,71,55,1256,2013.0,5396.0,0.0,0.955472,1.80005,ESP,CUW,7439
2279598,77,55,1256,2013.0,43278.0,0.0,1.5253299999999999,0.026146,FRA,CUW,7439
2279599,114,55,1256,2013.0,36202.0,0.0,2.333417,-0.818701,JPN,CUW,7439
2279600,153,55,1256,2013.0,3609.0,0.0,0.924532,0.671334,MYS,CUW,7439
2279601,162,55,1256,2013.0,90185.0,2078.0,1.012006,1.441545,NLD,CUW,7439
2279602,163,55,1256,2013.0,7196.0,0.0,0.710901,0.062705,NOR,CUW,7439
2279603,169,55,1256,2013.0,2003.0,0.0,0.8719819999999999,1.038982,PAN,CUW,7439
2279604,174,55,1256,2013.0,108875.0,0.0,0.639083,0.45816899999999994,PHL,CUW,7439
2279605,177,55,1256,2013.0,5189.0,0.0,1.11341,0.975734,POL,CUW,7439
2279606,208,55,1256,2013.0,7255.0,0.0,1.7851290000000002,0.182623,SWE,CUW,7439
2279607,216,55,1256,2013.0,1660.0,0.0,1.067287,1.2767110000000002,THA,CUW,7439
2279608,224,55,1256,2013.0,12267.0,0.0,0.580016,2.394812,TUR,CUW,7439
2279609,231,55,1256,2013.0,846498.0,0.0,1.612058,-0.8592989999999999,USA,CUW,7439
2279610,236,55,1256,2013.0,1138.0,237759.0,-1.281202,-1.094268,VEN,CUW,7439
2279611,249,55,1256,2013.0,21081.0,0.0,1.7382849999999999,0.9917739999999999,TWN,CUW,7439
2279612,7,59,1256,2013.0,0.0,1269974.0,-0.338417,-0.754102,ARE,CZE,7439
2279613,8,59,1256,2013.0,32704.0,160385.0,0.042829,0.461002,ARG,CZE,7439
2279614,9,59,1256,2013.0,0.0,24187.0,-0.159148,-0.515766,ARM,CZE,7439
2279615,14,59,1256,2013.0,4739.0,567753.0,-0.63369,-0.276328,AUS,CZE,7439
2279616,15,59,1256,2013.0,3776932.0,6449338.0,1.855434,-1.06494,AUT,CZE,7439
2279617,16,59,1256,2013.0,5116.0,261190.0,-1.319766,-1.200648,AZE,CZE,7439
2279618,18,59,1256,2013.0,4371714.0,20169188.0,1.198491,1.117268,BEL,CZE,7439
2279619,23,59,1256,2013.0,145632.0,268469.0,0.622325,1.5506229999999999,BGR,CZE,7439
2279620,24,59,1256,2013.0,0.0,2565.0,0.080634,-0.6828890000000001,BHR,CZE,7439
2279621,26,59,1256,2013.0,1847585.0,132238.0,0.723658,0.9271879999999999,BIH,CZE,7439
2279622,28,59,1256,2013.0,2670.0,164648.0,1.183522,0.934159,BLR,CZE,7439
2279623,31,59,1256,2013.0,0.0,7581.0,-1.1429610000000001,-1.0076120000000002,BOL,CZE,7439
2279624,32,59,1256,2013.0,36871.0,520436.0,0.2804,0.649729,BRA,CZE,7439
2279625,34,59,1256,2013.0,0.0,3437.0,-1.664,-0.663172,BRN,CZE,7439
2279626,39,59,1256,2013.0,34511.0,182987.0,0.599305,1.193591,CAN,CZE,7439
2279627,41,59,1256,2013.0,918929.0,1279674.0,2.0899229999999998,0.661667,CHE,CZE,7439
2279628,42,59,1256,2013.0,2790.0,38187.0,-0.184556,-0.238657,CHL,CZE,7439
2279629,43,59,1256,2013.0,1682577.0,2047570.0,1.24864,0.667713,CHN,CZE,7439
2279630,44,59,1256,2013.0,0.0,4218.0,-1.0025870000000001,-0.901658,CIV,CZE,7439
2279631,45,59,1256,2013.0,0.0,68704.0,-0.93575,-1.003851,CMR,CZE,7439
2279632,49,59,1256,2013.0,0.0,91638.0,0.034491,-0.36975,COL,CZE,7439
2279633,52,59,1256,2013.0,0.0,3365.0,0.208669,-0.54783,CRI,CZE,7439
2279634,58,59,1256,2013.0,1231.0,6473.0,0.36482800000000004,0.527544,CYP,CZE,7439
2279635,61,59,1256,2013.0,65805448.0,78077024.0,2.1086869999999998,-3.7092,DEU,CZE,7439
2279636,64,59,1256,2013.0,1249454.0,938595.0,1.190302,1.062991,DNK,CZE,7439
2279637,65,59,1256,2013.0,0.0,3468.0,-0.272579,0.42750699999999997,DOM,CZE,7439
2279638,66,59,1256,2013.0,0.0,36198.0,-1.53603,-1.104965,DZA,CZE,7439
2279639,67,59,1256,2013.0,0.0,12725.0,-0.8251790000000001,-0.9347200000000001,ECU,CZE,7439
2279640,68,59,1256,2013.0,0.0,199356.0,-0.12015799999999999,1.793363,EGY,CZE,7439
2279641,71,59,1256,2013.0,2369332.0,2015600.0,0.955472,1.80005,ESP,CZE,7439
2279642,72,59,1256,2013.0,10884.0,403155.0,0.923321,1.290016,EST,CZE,7439
2279643,73,59,1256,2013.0,0.0,3267.0,-1.1373090000000001,-0.89186,ETH,CZE,7439
2279644,74,59,1256,2013.0,1047492.0,872893.0,1.700282,0.867677,FIN,CZE,7439
2279645,77,59,1256,2013.0,4434491.0,10437996.0,1.5253299999999999,0.026146,FRA,CZE,7439
2279646,81,59,1256,2013.0,6733914.0,5453868.0,1.628465,0.77075,GBR,CZE,7439
2279647,82,59,1256,2013.0,4323.0,235126.0,-0.08343099999999999,-0.359692,GEO,CZE,7439
2279648,83,59,1256,2013.0,0.0,73971.0,-0.696971,-0.5807939999999999,GHA,CZE,7439
2279649,85,59,1256,2013.0,0.0,8840.0,-1.281072,-1.027585,GIN,CZE,7439
2279650,90,59,1256,2013.0,188332.0,112707.0,0.073442,0.9857899999999999,GRC,CZE,7439
2279651,93,59,1256,2013.0,0.0,2512.0,-0.220165,0.661111,GTM,CZE,7439
2279652,97,59,1256,2013.0,13707.0,365199.0,0.791401,1.249845,HKG,CZE,7439
2279653,100,59,1256,2013.0,0.0,79249.0,0.8737309999999999,1.276091,HRV,CZE,7439
2279654,102,59,1256,2013.0,2560940.0,1117172.0,1.6962560000000002,0.45460600000000007,HUN,CZE,7439
2279655,103,59,1256,2013.0,9653.0,98256.0,-0.006876999999999999,1.8336569999999999,IDN,CZE,7439
2279656,104,59,1256,2013.0,108962.0,1491754.0,0.18186,2.647598,IND,CZE,7439
2279657,106,59,1256,2013.0,40321.0,1007284.0,1.32787,0.394579,IRL,CZE,7439
2279658,107,59,1256,2013.0,0.0,593888.0,-0.23625100000000002,-0.256067,IRN,CZE,7439
2279659,108,59,1256,2013.0,0.0,13202.0,-3.147217,-0.685991,IRQ,CZE,7439
2279660,109,59,1256,2013.0,1103.0,10152.0,0.284089,-0.164097,ISL,CZE,7439
2279661,110,59,1256,2013.0,87021.0,595298.0,1.0247629999999999,0.8261639999999999,ISR,CZE,7439
2279662,111,59,1256,2013.0,8511338.0,4674845.0,1.419383,-0.304402,ITA,CZE,7439
2279663,113,59,1256,2013.0,0.0,27731.0,0.1888,0.596867,JOR,CZE,7439
2279664,114,59,1256,2013.0,2339038.0,569926.0,2.333417,-0.818701,JPN,CZE,7439
2279665,115,59,1256,2013.0,0.0,419612.0,-0.9193819999999999,-0.734194,KAZ,CZE,7439
2279666,116,59,1256,2013.0,0.0,4285.0,-0.303119,0.626786,KEN,CZE,7439
2279667,117,59,1256,2013.0,0.0,1069.0,0.25090500000000004,0.7357279999999999,KGZ,CZE,7439
2279668,121,59,1256,2013.0,1542248.0,421426.0,1.817145,0.835414,KOR,CZE,7439
2279669,122,59,1256,2013.0,0.0,31827.0,-1.198985,-1.057248,KWT,CZE,7439
2279670,124,59,1256,2013.0,0.0,52920.0,0.37392800000000004,1.413136,LBN,CZE,7439
2279671,126,59,1256,2013.0,0.0,2757.0,-1.871593,-1.1211790000000001,LBY,CZE,7439
2279672,128,59,1256,2013.0,0.0,5513.0,-0.320583,0.44462399999999996,LKA,CZE,7439
2279673,130,59,1256,2013.0,14822.0,413593.0,0.677986,1.29227,LTU,CZE,7439
2279674,131,59,1256,2013.0,115176.0,22091.0,1.0110190000000001,1.123226,LUX,CZE,7439
2279675,132,59,1256,2013.0,1930.0,200515.0,0.652463,1.299917,LVA,CZE,7439
2279676,134,59,1256,2013.0,0.0,16973.0,-0.474872,0.178118,MAR,CZE,7439
2279677,135,59,1256,2013.0,2177.0,202605.0,0.14256,0.33920700000000004,MDA,CZE,7439
2279678,136,59,1256,2013.0,0.0,1847.0,-0.786091,-0.611478,MDG,CZE,7439
2279679,137,59,1256,2013.0,0.0,37658.0,-0.510204,-0.740372,MDV,CZE,7439
2279680,138,59,1256,2013.0,506232.0,220610.0,1.2327219999999999,0.746108,MEX,CZE,7439
2279681,140,59,1256,2013.0,0.0,2222.0,-0.127775,0.21915900000000002,MKD,CZE,7439
2279682,142,59,1256,2013.0,5844.0,5907.0,0.710108,-0.014586000000000002,MLT,CZE,7439
2279683,144,59,1256,2013.0,0.0,2054.0,0.09597,-0.019953,MNE,CZE,7439
2279684,145,59,1256,2013.0,0.0,5593.0,-1.264785,-1.133222,MNG,CZE,7439
2279685,151,59,1256,2013.0,0.0,23970.0,-0.092312,0.050927,MUS,CZE,7439
2279686,153,59,1256,2013.0,57788.0,54457.0,0.924532,0.671334,MYS,CZE,7439
2279687,154,59,1256,2013.0,0.0,34100.0,0.652359,-0.525881,MYT,CZE,7439
2279688,156,59,1256,2013.0,0.0,1945.0,-0.262882,-0.63858,NCL,CZE,7439
2279689,157,59,1256,2013.0,0.0,1757.0,-1.0008350000000001,-0.8325670000000001,NER,CZE,7439
2279690,159,59,1256,2013.0,0.0,2617.0,-1.679402,-1.14686,NGA,CZE,7439
2279691,162,59,1256,2013.0,1604987.0,6236824.0,1.012006,1.441545,NLD,CZE,7439
2279692,163,59,1256,2013.0,170112.0,261214.0,0.710901,0.062705,NOR,CZE,7439
2279693,164,59,1256,2013.0,0.0,3923.0,-0.08623,0.5143939999999999,NPL,CZE,7439
2279694,166,59,1256,2013.0,0.0,68787.0,0.192237,0.429825,NZL,CZE,7439
2279695,167,59,1256,2013.0,0.0,152177.0,-0.698693,-1.030814,OMN,CZE,7439
2279696,168,59,1256,2013.0,0.0,10727.0,-0.697224,0.501576,PAK,CZE,7439
2279697,169,59,1256,2013.0,0.0,2138.0,0.8719819999999999,1.038982,PAN,CZE,7439
2279698,173,59,1256,2013.0,0.0,2031168.0,-0.640044,0.121772,PER,CZE,7439
2279699,174,59,1256,2013.0,7574.0,0.0,0.639083,0.45816899999999994,PHL,CZE,7439
2279700,177,59,1256,2013.0,3301778.0,2398138.0,1.11341,0.975734,POL,CZE,7439
2279701,178,59,1256,2013.0,3273.0,0.0,-0.304923,-0.301578,PRK,CZE,7439
2279702,179,59,1256,2013.0,10814.0,27353.0,0.705087,2.2055580000000004,PRT,CZE,7439
2279703,181,59,1256,2013.0,0.0,4295.0,0.103716,0.762259,PSE,CZE,7439
2279704,183,59,1256,2013.0,0.0,24837.0,-0.583609,-1.003754,QAT,CZE,7439
2279705,185,59,1256,2013.0,124560.0,1957318.0,1.05722,1.0968799999999999,ROU,CZE,7439
2279706,186,59,1256,2013.0,17934.0,5309801.0,-0.08233,-0.267781,RUS,CZE,7439
2279707,188,59,1256,2013.0,0.0,76730.0,-0.14823599999999998,-0.883965,SAU,CZE,7439
2279708,190,59,1256,2013.0,0.0,15757.0,-1.224897,-1.059517,SDN,CZE,7439
2279709,191,59,1256,2013.0,0.0,1127.0,-0.566624,-0.185277,SEN,CZE,7439
2279710,192,59,1256,2013.0,2675.0,210655.0,1.844685,0.639379,SGP,CZE,7439
2279711,201,59,1256,2013.0,14279.0,254625.0,0.609755,1.355304,SRB,CZE,7439
2279712,206,59,1256,2013.0,7391146.0,19162622.0,1.510052,0.7060310000000001,SVK,CZE,7439
2279713,207,59,1256,2013.0,98566.0,390619.0,1.55922,0.565874,SVN,CZE,7439
2279714,208,59,1256,2013.0,2130530.0,6475948.0,1.7851290000000002,0.182623,SWE,CZE,7439
2279715,215,59,1256,2013.0,0.0,3877.0,-0.532095,-0.434276,TGO,CZE,7439
2279716,216,59,1256,2013.0,71456.0,145240.0,1.067287,1.2767110000000002,THA,CZE,7439
2279717,219,59,1256,2013.0,0.0,37487.0,-1.174981,-1.14869,TKM,CZE,7439
2279718,223,59,1256,2013.0,89696.0,12636.0,0.40154,0.902177,TUN,CZE,7439
2279719,224,59,1256,2013.0,985926.0,9876255.0,0.580016,2.394812,TUR,CZE,7439
2279720,227,59,1256,2013.0,0.0,12104.0,-0.46170100000000003,0.652878,UGA,CZE,7439
2279721,228,59,1256,2013.0,251382.0,4368624.0,0.535571,1.026263,UKR,CZE,7439
2279722,230,59,1256,2013.0,0.0,1573.0,0.128825,0.02334,URY,CZE,7439
2279723,231,59,1256,2013.0,641088.0,3176853.0,1.612058,-0.8592989999999999,USA,CZE,7439
2279724,232,59,1256,2013.0,0.0,18860.0,-0.7076319999999999,-0.645674,UZB,CZE,7439
2279725,239,59,1256,2013.0,0.0,24102.0,0.009264,1.182368,VNM,CZE,7439
2279726,243,59,1256,2013.0,0.0,3273.0,-1.2788700000000002,-1.230713,YEM,CZE,7439
2279727,246,59,1256,2013.0,2394561.0,523964.0,0.11624100000000001,1.574591,ZAF,CZE,7439
2279728,247,59,1256,2013.0,0.0,27934.0,-0.293192,-0.42930100000000004,ZMB,CZE,7439
2279729,248,59,1256,2013.0,0.0,1062.0,-0.841968,-0.898121,ZWE,CZE,7439
2279730,249,59,1256,2013.0,124902.0,71554.0,1.7382849999999999,0.9917739999999999,TWN,CZE,7439
2279731,250,59,1256,2013.0,40440.0,0.0,0.583151,0.14238299999999998,ANS,CZE,7439
2279732,0,61,1256,2013.0,0.0,116931.0,0.598533,0.032199,ABW,DEU,7439
2279733,1,61,1256,2013.0,0.0,112972.0,-0.767212,-0.6506069999999999,AFG,DEU,7439
2279734,2,61,1256,2013.0,0.0,499335.0,-1.240877,-1.073797,AGO,DEU,7439
2279735,4,61,1256,2013.0,0.0,720900.0,-0.44779300000000005,-0.13181700000000002,ALB,DEU,7439
2279736,5,61,1256,2013.0,0.0,4147.0,0.874025,0.09135599999999999,AND,DEU,7439
2279737,7,61,1256,2013.0,100469.0,32163852.0,-0.338417,-0.754102,ARE,DEU,7439
2279738,8,61,1256,2013.0,1376658.0,9288410.0,0.042829,0.461002,ARG,DEU,7439
2279739,9,61,1256,2013.0,0.0,408931.0,-0.159148,-0.515766,ARM,DEU,7439
2279740,12,61,1256,2013.0,0.0,3539.0,0.491782,-0.418646,ATF,DEU,7439
2279741,13,61,1256,2013.0,0.0,10251.0,0.25821500000000003,-0.383761,ATG,DEU,7439
2279742,14,61,1256,2013.0,556303.0,17711988.0,-0.63369,-0.276328,AUS,DEU,7439
2279743,15,61,1256,2013.0,171856416.0,110873992.0,1.855434,-1.06494,AUT,DEU,7439
2279744,16,61,1256,2013.0,0.0,1691520.0,-1.319766,-1.200648,AZE,DEU,7439
2279745,17,61,1256,2013.0,0.0,58482.0,-0.602481,-0.6338689999999999,BDI,DEU,7439
2279746,18,61,1256,2013.0,34607852.0,127162352.0,1.198491,1.117268,BEL,DEU,7439
2279747,19,61,1256,2013.0,0.0,107243.0,-0.924213,-0.8181390000000001,BEN,DEU,7439
2279748,21,61,1256,2013.0,0.0,105910.0,-0.7231029999999999,-0.736291,BFA,DEU,7439
2279749,22,61,1256,2013.0,0.0,1629237.0,-0.835666,-0.8088810000000001,BGD,DEU,7439
2279750,23,61,1256,2013.0,1723416.0,7045928.0,0.622325,1.5506229999999999,BGR,DEU,7439
2279751,24,61,1256,2013.0,0.0,631322.0,0.080634,-0.6828890000000001,BHR,DEU,7439
2279752,25,61,1256,2013.0,0.0,171087.0,0.496435,-0.324394,BHS,DEU,7439
2279753,26,61,1256,2013.0,9977197.0,2578098.0,0.723658,0.9271879999999999,BIH,DEU,7439
2279754,28,61,1256,2013.0,2680.0,9108899.0,1.183522,0.934159,BLR,DEU,7439
2279755,29,61,1256,2013.0,0.0,5332.0,-0.459154,-0.465912,BLZ,DEU,7439
2279756,30,61,1256,2013.0,0.0,34462.0,1.020753,-0.10180399999999999,BMU,DEU,7439
2279757,31,61,1256,2013.0,0.0,675650.0,-1.1429610000000001,-1.0076120000000002,BOL,DEU,7439
2279758,32,61,1256,2013.0,1822358.0,39103368.0,0.2804,0.649729,BRA,DEU,7439
2279759,33,61,1256,2013.0,0.0,42855.0,0.607845,0.09196,BRB,DEU,7439
2279760,34,61,1256,2013.0,0.0,72985.0,-1.664,-0.663172,BRN,DEU,7439
2279761,35,61,1256,2013.0,0.0,13149.0,-0.026632999999999997,-0.608414,BTN,DEU,7439
2279762,37,61,1256,2013.0,0.0,27774.0,-0.677782,-1.0888149999999999,BWA,DEU,7439
2279763,39,61,1256,2013.0,2335565.0,14200401.0,0.599305,1.193591,CAN,DEU,7439
2279764,41,61,1256,2013.0,91878992.0,66869788.0,2.0899229999999998,0.661667,CHE,DEU,7439
2279765,42,61,1256,2013.0,188698.0,8759909.0,-0.184556,-0.238657,CHL,DEU,7439
2279766,43,61,1256,2013.0,38221828.0,182083376.0,1.24864,0.667713,CHN,DEU,7439
2279767,44,61,1256,2013.0,247398.0,312999.0,-1.0025870000000001,-0.901658,CIV,DEU,7439
2279768,45,61,1256,2013.0,0.0,1199207.0,-0.93575,-1.003851,CMR,DEU,7439
2279769,46,61,1256,2013.0,0.0,1625022.0,-1.450075,-1.115916,COD,DEU,7439
2279770,47,61,1256,2013.0,0.0,198772.0,-1.478461,-1.094509,COG,DEU,7439
2279771,49,61,1256,2013.0,6599.0,3604082.0,0.034491,-0.36975,COL,DEU,7439
2279772,51,61,1256,2013.0,0.0,76329.0,-0.28793,-0.5938319999999999,CPV,DEU,7439
2279773,52,61,1256,2013.0,1206568.0,763810.0,0.208669,-0.54783,CRI,DEU,7439
2279774,54,61,1256,2013.0,0.0,449021.0,-0.31053400000000003,-0.8534280000000001,CUB,DEU,7439
2279775,55,61,1256,2013.0,0.0,454314.0,-0.145402,-0.556962,CUW,DEU,7439
2279776,57,61,1256,2013.0,0.0,30378.0,0.379754,-0.510024,CYM,DEU,7439
2279777,58,61,1256,2013.0,18457.0,1833693.0,0.36482800000000004,0.527544,CYP,DEU,7439
2279778,59,61,1256,2013.0,78077024.0,65805448.0,1.829509,-0.41787700000000005,CZE,DEU,7439
2279779,62,61,1256,2013.0,0.0,31992.0,-0.35226399999999997,-0.542234,DJI,DEU,7439
2279780,64,61,1256,2013.0,12454722.0,30593404.0,1.190302,1.062991,DNK,DEU,7439
2279781,65,61,1256,2013.0,1648.0,422736.0,-0.272579,0.42750699999999997,DOM,DEU,7439
2279782,66,61,1256,2013.0,23995.0,6066368.0,-1.53603,-1.104965,DZA,DEU,7439
2279783,67,61,1256,2013.0,31875.0,1257901.0,-0.8251790000000001,-0.9347200000000001,ECU,DEU,7439
2279784,68,61,1256,2013.0,3765.0,9494766.0,-0.12015799999999999,1.793363,EGY,DEU,7439
2279785,71,61,1256,2013.0,59660252.0,69213536.0,0.955472,1.80005,ESP,DEU,7439
2279786,72,61,1256,2013.0,24269.0,5524138.0,0.923321,1.290016,EST,DEU,7439
2279787,73,61,1256,2013.0,1063.0,467302.0,-1.1373090000000001,-0.89186,ETH,DEU,7439
2279788,74,61,1256,2013.0,2814805.0,29063822.0,1.700282,0.867677,FIN,DEU,7439
2279789,75,61,1256,2013.0,0.0,59815.0,-0.374639,-0.140308,FJI,DEU,7439
2279790,77,61,1256,2013.0,87254608.0,188030656.0,1.5253299999999999,0.026146,FRA,DEU,7439
2279791,78,61,1256,2013.0,0.0,44202.0,-1.059294,-0.799578,FRO,DEU,7439
2279792,80,61,1256,2013.0,0.0,310901.0,-1.652062,-1.140576,GAB,DEU,7439
2279793,81,61,1256,2013.0,55028296.0,128110488.0,1.628465,0.77075,GBR,DEU,7439
2279794,82,61,1256,2013.0,3416.0,1115548.0,-0.08343099999999999,-0.359692,GEO,DEU,7439
2279795,83,61,1256,2013.0,0.0,1561888.0,-0.696971,-0.5807939999999999,GHA,DEU,7439
2279796,84,61,1256,2013.0,0.0,34441.0,0.348423,-0.521683,GIB,DEU,7439
2279797,85,61,1256,2013.0,0.0,83172.0,-1.281072,-1.027585,GIN,DEU,7439
2279798,87,61,1256,2013.0,0.0,7001.0,-0.867648,-0.90786,GMB,DEU,7439
2279799,89,61,1256,2013.0,0.0,74741.0,-1.7984200000000001,-0.678832,GNQ,DEU,7439
2279800,90,61,1256,2013.0,78117.0,11515445.0,0.073442,0.9857899999999999,GRC,DEU,7439
2279801,91,61,1256,2013.0,0.0,4490.0,0.04823,-0.473217,GRD,DEU,7439
2279802,92,61,1256,2013.0,0.0,3753.0,-1.119616,-0.802964,GRL,DEU,7439
2279803,93,61,1256,2013.0,0.0,653551.0,-0.220165,0.661111,GTM,DEU,7439
2279804,95,61,1256,2013.0,0.0,4450.0,0.425936,-0.069886,GUM,DEU,7439
2279805,97,61,1256,2013.0,218133.0,5938055.0,0.791401,1.249845,HKG,DEU,7439
2279806,99,61,1256,2013.0,0.0,223226.0,-0.6661060000000001,-0.38619699999999996,HND,DEU,7439
2279807,100,61,1256,2013.0,857714.0,3087228.0,0.8737309999999999,1.276091,HRV,DEU,7439
2279808,101,61,1256,2013.0,0.0,17604.0,-0.627783,-0.8605309999999999,HTI,DEU,7439
2279809,102,61,1256,2013.0,5039644.0,21950124.0,1.6962560000000002,0.45460600000000007,HUN,DEU,7439
2279810,103,61,1256,2013.0,144708.0,7516133.0,-0.006876999999999999,1.8336569999999999,IDN,DEU,7439
2279811,104,61,1256,2013.0,3766000.0,26749716.0,0.18186,2.647598,IND,DEU,7439
2279812,106,61,1256,2013.0,7197589.0,6095022.0,1.32787,0.394579,IRL,DEU,7439
2279813,107,61,1256,2013.0,4066.0,5143786.0,-0.23625100000000002,-0.256067,IRN,DEU,7439
2279814,108,61,1256,2013.0,0.0,4019356.0,-3.147217,-0.685991,IRQ,DEU,7439
2279815,109,61,1256,2013.0,6622.0,1946900.0,0.284089,-0.164097,ISL,DEU,7439
2279816,110,61,1256,2013.0,2922388.0,12154935.0,1.0247629999999999,0.8261639999999999,ISR,DEU,7439
2279817,111,61,1256,2013.0,53065388.0,138509760.0,1.419383,-0.304402,ITA,DEU,7439
2279818,112,61,1256,2013.0,0.0,256438.0,-0.364044,-0.744733,JAM,DEU,7439
2279819,113,61,1256,2013.0,2028.0,9420269.0,0.1888,0.596867,JOR,DEU,7439
2279820,114,61,1256,2013.0,19545048.0,33794096.0,2.333417,-0.818701,JPN,DEU,7439
2279821,115,61,1256,2013.0,5795.0,5061688.0,-0.9193819999999999,-0.734194,KAZ,DEU,7439
2279822,116,61,1256,2013.0,0.0,1607876.0,-0.303119,0.626786,KEN,DEU,7439
2279823,117,61,1256,2013.0,0.0,53042.0,0.25090500000000004,0.7357279999999999,KGZ,DEU,7439
2279824,118,61,1256,2013.0,0.0,41943.0,-0.634876,-0.714886,KHM,DEU,7439
2279825,121,61,1256,2013.0,5976220.0,87630672.0,1.817145,0.835414,KOR,DEU,7439
2279826,122,61,1256,2013.0,17879.0,5207221.0,-1.198985,-1.057248,KWT,DEU,7439
2279827,123,61,1256,2013.0,0.0,89941.0,-0.907169,-0.587529,LAO,DEU,7439
2279828,124,61,1256,2013.0,0.0,2787784.0,0.37392800000000004,1.413136,LBN,DEU,7439
2279829,125,61,1256,2013.0,0.0,133588.0,-0.8343229999999999,-0.992129,LBR,DEU,7439
2279830,126,61,1256,2013.0,0.0,2816624.0,-1.871593,-1.1211790000000001,LBY,DEU,7439
2279831,127,61,1256,2013.0,0.0,1025.0,0.433648,-0.288346,LCA,DEU,7439
2279832,128,61,1256,2013.0,3306.0,408541.0,-0.320583,0.44462399999999996,LKA,DEU,7439
2279833,129,61,1256,2013.0,0.0,73812.0,-0.726902,-0.8200930000000001,LSO,DEU,7439
2279834,130,61,1256,2013.0,210823.0,6077386.0,0.677986,1.29227,LTU,DEU,7439
2279835,131,61,1256,2013.0,1791122.0,4375694.0,1.0110190000000001,1.123226,LUX,DEU,7439
2279836,132,61,1256,2013.0,93909.0,2561541.0,0.652463,1.299917,LVA,DEU,7439
2279837,133,61,1256,2013.0,0.0,30546.0,0.43873,0.275559,MAC,DEU,7439
2279838,134,61,1256,2013.0,0.0,3432314.0,-0.474872,0.178118,MAR,DEU,7439
2279839,135,61,1256,2013.0,19122.0,1657714.0,0.14256,0.33920700000000004,MDA,DEU,7439
2279840,136,61,1256,2013.0,0.0,85102.0,-0.786091,-0.611478,MDG,DEU,7439
2279841,137,61,1256,2013.0,0.0,49746.0,-0.510204,-0.740372,MDV,DEU,7439
2279842,138,61,1256,2013.0,1782594.0,15435538.0,1.2327219999999999,0.746108,MEX,DEU,7439
2279843,140,61,1256,2013.0,85974.0,34021464.0,-0.127775,0.21915900000000002,MKD,DEU,7439
2279844,141,61,1256,2013.0,0.0,73706.0,-1.046677,-0.980809,MLI,DEU,7439
2279845,142,61,1256,2013.0,22009.0,518500.0,0.710108,-0.014586000000000002,MLT,DEU,7439
2279846,143,61,1256,2013.0,0.0,72681.0,-1.147086,-0.6888989999999999,MMR,DEU,7439
2279847,144,61,1256,2013.0,0.0,259705.0,0.09597,-0.019953,MNE,DEU,7439
2279848,145,61,1256,2013.0,0.0,302860.0,-1.264785,-1.133222,MNG,DEU,7439
2279849,147,61,1256,2013.0,0.0,142532.0,-1.131512,-0.8923840000000001,MOZ,DEU,7439
2279850,148,61,1256,2013.0,0.0,167881.0,-1.681152,-1.2712350000000001,MRT,DEU,7439
2279851,151,61,1256,2013.0,0.0,353514.0,-0.092312,0.050927,MUS,DEU,7439
2279852,152,61,1256,2013.0,0.0,44908.0,-0.802763,-0.8101470000000001,MWI,DEU,7439
2279853,153,61,1256,2013.0,1663637.0,17452402.0,0.924532,0.671334,MYS,DEU,7439
2279854,154,61,1256,2013.0,0.0,36217.0,0.652359,-0.525881,MYT,DEU,7439
2279855,155,61,1256,2013.0,1295.0,943931.0,-0.316805,-0.38759099999999996,NAM,DEU,7439
2279856,156,61,1256,2013.0,0.0,319070.0,-0.262882,-0.63858,NCL,DEU,7439
2279857,157,61,1256,2013.0,0.0,32013.0,-1.0008350000000001,-0.8325670000000001,NER,DEU,7439
2279858,159,61,1256,2013.0,4967.0,2906008.0,-1.679402,-1.14686,NGA,DEU,7439
2279859,160,61,1256,2013.0,0.0,145047.0,-0.7956479999999999,-0.596061,NIC,DEU,7439
2279860,162,61,1256,2013.0,50513924.0,111281944.0,1.012006,1.441545,NLD,DEU,7439
2279861,163,61,1256,2013.0,1214264.0,23758718.0,0.710901,0.062705,NOR,DEU,7439
2279862,164,61,1256,2013.0,0.0,48228.0,-0.08623,0.5143939999999999,NPL,DEU,7439
2279863,166,61,1256,2013.0,60353.0,2756121.0,0.192237,0.429825,NZL,DEU,7439
2279864,167,61,1256,2013.0,4627.0,6599662.0,-0.698693,-1.030814,OMN,DEU,7439
2279865,168,61,1256,2013.0,10587.0,2530232.0,-0.697224,0.501576,PAK,DEU,7439
2279866,169,61,1256,2013.0,0.0,798974.0,0.8719819999999999,1.038982,PAN,DEU,7439
2279867,173,61,1256,2013.0,4816.0,11713103.0,-0.640044,0.121772,PER,DEU,7439
2279868,174,61,1256,2013.0,602077.0,2407981.0,0.639083,0.45816899999999994,PHL,DEU,7439
2279869,176,61,1256,2013.0,0.0,129189.0,-1.508233,-1.163478,PNG,DEU,7439
2279870,177,61,1256,2013.0,26377240.0,68641072.0,1.11341,0.975734,POL,DEU,7439
2279871,179,61,1256,2013.0,297078.0,6362570.0,0.705087,2.2055580000000004,PRT,DEU,7439
2279872,180,61,1256,2013.0,0.0,719593.0,-0.560661,-0.822876,PRY,DEU,7439
2279873,181,61,1256,2013.0,0.0,299533.0,0.103716,0.762259,PSE,DEU,7439
2279874,182,61,1256,2013.0,0.0,121500.0,-0.118172,-0.620256,PYF,DEU,7439
2279875,183,61,1256,2013.0,0.0,2648876.0,-0.583609,-1.003754,QAT,DEU,7439
2279876,185,61,1256,2013.0,22102496.0,23642870.0,1.05722,1.0968799999999999,ROU,DEU,7439
2279877,186,61,1256,2013.0,170674.0,106020720.0,-0.08233,-0.267781,RUS,DEU,7439
2279878,187,61,1256,2013.0,0.0,74026.0,-0.535446,-0.662881,RWA,DEU,7439
2279879,188,61,1256,2013.0,21303.0,26902476.0,-0.14823599999999998,-0.883965,SAU,DEU,7439
2279880,190,61,1256,2013.0,0.0,528006.0,-1.224897,-1.059517,SDN,DEU,7439
2279881,191,61,1256,2013.0,0.0,170060.0,-0.566624,-0.185277,SEN,DEU,7439
2279882,192,61,1256,2013.0,540314.0,46151936.0,1.844685,0.639379,SGP,DEU,7439
2279883,196,61,1256,2013.0,0.0,17000.0,-0.42937700000000006,-0.529857,SLE,DEU,7439
2279884,197,61,1256,2013.0,0.0,225116.0,0.104046,0.46966,SLV,DEU,7439
2279885,199,61,1256,2013.0,0.0,8653.0,-0.9790979999999999,-0.8632620000000001,SOM,DEU,7439
2279886,201,61,1256,2013.0,319212.0,4718076.0,0.609755,1.355304,SRB,DEU,7439
2279887,202,61,1256,2013.0,0.0,6275.0,-2.285908,-0.696735,SSD,DEU,7439
2279888,205,61,1256,2013.0,0.0,947657.0,-0.25729,-0.651541,SUR,DEU,7439
2279889,206,61,1256,2013.0,10132535.0,12003915.0,1.510052,0.7060310000000001,SVK,DEU,7439
2279890,207,61,1256,2013.0,5336318.0,6051234.0,1.55922,0.565874,SVN,DEU,7439
2279891,208,61,1256,2013.0,23164416.0,50135068.0,1.7851290000000002,0.182623,SWE,DEU,7439
2279892,209,61,1256,2013.0,0.0,7362.0,0.017946,-0.20627399999999999,SWZ,DEU,7439
2279893,210,61,1256,2013.0,0.0,11550.0,0.619185,-0.36438200000000004,SXM,DEU,7439
2279894,211,61,1256,2013.0,0.0,86714.0,0.06901,-0.438229,SYC,DEU,7439
2279895,212,61,1256,2013.0,0.0,129480.0,-0.09157699999999999,1.1795950000000002,SYR,DEU,7439
2279896,214,61,1256,2013.0,0.0,82570.0,-2.89356,-0.879919,TCD,DEU,7439
2279897,215,61,1256,2013.0,0.0,290209.0,-0.532095,-0.434276,TGO,DEU,7439
2279898,216,61,1256,2013.0,1525642.0,7587128.0,1.067287,1.2767110000000002,THA,DEU,7439
2279899,217,61,1256,2013.0,0.0,35513.0,-1.117246,-1.1638600000000001,TJK,DEU,7439
2279900,218,61,1256,2013.0,0.0,2340.0,0.741701,0.44271400000000005,TKL,DEU,7439
2279901,219,61,1256,2013.0,0.0,1977599.0,-1.174981,-1.14869,TKM,DEU,7439
2279902,221,61,1256,2013.0,0.0,1079.0,0.31217399999999995,-0.21186,TON,DEU,7439
2279903,222,61,1256,2013.0,0.0,414307.0,-0.399437,-1.047864,TTO,DEU,7439
2279904,223,61,1256,2013.0,1052827.0,2035119.0,0.40154,0.902177,TUN,DEU,7439
2279905,224,61,1256,2013.0,5304658.0,78997208.0,0.580016,2.394812,TUR,DEU,7439
2279906,226,61,1256,2013.0,0.0,860428.0,-0.654655,0.903574,TZA,DEU,7439
2279907,227,61,1256,2013.0,0.0,149784.0,-0.46170100000000003,0.652878,UGA,DEU,7439
2279908,228,61,1256,2013.0,31852.0,11750652.0,0.535571,1.026263,UKR,DEU,7439
2279909,230,61,1256,2013.0,0.0,778313.0,0.128825,0.02334,URY,DEU,7439
2279910,231,61,1256,2013.0,74673480.0,275123392.0,1.612058,-0.8592989999999999,USA,DEU,7439
2279911,232,61,1256,2013.0,0.0,1541836.0,-0.7076319999999999,-0.645674,UZB,DEU,7439
2279912,234,61,1256,2013.0,0.0,1490.0,0.39042899999999997,-0.042089,VCT,DEU,7439
2279913,236,61,1256,2013.0,0.0,3242246.0,-1.281202,-1.094268,VEN,DEU,7439
2279914,237,61,1256,2013.0,0.0,65235.0,0.217532,-0.315292,VGB,DEU,7439
2279915,239,61,1256,2013.0,98190.0,3481380.0,0.009264,1.182368,VNM,DEU,7439
2279916,240,61,1256,2013.0,0.0,4686.0,-0.43518999999999997,-0.6206010000000001,VUT,DEU,7439
2279917,243,61,1256,2013.0,0.0,419859.0,-1.2788700000000002,-1.230713,YEM,DEU,7439
2279918,246,61,1256,2013.0,14259178.0,42995308.0,0.11624100000000001,1.574591,ZAF,DEU,7439
2279919,247,61,1256,2013.0,0.0,432875.0,-0.293192,-0.42930100000000004,ZMB,DEU,7439
2279920,248,61,1256,2013.0,0.0,143883.0,-0.841968,-0.898121,ZWE,DEU,7439
2279921,249,61,1256,2013.0,4959948.0,8117677.0,1.7382849999999999,0.9917739999999999,TWN,DEU,7439
2279922,250,61,1256,2013.0,0.0,592522.0,0.583151,0.14238299999999998,ANS,DEU,7439
2279923,1,64,1256,2013.0,0.0,5833.0,-0.767212,-0.6506069999999999,AFG,DNK,7439
2279924,2,64,1256,2013.0,0.0,83901.0,-1.240877,-1.073797,AGO,DNK,7439
2279925,7,64,1256,2013.0,0.0,1845845.0,-0.338417,-0.754102,ARE,DNK,7439
2279926,8,64,1256,2013.0,6410.0,1031786.0,0.042829,0.461002,ARG,DNK,7439
2279927,9,64,1256,2013.0,0.0,10199.0,-0.159148,-0.515766,ARM,DNK,7439
2279928,12,64,1256,2013.0,0.0,11862.0,0.491782,-0.418646,ATF,DNK,7439
2279929,14,64,1256,2013.0,3456.0,679365.0,-0.63369,-0.276328,AUS,DNK,7439
2279930,15,64,1256,2013.0,2276056.0,1683357.0,1.855434,-1.06494,AUT,DNK,7439
2279931,16,64,1256,2013.0,0.0,49717.0,-1.319766,-1.200648,AZE,DNK,7439
2279932,18,64,1256,2013.0,6552150.0,1080547.0,1.198491,1.117268,BEL,DNK,7439
2279933,22,64,1256,2013.0,0.0,27554.0,-0.835666,-0.8088810000000001,BGD,DNK,7439
2279934,23,64,1256,2013.0,3258.0,421175.0,0.622325,1.5506229999999999,BGR,DNK,7439
2279935,24,64,1256,2013.0,0.0,1538.0,0.080634,-0.6828890000000001,BHR,DNK,7439
2279936,25,64,1256,2013.0,0.0,6652.0,0.496435,-0.324394,BHS,DNK,7439
2279937,28,64,1256,2013.0,0.0,88739.0,1.183522,0.934159,BLR,DNK,7439
2279938,30,64,1256,2013.0,0.0,12997.0,1.020753,-0.10180399999999999,BMU,DNK,7439
2279939,31,64,1256,2013.0,0.0,25914.0,-1.1429610000000001,-1.0076120000000002,BOL,DNK,7439
2279940,32,64,1256,2013.0,1887.0,851319.0,0.2804,0.649729,BRA,DNK,7439
2279941,34,64,1256,2013.0,0.0,9400.0,-1.664,-0.663172,BRN,DNK,7439
2279942,35,64,1256,2013.0,0.0,88984.0,-0.026632999999999997,-0.608414,BTN,DNK,7439
2279943,39,64,1256,2013.0,69273.0,1840616.0,0.599305,1.193591,CAN,DNK,7439
2279944,41,64,1256,2013.0,627081.0,850918.0,2.0899229999999998,0.661667,CHE,DNK,7439
2279945,42,64,1256,2013.0,0.0,599028.0,-0.184556,-0.238657,CHL,DNK,7439
2279946,43,64,1256,2013.0,2522320.0,3634857.0,1.24864,0.667713,CHN,DNK,7439
2279947,44,64,1256,2013.0,0.0,10491.0,-1.0025870000000001,-0.901658,CIV,DNK,7439
2279948,45,64,1256,2013.0,0.0,4548.0,-0.93575,-1.003851,CMR,DNK,7439
2279949,47,64,1256,2013.0,0.0,30956.0,-1.478461,-1.094509,COG,DNK,7439
2279950,49,64,1256,2013.0,0.0,100931.0,0.034491,-0.36975,COL,DNK,7439
2279951,51,64,1256,2013.0,0.0,2327.0,-0.28793,-0.5938319999999999,CPV,DNK,7439
2279952,52,64,1256,2013.0,0.0,4999.0,0.208669,-0.54783,CRI,DNK,7439
2279953,58,64,1256,2013.0,0.0,277943.0,0.36482800000000004,0.527544,CYP,DNK,7439
2279954,59,64,1256,2013.0,938595.0,1249454.0,1.829509,-0.41787700000000005,CZE,DNK,7439
2279955,61,64,1256,2013.0,30593404.0,12454722.0,2.1086869999999998,-3.7092,DEU,DNK,7439
2279956,65,64,1256,2013.0,0.0,11780.0,-0.272579,0.42750699999999997,DOM,DNK,7439
2279957,66,64,1256,2013.0,0.0,65426.0,-1.53603,-1.104965,DZA,DNK,7439
2279958,67,64,1256,2013.0,0.0,10710.0,-0.8251790000000001,-0.9347200000000001,ECU,DNK,7439
2279959,68,64,1256,2013.0,0.0,232096.0,-0.12015799999999999,1.793363,EGY,DNK,7439
2279960,71,64,1256,2013.0,259402.0,1161000.0,0.955472,1.80005,ESP,DNK,7439
2279961,72,64,1256,2013.0,44184.0,444815.0,0.923321,1.290016,EST,DNK,7439
2279962,74,64,1256,2013.0,316611.0,3547141.0,1.700282,0.867677,FIN,DNK,7439
2279963,77,64,1256,2013.0,11259352.0,2830185.0,1.5253299999999999,0.026146,FRA,DNK,7439
2279964,78,64,1256,2013.0,0.0,221782.0,-1.059294,-0.799578,FRO,DNK,7439
2279965,81,64,1256,2013.0,7840028.0,4208810.0,1.628465,0.77075,GBR,DNK,7439
2279966,82,64,1256,2013.0,0.0,1268.0,-0.08343099999999999,-0.359692,GEO,DNK,7439
2279967,83,64,1256,2013.0,0.0,10966.0,-0.696971,-0.5807939999999999,GHA,DNK,7439
2279968,85,64,1256,2013.0,0.0,2352.0,-1.281072,-1.027585,GIN,DNK,7439
2279969,89,64,1256,2013.0,0.0,14454.0,-1.7984200000000001,-0.678832,GNQ,DNK,7439
2279970,90,64,1256,2013.0,17415.0,277115.0,0.073442,0.9857899999999999,GRC,DNK,7439
2279971,92,64,1256,2013.0,0.0,407885.0,-1.119616,-0.802964,GRL,DNK,7439
2279972,97,64,1256,2013.0,59449.0,63079.0,0.791401,1.249845,HKG,DNK,7439
2279973,100,64,1256,2013.0,8286.0,43419.0,0.8737309999999999,1.276091,HRV,DNK,7439
2279974,102,64,1256,2013.0,331607.0,962366.0,1.6962560000000002,0.45460600000000007,HUN,DNK,7439
2279975,103,64,1256,2013.0,9596.0,265932.0,-0.006876999999999999,1.8336569999999999,IDN,DNK,7439
2279976,104,64,1256,2013.0,919511.0,1602892.0,0.18186,2.647598,IND,DNK,7439
2279977,106,64,1256,2013.0,79622.0,1395468.0,1.32787,0.394579,IRL,DNK,7439
2279978,107,64,1256,2013.0,0.0,56925.0,-0.23625100000000002,-0.256067,IRN,DNK,7439
2279979,108,64,1256,2013.0,0.0,19766.0,-3.147217,-0.685991,IRQ,DNK,7439
2279980,109,64,1256,2013.0,0.0,184850.0,0.284089,-0.164097,ISL,DNK,7439
2279981,110,64,1256,2013.0,48833.0,114382.0,1.0247629999999999,0.8261639999999999,ISR,DNK,7439
2279982,111,64,1256,2013.0,3920212.0,2880134.0,1.419383,-0.304402,ITA,DNK,7439
2279983,113,64,1256,2013.0,0.0,7749.0,0.1888,0.596867,JOR,DNK,7439
2279984,114,64,1256,2013.0,121003.0,773015.0,2.333417,-0.818701,JPN,DNK,7439
2279985,115,64,1256,2013.0,0.0,63162.0,-0.9193819999999999,-0.734194,KAZ,DNK,7439
2279986,116,64,1256,2013.0,0.0,197330.0,-0.303119,0.626786,KEN,DNK,7439
2279987,117,64,1256,2013.0,0.0,6898.0,0.25090500000000004,0.7357279999999999,KGZ,DNK,7439
2279988,118,64,1256,2013.0,0.0,2772.0,-0.634876,-0.714886,KHM,DNK,7439
2279989,121,64,1256,2013.0,337163.0,806273.0,1.817145,0.835414,KOR,DNK,7439
2279990,122,64,1256,2013.0,24137.0,160235.0,-1.198985,-1.057248,KWT,DNK,7439
2279991,124,64,1256,2013.0,0.0,8946.0,0.37392800000000004,1.413136,LBN,DNK,7439
2279992,126,64,1256,2013.0,0.0,29267.0,-1.871593,-1.1211790000000001,LBY,DNK,7439
2279993,128,64,1256,2013.0,0.0,4403.0,-0.320583,0.44462399999999996,LKA,DNK,7439
2279994,130,64,1256,2013.0,272462.0,1651604.0,0.677986,1.29227,LTU,DNK,7439
2279995,131,64,1256,2013.0,8809.0,40991.0,1.0110190000000001,1.123226,LUX,DNK,7439
2279996,132,64,1256,2013.0,68547.0,555067.0,0.652463,1.299917,LVA,DNK,7439
2279997,133,64,1256,2013.0,0.0,5647.0,0.43873,0.275559,MAC,DNK,7439
2279998,134,64,1256,2013.0,0.0,33260.0,-0.474872,0.178118,MAR,DNK,7439
