379999,148,71,710,2013.0,0.0,1643229.0,-1.681152,-1.2712350000000001,MRT,ESP,0574
380000,153,71,710,2013.0,0.0,98000.0,0.924532,0.671334,MYS,ESP,0574
380001,157,71,710,2013.0,0.0,8873.0,-1.0008350000000001,-0.8325670000000001,NER,ESP,0574
380002,159,71,710,2013.0,0.0,115003.0,-1.679402,-1.14686,NGA,ESP,0574
380003,162,71,710,2013.0,6501292.0,2862764.0,1.012006,1.441545,NLD,ESP,0574
380004,163,71,710,2013.0,0.0,209494.0,0.710901,0.062705,NOR,ESP,0574
380005,166,71,710,2013.0,4623178.0,0.0,0.192237,0.429825,NZL,ESP,0574
380006,167,71,710,2013.0,0.0,48906.0,-0.698693,-1.030814,OMN,ESP,0574
380007,169,71,710,2013.0,0.0,23593.0,0.8719819999999999,1.038982,PAN,ESP,0574
380008,174,71,710,2013.0,0.0,40623.0,0.639083,0.45816899999999994,PHL,ESP,0574
380009,177,71,710,2013.0,9139806.0,586955.0,1.11341,0.975734,POL,ESP,0574
380010,179,71,710,2013.0,8141720.0,17063798.0,0.705087,2.2055580000000004,PRT,ESP,0574
380011,183,71,710,2013.0,0.0,515705.0,-0.583609,-1.003754,QAT,ESP,0574
380012,185,71,710,2013.0,0.0,524627.0,1.05722,1.0968799999999999,ROU,ESP,0574
380013,186,71,710,2013.0,0.0,1180293.0,-0.08233,-0.267781,RUS,ESP,0574
380014,188,71,710,2013.0,0.0,653678.0,-0.14823599999999998,-0.883965,SAU,ESP,0574
380015,190,71,710,2013.0,0.0,167452.0,-1.224897,-1.059517,SDN,ESP,0574
380016,191,71,710,2013.0,0.0,307868.0,-0.566624,-0.185277,SEN,ESP,0574
380017,192,71,710,2013.0,0.0,41312.0,1.844685,0.639379,SGP,ESP,0574
380018,196,71,710,2013.0,0.0,28222.0,-0.42937700000000006,-0.529857,SLE,ESP,0574
380019,201,71,710,2013.0,51018.0,0.0,0.609755,1.355304,SRB,ESP,0574
380020,206,71,710,2013.0,0.0,128308.0,1.510052,0.7060310000000001,SVK,ESP,0574
380021,207,71,710,2013.0,0.0,2710.0,1.55922,0.565874,SVN,ESP,0574
380022,208,71,710,2013.0,0.0,1708461.0,1.7851290000000002,0.182623,SWE,ESP,0574
380023,223,71,710,2013.0,30924.0,0.0,0.40154,0.902177,TUN,ESP,0574
380024,224,71,710,2013.0,20852.0,0.0,0.580016,2.394812,TUR,ESP,0574
380025,228,71,710,2013.0,0.0,10092.0,0.535571,1.026263,UKR,ESP,0574
380026,230,71,710,2013.0,96593.0,23303.0,0.128825,0.02334,URY,ESP,0574
380027,231,71,710,2013.0,151938.0,0.0,1.612058,-0.8592989999999999,USA,ESP,0574
380028,243,71,710,2013.0,0.0,9418.0,-1.2788700000000002,-1.230713,YEM,ESP,0574
380029,246,71,710,2013.0,1027221.0,11678.0,0.11624100000000001,1.574591,ZAF,ESP,0574
380030,250,71,710,2013.0,69871.0,0.0,0.583151,0.14238299999999998,ANS,ESP,0574
380031,8,72,710,2013.0,21966.0,0.0,0.042829,0.461002,ARG,EST,0574
380032,18,72,710,2013.0,182318.0,0.0,1.198491,1.117268,BEL,EST,0574
380033,26,72,710,2013.0,2202.0,0.0,0.723658,0.9271879999999999,BIH,EST,0574
380034,32,72,710,2013.0,17942.0,0.0,0.2804,0.649729,BRA,EST,0574
380035,42,72,710,2013.0,106782.0,0.0,-0.184556,-0.238657,CHL,EST,0574
380036,43,72,710,2013.0,42328.0,0.0,1.24864,0.667713,CHN,EST,0574
380037,61,72,710,2013.0,1098687.0,0.0,2.1086869999999998,-3.7092,DEU,EST,0574
380038,71,72,710,2013.0,178582.0,0.0,0.955472,1.80005,ESP,EST,0574
380039,74,72,710,2013.0,32384.0,11473.0,1.700282,0.867677,FIN,EST,0574
380040,77,72,710,2013.0,80981.0,0.0,1.5253299999999999,0.026146,FRA,EST,0574
380041,102,72,710,2013.0,1027.0,0.0,1.6962560000000002,0.45460600000000007,HUN,EST,0574
380042,111,72,710,2013.0,47496.0,0.0,1.419383,-0.304402,ITA,EST,0574
380043,130,72,710,2013.0,421442.0,0.0,0.677986,1.29227,LTU,EST,0574
380044,132,72,710,2013.0,2498157.0,66905.0,0.652463,1.299917,LVA,EST,0574
380045,162,72,710,2013.0,714576.0,0.0,1.012006,1.441545,NLD,EST,0574
380046,163,72,710,2013.0,0.0,1481.0,0.710901,0.062705,NOR,EST,0574
380047,166,72,710,2013.0,1601.0,0.0,0.192237,0.429825,NZL,EST,0574
380048,177,72,710,2013.0,1869534.0,0.0,1.11341,0.975734,POL,EST,0574
380049,185,72,710,2013.0,13469.0,0.0,1.05722,1.0968799999999999,ROU,EST,0574
380050,201,72,710,2013.0,10824.0,0.0,0.609755,1.355304,SRB,EST,0574
380051,239,72,710,2013.0,1321.0,0.0,0.009264,1.182368,VNM,EST,0574
380052,246,72,710,2013.0,49116.0,0.0,0.11624100000000001,1.574591,ZAF,EST,0574
380053,250,72,710,2013.0,28069.0,0.0,0.583151,0.14238299999999998,ANS,EST,0574
380054,8,74,710,2013.0,1844941.0,0.0,0.042829,0.461002,ARG,FIN,0574
380055,15,74,710,2013.0,4203544.0,0.0,1.855434,-1.06494,AUT,FIN,0574
380056,18,74,710,2013.0,21742.0,0.0,1.198491,1.117268,BEL,FIN,0574
380057,26,74,710,2013.0,1641.0,0.0,0.723658,0.9271879999999999,BIH,FIN,0574
380058,32,74,710,2013.0,897521.0,0.0,0.2804,0.649729,BRA,FIN,0574
380059,42,74,710,2013.0,2586494.0,0.0,-0.184556,-0.238657,CHL,FIN,0574
380060,43,74,710,2013.0,279589.0,0.0,1.24864,0.667713,CHN,FIN,0574
380061,61,74,710,2013.0,6610366.0,0.0,2.1086869999999998,-3.7092,DEU,FIN,0574
380062,64,74,710,2013.0,9364.0,6701.0,1.190302,1.062991,DNK,FIN,0574
380063,71,74,710,2013.0,19981.0,0.0,0.955472,1.80005,ESP,FIN,0574
380064,72,74,710,2013.0,11473.0,32384.0,0.923321,1.290016,EST,FIN,0574
380065,77,74,710,2013.0,6480462.0,0.0,1.5253299999999999,0.026146,FRA,FIN,0574
380066,81,74,710,2013.0,12486.0,0.0,1.628465,0.77075,GBR,FIN,0574
380067,102,74,710,2013.0,184707.0,0.0,1.6962560000000002,0.45460600000000007,HUN,FIN,0574
380068,111,74,710,2013.0,10128456.0,0.0,1.419383,-0.304402,ITA,FIN,0574
380069,162,74,710,2013.0,8267110.0,21825.0,1.012006,1.441545,NLD,FIN,0574
380070,166,74,710,2013.0,68771.0,0.0,0.192237,0.429825,NZL,FIN,0574
380071,177,74,710,2013.0,3481984.0,0.0,1.11341,0.975734,POL,FIN,0574
380072,185,74,710,2013.0,1788.0,0.0,1.05722,1.0968799999999999,ROU,FIN,0574
380073,186,74,710,2013.0,0.0,54642.0,-0.08233,-0.267781,RUS,FIN,0574
380074,208,74,710,2013.0,633602.0,12433.0,1.7851290000000002,0.182623,SWE,FIN,0574
380075,231,74,710,2013.0,1800178.0,131469.0,1.612058,-0.8592989999999999,USA,FIN,0574
380076,246,74,710,2013.0,54525.0,0.0,0.11624100000000001,1.574591,ZAF,FIN,0574
380077,1,77,710,2013.0,5889.0,0.0,-0.767212,-0.6506069999999999,AFG,FRA,0574
380078,2,77,710,2013.0,0.0,1392.0,-1.240877,-1.073797,AGO,FRA,0574
380079,5,77,710,2013.0,0.0,2680.0,0.874025,0.09135599999999999,AND,FRA,0574
380080,7,77,710,2013.0,0.0,25296274.0,-0.338417,-0.754102,ARE,FRA,0574
380081,8,77,710,2013.0,5583931.0,0.0,0.042829,0.461002,ARG,FRA,0574
380082,9,77,710,2013.0,0.0,30945.0,-0.159148,-0.515766,ARM,FRA,0574
380083,15,77,710,2013.0,441678.0,1052443.0,1.855434,-1.06494,AUT,FRA,0574
380084,18,77,710,2013.0,45332508.0,47346688.0,1.198491,1.117268,BEL,FRA,0574
380085,19,77,710,2013.0,0.0,87538.0,-0.924213,-0.8181390000000001,BEN,FRA,0574
380086,21,77,710,2013.0,0.0,4630.0,-0.7231029999999999,-0.736291,BFA,FRA,0574
380087,22,77,710,2013.0,0.0,490662.0,-0.835666,-0.8088810000000001,BGD,FRA,0574
380088,23,77,710,2013.0,42310.0,30915.0,0.622325,1.5506229999999999,BGR,FRA,0574
380089,24,77,710,2013.0,0.0,323962.0,0.080634,-0.6828890000000001,BHR,FRA,0574
380090,28,77,710,2013.0,0.0,224620.0,1.183522,0.934159,BLR,FRA,0574
380091,32,77,710,2013.0,4802416.0,3232866.0,0.2804,0.649729,BRA,FRA,0574
380092,34,77,710,2013.0,0.0,85018.0,-1.664,-0.663172,BRN,FRA,0574
380093,38,77,710,2013.0,1974.0,0.0,-0.476127,-0.58096,CAF,FRA,0574
380094,39,77,710,2013.0,4197.0,260809.0,0.599305,1.193591,CAN,FRA,0574
380095,41,77,710,2013.0,1752926.0,1687208.0,2.0899229999999998,0.661667,CHE,FRA,0574
380096,42,77,710,2013.0,28227890.0,0.0,-0.184556,-0.238657,CHL,FRA,0574
380097,43,77,710,2013.0,185701.0,2065362.0,1.24864,0.667713,CHN,FRA,0574
380098,44,77,710,2013.0,0.0,1100240.0,-1.0025870000000001,-0.901658,CIV,FRA,0574
380099,45,77,710,2013.0,0.0,21104.0,-0.93575,-1.003851,CMR,FRA,0574
380100,47,77,710,2013.0,0.0,337157.0,-1.478461,-1.094509,COG,FRA,0574
380101,49,77,710,2013.0,0.0,732752.0,0.034491,-0.36975,COL,FRA,0574
380102,50,77,710,2013.0,0.0,9382.0,-0.36952399999999996,-0.6802739999999999,COM,FRA,0574
380103,51,77,710,2013.0,0.0,23380.0,-0.28793,-0.5938319999999999,CPV,FRA,0574
380104,52,77,710,2013.0,20191.0,16868.0,0.208669,-0.54783,CRI,FRA,0574
380105,58,77,710,2013.0,0.0,12769.0,0.36482800000000004,0.527544,CYP,FRA,0574
380106,59,77,710,2013.0,305695.0,26814.0,1.829509,-0.41787700000000005,CZE,FRA,0574
380107,61,77,710,2013.0,9637840.0,77021016.0,2.1086869999999998,-3.7092,DEU,FRA,0574
380108,62,77,710,2013.0,0.0,54206.0,-0.35226399999999997,-0.542234,DJI,FRA,0574
380109,64,77,710,2013.0,38944.0,11507906.0,1.190302,1.062991,DNK,FRA,0574
380110,66,77,710,2013.0,91224.0,38690340.0,-1.53603,-1.104965,DZA,FRA,0574
380111,67,77,710,2013.0,0.0,20301.0,-0.8251790000000001,-0.9347200000000001,ECU,FRA,0574
380112,68,77,710,2013.0,0.0,2336448.0,-0.12015799999999999,1.793363,EGY,FRA,0574
380113,71,77,710,2013.0,21422028.0,70291576.0,0.955472,1.80005,ESP,FRA,0574
380114,72,77,710,2013.0,0.0,80981.0,0.923321,1.290016,EST,FRA,0574
380115,73,77,710,2013.0,7043.0,90727.0,-1.1373090000000001,-0.89186,ETH,FRA,0574
380116,74,77,710,2013.0,0.0,6480462.0,1.700282,0.867677,FIN,FRA,0574
380117,80,77,710,2013.0,0.0,1592864.0,-1.652062,-1.140576,GAB,FRA,0574
380118,81,77,710,2013.0,398335.0,152618992.0,1.628465,0.77075,GBR,FRA,0574
380119,83,77,710,2013.0,0.0,21043.0,-0.696971,-0.5807939999999999,GHA,FRA,0574
380120,85,77,710,2013.0,0.0,353944.0,-1.281072,-1.027585,GIN,FRA,0574
380121,87,77,710,2013.0,0.0,48760.0,-0.867648,-0.90786,GMB,FRA,0574
380122,89,77,710,2013.0,0.0,36657.0,-1.7984200000000001,-0.678832,GNQ,FRA,0574
380123,90,77,710,2013.0,39257.0,3899.0,0.073442,0.9857899999999999,GRC,FRA,0574
380124,92,77,710,2013.0,0.0,84130.0,-1.119616,-0.802964,GRL,FRA,0574
380125,93,77,710,2013.0,0.0,19733.0,-0.220165,0.661111,GTM,FRA,0574
380126,97,77,710,2013.0,0.0,3558525.0,0.791401,1.249845,HKG,FRA,0574
380127,102,77,710,2013.0,131352.0,68147.0,1.6962560000000002,0.45460600000000007,HUN,FRA,0574
380128,103,77,710,2013.0,0.0,486330.0,-0.006876999999999999,1.8336569999999999,IDN,FRA,0574
380129,104,77,710,2013.0,0.0,233008.0,0.18186,2.647598,IND,FRA,0574
380130,106,77,710,2013.0,3005.0,21958182.0,1.32787,0.394579,IRL,FRA,0574
380131,109,77,710,2013.0,0.0,826625.0,0.284089,-0.164097,ISL,FRA,0574
380132,110,77,710,2013.0,3768.0,3451959.0,1.0247629999999999,0.8261639999999999,ISR,FRA,0574
380133,111,77,710,2013.0,27794864.0,2511532.0,1.419383,-0.304402,ITA,FRA,0574
380134,113,77,710,2013.0,0.0,383648.0,0.1888,0.596867,JOR,FRA,0574
380135,115,77,710,2013.0,0.0,20538.0,-0.9193819999999999,-0.734194,KAZ,FRA,0574
380136,116,77,710,2013.0,0.0,313856.0,-0.303119,0.626786,KEN,FRA,0574
380137,117,77,710,2013.0,0.0,1953.0,0.25090500000000004,0.7357279999999999,KGZ,FRA,0574
380138,120,77,710,2013.0,0.0,28382.0,0.983857,-0.051745000000000006,KNA,FRA,0574
380139,122,77,710,2013.0,0.0,1831860.0,-1.198985,-1.057248,KWT,FRA,0574
380140,124,77,710,2013.0,537366.0,317141.0,0.37392800000000004,1.413136,LBN,FRA,0574
380141,125,77,710,2013.0,0.0,129323.0,-0.8343229999999999,-0.992129,LBR,FRA,0574
380142,126,77,710,2013.0,0.0,4531920.0,-1.871593,-1.1211790000000001,LBY,FRA,0574
380143,128,77,710,2013.0,0.0,22958.0,-0.320583,0.44462399999999996,LKA,FRA,0574
380144,130,77,710,2013.0,0.0,678849.0,0.677986,1.29227,LTU,FRA,0574
380145,131,77,710,2013.0,61875.0,1774918.0,1.0110190000000001,1.123226,LUX,FRA,0574
380146,132,77,710,2013.0,0.0,175591.0,0.652463,1.299917,LVA,FRA,0574
380147,134,77,710,2013.0,373621.0,256408.0,-0.474872,0.178118,MAR,FRA,0574
380148,135,77,710,2013.0,0.0,16672.0,0.14256,0.33920700000000004,MDA,FRA,0574
380149,136,77,710,2013.0,0.0,66340.0,-0.786091,-0.611478,MDG,FRA,0574
380150,137,77,710,2013.0,0.0,316589.0,-0.510204,-0.740372,MDV,FRA,0574
380151,141,77,710,2013.0,0.0,589831.0,-1.046677,-0.980809,MLI,FRA,0574
380152,143,77,710,2013.0,0.0,2315.0,-1.147086,-0.6888989999999999,MMR,FRA,0574
380153,145,77,710,2013.0,0.0,3281.0,-1.264785,-1.133222,MNG,FRA,0574
380154,148,77,710,2013.0,0.0,950936.0,-1.681152,-1.2712350000000001,MRT,FRA,0574
380155,151,77,710,2013.0,0.0,8335.0,-0.092312,0.050927,MUS,FRA,0574
380156,153,77,710,2013.0,0.0,5802920.0,0.924532,0.671334,MYS,FRA,0574
380157,154,77,710,2013.0,0.0,226362.0,0.652359,-0.525881,MYT,FRA,0574
380158,156,77,710,2013.0,0.0,270370.0,-0.262882,-0.63858,NCL,FRA,0574
380159,157,77,710,2013.0,0.0,11724.0,-1.0008350000000001,-0.8325670000000001,NER,FRA,0574
380160,159,77,710,2013.0,34276.0,379646.0,-1.679402,-1.14686,NGA,FRA,0574
380161,162,77,710,2013.0,47157728.0,48149148.0,1.012006,1.441545,NLD,FRA,0574
380162,163,77,710,2013.0,12142.0,3382173.0,0.710901,0.062705,NOR,FRA,0574
380163,166,77,710,2013.0,5135702.0,0.0,0.192237,0.429825,NZL,FRA,0574
380164,167,77,710,2013.0,0.0,4283540.0,-0.698693,-1.030814,OMN,FRA,0574
380165,168,77,710,2013.0,0.0,24271.0,-0.697224,0.501576,PAK,FRA,0574
380166,173,77,710,2013.0,1291.0,0.0,-0.640044,0.121772,PER,FRA,0574
380167,174,77,710,2013.0,0.0,230007.0,0.639083,0.45816899999999994,PHL,FRA,0574
380168,177,77,710,2013.0,13416127.0,690146.0,1.11341,0.975734,POL,FRA,0574
380169,179,77,710,2013.0,231606.0,16006803.0,0.705087,2.2055580000000004,PRT,FRA,0574
380170,183,77,710,2013.0,0.0,2555029.0,-0.583609,-1.003754,QAT,FRA,0574
380171,185,77,710,2013.0,0.0,20112.0,1.05722,1.0968799999999999,ROU,FRA,0574
380172,186,77,710,2013.0,0.0,13561621.0,-0.08233,-0.267781,RUS,FRA,0574
380173,188,77,710,2013.0,0.0,20219516.0,-0.14823599999999998,-0.883965,SAU,FRA,0574
380174,190,77,710,2013.0,0.0,730838.0,-1.224897,-1.059517,SDN,FRA,0574
380175,191,77,710,2013.0,0.0,2869236.0,-0.566624,-0.185277,SEN,FRA,0574
380176,192,77,710,2013.0,0.0,5638826.0,1.844685,0.639379,SGP,FRA,0574
380177,196,77,710,2013.0,0.0,57366.0,-0.42937700000000006,-0.529857,SLE,FRA,0574
380178,200,77,710,2013.0,0.0,1110.0,0.148119,-0.517878,SPM,FRA,0574
380179,201,77,710,2013.0,0.0,2242.0,0.609755,1.355304,SRB,FRA,0574
380180,206,77,710,2013.0,73155.0,6158.0,1.510052,0.7060310000000001,SVK,FRA,0574
380181,207,77,710,2013.0,50835.0,37112.0,1.55922,0.565874,SVN,FRA,0574
380182,208,77,710,2013.0,0.0,8952336.0,1.7851290000000002,0.182623,SWE,FRA,0574
380183,211,77,710,2013.0,0.0,56566.0,0.06901,-0.438229,SYC,FRA,0574
380184,215,77,710,2013.0,0.0,117943.0,-0.532095,-0.434276,TGO,FRA,0574
380185,216,77,710,2013.0,32360.0,5091140.0,1.067287,1.2767110000000002,THA,FRA,0574
380186,223,77,710,2013.0,0.0,21096.0,0.40154,0.902177,TUN,FRA,0574
380187,224,77,710,2013.0,30851.0,67226.0,0.580016,2.394812,TUR,FRA,0574
380188,226,77,710,2013.0,0.0,17490.0,-0.654655,0.903574,TZA,FRA,0574
380189,227,77,710,2013.0,0.0,22034.0,-0.46170100000000003,0.652878,UGA,FRA,0574
380190,228,77,710,2013.0,0.0,279471.0,0.535571,1.026263,UKR,FRA,0574
380191,230,77,710,2013.0,102065.0,23255.0,0.128825,0.02334,URY,FRA,0574
380192,231,77,710,2013.0,7537.0,34175.0,1.612058,-0.8592989999999999,USA,FRA,0574
380193,232,77,710,2013.0,0.0,25719.0,-0.7076319999999999,-0.645674,UZB,FRA,0574
380194,236,77,710,2013.0,0.0,422486.0,-1.281202,-1.094268,VEN,FRA,0574
380195,239,77,710,2013.0,27005.0,54140.0,0.009264,1.182368,VNM,FRA,0574
380196,243,77,710,2013.0,0.0,387218.0,-1.2788700000000002,-1.230713,YEM,FRA,0574
380197,246,77,710,2013.0,9880024.0,137695.0,0.11624100000000001,1.574591,ZAF,FRA,0574
380198,249,77,710,2013.0,0.0,469151.0,1.7382849999999999,0.9917739999999999,TWN,FRA,0574
380199,250,77,710,2013.0,23586.0,3973.0,0.583151,0.14238299999999998,ANS,FRA,0574
380200,1,81,710,2013.0,0.0,58331.0,-0.767212,-0.6506069999999999,AFG,GBR,0574
380201,7,81,710,2013.0,0.0,3311.0,-0.338417,-0.754102,ARE,GBR,0574
380202,8,81,710,2013.0,4662976.0,0.0,0.042829,0.461002,ARG,GBR,0574
380203,14,81,710,2013.0,978736.0,0.0,-0.63369,-0.276328,AUS,GBR,0574
380204,15,81,710,2013.0,5336184.0,40387.0,1.855434,-1.06494,AUT,GBR,0574
380205,16,81,710,2013.0,17315.0,0.0,-1.319766,-1.200648,AZE,GBR,0574
380206,18,81,710,2013.0,10642797.0,659875.0,1.198491,1.117268,BEL,GBR,0574
380207,24,81,710,2013.0,0.0,43766.0,0.080634,-0.6828890000000001,BHR,GBR,0574
380208,32,81,710,2013.0,17914168.0,0.0,0.2804,0.649729,BRA,GBR,0574
380209,39,81,710,2013.0,156599.0,0.0,0.599305,1.193591,CAN,GBR,0574
380210,42,81,710,2013.0,33478842.0,76934.0,-0.184556,-0.238657,CHL,GBR,0574
380211,43,81,710,2013.0,1619834.0,0.0,1.24864,0.667713,CHN,GBR,0574
380212,48,81,710,2013.0,21871.0,0.0,0.630868,-0.151265,COK,GBR,0574
380213,61,81,710,2013.0,6542202.0,575080.0,2.1086869999999998,-3.7092,DEU,GBR,0574
380214,64,81,710,2013.0,251276.0,11731.0,1.190302,1.062991,DNK,GBR,0574
380215,71,81,710,2013.0,14648191.0,945826.0,0.955472,1.80005,ESP,GBR,0574
380216,74,81,710,2013.0,0.0,12486.0,1.700282,0.867677,FIN,GBR,0574
380217,76,81,710,2013.0,0.0,34784.0,-1.330637,-0.773365,FLK,GBR,0574
380218,77,81,710,2013.0,152618992.0,398335.0,1.5253299999999999,0.026146,FRA,GBR,0574
380219,97,81,710,2013.0,0.0,41921.0,0.791401,1.249845,HKG,GBR,0574
380220,102,81,710,2013.0,72865.0,0.0,1.6962560000000002,0.45460600000000007,HUN,GBR,0574
380221,104,81,710,2013.0,0.0,25667.0,0.18186,2.647598,IND,GBR,0574
380222,106,81,710,2013.0,9052878.0,20138412.0,1.32787,0.394579,IRL,GBR,0574
380223,107,81,710,2013.0,58258.0,0.0,-0.23625100000000002,-0.256067,IRN,GBR,0574
380224,109,81,710,2013.0,0.0,10462.0,0.284089,-0.164097,ISL,GBR,0574
380225,110,81,710,2013.0,0.0,138863.0,1.0247629999999999,0.8261639999999999,ISR,GBR,0574
380226,111,81,710,2013.0,37170556.0,2525.0,1.419383,-0.304402,ITA,GBR,0574
380227,112,81,710,2013.0,1869.0,0.0,-0.364044,-0.744733,JAM,GBR,0574
380228,130,81,710,2013.0,68972.0,2112391.0,0.677986,1.29227,LTU,GBR,0574
380229,135,81,710,2013.0,58440.0,0.0,0.14256,0.33920700000000004,MDA,GBR,0574
380230,140,81,710,2013.0,6417.0,0.0,-0.127775,0.21915900000000002,MKD,GBR,0574
380231,142,81,710,2013.0,31264.0,0.0,0.710108,-0.014586000000000002,MLT,GBR,0574
380232,153,81,710,2013.0,0.0,1328.0,0.924532,0.671334,MYS,GBR,0574
380233,155,81,710,2013.0,1055.0,0.0,-0.316805,-0.38759099999999996,NAM,GBR,0574
380234,159,81,710,2013.0,137348.0,0.0,-1.679402,-1.14686,NGA,GBR,0574
380235,162,81,710,2013.0,25779148.0,3051843.0,1.012006,1.441545,NLD,GBR,0574
380236,166,81,710,2013.0,54592068.0,0.0,0.192237,0.429825,NZL,GBR,0574
380237,177,81,710,2013.0,7963723.0,2682.0,1.11341,0.975734,POL,GBR,0574
380238,179,81,710,2013.0,6361663.0,0.0,0.705087,2.2055580000000004,PRT,GBR,0574
380239,188,81,710,2013.0,17195.0,9948.0,-0.14823599999999998,-0.883965,SAU,GBR,0574
380240,201,81,710,2013.0,106954.0,0.0,0.609755,1.355304,SRB,GBR,0574
380241,206,81,710,2013.0,287484.0,0.0,1.510052,0.7060310000000001,SVK,GBR,0574
380242,207,81,710,2013.0,2801133.0,0.0,1.55922,0.565874,SVN,GBR,0574
380243,208,81,710,2013.0,0.0,84683.0,1.7851290000000002,0.182623,SWE,GBR,0574
380244,226,81,710,2013.0,0.0,1183.0,-0.654655,0.903574,TZA,GBR,0574
380245,230,81,710,2013.0,71236.0,0.0,0.128825,0.02334,URY,GBR,0574
380246,231,81,710,2013.0,17454700.0,66299.0,1.612058,-0.8592989999999999,USA,GBR,0574
380247,246,81,710,2013.0,108992216.0,0.0,0.11624100000000001,1.574591,ZAF,GBR,0574
380248,4,90,710,2013.0,25655.0,2340459.0,-0.44779300000000005,-0.13181700000000002,ALB,GRC,0574
380249,7,90,710,2013.0,0.0,16932.0,-0.338417,-0.754102,ARE,GRC,0574
380250,8,90,710,2013.0,192571.0,0.0,0.042829,0.461002,ARG,GRC,0574
380251,15,90,710,2013.0,40630.0,3888.0,1.855434,-1.06494,AUT,GRC,0574
380252,16,90,710,2013.0,0.0,16250.0,-1.319766,-1.200648,AZE,GRC,0574
380253,18,90,710,2013.0,44767.0,1198.0,1.198491,1.117268,BEL,GRC,0574
380254,23,90,710,2013.0,13995.0,1642385.0,0.622325,1.5506229999999999,BGR,GRC,0574
380255,24,90,710,2013.0,0.0,16360.0,0.080634,-0.6828890000000001,BHR,GRC,0574
380256,28,90,710,2013.0,0.0,78248.0,1.183522,0.934159,BLR,GRC,0574
380257,42,90,710,2013.0,1746353.0,0.0,-0.184556,-0.238657,CHL,GRC,0574
380258,58,90,710,2013.0,21941.0,2289448.0,0.36482800000000004,0.527544,CYP,GRC,0574
380259,61,90,710,2013.0,1034018.0,86452.0,2.1086869999999998,-3.7092,DEU,GRC,0574
380260,64,90,710,2013.0,0.0,15906.0,1.190302,1.062991,DNK,GRC,0574
380261,66,90,710,2013.0,0.0,32408.0,-1.53603,-1.104965,DZA,GRC,0574
380262,68,90,710,2013.0,32543.0,23527472.0,-0.12015799999999999,1.793363,EGY,GRC,0574
380263,71,90,710,2013.0,1428457.0,0.0,0.955472,1.80005,ESP,GRC,0574
380264,73,90,710,2013.0,0.0,12087.0,-1.1373090000000001,-0.89186,ETH,GRC,0574
380265,77,90,710,2013.0,3899.0,39257.0,1.5253299999999999,0.026146,FRA,GRC,0574
380266,82,90,710,2013.0,0.0,64113.0,-0.08343099999999999,-0.359692,GEO,GRC,0574
380267,100,90,710,2013.0,0.0,4789.0,0.8737309999999999,1.276091,HRV,GRC,0574
380268,102,90,710,2013.0,0.0,8667.0,1.6962560000000002,0.45460600000000007,HUN,GRC,0574
380269,107,90,710,2013.0,9354.0,0.0,-0.23625100000000002,-0.256067,IRN,GRC,0574
380270,108,90,710,2013.0,0.0,87872.0,-3.147217,-0.685991,IRQ,GRC,0574
380271,110,90,710,2013.0,0.0,577161.0,1.0247629999999999,0.8261639999999999,ISR,GRC,0574
380272,111,90,710,2013.0,5708578.0,136097.0,1.419383,-0.304402,ITA,GRC,0574
380273,113,90,710,2013.0,0.0,1284616.0,0.1888,0.596867,JOR,GRC,0574
380274,115,90,710,2013.0,0.0,1873.0,-0.9193819999999999,-0.734194,KAZ,GRC,0574
380275,122,90,710,2013.0,0.0,51244.0,-1.198985,-1.057248,KWT,GRC,0574
380276,124,90,710,2013.0,0.0,135736.0,0.37392800000000004,1.413136,LBN,GRC,0574
380277,126,90,710,2013.0,0.0,111852.0,-1.871593,-1.1211790000000001,LBY,GRC,0574
380278,130,90,710,2013.0,11233.0,72671.0,0.677986,1.29227,LTU,GRC,0574
380279,135,90,710,2013.0,0.0,393787.0,0.14256,0.33920700000000004,MDA,GRC,0574
380280,140,90,710,2013.0,483699.0,484506.0,-0.127775,0.21915900000000002,MKD,GRC,0574
380281,144,90,710,2013.0,0.0,6494.0,0.09597,-0.019953,MNE,GRC,0574
380282,159,90,710,2013.0,0.0,73370.0,-1.679402,-1.14686,NGA,GRC,0574
380283,162,90,710,2013.0,1256748.0,34464.0,1.012006,1.441545,NLD,GRC,0574
380284,177,90,710,2013.0,1069878.0,168457.0,1.11341,0.975734,POL,GRC,0574
380285,185,90,710,2013.0,5525.0,949937.0,1.05722,1.0968799999999999,ROU,GRC,0574
380286,186,90,710,2013.0,5450.0,1945275.0,-0.08233,-0.267781,RUS,GRC,0574
380287,188,90,710,2013.0,0.0,137592.0,-0.14823599999999998,-0.883965,SAU,GRC,0574
380288,190,90,710,2013.0,0.0,39542.0,-1.224897,-1.059517,SDN,GRC,0574
380289,201,90,710,2013.0,145942.0,279179.0,0.609755,1.355304,SRB,GRC,0574
380290,206,90,710,2013.0,62473.0,0.0,1.510052,0.7060310000000001,SVK,GRC,0574
380291,207,90,710,2013.0,0.0,9771.0,1.55922,0.565874,SVN,GRC,0574
380292,208,90,710,2013.0,0.0,247604.0,1.7851290000000002,0.182623,SWE,GRC,0574
380293,219,90,710,2013.0,0.0,18953.0,-1.174981,-1.14869,TKM,GRC,0574
380294,224,90,710,2013.0,0.0,1566594.0,0.580016,2.394812,TUR,GRC,0574
380295,228,90,710,2013.0,1519.0,39553.0,0.535571,1.026263,UKR,GRC,0574
380296,231,90,710,2013.0,0.0,4783.0,1.612058,-0.8592989999999999,USA,GRC,0574
380297,246,90,710,2013.0,45605.0,0.0,0.11624100000000001,1.574591,ZAF,GRC,0574
380298,250,90,710,2013.0,0.0,163396.0,0.583151,0.14238299999999998,ANS,GRC,0574
380299,39,93,710,2013.0,0.0,4441.0,0.599305,1.193591,CAN,GTM,0574
380300,42,93,710,2013.0,5313242.0,0.0,-0.184556,-0.238657,CHL,GTM,0574
380301,77,93,710,2013.0,19733.0,0.0,1.5253299999999999,0.026146,FRA,GTM,0574
380302,99,93,710,2013.0,0.0,15231.0,-0.6661060000000001,-0.38619699999999996,HND,GTM,0574
380303,138,93,710,2013.0,8580.0,0.0,1.2327219999999999,0.746108,MEX,GTM,0574
380304,160,93,710,2013.0,0.0,35442.0,-0.7956479999999999,-0.596061,NIC,GTM,0574
380305,197,93,710,2013.0,8228.0,198380.0,0.104046,0.46966,SLV,GTM,0574
380306,231,93,710,2013.0,7909806.0,0.0,1.612058,-0.8592989999999999,USA,GTM,0574
380307,18,96,710,2013.0,2557.0,0.0,1.198491,1.117268,BEL,GUY,0574
380308,42,96,710,2013.0,38556.0,0.0,-0.184556,-0.238657,CHL,GUY,0574
380309,231,96,710,2013.0,815660.0,0.0,1.612058,-0.8592989999999999,USA,GUY,0574
380310,8,97,710,2013.0,48752.0,0.0,0.042829,0.461002,ARG,HKG,0574
380311,14,97,710,2013.0,47493.0,0.0,-0.63369,-0.276328,AUS,HKG,0574
380312,18,97,710,2013.0,34521.0,0.0,1.198491,1.117268,BEL,HKG,0574
380313,34,97,710,2013.0,0.0,23682.0,-1.664,-0.663172,BRN,HKG,0574
380314,39,97,710,2013.0,12104.0,0.0,0.599305,1.193591,CAN,HKG,0574
380315,42,97,710,2013.0,6162208.0,0.0,-0.184556,-0.238657,CHL,HKG,0574
380316,43,97,710,2013.0,24104672.0,10084885.0,1.24864,0.667713,CHN,HKG,0574
380317,71,97,710,2013.0,198685.0,0.0,0.955472,1.80005,ESP,HKG,0574
380318,77,97,710,2013.0,3558525.0,0.0,1.5253299999999999,0.026146,FRA,HKG,0574
380319,81,97,710,2013.0,41921.0,0.0,1.628465,0.77075,GBR,HKG,0574
380320,103,97,710,2013.0,72957.0,0.0,-0.006876999999999999,1.8336569999999999,IDN,HKG,0574
380321,110,97,710,2013.0,18455.0,0.0,1.0247629999999999,0.8261639999999999,ISR,HKG,0574
380322,111,97,710,2013.0,107292.0,0.0,1.419383,-0.304402,ITA,HKG,0574
380323,114,97,710,2013.0,7385788.0,0.0,2.333417,-0.818701,JPN,HKG,0574
380324,116,97,710,2013.0,0.0,1127.0,-0.303119,0.626786,KEN,HKG,0574
380325,121,97,710,2013.0,892712.0,0.0,1.817145,0.835414,KOR,HKG,0574
380326,133,97,710,2013.0,0.0,1276018.0,0.43873,0.275559,MAC,HKG,0574
380327,153,97,710,2013.0,0.0,85612.0,0.924532,0.671334,MYS,HKG,0574
380328,159,97,710,2013.0,12837.0,0.0,-1.679402,-1.14686,NGA,HKG,0574
380329,162,97,710,2013.0,214341.0,0.0,1.012006,1.441545,NLD,HKG,0574
380330,166,97,710,2013.0,14991696.0,0.0,0.192237,0.429825,NZL,HKG,0574
380331,174,97,710,2013.0,0.0,34425.0,0.639083,0.45816899999999994,PHL,HKG,0574
380332,192,97,710,2013.0,40996.0,27997.0,1.844685,0.639379,SGP,HKG,0574
380333,216,97,710,2013.0,84947.0,38649.0,1.067287,1.2767110000000002,THA,HKG,0574
380334,231,97,710,2013.0,44366368.0,0.0,1.612058,-0.8592989999999999,USA,HKG,0574
380335,239,97,710,2013.0,0.0,3758834.0,0.009264,1.182368,VNM,HKG,0574
380336,246,97,710,2013.0,1112249.0,0.0,0.11624100000000001,1.574591,ZAF,HKG,0574
380337,249,97,710,2013.0,169370.0,2435501.0,1.7382849999999999,0.9917739999999999,TWN,HKG,0574
380338,15,102,710,2013.0,2821931.0,5522416.0,1.855434,-1.06494,AUT,HUN,0574
380339,23,102,710,2013.0,0.0,4305.0,0.622325,1.5506229999999999,BGR,HUN,0574
380340,26,102,710,2013.0,0.0,123985.0,0.723658,0.9271879999999999,BIH,HUN,0574
380341,59,102,710,2013.0,101911.0,233659.0,1.829509,-0.41787700000000005,CZE,HUN,0574
380342,61,102,710,2013.0,140855.0,1123551.0,2.1086869999999998,-3.7092,DEU,HUN,0574
380343,64,102,710,2013.0,0.0,35419.0,1.190302,1.062991,DNK,HUN,0574
380344,66,102,710,2013.0,0.0,73227.0,-1.53603,-1.104965,DZA,HUN,0574
380345,71,102,710,2013.0,12987.0,0.0,0.955472,1.80005,ESP,HUN,0574
380346,72,102,710,2013.0,0.0,1027.0,0.923321,1.290016,EST,HUN,0574
380347,74,102,710,2013.0,0.0,184707.0,1.700282,0.867677,FIN,HUN,0574
380348,77,102,710,2013.0,68147.0,131352.0,1.5253299999999999,0.026146,FRA,HUN,0574
380349,81,102,710,2013.0,0.0,72865.0,1.628465,0.77075,GBR,HUN,0574
380350,90,102,710,2013.0,8667.0,0.0,0.073442,0.9857899999999999,GRC,HUN,0574
380351,100,102,710,2013.0,211077.0,213280.0,0.8737309999999999,1.276091,HRV,HUN,0574
380352,111,102,710,2013.0,2571552.0,1536898.0,1.419383,-0.304402,ITA,HUN,0574
380353,130,102,710,2013.0,0.0,7032.0,0.677986,1.29227,LTU,HUN,0574
380354,135,102,710,2013.0,0.0,2667.0,0.14256,0.33920700000000004,MDA,HUN,0574
380355,162,102,710,2013.0,545794.0,208595.0,1.012006,1.441545,NLD,HUN,0574
380356,177,102,710,2013.0,622237.0,540035.0,1.11341,0.975734,POL,HUN,0574
380357,185,102,710,2013.0,2044311.0,1138537.0,1.05722,1.0968799999999999,ROU,HUN,0574
380358,186,102,710,2013.0,0.0,565512.0,-0.08233,-0.267781,RUS,HUN,0574
380359,201,102,710,2013.0,1206554.0,5182.0,0.609755,1.355304,SRB,HUN,0574
380360,206,102,710,2013.0,282213.0,2044935.0,1.510052,0.7060310000000001,SVK,HUN,0574
380361,207,102,710,2013.0,76474.0,1054848.0,1.55922,0.565874,SVN,HUN,0574
380362,228,102,710,2013.0,0.0,41311.0,0.535571,1.026263,UKR,HUN,0574
380363,14,103,710,2013.0,174742.0,0.0,-0.63369,-0.276328,AUS,IDN,0574
380364,43,103,710,2013.0,101458376.0,0.0,1.24864,0.667713,CHN,IDN,0574
380365,49,103,710,2013.0,0.0,2940.0,0.034491,-0.36975,COL,IDN,0574
380366,77,103,710,2013.0,486330.0,0.0,1.5253299999999999,0.026146,FRA,IDN,0574
380367,97,103,710,2013.0,0.0,72957.0,0.791401,1.249845,HKG,IDN,0574
380368,114,103,710,2013.0,435717.0,0.0,2.333417,-0.818701,JPN,IDN,0574
380369,116,103,710,2013.0,0.0,13504.0,-0.303119,0.626786,KEN,IDN,0574
380370,121,103,710,2013.0,97705.0,0.0,1.817145,0.835414,KOR,IDN,0574
380371,122,103,710,2013.0,0.0,1077.0,-1.198985,-1.057248,KWT,IDN,0574
380372,153,103,710,2013.0,736268.0,91803.0,0.924532,0.671334,MYS,IDN,0574
380373,166,103,710,2013.0,5185581.0,0.0,0.192237,0.429825,NZL,IDN,0574
380374,168,103,710,2013.0,0.0,17491.0,-0.697224,0.501576,PAK,IDN,0574
380375,192,103,710,2013.0,5875275.0,0.0,1.844685,0.639379,SGP,IDN,0574
380376,216,103,710,2013.0,4952.0,0.0,1.067287,1.2767110000000002,THA,IDN,0574
380377,231,103,710,2013.0,39343432.0,0.0,1.612058,-0.8592989999999999,USA,IDN,0574
380378,246,103,710,2013.0,1147053.0,0.0,0.11624100000000001,1.574591,ZAF,IDN,0574
380379,1,104,710,2013.0,2646996.0,0.0,-0.767212,-0.6506069999999999,AFG,IND,0574
380380,7,104,710,2013.0,44211.0,56645.0,-0.338417,-0.754102,ARE,IND,0574
380381,14,104,710,2013.0,96352.0,0.0,-0.63369,-0.276328,AUS,IND,0574
380382,15,104,710,2013.0,0.0,3815.0,1.855434,-1.06494,AUT,IND,0574
380383,22,104,710,2013.0,0.0,11637956.0,-0.835666,-0.8088810000000001,BGD,IND,0574
380384,24,104,710,2013.0,0.0,3499.0,0.080634,-0.6828890000000001,BHR,IND,0574
380385,32,104,710,2013.0,418577.0,0.0,0.2804,0.649729,BRA,IND,0574
380386,39,104,710,2013.0,27606.0,0.0,0.599305,1.193591,CAN,IND,0574
380387,42,104,710,2013.0,13785482.0,0.0,-0.184556,-0.238657,CHL,IND,0574
380388,43,104,710,2013.0,92920432.0,0.0,1.24864,0.667713,CHN,IND,0574
380389,61,104,710,2013.0,0.0,13123.0,2.1086869999999998,-3.7092,DEU,IND,0574
380390,73,104,710,2013.0,0.0,9149.0,-1.1373090000000001,-0.89186,ETH,IND,0574
380391,77,104,710,2013.0,233008.0,0.0,1.5253299999999999,0.026146,FRA,IND,0574
380392,81,104,710,2013.0,25667.0,0.0,1.628465,0.77075,GBR,IND,0574
380393,107,104,710,2013.0,6086996.0,0.0,-0.23625100000000002,-0.256067,IRN,IND,0574
380394,111,104,710,2013.0,523752.0,0.0,1.419383,-0.304402,ITA,IND,0574
380395,122,104,710,2013.0,0.0,18130.0,-1.198985,-1.057248,KWT,IND,0574
380396,128,104,710,2013.0,0.0,580368.0,-0.320583,0.44462399999999996,LKA,IND,0574
380397,137,104,710,2013.0,0.0,22280.0,-0.510204,-0.740372,MDV,IND,0574
380398,143,104,710,2013.0,16723.0,0.0,-1.147086,-0.6888989999999999,MMR,IND,0574
380399,159,104,710,2013.0,379698.0,0.0,-1.679402,-1.14686,NGA,IND,0574
380400,164,104,710,2013.0,4403.0,1210526.0,-0.08623,0.5143939999999999,NPL,IND,0574
380401,166,104,710,2013.0,10652234.0,1865.0,0.192237,0.429825,NZL,IND,0574
380402,168,104,710,2013.0,929659.0,0.0,-0.697224,0.501576,PAK,IND,0574
380403,177,104,710,2013.0,26809.0,0.0,1.11341,0.975734,POL,IND,0574
380404,183,104,710,2013.0,0.0,1206.0,-0.583609,-1.003754,QAT,IND,0574
380405,192,104,710,2013.0,0.0,2286.0,1.844685,0.639379,SGP,IND,0574
380406,206,104,710,2013.0,0.0,5811.0,1.510052,0.7060310000000001,SVK,IND,0574
380407,216,104,710,2013.0,1803.0,0.0,1.067287,1.2767110000000002,THA,IND,0574
380408,224,104,710,2013.0,66918.0,0.0,0.580016,2.394812,TUR,IND,0574
380409,231,104,710,2013.0,65356344.0,0.0,1.612058,-0.8592989999999999,USA,IND,0574
380410,246,104,710,2013.0,342329.0,0.0,0.11624100000000001,1.574591,ZAF,IND,0574
380411,250,104,710,2013.0,0.0,2478.0,0.583151,0.14238299999999998,ANS,IND,0574
380412,8,110,710,2013.0,118318.0,0.0,0.042829,0.461002,ARG,ISR,0574
380413,15,110,710,2013.0,0.0,13167.0,1.855434,-1.06494,AUT,ISR,0574
380414,43,110,710,2013.0,33315.0,0.0,1.24864,0.667713,CHN,ISR,0574
380415,58,110,710,2013.0,21538.0,42030.0,0.36482800000000004,0.527544,CYP,ISR,0574
380416,59,110,710,2013.0,0.0,14841.0,1.829509,-0.41787700000000005,CZE,ISR,0574
380417,61,110,710,2013.0,0.0,51817.0,2.1086869999999998,-3.7092,DEU,ISR,0574
380418,71,110,710,2013.0,383250.0,0.0,0.955472,1.80005,ESP,ISR,0574
380419,73,110,710,2013.0,0.0,66195.0,-1.1373090000000001,-0.89186,ETH,ISR,0574
380420,77,110,710,2013.0,3451959.0,3768.0,1.5253299999999999,0.026146,FRA,ISR,0574
380421,81,110,710,2013.0,138863.0,0.0,1.628465,0.77075,GBR,ISR,0574
380422,83,110,710,2013.0,0.0,22003.0,-0.696971,-0.5807939999999999,GHA,ISR,0574
380423,90,110,710,2013.0,577161.0,0.0,0.073442,0.9857899999999999,GRC,ISR,0574
380424,97,110,710,2013.0,0.0,18455.0,0.791401,1.249845,HKG,ISR,0574
380425,111,110,710,2013.0,7590240.0,26141.0,1.419383,-0.304402,ITA,ISR,0574
380426,113,110,710,2013.0,0.0,37188.0,0.1888,0.596867,JOR,ISR,0574
380427,128,110,710,2013.0,0.0,201543.0,-0.320583,0.44462399999999996,LKA,ISR,0574
380428,153,110,710,2013.0,0.0,139000.0,0.924532,0.671334,MYS,ISR,0574
380429,159,110,710,2013.0,51926.0,0.0,-1.679402,-1.14686,NGA,ISR,0574
380430,181,110,710,2013.0,1131.0,20681282.0,0.103716,0.762259,PSE,ISR,0574
380431,186,110,710,2013.0,0.0,85300.0,-0.08233,-0.267781,RUS,ISR,0574
380432,192,110,710,2013.0,0.0,296963.0,1.844685,0.639379,SGP,ISR,0574
380433,207,110,710,2013.0,0.0,7522.0,1.55922,0.565874,SVN,ISR,0574
380434,212,110,710,2013.0,0.0,13609000.0,-0.09157699999999999,1.1795950000000002,SYR,ISR,0574
380435,231,110,710,2013.0,8900053.0,0.0,1.612058,-0.8592989999999999,USA,ISR,0574
380436,4,111,710,2013.0,69544.0,2815496.0,-0.44779300000000005,-0.13181700000000002,ALB,ITA,0574
380437,7,111,710,2013.0,0.0,9234420.0,-0.338417,-0.754102,ARE,ITA,0574
380438,8,111,710,2013.0,1590381.0,0.0,0.042829,0.461002,ARG,ITA,0574
380439,9,111,710,2013.0,0.0,4841.0,-0.159148,-0.515766,ARM,ITA,0574
380440,15,111,710,2013.0,2592012.0,7639374.0,1.855434,-1.06494,AUT,ITA,0574
380441,16,111,710,2013.0,0.0,129796.0,-1.319766,-1.200648,AZE,ITA,0574
380442,18,111,710,2013.0,946984.0,10573128.0,1.198491,1.117268,BEL,ITA,0574
380443,19,111,710,2013.0,0.0,58009.0,-0.924213,-0.8181390000000001,BEN,ITA,0574
380444,22,111,710,2013.0,0.0,69288.0,-0.835666,-0.8088810000000001,BGD,ITA,0574
380445,23,111,710,2013.0,0.0,5121347.0,0.622325,1.5506229999999999,BGR,ITA,0574
380446,24,111,710,2013.0,0.0,966055.0,0.080634,-0.6828890000000001,BHR,ITA,0574
380447,26,111,710,2013.0,0.0,908703.0,0.723658,0.9271879999999999,BIH,ITA,0574
380448,28,111,710,2013.0,0.0,2319387.0,1.183522,0.934159,BLR,ITA,0574
380449,32,111,710,2013.0,38638.0,2279493.0,0.2804,0.649729,BRA,ITA,0574
380450,39,111,710,2013.0,0.0,183452.0,0.599305,1.193591,CAN,ITA,0574
380451,41,111,710,2013.0,228727.0,4489106.0,2.0899229999999998,0.661667,CHE,ITA,0574
380452,42,111,710,2013.0,10943131.0,0.0,-0.184556,-0.238657,CHL,ITA,0574
380453,43,111,710,2013.0,196137.0,30525.0,1.24864,0.667713,CHN,ITA,0574
380454,44,111,710,2013.0,0.0,56489.0,-1.0025870000000001,-0.901658,CIV,ITA,0574
380455,49,111,710,2013.0,0.0,620050.0,0.034491,-0.36975,COL,ITA,0574
380456,52,111,710,2013.0,0.0,60310.0,0.208669,-0.54783,CRI,ITA,0574
380457,58,111,710,2013.0,32646.0,5515622.0,0.36482800000000004,0.527544,CYP,ITA,0574
380458,59,111,710,2013.0,163417.0,13171889.0,1.829509,-0.41787700000000005,CZE,ITA,0574
380459,61,111,710,2013.0,3647039.0,318526464.0,2.1086869999999998,-3.7092,DEU,ITA,0574
380460,64,111,710,2013.0,0.0,28711652.0,1.190302,1.062991,DNK,ITA,0574
380461,66,111,710,2013.0,0.0,32207700.0,-1.53603,-1.104965,DZA,ITA,0574
380462,68,111,710,2013.0,0.0,16270356.0,-0.12015799999999999,1.793363,EGY,ITA,0574
380463,71,111,710,2013.0,2609184.0,111133504.0,0.955472,1.80005,ESP,ITA,0574
380464,72,111,710,2013.0,0.0,47496.0,0.923321,1.290016,EST,ITA,0574
380465,73,111,710,2013.0,0.0,76599.0,-1.1373090000000001,-0.89186,ETH,ITA,0574
380466,74,111,710,2013.0,0.0,10128456.0,1.700282,0.867677,FIN,ITA,0574
380467,77,111,710,2013.0,2511532.0,27794864.0,1.5253299999999999,0.026146,FRA,ITA,0574
380468,81,111,710,2013.0,2525.0,37170556.0,1.628465,0.77075,GBR,ITA,0574
380469,82,111,710,2013.0,0.0,47941.0,-0.08343099999999999,-0.359692,GEO,ITA,0574
380470,90,111,710,2013.0,136097.0,5708578.0,0.073442,0.9857899999999999,GRC,ITA,0574
380471,92,111,710,2013.0,0.0,1631.0,-1.119616,-0.802964,GRL,ITA,0574
380472,97,111,710,2013.0,0.0,107292.0,0.791401,1.249845,HKG,ITA,0574
380473,100,111,710,2013.0,847809.0,1006288.0,0.8737309999999999,1.276091,HRV,ITA,0574
380474,102,111,710,2013.0,1536898.0,2571552.0,1.6962560000000002,0.45460600000000007,HUN,ITA,0574
380475,104,111,710,2013.0,0.0,523752.0,0.18186,2.647598,IND,ITA,0574
380476,106,111,710,2013.0,0.0,2954948.0,1.32787,0.394579,IRL,ITA,0574
380477,108,111,710,2013.0,0.0,243787.0,-3.147217,-0.685991,IRQ,ITA,0574
380478,109,111,710,2013.0,0.0,736918.0,0.284089,-0.164097,ISL,ITA,0574
380479,110,111,710,2013.0,26141.0,7590240.0,1.0247629999999999,0.8261639999999999,ISR,ITA,0574
380480,113,111,710,2013.0,0.0,2467784.0,0.1888,0.596867,JOR,ITA,0574
380481,115,111,710,2013.0,0.0,238894.0,-0.9193819999999999,-0.734194,KAZ,ITA,0574
380482,116,111,710,2013.0,0.0,126844.0,-0.303119,0.626786,KEN,ITA,0574
380483,117,111,710,2013.0,0.0,1326.0,0.25090500000000004,0.7357279999999999,KGZ,ITA,0574
380484,122,111,710,2013.0,0.0,1306966.0,-1.198985,-1.057248,KWT,ITA,0574
380485,124,111,710,2013.0,0.0,510982.0,0.37392800000000004,1.413136,LBN,ITA,0574
380486,126,111,710,2013.0,0.0,63256560.0,-1.871593,-1.1211790000000001,LBY,ITA,0574
380487,128,111,710,2013.0,0.0,159757.0,-0.320583,0.44462399999999996,LKA,ITA,0574
380488,130,111,710,2013.0,0.0,13437748.0,0.677986,1.29227,LTU,ITA,0574
380489,131,111,710,2013.0,0.0,111545.0,1.0110190000000001,1.123226,LUX,ITA,0574
380490,132,111,710,2013.0,0.0,2197292.0,0.652463,1.299917,LVA,ITA,0574
380491,134,111,710,2013.0,0.0,217953.0,-0.474872,0.178118,MAR,ITA,0574
380492,135,111,710,2013.0,0.0,54565.0,0.14256,0.33920700000000004,MDA,ITA,0574
380493,137,111,710,2013.0,0.0,27981.0,-0.510204,-0.740372,MDV,ITA,0574
380494,140,111,710,2013.0,96914.0,161231.0,-0.127775,0.21915900000000002,MKD,ITA,0574
380495,142,111,710,2013.0,0.0,5342952.0,0.710108,-0.014586000000000002,MLT,ITA,0574
380496,144,111,710,2013.0,0.0,1057622.0,0.09597,-0.019953,MNE,ITA,0574
380497,145,111,710,2013.0,0.0,23621.0,-1.264785,-1.133222,MNG,ITA,0574
380498,148,111,710,2013.0,0.0,250697.0,-1.681152,-1.2712350000000001,MRT,ITA,0574
380499,151,111,710,2013.0,0.0,50027.0,-0.092312,0.050927,MUS,ITA,0574
380500,153,111,710,2013.0,0.0,464860.0,0.924532,0.671334,MYS,ITA,0574
380501,156,111,710,2013.0,0.0,4069.0,-0.262882,-0.63858,NCL,ITA,0574
380502,159,111,710,2013.0,58142.0,34831.0,-1.679402,-1.14686,NGA,ITA,0574
380503,162,111,710,2013.0,5348360.0,20236780.0,1.012006,1.441545,NLD,ITA,0574
380504,163,111,710,2013.0,32929.0,33273554.0,0.710901,0.062705,NOR,ITA,0574
380505,166,111,710,2013.0,337675.0,0.0,0.192237,0.429825,NZL,ITA,0574
380506,167,111,710,2013.0,0.0,331613.0,-0.698693,-1.030814,OMN,ITA,0574
380507,168,111,710,2013.0,0.0,79503.0,-0.697224,0.501576,PAK,ITA,0574
380508,174,111,710,2013.0,0.0,46034.0,0.639083,0.45816899999999994,PHL,ITA,0574
380509,177,111,710,2013.0,1998832.0,4724888.0,1.11341,0.975734,POL,ITA,0574
380510,179,111,710,2013.0,0.0,2078306.0,0.705087,2.2055580000000004,PRT,ITA,0574
380511,183,111,710,2013.0,0.0,496114.0,-0.583609,-1.003754,QAT,ITA,0574
380512,185,111,710,2013.0,552622.0,6871253.0,1.05722,1.0968799999999999,ROU,ITA,0574
380513,186,111,710,2013.0,0.0,22603608.0,-0.08233,-0.267781,RUS,ITA,0574
380514,188,111,710,2013.0,0.0,25176756.0,-0.14823599999999998,-0.883965,SAU,ITA,0574
380515,190,111,710,2013.0,0.0,65690.0,-1.224897,-1.059517,SDN,ITA,0574
380516,191,111,710,2013.0,0.0,384297.0,-0.566624,-0.185277,SEN,ITA,0574
380517,192,111,710,2013.0,0.0,289888.0,1.844685,0.639379,SGP,ITA,0574
380518,197,111,710,2013.0,0.0,18239.0,0.104046,0.46966,SLV,ITA,0574
380519,201,111,710,2013.0,533813.0,1412556.0,0.609755,1.355304,SRB,ITA,0574
380520,206,111,710,2013.0,1788006.0,3217781.0,1.510052,0.7060310000000001,SVK,ITA,0574
380521,207,111,710,2013.0,790499.0,1441073.0,1.55922,0.565874,SVN,ITA,0574
380522,208,111,710,2013.0,0.0,35370580.0,1.7851290000000002,0.182623,SWE,ITA,0574
380523,211,111,710,2013.0,0.0,12400.0,0.06901,-0.438229,SYC,ITA,0574
380524,215,111,710,2013.0,0.0,3561.0,-0.532095,-0.434276,TGO,ITA,0574
380525,223,111,710,2013.0,0.0,207752.0,0.40154,0.902177,TUN,ITA,0574
380526,224,111,710,2013.0,0.0,523146.0,0.580016,2.394812,TUR,ITA,0574
380527,227,111,710,2013.0,0.0,46754.0,-0.46170100000000003,0.652878,UGA,ITA,0574
380528,228,111,710,2013.0,1595.0,241020.0,0.535571,1.026263,UKR,ITA,0574
380529,230,111,710,2013.0,11399.0,121276.0,0.128825,0.02334,URY,ITA,0574
380530,231,111,710,2013.0,0.0,130546.0,1.612058,-0.8592989999999999,USA,ITA,0574
380531,232,111,710,2013.0,0.0,30081.0,-0.7076319999999999,-0.645674,UZB,ITA,0574
380532,243,111,710,2013.0,0.0,317732.0,-1.2788700000000002,-1.230713,YEM,ITA,0574
380533,246,111,710,2013.0,345856.0,0.0,0.11624100000000001,1.574591,ZAF,ITA,0574
380534,39,112,710,2013.0,0.0,1598.0,0.599305,1.193591,CAN,JAM,0574
380535,65,112,710,2013.0,4842.0,0.0,-0.272579,0.42750699999999997,DOM,JAM,0574
380536,81,112,710,2013.0,0.0,1869.0,1.628465,0.77075,GBR,JAM,0574
380537,231,112,710,2013.0,337320.0,0.0,1.612058,-0.8592989999999999,USA,JAM,0574
380538,7,113,710,2013.0,373506.0,19106.0,-0.338417,-0.754102,ARE,JOR,0574
380539,14,113,710,2013.0,6549.0,0.0,-0.63369,-0.276328,AUS,JOR,0574
380540,24,113,710,2013.0,0.0,28071.0,0.080634,-0.6828890000000001,BHR,JOR,0574
380541,26,113,710,2013.0,9977.0,0.0,0.723658,0.9271879999999999,BIH,JOR,0574
380542,42,113,710,2013.0,345540.0,0.0,-0.184556,-0.238657,CHL,JOR,0574
380543,43,113,710,2013.0,726295.0,0.0,1.24864,0.667713,CHN,JOR,0574
380544,61,113,710,2013.0,6656.0,0.0,2.1086869999999998,-3.7092,DEU,JOR,0574
380545,68,113,710,2013.0,0.0,466623.0,-0.12015799999999999,1.793363,EGY,JOR,0574
380546,71,113,710,2013.0,22222.0,0.0,0.955472,1.80005,ESP,JOR,0574
380547,77,113,710,2013.0,383648.0,0.0,1.5253299999999999,0.026146,FRA,JOR,0574
380548,90,113,710,2013.0,1284616.0,0.0,0.073442,0.9857899999999999,GRC,JOR,0574
380549,107,113,710,2013.0,36118.0,0.0,-0.23625100000000002,-0.256067,IRN,JOR,0574
380550,108,113,710,2013.0,0.0,1004324.0,-3.147217,-0.685991,IRQ,JOR,0574
380551,110,113,710,2013.0,37188.0,0.0,1.0247629999999999,0.8261639999999999,ISR,JOR,0574
380552,111,113,710,2013.0,2467784.0,0.0,1.419383,-0.304402,ITA,JOR,0574
380553,122,113,710,2013.0,13142.0,81161.0,-1.198985,-1.057248,KWT,JOR,0574
380554,124,113,710,2013.0,1631852.0,0.0,0.37392800000000004,1.413136,LBN,JOR,0574
380555,166,113,710,2013.0,29868.0,0.0,0.192237,0.429825,NZL,JOR,0574
380556,167,113,710,2013.0,0.0,11283.0,-0.698693,-1.030814,OMN,JOR,0574
380557,177,113,710,2013.0,248477.0,0.0,1.11341,0.975734,POL,JOR,0574
380558,183,113,710,2013.0,0.0,50644.0,-0.583609,-1.003754,QAT,JOR,0574
380559,188,113,710,2013.0,0.0,123674.0,-0.14823599999999998,-0.883965,SAU,JOR,0574
380560,212,113,710,2013.0,18923456.0,210669.0,-0.09157699999999999,1.1795950000000002,SYR,JOR,0574
380561,224,113,710,2013.0,1787176.0,0.0,0.580016,2.394812,TUR,JOR,0574
380562,231,113,710,2013.0,5600394.0,0.0,1.612058,-0.8592989999999999,USA,JOR,0574
380563,246,113,710,2013.0,63687.0,0.0,0.11624100000000001,1.574591,ZAF,JOR,0574
380564,7,121,710,2013.0,0.0,6163.0,-0.338417,-0.754102,ARE,KOR,0574
380565,24,121,710,2013.0,0.0,6240.0,0.080634,-0.6828890000000001,BHR,KOR,0574
380566,71,121,710,2013.0,0.0,2412.0,0.955472,1.80005,ESP,KOR,0574
380567,95,121,710,2013.0,0.0,15628.0,0.425936,-0.069886,GUM,KOR,0574
380568,97,121,710,2013.0,0.0,892712.0,0.791401,1.249845,HKG,KOR,0574
380569,103,121,710,2013.0,0.0,97705.0,-0.006876999999999999,1.8336569999999999,IDN,KOR,0574
380570,119,121,710,2013.0,0.0,2448.0,-0.556555,-0.71082,KIR,KOR,0574
380571,122,121,710,2013.0,0.0,5865.0,-1.198985,-1.057248,KWT,KOR,0574
380572,145,121,710,2013.0,0.0,5476.0,-1.264785,-1.133222,MNG,KOR,0574
380573,146,121,710,2013.0,0.0,2647.0,0.80814,0.127585,MNP,KOR,0574
380574,153,121,710,2013.0,0.0,24499.0,0.924532,0.671334,MYS,KOR,0574
380575,174,121,710,2013.0,0.0,37073.0,0.639083,0.45816899999999994,PHL,KOR,0574
380576,186,121,710,2013.0,0.0,660750.0,-0.08233,-0.267781,RUS,KOR,0574
380577,192,121,710,2013.0,0.0,858426.0,1.844685,0.639379,SGP,KOR,0574
380578,216,121,710,2013.0,0.0,163387.0,1.067287,1.2767110000000002,THA,KOR,0574
380579,231,121,710,2013.0,97011.0,47869.0,1.612058,-0.8592989999999999,USA,KOR,0574
380580,239,121,710,2013.0,0.0,228611.0,0.009264,1.182368,VNM,KOR,0574
380581,249,121,710,2013.0,0.0,3787466.0,1.7382849999999999,0.9917739999999999,TWN,KOR,0574
380582,1,122,710,2013.0,0.0,3359.0,-0.767212,-0.6506069999999999,AFG,KWT,0574
380583,7,122,710,2013.0,4384750.0,12071.0,-0.338417,-0.754102,ARE,KWT,0574
380584,8,122,710,2013.0,19779.0,0.0,0.042829,0.461002,ARG,KWT,0574
380585,14,122,710,2013.0,1141.0,0.0,-0.63369,-0.276328,AUS,KWT,0574
380586,24,122,710,2013.0,6307.0,7926.0,0.080634,-0.6828890000000001,BHR,KWT,0574
380587,32,122,710,2013.0,45117.0,0.0,0.2804,0.649729,BRA,KWT,0574
380588,42,122,710,2013.0,2869940.0,0.0,-0.184556,-0.238657,CHL,KWT,0574
380589,43,122,710,2013.0,834579.0,0.0,1.24864,0.667713,CHN,KWT,0574
380590,61,122,710,2013.0,3278.0,0.0,2.1086869999999998,-3.7092,DEU,KWT,0574
380591,68,122,710,2013.0,2985.0,0.0,-0.12015799999999999,1.793363,EGY,KWT,0574
380592,71,122,710,2013.0,211065.0,0.0,0.955472,1.80005,ESP,KWT,0574
380593,77,122,710,2013.0,1831860.0,0.0,1.5253299999999999,0.026146,FRA,KWT,0574
380594,90,122,710,2013.0,51244.0,0.0,0.073442,0.9857899999999999,GRC,KWT,0574
380595,103,122,710,2013.0,1077.0,0.0,-0.006876999999999999,1.8336569999999999,IDN,KWT,0574
380596,104,122,710,2013.0,18130.0,0.0,0.18186,2.647598,IND,KWT,0574
380597,107,122,710,2013.0,2095194.0,0.0,-0.23625100000000002,-0.256067,IRN,KWT,0574
380598,108,122,710,2013.0,0.0,1193699.0,-3.147217,-0.685991,IRQ,KWT,0574
380599,111,122,710,2013.0,1306966.0,0.0,1.419383,-0.304402,ITA,KWT,0574
380600,113,122,710,2013.0,81161.0,13142.0,0.1888,0.596867,JOR,KWT,0574
380601,121,122,710,2013.0,5865.0,0.0,1.817145,0.835414,KOR,KWT,0574
380602,124,122,710,2013.0,570638.0,0.0,0.37392800000000004,1.413136,LBN,KWT,0574
380603,128,122,710,2013.0,6196.0,0.0,-0.320583,0.44462399999999996,LKA,KWT,0574
380604,153,122,710,2013.0,1604.0,0.0,0.924532,0.671334,MYS,KWT,0574
380605,166,122,710,2013.0,788952.0,0.0,0.192237,0.429825,NZL,KWT,0574
380606,167,122,710,2013.0,52967.0,2818.0,-0.698693,-1.030814,OMN,KWT,0574
380607,168,122,710,2013.0,1129.0,0.0,-0.697224,0.501576,PAK,KWT,0574
380608,188,122,710,2013.0,199165.0,134135.0,-0.14823599999999998,-0.883965,SAU,KWT,0574
380609,207,122,710,2013.0,2263.0,0.0,1.55922,0.565874,SVN,KWT,0574
380610,212,122,710,2013.0,67953.0,0.0,-0.09157699999999999,1.1795950000000002,SYR,KWT,0574
380611,216,122,710,2013.0,35040.0,0.0,1.067287,1.2767110000000002,THA,KWT,0574
380612,224,122,710,2013.0,41000.0,0.0,0.580016,2.394812,TUR,KWT,0574
380613,230,122,710,2013.0,1333.0,0.0,0.128825,0.02334,URY,KWT,0574
380614,231,122,710,2013.0,2868020.0,0.0,1.612058,-0.8592989999999999,USA,KWT,0574
380615,243,122,710,2013.0,1376.0,0.0,-1.2788700000000002,-1.230713,YEM,KWT,0574
380616,246,122,710,2013.0,472502.0,0.0,0.11624100000000001,1.574591,ZAF,KWT,0574
380617,29,138,710,2013.0,0.0,457965.0,-0.459154,-0.465912,BLZ,MEX,0574
380618,39,138,710,2013.0,559943.0,13932.0,0.599305,1.193591,CAN,MEX,0574
380619,42,138,710,2013.0,4417746.0,0.0,-0.184556,-0.238657,CHL,MEX,0574
380620,93,138,710,2013.0,0.0,8580.0,-0.220165,0.661111,GTM,MEX,0574
380621,160,138,710,2013.0,0.0,8381.0,-0.7956479999999999,-0.596061,NIC,MEX,0574
380622,166,138,710,2013.0,617259.0,0.0,0.192237,0.429825,NZL,MEX,0574
380623,231,138,710,2013.0,332042112.0,0.0,1.612058,-0.8592989999999999,USA,MEX,0574
380624,7,153,710,2013.0,0.0,1847.0,-0.338417,-0.754102,ARE,MYS,0574
380625,14,153,710,2013.0,429450.0,0.0,-0.63369,-0.276328,AUS,MYS,0574
380626,39,153,710,2013.0,4235.0,0.0,0.599305,1.193591,CAN,MYS,0574
380627,42,153,710,2013.0,23821.0,0.0,-0.184556,-0.238657,CHL,MYS,0574
380628,43,153,710,2013.0,43537020.0,0.0,1.24864,0.667713,CHN,MYS,0574
380629,58,153,710,2013.0,46408.0,0.0,0.36482800000000004,0.527544,CYP,MYS,0574
380630,61,153,710,2013.0,19011.0,0.0,2.1086869999999998,-3.7092,DEU,MYS,0574
380631,71,153,710,2013.0,98000.0,0.0,0.955472,1.80005,ESP,MYS,0574
380632,77,153,710,2013.0,5802920.0,0.0,1.5253299999999999,0.026146,FRA,MYS,0574
380633,81,153,710,2013.0,1328.0,0.0,1.628465,0.77075,GBR,MYS,0574
380634,97,153,710,2013.0,85612.0,0.0,0.791401,1.249845,HKG,MYS,0574
380635,103,153,710,2013.0,91803.0,736268.0,-0.006876999999999999,1.8336569999999999,IDN,MYS,0574
380636,110,153,710,2013.0,139000.0,0.0,1.0247629999999999,0.8261639999999999,ISR,MYS,0574
380637,111,153,710,2013.0,464860.0,0.0,1.419383,-0.304402,ITA,MYS,0574
380638,114,153,710,2013.0,122034.0,0.0,2.333417,-0.818701,JPN,MYS,0574
380639,118,153,710,2013.0,0.0,200551.0,-0.634876,-0.714886,KHM,MYS,0574
380640,121,153,710,2013.0,24499.0,0.0,1.817145,0.835414,KOR,MYS,0574
380641,122,153,710,2013.0,0.0,1604.0,-1.198985,-1.057248,KWT,MYS,0574
380642,137,153,710,2013.0,0.0,2569.0,-0.510204,-0.740372,MDV,MYS,0574
380643,143,153,710,2013.0,0.0,16512.0,-1.147086,-0.6888989999999999,MMR,MYS,0574
380644,166,153,710,2013.0,9408094.0,0.0,0.192237,0.429825,NZL,MYS,0574
380645,174,153,710,2013.0,0.0,2057.0,0.639083,0.45816899999999994,PHL,MYS,0574
380646,179,153,710,2013.0,40656.0,0.0,0.705087,2.2055580000000004,PRT,MYS,0574
380647,188,153,710,2013.0,1246.0,0.0,-0.14823599999999998,-0.883965,SAU,MYS,0574
380648,192,153,710,2013.0,2624810.0,299982.0,1.844685,0.639379,SGP,MYS,0574
380649,216,153,710,2013.0,11544.0,438507.0,1.067287,1.2767110000000002,THA,MYS,0574
380650,224,153,710,2013.0,52957.0,0.0,0.580016,2.394812,TUR,MYS,0574
380651,231,153,710,2013.0,13271886.0,0.0,1.612058,-0.8592989999999999,USA,MYS,0574
380652,239,153,710,2013.0,0.0,304584.0,0.009264,1.182368,VNM,MYS,0574
380653,246,153,710,2013.0,27492036.0,0.0,0.11624100000000001,1.574591,ZAF,MYS,0574
380654,249,153,710,2013.0,1774.0,0.0,1.7382849999999999,0.9917739999999999,TWN,MYS,0574
380655,0,162,710,2013.0,0.0,32801.0,0.598533,0.032199,ABW,NLD,0574
380656,7,162,710,2013.0,0.0,437958.0,-0.338417,-0.754102,ARE,NLD,0574
380657,8,162,710,2013.0,23500482.0,0.0,0.042829,0.461002,ARG,NLD,0574
380658,15,162,710,2013.0,396445.0,3974981.0,1.855434,-1.06494,AUT,NLD,0574
380659,16,162,710,2013.0,0.0,8072.0,-1.319766,-1.200648,AZE,NLD,0574
380660,18,162,710,2013.0,46394392.0,49867684.0,1.198491,1.117268,BEL,NLD,0574
380661,21,162,710,2013.0,0.0,4826.0,-0.7231029999999999,-0.736291,BFA,NLD,0574
380662,23,162,710,2013.0,0.0,75265.0,0.622325,1.5506229999999999,BGR,NLD,0574
380663,26,162,710,2013.0,59206.0,0.0,0.723658,0.9271879999999999,BIH,NLD,0574
380664,28,162,710,2013.0,0.0,1283381.0,1.183522,0.934159,BLR,NLD,0574
380665,32,162,710,2013.0,17355252.0,38028.0,0.2804,0.649729,BRA,NLD,0574
380666,39,162,710,2013.0,0.0,82765.0,0.599305,1.193591,CAN,NLD,0574
380667,41,162,710,2013.0,45784.0,3404910.0,2.0899229999999998,0.661667,CHE,NLD,0574
380668,42,162,710,2013.0,93575280.0,0.0,-0.184556,-0.238657,CHL,NLD,0574
380669,43,162,710,2013.0,1606300.0,0.0,1.24864,0.667713,CHN,NLD,0574
380670,44,162,710,2013.0,0.0,130220.0,-1.0025870000000001,-0.901658,CIV,NLD,0574
380671,45,162,710,2013.0,0.0,6411.0,-0.93575,-1.003851,CMR,NLD,0574
380672,55,162,710,2013.0,0.0,66159.0,-0.145402,-0.556962,CUW,NLD,0574
380673,58,162,710,2013.0,0.0,622533.0,0.36482800000000004,0.527544,CYP,NLD,0574
380674,59,162,710,2013.0,65839.0,4292832.0,1.829509,-0.41787700000000005,CZE,NLD,0574
380675,61,162,710,2013.0,10344025.0,167810400.0,2.1086869999999998,-3.7092,DEU,NLD,0574
380676,64,162,710,2013.0,690643.0,11158409.0,1.190302,1.062991,DNK,NLD,0574
380677,66,162,710,2013.0,0.0,24408.0,-1.53603,-1.104965,DZA,NLD,0574
380678,71,162,710,2013.0,2862764.0,6501292.0,0.955472,1.80005,ESP,NLD,0574
380679,72,162,710,2013.0,0.0,714576.0,0.923321,1.290016,EST,NLD,0574
380680,73,162,710,2013.0,0.0,23070.0,-1.1373090000000001,-0.89186,ETH,NLD,0574
380681,74,162,710,2013.0,21825.0,8267110.0,1.700282,0.867677,FIN,NLD,0574
380682,77,162,710,2013.0,48149148.0,47157728.0,1.5253299999999999,0.026146,FRA,NLD,0574
380683,80,162,710,2013.0,0.0,11152.0,-1.652062,-1.140576,GAB,NLD,0574
380684,81,162,710,2013.0,3051843.0,25779148.0,1.628465,0.77075,GBR,NLD,0574
380685,82,162,710,2013.0,0.0,400657.0,-0.08343099999999999,-0.359692,GEO,NLD,0574
380686,83,162,710,2013.0,0.0,3415.0,-0.696971,-0.5807939999999999,GHA,NLD,0574
380687,84,162,710,2013.0,0.0,105856.0,0.348423,-0.521683,GIB,NLD,0574
380688,85,162,710,2013.0,0.0,1923.0,-1.281072,-1.027585,GIN,NLD,0574
380689,89,162,710,2013.0,0.0,51735.0,-1.7984200000000001,-0.678832,GNQ,NLD,0574
380690,90,162,710,2013.0,34464.0,1256748.0,0.073442,0.9857899999999999,GRC,NLD,0574
380691,92,162,710,2013.0,0.0,1785.0,-1.119616,-0.802964,GRL,NLD,0574
380692,97,162,710,2013.0,0.0,214341.0,0.791401,1.249845,HKG,NLD,0574
380693,100,162,710,2013.0,0.0,168323.0,0.8737309999999999,1.276091,HRV,NLD,0574
380694,102,162,710,2013.0,208595.0,545794.0,1.6962560000000002,0.45460600000000007,HUN,NLD,0574
380695,106,162,710,2013.0,91646.0,4166577.0,1.32787,0.394579,IRL,NLD,0574
380696,109,162,710,2013.0,0.0,3847087.0,0.284089,-0.164097,ISL,NLD,0574
380697,111,162,710,2013.0,20236780.0,5348360.0,1.419383,-0.304402,ITA,NLD,0574
380698,115,162,710,2013.0,0.0,370681.0,-0.9193819999999999,-0.734194,KAZ,NLD,0574
380699,124,162,710,2013.0,0.0,7014.0,0.37392800000000004,1.413136,LBN,NLD,0574
380700,125,162,710,2013.0,0.0,349488.0,-0.8343229999999999,-0.992129,LBR,NLD,0574
380701,126,162,710,2013.0,0.0,181343.0,-1.871593,-1.1211790000000001,LBY,NLD,0574
380702,130,162,710,2013.0,3368.0,2210861.0,0.677986,1.29227,LTU,NLD,0574
380703,131,162,710,2013.0,0.0,428930.0,1.0110190000000001,1.123226,LUX,NLD,0574
380704,132,162,710,2013.0,0.0,2290198.0,0.652463,1.299917,LVA,NLD,0574
380705,134,162,710,2013.0,0.0,6279.0,-0.474872,0.178118,MAR,NLD,0574
380706,135,162,710,2013.0,11520.0,101733.0,0.14256,0.33920700000000004,MDA,NLD,0574
380707,137,162,710,2013.0,0.0,1563.0,-0.510204,-0.740372,MDV,NLD,0574
380708,140,162,710,2013.0,7995.0,0.0,-0.127775,0.21915900000000002,MKD,NLD,0574
380709,142,162,710,2013.0,0.0,1231796.0,0.710108,-0.014586000000000002,MLT,NLD,0574
380710,148,162,710,2013.0,0.0,8108.0,-1.681152,-1.2712350000000001,MRT,NLD,0574
380711,157,162,710,2013.0,0.0,19840.0,-1.0008350000000001,-0.8325670000000001,NER,NLD,0574
380712,159,162,710,2013.0,0.0,5101.0,-1.679402,-1.14686,NGA,NLD,0574
380713,163,162,710,2013.0,180924.0,7658092.0,0.710901,0.062705,NOR,NLD,0574
380714,166,162,710,2013.0,46243300.0,0.0,0.192237,0.429825,NZL,NLD,0574
380715,167,162,710,2013.0,0.0,20417.0,-0.698693,-1.030814,OMN,NLD,0574
380716,177,162,710,2013.0,4939365.0,5479055.0,1.11341,0.975734,POL,NLD,0574
380717,179,162,710,2013.0,1077666.0,897355.0,0.705087,2.2055580000000004,PRT,NLD,0574
380718,183,162,710,2013.0,0.0,101463.0,-0.583609,-1.003754,QAT,NLD,0574
380719,185,162,710,2013.0,144856.0,451713.0,1.05722,1.0968799999999999,ROU,NLD,0574
380720,186,162,710,2013.0,0.0,4553041.0,-0.08233,-0.267781,RUS,NLD,0574
380721,188,162,710,2013.0,0.0,78815.0,-0.14823599999999998,-0.883965,SAU,NLD,0574
380722,190,162,710,2013.0,0.0,12188.0,-1.224897,-1.059517,SDN,NLD,0574
380723,191,162,710,2013.0,0.0,3191.0,-0.566624,-0.185277,SEN,NLD,0574
380724,192,162,710,2013.0,0.0,32238.0,1.844685,0.639379,SGP,NLD,0574
380725,196,162,710,2013.0,0.0,117385.0,-0.42937700000000006,-0.529857,SLE,NLD,0574
380726,201,162,710,2013.0,120513.0,69700.0,0.609755,1.355304,SRB,NLD,0574
380727,206,162,710,2013.0,617012.0,2002104.0,1.510052,0.7060310000000001,SVK,NLD,0574
380728,207,162,710,2013.0,78438.0,133635.0,1.55922,0.565874,SVN,NLD,0574
380729,208,162,710,2013.0,16727.0,11146781.0,1.7851290000000002,0.182623,SWE,NLD,0574
380730,216,162,710,2013.0,2389.0,20092.0,1.067287,1.2767110000000002,THA,NLD,0574
380731,224,162,710,2013.0,50285.0,339556.0,0.580016,2.394812,TUR,NLD,0574
380732,228,162,710,2013.0,0.0,881544.0,0.535571,1.026263,UKR,NLD,0574
380733,230,162,710,2013.0,46909.0,0.0,0.128825,0.02334,URY,NLD,0574
380734,231,162,710,2013.0,119267.0,0.0,1.612058,-0.8592989999999999,USA,NLD,0574
380735,246,162,710,2013.0,31127482.0,0.0,0.11624100000000001,1.574591,ZAF,NLD,0574
380736,250,162,710,2013.0,463153.0,103730.0,0.583151,0.14238299999999998,ANS,NLD,0574
380737,8,163,710,2013.0,2975648.0,0.0,0.042829,0.461002,ARG,NOR,0574
380738,15,163,710,2013.0,1172547.0,0.0,1.855434,-1.06494,AUT,NOR,0574
380739,18,163,710,2013.0,1053117.0,0.0,1.198491,1.117268,BEL,NOR,0574
380740,26,163,710,2013.0,190345.0,0.0,0.723658,0.9271879999999999,BIH,NOR,0574
380741,32,163,710,2013.0,199495.0,0.0,0.2804,0.649729,BRA,NOR,0574
380742,41,163,710,2013.0,5805.0,0.0,2.0899229999999998,0.661667,CHE,NOR,0574
380743,42,163,710,2013.0,4721204.0,0.0,-0.184556,-0.238657,CHL,NOR,0574
380744,43,163,710,2013.0,1137747.0,0.0,1.24864,0.667713,CHN,NOR,0574
380745,61,163,710,2013.0,1107022.0,0.0,2.1086869999999998,-3.7092,DEU,NOR,0574
380746,64,163,710,2013.0,87644.0,19030.0,1.190302,1.062991,DNK,NOR,0574
380747,68,163,710,2013.0,1615.0,0.0,-0.12015799999999999,1.793363,EGY,NOR,0574
380748,71,163,710,2013.0,209494.0,0.0,0.955472,1.80005,ESP,NOR,0574
380749,72,163,710,2013.0,1481.0,0.0,0.923321,1.290016,EST,NOR,0574
380750,77,163,710,2013.0,3382173.0,12142.0,1.5253299999999999,0.026146,FRA,NOR,0574
380751,100,163,710,2013.0,19373.0,0.0,0.8737309999999999,1.276091,HRV,NOR,0574
380752,111,163,710,2013.0,33273554.0,32929.0,1.419383,-0.304402,ITA,NOR,0574
380753,140,163,710,2013.0,18697.0,0.0,-0.127775,0.21915900000000002,MKD,NOR,0574
380754,162,163,710,2013.0,7658092.0,180924.0,1.012006,1.441545,NLD,NOR,0574
380755,166,163,710,2013.0,1681227.0,0.0,0.192237,0.429825,NZL,NOR,0574
380756,173,163,710,2013.0,9626.0,0.0,-0.640044,0.121772,PER,NOR,0574
380757,177,163,710,2013.0,3364192.0,28431.0,1.11341,0.975734,POL,NOR,0574
380758,179,163,710,2013.0,1253.0,0.0,0.705087,2.2055580000000004,PRT,NOR,0574
380759,186,163,710,2013.0,1924.0,0.0,-0.08233,-0.267781,RUS,NOR,0574
380760,201,163,710,2013.0,1096.0,0.0,0.609755,1.355304,SRB,NOR,0574
380761,208,163,710,2013.0,857649.0,43213.0,1.7851290000000002,0.182623,SWE,NOR,0574
380762,230,163,710,2013.0,64844.0,0.0,0.128825,0.02334,URY,NOR,0574
380763,246,163,710,2013.0,1069095.0,0.0,0.11624100000000001,1.574591,ZAF,NOR,0574
380764,1,166,710,2013.0,0.0,27348.0,-0.767212,-0.6506069999999999,AFG,NZL,0574
380765,7,166,710,2013.0,0.0,22985086.0,-0.338417,-0.754102,ARE,NZL,0574
380766,10,166,710,2013.0,0.0,186384.0,0.5701109999999999,-0.113648,ASM,NZL,0574
380767,14,166,710,2013.0,13659.0,126038.0,-0.63369,-0.276328,AUS,NZL,0574
380768,15,166,710,2013.0,0.0,378335.0,1.855434,-1.06494,AUT,NZL,0574
380769,18,166,710,2013.0,0.0,30704526.0,1.198491,1.117268,BEL,NZL,0574
380770,22,166,710,2013.0,0.0,1133016.0,-0.835666,-0.8088810000000001,BGD,NZL,0574
380771,24,166,710,2013.0,0.0,114566.0,0.080634,-0.6828890000000001,BHR,NZL,0574
380772,28,166,710,2013.0,0.0,6643.0,1.183522,0.934159,BLR,NZL,0574
380773,33,166,710,2013.0,0.0,355820.0,0.607845,0.09196,BRB,NZL,0574
380774,34,166,710,2013.0,0.0,165045.0,-1.664,-0.663172,BRN,NZL,0574
380775,39,166,710,2013.0,0.0,10782425.0,0.599305,1.193591,CAN,NZL,0574
380776,41,166,710,2013.0,0.0,4321116.0,2.0899229999999998,0.661667,CHE,NZL,0574
380777,43,166,710,2013.0,0.0,20609852.0,1.24864,0.667713,CHN,NZL,0574
380778,44,166,710,2013.0,0.0,1360.0,-1.0025870000000001,-0.901658,CIV,NZL,0574
380779,48,166,710,2013.0,0.0,97962.0,0.630868,-0.151265,COK,NZL,0574
380780,59,166,710,2013.0,0.0,40271.0,1.829509,-0.41787700000000005,CZE,NZL,0574
380781,61,166,710,2013.0,0.0,18149958.0,2.1086869999999998,-3.7092,DEU,NZL,0574
380782,64,166,710,2013.0,0.0,1245060.0,1.190302,1.062991,DNK,NZL,0574
380783,68,166,710,2013.0,0.0,21092.0,-0.12015799999999999,1.793363,EGY,NZL,0574
380784,71,166,710,2013.0,0.0,4623178.0,0.955472,1.80005,ESP,NZL,0574
380785,72,166,710,2013.0,0.0,1601.0,0.923321,1.290016,EST,NZL,0574
380786,73,166,710,2013.0,0.0,4043.0,-1.1373090000000001,-0.89186,ETH,NZL,0574
380787,74,166,710,2013.0,0.0,68771.0,1.700282,0.867677,FIN,NZL,0574
380788,75,166,710,2013.0,0.0,2299098.0,-0.374639,-0.140308,FJI,NZL,0574
380789,77,166,710,2013.0,0.0,5135702.0,1.5253299999999999,0.026146,FRA,NZL,0574
380790,81,166,710,2013.0,0.0,54592068.0,1.628465,0.77075,GBR,NZL,0574
380791,92,166,710,2013.0,0.0,2573.0,-1.119616,-0.802964,GRL,NZL,0574
380792,95,166,710,2013.0,0.0,15413.0,0.425936,-0.069886,GUM,NZL,0574
380793,97,166,710,2013.0,0.0,14991696.0,0.791401,1.249845,HKG,NZL,0574
380794,103,166,710,2013.0,0.0,5185581.0,-0.006876999999999999,1.8336569999999999,IDN,NZL,0574
380795,104,166,710,2013.0,1865.0,10652234.0,0.18186,2.647598,IND,NZL,0574
380796,106,166,710,2013.0,0.0,2587352.0,1.32787,0.394579,IRL,NZL,0574
380797,109,166,710,2013.0,0.0,64240.0,0.284089,-0.164097,ISL,NZL,0574
380798,111,166,710,2013.0,0.0,337675.0,1.419383,-0.304402,ITA,NZL,0574
380799,113,166,710,2013.0,0.0,29868.0,0.1888,0.596867,JOR,NZL,0574
380800,114,166,710,2013.0,0.0,4356532.0,2.333417,-0.818701,JPN,NZL,0574
380801,115,166,710,2013.0,0.0,1010.0,-0.9193819999999999,-0.734194,KAZ,NZL,0574
380802,118,166,710,2013.0,0.0,348588.0,-0.634876,-0.714886,KHM,NZL,0574
380803,119,166,710,2013.0,0.0,11445.0,-0.556555,-0.71082,KIR,NZL,0574
380804,122,166,710,2013.0,0.0,788952.0,-1.198985,-1.057248,KWT,NZL,0574
380805,124,166,710,2013.0,0.0,4101.0,0.37392800000000004,1.413136,LBN,NZL,0574
380806,128,166,710,2013.0,0.0,2394897.0,-0.320583,0.44462399999999996,LKA,NZL,0574
380807,131,166,710,2013.0,0.0,129244.0,1.0110190000000001,1.123226,LUX,NZL,0574
380808,132,166,710,2013.0,0.0,21778.0,0.652463,1.299917,LVA,NZL,0574
380809,134,166,710,2013.0,0.0,3016.0,-0.474872,0.178118,MAR,NZL,0574
380810,136,166,710,2013.0,0.0,1133.0,-0.786091,-0.611478,MDG,NZL,0574
380811,137,166,710,2013.0,0.0,662509.0,-0.510204,-0.740372,MDV,NZL,0574
380812,138,166,710,2013.0,0.0,617259.0,1.2327219999999999,0.746108,MEX,NZL,0574
380813,141,166,710,2013.0,0.0,6158.0,-1.046677,-0.980809,MLI,NZL,0574
380814,142,166,710,2013.0,0.0,156191.0,0.710108,-0.014586000000000002,MLT,NZL,0574
380815,153,166,710,2013.0,0.0,9408094.0,0.924532,0.671334,MYS,NZL,0574
380816,156,166,710,2013.0,0.0,2092927.0,-0.262882,-0.63858,NCL,NZL,0574
380817,161,166,710,2013.0,0.0,10355.0,1.970706,0.6028560000000001,NIU,NZL,0574
380818,162,166,710,2013.0,0.0,46243300.0,1.012006,1.441545,NLD,NZL,0574
380819,163,166,710,2013.0,0.0,1681227.0,0.710901,0.062705,NOR,NZL,0574
380820,165,166,710,2013.0,0.0,3844.0,0.8192159999999999,-0.383742,NRU,NZL,0574
380821,167,166,710,2013.0,0.0,903440.0,-0.698693,-1.030814,OMN,NZL,0574
380822,168,166,710,2013.0,0.0,646112.0,-0.697224,0.501576,PAK,NZL,0574
380823,174,166,710,2013.0,0.0,915089.0,0.639083,0.45816899999999994,PHL,NZL,0574
380824,176,166,710,2013.0,0.0,2088637.0,-1.508233,-1.163478,PNG,NZL,0574
380825,177,166,710,2013.0,0.0,63314.0,1.11341,0.975734,POL,NZL,0574
380826,179,166,710,2013.0,0.0,541891.0,0.705087,2.2055580000000004,PRT,NZL,0574
380827,182,166,710,2013.0,0.0,954415.0,-0.118172,-0.620256,PYF,NZL,0574
380828,183,166,710,2013.0,0.0,502503.0,-0.583609,-1.003754,QAT,NZL,0574
380829,186,166,710,2013.0,0.0,7557880.0,-0.08233,-0.267781,RUS,NZL,0574
380830,188,166,710,2013.0,0.0,255145.0,-0.14823599999999998,-0.883965,SAU,NZL,0574
380831,190,166,710,2013.0,0.0,36466.0,-1.224897,-1.059517,SDN,NZL,0574
380832,192,166,710,2013.0,0.0,12087619.0,1.844685,0.639379,SGP,NZL,0574
380833,195,166,710,2013.0,0.0,260014.0,-1.092566,-0.7936310000000001,SLB,NZL,0574
380834,206,166,710,2013.0,0.0,4381.0,1.510052,0.7060310000000001,SVK,NZL,0574
380835,207,166,710,2013.0,0.0,9538.0,1.55922,0.565874,SVN,NZL,0574
380836,208,166,710,2013.0,0.0,3648913.0,1.7851290000000002,0.182623,SWE,NZL,0574
380837,211,166,710,2013.0,0.0,126224.0,0.06901,-0.438229,SYC,NZL,0574
380838,216,166,710,2013.0,0.0,34852924.0,1.067287,1.2767110000000002,THA,NZL,0574
380839,218,166,710,2013.0,0.0,1308.0,0.741701,0.44271400000000005,TKL,NZL,0574
380840,221,166,710,2013.0,0.0,114744.0,0.31217399999999995,-0.21186,TON,NZL,0574
380841,222,166,710,2013.0,0.0,143279.0,-0.399437,-1.047864,TTO,NZL,0574
380842,225,166,710,2013.0,0.0,10338.0,0.05218099999999999,-0.524861,TUV,NZL,0574
380843,231,166,710,2013.0,1189218.0,45960852.0,1.612058,-0.8592989999999999,USA,NZL,0574
380844,239,166,710,2013.0,0.0,5829582.0,0.009264,1.182368,VNM,NZL,0574
380845,240,166,710,2013.0,0.0,197052.0,-0.43518999999999997,-0.6206010000000001,VUT,NZL,0574
380846,241,166,710,2013.0,0.0,16152.0,1.758949,-0.121598,WLF,NZL,0574
380847,242,166,710,2013.0,0.0,234887.0,0.877785,0.277918,WSM,NZL,0574
380848,243,166,710,2013.0,0.0,454601.0,-1.2788700000000002,-1.230713,YEM,NZL,0574
380849,249,166,710,2013.0,0.0,9973614.0,1.7382849999999999,0.9917739999999999,TWN,NZL,0574
380850,250,166,710,2013.0,0.0,33227474.0,0.583151,0.14238299999999998,ANS,NZL,0574
380851,24,169,710,2013.0,4120.0,0.0,0.080634,-0.6828890000000001,BHR,PAN,0574
380852,42,169,710,2013.0,2419068.0,0.0,-0.184556,-0.238657,CHL,PAN,0574
380853,43,169,710,2013.0,63433.0,0.0,1.24864,0.667713,CHN,PAN,0574
380854,49,169,710,2013.0,0.0,1001.0,0.034491,-0.36975,COL,PAN,0574
380855,71,169,710,2013.0,23593.0,0.0,0.955472,1.80005,ESP,PAN,0574
380856,228,169,710,2013.0,8290.0,0.0,0.535571,1.026263,UKR,PAN,0574
380857,231,169,710,2013.0,5782398.0,0.0,1.612058,-0.8592989999999999,USA,PAN,0574
380858,8,173,710,2013.0,264465.0,0.0,0.042829,0.461002,ARG,PER,0574
380859,15,173,710,2013.0,0.0,4767.0,1.855434,-1.06494,AUT,PER,0574
380860,31,173,710,2013.0,0.0,43134.0,-1.1429610000000001,-1.0076120000000002,BOL,PER,0574
380861,32,173,710,2013.0,0.0,3975.0,0.2804,0.649729,BRA,PER,0574
380862,39,173,710,2013.0,0.0,9315.0,0.599305,1.193591,CAN,PER,0574
380863,42,173,710,2013.0,25924308.0,0.0,-0.184556,-0.238657,CHL,PER,0574
380864,61,173,710,2013.0,0.0,20205.0,2.1086869999999998,-3.7092,DEU,PER,0574
380865,67,173,710,2013.0,0.0,1244538.0,-0.8251790000000001,-0.9347200000000001,ECU,PER,0574
380866,77,173,710,2013.0,0.0,1291.0,1.5253299999999999,0.026146,FRA,PER,0574
380867,106,173,710,2013.0,0.0,3013.0,1.32787,0.394579,IRL,PER,0574
380868,163,173,710,2013.0,0.0,9626.0,0.710901,0.062705,NOR,PER,0574
380869,183,173,710,2013.0,0.0,1507.0,-0.583609,-1.003754,QAT,PER,0574
380870,231,173,710,2013.0,8029476.0,0.0,1.612058,-0.8592989999999999,USA,PER,0574
380871,8,174,710,2013.0,8859.0,0.0,0.042829,0.461002,ARG,PHL,0574
380872,24,174,710,2013.0,0.0,27629.0,0.080634,-0.6828890000000001,BHR,PHL,0574
380873,39,174,710,2013.0,44745.0,0.0,0.599305,1.193591,CAN,PHL,0574
380874,42,174,710,2013.0,108615.0,0.0,-0.184556,-0.238657,CHL,PHL,0574
380875,43,174,710,2013.0,105476896.0,0.0,1.24864,0.667713,CHN,PHL,0574
380876,71,174,710,2013.0,40623.0,0.0,0.955472,1.80005,ESP,PHL,0574
380877,77,174,710,2013.0,230007.0,0.0,1.5253299999999999,0.026146,FRA,PHL,0574
380878,97,174,710,2013.0,34425.0,0.0,0.791401,1.249845,HKG,PHL,0574
380879,111,174,710,2013.0,46034.0,0.0,1.419383,-0.304402,ITA,PHL,0574
380880,114,174,710,2013.0,49413.0,0.0,2.333417,-0.818701,JPN,PHL,0574
380881,121,174,710,2013.0,37073.0,0.0,1.817145,0.835414,KOR,PHL,0574
380882,153,174,710,2013.0,2057.0,0.0,0.924532,0.671334,MYS,PHL,0574
380883,166,174,710,2013.0,915089.0,0.0,0.192237,0.429825,NZL,PHL,0574
380884,183,174,710,2013.0,0.0,2096.0,-0.583609,-1.003754,QAT,PHL,0574
380885,188,174,710,2013.0,0.0,50004.0,-0.14823599999999998,-0.883965,SAU,PHL,0574
380886,192,174,710,2013.0,136192.0,0.0,1.844685,0.639379,SGP,PHL,0574
380887,231,174,710,2013.0,6101108.0,0.0,1.612058,-0.8592989999999999,USA,PHL,0574
380888,246,174,710,2013.0,383016.0,0.0,0.11624100000000001,1.574591,ZAF,PHL,0574
380889,7,177,710,2013.0,0.0,291626.0,-0.338417,-0.754102,ARE,POL,0574
380890,8,177,710,2013.0,280574.0,0.0,0.042829,0.461002,ARG,POL,0574
380891,15,177,710,2013.0,3492424.0,152500.0,1.855434,-1.06494,AUT,POL,0574
380892,16,177,710,2013.0,0.0,162714.0,-1.319766,-1.200648,AZE,POL,0574
380893,18,177,710,2013.0,565754.0,5185456.0,1.198491,1.117268,BEL,POL,0574
380894,23,177,710,2013.0,19683.0,1879738.0,0.622325,1.5506229999999999,BGR,POL,0574
380895,24,177,710,2013.0,0.0,11933.0,0.080634,-0.6828890000000001,BHR,POL,0574
380896,26,177,710,2013.0,6781.0,1495904.0,0.723658,0.9271879999999999,BIH,POL,0574
380897,28,177,710,2013.0,0.0,59780716.0,1.183522,0.934159,BLR,POL,0574
380898,32,177,710,2013.0,3462.0,0.0,0.2804,0.649729,BRA,POL,0574
380899,41,177,710,2013.0,3111.0,0.0,2.0899229999999998,0.661667,CHE,POL,0574
380900,42,177,710,2013.0,350241.0,0.0,-0.184556,-0.238657,CHL,POL,0574
380901,43,177,710,2013.0,10772.0,0.0,1.24864,0.667713,CHN,POL,0574
380902,50,177,710,2013.0,0.0,9862.0,-0.36952399999999996,-0.6802739999999999,COM,POL,0574
380903,59,177,710,2013.0,28267.0,7992414.0,1.829509,-0.41787700000000005,CZE,POL,0574
380904,61,177,710,2013.0,2165042.0,27089036.0,2.1086869999999998,-3.7092,DEU,POL,0574
380905,64,177,710,2013.0,11002.0,505400.0,1.190302,1.062991,DNK,POL,0574
380906,66,177,710,2013.0,0.0,2023812.0,-1.53603,-1.104965,DZA,POL,0574
380907,68,177,710,2013.0,3984.0,875342.0,-0.12015799999999999,1.793363,EGY,POL,0574
380908,71,177,710,2013.0,586955.0,9139806.0,0.955472,1.80005,ESP,POL,0574
380909,72,177,710,2013.0,0.0,1869534.0,0.923321,1.290016,EST,POL,0574
380910,74,177,710,2013.0,0.0,3481984.0,1.700282,0.867677,FIN,POL,0574
380911,77,177,710,2013.0,690146.0,13416127.0,1.5253299999999999,0.026146,FRA,POL,0574
380912,81,177,710,2013.0,2682.0,7963723.0,1.628465,0.77075,GBR,POL,0574
380913,82,177,710,2013.0,0.0,237016.0,-0.08343099999999999,-0.359692,GEO,POL,0574
380914,90,177,710,2013.0,168457.0,1069878.0,0.073442,0.9857899999999999,GRC,POL,0574
380915,100,177,710,2013.0,0.0,3092888.0,0.8737309999999999,1.276091,HRV,POL,0574
380916,102,177,710,2013.0,540035.0,622237.0,1.6962560000000002,0.45460600000000007,HUN,POL,0574
380917,104,177,710,2013.0,0.0,26809.0,0.18186,2.647598,IND,POL,0574
380918,106,177,710,2013.0,0.0,394031.0,1.32787,0.394579,IRL,POL,0574
380919,108,177,710,2013.0,0.0,8500.0,-3.147217,-0.685991,IRQ,POL,0574
380920,111,177,710,2013.0,4724888.0,1998832.0,1.419383,-0.304402,ITA,POL,0574
380921,113,177,710,2013.0,0.0,248477.0,0.1888,0.596867,JOR,POL,0574
380922,115,177,710,2013.0,0.0,20206896.0,-0.9193819999999999,-0.734194,KAZ,POL,0574
380923,126,177,710,2013.0,0.0,591359.0,-1.871593,-1.1211790000000001,LBY,POL,0574
380924,130,177,710,2013.0,2195489.0,7692786.0,0.677986,1.29227,LTU,POL,0574
380925,131,177,710,2013.0,0.0,86509.0,1.0110190000000001,1.123226,LUX,POL,0574
380926,132,177,710,2013.0,389062.0,5557172.0,0.652463,1.299917,LVA,POL,0574
380927,134,177,710,2013.0,0.0,36059.0,-0.474872,0.178118,MAR,POL,0574
380928,135,177,710,2013.0,0.0,58557.0,0.14256,0.33920700000000004,MDA,POL,0574
380929,140,177,710,2013.0,6955.0,5717.0,-0.127775,0.21915900000000002,MKD,POL,0574
380930,142,177,710,2013.0,0.0,57109.0,0.710108,-0.014586000000000002,MLT,POL,0574
380931,144,177,710,2013.0,0.0,44476.0,0.09597,-0.019953,MNE,POL,0574
380932,145,177,710,2013.0,0.0,304136.0,-1.264785,-1.133222,MNG,POL,0574
380933,154,177,710,2013.0,0.0,10484.0,0.652359,-0.525881,MYT,POL,0574
380934,159,177,710,2013.0,0.0,10182.0,-1.679402,-1.14686,NGA,POL,0574
380935,162,177,710,2013.0,5479055.0,4939365.0,1.012006,1.441545,NLD,POL,0574
380936,163,177,710,2013.0,28431.0,3364192.0,0.710901,0.062705,NOR,POL,0574
380937,166,177,710,2013.0,63314.0,0.0,0.192237,0.429825,NZL,POL,0574
380938,179,177,710,2013.0,30975.0,1969063.0,0.705087,2.2055580000000004,PRT,POL,0574
380939,185,177,710,2013.0,36460.0,12864564.0,1.05722,1.0968799999999999,ROU,POL,0574
380940,186,177,710,2013.0,0.0,338193984.0,-0.08233,-0.267781,RUS,POL,0574
380941,188,177,710,2013.0,0.0,32294.0,-0.14823599999999998,-0.883965,SAU,POL,0574
380942,201,177,710,2013.0,291661.0,1130354.0,0.609755,1.355304,SRB,POL,0574
380943,206,177,710,2013.0,65568.0,4818314.0,1.510052,0.7060310000000001,SVK,POL,0574
380944,207,177,710,2013.0,59679.0,661678.0,1.55922,0.565874,SVN,POL,0574
380945,208,177,710,2013.0,0.0,5955838.0,1.7851290000000002,0.182623,SWE,POL,0574
380946,217,177,710,2013.0,0.0,8747.0,-1.117246,-1.1638600000000001,TJK,POL,0574
380947,224,177,710,2013.0,0.0,35216.0,0.580016,2.394812,TUR,POL,0574
380948,228,177,710,2013.0,0.0,24994716.0,0.535571,1.026263,UKR,POL,0574
380949,230,177,710,2013.0,1870.0,0.0,0.128825,0.02334,URY,POL,0574
380950,232,177,710,2013.0,0.0,19877.0,-0.7076319999999999,-0.645674,UZB,POL,0574
380951,239,177,710,2013.0,0.0,11195.0,0.009264,1.182368,VNM,POL,0574
380952,246,177,710,2013.0,192254.0,0.0,0.11624100000000001,1.574591,ZAF,POL,0574
380953,248,177,710,2013.0,40138.0,0.0,-0.841968,-0.898121,ZWE,POL,0574
380954,250,177,710,2013.0,50847.0,20042.0,0.583151,0.14238299999999998,ANS,POL,0574
380955,2,179,710,2013.0,0.0,791239.0,-1.240877,-1.073797,AGO,PRT,0574
380956,5,179,710,2013.0,0.0,1740.0,0.874025,0.09135599999999999,AND,PRT,0574
380957,7,179,710,2013.0,0.0,93924.0,-0.338417,-0.754102,ARE,PRT,0574
380958,8,179,710,2013.0,1102950.0,0.0,0.042829,0.461002,ARG,PRT,0574
380959,15,179,710,2013.0,1533.0,0.0,1.855434,-1.06494,AUT,PRT,0574
380960,18,179,710,2013.0,223147.0,47210.0,1.198491,1.117268,BEL,PRT,0574
380961,32,179,710,2013.0,2870050.0,1403016.0,0.2804,0.649729,BRA,PRT,0574
380962,41,179,710,2013.0,0.0,8862.0,2.0899229999999998,0.661667,CHE,PRT,0574
380963,42,179,710,2013.0,4828800.0,0.0,-0.184556,-0.238657,CHL,PRT,0574
380964,43,179,710,2013.0,23617.0,0.0,1.24864,0.667713,CHN,PRT,0574
380965,51,179,710,2013.0,0.0,1547405.0,-0.28793,-0.5938319999999999,CPV,PRT,0574
380966,58,179,710,2013.0,3663.0,0.0,0.36482800000000004,0.527544,CYP,PRT,0574
380967,59,179,710,2013.0,0.0,100409.0,1.829509,-0.41787700000000005,CZE,PRT,0574
380968,61,179,710,2013.0,376629.0,1492.0,2.1086869999999998,-3.7092,DEU,PRT,0574
380969,64,179,710,2013.0,0.0,40912.0,1.190302,1.062991,DNK,PRT,0574
380970,68,179,710,2013.0,0.0,21873.0,-0.12015799999999999,1.793363,EGY,PRT,0574
380971,71,179,710,2013.0,17063798.0,8141720.0,0.955472,1.80005,ESP,PRT,0574
380972,77,179,710,2013.0,16006803.0,231606.0,1.5253299999999999,0.026146,FRA,PRT,0574
380973,81,179,710,2013.0,0.0,6361663.0,1.628465,0.77075,GBR,PRT,0574
380974,88,179,710,2013.0,0.0,20770.0,-1.888843,-0.8988809999999999,GNB,PRT,0574
380975,89,179,710,2013.0,0.0,5195.0,-1.7984200000000001,-0.678832,GNQ,PRT,0574
380976,106,179,710,2013.0,0.0,438123.0,1.32787,0.394579,IRL,PRT,0574
380977,111,179,710,2013.0,2078306.0,0.0,1.419383,-0.304402,ITA,PRT,0574
380978,118,179,710,2013.0,0.0,1273.0,-0.634876,-0.714886,KHM,PRT,0574
380979,126,179,710,2013.0,0.0,56835.0,-1.871593,-1.1211790000000001,LBY,PRT,0574
380980,131,179,710,2013.0,0.0,157041.0,1.0110190000000001,1.123226,LUX,PRT,0574
380981,134,179,710,2013.0,0.0,13555.0,-0.474872,0.178118,MAR,PRT,0574
380982,148,179,710,2013.0,0.0,49405.0,-1.681152,-1.2712350000000001,MRT,PRT,0574
380983,153,179,710,2013.0,0.0,40656.0,0.924532,0.671334,MYS,PRT,0574
380984,162,179,710,2013.0,897355.0,1077666.0,1.012006,1.441545,NLD,PRT,0574
380985,163,179,710,2013.0,0.0,1253.0,0.710901,0.062705,NOR,PRT,0574
380986,166,179,710,2013.0,541891.0,0.0,0.192237,0.429825,NZL,PRT,0574
380987,177,179,710,2013.0,1969063.0,30975.0,1.11341,0.975734,POL,PRT,0574
380988,183,179,710,2013.0,0.0,14535.0,-0.583609,-1.003754,QAT,PRT,0574
380989,186,179,710,2013.0,0.0,2586.0,-0.08233,-0.267781,RUS,PRT,0574
380990,192,179,710,2013.0,0.0,38094.0,1.844685,0.639379,SGP,PRT,0574
380991,203,179,710,2013.0,0.0,88921.0,0.9084559999999999,0.170664,STP,PRT,0574
380992,206,179,710,2013.0,0.0,3173.0,1.510052,0.7060310000000001,SVK,PRT,0574
380993,228,179,710,2013.0,0.0,3293.0,0.535571,1.026263,UKR,PRT,0574
380994,230,179,710,2013.0,112910.0,0.0,0.128825,0.02334,URY,PRT,0574
380995,246,179,710,2013.0,631808.0,0.0,0.11624100000000001,1.574591,ZAF,PRT,0574
380996,8,180,710,2013.0,1486391.0,0.0,0.042829,0.461002,ARG,PRY,0574
380997,32,180,710,2013.0,29931.0,0.0,0.2804,0.649729,BRA,PRY,0574
380998,110,181,710,2013.0,20681282.0,1131.0,1.0247629999999999,0.8261639999999999,ISR,PSE,0574
380999,7,183,710,2013.0,5010352.0,0.0,-0.338417,-0.754102,ARE,QAT,0574
381000,8,183,710,2013.0,150903.0,0.0,0.042829,0.461002,ARG,QAT,0574
381001,14,183,710,2013.0,10351.0,0.0,-0.63369,-0.276328,AUS,QAT,0574
381002,15,183,710,2013.0,80144.0,0.0,1.855434,-1.06494,AUT,QAT,0574
381003,16,183,710,2013.0,1766.0,0.0,-1.319766,-1.200648,AZE,QAT,0574
381004,18,183,710,2013.0,3044.0,0.0,1.198491,1.117268,BEL,QAT,0574
381005,32,183,710,2013.0,39989.0,0.0,0.2804,0.649729,BRA,QAT,0574
381006,41,183,710,2013.0,8719.0,0.0,2.0899229999999998,0.661667,CHE,QAT,0574
381007,42,183,710,2013.0,1579026.0,0.0,-0.184556,-0.238657,CHL,QAT,0574
381008,43,183,710,2013.0,2119375.0,0.0,1.24864,0.667713,CHN,QAT,0574
381009,61,183,710,2013.0,38853.0,0.0,2.1086869999999998,-3.7092,DEU,QAT,0574
381010,71,183,710,2013.0,515705.0,0.0,0.955472,1.80005,ESP,QAT,0574
381011,77,183,710,2013.0,2555029.0,0.0,1.5253299999999999,0.026146,FRA,QAT,0574
381012,104,183,710,2013.0,1206.0,0.0,0.18186,2.647598,IND,QAT,0574
381013,107,183,710,2013.0,105640.0,0.0,-0.23625100000000002,-0.256067,IRN,QAT,0574
381014,111,183,710,2013.0,496114.0,0.0,1.419383,-0.304402,ITA,QAT,0574
381015,113,183,710,2013.0,50644.0,0.0,0.1888,0.596867,JOR,QAT,0574
381016,124,183,710,2013.0,297548.0,0.0,0.37392800000000004,1.413136,LBN,QAT,0574
381017,162,183,710,2013.0,101463.0,0.0,1.012006,1.441545,NLD,QAT,0574
381018,166,183,710,2013.0,502503.0,0.0,0.192237,0.429825,NZL,QAT,0574
381019,167,183,710,2013.0,107623.0,0.0,-0.698693,-1.030814,OMN,QAT,0574
381020,173,183,710,2013.0,1507.0,0.0,-0.640044,0.121772,PER,QAT,0574
381021,174,183,710,2013.0,2096.0,0.0,0.639083,0.45816899999999994,PHL,QAT,0574
381022,179,183,710,2013.0,14535.0,0.0,0.705087,2.2055580000000004,PRT,QAT,0574
381023,188,183,710,2013.0,35074.0,0.0,-0.14823599999999998,-0.883965,SAU,QAT,0574
381024,212,183,710,2013.0,12754.0,0.0,-0.09157699999999999,1.1795950000000002,SYR,QAT,0574
381025,224,183,710,2013.0,4949.0,0.0,0.580016,2.394812,TUR,QAT,0574
381026,231,183,710,2013.0,1838096.0,0.0,1.612058,-0.8592989999999999,USA,QAT,0574
381027,246,183,710,2013.0,284157.0,0.0,0.11624100000000001,1.574591,ZAF,QAT,0574
381028,7,188,710,2013.0,9822449.0,64328.0,-0.338417,-0.754102,ARE,SAU,0574
381029,8,188,710,2013.0,221563.0,0.0,0.042829,0.461002,ARG,SAU,0574
381030,14,188,710,2013.0,13858.0,0.0,-0.63369,-0.276328,AUS,SAU,0574
381031,15,188,710,2013.0,21076.0,10760.0,1.855434,-1.06494,AUT,SAU,0574
381032,18,188,710,2013.0,23801.0,0.0,1.198491,1.117268,BEL,SAU,0574
381033,24,188,710,2013.0,1479496.0,79112.0,0.080634,-0.6828890000000001,BHR,SAU,0574
381034,32,188,710,2013.0,58608.0,0.0,0.2804,0.649729,BRA,SAU,0574
381035,34,188,710,2013.0,0.0,27738.0,-1.664,-0.663172,BRN,SAU,0574
381036,42,188,710,2013.0,46558820.0,0.0,-0.184556,-0.238657,CHL,SAU,0574
381037,43,188,710,2013.0,23627070.0,0.0,1.24864,0.667713,CHN,SAU,0574
381038,59,188,710,2013.0,27096.0,0.0,1.829509,-0.41787700000000005,CZE,SAU,0574
381039,68,188,710,2013.0,17371.0,0.0,-0.12015799999999999,1.793363,EGY,SAU,0574
381040,71,188,710,2013.0,653678.0,0.0,0.955472,1.80005,ESP,SAU,0574
381041,77,188,710,2013.0,20219516.0,0.0,1.5253299999999999,0.026146,FRA,SAU,0574
381042,81,188,710,2013.0,9948.0,17195.0,1.628465,0.77075,GBR,SAU,0574
381043,90,188,710,2013.0,137592.0,0.0,0.073442,0.9857899999999999,GRC,SAU,0574
381044,100,188,710,2013.0,78999.0,0.0,0.8737309999999999,1.276091,HRV,SAU,0574
381045,107,188,710,2013.0,4871878.0,0.0,-0.23625100000000002,-0.256067,IRN,SAU,0574
381046,108,188,710,2013.0,0.0,75733.0,-3.147217,-0.685991,IRQ,SAU,0574
381047,111,188,710,2013.0,25176756.0,0.0,1.419383,-0.304402,ITA,SAU,0574
381048,113,188,710,2013.0,123674.0,0.0,0.1888,0.596867,JOR,SAU,0574
381049,114,188,710,2013.0,16237.0,0.0,2.333417,-0.818701,JPN,SAU,0574
381050,116,188,710,2013.0,7878.0,42106.0,-0.303119,0.626786,KEN,SAU,0574
381051,118,188,710,2013.0,0.0,47213.0,-0.634876,-0.714886,KHM,SAU,0574
381052,122,188,710,2013.0,134135.0,199165.0,-1.198985,-1.057248,KWT,SAU,0574
381053,124,188,710,2013.0,1296598.0,0.0,0.37392800000000004,1.413136,LBN,SAU,0574
381054,137,188,710,2013.0,0.0,16593.0,-0.510204,-0.740372,MDV,SAU,0574
381055,153,188,710,2013.0,0.0,1246.0,0.924532,0.671334,MYS,SAU,0574
381056,157,188,710,2013.0,0.0,3019.0,-1.0008350000000001,-0.8325670000000001,NER,SAU,0574
381057,159,188,710,2013.0,0.0,15735.0,-1.679402,-1.14686,NGA,SAU,0574
381058,162,188,710,2013.0,78815.0,0.0,1.012006,1.441545,NLD,SAU,0574
381059,166,188,710,2013.0,255145.0,0.0,0.192237,0.429825,NZL,SAU,0574
381060,167,188,710,2013.0,274723.0,71901.0,-0.698693,-1.030814,OMN,SAU,0574
381061,174,188,710,2013.0,50004.0,0.0,0.639083,0.45816899999999994,PHL,SAU,0574
381062,177,188,710,2013.0,32294.0,0.0,1.11341,0.975734,POL,SAU,0574
381063,183,188,710,2013.0,0.0,35074.0,-0.583609,-1.003754,QAT,SAU,0574
381064,187,188,710,2013.0,0.0,9888.0,-0.535446,-0.662881,RWA,SAU,0574
381065,190,188,710,2013.0,0.0,110702.0,-1.224897,-1.059517,SDN,SAU,0574
381066,191,188,710,2013.0,0.0,8951.0,-0.566624,-0.185277,SEN,SAU,0574
381067,212,188,710,2013.0,1415587.0,0.0,-0.09157699999999999,1.1795950000000002,SYR,SAU,0574
381068,224,188,710,2013.0,1150902.0,0.0,0.580016,2.394812,TUR,SAU,0574
381069,227,188,710,2013.0,0.0,2003.0,-0.46170100000000003,0.652878,UGA,SAU,0574
381070,230,188,710,2013.0,29097.0,0.0,0.128825,0.02334,URY,SAU,0574
381071,231,188,710,2013.0,21395012.0,0.0,1.612058,-0.8592989999999999,USA,SAU,0574
381072,243,188,710,2013.0,12326.0,243419.0,-1.2788700000000002,-1.230713,YEM,SAU,0574
381073,246,188,710,2013.0,3183482.0,0.0,0.11624100000000001,1.574591,ZAF,SAU,0574
381074,250,188,710,2013.0,31511.0,0.0,0.583151,0.14238299999999998,ANS,SAU,0574
381075,7,190,710,2013.0,295314.0,0.0,-0.338417,-0.754102,ARE,SDN,0574
381076,32,190,710,2013.0,126484.0,0.0,0.2804,0.649729,BRA,SDN,0574
381077,41,190,710,2013.0,50977.0,0.0,2.0899229999999998,0.661667,CHE,SDN,0574
381078,42,190,710,2013.0,173715.0,0.0,-0.184556,-0.238657,CHL,SDN,0574
381079,43,190,710,2013.0,77810.0,0.0,1.24864,0.667713,CHN,SDN,0574
381080,67,190,710,2013.0,12299.0,0.0,-0.8251790000000001,-0.9347200000000001,ECU,SDN,0574
381081,68,190,710,2013.0,10481.0,0.0,-0.12015799999999999,1.793363,EGY,SDN,0574
381082,71,190,710,2013.0,167452.0,0.0,0.955472,1.80005,ESP,SDN,0574
381083,77,190,710,2013.0,730838.0,0.0,1.5253299999999999,0.026146,FRA,SDN,0574
381084,90,190,710,2013.0,39542.0,0.0,0.073442,0.9857899999999999,GRC,SDN,0574
381085,107,190,710,2013.0,229399.0,0.0,-0.23625100000000002,-0.256067,IRN,SDN,0574
381086,111,190,710,2013.0,65690.0,0.0,1.419383,-0.304402,ITA,SDN,0574
381087,124,190,710,2013.0,99922.0,0.0,0.37392800000000004,1.413136,LBN,SDN,0574
381088,162,190,710,2013.0,12188.0,0.0,1.012006,1.441545,NLD,SDN,0574
381089,166,190,710,2013.0,36466.0,0.0,0.192237,0.429825,NZL,SDN,0574
381090,188,190,710,2013.0,110702.0,0.0,-0.14823599999999998,-0.883965,SAU,SDN,0574
381091,205,190,710,2013.0,25877.0,0.0,-0.25729,-0.651541,SUR,SDN,0574
381092,212,190,710,2013.0,1877181.0,0.0,-0.09157699999999999,1.1795950000000002,SYR,SDN,0574
381093,224,190,710,2013.0,4029.0,0.0,0.580016,2.394812,TUR,SDN,0574
381094,227,190,710,2013.0,21656.0,0.0,-0.46170100000000003,0.652878,UGA,SDN,0574
381095,231,190,710,2013.0,58755.0,0.0,1.612058,-0.8592989999999999,USA,SDN,0574
381096,246,190,710,2013.0,290317.0,0.0,0.11624100000000001,1.574591,ZAF,SDN,0574
381097,8,192,710,2013.0,50971.0,0.0,0.042829,0.461002,ARG,SGP,0574
381098,14,192,710,2013.0,112018.0,0.0,-0.63369,-0.276328,AUS,SGP,0574
381099,30,192,710,2013.0,0.0,10375.0,1.020753,-0.10180399999999999,BMU,SGP,0574
381100,32,192,710,2013.0,156473.0,0.0,0.2804,0.649729,BRA,SGP,0574
381101,34,192,710,2013.0,0.0,1932562.0,-1.664,-0.663172,BRN,SGP,0574
381102,42,192,710,2013.0,101434.0,0.0,-0.184556,-0.238657,CHL,SGP,0574
381103,43,192,710,2013.0,25341688.0,0.0,1.24864,0.667713,CHN,SGP,0574
381104,56,192,710,2013.0,0.0,4326.0,0.677882,-0.32863600000000004,CXR,SGP,0574
381105,61,192,710,2013.0,1129.0,0.0,2.1086869999999998,-3.7092,DEU,SGP,0574
381106,71,192,710,2013.0,41312.0,0.0,0.955472,1.80005,ESP,SGP,0574
381107,77,192,710,2013.0,5638826.0,0.0,1.5253299999999999,0.026146,FRA,SGP,0574
381108,97,192,710,2013.0,27997.0,40996.0,0.791401,1.249845,HKG,SGP,0574
381109,103,192,710,2013.0,0.0,5875275.0,-0.006876999999999999,1.8336569999999999,IDN,SGP,0574
381110,104,192,710,2013.0,2286.0,0.0,0.18186,2.647598,IND,SGP,0574
381111,110,192,710,2013.0,296963.0,0.0,1.0247629999999999,0.8261639999999999,ISR,SGP,0574
381112,111,192,710,2013.0,289888.0,0.0,1.419383,-0.304402,ITA,SGP,0574
381113,114,192,710,2013.0,286467.0,0.0,2.333417,-0.818701,JPN,SGP,0574
381114,118,192,710,2013.0,0.0,388117.0,-0.634876,-0.714886,KHM,SGP,0574
381115,121,192,710,2013.0,858426.0,0.0,1.817145,0.835414,KOR,SGP,0574
381116,143,192,710,2013.0,0.0,256080.0,-1.147086,-0.6888989999999999,MMR,SGP,0574
381117,153,192,710,2013.0,299982.0,2624810.0,0.924532,0.671334,MYS,SGP,0574
381118,162,192,710,2013.0,32238.0,0.0,1.012006,1.441545,NLD,SGP,0574
381119,166,192,710,2013.0,12087619.0,0.0,0.192237,0.429825,NZL,SGP,0574
381120,174,192,710,2013.0,0.0,136192.0,0.639083,0.45816899999999994,PHL,SGP,0574
381121,179,192,710,2013.0,38094.0,0.0,0.705087,2.2055580000000004,PRT,SGP,0574
381122,215,192,710,2013.0,0.0,4969.0,-0.532095,-0.434276,TGO,SGP,0574
381123,216,192,710,2013.0,0.0,376246.0,1.067287,1.2767110000000002,THA,SGP,0574
381124,220,192,710,2013.0,0.0,336908.0,-0.5989939999999999,-0.649891,TLS,SGP,0574
381125,224,192,710,2013.0,35082.0,0.0,0.580016,2.394812,TUR,SGP,0574
381126,231,192,710,2013.0,6336287.0,0.0,1.612058,-0.8592989999999999,USA,SGP,0574
381127,239,192,710,2013.0,0.0,715232.0,0.009264,1.182368,VNM,SGP,0574
381128,246,192,710,2013.0,8183819.0,0.0,0.11624100000000001,1.574591,ZAF,SGP,0574
381129,249,192,710,2013.0,15222.0,0.0,1.7382849999999999,0.9917739999999999,TWN,SGP,0574
381130,42,197,710,2013.0,4310189.0,0.0,-0.184556,-0.238657,CHL,SLV,0574
381131,49,197,710,2013.0,12173.0,0.0,0.034491,-0.36975,COL,SLV,0574
381132,52,197,710,2013.0,0.0,15809.0,0.208669,-0.54783,CRI,SLV,0574
381133,93,197,710,2013.0,198380.0,8228.0,-0.220165,0.661111,GTM,SLV,0574
381134,99,197,710,2013.0,0.0,16770.0,-0.6661060000000001,-0.38619699999999996,HND,SLV,0574
381135,111,197,710,2013.0,18239.0,0.0,1.419383,-0.304402,ITA,SLV,0574
381136,231,197,710,2013.0,5151516.0,0.0,1.612058,-0.8592989999999999,USA,SLV,0574
381137,43,205,710,2013.0,404224.0,0.0,1.24864,0.667713,CHN,SUR,0574
381138,190,205,710,2013.0,0.0,25877.0,-1.224897,-1.059517,SDN,SUR,0574
381139,231,205,710,2013.0,614061.0,0.0,1.612058,-0.8592989999999999,USA,SUR,0574
381140,8,206,710,2013.0,1115.0,0.0,0.042829,0.461002,ARG,SVK,0574
381141,15,206,710,2013.0,1195632.0,959239.0,1.855434,-1.06494,AUT,SVK,0574
381142,18,206,710,2013.0,797513.0,854382.0,1.198491,1.117268,BEL,SVK,0574
381143,23,206,710,2013.0,3244.0,0.0,0.622325,1.5506229999999999,BGR,SVK,0574
381144,32,206,710,2013.0,13601.0,0.0,0.2804,0.649729,BRA,SVK,0574
381145,42,206,710,2013.0,37003.0,0.0,-0.184556,-0.238657,CHL,SVK,0574
381146,58,206,710,2013.0,0.0,138702.0,0.36482800000000004,0.527544,CYP,SVK,0574
381147,59,206,710,2013.0,8760844.0,13253299.0,1.829509,-0.41787700000000005,CZE,SVK,0574
381148,61,206,710,2013.0,215789.0,1450929.0,2.1086869999999998,-3.7092,DEU,SVK,0574
381149,64,206,710,2013.0,0.0,20681.0,1.190302,1.062991,DNK,SVK,0574
381150,71,206,710,2013.0,128308.0,0.0,0.955472,1.80005,ESP,SVK,0574
381151,77,206,710,2013.0,6158.0,73155.0,1.5253299999999999,0.026146,FRA,SVK,0574
381152,81,206,710,2013.0,0.0,287484.0,1.628465,0.77075,GBR,SVK,0574
381153,90,206,710,2013.0,0.0,62473.0,0.073442,0.9857899999999999,GRC,SVK,0574
381154,100,206,710,2013.0,5896.0,0.0,0.8737309999999999,1.276091,HRV,SVK,0574
381155,102,206,710,2013.0,2044935.0,282213.0,1.6962560000000002,0.45460600000000007,HUN,SVK,0574
381156,104,206,710,2013.0,5811.0,0.0,0.18186,2.647598,IND,SVK,0574
381157,111,206,710,2013.0,3217781.0,1788006.0,1.419383,-0.304402,ITA,SVK,0574
381158,126,206,710,2013.0,0.0,21637.0,-1.871593,-1.1211790000000001,LBY,SVK,0574
381159,130,206,710,2013.0,0.0,3492355.0,0.677986,1.29227,LTU,SVK,0574
381160,142,206,710,2013.0,0.0,1301.0,0.710108,-0.014586000000000002,MLT,SVK,0574
381161,162,206,710,2013.0,2002104.0,617012.0,1.012006,1.441545,NLD,SVK,0574
381162,166,206,710,2013.0,4381.0,0.0,0.192237,0.429825,NZL,SVK,0574
381163,177,206,710,2013.0,4818314.0,65568.0,1.11341,0.975734,POL,SVK,0574
381164,179,206,710,2013.0,3173.0,0.0,0.705087,2.2055580000000004,PRT,SVK,0574
381165,186,206,710,2013.0,0.0,27773.0,-0.08233,-0.267781,RUS,SVK,0574
381166,201,206,710,2013.0,45579.0,5973.0,0.609755,1.355304,SRB,SVK,0574
381167,207,206,710,2013.0,38037.0,831862.0,1.55922,0.565874,SVN,SVK,0574
381168,224,206,710,2013.0,47068.0,14956.0,0.580016,2.394812,TUR,SVK,0574
381169,228,206,710,2013.0,0.0,4612.0,0.535571,1.026263,UKR,SVK,0574
381170,246,206,710,2013.0,3764.0,0.0,0.11624100000000001,1.574591,ZAF,SVK,0574
381171,250,206,710,2013.0,451264.0,0.0,0.583151,0.14238299999999998,ANS,SVK,0574
381172,8,208,710,2013.0,5666483.0,0.0,0.042829,0.461002,ARG,SWE,0574
381173,15,208,710,2013.0,3527000.0,0.0,1.855434,-1.06494,AUT,SWE,0574
381174,18,208,710,2013.0,5077627.0,11922.0,1.198491,1.117268,BEL,SWE,0574
381175,32,208,710,2013.0,1716435.0,19815.0,0.2804,0.649729,BRA,SWE,0574
381176,42,208,710,2013.0,8164910.0,0.0,-0.184556,-0.238657,CHL,SWE,0574
381177,43,208,710,2013.0,335057.0,0.0,1.24864,0.667713,CHN,SWE,0574
381178,61,208,710,2013.0,4461805.0,10595.0,2.1086869999999998,-3.7092,DEU,SWE,0574
381179,64,208,710,2013.0,4535692.0,2013963.0,1.190302,1.062991,DNK,SWE,0574
381180,71,208,710,2013.0,1708461.0,0.0,0.955472,1.80005,ESP,SWE,0574
381181,74,208,710,2013.0,12433.0,633602.0,1.700282,0.867677,FIN,SWE,0574
381182,77,208,710,2013.0,8952336.0,0.0,1.5253299999999999,0.026146,FRA,SWE,0574
381183,81,208,710,2013.0,84683.0,0.0,1.628465,0.77075,GBR,SWE,0574
381184,90,208,710,2013.0,247604.0,0.0,0.073442,0.9857899999999999,GRC,SWE,0574
381185,100,208,710,2013.0,193384.0,0.0,0.8737309999999999,1.276091,HRV,SWE,0574
381186,111,208,710,2013.0,35370580.0,0.0,1.419383,-0.304402,ITA,SWE,0574
381187,132,208,710,2013.0,56360.0,0.0,0.652463,1.299917,LVA,SWE,0574
381188,140,208,710,2013.0,15150.0,0.0,-0.127775,0.21915900000000002,MKD,SWE,0574
381189,162,208,710,2013.0,11146781.0,16727.0,1.012006,1.441545,NLD,SWE,0574
381190,163,208,710,2013.0,43213.0,857649.0,0.710901,0.062705,NOR,SWE,0574
381191,166,208,710,2013.0,3648913.0,0.0,0.192237,0.429825,NZL,SWE,0574
381192,177,208,710,2013.0,5955838.0,0.0,1.11341,0.975734,POL,SWE,0574
381193,201,208,710,2013.0,29794.0,0.0,0.609755,1.355304,SRB,SWE,0574
381194,231,208,710,2013.0,28717.0,0.0,1.612058,-0.8592989999999999,USA,SWE,0574
381195,246,208,710,2013.0,1373415.0,0.0,0.11624100000000001,1.574591,ZAF,SWE,0574
381196,7,216,710,2013.0,0.0,191554.0,-0.338417,-0.754102,ARE,THA,0574
381197,14,216,710,2013.0,388253.0,0.0,-0.63369,-0.276328,AUS,THA,0574
381198,24,216,710,2013.0,0.0,5642.0,0.080634,-0.6828890000000001,BHR,THA,0574
381199,34,216,710,2013.0,0.0,4121.0,-1.664,-0.663172,BRN,THA,0574
381200,42,216,710,2013.0,98047.0,0.0,-0.184556,-0.238657,CHL,THA,0574
381201,43,216,710,2013.0,108410528.0,0.0,1.24864,0.667713,CHN,THA,0574
381202,77,216,710,2013.0,5091140.0,32360.0,1.5253299999999999,0.026146,FRA,THA,0574
381203,97,216,710,2013.0,38649.0,84947.0,0.791401,1.249845,HKG,THA,0574
381204,103,216,710,2013.0,0.0,4952.0,-0.006876999999999999,1.8336569999999999,IDN,THA,0574
381205,104,216,710,2013.0,0.0,1803.0,0.18186,2.647598,IND,THA,0574
381206,114,216,710,2013.0,1554947.0,0.0,2.333417,-0.818701,JPN,THA,0574
381207,121,216,710,2013.0,163387.0,0.0,1.817145,0.835414,KOR,THA,0574
381208,122,216,710,2013.0,0.0,35040.0,-1.198985,-1.057248,KWT,THA,0574
381209,123,216,710,2013.0,0.0,8553.0,-0.907169,-0.587529,LAO,THA,0574
381210,137,216,710,2013.0,0.0,58028.0,-0.510204,-0.740372,MDV,THA,0574
381211,143,216,710,2013.0,0.0,440125.0,-1.147086,-0.6888989999999999,MMR,THA,0574
381212,153,216,710,2013.0,438507.0,11544.0,0.924532,0.671334,MYS,THA,0574
381213,159,216,710,2013.0,91894.0,0.0,-1.679402,-1.14686,NGA,THA,0574
381214,162,216,710,2013.0,20092.0,2389.0,1.012006,1.441545,NLD,THA,0574
381215,166,216,710,2013.0,34852924.0,0.0,0.192237,0.429825,NZL,THA,0574
381216,167,216,710,2013.0,0.0,3663.0,-0.698693,-1.030814,OMN,THA,0574
381217,192,216,710,2013.0,376246.0,0.0,1.844685,0.639379,SGP,THA,0574
381218,231,216,710,2013.0,21279032.0,0.0,1.612058,-0.8592989999999999,USA,THA,0574
381219,239,216,710,2013.0,0.0,130883.0,0.009264,1.182368,VNM,THA,0574
381220,246,216,710,2013.0,6987.0,5326.0,0.11624100000000001,1.574591,ZAF,THA,0574
381221,249,216,710,2013.0,2277.0,0.0,1.7382849999999999,0.9917739999999999,TWN,THA,0574
381222,42,222,710,2013.0,4639.0,0.0,-0.184556,-0.238657,CHL,TTO,0574
381223,166,222,710,2013.0,143279.0,0.0,0.192237,0.429825,NZL,TTO,0574
381224,231,222,710,2013.0,3498762.0,0.0,1.612058,-0.8592989999999999,USA,TTO,0574
381225,250,222,710,2013.0,0.0,5835.0,0.583151,0.14238299999999998,ANS,TTO,0574
381226,1,224,710,2013.0,0.0,38856.0,-0.767212,-0.6506069999999999,AFG,TUR,0574
381227,7,224,710,2013.0,0.0,205614.0,-0.338417,-0.754102,ARE,TUR,0574
381228,15,224,710,2013.0,11376.0,21880.0,1.855434,-1.06494,AUT,TUR,0574
381229,16,224,710,2013.0,0.0,377694.0,-1.319766,-1.200648,AZE,TUR,0574
381230,19,224,710,2013.0,0.0,13683.0,-0.924213,-0.8181390000000001,BEN,TUR,0574
381231,23,224,710,2013.0,0.0,45610.0,0.622325,1.5506229999999999,BGR,TUR,0574
381232,24,224,710,2013.0,0.0,23569.0,0.080634,-0.6828890000000001,BHR,TUR,0574
381233,26,224,710,2013.0,0.0,3067.0,0.723658,0.9271879999999999,BIH,TUR,0574
381234,34,224,710,2013.0,0.0,5584.0,-1.664,-0.663172,BRN,TUR,0574
381235,42,224,710,2013.0,1265261.0,0.0,-0.184556,-0.238657,CHL,TUR,0574
381236,45,224,710,2013.0,0.0,1978.0,-0.93575,-1.003851,CMR,TUR,0574
381237,58,224,710,2013.0,26459.0,1267502.0,0.36482800000000004,0.527544,CYP,TUR,0574
381238,61,224,710,2013.0,0.0,14767.0,2.1086869999999998,-3.7092,DEU,TUR,0574
381239,66,224,710,2013.0,0.0,56375.0,-1.53603,-1.104965,DZA,TUR,0574
381240,68,224,710,2013.0,0.0,17728752.0,-0.12015799999999999,1.793363,EGY,TUR,0574
381241,71,224,710,2013.0,0.0,20852.0,0.955472,1.80005,ESP,TUR,0574
381242,77,224,710,2013.0,67226.0,30851.0,1.5253299999999999,0.026146,FRA,TUR,0574
381243,82,224,710,2013.0,0.0,107533.0,-0.08343099999999999,-0.359692,GEO,TUR,0574
381244,90,224,710,2013.0,1566594.0,0.0,0.073442,0.9857899999999999,GRC,TUR,0574
381245,100,224,710,2013.0,12221.0,0.0,0.8737309999999999,1.276091,HRV,TUR,0574
381246,104,224,710,2013.0,0.0,66918.0,0.18186,2.647598,IND,TUR,0574
381247,107,224,710,2013.0,156247.0,0.0,-0.23625100000000002,-0.256067,IRN,TUR,0574
381248,108,224,710,2013.0,6611.0,15326455.0,-3.147217,-0.685991,IRQ,TUR,0574
381249,111,224,710,2013.0,523146.0,0.0,1.419383,-0.304402,ITA,TUR,0574
381250,113,224,710,2013.0,0.0,1787176.0,0.1888,0.596867,JOR,TUR,0574
381251,115,224,710,2013.0,0.0,22935.0,-0.9193819999999999,-0.734194,KAZ,TUR,0574
381252,116,224,710,2013.0,0.0,12874.0,-0.303119,0.626786,KEN,TUR,0574
381253,122,224,710,2013.0,0.0,41000.0,-1.198985,-1.057248,KWT,TUR,0574
381254,125,224,710,2013.0,0.0,26960.0,-0.8343229999999999,-0.992129,LBR,TUR,0574
381255,126,224,710,2013.0,0.0,374428.0,-1.871593,-1.1211790000000001,LBY,TUR,0574
381256,140,224,710,2013.0,282829.0,0.0,-0.127775,0.21915900000000002,MKD,TUR,0574
381257,141,224,710,2013.0,0.0,10469.0,-1.046677,-0.980809,MLI,TUR,0574
381258,148,224,710,2013.0,0.0,15592.0,-1.681152,-1.2712350000000001,MRT,TUR,0574
381259,153,224,710,2013.0,0.0,52957.0,0.924532,0.671334,MYS,TUR,0574
381260,159,224,710,2013.0,0.0,55156.0,-1.679402,-1.14686,NGA,TUR,0574
381261,162,224,710,2013.0,339556.0,50285.0,1.012006,1.441545,NLD,TUR,0574
381262,167,224,710,2013.0,0.0,13596.0,-0.698693,-1.030814,OMN,TUR,0574
381263,177,224,710,2013.0,35216.0,0.0,1.11341,0.975734,POL,TUR,0574
381264,183,224,710,2013.0,0.0,4949.0,-0.583609,-1.003754,QAT,TUR,0574
381265,185,224,710,2013.0,0.0,84207.0,1.05722,1.0968799999999999,ROU,TUR,0574
381266,186,224,710,2013.0,0.0,264558.0,-0.08233,-0.267781,RUS,TUR,0574
381267,188,224,710,2013.0,0.0,1150902.0,-0.14823599999999998,-0.883965,SAU,TUR,0574
381268,190,224,710,2013.0,0.0,4029.0,-1.224897,-1.059517,SDN,TUR,0574
381269,191,224,710,2013.0,0.0,9442.0,-0.566624,-0.185277,SEN,TUR,0574
381270,192,224,710,2013.0,0.0,35082.0,1.844685,0.639379,SGP,TUR,0574
381271,206,224,710,2013.0,14956.0,47068.0,1.510052,0.7060310000000001,SVK,TUR,0574
381272,207,224,710,2013.0,0.0,2527.0,1.55922,0.565874,SVN,TUR,0574
381273,212,224,710,2013.0,0.0,7320900.0,-0.09157699999999999,1.1795950000000002,SYR,TUR,0574
381274,219,224,710,2013.0,0.0,595853.0,-1.174981,-1.14869,TKM,TUR,0574
381275,231,224,710,2013.0,25277.0,23770.0,1.612058,-0.8592989999999999,USA,TUR,0574
381276,246,224,710,2013.0,29146.0,0.0,0.11624100000000001,1.574591,ZAF,TUR,0574
381277,8,228,710,2013.0,48140.0,0.0,0.042829,0.461002,ARG,UKR,0574
381278,15,228,710,2013.0,145243.0,0.0,1.855434,-1.06494,AUT,UKR,0574
381279,18,228,710,2013.0,8914.0,0.0,1.198491,1.117268,BEL,UKR,0574
381280,23,228,710,2013.0,1091.0,0.0,0.622325,1.5506229999999999,BGR,UKR,0574
381281,28,228,710,2013.0,0.0,127338.0,1.183522,0.934159,BLR,UKR,0574
381282,32,228,710,2013.0,2603.0,0.0,0.2804,0.649729,BRA,UKR,0574
381283,41,228,710,2013.0,1565.0,0.0,2.0899229999999998,0.661667,CHE,UKR,0574
381284,42,228,710,2013.0,244571.0,0.0,-0.184556,-0.238657,CHL,UKR,0574
381285,43,228,710,2013.0,211978.0,0.0,1.24864,0.667713,CHN,UKR,0574
381286,58,228,710,2013.0,0.0,2817.0,0.36482800000000004,0.527544,CYP,UKR,0574
381287,71,228,710,2013.0,10092.0,0.0,0.955472,1.80005,ESP,UKR,0574
381288,77,228,710,2013.0,279471.0,0.0,1.5253299999999999,0.026146,FRA,UKR,0574
381289,90,228,710,2013.0,39553.0,1519.0,0.073442,0.9857899999999999,GRC,UKR,0574
381290,102,228,710,2013.0,41311.0,0.0,1.6962560000000002,0.45460600000000007,HUN,UKR,0574
381291,111,228,710,2013.0,241020.0,1595.0,1.419383,-0.304402,ITA,UKR,0574
381292,115,228,710,2013.0,0.0,48876.0,-0.9193819999999999,-0.734194,KAZ,UKR,0574
381293,135,228,710,2013.0,6910.0,0.0,0.14256,0.33920700000000004,MDA,UKR,0574
381294,139,228,710,2013.0,0.0,1412.0,-0.9199700000000001,-0.776832,MHL,UKR,0574
381295,145,228,710,2013.0,0.0,24255.0,-1.264785,-1.133222,MNG,UKR,0574
381296,162,228,710,2013.0,881544.0,0.0,1.012006,1.441545,NLD,UKR,0574
381297,169,228,710,2013.0,0.0,8290.0,0.8719819999999999,1.038982,PAN,UKR,0574
381298,177,228,710,2013.0,24994716.0,0.0,1.11341,0.975734,POL,UKR,0574
381299,179,228,710,2013.0,3293.0,0.0,0.705087,2.2055580000000004,PRT,UKR,0574
381300,186,228,710,2013.0,0.0,3824379.0,-0.08233,-0.267781,RUS,UKR,0574
381301,206,228,710,2013.0,4612.0,0.0,1.510052,0.7060310000000001,SVK,UKR,0574
381302,231,228,710,2013.0,25191.0,0.0,1.612058,-0.8592989999999999,USA,UKR,0574
381303,246,228,710,2013.0,17807.0,0.0,0.11624100000000001,1.574591,ZAF,UKR,0574
381304,7,230,710,2013.0,0.0,17538.0,-0.338417,-0.754102,ARE,URY,0574
381305,8,230,710,2013.0,700476.0,0.0,0.042829,0.461002,ARG,URY,0574
381306,32,230,710,2013.0,97506.0,26191.0,0.2804,0.649729,BRA,URY,0574
381307,42,230,710,2013.0,347695.0,0.0,-0.184556,-0.238657,CHL,URY,0574
381308,61,230,710,2013.0,2962.0,3181.0,2.1086869999999998,-3.7092,DEU,URY,0574
381309,71,230,710,2013.0,23303.0,96593.0,0.955472,1.80005,ESP,URY,0574
381310,77,230,710,2013.0,23255.0,102065.0,1.5253299999999999,0.026146,FRA,URY,0574
381311,81,230,710,2013.0,0.0,71236.0,1.628465,0.77075,GBR,URY,0574
381312,111,230,710,2013.0,121276.0,11399.0,1.419383,-0.304402,ITA,URY,0574
381313,122,230,710,2013.0,0.0,1333.0,-1.198985,-1.057248,KWT,URY,0574
381314,162,230,710,2013.0,0.0,46909.0,1.012006,1.441545,NLD,URY,0574
381315,163,230,710,2013.0,0.0,64844.0,0.710901,0.062705,NOR,URY,0574
381316,177,230,710,2013.0,0.0,1870.0,1.11341,0.975734,POL,URY,0574
381317,179,230,710,2013.0,0.0,112910.0,0.705087,2.2055580000000004,PRT,URY,0574
381318,188,230,710,2013.0,0.0,29097.0,-0.14823599999999998,-0.883965,SAU,URY,0574
381319,0,231,710,2013.0,0.0,163766.0,0.598533,0.032199,ABW,USA,0574
381320,7,231,710,2013.0,0.0,52565208.0,-0.338417,-0.754102,ARE,USA,0574
381321,8,231,710,2013.0,8246090.0,42396.0,0.042829,0.461002,ARG,USA,0574
381322,9,231,710,2013.0,0.0,18834.0,-0.159148,-0.515766,ARM,USA,0574
381323,13,231,710,2013.0,0.0,177654.0,0.25821500000000003,-0.383761,ATG,USA,0574
381324,14,231,710,2013.0,0.0,7492.0,-0.63369,-0.276328,AUS,USA,0574
381325,15,231,710,2013.0,0.0,1899.0,1.855434,-1.06494,AUT,USA,0574
381326,18,231,710,2013.0,0.0,1481.0,1.198491,1.117268,BEL,USA,0574
381327,22,231,710,2013.0,0.0,166941.0,-0.835666,-0.8088810000000001,BGD,USA,0574
381328,24,231,710,2013.0,1445.0,513068.0,0.080634,-0.6828890000000001,BHR,USA,0574
381329,25,231,710,2013.0,0.0,1651450.0,0.496435,-0.324394,BHS,USA,0574
381330,29,231,710,2013.0,0.0,4249.0,-0.459154,-0.465912,BLZ,USA,0574
381331,30,231,710,2013.0,0.0,1209717.0,1.020753,-0.10180399999999999,BMU,USA,0574
381332,32,231,710,2013.0,0.0,219404.0,0.2804,0.649729,BRA,USA,0574
381333,33,231,710,2013.0,0.0,554879.0,0.607845,0.09196,BRB,USA,0574
381334,34,231,710,2013.0,0.0,234100.0,-1.664,-0.663172,BRN,USA,0574
381335,39,231,710,2013.0,24707392.0,223492528.0,0.599305,1.193591,CAN,USA,0574
381336,42,231,710,2013.0,134097016.0,1400658.0,-0.184556,-0.238657,CHL,USA,0574
381337,43,231,710,2013.0,5130.0,945906.0,1.24864,0.667713,CHN,USA,0574
381338,44,231,710,2013.0,0.0,12206.0,-1.0025870000000001,-0.901658,CIV,USA,0574
381339,49,231,710,2013.0,0.0,9461380.0,0.034491,-0.36975,COL,USA,0574
381340,52,231,710,2013.0,0.0,7695638.0,0.208669,-0.54783,CRI,USA,0574
381341,55,231,710,2013.0,0.0,241427.0,-0.145402,-0.556962,CUW,USA,0574
381342,57,231,710,2013.0,0.0,390257.0,0.379754,-0.510024,CYM,USA,0574
381343,61,231,710,2013.0,5666.0,0.0,2.1086869999999998,-3.7092,DEU,USA,0574
381344,63,231,710,2013.0,0.0,163885.0,0.13787,-0.12528399999999998,DMA,USA,0574
381345,65,231,710,2013.0,1539.0,12621386.0,-0.272579,0.42750699999999997,DOM,USA,0574
381346,67,231,710,2013.0,0.0,1404211.0,-0.8251790000000001,-0.9347200000000001,ECU,USA,0574
381347,68,231,710,2013.0,0.0,5115406.0,-0.12015799999999999,1.793363,EGY,USA,0574
381348,71,231,710,2013.0,0.0,151938.0,0.955472,1.80005,ESP,USA,0574
381349,73,231,710,2013.0,0.0,135401.0,-1.1373090000000001,-0.89186,ETH,USA,0574
381350,74,231,710,2013.0,131469.0,1800178.0,1.700282,0.867677,FIN,USA,0574
381351,75,231,710,2013.0,0.0,6371.0,-0.374639,-0.140308,FJI,USA,0574
381352,77,231,710,2013.0,34175.0,7537.0,1.5253299999999999,0.026146,FRA,USA,0574
381353,79,231,710,2013.0,0.0,66977.0,-0.592069,-0.796275,FSM,USA,0574
381354,81,231,710,2013.0,66299.0,17454700.0,1.628465,0.77075,GBR,USA,0574
381355,82,231,710,2013.0,0.0,19481.0,-0.08343099999999999,-0.359692,GEO,USA,0574
381356,89,231,710,2013.0,0.0,118230.0,-1.7984200000000001,-0.678832,GNQ,USA,0574
381357,90,231,710,2013.0,4783.0,0.0,0.073442,0.9857899999999999,GRC,USA,0574
381358,91,231,710,2013.0,0.0,84880.0,0.04823,-0.473217,GRD,USA,0574
381359,92,231,710,2013.0,0.0,1164.0,-1.119616,-0.802964,GRL,USA,0574
381360,93,231,710,2013.0,0.0,7909806.0,-0.220165,0.661111,GTM,USA,0574
381361,96,231,710,2013.0,0.0,815660.0,-0.90241,-0.957449,GUY,USA,0574
381362,97,231,710,2013.0,0.0,44366368.0,0.791401,1.249845,HKG,USA,0574
381363,99,231,710,2013.0,0.0,8026006.0,-0.6661060000000001,-0.38619699999999996,HND,USA,0574
381364,101,231,710,2013.0,0.0,378458.0,-0.627783,-0.8605309999999999,HTI,USA,0574
381365,103,231,710,2013.0,0.0,39343432.0,-0.006876999999999999,1.8336569999999999,IDN,USA,0574
381366,104,231,710,2013.0,0.0,65356344.0,0.18186,2.647598,IND,USA,0574
381367,105,231,710,2013.0,0.0,3049.0,1.2840559999999999,-0.21232199999999998,IOT,USA,0574
381368,106,231,710,2013.0,0.0,78982.0,1.32787,0.394579,IRL,USA,0574
381369,109,231,710,2013.0,0.0,943740.0,0.284089,-0.164097,ISL,USA,0574
381370,110,231,710,2013.0,0.0,8900053.0,1.0247629999999999,0.8261639999999999,ISR,USA,0574
381371,111,231,710,2013.0,130546.0,0.0,1.419383,-0.304402,ITA,USA,0574
381372,112,231,710,2013.0,0.0,337320.0,-0.364044,-0.744733,JAM,USA,0574
381373,113,231,710,2013.0,0.0,5600394.0,0.1888,0.596867,JOR,USA,0574
381374,114,231,710,2013.0,0.0,17099.0,2.333417,-0.818701,JPN,USA,0574
381375,118,231,710,2013.0,0.0,985472.0,-0.634876,-0.714886,KHM,USA,0574
381376,119,231,710,2013.0,0.0,1151.0,-0.556555,-0.71082,KIR,USA,0574
381377,120,231,710,2013.0,0.0,39935.0,0.983857,-0.051745000000000006,KNA,USA,0574
381378,121,231,710,2013.0,47869.0,97011.0,1.817145,0.835414,KOR,USA,0574
381379,122,231,710,2013.0,0.0,2868020.0,-1.198985,-1.057248,KWT,USA,0574
381380,124,231,710,2013.0,0.0,41440.0,0.37392800000000004,1.413136,LBN,USA,0574
381381,126,231,710,2013.0,0.0,1724669.0,-1.871593,-1.1211790000000001,LBY,USA,0574
381382,127,231,710,2013.0,0.0,404470.0,0.433648,-0.288346,LCA,USA,0574
381383,128,231,710,2013.0,0.0,3530522.0,-0.320583,0.44462399999999996,LKA,USA,0574
381384,132,231,710,2013.0,0.0,40540.0,0.652463,1.299917,LVA,USA,0574
381385,133,231,710,2013.0,0.0,73369.0,0.43873,0.275559,MAC,USA,0574
381386,134,231,710,2013.0,0.0,291264.0,-0.474872,0.178118,MAR,USA,0574
381387,137,231,710,2013.0,0.0,112194.0,-0.510204,-0.740372,MDV,USA,0574
381388,138,231,710,2013.0,0.0,332042112.0,1.2327219999999999,0.746108,MEX,USA,0574
381389,143,231,710,2013.0,0.0,55604.0,-1.147086,-0.6888989999999999,MMR,USA,0574
381390,149,231,710,2013.0,0.0,13682.0,1.847968,0.658998,MSR,USA,0574
381391,151,231,710,2013.0,0.0,25526.0,-0.092312,0.050927,MUS,USA,0574
381392,152,231,710,2013.0,0.0,31022.0,-0.802763,-0.8101470000000001,MWI,USA,0574
381393,153,231,710,2013.0,0.0,13271886.0,0.924532,0.671334,MYS,USA,0574
381394,154,231,710,2013.0,0.0,21818.0,0.652359,-0.525881,MYT,USA,0574
381395,155,231,710,2013.0,1823.0,3430.0,-0.316805,-0.38759099999999996,NAM,USA,0574
381396,156,231,710,2013.0,0.0,85797.0,-0.262882,-0.63858,NCL,USA,0574
381397,159,231,710,2013.0,1212673.0,182883.0,-1.679402,-1.14686,NGA,USA,0574
381398,160,231,710,2013.0,0.0,1793855.0,-0.7956479999999999,-0.596061,NIC,USA,0574
381399,162,231,710,2013.0,0.0,119267.0,1.012006,1.441545,NLD,USA,0574
381400,164,231,710,2013.0,0.0,37249.0,-0.08623,0.5143939999999999,NPL,USA,0574
381401,166,231,710,2013.0,45960852.0,1189218.0,0.192237,0.429825,NZL,USA,0574
381402,167,231,710,2013.0,0.0,38723.0,-0.698693,-1.030814,OMN,USA,0574
381403,168,231,710,2013.0,0.0,8825.0,-0.697224,0.501576,PAK,USA,0574
381404,169,231,710,2013.0,0.0,5782398.0,0.8719819999999999,1.038982,PAN,USA,0574
381405,173,231,710,2013.0,0.0,8029476.0,-0.640044,0.121772,PER,USA,0574
381406,174,231,710,2013.0,0.0,6101108.0,0.639083,0.45816899999999994,PHL,USA,0574
381407,175,231,710,2013.0,0.0,23300.0,0.661385,-0.41401899999999997,PLW,USA,0574
381408,182,231,710,2013.0,0.0,149199.0,-0.118172,-0.620256,PYF,USA,0574
381409,183,231,710,2013.0,0.0,1838096.0,-0.583609,-1.003754,QAT,USA,0574
381410,186,231,710,2013.0,0.0,11530088.0,-0.08233,-0.267781,RUS,USA,0574
381411,188,231,710,2013.0,0.0,21395012.0,-0.14823599999999998,-0.883965,SAU,USA,0574
381412,190,231,710,2013.0,0.0,58755.0,-1.224897,-1.059517,SDN,USA,0574
381413,191,231,710,2013.0,0.0,26483.0,-0.566624,-0.185277,SEN,USA,0574
381414,192,231,710,2013.0,0.0,6336287.0,1.844685,0.639379,SGP,USA,0574
381415,197,231,710,2013.0,0.0,5151516.0,0.104046,0.46966,SLV,USA,0574
381416,205,231,710,2013.0,0.0,614061.0,-0.25729,-0.651541,SUR,USA,0574
381417,208,231,710,2013.0,0.0,28717.0,1.7851290000000002,0.182623,SWE,USA,0574
381418,210,231,710,2013.0,0.0,47554.0,0.619185,-0.36438200000000004,SXM,USA,0574
381419,211,231,710,2013.0,0.0,21937.0,0.06901,-0.438229,SYC,USA,0574
381420,213,231,710,2013.0,0.0,112517.0,0.6284609999999999,0.142692,TCA,USA,0574
381421,216,231,710,2013.0,0.0,21279032.0,1.067287,1.2767110000000002,THA,USA,0574
381422,222,231,710,2013.0,0.0,3498762.0,-0.399437,-1.047864,TTO,USA,0574
381423,224,231,710,2013.0,23770.0,25277.0,0.580016,2.394812,TUR,USA,0574
381424,226,231,710,2013.0,0.0,35691.0,-0.654655,0.903574,TZA,USA,0574
381425,228,231,710,2013.0,0.0,25191.0,0.535571,1.026263,UKR,USA,0574
381426,233,231,710,2013.0,0.0,22535.0,1.07246,0.190394,VAT,USA,0574
381427,234,231,710,2013.0,0.0,66211.0,0.39042899999999997,-0.042089,VCT,USA,0574
381428,236,231,710,2013.0,0.0,744117.0,-1.281202,-1.094268,VEN,USA,0574
381429,237,231,710,2013.0,0.0,74562.0,0.217532,-0.315292,VGB,USA,0574
381430,239,231,710,2013.0,0.0,31319062.0,0.009264,1.182368,VNM,USA,0574
381431,242,231,710,2013.0,0.0,42642.0,0.877785,0.277918,WSM,USA,0574
381432,243,231,710,2013.0,0.0,662036.0,-1.2788700000000002,-1.230713,YEM,USA,0574
381433,246,231,710,2013.0,64017.0,146109.0,0.11624100000000001,1.574591,ZAF,USA,0574
381434,249,231,710,2013.0,0.0,81888128.0,1.7382849999999999,0.9917739999999999,TWN,USA,0574
381435,231,234,710,2013.0,66211.0,0.0,1.612058,-0.8592989999999999,USA,VCT,0574
381436,8,236,710,2013.0,2471076.0,0.0,0.042829,0.461002,ARG,VEN,0574
381437,42,236,710,2013.0,15393490.0,0.0,-0.184556,-0.238657,CHL,VEN,0574
381438,77,236,710,2013.0,422486.0,0.0,1.5253299999999999,0.026146,FRA,VEN,0574
381439,231,236,710,2013.0,744117.0,0.0,1.612058,-0.8592989999999999,USA,VEN,0574
381440,7,243,710,2013.0,4004870.0,0.0,-0.338417,-0.754102,ARE,YEM,0574
381441,42,243,710,2013.0,152270.0,0.0,-0.184556,-0.238657,CHL,YEM,0574
381442,43,243,710,2013.0,150093.0,0.0,1.24864,0.667713,CHN,YEM,0574
381443,68,243,710,2013.0,2505.0,0.0,-0.12015799999999999,1.793363,EGY,YEM,0574
381444,71,243,710,2013.0,9418.0,0.0,0.955472,1.80005,ESP,YEM,0574
381445,77,243,710,2013.0,387218.0,0.0,1.5253299999999999,0.026146,FRA,YEM,0574
381446,107,243,710,2013.0,2270692.0,0.0,-0.23625100000000002,-0.256067,IRN,YEM,0574
381447,111,243,710,2013.0,317732.0,0.0,1.419383,-0.304402,ITA,YEM,0574
381448,122,243,710,2013.0,0.0,1376.0,-1.198985,-1.057248,KWT,YEM,0574
381449,166,243,710,2013.0,454601.0,0.0,0.192237,0.429825,NZL,YEM,0574
381450,167,243,710,2013.0,29070.0,3256.0,-0.698693,-1.030814,OMN,YEM,0574
381451,188,243,710,2013.0,243419.0,12326.0,-0.14823599999999998,-0.883965,SAU,YEM,0574
381452,212,243,710,2013.0,86495.0,0.0,-0.09157699999999999,1.1795950000000002,SYR,YEM,0574
381453,231,243,710,2013.0,662036.0,0.0,1.612058,-0.8592989999999999,USA,YEM,0574
381454,246,243,710,2013.0,323364.0,0.0,0.11624100000000001,1.574591,ZAF,YEM,0574
381455,250,243,710,2013.0,123767.0,0.0,0.583151,0.14238299999999998,ANS,YEM,0574
381456,2,246,710,2013.0,0.0,17028918.0,-1.240877,-1.073797,AGO,ZAF,0574
381457,7,246,710,2013.0,0.0,21429000.0,-0.338417,-0.754102,ARE,ZAF,0574
381458,15,246,710,2013.0,0.0,354439.0,1.855434,-1.06494,AUT,ZAF,0574
381459,16,246,710,2013.0,0.0,23381.0,-1.319766,-1.200648,AZE,ZAF,0574
381460,17,246,710,2013.0,0.0,1471.0,-0.602481,-0.6338689999999999,BDI,ZAF,0574
381461,18,246,710,2013.0,0.0,756647.0,1.198491,1.117268,BEL,ZAF,0574
381462,19,246,710,2013.0,0.0,11470844.0,-0.924213,-0.8181390000000001,BEN,ZAF,0574
381463,21,246,710,2013.0,0.0,200351.0,-0.7231029999999999,-0.736291,BFA,ZAF,0574
381464,22,246,710,2013.0,0.0,3356699.0,-0.835666,-0.8088810000000001,BGD,ZAF,0574
381465,24,246,710,2013.0,0.0,386549.0,0.080634,-0.6828890000000001,BHR,ZAF,0574
381466,26,246,710,2013.0,0.0,1162.0,0.723658,0.9271879999999999,BIH,ZAF,0574
381467,28,246,710,2013.0,0.0,6480.0,1.183522,0.934159,BLR,ZAF,0574
381468,34,246,710,2013.0,0.0,12916.0,-1.664,-0.663172,BRN,ZAF,0574
381469,37,246,710,2013.0,4751.0,6308352.0,-0.677782,-1.0888149999999999,BWA,ZAF,0574
381470,39,246,710,2013.0,0.0,2522178.0,0.599305,1.193591,CAN,ZAF,0574
381471,41,246,710,2013.0,0.0,1398501.0,2.0899229999999998,0.661667,CHE,ZAF,0574
381472,43,246,710,2013.0,0.0,53696.0,1.24864,0.667713,CHN,ZAF,0574
381473,44,246,710,2013.0,0.0,3108730.0,-1.0025870000000001,-0.901658,CIV,ZAF,0574
381474,45,246,710,2013.0,0.0,4559178.0,-0.93575,-1.003851,CMR,ZAF,0574
381475,46,246,710,2013.0,0.0,1732779.0,-1.450075,-1.115916,COD,ZAF,0574
381476,47,246,710,2013.0,0.0,1161481.0,-1.478461,-1.094509,COG,ZAF,0574
381477,50,246,710,2013.0,0.0,63031.0,-0.36952399999999996,-0.6802739999999999,COM,ZAF,0574
381478,51,246,710,2013.0,0.0,2503.0,-0.28793,-0.5938319999999999,CPV,ZAF,0574
381479,55,246,710,2013.0,0.0,535691.0,-0.145402,-0.556962,CUW,ZAF,0574
381480,59,246,710,2013.0,0.0,75230.0,1.829509,-0.41787700000000005,CZE,ZAF,0574
381481,61,246,710,2013.0,0.0,8552732.0,2.1086869999999998,-3.7092,DEU,ZAF,0574
381482,62,246,710,2013.0,0.0,70735.0,-0.35226399999999997,-0.542234,DJI,ZAF,0574
381483,64,246,710,2013.0,0.0,1552101.0,1.190302,1.062991,DNK,ZAF,0574
381484,66,246,710,2013.0,0.0,48097.0,-1.53603,-1.104965,DZA,ZAF,0574
381485,68,246,710,2013.0,0.0,58261.0,-0.12015799999999999,1.793363,EGY,ZAF,0574
381486,71,246,710,2013.0,11678.0,1027221.0,0.955472,1.80005,ESP,ZAF,0574
381487,72,246,710,2013.0,0.0,49116.0,0.923321,1.290016,EST,ZAF,0574
381488,73,246,710,2013.0,0.0,25716.0,-1.1373090000000001,-0.89186,ETH,ZAF,0574
381489,74,246,710,2013.0,0.0,54525.0,1.700282,0.867677,FIN,ZAF,0574
381490,77,246,710,2013.0,137695.0,9880024.0,1.5253299999999999,0.026146,FRA,ZAF,0574
381491,80,246,710,2013.0,0.0,3060485.0,-1.652062,-1.140576,GAB,ZAF,0574
381492,81,246,710,2013.0,0.0,108992216.0,1.628465,0.77075,GBR,ZAF,0574
381493,82,246,710,2013.0,0.0,41204.0,-0.08343099999999999,-0.359692,GEO,ZAF,0574
381494,83,246,710,2013.0,0.0,9460166.0,-0.696971,-0.5807939999999999,GHA,ZAF,0574
381495,85,246,710,2013.0,0.0,290074.0,-1.281072,-1.027585,GIN,ZAF,0574
381496,87,246,710,2013.0,0.0,253592.0,-0.867648,-0.90786,GMB,ZAF,0574
381497,89,246,710,2013.0,0.0,488003.0,-1.7984200000000001,-0.678832,GNQ,ZAF,0574
381498,90,246,710,2013.0,0.0,45605.0,0.073442,0.9857899999999999,GRC,ZAF,0574
381499,92,246,710,2013.0,0.0,1327.0,-1.119616,-0.802964,GRL,ZAF,0574
381500,97,246,710,2013.0,0.0,1112249.0,0.791401,1.249845,HKG,ZAF,0574
381501,103,246,710,2013.0,0.0,1147053.0,-0.006876999999999999,1.8336569999999999,IDN,ZAF,0574
381502,104,246,710,2013.0,0.0,342329.0,0.18186,2.647598,IND,ZAF,0574
381503,106,246,710,2013.0,0.0,2282630.0,1.32787,0.394579,IRL,ZAF,0574
381504,109,246,710,2013.0,0.0,125256.0,0.284089,-0.164097,ISL,ZAF,0574
381505,111,246,710,2013.0,0.0,345856.0,1.419383,-0.304402,ITA,ZAF,0574
381506,113,246,710,2013.0,0.0,63687.0,0.1888,0.596867,JOR,ZAF,0574
381507,115,246,710,2013.0,0.0,18385.0,-0.9193819999999999,-0.734194,KAZ,ZAF,0574
381508,116,246,710,2013.0,0.0,7912156.0,-0.303119,0.626786,KEN,ZAF,0574
381509,118,246,710,2013.0,0.0,11273.0,-0.634876,-0.714886,KHM,ZAF,0574
381510,122,246,710,2013.0,0.0,472502.0,-1.198985,-1.057248,KWT,ZAF,0574
381511,124,246,710,2013.0,0.0,1493.0,0.37392800000000004,1.413136,LBN,ZAF,0574
381512,125,246,710,2013.0,0.0,27725.0,-0.8343229999999999,-0.992129,LBR,ZAF,0574
381513,126,246,710,2013.0,0.0,255830.0,-1.871593,-1.1211790000000001,LBY,ZAF,0574
381514,128,246,710,2013.0,0.0,537358.0,-0.320583,0.44462399999999996,LKA,ZAF,0574
381515,129,246,710,2013.0,0.0,1652855.0,-0.726902,-0.8200930000000001,LSO,ZAF,0574
381516,130,246,710,2013.0,0.0,26502.0,0.677986,1.29227,LTU,ZAF,0574
381517,131,246,710,2013.0,0.0,111756.0,1.0110190000000001,1.123226,LUX,ZAF,0574
381518,134,246,710,2013.0,0.0,6765.0,-0.474872,0.178118,MAR,ZAF,0574
381519,136,246,710,2013.0,0.0,375908.0,-0.786091,-0.611478,MDG,ZAF,0574
381520,137,246,710,2013.0,0.0,1080576.0,-0.510204,-0.740372,MDV,ZAF,0574
381521,141,246,710,2013.0,0.0,718797.0,-1.046677,-0.980809,MLI,ZAF,0574
381522,143,246,710,2013.0,0.0,14599.0,-1.147086,-0.6888989999999999,MMR,ZAF,0574
381523,147,246,710,2013.0,0.0,3443582.0,-1.131512,-0.8923840000000001,MOZ,ZAF,0574
381524,148,246,710,2013.0,0.0,533487.0,-1.681152,-1.2712350000000001,MRT,ZAF,0574
381525,151,246,710,2013.0,0.0,4255855.0,-0.092312,0.050927,MUS,ZAF,0574
381526,152,246,710,2013.0,0.0,444305.0,-0.802763,-0.8101470000000001,MWI,ZAF,0574
381527,153,246,710,2013.0,0.0,27492036.0,0.924532,0.671334,MYS,ZAF,0574
381528,154,246,710,2013.0,0.0,405336.0,0.652359,-0.525881,MYT,ZAF,0574
381529,155,246,710,2013.0,0.0,8367448.0,-0.316805,-0.38759099999999996,NAM,ZAF,0574
381530,157,246,710,2013.0,0.0,211848.0,-1.0008350000000001,-0.8325670000000001,NER,ZAF,0574
381531,159,246,710,2013.0,259482.0,28585880.0,-1.679402,-1.14686,NGA,ZAF,0574
381532,162,246,710,2013.0,0.0,31127482.0,1.012006,1.441545,NLD,ZAF,0574
381533,163,246,710,2013.0,0.0,1069095.0,0.710901,0.062705,NOR,ZAF,0574
381534,167,246,710,2013.0,0.0,3004242.0,-0.698693,-1.030814,OMN,ZAF,0574
381535,168,246,710,2013.0,0.0,32216.0,-0.697224,0.501576,PAK,ZAF,0574
381536,174,246,710,2013.0,0.0,383016.0,0.639083,0.45816899999999994,PHL,ZAF,0574
381537,176,246,710,2013.0,0.0,70374.0,-1.508233,-1.163478,PNG,ZAF,0574
381538,177,246,710,2013.0,0.0,192254.0,1.11341,0.975734,POL,ZAF,0574
381539,179,246,710,2013.0,0.0,631808.0,0.705087,2.2055580000000004,PRT,ZAF,0574
381540,183,246,710,2013.0,0.0,284157.0,-0.583609,-1.003754,QAT,ZAF,0574
381541,186,246,710,2013.0,0.0,5419550.0,-0.08233,-0.267781,RUS,ZAF,0574
381542,187,246,710,2013.0,0.0,29846.0,-0.535446,-0.662881,RWA,ZAF,0574
381543,188,246,710,2013.0,0.0,3183482.0,-0.14823599999999998,-0.883965,SAU,ZAF,0574
381544,190,246,710,2013.0,0.0,290317.0,-1.224897,-1.059517,SDN,ZAF,0574
381545,191,246,710,2013.0,0.0,6928612.0,-0.566624,-0.185277,SEN,ZAF,0574
381546,192,246,710,2013.0,0.0,8183819.0,1.844685,0.639379,SGP,ZAF,0574
381547,194,246,710,2013.0,0.0,37303.0,1.74968,0.20829299999999998,SHN,ZAF,0574
381548,196,246,710,2013.0,0.0,47766.0,-0.42937700000000006,-0.529857,SLE,ZAF,0574
381549,201,246,710,2013.0,0.0,6393.0,0.609755,1.355304,SRB,ZAF,0574
381550,206,246,710,2013.0,0.0,3764.0,1.510052,0.7060310000000001,SVK,ZAF,0574
381551,207,246,710,2013.0,0.0,4616.0,1.55922,0.565874,SVN,ZAF,0574
381552,208,246,710,2013.0,0.0,1373415.0,1.7851290000000002,0.182623,SWE,ZAF,0574
381553,209,246,710,2013.0,0.0,2814727.0,0.017946,-0.20627399999999999,SWZ,ZAF,0574
381554,211,246,710,2013.0,0.0,335317.0,0.06901,-0.438229,SYC,ZAF,0574
381555,214,246,710,2013.0,0.0,44685.0,-2.89356,-0.879919,TCD,ZAF,0574
381556,215,246,710,2013.0,0.0,3801089.0,-0.532095,-0.434276,TGO,ZAF,0574
381557,216,246,710,2013.0,5326.0,6987.0,1.067287,1.2767110000000002,THA,ZAF,0574
381558,224,246,710,2013.0,0.0,29146.0,0.580016,2.394812,TUR,ZAF,0574
381559,226,246,710,2013.0,0.0,2550104.0,-0.654655,0.903574,TZA,ZAF,0574
381560,227,246,710,2013.0,0.0,999285.0,-0.46170100000000003,0.652878,UGA,ZAF,0574
381561,228,246,710,2013.0,0.0,17807.0,0.535571,1.026263,UKR,ZAF,0574
381562,231,246,710,2013.0,146109.0,64017.0,1.612058,-0.8592989999999999,USA,ZAF,0574
381563,239,246,710,2013.0,0.0,276186.0,0.009264,1.182368,VNM,ZAF,0574
381564,243,246,710,2013.0,0.0,323364.0,-1.2788700000000002,-1.230713,YEM,ZAF,0574
381565,247,246,710,2013.0,0.0,4419725.0,-0.293192,-0.42930100000000004,ZMB,ZAF,0574
381566,248,246,710,2013.0,0.0,3641528.0,-0.841968,-0.898121,ZWE,ZAF,0574
381567,249,246,710,2013.0,0.0,5713270.0,1.7382849999999999,0.9917739999999999,TWN,ZAF,0574
381568,250,246,710,2013.0,0.0,46173.0,0.583151,0.14238299999999998,ANS,ZAF,0574
381569,34,249,710,2013.0,0.0,8227.0,-1.664,-0.663172,BRN,TWN,0574
381570,39,249,710,2013.0,461056.0,0.0,0.599305,1.193591,CAN,TWN,0574
381571,42,249,710,2013.0,61169044.0,0.0,-0.184556,-0.238657,CHL,TWN,0574
381572,77,249,710,2013.0,469151.0,0.0,1.5253299999999999,0.026146,FRA,TWN,0574
381573,97,249,710,2013.0,2435501.0,169370.0,0.791401,1.249845,HKG,TWN,0574
381574,114,249,710,2013.0,58697960.0,0.0,2.333417,-0.818701,JPN,TWN,0574
381575,121,249,710,2013.0,3787466.0,0.0,1.817145,0.835414,KOR,TWN,0574
381576,153,249,710,2013.0,0.0,1774.0,0.924532,0.671334,MYS,TWN,0574
381577,166,249,710,2013.0,9973614.0,0.0,0.192237,0.429825,NZL,TWN,0574
381578,192,249,710,2013.0,0.0,15222.0,1.844685,0.639379,SGP,TWN,0574
381579,216,249,710,2013.0,0.0,2277.0,1.067287,1.2767110000000002,THA,TWN,0574
381580,231,249,710,2013.0,81888128.0,0.0,1.612058,-0.8592989999999999,USA,TWN,0574
381581,246,249,710,2013.0,5713270.0,0.0,0.11624100000000001,1.574591,ZAF,TWN,0574
381582,0,250,710,2013.0,0.0,3321.0,0.598533,0.032199,ABW,ANS,0574
381583,42,250,710,2013.0,508834.0,17138.0,-0.184556,-0.238657,CHL,ANS,0574
381584,44,250,710,2013.0,4621.0,0.0,-1.0025870000000001,-0.901658,CIV,ANS,0574
381585,61,250,710,2013.0,78788.0,2998.0,2.1086869999999998,-3.7092,DEU,ANS,0574
381586,71,250,710,2013.0,0.0,69871.0,0.955472,1.80005,ESP,ANS,0574
381587,72,250,710,2013.0,0.0,28069.0,0.923321,1.290016,EST,ANS,0574
381588,77,250,710,2013.0,3973.0,23586.0,1.5253299999999999,0.026146,FRA,ANS,0574
381589,90,250,710,2013.0,163396.0,0.0,0.073442,0.9857899999999999,GRC,ANS,0574
381590,100,250,710,2013.0,0.0,1463390.0,0.8737309999999999,1.276091,HRV,ANS,0574
381591,104,250,710,2013.0,2478.0,0.0,0.18186,2.647598,IND,ANS,0574
381592,106,250,710,2013.0,1903358.0,2046740.0,1.32787,0.394579,IRL,ANS,0574
381593,116,250,710,2013.0,14487.0,0.0,-0.303119,0.626786,KEN,ANS,0574
381594,124,250,710,2013.0,0.0,114562.0,0.37392800000000004,1.413136,LBN,ANS,0574
381595,131,250,710,2013.0,0.0,58257.0,1.0110190000000001,1.123226,LUX,ANS,0574
381596,135,250,710,2013.0,0.0,26364.0,0.14256,0.33920700000000004,MDA,ANS,0574
381597,144,250,710,2013.0,0.0,1722.0,0.09597,-0.019953,MNE,ANS,0574
381598,157,250,710,2013.0,0.0,10688.0,-1.0008350000000001,-0.8325670000000001,NER,ANS,0574
381599,162,250,710,2013.0,103730.0,463153.0,1.012006,1.441545,NLD,ANS,0574
381600,166,250,710,2013.0,33227474.0,0.0,0.192237,0.429825,NZL,ANS,0574
381601,177,250,710,2013.0,20042.0,50847.0,1.11341,0.975734,POL,ANS,0574
381602,186,250,710,2013.0,6943.0,0.0,-0.08233,-0.267781,RUS,ANS,0574
381603,188,250,710,2013.0,0.0,31511.0,-0.14823599999999998,-0.883965,SAU,ANS,0574
381604,191,250,710,2013.0,0.0,25798.0,-0.566624,-0.185277,SEN,ANS,0574
381605,206,250,710,2013.0,0.0,451264.0,1.510052,0.7060310000000001,SVK,ANS,0574
381606,222,250,710,2013.0,5835.0,0.0,-0.399437,-1.047864,TTO,ANS,0574
381607,243,250,710,2013.0,0.0,123767.0,-1.2788700000000002,-1.230713,YEM,ANS,0574
381608,246,250,710,2013.0,46173.0,0.0,0.11624100000000001,1.574591,ZAF,ANS,0574
381609,7,9,710,2013.0,0.0,4068.0,-0.338417,-0.754102,ARE,ARM,0574
381610,42,9,710,2013.0,22565.0,0.0,-0.184556,-0.238657,CHL,ARM,0574
381611,43,9,710,2013.0,2414.0,0.0,1.24864,0.667713,CHN,ARM,0574
381612,77,9,710,2013.0,30945.0,0.0,1.5253299999999999,0.026146,FRA,ARM,0574
381613,82,9,710,2013.0,105502.0,27283.0,-0.08343099999999999,-0.359692,GEO,ARM,0574
381614,107,9,710,2013.0,183553.0,0.0,-0.23625100000000002,-0.256067,IRN,ARM,0574
381615,111,9,710,2013.0,4841.0,0.0,1.419383,-0.304402,ITA,ARM,0574
381616,186,9,710,2013.0,0.0,450535.0,-0.08233,-0.267781,RUS,ARM,0574
381617,231,9,710,2013.0,18834.0,0.0,1.612058,-0.8592989999999999,USA,ARM,0574
381618,7,14,710,2013.0,0.0,57912.0,-0.338417,-0.754102,ARE,AUS,0574
381619,24,14,710,2013.0,0.0,2748.0,0.080634,-0.6828890000000001,BHR,AUS,0574
381620,34,14,710,2013.0,0.0,14275.0,-1.664,-0.663172,BRN,AUS,0574
381621,43,14,710,2013.0,628394.0,0.0,1.24864,0.667713,CHN,AUS,0574
381622,66,14,710,2013.0,0.0,4307.0,-1.53603,-1.104965,DZA,AUS,0574
381623,75,14,710,2013.0,0.0,1695.0,-0.374639,-0.140308,FJI,AUS,0574
381624,81,14,710,2013.0,0.0,978736.0,1.628465,0.77075,GBR,AUS,0574
381625,97,14,710,2013.0,0.0,47493.0,0.791401,1.249845,HKG,AUS,0574
381626,103,14,710,2013.0,0.0,174742.0,-0.006876999999999999,1.8336569999999999,IDN,AUS,0574
381627,104,14,710,2013.0,0.0,96352.0,0.18186,2.647598,IND,AUS,0574
381628,113,14,710,2013.0,0.0,6549.0,0.1888,0.596867,JOR,AUS,0574
381629,119,14,710,2013.0,0.0,8048.0,-0.556555,-0.71082,KIR,AUS,0574
381630,122,14,710,2013.0,0.0,1141.0,-1.198985,-1.057248,KWT,AUS,0574
381631,128,14,710,2013.0,0.0,6667.0,-0.320583,0.44462399999999996,LKA,AUS,0574
381632,134,14,710,2013.0,0.0,2102.0,-0.474872,0.178118,MAR,AUS,0574
381633,137,14,710,2013.0,0.0,7934.0,-0.510204,-0.740372,MDV,AUS,0574
381634,153,14,710,2013.0,0.0,429450.0,0.924532,0.671334,MYS,AUS,0574
381635,156,14,710,2013.0,0.0,62329.0,-0.262882,-0.63858,NCL,AUS,0574
381636,165,14,710,2013.0,0.0,256319.0,0.8192159999999999,-0.383742,NRU,AUS,0574
381637,166,14,710,2013.0,126038.0,13659.0,0.192237,0.429825,NZL,AUS,0574
381638,176,14,710,2013.0,0.0,2256782.0,-1.508233,-1.163478,PNG,AUS,0574
381639,183,14,710,2013.0,0.0,10351.0,-0.583609,-1.003754,QAT,AUS,0574
381640,188,14,710,2013.0,0.0,13858.0,-0.14823599999999998,-0.883965,SAU,AUS,0574
381641,192,14,710,2013.0,0.0,112018.0,1.844685,0.639379,SGP,AUS,0574
381642,195,14,710,2013.0,0.0,23565.0,-1.092566,-0.7936310000000001,SLB,AUS,0574
381643,207,14,710,2013.0,0.0,1720.0,1.55922,0.565874,SVN,AUS,0574
381644,216,14,710,2013.0,0.0,388253.0,1.067287,1.2767110000000002,THA,AUS,0574
381645,220,14,710,2013.0,0.0,3144.0,-0.5989939999999999,-0.649891,TLS,AUS,0574
381646,225,14,710,2013.0,0.0,4024.0,0.05218099999999999,-0.524861,TUV,AUS,0574
381647,231,14,710,2013.0,7492.0,0.0,1.612058,-0.8592989999999999,USA,AUS,0574
381648,239,14,710,2013.0,0.0,90056.0,0.009264,1.182368,VNM,AUS,0574
381649,240,14,710,2013.0,0.0,10302.0,-0.43518999999999997,-0.6206010000000001,VUT,AUS,0574
381650,7,16,710,2013.0,2249.0,4930.0,-0.338417,-0.754102,ARE,AZE,0574
381651,42,16,710,2013.0,14219.0,0.0,-0.184556,-0.238657,CHL,AZE,0574
381652,81,16,710,2013.0,0.0,17315.0,1.628465,0.77075,GBR,AZE,0574
381653,82,16,710,2013.0,10975.0,3867.0,-0.08343099999999999,-0.359692,GEO,AZE,0574
381654,90,16,710,2013.0,16250.0,0.0,0.073442,0.9857899999999999,GRC,AZE,0574
381655,107,16,710,2013.0,585104.0,0.0,-0.23625100000000002,-0.256067,IRN,AZE,0574
381656,111,16,710,2013.0,129796.0,0.0,1.419383,-0.304402,ITA,AZE,0574
381657,115,16,710,2013.0,0.0,1293459.0,-0.9193819999999999,-0.734194,KAZ,AZE,0574
381658,162,16,710,2013.0,8072.0,0.0,1.012006,1.441545,NLD,AZE,0574
381659,177,16,710,2013.0,162714.0,0.0,1.11341,0.975734,POL,AZE,0574
381660,183,16,710,2013.0,0.0,1766.0,-0.583609,-1.003754,QAT,AZE,0574
381661,186,16,710,2013.0,0.0,10231963.0,-0.08233,-0.267781,RUS,AZE,0574
381662,224,16,710,2013.0,377694.0,0.0,0.580016,2.394812,TUR,AZE,0574
381663,246,16,710,2013.0,23381.0,0.0,0.11624100000000001,1.574591,ZAF,AZE,0574
381664,8,22,710,2013.0,30096.0,0.0,0.042829,0.461002,ARG,BGD,0574
381665,18,22,710,2013.0,33269.0,0.0,1.198491,1.117268,BEL,BGD,0574
381666,32,22,710,2013.0,8414239.0,0.0,0.2804,0.649729,BRA,BGD,0574
381667,43,22,710,2013.0,62246272.0,0.0,1.24864,0.667713,CHN,BGD,0574
381668,71,22,710,2013.0,27513.0,0.0,0.955472,1.80005,ESP,BGD,0574
381669,77,22,710,2013.0,490662.0,0.0,1.5253299999999999,0.026146,FRA,BGD,0574
381670,104,22,710,2013.0,11637956.0,0.0,0.18186,2.647598,IND,BGD,0574
381671,111,22,710,2013.0,69288.0,0.0,1.419383,-0.304402,ITA,BGD,0574
381672,166,22,710,2013.0,1133016.0,0.0,0.192237,0.429825,NZL,BGD,0574
381673,168,22,710,2013.0,6719.0,0.0,-0.697224,0.501576,PAK,BGD,0574
381674,227,22,710,2013.0,15431.0,0.0,-0.46170100000000003,0.652878,UGA,BGD,0574
381675,231,22,710,2013.0,166941.0,0.0,1.612058,-0.8592989999999999,USA,BGD,0574
381676,246,22,710,2013.0,3356699.0,0.0,0.11624100000000001,1.574591,ZAF,BGD,0574
381677,7,24,710,2013.0,15033.0,1176.0,-0.338417,-0.754102,ARE,BHR,0574
381678,8,24,710,2013.0,13743.0,0.0,0.042829,0.461002,ARG,BHR,0574
381679,14,24,710,2013.0,2748.0,0.0,-0.63369,-0.276328,AUS,BHR,0574
381680,32,24,710,2013.0,7656.0,0.0,0.2804,0.649729,BRA,BHR,0574
381681,41,24,710,2013.0,138028.0,0.0,2.0899229999999998,0.661667,CHE,BHR,0574
381682,42,24,710,2013.0,2634263.0,0.0,-0.184556,-0.238657,CHL,BHR,0574
381683,43,24,710,2013.0,161853.0,0.0,1.24864,0.667713,CHN,BHR,0574
381684,68,24,710,2013.0,106600.0,0.0,-0.12015799999999999,1.793363,EGY,BHR,0574
381685,71,24,710,2013.0,3559.0,0.0,0.955472,1.80005,ESP,BHR,0574
381686,77,24,710,2013.0,323962.0,0.0,1.5253299999999999,0.026146,FRA,BHR,0574
381687,81,24,710,2013.0,43766.0,0.0,1.628465,0.77075,GBR,BHR,0574
381688,90,24,710,2013.0,16360.0,0.0,0.073442,0.9857899999999999,GRC,BHR,0574
381689,104,24,710,2013.0,3499.0,0.0,0.18186,2.647598,IND,BHR,0574
381690,107,24,710,2013.0,1200795.0,0.0,-0.23625100000000002,-0.256067,IRN,BHR,0574
381691,111,24,710,2013.0,966055.0,0.0,1.419383,-0.304402,ITA,BHR,0574
381692,113,24,710,2013.0,28071.0,0.0,0.1888,0.596867,JOR,BHR,0574
381693,121,24,710,2013.0,6240.0,0.0,1.817145,0.835414,KOR,BHR,0574
381694,122,24,710,2013.0,7926.0,6307.0,-1.198985,-1.057248,KWT,BHR,0574
381695,124,24,710,2013.0,94421.0,0.0,0.37392800000000004,1.413136,LBN,BHR,0574
381696,166,24,710,2013.0,114566.0,0.0,0.192237,0.429825,NZL,BHR,0574
381697,167,24,710,2013.0,30842.0,0.0,-0.698693,-1.030814,OMN,BHR,0574
381698,168,24,710,2013.0,13119.0,0.0,-0.697224,0.501576,PAK,BHR,0574
381699,169,24,710,2013.0,0.0,4120.0,0.8719819999999999,1.038982,PAN,BHR,0574
381700,174,24,710,2013.0,27629.0,0.0,0.639083,0.45816899999999994,PHL,BHR,0574
381701,177,24,710,2013.0,11933.0,0.0,1.11341,0.975734,POL,BHR,0574
381702,188,24,710,2013.0,79112.0,1479496.0,-0.14823599999999998,-0.883965,SAU,BHR,0574
381703,209,24,710,2013.0,1665.0,0.0,0.017946,-0.20627399999999999,SWZ,BHR,0574
381704,212,24,710,2013.0,22704.0,0.0,-0.09157699999999999,1.1795950000000002,SYR,BHR,0574
381705,214,24,710,2013.0,5909.0,0.0,-2.89356,-0.879919,TCD,BHR,0574
381706,216,24,710,2013.0,5642.0,0.0,1.067287,1.2767110000000002,THA,BHR,0574
381707,224,24,710,2013.0,23569.0,0.0,0.580016,2.394812,TUR,BHR,0574
381708,227,24,710,2013.0,2586.0,0.0,-0.46170100000000003,0.652878,UGA,BHR,0574
381709,231,24,710,2013.0,513068.0,1445.0,1.612058,-0.8592989999999999,USA,BHR,0574
381710,246,24,710,2013.0,386549.0,0.0,0.11624100000000001,1.574591,ZAF,BHR,0574
381711,15,26,710,2013.0,381458.0,261028.0,1.855434,-1.06494,AUT,BIH,0574
381712,18,26,710,2013.0,0.0,43934.0,1.198491,1.117268,BEL,BIH,0574
381713,28,26,710,2013.0,0.0,3591.0,1.183522,0.934159,BLR,BIH,0574
381714,42,26,710,2013.0,2885.0,0.0,-0.184556,-0.238657,CHL,BIH,0574
381715,61,26,710,2013.0,0.0,426404.0,2.1086869999999998,-3.7092,DEU,BIH,0574
381716,72,26,710,2013.0,0.0,2202.0,0.923321,1.290016,EST,BIH,0574
381717,74,26,710,2013.0,0.0,1641.0,1.700282,0.867677,FIN,BIH,0574
381718,100,26,710,2013.0,173081.0,249569.0,0.8737309999999999,1.276091,HRV,BIH,0574
381719,102,26,710,2013.0,123985.0,0.0,1.6962560000000002,0.45460600000000007,HUN,BIH,0574
381720,111,26,710,2013.0,908703.0,0.0,1.419383,-0.304402,ITA,BIH,0574
381721,113,26,710,2013.0,0.0,9977.0,0.1888,0.596867,JOR,BIH,0574
381722,115,26,710,2013.0,0.0,6831.0,-0.9193819999999999,-0.734194,KAZ,BIH,0574
381723,140,26,710,2013.0,2026233.0,0.0,-0.127775,0.21915900000000002,MKD,BIH,0574
381724,144,26,710,2013.0,0.0,103688.0,0.09597,-0.019953,MNE,BIH,0574
381725,162,26,710,2013.0,0.0,59206.0,1.012006,1.441545,NLD,BIH,0574
381726,163,26,710,2013.0,0.0,190345.0,0.710901,0.062705,NOR,BIH,0574
381727,177,26,710,2013.0,1495904.0,6781.0,1.11341,0.975734,POL,BIH,0574
381728,186,26,710,2013.0,0.0,22684.0,-0.08233,-0.267781,RUS,BIH,0574
381729,201,26,710,2013.0,262044.0,627710.0,0.609755,1.355304,SRB,BIH,0574
381730,207,26,710,2013.0,1286586.0,299989.0,1.55922,0.565874,SVN,BIH,0574
381731,224,26,710,2013.0,3067.0,0.0,0.580016,2.394812,TUR,BIH,0574
381732,246,26,710,2013.0,1162.0,0.0,0.11624100000000001,1.574591,ZAF,BIH,0574
381733,15,28,710,2013.0,203978.0,0.0,1.855434,-1.06494,AUT,BLR,0574
381734,18,28,710,2013.0,1098342.0,0.0,1.198491,1.117268,BEL,BLR,0574
381735,23,28,710,2013.0,68659.0,0.0,0.622325,1.5506229999999999,BGR,BLR,0574
381736,26,28,710,2013.0,3591.0,0.0,0.723658,0.9271879999999999,BIH,BLR,0574
381737,42,28,710,2013.0,172228.0,0.0,-0.184556,-0.238657,CHL,BLR,0574
381738,43,28,710,2013.0,59191.0,0.0,1.24864,0.667713,CHN,BLR,0574
381739,61,28,710,2013.0,318453.0,0.0,2.1086869999999998,-3.7092,DEU,BLR,0574
381740,71,28,710,2013.0,20219.0,0.0,0.955472,1.80005,ESP,BLR,0574
381741,77,28,710,2013.0,224620.0,0.0,1.5253299999999999,0.026146,FRA,BLR,0574
381742,82,28,710,2013.0,47203.0,0.0,-0.08343099999999999,-0.359692,GEO,BLR,0574
381743,90,28,710,2013.0,78248.0,0.0,0.073442,0.9857899999999999,GRC,BLR,0574
381744,111,28,710,2013.0,2319387.0,0.0,1.419383,-0.304402,ITA,BLR,0574
381745,115,28,710,2013.0,0.0,386107.0,-0.9193819999999999,-0.734194,KAZ,BLR,0574
381746,130,28,710,2013.0,4508907.0,0.0,0.677986,1.29227,LTU,BLR,0574
381747,132,28,710,2013.0,25975.0,0.0,0.652463,1.299917,LVA,BLR,0574
381748,135,28,710,2013.0,2091243.0,0.0,0.14256,0.33920700000000004,MDA,BLR,0574
381749,140,28,710,2013.0,1429.0,0.0,-0.127775,0.21915900000000002,MKD,BLR,0574
381750,162,28,710,2013.0,1283381.0,0.0,1.012006,1.441545,NLD,BLR,0574
381751,166,28,710,2013.0,6643.0,0.0,0.192237,0.429825,NZL,BLR,0574
381752,177,28,710,2013.0,59780716.0,0.0,1.11341,0.975734,POL,BLR,0574
381753,185,28,710,2013.0,2869.0,0.0,1.05722,1.0968799999999999,ROU,BLR,0574
381754,186,28,710,2013.0,33580.0,30692480.0,-0.08233,-0.267781,RUS,BLR,0574
381755,201,28,710,2013.0,1539260.0,0.0,0.609755,1.355304,SRB,BLR,0574
381756,207,28,710,2013.0,117408.0,0.0,1.55922,0.565874,SVN,BLR,0574
381757,228,28,710,2013.0,127338.0,0.0,0.535571,1.026263,UKR,BLR,0574
381758,246,28,710,2013.0,6480.0,0.0,0.11624100000000001,1.574591,ZAF,BLR,0574
381759,7,68,710,2013.0,652828.0,2010.0,-0.338417,-0.754102,ARE,EGY,0574
381760,8,68,710,2013.0,70504.0,0.0,0.042829,0.461002,ARG,EGY,0574
381761,15,68,710,2013.0,675734.0,6084.0,1.855434,-1.06494,AUT,EGY,0574
381762,24,68,710,2013.0,0.0,106600.0,0.080634,-0.6828890000000001,BHR,EGY,0574
381763,42,68,710,2013.0,2495264.0,0.0,-0.184556,-0.238657,CHL,EGY,0574
381764,43,68,710,2013.0,358251.0,0.0,1.24864,0.667713,CHN,EGY,0574
381765,59,68,710,2013.0,50906.0,0.0,1.829509,-0.41787700000000005,CZE,EGY,0574
381766,61,68,710,2013.0,17750.0,232939.0,2.1086869999999998,-3.7092,DEU,EGY,0574
381767,71,68,710,2013.0,12594.0,0.0,0.955472,1.80005,ESP,EGY,0574
381768,77,68,710,2013.0,2336448.0,0.0,1.5253299999999999,0.026146,FRA,EGY,0574
381769,90,68,710,2013.0,23527472.0,32543.0,0.073442,0.9857899999999999,GRC,EGY,0574
381770,100,68,710,2013.0,23345.0,0.0,0.8737309999999999,1.276091,HRV,EGY,0574
381771,106,68,710,2013.0,0.0,1369.0,1.32787,0.394579,IRL,EGY,0574
381772,107,68,710,2013.0,918604.0,0.0,-0.23625100000000002,-0.256067,IRN,EGY,0574
381773,111,68,710,2013.0,16270356.0,0.0,1.419383,-0.304402,ITA,EGY,0574
381774,113,68,710,2013.0,466623.0,0.0,0.1888,0.596867,JOR,EGY,0574
381775,116,68,710,2013.0,0.0,38585.0,-0.303119,0.626786,KEN,EGY,0574
381776,122,68,710,2013.0,0.0,2985.0,-1.198985,-1.057248,KWT,EGY,0574
381777,124,68,710,2013.0,20399482.0,0.0,0.37392800000000004,1.413136,LBN,EGY,0574
381778,140,68,710,2013.0,173421.0,0.0,-0.127775,0.21915900000000002,MKD,EGY,0574
381779,159,68,710,2013.0,0.0,1521.0,-1.679402,-1.14686,NGA,EGY,0574
381780,163,68,710,2013.0,0.0,1615.0,0.710901,0.062705,NOR,EGY,0574
381781,166,68,710,2013.0,21092.0,0.0,0.192237,0.429825,NZL,EGY,0574
381782,167,68,710,2013.0,46866.0,12597.0,-0.698693,-1.030814,OMN,EGY,0574
381783,177,68,710,2013.0,875342.0,3984.0,1.11341,0.975734,POL,EGY,0574
381784,179,68,710,2013.0,21873.0,0.0,0.705087,2.2055580000000004,PRT,EGY,0574
381785,185,68,710,2013.0,19818.0,0.0,1.05722,1.0968799999999999,ROU,EGY,0574
381786,187,68,710,2013.0,0.0,2642.0,-0.535446,-0.662881,RWA,EGY,0574
381787,188,68,710,2013.0,0.0,17371.0,-0.14823599999999998,-0.883965,SAU,EGY,0574
381788,190,68,710,2013.0,0.0,10481.0,-1.224897,-1.059517,SDN,EGY,0574
381789,201,68,710,2013.0,2026.0,0.0,0.609755,1.355304,SRB,EGY,0574
381790,212,68,710,2013.0,78478216.0,0.0,-0.09157699999999999,1.1795950000000002,SYR,EGY,0574
381791,224,68,710,2013.0,17728752.0,0.0,0.580016,2.394812,TUR,EGY,0574
381792,231,68,710,2013.0,5115406.0,0.0,1.612058,-0.8592989999999999,USA,EGY,0574
381793,243,68,710,2013.0,0.0,2505.0,-1.2788700000000002,-1.230713,YEM,EGY,0574
381794,246,68,710,2013.0,58261.0,0.0,0.11624100000000001,1.574591,ZAF,EGY,0574
381795,9,82,710,2013.0,27283.0,105502.0,-0.159148,-0.515766,ARM,GEO,0574
381796,16,82,710,2013.0,3867.0,10975.0,-1.319766,-1.200648,AZE,GEO,0574
381797,28,82,710,2013.0,0.0,47203.0,1.183522,0.934159,BLR,GEO,0574
381798,42,82,710,2013.0,353189.0,0.0,-0.184556,-0.238657,CHL,GEO,0574
381799,90,82,710,2013.0,64113.0,0.0,0.073442,0.9857899999999999,GRC,GEO,0574
381800,107,82,710,2013.0,2385134.0,0.0,-0.23625100000000002,-0.256067,IRN,GEO,0574
381801,111,82,710,2013.0,47941.0,0.0,1.419383,-0.304402,ITA,GEO,0574
381802,115,82,710,2013.0,0.0,106287.0,-0.9193819999999999,-0.734194,KAZ,GEO,0574
381803,162,82,710,2013.0,400657.0,0.0,1.012006,1.441545,NLD,GEO,0574
381804,177,82,710,2013.0,237016.0,0.0,1.11341,0.975734,POL,GEO,0574
381805,186,82,710,2013.0,3032.0,19821.0,-0.08233,-0.267781,RUS,GEO,0574
381806,224,82,710,2013.0,107533.0,0.0,0.580016,2.394812,TUR,GEO,0574
381807,231,82,710,2013.0,19481.0,0.0,1.612058,-0.8592989999999999,USA,GEO,0574
381808,246,82,710,2013.0,41204.0,0.0,0.11624100000000001,1.574591,ZAF,GEO,0574
381809,7,100,710,2013.0,0.0,10743.0,-0.338417,-0.754102,ARE,HRV,0574
381810,15,100,710,2013.0,1522401.0,1623456.0,1.855434,-1.06494,AUT,HRV,0574
381811,26,100,710,2013.0,249569.0,173081.0,0.723658,0.9271879999999999,BIH,HRV,0574
381812,61,100,710,2013.0,146601.0,1068282.0,2.1086869999999998,-3.7092,DEU,HRV,0574
381813,64,100,710,2013.0,0.0,176163.0,1.190302,1.062991,DNK,HRV,0574
381814,68,100,710,2013.0,0.0,23345.0,-0.12015799999999999,1.793363,EGY,HRV,0574
381815,71,100,710,2013.0,5162.0,0.0,0.955472,1.80005,ESP,HRV,0574
381816,90,100,710,2013.0,4789.0,0.0,0.073442,0.9857899999999999,GRC,HRV,0574
381817,102,100,710,2013.0,213280.0,211077.0,1.6962560000000002,0.45460600000000007,HUN,HRV,0574
381818,111,100,710,2013.0,1006288.0,847809.0,1.419383,-0.304402,ITA,HRV,0574
381819,140,100,710,2013.0,372527.0,0.0,-0.127775,0.21915900000000002,MKD,HRV,0574
381820,162,100,710,2013.0,168323.0,0.0,1.012006,1.441545,NLD,HRV,0574
381821,163,100,710,2013.0,0.0,19373.0,0.710901,0.062705,NOR,HRV,0574
381822,177,100,710,2013.0,3092888.0,0.0,1.11341,0.975734,POL,HRV,0574
381823,186,100,710,2013.0,0.0,17769.0,-0.08233,-0.267781,RUS,HRV,0574
381824,188,100,710,2013.0,0.0,78999.0,-0.14823599999999998,-0.883965,SAU,HRV,0574
381825,201,100,710,2013.0,839589.0,167835.0,0.609755,1.355304,SRB,HRV,0574
381826,206,100,710,2013.0,0.0,5896.0,1.510052,0.7060310000000001,SVK,HRV,0574
381827,207,100,710,2013.0,2512614.0,568004.0,1.55922,0.565874,SVN,HRV,0574
381828,208,100,710,2013.0,0.0,193384.0,1.7851290000000002,0.182623,SWE,HRV,0574
381829,224,100,710,2013.0,0.0,12221.0,0.580016,2.394812,TUR,HRV,0574
381830,250,100,710,2013.0,1463390.0,0.0,0.583151,0.14238299999999998,ANS,HRV,0574
381831,8,106,710,2013.0,507528.0,0.0,0.042829,0.461002,ARG,IRL,0574
381832,15,106,710,2013.0,342684.0,0.0,1.855434,-1.06494,AUT,IRL,0574
381833,18,106,710,2013.0,355287.0,67327.0,1.198491,1.117268,BEL,IRL,0574
381834,32,106,710,2013.0,3516247.0,0.0,0.2804,0.649729,BRA,IRL,0574
381835,42,106,710,2013.0,3142933.0,0.0,-0.184556,-0.238657,CHL,IRL,0574
381836,43,106,710,2013.0,1795.0,0.0,1.24864,0.667713,CHN,IRL,0574
381837,61,106,710,2013.0,1689326.0,620639.0,2.1086869999999998,-3.7092,DEU,IRL,0574
381838,64,106,710,2013.0,1867.0,8979.0,1.190302,1.062991,DNK,IRL,0574
381839,68,106,710,2013.0,1369.0,0.0,-0.12015799999999999,1.793363,EGY,IRL,0574
381840,71,106,710,2013.0,339122.0,7325.0,0.955472,1.80005,ESP,IRL,0574
381841,77,106,710,2013.0,21958182.0,3005.0,1.5253299999999999,0.026146,FRA,IRL,0574
381842,81,106,710,2013.0,20138412.0,9052878.0,1.628465,0.77075,GBR,IRL,0574
381843,107,106,710,2013.0,48073.0,0.0,-0.23625100000000002,-0.256067,IRN,IRL,0574
381844,111,106,710,2013.0,2954948.0,0.0,1.419383,-0.304402,ITA,IRL,0574
381845,130,106,710,2013.0,13815.0,0.0,0.677986,1.29227,LTU,IRL,0574
381846,160,106,710,2013.0,1354.0,0.0,-0.7956479999999999,-0.596061,NIC,IRL,0574
381847,162,106,710,2013.0,4166577.0,91646.0,1.012006,1.441545,NLD,IRL,0574
381848,166,106,710,2013.0,2587352.0,0.0,0.192237,0.429825,NZL,IRL,0574
381849,173,106,710,2013.0,3013.0,0.0,-0.640044,0.121772,PER,IRL,0574
381850,177,106,710,2013.0,394031.0,0.0,1.11341,0.975734,POL,IRL,0574
381851,179,106,710,2013.0,438123.0,0.0,0.705087,2.2055580000000004,PRT,IRL,0574
381852,231,106,710,2013.0,78982.0,0.0,1.612058,-0.8592989999999999,USA,IRL,0574
381853,246,106,710,2013.0,2282630.0,0.0,0.11624100000000001,1.574591,ZAF,IRL,0574
381854,250,106,710,2013.0,2046740.0,1903358.0,0.583151,0.14238299999999998,ANS,IRL,0574
381855,1,107,710,2013.0,0.0,6715970.0,-0.767212,-0.6506069999999999,AFG,IRN,0574
381856,7,107,710,2013.0,191233.0,10930925.0,-0.338417,-0.754102,ARE,IRN,0574
381857,9,107,710,2013.0,0.0,183553.0,-0.159148,-0.515766,ARM,IRN,0574
381858,16,107,710,2013.0,0.0,585104.0,-1.319766,-1.200648,AZE,IRN,0574
381859,24,107,710,2013.0,0.0,1200795.0,0.080634,-0.6828890000000001,BHR,IRN,0574
381860,43,107,710,2013.0,79760.0,0.0,1.24864,0.667713,CHN,IRN,0574
381861,58,107,710,2013.0,0.0,35194.0,0.36482800000000004,0.527544,CYP,IRN,0574
381862,61,107,710,2013.0,0.0,11051.0,2.1086869999999998,-3.7092,DEU,IRN,0574
381863,68,107,710,2013.0,0.0,918604.0,-0.12015799999999999,1.793363,EGY,IRN,0574
381864,81,107,710,2013.0,0.0,58258.0,1.628465,0.77075,GBR,IRN,0574
381865,82,107,710,2013.0,0.0,2385134.0,-0.08343099999999999,-0.359692,GEO,IRN,0574
381866,90,107,710,2013.0,0.0,9354.0,0.073442,0.9857899999999999,GRC,IRN,0574
381867,104,107,710,2013.0,0.0,6086996.0,0.18186,2.647598,IND,IRN,0574
381868,106,107,710,2013.0,0.0,48073.0,1.32787,0.394579,IRL,IRN,0574
381869,108,107,710,2013.0,0.0,52563760.0,-3.147217,-0.685991,IRQ,IRN,0574
381870,113,107,710,2013.0,0.0,36118.0,0.1888,0.596867,JOR,IRN,0574
381871,115,107,710,2013.0,0.0,710237.0,-0.9193819999999999,-0.734194,KAZ,IRN,0574
381872,122,107,710,2013.0,0.0,2095194.0,-1.198985,-1.057248,KWT,IRN,0574
381873,128,107,710,2013.0,0.0,5358.0,-0.320583,0.44462399999999996,LKA,IRN,0574
381874,167,107,710,2013.0,0.0,312420.0,-0.698693,-1.030814,OMN,IRN,0574
381875,168,107,710,2013.0,0.0,377417.0,-0.697224,0.501576,PAK,IRN,0574
381876,183,107,710,2013.0,0.0,105640.0,-0.583609,-1.003754,QAT,IRN,0574
381877,186,107,710,2013.0,0.0,1804116.0,-0.08233,-0.267781,RUS,IRN,0574
381878,188,107,710,2013.0,0.0,4871878.0,-0.14823599999999998,-0.883965,SAU,IRN,0574
381879,190,107,710,2013.0,0.0,229399.0,-1.224897,-1.059517,SDN,IRN,0574
381880,217,107,710,2013.0,0.0,763404.0,-1.117246,-1.1638600000000001,TJK,IRN,0574
381881,219,107,710,2013.0,0.0,23913418.0,-1.174981,-1.14869,TKM,IRN,0574
381882,224,107,710,2013.0,0.0,156247.0,0.580016,2.394812,TUR,IRN,0574
381883,232,107,710,2013.0,0.0,8448.0,-0.7076319999999999,-0.645674,UZB,IRN,0574
381884,243,107,710,2013.0,0.0,2270692.0,-1.2788700000000002,-1.230713,YEM,IRN,0574
381885,2,114,710,2013.0,0.0,5587.0,-1.240877,-1.073797,AGO,JPN,0574
381886,41,114,710,2013.0,0.0,3200.0,2.0899229999999998,0.661667,CHE,JPN,0574
381887,43,114,710,2013.0,0.0,1726678.0,1.24864,0.667713,CHN,JPN,0574
381888,95,114,710,2013.0,0.0,39266.0,0.425936,-0.069886,GUM,JPN,0574
381889,97,114,710,2013.0,0.0,7385788.0,0.791401,1.249845,HKG,JPN,0574
381890,103,114,710,2013.0,0.0,435717.0,-0.006876999999999999,1.8336569999999999,IDN,JPN,0574
381891,131,114,710,2013.0,0.0,2424.0,1.0110190000000001,1.123226,LUX,JPN,0574
381892,143,114,710,2013.0,0.0,5751.0,-1.147086,-0.6888989999999999,MMR,JPN,0574
381893,146,114,710,2013.0,0.0,2808.0,0.80814,0.127585,MNP,JPN,0574
381894,153,114,710,2013.0,0.0,122034.0,0.924532,0.671334,MYS,JPN,0574
381895,166,114,710,2013.0,4356532.0,0.0,0.192237,0.429825,NZL,JPN,0574
381896,174,114,710,2013.0,0.0,49413.0,0.639083,0.45816899999999994,PHL,JPN,0574
381897,186,114,710,2013.0,0.0,165404.0,-0.08233,-0.267781,RUS,JPN,0574
381898,188,114,710,2013.0,0.0,16237.0,-0.14823599999999998,-0.883965,SAU,JPN,0574
381899,192,114,710,2013.0,0.0,286467.0,1.844685,0.639379,SGP,JPN,0574
381900,216,114,710,2013.0,0.0,1554947.0,1.067287,1.2767110000000002,THA,JPN,0574
381901,231,114,710,2013.0,17099.0,0.0,1.612058,-0.8592989999999999,USA,JPN,0574
381902,239,114,710,2013.0,0.0,37505.0,0.009264,1.182368,VNM,JPN,0574
381903,249,114,710,2013.0,0.0,58697960.0,1.7382849999999999,0.9917739999999999,TWN,JPN,0574
381904,8,115,710,2013.0,5238.0,0.0,0.042829,0.461002,ARG,KAZ,0574
381905,16,115,710,2013.0,1293459.0,0.0,-1.319766,-1.200648,AZE,KAZ,0574
381906,18,115,710,2013.0,90882.0,0.0,1.198491,1.117268,BEL,KAZ,0574
381907,26,115,710,2013.0,6831.0,0.0,0.723658,0.9271879999999999,BIH,KAZ,0574
381908,28,115,710,2013.0,386107.0,0.0,1.183522,0.934159,BLR,KAZ,0574
381909,32,115,710,2013.0,5427.0,0.0,0.2804,0.649729,BRA,KAZ,0574
381910,42,115,710,2013.0,39139.0,0.0,-0.184556,-0.238657,CHL,KAZ,0574
381911,43,115,710,2013.0,64763928.0,0.0,1.24864,0.667713,CHN,KAZ,0574
381912,61,115,710,2013.0,657168.0,0.0,2.1086869999999998,-3.7092,DEU,KAZ,0574
381913,71,115,710,2013.0,49579.0,0.0,0.955472,1.80005,ESP,KAZ,0574
381914,77,115,710,2013.0,20538.0,0.0,1.5253299999999999,0.026146,FRA,KAZ,0574
381915,82,115,710,2013.0,106287.0,0.0,-0.08343099999999999,-0.359692,GEO,KAZ,0574
381916,90,115,710,2013.0,1873.0,0.0,0.073442,0.9857899999999999,GRC,KAZ,0574
381917,107,115,710,2013.0,710237.0,0.0,-0.23625100000000002,-0.256067,IRN,KAZ,0574
381918,111,115,710,2013.0,238894.0,0.0,1.419383,-0.304402,ITA,KAZ,0574
381919,117,115,710,2013.0,10162371.0,0.0,0.25090500000000004,0.7357279999999999,KGZ,KAZ,0574
381920,130,115,710,2013.0,1303687.0,0.0,0.677986,1.29227,LTU,KAZ,0574
381921,135,115,710,2013.0,1545183.0,0.0,0.14256,0.33920700000000004,MDA,KAZ,0574
381922,145,115,710,2013.0,0.0,4123.0,-1.264785,-1.133222,MNG,KAZ,0574
381923,162,115,710,2013.0,370681.0,0.0,1.012006,1.441545,NLD,KAZ,0574
381924,166,115,710,2013.0,1010.0,0.0,0.192237,0.429825,NZL,KAZ,0574
381925,177,115,710,2013.0,20206896.0,0.0,1.11341,0.975734,POL,KAZ,0574
381926,185,115,710,2013.0,7327.0,0.0,1.05722,1.0968799999999999,ROU,KAZ,0574
381927,186,115,710,2013.0,163709.0,53097.0,-0.08233,-0.267781,RUS,KAZ,0574
381928,217,115,710,2013.0,11197.0,0.0,-1.117246,-1.1638600000000001,TJK,KAZ,0574
381929,219,115,710,2013.0,76438.0,0.0,-1.174981,-1.14869,TKM,KAZ,0574
381930,224,115,710,2013.0,22935.0,0.0,0.580016,2.394812,TUR,KAZ,0574
381931,228,115,710,2013.0,48876.0,0.0,0.535571,1.026263,UKR,KAZ,0574
381932,232,115,710,2013.0,1839798.0,2504.0,-0.7076319999999999,-0.645674,UZB,KAZ,0574
381933,246,115,710,2013.0,18385.0,0.0,0.11624100000000001,1.574591,ZAF,KAZ,0574
381934,7,116,710,2013.0,11480.0,6630.0,-0.338417,-0.754102,ARE,KEN,0574
381935,43,116,710,2013.0,634006.0,0.0,1.24864,0.667713,CHN,KEN,0574
381936,68,116,710,2013.0,38585.0,0.0,-0.12015799999999999,1.793363,EGY,KEN,0574
381937,77,116,710,2013.0,313856.0,0.0,1.5253299999999999,0.026146,FRA,KEN,0574
381938,97,116,710,2013.0,1127.0,0.0,0.791401,1.249845,HKG,KEN,0574
381939,103,116,710,2013.0,13504.0,0.0,-0.006876999999999999,1.8336569999999999,IDN,KEN,0574
381940,111,116,710,2013.0,126844.0,0.0,1.419383,-0.304402,ITA,KEN,0574
381941,187,116,710,2013.0,0.0,21224.0,-0.535446,-0.662881,RWA,KEN,0574
381942,188,116,710,2013.0,42106.0,7878.0,-0.14823599999999998,-0.883965,SAU,KEN,0574
381943,199,116,710,2013.0,0.0,3445.0,-0.9790979999999999,-0.8632620000000001,SOM,KEN,0574
381944,201,116,710,2013.0,0.0,30374.0,0.609755,1.355304,SRB,KEN,0574
381945,224,116,710,2013.0,12874.0,0.0,0.580016,2.394812,TUR,KEN,0574
381946,226,116,710,2013.0,2938.0,0.0,-0.654655,0.903574,TZA,KEN,0574
381947,227,116,710,2013.0,0.0,4337.0,-0.46170100000000003,0.652878,UGA,KEN,0574
381948,246,116,710,2013.0,7912156.0,0.0,0.11624100000000001,1.574591,ZAF,KEN,0574
381949,250,116,710,2013.0,0.0,14487.0,0.583151,0.14238299999999998,ANS,KEN,0574
381950,43,117,710,2013.0,12613631.0,0.0,1.24864,0.667713,CHN,KGZ,0574
381951,77,117,710,2013.0,1953.0,0.0,1.5253299999999999,0.026146,FRA,KGZ,0574
381952,111,117,710,2013.0,1326.0,0.0,1.419383,-0.304402,ITA,KGZ,0574
381953,115,117,710,2013.0,0.0,10162371.0,-0.9193819999999999,-0.734194,KAZ,KGZ,0574
381954,130,117,710,2013.0,4576.0,0.0,0.677986,1.29227,LTU,KGZ,0574
381955,145,117,710,2013.0,0.0,5857.0,-1.264785,-1.133222,MNG,KGZ,0574
381956,232,117,710,2013.0,103480.0,0.0,-0.7076319999999999,-0.645674,UZB,KGZ,0574
381957,43,118,710,2013.0,86465.0,0.0,1.24864,0.667713,CHN,KHM,0574
381958,153,118,710,2013.0,200551.0,0.0,0.924532,0.671334,MYS,KHM,0574
381959,166,118,710,2013.0,348588.0,0.0,0.192237,0.429825,NZL,KHM,0574
381960,168,118,710,2013.0,0.0,2457.0,-0.697224,0.501576,PAK,KHM,0574
381961,179,118,710,2013.0,1273.0,0.0,0.705087,2.2055580000000004,PRT,KHM,0574
381962,188,118,710,2013.0,47213.0,0.0,-0.14823599999999998,-0.883965,SAU,KHM,0574
381963,192,118,710,2013.0,388117.0,0.0,1.844685,0.639379,SGP,KHM,0574
381964,231,118,710,2013.0,985472.0,0.0,1.612058,-0.8592989999999999,USA,KHM,0574
381965,239,118,710,2013.0,64265.0,0.0,0.009264,1.182368,VNM,KHM,0574
381966,246,118,710,2013.0,11273.0,0.0,0.11624100000000001,1.574591,ZAF,KHM,0574
381967,7,124,710,2013.0,15532.0,379402.0,-0.338417,-0.754102,ARE,LBN,0574
381968,24,124,710,2013.0,0.0,94421.0,0.080634,-0.6828890000000001,BHR,LBN,0574
381969,42,124,710,2013.0,36031.0,0.0,-0.184556,-0.238657,CHL,LBN,0574
381970,44,124,710,2013.0,0.0,1700.0,-1.0025870000000001,-0.901658,CIV,LBN,0574
381971,47,124,710,2013.0,0.0,2899.0,-1.478461,-1.094509,COG,LBN,0574
381972,49,124,710,2013.0,0.0,9134.0,0.034491,-0.36975,COL,LBN,0574
381973,68,124,710,2013.0,0.0,20399482.0,-0.12015799999999999,1.793363,EGY,LBN,0574
381974,71,124,710,2013.0,63022.0,0.0,0.955472,1.80005,ESP,LBN,0574
381975,77,124,710,2013.0,317141.0,537366.0,1.5253299999999999,0.026146,FRA,LBN,0574
381976,90,124,710,2013.0,135736.0,0.0,0.073442,0.9857899999999999,GRC,LBN,0574
381977,108,124,710,2013.0,0.0,405197.0,-3.147217,-0.685991,IRQ,LBN,0574
381978,111,124,710,2013.0,510982.0,0.0,1.419383,-0.304402,ITA,LBN,0574
381979,113,124,710,2013.0,0.0,1631852.0,0.1888,0.596867,JOR,LBN,0574
381980,122,124,710,2013.0,0.0,570638.0,-1.198985,-1.057248,KWT,LBN,0574
381981,126,124,710,2013.0,0.0,74303.0,-1.871593,-1.1211790000000001,LBY,LBN,0574
381982,159,124,710,2013.0,62985.0,1122.0,-1.679402,-1.14686,NGA,LBN,0574
381983,162,124,710,2013.0,7014.0,0.0,1.012006,1.441545,NLD,LBN,0574
381984,166,124,710,2013.0,4101.0,0.0,0.192237,0.429825,NZL,LBN,0574
381985,167,124,710,2013.0,0.0,214213.0,-0.698693,-1.030814,OMN,LBN,0574
381986,183,124,710,2013.0,0.0,297548.0,-0.583609,-1.003754,QAT,LBN,0574
381987,188,124,710,2013.0,0.0,1296598.0,-0.14823599999999998,-0.883965,SAU,LBN,0574
381988,190,124,710,2013.0,0.0,99922.0,-1.224897,-1.059517,SDN,LBN,0574
381989,212,124,710,2013.0,67474.0,353598.0,-0.09157699999999999,1.1795950000000002,SYR,LBN,0574
381990,231,124,710,2013.0,41440.0,0.0,1.612058,-0.8592989999999999,USA,LBN,0574
381991,246,124,710,2013.0,1493.0,0.0,0.11624100000000001,1.574591,ZAF,LBN,0574
381992,250,124,710,2013.0,114562.0,0.0,0.583151,0.14238299999999998,ANS,LBN,0574
381993,7,128,710,2013.0,0.0,1570.0,-0.338417,-0.754102,ARE,LKA,0574
381994,14,128,710,2013.0,6667.0,0.0,-0.63369,-0.276328,AUS,LKA,0574
381995,43,128,710,2013.0,12093204.0,0.0,1.24864,0.667713,CHN,LKA,0574
381996,77,128,710,2013.0,22958.0,0.0,1.5253299999999999,0.026146,FRA,LKA,0574
381997,104,128,710,2013.0,580368.0,0.0,0.18186,2.647598,IND,LKA,0574
381998,107,128,710,2013.0,5358.0,0.0,-0.23625100000000002,-0.256067,IRN,LKA,0574
381999,110,128,710,2013.0,201543.0,0.0,1.0247629999999999,0.8261639999999999,ISR,LKA,0574
382000,111,128,710,2013.0,159757.0,0.0,1.419383,-0.304402,ITA,LKA,0574
382001,122,128,710,2013.0,0.0,6196.0,-1.198985,-1.057248,KWT,LKA,0574
382002,137,128,710,2013.0,0.0,9959.0,-0.510204,-0.740372,MDV,LKA,0574
382003,166,128,710,2013.0,2394897.0,0.0,0.192237,0.429825,NZL,LKA,0574
382004,168,128,710,2013.0,33747.0,0.0,-0.697224,0.501576,PAK,LKA,0574
382005,231,128,710,2013.0,3530522.0,0.0,1.612058,-0.8592989999999999,USA,LKA,0574
382006,246,128,710,2013.0,537358.0,0.0,0.11624100000000001,1.574591,ZAF,LKA,0574
382007,8,130,710,2013.0,17753.0,0.0,0.042829,0.461002,ARG,LTU,0574
382008,15,130,710,2013.0,765614.0,0.0,1.855434,-1.06494,AUT,LTU,0574
382009,18,130,710,2013.0,336361.0,0.0,1.198491,1.117268,BEL,LTU,0574
382010,28,130,710,2013.0,0.0,4508907.0,1.183522,0.934159,BLR,LTU,0574
382011,42,130,710,2013.0,254112.0,0.0,-0.184556,-0.238657,CHL,LTU,0574
382012,61,130,710,2013.0,2861234.0,145666.0,2.1086869999999998,-3.7092,DEU,LTU,0574
382013,64,130,710,2013.0,0.0,45460.0,1.190302,1.062991,DNK,LTU,0574
382014,71,130,710,2013.0,67614.0,0.0,0.955472,1.80005,ESP,LTU,0574
382015,72,130,710,2013.0,0.0,421442.0,0.923321,1.290016,EST,LTU,0574
382016,77,130,710,2013.0,678849.0,0.0,1.5253299999999999,0.026146,FRA,LTU,0574
382017,81,130,710,2013.0,2112391.0,68972.0,1.628465,0.77075,GBR,LTU,0574
382018,90,130,710,2013.0,72671.0,11233.0,0.073442,0.9857899999999999,GRC,LTU,0574
382019,102,130,710,2013.0,7032.0,0.0,1.6962560000000002,0.45460600000000007,HUN,LTU,0574
382020,106,130,710,2013.0,0.0,13815.0,1.32787,0.394579,IRL,LTU,0574
382021,111,130,710,2013.0,13437748.0,0.0,1.419383,-0.304402,ITA,LTU,0574
382022,115,130,710,2013.0,0.0,1303687.0,-0.9193819999999999,-0.734194,KAZ,LTU,0574
382023,117,130,710,2013.0,0.0,4576.0,0.25090500000000004,0.7357279999999999,KGZ,LTU,0574
382024,132,130,710,2013.0,1460600.0,810138.0,0.652463,1.299917,LVA,LTU,0574
382025,145,130,710,2013.0,0.0,1694.0,-1.264785,-1.133222,MNG,LTU,0574
382026,162,130,710,2013.0,2210861.0,3368.0,1.012006,1.441545,NLD,LTU,0574
382027,177,130,710,2013.0,7692786.0,2195489.0,1.11341,0.975734,POL,LTU,0574
382028,186,130,710,2013.0,24788.0,8634528.0,-0.08233,-0.267781,RUS,LTU,0574
382029,206,130,710,2013.0,3492355.0,0.0,1.510052,0.7060310000000001,SVK,LTU,0574
382030,207,130,710,2013.0,17231.0,0.0,1.55922,0.565874,SVN,LTU,0574
382031,246,130,710,2013.0,26502.0,0.0,0.11624100000000001,1.574591,ZAF,LTU,0574
382032,8,131,710,2013.0,171341.0,0.0,0.042829,0.461002,ARG,LUX,0574
382033,15,131,710,2013.0,1238.0,0.0,1.855434,-1.06494,AUT,LUX,0574
382034,18,131,710,2013.0,7974646.0,11145.0,1.198491,1.117268,BEL,LUX,0574
382035,41,131,710,2013.0,6326.0,0.0,2.0899229999999998,0.661667,CHE,LUX,0574
382036,42,131,710,2013.0,78116.0,0.0,-0.184556,-0.238657,CHL,LUX,0574
382037,43,131,710,2013.0,1869.0,0.0,1.24864,0.667713,CHN,LUX,0574
382038,61,131,710,2013.0,386883.0,160957.0,2.1086869999999998,-3.7092,DEU,LUX,0574
382039,71,131,710,2013.0,5035.0,0.0,0.955472,1.80005,ESP,LUX,0574
382040,77,131,710,2013.0,1774918.0,61875.0,1.5253299999999999,0.026146,FRA,LUX,0574
382041,83,131,710,2013.0,0.0,2867.0,-0.696971,-0.5807939999999999,GHA,LUX,0574
382042,111,131,710,2013.0,111545.0,0.0,1.419383,-0.304402,ITA,LUX,0574
382043,114,131,710,2013.0,2424.0,0.0,2.333417,-0.818701,JPN,LUX,0574
382044,162,131,710,2013.0,428930.0,0.0,1.012006,1.441545,NLD,LUX,0574
382045,166,131,710,2013.0,129244.0,0.0,0.192237,0.429825,NZL,LUX,0574
382046,177,131,710,2013.0,86509.0,0.0,1.11341,0.975734,POL,LUX,0574
382047,179,131,710,2013.0,157041.0,0.0,0.705087,2.2055580000000004,PRT,LUX,0574
382048,246,131,710,2013.0,111756.0,0.0,0.11624100000000001,1.574591,ZAF,LUX,0574
382049,250,131,710,2013.0,58257.0,0.0,0.583151,0.14238299999999998,ANS,LUX,0574
382050,18,132,710,2013.0,512077.0,0.0,1.198491,1.117268,BEL,LVA,0574
382051,28,132,710,2013.0,0.0,25975.0,1.183522,0.934159,BLR,LVA,0574
382052,42,132,710,2013.0,231532.0,0.0,-0.184556,-0.238657,CHL,LVA,0574
382053,61,132,710,2013.0,59272.0,0.0,2.1086869999999998,-3.7092,DEU,LVA,0574
382054,64,132,710,2013.0,0.0,9206.0,1.190302,1.062991,DNK,LVA,0574
382055,71,132,710,2013.0,58857.0,0.0,0.955472,1.80005,ESP,LVA,0574
382056,72,132,710,2013.0,66905.0,2498157.0,0.923321,1.290016,EST,LVA,0574
382057,77,132,710,2013.0,175591.0,0.0,1.5253299999999999,0.026146,FRA,LVA,0574
382058,111,132,710,2013.0,2197292.0,0.0,1.419383,-0.304402,ITA,LVA,0574
382059,130,132,710,2013.0,810138.0,1460600.0,0.677986,1.29227,LTU,LVA,0574
382060,162,132,710,2013.0,2290198.0,0.0,1.012006,1.441545,NLD,LVA,0574
382061,166,132,710,2013.0,21778.0,0.0,0.192237,0.429825,NZL,LVA,0574
382062,177,132,710,2013.0,5557172.0,389062.0,1.11341,0.975734,POL,LVA,0574
382063,186,132,710,2013.0,0.0,41263.0,-0.08233,-0.267781,RUS,LVA,0574
382064,207,132,710,2013.0,0.0,1060.0,1.55922,0.565874,SVN,LVA,0574
382065,208,132,710,2013.0,0.0,56360.0,1.7851290000000002,0.182623,SWE,LVA,0574
382066,231,132,710,2013.0,40540.0,0.0,1.612058,-0.8592989999999999,USA,LVA,0574
382067,7,135,710,2013.0,0.0,21890.0,-0.338417,-0.754102,ARE,MDA,0574
382068,18,135,710,2013.0,0.0,19189.0,1.198491,1.117268,BEL,MDA,0574
382069,28,135,710,2013.0,0.0,2091243.0,1.183522,0.934159,BLR,MDA,0574
382070,42,135,710,2013.0,3186.0,0.0,-0.184556,-0.238657,CHL,MDA,0574
382071,71,135,710,2013.0,1195.0,0.0,0.955472,1.80005,ESP,MDA,0574
382072,77,135,710,2013.0,16672.0,0.0,1.5253299999999999,0.026146,FRA,MDA,0574
382073,81,135,710,2013.0,0.0,58440.0,1.628465,0.77075,GBR,MDA,0574
382074,90,135,710,2013.0,393787.0,0.0,0.073442,0.9857899999999999,GRC,MDA,0574
382075,102,135,710,2013.0,2667.0,0.0,1.6962560000000002,0.45460600000000007,HUN,MDA,0574
382076,108,135,710,2013.0,0.0,51646.0,-3.147217,-0.685991,IRQ,MDA,0574
382077,111,135,710,2013.0,54565.0,0.0,1.419383,-0.304402,ITA,MDA,0574
382078,115,135,710,2013.0,0.0,1545183.0,-0.9193819999999999,-0.734194,KAZ,MDA,0574
382079,126,135,710,2013.0,0.0,222251.0,-1.871593,-1.1211790000000001,LBY,MDA,0574
382080,134,135,710,2013.0,0.0,11146.0,-0.474872,0.178118,MAR,MDA,0574
382081,145,135,710,2013.0,0.0,5062.0,-1.264785,-1.133222,MNG,MDA,0574
382082,162,135,710,2013.0,101733.0,11520.0,1.012006,1.441545,NLD,MDA,0574
382083,177,135,710,2013.0,58557.0,0.0,1.11341,0.975734,POL,MDA,0574
382084,185,135,710,2013.0,18001.0,494266.0,1.05722,1.0968799999999999,ROU,MDA,0574
382085,186,135,710,2013.0,0.0,47997180.0,-0.08233,-0.267781,RUS,MDA,0574
382086,207,135,710,2013.0,6927.0,0.0,1.55922,0.565874,SVN,MDA,0574
382087,228,135,710,2013.0,0.0,6910.0,0.535571,1.026263,UKR,MDA,0574
382088,250,135,710,2013.0,26364.0,0.0,0.583151,0.14238299999999998,ANS,MDA,0574
382089,4,140,710,2013.0,1632.0,83587.0,-0.44779300000000005,-0.13181700000000002,ALB,MKD,0574
382090,7,140,710,2013.0,0.0,58064.0,-0.338417,-0.754102,ARE,MKD,0574
382091,8,140,710,2013.0,2138.0,0.0,0.042829,0.461002,ARG,MKD,0574
382092,15,140,710,2013.0,0.0,157574.0,1.855434,-1.06494,AUT,MKD,0574
382093,23,140,710,2013.0,0.0,3859705.0,0.622325,1.5506229999999999,BGR,MKD,0574
382094,26,140,710,2013.0,0.0,2026233.0,0.723658,0.9271879999999999,BIH,MKD,0574
382095,28,140,710,2013.0,0.0,1429.0,1.183522,0.934159,BLR,MKD,0574
382096,42,140,710,2013.0,1433.0,0.0,-0.184556,-0.238657,CHL,MKD,0574
382097,44,140,710,2013.0,0.0,1691.0,-1.0025870000000001,-0.901658,CIV,MKD,0574
382098,59,140,710,2013.0,0.0,23842.0,1.829509,-0.41787700000000005,CZE,MKD,0574
382099,61,140,710,2013.0,0.0,61359.0,2.1086869999999998,-3.7092,DEU,MKD,0574
382100,68,140,710,2013.0,0.0,173421.0,-0.12015799999999999,1.793363,EGY,MKD,0574
382101,81,140,710,2013.0,0.0,6417.0,1.628465,0.77075,GBR,MKD,0574
382102,90,140,710,2013.0,484506.0,483699.0,0.073442,0.9857899999999999,GRC,MKD,0574
382103,100,140,710,2013.0,0.0,372527.0,0.8737309999999999,1.276091,HRV,MKD,0574
382104,108,140,710,2013.0,0.0,1405151.0,-3.147217,-0.685991,IRQ,MKD,0574
382105,111,140,710,2013.0,161231.0,96914.0,1.419383,-0.304402,ITA,MKD,0574
382106,144,140,710,2013.0,0.0,974743.0,0.09597,-0.019953,MNE,MKD,0574
382107,162,140,710,2013.0,0.0,7995.0,1.012006,1.441545,NLD,MKD,0574
382108,163,140,710,2013.0,0.0,18697.0,0.710901,0.062705,NOR,MKD,0574
382109,177,140,710,2013.0,5717.0,6955.0,1.11341,0.975734,POL,MKD,0574
382110,185,140,710,2013.0,5107.0,380779.0,1.05722,1.0968799999999999,ROU,MKD,0574
382111,186,140,710,2013.0,0.0,73164.0,-0.08233,-0.267781,RUS,MKD,0574
382112,201,140,710,2013.0,89535.0,5899400.0,0.609755,1.355304,SRB,MKD,0574
382113,207,140,710,2013.0,0.0,107237.0,1.55922,0.565874,SVN,MKD,0574
382114,208,140,710,2013.0,0.0,15150.0,1.7851290000000002,0.182623,SWE,MKD,0574
382115,224,140,710,2013.0,0.0,282829.0,0.580016,2.394812,TUR,MKD,0574
382116,209,147,710,2013.0,3082.0,0.0,0.017946,-0.20627399999999999,SWZ,MOZ,0574
382117,246,147,710,2013.0,3443582.0,0.0,0.11624100000000001,1.574591,ZAF,MOZ,0574
382118,42,148,710,2013.0,292671.0,0.0,-0.184556,-0.238657,CHL,MRT,0574
382119,43,148,710,2013.0,49860.0,0.0,1.24864,0.667713,CHN,MRT,0574
382120,44,148,710,2013.0,11081.0,0.0,-1.0025870000000001,-0.901658,CIV,MRT,0574
382121,71,148,710,2013.0,1643229.0,0.0,0.955472,1.80005,ESP,MRT,0574
382122,77,148,710,2013.0,950936.0,0.0,1.5253299999999999,0.026146,FRA,MRT,0574
382123,111,148,710,2013.0,250697.0,0.0,1.419383,-0.304402,ITA,MRT,0574
382124,134,148,710,2013.0,15363.0,0.0,-0.474872,0.178118,MAR,MRT,0574
382125,159,148,710,2013.0,0.0,285597.0,-1.679402,-1.14686,NGA,MRT,0574
382126,162,148,710,2013.0,8108.0,0.0,1.012006,1.441545,NLD,MRT,0574
382127,179,148,710,2013.0,49405.0,0.0,0.705087,2.2055580000000004,PRT,MRT,0574
382128,224,148,710,2013.0,15592.0,0.0,0.580016,2.394812,TUR,MRT,0574
382129,246,148,710,2013.0,533487.0,0.0,0.11624100000000001,1.574591,ZAF,MRT,0574
382130,7,159,710,2013.0,100244.0,182244.0,-0.338417,-0.754102,ARE,NGA,0574
382131,8,159,710,2013.0,0.0,69143.0,0.042829,0.461002,ARG,NGA,0574
382132,19,159,710,2013.0,16185.0,0.0,-0.924213,-0.8181390000000001,BEN,NGA,0574
382133,39,159,710,2013.0,0.0,75085.0,0.599305,1.193591,CAN,NGA,0574
382134,42,159,710,2013.0,37126.0,0.0,-0.184556,-0.238657,CHL,NGA,0574
382135,43,159,710,2013.0,150569.0,134165.0,1.24864,0.667713,CHN,NGA,0574
382136,45,159,710,2013.0,285935.0,0.0,-0.93575,-1.003851,CMR,NGA,0574
382137,61,159,710,2013.0,1256.0,0.0,2.1086869999999998,-3.7092,DEU,NGA,0574
382138,68,159,710,2013.0,1521.0,0.0,-0.12015799999999999,1.793363,EGY,NGA,0574
382139,71,159,710,2013.0,115003.0,0.0,0.955472,1.80005,ESP,NGA,0574
382140,77,159,710,2013.0,379646.0,34276.0,1.5253299999999999,0.026146,FRA,NGA,0574
382141,81,159,710,2013.0,0.0,137348.0,1.628465,0.77075,GBR,NGA,0574
382142,90,159,710,2013.0,73370.0,0.0,0.073442,0.9857899999999999,GRC,NGA,0574
382143,97,159,710,2013.0,0.0,12837.0,0.791401,1.249845,HKG,NGA,0574
382144,104,159,710,2013.0,0.0,379698.0,0.18186,2.647598,IND,NGA,0574
382145,110,159,710,2013.0,0.0,51926.0,1.0247629999999999,0.8261639999999999,ISR,NGA,0574
382146,111,159,710,2013.0,34831.0,58142.0,1.419383,-0.304402,ITA,NGA,0574
382147,124,159,710,2013.0,1122.0,62985.0,0.37392800000000004,1.413136,LBN,NGA,0574
382148,134,159,710,2013.0,0.0,64978.0,-0.474872,0.178118,MAR,NGA,0574
382149,148,159,710,2013.0,285597.0,0.0,-1.681152,-1.2712350000000001,MRT,NGA,0574
382150,151,159,710,2013.0,1260525.0,0.0,-0.092312,0.050927,MUS,NGA,0574
382151,157,159,710,2013.0,1025.0,0.0,-1.0008350000000001,-0.8325670000000001,NER,NGA,0574
382152,162,159,710,2013.0,5101.0,0.0,1.012006,1.441545,NLD,NGA,0574
382153,177,159,710,2013.0,10182.0,0.0,1.11341,0.975734,POL,NGA,0574
382154,188,159,710,2013.0,15735.0,0.0,-0.14823599999999998,-0.883965,SAU,NGA,0574
382155,216,159,710,2013.0,0.0,91894.0,1.067287,1.2767110000000002,THA,NGA,0574
382156,224,159,710,2013.0,55156.0,0.0,0.580016,2.394812,TUR,NGA,0574
382157,231,159,710,2013.0,182883.0,1212673.0,1.612058,-0.8592989999999999,USA,NGA,0574
382158,239,159,710,2013.0,0.0,72728.0,0.009264,1.182368,VNM,NGA,0574
382159,246,159,710,2013.0,28585880.0,259482.0,0.11624100000000001,1.574591,ZAF,NGA,0574
382160,43,164,710,2013.0,31639588.0,0.0,1.24864,0.667713,CHN,NPL,0574
382161,104,164,710,2013.0,1210526.0,4403.0,0.18186,2.647598,IND,NPL,0574
382162,231,164,710,2013.0,37249.0,0.0,1.612058,-0.8592989999999999,USA,NPL,0574
382163,7,167,710,2013.0,18064824.0,318679.0,-0.338417,-0.754102,ARE,OMN,0574
382164,24,167,710,2013.0,0.0,30842.0,0.080634,-0.6828890000000001,BHR,OMN,0574
382165,32,167,710,2013.0,573688.0,0.0,0.2804,0.649729,BRA,OMN,0574
382166,42,167,710,2013.0,1369688.0,0.0,-0.184556,-0.238657,CHL,OMN,0574
382167,43,167,710,2013.0,639321.0,0.0,1.24864,0.667713,CHN,OMN,0574
382168,61,167,710,2013.0,2949.0,3911.0,2.1086869999999998,-3.7092,DEU,OMN,0574
382169,68,167,710,2013.0,12597.0,46866.0,-0.12015799999999999,1.793363,EGY,OMN,0574
382170,71,167,710,2013.0,48906.0,0.0,0.955472,1.80005,ESP,OMN,0574
382171,77,167,710,2013.0,4283540.0,0.0,1.5253299999999999,0.026146,FRA,OMN,0574
382172,107,167,710,2013.0,312420.0,0.0,-0.23625100000000002,-0.256067,IRN,OMN,0574
382173,111,167,710,2013.0,331613.0,0.0,1.419383,-0.304402,ITA,OMN,0574
382174,113,167,710,2013.0,11283.0,0.0,0.1888,0.596867,JOR,OMN,0574
382175,122,167,710,2013.0,2818.0,52967.0,-1.198985,-1.057248,KWT,OMN,0574
382176,124,167,710,2013.0,214213.0,0.0,0.37392800000000004,1.413136,LBN,OMN,0574
382177,162,167,710,2013.0,20417.0,0.0,1.012006,1.441545,NLD,OMN,0574
382178,166,167,710,2013.0,903440.0,0.0,0.192237,0.429825,NZL,OMN,0574
382179,168,167,710,2013.0,67234.0,0.0,-0.697224,0.501576,PAK,OMN,0574
382180,183,167,710,2013.0,0.0,107623.0,-0.583609,-1.003754,QAT,OMN,0574
382181,188,167,710,2013.0,71901.0,274723.0,-0.14823599999999998,-0.883965,SAU,OMN,0574
382182,199,167,710,2013.0,0.0,3948.0,-0.9790979999999999,-0.8632620000000001,SOM,OMN,0574
382183,212,167,710,2013.0,38632.0,0.0,-0.09157699999999999,1.1795950000000002,SYR,OMN,0574
382184,216,167,710,2013.0,3663.0,0.0,1.067287,1.2767110000000002,THA,OMN,0574
382185,224,167,710,2013.0,13596.0,0.0,0.580016,2.394812,TUR,OMN,0574
382186,231,167,710,2013.0,38723.0,0.0,1.612058,-0.8592989999999999,USA,OMN,0574
382187,243,167,710,2013.0,3256.0,29070.0,-1.2788700000000002,-1.230713,YEM,OMN,0574
382188,246,167,710,2013.0,3004242.0,0.0,0.11624100000000001,1.574591,ZAF,OMN,0574
382189,1,168,710,2013.0,8107248.0,15488.0,-0.767212,-0.6506069999999999,AFG,PAK,0574
382190,7,168,710,2013.0,120877.0,124994.0,-0.338417,-0.754102,ARE,PAK,0574
382191,22,168,710,2013.0,0.0,6719.0,-0.835666,-0.8088810000000001,BGD,PAK,0574
382192,24,168,710,2013.0,0.0,13119.0,0.080634,-0.6828890000000001,BHR,PAK,0574
382193,42,168,710,2013.0,7309.0,0.0,-0.184556,-0.238657,CHL,PAK,0574
382194,43,168,710,2013.0,7194110.0,0.0,1.24864,0.667713,CHN,PAK,0574
382195,77,168,710,2013.0,24271.0,0.0,1.5253299999999999,0.026146,FRA,PAK,0574
382196,103,168,710,2013.0,17491.0,0.0,-0.006876999999999999,1.8336569999999999,IDN,PAK,0574
382197,104,168,710,2013.0,0.0,929659.0,0.18186,2.647598,IND,PAK,0574
382198,107,168,710,2013.0,377417.0,0.0,-0.23625100000000002,-0.256067,IRN,PAK,0574
382199,111,168,710,2013.0,79503.0,0.0,1.419383,-0.304402,ITA,PAK,0574
382200,118,168,710,2013.0,2457.0,0.0,-0.634876,-0.714886,KHM,PAK,0574
382201,122,168,710,2013.0,0.0,1129.0,-1.198985,-1.057248,KWT,PAK,0574
382202,128,168,710,2013.0,0.0,33747.0,-0.320583,0.44462399999999996,LKA,PAK,0574
382203,166,168,710,2013.0,646112.0,0.0,0.192237,0.429825,NZL,PAK,0574
382204,167,168,710,2013.0,0.0,67234.0,-0.698693,-1.030814,OMN,PAK,0574
382205,231,168,710,2013.0,8825.0,0.0,1.612058,-0.8592989999999999,USA,PAK,0574
382206,246,168,710,2013.0,32216.0,0.0,0.11624100000000001,1.574591,ZAF,PAK,0574
382207,8,185,710,2013.0,16482.0,0.0,0.042829,0.461002,ARG,ROU,0574
382208,15,185,710,2013.0,1605745.0,65460.0,1.855434,-1.06494,AUT,ROU,0574
382209,18,185,710,2013.0,101621.0,8564.0,1.198491,1.117268,BEL,ROU,0574
382210,23,185,710,2013.0,132902.0,177078.0,0.622325,1.5506229999999999,BGR,ROU,0574
382211,28,185,710,2013.0,0.0,2869.0,1.183522,0.934159,BLR,ROU,0574
382212,59,185,710,2013.0,127602.0,4794.0,1.829509,-0.41787700000000005,CZE,ROU,0574
382213,61,185,710,2013.0,411360.0,2830703.0,2.1086869999999998,-3.7092,DEU,ROU,0574
382214,68,185,710,2013.0,0.0,19818.0,-0.12015799999999999,1.793363,EGY,ROU,0574
382215,71,185,710,2013.0,524627.0,0.0,0.955472,1.80005,ESP,ROU,0574
382216,72,185,710,2013.0,0.0,13469.0,0.923321,1.290016,EST,ROU,0574
382217,74,185,710,2013.0,0.0,1788.0,1.700282,0.867677,FIN,ROU,0574
382218,77,185,710,2013.0,20112.0,0.0,1.5253299999999999,0.026146,FRA,ROU,0574
382219,90,185,710,2013.0,949937.0,5525.0,0.073442,0.9857899999999999,GRC,ROU,0574
382220,102,185,710,2013.0,1138537.0,2044311.0,1.6962560000000002,0.45460600000000007,HUN,ROU,0574
382221,111,185,710,2013.0,6871253.0,552622.0,1.419383,-0.304402,ITA,ROU,0574
382222,115,185,710,2013.0,0.0,7327.0,-0.9193819999999999,-0.734194,KAZ,ROU,0574
382223,135,185,710,2013.0,494266.0,18001.0,0.14256,0.33920700000000004,MDA,ROU,0574
382224,140,185,710,2013.0,380779.0,5107.0,-0.127775,0.21915900000000002,MKD,ROU,0574
382225,162,185,710,2013.0,451713.0,144856.0,1.012006,1.441545,NLD,ROU,0574
382226,177,185,710,2013.0,12864564.0,36460.0,1.11341,0.975734,POL,ROU,0574
382227,186,185,710,2013.0,0.0,3449.0,-0.08233,-0.267781,RUS,ROU,0574
382228,201,185,710,2013.0,152648.0,0.0,0.609755,1.355304,SRB,ROU,0574
382229,207,185,710,2013.0,31493.0,0.0,1.55922,0.565874,SVN,ROU,0574
382230,224,185,710,2013.0,84207.0,0.0,0.580016,2.394812,TUR,ROU,0574
382231,8,186,710,2013.0,17948802.0,0.0,0.042829,0.461002,ARG,RUS,0574
382232,9,186,710,2013.0,450535.0,0.0,-0.159148,-0.515766,ARM,RUS,0574
382233,15,186,710,2013.0,1846641.0,0.0,1.855434,-1.06494,AUT,RUS,0574
382234,16,186,710,2013.0,10231963.0,0.0,-1.319766,-1.200648,AZE,RUS,0574
382235,18,186,710,2013.0,22223440.0,0.0,1.198491,1.117268,BEL,RUS,0574
382236,23,186,710,2013.0,120218.0,0.0,0.622325,1.5506229999999999,BGR,RUS,0574
382237,26,186,710,2013.0,22684.0,0.0,0.723658,0.9271879999999999,BIH,RUS,0574
382238,28,186,710,2013.0,30692480.0,33580.0,1.183522,0.934159,BLR,RUS,0574
382239,32,186,710,2013.0,189330.0,0.0,0.2804,0.649729,BRA,RUS,0574
382240,39,186,710,2013.0,9055.0,0.0,0.599305,1.193591,CAN,RUS,0574
382241,42,186,710,2013.0,25588596.0,0.0,-0.184556,-0.238657,CHL,RUS,0574
382242,43,186,710,2013.0,93376040.0,0.0,1.24864,0.667713,CHN,RUS,0574
382243,59,186,710,2013.0,209425.0,0.0,1.829509,-0.41787700000000005,CZE,RUS,0574
382244,61,186,710,2013.0,8666959.0,0.0,2.1086869999999998,-3.7092,DEU,RUS,0574
382245,71,186,710,2013.0,1180293.0,0.0,0.955472,1.80005,ESP,RUS,0574
382246,74,186,710,2013.0,54642.0,0.0,1.700282,0.867677,FIN,RUS,0574
382247,77,186,710,2013.0,13561621.0,0.0,1.5253299999999999,0.026146,FRA,RUS,0574
382248,82,186,710,2013.0,19821.0,3032.0,-0.08343099999999999,-0.359692,GEO,RUS,0574
382249,90,186,710,2013.0,1945275.0,5450.0,0.073442,0.9857899999999999,GRC,RUS,0574
382250,100,186,710,2013.0,17769.0,0.0,0.8737309999999999,1.276091,HRV,RUS,0574
382251,102,186,710,2013.0,565512.0,0.0,1.6962560000000002,0.45460600000000007,HUN,RUS,0574
382252,107,186,710,2013.0,1804116.0,0.0,-0.23625100000000002,-0.256067,IRN,RUS,0574
382253,110,186,710,2013.0,85300.0,0.0,1.0247629999999999,0.8261639999999999,ISR,RUS,0574
382254,111,186,710,2013.0,22603608.0,0.0,1.419383,-0.304402,ITA,RUS,0574
382255,114,186,710,2013.0,165404.0,0.0,2.333417,-0.818701,JPN,RUS,0574
382256,115,186,710,2013.0,53097.0,163709.0,-0.9193819999999999,-0.734194,KAZ,RUS,0574
382257,121,186,710,2013.0,660750.0,0.0,1.817145,0.835414,KOR,RUS,0574
382258,130,186,710,2013.0,8634528.0,24788.0,0.677986,1.29227,LTU,RUS,0574
382259,132,186,710,2013.0,41263.0,0.0,0.652463,1.299917,LVA,RUS,0574
382260,135,186,710,2013.0,47997180.0,0.0,0.14256,0.33920700000000004,MDA,RUS,0574
382261,140,186,710,2013.0,73164.0,0.0,-0.127775,0.21915900000000002,MKD,RUS,0574
382262,145,186,710,2013.0,0.0,389668.0,-1.264785,-1.133222,MNG,RUS,0574
382263,162,186,710,2013.0,4553041.0,0.0,1.012006,1.441545,NLD,RUS,0574
382264,163,186,710,2013.0,0.0,1924.0,0.710901,0.062705,NOR,RUS,0574
382265,166,186,710,2013.0,7557880.0,0.0,0.192237,0.429825,NZL,RUS,0574
382266,177,186,710,2013.0,338193984.0,0.0,1.11341,0.975734,POL,RUS,0574
382267,179,186,710,2013.0,2586.0,0.0,0.705087,2.2055580000000004,PRT,RUS,0574
382268,185,186,710,2013.0,3449.0,0.0,1.05722,1.0968799999999999,ROU,RUS,0574
382269,201,186,710,2013.0,39924188.0,6002.0,0.609755,1.355304,SRB,RUS,0574
382270,206,186,710,2013.0,27773.0,0.0,1.510052,0.7060310000000001,SVK,RUS,0574
382271,207,186,710,2013.0,41153.0,0.0,1.55922,0.565874,SVN,RUS,0574
382272,217,186,710,2013.0,29603.0,28966.0,-1.117246,-1.1638600000000001,TJK,RUS,0574
382273,219,186,710,2013.0,227725.0,0.0,-1.174981,-1.14869,TKM,RUS,0574
382274,224,186,710,2013.0,264558.0,0.0,0.580016,2.394812,TUR,RUS,0574
382275,228,186,710,2013.0,3824379.0,0.0,0.535571,1.026263,UKR,RUS,0574
382276,231,186,710,2013.0,11530088.0,0.0,1.612058,-0.8592989999999999,USA,RUS,0574
382277,232,186,710,2013.0,131027.0,37516.0,-0.7076319999999999,-0.645674,UZB,RUS,0574
382278,246,186,710,2013.0,5419550.0,0.0,0.11624100000000001,1.574591,ZAF,RUS,0574
382279,250,186,710,2013.0,0.0,6943.0,0.583151,0.14238299999999998,ANS,RUS,0574
382280,41,191,710,2013.0,7393.0,0.0,2.0899229999999998,0.661667,CHE,SEN,0574
382281,42,191,710,2013.0,32875.0,0.0,-0.184556,-0.238657,CHL,SEN,0574
382282,43,191,710,2013.0,481107.0,0.0,1.24864,0.667713,CHN,SEN,0574
382283,71,191,710,2013.0,307868.0,0.0,0.955472,1.80005,ESP,SEN,0574
382284,77,191,710,2013.0,2869236.0,0.0,1.5253299999999999,0.026146,FRA,SEN,0574
382285,111,191,710,2013.0,384297.0,0.0,1.419383,-0.304402,ITA,SEN,0574
382286,134,191,710,2013.0,31261.0,0.0,-0.474872,0.178118,MAR,SEN,0574
382287,162,191,710,2013.0,3191.0,0.0,1.012006,1.441545,NLD,SEN,0574
382288,188,191,710,2013.0,8951.0,0.0,-0.14823599999999998,-0.883965,SAU,SEN,0574
382289,224,191,710,2013.0,9442.0,0.0,0.580016,2.394812,TUR,SEN,0574
382290,231,191,710,2013.0,26483.0,0.0,1.612058,-0.8592989999999999,USA,SEN,0574
382291,246,191,710,2013.0,6928612.0,0.0,0.11624100000000001,1.574591,ZAF,SEN,0574
382292,250,191,710,2013.0,25798.0,0.0,0.583151,0.14238299999999998,ANS,SEN,0574
382293,4,201,710,2013.0,92773.0,0.0,-0.44779300000000005,-0.13181700000000002,ALB,SRB,0574
382294,8,201,710,2013.0,14061.0,0.0,0.042829,0.461002,ARG,SRB,0574
382295,15,201,710,2013.0,408926.0,1092683.0,1.855434,-1.06494,AUT,SRB,0574
382296,18,201,710,2013.0,6109.0,0.0,1.198491,1.117268,BEL,SRB,0574
382297,23,201,710,2013.0,0.0,4926.0,0.622325,1.5506229999999999,BGR,SRB,0574
382298,26,201,710,2013.0,627710.0,262044.0,0.723658,0.9271879999999999,BIH,SRB,0574
382299,28,201,710,2013.0,0.0,1539260.0,1.183522,0.934159,BLR,SRB,0574
382300,41,201,710,2013.0,5842.0,0.0,2.0899229999999998,0.661667,CHE,SRB,0574
382301,42,201,710,2013.0,19272.0,0.0,-0.184556,-0.238657,CHL,SRB,0574
382302,59,201,710,2013.0,12593.0,397141.0,1.829509,-0.41787700000000005,CZE,SRB,0574
382303,61,201,710,2013.0,22412.0,2512418.0,2.1086869999999998,-3.7092,DEU,SRB,0574
382304,64,201,710,2013.0,0.0,599204.0,1.190302,1.062991,DNK,SRB,0574
382305,68,201,710,2013.0,0.0,2026.0,-0.12015799999999999,1.793363,EGY,SRB,0574
382306,71,201,710,2013.0,0.0,51018.0,0.955472,1.80005,ESP,SRB,0574
382307,72,201,710,2013.0,0.0,10824.0,0.923321,1.290016,EST,SRB,0574
382308,77,201,710,2013.0,2242.0,0.0,1.5253299999999999,0.026146,FRA,SRB,0574
382309,81,201,710,2013.0,0.0,106954.0,1.628465,0.77075,GBR,SRB,0574
382310,90,201,710,2013.0,279179.0,145942.0,0.073442,0.9857899999999999,GRC,SRB,0574
382311,100,201,710,2013.0,167835.0,839589.0,0.8737309999999999,1.276091,HRV,SRB,0574
382312,102,201,710,2013.0,5182.0,1206554.0,1.6962560000000002,0.45460600000000007,HUN,SRB,0574
382313,111,201,710,2013.0,1412556.0,533813.0,1.419383,-0.304402,ITA,SRB,0574
382314,116,201,710,2013.0,30374.0,0.0,-0.303119,0.626786,KEN,SRB,0574
382315,126,201,710,2013.0,0.0,11296.0,-1.871593,-1.1211790000000001,LBY,SRB,0574
382316,140,201,710,2013.0,5899400.0,89535.0,-0.127775,0.21915900000000002,MKD,SRB,0574
382317,144,201,710,2013.0,0.0,956902.0,0.09597,-0.019953,MNE,SRB,0574
382318,145,201,710,2013.0,0.0,9271.0,-1.264785,-1.133222,MNG,SRB,0574
382319,162,201,710,2013.0,69700.0,120513.0,1.012006,1.441545,NLD,SRB,0574
382320,163,201,710,2013.0,0.0,1096.0,0.710901,0.062705,NOR,SRB,0574
382321,177,201,710,2013.0,1130354.0,291661.0,1.11341,0.975734,POL,SRB,0574
382322,185,201,710,2013.0,0.0,152648.0,1.05722,1.0968799999999999,ROU,SRB,0574
382323,186,201,710,2013.0,6002.0,39924188.0,-0.08233,-0.267781,RUS,SRB,0574
382324,206,201,710,2013.0,5973.0,45579.0,1.510052,0.7060310000000001,SVK,SRB,0574
382325,207,201,710,2013.0,814960.0,441166.0,1.55922,0.565874,SVN,SRB,0574
382326,208,201,710,2013.0,0.0,29794.0,1.7851290000000002,0.182623,SWE,SRB,0574
382327,246,201,710,2013.0,6393.0,0.0,0.11624100000000001,1.574591,ZAF,SRB,0574
382328,7,207,710,2013.0,0.0,367238.0,-0.338417,-0.754102,ARE,SVN,0574
382329,8,207,710,2013.0,2646.0,0.0,0.042829,0.461002,ARG,SVN,0574
382330,14,207,710,2013.0,1720.0,0.0,-0.63369,-0.276328,AUS,SVN,0574
382331,15,207,710,2013.0,2890198.0,3050991.0,1.855434,-1.06494,AUT,SVN,0574
382332,18,207,710,2013.0,0.0,3490.0,1.198491,1.117268,BEL,SVN,0574
382333,23,207,710,2013.0,0.0,10471.0,0.622325,1.5506229999999999,BGR,SVN,0574
382334,26,207,710,2013.0,299989.0,1286586.0,0.723658,0.9271879999999999,BIH,SVN,0574
382335,28,207,710,2013.0,0.0,117408.0,1.183522,0.934159,BLR,SVN,0574
382336,42,207,710,2013.0,14061.0,0.0,-0.184556,-0.238657,CHL,SVN,0574
382337,52,207,710,2013.0,2909.0,0.0,0.208669,-0.54783,CRI,SVN,0574
382338,59,207,710,2013.0,0.0,100129.0,1.829509,-0.41787700000000005,CZE,SVN,0574
382339,61,207,710,2013.0,314539.0,1126769.0,2.1086869999999998,-3.7092,DEU,SVN,0574
382340,64,207,710,2013.0,0.0,83704.0,1.190302,1.062991,DNK,SVN,0574
382341,71,207,710,2013.0,2710.0,0.0,0.955472,1.80005,ESP,SVN,0574
382342,77,207,710,2013.0,37112.0,50835.0,1.5253299999999999,0.026146,FRA,SVN,0574
382343,81,207,710,2013.0,0.0,2801133.0,1.628465,0.77075,GBR,SVN,0574
382344,90,207,710,2013.0,9771.0,0.0,0.073442,0.9857899999999999,GRC,SVN,0574
382345,100,207,710,2013.0,568004.0,2512614.0,0.8737309999999999,1.276091,HRV,SVN,0574
382346,102,207,710,2013.0,1054848.0,76474.0,1.6962560000000002,0.45460600000000007,HUN,SVN,0574
382347,110,207,710,2013.0,7522.0,0.0,1.0247629999999999,0.8261639999999999,ISR,SVN,0574
382348,111,207,710,2013.0,1441073.0,790499.0,1.419383,-0.304402,ITA,SVN,0574
382349,122,207,710,2013.0,0.0,2263.0,-1.198985,-1.057248,KWT,SVN,0574
382350,130,207,710,2013.0,0.0,17231.0,0.677986,1.29227,LTU,SVN,0574
382351,132,207,710,2013.0,1060.0,0.0,0.652463,1.299917,LVA,SVN,0574
382352,135,207,710,2013.0,0.0,6927.0,0.14256,0.33920700000000004,MDA,SVN,0574
382353,140,207,710,2013.0,107237.0,0.0,-0.127775,0.21915900000000002,MKD,SVN,0574
382354,144,207,710,2013.0,0.0,39851.0,0.09597,-0.019953,MNE,SVN,0574
382355,162,207,710,2013.0,133635.0,78438.0,1.012006,1.441545,NLD,SVN,0574
382356,166,207,710,2013.0,9538.0,0.0,0.192237,0.429825,NZL,SVN,0574
382357,177,207,710,2013.0,661678.0,59679.0,1.11341,0.975734,POL,SVN,0574
382358,185,207,710,2013.0,0.0,31493.0,1.05722,1.0968799999999999,ROU,SVN,0574
382359,186,207,710,2013.0,0.0,41153.0,-0.08233,-0.267781,RUS,SVN,0574
382360,201,207,710,2013.0,441166.0,814960.0,0.609755,1.355304,SRB,SVN,0574
382361,206,207,710,2013.0,831862.0,38037.0,1.510052,0.7060310000000001,SVK,SVN,0574
382362,224,207,710,2013.0,2527.0,0.0,0.580016,2.394812,TUR,SVN,0574
382363,246,207,710,2013.0,4616.0,0.0,0.11624100000000001,1.574591,ZAF,SVN,0574
382364,8,239,710,2013.0,17697.0,0.0,0.042829,0.461002,ARG,VNM,0574
382365,14,239,710,2013.0,90056.0,0.0,-0.63369,-0.276328,AUS,VNM,0574
382366,39,239,710,2013.0,348525.0,4231.0,0.599305,1.193591,CAN,VNM,0574
382367,42,239,710,2013.0,237169.0,0.0,-0.184556,-0.238657,CHL,VNM,0574
382368,43,239,710,2013.0,86843320.0,333411.0,1.24864,0.667713,CHN,VNM,0574
382369,72,239,710,2013.0,0.0,1321.0,0.923321,1.290016,EST,VNM,0574
382370,77,239,710,2013.0,54140.0,27005.0,1.5253299999999999,0.026146,FRA,VNM,0574
382371,97,239,710,2013.0,3758834.0,0.0,0.791401,1.249845,HKG,VNM,0574
382372,114,239,710,2013.0,37505.0,0.0,2.333417,-0.818701,JPN,VNM,0574
382373,118,239,710,2013.0,0.0,64265.0,-0.634876,-0.714886,KHM,VNM,0574
382374,121,239,710,2013.0,228611.0,0.0,1.817145,0.835414,KOR,VNM,0574
382375,123,239,710,2013.0,0.0,9257.0,-0.907169,-0.587529,LAO,VNM,0574
382376,143,239,710,2013.0,0.0,8515.0,-1.147086,-0.6888989999999999,MMR,VNM,0574
382377,153,239,710,2013.0,304584.0,0.0,0.924532,0.671334,MYS,VNM,0574
382378,159,239,710,2013.0,72728.0,0.0,-1.679402,-1.14686,NGA,VNM,0574
382379,166,239,710,2013.0,5829582.0,0.0,0.192237,0.429825,NZL,VNM,0574
382380,177,239,710,2013.0,11195.0,0.0,1.11341,0.975734,POL,VNM,0574
382381,192,239,710,2013.0,715232.0,0.0,1.844685,0.639379,SGP,VNM,0574
382382,216,239,710,2013.0,130883.0,0.0,1.067287,1.2767110000000002,THA,VNM,0574
382383,231,239,710,2013.0,31319062.0,0.0,1.612058,-0.8592989999999999,USA,VNM,0574
382384,246,239,710,2013.0,276186.0,0.0,0.11624100000000001,1.574591,ZAF,VNM,0574
382385,177,248,710,2013.0,0.0,40138.0,1.11341,0.975734,POL,ZWE,0574
382386,227,248,710,2013.0,0.0,2347.0,-0.46170100000000003,0.652878,UGA,ZWE,0574
382387,246,248,710,2013.0,3641528.0,0.0,0.11624100000000001,1.574591,ZAF,ZWE,0574
382388,247,248,710,2013.0,0.0,5128.0,-0.293192,-0.42930100000000004,ZMB,ZWE,0574
382389,23,4,710,2013.0,0.0,129432.0,0.622325,1.5506229999999999,BGR,ALB,0574
382390,90,4,710,2013.0,2340459.0,25655.0,0.073442,0.9857899999999999,GRC,ALB,0574
382391,111,4,710,2013.0,2815496.0,69544.0,1.419383,-0.304402,ITA,ALB,0574
382392,140,4,710,2013.0,83587.0,1632.0,-0.127775,0.21915900000000002,MKD,ALB,0574
382393,144,4,710,2013.0,0.0,38840.0,0.09597,-0.019953,MNE,ALB,0574
382394,201,4,710,2013.0,0.0,92773.0,0.609755,1.355304,SRB,ALB,0574
382395,71,5,710,2013.0,623233.0,0.0,0.955472,1.80005,ESP,AND,0574
382396,77,5,710,2013.0,2680.0,0.0,1.5253299999999999,0.026146,FRA,AND,0574
382397,179,5,710,2013.0,1740.0,0.0,0.705087,2.2055580000000004,PRT,AND,0574
382398,195,5,710,2013.0,0.0,3699.0,-1.092566,-0.7936310000000001,SLB,AND,0574
382399,19,21,710,2013.0,15356.0,0.0,-0.924213,-0.8181390000000001,BEN,BFA,0574
382400,71,21,710,2013.0,5582.0,0.0,0.955472,1.80005,ESP,BFA,0574
382401,77,21,710,2013.0,4630.0,0.0,1.5253299999999999,0.026146,FRA,BFA,0574
382402,83,21,710,2013.0,7549.0,0.0,-0.696971,-0.5807939999999999,GHA,BFA,0574
382403,157,21,710,2013.0,0.0,7866.0,-1.0008350000000001,-0.8325670000000001,NER,BFA,0574
382404,162,21,710,2013.0,4826.0,0.0,1.012006,1.441545,NLD,BFA,0574
382405,215,21,710,2013.0,24988.0,0.0,-0.532095,-0.434276,TGO,BFA,0574
382406,246,21,710,2013.0,200351.0,0.0,0.11624100000000001,1.574591,ZAF,BFA,0574
382407,42,29,710,2013.0,1739.0,0.0,-0.184556,-0.238657,CHL,BLZ,0574
382408,138,29,710,2013.0,457965.0,0.0,1.2327219999999999,0.746108,MEX,BLZ,0574
382409,231,29,710,2013.0,4249.0,0.0,1.612058,-0.8592989999999999,USA,BLZ,0574
382410,192,30,710,2013.0,10375.0,0.0,1.844685,0.639379,SGP,BMU,0574
382411,231,30,710,2013.0,1209717.0,0.0,1.612058,-0.8592989999999999,USA,BMU,0574
382412,8,31,710,2013.0,4746366.0,0.0,0.042829,0.461002,ARG,BOL,0574
382413,42,31,710,2013.0,7253016.0,0.0,-0.184556,-0.238657,CHL,BOL,0574
382414,173,31,710,2013.0,43134.0,0.0,-0.640044,0.121772,PER,BOL,0574
382415,8,34,710,2013.0,1703.0,0.0,0.042829,0.461002,ARG,BRN,0574
382416,14,34,710,2013.0,14275.0,0.0,-0.63369,-0.276328,AUS,BRN,0574
382417,43,34,710,2013.0,17361.0,0.0,1.24864,0.667713,CHN,BRN,0574
382418,71,34,710,2013.0,3535.0,0.0,0.955472,1.80005,ESP,BRN,0574
382419,77,34,710,2013.0,85018.0,0.0,1.5253299999999999,0.026146,FRA,BRN,0574
382420,97,34,710,2013.0,23682.0,0.0,0.791401,1.249845,HKG,BRN,0574
382421,166,34,710,2013.0,165045.0,0.0,0.192237,0.429825,NZL,BRN,0574
382422,188,34,710,2013.0,27738.0,0.0,-0.14823599999999998,-0.883965,SAU,BRN,0574
382423,192,34,710,2013.0,1932562.0,0.0,1.844685,0.639379,SGP,BRN,0574
382424,216,34,710,2013.0,4121.0,0.0,1.067287,1.2767110000000002,THA,BRN,0574
382425,224,34,710,2013.0,5584.0,0.0,0.580016,2.394812,TUR,BRN,0574
382426,231,34,710,2013.0,234100.0,0.0,1.612058,-0.8592989999999999,USA,BRN,0574
382427,246,34,710,2013.0,12916.0,0.0,0.11624100000000001,1.574591,ZAF,BRN,0574
382428,249,34,710,2013.0,8227.0,0.0,1.7382849999999999,0.9917739999999999,TWN,BRN,0574
382429,246,37,710,2013.0,6308352.0,4751.0,0.11624100000000001,1.574591,ZAF,BWA,0574
382430,15,44,710,2013.0,0.0,9849.0,1.855434,-1.06494,AUT,CIV,0574
382431,18,44,710,2013.0,27648.0,0.0,1.198491,1.117268,BEL,CIV,0574
382432,42,44,710,2013.0,31356.0,0.0,-0.184556,-0.238657,CHL,CIV,0574
382433,71,44,710,2013.0,169897.0,0.0,0.955472,1.80005,ESP,CIV,0574
382434,77,44,710,2013.0,1100240.0,0.0,1.5253299999999999,0.026146,FRA,CIV,0574
382435,83,44,710,2013.0,0.0,1459.0,-0.696971,-0.5807939999999999,GHA,CIV,0574
382436,111,44,710,2013.0,56489.0,0.0,1.419383,-0.304402,ITA,CIV,0574
382437,124,44,710,2013.0,1700.0,0.0,0.37392800000000004,1.413136,LBN,CIV,0574
382438,140,44,710,2013.0,1691.0,0.0,-0.127775,0.21915900000000002,MKD,CIV,0574
382439,141,44,710,2013.0,0.0,1970.0,-1.046677,-0.980809,MLI,CIV,0574
382440,148,44,710,2013.0,0.0,11081.0,-1.681152,-1.2712350000000001,MRT,CIV,0574
382441,162,44,710,2013.0,130220.0,0.0,1.012006,1.441545,NLD,CIV,0574
382442,166,44,710,2013.0,1360.0,0.0,0.192237,0.429825,NZL,CIV,0574
382443,223,44,710,2013.0,35883.0,0.0,0.40154,0.902177,TUN,CIV,0574
382444,231,44,710,2013.0,12206.0,0.0,1.612058,-0.8592989999999999,USA,CIV,0574
382445,246,44,710,2013.0,3108730.0,0.0,0.11624100000000001,1.574591,ZAF,CIV,0574
382446,250,44,710,2013.0,0.0,4621.0,0.583151,0.14238299999999998,ANS,CIV,0574
382447,43,45,710,2013.0,3095.0,0.0,1.24864,0.667713,CHN,CMR,0574
382448,77,45,710,2013.0,21104.0,0.0,1.5253299999999999,0.026146,FRA,CMR,0574
382449,159,45,710,2013.0,0.0,285935.0,-1.679402,-1.14686,NGA,CMR,0574
382450,162,45,710,2013.0,6411.0,0.0,1.012006,1.441545,NLD,CMR,0574
382451,224,45,710,2013.0,1978.0,0.0,0.580016,2.394812,TUR,CMR,0574
382452,246,45,710,2013.0,4559178.0,0.0,0.11624100000000001,1.574591,ZAF,CMR,0574
382453,43,46,710,2013.0,30395.0,0.0,1.24864,0.667713,CHN,COD,0574
382454,226,46,710,2013.0,12340.0,0.0,-0.654655,0.903574,TZA,COD,0574
382455,246,46,710,2013.0,1732779.0,0.0,0.11624100000000001,1.574591,ZAF,COD,0574
382456,247,46,710,2013.0,2884.0,0.0,-0.293192,-0.42930100000000004,ZMB,COD,0574
382457,42,47,710,2013.0,2712.0,0.0,-0.184556,-0.238657,CHL,COG,0574
382458,77,47,710,2013.0,337157.0,0.0,1.5253299999999999,0.026146,FRA,COG,0574
382459,124,47,710,2013.0,2899.0,0.0,0.37392800000000004,1.413136,LBN,COG,0574
382460,246,47,710,2013.0,1161481.0,0.0,0.11624100000000001,1.574591,ZAF,COG,0574
382461,8,51,710,2013.0,9624.0,0.0,0.042829,0.461002,ARG,CPV,0574
382462,32,51,710,2013.0,19888.0,0.0,0.2804,0.649729,BRA,CPV,0574
382463,42,51,710,2013.0,5041.0,0.0,-0.184556,-0.238657,CHL,CPV,0574
382464,43,51,710,2013.0,18440.0,0.0,1.24864,0.667713,CHN,CPV,0574
382465,71,51,710,2013.0,2123.0,0.0,0.955472,1.80005,ESP,CPV,0574
382466,77,51,710,2013.0,23380.0,0.0,1.5253299999999999,0.026146,FRA,CPV,0574
382467,179,51,710,2013.0,1547405.0,0.0,0.705087,2.2055580000000004,PRT,CPV,0574
382468,246,51,710,2013.0,2503.0,0.0,0.11624100000000001,1.574591,ZAF,CPV,0574
382469,39,54,710,2013.0,494965.0,0.0,0.599305,1.193591,CAN,CUB,0574
382470,42,54,710,2013.0,620781.0,0.0,-0.184556,-0.238657,CHL,CUB,0574
382471,61,54,710,2013.0,1080.0,0.0,2.1086869999999998,-3.7092,DEU,CUB,0574
382472,231,57,710,2013.0,390257.0,0.0,1.612058,-0.8592989999999999,USA,CYM,0574
382473,8,58,710,2013.0,14280.0,0.0,0.042829,0.461002,ARG,CYP,0574
382474,15,58,710,2013.0,23080.0,0.0,1.855434,-1.06494,AUT,CYP,0574
382475,18,58,710,2013.0,4415.0,0.0,1.198491,1.117268,BEL,CYP,0574
382476,42,58,710,2013.0,138152.0,0.0,-0.184556,-0.238657,CHL,CYP,0574
382477,61,58,710,2013.0,2954.0,0.0,2.1086869999999998,-3.7092,DEU,CYP,0574
382478,71,58,710,2013.0,19330.0,0.0,0.955472,1.80005,ESP,CYP,0574
382479,77,58,710,2013.0,12769.0,0.0,1.5253299999999999,0.026146,FRA,CYP,0574
382480,90,58,710,2013.0,2289448.0,21941.0,0.073442,0.9857899999999999,GRC,CYP,0574
382481,107,58,710,2013.0,35194.0,0.0,-0.23625100000000002,-0.256067,IRN,CYP,0574
382482,110,58,710,2013.0,42030.0,21538.0,1.0247629999999999,0.8261639999999999,ISR,CYP,0574
382483,111,58,710,2013.0,5515622.0,32646.0,1.419383,-0.304402,ITA,CYP,0574
382484,153,58,710,2013.0,0.0,46408.0,0.924532,0.671334,MYS,CYP,0574
382485,162,58,710,2013.0,622533.0,0.0,1.012006,1.441545,NLD,CYP,0574
382486,179,58,710,2013.0,0.0,3663.0,0.705087,2.2055580000000004,PRT,CYP,0574
382487,206,58,710,2013.0,138702.0,0.0,1.510052,0.7060310000000001,SVK,CYP,0574
382488,224,58,710,2013.0,1267502.0,26459.0,0.580016,2.394812,TUR,CYP,0574
382489,228,58,710,2013.0,2817.0,0.0,0.535571,1.026263,UKR,CYP,0574
382490,7,62,710,2013.0,1152554.0,0.0,-0.338417,-0.754102,ARE,DJI,0574
382491,77,62,710,2013.0,54206.0,0.0,1.5253299999999999,0.026146,FRA,DJI,0574
382492,246,62,710,2013.0,70735.0,0.0,0.11624100000000001,1.574591,ZAF,DJI,0574
382493,8,66,710,2013.0,11771887.0,0.0,0.042829,0.461002,ARG,DZA,0574
382494,14,66,710,2013.0,4307.0,0.0,-0.63369,-0.276328,AUS,DZA,0574
382495,15,66,710,2013.0,15211.0,0.0,1.855434,-1.06494,AUT,DZA,0574
382496,18,66,710,2013.0,194472.0,0.0,1.198491,1.117268,BEL,DZA,0574
382497,42,66,710,2013.0,838603.0,0.0,-0.184556,-0.238657,CHL,DZA,0574
382498,43,66,710,2013.0,36373.0,0.0,1.24864,0.667713,CHN,DZA,0574
382499,61,66,710,2013.0,54945.0,0.0,2.1086869999999998,-3.7092,DEU,DZA,0574
382500,71,66,710,2013.0,4960488.0,0.0,0.955472,1.80005,ESP,DZA,0574
382501,77,66,710,2013.0,38690340.0,91224.0,1.5253299999999999,0.026146,FRA,DZA,0574
382502,90,66,710,2013.0,32408.0,0.0,0.073442,0.9857899999999999,GRC,DZA,0574
382503,102,66,710,2013.0,73227.0,0.0,1.6962560000000002,0.45460600000000007,HUN,DZA,0574
382504,111,66,710,2013.0,32207700.0,0.0,1.419383,-0.304402,ITA,DZA,0574
382505,162,66,710,2013.0,24408.0,0.0,1.012006,1.441545,NLD,DZA,0574
382506,177,66,710,2013.0,2023812.0,0.0,1.11341,0.975734,POL,DZA,0574
382507,224,66,710,2013.0,56375.0,0.0,0.580016,2.394812,TUR,DZA,0574
382508,246,66,710,2013.0,48097.0,0.0,0.11624100000000001,1.574591,ZAF,DZA,0574
382509,7,73,710,2013.0,16403.0,0.0,-0.338417,-0.754102,ARE,ETH,0574
382510,32,73,710,2013.0,18138.0,0.0,0.2804,0.649729,BRA,ETH,0574
382511,42,73,710,2013.0,12346.0,0.0,-0.184556,-0.238657,CHL,ETH,0574
382512,43,73,710,2013.0,16816.0,0.0,1.24864,0.667713,CHN,ETH,0574
382513,77,73,710,2013.0,90727.0,7043.0,1.5253299999999999,0.026146,FRA,ETH,0574
382514,90,73,710,2013.0,12087.0,0.0,0.073442,0.9857899999999999,GRC,ETH,0574
382515,104,73,710,2013.0,9149.0,0.0,0.18186,2.647598,IND,ETH,0574
382516,110,73,710,2013.0,66195.0,0.0,1.0247629999999999,0.8261639999999999,ISR,ETH,0574
382517,111,73,710,2013.0,76599.0,0.0,1.419383,-0.304402,ITA,ETH,0574
382518,162,73,710,2013.0,23070.0,0.0,1.012006,1.441545,NLD,ETH,0574
382519,166,73,710,2013.0,4043.0,0.0,0.192237,0.429825,NZL,ETH,0574
382520,231,73,710,2013.0,135401.0,0.0,1.612058,-0.8592989999999999,USA,ETH,0574
382521,246,73,710,2013.0,25716.0,0.0,0.11624100000000001,1.574591,ZAF,ETH,0574
382522,77,80,710,2013.0,1592864.0,0.0,1.5253299999999999,0.026146,FRA,GAB,0574
382523,162,80,710,2013.0,11152.0,0.0,1.012006,1.441545,NLD,GAB,0574
382524,246,80,710,2013.0,3060485.0,0.0,0.11624100000000001,1.574591,ZAF,GAB,0574
382525,18,83,710,2013.0,2166.0,0.0,1.198491,1.117268,BEL,GHA,0574
382526,21,83,710,2013.0,0.0,7549.0,-0.7231029999999999,-0.736291,BFA,GHA,0574
382527,43,83,710,2013.0,136524.0,0.0,1.24864,0.667713,CHN,GHA,0574
382528,44,83,710,2013.0,1459.0,0.0,-1.0025870000000001,-0.901658,CIV,GHA,0574
382529,71,83,710,2013.0,91088.0,0.0,0.955472,1.80005,ESP,GHA,0574
382530,77,83,710,2013.0,21043.0,0.0,1.5253299999999999,0.026146,FRA,GHA,0574
382531,110,83,710,2013.0,22003.0,0.0,1.0247629999999999,0.8261639999999999,ISR,GHA,0574
382532,131,83,710,2013.0,2867.0,0.0,1.0110190000000001,1.123226,LUX,GHA,0574
382533,141,83,710,2013.0,0.0,2247.0,-1.046677,-0.980809,MLI,GHA,0574
382534,162,83,710,2013.0,3415.0,0.0,1.012006,1.441545,NLD,GHA,0574
382535,196,83,710,2013.0,0.0,2375.0,-0.42937700000000006,-0.529857,SLE,GHA,0574
382536,215,83,710,2013.0,0.0,6985.0,-0.532095,-0.434276,TGO,GHA,0574
382537,246,83,710,2013.0,9460166.0,0.0,0.11624100000000001,1.574591,ZAF,GHA,0574
382538,71,84,710,2013.0,252446.0,0.0,0.955472,1.80005,ESP,GIB,0574
382539,162,84,710,2013.0,105856.0,0.0,1.012006,1.441545,NLD,GIB,0574
382540,18,85,710,2013.0,1300.0,0.0,1.198491,1.117268,BEL,GIN,0574
382541,43,85,710,2013.0,5403.0,0.0,1.24864,0.667713,CHN,GIN,0574
382542,71,85,710,2013.0,53906.0,0.0,0.955472,1.80005,ESP,GIN,0574
382543,77,85,710,2013.0,353944.0,0.0,1.5253299999999999,0.026146,FRA,GIN,0574
382544,162,85,710,2013.0,1923.0,0.0,1.012006,1.441545,NLD,GIN,0574
382545,246,85,710,2013.0,290074.0,0.0,0.11624100000000001,1.574591,ZAF,GIN,0574
382546,179,88,710,2013.0,20770.0,0.0,0.705087,2.2055580000000004,PRT,GNB,0574
382547,39,99,710,2013.0,0.0,3584.0,0.599305,1.193591,CAN,HND,0574
382548,42,99,710,2013.0,2576027.0,0.0,-0.184556,-0.238657,CHL,HND,0574
382549,71,99,710,2013.0,24969.0,0.0,0.955472,1.80005,ESP,HND,0574
382550,93,99,710,2013.0,15231.0,0.0,-0.220165,0.661111,GTM,HND,0574
382551,197,99,710,2013.0,16770.0,0.0,0.104046,0.46966,SLV,HND,0574
382552,231,99,710,2013.0,8026006.0,0.0,1.612058,-0.8592989999999999,USA,HND,0574
382553,7,108,710,2013.0,458603.0,0.0,-0.338417,-0.754102,ARE,IRQ,0574
382554,43,108,710,2013.0,42976.0,0.0,1.24864,0.667713,CHN,IRQ,0574
382555,90,108,710,2013.0,87872.0,0.0,0.073442,0.9857899999999999,GRC,IRQ,0574
382556,107,108,710,2013.0,52563760.0,0.0,-0.23625100000000002,-0.256067,IRN,IRQ,0574
382557,111,108,710,2013.0,243787.0,0.0,1.419383,-0.304402,ITA,IRQ,0574
382558,113,108,710,2013.0,1004324.0,0.0,0.1888,0.596867,JOR,IRQ,0574
382559,122,108,710,2013.0,1193699.0,0.0,-1.198985,-1.057248,KWT,IRQ,0574
382560,124,108,710,2013.0,405197.0,0.0,0.37392800000000004,1.413136,LBN,IRQ,0574
382561,135,108,710,2013.0,51646.0,0.0,0.14256,0.33920700000000004,MDA,IRQ,0574
382562,140,108,710,2013.0,1405151.0,0.0,-0.127775,0.21915900000000002,MKD,IRQ,0574
382563,177,108,710,2013.0,8500.0,0.0,1.11341,0.975734,POL,IRQ,0574
382564,188,108,710,2013.0,75733.0,0.0,-0.14823599999999998,-0.883965,SAU,IRQ,0574
382565,224,108,710,2013.0,15326455.0,6611.0,0.580016,2.394812,TUR,IRQ,0574
382566,8,109,710,2013.0,237903.0,0.0,0.042829,0.461002,ARG,ISL,0574
382567,15,109,710,2013.0,1376.0,53194.0,1.855434,-1.06494,AUT,ISL,0574
382568,18,109,710,2013.0,9681.0,0.0,1.198491,1.117268,BEL,ISL,0574
382569,32,109,710,2013.0,91380.0,0.0,0.2804,0.649729,BRA,ISL,0574
382570,39,109,710,2013.0,164092.0,0.0,0.599305,1.193591,CAN,ISL,0574
382571,42,109,710,2013.0,838742.0,0.0,-0.184556,-0.238657,CHL,ISL,0574
382572,43,109,710,2013.0,105761.0,0.0,1.24864,0.667713,CHN,ISL,0574
382573,61,109,710,2013.0,43821.0,0.0,2.1086869999999998,-3.7092,DEU,ISL,0574
382574,64,109,710,2013.0,786899.0,0.0,1.190302,1.062991,DNK,ISL,0574
382575,71,109,710,2013.0,68382.0,0.0,0.955472,1.80005,ESP,ISL,0574
382576,77,109,710,2013.0,826625.0,0.0,1.5253299999999999,0.026146,FRA,ISL,0574
382577,81,109,710,2013.0,10462.0,0.0,1.628465,0.77075,GBR,ISL,0574
382578,92,109,710,2013.0,0.0,1689.0,-1.119616,-0.802964,GRL,ISL,0574
382579,111,109,710,2013.0,736918.0,0.0,1.419383,-0.304402,ITA,ISL,0574
382580,162,109,710,2013.0,3847087.0,0.0,1.012006,1.441545,NLD,ISL,0574
382581,166,109,710,2013.0,64240.0,0.0,0.192237,0.429825,NZL,ISL,0574
382582,231,109,710,2013.0,943740.0,0.0,1.612058,-0.8592989999999999,USA,ISL,0574
382583,246,109,710,2013.0,125256.0,0.0,0.11624100000000001,1.574591,ZAF,ISL,0574
382584,77,120,710,2013.0,28382.0,0.0,1.5253299999999999,0.026146,FRA,KNA,0574
382585,231,120,710,2013.0,39935.0,0.0,1.612058,-0.8592989999999999,USA,KNA,0574
382586,71,125,710,2013.0,262827.0,0.0,0.955472,1.80005,ESP,LBR,0574
382587,77,125,710,2013.0,129323.0,0.0,1.5253299999999999,0.026146,FRA,LBR,0574
382588,162,125,710,2013.0,349488.0,0.0,1.012006,1.441545,NLD,LBR,0574
382589,224,125,710,2013.0,26960.0,0.0,0.580016,2.394812,TUR,LBR,0574
382590,246,125,710,2013.0,27725.0,0.0,0.11624100000000001,1.574591,ZAF,LBR,0574
382591,43,133,710,2013.0,1865607.0,0.0,1.24864,0.667713,CHN,MAC,0574
382592,97,133,710,2013.0,1276018.0,0.0,0.791401,1.249845,HKG,MAC,0574
382593,231,133,710,2013.0,73369.0,0.0,1.612058,-0.8592989999999999,USA,MAC,0574
382594,7,134,710,2013.0,0.0,9665.0,-0.338417,-0.754102,ARE,MAR,0574
382595,8,134,710,2013.0,13047.0,0.0,0.042829,0.461002,ARG,MAR,0574
382596,14,134,710,2013.0,2102.0,0.0,-0.63369,-0.276328,AUS,MAR,0574
382597,15,134,710,2013.0,186795.0,0.0,1.855434,-1.06494,AUT,MAR,0574
382598,18,134,710,2013.0,13056.0,0.0,1.198491,1.117268,BEL,MAR,0574
382599,42,134,710,2013.0,92930.0,0.0,-0.184556,-0.238657,CHL,MAR,0574
382600,61,134,710,2013.0,0.0,3761.0,2.1086869999999998,-3.7092,DEU,MAR,0574
382601,71,134,710,2013.0,8192050.0,3700.0,0.955472,1.80005,ESP,MAR,0574
382602,77,134,710,2013.0,256408.0,373621.0,1.5253299999999999,0.026146,FRA,MAR,0574
382603,111,134,710,2013.0,217953.0,0.0,1.419383,-0.304402,ITA,MAR,0574
382604,135,134,710,2013.0,11146.0,0.0,0.14256,0.33920700000000004,MDA,MAR,0574
382605,141,134,710,2013.0,0.0,8750.0,-1.046677,-0.980809,MLI,MAR,0574
382606,148,134,710,2013.0,0.0,15363.0,-1.681152,-1.2712350000000001,MRT,MAR,0574
382607,159,134,710,2013.0,64978.0,0.0,-1.679402,-1.14686,NGA,MAR,0574
382608,162,134,710,2013.0,6279.0,0.0,1.012006,1.441545,NLD,MAR,0574
382609,166,134,710,2013.0,3016.0,0.0,0.192237,0.429825,NZL,MAR,0574
382610,177,134,710,2013.0,36059.0,0.0,1.11341,0.975734,POL,MAR,0574
382611,179,134,710,2013.0,13555.0,0.0,0.705087,2.2055580000000004,PRT,MAR,0574
382612,191,134,710,2013.0,0.0,31261.0,-0.566624,-0.185277,SEN,MAR,0574
382613,231,134,710,2013.0,291264.0,0.0,1.612058,-0.8592989999999999,USA,MAR,0574
382614,246,134,710,2013.0,6765.0,0.0,0.11624100000000001,1.574591,ZAF,MAR,0574
382615,77,136,710,2013.0,66340.0,0.0,1.5253299999999999,0.026146,FRA,MDG,0574
382616,166,136,710,2013.0,1133.0,0.0,0.192237,0.429825,NZL,MDG,0574
382617,246,136,710,2013.0,375908.0,0.0,0.11624100000000001,1.574591,ZAF,MDG,0574
382618,8,142,710,2013.0,108338.0,0.0,0.042829,0.461002,ARG,MLT,0574
382619,15,142,710,2013.0,24269.0,0.0,1.855434,-1.06494,AUT,MLT,0574
382620,42,142,710,2013.0,454906.0,0.0,-0.184556,-0.238657,CHL,MLT,0574
382621,61,142,710,2013.0,25911.0,0.0,2.1086869999999998,-3.7092,DEU,MLT,0574
382622,71,142,710,2013.0,12656.0,0.0,0.955472,1.80005,ESP,MLT,0574
382623,81,142,710,2013.0,0.0,31264.0,1.628465,0.77075,GBR,MLT,0574
382624,111,142,710,2013.0,5342952.0,0.0,1.419383,-0.304402,ITA,MLT,0574
382625,162,142,710,2013.0,1231796.0,0.0,1.012006,1.441545,NLD,MLT,0574
382626,166,142,710,2013.0,156191.0,0.0,0.192237,0.429825,NZL,MLT,0574
382627,177,142,710,2013.0,57109.0,0.0,1.11341,0.975734,POL,MLT,0574
382628,206,142,710,2013.0,1301.0,0.0,1.510052,0.7060310000000001,SVK,MLT,0574
382629,43,143,710,2013.0,3869936.0,60320.0,1.24864,0.667713,CHN,MMR,0574
382630,77,143,710,2013.0,2315.0,0.0,1.5253299999999999,0.026146,FRA,MMR,0574
382631,104,143,710,2013.0,0.0,16723.0,0.18186,2.647598,IND,MMR,0574
382632,114,143,710,2013.0,5751.0,0.0,2.333417,-0.818701,JPN,MMR,0574
382633,153,143,710,2013.0,16512.0,0.0,0.924532,0.671334,MYS,MMR,0574
382634,192,143,710,2013.0,256080.0,0.0,1.844685,0.639379,SGP,MMR,0574
382635,216,143,710,2013.0,440125.0,0.0,1.067287,1.2767110000000002,THA,MMR,0574
382636,231,143,710,2013.0,55604.0,0.0,1.612058,-0.8592989999999999,USA,MMR,0574
382637,239,143,710,2013.0,8515.0,0.0,0.009264,1.182368,VNM,MMR,0574
382638,246,143,710,2013.0,14599.0,0.0,0.11624100000000001,1.574591,ZAF,MMR,0574
382639,8,145,710,2013.0,1034.0,0.0,0.042829,0.461002,ARG,MNG,0574
382640,18,145,710,2013.0,1029658.0,0.0,1.198491,1.117268,BEL,MNG,0574
382641,42,145,710,2013.0,10414.0,0.0,-0.184556,-0.238657,CHL,MNG,0574
382642,43,145,710,2013.0,1811139.0,0.0,1.24864,0.667713,CHN,MNG,0574
382643,71,145,710,2013.0,4274.0,0.0,0.955472,1.80005,ESP,MNG,0574
382644,77,145,710,2013.0,3281.0,0.0,1.5253299999999999,0.026146,FRA,MNG,0574
382645,111,145,710,2013.0,23621.0,0.0,1.419383,-0.304402,ITA,MNG,0574
382646,115,145,710,2013.0,4123.0,0.0,-0.9193819999999999,-0.734194,KAZ,MNG,0574
382647,117,145,710,2013.0,5857.0,0.0,0.25090500000000004,0.7357279999999999,KGZ,MNG,0574
382648,121,145,710,2013.0,5476.0,0.0,1.817145,0.835414,KOR,MNG,0574
382649,130,145,710,2013.0,1694.0,0.0,0.677986,1.29227,LTU,MNG,0574
382650,135,145,710,2013.0,5062.0,0.0,0.14256,0.33920700000000004,MDA,MNG,0574
382651,177,145,710,2013.0,304136.0,0.0,1.11341,0.975734,POL,MNG,0574
382652,186,145,710,2013.0,389668.0,0.0,-0.08233,-0.267781,RUS,MNG,0574
382653,201,145,710,2013.0,9271.0,0.0,0.609755,1.355304,SRB,MNG,0574
382654,228,145,710,2013.0,24255.0,0.0,0.535571,1.026263,UKR,MNG,0574
382655,77,151,710,2013.0,8335.0,0.0,1.5253299999999999,0.026146,FRA,MUS,0574
382656,111,151,710,2013.0,50027.0,0.0,1.419383,-0.304402,ITA,MUS,0574
382657,159,151,710,2013.0,0.0,1260525.0,-1.679402,-1.14686,NGA,MUS,0574
382658,226,151,710,2013.0,0.0,22997.0,-0.654655,0.903574,TZA,MUS,0574
382659,231,151,710,2013.0,25526.0,0.0,1.612058,-0.8592989999999999,USA,MUS,0574
382660,246,151,710,2013.0,4255855.0,0.0,0.11624100000000001,1.574591,ZAF,MUS,0574
382661,2,155,710,2013.0,0.0,773810.0,-1.240877,-1.073797,AGO,NAM,0574
382662,81,155,710,2013.0,0.0,1055.0,1.628465,0.77075,GBR,NAM,0574
382663,231,155,710,2013.0,3430.0,1823.0,1.612058,-0.8592989999999999,USA,NAM,0574
382664,246,155,710,2013.0,8367448.0,0.0,0.11624100000000001,1.574591,ZAF,NAM,0574
382665,21,157,710,2013.0,7866.0,0.0,-0.7231029999999999,-0.736291,BFA,NER,0574
382666,71,157,710,2013.0,8873.0,0.0,0.955472,1.80005,ESP,NER,0574
382667,77,157,710,2013.0,11724.0,0.0,1.5253299999999999,0.026146,FRA,NER,0574
382668,159,157,710,2013.0,0.0,1025.0,-1.679402,-1.14686,NGA,NER,0574
382669,162,157,710,2013.0,19840.0,0.0,1.012006,1.441545,NLD,NER,0574
382670,188,157,710,2013.0,3019.0,0.0,-0.14823599999999998,-0.883965,SAU,NER,0574
382671,215,157,710,2013.0,44077.0,0.0,-0.532095,-0.434276,TGO,NER,0574
382672,246,157,710,2013.0,211848.0,0.0,0.11624100000000001,1.574591,ZAF,NER,0574
382673,250,157,710,2013.0,10688.0,0.0,0.583151,0.14238299999999998,ANS,NER,0574
382674,42,160,710,2013.0,193582.0,0.0,-0.184556,-0.238657,CHL,NIC,0574
382675,52,160,710,2013.0,117167.0,0.0,0.208669,-0.54783,CRI,NIC,0574
382676,93,160,710,2013.0,35442.0,0.0,-0.220165,0.661111,GTM,NIC,0574
382677,106,160,710,2013.0,0.0,1354.0,1.32787,0.394579,IRL,NIC,0574
382678,138,160,710,2013.0,8381.0,0.0,1.2327219999999999,0.746108,MEX,NIC,0574
382679,231,160,710,2013.0,1793855.0,0.0,1.612058,-0.8592989999999999,USA,NIC,0574
382680,43,178,710,2013.0,14352556.0,0.0,1.24864,0.667713,CHN,PRK,0574
382681,5,195,710,2013.0,3699.0,0.0,0.874025,0.09135599999999999,AND,SLB,0574
382682,14,195,710,2013.0,23565.0,0.0,-0.63369,-0.276328,AUS,SLB,0574
382683,166,195,710,2013.0,260014.0,0.0,0.192237,0.429825,NZL,SLB,0574
382684,179,203,710,2013.0,88921.0,0.0,0.705087,2.2055580000000004,PRT,STP,0574
382685,24,209,710,2013.0,0.0,1665.0,0.080634,-0.6828890000000001,BHR,SWZ,0574
382686,147,209,710,2013.0,0.0,3082.0,-1.131512,-0.8923840000000001,MOZ,SWZ,0574
382687,246,209,710,2013.0,2814727.0,0.0,0.11624100000000001,1.574591,ZAF,SWZ,0574
382688,7,211,710,2013.0,19831.0,0.0,-0.338417,-0.754102,ARE,SYC,0574
382689,42,211,710,2013.0,1488.0,0.0,-0.184556,-0.238657,CHL,SYC,0574
382690,43,211,710,2013.0,118183.0,0.0,1.24864,0.667713,CHN,SYC,0574
382691,61,211,710,2013.0,0.0,18320.0,2.1086869999999998,-3.7092,DEU,SYC,0574
382692,77,211,710,2013.0,56566.0,0.0,1.5253299999999999,0.026146,FRA,SYC,0574
382693,111,211,710,2013.0,12400.0,0.0,1.419383,-0.304402,ITA,SYC,0574
382694,166,211,710,2013.0,126224.0,0.0,0.192237,0.429825,NZL,SYC,0574
382695,231,211,710,2013.0,21937.0,0.0,1.612058,-0.8592989999999999,USA,SYC,0574
382696,246,211,710,2013.0,335317.0,0.0,0.11624100000000001,1.574591,ZAF,SYC,0574
382697,7,212,710,2013.0,0.0,45439.0,-0.338417,-0.754102,ARE,SYR,0574
382698,24,212,710,2013.0,0.0,22704.0,0.080634,-0.6828890000000001,BHR,SYR,0574
382699,68,212,710,2013.0,0.0,78478216.0,-0.12015799999999999,1.793363,EGY,SYR,0574
382700,110,212,710,2013.0,13609000.0,0.0,1.0247629999999999,0.8261639999999999,ISR,SYR,0574
382701,113,212,710,2013.0,210669.0,18923456.0,0.1888,0.596867,JOR,SYR,0574
382702,122,212,710,2013.0,0.0,67953.0,-1.198985,-1.057248,KWT,SYR,0574
382703,124,212,710,2013.0,353598.0,67474.0,0.37392800000000004,1.413136,LBN,SYR,0574
382704,167,212,710,2013.0,0.0,38632.0,-0.698693,-1.030814,OMN,SYR,0574
382705,183,212,710,2013.0,0.0,12754.0,-0.583609,-1.003754,QAT,SYR,0574
382706,188,212,710,2013.0,0.0,1415587.0,-0.14823599999999998,-0.883965,SAU,SYR,0574
382707,190,212,710,2013.0,0.0,1877181.0,-1.224897,-1.059517,SDN,SYR,0574
382708,224,212,710,2013.0,7320900.0,0.0,0.580016,2.394812,TUR,SYR,0574
382709,243,212,710,2013.0,0.0,86495.0,-1.2788700000000002,-1.230713,YEM,SYR,0574
382710,18,215,710,2013.0,18321.0,0.0,1.198491,1.117268,BEL,TGO,0574
382711,19,215,710,2013.0,0.0,500822.0,-0.924213,-0.8181390000000001,BEN,TGO,0574
382712,21,215,710,2013.0,0.0,24988.0,-0.7231029999999999,-0.736291,BFA,TGO,0574
382713,42,215,710,2013.0,17143.0,0.0,-0.184556,-0.238657,CHL,TGO,0574
382714,43,215,710,2013.0,5815.0,0.0,1.24864,0.667713,CHN,TGO,0574
382715,77,215,710,2013.0,117943.0,0.0,1.5253299999999999,0.026146,FRA,TGO,0574
382716,83,215,710,2013.0,6985.0,0.0,-0.696971,-0.5807939999999999,GHA,TGO,0574
382717,111,215,710,2013.0,3561.0,0.0,1.419383,-0.304402,ITA,TGO,0574
382718,157,215,710,2013.0,0.0,44077.0,-1.0008350000000001,-0.8325670000000001,NER,TGO,0574
382719,192,215,710,2013.0,4969.0,0.0,1.844685,0.639379,SGP,TGO,0574
382720,246,215,710,2013.0,3801089.0,0.0,0.11624100000000001,1.574591,ZAF,TGO,0574
382721,166,218,710,2013.0,1308.0,0.0,0.192237,0.429825,NZL,TKL,0574
382722,242,218,710,2013.0,5735.0,0.0,0.877785,0.277918,WSM,TKL,0574
382723,14,220,710,2013.0,3144.0,0.0,-0.63369,-0.276328,AUS,TLS,0574
382724,43,220,710,2013.0,534200.0,0.0,1.24864,0.667713,CHN,TLS,0574
382725,192,220,710,2013.0,336908.0,0.0,1.844685,0.639379,SGP,TLS,0574
382726,44,223,710,2013.0,0.0,35883.0,-1.0025870000000001,-0.901658,CIV,TUN,0574
382727,71,223,710,2013.0,0.0,30924.0,0.955472,1.80005,ESP,TUN,0574
382728,77,223,710,2013.0,21096.0,0.0,1.5253299999999999,0.026146,FRA,TUN,0574
382729,111,223,710,2013.0,207752.0,0.0,1.419383,-0.304402,ITA,TUN,0574
382730,126,223,710,2013.0,0.0,103158.0,-1.871593,-1.1211790000000001,LBY,TUN,0574
382731,19,226,710,2013.0,0.0,6047.0,-0.924213,-0.8181390000000001,BEN,TZA,0574
382732,46,226,710,2013.0,0.0,12340.0,-1.450075,-1.115916,COD,TZA,0574
382733,61,226,710,2013.0,81753.0,0.0,2.1086869999999998,-3.7092,DEU,TZA,0574
382734,77,226,710,2013.0,17490.0,0.0,1.5253299999999999,0.026146,FRA,TZA,0574
382735,81,226,710,2013.0,1183.0,0.0,1.628465,0.77075,GBR,TZA,0574
382736,116,226,710,2013.0,0.0,2938.0,-0.303119,0.626786,KEN,TZA,0574
382737,151,226,710,2013.0,22997.0,0.0,-0.092312,0.050927,MUS,TZA,0574
382738,227,226,710,2013.0,0.0,8585.0,-0.46170100000000003,0.652878,UGA,TZA,0574
382739,231,226,710,2013.0,35691.0,0.0,1.612058,-0.8592989999999999,USA,TZA,0574
382740,246,226,710,2013.0,2550104.0,0.0,0.11624100000000001,1.574591,ZAF,TZA,0574
382741,7,227,710,2013.0,0.0,1097.0,-0.338417,-0.754102,ARE,UGA,0574
382742,15,227,710,2013.0,0.0,2377.0,1.855434,-1.06494,AUT,UGA,0574
382743,17,227,710,2013.0,0.0,2224.0,-0.602481,-0.6338689999999999,BDI,UGA,0574
382744,22,227,710,2013.0,0.0,15431.0,-0.835666,-0.8088810000000001,BGD,UGA,0574
382745,24,227,710,2013.0,0.0,2586.0,0.080634,-0.6828890000000001,BHR,UGA,0574
382746,77,227,710,2013.0,22034.0,0.0,1.5253299999999999,0.026146,FRA,UGA,0574
382747,111,227,710,2013.0,46754.0,0.0,1.419383,-0.304402,ITA,UGA,0574
382748,116,227,710,2013.0,4337.0,0.0,-0.303119,0.626786,KEN,UGA,0574
382749,187,227,710,2013.0,1006.0,131854.0,-0.535446,-0.662881,RWA,UGA,0574
382750,188,227,710,2013.0,2003.0,0.0,-0.14823599999999998,-0.883965,SAU,UGA,0574
382751,190,227,710,2013.0,0.0,21656.0,-1.224897,-1.059517,SDN,UGA,0574
382752,202,227,710,2013.0,1516.0,0.0,-2.285908,-0.696735,SSD,UGA,0574
382753,226,227,710,2013.0,8585.0,0.0,-0.654655,0.903574,TZA,UGA,0574
382754,246,227,710,2013.0,999285.0,0.0,0.11624100000000001,1.574591,ZAF,UGA,0574
382755,248,227,710,2013.0,2347.0,0.0,-0.841968,-0.898121,ZWE,UGA,0574
382756,231,237,710,2013.0,74562.0,0.0,1.612058,-0.8592989999999999,USA,VGB,0574
382757,17,247,710,2013.0,0.0,24420.0,-0.602481,-0.6338689999999999,BDI,ZMB,0574
382758,46,247,710,2013.0,0.0,2884.0,-1.450075,-1.115916,COD,ZMB,0574
382759,246,247,710,2013.0,4419725.0,0.0,0.11624100000000001,1.574591,ZAF,ZMB,0574
382760,248,247,710,2013.0,5128.0,0.0,-0.841968,-0.898121,ZWE,ZMB,0574
382761,42,13,710,2013.0,10483.0,0.0,-0.184556,-0.238657,CHL,ATG,0574
382762,43,13,710,2013.0,6996.0,0.0,1.24864,0.667713,CHN,ATG,0574
382763,231,13,710,2013.0,177654.0,0.0,1.612058,-0.8592989999999999,USA,ATG,0574
382764,39,127,710,2013.0,1666.0,0.0,0.599305,1.193591,CAN,LCA,0574
382765,231,127,710,2013.0,404470.0,0.0,1.612058,-0.8592989999999999,USA,LCA,0574
382766,231,149,710,2013.0,13682.0,0.0,1.612058,-0.8592989999999999,USA,MSR,0574
382767,231,175,710,2013.0,23300.0,0.0,1.612058,-0.8592989999999999,USA,PLW,0574
382768,8,2,710,2013.0,98423.0,0.0,0.042829,0.461002,ARG,AGO,0574
382769,18,2,710,2013.0,16665.0,0.0,1.198491,1.117268,BEL,AGO,0574
382770,43,2,710,2013.0,123986.0,0.0,1.24864,0.667713,CHN,AGO,0574
382771,71,2,710,2013.0,164579.0,0.0,0.955472,1.80005,ESP,AGO,0574
382772,77,2,710,2013.0,1392.0,0.0,1.5253299999999999,0.026146,FRA,AGO,0574
382773,114,2,710,2013.0,5587.0,0.0,2.333417,-0.818701,JPN,AGO,0574
382774,155,2,710,2013.0,773810.0,0.0,-0.316805,-0.38759099999999996,NAM,AGO,0574
382775,179,2,710,2013.0,791239.0,0.0,0.705087,2.2055580000000004,PRT,AGO,0574
382776,246,2,710,2013.0,17028918.0,0.0,0.11624100000000001,1.574591,ZAF,AGO,0574
382777,18,89,710,2013.0,427266.0,0.0,1.198491,1.117268,BEL,GNQ,0574
382778,32,89,710,2013.0,1694.0,0.0,0.2804,0.649729,BRA,GNQ,0574
382779,71,89,710,2013.0,124706.0,0.0,0.955472,1.80005,ESP,GNQ,0574
382780,77,89,710,2013.0,36657.0,0.0,1.5253299999999999,0.026146,FRA,GNQ,0574
382781,162,89,710,2013.0,51735.0,0.0,1.012006,1.441545,NLD,GNQ,0574
382782,179,89,710,2013.0,5195.0,0.0,0.705087,2.2055580000000004,PRT,GNQ,0574
382783,231,89,710,2013.0,118230.0,0.0,1.612058,-0.8592989999999999,USA,GNQ,0574
382784,246,89,710,2013.0,488003.0,0.0,0.11624100000000001,1.574591,ZAF,GNQ,0574
382785,8,126,710,2013.0,2862249.0,0.0,0.042829,0.461002,ARG,LBY,0574
382786,15,126,710,2013.0,453440.0,0.0,1.855434,-1.06494,AUT,LBY,0574
382787,32,126,710,2013.0,310470.0,0.0,0.2804,0.649729,BRA,LBY,0574
382788,42,126,710,2013.0,4774826.0,0.0,-0.184556,-0.238657,CHL,LBY,0574
382789,71,126,710,2013.0,33240.0,0.0,0.955472,1.80005,ESP,LBY,0574
382790,77,126,710,2013.0,4531920.0,0.0,1.5253299999999999,0.026146,FRA,LBY,0574
382791,90,126,710,2013.0,111852.0,0.0,0.073442,0.9857899999999999,GRC,LBY,0574
382792,111,126,710,2013.0,63256560.0,0.0,1.419383,-0.304402,ITA,LBY,0574
382793,124,126,710,2013.0,74303.0,0.0,0.37392800000000004,1.413136,LBN,LBY,0574
382794,135,126,710,2013.0,222251.0,0.0,0.14256,0.33920700000000004,MDA,LBY,0574
382795,162,126,710,2013.0,181343.0,0.0,1.012006,1.441545,NLD,LBY,0574
382796,177,126,710,2013.0,591359.0,0.0,1.11341,0.975734,POL,LBY,0574
382797,179,126,710,2013.0,56835.0,0.0,0.705087,2.2055580000000004,PRT,LBY,0574
382798,201,126,710,2013.0,11296.0,0.0,0.609755,1.355304,SRB,LBY,0574
382799,206,126,710,2013.0,21637.0,0.0,1.510052,0.7060310000000001,SVK,LBY,0574
382800,223,126,710,2013.0,103158.0,0.0,0.40154,0.902177,TUN,LBY,0574
382801,224,126,710,2013.0,374428.0,0.0,0.580016,2.394812,TUR,LBY,0574
382802,231,126,710,2013.0,1724669.0,0.0,1.612058,-0.8592989999999999,USA,LBY,0574
382803,246,126,710,2013.0,255830.0,0.0,0.11624100000000001,1.574591,ZAF,LBY,0574
382804,44,141,710,2013.0,1970.0,0.0,-1.0025870000000001,-0.901658,CIV,MLI,0574
382805,71,141,710,2013.0,80072.0,0.0,0.955472,1.80005,ESP,MLI,0574
382806,77,141,710,2013.0,589831.0,0.0,1.5253299999999999,0.026146,FRA,MLI,0574
382807,83,141,710,2013.0,2247.0,0.0,-0.696971,-0.5807939999999999,GHA,MLI,0574
382808,134,141,710,2013.0,8750.0,0.0,-0.474872,0.178118,MAR,MLI,0574
382809,166,141,710,2013.0,6158.0,0.0,0.192237,0.429825,NZL,MLI,0574
382810,224,141,710,2013.0,10469.0,0.0,0.580016,2.394812,TUR,MLI,0574
382811,246,141,710,2013.0,718797.0,0.0,0.11624100000000001,1.574591,ZAF,MLI,0574
382812,4,144,710,2013.0,38840.0,0.0,-0.44779300000000005,-0.13181700000000002,ALB,MNE,0574
382813,26,144,710,2013.0,103688.0,0.0,0.723658,0.9271879999999999,BIH,MNE,0574
382814,42,144,710,2013.0,8814.0,0.0,-0.184556,-0.238657,CHL,MNE,0574
382815,61,144,710,2013.0,36828.0,0.0,2.1086869999999998,-3.7092,DEU,MNE,0574
382816,90,144,710,2013.0,6494.0,0.0,0.073442,0.9857899999999999,GRC,MNE,0574
382817,111,144,710,2013.0,1057622.0,0.0,1.419383,-0.304402,ITA,MNE,0574
382818,140,144,710,2013.0,974743.0,0.0,-0.127775,0.21915900000000002,MKD,MNE,0574
382819,177,144,710,2013.0,44476.0,0.0,1.11341,0.975734,POL,MNE,0574
382820,201,144,710,2013.0,956902.0,0.0,0.609755,1.355304,SRB,MNE,0574
382821,207,144,710,2013.0,39851.0,0.0,1.55922,0.565874,SVN,MNE,0574
382822,250,144,710,2013.0,1722.0,0.0,0.583151,0.14238299999999998,ANS,MNE,0574
382823,231,213,710,2013.0,112517.0,0.0,1.612058,-0.8592989999999999,USA,TCA,0574
382824,43,217,710,2013.0,2204498.0,0.0,1.24864,0.667713,CHN,TJK,0574
382825,107,217,710,2013.0,763404.0,0.0,-0.23625100000000002,-0.256067,IRN,TJK,0574
382826,115,217,710,2013.0,0.0,11197.0,-0.9193819999999999,-0.734194,KAZ,TJK,0574
382827,177,217,710,2013.0,8747.0,0.0,1.11341,0.975734,POL,TJK,0574
382828,186,217,710,2013.0,28966.0,29603.0,-0.08233,-0.267781,RUS,TJK,0574
382829,162,0,710,2013.0,32801.0,0.0,1.012006,1.441545,NLD,ABW,0574
382830,231,0,710,2013.0,163766.0,0.0,1.612058,-0.8592989999999999,USA,ABW,0574
382831,250,0,710,2013.0,3321.0,0.0,0.583151,0.14238299999999998,ANS,ABW,0574
382832,7,1,710,2013.0,184670.0,1184.0,-0.338417,-0.754102,ARE,AFG,0574
382833,77,1,710,2013.0,0.0,5889.0,1.5253299999999999,0.026146,FRA,AFG,0574
382834,81,1,710,2013.0,58331.0,0.0,1.628465,0.77075,GBR,AFG,0574
382835,104,1,710,2013.0,0.0,2646996.0,0.18186,2.647598,IND,AFG,0574
382836,107,1,710,2013.0,6715970.0,0.0,-0.23625100000000002,-0.256067,IRN,AFG,0574
382837,122,1,710,2013.0,3359.0,0.0,-1.198985,-1.057248,KWT,AFG,0574
382838,166,1,710,2013.0,27348.0,0.0,0.192237,0.429825,NZL,AFG,0574
382839,168,1,710,2013.0,15488.0,8107248.0,-0.697224,0.501576,PAK,AFG,0574
382840,224,1,710,2013.0,38856.0,0.0,0.580016,2.394812,TUR,AFG,0574
382841,227,17,710,2013.0,2224.0,0.0,-0.46170100000000003,0.652878,UGA,BDI,0574
382842,246,17,710,2013.0,1471.0,0.0,0.11624100000000001,1.574591,ZAF,BDI,0574
382843,247,17,710,2013.0,24420.0,0.0,-0.293192,-0.42930100000000004,ZMB,BDI,0574
382844,77,38,710,2013.0,0.0,1974.0,1.5253299999999999,0.026146,FRA,CAF,0574
382845,77,50,710,2013.0,9382.0,0.0,1.5253299999999999,0.026146,FRA,COM,0574
382846,177,50,710,2013.0,9862.0,0.0,1.11341,0.975734,POL,COM,0574
382847,246,50,710,2013.0,63031.0,0.0,0.11624100000000001,1.574591,ZAF,COM,0574
382848,231,63,710,2013.0,163885.0,0.0,1.612058,-0.8592989999999999,USA,DMA,0574
382849,7,69,710,2013.0,31600.0,0.0,-0.338417,-0.754102,ARE,ERI,0574
382850,43,69,710,2013.0,29362.0,0.0,1.24864,0.667713,CHN,ERI,0574
382851,14,75,710,2013.0,1695.0,0.0,-0.63369,-0.276328,AUS,FJI,0574
382852,43,75,710,2013.0,23087.0,0.0,1.24864,0.667713,CHN,FJI,0574
382853,166,75,710,2013.0,2299098.0,0.0,0.192237,0.429825,NZL,FJI,0574
382854,231,75,710,2013.0,6371.0,0.0,1.612058,-0.8592989999999999,USA,FJI,0574
382855,241,75,710,2013.0,0.0,1028.0,1.758949,-0.121598,WLF,FJI,0574
382856,64,78,710,2013.0,533270.0,0.0,1.190302,1.062991,DNK,FRO,0574
382857,95,79,710,2013.0,3785.0,0.0,0.425936,-0.069886,GUM,FSM,0574
382858,231,79,710,2013.0,66977.0,0.0,1.612058,-0.8592989999999999,USA,FSM,0574
382859,43,87,710,2013.0,2305.0,0.0,1.24864,0.667713,CHN,GMB,0574
382860,71,87,710,2013.0,68686.0,0.0,0.955472,1.80005,ESP,GMB,0574
382861,77,87,710,2013.0,48760.0,0.0,1.5253299999999999,0.026146,FRA,GMB,0574
382862,246,87,710,2013.0,253592.0,0.0,0.11624100000000001,1.574591,ZAF,GMB,0574
382863,42,101,710,2013.0,15879.0,0.0,-0.184556,-0.238657,CHL,HTI,0574
382864,43,101,710,2013.0,100871.0,0.0,1.24864,0.667713,CHN,HTI,0574
382865,59,101,710,2013.0,0.0,5345.0,1.829509,-0.41787700000000005,CZE,HTI,0574
382866,65,101,710,2013.0,97019.0,0.0,-0.272579,0.42750699999999997,DOM,HTI,0574
382867,231,101,710,2013.0,378458.0,0.0,1.612058,-0.8592989999999999,USA,HTI,0574
382868,43,123,710,2013.0,1015493.0,0.0,1.24864,0.667713,CHN,LAO,0574
382869,216,123,710,2013.0,8553.0,0.0,1.067287,1.2767110000000002,THA,LAO,0574
382870,239,123,710,2013.0,9257.0,0.0,0.009264,1.182368,VNM,LAO,0574
382871,246,129,710,2013.0,1652855.0,0.0,0.11624100000000001,1.574591,ZAF,LSO,0574
382872,7,137,710,2013.0,62827.0,0.0,-0.338417,-0.754102,ARE,MDV,0574
382873,14,137,710,2013.0,7934.0,0.0,-0.63369,-0.276328,AUS,MDV,0574
382874,43,137,710,2013.0,58647.0,0.0,1.24864,0.667713,CHN,MDV,0574
382875,61,137,710,2013.0,18460.0,0.0,2.1086869999999998,-3.7092,DEU,MDV,0574
382876,77,137,710,2013.0,316589.0,0.0,1.5253299999999999,0.026146,FRA,MDV,0574
382877,104,137,710,2013.0,22280.0,0.0,0.18186,2.647598,IND,MDV,0574
382878,111,137,710,2013.0,27981.0,0.0,1.419383,-0.304402,ITA,MDV,0574
382879,128,137,710,2013.0,9959.0,0.0,-0.320583,0.44462399999999996,LKA,MDV,0574
382880,153,137,710,2013.0,2569.0,0.0,0.924532,0.671334,MYS,MDV,0574
382881,162,137,710,2013.0,1563.0,0.0,1.012006,1.441545,NLD,MDV,0574
382882,166,137,710,2013.0,662509.0,0.0,0.192237,0.429825,NZL,MDV,0574
382883,188,137,710,2013.0,16593.0,0.0,-0.14823599999999998,-0.883965,SAU,MDV,0574
382884,216,137,710,2013.0,58028.0,0.0,1.067287,1.2767110000000002,THA,MDV,0574
382885,231,137,710,2013.0,112194.0,0.0,1.612058,-0.8592989999999999,USA,MDV,0574
382886,246,137,710,2013.0,1080576.0,0.0,0.11624100000000001,1.574591,ZAF,MDV,0574
382887,231,152,710,2013.0,31022.0,0.0,1.612058,-0.8592989999999999,USA,MWI,0574
382888,246,152,710,2013.0,444305.0,0.0,0.11624100000000001,1.574591,ZAF,MWI,0574
382889,14,156,710,2013.0,62329.0,0.0,-0.63369,-0.276328,AUS,NCL,0574
382890,42,156,710,2013.0,22308.0,0.0,-0.184556,-0.238657,CHL,NCL,0574
382891,77,156,710,2013.0,270370.0,0.0,1.5253299999999999,0.026146,FRA,NCL,0574
382892,111,156,710,2013.0,4069.0,0.0,1.419383,-0.304402,ITA,NCL,0574
382893,166,156,710,2013.0,2092927.0,0.0,0.192237,0.429825,NZL,NCL,0574
382894,231,156,710,2013.0,85797.0,0.0,1.612058,-0.8592989999999999,USA,NCL,0574
382895,14,176,710,2013.0,2256782.0,0.0,-0.63369,-0.276328,AUS,PNG,0574
382896,166,176,710,2013.0,2088637.0,0.0,0.192237,0.429825,NZL,PNG,0574
382897,246,176,710,2013.0,70374.0,0.0,0.11624100000000001,1.574591,ZAF,PNG,0574
382898,166,182,710,2013.0,954415.0,0.0,0.192237,0.429825,NZL,PYF,0574
382899,231,182,710,2013.0,149199.0,0.0,1.612058,-0.8592989999999999,USA,PYF,0574
382900,43,187,710,2013.0,3507.0,0.0,1.24864,0.667713,CHN,RWA,0574
382901,68,187,710,2013.0,2642.0,0.0,-0.12015799999999999,1.793363,EGY,RWA,0574
382902,116,187,710,2013.0,21224.0,0.0,-0.303119,0.626786,KEN,RWA,0574
382903,188,187,710,2013.0,9888.0,0.0,-0.14823599999999998,-0.883965,SAU,RWA,0574
382904,227,187,710,2013.0,131854.0,1006.0,-0.46170100000000003,0.652878,UGA,RWA,0574
382905,246,187,710,2013.0,29846.0,0.0,0.11624100000000001,1.574591,ZAF,RWA,0574
382906,8,196,710,2013.0,88554.0,0.0,0.042829,0.461002,ARG,SLE,0574
382907,71,196,710,2013.0,28222.0,0.0,0.955472,1.80005,ESP,SLE,0574
382908,77,196,710,2013.0,57366.0,0.0,1.5253299999999999,0.026146,FRA,SLE,0574
382909,83,196,710,2013.0,2375.0,0.0,-0.696971,-0.5807939999999999,GHA,SLE,0574
382910,162,196,710,2013.0,117385.0,0.0,1.012006,1.441545,NLD,SLE,0574
382911,246,196,710,2013.0,47766.0,0.0,0.11624100000000001,1.574591,ZAF,SLE,0574
382912,7,199,710,2013.0,139194.0,0.0,-0.338417,-0.754102,ARE,SOM,0574
382913,116,199,710,2013.0,3445.0,0.0,-0.303119,0.626786,KEN,SOM,0574
382914,167,199,710,2013.0,3948.0,0.0,-0.698693,-1.030814,OMN,SOM,0574
382915,24,214,710,2013.0,0.0,5909.0,0.080634,-0.6828890000000001,BHR,TCD,0574
382916,246,214,710,2013.0,44685.0,0.0,0.11624100000000001,1.574591,ZAF,TCD,0574
382917,7,219,710,2013.0,186986.0,0.0,-0.338417,-0.754102,ARE,TKM,0574
382918,90,219,710,2013.0,18953.0,0.0,0.073442,0.9857899999999999,GRC,TKM,0574
382919,107,219,710,2013.0,23913418.0,0.0,-0.23625100000000002,-0.256067,IRN,TKM,0574
382920,115,219,710,2013.0,0.0,76438.0,-0.9193819999999999,-0.734194,KAZ,TKM,0574
382921,186,219,710,2013.0,0.0,227725.0,-0.08233,-0.267781,RUS,TKM,0574
382922,224,219,710,2013.0,595853.0,0.0,0.580016,2.394812,TUR,TKM,0574
382923,77,232,710,2013.0,25719.0,0.0,1.5253299999999999,0.026146,FRA,UZB,0574
382924,107,232,710,2013.0,8448.0,0.0,-0.23625100000000002,-0.256067,IRN,UZB,0574
382925,111,232,710,2013.0,30081.0,0.0,1.419383,-0.304402,ITA,UZB,0574
382926,115,232,710,2013.0,2504.0,1839798.0,-0.9193819999999999,-0.734194,KAZ,UZB,0574
382927,117,232,710,2013.0,0.0,103480.0,0.25090500000000004,0.7357279999999999,KGZ,UZB,0574
382928,177,232,710,2013.0,19877.0,0.0,1.11341,0.975734,POL,UZB,0574
382929,186,232,710,2013.0,37516.0,131027.0,-0.08233,-0.267781,RUS,UZB,0574
382930,14,240,710,2013.0,10302.0,0.0,-0.63369,-0.276328,AUS,VUT,0574
382931,166,240,710,2013.0,197052.0,0.0,0.192237,0.429825,NZL,VUT,0574
382932,231,91,710,2013.0,84880.0,0.0,1.612058,-0.8592989999999999,USA,GRD,0574
382933,8,92,710,2013.0,5927.0,0.0,0.042829,0.461002,ARG,GRL,0574
382934,32,92,710,2013.0,9075.0,0.0,0.2804,0.649729,BRA,GRL,0574
382935,42,92,710,2013.0,26534.0,0.0,-0.184556,-0.238657,CHL,GRL,0574
382936,61,92,710,2013.0,2229.0,0.0,2.1086869999999998,-3.7092,DEU,GRL,0574
382937,64,92,710,2013.0,1368564.0,0.0,1.190302,1.062991,DNK,GRL,0574
382938,77,92,710,2013.0,84130.0,0.0,1.5253299999999999,0.026146,FRA,GRL,0574
382939,109,92,710,2013.0,1689.0,0.0,0.284089,-0.164097,ISL,GRL,0574
382940,111,92,710,2013.0,1631.0,0.0,1.419383,-0.304402,ITA,GRL,0574
382941,162,92,710,2013.0,1785.0,0.0,1.012006,1.441545,NLD,GRL,0574
382942,166,92,710,2013.0,2573.0,0.0,0.192237,0.429825,NZL,GRL,0574
382943,231,92,710,2013.0,1164.0,0.0,1.612058,-0.8592989999999999,USA,GRL,0574
382944,246,92,710,2013.0,1327.0,0.0,0.11624100000000001,1.574591,ZAF,GRL,0574
382945,227,202,710,2013.0,0.0,1516.0,-0.46170100000000003,0.652878,UGA,SSD,0574
382946,166,242,710,2013.0,234887.0,0.0,0.192237,0.429825,NZL,WSM,0574
382947,218,242,710,2013.0,0.0,5735.0,0.741701,0.44271400000000005,TKL,WSM,0574
382948,231,242,710,2013.0,42642.0,0.0,1.612058,-0.8592989999999999,USA,WSM,0574
382949,166,10,710,2013.0,186384.0,0.0,0.192237,0.429825,NZL,ASM,0574
382950,81,48,710,2013.0,0.0,21871.0,1.628465,0.77075,GBR,COK,0574
382951,166,48,710,2013.0,97962.0,0.0,0.192237,0.429825,NZL,COK,0574
382952,192,56,710,2013.0,4326.0,0.0,1.844685,0.639379,SGP,CXR,0574
382953,79,95,710,2013.0,0.0,3785.0,-0.592069,-0.796275,FSM,GUM,0574
382954,114,95,710,2013.0,39266.0,0.0,2.333417,-0.818701,JPN,GUM,0574
382955,121,95,710,2013.0,15628.0,0.0,1.817145,0.835414,KOR,GUM,0574
382956,166,95,710,2013.0,15413.0,0.0,0.192237,0.429825,NZL,GUM,0574
382957,14,119,710,2013.0,8048.0,0.0,-0.63369,-0.276328,AUS,KIR,0574
382958,121,119,710,2013.0,2448.0,0.0,1.817145,0.835414,KOR,KIR,0574
382959,166,119,710,2013.0,11445.0,0.0,0.192237,0.429825,NZL,KIR,0574
382960,231,119,710,2013.0,1151.0,0.0,1.612058,-0.8592989999999999,USA,KIR,0574
382961,228,139,710,2013.0,1412.0,0.0,0.535571,1.026263,UKR,MHL,0574
382962,114,146,710,2013.0,2808.0,0.0,2.333417,-0.818701,JPN,MNP,0574
382963,121,146,710,2013.0,2647.0,0.0,1.817145,0.835414,KOR,MNP,0574
382964,166,161,710,2013.0,10355.0,0.0,0.192237,0.429825,NZL,NIU,0574
382965,14,165,710,2013.0,256319.0,0.0,-0.63369,-0.276328,AUS,NRU,0574
382966,166,165,710,2013.0,3844.0,0.0,0.192237,0.429825,NZL,NRU,0574
382967,246,194,710,2013.0,37303.0,0.0,0.11624100000000001,1.574591,ZAF,SHN,0574
382968,166,221,710,2013.0,114744.0,0.0,0.192237,0.429825,NZL,TON,0574
382969,14,225,710,2013.0,4024.0,0.0,-0.63369,-0.276328,AUS,TUV,0574
382970,166,225,710,2013.0,10338.0,0.0,0.192237,0.429825,NZL,TUV,0574
382971,75,241,710,2013.0,1028.0,0.0,-0.374639,-0.140308,FJI,WLF,0574
382972,166,241,710,2013.0,16152.0,0.0,0.192237,0.429825,NZL,WLF,0574
382973,231,210,710,2013.0,47554.0,0.0,1.612058,-0.8592989999999999,USA,SXM,0574
382974,231,233,710,2013.0,22535.0,0.0,1.612058,-0.8592989999999999,USA,VAT,0574
382975,42,12,710,2013.0,694933.0,0.0,-0.184556,-0.238657,CHL,ATF,0574
382976,81,76,710,2013.0,34784.0,0.0,1.628465,0.77075,GBR,FLK,0574
382977,231,105,710,2013.0,3049.0,0.0,1.612058,-0.8592989999999999,USA,IOT,0574
382978,43,154,710,2013.0,21999.0,0.0,1.24864,0.667713,CHN,MYT,0574
382979,77,154,710,2013.0,226362.0,0.0,1.5253299999999999,0.026146,FRA,MYT,0574
382980,177,154,710,2013.0,10484.0,0.0,1.11341,0.975734,POL,MYT,0574
382981,231,154,710,2013.0,21818.0,0.0,1.612058,-0.8592989999999999,USA,MYT,0574
382982,246,154,710,2013.0,405336.0,0.0,0.11624100000000001,1.574591,ZAF,MYT,0574
382983,77,200,710,2013.0,1110.0,0.0,1.5253299999999999,0.026146,FRA,SPM,0574
382984,1,7,711,2013.0,526818.0,103002.0,-0.767212,-0.6506069999999999,AFG,ARE,0575
382985,9,7,711,2013.0,0.0,30888.0,-0.159148,-0.515766,ARM,ARE,0575
382986,14,7,711,2013.0,6431912.0,59932.0,-0.63369,-0.276328,AUS,ARE,0575
382987,16,7,711,2013.0,2064.0,31161.0,-1.319766,-1.200648,AZE,ARE,0575
382988,19,7,711,2013.0,0.0,2790.0,-0.924213,-0.8181390000000001,BEN,ARE,0575
382989,21,7,711,2013.0,0.0,12036.0,-0.7231029999999999,-0.736291,BFA,ARE,0575
382990,22,7,711,2013.0,0.0,764045.0,-0.835666,-0.8088810000000001,BGD,ARE,0575
382991,24,7,711,2013.0,4608.0,58819.0,0.080634,-0.6828890000000001,BHR,ARE,0575
382992,32,7,711,2013.0,524771.0,390553.0,0.2804,0.649729,BRA,ARE,0575
382993,39,7,711,2013.0,46046.0,56945.0,0.599305,1.193591,CAN,ARE,0575
382994,41,7,711,2013.0,9321.0,0.0,2.0899229999999998,0.661667,CHE,ARE,0575
382995,42,7,711,2013.0,5387216.0,77941.0,-0.184556,-0.238657,CHL,ARE,0575
382996,43,7,711,2013.0,1877951.0,0.0,1.24864,0.667713,CHN,ARE,0575
382997,58,7,711,2013.0,0.0,60024.0,0.36482800000000004,0.527544,CYP,ARE,0575
382998,61,7,711,2013.0,10781.0,0.0,2.1086869999999998,-3.7092,DEU,ARE,0575
382999,62,7,711,2013.0,0.0,185081.0,-0.35226399999999997,-0.542234,DJI,ARE,0575
383000,66,7,711,2013.0,0.0,299676.0,-1.53603,-1.104965,DZA,ARE,0575
383001,68,7,711,2013.0,7394277.0,360181.0,-0.12015799999999999,1.793363,EGY,ARE,0575
383002,69,7,711,2013.0,0.0,7232.0,-0.827263,-0.790848,ERI,ARE,0575
383003,71,7,711,2013.0,2663411.0,1496372.0,0.955472,1.80005,ESP,ARE,0575
383004,73,7,711,2013.0,0.0,21531.0,-1.1373090000000001,-0.89186,ETH,ARE,0575
383005,77,7,711,2013.0,25376.0,9001.0,1.5253299999999999,0.026146,FRA,ARE,0575
383006,81,7,711,2013.0,47549.0,32981.0,1.628465,0.77075,GBR,ARE,0575
383007,82,7,711,2013.0,0.0,20922.0,-0.08343099999999999,-0.359692,GEO,ARE,0575
383008,83,7,711,2013.0,0.0,4978.0,-0.696971,-0.5807939999999999,GHA,ARE,0575
383009,90,7,711,2013.0,14157.0,0.0,0.073442,0.9857899999999999,GRC,ARE,0575
383010,97,7,711,2013.0,143512.0,0.0,0.791401,1.249845,HKG,ARE,0575
383011,102,7,711,2013.0,0.0,62709.0,1.6962560000000002,0.45460600000000007,HUN,ARE,0575
383012,103,7,711,2013.0,0.0,216279.0,-0.006876999999999999,1.8336569999999999,IDN,ARE,0575
383013,104,7,711,2013.0,23505720.0,29755.0,0.18186,2.647598,IND,ARE,0575
383014,107,7,711,2013.0,18456084.0,305261.0,-0.23625100000000002,-0.256067,IRN,ARE,0575
383015,108,7,711,2013.0,0.0,343580.0,-3.147217,-0.685991,IRQ,ARE,0575
383016,111,7,711,2013.0,8303148.0,0.0,1.419383,-0.304402,ITA,ARE,0575
383017,112,7,711,2013.0,0.0,22338.0,-0.364044,-0.744733,JAM,ARE,0575
383018,113,7,711,2013.0,302429.0,537063.0,0.1888,0.596867,JOR,ARE,0575
383019,114,7,711,2013.0,3019.0,10861.0,2.333417,-0.818701,JPN,ARE,0575
383020,116,7,711,2013.0,0.0,50400.0,-0.303119,0.626786,KEN,ARE,0575
383021,121,7,711,2013.0,12306.0,0.0,1.817145,0.835414,KOR,ARE,0575
383022,122,7,711,2013.0,21720.0,2059480.0,-1.198985,-1.057248,KWT,ARE,0575
383023,124,7,711,2013.0,827105.0,4738.0,0.37392800000000004,1.413136,LBN,ARE,0575
383024,126,7,711,2013.0,0.0,704035.0,-1.871593,-1.1211790000000001,LBY,ARE,0575
383025,128,7,711,2013.0,0.0,71588.0,-0.320583,0.44462399999999996,LKA,ARE,0575
383026,130,7,711,2013.0,0.0,52458.0,0.677986,1.29227,LTU,ARE,0575
383027,134,7,711,2013.0,28449.0,49917.0,-0.474872,0.178118,MAR,ARE,0575
383028,137,7,711,2013.0,0.0,261097.0,-0.510204,-0.740372,MDV,ARE,0575
383029,138,7,711,2013.0,132312.0,0.0,1.2327219999999999,0.746108,MEX,ARE,0575
383030,142,7,711,2013.0,0.0,4425.0,0.710108,-0.014586000000000002,MLT,ARE,0575
383031,148,7,711,2013.0,0.0,3532.0,-1.681152,-1.2712350000000001,MRT,ARE,0575
383032,151,7,711,2013.0,0.0,5101.0,-0.092312,0.050927,MUS,ARE,0575
383033,153,7,711,2013.0,9076.0,108403.0,0.924532,0.671334,MYS,ARE,0575
383034,155,7,711,2013.0,1015371.0,0.0,-0.316805,-0.38759099999999996,NAM,ARE,0575
383035,157,7,711,2013.0,0.0,1005.0,-1.0008350000000001,-0.8325670000000001,NER,ARE,0575
383036,162,7,711,2013.0,5896.0,0.0,1.012006,1.441545,NLD,ARE,0575
383037,167,7,711,2013.0,53335.0,8283952.0,-0.698693,-1.030814,OMN,ARE,0575
383038,168,7,711,2013.0,40364.0,44308.0,-0.697224,0.501576,PAK,ARE,0575
383039,173,7,711,2013.0,549859.0,0.0,-0.640044,0.121772,PER,ARE,0575
383040,174,7,711,2013.0,13564.0,2232.0,0.639083,0.45816899999999994,PHL,ARE,0575
383041,179,7,711,2013.0,3596.0,0.0,0.705087,2.2055580000000004,PRT,ARE,0575
383042,183,7,711,2013.0,0.0,2004936.0,-0.583609,-1.003754,QAT,ARE,0575
383043,188,7,711,2013.0,1119268.0,7637712.0,-0.14823599999999998,-0.883965,SAU,ARE,0575
383044,190,7,711,2013.0,0.0,259773.0,-1.224897,-1.059517,SDN,ARE,0575
383045,191,7,711,2013.0,0.0,69520.0,-0.566624,-0.185277,SEN,ARE,0575
383046,192,7,711,2013.0,71099.0,75622.0,1.844685,0.639379,SGP,ARE,0575
383047,199,7,711,2013.0,0.0,58863.0,-0.9790979999999999,-0.8632620000000001,SOM,ARE,0575
383048,208,7,711,2013.0,0.0,37714.0,1.7851290000000002,0.182623,SWE,ARE,0575
383049,211,7,711,2013.0,0.0,3546.0,0.06901,-0.438229,SYC,ARE,0575
383050,212,7,711,2013.0,1228088.0,192667.0,-0.09157699999999999,1.1795950000000002,SYR,ARE,0575
383051,216,7,711,2013.0,119343.0,0.0,1.067287,1.2767110000000002,THA,ARE,0575
383052,217,7,711,2013.0,2632.0,0.0,-1.117246,-1.1638600000000001,TJK,ARE,0575
383053,219,7,711,2013.0,0.0,1517.0,-1.174981,-1.14869,TKM,ARE,0575
383054,223,7,711,2013.0,12265.0,90087.0,0.40154,0.902177,TUN,ARE,0575
383055,224,7,711,2013.0,1928239.0,25752.0,0.580016,2.394812,TUR,ARE,0575
383056,226,7,711,2013.0,0.0,53144.0,-0.654655,0.903574,TZA,ARE,0575
383057,227,7,711,2013.0,0.0,4544.0,-0.46170100000000003,0.652878,UGA,ARE,0575
383058,231,7,711,2013.0,9370538.0,2959.0,1.612058,-0.8592989999999999,USA,ARE,0575
383059,232,7,711,2013.0,429521.0,0.0,-0.7076319999999999,-0.645674,UZB,ARE,0575
383060,243,7,711,2013.0,1532.0,1762026.0,-1.2788700000000002,-1.230713,YEM,ARE,0575
383061,246,7,711,2013.0,12501001.0,0.0,0.11624100000000001,1.574591,ZAF,ARE,0575
383062,247,7,711,2013.0,23066.0,0.0,-0.293192,-0.42930100000000004,ZMB,ARE,0575
383063,14,8,711,2013.0,0.0,62559.0,-0.63369,-0.276328,AUS,ARG,0575
383064,15,8,711,2013.0,0.0,602337.0,1.855434,-1.06494,AUT,ARG,0575
383065,18,8,711,2013.0,0.0,33901.0,1.198491,1.117268,BEL,ARG,0575
383066,23,8,711,2013.0,0.0,43279.0,0.622325,1.5506229999999999,BGR,ARG,0575
383067,28,8,711,2013.0,0.0,35715.0,1.183522,0.934159,BLR,ARG,0575
383068,31,8,711,2013.0,0.0,692891.0,-1.1429610000000001,-1.0076120000000002,BOL,ARG,0575
383069,32,8,711,2013.0,74585.0,57400372.0,0.2804,0.649729,BRA,ARG,0575
383070,39,8,711,2013.0,0.0,759380.0,0.599305,1.193591,CAN,ARG,0575
383071,41,8,711,2013.0,0.0,114362.0,2.0899229999999998,0.661667,CHE,ARG,0575
383072,42,8,711,2013.0,0.0,2319846.0,-0.184556,-0.238657,CHL,ARG,0575
383073,43,8,711,2013.0,0.0,178583.0,1.24864,0.667713,CHN,ARG,0575
383074,44,8,711,2013.0,0.0,7123.0,-1.0025870000000001,-0.901658,CIV,ARG,0575
383075,49,8,711,2013.0,0.0,3835450.0,0.034491,-0.36975,COL,ARG,0575
383076,52,8,711,2013.0,0.0,274452.0,0.208669,-0.54783,CRI,ARG,0575
383077,54,8,711,2013.0,0.0,54403.0,-0.31053400000000003,-0.8534280000000001,CUB,ARG,0575
383078,55,8,711,2013.0,0.0,77250.0,-0.145402,-0.556962,CUW,ARG,0575
383079,59,8,711,2013.0,0.0,813651.0,1.829509,-0.41787700000000005,CZE,ARG,0575
383080,61,8,711,2013.0,0.0,6946147.0,2.1086869999999998,-3.7092,DEU,ARG,0575
383081,64,8,711,2013.0,0.0,42282.0,1.190302,1.062991,DNK,ARG,0575
383082,65,8,711,2013.0,0.0,861905.0,-0.272579,0.42750699999999997,DOM,ARG,0575
383083,66,8,711,2013.0,0.0,280964.0,-1.53603,-1.104965,DZA,ARG,0575
383084,67,8,711,2013.0,0.0,78849.0,-0.8251790000000001,-0.9347200000000001,ECU,ARG,0575
383085,68,8,711,2013.0,0.0,12356.0,-0.12015799999999999,1.793363,EGY,ARG,0575
383086,71,8,711,2013.0,0.0,1168212.0,0.955472,1.80005,ESP,ARG,0575
383087,72,8,711,2013.0,0.0,32337.0,0.923321,1.290016,EST,ARG,0575
383088,74,8,711,2013.0,0.0,97793.0,1.700282,0.867677,FIN,ARG,0575
383089,77,8,711,2013.0,0.0,177939.0,1.5253299999999999,0.026146,FRA,ARG,0575
383090,81,8,711,2013.0,0.0,370891.0,1.628465,0.77075,GBR,ARG,0575
383091,90,8,711,2013.0,0.0,44250.0,0.073442,0.9857899999999999,GRC,ARG,0575
383092,93,8,711,2013.0,0.0,87498.0,-0.220165,0.661111,GTM,ARG,0575
383093,97,8,711,2013.0,0.0,76854.0,0.791401,1.249845,HKG,ARG,0575
383094,104,8,711,2013.0,56253.0,0.0,0.18186,2.647598,IND,ARG,0575
383095,106,8,711,2013.0,0.0,30136.0,1.32787,0.394579,IRL,ARG,0575
383096,109,8,711,2013.0,0.0,8605.0,0.284089,-0.164097,ISL,ARG,0575
383097,111,8,711,2013.0,0.0,290833.0,1.419383,-0.304402,ITA,ARG,0575
383098,112,8,711,2013.0,0.0,86173.0,-0.364044,-0.744733,JAM,ARG,0575
383099,114,8,711,2013.0,0.0,78278.0,2.333417,-0.818701,JPN,ARG,0575
383100,115,8,711,2013.0,0.0,50461.0,-0.9193819999999999,-0.734194,KAZ,ARG,0575
383101,126,8,711,2013.0,0.0,68221.0,-1.871593,-1.1211790000000001,LBY,ARG,0575
383102,130,8,711,2013.0,0.0,221570.0,0.677986,1.29227,LTU,ARG,0575
383103,135,8,711,2013.0,0.0,1023.0,0.14256,0.33920700000000004,MDA,ARG,0575
383104,153,8,711,2013.0,0.0,339384.0,0.924532,0.671334,MYS,ARG,0575
383105,156,8,711,2013.0,0.0,1145.0,-0.262882,-0.63858,NCL,ARG,0575
383106,160,8,711,2013.0,0.0,19589.0,-0.7956479999999999,-0.596061,NIC,ARG,0575
383107,162,8,711,2013.0,0.0,13321173.0,1.012006,1.441545,NLD,ARG,0575
383108,163,8,711,2013.0,0.0,105867.0,0.710901,0.062705,NOR,ARG,0575
383109,166,8,711,2013.0,0.0,1594.0,0.192237,0.429825,NZL,ARG,0575
383110,169,8,711,2013.0,0.0,88119.0,0.8719819999999999,1.038982,PAN,ARG,0575
383111,173,8,711,2013.0,0.0,645888.0,-0.640044,0.121772,PER,ARG,0575
383112,174,8,711,2013.0,0.0,458175.0,0.639083,0.45816899999999994,PHL,ARG,0575
383113,177,8,711,2013.0,0.0,303401.0,1.11341,0.975734,POL,ARG,0575
383114,179,8,711,2013.0,0.0,211918.0,0.705087,2.2055580000000004,PRT,ARG,0575
383115,180,8,711,2013.0,0.0,457005.0,-0.560661,-0.822876,PRY,ARG,0575
383116,185,8,711,2013.0,0.0,32685.0,1.05722,1.0968799999999999,ROU,ARG,0575
383117,186,8,711,2013.0,0.0,13113170.0,-0.08233,-0.267781,RUS,ARG,0575
383118,192,8,711,2013.0,0.0,48639.0,1.844685,0.639379,SGP,ARG,0575
383119,201,8,711,2013.0,0.0,1858.0,0.609755,1.355304,SRB,ARG,0575
383120,206,8,711,2013.0,0.0,80488.0,1.510052,0.7060310000000001,SVK,ARG,0575
383121,207,8,711,2013.0,0.0,6331.0,1.55922,0.565874,SVN,ARG,0575
383122,208,8,711,2013.0,0.0,430944.0,1.7851290000000002,0.182623,SWE,ARG,0575
383123,228,8,711,2013.0,0.0,41591.0,0.535571,1.026263,UKR,ARG,0575
383124,230,8,711,2013.0,31949.0,772508.0,0.128825,0.02334,URY,ARG,0575
383125,231,8,711,2013.0,112510.0,3065746.0,1.612058,-0.8592989999999999,USA,ARG,0575
383126,236,8,711,2013.0,0.0,360573.0,-1.281202,-1.094268,VEN,ARG,0575
383127,239,8,711,2013.0,0.0,46508.0,0.009264,1.182368,VNM,ARG,0575
383128,249,8,711,2013.0,0.0,741363.0,1.7382849999999999,0.9917739999999999,TWN,ARG,0575
383129,8,15,711,2013.0,602337.0,0.0,0.042829,0.461002,ARG,AUT,0575
383130,14,15,711,2013.0,49911.0,0.0,-0.63369,-0.276328,AUS,AUT,0575
383131,18,15,711,2013.0,22980.0,14857.0,1.198491,1.117268,BEL,AUT,0575
383132,23,15,711,2013.0,0.0,2556.0,0.622325,1.5506229999999999,BGR,AUT,0575
383133,26,15,711,2013.0,0.0,6594.0,0.723658,0.9271879999999999,BIH,AUT,0575
383134,32,15,711,2013.0,466331.0,0.0,0.2804,0.649729,BRA,AUT,0575
383135,39,15,711,2013.0,0.0,2921.0,0.599305,1.193591,CAN,AUT,0575
383136,41,15,711,2013.0,109498.0,123105.0,2.0899229999999998,0.661667,CHE,AUT,0575
383137,42,15,711,2013.0,786328.0,0.0,-0.184556,-0.238657,CHL,AUT,0575
383138,58,15,711,2013.0,314319.0,98832.0,0.36482800000000004,0.527544,CYP,AUT,0575
383139,59,15,711,2013.0,43622.0,145908.0,1.829509,-0.41787700000000005,CZE,AUT,0575
383140,61,15,711,2013.0,29505874.0,8089383.0,2.1086869999999998,-3.7092,DEU,AUT,0575
383141,64,15,711,2013.0,0.0,5515.0,1.190302,1.062991,DNK,AUT,0575
383142,68,15,711,2013.0,141078.0,0.0,-0.12015799999999999,1.793363,EGY,AUT,0575
383143,71,15,711,2013.0,1197074.0,0.0,0.955472,1.80005,ESP,AUT,0575
383144,74,15,711,2013.0,0.0,3633.0,1.700282,0.867677,FIN,AUT,0575
383145,77,15,711,2013.0,177259.0,5311.0,1.5253299999999999,0.026146,FRA,AUT,0575
383146,81,15,711,2013.0,217115.0,16535.0,1.628465,0.77075,GBR,AUT,0575
383147,90,15,711,2013.0,1945932.0,23390.0,0.073442,0.9857899999999999,GRC,AUT,0575
383148,100,15,711,2013.0,0.0,27879.0,0.8737309999999999,1.276091,HRV,AUT,0575
383149,102,15,711,2013.0,10982.0,583410.0,1.6962560000000002,0.45460600000000007,HUN,AUT,0575
383150,104,15,711,2013.0,3512940.0,0.0,0.18186,2.647598,IND,AUT,0575
383151,107,15,711,2013.0,1651141.0,0.0,-0.23625100000000002,-0.256067,IRN,AUT,0575
383152,110,15,711,2013.0,16649.0,0.0,1.0247629999999999,0.8261639999999999,ISR,AUT,0575
383153,111,15,711,2013.0,26032528.0,360647.0,1.419383,-0.304402,ITA,AUT,0575
383154,131,15,711,2013.0,0.0,9681.0,1.0110190000000001,1.123226,LUX,AUT,0575
383155,133,15,711,2013.0,1588.0,0.0,0.43873,0.275559,MAC,AUT,0575
383156,134,15,711,2013.0,24413.0,0.0,-0.474872,0.178118,MAR,AUT,0575
383157,136,15,711,2013.0,2922.0,0.0,-0.786091,-0.611478,MDG,AUT,0575
383158,155,15,711,2013.0,681932.0,0.0,-0.316805,-0.38759099999999996,NAM,AUT,0575
383159,162,15,711,2013.0,17335562.0,592175.0,1.012006,1.441545,NLD,AUT,0575
383160,163,15,711,2013.0,0.0,16120.0,0.710901,0.062705,NOR,AUT,0575
383161,166,15,711,2013.0,4139.0,0.0,0.192237,0.429825,NZL,AUT,0575
383162,173,15,711,2013.0,334818.0,0.0,-0.640044,0.121772,PER,AUT,0575
383163,177,15,711,2013.0,2940.0,126838.0,1.11341,0.975734,POL,AUT,0575
383164,185,15,711,2013.0,114600.0,7298.0,1.05722,1.0968799999999999,ROU,AUT,0575
383165,188,15,711,2013.0,11830.0,0.0,-0.14823599999999998,-0.883965,SAU,AUT,0575
383166,201,15,711,2013.0,1064.0,3139.0,0.609755,1.355304,SRB,AUT,0575
383167,206,15,711,2013.0,0.0,351781.0,1.510052,0.7060310000000001,SVK,AUT,0575
383168,207,15,711,2013.0,870567.0,1618839.0,1.55922,0.565874,SVN,AUT,0575
383169,208,15,711,2013.0,0.0,7067.0,1.7851290000000002,0.182623,SWE,AUT,0575
383170,217,15,711,2013.0,40904.0,0.0,-1.117246,-1.1638600000000001,TJK,AUT,0575
383171,224,15,711,2013.0,5881064.0,78499.0,0.580016,2.394812,TUR,AUT,0575
383172,231,15,711,2013.0,156697.0,3225.0,1.612058,-0.8592989999999999,USA,AUT,0575
383173,232,15,711,2013.0,333277.0,0.0,-0.7076319999999999,-0.645674,UZB,AUT,0575
383174,239,15,711,2013.0,0.0,84445.0,0.009264,1.182368,VNM,AUT,0575
383175,246,15,711,2013.0,784039.0,0.0,0.11624100000000001,1.574591,ZAF,AUT,0575
383176,1,18,711,2013.0,29782.0,0.0,-0.767212,-0.6506069999999999,AFG,BEL,0575
383177,2,18,711,2013.0,0.0,6829.0,-1.240877,-1.073797,AGO,BEL,0575
383178,8,18,711,2013.0,33901.0,0.0,0.042829,0.461002,ARG,BEL,0575
383179,14,18,711,2013.0,217738.0,0.0,-0.63369,-0.276328,AUS,BEL,0575
383180,15,18,711,2013.0,14857.0,22980.0,1.855434,-1.06494,AUT,BEL,0575
383181,17,18,711,2013.0,0.0,1141.0,-0.602481,-0.6338689999999999,BDI,BEL,0575
383182,28,18,711,2013.0,0.0,98407.0,1.183522,0.934159,BLR,BEL,0575
383183,32,18,711,2013.0,245237.0,0.0,0.2804,0.649729,BRA,BEL,0575
383184,41,18,711,2013.0,120839.0,3836.0,2.0899229999999998,0.661667,CHE,BEL,0575
383185,42,18,711,2013.0,2635806.0,0.0,-0.184556,-0.238657,CHL,BEL,0575
383186,43,18,711,2013.0,1893293.0,0.0,1.24864,0.667713,CHN,BEL,0575
383187,45,18,711,2013.0,0.0,2509.0,-0.93575,-1.003851,CMR,BEL,0575
383188,46,18,711,2013.0,0.0,44644.0,-1.450075,-1.115916,COD,BEL,0575
383189,55,18,711,2013.0,0.0,4325.0,-0.145402,-0.556962,CUW,BEL,0575
383190,59,18,711,2013.0,0.0,19387.0,1.829509,-0.41787700000000005,CZE,BEL,0575
383191,61,18,711,2013.0,3305681.0,8853343.0,2.1086869999999998,-3.7092,DEU,BEL,0575
383192,64,18,711,2013.0,33110.0,184911.0,1.190302,1.062991,DNK,BEL,0575
383193,68,18,711,2013.0,1653282.0,0.0,-0.12015799999999999,1.793363,EGY,BEL,0575
383194,71,18,711,2013.0,2719920.0,194142.0,0.955472,1.80005,ESP,BEL,0575
383195,72,18,711,2013.0,0.0,3933.0,0.923321,1.290016,EST,BEL,0575
383196,77,18,711,2013.0,4997487.0,12861546.0,1.5253299999999999,0.026146,FRA,BEL,0575
383197,81,18,711,2013.0,1926433.0,788123.0,1.628465,0.77075,GBR,BEL,0575
383198,83,18,711,2013.0,0.0,6556.0,-0.696971,-0.5807939999999999,GHA,BEL,0575
383199,89,18,711,2013.0,0.0,201500.0,-1.7984200000000001,-0.678832,GNQ,BEL,0575
383200,90,18,711,2013.0,2173570.0,0.0,0.073442,0.9857899999999999,GRC,BEL,0575
383201,104,18,711,2013.0,1016231.0,0.0,0.18186,2.647598,IND,BEL,0575
383202,106,18,711,2013.0,0.0,2819.0,1.32787,0.394579,IRL,BEL,0575
383203,107,18,711,2013.0,3550388.0,0.0,-0.23625100000000002,-0.256067,IRN,BEL,0575
383204,109,18,711,2013.0,0.0,2470.0,0.284089,-0.164097,ISL,BEL,0575
383205,110,18,711,2013.0,9101.0,0.0,1.0247629999999999,0.8261639999999999,ISR,BEL,0575
383206,111,18,711,2013.0,40807772.0,1068713.0,1.419383,-0.304402,ITA,BEL,0575
383207,114,18,711,2013.0,0.0,1147.0,2.333417,-0.818701,JPN,BEL,0575
383208,124,18,711,2013.0,0.0,27745.0,0.37392800000000004,1.413136,LBN,BEL,0575
383209,130,18,711,2013.0,0.0,871097.0,0.677986,1.29227,LTU,BEL,0575
383210,131,18,711,2013.0,23203.0,4433915.0,1.0110190000000001,1.123226,LUX,BEL,0575
383211,132,18,711,2013.0,0.0,42815.0,0.652463,1.299917,LVA,BEL,0575
383212,138,18,711,2013.0,27988.0,0.0,1.2327219999999999,0.746108,MEX,BEL,0575
383213,155,18,711,2013.0,108751.0,0.0,-0.316805,-0.38759099999999996,NAM,BEL,0575
383214,162,18,711,2013.0,45148364.0,6083266.0,1.012006,1.441545,NLD,BEL,0575
383215,168,18,711,2013.0,25879.0,0.0,-0.697224,0.501576,PAK,BEL,0575
383216,173,18,711,2013.0,1423884.0,0.0,-0.640044,0.121772,PER,BEL,0575
383217,177,18,711,2013.0,23269.0,4653.0,1.11341,0.975734,POL,BEL,0575
383218,179,18,711,2013.0,235570.0,0.0,0.705087,2.2055580000000004,PRT,BEL,0575
383219,185,18,711,2013.0,88860.0,5639.0,1.05722,1.0968799999999999,ROU,BEL,0575
383220,186,18,711,2013.0,0.0,1040507.0,-0.08233,-0.267781,RUS,BEL,0575
383221,187,18,711,2013.0,0.0,2222.0,-0.535446,-0.662881,RWA,BEL,0575
383222,188,18,711,2013.0,38062.0,0.0,-0.14823599999999998,-0.883965,SAU,BEL,0575
383223,190,18,711,2013.0,0.0,10053.0,-1.224897,-1.059517,SDN,BEL,0575
383224,206,18,711,2013.0,0.0,30546.0,1.510052,0.7060310000000001,SVK,BEL,0575
383225,207,18,711,2013.0,1676.0,16212.0,1.55922,0.565874,SVN,BEL,0575
383226,208,18,711,2013.0,0.0,83744.0,1.7851290000000002,0.182623,SWE,BEL,0575
383227,224,18,711,2013.0,25084140.0,41227.0,0.580016,2.394812,TUR,BEL,0575
383228,228,18,711,2013.0,0.0,25864.0,0.535571,1.026263,UKR,BEL,0575
383229,231,18,711,2013.0,3179124.0,0.0,1.612058,-0.8592989999999999,USA,BEL,0575
383230,246,18,711,2013.0,4432198.0,0.0,0.11624100000000001,1.574591,ZAF,BEL,0575
383231,250,18,711,2013.0,0.0,4295.0,0.583151,0.14238299999999998,ANS,BEL,0575
383232,7,19,711,2013.0,2790.0,0.0,-0.338417,-0.754102,ARE,BEN,0575
383233,21,19,711,2013.0,0.0,3520.0,-0.7231029999999999,-0.736291,BFA,BEN,0575
383234,42,19,711,2013.0,531180.0,0.0,-0.184556,-0.238657,CHL,BEN,0575
383235,68,19,711,2013.0,162176.0,0.0,-0.12015799999999999,1.793363,EGY,BEN,0575
383236,77,19,711,2013.0,51342.0,0.0,1.5253299999999999,0.026146,FRA,BEN,0575
383237,111,19,711,2013.0,532412.0,0.0,1.419383,-0.304402,ITA,BEN,0575
383238,215,19,711,2013.0,12223.0,0.0,-0.532095,-0.434276,TGO,BEN,0575
383239,246,19,711,2013.0,338916.0,0.0,0.11624100000000001,1.574591,ZAF,BEN,0575
383240,4,23,711,2013.0,0.0,4158.0,-0.44779300000000005,-0.13181700000000002,ALB,BGR,0575
383241,8,23,711,2013.0,43279.0,0.0,0.042829,0.461002,ARG,BGR,0575
383242,15,23,711,2013.0,2556.0,0.0,1.855434,-1.06494,AUT,BGR,0575
383243,28,23,711,2013.0,0.0,106851.0,1.183522,0.934159,BLR,BGR,0575
383244,42,23,711,2013.0,132210.0,0.0,-0.184556,-0.238657,CHL,BGR,0575
383245,59,23,711,2013.0,4377.0,28713.0,1.829509,-0.41787700000000005,CZE,BGR,0575
383246,61,23,711,2013.0,80538.0,39151.0,2.1086869999999998,-3.7092,DEU,BGR,0575
383247,71,23,711,2013.0,27482.0,0.0,0.955472,1.80005,ESP,BGR,0575
383248,81,23,711,2013.0,166666.0,1544068.0,1.628465,0.77075,GBR,BGR,0575
383249,90,23,711,2013.0,2652814.0,39585.0,0.073442,0.9857899999999999,GRC,BGR,0575
383250,102,23,711,2013.0,0.0,142044.0,1.6962560000000002,0.45460600000000007,HUN,BGR,0575
383251,104,23,711,2013.0,155693.0,0.0,0.18186,2.647598,IND,BGR,0575
383252,107,23,711,2013.0,529544.0,0.0,-0.23625100000000002,-0.256067,IRN,BGR,0575
383253,111,23,711,2013.0,738248.0,15721.0,1.419383,-0.304402,ITA,BGR,0575
383254,130,23,711,2013.0,4512.0,26114.0,0.677986,1.29227,LTU,BGR,0575
383255,132,23,711,2013.0,0.0,2238.0,0.652463,1.299917,LVA,BGR,0575
383256,140,23,711,2013.0,171232.0,8014.0,-0.127775,0.21915900000000002,MKD,BGR,0575
383257,162,23,711,2013.0,436983.0,0.0,1.012006,1.441545,NLD,BGR,0575
383258,173,23,711,2013.0,28167.0,0.0,-0.640044,0.121772,PER,BGR,0575
383259,177,23,711,2013.0,6676.0,11401.0,1.11341,0.975734,POL,BGR,0575
383260,185,23,711,2013.0,283879.0,67870.0,1.05722,1.0968799999999999,ROU,BGR,0575
383261,186,23,711,2013.0,0.0,34469.0,-0.08233,-0.267781,RUS,BGR,0575
383262,208,23,711,2013.0,0.0,8207.0,1.7851290000000002,0.182623,SWE,BGR,0575
383263,224,23,711,2013.0,16221755.0,0.0,0.580016,2.394812,TUR,BGR,0575
383264,228,23,711,2013.0,0.0,38216.0,0.535571,1.026263,UKR,BGR,0575
383265,231,23,711,2013.0,57562.0,0.0,1.612058,-0.8592989999999999,USA,BGR,0575
383266,246,23,711,2013.0,26646.0,0.0,0.11624100000000001,1.574591,ZAF,BGR,0575
383267,231,25,711,2013.0,2579205.0,0.0,1.612058,-0.8592989999999999,USA,BHS,0575
383268,1,32,711,2013.0,26563.0,0.0,-0.767212,-0.6506069999999999,AFG,BRA,0575
383269,7,32,711,2013.0,390553.0,524771.0,-0.338417,-0.754102,ARE,BRA,0575
383270,8,32,711,2013.0,57400372.0,74585.0,0.042829,0.461002,ARG,BRA,0575
383271,15,32,711,2013.0,0.0,466331.0,1.855434,-1.06494,AUT,BRA,0575
383272,18,32,711,2013.0,0.0,245237.0,1.198491,1.117268,BEL,BRA,0575
383273,24,32,711,2013.0,0.0,4854.0,0.080634,-0.6828890000000001,BHR,BRA,0575
383274,28,32,711,2013.0,0.0,10027.0,1.183522,0.934159,BLR,BRA,0575
383275,31,32,711,2013.0,0.0,37414.0,-1.1429610000000001,-1.0076120000000002,BOL,BRA,0575
383276,39,32,711,2013.0,0.0,2249509.0,0.599305,1.193591,CAN,BRA,0575
383277,41,32,711,2013.0,0.0,2010225.0,2.0899229999999998,0.661667,CHE,BRA,0575
383278,42,32,711,2013.0,43770300.0,0.0,-0.184556,-0.238657,CHL,BRA,0575
383279,43,32,711,2013.0,129463.0,0.0,1.24864,0.667713,CHN,BRA,0575
383280,44,32,711,2013.0,0.0,1602.0,-1.0025870000000001,-0.901658,CIV,BRA,0575
383281,59,32,711,2013.0,0.0,215043.0,1.829509,-0.41787700000000005,CZE,BRA,0575
383282,61,32,711,2013.0,0.0,13067932.0,2.1086869999999998,-3.7092,DEU,BRA,0575
383283,64,32,711,2013.0,0.0,197670.0,1.190302,1.062991,DNK,BRA,0575
383284,71,32,711,2013.0,479611.0,358366.0,0.955472,1.80005,ESP,BRA,0575
383285,72,32,711,2013.0,0.0,35714.0,0.923321,1.290016,EST,BRA,0575
383286,74,32,711,2013.0,0.0,829910.0,1.700282,0.867677,FIN,BRA,0575
383287,77,32,711,2013.0,5761.0,2235107.0,1.5253299999999999,0.026146,FRA,BRA,0575
383288,81,32,711,2013.0,0.0,29668390.0,1.628465,0.77075,GBR,BRA,0575
383289,89,32,711,2013.0,0.0,14633.0,-1.7984200000000001,-0.678832,GNQ,BRA,0575
383290,92,32,711,2013.0,0.0,7919.0,-1.119616,-0.802964,GRL,BRA,0575
383291,104,32,711,2013.0,94397.0,0.0,0.18186,2.647598,IND,BRA,0575
383292,106,32,711,2013.0,0.0,210235.0,1.32787,0.394579,IRL,BRA,0575
383293,107,32,711,2013.0,1930927.0,0.0,-0.23625100000000002,-0.256067,IRN,BRA,0575
383294,109,32,711,2013.0,0.0,126411.0,0.284089,-0.164097,ISL,BRA,0575
383295,111,32,711,2013.0,2362266.0,145176.0,1.419383,-0.304402,ITA,BRA,0575
383296,115,32,711,2013.0,0.0,22075.0,-0.9193819999999999,-0.734194,KAZ,BRA,0575
383297,122,32,711,2013.0,0.0,3667.0,-1.198985,-1.057248,KWT,BRA,0575
383298,130,32,711,2013.0,0.0,212233.0,0.677986,1.29227,LTU,BRA,0575
383299,131,32,711,2013.0,0.0,80373.0,1.0110190000000001,1.123226,LUX,BRA,0575
383300,138,32,711,2013.0,518163.0,0.0,1.2327219999999999,0.746108,MEX,BRA,0575
383301,162,32,711,2013.0,46379.0,45373008.0,1.012006,1.441545,NLD,BRA,0575
383302,163,32,711,2013.0,0.0,2778930.0,0.710901,0.062705,NOR,BRA,0575
383303,173,32,711,2013.0,1808732.0,0.0,-0.640044,0.121772,PER,BRA,0575
383304,177,32,711,2013.0,0.0,252334.0,1.11341,0.975734,POL,BRA,0575
383305,180,32,711,2013.0,0.0,185020.0,-0.560661,-0.822876,PRY,BRA,0575
383306,183,32,711,2013.0,0.0,8796.0,-0.583609,-1.003754,QAT,BRA,0575
383307,186,32,711,2013.0,0.0,171120.0,-0.08233,-0.267781,RUS,BRA,0575
383308,188,32,711,2013.0,0.0,21397.0,-0.14823599999999998,-0.883965,SAU,BRA,0575
383309,192,32,711,2013.0,43957.0,0.0,1.844685,0.639379,SGP,BRA,0575
383310,206,32,711,2013.0,0.0,294261.0,1.510052,0.7060310000000001,SVK,BRA,0575
383311,208,32,711,2013.0,0.0,2168128.0,1.7851290000000002,0.182623,SWE,BRA,0575
383312,224,32,711,2013.0,265820.0,0.0,0.580016,2.394812,TUR,BRA,0575
383313,228,32,711,2013.0,0.0,36752.0,0.535571,1.026263,UKR,BRA,0575
383314,230,32,711,2013.0,0.0,117124.0,0.128825,0.02334,URY,BRA,0575
383315,231,32,711,2013.0,1986943.0,6160456.0,1.612058,-0.8592989999999999,USA,BRA,0575
383316,232,32,711,2013.0,102422.0,0.0,-0.7076319999999999,-0.645674,UZB,BRA,0575
383317,246,32,711,2013.0,2275728.0,0.0,0.11624100000000001,1.574591,ZAF,BRA,0575
383318,42,33,711,2013.0,116321.0,0.0,-0.184556,-0.238657,CHL,BRB,0575
383319,43,33,711,2013.0,119254.0,0.0,1.24864,0.667713,CHN,BRB,0575
383320,49,33,711,2013.0,47151.0,0.0,0.034491,-0.36975,COL,BRB,0575
383321,81,33,711,2013.0,77399.0,0.0,1.628465,0.77075,GBR,BRB,0575
383322,97,33,711,2013.0,13164.0,0.0,0.791401,1.249845,HKG,BRB,0575
383323,104,33,711,2013.0,0.0,13608.0,0.18186,2.647598,IND,BRB,0575
383324,127,33,711,2013.0,0.0,2621.0,0.433648,-0.288346,LCA,BRB,0575
383325,138,33,711,2013.0,7967.0,0.0,1.2327219999999999,0.746108,MEX,BRB,0575
383326,173,33,711,2013.0,26109.0,0.0,-0.640044,0.121772,PER,BRB,0575
383327,224,33,711,2013.0,173329.0,0.0,0.580016,2.394812,TUR,BRB,0575
383328,231,33,711,2013.0,1059520.0,0.0,1.612058,-0.8592989999999999,USA,BRB,0575
383329,0,39,711,2013.0,0.0,2851.0,0.598533,0.032199,ABW,CAN,0575
383330,1,39,711,2013.0,146038.0,0.0,-0.767212,-0.6506069999999999,AFG,CAN,0575
383331,7,39,711,2013.0,56945.0,46046.0,-0.338417,-0.754102,ARE,CAN,0575
383332,8,39,711,2013.0,759380.0,0.0,0.042829,0.461002,ARG,CAN,0575
383333,13,39,711,2013.0,0.0,29046.0,0.25821500000000003,-0.383761,ATG,CAN,0575
383334,14,39,711,2013.0,411623.0,0.0,-0.63369,-0.276328,AUS,CAN,0575
383335,15,39,711,2013.0,2921.0,0.0,1.855434,-1.06494,AUT,CAN,0575
383336,32,39,711,2013.0,2249509.0,0.0,0.2804,0.649729,BRA,CAN,0575
383337,41,39,711,2013.0,31809.0,0.0,2.0899229999999998,0.661667,CHE,CAN,0575
383338,42,39,711,2013.0,94018976.0,0.0,-0.184556,-0.238657,CHL,CAN,0575
383339,43,39,711,2013.0,1304603.0,9743.0,1.24864,0.667713,CHN,CAN,0575
383340,48,39,711,2013.0,2906.0,0.0,0.630868,-0.151265,COK,CAN,0575
383341,49,39,711,2013.0,16835.0,0.0,0.034491,-0.36975,COL,CAN,0575
383342,54,39,711,2013.0,0.0,65565.0,-0.31053400000000003,-0.8534280000000001,CUB,CAN,0575
383343,55,39,711,2013.0,0.0,5791.0,-0.145402,-0.556962,CUW,CAN,0575
383344,61,39,711,2013.0,23252.0,0.0,2.1086869999999998,-3.7092,DEU,CAN,0575
383345,63,39,711,2013.0,0.0,3653.0,0.13787,-0.12528399999999998,DMA,CAN,0575
383346,64,39,711,2013.0,0.0,57825.0,1.190302,1.062991,DNK,CAN,0575
383347,65,39,711,2013.0,1239.0,0.0,-0.272579,0.42750699999999997,DOM,CAN,0575
383348,67,39,711,2013.0,3938.0,78186.0,-0.8251790000000001,-0.9347200000000001,ECU,CAN,0575
383349,68,39,711,2013.0,5844.0,0.0,-0.12015799999999999,1.793363,EGY,CAN,0575
383350,71,39,711,2013.0,983685.0,0.0,0.955472,1.80005,ESP,CAN,0575
383351,77,39,711,2013.0,0.0,23276.0,1.5253299999999999,0.026146,FRA,CAN,0575
383352,81,39,711,2013.0,44874.0,16918.0,1.628465,0.77075,GBR,CAN,0575
383353,82,39,711,2013.0,64386.0,0.0,-0.08343099999999999,-0.359692,GEO,CAN,0575
383354,90,39,711,2013.0,264938.0,0.0,0.073442,0.9857899999999999,GRC,CAN,0575
383355,91,39,711,2013.0,0.0,16656.0,0.04823,-0.473217,GRD,CAN,0575
383356,93,39,711,2013.0,110463.0,0.0,-0.220165,0.661111,GTM,CAN,0575
383357,96,39,711,2013.0,0.0,122759.0,-0.90241,-0.957449,GUY,CAN,0575
383358,97,39,711,2013.0,2506.0,872534.0,0.791401,1.249845,HKG,CAN,0575
383359,99,39,711,2013.0,81208.0,0.0,-0.6661060000000001,-0.38619699999999996,HND,CAN,0575
383360,104,39,711,2013.0,114217.0,0.0,0.18186,2.647598,IND,CAN,0575
383361,107,39,711,2013.0,2893783.0,0.0,-0.23625100000000002,-0.256067,IRN,CAN,0575
383362,108,39,711,2013.0,11471.0,0.0,-3.147217,-0.685991,IRQ,CAN,0575
383363,110,39,711,2013.0,0.0,44788.0,1.0247629999999999,0.8261639999999999,ISR,CAN,0575
383364,111,39,711,2013.0,1277025.0,0.0,1.419383,-0.304402,ITA,CAN,0575
383365,121,39,711,2013.0,64476.0,0.0,1.817145,0.835414,KOR,CAN,0575
383366,124,39,711,2013.0,1573.0,0.0,0.37392800000000004,1.413136,LBN,CAN,0575
383367,127,39,711,2013.0,0.0,18483.0,0.433648,-0.288346,LCA,CAN,0575
383368,131,39,711,2013.0,0.0,18880.0,1.0110190000000001,1.123226,LUX,CAN,0575
383369,138,39,711,2013.0,33198376.0,0.0,1.2327219999999999,0.746108,MEX,CAN,0575
383370,149,39,711,2013.0,0.0,2678.0,1.847968,0.658998,MSR,CAN,0575
383371,153,39,711,2013.0,0.0,23175.0,0.924532,0.671334,MYS,CAN,0575
383372,155,39,711,2013.0,6523.0,0.0,-0.316805,-0.38759099999999996,NAM,CAN,0575
383373,162,39,711,2013.0,14104.0,0.0,1.012006,1.441545,NLD,CAN,0575
383374,168,39,711,2013.0,22237.0,0.0,-0.697224,0.501576,PAK,CAN,0575
383375,173,39,711,2013.0,17496776.0,0.0,-0.640044,0.121772,PER,CAN,0575
383376,188,39,711,2013.0,51276.0,0.0,-0.14823599999999998,-0.883965,SAU,CAN,0575
383377,192,39,711,2013.0,0.0,213088.0,1.844685,0.639379,SGP,CAN,0575
383378,200,39,711,2013.0,0.0,4197.0,0.148119,-0.517878,SPM,CAN,0575
383379,206,39,711,2013.0,0.0,6044.0,1.510052,0.7060310000000001,SVK,CAN,0575
383380,208,39,711,2013.0,0.0,27429.0,1.7851290000000002,0.182623,SWE,CAN,0575
383381,222,39,711,2013.0,0.0,10700.0,-0.399437,-1.047864,TTO,CAN,0575
383382,224,39,711,2013.0,13333638.0,33917.0,0.580016,2.394812,TUR,CAN,0575
383383,231,39,711,2013.0,405907648.0,1713964.0,1.612058,-0.8592989999999999,USA,CAN,0575
383384,232,39,711,2013.0,50249.0,0.0,-0.7076319999999999,-0.645674,UZB,CAN,0575
383385,234,39,711,2013.0,0.0,3303.0,0.39042899999999997,-0.042089,VCT,CAN,0575
383386,239,39,711,2013.0,0.0,10267.0,0.009264,1.182368,VNM,CAN,0575
383387,246,39,711,2013.0,9472790.0,0.0,0.11624100000000001,1.574591,ZAF,CAN,0575
383388,249,39,711,2013.0,10570.0,0.0,1.7382849999999999,0.9917739999999999,TWN,CAN,0575
383389,1,41,711,2013.0,4367.0,0.0,-0.767212,-0.6506069999999999,AFG,CHE,0575
383390,7,41,711,2013.0,0.0,9321.0,-0.338417,-0.754102,ARE,CHE,0575
383391,8,41,711,2013.0,114362.0,0.0,0.042829,0.461002,ARG,CHE,0575
383392,15,41,711,2013.0,123105.0,109498.0,1.855434,-1.06494,AUT,CHE,0575
383393,18,41,711,2013.0,3836.0,120839.0,1.198491,1.117268,BEL,CHE,0575
383394,24,41,711,2013.0,0.0,30110.0,0.080634,-0.6828890000000001,BHR,CHE,0575
383395,31,41,711,2013.0,8670.0,0.0,-1.1429610000000001,-1.0076120000000002,BOL,CHE,0575
383396,32,41,711,2013.0,2010225.0,0.0,0.2804,0.649729,BRA,CHE,0575
383397,39,41,711,2013.0,0.0,31809.0,0.599305,1.193591,CAN,CHE,0575
383398,42,41,711,2013.0,2798325.0,0.0,-0.184556,-0.238657,CHL,CHE,0575
383399,43,41,711,2013.0,15448.0,0.0,1.24864,0.667713,CHN,CHE,0575
383400,52,41,711,2013.0,3705.0,0.0,0.208669,-0.54783,CRI,CHE,0575
383401,61,41,711,2013.0,4870594.0,258920.0,2.1086869999999998,-3.7092,DEU,CHE,0575
383402,64,41,711,2013.0,0.0,12990.0,1.190302,1.062991,DNK,CHE,0575
383403,68,41,711,2013.0,393029.0,0.0,-0.12015799999999999,1.793363,EGY,CHE,0575
383404,71,41,711,2013.0,340003.0,0.0,0.955472,1.80005,ESP,CHE,0575
383405,77,41,711,2013.0,8451154.0,201863.0,1.5253299999999999,0.026146,FRA,CHE,0575
383406,81,41,711,2013.0,16922.0,0.0,1.628465,0.77075,GBR,CHE,0575
383407,90,41,711,2013.0,1739178.0,0.0,0.073442,0.9857899999999999,GRC,CHE,0575
383408,99,41,711,2013.0,2177.0,0.0,-0.6661060000000001,-0.38619699999999996,HND,CHE,0575
383409,104,41,711,2013.0,138736.0,0.0,0.18186,2.647598,IND,CHE,0575
383410,106,41,711,2013.0,23641.0,12154.0,1.32787,0.394579,IRL,CHE,0575
383411,107,41,711,2013.0,19768.0,0.0,-0.23625100000000002,-0.256067,IRN,CHE,0575
383412,109,41,711,2013.0,0.0,9040.0,0.284089,-0.164097,ISL,CHE,0575
383413,110,41,711,2013.0,6898.0,0.0,1.0247629999999999,0.8261639999999999,ISR,CHE,0575
383414,111,41,711,2013.0,48139148.0,18920.0,1.419383,-0.304402,ITA,CHE,0575
383415,113,41,711,2013.0,0.0,2416.0,0.1888,0.596867,JOR,CHE,0575
383416,131,41,711,2013.0,0.0,11296.0,1.0110190000000001,1.123226,LUX,CHE,0575
383417,134,41,711,2013.0,51591.0,0.0,-0.474872,0.178118,MAR,CHE,0575
383418,138,41,711,2013.0,12460.0,0.0,1.2327219999999999,0.746108,MEX,CHE,0575
383419,155,41,711,2013.0,100963.0,0.0,-0.316805,-0.38759099999999996,NAM,CHE,0575
383420,162,41,711,2013.0,4214830.0,232699.0,1.012006,1.441545,NLD,CHE,0575
383421,168,41,711,2013.0,1712.0,0.0,-0.697224,0.501576,PAK,CHE,0575
383422,169,41,711,2013.0,1423.0,0.0,0.8719819999999999,1.038982,PAN,CHE,0575
383423,173,41,711,2013.0,773838.0,0.0,-0.640044,0.121772,PER,CHE,0575
383424,179,41,711,2013.0,90906.0,0.0,0.705087,2.2055580000000004,PRT,CHE,0575
383425,190,41,711,2013.0,0.0,2850.0,-1.224897,-1.059517,SDN,CHE,0575
383426,224,41,711,2013.0,5171234.0,59445.0,0.580016,2.394812,TUR,CHE,0575
383427,231,41,711,2013.0,5552041.0,0.0,1.612058,-0.8592989999999999,USA,CHE,0575
383428,246,41,711,2013.0,4698084.0,0.0,0.11624100000000001,1.574591,ZAF,CHE,0575
383429,1,42,711,2013.0,101810.0,0.0,-0.767212,-0.6506069999999999,AFG,CHL,0575
383430,7,42,711,2013.0,77941.0,5387216.0,-0.338417,-0.754102,ARE,CHL,0575
383431,8,42,711,2013.0,2319846.0,0.0,0.042829,0.461002,ARG,CHL,0575
383432,9,42,711,2013.0,0.0,108174.0,-0.159148,-0.515766,ARM,CHL,0575
383433,12,42,711,2013.0,0.0,741558.0,0.491782,-0.418646,ATF,CHL,0575
383434,13,42,711,2013.0,0.0,79683.0,0.25821500000000003,-0.383761,ATG,CHL,0575
383435,14,42,711,2013.0,0.0,1212120.0,-0.63369,-0.276328,AUS,CHL,0575
383436,15,42,711,2013.0,0.0,786328.0,1.855434,-1.06494,AUT,CHL,0575
383437,18,42,711,2013.0,0.0,2635806.0,1.198491,1.117268,BEL,CHL,0575
383438,19,42,711,2013.0,0.0,531180.0,-0.924213,-0.8181390000000001,BEN,CHL,0575
383439,23,42,711,2013.0,0.0,132210.0,0.622325,1.5506229999999999,BGR,CHL,0575
383440,24,42,711,2013.0,0.0,153827.0,0.080634,-0.6828890000000001,BHR,CHL,0575
383441,26,42,711,2013.0,0.0,2889.0,0.723658,0.9271879999999999,BIH,CHL,0575
383442,28,42,711,2013.0,0.0,174427.0,1.183522,0.934159,BLR,CHL,0575
383443,31,42,711,2013.0,0.0,916584.0,-1.1429610000000001,-1.0076120000000002,BOL,CHL,0575
383444,32,42,711,2013.0,0.0,43770300.0,0.2804,0.649729,BRA,CHL,0575
383445,33,42,711,2013.0,0.0,116321.0,0.607845,0.09196,BRB,CHL,0575
383446,39,42,711,2013.0,0.0,94018976.0,0.599305,1.193591,CAN,CHL,0575
383447,41,42,711,2013.0,0.0,2798325.0,2.0899229999999998,0.661667,CHE,CHL,0575
383448,43,42,711,2013.0,31028.0,181358288.0,1.24864,0.667713,CHN,CHL,0575
383449,44,42,711,2013.0,0.0,64392.0,-1.0025870000000001,-0.901658,CIV,CHL,0575
383450,45,42,711,2013.0,0.0,2100.0,-0.93575,-1.003851,CMR,CHL,0575
383451,47,42,711,2013.0,0.0,10679.0,-1.478461,-1.094509,COG,CHL,0575
383452,49,42,711,2013.0,55973.0,26478906.0,0.034491,-0.36975,COL,CHL,0575
383453,51,42,711,2013.0,0.0,11222.0,-0.28793,-0.5938319999999999,CPV,CHL,0575
383454,52,42,711,2013.0,0.0,4407040.0,0.208669,-0.54783,CRI,CHL,0575
383455,54,42,711,2013.0,0.0,150217.0,-0.31053400000000003,-0.8534280000000001,CUB,CHL,0575
383456,55,42,711,2013.0,0.0,15651.0,-0.145402,-0.556962,CUW,CHL,0575
383457,59,42,711,2013.0,0.0,436470.0,1.829509,-0.41787700000000005,CZE,CHL,0575
383458,61,42,711,2013.0,0.0,38867300.0,2.1086869999999998,-3.7092,DEU,CHL,0575
383459,64,42,711,2013.0,0.0,4599782.0,1.190302,1.062991,DNK,CHL,0575
383460,65,42,711,2013.0,0.0,1996443.0,-0.272579,0.42750699999999997,DOM,CHL,0575
383461,66,42,711,2013.0,0.0,345490.0,-1.53603,-1.104965,DZA,CHL,0575
383462,67,42,711,2013.0,0.0,17571620.0,-0.8251790000000001,-0.9347200000000001,ECU,CHL,0575
383463,68,42,711,2013.0,0.0,56886.0,-0.12015799999999999,1.793363,EGY,CHL,0575
383464,71,42,711,2013.0,71252.0,17139164.0,0.955472,1.80005,ESP,CHL,0575
383465,72,42,711,2013.0,0.0,566762.0,0.923321,1.290016,EST,CHL,0575
383466,74,42,711,2013.0,0.0,578340.0,1.700282,0.867677,FIN,CHL,0575
383467,77,42,711,2013.0,0.0,14017876.0,1.5253299999999999,0.026146,FRA,CHL,0575
383468,81,42,711,2013.0,0.0,98938816.0,1.628465,0.77075,GBR,CHL,0575
383469,82,42,711,2013.0,0.0,132021.0,-0.08343099999999999,-0.359692,GEO,CHL,0575
383470,83,42,711,2013.0,0.0,39492.0,-0.696971,-0.5807939999999999,GHA,CHL,0575
383471,90,42,711,2013.0,0.0,370904.0,0.073442,0.9857899999999999,GRC,CHL,0575
383472,92,42,711,2013.0,0.0,57486.0,-1.119616,-0.802964,GRL,CHL,0575
383473,93,42,711,2013.0,0.0,2471926.0,-0.220165,0.661111,GTM,CHL,0575
383474,96,42,711,2013.0,0.0,36625.0,-0.90241,-0.957449,GUY,CHL,0575
383475,97,42,711,2013.0,0.0,53816584.0,0.791401,1.249845,HKG,CHL,0575
383476,99,42,711,2013.0,0.0,2556940.0,-0.6661060000000001,-0.38619699999999996,HND,CHL,0575
383477,100,42,711,2013.0,0.0,2513.0,0.8737309999999999,1.276091,HRV,CHL,0575
383478,102,42,711,2013.0,0.0,172348.0,1.6962560000000002,0.45460600000000007,HUN,CHL,0575
383479,103,42,711,2013.0,0.0,3631282.0,-0.006876999999999999,1.8336569999999999,IDN,CHL,0575
383480,104,42,711,2013.0,0.0,754299.0,0.18186,2.647598,IND,CHL,0575
383481,106,42,711,2013.0,0.0,960434.0,1.32787,0.394579,IRL,CHL,0575
383482,108,42,711,2013.0,0.0,352791.0,-3.147217,-0.685991,IRQ,CHL,0575
383483,109,42,711,2013.0,0.0,307114.0,0.284089,-0.164097,ISL,CHL,0575
383484,111,42,711,2013.0,51439.0,9128460.0,1.419383,-0.304402,ITA,CHL,0575
383485,112,42,711,2013.0,0.0,60042.0,-0.364044,-0.744733,JAM,CHL,0575
383486,113,42,711,2013.0,0.0,85909.0,0.1888,0.596867,JOR,CHL,0575
383487,114,42,711,2013.0,0.0,26344268.0,2.333417,-0.818701,JPN,CHL,0575
383488,115,42,711,2013.0,0.0,38559.0,-0.9193819999999999,-0.734194,KAZ,CHL,0575
383489,118,42,711,2013.0,0.0,248264.0,-0.634876,-0.714886,KHM,CHL,0575
383490,121,42,711,2013.0,56386.0,115385424.0,1.817145,0.835414,KOR,CHL,0575
383491,122,42,711,2013.0,0.0,880884.0,-1.198985,-1.057248,KWT,CHL,0575
383492,124,42,711,2013.0,0.0,427903.0,0.37392800000000004,1.413136,LBN,CHL,0575
383493,126,42,711,2013.0,0.0,177899.0,-1.871593,-1.1211790000000001,LBY,CHL,0575
383494,130,42,711,2013.0,45095.0,3005855.0,0.677986,1.29227,LTU,CHL,0575
383495,131,42,711,2013.0,0.0,63681.0,1.0110190000000001,1.123226,LUX,CHL,0575
383496,132,42,711,2013.0,0.0,678853.0,0.652463,1.299917,LVA,CHL,0575
383497,134,42,711,2013.0,0.0,36000.0,-0.474872,0.178118,MAR,CHL,0575
383498,135,42,711,2013.0,0.0,33271.0,0.14256,0.33920700000000004,MDA,CHL,0575
383499,136,42,711,2013.0,0.0,8243.0,-0.786091,-0.611478,MDG,CHL,0575
383500,138,42,711,2013.0,191314.0,42617416.0,1.2327219999999999,0.746108,MEX,CHL,0575
383501,144,42,711,2013.0,0.0,28406.0,0.09597,-0.019953,MNE,CHL,0575
383502,145,42,711,2013.0,0.0,47723.0,-1.264785,-1.133222,MNG,CHL,0575
383503,151,42,711,2013.0,0.0,19927.0,-0.092312,0.050927,MUS,CHL,0575
383504,153,42,711,2013.0,0.0,5658470.0,0.924532,0.671334,MYS,CHL,0575
383505,156,42,711,2013.0,0.0,34010.0,-0.262882,-0.63858,NCL,CHL,0575
383506,159,42,711,2013.0,0.0,21087.0,-1.679402,-1.14686,NGA,CHL,0575
383507,160,42,711,2013.0,0.0,433998.0,-0.7956479999999999,-0.596061,NIC,CHL,0575
383508,162,42,711,2013.0,163258.0,134524368.0,1.012006,1.441545,NLD,CHL,0575
383509,163,42,711,2013.0,0.0,3234432.0,0.710901,0.062705,NOR,CHL,0575
383510,166,42,711,2013.0,0.0,3193196.0,0.192237,0.429825,NZL,CHL,0575
383511,167,42,711,2013.0,0.0,317156.0,-0.698693,-1.030814,OMN,CHL,0575
383512,169,42,711,2013.0,0.0,2913776.0,0.8719819999999999,1.038982,PAN,CHL,0575
383513,173,42,711,2013.0,96897.0,16873882.0,-0.640044,0.121772,PER,CHL,0575
383514,174,42,711,2013.0,0.0,6542416.0,0.639083,0.45816899999999994,PHL,CHL,0575
383515,177,42,711,2013.0,0.0,8013536.0,1.11341,0.975734,POL,CHL,0575
383516,179,42,711,2013.0,0.0,4576692.0,0.705087,2.2055580000000004,PRT,CHL,0575
383517,180,42,711,2013.0,0.0,13215.0,-0.560661,-0.822876,PRY,CHL,0575
383518,182,42,711,2013.0,0.0,96835.0,-0.118172,-0.620256,PYF,CHL,0575
383519,183,42,711,2013.0,0.0,224691.0,-0.583609,-1.003754,QAT,CHL,0575
383520,185,42,711,2013.0,0.0,84804.0,1.05722,1.0968799999999999,ROU,CHL,0575
383521,186,42,711,2013.0,0.0,67398816.0,-0.08233,-0.267781,RUS,CHL,0575
383522,188,42,711,2013.0,0.0,7247376.0,-0.14823599999999998,-0.883965,SAU,CHL,0575
383523,190,42,711,2013.0,0.0,62970.0,-1.224897,-1.059517,SDN,CHL,0575
383524,192,42,711,2013.0,0.0,2977099.0,1.844685,0.639379,SGP,CHL,0575
383525,197,42,711,2013.0,0.0,2564416.0,0.104046,0.46966,SLV,CHL,0575
383526,201,42,711,2013.0,0.0,5548.0,0.609755,1.355304,SRB,CHL,0575
383527,206,42,711,2013.0,0.0,625300.0,1.510052,0.7060310000000001,SVK,CHL,0575
383528,207,42,711,2013.0,0.0,100995.0,1.55922,0.565874,SVN,CHL,0575
383529,208,42,711,2013.0,0.0,658875.0,1.7851290000000002,0.182623,SWE,CHL,0575
383530,215,42,711,2013.0,0.0,9043.0,-0.532095,-0.434276,TGO,CHL,0575
383531,216,42,711,2013.0,0.0,6268943.0,1.067287,1.2767110000000002,THA,CHL,0575
383532,222,42,711,2013.0,0.0,480490.0,-0.399437,-1.047864,TTO,CHL,0575
383533,223,42,711,2013.0,0.0,189633.0,0.40154,0.902177,TUN,CHL,0575
383534,224,42,711,2013.0,0.0,2364338.0,0.580016,2.394812,TUR,CHL,0575
383535,228,42,711,2013.0,0.0,3300118.0,0.535571,1.026263,UKR,CHL,0575
383536,230,42,711,2013.0,0.0,975790.0,0.128825,0.02334,URY,CHL,0575
383537,231,42,711,2013.0,919075.0,734614144.0,1.612058,-0.8592989999999999,USA,CHL,0575
383538,234,42,711,2013.0,0.0,20745.0,0.39042899999999997,-0.042089,VCT,CHL,0575
383539,236,42,711,2013.0,0.0,12079076.0,-1.281202,-1.094268,VEN,CHL,0575
383540,239,42,711,2013.0,0.0,4445406.0,0.009264,1.182368,VNM,CHL,0575
383541,246,42,711,2013.0,180573.0,0.0,0.11624100000000001,1.574591,ZAF,CHL,0575
383542,249,42,711,2013.0,0.0,13215344.0,1.7382849999999999,0.9917739999999999,TWN,CHL,0575
383543,250,42,711,2013.0,75774.0,815233.0,0.583151,0.14238299999999998,ANS,CHL,0575
383544,7,43,711,2013.0,0.0,1877951.0,-0.338417,-0.754102,ARE,CHN,0575
383545,8,43,711,2013.0,178583.0,0.0,0.042829,0.461002,ARG,CHN,0575
383546,14,43,711,2013.0,11166986.0,5680104.0,-0.63369,-0.276328,AUS,CHN,0575
383547,18,43,711,2013.0,0.0,1893293.0,1.198491,1.117268,BEL,CHN,0575
383548,22,43,711,2013.0,0.0,3267630.0,-0.835666,-0.8088810000000001,BGD,CHN,0575
383549,24,43,711,2013.0,0.0,26577.0,0.080634,-0.6828890000000001,BHR,CHN,0575
383550,32,43,711,2013.0,0.0,129463.0,0.2804,0.649729,BRA,CHN,0575
383551,33,43,711,2013.0,0.0,119254.0,0.607845,0.09196,BRB,CHN,0575
383552,34,43,711,2013.0,0.0,48952.0,-1.664,-0.663172,BRN,CHN,0575
383553,39,43,711,2013.0,9743.0,1304603.0,0.599305,1.193591,CAN,CHN,0575
383554,41,43,711,2013.0,0.0,15448.0,2.0899229999999998,0.661667,CHE,CHN,0575
383555,42,43,711,2013.0,181358288.0,31028.0,-0.184556,-0.238657,CHL,CHN,0575
383556,45,43,711,2013.0,0.0,2681.0,-0.93575,-1.003851,CMR,CHN,0575
383557,49,43,711,2013.0,0.0,25738.0,0.034491,-0.36975,COL,CHN,0575
383558,52,43,711,2013.0,0.0,71020.0,0.208669,-0.54783,CRI,CHN,0575
383559,59,43,711,2013.0,0.0,37863.0,1.829509,-0.41787700000000005,CZE,CHN,0575
383560,61,43,711,2013.0,179109.0,5974730.0,2.1086869999999998,-3.7092,DEU,CHN,0575
383561,73,43,711,2013.0,0.0,2723.0,-1.1373090000000001,-0.89186,ETH,CHN,0575
383562,77,43,711,2013.0,0.0,285104.0,1.5253299999999999,0.026146,FRA,CHN,0575
383563,81,43,711,2013.0,191198.0,13609286.0,1.628465,0.77075,GBR,CHN,0575
383564,83,43,711,2013.0,0.0,6576.0,-0.696971,-0.5807939999999999,GHA,CHN,0575
383565,90,43,711,2013.0,31542.0,1095504.0,0.073442,0.9857899999999999,GRC,CHN,0575
383566,96,43,711,2013.0,0.0,44520.0,-0.90241,-0.957449,GUY,CHN,0575
383567,97,43,711,2013.0,73479880.0,1295644.0,0.791401,1.249845,HKG,CHN,0575
383568,103,43,711,2013.0,0.0,15355841.0,-0.006876999999999999,1.8336569999999999,IDN,CHN,0575
383569,104,43,711,2013.0,1496803.0,2601075.0,0.18186,2.647598,IND,CHN,0575
383570,106,43,711,2013.0,0.0,378006.0,1.32787,0.394579,IRL,CHN,0575
383571,107,43,711,2013.0,582787.0,0.0,-0.23625100000000002,-0.256067,IRN,CHN,0575
383572,110,43,711,2013.0,0.0,49229.0,1.0247629999999999,0.8261639999999999,ISR,CHN,0575
383573,111,43,711,2013.0,5162.0,644329.0,1.419383,-0.304402,ITA,CHN,0575
383574,112,43,711,2013.0,0.0,21422.0,-0.364044,-0.744733,JAM,CHN,0575
383575,114,43,711,2013.0,0.0,18757460.0,2.333417,-0.818701,JPN,CHN,0575
383576,115,43,711,2013.0,0.0,2937638.0,-0.9193819999999999,-0.734194,KAZ,CHN,0575
383577,116,43,711,2013.0,0.0,40211.0,-0.303119,0.626786,KEN,CHN,0575
383578,117,43,711,2013.0,71888.0,170462.0,0.25090500000000004,0.7357279999999999,KGZ,CHN,0575
383579,118,43,711,2013.0,0.0,2400.0,-0.634876,-0.714886,KHM,CHN,0575
383580,121,43,711,2013.0,0.0,50465.0,1.817145,0.835414,KOR,CHN,0575
383581,122,43,711,2013.0,0.0,3675.0,-1.198985,-1.057248,KWT,CHN,0575
383582,123,43,711,2013.0,1547728.0,74247.0,-0.907169,-0.587529,LAO,CHN,0575
383583,128,43,711,2013.0,0.0,1341458.0,-0.320583,0.44462399999999996,LKA,CHN,0575
383584,133,43,711,2013.0,0.0,96527.0,0.43873,0.275559,MAC,CHN,0575
383585,136,43,711,2013.0,0.0,3147.0,-0.786091,-0.611478,MDG,CHN,0575
383586,138,43,711,2013.0,12363448.0,0.0,1.2327219999999999,0.746108,MEX,CHN,0575
383587,143,43,711,2013.0,559855.0,659346.0,-1.147086,-0.6888989999999999,MMR,CHN,0575
383588,145,43,711,2013.0,0.0,338464.0,-1.264785,-1.133222,MNG,CHN,0575
383589,151,43,711,2013.0,0.0,3453.0,-0.092312,0.050927,MUS,CHN,0575
383590,153,43,711,2013.0,18138.0,19279760.0,0.924532,0.671334,MYS,CHN,0575
383591,157,43,711,2013.0,0.0,1496.0,-1.0008350000000001,-0.8325670000000001,NER,CHN,0575
383592,159,43,711,2013.0,24423.0,10823.0,-1.679402,-1.14686,NGA,CHN,0575
383593,162,43,711,2013.0,0.0,6375028.0,1.012006,1.441545,NLD,CHN,0575
383594,163,43,711,2013.0,0.0,47370.0,0.710901,0.062705,NOR,CHN,0575
383595,166,43,711,2013.0,0.0,1682260.0,0.192237,0.429825,NZL,CHN,0575
383596,168,43,711,2013.0,0.0,81365.0,-0.697224,0.501576,PAK,CHN,0575
383597,173,43,711,2013.0,72958344.0,6442.0,-0.640044,0.121772,PER,CHN,0575
383598,174,43,711,2013.0,0.0,1464752.0,0.639083,0.45816899999999994,PHL,CHN,0575
383599,177,43,711,2013.0,0.0,3245510.0,1.11341,0.975734,POL,CHN,0575
383600,178,43,711,2013.0,0.0,23918.0,-0.304923,-0.301578,PRK,CHN,0575
383601,183,43,711,2013.0,0.0,5145.0,-0.583609,-1.003754,QAT,CHN,0575
383602,186,43,711,2013.0,0.0,12411093.0,-0.08233,-0.267781,RUS,CHN,0575
383603,188,43,711,2013.0,26200.0,1205443.0,-0.14823599999999998,-0.883965,SAU,CHN,0575
383604,190,43,711,2013.0,0.0,33058.0,-1.224897,-1.059517,SDN,CHN,0575
383605,191,43,711,2013.0,0.0,197324.0,-0.566624,-0.185277,SEN,CHN,0575
383606,192,43,711,2013.0,0.0,425490.0,1.844685,0.639379,SGP,CHN,0575
383607,201,43,711,2013.0,0.0,26430.0,0.609755,1.355304,SRB,CHN,0575
383608,205,43,711,2013.0,0.0,1960.0,-0.25729,-0.651541,SUR,CHN,0575
383609,206,43,711,2013.0,0.0,85009.0,1.510052,0.7060310000000001,SVK,CHN,0575
383610,207,43,711,2013.0,0.0,19113.0,1.55922,0.565874,SVN,CHN,0575
383611,208,43,711,2013.0,0.0,48893.0,1.7851290000000002,0.182623,SWE,CHN,0575
383612,216,43,711,2013.0,36197.0,137808288.0,1.067287,1.2767110000000002,THA,CHN,0575
383613,220,43,711,2013.0,0.0,29435.0,-0.5989939999999999,-0.649891,TLS,CHN,0575
383614,222,43,711,2013.0,0.0,26897.0,-0.399437,-1.047864,TTO,CHN,0575
383615,224,43,711,2013.0,1250858.0,500442.0,0.580016,2.394812,TUR,CHN,0575
383616,226,43,711,2013.0,0.0,26542.0,-0.654655,0.903574,TZA,CHN,0575
383617,227,43,711,2013.0,0.0,6136.0,-0.46170100000000003,0.652878,UGA,CHN,0575
383618,228,43,711,2013.0,0.0,45724.0,0.535571,1.026263,UKR,CHN,0575
383619,231,43,711,2013.0,58106536.0,900447.0,1.612058,-0.8592989999999999,USA,CHN,0575
383620,232,43,711,2013.0,5277908.0,0.0,-0.7076319999999999,-0.645674,UZB,CHN,0575
383621,234,43,711,2013.0,0.0,1493.0,0.39042899999999997,-0.042089,VCT,CHN,0575
383622,239,43,711,2013.0,1017777.0,45576208.0,0.009264,1.182368,VNM,CHN,0575
383623,243,43,711,2013.0,0.0,217027.0,-1.2788700000000002,-1.230713,YEM,CHN,0575
383624,246,43,711,2013.0,20208252.0,0.0,0.11624100000000001,1.574591,ZAF,CHN,0575
383625,249,43,711,2013.0,2096859.0,845840.0,1.7382849999999999,0.9917739999999999,TWN,CHN,0575
383626,8,49,711,2013.0,3835450.0,0.0,0.042829,0.461002,ARG,COL,0575
383627,33,49,711,2013.0,0.0,47151.0,0.607845,0.09196,BRB,COL,0575
383628,39,49,711,2013.0,0.0,16835.0,0.599305,1.193591,CAN,COL,0575
383629,42,49,711,2013.0,26478906.0,55973.0,-0.184556,-0.238657,CHL,COL,0575
383630,43,49,711,2013.0,25738.0,0.0,1.24864,0.667713,CHN,COL,0575
383631,59,49,711,2013.0,0.0,3859.0,1.829509,-0.41787700000000005,CZE,COL,0575
383632,71,49,711,2013.0,507613.0,0.0,0.955472,1.80005,ESP,COL,0575
383633,77,49,711,2013.0,0.0,1318.0,1.5253299999999999,0.026146,FRA,COL,0575
383634,99,49,711,2013.0,0.0,28763.0,-0.6661060000000001,-0.38619699999999996,HND,COL,0575
383635,104,49,711,2013.0,132949.0,0.0,0.18186,2.647598,IND,COL,0575
383636,107,49,711,2013.0,21556.0,0.0,-0.23625100000000002,-0.256067,IRN,COL,0575
383637,111,49,711,2013.0,563621.0,0.0,1.419383,-0.304402,ITA,COL,0575
383638,124,49,711,2013.0,1036.0,0.0,0.37392800000000004,1.413136,LBN,COL,0575
383639,138,49,711,2013.0,22020.0,0.0,1.2327219999999999,0.746108,MEX,COL,0575
383640,163,49,711,2013.0,0.0,6603.0,0.710901,0.062705,NOR,COL,0575
383641,173,49,711,2013.0,9197776.0,0.0,-0.640044,0.121772,PER,COL,0575
383642,197,49,711,2013.0,0.0,26728.0,0.104046,0.46966,SLV,COL,0575
383643,224,49,711,2013.0,102605.0,0.0,0.580016,2.394812,TUR,COL,0575
383644,231,49,711,2013.0,10973290.0,0.0,1.612058,-0.8592989999999999,USA,COL,0575
383645,232,49,711,2013.0,156996.0,0.0,-0.7076319999999999,-0.645674,UZB,COL,0575
383646,246,49,711,2013.0,13383.0,0.0,0.11624100000000001,1.574591,ZAF,COL,0575
383647,8,52,711,2013.0,274452.0,0.0,0.042829,0.461002,ARG,CRI,0575
383648,41,52,711,2013.0,0.0,3705.0,2.0899229999999998,0.661667,CHE,CRI,0575
383649,42,52,711,2013.0,4407040.0,0.0,-0.184556,-0.238657,CHL,CRI,0575
383650,43,52,711,2013.0,71020.0,0.0,1.24864,0.667713,CHN,CRI,0575
383651,61,52,711,2013.0,0.0,18299.0,2.1086869999999998,-3.7092,DEU,CRI,0575
383652,71,52,711,2013.0,0.0,21968.0,0.955472,1.80005,ESP,CRI,0575
383653,77,52,711,2013.0,0.0,2173.0,1.5253299999999999,0.026146,FRA,CRI,0575
383654,93,52,711,2013.0,40761.0,0.0,-0.220165,0.661111,GTM,CRI,0575
383655,99,52,711,2013.0,0.0,171708.0,-0.6661060000000001,-0.38619699999999996,HND,CRI,0575
383656,106,52,711,2013.0,0.0,16693.0,1.32787,0.394579,IRL,CRI,0575
383657,138,52,711,2013.0,590044.0,0.0,1.2327219999999999,0.746108,MEX,CRI,0575
383658,160,52,711,2013.0,0.0,313633.0,-0.7956479999999999,-0.596061,NIC,CRI,0575
383659,162,52,711,2013.0,0.0,13556.0,1.012006,1.441545,NLD,CRI,0575
383660,163,52,711,2013.0,0.0,11341.0,0.710901,0.062705,NOR,CRI,0575
383661,173,52,711,2013.0,1056806.0,0.0,-0.640044,0.121772,PER,CRI,0575
383662,177,52,711,2013.0,0.0,36012.0,1.11341,0.975734,POL,CRI,0575
383663,179,52,711,2013.0,0.0,34142.0,0.705087,2.2055580000000004,PRT,CRI,0575
383664,197,52,711,2013.0,5458.0,0.0,0.104046,0.46966,SLV,CRI,0575
383665,231,52,711,2013.0,9067522.0,0.0,1.612058,-0.8592989999999999,USA,CRI,0575
383666,8,55,711,2013.0,77250.0,0.0,0.042829,0.461002,ARG,CUW,0575
383667,18,55,711,2013.0,4325.0,0.0,1.198491,1.117268,BEL,CUW,0575
383668,39,55,711,2013.0,5791.0,0.0,0.599305,1.193591,CAN,CUW,0575
383669,42,55,711,2013.0,15651.0,0.0,-0.184556,-0.238657,CHL,CUW,0575
383670,67,55,711,2013.0,32401.0,0.0,-0.8251790000000001,-0.9347200000000001,ECU,CUW,0575
383671,111,55,711,2013.0,6639.0,0.0,1.419383,-0.304402,ITA,CUW,0575
383672,162,55,711,2013.0,78592.0,0.0,1.012006,1.441545,NLD,CUW,0575
383673,173,55,711,2013.0,29729.0,0.0,-0.640044,0.121772,PER,CUW,0575
383674,231,55,711,2013.0,232977.0,0.0,1.612058,-0.8592989999999999,USA,CUW,0575
383675,8,59,711,2013.0,813651.0,0.0,0.042829,0.461002,ARG,CZE,0575
383676,15,59,711,2013.0,145908.0,43622.0,1.855434,-1.06494,AUT,CZE,0575
383677,18,59,711,2013.0,19387.0,0.0,1.198491,1.117268,BEL,CZE,0575
383678,23,59,711,2013.0,28713.0,4377.0,0.622325,1.5506229999999999,BGR,CZE,0575
383679,32,59,711,2013.0,215043.0,0.0,0.2804,0.649729,BRA,CZE,0575
383680,42,59,711,2013.0,436470.0,0.0,-0.184556,-0.238657,CHL,CZE,0575
383681,43,59,711,2013.0,37863.0,0.0,1.24864,0.667713,CHN,CZE,0575
383682,44,59,711,2013.0,14523.0,0.0,-1.0025870000000001,-0.901658,CIV,CZE,0575
383683,49,59,711,2013.0,3859.0,0.0,0.034491,-0.36975,COL,CZE,0575
383684,61,59,711,2013.0,12812466.0,32461.0,2.1086869999999998,-3.7092,DEU,CZE,0575
383685,64,59,711,2013.0,10059.0,0.0,1.190302,1.062991,DNK,CZE,0575
383686,68,59,711,2013.0,626980.0,0.0,-0.12015799999999999,1.793363,EGY,CZE,0575
383687,71,59,711,2013.0,443657.0,7791.0,0.955472,1.80005,ESP,CZE,0575
383688,77,59,711,2013.0,176589.0,0.0,1.5253299999999999,0.026146,FRA,CZE,0575
383689,81,59,711,2013.0,16116.0,0.0,1.628465,0.77075,GBR,CZE,0575
383690,90,59,711,2013.0,1825080.0,44347.0,0.073442,0.9857899999999999,GRC,CZE,0575
383691,100,59,711,2013.0,0.0,47369.0,0.8737309999999999,1.276091,HRV,CZE,0575
383692,102,59,711,2013.0,497118.0,496167.0,1.6962560000000002,0.45460600000000007,HUN,CZE,0575
383693,104,59,711,2013.0,2859343.0,0.0,0.18186,2.647598,IND,CZE,0575
383694,107,59,711,2013.0,1707102.0,0.0,-0.23625100000000002,-0.256067,IRN,CZE,0575
383695,110,59,711,2013.0,241014.0,0.0,1.0247629999999999,0.8261639999999999,ISR,CZE,0575
383696,111,59,711,2013.0,28969566.0,31983.0,1.419383,-0.304402,ITA,CZE,0575
383697,132,59,711,2013.0,140925.0,0.0,0.652463,1.299917,LVA,CZE,0575
383698,134,59,711,2013.0,45024.0,0.0,-0.474872,0.178118,MAR,CZE,0575
383699,135,59,711,2013.0,41223.0,0.0,0.14256,0.33920700000000004,MDA,CZE,0575
383700,140,59,711,2013.0,229238.0,0.0,-0.127775,0.21915900000000002,MKD,CZE,0575
383701,155,59,711,2013.0,296015.0,0.0,-0.316805,-0.38759099999999996,NAM,CZE,0575
383702,162,59,711,2013.0,22430186.0,171862.0,1.012006,1.441545,NLD,CZE,0575
383703,163,59,711,2013.0,0.0,2781.0,0.710901,0.062705,NOR,CZE,0575
383704,169,59,711,2013.0,7046.0,0.0,0.8719819999999999,1.038982,PAN,CZE,0575
383705,173,59,711,2013.0,1176460.0,0.0,-0.640044,0.121772,PER,CZE,0575
383706,177,59,711,2013.0,367305.0,1654849.0,1.11341,0.975734,POL,CZE,0575
383707,185,59,711,2013.0,40133.0,705145.0,1.05722,1.0968799999999999,ROU,CZE,0575
383708,191,59,711,2013.0,49654.0,0.0,-0.566624,-0.185277,SEN,CZE,0575
383709,206,59,711,2013.0,2747787.0,7781216.0,1.510052,0.7060310000000001,SVK,CZE,0575
383710,207,59,711,2013.0,0.0,10860.0,1.55922,0.565874,SVN,CZE,0575
383711,224,59,711,2013.0,1893208.0,0.0,0.580016,2.394812,TUR,CZE,0575
383712,228,59,711,2013.0,0.0,3902.0,0.535571,1.026263,UKR,CZE,0575
383713,231,59,711,2013.0,203035.0,0.0,1.612058,-0.8592989999999999,USA,CZE,0575
383714,232,59,711,2013.0,58762.0,0.0,-0.7076319999999999,-0.645674,UZB,CZE,0575
383715,246,59,711,2013.0,3156743.0,0.0,0.11624100000000001,1.574591,ZAF,CZE,0575
383716,1,61,711,2013.0,721374.0,0.0,-0.767212,-0.6506069999999999,AFG,DEU,0575
383717,7,61,711,2013.0,0.0,10781.0,-0.338417,-0.754102,ARE,DEU,0575
383718,8,61,711,2013.0,6946147.0,0.0,0.042829,0.461002,ARG,DEU,0575
383719,13,61,711,2013.0,9506.0,0.0,0.25821500000000003,-0.383761,ATG,DEU,0575
383720,14,61,711,2013.0,1846202.0,0.0,-0.63369,-0.276328,AUS,DEU,0575
383721,15,61,711,2013.0,8089383.0,29505874.0,1.855434,-1.06494,AUT,DEU,0575
383722,18,61,711,2013.0,8853343.0,3305681.0,1.198491,1.117268,BEL,DEU,0575
383723,23,61,711,2013.0,39151.0,80538.0,0.622325,1.5506229999999999,BGR,DEU,0575
383724,24,61,711,2013.0,0.0,2895.0,0.080634,-0.6828890000000001,BHR,DEU,0575
383725,26,61,711,2013.0,0.0,2128.0,0.723658,0.9271879999999999,BIH,DEU,0575
383726,31,61,711,2013.0,1775.0,0.0,-1.1429610000000001,-1.0076120000000002,BOL,DEU,0575
383727,32,61,711,2013.0,13067932.0,0.0,0.2804,0.649729,BRA,DEU,0575
383728,38,61,711,2013.0,8861.0,0.0,-0.476127,-0.58096,CAF,DEU,0575
383729,39,61,711,2013.0,0.0,23252.0,0.599305,1.193591,CAN,DEU,0575
383730,41,61,711,2013.0,258920.0,4870594.0,2.0899229999999998,0.661667,CHE,DEU,0575
383731,42,61,711,2013.0,38867300.0,0.0,-0.184556,-0.238657,CHL,DEU,0575
383732,43,61,711,2013.0,5974730.0,179109.0,1.24864,0.667713,CHN,DEU,0575
383733,44,61,711,2013.0,0.0,1599.0,-1.0025870000000001,-0.901658,CIV,DEU,0575
383734,45,61,711,2013.0,2890.0,0.0,-0.93575,-1.003851,CMR,DEU,0575
383735,52,61,711,2013.0,18299.0,0.0,0.208669,-0.54783,CRI,DEU,0575
383736,58,61,711,2013.0,760779.0,144102.0,0.36482800000000004,0.527544,CYP,DEU,0575
383737,59,61,711,2013.0,32461.0,12812466.0,1.829509,-0.41787700000000005,CZE,DEU,0575
383738,64,61,711,2013.0,778432.0,7418216.0,1.190302,1.062991,DNK,DEU,0575
383739,65,61,711,2013.0,0.0,26647.0,-0.272579,0.42750699999999997,DOM,DEU,0575
383740,68,61,711,2013.0,18926726.0,32830.0,-0.12015799999999999,1.793363,EGY,DEU,0575
383741,71,61,711,2013.0,49256260.0,1364736.0,0.955472,1.80005,ESP,DEU,0575
383742,72,61,711,2013.0,2181.0,53084.0,0.923321,1.290016,EST,DEU,0575
383743,74,61,711,2013.0,0.0,5025800.0,1.700282,0.867677,FIN,DEU,0575
383744,77,61,711,2013.0,6793770.0,4338453.0,1.5253299999999999,0.026146,FRA,DEU,0575
383745,81,61,711,2013.0,1488220.0,3805756.0,1.628465,0.77075,GBR,DEU,0575
383746,82,61,711,2013.0,0.0,4642.0,-0.08343099999999999,-0.359692,GEO,DEU,0575
383747,90,61,711,2013.0,71884264.0,302820.0,0.073442,0.9857899999999999,GRC,DEU,0575
383748,97,61,711,2013.0,0.0,9627.0,0.791401,1.249845,HKG,DEU,0575
383749,100,61,711,2013.0,0.0,260222.0,0.8737309999999999,1.276091,HRV,DEU,0575
383750,102,61,711,2013.0,0.0,732381.0,1.6962560000000002,0.45460600000000007,HUN,DEU,0575
383751,104,61,711,2013.0,7944480.0,0.0,0.18186,2.647598,IND,DEU,0575
383752,106,61,711,2013.0,478700.0,5709130.0,1.32787,0.394579,IRL,DEU,0575
383753,107,61,711,2013.0,8067897.0,0.0,-0.23625100000000002,-0.256067,IRN,DEU,0575
383754,109,61,711,2013.0,0.0,410595.0,0.284089,-0.164097,ISL,DEU,0575
383755,110,61,711,2013.0,615033.0,0.0,1.0247629999999999,0.8261639999999999,ISR,DEU,0575
383756,111,61,711,2013.0,217550176.0,2735890.0,1.419383,-0.304402,ITA,DEU,0575
383757,113,61,711,2013.0,0.0,4571.0,0.1888,0.596867,JOR,DEU,0575
383758,114,61,711,2013.0,0.0,10733.0,2.333417,-0.818701,JPN,DEU,0575
383759,115,61,711,2013.0,0.0,14400.0,-0.9193819999999999,-0.734194,KAZ,DEU,0575
383760,116,61,711,2013.0,0.0,1465.0,-0.303119,0.626786,KEN,DEU,0575
383761,121,61,711,2013.0,0.0,21241.0,1.817145,0.835414,KOR,DEU,0575
383762,122,61,711,2013.0,0.0,2204.0,-1.198985,-1.057248,KWT,DEU,0575
383763,124,61,711,2013.0,338906.0,0.0,0.37392800000000004,1.413136,LBN,DEU,0575
383764,125,61,711,2013.0,0.0,1848.0,-0.8343229999999999,-0.992129,LBR,DEU,0575
383765,130,61,711,2013.0,83622.0,1060608.0,0.677986,1.29227,LTU,DEU,0575
383766,131,61,711,2013.0,113135.0,229969.0,1.0110190000000001,1.123226,LUX,DEU,0575
383767,132,61,711,2013.0,0.0,40389.0,0.652463,1.299917,LVA,DEU,0575
383768,134,61,711,2013.0,3672982.0,0.0,-0.474872,0.178118,MAR,DEU,0575
383769,135,61,711,2013.0,0.0,5178.0,0.14256,0.33920700000000004,MDA,DEU,0575
383770,137,61,711,2013.0,0.0,17981.0,-0.510204,-0.740372,MDV,DEU,0575
383771,141,61,711,2013.0,0.0,1609.0,-1.046677,-0.980809,MLI,DEU,0575
383772,142,61,711,2013.0,0.0,15139.0,0.710108,-0.014586000000000002,MLT,DEU,0575
383773,144,61,711,2013.0,0.0,1703.0,0.09597,-0.019953,MNE,DEU,0575
383774,145,61,711,2013.0,0.0,60610.0,-1.264785,-1.133222,MNG,DEU,0575
383775,153,61,711,2013.0,0.0,1007.0,0.924532,0.671334,MYS,DEU,0575
383776,155,61,711,2013.0,8693322.0,0.0,-0.316805,-0.38759099999999996,NAM,DEU,0575
383777,159,61,711,2013.0,0.0,30526.0,-1.679402,-1.14686,NGA,DEU,0575
383778,162,61,711,2013.0,248043616.0,7038454.0,1.012006,1.441545,NLD,DEU,0575
383779,163,61,711,2013.0,95542.0,326024.0,0.710901,0.062705,NOR,DEU,0575
383780,166,61,711,2013.0,4812.0,0.0,0.192237,0.429825,NZL,DEU,0575
383781,168,61,711,2013.0,37775.0,0.0,-0.697224,0.501576,PAK,DEU,0575
383782,169,61,711,2013.0,3068.0,0.0,0.8719819999999999,1.038982,PAN,DEU,0575
383783,173,61,711,2013.0,9529811.0,0.0,-0.640044,0.121772,PER,DEU,0575
383784,174,61,711,2013.0,0.0,10837.0,0.639083,0.45816899999999994,PHL,DEU,0575
383785,177,61,711,2013.0,173619.0,19902564.0,1.11341,0.975734,POL,DEU,0575
383786,179,61,711,2013.0,381458.0,297554.0,0.705087,2.2055580000000004,PRT,DEU,0575
383787,185,61,711,2013.0,3076.0,313919.0,1.05722,1.0968799999999999,ROU,DEU,0575
383788,186,61,711,2013.0,0.0,311764.0,-0.08233,-0.267781,RUS,DEU,0575
383789,192,61,711,2013.0,0.0,6857.0,1.844685,0.639379,SGP,DEU,0575
383790,201,61,711,2013.0,5881.0,44439.0,0.609755,1.355304,SRB,DEU,0575
383791,206,61,711,2013.0,456443.0,4838758.0,1.510052,0.7060310000000001,SVK,DEU,0575
383792,207,61,711,2013.0,0.0,365274.0,1.55922,0.565874,SVN,DEU,0575
383793,208,61,711,2013.0,162075.0,2830022.0,1.7851290000000002,0.182623,SWE,DEU,0575
383794,212,61,711,2013.0,0.0,1192.0,-0.09157699999999999,1.1795950000000002,SYR,DEU,0575
383795,224,61,711,2013.0,99159440.0,486211.0,0.580016,2.394812,TUR,DEU,0575
383796,228,61,711,2013.0,0.0,311645.0,0.535571,1.026263,UKR,DEU,0575
383797,231,61,711,2013.0,32182532.0,12853.0,1.612058,-0.8592989999999999,USA,DEU,0575
383798,232,61,711,2013.0,238880.0,122667.0,-0.7076319999999999,-0.645674,UZB,DEU,0575
383799,239,61,711,2013.0,0.0,29235.0,0.009264,1.182368,VNM,DEU,0575
383800,246,61,711,2013.0,41428200.0,1865.0,0.11624100000000001,1.574591,ZAF,DEU,0575
383801,249,61,711,2013.0,0.0,1733.0,1.7382849999999999,0.9917739999999999,TWN,DEU,0575
383802,250,61,711,2013.0,0.0,237151.0,0.583151,0.14238299999999998,ANS,DEU,0575
383803,1,64,711,2013.0,57135.0,0.0,-0.767212,-0.6506069999999999,AFG,DNK,0575
383804,8,64,711,2013.0,42282.0,0.0,0.042829,0.461002,ARG,DNK,0575
383805,15,64,711,2013.0,5515.0,0.0,1.855434,-1.06494,AUT,DNK,0575
383806,18,64,711,2013.0,184911.0,33110.0,1.198491,1.117268,BEL,DNK,0575
383807,32,64,711,2013.0,197670.0,0.0,0.2804,0.649729,BRA,DNK,0575
383808,39,64,711,2013.0,57825.0,0.0,0.599305,1.193591,CAN,DNK,0575
383809,41,64,711,2013.0,12990.0,0.0,2.0899229999999998,0.661667,CHE,DNK,0575
383810,42,64,711,2013.0,4599782.0,0.0,-0.184556,-0.238657,CHL,DNK,0575
383811,59,64,711,2013.0,0.0,10059.0,1.829509,-0.41787700000000005,CZE,DNK,0575
383812,61,64,711,2013.0,7418216.0,778432.0,2.1086869999999998,-3.7092,DEU,DNK,0575
383813,68,64,711,2013.0,168020.0,0.0,-0.12015799999999999,1.793363,EGY,DNK,0575
383814,71,64,711,2013.0,7456364.0,4833.0,0.955472,1.80005,ESP,DNK,0575
383815,72,64,711,2013.0,3179.0,130762.0,0.923321,1.290016,EST,DNK,0575
383816,74,64,711,2013.0,1519.0,339463.0,1.700282,0.867677,FIN,DNK,0575
383817,77,64,711,2013.0,11484.0,48912.0,1.5253299999999999,0.026146,FRA,DNK,0575
383818,78,64,711,2013.0,0.0,632692.0,-1.059294,-0.799578,FRO,DNK,0575
383819,81,64,711,2013.0,632114.0,517137.0,1.628465,0.77075,GBR,DNK,0575
383820,90,64,711,2013.0,1710744.0,297270.0,0.073442,0.9857899999999999,GRC,DNK,0575
383821,92,64,711,2013.0,0.0,998448.0,-1.119616,-0.802964,GRL,DNK,0575
383822,102,64,711,2013.0,4774.0,138723.0,1.6962560000000002,0.45460600000000007,HUN,DNK,0575
383823,104,64,711,2013.0,1950383.0,0.0,0.18186,2.647598,IND,DNK,0575
383824,106,64,711,2013.0,11636.0,1271.0,1.32787,0.394579,IRL,DNK,0575
383825,107,64,711,2013.0,186806.0,0.0,-0.23625100000000002,-0.256067,IRN,DNK,0575
383826,109,64,711,2013.0,0.0,517050.0,0.284089,-0.164097,ISL,DNK,0575
383827,111,64,711,2013.0,8010380.0,8367.0,1.419383,-0.304402,ITA,DNK,0575
383828,130,64,711,2013.0,7015.0,0.0,0.677986,1.29227,LTU,DNK,0575
383829,131,64,711,2013.0,0.0,1022.0,1.0110190000000001,1.123226,LUX,DNK,0575
383830,132,64,711,2013.0,1742.0,9194.0,0.652463,1.299917,LVA,DNK,0575
383831,155,64,711,2013.0,7522.0,0.0,-0.316805,-0.38759099999999996,NAM,DNK,0575
383832,162,64,711,2013.0,37643184.0,1372662.0,1.012006,1.441545,NLD,DNK,0575
383833,163,64,711,2013.0,43492.0,40042.0,0.710901,0.062705,NOR,DNK,0575
383834,173,64,711,2013.0,467889.0,0.0,-0.640044,0.121772,PER,DNK,0575
383835,174,64,711,2013.0,0.0,8267.0,0.639083,0.45816899999999994,PHL,DNK,0575
383836,177,64,711,2013.0,8955.0,151280.0,1.11341,0.975734,POL,DNK,0575
383837,185,64,711,2013.0,9127.0,0.0,1.05722,1.0968799999999999,ROU,DNK,0575
383838,206,64,711,2013.0,4263.0,0.0,1.510052,0.7060310000000001,SVK,DNK,0575
383839,208,64,711,2013.0,5988305.0,6810213.0,1.7851290000000002,0.182623,SWE,DNK,0575
383840,216,64,711,2013.0,0.0,8289.0,1.067287,1.2767110000000002,THA,DNK,0575
383841,224,64,711,2013.0,1566365.0,5489.0,0.580016,2.394812,TUR,DNK,0575
383842,231,64,711,2013.0,8642708.0,0.0,1.612058,-0.8592989999999999,USA,DNK,0575
383843,246,64,711,2013.0,1669589.0,0.0,0.11624100000000001,1.574591,ZAF,DNK,0575
383844,8,65,711,2013.0,861905.0,0.0,0.042829,0.461002,ARG,DOM,0575
383845,39,65,711,2013.0,0.0,1239.0,0.599305,1.193591,CAN,DOM,0575
383846,42,65,711,2013.0,1996443.0,0.0,-0.184556,-0.238657,CHL,DOM,0575
383847,61,65,711,2013.0,26647.0,0.0,2.1086869999999998,-3.7092,DEU,DOM,0575
383848,101,65,711,2013.0,0.0,6081.0,-0.627783,-0.8605309999999999,HTI,DOM,0575
383849,112,65,711,2013.0,0.0,11488.0,-0.364044,-0.744733,JAM,DOM,0575
383850,224,65,711,2013.0,30952.0,0.0,0.580016,2.394812,TUR,DOM,0575
383851,231,65,711,2013.0,11431318.0,18708.0,1.612058,-0.8592989999999999,USA,DOM,0575
383852,8,67,711,2013.0,78849.0,0.0,0.042829,0.461002,ARG,ECU,0575
383853,39,67,711,2013.0,78186.0,3938.0,0.599305,1.193591,CAN,ECU,0575
383854,42,67,711,2013.0,17571620.0,0.0,-0.184556,-0.238657,CHL,ECU,0575
383855,55,67,711,2013.0,0.0,32401.0,-0.145402,-0.556962,CUW,ECU,0575
383856,81,67,711,2013.0,0.0,23623.0,1.628465,0.77075,GBR,ECU,0575
383857,138,67,711,2013.0,55931.0,0.0,1.2327219999999999,0.746108,MEX,ECU,0575
383858,162,67,711,2013.0,0.0,70848.0,1.012006,1.441545,NLD,ECU,0575
383859,173,67,711,2013.0,3133013.0,0.0,-0.640044,0.121772,PER,ECU,0575
383860,177,67,711,2013.0,0.0,40114.0,1.11341,0.975734,POL,ECU,0575
383861,190,67,711,2013.0,0.0,2119.0,-1.224897,-1.059517,SDN,ECU,0575
383862,231,67,711,2013.0,7192296.0,17019.0,1.612058,-0.8592989999999999,USA,ECU,0575
383863,2,71,711,2013.0,0.0,326530.0,-1.240877,-1.073797,AGO,ESP,0575
383864,5,71,711,2013.0,0.0,123317.0,0.874025,0.09135599999999999,AND,ESP,0575
383865,7,71,711,2013.0,1496372.0,2663411.0,-0.338417,-0.754102,ARE,ESP,0575
383866,8,71,711,2013.0,1168212.0,0.0,0.042829,0.461002,ARG,ESP,0575
383867,15,71,711,2013.0,0.0,1197074.0,1.855434,-1.06494,AUT,ESP,0575
383868,18,71,711,2013.0,194142.0,2719920.0,1.198491,1.117268,BEL,ESP,0575
383869,21,71,711,2013.0,0.0,19658.0,-0.7231029999999999,-0.736291,BFA,ESP,0575
383870,23,71,711,2013.0,0.0,27482.0,0.622325,1.5506229999999999,BGR,ESP,0575
383871,24,71,711,2013.0,0.0,17057.0,0.080634,-0.6828890000000001,BHR,ESP,0575
383872,26,71,711,2013.0,0.0,17581.0,0.723658,0.9271879999999999,BIH,ESP,0575
383873,28,71,711,2013.0,0.0,726092.0,1.183522,0.934159,BLR,ESP,0575
383874,32,71,711,2013.0,358366.0,479611.0,0.2804,0.649729,BRA,ESP,0575
383875,39,71,711,2013.0,0.0,983685.0,0.599305,1.193591,CAN,ESP,0575
383876,41,71,711,2013.0,0.0,340003.0,2.0899229999999998,0.661667,CHE,ESP,0575
383877,42,71,711,2013.0,17139164.0,71252.0,-0.184556,-0.238657,CHL,ESP,0575
383878,44,71,711,2013.0,0.0,303610.0,-1.0025870000000001,-0.901658,CIV,ESP,0575
383879,45,71,711,2013.0,0.0,8955.0,-0.93575,-1.003851,CMR,ESP,0575
383880,47,71,711,2013.0,0.0,7568.0,-1.478461,-1.094509,COG,ESP,0575
383881,49,71,711,2013.0,0.0,507613.0,0.034491,-0.36975,COL,ESP,0575
383882,51,71,711,2013.0,0.0,6766.0,-0.28793,-0.5938319999999999,CPV,ESP,0575
383883,52,71,711,2013.0,21968.0,0.0,0.208669,-0.54783,CRI,ESP,0575
383884,54,71,711,2013.0,0.0,13820.0,-0.31053400000000003,-0.8534280000000001,CUB,ESP,0575
383885,58,71,711,2013.0,0.0,10629.0,0.36482800000000004,0.527544,CYP,ESP,0575
383886,59,71,711,2013.0,7791.0,443657.0,1.829509,-0.41787700000000005,CZE,ESP,0575
383887,61,71,711,2013.0,1364736.0,49256260.0,2.1086869999999998,-3.7092,DEU,ESP,0575
383888,64,71,711,2013.0,4833.0,7456364.0,1.190302,1.062991,DNK,ESP,0575
383889,66,71,711,2013.0,0.0,6265890.0,-1.53603,-1.104965,DZA,ESP,0575
383890,68,71,711,2013.0,82019.0,22628.0,-0.12015799999999999,1.793363,EGY,ESP,0575
383891,72,71,711,2013.0,0.0,70415.0,0.923321,1.290016,EST,ESP,0575
383892,74,71,711,2013.0,0.0,6336770.0,1.700282,0.867677,FIN,ESP,0575
383893,77,71,711,2013.0,3140920.0,20541526.0,1.5253299999999999,0.026146,FRA,ESP,0575
383894,80,71,711,2013.0,0.0,45887.0,-1.652062,-1.140576,GAB,ESP,0575
383895,81,71,711,2013.0,1370454.0,111194008.0,1.628465,0.77075,GBR,ESP,0575
383896,83,71,711,2013.0,0.0,32699.0,-0.696971,-0.5807939999999999,GHA,ESP,0575
383897,84,71,711,2013.0,0.0,143624.0,0.348423,-0.521683,GIB,ESP,0575
383898,87,71,711,2013.0,0.0,5212.0,-0.867648,-0.90786,GMB,ESP,0575
383899,89,71,711,2013.0,0.0,52455.0,-1.7984200000000001,-0.678832,GNQ,ESP,0575
383900,90,71,711,2013.0,1813934.0,256075.0,0.073442,0.9857899999999999,GRC,ESP,0575
383901,92,71,711,2013.0,0.0,6965.0,-1.119616,-0.802964,GRL,ESP,0575
383902,97,71,711,2013.0,0.0,47420.0,0.791401,1.249845,HKG,ESP,0575
383903,99,71,711,2013.0,0.0,189732.0,-0.6661060000000001,-0.38619699999999996,HND,ESP,0575
383904,100,71,711,2013.0,0.0,165246.0,0.8737309999999999,1.276091,HRV,ESP,0575
383905,102,71,711,2013.0,0.0,168830.0,1.6962560000000002,0.45460600000000007,HUN,ESP,0575
383906,103,71,711,2013.0,0.0,64280.0,-0.006876999999999999,1.8336569999999999,IDN,ESP,0575
383907,104,71,711,2013.0,4320757.0,0.0,0.18186,2.647598,IND,ESP,0575
383908,106,71,711,2013.0,0.0,4589772.0,1.32787,0.394579,IRL,ESP,0575
383909,107,71,711,2013.0,12071453.0,0.0,-0.23625100000000002,-0.256067,IRN,ESP,0575
383910,109,71,711,2013.0,0.0,79196.0,0.284089,-0.164097,ISL,ESP,0575
383911,110,71,711,2013.0,1327.0,0.0,1.0247629999999999,0.8261639999999999,ISR,ESP,0575
383912,111,71,711,2013.0,44264084.0,7135620.0,1.419383,-0.304402,ITA,ESP,0575
383913,113,71,711,2013.0,0.0,56609.0,0.1888,0.596867,JOR,ESP,0575
383914,114,71,711,2013.0,0.0,43453.0,2.333417,-0.818701,JPN,ESP,0575
383915,115,71,711,2013.0,0.0,6890.0,-0.9193819999999999,-0.734194,KAZ,ESP,0575
383916,116,71,711,2013.0,0.0,30506.0,-0.303119,0.626786,KEN,ESP,0575
383917,122,71,711,2013.0,0.0,44760.0,-1.198985,-1.057248,KWT,ESP,0575
383918,125,71,711,2013.0,0.0,226045.0,-0.8343229999999999,-0.992129,LBR,ESP,0575
383919,130,71,711,2013.0,74698.0,1367181.0,0.677986,1.29227,LTU,ESP,0575
383920,131,71,711,2013.0,0.0,196431.0,1.0110190000000001,1.123226,LUX,ESP,0575
383921,132,71,711,2013.0,0.0,555955.0,0.652463,1.299917,LVA,ESP,0575
383922,134,71,711,2013.0,3081744.0,808011.0,-0.474872,0.178118,MAR,ESP,0575
383923,135,71,711,2013.0,0.0,6807.0,0.14256,0.33920700000000004,MDA,ESP,0575
383924,138,71,711,2013.0,0.0,4707.0,1.2327219999999999,0.746108,MEX,ESP,0575
383925,142,71,711,2013.0,0.0,16047.0,0.710108,-0.014586000000000002,MLT,ESP,0575
383926,145,71,711,2013.0,0.0,3253.0,-1.264785,-1.133222,MNG,ESP,0575
383927,148,71,711,2013.0,0.0,297027.0,-1.681152,-1.2712350000000001,MRT,ESP,0575
383928,151,71,711,2013.0,0.0,68756.0,-0.092312,0.050927,MUS,ESP,0575
383929,153,71,711,2013.0,0.0,191498.0,0.924532,0.671334,MYS,ESP,0575
383930,155,71,711,2013.0,55319.0,0.0,-0.316805,-0.38759099999999996,NAM,ESP,0575
383931,157,71,711,2013.0,0.0,4709.0,-1.0008350000000001,-0.8325670000000001,NER,ESP,0575
383932,159,71,711,2013.0,0.0,193070.0,-1.679402,-1.14686,NGA,ESP,0575
383933,162,71,711,2013.0,16857268.0,13849302.0,1.012006,1.441545,NLD,ESP,0575
383934,163,71,711,2013.0,24878.0,10402814.0,0.710901,0.062705,NOR,ESP,0575
383935,169,71,711,2013.0,0.0,53423.0,0.8719819999999999,1.038982,PAN,ESP,0575
383936,173,71,711,2013.0,10333546.0,0.0,-0.640044,0.121772,PER,ESP,0575
383937,177,71,711,2013.0,106139.0,1984926.0,1.11341,0.975734,POL,ESP,0575
383938,179,71,711,2013.0,3080828.0,28935758.0,0.705087,2.2055580000000004,PRT,ESP,0575
383939,183,71,711,2013.0,0.0,53045.0,-0.583609,-1.003754,QAT,ESP,0575
383940,185,71,711,2013.0,3647.0,508579.0,1.05722,1.0968799999999999,ROU,ESP,0575
383941,186,71,711,2013.0,0.0,4008669.0,-0.08233,-0.267781,RUS,ESP,0575
383942,188,71,711,2013.0,0.0,591932.0,-0.14823599999999998,-0.883965,SAU,ESP,0575
383943,191,71,711,2013.0,0.0,116069.0,-0.566624,-0.185277,SEN,ESP,0575
383944,192,71,711,2013.0,0.0,376364.0,1.844685,0.639379,SGP,ESP,0575
383945,196,71,711,2013.0,0.0,2010.0,-0.42937700000000006,-0.529857,SLE,ESP,0575
383946,201,71,711,2013.0,0.0,3567.0,0.609755,1.355304,SRB,ESP,0575
383947,205,71,711,2013.0,20312.0,0.0,-0.25729,-0.651541,SUR,ESP,0575
383948,206,71,711,2013.0,56638.0,92512.0,1.510052,0.7060310000000001,SVK,ESP,0575
383949,207,71,711,2013.0,24170.0,178228.0,1.55922,0.565874,SVN,ESP,0575
383950,208,71,711,2013.0,0.0,9752659.0,1.7851290000000002,0.182623,SWE,ESP,0575
383951,215,71,711,2013.0,0.0,18047.0,-0.532095,-0.434276,TGO,ESP,0575
383952,224,71,711,2013.0,8801459.0,0.0,0.580016,2.394812,TUR,ESP,0575
383953,228,71,711,2013.0,0.0,201990.0,0.535571,1.026263,UKR,ESP,0575
383954,231,71,711,2013.0,1230823.0,0.0,1.612058,-0.8592989999999999,USA,ESP,0575
383955,232,71,711,2013.0,29129.0,0.0,-0.7076319999999999,-0.645674,UZB,ESP,0575
383956,246,71,711,2013.0,2456811.0,5287288.0,0.11624100000000001,1.574591,ZAF,ESP,0575
383957,247,71,711,2013.0,0.0,12451.0,-0.293192,-0.42930100000000004,ZMB,ESP,0575
383958,250,71,711,2013.0,29269.0,0.0,0.583151,0.14238299999999998,ANS,ESP,0575
383959,8,72,711,2013.0,32337.0,0.0,0.042829,0.461002,ARG,EST,0575
383960,18,72,711,2013.0,3933.0,0.0,1.198491,1.117268,BEL,EST,0575
383961,32,72,711,2013.0,35714.0,0.0,0.2804,0.649729,BRA,EST,0575
383962,42,72,711,2013.0,566762.0,0.0,-0.184556,-0.238657,CHL,EST,0575
383963,61,72,711,2013.0,53084.0,2181.0,2.1086869999999998,-3.7092,DEU,EST,0575
383964,64,72,711,2013.0,130762.0,3179.0,1.190302,1.062991,DNK,EST,0575
383965,68,72,711,2013.0,34577.0,0.0,-0.12015799999999999,1.793363,EGY,EST,0575
383966,71,72,711,2013.0,70415.0,0.0,0.955472,1.80005,ESP,EST,0575
383967,74,72,711,2013.0,127375.0,5485.0,1.700282,0.867677,FIN,EST,0575
383968,77,72,711,2013.0,2141.0,0.0,1.5253299999999999,0.026146,FRA,EST,0575
383969,81,72,711,2013.0,3152.0,0.0,1.628465,0.77075,GBR,EST,0575
383970,90,72,711,2013.0,18432.0,0.0,0.073442,0.9857899999999999,GRC,EST,0575
383971,102,72,711,2013.0,1388.0,0.0,1.6962560000000002,0.45460600000000007,HUN,EST,0575
383972,104,72,711,2013.0,367467.0,0.0,0.18186,2.647598,IND,EST,0575
383973,107,72,711,2013.0,222361.0,0.0,-0.23625100000000002,-0.256067,IRN,EST,0575
383974,110,72,711,2013.0,3689.0,0.0,1.0247629999999999,0.8261639999999999,ISR,EST,0575
383975,111,72,711,2013.0,917960.0,5111.0,1.419383,-0.304402,ITA,EST,0575
383976,130,72,711,2013.0,804750.0,0.0,0.677986,1.29227,LTU,EST,0575
383977,132,72,711,2013.0,1857235.0,5908.0,0.652463,1.299917,LVA,EST,0575
383978,134,72,711,2013.0,1502.0,0.0,-0.474872,0.178118,MAR,EST,0575
383979,135,72,711,2013.0,36098.0,0.0,0.14256,0.33920700000000004,MDA,EST,0575
383980,140,72,711,2013.0,20757.0,0.0,-0.127775,0.21915900000000002,MKD,EST,0575
383981,162,72,711,2013.0,1816209.0,0.0,1.012006,1.441545,NLD,EST,0575
383982,163,72,711,2013.0,0.0,3604.0,0.710901,0.062705,NOR,EST,0575
383983,173,72,711,2013.0,175870.0,0.0,-0.640044,0.121772,PER,EST,0575
383984,177,72,711,2013.0,81842.0,0.0,1.11341,0.975734,POL,EST,0575
383985,186,72,711,2013.0,0.0,30699.0,-0.08233,-0.267781,RUS,EST,0575
383986,208,72,711,2013.0,202103.0,0.0,1.7851290000000002,0.182623,SWE,EST,0575
383987,224,72,711,2013.0,568761.0,0.0,0.580016,2.394812,TUR,EST,0575
383988,231,72,711,2013.0,95407.0,0.0,1.612058,-0.8592989999999999,USA,EST,0575
383989,232,72,711,2013.0,396662.0,0.0,-0.7076319999999999,-0.645674,UZB,EST,0575
383990,246,72,711,2013.0,719080.0,0.0,0.11624100000000001,1.574591,ZAF,EST,0575
383991,250,72,711,2013.0,16834.0,0.0,0.583151,0.14238299999999998,ANS,EST,0575
383992,8,74,711,2013.0,97793.0,0.0,0.042829,0.461002,ARG,FIN,0575
383993,15,74,711,2013.0,3633.0,0.0,1.855434,-1.06494,AUT,FIN,0575
383994,24,74,711,2013.0,0.0,1568.0,0.080634,-0.6828890000000001,BHR,FIN,0575
383995,32,74,711,2013.0,829910.0,0.0,0.2804,0.649729,BRA,FIN,0575
383996,42,74,711,2013.0,578340.0,0.0,-0.184556,-0.238657,CHL,FIN,0575
383997,61,74,711,2013.0,5025800.0,0.0,2.1086869999999998,-3.7092,DEU,FIN,0575
383998,64,74,711,2013.0,339463.0,1519.0,1.190302,1.062991,DNK,FIN,0575
383999,68,74,711,2013.0,334454.0,0.0,-0.12015799999999999,1.793363,EGY,FIN,0575
384000,71,74,711,2013.0,6336770.0,0.0,0.955472,1.80005,ESP,FIN,0575
384001,72,74,711,2013.0,5485.0,127375.0,0.923321,1.290016,EST,FIN,0575
384002,77,74,711,2013.0,2242.0,0.0,1.5253299999999999,0.026146,FRA,FIN,0575
384003,81,74,711,2013.0,4056.0,0.0,1.628465,0.77075,GBR,FIN,0575
384004,90,74,711,2013.0,2963591.0,0.0,0.073442,0.9857899999999999,GRC,FIN,0575
384005,104,74,711,2013.0,1465908.0,0.0,0.18186,2.647598,IND,FIN,0575
384006,110,74,711,2013.0,4214.0,0.0,1.0247629999999999,0.8261639999999999,ISR,FIN,0575
384007,111,74,711,2013.0,782557.0,0.0,1.419383,-0.304402,ITA,FIN,0575
384008,130,74,711,2013.0,82485.0,3559.0,0.677986,1.29227,LTU,FIN,0575
384009,132,74,711,2013.0,0.0,5107.0,0.652463,1.299917,LVA,FIN,0575
384010,134,74,711,2013.0,3410.0,0.0,-0.474872,0.178118,MAR,FIN,0575
384011,155,74,711,2013.0,265473.0,0.0,-0.316805,-0.38759099999999996,NAM,FIN,0575
384012,162,74,711,2013.0,28137700.0,24590.0,1.012006,1.441545,NLD,FIN,0575
384013,173,74,711,2013.0,195305.0,0.0,-0.640044,0.121772,PER,FIN,0575
384014,186,74,711,2013.0,0.0,106329.0,-0.08233,-0.267781,RUS,FIN,0575
384015,208,74,711,2013.0,228713.0,74641.0,1.7851290000000002,0.182623,SWE,FIN,0575
384016,224,74,711,2013.0,636870.0,0.0,0.580016,2.394812,TUR,FIN,0575
384017,231,74,711,2013.0,4117000.0,0.0,1.612058,-0.8592989999999999,USA,FIN,0575
384018,246,74,711,2013.0,1445287.0,0.0,0.11624100000000001,1.574591,ZAF,FIN,0575
384019,1,77,711,2013.0,74412.0,0.0,-0.767212,-0.6506069999999999,AFG,FRA,0575
384020,2,77,711,2013.0,0.0,2885.0,-1.240877,-1.073797,AGO,FRA,0575
384021,5,77,711,2013.0,0.0,1431.0,0.874025,0.09135599999999999,AND,FRA,0575
384022,7,77,711,2013.0,9001.0,25376.0,-0.338417,-0.754102,ARE,FRA,0575
384023,8,77,711,2013.0,177939.0,0.0,0.042829,0.461002,ARG,FRA,0575
384024,10,77,711,2013.0,1904.0,0.0,0.5701109999999999,-0.113648,ASM,FRA,0575
384025,14,77,711,2013.0,104377.0,0.0,-0.63369,-0.276328,AUS,FRA,0575
384026,15,77,711,2013.0,5311.0,177259.0,1.855434,-1.06494,AUT,FRA,0575
384027,16,77,711,2013.0,0.0,8722.0,-1.319766,-1.200648,AZE,FRA,0575
384028,18,77,711,2013.0,12861546.0,4997487.0,1.198491,1.117268,BEL,FRA,0575
384029,19,77,711,2013.0,0.0,51342.0,-0.924213,-0.8181390000000001,BEN,FRA,0575
384030,21,77,711,2013.0,0.0,4641.0,-0.7231029999999999,-0.736291,BFA,FRA,0575
384031,32,77,711,2013.0,2235107.0,5761.0,0.2804,0.649729,BRA,FRA,0575
384032,38,77,711,2013.0,2361.0,0.0,-0.476127,-0.58096,CAF,FRA,0575
384033,39,77,711,2013.0,23276.0,0.0,0.599305,1.193591,CAN,FRA,0575
384034,41,77,711,2013.0,201863.0,8451154.0,2.0899229999999998,0.661667,CHE,FRA,0575
384035,42,77,711,2013.0,14017876.0,0.0,-0.184556,-0.238657,CHL,FRA,0575
384036,43,77,711,2013.0,285104.0,0.0,1.24864,0.667713,CHN,FRA,0575
384037,44,77,711,2013.0,0.0,285478.0,-1.0025870000000001,-0.901658,CIV,FRA,0575
384038,45,77,711,2013.0,0.0,30166.0,-0.93575,-1.003851,CMR,FRA,0575
384039,47,77,711,2013.0,0.0,38617.0,-1.478461,-1.094509,COG,FRA,0575
384040,49,77,711,2013.0,1318.0,0.0,0.034491,-0.36975,COL,FRA,0575
384041,50,77,711,2013.0,0.0,4442.0,-0.36952399999999996,-0.6802739999999999,COM,FRA,0575
384042,52,77,711,2013.0,2173.0,0.0,0.208669,-0.54783,CRI,FRA,0575
384043,59,77,711,2013.0,0.0,176589.0,1.829509,-0.41787700000000005,CZE,FRA,0575
384044,61,77,711,2013.0,4338453.0,6793770.0,2.1086869999999998,-3.7092,DEU,FRA,0575
384045,62,77,711,2013.0,0.0,17102.0,-0.35226399999999997,-0.542234,DJI,FRA,0575
384046,64,77,711,2013.0,48912.0,11484.0,1.190302,1.062991,DNK,FRA,0575
384047,66,77,711,2013.0,0.0,67996.0,-1.53603,-1.104965,DZA,FRA,0575
384048,68,77,711,2013.0,691978.0,147850.0,-0.12015799999999999,1.793363,EGY,FRA,0575
384049,71,77,711,2013.0,20541526.0,3140920.0,0.955472,1.80005,ESP,FRA,0575
384050,72,77,711,2013.0,0.0,2141.0,0.923321,1.290016,EST,FRA,0575
384051,74,77,711,2013.0,0.0,2242.0,1.700282,0.867677,FIN,FRA,0575
384052,80,77,711,2013.0,0.0,108810.0,-1.652062,-1.140576,GAB,FRA,0575
384053,81,77,711,2013.0,1018324.0,2370503.0,1.628465,0.77075,GBR,FRA,0575
384054,83,77,711,2013.0,0.0,7543.0,-0.696971,-0.5807939999999999,GHA,FRA,0575
384055,85,77,711,2013.0,0.0,1044.0,-1.281072,-1.027585,GIN,FRA,0575
384056,87,77,711,2013.0,0.0,5849.0,-0.867648,-0.90786,GMB,FRA,0575
384057,89,77,711,2013.0,0.0,29620.0,-1.7984200000000001,-0.678832,GNQ,FRA,0575
384058,90,77,711,2013.0,1478798.0,21340.0,0.073442,0.9857899999999999,GRC,FRA,0575
384059,97,77,711,2013.0,0.0,8802.0,0.791401,1.249845,HKG,FRA,0575
384060,102,77,711,2013.0,0.0,6447.0,1.6962560000000002,0.45460600000000007,HUN,FRA,0575
384061,103,77,711,2013.0,6748.0,0.0,-0.006876999999999999,1.8336569999999999,IDN,FRA,0575
384062,104,77,711,2013.0,1645934.0,0.0,0.18186,2.647598,IND,FRA,0575
384063,106,77,711,2013.0,0.0,312818.0,1.32787,0.394579,IRL,FRA,0575
384064,107,77,711,2013.0,3179211.0,0.0,-0.23625100000000002,-0.256067,IRN,FRA,0575
384065,110,77,711,2013.0,1454822.0,0.0,1.0247629999999999,0.8261639999999999,ISR,FRA,0575
384066,111,77,711,2013.0,135487088.0,3538764.0,1.419383,-0.304402,ITA,FRA,0575
384067,114,77,711,2013.0,0.0,7475.0,2.333417,-0.818701,JPN,FRA,0575
384068,118,77,711,2013.0,0.0,18910.0,-0.634876,-0.714886,KHM,FRA,0575
384069,122,77,711,2013.0,0.0,247920.0,-1.198985,-1.057248,KWT,FRA,0575
384070,124,77,711,2013.0,0.0,9425.0,0.37392800000000004,1.413136,LBN,FRA,0575
384071,125,77,711,2013.0,0.0,13946.0,-0.8343229999999999,-0.992129,LBR,FRA,0575
384072,126,77,711,2013.0,0.0,31457.0,-1.871593,-1.1211790000000001,LBY,FRA,0575
384073,130,77,711,2013.0,0.0,1647.0,0.677986,1.29227,LTU,FRA,0575
384074,131,77,711,2013.0,36381.0,1154014.0,1.0110190000000001,1.123226,LUX,FRA,0575
384075,132,77,711,2013.0,0.0,10268.0,0.652463,1.299917,LVA,FRA,0575
384076,134,77,711,2013.0,6314046.0,21327.0,-0.474872,0.178118,MAR,FRA,0575
384077,136,77,711,2013.0,0.0,62752.0,-0.786091,-0.611478,MDG,FRA,0575
384078,137,77,711,2013.0,0.0,4747.0,-0.510204,-0.740372,MDV,FRA,0575
384079,138,77,711,2013.0,109710.0,0.0,1.2327219999999999,0.746108,MEX,FRA,0575
384080,140,77,711,2013.0,20334.0,0.0,-0.127775,0.21915900000000002,MKD,FRA,0575
384081,148,77,711,2013.0,0.0,40923.0,-1.681152,-1.2712350000000001,MRT,FRA,0575
384082,151,77,711,2013.0,0.0,26794.0,-0.092312,0.050927,MUS,FRA,0575
384083,154,77,711,2013.0,0.0,135951.0,0.652359,-0.525881,MYT,FRA,0575
384084,155,77,711,2013.0,359793.0,0.0,-0.316805,-0.38759099999999996,NAM,FRA,0575
384085,156,77,711,2013.0,0.0,393306.0,-0.262882,-0.63858,NCL,FRA,0575
384086,157,77,711,2013.0,38302.0,14765.0,-1.0008350000000001,-0.8325670000000001,NER,FRA,0575
384087,162,77,711,2013.0,25773868.0,2958266.0,1.012006,1.441545,NLD,FRA,0575
384088,163,77,711,2013.0,0.0,1544658.0,0.710901,0.062705,NOR,FRA,0575
384089,173,77,711,2013.0,4039463.0,0.0,-0.640044,0.121772,PER,FRA,0575
384090,174,77,711,2013.0,7566.0,0.0,0.639083,0.45816899999999994,PHL,FRA,0575
384091,177,77,711,2013.0,287026.0,1241724.0,1.11341,0.975734,POL,FRA,0575
384092,179,77,711,2013.0,179226.0,2762374.0,0.705087,2.2055580000000004,PRT,FRA,0575
384093,182,77,711,2013.0,0.0,2465.0,-0.118172,-0.620256,PYF,FRA,0575
384094,185,77,711,2013.0,0.0,5997.0,1.05722,1.0968799999999999,ROU,FRA,0575
384095,186,77,711,2013.0,0.0,290643.0,-0.08233,-0.267781,RUS,FRA,0575
384096,188,77,711,2013.0,11075.0,42756.0,-0.14823599999999998,-0.883965,SAU,FRA,0575
384097,190,77,711,2013.0,0.0,16456.0,-1.224897,-1.059517,SDN,FRA,0575
384098,191,77,711,2013.0,0.0,154354.0,-0.566624,-0.185277,SEN,FRA,0575
384099,192,77,711,2013.0,2144.0,0.0,1.844685,0.639379,SGP,FRA,0575
384100,196,77,711,2013.0,0.0,2352.0,-0.42937700000000006,-0.529857,SLE,FRA,0575
384101,206,77,711,2013.0,11420.0,65691.0,1.510052,0.7060310000000001,SVK,FRA,0575
384102,207,77,711,2013.0,0.0,45061.0,1.55922,0.565874,SVN,FRA,0575
384103,208,77,711,2013.0,0.0,69098.0,1.7851290000000002,0.182623,SWE,FRA,0575
384104,211,77,711,2013.0,0.0,70817.0,0.06901,-0.438229,SYC,FRA,0575
384105,215,77,711,2013.0,0.0,34156.0,-0.532095,-0.434276,TGO,FRA,0575
384106,218,77,711,2013.0,12767.0,0.0,0.741701,0.44271400000000005,TKL,FRA,0575
384107,222,77,711,2013.0,1129.0,0.0,-0.399437,-1.047864,TTO,FRA,0575
384108,223,77,711,2013.0,104060.0,21790.0,0.40154,0.902177,TUN,FRA,0575
384109,224,77,711,2013.0,33205426.0,151443.0,0.580016,2.394812,TUR,FRA,0575
384110,231,77,711,2013.0,760976.0,4632.0,1.612058,-0.8592989999999999,USA,FRA,0575
384111,232,77,711,2013.0,7289.0,0.0,-0.7076319999999999,-0.645674,UZB,FRA,0575
384112,239,77,711,2013.0,15017.0,5842.0,0.009264,1.182368,VNM,FRA,0575
384113,240,77,711,2013.0,0.0,3232.0,-0.43518999999999997,-0.6206010000000001,VUT,FRA,0575
384114,246,77,711,2013.0,15183445.0,79445.0,0.11624100000000001,1.574591,ZAF,FRA,0575
384115,250,77,711,2013.0,5821.0,2277.0,0.583151,0.14238299999999998,ANS,FRA,0575
384116,1,81,711,2013.0,1295240.0,2149.0,-0.767212,-0.6506069999999999,AFG,GBR,0575
384117,7,81,711,2013.0,32981.0,47549.0,-0.338417,-0.754102,ARE,GBR,0575
384118,8,81,711,2013.0,370891.0,0.0,0.042829,0.461002,ARG,GBR,0575
384119,13,81,711,2013.0,0.0,83270.0,0.25821500000000003,-0.383761,ATG,GBR,0575
384120,14,81,711,2013.0,302214.0,170573.0,-0.63369,-0.276328,AUS,GBR,0575
384121,15,81,711,2013.0,16535.0,217115.0,1.855434,-1.06494,AUT,GBR,0575
384122,18,81,711,2013.0,788123.0,1926433.0,1.198491,1.117268,BEL,GBR,0575
384123,23,81,711,2013.0,1544068.0,166666.0,0.622325,1.5506229999999999,BGR,GBR,0575
384124,24,81,711,2013.0,0.0,4232.0,0.080634,-0.6828890000000001,BHR,GBR,0575
384125,26,81,711,2013.0,66565.0,0.0,0.723658,0.9271879999999999,BIH,GBR,0575
384126,30,81,711,2013.0,0.0,1444.0,1.020753,-0.10180399999999999,BMU,GBR,0575
384127,32,81,711,2013.0,29668390.0,0.0,0.2804,0.649729,BRA,GBR,0575
384128,33,81,711,2013.0,0.0,77399.0,0.607845,0.09196,BRB,GBR,0575
384129,39,81,711,2013.0,16918.0,44874.0,0.599305,1.193591,CAN,GBR,0575
384130,41,81,711,2013.0,0.0,16922.0,2.0899229999999998,0.661667,CHE,GBR,0575
384131,42,81,711,2013.0,98938816.0,0.0,-0.184556,-0.238657,CHL,GBR,0575
384132,43,81,711,2013.0,13609286.0,191198.0,1.24864,0.667713,CHN,GBR,0575
384133,58,81,711,2013.0,222843.0,9621.0,0.36482800000000004,0.527544,CYP,GBR,0575
384134,59,81,711,2013.0,0.0,16116.0,1.829509,-0.41787700000000005,CZE,GBR,0575
384135,61,81,711,2013.0,3805756.0,1488220.0,2.1086869999999998,-3.7092,DEU,GBR,0575
384136,63,81,711,2013.0,0.0,125349.0,0.13787,-0.12528399999999998,DMA,GBR,0575
384137,64,81,711,2013.0,517137.0,632114.0,1.190302,1.062991,DNK,GBR,0575
384138,67,81,711,2013.0,23623.0,0.0,-0.8251790000000001,-0.9347200000000001,ECU,GBR,0575
384139,68,81,711,2013.0,34957156.0,0.0,-0.12015799999999999,1.793363,EGY,GBR,0575
384140,71,81,711,2013.0,111194008.0,1370454.0,0.955472,1.80005,ESP,GBR,0575
384141,72,81,711,2013.0,0.0,3152.0,0.923321,1.290016,EST,GBR,0575
384142,74,81,711,2013.0,0.0,4056.0,1.700282,0.867677,FIN,GBR,0575
384143,77,81,711,2013.0,2370503.0,1018324.0,1.5253299999999999,0.026146,FRA,GBR,0575
384144,83,81,711,2013.0,0.0,119166.0,-0.696971,-0.5807939999999999,GHA,GBR,0575
384145,85,81,711,2013.0,0.0,1092.0,-1.281072,-1.027585,GIN,GBR,0575
384146,90,81,711,2013.0,50943360.0,2937.0,0.073442,0.9857899999999999,GRC,GBR,0575
384147,97,81,711,2013.0,0.0,24324.0,0.791401,1.249845,HKG,GBR,0575
384148,102,81,711,2013.0,0.0,36653.0,1.6962560000000002,0.45460600000000007,HUN,GBR,0575
384149,103,81,711,2013.0,172154.0,2026.0,-0.006876999999999999,1.8336569999999999,IDN,GBR,0575
384150,104,81,711,2013.0,29378720.0,0.0,0.18186,2.647598,IND,GBR,0575
384151,106,81,711,2013.0,2830087.0,17712078.0,1.32787,0.394579,IRL,GBR,0575
384152,107,81,711,2013.0,1513650.0,0.0,-0.23625100000000002,-0.256067,IRN,GBR,0575
384153,109,81,711,2013.0,0.0,3784.0,0.284089,-0.164097,ISL,GBR,0575
384154,110,81,711,2013.0,1116047.0,0.0,1.0247629999999999,0.8261639999999999,ISR,GBR,0575
384155,111,81,711,2013.0,31101804.0,632462.0,1.419383,-0.304402,ITA,GBR,0575
384156,116,81,711,2013.0,0.0,4439.0,-0.303119,0.626786,KEN,GBR,0575
384157,120,81,711,2013.0,0.0,113482.0,0.983857,-0.051745000000000006,KNA,GBR,0575
384158,121,81,711,2013.0,1138.0,5083.0,1.817145,0.835414,KOR,GBR,0575
384159,122,81,711,2013.0,0.0,3431.0,-1.198985,-1.057248,KWT,GBR,0575
384160,124,81,711,2013.0,212560.0,1550.0,0.37392800000000004,1.413136,LBN,GBR,0575
384161,127,81,711,2013.0,0.0,28138.0,0.433648,-0.288346,LCA,GBR,0575
384162,130,81,711,2013.0,481040.0,1162534.0,0.677986,1.29227,LTU,GBR,0575
384163,132,81,711,2013.0,0.0,5510.0,0.652463,1.299917,LVA,GBR,0575
384164,134,81,711,2013.0,4125934.0,0.0,-0.474872,0.178118,MAR,GBR,0575
384165,138,81,711,2013.0,1855255.0,0.0,1.2327219999999999,0.746108,MEX,GBR,0575
384166,142,81,711,2013.0,0.0,38486.0,0.710108,-0.014586000000000002,MLT,GBR,0575
384167,145,81,711,2013.0,0.0,5623.0,-1.264785,-1.133222,MNG,GBR,0575
384168,153,81,711,2013.0,0.0,4495.0,0.924532,0.671334,MYS,GBR,0575
384169,155,81,711,2013.0,13311413.0,0.0,-0.316805,-0.38759099999999996,NAM,GBR,0575
384170,159,81,711,2013.0,0.0,450293.0,-1.679402,-1.14686,NGA,GBR,0575
384171,162,81,711,2013.0,42254972.0,7574625.0,1.012006,1.441545,NLD,GBR,0575
384172,163,81,711,2013.0,0.0,96702.0,0.710901,0.062705,NOR,GBR,0575
384173,168,81,711,2013.0,75242.0,0.0,-0.697224,0.501576,PAK,GBR,0575
384174,173,81,711,2013.0,20512112.0,0.0,-0.640044,0.121772,PER,GBR,0575
384175,177,81,711,2013.0,67261.0,634815.0,1.11341,0.975734,POL,GBR,0575
384176,179,81,711,2013.0,1452550.0,143963.0,0.705087,2.2055580000000004,PRT,GBR,0575
384177,181,81,711,2013.0,55965.0,0.0,0.103716,0.762259,PSE,GBR,0575
384178,185,81,711,2013.0,2168.0,0.0,1.05722,1.0968799999999999,ROU,GBR,0575
384179,186,81,711,2013.0,0.0,2998.0,-0.08233,-0.267781,RUS,GBR,0575
384180,188,81,711,2013.0,336136.0,1562.0,-0.14823599999999998,-0.883965,SAU,GBR,0575
384181,192,81,711,2013.0,0.0,14761.0,1.844685,0.639379,SGP,GBR,0575
384182,206,81,711,2013.0,0.0,12318.0,1.510052,0.7060310000000001,SVK,GBR,0575
384183,208,81,711,2013.0,0.0,57833.0,1.7851290000000002,0.182623,SWE,GBR,0575
384184,216,81,711,2013.0,1248.0,0.0,1.067287,1.2767110000000002,THA,GBR,0575
384185,223,81,711,2013.0,115001.0,0.0,0.40154,0.902177,TUN,GBR,0575
384186,224,81,711,2013.0,147158016.0,287397.0,0.580016,2.394812,TUR,GBR,0575
384187,226,81,711,2013.0,0.0,3701.0,-0.654655,0.903574,TZA,GBR,0575
384188,230,81,711,2013.0,1531.0,0.0,0.128825,0.02334,URY,GBR,0575
384189,231,81,711,2013.0,55015856.0,17577.0,1.612058,-0.8592989999999999,USA,GBR,0575
384190,234,81,711,2013.0,0.0,1526.0,0.39042899999999997,-0.042089,VCT,GBR,0575
384191,246,81,711,2013.0,110744592.0,0.0,0.11624100000000001,1.574591,ZAF,GBR,0575
384192,247,81,711,2013.0,105117.0,0.0,-0.293192,-0.42930100000000004,ZMB,GBR,0575
384193,249,81,711,2013.0,0.0,5991.0,1.7382849999999999,0.9917739999999999,TWN,GBR,0575
384194,4,90,711,2013.0,0.0,549169.0,-0.44779300000000005,-0.13181700000000002,ALB,GRC,0575
384195,7,90,711,2013.0,0.0,14157.0,-0.338417,-0.754102,ARE,GRC,0575
384196,8,90,711,2013.0,44250.0,0.0,0.042829,0.461002,ARG,GRC,0575
384197,14,90,711,2013.0,0.0,2260454.0,-0.63369,-0.276328,AUS,GRC,0575
384198,15,90,711,2013.0,23390.0,1945932.0,1.855434,-1.06494,AUT,GRC,0575
384199,16,90,711,2013.0,0.0,8327.0,-1.319766,-1.200648,AZE,GRC,0575
384200,18,90,711,2013.0,0.0,2173570.0,1.198491,1.117268,BEL,GRC,0575
384201,23,90,711,2013.0,39585.0,2652814.0,0.622325,1.5506229999999999,BGR,GRC,0575
384202,26,90,711,2013.0,0.0,17667.0,0.723658,0.9271879999999999,BIH,GRC,0575
384203,28,90,711,2013.0,0.0,171085.0,1.183522,0.934159,BLR,GRC,0575
384204,39,90,711,2013.0,0.0,264938.0,0.599305,1.193591,CAN,GRC,0575
384205,41,90,711,2013.0,0.0,1739178.0,2.0899229999999998,0.661667,CHE,GRC,0575
384206,42,90,711,2013.0,370904.0,0.0,-0.184556,-0.238657,CHL,GRC,0575
384207,43,90,711,2013.0,1095504.0,31542.0,1.24864,0.667713,CHN,GRC,0575
384208,58,90,711,2013.0,0.0,3935022.0,0.36482800000000004,0.527544,CYP,GRC,0575
384209,59,90,711,2013.0,44347.0,1825080.0,1.829509,-0.41787700000000005,CZE,GRC,0575
384210,61,90,711,2013.0,302820.0,71884264.0,2.1086869999999998,-3.7092,DEU,GRC,0575
384211,64,90,711,2013.0,297270.0,1710744.0,1.190302,1.062991,DNK,GRC,0575
384212,66,90,711,2013.0,0.0,3785.0,-1.53603,-1.104965,DZA,GRC,0575
384213,68,90,711,2013.0,3216.0,0.0,-0.12015799999999999,1.793363,EGY,GRC,0575
384214,71,90,711,2013.0,256075.0,1813934.0,0.955472,1.80005,ESP,GRC,0575
384215,72,90,711,2013.0,0.0,18432.0,0.923321,1.290016,EST,GRC,0575
384216,73,90,711,2013.0,0.0,41901.0,-1.1373090000000001,-0.89186,ETH,GRC,0575
384217,74,90,711,2013.0,0.0,2963591.0,1.700282,0.867677,FIN,GRC,0575
384218,77,90,711,2013.0,21340.0,1478798.0,1.5253299999999999,0.026146,FRA,GRC,0575
384219,81,90,711,2013.0,2937.0,50943360.0,1.628465,0.77075,GBR,GRC,0575
384220,97,90,711,2013.0,0.0,47841.0,0.791401,1.249845,HKG,GRC,0575
384221,100,90,711,2013.0,0.0,101096.0,0.8737309999999999,1.276091,HRV,GRC,0575
384222,102,90,711,2013.0,0.0,160632.0,1.6962560000000002,0.45460600000000007,HUN,GRC,0575
384223,103,90,711,2013.0,0.0,164194.0,-0.006876999999999999,1.8336569999999999,IDN,GRC,0575
384224,104,90,711,2013.0,618003.0,345486.0,0.18186,2.647598,IND,GRC,0575
384225,106,90,711,2013.0,0.0,418470.0,1.32787,0.394579,IRL,GRC,0575
384226,107,90,711,2013.0,872565.0,0.0,-0.23625100000000002,-0.256067,IRN,GRC,0575
384227,109,90,711,2013.0,0.0,27454.0,0.284089,-0.164097,ISL,GRC,0575
384228,110,90,711,2013.0,0.0,195524.0,1.0247629999999999,0.8261639999999999,ISR,GRC,0575
384229,111,90,711,2013.0,536109.0,2137961.0,1.419383,-0.304402,ITA,GRC,0575
384230,112,90,711,2013.0,0.0,43333.0,-0.364044,-0.744733,JAM,GRC,0575
384231,113,90,711,2013.0,0.0,17801.0,0.1888,0.596867,JOR,GRC,0575
384232,115,90,711,2013.0,0.0,1013.0,-0.9193819999999999,-0.734194,KAZ,GRC,0575
384233,121,90,711,2013.0,0.0,4849.0,1.817145,0.835414,KOR,GRC,0575
384234,130,90,711,2013.0,1345.0,441426.0,0.677986,1.29227,LTU,GRC,0575
384235,132,90,711,2013.0,0.0,98848.0,0.652463,1.299917,LVA,GRC,0575
384236,135,90,711,2013.0,0.0,48505.0,0.14256,0.33920700000000004,MDA,GRC,0575
384237,140,90,711,2013.0,3611.0,176936.0,-0.127775,0.21915900000000002,MKD,GRC,0575
384238,142,90,711,2013.0,0.0,71482.0,0.710108,-0.014586000000000002,MLT,GRC,0575
384239,144,90,711,2013.0,0.0,4812.0,0.09597,-0.019953,MNE,GRC,0575
384240,151,90,711,2013.0,0.0,1249.0,-0.092312,0.050927,MUS,GRC,0575
384241,153,90,711,2013.0,0.0,94088.0,0.924532,0.671334,MYS,GRC,0575
384242,156,90,711,2013.0,0.0,3126.0,-0.262882,-0.63858,NCL,GRC,0575
384243,159,90,711,2013.0,0.0,66743.0,-1.679402,-1.14686,NGA,GRC,0575
384244,162,90,711,2013.0,775104.0,31531298.0,1.012006,1.441545,NLD,GRC,0575
384245,163,90,711,2013.0,0.0,2389282.0,0.710901,0.062705,NOR,GRC,0575
384246,166,90,711,2013.0,0.0,557662.0,0.192237,0.429825,NZL,GRC,0575
384247,168,90,711,2013.0,482196.0,0.0,-0.697224,0.501576,PAK,GRC,0575
384248,177,90,711,2013.0,68864.0,6967308.0,1.11341,0.975734,POL,GRC,0575
384249,179,90,711,2013.0,0.0,26179.0,0.705087,2.2055580000000004,PRT,GRC,0575
384250,182,90,711,2013.0,0.0,1079.0,-0.118172,-0.620256,PYF,GRC,0575
384251,185,90,711,2013.0,88255.0,3050647.0,1.05722,1.0968799999999999,ROU,GRC,0575
384252,186,90,711,2013.0,0.0,850698.0,-0.08233,-0.267781,RUS,GRC,0575
384253,188,90,711,2013.0,0.0,40578.0,-0.14823599999999998,-0.883965,SAU,GRC,0575
384254,192,90,711,2013.0,0.0,40209.0,1.844685,0.639379,SGP,GRC,0575
384255,201,90,711,2013.0,5267.0,39215.0,0.609755,1.355304,SRB,GRC,0575
384256,206,90,711,2013.0,0.0,389883.0,1.510052,0.7060310000000001,SVK,GRC,0575
384257,207,90,711,2013.0,0.0,181830.0,1.55922,0.565874,SVN,GRC,0575
384258,208,90,711,2013.0,0.0,5866829.0,1.7851290000000002,0.182623,SWE,GRC,0575
384259,216,90,711,2013.0,0.0,1726.0,1.067287,1.2767110000000002,THA,GRC,0575
384260,222,90,711,2013.0,0.0,664752.0,-0.399437,-1.047864,TTO,GRC,0575
384261,224,90,711,2013.0,984057.0,1202412.0,0.580016,2.394812,TUR,GRC,0575
384262,228,90,711,2013.0,0.0,741910.0,0.535571,1.026263,UKR,GRC,0575
384263,231,90,711,2013.0,0.0,356714.0,1.612058,-0.8592989999999999,USA,GRC,0575
384264,246,90,711,2013.0,66416.0,0.0,0.11624100000000001,1.574591,ZAF,GRC,0575
384265,249,90,711,2013.0,0.0,50565.0,1.7382849999999999,0.9917739999999999,TWN,GRC,0575
384266,250,90,711,2013.0,0.0,259066.0,0.583151,0.14238299999999998,ANS,GRC,0575
384267,8,93,711,2013.0,87498.0,0.0,0.042829,0.461002,ARG,GTM,0575
384268,39,93,711,2013.0,0.0,110463.0,0.599305,1.193591,CAN,GTM,0575
384269,42,93,711,2013.0,2471926.0,0.0,-0.184556,-0.238657,CHL,GTM,0575
384270,52,93,711,2013.0,0.0,40761.0,0.208669,-0.54783,CRI,GTM,0575
384271,99,93,711,2013.0,0.0,40846.0,-0.6661060000000001,-0.38619699999999996,HND,GTM,0575
384272,104,93,711,2013.0,26574.0,0.0,0.18186,2.647598,IND,GTM,0575
384273,138,93,711,2013.0,551967.0,0.0,1.2327219999999999,0.746108,MEX,GTM,0575
384274,160,93,711,2013.0,0.0,8292.0,-0.7956479999999999,-0.596061,NIC,GTM,0575
384275,169,93,711,2013.0,0.0,10866.0,0.8719819999999999,1.038982,PAN,GTM,0575
384276,173,93,711,2013.0,92283.0,0.0,-0.640044,0.121772,PER,GTM,0575
384277,188,93,711,2013.0,0.0,25677.0,-0.14823599999999998,-0.883965,SAU,GTM,0575
384278,197,93,711,2013.0,25256.0,91573.0,0.104046,0.46966,SLV,GTM,0575
384279,224,93,711,2013.0,4478.0,0.0,0.580016,2.394812,TUR,GTM,0575
384280,231,93,711,2013.0,11096006.0,0.0,1.612058,-0.8592989999999999,USA,GTM,0575
384281,39,96,711,2013.0,122759.0,0.0,0.599305,1.193591,CAN,GUY,0575
384282,42,96,711,2013.0,36625.0,0.0,-0.184556,-0.238657,CHL,GUY,0575
384283,43,96,711,2013.0,44520.0,0.0,1.24864,0.667713,CHN,GUY,0575
384284,231,96,711,2013.0,848102.0,0.0,1.612058,-0.8592989999999999,USA,GUY,0575
384285,7,97,711,2013.0,0.0,143512.0,-0.338417,-0.754102,ARE,HKG,0575
384286,8,97,711,2013.0,76854.0,0.0,0.042829,0.461002,ARG,HKG,0575
384287,14,97,711,2013.0,23170630.0,7897.0,-0.63369,-0.276328,AUS,HKG,0575
384288,33,97,711,2013.0,0.0,13164.0,0.607845,0.09196,BRB,HKG,0575
384289,34,97,711,2013.0,0.0,25127.0,-1.664,-0.663172,BRN,HKG,0575
384290,39,97,711,2013.0,872534.0,2506.0,0.599305,1.193591,CAN,HKG,0575
384291,42,97,711,2013.0,53816584.0,0.0,-0.184556,-0.238657,CHL,HKG,0575
384292,43,97,711,2013.0,1295644.0,73479880.0,1.24864,0.667713,CHN,HKG,0575
384293,58,97,711,2013.0,0.0,37743.0,0.36482800000000004,0.527544,CYP,HKG,0575
384294,61,97,711,2013.0,9627.0,0.0,2.1086869999999998,-3.7092,DEU,HKG,0575
384295,68,97,711,2013.0,183402.0,0.0,-0.12015799999999999,1.793363,EGY,HKG,0575
384296,71,97,711,2013.0,47420.0,0.0,0.955472,1.80005,ESP,HKG,0575
384297,77,97,711,2013.0,8802.0,0.0,1.5253299999999999,0.026146,FRA,HKG,0575
384298,81,97,711,2013.0,24324.0,0.0,1.628465,0.77075,GBR,HKG,0575
384299,90,97,711,2013.0,47841.0,0.0,0.073442,0.9857899999999999,GRC,HKG,0575
384300,103,97,711,2013.0,251351.0,126468.0,-0.006876999999999999,1.8336569999999999,IDN,HKG,0575
384301,104,97,711,2013.0,2781337.0,0.0,0.18186,2.647598,IND,HKG,0575
384302,110,97,711,2013.0,1972.0,0.0,1.0247629999999999,0.8261639999999999,ISR,HKG,0575
384303,111,97,711,2013.0,41719.0,0.0,1.419383,-0.304402,ITA,HKG,0575
384304,114,97,711,2013.0,2943191.0,0.0,2.333417,-0.818701,JPN,HKG,0575
384305,118,97,711,2013.0,0.0,78617.0,-0.634876,-0.714886,KHM,HKG,0575
384306,121,97,711,2013.0,251705.0,0.0,1.817145,0.835414,KOR,HKG,0575
384307,133,97,711,2013.0,0.0,646032.0,0.43873,0.275559,MAC,HKG,0575
384308,138,97,711,2013.0,143674.0,0.0,1.2327219999999999,0.746108,MEX,HKG,0575
384309,153,97,711,2013.0,234461.0,29237.0,0.924532,0.671334,MYS,HKG,0575
384310,155,97,711,2013.0,529313.0,0.0,-0.316805,-0.38759099999999996,NAM,HKG,0575
384311,162,97,711,2013.0,3196.0,45280.0,1.012006,1.441545,NLD,HKG,0575
384312,166,97,711,2013.0,247701.0,0.0,0.192237,0.429825,NZL,HKG,0575
384313,173,97,711,2013.0,32962070.0,0.0,-0.640044,0.121772,PER,HKG,0575
384314,174,97,711,2013.0,40101.0,342691.0,0.639083,0.45816899999999994,PHL,HKG,0575
384315,179,97,711,2013.0,60891.0,0.0,0.705087,2.2055580000000004,PRT,HKG,0575
384316,188,97,711,2013.0,45864.0,0.0,-0.14823599999999998,-0.883965,SAU,HKG,0575
384317,192,97,711,2013.0,238640.0,215517.0,1.844685,0.639379,SGP,HKG,0575
384318,216,97,711,2013.0,180233.0,944662.0,1.067287,1.2767110000000002,THA,HKG,0575
384319,224,97,711,2013.0,39353.0,0.0,0.580016,2.394812,TUR,HKG,0575
384320,231,97,711,2013.0,137922624.0,2837.0,1.612058,-0.8592989999999999,USA,HKG,0575
384321,239,97,711,2013.0,132275.0,2606515.0,0.009264,1.182368,VNM,HKG,0575
384322,246,97,711,2013.0,7674119.0,0.0,0.11624100000000001,1.574591,ZAF,HKG,0575
384323,249,97,711,2013.0,1360926.0,3054443.0,1.7382849999999999,0.9917739999999999,TWN,HKG,0575
384324,7,102,711,2013.0,62709.0,0.0,-0.338417,-0.754102,ARE,HUN,0575
384325,15,102,711,2013.0,583410.0,10982.0,1.855434,-1.06494,AUT,HUN,0575
384326,23,102,711,2013.0,142044.0,0.0,0.622325,1.5506229999999999,BGR,HUN,0575
384327,26,102,711,2013.0,0.0,151397.0,0.723658,0.9271879999999999,BIH,HUN,0575
384328,42,102,711,2013.0,172348.0,0.0,-0.184556,-0.238657,CHL,HUN,0575
384329,59,102,711,2013.0,496167.0,497118.0,1.829509,-0.41787700000000005,CZE,HUN,0575
384330,61,102,711,2013.0,732381.0,0.0,2.1086869999999998,-3.7092,DEU,HUN,0575
384331,64,102,711,2013.0,138723.0,4774.0,1.190302,1.062991,DNK,HUN,0575
384332,71,102,711,2013.0,168830.0,0.0,0.955472,1.80005,ESP,HUN,0575
384333,72,102,711,2013.0,0.0,1388.0,0.923321,1.290016,EST,HUN,0575
384334,77,102,711,2013.0,6447.0,0.0,1.5253299999999999,0.026146,FRA,HUN,0575
384335,81,102,711,2013.0,36653.0,0.0,1.628465,0.77075,GBR,HUN,0575
384336,90,102,711,2013.0,160632.0,0.0,0.073442,0.9857899999999999,GRC,HUN,0575
384337,100,102,711,2013.0,16522.0,214045.0,0.8737309999999999,1.276091,HRV,HUN,0575
384338,107,102,711,2013.0,2485777.0,0.0,-0.23625100000000002,-0.256067,IRN,HUN,0575
384339,111,102,711,2013.0,5942411.0,0.0,1.419383,-0.304402,ITA,HUN,0575
384340,132,102,711,2013.0,0.0,1335.0,0.652463,1.299917,LVA,HUN,0575
384341,140,102,711,2013.0,43507.0,13650.0,-0.127775,0.21915900000000002,MKD,HUN,0575
384342,144,102,711,2013.0,0.0,58673.0,0.09597,-0.019953,MNE,HUN,0575
384343,162,102,711,2013.0,2496644.0,0.0,1.012006,1.441545,NLD,HUN,0575
384344,166,102,711,2013.0,0.0,6204.0,0.192237,0.429825,NZL,HUN,0575
384345,177,102,711,2013.0,109064.0,0.0,1.11341,0.975734,POL,HUN,0575
384346,185,102,711,2013.0,1048186.0,349094.0,1.05722,1.0968799999999999,ROU,HUN,0575
384347,201,102,711,2013.0,0.0,7648.0,0.609755,1.355304,SRB,HUN,0575
384348,206,102,711,2013.0,1085540.0,946182.0,1.510052,0.7060310000000001,SVK,HUN,0575
384349,207,102,711,2013.0,0.0,7440.0,1.55922,0.565874,SVN,HUN,0575
384350,224,102,711,2013.0,50424.0,0.0,0.580016,2.394812,TUR,HUN,0575
384351,228,102,711,2013.0,0.0,201029.0,0.535571,1.026263,UKR,HUN,0575
384352,7,103,711,2013.0,216279.0,0.0,-0.338417,-0.754102,ARE,IDN,0575
384353,10,103,711,2013.0,48876.0,0.0,0.5701109999999999,-0.113648,ASM,IDN,0575
384354,14,103,711,2013.0,23645990.0,0.0,-0.63369,-0.276328,AUS,IDN,0575
384355,42,103,711,2013.0,3631282.0,0.0,-0.184556,-0.238657,CHL,IDN,0575
384356,43,103,711,2013.0,15355841.0,0.0,1.24864,0.667713,CHN,IDN,0575
384357,68,103,711,2013.0,466247.0,0.0,-0.12015799999999999,1.793363,EGY,IDN,0575
384358,71,103,711,2013.0,64280.0,0.0,0.955472,1.80005,ESP,IDN,0575
384359,77,103,711,2013.0,0.0,6748.0,1.5253299999999999,0.026146,FRA,IDN,0575
384360,81,103,711,2013.0,2026.0,172154.0,1.628465,0.77075,GBR,IDN,0575
384361,90,103,711,2013.0,164194.0,0.0,0.073442,0.9857899999999999,GRC,IDN,0575
384362,97,103,711,2013.0,126468.0,251351.0,0.791401,1.249845,HKG,IDN,0575
384363,104,103,711,2013.0,387998.0,0.0,0.18186,2.647598,IND,IDN,0575
384364,107,103,711,2013.0,335823.0,0.0,-0.23625100000000002,-0.256067,IRN,IDN,0575
384365,111,103,711,2013.0,34129.0,0.0,1.419383,-0.304402,ITA,IDN,0575
384366,114,103,711,2013.0,13053.0,0.0,2.333417,-0.818701,JPN,IDN,0575
384367,121,103,711,2013.0,36629.0,0.0,1.817145,0.835414,KOR,IDN,0575
384368,138,103,711,2013.0,1005060.0,0.0,1.2327219999999999,0.746108,MEX,IDN,0575
384369,153,103,711,2013.0,438614.0,28226.0,0.924532,0.671334,MYS,IDN,0575
384370,155,103,711,2013.0,29449.0,0.0,-0.316805,-0.38759099999999996,NAM,IDN,0575
384371,163,103,711,2013.0,0.0,109011.0,0.710901,0.062705,NOR,IDN,0575
384372,173,103,711,2013.0,3005076.0,0.0,-0.640044,0.121772,PER,IDN,0575
384373,174,103,711,2013.0,0.0,1552.0,0.639083,0.45816899999999994,PHL,IDN,0575
384374,177,103,711,2013.0,0.0,10605.0,1.11341,0.975734,POL,IDN,0575
384375,190,103,711,2013.0,0.0,12794.0,-1.224897,-1.059517,SDN,IDN,0575
384376,192,103,711,2013.0,5814647.0,0.0,1.844685,0.639379,SGP,IDN,0575
384377,205,103,711,2013.0,0.0,5590.0,-0.25729,-0.651541,SUR,IDN,0575
384378,216,103,711,2013.0,43133.0,0.0,1.067287,1.2767110000000002,THA,IDN,0575
384379,221,103,711,2013.0,0.0,4677.0,0.31217399999999995,-0.21186,TON,IDN,0575
384380,224,103,711,2013.0,1938.0,0.0,0.580016,2.394812,TUR,IDN,0575
384381,231,103,711,2013.0,27115298.0,0.0,1.612058,-0.8592989999999999,USA,IDN,0575
384382,246,103,711,2013.0,941950.0,0.0,0.11624100000000001,1.574591,ZAF,IDN,0575
384383,1,104,711,2013.0,24335090.0,0.0,-0.767212,-0.6506069999999999,AFG,IND,0575
384384,7,104,711,2013.0,29755.0,23505720.0,-0.338417,-0.754102,ARE,IND,0575
384385,8,104,711,2013.0,0.0,56253.0,0.042829,0.461002,ARG,IND,0575
384386,14,104,711,2013.0,629486.0,19695.0,-0.63369,-0.276328,AUS,IND,0575
384387,15,104,711,2013.0,0.0,3512940.0,1.855434,-1.06494,AUT,IND,0575
384388,18,104,711,2013.0,0.0,1016231.0,1.198491,1.117268,BEL,IND,0575
384389,22,104,711,2013.0,0.0,7811754.0,-0.835666,-0.8088810000000001,BGD,IND,0575
384390,23,104,711,2013.0,0.0,155693.0,0.622325,1.5506229999999999,BGR,IND,0575
384391,24,104,711,2013.0,0.0,740503.0,0.080634,-0.6828890000000001,BHR,IND,0575
384392,26,104,711,2013.0,0.0,6806.0,0.723658,0.9271879999999999,BIH,IND,0575
384393,28,104,711,2013.0,0.0,565668.0,1.183522,0.934159,BLR,IND,0575
384394,32,104,711,2013.0,0.0,94397.0,0.2804,0.649729,BRA,IND,0575
384395,33,104,711,2013.0,13608.0,0.0,0.607845,0.09196,BRB,IND,0575
384396,34,104,711,2013.0,0.0,7001.0,-1.664,-0.663172,BRN,IND,0575
384397,39,104,711,2013.0,0.0,114217.0,0.599305,1.193591,CAN,IND,0575
384398,41,104,711,2013.0,0.0,138736.0,2.0899229999999998,0.661667,CHE,IND,0575
384399,42,104,711,2013.0,754299.0,0.0,-0.184556,-0.238657,CHL,IND,0575
384400,43,104,711,2013.0,2601075.0,1496803.0,1.24864,0.667713,CHN,IND,0575
384401,46,104,711,2013.0,0.0,1791.0,-1.450075,-1.115916,COD,IND,0575
384402,49,104,711,2013.0,0.0,132949.0,0.034491,-0.36975,COL,IND,0575
384403,59,104,711,2013.0,0.0,2859343.0,1.829509,-0.41787700000000005,CZE,IND,0575
384404,61,104,711,2013.0,0.0,7944480.0,2.1086869999999998,-3.7092,DEU,IND,0575
384405,64,104,711,2013.0,0.0,1950383.0,1.190302,1.062991,DNK,IND,0575
384406,66,104,711,2013.0,0.0,144705.0,-1.53603,-1.104965,DZA,IND,0575
384407,68,104,711,2013.0,22104.0,367114.0,-0.12015799999999999,1.793363,EGY,IND,0575
384408,71,104,711,2013.0,0.0,4320757.0,0.955472,1.80005,ESP,IND,0575
384409,72,104,711,2013.0,0.0,367467.0,0.923321,1.290016,EST,IND,0575
384410,73,104,711,2013.0,0.0,22829.0,-1.1373090000000001,-0.89186,ETH,IND,0575
384411,74,104,711,2013.0,0.0,1465908.0,1.700282,0.867677,FIN,IND,0575
384412,75,104,711,2013.0,0.0,20601.0,-0.374639,-0.140308,FJI,IND,0575
384413,77,104,711,2013.0,0.0,1645934.0,1.5253299999999999,0.026146,FRA,IND,0575
384414,81,104,711,2013.0,0.0,29378720.0,1.628465,0.77075,GBR,IND,0575
384415,90,104,711,2013.0,345486.0,618003.0,0.073442,0.9857899999999999,GRC,IND,0575
384416,92,104,711,2013.0,0.0,18658.0,-1.119616,-0.802964,GRL,IND,0575
384417,93,104,711,2013.0,0.0,26574.0,-0.220165,0.661111,GTM,IND,0575
384418,97,104,711,2013.0,0.0,2781337.0,0.791401,1.249845,HKG,IND,0575
384419,99,104,711,2013.0,0.0,24635.0,-0.6661060000000001,-0.38619699999999996,HND,IND,0575
384420,100,104,711,2013.0,0.0,233651.0,0.8737309999999999,1.276091,HRV,IND,0575
384421,103,104,711,2013.0,0.0,387998.0,-0.006876999999999999,1.8336569999999999,IDN,IND,0575
384422,106,104,711,2013.0,0.0,777693.0,1.32787,0.394579,IRL,IND,0575
384423,107,104,711,2013.0,61202.0,64470.0,-0.23625100000000002,-0.256067,IRN,IND,0575
384424,109,104,711,2013.0,0.0,108634.0,0.284089,-0.164097,ISL,IND,0575
384425,111,104,711,2013.0,0.0,58761.0,1.419383,-0.304402,ITA,IND,0575
384426,112,104,711,2013.0,0.0,16622.0,-0.364044,-0.744733,JAM,IND,0575
384427,113,104,711,2013.0,0.0,47405.0,0.1888,0.596867,JOR,IND,0575
384428,114,104,711,2013.0,0.0,6953.0,2.333417,-0.818701,JPN,IND,0575
384429,115,104,711,2013.0,0.0,69858.0,-0.9193819999999999,-0.734194,KAZ,IND,0575
384430,116,104,711,2013.0,0.0,52629.0,-0.303119,0.626786,KEN,IND,0575
384431,118,104,711,2013.0,0.0,128304.0,-0.634876,-0.714886,KHM,IND,0575
384432,122,104,711,2013.0,0.0,1253880.0,-1.198985,-1.057248,KWT,IND,0575
384433,124,104,711,2013.0,0.0,7085.0,0.37392800000000004,1.413136,LBN,IND,0575
384434,126,104,711,2013.0,0.0,130368.0,-1.871593,-1.1211790000000001,LBY,IND,0575
384435,128,104,711,2013.0,0.0,3763882.0,-0.320583,0.44462399999999996,LKA,IND,0575
384436,130,104,711,2013.0,0.0,968394.0,0.677986,1.29227,LTU,IND,0575
384437,132,104,711,2013.0,0.0,95863.0,0.652463,1.299917,LVA,IND,0575
384438,134,104,711,2013.0,0.0,748461.0,-0.474872,0.178118,MAR,IND,0575
384439,135,104,711,2013.0,0.0,9016.0,0.14256,0.33920700000000004,MDA,IND,0575
384440,136,104,711,2013.0,0.0,19132.0,-0.786091,-0.611478,MDG,IND,0575
384441,137,104,711,2013.0,0.0,36495.0,-0.510204,-0.740372,MDV,IND,0575
384442,138,104,711,2013.0,274090.0,1463531.0,1.2327219999999999,0.746108,MEX,IND,0575
384443,142,104,711,2013.0,0.0,22887.0,0.710108,-0.014586000000000002,MLT,IND,0575
384444,143,104,711,2013.0,0.0,24782.0,-1.147086,-0.6888989999999999,MMR,IND,0575
384445,144,104,711,2013.0,0.0,2056.0,0.09597,-0.019953,MNE,IND,0575
384446,151,104,711,2013.0,0.0,272630.0,-0.092312,0.050927,MUS,IND,0575
384447,153,104,711,2013.0,0.0,2246628.0,0.924532,0.671334,MYS,IND,0575
384448,159,104,711,2013.0,35908.0,24523.0,-1.679402,-1.14686,NGA,IND,0575
384449,162,104,711,2013.0,0.0,65820824.0,1.012006,1.441545,NLD,IND,0575
384450,163,104,711,2013.0,0.0,1417767.0,0.710901,0.062705,NOR,IND,0575
384451,164,104,711,2013.0,0.0,2122089.0,-0.08623,0.5143939999999999,NPL,IND,0575
384452,166,104,711,2013.0,0.0,36757.0,0.192237,0.429825,NZL,IND,0575
384453,167,104,711,2013.0,0.0,1754403.0,-0.698693,-1.030814,OMN,IND,0575
384454,168,104,711,2013.0,135377.0,35370.0,-0.697224,0.501576,PAK,IND,0575
384455,173,104,711,2013.0,895487.0,73293.0,-0.640044,0.121772,PER,IND,0575
384456,174,104,711,2013.0,27217.0,1123661.0,0.639083,0.45816899999999994,PHL,IND,0575
384457,177,104,711,2013.0,0.0,3502246.0,1.11341,0.975734,POL,IND,0575
384458,179,104,711,2013.0,0.0,214290.0,0.705087,2.2055580000000004,PRT,IND,0575
384459,183,104,711,2013.0,0.0,178476.0,-0.583609,-1.003754,QAT,IND,0575
384460,185,104,711,2013.0,0.0,489291.0,1.05722,1.0968799999999999,ROU,IND,0575
384461,186,104,711,2013.0,0.0,30911032.0,-0.08233,-0.267781,RUS,IND,0575
384462,188,104,711,2013.0,0.0,10638312.0,-0.14823599999999998,-0.883965,SAU,IND,0575
384463,190,104,711,2013.0,0.0,13404.0,-1.224897,-1.059517,SDN,IND,0575
384464,191,104,711,2013.0,0.0,67144.0,-0.566624,-0.185277,SEN,IND,0575
384465,192,104,711,2013.0,0.0,927835.0,1.844685,0.639379,SGP,IND,0575
384466,201,104,711,2013.0,0.0,54574.0,0.609755,1.355304,SRB,IND,0575
384467,205,104,711,2013.0,0.0,62993.0,-0.25729,-0.651541,SUR,IND,0575
384468,206,104,711,2013.0,0.0,428946.0,1.510052,0.7060310000000001,SVK,IND,0575
384469,207,104,711,2013.0,0.0,89744.0,1.55922,0.565874,SVN,IND,0575
384470,208,104,711,2013.0,0.0,5402522.0,1.7851290000000002,0.182623,SWE,IND,0575
384471,211,104,711,2013.0,0.0,20551.0,0.06901,-0.438229,SYC,IND,0575
384472,212,104,711,2013.0,0.0,25436.0,-0.09157699999999999,1.1795950000000002,SYR,IND,0575
384473,216,104,711,2013.0,74908.0,7650706.0,1.067287,1.2767110000000002,THA,IND,0575
384474,222,104,711,2013.0,0.0,478573.0,-0.399437,-1.047864,TTO,IND,0575
384475,223,104,711,2013.0,0.0,84349.0,0.40154,0.902177,TUN,IND,0575
384476,224,104,711,2013.0,0.0,540900.0,0.580016,2.394812,TUR,IND,0575
384477,226,104,711,2013.0,0.0,4870.0,-0.654655,0.903574,TZA,IND,0575
384478,228,104,711,2013.0,0.0,5587964.0,0.535571,1.026263,UKR,IND,0575
384479,230,104,711,2013.0,0.0,22455.0,0.128825,0.02334,URY,IND,0575
384480,231,104,711,2013.0,6195674.0,27682.0,1.612058,-0.8592989999999999,USA,IND,0575
384481,239,104,711,2013.0,0.0,1174234.0,0.009264,1.182368,VNM,IND,0575
384482,243,104,711,2013.0,0.0,11255.0,-1.2788700000000002,-1.230713,YEM,IND,0575
384483,246,104,711,2013.0,115101.0,12424.0,0.11624100000000001,1.574591,ZAF,IND,0575
384484,249,104,711,2013.0,0.0,1127929.0,1.7382849999999999,0.9917739999999999,TWN,IND,0575
384485,250,104,711,2013.0,0.0,1945.0,0.583151,0.14238299999999998,ANS,IND,0575
384486,2,110,711,2013.0,0.0,253698.0,-1.240877,-1.073797,AGO,ISR,0575
384487,15,110,711,2013.0,0.0,16649.0,1.855434,-1.06494,AUT,ISR,0575
384488,18,110,711,2013.0,0.0,9101.0,1.198491,1.117268,BEL,ISR,0575
384489,28,110,711,2013.0,0.0,12566.0,1.183522,0.934159,BLR,ISR,0575
384490,39,110,711,2013.0,44788.0,0.0,0.599305,1.193591,CAN,ISR,0575
384491,41,110,711,2013.0,0.0,6898.0,2.0899229999999998,0.661667,CHE,ISR,0575
384492,43,110,711,2013.0,49229.0,0.0,1.24864,0.667713,CHN,ISR,0575
384493,58,110,711,2013.0,0.0,40294.0,0.36482800000000004,0.527544,CYP,ISR,0575
384494,59,110,711,2013.0,0.0,241014.0,1.829509,-0.41787700000000005,CZE,ISR,0575
384495,61,110,711,2013.0,0.0,615033.0,2.1086869999999998,-3.7092,DEU,ISR,0575
384496,71,110,711,2013.0,0.0,1327.0,0.955472,1.80005,ESP,ISR,0575
384497,72,110,711,2013.0,0.0,3689.0,0.923321,1.290016,EST,ISR,0575
384498,74,110,711,2013.0,0.0,4214.0,1.700282,0.867677,FIN,ISR,0575
384499,77,110,711,2013.0,0.0,1454822.0,1.5253299999999999,0.026146,FRA,ISR,0575
384500,81,110,711,2013.0,0.0,1116047.0,1.628465,0.77075,GBR,ISR,0575
384501,83,110,711,2013.0,0.0,332841.0,-0.696971,-0.5807939999999999,GHA,ISR,0575
384502,90,110,711,2013.0,195524.0,0.0,0.073442,0.9857899999999999,GRC,ISR,0575
384503,97,110,711,2013.0,0.0,1972.0,0.791401,1.249845,HKG,ISR,0575
384504,106,110,711,2013.0,0.0,40628.0,1.32787,0.394579,IRL,ISR,0575
384505,111,110,711,2013.0,25213.0,0.0,1.419383,-0.304402,ITA,ISR,0575
384506,128,110,711,2013.0,0.0,776446.0,-0.320583,0.44462399999999996,LKA,ISR,0575
384507,131,110,711,2013.0,0.0,87340.0,1.0110190000000001,1.123226,LUX,ISR,0575
384508,136,110,711,2013.0,0.0,65962.0,-0.786091,-0.611478,MDG,ISR,0575
384509,159,110,711,2013.0,0.0,248892.0,-1.679402,-1.14686,NGA,ISR,0575
384510,162,110,711,2013.0,0.0,949527.0,1.012006,1.441545,NLD,ISR,0575
384511,163,110,711,2013.0,0.0,92877.0,0.710901,0.062705,NOR,ISR,0575
384512,177,110,711,2013.0,0.0,608750.0,1.11341,0.975734,POL,ISR,0575
384513,181,110,711,2013.0,588234.0,147767.0,0.103716,0.762259,PSE,ISR,0575
384514,186,110,711,2013.0,0.0,2130174.0,-0.08233,-0.267781,RUS,ISR,0575
384515,206,110,711,2013.0,0.0,3359.0,1.510052,0.7060310000000001,SVK,ISR,0575
384516,207,110,711,2013.0,0.0,1752106.0,1.55922,0.565874,SVN,ISR,0575
384517,224,110,711,2013.0,17696.0,0.0,0.580016,2.394812,TUR,ISR,0575
384518,226,110,711,2013.0,0.0,29727.0,-0.654655,0.903574,TZA,ISR,0575
384519,228,110,711,2013.0,0.0,49361.0,0.535571,1.026263,UKR,ISR,0575
384520,231,110,711,2013.0,5783896.0,0.0,1.612058,-0.8592989999999999,USA,ISR,0575
384521,232,110,711,2013.0,22630.0,0.0,-0.7076319999999999,-0.645674,UZB,ISR,0575
384522,246,110,711,2013.0,1826787.0,279760.0,0.11624100000000001,1.574591,ZAF,ISR,0575
384523,247,110,711,2013.0,0.0,1298.0,-0.293192,-0.42930100000000004,ZMB,ISR,0575
384524,2,111,711,2013.0,0.0,56672.0,-1.240877,-1.073797,AGO,ITA,0575
384525,4,111,711,2013.0,0.0,1139608.0,-0.44779300000000005,-0.13181700000000002,ALB,ITA,0575
384526,7,111,711,2013.0,0.0,8303148.0,-0.338417,-0.754102,ARE,ITA,0575
384527,8,111,711,2013.0,290833.0,0.0,0.042829,0.461002,ARG,ITA,0575
384528,14,111,711,2013.0,1594129.0,0.0,-0.63369,-0.276328,AUS,ITA,0575
384529,15,111,711,2013.0,360647.0,26032528.0,1.855434,-1.06494,AUT,ITA,0575
384530,18,111,711,2013.0,1068713.0,40807772.0,1.198491,1.117268,BEL,ITA,0575
384531,19,111,711,2013.0,0.0,532412.0,-0.924213,-0.8181390000000001,BEN,ITA,0575
384532,22,111,711,2013.0,0.0,32670.0,-0.835666,-0.8088810000000001,BGD,ITA,0575
384533,23,111,711,2013.0,15721.0,738248.0,0.622325,1.5506229999999999,BGR,ITA,0575
384534,24,111,711,2013.0,0.0,119328.0,0.080634,-0.6828890000000001,BHR,ITA,0575
384535,26,111,711,2013.0,0.0,5449.0,0.723658,0.9271879999999999,BIH,ITA,0575
384536,28,111,711,2013.0,0.0,1995764.0,1.183522,0.934159,BLR,ITA,0575
384537,32,111,711,2013.0,145176.0,2362266.0,0.2804,0.649729,BRA,ITA,0575
384538,39,111,711,2013.0,0.0,1277025.0,0.599305,1.193591,CAN,ITA,0575
384539,41,111,711,2013.0,18920.0,48139148.0,2.0899229999999998,0.661667,CHE,ITA,0575
384540,42,111,711,2013.0,9128460.0,51439.0,-0.184556,-0.238657,CHL,ITA,0575
384541,43,111,711,2013.0,644329.0,5162.0,1.24864,0.667713,CHN,ITA,0575
384542,44,111,711,2013.0,0.0,249700.0,-1.0025870000000001,-0.901658,CIV,ITA,0575
384543,45,111,711,2013.0,0.0,88281.0,-0.93575,-1.003851,CMR,ITA,0575
384544,46,111,711,2013.0,0.0,17834.0,-1.450075,-1.115916,COD,ITA,0575
384545,47,111,711,2013.0,0.0,18355.0,-1.478461,-1.094509,COG,ITA,0575
384546,49,111,711,2013.0,0.0,563621.0,0.034491,-0.36975,COL,ITA,0575
384547,51,111,711,2013.0,0.0,12423.0,-0.28793,-0.5938319999999999,CPV,ITA,0575
384548,55,111,711,2013.0,0.0,6639.0,-0.145402,-0.556962,CUW,ITA,0575
384549,58,111,711,2013.0,0.0,2315302.0,0.36482800000000004,0.527544,CYP,ITA,0575
384550,59,111,711,2013.0,31983.0,28969566.0,1.829509,-0.41787700000000005,CZE,ITA,0575
384551,61,111,711,2013.0,2735890.0,217550176.0,2.1086869999999998,-3.7092,DEU,ITA,0575
384552,64,111,711,2013.0,8367.0,8010380.0,1.190302,1.062991,DNK,ITA,0575
384553,66,111,711,2013.0,0.0,123132.0,-1.53603,-1.104965,DZA,ITA,0575
384554,68,111,711,2013.0,10051152.0,117526.0,-0.12015799999999999,1.793363,EGY,ITA,0575
384555,71,111,711,2013.0,7135620.0,44264084.0,0.955472,1.80005,ESP,ITA,0575
384556,72,111,711,2013.0,5111.0,917960.0,0.923321,1.290016,EST,ITA,0575
384557,73,111,711,2013.0,0.0,8087.0,-1.1373090000000001,-0.89186,ETH,ITA,0575
384558,74,111,711,2013.0,0.0,782557.0,1.700282,0.867677,FIN,ITA,0575
384559,77,111,711,2013.0,3538764.0,135487088.0,1.5253299999999999,0.026146,FRA,ITA,0575
384560,80,111,711,2013.0,0.0,32790.0,-1.652062,-1.140576,GAB,ITA,0575
384561,81,111,711,2013.0,632462.0,31101804.0,1.628465,0.77075,GBR,ITA,0575
384562,83,111,711,2013.0,0.0,323186.0,-0.696971,-0.5807939999999999,GHA,ITA,0575
384563,90,111,711,2013.0,2137961.0,536109.0,0.073442,0.9857899999999999,GRC,ITA,0575
384564,92,111,711,2013.0,0.0,2011.0,-1.119616,-0.802964,GRL,ITA,0575
384565,97,111,711,2013.0,0.0,41719.0,0.791401,1.249845,HKG,ITA,0575
384566,100,111,711,2013.0,6450.0,6765738.0,0.8737309999999999,1.276091,HRV,ITA,0575
384567,102,111,711,2013.0,0.0,5942411.0,1.6962560000000002,0.45460600000000007,HUN,ITA,0575
384568,103,111,711,2013.0,0.0,34129.0,-0.006876999999999999,1.8336569999999999,IDN,ITA,0575
384569,104,111,711,2013.0,58761.0,0.0,0.18186,2.647598,IND,ITA,0575
384570,106,111,711,2013.0,0.0,1549745.0,1.32787,0.394579,IRL,ITA,0575
384571,107,111,711,2013.0,3035324.0,0.0,-0.23625100000000002,-0.256067,IRN,ITA,0575
384572,109,111,711,2013.0,0.0,17484.0,0.284089,-0.164097,ISL,ITA,0575
384573,110,111,711,2013.0,0.0,25213.0,1.0247629999999999,0.8261639999999999,ISR,ITA,0575
384574,113,111,711,2013.0,0.0,80391.0,0.1888,0.596867,JOR,ITA,0575
384575,114,111,711,2013.0,0.0,3851.0,2.333417,-0.818701,JPN,ITA,0575
384576,115,111,711,2013.0,0.0,6743.0,-0.9193819999999999,-0.734194,KAZ,ITA,0575
384577,116,111,711,2013.0,0.0,4456.0,-0.303119,0.626786,KEN,ITA,0575
384578,122,111,711,2013.0,0.0,323569.0,-1.198985,-1.057248,KWT,ITA,0575
384579,126,111,711,2013.0,0.0,4611952.0,-1.871593,-1.1211790000000001,LBY,ITA,0575
384580,128,111,711,2013.0,0.0,594738.0,-0.320583,0.44462399999999996,LKA,ITA,0575
384581,130,111,711,2013.0,20758.0,9514875.0,0.677986,1.29227,LTU,ITA,0575
384582,131,111,711,2013.0,0.0,1471278.0,1.0110190000000001,1.123226,LUX,ITA,0575
384583,132,111,711,2013.0,14090.0,4511924.0,0.652463,1.299917,LVA,ITA,0575
384584,134,111,711,2013.0,1357492.0,214533.0,-0.474872,0.178118,MAR,ITA,0575
384585,135,111,711,2013.0,0.0,25733.0,0.14256,0.33920700000000004,MDA,ITA,0575
384586,136,111,711,2013.0,0.0,15303.0,-0.786091,-0.611478,MDG,ITA,0575
384587,140,111,711,2013.0,49769.0,2252.0,-0.127775,0.21915900000000002,MKD,ITA,0575
384588,142,111,711,2013.0,4865.0,1419616.0,0.710108,-0.014586000000000002,MLT,ITA,0575
384589,144,111,711,2013.0,0.0,107589.0,0.09597,-0.019953,MNE,ITA,0575
384590,145,111,711,2013.0,0.0,9666.0,-1.264785,-1.133222,MNG,ITA,0575
384591,148,111,711,2013.0,0.0,10748.0,-1.681152,-1.2712350000000001,MRT,ITA,0575
384592,151,111,711,2013.0,0.0,515677.0,-0.092312,0.050927,MUS,ITA,0575
384593,153,111,711,2013.0,0.0,34488.0,0.924532,0.671334,MYS,ITA,0575
384594,154,111,711,2013.0,0.0,19696.0,0.652359,-0.525881,MYT,ITA,0575
384595,155,111,711,2013.0,424912.0,0.0,-0.316805,-0.38759099999999996,NAM,ITA,0575
384596,156,111,711,2013.0,0.0,239808.0,-0.262882,-0.63858,NCL,ITA,0575
384597,157,111,711,2013.0,0.0,20139.0,-1.0008350000000001,-0.8325670000000001,NER,ITA,0575
384598,159,111,711,2013.0,0.0,267027.0,-1.679402,-1.14686,NGA,ITA,0575
384599,162,111,711,2013.0,13405564.0,25930012.0,1.012006,1.441545,NLD,ITA,0575
384600,163,111,711,2013.0,0.0,8336245.0,0.710901,0.062705,NOR,ITA,0575
384601,167,111,711,2013.0,0.0,447792.0,-0.698693,-1.030814,OMN,ITA,0575
384602,168,111,711,2013.0,0.0,28990.0,-0.697224,0.501576,PAK,ITA,0575
384603,169,111,711,2013.0,0.0,5116.0,0.8719819999999999,1.038982,PAN,ITA,0575
384604,173,111,711,2013.0,484354.0,0.0,-0.640044,0.121772,PER,ITA,0575
384605,177,111,711,2013.0,182927.0,74076080.0,1.11341,0.975734,POL,ITA,0575
384606,179,111,711,2013.0,0.0,426249.0,0.705087,2.2055580000000004,PRT,ITA,0575
384607,183,111,711,2013.0,0.0,259661.0,-0.583609,-1.003754,QAT,ITA,0575
384608,185,111,711,2013.0,27399.0,5962722.0,1.05722,1.0968799999999999,ROU,ITA,0575
384609,186,111,711,2013.0,0.0,21612434.0,-0.08233,-0.267781,RUS,ITA,0575
384610,188,111,711,2013.0,0.0,4882544.0,-0.14823599999999998,-0.883965,SAU,ITA,0575
384611,190,111,711,2013.0,0.0,5452.0,-1.224897,-1.059517,SDN,ITA,0575
384612,191,111,711,2013.0,0.0,117598.0,-0.566624,-0.185277,SEN,ITA,0575
384613,192,111,711,2013.0,0.0,2682.0,1.844685,0.639379,SGP,ITA,0575
384614,201,111,711,2013.0,0.0,187456.0,0.609755,1.355304,SRB,ITA,0575
384615,206,111,711,2013.0,44753.0,9726933.0,1.510052,0.7060310000000001,SVK,ITA,0575
384616,207,111,711,2013.0,158762.0,7487634.0,1.55922,0.565874,SVN,ITA,0575
384617,208,111,711,2013.0,0.0,6956072.0,1.7851290000000002,0.182623,SWE,ITA,0575
384618,211,111,711,2013.0,0.0,84291.0,0.06901,-0.438229,SYC,ITA,0575
384619,215,111,711,2013.0,0.0,189717.0,-0.532095,-0.434276,TGO,ITA,0575
384620,223,111,711,2013.0,133591.0,48707.0,0.40154,0.902177,TUN,ITA,0575
384621,224,111,711,2013.0,35709912.0,25156.0,0.580016,2.394812,TUR,ITA,0575
384622,228,111,711,2013.0,0.0,944876.0,0.535571,1.026263,UKR,ITA,0575
384623,230,111,711,2013.0,0.0,60546.0,0.128825,0.02334,URY,ITA,0575
384624,231,111,711,2013.0,392030.0,2751570.0,1.612058,-0.8592989999999999,USA,ITA,0575
384625,232,111,711,2013.0,28296.0,0.0,-0.7076319999999999,-0.645674,UZB,ITA,0575
384626,246,111,711,2013.0,1618411.0,0.0,0.11624100000000001,1.574591,ZAF,ITA,0575
384627,7,112,711,2013.0,22338.0,0.0,-0.338417,-0.754102,ARE,JAM,0575
384628,8,112,711,2013.0,86173.0,0.0,0.042829,0.461002,ARG,JAM,0575
384629,42,112,711,2013.0,60042.0,0.0,-0.184556,-0.238657,CHL,JAM,0575
384630,43,112,711,2013.0,21422.0,0.0,1.24864,0.667713,CHN,JAM,0575
384631,65,112,711,2013.0,11488.0,0.0,-0.272579,0.42750699999999997,DOM,JAM,0575
384632,90,112,711,2013.0,43333.0,0.0,0.073442,0.9857899999999999,GRC,JAM,0575
384633,104,112,711,2013.0,16622.0,0.0,0.18186,2.647598,IND,JAM,0575
384634,138,112,711,2013.0,9812.0,0.0,1.2327219999999999,0.746108,MEX,JAM,0575
384635,177,112,711,2013.0,0.0,5287.0,1.11341,0.975734,POL,JAM,0575
384636,224,112,711,2013.0,485335.0,0.0,0.580016,2.394812,TUR,JAM,0575
384637,231,112,711,2013.0,584637.0,0.0,1.612058,-0.8592989999999999,USA,JAM,0575
384638,7,113,711,2013.0,537063.0,302429.0,-0.338417,-0.754102,ARE,JOR,0575
384639,14,113,711,2013.0,10532.0,0.0,-0.63369,-0.276328,AUS,JOR,0575
384640,24,113,711,2013.0,0.0,48331.0,0.080634,-0.6828890000000001,BHR,JOR,0575
384641,41,113,711,2013.0,2416.0,0.0,2.0899229999999998,0.661667,CHE,JOR,0575
384642,42,113,711,2013.0,85909.0,0.0,-0.184556,-0.238657,CHL,JOR,0575
384643,61,113,711,2013.0,4571.0,0.0,2.1086869999999998,-3.7092,DEU,JOR,0575
384644,68,113,711,2013.0,29932.0,0.0,-0.12015799999999999,1.793363,EGY,JOR,0575
384645,71,113,711,2013.0,56609.0,0.0,0.955472,1.80005,ESP,JOR,0575
384646,90,113,711,2013.0,17801.0,0.0,0.073442,0.9857899999999999,GRC,JOR,0575
384647,104,113,711,2013.0,47405.0,0.0,0.18186,2.647598,IND,JOR,0575
384648,106,113,711,2013.0,0.0,4585.0,1.32787,0.394579,IRL,JOR,0575
384649,107,113,711,2013.0,846728.0,0.0,-0.23625100000000002,-0.256067,IRN,JOR,0575
384650,108,113,711,2013.0,0.0,53522.0,-3.147217,-0.685991,IRQ,JOR,0575
384651,111,113,711,2013.0,80391.0,0.0,1.419383,-0.304402,ITA,JOR,0575
384652,122,113,711,2013.0,0.0,165317.0,-1.198985,-1.057248,KWT,JOR,0575
384653,124,113,711,2013.0,410281.0,4510.0,0.37392800000000004,1.413136,LBN,JOR,0575
384654,135,113,711,2013.0,0.0,8789.0,0.14256,0.33920700000000004,MDA,JOR,0575
384655,167,113,711,2013.0,0.0,87480.0,-0.698693,-1.030814,OMN,JOR,0575
384656,173,113,711,2013.0,3207.0,0.0,-0.640044,0.121772,PER,JOR,0575
384657,181,113,711,2013.0,7866.0,2864.0,0.103716,0.762259,PSE,JOR,0575
384658,183,113,711,2013.0,0.0,35854.0,-0.583609,-1.003754,QAT,JOR,0575
384659,188,113,711,2013.0,51127.0,244733.0,-0.14823599999999998,-0.883965,SAU,JOR,0575
384660,212,113,711,2013.0,2684857.0,115356.0,-0.09157699999999999,1.1795950000000002,SYR,JOR,0575
384661,224,113,711,2013.0,5272.0,0.0,0.580016,2.394812,TUR,JOR,0575
384662,231,113,711,2013.0,292126.0,0.0,1.612058,-0.8592989999999999,USA,JOR,0575
384663,246,113,711,2013.0,73433.0,9531.0,0.11624100000000001,1.574591,ZAF,JOR,0575
384664,7,121,711,2013.0,0.0,12306.0,-0.338417,-0.754102,ARE,KOR,0575
384665,14,121,711,2013.0,193481.0,0.0,-0.63369,-0.276328,AUS,KOR,0575
384666,39,121,711,2013.0,0.0,64476.0,0.599305,1.193591,CAN,KOR,0575
384667,42,121,711,2013.0,115385424.0,56386.0,-0.184556,-0.238657,CHL,KOR,0575
384668,43,121,711,2013.0,50465.0,0.0,1.24864,0.667713,CHN,KOR,0575
384669,61,121,711,2013.0,21241.0,0.0,2.1086869999999998,-3.7092,DEU,KOR,0575
384670,81,121,711,2013.0,5083.0,1138.0,1.628465,0.77075,GBR,KOR,0575
384671,90,121,711,2013.0,4849.0,0.0,0.073442,0.9857899999999999,GRC,KOR,0575
384672,95,121,711,2013.0,0.0,7377.0,0.425936,-0.069886,GUM,KOR,0575
384673,97,121,711,2013.0,0.0,251705.0,0.791401,1.249845,HKG,KOR,0575
384674,103,121,711,2013.0,0.0,36629.0,-0.006876999999999999,1.8336569999999999,IDN,KOR,0575
384675,107,121,711,2013.0,5926.0,0.0,-0.23625100000000002,-0.256067,IRN,KOR,0575
384676,114,121,711,2013.0,0.0,2653.0,2.333417,-0.818701,JPN,KOR,0575
384677,145,121,711,2013.0,0.0,14083.0,-1.264785,-1.133222,MNG,KOR,0575
384678,153,121,711,2013.0,0.0,130037.0,0.924532,0.671334,MYS,KOR,0575
384679,166,121,711,2013.0,1778.0,83898.0,0.192237,0.429825,NZL,KOR,0575
384680,173,121,711,2013.0,10402640.0,0.0,-0.640044,0.121772,PER,KOR,0575
384681,186,121,711,2013.0,0.0,10876.0,-0.08233,-0.267781,RUS,KOR,0575
384682,192,121,711,2013.0,6616.0,409087.0,1.844685,0.639379,SGP,KOR,0575
384683,216,121,711,2013.0,22238.0,34033.0,1.067287,1.2767110000000002,THA,KOR,0575
384684,224,121,711,2013.0,252931.0,0.0,0.580016,2.394812,TUR,KOR,0575
384685,231,121,711,2013.0,28317764.0,626009.0,1.612058,-0.8592989999999999,USA,KOR,0575
384686,239,121,711,2013.0,0.0,59568.0,0.009264,1.182368,VNM,KOR,0575
384687,249,121,711,2013.0,0.0,4583.0,1.7382849999999999,0.9917739999999999,TWN,KOR,0575
384688,1,122,711,2013.0,6549.0,0.0,-0.767212,-0.6506069999999999,AFG,KWT,0575
384689,7,122,711,2013.0,2059480.0,21720.0,-0.338417,-0.754102,ARE,KWT,0575
384690,14,122,711,2013.0,159597.0,0.0,-0.63369,-0.276328,AUS,KWT,0575
384691,32,122,711,2013.0,3667.0,0.0,0.2804,0.649729,BRA,KWT,0575
384692,42,122,711,2013.0,880884.0,0.0,-0.184556,-0.238657,CHL,KWT,0575
384693,43,122,711,2013.0,3675.0,0.0,1.24864,0.667713,CHN,KWT,0575
384694,61,122,711,2013.0,2204.0,0.0,2.1086869999999998,-3.7092,DEU,KWT,0575
384695,68,122,711,2013.0,2714303.0,0.0,-0.12015799999999999,1.793363,EGY,KWT,0575
384696,71,122,711,2013.0,44760.0,0.0,0.955472,1.80005,ESP,KWT,0575
384697,77,122,711,2013.0,247920.0,0.0,1.5253299999999999,0.026146,FRA,KWT,0575
384698,81,122,711,2013.0,3431.0,0.0,1.628465,0.77075,GBR,KWT,0575
384699,104,122,711,2013.0,1253880.0,0.0,0.18186,2.647598,IND,KWT,0575
384700,107,122,711,2013.0,1185262.0,0.0,-0.23625100000000002,-0.256067,IRN,KWT,0575
384701,108,122,711,2013.0,0.0,113335.0,-3.147217,-0.685991,IRQ,KWT,0575
384702,111,122,711,2013.0,323569.0,0.0,1.419383,-0.304402,ITA,KWT,0575
384703,113,122,711,2013.0,165317.0,0.0,0.1888,0.596867,JOR,KWT,0575
384704,114,122,711,2013.0,2638.0,0.0,2.333417,-0.818701,JPN,KWT,0575
384705,124,122,711,2013.0,394532.0,0.0,0.37392800000000004,1.413136,LBN,KWT,0575
384706,134,122,711,2013.0,15387.0,0.0,-0.474872,0.178118,MAR,KWT,0575
384707,155,122,711,2013.0,26653.0,0.0,-0.316805,-0.38759099999999996,NAM,KWT,0575
384708,162,122,711,2013.0,17310.0,0.0,1.012006,1.441545,NLD,KWT,0575
384709,167,122,711,2013.0,7970.0,8408.0,-0.698693,-1.030814,OMN,KWT,0575
384710,168,122,711,2013.0,4783.0,0.0,-0.697224,0.501576,PAK,KWT,0575
384711,173,122,711,2013.0,143797.0,0.0,-0.640044,0.121772,PER,KWT,0575
384712,188,122,711,2013.0,282128.0,14761.0,-0.14823599999999998,-0.883965,SAU,KWT,0575
384713,212,122,711,2013.0,1720143.0,0.0,-0.09157699999999999,1.1795950000000002,SYR,KWT,0575
384714,223,122,711,2013.0,12568.0,0.0,0.40154,0.902177,TUN,KWT,0575
384715,224,122,711,2013.0,400088.0,0.0,0.580016,2.394812,TUR,KWT,0575
384716,231,122,711,2013.0,698501.0,0.0,1.612058,-0.8592989999999999,USA,KWT,0575
384717,243,122,711,2013.0,4471.0,0.0,-1.2788700000000002,-1.230713,YEM,KWT,0575
384718,246,122,711,2013.0,598190.0,0.0,0.11624100000000001,1.574591,ZAF,KWT,0575
384719,7,138,711,2013.0,0.0,132312.0,-0.338417,-0.754102,ARE,MEX,0575
384720,13,138,711,2013.0,0.0,18273.0,0.25821500000000003,-0.383761,ATG,MEX,0575
384721,18,138,711,2013.0,0.0,27988.0,1.198491,1.117268,BEL,MEX,0575
384722,24,138,711,2013.0,0.0,2696.0,0.080634,-0.6828890000000001,BHR,MEX,0575
384723,29,138,711,2013.0,0.0,270020.0,-0.459154,-0.465912,BLZ,MEX,0575
384724,32,138,711,2013.0,0.0,518163.0,0.2804,0.649729,BRA,MEX,0575
384725,33,138,711,2013.0,0.0,7967.0,0.607845,0.09196,BRB,MEX,0575
384726,34,138,711,2013.0,0.0,7986.0,-1.664,-0.663172,BRN,MEX,0575
384727,39,138,711,2013.0,0.0,33198376.0,0.599305,1.193591,CAN,MEX,0575
384728,41,138,711,2013.0,0.0,12460.0,2.0899229999999998,0.661667,CHE,MEX,0575
384729,42,138,711,2013.0,42617416.0,191314.0,-0.184556,-0.238657,CHL,MEX,0575
384730,43,138,711,2013.0,0.0,12363448.0,1.24864,0.667713,CHN,MEX,0575
384731,49,138,711,2013.0,0.0,22020.0,0.034491,-0.36975,COL,MEX,0575
384732,52,138,711,2013.0,0.0,590044.0,0.208669,-0.54783,CRI,MEX,0575
384733,67,138,711,2013.0,0.0,55931.0,-0.8251790000000001,-0.9347200000000001,ECU,MEX,0575
384734,71,138,711,2013.0,4707.0,0.0,0.955472,1.80005,ESP,MEX,0575
384735,77,138,711,2013.0,0.0,109710.0,1.5253299999999999,0.026146,FRA,MEX,0575
384736,81,138,711,2013.0,0.0,1855255.0,1.628465,0.77075,GBR,MEX,0575
384737,93,138,711,2013.0,0.0,551967.0,-0.220165,0.661111,GTM,MEX,0575
384738,97,138,711,2013.0,0.0,143674.0,0.791401,1.249845,HKG,MEX,0575
384739,99,138,711,2013.0,0.0,228472.0,-0.6661060000000001,-0.38619699999999996,HND,MEX,0575
384740,103,138,711,2013.0,0.0,1005060.0,-0.006876999999999999,1.8336569999999999,IDN,MEX,0575
384741,104,138,711,2013.0,1463531.0,274090.0,0.18186,2.647598,IND,MEX,0575
384742,112,138,711,2013.0,0.0,9812.0,-0.364044,-0.744733,JAM,MEX,0575
384743,114,138,711,2013.0,0.0,1281961.0,2.333417,-0.818701,JPN,MEX,0575
384744,160,138,711,2013.0,0.0,30187.0,-0.7956479999999999,-0.596061,NIC,MEX,0575
384745,166,138,711,2013.0,0.0,1393674.0,0.192237,0.429825,NZL,MEX,0575
384746,169,138,711,2013.0,0.0,102298.0,0.8719819999999999,1.038982,PAN,MEX,0575
384747,173,138,711,2013.0,0.0,1013.0,-0.640044,0.121772,PER,MEX,0575
384748,183,138,711,2013.0,0.0,2127.0,-0.583609,-1.003754,QAT,MEX,0575
384749,197,138,711,2013.0,0.0,226084.0,0.104046,0.46966,SLV,MEX,0575
384750,224,138,711,2013.0,1706.0,0.0,0.580016,2.394812,TUR,MEX,0575
384751,231,138,711,2013.0,102808512.0,348818496.0,1.612058,-0.8592989999999999,USA,MEX,0575
384752,232,138,711,2013.0,7574.0,0.0,-0.7076319999999999,-0.645674,UZB,MEX,0575
384753,234,138,711,2013.0,0.0,10793.0,0.39042899999999997,-0.042089,VCT,MEX,0575
384754,236,138,711,2013.0,0.0,2431397.0,-1.281202,-1.094268,VEN,MEX,0575
384755,7,153,711,2013.0,108403.0,9076.0,-0.338417,-0.754102,ARE,MYS,0575
384756,8,153,711,2013.0,339384.0,0.0,0.042829,0.461002,ARG,MYS,0575
384757,14,153,711,2013.0,6602180.0,1321.0,-0.63369,-0.276328,AUS,MYS,0575
384758,22,153,711,2013.0,0.0,2624.0,-0.835666,-0.8088810000000001,BGD,MYS,0575
384759,24,153,711,2013.0,13271.0,0.0,0.080634,-0.6828890000000001,BHR,MYS,0575
384760,34,153,711,2013.0,0.0,114686.0,-1.664,-0.663172,BRN,MYS,0575
384761,39,153,711,2013.0,23175.0,0.0,0.599305,1.193591,CAN,MYS,0575
384762,42,153,711,2013.0,5658470.0,0.0,-0.184556,-0.238657,CHL,MYS,0575
384763,43,153,711,2013.0,19279760.0,18138.0,1.24864,0.667713,CHN,MYS,0575
384764,61,153,711,2013.0,1007.0,0.0,2.1086869999999998,-3.7092,DEU,MYS,0575
384765,68,153,711,2013.0,701377.0,0.0,-0.12015799999999999,1.793363,EGY,MYS,0575
384766,71,153,711,2013.0,191498.0,0.0,0.955472,1.80005,ESP,MYS,0575
384767,81,153,711,2013.0,4495.0,0.0,1.628465,0.77075,GBR,MYS,0575
384768,90,153,711,2013.0,94088.0,0.0,0.073442,0.9857899999999999,GRC,MYS,0575
384769,97,153,711,2013.0,29237.0,234461.0,0.791401,1.249845,HKG,MYS,0575
384770,103,153,711,2013.0,28226.0,438614.0,-0.006876999999999999,1.8336569999999999,IDN,MYS,0575
384771,104,153,711,2013.0,2246628.0,0.0,0.18186,2.647598,IND,MYS,0575
384772,107,153,711,2013.0,1147014.0,0.0,-0.23625100000000002,-0.256067,IRN,MYS,0575
384773,111,153,711,2013.0,34488.0,0.0,1.419383,-0.304402,ITA,MYS,0575
384774,114,153,711,2013.0,13652.0,3363.0,2.333417,-0.818701,JPN,MYS,0575
384775,118,153,711,2013.0,0.0,634389.0,-0.634876,-0.714886,KHM,MYS,0575
384776,121,153,711,2013.0,130037.0,0.0,1.817145,0.835414,KOR,MYS,0575
384777,137,153,711,2013.0,0.0,5714.0,-0.510204,-0.740372,MDV,MYS,0575
384778,143,153,711,2013.0,0.0,14349.0,-1.147086,-0.6888989999999999,MMR,MYS,0575
384779,145,153,711,2013.0,0.0,6775.0,-1.264785,-1.133222,MNG,MYS,0575
384780,155,153,711,2013.0,159492.0,0.0,-0.316805,-0.38759099999999996,NAM,MYS,0575
384781,168,153,711,2013.0,46291.0,40937.0,-0.697224,0.501576,PAK,MYS,0575
384782,169,153,711,2013.0,4294.0,0.0,0.8719819999999999,1.038982,PAN,MYS,0575
384783,173,153,711,2013.0,498844.0,0.0,-0.640044,0.121772,PER,MYS,0575
384784,174,153,711,2013.0,0.0,18175.0,0.639083,0.45816899999999994,PHL,MYS,0575
384785,188,153,711,2013.0,25547.0,0.0,-0.14823599999999998,-0.883965,SAU,MYS,0575
384786,192,153,711,2013.0,4734946.0,260316.0,1.844685,0.639379,SGP,MYS,0575
384787,216,153,711,2013.0,639194.0,938713.0,1.067287,1.2767110000000002,THA,MYS,0575
384788,224,153,711,2013.0,202868.0,0.0,0.580016,2.394812,TUR,MYS,0575
384789,231,153,711,2013.0,39728584.0,0.0,1.612058,-0.8592989999999999,USA,MYS,0575
384790,239,153,711,2013.0,22792.0,366572.0,0.009264,1.182368,VNM,MYS,0575
384791,246,153,711,2013.0,8192825.0,0.0,0.11624100000000001,1.574591,ZAF,MYS,0575
384792,249,153,711,2013.0,76450.0,3772.0,1.7382849999999999,0.9917739999999999,TWN,MYS,0575
384793,0,162,711,2013.0,0.0,45632.0,0.598533,0.032199,ABW,NLD,0575
384794,1,162,711,2013.0,666007.0,15286.0,-0.767212,-0.6506069999999999,AFG,NLD,0575
384795,2,162,711,2013.0,0.0,13280.0,-1.240877,-1.073797,AGO,NLD,0575
384796,7,162,711,2013.0,0.0,5896.0,-0.338417,-0.754102,ARE,NLD,0575
384797,8,162,711,2013.0,13321173.0,0.0,0.042829,0.461002,ARG,NLD,0575
384798,15,162,711,2013.0,592175.0,17335562.0,1.855434,-1.06494,AUT,NLD,0575
384799,16,162,711,2013.0,0.0,85642.0,-1.319766,-1.200648,AZE,NLD,0575
384800,18,162,711,2013.0,6083266.0,45148364.0,1.198491,1.117268,BEL,NLD,0575
384801,20,162,711,2013.0,0.0,23470.0,1.664928,-0.178227,BES,NLD,0575
384802,23,162,711,2013.0,0.0,436983.0,0.622325,1.5506229999999999,BGR,NLD,0575
384803,26,162,711,2013.0,0.0,21990.0,0.723658,0.9271879999999999,BIH,NLD,0575
384804,28,162,711,2013.0,0.0,1322410.0,1.183522,0.934159,BLR,NLD,0575
384805,32,162,711,2013.0,45373008.0,46379.0,0.2804,0.649729,BRA,NLD,0575
384806,39,162,711,2013.0,0.0,14104.0,0.599305,1.193591,CAN,NLD,0575
384807,41,162,711,2013.0,232699.0,4214830.0,2.0899229999999998,0.661667,CHE,NLD,0575
384808,42,162,711,2013.0,134524368.0,163258.0,-0.184556,-0.238657,CHL,NLD,0575
384809,43,162,711,2013.0,6375028.0,0.0,1.24864,0.667713,CHN,NLD,0575
384810,44,162,711,2013.0,0.0,163552.0,-1.0025870000000001,-0.901658,CIV,NLD,0575
384811,46,162,711,2013.0,0.0,5697.0,-1.450075,-1.115916,COD,NLD,0575
384812,52,162,711,2013.0,13556.0,0.0,0.208669,-0.54783,CRI,NLD,0575
384813,55,162,711,2013.0,0.0,78592.0,-0.145402,-0.556962,CUW,NLD,0575
384814,58,162,711,2013.0,0.0,1032536.0,0.36482800000000004,0.527544,CYP,NLD,0575
384815,59,162,711,2013.0,171862.0,22430186.0,1.829509,-0.41787700000000005,CZE,NLD,0575
384816,61,162,711,2013.0,7038454.0,248043616.0,2.1086869999999998,-3.7092,DEU,NLD,0575
384817,64,162,711,2013.0,1372662.0,37643184.0,1.190302,1.062991,DNK,NLD,0575
384818,66,162,711,2013.0,0.0,65285.0,-1.53603,-1.104965,DZA,NLD,0575
384819,67,162,711,2013.0,70848.0,0.0,-0.8251790000000001,-0.9347200000000001,ECU,NLD,0575
384820,68,162,711,2013.0,26240366.0,99219.0,-0.12015799999999999,1.793363,EGY,NLD,0575
384821,71,162,711,2013.0,13849302.0,16857268.0,0.955472,1.80005,ESP,NLD,0575
384822,72,162,711,2013.0,0.0,1816209.0,0.923321,1.290016,EST,NLD,0575
384823,74,162,711,2013.0,24590.0,28137700.0,1.700282,0.867677,FIN,NLD,0575
384824,77,162,711,2013.0,2958266.0,25773868.0,1.5253299999999999,0.026146,FRA,NLD,0575
384825,80,162,711,2013.0,0.0,53466.0,-1.652062,-1.140576,GAB,NLD,0575
384826,81,162,711,2013.0,7574625.0,42254972.0,1.628465,0.77075,GBR,NLD,0575
384827,82,162,711,2013.0,0.0,40571.0,-0.08343099999999999,-0.359692,GEO,NLD,0575
384828,83,162,711,2013.0,0.0,5171.0,-0.696971,-0.5807939999999999,GHA,NLD,0575
384829,84,162,711,2013.0,0.0,53722.0,0.348423,-0.521683,GIB,NLD,0575
384830,85,162,711,2013.0,0.0,1836.0,-1.281072,-1.027585,GIN,NLD,0575
384831,87,162,711,2013.0,0.0,11331.0,-0.867648,-0.90786,GMB,NLD,0575
384832,89,162,711,2013.0,0.0,38516.0,-1.7984200000000001,-0.678832,GNQ,NLD,0575
384833,90,162,711,2013.0,31531298.0,775104.0,0.073442,0.9857899999999999,GRC,NLD,0575
384834,97,162,711,2013.0,45280.0,3196.0,0.791401,1.249845,HKG,NLD,0575
384835,100,162,711,2013.0,0.0,619088.0,0.8737309999999999,1.276091,HRV,NLD,0575
384836,101,162,711,2013.0,0.0,5610.0,-0.627783,-0.8605309999999999,HTI,NLD,0575
384837,102,162,711,2013.0,0.0,2496644.0,1.6962560000000002,0.45460600000000007,HUN,NLD,0575
384838,104,162,711,2013.0,65820824.0,0.0,0.18186,2.647598,IND,NLD,0575
384839,106,162,711,2013.0,216216.0,8219408.0,1.32787,0.394579,IRL,NLD,0575
384840,107,162,711,2013.0,8544557.0,0.0,-0.23625100000000002,-0.256067,IRN,NLD,0575
384841,108,162,711,2013.0,0.0,10703.0,-3.147217,-0.685991,IRQ,NLD,0575
384842,109,162,711,2013.0,0.0,2298545.0,0.284089,-0.164097,ISL,NLD,0575
384843,110,162,711,2013.0,949527.0,0.0,1.0247629999999999,0.8261639999999999,ISR,NLD,0575
384844,111,162,711,2013.0,25930012.0,13405564.0,1.419383,-0.304402,ITA,NLD,0575
384845,115,162,711,2013.0,0.0,241408.0,-0.9193819999999999,-0.734194,KAZ,NLD,0575
384846,116,162,711,2013.0,0.0,20331.0,-0.303119,0.626786,KEN,NLD,0575
384847,122,162,711,2013.0,0.0,17310.0,-1.198985,-1.057248,KWT,NLD,0575
384848,124,162,711,2013.0,847322.0,24738.0,0.37392800000000004,1.413136,LBN,NLD,0575
384849,125,162,711,2013.0,0.0,116405.0,-0.8343229999999999,-0.992129,LBR,NLD,0575
384850,126,162,711,2013.0,0.0,170959.0,-1.871593,-1.1211790000000001,LBY,NLD,0575
384851,130,162,711,2013.0,14004.0,8798231.0,0.677986,1.29227,LTU,NLD,0575
384852,131,162,711,2013.0,0.0,739697.0,1.0110190000000001,1.123226,LUX,NLD,0575
384853,132,162,711,2013.0,1164040.0,4815556.0,0.652463,1.299917,LVA,NLD,0575
384854,134,162,711,2013.0,162172.0,0.0,-0.474872,0.178118,MAR,NLD,0575
384855,135,162,711,2013.0,0.0,254834.0,0.14256,0.33920700000000004,MDA,NLD,0575
384856,137,162,711,2013.0,0.0,3542.0,-0.510204,-0.740372,MDV,NLD,0575
384857,140,162,711,2013.0,150933.0,3215.0,-0.127775,0.21915900000000002,MKD,NLD,0575
384858,141,162,711,2013.0,0.0,3116.0,-1.046677,-0.980809,MLI,NLD,0575
384859,142,162,711,2013.0,0.0,1125214.0,0.710108,-0.014586000000000002,MLT,NLD,0575
384860,155,162,711,2013.0,31004652.0,0.0,-0.316805,-0.38759099999999996,NAM,NLD,0575
384861,159,162,711,2013.0,0.0,190886.0,-1.679402,-1.14686,NGA,NLD,0575
384862,163,162,711,2013.0,765791.0,10375545.0,0.710901,0.062705,NOR,NLD,0575
384863,168,162,711,2013.0,98920.0,0.0,-0.697224,0.501576,PAK,NLD,0575
384864,173,162,711,2013.0,64527948.0,0.0,-0.640044,0.121772,PER,NLD,0575
384865,177,162,711,2013.0,573566.0,49762764.0,1.11341,0.975734,POL,NLD,0575
384866,179,162,711,2013.0,941633.0,1372598.0,0.705087,2.2055580000000004,PRT,NLD,0575
384867,183,162,711,2013.0,0.0,17101.0,-0.583609,-1.003754,QAT,NLD,0575
384868,185,162,711,2013.0,43245.0,4270178.0,1.05722,1.0968799999999999,ROU,NLD,0575
384869,186,162,711,2013.0,0.0,5219652.0,-0.08233,-0.267781,RUS,NLD,0575
384870,188,162,711,2013.0,1346.0,33660.0,-0.14823599999999998,-0.883965,SAU,NLD,0575
384871,190,162,711,2013.0,0.0,14558.0,-1.224897,-1.059517,SDN,NLD,0575
384872,192,162,711,2013.0,0.0,4112.0,1.844685,0.639379,SGP,NLD,0575
384873,196,162,711,2013.0,0.0,14866.0,-0.42937700000000006,-0.529857,SLE,NLD,0575
384874,201,162,711,2013.0,0.0,136463.0,0.609755,1.355304,SRB,NLD,0575
384875,205,162,711,2013.0,0.0,554645.0,-0.25729,-0.651541,SUR,NLD,0575
384876,206,162,711,2013.0,846248.0,2984892.0,1.510052,0.7060310000000001,SVK,NLD,0575
384877,207,162,711,2013.0,138743.0,2107307.0,1.55922,0.565874,SVN,NLD,0575
384878,208,162,711,2013.0,188570.0,20965586.0,1.7851290000000002,0.182623,SWE,NLD,0575
384879,214,162,711,2013.0,0.0,4188.0,-2.89356,-0.879919,TCD,NLD,0575
384880,219,162,711,2013.0,0.0,22075.0,-1.174981,-1.14869,TKM,NLD,0575
384881,223,162,711,2013.0,32027.0,0.0,0.40154,0.902177,TUN,NLD,0575
384882,224,162,711,2013.0,51293284.0,685755.0,0.580016,2.394812,TUR,NLD,0575
384883,227,162,711,2013.0,0.0,1706.0,-0.46170100000000003,0.652878,UGA,NLD,0575
384884,228,162,711,2013.0,0.0,2225281.0,0.535571,1.026263,UKR,NLD,0575
384885,231,162,711,2013.0,11521833.0,0.0,1.612058,-0.8592989999999999,USA,NLD,0575
384886,232,162,711,2013.0,342154.0,0.0,-0.7076319999999999,-0.645674,UZB,NLD,0575
384887,246,162,711,2013.0,207410096.0,3845.0,0.11624100000000001,1.574591,ZAF,NLD,0575
384888,247,162,711,2013.0,0.0,2933.0,-0.293192,-0.42930100000000004,ZMB,NLD,0575
384889,250,162,711,2013.0,49363.0,28181.0,0.583151,0.14238299999999998,ANS,NLD,0575
384890,1,163,711,2013.0,11639.0,0.0,-0.767212,-0.6506069999999999,AFG,NOR,0575
384891,8,163,711,2013.0,105867.0,0.0,0.042829,0.461002,ARG,NOR,0575
384892,15,163,711,2013.0,16120.0,0.0,1.855434,-1.06494,AUT,NOR,0575
384893,32,163,711,2013.0,2778930.0,0.0,0.2804,0.649729,BRA,NOR,0575
384894,42,163,711,2013.0,3234432.0,0.0,-0.184556,-0.238657,CHL,NOR,0575
384895,43,163,711,2013.0,47370.0,0.0,1.24864,0.667713,CHN,NOR,0575
384896,49,163,711,2013.0,6603.0,0.0,0.034491,-0.36975,COL,NOR,0575
384897,52,163,711,2013.0,11341.0,0.0,0.208669,-0.54783,CRI,NOR,0575
384898,59,163,711,2013.0,2781.0,0.0,1.829509,-0.41787700000000005,CZE,NOR,0575
384899,61,163,711,2013.0,326024.0,95542.0,2.1086869999999998,-3.7092,DEU,NOR,0575
384900,64,163,711,2013.0,40042.0,43492.0,1.190302,1.062991,DNK,NOR,0575
384901,68,163,711,2013.0,545027.0,0.0,-0.12015799999999999,1.793363,EGY,NOR,0575
384902,71,163,711,2013.0,10402814.0,24878.0,0.955472,1.80005,ESP,NOR,0575
384903,72,163,711,2013.0,3604.0,0.0,0.923321,1.290016,EST,NOR,0575
384904,77,163,711,2013.0,1544658.0,0.0,1.5253299999999999,0.026146,FRA,NOR,0575
384905,81,163,711,2013.0,96702.0,0.0,1.628465,0.77075,GBR,NOR,0575
384906,90,163,711,2013.0,2389282.0,0.0,0.073442,0.9857899999999999,GRC,NOR,0575
384907,103,163,711,2013.0,109011.0,0.0,-0.006876999999999999,1.8336569999999999,IDN,NOR,0575
384908,104,163,711,2013.0,1417767.0,0.0,0.18186,2.647598,IND,NOR,0575
384909,107,163,711,2013.0,13506.0,0.0,-0.23625100000000002,-0.256067,IRN,NOR,0575
384910,110,163,711,2013.0,92877.0,0.0,1.0247629999999999,0.8261639999999999,ISR,NOR,0575
384911,111,163,711,2013.0,8336245.0,0.0,1.419383,-0.304402,ITA,NOR,0575
384912,124,163,711,2013.0,320015.0,0.0,0.37392800000000004,1.413136,LBN,NOR,0575
384913,134,163,711,2013.0,172767.0,0.0,-0.474872,0.178118,MAR,NOR,0575
384914,140,163,711,2013.0,15413.0,0.0,-0.127775,0.21915900000000002,MKD,NOR,0575
384915,155,163,711,2013.0,91014.0,0.0,-0.316805,-0.38759099999999996,NAM,NOR,0575
384916,162,163,711,2013.0,10375545.0,765791.0,1.012006,1.441545,NLD,NOR,0575
384917,169,163,711,2013.0,1732.0,0.0,0.8719819999999999,1.038982,PAN,NOR,0575
384918,173,163,711,2013.0,1284594.0,0.0,-0.640044,0.121772,PER,NOR,0575
384919,177,163,711,2013.0,67859.0,0.0,1.11341,0.975734,POL,NOR,0575
384920,179,163,711,2013.0,3134.0,0.0,0.705087,2.2055580000000004,PRT,NOR,0575
384921,188,163,711,2013.0,10061.0,0.0,-0.14823599999999998,-0.883965,SAU,NOR,0575
384922,208,163,711,2013.0,1173146.0,0.0,1.7851290000000002,0.182623,SWE,NOR,0575
384923,223,163,711,2013.0,1286.0,0.0,0.40154,0.902177,TUN,NOR,0575
384924,224,163,711,2013.0,795478.0,65142.0,0.580016,2.394812,TUR,NOR,0575
384925,231,163,711,2013.0,8861183.0,0.0,1.612058,-0.8592989999999999,USA,NOR,0575
384926,246,163,711,2013.0,9638766.0,0.0,0.11624100000000001,1.574591,ZAF,NOR,0575
384927,1,166,711,2013.0,133168.0,0.0,-0.767212,-0.6506069999999999,AFG,NZL,0575
384928,8,166,711,2013.0,1594.0,0.0,0.042829,0.461002,ARG,NZL,0575
384929,10,166,711,2013.0,0.0,6362.0,0.5701109999999999,-0.113648,ASM,NZL,0575
384930,14,166,711,2013.0,10289647.0,49435.0,-0.63369,-0.276328,AUS,NZL,0575
384931,15,166,711,2013.0,0.0,4139.0,1.855434,-1.06494,AUT,NZL,0575
384932,24,166,711,2013.0,0.0,4548.0,0.080634,-0.6828890000000001,BHR,NZL,0575
384933,42,166,711,2013.0,3193196.0,0.0,-0.184556,-0.238657,CHL,NZL,0575
384934,43,166,711,2013.0,1682260.0,0.0,1.24864,0.667713,CHN,NZL,0575
384935,48,166,711,2013.0,0.0,54510.0,0.630868,-0.151265,COK,NZL,0575
384936,61,166,711,2013.0,0.0,4812.0,2.1086869999999998,-3.7092,DEU,NZL,0575
384937,75,166,711,2013.0,0.0,299349.0,-0.374639,-0.140308,FJI,NZL,0575
384938,90,166,711,2013.0,557662.0,0.0,0.073442,0.9857899999999999,GRC,NZL,0575
384939,97,166,711,2013.0,0.0,247701.0,0.791401,1.249845,HKG,NZL,0575
384940,102,166,711,2013.0,6204.0,0.0,1.6962560000000002,0.45460600000000007,HUN,NZL,0575
384941,104,166,711,2013.0,36757.0,0.0,0.18186,2.647598,IND,NZL,0575
384942,107,166,711,2013.0,74749.0,0.0,-0.23625100000000002,-0.256067,IRN,NZL,0575
384943,114,166,711,2013.0,0.0,90112.0,2.333417,-0.818701,JPN,NZL,0575
384944,121,166,711,2013.0,83898.0,1778.0,1.817145,0.835414,KOR,NZL,0575
384945,138,166,711,2013.0,1393674.0,0.0,1.2327219999999999,0.746108,MEX,NZL,0575
384946,156,166,711,2013.0,0.0,77199.0,-0.262882,-0.63858,NCL,NZL,0575
384947,161,166,711,2013.0,0.0,9913.0,1.970706,0.6028560000000001,NIU,NZL,0575
384948,165,166,711,2013.0,0.0,1242.0,0.8192159999999999,-0.383742,NRU,NZL,0575
384949,168,166,711,2013.0,2872.0,0.0,-0.697224,0.501576,PAK,NZL,0575
384950,173,166,711,2013.0,829270.0,0.0,-0.640044,0.121772,PER,NZL,0575
384951,174,166,711,2013.0,0.0,2298.0,0.639083,0.45816899999999994,PHL,NZL,0575
384952,176,166,711,2013.0,0.0,48895.0,-1.508233,-1.163478,PNG,NZL,0575
384953,177,166,711,2013.0,11183.0,0.0,1.11341,0.975734,POL,NZL,0575
384954,182,166,711,2013.0,0.0,100110.0,-0.118172,-0.620256,PYF,NZL,0575
384955,195,166,711,2013.0,0.0,27246.0,-1.092566,-0.7936310000000001,SLB,NZL,0575
384956,201,166,711,2013.0,4240.0,0.0,0.609755,1.355304,SRB,NZL,0575
384957,221,166,711,2013.0,0.0,10435.0,0.31217399999999995,-0.21186,TON,NZL,0575
384958,224,166,711,2013.0,5276683.0,0.0,0.580016,2.394812,TUR,NZL,0575
384959,231,166,711,2013.0,20607022.0,4879.0,1.612058,-0.8592989999999999,USA,NZL,0575
384960,240,166,711,2013.0,0.0,46785.0,-0.43518999999999997,-0.6206010000000001,VUT,NZL,0575
384961,241,166,711,2013.0,0.0,14119.0,1.758949,-0.121598,WLF,NZL,0575
384962,242,166,711,2013.0,0.0,46466.0,0.877785,0.277918,WSM,NZL,0575
384963,246,166,711,2013.0,937749.0,0.0,0.11624100000000001,1.574591,ZAF,NZL,0575
384964,8,169,711,2013.0,88119.0,0.0,0.042829,0.461002,ARG,PAN,0575
384965,41,169,711,2013.0,0.0,1423.0,2.0899229999999998,0.661667,CHE,PAN,0575
384966,42,169,711,2013.0,2913776.0,0.0,-0.184556,-0.238657,CHL,PAN,0575
384967,59,169,711,2013.0,0.0,7046.0,1.829509,-0.41787700000000005,CZE,PAN,0575
384968,61,169,711,2013.0,0.0,3068.0,2.1086869999999998,-3.7092,DEU,PAN,0575
384969,71,169,711,2013.0,53423.0,0.0,0.955472,1.80005,ESP,PAN,0575
384970,93,169,711,2013.0,10866.0,0.0,-0.220165,0.661111,GTM,PAN,0575
384971,111,169,711,2013.0,5116.0,0.0,1.419383,-0.304402,ITA,PAN,0575
384972,138,169,711,2013.0,102298.0,0.0,1.2327219999999999,0.746108,MEX,PAN,0575
384973,153,169,711,2013.0,0.0,4294.0,0.924532,0.671334,MYS,PAN,0575
384974,163,169,711,2013.0,0.0,1732.0,0.710901,0.062705,NOR,PAN,0575
384975,173,169,711,2013.0,3288421.0,0.0,-0.640044,0.121772,PER,PAN,0575
384976,177,169,711,2013.0,0.0,3000.0,1.11341,0.975734,POL,PAN,0575
384977,206,169,711,2013.0,0.0,5183.0,1.510052,0.7060310000000001,SVK,PAN,0575
384978,228,169,711,2013.0,2069.0,0.0,0.535571,1.026263,UKR,PAN,0575
384979,231,169,711,2013.0,5425999.0,0.0,1.612058,-0.8592989999999999,USA,PAN,0575
384980,7,173,711,2013.0,0.0,549859.0,-0.338417,-0.754102,ARE,PER,0575
384981,8,173,711,2013.0,645888.0,0.0,0.042829,0.461002,ARG,PER,0575
384982,13,173,711,2013.0,0.0,1441.0,0.25821500000000003,-0.383761,ATG,PER,0575
384983,15,173,711,2013.0,0.0,334818.0,1.855434,-1.06494,AUT,PER,0575
384984,18,173,711,2013.0,0.0,1423884.0,1.198491,1.117268,BEL,PER,0575
384985,23,173,711,2013.0,0.0,28167.0,0.622325,1.5506229999999999,BGR,PER,0575
384986,26,173,711,2013.0,0.0,7056.0,0.723658,0.9271879999999999,BIH,PER,0575
384987,28,173,711,2013.0,0.0,163266.0,1.183522,0.934159,BLR,PER,0575
384988,31,173,711,2013.0,0.0,186419.0,-1.1429610000000001,-1.0076120000000002,BOL,PER,0575
384989,32,173,711,2013.0,0.0,1808732.0,0.2804,0.649729,BRA,PER,0575
384990,33,173,711,2013.0,0.0,26109.0,0.607845,0.09196,BRB,PER,0575
384991,39,173,711,2013.0,0.0,17496776.0,0.599305,1.193591,CAN,PER,0575
384992,41,173,711,2013.0,0.0,773838.0,2.0899229999999998,0.661667,CHE,PER,0575
384993,42,173,711,2013.0,16873882.0,96897.0,-0.184556,-0.238657,CHL,PER,0575
384994,43,173,711,2013.0,6442.0,72958344.0,1.24864,0.667713,CHN,PER,0575
384995,44,173,711,2013.0,0.0,55491.0,-1.0025870000000001,-0.901658,CIV,PER,0575
384996,45,173,711,2013.0,0.0,39904.0,-0.93575,-1.003851,CMR,PER,0575
384997,49,173,711,2013.0,0.0,9197776.0,0.034491,-0.36975,COL,PER,0575
384998,51,173,711,2013.0,0.0,18289.0,-0.28793,-0.5938319999999999,CPV,PER,0575
384999,52,173,711,2013.0,0.0,1056806.0,0.208669,-0.54783,CRI,PER,0575
385000,55,173,711,2013.0,0.0,29729.0,-0.145402,-0.556962,CUW,PER,0575
385001,59,173,711,2013.0,0.0,1176460.0,1.829509,-0.41787700000000005,CZE,PER,0575
385002,61,173,711,2013.0,0.0,9529811.0,2.1086869999999998,-3.7092,DEU,PER,0575
385003,64,173,711,2013.0,0.0,467889.0,1.190302,1.062991,DNK,PER,0575
385004,66,173,711,2013.0,0.0,260758.0,-1.53603,-1.104965,DZA,PER,0575
385005,67,173,711,2013.0,0.0,3133013.0,-0.8251790000000001,-0.9347200000000001,ECU,PER,0575
385006,68,173,711,2013.0,0.0,55353.0,-0.12015799999999999,1.793363,EGY,PER,0575
385007,71,173,711,2013.0,0.0,10333546.0,0.955472,1.80005,ESP,PER,0575
385008,72,173,711,2013.0,0.0,175870.0,0.923321,1.290016,EST,PER,0575
385009,74,173,711,2013.0,0.0,195305.0,1.700282,0.867677,FIN,PER,0575
385010,77,173,711,2013.0,0.0,4039463.0,1.5253299999999999,0.026146,FRA,PER,0575
385011,80,173,711,2013.0,0.0,45513.0,-1.652062,-1.140576,GAB,PER,0575
385012,81,173,711,2013.0,0.0,20512112.0,1.628465,0.77075,GBR,PER,0575
385013,93,173,711,2013.0,0.0,92283.0,-0.220165,0.661111,GTM,PER,0575
385014,97,173,711,2013.0,0.0,32962070.0,0.791401,1.249845,HKG,PER,0575
385015,99,173,711,2013.0,0.0,189209.0,-0.6661060000000001,-0.38619699999999996,HND,PER,0575
385016,103,173,711,2013.0,0.0,3005076.0,-0.006876999999999999,1.8336569999999999,IDN,PER,0575
385017,104,173,711,2013.0,73293.0,895487.0,0.18186,2.647598,IND,PER,0575
385018,106,173,711,2013.0,0.0,643366.0,1.32787,0.394579,IRL,PER,0575
385019,109,173,711,2013.0,0.0,4484.0,0.284089,-0.164097,ISL,PER,0575
385020,111,173,711,2013.0,0.0,484354.0,1.419383,-0.304402,ITA,PER,0575
385021,113,173,711,2013.0,0.0,3207.0,0.1888,0.596867,JOR,PER,0575
385022,115,173,711,2013.0,0.0,121694.0,-0.9193819999999999,-0.734194,KAZ,PER,0575
385023,121,173,711,2013.0,0.0,10402640.0,1.817145,0.835414,KOR,PER,0575
385024,122,173,711,2013.0,0.0,143797.0,-1.198985,-1.057248,KWT,PER,0575
385025,124,173,711,2013.0,0.0,21448.0,0.37392800000000004,1.413136,LBN,PER,0575
385026,126,173,711,2013.0,0.0,40601.0,-1.871593,-1.1211790000000001,LBY,PER,0575
385027,130,173,711,2013.0,0.0,902210.0,0.677986,1.29227,LTU,PER,0575
385028,131,173,711,2013.0,0.0,96265.0,1.0110190000000001,1.123226,LUX,PER,0575
385029,134,173,711,2013.0,0.0,37714.0,-0.474872,0.178118,MAR,PER,0575
385030,135,173,711,2013.0,0.0,54112.0,0.14256,0.33920700000000004,MDA,PER,0575
385031,138,173,711,2013.0,1013.0,0.0,1.2327219999999999,0.746108,MEX,PER,0575
385032,145,173,711,2013.0,0.0,4519.0,-1.264785,-1.133222,MNG,PER,0575
385033,153,173,711,2013.0,0.0,498844.0,0.924532,0.671334,MYS,PER,0575
385034,156,173,711,2013.0,0.0,31770.0,-0.262882,-0.63858,NCL,PER,0575
385035,160,173,711,2013.0,0.0,81668.0,-0.7956479999999999,-0.596061,NIC,PER,0575
385036,162,173,711,2013.0,0.0,64527948.0,1.012006,1.441545,NLD,PER,0575
385037,163,173,711,2013.0,0.0,1284594.0,0.710901,0.062705,NOR,PER,0575
385038,166,173,711,2013.0,0.0,829270.0,0.192237,0.429825,NZL,PER,0575
385039,169,173,711,2013.0,0.0,3288421.0,0.8719819999999999,1.038982,PAN,PER,0575
385040,174,173,711,2013.0,0.0,361794.0,0.639083,0.45816899999999994,PHL,PER,0575
385041,177,173,711,2013.0,0.0,3344906.0,1.11341,0.975734,POL,PER,0575
385042,178,173,711,2013.0,0.0,44444.0,-0.304923,-0.301578,PRK,PER,0575
385043,179,173,711,2013.0,0.0,1709088.0,0.705087,2.2055580000000004,PRT,PER,0575
385044,183,173,711,2013.0,0.0,11860.0,-0.583609,-1.003754,QAT,PER,0575
385045,186,173,711,2013.0,0.0,27536546.0,-0.08233,-0.267781,RUS,PER,0575
385046,188,173,711,2013.0,0.0,1567287.0,-0.14823599999999998,-0.883965,SAU,PER,0575
385047,192,173,711,2013.0,0.0,562410.0,1.844685,0.639379,SGP,PER,0575
385048,197,173,711,2013.0,0.0,80019.0,0.104046,0.46966,SLV,PER,0575
385049,206,173,711,2013.0,0.0,49044.0,1.510052,0.7060310000000001,SVK,PER,0575
385050,207,173,711,2013.0,0.0,86707.0,1.55922,0.565874,SVN,PER,0575
385051,208,173,711,2013.0,0.0,334279.0,1.7851290000000002,0.182623,SWE,PER,0575
385052,209,173,711,2013.0,0.0,41040.0,0.017946,-0.20627399999999999,SWZ,PER,0575
385053,216,173,711,2013.0,0.0,22346034.0,1.067287,1.2767110000000002,THA,PER,0575
385054,222,173,711,2013.0,0.0,2942.0,-0.399437,-1.047864,TTO,PER,0575
385055,224,173,711,2013.0,0.0,27251.0,0.580016,2.394812,TUR,PER,0575
385056,228,173,711,2013.0,0.0,637703.0,0.535571,1.026263,UKR,PER,0575
385057,231,173,711,2013.0,1067241.0,77870072.0,1.612058,-0.8592989999999999,USA,PER,0575
385058,236,173,711,2013.0,0.0,2631882.0,-1.281202,-1.094268,VEN,PER,0575
385059,239,173,711,2013.0,0.0,1590363.0,0.009264,1.182368,VNM,PER,0575
385060,249,173,711,2013.0,0.0,3551717.0,1.7382849999999999,0.9917739999999999,TWN,PER,0575
385061,7,174,711,2013.0,2232.0,13564.0,-0.338417,-0.754102,ARE,PHL,0575
385062,8,174,711,2013.0,458175.0,0.0,0.042829,0.461002,ARG,PHL,0575
385063,14,174,711,2013.0,260486.0,0.0,-0.63369,-0.276328,AUS,PHL,0575
385064,24,174,711,2013.0,0.0,32232.0,0.080634,-0.6828890000000001,BHR,PHL,0575
385065,42,174,711,2013.0,6542416.0,0.0,-0.184556,-0.238657,CHL,PHL,0575
385066,43,174,711,2013.0,1464752.0,0.0,1.24864,0.667713,CHN,PHL,0575
385067,61,174,711,2013.0,10837.0,0.0,2.1086869999999998,-3.7092,DEU,PHL,0575
385068,64,174,711,2013.0,8267.0,0.0,1.190302,1.062991,DNK,PHL,0575
385069,68,174,711,2013.0,64652.0,0.0,-0.12015799999999999,1.793363,EGY,PHL,0575
385070,77,174,711,2013.0,0.0,7566.0,1.5253299999999999,0.026146,FRA,PHL,0575
385071,97,174,711,2013.0,342691.0,40101.0,0.791401,1.249845,HKG,PHL,0575
385072,103,174,711,2013.0,1552.0,0.0,-0.006876999999999999,1.8336569999999999,IDN,PHL,0575
385073,104,174,711,2013.0,1123661.0,27217.0,0.18186,2.647598,IND,PHL,0575
385074,107,174,711,2013.0,33216.0,0.0,-0.23625100000000002,-0.256067,IRN,PHL,0575
385075,114,174,711,2013.0,2583.0,0.0,2.333417,-0.818701,JPN,PHL,0575
385076,153,174,711,2013.0,18175.0,0.0,0.924532,0.671334,MYS,PHL,0575
385077,166,174,711,2013.0,2298.0,0.0,0.192237,0.429825,NZL,PHL,0575
385078,168,174,711,2013.0,29048.0,0.0,-0.697224,0.501576,PAK,PHL,0575
385079,173,174,711,2013.0,361794.0,0.0,-0.640044,0.121772,PER,PHL,0575
385080,183,174,711,2013.0,0.0,7112.0,-0.583609,-1.003754,QAT,PHL,0575
385081,192,174,711,2013.0,1271025.0,0.0,1.844685,0.639379,SGP,PHL,0575
385082,216,174,711,2013.0,12194.0,0.0,1.067287,1.2767110000000002,THA,PHL,0575
385083,224,174,711,2013.0,127260.0,0.0,0.580016,2.394812,TUR,PHL,0575
385084,231,174,711,2013.0,45838656.0,2277.0,1.612058,-0.8592989999999999,USA,PHL,0575
385085,246,174,711,2013.0,926368.0,0.0,0.11624100000000001,1.574591,ZAF,PHL,0575
385086,1,177,711,2013.0,31398.0,0.0,-0.767212,-0.6506069999999999,AFG,POL,0575
385087,8,177,711,2013.0,303401.0,0.0,0.042829,0.461002,ARG,POL,0575
385088,15,177,711,2013.0,126838.0,2940.0,1.855434,-1.06494,AUT,POL,0575
385089,18,177,711,2013.0,4653.0,23269.0,1.198491,1.117268,BEL,POL,0575
385090,23,177,711,2013.0,11401.0,6676.0,0.622325,1.5506229999999999,BGR,POL,0575
385091,28,177,711,2013.0,0.0,3314757.0,1.183522,0.934159,BLR,POL,0575
385092,32,177,711,2013.0,252334.0,0.0,0.2804,0.649729,BRA,POL,0575
385093,42,177,711,2013.0,8013536.0,0.0,-0.184556,-0.238657,CHL,POL,0575
385094,43,177,711,2013.0,3245510.0,0.0,1.24864,0.667713,CHN,POL,0575
385095,52,177,711,2013.0,36012.0,0.0,0.208669,-0.54783,CRI,POL,0575
385096,58,177,711,2013.0,10734.0,0.0,0.36482800000000004,0.527544,CYP,POL,0575
385097,59,177,711,2013.0,1654849.0,367305.0,1.829509,-0.41787700000000005,CZE,POL,0575
385098,61,177,711,2013.0,19902564.0,173619.0,2.1086869999999998,-3.7092,DEU,POL,0575
385099,64,177,711,2013.0,151280.0,8955.0,1.190302,1.062991,DNK,POL,0575
385100,67,177,711,2013.0,40114.0,0.0,-0.8251790000000001,-0.9347200000000001,ECU,POL,0575
385101,68,177,711,2013.0,54911.0,0.0,-0.12015799999999999,1.793363,EGY,POL,0575
385102,71,177,711,2013.0,1984926.0,106139.0,0.955472,1.80005,ESP,POL,0575
385103,72,177,711,2013.0,0.0,81842.0,0.923321,1.290016,EST,POL,0575
385104,77,177,711,2013.0,1241724.0,287026.0,1.5253299999999999,0.026146,FRA,POL,0575
385105,81,177,711,2013.0,634815.0,67261.0,1.628465,0.77075,GBR,POL,0575
385106,90,177,711,2013.0,6967308.0,68864.0,0.073442,0.9857899999999999,GRC,POL,0575
385107,100,177,711,2013.0,0.0,33688.0,0.8737309999999999,1.276091,HRV,POL,0575
385108,102,177,711,2013.0,0.0,109064.0,1.6962560000000002,0.45460600000000007,HUN,POL,0575
385109,103,177,711,2013.0,10605.0,0.0,-0.006876999999999999,1.8336569999999999,IDN,POL,0575
385110,104,177,711,2013.0,3502246.0,0.0,0.18186,2.647598,IND,POL,0575
385111,106,177,711,2013.0,0.0,13378.0,1.32787,0.394579,IRL,POL,0575
385112,107,177,711,2013.0,7151910.0,0.0,-0.23625100000000002,-0.256067,IRN,POL,0575
385113,110,177,711,2013.0,608750.0,0.0,1.0247629999999999,0.8261639999999999,ISR,POL,0575
385114,111,177,711,2013.0,74076080.0,182927.0,1.419383,-0.304402,ITA,POL,0575
385115,112,177,711,2013.0,5287.0,0.0,-0.364044,-0.744733,JAM,POL,0575
385116,115,177,711,2013.0,0.0,6213.0,-0.9193819999999999,-0.734194,KAZ,POL,0575
385117,130,177,711,2013.0,62929.0,697914.0,0.677986,1.29227,LTU,POL,0575
385118,132,177,711,2013.0,347109.0,130706.0,0.652463,1.299917,LVA,POL,0575
385119,134,177,711,2013.0,41830.0,0.0,-0.474872,0.178118,MAR,POL,0575
385120,135,177,711,2013.0,45580.0,31563.0,0.14256,0.33920700000000004,MDA,POL,0575
385121,140,177,711,2013.0,247528.0,16272.0,-0.127775,0.21915900000000002,MKD,POL,0575
385122,145,177,711,2013.0,0.0,71549.0,-1.264785,-1.133222,MNG,POL,0575
385123,155,177,711,2013.0,942362.0,0.0,-0.316805,-0.38759099999999996,NAM,POL,0575
385124,162,177,711,2013.0,49762764.0,573566.0,1.012006,1.441545,NLD,POL,0575
385125,163,177,711,2013.0,0.0,67859.0,0.710901,0.062705,NOR,POL,0575
385126,166,177,711,2013.0,0.0,11183.0,0.192237,0.429825,NZL,POL,0575
385127,168,177,711,2013.0,137446.0,0.0,-0.697224,0.501576,PAK,POL,0575
385128,169,177,711,2013.0,3000.0,0.0,0.8719819999999999,1.038982,PAN,POL,0575
385129,173,177,711,2013.0,3344906.0,0.0,-0.640044,0.121772,PER,POL,0575
385130,179,177,711,2013.0,1448608.0,0.0,0.705087,2.2055580000000004,PRT,POL,0575
385131,185,177,711,2013.0,7124.0,152327.0,1.05722,1.0968799999999999,ROU,POL,0575
385132,186,177,711,2013.0,0.0,6516405.0,-0.08233,-0.267781,RUS,POL,0575
385133,188,177,711,2013.0,711637.0,0.0,-0.14823599999999998,-0.883965,SAU,POL,0575
385134,206,177,711,2013.0,65331.0,45304.0,1.510052,0.7060310000000001,SVK,POL,0575
385135,207,177,711,2013.0,0.0,40848.0,1.55922,0.565874,SVN,POL,0575
385136,208,177,711,2013.0,27255.0,0.0,1.7851290000000002,0.182623,SWE,POL,0575
385137,209,177,711,2013.0,5655.0,0.0,0.017946,-0.20627399999999999,SWZ,POL,0575
385138,223,177,711,2013.0,7402.0,0.0,0.40154,0.902177,TUN,POL,0575
385139,224,177,711,2013.0,5263230.0,81978.0,0.580016,2.394812,TUR,POL,0575
385140,228,177,711,2013.0,0.0,12699785.0,0.535571,1.026263,UKR,POL,0575
385141,231,177,711,2013.0,1147151.0,3163.0,1.612058,-0.8592989999999999,USA,POL,0575
385142,232,177,711,2013.0,660504.0,0.0,-0.7076319999999999,-0.645674,UZB,POL,0575
385143,246,177,711,2013.0,10118170.0,0.0,0.11624100000000001,1.574591,ZAF,POL,0575
385144,2,179,711,2013.0,0.0,1510288.0,-1.240877,-1.073797,AGO,PRT,0575
385145,7,179,711,2013.0,0.0,3596.0,-0.338417,-0.754102,ARE,PRT,0575
385146,8,179,711,2013.0,211918.0,0.0,0.042829,0.461002,ARG,PRT,0575
385147,18,179,711,2013.0,0.0,235570.0,1.198491,1.117268,BEL,PRT,0575
385148,41,179,711,2013.0,0.0,90906.0,2.0899229999999998,0.661667,CHE,PRT,0575
385149,42,179,711,2013.0,4576692.0,0.0,-0.184556,-0.238657,CHL,PRT,0575
385150,51,179,711,2013.0,0.0,495998.0,-0.28793,-0.5938319999999999,CPV,PRT,0575
385151,52,179,711,2013.0,34142.0,0.0,0.208669,-0.54783,CRI,PRT,0575
385152,61,179,711,2013.0,297554.0,381458.0,2.1086869999999998,-3.7092,DEU,PRT,0575
385153,68,179,711,2013.0,2939.0,0.0,-0.12015799999999999,1.793363,EGY,PRT,0575
385154,71,179,711,2013.0,28935758.0,3080828.0,0.955472,1.80005,ESP,PRT,0575
385155,77,179,711,2013.0,2762374.0,179226.0,1.5253299999999999,0.026146,FRA,PRT,0575
385156,81,179,711,2013.0,143963.0,1452550.0,1.628465,0.77075,GBR,PRT,0575
385157,83,179,711,2013.0,0.0,35454.0,-0.696971,-0.5807939999999999,GHA,PRT,0575
385158,88,179,711,2013.0,0.0,3310.0,-1.888843,-0.8988809999999999,GNB,PRT,0575
385159,89,179,711,2013.0,0.0,2446.0,-1.7984200000000001,-0.678832,GNQ,PRT,0575
385160,90,179,711,2013.0,26179.0,0.0,0.073442,0.9857899999999999,GRC,PRT,0575
385161,97,179,711,2013.0,0.0,60891.0,0.791401,1.249845,HKG,PRT,0575
385162,104,179,711,2013.0,214290.0,0.0,0.18186,2.647598,IND,PRT,0575
385163,107,179,711,2013.0,435059.0,0.0,-0.23625100000000002,-0.256067,IRN,PRT,0575
385164,111,179,711,2013.0,426249.0,0.0,1.419383,-0.304402,ITA,PRT,0575
385165,131,179,711,2013.0,0.0,23197.0,1.0110190000000001,1.123226,LUX,PRT,0575
385166,134,179,711,2013.0,0.0,9324.0,-0.474872,0.178118,MAR,PRT,0575
385167,147,179,711,2013.0,0.0,15588.0,-1.131512,-0.8923840000000001,MOZ,PRT,0575
385168,162,179,711,2013.0,1372598.0,941633.0,1.012006,1.441545,NLD,PRT,0575
385169,163,179,711,2013.0,0.0,3134.0,0.710901,0.062705,NOR,PRT,0575
385170,173,179,711,2013.0,1709088.0,0.0,-0.640044,0.121772,PER,PRT,0575
385171,177,179,711,2013.0,0.0,1448608.0,1.11341,0.975734,POL,PRT,0575
385172,186,179,711,2013.0,0.0,9904.0,-0.08233,-0.267781,RUS,PRT,0575
385173,203,179,711,2013.0,0.0,31928.0,0.9084559999999999,0.170664,STP,PRT,0575
385174,208,179,711,2013.0,108322.0,0.0,1.7851290000000002,0.182623,SWE,PRT,0575
385175,224,179,711,2013.0,629182.0,0.0,0.580016,2.394812,TUR,PRT,0575
385176,231,179,711,2013.0,2023.0,1364.0,1.612058,-0.8592989999999999,USA,PRT,0575
385177,232,179,711,2013.0,61759.0,0.0,-0.7076319999999999,-0.645674,UZB,PRT,0575
385178,239,179,711,2013.0,1069.0,0.0,0.009264,1.182368,VNM,PRT,0575
385179,246,179,711,2013.0,1587081.0,0.0,0.11624100000000001,1.574591,ZAF,PRT,0575
385180,8,180,711,2013.0,457005.0,0.0,0.042829,0.461002,ARG,PRY,0575
385181,32,180,711,2013.0,185020.0,0.0,0.2804,0.649729,BRA,PRY,0575
385182,42,180,711,2013.0,13215.0,0.0,-0.184556,-0.238657,CHL,PRY,0575
385183,231,180,711,2013.0,41670.0,0.0,1.612058,-0.8592989999999999,USA,PRY,0575
385184,81,181,711,2013.0,0.0,55965.0,1.628465,0.77075,GBR,PSE,0575
385185,110,181,711,2013.0,147767.0,588234.0,1.0247629999999999,0.8261639999999999,ISR,PSE,0575
385186,113,181,711,2013.0,2864.0,7866.0,0.1888,0.596867,JOR,PSE,0575
385187,1,183,711,2013.0,16631.0,0.0,-0.767212,-0.6506069999999999,AFG,QAT,0575
385188,7,183,711,2013.0,2004936.0,0.0,-0.338417,-0.754102,ARE,QAT,0575
385189,14,183,711,2013.0,238089.0,0.0,-0.63369,-0.276328,AUS,QAT,0575
385190,32,183,711,2013.0,8796.0,0.0,0.2804,0.649729,BRA,QAT,0575
385191,42,183,711,2013.0,224691.0,0.0,-0.184556,-0.238657,CHL,QAT,0575
385192,43,183,711,2013.0,5145.0,0.0,1.24864,0.667713,CHN,QAT,0575
385193,68,183,711,2013.0,630347.0,0.0,-0.12015799999999999,1.793363,EGY,QAT,0575
385194,71,183,711,2013.0,53045.0,0.0,0.955472,1.80005,ESP,QAT,0575
385195,104,183,711,2013.0,178476.0,0.0,0.18186,2.647598,IND,QAT,0575
385196,107,183,711,2013.0,323726.0,0.0,-0.23625100000000002,-0.256067,IRN,QAT,0575
385197,108,183,711,2013.0,1439.0,0.0,-3.147217,-0.685991,IRQ,QAT,0575
385198,111,183,711,2013.0,259661.0,0.0,1.419383,-0.304402,ITA,QAT,0575
385199,113,183,711,2013.0,35854.0,0.0,0.1888,0.596867,JOR,QAT,0575
385200,114,183,711,2013.0,1069.0,0.0,2.333417,-0.818701,JPN,QAT,0575
385201,124,183,711,2013.0,239820.0,0.0,0.37392800000000004,1.413136,LBN,QAT,0575
385202,138,183,711,2013.0,2127.0,0.0,1.2327219999999999,0.746108,MEX,QAT,0575
385203,162,183,711,2013.0,17101.0,0.0,1.012006,1.441545,NLD,QAT,0575
385204,167,183,711,2013.0,14013.0,23758.0,-0.698693,-1.030814,OMN,QAT,0575
385205,168,183,711,2013.0,14916.0,0.0,-0.697224,0.501576,PAK,QAT,0575
385206,173,183,711,2013.0,11860.0,0.0,-0.640044,0.121772,PER,QAT,0575
385207,174,183,711,2013.0,7112.0,0.0,0.639083,0.45816899999999994,PHL,QAT,0575
385208,188,183,711,2013.0,398375.0,0.0,-0.14823599999999998,-0.883965,SAU,QAT,0575
385209,212,183,711,2013.0,215920.0,0.0,-0.09157699999999999,1.1795950000000002,SYR,QAT,0575
385210,216,183,711,2013.0,5056.0,0.0,1.067287,1.2767110000000002,THA,QAT,0575
385211,223,183,711,2013.0,6998.0,0.0,0.40154,0.902177,TUN,QAT,0575
385212,224,183,711,2013.0,81394.0,0.0,0.580016,2.394812,TUR,QAT,0575
385213,231,183,711,2013.0,426659.0,0.0,1.612058,-0.8592989999999999,USA,QAT,0575
385214,232,183,711,2013.0,3363.0,0.0,-0.7076319999999999,-0.645674,UZB,QAT,0575
385215,246,183,711,2013.0,388464.0,0.0,0.11624100000000001,1.574591,ZAF,QAT,0575
385216,1,188,711,2013.0,85969.0,0.0,-0.767212,-0.6506069999999999,AFG,SAU,0575
385217,7,188,711,2013.0,7637712.0,1119268.0,-0.338417,-0.754102,ARE,SAU,0575
385218,14,188,711,2013.0,296360.0,0.0,-0.63369,-0.276328,AUS,SAU,0575
385219,15,188,711,2013.0,0.0,11830.0,1.855434,-1.06494,AUT,SAU,0575
385220,18,188,711,2013.0,0.0,38062.0,1.198491,1.117268,BEL,SAU,0575
385221,24,188,711,2013.0,127396.0,337459.0,0.080634,-0.6828890000000001,BHR,SAU,0575
385222,32,188,711,2013.0,21397.0,0.0,0.2804,0.649729,BRA,SAU,0575
385223,34,188,711,2013.0,0.0,29388.0,-1.664,-0.663172,BRN,SAU,0575
385224,39,188,711,2013.0,0.0,51276.0,0.599305,1.193591,CAN,SAU,0575
385225,42,188,711,2013.0,7247376.0,0.0,-0.184556,-0.238657,CHL,SAU,0575
385226,43,188,711,2013.0,1205443.0,26200.0,1.24864,0.667713,CHN,SAU,0575
385227,62,188,711,2013.0,0.0,367200.0,-0.35226399999999997,-0.542234,DJI,SAU,0575
385228,68,188,711,2013.0,3719181.0,0.0,-0.12015799999999999,1.793363,EGY,SAU,0575
385229,71,188,711,2013.0,591932.0,0.0,0.955472,1.80005,ESP,SAU,0575
385230,73,188,711,2013.0,0.0,169283.0,-1.1373090000000001,-0.89186,ETH,SAU,0575
385231,77,188,711,2013.0,42756.0,11075.0,1.5253299999999999,0.026146,FRA,SAU,0575
385232,81,188,711,2013.0,1562.0,336136.0,1.628465,0.77075,GBR,SAU,0575
385233,90,188,711,2013.0,40578.0,0.0,0.073442,0.9857899999999999,GRC,SAU,0575
385234,93,188,711,2013.0,25677.0,0.0,-0.220165,0.661111,GTM,SAU,0575
385235,97,188,711,2013.0,0.0,45864.0,0.791401,1.249845,HKG,SAU,0575
385236,104,188,711,2013.0,10638312.0,0.0,0.18186,2.647598,IND,SAU,0575
385237,106,188,711,2013.0,0.0,1555.0,1.32787,0.394579,IRL,SAU,0575
385238,107,188,711,2013.0,5390785.0,0.0,-0.23625100000000002,-0.256067,IRN,SAU,0575
385239,111,188,711,2013.0,4882544.0,0.0,1.419383,-0.304402,ITA,SAU,0575
385240,113,188,711,2013.0,244733.0,51127.0,0.1888,0.596867,JOR,SAU,0575
385241,116,188,711,2013.0,0.0,666375.0,-0.303119,0.626786,KEN,SAU,0575
385242,118,188,711,2013.0,0.0,27033.0,-0.634876,-0.714886,KHM,SAU,0575
385243,122,188,711,2013.0,14761.0,282128.0,-1.198985,-1.057248,KWT,SAU,0575
385244,124,188,711,2013.0,1737612.0,0.0,0.37392800000000004,1.413136,LBN,SAU,0575
385245,148,188,711,2013.0,0.0,101823.0,-1.681152,-1.2712350000000001,MRT,SAU,0575
385246,153,188,711,2013.0,0.0,25547.0,0.924532,0.671334,MYS,SAU,0575
385247,155,188,711,2013.0,512134.0,0.0,-0.316805,-0.38759099999999996,NAM,SAU,0575
385248,159,188,711,2013.0,0.0,28391.0,-1.679402,-1.14686,NGA,SAU,0575
385249,162,188,711,2013.0,33660.0,1346.0,1.012006,1.441545,NLD,SAU,0575
385250,163,188,711,2013.0,0.0,10061.0,0.710901,0.062705,NOR,SAU,0575
385251,167,188,711,2013.0,72272.0,174328.0,-0.698693,-1.030814,OMN,SAU,0575
385252,168,188,711,2013.0,16188.0,0.0,-0.697224,0.501576,PAK,SAU,0575
385253,173,188,711,2013.0,1567287.0,0.0,-0.640044,0.121772,PER,SAU,0575
385254,177,188,711,2013.0,0.0,711637.0,1.11341,0.975734,POL,SAU,0575
385255,183,188,711,2013.0,0.0,398375.0,-0.583609,-1.003754,QAT,SAU,0575
385256,186,188,711,2013.0,414871.0,0.0,-0.08233,-0.267781,RUS,SAU,0575
385257,190,188,711,2013.0,0.0,107597.0,-1.224897,-1.059517,SDN,SAU,0575
385258,192,188,711,2013.0,0.0,125441.0,1.844685,0.639379,SGP,SAU,0575
385259,199,188,711,2013.0,0.0,1849069.0,-0.9790979999999999,-0.8632620000000001,SOM,SAU,0575
385260,208,188,711,2013.0,0.0,25079.0,1.7851290000000002,0.182623,SWE,SAU,0575
385261,211,188,711,2013.0,0.0,3618.0,0.06901,-0.438229,SYC,SAU,0575
385262,212,188,711,2013.0,1283008.0,0.0,-0.09157699999999999,1.1795950000000002,SYR,SAU,0575
385263,223,188,711,2013.0,3957.0,0.0,0.40154,0.902177,TUN,SAU,0575
385264,224,188,711,2013.0,3348704.0,29552.0,0.580016,2.394812,TUR,SAU,0575
385265,231,188,711,2013.0,2080976.0,773749.0,1.612058,-0.8592989999999999,USA,SAU,0575
385266,243,188,711,2013.0,1721271.0,297567.0,-1.2788700000000002,-1.230713,YEM,SAU,0575
385267,246,188,711,2013.0,3890240.0,0.0,0.11624100000000001,1.574591,ZAF,SAU,0575
385268,7,190,711,2013.0,259773.0,0.0,-0.338417,-0.754102,ARE,SDN,0575
385269,18,190,711,2013.0,10053.0,0.0,1.198491,1.117268,BEL,SDN,0575
385270,41,190,711,2013.0,2850.0,0.0,2.0899229999999998,0.661667,CHE,SDN,0575
385271,42,190,711,2013.0,62970.0,0.0,-0.184556,-0.238657,CHL,SDN,0575
385272,43,190,711,2013.0,33058.0,0.0,1.24864,0.667713,CHN,SDN,0575
385273,67,190,711,2013.0,2119.0,0.0,-0.8251790000000001,-0.9347200000000001,ECU,SDN,0575
385274,68,190,711,2013.0,1706147.0,0.0,-0.12015799999999999,1.793363,EGY,SDN,0575
385275,77,190,711,2013.0,16456.0,0.0,1.5253299999999999,0.026146,FRA,SDN,0575
385276,103,190,711,2013.0,12794.0,0.0,-0.006876999999999999,1.8336569999999999,IDN,SDN,0575
385277,104,190,711,2013.0,13404.0,0.0,0.18186,2.647598,IND,SDN,0575
385278,107,190,711,2013.0,407902.0,0.0,-0.23625100000000002,-0.256067,IRN,SDN,0575
385279,111,190,711,2013.0,5452.0,0.0,1.419383,-0.304402,ITA,SDN,0575
385280,124,190,711,2013.0,425503.0,0.0,0.37392800000000004,1.413136,LBN,SDN,0575
385281,162,190,711,2013.0,14558.0,0.0,1.012006,1.441545,NLD,SDN,0575
385282,188,190,711,2013.0,107597.0,0.0,-0.14823599999999998,-0.883965,SAU,SDN,0575
385283,212,190,711,2013.0,84805.0,0.0,-0.09157699999999999,1.1795950000000002,SYR,SDN,0575
385284,214,190,711,2013.0,1719.0,0.0,-2.89356,-0.879919,TCD,SDN,0575
385285,246,190,711,2013.0,57548.0,0.0,0.11624100000000001,1.574591,ZAF,SDN,0575
385286,7,192,711,2013.0,75622.0,71099.0,-0.338417,-0.754102,ARE,SGP,0575
385287,8,192,711,2013.0,48639.0,0.0,0.042829,0.461002,ARG,SGP,0575
385288,14,192,711,2013.0,9389253.0,0.0,-0.63369,-0.276328,AUS,SGP,0575
385289,32,192,711,2013.0,0.0,43957.0,0.2804,0.649729,BRA,SGP,0575
385290,34,192,711,2013.0,0.0,1801413.0,-1.664,-0.663172,BRN,SGP,0575
385291,39,192,711,2013.0,213088.0,0.0,0.599305,1.193591,CAN,SGP,0575
385292,42,192,711,2013.0,2977099.0,0.0,-0.184556,-0.238657,CHL,SGP,0575
385293,43,192,711,2013.0,425490.0,0.0,1.24864,0.667713,CHN,SGP,0575
385294,56,192,711,2013.0,0.0,4328.0,0.677882,-0.32863600000000004,CXR,SGP,0575
385295,61,192,711,2013.0,6857.0,0.0,2.1086869999999998,-3.7092,DEU,SGP,0575
385296,68,192,711,2013.0,934661.0,0.0,-0.12015799999999999,1.793363,EGY,SGP,0575
385297,71,192,711,2013.0,376364.0,0.0,0.955472,1.80005,ESP,SGP,0575
385298,75,192,711,2013.0,0.0,55654.0,-0.374639,-0.140308,FJI,SGP,0575
385299,77,192,711,2013.0,0.0,2144.0,1.5253299999999999,0.026146,FRA,SGP,0575
385300,81,192,711,2013.0,14761.0,0.0,1.628465,0.77075,GBR,SGP,0575
385301,90,192,711,2013.0,40209.0,0.0,0.073442,0.9857899999999999,GRC,SGP,0575
385302,97,192,711,2013.0,215517.0,238640.0,0.791401,1.249845,HKG,SGP,0575
385303,103,192,711,2013.0,0.0,5814647.0,-0.006876999999999999,1.8336569999999999,IDN,SGP,0575
385304,104,192,711,2013.0,927835.0,0.0,0.18186,2.647598,IND,SGP,0575
385305,107,192,711,2013.0,116416.0,0.0,-0.23625100000000002,-0.256067,IRN,SGP,0575
385306,111,192,711,2013.0,2682.0,0.0,1.419383,-0.304402,ITA,SGP,0575
385307,114,192,711,2013.0,485270.0,0.0,2.333417,-0.818701,JPN,SGP,0575
385308,116,192,711,2013.0,0.0,2885.0,-0.303119,0.626786,KEN,SGP,0575
385309,118,192,711,2013.0,0.0,788903.0,-0.634876,-0.714886,KHM,SGP,0575
385310,121,192,711,2013.0,409087.0,6616.0,1.817145,0.835414,KOR,SGP,0575
385311,128,192,711,2013.0,0.0,168085.0,-0.320583,0.44462399999999996,LKA,SGP,0575
385312,137,192,711,2013.0,0.0,40321.0,-0.510204,-0.740372,MDV,SGP,0575
385313,143,192,711,2013.0,0.0,412214.0,-1.147086,-0.6888989999999999,MMR,SGP,0575
385314,151,192,711,2013.0,0.0,8112.0,-0.092312,0.050927,MUS,SGP,0575
385315,153,192,711,2013.0,260316.0,4734946.0,0.924532,0.671334,MYS,SGP,0575
385316,155,192,711,2013.0,40984.0,0.0,-0.316805,-0.38759099999999996,NAM,SGP,0575
385317,162,192,711,2013.0,4112.0,0.0,1.012006,1.441545,NLD,SGP,0575
385318,173,192,711,2013.0,562410.0,0.0,-0.640044,0.121772,PER,SGP,0575
385319,174,192,711,2013.0,0.0,1271025.0,0.639083,0.45816899999999994,PHL,SGP,0575
385320,188,192,711,2013.0,125441.0,0.0,-0.14823599999999998,-0.883965,SAU,SGP,0575
385321,211,192,711,2013.0,0.0,1373.0,0.06901,-0.438229,SYC,SGP,0575
385322,216,192,711,2013.0,78769.0,354764.0,1.067287,1.2767110000000002,THA,SGP,0575
385323,220,192,711,2013.0,0.0,171305.0,-0.5989939999999999,-0.649891,TLS,SGP,0575
385324,224,192,711,2013.0,59528.0,0.0,0.580016,2.394812,TUR,SGP,0575
385325,231,192,711,2013.0,32129246.0,0.0,1.612058,-0.8592989999999999,USA,SGP,0575
385326,239,192,711,2013.0,0.0,383453.0,0.009264,1.182368,VNM,SGP,0575
385327,246,192,711,2013.0,5937968.0,0.0,0.11624100000000001,1.574591,ZAF,SGP,0575
385328,249,192,711,2013.0,686949.0,0.0,1.7382849999999999,0.9917739999999999,TWN,SGP,0575
385329,42,197,711,2013.0,2564416.0,0.0,-0.184556,-0.238657,CHL,SLV,0575
385330,49,197,711,2013.0,26728.0,0.0,0.034491,-0.36975,COL,SLV,0575
385331,52,197,711,2013.0,0.0,5458.0,0.208669,-0.54783,CRI,SLV,0575
385332,93,197,711,2013.0,91573.0,25256.0,-0.220165,0.661111,GTM,SLV,0575
385333,99,197,711,2013.0,0.0,52286.0,-0.6661060000000001,-0.38619699999999996,HND,SLV,0575
385334,138,197,711,2013.0,226084.0,0.0,1.2327219999999999,0.746108,MEX,SLV,0575
385335,173,197,711,2013.0,80019.0,0.0,-0.640044,0.121772,PER,SLV,0575
385336,231,197,711,2013.0,5746378.0,0.0,1.612058,-0.8592989999999999,USA,SLV,0575
385337,246,197,711,2013.0,10567.0,0.0,0.11624100000000001,1.574591,ZAF,SLV,0575
385338,43,205,711,2013.0,1960.0,0.0,1.24864,0.667713,CHN,SUR,0575
385339,71,205,711,2013.0,0.0,20312.0,0.955472,1.80005,ESP,SUR,0575
385340,103,205,711,2013.0,5590.0,0.0,-0.006876999999999999,1.8336569999999999,IDN,SUR,0575
385341,104,205,711,2013.0,62993.0,0.0,0.18186,2.647598,IND,SUR,0575
385342,162,205,711,2013.0,554645.0,0.0,1.012006,1.441545,NLD,SUR,0575
385343,222,205,711,2013.0,1971.0,0.0,-0.399437,-1.047864,TTO,SUR,0575
385344,231,205,711,2013.0,418294.0,0.0,1.612058,-0.8592989999999999,USA,SUR,0575
385345,8,206,711,2013.0,80488.0,0.0,0.042829,0.461002,ARG,SVK,0575
385346,15,206,711,2013.0,351781.0,0.0,1.855434,-1.06494,AUT,SVK,0575
385347,18,206,711,2013.0,30546.0,0.0,1.198491,1.117268,BEL,SVK,0575
385348,32,206,711,2013.0,294261.0,0.0,0.2804,0.649729,BRA,SVK,0575
385349,39,206,711,2013.0,6044.0,0.0,0.599305,1.193591,CAN,SVK,0575
385350,42,206,711,2013.0,625300.0,0.0,-0.184556,-0.238657,CHL,SVK,0575
385351,43,206,711,2013.0,85009.0,0.0,1.24864,0.667713,CHN,SVK,0575
385352,44,206,711,2013.0,3235.0,0.0,-1.0025870000000001,-0.901658,CIV,SVK,0575
385353,59,206,711,2013.0,7781216.0,2747787.0,1.829509,-0.41787700000000005,CZE,SVK,0575
385354,61,206,711,2013.0,4838758.0,456443.0,2.1086869999999998,-3.7092,DEU,SVK,0575
385355,64,206,711,2013.0,0.0,4263.0,1.190302,1.062991,DNK,SVK,0575
385356,68,206,711,2013.0,24272.0,0.0,-0.12015799999999999,1.793363,EGY,SVK,0575
385357,71,206,711,2013.0,92512.0,56638.0,0.955472,1.80005,ESP,SVK,0575
385358,77,206,711,2013.0,65691.0,11420.0,1.5253299999999999,0.026146,FRA,SVK,0575
385359,81,206,711,2013.0,12318.0,0.0,1.628465,0.77075,GBR,SVK,0575
385360,90,206,711,2013.0,389883.0,0.0,0.073442,0.9857899999999999,GRC,SVK,0575
385361,100,206,711,2013.0,0.0,123742.0,0.8737309999999999,1.276091,HRV,SVK,0575
385362,102,206,711,2013.0,946182.0,1085540.0,1.6962560000000002,0.45460600000000007,HUN,SVK,0575
385363,104,206,711,2013.0,428946.0,0.0,0.18186,2.647598,IND,SVK,0575
385364,107,206,711,2013.0,1854308.0,0.0,-0.23625100000000002,-0.256067,IRN,SVK,0575
385365,110,206,711,2013.0,3359.0,0.0,1.0247629999999999,0.8261639999999999,ISR,SVK,0575
385366,111,206,711,2013.0,9726933.0,44753.0,1.419383,-0.304402,ITA,SVK,0575
385367,130,206,711,2013.0,0.0,672879.0,0.677986,1.29227,LTU,SVK,0575
385368,132,206,711,2013.0,64476.0,0.0,0.652463,1.299917,LVA,SVK,0575
385369,140,206,711,2013.0,487265.0,0.0,-0.127775,0.21915900000000002,MKD,SVK,0575
385370,162,206,711,2013.0,2984892.0,846248.0,1.012006,1.441545,NLD,SVK,0575
385371,169,206,711,2013.0,5183.0,0.0,0.8719819999999999,1.038982,PAN,SVK,0575
385372,173,206,711,2013.0,49044.0,0.0,-0.640044,0.121772,PER,SVK,0575
385373,177,206,711,2013.0,45304.0,65331.0,1.11341,0.975734,POL,SVK,0575
385374,185,206,711,2013.0,0.0,10159.0,1.05722,1.0968799999999999,ROU,SVK,0575
385375,207,206,711,2013.0,31914.0,94881.0,1.55922,0.565874,SVN,SVK,0575
385376,208,206,711,2013.0,0.0,3705.0,1.7851290000000002,0.182623,SWE,SVK,0575
385377,213,206,711,2013.0,28445.0,0.0,0.6284609999999999,0.142692,TCA,SVK,0575
385378,224,206,711,2013.0,231345.0,46414.0,0.580016,2.394812,TUR,SVK,0575
385379,228,206,711,2013.0,0.0,6875.0,0.535571,1.026263,UKR,SVK,0575
385380,231,206,711,2013.0,8027.0,0.0,1.612058,-0.8592989999999999,USA,SVK,0575
385381,232,206,711,2013.0,142230.0,0.0,-0.7076319999999999,-0.645674,UZB,SVK,0575
385382,246,206,711,2013.0,315313.0,0.0,0.11624100000000001,1.574591,ZAF,SVK,0575
385383,250,206,711,2013.0,6131628.0,0.0,0.583151,0.14238299999999998,ANS,SVK,0575
385384,7,208,711,2013.0,37714.0,0.0,-0.338417,-0.754102,ARE,SWE,0575
385385,8,208,711,2013.0,430944.0,0.0,0.042829,0.461002,ARG,SWE,0575
385386,15,208,711,2013.0,7067.0,0.0,1.855434,-1.06494,AUT,SWE,0575
385387,18,208,711,2013.0,83744.0,0.0,1.198491,1.117268,BEL,SWE,0575
385388,23,208,711,2013.0,8207.0,0.0,0.622325,1.5506229999999999,BGR,SWE,0575
385389,24,208,711,2013.0,0.0,1212.0,0.080634,-0.6828890000000001,BHR,SWE,0575
385390,32,208,711,2013.0,2168128.0,0.0,0.2804,0.649729,BRA,SWE,0575
385391,39,208,711,2013.0,27429.0,0.0,0.599305,1.193591,CAN,SWE,0575
385392,42,208,711,2013.0,658875.0,0.0,-0.184556,-0.238657,CHL,SWE,0575
385393,43,208,711,2013.0,48893.0,0.0,1.24864,0.667713,CHN,SWE,0575
385394,61,208,711,2013.0,2830022.0,162075.0,2.1086869999999998,-3.7092,DEU,SWE,0575
385395,64,208,711,2013.0,6810213.0,5988305.0,1.190302,1.062991,DNK,SWE,0575
385396,71,208,711,2013.0,9752659.0,0.0,0.955472,1.80005,ESP,SWE,0575
385397,72,208,711,2013.0,0.0,202103.0,0.923321,1.290016,EST,SWE,0575
385398,74,208,711,2013.0,74641.0,228713.0,1.700282,0.867677,FIN,SWE,0575
385399,77,208,711,2013.0,69098.0,0.0,1.5253299999999999,0.026146,FRA,SWE,0575
385400,81,208,711,2013.0,57833.0,0.0,1.628465,0.77075,GBR,SWE,0575
385401,90,208,711,2013.0,5866829.0,0.0,0.073442,0.9857899999999999,GRC,SWE,0575
385402,104,208,711,2013.0,5402522.0,0.0,0.18186,2.647598,IND,SWE,0575
385403,107,208,711,2013.0,283423.0,0.0,-0.23625100000000002,-0.256067,IRN,SWE,0575
385404,109,208,711,2013.0,0.0,20230.0,0.284089,-0.164097,ISL,SWE,0575
385405,111,208,711,2013.0,6956072.0,0.0,1.419383,-0.304402,ITA,SWE,0575
385406,124,208,711,2013.0,2964.0,0.0,0.37392800000000004,1.413136,LBN,SWE,0575
385407,130,208,711,2013.0,4785.0,5467.0,0.677986,1.29227,LTU,SWE,0575
385408,134,208,711,2013.0,52046.0,0.0,-0.474872,0.178118,MAR,SWE,0575
385409,140,208,711,2013.0,13072.0,0.0,-0.127775,0.21915900000000002,MKD,SWE,0575
385410,162,208,711,2013.0,20965586.0,188570.0,1.012006,1.441545,NLD,SWE,0575
385411,163,208,711,2013.0,0.0,1173146.0,0.710901,0.062705,NOR,SWE,0575
385412,173,208,711,2013.0,334279.0,0.0,-0.640044,0.121772,PER,SWE,0575
385413,177,208,711,2013.0,0.0,27255.0,1.11341,0.975734,POL,SWE,0575
385414,179,208,711,2013.0,0.0,108322.0,0.705087,2.2055580000000004,PRT,SWE,0575
385415,188,208,711,2013.0,25079.0,0.0,-0.14823599999999998,-0.883965,SAU,SWE,0575
385416,201,208,711,2013.0,1142.0,0.0,0.609755,1.355304,SRB,SWE,0575
385417,206,208,711,2013.0,3705.0,0.0,1.510052,0.7060310000000001,SVK,SWE,0575
385418,224,208,711,2013.0,2451320.0,0.0,0.580016,2.394812,TUR,SWE,0575
385419,231,208,711,2013.0,18997172.0,0.0,1.612058,-0.8592989999999999,USA,SWE,0575
385420,246,208,711,2013.0,603726.0,0.0,0.11624100000000001,1.574591,ZAF,SWE,0575
385421,7,216,711,2013.0,0.0,119343.0,-0.338417,-0.754102,ARE,THA,0575
385422,14,216,711,2013.0,12952205.0,0.0,-0.63369,-0.276328,AUS,THA,0575
385423,34,216,711,2013.0,0.0,30526.0,-1.664,-0.663172,BRN,THA,0575
385424,42,216,711,2013.0,6268943.0,0.0,-0.184556,-0.238657,CHL,THA,0575
385425,43,216,711,2013.0,137808288.0,36197.0,1.24864,0.667713,CHN,THA,0575
385426,64,216,711,2013.0,8289.0,0.0,1.190302,1.062991,DNK,THA,0575
385427,81,216,711,2013.0,0.0,1248.0,1.628465,0.77075,GBR,THA,0575
385428,90,216,711,2013.0,1726.0,0.0,0.073442,0.9857899999999999,GRC,THA,0575
385429,97,216,711,2013.0,944662.0,180233.0,0.791401,1.249845,HKG,THA,0575
385430,103,216,711,2013.0,0.0,43133.0,-0.006876999999999999,1.8336569999999999,IDN,THA,0575
385431,104,216,711,2013.0,7650706.0,74908.0,0.18186,2.647598,IND,THA,0575
385432,107,216,711,2013.0,4162.0,0.0,-0.23625100000000002,-0.256067,IRN,THA,0575
385433,114,216,711,2013.0,60976.0,0.0,2.333417,-0.818701,JPN,THA,0575
385434,118,216,711,2013.0,0.0,3405.0,-0.634876,-0.714886,KHM,THA,0575
385435,121,216,711,2013.0,34033.0,22238.0,1.817145,0.835414,KOR,THA,0575
385436,123,216,711,2013.0,0.0,13464.0,-0.907169,-0.587529,LAO,THA,0575
385437,137,216,711,2013.0,0.0,42091.0,-0.510204,-0.740372,MDV,THA,0575
385438,143,216,711,2013.0,5848.0,46778.0,-1.147086,-0.6888989999999999,MMR,THA,0575
385439,153,216,711,2013.0,938713.0,639194.0,0.924532,0.671334,MYS,THA,0575
385440,168,216,711,2013.0,0.0,2018.0,-0.697224,0.501576,PAK,THA,0575
385441,173,216,711,2013.0,22346034.0,0.0,-0.640044,0.121772,PER,THA,0575
385442,174,216,711,2013.0,0.0,12194.0,0.639083,0.45816899999999994,PHL,THA,0575
385443,183,216,711,2013.0,0.0,5056.0,-0.583609,-1.003754,QAT,THA,0575
385444,192,216,711,2013.0,354764.0,78769.0,1.844685,0.639379,SGP,THA,0575
385445,224,216,711,2013.0,12015.0,0.0,0.580016,2.394812,TUR,THA,0575
385446,231,216,711,2013.0,22386084.0,0.0,1.612058,-0.8592989999999999,USA,THA,0575
385447,239,216,711,2013.0,0.0,37088.0,0.009264,1.182368,VNM,THA,0575
385448,246,216,711,2013.0,15363.0,0.0,0.11624100000000001,1.574591,ZAF,THA,0575
385449,39,222,711,2013.0,10700.0,0.0,0.599305,1.193591,CAN,TTO,0575
385450,42,222,711,2013.0,480490.0,0.0,-0.184556,-0.238657,CHL,TTO,0575
385451,43,222,711,2013.0,26897.0,0.0,1.24864,0.667713,CHN,TTO,0575
385452,77,222,711,2013.0,0.0,1129.0,1.5253299999999999,0.026146,FRA,TTO,0575
385453,90,222,711,2013.0,664752.0,0.0,0.073442,0.9857899999999999,GRC,TTO,0575
385454,91,222,711,2013.0,0.0,7342.0,0.04823,-0.473217,GRD,TTO,0575
385455,104,222,711,2013.0,478573.0,0.0,0.18186,2.647598,IND,TTO,0575
385456,127,222,711,2013.0,0.0,4531.0,0.433648,-0.288346,LCA,TTO,0575
385457,173,222,711,2013.0,2942.0,0.0,-0.640044,0.121772,PER,TTO,0575
385458,205,222,711,2013.0,0.0,1971.0,-0.25729,-0.651541,SUR,TTO,0575
385459,231,222,711,2013.0,4789928.0,0.0,1.612058,-0.8592989999999999,USA,TTO,0575
385460,234,222,711,2013.0,0.0,5315.0,0.39042899999999997,-0.042089,VCT,TTO,0575
385461,246,222,711,2013.0,45946.0,0.0,0.11624100000000001,1.574591,ZAF,TTO,0575
385462,250,222,711,2013.0,0.0,6960.0,0.583151,0.14238299999999998,ANS,TTO,0575
385463,4,224,711,2013.0,0.0,68559.0,-0.44779300000000005,-0.13181700000000002,ALB,TUR,0575
385464,7,224,711,2013.0,25752.0,1928239.0,-0.338417,-0.754102,ARE,TUR,0575
385465,14,224,711,2013.0,0.0,19223826.0,-0.63369,-0.276328,AUS,TUR,0575
385466,15,224,711,2013.0,78499.0,5881064.0,1.855434,-1.06494,AUT,TUR,0575
385467,16,224,711,2013.0,0.0,674489.0,-1.319766,-1.200648,AZE,TUR,0575
385468,18,224,711,2013.0,41227.0,25084140.0,1.198491,1.117268,BEL,TUR,0575
385469,22,224,711,2013.0,0.0,21326.0,-0.835666,-0.8088810000000001,BGD,TUR,0575
385470,23,224,711,2013.0,0.0,16221755.0,0.622325,1.5506229999999999,BGR,TUR,0575
385471,24,224,711,2013.0,0.0,68704.0,0.080634,-0.6828890000000001,BHR,TUR,0575
385472,26,224,711,2013.0,0.0,376630.0,0.723658,0.9271879999999999,BIH,TUR,0575
385473,28,224,711,2013.0,0.0,7412522.0,1.183522,0.934159,BLR,TUR,0575
385474,32,224,711,2013.0,0.0,265820.0,0.2804,0.649729,BRA,TUR,0575
385475,33,224,711,2013.0,0.0,173329.0,0.607845,0.09196,BRB,TUR,0575
385476,39,224,711,2013.0,33917.0,13333638.0,0.599305,1.193591,CAN,TUR,0575
385477,41,224,711,2013.0,59445.0,5171234.0,2.0899229999999998,0.661667,CHE,TUR,0575
385478,42,224,711,2013.0,2364338.0,0.0,-0.184556,-0.238657,CHL,TUR,0575
385479,43,224,711,2013.0,500442.0,1250858.0,1.24864,0.667713,CHN,TUR,0575
385480,44,224,711,2013.0,0.0,36166.0,-1.0025870000000001,-0.901658,CIV,TUR,0575
385481,45,224,711,2013.0,0.0,34385.0,-0.93575,-1.003851,CMR,TUR,0575
385482,49,224,711,2013.0,0.0,102605.0,0.034491,-0.36975,COL,TUR,0575
385483,58,224,711,2013.0,3155.0,628940.0,0.36482800000000004,0.527544,CYP,TUR,0575
385484,59,224,711,2013.0,0.0,1893208.0,1.829509,-0.41787700000000005,CZE,TUR,0575
385485,61,224,711,2013.0,486211.0,99159440.0,2.1086869999999998,-3.7092,DEU,TUR,0575
385486,64,224,711,2013.0,5489.0,1566365.0,1.190302,1.062991,DNK,TUR,0575
385487,65,224,711,2013.0,0.0,30952.0,-0.272579,0.42750699999999997,DOM,TUR,0575
385488,66,224,711,2013.0,0.0,1117055.0,-1.53603,-1.104965,DZA,TUR,0575
385489,68,224,711,2013.0,0.0,89250.0,-0.12015799999999999,1.793363,EGY,TUR,0575
385490,71,224,711,2013.0,0.0,8801459.0,0.955472,1.80005,ESP,TUR,0575
385491,72,224,711,2013.0,0.0,568761.0,0.923321,1.290016,EST,TUR,0575
385492,74,224,711,2013.0,0.0,636870.0,1.700282,0.867677,FIN,TUR,0575
385493,77,224,711,2013.0,151443.0,33205426.0,1.5253299999999999,0.026146,FRA,TUR,0575
385494,80,224,711,2013.0,0.0,1333.0,-1.652062,-1.140576,GAB,TUR,0575
385495,81,224,711,2013.0,287397.0,147158016.0,1.628465,0.77075,GBR,TUR,0575
385496,82,224,711,2013.0,0.0,195888.0,-0.08343099999999999,-0.359692,GEO,TUR,0575
385497,90,224,711,2013.0,1202412.0,984057.0,0.073442,0.9857899999999999,GRC,TUR,0575
385498,93,224,711,2013.0,0.0,4478.0,-0.220165,0.661111,GTM,TUR,0575
385499,97,224,711,2013.0,0.0,39353.0,0.791401,1.249845,HKG,TUR,0575
385500,100,224,711,2013.0,0.0,59719.0,0.8737309999999999,1.276091,HRV,TUR,0575
385501,102,224,711,2013.0,0.0,50424.0,1.6962560000000002,0.45460600000000007,HUN,TUR,0575
385502,103,224,711,2013.0,0.0,1938.0,-0.006876999999999999,1.8336569999999999,IDN,TUR,0575
385503,104,224,711,2013.0,540900.0,0.0,0.18186,2.647598,IND,TUR,0575
385504,106,224,711,2013.0,106542.0,7178502.0,1.32787,0.394579,IRL,TUR,0575
385505,107,224,711,2013.0,3400230.0,25563.0,-0.23625100000000002,-0.256067,IRN,TUR,0575
385506,108,224,711,2013.0,2563.0,68430.0,-3.147217,-0.685991,IRQ,TUR,0575
385507,109,224,711,2013.0,0.0,19263.0,0.284089,-0.164097,ISL,TUR,0575
385508,110,224,711,2013.0,0.0,17696.0,1.0247629999999999,0.8261639999999999,ISR,TUR,0575
385509,111,224,711,2013.0,25156.0,35709912.0,1.419383,-0.304402,ITA,TUR,0575
385510,112,224,711,2013.0,0.0,485335.0,-0.364044,-0.744733,JAM,TUR,0575
385511,113,224,711,2013.0,0.0,5272.0,0.1888,0.596867,JOR,TUR,0575
385512,114,224,711,2013.0,0.0,3253761.0,2.333417,-0.818701,JPN,TUR,0575
385513,115,224,711,2013.0,0.0,46217.0,-0.9193819999999999,-0.734194,KAZ,TUR,0575
385514,116,224,711,2013.0,0.0,98976.0,-0.303119,0.626786,KEN,TUR,0575
385515,121,224,711,2013.0,0.0,252931.0,1.817145,0.835414,KOR,TUR,0575
385516,122,224,711,2013.0,0.0,400088.0,-1.198985,-1.057248,KWT,TUR,0575
385517,124,224,711,2013.0,0.0,69483.0,0.37392800000000004,1.413136,LBN,TUR,0575
385518,130,224,711,2013.0,0.0,818736.0,0.677986,1.29227,LTU,TUR,0575
385519,131,224,711,2013.0,0.0,5448.0,1.0110190000000001,1.123226,LUX,TUR,0575
385520,132,224,711,2013.0,0.0,577551.0,0.652463,1.299917,LVA,TUR,0575
385521,134,224,711,2013.0,0.0,2995.0,-0.474872,0.178118,MAR,TUR,0575
385522,135,224,711,2013.0,0.0,2158748.0,0.14256,0.33920700000000004,MDA,TUR,0575
385523,136,224,711,2013.0,0.0,8676.0,-0.786091,-0.611478,MDG,TUR,0575
385524,138,224,711,2013.0,0.0,1706.0,1.2327219999999999,0.746108,MEX,TUR,0575
385525,140,224,711,2013.0,0.0,386089.0,-0.127775,0.21915900000000002,MKD,TUR,0575
385526,142,224,711,2013.0,0.0,91795.0,0.710108,-0.014586000000000002,MLT,TUR,0575
385527,144,224,711,2013.0,0.0,19911.0,0.09597,-0.019953,MNE,TUR,0575
385528,145,224,711,2013.0,0.0,12849.0,-1.264785,-1.133222,MNG,TUR,0575
385529,148,224,711,2013.0,0.0,4723.0,-1.681152,-1.2712350000000001,MRT,TUR,0575
385530,151,224,711,2013.0,0.0,19721.0,-0.092312,0.050927,MUS,TUR,0575
385531,153,224,711,2013.0,0.0,202868.0,0.924532,0.671334,MYS,TUR,0575
385532,156,224,711,2013.0,0.0,43057.0,-0.262882,-0.63858,NCL,TUR,0575
385533,157,224,711,2013.0,0.0,1812.0,-1.0008350000000001,-0.8325670000000001,NER,TUR,0575
385534,159,224,711,2013.0,0.0,46694.0,-1.679402,-1.14686,NGA,TUR,0575
385535,162,224,711,2013.0,685755.0,51293284.0,1.012006,1.441545,NLD,TUR,0575
385536,163,224,711,2013.0,65142.0,795478.0,0.710901,0.062705,NOR,TUR,0575
385537,166,224,711,2013.0,0.0,5276683.0,0.192237,0.429825,NZL,TUR,0575
385538,167,224,711,2013.0,0.0,164526.0,-0.698693,-1.030814,OMN,TUR,0575
385539,173,224,711,2013.0,27251.0,0.0,-0.640044,0.121772,PER,TUR,0575
385540,174,224,711,2013.0,0.0,127260.0,0.639083,0.45816899999999994,PHL,TUR,0575
385541,177,224,711,2013.0,81978.0,5263230.0,1.11341,0.975734,POL,TUR,0575
385542,179,224,711,2013.0,0.0,629182.0,0.705087,2.2055580000000004,PRT,TUR,0575
385543,182,224,711,2013.0,0.0,10476.0,-0.118172,-0.620256,PYF,TUR,0575
385544,183,224,711,2013.0,0.0,81394.0,-0.583609,-1.003754,QAT,TUR,0575
385545,185,224,711,2013.0,0.0,910000.0,1.05722,1.0968799999999999,ROU,TUR,0575
385546,186,224,711,2013.0,158157.0,125169920.0,-0.08233,-0.267781,RUS,TUR,0575
385547,188,224,711,2013.0,29552.0,3348704.0,-0.14823599999999998,-0.883965,SAU,TUR,0575
385548,191,224,711,2013.0,0.0,30309.0,-0.566624,-0.185277,SEN,TUR,0575
385549,192,224,711,2013.0,0.0,59528.0,1.844685,0.639379,SGP,TUR,0575
385550,201,224,711,2013.0,49623.0,466982.0,0.609755,1.355304,SRB,TUR,0575
385551,206,224,711,2013.0,46414.0,231345.0,1.510052,0.7060310000000001,SVK,TUR,0575
385552,207,224,711,2013.0,0.0,216726.0,1.55922,0.565874,SVN,TUR,0575
385553,208,224,711,2013.0,0.0,2451320.0,1.7851290000000002,0.182623,SWE,TUR,0575
385554,212,224,711,2013.0,0.0,19444.0,-0.09157699999999999,1.1795950000000002,SYR,TUR,0575
385555,216,224,711,2013.0,0.0,12015.0,1.067287,1.2767110000000002,THA,TUR,0575
385556,219,224,711,2013.0,0.0,8223.0,-1.174981,-1.14869,TKM,TUR,0575
385557,223,224,711,2013.0,0.0,24848.0,0.40154,0.902177,TUN,TUR,0575
385558,228,224,711,2013.0,0.0,14362501.0,0.535571,1.026263,UKR,TUR,0575
385559,230,224,711,2013.0,0.0,13291.0,0.128825,0.02334,URY,TUR,0575
385560,231,224,711,2013.0,1839279.0,446670.0,1.612058,-0.8592989999999999,USA,TUR,0575
385561,232,224,711,2013.0,581599.0,0.0,-0.7076319999999999,-0.645674,UZB,TUR,0575
385562,239,224,711,2013.0,0.0,4162.0,0.009264,1.182368,VNM,TUR,0575
385563,243,224,711,2013.0,0.0,2423.0,-1.2788700000000002,-1.230713,YEM,TUR,0575
385564,246,224,711,2013.0,120131.0,278472.0,0.11624100000000001,1.574591,ZAF,TUR,0575
385565,249,224,711,2013.0,7721.0,51223.0,1.7382849999999999,0.9917739999999999,TWN,TUR,0575
385566,250,224,711,2013.0,45353.0,3124704.0,0.583151,0.14238299999999998,ANS,TUR,0575
385567,1,228,711,2013.0,684237.0,0.0,-0.767212,-0.6506069999999999,AFG,UKR,0575
385568,8,228,711,2013.0,41591.0,0.0,0.042829,0.461002,ARG,UKR,0575
385569,9,228,711,2013.0,45593.0,0.0,-0.159148,-0.515766,ARM,UKR,0575
385570,18,228,711,2013.0,25864.0,0.0,1.198491,1.117268,BEL,UKR,0575
385571,23,228,711,2013.0,38216.0,0.0,0.622325,1.5506229999999999,BGR,UKR,0575
385572,28,228,711,2013.0,0.0,2343.0,1.183522,0.934159,BLR,UKR,0575
385573,32,228,711,2013.0,36752.0,0.0,0.2804,0.649729,BRA,UKR,0575
385574,42,228,711,2013.0,3300118.0,0.0,-0.184556,-0.238657,CHL,UKR,0575
385575,43,228,711,2013.0,45724.0,0.0,1.24864,0.667713,CHN,UKR,0575
385576,59,228,711,2013.0,3902.0,0.0,1.829509,-0.41787700000000005,CZE,UKR,0575
385577,61,228,711,2013.0,311645.0,0.0,2.1086869999999998,-3.7092,DEU,UKR,0575
385578,68,228,711,2013.0,789283.0,0.0,-0.12015799999999999,1.793363,EGY,UKR,0575
385579,71,228,711,2013.0,201990.0,0.0,0.955472,1.80005,ESP,UKR,0575
385580,82,228,711,2013.0,0.0,6175.0,-0.08343099999999999,-0.359692,GEO,UKR,0575
385581,90,228,711,2013.0,741910.0,0.0,0.073442,0.9857899999999999,GRC,UKR,0575
385582,102,228,711,2013.0,201029.0,0.0,1.6962560000000002,0.45460600000000007,HUN,UKR,0575
385583,104,228,711,2013.0,5587964.0,0.0,0.18186,2.647598,IND,UKR,0575
385584,107,228,711,2013.0,19150712.0,0.0,-0.23625100000000002,-0.256067,IRN,UKR,0575
385585,110,228,711,2013.0,49361.0,0.0,1.0247629999999999,0.8261639999999999,ISR,UKR,0575
385586,111,228,711,2013.0,944876.0,0.0,1.419383,-0.304402,ITA,UKR,0575
385587,135,228,711,2013.0,249787.0,95709.0,0.14256,0.33920700000000004,MDA,UKR,0575
385588,140,228,711,2013.0,134476.0,0.0,-0.127775,0.21915900000000002,MKD,UKR,0575
385589,155,228,711,2013.0,66057.0,0.0,-0.316805,-0.38759099999999996,NAM,UKR,0575
385590,162,228,711,2013.0,2225281.0,0.0,1.012006,1.441545,NLD,UKR,0575
385591,169,228,711,2013.0,0.0,2069.0,0.8719819999999999,1.038982,PAN,UKR,0575
385592,173,228,711,2013.0,637703.0,0.0,-0.640044,0.121772,PER,UKR,0575
385593,177,228,711,2013.0,12699785.0,0.0,1.11341,0.975734,POL,UKR,0575
385594,186,228,711,2013.0,0.0,126347.0,-0.08233,-0.267781,RUS,UKR,0575
385595,206,228,711,2013.0,6875.0,0.0,1.510052,0.7060310000000001,SVK,UKR,0575
385596,207,228,711,2013.0,20335.0,0.0,1.55922,0.565874,SVN,UKR,0575
385597,212,228,711,2013.0,124699.0,0.0,-0.09157699999999999,1.1795950000000002,SYR,UKR,0575
385598,217,228,711,2013.0,8139.0,0.0,-1.117246,-1.1638600000000001,TJK,UKR,0575
385599,224,228,711,2013.0,14362501.0,0.0,0.580016,2.394812,TUR,UKR,0575
385600,231,228,711,2013.0,666931.0,0.0,1.612058,-0.8592989999999999,USA,UKR,0575
385601,232,228,711,2013.0,2817963.0,0.0,-0.7076319999999999,-0.645674,UZB,UKR,0575
385602,246,228,711,2013.0,469111.0,0.0,0.11624100000000001,1.574591,ZAF,UKR,0575
385603,8,230,711,2013.0,772508.0,31949.0,0.042829,0.461002,ARG,URY,0575
385604,32,230,711,2013.0,117124.0,0.0,0.2804,0.649729,BRA,URY,0575
385605,42,230,711,2013.0,975790.0,0.0,-0.184556,-0.238657,CHL,URY,0575
385606,81,230,711,2013.0,0.0,1531.0,1.628465,0.77075,GBR,URY,0575
385607,104,230,711,2013.0,22455.0,0.0,0.18186,2.647598,IND,URY,0575
385608,111,230,711,2013.0,60546.0,0.0,1.419383,-0.304402,ITA,URY,0575
385609,224,230,711,2013.0,13291.0,0.0,0.580016,2.394812,TUR,URY,0575
385610,231,230,711,2013.0,28443.0,0.0,1.612058,-0.8592989999999999,USA,URY,0575
385611,0,231,711,2013.0,0.0,307741.0,0.598533,0.032199,ABW,USA,0575
385612,1,231,711,2013.0,745483.0,0.0,-0.767212,-0.6506069999999999,AFG,USA,0575
385613,2,231,711,2013.0,0.0,7911.0,-1.240877,-1.073797,AGO,USA,0575
385614,3,231,711,2013.0,0.0,6178.0,1.598439,0.492281,AIA,USA,0575
385615,7,231,711,2013.0,2959.0,9370538.0,-0.338417,-0.754102,ARE,USA,0575
385616,8,231,711,2013.0,3065746.0,112510.0,0.042829,0.461002,ARG,USA,0575
385617,9,231,711,2013.0,0.0,3304.0,-0.159148,-0.515766,ARM,USA,0575
385618,13,231,711,2013.0,0.0,303508.0,0.25821500000000003,-0.383761,ATG,USA,0575
385619,14,231,711,2013.0,0.0,65247472.0,-0.63369,-0.276328,AUS,USA,0575
385620,15,231,711,2013.0,3225.0,156697.0,1.855434,-1.06494,AUT,USA,0575
385621,18,231,711,2013.0,0.0,3179124.0,1.198491,1.117268,BEL,USA,0575
385622,22,231,711,2013.0,0.0,1425341.0,-0.835666,-0.8088810000000001,BGD,USA,0575
385623,23,231,711,2013.0,0.0,57562.0,0.622325,1.5506229999999999,BGR,USA,0575
385624,24,231,711,2013.0,0.0,157182.0,0.080634,-0.6828890000000001,BHR,USA,0575
385625,25,231,711,2013.0,0.0,2579205.0,0.496435,-0.324394,BHS,USA,0575
385626,29,231,711,2013.0,0.0,60791.0,-0.459154,-0.465912,BLZ,USA,0575
385627,30,231,711,2013.0,0.0,461343.0,1.020753,-0.10180399999999999,BMU,USA,0575
385628,31,231,711,2013.0,0.0,1327.0,-1.1429610000000001,-1.0076120000000002,BOL,USA,0575
385629,32,231,711,2013.0,6160456.0,1986943.0,0.2804,0.649729,BRA,USA,0575
385630,33,231,711,2013.0,0.0,1059520.0,0.607845,0.09196,BRB,USA,0575
385631,34,231,711,2013.0,0.0,126313.0,-1.664,-0.663172,BRN,USA,0575
385632,39,231,711,2013.0,1713964.0,405907648.0,0.599305,1.193591,CAN,USA,0575
385633,41,231,711,2013.0,0.0,5552041.0,2.0899229999999998,0.661667,CHE,USA,0575
385634,42,231,711,2013.0,734614144.0,919075.0,-0.184556,-0.238657,CHL,USA,0575
385635,43,231,711,2013.0,900447.0,58106536.0,1.24864,0.667713,CHN,USA,0575
385636,49,231,711,2013.0,0.0,10973290.0,0.034491,-0.36975,COL,USA,0575
385637,52,231,711,2013.0,0.0,9067522.0,0.208669,-0.54783,CRI,USA,0575
385638,55,231,711,2013.0,0.0,232977.0,-0.145402,-0.556962,CUW,USA,0575
385639,57,231,711,2013.0,0.0,525178.0,0.379754,-0.510024,CYM,USA,0575
385640,59,231,711,2013.0,0.0,203035.0,1.829509,-0.41787700000000005,CZE,USA,0575
385641,61,231,711,2013.0,12853.0,32182532.0,2.1086869999999998,-3.7092,DEU,USA,0575
385642,63,231,711,2013.0,0.0,7998.0,0.13787,-0.12528399999999998,DMA,USA,0575
385643,64,231,711,2013.0,0.0,8642708.0,1.190302,1.062991,DNK,USA,0575
385644,65,231,711,2013.0,18708.0,11431318.0,-0.272579,0.42750699999999997,DOM,USA,0575
385645,67,231,711,2013.0,17019.0,7192296.0,-0.8251790000000001,-0.9347200000000001,ECU,USA,0575
385646,68,231,711,2013.0,90577.0,146138.0,-0.12015799999999999,1.793363,EGY,USA,0575
385647,71,231,711,2013.0,0.0,1230823.0,0.955472,1.80005,ESP,USA,0575
385648,72,231,711,2013.0,0.0,95407.0,0.923321,1.290016,EST,USA,0575
385649,73,231,711,2013.0,0.0,8665.0,-1.1373090000000001,-0.89186,ETH,USA,0575
385650,74,231,711,2013.0,0.0,4117000.0,1.700282,0.867677,FIN,USA,0575
385651,75,231,711,2013.0,0.0,187778.0,-0.374639,-0.140308,FJI,USA,0575
385652,77,231,711,2013.0,4632.0,760976.0,1.5253299999999999,0.026146,FRA,USA,0575
385653,79,231,711,2013.0,0.0,15387.0,-0.592069,-0.796275,FSM,USA,0575
385654,81,231,711,2013.0,17577.0,55015856.0,1.628465,0.77075,GBR,USA,0575
385655,83,231,711,2013.0,0.0,2326.0,-0.696971,-0.5807939999999999,GHA,USA,0575
385656,90,231,711,2013.0,356714.0,0.0,0.073442,0.9857899999999999,GRC,USA,0575
385657,92,231,711,2013.0,0.0,141883.0,-1.119616,-0.802964,GRL,USA,0575
385658,93,231,711,2013.0,0.0,11096006.0,-0.220165,0.661111,GTM,USA,0575
385659,96,231,711,2013.0,0.0,848102.0,-0.90241,-0.957449,GUY,USA,0575
385660,97,231,711,2013.0,2837.0,137922624.0,0.791401,1.249845,HKG,USA,0575
385661,99,231,711,2013.0,0.0,5002167.0,-0.6661060000000001,-0.38619699999999996,HND,USA,0575
385662,101,231,711,2013.0,0.0,442769.0,-0.627783,-0.8605309999999999,HTI,USA,0575
385663,103,231,711,2013.0,0.0,27115298.0,-0.006876999999999999,1.8336569999999999,IDN,USA,0575
385664,104,231,711,2013.0,27682.0,6195674.0,0.18186,2.647598,IND,USA,0575
385665,105,231,711,2013.0,0.0,4540.0,1.2840559999999999,-0.21232199999999998,IOT,USA,0575
385666,106,231,711,2013.0,0.0,1452041.0,1.32787,0.394579,IRL,USA,0575
385667,107,231,711,2013.0,403551.0,0.0,-0.23625100000000002,-0.256067,IRN,USA,0575
385668,109,231,711,2013.0,0.0,1726608.0,0.284089,-0.164097,ISL,USA,0575
385669,110,231,711,2013.0,0.0,5783896.0,1.0247629999999999,0.8261639999999999,ISR,USA,0575
385670,111,231,711,2013.0,2751570.0,392030.0,1.419383,-0.304402,ITA,USA,0575
385671,112,231,711,2013.0,0.0,584637.0,-0.364044,-0.744733,JAM,USA,0575
385672,113,231,711,2013.0,0.0,292126.0,0.1888,0.596867,JOR,USA,0575
385673,114,231,711,2013.0,0.0,80589504.0,2.333417,-0.818701,JPN,USA,0575
385674,115,231,711,2013.0,0.0,47882.0,-0.9193819999999999,-0.734194,KAZ,USA,0575
385675,116,231,711,2013.0,0.0,62878.0,-0.303119,0.626786,KEN,USA,0575
385676,118,231,711,2013.0,0.0,1494274.0,-0.634876,-0.714886,KHM,USA,0575
385677,120,231,711,2013.0,0.0,64497.0,0.983857,-0.051745000000000006,KNA,USA,0575
385678,121,231,711,2013.0,626009.0,28317764.0,1.817145,0.835414,KOR,USA,0575
385679,122,231,711,2013.0,0.0,698501.0,-1.198985,-1.057248,KWT,USA,0575
385680,124,231,711,2013.0,0.0,260436.0,0.37392800000000004,1.413136,LBN,USA,0575
385681,127,231,711,2013.0,0.0,287971.0,0.433648,-0.288346,LCA,USA,0575
385682,128,231,711,2013.0,0.0,842290.0,-0.320583,0.44462399999999996,LKA,USA,0575
385683,130,231,711,2013.0,0.0,219756.0,0.677986,1.29227,LTU,USA,0575
385684,131,231,711,2013.0,0.0,47349.0,1.0110190000000001,1.123226,LUX,USA,0575
385685,132,231,711,2013.0,0.0,107755.0,0.652463,1.299917,LVA,USA,0575
385686,137,231,711,2013.0,0.0,181027.0,-0.510204,-0.740372,MDV,USA,0575
385687,138,231,711,2013.0,348818496.0,102808512.0,1.2327219999999999,0.746108,MEX,USA,0575
385688,143,231,711,2013.0,0.0,58140.0,-1.147086,-0.6888989999999999,MMR,USA,0575
385689,145,231,711,2013.0,0.0,14045.0,-1.264785,-1.133222,MNG,USA,0575
385690,149,231,711,2013.0,0.0,18687.0,1.847968,0.658998,MSR,USA,0575
385691,151,231,711,2013.0,0.0,84738.0,-0.092312,0.050927,MUS,USA,0575
385692,152,231,711,2013.0,0.0,74902.0,-0.802763,-0.8101470000000001,MWI,USA,0575
385693,153,231,711,2013.0,0.0,39728584.0,0.924532,0.671334,MYS,USA,0575
385694,156,231,711,2013.0,0.0,187678.0,-0.262882,-0.63858,NCL,USA,0575
385695,159,231,711,2013.0,0.0,85395.0,-1.679402,-1.14686,NGA,USA,0575
385696,160,231,711,2013.0,0.0,1121752.0,-0.7956479999999999,-0.596061,NIC,USA,0575
385697,162,231,711,2013.0,0.0,11521833.0,1.012006,1.441545,NLD,USA,0575
385698,163,231,711,2013.0,0.0,8861183.0,0.710901,0.062705,NOR,USA,0575
385699,166,231,711,2013.0,4879.0,20607022.0,0.192237,0.429825,NZL,USA,0575
385700,167,231,711,2013.0,0.0,5371.0,-0.698693,-1.030814,OMN,USA,0575
385701,168,231,711,2013.0,52449.0,141683.0,-0.697224,0.501576,PAK,USA,0575
385702,169,231,711,2013.0,0.0,5425999.0,0.8719819999999999,1.038982,PAN,USA,0575
385703,173,231,711,2013.0,77870072.0,1067241.0,-0.640044,0.121772,PER,USA,0575
385704,174,231,711,2013.0,2277.0,45838656.0,0.639083,0.45816899999999994,PHL,USA,0575
385705,175,231,711,2013.0,0.0,49841.0,0.661385,-0.41401899999999997,PLW,USA,0575
385706,177,231,711,2013.0,3163.0,1147151.0,1.11341,0.975734,POL,USA,0575
385707,179,231,711,2013.0,1364.0,2023.0,0.705087,2.2055580000000004,PRT,USA,0575
385708,180,231,711,2013.0,0.0,41670.0,-0.560661,-0.822876,PRY,USA,0575
385709,182,231,711,2013.0,0.0,258527.0,-0.118172,-0.620256,PYF,USA,0575
385710,183,231,711,2013.0,0.0,426659.0,-0.583609,-1.003754,QAT,USA,0575
385711,186,231,711,2013.0,0.0,3558554.0,-0.08233,-0.267781,RUS,USA,0575
385712,188,231,711,2013.0,773749.0,2080976.0,-0.14823599999999998,-0.883965,SAU,USA,0575
385713,192,231,711,2013.0,0.0,32129246.0,1.844685,0.639379,SGP,USA,0575
385714,195,231,711,2013.0,0.0,1166.0,-1.092566,-0.7936310000000001,SLB,USA,0575
385715,197,231,711,2013.0,0.0,5746378.0,0.104046,0.46966,SLV,USA,0575
385716,205,231,711,2013.0,0.0,418294.0,-0.25729,-0.651541,SUR,USA,0575
385717,206,231,711,2013.0,0.0,8027.0,1.510052,0.7060310000000001,SVK,USA,0575
385718,207,231,711,2013.0,0.0,8300.0,1.55922,0.565874,SVN,USA,0575
385719,208,231,711,2013.0,0.0,18997172.0,1.7851290000000002,0.182623,SWE,USA,0575
385720,210,231,711,2013.0,0.0,140593.0,0.619185,-0.36438200000000004,SXM,USA,0575
385721,211,231,711,2013.0,0.0,17356.0,0.06901,-0.438229,SYC,USA,0575
385722,213,231,711,2013.0,0.0,189461.0,0.6284609999999999,0.142692,TCA,USA,0575
385723,216,231,711,2013.0,0.0,22386084.0,1.067287,1.2767110000000002,THA,USA,0575
385724,222,231,711,2013.0,0.0,4789928.0,-0.399437,-1.047864,TTO,USA,0575
385725,223,231,711,2013.0,0.0,2104.0,0.40154,0.902177,TUN,USA,0575
385726,224,231,711,2013.0,446670.0,1839279.0,0.580016,2.394812,TUR,USA,0575
385727,228,231,711,2013.0,0.0,666931.0,0.535571,1.026263,UKR,USA,0575
385728,230,231,711,2013.0,0.0,28443.0,0.128825,0.02334,URY,USA,0575
385729,232,231,711,2013.0,929626.0,0.0,-0.7076319999999999,-0.645674,UZB,USA,0575
385730,234,231,711,2013.0,0.0,90049.0,0.39042899999999997,-0.042089,VCT,USA,0575
385731,236,231,711,2013.0,0.0,2031950.0,-1.281202,-1.094268,VEN,USA,0575
385732,237,231,711,2013.0,0.0,406530.0,0.217532,-0.315292,VGB,USA,0575
385733,239,231,711,2013.0,0.0,25439728.0,0.009264,1.182368,VNM,USA,0575
385734,242,231,711,2013.0,0.0,2357.0,0.877785,0.277918,WSM,USA,0575
385735,243,231,711,2013.0,0.0,2053.0,-1.2788700000000002,-1.230713,YEM,USA,0575
385736,246,231,711,2013.0,7189662.0,179515.0,0.11624100000000001,1.574591,ZAF,USA,0575
385737,249,231,711,2013.0,29609.0,44149456.0,1.7382849999999999,0.9917739999999999,TWN,USA,0575
385738,39,234,711,2013.0,3303.0,0.0,0.599305,1.193591,CAN,VCT,0575
385739,42,234,711,2013.0,20745.0,0.0,-0.184556,-0.238657,CHL,VCT,0575
385740,43,234,711,2013.0,1493.0,0.0,1.24864,0.667713,CHN,VCT,0575
385741,81,234,711,2013.0,1526.0,0.0,1.628465,0.77075,GBR,VCT,0575
385742,138,234,711,2013.0,10793.0,0.0,1.2327219999999999,0.746108,MEX,VCT,0575
385743,222,234,711,2013.0,5315.0,0.0,-0.399437,-1.047864,TTO,VCT,0575
385744,231,234,711,2013.0,90049.0,0.0,1.612058,-0.8592989999999999,USA,VCT,0575
385745,8,236,711,2013.0,360573.0,0.0,0.042829,0.461002,ARG,VEN,0575
385746,42,236,711,2013.0,12079076.0,0.0,-0.184556,-0.238657,CHL,VEN,0575
385747,138,236,711,2013.0,2431397.0,0.0,1.2327219999999999,0.746108,MEX,VEN,0575
385748,173,236,711,2013.0,2631882.0,0.0,-0.640044,0.121772,PER,VEN,0575
385749,231,236,711,2013.0,2031950.0,0.0,1.612058,-0.8592989999999999,USA,VEN,0575
385750,7,243,711,2013.0,1762026.0,1532.0,-0.338417,-0.754102,ARE,YEM,0575
385751,24,243,711,2013.0,0.0,2725.0,0.080634,-0.6828890000000001,BHR,YEM,0575
385752,43,243,711,2013.0,217027.0,0.0,1.24864,0.667713,CHN,YEM,0575
385753,104,243,711,2013.0,11255.0,0.0,0.18186,2.647598,IND,YEM,0575
385754,122,243,711,2013.0,0.0,4471.0,-1.198985,-1.057248,KWT,YEM,0575
385755,167,243,711,2013.0,0.0,22646.0,-0.698693,-1.030814,OMN,YEM,0575
385756,188,243,711,2013.0,297567.0,1721271.0,-0.14823599999999998,-0.883965,SAU,YEM,0575
385757,224,243,711,2013.0,2423.0,0.0,0.580016,2.394812,TUR,YEM,0575
385758,231,243,711,2013.0,2053.0,0.0,1.612058,-0.8592989999999999,USA,YEM,0575
385759,2,246,711,2013.0,0.0,1534067.0,-1.240877,-1.073797,AGO,ZAF,0575
385760,7,246,711,2013.0,0.0,12501001.0,-0.338417,-0.754102,ARE,ZAF,0575
385761,14,246,711,2013.0,47104.0,1196057.0,-0.63369,-0.276328,AUS,ZAF,0575
385762,15,246,711,2013.0,0.0,784039.0,1.855434,-1.06494,AUT,ZAF,0575
385763,16,246,711,2013.0,0.0,55684.0,-1.319766,-1.200648,AZE,ZAF,0575
385764,18,246,711,2013.0,0.0,4432198.0,1.198491,1.117268,BEL,ZAF,0575
385765,19,246,711,2013.0,0.0,338916.0,-0.924213,-0.8181390000000001,BEN,ZAF,0575
385766,21,246,711,2013.0,0.0,9551.0,-0.7231029999999999,-0.736291,BFA,ZAF,0575
385767,22,246,711,2013.0,0.0,12656.0,-0.835666,-0.8088810000000001,BGD,ZAF,0575
385768,23,246,711,2013.0,0.0,26646.0,0.622325,1.5506229999999999,BGR,ZAF,0575
385769,24,246,711,2013.0,0.0,550201.0,0.080634,-0.6828890000000001,BHR,ZAF,0575
385770,26,246,711,2013.0,0.0,53787.0,0.723658,0.9271879999999999,BIH,ZAF,0575
385771,28,246,711,2013.0,0.0,72656.0,1.183522,0.934159,BLR,ZAF,0575
385772,32,246,711,2013.0,0.0,2275728.0,0.2804,0.649729,BRA,ZAF,0575
385773,34,246,711,2013.0,0.0,22205.0,-1.664,-0.663172,BRN,ZAF,0575
385774,37,246,711,2013.0,0.0,2182362.0,-0.677782,-1.0888149999999999,BWA,ZAF,0575
385775,39,246,711,2013.0,0.0,9472790.0,0.599305,1.193591,CAN,ZAF,0575
385776,41,246,711,2013.0,0.0,4698084.0,2.0899229999999998,0.661667,CHE,ZAF,0575
385777,42,246,711,2013.0,0.0,180573.0,-0.184556,-0.238657,CHL,ZAF,0575
385778,43,246,711,2013.0,0.0,20208252.0,1.24864,0.667713,CHN,ZAF,0575
385779,44,246,711,2013.0,0.0,394346.0,-1.0025870000000001,-0.901658,CIV,ZAF,0575
385780,45,246,711,2013.0,0.0,173622.0,-0.93575,-1.003851,CMR,ZAF,0575
385781,46,246,711,2013.0,0.0,211189.0,-1.450075,-1.115916,COD,ZAF,0575
385782,47,246,711,2013.0,0.0,44943.0,-1.478461,-1.094509,COG,ZAF,0575
385783,49,246,711,2013.0,0.0,13383.0,0.034491,-0.36975,COL,ZAF,0575
385784,51,246,711,2013.0,0.0,3231.0,-0.28793,-0.5938319999999999,CPV,ZAF,0575
385785,58,246,711,2013.0,0.0,41799.0,0.36482800000000004,0.527544,CYP,ZAF,0575
385786,59,246,711,2013.0,0.0,3156743.0,1.829509,-0.41787700000000005,CZE,ZAF,0575
385787,61,246,711,2013.0,1865.0,41428200.0,2.1086869999999998,-3.7092,DEU,ZAF,0575
385788,64,246,711,2013.0,0.0,1669589.0,1.190302,1.062991,DNK,ZAF,0575
385789,66,246,711,2013.0,0.0,6410127.0,-1.53603,-1.104965,DZA,ZAF,0575
385790,68,246,711,2013.0,2158982.0,489853.0,-0.12015799999999999,1.793363,EGY,ZAF,0575
385791,71,246,711,2013.0,5287288.0,2456811.0,0.955472,1.80005,ESP,ZAF,0575
385792,72,246,711,2013.0,0.0,719080.0,0.923321,1.290016,EST,ZAF,0575
385793,73,246,711,2013.0,0.0,12508.0,-1.1373090000000001,-0.89186,ETH,ZAF,0575
385794,74,246,711,2013.0,0.0,1445287.0,1.700282,0.867677,FIN,ZAF,0575
385795,77,246,711,2013.0,79445.0,15183445.0,1.5253299999999999,0.026146,FRA,ZAF,0575
385796,80,246,711,2013.0,0.0,190459.0,-1.652062,-1.140576,GAB,ZAF,0575
385797,81,246,711,2013.0,0.0,110744592.0,1.628465,0.77075,GBR,ZAF,0575
385798,82,246,711,2013.0,0.0,245727.0,-0.08343099999999999,-0.359692,GEO,ZAF,0575
385799,83,246,711,2013.0,0.0,636367.0,-0.696971,-0.5807939999999999,GHA,ZAF,0575
385800,85,246,711,2013.0,0.0,27787.0,-1.281072,-1.027585,GIN,ZAF,0575
385801,87,246,711,2013.0,0.0,15519.0,-0.867648,-0.90786,GMB,ZAF,0575
385802,89,246,711,2013.0,0.0,48829.0,-1.7984200000000001,-0.678832,GNQ,ZAF,0575
385803,90,246,711,2013.0,0.0,66416.0,0.073442,0.9857899999999999,GRC,ZAF,0575
385804,92,246,711,2013.0,0.0,26373.0,-1.119616,-0.802964,GRL,ZAF,0575
385805,97,246,711,2013.0,0.0,7674119.0,0.791401,1.249845,HKG,ZAF,0575
385806,103,246,711,2013.0,0.0,941950.0,-0.006876999999999999,1.8336569999999999,IDN,ZAF,0575
385807,104,246,711,2013.0,12424.0,115101.0,0.18186,2.647598,IND,ZAF,0575
385808,106,246,711,2013.0,0.0,366534.0,1.32787,0.394579,IRL,ZAF,0575
385809,109,246,711,2013.0,0.0,387271.0,0.284089,-0.164097,ISL,ZAF,0575
385810,110,246,711,2013.0,279760.0,1826787.0,1.0247629999999999,0.8261639999999999,ISR,ZAF,0575
385811,111,246,711,2013.0,0.0,1618411.0,1.419383,-0.304402,ITA,ZAF,0575
385812,113,246,711,2013.0,9531.0,73433.0,0.1888,0.596867,JOR,ZAF,0575
385813,114,246,711,2013.0,0.0,656736.0,2.333417,-0.818701,JPN,ZAF,0575
385814,115,246,711,2013.0,0.0,105434.0,-0.9193819999999999,-0.734194,KAZ,ZAF,0575
385815,116,246,711,2013.0,0.0,990575.0,-0.303119,0.626786,KEN,ZAF,0575
385816,118,246,711,2013.0,0.0,112486.0,-0.634876,-0.714886,KHM,ZAF,0575
385817,122,246,711,2013.0,0.0,598190.0,-1.198985,-1.057248,KWT,ZAF,0575
385818,124,246,711,2013.0,0.0,86974.0,0.37392800000000004,1.413136,LBN,ZAF,0575
385819,126,246,711,2013.0,0.0,21127.0,-1.871593,-1.1211790000000001,LBY,ZAF,0575
385820,128,246,711,2013.0,0.0,1039166.0,-0.320583,0.44462399999999996,LKA,ZAF,0575
385821,129,246,711,2013.0,0.0,285095.0,-0.726902,-0.8200930000000001,LSO,ZAF,0575
385822,130,246,711,2013.0,0.0,1173420.0,0.677986,1.29227,LTU,ZAF,0575
385823,131,246,711,2013.0,0.0,383036.0,1.0110190000000001,1.123226,LUX,ZAF,0575
385824,132,246,711,2013.0,0.0,325660.0,0.652463,1.299917,LVA,ZAF,0575
385825,134,246,711,2013.0,0.0,77753.0,-0.474872,0.178118,MAR,ZAF,0575
385826,135,246,711,2013.0,0.0,3826.0,0.14256,0.33920700000000004,MDA,ZAF,0575
385827,136,246,711,2013.0,0.0,65927.0,-0.786091,-0.611478,MDG,ZAF,0575
385828,137,246,711,2013.0,0.0,64791.0,-0.510204,-0.740372,MDV,ZAF,0575
385829,141,246,711,2013.0,0.0,7877.0,-1.046677,-0.980809,MLI,ZAF,0575
385830,142,246,711,2013.0,0.0,3053.0,0.710108,-0.014586000000000002,MLT,ZAF,0575
385831,147,246,711,2013.0,0.0,747306.0,-1.131512,-0.8923840000000001,MOZ,ZAF,0575
385832,148,246,711,2013.0,0.0,56482.0,-1.681152,-1.2712350000000001,MRT,ZAF,0575
385833,151,246,711,2013.0,0.0,1335857.0,-0.092312,0.050927,MUS,ZAF,0575
385834,152,246,711,2013.0,0.0,108070.0,-0.802763,-0.8101470000000001,MWI,ZAF,0575
385835,153,246,711,2013.0,0.0,8192825.0,0.924532,0.671334,MYS,ZAF,0575
385836,154,246,711,2013.0,0.0,49000.0,0.652359,-0.525881,MYT,ZAF,0575
385837,155,246,711,2013.0,185961.0,1523675.0,-0.316805,-0.38759099999999996,NAM,ZAF,0575
385838,156,246,711,2013.0,0.0,6996.0,-0.262882,-0.63858,NCL,ZAF,0575
385839,157,246,711,2013.0,0.0,2918.0,-1.0008350000000001,-0.8325670000000001,NER,ZAF,0575
385840,159,246,711,2013.0,0.0,625347.0,-1.679402,-1.14686,NGA,ZAF,0575
385841,162,246,711,2013.0,3845.0,207410096.0,1.012006,1.441545,NLD,ZAF,0575
385842,163,246,711,2013.0,0.0,9638766.0,0.710901,0.062705,NOR,ZAF,0575
385843,166,246,711,2013.0,0.0,937749.0,0.192237,0.429825,NZL,ZAF,0575
385844,167,246,711,2013.0,0.0,810244.0,-0.698693,-1.030814,OMN,ZAF,0575
385845,168,246,711,2013.0,0.0,31057.0,-0.697224,0.501576,PAK,ZAF,0575
385846,174,246,711,2013.0,0.0,926368.0,0.639083,0.45816899999999994,PHL,ZAF,0575
385847,177,246,711,2013.0,0.0,10118170.0,1.11341,0.975734,POL,ZAF,0575
385848,179,246,711,2013.0,0.0,1587081.0,0.705087,2.2055580000000004,PRT,ZAF,0575
385849,182,246,711,2013.0,0.0,3929.0,-0.118172,-0.620256,PYF,ZAF,0575
385850,183,246,711,2013.0,0.0,388464.0,-0.583609,-1.003754,QAT,ZAF,0575
385851,186,246,711,2013.0,0.0,20818588.0,-0.08233,-0.267781,RUS,ZAF,0575
385852,187,246,711,2013.0,0.0,1896.0,-0.535446,-0.662881,RWA,ZAF,0575
385853,188,246,711,2013.0,0.0,3890240.0,-0.14823599999999998,-0.883965,SAU,ZAF,0575
385854,190,246,711,2013.0,0.0,57548.0,-1.224897,-1.059517,SDN,ZAF,0575
385855,191,246,711,2013.0,0.0,323219.0,-0.566624,-0.185277,SEN,ZAF,0575
385856,192,246,711,2013.0,0.0,5937968.0,1.844685,0.639379,SGP,ZAF,0575
385857,194,246,711,2013.0,0.0,29131.0,1.74968,0.20829299999999998,SHN,ZAF,0575
385858,197,246,711,2013.0,0.0,10567.0,0.104046,0.46966,SLV,ZAF,0575
385859,201,246,711,2013.0,0.0,29201.0,0.609755,1.355304,SRB,ZAF,0575
385860,206,246,711,2013.0,0.0,315313.0,1.510052,0.7060310000000001,SVK,ZAF,0575
385861,207,246,711,2013.0,0.0,1381080.0,1.55922,0.565874,SVN,ZAF,0575
385862,208,246,711,2013.0,0.0,603726.0,1.7851290000000002,0.182623,SWE,ZAF,0575
385863,209,246,711,2013.0,0.0,450477.0,0.017946,-0.20627399999999999,SWZ,ZAF,0575
385864,211,246,711,2013.0,0.0,50579.0,0.06901,-0.438229,SYC,ZAF,0575
385865,215,246,711,2013.0,0.0,178278.0,-0.532095,-0.434276,TGO,ZAF,0575
385866,216,246,711,2013.0,0.0,15363.0,1.067287,1.2767110000000002,THA,ZAF,0575
385867,222,246,711,2013.0,0.0,45946.0,-0.399437,-1.047864,TTO,ZAF,0575
385868,223,246,711,2013.0,0.0,243967.0,0.40154,0.902177,TUN,ZAF,0575
385869,224,246,711,2013.0,278472.0,120131.0,0.580016,2.394812,TUR,ZAF,0575
385870,226,246,711,2013.0,0.0,166554.0,-0.654655,0.903574,TZA,ZAF,0575
385871,227,246,711,2013.0,0.0,33985.0,-0.46170100000000003,0.652878,UGA,ZAF,0575
385872,228,246,711,2013.0,0.0,469111.0,0.535571,1.026263,UKR,ZAF,0575
385873,231,246,711,2013.0,179515.0,7189662.0,1.612058,-0.8592989999999999,USA,ZAF,0575
385874,239,246,711,2013.0,0.0,2567692.0,0.009264,1.182368,VNM,ZAF,0575
385875,247,246,711,2013.0,0.0,697553.0,-0.293192,-0.42930100000000004,ZMB,ZAF,0575
385876,248,246,711,2013.0,0.0,1961798.0,-0.841968,-0.898121,ZWE,ZAF,0575
385877,249,246,711,2013.0,0.0,2344301.0,1.7382849999999999,0.9917739999999999,TWN,ZAF,0575
385878,250,246,711,2013.0,0.0,6431.0,0.583151,0.14238299999999998,ANS,ZAF,0575
385879,8,249,711,2013.0,741363.0,0.0,0.042829,0.461002,ARG,TWN,0575
385880,14,249,711,2013.0,433954.0,0.0,-0.63369,-0.276328,AUS,TWN,0575
385881,34,249,711,2013.0,0.0,3475.0,-1.664,-0.663172,BRN,TWN,0575
385882,39,249,711,2013.0,0.0,10570.0,0.599305,1.193591,CAN,TWN,0575
385883,42,249,711,2013.0,13215344.0,0.0,-0.184556,-0.238657,CHL,TWN,0575
385884,43,249,711,2013.0,845840.0,2096859.0,1.24864,0.667713,CHN,TWN,0575
385885,61,249,711,2013.0,1733.0,0.0,2.1086869999999998,-3.7092,DEU,TWN,0575
385886,81,249,711,2013.0,5991.0,0.0,1.628465,0.77075,GBR,TWN,0575
385887,90,249,711,2013.0,50565.0,0.0,0.073442,0.9857899999999999,GRC,TWN,0575
385888,97,249,711,2013.0,3054443.0,1360926.0,0.791401,1.249845,HKG,TWN,0575
385889,104,249,711,2013.0,1127929.0,0.0,0.18186,2.647598,IND,TWN,0575
385890,107,249,711,2013.0,15031.0,0.0,-0.23625100000000002,-0.256067,IRN,TWN,0575
385891,114,249,711,2013.0,3623916.0,96005.0,2.333417,-0.818701,JPN,TWN,0575
385892,121,249,711,2013.0,4583.0,0.0,1.817145,0.835414,KOR,TWN,0575
385893,133,249,711,2013.0,0.0,1143.0,0.43873,0.275559,MAC,TWN,0575
385894,153,249,711,2013.0,3772.0,76450.0,0.924532,0.671334,MYS,TWN,0575
385895,159,249,711,2013.0,0.0,5099.0,-1.679402,-1.14686,NGA,TWN,0575
385896,173,249,711,2013.0,3551717.0,0.0,-0.640044,0.121772,PER,TWN,0575
385897,192,249,711,2013.0,0.0,686949.0,1.844685,0.639379,SGP,TWN,0575
385898,224,249,711,2013.0,51223.0,7721.0,0.580016,2.394812,TUR,TWN,0575
385899,231,249,711,2013.0,44149456.0,29609.0,1.612058,-0.8592989999999999,USA,TWN,0575
385900,246,249,711,2013.0,2344301.0,0.0,0.11624100000000001,1.574591,ZAF,TWN,0575
385901,0,250,711,2013.0,0.0,8476.0,0.598533,0.032199,ABW,ANS,0575
385902,18,250,711,2013.0,4295.0,0.0,1.198491,1.117268,BEL,ANS,0575
385903,24,250,711,2013.0,0.0,3970.0,0.080634,-0.6828890000000001,BHR,ANS,0575
385904,42,250,711,2013.0,815233.0,75774.0,-0.184556,-0.238657,CHL,ANS,0575
385905,61,250,711,2013.0,237151.0,0.0,2.1086869999999998,-3.7092,DEU,ANS,0575
385906,71,250,711,2013.0,0.0,29269.0,0.955472,1.80005,ESP,ANS,0575
385907,72,250,711,2013.0,0.0,16834.0,0.923321,1.290016,EST,ANS,0575
385908,77,250,711,2013.0,2277.0,5821.0,1.5253299999999999,0.026146,FRA,ANS,0575
385909,90,250,711,2013.0,259066.0,0.0,0.073442,0.9857899999999999,GRC,ANS,0575
385910,104,250,711,2013.0,1945.0,0.0,0.18186,2.647598,IND,ANS,0575
385911,106,250,711,2013.0,631221.0,221762.0,1.32787,0.394579,IRL,ANS,0575
385912,116,250,711,2013.0,2563.0,0.0,-0.303119,0.626786,KEN,ANS,0575
385913,124,250,711,2013.0,0.0,20128.0,0.37392800000000004,1.413136,LBN,ANS,0575
385914,131,250,711,2013.0,0.0,15012.0,1.0110190000000001,1.123226,LUX,ANS,0575
385915,135,250,711,2013.0,0.0,3547.0,0.14256,0.33920700000000004,MDA,ANS,0575
385916,136,250,711,2013.0,0.0,18167.0,-0.786091,-0.611478,MDG,ANS,0575
385917,144,250,711,2013.0,11702.0,2047.0,0.09597,-0.019953,MNE,ANS,0575
385918,157,250,711,2013.0,0.0,2166.0,-1.0008350000000001,-0.8325670000000001,NER,ANS,0575
385919,162,250,711,2013.0,28181.0,49363.0,1.012006,1.441545,NLD,ANS,0575
385920,191,250,711,2013.0,12525.0,6927.0,-0.566624,-0.185277,SEN,ANS,0575
385921,206,250,711,2013.0,0.0,6131628.0,1.510052,0.7060310000000001,SVK,ANS,0575
385922,222,250,711,2013.0,6960.0,0.0,-0.399437,-1.047864,TTO,ANS,0575
385923,223,250,711,2013.0,206223.0,0.0,0.40154,0.902177,TUN,ANS,0575
385924,224,250,711,2013.0,3124704.0,45353.0,0.580016,2.394812,TUR,ANS,0575
385925,239,250,711,2013.0,0.0,21766.0,0.009264,1.182368,VNM,ANS,0575
385926,246,250,711,2013.0,6431.0,0.0,0.11624100000000001,1.574591,ZAF,ANS,0575
385927,7,9,711,2013.0,30888.0,0.0,-0.338417,-0.754102,ARE,ARM,0575
385928,28,9,711,2013.0,0.0,93172.0,1.183522,0.934159,BLR,ARM,0575
385929,42,9,711,2013.0,108174.0,0.0,-0.184556,-0.238657,CHL,ARM,0575
385930,82,9,711,2013.0,2775.0,905442.0,-0.08343099999999999,-0.359692,GEO,ARM,0575
385931,107,9,711,2013.0,955884.0,0.0,-0.23625100000000002,-0.256067,IRN,ARM,0575
385932,186,9,711,2013.0,1625.0,5979233.0,-0.08233,-0.267781,RUS,ARM,0575
385933,212,9,711,2013.0,9860.0,0.0,-0.09157699999999999,1.1795950000000002,SYR,ARM,0575
385934,228,9,711,2013.0,0.0,45593.0,0.535571,1.026263,UKR,ARM,0575
385935,231,9,711,2013.0,3304.0,0.0,1.612058,-0.8592989999999999,USA,ARM,0575
385936,232,9,711,2013.0,13402.0,0.0,-0.7076319999999999,-0.645674,UZB,ARM,0575
385937,1,14,711,2013.0,320878.0,0.0,-0.767212,-0.6506069999999999,AFG,AUS,0575
385938,7,14,711,2013.0,59932.0,6431912.0,-0.338417,-0.754102,ARE,AUS,0575
385939,8,14,711,2013.0,62559.0,0.0,0.042829,0.461002,ARG,AUS,0575
385940,15,14,711,2013.0,0.0,49911.0,1.855434,-1.06494,AUT,AUS,0575
385941,18,14,711,2013.0,0.0,217738.0,1.198491,1.117268,BEL,AUS,0575
385942,22,14,711,2013.0,0.0,861835.0,-0.835666,-0.8088810000000001,BGD,AUS,0575
385943,24,14,711,2013.0,0.0,12589.0,0.080634,-0.6828890000000001,BHR,AUS,0575
385944,34,14,711,2013.0,0.0,296720.0,-1.664,-0.663172,BRN,AUS,0575
385945,39,14,711,2013.0,0.0,411623.0,0.599305,1.193591,CAN,AUS,0575
385946,42,14,711,2013.0,1212120.0,0.0,-0.184556,-0.238657,CHL,AUS,0575
385947,43,14,711,2013.0,5680104.0,11166986.0,1.24864,0.667713,CHN,AUS,0575
385948,61,14,711,2013.0,0.0,1846202.0,2.1086869999999998,-3.7092,DEU,AUS,0575
385949,75,14,711,2013.0,0.0,337552.0,-0.374639,-0.140308,FJI,AUS,0575
385950,77,14,711,2013.0,0.0,104377.0,1.5253299999999999,0.026146,FRA,AUS,0575
385951,81,14,711,2013.0,170573.0,302214.0,1.628465,0.77075,GBR,AUS,0575
385952,90,14,711,2013.0,2260454.0,0.0,0.073442,0.9857899999999999,GRC,AUS,0575
385953,97,14,711,2013.0,7897.0,23170630.0,0.791401,1.249845,HKG,AUS,0575
385954,103,14,711,2013.0,0.0,23645990.0,-0.006876999999999999,1.8336569999999999,IDN,AUS,0575
385955,104,14,711,2013.0,19695.0,629486.0,0.18186,2.647598,IND,AUS,0575
385956,106,14,711,2013.0,0.0,1254.0,1.32787,0.394579,IRL,AUS,0575
385957,107,14,711,2013.0,2108445.0,0.0,-0.23625100000000002,-0.256067,IRN,AUS,0575
385958,111,14,711,2013.0,0.0,1594129.0,1.419383,-0.304402,ITA,AUS,0575
385959,113,14,711,2013.0,0.0,10532.0,0.1888,0.596867,JOR,AUS,0575
385960,114,14,711,2013.0,0.0,626102.0,2.333417,-0.818701,JPN,AUS,0575
385961,118,14,711,2013.0,0.0,13340.0,-0.634876,-0.714886,KHM,AUS,0575
385962,121,14,711,2013.0,0.0,193481.0,1.817145,0.835414,KOR,AUS,0575
385963,122,14,711,2013.0,0.0,159597.0,-1.198985,-1.057248,KWT,AUS,0575
385964,124,14,711,2013.0,0.0,2502.0,0.37392800000000004,1.413136,LBN,AUS,0575
385965,128,14,711,2013.0,0.0,1414949.0,-0.320583,0.44462399999999996,LKA,AUS,0575
385966,137,14,711,2013.0,0.0,17894.0,-0.510204,-0.740372,MDV,AUS,0575
385967,143,14,711,2013.0,0.0,24234.0,-1.147086,-0.6888989999999999,MMR,AUS,0575
385968,151,14,711,2013.0,0.0,61529.0,-0.092312,0.050927,MUS,AUS,0575
385969,153,14,711,2013.0,1321.0,6602180.0,0.924532,0.671334,MYS,AUS,0575
385970,156,14,711,2013.0,0.0,540403.0,-0.262882,-0.63858,NCL,AUS,0575
385971,158,14,711,2013.0,0.0,6704.0,1.23336,0.204111,NFK,AUS,0575
385972,165,14,711,2013.0,0.0,6072.0,0.8192159999999999,-0.383742,NRU,AUS,0575
385973,166,14,711,2013.0,49435.0,10289647.0,0.192237,0.429825,NZL,AUS,0575
385974,168,14,711,2013.0,76510.0,142594.0,-0.697224,0.501576,PAK,AUS,0575
385975,174,14,711,2013.0,0.0,260486.0,0.639083,0.45816899999999994,PHL,AUS,0575
385976,176,14,711,2013.0,0.0,665636.0,-1.508233,-1.163478,PNG,AUS,0575
385977,182,14,711,2013.0,0.0,209911.0,-0.118172,-0.620256,PYF,AUS,0575
385978,183,14,711,2013.0,0.0,238089.0,-0.583609,-1.003754,QAT,AUS,0575
385979,186,14,711,2013.0,0.0,2053713.0,-0.08233,-0.267781,RUS,AUS,0575
385980,188,14,711,2013.0,0.0,296360.0,-0.14823599999999998,-0.883965,SAU,AUS,0575
385981,192,14,711,2013.0,0.0,9389253.0,1.844685,0.639379,SGP,AUS,0575
385982,195,14,711,2013.0,0.0,22819.0,-1.092566,-0.7936310000000001,SLB,AUS,0575
385983,207,14,711,2013.0,0.0,1533.0,1.55922,0.565874,SVN,AUS,0575
385984,216,14,711,2013.0,0.0,12952205.0,1.067287,1.2767110000000002,THA,AUS,0575
385985,220,14,711,2013.0,0.0,1551.0,-0.5989939999999999,-0.649891,TLS,AUS,0575
385986,221,14,711,2013.0,0.0,2588.0,0.31217399999999995,-0.21186,TON,AUS,0575
385987,224,14,711,2013.0,19223826.0,0.0,0.580016,2.394812,TUR,AUS,0575
385988,231,14,711,2013.0,65247472.0,0.0,1.612058,-0.8592989999999999,USA,AUS,0575
385989,239,14,711,2013.0,0.0,16250533.0,0.009264,1.182368,VNM,AUS,0575
385990,240,14,711,2013.0,0.0,16104.0,-0.43518999999999997,-0.6206010000000001,VUT,AUS,0575
385991,246,14,711,2013.0,1196057.0,47104.0,0.11624100000000001,1.574591,ZAF,AUS,0575
385992,249,14,711,2013.0,0.0,433954.0,1.7382849999999999,0.9917739999999999,TWN,AUS,0575
385993,7,16,711,2013.0,31161.0,2064.0,-0.338417,-0.754102,ARE,AZE,0575
385994,77,16,711,2013.0,8722.0,0.0,1.5253299999999999,0.026146,FRA,AZE,0575
385995,82,16,711,2013.0,12486.0,4764.0,-0.08343099999999999,-0.359692,GEO,AZE,0575
385996,90,16,711,2013.0,8327.0,0.0,0.073442,0.9857899999999999,GRC,AZE,0575
385997,107,16,711,2013.0,3958963.0,0.0,-0.23625100000000002,-0.256067,IRN,AZE,0575
385998,115,16,711,2013.0,0.0,21669.0,-0.9193819999999999,-0.734194,KAZ,AZE,0575
385999,131,16,711,2013.0,8195.0,0.0,1.0110190000000001,1.123226,LUX,AZE,0575
386000,145,16,711,2013.0,0.0,3261.0,-1.264785,-1.133222,MNG,AZE,0575
386001,162,16,711,2013.0,85642.0,0.0,1.012006,1.441545,NLD,AZE,0575
386002,186,16,711,2013.0,25275.0,513695.0,-0.08233,-0.267781,RUS,AZE,0575
386003,219,16,711,2013.0,6601.0,0.0,-1.174981,-1.14869,TKM,AZE,0575
386004,224,16,711,2013.0,674489.0,0.0,0.580016,2.394812,TUR,AZE,0575
386005,232,16,711,2013.0,405671.0,0.0,-0.7076319999999999,-0.645674,UZB,AZE,0575
386006,246,16,711,2013.0,55684.0,0.0,0.11624100000000001,1.574591,ZAF,AZE,0575
386007,1,22,711,2013.0,116063.0,0.0,-0.767212,-0.6506069999999999,AFG,BGD,0575
386008,7,22,711,2013.0,764045.0,0.0,-0.338417,-0.754102,ARE,BGD,0575
386009,14,22,711,2013.0,861835.0,0.0,-0.63369,-0.276328,AUS,BGD,0575
386010,43,22,711,2013.0,3267630.0,0.0,1.24864,0.667713,CHN,BGD,0575
386011,104,22,711,2013.0,7811754.0,0.0,0.18186,2.647598,IND,BGD,0575
386012,107,22,711,2013.0,20839.0,0.0,-0.23625100000000002,-0.256067,IRN,BGD,0575
386013,111,22,711,2013.0,32670.0,0.0,1.419383,-0.304402,ITA,BGD,0575
386014,153,22,711,2013.0,2624.0,0.0,0.924532,0.671334,MYS,BGD,0575
386015,224,22,711,2013.0,21326.0,0.0,0.580016,2.394812,TUR,BGD,0575
386016,231,22,711,2013.0,1425341.0,0.0,1.612058,-0.8592989999999999,USA,BGD,0575
386017,246,22,711,2013.0,12656.0,0.0,0.11624100000000001,1.574591,ZAF,BGD,0575
386018,7,24,711,2013.0,58819.0,4608.0,-0.338417,-0.754102,ARE,BHR,0575
386019,14,24,711,2013.0,12589.0,0.0,-0.63369,-0.276328,AUS,BHR,0575
386020,32,24,711,2013.0,4854.0,0.0,0.2804,0.649729,BRA,BHR,0575
386021,41,24,711,2013.0,30110.0,0.0,2.0899229999999998,0.661667,CHE,BHR,0575
386022,42,24,711,2013.0,153827.0,0.0,-0.184556,-0.238657,CHL,BHR,0575
386023,43,24,711,2013.0,26577.0,0.0,1.24864,0.667713,CHN,BHR,0575
386024,61,24,711,2013.0,2895.0,0.0,2.1086869999999998,-3.7092,DEU,BHR,0575
386025,68,24,711,2013.0,299901.0,0.0,-0.12015799999999999,1.793363,EGY,BHR,0575
386026,71,24,711,2013.0,17057.0,0.0,0.955472,1.80005,ESP,BHR,0575
386027,74,24,711,2013.0,1568.0,0.0,1.700282,0.867677,FIN,BHR,0575
386028,81,24,711,2013.0,4232.0,0.0,1.628465,0.77075,GBR,BHR,0575
386029,82,24,711,2013.0,3042.0,0.0,-0.08343099999999999,-0.359692,GEO,BHR,0575
386030,104,24,711,2013.0,740503.0,0.0,0.18186,2.647598,IND,BHR,0575
386031,107,24,711,2013.0,190314.0,0.0,-0.23625100000000002,-0.256067,IRN,BHR,0575
386032,111,24,711,2013.0,119328.0,0.0,1.419383,-0.304402,ITA,BHR,0575
386033,113,24,711,2013.0,48331.0,0.0,0.1888,0.596867,JOR,BHR,0575
386034,114,24,711,2013.0,3135.0,0.0,2.333417,-0.818701,JPN,BHR,0575
386035,116,24,711,2013.0,1700.0,0.0,-0.303119,0.626786,KEN,BHR,0575
386036,124,24,711,2013.0,104621.0,0.0,0.37392800000000004,1.413136,LBN,BHR,0575
386037,138,24,711,2013.0,2696.0,0.0,1.2327219999999999,0.746108,MEX,BHR,0575
386038,153,24,711,2013.0,0.0,13271.0,0.924532,0.671334,MYS,BHR,0575
386039,166,24,711,2013.0,4548.0,0.0,0.192237,0.429825,NZL,BHR,0575
386040,167,24,711,2013.0,3990.0,0.0,-0.698693,-1.030814,OMN,BHR,0575
386041,168,24,711,2013.0,7437.0,0.0,-0.697224,0.501576,PAK,BHR,0575
386042,174,24,711,2013.0,32232.0,0.0,0.639083,0.45816899999999994,PHL,BHR,0575
386043,188,24,711,2013.0,337459.0,127396.0,-0.14823599999999998,-0.883965,SAU,BHR,0575
386044,208,24,711,2013.0,1212.0,0.0,1.7851290000000002,0.182623,SWE,BHR,0575
386045,212,24,711,2013.0,171800.0,0.0,-0.09157699999999999,1.1795950000000002,SYR,BHR,0575
386046,224,24,711,2013.0,68704.0,0.0,0.580016,2.394812,TUR,BHR,0575
386047,231,24,711,2013.0,157182.0,0.0,1.612058,-0.8592989999999999,USA,BHR,0575
386048,243,24,711,2013.0,2725.0,0.0,-1.2788700000000002,-1.230713,YEM,BHR,0575
386049,246,24,711,2013.0,550201.0,0.0,0.11624100000000001,1.574591,ZAF,BHR,0575
386050,250,24,711,2013.0,3970.0,0.0,0.583151,0.14238299999999998,ANS,BHR,0575
386051,15,26,711,2013.0,6594.0,0.0,1.855434,-1.06494,AUT,BIH,0575
386052,42,26,711,2013.0,2889.0,0.0,-0.184556,-0.238657,CHL,BIH,0575
386053,61,26,711,2013.0,2128.0,0.0,2.1086869999999998,-3.7092,DEU,BIH,0575
386054,71,26,711,2013.0,17581.0,0.0,0.955472,1.80005,ESP,BIH,0575
386055,81,26,711,2013.0,0.0,66565.0,1.628465,0.77075,GBR,BIH,0575
386056,90,26,711,2013.0,17667.0,0.0,0.073442,0.9857899999999999,GRC,BIH,0575
386057,100,26,711,2013.0,39765.0,555850.0,0.8737309999999999,1.276091,HRV,BIH,0575
386058,102,26,711,2013.0,151397.0,0.0,1.6962560000000002,0.45460600000000007,HUN,BIH,0575
386059,104,26,711,2013.0,6806.0,0.0,0.18186,2.647598,IND,BIH,0575
386060,107,26,711,2013.0,388882.0,0.0,-0.23625100000000002,-0.256067,IRN,BIH,0575
386061,111,26,711,2013.0,5449.0,0.0,1.419383,-0.304402,ITA,BIH,0575
386062,140,26,711,2013.0,1045975.0,0.0,-0.127775,0.21915900000000002,MKD,BIH,0575
386063,144,26,711,2013.0,19947.0,26725.0,0.09597,-0.019953,MNE,BIH,0575
386064,162,26,711,2013.0,21990.0,0.0,1.012006,1.441545,NLD,BIH,0575
386065,173,26,711,2013.0,7056.0,0.0,-0.640044,0.121772,PER,BIH,0575
386066,186,26,711,2013.0,0.0,85319.0,-0.08233,-0.267781,RUS,BIH,0575
386067,201,26,711,2013.0,196845.0,37670.0,0.609755,1.355304,SRB,BIH,0575
386068,207,26,711,2013.0,591926.0,5068.0,1.55922,0.565874,SVN,BIH,0575
386069,224,26,711,2013.0,376630.0,0.0,0.580016,2.394812,TUR,BIH,0575
386070,246,26,711,2013.0,53787.0,0.0,0.11624100000000001,1.574591,ZAF,BIH,0575
386071,1,28,711,2013.0,1036693.0,0.0,-0.767212,-0.6506069999999999,AFG,BLR,0575
386072,8,28,711,2013.0,35715.0,0.0,0.042829,0.461002,ARG,BLR,0575
386073,9,28,711,2013.0,93172.0,0.0,-0.159148,-0.515766,ARM,BLR,0575
386074,18,28,711,2013.0,98407.0,0.0,1.198491,1.117268,BEL,BLR,0575
386075,23,28,711,2013.0,106851.0,0.0,0.622325,1.5506229999999999,BGR,BLR,0575
386076,32,28,711,2013.0,10027.0,0.0,0.2804,0.649729,BRA,BLR,0575
386077,42,28,711,2013.0,174427.0,0.0,-0.184556,-0.238657,CHL,BLR,0575
386078,68,28,711,2013.0,160328.0,0.0,-0.12015799999999999,1.793363,EGY,BLR,0575
386079,71,28,711,2013.0,726092.0,0.0,0.955472,1.80005,ESP,BLR,0575
386080,90,28,711,2013.0,171085.0,0.0,0.073442,0.9857899999999999,GRC,BLR,0575
386081,104,28,711,2013.0,565668.0,0.0,0.18186,2.647598,IND,BLR,0575
386082,107,28,711,2013.0,873651.0,0.0,-0.23625100000000002,-0.256067,IRN,BLR,0575
386083,110,28,711,2013.0,12566.0,0.0,1.0247629999999999,0.8261639999999999,ISR,BLR,0575
386084,111,28,711,2013.0,1995764.0,0.0,1.419383,-0.304402,ITA,BLR,0575
386085,130,28,711,2013.0,12811302.0,10343.0,0.677986,1.29227,LTU,BLR,0575
386086,132,28,711,2013.0,55297.0,0.0,0.652463,1.299917,LVA,BLR,0575
386087,135,28,711,2013.0,3292897.0,0.0,0.14256,0.33920700000000004,MDA,BLR,0575
386088,140,28,711,2013.0,2555918.0,0.0,-0.127775,0.21915900000000002,MKD,BLR,0575
386089,155,28,711,2013.0,71113.0,0.0,-0.316805,-0.38759099999999996,NAM,BLR,0575
386090,162,28,711,2013.0,1322410.0,0.0,1.012006,1.441545,NLD,BLR,0575
386091,168,28,711,2013.0,13288.0,0.0,-0.697224,0.501576,PAK,BLR,0575
386092,173,28,711,2013.0,163266.0,0.0,-0.640044,0.121772,PER,BLR,0575
386093,177,28,711,2013.0,3314757.0,0.0,1.11341,0.975734,POL,BLR,0575
386094,186,28,711,2013.0,337874.0,6961344.0,-0.08233,-0.267781,RUS,BLR,0575
386095,201,28,711,2013.0,231193.0,0.0,0.609755,1.355304,SRB,BLR,0575
386096,217,28,711,2013.0,4908.0,0.0,-1.117246,-1.1638600000000001,TJK,BLR,0575
386097,224,28,711,2013.0,7412522.0,0.0,0.580016,2.394812,TUR,BLR,0575
386098,228,28,711,2013.0,2343.0,0.0,0.535571,1.026263,UKR,BLR,0575
386099,232,28,711,2013.0,1171783.0,0.0,-0.7076319999999999,-0.645674,UZB,BLR,0575
386100,246,28,711,2013.0,72656.0,0.0,0.11624100000000001,1.574591,ZAF,BLR,0575
386101,2,68,711,2013.0,0.0,38696.0,-1.240877,-1.073797,AGO,EGY,0575
386102,7,68,711,2013.0,360181.0,7394277.0,-0.338417,-0.754102,ARE,EGY,0575
386103,8,68,711,2013.0,12356.0,0.0,0.042829,0.461002,ARG,EGY,0575
386104,15,68,711,2013.0,0.0,141078.0,1.855434,-1.06494,AUT,EGY,0575
386105,18,68,711,2013.0,0.0,1653282.0,1.198491,1.117268,BEL,EGY,0575
386106,19,68,711,2013.0,0.0,162176.0,-0.924213,-0.8181390000000001,BEN,EGY,0575
386107,24,68,711,2013.0,0.0,299901.0,0.080634,-0.6828890000000001,BHR,EGY,0575
386108,28,68,711,2013.0,0.0,160328.0,1.183522,0.934159,BLR,EGY,0575
386109,34,68,711,2013.0,0.0,8508.0,-1.664,-0.663172,BRN,EGY,0575
386110,39,68,711,2013.0,0.0,5844.0,0.599305,1.193591,CAN,EGY,0575
386111,41,68,711,2013.0,0.0,393029.0,2.0899229999999998,0.661667,CHE,EGY,0575
386112,42,68,711,2013.0,56886.0,0.0,-0.184556,-0.238657,CHL,EGY,0575
386113,45,68,711,2013.0,0.0,17341.0,-0.93575,-1.003851,CMR,EGY,0575
386114,46,68,711,2013.0,0.0,35544.0,-1.450075,-1.115916,COD,EGY,0575
386115,58,68,711,2013.0,0.0,3264.0,0.36482800000000004,0.527544,CYP,EGY,0575
386116,59,68,711,2013.0,0.0,626980.0,1.829509,-0.41787700000000005,CZE,EGY,0575
386117,61,68,711,2013.0,32830.0,18926726.0,2.1086869999999998,-3.7092,DEU,EGY,0575
386118,64,68,711,2013.0,0.0,168020.0,1.190302,1.062991,DNK,EGY,0575
386119,71,68,711,2013.0,22628.0,82019.0,0.955472,1.80005,ESP,EGY,0575
386120,72,68,711,2013.0,0.0,34577.0,0.923321,1.290016,EST,EGY,0575
386121,74,68,711,2013.0,0.0,334454.0,1.700282,0.867677,FIN,EGY,0575
386122,77,68,711,2013.0,147850.0,691978.0,1.5253299999999999,0.026146,FRA,EGY,0575
386123,80,68,711,2013.0,0.0,56142.0,-1.652062,-1.140576,GAB,EGY,0575
386124,81,68,711,2013.0,0.0,34957156.0,1.628465,0.77075,GBR,EGY,0575
386125,83,68,711,2013.0,0.0,239506.0,-0.696971,-0.5807939999999999,GHA,EGY,0575
386126,85,68,711,2013.0,0.0,1632.0,-1.281072,-1.027585,GIN,EGY,0575
386127,90,68,711,2013.0,0.0,3216.0,0.073442,0.9857899999999999,GRC,EGY,0575
386128,97,68,711,2013.0,0.0,183402.0,0.791401,1.249845,HKG,EGY,0575
386129,103,68,711,2013.0,0.0,466247.0,-0.006876999999999999,1.8336569999999999,IDN,EGY,0575
386130,104,68,711,2013.0,367114.0,22104.0,0.18186,2.647598,IND,EGY,0575
386131,106,68,711,2013.0,0.0,361234.0,1.32787,0.394579,IRL,EGY,0575
386132,107,68,711,2013.0,1140076.0,0.0,-0.23625100000000002,-0.256067,IRN,EGY,0575
386133,111,68,711,2013.0,117526.0,10051152.0,1.419383,-0.304402,ITA,EGY,0575
386134,113,68,711,2013.0,0.0,29932.0,0.1888,0.596867,JOR,EGY,0575
386135,114,68,711,2013.0,0.0,1206.0,2.333417,-0.818701,JPN,EGY,0575
386136,115,68,711,2013.0,0.0,3225.0,-0.9193819999999999,-0.734194,KAZ,EGY,0575
386137,116,68,711,2013.0,0.0,983204.0,-0.303119,0.626786,KEN,EGY,0575
386138,122,68,711,2013.0,0.0,2714303.0,-1.198985,-1.057248,KWT,EGY,0575
386139,124,68,711,2013.0,539877.0,16333.0,0.37392800000000004,1.413136,LBN,EGY,0575
386140,126,68,711,2013.0,62958.0,2988296.0,-1.871593,-1.1211790000000001,LBY,EGY,0575
386141,128,68,711,2013.0,0.0,26170.0,-0.320583,0.44462399999999996,LKA,EGY,0575
386142,130,68,711,2013.0,0.0,112068.0,0.677986,1.29227,LTU,EGY,0575
386143,131,68,711,2013.0,0.0,39039.0,1.0110190000000001,1.123226,LUX,EGY,0575
386144,132,68,711,2013.0,0.0,220929.0,0.652463,1.299917,LVA,EGY,0575
386145,134,68,711,2013.0,0.0,296369.0,-0.474872,0.178118,MAR,EGY,0575
386146,137,68,711,2013.0,0.0,38442.0,-0.510204,-0.740372,MDV,EGY,0575
386147,141,68,711,2013.0,0.0,12230.0,-1.046677,-0.980809,MLI,EGY,0575
386148,151,68,711,2013.0,0.0,638473.0,-0.092312,0.050927,MUS,EGY,0575
386149,153,68,711,2013.0,0.0,701377.0,0.924532,0.671334,MYS,EGY,0575
386150,159,68,711,2013.0,0.0,153315.0,-1.679402,-1.14686,NGA,EGY,0575
386151,162,68,711,2013.0,99219.0,26240366.0,1.012006,1.441545,NLD,EGY,0575
386152,163,68,711,2013.0,0.0,545027.0,0.710901,0.062705,NOR,EGY,0575
386153,167,68,711,2013.0,0.0,1857034.0,-0.698693,-1.030814,OMN,EGY,0575
386154,173,68,711,2013.0,55353.0,0.0,-0.640044,0.121772,PER,EGY,0575
386155,174,68,711,2013.0,0.0,64652.0,0.639083,0.45816899999999994,PHL,EGY,0575
386156,177,68,711,2013.0,0.0,54911.0,1.11341,0.975734,POL,EGY,0575
386157,179,68,711,2013.0,0.0,2939.0,0.705087,2.2055580000000004,PRT,EGY,0575
386158,183,68,711,2013.0,0.0,630347.0,-0.583609,-1.003754,QAT,EGY,0575
386159,185,68,711,2013.0,0.0,58920.0,1.05722,1.0968799999999999,ROU,EGY,0575
386160,186,68,711,2013.0,0.0,7994532.0,-0.08233,-0.267781,RUS,EGY,0575
386161,187,68,711,2013.0,0.0,1402.0,-0.535446,-0.662881,RWA,EGY,0575
386162,188,68,711,2013.0,0.0,3719181.0,-0.14823599999999998,-0.883965,SAU,EGY,0575
386163,190,68,711,2013.0,0.0,1706147.0,-1.224897,-1.059517,SDN,EGY,0575
386164,191,68,711,2013.0,0.0,63701.0,-0.566624,-0.185277,SEN,EGY,0575
386165,192,68,711,2013.0,0.0,934661.0,1.844685,0.639379,SGP,EGY,0575
386166,206,68,711,2013.0,0.0,24272.0,1.510052,0.7060310000000001,SVK,EGY,0575
386167,207,68,711,2013.0,0.0,1201189.0,1.55922,0.565874,SVN,EGY,0575
386168,211,68,711,2013.0,0.0,83185.0,0.06901,-0.438229,SYC,EGY,0575
386169,212,68,711,2013.0,85832.0,0.0,-0.09157699999999999,1.1795950000000002,SYR,EGY,0575
386170,215,68,711,2013.0,0.0,25330.0,-0.532095,-0.434276,TGO,EGY,0575
386171,224,68,711,2013.0,89250.0,0.0,0.580016,2.394812,TUR,EGY,0575
386172,227,68,711,2013.0,0.0,122038.0,-0.46170100000000003,0.652878,UGA,EGY,0575
386173,228,68,711,2013.0,0.0,789283.0,0.535571,1.026263,UKR,EGY,0575
386174,231,68,711,2013.0,146138.0,90577.0,1.612058,-0.8592989999999999,USA,EGY,0575
386175,239,68,711,2013.0,0.0,12078.0,0.009264,1.182368,VNM,EGY,0575
386176,246,68,711,2013.0,489853.0,2158982.0,0.11624100000000001,1.574591,ZAF,EGY,0575
386177,247,68,711,2013.0,0.0,14317.0,-0.293192,-0.42930100000000004,ZMB,EGY,0575
386178,248,68,711,2013.0,0.0,19988.0,-0.841968,-0.898121,ZWE,EGY,0575
386179,7,82,711,2013.0,20922.0,0.0,-0.338417,-0.754102,ARE,GEO,0575
386180,9,82,711,2013.0,905442.0,2775.0,-0.159148,-0.515766,ARM,GEO,0575
386181,16,82,711,2013.0,4764.0,12486.0,-1.319766,-1.200648,AZE,GEO,0575
386182,24,82,711,2013.0,0.0,3042.0,0.080634,-0.6828890000000001,BHR,GEO,0575
386183,39,82,711,2013.0,0.0,64386.0,0.599305,1.193591,CAN,GEO,0575
386184,42,82,711,2013.0,132021.0,0.0,-0.184556,-0.238657,CHL,GEO,0575
386185,61,82,711,2013.0,4642.0,0.0,2.1086869999999998,-3.7092,DEU,GEO,0575
386186,107,82,711,2013.0,1686445.0,9588.0,-0.23625100000000002,-0.256067,IRN,GEO,0575
386187,115,82,711,2013.0,0.0,3340.0,-0.9193819999999999,-0.734194,KAZ,GEO,0575
386188,130,82,711,2013.0,6418.0,0.0,0.677986,1.29227,LTU,GEO,0575
386189,162,82,711,2013.0,40571.0,0.0,1.012006,1.441545,NLD,GEO,0575
386190,186,82,711,2013.0,54597.0,0.0,-0.08233,-0.267781,RUS,GEO,0575
386191,224,82,711,2013.0,195888.0,0.0,0.580016,2.394812,TUR,GEO,0575
386192,228,82,711,2013.0,6175.0,0.0,0.535571,1.026263,UKR,GEO,0575
386193,232,82,711,2013.0,47360.0,0.0,-0.7076319999999999,-0.645674,UZB,GEO,0575
386194,246,82,711,2013.0,245727.0,0.0,0.11624100000000001,1.574591,ZAF,GEO,0575
386195,15,100,711,2013.0,27879.0,0.0,1.855434,-1.06494,AUT,HRV,0575
386196,26,100,711,2013.0,555850.0,39765.0,0.723658,0.9271879999999999,BIH,HRV,0575
386197,42,100,711,2013.0,2513.0,0.0,-0.184556,-0.238657,CHL,HRV,0575
386198,59,100,711,2013.0,47369.0,0.0,1.829509,-0.41787700000000005,CZE,HRV,0575
386199,61,100,711,2013.0,260222.0,0.0,2.1086869999999998,-3.7092,DEU,HRV,0575
386200,71,100,711,2013.0,165246.0,0.0,0.955472,1.80005,ESP,HRV,0575
386201,90,100,711,2013.0,101096.0,0.0,0.073442,0.9857899999999999,GRC,HRV,0575
386202,102,100,711,2013.0,214045.0,16522.0,1.6962560000000002,0.45460600000000007,HUN,HRV,0575
386203,104,100,711,2013.0,233651.0,0.0,0.18186,2.647598,IND,HRV,0575
386204,107,100,711,2013.0,417814.0,0.0,-0.23625100000000002,-0.256067,IRN,HRV,0575
386205,111,100,711,2013.0,6765738.0,6450.0,1.419383,-0.304402,ITA,HRV,0575
386206,140,100,711,2013.0,503571.0,12346.0,-0.127775,0.21915900000000002,MKD,HRV,0575
386207,144,100,711,2013.0,377669.0,0.0,0.09597,-0.019953,MNE,HRV,0575
386208,162,100,711,2013.0,619088.0,0.0,1.012006,1.441545,NLD,HRV,0575
386209,177,100,711,2013.0,33688.0,0.0,1.11341,0.975734,POL,HRV,0575
386210,201,100,711,2013.0,72362.0,0.0,0.609755,1.355304,SRB,HRV,0575
386211,206,100,711,2013.0,123742.0,0.0,1.510052,0.7060310000000001,SVK,HRV,0575
386212,207,100,711,2013.0,86158.0,6206.0,1.55922,0.565874,SVN,HRV,0575
386213,224,100,711,2013.0,59719.0,0.0,0.580016,2.394812,TUR,HRV,0575
386214,8,106,711,2013.0,30136.0,0.0,0.042829,0.461002,ARG,IRL,0575
386215,14,106,711,2013.0,1254.0,0.0,-0.63369,-0.276328,AUS,IRL,0575
386216,18,106,711,2013.0,2819.0,0.0,1.198491,1.117268,BEL,IRL,0575
386217,32,106,711,2013.0,210235.0,0.0,0.2804,0.649729,BRA,IRL,0575
386218,41,106,711,2013.0,12154.0,23641.0,2.0899229999999998,0.661667,CHE,IRL,0575
386219,42,106,711,2013.0,960434.0,0.0,-0.184556,-0.238657,CHL,IRL,0575
386220,43,106,711,2013.0,378006.0,0.0,1.24864,0.667713,CHN,IRL,0575
386221,52,106,711,2013.0,16693.0,0.0,0.208669,-0.54783,CRI,IRL,0575
386222,61,106,711,2013.0,5709130.0,478700.0,2.1086869999999998,-3.7092,DEU,IRL,0575
386223,64,106,711,2013.0,1271.0,11636.0,1.190302,1.062991,DNK,IRL,0575
386224,68,106,711,2013.0,361234.0,0.0,-0.12015799999999999,1.793363,EGY,IRL,0575
386225,71,106,711,2013.0,4589772.0,0.0,0.955472,1.80005,ESP,IRL,0575
386226,77,106,711,2013.0,312818.0,0.0,1.5253299999999999,0.026146,FRA,IRL,0575
386227,81,106,711,2013.0,17712078.0,2830087.0,1.628465,0.77075,GBR,IRL,0575
386228,90,106,711,2013.0,418470.0,0.0,0.073442,0.9857899999999999,GRC,IRL,0575
386229,99,106,711,2013.0,9332.0,0.0,-0.6661060000000001,-0.38619699999999996,HND,IRL,0575
386230,104,106,711,2013.0,777693.0,0.0,0.18186,2.647598,IND,IRL,0575
386231,107,106,711,2013.0,273902.0,0.0,-0.23625100000000002,-0.256067,IRN,IRL,0575
386232,110,106,711,2013.0,40628.0,0.0,1.0247629999999999,0.8261639999999999,ISR,IRL,0575
386233,111,106,711,2013.0,1549745.0,0.0,1.419383,-0.304402,ITA,IRL,0575
386234,113,106,711,2013.0,4585.0,0.0,0.1888,0.596867,JOR,IRL,0575
386235,130,106,711,2013.0,1296.0,0.0,0.677986,1.29227,LTU,IRL,0575
386236,132,106,711,2013.0,1041.0,0.0,0.652463,1.299917,LVA,IRL,0575
386237,140,106,711,2013.0,2138.0,0.0,-0.127775,0.21915900000000002,MKD,IRL,0575
386238,155,106,711,2013.0,1547.0,0.0,-0.316805,-0.38759099999999996,NAM,IRL,0575
386239,162,106,711,2013.0,8219408.0,216216.0,1.012006,1.441545,NLD,IRL,0575
386240,173,106,711,2013.0,643366.0,0.0,-0.640044,0.121772,PER,IRL,0575
386241,177,106,711,2013.0,13378.0,0.0,1.11341,0.975734,POL,IRL,0575
386242,188,106,711,2013.0,1555.0,0.0,-0.14823599999999998,-0.883965,SAU,IRL,0575
386243,224,106,711,2013.0,7178502.0,106542.0,0.580016,2.394812,TUR,IRL,0575
386244,231,106,711,2013.0,1452041.0,0.0,1.612058,-0.8592989999999999,USA,IRL,0575
386245,246,106,711,2013.0,366534.0,0.0,0.11624100000000001,1.574591,ZAF,IRL,0575
386246,250,106,711,2013.0,221762.0,631221.0,0.583151,0.14238299999999998,ANS,IRL,0575
386247,1,107,711,2013.0,0.0,5343796.0,-0.767212,-0.6506069999999999,AFG,IRN,0575
386248,4,107,711,2013.0,0.0,126573.0,-0.44779300000000005,-0.13181700000000002,ALB,IRN,0575
386249,7,107,711,2013.0,305261.0,18456084.0,-0.338417,-0.754102,ARE,IRN,0575
386250,9,107,711,2013.0,0.0,955884.0,-0.159148,-0.515766,ARM,IRN,0575
386251,14,107,711,2013.0,0.0,2108445.0,-0.63369,-0.276328,AUS,IRN,0575
386252,15,107,711,2013.0,0.0,1651141.0,1.855434,-1.06494,AUT,IRN,0575
386253,16,107,711,2013.0,0.0,3958963.0,-1.319766,-1.200648,AZE,IRN,0575
386254,18,107,711,2013.0,0.0,3550388.0,1.198491,1.117268,BEL,IRN,0575
386255,22,107,711,2013.0,0.0,20839.0,-0.835666,-0.8088810000000001,BGD,IRN,0575
386256,23,107,711,2013.0,0.0,529544.0,0.622325,1.5506229999999999,BGR,IRN,0575
386257,24,107,711,2013.0,0.0,190314.0,0.080634,-0.6828890000000001,BHR,IRN,0575
386258,26,107,711,2013.0,0.0,388882.0,0.723658,0.9271879999999999,BIH,IRN,0575
386259,28,107,711,2013.0,0.0,873651.0,1.183522,0.934159,BLR,IRN,0575
386260,32,107,711,2013.0,0.0,1930927.0,0.2804,0.649729,BRA,IRN,0575
386261,39,107,711,2013.0,0.0,2893783.0,0.599305,1.193591,CAN,IRN,0575
386262,41,107,711,2013.0,0.0,19768.0,2.0899229999999998,0.661667,CHE,IRN,0575
386263,43,107,711,2013.0,0.0,582787.0,1.24864,0.667713,CHN,IRN,0575
386264,44,107,711,2013.0,0.0,9521.0,-1.0025870000000001,-0.901658,CIV,IRN,0575
386265,49,107,711,2013.0,0.0,21556.0,0.034491,-0.36975,COL,IRN,0575
386266,58,107,711,2013.0,0.0,263673.0,0.36482800000000004,0.527544,CYP,IRN,0575
386267,59,107,711,2013.0,0.0,1707102.0,1.829509,-0.41787700000000005,CZE,IRN,0575
386268,61,107,711,2013.0,0.0,8067897.0,2.1086869999999998,-3.7092,DEU,IRN,0575
386269,64,107,711,2013.0,0.0,186806.0,1.190302,1.062991,DNK,IRN,0575
386270,66,107,711,2013.0,0.0,4255708.0,-1.53603,-1.104965,DZA,IRN,0575
386271,68,107,711,2013.0,0.0,1140076.0,-0.12015799999999999,1.793363,EGY,IRN,0575
386272,71,107,711,2013.0,0.0,12071453.0,0.955472,1.80005,ESP,IRN,0575
386273,72,107,711,2013.0,0.0,222361.0,0.923321,1.290016,EST,IRN,0575
386274,73,107,711,2013.0,0.0,66476.0,-1.1373090000000001,-0.89186,ETH,IRN,0575
386275,77,107,711,2013.0,0.0,3179211.0,1.5253299999999999,0.026146,FRA,IRN,0575
386276,81,107,711,2013.0,0.0,1513650.0,1.628465,0.77075,GBR,IRN,0575
386277,82,107,711,2013.0,9588.0,1686445.0,-0.08343099999999999,-0.359692,GEO,IRN,0575
386278,90,107,711,2013.0,0.0,872565.0,0.073442,0.9857899999999999,GRC,IRN,0575
386279,100,107,711,2013.0,0.0,417814.0,0.8737309999999999,1.276091,HRV,IRN,0575
386280,102,107,711,2013.0,0.0,2485777.0,1.6962560000000002,0.45460600000000007,HUN,IRN,0575
386281,103,107,711,2013.0,0.0,335823.0,-0.006876999999999999,1.8336569999999999,IDN,IRN,0575
386282,104,107,711,2013.0,64470.0,61202.0,0.18186,2.647598,IND,IRN,0575
386283,106,107,711,2013.0,0.0,273902.0,1.32787,0.394579,IRL,IRN,0575
386284,108,107,711,2013.0,0.0,39560716.0,-3.147217,-0.685991,IRQ,IRN,0575
386285,111,107,711,2013.0,0.0,3035324.0,1.419383,-0.304402,ITA,IRN,0575
386286,113,107,711,2013.0,0.0,846728.0,0.1888,0.596867,JOR,IRN,0575
386287,114,107,711,2013.0,0.0,158511.0,2.333417,-0.818701,JPN,IRN,0575
386288,115,107,711,2013.0,0.0,6444340.0,-0.9193819999999999,-0.734194,KAZ,IRN,0575
386289,116,107,711,2013.0,0.0,2141.0,-0.303119,0.626786,KEN,IRN,0575
386290,117,107,711,2013.0,0.0,24049.0,0.25090500000000004,0.7357279999999999,KGZ,IRN,0575
386291,121,107,711,2013.0,0.0,5926.0,1.817145,0.835414,KOR,IRN,0575
386292,122,107,711,2013.0,0.0,1185262.0,-1.198985,-1.057248,KWT,IRN,0575
386293,124,107,711,2013.0,0.0,1424652.0,0.37392800000000004,1.413136,LBN,IRN,0575
386294,126,107,711,2013.0,0.0,1101586.0,-1.871593,-1.1211790000000001,LBY,IRN,0575
386295,128,107,711,2013.0,0.0,78834.0,-0.320583,0.44462399999999996,LKA,IRN,0575
386296,130,107,711,2013.0,36659.0,1050049.0,0.677986,1.29227,LTU,IRN,0575
386297,132,107,711,2013.0,0.0,158340.0,0.652463,1.299917,LVA,IRN,0575
386298,134,107,711,2013.0,0.0,437269.0,-0.474872,0.178118,MAR,IRN,0575
386299,135,107,711,2013.0,0.0,688033.0,0.14256,0.33920700000000004,MDA,IRN,0575
386300,140,107,711,2013.0,0.0,182635.0,-0.127775,0.21915900000000002,MKD,IRN,0575
386301,144,107,711,2013.0,0.0,276599.0,0.09597,-0.019953,MNE,IRN,0575
386302,145,107,711,2013.0,0.0,36572.0,-1.264785,-1.133222,MNG,IRN,0575
386303,151,107,711,2013.0,0.0,30917.0,-0.092312,0.050927,MUS,IRN,0575
386304,153,107,711,2013.0,0.0,1147014.0,0.924532,0.671334,MYS,IRN,0575
386305,155,107,711,2013.0,51584.0,0.0,-0.316805,-0.38759099999999996,NAM,IRN,0575
386306,157,107,711,2013.0,0.0,2457.0,-1.0008350000000001,-0.8325670000000001,NER,IRN,0575
386307,162,107,711,2013.0,0.0,8544557.0,1.012006,1.441545,NLD,IRN,0575
386308,163,107,711,2013.0,0.0,13506.0,0.710901,0.062705,NOR,IRN,0575
386309,166,107,711,2013.0,0.0,74749.0,0.192237,0.429825,NZL,IRN,0575
386310,168,107,711,2013.0,0.0,1309494.0,-0.697224,0.501576,PAK,IRN,0575
386311,174,107,711,2013.0,0.0,33216.0,0.639083,0.45816899999999994,PHL,IRN,0575
386312,177,107,711,2013.0,0.0,7151910.0,1.11341,0.975734,POL,IRN,0575
386313,179,107,711,2013.0,0.0,435059.0,0.705087,2.2055580000000004,PRT,IRN,0575
386314,183,107,711,2013.0,0.0,323726.0,-0.583609,-1.003754,QAT,IRN,0575
386315,185,107,711,2013.0,0.0,1297879.0,1.05722,1.0968799999999999,ROU,IRN,0575
386316,186,107,711,2013.0,0.0,35414036.0,-0.08233,-0.267781,RUS,IRN,0575
386317,188,107,711,2013.0,0.0,5390785.0,-0.14823599999999998,-0.883965,SAU,IRN,0575
386318,190,107,711,2013.0,0.0,407902.0,-1.224897,-1.059517,SDN,IRN,0575
386319,192,107,711,2013.0,0.0,116416.0,1.844685,0.639379,SGP,IRN,0575
386320,201,107,711,2013.0,0.0,821992.0,0.609755,1.355304,SRB,IRN,0575
386321,206,107,711,2013.0,0.0,1854308.0,1.510052,0.7060310000000001,SVK,IRN,0575
386322,207,107,711,2013.0,0.0,150363.0,1.55922,0.565874,SVN,IRN,0575
386323,208,107,711,2013.0,0.0,283423.0,1.7851290000000002,0.182623,SWE,IRN,0575
386324,212,107,711,2013.0,0.0,364006.0,-0.09157699999999999,1.1795950000000002,SYR,IRN,0575
386325,216,107,711,2013.0,0.0,4162.0,1.067287,1.2767110000000002,THA,IRN,0575
386326,217,107,711,2013.0,0.0,32632.0,-1.117246,-1.1638600000000001,TJK,IRN,0575
386327,219,107,711,2013.0,0.0,1094447.0,-1.174981,-1.14869,TKM,IRN,0575
386328,223,107,711,2013.0,0.0,330990.0,0.40154,0.902177,TUN,IRN,0575
386329,224,107,711,2013.0,25563.0,3400230.0,0.580016,2.394812,TUR,IRN,0575
386330,228,107,711,2013.0,0.0,19150712.0,0.535571,1.026263,UKR,IRN,0575
386331,231,107,711,2013.0,0.0,403551.0,1.612058,-0.8592989999999999,USA,IRN,0575
386332,249,107,711,2013.0,0.0,15031.0,1.7382849999999999,0.9917739999999999,TWN,IRN,0575
386333,7,114,711,2013.0,10861.0,3019.0,-0.338417,-0.754102,ARE,JPN,0575
386334,8,114,711,2013.0,78278.0,0.0,0.042829,0.461002,ARG,JPN,0575
386335,14,114,711,2013.0,626102.0,0.0,-0.63369,-0.276328,AUS,JPN,0575
386336,18,114,711,2013.0,1147.0,0.0,1.198491,1.117268,BEL,JPN,0575
386337,24,114,711,2013.0,0.0,3135.0,0.080634,-0.6828890000000001,BHR,JPN,0575
386338,42,114,711,2013.0,26344268.0,0.0,-0.184556,-0.238657,CHL,JPN,0575
386339,43,114,711,2013.0,18757460.0,0.0,1.24864,0.667713,CHN,JPN,0575
386340,61,114,711,2013.0,10733.0,0.0,2.1086869999999998,-3.7092,DEU,JPN,0575
386341,68,114,711,2013.0,1206.0,0.0,-0.12015799999999999,1.793363,EGY,JPN,0575
386342,71,114,711,2013.0,43453.0,0.0,0.955472,1.80005,ESP,JPN,0575
386343,77,114,711,2013.0,7475.0,0.0,1.5253299999999999,0.026146,FRA,JPN,0575
386344,97,114,711,2013.0,0.0,2943191.0,0.791401,1.249845,HKG,JPN,0575
386345,103,114,711,2013.0,0.0,13053.0,-0.006876999999999999,1.8336569999999999,IDN,JPN,0575
386346,104,114,711,2013.0,6953.0,0.0,0.18186,2.647598,IND,JPN,0575
386347,107,114,711,2013.0,158511.0,0.0,-0.23625100000000002,-0.256067,IRN,JPN,0575
386348,111,114,711,2013.0,3851.0,0.0,1.419383,-0.304402,ITA,JPN,0575
386349,118,114,711,2013.0,0.0,1620.0,-0.634876,-0.714886,KHM,JPN,0575
386350,121,114,711,2013.0,2653.0,0.0,1.817145,0.835414,KOR,JPN,0575
386351,122,114,711,2013.0,0.0,2638.0,-1.198985,-1.057248,KWT,JPN,0575
386352,138,114,711,2013.0,1281961.0,0.0,1.2327219999999999,0.746108,MEX,JPN,0575
386353,153,114,711,2013.0,3363.0,13652.0,0.924532,0.671334,MYS,JPN,0575
386354,166,114,711,2013.0,90112.0,0.0,0.192237,0.429825,NZL,JPN,0575
386355,174,114,711,2013.0,0.0,2583.0,0.639083,0.45816899999999994,PHL,JPN,0575
386356,183,114,711,2013.0,0.0,1069.0,-0.583609,-1.003754,QAT,JPN,0575
386357,186,114,711,2013.0,0.0,10339.0,-0.08233,-0.267781,RUS,JPN,0575
386358,192,114,711,2013.0,0.0,485270.0,1.844685,0.639379,SGP,JPN,0575
386359,216,114,711,2013.0,0.0,60976.0,1.067287,1.2767110000000002,THA,JPN,0575
386360,224,114,711,2013.0,3253761.0,0.0,0.580016,2.394812,TUR,JPN,0575
386361,231,114,711,2013.0,80589504.0,0.0,1.612058,-0.8592989999999999,USA,JPN,0575
386362,239,114,711,2013.0,2262391.0,64166.0,0.009264,1.182368,VNM,JPN,0575
386363,246,114,711,2013.0,656736.0,0.0,0.11624100000000001,1.574591,ZAF,JPN,0575
386364,249,114,711,2013.0,96005.0,3623916.0,1.7382849999999999,0.9917739999999999,TWN,JPN,0575
386365,1,115,711,2013.0,456244.0,0.0,-0.767212,-0.6506069999999999,AFG,KAZ,0575
386366,8,115,711,2013.0,50461.0,0.0,0.042829,0.461002,ARG,KAZ,0575
386367,16,115,711,2013.0,21669.0,0.0,-1.319766,-1.200648,AZE,KAZ,0575
386368,32,115,711,2013.0,22075.0,0.0,0.2804,0.649729,BRA,KAZ,0575
386369,42,115,711,2013.0,38559.0,0.0,-0.184556,-0.238657,CHL,KAZ,0575
386370,43,115,711,2013.0,2937638.0,0.0,1.24864,0.667713,CHN,KAZ,0575
386371,61,115,711,2013.0,14400.0,0.0,2.1086869999999998,-3.7092,DEU,KAZ,0575
386372,68,115,711,2013.0,3225.0,0.0,-0.12015799999999999,1.793363,EGY,KAZ,0575
386373,71,115,711,2013.0,6890.0,0.0,0.955472,1.80005,ESP,KAZ,0575
386374,82,115,711,2013.0,3340.0,0.0,-0.08343099999999999,-0.359692,GEO,KAZ,0575
386375,90,115,711,2013.0,1013.0,0.0,0.073442,0.9857899999999999,GRC,KAZ,0575
386376,104,115,711,2013.0,69858.0,0.0,0.18186,2.647598,IND,KAZ,0575
386377,107,115,711,2013.0,6444340.0,0.0,-0.23625100000000002,-0.256067,IRN,KAZ,0575
386378,111,115,711,2013.0,6743.0,0.0,1.419383,-0.304402,ITA,KAZ,0575
386379,117,115,711,2013.0,414165.0,0.0,0.25090500000000004,0.7357279999999999,KGZ,KAZ,0575
386380,124,115,711,2013.0,15615.0,0.0,0.37392800000000004,1.413136,LBN,KAZ,0575
386381,130,115,711,2013.0,735910.0,0.0,0.677986,1.29227,LTU,KAZ,0575
386382,132,115,711,2013.0,1566.0,0.0,0.652463,1.299917,LVA,KAZ,0575
386383,134,115,711,2013.0,2609.0,0.0,-0.474872,0.178118,MAR,KAZ,0575
386384,162,115,711,2013.0,241408.0,0.0,1.012006,1.441545,NLD,KAZ,0575
386385,173,115,711,2013.0,121694.0,0.0,-0.640044,0.121772,PER,KAZ,0575
386386,177,115,711,2013.0,6213.0,0.0,1.11341,0.975734,POL,KAZ,0575
386387,186,115,711,2013.0,181902.0,428313.0,-0.08233,-0.267781,RUS,KAZ,0575
386388,201,115,711,2013.0,1213.0,0.0,0.609755,1.355304,SRB,KAZ,0575
386389,217,115,711,2013.0,1037751.0,0.0,-1.117246,-1.1638600000000001,TJK,KAZ,0575
386390,219,115,711,2013.0,822180.0,0.0,-1.174981,-1.14869,TKM,KAZ,0575
386391,224,115,711,2013.0,46217.0,0.0,0.580016,2.394812,TUR,KAZ,0575
386392,231,115,711,2013.0,47882.0,0.0,1.612058,-0.8592989999999999,USA,KAZ,0575
386393,232,115,711,2013.0,28331942.0,0.0,-0.7076319999999999,-0.645674,UZB,KAZ,0575
386394,246,115,711,2013.0,105434.0,0.0,0.11624100000000001,1.574591,ZAF,KAZ,0575
386395,7,116,711,2013.0,50400.0,0.0,-0.338417,-0.754102,ARE,KEN,0575
386396,24,116,711,2013.0,0.0,1700.0,0.080634,-0.6828890000000001,BHR,KEN,0575
386397,43,116,711,2013.0,40211.0,0.0,1.24864,0.667713,CHN,KEN,0575
386398,61,116,711,2013.0,1465.0,0.0,2.1086869999999998,-3.7092,DEU,KEN,0575
386399,68,116,711,2013.0,983204.0,0.0,-0.12015799999999999,1.793363,EGY,KEN,0575
386400,71,116,711,2013.0,30506.0,0.0,0.955472,1.80005,ESP,KEN,0575
386401,81,116,711,2013.0,4439.0,0.0,1.628465,0.77075,GBR,KEN,0575
386402,104,116,711,2013.0,52629.0,0.0,0.18186,2.647598,IND,KEN,0575
386403,107,116,711,2013.0,2141.0,0.0,-0.23625100000000002,-0.256067,IRN,KEN,0575
386404,111,116,711,2013.0,4456.0,0.0,1.419383,-0.304402,ITA,KEN,0575
386405,162,116,711,2013.0,20331.0,0.0,1.012006,1.441545,NLD,KEN,0575
386406,168,116,711,2013.0,0.0,6211.0,-0.697224,0.501576,PAK,KEN,0575
386407,188,116,711,2013.0,666375.0,0.0,-0.14823599999999998,-0.883965,SAU,KEN,0575
386408,192,116,711,2013.0,2885.0,0.0,1.844685,0.639379,SGP,KEN,0575
386409,201,116,711,2013.0,0.0,1041.0,0.609755,1.355304,SRB,KEN,0575
386410,224,116,711,2013.0,98976.0,0.0,0.580016,2.394812,TUR,KEN,0575
386411,227,116,711,2013.0,0.0,6115.0,-0.46170100000000003,0.652878,UGA,KEN,0575
386412,231,116,711,2013.0,62878.0,0.0,1.612058,-0.8592989999999999,USA,KEN,0575
386413,246,116,711,2013.0,990575.0,0.0,0.11624100000000001,1.574591,ZAF,KEN,0575
386414,250,116,711,2013.0,0.0,2563.0,0.583151,0.14238299999999998,ANS,KEN,0575
386415,1,117,711,2013.0,28267.0,0.0,-0.767212,-0.6506069999999999,AFG,KGZ,0575
386416,43,117,711,2013.0,170462.0,71888.0,1.24864,0.667713,CHN,KGZ,0575
386417,107,117,711,2013.0,24049.0,0.0,-0.23625100000000002,-0.256067,IRN,KGZ,0575
386418,115,117,711,2013.0,0.0,414165.0,-0.9193819999999999,-0.734194,KAZ,KGZ,0575
386419,130,117,711,2013.0,42313.0,0.0,0.677986,1.29227,LTU,KGZ,0575
386420,145,117,711,2013.0,0.0,3899.0,-1.264785,-1.133222,MNG,KGZ,0575
386421,217,117,711,2013.0,4921.0,0.0,-1.117246,-1.1638600000000001,TJK,KGZ,0575
386422,232,117,711,2013.0,1206934.0,0.0,-0.7076319999999999,-0.645674,UZB,KGZ,0575
386423,14,118,711,2013.0,13340.0,0.0,-0.63369,-0.276328,AUS,KHM,0575
386424,42,118,711,2013.0,248264.0,0.0,-0.184556,-0.238657,CHL,KHM,0575
386425,43,118,711,2013.0,2400.0,0.0,1.24864,0.667713,CHN,KHM,0575
386426,77,118,711,2013.0,18910.0,0.0,1.5253299999999999,0.026146,FRA,KHM,0575
386427,97,118,711,2013.0,78617.0,0.0,0.791401,1.249845,HKG,KHM,0575
386428,104,118,711,2013.0,128304.0,0.0,0.18186,2.647598,IND,KHM,0575
386429,114,118,711,2013.0,1620.0,0.0,2.333417,-0.818701,JPN,KHM,0575
386430,153,118,711,2013.0,634389.0,0.0,0.924532,0.671334,MYS,KHM,0575
386431,188,118,711,2013.0,27033.0,0.0,-0.14823599999999998,-0.883965,SAU,KHM,0575
386432,192,118,711,2013.0,788903.0,0.0,1.844685,0.639379,SGP,KHM,0575
386433,216,118,711,2013.0,3405.0,0.0,1.067287,1.2767110000000002,THA,KHM,0575
386434,231,118,711,2013.0,1494274.0,0.0,1.612058,-0.8592989999999999,USA,KHM,0575
386435,239,118,711,2013.0,189834.0,0.0,0.009264,1.182368,VNM,KHM,0575
386436,246,118,711,2013.0,112486.0,0.0,0.11624100000000001,1.574591,ZAF,KHM,0575
386437,1,124,711,2013.0,43667.0,0.0,-0.767212,-0.6506069999999999,AFG,LBN,0575
386438,7,124,711,2013.0,4738.0,827105.0,-0.338417,-0.754102,ARE,LBN,0575
386439,14,124,711,2013.0,2502.0,0.0,-0.63369,-0.276328,AUS,LBN,0575
386440,18,124,711,2013.0,27745.0,0.0,1.198491,1.117268,BEL,LBN,0575
386441,21,124,711,2013.0,0.0,2061.0,-0.7231029999999999,-0.736291,BFA,LBN,0575
386442,24,124,711,2013.0,0.0,104621.0,0.080634,-0.6828890000000001,BHR,LBN,0575
386443,39,124,711,2013.0,0.0,1573.0,0.599305,1.193591,CAN,LBN,0575
386444,42,124,711,2013.0,427903.0,0.0,-0.184556,-0.238657,CHL,LBN,0575
386445,44,124,711,2013.0,0.0,156413.0,-1.0025870000000001,-0.901658,CIV,LBN,0575
386446,47,124,711,2013.0,0.0,3660.0,-1.478461,-1.094509,COG,LBN,0575
386447,49,124,711,2013.0,0.0,1036.0,0.034491,-0.36975,COL,LBN,0575
386448,58,124,711,2013.0,0.0,2027.0,0.36482800000000004,0.527544,CYP,LBN,0575
386449,61,124,711,2013.0,0.0,338906.0,2.1086869999999998,-3.7092,DEU,LBN,0575
386450,68,124,711,2013.0,16333.0,539877.0,-0.12015799999999999,1.793363,EGY,LBN,0575
386451,73,124,711,2013.0,0.0,17235.0,-1.1373090000000001,-0.89186,ETH,LBN,0575
386452,77,124,711,2013.0,9425.0,0.0,1.5253299999999999,0.026146,FRA,LBN,0575
386453,80,124,711,2013.0,0.0,4102.0,-1.652062,-1.140576,GAB,LBN,0575
386454,81,124,711,2013.0,1550.0,212560.0,1.628465,0.77075,GBR,LBN,0575
386455,85,124,711,2013.0,0.0,1245.0,-1.281072,-1.027585,GIN,LBN,0575
386456,104,124,711,2013.0,7085.0,0.0,0.18186,2.647598,IND,LBN,0575
386457,107,124,711,2013.0,1424652.0,0.0,-0.23625100000000002,-0.256067,IRN,LBN,0575
386458,108,124,711,2013.0,0.0,384004.0,-3.147217,-0.685991,IRQ,LBN,0575
386459,113,124,711,2013.0,4510.0,410281.0,0.1888,0.596867,JOR,LBN,0575
386460,115,124,711,2013.0,0.0,15615.0,-0.9193819999999999,-0.734194,KAZ,LBN,0575
386461,122,124,711,2013.0,0.0,394532.0,-1.198985,-1.057248,KWT,LBN,0575
386462,159,124,711,2013.0,0.0,23317.0,-1.679402,-1.14686,NGA,LBN,0575
386463,162,124,711,2013.0,24738.0,847322.0,1.012006,1.441545,NLD,LBN,0575
386464,163,124,711,2013.0,0.0,320015.0,0.710901,0.062705,NOR,LBN,0575
386465,167,124,711,2013.0,0.0,284546.0,-0.698693,-1.030814,OMN,LBN,0575
386466,173,124,711,2013.0,21448.0,0.0,-0.640044,0.121772,PER,LBN,0575
386467,183,124,711,2013.0,0.0,239820.0,-0.583609,-1.003754,QAT,LBN,0575
386468,186,124,711,2013.0,0.0,37671.0,-0.08233,-0.267781,RUS,LBN,0575
386469,188,124,711,2013.0,0.0,1737612.0,-0.14823599999999998,-0.883965,SAU,LBN,0575
386470,190,124,711,2013.0,0.0,425503.0,-1.224897,-1.059517,SDN,LBN,0575
386471,191,124,711,2013.0,0.0,3469.0,-0.566624,-0.185277,SEN,LBN,0575
386472,208,124,711,2013.0,0.0,2964.0,1.7851290000000002,0.182623,SWE,LBN,0575
386473,212,124,711,2013.0,2035960.0,13004.0,-0.09157699999999999,1.1795950000000002,SYR,LBN,0575
386474,224,124,711,2013.0,69483.0,0.0,0.580016,2.394812,TUR,LBN,0575
386475,231,124,711,2013.0,260436.0,0.0,1.612058,-0.8592989999999999,USA,LBN,0575
386476,246,124,711,2013.0,86974.0,0.0,0.11624100000000001,1.574591,ZAF,LBN,0575
386477,250,124,711,2013.0,20128.0,0.0,0.583151,0.14238299999999998,ANS,LBN,0575
386478,7,128,711,2013.0,71588.0,0.0,-0.338417,-0.754102,ARE,LKA,0575
386479,14,128,711,2013.0,1414949.0,0.0,-0.63369,-0.276328,AUS,LKA,0575
386480,43,128,711,2013.0,1341458.0,0.0,1.24864,0.667713,CHN,LKA,0575
386481,68,128,711,2013.0,26170.0,0.0,-0.12015799999999999,1.793363,EGY,LKA,0575
386482,104,128,711,2013.0,3763882.0,0.0,0.18186,2.647598,IND,LKA,0575
386483,107,128,711,2013.0,78834.0,0.0,-0.23625100000000002,-0.256067,IRN,LKA,0575
386484,110,128,711,2013.0,776446.0,0.0,1.0247629999999999,0.8261639999999999,ISR,LKA,0575
386485,111,128,711,2013.0,594738.0,0.0,1.419383,-0.304402,ITA,LKA,0575
386486,137,128,711,2013.0,0.0,60912.0,-0.510204,-0.740372,MDV,LKA,0575
386487,168,128,711,2013.0,9193.0,0.0,-0.697224,0.501576,PAK,LKA,0575
386488,192,128,711,2013.0,168085.0,0.0,1.844685,0.639379,SGP,LKA,0575
386489,218,128,711,2013.0,4756.0,0.0,0.741701,0.44271400000000005,TKL,LKA,0575
386490,231,128,711,2013.0,842290.0,0.0,1.612058,-0.8592989999999999,USA,LKA,0575
386491,246,128,711,2013.0,1039166.0,0.0,0.11624100000000001,1.574591,ZAF,LKA,0575
386492,7,130,711,2013.0,52458.0,0.0,-0.338417,-0.754102,ARE,LTU,0575
386493,8,130,711,2013.0,221570.0,0.0,0.042829,0.461002,ARG,LTU,0575
386494,18,130,711,2013.0,871097.0,0.0,1.198491,1.117268,BEL,LTU,0575
386495,23,130,711,2013.0,26114.0,4512.0,0.622325,1.5506229999999999,BGR,LTU,0575
386496,28,130,711,2013.0,10343.0,12811302.0,1.183522,0.934159,BLR,LTU,0575
386497,32,130,711,2013.0,212233.0,0.0,0.2804,0.649729,BRA,LTU,0575
386498,42,130,711,2013.0,3005855.0,45095.0,-0.184556,-0.238657,CHL,LTU,0575
386499,61,130,711,2013.0,1060608.0,83622.0,2.1086869999999998,-3.7092,DEU,LTU,0575
386500,64,130,711,2013.0,0.0,7015.0,1.190302,1.062991,DNK,LTU,0575
386501,68,130,711,2013.0,112068.0,0.0,-0.12015799999999999,1.793363,EGY,LTU,0575
386502,71,130,711,2013.0,1367181.0,74698.0,0.955472,1.80005,ESP,LTU,0575
386503,72,130,711,2013.0,0.0,804750.0,0.923321,1.290016,EST,LTU,0575
386504,74,130,711,2013.0,3559.0,82485.0,1.700282,0.867677,FIN,LTU,0575
386505,77,130,711,2013.0,1647.0,0.0,1.5253299999999999,0.026146,FRA,LTU,0575
386506,81,130,711,2013.0,1162534.0,481040.0,1.628465,0.77075,GBR,LTU,0575
386507,82,130,711,2013.0,0.0,6418.0,-0.08343099999999999,-0.359692,GEO,LTU,0575
386508,90,130,711,2013.0,441426.0,1345.0,0.073442,0.9857899999999999,GRC,LTU,0575
386509,104,130,711,2013.0,968394.0,0.0,0.18186,2.647598,IND,LTU,0575
386510,106,130,711,2013.0,0.0,1296.0,1.32787,0.394579,IRL,LTU,0575
386511,107,130,711,2013.0,1050049.0,36659.0,-0.23625100000000002,-0.256067,IRN,LTU,0575
386512,111,130,711,2013.0,9514875.0,20758.0,1.419383,-0.304402,ITA,LTU,0575
386513,115,130,711,2013.0,0.0,735910.0,-0.9193819999999999,-0.734194,KAZ,LTU,0575
386514,117,130,711,2013.0,0.0,42313.0,0.25090500000000004,0.7357279999999999,KGZ,LTU,0575
386515,132,130,711,2013.0,2661296.0,3151002.0,0.652463,1.299917,LVA,LTU,0575
386516,140,130,711,2013.0,26870.0,0.0,-0.127775,0.21915900000000002,MKD,LTU,0575
386517,145,130,711,2013.0,0.0,5206.0,-1.264785,-1.133222,MNG,LTU,0575
386518,155,130,711,2013.0,169096.0,0.0,-0.316805,-0.38759099999999996,NAM,LTU,0575
386519,162,130,711,2013.0,8798231.0,14004.0,1.012006,1.441545,NLD,LTU,0575
386520,168,130,711,2013.0,148748.0,0.0,-0.697224,0.501576,PAK,LTU,0575
386521,173,130,711,2013.0,902210.0,0.0,-0.640044,0.121772,PER,LTU,0575
386522,177,130,711,2013.0,697914.0,62929.0,1.11341,0.975734,POL,LTU,0575
386523,186,130,711,2013.0,0.0,30777404.0,-0.08233,-0.267781,RUS,LTU,0575
386524,206,130,711,2013.0,672879.0,0.0,1.510052,0.7060310000000001,SVK,LTU,0575
386525,208,130,711,2013.0,5467.0,4785.0,1.7851290000000002,0.182623,SWE,LTU,0575
386526,224,130,711,2013.0,818736.0,0.0,0.580016,2.394812,TUR,LTU,0575
386527,231,130,711,2013.0,219756.0,0.0,1.612058,-0.8592989999999999,USA,LTU,0575
386528,232,130,711,2013.0,147062.0,0.0,-0.7076319999999999,-0.645674,UZB,LTU,0575
386529,246,130,711,2013.0,1173420.0,0.0,0.11624100000000001,1.574591,ZAF,LTU,0575
386530,15,131,711,2013.0,9681.0,0.0,1.855434,-1.06494,AUT,LUX,0575
386531,16,131,711,2013.0,0.0,8195.0,-1.319766,-1.200648,AZE,LUX,0575
386532,18,131,711,2013.0,4433915.0,23203.0,1.198491,1.117268,BEL,LUX,0575
386533,32,131,711,2013.0,80373.0,0.0,0.2804,0.649729,BRA,LUX,0575
386534,39,131,711,2013.0,18880.0,0.0,0.599305,1.193591,CAN,LUX,0575
386535,41,131,711,2013.0,11296.0,0.0,2.0899229999999998,0.661667,CHE,LUX,0575
386536,42,131,711,2013.0,63681.0,0.0,-0.184556,-0.238657,CHL,LUX,0575
386537,61,131,711,2013.0,229969.0,113135.0,2.1086869999999998,-3.7092,DEU,LUX,0575
386538,64,131,711,2013.0,1022.0,0.0,1.190302,1.062991,DNK,LUX,0575
386539,68,131,711,2013.0,39039.0,0.0,-0.12015799999999999,1.793363,EGY,LUX,0575
386540,71,131,711,2013.0,196431.0,0.0,0.955472,1.80005,ESP,LUX,0575
386541,77,131,711,2013.0,1154014.0,36381.0,1.5253299999999999,0.026146,FRA,LUX,0575
386542,83,131,711,2013.0,0.0,10660.0,-0.696971,-0.5807939999999999,GHA,LUX,0575
386543,110,131,711,2013.0,87340.0,0.0,1.0247629999999999,0.8261639999999999,ISR,LUX,0575
386544,111,131,711,2013.0,1471278.0,0.0,1.419383,-0.304402,ITA,LUX,0575
386545,155,131,711,2013.0,47109.0,0.0,-0.316805,-0.38759099999999996,NAM,LUX,0575
386546,159,131,711,2013.0,0.0,20216.0,-1.679402,-1.14686,NGA,LUX,0575
386547,162,131,711,2013.0,739697.0,0.0,1.012006,1.441545,NLD,LUX,0575
386548,173,131,711,2013.0,96265.0,0.0,-0.640044,0.121772,PER,LUX,0575
386549,179,131,711,2013.0,23197.0,0.0,0.705087,2.2055580000000004,PRT,LUX,0575
386550,224,131,711,2013.0,5448.0,0.0,0.580016,2.394812,TUR,LUX,0575
386551,231,131,711,2013.0,47349.0,0.0,1.612058,-0.8592989999999999,USA,LUX,0575
386552,246,131,711,2013.0,383036.0,0.0,0.11624100000000001,1.574591,ZAF,LUX,0575
386553,250,131,711,2013.0,15012.0,0.0,0.583151,0.14238299999999998,ANS,LUX,0575
386554,1,132,711,2013.0,22342.0,0.0,-0.767212,-0.6506069999999999,AFG,LVA,0575
386555,18,132,711,2013.0,42815.0,0.0,1.198491,1.117268,BEL,LVA,0575
386556,23,132,711,2013.0,2238.0,0.0,0.622325,1.5506229999999999,BGR,LVA,0575
386557,28,132,711,2013.0,0.0,55297.0,1.183522,0.934159,BLR,LVA,0575
386558,42,132,711,2013.0,678853.0,0.0,-0.184556,-0.238657,CHL,LVA,0575
386559,59,132,711,2013.0,0.0,140925.0,1.829509,-0.41787700000000005,CZE,LVA,0575
386560,61,132,711,2013.0,40389.0,0.0,2.1086869999999998,-3.7092,DEU,LVA,0575
386561,64,132,711,2013.0,9194.0,1742.0,1.190302,1.062991,DNK,LVA,0575
386562,68,132,711,2013.0,220929.0,0.0,-0.12015799999999999,1.793363,EGY,LVA,0575
386563,71,132,711,2013.0,555955.0,0.0,0.955472,1.80005,ESP,LVA,0575
386564,72,132,711,2013.0,5908.0,1857235.0,0.923321,1.290016,EST,LVA,0575
386565,74,132,711,2013.0,5107.0,0.0,1.700282,0.867677,FIN,LVA,0575
386566,77,132,711,2013.0,10268.0,0.0,1.5253299999999999,0.026146,FRA,LVA,0575
386567,81,132,711,2013.0,5510.0,0.0,1.628465,0.77075,GBR,LVA,0575
386568,90,132,711,2013.0,98848.0,0.0,0.073442,0.9857899999999999,GRC,LVA,0575
386569,102,132,711,2013.0,1335.0,0.0,1.6962560000000002,0.45460600000000007,HUN,LVA,0575
386570,104,132,711,2013.0,95863.0,0.0,0.18186,2.647598,IND,LVA,0575
386571,106,132,711,2013.0,0.0,1041.0,1.32787,0.394579,IRL,LVA,0575
386572,107,132,711,2013.0,158340.0,0.0,-0.23625100000000002,-0.256067,IRN,LVA,0575
386573,111,132,711,2013.0,4511924.0,14090.0,1.419383,-0.304402,ITA,LVA,0575
386574,115,132,711,2013.0,0.0,1566.0,-0.9193819999999999,-0.734194,KAZ,LVA,0575
386575,130,132,711,2013.0,3151002.0,2661296.0,0.677986,1.29227,LTU,LVA,0575
386576,135,132,711,2013.0,6493.0,0.0,0.14256,0.33920700000000004,MDA,LVA,0575
386577,140,132,711,2013.0,88095.0,0.0,-0.127775,0.21915900000000002,MKD,LVA,0575
386578,162,132,711,2013.0,4815556.0,1164040.0,1.012006,1.441545,NLD,LVA,0575
386579,168,132,711,2013.0,31165.0,0.0,-0.697224,0.501576,PAK,LVA,0575
386580,177,132,711,2013.0,130706.0,347109.0,1.11341,0.975734,POL,LVA,0575
386581,186,132,711,2013.0,55380.0,281112.0,-0.08233,-0.267781,RUS,LVA,0575
386582,206,132,711,2013.0,0.0,64476.0,1.510052,0.7060310000000001,SVK,LVA,0575
386583,224,132,711,2013.0,577551.0,0.0,0.580016,2.394812,TUR,LVA,0575
386584,231,132,711,2013.0,107755.0,0.0,1.612058,-0.8592989999999999,USA,LVA,0575
386585,232,132,711,2013.0,4771870.0,0.0,-0.7076319999999999,-0.645674,UZB,LVA,0575
386586,246,132,711,2013.0,325660.0,0.0,0.11624100000000001,1.574591,ZAF,LVA,0575
386587,8,135,711,2013.0,1023.0,0.0,0.042829,0.461002,ARG,MDA,0575
386588,28,135,711,2013.0,0.0,3292897.0,1.183522,0.934159,BLR,MDA,0575
386589,42,135,711,2013.0,33271.0,0.0,-0.184556,-0.238657,CHL,MDA,0575
386590,59,135,711,2013.0,0.0,41223.0,1.829509,-0.41787700000000005,CZE,MDA,0575
386591,61,135,711,2013.0,5178.0,0.0,2.1086869999999998,-3.7092,DEU,MDA,0575
386592,71,135,711,2013.0,6807.0,0.0,0.955472,1.80005,ESP,MDA,0575
386593,72,135,711,2013.0,0.0,36098.0,0.923321,1.290016,EST,MDA,0575
386594,90,135,711,2013.0,48505.0,0.0,0.073442,0.9857899999999999,GRC,MDA,0575
386595,104,135,711,2013.0,9016.0,0.0,0.18186,2.647598,IND,MDA,0575
386596,107,135,711,2013.0,688033.0,0.0,-0.23625100000000002,-0.256067,IRN,MDA,0575
386597,111,135,711,2013.0,25733.0,0.0,1.419383,-0.304402,ITA,MDA,0575
386598,113,135,711,2013.0,8789.0,0.0,0.1888,0.596867,JOR,MDA,0575
386599,126,135,711,2013.0,0.0,56817.0,-1.871593,-1.1211790000000001,LBY,MDA,0575
386600,132,135,711,2013.0,0.0,6493.0,0.652463,1.299917,LVA,MDA,0575
386601,145,135,711,2013.0,0.0,11206.0,-1.264785,-1.133222,MNG,MDA,0575
386602,162,135,711,2013.0,254834.0,0.0,1.012006,1.441545,NLD,MDA,0575
386603,173,135,711,2013.0,54112.0,0.0,-0.640044,0.121772,PER,MDA,0575
386604,177,135,711,2013.0,31563.0,45580.0,1.11341,0.975734,POL,MDA,0575
386605,185,135,711,2013.0,51455.0,691718.0,1.05722,1.0968799999999999,ROU,MDA,0575
386606,186,135,711,2013.0,0.0,14382312.0,-0.08233,-0.267781,RUS,MDA,0575
386607,207,135,711,2013.0,16043.0,0.0,1.55922,0.565874,SVN,MDA,0575
386608,224,135,711,2013.0,2158748.0,0.0,0.580016,2.394812,TUR,MDA,0575
386609,228,135,711,2013.0,95709.0,249787.0,0.535571,1.026263,UKR,MDA,0575
386610,232,135,711,2013.0,196695.0,0.0,-0.7076319999999999,-0.645674,UZB,MDA,0575
386611,246,135,711,2013.0,3826.0,0.0,0.11624100000000001,1.574591,ZAF,MDA,0575
386612,250,135,711,2013.0,3547.0,0.0,0.583151,0.14238299999999998,ANS,MDA,0575
386613,4,140,711,2013.0,0.0,834328.0,-0.44779300000000005,-0.13181700000000002,ALB,MKD,0575
386614,23,140,711,2013.0,8014.0,171232.0,0.622325,1.5506229999999999,BGR,MKD,0575
386615,26,140,711,2013.0,0.0,1045975.0,0.723658,0.9271879999999999,BIH,MKD,0575
386616,28,140,711,2013.0,0.0,2555918.0,1.183522,0.934159,BLR,MKD,0575
386617,59,140,711,2013.0,0.0,229238.0,1.829509,-0.41787700000000005,CZE,MKD,0575
386618,72,140,711,2013.0,0.0,20757.0,0.923321,1.290016,EST,MKD,0575
386619,77,140,711,2013.0,0.0,20334.0,1.5253299999999999,0.026146,FRA,MKD,0575
386620,90,140,711,2013.0,176936.0,3611.0,0.073442,0.9857899999999999,GRC,MKD,0575
386621,100,140,711,2013.0,12346.0,503571.0,0.8737309999999999,1.276091,HRV,MKD,0575
386622,102,140,711,2013.0,13650.0,43507.0,1.6962560000000002,0.45460600000000007,HUN,MKD,0575
386623,106,140,711,2013.0,0.0,2138.0,1.32787,0.394579,IRL,MKD,0575
386624,107,140,711,2013.0,182635.0,0.0,-0.23625100000000002,-0.256067,IRN,MKD,0575
386625,111,140,711,2013.0,2252.0,49769.0,1.419383,-0.304402,ITA,MKD,0575
386626,130,140,711,2013.0,0.0,26870.0,0.677986,1.29227,LTU,MKD,0575
386627,132,140,711,2013.0,0.0,88095.0,0.652463,1.299917,LVA,MKD,0575
386628,144,140,711,2013.0,0.0,1535197.0,0.09597,-0.019953,MNE,MKD,0575
386629,162,140,711,2013.0,3215.0,150933.0,1.012006,1.441545,NLD,MKD,0575
386630,163,140,711,2013.0,0.0,15413.0,0.710901,0.062705,NOR,MKD,0575
386631,177,140,711,2013.0,16272.0,247528.0,1.11341,0.975734,POL,MKD,0575
386632,185,140,711,2013.0,0.0,705834.0,1.05722,1.0968799999999999,ROU,MKD,0575
386633,186,140,711,2013.0,0.0,2405848.0,-0.08233,-0.267781,RUS,MKD,0575
386634,201,140,711,2013.0,92945.0,7089018.0,0.609755,1.355304,SRB,MKD,0575
386635,206,140,711,2013.0,0.0,487265.0,1.510052,0.7060310000000001,SVK,MKD,0575
386636,207,140,711,2013.0,0.0,12120.0,1.55922,0.565874,SVN,MKD,0575
386637,208,140,711,2013.0,0.0,13072.0,1.7851290000000002,0.182623,SWE,MKD,0575
386638,224,140,711,2013.0,386089.0,0.0,0.580016,2.394812,TUR,MKD,0575
386639,228,140,711,2013.0,0.0,134476.0,0.535571,1.026263,UKR,MKD,0575
386640,179,147,711,2013.0,15588.0,0.0,0.705087,2.2055580000000004,PRT,MOZ,0575
386641,246,147,711,2013.0,747306.0,0.0,0.11624100000000001,1.574591,ZAF,MOZ,0575
386642,248,147,711,2013.0,2503.0,0.0,-0.841968,-0.898121,ZWE,MOZ,0575
386643,7,148,711,2013.0,3532.0,0.0,-0.338417,-0.754102,ARE,MRT,0575
386644,71,148,711,2013.0,297027.0,0.0,0.955472,1.80005,ESP,MRT,0575
386645,77,148,711,2013.0,40923.0,0.0,1.5253299999999999,0.026146,FRA,MRT,0575
386646,111,148,711,2013.0,10748.0,0.0,1.419383,-0.304402,ITA,MRT,0575
386647,134,148,711,2013.0,22200.0,0.0,-0.474872,0.178118,MAR,MRT,0575
386648,188,148,711,2013.0,101823.0,0.0,-0.14823599999999998,-0.883965,SAU,MRT,0575
386649,224,148,711,2013.0,4723.0,0.0,0.580016,2.394812,TUR,MRT,0575
386650,246,148,711,2013.0,56482.0,0.0,0.11624100000000001,1.574591,ZAF,MRT,0575
386651,42,159,711,2013.0,21087.0,0.0,-0.184556,-0.238657,CHL,NGA,0575
386652,43,159,711,2013.0,10823.0,24423.0,1.24864,0.667713,CHN,NGA,0575
386653,61,159,711,2013.0,30526.0,0.0,2.1086869999999998,-3.7092,DEU,NGA,0575
386654,68,159,711,2013.0,153315.0,0.0,-0.12015799999999999,1.793363,EGY,NGA,0575
386655,71,159,711,2013.0,193070.0,0.0,0.955472,1.80005,ESP,NGA,0575
386656,81,159,711,2013.0,450293.0,0.0,1.628465,0.77075,GBR,NGA,0575
386657,90,159,711,2013.0,66743.0,0.0,0.073442,0.9857899999999999,GRC,NGA,0575
386658,104,159,711,2013.0,24523.0,35908.0,0.18186,2.647598,IND,NGA,0575
386659,110,159,711,2013.0,248892.0,0.0,1.0247629999999999,0.8261639999999999,ISR,NGA,0575
386660,111,159,711,2013.0,267027.0,0.0,1.419383,-0.304402,ITA,NGA,0575
386661,124,159,711,2013.0,23317.0,0.0,0.37392800000000004,1.413136,LBN,NGA,0575
386662,131,159,711,2013.0,20216.0,0.0,1.0110190000000001,1.123226,LUX,NGA,0575
386663,134,159,711,2013.0,0.0,25247.0,-0.474872,0.178118,MAR,NGA,0575
386664,151,159,711,2013.0,130185.0,0.0,-0.092312,0.050927,MUS,NGA,0575
386665,155,159,711,2013.0,4534.0,0.0,-0.316805,-0.38759099999999996,NAM,NGA,0575
386666,162,159,711,2013.0,190886.0,0.0,1.012006,1.441545,NLD,NGA,0575
386667,188,159,711,2013.0,28391.0,0.0,-0.14823599999999998,-0.883965,SAU,NGA,0575
386668,224,159,711,2013.0,46694.0,0.0,0.580016,2.394812,TUR,NGA,0575
386669,231,159,711,2013.0,85395.0,0.0,1.612058,-0.8592989999999999,USA,NGA,0575
386670,246,159,711,2013.0,625347.0,0.0,0.11624100000000001,1.574591,ZAF,NGA,0575
386671,249,159,711,2013.0,5099.0,0.0,1.7382849999999999,0.9917739999999999,TWN,NGA,0575
386672,104,164,711,2013.0,2122089.0,0.0,0.18186,2.647598,IND,NPL,0575
386673,7,167,711,2013.0,8283952.0,53335.0,-0.338417,-0.754102,ARE,OMN,0575
386674,24,167,711,2013.0,0.0,3990.0,0.080634,-0.6828890000000001,BHR,OMN,0575
386675,42,167,711,2013.0,317156.0,0.0,-0.184556,-0.238657,CHL,OMN,0575
386676,68,167,711,2013.0,1857034.0,0.0,-0.12015799999999999,1.793363,EGY,OMN,0575
386677,73,167,711,2013.0,0.0,52648.0,-1.1373090000000001,-0.89186,ETH,OMN,0575
386678,104,167,711,2013.0,1754403.0,0.0,0.18186,2.647598,IND,OMN,0575
386679,111,167,711,2013.0,447792.0,0.0,1.419383,-0.304402,ITA,OMN,0575
386680,113,167,711,2013.0,87480.0,0.0,0.1888,0.596867,JOR,OMN,0575
386681,122,167,711,2013.0,8408.0,7970.0,-1.198985,-1.057248,KWT,OMN,0575
386682,124,167,711,2013.0,284546.0,0.0,0.37392800000000004,1.413136,LBN,OMN,0575
386683,183,167,711,2013.0,23758.0,14013.0,-0.583609,-1.003754,QAT,OMN,0575
386684,188,167,711,2013.0,174328.0,72272.0,-0.14823599999999998,-0.883965,SAU,OMN,0575
386685,211,167,711,2013.0,0.0,1996.0,0.06901,-0.438229,SYC,OMN,0575
386686,212,167,711,2013.0,229897.0,0.0,-0.09157699999999999,1.1795950000000002,SYR,OMN,0575
386687,224,167,711,2013.0,164526.0,0.0,0.580016,2.394812,TUR,OMN,0575
386688,231,167,711,2013.0,5371.0,0.0,1.612058,-0.8592989999999999,USA,OMN,0575
386689,243,167,711,2013.0,22646.0,0.0,-1.2788700000000002,-1.230713,YEM,OMN,0575
386690,246,167,711,2013.0,810244.0,0.0,0.11624100000000001,1.574591,ZAF,OMN,0575
386691,1,168,711,2013.0,16326725.0,2061.0,-0.767212,-0.6506069999999999,AFG,PAK,0575
386692,7,168,711,2013.0,44308.0,40364.0,-0.338417,-0.754102,ARE,PAK,0575
386693,14,168,711,2013.0,142594.0,76510.0,-0.63369,-0.276328,AUS,PAK,0575
386694,18,168,711,2013.0,0.0,25879.0,1.198491,1.117268,BEL,PAK,0575
386695,24,168,711,2013.0,0.0,7437.0,0.080634,-0.6828890000000001,BHR,PAK,0575
386696,28,168,711,2013.0,0.0,13288.0,1.183522,0.934159,BLR,PAK,0575
386697,39,168,711,2013.0,0.0,22237.0,0.599305,1.193591,CAN,PAK,0575
386698,41,168,711,2013.0,0.0,1712.0,2.0899229999999998,0.661667,CHE,PAK,0575
386699,43,168,711,2013.0,81365.0,0.0,1.24864,0.667713,CHN,PAK,0575
386700,61,168,711,2013.0,0.0,37775.0,2.1086869999999998,-3.7092,DEU,PAK,0575
386701,81,168,711,2013.0,0.0,75242.0,1.628465,0.77075,GBR,PAK,0575
386702,90,168,711,2013.0,0.0,482196.0,0.073442,0.9857899999999999,GRC,PAK,0575
386703,104,168,711,2013.0,35370.0,135377.0,0.18186,2.647598,IND,PAK,0575
386704,107,168,711,2013.0,1309494.0,0.0,-0.23625100000000002,-0.256067,IRN,PAK,0575
386705,111,168,711,2013.0,28990.0,0.0,1.419383,-0.304402,ITA,PAK,0575
386706,116,168,711,2013.0,6211.0,0.0,-0.303119,0.626786,KEN,PAK,0575
386707,122,168,711,2013.0,0.0,4783.0,-1.198985,-1.057248,KWT,PAK,0575
386708,128,168,711,2013.0,0.0,9193.0,-0.320583,0.44462399999999996,LKA,PAK,0575
386709,130,168,711,2013.0,0.0,148748.0,0.677986,1.29227,LTU,PAK,0575
386710,132,168,711,2013.0,0.0,31165.0,0.652463,1.299917,LVA,PAK,0575
386711,153,168,711,2013.0,40937.0,46291.0,0.924532,0.671334,MYS,PAK,0575
386712,162,168,711,2013.0,0.0,98920.0,1.012006,1.441545,NLD,PAK,0575
386713,166,168,711,2013.0,0.0,2872.0,0.192237,0.429825,NZL,PAK,0575
386714,174,168,711,2013.0,0.0,29048.0,0.639083,0.45816899999999994,PHL,PAK,0575
386715,177,168,711,2013.0,0.0,137446.0,1.11341,0.975734,POL,PAK,0575
386716,183,168,711,2013.0,0.0,14916.0,-0.583609,-1.003754,QAT,PAK,0575
386717,186,168,711,2013.0,0.0,1334.0,-0.08233,-0.267781,RUS,PAK,0575
386718,188,168,711,2013.0,0.0,16188.0,-0.14823599999999998,-0.883965,SAU,PAK,0575
386719,216,168,711,2013.0,2018.0,0.0,1.067287,1.2767110000000002,THA,PAK,0575
386720,231,168,711,2013.0,141683.0,52449.0,1.612058,-0.8592989999999999,USA,PAK,0575
386721,246,168,711,2013.0,31057.0,0.0,0.11624100000000001,1.574591,ZAF,PAK,0575
386722,8,185,711,2013.0,32685.0,0.0,0.042829,0.461002,ARG,ROU,0575
386723,15,185,711,2013.0,7298.0,114600.0,1.855434,-1.06494,AUT,ROU,0575
386724,18,185,711,2013.0,5639.0,88860.0,1.198491,1.117268,BEL,ROU,0575
386725,23,185,711,2013.0,67870.0,283879.0,0.622325,1.5506229999999999,BGR,ROU,0575
386726,42,185,711,2013.0,84804.0,0.0,-0.184556,-0.238657,CHL,ROU,0575
386727,58,185,711,2013.0,199304.0,0.0,0.36482800000000004,0.527544,CYP,ROU,0575
386728,59,185,711,2013.0,705145.0,40133.0,1.829509,-0.41787700000000005,CZE,ROU,0575
386729,61,185,711,2013.0,313919.0,3076.0,2.1086869999999998,-3.7092,DEU,ROU,0575
386730,64,185,711,2013.0,0.0,9127.0,1.190302,1.062991,DNK,ROU,0575
386731,68,185,711,2013.0,58920.0,0.0,-0.12015799999999999,1.793363,EGY,ROU,0575
386732,71,185,711,2013.0,508579.0,3647.0,0.955472,1.80005,ESP,ROU,0575
386733,77,185,711,2013.0,5997.0,0.0,1.5253299999999999,0.026146,FRA,ROU,0575
386734,81,185,711,2013.0,0.0,2168.0,1.628465,0.77075,GBR,ROU,0575
386735,90,185,711,2013.0,3050647.0,88255.0,0.073442,0.9857899999999999,GRC,ROU,0575
386736,102,185,711,2013.0,349094.0,1048186.0,1.6962560000000002,0.45460600000000007,HUN,ROU,0575
386737,104,185,711,2013.0,489291.0,0.0,0.18186,2.647598,IND,ROU,0575
386738,107,185,711,2013.0,1297879.0,0.0,-0.23625100000000002,-0.256067,IRN,ROU,0575
386739,108,185,711,2013.0,0.0,1864.0,-3.147217,-0.685991,IRQ,ROU,0575
386740,111,185,711,2013.0,5962722.0,27399.0,1.419383,-0.304402,ITA,ROU,0575
386741,135,185,711,2013.0,691718.0,51455.0,0.14256,0.33920700000000004,MDA,ROU,0575
386742,140,185,711,2013.0,705834.0,0.0,-0.127775,0.21915900000000002,MKD,ROU,0575
386743,162,185,711,2013.0,4270178.0,43245.0,1.012006,1.441545,NLD,ROU,0575
386744,177,185,711,2013.0,152327.0,7124.0,1.11341,0.975734,POL,ROU,0575
386745,201,185,711,2013.0,7717.0,0.0,0.609755,1.355304,SRB,ROU,0575
386746,206,185,711,2013.0,10159.0,0.0,1.510052,0.7060310000000001,SVK,ROU,0575
386747,207,185,711,2013.0,68885.0,0.0,1.55922,0.565874,SVN,ROU,0575
386748,224,185,711,2013.0,910000.0,0.0,0.580016,2.394812,TUR,ROU,0575
386749,1,186,711,2013.0,10608162.0,0.0,-0.767212,-0.6506069999999999,AFG,RUS,0575
386750,8,186,711,2013.0,13113170.0,0.0,0.042829,0.461002,ARG,RUS,0575
386751,9,186,711,2013.0,5979233.0,1625.0,-0.159148,-0.515766,ARM,RUS,0575
386752,14,186,711,2013.0,2053713.0,0.0,-0.63369,-0.276328,AUS,RUS,0575
386753,16,186,711,2013.0,513695.0,25275.0,-1.319766,-1.200648,AZE,RUS,0575
386754,18,186,711,2013.0,1040507.0,0.0,1.198491,1.117268,BEL,RUS,0575
386755,23,186,711,2013.0,34469.0,0.0,0.622325,1.5506229999999999,BGR,RUS,0575
386756,26,186,711,2013.0,85319.0,0.0,0.723658,0.9271879999999999,BIH,RUS,0575
386757,28,186,711,2013.0,6961344.0,337874.0,1.183522,0.934159,BLR,RUS,0575
386758,32,186,711,2013.0,171120.0,0.0,0.2804,0.649729,BRA,RUS,0575
386759,42,186,711,2013.0,67398816.0,0.0,-0.184556,-0.238657,CHL,RUS,0575
386760,43,186,711,2013.0,12411093.0,0.0,1.24864,0.667713,CHN,RUS,0575
386761,61,186,711,2013.0,311764.0,0.0,2.1086869999999998,-3.7092,DEU,RUS,0575
386762,68,186,711,2013.0,7994532.0,0.0,-0.12015799999999999,1.793363,EGY,RUS,0575
386763,71,186,711,2013.0,4008669.0,0.0,0.955472,1.80005,ESP,RUS,0575
386764,72,186,711,2013.0,30699.0,0.0,0.923321,1.290016,EST,RUS,0575
386765,74,186,711,2013.0,106329.0,0.0,1.700282,0.867677,FIN,RUS,0575
386766,77,186,711,2013.0,290643.0,0.0,1.5253299999999999,0.026146,FRA,RUS,0575
386767,81,186,711,2013.0,2998.0,0.0,1.628465,0.77075,GBR,RUS,0575
386768,82,186,711,2013.0,0.0,54597.0,-0.08343099999999999,-0.359692,GEO,RUS,0575
386769,90,186,711,2013.0,850698.0,0.0,0.073442,0.9857899999999999,GRC,RUS,0575
386770,104,186,711,2013.0,30911032.0,0.0,0.18186,2.647598,IND,RUS,0575
386771,107,186,711,2013.0,35414036.0,0.0,-0.23625100000000002,-0.256067,IRN,RUS,0575
386772,110,186,711,2013.0,2130174.0,0.0,1.0247629999999999,0.8261639999999999,ISR,RUS,0575
386773,111,186,711,2013.0,21612434.0,0.0,1.419383,-0.304402,ITA,RUS,0575
386774,114,186,711,2013.0,10339.0,0.0,2.333417,-0.818701,JPN,RUS,0575
386775,115,186,711,2013.0,428313.0,181902.0,-0.9193819999999999,-0.734194,KAZ,RUS,0575
386776,121,186,711,2013.0,10876.0,0.0,1.817145,0.835414,KOR,RUS,0575
386777,124,186,711,2013.0,37671.0,0.0,0.37392800000000004,1.413136,LBN,RUS,0575
386778,130,186,711,2013.0,30777404.0,0.0,0.677986,1.29227,LTU,RUS,0575
386779,132,186,711,2013.0,281112.0,55380.0,0.652463,1.299917,LVA,RUS,0575
386780,134,186,711,2013.0,134599.0,0.0,-0.474872,0.178118,MAR,RUS,0575
386781,135,186,711,2013.0,14382312.0,0.0,0.14256,0.33920700000000004,MDA,RUS,0575
386782,140,186,711,2013.0,2405848.0,0.0,-0.127775,0.21915900000000002,MKD,RUS,0575
386783,145,186,711,2013.0,0.0,282424.0,-1.264785,-1.133222,MNG,RUS,0575
386784,155,186,711,2013.0,2839740.0,0.0,-0.316805,-0.38759099999999996,NAM,RUS,0575
386785,162,186,711,2013.0,5219652.0,0.0,1.012006,1.441545,NLD,RUS,0575
386786,168,186,711,2013.0,1334.0,0.0,-0.697224,0.501576,PAK,RUS,0575
386787,173,186,711,2013.0,27536546.0,0.0,-0.640044,0.121772,PER,RUS,0575
386788,177,186,711,2013.0,6516405.0,0.0,1.11341,0.975734,POL,RUS,0575
386789,179,186,711,2013.0,9904.0,0.0,0.705087,2.2055580000000004,PRT,RUS,0575
386790,188,186,711,2013.0,0.0,414871.0,-0.14823599999999998,-0.883965,SAU,RUS,0575
386791,201,186,711,2013.0,1235241.0,0.0,0.609755,1.355304,SRB,RUS,0575
386792,217,186,711,2013.0,192487.0,7533.0,-1.117246,-1.1638600000000001,TJK,RUS,0575
386793,223,186,711,2013.0,6897.0,0.0,0.40154,0.902177,TUN,RUS,0575
386794,224,186,711,2013.0,125169920.0,158157.0,0.580016,2.394812,TUR,RUS,0575
386795,228,186,711,2013.0,126347.0,0.0,0.535571,1.026263,UKR,RUS,0575
386796,231,186,711,2013.0,3558554.0,0.0,1.612058,-0.8592989999999999,USA,RUS,0575
386797,232,186,711,2013.0,1161853.0,24746.0,-0.7076319999999999,-0.645674,UZB,RUS,0575
386798,239,186,711,2013.0,0.0,6216.0,0.009264,1.182368,VNM,RUS,0575
386799,246,186,711,2013.0,20818588.0,0.0,0.11624100000000001,1.574591,ZAF,RUS,0575
386800,7,191,711,2013.0,69520.0,0.0,-0.338417,-0.754102,ARE,SEN,0575
386801,43,191,711,2013.0,197324.0,0.0,1.24864,0.667713,CHN,SEN,0575
386802,59,191,711,2013.0,0.0,49654.0,1.829509,-0.41787700000000005,CZE,SEN,0575
386803,68,191,711,2013.0,63701.0,0.0,-0.12015799999999999,1.793363,EGY,SEN,0575
386804,71,191,711,2013.0,116069.0,0.0,0.955472,1.80005,ESP,SEN,0575
386805,77,191,711,2013.0,154354.0,0.0,1.5253299999999999,0.026146,FRA,SEN,0575
386806,104,191,711,2013.0,67144.0,0.0,0.18186,2.647598,IND,SEN,0575
386807,111,191,711,2013.0,117598.0,0.0,1.419383,-0.304402,ITA,SEN,0575
386808,124,191,711,2013.0,3469.0,0.0,0.37392800000000004,1.413136,LBN,SEN,0575
386809,134,191,711,2013.0,27505.0,0.0,-0.474872,0.178118,MAR,SEN,0575
386810,223,191,711,2013.0,5208.0,0.0,0.40154,0.902177,TUN,SEN,0575
386811,224,191,711,2013.0,30309.0,0.0,0.580016,2.394812,TUR,SEN,0575
386812,246,191,711,2013.0,323219.0,0.0,0.11624100000000001,1.574591,ZAF,SEN,0575
386813,250,191,711,2013.0,6927.0,12525.0,0.583151,0.14238299999999998,ANS,SEN,0575
386814,4,201,711,2013.0,5377.0,8855.0,-0.44779300000000005,-0.13181700000000002,ALB,SRB,0575
386815,8,201,711,2013.0,1858.0,0.0,0.042829,0.461002,ARG,SRB,0575
386816,15,201,711,2013.0,3139.0,1064.0,1.855434,-1.06494,AUT,SRB,0575
386817,26,201,711,2013.0,37670.0,196845.0,0.723658,0.9271879999999999,BIH,SRB,0575
386818,28,201,711,2013.0,0.0,231193.0,1.183522,0.934159,BLR,SRB,0575
386819,42,201,711,2013.0,5548.0,0.0,-0.184556,-0.238657,CHL,SRB,0575
386820,43,201,711,2013.0,26430.0,0.0,1.24864,0.667713,CHN,SRB,0575
386821,61,201,711,2013.0,44439.0,5881.0,2.1086869999999998,-3.7092,DEU,SRB,0575
386822,71,201,711,2013.0,3567.0,0.0,0.955472,1.80005,ESP,SRB,0575
386823,90,201,711,2013.0,39215.0,5267.0,0.073442,0.9857899999999999,GRC,SRB,0575
386824,100,201,711,2013.0,0.0,72362.0,0.8737309999999999,1.276091,HRV,SRB,0575
386825,102,201,711,2013.0,7648.0,0.0,1.6962560000000002,0.45460600000000007,HUN,SRB,0575
386826,104,201,711,2013.0,54574.0,0.0,0.18186,2.647598,IND,SRB,0575
386827,107,201,711,2013.0,821992.0,0.0,-0.23625100000000002,-0.256067,IRN,SRB,0575
386828,111,201,711,2013.0,187456.0,0.0,1.419383,-0.304402,ITA,SRB,0575
386829,115,201,711,2013.0,0.0,1213.0,-0.9193819999999999,-0.734194,KAZ,SRB,0575
386830,116,201,711,2013.0,1041.0,0.0,-0.303119,0.626786,KEN,SRB,0575
386831,140,201,711,2013.0,7089018.0,92945.0,-0.127775,0.21915900000000002,MKD,SRB,0575
386832,144,201,711,2013.0,266363.0,329298.0,0.09597,-0.019953,MNE,SRB,0575
386833,162,201,711,2013.0,136463.0,0.0,1.012006,1.441545,NLD,SRB,0575
386834,166,201,711,2013.0,0.0,4240.0,0.192237,0.429825,NZL,SRB,0575
386835,185,201,711,2013.0,0.0,7717.0,1.05722,1.0968799999999999,ROU,SRB,0575
386836,186,201,711,2013.0,0.0,1235241.0,-0.08233,-0.267781,RUS,SRB,0575
386837,207,201,711,2013.0,78270.0,36420.0,1.55922,0.565874,SVN,SRB,0575
386838,208,201,711,2013.0,0.0,1142.0,1.7851290000000002,0.182623,SWE,SRB,0575
386839,224,201,711,2013.0,466982.0,49623.0,0.580016,2.394812,TUR,SRB,0575
386840,246,201,711,2013.0,29201.0,0.0,0.11624100000000001,1.574591,ZAF,SRB,0575
386841,8,207,711,2013.0,6331.0,0.0,0.042829,0.461002,ARG,SVN,0575
386842,14,207,711,2013.0,1533.0,0.0,-0.63369,-0.276328,AUS,SVN,0575
386843,15,207,711,2013.0,1618839.0,870567.0,1.855434,-1.06494,AUT,SVN,0575
386844,18,207,711,2013.0,16212.0,1676.0,1.198491,1.117268,BEL,SVN,0575
386845,26,207,711,2013.0,5068.0,591926.0,0.723658,0.9271879999999999,BIH,SVN,0575
386846,42,207,711,2013.0,100995.0,0.0,-0.184556,-0.238657,CHL,SVN,0575
386847,43,207,711,2013.0,19113.0,0.0,1.24864,0.667713,CHN,SVN,0575
386848,59,207,711,2013.0,10860.0,0.0,1.829509,-0.41787700000000005,CZE,SVN,0575
386849,61,207,711,2013.0,365274.0,0.0,2.1086869999999998,-3.7092,DEU,SVN,0575
386850,68,207,711,2013.0,1201189.0,0.0,-0.12015799999999999,1.793363,EGY,SVN,0575
386851,71,207,711,2013.0,178228.0,24170.0,0.955472,1.80005,ESP,SVN,0575
386852,77,207,711,2013.0,45061.0,0.0,1.5253299999999999,0.026146,FRA,SVN,0575
386853,90,207,711,2013.0,181830.0,0.0,0.073442,0.9857899999999999,GRC,SVN,0575
386854,100,207,711,2013.0,6206.0,86158.0,0.8737309999999999,1.276091,HRV,SVN,0575
386855,102,207,711,2013.0,7440.0,0.0,1.6962560000000002,0.45460600000000007,HUN,SVN,0575
386856,104,207,711,2013.0,89744.0,0.0,0.18186,2.647598,IND,SVN,0575
386857,107,207,711,2013.0,150363.0,0.0,-0.23625100000000002,-0.256067,IRN,SVN,0575
386858,110,207,711,2013.0,1752106.0,0.0,1.0247629999999999,0.8261639999999999,ISR,SVN,0575
386859,111,207,711,2013.0,7487634.0,158762.0,1.419383,-0.304402,ITA,SVN,0575
386860,134,207,711,2013.0,31366.0,0.0,-0.474872,0.178118,MAR,SVN,0575
386861,135,207,711,2013.0,0.0,16043.0,0.14256,0.33920700000000004,MDA,SVN,0575
386862,140,207,711,2013.0,12120.0,0.0,-0.127775,0.21915900000000002,MKD,SVN,0575
386863,144,207,711,2013.0,0.0,22289.0,0.09597,-0.019953,MNE,SVN,0575
386864,162,207,711,2013.0,2107307.0,138743.0,1.012006,1.441545,NLD,SVN,0575
386865,173,207,711,2013.0,86707.0,0.0,-0.640044,0.121772,PER,SVN,0575
386866,177,207,711,2013.0,40848.0,0.0,1.11341,0.975734,POL,SVN,0575
386867,185,207,711,2013.0,0.0,68885.0,1.05722,1.0968799999999999,ROU,SVN,0575
386868,201,207,711,2013.0,36420.0,78270.0,0.609755,1.355304,SRB,SVN,0575
386869,206,207,711,2013.0,94881.0,31914.0,1.510052,0.7060310000000001,SVK,SVN,0575
386870,224,207,711,2013.0,216726.0,0.0,0.580016,2.394812,TUR,SVN,0575
386871,228,207,711,2013.0,0.0,20335.0,0.535571,1.026263,UKR,SVN,0575
386872,231,207,711,2013.0,8300.0,0.0,1.612058,-0.8592989999999999,USA,SVN,0575
386873,232,207,711,2013.0,3672.0,0.0,-0.7076319999999999,-0.645674,UZB,SVN,0575
386874,246,207,711,2013.0,1381080.0,0.0,0.11624100000000001,1.574591,ZAF,SVN,0575
386875,8,239,711,2013.0,46508.0,0.0,0.042829,0.461002,ARG,VNM,0575
386876,14,239,711,2013.0,16250533.0,0.0,-0.63369,-0.276328,AUS,VNM,0575
386877,15,239,711,2013.0,84445.0,0.0,1.855434,-1.06494,AUT,VNM,0575
386878,39,239,711,2013.0,10267.0,0.0,0.599305,1.193591,CAN,VNM,0575
386879,42,239,711,2013.0,4445406.0,0.0,-0.184556,-0.238657,CHL,VNM,0575
386880,43,239,711,2013.0,45576208.0,1017777.0,1.24864,0.667713,CHN,VNM,0575
386881,61,239,711,2013.0,29235.0,0.0,2.1086869999999998,-3.7092,DEU,VNM,0575
386882,68,239,711,2013.0,12078.0,0.0,-0.12015799999999999,1.793363,EGY,VNM,0575
386883,77,239,711,2013.0,5842.0,15017.0,1.5253299999999999,0.026146,FRA,VNM,0575
386884,97,239,711,2013.0,2606515.0,132275.0,0.791401,1.249845,HKG,VNM,0575
386885,104,239,711,2013.0,1174234.0,0.0,0.18186,2.647598,IND,VNM,0575
386886,114,239,711,2013.0,64166.0,2262391.0,2.333417,-0.818701,JPN,VNM,0575
386887,118,239,711,2013.0,0.0,189834.0,-0.634876,-0.714886,KHM,VNM,0575
386888,121,239,711,2013.0,59568.0,0.0,1.817145,0.835414,KOR,VNM,0575
386889,123,239,711,2013.0,0.0,6334.0,-0.907169,-0.587529,LAO,VNM,0575
386890,153,239,711,2013.0,366572.0,22792.0,0.924532,0.671334,MYS,VNM,0575
386891,173,239,711,2013.0,1590363.0,0.0,-0.640044,0.121772,PER,VNM,0575
386892,179,239,711,2013.0,0.0,1069.0,0.705087,2.2055580000000004,PRT,VNM,0575
386893,186,239,711,2013.0,6216.0,0.0,-0.08233,-0.267781,RUS,VNM,0575
386894,192,239,711,2013.0,383453.0,0.0,1.844685,0.639379,SGP,VNM,0575
386895,216,239,711,2013.0,37088.0,0.0,1.067287,1.2767110000000002,THA,VNM,0575
386896,224,239,711,2013.0,4162.0,0.0,0.580016,2.394812,TUR,VNM,0575
386897,231,239,711,2013.0,25439728.0,0.0,1.612058,-0.8592989999999999,USA,VNM,0575
386898,246,239,711,2013.0,2567692.0,0.0,0.11624100000000001,1.574591,ZAF,VNM,0575
386899,250,239,711,2013.0,21766.0,0.0,0.583151,0.14238299999999998,ANS,VNM,0575
386900,68,248,711,2013.0,19988.0,0.0,-0.12015799999999999,1.793363,EGY,ZWE,0575
386901,147,248,711,2013.0,0.0,2503.0,-1.131512,-0.8923840000000001,MOZ,ZWE,0575
386902,246,248,711,2013.0,1961798.0,0.0,0.11624100000000001,1.574591,ZAF,ZWE,0575
386903,23,4,711,2013.0,4158.0,0.0,0.622325,1.5506229999999999,BGR,ALB,0575
386904,90,4,711,2013.0,549169.0,0.0,0.073442,0.9857899999999999,GRC,ALB,0575
386905,107,4,711,2013.0,126573.0,0.0,-0.23625100000000002,-0.256067,IRN,ALB,0575
386906,111,4,711,2013.0,1139608.0,0.0,1.419383,-0.304402,ITA,ALB,0575
386907,140,4,711,2013.0,834328.0,0.0,-0.127775,0.21915900000000002,MKD,ALB,0575
386908,144,4,711,2013.0,0.0,16133.0,0.09597,-0.019953,MNE,ALB,0575
386909,201,4,711,2013.0,8855.0,5377.0,0.609755,1.355304,SRB,ALB,0575
386910,224,4,711,2013.0,68559.0,0.0,0.580016,2.394812,TUR,ALB,0575
386911,71,5,711,2013.0,123317.0,0.0,0.955472,1.80005,ESP,AND,0575
386912,77,5,711,2013.0,1431.0,0.0,1.5253299999999999,0.026146,FRA,AND,0575
386913,7,21,711,2013.0,12036.0,0.0,-0.338417,-0.754102,ARE,BFA,0575
386914,19,21,711,2013.0,3520.0,0.0,-0.924213,-0.8181390000000001,BEN,BFA,0575
386915,71,21,711,2013.0,19658.0,0.0,0.955472,1.80005,ESP,BFA,0575
386916,77,21,711,2013.0,4641.0,0.0,1.5253299999999999,0.026146,FRA,BFA,0575
386917,124,21,711,2013.0,2061.0,0.0,0.37392800000000004,1.413136,LBN,BFA,0575
386918,246,21,711,2013.0,9551.0,0.0,0.11624100000000001,1.574591,ZAF,BFA,0575
386919,138,29,711,2013.0,270020.0,0.0,1.2327219999999999,0.746108,MEX,BLZ,0575
386920,231,29,711,2013.0,60791.0,0.0,1.612058,-0.8592989999999999,USA,BLZ,0575
386921,81,30,711,2013.0,1444.0,0.0,1.628465,0.77075,GBR,BMU,0575
386922,231,30,711,2013.0,461343.0,0.0,1.612058,-0.8592989999999999,USA,BMU,0575
386923,8,31,711,2013.0,692891.0,0.0,0.042829,0.461002,ARG,BOL,0575
386924,32,31,711,2013.0,37414.0,0.0,0.2804,0.649729,BRA,BOL,0575
386925,41,31,711,2013.0,0.0,8670.0,2.0899229999999998,0.661667,CHE,BOL,0575
386926,42,31,711,2013.0,916584.0,0.0,-0.184556,-0.238657,CHL,BOL,0575
386927,61,31,711,2013.0,0.0,1775.0,2.1086869999999998,-3.7092,DEU,BOL,0575
386928,173,31,711,2013.0,186419.0,0.0,-0.640044,0.121772,PER,BOL,0575
386929,231,31,711,2013.0,1327.0,0.0,1.612058,-0.8592989999999999,USA,BOL,0575
386930,14,34,711,2013.0,296720.0,0.0,-0.63369,-0.276328,AUS,BRN,0575
386931,43,34,711,2013.0,48952.0,0.0,1.24864,0.667713,CHN,BRN,0575
386932,68,34,711,2013.0,8508.0,0.0,-0.12015799999999999,1.793363,EGY,BRN,0575
386933,97,34,711,2013.0,25127.0,0.0,0.791401,1.249845,HKG,BRN,0575
386934,104,34,711,2013.0,7001.0,0.0,0.18186,2.647598,IND,BRN,0575
386935,138,34,711,2013.0,7986.0,0.0,1.2327219999999999,0.746108,MEX,BRN,0575
386936,153,34,711,2013.0,114686.0,0.0,0.924532,0.671334,MYS,BRN,0575
386937,188,34,711,2013.0,29388.0,0.0,-0.14823599999999998,-0.883965,SAU,BRN,0575
386938,192,34,711,2013.0,1801413.0,0.0,1.844685,0.639379,SGP,BRN,0575
386939,216,34,711,2013.0,30526.0,0.0,1.067287,1.2767110000000002,THA,BRN,0575
386940,231,34,711,2013.0,126313.0,0.0,1.612058,-0.8592989999999999,USA,BRN,0575
386941,246,34,711,2013.0,22205.0,0.0,0.11624100000000001,1.574591,ZAF,BRN,0575
386942,249,34,711,2013.0,3475.0,0.0,1.7382849999999999,0.9917739999999999,TWN,BRN,0575
386943,246,37,711,2013.0,2182362.0,0.0,0.11624100000000001,1.574591,ZAF,BWA,0575
386944,8,44,711,2013.0,7123.0,0.0,0.042829,0.461002,ARG,CIV,0575
386945,32,44,711,2013.0,1602.0,0.0,0.2804,0.649729,BRA,CIV,0575
386946,42,44,711,2013.0,64392.0,0.0,-0.184556,-0.238657,CHL,CIV,0575
386947,59,44,711,2013.0,0.0,14523.0,1.829509,-0.41787700000000005,CZE,CIV,0575
386948,61,44,711,2013.0,1599.0,0.0,2.1086869999999998,-3.7092,DEU,CIV,0575
386949,71,44,711,2013.0,303610.0,0.0,0.955472,1.80005,ESP,CIV,0575
386950,77,44,711,2013.0,285478.0,0.0,1.5253299999999999,0.026146,FRA,CIV,0575
386951,107,44,711,2013.0,9521.0,0.0,-0.23625100000000002,-0.256067,IRN,CIV,0575
386952,109,44,711,2013.0,0.0,16911.0,0.284089,-0.164097,ISL,CIV,0575
386953,111,44,711,2013.0,249700.0,0.0,1.419383,-0.304402,ITA,CIV,0575
386954,124,44,711,2013.0,156413.0,0.0,0.37392800000000004,1.413136,LBN,CIV,0575
386955,134,44,711,2013.0,28689.0,0.0,-0.474872,0.178118,MAR,CIV,0575
386956,141,44,711,2013.0,0.0,1434.0,-1.046677,-0.980809,MLI,CIV,0575
386957,162,44,711,2013.0,163552.0,0.0,1.012006,1.441545,NLD,CIV,0575
386958,173,44,711,2013.0,55491.0,0.0,-0.640044,0.121772,PER,CIV,0575
386959,206,44,711,2013.0,0.0,3235.0,1.510052,0.7060310000000001,SVK,CIV,0575
386960,224,44,711,2013.0,36166.0,0.0,0.580016,2.394812,TUR,CIV,0575
386961,246,44,711,2013.0,394346.0,0.0,0.11624100000000001,1.574591,ZAF,CIV,0575
386962,18,45,711,2013.0,2509.0,0.0,1.198491,1.117268,BEL,CMR,0575
386963,42,45,711,2013.0,2100.0,0.0,-0.184556,-0.238657,CHL,CMR,0575
386964,43,45,711,2013.0,2681.0,0.0,1.24864,0.667713,CHN,CMR,0575
386965,61,45,711,2013.0,0.0,2890.0,2.1086869999999998,-3.7092,DEU,CMR,0575
386966,68,45,711,2013.0,17341.0,0.0,-0.12015799999999999,1.793363,EGY,CMR,0575
386967,71,45,711,2013.0,8955.0,0.0,0.955472,1.80005,ESP,CMR,0575
386968,77,45,711,2013.0,30166.0,0.0,1.5253299999999999,0.026146,FRA,CMR,0575
386969,111,45,711,2013.0,88281.0,0.0,1.419383,-0.304402,ITA,CMR,0575
386970,173,45,711,2013.0,39904.0,0.0,-0.640044,0.121772,PER,CMR,0575
386971,224,45,711,2013.0,34385.0,0.0,0.580016,2.394812,TUR,CMR,0575
386972,246,45,711,2013.0,173622.0,0.0,0.11624100000000001,1.574591,ZAF,CMR,0575
386973,18,46,711,2013.0,44644.0,0.0,1.198491,1.117268,BEL,COD,0575
386974,68,46,711,2013.0,35544.0,0.0,-0.12015799999999999,1.793363,EGY,COD,0575
386975,104,46,711,2013.0,1791.0,0.0,0.18186,2.647598,IND,COD,0575
386976,111,46,711,2013.0,17834.0,0.0,1.419383,-0.304402,ITA,COD,0575
386977,162,46,711,2013.0,5697.0,0.0,1.012006,1.441545,NLD,COD,0575
386978,246,46,711,2013.0,211189.0,0.0,0.11624100000000001,1.574591,ZAF,COD,0575
386979,42,47,711,2013.0,10679.0,0.0,-0.184556,-0.238657,CHL,COG,0575
386980,71,47,711,2013.0,7568.0,0.0,0.955472,1.80005,ESP,COG,0575
386981,77,47,711,2013.0,38617.0,0.0,1.5253299999999999,0.026146,FRA,COG,0575
386982,111,47,711,2013.0,18355.0,0.0,1.419383,-0.304402,ITA,COG,0575
386983,124,47,711,2013.0,3660.0,0.0,0.37392800000000004,1.413136,LBN,COG,0575
386984,246,47,711,2013.0,44943.0,0.0,0.11624100000000001,1.574591,ZAF,COG,0575
386985,42,51,711,2013.0,11222.0,0.0,-0.184556,-0.238657,CHL,CPV,0575
386986,71,51,711,2013.0,6766.0,0.0,0.955472,1.80005,ESP,CPV,0575
386987,111,51,711,2013.0,12423.0,0.0,1.419383,-0.304402,ITA,CPV,0575
386988,173,51,711,2013.0,18289.0,0.0,-0.640044,0.121772,PER,CPV,0575
386989,179,51,711,2013.0,495998.0,0.0,0.705087,2.2055580000000004,PRT,CPV,0575
386990,246,51,711,2013.0,3231.0,0.0,0.11624100000000001,1.574591,ZAF,CPV,0575
386991,8,54,711,2013.0,54403.0,0.0,0.042829,0.461002,ARG,CUB,0575
386992,39,54,711,2013.0,65565.0,0.0,0.599305,1.193591,CAN,CUB,0575
386993,42,54,711,2013.0,150217.0,0.0,-0.184556,-0.238657,CHL,CUB,0575
386994,71,54,711,2013.0,13820.0,0.0,0.955472,1.80005,ESP,CUB,0575
386995,231,57,711,2013.0,525178.0,0.0,1.612058,-0.8592989999999999,USA,CYM,0575
386996,7,58,711,2013.0,60024.0,0.0,-0.338417,-0.754102,ARE,CYP,0575
386997,15,58,711,2013.0,98832.0,314319.0,1.855434,-1.06494,AUT,CYP,0575
386998,61,58,711,2013.0,144102.0,760779.0,2.1086869999999998,-3.7092,DEU,CYP,0575
386999,68,58,711,2013.0,3264.0,0.0,-0.12015799999999999,1.793363,EGY,CYP,0575
387000,71,58,711,2013.0,10629.0,0.0,0.955472,1.80005,ESP,CYP,0575
387001,81,58,711,2013.0,9621.0,222843.0,1.628465,0.77075,GBR,CYP,0575
387002,90,58,711,2013.0,3935022.0,0.0,0.073442,0.9857899999999999,GRC,CYP,0575
387003,97,58,711,2013.0,37743.0,0.0,0.791401,1.249845,HKG,CYP,0575
387004,107,58,711,2013.0,263673.0,0.0,-0.23625100000000002,-0.256067,IRN,CYP,0575
387005,110,58,711,2013.0,40294.0,0.0,1.0247629999999999,0.8261639999999999,ISR,CYP,0575
387006,111,58,711,2013.0,2315302.0,0.0,1.419383,-0.304402,ITA,CYP,0575
387007,124,58,711,2013.0,2027.0,0.0,0.37392800000000004,1.413136,LBN,CYP,0575
387008,162,58,711,2013.0,1032536.0,0.0,1.012006,1.441545,NLD,CYP,0575
387009,177,58,711,2013.0,0.0,10734.0,1.11341,0.975734,POL,CYP,0575
387010,185,58,711,2013.0,0.0,199304.0,1.05722,1.0968799999999999,ROU,CYP,0575
387011,224,58,711,2013.0,628940.0,3155.0,0.580016,2.394812,TUR,CYP,0575
387012,246,58,711,2013.0,41799.0,0.0,0.11624100000000001,1.574591,ZAF,CYP,0575
387013,7,62,711,2013.0,185081.0,0.0,-0.338417,-0.754102,ARE,DJI,0575
387014,77,62,711,2013.0,17102.0,0.0,1.5253299999999999,0.026146,FRA,DJI,0575
387015,188,62,711,2013.0,367200.0,0.0,-0.14823599999999998,-0.883965,SAU,DJI,0575
387016,7,66,711,2013.0,299676.0,0.0,-0.338417,-0.754102,ARE,DZA,0575
387017,8,66,711,2013.0,280964.0,0.0,0.042829,0.461002,ARG,DZA,0575
387018,42,66,711,2013.0,345490.0,0.0,-0.184556,-0.238657,CHL,DZA,0575
387019,71,66,711,2013.0,6265890.0,0.0,0.955472,1.80005,ESP,DZA,0575
387020,77,66,711,2013.0,67996.0,0.0,1.5253299999999999,0.026146,FRA,DZA,0575
387021,90,66,711,2013.0,3785.0,0.0,0.073442,0.9857899999999999,GRC,DZA,0575
387022,104,66,711,2013.0,144705.0,0.0,0.18186,2.647598,IND,DZA,0575
387023,107,66,711,2013.0,4255708.0,0.0,-0.23625100000000002,-0.256067,IRN,DZA,0575
387024,111,66,711,2013.0,123132.0,0.0,1.419383,-0.304402,ITA,DZA,0575
387025,162,66,711,2013.0,65285.0,0.0,1.012006,1.441545,NLD,DZA,0575
387026,173,66,711,2013.0,260758.0,0.0,-0.640044,0.121772,PER,DZA,0575
387027,223,66,711,2013.0,182786.0,0.0,0.40154,0.902177,TUN,DZA,0575
387028,224,66,711,2013.0,1117055.0,0.0,0.580016,2.394812,TUR,DZA,0575
387029,246,66,711,2013.0,6410127.0,0.0,0.11624100000000001,1.574591,ZAF,DZA,0575
387030,7,73,711,2013.0,21531.0,0.0,-0.338417,-0.754102,ARE,ETH,0575
387031,43,73,711,2013.0,2723.0,0.0,1.24864,0.667713,CHN,ETH,0575
387032,90,73,711,2013.0,41901.0,0.0,0.073442,0.9857899999999999,GRC,ETH,0575
387033,104,73,711,2013.0,22829.0,0.0,0.18186,2.647598,IND,ETH,0575
387034,107,73,711,2013.0,66476.0,0.0,-0.23625100000000002,-0.256067,IRN,ETH,0575
387035,111,73,711,2013.0,8087.0,0.0,1.419383,-0.304402,ITA,ETH,0575
387036,124,73,711,2013.0,17235.0,0.0,0.37392800000000004,1.413136,LBN,ETH,0575
387037,167,73,711,2013.0,52648.0,0.0,-0.698693,-1.030814,OMN,ETH,0575
387038,188,73,711,2013.0,169283.0,0.0,-0.14823599999999998,-0.883965,SAU,ETH,0575
387039,231,73,711,2013.0,8665.0,0.0,1.612058,-0.8592989999999999,USA,ETH,0575
387040,246,73,711,2013.0,12508.0,0.0,0.11624100000000001,1.574591,ZAF,ETH,0575
387041,68,80,711,2013.0,56142.0,0.0,-0.12015799999999999,1.793363,EGY,GAB,0575
387042,71,80,711,2013.0,45887.0,0.0,0.955472,1.80005,ESP,GAB,0575
387043,77,80,711,2013.0,108810.0,0.0,1.5253299999999999,0.026146,FRA,GAB,0575
387044,111,80,711,2013.0,32790.0,0.0,1.419383,-0.304402,ITA,GAB,0575
387045,124,80,711,2013.0,4102.0,0.0,0.37392800000000004,1.413136,LBN,GAB,0575
387046,162,80,711,2013.0,53466.0,0.0,1.012006,1.441545,NLD,GAB,0575
387047,173,80,711,2013.0,45513.0,0.0,-0.640044,0.121772,PER,GAB,0575
387048,224,80,711,2013.0,1333.0,0.0,0.580016,2.394812,TUR,GAB,0575
387049,246,80,711,2013.0,190459.0,0.0,0.11624100000000001,1.574591,ZAF,GAB,0575
387050,7,83,711,2013.0,4978.0,0.0,-0.338417,-0.754102,ARE,GHA,0575
387051,18,83,711,2013.0,6556.0,0.0,1.198491,1.117268,BEL,GHA,0575
387052,42,83,711,2013.0,39492.0,0.0,-0.184556,-0.238657,CHL,GHA,0575
387053,43,83,711,2013.0,6576.0,0.0,1.24864,0.667713,CHN,GHA,0575
387054,68,83,711,2013.0,239506.0,0.0,-0.12015799999999999,1.793363,EGY,GHA,0575
387055,71,83,711,2013.0,32699.0,0.0,0.955472,1.80005,ESP,GHA,0575
387056,77,83,711,2013.0,7543.0,0.0,1.5253299999999999,0.026146,FRA,GHA,0575
387057,81,83,711,2013.0,119166.0,0.0,1.628465,0.77075,GBR,GHA,0575
387058,110,83,711,2013.0,332841.0,0.0,1.0247629999999999,0.8261639999999999,ISR,GHA,0575
387059,111,83,711,2013.0,323186.0,0.0,1.419383,-0.304402,ITA,GHA,0575
387060,131,83,711,2013.0,10660.0,0.0,1.0110190000000001,1.123226,LUX,GHA,0575
387061,162,83,711,2013.0,5171.0,0.0,1.012006,1.441545,NLD,GHA,0575
387062,179,83,711,2013.0,35454.0,0.0,0.705087,2.2055580000000004,PRT,GHA,0575
387063,196,83,711,2013.0,0.0,1332.0,-0.42937700000000006,-0.529857,SLE,GHA,0575
387064,215,83,711,2013.0,0.0,2977.0,-0.532095,-0.434276,TGO,GHA,0575
387065,231,83,711,2013.0,2326.0,0.0,1.612058,-0.8592989999999999,USA,GHA,0575
387066,246,83,711,2013.0,636367.0,0.0,0.11624100000000001,1.574591,ZAF,GHA,0575
387067,71,84,711,2013.0,143624.0,0.0,0.955472,1.80005,ESP,GIB,0575
387068,162,84,711,2013.0,53722.0,0.0,1.012006,1.441545,NLD,GIB,0575
387069,68,85,711,2013.0,1632.0,0.0,-0.12015799999999999,1.793363,EGY,GIN,0575
387070,77,85,711,2013.0,1044.0,0.0,1.5253299999999999,0.026146,FRA,GIN,0575
387071,81,85,711,2013.0,1092.0,0.0,1.628465,0.77075,GBR,GIN,0575
387072,124,85,711,2013.0,1245.0,0.0,0.37392800000000004,1.413136,LBN,GIN,0575
387073,162,85,711,2013.0,1836.0,0.0,1.012006,1.441545,NLD,GIN,0575
387074,246,85,711,2013.0,27787.0,0.0,0.11624100000000001,1.574591,ZAF,GIN,0575
387075,179,88,711,2013.0,3310.0,0.0,0.705087,2.2055580000000004,PRT,GNB,0575
387076,39,99,711,2013.0,0.0,81208.0,0.599305,1.193591,CAN,HND,0575
387077,41,99,711,2013.0,0.0,2177.0,2.0899229999999998,0.661667,CHE,HND,0575
387078,42,99,711,2013.0,2556940.0,0.0,-0.184556,-0.238657,CHL,HND,0575
387079,49,99,711,2013.0,28763.0,0.0,0.034491,-0.36975,COL,HND,0575
387080,52,99,711,2013.0,171708.0,0.0,0.208669,-0.54783,CRI,HND,0575
387081,71,99,711,2013.0,189732.0,0.0,0.955472,1.80005,ESP,HND,0575
387082,93,99,711,2013.0,40846.0,0.0,-0.220165,0.661111,GTM,HND,0575
387083,104,99,711,2013.0,24635.0,0.0,0.18186,2.647598,IND,HND,0575
387084,106,99,711,2013.0,0.0,9332.0,1.32787,0.394579,IRL,HND,0575
387085,138,99,711,2013.0,228472.0,0.0,1.2327219999999999,0.746108,MEX,HND,0575
387086,173,99,711,2013.0,189209.0,0.0,-0.640044,0.121772,PER,HND,0575
387087,197,99,711,2013.0,52286.0,0.0,0.104046,0.46966,SLV,HND,0575
387088,231,99,711,2013.0,5002167.0,0.0,1.612058,-0.8592989999999999,USA,HND,0575
387089,7,108,711,2013.0,343580.0,0.0,-0.338417,-0.754102,ARE,IRQ,0575
387090,39,108,711,2013.0,0.0,11471.0,0.599305,1.193591,CAN,IRQ,0575
387091,42,108,711,2013.0,352791.0,0.0,-0.184556,-0.238657,CHL,IRQ,0575
387092,107,108,711,2013.0,39560716.0,0.0,-0.23625100000000002,-0.256067,IRN,IRQ,0575
387093,113,108,711,2013.0,53522.0,0.0,0.1888,0.596867,JOR,IRQ,0575
387094,122,108,711,2013.0,113335.0,0.0,-1.198985,-1.057248,KWT,IRQ,0575
387095,124,108,711,2013.0,384004.0,0.0,0.37392800000000004,1.413136,LBN,IRQ,0575
387096,162,108,711,2013.0,10703.0,0.0,1.012006,1.441545,NLD,IRQ,0575
387097,183,108,711,2013.0,0.0,1439.0,-0.583609,-1.003754,QAT,IRQ,0575
387098,185,108,711,2013.0,1864.0,0.0,1.05722,1.0968799999999999,ROU,IRQ,0575
387099,224,108,711,2013.0,68430.0,2563.0,0.580016,2.394812,TUR,IRQ,0575
387100,8,109,711,2013.0,8605.0,0.0,0.042829,0.461002,ARG,ISL,0575
387101,18,109,711,2013.0,2470.0,0.0,1.198491,1.117268,BEL,ISL,0575
387102,32,109,711,2013.0,126411.0,0.0,0.2804,0.649729,BRA,ISL,0575
387103,41,109,711,2013.0,9040.0,0.0,2.0899229999999998,0.661667,CHE,ISL,0575
387104,42,109,711,2013.0,307114.0,0.0,-0.184556,-0.238657,CHL,ISL,0575
387105,44,109,711,2013.0,16911.0,0.0,-1.0025870000000001,-0.901658,CIV,ISL,0575
387106,61,109,711,2013.0,410595.0,0.0,2.1086869999999998,-3.7092,DEU,ISL,0575
387107,64,109,711,2013.0,517050.0,0.0,1.190302,1.062991,DNK,ISL,0575
387108,71,109,711,2013.0,79196.0,0.0,0.955472,1.80005,ESP,ISL,0575
387109,81,109,711,2013.0,3784.0,0.0,1.628465,0.77075,GBR,ISL,0575
387110,90,109,711,2013.0,27454.0,0.0,0.073442,0.9857899999999999,GRC,ISL,0575
387111,92,109,711,2013.0,0.0,1653.0,-1.119616,-0.802964,GRL,ISL,0575
387112,104,109,711,2013.0,108634.0,0.0,0.18186,2.647598,IND,ISL,0575
387113,111,109,711,2013.0,17484.0,0.0,1.419383,-0.304402,ITA,ISL,0575
387114,162,109,711,2013.0,2298545.0,0.0,1.012006,1.441545,NLD,ISL,0575
387115,173,109,711,2013.0,4484.0,0.0,-0.640044,0.121772,PER,ISL,0575
387116,208,109,711,2013.0,20230.0,0.0,1.7851290000000002,0.182623,SWE,ISL,0575
387117,224,109,711,2013.0,19263.0,0.0,0.580016,2.394812,TUR,ISL,0575
387118,231,109,711,2013.0,1726608.0,0.0,1.612058,-0.8592989999999999,USA,ISL,0575
387119,246,109,711,2013.0,387271.0,0.0,0.11624100000000001,1.574591,ZAF,ISL,0575
387120,81,120,711,2013.0,113482.0,0.0,1.628465,0.77075,GBR,KNA,0575
387121,231,120,711,2013.0,64497.0,0.0,1.612058,-0.8592989999999999,USA,KNA,0575
387122,61,125,711,2013.0,1848.0,0.0,2.1086869999999998,-3.7092,DEU,LBR,0575
387123,71,125,711,2013.0,226045.0,0.0,0.955472,1.80005,ESP,LBR,0575
387124,77,125,711,2013.0,13946.0,0.0,1.5253299999999999,0.026146,FRA,LBR,0575
387125,162,125,711,2013.0,116405.0,0.0,1.012006,1.441545,NLD,LBR,0575
387126,15,133,711,2013.0,0.0,1588.0,1.855434,-1.06494,AUT,MAC,0575
387127,43,133,711,2013.0,96527.0,0.0,1.24864,0.667713,CHN,MAC,0575
387128,97,133,711,2013.0,646032.0,0.0,0.791401,1.249845,HKG,MAC,0575
387129,249,133,711,2013.0,1143.0,0.0,1.7382849999999999,0.9917739999999999,TWN,MAC,0575
387130,7,134,711,2013.0,49917.0,28449.0,-0.338417,-0.754102,ARE,MAR,0575
387131,15,134,711,2013.0,0.0,24413.0,1.855434,-1.06494,AUT,MAR,0575
387132,41,134,711,2013.0,0.0,51591.0,2.0899229999999998,0.661667,CHE,MAR,0575
387133,42,134,711,2013.0,36000.0,0.0,-0.184556,-0.238657,CHL,MAR,0575
387134,44,134,711,2013.0,0.0,28689.0,-1.0025870000000001,-0.901658,CIV,MAR,0575
387135,59,134,711,2013.0,0.0,45024.0,1.829509,-0.41787700000000005,CZE,MAR,0575
387136,61,134,711,2013.0,0.0,3672982.0,2.1086869999999998,-3.7092,DEU,MAR,0575
387137,68,134,711,2013.0,296369.0,0.0,-0.12015799999999999,1.793363,EGY,MAR,0575
387138,71,134,711,2013.0,808011.0,3081744.0,0.955472,1.80005,ESP,MAR,0575
387139,72,134,711,2013.0,0.0,1502.0,0.923321,1.290016,EST,MAR,0575
387140,74,134,711,2013.0,0.0,3410.0,1.700282,0.867677,FIN,MAR,0575
387141,77,134,711,2013.0,21327.0,6314046.0,1.5253299999999999,0.026146,FRA,MAR,0575
387142,81,134,711,2013.0,0.0,4125934.0,1.628465,0.77075,GBR,MAR,0575
387143,104,134,711,2013.0,748461.0,0.0,0.18186,2.647598,IND,MAR,0575
387144,107,134,711,2013.0,437269.0,0.0,-0.23625100000000002,-0.256067,IRN,MAR,0575
387145,111,134,711,2013.0,214533.0,1357492.0,1.419383,-0.304402,ITA,MAR,0575
387146,115,134,711,2013.0,0.0,2609.0,-0.9193819999999999,-0.734194,KAZ,MAR,0575
387147,122,134,711,2013.0,0.0,15387.0,-1.198985,-1.057248,KWT,MAR,0575
387148,141,134,711,2013.0,0.0,7649.0,-1.046677,-0.980809,MLI,MAR,0575
387149,148,134,711,2013.0,0.0,22200.0,-1.681152,-1.2712350000000001,MRT,MAR,0575
387150,159,134,711,2013.0,25247.0,0.0,-1.679402,-1.14686,NGA,MAR,0575
387151,162,134,711,2013.0,0.0,162172.0,1.012006,1.441545,NLD,MAR,0575
387152,163,134,711,2013.0,0.0,172767.0,0.710901,0.062705,NOR,MAR,0575
387153,173,134,711,2013.0,37714.0,0.0,-0.640044,0.121772,PER,MAR,0575
387154,177,134,711,2013.0,0.0,41830.0,1.11341,0.975734,POL,MAR,0575
387155,179,134,711,2013.0,9324.0,0.0,0.705087,2.2055580000000004,PRT,MAR,0575
387156,186,134,711,2013.0,0.0,134599.0,-0.08233,-0.267781,RUS,MAR,0575
387157,191,134,711,2013.0,0.0,27505.0,-0.566624,-0.185277,SEN,MAR,0575
387158,207,134,711,2013.0,0.0,31366.0,1.55922,0.565874,SVN,MAR,0575
387159,208,134,711,2013.0,0.0,52046.0,1.7851290000000002,0.182623,SWE,MAR,0575
387160,215,134,711,2013.0,0.0,13246.0,-0.532095,-0.434276,TGO,MAR,0575
387161,224,134,711,2013.0,2995.0,0.0,0.580016,2.394812,TUR,MAR,0575
387162,246,134,711,2013.0,77753.0,0.0,0.11624100000000001,1.574591,ZAF,MAR,0575
387163,15,136,711,2013.0,0.0,2922.0,1.855434,-1.06494,AUT,MDG,0575
387164,42,136,711,2013.0,8243.0,0.0,-0.184556,-0.238657,CHL,MDG,0575
387165,43,136,711,2013.0,3147.0,0.0,1.24864,0.667713,CHN,MDG,0575
387166,77,136,711,2013.0,62752.0,0.0,1.5253299999999999,0.026146,FRA,MDG,0575
387167,104,136,711,2013.0,19132.0,0.0,0.18186,2.647598,IND,MDG,0575
387168,110,136,711,2013.0,65962.0,0.0,1.0247629999999999,0.8261639999999999,ISR,MDG,0575
387169,111,136,711,2013.0,15303.0,0.0,1.419383,-0.304402,ITA,MDG,0575
387170,151,136,711,2013.0,2429.0,0.0,-0.092312,0.050927,MUS,MDG,0575
387171,224,136,711,2013.0,8676.0,0.0,0.580016,2.394812,TUR,MDG,0575
387172,246,136,711,2013.0,65927.0,0.0,0.11624100000000001,1.574591,ZAF,MDG,0575
387173,250,136,711,2013.0,18167.0,0.0,0.583151,0.14238299999999998,ANS,MDG,0575
387174,7,142,711,2013.0,4425.0,0.0,-0.338417,-0.754102,ARE,MLT,0575
387175,61,142,711,2013.0,15139.0,0.0,2.1086869999999998,-3.7092,DEU,MLT,0575
387176,71,142,711,2013.0,16047.0,0.0,0.955472,1.80005,ESP,MLT,0575
387177,81,142,711,2013.0,38486.0,0.0,1.628465,0.77075,GBR,MLT,0575
387178,90,142,711,2013.0,71482.0,0.0,0.073442,0.9857899999999999,GRC,MLT,0575
387179,104,142,711,2013.0,22887.0,0.0,0.18186,2.647598,IND,MLT,0575
387180,111,142,711,2013.0,1419616.0,4865.0,1.419383,-0.304402,ITA,MLT,0575
387181,162,142,711,2013.0,1125214.0,0.0,1.012006,1.441545,NLD,MLT,0575
387182,224,142,711,2013.0,91795.0,0.0,0.580016,2.394812,TUR,MLT,0575
387183,246,142,711,2013.0,3053.0,0.0,0.11624100000000001,1.574591,ZAF,MLT,0575
387184,14,143,711,2013.0,24234.0,0.0,-0.63369,-0.276328,AUS,MMR,0575
387185,43,143,711,2013.0,659346.0,559855.0,1.24864,0.667713,CHN,MMR,0575
387186,104,143,711,2013.0,24782.0,0.0,0.18186,2.647598,IND,MMR,0575
387187,153,143,711,2013.0,14349.0,0.0,0.924532,0.671334,MYS,MMR,0575
387188,192,143,711,2013.0,412214.0,0.0,1.844685,0.639379,SGP,MMR,0575
387189,216,143,711,2013.0,46778.0,5848.0,1.067287,1.2767110000000002,THA,MMR,0575
387190,231,143,711,2013.0,58140.0,0.0,1.612058,-0.8592989999999999,USA,MMR,0575
387191,16,145,711,2013.0,3261.0,0.0,-1.319766,-1.200648,AZE,MNG,0575
387192,42,145,711,2013.0,47723.0,0.0,-0.184556,-0.238657,CHL,MNG,0575
387193,43,145,711,2013.0,338464.0,0.0,1.24864,0.667713,CHN,MNG,0575
387194,61,145,711,2013.0,60610.0,0.0,2.1086869999999998,-3.7092,DEU,MNG,0575
387195,71,145,711,2013.0,3253.0,0.0,0.955472,1.80005,ESP,MNG,0575
387196,81,145,711,2013.0,5623.0,0.0,1.628465,0.77075,GBR,MNG,0575
387197,107,145,711,2013.0,36572.0,0.0,-0.23625100000000002,-0.256067,IRN,MNG,0575
387198,111,145,711,2013.0,9666.0,0.0,1.419383,-0.304402,ITA,MNG,0575
387199,117,145,711,2013.0,3899.0,0.0,0.25090500000000004,0.7357279999999999,KGZ,MNG,0575
387200,121,145,711,2013.0,14083.0,0.0,1.817145,0.835414,KOR,MNG,0575
387201,130,145,711,2013.0,5206.0,0.0,0.677986,1.29227,LTU,MNG,0575
387202,135,145,711,2013.0,11206.0,0.0,0.14256,0.33920700000000004,MDA,MNG,0575
387203,153,145,711,2013.0,6775.0,0.0,0.924532,0.671334,MYS,MNG,0575
387204,173,145,711,2013.0,4519.0,0.0,-0.640044,0.121772,PER,MNG,0575
387205,177,145,711,2013.0,71549.0,0.0,1.11341,0.975734,POL,MNG,0575
387206,186,145,711,2013.0,282424.0,0.0,-0.08233,-0.267781,RUS,MNG,0575
387207,224,145,711,2013.0,12849.0,0.0,0.580016,2.394812,TUR,MNG,0575
387208,231,145,711,2013.0,14045.0,0.0,1.612058,-0.8592989999999999,USA,MNG,0575
387209,232,145,711,2013.0,21734.0,0.0,-0.7076319999999999,-0.645674,UZB,MNG,0575
387210,7,151,711,2013.0,5101.0,0.0,-0.338417,-0.754102,ARE,MUS,0575
387211,14,151,711,2013.0,61529.0,0.0,-0.63369,-0.276328,AUS,MUS,0575
387212,42,151,711,2013.0,19927.0,0.0,-0.184556,-0.238657,CHL,MUS,0575
387213,43,151,711,2013.0,3453.0,0.0,1.24864,0.667713,CHN,MUS,0575
387214,68,151,711,2013.0,638473.0,0.0,-0.12015799999999999,1.793363,EGY,MUS,0575
387215,71,151,711,2013.0,68756.0,0.0,0.955472,1.80005,ESP,MUS,0575
387216,77,151,711,2013.0,26794.0,0.0,1.5253299999999999,0.026146,FRA,MUS,0575
387217,90,151,711,2013.0,1249.0,0.0,0.073442,0.9857899999999999,GRC,MUS,0575
387218,104,151,711,2013.0,272630.0,0.0,0.18186,2.647598,IND,MUS,0575
387219,107,151,711,2013.0,30917.0,0.0,-0.23625100000000002,-0.256067,IRN,MUS,0575
387220,111,151,711,2013.0,515677.0,0.0,1.419383,-0.304402,ITA,MUS,0575
387221,136,151,711,2013.0,0.0,2429.0,-0.786091,-0.611478,MDG,MUS,0575
387222,137,151,711,2013.0,0.0,6160.0,-0.510204,-0.740372,MDV,MUS,0575
387223,155,151,711,2013.0,10888.0,0.0,-0.316805,-0.38759099999999996,NAM,MUS,0575
387224,159,151,711,2013.0,0.0,130185.0,-1.679402,-1.14686,NGA,MUS,0575
387225,192,151,711,2013.0,8112.0,0.0,1.844685,0.639379,SGP,MUS,0575
387226,224,151,711,2013.0,19721.0,0.0,0.580016,2.394812,TUR,MUS,0575
387227,226,151,711,2013.0,0.0,3195.0,-0.654655,0.903574,TZA,MUS,0575
387228,231,151,711,2013.0,84738.0,0.0,1.612058,-0.8592989999999999,USA,MUS,0575
387229,246,151,711,2013.0,1335857.0,0.0,0.11624100000000001,1.574591,ZAF,MUS,0575
387230,2,155,711,2013.0,0.0,195365.0,-1.240877,-1.073797,AGO,NAM,0575
387231,7,155,711,2013.0,0.0,1015371.0,-0.338417,-0.754102,ARE,NAM,0575
387232,15,155,711,2013.0,0.0,681932.0,1.855434,-1.06494,AUT,NAM,0575
387233,18,155,711,2013.0,0.0,108751.0,1.198491,1.117268,BEL,NAM,0575
387234,28,155,711,2013.0,0.0,71113.0,1.183522,0.934159,BLR,NAM,0575
387235,39,155,711,2013.0,0.0,6523.0,0.599305,1.193591,CAN,NAM,0575
387236,41,155,711,2013.0,0.0,100963.0,2.0899229999999998,0.661667,CHE,NAM,0575
387237,59,155,711,2013.0,0.0,296015.0,1.829509,-0.41787700000000005,CZE,NAM,0575
387238,61,155,711,2013.0,0.0,8693322.0,2.1086869999999998,-3.7092,DEU,NAM,0575
387239,64,155,711,2013.0,0.0,7522.0,1.190302,1.062991,DNK,NAM,0575
387240,71,155,711,2013.0,0.0,55319.0,0.955472,1.80005,ESP,NAM,0575
387241,74,155,711,2013.0,0.0,265473.0,1.700282,0.867677,FIN,NAM,0575
387242,77,155,711,2013.0,0.0,359793.0,1.5253299999999999,0.026146,FRA,NAM,0575
387243,81,155,711,2013.0,0.0,13311413.0,1.628465,0.77075,GBR,NAM,0575
387244,97,155,711,2013.0,0.0,529313.0,0.791401,1.249845,HKG,NAM,0575
387245,103,155,711,2013.0,0.0,29449.0,-0.006876999999999999,1.8336569999999999,IDN,NAM,0575
387246,106,155,711,2013.0,0.0,1547.0,1.32787,0.394579,IRL,NAM,0575
387247,107,155,711,2013.0,0.0,51584.0,-0.23625100000000002,-0.256067,IRN,NAM,0575
387248,111,155,711,2013.0,0.0,424912.0,1.419383,-0.304402,ITA,NAM,0575
387249,122,155,711,2013.0,0.0,26653.0,-1.198985,-1.057248,KWT,NAM,0575
387250,130,155,711,2013.0,0.0,169096.0,0.677986,1.29227,LTU,NAM,0575
387251,131,155,711,2013.0,0.0,47109.0,1.0110190000000001,1.123226,LUX,NAM,0575
387252,151,155,711,2013.0,0.0,10888.0,-0.092312,0.050927,MUS,NAM,0575
387253,153,155,711,2013.0,0.0,159492.0,0.924532,0.671334,MYS,NAM,0575
387254,159,155,711,2013.0,0.0,4534.0,-1.679402,-1.14686,NGA,NAM,0575
387255,162,155,711,2013.0,0.0,31004652.0,1.012006,1.441545,NLD,NAM,0575
387256,163,155,711,2013.0,0.0,91014.0,0.710901,0.062705,NOR,NAM,0575
387257,177,155,711,2013.0,0.0,942362.0,1.11341,0.975734,POL,NAM,0575
387258,186,155,711,2013.0,0.0,2839740.0,-0.08233,-0.267781,RUS,NAM,0575
387259,188,155,711,2013.0,0.0,512134.0,-0.14823599999999998,-0.883965,SAU,NAM,0575
387260,192,155,711,2013.0,0.0,40984.0,1.844685,0.639379,SGP,NAM,0575
387261,228,155,711,2013.0,0.0,66057.0,0.535571,1.026263,UKR,NAM,0575
387262,246,155,711,2013.0,1523675.0,185961.0,0.11624100000000001,1.574591,ZAF,NAM,0575
387263,7,157,711,2013.0,1005.0,0.0,-0.338417,-0.754102,ARE,NER,0575
387264,43,157,711,2013.0,1496.0,0.0,1.24864,0.667713,CHN,NER,0575
387265,71,157,711,2013.0,4709.0,0.0,0.955472,1.80005,ESP,NER,0575
387266,77,157,711,2013.0,14765.0,38302.0,1.5253299999999999,0.026146,FRA,NER,0575
387267,107,157,711,2013.0,2457.0,0.0,-0.23625100000000002,-0.256067,IRN,NER,0575
387268,111,157,711,2013.0,20139.0,0.0,1.419383,-0.304402,ITA,NER,0575
387269,215,157,711,2013.0,3420.0,0.0,-0.532095,-0.434276,TGO,NER,0575
387270,224,157,711,2013.0,1812.0,0.0,0.580016,2.394812,TUR,NER,0575
387271,246,157,711,2013.0,2918.0,0.0,0.11624100000000001,1.574591,ZAF,NER,0575
387272,250,157,711,2013.0,2166.0,0.0,0.583151,0.14238299999999998,ANS,NER,0575
387273,14,158,711,2013.0,6704.0,0.0,-0.63369,-0.276328,AUS,NFK,0575
387274,8,160,711,2013.0,19589.0,0.0,0.042829,0.461002,ARG,NIC,0575
387275,42,160,711,2013.0,433998.0,0.0,-0.184556,-0.238657,CHL,NIC,0575
387276,52,160,711,2013.0,313633.0,0.0,0.208669,-0.54783,CRI,NIC,0575
387277,93,160,711,2013.0,8292.0,0.0,-0.220165,0.661111,GTM,NIC,0575
387278,138,160,711,2013.0,30187.0,0.0,1.2327219999999999,0.746108,MEX,NIC,0575
387279,173,160,711,2013.0,81668.0,0.0,-0.640044,0.121772,PER,NIC,0575
387280,231,160,711,2013.0,1121752.0,0.0,1.612058,-0.8592989999999999,USA,NIC,0575
387281,43,178,711,2013.0,23918.0,0.0,1.24864,0.667713,CHN,PRK,0575
387282,173,178,711,2013.0,44444.0,0.0,-0.640044,0.121772,PER,PRK,0575
387283,14,195,711,2013.0,22819.0,0.0,-0.63369,-0.276328,AUS,SLB,0575
387284,166,195,711,2013.0,27246.0,0.0,0.192237,0.429825,NZL,SLB,0575
387285,231,195,711,2013.0,1166.0,0.0,1.612058,-0.8592989999999999,USA,SLB,0575
387286,179,203,711,2013.0,31928.0,0.0,0.705087,2.2055580000000004,PRT,STP,0575
387287,173,209,711,2013.0,41040.0,0.0,-0.640044,0.121772,PER,SWZ,0575
387288,177,209,711,2013.0,0.0,5655.0,1.11341,0.975734,POL,SWZ,0575
387289,246,209,711,2013.0,450477.0,0.0,0.11624100000000001,1.574591,ZAF,SWZ,0575
387290,7,211,711,2013.0,3546.0,0.0,-0.338417,-0.754102,ARE,SYC,0575
387291,68,211,711,2013.0,83185.0,0.0,-0.12015799999999999,1.793363,EGY,SYC,0575
387292,77,211,711,2013.0,70817.0,0.0,1.5253299999999999,0.026146,FRA,SYC,0575
387293,104,211,711,2013.0,20551.0,0.0,0.18186,2.647598,IND,SYC,0575
387294,111,211,711,2013.0,84291.0,0.0,1.419383,-0.304402,ITA,SYC,0575
387295,167,211,711,2013.0,1996.0,0.0,-0.698693,-1.030814,OMN,SYC,0575
387296,188,211,711,2013.0,3618.0,0.0,-0.14823599999999998,-0.883965,SAU,SYC,0575
387297,192,211,711,2013.0,1373.0,0.0,1.844685,0.639379,SGP,SYC,0575
387298,231,211,711,2013.0,17356.0,0.0,1.612058,-0.8592989999999999,USA,SYC,0575
387299,246,211,711,2013.0,50579.0,0.0,0.11624100000000001,1.574591,ZAF,SYC,0575
387300,7,212,711,2013.0,192667.0,1228088.0,-0.338417,-0.754102,ARE,SYR,0575
387301,9,212,711,2013.0,0.0,9860.0,-0.159148,-0.515766,ARM,SYR,0575
387302,24,212,711,2013.0,0.0,171800.0,0.080634,-0.6828890000000001,BHR,SYR,0575
387303,61,212,711,2013.0,1192.0,0.0,2.1086869999999998,-3.7092,DEU,SYR,0575
387304,68,212,711,2013.0,0.0,85832.0,-0.12015799999999999,1.793363,EGY,SYR,0575
387305,104,212,711,2013.0,25436.0,0.0,0.18186,2.647598,IND,SYR,0575
387306,107,212,711,2013.0,364006.0,0.0,-0.23625100000000002,-0.256067,IRN,SYR,0575
387307,113,212,711,2013.0,115356.0,2684857.0,0.1888,0.596867,JOR,SYR,0575
387308,122,212,711,2013.0,0.0,1720143.0,-1.198985,-1.057248,KWT,SYR,0575
387309,124,212,711,2013.0,13004.0,2035960.0,0.37392800000000004,1.413136,LBN,SYR,0575
387310,167,212,711,2013.0,0.0,229897.0,-0.698693,-1.030814,OMN,SYR,0575
387311,183,212,711,2013.0,0.0,215920.0,-0.583609,-1.003754,QAT,SYR,0575
387312,188,212,711,2013.0,0.0,1283008.0,-0.14823599999999998,-0.883965,SAU,SYR,0575
387313,190,212,711,2013.0,0.0,84805.0,-1.224897,-1.059517,SDN,SYR,0575
387314,224,212,711,2013.0,19444.0,0.0,0.580016,2.394812,TUR,SYR,0575
387315,228,212,711,2013.0,0.0,124699.0,0.535571,1.026263,UKR,SYR,0575
387316,19,215,711,2013.0,0.0,12223.0,-0.924213,-0.8181390000000001,BEN,TGO,0575
387317,42,215,711,2013.0,9043.0,0.0,-0.184556,-0.238657,CHL,TGO,0575
387318,68,215,711,2013.0,25330.0,0.0,-0.12015799999999999,1.793363,EGY,TGO,0575
387319,71,215,711,2013.0,18047.0,0.0,0.955472,1.80005,ESP,TGO,0575
387320,77,215,711,2013.0,34156.0,0.0,1.5253299999999999,0.026146,FRA,TGO,0575
387321,83,215,711,2013.0,2977.0,0.0,-0.696971,-0.5807939999999999,GHA,TGO,0575
387322,111,215,711,2013.0,189717.0,0.0,1.419383,-0.304402,ITA,TGO,0575
387323,134,215,711,2013.0,13246.0,0.0,-0.474872,0.178118,MAR,TGO,0575
387324,157,215,711,2013.0,0.0,3420.0,-1.0008350000000001,-0.8325670000000001,NER,TGO,0575
387325,246,215,711,2013.0,178278.0,0.0,0.11624100000000001,1.574591,ZAF,TGO,0575
387326,77,218,711,2013.0,0.0,12767.0,1.5253299999999999,0.026146,FRA,TKL,0575
387327,128,218,711,2013.0,0.0,4756.0,-0.320583,0.44462399999999996,LKA,TKL,0575
387328,14,220,711,2013.0,1551.0,0.0,-0.63369,-0.276328,AUS,TLS,0575
387329,43,220,711,2013.0,29435.0,0.0,1.24864,0.667713,CHN,TLS,0575
387330,192,220,711,2013.0,171305.0,0.0,1.844685,0.639379,SGP,TLS,0575
387331,7,223,711,2013.0,90087.0,12265.0,-0.338417,-0.754102,ARE,TUN,0575
387332,42,223,711,2013.0,189633.0,0.0,-0.184556,-0.238657,CHL,TUN,0575
387333,66,223,711,2013.0,0.0,182786.0,-1.53603,-1.104965,DZA,TUN,0575
387334,77,223,711,2013.0,21790.0,104060.0,1.5253299999999999,0.026146,FRA,TUN,0575
387335,81,223,711,2013.0,0.0,115001.0,1.628465,0.77075,GBR,TUN,0575
387336,104,223,711,2013.0,84349.0,0.0,0.18186,2.647598,IND,TUN,0575
387337,107,223,711,2013.0,330990.0,0.0,-0.23625100000000002,-0.256067,IRN,TUN,0575
387338,111,223,711,2013.0,48707.0,133591.0,1.419383,-0.304402,ITA,TUN,0575
387339,122,223,711,2013.0,0.0,12568.0,-1.198985,-1.057248,KWT,TUN,0575
387340,126,223,711,2013.0,0.0,5277159.0,-1.871593,-1.1211790000000001,LBY,TUN,0575
387341,162,223,711,2013.0,0.0,32027.0,1.012006,1.441545,NLD,TUN,0575
387342,163,223,711,2013.0,0.0,1286.0,0.710901,0.062705,NOR,TUN,0575
387343,177,223,711,2013.0,0.0,7402.0,1.11341,0.975734,POL,TUN,0575
387344,183,223,711,2013.0,0.0,6998.0,-0.583609,-1.003754,QAT,TUN,0575
387345,186,223,711,2013.0,0.0,6897.0,-0.08233,-0.267781,RUS,TUN,0575
387346,188,223,711,2013.0,0.0,3957.0,-0.14823599999999998,-0.883965,SAU,TUN,0575
387347,191,223,711,2013.0,0.0,5208.0,-0.566624,-0.185277,SEN,TUN,0575
387348,224,223,711,2013.0,24848.0,0.0,0.580016,2.394812,TUR,TUN,0575
387349,231,223,711,2013.0,2104.0,0.0,1.612058,-0.8592989999999999,USA,TUN,0575
387350,246,223,711,2013.0,243967.0,0.0,0.11624100000000001,1.574591,ZAF,TUN,0575
387351,250,223,711,2013.0,0.0,206223.0,0.583151,0.14238299999999998,ANS,TUN,0575
387352,7,226,711,2013.0,53144.0,0.0,-0.338417,-0.754102,ARE,TZA,0575
387353,43,226,711,2013.0,26542.0,0.0,1.24864,0.667713,CHN,TZA,0575
387354,81,226,711,2013.0,3701.0,0.0,1.628465,0.77075,GBR,TZA,0575
387355,104,226,711,2013.0,4870.0,0.0,0.18186,2.647598,IND,TZA,0575
387356,110,226,711,2013.0,29727.0,0.0,1.0247629999999999,0.8261639999999999,ISR,TZA,0575
387357,151,226,711,2013.0,3195.0,0.0,-0.092312,0.050927,MUS,TZA,0575
387358,187,226,711,2013.0,0.0,2428.0,-0.535446,-0.662881,RWA,TZA,0575
387359,246,226,711,2013.0,166554.0,0.0,0.11624100000000001,1.574591,ZAF,TZA,0575
387360,7,227,711,2013.0,4544.0,0.0,-0.338417,-0.754102,ARE,UGA,0575
387361,43,227,711,2013.0,6136.0,0.0,1.24864,0.667713,CHN,UGA,0575
387362,68,227,711,2013.0,122038.0,0.0,-0.12015799999999999,1.793363,EGY,UGA,0575
387363,116,227,711,2013.0,6115.0,0.0,-0.303119,0.626786,KEN,UGA,0575
387364,162,227,711,2013.0,1706.0,0.0,1.012006,1.441545,NLD,UGA,0575
387365,187,227,711,2013.0,0.0,1223.0,-0.535446,-0.662881,RWA,UGA,0575
387366,246,227,711,2013.0,33985.0,0.0,0.11624100000000001,1.574591,ZAF,UGA,0575
387367,231,237,711,2013.0,406530.0,0.0,1.612058,-0.8592989999999999,USA,VGB,0575
387368,7,247,711,2013.0,0.0,23066.0,-0.338417,-0.754102,ARE,ZMB,0575
387369,68,247,711,2013.0,14317.0,0.0,-0.12015799999999999,1.793363,EGY,ZMB,0575
387370,71,247,711,2013.0,12451.0,0.0,0.955472,1.80005,ESP,ZMB,0575
387371,81,247,711,2013.0,0.0,105117.0,1.628465,0.77075,GBR,ZMB,0575
387372,110,247,711,2013.0,1298.0,0.0,1.0247629999999999,0.8261639999999999,ISR,ZMB,0575
387373,162,247,711,2013.0,2933.0,0.0,1.012006,1.441545,NLD,ZMB,0575
387374,246,247,711,2013.0,697553.0,0.0,0.11624100000000001,1.574591,ZAF,ZMB,0575
387375,39,13,711,2013.0,29046.0,0.0,0.599305,1.193591,CAN,ATG,0575
387376,42,13,711,2013.0,79683.0,0.0,-0.184556,-0.238657,CHL,ATG,0575
387377,61,13,711,2013.0,0.0,9506.0,2.1086869999999998,-3.7092,DEU,ATG,0575
387378,81,13,711,2013.0,83270.0,0.0,1.628465,0.77075,GBR,ATG,0575
387379,138,13,711,2013.0,18273.0,0.0,1.2327219999999999,0.746108,MEX,ATG,0575
387380,173,13,711,2013.0,1441.0,0.0,-0.640044,0.121772,PER,ATG,0575
387381,231,13,711,2013.0,303508.0,0.0,1.612058,-0.8592989999999999,USA,ATG,0575
387382,33,127,711,2013.0,2621.0,0.0,0.607845,0.09196,BRB,LCA,0575
387383,39,127,711,2013.0,18483.0,0.0,0.599305,1.193591,CAN,LCA,0575
387384,81,127,711,2013.0,28138.0,0.0,1.628465,0.77075,GBR,LCA,0575
387385,222,127,711,2013.0,4531.0,0.0,-0.399437,-1.047864,TTO,LCA,0575
387386,231,127,711,2013.0,287971.0,0.0,1.612058,-0.8592989999999999,USA,LCA,0575
387387,39,149,711,2013.0,2678.0,0.0,0.599305,1.193591,CAN,MSR,0575
387388,231,149,711,2013.0,18687.0,0.0,1.612058,-0.8592989999999999,USA,MSR,0575
387389,231,175,711,2013.0,49841.0,0.0,1.612058,-0.8592989999999999,USA,PLW,0575
387390,18,2,711,2013.0,6829.0,0.0,1.198491,1.117268,BEL,AGO,0575
387391,68,2,711,2013.0,38696.0,0.0,-0.12015799999999999,1.793363,EGY,AGO,0575
387392,71,2,711,2013.0,326530.0,0.0,0.955472,1.80005,ESP,AGO,0575
387393,77,2,711,2013.0,2885.0,0.0,1.5253299999999999,0.026146,FRA,AGO,0575
387394,110,2,711,2013.0,253698.0,0.0,1.0247629999999999,0.8261639999999999,ISR,AGO,0575
387395,111,2,711,2013.0,56672.0,0.0,1.419383,-0.304402,ITA,AGO,0575
387396,155,2,711,2013.0,195365.0,0.0,-0.316805,-0.38759099999999996,NAM,AGO,0575
387397,162,2,711,2013.0,13280.0,0.0,1.012006,1.441545,NLD,AGO,0575
387398,179,2,711,2013.0,1510288.0,0.0,0.705087,2.2055580000000004,PRT,AGO,0575
387399,231,2,711,2013.0,7911.0,0.0,1.612058,-0.8592989999999999,USA,AGO,0575
387400,246,2,711,2013.0,1534067.0,0.0,0.11624100000000001,1.574591,ZAF,AGO,0575
387401,18,89,711,2013.0,201500.0,0.0,1.198491,1.117268,BEL,GNQ,0575
387402,32,89,711,2013.0,14633.0,0.0,0.2804,0.649729,BRA,GNQ,0575
387403,71,89,711,2013.0,52455.0,0.0,0.955472,1.80005,ESP,GNQ,0575
387404,77,89,711,2013.0,29620.0,0.0,1.5253299999999999,0.026146,FRA,GNQ,0575
387405,162,89,711,2013.0,38516.0,0.0,1.012006,1.441545,NLD,GNQ,0575
387406,179,89,711,2013.0,2446.0,0.0,0.705087,2.2055580000000004,PRT,GNQ,0575
387407,246,89,711,2013.0,48829.0,0.0,0.11624100000000001,1.574591,ZAF,GNQ,0575
387408,7,126,711,2013.0,704035.0,0.0,-0.338417,-0.754102,ARE,LBY,0575
387409,8,126,711,2013.0,68221.0,0.0,0.042829,0.461002,ARG,LBY,0575
387410,42,126,711,2013.0,177899.0,0.0,-0.184556,-0.238657,CHL,LBY,0575
387411,68,126,711,2013.0,2988296.0,62958.0,-0.12015799999999999,1.793363,EGY,LBY,0575
387412,77,126,711,2013.0,31457.0,0.0,1.5253299999999999,0.026146,FRA,LBY,0575
387413,104,126,711,2013.0,130368.0,0.0,0.18186,2.647598,IND,LBY,0575
387414,107,126,711,2013.0,1101586.0,0.0,-0.23625100000000002,-0.256067,IRN,LBY,0575
387415,111,126,711,2013.0,4611952.0,0.0,1.419383,-0.304402,ITA,LBY,0575
387416,135,126,711,2013.0,56817.0,0.0,0.14256,0.33920700000000004,MDA,LBY,0575
387417,162,126,711,2013.0,170959.0,0.0,1.012006,1.441545,NLD,LBY,0575
387418,173,126,711,2013.0,40601.0,0.0,-0.640044,0.121772,PER,LBY,0575
387419,223,126,711,2013.0,5277159.0,0.0,0.40154,0.902177,TUN,LBY,0575
387420,246,126,711,2013.0,21127.0,0.0,0.11624100000000001,1.574591,ZAF,LBY,0575
387421,44,141,711,2013.0,1434.0,0.0,-1.0025870000000001,-0.901658,CIV,MLI,0575
387422,61,141,711,2013.0,1609.0,0.0,2.1086869999999998,-3.7092,DEU,MLI,0575
387423,68,141,711,2013.0,12230.0,0.0,-0.12015799999999999,1.793363,EGY,MLI,0575
387424,134,141,711,2013.0,7649.0,0.0,-0.474872,0.178118,MAR,MLI,0575
387425,162,141,711,2013.0,3116.0,0.0,1.012006,1.441545,NLD,MLI,0575
387426,246,141,711,2013.0,7877.0,0.0,0.11624100000000001,1.574591,ZAF,MLI,0575
387427,4,144,711,2013.0,16133.0,0.0,-0.44779300000000005,-0.13181700000000002,ALB,MNE,0575
387428,26,144,711,2013.0,26725.0,19947.0,0.723658,0.9271879999999999,BIH,MNE,0575
387429,42,144,711,2013.0,28406.0,0.0,-0.184556,-0.238657,CHL,MNE,0575
387430,61,144,711,2013.0,1703.0,0.0,2.1086869999999998,-3.7092,DEU,MNE,0575
387431,90,144,711,2013.0,4812.0,0.0,0.073442,0.9857899999999999,GRC,MNE,0575
387432,100,144,711,2013.0,0.0,377669.0,0.8737309999999999,1.276091,HRV,MNE,0575
387433,102,144,711,2013.0,58673.0,0.0,1.6962560000000002,0.45460600000000007,HUN,MNE,0575
387434,104,144,711,2013.0,2056.0,0.0,0.18186,2.647598,IND,MNE,0575
387435,107,144,711,2013.0,276599.0,0.0,-0.23625100000000002,-0.256067,IRN,MNE,0575
387436,111,144,711,2013.0,107589.0,0.0,1.419383,-0.304402,ITA,MNE,0575
387437,140,144,711,2013.0,1535197.0,0.0,-0.127775,0.21915900000000002,MKD,MNE,0575
387438,201,144,711,2013.0,329298.0,266363.0,0.609755,1.355304,SRB,MNE,0575
387439,207,144,711,2013.0,22289.0,0.0,1.55922,0.565874,SVN,MNE,0575
387440,224,144,711,2013.0,19911.0,0.0,0.580016,2.394812,TUR,MNE,0575
387441,250,144,711,2013.0,2047.0,11702.0,0.583151,0.14238299999999998,ANS,MNE,0575
387442,206,213,711,2013.0,0.0,28445.0,1.510052,0.7060310000000001,SVK,TCA,0575
387443,231,213,711,2013.0,189461.0,0.0,1.612058,-0.8592989999999999,USA,TCA,0575
387444,7,217,711,2013.0,0.0,2632.0,-0.338417,-0.754102,ARE,TJK,0575
387445,15,217,711,2013.0,0.0,40904.0,1.855434,-1.06494,AUT,TJK,0575
387446,28,217,711,2013.0,0.0,4908.0,1.183522,0.934159,BLR,TJK,0575
387447,107,217,711,2013.0,32632.0,0.0,-0.23625100000000002,-0.256067,IRN,TJK,0575
387448,115,217,711,2013.0,0.0,1037751.0,-0.9193819999999999,-0.734194,KAZ,TJK,0575
387449,117,217,711,2013.0,0.0,4921.0,0.25090500000000004,0.7357279999999999,KGZ,TJK,0575
387450,186,217,711,2013.0,7533.0,192487.0,-0.08233,-0.267781,RUS,TJK,0575
387451,228,217,711,2013.0,0.0,8139.0,0.535571,1.026263,UKR,TJK,0575
387452,39,0,711,2013.0,2851.0,0.0,0.599305,1.193591,CAN,ABW,0575
387453,162,0,711,2013.0,45632.0,0.0,1.012006,1.441545,NLD,ABW,0575
387454,231,0,711,2013.0,307741.0,0.0,1.612058,-0.8592989999999999,USA,ABW,0575
387455,250,0,711,2013.0,8476.0,0.0,0.583151,0.14238299999999998,ANS,ABW,0575
387456,7,1,711,2013.0,103002.0,526818.0,-0.338417,-0.754102,ARE,AFG,0575
387457,14,1,711,2013.0,0.0,320878.0,-0.63369,-0.276328,AUS,AFG,0575
387458,18,1,711,2013.0,0.0,29782.0,1.198491,1.117268,BEL,AFG,0575
387459,22,1,711,2013.0,0.0,116063.0,-0.835666,-0.8088810000000001,BGD,AFG,0575
387460,28,1,711,2013.0,0.0,1036693.0,1.183522,0.934159,BLR,AFG,0575
387461,32,1,711,2013.0,0.0,26563.0,0.2804,0.649729,BRA,AFG,0575
387462,39,1,711,2013.0,0.0,146038.0,0.599305,1.193591,CAN,AFG,0575
387463,41,1,711,2013.0,0.0,4367.0,2.0899229999999998,0.661667,CHE,AFG,0575
387464,42,1,711,2013.0,0.0,101810.0,-0.184556,-0.238657,CHL,AFG,0575
387465,61,1,711,2013.0,0.0,721374.0,2.1086869999999998,-3.7092,DEU,AFG,0575
387466,64,1,711,2013.0,0.0,57135.0,1.190302,1.062991,DNK,AFG,0575
387467,77,1,711,2013.0,0.0,74412.0,1.5253299999999999,0.026146,FRA,AFG,0575
387468,81,1,711,2013.0,2149.0,1295240.0,1.628465,0.77075,GBR,AFG,0575
387469,104,1,711,2013.0,0.0,24335090.0,0.18186,2.647598,IND,AFG,0575
387470,107,1,711,2013.0,5343796.0,0.0,-0.23625100000000002,-0.256067,IRN,AFG,0575
387471,115,1,711,2013.0,0.0,456244.0,-0.9193819999999999,-0.734194,KAZ,AFG,0575
387472,117,1,711,2013.0,0.0,28267.0,0.25090500000000004,0.7357279999999999,KGZ,AFG,0575
387473,122,1,711,2013.0,0.0,6549.0,-1.198985,-1.057248,KWT,AFG,0575
387474,124,1,711,2013.0,0.0,43667.0,0.37392800000000004,1.413136,LBN,AFG,0575
387475,132,1,711,2013.0,0.0,22342.0,0.652463,1.299917,LVA,AFG,0575
387476,162,1,711,2013.0,15286.0,666007.0,1.012006,1.441545,NLD,AFG,0575
387477,163,1,711,2013.0,0.0,11639.0,0.710901,0.062705,NOR,AFG,0575
387478,166,1,711,2013.0,0.0,133168.0,0.192237,0.429825,NZL,AFG,0575
387479,168,1,711,2013.0,2061.0,16326725.0,-0.697224,0.501576,PAK,AFG,0575
387480,177,1,711,2013.0,0.0,31398.0,1.11341,0.975734,POL,AFG,0575
387481,183,1,711,2013.0,0.0,16631.0,-0.583609,-1.003754,QAT,AFG,0575
387482,186,1,711,2013.0,0.0,10608162.0,-0.08233,-0.267781,RUS,AFG,0575
387483,188,1,711,2013.0,0.0,85969.0,-0.14823599999999998,-0.883965,SAU,AFG,0575
387484,228,1,711,2013.0,0.0,684237.0,0.535571,1.026263,UKR,AFG,0575
387485,231,1,711,2013.0,0.0,745483.0,1.612058,-0.8592989999999999,USA,AFG,0575
387486,231,3,711,2013.0,6178.0,0.0,1.612058,-0.8592989999999999,USA,AIA,0575
387487,18,17,711,2013.0,1141.0,0.0,1.198491,1.117268,BEL,BDI,0575
387488,61,38,711,2013.0,0.0,8861.0,2.1086869999999998,-3.7092,DEU,CAF,0575
387489,77,38,711,2013.0,0.0,2361.0,1.5253299999999999,0.026146,FRA,CAF,0575
387490,77,50,711,2013.0,4442.0,0.0,1.5253299999999999,0.026146,FRA,COM,0575
387491,39,63,711,2013.0,3653.0,0.0,0.599305,1.193591,CAN,DMA,0575
387492,81,63,711,2013.0,125349.0,0.0,1.628465,0.77075,GBR,DMA,0575
387493,231,63,711,2013.0,7998.0,0.0,1.612058,-0.8592989999999999,USA,DMA,0575
387494,7,69,711,2013.0,7232.0,0.0,-0.338417,-0.754102,ARE,ERI,0575
387495,14,75,711,2013.0,337552.0,0.0,-0.63369,-0.276328,AUS,FJI,0575
387496,104,75,711,2013.0,20601.0,0.0,0.18186,2.647598,IND,FJI,0575
387497,166,75,711,2013.0,299349.0,0.0,0.192237,0.429825,NZL,FJI,0575
387498,192,75,711,2013.0,55654.0,0.0,1.844685,0.639379,SGP,FJI,0575
387499,231,75,711,2013.0,187778.0,0.0,1.612058,-0.8592989999999999,USA,FJI,0575
387500,242,75,711,2013.0,0.0,3395.0,0.877785,0.277918,WSM,FJI,0575
387501,64,78,711,2013.0,632692.0,0.0,1.190302,1.062991,DNK,FRO,0575
387502,95,79,711,2013.0,1081.0,0.0,0.425936,-0.069886,GUM,FSM,0575
387503,231,79,711,2013.0,15387.0,0.0,1.612058,-0.8592989999999999,USA,FSM,0575
387504,71,87,711,2013.0,5212.0,0.0,0.955472,1.80005,ESP,GMB,0575
387505,77,87,711,2013.0,5849.0,0.0,1.5253299999999999,0.026146,FRA,GMB,0575
387506,162,87,711,2013.0,11331.0,0.0,1.012006,1.441545,NLD,GMB,0575
387507,246,87,711,2013.0,15519.0,0.0,0.11624100000000001,1.574591,ZAF,GMB,0575
387508,65,101,711,2013.0,6081.0,0.0,-0.272579,0.42750699999999997,DOM,HTI,0575
387509,162,101,711,2013.0,5610.0,0.0,1.012006,1.441545,NLD,HTI,0575
387510,231,101,711,2013.0,442769.0,0.0,1.612058,-0.8592989999999999,USA,HTI,0575
387511,43,123,711,2013.0,74247.0,1547728.0,1.24864,0.667713,CHN,LAO,0575
387512,216,123,711,2013.0,13464.0,0.0,1.067287,1.2767110000000002,THA,LAO,0575
387513,239,123,711,2013.0,6334.0,0.0,0.009264,1.182368,VNM,LAO,0575
387514,246,129,711,2013.0,285095.0,0.0,0.11624100000000001,1.574591,ZAF,LSO,0575
387515,7,137,711,2013.0,261097.0,0.0,-0.338417,-0.754102,ARE,MDV,0575
387516,14,137,711,2013.0,17894.0,0.0,-0.63369,-0.276328,AUS,MDV,0575
387517,61,137,711,2013.0,17981.0,0.0,2.1086869999999998,-3.7092,DEU,MDV,0575
387518,68,137,711,2013.0,38442.0,0.0,-0.12015799999999999,1.793363,EGY,MDV,0575
387519,77,137,711,2013.0,4747.0,0.0,1.5253299999999999,0.026146,FRA,MDV,0575
387520,104,137,711,2013.0,36495.0,0.0,0.18186,2.647598,IND,MDV,0575
387521,128,137,711,2013.0,60912.0,0.0,-0.320583,0.44462399999999996,LKA,MDV,0575
387522,151,137,711,2013.0,6160.0,0.0,-0.092312,0.050927,MUS,MDV,0575
387523,153,137,711,2013.0,5714.0,0.0,0.924532,0.671334,MYS,MDV,0575
387524,162,137,711,2013.0,3542.0,0.0,1.012006,1.441545,NLD,MDV,0575
387525,192,137,711,2013.0,40321.0,0.0,1.844685,0.639379,SGP,MDV,0575
387526,216,137,711,2013.0,42091.0,0.0,1.067287,1.2767110000000002,THA,MDV,0575
387527,231,137,711,2013.0,181027.0,0.0,1.612058,-0.8592989999999999,USA,MDV,0575
387528,246,137,711,2013.0,64791.0,0.0,0.11624100000000001,1.574591,ZAF,MDV,0575
387529,231,152,711,2013.0,74902.0,0.0,1.612058,-0.8592989999999999,USA,MWI,0575
387530,246,152,711,2013.0,108070.0,0.0,0.11624100000000001,1.574591,ZAF,MWI,0575
387531,8,156,711,2013.0,1145.0,0.0,0.042829,0.461002,ARG,NCL,0575
387532,14,156,711,2013.0,540403.0,0.0,-0.63369,-0.276328,AUS,NCL,0575
387533,42,156,711,2013.0,34010.0,0.0,-0.184556,-0.238657,CHL,NCL,0575
387534,77,156,711,2013.0,393306.0,0.0,1.5253299999999999,0.026146,FRA,NCL,0575
387535,90,156,711,2013.0,3126.0,0.0,0.073442,0.9857899999999999,GRC,NCL,0575
387536,111,156,711,2013.0,239808.0,0.0,1.419383,-0.304402,ITA,NCL,0575
387537,166,156,711,2013.0,77199.0,0.0,0.192237,0.429825,NZL,NCL,0575
387538,173,156,711,2013.0,31770.0,0.0,-0.640044,0.121772,PER,NCL,0575
387539,224,156,711,2013.0,43057.0,0.0,0.580016,2.394812,TUR,NCL,0575
387540,231,156,711,2013.0,187678.0,0.0,1.612058,-0.8592989999999999,USA,NCL,0575
387541,246,156,711,2013.0,6996.0,0.0,0.11624100000000001,1.574591,ZAF,NCL,0575
387542,14,176,711,2013.0,665636.0,0.0,-0.63369,-0.276328,AUS,PNG,0575
387543,166,176,711,2013.0,48895.0,0.0,0.192237,0.429825,NZL,PNG,0575
387544,14,182,711,2013.0,209911.0,0.0,-0.63369,-0.276328,AUS,PYF,0575
387545,42,182,711,2013.0,96835.0,0.0,-0.184556,-0.238657,CHL,PYF,0575
387546,77,182,711,2013.0,2465.0,0.0,1.5253299999999999,0.026146,FRA,PYF,0575
387547,90,182,711,2013.0,1079.0,0.0,0.073442,0.9857899999999999,GRC,PYF,0575
387548,166,182,711,2013.0,100110.0,0.0,0.192237,0.429825,NZL,PYF,0575
387549,224,182,711,2013.0,10476.0,0.0,0.580016,2.394812,TUR,PYF,0575
387550,231,182,711,2013.0,258527.0,0.0,1.612058,-0.8592989999999999,USA,PYF,0575
387551,246,182,711,2013.0,3929.0,0.0,0.11624100000000001,1.574591,ZAF,PYF,0575
387552,18,187,711,2013.0,2222.0,0.0,1.198491,1.117268,BEL,RWA,0575
387553,68,187,711,2013.0,1402.0,0.0,-0.12015799999999999,1.793363,EGY,RWA,0575
387554,226,187,711,2013.0,2428.0,0.0,-0.654655,0.903574,TZA,RWA,0575
387555,227,187,711,2013.0,1223.0,0.0,-0.46170100000000003,0.652878,UGA,RWA,0575
387556,246,187,711,2013.0,1896.0,0.0,0.11624100000000001,1.574591,ZAF,RWA,0575
387557,71,196,711,2013.0,2010.0,0.0,0.955472,1.80005,ESP,SLE,0575
387558,77,196,711,2013.0,2352.0,0.0,1.5253299999999999,0.026146,FRA,SLE,0575
387559,83,196,711,2013.0,1332.0,0.0,-0.696971,-0.5807939999999999,GHA,SLE,0575
387560,162,196,711,2013.0,14866.0,0.0,1.012006,1.441545,NLD,SLE,0575
387561,7,199,711,2013.0,58863.0,0.0,-0.338417,-0.754102,ARE,SOM,0575
387562,188,199,711,2013.0,1849069.0,0.0,-0.14823599999999998,-0.883965,SAU,SOM,0575
387563,162,214,711,2013.0,4188.0,0.0,1.012006,1.441545,NLD,TCD,0575
387564,190,214,711,2013.0,0.0,1719.0,-1.224897,-1.059517,SDN,TCD,0575
387565,7,219,711,2013.0,1517.0,0.0,-0.338417,-0.754102,ARE,TKM,0575
387566,16,219,711,2013.0,0.0,6601.0,-1.319766,-1.200648,AZE,TKM,0575
387567,107,219,711,2013.0,1094447.0,0.0,-0.23625100000000002,-0.256067,IRN,TKM,0575
387568,115,219,711,2013.0,0.0,822180.0,-0.9193819999999999,-0.734194,KAZ,TKM,0575
387569,162,219,711,2013.0,22075.0,0.0,1.012006,1.441545,NLD,TKM,0575
387570,224,219,711,2013.0,8223.0,0.0,0.580016,2.394812,TUR,TKM,0575
387571,7,232,711,2013.0,0.0,429521.0,-0.338417,-0.754102,ARE,UZB,0575
387572,9,232,711,2013.0,0.0,13402.0,-0.159148,-0.515766,ARM,UZB,0575
387573,15,232,711,2013.0,0.0,333277.0,1.855434,-1.06494,AUT,UZB,0575
387574,16,232,711,2013.0,0.0,405671.0,-1.319766,-1.200648,AZE,UZB,0575
387575,28,232,711,2013.0,0.0,1171783.0,1.183522,0.934159,BLR,UZB,0575
387576,32,232,711,2013.0,0.0,102422.0,0.2804,0.649729,BRA,UZB,0575
387577,39,232,711,2013.0,0.0,50249.0,0.599305,1.193591,CAN,UZB,0575
387578,43,232,711,2013.0,0.0,5277908.0,1.24864,0.667713,CHN,UZB,0575
387579,49,232,711,2013.0,0.0,156996.0,0.034491,-0.36975,COL,UZB,0575
387580,59,232,711,2013.0,0.0,58762.0,1.829509,-0.41787700000000005,CZE,UZB,0575
387581,61,232,711,2013.0,122667.0,238880.0,2.1086869999999998,-3.7092,DEU,UZB,0575
387582,71,232,711,2013.0,0.0,29129.0,0.955472,1.80005,ESP,UZB,0575
387583,72,232,711,2013.0,0.0,396662.0,0.923321,1.290016,EST,UZB,0575
387584,77,232,711,2013.0,0.0,7289.0,1.5253299999999999,0.026146,FRA,UZB,0575
387585,82,232,711,2013.0,0.0,47360.0,-0.08343099999999999,-0.359692,GEO,UZB,0575
387586,110,232,711,2013.0,0.0,22630.0,1.0247629999999999,0.8261639999999999,ISR,UZB,0575
387587,111,232,711,2013.0,0.0,28296.0,1.419383,-0.304402,ITA,UZB,0575
387588,115,232,711,2013.0,0.0,28331942.0,-0.9193819999999999,-0.734194,KAZ,UZB,0575
387589,117,232,711,2013.0,0.0,1206934.0,0.25090500000000004,0.7357279999999999,KGZ,UZB,0575
387590,130,232,711,2013.0,0.0,147062.0,0.677986,1.29227,LTU,UZB,0575
387591,132,232,711,2013.0,0.0,4771870.0,0.652463,1.299917,LVA,UZB,0575
387592,135,232,711,2013.0,0.0,196695.0,0.14256,0.33920700000000004,MDA,UZB,0575
387593,138,232,711,2013.0,0.0,7574.0,1.2327219999999999,0.746108,MEX,UZB,0575
387594,145,232,711,2013.0,0.0,21734.0,-1.264785,-1.133222,MNG,UZB,0575
387595,162,232,711,2013.0,0.0,342154.0,1.012006,1.441545,NLD,UZB,0575
387596,177,232,711,2013.0,0.0,660504.0,1.11341,0.975734,POL,UZB,0575
387597,179,232,711,2013.0,0.0,61759.0,0.705087,2.2055580000000004,PRT,UZB,0575
387598,183,232,711,2013.0,0.0,3363.0,-0.583609,-1.003754,QAT,UZB,0575
387599,186,232,711,2013.0,24746.0,1161853.0,-0.08233,-0.267781,RUS,UZB,0575
387600,206,232,711,2013.0,0.0,142230.0,1.510052,0.7060310000000001,SVK,UZB,0575
387601,207,232,711,2013.0,0.0,3672.0,1.55922,0.565874,SVN,UZB,0575
387602,224,232,711,2013.0,0.0,581599.0,0.580016,2.394812,TUR,UZB,0575
387603,228,232,711,2013.0,0.0,2817963.0,0.535571,1.026263,UKR,UZB,0575
387604,231,232,711,2013.0,0.0,929626.0,1.612058,-0.8592989999999999,USA,UZB,0575
387605,14,240,711,2013.0,16104.0,0.0,-0.63369,-0.276328,AUS,VUT,0575
387606,77,240,711,2013.0,3232.0,0.0,1.5253299999999999,0.026146,FRA,VUT,0575
387607,166,240,711,2013.0,46785.0,0.0,0.192237,0.429825,NZL,VUT,0575
387608,39,91,711,2013.0,16656.0,0.0,0.599305,1.193591,CAN,GRD,0575
387609,222,91,711,2013.0,7342.0,0.0,-0.399437,-1.047864,TTO,GRD,0575
387610,32,92,711,2013.0,7919.0,0.0,0.2804,0.649729,BRA,GRL,0575
387611,42,92,711,2013.0,57486.0,0.0,-0.184556,-0.238657,CHL,GRL,0575
387612,64,92,711,2013.0,998448.0,0.0,1.190302,1.062991,DNK,GRL,0575
387613,71,92,711,2013.0,6965.0,0.0,0.955472,1.80005,ESP,GRL,0575
387614,104,92,711,2013.0,18658.0,0.0,0.18186,2.647598,IND,GRL,0575
387615,109,92,711,2013.0,1653.0,0.0,0.284089,-0.164097,ISL,GRL,0575
387616,111,92,711,2013.0,2011.0,0.0,1.419383,-0.304402,ITA,GRL,0575
387617,231,92,711,2013.0,141883.0,0.0,1.612058,-0.8592989999999999,USA,GRL,0575
387618,246,92,711,2013.0,26373.0,0.0,0.11624100000000001,1.574591,ZAF,GRL,0575
387619,75,242,711,2013.0,3395.0,0.0,-0.374639,-0.140308,FJI,WSM,0575
387620,166,242,711,2013.0,46466.0,0.0,0.192237,0.429825,NZL,WSM,0575
387621,231,242,711,2013.0,2357.0,0.0,1.612058,-0.8592989999999999,USA,WSM,0575
387622,77,10,711,2013.0,0.0,1904.0,1.5253299999999999,0.026146,FRA,ASM,0575
387623,103,10,711,2013.0,0.0,48876.0,-0.006876999999999999,1.8336569999999999,IDN,ASM,0575
387624,166,10,711,2013.0,6362.0,0.0,0.192237,0.429825,NZL,ASM,0575
387625,39,48,711,2013.0,0.0,2906.0,0.599305,1.193591,CAN,COK,0575
387626,166,48,711,2013.0,54510.0,0.0,0.192237,0.429825,NZL,COK,0575
387627,192,56,711,2013.0,4328.0,0.0,1.844685,0.639379,SGP,CXR,0575
387628,79,95,711,2013.0,0.0,1081.0,-0.592069,-0.796275,FSM,GUM,0575
387629,121,95,711,2013.0,7377.0,0.0,1.817145,0.835414,KOR,GUM,0575
387630,166,161,711,2013.0,9913.0,0.0,0.192237,0.429825,NZL,NIU,0575
387631,14,165,711,2013.0,6072.0,0.0,-0.63369,-0.276328,AUS,NRU,0575
387632,166,165,711,2013.0,1242.0,0.0,0.192237,0.429825,NZL,NRU,0575
387633,246,194,711,2013.0,29131.0,0.0,0.11624100000000001,1.574591,ZAF,SHN,0575
387634,14,221,711,2013.0,2588.0,0.0,-0.63369,-0.276328,AUS,TON,0575
387635,103,221,711,2013.0,4677.0,0.0,-0.006876999999999999,1.8336569999999999,IDN,TON,0575
387636,166,221,711,2013.0,10435.0,0.0,0.192237,0.429825,NZL,TON,0575
387637,166,241,711,2013.0,14119.0,0.0,0.192237,0.429825,NZL,WLF,0575
387638,231,210,711,2013.0,140593.0,0.0,1.612058,-0.8592989999999999,USA,SXM,0575
387639,42,12,711,2013.0,741558.0,0.0,-0.184556,-0.238657,CHL,ATF,0575
387640,162,20,711,2013.0,23470.0,0.0,1.012006,1.441545,NLD,BES,0575
387641,231,105,711,2013.0,4540.0,0.0,1.612058,-0.8592989999999999,USA,IOT,0575
387642,77,154,711,2013.0,135951.0,0.0,1.5253299999999999,0.026146,FRA,MYT,0575
387643,111,154,711,2013.0,19696.0,0.0,1.419383,-0.304402,ITA,MYT,0575
387644,246,154,711,2013.0,49000.0,0.0,0.11624100000000001,1.574591,ZAF,MYT,0575
387645,39,200,711,2013.0,4197.0,0.0,0.599305,1.193591,CAN,SPM,0575
387646,1,7,712,2013.0,510311.0,0.0,-0.767212,-0.6506069999999999,AFG,ARE,0576
387647,8,7,712,2013.0,36521.0,0.0,0.042829,0.461002,ARG,ARE,0576
387648,14,7,712,2013.0,0.0,20544.0,-0.63369,-0.276328,AUS,ARE,0576
387649,22,7,712,2013.0,8999.0,0.0,-0.835666,-0.8088810000000001,BGD,ARE,0576
387650,24,7,712,2013.0,0.0,42757.0,0.080634,-0.6828890000000001,BHR,ARE,0576
387651,32,7,712,2013.0,89350.0,0.0,0.2804,0.649729,BRA,ARE,0576
387652,39,7,712,2013.0,0.0,2568.0,0.599305,1.193591,CAN,ARE,0576
387653,41,7,712,2013.0,16784.0,0.0,2.0899229999999998,0.661667,CHE,ARE,0576
387654,42,7,712,2013.0,2479.0,0.0,-0.184556,-0.238657,CHL,ARE,0576
387655,43,7,712,2013.0,0.0,19309.0,1.24864,0.667713,CHN,ARE,0576
387656,61,7,712,2013.0,32996.0,1084.0,2.1086869999999998,-3.7092,DEU,ARE,0576
387657,68,7,712,2013.0,19255.0,7207.0,-0.12015799999999999,1.793363,EGY,ARE,0576
387658,71,7,712,2013.0,11493.0,0.0,0.955472,1.80005,ESP,ARE,0576
387659,73,7,712,2013.0,1690.0,0.0,-1.1373090000000001,-0.89186,ETH,ARE,0576
387660,77,7,712,2013.0,4117.0,0.0,1.5253299999999999,0.026146,FRA,ARE,0576
387661,81,7,712,2013.0,20559.0,4177.0,1.628465,0.77075,GBR,ARE,0576
387662,82,7,712,2013.0,0.0,4215.0,-0.08343099999999999,-0.359692,GEO,ARE,0576
387663,90,7,712,2013.0,20562.0,0.0,0.073442,0.9857899999999999,GRC,ARE,0576
387664,104,7,712,2013.0,1024.0,3708.0,0.18186,2.647598,IND,ARE,0576
387665,107,7,712,2013.0,1549515.0,5233.0,-0.23625100000000002,-0.256067,IRN,ARE,0576
387666,113,7,712,2013.0,2234.0,257087.0,0.1888,0.596867,JOR,ARE,0576
387667,116,7,712,2013.0,0.0,1530.0,-0.303119,0.626786,KEN,ARE,0576
387668,121,7,712,2013.0,0.0,46914.0,1.817145,0.835414,KOR,ARE,0576
387669,122,7,712,2013.0,0.0,21449.0,-1.198985,-1.057248,KWT,ARE,0576
387670,124,7,712,2013.0,49071.0,14935.0,0.37392800000000004,1.413136,LBN,ARE,0576
387671,128,7,712,2013.0,328371.0,2322.0,-0.320583,0.44462399999999996,LKA,ARE,0576
387672,134,7,712,2013.0,4644.0,1031.0,-0.474872,0.178118,MAR,ARE,0576
387673,137,7,712,2013.0,0.0,29998.0,-0.510204,-0.740372,MDV,ARE,0576
387674,153,7,712,2013.0,0.0,59576.0,0.924532,0.671334,MYS,ARE,0576
387675,162,7,712,2013.0,18986.0,0.0,1.012006,1.441545,NLD,ARE,0576
387676,166,7,712,2013.0,0.0,1924.0,0.192237,0.429825,NZL,ARE,0576
387677,167,7,712,2013.0,0.0,729128.0,-0.698693,-1.030814,OMN,ARE,0576
387678,168,7,712,2013.0,126315.0,185867.0,-0.697224,0.501576,PAK,ARE,0576
387679,173,7,712,2013.0,2076.0,0.0,-0.640044,0.121772,PER,ARE,0576
387680,174,7,712,2013.0,0.0,2624.0,0.639083,0.45816899999999994,PHL,ARE,0576
387681,181,7,712,2013.0,18449.0,80735.0,0.103716,0.762259,PSE,ARE,0576
387682,183,7,712,2013.0,2063.0,321709.0,-0.583609,-1.003754,QAT,ARE,0576
387683,188,7,712,2013.0,140838.0,932833.0,-0.14823599999999998,-0.883965,SAU,ARE,0576
387684,190,7,712,2013.0,17341.0,0.0,-1.224897,-1.059517,SDN,ARE,0576
387685,192,7,712,2013.0,0.0,110890.0,1.844685,0.639379,SGP,ARE,0576
387686,211,7,712,2013.0,0.0,3192.0,0.06901,-0.438229,SYC,ARE,0576
387687,212,7,712,2013.0,42914.0,664106.0,-0.09157699999999999,1.1795950000000002,SYR,ARE,0576
387688,223,7,712,2013.0,391125.0,0.0,0.40154,0.902177,TUN,ARE,0576
387689,224,7,712,2013.0,3684549.0,48102.0,0.580016,2.394812,TUR,ARE,0576
387690,226,7,712,2013.0,0.0,4055.0,-0.654655,0.903574,TZA,ARE,0576
387691,231,7,712,2013.0,3927.0,57338.0,1.612058,-0.8592989999999999,USA,ARE,0576
387692,239,7,712,2013.0,0.0,480054.0,0.009264,1.182368,VNM,ARE,0576
387693,243,7,712,2013.0,0.0,1144.0,-1.2788700000000002,-1.230713,YEM,ARE,0576
387694,246,7,712,2013.0,33087.0,0.0,0.11624100000000001,1.574591,ZAF,ARE,0576
387695,7,8,712,2013.0,0.0,36521.0,-0.338417,-0.754102,ARE,ARG,0576
387696,15,8,712,2013.0,0.0,12956.0,1.855434,-1.06494,AUT,ARG,0576
387697,18,8,712,2013.0,0.0,8495.0,1.198491,1.117268,BEL,ARG,0576
387698,39,8,712,2013.0,0.0,160164.0,0.599305,1.193591,CAN,ARG,0576
387699,41,8,712,2013.0,0.0,25055.0,2.0899229999999998,0.661667,CHE,ARG,0576
387700,61,8,712,2013.0,0.0,127161.0,2.1086869999999998,-3.7092,DEU,ARG,0576
387701,74,8,712,2013.0,0.0,7949.0,1.700282,0.867677,FIN,ARG,0576
387702,77,8,712,2013.0,0.0,61040.0,1.5253299999999999,0.026146,FRA,ARG,0576
387703,81,8,712,2013.0,0.0,161162.0,1.628465,0.77075,GBR,ARG,0576
387704,97,8,712,2013.0,0.0,53829.0,0.791401,1.249845,HKG,ARG,0576
387705,162,8,712,2013.0,0.0,184255.0,1.012006,1.441545,NLD,ARG,0576
387706,163,8,712,2013.0,0.0,5783.0,0.710901,0.062705,NOR,ARG,0576
387707,177,8,712,2013.0,0.0,1232.0,1.11341,0.975734,POL,ARG,0576
387708,180,8,712,2013.0,0.0,1580.0,-0.560661,-0.822876,PRY,ARG,0576
387709,183,8,712,2013.0,0.0,9865.0,-0.583609,-1.003754,QAT,ARG,0576
387710,224,8,712,2013.0,272526.0,0.0,0.580016,2.394812,TUR,ARG,0576
387711,230,8,712,2013.0,0.0,4201.0,0.128825,0.02334,URY,ARG,0576
387712,8,15,712,2013.0,12956.0,0.0,0.042829,0.461002,ARG,AUT,0576
387713,18,15,712,2013.0,0.0,528034.0,1.198491,1.117268,BEL,AUT,0576
387714,26,15,712,2013.0,0.0,4671.0,0.723658,0.9271879999999999,BIH,AUT,0576
387715,32,15,712,2013.0,117266.0,0.0,0.2804,0.649729,BRA,AUT,0576
387716,39,15,712,2013.0,1826.0,0.0,0.599305,1.193591,CAN,AUT,0576
387717,41,15,712,2013.0,5570.0,0.0,2.0899229999999998,0.661667,CHE,AUT,0576
387718,49,15,712,2013.0,6733.0,0.0,0.034491,-0.36975,COL,AUT,0576
387719,59,15,712,2013.0,5007.0,48434.0,1.829509,-0.41787700000000005,CZE,AUT,0576
387720,61,15,712,2013.0,3380960.0,3744143.0,2.1086869999999998,-3.7092,DEU,AUT,0576
387721,64,15,712,2013.0,0.0,90700.0,1.190302,1.062991,DNK,AUT,0576
387722,71,15,712,2013.0,28649.0,0.0,0.955472,1.80005,ESP,AUT,0576
387723,77,15,712,2013.0,36697.0,420191.0,1.5253299999999999,0.026146,FRA,AUT,0576
387724,81,15,712,2013.0,0.0,2010.0,1.628465,0.77075,GBR,AUT,0576
387725,90,15,712,2013.0,1224669.0,0.0,0.073442,0.9857899999999999,GRC,AUT,0576
387726,100,15,712,2013.0,12849.0,33878.0,0.8737309999999999,1.276091,HRV,AUT,0576
387727,102,15,712,2013.0,1169.0,203125.0,1.6962560000000002,0.45460600000000007,HUN,AUT,0576
387728,107,15,712,2013.0,1032.0,0.0,-0.23625100000000002,-0.256067,IRN,AUT,0576
387729,110,15,712,2013.0,15133.0,0.0,1.0247629999999999,0.8261639999999999,ISR,AUT,0576
387730,111,15,712,2013.0,779319.0,34144.0,1.419383,-0.304402,ITA,AUT,0576
387731,131,15,712,2013.0,0.0,8942.0,1.0110190000000001,1.123226,LUX,AUT,0576
387732,162,15,712,2013.0,581304.0,218601.0,1.012006,1.441545,NLD,AUT,0576
387733,163,15,712,2013.0,0.0,1795.0,0.710901,0.062705,NOR,AUT,0576
387734,173,15,712,2013.0,2443.0,0.0,-0.640044,0.121772,PER,AUT,0576
387735,177,15,712,2013.0,0.0,116791.0,1.11341,0.975734,POL,AUT,0576
387736,185,15,712,2013.0,3109.0,3819.0,1.05722,1.0968799999999999,ROU,AUT,0576
387737,206,15,712,2013.0,503375.0,278661.0,1.510052,0.7060310000000001,SVK,AUT,0576
387738,207,15,712,2013.0,0.0,279316.0,1.55922,0.565874,SVN,AUT,0576
387739,216,15,712,2013.0,6324.0,0.0,1.067287,1.2767110000000002,THA,AUT,0576
387740,223,15,712,2013.0,17635.0,0.0,0.40154,0.902177,TUN,AUT,0576
387741,224,15,712,2013.0,3747181.0,23136.0,0.580016,2.394812,TUR,AUT,0576
387742,231,15,712,2013.0,1572.0,2730.0,1.612058,-0.8592989999999999,USA,AUT,0576
387743,239,15,712,2013.0,7199.0,0.0,0.009264,1.182368,VNM,AUT,0576
387744,2,18,712,2013.0,0.0,1623.0,-1.240877,-1.073797,AGO,BEL,0576
387745,8,18,712,2013.0,8495.0,0.0,0.042829,0.461002,ARG,BEL,0576
387746,15,18,712,2013.0,528034.0,0.0,1.855434,-1.06494,AUT,BEL,0576
387747,32,18,712,2013.0,637268.0,0.0,0.2804,0.649729,BRA,BEL,0576
387748,41,18,712,2013.0,0.0,21313.0,2.0899229999999998,0.661667,CHE,BEL,0576
387749,42,18,712,2013.0,0.0,5113.0,-0.184556,-0.238657,CHL,BEL,0576
387750,46,18,712,2013.0,0.0,2884.0,-1.450075,-1.115916,COD,BEL,0576
387751,49,18,712,2013.0,1598.0,0.0,0.034491,-0.36975,COL,BEL,0576
387752,59,18,712,2013.0,0.0,86645.0,1.829509,-0.41787700000000005,CZE,BEL,0576
387753,61,18,712,2013.0,684464.0,148868.0,2.1086869999999998,-3.7092,DEU,BEL,0576
387754,64,18,712,2013.0,22398.0,10482.0,1.190302,1.062991,DNK,BEL,0576
387755,71,18,712,2013.0,174100.0,87621.0,0.955472,1.80005,ESP,BEL,0576
387756,74,18,712,2013.0,0.0,164436.0,1.700282,0.867677,FIN,BEL,0576
387757,77,18,712,2013.0,1215205.0,637301.0,1.5253299999999999,0.026146,FRA,BEL,0576
387758,81,18,712,2013.0,335532.0,23824.0,1.628465,0.77075,GBR,BEL,0576
387759,90,18,712,2013.0,183108.0,0.0,0.073442,0.9857899999999999,GRC,BEL,0576
387760,97,18,712,2013.0,0.0,380861.0,0.791401,1.249845,HKG,BEL,0576
387761,102,18,712,2013.0,0.0,1319.0,1.6962560000000002,0.45460600000000007,HUN,BEL,0576
387762,106,18,712,2013.0,0.0,2133.0,1.32787,0.394579,IRL,BEL,0576
387763,107,18,712,2013.0,62150.0,0.0,-0.23625100000000002,-0.256067,IRN,BEL,0576
387764,110,18,712,2013.0,407164.0,0.0,1.0247629999999999,0.8261639999999999,ISR,BEL,0576
387765,111,18,712,2013.0,763782.0,2532.0,1.419383,-0.304402,ITA,BEL,0576
387766,121,18,712,2013.0,0.0,3279.0,1.817145,0.835414,KOR,BEL,0576
387767,130,18,712,2013.0,0.0,46417.0,0.677986,1.29227,LTU,BEL,0576
387768,131,18,712,2013.0,16650.0,266792.0,1.0110190000000001,1.123226,LUX,BEL,0576
387769,132,18,712,2013.0,0.0,13171.0,0.652463,1.299917,LVA,BEL,0576
387770,162,18,712,2013.0,2086175.0,1226156.0,1.012006,1.441545,NLD,BEL,0576
387771,163,18,712,2013.0,0.0,33676.0,0.710901,0.062705,NOR,BEL,0576
387772,177,18,712,2013.0,0.0,3739.0,1.11341,0.975734,POL,BEL,0576
387773,179,18,712,2013.0,3708.0,2461.0,0.705087,2.2055580000000004,PRT,BEL,0576
387774,181,18,712,2013.0,74025.0,0.0,0.103716,0.762259,PSE,BEL,0576
387775,206,18,712,2013.0,0.0,2095.0,1.510052,0.7060310000000001,SVK,BEL,0576
387776,207,18,712,2013.0,0.0,1766.0,1.55922,0.565874,SVN,BEL,0576
387777,208,18,712,2013.0,7807.0,433479.0,1.7851290000000002,0.182623,SWE,BEL,0576
387778,224,18,712,2013.0,2892892.0,27797.0,0.580016,2.394812,TUR,BEL,0576
387779,28,23,712,2013.0,0.0,2463.0,1.183522,0.934159,BLR,BGR,0576
387780,61,23,712,2013.0,19218.0,0.0,2.1086869999999998,-3.7092,DEU,BGR,0576
387781,77,23,712,2013.0,3513.0,0.0,1.5253299999999999,0.026146,FRA,BGR,0576
387782,90,23,712,2013.0,151222.0,1391.0,0.073442,0.9857899999999999,GRC,BGR,0576
387783,102,23,712,2013.0,1482.0,0.0,1.6962560000000002,0.45460600000000007,HUN,BGR,0576
387784,107,23,712,2013.0,2283.0,0.0,-0.23625100000000002,-0.256067,IRN,BGR,0576
387785,162,23,712,2013.0,2154.0,0.0,1.012006,1.441545,NLD,BGR,0576
387786,185,23,712,2013.0,2472.0,0.0,1.05722,1.0968799999999999,ROU,BGR,0576
387787,224,23,712,2013.0,1198470.0,0.0,0.580016,2.394812,TUR,BGR,0576
387788,231,25,712,2013.0,73470.0,0.0,1.612058,-0.8592989999999999,USA,BHS,0576
387789,7,32,712,2013.0,0.0,89350.0,-0.338417,-0.754102,ARE,BRA,0576
387790,15,32,712,2013.0,0.0,117266.0,1.855434,-1.06494,AUT,BRA,0576
387791,18,32,712,2013.0,0.0,637268.0,1.198491,1.117268,BEL,BRA,0576
387792,24,32,712,2013.0,0.0,4509.0,0.080634,-0.6828890000000001,BHR,BRA,0576
387793,39,32,712,2013.0,0.0,162786.0,0.599305,1.193591,CAN,BRA,0576
387794,41,32,712,2013.0,0.0,276916.0,2.0899229999999998,0.661667,CHE,BRA,0576
387795,43,32,712,2013.0,0.0,5202.0,1.24864,0.667713,CHN,BRA,0576
387796,49,32,712,2013.0,15295.0,0.0,0.034491,-0.36975,COL,BRA,0576
387797,59,32,712,2013.0,0.0,54030.0,1.829509,-0.41787700000000005,CZE,BRA,0576
387798,61,32,712,2013.0,6077.0,1501293.0,2.1086869999999998,-3.7092,DEU,BRA,0576
387799,71,32,712,2013.0,0.0,7365.0,0.955472,1.80005,ESP,BRA,0576
387800,72,32,712,2013.0,0.0,5777.0,0.923321,1.290016,EST,BRA,0576
387801,73,32,712,2013.0,0.0,3562.0,-1.1373090000000001,-0.89186,ETH,BRA,0576
387802,74,32,712,2013.0,0.0,131622.0,1.700282,0.867677,FIN,BRA,0576
387803,77,32,712,2013.0,0.0,997604.0,1.5253299999999999,0.026146,FRA,BRA,0576
387804,81,32,712,2013.0,0.0,793790.0,1.628465,0.77075,GBR,BRA,0576
387805,97,32,712,2013.0,0.0,33699.0,0.791401,1.249845,HKG,BRA,0576
387806,106,32,712,2013.0,0.0,54015.0,1.32787,0.394579,IRL,BRA,0576
387807,109,32,712,2013.0,0.0,6034.0,0.284089,-0.164097,ISL,BRA,0576
387808,111,32,712,2013.0,0.0,3198.0,1.419383,-0.304402,ITA,BRA,0576
387809,115,32,712,2013.0,0.0,1451.0,-0.9193819999999999,-0.734194,KAZ,BRA,0576
387810,122,32,712,2013.0,0.0,1788.0,-1.198985,-1.057248,KWT,BRA,0576
387811,124,32,712,2013.0,0.0,1345.0,0.37392800000000004,1.413136,LBN,BRA,0576
387812,131,32,712,2013.0,0.0,10407.0,1.0110190000000001,1.123226,LUX,BRA,0576
387813,135,32,712,2013.0,0.0,2164.0,0.14256,0.33920700000000004,MDA,BRA,0576
387814,162,32,712,2013.0,0.0,3779796.0,1.012006,1.441545,NLD,BRA,0576
387815,163,32,712,2013.0,0.0,119811.0,0.710901,0.062705,NOR,BRA,0576
387816,177,32,712,2013.0,0.0,108669.0,1.11341,0.975734,POL,BRA,0576
387817,179,32,712,2013.0,0.0,3275.0,0.705087,2.2055580000000004,PRT,BRA,0576
387818,181,32,712,2013.0,0.0,8731.0,0.103716,0.762259,PSE,BRA,0576
387819,183,32,712,2013.0,0.0,6639.0,-0.583609,-1.003754,QAT,BRA,0576
387820,186,32,712,2013.0,0.0,121269.0,-0.08233,-0.267781,RUS,BRA,0576
387821,206,32,712,2013.0,0.0,4453.0,1.510052,0.7060310000000001,SVK,BRA,0576
387822,207,32,712,2013.0,0.0,1892.0,1.55922,0.565874,SVN,BRA,0576
387823,224,32,712,2013.0,1777333.0,0.0,0.580016,2.394812,TUR,BRA,0576
387824,228,32,712,2013.0,0.0,6642.0,0.535571,1.026263,UKR,BRA,0576
387825,231,32,712,2013.0,0.0,2879.0,1.612058,-0.8592989999999999,USA,BRA,0576
387826,81,33,712,2013.0,6714.0,0.0,1.628465,0.77075,GBR,BRB,0576
387827,1,39,712,2013.0,39049.0,0.0,-0.767212,-0.6506069999999999,AFG,CAN,0576
387828,7,39,712,2013.0,2568.0,0.0,-0.338417,-0.754102,ARE,CAN,0576
387829,8,39,712,2013.0,160164.0,0.0,0.042829,0.461002,ARG,CAN,0576
387830,15,39,712,2013.0,0.0,1826.0,1.855434,-1.06494,AUT,CAN,0576
387831,32,39,712,2013.0,162786.0,0.0,0.2804,0.649729,BRA,CAN,0576
387832,42,39,712,2013.0,139953.0,0.0,-0.184556,-0.238657,CHL,CAN,0576
387833,43,39,712,2013.0,16783.0,0.0,1.24864,0.667713,CHN,CAN,0576
387834,49,39,712,2013.0,3543.0,0.0,0.034491,-0.36975,COL,CAN,0576
387835,61,39,712,2013.0,10430.0,0.0,2.1086869999999998,-3.7092,DEU,CAN,0576
387836,66,39,712,2013.0,1181.0,0.0,-1.53603,-1.104965,DZA,CAN,0576
387837,68,39,712,2013.0,2260.0,0.0,-0.12015799999999999,1.793363,EGY,CAN,0576
387838,71,39,712,2013.0,6906.0,0.0,0.955472,1.80005,ESP,CAN,0576
387839,77,39,712,2013.0,33970.0,0.0,1.5253299999999999,0.026146,FRA,CAN,0576
387840,81,39,712,2013.0,4453.0,0.0,1.628465,0.77075,GBR,CAN,0576
387841,90,39,712,2013.0,1652320.0,0.0,0.073442,0.9857899999999999,GRC,CAN,0576
387842,97,39,712,2013.0,3657.0,2166.0,0.791401,1.249845,HKG,CAN,0576
387843,107,39,712,2013.0,41213.0,0.0,-0.23625100000000002,-0.256067,IRN,CAN,0576
387844,110,39,712,2013.0,176947.0,0.0,1.0247629999999999,0.8261639999999999,ISR,CAN,0576
387845,111,39,712,2013.0,202273.0,0.0,1.419383,-0.304402,ITA,CAN,0576
387846,124,39,712,2013.0,1312.0,0.0,0.37392800000000004,1.413136,LBN,CAN,0576
387847,134,39,712,2013.0,14919.0,0.0,-0.474872,0.178118,MAR,CAN,0576
387848,138,39,712,2013.0,512535.0,0.0,1.2327219999999999,0.746108,MEX,CAN,0576
387849,162,39,712,2013.0,21289.0,0.0,1.012006,1.441545,NLD,CAN,0576
387850,168,39,712,2013.0,3211.0,0.0,-0.697224,0.501576,PAK,CAN,0576
387851,173,39,712,2013.0,29824.0,0.0,-0.640044,0.121772,PER,CAN,0576
387852,179,39,712,2013.0,1850.0,0.0,0.705087,2.2055580000000004,PRT,CAN,0576
387853,222,39,712,2013.0,12420.0,1509.0,-0.399437,-1.047864,TTO,CAN,0576
387854,223,39,712,2013.0,4810.0,0.0,0.40154,0.902177,TUN,CAN,0576
387855,224,39,712,2013.0,3465174.0,0.0,0.580016,2.394812,TUR,CAN,0576
387856,231,39,712,2013.0,12348364.0,95118.0,1.612058,-0.8592989999999999,USA,CAN,0576
387857,246,39,712,2013.0,169853.0,0.0,0.11624100000000001,1.574591,ZAF,CAN,0576
387858,249,39,712,2013.0,1267.0,13766.0,1.7382849999999999,0.9917739999999999,TWN,CAN,0576
387859,7,41,712,2013.0,0.0,16784.0,-0.338417,-0.754102,ARE,CHE,0576
387860,8,41,712,2013.0,25055.0,0.0,0.042829,0.461002,ARG,CHE,0576
387861,15,41,712,2013.0,0.0,5570.0,1.855434,-1.06494,AUT,CHE,0576
387862,18,41,712,2013.0,21313.0,0.0,1.198491,1.117268,BEL,CHE,0576
387863,24,41,712,2013.0,0.0,3472.0,0.080634,-0.6828890000000001,BHR,CHE,0576
387864,32,41,712,2013.0,276916.0,0.0,0.2804,0.649729,BRA,CHE,0576
387865,42,41,712,2013.0,3470.0,0.0,-0.184556,-0.238657,CHL,CHE,0576
387866,61,41,712,2013.0,1527791.0,107255.0,2.1086869999999998,-3.7092,DEU,CHE,0576
387867,71,41,712,2013.0,411302.0,21597.0,0.955472,1.80005,ESP,CHE,0576
387868,77,41,712,2013.0,2278062.0,1506.0,1.5253299999999999,0.026146,FRA,CHE,0576
387869,81,41,712,2013.0,61501.0,0.0,1.628465,0.77075,GBR,CHE,0576
387870,90,41,712,2013.0,12076.0,0.0,0.073442,0.9857899999999999,GRC,CHE,0576
387871,97,41,712,2013.0,0.0,5301.0,0.791401,1.249845,HKG,CHE,0576
387872,104,41,712,2013.0,1253.0,0.0,0.18186,2.647598,IND,CHE,0576
387873,107,41,712,2013.0,15710.0,0.0,-0.23625100000000002,-0.256067,IRN,CHE,0576
387874,110,41,712,2013.0,191881.0,0.0,1.0247629999999999,0.8261639999999999,ISR,CHE,0576
387875,111,41,712,2013.0,588909.0,2300.0,1.419383,-0.304402,ITA,CHE,0576
387876,117,41,712,2013.0,0.0,4251.0,0.25090500000000004,0.7357279999999999,KGZ,CHE,0576
387877,128,41,712,2013.0,1579.0,0.0,-0.320583,0.44462399999999996,LKA,CHE,0576
387878,134,41,712,2013.0,2951.0,0.0,-0.474872,0.178118,MAR,CHE,0576
387879,153,41,712,2013.0,0.0,1284.0,0.924532,0.671334,MYS,CHE,0576
387880,162,41,712,2013.0,475433.0,0.0,1.012006,1.441545,NLD,CHE,0576
387881,173,41,712,2013.0,39633.0,0.0,-0.640044,0.121772,PER,CHE,0576
387882,174,41,712,2013.0,0.0,1783.0,0.639083,0.45816899999999994,PHL,CHE,0576
387883,179,41,712,2013.0,9717.0,0.0,0.705087,2.2055580000000004,PRT,CHE,0576
387884,216,41,712,2013.0,1162.0,17934.0,1.067287,1.2767110000000002,THA,CHE,0576
387885,223,41,712,2013.0,11223.0,0.0,0.40154,0.902177,TUN,CHE,0576
387886,224,41,712,2013.0,9357044.0,225742.0,0.580016,2.394812,TUR,CHE,0576
387887,246,41,712,2013.0,6249.0,0.0,0.11624100000000001,1.574591,ZAF,CHE,0576
387888,249,41,712,2013.0,0.0,35274.0,1.7382849999999999,0.9917739999999999,TWN,CHE,0576
387889,7,42,712,2013.0,0.0,2479.0,-0.338417,-0.754102,ARE,CHL,0576
387890,18,42,712,2013.0,5113.0,0.0,1.198491,1.117268,BEL,CHL,0576
387891,39,42,712,2013.0,0.0,139953.0,0.599305,1.193591,CAN,CHL,0576
387892,41,42,712,2013.0,0.0,3470.0,2.0899229999999998,0.661667,CHE,CHL,0576
387893,59,42,712,2013.0,0.0,32395.0,1.829509,-0.41787700000000005,CZE,CHL,0576
387894,77,42,712,2013.0,0.0,76112.0,1.5253299999999999,0.026146,FRA,CHL,0576
387895,81,42,712,2013.0,0.0,239335.0,1.628465,0.77075,GBR,CHL,0576
387896,97,42,712,2013.0,0.0,17326.0,0.791401,1.249845,HKG,CHL,0576
387897,104,42,712,2013.0,0.0,1717.0,0.18186,2.647598,IND,CHL,0576
387898,192,42,712,2013.0,0.0,6030.0,1.844685,0.639379,SGP,CHL,0576
387899,224,42,712,2013.0,42424.0,0.0,0.580016,2.394812,TUR,CHL,0576
387900,231,42,712,2013.0,0.0,255273.0,1.612058,-0.8592989999999999,USA,CHL,0576
387901,7,43,712,2013.0,19309.0,0.0,-0.338417,-0.754102,ARE,CHN,0576
387902,14,43,712,2013.0,0.0,7722.0,-0.63369,-0.276328,AUS,CHN,0576
387903,24,43,712,2013.0,0.0,13963.0,0.080634,-0.6828890000000001,BHR,CHN,0576
387904,32,43,712,2013.0,5202.0,0.0,0.2804,0.649729,BRA,CHN,0576
387905,39,43,712,2013.0,0.0,16783.0,0.599305,1.193591,CAN,CHN,0576
387906,61,43,712,2013.0,83957.0,27243.0,2.1086869999999998,-3.7092,DEU,CHN,0576
387907,68,43,712,2013.0,1264.0,0.0,-0.12015799999999999,1.793363,EGY,CHN,0576
387908,72,43,712,2013.0,0.0,3338.0,0.923321,1.290016,EST,CHN,0576
387909,81,43,712,2013.0,0.0,5655.0,1.628465,0.77075,GBR,CHN,0576
387910,90,43,712,2013.0,131383.0,0.0,0.073442,0.9857899999999999,GRC,CHN,0576
387911,97,43,712,2013.0,5259.0,76544.0,0.791401,1.249845,HKG,CHN,0576
387912,107,43,712,2013.0,239162.0,0.0,-0.23625100000000002,-0.256067,IRN,CHN,0576
387913,114,43,712,2013.0,0.0,3388.0,2.333417,-0.818701,JPN,CHN,0576
387914,123,43,712,2013.0,39312.0,0.0,-0.907169,-0.587529,LAO,CHN,0576
387915,138,43,712,2013.0,67579.0,0.0,1.2327219999999999,0.746108,MEX,CHN,0576
387916,153,43,712,2013.0,0.0,68334.0,0.924532,0.671334,MYS,CHN,0576
387917,159,43,712,2013.0,0.0,5090.0,-1.679402,-1.14686,NGA,CHN,0576
387918,162,43,712,2013.0,0.0,1721.0,1.012006,1.441545,NLD,CHN,0576
387919,166,43,712,2013.0,0.0,2049.0,0.192237,0.429825,NZL,CHN,0576
387920,185,43,712,2013.0,2924.0,0.0,1.05722,1.0968799999999999,ROU,CHN,0576
387921,190,43,712,2013.0,0.0,2158.0,-1.224897,-1.059517,SDN,CHN,0576
387922,192,43,712,2013.0,0.0,21447.0,1.844685,0.639379,SGP,CHN,0576
387923,216,43,712,2013.0,12211.0,0.0,1.067287,1.2767110000000002,THA,CHN,0576
387924,224,43,712,2013.0,4249998.0,223633.0,0.580016,2.394812,TUR,CHN,0576
387925,231,43,712,2013.0,50525.0,0.0,1.612058,-0.8592989999999999,USA,CHN,0576
387926,246,43,712,2013.0,28686.0,0.0,0.11624100000000001,1.574591,ZAF,CHN,0576
387927,249,43,712,2013.0,1222.0,2767.0,1.7382849999999999,0.9917739999999999,TWN,CHN,0576
387928,15,49,712,2013.0,0.0,6733.0,1.855434,-1.06494,AUT,COL,0576
387929,18,49,712,2013.0,0.0,1598.0,1.198491,1.117268,BEL,COL,0576
387930,32,49,712,2013.0,0.0,15295.0,0.2804,0.649729,BRA,COL,0576
387931,39,49,712,2013.0,0.0,3543.0,0.599305,1.193591,CAN,COL,0576
387932,55,49,712,2013.0,0.0,12757.0,-0.145402,-0.556962,CUW,COL,0576
387933,61,49,712,2013.0,0.0,8332.0,2.1086869999999998,-3.7092,DEU,COL,0576
387934,71,49,712,2013.0,0.0,11493.0,0.955472,1.80005,ESP,COL,0576
387935,77,49,712,2013.0,0.0,4292.0,1.5253299999999999,0.026146,FRA,COL,0576
387936,81,49,712,2013.0,0.0,4132.0,1.628465,0.77075,GBR,COL,0576
387937,107,49,712,2013.0,2685.0,0.0,-0.23625100000000002,-0.256067,IRN,COL,0576
387938,162,49,712,2013.0,0.0,38521.0,1.012006,1.441545,NLD,COL,0576
387939,169,49,712,2013.0,0.0,4094.0,0.8719819999999999,1.038982,PAN,COL,0576
387940,186,49,712,2013.0,0.0,1245.0,-0.08233,-0.267781,RUS,COL,0576
387941,188,49,712,2013.0,0.0,1016.0,-0.14823599999999998,-0.883965,SAU,COL,0576
387942,224,49,712,2013.0,3491.0,0.0,0.580016,2.394812,TUR,COL,0576
387943,231,49,712,2013.0,4018.0,0.0,1.612058,-0.8592989999999999,USA,COL,0576
387944,61,52,712,2013.0,0.0,45537.0,2.1086869999999998,-3.7092,DEU,CRI,0576
387945,106,52,712,2013.0,0.0,7343.0,1.32787,0.394579,IRL,CRI,0576
387946,160,52,712,2013.0,0.0,3370.0,-0.7956479999999999,-0.596061,NIC,CRI,0576
387947,206,52,712,2013.0,0.0,1311.0,1.510052,0.7060310000000001,SVK,CRI,0576
387948,231,52,712,2013.0,5241.0,0.0,1.612058,-0.8592989999999999,USA,CRI,0576
387949,49,55,712,2013.0,12757.0,0.0,0.034491,-0.36975,COL,CUW,0576
387950,15,59,712,2013.0,48434.0,5007.0,1.855434,-1.06494,AUT,CZE,0576
387951,18,59,712,2013.0,86645.0,0.0,1.198491,1.117268,BEL,CZE,0576
387952,32,59,712,2013.0,54030.0,0.0,0.2804,0.649729,BRA,CZE,0576
387953,42,59,712,2013.0,32395.0,0.0,-0.184556,-0.238657,CHL,CZE,0576
387954,61,59,712,2013.0,447031.0,9832.0,2.1086869999999998,-3.7092,DEU,CZE,0576
387955,64,59,712,2013.0,19970.0,0.0,1.190302,1.062991,DNK,CZE,0576
387956,66,59,712,2013.0,15878.0,0.0,-1.53603,-1.104965,DZA,CZE,0576
387957,71,59,712,2013.0,8319.0,0.0,0.955472,1.80005,ESP,CZE,0576
387958,77,59,712,2013.0,26298.0,0.0,1.5253299999999999,0.026146,FRA,CZE,0576
387959,81,59,712,2013.0,0.0,5695.0,1.628465,0.77075,GBR,CZE,0576
387960,90,59,712,2013.0,260029.0,0.0,0.073442,0.9857899999999999,GRC,CZE,0576
387961,102,59,712,2013.0,0.0,24218.0,1.6962560000000002,0.45460600000000007,HUN,CZE,0576
387962,107,59,712,2013.0,20210.0,0.0,-0.23625100000000002,-0.256067,IRN,CZE,0576
387963,110,59,712,2013.0,3833.0,0.0,1.0247629999999999,0.8261639999999999,ISR,CZE,0576
387964,111,59,712,2013.0,66405.0,0.0,1.419383,-0.304402,ITA,CZE,0576
387965,162,59,712,2013.0,594696.0,0.0,1.012006,1.441545,NLD,CZE,0576
387966,177,59,712,2013.0,0.0,205002.0,1.11341,0.975734,POL,CZE,0576
387967,206,59,712,2013.0,907199.0,190132.0,1.510052,0.7060310000000001,SVK,CZE,0576
387968,223,59,712,2013.0,15535.0,0.0,0.40154,0.902177,TUN,CZE,0576
387969,224,59,712,2013.0,212967.0,10354.0,0.580016,2.394812,TUR,CZE,0576
387970,246,59,712,2013.0,1240.0,0.0,0.11624100000000001,1.574591,ZAF,CZE,0576
387971,1,61,712,2013.0,7128.0,0.0,-0.767212,-0.6506069999999999,AFG,DEU,0576
387972,7,61,712,2013.0,1084.0,32996.0,-0.338417,-0.754102,ARE,DEU,0576
387973,8,61,712,2013.0,127161.0,0.0,0.042829,0.461002,ARG,DEU,0576
387974,15,61,712,2013.0,3744143.0,3380960.0,1.855434,-1.06494,AUT,DEU,0576
387975,18,61,712,2013.0,148868.0,684464.0,1.198491,1.117268,BEL,DEU,0576
387976,23,61,712,2013.0,0.0,19218.0,0.622325,1.5506229999999999,BGR,DEU,0576
387977,24,61,712,2013.0,0.0,1954.0,0.080634,-0.6828890000000001,BHR,DEU,0576
387978,26,61,712,2013.0,0.0,1530.0,0.723658,0.9271879999999999,BIH,DEU,0576
387979,32,61,712,2013.0,1501293.0,6077.0,0.2804,0.649729,BRA,DEU,0576
387980,39,61,712,2013.0,0.0,10430.0,0.599305,1.193591,CAN,DEU,0576
387981,41,61,712,2013.0,107255.0,1527791.0,2.0899229999999998,0.661667,CHE,DEU,0576
387982,43,61,712,2013.0,27243.0,83957.0,1.24864,0.667713,CHN,DEU,0576
387983,49,61,712,2013.0,8332.0,0.0,0.034491,-0.36975,COL,DEU,0576
387984,52,61,712,2013.0,45537.0,0.0,0.208669,-0.54783,CRI,DEU,0576
387985,58,61,712,2013.0,0.0,4518.0,0.36482800000000004,0.527544,CYP,DEU,0576
387986,59,61,712,2013.0,9832.0,447031.0,1.829509,-0.41787700000000005,CZE,DEU,0576
387987,64,61,712,2013.0,34338.0,297706.0,1.190302,1.062991,DNK,DEU,0576
387988,68,61,712,2013.0,4246.0,0.0,-0.12015799999999999,1.793363,EGY,DEU,0576
387989,71,61,712,2013.0,628922.0,203848.0,0.955472,1.80005,ESP,DEU,0576
387990,72,61,712,2013.0,0.0,9845.0,0.923321,1.290016,EST,DEU,0576
387991,74,61,712,2013.0,0.0,217638.0,1.700282,0.867677,FIN,DEU,0576
387992,77,61,712,2013.0,541433.0,1748921.0,1.5253299999999999,0.026146,FRA,DEU,0576
387993,81,61,712,2013.0,0.0,980119.0,1.628465,0.77075,GBR,DEU,0576
387994,82,61,712,2013.0,0.0,1078.0,-0.08343099999999999,-0.359692,GEO,DEU,0576
387995,90,61,712,2013.0,627676.0,1891.0,0.073442,0.9857899999999999,GRC,DEU,0576
387996,97,61,712,2013.0,0.0,61942.0,0.791401,1.249845,HKG,DEU,0576
387997,100,61,712,2013.0,56828.0,160898.0,0.8737309999999999,1.276091,HRV,DEU,0576
387998,102,61,712,2013.0,0.0,111212.0,1.6962560000000002,0.45460600000000007,HUN,DEU,0576
387999,104,61,712,2013.0,1628.0,0.0,0.18186,2.647598,IND,DEU,0576
388000,106,61,712,2013.0,11775.0,142854.0,1.32787,0.394579,IRL,DEU,0576
388001,107,61,712,2013.0,68790.0,0.0,-0.23625100000000002,-0.256067,IRN,DEU,0576
388002,109,61,712,2013.0,0.0,19749.0,0.284089,-0.164097,ISL,DEU,0576
388003,110,61,712,2013.0,176072.0,0.0,1.0247629999999999,0.8261639999999999,ISR,DEU,0576
388004,111,61,712,2013.0,1472017.0,728306.0,1.419383,-0.304402,ITA,DEU,0576
388005,113,61,712,2013.0,0.0,3332.0,0.1888,0.596867,JOR,DEU,0576
388006,114,61,712,2013.0,0.0,55586.0,2.333417,-0.818701,JPN,DEU,0576
388007,115,61,712,2013.0,0.0,16218.0,-0.9193819999999999,-0.734194,KAZ,DEU,0576
388008,116,61,712,2013.0,0.0,1871.0,-0.303119,0.626786,KEN,DEU,0576
388009,121,61,712,2013.0,0.0,41334.0,1.817145,0.835414,KOR,DEU,0576
388010,130,61,712,2013.0,0.0,13196.0,0.677986,1.29227,LTU,DEU,0576
388011,131,61,712,2013.0,13614.0,134324.0,1.0110190000000001,1.123226,LUX,DEU,0576
388012,132,61,712,2013.0,0.0,18996.0,0.652463,1.299917,LVA,DEU,0576
388013,134,61,712,2013.0,1563.0,0.0,-0.474872,0.178118,MAR,DEU,0576
388014,135,61,712,2013.0,0.0,2072.0,0.14256,0.33920700000000004,MDA,DEU,0576
388015,137,61,712,2013.0,0.0,7207.0,-0.510204,-0.740372,MDV,DEU,0576
388016,138,61,712,2013.0,4149.0,18818.0,1.2327219999999999,0.746108,MEX,DEU,0576
388017,142,61,712,2013.0,0.0,6821.0,0.710108,-0.014586000000000002,MLT,DEU,0576
388018,144,61,712,2013.0,0.0,4393.0,0.09597,-0.019953,MNE,DEU,0576
388019,145,61,712,2013.0,0.0,3401.0,-1.264785,-1.133222,MNG,DEU,0576
388020,151,61,712,2013.0,0.0,7245.0,-0.092312,0.050927,MUS,DEU,0576
388021,153,61,712,2013.0,0.0,3220.0,0.924532,0.671334,MYS,DEU,0576
388022,157,61,712,2013.0,0.0,1697.0,-1.0008350000000001,-0.8325670000000001,NER,DEU,0576
388023,162,61,712,2013.0,5059747.0,874565.0,1.012006,1.441545,NLD,DEU,0576
388024,163,61,712,2013.0,0.0,585002.0,0.710901,0.062705,NOR,DEU,0576
388025,173,61,712,2013.0,30349.0,0.0,-0.640044,0.121772,PER,DEU,0576
388026,177,61,712,2013.0,6227.0,981417.0,1.11341,0.975734,POL,DEU,0576
388027,179,61,712,2013.0,3752.0,195220.0,0.705087,2.2055580000000004,PRT,DEU,0576
388028,185,61,712,2013.0,0.0,169375.0,1.05722,1.0968799999999999,ROU,DEU,0576
388029,186,61,712,2013.0,0.0,389865.0,-0.08233,-0.267781,RUS,DEU,0576
388030,188,61,712,2013.0,32581.0,0.0,-0.14823599999999998,-0.883965,SAU,DEU,0576
388031,192,61,712,2013.0,0.0,31458.0,1.844685,0.639379,SGP,DEU,0576
388032,201,61,712,2013.0,0.0,7543.0,0.609755,1.355304,SRB,DEU,0576
388033,206,61,712,2013.0,205605.0,2875811.0,1.510052,0.7060310000000001,SVK,DEU,0576
388034,207,61,712,2013.0,11389.0,277752.0,1.55922,0.565874,SVN,DEU,0576
388035,208,61,712,2013.0,101946.0,404318.0,1.7851290000000002,0.182623,SWE,DEU,0576
388036,216,61,712,2013.0,1167.0,1781.0,1.067287,1.2767110000000002,THA,DEU,0576
388037,224,61,712,2013.0,39964552.0,265073.0,0.580016,2.394812,TUR,DEU,0576
388038,228,61,712,2013.0,0.0,15833.0,0.535571,1.026263,UKR,DEU,0576
388039,231,61,712,2013.0,17210.0,1255.0,1.612058,-0.8592989999999999,USA,DEU,0576
388040,239,61,712,2013.0,3947.0,8580.0,0.009264,1.182368,VNM,DEU,0576
388041,246,61,712,2013.0,20238.0,0.0,0.11624100000000001,1.574591,ZAF,DEU,0576
388042,249,61,712,2013.0,0.0,155537.0,1.7382849999999999,0.9917739999999999,TWN,DEU,0576
388043,250,61,712,2013.0,0.0,55943.0,0.583151,0.14238299999999998,ANS,DEU,0576
388044,15,64,712,2013.0,90700.0,0.0,1.855434,-1.06494,AUT,DNK,0576
388045,18,64,712,2013.0,10482.0,22398.0,1.198491,1.117268,BEL,DNK,0576
388046,59,64,712,2013.0,0.0,19970.0,1.829509,-0.41787700000000005,CZE,DNK,0576
388047,61,64,712,2013.0,297706.0,34338.0,2.1086869999999998,-3.7092,DEU,DNK,0576
388048,71,64,712,2013.0,1363888.0,0.0,0.955472,1.80005,ESP,DNK,0576
388049,74,64,712,2013.0,4608.0,460878.0,1.700282,0.867677,FIN,DNK,0576
388050,77,64,712,2013.0,21235.0,0.0,1.5253299999999999,0.026146,FRA,DNK,0576
388051,78,64,712,2013.0,0.0,64703.0,-1.059294,-0.799578,FRO,DNK,0576
388052,81,64,712,2013.0,42840.0,1493.0,1.628465,0.77075,GBR,DNK,0576
388053,92,64,712,2013.0,0.0,179986.0,-1.119616,-0.802964,GRL,DNK,0576
388054,102,64,712,2013.0,0.0,5035.0,1.6962560000000002,0.45460600000000007,HUN,DNK,0576
388055,109,64,712,2013.0,0.0,279750.0,0.284089,-0.164097,ISL,DNK,0576
388056,111,64,712,2013.0,108284.0,0.0,1.419383,-0.304402,ITA,DNK,0576
388057,130,64,712,2013.0,1128.0,0.0,0.677986,1.29227,LTU,DNK,0576
388058,162,64,712,2013.0,618868.0,529829.0,1.012006,1.441545,NLD,DNK,0576
388059,163,64,712,2013.0,0.0,261979.0,0.710901,0.062705,NOR,DNK,0576
388060,177,64,712,2013.0,0.0,4893.0,1.11341,0.975734,POL,DNK,0576
388061,179,64,712,2013.0,0.0,4574.0,0.705087,2.2055580000000004,PRT,DNK,0576
388062,206,64,712,2013.0,1309.0,17815.0,1.510052,0.7060310000000001,SVK,DNK,0576
388063,208,64,712,2013.0,18325.0,1468284.0,1.7851290000000002,0.182623,SWE,DNK,0576
388064,224,64,712,2013.0,2191967.0,27416.0,0.580016,2.394812,TUR,DNK,0576
388065,71,65,712,2013.0,18084.0,0.0,0.955472,1.80005,ESP,DOM,0576
388066,224,65,712,2013.0,4846.0,0.0,0.580016,2.394812,TUR,DOM,0576
388067,231,65,712,2013.0,31504.0,0.0,1.612058,-0.8592989999999999,USA,DOM,0576
388068,224,67,712,2013.0,1209.0,0.0,0.580016,2.394812,TUR,ECU,0576
388069,231,67,712,2013.0,0.0,5343.0,1.612058,-0.8592989999999999,USA,ECU,0576
388070,5,71,712,2013.0,0.0,8075.0,0.874025,0.09135599999999999,AND,ESP,0576
388071,7,71,712,2013.0,0.0,11493.0,-0.338417,-0.754102,ARE,ESP,0576
388072,15,71,712,2013.0,0.0,28649.0,1.855434,-1.06494,AUT,ESP,0576
388073,18,71,712,2013.0,87621.0,174100.0,1.198491,1.117268,BEL,ESP,0576
388074,32,71,712,2013.0,7365.0,0.0,0.2804,0.649729,BRA,ESP,0576
388075,39,71,712,2013.0,0.0,6906.0,0.599305,1.193591,CAN,ESP,0576
388076,41,71,712,2013.0,21597.0,411302.0,2.0899229999999998,0.661667,CHE,ESP,0576
388077,49,71,712,2013.0,11493.0,0.0,0.034491,-0.36975,COL,ESP,0576
388078,51,71,712,2013.0,0.0,10157.0,-0.28793,-0.5938319999999999,CPV,ESP,0576
388079,54,71,712,2013.0,0.0,45194.0,-0.31053400000000003,-0.8534280000000001,CUB,ESP,0576
388080,58,71,712,2013.0,0.0,8360.0,0.36482800000000004,0.527544,CYP,ESP,0576
388081,59,71,712,2013.0,0.0,8319.0,1.829509,-0.41787700000000005,CZE,ESP,0576
388082,61,71,712,2013.0,203848.0,628922.0,2.1086869999999998,-3.7092,DEU,ESP,0576
388083,64,71,712,2013.0,0.0,1363888.0,1.190302,1.062991,DNK,ESP,0576
388084,65,71,712,2013.0,0.0,18084.0,-0.272579,0.42750699999999997,DOM,ESP,0576
388085,66,71,712,2013.0,0.0,5790.0,-1.53603,-1.104965,DZA,ESP,0576
388086,74,71,712,2013.0,0.0,5649.0,1.700282,0.867677,FIN,ESP,0576
388087,77,71,712,2013.0,236234.0,6234955.0,1.5253299999999999,0.026146,FRA,ESP,0576
388088,81,71,712,2013.0,0.0,330273.0,1.628465,0.77075,GBR,ESP,0576
388089,84,71,712,2013.0,0.0,28746.0,0.348423,-0.521683,GIB,ESP,0576
388090,90,71,712,2013.0,9692.0,3125.0,0.073442,0.9857899999999999,GRC,ESP,0576
388091,100,71,712,2013.0,0.0,1434.0,0.8737309999999999,1.276091,HRV,ESP,0576
388092,102,71,712,2013.0,0.0,2242.0,1.6962560000000002,0.45460600000000007,HUN,ESP,0576
388093,106,71,712,2013.0,0.0,1160.0,1.32787,0.394579,IRL,ESP,0576
388094,109,71,712,2013.0,0.0,12113.0,0.284089,-0.164097,ISL,ESP,0576
388095,110,71,712,2013.0,34827.0,0.0,1.0247629999999999,0.8261639999999999,ISR,ESP,0576
388096,111,71,712,2013.0,41251.0,342054.0,1.419383,-0.304402,ITA,ESP,0576
388097,114,71,712,2013.0,0.0,23457.0,2.333417,-0.818701,JPN,ESP,0576
388098,130,71,712,2013.0,0.0,24662.0,0.677986,1.29227,LTU,ESP,0576
388099,131,71,712,2013.0,0.0,50924.0,1.0110190000000001,1.123226,LUX,ESP,0576
388100,132,71,712,2013.0,0.0,4108.0,0.652463,1.299917,LVA,ESP,0576
388101,134,71,712,2013.0,6565.0,0.0,-0.474872,0.178118,MAR,ESP,0576
388102,138,71,712,2013.0,0.0,715707.0,1.2327219999999999,0.746108,MEX,ESP,0576
388103,153,71,712,2013.0,0.0,4581.0,0.924532,0.671334,MYS,ESP,0576
388104,156,71,712,2013.0,0.0,2076.0,-0.262882,-0.63858,NCL,ESP,0576
388105,162,71,712,2013.0,45610.0,473196.0,1.012006,1.441545,NLD,ESP,0576
388106,163,71,712,2013.0,0.0,7507.0,0.710901,0.062705,NOR,ESP,0576
388107,173,71,712,2013.0,14410.0,0.0,-0.640044,0.121772,PER,ESP,0576
388108,177,71,712,2013.0,0.0,25484.0,1.11341,0.975734,POL,ESP,0576
388109,179,71,712,2013.0,22472.0,1755550.0,0.705087,2.2055580000000004,PRT,ESP,0576
388110,183,71,712,2013.0,0.0,22099.0,-0.583609,-1.003754,QAT,ESP,0576
388111,185,71,712,2013.0,0.0,4346.0,1.05722,1.0968799999999999,ROU,ESP,0576
388112,186,71,712,2013.0,0.0,47317.0,-0.08233,-0.267781,RUS,ESP,0576
388113,191,71,712,2013.0,0.0,1223.0,-0.566624,-0.185277,SEN,ESP,0576
388114,207,71,712,2013.0,0.0,5678.0,1.55922,0.565874,SVN,ESP,0576
388115,208,71,712,2013.0,0.0,4753.0,1.7851290000000002,0.182623,SWE,ESP,0576
388116,223,71,712,2013.0,0.0,1971.0,0.40154,0.902177,TUN,ESP,0576
388117,224,71,712,2013.0,6292485.0,57917.0,0.580016,2.394812,TUR,ESP,0576
388118,228,71,712,2013.0,0.0,6466.0,0.535571,1.026263,UKR,ESP,0576
388119,231,71,712,2013.0,0.0,585279.0,1.612058,-0.8592989999999999,USA,ESP,0576
388120,246,71,712,2013.0,12468.0,0.0,0.11624100000000001,1.574591,ZAF,ESP,0576
388121,32,72,712,2013.0,5777.0,0.0,0.2804,0.649729,BRA,EST,0576
388122,43,72,712,2013.0,3338.0,0.0,1.24864,0.667713,CHN,EST,0576
388123,61,72,712,2013.0,9845.0,0.0,2.1086869999999998,-3.7092,DEU,EST,0576
388124,74,72,712,2013.0,18698.0,0.0,1.700282,0.867677,FIN,EST,0576
388125,111,72,712,2013.0,4920.0,0.0,1.419383,-0.304402,ITA,EST,0576
388126,130,72,712,2013.0,6555.0,2879.0,0.677986,1.29227,LTU,EST,0576
388127,132,72,712,2013.0,53698.0,0.0,0.652463,1.299917,LVA,EST,0576
388128,162,72,712,2013.0,39379.0,0.0,1.012006,1.441545,NLD,EST,0576
388129,224,72,712,2013.0,52031.0,0.0,0.580016,2.394812,TUR,EST,0576
388130,250,72,712,2013.0,10004.0,0.0,0.583151,0.14238299999999998,ANS,EST,0576
388131,8,74,712,2013.0,7949.0,0.0,0.042829,0.461002,ARG,FIN,0576
388132,18,74,712,2013.0,164436.0,0.0,1.198491,1.117268,BEL,FIN,0576
388133,32,74,712,2013.0,131622.0,0.0,0.2804,0.649729,BRA,FIN,0576
388134,61,74,712,2013.0,217638.0,0.0,2.1086869999999998,-3.7092,DEU,FIN,0576
388135,64,74,712,2013.0,460878.0,4608.0,1.190302,1.062991,DNK,FIN,0576
388136,71,74,712,2013.0,5649.0,0.0,0.955472,1.80005,ESP,FIN,0576
388137,72,74,712,2013.0,0.0,18698.0,0.923321,1.290016,EST,FIN,0576
388138,77,74,712,2013.0,263730.0,0.0,1.5253299999999999,0.026146,FRA,FIN,0576
388139,81,74,712,2013.0,45601.0,0.0,1.628465,0.77075,GBR,FIN,0576
388140,90,74,712,2013.0,27842.0,0.0,0.073442,0.9857899999999999,GRC,FIN,0576
388141,107,74,712,2013.0,2896.0,0.0,-0.23625100000000002,-0.256067,IRN,FIN,0576
388142,110,74,712,2013.0,27432.0,0.0,1.0247629999999999,0.8261639999999999,ISR,FIN,0576
388143,111,74,712,2013.0,2782.0,0.0,1.419383,-0.304402,ITA,FIN,0576
388144,130,74,712,2013.0,3946.0,2959.0,0.677986,1.29227,LTU,FIN,0576
388145,138,74,712,2013.0,1423.0,0.0,1.2327219999999999,0.746108,MEX,FIN,0576
388146,162,74,712,2013.0,400971.0,2979.0,1.012006,1.441545,NLD,FIN,0576
388147,186,74,712,2013.0,0.0,12460.0,-0.08233,-0.267781,RUS,FIN,0576
388148,208,74,712,2013.0,25448.0,0.0,1.7851290000000002,0.182623,SWE,FIN,0576
388149,223,74,712,2013.0,1351.0,0.0,0.40154,0.902177,TUN,FIN,0576
388150,224,74,712,2013.0,116828.0,0.0,0.580016,2.394812,TUR,FIN,0576
388151,7,77,712,2013.0,0.0,4117.0,-0.338417,-0.754102,ARE,FRA,0576
388152,8,77,712,2013.0,61040.0,0.0,0.042829,0.461002,ARG,FRA,0576
388153,15,77,712,2013.0,420191.0,36697.0,1.855434,-1.06494,AUT,FRA,0576
388154,18,77,712,2013.0,637301.0,1215205.0,1.198491,1.117268,BEL,FRA,0576
388155,23,77,712,2013.0,0.0,3513.0,0.622325,1.5506229999999999,BGR,FRA,0576
388156,32,77,712,2013.0,997604.0,0.0,0.2804,0.649729,BRA,FRA,0576
388157,39,77,712,2013.0,0.0,33970.0,0.599305,1.193591,CAN,FRA,0576
388158,41,77,712,2013.0,1506.0,2278062.0,2.0899229999999998,0.661667,CHE,FRA,0576
388159,42,77,712,2013.0,76112.0,0.0,-0.184556,-0.238657,CHL,FRA,0576
388160,44,77,712,2013.0,0.0,5074.0,-1.0025870000000001,-0.901658,CIV,FRA,0576
388161,47,77,712,2013.0,0.0,5658.0,-1.478461,-1.094509,COG,FRA,0576
388162,49,77,712,2013.0,4292.0,0.0,0.034491,-0.36975,COL,FRA,0576
388163,59,77,712,2013.0,0.0,26298.0,1.829509,-0.41787700000000005,CZE,FRA,0576
388164,61,77,712,2013.0,1748921.0,541433.0,2.1086869999999998,-3.7092,DEU,FRA,0576
388165,62,77,712,2013.0,0.0,2575.0,-0.35226399999999997,-0.542234,DJI,FRA,0576
388166,64,77,712,2013.0,0.0,21235.0,1.190302,1.062991,DNK,FRA,0576
388167,68,77,712,2013.0,4045.0,0.0,-0.12015799999999999,1.793363,EGY,FRA,0576
388168,71,77,712,2013.0,6234955.0,236234.0,0.955472,1.80005,ESP,FRA,0576
388169,74,77,712,2013.0,0.0,263730.0,1.700282,0.867677,FIN,FRA,0576
388170,81,77,712,2013.0,1498.0,2087081.0,1.628465,0.77075,GBR,FRA,0576
388171,90,77,712,2013.0,111088.0,18087.0,0.073442,0.9857899999999999,GRC,FRA,0576
388172,92,77,712,2013.0,0.0,2567.0,-1.119616,-0.802964,GRL,FRA,0576
388173,97,77,712,2013.0,0.0,15408.0,0.791401,1.249845,HKG,FRA,0576
388174,102,77,712,2013.0,0.0,1012.0,1.6962560000000002,0.45460600000000007,HUN,FRA,0576
388175,104,77,712,2013.0,21489.0,0.0,0.18186,2.647598,IND,FRA,0576
388176,106,77,712,2013.0,0.0,98818.0,1.32787,0.394579,IRL,FRA,0576
388177,107,77,712,2013.0,197042.0,9150.0,-0.23625100000000002,-0.256067,IRN,FRA,0576
388178,110,77,712,2013.0,51853.0,0.0,1.0247629999999999,0.8261639999999999,ISR,FRA,0576
388179,111,77,712,2013.0,2508674.0,293131.0,1.419383,-0.304402,ITA,FRA,0576
388180,114,77,712,2013.0,0.0,55215.0,2.333417,-0.818701,JPN,FRA,0576
388181,121,77,712,2013.0,0.0,3673.0,1.817145,0.835414,KOR,FRA,0576
388182,122,77,712,2013.0,18312.0,33674.0,-1.198985,-1.057248,KWT,FRA,0576
388183,124,77,712,2013.0,4419.0,0.0,0.37392800000000004,1.413136,LBN,FRA,0576
388184,128,77,712,2013.0,21041.0,0.0,-0.320583,0.44462399999999996,LKA,FRA,0576
388185,131,77,712,2013.0,3789.0,136450.0,1.0110190000000001,1.123226,LUX,FRA,0576
388186,134,77,712,2013.0,4347.0,0.0,-0.474872,0.178118,MAR,FRA,0576
388187,142,77,712,2013.0,0.0,4111.0,0.710108,-0.014586000000000002,MLT,FRA,0576
388188,151,77,712,2013.0,0.0,42176.0,-0.092312,0.050927,MUS,FRA,0576
388189,154,77,712,2013.0,0.0,13672.0,0.652359,-0.525881,MYT,FRA,0576
388190,156,77,712,2013.0,0.0,5392.0,-0.262882,-0.63858,NCL,FRA,0576
388191,162,77,712,2013.0,812005.0,515366.0,1.012006,1.441545,NLD,FRA,0576
388192,163,77,712,2013.0,0.0,2837.0,0.710901,0.062705,NOR,FRA,0576
388193,173,77,712,2013.0,118583.0,0.0,-0.640044,0.121772,PER,FRA,0576
388194,179,77,712,2013.0,134722.0,4167.0,0.705087,2.2055580000000004,PRT,FRA,0576
388195,185,77,712,2013.0,0.0,124097.0,1.05722,1.0968799999999999,ROU,FRA,0576
388196,186,77,712,2013.0,0.0,68983.0,-0.08233,-0.267781,RUS,FRA,0576
388197,191,77,712,2013.0,0.0,13812.0,-0.566624,-0.185277,SEN,FRA,0576
388198,192,77,712,2013.0,0.0,7267.0,1.844685,0.639379,SGP,FRA,0576
388199,206,77,712,2013.0,0.0,4054.0,1.510052,0.7060310000000001,SVK,FRA,0576
388200,207,77,712,2013.0,0.0,34172.0,1.55922,0.565874,SVN,FRA,0576
388201,208,77,712,2013.0,0.0,40586.0,1.7851290000000002,0.182623,SWE,FRA,0576
388202,211,77,712,2013.0,0.0,1818.0,0.06901,-0.438229,SYC,FRA,0576
388203,215,77,712,2013.0,0.0,1409.0,-0.532095,-0.434276,TGO,FRA,0576
388204,223,77,712,2013.0,0.0,48041.0,0.40154,0.902177,TUN,FRA,0576
388205,224,77,712,2013.0,34268740.0,28958.0,0.580016,2.394812,TUR,FRA,0576
388206,231,77,712,2013.0,0.0,14579.0,1.612058,-0.8592989999999999,USA,FRA,0576
388207,246,77,712,2013.0,162147.0,0.0,0.11624100000000001,1.574591,ZAF,FRA,0576
388208,249,77,712,2013.0,7028.0,5567.0,1.7382849999999999,0.9917739999999999,TWN,FRA,0576
388209,7,81,712,2013.0,4177.0,20559.0,-0.338417,-0.754102,ARE,GBR,0576
388210,8,81,712,2013.0,161162.0,0.0,0.042829,0.461002,ARG,GBR,0576
388211,14,81,712,2013.0,0.0,5964.0,-0.63369,-0.276328,AUS,GBR,0576
388212,15,81,712,2013.0,2010.0,0.0,1.855434,-1.06494,AUT,GBR,0576
388213,18,81,712,2013.0,23824.0,335532.0,1.198491,1.117268,BEL,GBR,0576
388214,30,81,712,2013.0,0.0,2047.0,1.020753,-0.10180399999999999,BMU,GBR,0576
388215,32,81,712,2013.0,793790.0,0.0,0.2804,0.649729,BRA,GBR,0576
388216,33,81,712,2013.0,0.0,6714.0,0.607845,0.09196,BRB,GBR,0576
388217,39,81,712,2013.0,0.0,4453.0,0.599305,1.193591,CAN,GBR,0576
388218,41,81,712,2013.0,0.0,61501.0,2.0899229999999998,0.661667,CHE,GBR,0576
388219,42,81,712,2013.0,239335.0,0.0,-0.184556,-0.238657,CHL,GBR,0576
388220,43,81,712,2013.0,5655.0,0.0,1.24864,0.667713,CHN,GBR,0576
388221,49,81,712,2013.0,4132.0,0.0,0.034491,-0.36975,COL,GBR,0576
388222,58,81,712,2013.0,5879.0,3398.0,0.36482800000000004,0.527544,CYP,GBR,0576
388223,59,81,712,2013.0,5695.0,0.0,1.829509,-0.41787700000000005,CZE,GBR,0576
388224,61,81,712,2013.0,980119.0,0.0,2.1086869999999998,-3.7092,DEU,GBR,0576
388225,64,81,712,2013.0,1493.0,42840.0,1.190302,1.062991,DNK,GBR,0576
388226,68,81,712,2013.0,6994.0,0.0,-0.12015799999999999,1.793363,EGY,GBR,0576
388227,71,81,712,2013.0,330273.0,0.0,0.955472,1.80005,ESP,GBR,0576
388228,74,81,712,2013.0,0.0,45601.0,1.700282,0.867677,FIN,GBR,0576
388229,77,81,712,2013.0,2087081.0,1498.0,1.5253299999999999,0.026146,FRA,GBR,0576
388230,90,81,712,2013.0,632359.0,32813.0,0.073442,0.9857899999999999,GRC,GBR,0576
388231,97,81,712,2013.0,0.0,4722.0,0.791401,1.249845,HKG,GBR,0576
388232,100,81,712,2013.0,3698.0,1601.0,0.8737309999999999,1.276091,HRV,GBR,0576
388233,104,81,712,2013.0,1915.0,0.0,0.18186,2.647598,IND,GBR,0576
388234,106,81,712,2013.0,21185.0,560517.0,1.32787,0.394579,IRL,GBR,0576
388235,107,81,712,2013.0,25310.0,0.0,-0.23625100000000002,-0.256067,IRN,GBR,0576
388236,109,81,712,2013.0,0.0,55367.0,0.284089,-0.164097,ISL,GBR,0576
388237,110,81,712,2013.0,1798071.0,0.0,1.0247629999999999,0.8261639999999999,ISR,GBR,0576
388238,111,81,712,2013.0,706703.0,104337.0,1.419383,-0.304402,ITA,GBR,0576
388239,116,81,712,2013.0,1363.0,0.0,-0.303119,0.626786,KEN,GBR,0576
388240,124,81,712,2013.0,1283.0,0.0,0.37392800000000004,1.413136,LBN,GBR,0576
388241,128,81,712,2013.0,1845.0,0.0,-0.320583,0.44462399999999996,LKA,GBR,0576
388242,130,81,712,2013.0,0.0,2520.0,0.677986,1.29227,LTU,GBR,0576
388243,132,81,712,2013.0,0.0,2779.0,0.652463,1.299917,LVA,GBR,0576
388244,134,81,712,2013.0,16376.0,0.0,-0.474872,0.178118,MAR,GBR,0576
388245,142,81,712,2013.0,0.0,7886.0,0.710108,-0.014586000000000002,MLT,GBR,0576
388246,153,81,712,2013.0,0.0,2612.0,0.924532,0.671334,MYS,GBR,0576
388247,162,81,712,2013.0,1087457.0,111442.0,1.012006,1.441545,NLD,GBR,0576
388248,163,81,712,2013.0,0.0,4529.0,0.710901,0.062705,NOR,GBR,0576
388249,168,81,712,2013.0,4262.0,0.0,-0.697224,0.501576,PAK,GBR,0576
388250,173,81,712,2013.0,1953.0,0.0,-0.640044,0.121772,PER,GBR,0576
388251,177,81,712,2013.0,1594.0,14976.0,1.11341,0.975734,POL,GBR,0576
388252,179,81,712,2013.0,10643.0,0.0,0.705087,2.2055580000000004,PRT,GBR,0576
388253,185,81,712,2013.0,0.0,1222.0,1.05722,1.0968799999999999,ROU,GBR,0576
388254,188,81,712,2013.0,368958.0,0.0,-0.14823599999999998,-0.883965,SAU,GBR,0576
388255,192,81,712,2013.0,0.0,2312.0,1.844685,0.639379,SGP,GBR,0576
388256,206,81,712,2013.0,0.0,2542.0,1.510052,0.7060310000000001,SVK,GBR,0576
388257,208,81,712,2013.0,0.0,3496.0,1.7851290000000002,0.182623,SWE,GBR,0576
388258,211,81,712,2013.0,0.0,1246.0,0.06901,-0.438229,SYC,GBR,0576
388259,224,81,712,2013.0,10126602.0,19544.0,0.580016,2.394812,TUR,GBR,0576
388260,226,81,712,2013.0,0.0,1330.0,-0.654655,0.903574,TZA,GBR,0576
388261,231,81,712,2013.0,13079.0,11023.0,1.612058,-0.8592989999999999,USA,GBR,0576
388262,246,81,712,2013.0,949516.0,0.0,0.11624100000000001,1.574591,ZAF,GBR,0576
388263,4,90,712,2013.0,0.0,3313.0,-0.44779300000000005,-0.13181700000000002,ALB,GRC,0576
388264,7,90,712,2013.0,0.0,20562.0,-0.338417,-0.754102,ARE,GRC,0576
388265,9,90,712,2013.0,0.0,35286.0,-0.159148,-0.515766,ARM,GRC,0576
388266,14,90,712,2013.0,0.0,985310.0,-0.63369,-0.276328,AUS,GRC,0576
388267,15,90,712,2013.0,0.0,1224669.0,1.855434,-1.06494,AUT,GRC,0576
388268,18,90,712,2013.0,0.0,183108.0,1.198491,1.117268,BEL,GRC,0576
388269,23,90,712,2013.0,1391.0,151222.0,0.622325,1.5506229999999999,BGR,GRC,0576
388270,28,90,712,2013.0,0.0,2107.0,1.183522,0.934159,BLR,GRC,0576
388271,39,90,712,2013.0,0.0,1652320.0,0.599305,1.193591,CAN,GRC,0576
388272,41,90,712,2013.0,0.0,12076.0,2.0899229999999998,0.661667,CHE,GRC,0576
388273,43,90,712,2013.0,0.0,131383.0,1.24864,0.667713,CHN,GRC,0576
388274,58,90,712,2013.0,0.0,583500.0,0.36482800000000004,0.527544,CYP,GRC,0576
388275,59,90,712,2013.0,0.0,260029.0,1.829509,-0.41787700000000005,CZE,GRC,0576
388276,61,90,712,2013.0,1891.0,627676.0,2.1086869999999998,-3.7092,DEU,GRC,0576
388277,68,90,712,2013.0,0.0,85484.0,-0.12015799999999999,1.793363,EGY,GRC,0576
388278,71,90,712,2013.0,3125.0,9692.0,0.955472,1.80005,ESP,GRC,0576
388279,74,90,712,2013.0,0.0,27842.0,1.700282,0.867677,FIN,GRC,0576
388280,77,90,712,2013.0,18087.0,111088.0,1.5253299999999999,0.026146,FRA,GRC,0576
388281,81,90,712,2013.0,32813.0,632359.0,1.628465,0.77075,GBR,GRC,0576
388282,97,90,712,2013.0,0.0,156514.0,0.791401,1.249845,HKG,GRC,0576
388283,100,90,712,2013.0,0.0,132957.0,0.8737309999999999,1.276091,HRV,GRC,0576
388284,102,90,712,2013.0,0.0,125890.0,1.6962560000000002,0.45460600000000007,HUN,GRC,0576
388285,111,90,712,2013.0,63714.0,3699643.0,1.419383,-0.304402,ITA,GRC,0576
388286,114,90,712,2013.0,0.0,31077.0,2.333417,-0.818701,JPN,GRC,0576
388287,115,90,712,2013.0,0.0,2683.0,-0.9193819999999999,-0.734194,KAZ,GRC,0576
388288,122,90,712,2013.0,0.0,49056.0,-1.198985,-1.057248,KWT,GRC,0576
388289,140,90,712,2013.0,0.0,9854.0,-0.127775,0.21915900000000002,MKD,GRC,0576
388290,142,90,712,2013.0,0.0,66068.0,0.710108,-0.014586000000000002,MLT,GRC,0576
388291,162,90,712,2013.0,29921.0,21420.0,1.012006,1.441545,NLD,GRC,0576
388292,166,90,712,2013.0,0.0,9021.0,0.192237,0.429825,NZL,GRC,0576
388293,177,90,712,2013.0,12365.0,627944.0,1.11341,0.975734,POL,GRC,0576
388294,185,90,712,2013.0,0.0,40950.0,1.05722,1.0968799999999999,ROU,GRC,0576
388295,186,90,712,2013.0,4498.0,38584.0,-0.08233,-0.267781,RUS,GRC,0576
388296,201,90,712,2013.0,0.0,8990.0,0.609755,1.355304,SRB,GRC,0576
388297,206,90,712,2013.0,0.0,177119.0,1.510052,0.7060310000000001,SVK,GRC,0576
388298,207,90,712,2013.0,0.0,59607.0,1.55922,0.565874,SVN,GRC,0576
388299,208,90,712,2013.0,0.0,8755.0,1.7851290000000002,0.182623,SWE,GRC,0576
388300,224,90,712,2013.0,115169.0,0.0,0.580016,2.394812,TUR,GRC,0576
388301,228,90,712,2013.0,0.0,6388.0,0.535571,1.026263,UKR,GRC,0576
388302,231,90,712,2013.0,0.0,3915094.0,1.612058,-0.8592989999999999,USA,GRC,0576
388303,249,90,712,2013.0,0.0,3261.0,1.7382849999999999,0.9917739999999999,TWN,GRC,0576
388304,197,93,712,2013.0,0.0,19855.0,0.104046,0.46966,SLV,GTM,0576
388305,8,97,712,2013.0,53829.0,0.0,0.042829,0.461002,ARG,HKG,0576
388306,14,97,712,2013.0,4625.0,5550.0,-0.63369,-0.276328,AUS,HKG,0576
388307,18,97,712,2013.0,380861.0,0.0,1.198491,1.117268,BEL,HKG,0576
388308,32,97,712,2013.0,33699.0,0.0,0.2804,0.649729,BRA,HKG,0576
388309,39,97,712,2013.0,2166.0,3657.0,0.599305,1.193591,CAN,HKG,0576
388310,41,97,712,2013.0,5301.0,0.0,2.0899229999999998,0.661667,CHE,HKG,0576
388311,42,97,712,2013.0,17326.0,0.0,-0.184556,-0.238657,CHL,HKG,0576
388312,43,97,712,2013.0,76544.0,5259.0,1.24864,0.667713,CHN,HKG,0576
388313,61,97,712,2013.0,61942.0,0.0,2.1086869999999998,-3.7092,DEU,HKG,0576
388314,68,97,712,2013.0,2460.0,0.0,-0.12015799999999999,1.793363,EGY,HKG,0576
388315,77,97,712,2013.0,15408.0,0.0,1.5253299999999999,0.026146,FRA,HKG,0576
388316,81,97,712,2013.0,4722.0,0.0,1.628465,0.77075,GBR,HKG,0576
388317,90,97,712,2013.0,156514.0,0.0,0.073442,0.9857899999999999,GRC,HKG,0576
388318,104,97,712,2013.0,28617.0,0.0,0.18186,2.647598,IND,HKG,0576
388319,107,97,712,2013.0,746047.0,0.0,-0.23625100000000002,-0.256067,IRN,HKG,0576
388320,110,97,712,2013.0,437264.0,0.0,1.0247629999999999,0.8261639999999999,ISR,HKG,0576
388321,114,97,712,2013.0,15743.0,0.0,2.333417,-0.818701,JPN,HKG,0576
388322,121,97,712,2013.0,10787.0,0.0,1.817145,0.835414,KOR,HKG,0576
388323,133,97,712,2013.0,0.0,235038.0,0.43873,0.275559,MAC,HKG,0576
388324,138,97,712,2013.0,1245601.0,0.0,1.2327219999999999,0.746108,MEX,HKG,0576
388325,153,97,712,2013.0,0.0,33152.0,0.924532,0.671334,MYS,HKG,0576
388326,162,97,712,2013.0,11029.0,0.0,1.012006,1.441545,NLD,HKG,0576
388327,173,97,712,2013.0,30277.0,0.0,-0.640044,0.121772,PER,HKG,0576
388328,192,97,712,2013.0,149871.0,173384.0,1.844685,0.639379,SGP,HKG,0576
388329,216,97,712,2013.0,2561.0,0.0,1.067287,1.2767110000000002,THA,HKG,0576
388330,224,97,712,2013.0,2535438.0,0.0,0.580016,2.394812,TUR,HKG,0576
388331,231,97,712,2013.0,1186731.0,25634.0,1.612058,-0.8592989999999999,USA,HKG,0576
388332,239,97,712,2013.0,0.0,438400.0,0.009264,1.182368,VNM,HKG,0576
388333,246,97,712,2013.0,74068.0,0.0,0.11624100000000001,1.574591,ZAF,HKG,0576
388334,249,97,712,2013.0,0.0,23781.0,1.7382849999999999,0.9917739999999999,TWN,HKG,0576
388335,15,102,712,2013.0,203125.0,1169.0,1.855434,-1.06494,AUT,HUN,0576
388336,18,102,712,2013.0,1319.0,0.0,1.198491,1.117268,BEL,HUN,0576
388337,23,102,712,2013.0,0.0,1482.0,0.622325,1.5506229999999999,BGR,HUN,0576
388338,59,102,712,2013.0,24218.0,0.0,1.829509,-0.41787700000000005,CZE,HUN,0576
388339,61,102,712,2013.0,111212.0,0.0,2.1086869999999998,-3.7092,DEU,HUN,0576
388340,64,102,712,2013.0,5035.0,0.0,1.190302,1.062991,DNK,HUN,0576
388341,71,102,712,2013.0,2242.0,0.0,0.955472,1.80005,ESP,HUN,0576
388342,77,102,712,2013.0,1012.0,0.0,1.5253299999999999,0.026146,FRA,HUN,0576
388343,90,102,712,2013.0,125890.0,0.0,0.073442,0.9857899999999999,GRC,HUN,0576
388344,100,102,712,2013.0,0.0,8905.0,0.8737309999999999,1.276091,HRV,HUN,0576
388345,111,102,712,2013.0,76581.0,0.0,1.419383,-0.304402,ITA,HUN,0576
388346,162,102,712,2013.0,78071.0,0.0,1.012006,1.441545,NLD,HUN,0576
388347,177,102,712,2013.0,4232.0,0.0,1.11341,0.975734,POL,HUN,0576
388348,185,102,712,2013.0,0.0,13340.0,1.05722,1.0968799999999999,ROU,HUN,0576
388349,206,102,712,2013.0,19918.0,1048.0,1.510052,0.7060310000000001,SVK,HUN,0576
388350,207,102,712,2013.0,0.0,8782.0,1.55922,0.565874,SVN,HUN,0576
388351,224,102,712,2013.0,797095.0,0.0,0.580016,2.394812,TUR,HUN,0576
388352,224,103,712,2013.0,7876.0,0.0,0.580016,2.394812,TUR,IDN,0576
388353,1,104,712,2013.0,54819628.0,0.0,-0.767212,-0.6506069999999999,AFG,IND,0576
388354,7,104,712,2013.0,3708.0,1024.0,-0.338417,-0.754102,ARE,IND,0576
388355,41,104,712,2013.0,0.0,1253.0,2.0899229999999998,0.661667,CHE,IND,0576
388356,42,104,712,2013.0,1717.0,0.0,-0.184556,-0.238657,CHL,IND,0576
388357,61,104,712,2013.0,0.0,1628.0,2.1086869999999998,-3.7092,DEU,IND,0576
388358,77,104,712,2013.0,0.0,21489.0,1.5253299999999999,0.026146,FRA,IND,0576
388359,81,104,712,2013.0,0.0,1915.0,1.628465,0.77075,GBR,IND,0576
388360,97,104,712,2013.0,0.0,28617.0,0.791401,1.249845,HKG,IND,0576
388361,107,104,712,2013.0,89538.0,0.0,-0.23625100000000002,-0.256067,IRN,IND,0576
388362,113,104,712,2013.0,0.0,41163.0,0.1888,0.596867,JOR,IND,0576
388363,116,104,712,2013.0,0.0,10348.0,-0.303119,0.626786,KEN,IND,0576
388364,137,104,712,2013.0,0.0,94302.0,-0.510204,-0.740372,MDV,IND,0576
388365,164,104,712,2013.0,0.0,220376.0,-0.08623,0.5143939999999999,NPL,IND,0576
388366,166,104,712,2013.0,0.0,1383.0,0.192237,0.429825,NZL,IND,0576
388367,168,104,712,2013.0,636400.0,0.0,-0.697224,0.501576,PAK,IND,0576
388368,183,104,712,2013.0,0.0,2822.0,-0.583609,-1.003754,QAT,IND,0576
388369,190,104,712,2013.0,0.0,1754.0,-1.224897,-1.059517,SDN,IND,0576
388370,192,104,712,2013.0,0.0,2016.0,1.844685,0.639379,SGP,IND,0576
388371,216,104,712,2013.0,3260.0,0.0,1.067287,1.2767110000000002,THA,IND,0576
388372,224,104,712,2013.0,18404.0,0.0,0.580016,2.394812,TUR,IND,0576
388373,15,110,712,2013.0,0.0,15133.0,1.855434,-1.06494,AUT,ISR,0576
388374,18,110,712,2013.0,0.0,407164.0,1.198491,1.117268,BEL,ISR,0576
388375,39,110,712,2013.0,0.0,176947.0,0.599305,1.193591,CAN,ISR,0576
388376,41,110,712,2013.0,0.0,191881.0,2.0899229999999998,0.661667,CHE,ISR,0576
388377,59,110,712,2013.0,0.0,3833.0,1.829509,-0.41787700000000005,CZE,ISR,0576
388378,61,110,712,2013.0,0.0,176072.0,2.1086869999999998,-3.7092,DEU,ISR,0576
388379,71,110,712,2013.0,0.0,34827.0,0.955472,1.80005,ESP,ISR,0576
388380,74,110,712,2013.0,0.0,27432.0,1.700282,0.867677,FIN,ISR,0576
388381,77,110,712,2013.0,0.0,51853.0,1.5253299999999999,0.026146,FRA,ISR,0576
388382,81,110,712,2013.0,0.0,1798071.0,1.628465,0.77075,GBR,ISR,0576
388383,97,110,712,2013.0,0.0,437264.0,0.791401,1.249845,HKG,ISR,0576
388384,106,110,712,2013.0,0.0,3475.0,1.32787,0.394579,IRL,ISR,0576
388385,109,110,712,2013.0,0.0,1675.0,0.284089,-0.164097,ISL,ISR,0576
388386,111,110,712,2013.0,53639.0,0.0,1.419383,-0.304402,ITA,ISR,0576
388387,131,110,712,2013.0,0.0,5324.0,1.0110190000000001,1.123226,LUX,ISR,0576
388388,132,110,712,2013.0,0.0,1815.0,0.652463,1.299917,LVA,ISR,0576
388389,162,110,712,2013.0,0.0,279739.0,1.012006,1.441545,NLD,ISR,0576
388390,163,110,712,2013.0,0.0,40252.0,0.710901,0.062705,NOR,ISR,0576
388391,177,110,712,2013.0,0.0,9723.0,1.11341,0.975734,POL,ISR,0576
388392,181,110,712,2013.0,8526.0,109983.0,0.103716,0.762259,PSE,ISR,0576
388393,186,110,712,2013.0,0.0,16764.0,-0.08233,-0.267781,RUS,ISR,0576
388394,192,110,712,2013.0,0.0,33647.0,1.844685,0.639379,SGP,ISR,0576
388395,224,110,712,2013.0,4423670.0,0.0,0.580016,2.394812,TUR,ISR,0576
388396,228,110,712,2013.0,0.0,1661.0,0.535571,1.026263,UKR,ISR,0576
388397,231,110,712,2013.0,89692.0,0.0,1.612058,-0.8592989999999999,USA,ISR,0576
388398,246,110,712,2013.0,0.0,125384.0,0.11624100000000001,1.574591,ZAF,ISR,0576
388399,2,111,712,2013.0,0.0,1146.0,-1.240877,-1.073797,AGO,ITA,0576
388400,14,111,712,2013.0,0.0,4134.0,-0.63369,-0.276328,AUS,ITA,0576
388401,15,111,712,2013.0,34144.0,779319.0,1.855434,-1.06494,AUT,ITA,0576
388402,18,111,712,2013.0,2532.0,763782.0,1.198491,1.117268,BEL,ITA,0576
388403,26,111,712,2013.0,0.0,6984.0,0.723658,0.9271879999999999,BIH,ITA,0576
388404,32,111,712,2013.0,3198.0,0.0,0.2804,0.649729,BRA,ITA,0576
388405,39,111,712,2013.0,0.0,202273.0,0.599305,1.193591,CAN,ITA,0576
388406,41,111,712,2013.0,2300.0,588909.0,2.0899229999999998,0.661667,CHE,ITA,0576
388407,59,111,712,2013.0,0.0,66405.0,1.829509,-0.41787700000000005,CZE,ITA,0576
388408,61,111,712,2013.0,728306.0,1472017.0,2.1086869999999998,-3.7092,DEU,ITA,0576
388409,64,111,712,2013.0,0.0,108284.0,1.190302,1.062991,DNK,ITA,0576
388410,71,111,712,2013.0,342054.0,41251.0,0.955472,1.80005,ESP,ITA,0576
388411,72,111,712,2013.0,0.0,4920.0,0.923321,1.290016,EST,ITA,0576
388412,74,111,712,2013.0,0.0,2782.0,1.700282,0.867677,FIN,ITA,0576
388413,77,111,712,2013.0,293131.0,2508674.0,1.5253299999999999,0.026146,FRA,ITA,0576
388414,81,111,712,2013.0,104337.0,706703.0,1.628465,0.77075,GBR,ITA,0576
388415,90,111,712,2013.0,3699643.0,63714.0,0.073442,0.9857899999999999,GRC,ITA,0576
388416,100,111,712,2013.0,0.0,34955.0,0.8737309999999999,1.276091,HRV,ITA,0576
388417,102,111,712,2013.0,0.0,76581.0,1.6962560000000002,0.45460600000000007,HUN,ITA,0576
388418,110,111,712,2013.0,0.0,53639.0,1.0247629999999999,0.8261639999999999,ISR,ITA,0576
388419,130,111,712,2013.0,0.0,33229.0,0.677986,1.29227,LTU,ITA,0576
388420,131,111,712,2013.0,0.0,8075.0,1.0110190000000001,1.123226,LUX,ITA,0576
388421,132,111,712,2013.0,0.0,2003.0,0.652463,1.299917,LVA,ITA,0576
388422,142,111,712,2013.0,0.0,116100.0,0.710108,-0.014586000000000002,MLT,ITA,0576
388423,144,111,712,2013.0,0.0,1699.0,0.09597,-0.019953,MNE,ITA,0576
388424,159,111,712,2013.0,0.0,1537.0,-1.679402,-1.14686,NGA,ITA,0576
388425,162,111,712,2013.0,71284.0,167216.0,1.012006,1.441545,NLD,ITA,0576
388426,163,111,712,2013.0,0.0,56485.0,0.710901,0.062705,NOR,ITA,0576
388427,177,111,712,2013.0,0.0,1040.0,1.11341,0.975734,POL,ITA,0576
388428,183,111,712,2013.0,0.0,5637.0,-0.583609,-1.003754,QAT,ITA,0576
388429,185,111,712,2013.0,0.0,1534.0,1.05722,1.0968799999999999,ROU,ITA,0576
388430,186,111,712,2013.0,0.0,6794.0,-0.08233,-0.267781,RUS,ITA,0576
388431,201,111,712,2013.0,0.0,3324.0,0.609755,1.355304,SRB,ITA,0576
388432,206,111,712,2013.0,13036.0,12336.0,1.510052,0.7060310000000001,SVK,ITA,0576
388433,207,111,712,2013.0,1356.0,530464.0,1.55922,0.565874,SVN,ITA,0576
388434,208,111,712,2013.0,0.0,686911.0,1.7851290000000002,0.182623,SWE,ITA,0576
388435,216,111,712,2013.0,0.0,1412.0,1.067287,1.2767110000000002,THA,ITA,0576
388436,224,111,712,2013.0,11543519.0,85439.0,0.580016,2.394812,TUR,ITA,0576
388437,231,111,712,2013.0,0.0,140598.0,1.612058,-0.8592989999999999,USA,ITA,0576
388438,231,112,712,2013.0,4230.0,0.0,1.612058,-0.8592989999999999,USA,JAM,0576
388439,7,113,712,2013.0,257087.0,2234.0,-0.338417,-0.754102,ARE,JOR,0576
388440,61,113,712,2013.0,3332.0,0.0,2.1086869999999998,-3.7092,DEU,JOR,0576
388441,104,113,712,2013.0,41163.0,0.0,0.18186,2.647598,IND,JOR,0576
388442,122,113,712,2013.0,0.0,1564.0,-1.198985,-1.057248,KWT,JOR,0576
388443,124,113,712,2013.0,0.0,1230.0,0.37392800000000004,1.413136,LBN,JOR,0576
388444,163,113,712,2013.0,0.0,1076.0,0.710901,0.062705,NOR,JOR,0576
388445,183,113,712,2013.0,0.0,1715.0,-0.583609,-1.003754,QAT,JOR,0576
388446,188,113,712,2013.0,130758.0,0.0,-0.14823599999999998,-0.883965,SAU,JOR,0576
388447,212,113,712,2013.0,418994.0,0.0,-0.09157699999999999,1.1795950000000002,SYR,JOR,0576
388448,224,113,712,2013.0,123974.0,0.0,0.580016,2.394812,TUR,JOR,0576
388449,250,113,712,2013.0,0.0,33186.0,0.583151,0.14238299999999998,ANS,JOR,0576
388450,7,121,712,2013.0,46914.0,0.0,-0.338417,-0.754102,ARE,KOR,0576
388451,18,121,712,2013.0,3279.0,0.0,1.198491,1.117268,BEL,KOR,0576
388452,61,121,712,2013.0,41334.0,0.0,2.1086869999999998,-3.7092,DEU,KOR,0576
388453,77,121,712,2013.0,3673.0,0.0,1.5253299999999999,0.026146,FRA,KOR,0576
388454,97,121,712,2013.0,0.0,10787.0,0.791401,1.249845,HKG,KOR,0576
388455,107,121,712,2013.0,381441.0,0.0,-0.23625100000000002,-0.256067,IRN,KOR,0576
388456,224,121,712,2013.0,394910.0,0.0,0.580016,2.394812,TUR,KOR,0576
388457,231,121,712,2013.0,95235.0,6929.0,1.612058,-0.8592989999999999,USA,KOR,0576
388458,7,122,712,2013.0,21449.0,0.0,-0.338417,-0.754102,ARE,KWT,0576
388459,32,122,712,2013.0,1788.0,0.0,0.2804,0.649729,BRA,KWT,0576
388460,68,122,712,2013.0,16260.0,0.0,-0.12015799999999999,1.793363,EGY,KWT,0576
388461,77,122,712,2013.0,33674.0,18312.0,1.5253299999999999,0.026146,FRA,KWT,0576
388462,90,122,712,2013.0,49056.0,0.0,0.073442,0.9857899999999999,GRC,KWT,0576
388463,107,122,712,2013.0,43676.0,2299.0,-0.23625100000000002,-0.256067,IRN,KWT,0576
388464,108,122,712,2013.0,0.0,2469.0,-3.147217,-0.685991,IRQ,KWT,0576
388465,113,122,712,2013.0,1564.0,0.0,0.1888,0.596867,JOR,KWT,0576
388466,124,122,712,2013.0,286724.0,0.0,0.37392800000000004,1.413136,LBN,KWT,0576
388467,128,122,712,2013.0,12176.0,0.0,-0.320583,0.44462399999999996,LKA,KWT,0576
388468,162,122,712,2013.0,3407.0,0.0,1.012006,1.441545,NLD,KWT,0576
388469,168,122,712,2013.0,5191.0,0.0,-0.697224,0.501576,PAK,KWT,0576
388470,188,122,712,2013.0,117491.0,0.0,-0.14823599999999998,-0.883965,SAU,KWT,0576
388471,212,122,712,2013.0,12359.0,0.0,-0.09157699999999999,1.1795950000000002,SYR,KWT,0576
388472,223,122,712,2013.0,9281.0,0.0,0.40154,0.902177,TUN,KWT,0576
388473,224,122,712,2013.0,405126.0,0.0,0.580016,2.394812,TUR,KWT,0576
388474,246,122,712,2013.0,1350.0,0.0,0.11624100000000001,1.574591,ZAF,KWT,0576
388475,39,138,712,2013.0,0.0,512535.0,0.599305,1.193591,CAN,MEX,0576
388476,43,138,712,2013.0,0.0,67579.0,1.24864,0.667713,CHN,MEX,0576
388477,61,138,712,2013.0,18818.0,4149.0,2.1086869999999998,-3.7092,DEU,MEX,0576
388478,71,138,712,2013.0,715707.0,0.0,0.955472,1.80005,ESP,MEX,0576
388479,74,138,712,2013.0,0.0,1423.0,1.700282,0.867677,FIN,MEX,0576
388480,97,138,712,2013.0,0.0,1245601.0,0.791401,1.249845,HKG,MEX,0576
388481,114,138,712,2013.0,0.0,49229.0,2.333417,-0.818701,JPN,MEX,0576
388482,224,138,712,2013.0,25728.0,0.0,0.580016,2.394812,TUR,MEX,0576
388483,231,138,712,2013.0,4265868.0,339268.0,1.612058,-0.8592989999999999,USA,MEX,0576
388484,7,153,712,2013.0,59576.0,0.0,-0.338417,-0.754102,ARE,MYS,0576
388485,14,153,712,2013.0,6412.0,0.0,-0.63369,-0.276328,AUS,MYS,0576
388486,41,153,712,2013.0,1284.0,0.0,2.0899229999999998,0.661667,CHE,MYS,0576
388487,43,153,712,2013.0,68334.0,0.0,1.24864,0.667713,CHN,MYS,0576
388488,61,153,712,2013.0,3220.0,0.0,2.1086869999999998,-3.7092,DEU,MYS,0576
388489,68,153,712,2013.0,6575.0,0.0,-0.12015799999999999,1.793363,EGY,MYS,0576
388490,71,153,712,2013.0,4581.0,0.0,0.955472,1.80005,ESP,MYS,0576
388491,81,153,712,2013.0,2612.0,0.0,1.628465,0.77075,GBR,MYS,0576
388492,97,153,712,2013.0,33152.0,0.0,0.791401,1.249845,HKG,MYS,0576
388493,107,153,712,2013.0,140331.0,0.0,-0.23625100000000002,-0.256067,IRN,MYS,0576
388494,128,153,712,2013.0,0.0,1253.0,-0.320583,0.44462399999999996,LKA,MYS,0576
388495,162,153,712,2013.0,6390.0,0.0,1.012006,1.441545,NLD,MYS,0576
388496,188,153,712,2013.0,41254.0,0.0,-0.14823599999999998,-0.883965,SAU,MYS,0576
388497,192,153,712,2013.0,156394.0,5403.0,1.844685,0.639379,SGP,MYS,0576
388498,212,153,712,2013.0,16859.0,0.0,-0.09157699999999999,1.1795950000000002,SYR,MYS,0576
388499,216,153,712,2013.0,0.0,102098.0,1.067287,1.2767110000000002,THA,MYS,0576
388500,224,153,712,2013.0,654630.0,0.0,0.580016,2.394812,TUR,MYS,0576
388501,231,153,712,2013.0,12296.0,0.0,1.612058,-0.8592989999999999,USA,MYS,0576
388502,0,162,712,2013.0,0.0,1228.0,0.598533,0.032199,ABW,NLD,0576
388503,2,162,712,2013.0,0.0,1765.0,-1.240877,-1.073797,AGO,NLD,0576
388504,7,162,712,2013.0,0.0,18986.0,-0.338417,-0.754102,ARE,NLD,0576
388505,8,162,712,2013.0,184255.0,0.0,0.042829,0.461002,ARG,NLD,0576
388506,15,162,712,2013.0,218601.0,581304.0,1.855434,-1.06494,AUT,NLD,0576
388507,18,162,712,2013.0,1226156.0,2086175.0,1.198491,1.117268,BEL,NLD,0576
388508,23,162,712,2013.0,0.0,2154.0,0.622325,1.5506229999999999,BGR,NLD,0576
388509,28,162,712,2013.0,0.0,8843.0,1.183522,0.934159,BLR,NLD,0576
388510,32,162,712,2013.0,3779796.0,0.0,0.2804,0.649729,BRA,NLD,0576
388511,39,162,712,2013.0,0.0,21289.0,0.599305,1.193591,CAN,NLD,0576
388512,41,162,712,2013.0,0.0,475433.0,2.0899229999999998,0.661667,CHE,NLD,0576
388513,43,162,712,2013.0,1721.0,0.0,1.24864,0.667713,CHN,NLD,0576
388514,49,162,712,2013.0,38521.0,0.0,0.034491,-0.36975,COL,NLD,0576
388515,51,162,712,2013.0,0.0,1318.0,-0.28793,-0.5938319999999999,CPV,NLD,0576
388516,58,162,712,2013.0,0.0,2903.0,0.36482800000000004,0.527544,CYP,NLD,0576
388517,59,162,712,2013.0,0.0,594696.0,1.829509,-0.41787700000000005,CZE,NLD,0576
388518,61,162,712,2013.0,874565.0,5059747.0,2.1086869999999998,-3.7092,DEU,NLD,0576
388519,64,162,712,2013.0,529829.0,618868.0,1.190302,1.062991,DNK,NLD,0576
388520,71,162,712,2013.0,473196.0,45610.0,0.955472,1.80005,ESP,NLD,0576
388521,72,162,712,2013.0,0.0,39379.0,0.923321,1.290016,EST,NLD,0576
388522,74,162,712,2013.0,2979.0,400971.0,1.700282,0.867677,FIN,NLD,0576
388523,77,162,712,2013.0,515366.0,812005.0,1.5253299999999999,0.026146,FRA,NLD,0576
388524,81,162,712,2013.0,111442.0,1087457.0,1.628465,0.77075,GBR,NLD,0576
388525,83,162,712,2013.0,0.0,1879.0,-0.696971,-0.5807939999999999,GHA,NLD,0576
388526,84,162,712,2013.0,0.0,1024.0,0.348423,-0.521683,GIB,NLD,0576
388527,90,162,712,2013.0,21420.0,29921.0,0.073442,0.9857899999999999,GRC,NLD,0576
388528,97,162,712,2013.0,0.0,11029.0,0.791401,1.249845,HKG,NLD,0576
388529,100,162,712,2013.0,0.0,8171.0,0.8737309999999999,1.276091,HRV,NLD,0576
388530,102,162,712,2013.0,0.0,78071.0,1.6962560000000002,0.45460600000000007,HUN,NLD,0576
388531,106,162,712,2013.0,0.0,107621.0,1.32787,0.394579,IRL,NLD,0576
388532,107,162,712,2013.0,25699.0,0.0,-0.23625100000000002,-0.256067,IRN,NLD,0576
388533,109,162,712,2013.0,0.0,49611.0,0.284089,-0.164097,ISL,NLD,0576
388534,110,162,712,2013.0,279739.0,0.0,1.0247629999999999,0.8261639999999999,ISR,NLD,0576
388535,111,162,712,2013.0,167216.0,71284.0,1.419383,-0.304402,ITA,NLD,0576
388536,115,162,712,2013.0,0.0,1835.0,-0.9193819999999999,-0.734194,KAZ,NLD,0576
388537,122,162,712,2013.0,0.0,3407.0,-1.198985,-1.057248,KWT,NLD,0576
388538,130,162,712,2013.0,0.0,82894.0,0.677986,1.29227,LTU,NLD,0576
388539,131,162,712,2013.0,0.0,28420.0,1.0110190000000001,1.123226,LUX,NLD,0576
388540,132,162,712,2013.0,0.0,12144.0,0.652463,1.299917,LVA,NLD,0576
388541,134,162,712,2013.0,11421.0,0.0,-0.474872,0.178118,MAR,NLD,0576
388542,135,162,712,2013.0,0.0,5062.0,0.14256,0.33920700000000004,MDA,NLD,0576
388543,142,162,712,2013.0,0.0,19965.0,0.710108,-0.014586000000000002,MLT,NLD,0576
388544,153,162,712,2013.0,0.0,6390.0,0.924532,0.671334,MYS,NLD,0576
388545,159,162,712,2013.0,0.0,1245.0,-1.679402,-1.14686,NGA,NLD,0576
388546,163,162,712,2013.0,0.0,361199.0,0.710901,0.062705,NOR,NLD,0576
388547,173,162,712,2013.0,64693.0,0.0,-0.640044,0.121772,PER,NLD,0576
388548,177,162,712,2013.0,18269.0,371914.0,1.11341,0.975734,POL,NLD,0576
388549,179,162,712,2013.0,0.0,35904.0,0.705087,2.2055580000000004,PRT,NLD,0576
388550,183,162,712,2013.0,0.0,6969.0,-0.583609,-1.003754,QAT,NLD,0576
388551,185,162,712,2013.0,0.0,50499.0,1.05722,1.0968799999999999,ROU,NLD,0576
388552,186,162,712,2013.0,0.0,21733.0,-0.08233,-0.267781,RUS,NLD,0576
388553,192,162,712,2013.0,0.0,9620.0,1.844685,0.639379,SGP,NLD,0576
388554,206,162,712,2013.0,0.0,10663.0,1.510052,0.7060310000000001,SVK,NLD,0576
388555,207,162,712,2013.0,0.0,33678.0,1.55922,0.565874,SVN,NLD,0576
388556,208,162,712,2013.0,6520.0,1073816.0,1.7851290000000002,0.182623,SWE,NLD,0576
388557,216,162,712,2013.0,0.0,1820.0,1.067287,1.2767110000000002,THA,NLD,0576
388558,219,162,712,2013.0,0.0,1927.0,-1.174981,-1.14869,TKM,NLD,0576
388559,224,162,712,2013.0,9900765.0,58180.0,0.580016,2.394812,TUR,NLD,0576
388560,228,162,712,2013.0,0.0,32158.0,0.535571,1.026263,UKR,NLD,0576
388561,231,162,712,2013.0,1036.0,0.0,1.612058,-0.8592989999999999,USA,NLD,0576
388562,246,162,712,2013.0,63728.0,0.0,0.11624100000000001,1.574591,ZAF,NLD,0576
388563,250,162,712,2013.0,0.0,1392.0,0.583151,0.14238299999999998,ANS,NLD,0576
388564,8,163,712,2013.0,5783.0,0.0,0.042829,0.461002,ARG,NOR,0576
388565,15,163,712,2013.0,1795.0,0.0,1.855434,-1.06494,AUT,NOR,0576
388566,18,163,712,2013.0,33676.0,0.0,1.198491,1.117268,BEL,NOR,0576
388567,32,163,712,2013.0,119811.0,0.0,0.2804,0.649729,BRA,NOR,0576
388568,58,163,712,2013.0,1261.0,0.0,0.36482800000000004,0.527544,CYP,NOR,0576
388569,61,163,712,2013.0,585002.0,0.0,2.1086869999999998,-3.7092,DEU,NOR,0576
388570,64,163,712,2013.0,261979.0,0.0,1.190302,1.062991,DNK,NOR,0576
388571,68,163,712,2013.0,1445.0,0.0,-0.12015799999999999,1.793363,EGY,NOR,0576
388572,71,163,712,2013.0,7507.0,0.0,0.955472,1.80005,ESP,NOR,0576
388573,77,163,712,2013.0,2837.0,0.0,1.5253299999999999,0.026146,FRA,NOR,0576
388574,81,163,712,2013.0,4529.0,0.0,1.628465,0.77075,GBR,NOR,0576
388575,100,163,712,2013.0,1232.0,0.0,0.8737309999999999,1.276091,HRV,NOR,0576
388576,107,163,712,2013.0,18310.0,0.0,-0.23625100000000002,-0.256067,IRN,NOR,0576
388577,110,163,712,2013.0,40252.0,0.0,1.0247629999999999,0.8261639999999999,ISR,NOR,0576
388578,111,163,712,2013.0,56485.0,0.0,1.419383,-0.304402,ITA,NOR,0576
388579,113,163,712,2013.0,1076.0,0.0,0.1888,0.596867,JOR,NOR,0576
388580,162,163,712,2013.0,361199.0,0.0,1.012006,1.441545,NLD,NOR,0576
388581,177,163,712,2013.0,1055.0,0.0,1.11341,0.975734,POL,NOR,0576
388582,208,163,712,2013.0,64265.0,0.0,1.7851290000000002,0.182623,SWE,NOR,0576
388583,223,163,712,2013.0,8684.0,0.0,0.40154,0.902177,TUN,NOR,0576
388584,224,163,712,2013.0,584265.0,0.0,0.580016,2.394812,TUR,NOR,0576
388585,246,163,712,2013.0,1899.0,0.0,0.11624100000000001,1.574591,ZAF,NOR,0576
388586,1,166,712,2013.0,1418.0,0.0,-0.767212,-0.6506069999999999,AFG,NZL,0576
388587,7,166,712,2013.0,1924.0,0.0,-0.338417,-0.754102,ARE,NZL,0576
388588,14,166,712,2013.0,3097.0,117020.0,-0.63369,-0.276328,AUS,NZL,0576
388589,43,166,712,2013.0,2049.0,0.0,1.24864,0.667713,CHN,NZL,0576
388590,75,166,712,2013.0,0.0,5611.0,-0.374639,-0.140308,FJI,NZL,0576
388591,90,166,712,2013.0,9021.0,0.0,0.073442,0.9857899999999999,GRC,NZL,0576
388592,104,166,712,2013.0,1383.0,0.0,0.18186,2.647598,IND,NZL,0576
388593,114,166,712,2013.0,0.0,2101.0,2.333417,-0.818701,JPN,NZL,0576
388594,224,166,712,2013.0,537683.0,0.0,0.580016,2.394812,TUR,NZL,0576
388595,231,166,712,2013.0,4813.0,8961.0,1.612058,-0.8592989999999999,USA,NZL,0576
388596,49,169,712,2013.0,4094.0,0.0,0.034491,-0.36975,COL,PAN,0576
388597,224,169,712,2013.0,14614.0,0.0,0.580016,2.394812,TUR,PAN,0576
388598,231,169,712,2013.0,60727.0,0.0,1.612058,-0.8592989999999999,USA,PAN,0576
388599,7,173,712,2013.0,0.0,2076.0,-0.338417,-0.754102,ARE,PER,0576
388600,15,173,712,2013.0,0.0,2443.0,1.855434,-1.06494,AUT,PER,0576
388601,39,173,712,2013.0,0.0,29824.0,0.599305,1.193591,CAN,PER,0576
388602,41,173,712,2013.0,0.0,39633.0,2.0899229999999998,0.661667,CHE,PER,0576
388603,61,173,712,2013.0,0.0,30349.0,2.1086869999999998,-3.7092,DEU,PER,0576
388604,71,173,712,2013.0,0.0,14410.0,0.955472,1.80005,ESP,PER,0576
388605,77,173,712,2013.0,0.0,118583.0,1.5253299999999999,0.026146,FRA,PER,0576
388606,81,173,712,2013.0,0.0,1953.0,1.628465,0.77075,GBR,PER,0576
388607,97,173,712,2013.0,0.0,30277.0,0.791401,1.249845,HKG,PER,0576
388608,162,173,712,2013.0,0.0,64693.0,1.012006,1.441545,NLD,PER,0576
388609,177,173,712,2013.0,0.0,1430.0,1.11341,0.975734,POL,PER,0576
388610,186,173,712,2013.0,0.0,3620.0,-0.08233,-0.267781,RUS,PER,0576
388611,231,173,712,2013.0,0.0,2467.0,1.612058,-0.8592989999999999,USA,PER,0576
388612,7,174,712,2013.0,2624.0,0.0,-0.338417,-0.754102,ARE,PHL,0576
388613,24,174,712,2013.0,0.0,11772.0,0.080634,-0.6828890000000001,BHR,PHL,0576
388614,41,174,712,2013.0,1783.0,0.0,2.0899229999999998,0.661667,CHE,PHL,0576
388615,183,174,712,2013.0,0.0,6781.0,-0.583609,-1.003754,QAT,PHL,0576
388616,216,174,712,2013.0,1119.0,0.0,1.067287,1.2767110000000002,THA,PHL,0576
388617,224,174,712,2013.0,23246.0,0.0,0.580016,2.394812,TUR,PHL,0576
388618,231,174,712,2013.0,9128.0,0.0,1.612058,-0.8592989999999999,USA,PHL,0576
388619,8,177,712,2013.0,1232.0,0.0,0.042829,0.461002,ARG,POL,0576
388620,15,177,712,2013.0,116791.0,0.0,1.855434,-1.06494,AUT,POL,0576
388621,18,177,712,2013.0,3739.0,0.0,1.198491,1.117268,BEL,POL,0576
388622,28,177,712,2013.0,0.0,2401.0,1.183522,0.934159,BLR,POL,0576
388623,32,177,712,2013.0,108669.0,0.0,0.2804,0.649729,BRA,POL,0576
388624,59,177,712,2013.0,205002.0,0.0,1.829509,-0.41787700000000005,CZE,POL,0576
388625,61,177,712,2013.0,981417.0,6227.0,2.1086869999999998,-3.7092,DEU,POL,0576
388626,64,177,712,2013.0,4893.0,0.0,1.190302,1.062991,DNK,POL,0576
388627,71,177,712,2013.0,25484.0,0.0,0.955472,1.80005,ESP,POL,0576
388628,81,177,712,2013.0,14976.0,1594.0,1.628465,0.77075,GBR,POL,0576
388629,90,177,712,2013.0,627944.0,12365.0,0.073442,0.9857899999999999,GRC,POL,0576
388630,102,177,712,2013.0,0.0,4232.0,1.6962560000000002,0.45460600000000007,HUN,POL,0576
388631,107,177,712,2013.0,46883.0,0.0,-0.23625100000000002,-0.256067,IRN,POL,0576
388632,110,177,712,2013.0,9723.0,0.0,1.0247629999999999,0.8261639999999999,ISR,POL,0576
388633,111,177,712,2013.0,1040.0,0.0,1.419383,-0.304402,ITA,POL,0576
388634,130,177,712,2013.0,0.0,13824.0,0.677986,1.29227,LTU,POL,0576
388635,162,177,712,2013.0,371914.0,18269.0,1.012006,1.441545,NLD,POL,0576
388636,163,177,712,2013.0,0.0,1055.0,0.710901,0.062705,NOR,POL,0576
388637,173,177,712,2013.0,1430.0,0.0,-0.640044,0.121772,PER,POL,0576
388638,186,177,712,2013.0,0.0,22199.0,-0.08233,-0.267781,RUS,POL,0576
388639,206,177,712,2013.0,70120.0,0.0,1.510052,0.7060310000000001,SVK,POL,0576
388640,208,177,712,2013.0,0.0,5846.0,1.7851290000000002,0.182623,SWE,POL,0576
388641,224,177,712,2013.0,1813827.0,42892.0,0.580016,2.394812,TUR,POL,0576
388642,228,177,712,2013.0,0.0,15569.0,0.535571,1.026263,UKR,POL,0576
388643,2,179,712,2013.0,0.0,394584.0,-1.240877,-1.073797,AGO,PRT,0576
388644,18,179,712,2013.0,2461.0,3708.0,1.198491,1.117268,BEL,PRT,0576
388645,32,179,712,2013.0,3275.0,0.0,0.2804,0.649729,BRA,PRT,0576
388646,39,179,712,2013.0,0.0,1850.0,0.599305,1.193591,CAN,PRT,0576
388647,41,179,712,2013.0,0.0,9717.0,2.0899229999999998,0.661667,CHE,PRT,0576
388648,51,179,712,2013.0,0.0,28466.0,-0.28793,-0.5938319999999999,CPV,PRT,0576
388649,61,179,712,2013.0,195220.0,3752.0,2.1086869999999998,-3.7092,DEU,PRT,0576
388650,64,179,712,2013.0,4574.0,0.0,1.190302,1.062991,DNK,PRT,0576
388651,71,179,712,2013.0,1755550.0,22472.0,0.955472,1.80005,ESP,PRT,0576
388652,77,179,712,2013.0,4167.0,134722.0,1.5253299999999999,0.026146,FRA,PRT,0576
388653,81,179,712,2013.0,0.0,10643.0,1.628465,0.77075,GBR,PRT,0576
388654,131,179,712,2013.0,0.0,2111.0,1.0110190000000001,1.123226,LUX,PRT,0576
388655,133,179,712,2013.0,0.0,35584.0,0.43873,0.275559,MAC,PRT,0576
388656,134,179,712,2013.0,0.0,11680.0,-0.474872,0.178118,MAR,PRT,0576
388657,147,179,712,2013.0,0.0,4905.0,-1.131512,-0.8923840000000001,MOZ,PRT,0576
388658,162,179,712,2013.0,35904.0,0.0,1.012006,1.441545,NLD,PRT,0576
388659,203,179,712,2013.0,0.0,1736.0,0.9084559999999999,0.170664,STP,PRT,0576
388660,224,179,712,2013.0,863597.0,11730.0,0.580016,2.394812,TUR,PRT,0576
388661,231,179,712,2013.0,0.0,90608.0,1.612058,-0.8592989999999999,USA,PRT,0576
388662,246,179,712,2013.0,7189.0,4798.0,0.11624100000000001,1.574591,ZAF,PRT,0576
388663,8,180,712,2013.0,1580.0,0.0,0.042829,0.461002,ARG,PRY,0576
388664,7,181,712,2013.0,80735.0,18449.0,-0.338417,-0.754102,ARE,PSE,0576
388665,18,181,712,2013.0,0.0,74025.0,1.198491,1.117268,BEL,PSE,0576
388666,32,181,712,2013.0,8731.0,0.0,0.2804,0.649729,BRA,PSE,0576
388667,110,181,712,2013.0,109983.0,8526.0,1.0247629999999999,0.8261639999999999,ISR,PSE,0576
388668,224,181,712,2013.0,32676.0,0.0,0.580016,2.394812,TUR,PSE,0576
388669,1,183,712,2013.0,4088.0,0.0,-0.767212,-0.6506069999999999,AFG,QAT,0576
388670,7,183,712,2013.0,321709.0,2063.0,-0.338417,-0.754102,ARE,QAT,0576
388671,8,183,712,2013.0,9865.0,0.0,0.042829,0.461002,ARG,QAT,0576
388672,14,183,712,2013.0,1065.0,0.0,-0.63369,-0.276328,AUS,QAT,0576
388673,32,183,712,2013.0,6639.0,0.0,0.2804,0.649729,BRA,QAT,0576
388674,58,183,712,2013.0,13948.0,0.0,0.36482800000000004,0.527544,CYP,QAT,0576
388675,68,183,712,2013.0,4910.0,0.0,-0.12015799999999999,1.793363,EGY,QAT,0576
388676,71,183,712,2013.0,22099.0,0.0,0.955472,1.80005,ESP,QAT,0576
388677,104,183,712,2013.0,2822.0,0.0,0.18186,2.647598,IND,QAT,0576
388678,107,183,712,2013.0,32857.0,0.0,-0.23625100000000002,-0.256067,IRN,QAT,0576
388679,108,183,712,2013.0,3873.0,0.0,-3.147217,-0.685991,IRQ,QAT,0576
388680,111,183,712,2013.0,5637.0,0.0,1.419383,-0.304402,ITA,QAT,0576
388681,113,183,712,2013.0,1715.0,0.0,0.1888,0.596867,JOR,QAT,0576
388682,124,183,712,2013.0,14401.0,0.0,0.37392800000000004,1.413136,LBN,QAT,0576
388683,128,183,712,2013.0,49579.0,0.0,-0.320583,0.44462399999999996,LKA,QAT,0576
388684,162,183,712,2013.0,6969.0,0.0,1.012006,1.441545,NLD,QAT,0576
388685,168,183,712,2013.0,10653.0,0.0,-0.697224,0.501576,PAK,QAT,0576
388686,174,183,712,2013.0,6781.0,0.0,0.639083,0.45816899999999994,PHL,QAT,0576
388687,188,183,712,2013.0,89308.0,0.0,-0.14823599999999998,-0.883965,SAU,QAT,0576
388688,212,183,712,2013.0,1908.0,0.0,-0.09157699999999999,1.1795950000000002,SYR,QAT,0576
388689,216,183,712,2013.0,2094.0,0.0,1.067287,1.2767110000000002,THA,QAT,0576
388690,224,183,712,2013.0,139972.0,0.0,0.580016,2.394812,TUR,QAT,0576
388691,231,183,712,2013.0,9586.0,0.0,1.612058,-0.8592989999999999,USA,QAT,0576
388692,246,183,712,2013.0,95166.0,0.0,0.11624100000000001,1.574591,ZAF,QAT,0576
388693,7,188,712,2013.0,932833.0,140838.0,-0.338417,-0.754102,ARE,SAU,0576
388694,16,188,712,2013.0,0.0,130341.0,-1.319766,-1.200648,AZE,SAU,0576
388695,24,188,712,2013.0,0.0,23552.0,0.080634,-0.6828890000000001,BHR,SAU,0576
388696,49,188,712,2013.0,1016.0,0.0,0.034491,-0.36975,COL,SAU,0576
388697,61,188,712,2013.0,0.0,32581.0,2.1086869999999998,-3.7092,DEU,SAU,0576
388698,68,188,712,2013.0,6446.0,0.0,-0.12015799999999999,1.793363,EGY,SAU,0576
388699,81,188,712,2013.0,0.0,368958.0,1.628465,0.77075,GBR,SAU,0576
388700,107,188,712,2013.0,8852.0,0.0,-0.23625100000000002,-0.256067,IRN,SAU,0576
388701,113,188,712,2013.0,0.0,130758.0,0.1888,0.596867,JOR,SAU,0576
388702,122,188,712,2013.0,0.0,117491.0,-1.198985,-1.057248,KWT,SAU,0576
388703,124,188,712,2013.0,5917.0,0.0,0.37392800000000004,1.413136,LBN,SAU,0576
388704,128,188,712,2013.0,25871.0,1150.0,-0.320583,0.44462399999999996,LKA,SAU,0576
388705,153,188,712,2013.0,0.0,41254.0,0.924532,0.671334,MYS,SAU,0576
388706,167,188,712,2013.0,0.0,1236.0,-0.698693,-1.030814,OMN,SAU,0576
388707,168,188,712,2013.0,44677.0,0.0,-0.697224,0.501576,PAK,SAU,0576
388708,183,188,712,2013.0,0.0,89308.0,-0.583609,-1.003754,QAT,SAU,0576
388709,190,188,712,2013.0,0.0,4103.0,-1.224897,-1.059517,SDN,SAU,0576
388710,192,188,712,2013.0,0.0,281524.0,1.844685,0.639379,SGP,SAU,0576
388711,212,188,712,2013.0,186925.0,430134.0,-0.09157699999999999,1.1795950000000002,SYR,SAU,0576
388712,223,188,712,2013.0,3103.0,0.0,0.40154,0.902177,TUN,SAU,0576
388713,224,188,712,2013.0,2846936.0,39234.0,0.580016,2.394812,TUR,SAU,0576
388714,246,188,712,2013.0,0.0,220054.0,0.11624100000000001,1.574591,ZAF,SAU,0576
388715,7,190,712,2013.0,0.0,17341.0,-0.338417,-0.754102,ARE,SDN,0576
388716,43,190,712,2013.0,2158.0,0.0,1.24864,0.667713,CHN,SDN,0576
388717,68,190,712,2013.0,2076.0,0.0,-0.12015799999999999,1.793363,EGY,SDN,0576
388718,104,190,712,2013.0,1754.0,0.0,0.18186,2.647598,IND,SDN,0576
388719,107,190,712,2013.0,4105.0,0.0,-0.23625100000000002,-0.256067,IRN,SDN,0576
388720,188,190,712,2013.0,4103.0,0.0,-0.14823599999999998,-0.883965,SAU,SDN,0576
388721,212,190,712,2013.0,22303.0,0.0,-0.09157699999999999,1.1795950000000002,SYR,SDN,0576
388722,7,192,712,2013.0,110890.0,0.0,-0.338417,-0.754102,ARE,SGP,0576
388723,14,192,712,2013.0,5005.0,0.0,-0.63369,-0.276328,AUS,SGP,0576
388724,22,192,712,2013.0,0.0,1904.0,-0.835666,-0.8088810000000001,BGD,SGP,0576
388725,34,192,712,2013.0,0.0,5448.0,-1.664,-0.663172,BRN,SGP,0576
388726,42,192,712,2013.0,6030.0,0.0,-0.184556,-0.238657,CHL,SGP,0576
388727,43,192,712,2013.0,21447.0,0.0,1.24864,0.667713,CHN,SGP,0576
388728,61,192,712,2013.0,31458.0,0.0,2.1086869999999998,-3.7092,DEU,SGP,0576
388729,68,192,712,2013.0,2150.0,0.0,-0.12015799999999999,1.793363,EGY,SGP,0576
388730,77,192,712,2013.0,7267.0,0.0,1.5253299999999999,0.026146,FRA,SGP,0576
388731,81,192,712,2013.0,2312.0,0.0,1.628465,0.77075,GBR,SGP,0576
388732,97,192,712,2013.0,173384.0,149871.0,0.791401,1.249845,HKG,SGP,0576
388733,104,192,712,2013.0,2016.0,0.0,0.18186,2.647598,IND,SGP,0576
388734,107,192,712,2013.0,424458.0,0.0,-0.23625100000000002,-0.256067,IRN,SGP,0576
388735,110,192,712,2013.0,33647.0,0.0,1.0247629999999999,0.8261639999999999,ISR,SGP,0576
388736,114,192,712,2013.0,14511.0,0.0,2.333417,-0.818701,JPN,SGP,0576
388737,128,192,712,2013.0,0.0,1999.0,-0.320583,0.44462399999999996,LKA,SGP,0576
388738,153,192,712,2013.0,5403.0,156394.0,0.924532,0.671334,MYS,SGP,0576
388739,162,192,712,2013.0,9620.0,0.0,1.012006,1.441545,NLD,SGP,0576
388740,188,192,712,2013.0,281524.0,0.0,-0.14823599999999998,-0.883965,SAU,SGP,0576
388741,216,192,712,2013.0,1269.0,0.0,1.067287,1.2767110000000002,THA,SGP,0576
388742,224,192,712,2013.0,455494.0,0.0,0.580016,2.394812,TUR,SGP,0576
388743,231,192,712,2013.0,7667.0,0.0,1.612058,-0.8592989999999999,USA,SGP,0576
388744,93,197,712,2013.0,19855.0,0.0,-0.220165,0.661111,GTM,SLV,0576
388745,224,197,712,2013.0,1310.0,0.0,0.580016,2.394812,TUR,SLV,0576
388746,15,206,712,2013.0,278661.0,503375.0,1.855434,-1.06494,AUT,SVK,0576
388747,18,206,712,2013.0,2095.0,0.0,1.198491,1.117268,BEL,SVK,0576
388748,32,206,712,2013.0,4453.0,0.0,0.2804,0.649729,BRA,SVK,0576
388749,52,206,712,2013.0,1311.0,0.0,0.208669,-0.54783,CRI,SVK,0576
388750,59,206,712,2013.0,190132.0,907199.0,1.829509,-0.41787700000000005,CZE,SVK,0576
388751,61,206,712,2013.0,2875811.0,205605.0,2.1086869999999998,-3.7092,DEU,SVK,0576
388752,64,206,712,2013.0,17815.0,1309.0,1.190302,1.062991,DNK,SVK,0576
388753,77,206,712,2013.0,4054.0,0.0,1.5253299999999999,0.026146,FRA,SVK,0576
388754,81,206,712,2013.0,2542.0,0.0,1.628465,0.77075,GBR,SVK,0576
388755,90,206,712,2013.0,177119.0,0.0,0.073442,0.9857899999999999,GRC,SVK,0576
388756,100,206,712,2013.0,0.0,31991.0,0.8737309999999999,1.276091,HRV,SVK,0576
388757,102,206,712,2013.0,1048.0,19918.0,1.6962560000000002,0.45460600000000007,HUN,SVK,0576
388758,107,206,712,2013.0,6773.0,0.0,-0.23625100000000002,-0.256067,IRN,SVK,0576
388759,111,206,712,2013.0,12336.0,13036.0,1.419383,-0.304402,ITA,SVK,0576
388760,162,206,712,2013.0,10663.0,0.0,1.012006,1.441545,NLD,SVK,0576
388761,177,206,712,2013.0,0.0,70120.0,1.11341,0.975734,POL,SVK,0576
388762,185,206,712,2013.0,0.0,281494.0,1.05722,1.0968799999999999,ROU,SVK,0576
388763,223,206,712,2013.0,3147.0,0.0,0.40154,0.902177,TUN,SVK,0576
388764,224,206,712,2013.0,3746548.0,0.0,0.580016,2.394812,TUR,SVK,0576
388765,18,208,712,2013.0,433479.0,7807.0,1.198491,1.117268,BEL,SWE,0576
388766,61,208,712,2013.0,404318.0,101946.0,2.1086869999999998,-3.7092,DEU,SWE,0576
388767,64,208,712,2013.0,1468284.0,18325.0,1.190302,1.062991,DNK,SWE,0576
388768,71,208,712,2013.0,4753.0,0.0,0.955472,1.80005,ESP,SWE,0576
388769,74,208,712,2013.0,0.0,25448.0,1.700282,0.867677,FIN,SWE,0576
388770,77,208,712,2013.0,40586.0,0.0,1.5253299999999999,0.026146,FRA,SWE,0576
388771,81,208,712,2013.0,3496.0,0.0,1.628465,0.77075,GBR,SWE,0576
388772,90,208,712,2013.0,8755.0,0.0,0.073442,0.9857899999999999,GRC,SWE,0576
388773,107,208,712,2013.0,16535.0,0.0,-0.23625100000000002,-0.256067,IRN,SWE,0576
388774,111,208,712,2013.0,686911.0,0.0,1.419383,-0.304402,ITA,SWE,0576
388775,132,208,712,2013.0,0.0,36721.0,0.652463,1.299917,LVA,SWE,0576
388776,162,208,712,2013.0,1073816.0,6520.0,1.012006,1.441545,NLD,SWE,0576
388777,163,208,712,2013.0,0.0,64265.0,0.710901,0.062705,NOR,SWE,0576
388778,177,208,712,2013.0,5846.0,0.0,1.11341,0.975734,POL,SWE,0576
388779,224,208,712,2013.0,2306942.0,23048.0,0.580016,2.394812,TUR,SWE,0576
388780,15,216,712,2013.0,0.0,6324.0,1.855434,-1.06494,AUT,THA,0576
388781,41,216,712,2013.0,17934.0,1162.0,2.0899229999999998,0.661667,CHE,THA,0576
388782,43,216,712,2013.0,0.0,12211.0,1.24864,0.667713,CHN,THA,0576
388783,61,216,712,2013.0,1781.0,1167.0,2.1086869999999998,-3.7092,DEU,THA,0576
388784,97,216,712,2013.0,0.0,2561.0,0.791401,1.249845,HKG,THA,0576
388785,104,216,712,2013.0,0.0,3260.0,0.18186,2.647598,IND,THA,0576
388786,106,216,712,2013.0,0.0,1924.0,1.32787,0.394579,IRL,THA,0576
388787,111,216,712,2013.0,1412.0,0.0,1.419383,-0.304402,ITA,THA,0576
388788,153,216,712,2013.0,102098.0,0.0,0.924532,0.671334,MYS,THA,0576
388789,162,216,712,2013.0,1820.0,0.0,1.012006,1.441545,NLD,THA,0576
388790,174,216,712,2013.0,0.0,1119.0,0.639083,0.45816899999999994,PHL,THA,0576
388791,183,216,712,2013.0,0.0,2094.0,-0.583609,-1.003754,QAT,THA,0576
388792,192,216,712,2013.0,0.0,1269.0,1.844685,0.639379,SGP,THA,0576
388793,224,216,712,2013.0,131612.0,0.0,0.580016,2.394812,TUR,THA,0576
388794,231,216,712,2013.0,88881.0,0.0,1.612058,-0.8592989999999999,USA,THA,0576
388795,239,216,712,2013.0,0.0,1887.0,0.009264,1.182368,VNM,THA,0576
388796,39,222,712,2013.0,1509.0,12420.0,0.599305,1.193591,CAN,TTO,0576
388797,231,222,712,2013.0,5539.0,0.0,1.612058,-0.8592989999999999,USA,TTO,0576
388798,7,224,712,2013.0,48102.0,3684549.0,-0.338417,-0.754102,ARE,TUR,0576
388799,8,224,712,2013.0,0.0,272526.0,0.042829,0.461002,ARG,TUR,0576
388800,14,224,712,2013.0,11314.0,3096070.0,-0.63369,-0.276328,AUS,TUR,0576
388801,15,224,712,2013.0,23136.0,3747181.0,1.855434,-1.06494,AUT,TUR,0576
388802,16,224,712,2013.0,0.0,103298.0,-1.319766,-1.200648,AZE,TUR,0576
388803,18,224,712,2013.0,27797.0,2892892.0,1.198491,1.117268,BEL,TUR,0576
388804,23,224,712,2013.0,0.0,1198470.0,0.622325,1.5506229999999999,BGR,TUR,0576
388805,24,224,712,2013.0,0.0,30217.0,0.080634,-0.6828890000000001,BHR,TUR,0576
388806,26,224,712,2013.0,0.0,716090.0,0.723658,0.9271879999999999,BIH,TUR,0576
388807,28,224,712,2013.0,0.0,266960.0,1.183522,0.934159,BLR,TUR,0576
388808,32,224,712,2013.0,0.0,1777333.0,0.2804,0.649729,BRA,TUR,0576
388809,39,224,712,2013.0,0.0,3465174.0,0.599305,1.193591,CAN,TUR,0576
388810,41,224,712,2013.0,225742.0,9357044.0,2.0899229999999998,0.661667,CHE,TUR,0576
388811,42,224,712,2013.0,0.0,42424.0,-0.184556,-0.238657,CHL,TUR,0576
388812,43,224,712,2013.0,223633.0,4249998.0,1.24864,0.667713,CHN,TUR,0576
388813,45,224,712,2013.0,0.0,7092.0,-0.93575,-1.003851,CMR,TUR,0576
388814,49,224,712,2013.0,0.0,3491.0,0.034491,-0.36975,COL,TUR,0576
388815,58,224,712,2013.0,0.0,242300.0,0.36482800000000004,0.527544,CYP,TUR,0576
388816,59,224,712,2013.0,10354.0,212967.0,1.829509,-0.41787700000000005,CZE,TUR,0576
388817,61,224,712,2013.0,265073.0,39964552.0,2.1086869999999998,-3.7092,DEU,TUR,0576
388818,64,224,712,2013.0,27416.0,2191967.0,1.190302,1.062991,DNK,TUR,0576
388819,65,224,712,2013.0,0.0,4846.0,-0.272579,0.42750699999999997,DOM,TUR,0576
388820,66,224,712,2013.0,0.0,765674.0,-1.53603,-1.104965,DZA,TUR,0576
388821,67,224,712,2013.0,0.0,1209.0,-0.8251790000000001,-0.9347200000000001,ECU,TUR,0576
388822,68,224,712,2013.0,87392.0,2225490.0,-0.12015799999999999,1.793363,EGY,TUR,0576
388823,71,224,712,2013.0,57917.0,6292485.0,0.955472,1.80005,ESP,TUR,0576
388824,72,224,712,2013.0,0.0,52031.0,0.923321,1.290016,EST,TUR,0576
388825,74,224,712,2013.0,0.0,116828.0,1.700282,0.867677,FIN,TUR,0576
388826,77,224,712,2013.0,28958.0,34268740.0,1.5253299999999999,0.026146,FRA,TUR,0576
388827,81,224,712,2013.0,19544.0,10126602.0,1.628465,0.77075,GBR,TUR,0576
388828,82,224,712,2013.0,0.0,7807.0,-0.08343099999999999,-0.359692,GEO,TUR,0576
388829,90,224,712,2013.0,0.0,115169.0,0.073442,0.9857899999999999,GRC,TUR,0576
388830,97,224,712,2013.0,0.0,2535438.0,0.791401,1.249845,HKG,TUR,0576
388831,100,224,712,2013.0,52893.0,726709.0,0.8737309999999999,1.276091,HRV,TUR,0576
388832,102,224,712,2013.0,0.0,797095.0,1.6962560000000002,0.45460600000000007,HUN,TUR,0576
388833,103,224,712,2013.0,0.0,7876.0,-0.006876999999999999,1.8336569999999999,IDN,TUR,0576
388834,104,224,712,2013.0,0.0,18404.0,0.18186,2.647598,IND,TUR,0576
388835,106,224,712,2013.0,0.0,26050.0,1.32787,0.394579,IRL,TUR,0576
388836,107,224,712,2013.0,16607.0,0.0,-0.23625100000000002,-0.256067,IRN,TUR,0576
388837,108,224,712,2013.0,0.0,2936782.0,-3.147217,-0.685991,IRQ,TUR,0576
388838,109,224,712,2013.0,0.0,57869.0,0.284089,-0.164097,ISL,TUR,0576
388839,110,224,712,2013.0,0.0,4423670.0,1.0247629999999999,0.8261639999999999,ISR,TUR,0576
388840,111,224,712,2013.0,85439.0,11543519.0,1.419383,-0.304402,ITA,TUR,0576
388841,113,224,712,2013.0,0.0,123974.0,0.1888,0.596867,JOR,TUR,0576
388842,114,224,712,2013.0,151808.0,5274060.0,2.333417,-0.818701,JPN,TUR,0576
388843,115,224,712,2013.0,0.0,1401380.0,-0.9193819999999999,-0.734194,KAZ,TUR,0576
388844,117,224,712,2013.0,0.0,7763.0,0.25090500000000004,0.7357279999999999,KGZ,TUR,0576
388845,121,224,712,2013.0,0.0,394910.0,1.817145,0.835414,KOR,TUR,0576
388846,122,224,712,2013.0,0.0,405126.0,-1.198985,-1.057248,KWT,TUR,0576
388847,124,224,712,2013.0,0.0,333517.0,0.37392800000000004,1.413136,LBN,TUR,0576
388848,126,224,712,2013.0,0.0,272387.0,-1.871593,-1.1211790000000001,LBY,TUR,0576
388849,130,224,712,2013.0,0.0,541885.0,0.677986,1.29227,LTU,TUR,0576
388850,131,224,712,2013.0,0.0,80989.0,1.0110190000000001,1.123226,LUX,TUR,0576
388851,132,224,712,2013.0,0.0,222672.0,0.652463,1.299917,LVA,TUR,0576
388852,134,224,712,2013.0,0.0,412524.0,-0.474872,0.178118,MAR,TUR,0576
388853,135,224,712,2013.0,0.0,518673.0,0.14256,0.33920700000000004,MDA,TUR,0576
388854,136,224,712,2013.0,0.0,4224.0,-0.786091,-0.611478,MDG,TUR,0576
388855,138,224,712,2013.0,0.0,25728.0,1.2327219999999999,0.746108,MEX,TUR,0576
388856,140,224,712,2013.0,0.0,406257.0,-0.127775,0.21915900000000002,MKD,TUR,0576
388857,142,224,712,2013.0,0.0,334797.0,0.710108,-0.014586000000000002,MLT,TUR,0576
388858,144,224,712,2013.0,0.0,39987.0,0.09597,-0.019953,MNE,TUR,0576
388859,145,224,712,2013.0,0.0,3147.0,-1.264785,-1.133222,MNG,TUR,0576
388860,151,224,712,2013.0,0.0,15980.0,-0.092312,0.050927,MUS,TUR,0576
388861,153,224,712,2013.0,0.0,654630.0,0.924532,0.671334,MYS,TUR,0576
388862,156,224,712,2013.0,0.0,26566.0,-0.262882,-0.63858,NCL,TUR,0576
388863,162,224,712,2013.0,58180.0,9900765.0,1.012006,1.441545,NLD,TUR,0576
388864,163,224,712,2013.0,0.0,584265.0,0.710901,0.062705,NOR,TUR,0576
388865,166,224,712,2013.0,0.0,537683.0,0.192237,0.429825,NZL,TUR,0576
388866,167,224,712,2013.0,0.0,12967.0,-0.698693,-1.030814,OMN,TUR,0576
388867,169,224,712,2013.0,0.0,14614.0,0.8719819999999999,1.038982,PAN,TUR,0576
388868,174,224,712,2013.0,0.0,23246.0,0.639083,0.45816899999999994,PHL,TUR,0576
388869,177,224,712,2013.0,42892.0,1813827.0,1.11341,0.975734,POL,TUR,0576
388870,179,224,712,2013.0,11730.0,863597.0,0.705087,2.2055580000000004,PRT,TUR,0576
388871,181,224,712,2013.0,0.0,32676.0,0.103716,0.762259,PSE,TUR,0576
388872,183,224,712,2013.0,0.0,139972.0,-0.583609,-1.003754,QAT,TUR,0576
388873,185,224,712,2013.0,0.0,1188962.0,1.05722,1.0968799999999999,ROU,TUR,0576
388874,186,224,712,2013.0,0.0,12523907.0,-0.08233,-0.267781,RUS,TUR,0576
388875,188,224,712,2013.0,39234.0,2846936.0,-0.14823599999999998,-0.883965,SAU,TUR,0576
388876,191,224,712,2013.0,0.0,1930.0,-0.566624,-0.185277,SEN,TUR,0576
388877,192,224,712,2013.0,0.0,455494.0,1.844685,0.639379,SGP,TUR,0576
388878,197,224,712,2013.0,0.0,1310.0,0.104046,0.46966,SLV,TUR,0576
388879,201,224,712,2013.0,0.0,1512178.0,0.609755,1.355304,SRB,TUR,0576
388880,206,224,712,2013.0,0.0,3746548.0,1.510052,0.7060310000000001,SVK,TUR,0576
388881,207,224,712,2013.0,14514.0,465171.0,1.55922,0.565874,SVN,TUR,0576
388882,208,224,712,2013.0,23048.0,2306942.0,1.7851290000000002,0.182623,SWE,TUR,0576
388883,216,224,712,2013.0,0.0,131612.0,1.067287,1.2767110000000002,THA,TUR,0576
388884,219,224,712,2013.0,0.0,42125.0,-1.174981,-1.14869,TKM,TUR,0576
388885,223,224,712,2013.0,0.0,35216.0,0.40154,0.902177,TUN,TUR,0576
388886,228,224,712,2013.0,14523.0,2868440.0,0.535571,1.026263,UKR,TUR,0576
388887,230,224,712,2013.0,0.0,61303.0,0.128825,0.02334,URY,TUR,0576
388888,231,224,712,2013.0,0.0,13707293.0,1.612058,-0.8592989999999999,USA,TUR,0576
388889,236,224,712,2013.0,0.0,73418.0,-1.281202,-1.094268,VEN,TUR,0576
388890,239,224,712,2013.0,0.0,3323723.0,0.009264,1.182368,VNM,TUR,0576
388891,246,224,712,2013.0,0.0,376938.0,0.11624100000000001,1.574591,ZAF,TUR,0576
388892,249,224,712,2013.0,0.0,223974.0,1.7382849999999999,0.9917739999999999,TWN,TUR,0576
388893,250,224,712,2013.0,0.0,4085885.0,0.583151,0.14238299999999998,ANS,TUR,0576
388894,32,228,712,2013.0,6642.0,0.0,0.2804,0.649729,BRA,UKR,0576
388895,61,228,712,2013.0,15833.0,0.0,2.1086869999999998,-3.7092,DEU,UKR,0576
388896,71,228,712,2013.0,6466.0,0.0,0.955472,1.80005,ESP,UKR,0576
388897,90,228,712,2013.0,6388.0,0.0,0.073442,0.9857899999999999,GRC,UKR,0576
388898,100,228,712,2013.0,1102.0,0.0,0.8737309999999999,1.276091,HRV,UKR,0576
388899,110,228,712,2013.0,1661.0,0.0,1.0247629999999999,0.8261639999999999,ISR,UKR,0576
388900,135,228,712,2013.0,57369.0,10115.0,0.14256,0.33920700000000004,MDA,UKR,0576
388901,162,228,712,2013.0,32158.0,0.0,1.012006,1.441545,NLD,UKR,0576
388902,177,228,712,2013.0,15569.0,0.0,1.11341,0.975734,POL,UKR,0576
388903,224,228,712,2013.0,2868440.0,14523.0,0.580016,2.394812,TUR,UKR,0576
388904,8,230,712,2013.0,4201.0,0.0,0.042829,0.461002,ARG,URY,0576
388905,224,230,712,2013.0,61303.0,0.0,0.580016,2.394812,TUR,URY,0576
388906,0,231,712,2013.0,0.0,3774.0,0.598533,0.032199,ABW,USA,0576
388907,1,231,712,2013.0,32288.0,0.0,-0.767212,-0.6506069999999999,AFG,USA,0576
388908,7,231,712,2013.0,57338.0,3927.0,-0.338417,-0.754102,ARE,USA,0576
388909,13,231,712,2013.0,0.0,2932.0,0.25821500000000003,-0.383761,ATG,USA,0576
388910,14,231,712,2013.0,0.0,22665.0,-0.63369,-0.276328,AUS,USA,0576
388911,15,231,712,2013.0,2730.0,1572.0,1.855434,-1.06494,AUT,USA,0576
388912,24,231,712,2013.0,0.0,2062.0,0.080634,-0.6828890000000001,BHR,USA,0576
388913,25,231,712,2013.0,0.0,73470.0,0.496435,-0.324394,BHS,USA,0576
388914,30,231,712,2013.0,0.0,39649.0,1.020753,-0.10180399999999999,BMU,USA,0576
388915,32,231,712,2013.0,2879.0,0.0,0.2804,0.649729,BRA,USA,0576
388916,39,231,712,2013.0,95118.0,12348364.0,0.599305,1.193591,CAN,USA,0576
388917,42,231,712,2013.0,255273.0,0.0,-0.184556,-0.238657,CHL,USA,0576
388918,43,231,712,2013.0,0.0,50525.0,1.24864,0.667713,CHN,USA,0576
388919,49,231,712,2013.0,0.0,4018.0,0.034491,-0.36975,COL,USA,0576
388920,52,231,712,2013.0,0.0,5241.0,0.208669,-0.54783,CRI,USA,0576
388921,61,231,712,2013.0,1255.0,17210.0,2.1086869999999998,-3.7092,DEU,USA,0576
388922,65,231,712,2013.0,0.0,31504.0,-0.272579,0.42750699999999997,DOM,USA,0576
388923,67,231,712,2013.0,5343.0,0.0,-0.8251790000000001,-0.9347200000000001,ECU,USA,0576
388924,71,231,712,2013.0,585279.0,0.0,0.955472,1.80005,ESP,USA,0576
388925,77,231,712,2013.0,14579.0,0.0,1.5253299999999999,0.026146,FRA,USA,0576
388926,81,231,712,2013.0,11023.0,13079.0,1.628465,0.77075,GBR,USA,0576
388927,90,231,712,2013.0,3915094.0,0.0,0.073442,0.9857899999999999,GRC,USA,0576
388928,97,231,712,2013.0,25634.0,1186731.0,0.791401,1.249845,HKG,USA,0576
388929,100,231,712,2013.0,2644.0,0.0,0.8737309999999999,1.276091,HRV,USA,0576
388930,106,231,712,2013.0,0.0,2060.0,1.32787,0.394579,IRL,USA,0576
388931,109,231,712,2013.0,0.0,9541.0,0.284089,-0.164097,ISL,USA,0576
388932,110,231,712,2013.0,0.0,89692.0,1.0247629999999999,0.8261639999999999,ISR,USA,0576
388933,111,231,712,2013.0,140598.0,0.0,1.419383,-0.304402,ITA,USA,0576
388934,112,231,712,2013.0,0.0,4230.0,-0.364044,-0.744733,JAM,USA,0576
388935,114,231,712,2013.0,0.0,2028763.0,2.333417,-0.818701,JPN,USA,0576
388936,121,231,712,2013.0,6929.0,95235.0,1.817145,0.835414,KOR,USA,0576
388937,138,231,712,2013.0,339268.0,4265868.0,1.2327219999999999,0.746108,MEX,USA,0576
388938,153,231,712,2013.0,0.0,12296.0,0.924532,0.671334,MYS,USA,0576
388939,162,231,712,2013.0,0.0,1036.0,1.012006,1.441545,NLD,USA,0576
388940,166,231,712,2013.0,8961.0,4813.0,0.192237,0.429825,NZL,USA,0576
388941,168,231,712,2013.0,158295.0,0.0,-0.697224,0.501576,PAK,USA,0576
388942,169,231,712,2013.0,0.0,60727.0,0.8719819999999999,1.038982,PAN,USA,0576
388943,173,231,712,2013.0,2467.0,0.0,-0.640044,0.121772,PER,USA,0576
388944,174,231,712,2013.0,0.0,9128.0,0.639083,0.45816899999999994,PHL,USA,0576
388945,179,231,712,2013.0,90608.0,0.0,0.705087,2.2055580000000004,PRT,USA,0576
388946,182,231,712,2013.0,0.0,13380.0,-0.118172,-0.620256,PYF,USA,0576
388947,183,231,712,2013.0,0.0,9586.0,-0.583609,-1.003754,QAT,USA,0576
388948,192,231,712,2013.0,0.0,7667.0,1.844685,0.639379,SGP,USA,0576
388949,211,231,712,2013.0,0.0,1020.0,0.06901,-0.438229,SYC,USA,0576
388950,216,231,712,2013.0,0.0,88881.0,1.067287,1.2767110000000002,THA,USA,0576
388951,222,231,712,2013.0,0.0,5539.0,-0.399437,-1.047864,TTO,USA,0576
388952,224,231,712,2013.0,13707293.0,0.0,0.580016,2.394812,TUR,USA,0576
388953,239,231,712,2013.0,0.0,1901.0,0.009264,1.182368,VNM,USA,0576
388954,249,231,712,2013.0,0.0,21045.0,1.7382849999999999,0.9917739999999999,TWN,USA,0576
388955,224,236,712,2013.0,73418.0,0.0,0.580016,2.394812,TUR,VEN,0576
388956,7,243,712,2013.0,1144.0,0.0,-0.338417,-0.754102,ARE,YEM,0576
388957,167,243,712,2013.0,0.0,1924.0,-0.698693,-1.030814,OMN,YEM,0576
388958,2,246,712,2013.0,0.0,1470.0,-1.240877,-1.073797,AGO,ZAF,0576
388959,7,246,712,2013.0,0.0,33087.0,-0.338417,-0.754102,ARE,ZAF,0576
388960,14,246,712,2013.0,0.0,1049.0,-0.63369,-0.276328,AUS,ZAF,0576
388961,37,246,712,2013.0,0.0,10754.0,-0.677782,-1.0888149999999999,BWA,ZAF,0576
388962,39,246,712,2013.0,0.0,169853.0,0.599305,1.193591,CAN,ZAF,0576
388963,41,246,712,2013.0,0.0,6249.0,2.0899229999999998,0.661667,CHE,ZAF,0576
388964,43,246,712,2013.0,0.0,28686.0,1.24864,0.667713,CHN,ZAF,0576
388965,59,246,712,2013.0,0.0,1240.0,1.829509,-0.41787700000000005,CZE,ZAF,0576
388966,61,246,712,2013.0,0.0,20238.0,2.1086869999999998,-3.7092,DEU,ZAF,0576
388967,71,246,712,2013.0,0.0,12468.0,0.955472,1.80005,ESP,ZAF,0576
388968,77,246,712,2013.0,0.0,162147.0,1.5253299999999999,0.026146,FRA,ZAF,0576
388969,81,246,712,2013.0,0.0,949516.0,1.628465,0.77075,GBR,ZAF,0576
388970,97,246,712,2013.0,0.0,74068.0,0.791401,1.249845,HKG,ZAF,0576
388971,110,246,712,2013.0,125384.0,0.0,1.0247629999999999,0.8261639999999999,ISR,ZAF,0576
388972,122,246,712,2013.0,0.0,1350.0,-1.198985,-1.057248,KWT,ZAF,0576
388973,129,246,712,2013.0,0.0,4599.0,-0.726902,-0.8200930000000001,LSO,ZAF,0576
388974,147,246,712,2013.0,0.0,1288.0,-1.131512,-0.8923840000000001,MOZ,ZAF,0576
388975,151,246,712,2013.0,0.0,1380.0,-0.092312,0.050927,MUS,ZAF,0576
388976,155,246,712,2013.0,1387.0,12486.0,-0.316805,-0.38759099999999996,NAM,ZAF,0576
388977,159,246,712,2013.0,0.0,38872.0,-1.679402,-1.14686,NGA,ZAF,0576
388978,162,246,712,2013.0,0.0,63728.0,1.012006,1.441545,NLD,ZAF,0576
388979,163,246,712,2013.0,0.0,1899.0,0.710901,0.062705,NOR,ZAF,0576
388980,168,246,712,2013.0,1781.0,0.0,-0.697224,0.501576,PAK,ZAF,0576
388981,179,246,712,2013.0,4798.0,7189.0,0.705087,2.2055580000000004,PRT,ZAF,0576
388982,183,246,712,2013.0,0.0,95166.0,-0.583609,-1.003754,QAT,ZAF,0576
388983,186,246,712,2013.0,0.0,2365.0,-0.08233,-0.267781,RUS,ZAF,0576
388984,188,246,712,2013.0,220054.0,0.0,-0.14823599999999998,-0.883965,SAU,ZAF,0576
388985,209,246,712,2013.0,0.0,2057.0,0.017946,-0.20627399999999999,SWZ,ZAF,0576
388986,224,246,712,2013.0,376938.0,0.0,0.580016,2.394812,TUR,ZAF,0576
388987,247,246,712,2013.0,0.0,1798.0,-0.293192,-0.42930100000000004,ZMB,ZAF,0576
388988,14,249,712,2013.0,0.0,1944.0,-0.63369,-0.276328,AUS,TWN,0576
388989,39,249,712,2013.0,13766.0,1267.0,0.599305,1.193591,CAN,TWN,0576
388990,41,249,712,2013.0,35274.0,0.0,2.0899229999999998,0.661667,CHE,TWN,0576
388991,43,249,712,2013.0,2767.0,1222.0,1.24864,0.667713,CHN,TWN,0576
388992,61,249,712,2013.0,155537.0,0.0,2.1086869999999998,-3.7092,DEU,TWN,0576
388993,77,249,712,2013.0,5567.0,7028.0,1.5253299999999999,0.026146,FRA,TWN,0576
388994,90,249,712,2013.0,3261.0,0.0,0.073442,0.9857899999999999,GRC,TWN,0576
388995,97,249,712,2013.0,23781.0,0.0,0.791401,1.249845,HKG,TWN,0576
388996,107,249,712,2013.0,25296.0,0.0,-0.23625100000000002,-0.256067,IRN,TWN,0576
388997,114,249,712,2013.0,6509.0,0.0,2.333417,-0.818701,JPN,TWN,0576
388998,224,249,712,2013.0,223974.0,0.0,0.580016,2.394812,TUR,TWN,0576
388999,231,249,712,2013.0,21045.0,0.0,1.612058,-0.8592989999999999,USA,TWN,0576
389000,24,250,712,2013.0,0.0,8860.0,0.080634,-0.6828890000000001,BHR,ANS,0576
389001,61,250,712,2013.0,55943.0,0.0,2.1086869999999998,-3.7092,DEU,ANS,0576
389002,72,250,712,2013.0,0.0,10004.0,0.923321,1.290016,EST,ANS,0576
389003,100,250,712,2013.0,109215.0,0.0,0.8737309999999999,1.276091,HRV,ANS,0576
389004,106,250,712,2013.0,0.0,2887.0,1.32787,0.394579,IRL,ANS,0576
389005,113,250,712,2013.0,33186.0,0.0,0.1888,0.596867,JOR,ANS,0576
389006,131,250,712,2013.0,0.0,2907.0,1.0110190000000001,1.123226,LUX,ANS,0576
389007,136,250,712,2013.0,0.0,1034.0,-0.786091,-0.611478,MDG,ANS,0576
389008,162,250,712,2013.0,1392.0,0.0,1.012006,1.441545,NLD,ANS,0576
389009,223,250,712,2013.0,83262.0,0.0,0.40154,0.902177,TUN,ANS,0576
389010,224,250,712,2013.0,4085885.0,0.0,0.580016,2.394812,TUR,ANS,0576
389011,90,9,712,2013.0,35286.0,0.0,0.073442,0.9857899999999999,GRC,ARM,0576
389012,186,9,712,2013.0,0.0,12733.0,-0.08233,-0.267781,RUS,ARM,0576
389013,7,14,712,2013.0,20544.0,0.0,-0.338417,-0.754102,ARE,AUS,0576
389014,24,14,712,2013.0,0.0,1801.0,0.080634,-0.6828890000000001,BHR,AUS,0576
389015,34,14,712,2013.0,0.0,4004.0,-1.664,-0.663172,BRN,AUS,0576
389016,43,14,712,2013.0,7722.0,0.0,1.24864,0.667713,CHN,AUS,0576
389017,75,14,712,2013.0,0.0,2842.0,-0.374639,-0.140308,FJI,AUS,0576
389018,81,14,712,2013.0,5964.0,0.0,1.628465,0.77075,GBR,AUS,0576
389019,90,14,712,2013.0,985310.0,0.0,0.073442,0.9857899999999999,GRC,AUS,0576
389020,97,14,712,2013.0,5550.0,4625.0,0.791401,1.249845,HKG,AUS,0576
389021,107,14,712,2013.0,39283.0,0.0,-0.23625100000000002,-0.256067,IRN,AUS,0576
389022,111,14,712,2013.0,4134.0,0.0,1.419383,-0.304402,ITA,AUS,0576
389023,128,14,712,2013.0,9819.0,0.0,-0.320583,0.44462399999999996,LKA,AUS,0576
389024,132,14,712,2013.0,1077.0,0.0,0.652463,1.299917,LVA,AUS,0576
389025,137,14,712,2013.0,0.0,3703.0,-0.510204,-0.740372,MDV,AUS,0576
389026,153,14,712,2013.0,0.0,6412.0,0.924532,0.671334,MYS,AUS,0576
389027,166,14,712,2013.0,117020.0,3097.0,0.192237,0.429825,NZL,AUS,0576
389028,168,14,712,2013.0,2722.0,0.0,-0.697224,0.501576,PAK,AUS,0576
389029,183,14,712,2013.0,0.0,1065.0,-0.583609,-1.003754,QAT,AUS,0576
389030,192,14,712,2013.0,0.0,5005.0,1.844685,0.639379,SGP,AUS,0576
389031,224,14,712,2013.0,3096070.0,11314.0,0.580016,2.394812,TUR,AUS,0576
389032,231,14,712,2013.0,22665.0,0.0,1.612058,-0.8592989999999999,USA,AUS,0576
389033,246,14,712,2013.0,1049.0,0.0,0.11624100000000001,1.574591,ZAF,AUS,0576
389034,249,14,712,2013.0,1944.0,0.0,1.7382849999999999,0.9917739999999999,TWN,AUS,0576
389035,107,16,712,2013.0,2254.0,0.0,-0.23625100000000002,-0.256067,IRN,AZE,0576
389036,188,16,712,2013.0,130341.0,0.0,-0.14823599999999998,-0.883965,SAU,AZE,0576
389037,224,16,712,2013.0,103298.0,0.0,0.580016,2.394812,TUR,AZE,0576
389038,7,22,712,2013.0,0.0,8999.0,-0.338417,-0.754102,ARE,BGD,0576
389039,192,22,712,2013.0,1904.0,0.0,1.844685,0.639379,SGP,BGD,0576
389040,7,24,712,2013.0,42757.0,0.0,-0.338417,-0.754102,ARE,BHR,0576
389041,14,24,712,2013.0,1801.0,0.0,-0.63369,-0.276328,AUS,BHR,0576
389042,32,24,712,2013.0,4509.0,0.0,0.2804,0.649729,BRA,BHR,0576
389043,41,24,712,2013.0,3472.0,0.0,2.0899229999999998,0.661667,CHE,BHR,0576
389044,43,24,712,2013.0,13963.0,0.0,1.24864,0.667713,CHN,BHR,0576
389045,61,24,712,2013.0,1954.0,0.0,2.1086869999999998,-3.7092,DEU,BHR,0576
389046,68,24,712,2013.0,7081.0,0.0,-0.12015799999999999,1.793363,EGY,BHR,0576
389047,107,24,712,2013.0,62992.0,0.0,-0.23625100000000002,-0.256067,IRN,BHR,0576
389048,124,24,712,2013.0,2407.0,0.0,0.37392800000000004,1.413136,LBN,BHR,0576
389049,128,24,712,2013.0,21732.0,0.0,-0.320583,0.44462399999999996,LKA,BHR,0576
389050,168,24,712,2013.0,8874.0,0.0,-0.697224,0.501576,PAK,BHR,0576
389051,174,24,712,2013.0,11772.0,0.0,0.639083,0.45816899999999994,PHL,BHR,0576
389052,188,24,712,2013.0,23552.0,0.0,-0.14823599999999998,-0.883965,SAU,BHR,0576
389053,212,24,712,2013.0,6383.0,0.0,-0.09157699999999999,1.1795950000000002,SYR,BHR,0576
389054,223,24,712,2013.0,9065.0,0.0,0.40154,0.902177,TUN,BHR,0576
389055,224,24,712,2013.0,30217.0,0.0,0.580016,2.394812,TUR,BHR,0576
389056,231,24,712,2013.0,2062.0,0.0,1.612058,-0.8592989999999999,USA,BHR,0576
389057,250,24,712,2013.0,8860.0,0.0,0.583151,0.14238299999999998,ANS,BHR,0576
389058,4,26,712,2013.0,44143.0,0.0,-0.44779300000000005,-0.13181700000000002,ALB,BIH,0576
389059,15,26,712,2013.0,4671.0,0.0,1.855434,-1.06494,AUT,BIH,0576
389060,61,26,712,2013.0,1530.0,0.0,2.1086869999999998,-3.7092,DEU,BIH,0576
389061,100,26,712,2013.0,27048.0,137869.0,0.8737309999999999,1.276091,HRV,BIH,0576
389062,111,26,712,2013.0,6984.0,0.0,1.419383,-0.304402,ITA,BIH,0576
389063,144,26,712,2013.0,0.0,3706.0,0.09597,-0.019953,MNE,BIH,0576
389064,201,26,712,2013.0,28078.0,30342.0,0.609755,1.355304,SRB,BIH,0576
389065,207,26,712,2013.0,8702.0,0.0,1.55922,0.565874,SVN,BIH,0576
389066,224,26,712,2013.0,716090.0,0.0,0.580016,2.394812,TUR,BIH,0576
389067,23,28,712,2013.0,2463.0,0.0,0.622325,1.5506229999999999,BGR,BLR,0576
389068,90,28,712,2013.0,2107.0,0.0,0.073442,0.9857899999999999,GRC,BLR,0576
389069,107,28,712,2013.0,9965.0,0.0,-0.23625100000000002,-0.256067,IRN,BLR,0576
389070,130,28,712,2013.0,237658.0,0.0,0.677986,1.29227,LTU,BLR,0576
389071,132,28,712,2013.0,31879.0,0.0,0.652463,1.299917,LVA,BLR,0576
389072,162,28,712,2013.0,8843.0,0.0,1.012006,1.441545,NLD,BLR,0576
389073,177,28,712,2013.0,2401.0,0.0,1.11341,0.975734,POL,BLR,0576
389074,186,28,712,2013.0,6717.0,40749.0,-0.08233,-0.267781,RUS,BLR,0576
389075,224,28,712,2013.0,266960.0,0.0,0.580016,2.394812,TUR,BLR,0576
389076,7,68,712,2013.0,7207.0,19255.0,-0.338417,-0.754102,ARE,EGY,0576
389077,24,68,712,2013.0,0.0,7081.0,0.080634,-0.6828890000000001,BHR,EGY,0576
389078,39,68,712,2013.0,0.0,2260.0,0.599305,1.193591,CAN,EGY,0576
389079,43,68,712,2013.0,0.0,1264.0,1.24864,0.667713,CHN,EGY,0576
389080,61,68,712,2013.0,0.0,4246.0,2.1086869999999998,-3.7092,DEU,EGY,0576
389081,77,68,712,2013.0,0.0,4045.0,1.5253299999999999,0.026146,FRA,EGY,0576
389082,81,68,712,2013.0,0.0,6994.0,1.628465,0.77075,GBR,EGY,0576
389083,90,68,712,2013.0,85484.0,0.0,0.073442,0.9857899999999999,GRC,EGY,0576
389084,97,68,712,2013.0,0.0,2460.0,0.791401,1.249845,HKG,EGY,0576
389085,116,68,712,2013.0,0.0,8910.0,-0.303119,0.626786,KEN,EGY,0576
389086,122,68,712,2013.0,0.0,16260.0,-1.198985,-1.057248,KWT,EGY,0576
389087,124,68,712,2013.0,0.0,10016.0,0.37392800000000004,1.413136,LBN,EGY,0576
389088,126,68,712,2013.0,0.0,1456.0,-1.871593,-1.1211790000000001,LBY,EGY,0576
389089,153,68,712,2013.0,0.0,6575.0,0.924532,0.671334,MYS,EGY,0576
389090,163,68,712,2013.0,0.0,1445.0,0.710901,0.062705,NOR,EGY,0576
389091,183,68,712,2013.0,0.0,4910.0,-0.583609,-1.003754,QAT,EGY,0576
389092,188,68,712,2013.0,0.0,6446.0,-0.14823599999999998,-0.883965,SAU,EGY,0576
389093,190,68,712,2013.0,0.0,2076.0,-1.224897,-1.059517,SDN,EGY,0576
389094,192,68,712,2013.0,0.0,2150.0,1.844685,0.639379,SGP,EGY,0576
389095,211,68,712,2013.0,0.0,4860.0,0.06901,-0.438229,SYC,EGY,0576
389096,212,68,712,2013.0,3431400.0,0.0,-0.09157699999999999,1.1795950000000002,SYR,EGY,0576
389097,224,68,712,2013.0,2225490.0,87392.0,0.580016,2.394812,TUR,EGY,0576
389098,7,82,712,2013.0,4215.0,0.0,-0.338417,-0.754102,ARE,GEO,0576
389099,61,82,712,2013.0,1078.0,0.0,2.1086869999999998,-3.7092,DEU,GEO,0576
389100,224,82,712,2013.0,7807.0,0.0,0.580016,2.394812,TUR,GEO,0576
389101,4,100,712,2013.0,58322.0,0.0,-0.44779300000000005,-0.13181700000000002,ALB,HRV,0576
389102,15,100,712,2013.0,33878.0,12849.0,1.855434,-1.06494,AUT,HRV,0576
389103,26,100,712,2013.0,137869.0,27048.0,0.723658,0.9271879999999999,BIH,HRV,0576
389104,61,100,712,2013.0,160898.0,56828.0,2.1086869999999998,-3.7092,DEU,HRV,0576
389105,71,100,712,2013.0,1434.0,0.0,0.955472,1.80005,ESP,HRV,0576
389106,81,100,712,2013.0,1601.0,3698.0,1.628465,0.77075,GBR,HRV,0576
389107,90,100,712,2013.0,132957.0,0.0,0.073442,0.9857899999999999,GRC,HRV,0576
389108,102,100,712,2013.0,8905.0,0.0,1.6962560000000002,0.45460600000000007,HUN,HRV,0576
389109,111,100,712,2013.0,34955.0,0.0,1.419383,-0.304402,ITA,HRV,0576
389110,144,100,712,2013.0,0.0,18617.0,0.09597,-0.019953,MNE,HRV,0576
389111,162,100,712,2013.0,8171.0,0.0,1.012006,1.441545,NLD,HRV,0576
389112,163,100,712,2013.0,0.0,1232.0,0.710901,0.062705,NOR,HRV,0576
389113,186,100,712,2013.0,0.0,2834.0,-0.08233,-0.267781,RUS,HRV,0576
389114,201,100,712,2013.0,0.0,1243.0,0.609755,1.355304,SRB,HRV,0576
389115,206,100,712,2013.0,31991.0,0.0,1.510052,0.7060310000000001,SVK,HRV,0576
389116,207,100,712,2013.0,2359.0,44494.0,1.55922,0.565874,SVN,HRV,0576
389117,224,100,712,2013.0,726709.0,52893.0,0.580016,2.394812,TUR,HRV,0576
389118,228,100,712,2013.0,0.0,1102.0,0.535571,1.026263,UKR,HRV,0576
389119,231,100,712,2013.0,0.0,2644.0,1.612058,-0.8592989999999999,USA,HRV,0576
389120,250,100,712,2013.0,0.0,109215.0,0.583151,0.14238299999999998,ANS,HRV,0576
389121,18,106,712,2013.0,2133.0,0.0,1.198491,1.117268,BEL,IRL,0576
389122,32,106,712,2013.0,54015.0,0.0,0.2804,0.649729,BRA,IRL,0576
389123,52,106,712,2013.0,7343.0,0.0,0.208669,-0.54783,CRI,IRL,0576
389124,61,106,712,2013.0,142854.0,11775.0,2.1086869999999998,-3.7092,DEU,IRL,0576
389125,71,106,712,2013.0,1160.0,0.0,0.955472,1.80005,ESP,IRL,0576
389126,77,106,712,2013.0,98818.0,0.0,1.5253299999999999,0.026146,FRA,IRL,0576
389127,81,106,712,2013.0,560517.0,21185.0,1.628465,0.77075,GBR,IRL,0576
389128,109,106,712,2013.0,7151.0,0.0,0.284089,-0.164097,ISL,IRL,0576
389129,110,106,712,2013.0,3475.0,0.0,1.0247629999999999,0.8261639999999999,ISR,IRL,0576
389130,162,106,712,2013.0,107621.0,0.0,1.012006,1.441545,NLD,IRL,0576
389131,216,106,712,2013.0,1924.0,0.0,1.067287,1.2767110000000002,THA,IRL,0576
389132,224,106,712,2013.0,26050.0,0.0,0.580016,2.394812,TUR,IRL,0576
389133,231,106,712,2013.0,2060.0,0.0,1.612058,-0.8592989999999999,USA,IRL,0576
389134,250,106,712,2013.0,2887.0,0.0,0.583151,0.14238299999999998,ANS,IRL,0576
389135,1,107,712,2013.0,0.0,34190.0,-0.767212,-0.6506069999999999,AFG,IRN,0576
389136,7,107,712,2013.0,5233.0,1549515.0,-0.338417,-0.754102,ARE,IRN,0576
389137,14,107,712,2013.0,0.0,39283.0,-0.63369,-0.276328,AUS,IRN,0576
389138,15,107,712,2013.0,0.0,1032.0,1.855434,-1.06494,AUT,IRN,0576
389139,16,107,712,2013.0,0.0,2254.0,-1.319766,-1.200648,AZE,IRN,0576
389140,18,107,712,2013.0,0.0,62150.0,1.198491,1.117268,BEL,IRN,0576
389141,23,107,712,2013.0,0.0,2283.0,0.622325,1.5506229999999999,BGR,IRN,0576
389142,24,107,712,2013.0,0.0,62992.0,0.080634,-0.6828890000000001,BHR,IRN,0576
389143,28,107,712,2013.0,0.0,9965.0,1.183522,0.934159,BLR,IRN,0576
389144,39,107,712,2013.0,0.0,41213.0,0.599305,1.193591,CAN,IRN,0576
389145,41,107,712,2013.0,0.0,15710.0,2.0899229999999998,0.661667,CHE,IRN,0576
389146,43,107,712,2013.0,0.0,239162.0,1.24864,0.667713,CHN,IRN,0576
389147,49,107,712,2013.0,0.0,2685.0,0.034491,-0.36975,COL,IRN,0576
389148,59,107,712,2013.0,0.0,20210.0,1.829509,-0.41787700000000005,CZE,IRN,0576
389149,61,107,712,2013.0,0.0,68790.0,2.1086869999999998,-3.7092,DEU,IRN,0576
389150,74,107,712,2013.0,0.0,2896.0,1.700282,0.867677,FIN,IRN,0576
389151,77,107,712,2013.0,9150.0,197042.0,1.5253299999999999,0.026146,FRA,IRN,0576
389152,81,107,712,2013.0,0.0,25310.0,1.628465,0.77075,GBR,IRN,0576
389153,97,107,712,2013.0,0.0,746047.0,0.791401,1.249845,HKG,IRN,0576
389154,104,107,712,2013.0,0.0,89538.0,0.18186,2.647598,IND,IRN,0576
389155,108,107,712,2013.0,0.0,3854.0,-3.147217,-0.685991,IRQ,IRN,0576
389156,114,107,712,2013.0,0.0,786096.0,2.333417,-0.818701,JPN,IRN,0576
389157,115,107,712,2013.0,0.0,82655.0,-0.9193819999999999,-0.734194,KAZ,IRN,0576
389158,117,107,712,2013.0,0.0,104453.0,0.25090500000000004,0.7357279999999999,KGZ,IRN,0576
389159,121,107,712,2013.0,0.0,381441.0,1.817145,0.835414,KOR,IRN,0576
389160,122,107,712,2013.0,2299.0,43676.0,-1.198985,-1.057248,KWT,IRN,0576
389161,124,107,712,2013.0,0.0,2135.0,0.37392800000000004,1.413136,LBN,IRN,0576
389162,151,107,712,2013.0,0.0,2313.0,-0.092312,0.050927,MUS,IRN,0576
389163,153,107,712,2013.0,0.0,140331.0,0.924532,0.671334,MYS,IRN,0576
389164,162,107,712,2013.0,0.0,25699.0,1.012006,1.441545,NLD,IRN,0576
389165,163,107,712,2013.0,0.0,18310.0,0.710901,0.062705,NOR,IRN,0576
389166,168,107,712,2013.0,0.0,3985.0,-0.697224,0.501576,PAK,IRN,0576
389167,177,107,712,2013.0,0.0,46883.0,1.11341,0.975734,POL,IRN,0576
389168,183,107,712,2013.0,0.0,32857.0,-0.583609,-1.003754,QAT,IRN,0576
389169,186,107,712,2013.0,0.0,1104.0,-0.08233,-0.267781,RUS,IRN,0576
389170,188,107,712,2013.0,0.0,8852.0,-0.14823599999999998,-0.883965,SAU,IRN,0576
389171,190,107,712,2013.0,0.0,4105.0,-1.224897,-1.059517,SDN,IRN,0576
389172,192,107,712,2013.0,0.0,424458.0,1.844685,0.639379,SGP,IRN,0576
389173,206,107,712,2013.0,0.0,6773.0,1.510052,0.7060310000000001,SVK,IRN,0576
389174,208,107,712,2013.0,0.0,16535.0,1.7851290000000002,0.182623,SWE,IRN,0576
389175,223,107,712,2013.0,0.0,35173.0,0.40154,0.902177,TUN,IRN,0576
389176,224,107,712,2013.0,0.0,16607.0,0.580016,2.394812,TUR,IRN,0576
389177,232,107,712,2013.0,0.0,8801.0,-0.7076319999999999,-0.645674,UZB,IRN,0576
389178,239,107,712,2013.0,0.0,11803115.0,0.009264,1.182368,VNM,IRN,0576
389179,249,107,712,2013.0,0.0,25296.0,1.7382849999999999,0.9917739999999999,TWN,IRN,0576
389180,43,114,712,2013.0,3388.0,0.0,1.24864,0.667713,CHN,JPN,0576
389181,61,114,712,2013.0,55586.0,0.0,2.1086869999999998,-3.7092,DEU,JPN,0576
389182,71,114,712,2013.0,23457.0,0.0,0.955472,1.80005,ESP,JPN,0576
389183,77,114,712,2013.0,55215.0,0.0,1.5253299999999999,0.026146,FRA,JPN,0576
389184,90,114,712,2013.0,31077.0,0.0,0.073442,0.9857899999999999,GRC,JPN,0576
389185,97,114,712,2013.0,0.0,15743.0,0.791401,1.249845,HKG,JPN,0576
389186,107,114,712,2013.0,786096.0,0.0,-0.23625100000000002,-0.256067,IRN,JPN,0576
389187,134,114,712,2013.0,23503.0,0.0,-0.474872,0.178118,MAR,JPN,0576
389188,138,114,712,2013.0,49229.0,0.0,1.2327219999999999,0.746108,MEX,JPN,0576
389189,166,114,712,2013.0,2101.0,0.0,0.192237,0.429825,NZL,JPN,0576
389190,192,114,712,2013.0,0.0,14511.0,1.844685,0.639379,SGP,JPN,0576
389191,224,114,712,2013.0,5274060.0,151808.0,0.580016,2.394812,TUR,JPN,0576
389192,231,114,712,2013.0,2028763.0,0.0,1.612058,-0.8592989999999999,USA,JPN,0576
389193,249,114,712,2013.0,0.0,6509.0,1.7382849999999999,0.9917739999999999,TWN,JPN,0576
389194,32,115,712,2013.0,1451.0,0.0,0.2804,0.649729,BRA,KAZ,0576
389195,61,115,712,2013.0,16218.0,0.0,2.1086869999999998,-3.7092,DEU,KAZ,0576
389196,90,115,712,2013.0,2683.0,0.0,0.073442,0.9857899999999999,GRC,KAZ,0576
389197,107,115,712,2013.0,82655.0,0.0,-0.23625100000000002,-0.256067,IRN,KAZ,0576
389198,135,115,712,2013.0,58566.0,0.0,0.14256,0.33920700000000004,MDA,KAZ,0576
389199,162,115,712,2013.0,1835.0,0.0,1.012006,1.441545,NLD,KAZ,0576
389200,186,115,712,2013.0,29528.0,0.0,-0.08233,-0.267781,RUS,KAZ,0576
389201,224,115,712,2013.0,1401380.0,0.0,0.580016,2.394812,TUR,KAZ,0576
389202,7,116,712,2013.0,1530.0,0.0,-0.338417,-0.754102,ARE,KEN,0576
389203,61,116,712,2013.0,1871.0,0.0,2.1086869999999998,-3.7092,DEU,KEN,0576
389204,68,116,712,2013.0,8910.0,0.0,-0.12015799999999999,1.793363,EGY,KEN,0576
389205,81,116,712,2013.0,0.0,1363.0,1.628465,0.77075,GBR,KEN,0576
389206,104,116,712,2013.0,10348.0,0.0,0.18186,2.647598,IND,KEN,0576
389207,41,117,712,2013.0,4251.0,0.0,2.0899229999999998,0.661667,CHE,KGZ,0576
389208,107,117,712,2013.0,104453.0,0.0,-0.23625100000000002,-0.256067,IRN,KGZ,0576
389209,224,117,712,2013.0,7763.0,0.0,0.580016,2.394812,TUR,KGZ,0576
389210,7,124,712,2013.0,14935.0,49071.0,-0.338417,-0.754102,ARE,LBN,0576
389211,24,124,712,2013.0,0.0,2407.0,0.080634,-0.6828890000000001,BHR,LBN,0576
389212,32,124,712,2013.0,1345.0,0.0,0.2804,0.649729,BRA,LBN,0576
389213,39,124,712,2013.0,0.0,1312.0,0.599305,1.193591,CAN,LBN,0576
389214,44,124,712,2013.0,0.0,1622.0,-1.0025870000000001,-0.901658,CIV,LBN,0576
389215,68,124,712,2013.0,10016.0,0.0,-0.12015799999999999,1.793363,EGY,LBN,0576
389216,77,124,712,2013.0,0.0,4419.0,1.5253299999999999,0.026146,FRA,LBN,0576
389217,81,124,712,2013.0,0.0,1283.0,1.628465,0.77075,GBR,LBN,0576
389218,107,124,712,2013.0,2135.0,0.0,-0.23625100000000002,-0.256067,IRN,LBN,0576
389219,113,124,712,2013.0,1230.0,0.0,0.1888,0.596867,JOR,LBN,0576
389220,122,124,712,2013.0,0.0,286724.0,-1.198985,-1.057248,KWT,LBN,0576
389221,183,124,712,2013.0,0.0,14401.0,-0.583609,-1.003754,QAT,LBN,0576
389222,188,124,712,2013.0,0.0,5917.0,-0.14823599999999998,-0.883965,SAU,LBN,0576
389223,212,124,712,2013.0,97836.0,0.0,-0.09157699999999999,1.1795950000000002,SYR,LBN,0576
389224,224,124,712,2013.0,333517.0,0.0,0.580016,2.394812,TUR,LBN,0576
389225,7,128,712,2013.0,2322.0,328371.0,-0.338417,-0.754102,ARE,LKA,0576
389226,14,128,712,2013.0,0.0,9819.0,-0.63369,-0.276328,AUS,LKA,0576
389227,24,128,712,2013.0,0.0,21732.0,0.080634,-0.6828890000000001,BHR,LKA,0576
389228,41,128,712,2013.0,0.0,1579.0,2.0899229999999998,0.661667,CHE,LKA,0576
389229,77,128,712,2013.0,0.0,21041.0,1.5253299999999999,0.026146,FRA,LKA,0576
389230,81,128,712,2013.0,0.0,1845.0,1.628465,0.77075,GBR,LKA,0576
389231,122,128,712,2013.0,0.0,12176.0,-1.198985,-1.057248,KWT,LKA,0576
389232,137,128,712,2013.0,0.0,8363.0,-0.510204,-0.740372,MDV,LKA,0576
389233,153,128,712,2013.0,1253.0,0.0,0.924532,0.671334,MYS,LKA,0576
389234,167,128,712,2013.0,0.0,21573.0,-0.698693,-1.030814,OMN,LKA,0576
389235,183,128,712,2013.0,0.0,49579.0,-0.583609,-1.003754,QAT,LKA,0576
389236,188,128,712,2013.0,1150.0,25871.0,-0.14823599999999998,-0.883965,SAU,LKA,0576
389237,192,128,712,2013.0,1999.0,0.0,1.844685,0.639379,SGP,LKA,0576
389238,18,130,712,2013.0,46417.0,0.0,1.198491,1.117268,BEL,LTU,0576
389239,28,130,712,2013.0,0.0,237658.0,1.183522,0.934159,BLR,LTU,0576
389240,61,130,712,2013.0,13196.0,0.0,2.1086869999999998,-3.7092,DEU,LTU,0576
389241,64,130,712,2013.0,0.0,1128.0,1.190302,1.062991,DNK,LTU,0576
389242,71,130,712,2013.0,24662.0,0.0,0.955472,1.80005,ESP,LTU,0576
389243,72,130,712,2013.0,2879.0,6555.0,0.923321,1.290016,EST,LTU,0576
389244,74,130,712,2013.0,2959.0,3946.0,1.700282,0.867677,FIN,LTU,0576
389245,81,130,712,2013.0,2520.0,0.0,1.628465,0.77075,GBR,LTU,0576
389246,111,130,712,2013.0,33229.0,0.0,1.419383,-0.304402,ITA,LTU,0576
389247,132,130,712,2013.0,35233.0,23461.0,0.652463,1.299917,LVA,LTU,0576
389248,162,130,712,2013.0,82894.0,0.0,1.012006,1.441545,NLD,LTU,0576
389249,177,130,712,2013.0,13824.0,0.0,1.11341,0.975734,POL,LTU,0576
389250,186,130,712,2013.0,0.0,168437.0,-0.08233,-0.267781,RUS,LTU,0576
389251,224,130,712,2013.0,541885.0,0.0,0.580016,2.394812,TUR,LTU,0576
389252,15,131,712,2013.0,8942.0,0.0,1.855434,-1.06494,AUT,LUX,0576
389253,18,131,712,2013.0,266792.0,16650.0,1.198491,1.117268,BEL,LUX,0576
389254,32,131,712,2013.0,10407.0,0.0,0.2804,0.649729,BRA,LUX,0576
389255,61,131,712,2013.0,134324.0,13614.0,2.1086869999999998,-3.7092,DEU,LUX,0576
389256,71,131,712,2013.0,50924.0,0.0,0.955472,1.80005,ESP,LUX,0576
389257,77,131,712,2013.0,136450.0,3789.0,1.5253299999999999,0.026146,FRA,LUX,0576
389258,110,131,712,2013.0,5324.0,0.0,1.0247629999999999,0.8261639999999999,ISR,LUX,0576
389259,111,131,712,2013.0,8075.0,0.0,1.419383,-0.304402,ITA,LUX,0576
389260,162,131,712,2013.0,28420.0,0.0,1.012006,1.441545,NLD,LUX,0576
389261,179,131,712,2013.0,2111.0,0.0,0.705087,2.2055580000000004,PRT,LUX,0576
389262,224,131,712,2013.0,80989.0,0.0,0.580016,2.394812,TUR,LUX,0576
389263,250,131,712,2013.0,2907.0,0.0,0.583151,0.14238299999999998,ANS,LUX,0576
389264,14,132,712,2013.0,0.0,1077.0,-0.63369,-0.276328,AUS,LVA,0576
389265,18,132,712,2013.0,13171.0,0.0,1.198491,1.117268,BEL,LVA,0576
389266,28,132,712,2013.0,0.0,31879.0,1.183522,0.934159,BLR,LVA,0576
389267,61,132,712,2013.0,18996.0,0.0,2.1086869999999998,-3.7092,DEU,LVA,0576
389268,71,132,712,2013.0,4108.0,0.0,0.955472,1.80005,ESP,LVA,0576
389269,72,132,712,2013.0,0.0,53698.0,0.923321,1.290016,EST,LVA,0576
389270,81,132,712,2013.0,2779.0,0.0,1.628465,0.77075,GBR,LVA,0576
389271,110,132,712,2013.0,1815.0,0.0,1.0247629999999999,0.8261639999999999,ISR,LVA,0576
389272,111,132,712,2013.0,2003.0,0.0,1.419383,-0.304402,ITA,LVA,0576
389273,130,132,712,2013.0,23461.0,35233.0,0.677986,1.29227,LTU,LVA,0576
389274,162,132,712,2013.0,12144.0,0.0,1.012006,1.441545,NLD,LVA,0576
389275,186,132,712,2013.0,0.0,17096.0,-0.08233,-0.267781,RUS,LVA,0576
389276,208,132,712,2013.0,36721.0,0.0,1.7851290000000002,0.182623,SWE,LVA,0576
389277,224,132,712,2013.0,222672.0,0.0,0.580016,2.394812,TUR,LVA,0576
389278,32,135,712,2013.0,2164.0,0.0,0.2804,0.649729,BRA,MDA,0576
389279,61,135,712,2013.0,2072.0,0.0,2.1086869999999998,-3.7092,DEU,MDA,0576
389280,115,135,712,2013.0,0.0,58566.0,-0.9193819999999999,-0.734194,KAZ,MDA,0576
389281,162,135,712,2013.0,5062.0,0.0,1.012006,1.441545,NLD,MDA,0576
389282,185,135,712,2013.0,2819.0,0.0,1.05722,1.0968799999999999,ROU,MDA,0576
389283,186,135,712,2013.0,0.0,300313.0,-0.08233,-0.267781,RUS,MDA,0576
389284,224,135,712,2013.0,518673.0,0.0,0.580016,2.394812,TUR,MDA,0576
389285,228,135,712,2013.0,10115.0,57369.0,0.535571,1.026263,UKR,MDA,0576
389286,90,140,712,2013.0,9854.0,0.0,0.073442,0.9857899999999999,GRC,MKD,0576
389287,201,140,712,2013.0,47161.0,9101.0,0.609755,1.355304,SRB,MKD,0576
389288,224,140,712,2013.0,406257.0,0.0,0.580016,2.394812,TUR,MKD,0576
389289,179,147,712,2013.0,4905.0,0.0,0.705087,2.2055580000000004,PRT,MOZ,0576
389290,246,147,712,2013.0,1288.0,0.0,0.11624100000000001,1.574591,ZAF,MOZ,0576
389291,66,148,712,2013.0,6811.0,0.0,-1.53603,-1.104965,DZA,MRT,0576
389292,43,159,712,2013.0,5090.0,0.0,1.24864,0.667713,CHN,NGA,0576
389293,111,159,712,2013.0,1537.0,0.0,1.419383,-0.304402,ITA,NGA,0576
389294,162,159,712,2013.0,1245.0,0.0,1.012006,1.441545,NLD,NGA,0576
389295,246,159,712,2013.0,38872.0,0.0,0.11624100000000001,1.574591,ZAF,NGA,0576
389296,104,164,712,2013.0,220376.0,0.0,0.18186,2.647598,IND,NPL,0576
389297,7,167,712,2013.0,729128.0,0.0,-0.338417,-0.754102,ARE,OMN,0576
389298,128,167,712,2013.0,21573.0,0.0,-0.320583,0.44462399999999996,LKA,OMN,0576
389299,188,167,712,2013.0,1236.0,0.0,-0.14823599999999998,-0.883965,SAU,OMN,0576
389300,224,167,712,2013.0,12967.0,0.0,0.580016,2.394812,TUR,OMN,0576
389301,243,167,712,2013.0,1924.0,0.0,-1.2788700000000002,-1.230713,YEM,OMN,0576
389302,1,168,712,2013.0,1123.0,0.0,-0.767212,-0.6506069999999999,AFG,PAK,0576
389303,7,168,712,2013.0,185867.0,126315.0,-0.338417,-0.754102,ARE,PAK,0576
389304,14,168,712,2013.0,0.0,2722.0,-0.63369,-0.276328,AUS,PAK,0576
389305,24,168,712,2013.0,0.0,8874.0,0.080634,-0.6828890000000001,BHR,PAK,0576
389306,39,168,712,2013.0,0.0,3211.0,0.599305,1.193591,CAN,PAK,0576
389307,81,168,712,2013.0,0.0,4262.0,1.628465,0.77075,GBR,PAK,0576
389308,104,168,712,2013.0,0.0,636400.0,0.18186,2.647598,IND,PAK,0576
389309,107,168,712,2013.0,3985.0,0.0,-0.23625100000000002,-0.256067,IRN,PAK,0576
389310,122,168,712,2013.0,0.0,5191.0,-1.198985,-1.057248,KWT,PAK,0576
389311,183,168,712,2013.0,0.0,10653.0,-0.583609,-1.003754,QAT,PAK,0576
389312,188,168,712,2013.0,0.0,44677.0,-0.14823599999999998,-0.883965,SAU,PAK,0576
389313,231,168,712,2013.0,0.0,158295.0,1.612058,-0.8592989999999999,USA,PAK,0576
389314,246,168,712,2013.0,0.0,1781.0,0.11624100000000001,1.574591,ZAF,PAK,0576
389315,15,185,712,2013.0,3819.0,3109.0,1.855434,-1.06494,AUT,ROU,0576
389316,23,185,712,2013.0,0.0,2472.0,0.622325,1.5506229999999999,BGR,ROU,0576
389317,43,185,712,2013.0,0.0,2924.0,1.24864,0.667713,CHN,ROU,0576
389318,61,185,712,2013.0,169375.0,0.0,2.1086869999999998,-3.7092,DEU,ROU,0576
389319,71,185,712,2013.0,4346.0,0.0,0.955472,1.80005,ESP,ROU,0576
389320,77,185,712,2013.0,124097.0,0.0,1.5253299999999999,0.026146,FRA,ROU,0576
389321,81,185,712,2013.0,1222.0,0.0,1.628465,0.77075,GBR,ROU,0576
389322,90,185,712,2013.0,40950.0,0.0,0.073442,0.9857899999999999,GRC,ROU,0576
389323,102,185,712,2013.0,13340.0,0.0,1.6962560000000002,0.45460600000000007,HUN,ROU,0576
389324,111,185,712,2013.0,1534.0,0.0,1.419383,-0.304402,ITA,ROU,0576
389325,135,185,712,2013.0,0.0,2819.0,0.14256,0.33920700000000004,MDA,ROU,0576
389326,162,185,712,2013.0,50499.0,0.0,1.012006,1.441545,NLD,ROU,0576
389327,206,185,712,2013.0,281494.0,0.0,1.510052,0.7060310000000001,SVK,ROU,0576
389328,224,185,712,2013.0,1188962.0,0.0,0.580016,2.394812,TUR,ROU,0576
389329,9,186,712,2013.0,12733.0,0.0,-0.159148,-0.515766,ARM,RUS,0576
389330,28,186,712,2013.0,40749.0,6717.0,1.183522,0.934159,BLR,RUS,0576
389331,32,186,712,2013.0,121269.0,0.0,0.2804,0.649729,BRA,RUS,0576
389332,49,186,712,2013.0,1245.0,0.0,0.034491,-0.36975,COL,RUS,0576
389333,58,186,712,2013.0,4080.0,0.0,0.36482800000000004,0.527544,CYP,RUS,0576
389334,61,186,712,2013.0,389865.0,0.0,2.1086869999999998,-3.7092,DEU,RUS,0576
389335,71,186,712,2013.0,47317.0,0.0,0.955472,1.80005,ESP,RUS,0576
389336,74,186,712,2013.0,12460.0,0.0,1.700282,0.867677,FIN,RUS,0576
389337,77,186,712,2013.0,68983.0,0.0,1.5253299999999999,0.026146,FRA,RUS,0576
389338,90,186,712,2013.0,38584.0,4498.0,0.073442,0.9857899999999999,GRC,RUS,0576
389339,100,186,712,2013.0,2834.0,0.0,0.8737309999999999,1.276091,HRV,RUS,0576
389340,107,186,712,2013.0,1104.0,0.0,-0.23625100000000002,-0.256067,IRN,RUS,0576
389341,110,186,712,2013.0,16764.0,0.0,1.0247629999999999,0.8261639999999999,ISR,RUS,0576
389342,111,186,712,2013.0,6794.0,0.0,1.419383,-0.304402,ITA,RUS,0576
389343,115,186,712,2013.0,0.0,29528.0,-0.9193819999999999,-0.734194,KAZ,RUS,0576
389344,130,186,712,2013.0,168437.0,0.0,0.677986,1.29227,LTU,RUS,0576
389345,132,186,712,2013.0,17096.0,0.0,0.652463,1.299917,LVA,RUS,0576
389346,135,186,712,2013.0,300313.0,0.0,0.14256,0.33920700000000004,MDA,RUS,0576
389347,145,186,712,2013.0,0.0,2493.0,-1.264785,-1.133222,MNG,RUS,0576
389348,162,186,712,2013.0,21733.0,0.0,1.012006,1.441545,NLD,RUS,0576
389349,173,186,712,2013.0,3620.0,0.0,-0.640044,0.121772,PER,RUS,0576
389350,177,186,712,2013.0,22199.0,0.0,1.11341,0.975734,POL,RUS,0576
389351,223,186,712,2013.0,1594.0,0.0,0.40154,0.902177,TUN,RUS,0576
389352,224,186,712,2013.0,12523907.0,0.0,0.580016,2.394812,TUR,RUS,0576
389353,246,186,712,2013.0,2365.0,0.0,0.11624100000000001,1.574591,ZAF,RUS,0576
389354,71,191,712,2013.0,1223.0,0.0,0.955472,1.80005,ESP,SEN,0576
389355,77,191,712,2013.0,13812.0,0.0,1.5253299999999999,0.026146,FRA,SEN,0576
389356,224,191,712,2013.0,1930.0,0.0,0.580016,2.394812,TUR,SEN,0576
389357,4,201,712,2013.0,48748.0,0.0,-0.44779300000000005,-0.13181700000000002,ALB,SRB,0576
389358,26,201,712,2013.0,30342.0,28078.0,0.723658,0.9271879999999999,BIH,SRB,0576
389359,61,201,712,2013.0,7543.0,0.0,2.1086869999999998,-3.7092,DEU,SRB,0576
389360,90,201,712,2013.0,8990.0,0.0,0.073442,0.9857899999999999,GRC,SRB,0576
389361,100,201,712,2013.0,1243.0,0.0,0.8737309999999999,1.276091,HRV,SRB,0576
389362,111,201,712,2013.0,3324.0,0.0,1.419383,-0.304402,ITA,SRB,0576
389363,140,201,712,2013.0,9101.0,47161.0,-0.127775,0.21915900000000002,MKD,SRB,0576
389364,144,201,712,2013.0,25331.0,0.0,0.09597,-0.019953,MNE,SRB,0576
389365,224,201,712,2013.0,1512178.0,0.0,0.580016,2.394812,TUR,SRB,0576
389366,4,207,712,2013.0,5547.0,0.0,-0.44779300000000005,-0.13181700000000002,ALB,SVN,0576
389367,15,207,712,2013.0,279316.0,0.0,1.855434,-1.06494,AUT,SVN,0576
389368,18,207,712,2013.0,1766.0,0.0,1.198491,1.117268,BEL,SVN,0576
389369,26,207,712,2013.0,0.0,8702.0,0.723658,0.9271879999999999,BIH,SVN,0576
389370,32,207,712,2013.0,1892.0,0.0,0.2804,0.649729,BRA,SVN,0576
389371,61,207,712,2013.0,277752.0,11389.0,2.1086869999999998,-3.7092,DEU,SVN,0576
389372,71,207,712,2013.0,5678.0,0.0,0.955472,1.80005,ESP,SVN,0576
389373,77,207,712,2013.0,34172.0,0.0,1.5253299999999999,0.026146,FRA,SVN,0576
389374,90,207,712,2013.0,59607.0,0.0,0.073442,0.9857899999999999,GRC,SVN,0576
389375,100,207,712,2013.0,44494.0,2359.0,0.8737309999999999,1.276091,HRV,SVN,0576
389376,102,207,712,2013.0,8782.0,0.0,1.6962560000000002,0.45460600000000007,HUN,SVN,0576
389377,111,207,712,2013.0,530464.0,1356.0,1.419383,-0.304402,ITA,SVN,0576
389378,162,207,712,2013.0,33678.0,0.0,1.012006,1.441545,NLD,SVN,0576
389379,224,207,712,2013.0,465171.0,14514.0,0.580016,2.394812,TUR,SVN,0576
389380,7,239,712,2013.0,480054.0,0.0,-0.338417,-0.754102,ARE,VNM,0576
389381,15,239,712,2013.0,0.0,7199.0,1.855434,-1.06494,AUT,VNM,0576
389382,61,239,712,2013.0,8580.0,3947.0,2.1086869999999998,-3.7092,DEU,VNM,0576
389383,97,239,712,2013.0,438400.0,0.0,0.791401,1.249845,HKG,VNM,0576
389384,107,239,712,2013.0,11803115.0,0.0,-0.23625100000000002,-0.256067,IRN,VNM,0576
389385,216,239,712,2013.0,1887.0,0.0,1.067287,1.2767110000000002,THA,VNM,0576
389386,224,239,712,2013.0,3323723.0,0.0,0.580016,2.394812,TUR,VNM,0576
389387,231,239,712,2013.0,1901.0,0.0,1.612058,-0.8592989999999999,USA,VNM,0576
389388,26,4,712,2013.0,0.0,44143.0,0.723658,0.9271879999999999,BIH,ALB,0576
389389,90,4,712,2013.0,3313.0,0.0,0.073442,0.9857899999999999,GRC,ALB,0576
389390,100,4,712,2013.0,0.0,58322.0,0.8737309999999999,1.276091,HRV,ALB,0576
389391,144,4,712,2013.0,0.0,7418.0,0.09597,-0.019953,MNE,ALB,0576
389392,201,4,712,2013.0,0.0,48748.0,0.609755,1.355304,SRB,ALB,0576
389393,207,4,712,2013.0,0.0,5547.0,1.55922,0.565874,SVN,ALB,0576
389394,71,5,712,2013.0,8075.0,0.0,0.955472,1.80005,ESP,AND,0576
389395,81,30,712,2013.0,2047.0,0.0,1.628465,0.77075,GBR,BMU,0576
389396,231,30,712,2013.0,39649.0,0.0,1.612058,-0.8592989999999999,USA,BMU,0576
389397,14,34,712,2013.0,4004.0,0.0,-0.63369,-0.276328,AUS,BRN,0576
389398,192,34,712,2013.0,5448.0,0.0,1.844685,0.639379,SGP,BRN,0576
389399,246,37,712,2013.0,10754.0,0.0,0.11624100000000001,1.574591,ZAF,BWA,0576
389400,77,44,712,2013.0,5074.0,0.0,1.5253299999999999,0.026146,FRA,CIV,0576
389401,124,44,712,2013.0,1622.0,0.0,0.37392800000000004,1.413136,LBN,CIV,0576
389402,224,45,712,2013.0,7092.0,0.0,0.580016,2.394812,TUR,CMR,0576
389403,18,46,712,2013.0,2884.0,0.0,1.198491,1.117268,BEL,COD,0576
389404,77,47,712,2013.0,5658.0,0.0,1.5253299999999999,0.026146,FRA,COG,0576
389405,71,51,712,2013.0,10157.0,0.0,0.955472,1.80005,ESP,CPV,0576
389406,162,51,712,2013.0,1318.0,0.0,1.012006,1.441545,NLD,CPV,0576
389407,179,51,712,2013.0,28466.0,0.0,0.705087,2.2055580000000004,PRT,CPV,0576
389408,71,54,712,2013.0,45194.0,0.0,0.955472,1.80005,ESP,CUB,0576
389409,61,58,712,2013.0,4518.0,0.0,2.1086869999999998,-3.7092,DEU,CYP,0576
389410,71,58,712,2013.0,8360.0,0.0,0.955472,1.80005,ESP,CYP,0576
389411,81,58,712,2013.0,3398.0,5879.0,1.628465,0.77075,GBR,CYP,0576
389412,90,58,712,2013.0,583500.0,0.0,0.073442,0.9857899999999999,GRC,CYP,0576
389413,142,58,712,2013.0,0.0,2358.0,0.710108,-0.014586000000000002,MLT,CYP,0576
389414,162,58,712,2013.0,2903.0,0.0,1.012006,1.441545,NLD,CYP,0576
389415,163,58,712,2013.0,0.0,1261.0,0.710901,0.062705,NOR,CYP,0576
389416,183,58,712,2013.0,0.0,13948.0,-0.583609,-1.003754,QAT,CYP,0576
389417,186,58,712,2013.0,0.0,4080.0,-0.08233,-0.267781,RUS,CYP,0576
389418,224,58,712,2013.0,242300.0,0.0,0.580016,2.394812,TUR,CYP,0576
389419,73,62,712,2013.0,2484.0,0.0,-1.1373090000000001,-0.89186,ETH,DJI,0576
389420,77,62,712,2013.0,2575.0,0.0,1.5253299999999999,0.026146,FRA,DJI,0576
389421,39,66,712,2013.0,0.0,1181.0,0.599305,1.193591,CAN,DZA,0576
389422,59,66,712,2013.0,0.0,15878.0,1.829509,-0.41787700000000005,CZE,DZA,0576
389423,71,66,712,2013.0,5790.0,0.0,0.955472,1.80005,ESP,DZA,0576
389424,148,66,712,2013.0,0.0,6811.0,-1.681152,-1.2712350000000001,MRT,DZA,0576
389425,224,66,712,2013.0,765674.0,0.0,0.580016,2.394812,TUR,DZA,0576
389426,7,73,712,2013.0,0.0,1690.0,-0.338417,-0.754102,ARE,ETH,0576
389427,32,73,712,2013.0,3562.0,0.0,0.2804,0.649729,BRA,ETH,0576
389428,62,73,712,2013.0,0.0,2484.0,-0.35226399999999997,-0.542234,DJI,ETH,0576
389429,223,73,712,2013.0,12956.0,0.0,0.40154,0.902177,TUN,ETH,0576
389430,162,83,712,2013.0,1879.0,0.0,1.012006,1.441545,NLD,GHA,0576
389431,71,84,712,2013.0,28746.0,0.0,0.955472,1.80005,ESP,GIB,0576
389432,162,84,712,2013.0,1024.0,0.0,1.012006,1.441545,NLD,GIB,0576
389433,107,108,712,2013.0,3854.0,0.0,-0.23625100000000002,-0.256067,IRN,IRQ,0576
389434,122,108,712,2013.0,2469.0,0.0,-1.198985,-1.057248,KWT,IRQ,0576
389435,183,108,712,2013.0,0.0,3873.0,-0.583609,-1.003754,QAT,IRQ,0576
389436,224,108,712,2013.0,2936782.0,0.0,0.580016,2.394812,TUR,IRQ,0576
389437,32,109,712,2013.0,6034.0,0.0,0.2804,0.649729,BRA,ISL,0576
389438,61,109,712,2013.0,19749.0,0.0,2.1086869999999998,-3.7092,DEU,ISL,0576
389439,64,109,712,2013.0,279750.0,0.0,1.190302,1.062991,DNK,ISL,0576
389440,71,109,712,2013.0,12113.0,0.0,0.955472,1.80005,ESP,ISL,0576
389441,81,109,712,2013.0,55367.0,0.0,1.628465,0.77075,GBR,ISL,0576
389442,106,109,712,2013.0,0.0,7151.0,1.32787,0.394579,IRL,ISL,0576
389443,110,109,712,2013.0,1675.0,0.0,1.0247629999999999,0.8261639999999999,ISR,ISL,0576
389444,162,109,712,2013.0,49611.0,0.0,1.012006,1.441545,NLD,ISL,0576
389445,224,109,712,2013.0,57869.0,0.0,0.580016,2.394812,TUR,ISL,0576
389446,231,109,712,2013.0,9541.0,0.0,1.612058,-0.8592989999999999,USA,ISL,0576
389447,97,133,712,2013.0,235038.0,0.0,0.791401,1.249845,HKG,MAC,0576
389448,179,133,712,2013.0,35584.0,0.0,0.705087,2.2055580000000004,PRT,MAC,0576
389449,7,134,712,2013.0,1031.0,4644.0,-0.338417,-0.754102,ARE,MAR,0576
389450,39,134,712,2013.0,0.0,14919.0,0.599305,1.193591,CAN,MAR,0576
389451,41,134,712,2013.0,0.0,2951.0,2.0899229999999998,0.661667,CHE,MAR,0576
389452,61,134,712,2013.0,0.0,1563.0,2.1086869999999998,-3.7092,DEU,MAR,0576
389453,71,134,712,2013.0,0.0,6565.0,0.955472,1.80005,ESP,MAR,0576
389454,77,134,712,2013.0,0.0,4347.0,1.5253299999999999,0.026146,FRA,MAR,0576
389455,81,134,712,2013.0,0.0,16376.0,1.628465,0.77075,GBR,MAR,0576
389456,114,134,712,2013.0,0.0,23503.0,2.333417,-0.818701,JPN,MAR,0576
389457,162,134,712,2013.0,0.0,11421.0,1.012006,1.441545,NLD,MAR,0576
389458,179,134,712,2013.0,11680.0,0.0,0.705087,2.2055580000000004,PRT,MAR,0576
389459,224,134,712,2013.0,412524.0,0.0,0.580016,2.394812,TUR,MAR,0576
389460,224,136,712,2013.0,4224.0,0.0,0.580016,2.394812,TUR,MDG,0576
389461,250,136,712,2013.0,1034.0,0.0,0.583151,0.14238299999999998,ANS,MDG,0576
389462,58,142,712,2013.0,2358.0,0.0,0.36482800000000004,0.527544,CYP,MLT,0576
389463,61,142,712,2013.0,6821.0,0.0,2.1086869999999998,-3.7092,DEU,MLT,0576
389464,77,142,712,2013.0,4111.0,0.0,1.5253299999999999,0.026146,FRA,MLT,0576
389465,81,142,712,2013.0,7886.0,0.0,1.628465,0.77075,GBR,MLT,0576
389466,90,142,712,2013.0,66068.0,0.0,0.073442,0.9857899999999999,GRC,MLT,0576
389467,111,142,712,2013.0,116100.0,0.0,1.419383,-0.304402,ITA,MLT,0576
389468,162,142,712,2013.0,19965.0,0.0,1.012006,1.441545,NLD,MLT,0576
389469,224,142,712,2013.0,334797.0,0.0,0.580016,2.394812,TUR,MLT,0576
389470,61,145,712,2013.0,3401.0,0.0,2.1086869999999998,-3.7092,DEU,MNG,0576
389471,186,145,712,2013.0,2493.0,0.0,-0.08233,-0.267781,RUS,MNG,0576
389472,224,145,712,2013.0,3147.0,0.0,0.580016,2.394812,TUR,MNG,0576
389473,61,151,712,2013.0,7245.0,0.0,2.1086869999999998,-3.7092,DEU,MUS,0576
389474,77,151,712,2013.0,42176.0,0.0,1.5253299999999999,0.026146,FRA,MUS,0576
389475,107,151,712,2013.0,2313.0,0.0,-0.23625100000000002,-0.256067,IRN,MUS,0576
389476,211,151,712,2013.0,0.0,1826.0,0.06901,-0.438229,SYC,MUS,0576
389477,224,151,712,2013.0,15980.0,0.0,0.580016,2.394812,TUR,MUS,0576
389478,246,151,712,2013.0,1380.0,0.0,0.11624100000000001,1.574591,ZAF,MUS,0576
389479,246,155,712,2013.0,12486.0,1387.0,0.11624100000000001,1.574591,ZAF,NAM,0576
389480,61,157,712,2013.0,1697.0,0.0,2.1086869999999998,-3.7092,DEU,NER,0576
389481,52,160,712,2013.0,3370.0,0.0,0.208669,-0.54783,CRI,NIC,0576
389482,179,203,712,2013.0,1736.0,0.0,0.705087,2.2055580000000004,PRT,STP,0576
389483,246,209,712,2013.0,2057.0,0.0,0.11624100000000001,1.574591,ZAF,SWZ,0576
389484,7,211,712,2013.0,3192.0,0.0,-0.338417,-0.754102,ARE,SYC,0576
389485,68,211,712,2013.0,4860.0,0.0,-0.12015799999999999,1.793363,EGY,SYC,0576
389486,77,211,712,2013.0,1818.0,0.0,1.5253299999999999,0.026146,FRA,SYC,0576
389487,81,211,712,2013.0,1246.0,0.0,1.628465,0.77075,GBR,SYC,0576
389488,151,211,712,2013.0,1826.0,0.0,-0.092312,0.050927,MUS,SYC,0576
389489,231,211,712,2013.0,1020.0,0.0,1.612058,-0.8592989999999999,USA,SYC,0576
389490,7,212,712,2013.0,664106.0,42914.0,-0.338417,-0.754102,ARE,SYR,0576
389491,24,212,712,2013.0,0.0,6383.0,0.080634,-0.6828890000000001,BHR,SYR,0576
389492,68,212,712,2013.0,0.0,3431400.0,-0.12015799999999999,1.793363,EGY,SYR,0576
389493,113,212,712,2013.0,0.0,418994.0,0.1888,0.596867,JOR,SYR,0576
389494,122,212,712,2013.0,0.0,12359.0,-1.198985,-1.057248,KWT,SYR,0576
389495,124,212,712,2013.0,0.0,97836.0,0.37392800000000004,1.413136,LBN,SYR,0576
389496,153,212,712,2013.0,0.0,16859.0,0.924532,0.671334,MYS,SYR,0576
389497,183,212,712,2013.0,0.0,1908.0,-0.583609,-1.003754,QAT,SYR,0576
389498,188,212,712,2013.0,430134.0,186925.0,-0.14823599999999998,-0.883965,SAU,SYR,0576
389499,190,212,712,2013.0,0.0,22303.0,-1.224897,-1.059517,SDN,SYR,0576
389500,77,215,712,2013.0,1409.0,0.0,1.5253299999999999,0.026146,FRA,TGO,0576
389501,7,223,712,2013.0,0.0,391125.0,-0.338417,-0.754102,ARE,TUN,0576
389502,15,223,712,2013.0,0.0,17635.0,1.855434,-1.06494,AUT,TUN,0576
389503,24,223,712,2013.0,0.0,9065.0,0.080634,-0.6828890000000001,BHR,TUN,0576
389504,39,223,712,2013.0,0.0,4810.0,0.599305,1.193591,CAN,TUN,0576
389505,41,223,712,2013.0,0.0,11223.0,2.0899229999999998,0.661667,CHE,TUN,0576
389506,59,223,712,2013.0,0.0,15535.0,1.829509,-0.41787700000000005,CZE,TUN,0576
389507,71,223,712,2013.0,1971.0,0.0,0.955472,1.80005,ESP,TUN,0576
389508,73,223,712,2013.0,0.0,12956.0,-1.1373090000000001,-0.89186,ETH,TUN,0576
389509,74,223,712,2013.0,0.0,1351.0,1.700282,0.867677,FIN,TUN,0576
389510,77,223,712,2013.0,48041.0,0.0,1.5253299999999999,0.026146,FRA,TUN,0576
389511,107,223,712,2013.0,35173.0,0.0,-0.23625100000000002,-0.256067,IRN,TUN,0576
389512,122,223,712,2013.0,0.0,9281.0,-1.198985,-1.057248,KWT,TUN,0576
389513,126,223,712,2013.0,0.0,131423.0,-1.871593,-1.1211790000000001,LBY,TUN,0576
389514,163,223,712,2013.0,0.0,8684.0,0.710901,0.062705,NOR,TUN,0576
389515,186,223,712,2013.0,0.0,1594.0,-0.08233,-0.267781,RUS,TUN,0576
389516,188,223,712,2013.0,0.0,3103.0,-0.14823599999999998,-0.883965,SAU,TUN,0576
389517,206,223,712,2013.0,0.0,3147.0,1.510052,0.7060310000000001,SVK,TUN,0576
389518,224,223,712,2013.0,35216.0,0.0,0.580016,2.394812,TUR,TUN,0576
389519,250,223,712,2013.0,0.0,83262.0,0.583151,0.14238299999999998,ANS,TUN,0576
389520,7,226,712,2013.0,4055.0,0.0,-0.338417,-0.754102,ARE,TZA,0576
389521,81,226,712,2013.0,1330.0,0.0,1.628465,0.77075,GBR,TZA,0576
389522,246,247,712,2013.0,1798.0,0.0,0.11624100000000001,1.574591,ZAF,ZMB,0576
389523,231,13,712,2013.0,2932.0,0.0,1.612058,-0.8592989999999999,USA,ATG,0576
389524,18,2,712,2013.0,1623.0,0.0,1.198491,1.117268,BEL,AGO,0576
389525,111,2,712,2013.0,1146.0,0.0,1.419383,-0.304402,ITA,AGO,0576
389526,162,2,712,2013.0,1765.0,0.0,1.012006,1.441545,NLD,AGO,0576
389527,179,2,712,2013.0,394584.0,0.0,0.705087,2.2055580000000004,PRT,AGO,0576
389528,246,2,712,2013.0,1470.0,0.0,0.11624100000000001,1.574591,ZAF,AGO,0576
389529,68,126,712,2013.0,1456.0,0.0,-0.12015799999999999,1.793363,EGY,LBY,0576
389530,223,126,712,2013.0,131423.0,0.0,0.40154,0.902177,TUN,LBY,0576
389531,224,126,712,2013.0,272387.0,0.0,0.580016,2.394812,TUR,LBY,0576
389532,4,144,712,2013.0,7418.0,0.0,-0.44779300000000005,-0.13181700000000002,ALB,MNE,0576
389533,26,144,712,2013.0,3706.0,0.0,0.723658,0.9271879999999999,BIH,MNE,0576
389534,61,144,712,2013.0,4393.0,0.0,2.1086869999999998,-3.7092,DEU,MNE,0576
389535,100,144,712,2013.0,18617.0,0.0,0.8737309999999999,1.276091,HRV,MNE,0576
389536,111,144,712,2013.0,1699.0,0.0,1.419383,-0.304402,ITA,MNE,0576
389537,201,144,712,2013.0,0.0,25331.0,0.609755,1.355304,SRB,MNE,0576
389538,224,144,712,2013.0,39987.0,0.0,0.580016,2.394812,TUR,MNE,0576
389539,162,0,712,2013.0,1228.0,0.0,1.012006,1.441545,NLD,ABW,0576
389540,231,0,712,2013.0,3774.0,0.0,1.612058,-0.8592989999999999,USA,ABW,0576
389541,7,1,712,2013.0,0.0,510311.0,-0.338417,-0.754102,ARE,AFG,0576
389542,39,1,712,2013.0,0.0,39049.0,0.599305,1.193591,CAN,AFG,0576
389543,61,1,712,2013.0,0.0,7128.0,2.1086869999999998,-3.7092,DEU,AFG,0576
389544,104,1,712,2013.0,0.0,54819628.0,0.18186,2.647598,IND,AFG,0576
389545,107,1,712,2013.0,34190.0,0.0,-0.23625100000000002,-0.256067,IRN,AFG,0576
389546,166,1,712,2013.0,0.0,1418.0,0.192237,0.429825,NZL,AFG,0576
389547,168,1,712,2013.0,0.0,1123.0,-0.697224,0.501576,PAK,AFG,0576
389548,183,1,712,2013.0,0.0,4088.0,-0.583609,-1.003754,QAT,AFG,0576
389549,231,1,712,2013.0,0.0,32288.0,1.612058,-0.8592989999999999,USA,AFG,0576
389550,14,75,712,2013.0,2842.0,0.0,-0.63369,-0.276328,AUS,FJI,0576
389551,166,75,712,2013.0,5611.0,0.0,0.192237,0.429825,NZL,FJI,0576
389552,64,78,712,2013.0,64703.0,0.0,1.190302,1.062991,DNK,FRO,0576
389553,43,123,712,2013.0,0.0,39312.0,1.24864,0.667713,CHN,LAO,0576
389554,246,129,712,2013.0,4599.0,0.0,0.11624100000000001,1.574591,ZAF,LSO,0576
389555,7,137,712,2013.0,29998.0,0.0,-0.338417,-0.754102,ARE,MDV,0576
389556,14,137,712,2013.0,3703.0,0.0,-0.63369,-0.276328,AUS,MDV,0576
389557,61,137,712,2013.0,7207.0,0.0,2.1086869999999998,-3.7092,DEU,MDV,0576
389558,104,137,712,2013.0,94302.0,0.0,0.18186,2.647598,IND,MDV,0576
389559,128,137,712,2013.0,8363.0,0.0,-0.320583,0.44462399999999996,LKA,MDV,0576
389560,71,156,712,2013.0,2076.0,0.0,0.955472,1.80005,ESP,NCL,0576
389561,77,156,712,2013.0,5392.0,0.0,1.5253299999999999,0.026146,FRA,NCL,0576
389562,224,156,712,2013.0,26566.0,0.0,0.580016,2.394812,TUR,NCL,0576
389563,231,182,712,2013.0,13380.0,0.0,1.612058,-0.8592989999999999,USA,PYF,0576
389564,162,219,712,2013.0,1927.0,0.0,1.012006,1.441545,NLD,TKM,0576
389565,224,219,712,2013.0,42125.0,0.0,0.580016,2.394812,TUR,TKM,0576
389566,107,232,712,2013.0,8801.0,0.0,-0.23625100000000002,-0.256067,IRN,UZB,0576
389567,64,92,712,2013.0,179986.0,0.0,1.190302,1.062991,DNK,GRL,0576
389568,77,92,712,2013.0,2567.0,0.0,1.5253299999999999,0.026146,FRA,GRL,0576
389569,77,154,712,2013.0,13672.0,0.0,1.5253299999999999,0.026146,FRA,MYT,0576
389570,1,7,713,2013.0,3422210.0,1542764.0,-0.767212,-0.6506069999999999,AFG,ARE,0577
389571,8,7,713,2013.0,2726.0,0.0,0.042829,0.461002,ARG,ARE,0577
389572,9,7,713,2013.0,15836.0,924285.0,-0.159148,-0.515766,ARM,ARE,0577
389573,14,7,713,2013.0,22206350.0,188662.0,-0.63369,-0.276328,AUS,ARE,0577
389574,15,7,713,2013.0,2000.0,0.0,1.855434,-1.06494,AUT,ARE,0577
389575,16,7,713,2013.0,0.0,233030.0,-1.319766,-1.200648,AZE,ARE,0577
389576,19,7,713,2013.0,96985.0,0.0,-0.924213,-0.8181390000000001,BEN,ARE,0577
389577,22,7,713,2013.0,2569.0,295267.0,-0.835666,-0.8088810000000001,BGD,ARE,0577
389578,23,7,713,2013.0,45239.0,0.0,0.622325,1.5506229999999999,BGR,ARE,0577
389579,24,7,713,2013.0,94036.0,679765.0,0.080634,-0.6828890000000001,BHR,ARE,0577
389580,28,7,713,2013.0,2735.0,0.0,1.183522,0.934159,BLR,ARE,0577
389581,31,7,713,2013.0,61928.0,0.0,-1.1429610000000001,-1.0076120000000002,BOL,ARE,0577
389582,32,7,713,2013.0,74738.0,0.0,0.2804,0.649729,BRA,ARE,0577
389583,39,7,713,2013.0,10910.0,392674.0,0.599305,1.193591,CAN,ARE,0577
389584,41,7,713,2013.0,2135.0,16241.0,2.0899229999999998,0.661667,CHE,ARE,0577
389585,42,7,713,2013.0,7684600.0,0.0,-0.184556,-0.238657,CHL,ARE,0577
389586,43,7,713,2013.0,5647271.0,1271702.0,1.24864,0.667713,CHN,ARE,0577
389587,44,7,713,2013.0,16609.0,42785.0,-1.0025870000000001,-0.901658,CIV,ARE,0577
389588,47,7,713,2013.0,0.0,9595.0,-1.478461,-1.094509,COG,ARE,0577
389589,55,7,713,2013.0,0.0,9354.0,-0.145402,-0.556962,CUW,ARE,0577
389590,61,7,713,2013.0,965844.0,5656853.0,2.1086869999999998,-3.7092,DEU,ARE,0577
389591,62,7,713,2013.0,0.0,13650.0,-0.35226399999999997,-0.542234,DJI,ARE,0577
389592,64,7,713,2013.0,0.0,15234.0,1.190302,1.062991,DNK,ARE,0577
389593,66,7,713,2013.0,0.0,2693142.0,-1.53603,-1.104965,DZA,ARE,0577
389594,68,7,713,2013.0,60453.0,3154030.0,-0.12015799999999999,1.793363,EGY,ARE,0577
389595,69,7,713,2013.0,0.0,5281.0,-0.827263,-0.790848,ERI,ARE,0577
389596,71,7,713,2013.0,1226441.0,437401.0,0.955472,1.80005,ESP,ARE,0577
389597,73,7,713,2013.0,0.0,16366.0,-1.1373090000000001,-0.89186,ETH,ARE,0577
389598,77,7,713,2013.0,132478.0,32591.0,1.5253299999999999,0.026146,FRA,ARE,0577
389599,81,7,713,2013.0,266868.0,9293.0,1.628465,0.77075,GBR,ARE,0577
389600,82,7,713,2013.0,0.0,75977.0,-0.08343099999999999,-0.359692,GEO,ARE,0577
389601,83,7,713,2013.0,682561.0,18889.0,-0.696971,-0.5807939999999999,GHA,ARE,0577
389602,85,7,713,2013.0,1181159.0,0.0,-1.281072,-1.027585,GIN,ARE,0577
389603,87,7,713,2013.0,28447.0,0.0,-0.867648,-0.90786,GMB,ARE,0577
389604,97,7,713,2013.0,26870676.0,8134122.0,0.791401,1.249845,HKG,ARE,0577
389605,103,7,713,2013.0,4153615.0,0.0,-0.006876999999999999,1.8336569999999999,IDN,ARE,0577
389606,104,7,713,2013.0,170223536.0,5937070.0,0.18186,2.647598,IND,ARE,0577
389607,107,7,713,2013.0,44160716.0,143966400.0,-0.23625100000000002,-0.256067,IRN,ARE,0577
389608,108,7,713,2013.0,0.0,789112.0,-3.147217,-0.685991,IRQ,ARE,0577
389609,111,7,713,2013.0,916855.0,143238.0,1.419383,-0.304402,ITA,ARE,0577
389610,113,7,713,2013.0,4904.0,487667.0,0.1888,0.596867,JOR,ARE,0577
389611,114,7,713,2013.0,9328.0,662313.0,2.333417,-0.818701,JPN,ARE,0577
389612,115,7,713,2013.0,6507.0,71268.0,-0.9193819999999999,-0.734194,KAZ,ARE,0577
389613,116,7,713,2013.0,353668.0,101693.0,-0.303119,0.626786,KEN,ARE,0577
389614,117,7,713,2013.0,28797.0,0.0,0.25090500000000004,0.7357279999999999,KGZ,ARE,0577
389615,121,7,713,2013.0,3611.0,0.0,1.817145,0.835414,KOR,ARE,0577
389616,122,7,713,2013.0,866427.0,2086620.0,-1.198985,-1.057248,KWT,ARE,0577
389617,124,7,713,2013.0,440905.0,143012.0,0.37392800000000004,1.413136,LBN,ARE,0577
389618,125,7,713,2013.0,0.0,22442.0,-0.8343229999999999,-0.992129,LBR,ARE,0577
389619,126,7,713,2013.0,0.0,15652752.0,-1.871593,-1.1211790000000001,LBY,ARE,0577
389620,128,7,713,2013.0,4870436.0,89620.0,-0.320583,0.44462399999999996,LKA,ARE,0577
389621,130,7,713,2013.0,0.0,200464.0,0.677986,1.29227,LTU,ARE,0577
389622,134,7,713,2013.0,27515.0,9966.0,-0.474872,0.178118,MAR,ARE,0577
389623,135,7,713,2013.0,113512.0,0.0,0.14256,0.33920700000000004,MDA,ARE,0577
389624,136,7,713,2013.0,73198.0,0.0,-0.786091,-0.611478,MDG,ARE,0577
389625,137,7,713,2013.0,0.0,194870.0,-0.510204,-0.740372,MDV,ARE,0577
389626,143,7,713,2013.0,65399.0,0.0,-1.147086,-0.6888989999999999,MMR,ARE,0577
389627,147,7,713,2013.0,283418.0,6499.0,-1.131512,-0.8923840000000001,MOZ,ARE,0577
389628,151,7,713,2013.0,0.0,115712.0,-0.092312,0.050927,MUS,ARE,0577
389629,153,7,713,2013.0,138276.0,23565.0,0.924532,0.671334,MYS,ARE,0577
389630,159,7,713,2013.0,1880820.0,3818.0,-1.679402,-1.14686,NGA,ARE,0577
389631,162,7,713,2013.0,82829.0,127000.0,1.012006,1.441545,NLD,ARE,0577
389632,164,7,713,2013.0,53944.0,0.0,-0.08623,0.5143939999999999,NPL,ARE,0577
389633,166,7,713,2013.0,0.0,15595.0,0.192237,0.429825,NZL,ARE,0577
389634,167,7,713,2013.0,373716.0,5826229.0,-0.698693,-1.030814,OMN,ARE,0577
389635,168,7,713,2013.0,1298304.0,617438.0,-0.697224,0.501576,PAK,ARE,0577
389636,174,7,713,2013.0,228785.0,0.0,0.639083,0.45816899999999994,PHL,ARE,0577
389637,181,7,713,2013.0,0.0,72190.0,0.103716,0.762259,PSE,ARE,0577
389638,183,7,713,2013.0,0.0,1070685.0,-0.583609,-1.003754,QAT,ARE,0577
389639,185,7,713,2013.0,87333.0,120801.0,1.05722,1.0968799999999999,ROU,ARE,0577
389640,186,7,713,2013.0,143428.0,4527108.0,-0.08233,-0.267781,RUS,ARE,0577
389641,188,7,713,2013.0,538164.0,17270962.0,-0.14823599999999998,-0.883965,SAU,ARE,0577
389642,190,7,713,2013.0,1566.0,146425.0,-1.224897,-1.059517,SDN,ARE,0577
389643,191,7,713,2013.0,95051.0,2649.0,-0.566624,-0.185277,SEN,ARE,0577
389644,192,7,713,2013.0,748692.0,52124.0,1.844685,0.639379,SGP,ARE,0577
389645,199,7,713,2013.0,0.0,127331.0,-0.9790979999999999,-0.8632620000000001,SOM,ARE,0577
389646,208,7,713,2013.0,0.0,36563.0,1.7851290000000002,0.182623,SWE,ARE,0577
389647,211,7,713,2013.0,0.0,74807.0,0.06901,-0.438229,SYC,ARE,0577
389648,212,7,713,2013.0,5243930.0,222589.0,-0.09157699999999999,1.1795950000000002,SYR,ARE,0577
389649,215,7,713,2013.0,0.0,1130.0,-0.532095,-0.434276,TGO,ARE,0577
389650,216,7,713,2013.0,1136260.0,36622.0,1.067287,1.2767110000000002,THA,ARE,0577
389651,217,7,713,2013.0,9540.0,525528.0,-1.117246,-1.1638600000000001,TJK,ARE,0577
389652,219,7,713,2013.0,0.0,1631990.0,-1.174981,-1.14869,TKM,ARE,0577
389653,223,7,713,2013.0,71578.0,1517752.0,0.40154,0.902177,TUN,ARE,0577
389654,224,7,713,2013.0,5027566.0,899330.0,0.580016,2.394812,TUR,ARE,0577
389655,226,7,713,2013.0,745137.0,77863.0,-0.654655,0.903574,TZA,ARE,0577
389656,227,7,713,2013.0,1049.0,12812.0,-0.46170100000000003,0.652878,UGA,ARE,0577
389657,228,7,713,2013.0,230614.0,300864.0,0.535571,1.026263,UKR,ARE,0577
389658,231,7,713,2013.0,329922144.0,126139.0,1.612058,-0.8592989999999999,USA,ARE,0577
389659,232,7,713,2013.0,542628.0,71422.0,-0.7076319999999999,-0.645674,UZB,ARE,0577
389660,236,7,713,2013.0,0.0,13164.0,-1.281202,-1.094268,VEN,ARE,0577
389661,239,7,713,2013.0,15623247.0,786741.0,0.009264,1.182368,VNM,ARE,0577
389662,243,7,713,2013.0,0.0,2843282.0,-1.2788700000000002,-1.230713,YEM,ARE,0577
389663,246,7,713,2013.0,33567.0,13175.0,0.11624100000000001,1.574591,ZAF,ARE,0577
389664,247,7,713,2013.0,1244.0,1066.0,-0.293192,-0.42930100000000004,ZMB,ARE,0577
389665,250,7,713,2013.0,0.0,1598046.0,0.583151,0.14238299999999998,ANS,ARE,0577
389666,7,8,713,2013.0,0.0,2726.0,-0.338417,-0.754102,ARE,ARG,0577
389667,23,8,713,2013.0,0.0,6233.0,0.622325,1.5506229999999999,BGR,ARG,0577
389668,31,8,713,2013.0,459089.0,0.0,-1.1429610000000001,-1.0076120000000002,BOL,ARG,0577
389669,32,8,713,2013.0,3518686.0,1724040.0,0.2804,0.649729,BRA,ARG,0577
389670,39,8,713,2013.0,0.0,2434.0,0.599305,1.193591,CAN,ARG,0577
389671,41,8,713,2013.0,0.0,2049.0,2.0899229999999998,0.661667,CHE,ARG,0577
389672,42,8,713,2013.0,14002531.0,0.0,-0.184556,-0.238657,CHL,ARG,0577
389673,43,8,713,2013.0,30909.0,0.0,1.24864,0.667713,CHN,ARG,0577
389674,49,8,713,2013.0,0.0,2355.0,0.034491,-0.36975,COL,ARG,0577
389675,61,8,713,2013.0,0.0,1425.0,2.1086869999999998,-3.7092,DEU,ARG,0577
389676,71,8,713,2013.0,793483.0,319104.0,0.955472,1.80005,ESP,ARG,0577
389677,74,8,713,2013.0,0.0,89392.0,1.700282,0.867677,FIN,ARG,0577
389678,77,8,713,2013.0,0.0,132373.0,1.5253299999999999,0.026146,FRA,ARG,0577
389679,81,8,713,2013.0,0.0,379223.0,1.628465,0.77075,GBR,ARG,0577
389680,97,8,713,2013.0,0.0,106201.0,0.791401,1.249845,HKG,ARG,0577
389681,103,8,713,2013.0,1199908.0,0.0,-0.006876999999999999,1.8336569999999999,IDN,ARG,0577
389682,104,8,713,2013.0,8717.0,0.0,0.18186,2.647598,IND,ARG,0577
389683,109,8,713,2013.0,0.0,4082.0,0.284089,-0.164097,ISL,ARG,0577
389684,110,8,713,2013.0,0.0,127345.0,1.0247629999999999,0.8261639999999999,ISR,ARG,0577
389685,111,8,713,2013.0,0.0,9007751.0,1.419383,-0.304402,ITA,ARG,0577
389686,162,8,713,2013.0,24969.0,0.0,1.012006,1.441545,NLD,ARG,0577
389687,163,8,713,2013.0,0.0,63614.0,0.710901,0.062705,NOR,ARG,0577
389688,174,8,713,2013.0,420273.0,0.0,0.639083,0.45816899999999994,PHL,ARG,0577
389689,177,8,713,2013.0,0.0,560043.0,1.11341,0.975734,POL,ARG,0577
389690,179,8,713,2013.0,16635.0,0.0,0.705087,2.2055580000000004,PRT,ARG,0577
389691,180,8,713,2013.0,0.0,26577.0,-0.560661,-0.822876,PRY,ARG,0577
389692,183,8,713,2013.0,0.0,1016.0,-0.583609,-1.003754,QAT,ARG,0577
389693,186,8,713,2013.0,0.0,485197.0,-0.08233,-0.267781,RUS,ARG,0577
389694,192,8,713,2013.0,157926.0,0.0,1.844685,0.639379,SGP,ARG,0577
389695,201,8,713,2013.0,0.0,42701.0,0.609755,1.355304,SRB,ARG,0577
389696,206,8,713,2013.0,0.0,56631.0,1.510052,0.7060310000000001,SVK,ARG,0577
389697,208,8,713,2013.0,0.0,32609.0,1.7851290000000002,0.182623,SWE,ARG,0577
389698,216,8,713,2013.0,37568.0,0.0,1.067287,1.2767110000000002,THA,ARG,0577
389699,224,8,713,2013.0,346689.0,949312.0,0.580016,2.394812,TUR,ARG,0577
389700,230,8,713,2013.0,0.0,407002.0,0.128825,0.02334,URY,ARG,0577
389701,231,8,713,2013.0,2049302.0,0.0,1.612058,-0.8592989999999999,USA,ARG,0577
389702,236,8,713,2013.0,0.0,47957.0,-1.281202,-1.094268,VEN,ARG,0577
389703,239,8,713,2013.0,317256.0,0.0,0.009264,1.182368,VNM,ARG,0577
389704,7,15,713,2013.0,0.0,2000.0,-0.338417,-0.754102,ARE,AUT,0577
389705,14,15,713,2013.0,385393.0,0.0,-0.63369,-0.276328,AUS,AUT,0577
389706,16,15,713,2013.0,348839.0,0.0,-1.319766,-1.200648,AZE,AUT,0577
389707,18,15,713,2013.0,257594.0,384976.0,1.198491,1.117268,BEL,AUT,0577
389708,21,15,713,2013.0,109242.0,0.0,-0.7231029999999999,-0.736291,BFA,AUT,0577
389709,23,15,713,2013.0,31128.0,19890.0,0.622325,1.5506229999999999,BGR,AUT,0577
389710,26,15,713,2013.0,0.0,28876.0,0.723658,0.9271879999999999,BIH,AUT,0577
389711,31,15,713,2013.0,466648.0,0.0,-1.1429610000000001,-1.0076120000000002,BOL,AUT,0577
389712,32,15,713,2013.0,5932.0,167885.0,0.2804,0.649729,BRA,AUT,0577
389713,39,15,713,2013.0,1900.0,1204.0,0.599305,1.193591,CAN,AUT,0577
389714,41,15,713,2013.0,240248.0,1429845.0,2.0899229999999998,0.661667,CHE,AUT,0577
389715,42,15,713,2013.0,2253152.0,0.0,-0.184556,-0.238657,CHL,AUT,0577
389716,43,15,713,2013.0,613050.0,0.0,1.24864,0.667713,CHN,AUT,0577
389717,44,15,713,2013.0,961465.0,0.0,-1.0025870000000001,-0.901658,CIV,AUT,0577
389718,45,15,713,2013.0,3126.0,0.0,-0.93575,-1.003851,CMR,AUT,0577
389719,49,15,713,2013.0,1013.0,0.0,0.034491,-0.36975,COL,AUT,0577
389720,52,15,713,2013.0,1620.0,0.0,0.208669,-0.54783,CRI,AUT,0577
389721,59,15,713,2013.0,499146.0,408578.0,1.829509,-0.41787700000000005,CZE,AUT,0577
389722,61,15,713,2013.0,40907320.0,15461379.0,2.1086869999999998,-3.7092,DEU,AUT,0577
389723,64,15,713,2013.0,16618.0,1161.0,1.190302,1.062991,DNK,AUT,0577
389724,65,15,713,2013.0,2678.0,0.0,-0.272579,0.42750699999999997,DOM,AUT,0577
389725,67,15,713,2013.0,0.0,1924.0,-0.8251790000000001,-0.9347200000000001,ECU,AUT,0577
389726,71,15,713,2013.0,6972873.0,148700.0,0.955472,1.80005,ESP,AUT,0577
389727,72,15,713,2013.0,0.0,7487.0,0.923321,1.290016,EST,AUT,0577
389728,74,15,713,2013.0,0.0,15495.0,1.700282,0.867677,FIN,AUT,0577
389729,77,15,713,2013.0,409014.0,548648.0,1.5253299999999999,0.026146,FRA,AUT,0577
389730,81,15,713,2013.0,1498938.0,738416.0,1.628465,0.77075,GBR,AUT,0577
389731,82,15,713,2013.0,80081.0,0.0,-0.08343099999999999,-0.359692,GEO,AUT,0577
389732,83,15,713,2013.0,2987.0,0.0,-0.696971,-0.5807939999999999,GHA,AUT,0577
389733,90,15,713,2013.0,6020.0,4380.0,0.073442,0.9857899999999999,GRC,AUT,0577
389734,97,15,713,2013.0,0.0,206206.0,0.791401,1.249845,HKG,AUT,0577
389735,100,15,713,2013.0,18559.0,217863.0,0.8737309999999999,1.276091,HRV,AUT,0577
389736,102,15,713,2013.0,1603099.0,570069.0,1.6962560000000002,0.45460600000000007,HUN,AUT,0577
389737,103,15,713,2013.0,102873.0,0.0,-0.006876999999999999,1.8336569999999999,IDN,AUT,0577
389738,104,15,713,2013.0,345953.0,0.0,0.18186,2.647598,IND,AUT,0577
389739,106,15,713,2013.0,0.0,81505.0,1.32787,0.394579,IRL,AUT,0577
389740,107,15,713,2013.0,507301.0,0.0,-0.23625100000000002,-0.256067,IRN,AUT,0577
389741,110,15,713,2013.0,11365.0,0.0,1.0247629999999999,0.8261639999999999,ISR,AUT,0577
389742,111,15,713,2013.0,20532246.0,1784406.0,1.419383,-0.304402,ITA,AUT,0577
389743,114,15,713,2013.0,0.0,2738.0,2.333417,-0.818701,JPN,AUT,0577
389744,116,15,713,2013.0,271271.0,0.0,-0.303119,0.626786,KEN,AUT,0577
389745,124,15,713,2013.0,1265.0,0.0,0.37392800000000004,1.413136,LBN,AUT,0577
389746,128,15,713,2013.0,243173.0,0.0,-0.320583,0.44462399999999996,LKA,AUT,0577
389747,130,15,713,2013.0,0.0,6549.0,0.677986,1.29227,LTU,AUT,0577
389748,131,15,713,2013.0,1709218.0,48289.0,1.0110190000000001,1.123226,LUX,AUT,0577
389749,135,15,713,2013.0,5976256.0,1072740.0,0.14256,0.33920700000000004,MDA,AUT,0577
389750,140,15,713,2013.0,42737.0,0.0,-0.127775,0.21915900000000002,MKD,AUT,0577
389751,144,15,713,2013.0,0.0,15564.0,0.09597,-0.019953,MNE,AUT,0577
389752,153,15,713,2013.0,0.0,34907.0,0.924532,0.671334,MYS,AUT,0577
389753,162,15,713,2013.0,9216646.0,646553.0,1.012006,1.441545,NLD,AUT,0577
389754,163,15,713,2013.0,0.0,19508.0,0.710901,0.062705,NOR,AUT,0577
389755,168,15,713,2013.0,393842.0,0.0,-0.697224,0.501576,PAK,AUT,0577
389756,173,15,713,2013.0,3395.0,0.0,-0.640044,0.121772,PER,AUT,0577
389757,174,15,713,2013.0,97768.0,0.0,0.639083,0.45816899999999994,PHL,AUT,0577
389758,177,15,713,2013.0,384352.0,85550.0,1.11341,0.975734,POL,AUT,0577
389759,179,15,713,2013.0,63969.0,0.0,0.705087,2.2055580000000004,PRT,AUT,0577
389760,185,15,713,2013.0,4427294.0,519956.0,1.05722,1.0968799999999999,ROU,AUT,0577
389761,186,15,713,2013.0,11233.0,12473.0,-0.08233,-0.267781,RUS,AUT,0577
389762,201,15,713,2013.0,0.0,46983.0,0.609755,1.355304,SRB,AUT,0577
389763,206,15,713,2013.0,205540.0,204318.0,1.510052,0.7060310000000001,SVK,AUT,0577
389764,207,15,713,2013.0,39079.0,2477964.0,1.55922,0.565874,SVN,AUT,0577
389765,208,15,713,2013.0,0.0,372558.0,1.7851290000000002,0.182623,SWE,AUT,0577
389766,216,15,713,2013.0,259207.0,0.0,1.067287,1.2767110000000002,THA,AUT,0577
389767,223,15,713,2013.0,3761.0,23663.0,0.40154,0.902177,TUN,AUT,0577
389768,224,15,713,2013.0,8982698.0,1012481.0,0.580016,2.394812,TUR,AUT,0577
389769,228,15,713,2013.0,1253063.0,10836.0,0.535571,1.026263,UKR,AUT,0577
389770,230,15,713,2013.0,1484.0,0.0,0.128825,0.02334,URY,AUT,0577
389771,231,15,713,2013.0,1694014.0,56861.0,1.612058,-0.8592989999999999,USA,AUT,0577
389772,232,15,713,2013.0,697934.0,0.0,-0.7076319999999999,-0.645674,UZB,AUT,0577
389773,239,15,713,2013.0,1985452.0,0.0,0.009264,1.182368,VNM,AUT,0577
389774,246,15,713,2013.0,103906.0,0.0,0.11624100000000001,1.574591,ZAF,AUT,0577
389775,249,15,713,2013.0,1018.0,0.0,1.7382849999999999,0.9917739999999999,TWN,AUT,0577
389776,2,18,713,2013.0,0.0,14869.0,-1.240877,-1.073797,AGO,BEL,0577
389777,9,18,713,2013.0,0.0,2045.0,-0.159148,-0.515766,ARM,BEL,0577
389778,14,18,713,2013.0,6366024.0,0.0,-0.63369,-0.276328,AUS,BEL,0577
389779,15,18,713,2013.0,384976.0,257594.0,1.855434,-1.06494,AUT,BEL,0577
389780,16,18,713,2013.0,109182.0,0.0,-1.319766,-1.200648,AZE,BEL,0577
389781,17,18,713,2013.0,1650.0,2814.0,-0.602481,-0.6338689999999999,BDI,BEL,0577
389782,21,18,713,2013.0,408006.0,0.0,-0.7231029999999999,-0.736291,BFA,BEL,0577
389783,23,18,713,2013.0,2707.0,17568.0,0.622325,1.5506229999999999,BGR,BEL,0577
389784,26,18,713,2013.0,0.0,1052.0,0.723658,0.9271879999999999,BIH,BEL,0577
389785,28,18,713,2013.0,0.0,1283.0,1.183522,0.934159,BLR,BEL,0577
389786,31,18,713,2013.0,583744.0,0.0,-1.1429610000000001,-1.0076120000000002,BOL,BEL,0577
389787,32,18,713,2013.0,1661439.0,39447.0,0.2804,0.649729,BRA,BEL,0577
389788,34,18,713,2013.0,0.0,2427.0,-1.664,-0.663172,BRN,BEL,0577
389789,39,18,713,2013.0,136802.0,25689.0,0.599305,1.193591,CAN,BEL,0577
389790,41,18,713,2013.0,14173.0,119019.0,2.0899229999999998,0.661667,CHE,BEL,0577
389791,42,18,713,2013.0,1870507.0,0.0,-0.184556,-0.238657,CHL,BEL,0577
389792,43,18,713,2013.0,756766.0,0.0,1.24864,0.667713,CHN,BEL,0577
389793,44,18,713,2013.0,560381.0,11285.0,-1.0025870000000001,-0.901658,CIV,BEL,0577
389794,45,18,713,2013.0,33604.0,5818.0,-0.93575,-1.003851,CMR,BEL,0577
389795,46,18,713,2013.0,0.0,39136.0,-1.450075,-1.115916,COD,BEL,0577
389796,49,18,713,2013.0,33440.0,0.0,0.034491,-0.36975,COL,BEL,0577
389797,52,18,713,2013.0,55255.0,0.0,0.208669,-0.54783,CRI,BEL,0577
389798,54,18,713,2013.0,0.0,1086.0,-0.31053400000000003,-0.8534280000000001,CUB,BEL,0577
389799,58,18,713,2013.0,0.0,42882.0,0.36482800000000004,0.527544,CYP,BEL,0577
389800,59,18,713,2013.0,262196.0,201838.0,1.829509,-0.41787700000000005,CZE,BEL,0577
389801,61,18,713,2013.0,23084674.0,77475944.0,2.1086869999999998,-3.7092,DEU,BEL,0577
389802,62,18,713,2013.0,0.0,2627.0,-0.35226399999999997,-0.542234,DJI,BEL,0577
389803,64,18,713,2013.0,37901.0,390663.0,1.190302,1.062991,DNK,BEL,0577
389804,71,18,713,2013.0,19492196.0,5890272.0,0.955472,1.80005,ESP,BEL,0577
389805,73,18,713,2013.0,58220.0,20904.0,-1.1373090000000001,-0.89186,ETH,BEL,0577
389806,74,18,713,2013.0,0.0,203733.0,1.700282,0.867677,FIN,BEL,0577
389807,77,18,713,2013.0,10333542.0,21249178.0,1.5253299999999999,0.026146,FRA,BEL,0577
389808,81,18,713,2013.0,6652519.0,2007473.0,1.628465,0.77075,GBR,BEL,0577
389809,82,18,713,2013.0,4888441.0,0.0,-0.08343099999999999,-0.359692,GEO,BEL,0577
389810,83,18,713,2013.0,949063.0,0.0,-0.696971,-0.5807939999999999,GHA,BEL,0577
389811,90,18,713,2013.0,61769.0,412196.0,0.073442,0.9857899999999999,GRC,BEL,0577
389812,93,18,713,2013.0,1039184.0,0.0,-0.220165,0.661111,GTM,BEL,0577
389813,97,18,713,2013.0,403920.0,0.0,0.791401,1.249845,HKG,BEL,0577
389814,100,18,713,2013.0,0.0,111901.0,0.8737309999999999,1.276091,HRV,BEL,0577
389815,102,18,713,2013.0,401972.0,4274.0,1.6962560000000002,0.45460600000000007,HUN,BEL,0577
389816,103,18,713,2013.0,2285878.0,0.0,-0.006876999999999999,1.8336569999999999,IDN,BEL,0577
389817,104,18,713,2013.0,16777308.0,0.0,0.18186,2.647598,IND,BEL,0577
389818,106,18,713,2013.0,0.0,99648.0,1.32787,0.394579,IRL,BEL,0577
389819,107,18,713,2013.0,12752758.0,0.0,-0.23625100000000002,-0.256067,IRN,BEL,0577
389820,109,18,713,2013.0,0.0,135625.0,0.284089,-0.164097,ISL,BEL,0577
389821,111,18,713,2013.0,16576172.0,11188887.0,1.419383,-0.304402,ITA,BEL,0577
389822,113,18,713,2013.0,71710.0,0.0,0.1888,0.596867,JOR,BEL,0577
389823,114,18,713,2013.0,0.0,212826.0,2.333417,-0.818701,JPN,BEL,0577
389824,115,18,713,2013.0,0.0,19802.0,-0.9193819999999999,-0.734194,KAZ,BEL,0577
389825,116,18,713,2013.0,1342.0,0.0,-0.303119,0.626786,KEN,BEL,0577
389826,117,18,713,2013.0,2648.0,0.0,0.25090500000000004,0.7357279999999999,KGZ,BEL,0577
389827,124,18,713,2013.0,3377.0,0.0,0.37392800000000004,1.413136,LBN,BEL,0577
389828,125,18,713,2013.0,0.0,30373.0,-0.8343229999999999,-0.992129,LBR,BEL,0577
389829,128,18,713,2013.0,804845.0,0.0,-0.320583,0.44462399999999996,LKA,BEL,0577
389830,130,18,713,2013.0,0.0,265951.0,0.677986,1.29227,LTU,BEL,0577
389831,131,18,713,2013.0,3645671.0,1787472.0,1.0110190000000001,1.123226,LUX,BEL,0577
389832,132,18,713,2013.0,0.0,49933.0,0.652463,1.299917,LVA,BEL,0577
389833,134,18,713,2013.0,184596.0,115789.0,-0.474872,0.178118,MAR,BEL,0577
389834,135,18,713,2013.0,1005143.0,0.0,0.14256,0.33920700000000004,MDA,BEL,0577
389835,141,18,713,2013.0,0.0,2239.0,-1.046677,-0.980809,MLI,BEL,0577
389836,142,18,713,2013.0,0.0,63348.0,0.710108,-0.014586000000000002,MLT,BEL,0577
389837,147,18,713,2013.0,216467.0,0.0,-1.131512,-0.8923840000000001,MOZ,BEL,0577
389838,153,18,713,2013.0,54432.0,0.0,0.924532,0.671334,MYS,BEL,0577
389839,162,18,713,2013.0,42178016.0,22171970.0,1.012006,1.441545,NLD,BEL,0577
389840,163,18,713,2013.0,0.0,49445.0,0.710901,0.062705,NOR,BEL,0577
389841,169,18,713,2013.0,161742.0,0.0,0.8719819999999999,1.038982,PAN,BEL,0577
389842,173,18,713,2013.0,20423.0,0.0,-0.640044,0.121772,PER,BEL,0577
389843,174,18,713,2013.0,11631126.0,13959.0,0.639083,0.45816899999999994,PHL,BEL,0577
389844,177,18,713,2013.0,108500.0,552055.0,1.11341,0.975734,POL,BEL,0577
389845,179,18,713,2013.0,613801.0,21710.0,0.705087,2.2055580000000004,PRT,BEL,0577
389846,181,18,713,2013.0,63351.0,0.0,0.103716,0.762259,PSE,BEL,0577
389847,182,18,713,2013.0,0.0,1270.0,-0.118172,-0.620256,PYF,BEL,0577
389848,185,18,713,2013.0,3806.0,339529.0,1.05722,1.0968799999999999,ROU,BEL,0577
389849,186,18,713,2013.0,0.0,333862.0,-0.08233,-0.267781,RUS,BEL,0577
389850,188,18,713,2013.0,0.0,7072.0,-0.14823599999999998,-0.883965,SAU,BEL,0577
389851,190,18,713,2013.0,0.0,9334.0,-1.224897,-1.059517,SDN,BEL,0577
389852,191,18,713,2013.0,23441.0,0.0,-0.566624,-0.185277,SEN,BEL,0577
389853,192,18,713,2013.0,1537692.0,11640.0,1.844685,0.639379,SGP,BEL,0577
389854,201,18,713,2013.0,0.0,38267.0,0.609755,1.355304,SRB,BEL,0577
389855,206,18,713,2013.0,0.0,4182926.0,1.510052,0.7060310000000001,SVK,BEL,0577
389856,207,18,713,2013.0,0.0,2469.0,1.55922,0.565874,SVN,BEL,0577
389857,208,18,713,2013.0,0.0,988861.0,1.7851290000000002,0.182623,SWE,BEL,0577
389858,211,18,713,2013.0,0.0,9576.0,0.06901,-0.438229,SYC,BEL,0577
389859,212,18,713,2013.0,333565.0,1255.0,-0.09157699999999999,1.1795950000000002,SYR,BEL,0577
389860,215,18,713,2013.0,4873.0,0.0,-0.532095,-0.434276,TGO,BEL,0577
389861,216,18,713,2013.0,37255.0,3754.0,1.067287,1.2767110000000002,THA,BEL,0577
389862,223,18,713,2013.0,0.0,8677.0,0.40154,0.902177,TUN,BEL,0577
389863,224,18,713,2013.0,21649836.0,197133.0,0.580016,2.394812,TUR,BEL,0577
389864,227,18,713,2013.0,5638.0,0.0,-0.46170100000000003,0.652878,UGA,BEL,0577
389865,228,18,713,2013.0,766278.0,75830.0,0.535571,1.026263,UKR,BEL,0577
389866,230,18,713,2013.0,0.0,17383.0,0.128825,0.02334,URY,BEL,0577
389867,231,18,713,2013.0,134641600.0,13463.0,1.612058,-0.8592989999999999,USA,BEL,0577
389868,239,18,713,2013.0,7212454.0,105357.0,0.009264,1.182368,VNM,BEL,0577
389869,246,18,713,2013.0,160199.0,0.0,0.11624100000000001,1.574591,ZAF,BEL,0577
389870,7,19,713,2013.0,0.0,96985.0,-0.338417,-0.754102,ARE,BEN,0577
389871,21,19,713,2013.0,116794.0,0.0,-0.7231029999999999,-0.736291,BFA,BEN,0577
389872,43,19,713,2013.0,0.0,160037.0,1.24864,0.667713,CHN,BEN,0577
389873,64,19,713,2013.0,0.0,414924.0,1.190302,1.062991,DNK,BEN,0577
389874,77,19,713,2013.0,9717.0,2751.0,1.5253299999999999,0.026146,FRA,BEN,0577
389875,103,19,713,2013.0,0.0,515593.0,-0.006876999999999999,1.8336569999999999,IDN,BEN,0577
389876,104,19,713,2013.0,0.0,80558032.0,0.18186,2.647598,IND,BEN,0577
389877,111,19,713,2013.0,0.0,13780.0,1.419383,-0.304402,ITA,BEN,0577
389878,134,19,713,2013.0,0.0,73908.0,-0.474872,0.178118,MAR,BEN,0577
389879,159,19,713,2013.0,1528447.0,0.0,-1.679402,-1.14686,NGA,BEN,0577
389880,162,19,713,2013.0,0.0,128847.0,1.012006,1.441545,NLD,BEN,0577
389881,168,19,713,2013.0,0.0,9331.0,-0.697224,0.501576,PAK,BEN,0577
389882,191,19,713,2013.0,0.0,12116.0,-0.566624,-0.185277,SEN,BEN,0577
389883,192,19,713,2013.0,0.0,531198.0,1.844685,0.639379,SGP,BEN,0577
389884,215,19,713,2013.0,252058.0,157290.0,-0.532095,-0.434276,TGO,BEN,0577
389885,231,19,713,2013.0,0.0,2694580.0,1.612058,-0.8592989999999999,USA,BEN,0577
389886,239,19,713,2013.0,0.0,17916802.0,0.009264,1.182368,VNM,BEN,0577
389887,4,23,713,2013.0,0.0,1357303.0,-0.44779300000000005,-0.13181700000000002,ALB,BGR,0577
389888,7,23,713,2013.0,0.0,45239.0,-0.338417,-0.754102,ARE,BGR,0577
389889,8,23,713,2013.0,6233.0,0.0,0.042829,0.461002,ARG,BGR,0577
389890,14,23,713,2013.0,409087.0,0.0,-0.63369,-0.276328,AUS,BGR,0577
389891,15,23,713,2013.0,19890.0,31128.0,1.855434,-1.06494,AUT,BGR,0577
389892,18,23,713,2013.0,17568.0,2707.0,1.198491,1.117268,BEL,BGR,0577
389893,26,23,713,2013.0,0.0,36978.0,0.723658,0.9271879999999999,BIH,BGR,0577
389894,39,23,713,2013.0,116684.0,0.0,0.599305,1.193591,CAN,BGR,0577
389895,41,23,713,2013.0,0.0,426933.0,2.0899229999999998,0.661667,CHE,BGR,0577
389896,42,23,713,2013.0,12953.0,0.0,-0.184556,-0.238657,CHL,BGR,0577
389897,43,23,713,2013.0,99269.0,0.0,1.24864,0.667713,CHN,BGR,0577
389898,58,23,713,2013.0,80532.0,1020.0,0.36482800000000004,0.527544,CYP,BGR,0577
389899,59,23,713,2013.0,33589.0,16185.0,1.829509,-0.41787700000000005,CZE,BGR,0577
389900,61,23,713,2013.0,709891.0,268147.0,2.1086869999999998,-3.7092,DEU,BGR,0577
389901,64,23,713,2013.0,0.0,25008.0,1.190302,1.062991,DNK,BGR,0577
389902,71,23,713,2013.0,289158.0,372871.0,0.955472,1.80005,ESP,BGR,0577
389903,77,23,713,2013.0,2504.0,329674.0,1.5253299999999999,0.026146,FRA,BGR,0577
389904,81,23,713,2013.0,15199.0,93268.0,1.628465,0.77075,GBR,BGR,0577
389905,82,23,713,2013.0,137102.0,16821.0,-0.08343099999999999,-0.359692,GEO,BGR,0577
389906,83,23,713,2013.0,3990.0,0.0,-0.696971,-0.5807939999999999,GHA,BGR,0577
389907,90,23,713,2013.0,7139274.0,5288082.0,0.073442,0.9857899999999999,GRC,BGR,0577
389908,100,23,713,2013.0,0.0,155568.0,0.8737309999999999,1.276091,HRV,BGR,0577
389909,102,23,713,2013.0,4094.0,310353.0,1.6962560000000002,0.45460600000000007,HUN,BGR,0577
389910,103,23,713,2013.0,527679.0,0.0,-0.006876999999999999,1.8336569999999999,IDN,BGR,0577
389911,104,23,713,2013.0,806442.0,0.0,0.18186,2.647598,IND,BGR,0577
389912,107,23,713,2013.0,0.0,153074.0,-0.23625100000000002,-0.256067,IRN,BGR,0577
389913,108,23,713,2013.0,0.0,1176105.0,-3.147217,-0.685991,IRQ,BGR,0577
389914,111,23,713,2013.0,169202.0,2850866.0,1.419383,-0.304402,ITA,BGR,0577
389915,113,23,713,2013.0,0.0,262289.0,0.1888,0.596867,JOR,BGR,0577
389916,124,23,713,2013.0,8609.0,0.0,0.37392800000000004,1.413136,LBN,BGR,0577
389917,128,23,713,2013.0,215114.0,0.0,-0.320583,0.44462399999999996,LKA,BGR,0577
389918,130,23,713,2013.0,118238.0,15553.0,0.677986,1.29227,LTU,BGR,0577
389919,135,23,713,2013.0,33846.0,0.0,0.14256,0.33920700000000004,MDA,BGR,0577
389920,140,23,713,2013.0,40523.0,63599.0,-0.127775,0.21915900000000002,MKD,BGR,0577
389921,144,23,713,2013.0,3252.0,65145.0,0.09597,-0.019953,MNE,BGR,0577
389922,153,23,713,2013.0,15504.0,0.0,0.924532,0.671334,MYS,BGR,0577
389923,162,23,713,2013.0,1657497.0,226683.0,1.012006,1.441545,NLD,BGR,0577
389924,163,23,713,2013.0,0.0,16693.0,0.710901,0.062705,NOR,BGR,0577
389925,174,23,713,2013.0,18717.0,0.0,0.639083,0.45816899999999994,PHL,BGR,0577
389926,177,23,713,2013.0,167367.0,90866.0,1.11341,0.975734,POL,BGR,0577
389927,185,23,713,2013.0,156720.0,727251.0,1.05722,1.0968799999999999,ROU,BGR,0577
389928,186,23,713,2013.0,0.0,12029.0,-0.08233,-0.267781,RUS,BGR,0577
389929,192,23,713,2013.0,237338.0,0.0,1.844685,0.639379,SGP,BGR,0577
389930,201,23,713,2013.0,29065.0,168696.0,0.609755,1.355304,SRB,BGR,0577
389931,206,23,713,2013.0,14711.0,0.0,1.510052,0.7060310000000001,SVK,BGR,0577
389932,207,23,713,2013.0,74081.0,17314.0,1.55922,0.565874,SVN,BGR,0577
389933,208,23,713,2013.0,0.0,348212.0,1.7851290000000002,0.182623,SWE,BGR,0577
389934,224,23,713,2013.0,343099.0,3122372.0,0.580016,2.394812,TUR,BGR,0577
389935,228,23,713,2013.0,339798.0,0.0,0.535571,1.026263,UKR,BGR,0577
389936,231,23,713,2013.0,8121702.0,0.0,1.612058,-0.8592989999999999,USA,BGR,0577
389937,239,23,713,2013.0,1536792.0,0.0,0.009264,1.182368,VNM,BGR,0577
389938,249,23,713,2013.0,22030.0,57512.0,1.7382849999999999,0.9917739999999999,TWN,BGR,0577
389939,231,25,713,2013.0,727055.0,0.0,1.612058,-0.8592989999999999,USA,BHS,0577
389940,2,32,713,2013.0,0.0,21264.0,-1.240877,-1.073797,AGO,BRA,0577
389941,7,32,713,2013.0,0.0,74738.0,-0.338417,-0.754102,ARE,BRA,0577
389942,8,32,713,2013.0,1724040.0,3518686.0,0.042829,0.461002,ARG,BRA,0577
389943,14,32,713,2013.0,0.0,3098088.0,-0.63369,-0.276328,AUS,BRA,0577
389944,15,32,713,2013.0,167885.0,5932.0,1.855434,-1.06494,AUT,BRA,0577
389945,18,32,713,2013.0,39447.0,1661439.0,1.198491,1.117268,BEL,BRA,0577
389946,31,32,713,2013.0,134377.0,6856940.0,-1.1429610000000001,-1.0076120000000002,BOL,BRA,0577
389947,39,32,713,2013.0,0.0,11972584.0,0.599305,1.193591,CAN,BRA,0577
389948,41,32,713,2013.0,0.0,142560.0,2.0899229999999998,0.661667,CHE,BRA,0577
389949,42,32,713,2013.0,51691560.0,1850942.0,-0.184556,-0.238657,CHL,BRA,0577
389950,43,32,713,2013.0,1400448.0,180420.0,1.24864,0.667713,CHN,BRA,0577
389951,44,32,713,2013.0,6602555.0,0.0,-1.0025870000000001,-0.901658,CIV,BRA,0577
389952,49,32,713,2013.0,0.0,1162283.0,0.034491,-0.36975,COL,BRA,0577
389953,52,32,713,2013.0,0.0,507039.0,0.208669,-0.54783,CRI,BRA,0577
389954,55,32,713,2013.0,0.0,78770.0,-0.145402,-0.556962,CUW,BRA,0577
389955,59,32,713,2013.0,0.0,77246.0,1.829509,-0.41787700000000005,CZE,BRA,0577
389956,61,32,713,2013.0,98373.0,2298918.0,2.1086869999999998,-3.7092,DEU,BRA,0577
389957,64,32,713,2013.0,0.0,194814.0,1.190302,1.062991,DNK,BRA,0577
389958,65,32,713,2013.0,0.0,20397.0,-0.272579,0.42750699999999997,DOM,BRA,0577
389959,67,32,713,2013.0,0.0,207197.0,-0.8251790000000001,-0.9347200000000001,ECU,BRA,0577
389960,68,32,713,2013.0,0.0,278883.0,-0.12015799999999999,1.793363,EGY,BRA,0577
389961,71,32,713,2013.0,2408483.0,852583.0,0.955472,1.80005,ESP,BRA,0577
389962,72,32,713,2013.0,0.0,95289.0,0.923321,1.290016,EST,BRA,0577
389963,74,32,713,2013.0,0.0,124647.0,1.700282,0.867677,FIN,BRA,0577
389964,77,32,713,2013.0,99572.0,4085796.0,1.5253299999999999,0.026146,FRA,BRA,0577
389965,81,32,713,2013.0,274593.0,3086710.0,1.628465,0.77075,GBR,BRA,0577
389966,83,32,713,2013.0,24663016.0,0.0,-0.696971,-0.5807939999999999,GHA,BRA,0577
389967,93,32,713,2013.0,0.0,818338.0,-0.220165,0.661111,GTM,BRA,0577
389968,97,32,713,2013.0,33319.0,2498451.0,0.791401,1.249845,HKG,BRA,0577
389969,100,32,713,2013.0,0.0,1376.0,0.8737309999999999,1.276091,HRV,BRA,0577
389970,103,32,713,2013.0,8171710.0,0.0,-0.006876999999999999,1.8336569999999999,IDN,BRA,0577
389971,106,32,713,2013.0,1051.0,28193.0,1.32787,0.394579,IRL,BRA,0577
389972,107,32,713,2013.0,505032.0,0.0,-0.23625100000000002,-0.256067,IRN,BRA,0577
389973,110,32,713,2013.0,0.0,36564.0,1.0247629999999999,0.8261639999999999,ISR,BRA,0577
389974,111,32,713,2013.0,470632.0,2569102.0,1.419383,-0.304402,ITA,BRA,0577
389975,112,32,713,2013.0,0.0,3261.0,-0.364044,-0.744733,JAM,BRA,0577
389976,114,32,713,2013.0,0.0,20037.0,2.333417,-0.818701,JPN,BRA,0577
389977,115,32,713,2013.0,0.0,213162.0,-0.9193819999999999,-0.734194,KAZ,BRA,0577
389978,121,32,713,2013.0,0.0,15008.0,1.817145,0.835414,KOR,BRA,0577
389979,122,32,713,2013.0,20913.0,1540141.0,-1.198985,-1.057248,KWT,BRA,0577
389980,124,32,713,2013.0,36265.0,5951442.0,0.37392800000000004,1.413136,LBN,BRA,0577
389981,128,32,713,2013.0,264428.0,0.0,-0.320583,0.44462399999999996,LKA,BRA,0577
389982,131,32,713,2013.0,0.0,1685.0,1.0110190000000001,1.123226,LUX,BRA,0577
389983,132,32,713,2013.0,0.0,204186.0,0.652463,1.299917,LVA,BRA,0577
389984,138,32,713,2013.0,97250.0,5012854.0,1.2327219999999999,0.746108,MEX,BRA,0577
389985,153,32,713,2013.0,120753.0,9511.0,0.924532,0.671334,MYS,BRA,0577
389986,162,32,713,2013.0,116471.0,23464700.0,1.012006,1.441545,NLD,BRA,0577
389987,163,32,713,2013.0,0.0,11459.0,0.710901,0.062705,NOR,BRA,0577
389988,166,32,713,2013.0,0.0,426398.0,0.192237,0.429825,NZL,BRA,0577
389989,169,32,713,2013.0,0.0,7484.0,0.8719819999999999,1.038982,PAN,BRA,0577
389990,173,32,713,2013.0,147648.0,2613657.0,-0.640044,0.121772,PER,BRA,0577
389991,174,32,713,2013.0,4050487.0,0.0,0.639083,0.45816899999999994,PHL,BRA,0577
389992,177,32,713,2013.0,0.0,78082.0,1.11341,0.975734,POL,BRA,0577
389993,179,32,713,2013.0,5795296.0,1345349.0,0.705087,2.2055580000000004,PRT,BRA,0577
389994,180,32,713,2013.0,0.0,115706.0,-0.560661,-0.822876,PRY,BRA,0577
389995,186,32,713,2013.0,0.0,625437.0,-0.08233,-0.267781,RUS,BRA,0577
389996,192,32,713,2013.0,405490.0,80191.0,1.844685,0.639379,SGP,BRA,0577
389997,201,32,713,2013.0,0.0,2005.0,0.609755,1.355304,SRB,BRA,0577
389998,206,32,713,2013.0,0.0,12356.0,1.510052,0.7060310000000001,SVK,BRA,0577
