2899999,68,199,0,2020,77375377.0,0.0,-0.186095,1.6414330000000001,EGY,SOM,0
2900000,71,199,0,2009,16718.0,0.0,0.9021020000000001,2.170578,ESP,SOM,0
2900001,71,199,0,2010,12970.0,0.0,0.832619,2.448009,ESP,SOM,0
2900002,71,199,0,2011,61205.0,0.0,0.8677290000000001,2.4618450000000003,ESP,SOM,0
2900003,71,199,0,2012,16556.0,0.0,0.8528309999999999,2.462809,ESP,SOM,0
2900004,71,199,0,2013,18601.0,0.0,0.861698,2.353993,ESP,SOM,0
2900005,71,199,0,2015,212339.0,2086.0,0.8173590000000001,2.442556,ESP,SOM,0
2900006,71,199,0,2016,2925264.0,0.0,0.765428,2.57725,ESP,SOM,0
2900007,71,199,0,2017,926572.0,0.0,0.734342,2.8180099999999997,ESP,SOM,0
2900008,71,199,0,2018,430836.0,0.0,0.744825,2.919005,ESP,SOM,0
2900009,71,199,0,2019,1297189.0,0.0,0.678454,3.007838,ESP,SOM,0
2900010,71,199,0,2020,808821.0,0.0,0.736657,2.731661,ESP,SOM,0
2900011,73,199,0,1999,0.0,14309.0,-1.18759,-1.111391,ETH,SOM,0
2900012,73,199,0,2007,193864.0,0.0,-1.115917,-0.821652,ETH,SOM,0
2900013,73,199,0,2010,26753.0,0.0,-1.122906,-0.840777,ETH,SOM,0
2900014,73,199,0,2011,10868.0,0.0,-1.258175,-0.920692,ETH,SOM,0
2900015,73,199,0,2012,38849.0,0.0,-1.134031,-0.991977,ETH,SOM,0
2900016,73,199,0,2013,129940.0,0.0,-1.264002,-0.9594219999999999,ETH,SOM,0
2900017,73,199,0,2014,75367.0,0.0,-1.296535,-1.045942,ETH,SOM,0
2900018,73,199,0,2016,233114.0,31065.0,-1.006161,-0.756472,ETH,SOM,0
2900019,73,199,0,2017,12951.0,0.0,-1.007413,-0.638231,ETH,SOM,0
2900020,73,199,0,2019,287815.0,19962.0,-1.073631,-0.617885,ETH,SOM,0
2900021,73,199,0,2020,487183.0,12268.0,-0.952033,-0.707262,ETH,SOM,0
2900022,73,199,0,2008,5689.0,0.0,-1.0084629999999999,-0.83993,ETH,SOM,0
2900023,73,199,0,2006,0.0,9716.0,-0.9557180000000001,-0.9153479999999999,ETH,SOM,0
2900024,73,199,0,1995,0.0,55050.0,-1.3387120000000001,-1.123621,ETH,SOM,0
2900025,74,199,0,2007,2735.0,0.0,1.865502,0.7737729999999999,FIN,SOM,0
2900026,74,199,0,2013,160662.0,0.0,1.734552,0.8896940000000001,FIN,SOM,0
2900027,74,199,0,2014,83555.0,0.0,1.626355,1.002923,FIN,SOM,0
2900028,74,199,0,2018,78880.0,0.0,1.61151,0.9474549999999999,FIN,SOM,0
2900029,74,199,0,2019,28227.0,0.0,1.495278,1.034435,FIN,SOM,0
2900030,74,199,0,2017,70185.0,0.0,1.655957,0.962485,FIN,SOM,0
2900031,74,199,0,2020,12578.0,0.0,1.498089,1.066223,FIN,SOM,0
2900032,74,199,0,2015,225531.0,0.0,1.597817,0.998059,FIN,SOM,0
2900033,74,199,0,2016,112604.0,0.0,1.581968,1.006432,FIN,SOM,0
2900034,77,199,0,1995,0.0,6748.0,1.768484,0.765537,FRA,SOM,0
2900035,77,199,0,1997,7547.0,0.0,1.69504,0.8278549999999999,FRA,SOM,0
2900036,77,199,0,2000,0.0,12459.0,1.674971,0.47538100000000005,FRA,SOM,0
2900037,77,199,0,2001,4482.0,9651.0,1.653507,0.797582,FRA,SOM,0
2900038,77,199,0,2002,0.0,3125.0,1.569367,0.9886360000000001,FRA,SOM,0
2900039,77,199,0,2003,93945.0,0.0,1.606606,0.7394149999999999,FRA,SOM,0
2900040,77,199,0,2004,0.0,31402.0,1.6003530000000001,0.643945,FRA,SOM,0
2900041,77,199,0,2005,33595.0,43317.0,1.505148,0.594409,FRA,SOM,0
2900042,77,199,0,2006,17575.0,25805.0,1.47591,0.489466,FRA,SOM,0
2900043,77,199,0,2007,5489.0,13971.0,1.4565350000000001,0.262845,FRA,SOM,0
2900044,77,199,0,2008,0.0,91109.0,1.487702,-0.223965,FRA,SOM,0
2900045,77,199,0,2009,0.0,27670.0,1.540346,0.090377,FRA,SOM,0
2900046,77,199,0,2010,0.0,17552.0,1.530027,-0.052557000000000006,FRA,SOM,0
2900047,77,199,0,2011,2087.0,2723.0,1.532054,0.09339299999999999,FRA,SOM,0
2900048,77,199,0,2012,0.0,4255.0,1.425025,0.27534899999999995,FRA,SOM,0
2900049,77,199,0,2014,3069.0,0.0,1.4817790000000002,0.30995,FRA,SOM,0
2900050,77,199,0,2016,10038.0,1467.0,1.476437,0.911746,FRA,SOM,0
2900051,77,199,0,2017,533590.0,0.0,1.398427,0.894732,FRA,SOM,0
2900052,77,199,0,2018,154120.0,0.0,1.420819,0.7793770000000001,FRA,SOM,0
2900053,77,199,0,2019,138012.0,2095.0,1.380982,0.9510629999999999,FRA,SOM,0
2900054,77,199,0,2020,219536.0,0.0,1.341275,0.8991870000000001,FRA,SOM,0
2900055,81,199,0,1995,52543.0,0.0,1.8656979999999999,1.107121,GBR,SOM,0
2900056,81,199,0,1996,87158.0,0.0,1.850284,0.883084,GBR,SOM,0
2900057,81,199,0,1997,125100.0,0.0,1.886353,0.783832,GBR,SOM,0
2900058,81,199,0,1998,16730.0,0.0,1.906738,0.489101,GBR,SOM,0
2900059,81,199,0,1999,100749.0,0.0,1.9523830000000002,0.771455,GBR,SOM,0
2900060,81,199,0,2000,262657.0,0.0,1.957339,0.610052,GBR,SOM,0
2900061,81,199,0,2001,89203.0,0.0,1.976894,0.685435,GBR,SOM,0
2900062,81,199,0,2002,89254.0,0.0,1.893177,0.831382,GBR,SOM,0
2900063,81,199,0,2003,50770.0,0.0,1.8712540000000002,0.706205,GBR,SOM,0
2900064,81,199,0,2004,24610.0,0.0,1.843506,0.684779,GBR,SOM,0
2900065,81,199,0,2005,16528.0,0.0,1.805023,0.425654,GBR,SOM,0
2900066,81,199,0,2006,53040.0,0.0,1.824154,0.614424,GBR,SOM,0
2900067,81,199,0,2007,157286.0,0.0,1.718661,0.35525300000000004,GBR,SOM,0
2900068,81,199,0,2008,44436.0,0.0,1.7586119999999998,0.061214,GBR,SOM,0
2900069,81,199,0,2009,33819.0,0.0,1.7921779999999998,0.41211499999999995,GBR,SOM,0
2900070,81,199,0,2010,35796.0,0.0,1.828224,0.386383,GBR,SOM,0
2900071,81,199,0,2011,477787.0,0.0,1.8048220000000001,0.380141,GBR,SOM,0
2900072,81,199,0,2012,173751.0,0.0,1.701279,0.518166,GBR,SOM,0
2900073,81,199,0,2013,297214.0,0.0,1.7901259999999999,0.44164,GBR,SOM,0
2900074,81,199,0,2014,244730.0,0.0,1.697964,0.585372,GBR,SOM,0
2900075,81,199,0,2015,410049.0,0.0,1.7422990000000003,0.75838,GBR,SOM,0
2900076,81,199,0,2016,1263787.0,0.0,1.6974669999999998,0.9231299999999999,GBR,SOM,0
2900077,81,199,0,2017,1582889.0,0.0,1.6883119999999998,0.8347469999999999,GBR,SOM,0
2900078,81,199,0,2018,1991011.0,0.0,1.693008,0.768159,GBR,SOM,0
2900079,81,199,0,2019,1308586.0,0.0,1.731106,0.717566,GBR,SOM,0
2900080,81,199,0,2020,967190.0,0.0,1.6459,0.7702640000000001,GBR,SOM,0
2900081,90,199,0,2000,63514.0,0.0,0.30201300000000003,1.4171799999999999,GRC,SOM,0
2900082,97,199,0,1996,45382.0,0.0,0.54364,2.727659,HKG,SOM,0
2900083,97,199,0,2001,0.0,5807.0,0.521528,2.3025,HKG,SOM,0
2900084,97,199,0,2006,11576.0,0.0,0.5776319999999999,2.076782,HKG,SOM,0
2900085,97,199,0,2015,5065.0,0.0,0.8255290000000001,1.8017279999999998,HKG,SOM,0
2900086,97,199,0,2016,3751.0,0.0,0.8029029999999999,1.477249,HKG,SOM,0
2900087,97,199,0,2017,1759.0,0.0,0.824982,1.7162220000000001,HKG,SOM,0
2900088,97,199,0,2019,1218.0,0.0,0.992556,1.523004,HKG,SOM,0
2900089,97,199,0,2020,5285.0,0.0,1.070483,1.183618,HKG,SOM,0
2900090,100,199,0,2015,1588738.0,0.0,0.7590140000000001,1.257415,HRV,SOM,0
2900091,100,199,0,2016,997250.0,0.0,0.8695200000000001,1.214791,HRV,SOM,0
2900092,100,199,0,1995,0.0,6387.0,0.75325,1.395715,HRV,SOM,0
2900093,102,199,0,2019,39419.0,0.0,1.462102,0.809183,HUN,SOM,0
2900094,102,199,0,2020,372524.0,0.0,1.393152,0.878916,HUN,SOM,0
2900095,103,199,0,1997,348810.0,0.0,-0.44080699999999995,1.220104,IDN,SOM,0
2900096,103,199,0,1999,7663842.0,0.0,-0.20447,1.568505,IDN,SOM,0
2900097,103,199,0,2000,2467818.0,0.0,-0.125831,1.7116360000000002,IDN,SOM,0
2900098,103,199,0,2001,6572292.0,0.0,-0.167771,1.6587889999999998,IDN,SOM,0
2900099,103,199,0,2002,2988949.0,0.0,-0.10020499999999999,1.590314,IDN,SOM,0
2900100,103,199,0,2003,953932.0,0.0,-0.16802,1.7252990000000001,IDN,SOM,0
2900101,103,199,0,2004,957643.0,0.0,-0.223644,1.719065,IDN,SOM,0
2900102,103,199,0,2005,2375766.0,0.0,-0.273208,1.5252379999999999,IDN,SOM,0
2900103,103,199,0,2006,2329767.0,0.0,-0.21012399999999998,1.467838,IDN,SOM,0
2900104,103,199,0,2007,644603.0,0.0,-0.192415,1.497962,IDN,SOM,0
2900105,103,199,0,2008,396127.0,0.0,-0.11154000000000001,1.4879850000000001,IDN,SOM,0
2900106,103,199,0,2009,572114.0,0.0,-0.253835,1.260101,IDN,SOM,0
2900107,103,199,0,2010,782080.0,0.0,-0.30878099999999997,1.07069,IDN,SOM,0
2900108,103,199,0,2011,512447.0,0.0,-0.234125,1.168384,IDN,SOM,0
2900109,103,199,0,2012,3318980.0,0.0,-0.142318,1.281781,IDN,SOM,0
2900110,103,199,0,2013,10396693.0,0.0,-0.216854,1.415728,IDN,SOM,0
2900111,103,199,0,2014,13627416.0,0.0,-0.088032,1.3966459999999998,IDN,SOM,0
2900112,103,199,0,2015,12747046.0,0.0,-0.145103,1.277362,IDN,SOM,0
2900113,103,199,0,2016,15457691.0,0.0,-0.158496,1.492067,IDN,SOM,0
2900114,103,199,0,2017,17528981.0,0.0,-0.23641700000000002,1.188173,IDN,SOM,0
2900115,103,199,0,2018,25508545.0,0.0,-0.10130499999999999,1.2414209999999999,IDN,SOM,0
2900116,103,199,0,2019,23598509.0,0.0,-0.141811,1.385726,IDN,SOM,0
2900117,103,199,0,2020,31950795.0,0.0,-0.16761700000000002,1.571009,IDN,SOM,0
2900118,103,199,0,1998,138074.0,0.0,-0.478253,1.350652,IDN,SOM,0
2900119,103,199,0,1996,118099.0,175672.0,-0.43199899999999997,1.22074,IDN,SOM,0
2900120,104,199,0,2003,3116240.0,94502.0,0.33014099999999996,2.836003,IND,SOM,0
2900121,104,199,0,2004,1065472.0,0.0,0.233348,2.790987,IND,SOM,0
2900122,104,199,0,2005,747254.0,12351.0,0.212108,2.817413,IND,SOM,0
2900123,104,199,0,2006,150451.0,0.0,0.285652,2.731318,IND,SOM,0
2900124,104,199,0,2007,554417.0,0.0,0.279475,2.7514939999999997,IND,SOM,0
2900125,104,199,0,2008,919718.0,0.0,0.26694,2.926023,IND,SOM,0
2900126,104,199,0,2009,630513.0,0.0,0.209867,2.254003,IND,SOM,0
2900127,104,199,0,2010,256054.0,0.0,0.14485599999999998,2.408913,IND,SOM,0
2900128,104,199,0,2011,367489.0,11681.0,0.18276199999999998,2.398765,IND,SOM,0
2900129,104,199,0,2012,688173.0,0.0,0.229996,2.4815110000000002,IND,SOM,0
2900130,104,199,0,2013,9339926.0,0.0,0.215356,2.3916209999999998,IND,SOM,0
2900131,104,199,0,2014,48412000.0,0.0,0.262042,2.6305080000000003,IND,SOM,0
2900132,104,199,0,2015,103448991.0,0.0,0.24230900000000002,2.8190880000000003,IND,SOM,0
2900133,104,199,0,2016,105994331.0,0.0,0.30976,2.61043,IND,SOM,0
2900134,104,199,0,2017,83194762.0,0.0,0.290576,2.726391,IND,SOM,0
2900135,104,199,0,2018,88033750.0,4134.0,0.526015,2.448112,IND,SOM,0
2900136,104,199,0,2019,116750039.0,0.0,0.43196,2.661139,IND,SOM,0
2900137,104,199,0,2020,64209587.0,0.0,0.464674,2.838779,IND,SOM,0
2900138,104,199,0,2000,2479124.0,0.0,0.3961,2.553408,IND,SOM,0
2900139,104,199,0,1995,1283186.0,0.0,0.156183,1.9617380000000002,IND,SOM,0
2900140,104,199,0,1996,1126915.0,0.0,0.20685599999999998,2.317622,IND,SOM,0
2900141,104,199,0,1997,1390965.0,0.0,0.262571,2.31305,IND,SOM,0
2900142,104,199,0,1998,835994.0,0.0,0.274308,2.316908,IND,SOM,0
2900143,104,199,0,1999,2869655.0,0.0,0.29945900000000003,2.438702,IND,SOM,0
2900144,104,199,0,2001,2872353.0,83062.0,0.349744,2.665844,IND,SOM,0
2900145,104,199,0,2002,1090106.0,846543.0,0.380867,2.608955,IND,SOM,0
2900146,106,199,0,2011,16630.0,0.0,1.403182,0.290245,IRL,SOM,0
2900147,106,199,0,2014,6670.0,0.0,1.2658399999999999,0.278546,IRL,SOM,0
2900148,106,199,0,2015,6165.0,0.0,1.304942,0.126431,IRL,SOM,0
2900149,107,199,0,2016,32159.0,0.0,-0.407368,-0.23482399999999998,IRN,SOM,0
2900150,107,199,0,2003,99963.0,0.0,-0.552146,-0.8668520000000001,IRN,SOM,0
2900151,107,199,0,2018,1500.0,0.0,-0.389954,-0.258156,IRN,SOM,0
2900152,111,199,0,1995,386624.0,0.0,1.503379,1.449094,ITA,SOM,0
2900153,111,199,0,1996,346455.0,44703.0,1.4674690000000001,1.263362,ITA,SOM,0
2900154,111,199,0,1997,443578.0,0.0,1.4860389999999999,1.235674,ITA,SOM,0
2900155,111,199,0,1998,488087.0,0.0,1.4532209999999999,1.191124,ITA,SOM,0
2900156,111,199,0,1999,125808.0,0.0,1.395253,1.3589790000000002,ITA,SOM,0
2900157,111,199,0,2000,114293.0,0.0,1.421124,1.112321,ITA,SOM,0
2900158,111,199,0,2001,72394.0,0.0,1.389926,1.282143,ITA,SOM,0
2900159,111,199,0,2002,205053.0,0.0,1.377604,1.2470510000000001,ITA,SOM,0
2900160,111,199,0,2003,165268.0,0.0,1.399734,1.044608,ITA,SOM,0
2900161,111,199,0,2004,46816.0,41733.0,1.358057,1.11533,ITA,SOM,0
2900162,111,199,0,2005,79338.0,0.0,1.295883,1.032218,ITA,SOM,0
2900163,111,199,0,2006,58455.0,0.0,1.293779,0.93995,ITA,SOM,0
2900164,111,199,0,2007,172803.0,0.0,1.3003559999999998,0.705448,ITA,SOM,0
2900165,111,199,0,2008,7598.0,0.0,1.308777,0.361523,ITA,SOM,0
2900166,111,199,0,2009,19959.0,0.0,1.289,0.64549,ITA,SOM,0
2900167,111,199,0,2010,4239.0,0.0,1.272385,0.545721,ITA,SOM,0
2900168,111,199,0,2011,42416.0,0.0,1.298751,0.48013599999999995,ITA,SOM,0
2900169,111,199,0,2012,2306635.0,0.0,1.297611,0.28585900000000003,ITA,SOM,0
2900170,111,199,0,2013,1957978.0,0.0,1.289924,0.533436,ITA,SOM,0
2900171,111,199,0,2014,1169446.0,0.0,1.340136,0.43931099999999995,ITA,SOM,0
2900172,111,199,0,2015,1239250.0,0.0,1.321127,0.747046,ITA,SOM,0
2900173,111,199,0,2016,3342055.0,0.0,1.339307,0.8549209999999999,ITA,SOM,0
2900174,111,199,0,2017,2095914.0,0.0,1.34395,0.577693,ITA,SOM,0
2900175,111,199,0,2018,4407468.0,0.0,1.3602530000000002,0.453607,ITA,SOM,0
2900176,111,199,0,2019,4428923.0,1075.0,1.25898,0.926639,ITA,SOM,0
2900177,111,199,0,2020,3665432.0,0.0,1.299017,0.701797,ITA,SOM,0
2900178,113,199,0,2017,61335.0,0.0,0.020035,0.295415,JOR,SOM,0
2900179,113,199,0,2018,63800.0,0.0,-0.086895,0.283829,JOR,SOM,0
2900180,113,199,0,2019,98242.0,0.0,-0.003529,0.255816,JOR,SOM,0
2900181,113,199,0,2020,133179.0,0.0,-0.060384,0.139902,JOR,SOM,0
2900182,113,199,0,2009,7042.0,0.0,0.21374899999999997,0.423774,JOR,SOM,0
2900183,114,199,0,2009,8340.0,0.0,2.306791,-0.251712,JPN,SOM,0
2900184,114,199,0,2017,19663.0,0.0,2.4510419999999997,-0.277357,JPN,SOM,0
2900185,114,199,0,2020,6431.0,6968.0,2.405659,-0.38169000000000003,JPN,SOM,0
2900186,114,199,0,2015,21734.0,0.0,2.516133,-0.484202,JPN,SOM,0
2900187,114,199,0,2019,195266.0,0.0,2.4931509999999997,-0.558811,JPN,SOM,0
2900188,114,199,0,2000,0.0,7146.0,2.579611,0.464875,JPN,SOM,0
2900189,114,199,0,2001,0.0,3314.0,2.585857,0.522663,JPN,SOM,0
2900190,114,199,0,2003,0.0,2317.0,2.4686630000000003,0.48072600000000004,JPN,SOM,0
2900191,114,199,0,2006,0.0,4881.0,2.4348099999999997,0.082887,JPN,SOM,0
2900192,114,199,0,1999,6191.0,0.0,2.541382,0.693702,JPN,SOM,0
2900193,115,199,0,2015,16956.0,0.0,-0.45091499999999995,-0.652026,KAZ,SOM,0
2900194,115,199,0,2016,3434.0,0.0,-0.376397,-0.553639,KAZ,SOM,0
2900195,115,199,0,2017,0.0,2710.0,-0.394316,-0.5485979999999999,KAZ,SOM,0
2900196,116,199,0,2002,3102660.0,0.0,-0.555812,0.169204,KEN,SOM,0
2900197,116,199,0,2003,5939941.0,0.0,-0.3531,0.582992,KEN,SOM,0
2900198,116,199,0,2004,3709466.0,0.0,-0.503694,0.410495,KEN,SOM,0
2900199,116,199,0,2005,6422981.0,0.0,-0.507389,0.769896,KEN,SOM,0
2900200,116,199,0,2006,6599129.0,0.0,-0.38287899999999997,1.060286,KEN,SOM,0
2900201,116,199,0,2007,7863880.0,0.0,-0.44365299999999996,0.858692,KEN,SOM,0
2900202,116,199,0,2008,4838650.0,0.0,-0.284528,0.9378610000000001,KEN,SOM,0
2900203,116,199,0,2009,13030104.0,0.0,-0.26477399999999995,0.932587,KEN,SOM,0
2900204,116,199,0,2010,18163650.0,99236.0,-0.387187,1.010443,KEN,SOM,0
2900205,116,199,0,2013,10146014.0,82317.0,-0.448112,0.8672719999999999,KEN,SOM,0
2900206,116,199,0,2015,9448700.0,5445.0,-0.453564,0.433325,KEN,SOM,0
2900207,116,199,0,2016,7505809.0,22234.0,-0.535616,0.520101,KEN,SOM,0
2900208,116,199,0,2017,11187198.0,35592.0,-0.579541,0.511926,KEN,SOM,0
2900209,116,199,0,2018,7220137.0,0.0,-0.32707800000000004,0.71009,KEN,SOM,0
2900210,116,199,0,2019,4966086.0,3440577.0,-0.406684,0.8588969999999999,KEN,SOM,0
2900211,116,199,0,2020,3222968.0,16169.0,-0.496446,0.562476,KEN,SOM,0
2900212,116,199,0,2000,1179631.0,0.0,-0.537967,0.011763,KEN,SOM,0
2900213,116,199,0,2001,1610488.0,0.0,-0.529388,0.092271,KEN,SOM,0
2900214,116,199,0,1997,1790462.0,0.0,-0.399028,0.196115,KEN,SOM,0
2900215,116,199,0,1998,1259438.0,0.0,-0.434978,0.10193300000000001,KEN,SOM,0
2900216,116,199,0,1999,529046.0,0.0,-0.336125,0.43983999999999995,KEN,SOM,0
2900217,118,199,0,2003,1531.0,0.0,-1.0165620000000002,-1.060454,KHM,SOM,0
2900218,121,199,0,1998,112997.0,0.0,0.999518,1.106351,KOR,SOM,0
2900219,121,199,0,1999,33173.0,0.0,0.92448,1.053988,KOR,SOM,0
2900220,121,199,0,2000,12133.0,0.0,1.0696700000000001,1.0182209999999998,KOR,SOM,0
2900221,121,199,0,2003,0.0,4719.0,1.2611709999999998,0.956308,KOR,SOM,0
2900222,121,199,0,2004,0.0,17247.0,1.3624690000000002,0.928342,KOR,SOM,0
2900223,121,199,0,2009,14620.0,0.0,1.509336,0.784515,KOR,SOM,0
2900224,121,199,0,2012,4840.0,0.0,1.632917,0.877742,KOR,SOM,0
2900225,121,199,0,2013,74405.0,0.0,1.818383,0.75645,KOR,SOM,0
2900226,121,199,0,2020,95685.0,0.0,1.9703950000000001,0.800826,KOR,SOM,0
2900227,121,199,0,2014,4500.0,0.0,1.817145,0.8394530000000001,KOR,SOM,0
2900228,121,199,0,2015,515688.0,0.0,1.900653,0.859406,KOR,SOM,0
2900229,121,199,0,2016,157768.0,1331.0,2.086184,0.724318,KOR,SOM,0
2900230,121,199,0,2017,17442.0,0.0,2.011263,0.783215,KOR,SOM,0
2900231,121,199,0,2018,1047.0,0.0,2.093866,0.764303,KOR,SOM,0
2900232,121,199,0,2019,73791.0,0.0,2.115482,0.696838,KOR,SOM,0
2900233,122,199,0,2011,410417.0,0.0,-0.898582,-1.09893,KWT,SOM,0
2900234,122,199,0,2013,30090.0,0.0,-0.536384,-1.08382,KWT,SOM,0
2900235,122,199,0,2014,57427.0,0.0,-0.769616,-1.10667,KWT,SOM,0
2900236,122,199,0,2015,45654.0,0.0,-0.352023,-1.153057,KWT,SOM,0
2900237,122,199,0,2016,72909.0,0.0,-0.31188,-1.1438620000000002,KWT,SOM,0
2900238,122,199,0,2017,5726.0,0.0,-0.229821,-1.128482,KWT,SOM,0
2900239,122,199,0,2019,0.0,1298.0,0.081686,-1.087259,KWT,SOM,0
2900240,122,199,0,2018,3644.0,8504.0,-0.668802,-1.154012,KWT,SOM,0
2900241,122,199,0,2003,2762.0,11475.0,-0.7943640000000001,-1.1529770000000001,KWT,SOM,0
2900242,122,199,0,2004,3061.0,0.0,-0.481908,-1.172081,KWT,SOM,0
2900243,122,199,0,2007,0.0,34680.0,-0.8265030000000001,-1.166243,KWT,SOM,0
2900244,122,199,0,2008,5163.0,0.0,-1.401297,-1.142945,KWT,SOM,0
2900245,122,199,0,2009,60345.0,0.0,-1.386993,-1.203527,KWT,SOM,0
2900246,122,199,0,2000,13706.0,0.0,-0.6112270000000001,-1.149326,KWT,SOM,0
2900247,122,199,0,2001,1194.0,0.0,-0.8197,-1.183758,KWT,SOM,0
2900248,124,199,0,2019,18302.0,0.0,0.26155700000000004,1.062317,LBN,SOM,0
2900249,124,199,0,2010,0.0,1367.0,0.415854,1.424085,LBN,SOM,0
2900250,124,199,0,2012,0.0,1866.0,0.38759,1.446025,LBN,SOM,0
2900251,124,199,0,2020,23260.0,0.0,0.35459,1.067965,LBN,SOM,0
2900252,128,199,0,2014,46475.0,0.0,-0.49366899999999997,0.338686,LKA,SOM,0
2900253,128,199,0,2017,32337.0,0.0,-0.46442799999999995,0.472132,LKA,SOM,0
2900254,128,199,0,2020,47707.0,0.0,-0.48448599999999997,0.5495220000000001,LKA,SOM,0
2900255,130,199,0,2016,19210.0,0.0,0.706929,1.419432,LTU,SOM,0
2900256,134,199,0,2018,38477.0,0.0,-0.712775,-0.090013,MAR,SOM,0
2900257,136,199,0,2010,3246.0,0.0,-0.8737799999999999,-0.043717,MDG,SOM,0
2900258,142,199,0,2015,1344.0,0.0,0.880893,-0.117585,MLT,SOM,0
2900259,142,199,0,2017,16319.0,0.0,0.999914,0.12683,MLT,SOM,0
2900260,142,199,0,2018,2587.0,0.0,0.9621219999999999,0.257289,MLT,SOM,0
2900261,142,199,0,2019,4838.0,0.0,0.893992,0.25255500000000003,MLT,SOM,0
2900262,142,199,0,2020,10443.0,0.0,0.9159309999999999,0.24442199999999997,MLT,SOM,0
2900263,147,199,0,2014,0.0,15133.0,-1.1993610000000001,-1.040181,MOZ,SOM,0
2900264,153,199,0,2004,21501.0,0.0,0.6710050000000001,0.17807,MYS,SOM,0
2900265,153,199,0,2015,22612.0,0.0,1.082803,0.811615,MYS,SOM,0
2900266,153,199,0,2016,76962.0,0.0,1.106894,0.7452840000000001,MYS,SOM,0
2900267,153,199,0,2018,15932.0,0.0,1.122976,0.734109,MYS,SOM,0
2900268,153,199,0,1995,0.0,197021.0,0.357745,0.374284,MYS,SOM,0
2900269,153,199,0,1996,12586.0,0.0,0.351774,0.347262,MYS,SOM,0
2900270,153,199,0,2003,138516.0,0.0,0.728804,0.2168,MYS,SOM,0
2900271,153,199,0,2019,14606.0,0.0,1.192967,0.730971,MYS,SOM,0
2900272,153,199,0,1998,1504.0,0.0,0.396826,0.203792,MYS,SOM,0
2900273,153,199,0,2020,48527.0,0.0,1.185223,0.573439,MYS,SOM,0
2900274,155,199,0,2011,5786.0,0.0,-0.42998400000000003,-0.632233,NAM,SOM,0
2900275,159,199,0,2001,0.0,7432.0,-1.966439,-1.2724520000000001,NGA,SOM,0
2900276,159,199,0,2007,0.0,980434.0,-1.746879,-1.20823,NGA,SOM,0
2900277,159,199,0,2008,58597.0,138773.0,-1.9809139999999998,-1.189201,NGA,SOM,0
2900278,159,199,0,2002,0.0,12610.0,-1.8315700000000001,-1.25171,NGA,SOM,0
2900279,159,199,0,2003,0.0,49757.0,-1.859176,-1.234236,NGA,SOM,0
2900280,159,199,0,2000,0.0,254725.0,-2.164663,-1.257723,NGA,SOM,0
2900281,159,199,0,2006,0.0,13291.0,-2.094353,-1.215025,NGA,SOM,0
2900282,162,199,0,1995,14601.0,0.0,1.304391,1.8819119999999998,NLD,SOM,0
2900283,162,199,0,1998,18907.0,0.0,1.248469,1.683182,NLD,SOM,0
2900284,162,199,0,1999,30551.0,0.0,1.308776,1.574293,NLD,SOM,0
2900285,162,199,0,2000,10184.0,0.0,1.283291,1.58901,NLD,SOM,0
2900286,162,199,0,2001,4491.0,0.0,1.315685,1.590935,NLD,SOM,0
2900287,162,199,0,2003,7917.0,0.0,1.168453,1.7085709999999998,NLD,SOM,0
2900288,162,199,0,2006,1256.0,0.0,1.192134,1.450852,NLD,SOM,0
2900289,162,199,0,2007,369290.0,0.0,1.089169,1.589641,NLD,SOM,0
2900290,162,199,0,2010,10611.0,0.0,1.237998,1.1891209999999999,NLD,SOM,0
2900291,162,199,0,2013,50838.0,0.0,1.184107,1.249557,NLD,SOM,0
2900292,162,199,0,2014,61008.0,0.0,1.179325,1.355071,NLD,SOM,0
2900293,162,199,0,2015,83301.0,0.0,1.230104,1.27344,NLD,SOM,0
2900294,162,199,0,2016,269670.0,0.0,1.157361,1.5188540000000001,NLD,SOM,0
2900295,162,199,0,2017,73916.0,0.0,1.146959,1.470869,NLD,SOM,0
2900296,162,199,0,2018,73734.0,0.0,1.1478899999999999,1.454758,NLD,SOM,0
2900297,162,199,0,2019,1073097.0,0.0,1.145044,1.3523530000000001,NLD,SOM,0
2900298,162,199,0,2020,102180.0,0.0,1.035951,1.559401,NLD,SOM,0
2900299,163,199,0,2008,44949.0,0.0,0.911428,-0.019318000000000002,NOR,SOM,0
2900300,163,199,0,2018,20003.0,0.0,0.681639,0.021762,NOR,SOM,0
2900301,163,199,0,2002,19728.0,0.0,1.110882,0.17164100000000002,NOR,SOM,0
2900302,163,199,0,2003,25688.0,0.0,1.1500620000000001,0.258554,NOR,SOM,0
2900303,163,199,0,2005,46070.0,0.0,1.0581530000000001,0.038369,NOR,SOM,0
2900304,163,199,0,2019,26205.0,0.0,0.6957300000000001,0.181607,NOR,SOM,0
2900305,163,199,0,2020,8016.0,0.0,0.793459,0.369766,NOR,SOM,0
2900306,163,199,0,2009,128905.0,0.0,0.865455,0.082808,NOR,SOM,0
2900307,163,199,0,2017,21350.0,0.0,0.73658,0.11450199999999999,NOR,SOM,0
2900308,163,199,0,2013,193546.0,0.0,0.892099,0.18168399999999998,NOR,SOM,0
2900309,163,199,0,2014,22216.0,0.0,0.9187049999999999,0.182685,NOR,SOM,0
2900310,163,199,0,2016,48383.0,0.0,0.89891,0.297673,NOR,SOM,0
2900311,163,199,0,2012,45093.0,0.0,0.8613049999999999,0.12626800000000002,NOR,SOM,0
2900312,163,199,0,2015,9906.0,0.0,0.950708,0.314339,NOR,SOM,0
2900313,166,199,0,2018,4701.0,0.0,0.21902600000000003,0.148714,NZL,SOM,0
2900314,167,199,0,2005,13418.0,0.0,-0.384571,-1.068743,OMN,SOM,0
2900315,167,199,0,2010,620093.0,0.0,-0.487612,-0.9551379999999999,OMN,SOM,0
2900316,167,199,0,1997,0.0,38266.0,-0.335834,-0.945859,OMN,SOM,0
2900317,167,199,0,2006,225251.0,0.0,-0.6373989999999999,-1.092554,OMN,SOM,0
2900318,167,199,0,2008,645285.0,0.0,-0.635199,-1.027136,OMN,SOM,0
2900319,167,199,0,2009,25821486.0,0.0,-0.691918,-1.015434,OMN,SOM,0
2900320,167,199,0,2011,1018542.0,0.0,-0.473703,-0.952491,OMN,SOM,0
2900321,167,199,0,2012,21896745.0,0.0,-0.869576,-1.1086850000000001,OMN,SOM,0
2900322,167,199,0,2013,5844019.0,0.0,-0.604175,-1.0463209999999998,OMN,SOM,0
2900323,167,199,0,2015,6747162.0,0.0,-0.4699,-1.00451,OMN,SOM,0
2900324,167,199,0,2018,7319044.0,0.0,-0.548048,-0.9972989999999999,OMN,SOM,0
2900325,167,199,0,2002,47641.0,0.0,-1.238769,-1.225841,OMN,SOM,0
2900326,167,199,0,2000,4293.0,0.0,-1.0104549999999999,-1.185999,OMN,SOM,0
2900327,167,199,0,2001,99423.0,0.0,-0.909329,-1.189698,OMN,SOM,0
2900328,167,199,0,2014,5669910.0,0.0,-0.505129,-1.0051370000000002,OMN,SOM,0
2900329,167,199,0,2017,8350069.0,0.0,-0.347684,-0.884569,OMN,SOM,0
2900330,167,199,0,2007,2184.0,0.0,-0.5185310000000001,-1.071832,OMN,SOM,0
2900331,167,199,0,2016,10407404.0,12775.0,-0.334782,-0.9107190000000001,OMN,SOM,0
2900332,168,199,0,2006,722681.0,0.0,-0.449333,0.563013,PAK,SOM,0
2900333,168,199,0,2009,289239.0,0.0,-0.514907,0.44733100000000003,PAK,SOM,0
2900334,168,199,0,2011,551800.0,0.0,-0.729677,0.6026729999999999,PAK,SOM,0
2900335,168,199,0,2015,614435.0,0.0,-0.7059979999999999,0.73501,PAK,SOM,0
2900336,168,199,0,2019,2333804.0,0.0,-0.6909270000000001,0.8651120000000001,PAK,SOM,0
2900337,168,199,0,2017,1121447.0,0.0,-0.698561,0.43523500000000004,PAK,SOM,0
2900338,168,199,0,2020,2391818.0,0.0,-0.52984,0.63654,PAK,SOM,0
2900339,168,199,0,2003,2154615.0,0.0,-0.6659689999999999,0.137924,PAK,SOM,0
2900340,168,199,0,2004,1854605.0,1450.0,-0.754143,0.25995100000000004,PAK,SOM,0
2900341,168,199,0,2005,502666.0,0.0,-0.592542,0.365501,PAK,SOM,0
2900342,168,199,0,2007,291663.0,3854.0,-0.5594359999999999,0.47369300000000003,PAK,SOM,0
2900343,168,199,0,2008,133447.0,7395.0,-0.401588,0.500668,PAK,SOM,0
2900344,168,199,0,2010,503213.0,0.0,-0.692071,0.5409010000000001,PAK,SOM,0
2900345,168,199,0,2012,513081.0,1693.0,-0.633706,0.658617,PAK,SOM,0
2900346,168,199,0,2013,608608.0,0.0,-0.75727,0.769703,PAK,SOM,0
2900347,168,199,0,2014,638858.0,0.0,-0.672924,0.566787,PAK,SOM,0
2900348,168,199,0,2016,859042.0,0.0,-0.7502800000000001,0.545331,PAK,SOM,0
2900349,168,199,0,2018,1675632.0,0.0,-0.64348,0.665045,PAK,SOM,0
2900350,177,199,0,2013,1176.0,0.0,1.084332,1.216749,POL,SOM,0
2900351,177,199,0,2014,18144.0,0.0,1.133102,1.177165,POL,SOM,0
2900352,177,199,0,2016,49025.0,0.0,1.146113,1.239532,POL,SOM,0
2900353,177,199,0,2017,125489.0,0.0,1.197417,1.092716,POL,SOM,0
2900354,177,199,0,2018,146877.0,0.0,1.132475,1.258945,POL,SOM,0
2900355,177,199,0,2019,155379.0,0.0,1.088347,1.275875,POL,SOM,0
2900356,177,199,0,2020,260748.0,0.0,1.0227979999999999,1.4079139999999999,POL,SOM,0
2900357,179,199,0,2002,31133.0,0.0,0.484407,1.6500080000000001,PRT,SOM,0
2900358,179,199,0,2001,27776.0,0.0,0.482048,1.662123,PRT,SOM,0
2900359,179,199,0,2005,11847.0,0.0,0.5119819999999999,1.901636,PRT,SOM,0
2900360,179,199,0,2004,7008.0,0.0,0.524524,1.901139,PRT,SOM,0
2900361,183,199,0,2007,2911.0,0.0,0.20181500000000002,-0.9898110000000001,QAT,SOM,0
2900362,183,199,0,2008,0.0,6060.0,-0.36390900000000004,-1.0045549999999999,QAT,SOM,0
2900363,183,199,0,2013,0.0,63241.0,-0.083649,-1.013491,QAT,SOM,0
2900364,183,199,0,2014,23805.0,28949.0,-0.37535599999999997,-1.0196370000000001,QAT,SOM,0
2900365,183,199,0,2017,1686.0,39784.0,-0.361327,-1.066869,QAT,SOM,0
2900366,183,199,0,2015,455507.0,13583.0,-0.077053,-0.9922719999999999,QAT,SOM,0
2900367,183,199,0,2020,0.0,34296.0,-0.028836,-1.0183950000000002,QAT,SOM,0
2900368,183,199,0,2009,10033.0,0.0,-0.484947,-1.07179,QAT,SOM,0
2900369,183,199,0,2018,0.0,27441.0,-0.068401,-1.014732,QAT,SOM,0
2900370,185,199,0,2018,75423.0,0.0,1.050715,1.04471,ROU,SOM,0
2900371,185,199,0,2017,97923.0,0.0,1.05479,0.9842219999999999,ROU,SOM,0
2900372,186,199,0,2014,6738.0,0.0,0.229422,-0.214856,RUS,SOM,0
2900373,188,199,0,2005,1129281.0,0.0,0.678873,-0.759985,SAU,SOM,0
2900374,188,199,0,2006,5802599.0,0.0,0.162432,-0.853059,SAU,SOM,0
2900375,188,199,0,2008,2168537.0,0.0,-0.09849400000000001,-0.8998309999999999,SAU,SOM,0
2900376,188,199,0,2011,1666401.0,0.0,0.354045,-0.800028,SAU,SOM,0
2900377,188,199,0,2013,3300003.0,0.0,0.626347,-0.844406,SAU,SOM,0
2900378,188,199,0,2014,2520545.0,0.0,0.5758439999999999,-0.832692,SAU,SOM,0
2900379,188,199,0,2015,2588573.0,0.0,0.5552520000000001,-0.7263229999999999,SAU,SOM,0
2900380,188,199,0,2016,1484443.0,0.0,0.394807,-0.638644,SAU,SOM,0
2900381,188,199,0,2020,1012787.0,0.0,0.662925,-0.21661999999999998,SAU,SOM,0
2900382,188,199,0,2007,1162767.0,0.0,0.367463,-0.8603709999999999,SAU,SOM,0
2900383,188,199,0,2009,2046062.0,0.0,0.300581,-0.813199,SAU,SOM,0
2900384,188,199,0,2010,2128536.0,0.0,0.46696400000000005,-0.7487520000000001,SAU,SOM,0
2900385,188,199,0,2012,1978936.0,25559.0,0.42235200000000006,-0.818584,SAU,SOM,0
2900386,188,199,0,2017,1968410.0,0.0,0.597716,-0.345049,SAU,SOM,0
2900387,188,199,0,2018,1986210.0,4729.0,0.5801810000000001,-0.447514,SAU,SOM,0
2900388,188,199,0,2019,184037.0,0.0,0.787798,-0.41350600000000004,SAU,SOM,0
2900389,188,199,0,1995,1592544.0,23780.0,0.401573,-0.6676529999999999,SAU,SOM,0
2900390,188,199,0,1996,780274.0,24445.0,0.215265,-0.8577309999999999,SAU,SOM,0
2900391,188,199,0,1998,641046.0,34716.0,0.521849,-0.7550899999999999,SAU,SOM,0
2900392,188,199,0,1999,0.0,38332.0,0.553028,-0.527401,SAU,SOM,0
2900393,188,199,0,2002,1337869.0,0.0,0.082107,-0.843317,SAU,SOM,0
2900394,188,199,0,2003,1089443.0,90312.0,0.202286,-0.714691,SAU,SOM,0
2900395,188,199,0,2004,2165069.0,0.0,0.546196,-0.7014729999999999,SAU,SOM,0
2900396,188,199,0,2001,756801.0,0.0,0.5370550000000001,-0.793469,SAU,SOM,0
2900397,190,199,0,2007,0.0,7195.0,-1.978359,-1.316172,SDN,SOM,0
2900398,190,199,0,1998,0.0,7495.0,-1.034858,-1.089854,SDN,SOM,0
2900399,191,199,0,2018,0.0,5008.0,-0.751378,-0.390573,SEN,SOM,0
2900400,192,199,0,2008,12993.0,0.0,1.844543,0.5947020000000001,SGP,SOM,0
2900401,192,199,0,2019,0.0,1616.0,2.0264599999999997,0.665506,SGP,SOM,0
2900402,206,199,0,2020,10052.0,0.0,1.338026,0.825268,SVK,SOM,0
2900403,206,199,0,1997,0.0,241675.0,1.200699,1.318346,SVK,SOM,0
2900404,207,199,0,2018,0.0,154097.0,1.67428,0.7703800000000001,SVN,SOM,0
2900405,207,199,0,2019,2101.0,138102.0,1.63711,0.803198,SVN,SOM,0
2900406,207,199,0,1999,0.0,3360.0,1.447589,1.284414,SVN,SOM,0
2900407,207,199,0,2016,1837.0,113013.0,1.6466720000000001,0.8247680000000001,SVN,SOM,0
2900408,207,199,0,2017,0.0,168150.0,1.600319,0.854305,SVN,SOM,0
2900409,208,199,0,1997,94020.0,0.0,2.120182,0.993078,SWE,SOM,0
2900410,208,199,0,2007,50693.0,0.0,1.927244,0.498241,SWE,SOM,0
2900411,208,199,0,2008,204971.0,0.0,1.866575,0.44342700000000007,SWE,SOM,0
2900412,208,199,0,2009,224744.0,0.0,1.877821,0.336565,SWE,SOM,0
2900413,208,199,0,2011,253761.0,0.0,1.857146,0.366159,SWE,SOM,0
2900414,208,199,0,2012,242260.0,0.0,1.78062,0.269041,SWE,SOM,0
2900415,208,199,0,2013,403127.0,0.0,1.869421,0.228109,SWE,SOM,0
2900416,208,199,0,2014,402776.0,0.0,1.817752,0.558474,SWE,SOM,0
2900417,208,199,0,2015,452223.0,0.0,1.8068349999999997,0.693389,SWE,SOM,0
2900418,208,199,0,2016,535441.0,0.0,1.785149,0.767444,SWE,SOM,0
2900419,208,199,0,2017,326238.0,0.0,1.764732,0.732646,SWE,SOM,0
2900420,208,199,0,2018,184704.0,0.0,1.76361,0.766904,SWE,SOM,0
2900421,208,199,0,2019,261958.0,0.0,1.781148,0.742037,SWE,SOM,0
2900422,208,199,0,2020,126142.0,0.0,1.6911310000000002,0.791586,SWE,SOM,0
2900423,208,199,0,2002,17139.0,0.0,2.128614,0.7891199999999999,SWE,SOM,0
2900424,208,199,0,2006,18215.0,0.0,1.902737,0.593294,SWE,SOM,0
2900425,208,199,0,2010,303400.0,0.0,1.882239,0.397927,SWE,SOM,0
2900426,208,199,0,1995,15159.0,0.0,2.246997,1.060171,SWE,SOM,0
2900427,212,199,0,2010,476856.0,0.0,-0.46833800000000003,1.11952,SYR,SOM,0
2900428,212,199,0,2009,724500.0,0.0,-0.48481199999999997,1.464509,SYR,SOM,0
2900429,212,199,0,2007,732278.0,0.0,-0.46851899999999996,0.553396,SYR,SOM,0
2900430,212,199,0,2008,233546.0,0.0,-0.365789,0.877383,SYR,SOM,0
2900431,212,199,0,2005,200933.0,0.0,-0.677037,0.107451,SYR,SOM,0
2900432,212,199,0,2006,1161262.0,0.0,-0.588695,0.532487,SYR,SOM,0
2900433,216,199,0,1995,477508.0,0.0,0.174522,1.608058,THA,SOM,0
2900434,216,199,0,1996,952835.0,0.0,0.10120599999999999,1.351967,THA,SOM,0
2900435,216,199,0,1997,1264193.0,0.0,0.084875,1.41931,THA,SOM,0
2900436,216,199,0,1998,982072.0,0.0,0.128633,1.484142,THA,SOM,0
2900437,216,199,0,1999,884916.0,0.0,0.20451,1.513533,THA,SOM,0
2900438,216,199,0,2000,129252.0,0.0,0.301195,1.577338,THA,SOM,0
2900439,216,199,0,2001,155588.0,0.0,0.37555900000000003,1.498267,THA,SOM,0
2900440,216,199,0,2002,13033.0,0.0,0.432041,1.627953,THA,SOM,0
2900441,216,199,0,2003,105169.0,0.0,0.43010699999999996,1.607408,THA,SOM,0
2900442,216,199,0,2004,53166.0,0.0,0.5150359999999999,1.583019,THA,SOM,0
2900443,216,199,0,2006,79069.0,0.0,0.568209,1.685343,THA,SOM,0
2900444,216,199,0,2007,164718.0,0.0,0.711328,1.411114,THA,SOM,0
2900445,216,199,0,2008,144530.0,0.0,0.7531399999999999,1.4420620000000002,THA,SOM,0
2900446,216,199,0,2009,467814.0,0.0,0.79692,1.315501,THA,SOM,0
2900447,216,199,0,2010,754043.0,0.0,0.748328,1.425224,THA,SOM,0
2900448,216,199,0,2011,694955.0,0.0,0.889009,1.503118,THA,SOM,0
2900449,216,199,0,2012,845065.0,0.0,0.910957,1.294243,THA,SOM,0
2900450,216,199,0,2013,707107.0,0.0,0.8752139999999999,1.3798620000000001,THA,SOM,0
2900451,216,199,0,2014,327564.0,0.0,0.977094,1.41283,THA,SOM,0
2900452,216,199,0,2015,205292.0,0.0,0.965888,1.368572,THA,SOM,0
2900453,216,199,0,2016,419804.0,0.0,1.022065,1.428082,THA,SOM,0
2900454,216,199,0,2017,391555.0,0.0,0.983977,1.3926020000000001,THA,SOM,0
2900455,216,199,0,2018,340362.0,0.0,1.053177,1.4084969999999999,THA,SOM,0
2900456,216,199,0,2019,150154.0,0.0,0.9744229999999999,1.401199,THA,SOM,0
2900457,216,199,0,2020,93749.0,0.0,1.035524,1.2777180000000001,THA,SOM,0
2900458,223,199,0,2000,0.0,1931.0,-0.188616,0.044912,TUN,SOM,0
2900459,224,199,0,2005,24539.0,103063.0,0.226487,2.210279,TUR,SOM,0
2900460,224,199,0,2007,199882.0,24375.0,0.41396700000000003,2.0339869999999998,TUR,SOM,0
2900461,224,199,0,2008,73039.0,11557.0,0.44478,2.186881,TUR,SOM,0
2900462,224,199,0,2009,4596.0,0.0,0.384596,2.3797610000000002,TUR,SOM,0
2900463,224,199,0,2010,102880.0,0.0,0.359977,2.471173,TUR,SOM,0
2900464,224,199,0,2011,6087679.0,0.0,0.45775,2.4316259999999996,TUR,SOM,0
2900465,224,199,0,2012,7692020.0,0.0,0.507184,2.259161,TUR,SOM,0
2900466,224,199,0,2013,3584311.0,0.0,0.42932299999999995,2.690235,TUR,SOM,0
2900467,224,199,0,2014,6002722.0,0.0,0.554761,2.385693,TUR,SOM,0
2900468,224,199,0,2015,7775512.0,0.0,0.438669,2.519632,TUR,SOM,0
2900469,224,199,0,2016,8215772.0,0.0,0.45364799999999994,2.478837,TUR,SOM,0
2900470,224,199,0,2017,10488994.0,0.0,0.541611,2.405872,TUR,SOM,0
2900471,224,199,0,2018,12585263.0,0.0,0.518721,2.5581419999999997,TUR,SOM,0
2900472,224,199,0,2019,21052536.0,0.0,0.569408,2.364546,TUR,SOM,0
2900473,224,199,0,2020,22754390.0,0.0,0.590472,2.619866,TUR,SOM,0
2900474,224,199,0,2006,82551.0,65552.0,0.33971599999999996,2.193384,TUR,SOM,0
2900475,224,199,0,1997,0.0,2099.0,0.167734,1.5827870000000002,TUR,SOM,0
2900476,224,199,0,1998,0.0,4593.0,0.085286,1.653589,TUR,SOM,0
2900477,224,199,0,1995,12000.0,0.0,0.166794,1.209066,TUR,SOM,0
2900478,224,199,0,2004,0.0,8757.0,0.141454,1.9463599999999999,TUR,SOM,0
2900479,226,199,0,2019,260680.0,0.0,-0.907172,0.37293899999999996,TZA,SOM,0
2900480,226,199,0,1998,485267.0,0.0,-0.972823,-0.428149,TZA,SOM,0
2900481,226,199,0,2000,1962.0,0.0,-1.278362,-0.615536,TZA,SOM,0
2900482,226,199,0,2006,4713.0,0.0,-0.953097,0.159129,TZA,SOM,0
2900483,226,199,0,2010,156659.0,0.0,-0.7327,0.427616,TZA,SOM,0
2900484,226,199,0,2011,189118.0,0.0,-0.751316,0.286505,TZA,SOM,0
2900485,226,199,0,2013,3053.0,0.0,-0.9306770000000001,0.273489,TZA,SOM,0
2900486,226,199,0,2017,593686.0,0.0,-1.0691709999999999,0.11636800000000001,TZA,SOM,0
2900487,226,199,0,2020,229239.0,0.0,-1.024,-0.023909,TZA,SOM,0
2900488,227,199,0,2010,636723.0,0.0,-0.48061400000000004,0.187001,UGA,SOM,0
2900489,227,199,0,2012,1070777.0,0.0,-0.484868,0.153507,UGA,SOM,0
2900490,227,199,0,2013,7503.0,0.0,-0.5462279999999999,0.200682,UGA,SOM,0
2900491,227,199,0,2014,437256.0,0.0,-0.46911800000000003,0.25446599999999997,UGA,SOM,0
2900492,227,199,0,2015,314608.0,0.0,-0.611023,0.078961,UGA,SOM,0
2900493,227,199,0,2017,119004.0,0.0,-0.6831020000000001,-0.046838,UGA,SOM,0
2900494,227,199,0,2008,334450.0,0.0,-0.653885,-0.035455,UGA,SOM,0
2900495,227,199,0,2011,47259.0,0.0,-0.7153,-0.062678,UGA,SOM,0
2900496,227,199,0,2016,3066.0,0.0,-0.37745300000000004,0.525303,UGA,SOM,0
2900497,228,199,0,2012,1271.0,0.0,0.590001,0.8422069999999999,UKR,SOM,0
2900498,228,199,0,2015,7615.0,0.0,0.429879,0.701813,UKR,SOM,0
2900499,228,199,0,2016,119827.0,0.0,0.406901,0.637051,UKR,SOM,0
2900500,228,199,0,2017,181652.0,0.0,0.461109,0.7826569999999999,UKR,SOM,0
2900501,228,199,0,2018,178688.0,0.0,0.337296,0.758675,UKR,SOM,0
2900502,228,199,0,2019,344836.0,0.0,0.303802,0.5650270000000001,UKR,SOM,0
2900503,228,199,0,2020,105734.0,0.0,0.383736,0.531328,UKR,SOM,0
2900504,231,199,0,1995,354701.0,0.0,1.771648,1.184,USA,SOM,0
2900505,231,199,0,1996,1171269.0,24068.0,1.7110560000000001,1.125141,USA,SOM,0
2900506,231,199,0,1997,915698.0,26301.0,1.823511,0.888084,USA,SOM,0
2900507,231,199,0,1998,179780.0,33279.0,1.8223639999999999,0.761336,USA,SOM,0
2900508,231,199,0,1999,230863.0,44028.0,1.8755119999999998,0.5350729999999999,USA,SOM,0
2900509,231,199,0,2000,3520.0,25967.0,1.8549650000000002,0.226992,USA,SOM,0
2900510,231,199,0,2001,453736.0,59714.0,1.873674,0.168468,USA,SOM,0
2900511,231,199,0,2002,354413.0,2973.0,1.821594,0.231296,USA,SOM,0
2900512,231,199,0,2003,233682.0,0.0,1.7789220000000001,0.064028,USA,SOM,0
2900513,231,199,0,2004,308988.0,173668.0,1.7598630000000002,0.066704,USA,SOM,0
2900514,231,199,0,2005,34598.0,65816.0,1.718086,-0.34564,USA,SOM,0
2900515,231,199,0,2006,83600.0,1332.0,1.666643,-0.121679,USA,SOM,0
2900516,231,199,0,2007,808480.0,17201.0,1.612165,0.0922,USA,SOM,0
2900517,231,199,0,2008,20338.0,11170.0,1.584278,-0.209788,USA,SOM,0
2900518,231,199,0,2009,0.0,33627.0,1.657663,-0.41411400000000004,USA,SOM,0
2900519,231,199,0,2010,18933.0,0.0,1.67573,-0.598165,USA,SOM,0
2900520,231,199,0,2011,245420.0,23172.0,1.6884849999999998,-0.474499,USA,SOM,0
2900521,231,199,0,2012,1735468.0,45250.0,1.628377,-0.601941,USA,SOM,0
2900522,231,199,0,2013,332248.0,183768.0,1.6639689999999998,-0.48651300000000003,USA,SOM,0
2900523,231,199,0,2014,1551409.0,6526.0,1.61227,0.068905,USA,SOM,0
2900524,231,199,0,2015,2933077.0,6402.0,1.720478,-0.129322,USA,SOM,0
2900525,231,199,0,2016,1876439.0,4086.0,1.685329,0.297536,USA,SOM,0
2900526,231,199,0,2017,640110.0,0.0,1.601478,0.277271,USA,SOM,0
2900527,231,199,0,2018,542545.0,11857.0,1.585861,0.44815900000000003,USA,SOM,0
2900528,231,199,0,2019,1867141.0,4412.0,1.606808,0.3232,USA,SOM,0
2900529,231,199,0,2020,1607495.0,20137.0,1.588148,0.380904,USA,SOM,0
2900530,239,199,0,2003,51755.0,0.0,-0.633985,0.659696,VNM,SOM,0
2900531,239,199,0,2006,0.0,5705.0,-0.342779,1.033318,VNM,SOM,0
2900532,239,199,0,2007,524082.0,0.0,-0.335613,1.048849,VNM,SOM,0
2900533,243,199,0,2004,34279.0,233584.0,-1.15115,-1.207897,YEM,SOM,0
2900534,243,199,0,2005,56411.0,0.0,-1.214267,-1.2094719999999999,YEM,SOM,0
2900535,243,199,0,2006,51531.0,0.0,-1.0407110000000002,-1.13042,YEM,SOM,0
2900536,243,199,0,2008,761465.0,0.0,-1.227495,-1.191462,YEM,SOM,0
2900537,243,199,0,2009,1272304.0,0.0,-0.845426,-1.119091,YEM,SOM,0
2900538,243,199,0,2010,2266860.0,0.0,-1.360851,-1.208826,YEM,SOM,0
2900539,243,199,0,2013,461366.0,0.0,-1.252605,-1.207324,YEM,SOM,0
2900540,243,199,0,2007,2063656.0,0.0,-1.2624600000000001,-1.2131290000000001,YEM,SOM,0
2900541,243,199,0,2011,2304112.0,0.0,-1.44127,-1.242875,YEM,SOM,0
2900542,243,199,0,2012,997997.0,0.0,-1.277216,-1.2331590000000001,YEM,SOM,0
2900543,243,199,0,2014,541104.0,0.0,-1.2829190000000001,-1.227373,YEM,SOM,0
2900544,243,199,0,2015,108252.0,0.0,-1.048632,-1.10843,YEM,SOM,0
2900545,246,199,0,2003,5670.0,20349.0,0.477987,2.255395,ZAF,SOM,0
2900546,246,199,0,2005,10543.0,0.0,0.484464,1.65903,ZAF,SOM,0
2900547,246,199,0,2020,651980.0,0.0,0.042099,0.923931,ZAF,SOM,0
2900548,246,199,0,2008,14728.0,0.0,0.22551500000000002,1.185506,ZAF,SOM,0
2900549,246,199,0,2009,134124.0,0.0,0.316452,1.767795,ZAF,SOM,0
2900550,246,199,0,2010,5203.0,0.0,0.327326,1.513598,ZAF,SOM,0
2900551,246,199,0,2011,1140.0,0.0,0.241792,1.353011,ZAF,SOM,0
2900552,246,199,0,2012,41051.0,0.0,0.284069,1.730991,ZAF,SOM,0
2900553,246,199,0,2017,628833.0,0.0,0.2066,1.378591,ZAF,SOM,0
2900554,246,199,0,2018,887316.0,0.0,0.158722,1.394829,ZAF,SOM,0
2900555,246,199,0,2019,573701.0,0.0,0.129921,1.101027,ZAF,SOM,0
2900556,246,199,0,2014,262419.0,0.0,0.282927,1.723214,ZAF,SOM,0
2900557,246,199,0,2015,63745.0,0.0,0.24944699999999997,1.7573159999999999,ZAF,SOM,0
2900558,246,199,0,2013,33117.0,0.0,0.380284,1.5682120000000002,ZAF,SOM,0
2900559,246,199,0,2016,1724082.0,0.0,0.187396,1.46169,ZAF,SOM,0
2900560,249,199,0,2007,2436.0,3706.0,1.651607,0.974649,TWN,SOM,0
2900561,249,199,0,2011,19182.0,0.0,1.803234,0.921233,TWN,SOM,0
2900562,249,199,0,2012,3315.0,0.0,1.6528,0.9437409999999999,TWN,SOM,0
2900563,249,199,0,2013,5221.0,0.0,1.843186,0.9432379999999999,TWN,SOM,0
2900564,249,199,0,2015,306760.0,0.0,1.962832,1.214982,TWN,SOM,0
2900565,249,199,0,2017,658448.0,0.0,2.0548290000000002,1.2552969999999999,TWN,SOM,0
2900566,249,199,0,2018,503398.0,0.0,2.0462540000000002,1.166636,TWN,SOM,0
2900567,249,199,0,2020,55953.0,0.0,2.0517060000000003,1.205431,TWN,SOM,0
2900568,7,240,0,2016,0.0,119895.0,0.11037999999999999,0.045327,ARE,VUT,0
2900569,7,240,0,2017,16378.0,0.0,0.210477,0.02557,ARE,VUT,0
2900570,7,240,0,2013,119049.0,0.0,-0.074047,-0.585168,ARE,VUT,0
2900571,7,240,0,2014,10324.0,168443.0,0.087775,-0.289459,ARE,VUT,0
2900572,7,240,0,2015,14794.0,82694.0,0.21779600000000002,-0.0047420000000000006,ARE,VUT,0
2900573,7,240,0,2005,0.0,344883.0,0.11526600000000001,-0.393171,ARE,VUT,0
2900574,13,240,0,2013,1509.0,0.0,0.096563,-0.60577,ATG,VUT,0
2900575,14,240,0,2005,1195739.0,1418.0,0.18443099999999998,0.489043,AUS,VUT,0
2900576,14,240,0,2001,862479.0,6236.0,0.29463,0.772375,AUS,VUT,0
2900577,14,240,0,2004,1029165.0,47256.0,0.196641,0.8139460000000001,AUS,VUT,0
2900578,14,240,0,1995,910255.0,13307.0,0.44442,0.789292,AUS,VUT,0
2900579,14,240,0,1996,1264170.0,12120.0,0.369697,0.78069,AUS,VUT,0
2900580,14,240,0,1997,1020051.0,1707.0,0.428555,0.798283,AUS,VUT,0
2900581,14,240,0,1998,930254.0,1356.0,0.375317,0.8864629999999999,AUS,VUT,0
2900582,14,240,0,2003,850112.0,4558.0,0.316879,0.9409489999999999,AUS,VUT,0
2900583,14,240,0,2006,1909988.0,38794.0,0.067166,0.373148,AUS,VUT,0
2900584,14,240,0,2007,2887160.0,9991.0,0.137686,0.451592,AUS,VUT,0
2900585,14,240,0,2008,2348762.0,80703.0,-0.171801,-0.012588,AUS,VUT,0
2900586,14,240,0,2009,2398442.0,73205.0,-0.109286,0.13586900000000002,AUS,VUT,0
2900587,14,240,0,2010,2654001.0,3423.0,-0.276442,0.062023,AUS,VUT,0
2900588,14,240,0,2011,2557515.0,1959.0,-0.138148,0.002999,AUS,VUT,0
2900589,14,240,0,2012,2035934.0,51707.0,-0.352742,-0.145405,AUS,VUT,0
2900590,14,240,0,2013,2161908.0,2308.0,-0.31145700000000004,-0.167628,AUS,VUT,0
2900591,14,240,0,2014,1675440.0,41622.0,-0.398273,-0.17128,AUS,VUT,0
2900592,14,240,0,2015,1430327.0,2581.0,-0.292325,-0.043489,AUS,VUT,0
2900593,14,240,0,2016,2007053.0,0.0,-0.25955300000000003,0.0011070000000000001,AUS,VUT,0
2900594,14,240,0,2017,2358358.0,4853.0,-0.42427200000000004,-0.152921,AUS,VUT,0
2900595,14,240,0,2018,2090749.0,0.0,-0.29687199999999997,-0.123116,AUS,VUT,0
2900596,14,240,0,2019,1843866.0,34218.0,-0.294558,-0.180198,AUS,VUT,0
2900597,14,240,0,2020,980021.0,17660.0,-0.32910500000000004,-0.232963,AUS,VUT,0
2900598,14,240,0,1999,1553286.0,16219.0,0.357101,0.8857879999999999,AUS,VUT,0
2900599,14,240,0,2002,810384.0,8852.0,0.231386,0.771628,AUS,VUT,0
2900600,14,240,0,2000,1103605.0,35887.0,0.279804,0.9355540000000001,AUS,VUT,0
2900601,18,240,0,1998,0.0,15606.0,1.4740739999999999,1.2530430000000001,BEL,VUT,0
2900602,18,240,0,2001,2356.0,0.0,1.4328370000000001,1.408495,BEL,VUT,0
2900603,18,240,0,2006,0.0,7980.0,1.2222540000000002,1.383027,BEL,VUT,0
2900604,18,240,0,2007,22373.0,1529.0,1.2880479999999999,1.145724,BEL,VUT,0
2900605,18,240,0,2008,0.0,5573.0,1.297416,0.9716549999999999,BEL,VUT,0
2900606,18,240,0,2009,0.0,7814.0,1.272011,1.074548,BEL,VUT,0
2900607,18,240,0,2011,3727.0,0.0,1.221703,1.247961,BEL,VUT,0
2900608,18,240,0,2014,43022.0,0.0,1.234156,1.226441,BEL,VUT,0
2900609,18,240,0,2016,4605.0,0.0,1.3102610000000001,1.214573,BEL,VUT,0
2900610,21,240,0,2013,2790.0,5810043.0,-0.9110360000000001,-0.852492,BFA,VUT,0
2900611,22,240,0,2000,0.0,46875.0,-1.037212,-0.964965,BGD,VUT,0
2900612,22,240,0,2008,118640.0,0.0,-0.852774,-0.766779,BGD,VUT,0
2900613,22,240,0,2010,155573.0,0.0,-0.974526,-0.76566,BGD,VUT,0
2900614,22,240,0,2011,132974.0,0.0,-1.074416,-0.8276370000000001,BGD,VUT,0
2900615,22,240,0,2012,302794.0,0.0,-0.8932610000000001,-0.762658,BGD,VUT,0
2900616,22,240,0,2013,116864.0,0.0,-1.101916,-0.734646,BGD,VUT,0
2900617,22,240,0,2015,192186.0,0.0,-1.088465,-0.8745360000000001,BGD,VUT,0
2900618,32,240,0,2010,10221.0,0.0,0.40715500000000004,0.6208100000000001,BRA,VUT,0
2900619,32,240,0,2017,1861.0,0.0,0.145224,0.483461,BRA,VUT,0
2900620,32,240,0,2018,3950.0,0.0,0.143397,0.582092,BRA,VUT,0
2900621,32,240,0,2019,4188.0,0.0,0.076947,0.660604,BRA,VUT,0
2900622,32,240,0,2020,2041.0,0.0,0.054622000000000004,0.532291,BRA,VUT,0
2900623,39,240,0,2004,75321.0,0.0,0.9392739999999999,1.19228,CAN,VUT,0
2900624,39,240,0,2006,1083.0,1136.0,0.865685,1.1480489999999999,CAN,VUT,0
2900625,39,240,0,2009,424661.0,0.0,0.6778069999999999,1.278402,CAN,VUT,0
2900626,39,240,0,2010,136558.0,0.0,0.752421,1.2208510000000001,CAN,VUT,0
2900627,39,240,0,2011,36696.0,0.0,0.754813,1.1967290000000002,CAN,VUT,0
2900628,39,240,0,2013,21677.0,0.0,0.719649,1.017046,CAN,VUT,0
2900629,39,240,0,2014,2447.0,1344.0,0.671395,1.024683,CAN,VUT,0
2900630,39,240,0,2016,0.0,116565.0,0.6579050000000001,1.12259,CAN,VUT,0
2900631,39,240,0,2017,45600.0,3194.0,0.73897,1.206402,CAN,VUT,0
2900632,41,240,0,2010,650.0,0.0,2.1492080000000002,0.556424,CHE,VUT,0
2900633,41,240,0,2011,4125.0,0.0,2.2644029999999997,0.406131,CHE,VUT,0
2900634,41,240,0,2014,1181.0,0.0,2.2000919999999997,0.65398,CHE,VUT,0
2900635,41,240,0,2019,49028.0,0.0,2.1990849999999997,0.8394229999999999,CHE,VUT,0
2900636,42,240,0,2017,0.0,31749.0,-0.378693,-0.492983,CHL,VUT,0
2900637,42,240,0,2018,0.0,126796.0,-0.37677,-0.49605299999999997,CHL,VUT,0
2900638,43,240,0,1995,406593.0,0.0,0.387897,3.2147919999999996,CHN,VUT,0
2900639,43,240,0,1996,63635.0,0.0,0.404422,3.061344,CHN,VUT,0
2900640,43,240,0,1997,110772.0,0.0,0.36051300000000003,3.287322,CHN,VUT,0
2900641,43,240,0,1998,146199.0,0.0,0.3658,3.231258,CHN,VUT,0
2900642,43,240,0,1999,142261.0,0.0,0.386094,3.270089,CHN,VUT,0
2900643,43,240,0,2000,290576.0,0.0,0.478362,3.156111,CHN,VUT,0
2900644,43,240,0,2001,204729.0,0.0,0.525171,3.092963,CHN,VUT,0
2900645,43,240,0,2002,277490.0,0.0,0.576746,2.7995520000000003,CHN,VUT,0
2900646,43,240,0,2003,287537.0,0.0,0.579431,2.773139,CHN,VUT,0
2900647,43,240,0,2004,709997.0,0.0,0.581548,2.8689880000000003,CHN,VUT,0
2900648,43,240,0,2005,869794.0,0.0,0.608256,2.8242220000000002,CHN,VUT,0
2900649,43,240,0,2007,2870253.0,0.0,0.801547,2.321052,CHN,VUT,0
2900650,43,240,0,2008,1500044.0,2158.0,0.929285,1.8917259999999998,CHN,VUT,0
2900651,43,240,0,2009,2227837.0,0.0,0.898623,2.08703,CHN,VUT,0
2900652,43,240,0,2010,2429030.0,0.0,0.922493,2.0176,CHN,VUT,0
2900653,43,240,0,2011,4847721.0,0.0,1.072299,1.686826,CHN,VUT,0
2900654,43,240,0,2012,4988077.0,0.0,1.095682,1.354837,CHN,VUT,0
2900655,43,240,0,2013,1409132.0,0.0,1.113767,1.477496,CHN,VUT,0
2900656,43,240,0,2014,3430209.0,0.0,1.187557,1.222085,CHN,VUT,0
2900657,43,240,0,2015,11027593.0,0.0,1.077143,1.735757,CHN,VUT,0
2900658,43,240,0,2016,9909814.0,0.0,1.1073620000000002,1.723098,CHN,VUT,0
2900659,43,240,0,2017,8636389.0,0.0,1.1127790000000002,1.56869,CHN,VUT,0
2900660,43,240,0,2018,9337608.0,0.0,1.200689,1.2822,CHN,VUT,0
2900661,43,240,0,2019,13046384.0,0.0,1.196265,1.2258870000000002,CHN,VUT,0
2900662,43,240,0,2020,13689079.0,0.0,1.187837,1.2237770000000001,CHN,VUT,0
2900663,43,240,0,2006,1965327.0,0.0,0.737888,2.54966,CHN,VUT,0
2900664,44,240,0,2019,19201.0,0.0,-0.9916719999999999,-0.960625,CIV,VUT,0
2900665,59,240,0,2018,1820.0,0.0,1.841016,0.220806,CZE,VUT,0
2900666,59,240,0,2020,36859.0,0.0,1.716646,0.602441,CZE,VUT,0
2900667,61,240,0,1995,0.0,14400.0,2.325385,-2.2238189999999998,DEU,VUT,0
2900668,61,240,0,1996,3326.0,4791.0,2.279976,-2.572299,DEU,VUT,0
2900669,61,240,0,1997,0.0,12005.0,2.293936,-2.2301919999999997,DEU,VUT,0
2900670,61,240,0,1998,6006.0,12000.0,2.334028,-2.417278,DEU,VUT,0
2900671,61,240,0,1999,47125.0,16988.0,2.334811,-2.060502,DEU,VUT,0
2900672,61,240,0,2000,23046.0,28858.0,2.316177,-2.4478419999999996,DEU,VUT,0
2900673,61,240,0,2001,24000.0,0.0,2.321375,-2.1110990000000003,DEU,VUT,0
2900674,61,240,0,2002,48000.0,3207.0,2.297691,-2.183239,DEU,VUT,0
2900675,61,240,0,2003,7020.0,6434.0,2.2821919999999998,-2.0985150000000004,DEU,VUT,0
2900676,61,240,0,2004,13044.0,8007.0,2.266076,-2.011139,DEU,VUT,0
2900677,61,240,0,2005,8000.0,8837.0,2.172479,-2.446472,DEU,VUT,0
2900678,61,240,0,2006,3211.0,22544.0,2.132566,-2.773669,DEU,VUT,0
2900679,61,240,0,2007,0.0,3639.0,2.114566,-2.934732,DEU,VUT,0
2900680,61,240,0,2008,5826.0,15886.0,2.007167,-3.256961,DEU,VUT,0
2900681,61,240,0,2009,13130.0,64305.0,2.056515,-3.034837,DEU,VUT,0
2900682,61,240,0,2010,5076.0,9187.0,2.035672,-3.383322,DEU,VUT,0
2900683,61,240,0,2011,5694.0,17440.0,2.074435,-3.440815,DEU,VUT,0
2900684,61,240,0,2012,0.0,47256.0,1.966247,-3.3238410000000003,DEU,VUT,0
2900685,61,240,0,2013,53055.0,17567.0,2.093658,-3.4281980000000005,DEU,VUT,0
2900686,61,240,0,2014,43275.0,10566.0,2.052849,-2.888805,DEU,VUT,0
2900687,61,240,0,2015,87192.0,0.0,2.203818,-2.307561,DEU,VUT,0
2900688,61,240,0,2016,74728.0,0.0,2.203093,-2.24919,DEU,VUT,0
2900689,61,240,0,2017,108962.0,0.0,2.1149459999999998,-2.525372,DEU,VUT,0
2900690,61,240,0,2018,11918.0,0.0,2.109059,-2.428826,DEU,VUT,0
2900691,61,240,0,2019,5411.0,0.0,2.078626,-2.124816,DEU,VUT,0
2900692,61,240,0,2020,1150.0,0.0,2.027494,-2.3646689999999997,DEU,VUT,0
2900693,64,240,0,2007,2458.0,0.0,1.204019,1.122666,DNK,VUT,0
2900694,64,240,0,2010,10042.0,0.0,1.082468,1.280759,DNK,VUT,0
2900695,64,240,0,2011,88567.0,0.0,1.156026,1.2248299999999999,DNK,VUT,0
2900696,71,240,0,1996,56161.0,0.0,1.105317,1.9473,ESP,VUT,0
2900697,71,240,0,2006,0.0,7128.0,0.9091370000000001,2.068166,ESP,VUT,0
2900698,71,240,0,2007,29639.0,0.0,0.914681,2.027797,ESP,VUT,0
2900699,71,240,0,2009,1068.0,0.0,0.9021020000000001,2.170578,ESP,VUT,0
2900700,71,240,0,2010,12729.0,0.0,0.832619,2.448009,ESP,VUT,0
2900701,71,240,0,2011,41743.0,0.0,0.8677290000000001,2.4618450000000003,ESP,VUT,0
2900702,71,240,0,2012,5632.0,0.0,0.8528309999999999,2.462809,ESP,VUT,0
2900703,71,240,0,2013,1956.0,0.0,0.861698,2.353993,ESP,VUT,0
2900704,71,240,0,2014,6180.0,40343.0,0.842147,2.45692,ESP,VUT,0
2900705,71,240,0,2015,41236.0,0.0,0.8173590000000001,2.442556,ESP,VUT,0
2900706,71,240,0,2016,47723.0,0.0,0.765428,2.57725,ESP,VUT,0
2900707,71,240,0,2017,35099.0,0.0,0.734342,2.8180099999999997,ESP,VUT,0
2900708,72,240,0,2002,1235.0,0.0,0.54511,0.9135979999999999,EST,VUT,0
2900709,75,240,0,2000,1144620.0,0.0,-0.804605,-0.21037899999999998,FJI,VUT,0
2900710,75,240,0,2006,514345.0,0.0,-0.6554949999999999,-0.098284,FJI,VUT,0
2900711,75,240,0,2014,1221334.0,2973.0,-0.306346,-0.07688500000000001,FJI,VUT,0
2900712,75,240,0,2005,382379.0,0.0,-0.649999,-0.189992,FJI,VUT,0
2900713,75,240,0,2007,757602.0,0.0,-0.506992,0.033250999999999996,FJI,VUT,0
2900714,75,240,0,2008,598048.0,23612.0,-0.756592,-0.27005,FJI,VUT,0
2900715,75,240,0,2009,893058.0,0.0,-0.785772,-0.305228,FJI,VUT,0
2900716,75,240,0,2010,1195412.0,6948.0,-0.603112,-0.29135500000000003,FJI,VUT,0
2900717,75,240,0,2011,1228173.0,7883.0,-0.434356,-0.010863,FJI,VUT,0
2900718,75,240,0,2012,996911.0,0.0,-0.315227,0.118598,FJI,VUT,0
2900719,75,240,0,2013,1385427.0,2696.0,-0.5203369999999999,-0.122405,FJI,VUT,0
2900720,75,240,0,2015,1140843.0,1579.0,-0.481968,-0.201468,FJI,VUT,0
2900721,75,240,0,2016,3248631.0,118597.0,-0.27171999999999996,0.172933,FJI,VUT,0
2900722,75,240,0,2017,1549481.0,2694.0,-0.278276,-0.033997,FJI,VUT,0
2900723,75,240,0,2018,1602146.0,1034.0,-0.269185,0.006362,FJI,VUT,0
2900724,75,240,0,2019,1307051.0,2714.0,-0.274278,-0.049333,FJI,VUT,0
2900725,75,240,0,2020,1012745.0,0.0,-0.184167,-0.081888,FJI,VUT,0
2900726,75,240,0,2002,259484.0,4257.0,-0.588136,-0.242883,FJI,VUT,0
2900727,75,240,0,2003,234535.0,0.0,-0.6865640000000001,-0.326977,FJI,VUT,0
2900728,75,240,0,2004,330644.0,0.0,-0.8870969999999999,-0.287427,FJI,VUT,0
2900729,77,240,0,1995,70201.0,0.0,1.768484,0.765537,FRA,VUT,0
2900730,77,240,0,1996,57464.0,29165.0,1.69082,0.721312,FRA,VUT,0
2900731,77,240,0,1997,30946.0,143414.0,1.69504,0.8278549999999999,FRA,VUT,0
2900732,77,240,0,1998,61110.0,0.0,1.707702,0.7784270000000001,FRA,VUT,0
2900733,77,240,0,1999,75007.0,0.0,1.72758,0.6619079999999999,FRA,VUT,0
2900734,77,240,0,2000,47172.0,15633.0,1.674971,0.47538100000000005,FRA,VUT,0
2900735,77,240,0,2001,12593.0,16480.0,1.653507,0.797582,FRA,VUT,0
2900736,77,240,0,2002,9565.0,19689.0,1.569367,0.9886360000000001,FRA,VUT,0
2900737,77,240,0,2003,12451.0,8171.0,1.606606,0.7394149999999999,FRA,VUT,0
2900738,77,240,0,2004,47259.0,11959.0,1.6003530000000001,0.643945,FRA,VUT,0
2900739,77,240,0,2005,48524.0,15075.0,1.505148,0.594409,FRA,VUT,0
2900740,77,240,0,2006,83679.0,41310.0,1.47591,0.489466,FRA,VUT,0
2900741,77,240,0,2007,114504.0,18018.0,1.4565350000000001,0.262845,FRA,VUT,0
2900742,77,240,0,2008,160787.0,17681.0,1.487702,-0.223965,FRA,VUT,0
2900743,77,240,0,2009,222575.0,2849.0,1.540346,0.090377,FRA,VUT,0
2900744,77,240,0,2010,108645.0,0.0,1.530027,-0.052557000000000006,FRA,VUT,0
2900745,77,240,0,2011,428435.0,11704.0,1.532054,0.09339299999999999,FRA,VUT,0
2900746,77,240,0,2012,183202.0,20536.0,1.425025,0.27534899999999995,FRA,VUT,0
2900747,77,240,0,2013,194120.0,0.0,1.520354,0.022874000000000002,FRA,VUT,0
2900748,77,240,0,2014,271598.0,0.0,1.4817790000000002,0.30995,FRA,VUT,0
2900749,77,240,0,2015,239535.0,0.0,1.479792,0.6490239999999999,FRA,VUT,0
2900750,77,240,0,2016,365415.0,12340.0,1.476437,0.911746,FRA,VUT,0
2900751,77,240,0,2017,133127.0,0.0,1.398427,0.894732,FRA,VUT,0
2900752,77,240,0,2018,77454.0,0.0,1.420819,0.7793770000000001,FRA,VUT,0
2900753,77,240,0,2019,93587.0,7412.0,1.380982,0.9510629999999999,FRA,VUT,0
2900754,77,240,0,2020,105312.0,0.0,1.341275,0.8991870000000001,FRA,VUT,0
2900755,81,240,0,1997,5911.0,0.0,1.886353,0.783832,GBR,VUT,0
2900756,81,240,0,1998,55972.0,0.0,1.906738,0.489101,GBR,VUT,0
2900757,81,240,0,1999,0.0,26966.0,1.9523830000000002,0.771455,GBR,VUT,0
2900758,81,240,0,2001,1046.0,0.0,1.976894,0.685435,GBR,VUT,0
2900759,81,240,0,2002,95756.0,0.0,1.893177,0.831382,GBR,VUT,0
2900760,81,240,0,2003,1552.0,0.0,1.8712540000000002,0.706205,GBR,VUT,0
2900761,81,240,0,2005,7138.0,0.0,1.805023,0.425654,GBR,VUT,0
2900762,81,240,0,2008,5879.0,0.0,1.7586119999999998,0.061214,GBR,VUT,0
2900763,81,240,0,2009,11689.0,0.0,1.7921779999999998,0.41211499999999995,GBR,VUT,0
2900764,81,240,0,2010,166414.0,0.0,1.828224,0.386383,GBR,VUT,0
2900765,81,240,0,2011,0.0,3948.0,1.8048220000000001,0.380141,GBR,VUT,0
2900766,81,240,0,2014,65140.0,0.0,1.697964,0.585372,GBR,VUT,0
2900767,81,240,0,2015,104371.0,0.0,1.7422990000000003,0.75838,GBR,VUT,0
2900768,81,240,0,2016,8514.0,6471.0,1.6974669999999998,0.9231299999999999,GBR,VUT,0
2900769,81,240,0,2017,8733.0,0.0,1.6883119999999998,0.8347469999999999,GBR,VUT,0
2900770,81,240,0,2018,41443.0,122540.0,1.693008,0.768159,GBR,VUT,0
2900771,81,240,0,2019,31279.0,7353.0,1.731106,0.717566,GBR,VUT,0
2900772,81,240,0,2020,1809.0,0.0,1.6459,0.7702640000000001,GBR,VUT,0
2900773,90,240,0,1996,1055.0,0.0,0.271386,1.042608,GRC,VUT,0
2900774,90,240,0,2016,2233.0,0.0,0.12153499999999999,1.126101,GRC,VUT,0
2900775,90,240,0,2015,11155.0,0.0,0.099027,1.012289,GRC,VUT,0
2900776,90,240,0,1995,19360.0,0.0,0.17369,0.885756,GRC,VUT,0
2900777,97,240,0,1995,1297946.0,0.0,0.5244449999999999,2.682738,HKG,VUT,0
2900778,97,240,0,1996,1246548.0,5609.0,0.54364,2.727659,HKG,VUT,0
2900779,97,240,0,1997,982582.0,0.0,0.521942,2.578405,HKG,VUT,0
2900780,97,240,0,1998,968508.0,0.0,0.46966099999999994,2.5744029999999998,HKG,VUT,0
2900781,97,240,0,1999,980684.0,0.0,0.387427,2.402434,HKG,VUT,0
2900782,97,240,0,2000,647248.0,0.0,0.416202,2.4793950000000002,HKG,VUT,0
2900783,97,240,0,2001,487342.0,0.0,0.521528,2.3025,HKG,VUT,0
2900784,97,240,0,2002,497956.0,0.0,0.5701109999999999,1.989357,HKG,VUT,0
2900785,97,240,0,2003,692785.0,0.0,0.494569,2.147062,HKG,VUT,0
2900786,97,240,0,2004,492431.0,0.0,0.604825,2.098745,HKG,VUT,0
2900787,97,240,0,2005,515113.0,0.0,0.5862149999999999,2.0303459999999998,HKG,VUT,0
2900788,97,240,0,2006,804644.0,0.0,0.5776319999999999,2.076782,HKG,VUT,0
2900789,97,240,0,2007,844597.0,0.0,0.639034,2.1086009999999997,HKG,VUT,0
2900790,97,240,0,2008,920778.0,0.0,0.74435,2.149616,HKG,VUT,0
2900791,97,240,0,2009,674054.0,0.0,0.654964,1.98672,HKG,VUT,0
2900792,97,240,0,2010,513955.0,18700.0,0.715745,1.9780259999999998,HKG,VUT,0
2900793,97,240,0,2011,1186757.0,0.0,0.663588,1.902118,HKG,VUT,0
2900794,97,240,0,2012,906627.0,1242.0,0.8124979999999999,1.677497,HKG,VUT,0
2900795,97,240,0,2013,790388.0,0.0,0.744383,1.923139,HKG,VUT,0
2900796,97,240,0,2014,698270.0,0.0,0.812132,1.722493,HKG,VUT,0
2900797,97,240,0,2015,645393.0,0.0,0.8255290000000001,1.8017279999999998,HKG,VUT,0
2900798,97,240,0,2016,594124.0,5468.0,0.8029029999999999,1.477249,HKG,VUT,0
2900799,97,240,0,2017,235844.0,9887.0,0.824982,1.7162220000000001,HKG,VUT,0
2900800,97,240,0,2018,566649.0,0.0,0.843677,1.656073,HKG,VUT,0
2900801,97,240,0,2019,649151.0,0.0,0.992556,1.523004,HKG,VUT,0
2900802,97,240,0,2020,346335.0,0.0,1.070483,1.183618,HKG,VUT,0
2900803,103,240,0,1999,22726.0,0.0,-0.20447,1.568505,IDN,VUT,0
2900804,103,240,0,2000,7492.0,0.0,-0.125831,1.7116360000000002,IDN,VUT,0
2900805,103,240,0,2001,109712.0,0.0,-0.167771,1.6587889999999998,IDN,VUT,0
2900806,103,240,0,2002,10727.0,0.0,-0.10020499999999999,1.590314,IDN,VUT,0
2900807,103,240,0,2003,41740.0,0.0,-0.16802,1.7252990000000001,IDN,VUT,0
2900808,103,240,0,2004,269413.0,0.0,-0.223644,1.719065,IDN,VUT,0
2900809,103,240,0,2005,163535.0,0.0,-0.273208,1.5252379999999999,IDN,VUT,0
2900810,103,240,0,2006,199744.0,0.0,-0.21012399999999998,1.467838,IDN,VUT,0
2900811,103,240,0,2007,395506.0,0.0,-0.192415,1.497962,IDN,VUT,0
2900812,103,240,0,2008,433887.0,0.0,-0.11154000000000001,1.4879850000000001,IDN,VUT,0
2900813,103,240,0,2009,791052.0,0.0,-0.253835,1.260101,IDN,VUT,0
2900814,103,240,0,2010,427555.0,0.0,-0.30878099999999997,1.07069,IDN,VUT,0
2900815,103,240,0,2011,625562.0,0.0,-0.234125,1.168384,IDN,VUT,0
2900816,103,240,0,2012,527980.0,0.0,-0.142318,1.281781,IDN,VUT,0
2900817,103,240,0,2013,535123.0,0.0,-0.216854,1.415728,IDN,VUT,0
2900818,103,240,0,2014,426698.0,0.0,-0.088032,1.3966459999999998,IDN,VUT,0
2900819,103,240,0,2015,357667.0,0.0,-0.145103,1.277362,IDN,VUT,0
2900820,103,240,0,2016,431603.0,0.0,-0.158496,1.492067,IDN,VUT,0
2900821,103,240,0,2017,223762.0,0.0,-0.23641700000000002,1.188173,IDN,VUT,0
2900822,103,240,0,2018,200948.0,0.0,-0.10130499999999999,1.2414209999999999,IDN,VUT,0
2900823,103,240,0,2019,257883.0,0.0,-0.141811,1.385726,IDN,VUT,0
2900824,103,240,0,2020,130998.0,0.0,-0.16761700000000002,1.571009,IDN,VUT,0
2900825,104,240,0,2003,58464.0,0.0,0.33014099999999996,2.836003,IND,VUT,0
2900826,104,240,0,2004,21536.0,0.0,0.233348,2.790987,IND,VUT,0
2900827,104,240,0,2005,60720.0,0.0,0.212108,2.817413,IND,VUT,0
2900828,104,240,0,2006,147897.0,0.0,0.285652,2.731318,IND,VUT,0
2900829,104,240,0,2007,150128.0,0.0,0.279475,2.7514939999999997,IND,VUT,0
2900830,104,240,0,2008,354259.0,0.0,0.26694,2.926023,IND,VUT,0
2900831,104,240,0,2009,374775.0,0.0,0.209867,2.254003,IND,VUT,0
2900832,104,240,0,2010,231760.0,0.0,0.14485599999999998,2.408913,IND,VUT,0
2900833,104,240,0,2011,588539.0,0.0,0.18276199999999998,2.398765,IND,VUT,0
2900834,104,240,0,2012,296126.0,0.0,0.229996,2.4815110000000002,IND,VUT,0
2900835,104,240,0,2013,279233.0,0.0,0.215356,2.3916209999999998,IND,VUT,0
2900836,104,240,0,2014,97362.0,0.0,0.262042,2.6305080000000003,IND,VUT,0
2900837,104,240,0,2015,241834.0,0.0,0.24230900000000002,2.8190880000000003,IND,VUT,0
2900838,104,240,0,2016,228641.0,0.0,0.30976,2.61043,IND,VUT,0
2900839,104,240,0,2017,225300.0,0.0,0.290576,2.726391,IND,VUT,0
2900840,104,240,0,2018,168661.0,0.0,0.526015,2.448112,IND,VUT,0
2900841,104,240,0,2019,116883.0,0.0,0.43196,2.661139,IND,VUT,0
2900842,104,240,0,2020,84426.0,0.0,0.464674,2.838779,IND,VUT,0
2900843,104,240,0,2000,58177.0,0.0,0.3961,2.553408,IND,VUT,0
2900844,104,240,0,1997,86500.0,0.0,0.262571,2.31305,IND,VUT,0
2900845,104,240,0,1998,21175.0,0.0,0.274308,2.316908,IND,VUT,0
2900846,104,240,0,1999,8283.0,0.0,0.29945900000000003,2.438702,IND,VUT,0
2900847,104,240,0,2001,42625.0,0.0,0.349744,2.665844,IND,VUT,0
2900848,106,240,0,2007,0.0,241800.0,1.353146,0.122832,IRL,VUT,0
2900849,111,240,0,1995,28430.0,0.0,1.503379,1.449094,ITA,VUT,0
2900850,111,240,0,1996,29129.0,0.0,1.4674690000000001,1.263362,ITA,VUT,0
2900851,111,240,0,1997,91083.0,0.0,1.4860389999999999,1.235674,ITA,VUT,0
2900852,111,240,0,1998,7939.0,12598.0,1.4532209999999999,1.191124,ITA,VUT,0
2900853,111,240,0,1999,17554.0,0.0,1.395253,1.3589790000000002,ITA,VUT,0
2900854,111,240,0,2001,8883.0,0.0,1.389926,1.282143,ITA,VUT,0
2900855,111,240,0,2002,4667.0,0.0,1.377604,1.2470510000000001,ITA,VUT,0
2900856,111,240,0,2003,217508.0,0.0,1.399734,1.044608,ITA,VUT,0
2900857,111,240,0,2004,38723.0,0.0,1.358057,1.11533,ITA,VUT,0
2900858,111,240,0,2005,3792.0,0.0,1.295883,1.032218,ITA,VUT,0
2900859,111,240,0,2006,3025.0,0.0,1.293779,0.93995,ITA,VUT,0
2900860,111,240,0,2007,6314.0,0.0,1.3003559999999998,0.705448,ITA,VUT,0
2900861,111,240,0,2008,23054.0,0.0,1.308777,0.361523,ITA,VUT,0
2900862,111,240,0,2009,795.0,0.0,1.289,0.64549,ITA,VUT,0
2900863,111,240,0,2010,55117.0,0.0,1.272385,0.545721,ITA,VUT,0
2900864,111,240,0,2011,45416.0,0.0,1.298751,0.48013599999999995,ITA,VUT,0
2900865,111,240,0,2013,144489.0,0.0,1.289924,0.533436,ITA,VUT,0
2900866,111,240,0,2014,186738.0,0.0,1.340136,0.43931099999999995,ITA,VUT,0
2900867,111,240,0,2015,153115.0,0.0,1.321127,0.747046,ITA,VUT,0
2900868,111,240,0,2016,23780.0,0.0,1.339307,0.8549209999999999,ITA,VUT,0
2900869,111,240,0,2017,233275.0,0.0,1.34395,0.577693,ITA,VUT,0
2900870,111,240,0,2018,94132.0,0.0,1.3602530000000002,0.453607,ITA,VUT,0
2900871,111,240,0,2019,47710.0,0.0,1.25898,0.926639,ITA,VUT,0
2900872,111,240,0,2020,24916.0,0.0,1.299017,0.701797,ITA,VUT,0
2900873,114,240,0,2005,7548.0,0.0,2.392106,0.278652,JPN,VUT,0
2900874,114,240,0,2009,50206.0,0.0,2.306791,-0.251712,JPN,VUT,0
2900875,114,240,0,2010,11447.0,0.0,2.459723,-0.279387,JPN,VUT,0
2900876,114,240,0,2011,67657.0,0.0,2.516395,-0.534301,JPN,VUT,0
2900877,114,240,0,2012,52706.0,0.0,2.359022,-0.553565,JPN,VUT,0
2900878,114,240,0,2014,125431.0,0.0,2.403165,-0.635024,JPN,VUT,0
2900879,114,240,0,2017,14605.0,6946.0,2.4510419999999997,-0.277357,JPN,VUT,0
2900880,114,240,0,2018,5979.0,0.0,2.514533,-0.416074,JPN,VUT,0
2900881,114,240,0,2020,3412.0,0.0,2.405659,-0.38169000000000003,JPN,VUT,0
2900882,114,240,0,2015,35593.0,0.0,2.516133,-0.484202,JPN,VUT,0
2900883,114,240,0,2016,31326.0,0.0,2.574025,-0.34859,JPN,VUT,0
2900884,114,240,0,2019,6878.0,31206.0,2.4931509999999997,-0.558811,JPN,VUT,0
2900885,114,240,0,2000,79507.0,0.0,2.579611,0.464875,JPN,VUT,0
2900886,114,240,0,2001,23717.0,0.0,2.585857,0.522663,JPN,VUT,0
2900887,114,240,0,2003,0.0,4197.0,2.4686630000000003,0.48072600000000004,JPN,VUT,0
2900888,114,240,0,2004,11848.0,0.0,2.526624,0.452054,JPN,VUT,0
2900889,114,240,0,2006,11040.0,0.0,2.4348099999999997,0.082887,JPN,VUT,0
2900890,114,240,0,2007,23763.0,0.0,2.313259,0.186703,JPN,VUT,0
2900891,114,240,0,1995,882855.0,0.0,2.56822,0.927307,JPN,VUT,0
2900892,114,240,0,1996,65524.0,4224.0,2.615364,0.5656939999999999,JPN,VUT,0
2900893,114,240,0,1997,62767.0,8613.0,2.631846,0.553144,JPN,VUT,0
2900894,114,240,0,1998,54887.0,0.0,2.550442,0.718063,JPN,VUT,0
2900895,114,240,0,1999,71124.0,0.0,2.541382,0.693702,JPN,VUT,0
2900896,114,240,0,2013,78941.0,0.0,2.3993130000000003,-0.564768,JPN,VUT,0
2900897,119,240,0,2011,0.0,12094.0,0.129038,-0.670175,KIR,VUT,0
2900898,119,240,0,2013,0.0,3269.0,-0.258825,-0.781927,KIR,VUT,0
2900899,119,240,0,2018,0.0,35832.0,-0.321563,-0.9075110000000001,KIR,VUT,0
2900900,121,240,0,1995,29728.0,0.0,0.845175,1.2761799999999999,KOR,VUT,0
2900901,121,240,0,1997,0.0,5051.0,1.0478290000000001,1.2874370000000002,KOR,VUT,0
2900902,121,240,0,1999,4873.0,0.0,0.92448,1.053988,KOR,VUT,0
2900903,121,240,0,2000,11738.0,0.0,1.0696700000000001,1.0182209999999998,KOR,VUT,0
2900904,121,240,0,2001,5583.0,0.0,1.145797,1.0762399999999999,KOR,VUT,0
2900905,121,240,0,2002,2196.0,0.0,1.186816,1.075947,KOR,VUT,0
2900906,121,240,0,2003,29930.0,0.0,1.2611709999999998,0.956308,KOR,VUT,0
2900907,121,240,0,2004,1752.0,0.0,1.3624690000000002,0.928342,KOR,VUT,0
2900908,121,240,0,2006,27250.0,0.0,1.5384309999999999,0.766628,KOR,VUT,0
2900909,121,240,0,2007,31455.0,0.0,1.497359,0.726637,KOR,VUT,0
2900910,121,240,0,2008,7402.0,0.0,1.491687,0.814692,KOR,VUT,0
2900911,121,240,0,2009,80094.0,0.0,1.509336,0.784515,KOR,VUT,0
2900912,121,240,0,2010,364.0,1853.0,1.7118849999999999,0.762362,KOR,VUT,0
2900913,121,240,0,2011,20603.0,0.0,1.731371,0.8306879999999999,KOR,VUT,0
2900914,121,240,0,2012,34101.0,0.0,1.632917,0.877742,KOR,VUT,0
2900915,121,240,0,2020,171930.0,0.0,1.9703950000000001,0.800826,KOR,VUT,0
2900916,121,240,0,2015,218856.0,0.0,1.900653,0.859406,KOR,VUT,0
2900917,121,240,0,2016,7619.0,0.0,2.086184,0.724318,KOR,VUT,0
2900918,121,240,0,2017,16964.0,0.0,2.011263,0.783215,KOR,VUT,0
2900919,121,240,0,2018,33903.0,0.0,2.093866,0.764303,KOR,VUT,0
2900920,121,240,0,2019,1910954.0,0.0,2.115482,0.696838,KOR,VUT,0
2900921,128,240,0,2017,2416.0,0.0,-0.46442799999999995,0.472132,LKA,VUT,0
2900922,128,240,0,2019,86135.0,0.0,-0.592952,0.394811,LKA,VUT,0
2900923,132,240,0,2013,13645.0,0.0,0.6219439999999999,1.166749,LVA,VUT,0
2900924,134,240,0,2019,0.0,41866.0,-0.747739,-0.154125,MAR,VUT,0
2900925,138,240,0,2011,0.0,6459.0,0.9534600000000001,0.706982,MEX,VUT,0
2900926,151,240,0,2007,50772.0,0.0,-0.342957,-0.129114,MUS,VUT,0
2900927,151,240,0,2010,9372.0,0.0,-0.173542,0.103727,MUS,VUT,0
2900928,151,240,0,2011,2199.0,0.0,-0.09464600000000001,0.091177,MUS,VUT,0
2900929,151,240,0,2015,1006.0,0.0,-0.231762,-0.195051,MUS,VUT,0
2900930,151,240,0,2016,39638.0,0.0,-0.24309899999999998,-0.084888,MUS,VUT,0
2900931,153,240,0,1999,16595.0,0.0,0.500591,0.136149,MYS,VUT,0
2900932,153,240,0,2000,14673.0,0.0,0.519684,0.170286,MYS,VUT,0
2900933,153,240,0,2002,15140.0,0.0,0.704957,0.243398,MYS,VUT,0
2900934,153,240,0,2005,3917.0,0.0,0.5847439999999999,0.13176300000000002,MYS,VUT,0
2900935,153,240,0,2006,94752.0,0.0,0.7896569999999999,0.363625,MYS,VUT,0
2900936,153,240,0,2007,145516.0,0.0,0.740788,0.302155,MYS,VUT,0
2900937,153,240,0,2008,104168.0,0.0,0.793395,0.6141939999999999,MYS,VUT,0
2900938,153,240,0,2009,80318.0,0.0,0.8718229999999999,0.607429,MYS,VUT,0
2900939,153,240,0,2010,176908.0,0.0,0.9530780000000001,0.607456,MYS,VUT,0
2900940,153,240,0,2011,133228.0,0.0,0.9893290000000001,0.632079,MYS,VUT,0
2900941,153,240,0,2012,47952.0,0.0,0.945643,0.7526510000000001,MYS,VUT,0
2900942,153,240,0,2013,8642.0,0.0,0.937641,0.747496,MYS,VUT,0
2900943,153,240,0,2014,59278.0,0.0,1.018138,0.774649,MYS,VUT,0
2900944,153,240,0,2015,109372.0,0.0,1.082803,0.811615,MYS,VUT,0
2900945,153,240,0,2016,30452.0,0.0,1.106894,0.7452840000000001,MYS,VUT,0
2900946,153,240,0,2018,65102.0,0.0,1.122976,0.734109,MYS,VUT,0
2900947,153,240,0,1995,5645.0,0.0,0.357745,0.374284,MYS,VUT,0
2900948,153,240,0,2003,3897.0,0.0,0.728804,0.2168,MYS,VUT,0
2900949,153,240,0,2017,74564.0,0.0,1.0110139999999999,0.6840729999999999,MYS,VUT,0
2900950,153,240,0,2019,104255.0,0.0,1.192967,0.730971,MYS,VUT,0
2900951,153,240,0,1998,2111.0,0.0,0.396826,0.203792,MYS,VUT,0
2900952,153,240,0,2001,7801.0,0.0,0.768174,0.307033,MYS,VUT,0
2900953,153,240,0,2020,150196.0,0.0,1.185223,0.573439,MYS,VUT,0
2900954,155,240,0,2016,5868.0,0.0,-0.6256689999999999,-0.8612219999999999,NAM,VUT,0
2900955,155,240,0,2019,0.0,1459.0,-0.545575,-0.744274,NAM,VUT,0
2900956,156,240,0,2010,77729.0,36999.0,-0.42193500000000006,-0.8256610000000001,NCL,VUT,0
2900957,156,240,0,2015,93499.0,203595.0,-0.727911,-0.844562,NCL,VUT,0
2900958,156,240,0,2009,140069.0,106324.0,1.323528,0.523435,NCL,VUT,0
2900959,156,240,0,2002,25357.0,21781.0,-0.292646,-0.823263,NCL,VUT,0
2900960,156,240,0,2007,117358.0,187873.0,-0.075892,-0.8211430000000001,NCL,VUT,0
2900961,156,240,0,2011,222057.0,49921.0,-0.976349,-0.798691,NCL,VUT,0
2900962,156,240,0,2012,94934.0,116275.0,-0.635354,-0.777234,NCL,VUT,0
2900963,156,240,0,2014,125236.0,111869.0,-0.509789,-0.767484,NCL,VUT,0
2900964,156,240,0,2013,66354.0,80370.0,-0.136052,-0.703913,NCL,VUT,0
2900965,156,240,0,2006,48286.0,47742.0,-0.135099,-0.7618779999999999,NCL,VUT,0
2900966,156,240,0,1999,30795.0,13921.0,-0.079579,-0.777079,NCL,VUT,0
2900967,156,240,0,2004,19192.0,23758.0,-0.49824700000000005,-0.8284239999999999,NCL,VUT,0
2900968,156,240,0,2005,63627.0,11433.0,0.08313200000000001,-0.691012,NCL,VUT,0
2900969,156,240,0,2008,177332.0,237953.0,-0.21304099999999998,-0.8147300000000001,NCL,VUT,0
2900970,156,240,0,2000,84714.0,18413.0,0.034618,-0.7699729999999999,NCL,VUT,0
2900971,156,240,0,2003,42147.0,18357.0,-0.344934,-0.776632,NCL,VUT,0
2900972,156,240,0,2001,48065.0,8062.0,-0.837087,-0.9207040000000001,NCL,VUT,0
2900973,162,240,0,1999,0.0,4262.0,1.308776,1.574293,NLD,VUT,0
2900974,162,240,0,2000,2799.0,0.0,1.283291,1.58901,NLD,VUT,0
2900975,162,240,0,2002,2923.0,0.0,1.206176,1.7136360000000002,NLD,VUT,0
2900976,162,240,0,2003,3393.0,0.0,1.168453,1.7085709999999998,NLD,VUT,0
2900977,162,240,0,2004,3732.0,0.0,1.251808,1.586526,NLD,VUT,0
2900978,162,240,0,2005,2487.0,0.0,1.143533,1.614774,NLD,VUT,0
2900979,162,240,0,2007,0.0,1332.0,1.089169,1.589641,NLD,VUT,0
2900980,162,240,0,2008,8841.0,0.0,1.139475,1.385316,NLD,VUT,0
2900981,162,240,0,2009,476.0,0.0,1.1914850000000001,1.3076780000000001,NLD,VUT,0
2900982,162,240,0,2010,89251.0,0.0,1.237998,1.1891209999999999,NLD,VUT,0
2900983,162,240,0,2012,1350.0,0.0,1.124582,1.374002,NLD,VUT,0
2900984,162,240,0,2016,0.0,74316.0,1.157361,1.5188540000000001,NLD,VUT,0
2900985,162,240,0,2017,0.0,2386.0,1.146959,1.470869,NLD,VUT,0
2900986,162,240,0,2018,32261.0,0.0,1.1478899999999999,1.454758,NLD,VUT,0
2900987,162,240,0,2020,17125.0,1119.0,1.035951,1.559401,NLD,VUT,0
2900988,163,240,0,2001,2303.0,0.0,0.974814,0.06512000000000001,NOR,VUT,0
2900989,163,240,0,1997,4319.0,0.0,1.003945,0.188826,NOR,VUT,0
2900990,163,240,0,1998,4227.0,0.0,1.1660190000000001,0.43901899999999994,NOR,VUT,0
2900991,163,240,0,1999,6884.0,0.0,1.1012959999999998,0.240184,NOR,VUT,0
2900992,163,240,0,2014,2531.0,0.0,0.9187049999999999,0.182685,NOR,VUT,0
2900993,163,240,0,2015,73342.0,0.0,0.950708,0.314339,NOR,VUT,0
2900994,166,240,0,1998,356567.0,0.0,0.5690529999999999,0.7752060000000001,NZL,VUT,0
2900995,166,240,0,1997,416712.0,6806.0,0.557545,0.731294,NZL,VUT,0
2900996,166,240,0,2001,240943.0,2613.0,0.521409,0.683134,NZL,VUT,0
2900997,166,240,0,2002,243846.0,0.0,0.542585,0.854243,NZL,VUT,0
2900998,166,240,0,2003,407559.0,0.0,0.589619,0.997301,NZL,VUT,0
2900999,166,240,0,2004,563241.0,0.0,0.567392,0.965781,NZL,VUT,0
2901000,166,240,0,2005,644171.0,7260.0,0.623822,0.825528,NZL,VUT,0
2901001,166,240,0,2006,1180232.0,2452.0,0.5371,0.8240209999999999,NZL,VUT,0
2901002,166,240,0,2007,932922.0,9213.0,0.495938,0.845825,NZL,VUT,0
2901003,166,240,0,2008,1312275.0,1259.0,0.513416,0.753058,NZL,VUT,0
2901004,166,240,0,2009,894131.0,0.0,0.38301999999999997,0.720644,NZL,VUT,0
2901005,166,240,0,2010,1124438.0,608.0,0.36828299999999997,0.574574,NZL,VUT,0
2901006,166,240,0,2011,1403751.0,3903.0,0.372732,0.548601,NZL,VUT,0
2901007,166,240,0,2012,1093856.0,0.0,0.410575,0.714584,NZL,VUT,0
2901008,166,240,0,2013,1227698.0,0.0,0.3345,0.39063000000000003,NZL,VUT,0
2901009,166,240,0,2014,1262796.0,3853.0,0.272502,0.21628699999999998,NZL,VUT,0
2901010,166,240,0,2015,1102236.0,0.0,0.224598,0.253179,NZL,VUT,0
2901011,166,240,0,2016,1253240.0,3323.0,0.236556,0.252918,NZL,VUT,0
2901012,166,240,0,2017,1043693.0,0.0,0.25651199999999996,0.132996,NZL,VUT,0
2901013,166,240,0,2018,1302703.0,0.0,0.21902600000000003,0.148714,NZL,VUT,0
2901014,166,240,0,2019,889105.0,0.0,0.119281,0.039036,NZL,VUT,0
2901015,166,240,0,2020,554901.0,3212.0,0.145567,0.070121,NZL,VUT,0
2901016,166,240,0,1995,614698.0,0.0,0.5558270000000001,0.773271,NZL,VUT,0
2901017,166,240,0,1999,367833.0,72330.0,0.592051,0.780176,NZL,VUT,0
2901018,166,240,0,2000,290652.0,19489.0,0.552858,0.8281129999999999,NZL,VUT,0
2901019,166,240,0,1996,413363.0,2608.0,0.49466099999999996,0.8302879999999999,NZL,VUT,0
2901020,168,240,0,2013,0.0,78226.0,-0.75727,0.769703,PAK,VUT,0
2901021,174,240,0,1996,100701.0,0.0,-0.276548,0.344986,PHL,VUT,0
2901022,174,240,0,2003,22154.0,0.0,-0.065022,-0.195144,PHL,VUT,0
2901023,174,240,0,2005,11189.0,0.0,-0.038225999999999996,-0.057957,PHL,VUT,0
2901024,174,240,0,2006,25922.0,4600.0,0.161994,0.036631,PHL,VUT,0
2901025,174,240,0,2007,25062.0,0.0,0.032117,-0.16600499999999999,PHL,VUT,0
2901026,174,240,0,2009,56190.0,0.0,0.34318000000000004,0.095375,PHL,VUT,0
2901027,174,240,0,2010,21370.0,0.0,0.40418899999999996,0.102497,PHL,VUT,0
2901028,174,240,0,2011,110692.0,0.0,0.364707,0.322626,PHL,VUT,0
2901029,174,240,0,2014,141237.0,0.0,0.637442,0.475883,PHL,VUT,0
2901030,174,240,0,2017,142912.0,0.0,0.657759,0.170061,PHL,VUT,0
2901031,174,240,0,2008,12971.0,0.0,0.276488,-0.02957,PHL,VUT,0
2901032,174,240,0,2012,75830.0,0.0,0.388785,0.465275,PHL,VUT,0
2901033,174,240,0,2013,79581.0,0.0,0.507868,0.355403,PHL,VUT,0
2901034,174,240,0,2015,69175.0,3658.0,0.6406270000000001,0.45770200000000005,PHL,VUT,0
2901035,174,240,0,2016,68923.0,0.0,0.619343,0.303981,PHL,VUT,0
2901036,174,240,0,2018,149568.0,0.0,0.781409,0.22126700000000002,PHL,VUT,0
2901037,174,240,0,2019,226088.0,0.0,0.762884,0.3318,PHL,VUT,0
2901038,174,240,0,2020,303650.0,0.0,0.755786,0.24693,PHL,VUT,0
2901039,176,240,0,2012,140274.0,21675.0,-1.009277,-1.039759,PNG,VUT,0
2901040,176,240,0,2011,30610.0,0.0,-1.1111659999999999,-0.9458610000000001,PNG,VUT,0
2901041,176,240,0,2009,44378.0,0.0,-1.90537,-1.2462030000000002,PNG,VUT,0
2901042,176,240,0,2010,50087.0,8748.0,-1.725138,-1.195622,PNG,VUT,0
2901043,176,240,0,2002,242180.0,0.0,-1.4572319999999999,-1.159399,PNG,VUT,0
2901044,176,240,0,2004,17834.0,0.0,-1.7599200000000002,-1.219971,PNG,VUT,0
2901045,176,240,0,2007,80126.0,0.0,-1.947486,-1.284269,PNG,VUT,0
2901046,176,240,0,2006,32619.0,0.0,-1.89409,-1.234731,PNG,VUT,0
2901047,177,240,0,2004,0.0,4992.0,1.019341,1.519452,POL,VUT,0
2901048,177,240,0,2005,0.0,6244.0,0.9564299999999999,1.559385,POL,VUT,0
2901049,177,240,0,2006,0.0,74363.0,0.991927,1.474418,POL,VUT,0
2901050,177,240,0,2008,0.0,150785.0,1.037287,1.244457,POL,VUT,0
2901051,177,240,0,2011,0.0,5956.0,1.133641,1.134203,POL,VUT,0
2901052,177,240,0,2013,0.0,5695.0,1.084332,1.216749,POL,VUT,0
2901053,177,240,0,2015,2018.0,41583.0,1.145844,1.1449280000000002,POL,VUT,0
2901054,177,240,0,2020,0.0,4675.0,1.0227979999999999,1.4079139999999999,POL,VUT,0
2901055,182,240,0,2008,195501.0,0.0,-0.255879,-0.714841,PYF,VUT,0
2901056,182,240,0,2018,3321.0,0.0,0.21430300000000002,-0.484076,PYF,VUT,0
2901057,185,240,0,2011,50391.0,0.0,0.722,1.296655,ROU,VUT,0
2901058,188,240,0,2006,0.0,2306.0,0.162432,-0.853059,SAU,VUT,0
2901059,188,240,0,2015,0.0,44112.0,0.5552520000000001,-0.7263229999999999,SAU,VUT,0
2901060,192,240,0,2001,452068.0,0.0,1.364239,0.721074,SGP,VUT,0
2901061,192,240,0,2002,544254.0,0.0,1.481857,0.648889,SGP,VUT,0
2901062,192,240,0,2011,1720991.0,0.0,1.849116,0.52127,SGP,VUT,0
2901063,192,240,0,2013,680191.0,7243.0,1.915504,0.619576,SGP,VUT,0
2901064,192,240,0,2015,573576.0,0.0,2.05613,0.593065,SGP,VUT,0
2901065,192,240,0,2016,356063.0,0.0,2.089995,0.564921,SGP,VUT,0
2901066,192,240,0,2014,535819.0,0.0,1.867492,0.626736,SGP,VUT,0
2901067,192,240,0,2018,299349.0,0.0,1.914132,0.652011,SGP,VUT,0
2901068,192,240,0,2017,250572.0,0.0,1.884166,0.37903600000000004,SGP,VUT,0
2901069,192,240,0,1999,850422.0,0.0,1.355833,0.594305,SGP,VUT,0
2901070,192,240,0,2000,644235.0,0.0,1.3392389999999998,0.6035010000000001,SGP,VUT,0
2901071,192,240,0,2012,929747.0,2827.0,1.685959,0.5900989999999999,SGP,VUT,0
2901072,192,240,0,2020,96646.0,0.0,1.948379,0.610574,SGP,VUT,0
2901073,192,240,0,2005,762786.0,0.0,1.601677,0.49930399999999997,SGP,VUT,0
2901074,192,240,0,1995,2569998.0,0.0,0.747684,0.4745,SGP,VUT,0
2901075,192,240,0,1996,3000637.0,0.0,0.8354299999999999,0.41169799999999995,SGP,VUT,0
2901076,192,240,0,1997,1864878.0,0.0,1.01557,0.360154,SGP,VUT,0
2901077,192,240,0,1998,1136702.0,0.0,1.0029709999999998,0.506545,SGP,VUT,0
2901078,192,240,0,2003,577807.0,0.0,1.5080799999999999,0.720337,SGP,VUT,0
2901079,192,240,0,2004,613249.0,0.0,1.6409779999999998,0.634947,SGP,VUT,0
2901080,192,240,0,2006,1114841.0,0.0,1.5377379999999998,0.503089,SGP,VUT,0
2901081,192,240,0,2007,1463235.0,0.0,1.608299,0.545791,SGP,VUT,0
2901082,192,240,0,2008,839192.0,0.0,1.844543,0.5947020000000001,SGP,VUT,0
2901083,192,240,0,2009,1345270.0,0.0,1.9503540000000001,0.498033,SGP,VUT,0
2901084,192,240,0,2010,1568663.0,0.0,1.8441349999999999,0.570311,SGP,VUT,0
2901085,192,240,0,2019,290341.0,0.0,2.0264599999999997,0.665506,SGP,VUT,0
2901086,195,240,0,2016,1618.0,0.0,-0.740271,-0.881382,SLB,VUT,0
2901087,195,240,0,2017,74475.0,5160.0,-1.153846,-0.971255,SLB,VUT,0
2901088,195,240,0,2018,5395.0,5246.0,-1.246494,-0.998495,SLB,VUT,0
2901089,195,240,0,2009,756.0,0.0,-1.9380110000000002,-1.06035,SLB,VUT,0
2901090,195,240,0,2010,0.0,2038.0,-1.7710650000000001,-1.033138,SLB,VUT,0
2901091,195,240,0,2011,5746.0,0.0,-1.401353,-0.931205,SLB,VUT,0
2901092,195,240,0,2012,0.0,4774.0,-0.935467,-0.78338,SLB,VUT,0
2901093,208,240,0,2007,7677.0,0.0,1.927244,0.498241,SWE,VUT,0
2901094,208,240,0,2015,5228.0,0.0,1.8068349999999997,0.693389,SWE,VUT,0
2901095,208,240,0,2016,1149.0,0.0,1.785149,0.767444,SWE,VUT,0
2901096,208,240,0,2019,714878.0,0.0,1.781148,0.742037,SWE,VUT,0
2901097,208,240,0,1995,1525.0,0.0,2.246997,1.060171,SWE,VUT,0
2901098,209,240,0,2007,359359.0,0.0,0.9562299999999999,0.053538,SWZ,VUT,0
2901099,209,240,0,2006,203430.0,0.0,0.750674,0.221306,SWZ,VUT,0
2901100,216,240,0,1995,661455.0,0.0,0.174522,1.608058,THA,VUT,0
2901101,216,240,0,1996,208688.0,0.0,0.10120599999999999,1.351967,THA,VUT,0
2901102,216,240,0,1997,92843.0,0.0,0.084875,1.41931,THA,VUT,0
2901103,216,240,0,1998,68206.0,0.0,0.128633,1.484142,THA,VUT,0
2901104,216,240,0,1999,312149.0,0.0,0.20451,1.513533,THA,VUT,0
2901105,216,240,0,2000,197592.0,0.0,0.301195,1.577338,THA,VUT,0
2901106,216,240,0,2001,129251.0,0.0,0.37555900000000003,1.498267,THA,VUT,0
2901107,216,240,0,2002,144652.0,0.0,0.432041,1.627953,THA,VUT,0
2901108,216,240,0,2003,313264.0,0.0,0.43010699999999996,1.607408,THA,VUT,0
2901109,216,240,0,2004,635806.0,0.0,0.5150359999999999,1.583019,THA,VUT,0
2901110,216,240,0,2005,2046433.0,0.0,0.552846,1.664665,THA,VUT,0
2901111,216,240,0,2006,478278.0,0.0,0.568209,1.685343,THA,VUT,0
2901112,216,240,0,2007,531934.0,0.0,0.711328,1.411114,THA,VUT,0
2901113,216,240,0,2008,561712.0,0.0,0.7531399999999999,1.4420620000000002,THA,VUT,0
2901114,216,240,0,2009,725554.0,0.0,0.79692,1.315501,THA,VUT,0
2901115,216,240,0,2010,917955.0,0.0,0.748328,1.425224,THA,VUT,0
2901116,216,240,0,2011,1362592.0,0.0,0.889009,1.503118,THA,VUT,0
2901117,216,240,0,2012,1043382.0,0.0,0.910957,1.294243,THA,VUT,0
2901118,216,240,0,2013,911755.0,0.0,0.8752139999999999,1.3798620000000001,THA,VUT,0
2901119,216,240,0,2014,953735.0,0.0,0.977094,1.41283,THA,VUT,0
2901120,216,240,0,2015,1255082.0,3294.0,0.965888,1.368572,THA,VUT,0
2901121,216,240,0,2016,1109345.0,0.0,1.022065,1.428082,THA,VUT,0
2901122,216,240,0,2017,1215392.0,0.0,0.983977,1.3926020000000001,THA,VUT,0
2901123,216,240,0,2018,1442505.0,0.0,1.053177,1.4084969999999999,THA,VUT,0
2901124,216,240,0,2019,851618.0,0.0,0.9744229999999999,1.401199,THA,VUT,0
2901125,216,240,0,2020,656183.0,0.0,1.035524,1.2777180000000001,THA,VUT,0
2901126,221,240,0,2008,0.0,6248.0,-0.174192,-0.559636,TON,VUT,0
2901127,223,240,0,2014,271434.0,0.0,0.343449,1.118007,TUN,VUT,0
2901128,224,240,0,2017,12347.0,0.0,0.541611,2.405872,TUR,VUT,0
2901129,224,240,0,2018,0.0,1810.0,0.518721,2.5581419999999997,TUR,VUT,0
2901130,224,240,0,2019,12020.0,0.0,0.569408,2.364546,TUR,VUT,0
2901131,224,240,0,2020,42210.0,0.0,0.590472,2.619866,TUR,VUT,0
2901132,228,240,0,2010,171299.0,0.0,0.714148,0.916267,UKR,VUT,0
2901133,228,240,0,2011,86433.0,0.0,0.6221409999999999,0.765505,UKR,VUT,0
2901134,228,240,0,2012,134013.0,0.0,0.590001,0.8422069999999999,UKR,VUT,0
2901135,231,240,0,1995,42230.0,54424.0,1.771648,1.184,USA,VUT,0
2901136,231,240,0,1996,163871.0,128182.0,1.7110560000000001,1.125141,USA,VUT,0
2901137,231,240,0,1997,36754.0,0.0,1.823511,0.888084,USA,VUT,0
2901138,231,240,0,1998,55584.0,2435.0,1.8223639999999999,0.761336,USA,VUT,0
2901139,231,240,0,1999,27063.0,20786.0,1.8755119999999998,0.5350729999999999,USA,VUT,0
2901140,231,240,0,2000,2580.0,0.0,1.8549650000000002,0.226992,USA,VUT,0
2901141,231,240,0,2001,18286.0,40032.0,1.873674,0.168468,USA,VUT,0
2901142,231,240,0,2002,16650.0,592830.0,1.821594,0.231296,USA,VUT,0
2901143,231,240,0,2003,11845.0,39366.0,1.7789220000000001,0.064028,USA,VUT,0
2901144,231,240,0,2004,12630.0,12407.0,1.7598630000000002,0.066704,USA,VUT,0
2901145,231,240,0,2005,4269.0,44620.0,1.718086,-0.34564,USA,VUT,0
2901146,231,240,0,2006,227749.0,293531.0,1.666643,-0.121679,USA,VUT,0
2901147,231,240,0,2007,176614.0,21953.0,1.612165,0.0922,USA,VUT,0
2901148,231,240,0,2008,100070.0,253997.0,1.584278,-0.209788,USA,VUT,0
2901149,231,240,0,2009,154930.0,199924.0,1.657663,-0.41411400000000004,USA,VUT,0
2901150,231,240,0,2010,347828.0,0.0,1.67573,-0.598165,USA,VUT,0
2901151,231,240,0,2011,108887.0,2215.0,1.6884849999999998,-0.474499,USA,VUT,0
2901152,231,240,0,2012,123342.0,86574.0,1.628377,-0.601941,USA,VUT,0
2901153,231,240,0,2013,5793028.0,31361.0,1.6639689999999998,-0.48651300000000003,USA,VUT,0
2901154,231,240,0,2014,5078511.0,258660.0,1.61227,0.068905,USA,VUT,0
2901155,231,240,0,2015,923312.0,53477.0,1.720478,-0.129322,USA,VUT,0
2901156,231,240,0,2016,81173.0,55282.0,1.685329,0.297536,USA,VUT,0
2901157,231,240,0,2017,98419.0,114874.0,1.601478,0.277271,USA,VUT,0
2901158,231,240,0,2018,176970.0,62132.0,1.585861,0.44815900000000003,USA,VUT,0
2901159,231,240,0,2019,129522.0,445649.0,1.606808,0.3232,USA,VUT,0
2901160,231,240,0,2020,61733.0,38020.0,1.588148,0.380904,USA,VUT,0
2901161,239,240,0,2010,205039.0,0.0,-0.24660500000000002,1.427235,VNM,VUT,0
2901162,239,240,0,2011,228749.0,0.0,-0.184453,1.637207,VNM,VUT,0
2901163,239,240,0,2013,122774.0,0.0,-0.11426900000000001,1.399738,VNM,VUT,0
2901164,239,240,0,2016,472934.0,20659.0,-0.10217899999999999,1.015568,VNM,VUT,0
2901165,239,240,0,2009,642492.0,0.0,-0.27396,1.131199,VNM,VUT,0
2901166,239,240,0,2003,10264.0,0.0,-0.633985,0.659696,VNM,VUT,0
2901167,239,240,0,2004,30404.0,0.0,-0.5270560000000001,0.8910389999999999,VNM,VUT,0
2901168,239,240,0,2006,2439.0,0.0,-0.342779,1.033318,VNM,VUT,0
2901169,239,240,0,2007,51005.0,0.0,-0.335613,1.048849,VNM,VUT,0
2901170,239,240,0,2012,242139.0,0.0,0.012365000000000001,1.290936,VNM,VUT,0
2901171,239,240,0,2014,452463.0,0.0,-0.023765,1.344416,VNM,VUT,0
2901172,239,240,0,2017,242074.0,0.0,-0.009819,0.686429,VNM,VUT,0
2901173,242,240,0,2018,0.0,2204.0,0.336421,0.186474,WSM,VUT,0
2901174,246,240,0,2004,1792.0,0.0,0.460279,1.9736220000000002,ZAF,VUT,0
2901175,246,240,0,2010,26852.0,0.0,0.327326,1.513598,ZAF,VUT,0
2901176,246,240,0,2011,25442.0,0.0,0.241792,1.353011,ZAF,VUT,0
2901177,246,240,0,2019,1089.0,0.0,0.129921,1.101027,ZAF,VUT,0
2901178,246,240,0,2013,2764.0,0.0,0.380284,1.5682120000000002,ZAF,VUT,0
2901179,249,240,0,2000,59730.0,0.0,1.44705,1.475122,TWN,VUT,0
2901180,249,240,0,2001,4056.0,0.0,1.5731700000000002,1.353159,TWN,VUT,0
2901181,249,240,0,2002,16216.0,0.0,1.683858,1.333601,TWN,VUT,0
2901182,249,240,0,2003,9195.0,0.0,1.5924040000000002,1.397843,TWN,VUT,0
2901183,249,240,0,2006,3119.0,0.0,1.619915,1.2289940000000001,TWN,VUT,0
2901184,249,240,0,2007,5797.0,0.0,1.651607,0.974649,TWN,VUT,0
2901185,249,240,0,2008,21836.0,0.0,1.611693,0.93875,TWN,VUT,0
2901186,249,240,0,2009,25934.0,0.0,1.5763120000000002,0.9567950000000001,TWN,VUT,0
2901187,249,240,0,2010,20062.0,0.0,1.766729,0.909335,TWN,VUT,0
2901188,249,240,0,2011,3209.0,0.0,1.803234,0.921233,TWN,VUT,0
2901189,249,240,0,2012,2593.0,0.0,1.6528,0.9437409999999999,TWN,VUT,0
2901190,249,240,0,2013,8747.0,27201.0,1.843186,0.9432379999999999,TWN,VUT,0
2901191,249,240,0,2014,744886.0,0.0,1.9044189999999999,1.0595139999999998,TWN,VUT,0
2901192,249,240,0,2015,97985.0,0.0,1.962832,1.214982,TWN,VUT,0
2901193,249,240,0,2016,91173.0,0.0,2.002996,1.39485,TWN,VUT,0
2901194,249,240,0,2017,49879.0,0.0,2.0548290000000002,1.2552969999999999,TWN,VUT,0
2901195,249,240,0,2018,9819.0,0.0,2.0462540000000002,1.166636,TWN,VUT,0
2901196,249,240,0,2019,63981.0,0.0,2.123296,1.1786969999999999,TWN,VUT,0
2901197,249,240,0,1997,40059.0,0.0,1.317672,1.800561,TWN,VUT,0
2901198,249,240,0,1998,99301.0,0.0,1.224725,1.890322,TWN,VUT,0
2901199,249,240,0,1999,50719.0,0.0,1.336816,1.725334,TWN,VUT,0
2901200,250,240,0,2010,0.0,1029.0,0.45129600000000003,-0.223517,ANS,VUT,0
2901201,250,240,0,2007,15972.0,0.0,0.671936,-0.284418,ANS,VUT,0
2901202,250,240,0,2006,63758.0,0.0,0.711619,-0.41880200000000006,ANS,VUT,0
2901203,2,21,0,2013,3244.0,0.0,-1.172043,-1.133735,AGO,BFA,0
2901204,2,21,0,2017,2890.0,0.0,-1.408777,-1.215475,AGO,BFA,0
2901205,5,21,0,2014,2760.0,0.0,0.533246,-0.41617,AND,BFA,0
2901206,6,21,0,2009,4435.0,0.0,0.351025,-0.699817,ANT,BFA,0
2901207,7,21,0,2012,1062498.0,4135.0,0.45351499999999995,-0.285021,ARE,BFA,0
2901208,7,21,0,2016,503335.0,0.0,0.11037999999999999,0.045327,ARE,BFA,0
2901209,7,21,0,2017,1238574.0,0.0,0.210477,0.02557,ARE,BFA,0
2901210,7,21,0,2018,5368577.0,1996473.0,0.11804400000000001,-0.326851,ARE,BFA,0
2901211,7,21,0,2019,2206070.0,778007.0,-0.165113,-0.8973540000000001,ARE,BFA,0
2901212,7,21,0,2020,2888683.0,2682468.0,-0.118349,-0.789485,ARE,BFA,0
2901213,7,21,0,2007,199500.0,0.0,-0.107504,-0.44744300000000004,ARE,BFA,0
2901214,7,21,0,2013,592973.0,22857.0,-0.074047,-0.585168,ARE,BFA,0
2901215,7,21,0,2014,1791418.0,2855.0,0.087775,-0.289459,ARE,BFA,0
2901216,7,21,0,2015,501092.0,0.0,0.21779600000000002,-0.0047420000000000006,ARE,BFA,0
2901217,7,21,0,2008,603956.0,4464.0,-0.276433,-0.692392,ARE,BFA,0
2901218,7,21,0,2003,106025.0,0.0,0.049637,-0.502691,ARE,BFA,0
2901219,7,21,0,2011,395462.0,56941.0,0.030652,-0.450808,ARE,BFA,0
2901220,7,21,0,2005,154292.0,0.0,0.11526600000000001,-0.393171,ARE,BFA,0
2901221,7,21,0,2009,382760.0,14168.0,0.070059,-0.619075,ARE,BFA,0
2901222,7,21,0,2010,958558.0,0.0,0.29457,-0.196371,ARE,BFA,0
2901223,7,21,0,2000,8223.0,0.0,-0.111384,-0.490415,ARE,BFA,0
2901224,7,21,0,2002,15477.0,0.0,0.044683,-0.247191,ARE,BFA,0
2901225,7,21,0,2004,163200.0,0.0,0.1799,-0.34541900000000003,ARE,BFA,0
2901226,7,21,0,1999,30294.0,0.0,-0.21921,-0.54813,ARE,BFA,0
2901227,7,21,0,2001,10419.0,0.0,-0.193984,-0.457124,ARE,BFA,0
2901228,7,21,0,1997,12550.0,0.0,-0.042154000000000004,-0.667389,ARE,BFA,0
2901229,7,21,0,1998,19369.0,0.0,-0.274973,-0.481405,ARE,BFA,0
2901230,8,21,0,2004,7099.0,0.0,0.28128600000000004,0.64115,ARG,BFA,0
2901231,8,21,0,2005,7016.0,0.0,0.383772,0.656866,ARG,BFA,0
2901232,8,21,0,2008,392.0,0.0,0.278837,0.496784,ARG,BFA,0
2901233,8,21,0,2011,3423.0,0.0,0.240494,0.540376,ARG,BFA,0
2901234,8,21,0,2015,2803.0,0.0,0.116896,0.30330999999999997,ARG,BFA,0
2901235,8,21,0,2016,26084.0,0.0,-0.132495,0.16353199999999998,ARG,BFA,0
2901236,8,21,0,2018,6287.0,0.0,-0.14316800000000002,0.14356,ARG,BFA,0
2901237,8,21,0,1998,97.0,0.0,0.272015,0.45031099999999996,ARG,BFA,0
2901238,11,21,0,2012,868593.0,3899847.0,0.756587,-0.419392,ATA,BFA,0
2901239,14,21,0,2005,17568.0,0.0,0.18443099999999998,0.489043,AUS,BFA,0
2901240,14,21,0,2001,3586.0,0.0,0.29463,0.772375,AUS,BFA,0
2901241,14,21,0,1996,648.0,0.0,0.369697,0.78069,AUS,BFA,0
2901242,14,21,0,1997,6723.0,0.0,0.428555,0.798283,AUS,BFA,0
2901243,14,21,0,1998,2926.0,0.0,0.375317,0.8864629999999999,AUS,BFA,0
2901244,14,21,0,2006,1591.0,0.0,0.067166,0.373148,AUS,BFA,0
2901245,14,21,0,2007,63942.0,0.0,0.137686,0.451592,AUS,BFA,0
2901246,14,21,0,2008,31555.0,0.0,-0.171801,-0.012588,AUS,BFA,0
2901247,14,21,0,2009,82478.0,0.0,-0.109286,0.13586900000000002,AUS,BFA,0
2901248,14,21,0,2010,37597.0,0.0,-0.276442,0.062023,AUS,BFA,0
2901249,14,21,0,2011,123088.0,12550.0,-0.138148,0.002999,AUS,BFA,0
2901250,14,21,0,2012,362459.0,0.0,-0.352742,-0.145405,AUS,BFA,0
2901251,14,21,0,2013,284852.0,0.0,-0.31145700000000004,-0.167628,AUS,BFA,0
2901252,14,21,0,2014,71491.0,0.0,-0.398273,-0.17128,AUS,BFA,0
2901253,14,21,0,2015,204061.0,0.0,-0.292325,-0.043489,AUS,BFA,0
2901254,14,21,0,2016,292445.0,0.0,-0.25955300000000003,0.0011070000000000001,AUS,BFA,0
2901255,14,21,0,2017,194191.0,4068.0,-0.42427200000000004,-0.152921,AUS,BFA,0
2901256,14,21,0,2018,130920.0,0.0,-0.29687199999999997,-0.123116,AUS,BFA,0
2901257,14,21,0,2019,257486.0,0.0,-0.294558,-0.180198,AUS,BFA,0
2901258,14,21,0,2020,324756.0,0.0,-0.32910500000000004,-0.232963,AUS,BFA,0
2901259,14,21,0,1999,877.0,0.0,0.357101,0.8857879999999999,AUS,BFA,0
2901260,14,21,0,2000,0.0,10888.0,0.279804,0.9355540000000001,AUS,BFA,0
2901261,15,21,0,1995,318616.0,220237.0,2.000295,0.661255,AUT,BFA,0
2901262,15,21,0,2000,41715.0,308189.0,1.842429,0.464405,AUT,BFA,0
2901263,15,21,0,2003,62327.0,101235.0,1.834977,0.408096,AUT,BFA,0
2901264,15,21,0,2004,158280.0,58449.0,1.825391,0.40553,AUT,BFA,0
2901265,15,21,0,2005,53014.0,752838.0,1.808359,0.148177,AUT,BFA,0
2901266,15,21,0,2006,94157.0,20914.0,1.775669,0.192717,AUT,BFA,0
2901267,15,21,0,2007,36240.0,31361.0,1.730088,-0.045543,AUT,BFA,0
2901268,15,21,0,2008,53379.0,23849.0,1.634816,-0.078419,AUT,BFA,0
2901269,15,21,0,2009,68179.0,25967.0,1.651325,-0.020794,AUT,BFA,0
2901270,15,21,0,2010,90925.0,26980.0,1.724315,-0.29379099999999997,AUT,BFA,0
2901271,15,21,0,2012,18336.0,5721.0,1.6092870000000001,-0.29859,AUT,BFA,0
2901272,15,21,0,2013,28314.0,5065.0,1.7209240000000001,-0.286892,AUT,BFA,0
2901273,15,21,0,2014,86828.0,96949.0,1.7116790000000002,-0.140232,AUT,BFA,0
2901274,15,21,0,2015,49895.0,2376.0,1.747098,-0.08026699999999999,AUT,BFA,0
2901275,15,21,0,2016,71410.0,248847.0,1.759363,0.127262,AUT,BFA,0
2901276,15,21,0,2017,47997.0,1341.0,1.728623,-0.031045999999999997,AUT,BFA,0
2901277,15,21,0,2018,46165.0,22171.0,1.774488,-0.21117800000000003,AUT,BFA,0
2901278,15,21,0,2019,43056.0,1543.0,1.743927,-0.076778,AUT,BFA,0
2901279,15,21,0,2020,346580.0,0.0,1.6711310000000001,0.059096,AUT,BFA,0
2901280,15,21,0,1996,64306.0,0.0,1.9216669999999998,0.659388,AUT,BFA,0
2901281,15,21,0,1997,32696.0,372909.0,1.8926189999999998,0.624346,AUT,BFA,0
2901282,15,21,0,1999,49224.0,215177.0,1.836804,0.744312,AUT,BFA,0
2901283,15,21,0,2001,47517.0,10054.0,1.8571650000000002,0.603191,AUT,BFA,0
2901284,15,21,0,2002,167930.0,14212.0,1.8651200000000001,0.48423900000000003,AUT,BFA,0
2901285,15,21,0,2011,11199.0,31791.0,1.687634,-0.229095,AUT,BFA,0
2901286,15,21,0,1998,8437.0,1037844.0,1.891966,0.508137,AUT,BFA,0
2901287,18,21,0,1995,1360285.0,22940.0,1.615588,1.394102,BEL,BFA,0
2901288,18,21,0,1996,1528458.0,0.0,1.549312,1.273767,BEL,BFA,0
2901289,18,21,0,1997,1335704.0,277759.0,1.4274069999999999,1.490435,BEL,BFA,0
2901290,18,21,0,1998,736685.0,197120.0,1.4740739999999999,1.2530430000000001,BEL,BFA,0
2901291,18,21,0,1999,592974.0,2486615.0,1.512061,1.253478,BEL,BFA,0
2901292,18,21,0,2000,348081.0,582199.0,1.403838,1.349607,BEL,BFA,0
2901293,18,21,0,2001,696529.0,1079761.0,1.4328370000000001,1.408495,BEL,BFA,0
2901294,18,21,0,2002,372450.0,552732.0,1.4097469999999999,1.440169,BEL,BFA,0
2901295,18,21,0,2003,307282.0,629809.0,1.361682,1.39536,BEL,BFA,0
2901296,18,21,0,2004,830023.0,1709090.0,1.350911,1.408209,BEL,BFA,0
2901297,18,21,0,2005,1125358.0,951744.0,1.275296,1.345063,BEL,BFA,0
2901298,18,21,0,2006,648969.0,208699.0,1.2222540000000002,1.383027,BEL,BFA,0
2901299,18,21,0,2007,1241748.0,5676859.0,1.2880479999999999,1.145724,BEL,BFA,0
2901300,18,21,0,2008,724797.0,372995.0,1.297416,0.9716549999999999,BEL,BFA,0
2901301,18,21,0,2009,1236551.0,18785128.0,1.272011,1.074548,BEL,BFA,0
2901302,18,21,0,2010,1182352.0,143374.0,1.2224270000000002,1.1276,BEL,BFA,0
2901303,18,21,0,2011,1136872.0,1583970.0,1.221703,1.247961,BEL,BFA,0
2901304,18,21,0,2012,1567111.0,1115965.0,1.107155,1.448274,BEL,BFA,0
2901305,18,21,0,2013,1721537.0,304830.0,1.316207,0.972601,BEL,BFA,0
2901306,18,21,0,2014,1598189.0,409633.0,1.234156,1.226441,BEL,BFA,0
2901307,18,21,0,2015,969857.0,160874.0,1.329866,1.100641,BEL,BFA,0
2901308,18,21,0,2016,800484.0,364660.0,1.3102610000000001,1.214573,BEL,BFA,0
2901309,18,21,0,2017,1296024.0,64054.0,1.292657,1.19571,BEL,BFA,0
2901310,18,21,0,2018,1494491.0,50573.0,1.270641,1.201063,BEL,BFA,0
2901311,18,21,0,2019,2114299.0,273197.0,1.2555969999999999,1.168642,BEL,BFA,0
2901312,18,21,0,2020,1871592.0,545170.0,1.204632,1.278346,BEL,BFA,0
2901313,19,21,0,2013,101851.0,5182918.0,-0.919968,-0.90691,BEN,BFA,0
2901314,19,21,0,2002,198178.0,908.0,-0.724829,-0.705625,BEN,BFA,0
2901315,19,21,0,2014,1323493.0,6653706.0,-0.342225,-0.618789,BEN,BFA,0
2901316,19,21,0,2012,111967.0,702927.0,-0.981576,-0.9708200000000001,BEN,BFA,0
2901317,19,21,0,2004,118509.0,15080.0,-1.299345,-0.9871260000000001,BEN,BFA,0
2901318,19,21,0,2005,73171.0,239020.0,-0.7930510000000001,-0.798868,BEN,BFA,0
2901319,19,21,0,2009,610929.0,27440.0,-0.93195,-0.813017,BEN,BFA,0
2901320,19,21,0,2010,260604.0,95566.0,-1.0660120000000002,-0.9961190000000001,BEN,BFA,0
2901321,19,21,0,2011,161632.0,63861.0,-1.189478,-0.8684709999999999,BEN,BFA,0
2901322,19,21,0,2015,255222.0,21813.0,-0.5641470000000001,-0.8971020000000001,BEN,BFA,0
2901323,19,21,0,2016,186137.0,8597.0,-0.971123,-0.801574,BEN,BFA,0
2901324,19,21,0,2017,51075.0,33373.0,-0.755027,-0.796864,BEN,BFA,0
2901325,19,21,0,2019,1004786.0,29717.0,-0.861242,-0.8837440000000001,BEN,BFA,0
2901326,19,21,0,2003,604142.0,2274097.0,-1.150888,-0.956203,BEN,BFA,0
2901327,19,21,0,2018,129915.0,40151.0,-0.646475,-0.769808,BEN,BFA,0
2901328,19,21,0,2020,103459.0,56677.0,-0.467344,-0.686191,BEN,BFA,0
2901329,19,21,0,2001,55565.0,4099.0,-1.09233,-0.8276969999999999,BEN,BFA,0
2901330,19,21,0,2008,851848.0,48596.0,-1.171101,-0.9600569999999999,BEN,BFA,0
2901331,19,21,0,1998,197064.0,1705809.0,-0.8198,-0.8584780000000001,BEN,BFA,0
2901332,19,21,0,1999,723651.0,894.0,-1.033831,-0.858941,BEN,BFA,0
2901333,19,21,0,2000,462328.0,1733.0,-0.9513729999999999,-0.806106,BEN,BFA,0
2901334,19,21,0,2006,329004.0,1443.0,-0.8434360000000001,-0.798307,BEN,BFA,0
2901335,19,21,0,2007,819276.0,3912983.0,-1.055882,-0.880178,BEN,BFA,0
2901336,19,21,0,1995,4988.0,62435.0,-1.142708,-0.9045280000000001,BEN,BFA,0
2901337,19,21,0,1996,75869.0,21226.0,-1.0032729999999999,-0.794779,BEN,BFA,0
2901338,19,21,0,1997,53992.0,44589.0,-1.1300780000000001,-0.938398,BEN,BFA,0
2901339,22,21,0,2001,0.0,2700953.0,-1.0406739999999999,-1.010108,BGD,BFA,0
2901340,22,21,0,2003,0.0,21044972.0,-1.168404,-1.035782,BGD,BFA,0
2901341,22,21,0,1997,0.0,1673137.0,-1.027777,-1.048214,BGD,BFA,0
2901342,22,21,0,1998,0.0,4115291.0,-1.130729,-1.001385,BGD,BFA,0
2901343,22,21,0,2000,0.0,4366054.0,-1.037212,-0.964965,BGD,BFA,0
2901344,22,21,0,2002,21548.0,6416164.0,-1.134933,-1.061633,BGD,BFA,0
2901345,22,21,0,2005,0.0,3433019.0,-1.083754,-0.817738,BGD,BFA,0
2901346,22,21,0,2006,0.0,3506098.0,-1.0305309999999999,-0.80937,BGD,BFA,0
2901347,22,21,0,2007,0.0,6355266.0,-0.9436469999999999,-0.7200310000000001,BGD,BFA,0
2901348,22,21,0,2008,0.0,1356856.0,-0.852774,-0.766779,BGD,BFA,0
2901349,22,21,0,2010,16232.0,15241002.0,-0.974526,-0.76566,BGD,BFA,0
2901350,22,21,0,2011,3298.0,5318953.0,-1.074416,-0.8276370000000001,BGD,BFA,0
2901351,22,21,0,2012,133071.0,3381705.0,-0.8932610000000001,-0.762658,BGD,BFA,0
2901352,22,21,0,2013,0.0,7448510.0,-1.101916,-0.734646,BGD,BFA,0
2901353,22,21,0,2015,3121.0,23512268.0,-1.088465,-0.8745360000000001,BGD,BFA,0
2901354,22,21,0,2019,101871.0,0.0,-1.113148,-0.9513299999999999,BGD,BFA,0
2901355,22,21,0,2004,0.0,18438159.0,-1.150444,-0.885333,BGD,BFA,0
2901356,22,21,0,2009,0.0,4436074.0,-1.030722,-0.860137,BGD,BFA,0
2901357,22,21,0,2016,31294.0,0.0,-1.107523,-1.065009,BGD,BFA,0
2901358,22,21,0,2018,333837.0,0.0,-0.899467,-0.9823719999999999,BGD,BFA,0
2901359,22,21,0,2017,61422.0,0.0,-1.016251,-0.987654,BGD,BFA,0
2901360,22,21,0,2020,37233.0,0.0,-0.874451,-0.9031309999999999,BGD,BFA,0
2901361,23,21,0,2015,6091.0,6188605.0,0.45640699999999995,1.691455,BGR,BFA,0
2901362,23,21,0,2016,102304.0,0.0,0.51707,1.7329130000000001,BGR,BFA,0
2901363,23,21,0,2017,131423.0,0.0,0.557843,1.7221119999999999,BGR,BFA,0
2901364,23,21,0,2018,73987.0,0.0,0.571226,1.836856,BGR,BFA,0
2901365,23,21,0,2019,42457.0,0.0,0.572997,1.863346,BGR,BFA,0
2901366,23,21,0,2020,1220.0,0.0,0.6328520000000001,1.8517009999999998,BGR,BFA,0
2901367,23,21,0,1997,4963.0,0.0,0.487041,1.287344,BGR,BFA,0
2901368,23,21,0,2012,588.0,7350146.0,0.5611,1.416313,BGR,BFA,0
2901369,23,21,0,1998,5065.0,0.0,0.382782,1.5844479999999999,BGR,BFA,0
2901370,23,21,0,2001,1922.0,0.0,0.41425100000000004,1.639866,BGR,BFA,0
2901371,24,21,0,2018,0.0,2749417.0,0.318352,-0.69221,BHR,BFA,0
2901372,24,21,0,2009,0.0,658586.0,0.250645,-0.767742,BHR,BFA,0
2901373,24,21,0,2014,0.0,2406614.0,0.460168,-0.41671099999999994,BHR,BFA,0
2901374,24,21,0,2015,0.0,2284931.0,0.36650900000000003,-0.28735,BHR,BFA,0
2901375,24,21,0,2017,0.0,1909087.0,0.485479,-0.5348890000000001,BHR,BFA,0
2901376,24,21,0,2010,0.0,1261280.0,0.284356,-0.8362,BHR,BFA,0
2901377,24,21,0,2013,0.0,392099.0,0.249681,-0.6204270000000001,BHR,BFA,0
2901378,24,21,0,2016,0.0,5207872.0,0.323348,-0.514446,BHR,BFA,0
2901379,24,21,0,2019,0.0,2455153.0,0.378349,-0.621468,BHR,BFA,0
2901380,24,21,0,2002,0.0,1460962.0,-0.146585,-1.006558,BHR,BFA,0
2901381,28,21,0,2000,0.0,536730.0,0.646336,0.8651780000000001,BLR,BFA,0
2901382,31,21,0,1999,0.0,110664.0,-0.398285,-0.6362,BOL,BFA,0
2901383,32,21,0,1995,0.0,1647131.0,0.687171,1.188647,BRA,BFA,0
2901384,32,21,0,1996,2748.0,8186174.0,0.699658,1.271724,BRA,BFA,0
2901385,32,21,0,2000,0.0,1059558.0,0.792556,1.219394,BRA,BFA,0
2901386,32,21,0,2001,5410.0,2077389.0,0.672496,1.051848,BRA,BFA,0
2901387,32,21,0,2002,17554.0,0.0,0.677883,1.0227190000000002,BRA,BFA,0
2901388,32,21,0,2003,16493.0,1084994.0,0.660576,1.118876,BRA,BFA,0
2901389,32,21,0,2004,38661.0,0.0,0.540718,1.149065,BRA,BFA,0
2901390,32,21,0,2005,56357.0,0.0,0.567638,1.139122,BRA,BFA,0
2901391,32,21,0,2006,63048.0,0.0,0.633889,1.1474520000000001,BRA,BFA,0
2901392,32,21,0,2007,50054.0,4389210.0,0.582859,1.137225,BRA,BFA,0
2901393,32,21,0,2008,17394.0,0.0,0.444687,0.904332,BRA,BFA,0
2901394,32,21,0,2009,72687.0,69940.0,0.35447199999999995,0.8522360000000001,BRA,BFA,0
2901395,32,21,0,2010,69234.0,0.0,0.40715500000000004,0.6208100000000001,BRA,BFA,0
2901396,32,21,0,2011,49550.0,0.0,0.27718400000000004,0.5674319999999999,BRA,BFA,0
2901397,32,21,0,2012,3083.0,0.0,0.305614,0.6357189999999999,BRA,BFA,0
2901398,32,21,0,2013,17632.0,0.0,0.14765899999999998,0.399262,BRA,BFA,0
2901399,32,21,0,2014,15588.0,13543835.0,0.218223,0.556921,BRA,BFA,0
2901400,32,21,0,2015,2513.0,0.0,0.23656799999999997,0.688607,BRA,BFA,0
2901401,32,21,0,2016,6283.0,0.0,0.245919,0.661809,BRA,BFA,0
2901402,32,21,0,2017,46778.0,3149.0,0.145224,0.483461,BRA,BFA,0
2901403,32,21,0,2018,19140.0,0.0,0.143397,0.582092,BRA,BFA,0
2901404,32,21,0,2019,37822.0,0.0,0.076947,0.660604,BRA,BFA,0
2901405,32,21,0,2020,10367.0,0.0,0.054622000000000004,0.532291,BRA,BFA,0
2901406,32,21,0,1997,0.0,2270792.0,0.718336,1.203066,BRA,BFA,0
2901407,32,21,0,1998,9117.0,996730.0,0.768101,1.04589,BRA,BFA,0
2901408,32,21,0,1999,8789.0,1793438.0,0.762468,1.191759,BRA,BFA,0
2901409,34,21,0,2002,21789.0,0.0,-1.7894169999999998,-1.034672,BRN,BFA,0
2901410,34,21,0,2003,9064.0,0.0,-1.342738,-0.978633,BRN,BFA,0
2901411,34,21,0,2012,0.0,221441.0,-2.758339,-0.931008,BRN,BFA,0
2901412,37,21,0,2012,2549.0,0.0,-0.424469,-1.043248,BWA,BFA,0
2901413,39,21,0,2001,15261.0,246791.0,0.971827,1.105171,CAN,BFA,0
2901414,39,21,0,2002,105805.0,0.0,0.9963280000000001,1.1922110000000001,CAN,BFA,0
2901415,39,21,0,2003,156259.0,0.0,0.9791540000000001,1.185081,CAN,BFA,0
2901416,39,21,0,2004,216614.0,39560.0,0.9392739999999999,1.19228,CAN,BFA,0
2901417,39,21,0,2005,206215.0,56648.0,0.9895149999999999,1.0437459999999998,CAN,BFA,0
2901418,39,21,0,2006,84934.0,0.0,0.865685,1.1480489999999999,CAN,BFA,0
2901419,39,21,0,2007,125846.0,137896.0,0.77681,1.20517,CAN,BFA,0
2901420,39,21,0,2008,250340.0,20725.0,0.684659,1.085312,CAN,BFA,0
2901421,39,21,0,2009,1448365.0,184758.0,0.6778069999999999,1.278402,CAN,BFA,0
2901422,39,21,0,2010,823817.0,55672.0,0.752421,1.2208510000000001,CAN,BFA,0
2901423,39,21,0,2011,1148632.0,19600.0,0.754813,1.1967290000000002,CAN,BFA,0
2901424,39,21,0,2012,778484.0,38748.0,0.693098,1.132064,CAN,BFA,0
2901425,39,21,0,2013,1437655.0,14635.0,0.719649,1.017046,CAN,BFA,0
2901426,39,21,0,2014,508991.0,17169.0,0.671395,1.024683,CAN,BFA,0
2901427,39,21,0,2015,359433.0,67057.0,0.695867,1.171676,CAN,BFA,0
2901428,39,21,0,2016,729036.0,26029.0,0.6579050000000001,1.12259,CAN,BFA,0
2901429,39,21,0,2017,1074302.0,63754.0,0.73897,1.206402,CAN,BFA,0
2901430,39,21,0,2018,1500484.0,46946.0,0.666822,1.218593,CAN,BFA,0
2901431,39,21,0,2019,683982.0,143855.0,0.657292,1.187872,CAN,BFA,0
2901432,39,21,0,2020,1084714.0,164972.0,0.609267,1.1890479999999999,CAN,BFA,0
2901433,39,21,0,2000,46472.0,0.0,1.056577,1.12931,CAN,BFA,0
2901434,39,21,0,1995,48870.0,0.0,1.077804,1.0724200000000002,CAN,BFA,0
2901435,39,21,0,1996,48247.0,0.0,1.155706,1.1127049999999998,CAN,BFA,0
2901436,39,21,0,1997,22722.0,0.0,1.109494,1.178772,CAN,BFA,0
2901437,39,21,0,1998,62691.0,0.0,1.077343,1.119161,CAN,BFA,0
2901438,39,21,0,1999,33224.0,39392.0,1.083572,1.08026,CAN,BFA,0
2901439,41,21,0,1999,20760.0,5333177.0,2.189934,0.741428,CHE,BFA,0
2901440,41,21,0,2000,22288.0,6131799.0,2.197959,0.489989,CHE,BFA,0
2901441,41,21,0,2001,14698.0,3052750.0,2.227246,0.553956,CHE,BFA,0
2901442,41,21,0,2002,17915.0,2047245.0,2.218095,0.620946,CHE,BFA,0
2901443,41,21,0,2003,36403.0,322591.0,2.151037,0.711217,CHE,BFA,0
2901444,41,21,0,2004,42229.0,314667.0,2.151471,0.7196279999999999,CHE,BFA,0
2901445,41,21,0,2005,74715.0,3018004.0,2.0461709999999997,0.615855,CHE,BFA,0
2901446,41,21,0,2006,4859.0,8167.0,2.052534,0.515523,CHE,BFA,0
2901447,41,21,0,2007,22375.0,21390039.0,2.0198080000000003,0.42277200000000004,CHE,BFA,0
2901448,41,21,0,2008,151067.0,16282663.0,1.978404,0.368694,CHE,BFA,0
2901449,41,21,0,2009,71735.0,11144341.0,2.124438,0.484861,CHE,BFA,0
2901450,41,21,0,2010,42863.0,18567818.0,2.1492080000000002,0.556424,CHE,BFA,0
2901451,41,21,0,2011,114412.0,7365791.0,2.2644029999999997,0.406131,CHE,BFA,0
2901452,41,21,0,2012,102210.0,30093848.0,2.060769,0.562718,CHE,BFA,0
2901453,41,21,0,2013,148169.0,26425337.0,2.2104470000000003,0.5403479999999999,CHE,BFA,0
2901454,41,21,0,2014,64201.0,69227358.0,2.2000919999999997,0.65398,CHE,BFA,0
2901455,41,21,0,2015,76442.0,36179286.0,2.306075,0.720781,CHE,BFA,0
2901456,41,21,0,2016,210901.0,76463215.0,2.3488689999999997,0.806291,CHE,BFA,0
2901457,41,21,0,2017,22808.0,63905683.0,2.2557810000000003,0.845459,CHE,BFA,0
2901458,41,21,0,2018,20590.0,18961030.0,2.2324330000000003,0.7801560000000001,CHE,BFA,0
2901459,41,21,0,2019,118581.0,44453333.0,2.1990849999999997,0.8394229999999999,CHE,BFA,0
2901460,41,21,0,2020,251952.0,36464096.0,2.184038,0.900965,CHE,BFA,0
2901461,41,21,0,1995,20078.0,146891.0,2.1893029999999998,0.82765,CHE,BFA,0
2901462,41,21,0,1996,31788.0,2108.0,2.246238,0.603288,CHE,BFA,0
2901463,41,21,0,1997,7099.0,4552822.0,2.280163,0.597819,CHE,BFA,0
2901464,41,21,0,1998,7320.0,3945008.0,2.252965,0.561806,CHE,BFA,0
2901465,42,21,0,2011,5364.0,0.0,-0.199877,-0.353009,CHL,BFA,0
2901466,42,21,0,2016,207.0,0.0,-0.385519,-0.470495,CHL,BFA,0
2901467,42,21,0,2018,839.0,0.0,-0.37677,-0.49605299999999997,CHL,BFA,0
2901468,43,21,0,1995,1582954.0,0.0,0.387897,3.2147919999999996,CHN,BFA,0
2901469,43,21,0,1996,797954.0,3307.0,0.404422,3.061344,CHN,BFA,0
2901470,43,21,0,1997,707729.0,98507.0,0.36051300000000003,3.287322,CHN,BFA,0
2901471,43,21,0,1998,1100377.0,3114494.0,0.3658,3.231258,CHN,BFA,0
2901472,43,21,0,1999,515494.0,1514245.0,0.386094,3.270089,CHN,BFA,0
2901473,43,21,0,2000,439857.0,0.0,0.478362,3.156111,CHN,BFA,0
2901474,43,21,0,2001,770476.0,0.0,0.525171,3.092963,CHN,BFA,0
2901475,43,21,0,2002,1018520.0,535093.0,0.576746,2.7995520000000003,CHN,BFA,0
2901476,43,21,0,2003,1105732.0,25314299.0,0.579431,2.773139,CHN,BFA,0
2901477,43,21,0,2004,1448375.0,95425912.0,0.581548,2.8689880000000003,CHN,BFA,0
2901478,43,21,0,2005,2440787.0,127838808.0,0.608256,2.8242220000000002,CHN,BFA,0
2901479,43,21,0,2007,5663948.0,120780688.0,0.801547,2.321052,CHN,BFA,0
2901480,43,21,0,2008,8018821.0,47785284.0,0.929285,1.8917259999999998,CHN,BFA,0
2901481,43,21,0,2009,10200691.0,91011275.0,0.898623,2.08703,CHN,BFA,0
2901482,43,21,0,2010,12004420.0,91208071.0,0.922493,2.0176,CHN,BFA,0
2901483,43,21,0,2011,10045237.0,137587056.0,1.072299,1.686826,CHN,BFA,0
2901484,43,21,0,2012,9972494.0,169994083.0,1.095682,1.354837,CHN,BFA,0
2901485,43,21,0,2013,23709870.0,143180638.0,1.113767,1.477496,CHN,BFA,0
2901486,43,21,0,2014,8739854.0,86478600.0,1.187557,1.222085,CHN,BFA,0
2901487,43,21,0,2015,9253688.0,14867725.0,1.077143,1.735757,CHN,BFA,0
2901488,43,21,0,2016,12016201.0,4015190.0,1.1073620000000002,1.723098,CHN,BFA,0
2901489,43,21,0,2017,9467468.0,14577820.0,1.1127790000000002,1.56869,CHN,BFA,0
2901490,43,21,0,2018,15222365.0,29103058.0,1.200689,1.2822,CHN,BFA,0
2901491,43,21,0,2019,24717888.0,43859336.0,1.196265,1.2258870000000002,CHN,BFA,0
2901492,43,21,0,2020,32495036.0,33547650.0,1.187837,1.2237770000000001,CHN,BFA,0
2901493,43,21,0,2006,2413857.0,154601856.0,0.737888,2.54966,CHN,BFA,0
2901494,44,21,0,2008,5424987.0,354991.0,-0.9806040000000001,-0.730792,CIV,BFA,0
2901495,44,21,0,2009,7607410.0,382687.0,-0.924681,-0.801371,CIV,BFA,0
2901496,44,21,0,2015,9640368.0,635109.0,-0.856142,-0.905292,CIV,BFA,0
2901497,44,21,0,2014,12236394.0,596580.0,-0.737625,-0.768728,CIV,BFA,0
2901498,44,21,0,1995,3925031.0,11822184.0,-0.781656,-0.74293,CIV,BFA,0
2901499,44,21,0,1996,4452997.0,25214181.0,-0.8720459999999999,-0.7904479999999999,CIV,BFA,0
2901500,44,21,0,1997,6280183.0,233775.0,-0.685339,-0.62129,CIV,BFA,0
2901501,44,21,0,1998,9147464.0,1132613.0,-0.75115,-0.753865,CIV,BFA,0
2901502,44,21,0,1999,8879162.0,6574019.0,-0.591892,-0.654457,CIV,BFA,0
2901503,44,21,0,2000,7452022.0,497763.0,-0.7772640000000001,-0.632181,CIV,BFA,0
2901504,44,21,0,2001,6757632.0,458225.0,-0.715949,-0.524428,CIV,BFA,0
2901505,44,21,0,2002,6665402.0,1189058.0,-0.816327,-0.711765,CIV,BFA,0
2901506,44,21,0,2003,8825074.0,425365.0,-0.699928,-0.723739,CIV,BFA,0
2901507,44,21,0,2004,4644946.0,3210223.0,-0.8490979999999999,-0.754732,CIV,BFA,0
2901508,44,21,0,2005,4297005.0,3363814.0,-0.900386,-0.804689,CIV,BFA,0
2901509,44,21,0,2006,4408384.0,0.0,-0.8918530000000001,-0.8145819999999999,CIV,BFA,0
2901510,44,21,0,2007,7474090.0,270820.0,-0.9989110000000001,-0.867232,CIV,BFA,0
2901511,44,21,0,2010,4380159.0,649621.0,-1.256641,-0.946767,CIV,BFA,0
2901512,44,21,0,2011,7093069.0,726883.0,-1.069474,-0.867439,CIV,BFA,0
2901513,44,21,0,2012,11480512.0,2686712.0,-0.9721879999999999,-0.837227,CIV,BFA,0
2901514,44,21,0,2013,11365225.0,1329882.0,-0.923558,-0.866642,CIV,BFA,0
2901515,44,21,0,2016,8781730.0,270393.0,-0.88415,-0.8122689999999999,CIV,BFA,0
2901516,44,21,0,2017,8487634.0,343989.0,-0.784119,-0.904135,CIV,BFA,0
2901517,44,21,0,2018,11229867.0,139845.0,-0.8733569999999999,-0.8443139999999999,CIV,BFA,0
2901518,44,21,0,2019,10080415.0,200867.0,-0.9916719999999999,-0.960625,CIV,BFA,0
2901519,44,21,0,2020,4949872.0,2657332.0,-1.2299200000000001,-1.095777,CIV,BFA,0
2901520,45,21,0,1997,3131.0,0.0,-1.205482,-1.015714,CMR,BFA,0
2901521,45,21,0,2000,0.0,21997.0,-1.547715,-1.161125,CMR,BFA,0
2901522,45,21,0,2003,37778.0,43022.0,-1.254788,-1.10897,CMR,BFA,0
2901523,45,21,0,2004,133459.0,0.0,-1.604916,-1.217399,CMR,BFA,0
2901524,45,21,0,2005,11215.0,0.0,-1.5648739999999999,-1.210117,CMR,BFA,0
2901525,45,21,0,2007,59241.0,26018.0,-0.821623,-0.965601,CMR,BFA,0
2901526,45,21,0,2008,21615.0,11874.0,-1.143808,-1.0725,CMR,BFA,0
2901527,45,21,0,2009,51783.0,26642.0,-1.128734,-1.022546,CMR,BFA,0
2901528,45,21,0,2010,1823.0,0.0,-1.114209,-1.0127899999999999,CMR,BFA,0
2901529,45,21,0,2012,41825.0,13592.0,-1.0127030000000001,-1.011776,CMR,BFA,0
2901530,45,21,0,2013,53822.0,17412.0,-0.901531,-1.027111,CMR,BFA,0
2901531,45,21,0,2014,33239.0,18155.0,-0.6723520000000001,-0.945084,CMR,BFA,0
2901532,45,21,0,2015,24235.0,13385.0,-0.924366,-1.040721,CMR,BFA,0
2901533,45,21,0,2016,19261.0,19790.0,-1.086484,-1.0725559999999998,CMR,BFA,0
2901534,45,21,0,2017,51971.0,26021.0,-1.048569,-1.030799,CMR,BFA,0
2901535,45,21,0,2018,29917.0,12955.0,-1.366619,-1.09894,CMR,BFA,0
2901536,45,21,0,2019,27430.0,0.0,-1.461279,-1.214274,CMR,BFA,0
2901537,45,21,0,1995,13436.0,0.0,-1.121716,-0.9758020000000001,CMR,BFA,0
2901538,45,21,0,1996,10317.0,0.0,-1.4036309999999999,-1.090633,CMR,BFA,0
2901539,45,21,0,2020,30577.0,73328.0,-1.379365,-1.177022,CMR,BFA,0
2901540,45,21,0,1998,26805.0,0.0,-1.8845029999999998,-1.250205,CMR,BFA,0
2901541,45,21,0,1999,18200.0,0.0,-1.7392470000000002,-1.241373,CMR,BFA,0
2901542,46,21,0,2015,0.0,8053.0,-1.3921290000000002,-1.146549,COD,BFA,0
2901543,46,21,0,2007,7169.0,0.0,-1.507664,-1.111844,COD,BFA,0
2901544,46,21,0,2011,18115.0,0.0,-0.722957,-0.965141,COD,BFA,0
2901545,46,21,0,2012,0.0,13174.0,-1.442925,-1.170333,COD,BFA,0
2901546,46,21,0,2014,124242.0,21869.0,-1.6680240000000002,-1.1265129999999999,COD,BFA,0
2901547,46,21,0,2020,18904.0,0.0,-1.538455,-1.1857659999999999,COD,BFA,0
2901548,46,21,0,2001,0.0,188266.0,-1.421643,-1.154007,COD,BFA,0
2901549,46,21,0,2002,0.0,421566.0,-1.2657370000000001,-1.108659,COD,BFA,0
2901550,47,21,0,2007,0.0,23563.0,-1.88462,-1.22688,COG,BFA,0
2901551,47,21,0,2008,25594.0,0.0,-2.2772799999999997,-1.216089,COG,BFA,0
2901552,47,21,0,2009,0.0,83640.0,-1.466289,-1.201249,COG,BFA,0
2901553,47,21,0,2011,23575.0,0.0,-0.979359,-1.084589,COG,BFA,0
2901554,47,21,0,2012,16045.0,66501.0,-1.210442,-1.086805,COG,BFA,0
2901555,47,21,0,2013,36543.0,0.0,-1.215681,-1.08679,COG,BFA,0
2901556,47,21,0,2014,14631.0,265733.0,-1.371624,-1.12468,COG,BFA,0
2901557,47,21,0,2015,24698.0,1110.0,-1.294823,-1.18811,COG,BFA,0
2901558,47,21,0,2016,36404.0,0.0,-0.718731,-1.0663799999999999,COG,BFA,0
2901559,47,21,0,2017,13260.0,0.0,-1.2289780000000001,-1.169368,COG,BFA,0
2901560,49,21,0,1997,0.0,11484512.0,0.190632,0.068001,COL,BFA,0
2901561,49,21,0,1998,0.0,22377706.0,0.205004,0.13985899999999998,COL,BFA,0
2901562,49,21,0,1999,0.0,10641645.0,0.190667,0.136271,COL,BFA,0
2901563,49,21,0,2000,0.0,12430556.0,0.299592,0.320885,COL,BFA,0
2901564,49,21,0,2001,0.0,12290174.0,0.30412,0.395913,COL,BFA,0
2901565,49,21,0,2002,0.0,14940133.0,0.345094,0.37787800000000005,COL,BFA,0
2901566,49,21,0,2003,0.0,11823643.0,0.218336,0.376869,COL,BFA,0
2901567,49,21,0,2004,0.0,3631921.0,0.033128,0.47524799999999995,COL,BFA,0
2901568,49,21,0,2006,0.0,162412.0,0.129887,0.44371700000000003,COL,BFA,0
2901569,49,21,0,2012,0.0,559059.0,0.15523699999999999,-0.30749099999999996,COL,BFA,0
2901570,49,21,0,2013,0.0,1134338.0,0.121799,-0.388239,COL,BFA,0
2901571,49,21,0,2014,0.0,1473171.0,0.19864500000000002,-0.378364,COL,BFA,0
2901572,49,21,0,2015,0.0,2436363.0,0.156383,-0.183055,COL,BFA,0
2901573,49,21,0,2016,494.0,0.0,0.10205700000000001,-0.155574,COL,BFA,0
2901574,54,21,0,2016,16948.0,0.0,-0.602309,-1.0781120000000002,CUB,BFA,0
2901575,54,21,0,2012,5481.0,0.0,0.129383,-0.7444609999999999,CUB,BFA,0
2901576,59,21,0,2011,165976.0,406293.0,1.737788,0.14741600000000002,CZE,BFA,0
2901577,59,21,0,2014,176879.0,0.0,1.8105830000000003,0.131131,CZE,BFA,0
2901578,59,21,0,2015,400727.0,0.0,1.743012,0.45424,CZE,BFA,0
2901579,59,21,0,2019,777855.0,21432.0,1.797611,0.406708,CZE,BFA,0
2901580,59,21,0,2000,10382.0,0.0,1.393001,1.23271,CZE,BFA,0
2901581,59,21,0,2012,732520.0,33996.0,1.747369,-0.0932,CZE,BFA,0
2901582,59,21,0,2013,735964.0,151913.0,1.819653,-0.12423800000000002,CZE,BFA,0
2901583,59,21,0,2006,48746.0,0.0,1.564058,0.6023649999999999,CZE,BFA,0
2901584,59,21,0,2007,64080.0,56688.0,1.620377,0.379404,CZE,BFA,0
2901585,59,21,0,2001,55294.0,209983.0,1.485703,1.109305,CZE,BFA,0
2901586,59,21,0,1996,26188.0,731546.0,1.401181,1.3094709999999998,CZE,BFA,0
2901587,59,21,0,1998,9249.0,149675.0,1.36345,1.408508,CZE,BFA,0
2901588,59,21,0,1999,50648.0,383883.0,1.412439,1.329385,CZE,BFA,0
2901589,59,21,0,2002,5558.0,190787.0,1.550713,1.037066,CZE,BFA,0
2901590,59,21,0,2003,45330.0,0.0,1.555749,0.8662059999999999,CZE,BFA,0
2901591,59,21,0,2004,39965.0,711898.0,1.562625,0.865244,CZE,BFA,0
2901592,59,21,0,2005,165568.0,53770.0,1.56768,0.6784319999999999,CZE,BFA,0
2901593,59,21,0,2008,41120.0,258529.0,1.592035,0.27983600000000003,CZE,BFA,0
2901594,59,21,0,2009,142055.0,46393.0,1.6323159999999999,0.47257200000000005,CZE,BFA,0
2901595,59,21,0,2010,72230.0,72464.0,1.732044,0.333934,CZE,BFA,0
2901596,59,21,0,2016,108217.0,1404.0,1.823627,0.552354,CZE,BFA,0
2901597,59,21,0,2017,90605.0,19567.0,1.7715130000000001,0.359668,CZE,BFA,0
2901598,59,21,0,2018,352056.0,18520.0,1.841016,0.220806,CZE,BFA,0
2901599,59,21,0,2020,967454.0,124830.0,1.716646,0.602441,CZE,BFA,0
2901600,59,21,0,1995,44948.0,0.0,1.375091,1.628069,CZE,BFA,0
2901601,59,21,0,1997,0.0,636969.0,1.40651,1.354695,CZE,BFA,0
2901602,61,21,0,1995,968707.0,425187.0,2.325385,-2.2238189999999998,DEU,BFA,0
2901603,61,21,0,1996,411024.0,306048.0,2.279976,-2.572299,DEU,BFA,0
2901604,61,21,0,1997,337091.0,2217786.0,2.293936,-2.2301919999999997,DEU,BFA,0
2901605,61,21,0,1998,346205.0,6298922.0,2.334028,-2.417278,DEU,BFA,0
2901606,61,21,0,1999,363967.0,2796044.0,2.334811,-2.060502,DEU,BFA,0
2901607,61,21,0,2000,358420.0,2147358.0,2.316177,-2.4478419999999996,DEU,BFA,0
2901608,61,21,0,2001,488264.0,753244.0,2.321375,-2.1110990000000003,DEU,BFA,0
2901609,61,21,0,2002,792929.0,790419.0,2.297691,-2.183239,DEU,BFA,0
2901610,61,21,0,2003,662621.0,13481.0,2.2821919999999998,-2.0985150000000004,DEU,BFA,0
2901611,61,21,0,2004,455189.0,1572080.0,2.266076,-2.011139,DEU,BFA,0
2901612,61,21,0,2005,530212.0,291838.0,2.172479,-2.446472,DEU,BFA,0
2901613,61,21,0,2006,1256503.0,1066185.0,2.132566,-2.773669,DEU,BFA,0
2901614,61,21,0,2007,453293.0,653976.0,2.114566,-2.934732,DEU,BFA,0
2901615,61,21,0,2008,650593.0,1145966.0,2.007167,-3.256961,DEU,BFA,0
2901616,61,21,0,2009,508659.0,1461512.0,2.056515,-3.034837,DEU,BFA,0
2901617,61,21,0,2010,348823.0,682673.0,2.035672,-3.383322,DEU,BFA,0
2901618,61,21,0,2011,478157.0,4928531.0,2.074435,-3.440815,DEU,BFA,0
2901619,61,21,0,2012,1511088.0,3932570.0,1.966247,-3.3238410000000003,DEU,BFA,0
2901620,61,21,0,2013,1751629.0,5809169.0,2.093658,-3.4281980000000005,DEU,BFA,0
2901621,61,21,0,2014,2754698.0,3529109.0,2.052849,-2.888805,DEU,BFA,0
2901622,61,21,0,2015,752854.0,5861064.0,2.203818,-2.307561,DEU,BFA,0
2901623,61,21,0,2016,3693202.0,2935073.0,2.203093,-2.24919,DEU,BFA,0
2901624,61,21,0,2017,1463277.0,3133543.0,2.1149459999999998,-2.525372,DEU,BFA,0
2901625,61,21,0,2018,2663785.0,825030.0,2.109059,-2.428826,DEU,BFA,0
2901626,61,21,0,2019,2042483.0,608509.0,2.078626,-2.124816,DEU,BFA,0
2901627,61,21,0,2020,3106313.0,420803.0,2.027494,-2.3646689999999997,DEU,BFA,0
2901628,64,21,0,1995,24272.0,0.0,1.3800270000000001,1.489036,DNK,BFA,0
2901629,64,21,0,1996,166162.0,0.0,1.443514,1.275684,DNK,BFA,0
2901630,64,21,0,1997,79634.0,0.0,1.358279,1.420107,DNK,BFA,0
2901631,64,21,0,1998,40941.0,0.0,1.225999,1.470145,DNK,BFA,0
2901632,64,21,0,2000,112855.0,0.0,1.230078,1.429499,DNK,BFA,0
2901633,64,21,0,2002,70189.0,27589.0,1.26594,1.225186,DNK,BFA,0
2901634,64,21,0,2003,86255.0,0.0,1.309564,1.245596,DNK,BFA,0
2901635,64,21,0,2004,32733.0,16284.0,1.328968,1.262743,DNK,BFA,0
2901636,64,21,0,2005,42886.0,0.0,1.210286,1.217256,DNK,BFA,0
2901637,64,21,0,2007,178406.0,14926.0,1.204019,1.122666,DNK,BFA,0
2901638,64,21,0,2008,58698.0,6299.0,1.165294,1.1112440000000001,DNK,BFA,0
2901639,64,21,0,2009,38900.0,5647.0,1.242327,1.064709,DNK,BFA,0
2901640,64,21,0,2010,80886.0,7850.0,1.082468,1.280759,DNK,BFA,0
2901641,64,21,0,2011,157401.0,1817.0,1.156026,1.2248299999999999,DNK,BFA,0
2901642,64,21,0,2012,22598.0,11407.0,1.105061,1.245377,DNK,BFA,0
2901643,64,21,0,2013,127124.0,973.0,1.161835,1.1788450000000001,DNK,BFA,0
2901644,64,21,0,2015,21111.0,3412.0,1.157924,1.2045629999999998,DNK,BFA,0
2901645,64,21,0,2016,28407.0,5465.0,1.117864,1.302658,DNK,BFA,0
2901646,64,21,0,2017,55998.0,10678.0,1.159753,1.233914,DNK,BFA,0
2901647,64,21,0,2018,126081.0,4047.0,1.0945040000000001,1.3311540000000002,DNK,BFA,0
2901648,64,21,0,2019,82140.0,263.0,1.0768280000000001,1.2615610000000002,DNK,BFA,0
2901649,64,21,0,2020,388880.0,2001.0,1.093217,1.2166549999999998,DNK,BFA,0
2901650,64,21,0,1999,32507.0,0.0,1.264405,1.469627,DNK,BFA,0
2901651,64,21,0,2001,244652.0,2634.0,1.261883,1.351875,DNK,BFA,0
2901652,64,21,0,2014,151886.0,1020.0,1.10869,1.245193,DNK,BFA,0
2901653,65,21,0,2012,6532.0,0.0,-0.193432,0.590896,DOM,BFA,0
2901654,66,21,0,2002,0.0,421293.0,-0.912033,-1.1731850000000001,DZA,BFA,0
2901655,66,21,0,1999,0.0,389444.0,-0.701764,-1.175132,DZA,BFA,0
2901656,66,21,0,2006,0.0,179467.0,-0.489962,-1.12456,DZA,BFA,0
2901657,66,21,0,2007,0.0,322247.0,-0.9822690000000001,-1.170282,DZA,BFA,0
2901658,66,21,0,2012,10028.0,405513.0,-1.349046,-1.1601860000000002,DZA,BFA,0
2901659,66,21,0,2013,2278.0,0.0,-1.373947,-1.1523459999999999,DZA,BFA,0
2901660,66,21,0,2015,2109.0,0.0,-1.54346,-1.255633,DZA,BFA,0
2901661,66,21,0,2016,26450.0,0.0,-1.0202930000000001,-1.236642,DZA,BFA,0
2901662,66,21,0,2017,687.0,0.0,-0.9905579999999999,-1.1996200000000001,DZA,BFA,0
2901663,66,21,0,2018,10002.0,9693.0,-1.281519,-1.22291,DZA,BFA,0
2901664,66,21,0,2019,14676.0,1709.0,-1.008866,-1.215228,DZA,BFA,0
2901665,66,21,0,2003,0.0,241758.0,-1.060727,-1.142594,DZA,BFA,0
2901666,66,21,0,2020,30067.0,0.0,-1.015133,-1.243726,DZA,BFA,0
2901667,66,21,0,2005,4857.0,0.0,-0.363675,-1.117724,DZA,BFA,0
2901668,68,21,0,1998,22441.0,0.0,-0.462755,0.079802,EGY,BFA,0
2901669,68,21,0,1999,489.0,0.0,-0.311879,0.300746,EGY,BFA,0
2901670,68,21,0,2000,6340.0,0.0,-0.41125900000000004,0.099833,EGY,BFA,0
2901671,68,21,0,2001,2790.0,0.0,-0.373576,0.366385,EGY,BFA,0
2901672,68,21,0,2004,2173.0,2058.0,-0.300563,0.41834899999999997,EGY,BFA,0
2901673,68,21,0,2005,188854.0,0.0,-0.247748,0.492885,EGY,BFA,0
2901674,68,21,0,2007,119303.0,9242.0,-0.144054,0.663592,EGY,BFA,0
2901675,68,21,0,2008,269743.0,0.0,-0.098316,1.134642,EGY,BFA,0
2901676,68,21,0,2009,50736.0,4517.0,-0.20940300000000003,1.6466290000000001,EGY,BFA,0
2901677,68,21,0,2012,26071.0,0.0,-0.143732,1.316722,EGY,BFA,0
2901678,68,21,0,2013,734429.0,12485264.0,-0.17418,1.692641,EGY,BFA,0
2901679,68,21,0,2014,63802.0,23366444.0,-0.086866,1.7419669999999998,EGY,BFA,0
2901680,68,21,0,2016,16691.0,23909526.0,-0.142377,1.674348,EGY,BFA,0
2901681,68,21,0,2017,655766.0,24816212.0,-0.073436,1.829121,EGY,BFA,0
2901682,68,21,0,1995,8066.0,0.0,-0.340042,-0.085601,EGY,BFA,0
2901683,68,21,0,2010,82955.0,89510.0,-0.181826,1.409465,EGY,BFA,0
2901684,68,21,0,2011,173211.0,0.0,-0.166243,1.384719,EGY,BFA,0
2901685,68,21,0,2015,175035.0,14355437.0,-0.183053,1.765036,EGY,BFA,0
2901686,68,21,0,2018,82439.0,22551286.0,-0.096635,1.585658,EGY,BFA,0
2901687,68,21,0,2019,49972.0,3479118.0,-0.152353,1.5426309999999999,EGY,BFA,0
2901688,68,21,0,2020,17706.0,1317762.0,-0.186095,1.6414330000000001,EGY,BFA,0
2901689,71,21,0,1995,65329.0,619152.0,1.144247,1.933844,ESP,BFA,0
2901690,71,21,0,1996,74173.0,289235.0,1.105317,1.9473,ESP,BFA,0
2901691,71,21,0,1997,175729.0,459487.0,1.082049,2.0238650000000002,ESP,BFA,0
2901692,71,21,0,1998,103878.0,3394876.0,1.051392,1.983438,ESP,BFA,0
2901693,71,21,0,1999,43419.0,1038063.0,1.0849209999999998,1.9351180000000001,ESP,BFA,0
2901694,71,21,0,2000,209391.0,738545.0,1.098989,1.911029,ESP,BFA,0
2901695,71,21,0,2001,138680.0,1031515.0,1.079664,1.9842220000000002,ESP,BFA,0
2901696,71,21,0,2002,311301.0,1468281.0,1.012246,2.049594,ESP,BFA,0
2901697,71,21,0,2003,395994.0,1085244.0,0.960684,2.074792,ESP,BFA,0
2901698,71,21,0,2004,1161088.0,1461757.0,0.9784649999999999,2.051216,ESP,BFA,0
2901699,71,21,0,2005,528317.0,188817.0,0.9318489999999999,1.999698,ESP,BFA,0
2901700,71,21,0,2006,516767.0,75474.0,0.9091370000000001,2.068166,ESP,BFA,0
2901701,71,21,0,2007,704195.0,181950.0,0.914681,2.027797,ESP,BFA,0
2901702,71,21,0,2008,729209.0,122168.0,0.8755649999999999,2.122164,ESP,BFA,0
2901703,71,21,0,2009,929417.0,15736.0,0.9021020000000001,2.170578,ESP,BFA,0
2901704,71,21,0,2010,504512.0,70597.0,0.832619,2.448009,ESP,BFA,0
2901705,71,21,0,2011,1589612.0,261129.0,0.8677290000000001,2.4618450000000003,ESP,BFA,0
2901706,71,21,0,2012,461502.0,415313.0,0.8528309999999999,2.462809,ESP,BFA,0
2901707,71,21,0,2013,492340.0,413410.0,0.861698,2.353993,ESP,BFA,0
2901708,71,21,0,2014,625035.0,274311.0,0.842147,2.45692,ESP,BFA,0
2901709,71,21,0,2015,377756.0,988813.0,0.8173590000000001,2.442556,ESP,BFA,0
2901710,71,21,0,2016,994005.0,533914.0,0.765428,2.57725,ESP,BFA,0
2901711,71,21,0,2017,662059.0,646146.0,0.734342,2.8180099999999997,ESP,BFA,0
2901712,71,21,0,2018,1561127.0,181008.0,0.744825,2.919005,ESP,BFA,0
2901713,71,21,0,2019,583656.0,96644.0,0.678454,3.007838,ESP,BFA,0
2901714,71,21,0,2020,587462.0,64280.0,0.736657,2.731661,ESP,BFA,0
2901715,72,21,0,2013,390879.0,0.0,0.8828940000000001,1.386574,EST,BFA,0
2901716,72,21,0,2014,194906.0,0.0,0.9147780000000001,1.151556,EST,BFA,0
2901717,72,21,0,2009,52572.0,0.0,0.749058,1.269572,EST,BFA,0
2901718,72,21,0,2010,66486.0,0.0,0.832316,1.1844649999999999,EST,BFA,0
2901719,72,21,0,2011,274459.0,0.0,0.9806790000000001,1.110449,EST,BFA,0
2901720,72,21,0,2012,441688.0,0.0,0.8594450000000001,1.299628,EST,BFA,0
2901721,72,21,0,2008,32501.0,0.0,0.749696,1.5173940000000001,EST,BFA,0
2901722,72,21,0,2000,0.0,238831.0,0.358559,0.583236,EST,BFA,0
2901723,73,21,0,2018,0.0,45897.0,-0.874857,-0.464958,ETH,BFA,0
2901724,73,21,0,2010,18741.0,101236.0,-1.122906,-0.840777,ETH,BFA,0
2901725,73,21,0,2011,25045.0,0.0,-1.258175,-0.920692,ETH,BFA,0
2901726,73,21,0,2012,5045.0,0.0,-1.134031,-0.991977,ETH,BFA,0
2901727,73,21,0,2013,17538.0,14041.0,-1.264002,-0.9594219999999999,ETH,BFA,0
2901728,73,21,0,2014,12731.0,6180.0,-1.296535,-1.045942,ETH,BFA,0
2901729,73,21,0,2015,87896.0,0.0,-1.004896,-0.721019,ETH,BFA,0
2901730,73,21,0,2016,39269.0,5373.0,-1.006161,-0.756472,ETH,BFA,0
2901731,73,21,0,2017,111969.0,8743.0,-1.007413,-0.638231,ETH,BFA,0
2901732,73,21,0,2019,9635.0,25340.0,-1.073631,-0.617885,ETH,BFA,0
2901733,73,21,0,2020,52565.0,20263.0,-0.952033,-0.707262,ETH,BFA,0
2901734,74,21,0,1997,2610.0,0.0,1.9298959999999998,1.083861,FIN,BFA,0
2901735,74,21,0,2004,414841.0,0.0,2.000218,0.9867309999999999,FIN,BFA,0
2901736,74,21,0,2005,52576.0,0.0,1.8661240000000001,0.932386,FIN,BFA,0
2901737,74,21,0,2008,35923.0,0.0,1.767859,0.846409,FIN,BFA,0
2901738,74,21,0,2009,470084.0,0.0,1.8206849999999999,0.797421,FIN,BFA,0
2901739,74,21,0,2011,2511.0,0.0,1.7488830000000002,0.890934,FIN,BFA,0
2901740,74,21,0,2012,25292.0,0.0,1.58219,0.939001,FIN,BFA,0
2901741,74,21,0,2013,3477.0,7453.0,1.734552,0.8896940000000001,FIN,BFA,0
2901742,74,21,0,2014,58341.0,0.0,1.626355,1.002923,FIN,BFA,0
2901743,74,21,0,2018,47264.0,0.0,1.61151,0.9474549999999999,FIN,BFA,0
2901744,74,21,0,2019,47272.0,0.0,1.495278,1.034435,FIN,BFA,0
2901745,74,21,0,1996,2643.0,0.0,2.0584729999999998,1.006908,FIN,BFA,0
2901746,74,21,0,2017,81703.0,1768.0,1.655957,0.962485,FIN,BFA,0
2901747,74,21,0,2020,24233.0,0.0,1.498089,1.066223,FIN,BFA,0
2901748,74,21,0,2002,8589.0,0.0,2.0234240000000003,0.979141,FIN,BFA,0
2901749,74,21,0,2015,32911.0,0.0,1.597817,0.998059,FIN,BFA,0
2901750,74,21,0,2016,5191.0,0.0,1.581968,1.006432,FIN,BFA,0
2901751,77,21,0,1995,3172449.0,397708.0,1.768484,0.765537,FRA,BFA,0
2901752,77,21,0,1996,4936172.0,291884.0,1.69082,0.721312,FRA,BFA,0
2901753,77,21,0,1997,3987208.0,1044867.0,1.69504,0.8278549999999999,FRA,BFA,0
2901754,77,21,0,1998,3944509.0,795258.0,1.707702,0.7784270000000001,FRA,BFA,0
2901755,77,21,0,1999,3533965.0,2058578.0,1.72758,0.6619079999999999,FRA,BFA,0
2901756,77,21,0,2000,2128535.0,5572765.0,1.674971,0.47538100000000005,FRA,BFA,0
2901757,77,21,0,2001,2586801.0,5179264.0,1.653507,0.797582,FRA,BFA,0
2901758,77,21,0,2002,3556728.0,4427133.0,1.569367,0.9886360000000001,FRA,BFA,0
2901759,77,21,0,2003,4592550.0,1893569.0,1.606606,0.7394149999999999,FRA,BFA,0
2901760,77,21,0,2004,7703127.0,1595109.0,1.6003530000000001,0.643945,FRA,BFA,0
2901761,77,21,0,2005,7084260.0,2660960.0,1.505148,0.594409,FRA,BFA,0
2901762,77,21,0,2006,4565670.0,1343988.0,1.47591,0.489466,FRA,BFA,0
2901763,77,21,0,2007,8907398.0,2452057.0,1.4565350000000001,0.262845,FRA,BFA,0
2901764,77,21,0,2008,9250702.0,1281871.0,1.487702,-0.223965,FRA,BFA,0
2901765,77,21,0,2009,11450863.0,1444201.0,1.540346,0.090377,FRA,BFA,0
2901766,77,21,0,2010,10055988.0,2283789.0,1.530027,-0.052557000000000006,FRA,BFA,0
2901767,77,21,0,2011,12682992.0,2083004.0,1.532054,0.09339299999999999,FRA,BFA,0
2901768,77,21,0,2012,10845786.0,719722.0,1.425025,0.27534899999999995,FRA,BFA,0
2901769,77,21,0,2013,12328020.0,2125475.0,1.520354,0.022874000000000002,FRA,BFA,0
2901770,77,21,0,2014,13840720.0,4216191.0,1.4817790000000002,0.30995,FRA,BFA,0
2901771,77,21,0,2015,10135357.0,4774645.0,1.479792,0.6490239999999999,FRA,BFA,0
2901772,77,21,0,2016,9828256.0,2067940.0,1.476437,0.911746,FRA,BFA,0
2901773,77,21,0,2017,9874946.0,1384924.0,1.398427,0.894732,FRA,BFA,0
2901774,77,21,0,2018,10866914.0,2687990.0,1.420819,0.7793770000000001,FRA,BFA,0
2901775,77,21,0,2019,7971185.0,1069427.0,1.380982,0.9510629999999999,FRA,BFA,0
2901776,77,21,0,2020,11800206.0,1059632.0,1.341275,0.8991870000000001,FRA,BFA,0
2901777,80,21,0,2005,6168.0,0.0,-1.4162700000000001,-1.173227,GAB,BFA,0
2901778,80,21,0,2004,0.0,3034.0,-0.700329,-1.137018,GAB,BFA,0
2901779,80,21,0,2007,0.0,11192.0,-1.328633,-1.165045,GAB,BFA,0
2901780,80,21,0,2008,4772.0,0.0,-1.316179,-1.117633,GAB,BFA,0
2901781,80,21,0,2013,54570.0,4034.0,-1.6582830000000002,-1.155302,GAB,BFA,0
2901782,80,21,0,2016,85673.0,23457.0,-1.530568,-1.254999,GAB,BFA,0
2901783,80,21,0,2017,0.0,22307.0,-1.109612,-1.177577,GAB,BFA,0
2901784,80,21,0,2018,0.0,27042.0,-1.4979200000000001,-1.180407,GAB,BFA,0
2901785,80,21,0,2012,0.0,40491.0,-1.563872,-1.168605,GAB,BFA,0
2901786,80,21,0,2014,0.0,33185.0,-1.625474,-1.135973,GAB,BFA,0
2901787,80,21,0,2011,0.0,60475.0,-1.093784,-1.0849659999999999,GAB,BFA,0
2901788,81,21,0,1995,780953.0,49948.0,1.8656979999999999,1.107121,GBR,BFA,0
2901789,81,21,0,1996,609005.0,93778.0,1.850284,0.883084,GBR,BFA,0
2901790,81,21,0,1997,418413.0,504833.0,1.886353,0.783832,GBR,BFA,0
2901791,81,21,0,1998,198993.0,346315.0,1.906738,0.489101,GBR,BFA,0
2901792,81,21,0,1999,103000.0,468334.0,1.9523830000000002,0.771455,GBR,BFA,0
2901793,81,21,0,2000,48233.0,370056.0,1.957339,0.610052,GBR,BFA,0
2901794,81,21,0,2001,328588.0,359991.0,1.976894,0.685435,GBR,BFA,0
2901795,81,21,0,2002,17512.0,280506.0,1.893177,0.831382,GBR,BFA,0
2901796,81,21,0,2003,211453.0,1731.0,1.8712540000000002,0.706205,GBR,BFA,0
2901797,81,21,0,2004,156783.0,710267.0,1.843506,0.684779,GBR,BFA,0
2901798,81,21,0,2005,233452.0,623514.0,1.805023,0.425654,GBR,BFA,0
2901799,81,21,0,2006,382279.0,0.0,1.824154,0.614424,GBR,BFA,0
2901800,81,21,0,2007,117365.0,2647248.0,1.718661,0.35525300000000004,GBR,BFA,0
2901801,81,21,0,2008,63286.0,1552299.0,1.7586119999999998,0.061214,GBR,BFA,0
2901802,81,21,0,2009,50673.0,263959.0,1.7921779999999998,0.41211499999999995,GBR,BFA,0
2901803,81,21,0,2010,244581.0,581243.0,1.828224,0.386383,GBR,BFA,0
2901804,81,21,0,2011,35090.0,225250.0,1.8048220000000001,0.380141,GBR,BFA,0
2901805,81,21,0,2012,160533.0,78098.0,1.701279,0.518166,GBR,BFA,0
2901806,81,21,0,2013,47394.0,434064.0,1.7901259999999999,0.44164,GBR,BFA,0
2901807,81,21,0,2014,110972.0,1677686.0,1.697964,0.585372,GBR,BFA,0
2901808,81,21,0,2015,95520.0,1759585.0,1.7422990000000003,0.75838,GBR,BFA,0
2901809,81,21,0,2016,130751.0,2239250.0,1.6974669999999998,0.9231299999999999,GBR,BFA,0
2901810,81,21,0,2017,227436.0,2588575.0,1.6883119999999998,0.8347469999999999,GBR,BFA,0
2901811,81,21,0,2018,100982.0,2254845.0,1.693008,0.768159,GBR,BFA,0
2901812,81,21,0,2019,1165105.0,2355811.0,1.731106,0.717566,GBR,BFA,0
2901813,81,21,0,2020,229967.0,794751.0,1.6459,0.7702640000000001,GBR,BFA,0
2901814,83,21,0,1998,850705.0,113404.0,-1.215123,-1.0427620000000002,GHA,BFA,0
2901815,83,21,0,2003,949751.0,13858546.0,-1.074188,-0.7127319999999999,GHA,BFA,0
2901816,83,21,0,1996,630831.0,6395.0,-1.035244,-0.9834129999999999,GHA,BFA,0
2901817,83,21,0,1999,820876.0,1942.0,-0.9444520000000001,-0.905826,GHA,BFA,0
2901818,83,21,0,2000,435667.0,878816.0,-1.192608,-0.811986,GHA,BFA,0
2901819,83,21,0,2001,430478.0,1763334.0,-0.961067,-0.780449,GHA,BFA,0
2901820,83,21,0,2011,2819360.0,922279.0,-0.8627319999999999,-0.608823,GHA,BFA,0
2901821,83,21,0,1997,1262400.0,96264.0,-1.012728,-0.939893,GHA,BFA,0
2901822,83,21,0,2002,768079.0,296272.0,-1.333425,-1.0709879999999998,GHA,BFA,0
2901823,83,21,0,2006,56060548.0,67641.0,-0.9934860000000001,-0.809318,GHA,BFA,0
2901824,83,21,0,2007,11486698.0,3836209.0,-0.906867,-0.565891,GHA,BFA,0
2901825,83,21,0,2009,2842182.0,689616.0,-0.909436,-0.6619470000000001,GHA,BFA,0
2901826,83,21,0,2010,1955231.0,259965.0,-0.835003,-0.633731,GHA,BFA,0
2901827,83,21,0,2012,18678554.0,103139.0,-0.9610920000000001,-0.745232,GHA,BFA,0
2901828,83,21,0,2013,7261113.0,30549.0,-0.7316010000000001,-0.5327689999999999,GHA,BFA,0
2901829,83,21,0,2014,8804515.0,79658.0,-1.130226,-0.9909379999999999,GHA,BFA,0
2901830,83,21,0,2015,9214335.0,181420.0,-0.750568,-0.690257,GHA,BFA,0
2901831,83,21,0,2016,5749282.0,1027054.0,-0.945358,-0.805301,GHA,BFA,0
2901832,83,21,0,2017,6479478.0,147946.0,-0.929143,-0.811439,GHA,BFA,0
2901833,83,21,0,2018,9918043.0,457433.0,-0.956109,-0.861556,GHA,BFA,0
2901834,83,21,0,2019,10553396.0,1368222.0,-0.9581,-0.8727879999999999,GHA,BFA,0
2901835,83,21,0,2005,1078735.0,6578065.0,-1.031092,-0.820743,GHA,BFA,0
2901836,83,21,0,2008,5591022.0,180963.0,-0.9339360000000001,-0.701724,GHA,BFA,0
2901837,83,21,0,2004,1463531.0,13501286.0,-1.2972540000000001,-0.9967219999999999,GHA,BFA,0
2901838,83,21,0,2020,2477011.0,1579641.0,-0.973506,-0.9559139999999999,GHA,BFA,0
2901839,83,21,0,1995,279904.0,0.0,-1.247755,-1.070455,GHA,BFA,0
2901840,85,21,0,2009,0.0,251456.0,-1.618121,-1.2200520000000001,GIN,BFA,0
2901841,85,21,0,2011,1065.0,16935.0,-1.728661,-1.193353,GIN,BFA,0
2901842,85,21,0,2013,31846.0,0.0,-1.1287459999999998,-1.069735,GIN,BFA,0
2901843,85,21,0,2014,9405.0,0.0,-1.628409,-1.202473,GIN,BFA,0
2901844,85,21,0,2015,20262.0,64318.0,-1.288329,-1.167532,GIN,BFA,0
2901845,85,21,0,2016,4629.0,0.0,-1.474753,-1.215627,GIN,BFA,0
2901846,85,21,0,2017,0.0,10407.0,-1.7560669999999998,-1.2747680000000001,GIN,BFA,0
2901847,85,21,0,2018,9811.0,188594.0,-1.036697,-1.1562860000000001,GIN,BFA,0
2901848,85,21,0,2019,43340.0,130350.0,-1.366633,-1.196123,GIN,BFA,0
2901849,85,21,0,1998,0.0,4950.0,-1.676035,-1.248894,GIN,BFA,0
2901850,85,21,0,2008,0.0,120066.0,-1.530997,-1.171231,GIN,BFA,0
2901851,85,21,0,2020,8957.0,180598.0,-1.841029,-1.233167,GIN,BFA,0
2901852,85,21,0,2003,0.0,68424.0,-2.14752,-1.250048,GIN,BFA,0
2901853,85,21,0,2010,0.0,114043.0,-1.6761720000000002,-1.181665,GIN,BFA,0
2901854,87,21,0,2014,613.0,0.0,-0.905488,-0.7892819999999999,GMB,BFA,0
2901855,89,21,0,2008,0.0,238593.0,-1.059208,-0.843542,GNQ,BFA,0
2901856,90,21,0,2000,2573.0,0.0,0.30201300000000003,1.4171799999999999,GRC,BFA,0
2901857,90,21,0,2013,225857.0,1157.0,0.18823800000000002,0.910906,GRC,BFA,0
2901858,90,21,0,2014,33439.0,1893465.0,0.149337,0.8560540000000001,GRC,BFA,0
2901859,90,21,0,2019,24716.0,6833766.0,0.08904400000000001,1.059396,GRC,BFA,0
2901860,90,21,0,2001,0.0,1433.0,0.31387600000000004,1.3614600000000001,GRC,BFA,0
2901861,90,21,0,2002,1168.0,1258.0,0.31858000000000003,1.47417,GRC,BFA,0
2901862,90,21,0,1997,0.0,563894.0,0.229516,1.085225,GRC,BFA,0
2901863,90,21,0,1998,0.0,163941.0,0.183835,1.1512790000000002,GRC,BFA,0
2901864,90,21,0,2009,0.0,2224.0,0.2196,1.63301,GRC,BFA,0
2901865,90,21,0,2010,0.0,153343.0,0.200249,1.4640090000000001,GRC,BFA,0
2901866,90,21,0,2011,58481.0,0.0,0.138679,1.30044,GRC,BFA,0
2901867,90,21,0,2012,5496.0,0.0,0.20949600000000002,1.086158,GRC,BFA,0
2901868,90,21,0,2005,0.0,369273.0,0.321907,1.7731669999999997,GRC,BFA,0
2901869,90,21,0,2017,28498.0,0.0,0.154098,1.151038,GRC,BFA,0
2901870,90,21,0,2016,29406.0,1909070.0,0.12153499999999999,1.126101,GRC,BFA,0
2901871,90,21,0,2015,481.0,642968.0,0.099027,1.012289,GRC,BFA,0
2901872,90,21,0,2020,5772.0,27825472.0,0.199011,1.087811,GRC,BFA,0
2901873,93,21,0,2018,900.0,0.0,-0.362668,0.520826,GTM,BFA,0
2901874,97,21,0,1995,3294425.0,2005199.0,0.5244449999999999,2.682738,HKG,BFA,0
2901875,97,21,0,1996,1899704.0,0.0,0.54364,2.727659,HKG,BFA,0
2901876,97,21,0,1997,3222545.0,1135623.0,0.521942,2.578405,HKG,BFA,0
2901877,97,21,0,1998,3724916.0,2078319.0,0.46966099999999994,2.5744029999999998,HKG,BFA,0
2901878,97,21,0,1999,3053656.0,211255.0,0.387427,2.402434,HKG,BFA,0
2901879,97,21,0,2000,596950.0,0.0,0.416202,2.4793950000000002,HKG,BFA,0
2901880,97,21,0,2001,943872.0,0.0,0.521528,2.3025,HKG,BFA,0
2901881,97,21,0,2002,2328087.0,18774.0,0.5701109999999999,1.989357,HKG,BFA,0
2901882,97,21,0,2003,3178654.0,0.0,0.494569,2.147062,HKG,BFA,0
2901883,97,21,0,2004,2329995.0,0.0,0.604825,2.098745,HKG,BFA,0
2901884,97,21,0,2005,2207859.0,0.0,0.5862149999999999,2.0303459999999998,HKG,BFA,0
2901885,97,21,0,2006,2476224.0,0.0,0.5776319999999999,2.076782,HKG,BFA,0
2901886,97,21,0,2007,1570532.0,1708.0,0.639034,2.1086009999999997,HKG,BFA,0
2901887,97,21,0,2008,1446736.0,191339.0,0.74435,2.149616,HKG,BFA,0
2901888,97,21,0,2009,1292339.0,544522.0,0.654964,1.98672,HKG,BFA,0
2901889,97,21,0,2010,1218355.0,621470.0,0.715745,1.9780259999999998,HKG,BFA,0
2901890,97,21,0,2011,862167.0,1615890.0,0.663588,1.902118,HKG,BFA,0
2901891,97,21,0,2012,95791.0,7145264.0,0.8124979999999999,1.677497,HKG,BFA,0
2901892,97,21,0,2013,142132.0,7919068.0,0.744383,1.923139,HKG,BFA,0
2901893,97,21,0,2014,84642.0,382390.0,0.812132,1.722493,HKG,BFA,0
2901894,97,21,0,2015,93173.0,0.0,0.8255290000000001,1.8017279999999998,HKG,BFA,0
2901895,97,21,0,2016,102153.0,0.0,0.8029029999999999,1.477249,HKG,BFA,0
2901896,97,21,0,2017,215964.0,16539.0,0.824982,1.7162220000000001,HKG,BFA,0
2901897,97,21,0,2018,162552.0,0.0,0.843677,1.656073,HKG,BFA,0
2901898,97,21,0,2019,214857.0,0.0,0.992556,1.523004,HKG,BFA,0
2901899,97,21,0,2020,231505.0,23144.0,1.070483,1.183618,HKG,BFA,0
2901900,99,21,0,2017,806.0,0.0,-0.6335689999999999,-0.334201,HND,BFA,0
2901901,100,21,0,2004,0.0,124479.0,0.6669970000000001,1.088043,HRV,BFA,0
2901902,100,21,0,2017,196362.0,0.0,0.860825,1.365445,HRV,BFA,0
2901903,100,21,0,2020,2930.0,0.0,0.876001,1.250877,HRV,BFA,0
2901904,100,21,0,2018,4624.0,0.0,0.7923720000000001,1.4047209999999999,HRV,BFA,0
2901905,100,21,0,2019,15560.0,0.0,0.850527,1.280845,HRV,BFA,0
2901906,100,21,0,2016,69049.0,0.0,0.8695200000000001,1.214791,HRV,BFA,0
2901907,100,21,0,1997,0.0,111772.0,0.607903,1.147751,HRV,BFA,0
2901908,100,21,0,1998,0.0,132596.0,0.692779,0.9919530000000001,HRV,BFA,0
2901909,101,21,0,2019,0.0,96703.0,-1.120295,-0.967447,HTI,BFA,0
2901910,102,21,0,2008,667.0,0.0,1.3358299999999999,0.8177770000000001,HUN,BFA,0
2901911,102,21,0,2015,8783.0,0.0,1.462839,0.803258,HUN,BFA,0
2901912,102,21,0,2016,38778.0,0.0,1.445281,0.8422209999999999,HUN,BFA,0
2901913,102,21,0,2017,75143.0,0.0,1.4886270000000001,0.845986,HUN,BFA,0
2901914,102,21,0,2018,42553.0,0.0,1.519662,0.833092,HUN,BFA,0
2901915,102,21,0,2019,90135.0,0.0,1.462102,0.809183,HUN,BFA,0
2901916,102,21,0,2020,137022.0,0.0,1.393152,0.878916,HUN,BFA,0
2901917,102,21,0,2009,1381.0,0.0,1.397765,0.772375,HUN,BFA,0
2901918,102,21,0,2013,307910.0,0.0,1.506101,0.7279220000000001,HUN,BFA,0
2901919,102,21,0,2014,721441.0,0.0,1.477093,0.812869,HUN,BFA,0
2901920,102,21,0,1998,0.0,286565.0,0.780392,1.450701,HUN,BFA,0
2901921,102,21,0,2002,3194.0,0.0,1.179684,1.0574860000000001,HUN,BFA,0
2901922,102,21,0,2010,638.0,0.0,1.514225,0.740341,HUN,BFA,0
2901923,102,21,0,2012,414020.0,0.0,1.396648,0.759196,HUN,BFA,0
2901924,102,21,0,2001,116028.0,0.0,1.102262,1.138016,HUN,BFA,0
2901925,102,21,0,1995,27364.0,0.0,0.878711,1.8200060000000002,HUN,BFA,0
2901926,103,21,0,1997,71847.0,4898548.0,-0.44080699999999995,1.220104,IDN,BFA,0
2901927,103,21,0,1999,203204.0,9804583.0,-0.20447,1.568505,IDN,BFA,0
2901928,103,21,0,2000,239821.0,2547104.0,-0.125831,1.7116360000000002,IDN,BFA,0
2901929,103,21,0,2001,257474.0,2788440.0,-0.167771,1.6587889999999998,IDN,BFA,0
2901930,103,21,0,2002,220663.0,3471304.0,-0.10020499999999999,1.590314,IDN,BFA,0
2901931,103,21,0,2003,97565.0,3053228.0,-0.16802,1.7252990000000001,IDN,BFA,0
2901932,103,21,0,2004,269450.0,7940438.0,-0.223644,1.719065,IDN,BFA,0
2901933,103,21,0,2005,285467.0,6734656.0,-0.273208,1.5252379999999999,IDN,BFA,0
2901934,103,21,0,2006,19584.0,9648943.0,-0.21012399999999998,1.467838,IDN,BFA,0
2901935,103,21,0,2007,83514.0,12659383.0,-0.192415,1.497962,IDN,BFA,0
2901936,103,21,0,2008,27593.0,9901710.0,-0.11154000000000001,1.4879850000000001,IDN,BFA,0
2901937,103,21,0,2009,188123.0,8658680.0,-0.253835,1.260101,IDN,BFA,0
2901938,103,21,0,2010,181197.0,40012095.0,-0.30878099999999997,1.07069,IDN,BFA,0
2901939,103,21,0,2011,228808.0,44055467.0,-0.234125,1.168384,IDN,BFA,0
2901940,103,21,0,2012,99581.0,22791584.0,-0.142318,1.281781,IDN,BFA,0
2901941,103,21,0,2013,278803.0,67507815.0,-0.216854,1.415728,IDN,BFA,0
2901942,103,21,0,2014,304656.0,51092838.0,-0.088032,1.3966459999999998,IDN,BFA,0
2901943,103,21,0,2015,367531.0,37319539.0,-0.145103,1.277362,IDN,BFA,0
2901944,103,21,0,2016,59226.0,21380354.0,-0.158496,1.492067,IDN,BFA,0
2901945,103,21,0,2017,22662.0,11822587.0,-0.23641700000000002,1.188173,IDN,BFA,0
2901946,103,21,0,2018,317803.0,12335884.0,-0.10130499999999999,1.2414209999999999,IDN,BFA,0
2901947,103,21,0,2019,833205.0,6788889.0,-0.141811,1.385726,IDN,BFA,0
2901948,103,21,0,2020,909378.0,866458.0,-0.16761700000000002,1.571009,IDN,BFA,0
2901949,103,21,0,1998,65700.0,8202006.0,-0.478253,1.350652,IDN,BFA,0
2901950,103,21,0,1995,8422.0,4703752.0,-0.391727,1.174727,IDN,BFA,0
2901951,103,21,0,1996,80196.0,4137009.0,-0.43199899999999997,1.22074,IDN,BFA,0
2901952,104,21,0,2003,1559623.0,6358098.0,0.33014099999999996,2.836003,IND,BFA,0
2901953,104,21,0,2004,809479.0,5745320.0,0.233348,2.790987,IND,BFA,0
2901954,104,21,0,2005,1487617.0,357738.0,0.212108,2.817413,IND,BFA,0
2901955,104,21,0,2006,902706.0,214368.0,0.285652,2.731318,IND,BFA,0
2901956,104,21,0,2007,607715.0,8671975.0,0.279475,2.7514939999999997,IND,BFA,0
2901957,104,21,0,2008,2325022.0,30251409.0,0.26694,2.926023,IND,BFA,0
2901958,104,21,0,2009,2353719.0,2906118.0,0.209867,2.254003,IND,BFA,0
2901959,104,21,0,2010,3549330.0,1760879.0,0.14485599999999998,2.408913,IND,BFA,0
2901960,104,21,0,2011,6595060.0,685671.0,0.18276199999999998,2.398765,IND,BFA,0
2901961,104,21,0,2012,2627121.0,6391565.0,0.229996,2.4815110000000002,IND,BFA,0
2901962,104,21,0,2013,3955485.0,10486786.0,0.215356,2.3916209999999998,IND,BFA,0
2901963,104,21,0,2014,7027064.0,20560830.0,0.262042,2.6305080000000003,IND,BFA,0
2901964,104,21,0,2015,5886212.0,2116088.0,0.24230900000000002,2.8190880000000003,IND,BFA,0
2901965,104,21,0,2016,9494688.0,4610290.0,0.30976,2.61043,IND,BFA,0
2901966,104,21,0,2017,10497315.0,26388014.0,0.290576,2.726391,IND,BFA,0
2901967,104,21,0,2018,12047433.0,1070237.0,0.526015,2.448112,IND,BFA,0
2901968,104,21,0,2019,41943953.0,6280104.0,0.43196,2.661139,IND,BFA,0
2901969,104,21,0,2020,24283211.0,136202.0,0.464674,2.838779,IND,BFA,0
2901970,104,21,0,2000,777543.0,7194206.0,0.3961,2.553408,IND,BFA,0
2901971,104,21,0,1995,55511.0,0.0,0.156183,1.9617380000000002,IND,BFA,0
2901972,104,21,0,1996,31607.0,0.0,0.20685599999999998,2.317622,IND,BFA,0
2901973,104,21,0,1997,32922.0,8727.0,0.262571,2.31305,IND,BFA,0
2901974,104,21,0,1998,210371.0,1469538.0,0.274308,2.316908,IND,BFA,0
2901975,104,21,0,1999,211664.0,9753632.0,0.29945900000000003,2.438702,IND,BFA,0
2901976,104,21,0,2001,931874.0,8646223.0,0.349744,2.665844,IND,BFA,0
2901977,104,21,0,2002,1884331.0,7375505.0,0.380867,2.608955,IND,BFA,0
2901978,106,21,0,2000,1946.0,280629.0,1.546001,0.342854,IRL,BFA,0
2901979,106,21,0,2011,42998.0,0.0,1.403182,0.290245,IRL,BFA,0
2901980,106,21,0,2014,1010.0,0.0,1.2658399999999999,0.278546,IRL,BFA,0
2901981,106,21,0,1997,5735.0,0.0,1.471048,0.8769370000000001,IRL,BFA,0
2901982,106,21,0,1999,1014.0,0.0,1.599613,0.37233299999999997,IRL,BFA,0
2901983,106,21,0,2018,23827.0,0.0,1.262419,0.013576,IRL,BFA,0
2901984,106,21,0,2020,5429.0,0.0,1.337791,-0.20829699999999998,IRL,BFA,0
2901985,106,21,0,2010,2140.0,0.0,1.371357,0.168795,IRL,BFA,0
2901986,106,21,0,2012,9229.0,0.0,1.229702,0.12683599999999998,IRL,BFA,0
2901987,106,21,0,2013,2703.0,0.0,1.29988,0.240688,IRL,BFA,0
2901988,107,21,0,2000,41401.0,0.0,-0.555558,-0.910523,IRN,BFA,0
2901989,107,21,0,2002,115924.0,0.0,-0.5707840000000001,-0.705612,IRN,BFA,0
2901990,107,21,0,2010,97479.0,0.0,-0.609874,-0.744733,IRN,BFA,0
2901991,107,21,0,1997,50821.0,0.0,-0.503841,-0.9984059999999999,IRN,BFA,0
2901992,107,21,0,1998,17732.0,0.0,-0.6626029999999999,-1.0408959999999998,IRN,BFA,0
2901993,107,21,0,2005,10980.0,0.0,-0.305068,-0.804413,IRN,BFA,0
2901994,107,21,0,2011,103705.0,0.0,-0.915379,-0.973194,IRN,BFA,0
2901995,107,21,0,2012,18129.0,0.0,-0.963881,-0.928644,IRN,BFA,0
2901996,107,21,0,2013,50114.0,0.0,-0.339172,-0.237114,IRN,BFA,0
2901997,107,21,0,2015,886.0,0.0,-0.258946,-0.0073420000000000004,IRN,BFA,0
2901998,107,21,0,2018,3167.0,0.0,-0.389954,-0.258156,IRN,BFA,0
2901999,107,21,0,2019,8835.0,0.0,-0.386813,-0.467873,IRN,BFA,0
2902000,107,21,0,2007,13737.0,0.0,-0.797659,-1.048892,IRN,BFA,0
2902001,107,21,0,2020,10826.0,0.0,-0.362286,-0.242846,IRN,BFA,0
2902002,107,21,0,1995,47337.0,0.0,-0.821991,-1.071013,IRN,BFA,0
2902003,109,21,0,2013,7552.0,0.0,0.259374,-0.20413299999999998,ISL,BFA,0
2902004,109,21,0,2014,4464.0,0.0,0.127891,-0.302014,ISL,BFA,0
2902005,109,21,0,2018,1965.0,0.0,0.252338,-0.341319,ISL,BFA,0
2902006,109,21,0,2002,0.0,213780.0,0.23601999999999998,-0.34781,ISL,BFA,0
2902007,109,21,0,1997,0.0,1570069.0,0.217533,-0.405395,ISL,BFA,0
2902008,109,21,0,1999,0.0,1013252.0,0.377701,-0.355798,ISL,BFA,0
2902009,110,21,0,1997,0.0,4953.0,1.3230030000000002,0.965016,ISR,BFA,0
2902010,110,21,0,2003,508.0,0.0,1.157809,0.682195,ISR,BFA,0
2902011,110,21,0,2004,616.0,0.0,1.250393,0.8003979999999999,ISR,BFA,0
2902012,110,21,0,2008,248533.0,0.0,1.169192,0.797136,ISR,BFA,0
2902013,110,21,0,2010,1098.0,0.0,1.215834,0.7028340000000001,ISR,BFA,0
2902014,110,21,0,2011,44101.0,8985.0,1.324384,0.714611,ISR,BFA,0
2902015,110,21,0,2014,135987.0,0.0,1.211141,0.64523,ISR,BFA,0
2902016,110,21,0,2012,4544.0,0.0,1.344347,0.691617,ISR,BFA,0
2902017,110,21,0,2013,517.0,0.0,1.197241,0.633828,ISR,BFA,0
2902018,110,21,0,2015,13713.0,0.0,1.260071,0.545545,ISR,BFA,0
2902019,110,21,0,2001,0.0,2596.0,1.374873,0.775594,ISR,BFA,0
2902020,110,21,0,2017,2717.0,0.0,1.436156,0.776574,ISR,BFA,0
2902021,110,21,0,2020,30484.0,0.0,1.487557,0.8370920000000001,ISR,BFA,0
2902022,111,21,0,1995,549510.0,11663054.0,1.503379,1.449094,ITA,BFA,0
2902023,111,21,0,1996,2862843.0,8145918.0,1.4674690000000001,1.263362,ITA,BFA,0
2902024,111,21,0,1997,1396749.0,16470106.0,1.4860389999999999,1.235674,ITA,BFA,0
2902025,111,21,0,1998,855931.0,15373758.0,1.4532209999999999,1.191124,ITA,BFA,0
2902026,111,21,0,1999,1502237.0,11441170.0,1.395253,1.3589790000000002,ITA,BFA,0
2902027,111,21,0,2000,1201656.0,11547200.0,1.421124,1.112321,ITA,BFA,0
2902028,111,21,0,2001,1901051.0,13531105.0,1.389926,1.282143,ITA,BFA,0
2902029,111,21,0,2002,1937420.0,10948581.0,1.377604,1.2470510000000001,ITA,BFA,0
2902030,111,21,0,2003,3572023.0,7820499.0,1.399734,1.044608,ITA,BFA,0
2902031,111,21,0,2004,9604712.0,5652451.0,1.358057,1.11533,ITA,BFA,0
2902032,111,21,0,2005,1182889.0,2738841.0,1.295883,1.032218,ITA,BFA,0
2902033,111,21,0,2006,1307954.0,3445637.0,1.293779,0.93995,ITA,BFA,0
2902034,111,21,0,2007,2250358.0,1909276.0,1.3003559999999998,0.705448,ITA,BFA,0
2902035,111,21,0,2008,2454583.0,3577231.0,1.308777,0.361523,ITA,BFA,0
2902036,111,21,0,2009,1082135.0,447282.0,1.289,0.64549,ITA,BFA,0
2902037,111,21,0,2010,2482527.0,2050806.0,1.272385,0.545721,ITA,BFA,0
2902038,111,21,0,2011,2832806.0,9696164.0,1.298751,0.48013599999999995,ITA,BFA,0
2902039,111,21,0,2012,2190718.0,1312494.0,1.297611,0.28585900000000003,ITA,BFA,0
2902040,111,21,0,2013,2668248.0,1631841.0,1.289924,0.533436,ITA,BFA,0
2902041,111,21,0,2014,2934825.0,2496262.0,1.340136,0.43931099999999995,ITA,BFA,0
2902042,111,21,0,2015,2732470.0,2561460.0,1.321127,0.747046,ITA,BFA,0
2902043,111,21,0,2016,3151486.0,268701.0,1.339307,0.8549209999999999,ITA,BFA,0
2902044,111,21,0,2017,2549699.0,48264.0,1.34395,0.577693,ITA,BFA,0
2902045,111,21,0,2018,2964739.0,190516.0,1.3602530000000002,0.453607,ITA,BFA,0
2902046,111,21,0,2019,2914684.0,131934.0,1.25898,0.926639,ITA,BFA,0
2902047,111,21,0,2020,5566874.0,96725.0,1.299017,0.701797,ITA,BFA,0
2902048,113,21,0,2017,3049.0,0.0,0.020035,0.295415,JOR,BFA,0
2902049,114,21,0,2005,35278.0,21826.0,2.392106,0.278652,JPN,BFA,0
2902050,114,21,0,2009,19711.0,56241.0,2.306791,-0.251712,JPN,BFA,0
2902051,114,21,0,2010,88225.0,38338.0,2.459723,-0.279387,JPN,BFA,0
2902052,114,21,0,2011,44514.0,300314.0,2.516395,-0.534301,JPN,BFA,0
2902053,114,21,0,2012,215326.0,45183.0,2.359022,-0.553565,JPN,BFA,0
2902054,114,21,0,2014,20026.0,362890.0,2.403165,-0.635024,JPN,BFA,0
2902055,114,21,0,2017,34916.0,220297.0,2.4510419999999997,-0.277357,JPN,BFA,0
2902056,114,21,0,2018,63521.0,125705.0,2.514533,-0.416074,JPN,BFA,0
2902057,114,21,0,2020,37337.0,154654.0,2.405659,-0.38169000000000003,JPN,BFA,0
2902058,114,21,0,2015,17213.0,261778.0,2.516133,-0.484202,JPN,BFA,0
2902059,114,21,0,2016,108937.0,305369.0,2.574025,-0.34859,JPN,BFA,0
2902060,114,21,0,2019,38174.0,218714.0,2.4931509999999997,-0.558811,JPN,BFA,0
2902061,114,21,0,2000,119328.0,95943.0,2.579611,0.464875,JPN,BFA,0
2902062,114,21,0,2001,128369.0,35188.0,2.585857,0.522663,JPN,BFA,0
2902063,114,21,0,2002,232995.0,71836.0,2.556057,0.497673,JPN,BFA,0
2902064,114,21,0,2003,214211.0,13938.0,2.4686630000000003,0.48072600000000004,JPN,BFA,0
2902065,114,21,0,2004,31098.0,20202.0,2.526624,0.452054,JPN,BFA,0
2902066,114,21,0,2006,5062.0,131427.0,2.4348099999999997,0.082887,JPN,BFA,0
2902067,114,21,0,2007,31164.0,234203.0,2.313259,0.186703,JPN,BFA,0
2902068,114,21,0,2008,52245.0,75765.0,2.285056,0.036255,JPN,BFA,0
2902069,114,21,0,1995,77629.0,247376.0,2.56822,0.927307,JPN,BFA,0
2902070,114,21,0,1996,153770.0,36974.0,2.615364,0.5656939999999999,JPN,BFA,0
2902071,114,21,0,1997,203059.0,777754.0,2.631846,0.553144,JPN,BFA,0
2902072,114,21,0,1998,71017.0,190594.0,2.550442,0.718063,JPN,BFA,0
2902073,114,21,0,1999,148701.0,441178.0,2.541382,0.693702,JPN,BFA,0
2902074,114,21,0,2013,13783.0,123390.0,2.3993130000000003,-0.564768,JPN,BFA,0
2902075,116,21,0,2002,2144.0,0.0,-0.555812,0.169204,KEN,BFA,0
2902076,116,21,0,2005,16909.0,0.0,-0.507389,0.769896,KEN,BFA,0
2902077,116,21,0,2006,39393.0,0.0,-0.38287899999999997,1.060286,KEN,BFA,0
2902078,116,21,0,2007,86355.0,0.0,-0.44365299999999996,0.858692,KEN,BFA,0
2902079,116,21,0,2009,12316.0,0.0,-0.26477399999999995,0.932587,KEN,BFA,0
2902080,116,21,0,2010,51057.0,0.0,-0.387187,1.010443,KEN,BFA,0
2902081,116,21,0,2013,217729.0,934.0,-0.448112,0.8672719999999999,KEN,BFA,0
2902082,116,21,0,2015,269130.0,0.0,-0.453564,0.433325,KEN,BFA,0
2902083,116,21,0,2016,540830.0,0.0,-0.535616,0.520101,KEN,BFA,0
2902084,116,21,0,2017,232996.0,0.0,-0.579541,0.511926,KEN,BFA,0
2902085,116,21,0,2018,211324.0,0.0,-0.32707800000000004,0.71009,KEN,BFA,0
2902086,116,21,0,2019,362437.0,0.0,-0.406684,0.8588969999999999,KEN,BFA,0
2902087,116,21,0,2020,485475.0,0.0,-0.496446,0.562476,KEN,BFA,0
2902088,116,21,0,2000,3977.0,0.0,-0.537967,0.011763,KEN,BFA,0
2902089,116,21,0,2011,333424.0,0.0,-0.48319300000000004,0.346927,KEN,BFA,0
2902090,116,21,0,1997,26974.0,0.0,-0.399028,0.196115,KEN,BFA,0
2902091,116,21,0,1998,12930.0,0.0,-0.434978,0.10193300000000001,KEN,BFA,0
2902092,116,21,0,1999,7051.0,0.0,-0.336125,0.43983999999999995,KEN,BFA,0
2902093,116,21,0,2012,54365.0,9580.0,-0.35581599999999997,0.29003,KEN,BFA,0
2902094,116,21,0,2014,232978.0,2987.0,-0.487058,0.307288,KEN,BFA,0
2902095,116,21,0,1996,1955.0,0.0,-0.468322,-0.017625,KEN,BFA,0
2902096,118,21,0,2018,64097.0,0.0,-0.45740299999999995,-0.575966,KHM,BFA,0
2902097,118,21,0,2011,18645.0,0.0,-1.162858,-1.103539,KHM,BFA,0
2902098,118,21,0,2013,32402.0,0.0,-1.054758,-0.872352,KHM,BFA,0
2902099,118,21,0,2017,37840.0,0.0,-0.656325,-0.622167,KHM,BFA,0
2902100,118,21,0,2014,15403.0,164608.0,-0.84072,-0.8307040000000001,KHM,BFA,0
2902101,118,21,0,2016,50515.0,0.0,-0.8365239999999999,-0.794615,KHM,BFA,0
2902102,118,21,0,2005,17732.0,0.0,-1.423555,-1.177331,KHM,BFA,0
2902103,118,21,0,2002,8987.0,0.0,-1.231783,-1.1518700000000002,KHM,BFA,0
2902104,121,21,0,1995,261579.0,1438713.0,0.845175,1.2761799999999999,KOR,BFA,0
2902105,121,21,0,1996,152909.0,0.0,0.8946940000000001,1.240424,KOR,BFA,0
2902106,121,21,0,1997,154136.0,259237.0,1.0478290000000001,1.2874370000000002,KOR,BFA,0
2902107,121,21,0,1998,49033.0,543197.0,0.999518,1.106351,KOR,BFA,0
2902108,121,21,0,1999,58466.0,0.0,0.92448,1.053988,KOR,BFA,0
2902109,121,21,0,2000,26508.0,579719.0,1.0696700000000001,1.0182209999999998,KOR,BFA,0
2902110,121,21,0,2001,10773.0,1816840.0,1.145797,1.0762399999999999,KOR,BFA,0
2902111,121,21,0,2002,5659.0,4033543.0,1.186816,1.075947,KOR,BFA,0
2902112,121,21,0,2003,25062.0,3580866.0,1.2611709999999998,0.956308,KOR,BFA,0
2902113,121,21,0,2004,19074.0,5677767.0,1.3624690000000002,0.928342,KOR,BFA,0
2902114,121,21,0,2005,63374.0,2282498.0,1.4051850000000001,0.815171,KOR,BFA,0
2902115,121,21,0,2006,35572.0,0.0,1.5384309999999999,0.766628,KOR,BFA,0
2902116,121,21,0,2008,4608.0,0.0,1.491687,0.814692,KOR,BFA,0
2902117,121,21,0,2009,26035.0,0.0,1.509336,0.784515,KOR,BFA,0
2902118,121,21,0,2010,100224.0,0.0,1.7118849999999999,0.762362,KOR,BFA,0
2902119,121,21,0,2011,23775.0,0.0,1.731371,0.8306879999999999,KOR,BFA,0
2902120,121,21,0,2012,22039.0,46583.0,1.632917,0.877742,KOR,BFA,0
2902121,121,21,0,2013,16884.0,526847.0,1.818383,0.75645,KOR,BFA,0
2902122,121,21,0,2020,42989.0,0.0,1.9703950000000001,0.800826,KOR,BFA,0
2902123,121,21,0,2014,114375.0,1792779.0,1.817145,0.8394530000000001,KOR,BFA,0
2902124,121,21,0,2015,21539.0,4269512.0,1.900653,0.859406,KOR,BFA,0
2902125,121,21,0,2016,67421.0,0.0,2.086184,0.724318,KOR,BFA,0
2902126,121,21,0,2017,13311.0,30492.0,2.011263,0.783215,KOR,BFA,0
2902127,121,21,0,2018,18903.0,5563.0,2.093866,0.764303,KOR,BFA,0
2902128,121,21,0,2019,47544.0,0.0,2.115482,0.696838,KOR,BFA,0
2902129,122,21,0,2014,7483.0,0.0,-0.769616,-1.10667,KWT,BFA,0
2902130,122,21,0,2015,4811.0,0.0,-0.352023,-1.153057,KWT,BFA,0
2902131,122,21,0,2016,5680.0,0.0,-0.31188,-1.1438620000000002,KWT,BFA,0
2902132,122,21,0,2019,0.0,15328.0,0.081686,-1.087259,KWT,BFA,0
2902133,122,21,0,2020,10024.0,0.0,-0.072977,-1.090017,KWT,BFA,0
2902134,122,21,0,2007,3187.0,0.0,-0.8265030000000001,-1.166243,KWT,BFA,0
2902135,122,21,0,2008,2033.0,0.0,-1.401297,-1.142945,KWT,BFA,0
2902136,122,21,0,2009,13222.0,0.0,-1.386993,-1.203527,KWT,BFA,0
2902137,122,21,0,2010,30764.0,0.0,0.067373,-1.0822120000000002,KWT,BFA,0
2902138,124,21,0,1997,4579.0,0.0,0.334291,0.783104,LBN,BFA,0
2902139,124,21,0,1998,5075.0,0.0,0.23803200000000002,0.9927860000000001,LBN,BFA,0
2902140,124,21,0,2019,355784.0,0.0,0.26155700000000004,1.062317,LBN,BFA,0
2902141,124,21,0,2001,32405.0,0.0,0.165355,0.988008,LBN,BFA,0
2902142,124,21,0,2003,399728.0,0.0,0.261687,1.053856,LBN,BFA,0
2902143,124,21,0,2000,66315.0,0.0,0.24766100000000002,0.85467,LBN,BFA,0
2902144,124,21,0,1999,107572.0,0.0,0.264151,0.767188,LBN,BFA,0
2902145,124,21,0,2002,126080.0,0.0,0.2729,1.254232,LBN,BFA,0
2902146,124,21,0,2004,510125.0,0.0,0.32409899999999997,1.037024,LBN,BFA,0
2902147,124,21,0,2005,426287.0,0.0,0.398304,1.439764,LBN,BFA,0
2902148,124,21,0,2006,7589.0,0.0,0.3861,1.586183,LBN,BFA,0
2902149,124,21,0,2007,46038.0,0.0,0.47468,1.775191,LBN,BFA,0
2902150,124,21,0,2008,13990.0,0.0,0.46133100000000005,1.4598149999999999,LBN,BFA,0
2902151,124,21,0,2010,31910.0,0.0,0.415854,1.424085,LBN,BFA,0
2902152,124,21,0,2011,63789.0,19579.0,0.278393,1.2962879999999999,LBN,BFA,0
2902153,124,21,0,2012,183644.0,57600.0,0.38759,1.446025,LBN,BFA,0
2902154,124,21,0,2013,1289129.0,14500.0,0.283084,1.4289100000000001,LBN,BFA,0
2902155,124,21,0,2014,3134150.0,410.0,0.308677,1.7564490000000001,LBN,BFA,0
2902156,124,21,0,2017,1533190.0,15178.0,0.266847,1.117621,LBN,BFA,0
2902157,124,21,0,2018,1366840.0,0.0,0.270554,0.9995149999999999,LBN,BFA,0
2902158,124,21,0,2009,58378.0,0.0,0.48618599999999995,1.4748620000000001,LBN,BFA,0
2902159,124,21,0,2015,778751.0,19623.0,0.317355,1.330374,LBN,BFA,0
2902160,124,21,0,2020,804685.0,0.0,0.35459,1.067965,LBN,BFA,0
2902161,124,21,0,2016,9150109.0,0.0,0.285829,1.0818139999999998,LBN,BFA,0
2902162,125,21,0,2009,0.0,18348.0,-0.07508,-0.994632,LBR,BFA,0
2902163,125,21,0,2018,0.0,66926.0,-1.022881,-1.124718,LBR,BFA,0
2902164,125,21,0,2012,0.0,5981.0,-0.699557,-1.083059,LBR,BFA,0
2902165,125,21,0,2015,0.0,3966.0,-1.087459,-1.195708,LBR,BFA,0
2902166,125,21,0,2011,0.0,18934.0,-0.318463,-0.9367489999999999,LBR,BFA,0
2902167,126,21,0,2005,25105.0,0.0,-0.159698,-1.126737,LBY,BFA,0
2902168,126,21,0,2018,1532.0,0.0,-1.608786,-1.231101,LBY,BFA,0
2902169,126,21,0,1998,16026.0,0.0,-0.303379,-1.1347180000000001,LBY,BFA,0
2902170,128,21,0,2010,6871.0,0.0,-0.70886,0.25216700000000003,LKA,BFA,0
2902171,128,21,0,2011,18452.0,0.0,-0.559311,0.398905,LKA,BFA,0
2902172,128,21,0,2012,40469.0,0.0,-0.49648100000000006,0.48185200000000006,LKA,BFA,0
2902173,128,21,0,2013,58657.0,0.0,-0.6521779999999999,0.41258599999999995,LKA,BFA,0
2902174,128,21,0,2014,27526.0,0.0,-0.49366899999999997,0.338686,LKA,BFA,0
2902175,128,21,0,2016,15727.0,0.0,-0.562869,0.49937,LKA,BFA,0
2902176,128,21,0,2017,2087.0,0.0,-0.46442799999999995,0.472132,LKA,BFA,0
2902177,128,21,0,2018,6722.0,0.0,-0.544504,0.41074099999999997,LKA,BFA,0
2902178,128,21,0,2019,11268.0,0.0,-0.592952,0.394811,LKA,BFA,0
2902179,128,21,0,2020,15114.0,0.0,-0.48448599999999997,0.5495220000000001,LKA,BFA,0
2902180,128,21,0,1997,0.0,1001467.0,-0.925745,-0.308559,LKA,BFA,0
2902181,129,21,0,2017,115659.0,0.0,-0.955398,-0.824111,LSO,BFA,0
2902182,130,21,0,2019,688.0,0.0,0.858456,1.364581,LTU,BFA,0
2902183,130,21,0,2018,19644.0,0.0,0.964249,1.4050200000000002,LTU,BFA,0
2902184,130,21,0,2013,73396.0,0.0,0.737796,1.215543,LTU,BFA,0
2902185,130,21,0,2014,281835.0,0.0,0.764495,1.3451540000000002,LTU,BFA,0
2902186,130,21,0,2015,365802.0,0.0,0.749429,1.3659860000000001,LTU,BFA,0
2902187,130,21,0,2016,58467.0,0.0,0.706929,1.419432,LTU,BFA,0
2902188,130,21,0,2017,34712.0,0.0,0.855858,1.447717,LTU,BFA,0
2902189,130,21,0,2001,0.0,241528.0,0.15706900000000001,0.416663,LTU,BFA,0
2902190,131,21,0,2004,41140.0,0.0,1.37529,1.0172649999999999,LUX,BFA,0
2902191,131,21,0,2013,120845.0,0.0,1.170459,1.150327,LUX,BFA,0
2902192,131,21,0,2015,98522.0,0.0,1.218924,1.247152,LUX,BFA,0
2902193,131,21,0,2018,4351.0,4406.0,1.1142889999999999,1.306066,LUX,BFA,0
2902194,131,21,0,2017,2939.0,0.0,1.24064,1.298263,LUX,BFA,0
2902195,131,21,0,2020,3941.0,0.0,1.197655,1.432727,LUX,BFA,0
2902196,131,21,0,2011,3194.0,0.0,1.1655739999999999,1.222379,LUX,BFA,0
2902197,131,21,0,2012,92744.0,0.0,1.131145,1.305768,LUX,BFA,0
2902198,131,21,0,2014,90986.0,0.0,1.243845,1.155474,LUX,BFA,0
2902199,131,21,0,2002,3347.0,0.0,1.605378,1.152973,LUX,BFA,0
2902200,131,21,0,2010,16846.0,0.0,1.272127,1.1051520000000001,LUX,BFA,0
2902201,131,21,0,2016,107681.0,0.0,1.340054,1.30224,LUX,BFA,0
2902202,132,21,0,2018,0.0,290447.0,0.707168,1.294297,LVA,BFA,0
2902203,132,21,0,2015,495.0,0.0,0.602209,1.125357,LVA,BFA,0
2902204,132,21,0,2016,0.0,342985.0,0.553592,1.19865,LVA,BFA,0
2902205,132,21,0,2017,0.0,153746.0,0.684555,1.3208030000000002,LVA,BFA,0
2902206,132,21,0,2019,0.0,390489.0,0.7804300000000001,1.159592,LVA,BFA,0
2902207,132,21,0,2020,16154.0,293416.0,0.712901,1.119907,LVA,BFA,0
2902208,134,21,0,2009,2486549.0,4459742.0,-0.48819300000000004,0.173952,MAR,BFA,0
2902209,134,21,0,2011,3509395.0,1777598.0,-0.485404,0.099828,MAR,BFA,0
2902210,134,21,0,2014,1636963.0,1504486.0,-0.574034,0.065788,MAR,BFA,0
2902211,134,21,0,2017,2459730.0,286591.0,-0.757236,-0.065347,MAR,BFA,0
2902212,134,21,0,2005,459889.0,5037467.0,-0.617355,-0.129666,MAR,BFA,0
2902213,134,21,0,2010,3834909.0,2432400.0,-0.5935229999999999,-0.056497000000000006,MAR,BFA,0
2902214,134,21,0,2016,2267480.0,1075704.0,-0.772795,-0.206511,MAR,BFA,0
2902215,134,21,0,2018,2256880.0,232491.0,-0.712775,-0.090013,MAR,BFA,0
2902216,134,21,0,2019,4037834.0,144315.0,-0.747739,-0.154125,MAR,BFA,0
2902217,134,21,0,1995,119367.0,1136131.0,-0.6481210000000001,-0.22345,MAR,BFA,0
2902218,134,21,0,1998,695360.0,4274556.0,-0.7299479999999999,-0.23758200000000002,MAR,BFA,0
2902219,134,21,0,1999,712121.0,4109747.0,-0.659053,-0.142104,MAR,BFA,0
2902220,134,21,0,2000,535838.0,3555989.0,-0.664836,-0.282415,MAR,BFA,0
2902221,134,21,0,2001,523707.0,3945270.0,-0.75275,-0.280397,MAR,BFA,0
2902222,134,21,0,2002,246526.0,2460890.0,-0.810467,-0.34807899999999997,MAR,BFA,0
2902223,134,21,0,2003,373423.0,2685577.0,-0.6842050000000001,-0.217892,MAR,BFA,0
2902224,134,21,0,2004,434457.0,5470951.0,-0.681556,-0.152372,MAR,BFA,0
2902225,134,21,0,2006,541740.0,7901605.0,-0.547933,0.08257300000000001,MAR,BFA,0
2902226,134,21,0,2007,702123.0,9548207.0,-0.5846560000000001,0.10927100000000001,MAR,BFA,0
2902227,134,21,0,2008,2467443.0,11141037.0,-0.505734,-0.000516,MAR,BFA,0
2902228,134,21,0,2012,3315528.0,807479.0,-0.536297,-0.018561,MAR,BFA,0
2902229,134,21,0,2013,1553983.0,975710.0,-0.6494260000000001,-0.035075999999999996,MAR,BFA,0
2902230,134,21,0,2015,1911733.0,906413.0,-0.7554810000000001,-0.059697,MAR,BFA,0
2902231,134,21,0,2020,4341551.0,152535.0,-0.5208510000000001,-0.080499,MAR,BFA,0
2902232,134,21,0,1996,244759.0,300846.0,-0.67314,-0.241242,MAR,BFA,0
2902233,134,21,0,1997,202022.0,2631786.0,-0.649616,-0.260554,MAR,BFA,0
2902234,136,21,0,2005,0.0,415054.0,-1.075232,-0.333908,MDG,BFA,0
2902235,136,21,0,2017,58499.0,0.0,-1.277182,-0.6503399999999999,MDG,BFA,0
2902236,136,21,0,2015,6780.0,0.0,-1.15947,-0.497217,MDG,BFA,0
2902237,136,21,0,2004,0.0,268695.0,-1.355542,-0.634409,MDG,BFA,0
2902238,136,21,0,2020,111626.0,0.0,-1.206503,-0.709465,MDG,BFA,0
2902239,138,21,0,1996,3233.0,0.0,0.651949,0.9132170000000001,MEX,BFA,0
2902240,138,21,0,1997,1961.0,145206.0,0.603221,0.898488,MEX,BFA,0
2902241,138,21,0,1998,12256.0,0.0,0.525671,0.880649,MEX,BFA,0
2902242,138,21,0,1999,562.0,0.0,0.581034,0.8399760000000001,MEX,BFA,0
2902243,138,21,0,2000,0.0,863830.0,0.6866760000000001,0.64383,MEX,BFA,0
2902244,138,21,0,2001,0.0,550352.0,0.797058,0.713234,MEX,BFA,0
2902245,138,21,0,2010,2227.0,0.0,1.132664,0.675756,MEX,BFA,0
2902246,138,21,0,2012,4015.0,0.0,1.039541,0.663349,MEX,BFA,0
2902247,138,21,0,2013,36945.0,0.0,1.048507,0.718932,MEX,BFA,0
2902248,138,21,0,2015,3027.0,0.0,1.169724,0.61457,MEX,BFA,0
2902249,138,21,0,2016,9674.0,0.0,1.165638,0.6446649999999999,MEX,BFA,0
2902250,138,21,0,2017,10310.0,0.0,1.08871,0.5745279999999999,MEX,BFA,0
2902251,138,21,0,2018,15175.0,0.0,1.00061,0.585759,MEX,BFA,0
2902252,138,21,0,2020,1085.0,0.0,0.974514,0.563643,MEX,BFA,0
2902253,138,21,0,2019,52182.0,0.0,1.083041,0.569353,MEX,BFA,0
2902254,141,21,0,2016,2186401.0,260487.0,-0.584863,-0.74131,MLI,BFA,0
2902255,141,21,0,2000,42942.0,191339.0,-0.5546409999999999,-0.633603,MLI,BFA,0
2902256,141,21,0,2010,516191.0,1371974.0,-0.585496,-0.655841,MLI,BFA,0
2902257,141,21,0,2014,707253.0,1707852.0,-1.199063,-1.05497,MLI,BFA,0
2902258,141,21,0,2015,857626.0,377539.0,-0.744236,-0.9441860000000001,MLI,BFA,0
2902259,141,21,0,2017,2366973.0,258831.0,-0.5927899999999999,-0.707245,MLI,BFA,0
2902260,141,21,0,2018,3259476.0,404301.0,-0.49666499999999997,-0.7189909999999999,MLI,BFA,0
2902261,141,21,0,2012,1588479.0,7037401.0,-0.592899,-0.775098,MLI,BFA,0
2902262,141,21,0,2002,290506.0,67411.0,-0.8948520000000001,-0.863375,MLI,BFA,0
2902263,141,21,0,2004,262545.0,2034452.0,-0.6905100000000001,-0.9162459999999999,MLI,BFA,0
2902264,141,21,0,2011,1309719.0,1286780.0,-0.6778109999999999,-0.653211,MLI,BFA,0
2902265,141,21,0,2005,408741.0,1392720.0,-0.811021,-0.77035,MLI,BFA,0
2902266,141,21,0,2013,672081.0,5456848.0,-1.183671,-1.069504,MLI,BFA,0
2902267,141,21,0,2008,915055.0,1952891.0,-0.274267,-0.51084,MLI,BFA,0
2902268,141,21,0,1996,6881.0,9321.0,-0.987858,-0.9677040000000001,MLI,BFA,0
2902269,141,21,0,2007,671682.0,4015928.0,-0.672822,-0.687913,MLI,BFA,0
2902270,141,21,0,2006,376587.0,2809506.0,-0.503462,-0.778836,MLI,BFA,0
2902271,141,21,0,1997,26834.0,41044.0,-1.230276,-1.086769,MLI,BFA,0
2902272,141,21,0,1998,705759.0,8074.0,-0.8910049999999999,-0.9654870000000001,MLI,BFA,0
2902273,141,21,0,1999,74460.0,55196.0,-0.8019149999999999,-0.9337979999999999,MLI,BFA,0
2902274,141,21,0,2001,111499.0,48342.0,-0.40341,-0.626402,MLI,BFA,0
2902275,141,21,0,2003,241466.0,597343.0,-0.786411,-0.879049,MLI,BFA,0
2902276,141,21,0,2019,1040321.0,217978.0,-0.381732,-0.606313,MLI,BFA,0
2902277,141,21,0,2020,66250.0,437160.0,-1.309505,-1.1745079999999999,MLI,BFA,0
2902278,141,21,0,2009,272705.0,2569555.0,-0.84835,-0.780324,MLI,BFA,0
2902279,141,21,0,1995,17867.0,6830.0,-0.807662,-0.952101,MLI,BFA,0
2902280,142,21,0,2014,1893.0,0.0,0.817013,0.0016309999999999999,MLT,BFA,0
2902281,142,21,0,2019,57634.0,0.0,0.893992,0.25255500000000003,MLT,BFA,0
2902282,142,21,0,2020,1674.0,0.0,0.9159309999999999,0.24442199999999997,MLT,BFA,0
2902283,143,21,0,2017,3434.0,0.0,-1.051544,-0.419183,MMR,BFA,0
2902284,143,21,0,2012,134480.0,0.0,-1.219747,-0.9290229999999999,MMR,BFA,0
2902285,143,21,0,2015,2389.0,0.0,-1.4596120000000001,-0.903904,MMR,BFA,0
2902286,143,21,0,2011,40880.0,0.0,-1.3557190000000001,-0.929934,MMR,BFA,0
2902287,143,21,0,2020,564.0,0.0,-0.9993569999999999,-0.298647,MMR,BFA,0
2902288,143,21,0,2013,75780.0,0.0,-1.230787,-0.737375,MMR,BFA,0
2902289,143,21,0,2009,44072.0,0.0,-1.6459529999999998,-1.186635,MMR,BFA,0
2902290,143,21,0,2010,65431.0,0.0,-1.480389,-1.075842,MMR,BFA,0
2902291,143,21,0,2002,27879.0,0.0,-1.571568,-1.131512,MMR,BFA,0
2902292,143,21,0,2001,7146.0,0.0,-1.5627,-1.150854,MMR,BFA,0
2902293,143,21,0,2008,11125.0,0.0,-1.501556,-1.1134110000000002,MMR,BFA,0
2902294,143,21,0,2014,18728.0,0.0,-1.5332459999999999,-1.145973,MMR,BFA,0
2902295,148,21,0,2012,3202.0,0.0,-1.570474,-1.284412,MRT,BFA,0
2902296,148,21,0,2014,17342.0,0.0,-1.458551,-1.225373,MRT,BFA,0
2902297,148,21,0,2015,0.0,24014.0,-1.5597450000000002,-1.3209229999999998,MRT,BFA,0
2902298,148,21,0,2016,0.0,67194.0,-1.542265,-1.318586,MRT,BFA,0
2902299,148,21,0,2017,0.0,15555.0,-1.634533,-1.330819,MRT,BFA,0
2902300,148,21,0,2018,50223.0,528.0,-1.511361,-1.296003,MRT,BFA,0
2902301,148,21,0,2019,2101.0,1187434.0,-1.711918,-1.339005,MRT,BFA,0
2902302,148,21,0,2010,20579.0,4627.0,-2.099882,-1.303977,MRT,BFA,0
2902303,148,21,0,2020,2382.0,0.0,-1.400894,-1.27631,MRT,BFA,0
2902304,148,21,0,1997,5937.0,0.0,-1.7012040000000002,-1.2302799999999998,MRT,BFA,0
2902305,148,21,0,1995,1945.0,0.0,-1.935629,-1.178304,MRT,BFA,0
2902306,148,21,0,1998,1145.0,0.0,-1.177719,-1.199729,MRT,BFA,0
2902307,148,21,0,1999,4838.0,0.0,-1.198078,-1.229277,MRT,BFA,0
2902308,151,21,0,2019,0.0,1175673.0,-0.15909600000000002,0.034770999999999996,MUS,BFA,0
2902309,151,21,0,2006,30046.0,702170.0,-0.311109,-0.07267,MUS,BFA,0
2902310,151,21,0,2007,0.0,920611.0,-0.342957,-0.129114,MUS,BFA,0
2902311,151,21,0,2011,0.0,2357242.0,-0.09464600000000001,0.091177,MUS,BFA,0
2902312,151,21,0,2012,0.0,488917.0,-0.028582999999999997,0.116882,MUS,BFA,0
2902313,151,21,0,2013,0.0,126301.0,-0.158852,0.0061600000000000005,MUS,BFA,0
2902314,151,21,0,2014,0.0,271541.0,-0.029891,-0.12431099999999999,MUS,BFA,0
2902315,151,21,0,2015,0.0,852784.0,-0.231762,-0.195051,MUS,BFA,0
2902316,151,21,0,2016,0.0,1401614.0,-0.24309899999999998,-0.084888,MUS,BFA,0
2902317,151,21,0,2008,0.0,727138.0,-0.337563,-0.144226,MUS,BFA,0
2902318,151,21,0,2020,0.0,2439801.0,-0.048897,0.11543099999999999,MUS,BFA,0
2902319,151,21,0,2004,0.0,1836092.0,-0.374754,-0.288504,MUS,BFA,0
2902320,151,21,0,2001,0.0,2419330.0,-0.410422,-0.5868369999999999,MUS,BFA,0
2902321,151,21,0,1995,0.0,3661941.0,-0.432644,-0.574298,MUS,BFA,0
2902322,151,21,0,1996,0.0,10712573.0,-0.538651,-0.746274,MUS,BFA,0
2902323,151,21,0,1997,0.0,5772493.0,-0.49241,-0.695729,MUS,BFA,0
2902324,151,21,0,1998,0.0,6489470.0,-0.621599,-0.755795,MUS,BFA,0
2902325,151,21,0,1999,0.0,5021364.0,-0.5713729999999999,-0.696416,MUS,BFA,0
2902326,151,21,0,2000,0.0,2950927.0,-0.412313,-0.5704140000000001,MUS,BFA,0
2902327,151,21,0,2002,0.0,428984.0,-0.37937600000000005,-0.388848,MUS,BFA,0
2902328,151,21,0,2003,0.0,3373451.0,-0.361514,-0.29839899999999997,MUS,BFA,0
2902329,151,21,0,2005,0.0,319410.0,-0.24565,-0.091397,MUS,BFA,0
2902330,153,21,0,1997,0.0,5650916.0,0.37340999999999996,0.36853600000000003,MYS,BFA,0
2902331,153,21,0,1999,0.0,4195024.0,0.500591,0.136149,MYS,BFA,0
2902332,153,21,0,2000,294.0,1484038.0,0.519684,0.170286,MYS,BFA,0
2902333,153,21,0,2002,0.0,784399.0,0.704957,0.243398,MYS,BFA,0
2902334,153,21,0,2005,1515.0,0.0,0.5847439999999999,0.13176300000000002,MYS,BFA,0
2902335,153,21,0,2007,7896.0,446741.0,0.740788,0.302155,MYS,BFA,0
2902336,153,21,0,2008,1963.0,3724474.0,0.793395,0.6141939999999999,MYS,BFA,0
2902337,153,21,0,2009,2556.0,9240516.0,0.8718229999999999,0.607429,MYS,BFA,0
2902338,153,21,0,2010,18509.0,155171.0,0.9530780000000001,0.607456,MYS,BFA,0
2902339,153,21,0,2011,7235.0,26258797.0,0.9893290000000001,0.632079,MYS,BFA,0
2902340,153,21,0,2012,25382.0,24190736.0,0.945643,0.7526510000000001,MYS,BFA,0
2902341,153,21,0,2013,105117.0,10265000.0,0.937641,0.747496,MYS,BFA,0
2902342,153,21,0,2014,70134.0,13141615.0,1.018138,0.774649,MYS,BFA,0
2902343,153,21,0,2015,41373.0,0.0,1.082803,0.811615,MYS,BFA,0
2902344,153,21,0,2016,58807.0,258011.0,1.106894,0.7452840000000001,MYS,BFA,0
2902345,153,21,0,2018,96919.0,1469350.0,1.122976,0.734109,MYS,BFA,0
2902346,153,21,0,1995,0.0,4790314.0,0.357745,0.374284,MYS,BFA,0
2902347,153,21,0,1996,0.0,11106932.0,0.351774,0.347262,MYS,BFA,0
2902348,153,21,0,2017,186262.0,85641.0,1.0110139999999999,0.6840729999999999,MYS,BFA,0
2902349,153,21,0,2019,93993.0,0.0,1.192967,0.730971,MYS,BFA,0
2902350,153,21,0,1998,6154.0,3357902.0,0.396826,0.203792,MYS,BFA,0
2902351,153,21,0,2001,0.0,1853221.0,0.768174,0.307033,MYS,BFA,0
2902352,153,21,0,2020,81050.0,3662.0,1.185223,0.573439,MYS,BFA,0
2902353,157,21,0,2010,711029.0,436438.0,-0.829902,-0.826152,NER,BFA,0
2902354,157,21,0,2019,118637.0,88454.0,-0.345047,-0.792769,NER,BFA,0
2902355,157,21,0,2011,531765.0,983173.0,-0.85208,-0.731996,NER,BFA,0
2902356,157,21,0,2012,1721041.0,1570727.0,-1.165676,-1.099113,NER,BFA,0
2902357,157,21,0,2013,933766.0,629083.0,-1.268738,-0.942256,NER,BFA,0
2902358,157,21,0,1996,59417.0,76169.0,-0.594771,-0.643008,NER,BFA,0
2902359,157,21,0,2008,1194171.0,1564772.0,-0.677687,-0.75195,NER,BFA,0
2902360,157,21,0,2020,81676.0,189020.0,-0.62888,-0.841089,NER,BFA,0
2902361,157,21,0,2004,216862.0,232717.0,-0.8203799999999999,-0.7488,NER,BFA,0
2902362,157,21,0,2018,138063.0,181552.0,-0.633115,-0.839564,NER,BFA,0
2902363,157,21,0,1997,116071.0,48682.0,-0.322358,-0.63647,NER,BFA,0
2902364,157,21,0,1998,1713016.0,60342.0,-0.373314,-0.592306,NER,BFA,0
2902365,157,21,0,1999,124587.0,129693.0,-0.539842,-0.762977,NER,BFA,0
2902366,157,21,0,2000,160272.0,206068.0,-0.7289680000000001,-0.6210100000000001,NER,BFA,0
2902367,157,21,0,2001,156127.0,154189.0,-0.22368600000000002,-0.464156,NER,BFA,0
2902368,157,21,0,2002,49280.0,170884.0,-0.344562,-0.304996,NER,BFA,0
2902369,157,21,0,2003,167609.0,209654.0,-0.199296,-0.578264,NER,BFA,0
2902370,157,21,0,2005,463937.0,285664.0,-0.32664299999999996,-0.619282,NER,BFA,0
2902371,157,21,0,2006,375934.0,125602.0,-0.554188,-0.708255,NER,BFA,0
2902372,157,21,0,2007,1806330.0,263162.0,-0.287155,-0.577325,NER,BFA,0
2902373,157,21,0,2009,1500623.0,1668327.0,-1.306036,-0.956361,NER,BFA,0
2902374,157,21,0,2014,1044961.0,3109025.0,-0.7187,-0.80918,NER,BFA,0
2902375,157,21,0,2015,221456.0,178547.0,-1.517292,-1.033891,NER,BFA,0
2902376,157,21,0,2016,103669.0,52428.0,-0.973057,-0.953672,NER,BFA,0
2902377,157,21,0,2017,176096.0,32166.0,-1.250156,-0.995524,NER,BFA,0
2902378,157,21,0,1995,16454.0,116688.0,-0.288248,-0.592174,NER,BFA,0
2902379,159,21,0,2001,264789.0,0.0,-1.966439,-1.2724520000000001,NGA,BFA,0
2902380,159,21,0,2015,938705.0,107022.0,-1.415451,-1.157829,NGA,BFA,0
2902381,159,21,0,2016,1238188.0,411.0,-1.835357,-1.286597,NGA,BFA,0
2902382,159,21,0,1997,287089.0,0.0,-1.615102,-1.129541,NGA,BFA,0
2902383,159,21,0,2007,2876250.0,20795.0,-1.746879,-1.20823,NGA,BFA,0
2902384,159,21,0,2008,1915367.0,11062.0,-1.9809139999999998,-1.189201,NGA,BFA,0
2902385,159,21,0,2009,1290614.0,0.0,-1.584051,-1.156247,NGA,BFA,0
2902386,159,21,0,2010,9461272.0,369211.0,-1.887084,-1.2280229999999999,NGA,BFA,0
2902387,159,21,0,2013,5811540.0,122369.0,-1.745783,-1.1356680000000001,NGA,BFA,0
2902388,159,21,0,2018,1438365.0,0.0,-1.8238,-1.259938,NGA,BFA,0
2902389,159,21,0,2019,876585.0,0.0,-1.7383970000000002,-1.220333,NGA,BFA,0
2902390,159,21,0,2020,532496.0,0.0,-1.6399299999999999,-1.19536,NGA,BFA,0
2902391,159,21,0,1999,315063.0,0.0,-1.9312080000000003,-1.279733,NGA,BFA,0
2902392,159,21,0,1998,847076.0,562186.0,-1.484229,-1.144092,NGA,BFA,0
2902393,159,21,0,2002,150252.0,885990.0,-1.8315700000000001,-1.25171,NGA,BFA,0
2902394,159,21,0,2003,225711.0,952155.0,-1.859176,-1.234236,NGA,BFA,0
2902395,159,21,0,2011,2187759.0,11097.0,-1.699286,-1.15511,NGA,BFA,0
2902396,159,21,0,2012,681883.0,775636.0,-1.760488,-1.201048,NGA,BFA,0
2902397,159,21,0,2014,1926587.0,18206.0,-1.2126430000000001,-1.059697,NGA,BFA,0
2902398,159,21,0,2017,1106460.0,1440.0,-1.8260919999999998,-1.276591,NGA,BFA,0
2902399,159,21,0,2000,314249.0,1060.0,-2.164663,-1.257723,NGA,BFA,0
2902400,159,21,0,2004,714268.0,5094.0,-2.413432,-1.3033190000000001,NGA,BFA,0
2902401,159,21,0,1996,580714.0,0.0,-1.813359,-1.1967,NGA,BFA,0
2902402,159,21,0,2005,698180.0,6428.0,-2.359834,-1.2772219999999999,NGA,BFA,0
2902403,159,21,0,1995,1483691.0,0.0,-2.108206,-1.2017520000000002,NGA,BFA,0
2902404,160,21,0,1999,5076.0,0.0,-0.677654,-0.72253,NIC,BFA,0
2902405,160,21,0,2016,1910.0,0.0,-1.0387389999999999,-0.998977,NIC,BFA,0
2902406,160,21,0,2020,2369.0,0.0,-0.9128809999999999,-0.746636,NIC,BFA,0
2902407,162,21,0,1995,450498.0,1161667.0,1.304391,1.8819119999999998,NLD,BFA,0
2902408,162,21,0,1996,455149.0,5510.0,1.256625,1.803132,NLD,BFA,0
2902409,162,21,0,1997,435887.0,54455.0,1.267794,1.727888,NLD,BFA,0
2902410,162,21,0,1998,485192.0,117340.0,1.248469,1.683182,NLD,BFA,0
2902411,162,21,0,1999,205346.0,283455.0,1.308776,1.574293,NLD,BFA,0
2902412,162,21,0,2000,131152.0,158152.0,1.283291,1.58901,NLD,BFA,0
2902413,162,21,0,2001,487322.0,14978.0,1.315685,1.590935,NLD,BFA,0
2902414,162,21,0,2002,457656.0,15941.0,1.206176,1.7136360000000002,NLD,BFA,0
2902415,162,21,0,2003,2565250.0,40607.0,1.168453,1.7085709999999998,NLD,BFA,0
2902416,162,21,0,2004,2472038.0,22423.0,1.251808,1.586526,NLD,BFA,0
2902417,162,21,0,2005,1842099.0,70187.0,1.143533,1.614774,NLD,BFA,0
2902418,162,21,0,2006,956075.0,7786.0,1.192134,1.450852,NLD,BFA,0
2902419,162,21,0,2007,2201183.0,275538.0,1.089169,1.589641,NLD,BFA,0
2902420,162,21,0,2008,2499829.0,115517.0,1.139475,1.385316,NLD,BFA,0
2902421,162,21,0,2009,3017138.0,134454.0,1.1914850000000001,1.3076780000000001,NLD,BFA,0
2902422,162,21,0,2010,1776922.0,333134.0,1.237998,1.1891209999999999,NLD,BFA,0
2902423,162,21,0,2011,2540924.0,3521685.0,1.1655229999999999,1.410167,NLD,BFA,0
2902424,162,21,0,2012,6767609.0,6556987.0,1.124582,1.374002,NLD,BFA,0
2902425,162,21,0,2013,6730468.0,3223112.0,1.184107,1.249557,NLD,BFA,0
2902426,162,21,0,2014,1233977.0,3190905.0,1.179325,1.355071,NLD,BFA,0
2902427,162,21,0,2015,859337.0,384734.0,1.230104,1.27344,NLD,BFA,0
2902428,162,21,0,2016,728223.0,133950.0,1.157361,1.5188540000000001,NLD,BFA,0
2902429,162,21,0,2017,1063672.0,6224942.0,1.146959,1.470869,NLD,BFA,0
2902430,162,21,0,2018,542990.0,6525289.0,1.1478899999999999,1.454758,NLD,BFA,0
2902431,162,21,0,2019,749501.0,58100.0,1.145044,1.3523530000000001,NLD,BFA,0
2902432,162,21,0,2020,904398.0,1974241.0,1.035951,1.559401,NLD,BFA,0
2902433,163,21,0,2008,450.0,0.0,0.911428,-0.019318000000000002,NOR,BFA,0
2902434,163,21,0,2018,1541.0,0.0,0.681639,0.021762,NOR,BFA,0
2902435,163,21,0,2002,8102.0,0.0,1.110882,0.17164100000000002,NOR,BFA,0
2902436,163,21,0,2005,2590.0,0.0,1.0581530000000001,0.038369,NOR,BFA,0
2902437,163,21,0,2019,685.0,0.0,0.6957300000000001,0.181607,NOR,BFA,0
2902438,163,21,0,2020,189.0,0.0,0.793459,0.369766,NOR,BFA,0
2902439,163,21,0,2009,89919.0,0.0,0.865455,0.082808,NOR,BFA,0
2902440,163,21,0,2012,21418.0,0.0,0.8613049999999999,0.12626800000000002,NOR,BFA,0
2902441,166,21,0,2013,6729.0,0.0,0.3345,0.39063000000000003,NZL,BFA,0
2902442,166,21,0,2016,2794.0,0.0,0.236556,0.252918,NZL,BFA,0
2902443,166,21,0,2020,2739.0,0.0,0.145567,0.070121,NZL,BFA,0
2902444,168,21,0,2006,0.0,3902513.0,-0.449333,0.563013,PAK,BFA,0
2902445,168,21,0,2009,80313.0,1623667.0,-0.514907,0.44733100000000003,PAK,BFA,0
2902446,168,21,0,2011,12885.0,13454472.0,-0.729677,0.6026729999999999,PAK,BFA,0
2902447,168,21,0,2015,29850.0,7555412.0,-0.7059979999999999,0.73501,PAK,BFA,0
2902448,168,21,0,2019,23115.0,1369816.0,-0.6909270000000001,0.8651120000000001,PAK,BFA,0
2902449,168,21,0,2017,16044.0,5862972.0,-0.698561,0.43523500000000004,PAK,BFA,0
2902450,168,21,0,2020,205227.0,330574.0,-0.52984,0.63654,PAK,BFA,0
2902451,168,21,0,2003,40403.0,217189.0,-0.6659689999999999,0.137924,PAK,BFA,0
2902452,168,21,0,2004,58226.0,3915856.0,-0.754143,0.25995100000000004,PAK,BFA,0
2902453,168,21,0,2005,16556.0,993712.0,-0.592542,0.365501,PAK,BFA,0
2902454,168,21,0,2007,11591.0,24807832.0,-0.5594359999999999,0.47369300000000003,PAK,BFA,0
2902455,168,21,0,2008,9159.0,23169178.0,-0.401588,0.500668,PAK,BFA,0
2902456,168,21,0,2010,64816.0,10672713.0,-0.692071,0.5409010000000001,PAK,BFA,0
2902457,168,21,0,2012,18562.0,0.0,-0.633706,0.658617,PAK,BFA,0
2902458,168,21,0,2013,12731.0,0.0,-0.75727,0.769703,PAK,BFA,0
2902459,168,21,0,2014,14587.0,1088179.0,-0.672924,0.566787,PAK,BFA,0
2902460,168,21,0,2016,32669.0,12308428.0,-0.7502800000000001,0.545331,PAK,BFA,0
2902461,168,21,0,2018,23733.0,181228.0,-0.64348,0.665045,PAK,BFA,0
2902462,168,21,0,1999,78628.0,0.0,-1.047891,-0.525612,PAK,BFA,0
2902463,168,21,0,1995,100099.0,0.0,-0.707965,-0.324784,PAK,BFA,0
2902464,168,21,0,1996,66115.0,0.0,-0.7543300000000001,-0.393654,PAK,BFA,0
2902465,168,21,0,1997,304061.0,0.0,-0.882432,-0.563344,PAK,BFA,0
2902466,168,21,0,1998,99863.0,0.0,-0.9008149999999999,-0.448942,PAK,BFA,0
2902467,168,21,0,2000,33121.0,123374.0,-0.851295,-0.370618,PAK,BFA,0
2902468,168,21,0,2001,125268.0,0.0,-0.8376520000000001,-0.378743,PAK,BFA,0
2902469,168,21,0,2002,34943.0,0.0,-0.877655,-0.322094,PAK,BFA,0
2902470,169,21,0,1995,68287.0,0.0,-0.019815,0.050906,PAN,BFA,0
2902471,173,21,0,2002,0.0,536898.0,-0.6126199999999999,0.085944,PER,BFA,0
2902472,173,21,0,2003,1033.0,745555.0,-0.48627,0.371354,PER,BFA,0
2902473,173,21,0,2005,0.0,810221.0,-0.518174,0.171262,PER,BFA,0
2902474,173,21,0,2006,0.0,1522490.0,-0.551095,0.044295,PER,BFA,0
2902475,173,21,0,2007,0.0,4403340.0,-0.49716099999999996,0.02556,PER,BFA,0
2902476,173,21,0,2008,0.0,2081052.0,-0.518126,0.17193599999999998,PER,BFA,0
2902477,173,21,0,2009,0.0,135863.0,-0.53304,0.221183,PER,BFA,0
2902478,173,21,0,2013,0.0,551831.0,-0.573852,0.357977,PER,BFA,0
2902479,174,21,0,1997,0.0,2090560.0,-0.24310900000000002,0.085784,PHL,BFA,0
2902480,174,21,0,1999,0.0,107606.0,-0.401903,-0.333408,PHL,BFA,0
2902481,174,21,0,2001,111417.0,0.0,-0.028201,-0.112349,PHL,BFA,0
2902482,174,21,0,2002,0.0,222764.0,0.055439999999999996,-0.179809,PHL,BFA,0
2902483,174,21,0,2003,8843.0,0.0,-0.065022,-0.195144,PHL,BFA,0
2902484,174,21,0,2010,9883.0,450213.0,0.40418899999999996,0.102497,PHL,BFA,0
2902485,174,21,0,2011,6393.0,0.0,0.364707,0.322626,PHL,BFA,0
2902486,174,21,0,2014,0.0,166685.0,0.637442,0.475883,PHL,BFA,0
2902487,174,21,0,2008,12029.0,0.0,0.276488,-0.02957,PHL,BFA,0
2902488,174,21,0,2013,3382.0,5793396.0,0.507868,0.355403,PHL,BFA,0
2902489,174,21,0,2015,1445.0,0.0,0.6406270000000001,0.45770200000000005,PHL,BFA,0
2902490,174,21,0,2016,2935.0,0.0,0.619343,0.303981,PHL,BFA,0
2902491,174,21,0,2018,4972.0,0.0,0.781409,0.22126700000000002,PHL,BFA,0
2902492,177,21,0,1995,17764.0,0.0,0.76393,1.802648,POL,BFA,0
2902493,177,21,0,2004,8926.0,569153.0,1.019341,1.519452,POL,BFA,0
2902494,177,21,0,2005,20657.0,103498.0,0.9564299999999999,1.559385,POL,BFA,0
2902495,177,21,0,2006,74922.0,463845.0,0.991927,1.474418,POL,BFA,0
2902496,177,21,0,2007,26430.0,126117.0,1.0412139999999999,1.309641,POL,BFA,0
2902497,177,21,0,2008,0.0,86193.0,1.037287,1.244457,POL,BFA,0
2902498,177,21,0,2009,309529.0,16615.0,1.11055,1.069074,POL,BFA,0
2902499,177,21,0,2010,286451.0,1226.0,1.083552,1.1433719999999998,POL,BFA,0
2902500,177,21,0,2011,138329.0,1904.0,1.133641,1.134203,POL,BFA,0
2902501,177,21,0,2012,274761.0,4351.0,1.0626870000000002,1.267268,POL,BFA,0
2902502,177,21,0,2013,46790.0,93887.0,1.084332,1.216749,POL,BFA,0
2902503,177,21,0,2014,139548.0,594847.0,1.133102,1.177165,POL,BFA,0
2902504,177,21,0,2015,308467.0,389267.0,1.145844,1.1449280000000002,POL,BFA,0
2902505,177,21,0,2016,252633.0,0.0,1.146113,1.239532,POL,BFA,0
2902506,177,21,0,2017,284034.0,86883.0,1.197417,1.092716,POL,BFA,0
2902507,177,21,0,2018,664091.0,0.0,1.132475,1.258945,POL,BFA,0
2902508,177,21,0,2019,147670.0,3757.0,1.088347,1.275875,POL,BFA,0
2902509,177,21,0,2020,330640.0,0.0,1.0227979999999999,1.4079139999999999,POL,BFA,0
2902510,177,21,0,2000,3230.0,0.0,0.862983,1.8683400000000001,POL,BFA,0
2902511,177,21,0,1996,12957.0,0.0,0.795489,1.9004729999999999,POL,BFA,0
2902512,177,21,0,1997,11035.0,53202.0,0.805559,1.9598520000000001,POL,BFA,0
2902513,177,21,0,1999,4253.0,813411.0,0.8512700000000001,1.8975229999999998,POL,BFA,0
2902514,177,21,0,2001,117229.0,0.0,0.9474540000000001,1.8408220000000002,POL,BFA,0
2902515,177,21,0,1998,3381.0,783010.0,0.8638309999999999,1.8881299999999999,POL,BFA,0
2902516,177,21,0,2002,940.0,104173.0,0.931642,1.721727,POL,BFA,0
2902517,178,21,0,2008,5426.0,0.0,0.6970609999999999,0.88018,PRK,BFA,0
2902518,178,21,0,2017,11920.0,0.0,-0.353642,-0.08027000000000001,PRK,BFA,0
2902519,178,21,0,1999,14200.0,0.0,0.536814,0.980433,PRK,BFA,0
2902520,178,21,0,2005,6799.0,0.0,0.712403,0.8739520000000001,PRK,BFA,0
2902521,178,21,0,1996,1186.0,0.0,0.725014,1.20189,PRK,BFA,0
2902522,178,21,0,1998,14052.0,0.0,0.7417239999999999,0.899826,PRK,BFA,0
2902523,178,21,0,1997,1762.0,0.0,0.701604,0.649257,PRK,BFA,0
2902524,179,21,0,2000,162701.0,8508045.0,0.547816,1.70635,PRT,BFA,0
2902525,179,21,0,2002,323752.0,2988323.0,0.484407,1.6500080000000001,PRT,BFA,0
2902526,179,21,0,2012,71092.0,61103.0,0.648544,2.405491,PRT,BFA,0
2902527,179,21,0,2013,1224017.0,2671616.0,0.541454,2.5228610000000002,PRT,BFA,0
2902528,179,21,0,2014,818122.0,5516977.0,0.621053,2.349644,PRT,BFA,0
2902529,179,21,0,2015,170717.0,2121320.0,0.561922,2.2276380000000002,PRT,BFA,0
2902530,179,21,0,2016,157596.0,1657765.0,0.519621,2.254972,PRT,BFA,0
2902531,179,21,0,2017,1390717.0,1330005.0,0.527046,2.264624,PRT,BFA,0
2902532,179,21,0,2018,177927.0,1735071.0,0.652628,2.211758,PRT,BFA,0
2902533,179,21,0,2019,39205.0,794501.0,0.545467,2.344447,PRT,BFA,0
2902534,179,21,0,2020,66467.0,77656.0,0.656999,2.1136470000000003,PRT,BFA,0
2902535,179,21,0,1995,40305.0,8431832.0,0.412677,1.254009,PRT,BFA,0
2902536,179,21,0,1996,93132.0,3073263.0,0.39343,1.170144,PRT,BFA,0
2902537,179,21,0,1998,119762.0,15039876.0,0.39771999999999996,1.303603,PRT,BFA,0
2902538,179,21,0,1999,211125.0,7817362.0,0.420538,1.379359,PRT,BFA,0
2902539,179,21,0,2003,597850.0,1831493.0,0.471376,1.647303,PRT,BFA,0
2902540,179,21,0,2008,990.0,111840.0,0.64135,2.1946939999999997,PRT,BFA,0
2902541,179,21,0,2009,4272.0,328597.0,0.559189,2.4359919999999997,PRT,BFA,0
2902542,179,21,0,2010,13778.0,2354811.0,0.551149,2.437209,PRT,BFA,0
2902543,179,21,0,2011,68039.0,931752.0,0.558481,2.7056240000000003,PRT,BFA,0
2902544,179,21,0,1997,81394.0,10561554.0,0.379367,1.296551,PRT,BFA,0
2902545,179,21,0,2001,381433.0,6379926.0,0.482048,1.662123,PRT,BFA,0
2902546,179,21,0,2005,246543.0,1342490.0,0.5119819999999999,1.901636,PRT,BFA,0
2902547,179,21,0,2006,162436.0,1172065.0,0.5723630000000001,1.92303,PRT,BFA,0
2902548,179,21,0,2004,148009.0,1945371.0,0.524524,1.901139,PRT,BFA,0
2902549,179,21,0,2007,176610.0,1186780.0,0.621302,1.971656,PRT,BFA,0
2902550,183,21,0,2013,2236.0,0.0,-0.083649,-1.013491,QAT,BFA,0
2902551,183,21,0,2017,1241.0,0.0,-0.361327,-1.066869,QAT,BFA,0
2902552,185,21,0,2010,11262.0,0.0,0.6483760000000001,1.200256,ROU,BFA,0
2902553,185,21,0,2018,15044.0,0.0,1.050715,1.04471,ROU,BFA,0
2902554,185,21,0,2016,7966.0,0.0,1.061259,0.9878870000000001,ROU,BFA,0
2902555,185,21,0,2017,539.0,0.0,1.05479,0.9842219999999999,ROU,BFA,0
2902556,185,21,0,2019,6654.0,0.0,1.044289,1.013691,ROU,BFA,0
2902557,185,21,0,2020,14352.0,0.0,1.13426,0.9767809999999999,ROU,BFA,0
2902558,185,21,0,2003,369.0,0.0,0.378379,1.0064620000000002,ROU,BFA,0
2902559,185,21,0,2012,12381.0,0.0,0.745926,1.2884719999999998,ROU,BFA,0
2902560,185,21,0,2013,24507.0,0.0,0.792035,1.225034,ROU,BFA,0
2902561,185,21,0,2002,0.0,259866.0,0.29888200000000004,0.980376,ROU,BFA,0
2902562,185,21,0,2015,38172.0,0.0,0.946363,1.056775,ROU,BFA,0
2902563,185,21,0,1999,503.0,0.0,0.253874,0.8322709999999999,ROU,BFA,0
2902564,185,21,0,2000,0.0,269246.0,0.39034,0.84193,ROU,BFA,0
2902565,186,21,0,2004,13856.0,0.0,0.8952399999999999,0.172896,RUS,BFA,0
2902566,186,21,0,2017,4032.0,0.0,0.32885,0.288392,RUS,BFA,0
2902567,186,21,0,1996,16408.0,0.0,0.900185,0.47723000000000004,RUS,BFA,0
2902568,186,21,0,1997,3212.0,0.0,0.87377,0.423861,RUS,BFA,0
2902569,186,21,0,1998,24945.0,0.0,0.93909,0.59719,RUS,BFA,0
2902570,186,21,0,1999,3356.0,0.0,0.903308,0.590858,RUS,BFA,0
2902571,186,21,0,2000,5972.0,0.0,0.976274,0.42859200000000003,RUS,BFA,0
2902572,186,21,0,2001,0.0,484868.0,0.945816,0.35027600000000003,RUS,BFA,0
2902573,186,21,0,2002,1748.0,1698995.0,1.109397,0.424229,RUS,BFA,0
2902574,186,21,0,2011,4144.0,754010.0,0.47319399999999995,-0.20801599999999998,RUS,BFA,0
2902575,186,21,0,2014,2293.0,0.0,0.229422,-0.214856,RUS,BFA,0
2902576,186,21,0,2018,944.0,0.0,0.21398000000000003,0.100414,RUS,BFA,0
2902577,186,21,0,2019,31588.0,0.0,0.329884,0.26215,RUS,BFA,0
2902578,186,21,0,2020,21571.0,0.0,0.373882,0.42102700000000004,RUS,BFA,0
2902579,186,21,0,1995,15259.0,0.0,0.364437,0.171494,RUS,BFA,0
2902580,187,21,0,2019,0.0,19368.0,-0.812602,-0.737603,RWA,BFA,0
2902581,187,21,0,2009,5307.0,0.0,-0.31001599999999996,-0.5382170000000001,RWA,BFA,0
2902582,187,21,0,2011,3082.0,0.0,-0.684475,-0.690734,RWA,BFA,0
2902583,188,21,0,2005,7790.0,0.0,0.678873,-0.759985,SAU,BFA,0
2902584,188,21,0,2008,91609.0,0.0,-0.09849400000000001,-0.8998309999999999,SAU,BFA,0
2902585,188,21,0,2011,38293.0,0.0,0.354045,-0.800028,SAU,BFA,0
2902586,188,21,0,2013,155069.0,0.0,0.626347,-0.844406,SAU,BFA,0
2902587,188,21,0,2014,19414.0,0.0,0.5758439999999999,-0.832692,SAU,BFA,0
2902588,188,21,0,2015,5882.0,0.0,0.5552520000000001,-0.7263229999999999,SAU,BFA,0
2902589,188,21,0,2016,21875.0,0.0,0.394807,-0.638644,SAU,BFA,0
2902590,188,21,0,2020,28723.0,0.0,0.662925,-0.21661999999999998,SAU,BFA,0
2902591,188,21,0,2007,3942.0,0.0,0.367463,-0.8603709999999999,SAU,BFA,0
2902592,188,21,0,2009,27912.0,0.0,0.300581,-0.813199,SAU,BFA,0
2902593,188,21,0,2010,8220.0,0.0,0.46696400000000005,-0.7487520000000001,SAU,BFA,0
2902594,188,21,0,2012,66688.0,0.0,0.42235200000000006,-0.818584,SAU,BFA,0
2902595,188,21,0,2017,130633.0,0.0,0.597716,-0.345049,SAU,BFA,0
2902596,188,21,0,2018,106349.0,0.0,0.5801810000000001,-0.447514,SAU,BFA,0
2902597,188,21,0,2019,594495.0,0.0,0.787798,-0.41350600000000004,SAU,BFA,0
2902598,188,21,0,1995,42755.0,0.0,0.401573,-0.6676529999999999,SAU,BFA,0
2902599,188,21,0,1999,1359.0,0.0,0.553028,-0.527401,SAU,BFA,0
2902600,188,21,0,2000,6566.0,0.0,0.588175,-0.74197,SAU,BFA,0
2902601,188,21,0,2002,20757.0,0.0,0.082107,-0.843317,SAU,BFA,0
2902602,188,21,0,2003,51452.0,0.0,0.202286,-0.714691,SAU,BFA,0
2902603,188,21,0,2004,7715.0,0.0,0.546196,-0.7014729999999999,SAU,BFA,0
2902604,188,21,0,2001,18552.0,0.0,0.5370550000000001,-0.793469,SAU,BFA,0
2902605,188,21,0,1997,27014.0,0.0,0.015040000000000001,-0.954475,SAU,BFA,0
2902606,190,21,0,2009,0.0,519886.0,-2.2948020000000002,-1.3182040000000002,SDN,BFA,0
2902607,191,21,0,1997,211415.0,0.0,-0.606205,-0.727753,SEN,BFA,0
2902608,191,21,0,2014,875693.0,10252.0,-0.502607,-0.08866,SEN,BFA,0
2902609,191,21,0,2016,306079.0,13016.0,-0.7061270000000001,-0.46532399999999996,SEN,BFA,0
2902610,191,21,0,2001,71999.0,0.0,-0.437779,-0.436654,SEN,BFA,0
2902611,191,21,0,2012,165645.0,10220.0,-0.458858,-0.172745,SEN,BFA,0
2902612,191,21,0,2013,118037.0,21635.0,-0.523662,-0.309101,SEN,BFA,0
2902613,191,21,0,2017,144779.0,7783.0,-0.6722899999999999,-0.26522199999999996,SEN,BFA,0
2902614,191,21,0,2018,38073.0,23365.0,-0.751378,-0.390573,SEN,BFA,0
2902615,191,21,0,2008,415970.0,25610.0,-0.478024,-0.313199,SEN,BFA,0
2902616,191,21,0,2011,1239286.0,6661.0,-0.624346,-0.308052,SEN,BFA,0
2902617,191,21,0,2015,255547.0,14695.0,-0.708349,-0.296663,SEN,BFA,0
2902618,191,21,0,2019,74438.0,23220.0,-0.721992,-0.385479,SEN,BFA,0
2902619,191,21,0,2020,127949.0,44953.0,-0.634185,-0.398728,SEN,BFA,0
2902620,191,21,0,2002,166630.0,54381.0,-0.43679700000000005,-0.484176,SEN,BFA,0
2902621,191,21,0,2003,478011.0,0.0,-0.25203600000000004,-0.25549299999999997,SEN,BFA,0
2902622,191,21,0,2004,516506.0,87842.0,-0.527127,-0.368631,SEN,BFA,0
2902623,191,21,0,2005,520173.0,12920.0,-0.279715,-0.231985,SEN,BFA,0
2902624,191,21,0,2007,371727.0,72642.0,-0.20343599999999998,0.27211199999999997,SEN,BFA,0
2902625,191,21,0,2009,678741.0,66455.0,-0.53392,-0.415513,SEN,BFA,0
2902626,191,21,0,2010,353469.0,39895.0,-0.45445,-0.148149,SEN,BFA,0
2902627,191,21,0,2006,76081.0,0.0,-0.364713,-0.183612,SEN,BFA,0
2902628,191,21,0,1996,179265.0,0.0,-0.619785,-0.712171,SEN,BFA,0
2902629,191,21,0,1999,160911.0,0.0,-0.472473,-0.462562,SEN,BFA,0
2902630,191,21,0,1998,146975.0,0.0,-0.416955,-0.449216,SEN,BFA,0
2902631,191,21,0,2000,159734.0,0.0,-0.46170100000000003,-0.435547,SEN,BFA,0
2902632,191,21,0,1995,78325.0,57556.0,-0.94962,-0.970988,SEN,BFA,0
2902633,192,21,0,2001,42619.0,9812554.0,1.364239,0.721074,SGP,BFA,0
2902634,192,21,0,2002,31260.0,522678.0,1.481857,0.648889,SGP,BFA,0
2902635,192,21,0,2011,4353.0,53163188.0,1.849116,0.52127,SGP,BFA,0
2902636,192,21,0,2013,30841.0,9536265.0,1.915504,0.619576,SGP,BFA,0
2902637,192,21,0,2015,12116.0,12592018.0,2.05613,0.593065,SGP,BFA,0
2902638,192,21,0,2016,0.0,16039995.0,2.089995,0.564921,SGP,BFA,0
2902639,192,21,0,2014,0.0,15127716.0,1.867492,0.626736,SGP,BFA,0
2902640,192,21,0,2018,44067.0,17826085.0,1.914132,0.652011,SGP,BFA,0
2902641,192,21,0,2017,3025.0,19263286.0,1.884166,0.37903600000000004,SGP,BFA,0
2902642,192,21,0,1999,386517.0,540521.0,1.355833,0.594305,SGP,BFA,0
2902643,192,21,0,2000,39273.0,8268056.0,1.3392389999999998,0.6035010000000001,SGP,BFA,0
2902644,192,21,0,2012,0.0,9044953.0,1.685959,0.5900989999999999,SGP,BFA,0
2902645,192,21,0,2020,23187.0,6277344.0,1.948379,0.610574,SGP,BFA,0
2902646,192,21,0,2005,27180.0,7396564.0,1.601677,0.49930399999999997,SGP,BFA,0
2902647,192,21,0,1997,15087.0,7116697.0,1.01557,0.360154,SGP,BFA,0
2902648,192,21,0,1998,80501.0,8565562.0,1.0029709999999998,0.506545,SGP,BFA,0
2902649,192,21,0,2003,12774.0,0.0,1.5080799999999999,0.720337,SGP,BFA,0
2902650,192,21,0,2004,26488.0,815427.0,1.6409779999999998,0.634947,SGP,BFA,0
2902651,192,21,0,2007,37164.0,21482768.0,1.608299,0.545791,SGP,BFA,0
2902652,192,21,0,2008,14911.0,39773641.0,1.844543,0.5947020000000001,SGP,BFA,0
2902653,192,21,0,2009,0.0,83818545.0,1.9503540000000001,0.498033,SGP,BFA,0
2902654,192,21,0,2010,0.0,37581137.0,1.8441349999999999,0.570311,SGP,BFA,0
2902655,192,21,0,2019,8774.0,20133398.0,2.0264599999999997,0.665506,SGP,BFA,0
2902656,196,21,0,2019,1535.0,0.0,-0.402403,-0.639318,SLE,BFA,0
2902657,196,21,0,2012,232229.0,0.0,-0.6198279999999999,-0.627216,SLE,BFA,0
2902658,196,21,0,2013,0.0,4011.0,-0.132082,-0.552921,SLE,BFA,0
2902659,196,21,0,2015,0.0,4259.0,0.072324,-0.255235,SLE,BFA,0
2902660,201,21,0,2015,0.0,67809.0,0.457042,1.324908,SRB,BFA,0
2902661,201,21,0,2016,9777.0,0.0,0.501676,1.0447520000000001,SRB,BFA,0
2902662,201,21,0,2018,3553.0,0.0,0.607486,1.2139389999999999,SRB,BFA,0
2902663,201,21,0,2019,22390.0,0.0,0.543913,1.210102,SRB,BFA,0
2902664,201,21,0,2020,34922.0,0.0,0.5868399999999999,1.1187120000000002,SRB,BFA,0
2902665,206,21,0,2011,5915.0,0.0,1.262897,0.8230569999999999,SVK,BFA,0
2902666,206,21,0,2013,0.0,23554.0,1.32064,0.7519819999999999,SVK,BFA,0
2902667,206,21,0,1995,48156.0,0.0,1.2249780000000001,1.405585,SVK,BFA,0
2902668,206,21,0,2003,16715.0,0.0,1.22565,0.915518,SVK,BFA,0
2902669,206,21,0,2015,737.0,0.0,1.287133,0.7900560000000001,SVK,BFA,0
2902670,206,21,0,2016,476226.0,0.0,1.273942,0.763966,SVK,BFA,0
2902671,206,21,0,2017,4832.0,0.0,1.279606,0.85503,SVK,BFA,0
2902672,206,21,0,2006,52247.0,0.0,1.291583,0.868317,SVK,BFA,0
2902673,207,21,0,2012,0.0,332121.0,1.548381,0.699002,SVN,BFA,0
2902674,207,21,0,2018,0.0,62514.0,1.67428,0.7703800000000001,SVN,BFA,0
2902675,207,21,0,2007,0.0,776300.0,1.605767,0.692926,SVN,BFA,0
2902676,207,21,0,2008,0.0,607244.0,1.5099209999999998,0.683663,SVN,BFA,0
2902677,207,21,0,2010,0.0,321741.0,1.595473,0.7023020000000001,SVN,BFA,0
2902678,207,21,0,2011,0.0,557057.0,1.642913,0.700222,SVN,BFA,0
2902679,207,21,0,2014,2675.0,179152.0,1.6558669999999998,0.6814399999999999,SVN,BFA,0
2902680,207,21,0,1996,0.0,373793.0,1.409184,1.37245,SVN,BFA,0
2902681,207,21,0,1997,0.0,685154.0,1.435765,1.348897,SVN,BFA,0
2902682,207,21,0,2000,0.0,382331.0,1.493533,1.142239,SVN,BFA,0
2902683,207,21,0,2002,0.0,380120.0,1.5643770000000001,1.043862,SVN,BFA,0
2902684,207,21,0,2003,0.0,450111.0,1.6459840000000001,1.014191,SVN,BFA,0
2902685,207,21,0,2004,0.0,207369.0,1.628643,1.02381,SVN,BFA,0
2902686,207,21,0,2006,0.0,917520.0,1.5882370000000001,0.800719,SVN,BFA,0
2902687,207,21,0,2009,0.0,187013.0,1.548036,0.730396,SVN,BFA,0
2902688,207,21,0,1999,0.0,289520.0,1.447589,1.284414,SVN,BFA,0
2902689,207,21,0,2016,2991.0,195038.0,1.6466720000000001,0.8247680000000001,SVN,BFA,0
2902690,207,21,0,2017,1559.0,0.0,1.600319,0.854305,SVN,BFA,0
2902691,207,21,0,2013,0.0,215388.0,1.698374,0.563082,SVN,BFA,0
2902692,207,21,0,2015,0.0,64606.0,1.6089879999999999,0.833616,SVN,BFA,0
2902693,207,21,0,1998,0.0,715620.0,1.442955,1.27214,SVN,BFA,0
2902694,207,21,0,2001,0.0,213811.0,1.5074370000000001,1.1370040000000001,SVN,BFA,0
2902695,208,21,0,1997,1039.0,0.0,2.120182,0.993078,SWE,BFA,0
2902696,208,21,0,1999,3617.0,0.0,2.1456720000000002,0.856556,SWE,BFA,0
2902697,208,21,0,2003,91358.0,2526.0,2.099224,0.799982,SWE,BFA,0
2902698,208,21,0,2005,1122.0,0.0,1.902796,0.84031,SWE,BFA,0
2902699,208,21,0,2007,40286.0,0.0,1.927244,0.498241,SWE,BFA,0
2902700,208,21,0,2008,126207.0,8248.0,1.866575,0.44342700000000007,SWE,BFA,0
2902701,208,21,0,2009,19348.0,12747.0,1.877821,0.336565,SWE,BFA,0
2902702,208,21,0,2011,42760.0,0.0,1.857146,0.366159,SWE,BFA,0
2902703,208,21,0,2012,125564.0,0.0,1.78062,0.269041,SWE,BFA,0
2902704,208,21,0,2013,26262.0,0.0,1.869421,0.228109,SWE,BFA,0
2902705,208,21,0,2014,81584.0,0.0,1.817752,0.558474,SWE,BFA,0
2902706,208,21,0,2015,79900.0,0.0,1.8068349999999997,0.693389,SWE,BFA,0
2902707,208,21,0,2016,97897.0,66561.0,1.785149,0.767444,SWE,BFA,0
2902708,208,21,0,2017,90392.0,2379.0,1.764732,0.732646,SWE,BFA,0
2902709,208,21,0,2018,183973.0,2373.0,1.76361,0.766904,SWE,BFA,0
2902710,208,21,0,2019,892771.0,1932.0,1.781148,0.742037,SWE,BFA,0
2902711,208,21,0,2020,235775.0,56976.0,1.6911310000000002,0.791586,SWE,BFA,0
2902712,208,21,0,1996,1730.0,0.0,2.133781,0.9099889999999999,SWE,BFA,0
2902713,208,21,0,1998,3018.0,0.0,2.134076,0.9259729999999999,SWE,BFA,0
2902714,208,21,0,2000,4115.0,0.0,2.168823,0.839417,SWE,BFA,0
2902715,208,21,0,2001,5154.0,3520.0,2.156845,0.784439,SWE,BFA,0
2902716,208,21,0,2004,36211.0,5433.0,2.0522080000000003,0.8326969999999999,SWE,BFA,0
2902717,208,21,0,2006,13593.0,0.0,1.902737,0.593294,SWE,BFA,0
2902718,208,21,0,2010,111586.0,0.0,1.882239,0.397927,SWE,BFA,0
2902719,209,21,0,2019,2341.0,0.0,0.087181,-0.760434,SWZ,BFA,0
2902720,212,21,0,2010,222101.0,0.0,-0.46833800000000003,1.11952,SYR,BFA,0
2902721,212,21,0,2009,92219.0,1057.0,-0.48481199999999997,1.464509,SYR,BFA,0
2902722,212,21,0,2007,871270.0,0.0,-0.46851899999999996,0.553396,SYR,BFA,0
2902723,212,21,0,2008,287076.0,0.0,-0.365789,0.877383,SYR,BFA,0
2902724,212,21,0,2003,384671.0,0.0,-0.868749,-0.326322,SYR,BFA,0
2902725,212,21,0,2005,163746.0,0.0,-0.677037,0.107451,SYR,BFA,0
2902726,212,21,0,2006,1052244.0,0.0,-0.588695,0.532487,SYR,BFA,0
2902727,212,21,0,2004,403105.0,0.0,-0.568707,-0.034736,SYR,BFA,0
2902728,212,21,0,2011,147706.0,0.0,-0.604133,0.5268970000000001,SYR,BFA,0
2902729,212,21,0,2012,174393.0,0.0,-0.11197,1.916262,SYR,BFA,0
2902730,212,21,0,2001,96143.0,0.0,-1.057217,-0.716331,SYR,BFA,0
2902731,212,21,0,2002,146897.0,0.0,-1.067974,-0.513309,SYR,BFA,0
2902732,214,21,0,2018,0.0,2040.0,-1.845707,-1.032018,TCD,BFA,0
2902733,214,21,0,2005,71119.0,0.0,-1.927016,-0.876934,TCD,BFA,0
2902734,214,21,0,2012,0.0,22230.0,-2.067077,-0.987223,TCD,BFA,0
2902735,214,21,0,2014,0.0,47505.0,-2.012048,-0.921558,TCD,BFA,0
2902736,214,21,0,2015,0.0,58351.0,-1.543675,-0.9703860000000001,TCD,BFA,0
2902737,214,21,0,2009,28015.0,0.0,-1.294648,-0.9645020000000001,TCD,BFA,0
2902738,214,21,0,2010,2196.0,0.0,0.035565,-0.759857,TCD,BFA,0
2902739,215,21,0,1995,702745.0,1226144.0,-0.962727,-0.873151,TGO,BFA,0
2902740,215,21,0,1996,305558.0,2729407.0,-0.9070459999999999,-0.7702399999999999,TGO,BFA,0
2902741,215,21,0,2002,203923.0,3142916.0,-0.6810039999999999,-0.6286930000000001,TGO,BFA,0
2902742,215,21,0,2003,4764701.0,57807250.0,-0.5058590000000001,-0.520586,TGO,BFA,0
2902743,215,21,0,2007,376390.0,9233497.0,-0.78689,-0.806879,TGO,BFA,0
2902744,215,21,0,2008,683511.0,3101927.0,-0.5025689999999999,-0.747621,TGO,BFA,0
2902745,215,21,0,2009,764538.0,730699.0,-0.561619,-0.759929,TGO,BFA,0
2902746,215,21,0,2010,1643947.0,2705551.0,-0.943559,-0.884336,TGO,BFA,0
2902747,215,21,0,2011,2903069.0,105554.0,-0.9156030000000001,-0.884099,TGO,BFA,0
2902748,215,21,0,2012,4852699.0,793485.0,-0.50449,-0.604672,TGO,BFA,0
2902749,215,21,0,2013,13161397.0,1296434.0,-0.598413,-0.49295200000000006,TGO,BFA,0
2902750,215,21,0,2014,12049954.0,11224049.0,-0.524103,-0.537643,TGO,BFA,0
2902751,215,21,0,2015,5534419.0,46511.0,-0.66925,-0.873554,TGO,BFA,0
2902752,215,21,0,2016,6545305.0,121275.0,-0.751382,-0.7411310000000001,TGO,BFA,0
2902753,215,21,0,2017,5658788.0,96204.0,-0.8957450000000001,-0.891191,TGO,BFA,0
2902754,215,21,0,2018,9667389.0,519858.0,-0.685084,-0.773437,TGO,BFA,0
2902755,215,21,0,2019,8955213.0,278477.0,-0.823204,-0.819535,TGO,BFA,0
2902756,215,21,0,2020,5506501.0,8070885.0,-0.719535,-0.746202,TGO,BFA,0
2902757,215,21,0,1998,668117.0,1043616.0,-0.8338540000000001,-0.8437020000000001,TGO,BFA,0
2902758,215,21,0,1997,155906.0,464882.0,-0.974678,-0.8150350000000001,TGO,BFA,0
2902759,215,21,0,1999,501891.0,57785.0,-0.583782,-0.6632279999999999,TGO,BFA,0
2902760,215,21,0,2000,213665.0,33953.0,-0.799952,-0.63056,TGO,BFA,0
2902761,215,21,0,2001,207496.0,734069.0,-0.758725,-0.577004,TGO,BFA,0
2902762,215,21,0,2004,5560572.0,86266604.0,-0.6788270000000001,-0.482984,TGO,BFA,0
2902763,215,21,0,2005,5852705.0,60255617.0,-0.745209,-0.455725,TGO,BFA,0
2902764,216,21,0,1995,722149.0,10497677.0,0.174522,1.608058,THA,BFA,0
2902765,216,21,0,1996,93470.0,1866315.0,0.10120599999999999,1.351967,THA,BFA,0
2902766,216,21,0,1997,5479.0,4918105.0,0.084875,1.41931,THA,BFA,0
2902767,216,21,0,1998,145641.0,12541254.0,0.128633,1.484142,THA,BFA,0
2902768,216,21,0,1999,50165.0,8816473.0,0.20451,1.513533,THA,BFA,0
2902769,216,21,0,2000,41338.0,4806629.0,0.301195,1.577338,THA,BFA,0
2902770,216,21,0,2001,103072.0,3613029.0,0.37555900000000003,1.498267,THA,BFA,0
2902771,216,21,0,2002,144866.0,6242720.0,0.432041,1.627953,THA,BFA,0
2902772,216,21,0,2003,290259.0,16196297.0,0.43010699999999996,1.607408,THA,BFA,0
2902773,216,21,0,2004,416295.0,11477694.0,0.5150359999999999,1.583019,THA,BFA,0
2902774,216,21,0,2005,77306.0,18833414.0,0.552846,1.664665,THA,BFA,0
2902775,216,21,0,2006,403222.0,17818986.0,0.568209,1.685343,THA,BFA,0
2902776,216,21,0,2007,264420.0,29803357.0,0.711328,1.411114,THA,BFA,0
2902777,216,21,0,2008,201604.0,41344287.0,0.7531399999999999,1.4420620000000002,THA,BFA,0
2902778,216,21,0,2009,538890.0,17595198.0,0.79692,1.315501,THA,BFA,0
2902779,216,21,0,2010,408916.0,26501932.0,0.748328,1.425224,THA,BFA,0
2902780,216,21,0,2011,316405.0,33938560.0,0.889009,1.503118,THA,BFA,0
2902781,216,21,0,2012,576188.0,11525222.0,0.910957,1.294243,THA,BFA,0
2902782,216,21,0,2013,1322581.0,30792180.0,0.8752139999999999,1.3798620000000001,THA,BFA,0
2902783,216,21,0,2014,634553.0,27266199.0,0.977094,1.41283,THA,BFA,0
2902784,216,21,0,2015,250859.0,26518898.0,0.965888,1.368572,THA,BFA,0
2902785,216,21,0,2016,106615.0,11740542.0,1.022065,1.428082,THA,BFA,0
2902786,216,21,0,2017,29075.0,6012050.0,0.983977,1.3926020000000001,THA,BFA,0
2902787,216,21,0,2018,201192.0,3188488.0,1.053177,1.4084969999999999,THA,BFA,0
2902788,216,21,0,2019,50515.0,4549753.0,0.9744229999999999,1.401199,THA,BFA,0
2902789,216,21,0,2020,3871306.0,1728604.0,1.035524,1.2777180000000001,THA,BFA,0
2902790,223,21,0,2000,100690.0,610122.0,-0.188616,0.044912,TUN,BFA,0
2902791,223,21,0,2001,94557.0,127667.0,-0.162152,0.23939699999999997,TUN,BFA,0
2902792,223,21,0,2002,350468.0,480812.0,-0.221951,0.325506,TUN,BFA,0
2902793,223,21,0,2003,118512.0,879112.0,-0.14845999999999998,0.255092,TUN,BFA,0
2902794,223,21,0,2004,210195.0,282285.0,-0.195751,0.335147,TUN,BFA,0
2902795,223,21,0,2005,237593.0,1056743.0,-0.07273099999999999,0.671113,TUN,BFA,0
2902796,223,21,0,2006,615937.0,2110412.0,-0.013636,0.804752,TUN,BFA,0
2902797,223,21,0,2007,1341485.0,6057012.0,0.062824,0.74003,TUN,BFA,0
2902798,223,21,0,2008,338092.0,1420863.0,0.084141,0.676248,TUN,BFA,0
2902799,223,21,0,2009,876562.0,502470.0,0.044903,0.9126120000000001,TUN,BFA,0
2902800,223,21,0,2010,541213.0,1148508.0,0.165019,0.8882059999999999,TUN,BFA,0
2902801,223,21,0,2016,672324.0,20458.0,0.171791,1.062948,TUN,BFA,0
2902802,223,21,0,2017,379367.0,0.0,0.224119,0.961772,TUN,BFA,0
2902803,223,21,0,2018,979320.0,90180.0,0.259778,1.187194,TUN,BFA,0
2902804,223,21,0,2019,472854.0,30481.0,0.19601300000000002,1.159766,TUN,BFA,0
2902805,223,21,0,1995,36265.0,0.0,-0.253792,-0.044331,TUN,BFA,0
2902806,223,21,0,2011,419036.0,2268952.0,0.151221,1.1252360000000001,TUN,BFA,0
2902807,223,21,0,2012,704596.0,787675.0,0.24695799999999998,0.9356620000000001,TUN,BFA,0
2902808,223,21,0,2014,296869.0,188939.0,0.343449,1.118007,TUN,BFA,0
2902809,223,21,0,2015,227737.0,0.0,0.140202,0.967591,TUN,BFA,0
2902810,223,21,0,1998,341203.0,1302142.0,-0.21677,-0.08694299999999999,TUN,BFA,0
2902811,223,21,0,2013,496572.0,983938.0,0.185528,1.0070700000000001,TUN,BFA,0
2902812,223,21,0,1996,62312.0,0.0,-0.28546,-0.089051,TUN,BFA,0
2902813,223,21,0,1999,149940.0,586432.0,-0.317866,-0.102551,TUN,BFA,0
2902814,223,21,0,2020,1266276.0,0.0,0.220298,0.454477,TUN,BFA,0
2902815,223,21,0,1997,11360.0,806323.0,-0.24073899999999998,-0.146818,TUN,BFA,0
2902816,224,21,0,1996,396.0,3158400.0,0.156866,1.554023,TUR,BFA,0
2902817,224,21,0,1999,0.0,674635.0,0.044692,1.745755,TUR,BFA,0
2902818,224,21,0,2000,1304.0,2103668.0,0.191299,1.9761529999999998,TUR,BFA,0
2902819,224,21,0,2001,11501.0,412362.0,0.188773,1.91451,TUR,BFA,0
2902820,224,21,0,2002,6931.0,789027.0,0.11263699999999999,1.83925,TUR,BFA,0
2902821,224,21,0,2003,25321.0,364578.0,0.192802,1.9855060000000002,TUR,BFA,0
2902822,224,21,0,2005,16471.0,0.0,0.226487,2.210279,TUR,BFA,0
2902823,224,21,0,2007,184265.0,4113158.0,0.41396700000000003,2.0339869999999998,TUR,BFA,0
2902824,224,21,0,2008,83097.0,1332043.0,0.44478,2.186881,TUR,BFA,0
2902825,224,21,0,2009,253023.0,879857.0,0.384596,2.3797610000000002,TUR,BFA,0
2902826,224,21,0,2010,210685.0,11477260.0,0.359977,2.471173,TUR,BFA,0
2902827,224,21,0,2011,600313.0,3361838.0,0.45775,2.4316259999999996,TUR,BFA,0
2902828,224,21,0,2012,707240.0,0.0,0.507184,2.259161,TUR,BFA,0
2902829,224,21,0,2013,949170.0,1241120.0,0.42932299999999995,2.690235,TUR,BFA,0
2902830,224,21,0,2014,929489.0,11072186.0,0.554761,2.385693,TUR,BFA,0
2902831,224,21,0,2015,1307807.0,34471710.0,0.438669,2.519632,TUR,BFA,0
2902832,224,21,0,2016,2593911.0,36133692.0,0.45364799999999994,2.478837,TUR,BFA,0
2902833,224,21,0,2017,2572141.0,48638652.0,0.541611,2.405872,TUR,BFA,0
2902834,224,21,0,2018,3087429.0,3994687.0,0.518721,2.5581419999999997,TUR,BFA,0
2902835,224,21,0,2019,3267577.0,10817591.0,0.569408,2.364546,TUR,BFA,0
2902836,224,21,0,2020,4273461.0,1209144.0,0.590472,2.619866,TUR,BFA,0
2902837,224,21,0,2006,281962.0,491161.0,0.33971599999999996,2.193384,TUR,BFA,0
2902838,224,21,0,1997,1079.0,2394.0,0.167734,1.5827870000000002,TUR,BFA,0
2902839,224,21,0,1998,1359.0,0.0,0.085286,1.653589,TUR,BFA,0
2902840,224,21,0,2004,13507.0,0.0,0.141454,1.9463599999999999,TUR,BFA,0
2902841,226,21,0,2015,2268829.0,0.0,-1.02395,-0.017509999999999998,TZA,BFA,0
2902842,226,21,0,2006,120517.0,0.0,-0.953097,0.159129,TZA,BFA,0
2902843,226,21,0,2013,4760055.0,0.0,-0.9306770000000001,0.273489,TZA,BFA,0
2902844,226,21,0,2014,394187.0,0.0,-1.054331,0.166345,TZA,BFA,0
2902845,226,21,0,2016,488282.0,0.0,-1.1008799999999999,-0.048319,TZA,BFA,0
2902846,226,21,0,2017,0.0,2785.0,-1.0691709999999999,0.11636800000000001,TZA,BFA,0
2902847,226,21,0,2020,4138.0,0.0,-1.024,-0.023909,TZA,BFA,0
2902848,227,21,0,2019,0.0,17969.0,-0.639476,0.148255,UGA,BFA,0
2902849,227,21,0,2009,0.0,9679.0,-0.573707,-0.036203,UGA,BFA,0
2902850,227,21,0,2013,0.0,4830.0,-0.5462279999999999,0.200682,UGA,BFA,0
2902851,227,21,0,2018,0.0,16729.0,-0.621049,-0.061448,UGA,BFA,0
2902852,227,21,0,2008,0.0,2861.0,-0.653885,-0.035455,UGA,BFA,0
2902853,227,21,0,2020,693.0,0.0,-0.55156,-0.019136,UGA,BFA,0
2902854,227,21,0,1995,0.0,283976.0,-1.053037,-1.001752,UGA,BFA,0
2902855,227,21,0,1996,0.0,138976.0,-0.931124,-0.925523,UGA,BFA,0
2902856,228,21,0,2013,31185.0,0.0,0.657729,0.9063200000000001,UKR,BFA,0
2902857,228,21,0,2015,6149.0,0.0,0.429879,0.701813,UKR,BFA,0
2902858,228,21,0,2016,32673.0,0.0,0.406901,0.637051,UKR,BFA,0
2902859,228,21,0,2017,1672.0,0.0,0.461109,0.7826569999999999,UKR,BFA,0
2902860,228,21,0,2003,49490.0,0.0,0.8929389999999999,0.956685,UKR,BFA,0
2902861,228,21,0,2008,948.0,0.0,0.59355,0.764415,UKR,BFA,0
2902862,228,21,0,2018,4061.0,0.0,0.337296,0.758675,UKR,BFA,0
2902863,228,21,0,2019,27699.0,0.0,0.303802,0.5650270000000001,UKR,BFA,0
2902864,228,21,0,2020,10677.0,251137.0,0.383736,0.531328,UKR,BFA,0
2902865,230,21,0,2012,1272.0,0.0,0.207742,-0.101484,URY,BFA,0
2902866,230,21,0,2011,2599.0,0.0,0.313195,0.042866,URY,BFA,0
2902867,231,21,0,1995,4177827.0,197598.0,1.771648,1.184,USA,BFA,0
2902868,231,21,0,1996,2466389.0,3277493.0,1.7110560000000001,1.125141,USA,BFA,0
2902869,231,21,0,1997,2825006.0,884146.0,1.823511,0.888084,USA,BFA,0
2902870,231,21,0,1998,2038677.0,80202.0,1.8223639999999999,0.761336,USA,BFA,0
2902871,231,21,0,1999,1824253.0,1700906.0,1.8755119999999998,0.5350729999999999,USA,BFA,0
2902872,231,21,0,2000,1755068.0,243466.0,1.8549650000000002,0.226992,USA,BFA,0
2902873,231,21,0,2001,556469.0,64257.0,1.873674,0.168468,USA,BFA,0
2902874,231,21,0,2002,1903828.0,244217.0,1.821594,0.231296,USA,BFA,0
2902875,231,21,0,2003,1657026.0,195427.0,1.7789220000000001,0.064028,USA,BFA,0
2902876,231,21,0,2004,2103484.0,134871.0,1.7598630000000002,0.066704,USA,BFA,0
2902877,231,21,0,2005,2094932.0,378324.0,1.718086,-0.34564,USA,BFA,0
2902878,231,21,0,2006,683967.0,113519.0,1.666643,-0.121679,USA,BFA,0
2902879,231,21,0,2007,1237146.0,406941.0,1.612165,0.0922,USA,BFA,0
2902880,231,21,0,2008,3073436.0,20062.0,1.584278,-0.209788,USA,BFA,0
2902881,231,21,0,2009,2002955.0,245285.0,1.657663,-0.41411400000000004,USA,BFA,0
2902882,231,21,0,2010,4375389.0,137102.0,1.67573,-0.598165,USA,BFA,0
2902883,231,21,0,2011,3562632.0,1355455.0,1.6884849999999998,-0.474499,USA,BFA,0
2902884,231,21,0,2012,2399568.0,19025.0,1.628377,-0.601941,USA,BFA,0
2902885,231,21,0,2013,4372670.0,510382.0,1.6639689999999998,-0.48651300000000003,USA,BFA,0
2902886,231,21,0,2014,6552968.0,547131.0,1.61227,0.068905,USA,BFA,0
2902887,231,21,0,2015,3451101.0,318608.0,1.720478,-0.129322,USA,BFA,0
2902888,231,21,0,2016,844133.0,37811.0,1.685329,0.297536,USA,BFA,0
2902889,231,21,0,2017,1597745.0,172358.0,1.601478,0.277271,USA,BFA,0
2902890,231,21,0,2018,2706448.0,297033.0,1.585861,0.44815900000000003,USA,BFA,0
2902891,231,21,0,2019,1415750.0,204011.0,1.606808,0.3232,USA,BFA,0
2902892,231,21,0,2020,6277144.0,1692085.0,1.588148,0.380904,USA,BFA,0
2902893,236,21,0,1996,104707.0,0.0,0.07086100000000001,-0.761307,VEN,BFA,0
2902894,236,21,0,1997,162960.0,0.0,0.21363200000000002,-0.668341,VEN,BFA,0
2902895,236,21,0,1998,178206.0,76289.0,0.288717,-0.540639,VEN,BFA,0
2902896,236,21,0,1999,114453.0,76145.0,0.16454100000000002,-0.691021,VEN,BFA,0
2902897,236,21,0,2000,57438.0,611182.0,0.19788499999999998,-0.779957,VEN,BFA,0
2902898,236,21,0,2001,62023.0,405690.0,0.261158,-0.7397,VEN,BFA,0
2902899,236,21,0,2002,122807.0,126337.0,0.211536,-0.715675,VEN,BFA,0
2902900,236,21,0,2003,121930.0,16082.0,0.277805,-0.783697,VEN,BFA,0
2902901,236,21,0,2004,0.0,22201.0,0.048698000000000005,-0.899776,VEN,BFA,0
2902902,239,21,0,2000,53034.0,586400.0,-0.849311,0.391474,VNM,BFA,0
2902903,239,21,0,2001,85693.0,1059587.0,-0.6692130000000001,0.610992,VNM,BFA,0
2902904,239,21,0,2002,34869.0,1398481.0,-0.589665,0.799874,VNM,BFA,0
2902905,239,21,0,2005,695751.0,2693926.0,-0.673618,0.766938,VNM,BFA,0
2902906,239,21,0,2008,639319.0,4395646.0,-0.207083,1.1323370000000001,VNM,BFA,0
2902907,239,21,0,2010,3676458.0,9844047.0,-0.24660500000000002,1.427235,VNM,BFA,0
2902908,239,21,0,2011,186603.0,11146578.0,-0.184453,1.637207,VNM,BFA,0
2902909,239,21,0,2013,4030980.0,26755860.0,-0.11426900000000001,1.399738,VNM,BFA,0
2902910,239,21,0,2015,7084306.0,46178816.0,-0.17108900000000002,1.10995,VNM,BFA,0
2902911,239,21,0,2016,6270162.0,34312060.0,-0.10217899999999999,1.015568,VNM,BFA,0
2902912,239,21,0,2018,1137312.0,81247.0,0.003069,0.9169729999999999,VNM,BFA,0
2902913,239,21,0,2019,3788706.0,0.0,-0.048147,1.098784,VNM,BFA,0
2902914,239,21,0,2009,2155903.0,2933547.0,-0.27396,1.131199,VNM,BFA,0
2902915,239,21,0,2003,129212.0,3645812.0,-0.633985,0.659696,VNM,BFA,0
2902916,239,21,0,2004,428612.0,7177038.0,-0.5270560000000001,0.8910389999999999,VNM,BFA,0
2902917,239,21,0,2006,279255.0,1755919.0,-0.342779,1.033318,VNM,BFA,0
2902918,239,21,0,2007,284692.0,0.0,-0.335613,1.048849,VNM,BFA,0
2902919,239,21,0,2012,30640.0,12507671.0,0.012365000000000001,1.290936,VNM,BFA,0
2902920,239,21,0,2014,1474488.0,35439472.0,-0.023765,1.344416,VNM,BFA,0
2902921,239,21,0,2017,236898.0,53983377.0,-0.009819,0.686429,VNM,BFA,0
2902922,239,21,0,2020,622792.0,21935.0,0.034229,0.89099,VNM,BFA,0
2902923,239,21,0,1995,291444.0,0.0,-1.0462069999999999,-0.269063,VNM,BFA,0
2902924,239,21,0,1996,126387.0,0.0,-0.9336469999999999,-0.10985199999999999,VNM,BFA,0
2902925,239,21,0,1997,161082.0,0.0,-0.93384,0.06253099999999999,VNM,BFA,0
2902926,239,21,0,1998,155829.0,0.0,-0.9395469999999999,0.060697,VNM,BFA,0
2902927,239,21,0,1999,75759.0,0.0,-0.9824940000000001,0.115755,VNM,BFA,0
2902928,240,21,0,2013,5810043.0,2790.0,-0.6548689999999999,-0.811184,VUT,BFA,0
2902929,246,21,0,1997,542.0,542032.0,0.501792,1.1192440000000001,ZAF,BFA,0
2902930,246,21,0,2002,3344.0,0.0,0.395943,2.392458,ZAF,BFA,0
2902931,246,21,0,2003,110206.0,335103.0,0.477987,2.255395,ZAF,BFA,0
2902932,246,21,0,2004,368700.0,0.0,0.460279,1.9736220000000002,ZAF,BFA,0
2902933,246,21,0,2005,657093.0,0.0,0.484464,1.65903,ZAF,BFA,0
2902934,246,21,0,2020,656683.0,1420.0,0.042099,0.923931,ZAF,BFA,0
2902935,246,21,0,2008,1134218.0,0.0,0.22551500000000002,1.185506,ZAF,BFA,0
2902936,246,21,0,2009,1305596.0,20560.0,0.316452,1.767795,ZAF,BFA,0
2902937,246,21,0,2010,902202.0,0.0,0.327326,1.513598,ZAF,BFA,0
2902938,246,21,0,2011,514956.0,1100.0,0.241792,1.353011,ZAF,BFA,0
2902939,246,21,0,2012,1216309.0,3540.0,0.284069,1.730991,ZAF,BFA,0
2902940,246,21,0,2017,788293.0,73.0,0.2066,1.378591,ZAF,BFA,0
2902941,246,21,0,2018,1286417.0,25826.0,0.158722,1.394829,ZAF,BFA,0
2902942,246,21,0,2019,984589.0,10155.0,0.129921,1.101027,ZAF,BFA,0
2902943,246,21,0,2014,468501.0,1433.0,0.282927,1.723214,ZAF,BFA,0
2902944,246,21,0,2015,526491.0,5019.0,0.24944699999999997,1.7573159999999999,ZAF,BFA,0
2902945,246,21,0,2013,646209.0,1983.0,0.380284,1.5682120000000002,ZAF,BFA,0
2902946,246,21,0,2016,386301.0,587.0,0.187396,1.46169,ZAF,BFA,0
2902947,246,21,0,1995,6175.0,2101625.0,0.468112,1.039817,ZAF,BFA,0
2902948,246,21,0,1996,14154.0,443792.0,0.456593,1.150786,ZAF,BFA,0
2902949,246,21,0,2007,1862334.0,0.0,0.349792,1.246052,ZAF,BFA,0
2902950,246,21,0,2001,13457.0,0.0,0.356842,2.006155,ZAF,BFA,0
2902951,246,21,0,1998,992.0,0.0,0.573958,1.3813739999999999,ZAF,BFA,0
2902952,246,21,0,1999,4942.0,0.0,0.543171,1.432792,ZAF,BFA,0
2902953,246,21,0,2000,125855.0,0.0,0.5307529999999999,2.1141810000000003,ZAF,BFA,0
2902954,247,21,0,2011,2821.0,0.0,-0.7599,-0.941019,ZMB,BFA,0
2902955,247,21,0,2013,0.0,7881.0,-0.382129,-0.5442229999999999,ZMB,BFA,0
2902956,247,21,0,2014,0.0,69995.0,-0.664089,-0.793452,ZMB,BFA,0
2902957,248,21,0,2007,2586753.0,0.0,-0.5271399999999999,-0.47033800000000003,ZWE,BFA,0
2902958,248,21,0,2002,8944.0,0.0,-0.309483,0.271457,ZWE,BFA,0
2902959,248,21,0,2006,151720.0,0.0,-0.41825500000000004,-0.55313,ZWE,BFA,0
2902960,249,21,0,2000,74030.0,984066.0,1.44705,1.475122,TWN,BFA,0
2902961,249,21,0,2001,169865.0,1929242.0,1.5731700000000002,1.353159,TWN,BFA,0
2902962,249,21,0,2002,49797.0,4731659.0,1.683858,1.333601,TWN,BFA,0
2902963,249,21,0,2003,34192.0,8127108.0,1.5924040000000002,1.397843,TWN,BFA,0
2902964,249,21,0,2004,13229.0,10284539.0,1.626307,1.358315,TWN,BFA,0
2902965,249,21,0,2005,52346.0,14638725.0,1.577067,1.3218450000000002,TWN,BFA,0
2902966,249,21,0,2006,0.0,6823845.0,1.619915,1.2289940000000001,TWN,BFA,0
2902967,249,21,0,2007,37346.0,11689332.0,1.651607,0.974649,TWN,BFA,0
2902968,249,21,0,2008,20909.0,6217921.0,1.611693,0.93875,TWN,BFA,0
2902969,249,21,0,2009,786289.0,969207.0,1.5763120000000002,0.9567950000000001,TWN,BFA,0
2902970,249,21,0,2010,2568867.0,4626213.0,1.766729,0.909335,TWN,BFA,0
2902971,249,21,0,2011,1087000.0,4894000.0,1.803234,0.921233,TWN,BFA,0
2902972,249,21,0,2012,804761.0,2487607.0,1.6528,0.9437409999999999,TWN,BFA,0
2902973,249,21,0,2013,1272622.0,2396205.0,1.843186,0.9432379999999999,TWN,BFA,0
2902974,249,21,0,2014,946507.0,4340236.0,1.9044189999999999,1.0595139999999998,TWN,BFA,0
2902975,249,21,0,2015,596707.0,618197.0,1.962832,1.214982,TWN,BFA,0
2902976,249,21,0,2016,3526120.0,314444.0,2.002996,1.39485,TWN,BFA,0
2902977,249,21,0,2017,1189904.0,133051.0,2.0548290000000002,1.2552969999999999,TWN,BFA,0
2902978,249,21,0,2018,554464.0,40540.0,2.0462540000000002,1.166636,TWN,BFA,0
2902979,249,21,0,2019,247754.0,3798.0,2.123296,1.1786969999999999,TWN,BFA,0
2902980,249,21,0,2020,159255.0,0.0,2.0517060000000003,1.205431,TWN,BFA,0
2902981,249,21,0,1997,169568.0,18010804.0,1.317672,1.800561,TWN,BFA,0
2902982,249,21,0,1998,215613.0,9047941.0,1.224725,1.890322,TWN,BFA,0
2902983,249,21,0,1999,136784.0,2810746.0,1.336816,1.725334,TWN,BFA,0
2902984,249,21,0,1996,2789021.0,0.0,1.432225,1.675389,TWN,BFA,0
2902985,249,21,0,1995,1219520.0,0.0,1.345205,1.9337389999999999,TWN,BFA,0
2902986,250,21,0,1996,366449.0,2341.0,1.084978,0.901755,ANS,BFA,0
2902987,250,21,0,1997,617204.0,613888.0,1.036748,0.851626,ANS,BFA,0
2902988,250,21,0,1998,680099.0,2317.0,1.144164,1.187425,ANS,BFA,0
2902989,250,21,0,1999,544912.0,3069.0,1.130511,0.9547379999999999,ANS,BFA,0
2902990,250,21,0,2000,83919.0,44051.0,1.195891,-0.22544,ANS,BFA,0
2902991,250,21,0,2003,9076.0,37553.0,0.45951499999999995,-0.2312,ANS,BFA,0
2902992,250,21,0,1995,626423.0,0.0,1.034518,0.9735149999999999,ANS,BFA,0
2902993,250,21,0,2001,31233.0,4281.0,1.096023,-0.33562600000000004,ANS,BFA,0
2902994,250,21,0,2005,167897.0,2839744.0,0.63454,-0.41119799999999995,ANS,BFA,0
2902995,250,21,0,2002,9299.0,0.0,0.734927,-0.40114099999999997,ANS,BFA,0
2902996,250,21,0,2004,181627.0,356431.0,0.509382,-0.30904299999999996,ANS,BFA,0
2902997,15,27,0,2016,13543.0,0.0,1.759363,0.127262,AUT,BLM,0
2902998,15,27,0,2020,7375.0,0.0,1.6711310000000001,0.059096,AUT,BLM,0
2902999,18,27,0,2013,157401.0,0.0,1.316207,0.972601,BEL,BLM,0
2903000,18,27,0,2014,102926.0,0.0,1.234156,1.226441,BEL,BLM,0
2903001,18,27,0,2015,110675.0,0.0,1.329866,1.100641,BEL,BLM,0
2903002,18,27,0,2016,311515.0,1421.0,1.3102610000000001,1.214573,BEL,BLM,0
2903003,18,27,0,2017,32656.0,0.0,1.292657,1.19571,BEL,BLM,0
2903004,18,27,0,2018,214112.0,0.0,1.270641,1.201063,BEL,BLM,0
2903005,18,27,0,2019,245957.0,0.0,1.2555969999999999,1.168642,BEL,BLM,0
2903006,18,27,0,2020,175266.0,0.0,1.204632,1.278346,BEL,BLM,0
2903007,32,27,0,2016,43301.0,0.0,0.245919,0.661809,BRA,BLM,0
2903008,32,27,0,2017,14594.0,0.0,0.145224,0.483461,BRA,BLM,0
2903009,32,27,0,2018,5482.0,0.0,0.143397,0.582092,BRA,BLM,0
2903010,32,27,0,2019,9767.0,0.0,0.076947,0.660604,BRA,BLM,0
2903011,32,27,0,2020,18936.0,0.0,0.054622000000000004,0.532291,BRA,BLM,0
2903012,39,27,0,2020,87368.0,0.0,0.609267,1.1890479999999999,CAN,BLM,0
2903013,41,27,0,2013,27927.0,0.0,2.2104470000000003,0.5403479999999999,CHE,BLM,0
2903014,41,27,0,2014,8132.0,0.0,2.2000919999999997,0.65398,CHE,BLM,0
2903015,41,27,0,2016,7359.0,0.0,2.3488689999999997,0.806291,CHE,BLM,0
2903016,41,27,0,2017,3732.0,0.0,2.2557810000000003,0.845459,CHE,BLM,0
2903017,41,27,0,2018,10610.0,0.0,2.2324330000000003,0.7801560000000001,CHE,BLM,0
2903018,41,27,0,2019,35011.0,0.0,2.1990849999999997,0.8394229999999999,CHE,BLM,0
2903019,41,27,0,2020,8322.0,0.0,2.184038,0.900965,CHE,BLM,0
2903020,45,27,0,2014,0.0,33678.0,-0.6723520000000001,-0.945084,CMR,BLM,0
2903021,45,27,0,2016,0.0,17745.0,-1.086484,-1.0725559999999998,CMR,BLM,0
2903022,46,27,0,2017,0.0,21903.0,-1.3960569999999999,-1.126784,COD,BLM,0
2903023,59,27,0,2019,21887.0,0.0,1.797611,0.406708,CZE,BLM,0
2903024,59,27,0,2016,0.0,2319.0,1.823627,0.552354,CZE,BLM,0
2903025,59,27,0,2020,0.0,27528.0,1.716646,0.602441,CZE,BLM,0
2903026,61,27,0,2013,119422.0,1909.0,2.093658,-3.4281980000000005,DEU,BLM,0
2903027,61,27,0,2014,94568.0,2856.0,2.052849,-2.888805,DEU,BLM,0
2903028,61,27,0,2015,324129.0,1263.0,2.203818,-2.307561,DEU,BLM,0
2903029,61,27,0,2016,828984.0,0.0,2.203093,-2.24919,DEU,BLM,0
2903030,61,27,0,2017,49671.0,0.0,2.1149459999999998,-2.525372,DEU,BLM,0
2903031,61,27,0,2018,271791.0,1422.0,2.109059,-2.428826,DEU,BLM,0
2903032,61,27,0,2019,221341.0,79159.0,2.078626,-2.124816,DEU,BLM,0
2903033,61,27,0,2020,521732.0,3460.0,2.027494,-2.3646689999999997,DEU,BLM,0
2903034,64,27,0,2013,117171.0,0.0,1.161835,1.1788450000000001,DNK,BLM,0
2903035,64,27,0,2015,14219.0,0.0,1.157924,1.2045629999999998,DNK,BLM,0
2903036,64,27,0,2019,2869.0,0.0,1.0768280000000001,1.2615610000000002,DNK,BLM,0
2903037,71,27,0,2015,74918.0,0.0,0.8173590000000001,2.442556,ESP,BLM,0
2903038,71,27,0,2016,23725.0,19207.0,0.765428,2.57725,ESP,BLM,0
2903039,71,27,0,2017,40615.0,22036.0,0.734342,2.8180099999999997,ESP,BLM,0
2903040,71,27,0,2018,42106.0,8892.0,0.744825,2.919005,ESP,BLM,0
2903041,71,27,0,2019,75526.0,50574.0,0.678454,3.007838,ESP,BLM,0
2903042,71,27,0,2020,76591.0,8184.0,0.736657,2.731661,ESP,BLM,0
2903043,72,27,0,2013,0.0,168738.0,0.8828940000000001,1.386574,EST,BLM,0
2903044,72,27,0,2014,0.0,76314.0,0.9147780000000001,1.151556,EST,BLM,0
2903045,72,27,0,2020,0.0,1102.0,1.012385,1.305015,EST,BLM,0
2903046,77,27,0,2013,11667025.0,42540.0,1.520354,0.022874000000000002,FRA,BLM,0
2903047,77,27,0,2015,12376920.0,58432.0,1.479792,0.6490239999999999,FRA,BLM,0
2903048,77,27,0,2016,16571815.0,224142.0,1.476437,0.911746,FRA,BLM,0
2903049,77,27,0,2017,12840285.0,143455.0,1.398427,0.894732,FRA,BLM,0
2903050,77,27,0,2018,20384412.0,221100.0,1.420819,0.7793770000000001,FRA,BLM,0
2903051,77,27,0,2019,28180060.0,208846.0,1.380982,0.9510629999999999,FRA,BLM,0
2903052,77,27,0,2020,0.0,52017.0,1.341275,0.8991870000000001,FRA,BLM,0
2903053,81,27,0,2014,870274.0,0.0,1.697964,0.585372,GBR,BLM,0
2903054,90,27,0,2018,29512.0,0.0,0.059539999999999996,1.0321879999999999,GRC,BLM,0
2903055,90,27,0,2019,110872.0,0.0,0.08904400000000001,1.059396,GRC,BLM,0
2903056,90,27,0,2015,41482.0,0.0,0.099027,1.012289,GRC,BLM,0
2903057,103,27,0,2019,0.0,271591.0,-0.141811,1.385726,IDN,BLM,0
2903058,111,27,0,2013,737649.0,0.0,1.289924,0.533436,ITA,BLM,0
2903059,111,27,0,2014,1082107.0,0.0,1.340136,0.43931099999999995,ITA,BLM,0
2903060,111,27,0,2015,1925750.0,0.0,1.321127,0.747046,ITA,BLM,0
2903061,111,27,0,2016,5288684.0,0.0,1.339307,0.8549209999999999,ITA,BLM,0
2903062,111,27,0,2017,3215848.0,0.0,1.34395,0.577693,ITA,BLM,0
2903063,111,27,0,2018,15401091.0,0.0,1.3602530000000002,0.453607,ITA,BLM,0
2903064,111,27,0,2019,6530029.0,0.0,1.25898,0.926639,ITA,BLM,0
2903065,114,27,0,2020,39086.0,0.0,2.405659,-0.38169000000000003,JPN,BLM,0
2903066,114,27,0,2019,45799.0,0.0,2.4931509999999997,-0.558811,JPN,BLM,0
2903067,130,27,0,2020,1321.0,0.0,0.9772870000000001,1.291244,LTU,BLM,0
2903068,162,27,0,2015,7138.0,0.0,1.230104,1.27344,NLD,BLM,0
2903069,162,27,0,2016,50841.0,0.0,1.157361,1.5188540000000001,NLD,BLM,0
2903070,162,27,0,2017,15483.0,0.0,1.146959,1.470869,NLD,BLM,0
2903071,162,27,0,2018,74977.0,0.0,1.1478899999999999,1.454758,NLD,BLM,0
2903072,162,27,0,2019,72360.0,0.0,1.145044,1.3523530000000001,NLD,BLM,0
2903073,162,27,0,2020,131777.0,0.0,1.035951,1.559401,NLD,BLM,0
2903074,177,27,0,2018,0.0,46588.0,1.132475,1.258945,POL,BLM,0
2903075,177,27,0,2020,387376.0,0.0,1.0227979999999999,1.4079139999999999,POL,BLM,0
2903076,179,27,0,2013,58623.0,0.0,0.541454,2.5228610000000002,PRT,BLM,0
2903077,179,27,0,2014,98836.0,0.0,0.621053,2.349644,PRT,BLM,0
2903078,179,27,0,2015,324729.0,0.0,0.561922,2.2276380000000002,PRT,BLM,0
2903079,179,27,0,2016,527153.0,0.0,0.519621,2.254972,PRT,BLM,0
2903080,179,27,0,2017,250225.0,0.0,0.527046,2.264624,PRT,BLM,0
2903081,179,27,0,2018,628981.0,0.0,0.652628,2.211758,PRT,BLM,0
2903082,179,27,0,2019,1166844.0,0.0,0.545467,2.344447,PRT,BLM,0
2903083,179,27,0,2020,1418611.0,0.0,0.656999,2.1136470000000003,PRT,BLM,0
2903084,190,27,0,2016,0.0,12559.0,-1.216141,-1.191648,SDN,BLM,0
2903085,208,27,0,2015,6175.0,0.0,1.8068349999999997,0.693389,SWE,BLM,0
2903086,2,88,0,2016,7816.0,0.0,-1.313517,-1.262761,AGO,GNB,0
2903087,2,88,0,2013,0.0,3764.0,-1.172043,-1.133735,AGO,GNB,0
2903088,2,88,0,2017,1374.0,0.0,-1.408777,-1.215475,AGO,GNB,0
2903089,7,88,0,2012,78391.0,0.0,0.45351499999999995,-0.285021,ARE,GNB,0
2903090,7,88,0,2016,285216.0,0.0,0.11037999999999999,0.045327,ARE,GNB,0
2903091,7,88,0,2017,343176.0,0.0,0.210477,0.02557,ARE,GNB,0
2903092,7,88,0,2018,275752.0,0.0,0.11804400000000001,-0.326851,ARE,GNB,0
2903093,7,88,0,2019,173652.0,0.0,-0.165113,-0.8973540000000001,ARE,GNB,0
2903094,7,88,0,2020,103078.0,0.0,-0.118349,-0.789485,ARE,GNB,0
2903095,7,88,0,2013,371255.0,0.0,-0.074047,-0.585168,ARE,GNB,0
2903096,7,88,0,2014,511769.0,0.0,0.087775,-0.289459,ARE,GNB,0
2903097,7,88,0,2015,454070.0,0.0,0.21779600000000002,-0.0047420000000000006,ARE,GNB,0
2903098,8,88,0,2009,84111.0,0.0,0.27637,0.611129,ARG,GNB,0
2903099,13,88,0,2003,200824.0,0.0,0.014283,-0.564587,ATG,GNB,0
2903100,14,88,0,2006,7395.0,0.0,0.067166,0.373148,AUS,GNB,0
2903101,15,88,0,2008,3178.0,0.0,1.634816,-0.078419,AUT,GNB,0
2903102,15,88,0,1998,0.0,4377.0,1.891966,0.508137,AUT,GNB,0
2903103,18,88,0,1995,195956.0,0.0,1.615588,1.394102,BEL,GNB,0
2903104,18,88,0,1996,206888.0,0.0,1.549312,1.273767,BEL,GNB,0
2903105,18,88,0,1997,378285.0,0.0,1.4274069999999999,1.490435,BEL,GNB,0
2903106,18,88,0,1998,276079.0,0.0,1.4740739999999999,1.2530430000000001,BEL,GNB,0
2903107,18,88,0,1999,395489.0,0.0,1.512061,1.253478,BEL,GNB,0
2903108,18,88,0,2000,356605.0,0.0,1.403838,1.349607,BEL,GNB,0
2903109,18,88,0,2001,314330.0,0.0,1.4328370000000001,1.408495,BEL,GNB,0
2903110,18,88,0,2002,121606.0,0.0,1.4097469999999999,1.440169,BEL,GNB,0
2903111,18,88,0,2003,18329.0,0.0,1.361682,1.39536,BEL,GNB,0
2903112,18,88,0,2004,1393.0,0.0,1.350911,1.408209,BEL,GNB,0
2903113,18,88,0,2005,105352.0,0.0,1.275296,1.345063,BEL,GNB,0
2903114,18,88,0,2006,45302.0,0.0,1.2222540000000002,1.383027,BEL,GNB,0
2903115,18,88,0,2007,14757.0,0.0,1.2880479999999999,1.145724,BEL,GNB,0
2903116,18,88,0,2008,106627.0,0.0,1.297416,0.9716549999999999,BEL,GNB,0
2903117,18,88,0,2009,21602.0,0.0,1.272011,1.074548,BEL,GNB,0
2903118,18,88,0,2010,86877.0,0.0,1.2224270000000002,1.1276,BEL,GNB,0
2903119,18,88,0,2011,41064.0,0.0,1.221703,1.247961,BEL,GNB,0
2903120,18,88,0,2012,19742.0,0.0,1.107155,1.448274,BEL,GNB,0
2903121,18,88,0,2013,43252.0,0.0,1.316207,0.972601,BEL,GNB,0
2903122,18,88,0,2014,118707.0,0.0,1.234156,1.226441,BEL,GNB,0
2903123,18,88,0,2015,128033.0,0.0,1.329866,1.100641,BEL,GNB,0
2903124,18,88,0,2016,90731.0,0.0,1.3102610000000001,1.214573,BEL,GNB,0
2903125,18,88,0,2017,136066.0,0.0,1.292657,1.19571,BEL,GNB,0
2903126,18,88,0,2018,291088.0,0.0,1.270641,1.201063,BEL,GNB,0
2903127,18,88,0,2019,113736.0,0.0,1.2555969999999999,1.168642,BEL,GNB,0
2903128,18,88,0,2020,25255.0,0.0,1.204632,1.278346,BEL,GNB,0
2903129,19,88,0,2013,0.0,1918.0,-0.919968,-0.90691,BEN,GNB,0
2903130,22,88,0,1998,151040.0,0.0,-1.130729,-1.001385,BGD,GNB,0
2903131,22,88,0,2005,208188.0,0.0,-1.083754,-0.817738,BGD,GNB,0
2903132,22,88,0,2006,255718.0,0.0,-1.0305309999999999,-0.80937,BGD,GNB,0
2903133,22,88,0,2007,692135.0,0.0,-0.9436469999999999,-0.7200310000000001,BGD,GNB,0
2903134,22,88,0,2008,367264.0,0.0,-0.852774,-0.766779,BGD,GNB,0
2903135,22,88,0,2010,368944.0,0.0,-0.974526,-0.76566,BGD,GNB,0
2903136,22,88,0,2011,1252916.0,0.0,-1.074416,-0.8276370000000001,BGD,GNB,0
2903137,22,88,0,2012,721937.0,0.0,-0.8932610000000001,-0.762658,BGD,GNB,0
2903138,22,88,0,2013,931988.0,0.0,-1.101916,-0.734646,BGD,GNB,0
2903139,22,88,0,2015,317936.0,0.0,-1.088465,-0.8745360000000001,BGD,GNB,0
2903140,22,88,0,2004,448372.0,0.0,-1.150444,-0.885333,BGD,GNB,0
2903141,22,88,0,2009,616596.0,0.0,-1.030722,-0.860137,BGD,GNB,0
2903142,23,88,0,2008,0.0,2985.0,0.44409,1.575399,BGR,GNB,0
2903143,23,88,0,2009,0.0,11942.0,0.373594,1.571413,BGR,GNB,0
2903144,24,88,0,2009,361050.0,0.0,0.250645,-0.767742,BHR,GNB,0
2903145,32,88,0,1995,1707.0,0.0,0.687171,1.188647,BRA,GNB,0
2903146,32,88,0,1996,2199.0,0.0,0.699658,1.271724,BRA,GNB,0
2903147,32,88,0,2000,1118.0,0.0,0.792556,1.219394,BRA,GNB,0
2903148,32,88,0,2005,3805.0,0.0,0.567638,1.139122,BRA,GNB,0
2903149,32,88,0,2006,62371.0,0.0,0.633889,1.1474520000000001,BRA,GNB,0
2903150,32,88,0,2007,209264.0,0.0,0.582859,1.137225,BRA,GNB,0
2903151,32,88,0,2008,768362.0,0.0,0.444687,0.904332,BRA,GNB,0
2903152,32,88,0,2009,137451.0,0.0,0.35447199999999995,0.8522360000000001,BRA,GNB,0
2903153,32,88,0,2010,35686.0,0.0,0.40715500000000004,0.6208100000000001,BRA,GNB,0
2903154,32,88,0,2011,132038.0,0.0,0.27718400000000004,0.5674319999999999,BRA,GNB,0
2903155,32,88,0,2012,22334.0,0.0,0.305614,0.6357189999999999,BRA,GNB,0
2903156,32,88,0,2013,9690.0,0.0,0.14765899999999998,0.399262,BRA,GNB,0
2903157,32,88,0,2014,56138.0,0.0,0.218223,0.556921,BRA,GNB,0
2903158,32,88,0,2015,17387.0,0.0,0.23656799999999997,0.688607,BRA,GNB,0
2903159,32,88,0,2016,178870.0,0.0,0.245919,0.661809,BRA,GNB,0
2903160,32,88,0,2017,63737.0,0.0,0.145224,0.483461,BRA,GNB,0
2903161,32,88,0,2018,74625.0,0.0,0.143397,0.582092,BRA,GNB,0
2903162,32,88,0,2019,62316.0,0.0,0.076947,0.660604,BRA,GNB,0
2903163,32,88,0,2020,206963.0,0.0,0.054622000000000004,0.532291,BRA,GNB,0
2903164,39,88,0,2007,88464.0,0.0,0.77681,1.20517,CAN,GNB,0
2903165,39,88,0,2008,25666.0,0.0,0.684659,1.085312,CAN,GNB,0
2903166,39,88,0,2011,31941.0,0.0,0.754813,1.1967290000000002,CAN,GNB,0
2903167,39,88,0,2016,57832.0,0.0,0.6579050000000001,1.12259,CAN,GNB,0
2903168,39,88,0,2020,4953.0,0.0,0.609267,1.1890479999999999,CAN,GNB,0
2903169,39,88,0,2000,15306.0,0.0,1.056577,1.12931,CAN,GNB,0
2903170,39,88,0,1997,35601.0,0.0,1.109494,1.178772,CAN,GNB,0
2903171,39,88,0,1998,64724.0,0.0,1.077343,1.119161,CAN,GNB,0
2903172,41,88,0,1999,30120.0,0.0,2.189934,0.741428,CHE,GNB,0
2903173,41,88,0,2000,2088.0,0.0,2.197959,0.489989,CHE,GNB,0
2903174,41,88,0,2002,3063.0,0.0,2.218095,0.620946,CHE,GNB,0
2903175,41,88,0,2008,4601.0,0.0,1.978404,0.368694,CHE,GNB,0
2903176,41,88,0,2011,1469.0,0.0,2.2644029999999997,0.406131,CHE,GNB,0
2903177,41,88,0,2012,2509.0,0.0,2.060769,0.562718,CHE,GNB,0
2903178,41,88,0,2013,31575.0,0.0,2.2104470000000003,0.5403479999999999,CHE,GNB,0
2903179,41,88,0,2014,6226.0,0.0,2.2000919999999997,0.65398,CHE,GNB,0
2903180,41,88,0,2015,5935.0,0.0,2.306075,0.720781,CHE,GNB,0
2903181,41,88,0,2016,7792.0,0.0,2.3488689999999997,0.806291,CHE,GNB,0
2903182,41,88,0,2017,5794.0,0.0,2.2557810000000003,0.845459,CHE,GNB,0
2903183,41,88,0,2018,4303.0,0.0,2.2324330000000003,0.7801560000000001,CHE,GNB,0
2903184,41,88,0,2019,1566.0,0.0,2.1990849999999997,0.8394229999999999,CHE,GNB,0
2903185,41,88,0,2020,13633.0,0.0,2.184038,0.900965,CHE,GNB,0
2903186,41,88,0,1997,2611.0,0.0,2.280163,0.597819,CHE,GNB,0
2903187,41,88,0,1998,1197.0,0.0,2.252965,0.561806,CHE,GNB,0
2903188,43,88,0,1995,298750.0,0.0,0.387897,3.2147919999999996,CHN,GNB,0
2903189,43,88,0,1996,321925.0,0.0,0.404422,3.061344,CHN,GNB,0
2903190,43,88,0,1997,124637.0,766889.0,0.36051300000000003,3.287322,CHN,GNB,0
2903191,43,88,0,1998,377061.0,0.0,0.3658,3.231258,CHN,GNB,0
2903192,43,88,0,1999,318343.0,0.0,0.386094,3.270089,CHN,GNB,0
2903193,43,88,0,2000,487128.0,0.0,0.478362,3.156111,CHN,GNB,0
2903194,43,88,0,2001,870863.0,0.0,0.525171,3.092963,CHN,GNB,0
2903195,43,88,0,2002,462261.0,0.0,0.576746,2.7995520000000003,CHN,GNB,0
2903196,43,88,0,2003,498684.0,0.0,0.579431,2.773139,CHN,GNB,0
2903197,43,88,0,2004,858747.0,0.0,0.581548,2.8689880000000003,CHN,GNB,0
2903198,43,88,0,2005,1191447.0,0.0,0.608256,2.8242220000000002,CHN,GNB,0
2903199,43,88,0,2007,1189946.0,0.0,0.801547,2.321052,CHN,GNB,0
2903200,43,88,0,2008,924020.0,0.0,0.929285,1.8917259999999998,CHN,GNB,0
2903201,43,88,0,2009,874801.0,0.0,0.898623,2.08703,CHN,GNB,0
2903202,43,88,0,2010,2077964.0,8001.0,0.922493,2.0176,CHN,GNB,0
2903203,43,88,0,2011,3403239.0,0.0,1.072299,1.686826,CHN,GNB,0
2903204,43,88,0,2012,2917856.0,0.0,1.095682,1.354837,CHN,GNB,0
2903205,43,88,0,2013,2023924.0,0.0,1.113767,1.477496,CHN,GNB,0
2903206,43,88,0,2014,2889243.0,0.0,1.187557,1.222085,CHN,GNB,0
2903207,43,88,0,2015,4124083.0,0.0,1.077143,1.735757,CHN,GNB,0
2903208,43,88,0,2016,3821015.0,0.0,1.1073620000000002,1.723098,CHN,GNB,0
2903209,43,88,0,2017,3204267.0,0.0,1.1127790000000002,1.56869,CHN,GNB,0
2903210,43,88,0,2018,2666493.0,0.0,1.200689,1.2822,CHN,GNB,0
2903211,43,88,0,2019,5016652.0,0.0,1.196265,1.2258870000000002,CHN,GNB,0
2903212,43,88,0,2020,5245591.0,0.0,1.187837,1.2237770000000001,CHN,GNB,0
2903213,43,88,0,2006,1328417.0,0.0,0.737888,2.54966,CHN,GNB,0
2903214,44,88,0,2008,246802.0,0.0,-0.9806040000000001,-0.730792,CIV,GNB,0
2903215,44,88,0,2009,195122.0,0.0,-0.924681,-0.801371,CIV,GNB,0
2903216,44,88,0,2014,156246.0,0.0,-0.737625,-0.768728,CIV,GNB,0
2903217,44,88,0,1995,64621.0,0.0,-0.781656,-0.74293,CIV,GNB,0
2903218,44,88,0,1996,43007.0,0.0,-0.8720459999999999,-0.7904479999999999,CIV,GNB,0
2903219,44,88,0,1997,7351.0,0.0,-0.685339,-0.62129,CIV,GNB,0
2903220,44,88,0,1998,32191.0,0.0,-0.75115,-0.753865,CIV,GNB,0
2903221,44,88,0,1999,87042.0,0.0,-0.591892,-0.654457,CIV,GNB,0
2903222,44,88,0,2000,99690.0,0.0,-0.7772640000000001,-0.632181,CIV,GNB,0
2903223,44,88,0,2001,86180.0,0.0,-0.715949,-0.524428,CIV,GNB,0
2903224,44,88,0,2002,129750.0,0.0,-0.816327,-0.711765,CIV,GNB,0
2903225,44,88,0,2003,84936.0,0.0,-0.699928,-0.723739,CIV,GNB,0
2903226,44,88,0,2004,129514.0,0.0,-0.8490979999999999,-0.754732,CIV,GNB,0
2903227,44,88,0,2005,145889.0,0.0,-0.900386,-0.804689,CIV,GNB,0
2903228,44,88,0,2006,221578.0,0.0,-0.8918530000000001,-0.8145819999999999,CIV,GNB,0
2903229,44,88,0,2007,725763.0,0.0,-0.9989110000000001,-0.867232,CIV,GNB,0
2903230,44,88,0,2010,59641.0,0.0,-1.256641,-0.946767,CIV,GNB,0
2903231,44,88,0,2011,8098.0,0.0,-1.069474,-0.867439,CIV,GNB,0
2903232,44,88,0,2012,75981.0,0.0,-0.9721879999999999,-0.837227,CIV,GNB,0
2903233,44,88,0,2016,1012689.0,0.0,-0.88415,-0.8122689999999999,CIV,GNB,0
2903234,44,88,0,2017,98338.0,0.0,-0.784119,-0.904135,CIV,GNB,0
2903235,44,88,0,2018,23153.0,0.0,-0.8733569999999999,-0.8443139999999999,CIV,GNB,0
2903236,44,88,0,2019,41423.0,0.0,-0.9916719999999999,-0.960625,CIV,GNB,0
2903237,49,88,0,2019,2350.0,0.0,0.099936,-0.15568800000000002,COL,GNB,0
2903238,51,88,0,1997,0.0,2207.0,1.154102,-0.255423,CPV,GNB,0
2903239,51,88,0,2010,18222.0,0.0,0.140658,-0.527468,CPV,GNB,0
2903240,51,88,0,2012,18682.0,0.0,-0.049047,-0.541215,CPV,GNB,0
2903241,51,88,0,2011,11895.0,0.0,0.006139,-0.610237,CPV,GNB,0
2903242,61,88,0,1995,104531.0,0.0,2.325385,-2.2238189999999998,DEU,GNB,0
2903243,61,88,0,1996,82652.0,0.0,2.279976,-2.572299,DEU,GNB,0
2903244,61,88,0,1997,80305.0,0.0,2.293936,-2.2301919999999997,DEU,GNB,0
2903245,61,88,0,1998,12114.0,263266.0,2.334028,-2.417278,DEU,GNB,0
2903246,61,88,0,1999,66899.0,0.0,2.334811,-2.060502,DEU,GNB,0
2903247,61,88,0,2000,271983.0,194644.0,2.316177,-2.4478419999999996,DEU,GNB,0
2903248,61,88,0,2001,68000.0,0.0,2.321375,-2.1110990000000003,DEU,GNB,0
2903249,61,88,0,2002,15000.0,0.0,2.297691,-2.183239,DEU,GNB,0
2903250,61,88,0,2003,5662.0,0.0,2.2821919999999998,-2.0985150000000004,DEU,GNB,0
2903251,61,88,0,2004,13103.0,51528.0,2.266076,-2.011139,DEU,GNB,0
2903252,61,88,0,2006,25230.0,0.0,2.132566,-2.773669,DEU,GNB,0
2903253,61,88,0,2008,10633.0,0.0,2.007167,-3.256961,DEU,GNB,0
2903254,61,88,0,2009,47188.0,0.0,2.056515,-3.034837,DEU,GNB,0
2903255,61,88,0,2010,30353.0,0.0,2.035672,-3.383322,DEU,GNB,0
2903256,61,88,0,2011,42762.0,0.0,2.074435,-3.440815,DEU,GNB,0
2903257,61,88,0,2012,88294.0,0.0,1.966247,-3.3238410000000003,DEU,GNB,0
2903258,61,88,0,2013,104042.0,0.0,2.093658,-3.4281980000000005,DEU,GNB,0
2903259,61,88,0,2014,189047.0,0.0,2.052849,-2.888805,DEU,GNB,0
2903260,61,88,0,2015,199984.0,0.0,2.203818,-2.307561,DEU,GNB,0
2903261,61,88,0,2016,122211.0,0.0,2.203093,-2.24919,DEU,GNB,0
2903262,61,88,0,2017,136549.0,0.0,2.1149459999999998,-2.525372,DEU,GNB,0
2903263,61,88,0,2018,54587.0,0.0,2.109059,-2.428826,DEU,GNB,0
2903264,61,88,0,2019,86589.0,0.0,2.078626,-2.124816,DEU,GNB,0
2903265,61,88,0,2020,136348.0,0.0,2.027494,-2.3646689999999997,DEU,GNB,0
2903266,64,88,0,1995,6243.0,0.0,1.3800270000000001,1.489036,DNK,GNB,0
2903267,64,88,0,1996,39411.0,0.0,1.443514,1.275684,DNK,GNB,0
2903268,64,88,0,1997,34203.0,0.0,1.358279,1.420107,DNK,GNB,0
2903269,64,88,0,2000,34918.0,0.0,1.230078,1.429499,DNK,GNB,0
2903270,64,88,0,2005,1566.0,0.0,1.210286,1.217256,DNK,GNB,0
2903271,64,88,0,2006,25358.0,0.0,1.2308700000000001,1.180914,DNK,GNB,0
2903272,64,88,0,2007,41024.0,0.0,1.204019,1.122666,DNK,GNB,0
2903273,64,88,0,2008,83076.0,0.0,1.165294,1.1112440000000001,DNK,GNB,0
2903274,64,88,0,2009,1457.0,0.0,1.242327,1.064709,DNK,GNB,0
2903275,64,88,0,2015,2229.0,0.0,1.157924,1.2045629999999998,DNK,GNB,0
2903276,64,88,0,2018,8211.0,0.0,1.0945040000000001,1.3311540000000002,DNK,GNB,0
2903277,64,88,0,1999,12177.0,0.0,1.264405,1.469627,DNK,GNB,0
2903278,64,88,0,2001,25752.0,0.0,1.261883,1.351875,DNK,GNB,0
2903279,68,88,0,2008,161609.0,0.0,-0.098316,1.134642,EGY,GNB,0
2903280,68,88,0,2009,113046.0,0.0,-0.20940300000000003,1.6466290000000001,EGY,GNB,0
2903281,68,88,0,2012,298273.0,0.0,-0.143732,1.316722,EGY,GNB,0
2903282,68,88,0,2013,313212.0,0.0,-0.17418,1.692641,EGY,GNB,0
2903283,68,88,0,2014,127262.0,0.0,-0.086866,1.7419669999999998,EGY,GNB,0
2903284,68,88,0,2016,35692.0,0.0,-0.142377,1.674348,EGY,GNB,0
2903285,68,88,0,2010,381637.0,0.0,-0.181826,1.409465,EGY,GNB,0
2903286,68,88,0,2011,311470.0,0.0,-0.166243,1.384719,EGY,GNB,0
2903287,68,88,0,2015,30242.0,0.0,-0.183053,1.765036,EGY,GNB,0
2903288,71,88,0,1995,34064.0,0.0,1.144247,1.933844,ESP,GNB,0
2903289,71,88,0,1996,278793.0,0.0,1.105317,1.9473,ESP,GNB,0
2903290,71,88,0,1998,21003.0,0.0,1.051392,1.983438,ESP,GNB,0
2903291,71,88,0,1999,18489.0,0.0,1.0849209999999998,1.9351180000000001,ESP,GNB,0
2903292,71,88,0,2000,6757.0,0.0,1.098989,1.911029,ESP,GNB,0
2903293,71,88,0,2001,2414.0,0.0,1.079664,1.9842220000000002,ESP,GNB,0
2903294,71,88,0,2002,46547.0,0.0,1.012246,2.049594,ESP,GNB,0
2903295,71,88,0,2003,22511.0,0.0,0.960684,2.074792,ESP,GNB,0
2903296,71,88,0,2004,1403563.0,0.0,0.9784649999999999,2.051216,ESP,GNB,0
2903297,71,88,0,2005,331457.0,0.0,0.9318489999999999,1.999698,ESP,GNB,0
2903298,71,88,0,2006,107118.0,0.0,0.9091370000000001,2.068166,ESP,GNB,0
2903299,71,88,0,2007,25299.0,0.0,0.914681,2.027797,ESP,GNB,0
2903300,71,88,0,2008,186582.0,0.0,0.8755649999999999,2.122164,ESP,GNB,0
2903301,71,88,0,2009,66389.0,0.0,0.9021020000000001,2.170578,ESP,GNB,0
2903302,71,88,0,2010,79912.0,0.0,0.832619,2.448009,ESP,GNB,0
2903303,71,88,0,2011,49630.0,0.0,0.8677290000000001,2.4618450000000003,ESP,GNB,0
2903304,71,88,0,2012,283445.0,0.0,0.8528309999999999,2.462809,ESP,GNB,0
2903305,71,88,0,2013,346022.0,0.0,0.861698,2.353993,ESP,GNB,0
2903306,71,88,0,2014,1376018.0,0.0,0.842147,2.45692,ESP,GNB,0
2903307,71,88,0,2015,1351590.0,0.0,0.8173590000000001,2.442556,ESP,GNB,0
2903308,71,88,0,2016,849915.0,0.0,0.765428,2.57725,ESP,GNB,0
2903309,71,88,0,2017,2723851.0,0.0,0.734342,2.8180099999999997,ESP,GNB,0
2903310,71,88,0,2018,804421.0,0.0,0.744825,2.919005,ESP,GNB,0
2903311,71,88,0,2019,1030337.0,0.0,0.678454,3.007838,ESP,GNB,0
2903312,71,88,0,2020,681211.0,0.0,0.736657,2.731661,ESP,GNB,0
2903313,73,88,0,2018,278307.0,0.0,-0.874857,-0.464958,ETH,GNB,0
2903314,74,88,0,1996,3158.0,0.0,2.0584729999999998,1.006908,FIN,GNB,0
2903315,77,88,0,1995,340930.0,0.0,1.768484,0.765537,FRA,GNB,0
2903316,77,88,0,1996,115028.0,0.0,1.69082,0.721312,FRA,GNB,0
2903317,77,88,0,1997,195488.0,0.0,1.69504,0.8278549999999999,FRA,GNB,0
2903318,77,88,0,1998,31402.0,0.0,1.707702,0.7784270000000001,FRA,GNB,0
2903319,77,88,0,1999,371314.0,1135702.0,1.72758,0.6619079999999999,FRA,GNB,0
2903320,77,88,0,2000,343897.0,686971.0,1.674971,0.47538100000000005,FRA,GNB,0
2903321,77,88,0,2001,29854.0,0.0,1.653507,0.797582,FRA,GNB,0
2903322,77,88,0,2002,68337.0,203087.0,1.569367,0.9886360000000001,FRA,GNB,0
2903323,77,88,0,2003,56650.0,155301.0,1.606606,0.7394149999999999,FRA,GNB,0
2903324,77,88,0,2004,70539.0,0.0,1.6003530000000001,0.643945,FRA,GNB,0
2903325,77,88,0,2005,32323.0,0.0,1.505148,0.594409,FRA,GNB,0
2903326,77,88,0,2006,111724.0,0.0,1.47591,0.489466,FRA,GNB,0
2903327,77,88,0,2007,126241.0,0.0,1.4565350000000001,0.262845,FRA,GNB,0
2903328,77,88,0,2008,435159.0,0.0,1.487702,-0.223965,FRA,GNB,0
2903329,77,88,0,2009,136153.0,22953.0,1.540346,0.090377,FRA,GNB,0
2903330,77,88,0,2010,151117.0,0.0,1.530027,-0.052557000000000006,FRA,GNB,0
2903331,77,88,0,2011,171863.0,0.0,1.532054,0.09339299999999999,FRA,GNB,0
2903332,77,88,0,2012,46076.0,0.0,1.425025,0.27534899999999995,FRA,GNB,0
2903333,77,88,0,2013,48022.0,0.0,1.520354,0.022874000000000002,FRA,GNB,0
2903334,77,88,0,2014,266536.0,0.0,1.4817790000000002,0.30995,FRA,GNB,0
2903335,77,88,0,2015,173102.0,0.0,1.479792,0.6490239999999999,FRA,GNB,0
2903336,77,88,0,2016,434357.0,0.0,1.476437,0.911746,FRA,GNB,0
2903337,77,88,0,2017,115205.0,0.0,1.398427,0.894732,FRA,GNB,0
2903338,77,88,0,2018,130542.0,0.0,1.420819,0.7793770000000001,FRA,GNB,0
2903339,77,88,0,2019,81337.0,0.0,1.380982,0.9510629999999999,FRA,GNB,0
2903340,77,88,0,2020,24237.0,0.0,1.341275,0.8991870000000001,FRA,GNB,0
2903341,81,88,0,1995,35410.0,0.0,1.8656979999999999,1.107121,GBR,GNB,0
2903342,81,88,0,1996,35932.0,0.0,1.850284,0.883084,GBR,GNB,0
2903343,81,88,0,1997,59865.0,0.0,1.886353,0.783832,GBR,GNB,0
2903344,81,88,0,1998,12310.0,0.0,1.906738,0.489101,GBR,GNB,0
2903345,81,88,0,1999,130176.0,0.0,1.9523830000000002,0.771455,GBR,GNB,0
2903346,81,88,0,2002,32179.0,0.0,1.893177,0.831382,GBR,GNB,0
2903347,81,88,0,2003,109412.0,0.0,1.8712540000000002,0.706205,GBR,GNB,0
2903348,81,88,0,2004,4656.0,0.0,1.843506,0.684779,GBR,GNB,0
2903349,81,88,0,2006,4401.0,0.0,1.824154,0.614424,GBR,GNB,0
2903350,81,88,0,2007,5996.0,0.0,1.718661,0.35525300000000004,GBR,GNB,0
2903351,81,88,0,2009,7211.0,0.0,1.7921779999999998,0.41211499999999995,GBR,GNB,0
2903352,81,88,0,2010,27693.0,0.0,1.828224,0.386383,GBR,GNB,0
2903353,81,88,0,2014,51901.0,0.0,1.697964,0.585372,GBR,GNB,0
2903354,81,88,0,2015,69149.0,0.0,1.7422990000000003,0.75838,GBR,GNB,0
2903355,81,88,0,2016,90825.0,0.0,1.6974669999999998,0.9231299999999999,GBR,GNB,0
2903356,81,88,0,2017,98057.0,0.0,1.6883119999999998,0.8347469999999999,GBR,GNB,0
2903357,81,88,0,2018,110190.0,0.0,1.693008,0.768159,GBR,GNB,0
2903358,81,88,0,2019,8940.0,0.0,1.731106,0.717566,GBR,GNB,0
2903359,81,88,0,2020,63241.0,0.0,1.6459,0.7702640000000001,GBR,GNB,0
2903360,83,88,0,2010,9491.0,0.0,-0.835003,-0.633731,GHA,GNB,0
2903361,83,88,0,2012,1164.0,0.0,-0.9610920000000001,-0.745232,GHA,GNB,0
2903362,83,88,0,2015,91132.0,0.0,-0.750568,-0.690257,GHA,GNB,0
2903363,83,88,0,2017,5982.0,0.0,-0.929143,-0.811439,GHA,GNB,0
2903364,83,88,0,2018,16837.0,3851.0,-0.956109,-0.861556,GHA,GNB,0
2903365,83,88,0,2019,16318.0,0.0,-0.9581,-0.8727879999999999,GHA,GNB,0
2903366,83,88,0,2008,2570576.0,0.0,-0.9339360000000001,-0.701724,GHA,GNB,0
2903367,85,88,0,2007,4700.0,0.0,-1.694335,-1.230744,GIN,GNB,0
2903368,85,88,0,2013,3261.0,0.0,-1.1287459999999998,-1.069735,GIN,GNB,0
2903369,85,88,0,2008,19925.0,0.0,-1.530997,-1.171231,GIN,GNB,0
2903370,85,88,0,2004,11223.0,1613.0,-1.314543,-1.155153,GIN,GNB,0
2903371,85,88,0,2005,16560.0,0.0,-1.55683,-1.200541,GIN,GNB,0
2903372,85,88,0,2003,6066.0,0.0,-2.14752,-1.250048,GIN,GNB,0
2903373,87,88,0,1997,96206.0,0.0,-0.6977300000000001,-0.7753720000000001,GMB,GNB,0
2903374,87,88,0,1999,37176.0,1077.0,-0.768406,-0.764934,GMB,GNB,0
2903375,87,88,0,2010,892857.0,11315.0,-0.894757,-0.734589,GMB,GNB,0
2903376,87,88,0,1996,625923.0,0.0,-1.028677,-0.8440540000000001,GMB,GNB,0
2903377,87,88,0,1998,29182.0,0.0,-0.8280120000000001,-0.783022,GMB,GNB,0
2903378,87,88,0,2000,2404.0,0.0,-0.468837,-0.532772,GMB,GNB,0
2903379,87,88,0,2003,18216.0,0.0,-0.230541,-0.275663,GMB,GNB,0
2903380,87,88,0,2004,16195.0,0.0,-0.135943,-0.226541,GMB,GNB,0
2903381,87,88,0,2005,19067.0,0.0,-0.223043,-0.361032,GMB,GNB,0
2903382,87,88,0,2006,0.0,2763.0,-0.378539,-0.48427200000000004,GMB,GNB,0
2903383,87,88,0,2007,0.0,5133.0,-0.8336680000000001,-0.8261860000000001,GMB,GNB,0
2903384,87,88,0,2009,1092444.0,26981.0,-0.573979,-0.644636,GMB,GNB,0
2903385,87,88,0,2011,4510307.0,0.0,-0.621556,-0.64336,GMB,GNB,0
2903386,87,88,0,2012,5853121.0,0.0,-0.488296,-0.6730510000000001,GMB,GNB,0
2903387,87,88,0,2013,1192502.0,0.0,-0.5571550000000001,-0.6860310000000001,GMB,GNB,0
2903388,87,88,0,2014,2198953.0,0.0,-0.905488,-0.7892819999999999,GMB,GNB,0
2903389,87,88,0,2015,1011532.0,0.0,-0.984775,-0.877886,GMB,GNB,0
2903390,87,88,0,2017,13631.0,0.0,-1.161814,-0.9317190000000001,GMB,GNB,0
2903391,87,88,0,1995,1601723.0,0.0,-0.605221,-0.700982,GMB,GNB,0
2903392,96,88,0,2007,7066.0,0.0,-0.889957,-0.873185,GUY,GNB,0
2903393,97,88,0,1995,1205804.0,0.0,0.5244449999999999,2.682738,HKG,GNB,0
2903394,97,88,0,1996,959827.0,908727.0,0.54364,2.727659,HKG,GNB,0
2903395,97,88,0,1997,313468.0,0.0,0.521942,2.578405,HKG,GNB,0
2903396,97,88,0,1998,29631.0,0.0,0.46966099999999994,2.5744029999999998,HKG,GNB,0
2903397,97,88,0,1999,19043.0,0.0,0.387427,2.402434,HKG,GNB,0
2903398,97,88,0,2000,241765.0,0.0,0.416202,2.4793950000000002,HKG,GNB,0
2903399,97,88,0,2001,41860.0,0.0,0.521528,2.3025,HKG,GNB,0
2903400,97,88,0,2002,169164.0,0.0,0.5701109999999999,1.989357,HKG,GNB,0
2903401,97,88,0,2008,102175.0,0.0,0.74435,2.149616,HKG,GNB,0
2903402,97,88,0,2010,26456.0,0.0,0.715745,1.9780259999999998,HKG,GNB,0
2903403,97,88,0,2016,1857.0,0.0,0.8029029999999999,1.477249,HKG,GNB,0
2903404,97,88,0,2017,6007.0,0.0,0.824982,1.7162220000000001,HKG,GNB,0
2903405,97,88,0,2018,4949.0,0.0,0.843677,1.656073,HKG,GNB,0
2903406,97,88,0,2020,1702.0,0.0,1.070483,1.183618,HKG,GNB,0
2903407,102,88,0,2018,77556.0,0.0,1.519662,0.833092,HUN,GNB,0
2903408,103,88,0,1997,100160.0,0.0,-0.44080699999999995,1.220104,IDN,GNB,0
2903409,103,88,0,1999,25206.0,0.0,-0.20447,1.568505,IDN,GNB,0
2903410,103,88,0,2009,17001.0,0.0,-0.253835,1.260101,IDN,GNB,0
2903411,103,88,0,2010,95628.0,0.0,-0.30878099999999997,1.07069,IDN,GNB,0
2903412,103,88,0,2012,2875.0,0.0,-0.142318,1.281781,IDN,GNB,0
2903413,103,88,0,2016,16428.0,0.0,-0.158496,1.492067,IDN,GNB,0
2903414,103,88,0,1998,162990.0,0.0,-0.478253,1.350652,IDN,GNB,0
2903415,103,88,0,1995,27110.0,0.0,-0.391727,1.174727,IDN,GNB,0
2903416,103,88,0,1996,206082.0,165575.0,-0.43199899999999997,1.22074,IDN,GNB,0
2903417,104,88,0,2003,597883.0,0.0,0.33014099999999996,2.836003,IND,GNB,0
2903418,104,88,0,2004,235631.0,0.0,0.233348,2.790987,IND,GNB,0
2903419,104,88,0,2005,59803.0,0.0,0.212108,2.817413,IND,GNB,0
2903420,104,88,0,2006,74123.0,0.0,0.285652,2.731318,IND,GNB,0
2903421,104,88,0,2007,319897.0,0.0,0.279475,2.7514939999999997,IND,GNB,0
2903422,104,88,0,2008,670035.0,0.0,0.26694,2.926023,IND,GNB,0
2903423,104,88,0,2009,1024.0,0.0,0.209867,2.254003,IND,GNB,0
2903424,104,88,0,2010,976254.0,201476.0,0.14485599999999998,2.408913,IND,GNB,0
2903425,104,88,0,2011,301213.0,321675.0,0.18276199999999998,2.398765,IND,GNB,0
2903426,104,88,0,2012,899060.0,137846.0,0.229996,2.4815110000000002,IND,GNB,0
2903427,104,88,0,2013,627281.0,0.0,0.215356,2.3916209999999998,IND,GNB,0
2903428,104,88,0,2014,1746468.0,0.0,0.262042,2.6305080000000003,IND,GNB,0
2903429,104,88,0,2015,1782162.0,0.0,0.24230900000000002,2.8190880000000003,IND,GNB,0
2903430,104,88,0,2016,1680547.0,0.0,0.30976,2.61043,IND,GNB,0
2903431,104,88,0,2017,2548261.0,0.0,0.290576,2.726391,IND,GNB,0
2903432,104,88,0,2018,873989.0,0.0,0.526015,2.448112,IND,GNB,0
2903433,104,88,0,2019,1366008.0,0.0,0.43196,2.661139,IND,GNB,0
2903434,104,88,0,2020,698441.0,0.0,0.464674,2.838779,IND,GNB,0
2903435,104,88,0,2000,8677225.0,1953334.0,0.3961,2.553408,IND,GNB,0
2903436,104,88,0,1996,492289.0,0.0,0.20685599999999998,2.317622,IND,GNB,0
2903437,104,88,0,1997,455328.0,0.0,0.262571,2.31305,IND,GNB,0
2903438,104,88,0,1998,2401661.0,0.0,0.274308,2.316908,IND,GNB,0
2903439,104,88,0,1999,5903023.0,0.0,0.29945900000000003,2.438702,IND,GNB,0
2903440,104,88,0,2001,4491641.0,0.0,0.349744,2.665844,IND,GNB,0
2903441,104,88,0,2002,1069639.0,0.0,0.380867,2.608955,IND,GNB,0
2903442,107,88,0,2003,92612.0,0.0,-0.552146,-0.8668520000000001,IRN,GNB,0
2903443,110,88,0,2016,2000.0,0.0,1.352275,0.67584,ISR,GNB,0
2903444,111,88,0,1995,125615.0,0.0,1.503379,1.449094,ITA,GNB,0
2903445,111,88,0,1996,168746.0,1860.0,1.4674690000000001,1.263362,ITA,GNB,0
2903446,111,88,0,1997,219570.0,0.0,1.4860389999999999,1.235674,ITA,GNB,0
2903447,111,88,0,1998,339879.0,0.0,1.4532209999999999,1.191124,ITA,GNB,0
2903448,111,88,0,1999,45094.0,0.0,1.395253,1.3589790000000002,ITA,GNB,0
2903449,111,88,0,2000,165022.0,0.0,1.421124,1.112321,ITA,GNB,0
2903450,111,88,0,2001,113254.0,0.0,1.389926,1.282143,ITA,GNB,0
2903451,111,88,0,2002,200989.0,0.0,1.377604,1.2470510000000001,ITA,GNB,0
2903452,111,88,0,2003,243214.0,0.0,1.399734,1.044608,ITA,GNB,0
2903453,111,88,0,2004,167315.0,0.0,1.358057,1.11533,ITA,GNB,0
2903454,111,88,0,2005,63712.0,0.0,1.295883,1.032218,ITA,GNB,0
2903455,111,88,0,2006,218316.0,0.0,1.293779,0.93995,ITA,GNB,0
2903456,111,88,0,2007,427900.0,0.0,1.3003559999999998,0.705448,ITA,GNB,0
2903457,111,88,0,2008,814133.0,0.0,1.308777,0.361523,ITA,GNB,0
2903458,111,88,0,2009,543894.0,0.0,1.289,0.64549,ITA,GNB,0
2903459,111,88,0,2010,186726.0,0.0,1.272385,0.545721,ITA,GNB,0
2903460,111,88,0,2011,386718.0,0.0,1.298751,0.48013599999999995,ITA,GNB,0
2903461,111,88,0,2012,98695.0,0.0,1.297611,0.28585900000000003,ITA,GNB,0
2903462,111,88,0,2013,108281.0,0.0,1.289924,0.533436,ITA,GNB,0
2903463,111,88,0,2014,66062.0,0.0,1.340136,0.43931099999999995,ITA,GNB,0
2903464,111,88,0,2015,152582.0,0.0,1.321127,0.747046,ITA,GNB,0
2903465,111,88,0,2016,587100.0,0.0,1.339307,0.8549209999999999,ITA,GNB,0
2903466,111,88,0,2017,294019.0,0.0,1.34395,0.577693,ITA,GNB,0
2903467,111,88,0,2018,187479.0,0.0,1.3602530000000002,0.453607,ITA,GNB,0
2903468,111,88,0,2019,144312.0,0.0,1.25898,0.926639,ITA,GNB,0
2903469,111,88,0,2020,394415.0,0.0,1.299017,0.701797,ITA,GNB,0
2903470,114,88,0,2005,9859.0,0.0,2.392106,0.278652,JPN,GNB,0
2903471,114,88,0,2014,0.0,1528.0,2.403165,-0.635024,JPN,GNB,0
2903472,114,88,0,2000,13575.0,0.0,2.579611,0.464875,JPN,GNB,0
2903473,114,88,0,2002,41682.0,0.0,2.556057,0.497673,JPN,GNB,0
2903474,114,88,0,2004,6196.0,0.0,2.526624,0.452054,JPN,GNB,0
2903475,114,88,0,1995,198007.0,9632.0,2.56822,0.927307,JPN,GNB,0
2903476,114,88,0,1996,1929.0,30538.0,2.615364,0.5656939999999999,JPN,GNB,0
2903477,114,88,0,1997,25433.0,78553.0,2.631846,0.553144,JPN,GNB,0
2903478,114,88,0,1998,0.0,21156.0,2.550442,0.718063,JPN,GNB,0
2903479,114,88,0,1999,9494.0,0.0,2.541382,0.693702,JPN,GNB,0
2903480,116,88,0,2015,5278.0,0.0,-0.453564,0.433325,KEN,GNB,0
2903481,121,88,0,1995,1865.0,0.0,0.845175,1.2761799999999999,KOR,GNB,0
2903482,121,88,0,1997,0.0,1172.0,1.0478290000000001,1.2874370000000002,KOR,GNB,0
2903483,121,88,0,1998,1889.0,0.0,0.999518,1.106351,KOR,GNB,0
2903484,121,88,0,2006,27845.0,0.0,1.5384309999999999,0.766628,KOR,GNB,0
2903485,121,88,0,2007,48058.0,0.0,1.497359,0.726637,KOR,GNB,0
2903486,121,88,0,2009,9118.0,0.0,1.509336,0.784515,KOR,GNB,0
2903487,121,88,0,2010,7187.0,0.0,1.7118849999999999,0.762362,KOR,GNB,0
2903488,122,88,0,2008,0.0,184476.0,-1.401297,-1.142945,KWT,GNB,0
2903489,122,88,0,2009,16693.0,0.0,-1.386993,-1.203527,KWT,GNB,0
2903490,122,88,0,2010,40218.0,0.0,0.067373,-1.0822120000000002,KWT,GNB,0
2903491,124,88,0,2006,1853.0,0.0,0.3861,1.586183,LBN,GNB,0
2903492,124,88,0,2007,13047.0,0.0,0.47468,1.775191,LBN,GNB,0
2903493,124,88,0,2012,11500.0,0.0,0.38759,1.446025,LBN,GNB,0
2903494,124,88,0,2013,15512.0,0.0,0.283084,1.4289100000000001,LBN,GNB,0
2903495,124,88,0,2014,20521.0,0.0,0.308677,1.7564490000000001,LBN,GNB,0
2903496,124,88,0,2018,2365.0,0.0,0.270554,0.9995149999999999,LBN,GNB,0
2903497,124,88,0,2020,1796.0,0.0,0.35459,1.067965,LBN,GNB,0
2903498,128,88,0,2013,1796.0,0.0,-0.6521779999999999,0.41258599999999995,LKA,GNB,0
2903499,130,88,0,2019,369498.0,0.0,0.858456,1.364581,LTU,GNB,0
2903500,130,88,0,2018,414511.0,0.0,0.964249,1.4050200000000002,LTU,GNB,0
2903501,130,88,0,2016,145316.0,0.0,0.706929,1.419432,LTU,GNB,0
2903502,130,88,0,2020,315133.0,0.0,0.9772870000000001,1.291244,LTU,GNB,0
2903503,134,88,0,2009,23860.0,0.0,-0.48819300000000004,0.173952,MAR,GNB,0
2903504,134,88,0,2014,580267.0,0.0,-0.574034,0.065788,MAR,GNB,0
2903505,134,88,0,2017,176220.0,0.0,-0.757236,-0.065347,MAR,GNB,0
2903506,134,88,0,2010,268031.0,0.0,-0.5935229999999999,-0.056497000000000006,MAR,GNB,0
2903507,134,88,0,2016,151694.0,0.0,-0.772795,-0.206511,MAR,GNB,0
2903508,134,88,0,2018,164670.0,0.0,-0.712775,-0.090013,MAR,GNB,0
2903509,134,88,0,2019,126132.0,0.0,-0.747739,-0.154125,MAR,GNB,0
2903510,134,88,0,2000,7489.0,0.0,-0.664836,-0.282415,MAR,GNB,0
2903511,134,88,0,2002,7722.0,0.0,-0.810467,-0.34807899999999997,MAR,GNB,0
2903512,134,88,0,2003,50242.0,0.0,-0.6842050000000001,-0.217892,MAR,GNB,0
2903513,134,88,0,2006,1164.0,0.0,-0.547933,0.08257300000000001,MAR,GNB,0
2903514,134,88,0,2007,54033.0,0.0,-0.5846560000000001,0.10927100000000001,MAR,GNB,0
2903515,134,88,0,2008,21726.0,0.0,-0.505734,-0.000516,MAR,GNB,0
2903516,134,88,0,2013,26537.0,0.0,-0.6494260000000001,-0.035075999999999996,MAR,GNB,0
2903517,134,88,0,2015,202224.0,0.0,-0.7554810000000001,-0.059697,MAR,GNB,0
2903518,134,88,0,2020,365711.0,0.0,-0.5208510000000001,-0.080499,MAR,GNB,0
2903519,138,88,0,2000,114317.0,0.0,0.6866760000000001,0.64383,MEX,GNB,0
2903520,141,88,0,2004,0.0,139116.0,-0.6905100000000001,-0.9162459999999999,MLI,GNB,0
2903521,141,88,0,2005,0.0,174259.0,-0.811021,-0.77035,MLI,GNB,0
2903522,142,88,0,2002,2114.0,0.0,1.12245,0.019001,MLT,GNB,0
2903523,142,88,0,2016,1705.0,0.0,0.8795950000000001,-0.21689499999999998,MLT,GNB,0
2903524,142,88,0,2017,2028.0,0.0,0.999914,0.12683,MLT,GNB,0
2903525,142,88,0,2004,1047.0,0.0,1.251894,0.063827,MLT,GNB,0
2903526,147,88,0,2018,10453.0,0.0,-1.380023,-1.027817,MOZ,GNB,0
2903527,152,88,0,1995,127910.0,0.0,-1.1277709999999999,-1.0603049999999998,MWI,GNB,0
2903528,153,88,0,2009,65714.0,0.0,0.8718229999999999,0.607429,MYS,GNB,0
2903529,153,88,0,2003,19800.0,0.0,0.728804,0.2168,MYS,GNB,0
2903530,159,88,0,2013,0.0,1326.0,-1.745783,-1.1356680000000001,NGA,GNB,0
2903531,159,88,0,2006,0.0,64713.0,-2.094353,-1.215025,NGA,GNB,0
2903532,162,88,0,1995,835794.0,0.0,1.304391,1.8819119999999998,NLD,GNB,0
2903533,162,88,0,1996,668625.0,0.0,1.256625,1.803132,NLD,GNB,0
2903534,162,88,0,1997,240330.0,0.0,1.267794,1.727888,NLD,GNB,0
2903535,162,88,0,1998,64054.0,0.0,1.248469,1.683182,NLD,GNB,0
2903536,162,88,0,1999,110517.0,0.0,1.308776,1.574293,NLD,GNB,0
2903537,162,88,0,2000,40717.0,0.0,1.283291,1.58901,NLD,GNB,0
2903538,162,88,0,2001,176422.0,0.0,1.315685,1.590935,NLD,GNB,0
2903539,162,88,0,2002,106126.0,0.0,1.206176,1.7136360000000002,NLD,GNB,0
2903540,162,88,0,2003,68168.0,0.0,1.168453,1.7085709999999998,NLD,GNB,0
2903541,162,88,0,2004,109783.0,0.0,1.251808,1.586526,NLD,GNB,0
2903542,162,88,0,2005,348991.0,0.0,1.143533,1.614774,NLD,GNB,0
2903543,162,88,0,2006,164581.0,0.0,1.192134,1.450852,NLD,GNB,0
2903544,162,88,0,2007,225144.0,0.0,1.089169,1.589641,NLD,GNB,0
2903545,162,88,0,2008,97258.0,0.0,1.139475,1.385316,NLD,GNB,0
2903546,162,88,0,2009,311148.0,0.0,1.1914850000000001,1.3076780000000001,NLD,GNB,0
2903547,162,88,0,2010,120696.0,0.0,1.237998,1.1891209999999999,NLD,GNB,0
2903548,162,88,0,2011,76809.0,0.0,1.1655229999999999,1.410167,NLD,GNB,0
2903549,162,88,0,2012,33524.0,0.0,1.124582,1.374002,NLD,GNB,0
2903550,162,88,0,2013,80098.0,0.0,1.184107,1.249557,NLD,GNB,0
2903551,162,88,0,2014,101120.0,0.0,1.179325,1.355071,NLD,GNB,0
2903552,162,88,0,2015,264494.0,0.0,1.230104,1.27344,NLD,GNB,0
2903553,162,88,0,2016,140397.0,0.0,1.157361,1.5188540000000001,NLD,GNB,0
2903554,162,88,0,2017,17329.0,0.0,1.146959,1.470869,NLD,GNB,0
2903555,162,88,0,2018,48612.0,0.0,1.1478899999999999,1.454758,NLD,GNB,0
2903556,162,88,0,2019,49796.0,0.0,1.145044,1.3523530000000001,NLD,GNB,0
2903557,162,88,0,2020,8736.0,0.0,1.035951,1.559401,NLD,GNB,0
2903558,163,88,0,2010,12645.0,0.0,0.865676,0.138757,NOR,GNB,0
2903559,168,88,0,2006,590647.0,0.0,-0.449333,0.563013,PAK,GNB,0
2903560,168,88,0,2011,37053.0,0.0,-0.729677,0.6026729999999999,PAK,GNB,0
2903561,168,88,0,2015,109827.0,0.0,-0.7059979999999999,0.73501,PAK,GNB,0
2903562,168,88,0,2019,237873.0,0.0,-0.6909270000000001,0.8651120000000001,PAK,GNB,0
2903563,168,88,0,2017,259127.0,0.0,-0.698561,0.43523500000000004,PAK,GNB,0
2903564,168,88,0,2020,164456.0,0.0,-0.52984,0.63654,PAK,GNB,0
2903565,168,88,0,2003,331696.0,0.0,-0.6659689999999999,0.137924,PAK,GNB,0
2903566,168,88,0,2004,164842.0,0.0,-0.754143,0.25995100000000004,PAK,GNB,0
2903567,168,88,0,2005,604316.0,100591.0,-0.592542,0.365501,PAK,GNB,0
2903568,168,88,0,2007,179320.0,0.0,-0.5594359999999999,0.47369300000000003,PAK,GNB,0
2903569,168,88,0,2012,41379.0,0.0,-0.633706,0.658617,PAK,GNB,0
2903570,168,88,0,2013,2844.0,0.0,-0.75727,0.769703,PAK,GNB,0
2903571,168,88,0,2014,128767.0,0.0,-0.672924,0.566787,PAK,GNB,0
2903572,168,88,0,2016,54709.0,0.0,-0.7502800000000001,0.545331,PAK,GNB,0
2903573,168,88,0,2018,202572.0,0.0,-0.64348,0.665045,PAK,GNB,0
2903574,169,88,0,2003,8914.0,0.0,-0.050386,-0.039619999999999995,PAN,GNB,0
2903575,174,88,0,2003,19601.0,0.0,-0.065022,-0.195144,PHL,GNB,0
2903576,177,88,0,2017,49689.0,0.0,1.197417,1.092716,POL,GNB,0
2903577,177,88,0,2019,15285.0,0.0,1.088347,1.275875,POL,GNB,0
2903578,177,88,0,2020,44373.0,0.0,1.0227979999999999,1.4079139999999999,POL,GNB,0
2903579,179,88,0,2000,1411718.0,0.0,0.547816,1.70635,PRT,GNB,0
2903580,179,88,0,2002,1335991.0,2166377.0,0.484407,1.6500080000000001,PRT,GNB,0
2903581,179,88,0,2012,3365965.0,0.0,0.648544,2.405491,PRT,GNB,0
2903582,179,88,0,2013,2908630.0,3044.0,0.541454,2.5228610000000002,PRT,GNB,0
2903583,179,88,0,2014,2814139.0,8557.0,0.621053,2.349644,PRT,GNB,0
2903584,179,88,0,2015,3684761.0,36308.0,0.561922,2.2276380000000002,PRT,GNB,0
2903585,179,88,0,2016,2703593.0,1050.0,0.519621,2.254972,PRT,GNB,0
2903586,179,88,0,2017,3060547.0,2239.0,0.527046,2.264624,PRT,GNB,0
2903587,179,88,0,2018,3055431.0,2734.0,0.652628,2.211758,PRT,GNB,0
2903588,179,88,0,2019,3350269.0,0.0,0.545467,2.344447,PRT,GNB,0
2903589,179,88,0,2020,3608588.0,3830.0,0.656999,2.1136470000000003,PRT,GNB,0
2903590,179,88,0,1995,1759253.0,1594393.0,0.412677,1.254009,PRT,GNB,0
2903591,179,88,0,1996,1750213.0,0.0,0.39343,1.170144,PRT,GNB,0
2903592,179,88,0,1998,952885.0,7484.0,0.39771999999999996,1.303603,PRT,GNB,0
2903593,179,88,0,1999,2139947.0,0.0,0.420538,1.379359,PRT,GNB,0
2903594,179,88,0,2003,1254455.0,814025.0,0.471376,1.647303,PRT,GNB,0
2903595,179,88,0,2008,2969976.0,3643.0,0.64135,2.1946939999999997,PRT,GNB,0
2903596,179,88,0,2009,3033021.0,59735.0,0.559189,2.4359919999999997,PRT,GNB,0
2903597,179,88,0,2010,3066156.0,4221.0,0.551149,2.437209,PRT,GNB,0
2903598,179,88,0,2011,2896221.0,3864.0,0.558481,2.7056240000000003,PRT,GNB,0
2903599,179,88,0,1997,1579979.0,0.0,0.379367,1.296551,PRT,GNB,0
2903600,179,88,0,2001,1545267.0,1153040.0,0.482048,1.662123,PRT,GNB,0
2903601,179,88,0,2005,1388605.0,6912.0,0.5119819999999999,1.901636,PRT,GNB,0
2903602,179,88,0,2006,3473745.0,0.0,0.5723630000000001,1.92303,PRT,GNB,0
2903603,179,88,0,2004,1544309.0,226474.0,0.524524,1.901139,PRT,GNB,0
2903604,179,88,0,2007,2963846.0,0.0,0.621302,1.971656,PRT,GNB,0
2903605,188,88,0,2008,109867.0,0.0,-0.09849400000000001,-0.8998309999999999,SAU,GNB,0
2903606,188,88,0,2018,105265.0,0.0,0.5801810000000001,-0.447514,SAU,GNB,0
2903607,191,88,0,1997,201153.0,0.0,-0.606205,-0.727753,SEN,GNB,0
2903608,191,88,0,2014,2558138.0,0.0,-0.502607,-0.08866,SEN,GNB,0
2903609,191,88,0,2016,2232585.0,0.0,-0.7061270000000001,-0.46532399999999996,SEN,GNB,0
2903610,191,88,0,2001,1051829.0,0.0,-0.437779,-0.436654,SEN,GNB,0
2903611,191,88,0,2012,1102439.0,0.0,-0.458858,-0.172745,SEN,GNB,0
2903612,191,88,0,2013,1839582.0,0.0,-0.523662,-0.309101,SEN,GNB,0
2903613,191,88,0,2017,4229564.0,0.0,-0.6722899999999999,-0.26522199999999996,SEN,GNB,0
2903614,191,88,0,2018,3310729.0,0.0,-0.751378,-0.390573,SEN,GNB,0
2903615,191,88,0,2008,1579511.0,0.0,-0.478024,-0.313199,SEN,GNB,0
2903616,191,88,0,2011,1320790.0,0.0,-0.624346,-0.308052,SEN,GNB,0
2903617,191,88,0,2015,2189063.0,0.0,-0.708349,-0.296663,SEN,GNB,0
2903618,191,88,0,2019,3839227.0,0.0,-0.721992,-0.385479,SEN,GNB,0
2903619,191,88,0,2020,4243899.0,0.0,-0.634185,-0.398728,SEN,GNB,0
2903620,191,88,0,2002,1249516.0,0.0,-0.43679700000000005,-0.484176,SEN,GNB,0
2903621,191,88,0,2003,1551631.0,0.0,-0.25203600000000004,-0.25549299999999997,SEN,GNB,0
2903622,191,88,0,2004,1929597.0,0.0,-0.527127,-0.368631,SEN,GNB,0
2903623,191,88,0,2005,2485458.0,0.0,-0.279715,-0.231985,SEN,GNB,0
2903624,191,88,0,2007,2170635.0,0.0,-0.20343599999999998,0.27211199999999997,SEN,GNB,0
2903625,191,88,0,2009,1594456.0,0.0,-0.53392,-0.415513,SEN,GNB,0
2903626,191,88,0,2010,1454650.0,0.0,-0.45445,-0.148149,SEN,GNB,0
2903627,191,88,0,2006,1680415.0,0.0,-0.364713,-0.183612,SEN,GNB,0
2903628,191,88,0,1996,81678.0,0.0,-0.619785,-0.712171,SEN,GNB,0
2903629,191,88,0,1999,969011.0,0.0,-0.472473,-0.462562,SEN,GNB,0
2903630,191,88,0,1998,170296.0,0.0,-0.416955,-0.449216,SEN,GNB,0
2903631,191,88,0,2000,1127800.0,0.0,-0.46170100000000003,-0.435547,SEN,GNB,0
2903632,192,88,0,2005,91257.0,0.0,1.601677,0.49930399999999997,SGP,GNB,0
2903633,192,88,0,2009,133775.0,0.0,1.9503540000000001,0.498033,SGP,GNB,0
2903634,207,88,0,2012,6428.0,0.0,1.548381,0.699002,SVN,GNB,0
2903635,207,88,0,2010,6889.0,0.0,1.595473,0.7023020000000001,SVN,GNB,0
2903636,207,88,0,2015,6974.0,0.0,1.6089879999999999,0.833616,SVN,GNB,0
2903637,208,88,0,1997,29810.0,0.0,2.120182,0.993078,SWE,GNB,0
2903638,208,88,0,1999,18143.0,0.0,2.1456720000000002,0.856556,SWE,GNB,0
2903639,208,88,0,2015,4753.0,0.0,1.8068349999999997,0.693389,SWE,GNB,0
2903640,208,88,0,2018,3233.0,0.0,1.76361,0.766904,SWE,GNB,0
2903641,208,88,0,2019,13321.0,0.0,1.781148,0.742037,SWE,GNB,0
2903642,208,88,0,2020,4677.0,0.0,1.6911310000000002,0.791586,SWE,GNB,0
2903643,208,88,0,1998,7729.0,0.0,2.134076,0.9259729999999999,SWE,GNB,0
2903644,208,88,0,2000,4167.0,0.0,2.168823,0.839417,SWE,GNB,0
2903645,208,88,0,2001,10415.0,0.0,2.156845,0.784439,SWE,GNB,0
2903646,208,88,0,2002,2581.0,0.0,2.128614,0.7891199999999999,SWE,GNB,0
2903647,208,88,0,1995,14703.0,0.0,2.246997,1.060171,SWE,GNB,0
2903648,215,88,0,2008,39200.0,0.0,-0.5025689999999999,-0.747621,TGO,GNB,0
2903649,215,88,0,2011,23862.0,0.0,-0.9156030000000001,-0.884099,TGO,GNB,0
2903650,215,88,0,2015,113064.0,0.0,-0.66925,-0.873554,TGO,GNB,0
2903651,215,88,0,2016,13541.0,0.0,-0.751382,-0.7411310000000001,TGO,GNB,0
2903652,215,88,0,2017,12956.0,0.0,-0.8957450000000001,-0.891191,TGO,GNB,0
2903653,215,88,0,2018,16945.0,0.0,-0.685084,-0.773437,TGO,GNB,0
2903654,215,88,0,2019,8962.0,0.0,-0.823204,-0.819535,TGO,GNB,0
2903655,216,88,0,1995,31898138.0,334299.0,0.174522,1.608058,THA,GNB,0
2903656,216,88,0,1996,7020081.0,302966.0,0.10120599999999999,1.351967,THA,GNB,0
2903657,216,88,0,1997,3337426.0,673698.0,0.084875,1.41931,THA,GNB,0
2903658,216,88,0,1998,2037384.0,249324.0,0.128633,1.484142,THA,GNB,0
2903659,216,88,0,1999,4814317.0,0.0,0.20451,1.513533,THA,GNB,0
2903660,216,88,0,2000,3603003.0,188526.0,0.301195,1.577338,THA,GNB,0
2903661,216,88,0,2001,2464830.0,0.0,0.37555900000000003,1.498267,THA,GNB,0
2903662,216,88,0,2002,2273347.0,224548.0,0.432041,1.627953,THA,GNB,0
2903663,216,88,0,2003,2040317.0,0.0,0.43010699999999996,1.607408,THA,GNB,0
2903664,216,88,0,2004,849848.0,0.0,0.5150359999999999,1.583019,THA,GNB,0
2903665,216,88,0,2005,326203.0,0.0,0.552846,1.664665,THA,GNB,0
2903666,216,88,0,2006,749962.0,0.0,0.568209,1.685343,THA,GNB,0
2903667,216,88,0,2007,187542.0,0.0,0.711328,1.411114,THA,GNB,0
2903668,216,88,0,2008,200969.0,0.0,0.7531399999999999,1.4420620000000002,THA,GNB,0
2903669,216,88,0,2009,207524.0,0.0,0.79692,1.315501,THA,GNB,0
2903670,216,88,0,2010,63545.0,0.0,0.748328,1.425224,THA,GNB,0
2903671,216,88,0,2012,273682.0,0.0,0.910957,1.294243,THA,GNB,0
2903672,216,88,0,2016,0.0,139920.0,1.022065,1.428082,THA,GNB,0
2903673,216,88,0,2019,0.0,760443.0,0.9744229999999999,1.401199,THA,GNB,0
2903674,216,88,0,2020,14021.0,0.0,1.035524,1.2777180000000001,THA,GNB,0
2903675,223,88,0,2007,15127.0,0.0,0.062824,0.74003,TUN,GNB,0
2903676,223,88,0,2009,456330.0,0.0,0.044903,0.9126120000000001,TUN,GNB,0
2903677,223,88,0,2010,387812.0,0.0,0.165019,0.8882059999999999,TUN,GNB,0
2903678,223,88,0,2017,2023.0,0.0,0.224119,0.961772,TUN,GNB,0
2903679,223,88,0,1995,0.0,2079.0,-0.253792,-0.044331,TUN,GNB,0
2903680,223,88,0,2011,1787.0,0.0,0.151221,1.1252360000000001,TUN,GNB,0
2903681,223,88,0,1997,0.0,140175.0,-0.24073899999999998,-0.146818,TUN,GNB,0
2903682,224,88,0,2005,4386.0,0.0,0.226487,2.210279,TUR,GNB,0
2903683,224,88,0,2009,85889.0,0.0,0.384596,2.3797610000000002,TUR,GNB,0
2903684,224,88,0,2010,64220.0,0.0,0.359977,2.471173,TUR,GNB,0
2903685,224,88,0,2011,76162.0,0.0,0.45775,2.4316259999999996,TUR,GNB,0
2903686,224,88,0,2012,26530.0,0.0,0.507184,2.259161,TUR,GNB,0
2903687,224,88,0,2013,20125.0,0.0,0.42932299999999995,2.690235,TUR,GNB,0
2903688,224,88,0,2014,19840.0,0.0,0.554761,2.385693,TUR,GNB,0
2903689,224,88,0,2015,228058.0,0.0,0.438669,2.519632,TUR,GNB,0
2903690,224,88,0,2016,51522.0,0.0,0.45364799999999994,2.478837,TUR,GNB,0
2903691,224,88,0,2017,147753.0,0.0,0.541611,2.405872,TUR,GNB,0
2903692,224,88,0,2018,289446.0,0.0,0.518721,2.5581419999999997,TUR,GNB,0
2903693,224,88,0,2019,95136.0,0.0,0.569408,2.364546,TUR,GNB,0
2903694,224,88,0,2020,219422.0,0.0,0.590472,2.619866,TUR,GNB,0
2903695,224,88,0,2006,1970.0,0.0,0.33971599999999996,2.193384,TUR,GNB,0
2903696,230,88,0,2012,1147.0,0.0,0.207742,-0.101484,URY,GNB,0
2903697,230,88,0,2015,1132.0,0.0,0.273876,-0.363695,URY,GNB,0
2903698,231,88,0,1997,39349.0,0.0,1.823511,0.888084,USA,GNB,0
2903699,231,88,0,1998,15525.0,0.0,1.8223639999999999,0.761336,USA,GNB,0
2903700,231,88,0,2000,0.0,8999.0,1.8549650000000002,0.226992,USA,GNB,0
2903701,231,88,0,2001,9259.0,0.0,1.873674,0.168468,USA,GNB,0
2903702,231,88,0,2002,12871.0,0.0,1.821594,0.231296,USA,GNB,0
2903703,231,88,0,2003,7767.0,0.0,1.7789220000000001,0.064028,USA,GNB,0
2903704,231,88,0,2004,45332.0,32205.0,1.7598630000000002,0.066704,USA,GNB,0
2903705,231,88,0,2005,67590.0,0.0,1.718086,-0.34564,USA,GNB,0
2903706,231,88,0,2007,16888.0,0.0,1.612165,0.0922,USA,GNB,0
2903707,231,88,0,2008,55696.0,10980.0,1.584278,-0.209788,USA,GNB,0
2903708,231,88,0,2009,72310.0,0.0,1.657663,-0.41411400000000004,USA,GNB,0
2903709,231,88,0,2010,7755.0,19186.0,1.67573,-0.598165,USA,GNB,0
2903710,231,88,0,2011,86214.0,0.0,1.6884849999999998,-0.474499,USA,GNB,0
2903711,231,88,0,2012,50100.0,0.0,1.628377,-0.601941,USA,GNB,0
2903712,231,88,0,2013,115923.0,2499619.0,1.6639689999999998,-0.48651300000000003,USA,GNB,0
2903713,231,88,0,2014,188852.0,0.0,1.61227,0.068905,USA,GNB,0
2903714,231,88,0,2015,90998.0,0.0,1.720478,-0.129322,USA,GNB,0
2903715,231,88,0,2016,102931.0,72417.0,1.685329,0.297536,USA,GNB,0
2903716,231,88,0,2017,105828.0,0.0,1.601478,0.277271,USA,GNB,0
2903717,231,88,0,2020,31225.0,1894.0,1.588148,0.380904,USA,GNB,0
2903718,239,88,0,2008,83868.0,0.0,-0.207083,1.1323370000000001,VNM,GNB,0
2903719,239,88,0,2013,15016.0,0.0,-0.11426900000000001,1.399738,VNM,GNB,0
2903720,239,88,0,2015,1546.0,3766.0,-0.17108900000000002,1.10995,VNM,GNB,0
2903721,239,88,0,2009,89342.0,0.0,-0.27396,1.131199,VNM,GNB,0
2903722,239,88,0,2003,358.0,0.0,-0.633985,0.659696,VNM,GNB,0
2903723,239,88,0,2004,34527.0,0.0,-0.5270560000000001,0.8910389999999999,VNM,GNB,0
2903724,239,88,0,2006,123603.0,0.0,-0.342779,1.033318,VNM,GNB,0
2903725,239,88,0,2012,0.0,1327.0,0.012365000000000001,1.290936,VNM,GNB,0
2903726,239,88,0,2017,76988.0,0.0,-0.009819,0.686429,VNM,GNB,0
2903727,246,88,0,1997,9636.0,0.0,0.501792,1.1192440000000001,ZAF,GNB,0
2903728,246,88,0,2002,6806.0,0.0,0.395943,2.392458,ZAF,GNB,0
2903729,246,88,0,2003,33394.0,0.0,0.477987,2.255395,ZAF,GNB,0
2903730,246,88,0,2005,35388.0,0.0,0.484464,1.65903,ZAF,GNB,0
2903731,246,88,0,2008,152597.0,0.0,0.22551500000000002,1.185506,ZAF,GNB,0
2903732,246,88,0,2009,258860.0,0.0,0.316452,1.767795,ZAF,GNB,0
2903733,246,88,0,2017,87310.0,0.0,0.2066,1.378591,ZAF,GNB,0
2903734,246,88,0,2019,242024.0,0.0,0.129921,1.101027,ZAF,GNB,0
2903735,246,88,0,1995,0.0,49683.0,0.468112,1.039817,ZAF,GNB,0
2903736,246,88,0,1996,0.0,18765.0,0.456593,1.150786,ZAF,GNB,0
2903737,246,88,0,2006,246053.0,0.0,0.37964499999999995,1.466326,ZAF,GNB,0
2903738,246,88,0,2007,28618.0,0.0,0.349792,1.246052,ZAF,GNB,0
2903739,249,88,0,2006,21151.0,0.0,1.619915,1.2289940000000001,TWN,GNB,0
2903740,249,88,0,1997,0.0,391156.0,1.317672,1.800561,TWN,GNB,0
2903741,249,88,0,1998,0.0,610121.0,1.224725,1.890322,TWN,GNB,0
2903742,3,149,0,2008,0.0,1304.0,1.3673950000000001,0.124948,AIA,MSR,0
2903743,6,149,0,2009,1293.0,0.0,0.351025,-0.699817,ANT,MSR,0
2903744,7,149,0,2017,15615.0,0.0,0.210477,0.02557,ARE,MSR,0
2903745,7,149,0,2018,0.0,158147.0,0.11804400000000001,-0.326851,ARE,MSR,0
2903746,7,149,0,2015,28496.0,0.0,0.21779600000000002,-0.0047420000000000006,ARE,MSR,0
2903747,7,149,0,2008,25614.0,0.0,-0.276433,-0.692392,ARE,MSR,0
2903748,7,149,0,2005,12101.0,0.0,0.11526600000000001,-0.393171,ARE,MSR,0
2903749,13,149,0,2005,2039.0,0.0,-0.31409000000000004,-0.728541,ATG,MSR,0
2903750,13,149,0,2000,4458.0,0.0,0.329016,-0.510285,ATG,MSR,0
2903751,13,149,0,2002,13243.0,0.0,0.958779,-0.56295,ATG,MSR,0
2903752,13,149,0,2007,6214.0,0.0,0.5574899999999999,-0.125609,ATG,MSR,0
2903753,13,149,0,2009,4479.0,0.0,0.930903,0.279441,ATG,MSR,0
2903754,13,149,0,2014,19918.0,0.0,0.169764,-0.621576,ATG,MSR,0
2903755,13,149,0,2015,3352.0,0.0,0.43318,-0.552045,ATG,MSR,0
2903756,13,149,0,2017,20096.0,0.0,0.42561099999999996,-0.42671099999999995,ATG,MSR,0
2903757,13,149,0,2018,17598.0,0.0,0.08520499999999999,-0.630757,ATG,MSR,0
2903758,13,149,0,2011,8313.0,0.0,0.257238,-0.275891,ATG,MSR,0
2903759,13,149,0,2012,45252.0,0.0,0.8666520000000001,1.1798549999999999,ATG,MSR,0
2903760,13,149,0,2019,8381.0,7991.0,0.391831,-0.723957,ATG,MSR,0
2903761,13,149,0,1999,7343.0,0.0,0.6179140000000001,0.156854,ATG,MSR,0
2903762,13,149,0,2003,7940.0,10246.0,0.014283,-0.564587,ATG,MSR,0
2903763,13,149,0,2013,24943.0,0.0,0.096563,-0.60577,ATG,MSR,0
2903764,13,149,0,2016,38548.0,0.0,0.19935999999999998,-0.538471,ATG,MSR,0
2903765,14,149,0,1998,1680345.0,0.0,0.375317,0.8864629999999999,AUS,MSR,0
2903766,14,149,0,2007,0.0,2674.0,0.137686,0.451592,AUS,MSR,0
2903767,14,149,0,2009,0.0,23768.0,-0.109286,0.13586900000000002,AUS,MSR,0
2903768,14,149,0,2014,0.0,1101.0,-0.398273,-0.17128,AUS,MSR,0
2903769,14,149,0,2018,26071.0,0.0,-0.29687199999999997,-0.123116,AUS,MSR,0
2903770,15,149,0,1995,91764.0,0.0,2.000295,0.661255,AUT,MSR,0
2903771,15,149,0,2008,1731.0,0.0,1.634816,-0.078419,AUT,MSR,0
2903772,15,149,0,2010,65386.0,0.0,1.724315,-0.29379099999999997,AUT,MSR,0
2903773,15,149,0,2020,41362.0,0.0,1.6711310000000001,0.059096,AUT,MSR,0
2903774,15,149,0,1998,2915.0,0.0,1.891966,0.508137,AUT,MSR,0
2903775,18,149,0,2000,39016.0,0.0,1.403838,1.349607,BEL,MSR,0
2903776,19,149,0,2017,747055.0,0.0,-0.755027,-0.796864,BEN,MSR,0
2903777,29,149,0,1999,42380.0,0.0,-0.5603319999999999,-0.838239,BLZ,MSR,0
2903778,33,149,0,2002,2164.0,0.0,0.762217,0.004367,BRB,MSR,0
2903779,33,149,0,2004,51644.0,0.0,0.8541559999999999,0.25895799999999997,BRB,MSR,0
2903780,33,149,0,2005,5760.0,0.0,0.916402,0.262466,BRB,MSR,0
2903781,33,149,0,2006,3429.0,0.0,0.977267,0.6046560000000001,BRB,MSR,0
2903782,33,149,0,2007,5661.0,0.0,1.006332,0.680391,BRB,MSR,0
2903783,33,149,0,2008,689.0,0.0,0.761035,0.615472,BRB,MSR,0
2903784,33,149,0,2009,2597.0,0.0,0.8652620000000001,0.796057,BRB,MSR,0
2903785,33,149,0,2014,3767.0,0.0,0.44968400000000003,-0.15268900000000002,BRB,MSR,0
2903786,33,149,0,2019,1841.0,0.0,0.6228199999999999,-0.10803499999999999,BRB,MSR,0
2903787,33,149,0,1997,122437.0,0.0,0.896769,0.22225300000000003,BRB,MSR,0
2903788,33,149,0,2001,759.0,0.0,0.725546,0.172345,BRB,MSR,0
2903789,33,149,0,2020,273173.0,0.0,0.666435,0.060089,BRB,MSR,0
2903790,33,149,0,1999,116991.0,0.0,0.878015,0.413308,BRB,MSR,0
2903791,33,149,0,2000,2352.0,0.0,0.765428,0.418063,BRB,MSR,0
2903792,39,149,0,2001,22811.0,0.0,0.971827,1.105171,CAN,MSR,0
2903793,39,149,0,2002,15297.0,0.0,0.9963280000000001,1.1922110000000001,CAN,MSR,0
2903794,39,149,0,2003,3501.0,0.0,0.9791540000000001,1.185081,CAN,MSR,0
2903795,39,149,0,2004,10884.0,6313.0,0.9392739999999999,1.19228,CAN,MSR,0
2903796,39,149,0,2005,14390.0,0.0,0.9895149999999999,1.0437459999999998,CAN,MSR,0
2903797,39,149,0,2006,19446.0,0.0,0.865685,1.1480489999999999,CAN,MSR,0
2903798,39,149,0,2007,6476.0,0.0,0.77681,1.20517,CAN,MSR,0
2903799,39,149,0,2008,37873.0,3491.0,0.684659,1.085312,CAN,MSR,0
2903800,39,149,0,2009,6331.0,0.0,0.6778069999999999,1.278402,CAN,MSR,0
2903801,39,149,0,2010,0.0,84648.0,0.752421,1.2208510000000001,CAN,MSR,0
2903802,39,149,0,2011,3363.0,0.0,0.754813,1.1967290000000002,CAN,MSR,0
2903803,39,149,0,2012,2342.0,0.0,0.693098,1.132064,CAN,MSR,0
2903804,39,149,0,2013,3589.0,0.0,0.719649,1.017046,CAN,MSR,0
2903805,39,149,0,2014,7401.0,5826.0,0.671395,1.024683,CAN,MSR,0
2903806,39,149,0,2015,0.0,2326.0,0.695867,1.171676,CAN,MSR,0
2903807,39,149,0,2017,0.0,3722.0,0.73897,1.206402,CAN,MSR,0
2903808,39,149,0,2018,0.0,24961.0,0.666822,1.218593,CAN,MSR,0
2903809,39,149,0,2020,17797.0,2781.0,0.609267,1.1890479999999999,CAN,MSR,0
2903810,39,149,0,2000,601.0,0.0,1.056577,1.12931,CAN,MSR,0
2903811,39,149,0,1996,16365.0,0.0,1.155706,1.1127049999999998,CAN,MSR,0
2903812,39,149,0,1999,0.0,39936.0,1.083572,1.08026,CAN,MSR,0
2903813,41,149,0,2014,4511.0,0.0,2.2000919999999997,0.65398,CHE,MSR,0
2903814,43,149,0,2007,47395.0,0.0,0.801547,2.321052,CHN,MSR,0
2903815,43,149,0,2014,44397.0,0.0,1.187557,1.222085,CHN,MSR,0
2903816,43,149,0,2016,7920.0,0.0,1.1073620000000002,1.723098,CHN,MSR,0
2903817,43,149,0,2017,2812.0,0.0,1.1127790000000002,1.56869,CHN,MSR,0
2903818,43,149,0,2018,25166.0,0.0,1.200689,1.2822,CHN,MSR,0
2903819,43,149,0,2019,26141.0,0.0,1.196265,1.2258870000000002,CHN,MSR,0
2903820,43,149,0,2020,44681.0,0.0,1.187837,1.2237770000000001,CHN,MSR,0
2903821,49,149,0,1995,0.0,65677.0,0.094335,0.13047999999999998,COL,MSR,0
2903822,49,149,0,1996,0.0,6519.0,0.136487,0.078743,COL,MSR,0
2903823,49,149,0,1998,18670.0,0.0,0.205004,0.13985899999999998,COL,MSR,0
2903824,55,149,0,2011,26010.0,0.0,-0.052038,-0.69103,CUW,MSR,0
2903825,55,149,0,2012,14969.0,0.0,0.233821,-0.6050260000000001,CUW,MSR,0
2903826,55,149,0,2013,2920.0,0.0,0.029981999999999998,-0.673439,CUW,MSR,0
2903827,55,149,0,2014,28234.0,0.0,-0.00902,-0.683643,CUW,MSR,0
2903828,61,149,0,1995,2018.0,0.0,2.325385,-2.2238189999999998,DEU,MSR,0
2903829,61,149,0,1997,19712.0,0.0,2.293936,-2.2301919999999997,DEU,MSR,0
2903830,61,149,0,1998,3399.0,0.0,2.334028,-2.417278,DEU,MSR,0
2903831,61,149,0,1999,21998.0,0.0,2.334811,-2.060502,DEU,MSR,0
2903832,61,149,0,2000,11297.0,0.0,2.316177,-2.4478419999999996,DEU,MSR,0
2903833,61,149,0,2001,15647.0,0.0,2.321375,-2.1110990000000003,DEU,MSR,0
2903834,61,149,0,2002,15449.0,56753.0,2.297691,-2.183239,DEU,MSR,0
2903835,61,149,0,2003,30152.0,13733.0,2.2821919999999998,-2.0985150000000004,DEU,MSR,0
2903836,61,149,0,2004,8893.0,16772.0,2.266076,-2.011139,DEU,MSR,0
2903837,61,149,0,2005,13552.0,0.0,2.172479,-2.446472,DEU,MSR,0
2903838,61,149,0,2006,472413.0,0.0,2.132566,-2.773669,DEU,MSR,0
2903839,61,149,0,2007,30707.0,0.0,2.114566,-2.934732,DEU,MSR,0
2903840,61,149,0,2008,255584.0,0.0,2.007167,-3.256961,DEU,MSR,0
2903841,61,149,0,2009,8107.0,0.0,2.056515,-3.034837,DEU,MSR,0
2903842,61,149,0,2011,18358.0,0.0,2.074435,-3.440815,DEU,MSR,0
2903843,61,149,0,2012,132553.0,0.0,1.966247,-3.3238410000000003,DEU,MSR,0
2903844,61,149,0,2014,5303.0,0.0,2.052849,-2.888805,DEU,MSR,0
2903845,61,149,0,2020,2075.0,0.0,2.027494,-2.3646689999999997,DEU,MSR,0
2903846,63,149,0,1997,6000.0,0.0,0.795112,0.438787,DMA,MSR,0
2903847,63,149,0,2013,0.0,21219.0,0.054362,-0.156703,DMA,MSR,0
2903848,63,149,0,2011,5602.0,0.0,-0.25559699999999996,-0.5345300000000001,DMA,MSR,0
2903849,64,149,0,1996,14547.0,0.0,1.443514,1.275684,DNK,MSR,0
2903850,64,149,0,2000,13761.0,0.0,1.230078,1.429499,DNK,MSR,0
2903851,64,149,0,2002,892.0,0.0,1.26594,1.225186,DNK,MSR,0
2903852,65,149,0,2004,6496.0,0.0,-0.510025,-0.328257,DOM,MSR,0
2903853,65,149,0,2009,1205.0,0.0,-0.317894,0.198926,DOM,MSR,0
2903854,65,149,0,2012,1532.0,0.0,-0.193432,0.590896,DOM,MSR,0
2903855,67,149,0,1998,0.0,13455.0,-0.990915,-0.9670860000000001,ECU,MSR,0
2903856,68,149,0,2018,58714.0,0.0,-0.096635,1.585658,EGY,MSR,0
2903857,71,149,0,1995,97688.0,0.0,1.144247,1.933844,ESP,MSR,0
2903858,71,149,0,1996,57464.0,49932.0,1.105317,1.9473,ESP,MSR,0
2903859,71,149,0,1997,11648.0,1627.0,1.082049,2.0238650000000002,ESP,MSR,0
2903860,71,149,0,2007,98187.0,0.0,0.914681,2.027797,ESP,MSR,0
2903861,71,149,0,2008,38707.0,0.0,0.8755649999999999,2.122164,ESP,MSR,0
2903862,77,149,0,1996,3322.0,0.0,1.69082,0.721312,FRA,MSR,0
2903863,77,149,0,2000,2227.0,0.0,1.674971,0.47538100000000005,FRA,MSR,0
2903864,77,149,0,2003,2338.0,0.0,1.606606,0.7394149999999999,FRA,MSR,0
2903865,77,149,0,2007,7772.0,0.0,1.4565350000000001,0.262845,FRA,MSR,0
2903866,77,149,0,2008,12391.0,0.0,1.487702,-0.223965,FRA,MSR,0
2903867,77,149,0,2011,0.0,14847.0,1.532054,0.09339299999999999,FRA,MSR,0
2903868,77,149,0,2014,983.0,222.0,1.4817790000000002,0.30995,FRA,MSR,0
2903869,77,149,0,2017,0.0,16361.0,1.398427,0.894732,FRA,MSR,0
2903870,77,149,0,2019,0.0,94661.0,1.380982,0.9510629999999999,FRA,MSR,0
2903871,81,149,0,1995,353513.0,2174.0,1.8656979999999999,1.107121,GBR,MSR,0
2903872,81,149,0,1996,169450.0,1333.0,1.850284,0.883084,GBR,MSR,0
2903873,81,149,0,1997,627916.0,0.0,1.886353,0.783832,GBR,MSR,0
2903874,81,149,0,1998,834428.0,0.0,1.906738,0.489101,GBR,MSR,0
2903875,81,149,0,1999,371994.0,0.0,1.9523830000000002,0.771455,GBR,MSR,0
2903876,81,149,0,2000,143884.0,2675.0,1.957339,0.610052,GBR,MSR,0
2903877,81,149,0,2001,204047.0,45692.0,1.976894,0.685435,GBR,MSR,0
2903878,81,149,0,2002,157603.0,0.0,1.893177,0.831382,GBR,MSR,0
2903879,81,149,0,2003,45165.0,0.0,1.8712540000000002,0.706205,GBR,MSR,0
2903880,81,149,0,2004,158766.0,151474.0,1.843506,0.684779,GBR,MSR,0
2903881,81,149,0,2005,66785.0,32298.0,1.805023,0.425654,GBR,MSR,0
2903882,81,149,0,2006,71088.0,16749.0,1.824154,0.614424,GBR,MSR,0
2903883,81,149,0,2007,86541.0,12206.0,1.718661,0.35525300000000004,GBR,MSR,0
2903884,81,149,0,2008,169574.0,406508.0,1.7586119999999998,0.061214,GBR,MSR,0
2903885,81,149,0,2009,64599.0,0.0,1.7921779999999998,0.41211499999999995,GBR,MSR,0
2903886,81,149,0,2010,21439.0,677998.0,1.828224,0.386383,GBR,MSR,0
2903887,81,149,0,2011,83554.0,0.0,1.8048220000000001,0.380141,GBR,MSR,0
2903888,81,149,0,2012,34110.0,0.0,1.701279,0.518166,GBR,MSR,0
2903889,81,149,0,2013,147425.0,0.0,1.7901259999999999,0.44164,GBR,MSR,0
2903890,81,149,0,2014,109615.0,0.0,1.697964,0.585372,GBR,MSR,0
2903891,81,149,0,2015,18896.0,0.0,1.7422990000000003,0.75838,GBR,MSR,0
2903892,81,149,0,2016,44753.0,0.0,1.6974669999999998,0.9231299999999999,GBR,MSR,0
2903893,81,149,0,2017,51314.0,0.0,1.6883119999999998,0.8347469999999999,GBR,MSR,0
2903894,81,149,0,2018,76038.0,2170.0,1.693008,0.768159,GBR,MSR,0
2903895,81,149,0,2019,100402.0,11240.0,1.731106,0.717566,GBR,MSR,0
2903896,81,149,0,2020,130235.0,0.0,1.6459,0.7702640000000001,GBR,MSR,0
2903897,90,149,0,2015,8388.0,0.0,0.099027,1.012289,GRC,MSR,0
2903898,96,149,0,1997,1000.0,0.0,-0.7141810000000001,-0.8589030000000001,GUY,MSR,0
2903899,103,149,0,1999,74082.0,0.0,-0.20447,1.568505,IDN,MSR,0
2903900,103,149,0,2000,165041.0,0.0,-0.125831,1.7116360000000002,IDN,MSR,0
2903901,103,149,0,2001,19963.0,0.0,-0.167771,1.6587889999999998,IDN,MSR,0
2903902,103,149,0,2002,59720.0,0.0,-0.10020499999999999,1.590314,IDN,MSR,0
2903903,103,149,0,2003,31621.0,0.0,-0.16802,1.7252990000000001,IDN,MSR,0
2903904,103,149,0,2004,3545.0,0.0,-0.223644,1.719065,IDN,MSR,0
2903905,103,149,0,1998,3082.0,0.0,-0.478253,1.350652,IDN,MSR,0
2903906,104,149,0,2003,142718.0,0.0,0.33014099999999996,2.836003,IND,MSR,0
2903907,104,149,0,2004,31801.0,0.0,0.233348,2.790987,IND,MSR,0
2903908,104,149,0,2005,4545.0,0.0,0.212108,2.817413,IND,MSR,0
2903909,104,149,0,2006,2654.0,0.0,0.285652,2.731318,IND,MSR,0
2903910,104,149,0,2008,23732.0,0.0,0.26694,2.926023,IND,MSR,0
2903911,104,149,0,2009,52290.0,0.0,0.209867,2.254003,IND,MSR,0
2903912,104,149,0,2010,12585.0,0.0,0.14485599999999998,2.408913,IND,MSR,0
2903913,104,149,0,2011,6228.0,0.0,0.18276199999999998,2.398765,IND,MSR,0
2903914,104,149,0,1998,76504.0,0.0,0.274308,2.316908,IND,MSR,0
2903915,104,149,0,1999,40305.0,0.0,0.29945900000000003,2.438702,IND,MSR,0
2903916,104,149,0,2002,48948.0,0.0,0.380867,2.608955,IND,MSR,0
2903917,106,149,0,2003,1971.0,0.0,1.6396130000000002,0.220599,IRL,MSR,0
2903918,109,149,0,2013,285.0,0.0,0.259374,-0.20413299999999998,ISL,MSR,0
2903919,111,149,0,1995,11540.0,0.0,1.503379,1.449094,ITA,MSR,0
2903920,111,149,0,1996,2080.0,0.0,1.4674690000000001,1.263362,ITA,MSR,0
2903921,111,149,0,1999,60987.0,0.0,1.395253,1.3589790000000002,ITA,MSR,0
2903922,111,149,0,2000,35138.0,8089.0,1.421124,1.112321,ITA,MSR,0
2903923,111,149,0,2001,24173.0,0.0,1.389926,1.282143,ITA,MSR,0
2903924,111,149,0,2003,103755.0,0.0,1.399734,1.044608,ITA,MSR,0
2903925,111,149,0,2004,6472.0,1214.0,1.358057,1.11533,ITA,MSR,0
2903926,111,149,0,2005,44105.0,0.0,1.295883,1.032218,ITA,MSR,0
2903927,111,149,0,2006,0.0,174038.0,1.293779,0.93995,ITA,MSR,0
2903928,111,149,0,2007,22984.0,0.0,1.3003559999999998,0.705448,ITA,MSR,0
2903929,111,149,0,2010,56755.0,0.0,1.272385,0.545721,ITA,MSR,0
2903930,111,149,0,2012,2126.0,0.0,1.297611,0.28585900000000003,ITA,MSR,0
2903931,111,149,0,2013,66960.0,0.0,1.289924,0.533436,ITA,MSR,0
2903932,111,149,0,2014,45560.0,0.0,1.340136,0.43931099999999995,ITA,MSR,0
2903933,111,149,0,2015,1911.0,0.0,1.321127,0.747046,ITA,MSR,0
2903934,111,149,0,2017,84405.0,9497.0,1.34395,0.577693,ITA,MSR,0
2903935,112,149,0,1999,5652.0,0.0,-0.852468,-0.9670290000000001,JAM,MSR,0
2903936,112,149,0,2006,3241.0,0.0,-0.5122720000000001,-0.9109809999999999,JAM,MSR,0
2903937,112,149,0,2009,682.0,0.0,-0.083743,-0.6222479999999999,JAM,MSR,0
2903938,112,149,0,2011,45240.0,0.0,-0.162212,-0.621817,JAM,MSR,0
2903939,112,149,0,2012,3432.0,0.0,-0.34163899999999997,-0.8008850000000001,JAM,MSR,0
2903940,112,149,0,2014,3361.0,0.0,-0.42745299999999997,-0.7750130000000001,JAM,MSR,0
2903941,112,149,0,2017,37783.0,0.0,-0.497654,-0.76481,JAM,MSR,0
2903942,112,149,0,2018,1457.0,0.0,-0.339328,-0.8756659999999999,JAM,MSR,0
2903943,112,149,0,2019,1961.0,0.0,-0.18387799999999999,-0.710004,JAM,MSR,0
2903944,112,149,0,1996,7190.0,0.0,-0.6344350000000001,-0.814916,JAM,MSR,0
2903945,112,149,0,1997,2664.0,0.0,-0.65455,-0.820413,JAM,MSR,0
2903946,114,149,0,2014,6232.0,0.0,2.403165,-0.635024,JPN,MSR,0
2903947,114,149,0,1999,827.0,0.0,2.541382,0.693702,JPN,MSR,0
2903948,120,149,0,2013,11563.0,0.0,0.8500270000000001,-0.390234,KNA,MSR,0
2903949,120,149,0,2015,15230.0,0.0,0.8252430000000001,-0.436662,KNA,MSR,0
2903950,120,149,0,1995,3659.0,29797.0,0.45250200000000007,-0.45284399999999997,KNA,MSR,0
2903951,120,149,0,1996,0.0,6979.0,0.546384,-0.463373,KNA,MSR,0
2903952,120,149,0,2000,2381.0,0.0,0.70972,-0.526818,KNA,MSR,0
2903953,120,149,0,2001,0.0,1606.0,0.612222,-0.440733,KNA,MSR,0
2903954,120,149,0,2007,1922.0,0.0,1.21646,-0.190821,KNA,MSR,0
2903955,120,149,0,2008,4478.0,0.0,1.2613,-0.136295,KNA,MSR,0
2903956,120,149,0,2009,4468.0,0.0,0.9218370000000001,-0.303977,KNA,MSR,0
2903957,120,149,0,1999,2940.0,0.0,0.670532,-0.45786400000000005,KNA,MSR,0
2903958,121,149,0,2000,200624.0,0.0,1.0696700000000001,1.0182209999999998,KOR,MSR,0
2903959,121,149,0,2010,2785.0,0.0,1.7118849999999999,0.762362,KOR,MSR,0
2903960,121,149,0,2011,0.0,16398.0,1.731371,0.8306879999999999,KOR,MSR,0
2903961,127,149,0,2018,2673.0,0.0,0.18656,-0.143406,LCA,MSR,0
2903962,127,149,0,1995,1464.0,0.0,0.194177,-0.359444,LCA,MSR,0
2903963,131,149,0,2019,0.0,2519.0,1.234145,1.3754309999999998,LUX,MSR,0
2903964,131,149,0,2020,0.0,2456.0,1.197655,1.432727,LUX,MSR,0
2903965,138,149,0,2007,0.0,34603.0,1.044746,0.605246,MEX,MSR,0
2903966,138,149,0,2008,0.0,455101.0,0.9833639999999999,0.7687069999999999,MEX,MSR,0
2903967,138,149,0,2009,0.0,873286.0,1.061625,0.719234,MEX,MSR,0
2903968,138,149,0,2010,0.0,928431.0,1.132664,0.675756,MEX,MSR,0
2903969,138,149,0,2011,0.0,48415.0,0.9534600000000001,0.706982,MEX,MSR,0
2903970,141,149,0,1998,0.0,2527.0,-0.8910049999999999,-0.9654870000000001,MLI,MSR,0
2903971,157,149,0,1996,0.0,5215.0,-0.594771,-0.643008,NER,MSR,0
2903972,157,149,0,1995,0.0,18004.0,-0.288248,-0.592174,NER,MSR,0
2903973,162,149,0,1996,113343.0,0.0,1.256625,1.803132,NLD,MSR,0
2903974,162,149,0,2001,0.0,4245.0,1.315685,1.590935,NLD,MSR,0
2903975,162,149,0,2003,0.0,5633.0,1.168453,1.7085709999999998,NLD,MSR,0
2903976,162,149,0,2006,1250.0,0.0,1.192134,1.450852,NLD,MSR,0
2903977,162,149,0,2009,0.0,36541.0,1.1914850000000001,1.3076780000000001,NLD,MSR,0
2903978,162,149,0,2010,38463.0,0.0,1.237998,1.1891209999999999,NLD,MSR,0
2903979,162,149,0,2012,124762.0,0.0,1.124582,1.374002,NLD,MSR,0
2903980,162,149,0,2013,5512.0,0.0,1.184107,1.249557,NLD,MSR,0
2903981,162,149,0,2014,5063.0,0.0,1.179325,1.355071,NLD,MSR,0
2903982,162,149,0,2016,11231.0,0.0,1.157361,1.5188540000000001,NLD,MSR,0
2903983,162,149,0,2017,6227.0,0.0,1.146959,1.470869,NLD,MSR,0
2903984,162,149,0,2018,7793.0,163569.0,1.1478899999999999,1.454758,NLD,MSR,0
2903985,166,149,0,2005,0.0,5139.0,0.623822,0.825528,NZL,MSR,0
2903986,177,149,0,2004,132477.0,0.0,1.019341,1.519452,POL,MSR,0
2903987,179,149,0,2000,1380.0,0.0,0.547816,1.70635,PRT,MSR,0
2903988,180,149,0,2013,4758.0,0.0,-0.566239,-0.9273459999999999,PRY,MSR,0
2903989,207,149,0,2010,0.0,186980.0,1.595473,0.7023020000000001,SVN,MSR,0
2903990,208,149,0,2016,8590.0,0.0,1.785149,0.767444,SWE,MSR,0
2903991,208,149,0,2004,17624.0,0.0,2.0522080000000003,0.8326969999999999,SWE,MSR,0
2903992,216,149,0,2000,0.0,2877.0,0.301195,1.577338,THA,MSR,0
2903993,216,149,0,2001,0.0,2794.0,0.37555900000000003,1.498267,THA,MSR,0
2903994,216,149,0,2002,1841.0,0.0,0.432041,1.627953,THA,MSR,0
2903995,216,149,0,2005,3047.0,0.0,0.552846,1.664665,THA,MSR,0
2903996,216,149,0,2018,37811.0,0.0,1.053177,1.4084969999999999,THA,MSR,0
2903997,216,149,0,2020,0.0,1346929.0,1.035524,1.2777180000000001,THA,MSR,0
2903998,222,149,0,1995,88984.0,0.0,0.254658,-0.496058,TTO,MSR,0
2903999,222,149,0,1996,15934.0,0.0,0.19111,-0.488382,TTO,MSR,0
2904000,222,149,0,1997,10484.0,0.0,0.28791,-0.38322399999999995,TTO,MSR,0
2904001,222,149,0,1998,65995.0,0.0,0.273917,-0.453996,TTO,MSR,0
2904002,222,149,0,1999,34553.0,0.0,0.258046,-0.562956,TTO,MSR,0
2904003,222,149,0,2000,41004.0,0.0,-0.035037,-0.862433,TTO,MSR,0
2904004,222,149,0,2001,27260.0,0.0,0.178256,-0.709126,TTO,MSR,0
2904005,222,149,0,2002,69338.0,0.0,0.074907,-0.8203879999999999,TTO,MSR,0
2904006,222,149,0,2003,29935.0,0.0,-0.16738,-0.9820969999999999,TTO,MSR,0
2904007,222,149,0,2004,22688.0,795.0,0.00677,-0.965385,TTO,MSR,0
2904008,222,149,0,2005,207265.0,0.0,0.13125699999999998,-0.9324479999999999,TTO,MSR,0
2904009,222,149,0,2006,189658.0,996.0,-0.20651399999999998,-1.024907,TTO,MSR,0
2904010,222,149,0,2007,64832.0,0.0,-0.371347,-1.0536709999999998,TTO,MSR,0
2904011,222,149,0,2008,41932.0,0.0,-0.44752600000000003,-1.060906,TTO,MSR,0
2904012,222,149,0,2009,18914.0,0.0,-0.508195,-1.097365,TTO,MSR,0
2904013,222,149,0,2010,5144.0,0.0,-0.338123,-1.070239,TTO,MSR,0
2904014,222,149,0,2011,34686.0,0.0,-0.44228,-1.031793,TTO,MSR,0
2904015,222,149,0,2012,26276.0,0.0,-0.420754,-1.0575299999999999,TTO,MSR,0
2904016,222,149,0,2013,25471.0,0.0,-0.280641,-1.083332,TTO,MSR,0
2904017,222,149,0,2014,55723.0,0.0,-0.57362,-1.117545,TTO,MSR,0
2904018,222,149,0,2015,48879.0,0.0,-0.462837,-1.117621,TTO,MSR,0
2904019,231,149,0,1995,270718.0,40407.0,1.771648,1.184,USA,MSR,0
2904020,231,149,0,1996,219574.0,16191.0,1.7110560000000001,1.125141,USA,MSR,0
2904021,231,149,0,1997,1001983.0,80847.0,1.823511,0.888084,USA,MSR,0
2904022,231,149,0,1998,25580.0,67241.0,1.8223639999999999,0.761336,USA,MSR,0
2904023,231,149,0,1999,209875.0,60422.0,1.8755119999999998,0.5350729999999999,USA,MSR,0
2904024,231,149,0,2000,335960.0,3835.0,1.8549650000000002,0.226992,USA,MSR,0
2904025,231,149,0,2001,318078.0,14807.0,1.873674,0.168468,USA,MSR,0
2904026,231,149,0,2002,186048.0,15899.0,1.821594,0.231296,USA,MSR,0
2904027,231,149,0,2003,331947.0,9183.0,1.7789220000000001,0.064028,USA,MSR,0
2904028,231,149,0,2004,225307.0,89683.0,1.7598630000000002,0.066704,USA,MSR,0
2904029,231,149,0,2005,419652.0,13567.0,1.718086,-0.34564,USA,MSR,0
2904030,231,149,0,2006,1017554.0,87762.0,1.666643,-0.121679,USA,MSR,0
2904031,231,149,0,2007,270496.0,70817.0,1.612165,0.0922,USA,MSR,0
2904032,231,149,0,2008,294095.0,4979.0,1.584278,-0.209788,USA,MSR,0
2904033,231,149,0,2009,293865.0,4634.0,1.657663,-0.41411400000000004,USA,MSR,0
2904034,231,149,0,2010,163131.0,23606.0,1.67573,-0.598165,USA,MSR,0
2904035,231,149,0,2011,326179.0,1062.0,1.6884849999999998,-0.474499,USA,MSR,0
2904036,231,149,0,2012,843950.0,24799.0,1.628377,-0.601941,USA,MSR,0
2904037,231,149,0,2013,475392.0,2214.0,1.6639689999999998,-0.48651300000000003,USA,MSR,0
2904038,231,149,0,2014,909489.0,2561.0,1.61227,0.068905,USA,MSR,0
2904039,231,149,0,2015,272840.0,67035.0,1.720478,-0.129322,USA,MSR,0
2904040,231,149,0,2016,437441.0,21893.0,1.685329,0.297536,USA,MSR,0
2904041,231,149,0,2017,307009.0,149352.0,1.601478,0.277271,USA,MSR,0
2904042,231,149,0,2018,789041.0,17510.0,1.585861,0.44815900000000003,USA,MSR,0
2904043,231,149,0,2019,251724.0,585527.0,1.606808,0.3232,USA,MSR,0
2904044,231,149,0,2020,256370.0,3245.0,1.588148,0.380904,USA,MSR,0
2904045,234,149,0,2007,2030.0,0.0,-0.112166,-0.692679,VCT,MSR,0
2904046,234,149,0,2018,0.0,10356.0,-0.274831,-0.603525,VCT,MSR,0
2904047,234,149,0,2008,4906.0,0.0,-0.598538,-0.8798459999999999,VCT,MSR,0
2904048,234,149,0,2000,3235.0,0.0,0.095604,-0.352013,VCT,MSR,0
2904049,234,149,0,1998,9081.0,0.0,0.22166,-0.331633,VCT,MSR,0
2904050,234,149,0,1999,5556.0,0.0,-0.28283400000000003,-0.755695,VCT,MSR,0
2904051,234,149,0,2015,1153.0,0.0,0.087811,-0.35481999999999997,VCT,MSR,0
2904052,239,149,0,2005,109223.0,0.0,-0.673618,0.766938,VNM,MSR,0
2904053,246,149,0,1999,97607.0,0.0,0.543171,1.432792,ZAF,MSR,0
2904054,249,149,0,2005,0.0,20257.0,1.577067,1.3218450000000002,TWN,MSR,0
2904055,249,149,0,2008,5547.0,0.0,1.611693,0.93875,TWN,MSR,0
2904056,249,149,0,1999,108639.0,0.0,1.336816,1.725334,TWN,MSR,0
2904057,2,129,0,2020,0.0,101593.0,-1.7948709999999999,-1.199555,AGO,LSO,0
2904058,7,129,0,2012,0.0,536524.0,0.45351499999999995,-0.285021,ARE,LSO,0
2904059,7,129,0,2016,1788840.0,360090.0,0.11037999999999999,0.045327,ARE,LSO,0
2904060,7,129,0,2017,44934.0,402849.0,0.210477,0.02557,ARE,LSO,0
2904061,7,129,0,2018,923552.0,311322.0,0.11804400000000001,-0.326851,ARE,LSO,0
2904062,7,129,0,2019,77122.0,260581.0,-0.165113,-0.8973540000000001,ARE,LSO,0
2904063,7,129,0,2020,582142.0,98210.0,-0.118349,-0.789485,ARE,LSO,0
2904064,7,129,0,2013,320.0,523964.0,-0.074047,-0.585168,ARE,LSO,0
2904065,7,129,0,2014,289527.0,303361.0,0.087775,-0.289459,ARE,LSO,0
2904066,7,129,0,2015,955347.0,229316.0,0.21779600000000002,-0.0047420000000000006,ARE,LSO,0
2904067,7,129,0,2011,3001.0,13546.0,0.030652,-0.450808,ARE,LSO,0
2904068,8,129,0,2016,1288343.0,0.0,-0.132495,0.16353199999999998,ARG,LSO,0
2904069,8,129,0,2017,326534.0,0.0,-0.120753,0.233375,ARG,LSO,0
2904070,14,129,0,2004,1517.0,0.0,0.196641,0.8139460000000001,AUS,LSO,0
2904071,14,129,0,2003,3750.0,0.0,0.316879,0.9409489999999999,AUS,LSO,0
2904072,14,129,0,2009,0.0,757512.0,-0.109286,0.13586900000000002,AUS,LSO,0
2904073,14,129,0,2010,166535.0,1041785.0,-0.276442,0.062023,AUS,LSO,0
2904074,14,129,0,2011,0.0,2077359.0,-0.138148,0.002999,AUS,LSO,0
2904075,14,129,0,2012,0.0,2179363.0,-0.352742,-0.145405,AUS,LSO,0
2904076,14,129,0,2013,0.0,1822106.0,-0.31145700000000004,-0.167628,AUS,LSO,0
2904077,14,129,0,2014,0.0,1731343.0,-0.398273,-0.17128,AUS,LSO,0
2904078,14,129,0,2015,0.0,1312385.0,-0.292325,-0.043489,AUS,LSO,0
2904079,14,129,0,2016,0.0,571733.0,-0.25955300000000003,0.0011070000000000001,AUS,LSO,0
2904080,14,129,0,2017,0.0,615576.0,-0.42427200000000004,-0.152921,AUS,LSO,0
2904081,14,129,0,2018,0.0,965752.0,-0.29687199999999997,-0.123116,AUS,LSO,0
2904082,14,129,0,2019,0.0,618026.0,-0.294558,-0.180198,AUS,LSO,0
2904083,14,129,0,2020,0.0,438131.0,-0.32910500000000004,-0.232963,AUS,LSO,0
2904084,15,129,0,2000,0.0,1521.0,1.842429,0.464405,AUT,LSO,0
2904085,15,129,0,2019,43643.0,0.0,1.743927,-0.076778,AUT,LSO,0
2904086,18,129,0,2000,6546.0,0.0,1.403838,1.349607,BEL,LSO,0
2904087,18,129,0,2001,0.0,6468467.0,1.4328370000000001,1.408495,BEL,LSO,0
2904088,18,129,0,2002,10403.0,1791722.0,1.4097469999999999,1.440169,BEL,LSO,0
2904089,18,129,0,2003,45382.0,0.0,1.361682,1.39536,BEL,LSO,0
2904090,18,129,0,2004,48167.0,25061.0,1.350911,1.408209,BEL,LSO,0
2904091,18,129,0,2005,50791.0,58930.0,1.275296,1.345063,BEL,LSO,0
2904092,18,129,0,2006,5778.0,0.0,1.2222540000000002,1.383027,BEL,LSO,0
2904093,18,129,0,2008,1964.0,0.0,1.297416,0.9716549999999999,BEL,LSO,0
2904094,18,129,0,2009,12782.0,120064.0,1.272011,1.074548,BEL,LSO,0
2904095,18,129,0,2010,11515.0,1436.0,1.2224270000000002,1.1276,BEL,LSO,0
2904096,18,129,0,2011,7415.0,2902.0,1.221703,1.247961,BEL,LSO,0
2904097,18,129,0,2012,47538.0,0.0,1.107155,1.448274,BEL,LSO,0
2904098,18,129,0,2013,32344.0,0.0,1.316207,0.972601,BEL,LSO,0
2904099,18,129,0,2014,133400.0,0.0,1.234156,1.226441,BEL,LSO,0
2904100,18,129,0,2015,31499.0,0.0,1.329866,1.100641,BEL,LSO,0
2904101,18,129,0,2016,116618.0,0.0,1.3102610000000001,1.214573,BEL,LSO,0
2904102,18,129,0,2017,633994.0,0.0,1.292657,1.19571,BEL,LSO,0
2904103,18,129,0,2018,220801.0,0.0,1.270641,1.201063,BEL,LSO,0
2904104,18,129,0,2019,282097.0,0.0,1.2555969999999999,1.168642,BEL,LSO,0
2904105,18,129,0,2020,70582.0,0.0,1.204632,1.278346,BEL,LSO,0
2904106,19,129,0,2004,282317.0,0.0,-1.299345,-0.9871260000000001,BEN,LSO,0
2904107,19,129,0,2015,266094.0,0.0,-0.5641470000000001,-0.8971020000000001,BEN,LSO,0
2904108,21,129,0,2017,0.0,115659.0,-1.100802,-1.0632110000000001,BFA,LSO,0
2904109,22,129,0,2008,0.0,372003.0,-0.852774,-0.766779,BGD,LSO,0
2904110,22,129,0,2010,0.0,1635839.0,-0.974526,-0.76566,BGD,LSO,0
2904111,22,129,0,2011,0.0,115104.0,-1.074416,-0.8276370000000001,BGD,LSO,0
2904112,22,129,0,2012,0.0,123539.0,-0.8932610000000001,-0.762658,BGD,LSO,0
2904113,22,129,0,2013,0.0,148828.0,-1.101916,-0.734646,BGD,LSO,0
2904114,22,129,0,2019,4855412.0,0.0,-1.113148,-0.9513299999999999,BGD,LSO,0
2904115,22,129,0,2009,0.0,168178.0,-1.030722,-0.860137,BGD,LSO,0
2904116,22,129,0,2016,0.0,1044230.0,-1.107523,-1.065009,BGD,LSO,0
2904117,22,129,0,2018,223930.0,688970.0,-0.899467,-0.9823719999999999,BGD,LSO,0
2904118,22,129,0,2017,0.0,102829.0,-1.016251,-0.987654,BGD,LSO,0
2904119,22,129,0,2020,1969350.0,480926.0,-0.874451,-0.9031309999999999,BGD,LSO,0
2904120,24,129,0,2017,0.0,2197.0,0.485479,-0.5348890000000001,BHR,LSO,0
2904121,24,129,0,2011,0.0,1233.0,0.04085,-0.873711,BHR,LSO,0
2904122,32,129,0,2004,397124.0,0.0,0.540718,1.149065,BRA,LSO,0
2904123,32,129,0,2005,1277465.0,0.0,0.567638,1.139122,BRA,LSO,0
2904124,32,129,0,2016,368026.0,0.0,0.245919,0.661809,BRA,LSO,0
2904125,32,129,0,2017,1170917.0,0.0,0.145224,0.483461,BRA,LSO,0
2904126,37,129,0,2001,0.0,8504.0,-0.42690100000000003,-1.081372,BWA,LSO,0
2904127,37,129,0,2002,0.0,16233.0,-0.14025,-1.018399,BWA,LSO,0
2904128,37,129,0,2003,8244.0,2124.0,-0.517317,-1.1125770000000001,BWA,LSO,0
2904129,37,129,0,2005,50759.0,63296.0,-0.857577,-1.1514229999999999,BWA,LSO,0
2904130,37,129,0,2006,50622.0,57899.0,-1.0541459999999998,-1.179286,BWA,LSO,0
2904131,37,129,0,2007,53254.0,0.0,-0.8557239999999999,-1.1712989999999999,BWA,LSO,0
2904132,37,129,0,2008,15366.0,0.0,-0.191616,-0.848397,BWA,LSO,0
2904133,37,129,0,2009,16053.0,0.0,-0.008142,-0.599115,BWA,LSO,0
2904134,37,129,0,2010,1477200.0,0.0,-0.181373,-0.714376,BWA,LSO,0
2904135,37,129,0,2011,854174.0,624609.0,-0.48782600000000004,-1.051639,BWA,LSO,0
2904136,37,129,0,2012,249209.0,860120.0,-0.424469,-1.043248,BWA,LSO,0
2904137,37,129,0,2013,1372669.0,692791.0,-0.46761499999999995,-1.0842040000000002,BWA,LSO,0
2904138,37,129,0,2014,4605.0,261579.0,-0.60221,-1.104578,BWA,LSO,0
2904139,37,129,0,2015,21435.0,200787.0,-0.14164200000000002,-1.0372059999999999,BWA,LSO,0
2904140,37,129,0,2017,10384.0,1204883.0,-0.593754,-1.166742,BWA,LSO,0
2904141,37,129,0,2018,7890.0,1633757.0,-0.8339610000000001,-1.184307,BWA,LSO,0
2904142,37,129,0,2019,524.0,3113110.0,-0.492807,-1.152651,BWA,LSO,0
2904143,37,129,0,2016,49951.0,1394753.0,-0.9927739999999999,-1.260391,BWA,LSO,0
2904144,37,129,0,2020,36622.0,2085381.0,-0.8696219999999999,-1.195627,BWA,LSO,0
2904145,37,129,0,2000,47834.0,46330.0,-0.633691,-1.120255,BWA,LSO,0
2904146,39,129,0,2001,0.0,6730776.0,0.971827,1.105171,CAN,LSO,0
2904147,39,129,0,2002,0.0,3984333.0,0.9963280000000001,1.1922110000000001,CAN,LSO,0
2904148,39,129,0,2003,27186.0,6420382.0,0.9791540000000001,1.185081,CAN,LSO,0
2904149,39,129,0,2004,0.0,8562136.0,0.9392739999999999,1.19228,CAN,LSO,0
2904150,39,129,0,2005,0.0,9279838.0,0.9895149999999999,1.0437459999999998,CAN,LSO,0
2904151,39,129,0,2006,0.0,7456318.0,0.865685,1.1480489999999999,CAN,LSO,0
2904152,39,129,0,2007,0.0,5832229.0,0.77681,1.20517,CAN,LSO,0
2904153,39,129,0,2008,0.0,4772302.0,0.684659,1.085312,CAN,LSO,0
2904154,39,129,0,2009,0.0,11574693.0,0.6778069999999999,1.278402,CAN,LSO,0
2904155,39,129,0,2010,0.0,12384210.0,0.752421,1.2208510000000001,CAN,LSO,0
2904156,39,129,0,2011,0.0,12157565.0,0.754813,1.1967290000000002,CAN,LSO,0
2904157,39,129,0,2012,7491.0,6263571.0,0.693098,1.132064,CAN,LSO,0
2904158,39,129,0,2013,0.0,5211565.0,0.719649,1.017046,CAN,LSO,0
2904159,39,129,0,2014,24533.0,3738653.0,0.671395,1.024683,CAN,LSO,0
2904160,39,129,0,2015,29477.0,4101007.0,0.695867,1.171676,CAN,LSO,0
2904161,39,129,0,2016,0.0,4509441.0,0.6579050000000001,1.12259,CAN,LSO,0
2904162,39,129,0,2017,19098.0,5573025.0,0.73897,1.206402,CAN,LSO,0
2904163,39,129,0,2018,4498.0,5374318.0,0.666822,1.218593,CAN,LSO,0
2904164,39,129,0,2019,11769.0,4246496.0,0.657292,1.187872,CAN,LSO,0
2904165,39,129,0,2020,15797.0,5126352.0,0.609267,1.1890479999999999,CAN,LSO,0
2904166,39,129,0,2000,0.0,3418504.0,1.056577,1.12931,CAN,LSO,0
2904167,41,129,0,2003,271366.0,0.0,2.151037,0.711217,CHE,LSO,0
2904168,41,129,0,2004,141261.0,0.0,2.151471,0.7196279999999999,CHE,LSO,0
2904169,41,129,0,2010,104665.0,0.0,2.1492080000000002,0.556424,CHE,LSO,0
2904170,41,129,0,2011,151577.0,178127.0,2.2644029999999997,0.406131,CHE,LSO,0
2904171,41,129,0,2012,91948.0,0.0,2.060769,0.562718,CHE,LSO,0
2904172,41,129,0,2013,400109.0,0.0,2.2104470000000003,0.5403479999999999,CHE,LSO,0
2904173,41,129,0,2014,348669.0,0.0,2.2000919999999997,0.65398,CHE,LSO,0
2904174,41,129,0,2015,260620.0,0.0,2.306075,0.720781,CHE,LSO,0
2904175,41,129,0,2018,4067.0,6274.0,2.2324330000000003,0.7801560000000001,CHE,LSO,0
2904176,41,129,0,2019,4118.0,0.0,2.1990849999999997,0.8394229999999999,CHE,LSO,0
2904177,41,129,0,2020,0.0,4602.0,2.184038,0.900965,CHE,LSO,0
2904178,42,129,0,2017,0.0,200440.0,-0.378693,-0.492983,CHL,LSO,0
2904179,42,129,0,2012,0.0,220374.0,-0.333891,-0.45610200000000006,CHL,LSO,0
2904180,43,129,0,2000,6770786.0,0.0,0.478362,3.156111,CHN,LSO,0
2904181,43,129,0,2001,5564728.0,903001.0,0.525171,3.092963,CHN,LSO,0
2904182,43,129,0,2002,11303900.0,0.0,0.576746,2.7995520000000003,CHN,LSO,0
2904183,43,129,0,2003,17237875.0,0.0,0.579431,2.773139,CHN,LSO,0
2904184,43,129,0,2004,27171436.0,0.0,0.581548,2.8689880000000003,CHN,LSO,0
2904185,43,129,0,2005,32121868.0,264680.0,0.608256,2.8242220000000002,CHN,LSO,0
2904186,43,129,0,2007,39274166.0,991988.0,0.801547,2.321052,CHN,LSO,0
2904187,43,129,0,2008,41411848.0,795772.0,0.929285,1.8917259999999998,CHN,LSO,0
2904188,43,129,0,2009,30788998.0,1227786.0,0.898623,2.08703,CHN,LSO,0
2904189,43,129,0,2010,38796910.0,1437270.0,0.922493,2.0176,CHN,LSO,0
2904190,43,129,0,2011,51603660.0,2127213.0,1.072299,1.686826,CHN,LSO,0
2904191,43,129,0,2012,38283128.0,53178.0,1.095682,1.354837,CHN,LSO,0
2904192,43,129,0,2013,50681505.0,6107727.0,1.113767,1.477496,CHN,LSO,0
2904193,43,129,0,2014,56320324.0,5065849.0,1.187557,1.222085,CHN,LSO,0
2904194,43,129,0,2015,60015083.0,5409228.0,1.077143,1.735757,CHN,LSO,0
2904195,43,129,0,2016,36609223.0,10449375.0,1.1073620000000002,1.723098,CHN,LSO,0
2904196,43,129,0,2017,16138646.0,14629183.0,1.1127790000000002,1.56869,CHN,LSO,0
2904197,43,129,0,2018,48261782.0,19714521.0,1.200689,1.2822,CHN,LSO,0
2904198,43,129,0,2019,46034875.0,21195783.0,1.196265,1.2258870000000002,CHN,LSO,0
2904199,43,129,0,2020,40336759.0,6202333.0,1.187837,1.2237770000000001,CHN,LSO,0
2904200,43,129,0,2006,33367653.0,1024262.0,0.737888,2.54966,CHN,LSO,0
2904201,44,129,0,2015,1276942.0,0.0,-0.856142,-0.905292,CIV,LSO,0
2904202,44,129,0,2004,786271.0,0.0,-0.8490979999999999,-0.754732,CIV,LSO,0
2904203,44,129,0,2007,1272145.0,0.0,-0.9989110000000001,-0.867232,CIV,LSO,0
2904204,44,129,0,2016,406402.0,0.0,-0.88415,-0.8122689999999999,CIV,LSO,0
2904205,44,129,0,2017,619450.0,0.0,-0.784119,-0.904135,CIV,LSO,0
2904206,46,129,0,2017,0.0,128700.0,-1.3960569999999999,-1.126784,COD,LSO,0
2904207,46,129,0,2020,0.0,111022.0,-1.538455,-1.1857659999999999,COD,LSO,0
2904208,59,129,0,2012,0.0,29027.0,1.747369,-0.0932,CZE,LSO,0
2904209,61,129,0,2000,33150.0,185538.0,2.316177,-2.4478419999999996,DEU,LSO,0
2904210,61,129,0,2001,7205.0,153231.0,2.321375,-2.1110990000000003,DEU,LSO,0
2904211,61,129,0,2002,49470.0,0.0,2.297691,-2.183239,DEU,LSO,0
2904212,61,129,0,2003,48510.0,0.0,2.2821919999999998,-2.0985150000000004,DEU,LSO,0
2904213,61,129,0,2004,98317.0,40328.0,2.266076,-2.011139,DEU,LSO,0
2904214,61,129,0,2005,318736.0,0.0,2.172479,-2.446472,DEU,LSO,0
2904215,61,129,0,2006,328668.0,0.0,2.132566,-2.773669,DEU,LSO,0
2904216,61,129,0,2007,177920.0,0.0,2.114566,-2.934732,DEU,LSO,0
2904217,61,129,0,2008,41467.0,49523.0,2.007167,-3.256961,DEU,LSO,0
2904218,61,129,0,2009,35864.0,125598.0,2.056515,-3.034837,DEU,LSO,0
2904219,61,129,0,2010,79564.0,344981.0,2.035672,-3.383322,DEU,LSO,0
2904220,61,129,0,2011,74144.0,1897770.0,2.074435,-3.440815,DEU,LSO,0
2904221,61,129,0,2012,4910.0,436923.0,1.966247,-3.3238410000000003,DEU,LSO,0
2904222,61,129,0,2013,19833.0,527652.0,2.093658,-3.4281980000000005,DEU,LSO,0
2904223,61,129,0,2014,4505.0,263853.0,2.052849,-2.888805,DEU,LSO,0
2904224,61,129,0,2015,28442.0,607716.0,2.203818,-2.307561,DEU,LSO,0
2904225,61,129,0,2016,34567.0,353371.0,2.203093,-2.24919,DEU,LSO,0
2904226,61,129,0,2017,15119.0,196949.0,2.1149459999999998,-2.525372,DEU,LSO,0
2904227,61,129,0,2018,50790.0,1211665.0,2.109059,-2.428826,DEU,LSO,0
2904228,61,129,0,2019,19641.0,2308721.0,2.078626,-2.124816,DEU,LSO,0
2904229,61,129,0,2020,4198.0,2145665.0,2.027494,-2.3646689999999997,DEU,LSO,0
2904230,64,129,0,2004,1238.0,0.0,1.328968,1.262743,DNK,LSO,0
2904231,64,129,0,2005,36779.0,0.0,1.210286,1.217256,DNK,LSO,0
2904232,64,129,0,2013,216.0,0.0,1.161835,1.1788450000000001,DNK,LSO,0
2904233,64,129,0,2017,17002.0,0.0,1.159753,1.233914,DNK,LSO,0
2904234,64,129,0,2020,19511.0,0.0,1.093217,1.2166549999999998,DNK,LSO,0
2904235,68,129,0,2008,0.0,416883.0,-0.098316,1.134642,EGY,LSO,0
2904236,68,129,0,2009,0.0,1066667.0,-0.20940300000000003,1.6466290000000001,EGY,LSO,0
2904237,68,129,0,2013,0.0,7905.0,-0.17418,1.692641,EGY,LSO,0
2904238,68,129,0,2014,0.0,68636.0,-0.086866,1.7419669999999998,EGY,LSO,0
2904239,68,129,0,2010,395239.0,212939.0,-0.181826,1.409465,EGY,LSO,0
2904240,68,129,0,2011,0.0,262901.0,-0.166243,1.384719,EGY,LSO,0
2904241,69,129,0,2016,0.0,118886.0,-1.479782,-1.060063,ERI,LSO,0
2904242,71,129,0,2003,5501.0,0.0,0.960684,2.074792,ESP,LSO,0
2904243,71,129,0,2012,2834.0,0.0,0.8528309999999999,2.462809,ESP,LSO,0
2904244,71,129,0,2013,2473.0,0.0,0.861698,2.353993,ESP,LSO,0
2904245,71,129,0,2015,1351.0,0.0,0.8173590000000001,2.442556,ESP,LSO,0
2904246,71,129,0,2016,1176.0,0.0,0.765428,2.57725,ESP,LSO,0
2904247,71,129,0,2017,8818.0,0.0,0.734342,2.8180099999999997,ESP,LSO,0
2904248,71,129,0,2018,28707.0,0.0,0.744825,2.919005,ESP,LSO,0
2904249,71,129,0,2020,668.0,0.0,0.736657,2.731661,ESP,LSO,0
2904250,73,129,0,2018,165101.0,250435.0,-0.874857,-0.464958,ETH,LSO,0
2904251,73,129,0,2016,0.0,119210.0,-1.006161,-0.756472,ETH,LSO,0
2904252,73,129,0,2017,0.0,148395.0,-1.007413,-0.638231,ETH,LSO,0
2904253,73,129,0,2020,153498.0,132646.0,-0.952033,-0.707262,ETH,LSO,0
2904254,77,129,0,2000,0.0,41578.0,1.674971,0.47538100000000005,FRA,LSO,0
2904255,77,129,0,2001,0.0,19799.0,1.653507,0.797582,FRA,LSO,0
2904256,77,129,0,2002,0.0,1168139.0,1.569367,0.9886360000000001,FRA,LSO,0
2904257,77,129,0,2003,0.0,265989.0,1.606606,0.7394149999999999,FRA,LSO,0
2904258,77,129,0,2004,175966.0,744233.0,1.6003530000000001,0.643945,FRA,LSO,0
2904259,77,129,0,2005,0.0,112849.0,1.505148,0.594409,FRA,LSO,0
2904260,77,129,0,2008,27315.0,0.0,1.487702,-0.223965,FRA,LSO,0
2904261,77,129,0,2010,9375.0,13785.0,1.530027,-0.052557000000000006,FRA,LSO,0
2904262,77,129,0,2012,0.0,15091.0,1.425025,0.27534899999999995,FRA,LSO,0
2904263,77,129,0,2013,345055.0,4862.0,1.520354,0.022874000000000002,FRA,LSO,0
2904264,77,129,0,2014,249074.0,2445.0,1.4817790000000002,0.30995,FRA,LSO,0
2904265,77,129,0,2017,0.0,40050.0,1.398427,0.894732,FRA,LSO,0
2904266,77,129,0,2018,99219.0,0.0,1.420819,0.7793770000000001,FRA,LSO,0
2904267,77,129,0,2019,23211.0,0.0,1.380982,0.9510629999999999,FRA,LSO,0
2904268,77,129,0,2020,15628.0,7350.0,1.341275,0.8991870000000001,FRA,LSO,0
2904269,80,129,0,2001,0.0,628984.0,-1.063007,-1.181284,GAB,LSO,0
2904270,80,129,0,2004,2154.0,0.0,-0.700329,-1.137018,GAB,LSO,0
2904271,81,129,0,2000,17339.0,1038441.0,1.957339,0.610052,GBR,LSO,0
2904272,81,129,0,2001,201801.0,2170914.0,1.976894,0.685435,GBR,LSO,0
2904273,81,129,0,2002,225061.0,1422291.0,1.893177,0.831382,GBR,LSO,0
2904274,81,129,0,2003,63402.0,968368.0,1.8712540000000002,0.706205,GBR,LSO,0
2904275,81,129,0,2004,248688.0,779408.0,1.843506,0.684779,GBR,LSO,0
2904276,81,129,0,2005,5561.0,504961.0,1.805023,0.425654,GBR,LSO,0
2904277,81,129,0,2006,128367.0,875783.0,1.824154,0.614424,GBR,LSO,0
2904278,81,129,0,2007,0.0,1382546.0,1.718661,0.35525300000000004,GBR,LSO,0
2904279,81,129,0,2008,35631.0,1650632.0,1.7586119999999998,0.061214,GBR,LSO,0
2904280,81,129,0,2009,5262.0,1591876.0,1.7921779999999998,0.41211499999999995,GBR,LSO,0
2904281,81,129,0,2010,1235610.0,1401340.0,1.828224,0.386383,GBR,LSO,0
2904282,81,129,0,2011,39190.0,1099462.0,1.8048220000000001,0.380141,GBR,LSO,0
2904283,81,129,0,2012,5754.0,1496415.0,1.701279,0.518166,GBR,LSO,0
2904284,81,129,0,2013,1281703.0,377299.0,1.7901259999999999,0.44164,GBR,LSO,0
2904285,81,129,0,2014,476326.0,213579.0,1.697964,0.585372,GBR,LSO,0
2904286,81,129,0,2015,7166.0,240679.0,1.7422990000000003,0.75838,GBR,LSO,0
2904287,81,129,0,2016,10376.0,380935.0,1.6974669999999998,0.9231299999999999,GBR,LSO,0
2904288,81,129,0,2017,100198.0,450541.0,1.6883119999999998,0.8347469999999999,GBR,LSO,0
2904289,81,129,0,2018,227046.0,312573.0,1.693008,0.768159,GBR,LSO,0
2904290,81,129,0,2019,181846.0,398154.0,1.731106,0.717566,GBR,LSO,0
2904291,81,129,0,2020,204195.0,348985.0,1.6459,0.7702640000000001,GBR,LSO,0
2904292,83,129,0,2013,1237.0,0.0,-0.7316010000000001,-0.5327689999999999,GHA,LSO,0
2904293,85,129,0,2000,0.0,19705.0,-1.523998,-1.197719,GIN,LSO,0
2904294,85,129,0,2002,0.0,10299.0,-1.85329,-1.243105,GIN,LSO,0
2904295,90,129,0,2000,0.0,1205920.0,0.30201300000000003,1.4171799999999999,GRC,LSO,0
2904296,97,129,0,2000,8942675.0,0.0,0.416202,2.4793950000000002,HKG,LSO,0
2904297,97,129,0,2001,15235769.0,0.0,0.521528,2.3025,HKG,LSO,0
2904298,97,129,0,2002,44020524.0,0.0,0.5701109999999999,1.989357,HKG,LSO,0
2904299,97,129,0,2003,70155381.0,316854.0,0.494569,2.147062,HKG,LSO,0
2904300,97,129,0,2004,78626396.0,128057.0,0.604825,2.098745,HKG,LSO,0
2904301,97,129,0,2005,63561897.0,0.0,0.5862149999999999,2.0303459999999998,HKG,LSO,0
2904302,97,129,0,2006,61601187.0,143821.0,0.5776319999999999,2.076782,HKG,LSO,0
2904303,97,129,0,2007,52130994.0,0.0,0.639034,2.1086009999999997,HKG,LSO,0
2904304,97,129,0,2008,42529531.0,121699.0,0.74435,2.149616,HKG,LSO,0
2904305,97,129,0,2009,20979770.0,122715.0,0.654964,1.98672,HKG,LSO,0
2904306,97,129,0,2010,13327141.0,0.0,0.715745,1.9780259999999998,HKG,LSO,0
2904307,97,129,0,2011,9096686.0,120533.0,0.663588,1.902118,HKG,LSO,0
2904308,97,129,0,2012,6347274.0,238016.0,0.8124979999999999,1.677497,HKG,LSO,0
2904309,97,129,0,2013,5612149.0,336430.0,0.744383,1.923139,HKG,LSO,0
2904310,97,129,0,2014,5468807.0,0.0,0.812132,1.722493,HKG,LSO,0
2904311,97,129,0,2015,5637235.0,122139.0,0.8255290000000001,1.8017279999999998,HKG,LSO,0
2904312,97,129,0,2016,4745241.0,69325.0,0.8029029999999999,1.477249,HKG,LSO,0
2904313,97,129,0,2017,5080909.0,0.0,0.824982,1.7162220000000001,HKG,LSO,0
2904314,97,129,0,2018,2869321.0,0.0,0.843677,1.656073,HKG,LSO,0
2904315,97,129,0,2019,4569725.0,0.0,0.992556,1.523004,HKG,LSO,0
2904316,97,129,0,2020,8313577.0,654863.0,1.070483,1.183618,HKG,LSO,0
2904317,103,129,0,2000,77346.0,0.0,-0.125831,1.7116360000000002,IDN,LSO,0
2904318,103,129,0,2001,194434.0,0.0,-0.167771,1.6587889999999998,IDN,LSO,0
2904319,103,129,0,2002,213879.0,0.0,-0.10020499999999999,1.590314,IDN,LSO,0
2904320,103,129,0,2003,763586.0,0.0,-0.16802,1.7252990000000001,IDN,LSO,0
2904321,103,129,0,2004,944586.0,0.0,-0.223644,1.719065,IDN,LSO,0
2904322,103,129,0,2005,2369119.0,0.0,-0.273208,1.5252379999999999,IDN,LSO,0
2904323,103,129,0,2006,1831637.0,0.0,-0.21012399999999998,1.467838,IDN,LSO,0
2904324,103,129,0,2007,4148626.0,0.0,-0.192415,1.497962,IDN,LSO,0
2904325,103,129,0,2008,4432333.0,0.0,-0.11154000000000001,1.4879850000000001,IDN,LSO,0
2904326,103,129,0,2009,1375932.0,0.0,-0.253835,1.260101,IDN,LSO,0
2904327,103,129,0,2010,535054.0,0.0,-0.30878099999999997,1.07069,IDN,LSO,0
2904328,103,129,0,2011,458099.0,0.0,-0.234125,1.168384,IDN,LSO,0
2904329,103,129,0,2012,247817.0,0.0,-0.142318,1.281781,IDN,LSO,0
2904330,103,129,0,2014,0.0,770574.0,-0.088032,1.3966459999999998,IDN,LSO,0
2904331,103,129,0,2016,0.0,153688.0,-0.158496,1.492067,IDN,LSO,0
2904332,103,129,0,2017,0.0,141368.0,-0.23641700000000002,1.188173,IDN,LSO,0
2904333,103,129,0,2018,31334.0,518921.0,-0.10130499999999999,1.2414209999999999,IDN,LSO,0
2904334,103,129,0,2019,0.0,324775.0,-0.141811,1.385726,IDN,LSO,0
2904335,103,129,0,2020,73757.0,56920.0,-0.16761700000000002,1.571009,IDN,LSO,0
2904336,104,129,0,2003,5646760.0,0.0,0.33014099999999996,2.836003,IND,LSO,0
2904337,104,129,0,2004,8116784.0,0.0,0.233348,2.790987,IND,LSO,0
2904338,104,129,0,2005,10950895.0,0.0,0.212108,2.817413,IND,LSO,0
2904339,104,129,0,2006,2154078.0,0.0,0.285652,2.731318,IND,LSO,0
2904340,104,129,0,2007,4266569.0,0.0,0.279475,2.7514939999999997,IND,LSO,0
2904341,104,129,0,2008,5324023.0,14649.0,0.26694,2.926023,IND,LSO,0
2904342,104,129,0,2009,3866875.0,0.0,0.209867,2.254003,IND,LSO,0
2904343,104,129,0,2010,8303567.0,1221092.0,0.14485599999999998,2.408913,IND,LSO,0
2904344,104,129,0,2011,12683071.0,1508581.0,0.18276199999999998,2.398765,IND,LSO,0
2904345,104,129,0,2012,4736563.0,2958467.0,0.229996,2.4815110000000002,IND,LSO,0
2904346,104,129,0,2013,11607684.0,2823526.0,0.215356,2.3916209999999998,IND,LSO,0
2904347,104,129,0,2014,16945368.0,194548.0,0.262042,2.6305080000000003,IND,LSO,0
2904348,104,129,0,2015,10220120.0,1165533.0,0.24230900000000002,2.8190880000000003,IND,LSO,0
2904349,104,129,0,2016,12634347.0,85998.0,0.30976,2.61043,IND,LSO,0
2904350,104,129,0,2017,18584157.0,145292.0,0.290576,2.726391,IND,LSO,0
2904351,104,129,0,2018,18451276.0,69515.0,0.526015,2.448112,IND,LSO,0
2904352,104,129,0,2019,10738711.0,0.0,0.43196,2.661139,IND,LSO,0
2904353,104,129,0,2020,7042926.0,0.0,0.464674,2.838779,IND,LSO,0
2904354,104,129,0,2001,34888.0,0.0,0.349744,2.665844,IND,LSO,0
2904355,104,129,0,2002,1134513.0,0.0,0.380867,2.608955,IND,LSO,0
2904356,106,129,0,2000,0.0,142724.0,1.546001,0.342854,IRL,LSO,0
2904357,106,129,0,2008,44229.0,199410.0,1.693858,0.221425,IRL,LSO,0
2904358,106,129,0,2011,104906.0,0.0,1.403182,0.290245,IRL,LSO,0
2904359,106,129,0,2019,4547.0,0.0,1.3812389999999999,-0.025366,IRL,LSO,0
2904360,106,129,0,2007,0.0,149346.0,1.353146,0.122832,IRL,LSO,0
2904361,106,129,0,2016,1855.0,0.0,1.445238,0.07659400000000001,IRL,LSO,0
2904362,106,129,0,2017,1807.0,0.0,1.363544,0.169211,IRL,LSO,0
2904363,106,129,0,2020,3566.0,0.0,1.337791,-0.20829699999999998,IRL,LSO,0
2904364,106,129,0,2009,0.0,206330.0,1.627233,0.020024,IRL,LSO,0
2904365,106,129,0,2010,111293.0,0.0,1.371357,0.168795,IRL,LSO,0
2904366,110,129,0,2020,0.0,1012.0,1.487557,0.8370920000000001,ISR,LSO,0
2904367,110,129,0,2019,0.0,220800.0,1.488686,0.823376,ISR,LSO,0
2904368,111,129,0,2000,4123.0,0.0,1.421124,1.112321,ITA,LSO,0
2904369,111,129,0,2001,15291.0,239178.0,1.389926,1.282143,ITA,LSO,0
2904370,111,129,0,2002,139868.0,2830525.0,1.377604,1.2470510000000001,ITA,LSO,0
2904371,111,129,0,2003,76226.0,0.0,1.399734,1.044608,ITA,LSO,0
2904372,111,129,0,2004,4108.0,0.0,1.358057,1.11533,ITA,LSO,0
2904373,111,129,0,2006,85341.0,0.0,1.293779,0.93995,ITA,LSO,0
2904374,111,129,0,2008,4438.0,0.0,1.308777,0.361523,ITA,LSO,0
2904375,111,129,0,2012,47009.0,0.0,1.297611,0.28585900000000003,ITA,LSO,0
2904376,111,129,0,2014,4112.0,0.0,1.340136,0.43931099999999995,ITA,LSO,0
2904377,111,129,0,2015,7566.0,0.0,1.321127,0.747046,ITA,LSO,0
2904378,111,129,0,2016,365.0,0.0,1.339307,0.8549209999999999,ITA,LSO,0
2904379,111,129,0,2017,345409.0,0.0,1.34395,0.577693,ITA,LSO,0
2904380,111,129,0,2018,671328.0,1183.0,1.3602530000000002,0.453607,ITA,LSO,0
2904381,111,129,0,2019,25646.0,0.0,1.25898,0.926639,ITA,LSO,0
2904382,111,129,0,2020,6585.0,0.0,1.299017,0.701797,ITA,LSO,0
2904383,112,129,0,2019,0.0,152020.0,-0.18387799999999999,-0.710004,JAM,LSO,0
2904384,113,129,0,2008,0.0,168599.0,0.255463,0.45844799999999997,JOR,LSO,0
2904385,113,129,0,2009,0.0,229844.0,0.21374899999999997,0.423774,JOR,LSO,0
2904386,114,129,0,2005,0.0,273075.0,2.392106,0.278652,JPN,LSO,0
2904387,114,129,0,2009,0.0,1262931.0,2.306791,-0.251712,JPN,LSO,0
2904388,114,129,0,2010,15359.0,1208752.0,2.459723,-0.279387,JPN,LSO,0
2904389,114,129,0,2011,27909.0,1244445.0,2.516395,-0.534301,JPN,LSO,0
2904390,114,129,0,2012,10089.0,958832.0,2.359022,-0.553565,JPN,LSO,0
2904391,114,129,0,2014,3376.0,104970.0,2.403165,-0.635024,JPN,LSO,0
2904392,114,129,0,2017,50413.0,36539.0,2.4510419999999997,-0.277357,JPN,LSO,0
2904393,114,129,0,2018,20150.0,111756.0,2.514533,-0.416074,JPN,LSO,0
2904394,114,129,0,2020,27381.0,93150.0,2.405659,-0.38169000000000003,JPN,LSO,0
2904395,114,129,0,2015,252212.0,43796.0,2.516133,-0.484202,JPN,LSO,0
2904396,114,129,0,2016,16948.0,88458.0,2.574025,-0.34859,JPN,LSO,0
2904397,114,129,0,2019,25505.0,130069.0,2.4931509999999997,-0.558811,JPN,LSO,0
2904398,114,129,0,2000,114709.0,0.0,2.579611,0.464875,JPN,LSO,0
2904399,114,129,0,2002,0.0,205874.0,2.556057,0.497673,JPN,LSO,0
2904400,114,129,0,2003,34390.0,587536.0,2.4686630000000003,0.48072600000000004,JPN,LSO,0
2904401,114,129,0,2004,16309.0,240661.0,2.526624,0.452054,JPN,LSO,0
2904402,114,129,0,2006,0.0,236336.0,2.4348099999999997,0.082887,JPN,LSO,0
2904403,114,129,0,2007,0.0,845146.0,2.313259,0.186703,JPN,LSO,0
2904404,114,129,0,2008,0.0,893373.0,2.285056,0.036255,JPN,LSO,0
2904405,114,129,0,2013,168728.0,92591.0,2.3993130000000003,-0.564768,JPN,LSO,0
2904406,116,129,0,2004,0.0,1110760.0,-0.503694,0.410495,KEN,LSO,0
2904407,116,129,0,2005,0.0,6488667.0,-0.507389,0.769896,KEN,LSO,0
2904408,116,129,0,2006,22787.0,7700333.0,-0.38287899999999997,1.060286,KEN,LSO,0
2904409,116,129,0,2007,0.0,8471514.0,-0.44365299999999996,0.858692,KEN,LSO,0
2904410,116,129,0,2008,0.0,3031437.0,-0.284528,0.9378610000000001,KEN,LSO,0
2904411,116,129,0,2009,0.0,1476276.0,-0.26477399999999995,0.932587,KEN,LSO,0
2904412,116,129,0,2010,0.0,207753.0,-0.387187,1.010443,KEN,LSO,0
2904413,116,129,0,2013,0.0,1298.0,-0.448112,0.8672719999999999,KEN,LSO,0
2904414,116,129,0,2015,250687.0,0.0,-0.453564,0.433325,KEN,LSO,0
2904415,116,129,0,2016,254559.0,31544.0,-0.535616,0.520101,KEN,LSO,0
2904416,116,129,0,2017,421692.0,0.0,-0.579541,0.511926,KEN,LSO,0
2904417,116,129,0,2012,0.0,34660.0,-0.35581599999999997,0.29003,KEN,LSO,0
2904418,118,129,0,2010,104685.0,0.0,-1.158906,-1.019906,KHM,LSO,0
2904419,118,129,0,2009,0.0,243288.0,-1.194288,-1.09924,KHM,LSO,0
2904420,118,129,0,2015,0.0,134698.0,-0.791985,-0.833046,KHM,LSO,0
2904421,121,129,0,2000,15164.0,6767.0,1.0696700000000001,1.0182209999999998,KOR,LSO,0
2904422,121,129,0,2001,413536.0,0.0,1.145797,1.0762399999999999,KOR,LSO,0
2904423,121,129,0,2002,74585.0,0.0,1.186816,1.075947,KOR,LSO,0
2904424,121,129,0,2003,675489.0,0.0,1.2611709999999998,0.956308,KOR,LSO,0
2904425,121,129,0,2004,652223.0,0.0,1.3624690000000002,0.928342,KOR,LSO,0
2904426,121,129,0,2005,41015.0,0.0,1.4051850000000001,0.815171,KOR,LSO,0
2904427,121,129,0,2006,7284.0,0.0,1.5384309999999999,0.766628,KOR,LSO,0
2904428,121,129,0,2007,12694.0,0.0,1.497359,0.726637,KOR,LSO,0
2904429,121,129,0,2008,42230.0,133857.0,1.491687,0.814692,KOR,LSO,0
2904430,121,129,0,2010,2609.0,207651.0,1.7118849999999999,0.762362,KOR,LSO,0
2904431,121,129,0,2011,2020.0,143119.0,1.731371,0.8306879999999999,KOR,LSO,0
2904432,121,129,0,2012,102251.0,84088.0,1.632917,0.877742,KOR,LSO,0
2904433,121,129,0,2020,46840.0,81941.0,1.9703950000000001,0.800826,KOR,LSO,0
2904434,121,129,0,2015,4186.0,0.0,1.900653,0.859406,KOR,LSO,0
2904435,121,129,0,2017,338698.0,0.0,2.011263,0.783215,KOR,LSO,0
2904436,122,129,0,2011,0.0,64466.0,-0.898582,-1.09893,KWT,LSO,0
2904437,122,129,0,2013,0.0,2467.0,-0.536384,-1.08382,KWT,LSO,0
2904438,122,129,0,2007,294911.0,871272.0,-0.8265030000000001,-1.166243,KWT,LSO,0
2904439,122,129,0,2008,0.0,4343.0,-1.401297,-1.142945,KWT,LSO,0
2904440,122,129,0,2009,117242.0,0.0,-1.386993,-1.203527,KWT,LSO,0
2904441,123,129,0,2014,0.0,1619.0,-1.054294,-0.869916,LAO,LSO,0
2904442,124,129,0,2019,0.0,2219.0,0.26155700000000004,1.062317,LBN,LSO,0
2904443,124,129,0,2012,0.0,7689.0,0.38759,1.446025,LBN,LSO,0
2904444,124,129,0,2013,0.0,10935.0,0.283084,1.4289100000000001,LBN,LSO,0
2904445,128,129,0,2008,0.0,153764.0,-0.48245200000000005,0.295892,LKA,LSO,0
2904446,136,129,0,2005,0.0,3810384.0,-1.075232,-0.333908,MDG,LSO,0
2904447,136,129,0,2017,0.0,510816.0,-1.277182,-0.6503399999999999,MDG,LSO,0
2904448,136,129,0,2009,0.0,4491688.0,-1.0356610000000002,-0.198062,MDG,LSO,0
2904449,136,129,0,2006,0.0,3747094.0,-1.024657,-0.393395,MDG,LSO,0
2904450,136,129,0,2003,425003.0,0.0,-1.254758,-0.622696,MDG,LSO,0
2904451,136,129,0,2008,0.0,5696333.0,-0.9618190000000001,-0.348841,MDG,LSO,0
2904452,136,129,0,2007,0.0,7115930.0,-0.939838,-0.221205,MDG,LSO,0
2904453,136,129,0,2001,316041.0,0.0,-1.247531,-0.637093,MDG,LSO,0
2904454,136,129,0,2004,55168.0,1570348.0,-1.355542,-0.634409,MDG,LSO,0
2904455,136,129,0,2010,0.0,205950.0,-0.8737799999999999,-0.043717,MDG,LSO,0
2904456,136,129,0,2018,0.0,906142.0,-1.2144549999999998,-0.748326,MDG,LSO,0
2904457,136,129,0,2019,369773.0,322277.0,-1.267516,-0.733849,MDG,LSO,0
2904458,136,129,0,2020,0.0,97888.0,-1.206503,-0.709465,MDG,LSO,0
2904459,138,129,0,2002,0.0,152664.0,0.942061,0.6311260000000001,MEX,LSO,0
2904460,138,129,0,2005,0.0,409051.0,1.046235,0.856245,MEX,LSO,0
2904461,138,129,0,2006,0.0,301908.0,1.047268,0.7142270000000001,MEX,LSO,0
2904462,138,129,0,2007,0.0,331731.0,1.044746,0.605246,MEX,LSO,0
2904463,138,129,0,2008,0.0,360453.0,0.9833639999999999,0.7687069999999999,MEX,LSO,0
2904464,138,129,0,2009,0.0,189244.0,1.061625,0.719234,MEX,LSO,0
2904465,138,129,0,2010,0.0,1120084.0,1.132664,0.675756,MEX,LSO,0
2904466,138,129,0,2011,0.0,1048297.0,0.9534600000000001,0.706982,MEX,LSO,0
2904467,138,129,0,2012,0.0,1398183.0,1.039541,0.663349,MEX,LSO,0
2904468,138,129,0,2013,0.0,1699948.0,1.048507,0.718932,MEX,LSO,0
2904469,138,129,0,2014,0.0,35373.0,1.0799729999999998,0.697554,MEX,LSO,0
2904470,138,129,0,2015,0.0,396330.0,1.169724,0.61457,MEX,LSO,0
2904471,138,129,0,2016,0.0,344511.0,1.165638,0.6446649999999999,MEX,LSO,0
2904472,138,129,0,2017,251729.0,361639.0,1.08871,0.5745279999999999,MEX,LSO,0
2904473,138,129,0,2018,0.0,450267.0,1.00061,0.585759,MEX,LSO,0
2904474,138,129,0,2020,0.0,1812770.0,0.974514,0.563643,MEX,LSO,0
2904475,138,129,0,2019,0.0,1197386.0,1.083041,0.569353,MEX,LSO,0
2904476,147,129,0,2007,560482.0,0.0,-1.4703110000000001,-1.1915719999999999,MOZ,LSO,0
2904477,147,129,0,2010,140752.0,0.0,-1.479855,-1.070518,MOZ,LSO,0
2904478,147,129,0,2013,279669.0,41638.0,-1.326323,-1.050969,MOZ,LSO,0
2904479,147,129,0,2014,491855.0,0.0,-1.1993610000000001,-1.040181,MOZ,LSO,0
2904480,147,129,0,2016,0.0,25247.0,-1.333702,-1.116794,MOZ,LSO,0
2904481,147,129,0,2017,145919.0,99287.0,-1.3882290000000002,-1.114475,MOZ,LSO,0
2904482,147,129,0,2018,0.0,33690.0,-1.380023,-1.027817,MOZ,LSO,0
2904483,147,129,0,2019,193021.0,40056.0,-1.264532,-1.072626,MOZ,LSO,0
2904484,147,129,0,2020,27640.0,72341.0,-1.1186040000000002,-0.974224,MOZ,LSO,0
2904485,147,129,0,2004,123569.0,0.0,-1.1010790000000001,-1.0942,MOZ,LSO,0
2904486,147,129,0,2005,113059.0,0.0,-1.301283,-1.180598,MOZ,LSO,0
2904487,147,129,0,2006,196490.0,0.0,-1.0250629999999998,-1.067359,MOZ,LSO,0
2904488,148,129,0,2000,244226.0,0.0,-1.461442,-1.230634,MRT,LSO,0
2904489,151,129,0,2019,128095.0,422189.0,-0.15909600000000002,0.034770999999999996,MUS,LSO,0
2904490,151,129,0,2018,0.0,1262735.0,-0.128221,0.15049400000000002,MUS,LSO,0
2904491,151,129,0,2006,149731.0,1910196.0,-0.311109,-0.07267,MUS,LSO,0
2904492,151,129,0,2007,848945.0,827971.0,-0.342957,-0.129114,MUS,LSO,0
2904493,151,129,0,2009,140863.0,335179.0,-0.198194,0.067014,MUS,LSO,0
2904494,151,129,0,2010,314271.0,1634897.0,-0.173542,0.103727,MUS,LSO,0
2904495,151,129,0,2011,393210.0,2337462.0,-0.09464600000000001,0.091177,MUS,LSO,0
2904496,151,129,0,2012,262465.0,1895721.0,-0.028582999999999997,0.116882,MUS,LSO,0
2904497,151,129,0,2013,244201.0,1285823.0,-0.158852,0.0061600000000000005,MUS,LSO,0
2904498,151,129,0,2014,54268.0,1347166.0,-0.029891,-0.12431099999999999,MUS,LSO,0
2904499,151,129,0,2015,0.0,1180499.0,-0.231762,-0.195051,MUS,LSO,0
2904500,151,129,0,2016,0.0,898729.0,-0.24309899999999998,-0.084888,MUS,LSO,0
2904501,151,129,0,2017,0.0,1388731.0,-0.156616,0.073153,MUS,LSO,0
2904502,151,129,0,2008,186526.0,402882.0,-0.337563,-0.144226,MUS,LSO,0
2904503,151,129,0,2020,1211861.0,172522.0,-0.048897,0.11543099999999999,MUS,LSO,0
2904504,151,129,0,2004,19697.0,380525.0,-0.374754,-0.288504,MUS,LSO,0
2904505,151,129,0,2003,145589.0,0.0,-0.361514,-0.29839899999999997,MUS,LSO,0
2904506,151,129,0,2005,76181.0,707210.0,-0.24565,-0.091397,MUS,LSO,0
2904507,152,129,0,2018,699800.0,0.0,-0.7015979999999999,-0.9293680000000001,MWI,LSO,0
2904508,152,129,0,2017,129008.0,0.0,-0.761995,-0.8897729999999999,MWI,LSO,0
2904509,152,129,0,2004,3093999.0,0.0,-1.592983,-1.252423,MWI,LSO,0
2904510,152,129,0,2007,1440724.0,0.0,-1.348692,-1.134002,MWI,LSO,0
2904511,152,129,0,2011,1882928.0,0.0,-1.100291,-0.982559,MWI,LSO,0
2904512,152,129,0,2005,482376.0,0.0,-1.4769379999999999,-1.220782,MWI,LSO,0
2904513,152,129,0,2006,888700.0,0.0,-1.145132,-1.0946209999999998,MWI,LSO,0
2904514,152,129,0,2003,0.0,59608.0,-1.48079,-1.235645,MWI,LSO,0
2904515,152,129,0,2008,1837850.0,0.0,-1.387548,-1.184696,MWI,LSO,0
2904516,152,129,0,2010,213207.0,0.0,-0.821839,-0.9153870000000001,MWI,LSO,0
2904517,152,129,0,2014,313654.0,4896.0,-0.494204,-0.751903,MWI,LSO,0
2904518,152,129,0,2015,0.0,1709.0,-0.549862,-0.8753190000000001,MWI,LSO,0
2904519,152,129,0,2016,0.0,2998.0,-1.113794,-1.172385,MWI,LSO,0
2904520,153,129,0,2000,5330120.0,0.0,0.519684,0.170286,MYS,LSO,0
2904521,153,129,0,2002,2513510.0,0.0,0.704957,0.243398,MYS,LSO,0
2904522,153,129,0,2004,832357.0,0.0,0.6710050000000001,0.17807,MYS,LSO,0
2904523,153,129,0,2005,501244.0,0.0,0.5847439999999999,0.13176300000000002,MYS,LSO,0
2904524,153,129,0,2006,202169.0,0.0,0.7896569999999999,0.363625,MYS,LSO,0
2904525,153,129,0,2007,239430.0,0.0,0.740788,0.302155,MYS,LSO,0
2904526,153,129,0,2008,48612.0,0.0,0.793395,0.6141939999999999,MYS,LSO,0
2904527,153,129,0,2009,604856.0,0.0,0.8718229999999999,0.607429,MYS,LSO,0
2904528,153,129,0,2010,883786.0,0.0,0.9530780000000001,0.607456,MYS,LSO,0
2904529,153,129,0,2013,6918.0,0.0,0.937641,0.747496,MYS,LSO,0
2904530,153,129,0,2014,0.0,252882.0,1.018138,0.774649,MYS,LSO,0
2904531,153,129,0,2018,0.0,110759.0,1.122976,0.734109,MYS,LSO,0
2904532,153,129,0,2003,1557898.0,117342.0,0.728804,0.2168,MYS,LSO,0
2904533,153,129,0,2017,2458.0,0.0,1.0110139999999999,0.6840729999999999,MYS,LSO,0
2904534,153,129,0,2001,4747216.0,0.0,0.768174,0.307033,MYS,LSO,0
2904535,155,129,0,2005,5025.0,0.0,-0.381972,-0.405269,NAM,LSO,0
2904536,155,129,0,2012,17785.0,0.0,-0.232079,-0.32721300000000003,NAM,LSO,0
2904537,155,129,0,2013,12922.0,0.0,-0.308643,-0.480617,NAM,LSO,0
2904538,155,129,0,2016,3258.0,0.0,-0.6256689999999999,-0.8612219999999999,NAM,LSO,0
2904539,155,129,0,2017,0.0,166971.0,-0.5221060000000001,-0.7365079999999999,NAM,LSO,0
2904540,155,129,0,2018,0.0,553083.0,-0.668091,-0.779938,NAM,LSO,0
2904541,155,129,0,2019,252881.0,258409.0,-0.545575,-0.744274,NAM,LSO,0
2904542,155,129,0,2020,4389.0,270318.0,-0.664967,-0.74835,NAM,LSO,0
2904543,159,129,0,2006,0.0,14918.0,-2.094353,-1.215025,NGA,LSO,0
2904544,162,129,0,2002,740.0,44870.0,1.206176,1.7136360000000002,NLD,LSO,0
2904545,162,129,0,2003,6545.0,132317.0,1.168453,1.7085709999999998,NLD,LSO,0
2904546,162,129,0,2004,2197.0,75867.0,1.251808,1.586526,NLD,LSO,0
2904547,162,129,0,2007,0.0,370221.0,1.089169,1.589641,NLD,LSO,0
2904548,162,129,0,2008,0.0,235529.0,1.139475,1.385316,NLD,LSO,0
2904549,162,129,0,2010,28756.0,111828.0,1.237998,1.1891209999999999,NLD,LSO,0
2904550,162,129,0,2011,439251.0,472516.0,1.1655229999999999,1.410167,NLD,LSO,0
2904551,162,129,0,2012,16623.0,229348.0,1.124582,1.374002,NLD,LSO,0
2904552,162,129,0,2013,8405.0,75119.0,1.184107,1.249557,NLD,LSO,0
2904553,162,129,0,2014,53367.0,0.0,1.179325,1.355071,NLD,LSO,0
2904554,162,129,0,2015,44022.0,0.0,1.230104,1.27344,NLD,LSO,0
2904555,162,129,0,2016,56817.0,526280.0,1.157361,1.5188540000000001,NLD,LSO,0
2904556,162,129,0,2017,56343.0,2559952.0,1.146959,1.470869,NLD,LSO,0
2904557,162,129,0,2018,225766.0,3154398.0,1.1478899999999999,1.454758,NLD,LSO,0
2904558,162,129,0,2019,308445.0,2475976.0,1.145044,1.3523530000000001,NLD,LSO,0
2904559,162,129,0,2020,164358.0,5350797.0,1.035951,1.559401,NLD,LSO,0
2904560,163,129,0,2014,101399.0,0.0,0.9187049999999999,0.182685,NOR,LSO,0
2904561,166,129,0,2016,0.0,32372.0,0.236556,0.252918,NZL,LSO,0
2904562,166,129,0,2017,0.0,29504.0,0.25651199999999996,0.132996,NZL,LSO,0
2904563,166,129,0,2018,0.0,30329.0,0.21902600000000003,0.148714,NZL,LSO,0
2904564,166,129,0,2019,0.0,68259.0,0.119281,0.039036,NZL,LSO,0
2904565,166,129,0,2020,0.0,91180.0,0.145567,0.070121,NZL,LSO,0
2904566,168,129,0,2006,1554320.0,0.0,-0.449333,0.563013,PAK,LSO,0
2904567,168,129,0,2009,1974577.0,0.0,-0.514907,0.44733100000000003,PAK,LSO,0
2904568,168,129,0,2011,4270508.0,0.0,-0.729677,0.6026729999999999,PAK,LSO,0
2904569,168,129,0,2015,3864437.0,0.0,-0.7059979999999999,0.73501,PAK,LSO,0
2904570,168,129,0,2019,393343.0,0.0,-0.6909270000000001,0.8651120000000001,PAK,LSO,0
2904571,168,129,0,2017,4605492.0,0.0,-0.698561,0.43523500000000004,PAK,LSO,0
2904572,168,129,0,2020,340096.0,0.0,-0.52984,0.63654,PAK,LSO,0
2904573,168,129,0,2003,220400.0,0.0,-0.6659689999999999,0.137924,PAK,LSO,0
2904574,168,129,0,2004,514067.0,0.0,-0.754143,0.25995100000000004,PAK,LSO,0
2904575,168,129,0,2005,710305.0,123932.0,-0.592542,0.365501,PAK,LSO,0
2904576,168,129,0,2007,2969095.0,0.0,-0.5594359999999999,0.47369300000000003,PAK,LSO,0
2904577,168,129,0,2008,3121532.0,0.0,-0.401588,0.500668,PAK,LSO,0
2904578,168,129,0,2010,5695631.0,0.0,-0.692071,0.5409010000000001,PAK,LSO,0
2904579,168,129,0,2012,7240968.0,0.0,-0.633706,0.658617,PAK,LSO,0
2904580,168,129,0,2013,9998679.0,0.0,-0.75727,0.769703,PAK,LSO,0
2904581,168,129,0,2014,5829217.0,0.0,-0.672924,0.566787,PAK,LSO,0
2904582,168,129,0,2016,5501570.0,0.0,-0.7502800000000001,0.545331,PAK,LSO,0
2904583,168,129,0,2018,849307.0,0.0,-0.64348,0.665045,PAK,LSO,0
2904584,168,129,0,2002,925671.0,0.0,-0.877655,-0.322094,PAK,LSO,0
2904585,174,129,0,2001,87350.0,2144.0,-0.028201,-0.112349,PHL,LSO,0
2904586,174,129,0,2003,1771523.0,0.0,-0.065022,-0.195144,PHL,LSO,0
2904587,174,129,0,2004,2961517.0,0.0,-0.076709,-0.149006,PHL,LSO,0
2904588,174,129,0,2005,2184013.0,0.0,-0.038225999999999996,-0.057957,PHL,LSO,0
2904589,174,129,0,2006,111726.0,0.0,0.161994,0.036631,PHL,LSO,0
2904590,174,129,0,2007,6205.0,0.0,0.032117,-0.16600499999999999,PHL,LSO,0
2904591,174,129,0,2008,19872.0,0.0,0.276488,-0.02957,PHL,LSO,0
2904592,174,129,0,2013,3310.0,0.0,0.507868,0.355403,PHL,LSO,0
2904593,174,129,0,2019,0.0,156452.0,0.762884,0.3318,PHL,LSO,0
2904594,177,129,0,2011,0.0,909.0,1.133641,1.134203,POL,LSO,0
2904595,177,129,0,2012,0.0,17149.0,1.0626870000000002,1.267268,POL,LSO,0
2904596,177,129,0,2015,0.0,1724.0,1.145844,1.1449280000000002,POL,LSO,0
2904597,177,129,0,2018,0.0,101373.0,1.132475,1.258945,POL,LSO,0
2904598,177,129,0,2019,0.0,284238.0,1.088347,1.275875,POL,LSO,0
2904599,177,129,0,2020,0.0,125368.0,1.0227979999999999,1.4079139999999999,POL,LSO,0
2904600,178,129,0,2010,4411.0,0.0,0.348511,0.466229,PRK,LSO,0
2904601,179,129,0,2011,0.0,149481.0,0.558481,2.7056240000000003,PRT,LSO,0
2904602,183,129,0,2013,0.0,39334.0,-0.083649,-1.013491,QAT,LSO,0
2904603,183,129,0,2014,0.0,59146.0,-0.37535599999999997,-1.0196370000000001,QAT,LSO,0
2904604,183,129,0,2015,0.0,81984.0,-0.077053,-0.9922719999999999,QAT,LSO,0
2904605,186,129,0,2010,0.0,71331.0,0.583996,-0.223881,RUS,LSO,0
2904606,186,129,0,2011,0.0,78081.0,0.47319399999999995,-0.20801599999999998,RUS,LSO,0
2904607,186,129,0,2012,63189.0,0.0,0.20625500000000002,-0.196697,RUS,LSO,0
2904608,186,129,0,2013,0.0,191992.0,0.481166,-0.180052,RUS,LSO,0
2904609,186,129,0,2019,0.0,1202.0,0.329884,0.26215,RUS,LSO,0
2904610,188,129,0,2005,105368.0,61571.0,0.678873,-0.759985,SAU,LSO,0
2904611,188,129,0,2006,281784.0,30025.0,0.162432,-0.853059,SAU,LSO,0
2904612,188,129,0,2011,1375.0,69711.0,0.354045,-0.800028,SAU,LSO,0
2904613,188,129,0,2013,212918.0,142668.0,0.626347,-0.844406,SAU,LSO,0
2904614,188,129,0,2014,0.0,59434.0,0.5758439999999999,-0.832692,SAU,LSO,0
2904615,188,129,0,2015,0.0,128137.0,0.5552520000000001,-0.7263229999999999,SAU,LSO,0
2904616,188,129,0,2016,0.0,220252.0,0.394807,-0.638644,SAU,LSO,0
2904617,188,129,0,2020,0.0,83333.0,0.662925,-0.21661999999999998,SAU,LSO,0
2904618,188,129,0,2010,0.0,34491.0,0.46696400000000005,-0.7487520000000001,SAU,LSO,0
2904619,188,129,0,2012,0.0,37022.0,0.42235200000000006,-0.818584,SAU,LSO,0
2904620,188,129,0,2017,0.0,132818.0,0.597716,-0.345049,SAU,LSO,0
2904621,188,129,0,2018,0.0,89767.0,0.5801810000000001,-0.447514,SAU,LSO,0
2904622,188,129,0,2019,20550.0,120732.0,0.787798,-0.41350600000000004,SAU,LSO,0
2904623,188,129,0,2003,0.0,64520.0,0.202286,-0.714691,SAU,LSO,0
2904624,188,129,0,2004,390933.0,25843.0,0.546196,-0.7014729999999999,SAU,LSO,0
2904625,190,129,0,2007,0.0,23324.0,-1.978359,-1.316172,SDN,LSO,0
2904626,190,129,0,2009,0.0,70195.0,-2.2948020000000002,-1.3182040000000002,SDN,LSO,0
2904627,191,129,0,2017,1082698.0,0.0,-0.6722899999999999,-0.26522199999999996,SEN,LSO,0
2904628,192,129,0,2001,2582227.0,0.0,1.364239,0.721074,SGP,LSO,0
2904629,192,129,0,2002,2972227.0,0.0,1.481857,0.648889,SGP,LSO,0
2904630,192,129,0,2011,2416.0,0.0,1.849116,0.52127,SGP,LSO,0
2904631,192,129,0,2013,427597.0,0.0,1.915504,0.619576,SGP,LSO,0
2904632,192,129,0,2015,221795.0,0.0,2.05613,0.593065,SGP,LSO,0
2904633,192,129,0,2016,1370.0,0.0,2.089995,0.564921,SGP,LSO,0
2904634,192,129,0,2014,295819.0,0.0,1.867492,0.626736,SGP,LSO,0
2904635,192,129,0,2018,34029.0,35347.0,1.914132,0.652011,SGP,LSO,0
2904636,192,129,0,2017,4521.0,0.0,1.884166,0.37903600000000004,SGP,LSO,0
2904637,192,129,0,2000,971724.0,0.0,1.3392389999999998,0.6035010000000001,SGP,LSO,0
2904638,192,129,0,2012,82031.0,0.0,1.685959,0.5900989999999999,SGP,LSO,0
2904639,192,129,0,2020,0.0,25544.0,1.948379,0.610574,SGP,LSO,0
2904640,192,129,0,2003,1335616.0,0.0,1.5080799999999999,0.720337,SGP,LSO,0
2904641,192,129,0,2004,3686177.0,0.0,1.6409779999999998,0.634947,SGP,LSO,0
2904642,192,129,0,2010,139917.0,0.0,1.8441349999999999,0.570311,SGP,LSO,0
2904643,192,129,0,2019,0.0,15615.0,2.0264599999999997,0.665506,SGP,LSO,0
2904644,196,129,0,2013,0.0,172023.0,-0.132082,-0.552921,SLE,LSO,0
2904645,206,129,0,2010,0.0,2039.0,1.278601,0.726907,SVK,LSO,0
2904646,206,129,0,2011,0.0,3708.0,1.262897,0.8230569999999999,SVK,LSO,0
2904647,208,129,0,2004,0.0,149928.0,2.0522080000000003,0.8326969999999999,SWE,LSO,0
2904648,209,129,0,2019,43607.0,7149505.0,0.087181,-0.760434,SWZ,LSO,0
2904649,209,129,0,2008,1610061.0,71544.0,0.761506,0.29043,SWZ,LSO,0
2904650,209,129,0,2009,0.0,341444.0,0.6420859999999999,0.060127999999999994,SWZ,LSO,0
2904651,209,129,0,2018,5233.0,6691108.0,-0.008154999999999999,-0.6079319999999999,SWZ,LSO,0
2904652,209,129,0,2001,0.0,3016.0,0.372699,-0.287132,SWZ,LSO,0
2904653,209,129,0,2007,273724.0,0.0,0.9562299999999999,0.053538,SWZ,LSO,0
2904654,209,129,0,2010,508787.0,370644.0,0.186142,-0.34577800000000003,SWZ,LSO,0
2904655,209,129,0,2011,516379.0,2607985.0,0.169986,-0.078842,SWZ,LSO,0
2904656,209,129,0,2012,217257.0,2738052.0,0.199997,-0.383511,SWZ,LSO,0
2904657,209,129,0,2013,88358.0,6601557.0,0.109267,-0.275005,SWZ,LSO,0
2904658,209,129,0,2014,134265.0,6130420.0,0.22972199999999998,-0.365564,SWZ,LSO,0
2904659,209,129,0,2017,2337.0,10382068.0,0.126066,-0.551203,SWZ,LSO,0
2904660,209,129,0,2016,246449.0,6506277.0,0.2785,-0.43804799999999994,SWZ,LSO,0
2904661,209,129,0,2020,0.0,6563479.0,0.289013,-0.556212,SWZ,LSO,0
2904662,209,129,0,2015,608354.0,5664035.0,0.257467,-0.402491,SWZ,LSO,0
2904663,209,129,0,2005,71934.0,0.0,0.632886,-0.045288,SWZ,LSO,0
2904664,209,129,0,2006,25256784.0,0.0,0.750674,0.221306,SWZ,LSO,0
2904665,216,129,0,2002,0.0,7593.0,0.432041,1.627953,THA,LSO,0
2904666,216,129,0,2003,61969.0,0.0,0.43010699999999996,1.607408,THA,LSO,0
2904667,216,129,0,2008,49467.0,0.0,0.7531399999999999,1.4420620000000002,THA,LSO,0
2904668,216,129,0,2009,83854.0,0.0,0.79692,1.315501,THA,LSO,0
2904669,216,129,0,2010,100790.0,0.0,0.748328,1.425224,THA,LSO,0
2904670,216,129,0,2011,134840.0,0.0,0.889009,1.503118,THA,LSO,0
2904671,216,129,0,2013,726383.0,0.0,0.8752139999999999,1.3798620000000001,THA,LSO,0
2904672,216,129,0,2014,1047170.0,0.0,0.977094,1.41283,THA,LSO,0
2904673,216,129,0,2015,230376.0,0.0,0.965888,1.368572,THA,LSO,0
2904674,216,129,0,2016,137534.0,0.0,1.022065,1.428082,THA,LSO,0
2904675,216,129,0,2017,249639.0,0.0,0.983977,1.3926020000000001,THA,LSO,0
2904676,216,129,0,2018,393179.0,0.0,1.053177,1.4084969999999999,THA,LSO,0
2904677,216,129,0,2019,604762.0,0.0,0.9744229999999999,1.401199,THA,LSO,0
2904678,216,129,0,2020,514924.0,0.0,1.035524,1.2777180000000001,THA,LSO,0
2904679,223,129,0,2012,114852.0,0.0,0.24695799999999998,0.9356620000000001,TUN,LSO,0
2904680,223,129,0,2013,105180.0,0.0,0.185528,1.0070700000000001,TUN,LSO,0
2904681,224,129,0,2002,173121.0,0.0,0.11263699999999999,1.83925,TUR,LSO,0
2904682,224,129,0,2007,7754.0,0.0,0.41396700000000003,2.0339869999999998,TUR,LSO,0
2904683,224,129,0,2008,10002.0,162407.0,0.44478,2.186881,TUR,LSO,0
2904684,224,129,0,2009,4478.0,73392.0,0.384596,2.3797610000000002,TUR,LSO,0
2904685,224,129,0,2010,0.0,109008.0,0.359977,2.471173,TUR,LSO,0
2904686,224,129,0,2012,17876.0,0.0,0.507184,2.259161,TUR,LSO,0
2904687,224,129,0,2013,27663.0,0.0,0.42932299999999995,2.690235,TUR,LSO,0
2904688,224,129,0,2014,1410.0,0.0,0.554761,2.385693,TUR,LSO,0
2904689,224,129,0,2017,90519.0,0.0,0.541611,2.405872,TUR,LSO,0
2904690,224,129,0,2018,13947.0,0.0,0.518721,2.5581419999999997,TUR,LSO,0
2904691,224,129,0,2019,115124.0,0.0,0.569408,2.364546,TUR,LSO,0
2904692,224,129,0,2020,126045.0,0.0,0.590472,2.619866,TUR,LSO,0
2904693,224,129,0,2006,4659.0,0.0,0.33971599999999996,2.193384,TUR,LSO,0
2904694,226,129,0,2015,0.0,400014.0,-1.02395,-0.017509999999999998,TZA,LSO,0
2904695,226,129,0,2019,0.0,1076006.0,-0.907172,0.37293899999999996,TZA,LSO,0
2904696,226,129,0,2010,0.0,56460.0,-0.7327,0.427616,TZA,LSO,0
2904697,226,129,0,2011,0.0,362489.0,-0.751316,0.286505,TZA,LSO,0
2904698,226,129,0,2012,0.0,214770.0,-0.594481,0.770239,TZA,LSO,0
2904699,226,129,0,2013,0.0,377335.0,-0.9306770000000001,0.273489,TZA,LSO,0
2904700,226,129,0,2014,0.0,399021.0,-1.054331,0.166345,TZA,LSO,0
2904701,226,129,0,2016,0.0,445454.0,-1.1008799999999999,-0.048319,TZA,LSO,0
2904702,226,129,0,2017,0.0,191642.0,-1.0691709999999999,0.11636800000000001,TZA,LSO,0
2904703,226,129,0,2018,0.0,529942.0,-0.09850700000000001,1.145606,TZA,LSO,0
2904704,226,129,0,2020,0.0,581395.0,-1.024,-0.023909,TZA,LSO,0
2904705,227,129,0,2019,0.0,856.0,-0.639476,0.148255,UGA,LSO,0
2904706,229,129,0,2016,0.0,115200.0,1.8058740000000002,0.587761,UMI,LSO,0
2904707,231,129,0,2000,0.0,146720732.0,1.8549650000000002,0.226992,USA,LSO,0
2904708,231,129,0,2001,485186.0,178722266.0,1.873674,0.168468,USA,LSO,0
2904709,231,129,0,2002,732510.0,273789020.0,1.821594,0.231296,USA,LSO,0
2904710,231,129,0,2003,769187.0,335598645.0,1.7789220000000001,0.064028,USA,LSO,0
2904711,231,129,0,2004,81682.0,482685107.0,1.7598630000000002,0.066704,USA,LSO,0
2904712,231,129,0,2005,0.0,424342946.0,1.718086,-0.34564,USA,LSO,0
2904713,231,129,0,2006,164095.0,444915860.0,1.666643,-0.121679,USA,LSO,0
2904714,231,129,0,2007,0.0,321879775.0,1.612165,0.0922,USA,LSO,0
2904715,231,129,0,2008,828500.0,286476771.0,1.584278,-0.209788,USA,LSO,0
2904716,231,129,0,2009,15317.0,233345940.0,1.657663,-0.41411400000000004,USA,LSO,0
2904717,231,129,0,2010,4628282.0,234514466.0,1.67573,-0.598165,USA,LSO,0
2904718,231,129,0,2011,6790242.0,262360867.0,1.6884849999999998,-0.474499,USA,LSO,0
2904719,231,129,0,2012,13664874.0,250168995.0,1.628377,-0.601941,USA,LSO,0
2904720,231,129,0,2013,62171.0,265285648.0,1.6639689999999998,-0.48651300000000003,USA,LSO,0
2904721,231,129,0,2014,2048926.0,239834045.0,1.61227,0.068905,USA,LSO,0
2904722,231,129,0,2015,501210.0,248604875.0,1.720478,-0.129322,USA,LSO,0
2904723,231,129,0,2016,475803.0,243978027.0,1.685329,0.297536,USA,LSO,0
2904724,231,129,0,2017,324986.0,298279475.0,1.601478,0.277271,USA,LSO,0
2904725,231,129,0,2018,67336.0,263498483.0,1.585861,0.44815900000000003,USA,LSO,0
2904726,231,129,0,2019,150608.0,248484258.0,1.606808,0.3232,USA,LSO,0
2904727,231,129,0,2020,146920.0,211322948.0,1.588148,0.380904,USA,LSO,0
2904728,239,129,0,2000,141816.0,0.0,-0.849311,0.391474,VNM,LSO,0
2904729,239,129,0,2002,141257.0,0.0,-0.589665,0.799874,VNM,LSO,0
2904730,239,129,0,2010,1182197.0,0.0,-0.24660500000000002,1.427235,VNM,LSO,0
2904731,239,129,0,2011,0.0,3095026.0,-0.184453,1.637207,VNM,LSO,0
2904732,239,129,0,2013,16662964.0,934449.0,-0.11426900000000001,1.399738,VNM,LSO,0
2904733,239,129,0,2015,15507840.0,0.0,-0.17108900000000002,1.10995,VNM,LSO,0
2904734,239,129,0,2016,10621392.0,349498.0,-0.10217899999999999,1.015568,VNM,LSO,0
2904735,239,129,0,2018,5100887.0,0.0,0.003069,0.9169729999999999,VNM,LSO,0
2904736,239,129,0,2019,4077653.0,0.0,-0.048147,1.098784,VNM,LSO,0
2904737,239,129,0,2012,14875003.0,95750.0,0.012365000000000001,1.290936,VNM,LSO,0
2904738,239,129,0,2014,11168968.0,1200013.0,-0.023765,1.344416,VNM,LSO,0
2904739,239,129,0,2017,7473597.0,106520.0,-0.009819,0.686429,VNM,LSO,0
2904740,239,129,0,2020,6878594.0,0.0,0.034229,0.89099,VNM,LSO,0
2904741,246,129,0,2002,68388515.0,4164680.0,0.395943,2.392458,ZAF,LSO,0
2904742,246,129,0,2003,130977543.0,1941891.0,0.477987,2.255395,ZAF,LSO,0
2904743,246,129,0,2004,93512934.0,6467345.0,0.460279,1.9736220000000002,ZAF,LSO,0
2904744,246,129,0,2020,109721485.0,174562783.0,0.042099,0.923931,ZAF,LSO,0
2904745,246,129,0,2008,117819040.0,2802719.0,0.22551500000000002,1.185506,ZAF,LSO,0
2904746,246,129,0,2009,156079140.0,2924830.0,0.316452,1.767795,ZAF,LSO,0
2904747,246,129,0,2010,165614391.0,84650203.0,0.327326,1.513598,ZAF,LSO,0
2904748,246,129,0,2011,174967819.0,111508628.0,0.241792,1.353011,ZAF,LSO,0
2904749,246,129,0,2012,162729430.0,93321091.0,0.284069,1.730991,ZAF,LSO,0
2904750,246,129,0,2017,147372330.0,216500707.0,0.2066,1.378591,ZAF,LSO,0
2904751,246,129,0,2018,148473873.0,196798777.0,0.158722,1.394829,ZAF,LSO,0
2904752,246,129,0,2019,149216550.0,194002076.0,0.129921,1.101027,ZAF,LSO,0
2904753,246,129,0,2014,144137047.0,136368104.0,0.282927,1.723214,ZAF,LSO,0
2904754,246,129,0,2015,145515770.0,147368446.0,0.24944699999999997,1.7573159999999999,ZAF,LSO,0
2904755,246,129,0,2013,155904848.0,95459651.0,0.380284,1.5682120000000002,ZAF,LSO,0
2904756,246,129,0,2016,135332412.0,192686796.0,0.187396,1.46169,ZAF,LSO,0
2904757,246,129,0,2001,75542546.0,74119624.0,0.356842,2.006155,ZAF,LSO,0
2904758,246,129,0,2000,42181323.0,2275103.0,0.5307529999999999,2.1141810000000003,ZAF,LSO,0
2904759,247,129,0,2005,537349.0,0.0,-0.854234,-0.9467399999999999,ZMB,LSO,0
2904760,247,129,0,2006,4750118.0,0.0,-0.5307,-0.793621,ZMB,LSO,0
2904761,247,129,0,2007,805501.0,0.0,-0.522838,-0.796874,ZMB,LSO,0
2904762,247,129,0,2008,646023.0,0.0,-0.798489,-0.9437639999999999,ZMB,LSO,0
2904763,247,129,0,2009,368860.0,0.0,-0.6423909999999999,-0.815315,ZMB,LSO,0
2904764,247,129,0,2010,500199.0,0.0,-0.650686,-0.830332,ZMB,LSO,0
2904765,247,129,0,2011,3176436.0,0.0,-0.7599,-0.941019,ZMB,LSO,0
2904766,247,129,0,2012,1667636.0,0.0,-0.40962200000000004,-0.770245,ZMB,LSO,0
2904767,247,129,0,2013,6752304.0,0.0,-0.382129,-0.5442229999999999,ZMB,LSO,0
2904768,247,129,0,2014,3272526.0,0.0,-0.664089,-0.793452,ZMB,LSO,0
2904769,247,129,0,2015,9272734.0,0.0,-0.44792,-0.769586,ZMB,LSO,0
2904770,247,129,0,2016,8281563.0,0.0,-0.632437,-0.968817,ZMB,LSO,0
2904771,247,129,0,2017,7212952.0,75483.0,-0.8594290000000001,-1.0574459999999999,ZMB,LSO,0
2904772,247,129,0,2018,6682801.0,122609.0,-0.736064,-0.93958,ZMB,LSO,0
2904773,247,129,0,2019,3356262.0,0.0,-0.629261,-0.8471489999999999,ZMB,LSO,0
2904774,247,129,0,2020,6352014.0,116298.0,-0.9162379999999999,-0.9523940000000001,ZMB,LSO,0
2904775,247,129,0,2004,1498966.0,0.0,-0.9972190000000001,-0.853986,ZMB,LSO,0
2904776,247,129,0,2001,0.0,3904.0,-0.731193,-0.706978,ZMB,LSO,0
2904777,248,129,0,2007,3835950.0,0.0,-0.5271399999999999,-0.47033800000000003,ZWE,LSO,0
2904778,248,129,0,2009,6651300.0,450162.0,-0.686822,-0.683511,ZWE,LSO,0
2904779,248,129,0,2010,5404652.0,1098566.0,-0.869909,-0.8233309999999999,ZWE,LSO,0
2904780,248,129,0,2011,3361385.0,707825.0,-0.858662,-0.8632719999999999,ZWE,LSO,0
2904781,248,129,0,2012,751711.0,389786.0,-0.8025100000000001,-0.869078,ZWE,LSO,0
2904782,248,129,0,2013,4063694.0,633115.0,-0.828702,-0.899175,ZWE,LSO,0
2904783,248,129,0,2000,30552.0,0.0,-0.454005,0.082856,ZWE,LSO,0
2904784,248,129,0,2002,33598.0,0.0,-0.309483,0.271457,ZWE,LSO,0
2904785,248,129,0,2004,1939659.0,500080.0,-0.560593,-0.091112,ZWE,LSO,0
2904786,248,129,0,2005,3689.0,0.0,-0.559266,-0.395637,ZWE,LSO,0
2904787,248,129,0,2006,5506.0,0.0,-0.41825500000000004,-0.55313,ZWE,LSO,0
2904788,248,129,0,2008,803199.0,0.0,-0.377992,-0.577244,ZWE,LSO,0
2904789,248,129,0,2014,1129350.0,1211138.0,-0.821369,-0.864232,ZWE,LSO,0
2904790,248,129,0,2015,3673031.0,215240.0,-0.838017,-0.9400270000000001,ZWE,LSO,0
2904791,248,129,0,2016,3291397.0,932337.0,-1.083532,-1.0016610000000001,ZWE,LSO,0
2904792,248,129,0,2018,3435561.0,0.0,-1.181524,-1.0648520000000001,ZWE,LSO,0
2904793,248,129,0,2019,4271298.0,161643.0,-0.9993780000000001,-1.018174,ZWE,LSO,0
2904794,248,129,0,2001,26006.0,0.0,-0.6321829999999999,-0.453671,ZWE,LSO,0
2904795,248,129,0,2017,5374636.0,1124250.0,-1.101402,-1.0831680000000001,ZWE,LSO,0
2904796,248,129,0,2020,2004696.0,332095.0,-1.039532,-1.12853,ZWE,LSO,0
2904797,249,129,0,2000,22527053.0,0.0,1.44705,1.475122,TWN,LSO,0
2904798,249,129,0,2001,44651177.0,0.0,1.5731700000000002,1.353159,TWN,LSO,0
2904799,249,129,0,2002,56990670.0,547654.0,1.683858,1.333601,TWN,LSO,0
2904800,249,129,0,2003,56002433.0,230061.0,1.5924040000000002,1.397843,TWN,LSO,0
2904801,249,129,0,2004,59981401.0,0.0,1.626307,1.358315,TWN,LSO,0
2904802,249,129,0,2005,43243743.0,180179.0,1.577067,1.3218450000000002,TWN,LSO,0
2904803,249,129,0,2006,52142155.0,0.0,1.619915,1.2289940000000001,TWN,LSO,0
2904804,249,129,0,2007,41977132.0,186206.0,1.651607,0.974649,TWN,LSO,0
2904805,249,129,0,2008,47965363.0,109768.0,1.611693,0.93875,TWN,LSO,0
2904806,249,129,0,2009,38055030.0,305348.0,1.5763120000000002,0.9567950000000001,TWN,LSO,0
2904807,249,129,0,2010,40430521.0,632111.0,1.766729,0.909335,TWN,LSO,0
2904808,249,129,0,2011,46319782.0,290082.0,1.803234,0.921233,TWN,LSO,0
2904809,249,129,0,2012,57928479.0,152928.0,1.6528,0.9437409999999999,TWN,LSO,0
2904810,249,129,0,2013,58072201.0,1205.0,1.843186,0.9432379999999999,TWN,LSO,0
2904811,249,129,0,2014,50063770.0,41368.0,1.9044189999999999,1.0595139999999998,TWN,LSO,0
2904812,249,129,0,2015,51750409.0,201142.0,1.962832,1.214982,TWN,LSO,0
2904813,249,129,0,2016,45325613.0,226605.0,2.002996,1.39485,TWN,LSO,0
2904814,249,129,0,2017,49202701.0,252345.0,2.0548290000000002,1.2552969999999999,TWN,LSO,0
2904815,249,129,0,2018,58849438.0,107480.0,2.0462540000000002,1.166636,TWN,LSO,0
2904816,249,129,0,2019,58271324.0,312740.0,2.123296,1.1786969999999999,TWN,LSO,0
2904817,249,129,0,2020,44447262.0,193770.0,2.0517060000000003,1.205431,TWN,LSO,0
2904818,250,129,0,2009,0.0,1208787.0,0.582246,-0.10603,ANS,LSO,0
2904819,250,129,0,2011,0.0,1162100.0,0.475638,-0.160135,ANS,LSO,0
2904820,250,129,0,2015,0.0,47584866.0,0.377283,-0.092204,ANS,LSO,0
2904821,250,129,0,2016,1690.0,0.0,0.773312,-0.015385,ANS,LSO,0
2904822,250,129,0,2019,22753.0,0.0,0.8996129999999999,-0.152746,ANS,LSO,0
2904823,250,129,0,2020,54694.0,0.0,0.866041,-0.371104,ANS,LSO,0
2904824,7,182,0,2012,4215.0,0.0,0.45351499999999995,-0.285021,ARE,PYF,0
2904825,7,182,0,2016,43720.0,0.0,0.11037999999999999,0.045327,ARE,PYF,0
2904826,7,182,0,2018,19744.0,0.0,0.11804400000000001,-0.326851,ARE,PYF,0
2904827,7,182,0,2019,7368.0,5214.0,-0.165113,-0.8973540000000001,ARE,PYF,0
2904828,7,182,0,2020,12826.0,2559.0,-0.118349,-0.789485,ARE,PYF,0
2904829,7,182,0,2007,0.0,7155.0,-0.107504,-0.44744300000000004,ARE,PYF,0
2904830,7,182,0,2013,3749.0,0.0,-0.074047,-0.585168,ARE,PYF,0
2904831,7,182,0,2008,11239.0,0.0,-0.276433,-0.692392,ARE,PYF,0
2904832,7,182,0,2011,15186.0,0.0,0.030652,-0.450808,ARE,PYF,0
2904833,7,182,0,2004,16826.0,0.0,0.1799,-0.34541900000000003,ARE,PYF,0
2904834,7,182,0,2006,1986.0,0.0,0.053903999999999994,-0.735124,ARE,PYF,0
2904835,8,182,0,2004,1612.0,0.0,0.28128600000000004,0.64115,ARG,PYF,0
2904836,8,182,0,2005,1366.0,0.0,0.383772,0.656866,ARG,PYF,0
2904837,8,182,0,2006,13675.0,0.0,0.33055,0.665867,ARG,PYF,0
2904838,8,182,0,2007,2976.0,0.0,0.178214,0.5093850000000001,ARG,PYF,0
2904839,8,182,0,2008,57919.0,0.0,0.278837,0.496784,ARG,PYF,0
2904840,8,182,0,2010,1347.0,0.0,0.27458899999999997,0.597907,ARG,PYF,0
2904841,8,182,0,2013,3136.0,0.0,0.20314300000000002,0.494062,ARG,PYF,0
2904842,8,182,0,2018,5264.0,0.0,-0.14316800000000002,0.14356,ARG,PYF,0
2904843,8,182,0,2001,1077.0,0.0,0.287698,0.547137,ARG,PYF,0
2904844,8,182,0,2000,1036.0,0.0,0.43928999999999996,0.6839189999999999,ARG,PYF,0
2904845,8,182,0,2002,2234.0,0.0,0.284536,0.517425,ARG,PYF,0
2904846,13,182,0,2015,351543.0,0.0,0.43318,-0.552045,ATG,PYF,0
2904847,13,182,0,2013,130814.0,0.0,0.096563,-0.60577,ATG,PYF,0
2904848,14,182,0,2005,3240589.0,14822.0,0.18443099999999998,0.489043,AUS,PYF,0
2904849,14,182,0,2001,1490228.0,0.0,0.29463,0.772375,AUS,PYF,0
2904850,14,182,0,2004,1736011.0,0.0,0.196641,0.8139460000000001,AUS,PYF,0
2904851,14,182,0,1995,574528.0,0.0,0.44442,0.789292,AUS,PYF,0
2904852,14,182,0,1996,629350.0,0.0,0.369697,0.78069,AUS,PYF,0
2904853,14,182,0,1997,544928.0,8177.0,0.428555,0.798283,AUS,PYF,0
2904854,14,182,0,1998,575445.0,3862.0,0.375317,0.8864629999999999,AUS,PYF,0
2904855,14,182,0,2003,2192127.0,1069.0,0.316879,0.9409489999999999,AUS,PYF,0
2904856,14,182,0,2006,3318050.0,57505.0,0.067166,0.373148,AUS,PYF,0
2904857,14,182,0,2007,2890727.0,20652.0,0.137686,0.451592,AUS,PYF,0
2904858,14,182,0,2008,4411109.0,46026.0,-0.171801,-0.012588,AUS,PYF,0
2904859,14,182,0,2009,2480521.0,34319.0,-0.109286,0.13586900000000002,AUS,PYF,0
2904860,14,182,0,2010,2104903.0,20035.0,-0.276442,0.062023,AUS,PYF,0
2904861,14,182,0,2011,1718760.0,289283.0,-0.138148,0.002999,AUS,PYF,0
2904862,14,182,0,2012,784755.0,111853.0,-0.352742,-0.145405,AUS,PYF,0
2904863,14,182,0,2013,564661.0,23331.0,-0.31145700000000004,-0.167628,AUS,PYF,0
2904864,14,182,0,2014,852894.0,16181.0,-0.398273,-0.17128,AUS,PYF,0
2904865,14,182,0,2015,951647.0,77540.0,-0.292325,-0.043489,AUS,PYF,0
2904866,14,182,0,2016,894341.0,10024.0,-0.25955300000000003,0.0011070000000000001,AUS,PYF,0
2904867,14,182,0,2017,956523.0,74880.0,-0.42427200000000004,-0.152921,AUS,PYF,0
2904868,14,182,0,2018,804952.0,12286.0,-0.29687199999999997,-0.123116,AUS,PYF,0
2904869,14,182,0,2019,1644061.0,3231.0,-0.294558,-0.180198,AUS,PYF,0
2904870,14,182,0,2020,1042052.0,5558.0,-0.32910500000000004,-0.232963,AUS,PYF,0
2904871,14,182,0,1999,712201.0,8299.0,0.357101,0.8857879999999999,AUS,PYF,0
2904872,14,182,0,2002,1654990.0,0.0,0.231386,0.771628,AUS,PYF,0
2904873,14,182,0,2000,1110874.0,6849.0,0.279804,0.9355540000000001,AUS,PYF,0
2904874,15,182,0,2000,36777.0,0.0,1.842429,0.464405,AUT,PYF,0
2904875,15,182,0,2003,34449.0,0.0,1.834977,0.408096,AUT,PYF,0
2904876,15,182,0,2004,16746.0,1931.0,1.825391,0.40553,AUT,PYF,0
2904877,15,182,0,2005,29276.0,0.0,1.808359,0.148177,AUT,PYF,0
2904878,15,182,0,2006,18508.0,7500.0,1.775669,0.192717,AUT,PYF,0
2904879,15,182,0,2007,22553.0,0.0,1.730088,-0.045543,AUT,PYF,0
2904880,15,182,0,2008,25034.0,9777.0,1.634816,-0.078419,AUT,PYF,0
2904881,15,182,0,2009,12556.0,0.0,1.651325,-0.020794,AUT,PYF,0
2904882,15,182,0,2010,19302.0,0.0,1.724315,-0.29379099999999997,AUT,PYF,0
2904883,15,182,0,2012,51140.0,0.0,1.6092870000000001,-0.29859,AUT,PYF,0
2904884,15,182,0,2013,99578.0,7664.0,1.7209240000000001,-0.286892,AUT,PYF,0
2904885,15,182,0,2014,36516.0,0.0,1.7116790000000002,-0.140232,AUT,PYF,0
2904886,15,182,0,2015,31930.0,0.0,1.747098,-0.08026699999999999,AUT,PYF,0
2904887,15,182,0,2016,41760.0,0.0,1.759363,0.127262,AUT,PYF,0
2904888,15,182,0,2017,257326.0,0.0,1.728623,-0.031045999999999997,AUT,PYF,0
2904889,15,182,0,2018,37544.0,1207.0,1.774488,-0.21117800000000003,AUT,PYF,0
2904890,15,182,0,2019,57680.0,0.0,1.743927,-0.076778,AUT,PYF,0
2904891,15,182,0,2020,76531.0,0.0,1.6711310000000001,0.059096,AUT,PYF,0
2904892,15,182,0,1996,31573.0,0.0,1.9216669999999998,0.659388,AUT,PYF,0
2904893,15,182,0,1997,10573.0,0.0,1.8926189999999998,0.624346,AUT,PYF,0
2904894,15,182,0,1999,7617.0,0.0,1.836804,0.744312,AUT,PYF,0
2904895,15,182,0,2001,39678.0,0.0,1.8571650000000002,0.603191,AUT,PYF,0
2904896,15,182,0,2002,30437.0,11098.0,1.8651200000000001,0.48423900000000003,AUT,PYF,0
2904897,15,182,0,2011,71648.0,0.0,1.687634,-0.229095,AUT,PYF,0
2904898,15,182,0,1998,6012.0,0.0,1.891966,0.508137,AUT,PYF,0
2904899,18,182,0,1995,246392.0,0.0,1.615588,1.394102,BEL,PYF,0
2904900,18,182,0,1996,305631.0,0.0,1.549312,1.273767,BEL,PYF,0
2904901,18,182,0,1997,310101.0,0.0,1.4274069999999999,1.490435,BEL,PYF,0
2904902,18,182,0,1998,341044.0,270.0,1.4740739999999999,1.2530430000000001,BEL,PYF,0
2904903,18,182,0,1999,232172.0,0.0,1.512061,1.253478,BEL,PYF,0
2904904,18,182,0,2000,246981.0,0.0,1.403838,1.349607,BEL,PYF,0
2904905,18,182,0,2001,284330.0,657.0,1.4328370000000001,1.408495,BEL,PYF,0
2904906,18,182,0,2002,463005.0,0.0,1.4097469999999999,1.440169,BEL,PYF,0
2904907,18,182,0,2003,429733.0,0.0,1.361682,1.39536,BEL,PYF,0
2904908,18,182,0,2004,536373.0,0.0,1.350911,1.408209,BEL,PYF,0
2904909,18,182,0,2005,1177301.0,4480.0,1.275296,1.345063,BEL,PYF,0
2904910,18,182,0,2006,687684.0,11538.0,1.2222540000000002,1.383027,BEL,PYF,0
2904911,18,182,0,2007,1148504.0,0.0,1.2880479999999999,1.145724,BEL,PYF,0
2904912,18,182,0,2008,490558.0,3563.0,1.297416,0.9716549999999999,BEL,PYF,0
2904913,18,182,0,2009,448294.0,0.0,1.272011,1.074548,BEL,PYF,0
2904914,18,182,0,2010,292477.0,0.0,1.2224270000000002,1.1276,BEL,PYF,0
2904915,18,182,0,2011,708445.0,0.0,1.221703,1.247961,BEL,PYF,0
2904916,18,182,0,2012,547809.0,8550.0,1.107155,1.448274,BEL,PYF,0
2904917,18,182,0,2013,226046.0,67711.0,1.316207,0.972601,BEL,PYF,0
2904918,18,182,0,2014,349095.0,0.0,1.234156,1.226441,BEL,PYF,0
2904919,18,182,0,2015,218363.0,0.0,1.329866,1.100641,BEL,PYF,0
2904920,18,182,0,2016,237960.0,0.0,1.3102610000000001,1.214573,BEL,PYF,0
2904921,18,182,0,2017,274105.0,0.0,1.292657,1.19571,BEL,PYF,0
2904922,18,182,0,2018,471943.0,4071.0,1.270641,1.201063,BEL,PYF,0
2904923,18,182,0,2019,607971.0,0.0,1.2555969999999999,1.168642,BEL,PYF,0
2904924,18,182,0,2020,376808.0,0.0,1.204632,1.278346,BEL,PYF,0
2904925,22,182,0,2003,370433.0,0.0,-1.168404,-1.035782,BGD,PYF,0
2904926,22,182,0,1996,140190.0,0.0,-1.060876,-1.05104,BGD,PYF,0
2904927,22,182,0,1997,155005.0,0.0,-1.027777,-1.048214,BGD,PYF,0
2904928,22,182,0,1998,109217.0,0.0,-1.130729,-1.001385,BGD,PYF,0
2904929,22,182,0,2000,243378.0,0.0,-1.037212,-0.964965,BGD,PYF,0
2904930,22,182,0,2006,73743.0,0.0,-1.0305309999999999,-0.80937,BGD,PYF,0
2904931,22,182,0,2010,154393.0,0.0,-0.974526,-0.76566,BGD,PYF,0
2904932,22,182,0,2012,260337.0,0.0,-0.8932610000000001,-0.762658,BGD,PYF,0
2904933,22,182,0,2013,120150.0,0.0,-1.101916,-0.734646,BGD,PYF,0
2904934,22,182,0,2015,204588.0,0.0,-1.088465,-0.8745360000000001,BGD,PYF,0
2904935,22,182,0,2019,1555943.0,0.0,-1.113148,-0.9513299999999999,BGD,PYF,0
2904936,22,182,0,2009,224977.0,0.0,-1.030722,-0.860137,BGD,PYF,0
2904937,22,182,0,2018,1412032.0,0.0,-0.899467,-0.9823719999999999,BGD,PYF,0
2904938,22,182,0,2014,538955.0,0.0,-1.0341879999999999,-0.9614870000000001,BGD,PYF,0
2904939,22,182,0,2020,1393102.0,0.0,-0.874451,-0.9031309999999999,BGD,PYF,0
2904940,22,182,0,1999,126154.0,0.0,-1.258857,-1.140375,BGD,PYF,0
2904941,23,182,0,2019,10672.0,0.0,0.572997,1.863346,BGR,PYF,0
2904942,23,182,0,2004,98591.0,0.0,0.35536,1.499182,BGR,PYF,0
2904943,23,182,0,2007,119374.0,1039.0,0.43321899999999997,1.5696700000000001,BGR,PYF,0
2904944,23,182,0,2008,183553.0,0.0,0.44409,1.575399,BGR,PYF,0
2904945,23,182,0,1998,50031.0,0.0,0.382782,1.5844479999999999,BGR,PYF,0
2904946,24,182,0,2014,0.0,7990.0,0.460168,-0.41671099999999994,BHR,PYF,0
2904947,24,182,0,2015,0.0,9734.0,0.36650900000000003,-0.28735,BHR,PYF,0
2904948,24,182,0,2012,0.0,8798.0,0.019798,-0.848549,BHR,PYF,0
2904949,24,182,0,2013,0.0,3867.0,0.249681,-0.6204270000000001,BHR,PYF,0
2904950,24,182,0,2016,0.0,2062.0,0.323348,-0.514446,BHR,PYF,0
2904951,24,182,0,2019,0.0,18628.0,0.378349,-0.621468,BHR,PYF,0
2904952,32,182,0,1995,225449.0,0.0,0.687171,1.188647,BRA,PYF,0
2904953,32,182,0,1996,181615.0,0.0,0.699658,1.271724,BRA,PYF,0
2904954,32,182,0,2000,89698.0,0.0,0.792556,1.219394,BRA,PYF,0
2904955,32,182,0,2001,44624.0,0.0,0.672496,1.051848,BRA,PYF,0
2904956,32,182,0,2002,58945.0,0.0,0.677883,1.0227190000000002,BRA,PYF,0
2904957,32,182,0,2003,179584.0,0.0,0.660576,1.118876,BRA,PYF,0
2904958,32,182,0,2004,254632.0,0.0,0.540718,1.149065,BRA,PYF,0
2904959,32,182,0,2005,313353.0,0.0,0.567638,1.139122,BRA,PYF,0
2904960,32,182,0,2006,326848.0,0.0,0.633889,1.1474520000000001,BRA,PYF,0
2904961,32,182,0,2007,378592.0,0.0,0.582859,1.137225,BRA,PYF,0
2904962,32,182,0,2008,358479.0,0.0,0.444687,0.904332,BRA,PYF,0
2904963,32,182,0,2009,168816.0,0.0,0.35447199999999995,0.8522360000000001,BRA,PYF,0
2904964,32,182,0,2010,208233.0,0.0,0.40715500000000004,0.6208100000000001,BRA,PYF,0
2904965,32,182,0,2011,223809.0,0.0,0.27718400000000004,0.5674319999999999,BRA,PYF,0
2904966,32,182,0,2012,180544.0,0.0,0.305614,0.6357189999999999,BRA,PYF,0
2904967,32,182,0,2013,184873.0,0.0,0.14765899999999998,0.399262,BRA,PYF,0
2904968,32,182,0,2014,121044.0,0.0,0.218223,0.556921,BRA,PYF,0
2904969,32,182,0,2015,77379.0,0.0,0.23656799999999997,0.688607,BRA,PYF,0
2904970,32,182,0,2016,52272.0,0.0,0.245919,0.661809,BRA,PYF,0
2904971,32,182,0,2017,128062.0,0.0,0.145224,0.483461,BRA,PYF,0
2904972,32,182,0,2018,114759.0,0.0,0.143397,0.582092,BRA,PYF,0
2904973,32,182,0,2019,114033.0,0.0,0.076947,0.660604,BRA,PYF,0
2904974,32,182,0,2020,215257.0,0.0,0.054622000000000004,0.532291,BRA,PYF,0
2904975,32,182,0,1997,156422.0,0.0,0.718336,1.203066,BRA,PYF,0
2904976,32,182,0,1998,134672.0,0.0,0.768101,1.04589,BRA,PYF,0
2904977,32,182,0,1999,114447.0,0.0,0.762468,1.191759,BRA,PYF,0
2904978,39,182,0,2001,3831.0,623.0,0.971827,1.105171,CAN,PYF,0
2904979,39,182,0,2002,71789.0,5405.0,0.9963280000000001,1.1922110000000001,CAN,PYF,0
2904980,39,182,0,2003,49519.0,1770.0,0.9791540000000001,1.185081,CAN,PYF,0
2904981,39,182,0,2004,454180.0,9049.0,0.9392739999999999,1.19228,CAN,PYF,0
2904982,39,182,0,2005,1523462.0,0.0,0.9895149999999999,1.0437459999999998,CAN,PYF,0
2904983,39,182,0,2006,72444.0,6180.0,0.865685,1.1480489999999999,CAN,PYF,0
2904984,39,182,0,2007,228385.0,0.0,0.77681,1.20517,CAN,PYF,0
2904985,39,182,0,2008,180400.0,3093.0,0.684659,1.085312,CAN,PYF,0
2904986,39,182,0,2009,48513.0,7880.0,0.6778069999999999,1.278402,CAN,PYF,0
2904987,39,182,0,2010,27478.0,2853.0,0.752421,1.2208510000000001,CAN,PYF,0
2904988,39,182,0,2011,45108.0,8181.0,0.754813,1.1967290000000002,CAN,PYF,0
2904989,39,182,0,2012,32805.0,1282.0,0.693098,1.132064,CAN,PYF,0
2904990,39,182,0,2013,60984.0,56623.0,0.719649,1.017046,CAN,PYF,0
2904991,39,182,0,2014,62946.0,2109.0,0.671395,1.024683,CAN,PYF,0
2904992,39,182,0,2015,28009.0,2199.0,0.695867,1.171676,CAN,PYF,0
2904993,39,182,0,2016,76561.0,0.0,0.6579050000000001,1.12259,CAN,PYF,0
2904994,39,182,0,2017,58499.0,18679.0,0.73897,1.206402,CAN,PYF,0
2904995,39,182,0,2018,86540.0,0.0,0.666822,1.218593,CAN,PYF,0
2904996,39,182,0,2019,110448.0,37094.0,0.657292,1.187872,CAN,PYF,0
2904997,39,182,0,2020,36610.0,0.0,0.609267,1.1890479999999999,CAN,PYF,0
2904998,39,182,0,2000,21686.0,6712.0,1.056577,1.12931,CAN,PYF,0
2904999,39,182,0,1995,23414.0,0.0,1.077804,1.0724200000000002,CAN,PYF,0
2905000,39,182,0,1996,15154.0,0.0,1.155706,1.1127049999999998,CAN,PYF,0
2905001,39,182,0,1997,5500.0,255.0,1.109494,1.178772,CAN,PYF,0
2905002,39,182,0,1998,18359.0,106.0,1.077343,1.119161,CAN,PYF,0
2905003,39,182,0,1999,39880.0,224.0,1.083572,1.08026,CAN,PYF,0
2905004,40,182,0,1996,0.0,17576.0,0.26213400000000003,-0.584997,CCK,PYF,0
2905005,41,182,0,1999,9325.0,0.0,2.189934,0.741428,CHE,PYF,0
2905006,41,182,0,2000,5528.0,28730.0,2.197959,0.489989,CHE,PYF,0
2905007,41,182,0,2001,10447.0,35307.0,2.227246,0.553956,CHE,PYF,0
2905008,41,182,0,2002,3249.0,61466.0,2.218095,0.620946,CHE,PYF,0
2905009,41,182,0,2003,27278.0,24061.0,2.151037,0.711217,CHE,PYF,0
2905010,41,182,0,2004,45733.0,0.0,2.151471,0.7196279999999999,CHE,PYF,0
2905011,41,182,0,2005,14856.0,2057.0,2.0461709999999997,0.615855,CHE,PYF,0
2905012,41,182,0,2006,17087.0,0.0,2.052534,0.515523,CHE,PYF,0
2905013,41,182,0,2007,49639.0,4386.0,2.0198080000000003,0.42277200000000004,CHE,PYF,0
2905014,41,182,0,2008,6290.0,10005.0,1.978404,0.368694,CHE,PYF,0
2905015,41,182,0,2009,7669.0,0.0,2.124438,0.484861,CHE,PYF,0
2905016,41,182,0,2010,6853.0,4689.0,2.1492080000000002,0.556424,CHE,PYF,0
2905017,41,182,0,2011,8720.0,13865.0,2.2644029999999997,0.406131,CHE,PYF,0
2905018,41,182,0,2012,11168.0,0.0,2.060769,0.562718,CHE,PYF,0
2905019,41,182,0,2013,8162.0,4692.0,2.2104470000000003,0.5403479999999999,CHE,PYF,0
2905020,41,182,0,2014,18149.0,1211.0,2.2000919999999997,0.65398,CHE,PYF,0
2905021,41,182,0,2015,16286.0,6082.0,2.306075,0.720781,CHE,PYF,0
2905022,41,182,0,2016,35853.0,32793.0,2.3488689999999997,0.806291,CHE,PYF,0
2905023,41,182,0,2017,25382.0,8104.0,2.2557810000000003,0.845459,CHE,PYF,0
2905024,41,182,0,2018,36812.0,74603.0,2.2324330000000003,0.7801560000000001,CHE,PYF,0
2905025,41,182,0,2019,32266.0,77929.0,2.1990849999999997,0.8394229999999999,CHE,PYF,0
2905026,41,182,0,2020,5046.0,11221.0,2.184038,0.900965,CHE,PYF,0
2905027,41,182,0,1996,11905.0,7937.0,2.246238,0.603288,CHE,PYF,0
2905028,41,182,0,1997,4304.0,5589.0,2.280163,0.597819,CHE,PYF,0
2905029,41,182,0,1998,7588.0,0.0,2.252965,0.561806,CHE,PYF,0
2905030,42,182,0,2005,3643.0,0.0,-0.168344,-0.43438999999999994,CHL,PYF,0
2905031,42,182,0,2006,8532.0,0.0,-0.188298,-0.46778000000000003,CHL,PYF,0
2905032,42,182,0,2007,778.0,0.0,-0.306846,-0.57431,CHL,PYF,0
2905033,42,182,0,2008,4160.0,0.0,-0.293985,-0.349554,CHL,PYF,0
2905034,42,182,0,2010,2289.0,0.0,-0.34914,-0.459395,CHL,PYF,0
2905035,42,182,0,2011,1626.0,0.0,-0.199877,-0.353009,CHL,PYF,0
2905036,42,182,0,2013,2803.0,60564.0,-0.260718,-0.38256100000000004,CHL,PYF,0
2905037,42,182,0,2014,1862.0,0.0,-0.344671,-0.43380799999999997,CHL,PYF,0
2905038,42,182,0,2015,1951.0,73621.0,-0.356167,-0.47629399999999994,CHL,PYF,0
2905039,42,182,0,2000,17196.0,0.0,0.068478,-0.053438,CHL,PYF,0
2905040,42,182,0,2001,8413.0,0.0,-0.004658,-0.002548,CHL,PYF,0
2905041,42,182,0,2002,1277.0,0.0,-0.035264,-0.101796,CHL,PYF,0
2905042,42,182,0,2003,278999.0,3202.0,-0.06375900000000001,-0.156808,CHL,PYF,0
2905043,42,182,0,1996,114957.0,0.0,-0.052811000000000004,-0.169464,CHL,PYF,0
2905044,42,182,0,1999,15626.0,0.0,0.041013,-0.111553,CHL,PYF,0
2905045,42,182,0,1997,112785.0,0.0,0.002791,-0.030604000000000003,CHL,PYF,0
2905046,42,182,0,1998,35623.0,0.0,0.029706,-0.061149,CHL,PYF,0
2905047,43,182,0,1995,888850.0,0.0,0.387897,3.2147919999999996,CHN,PYF,0
2905048,43,182,0,1996,626274.0,0.0,0.404422,3.061344,CHN,PYF,0
2905049,43,182,0,1997,635988.0,0.0,0.36051300000000003,3.287322,CHN,PYF,0
2905050,43,182,0,1998,473774.0,0.0,0.3658,3.231258,CHN,PYF,0
2905051,43,182,0,1999,518345.0,0.0,0.386094,3.270089,CHN,PYF,0
2905052,43,182,0,2000,1170861.0,0.0,0.478362,3.156111,CHN,PYF,0
2905053,43,182,0,2001,810375.0,0.0,0.525171,3.092963,CHN,PYF,0
2905054,43,182,0,2002,972877.0,0.0,0.576746,2.7995520000000003,CHN,PYF,0
2905055,43,182,0,2003,1675988.0,0.0,0.579431,2.773139,CHN,PYF,0
2905056,43,182,0,2004,3232087.0,0.0,0.581548,2.8689880000000003,CHN,PYF,0
2905057,43,182,0,2005,4165318.0,0.0,0.608256,2.8242220000000002,CHN,PYF,0
2905058,43,182,0,2007,5658975.0,0.0,0.801547,2.321052,CHN,PYF,0
2905059,43,182,0,2008,5741185.0,0.0,0.929285,1.8917259999999998,CHN,PYF,0
2905060,43,182,0,2009,5498453.0,3960.0,0.898623,2.08703,CHN,PYF,0
2905061,43,182,0,2010,6426790.0,14007.0,0.922493,2.0176,CHN,PYF,0
2905062,43,182,0,2011,9415418.0,0.0,1.072299,1.686826,CHN,PYF,0
2905063,43,182,0,2012,8929200.0,2320.0,1.095682,1.354837,CHN,PYF,0
2905064,43,182,0,2013,9065547.0,2429.0,1.113767,1.477496,CHN,PYF,0
2905065,43,182,0,2014,8533129.0,21138.0,1.187557,1.222085,CHN,PYF,0
2905066,43,182,0,2015,13255442.0,3977.0,1.077143,1.735757,CHN,PYF,0
2905067,43,182,0,2016,9477180.0,0.0,1.1073620000000002,1.723098,CHN,PYF,0
2905068,43,182,0,2017,10714655.0,0.0,1.1127790000000002,1.56869,CHN,PYF,0
2905069,43,182,0,2018,12373499.0,5059.0,1.200689,1.2822,CHN,PYF,0
2905070,43,182,0,2019,14753741.0,2539.0,1.196265,1.2258870000000002,CHN,PYF,0
2905071,43,182,0,2020,18995611.0,0.0,1.187837,1.2237770000000001,CHN,PYF,0
2905072,43,182,0,2006,5125161.0,4249.0,0.737888,2.54966,CHN,PYF,0
2905073,44,182,0,2004,2588.0,0.0,-0.8490979999999999,-0.754732,CIV,PYF,0
2905074,48,182,0,2003,0.0,27721.0,0.327914,-0.466681,COK,PYF,0
2905075,48,182,0,2018,0.0,85479.0,0.716123,-0.631445,COK,PYF,0
2905076,48,182,0,2007,0.0,13360.0,0.0857,-0.604571,COK,PYF,0
2905077,48,182,0,2008,0.0,28900.0,0.49011400000000005,-0.550991,COK,PYF,0
2905078,48,182,0,2012,0.0,19140.0,0.036403,-0.633828,COK,PYF,0
2905079,48,182,0,2013,0.0,37865.0,0.483939,-0.42226400000000003,COK,PYF,0
2905080,48,182,0,2014,0.0,37282.0,0.151329,-0.693285,COK,PYF,0
2905081,48,182,0,2015,0.0,93727.0,0.388457,-0.682666,COK,PYF,0
2905082,48,182,0,2019,0.0,47682.0,0.430439,-0.7410720000000001,COK,PYF,0
2905083,49,182,0,1999,1125.0,0.0,0.190667,0.136271,COL,PYF,0
2905084,49,182,0,2004,10323.0,0.0,0.033128,0.47524799999999995,COL,PYF,0
2905085,49,182,0,2005,10316.0,0.0,0.077191,0.47193500000000005,COL,PYF,0
2905086,49,182,0,2012,11550.0,0.0,0.15523699999999999,-0.30749099999999996,COL,PYF,0
2905087,49,182,0,2013,3576.0,0.0,0.121799,-0.388239,COL,PYF,0
2905088,49,182,0,2015,4849.0,0.0,0.156383,-0.183055,COL,PYF,0
2905089,52,182,0,2010,8814.0,0.0,-0.122722,-0.7062069999999999,CRI,PYF,0
2905090,52,182,0,2012,2828.0,0.0,0.176669,-0.649094,CRI,PYF,0
2905091,52,182,0,2019,6416.0,0.0,0.38045,0.08960900000000001,CRI,PYF,0
2905092,59,182,0,2011,8106.0,0.0,1.737788,0.14741600000000002,CZE,PYF,0
2905093,59,182,0,2014,4189.0,0.0,1.8105830000000003,0.131131,CZE,PYF,0
2905094,59,182,0,2015,8880.0,0.0,1.743012,0.45424,CZE,PYF,0
2905095,59,182,0,2019,47264.0,0.0,1.797611,0.406708,CZE,PYF,0
2905096,59,182,0,2000,4225.0,0.0,1.393001,1.23271,CZE,PYF,0
2905097,59,182,0,2012,8255.0,0.0,1.747369,-0.0932,CZE,PYF,0
2905098,59,182,0,2013,6312.0,4553.0,1.819653,-0.12423800000000002,CZE,PYF,0
2905099,59,182,0,2006,4115.0,0.0,1.564058,0.6023649999999999,CZE,PYF,0
2905100,59,182,0,1998,3021.0,0.0,1.36345,1.408508,CZE,PYF,0
2905101,59,182,0,2003,2241.0,0.0,1.555749,0.8662059999999999,CZE,PYF,0
2905102,59,182,0,2005,6466.0,0.0,1.56768,0.6784319999999999,CZE,PYF,0
2905103,59,182,0,2009,1759.0,0.0,1.6323159999999999,0.47257200000000005,CZE,PYF,0
2905104,59,182,0,2010,7701.0,0.0,1.732044,0.333934,CZE,PYF,0
2905105,59,182,0,2016,2483.0,0.0,1.823627,0.552354,CZE,PYF,0
2905106,59,182,0,2017,4012.0,0.0,1.7715130000000001,0.359668,CZE,PYF,0
2905107,59,182,0,2018,31932.0,3410.0,1.841016,0.220806,CZE,PYF,0
2905108,59,182,0,2020,28619.0,0.0,1.716646,0.602441,CZE,PYF,0
2905109,61,182,0,1995,251697.0,0.0,2.325385,-2.2238189999999998,DEU,PYF,0
2905110,61,182,0,1996,290281.0,1710.0,2.279976,-2.572299,DEU,PYF,0
2905111,61,182,0,1997,352446.0,0.0,2.293936,-2.2301919999999997,DEU,PYF,0
2905112,61,182,0,1998,321099.0,0.0,2.334028,-2.417278,DEU,PYF,0
2905113,61,182,0,1999,551240.0,0.0,2.334811,-2.060502,DEU,PYF,0
2905114,61,182,0,2000,380301.0,10399.0,2.316177,-2.4478419999999996,DEU,PYF,0
2905115,61,182,0,2001,528483.0,19188.0,2.321375,-2.1110990000000003,DEU,PYF,0
2905116,61,182,0,2002,415576.0,2252.0,2.297691,-2.183239,DEU,PYF,0
2905117,61,182,0,2003,522019.0,66262.0,2.2821919999999998,-2.0985150000000004,DEU,PYF,0
2905118,61,182,0,2004,632521.0,3967.0,2.266076,-2.011139,DEU,PYF,0
2905119,61,182,0,2005,611173.0,0.0,2.172479,-2.446472,DEU,PYF,0
2905120,61,182,0,2006,726676.0,6196.0,2.132566,-2.773669,DEU,PYF,0
2905121,61,182,0,2007,747379.0,27699.0,2.114566,-2.934732,DEU,PYF,0
2905122,61,182,0,2008,673608.0,6255.0,2.007167,-3.256961,DEU,PYF,0
2905123,61,182,0,2009,789596.0,7836.0,2.056515,-3.034837,DEU,PYF,0
2905124,61,182,0,2010,743726.0,4205.0,2.035672,-3.383322,DEU,PYF,0
2905125,61,182,0,2011,601410.0,1849.0,2.074435,-3.440815,DEU,PYF,0
2905126,61,182,0,2012,742363.0,0.0,1.966247,-3.3238410000000003,DEU,PYF,0
2905127,61,182,0,2013,527204.0,0.0,2.093658,-3.4281980000000005,DEU,PYF,0
2905128,61,182,0,2014,637240.0,9894.0,2.052849,-2.888805,DEU,PYF,0
2905129,61,182,0,2015,803014.0,1469.0,2.203818,-2.307561,DEU,PYF,0
2905130,61,182,0,2016,1041543.0,2784.0,2.203093,-2.24919,DEU,PYF,0
2905131,61,182,0,2017,938933.0,7999.0,2.1149459999999998,-2.525372,DEU,PYF,0
2905132,61,182,0,2018,948263.0,109753.0,2.109059,-2.428826,DEU,PYF,0
2905133,61,182,0,2019,616292.0,2977.0,2.078626,-2.124816,DEU,PYF,0
2905134,61,182,0,2020,711975.0,43865.0,2.027494,-2.3646689999999997,DEU,PYF,0
2905135,64,182,0,1995,7343.0,0.0,1.3800270000000001,1.489036,DNK,PYF,0
2905136,64,182,0,1996,108026.0,0.0,1.443514,1.275684,DNK,PYF,0
2905137,64,182,0,1997,152961.0,0.0,1.358279,1.420107,DNK,PYF,0
2905138,64,182,0,1998,49998.0,0.0,1.225999,1.470145,DNK,PYF,0
2905139,64,182,0,2000,159544.0,0.0,1.230078,1.429499,DNK,PYF,0
2905140,64,182,0,2002,110856.0,0.0,1.26594,1.225186,DNK,PYF,0
2905141,64,182,0,2003,189979.0,0.0,1.309564,1.245596,DNK,PYF,0
2905142,64,182,0,2004,163313.0,0.0,1.328968,1.262743,DNK,PYF,0
2905143,64,182,0,2005,143459.0,0.0,1.210286,1.217256,DNK,PYF,0
2905144,64,182,0,2006,47791.0,0.0,1.2308700000000001,1.180914,DNK,PYF,0
2905145,64,182,0,2007,73452.0,0.0,1.204019,1.122666,DNK,PYF,0
2905146,64,182,0,2008,45685.0,0.0,1.165294,1.1112440000000001,DNK,PYF,0
2905147,64,182,0,2009,131376.0,0.0,1.242327,1.064709,DNK,PYF,0
2905148,64,182,0,2010,82409.0,0.0,1.082468,1.280759,DNK,PYF,0
2905149,64,182,0,2011,18181.0,0.0,1.156026,1.2248299999999999,DNK,PYF,0
2905150,64,182,0,2012,46851.0,0.0,1.105061,1.245377,DNK,PYF,0
2905151,64,182,0,2013,72935.0,0.0,1.161835,1.1788450000000001,DNK,PYF,0
2905152,64,182,0,2015,81167.0,0.0,1.157924,1.2045629999999998,DNK,PYF,0
2905153,64,182,0,2016,17752.0,0.0,1.117864,1.302658,DNK,PYF,0
2905154,64,182,0,2017,8757.0,0.0,1.159753,1.233914,DNK,PYF,0
2905155,64,182,0,2018,49498.0,1680.0,1.0945040000000001,1.3311540000000002,DNK,PYF,0
2905156,64,182,0,2019,35862.0,3574.0,1.0768280000000001,1.2615610000000002,DNK,PYF,0
2905157,64,182,0,2020,46782.0,0.0,1.093217,1.2166549999999998,DNK,PYF,0
2905158,64,182,0,1999,139790.0,0.0,1.264405,1.469627,DNK,PYF,0
2905159,64,182,0,2001,182273.0,0.0,1.261883,1.351875,DNK,PYF,0
2905160,64,182,0,2014,68602.0,0.0,1.10869,1.245193,DNK,PYF,0
2905161,65,182,0,2008,0.0,49334.0,-0.167958,0.241283,DOM,PYF,0
2905162,65,182,0,2018,1655.0,0.0,-0.084258,0.474872,DOM,PYF,0
2905163,65,182,0,2020,918.0,0.0,0.06500299999999999,0.2812,DOM,PYF,0
2905164,67,182,0,2007,3149.0,0.0,-0.820491,-0.8557879999999999,ECU,PYF,0
2905165,67,182,0,2010,2697.0,0.0,-0.584013,-0.743675,ECU,PYF,0
2905166,68,182,0,1997,31742.0,0.0,-0.314425,0.156345,EGY,PYF,0
2905167,68,182,0,1998,30543.0,0.0,-0.462755,0.079802,EGY,PYF,0
2905168,68,182,0,1999,56158.0,0.0,-0.311879,0.300746,EGY,PYF,0
2905169,68,182,0,2000,30668.0,0.0,-0.41125900000000004,0.099833,EGY,PYF,0
2905170,68,182,0,2003,53682.0,0.0,-0.292923,0.465433,EGY,PYF,0
2905171,68,182,0,2004,64022.0,0.0,-0.300563,0.41834899999999997,EGY,PYF,0
2905172,68,182,0,2005,52735.0,0.0,-0.247748,0.492885,EGY,PYF,0
2905173,68,182,0,2006,22296.0,0.0,-0.182272,0.40222399999999997,EGY,PYF,0
2905174,68,182,0,2007,50676.0,0.0,-0.144054,0.663592,EGY,PYF,0
2905175,68,182,0,2008,41309.0,0.0,-0.098316,1.134642,EGY,PYF,0
2905176,68,182,0,2009,70700.0,0.0,-0.20940300000000003,1.6466290000000001,EGY,PYF,0
2905177,68,182,0,2014,60679.0,0.0,-0.086866,1.7419669999999998,EGY,PYF,0
2905178,68,182,0,2010,58978.0,0.0,-0.181826,1.409465,EGY,PYF,0
2905179,68,182,0,2011,91134.0,0.0,-0.166243,1.384719,EGY,PYF,0
2905180,68,182,0,2018,109975.0,0.0,-0.096635,1.585658,EGY,PYF,0
2905181,68,182,0,2019,132162.0,0.0,-0.152353,1.5426309999999999,EGY,PYF,0
2905182,68,182,0,2020,151145.0,0.0,-0.186095,1.6414330000000001,EGY,PYF,0
2905183,71,182,0,1995,493972.0,0.0,1.144247,1.933844,ESP,PYF,0
2905184,71,182,0,1996,471971.0,0.0,1.105317,1.9473,ESP,PYF,0
2905185,71,182,0,1997,623653.0,0.0,1.082049,2.0238650000000002,ESP,PYF,0
2905186,71,182,0,1998,810845.0,11119.0,1.051392,1.983438,ESP,PYF,0
2905187,71,182,0,1999,649110.0,11670.0,1.0849209999999998,1.9351180000000001,ESP,PYF,0
2905188,71,182,0,2000,677085.0,43822.0,1.098989,1.911029,ESP,PYF,0
2905189,71,182,0,2001,590395.0,1833.0,1.079664,1.9842220000000002,ESP,PYF,0
2905190,71,182,0,2002,1079266.0,3895.0,1.012246,2.049594,ESP,PYF,0
2905191,71,182,0,2003,1001595.0,4702.0,0.960684,2.074792,ESP,PYF,0
2905192,71,182,0,2004,870650.0,4277.0,0.9784649999999999,2.051216,ESP,PYF,0
2905193,71,182,0,2005,633572.0,1823.0,0.9318489999999999,1.999698,ESP,PYF,0
2905194,71,182,0,2006,707067.0,7936.0,0.9091370000000001,2.068166,ESP,PYF,0
2905195,71,182,0,2007,1208277.0,23258.0,0.914681,2.027797,ESP,PYF,0
2905196,71,182,0,2008,1633831.0,22388.0,0.8755649999999999,2.122164,ESP,PYF,0
2905197,71,182,0,2009,640680.0,5611.0,0.9021020000000001,2.170578,ESP,PYF,0
2905198,71,182,0,2010,549478.0,0.0,0.832619,2.448009,ESP,PYF,0
2905199,71,182,0,2011,547184.0,0.0,0.8677290000000001,2.4618450000000003,ESP,PYF,0
2905200,71,182,0,2012,273046.0,7326.0,0.8528309999999999,2.462809,ESP,PYF,0
2905201,71,182,0,2013,491615.0,0.0,0.861698,2.353993,ESP,PYF,0
2905202,71,182,0,2014,539226.0,0.0,0.842147,2.45692,ESP,PYF,0
2905203,71,182,0,2015,456013.0,5277.0,0.8173590000000001,2.442556,ESP,PYF,0
2905204,71,182,0,2016,631248.0,1647.0,0.765428,2.57725,ESP,PYF,0
2905205,71,182,0,2017,411062.0,0.0,0.734342,2.8180099999999997,ESP,PYF,0
2905206,71,182,0,2018,1506639.0,1462.0,0.744825,2.919005,ESP,PYF,0
2905207,71,182,0,2019,561687.0,1370.0,0.678454,3.007838,ESP,PYF,0
2905208,71,182,0,2020,579024.0,0.0,0.736657,2.731661,ESP,PYF,0
2905209,72,182,0,2020,2649.0,0.0,1.012385,1.305015,EST,PYF,0
2905210,74,182,0,1999,6077.0,0.0,2.095642,0.966282,FIN,PYF,0
2905211,74,182,0,2004,18061.0,0.0,2.000218,0.9867309999999999,FIN,PYF,0
2905212,74,182,0,2005,40050.0,0.0,1.8661240000000001,0.932386,FIN,PYF,0
2905213,74,182,0,2007,546501.0,0.0,1.865502,0.7737729999999999,FIN,PYF,0
2905214,74,182,0,2008,25957.0,0.0,1.767859,0.846409,FIN,PYF,0
2905215,74,182,0,2009,114080.0,0.0,1.8206849999999999,0.797421,FIN,PYF,0
2905216,74,182,0,2011,184824.0,0.0,1.7488830000000002,0.890934,FIN,PYF,0
2905217,74,182,0,2012,72164.0,0.0,1.58219,0.939001,FIN,PYF,0
2905218,74,182,0,2013,5382.0,0.0,1.734552,0.8896940000000001,FIN,PYF,0
2905219,74,182,0,2014,1426.0,0.0,1.626355,1.002923,FIN,PYF,0
2905220,74,182,0,2018,18131.0,0.0,1.61151,0.9474549999999999,FIN,PYF,0
2905221,74,182,0,2019,10465.0,0.0,1.495278,1.034435,FIN,PYF,0
2905222,74,182,0,1996,31749.0,0.0,2.0584729999999998,1.006908,FIN,PYF,0
2905223,74,182,0,2000,1471.0,0.0,2.0621419999999997,0.9090360000000001,FIN,PYF,0
2905224,74,182,0,2006,48439.0,0.0,1.864038,0.8193940000000001,FIN,PYF,0
2905225,74,182,0,2010,208710.0,0.0,1.745464,0.897992,FIN,PYF,0
2905226,74,182,0,2017,23933.0,0.0,1.655957,0.962485,FIN,PYF,0
2905227,74,182,0,2020,4162.0,0.0,1.498089,1.066223,FIN,PYF,0
2905228,74,182,0,2002,42327.0,0.0,2.0234240000000003,0.979141,FIN,PYF,0
2905229,74,182,0,2003,35823.0,0.0,2.077889,0.942501,FIN,PYF,0
2905230,74,182,0,2015,10327.0,0.0,1.597817,0.998059,FIN,PYF,0
2905231,74,182,0,2016,17138.0,0.0,1.581968,1.006432,FIN,PYF,0
2905232,75,182,0,2000,824488.0,11047.0,-0.804605,-0.21037899999999998,FJI,PYF,0
2905233,75,182,0,2006,734300.0,0.0,-0.6554949999999999,-0.098284,FJI,PYF,0
2905234,75,182,0,2014,260313.0,0.0,-0.306346,-0.07688500000000001,FJI,PYF,0
2905235,75,182,0,2005,755751.0,0.0,-0.649999,-0.189992,FJI,PYF,0
2905236,75,182,0,2007,642162.0,0.0,-0.506992,0.033250999999999996,FJI,PYF,0
2905237,75,182,0,2008,550373.0,0.0,-0.756592,-0.27005,FJI,PYF,0
2905238,75,182,0,2009,245487.0,0.0,-0.785772,-0.305228,FJI,PYF,0
2905239,75,182,0,2010,462337.0,0.0,-0.603112,-0.29135500000000003,FJI,PYF,0
2905240,75,182,0,2011,735148.0,0.0,-0.434356,-0.010863,FJI,PYF,0
2905241,75,182,0,2012,571950.0,0.0,-0.315227,0.118598,FJI,PYF,0
2905242,75,182,0,2013,272813.0,3264.0,-0.5203369999999999,-0.122405,FJI,PYF,0
2905243,75,182,0,2015,221035.0,0.0,-0.481968,-0.201468,FJI,PYF,0
2905244,75,182,0,2016,390863.0,0.0,-0.27171999999999996,0.172933,FJI,PYF,0
2905245,75,182,0,2017,631332.0,0.0,-0.278276,-0.033997,FJI,PYF,0
2905246,75,182,0,2018,702990.0,0.0,-0.269185,0.006362,FJI,PYF,0
2905247,75,182,0,2019,661206.0,0.0,-0.274278,-0.049333,FJI,PYF,0
2905248,75,182,0,2020,195386.0,0.0,-0.184167,-0.081888,FJI,PYF,0
2905249,75,182,0,2002,635934.0,0.0,-0.588136,-0.242883,FJI,PYF,0
2905250,75,182,0,2003,1194188.0,0.0,-0.6865640000000001,-0.326977,FJI,PYF,0
2905251,75,182,0,2004,1375256.0,0.0,-0.8870969999999999,-0.287427,FJI,PYF,0
2905252,75,182,0,1999,140129.0,0.0,-1.101748,-0.847409,FJI,PYF,0
2905253,75,182,0,2001,396035.0,0.0,-0.954702,-0.602761,FJI,PYF,0
2905254,75,182,0,1996,97204.0,0.0,-0.7977,-0.9271879999999999,FJI,PYF,0
2905255,75,182,0,1997,117899.0,0.0,-0.9404020000000001,-0.8833989999999999,FJI,PYF,0
2905256,75,182,0,1998,101192.0,0.0,-1.069747,-0.965333,FJI,PYF,0
2905257,77,182,0,1995,18818129.0,85754.0,1.768484,0.765537,FRA,PYF,0
2905258,77,182,0,1996,19235938.0,56119.0,1.69082,0.721312,FRA,PYF,0
2905259,77,182,0,1997,20248710.0,183111.0,1.69504,0.8278549999999999,FRA,PYF,0
2905260,77,182,0,1998,23883518.0,39665.0,1.707702,0.7784270000000001,FRA,PYF,0
2905261,77,182,0,1999,20215705.0,107129.0,1.72758,0.6619079999999999,FRA,PYF,0
2905262,77,182,0,2000,21030507.0,208897.0,1.674971,0.47538100000000005,FRA,PYF,0
2905263,77,182,0,2001,21095955.0,212596.0,1.653507,0.797582,FRA,PYF,0
2905264,77,182,0,2002,24104352.0,715240.0,1.569367,0.9886360000000001,FRA,PYF,0
2905265,77,182,0,2003,29931527.0,1121704.0,1.606606,0.7394149999999999,FRA,PYF,0
2905266,77,182,0,2004,33946510.0,574840.0,1.6003530000000001,0.643945,FRA,PYF,0
2905267,77,182,0,2005,37780697.0,308597.0,1.505148,0.594409,FRA,PYF,0
2905268,77,182,0,2006,30882644.0,323275.0,1.47591,0.489466,FRA,PYF,0
2905269,77,182,0,2007,36559591.0,196311.0,1.4565350000000001,0.262845,FRA,PYF,0
2905270,77,182,0,2008,49867760.0,157077.0,1.487702,-0.223965,FRA,PYF,0
2905271,77,182,0,2009,35796831.0,661537.0,1.540346,0.090377,FRA,PYF,0
2905272,77,182,0,2010,29645535.0,191777.0,1.530027,-0.052557000000000006,FRA,PYF,0
2905273,77,182,0,2011,31008580.0,123531.0,1.532054,0.09339299999999999,FRA,PYF,0
2905274,77,182,0,2012,27089358.0,174192.0,1.425025,0.27534899999999995,FRA,PYF,0
2905275,77,182,0,2013,28166892.0,439824.0,1.520354,0.022874000000000002,FRA,PYF,0
2905276,77,182,0,2014,30984982.0,136287.0,1.4817790000000002,0.30995,FRA,PYF,0
2905277,77,182,0,2015,27994305.0,385539.0,1.479792,0.6490239999999999,FRA,PYF,0
2905278,77,182,0,2016,27844938.0,149634.0,1.476437,0.911746,FRA,PYF,0
2905279,77,182,0,2017,30811519.0,105051.0,1.398427,0.894732,FRA,PYF,0
2905280,77,182,0,2018,35128534.0,289140.0,1.420819,0.7793770000000001,FRA,PYF,0
2905281,77,182,0,2019,32763866.0,698528.0,1.380982,0.9510629999999999,FRA,PYF,0
2905282,77,182,0,2020,34126782.0,474695.0,1.341275,0.8991870000000001,FRA,PYF,0
2905283,81,182,0,1995,134468.0,0.0,1.8656979999999999,1.107121,GBR,PYF,0
2905284,81,182,0,1996,206749.0,20809.0,1.850284,0.883084,GBR,PYF,0
2905285,81,182,0,1997,179693.0,0.0,1.886353,0.783832,GBR,PYF,0
2905286,81,182,0,1998,201738.0,0.0,1.906738,0.489101,GBR,PYF,0
2905287,81,182,0,1999,311897.0,0.0,1.9523830000000002,0.771455,GBR,PYF,0
2905288,81,182,0,2000,118056.0,0.0,1.957339,0.610052,GBR,PYF,0
2905289,81,182,0,2001,349904.0,0.0,1.976894,0.685435,GBR,PYF,0
2905290,81,182,0,2002,181980.0,0.0,1.893177,0.831382,GBR,PYF,0
2905291,81,182,0,2003,755994.0,0.0,1.8712540000000002,0.706205,GBR,PYF,0
2905292,81,182,0,2004,200095.0,4048.0,1.843506,0.684779,GBR,PYF,0
2905293,81,182,0,2005,151855.0,2607.0,1.805023,0.425654,GBR,PYF,0
2905294,81,182,0,2006,175547.0,21620.0,1.824154,0.614424,GBR,PYF,0
2905295,81,182,0,2007,137982.0,12157.0,1.718661,0.35525300000000004,GBR,PYF,0
2905296,81,182,0,2008,116255.0,13720.0,1.7586119999999998,0.061214,GBR,PYF,0
2905297,81,182,0,2009,125201.0,3984.0,1.7921779999999998,0.41211499999999995,GBR,PYF,0
2905298,81,182,0,2010,465077.0,4788.0,1.828224,0.386383,GBR,PYF,0
2905299,81,182,0,2011,382325.0,0.0,1.8048220000000001,0.380141,GBR,PYF,0
2905300,81,182,0,2012,102513.0,3618.0,1.701279,0.518166,GBR,PYF,0
2905301,81,182,0,2013,346688.0,2410.0,1.7901259999999999,0.44164,GBR,PYF,0
2905302,81,182,0,2014,202745.0,1673.0,1.697964,0.585372,GBR,PYF,0
2905303,81,182,0,2015,203353.0,12404554.0,1.7422990000000003,0.75838,GBR,PYF,0
2905304,81,182,0,2016,66531.0,2392.0,1.6974669999999998,0.9231299999999999,GBR,PYF,0
2905305,81,182,0,2017,127850.0,0.0,1.6883119999999998,0.8347469999999999,GBR,PYF,0
2905306,81,182,0,2018,125643.0,22353.0,1.693008,0.768159,GBR,PYF,0
2905307,81,182,0,2019,134295.0,737.0,1.731106,0.717566,GBR,PYF,0
2905308,81,182,0,2020,147332.0,0.0,1.6459,0.7702640000000001,GBR,PYF,0
2905309,83,182,0,1996,0.0,7642.0,-1.035244,-0.9834129999999999,GHA,PYF,0
2905310,83,182,0,1999,0.0,4545.0,-0.9444520000000001,-0.905826,GHA,PYF,0
2905311,83,182,0,1997,0.0,4255.0,-1.012728,-0.939893,GHA,PYF,0
2905312,90,182,0,2013,3914.0,0.0,0.18823800000000002,0.910906,GRC,PYF,0
2905313,90,182,0,2014,1008.0,0.0,0.149337,0.8560540000000001,GRC,PYF,0
2905314,90,182,0,2018,2006.0,0.0,0.059539999999999996,1.0321879999999999,GRC,PYF,0
2905315,90,182,0,2019,10755.0,0.0,0.08904400000000001,1.059396,GRC,PYF,0
2905316,90,182,0,2001,11859.0,0.0,0.31387600000000004,1.3614600000000001,GRC,PYF,0
2905317,90,182,0,2002,24880.0,0.0,0.31858000000000003,1.47417,GRC,PYF,0
2905318,90,182,0,2003,12171.0,0.0,0.364688,1.4823959999999998,GRC,PYF,0
2905319,90,182,0,2004,8309.0,0.0,0.348853,1.661656,GRC,PYF,0
2905320,90,182,0,1996,40319.0,0.0,0.271386,1.042608,GRC,PYF,0
2905321,90,182,0,2009,3452.0,0.0,0.2196,1.63301,GRC,PYF,0
2905322,90,182,0,2010,10387.0,0.0,0.200249,1.4640090000000001,GRC,PYF,0
2905323,90,182,0,2011,5441.0,0.0,0.138679,1.30044,GRC,PYF,0
2905324,90,182,0,2012,1254.0,0.0,0.20949600000000002,1.086158,GRC,PYF,0
2905325,90,182,0,2017,22614.0,0.0,0.154098,1.151038,GRC,PYF,0
2905326,90,182,0,2015,6605.0,0.0,0.099027,1.012289,GRC,PYF,0
2905327,90,182,0,2020,5389.0,0.0,0.199011,1.087811,GRC,PYF,0
2905328,96,182,0,2015,9649.0,0.0,-1.018758,-1.056085,GUY,PYF,0
2905329,97,182,0,1996,962439.0,0.0,0.54364,2.727659,HKG,PYF,0
2905330,97,182,0,1997,966463.0,0.0,0.521942,2.578405,HKG,PYF,0
2905331,97,182,0,1998,1329618.0,0.0,0.46966099999999994,2.5744029999999998,HKG,PYF,0
2905332,97,182,0,1999,1234915.0,0.0,0.387427,2.402434,HKG,PYF,0
2905333,97,182,0,2000,1586024.0,0.0,0.416202,2.4793950000000002,HKG,PYF,0
2905334,97,182,0,2001,1475229.0,5900.0,0.521528,2.3025,HKG,PYF,0
2905335,97,182,0,2002,1286150.0,0.0,0.5701109999999999,1.989357,HKG,PYF,0
2905336,97,182,0,2003,1452394.0,0.0,0.494569,2.147062,HKG,PYF,0
2905337,97,182,0,2004,1257230.0,0.0,0.604825,2.098745,HKG,PYF,0
2905338,97,182,0,2005,2528931.0,0.0,0.5862149999999999,2.0303459999999998,HKG,PYF,0
2905339,97,182,0,2006,1445100.0,0.0,0.5776319999999999,2.076782,HKG,PYF,0
2905340,97,182,0,2007,1050286.0,23846.0,0.639034,2.1086009999999997,HKG,PYF,0
2905341,97,182,0,2008,1061976.0,329557.0,0.74435,2.149616,HKG,PYF,0
2905342,97,182,0,2009,634596.0,0.0,0.654964,1.98672,HKG,PYF,0
2905343,97,182,0,2010,1000532.0,0.0,0.715745,1.9780259999999998,HKG,PYF,0
2905344,97,182,0,2011,877249.0,0.0,0.663588,1.902118,HKG,PYF,0
2905345,97,182,0,2012,1399888.0,0.0,0.8124979999999999,1.677497,HKG,PYF,0
2905346,97,182,0,2013,714239.0,0.0,0.744383,1.923139,HKG,PYF,0
2905347,97,182,0,2014,1109234.0,0.0,0.812132,1.722493,HKG,PYF,0
2905348,97,182,0,2015,808529.0,0.0,0.8255290000000001,1.8017279999999998,HKG,PYF,0
2905349,97,182,0,2018,1203370.0,3939.0,0.843677,1.656073,HKG,PYF,0
2905350,97,182,0,2019,1439095.0,0.0,0.992556,1.523004,HKG,PYF,0
2905351,97,182,0,2020,1705617.0,0.0,1.070483,1.183618,HKG,PYF,0
2905352,99,182,0,2012,61651.0,0.0,-0.45962299999999995,-0.002247,HND,PYF,0
2905353,100,182,0,2012,1134.0,0.0,0.890281,1.02053,HRV,PYF,0
2905354,100,182,0,2020,1681.0,0.0,0.876001,1.250877,HRV,PYF,0
2905355,100,182,0,2018,4980.0,0.0,0.7923720000000001,1.4047209999999999,HRV,PYF,0
2905356,100,182,0,2019,6840.0,0.0,0.850527,1.280845,HRV,PYF,0
2905357,102,182,0,2008,8835.0,0.0,1.3358299999999999,0.8177770000000001,HUN,PYF,0
2905358,102,182,0,2015,7041.0,0.0,1.462839,0.803258,HUN,PYF,0
2905359,102,182,0,2018,18403.0,0.0,1.519662,0.833092,HUN,PYF,0
2905360,102,182,0,2019,30264.0,0.0,1.462102,0.809183,HUN,PYF,0
2905361,102,182,0,2020,14000.0,0.0,1.393152,0.878916,HUN,PYF,0
2905362,102,182,0,2009,2945.0,0.0,1.397765,0.772375,HUN,PYF,0
2905363,102,182,0,2013,11439.0,0.0,1.506101,0.7279220000000001,HUN,PYF,0
2905364,102,182,0,2014,31745.0,0.0,1.477093,0.812869,HUN,PYF,0
2905365,102,182,0,1996,1998.0,0.0,0.790036,1.891534,HUN,PYF,0
2905366,102,182,0,1997,2290.0,0.0,0.746743,1.577102,HUN,PYF,0
2905367,102,182,0,1998,12734.0,0.0,0.780392,1.450701,HUN,PYF,0
2905368,102,182,0,1999,20489.0,0.0,0.794675,1.308337,HUN,PYF,0
2905369,102,182,0,2000,32017.0,0.0,1.045661,1.198236,HUN,PYF,0
2905370,102,182,0,2002,18291.0,0.0,1.179684,1.0574860000000001,HUN,PYF,0
2905371,102,182,0,2003,25071.0,0.0,1.2003270000000001,1.091407,HUN,PYF,0
2905372,102,182,0,2004,36524.0,0.0,1.207082,1.019714,HUN,PYF,0
2905373,102,182,0,2005,33279.0,0.0,1.3558,0.876179,HUN,PYF,0
2905374,102,182,0,2006,69709.0,0.0,1.4034309999999999,0.835144,HUN,PYF,0
2905375,102,182,0,2010,17675.0,0.0,1.514225,0.740341,HUN,PYF,0
2905376,102,182,0,2011,5288.0,0.0,1.486592,0.805642,HUN,PYF,0
2905377,102,182,0,2012,6630.0,0.0,1.396648,0.759196,HUN,PYF,0
2905378,102,182,0,2001,23824.0,0.0,1.102262,1.138016,HUN,PYF,0
2905379,103,182,0,1997,872734.0,0.0,-0.44080699999999995,1.220104,IDN,PYF,0
2905380,103,182,0,1999,2898564.0,0.0,-0.20447,1.568505,IDN,PYF,0
2905381,103,182,0,2000,2041313.0,0.0,-0.125831,1.7116360000000002,IDN,PYF,0
2905382,103,182,0,2001,2321649.0,0.0,-0.167771,1.6587889999999998,IDN,PYF,0
2905383,103,182,0,2002,2444700.0,0.0,-0.10020499999999999,1.590314,IDN,PYF,0
2905384,103,182,0,2003,2409282.0,0.0,-0.16802,1.7252990000000001,IDN,PYF,0
2905385,103,182,0,2004,2604635.0,0.0,-0.223644,1.719065,IDN,PYF,0
2905386,103,182,0,2005,3409683.0,0.0,-0.273208,1.5252379999999999,IDN,PYF,0
2905387,103,182,0,2006,3247202.0,0.0,-0.21012399999999998,1.467838,IDN,PYF,0
2905388,103,182,0,2007,4463252.0,3142.0,-0.192415,1.497962,IDN,PYF,0
2905389,103,182,0,2008,3968740.0,0.0,-0.11154000000000001,1.4879850000000001,IDN,PYF,0
2905390,103,182,0,2009,2915061.0,0.0,-0.253835,1.260101,IDN,PYF,0
2905391,103,182,0,2010,3241388.0,0.0,-0.30878099999999997,1.07069,IDN,PYF,0
2905392,103,182,0,2011,2828161.0,0.0,-0.234125,1.168384,IDN,PYF,0
2905393,103,182,0,2012,2267445.0,0.0,-0.142318,1.281781,IDN,PYF,0
2905394,103,182,0,2013,2423661.0,0.0,-0.216854,1.415728,IDN,PYF,0
2905395,103,182,0,2014,2460005.0,0.0,-0.088032,1.3966459999999998,IDN,PYF,0
2905396,103,182,0,2015,2740652.0,0.0,-0.145103,1.277362,IDN,PYF,0
2905397,103,182,0,2016,2110118.0,3318.0,-0.158496,1.492067,IDN,PYF,0
2905398,103,182,0,2017,2279825.0,0.0,-0.23641700000000002,1.188173,IDN,PYF,0
2905399,103,182,0,2018,3118268.0,0.0,-0.10130499999999999,1.2414209999999999,IDN,PYF,0
2905400,103,182,0,2019,3437701.0,0.0,-0.141811,1.385726,IDN,PYF,0
2905401,103,182,0,2020,2336890.0,0.0,-0.16761700000000002,1.571009,IDN,PYF,0
2905402,103,182,0,1998,2163480.0,0.0,-0.478253,1.350652,IDN,PYF,0
2905403,103,182,0,1996,3409438.0,0.0,-0.43199899999999997,1.22074,IDN,PYF,0
2905404,104,182,0,2004,402834.0,0.0,0.233348,2.790987,IND,PYF,0
2905405,104,182,0,2005,193309.0,0.0,0.212108,2.817413,IND,PYF,0
2905406,104,182,0,2006,480891.0,0.0,0.285652,2.731318,IND,PYF,0
2905407,104,182,0,2007,528359.0,0.0,0.279475,2.7514939999999997,IND,PYF,0
2905408,104,182,0,2008,505243.0,0.0,0.26694,2.926023,IND,PYF,0
2905409,104,182,0,2009,230409.0,0.0,0.209867,2.254003,IND,PYF,0
2905410,104,182,0,2010,237576.0,0.0,0.14485599999999998,2.408913,IND,PYF,0
2905411,104,182,0,2011,1346892.0,0.0,0.18276199999999998,2.398765,IND,PYF,0
2905412,104,182,0,2012,370784.0,0.0,0.229996,2.4815110000000002,IND,PYF,0
2905413,104,182,0,2013,585974.0,0.0,0.215356,2.3916209999999998,IND,PYF,0
2905414,104,182,0,2014,850983.0,0.0,0.262042,2.6305080000000003,IND,PYF,0
2905415,104,182,0,2015,937162.0,0.0,0.24230900000000002,2.8190880000000003,IND,PYF,0
2905416,104,182,0,2016,550609.0,0.0,0.30976,2.61043,IND,PYF,0
2905417,104,182,0,2017,1076028.0,0.0,0.290576,2.726391,IND,PYF,0
2905418,104,182,0,2018,1377570.0,0.0,0.526015,2.448112,IND,PYF,0
2905419,104,182,0,2019,1424775.0,0.0,0.43196,2.661139,IND,PYF,0
2905420,104,182,0,2020,1265692.0,0.0,0.464674,2.838779,IND,PYF,0
2905421,104,182,0,1996,629560.0,0.0,0.20685599999999998,2.317622,IND,PYF,0
2905422,104,182,0,1997,87877.0,0.0,0.262571,2.31305,IND,PYF,0
2905423,104,182,0,2002,126981.0,0.0,0.380867,2.608955,IND,PYF,0
2905424,106,182,0,1996,6046.0,0.0,1.386011,0.9232100000000001,IRL,PYF,0
2905425,106,182,0,2000,12037.0,0.0,1.546001,0.342854,IRL,PYF,0
2905426,106,182,0,2004,109.0,0.0,1.501859,0.14456,IRL,PYF,0
2905427,106,182,0,2005,26647.0,0.0,1.536605,0.189781,IRL,PYF,0
2905428,106,182,0,2008,9011.0,0.0,1.693858,0.221425,IRL,PYF,0
2905429,106,182,0,2011,5379.0,0.0,1.403182,0.290245,IRL,PYF,0
2905430,106,182,0,2014,2040.0,0.0,1.2658399999999999,0.278546,IRL,PYF,0
2905431,106,182,0,2019,5996.0,0.0,1.3812389999999999,-0.025366,IRL,PYF,0
2905432,106,182,0,1998,1954.0,0.0,1.451067,0.654442,IRL,PYF,0
2905433,106,182,0,1999,73597.0,0.0,1.599613,0.37233299999999997,IRL,PYF,0
2905434,106,182,0,2002,426.0,0.0,1.7232880000000002,0.091172,IRL,PYF,0
2905435,106,182,0,2003,4484.0,0.0,1.6396130000000002,0.220599,IRL,PYF,0
2905436,106,182,0,2006,15437.0,0.0,1.43804,0.06463200000000001,IRL,PYF,0
2905437,106,182,0,2007,8930.0,0.0,1.353146,0.122832,IRL,PYF,0
2905438,106,182,0,2018,1634.0,0.0,1.262419,0.013576,IRL,PYF,0
2905439,106,182,0,2020,11159.0,0.0,1.337791,-0.20829699999999998,IRL,PYF,0
2905440,106,182,0,2001,2104.0,0.0,1.664233,0.129983,IRL,PYF,0
2905441,106,182,0,2009,7474.0,0.0,1.627233,0.020024,IRL,PYF,0
2905442,106,182,0,2010,12887.0,0.0,1.371357,0.168795,IRL,PYF,0
2905443,106,182,0,2012,7201.0,0.0,1.229702,0.12683599999999998,IRL,PYF,0
2905444,106,182,0,2013,1330.0,0.0,1.29988,0.240688,IRL,PYF,0
2905445,106,182,0,2015,10289.0,0.0,1.304942,0.126431,IRL,PYF,0
2905446,107,182,0,2000,32373.0,0.0,-0.555558,-0.910523,IRN,PYF,0
2905447,109,182,0,2011,14942.0,0.0,0.284202,-0.23753000000000002,ISL,PYF,0
2905448,109,182,0,2013,2854.0,0.0,0.259374,-0.20413299999999998,ISL,PYF,0
2905449,109,182,0,2014,4418.0,0.0,0.127891,-0.302014,ISL,PYF,0
2905450,110,182,0,1996,21026.0,0.0,1.054975,1.072965,ISR,PYF,0
2905451,110,182,0,1997,16914.0,0.0,1.3230030000000002,0.965016,ISR,PYF,0
2905452,110,182,0,2004,8466.0,0.0,1.250393,0.8003979999999999,ISR,PYF,0
2905453,110,182,0,2007,11160.0,0.0,1.092244,0.753984,ISR,PYF,0
2905454,110,182,0,2009,2376.0,0.0,1.226438,0.816299,ISR,PYF,0
2905455,110,182,0,2014,1866.0,0.0,1.211141,0.64523,ISR,PYF,0
2905456,110,182,0,2001,13874.0,0.0,1.374873,0.775594,ISR,PYF,0
2905457,110,182,0,2002,2235.0,0.0,1.334174,0.654331,ISR,PYF,0
2905458,110,182,0,2020,12404.0,0.0,1.487557,0.8370920000000001,ISR,PYF,0
2905459,110,182,0,2019,29584.0,0.0,1.488686,0.823376,ISR,PYF,0
2905460,110,182,0,2018,23138.0,0.0,1.355071,0.872822,ISR,PYF,0
2905461,110,182,0,1999,9784.0,0.0,1.342593,0.781931,ISR,PYF,0
2905462,111,182,0,1995,1281523.0,0.0,1.503379,1.449094,ITA,PYF,0
2905463,111,182,0,1996,2518446.0,391222.0,1.4674690000000001,1.263362,ITA,PYF,0
2905464,111,182,0,1997,2534684.0,0.0,1.4860389999999999,1.235674,ITA,PYF,0
2905465,111,182,0,1998,2299200.0,88910.0,1.4532209999999999,1.191124,ITA,PYF,0
2905466,111,182,0,1999,1551976.0,18115.0,1.395253,1.3589790000000002,ITA,PYF,0
2905467,111,182,0,2000,1946796.0,9689.0,1.421124,1.112321,ITA,PYF,0
2905468,111,182,0,2001,2773458.0,118073.0,1.389926,1.282143,ITA,PYF,0
2905469,111,182,0,2002,2975383.0,2096.0,1.377604,1.2470510000000001,ITA,PYF,0
2905470,111,182,0,2003,3505207.0,3230.0,1.399734,1.044608,ITA,PYF,0
2905471,111,182,0,2004,4245686.0,8195.0,1.358057,1.11533,ITA,PYF,0
2905472,111,182,0,2005,4251579.0,159451.0,1.295883,1.032218,ITA,PYF,0
2905473,111,182,0,2006,3278983.0,36384.0,1.293779,0.93995,ITA,PYF,0
2905474,111,182,0,2007,3295306.0,3440.0,1.3003559999999998,0.705448,ITA,PYF,0
2905475,111,182,0,2008,3879837.0,0.0,1.308777,0.361523,ITA,PYF,0
2905476,111,182,0,2009,2434842.0,3138.0,1.289,0.64549,ITA,PYF,0
2905477,111,182,0,2010,1922083.0,1100.0,1.272385,0.545721,ITA,PYF,0
2905478,111,182,0,2011,2156197.0,0.0,1.298751,0.48013599999999995,ITA,PYF,0
2905479,111,182,0,2012,1730161.0,1752.0,1.297611,0.28585900000000003,ITA,PYF,0
2905480,111,182,0,2013,3263986.0,0.0,1.289924,0.533436,ITA,PYF,0
2905481,111,182,0,2014,2169982.0,36851.0,1.340136,0.43931099999999995,ITA,PYF,0
2905482,111,182,0,2015,1715850.0,10209.0,1.321127,0.747046,ITA,PYF,0
2905483,111,182,0,2016,1636354.0,0.0,1.339307,0.8549209999999999,ITA,PYF,0
2905484,111,182,0,2017,1620235.0,0.0,1.34395,0.577693,ITA,PYF,0
2905485,111,182,0,2018,2219203.0,24556.0,1.3602530000000002,0.453607,ITA,PYF,0
2905486,111,182,0,2019,2292255.0,21516.0,1.25898,0.926639,ITA,PYF,0
2905487,111,182,0,2020,2345666.0,9129.0,1.299017,0.701797,ITA,PYF,0
2905488,114,182,0,2005,478251.0,10586.0,2.392106,0.278652,JPN,PYF,0
2905489,114,182,0,2009,367152.0,13902.0,2.306791,-0.251712,JPN,PYF,0
2905490,114,182,0,2010,300201.0,16174.0,2.459723,-0.279387,JPN,PYF,0
2905491,114,182,0,2011,236101.0,1181.0,2.516395,-0.534301,JPN,PYF,0
2905492,114,182,0,2012,163420.0,2464.0,2.359022,-0.553565,JPN,PYF,0
2905493,114,182,0,2014,121911.0,11807.0,2.403165,-0.635024,JPN,PYF,0
2905494,114,182,0,2017,202409.0,0.0,2.4510419999999997,-0.277357,JPN,PYF,0
2905495,114,182,0,2018,237261.0,5889.0,2.514533,-0.416074,JPN,PYF,0
2905496,114,182,0,2020,209452.0,0.0,2.405659,-0.38169000000000003,JPN,PYF,0
2905497,114,182,0,2015,125196.0,6968.0,2.516133,-0.484202,JPN,PYF,0
2905498,114,182,0,2016,66731.0,13572.0,2.574025,-0.34859,JPN,PYF,0
2905499,114,182,0,2019,222720.0,31742.0,2.4931509999999997,-0.558811,JPN,PYF,0
2905500,114,182,0,2000,861104.0,0.0,2.579611,0.464875,JPN,PYF,0
2905501,114,182,0,2001,540459.0,3248.0,2.585857,0.522663,JPN,PYF,0
2905502,114,182,0,2002,872602.0,3719.0,2.556057,0.497673,JPN,PYF,0
2905503,114,182,0,2003,858055.0,42823.0,2.4686630000000003,0.48072600000000004,JPN,PYF,0
2905504,114,182,0,2004,573395.0,4356.0,2.526624,0.452054,JPN,PYF,0
2905505,114,182,0,2006,416006.0,12466.0,2.4348099999999997,0.082887,JPN,PYF,0
2905506,114,182,0,2007,500397.0,5684.0,2.313259,0.186703,JPN,PYF,0
2905507,114,182,0,2008,438374.0,6849.0,2.285056,0.036255,JPN,PYF,0
2905508,114,182,0,1995,927190.0,24409.0,2.56822,0.927307,JPN,PYF,0
2905509,114,182,0,1996,772319.0,10667.0,2.615364,0.5656939999999999,JPN,PYF,0
2905510,114,182,0,1997,826654.0,17322.0,2.631846,0.553144,JPN,PYF,0
2905511,114,182,0,1998,1888040.0,23789.0,2.550442,0.718063,JPN,PYF,0
2905512,114,182,0,1999,847126.0,22116.0,2.541382,0.693702,JPN,PYF,0
2905513,114,182,0,2013,116188.0,4562.0,2.3993130000000003,-0.564768,JPN,PYF,0
2905514,116,182,0,2018,3860.0,0.0,-0.32707800000000004,0.71009,KEN,PYF,0
2905515,118,182,0,2018,247175.0,0.0,-0.45740299999999995,-0.575966,KHM,PYF,0
2905516,118,182,0,2017,219613.0,0.0,-0.656325,-0.622167,KHM,PYF,0
2905517,118,182,0,2020,138223.0,0.0,-0.602562,-0.505135,KHM,PYF,0
2905518,118,182,0,2019,211231.0,0.0,-0.7499359999999999,-0.627125,KHM,PYF,0
2905519,121,182,0,1995,81324.0,0.0,0.845175,1.2761799999999999,KOR,PYF,0
2905520,121,182,0,1996,479509.0,0.0,0.8946940000000001,1.240424,KOR,PYF,0
2905521,121,182,0,1997,226525.0,0.0,1.0478290000000001,1.2874370000000002,KOR,PYF,0
2905522,121,182,0,1998,296949.0,0.0,0.999518,1.106351,KOR,PYF,0
2905523,121,182,0,1999,284798.0,10332.0,0.92448,1.053988,KOR,PYF,0
2905524,121,182,0,2000,343872.0,0.0,1.0696700000000001,1.0182209999999998,KOR,PYF,0
2905525,121,182,0,2001,283901.0,0.0,1.145797,1.0762399999999999,KOR,PYF,0
2905526,121,182,0,2002,170076.0,0.0,1.186816,1.075947,KOR,PYF,0
2905527,121,182,0,2003,99111.0,0.0,1.2611709999999998,0.956308,KOR,PYF,0
2905528,121,182,0,2004,108777.0,0.0,1.3624690000000002,0.928342,KOR,PYF,0
2905529,121,182,0,2005,186169.0,0.0,1.4051850000000001,0.815171,KOR,PYF,0
2905530,121,182,0,2006,93585.0,0.0,1.5384309999999999,0.766628,KOR,PYF,0
2905531,121,182,0,2007,116394.0,0.0,1.497359,0.726637,KOR,PYF,0
2905532,121,182,0,2008,217855.0,0.0,1.491687,0.814692,KOR,PYF,0
2905533,121,182,0,2009,125792.0,0.0,1.509336,0.784515,KOR,PYF,0
2905534,121,182,0,2010,69433.0,0.0,1.7118849999999999,0.762362,KOR,PYF,0
2905535,121,182,0,2011,83057.0,0.0,1.731371,0.8306879999999999,KOR,PYF,0
2905536,121,182,0,2012,177750.0,0.0,1.632917,0.877742,KOR,PYF,0
2905537,121,182,0,2013,137253.0,0.0,1.818383,0.75645,KOR,PYF,0
2905538,121,182,0,2020,90362.0,0.0,1.9703950000000001,0.800826,KOR,PYF,0
2905539,121,182,0,2014,109260.0,0.0,1.817145,0.8394530000000001,KOR,PYF,0
2905540,121,182,0,2015,431004.0,0.0,1.900653,0.859406,KOR,PYF,0
2905541,121,182,0,2016,28841.0,0.0,2.086184,0.724318,KOR,PYF,0
2905542,121,182,0,2017,28563.0,0.0,2.011263,0.783215,KOR,PYF,0
2905543,121,182,0,2018,26466.0,0.0,2.093866,0.764303,KOR,PYF,0
2905544,121,182,0,2019,23937.0,0.0,2.115482,0.696838,KOR,PYF,0
2905545,124,182,0,2002,3175.0,0.0,0.2729,1.254232,LBN,PYF,0
2905546,124,182,0,2007,0.0,3409.0,0.47468,1.775191,LBN,PYF,0
2905547,128,182,0,2008,54206.0,0.0,-0.48245200000000005,0.295892,LKA,PYF,0
2905548,128,182,0,2009,94623.0,0.0,-0.653836,0.174403,LKA,PYF,0
2905549,128,182,0,2013,64948.0,0.0,-0.6521779999999999,0.41258599999999995,LKA,PYF,0
2905550,128,182,0,2015,43277.0,0.0,-0.6773399999999999,0.386343,LKA,PYF,0
2905551,128,182,0,2016,352310.0,0.0,-0.562869,0.49937,LKA,PYF,0
2905552,128,182,0,2017,367083.0,0.0,-0.46442799999999995,0.472132,LKA,PYF,0
2905553,128,182,0,2018,347258.0,0.0,-0.544504,0.41074099999999997,LKA,PYF,0
2905554,128,182,0,2019,354267.0,0.0,-0.592952,0.394811,LKA,PYF,0
2905555,128,182,0,2020,300961.0,0.0,-0.48448599999999997,0.5495220000000001,LKA,PYF,0
2905556,128,182,0,2007,13960.0,0.0,-0.568577,0.364717,LKA,PYF,0
2905557,128,182,0,1996,9522.0,0.0,-0.812763,-0.188722,LKA,PYF,0
2905558,128,182,0,1997,13492.0,0.0,-0.925745,-0.308559,LKA,PYF,0
2905559,128,182,0,1998,24545.0,0.0,-0.933293,-0.233566,LKA,PYF,0
2905560,130,182,0,2019,8159.0,0.0,0.858456,1.364581,LTU,PYF,0
2905561,130,182,0,2018,10031.0,0.0,0.964249,1.4050200000000002,LTU,PYF,0
2905562,130,182,0,2013,5010.0,0.0,0.737796,1.215543,LTU,PYF,0
2905563,130,182,0,2014,13031.0,0.0,0.764495,1.3451540000000002,LTU,PYF,0
2905564,130,182,0,2015,12622.0,0.0,0.749429,1.3659860000000001,LTU,PYF,0
2905565,130,182,0,2020,13427.0,0.0,0.9772870000000001,1.291244,LTU,PYF,0
2905566,131,182,0,2004,326718.0,0.0,1.37529,1.0172649999999999,LUX,PYF,0
2905567,131,182,0,2019,4489.0,0.0,1.234145,1.3754309999999998,LUX,PYF,0
2905568,131,182,0,2013,3630.0,0.0,1.170459,1.150327,LUX,PYF,0
2905569,131,182,0,2015,8617.0,0.0,1.218924,1.247152,LUX,PYF,0
2905570,131,182,0,2018,2141.0,0.0,1.1142889999999999,1.306066,LUX,PYF,0
2905571,131,182,0,2020,69464.0,0.0,1.197655,1.432727,LUX,PYF,0
2905572,131,182,0,2011,9241.0,0.0,1.1655739999999999,1.222379,LUX,PYF,0
2905573,131,182,0,2012,18067.0,0.0,1.131145,1.305768,LUX,PYF,0
2905574,131,182,0,2014,1686.0,0.0,1.243845,1.155474,LUX,PYF,0
2905575,131,182,0,2002,3364.0,0.0,1.605378,1.152973,LUX,PYF,0
2905576,131,182,0,2008,10543.0,0.0,1.39945,1.003857,LUX,PYF,0
2905577,131,182,0,2010,3157.0,0.0,1.272127,1.1051520000000001,LUX,PYF,0
2905578,131,182,0,2006,64142.0,0.0,1.4345620000000001,0.8840819999999999,LUX,PYF,0
2905579,131,182,0,2007,2179.0,0.0,1.390259,0.996566,LUX,PYF,0
2905580,131,182,0,2003,3002.0,0.0,1.444996,1.063764,LUX,PYF,0
2905581,131,182,0,1999,940.0,0.0,1.499745,1.142951,LUX,PYF,0
2905582,134,182,0,2009,73583.0,0.0,-0.48819300000000004,0.173952,MAR,PYF,0
2905583,134,182,0,2011,46293.0,0.0,-0.485404,0.099828,MAR,PYF,0
2905584,134,182,0,2014,94995.0,0.0,-0.574034,0.065788,MAR,PYF,0
2905585,134,182,0,2017,5774.0,0.0,-0.757236,-0.065347,MAR,PYF,0
2905586,134,182,0,2005,46533.0,0.0,-0.617355,-0.129666,MAR,PYF,0
2905587,134,182,0,2010,48372.0,0.0,-0.5935229999999999,-0.056497000000000006,MAR,PYF,0
2905588,134,182,0,2018,120463.0,0.0,-0.712775,-0.090013,MAR,PYF,0
2905589,134,182,0,2019,127457.0,0.0,-0.747739,-0.154125,MAR,PYF,0
2905590,134,182,0,2004,43268.0,0.0,-0.681556,-0.152372,MAR,PYF,0
2905591,134,182,0,2008,57774.0,0.0,-0.505734,-0.000516,MAR,PYF,0
2905592,134,182,0,2012,92407.0,0.0,-0.536297,-0.018561,MAR,PYF,0
2905593,134,182,0,2013,89840.0,0.0,-0.6494260000000001,-0.035075999999999996,MAR,PYF,0
2905594,134,182,0,2015,74136.0,0.0,-0.7554810000000001,-0.059697,MAR,PYF,0
2905595,134,182,0,2020,153855.0,0.0,-0.5208510000000001,-0.080499,MAR,PYF,0
2905596,134,182,0,1997,112947.0,0.0,-0.649616,-0.260554,MAR,PYF,0
2905597,136,182,0,2003,67249.0,20290.0,-1.254758,-0.622696,MDG,PYF,0
2905598,136,182,0,2018,38839.0,0.0,-1.2144549999999998,-0.748326,MDG,PYF,0
2905599,136,182,0,2019,75513.0,0.0,-1.267516,-0.733849,MDG,PYF,0
2905600,136,182,0,2020,107483.0,0.0,-1.206503,-0.709465,MDG,PYF,0
2905601,138,182,0,1996,0.0,119367.0,0.651949,0.9132170000000001,MEX,PYF,0
2905602,138,182,0,1997,2364.0,0.0,0.603221,0.898488,MEX,PYF,0
2905603,138,182,0,1999,12053.0,0.0,0.581034,0.8399760000000001,MEX,PYF,0
2905604,138,182,0,2000,10981.0,0.0,0.6866760000000001,0.64383,MEX,PYF,0
2905605,138,182,0,2001,10698.0,0.0,0.797058,0.713234,MEX,PYF,0
2905606,138,182,0,2003,3995.0,0.0,0.862509,0.756684,MEX,PYF,0
2905607,138,182,0,2005,23320.0,0.0,1.046235,0.856245,MEX,PYF,0
2905608,138,182,0,2007,7433.0,0.0,1.044746,0.605246,MEX,PYF,0
2905609,138,182,0,2008,17296.0,0.0,0.9833639999999999,0.7687069999999999,MEX,PYF,0
2905610,138,182,0,2010,4029.0,0.0,1.132664,0.675756,MEX,PYF,0
2905611,138,182,0,2011,9454.0,0.0,0.9534600000000001,0.706982,MEX,PYF,0
2905612,138,182,0,2012,19922.0,0.0,1.039541,0.663349,MEX,PYF,0
2905613,138,182,0,2013,21149.0,0.0,1.048507,0.718932,MEX,PYF,0
2905614,138,182,0,2014,158135.0,0.0,1.0799729999999998,0.697554,MEX,PYF,0
2905615,138,182,0,2018,148035.0,1023.0,1.00061,0.585759,MEX,PYF,0
2905616,138,182,0,2020,30776.0,0.0,0.974514,0.563643,MEX,PYF,0
2905617,138,182,0,2019,57185.0,0.0,1.083041,0.569353,MEX,PYF,0
2905618,142,182,0,2009,3499.0,0.0,1.233965,-0.016763,MLT,PYF,0
2905619,142,182,0,2014,1240.0,0.0,0.817013,0.0016309999999999999,MLT,PYF,0
2905620,143,182,0,2018,47804.0,0.0,-0.936467,-0.223413,MMR,PYF,0
2905621,143,182,0,2020,130910.0,0.0,-0.9993569999999999,-0.298647,MMR,PYF,0
2905622,153,182,0,1997,61688.0,0.0,0.37340999999999996,0.36853600000000003,MYS,PYF,0
2905623,153,182,0,1999,167238.0,0.0,0.500591,0.136149,MYS,PYF,0
2905624,153,182,0,2000,250299.0,0.0,0.519684,0.170286,MYS,PYF,0
2905625,153,182,0,2002,239655.0,0.0,0.704957,0.243398,MYS,PYF,0
2905626,153,182,0,2004,2584717.0,0.0,0.6710050000000001,0.17807,MYS,PYF,0
2905627,153,182,0,2005,973426.0,0.0,0.5847439999999999,0.13176300000000002,MYS,PYF,0
2905628,153,182,0,2006,650664.0,0.0,0.7896569999999999,0.363625,MYS,PYF,0
2905629,153,182,0,2007,709320.0,0.0,0.740788,0.302155,MYS,PYF,0
2905630,153,182,0,2008,961235.0,0.0,0.793395,0.6141939999999999,MYS,PYF,0
2905631,153,182,0,2009,688811.0,0.0,0.8718229999999999,0.607429,MYS,PYF,0
2905632,153,182,0,2010,355841.0,0.0,0.9530780000000001,0.607456,MYS,PYF,0
2905633,153,182,0,2011,269804.0,0.0,0.9893290000000001,0.632079,MYS,PYF,0
2905634,153,182,0,2012,196844.0,0.0,0.945643,0.7526510000000001,MYS,PYF,0
2905635,153,182,0,2013,441762.0,0.0,0.937641,0.747496,MYS,PYF,0
2905636,153,182,0,2014,427983.0,0.0,1.018138,0.774649,MYS,PYF,0
2905637,153,182,0,2015,370044.0,0.0,1.082803,0.811615,MYS,PYF,0
2905638,153,182,0,2016,274322.0,0.0,1.106894,0.7452840000000001,MYS,PYF,0
2905639,153,182,0,2018,707457.0,0.0,1.122976,0.734109,MYS,PYF,0
2905640,153,182,0,1995,117748.0,0.0,0.357745,0.374284,MYS,PYF,0
2905641,153,182,0,1996,102405.0,0.0,0.351774,0.347262,MYS,PYF,0
2905642,153,182,0,2003,453097.0,0.0,0.728804,0.2168,MYS,PYF,0
2905643,153,182,0,2017,476792.0,0.0,1.0110139999999999,0.6840729999999999,MYS,PYF,0
2905644,153,182,0,2019,510765.0,0.0,1.192967,0.730971,MYS,PYF,0
2905645,153,182,0,1998,104766.0,0.0,0.396826,0.203792,MYS,PYF,0
2905646,153,182,0,2001,84353.0,0.0,0.768174,0.307033,MYS,PYF,0
2905647,153,182,0,2020,273674.0,0.0,1.185223,0.573439,MYS,PYF,0
2905648,155,182,0,2004,0.0,77267.0,-0.40995299999999996,-0.550272,NAM,PYF,0
2905649,156,182,0,2010,52613.0,52196.0,-0.42193500000000006,-0.8256610000000001,NCL,PYF,0
2905650,156,182,0,2015,46891.0,132008.0,-0.727911,-0.844562,NCL,PYF,0
2905651,156,182,0,2019,112581.0,155829.0,-0.342544,-0.867944,NCL,PYF,0
2905652,156,182,0,2009,49551.0,84610.0,1.323528,0.523435,NCL,PYF,0
2905653,156,182,0,2002,40096.0,49812.0,-0.292646,-0.823263,NCL,PYF,0
2905654,156,182,0,2007,36326.0,112958.0,-0.075892,-0.8211430000000001,NCL,PYF,0
2905655,156,182,0,2011,4701.0,70780.0,-0.976349,-0.798691,NCL,PYF,0
2905656,156,182,0,2012,60548.0,179522.0,-0.635354,-0.777234,NCL,PYF,0
2905657,156,182,0,2014,71169.0,86236.0,-0.509789,-0.767484,NCL,PYF,0
2905658,156,182,0,2018,98818.0,97615.0,-0.49370299999999995,-0.865432,NCL,PYF,0
2905659,156,182,0,2020,229435.0,169510.0,-0.666664,-0.88528,NCL,PYF,0
2905660,156,182,0,2013,33658.0,233928.0,-0.136052,-0.703913,NCL,PYF,0
2905661,156,182,0,2006,34510.0,106162.0,-0.135099,-0.7618779999999999,NCL,PYF,0
2905662,156,182,0,1999,1954.0,76628.0,-0.079579,-0.777079,NCL,PYF,0
2905663,156,182,0,2004,13626.0,211876.0,-0.49824700000000005,-0.8284239999999999,NCL,PYF,0
2905664,156,182,0,2005,32379.0,133414.0,0.08313200000000001,-0.691012,NCL,PYF,0
2905665,156,182,0,2008,95077.0,208096.0,-0.21304099999999998,-0.8147300000000001,NCL,PYF,0
2905666,156,182,0,2000,10084.0,11589.0,0.034618,-0.7699729999999999,NCL,PYF,0
2905667,156,182,0,2003,25533.0,135995.0,-0.344934,-0.776632,NCL,PYF,0
2905668,156,182,0,1996,1060.0,172034.0,-0.951583,-0.785157,NCL,PYF,0
2905669,156,182,0,1997,7634.0,137888.0,-0.9234049999999999,-0.8851110000000001,NCL,PYF,0
2905670,156,182,0,1998,3448.0,117508.0,-0.846726,-0.879084,NCL,PYF,0
2905671,156,182,0,2001,13241.0,17662.0,-0.837087,-0.9207040000000001,NCL,PYF,0
2905672,159,182,0,2003,0.0,3632.0,-1.859176,-1.234236,NGA,PYF,0
2905673,159,182,0,2000,0.0,15065.0,-2.164663,-1.257723,NGA,PYF,0
2905674,159,182,0,2006,0.0,9970.0,-2.094353,-1.215025,NGA,PYF,0
2905675,160,182,0,1997,0.0,2529.0,-0.8090109999999999,-0.783853,NIC,PYF,0
2905676,162,182,0,1995,282904.0,1796.0,1.304391,1.8819119999999998,NLD,PYF,0
2905677,162,182,0,1996,185992.0,0.0,1.256625,1.803132,NLD,PYF,0
2905678,162,182,0,1997,240133.0,772.0,1.267794,1.727888,NLD,PYF,0
2905679,162,182,0,1998,192964.0,0.0,1.248469,1.683182,NLD,PYF,0
2905680,162,182,0,1999,159348.0,0.0,1.308776,1.574293,NLD,PYF,0
2905681,162,182,0,2000,215821.0,0.0,1.283291,1.58901,NLD,PYF,0
2905682,162,182,0,2001,219788.0,4928.0,1.315685,1.590935,NLD,PYF,0
2905683,162,182,0,2002,311491.0,0.0,1.206176,1.7136360000000002,NLD,PYF,0
2905684,162,182,0,2003,465124.0,0.0,1.168453,1.7085709999999998,NLD,PYF,0
2905685,162,182,0,2004,345109.0,0.0,1.251808,1.586526,NLD,PYF,0
2905686,162,182,0,2005,505518.0,37162.0,1.143533,1.614774,NLD,PYF,0
2905687,162,182,0,2006,688154.0,0.0,1.192134,1.450852,NLD,PYF,0
2905688,162,182,0,2007,537591.0,3262.0,1.089169,1.589641,NLD,PYF,0
2905689,162,182,0,2008,490662.0,7073.0,1.139475,1.385316,NLD,PYF,0
2905690,162,182,0,2009,462792.0,0.0,1.1914850000000001,1.3076780000000001,NLD,PYF,0
2905691,162,182,0,2010,149300.0,0.0,1.237998,1.1891209999999999,NLD,PYF,0
2905692,162,182,0,2011,342103.0,0.0,1.1655229999999999,1.410167,NLD,PYF,0
2905693,162,182,0,2012,136200.0,0.0,1.124582,1.374002,NLD,PYF,0
2905694,162,182,0,2013,76548.0,0.0,1.184107,1.249557,NLD,PYF,0
2905695,162,182,0,2014,124794.0,2371.0,1.179325,1.355071,NLD,PYF,0
2905696,162,182,0,2015,217580.0,40184.0,1.230104,1.27344,NLD,PYF,0
2905697,162,182,0,2016,93267.0,0.0,1.157361,1.5188540000000001,NLD,PYF,0
2905698,162,182,0,2017,312020.0,0.0,1.146959,1.470869,NLD,PYF,0
2905699,162,182,0,2018,161959.0,0.0,1.1478899999999999,1.454758,NLD,PYF,0
2905700,162,182,0,2019,180922.0,24156.0,1.145044,1.3523530000000001,NLD,PYF,0
2905701,162,182,0,2020,277210.0,52776.0,1.035951,1.559401,NLD,PYF,0
2905702,163,182,0,2008,2952.0,0.0,0.911428,-0.019318000000000002,NOR,PYF,0
2905703,163,182,0,2018,1565.0,0.0,0.681639,0.021762,NOR,PYF,0
2905704,163,182,0,1997,2059.0,0.0,1.003945,0.188826,NOR,PYF,0
2905705,163,182,0,1998,1053.0,0.0,1.1660190000000001,0.43901899999999994,NOR,PYF,0
2905706,163,182,0,2003,630.0,0.0,1.1500620000000001,0.258554,NOR,PYF,0
2905707,163,182,0,2005,2663.0,0.0,1.0581530000000001,0.038369,NOR,PYF,0
2905708,163,182,0,2020,2175.0,0.0,0.793459,0.369766,NOR,PYF,0
2905709,163,182,0,2007,9686.0,0.0,0.9829100000000001,0.100995,NOR,PYF,0
2905710,163,182,0,2009,5152.0,0.0,0.865455,0.082808,NOR,PYF,0
2905711,163,182,0,2017,3565.0,0.0,0.73658,0.11450199999999999,NOR,PYF,0
2905712,163,182,0,2013,1043.0,0.0,0.892099,0.18168399999999998,NOR,PYF,0
2905713,163,182,0,2014,3753.0,0.0,0.9187049999999999,0.182685,NOR,PYF,0
2905714,163,182,0,2016,3550.0,0.0,0.89891,0.297673,NOR,PYF,0
2905715,163,182,0,2006,3957.0,0.0,1.0787930000000001,0.014051,NOR,PYF,0
2905716,163,182,0,2010,3731.0,0.0,0.865676,0.138757,NOR,PYF,0
2905717,163,182,0,2011,872.0,0.0,0.8492770000000001,0.050044,NOR,PYF,0
2905718,163,182,0,2012,1284.0,0.0,0.8613049999999999,0.12626800000000002,NOR,PYF,0
2905719,166,182,0,1998,933118.0,12157.0,0.5690529999999999,0.7752060000000001,NZL,PYF,0
2905720,166,182,0,1997,703251.0,59853.0,0.557545,0.731294,NZL,PYF,0
2905721,166,182,0,2001,5393975.0,8812.0,0.521409,0.683134,NZL,PYF,0
2905722,166,182,0,2002,4790492.0,31044.0,0.542585,0.854243,NZL,PYF,0
2905723,166,182,0,2003,1763215.0,5430.0,0.589619,0.997301,NZL,PYF,0
2905724,166,182,0,2004,2297441.0,18457.0,0.567392,0.965781,NZL,PYF,0
2905725,166,182,0,2005,3003841.0,42417.0,0.623822,0.825528,NZL,PYF,0
2905726,166,182,0,2006,1790401.0,26499.0,0.5371,0.8240209999999999,NZL,PYF,0
2905727,166,182,0,2007,2084613.0,16435.0,0.495938,0.845825,NZL,PYF,0
2905728,166,182,0,2008,2190031.0,11054.0,0.513416,0.753058,NZL,PYF,0
2905729,166,182,0,2009,1918994.0,62240.0,0.38301999999999997,0.720644,NZL,PYF,0
2905730,166,182,0,2010,1639243.0,9600.0,0.36828299999999997,0.574574,NZL,PYF,0
2905731,166,182,0,2011,2530132.0,9966.0,0.372732,0.548601,NZL,PYF,0
2905732,166,182,0,2012,2062350.0,17795.0,0.410575,0.714584,NZL,PYF,0
2905733,166,182,0,2013,2411039.0,28697.0,0.3345,0.39063000000000003,NZL,PYF,0
2905734,166,182,0,2014,2976134.0,27222.0,0.272502,0.21628699999999998,NZL,PYF,0
2905735,166,182,0,2015,1968033.0,21737.0,0.224598,0.253179,NZL,PYF,0
2905736,166,182,0,2016,2400367.0,0.0,0.236556,0.252918,NZL,PYF,0
2905737,166,182,0,2017,1981802.0,1087.0,0.25651199999999996,0.132996,NZL,PYF,0
2905738,166,182,0,2018,2570519.0,38447.0,0.21902600000000003,0.148714,NZL,PYF,0
2905739,166,182,0,2019,2240133.0,198028.0,0.119281,0.039036,NZL,PYF,0
2905740,166,182,0,2020,1588508.0,3309.0,0.145567,0.070121,NZL,PYF,0
2905741,166,182,0,1995,1283345.0,0.0,0.5558270000000001,0.773271,NZL,PYF,0
2905742,166,182,0,1999,1083265.0,15317.0,0.592051,0.780176,NZL,PYF,0
2905743,166,182,0,2000,1336564.0,2357.0,0.552858,0.8281129999999999,NZL,PYF,0
2905744,166,182,0,1996,1125175.0,17016.0,0.49466099999999996,0.8302879999999999,NZL,PYF,0
2905745,168,182,0,2006,472403.0,0.0,-0.449333,0.563013,PAK,PYF,0
2905746,168,182,0,2015,184164.0,0.0,-0.7059979999999999,0.73501,PAK,PYF,0
2905747,168,182,0,2019,367048.0,0.0,-0.6909270000000001,0.8651120000000001,PAK,PYF,0
2905748,168,182,0,2017,177586.0,0.0,-0.698561,0.43523500000000004,PAK,PYF,0
2905749,168,182,0,2020,293121.0,0.0,-0.52984,0.63654,PAK,PYF,0
2905750,168,182,0,2003,424460.0,0.0,-0.6659689999999999,0.137924,PAK,PYF,0
2905751,168,182,0,2007,255616.0,0.0,-0.5594359999999999,0.47369300000000003,PAK,PYF,0
2905752,168,182,0,2012,102083.0,0.0,-0.633706,0.658617,PAK,PYF,0
2905753,168,182,0,2014,94795.0,0.0,-0.672924,0.566787,PAK,PYF,0
2905754,168,182,0,2016,265497.0,0.0,-0.7502800000000001,0.545331,PAK,PYF,0
2905755,168,182,0,2018,162580.0,0.0,-0.64348,0.665045,PAK,PYF,0
2905756,168,182,0,1999,283930.0,0.0,-1.047891,-0.525612,PAK,PYF,0
2905757,168,182,0,1996,392725.0,0.0,-0.7543300000000001,-0.393654,PAK,PYF,0
2905758,168,182,0,1997,250540.0,0.0,-0.882432,-0.563344,PAK,PYF,0
2905759,168,182,0,1998,271124.0,0.0,-0.9008149999999999,-0.448942,PAK,PYF,0
2905760,168,182,0,2000,321573.0,0.0,-0.851295,-0.370618,PAK,PYF,0
2905761,168,182,0,2001,426464.0,0.0,-0.8376520000000001,-0.378743,PAK,PYF,0
2905762,168,182,0,2002,492348.0,0.0,-0.877655,-0.322094,PAK,PYF,0
2905763,173,182,0,2007,19275.0,0.0,-0.49716099999999996,0.02556,PER,PYF,0
2905764,173,182,0,2012,3262.0,0.0,-0.444821,0.555188,PER,PYF,0
2905765,173,182,0,2013,14844.0,0.0,-0.573852,0.357977,PER,PYF,0
2905766,173,182,0,2014,1514.0,0.0,-0.557833,0.611826,PER,PYF,0
2905767,174,182,0,1996,52241.0,0.0,-0.276548,0.344986,PHL,PYF,0
2905768,174,182,0,1997,60806.0,0.0,-0.24310900000000002,0.085784,PHL,PYF,0
2905769,174,182,0,1998,53730.0,0.0,-0.262725,-0.075781,PHL,PYF,0
2905770,174,182,0,1999,377097.0,0.0,-0.401903,-0.333408,PHL,PYF,0
2905771,174,182,0,2000,84299.0,2886.0,-0.279447,-0.329073,PHL,PYF,0
2905772,174,182,0,2001,38166.0,0.0,-0.028201,-0.112349,PHL,PYF,0
2905773,174,182,0,2002,34845.0,0.0,0.055439999999999996,-0.179809,PHL,PYF,0
2905774,174,182,0,2003,67478.0,0.0,-0.065022,-0.195144,PHL,PYF,0
2905775,174,182,0,2004,101417.0,0.0,-0.076709,-0.149006,PHL,PYF,0
2905776,174,182,0,2005,67209.0,0.0,-0.038225999999999996,-0.057957,PHL,PYF,0
2905777,174,182,0,2006,384808.0,0.0,0.161994,0.036631,PHL,PYF,0
2905778,174,182,0,2007,50647.0,0.0,0.032117,-0.16600499999999999,PHL,PYF,0
2905779,174,182,0,2009,28795.0,0.0,0.34318000000000004,0.095375,PHL,PYF,0
2905780,174,182,0,2010,53944.0,0.0,0.40418899999999996,0.102497,PHL,PYF,0
2905781,174,182,0,2011,58676.0,0.0,0.364707,0.322626,PHL,PYF,0
2905782,174,182,0,2014,13712.0,0.0,0.637442,0.475883,PHL,PYF,0
2905783,174,182,0,2017,66667.0,0.0,0.657759,0.170061,PHL,PYF,0
2905784,174,182,0,2008,167340.0,0.0,0.276488,-0.02957,PHL,PYF,0
2905785,174,182,0,2012,582.0,0.0,0.388785,0.465275,PHL,PYF,0
2905786,174,182,0,2013,474.0,0.0,0.507868,0.355403,PHL,PYF,0
2905787,174,182,0,2015,65852.0,0.0,0.6406270000000001,0.45770200000000005,PHL,PYF,0
2905788,174,182,0,2016,29200.0,0.0,0.619343,0.303981,PHL,PYF,0
2905789,174,182,0,2018,13587.0,0.0,0.781409,0.22126700000000002,PHL,PYF,0
2905790,174,182,0,2019,118971.0,0.0,0.762884,0.3318,PHL,PYF,0
2905791,174,182,0,2020,21682.0,0.0,0.755786,0.24693,PHL,PYF,0
2905792,176,182,0,2005,70993.0,0.0,-1.6583900000000003,-1.198114,PNG,PYF,0
2905793,176,182,0,1999,24229.0,0.0,-1.850785,-1.256969,PNG,PYF,0
2905794,176,182,0,2000,2258.0,0.0,-1.686651,-1.1906729999999999,PNG,PYF,0
2905795,176,182,0,2006,5818.0,0.0,-1.89409,-1.234731,PNG,PYF,0
2905796,177,182,0,2004,3574.0,0.0,1.019341,1.519452,POL,PYF,0
2905797,177,182,0,2005,26431.0,0.0,0.9564299999999999,1.559385,POL,PYF,0
2905798,177,182,0,2006,44083.0,0.0,0.991927,1.474418,POL,PYF,0
2905799,177,182,0,2007,34205.0,0.0,1.0412139999999999,1.309641,POL,PYF,0
2905800,177,182,0,2008,50014.0,0.0,1.037287,1.244457,POL,PYF,0
2905801,177,182,0,2009,20521.0,0.0,1.11055,1.069074,POL,PYF,0
2905802,177,182,0,2010,10130.0,0.0,1.083552,1.1433719999999998,POL,PYF,0
2905803,177,182,0,2011,10838.0,0.0,1.133641,1.134203,POL,PYF,0
2905804,177,182,0,2012,24710.0,0.0,1.0626870000000002,1.267268,POL,PYF,0
2905805,177,182,0,2013,13888.0,0.0,1.084332,1.216749,POL,PYF,0
2905806,177,182,0,2014,37751.0,0.0,1.133102,1.177165,POL,PYF,0
2905807,177,182,0,2015,25310.0,0.0,1.145844,1.1449280000000002,POL,PYF,0
2905808,177,182,0,2016,11455.0,0.0,1.146113,1.239532,POL,PYF,0
2905809,177,182,0,2017,10110.0,0.0,1.197417,1.092716,POL,PYF,0
2905810,177,182,0,2018,47378.0,0.0,1.132475,1.258945,POL,PYF,0
2905811,177,182,0,2019,106231.0,0.0,1.088347,1.275875,POL,PYF,0
2905812,177,182,0,2020,60953.0,4801.0,1.0227979999999999,1.4079139999999999,POL,PYF,0
2905813,177,182,0,2000,84164.0,0.0,0.862983,1.8683400000000001,POL,PYF,0
2905814,177,182,0,1996,36889.0,0.0,0.795489,1.9004729999999999,POL,PYF,0
2905815,177,182,0,1997,53045.0,0.0,0.805559,1.9598520000000001,POL,PYF,0
2905816,177,182,0,1999,49023.0,0.0,0.8512700000000001,1.8975229999999998,POL,PYF,0
2905817,177,182,0,2001,73800.0,0.0,0.9474540000000001,1.8408220000000002,POL,PYF,0
2905818,177,182,0,1998,69289.0,0.0,0.8638309999999999,1.8881299999999999,POL,PYF,0
2905819,177,182,0,2002,33458.0,0.0,0.931642,1.721727,POL,PYF,0
2905820,177,182,0,2003,48337.0,0.0,0.966622,1.664838,POL,PYF,0
2905821,178,182,0,2018,2452.0,0.0,0.714618,0.47291700000000003,PRK,PYF,0
2905822,178,182,0,2019,9759.0,0.0,1.049447,0.46940699999999996,PRK,PYF,0
2905823,178,182,0,1999,3797.0,0.0,0.536814,0.980433,PRK,PYF,0
2905824,178,182,0,1996,61386.0,0.0,0.725014,1.20189,PRK,PYF,0
2905825,179,182,0,2000,82691.0,0.0,0.547816,1.70635,PRT,PYF,0
2905826,179,182,0,2002,68671.0,0.0,0.484407,1.6500080000000001,PRT,PYF,0
2905827,179,182,0,2012,174523.0,0.0,0.648544,2.405491,PRT,PYF,0
2905828,179,182,0,2013,1029638.0,0.0,0.541454,2.5228610000000002,PRT,PYF,0
2905829,179,182,0,2014,484081.0,0.0,0.621053,2.349644,PRT,PYF,0
2905830,179,182,0,2015,215377.0,0.0,0.561922,2.2276380000000002,PRT,PYF,0
2905831,179,182,0,2016,153761.0,0.0,0.519621,2.254972,PRT,PYF,0
2905832,179,182,0,2017,62091.0,0.0,0.527046,2.264624,PRT,PYF,0
2905833,179,182,0,2018,303401.0,0.0,0.652628,2.211758,PRT,PYF,0
2905834,179,182,0,2019,684421.0,0.0,0.545467,2.344447,PRT,PYF,0
2905835,179,182,0,2020,455702.0,0.0,0.656999,2.1136470000000003,PRT,PYF,0
2905836,179,182,0,1995,53275.0,0.0,0.412677,1.254009,PRT,PYF,0
2905837,179,182,0,1996,67722.0,0.0,0.39343,1.170144,PRT,PYF,0
2905838,179,182,0,1998,224433.0,0.0,0.39771999999999996,1.303603,PRT,PYF,0
2905839,179,182,0,1999,78419.0,0.0,0.420538,1.379359,PRT,PYF,0
2905840,179,182,0,2003,111760.0,0.0,0.471376,1.647303,PRT,PYF,0
2905841,179,182,0,2008,141993.0,0.0,0.64135,2.1946939999999997,PRT,PYF,0
2905842,179,182,0,2009,270565.0,0.0,0.559189,2.4359919999999997,PRT,PYF,0
2905843,179,182,0,2010,97328.0,0.0,0.551149,2.437209,PRT,PYF,0
2905844,179,182,0,2011,230207.0,0.0,0.558481,2.7056240000000003,PRT,PYF,0
2905845,179,182,0,1997,331482.0,0.0,0.379367,1.296551,PRT,PYF,0
2905846,179,182,0,2001,67833.0,0.0,0.482048,1.662123,PRT,PYF,0
2905847,179,182,0,2005,167807.0,0.0,0.5119819999999999,1.901636,PRT,PYF,0
2905848,179,182,0,2006,623272.0,0.0,0.5723630000000001,1.92303,PRT,PYF,0
2905849,179,182,0,2004,164635.0,0.0,0.524524,1.901139,PRT,PYF,0
2905850,179,182,0,2007,280347.0,0.0,0.621302,1.971656,PRT,PYF,0
2905851,185,182,0,2005,186733.0,0.0,0.371288,1.095875,ROU,PYF,0
2905852,185,182,0,2006,136782.0,0.0,0.550825,1.170744,ROU,PYF,0
2905853,185,182,0,2007,220874.0,0.0,0.69445,1.223747,ROU,PYF,0
2905854,185,182,0,2008,146313.0,0.0,0.784924,1.235527,ROU,PYF,0
2905855,185,182,0,2009,123447.0,0.0,0.833802,1.024418,ROU,PYF,0
2905856,185,182,0,2011,145299.0,0.0,0.722,1.296655,ROU,PYF,0
2905857,185,182,0,2004,202657.0,0.0,0.37241599999999997,1.015865,ROU,PYF,0
2905858,185,182,0,2010,177113.0,0.0,0.6483760000000001,1.200256,ROU,PYF,0
2905859,185,182,0,2018,254282.0,0.0,1.050715,1.04471,ROU,PYF,0
2905860,185,182,0,2017,589429.0,0.0,1.05479,0.9842219999999999,ROU,PYF,0
2905861,185,182,0,2019,304505.0,0.0,1.044289,1.013691,ROU,PYF,0
2905862,185,182,0,2020,193677.0,0.0,1.13426,0.9767809999999999,ROU,PYF,0
2905863,185,182,0,2012,209765.0,0.0,0.745926,1.2884719999999998,ROU,PYF,0
2905864,185,182,0,2013,112191.0,0.0,0.792035,1.225034,ROU,PYF,0
2905865,185,182,0,2002,135181.0,0.0,0.29888200000000004,0.980376,ROU,PYF,0
2905866,185,182,0,2015,166791.0,0.0,0.946363,1.056775,ROU,PYF,0
2905867,185,182,0,2014,131788.0,0.0,0.9112,1.188161,ROU,PYF,0
2905868,188,182,0,2008,10048.0,0.0,-0.09849400000000001,-0.8998309999999999,SAU,PYF,0
2905869,188,182,0,1998,4098.0,0.0,0.521849,-0.7550899999999999,SAU,PYF,0
2905870,189,182,0,2003,110999.0,0.0,0.575326,1.627894,SCG,PYF,0
2905871,191,182,0,1997,11846.0,0.0,-0.606205,-0.727753,SEN,PYF,0
2905872,191,182,0,2001,9140.0,0.0,-0.437779,-0.436654,SEN,PYF,0
2905873,191,182,0,2011,6689.0,0.0,-0.624346,-0.308052,SEN,PYF,0
2905874,191,182,0,2002,21537.0,0.0,-0.43679700000000005,-0.484176,SEN,PYF,0
2905875,191,182,0,2003,21506.0,0.0,-0.25203600000000004,-0.25549299999999997,SEN,PYF,0
2905876,191,182,0,2004,7476.0,0.0,-0.527127,-0.368631,SEN,PYF,0
2905877,191,182,0,2005,6378.0,0.0,-0.279715,-0.231985,SEN,PYF,0
2905878,191,182,0,2006,16458.0,0.0,-0.364713,-0.183612,SEN,PYF,0
2905879,191,182,0,1996,2506.0,0.0,-0.619785,-0.712171,SEN,PYF,0
2905880,191,182,0,1999,19115.0,0.0,-0.472473,-0.462562,SEN,PYF,0
2905881,191,182,0,1998,19947.0,0.0,-0.416955,-0.449216,SEN,PYF,0
2905882,191,182,0,2000,6344.0,0.0,-0.46170100000000003,-0.435547,SEN,PYF,0
2905883,192,182,0,2001,3052333.0,0.0,1.364239,0.721074,SGP,PYF,0
2905884,192,182,0,2002,3070228.0,907.0,1.481857,0.648889,SGP,PYF,0
2905885,192,182,0,2011,1700541.0,0.0,1.849116,0.52127,SGP,PYF,0
2905886,192,182,0,2013,1892142.0,0.0,1.915504,0.619576,SGP,PYF,0
2905887,192,182,0,2015,1499886.0,12734.0,2.05613,0.593065,SGP,PYF,0
2905888,192,182,0,2016,788116.0,12502.0,2.089995,0.564921,SGP,PYF,0
2905889,192,182,0,2014,969861.0,400.0,1.867492,0.626736,SGP,PYF,0
2905890,192,182,0,2018,1726375.0,23033.0,1.914132,0.652011,SGP,PYF,0
2905891,192,182,0,2017,633475.0,1444.0,1.884166,0.37903600000000004,SGP,PYF,0
2905892,192,182,0,1999,3833259.0,0.0,1.355833,0.594305,SGP,PYF,0
2905893,192,182,0,2000,2633832.0,1696.0,1.3392389999999998,0.6035010000000001,SGP,PYF,0
2905894,192,182,0,2012,1846395.0,0.0,1.685959,0.5900989999999999,SGP,PYF,0
2905895,192,182,0,2020,576517.0,15727.0,1.948379,0.610574,SGP,PYF,0
2905896,192,182,0,2005,2777351.0,893.0,1.601677,0.49930399999999997,SGP,PYF,0
2905897,192,182,0,1995,5497968.0,6086.0,0.747684,0.4745,SGP,PYF,0
2905898,192,182,0,1996,3418807.0,0.0,0.8354299999999999,0.41169799999999995,SGP,PYF,0
2905899,192,182,0,1997,4004661.0,1270.0,1.01557,0.360154,SGP,PYF,0
2905900,192,182,0,1998,5370817.0,0.0,1.0029709999999998,0.506545,SGP,PYF,0
2905901,192,182,0,2003,2753329.0,2982.0,1.5080799999999999,0.720337,SGP,PYF,0
2905902,192,182,0,2004,3293843.0,0.0,1.6409779999999998,0.634947,SGP,PYF,0
2905903,192,182,0,2006,2946445.0,0.0,1.5377379999999998,0.503089,SGP,PYF,0
2905904,192,182,0,2007,2440308.0,3131.0,1.608299,0.545791,SGP,PYF,0
2905905,192,182,0,2008,2509419.0,0.0,1.844543,0.5947020000000001,SGP,PYF,0
2905906,192,182,0,2009,1730822.0,0.0,1.9503540000000001,0.498033,SGP,PYF,0
2905907,192,182,0,2010,2070524.0,15930.0,1.8441349999999999,0.570311,SGP,PYF,0
2905908,192,182,0,2019,867272.0,0.0,2.0264599999999997,0.665506,SGP,PYF,0
2905909,201,182,0,2014,4342.0,0.0,0.551635,1.211535,SRB,PYF,0
2905910,201,182,0,2017,7388.0,0.0,0.541644,1.19872,SRB,PYF,0
2905911,201,182,0,2019,19130.0,0.0,0.543913,1.210102,SRB,PYF,0
2905912,201,182,0,2020,53043.0,0.0,0.5868399999999999,1.1187120000000002,SRB,PYF,0
2905913,206,182,0,2010,2877.0,0.0,1.278601,0.726907,SVK,PYF,0
2905914,206,182,0,2011,3829.0,0.0,1.262897,0.8230569999999999,SVK,PYF,0
2905915,206,182,0,2013,4628.0,0.0,1.32064,0.7519819999999999,SVK,PYF,0
2905916,206,182,0,2018,365.0,0.0,1.3270979999999999,0.877684,SVK,PYF,0
2905917,206,182,0,2014,1362.0,0.0,1.334959,0.821253,SVK,PYF,0
2905918,206,182,0,2019,1852.0,0.0,1.39311,0.743107,SVK,PYF,0
2905919,206,182,0,2008,18689.0,0.0,1.3402040000000002,0.8038770000000001,SVK,PYF,0
2905920,206,182,0,2012,3434.0,0.0,1.26088,0.7704770000000001,SVK,PYF,0
2905921,206,182,0,2020,2742.0,0.0,1.338026,0.825268,SVK,PYF,0
2905922,206,182,0,2003,7215.0,0.0,1.22565,0.915518,SVK,PYF,0
2905923,206,182,0,2004,5194.0,0.0,1.2375120000000002,0.8777889999999999,SVK,PYF,0
2905924,206,182,0,2005,4884.0,0.0,1.250608,0.9054639999999999,SVK,PYF,0
2905925,206,182,0,2007,9417.0,0.0,1.358301,0.79655,SVK,PYF,0
2905926,206,182,0,2009,18593.0,0.0,1.231382,0.820968,SVK,PYF,0
2905927,206,182,0,2015,4266.0,0.0,1.287133,0.7900560000000001,SVK,PYF,0
2905928,206,182,0,2006,20773.0,0.0,1.291583,0.868317,SVK,PYF,0
2905929,207,182,0,2012,1858.0,0.0,1.548381,0.699002,SVN,PYF,0
2905930,207,182,0,2018,3292.0,0.0,1.67428,0.7703800000000001,SVN,PYF,0
2905931,207,182,0,2007,9615.0,0.0,1.605767,0.692926,SVN,PYF,0
2905932,207,182,0,2008,34786.0,0.0,1.5099209999999998,0.683663,SVN,PYF,0
2905933,207,182,0,2010,755.0,0.0,1.595473,0.7023020000000001,SVN,PYF,0
2905934,207,182,0,2011,1565.0,0.0,1.642913,0.700222,SVN,PYF,0
2905935,207,182,0,2014,5740.0,0.0,1.6558669999999998,0.6814399999999999,SVN,PYF,0
2905936,207,182,0,2019,3641.0,0.0,1.63711,0.803198,SVN,PYF,0
2905937,207,182,0,1995,575278.0,0.0,1.424606,1.490521,SVN,PYF,0
2905938,207,182,0,2006,4810.0,0.0,1.5882370000000001,0.800719,SVN,PYF,0
2905939,207,182,0,2009,11082.0,0.0,1.548036,0.730396,SVN,PYF,0
2905940,207,182,0,2017,6471.0,0.0,1.600319,0.854305,SVN,PYF,0
2905941,207,182,0,2013,4684.0,0.0,1.698374,0.563082,SVN,PYF,0
2905942,207,182,0,2015,764.0,0.0,1.6089879999999999,0.833616,SVN,PYF,0
2905943,207,182,0,2020,661.0,0.0,1.570699,0.8442459999999999,SVN,PYF,0
2905944,208,182,0,1997,10426.0,0.0,2.120182,0.993078,SWE,PYF,0
2905945,208,182,0,1999,6097.0,0.0,2.1456720000000002,0.856556,SWE,PYF,0
2905946,208,182,0,2003,32011.0,0.0,2.099224,0.799982,SWE,PYF,0
2905947,208,182,0,2005,7877.0,0.0,1.902796,0.84031,SWE,PYF,0
2905948,208,182,0,2007,25554.0,0.0,1.927244,0.498241,SWE,PYF,0
2905949,208,182,0,2008,90105.0,0.0,1.866575,0.44342700000000007,SWE,PYF,0
2905950,208,182,0,2009,23123.0,0.0,1.877821,0.336565,SWE,PYF,0
2905951,208,182,0,2011,19007.0,0.0,1.857146,0.366159,SWE,PYF,0
2905952,208,182,0,2012,20044.0,0.0,1.78062,0.269041,SWE,PYF,0
2905953,208,182,0,2013,19136.0,0.0,1.869421,0.228109,SWE,PYF,0
2905954,208,182,0,2014,26515.0,0.0,1.817752,0.558474,SWE,PYF,0
2905955,208,182,0,2015,21565.0,0.0,1.8068349999999997,0.693389,SWE,PYF,0
2905956,208,182,0,2016,28493.0,0.0,1.785149,0.767444,SWE,PYF,0
2905957,208,182,0,2017,2599.0,0.0,1.764732,0.732646,SWE,PYF,0
2905958,208,182,0,2018,16138.0,0.0,1.76361,0.766904,SWE,PYF,0
2905959,208,182,0,2019,10963.0,0.0,1.781148,0.742037,SWE,PYF,0
2905960,208,182,0,2020,12138.0,0.0,1.6911310000000002,0.791586,SWE,PYF,0
2905961,208,182,0,1996,3577.0,0.0,2.133781,0.9099889999999999,SWE,PYF,0
2905962,208,182,0,1998,6563.0,0.0,2.134076,0.9259729999999999,SWE,PYF,0
2905963,208,182,0,2000,3729.0,0.0,2.168823,0.839417,SWE,PYF,0
2905964,208,182,0,2001,2338.0,0.0,2.156845,0.784439,SWE,PYF,0
2905965,208,182,0,2002,4563.0,0.0,2.128614,0.7891199999999999,SWE,PYF,0
2905966,208,182,0,2004,10266.0,0.0,2.0522080000000003,0.8326969999999999,SWE,PYF,0
2905967,208,182,0,2006,11243.0,0.0,1.902737,0.593294,SWE,PYF,0
2905968,208,182,0,2010,15651.0,0.0,1.882239,0.397927,SWE,PYF,0
2905969,208,182,0,1995,10422.0,0.0,2.246997,1.060171,SWE,PYF,0
2905970,214,182,0,2007,11870.0,0.0,-2.544742,-0.928218,TCD,PYF,0
2905971,214,182,0,2008,164119.0,0.0,-2.837417,-0.927269,TCD,PYF,0
2905972,214,182,0,2012,16452.0,0.0,-2.067077,-0.987223,TCD,PYF,0
2905973,214,182,0,2006,15412.0,0.0,-3.0579419999999997,-0.8926649999999999,TCD,PYF,0
2905974,214,182,0,2009,35659.0,0.0,-1.294648,-0.9645020000000001,TCD,PYF,0
2905975,216,182,0,1995,847544.0,0.0,0.174522,1.608058,THA,PYF,0
2905976,216,182,0,1996,590001.0,0.0,0.10120599999999999,1.351967,THA,PYF,0
2905977,216,182,0,1997,152355.0,0.0,0.084875,1.41931,THA,PYF,0
2905978,216,182,0,1998,299667.0,0.0,0.128633,1.484142,THA,PYF,0
2905979,216,182,0,1999,698940.0,0.0,0.20451,1.513533,THA,PYF,0
2905980,216,182,0,2000,716092.0,24411.0,0.301195,1.577338,THA,PYF,0
2905981,216,182,0,2001,646828.0,0.0,0.37555900000000003,1.498267,THA,PYF,0
2905982,216,182,0,2002,1076436.0,0.0,0.432041,1.627953,THA,PYF,0
2905983,216,182,0,2003,947518.0,0.0,0.43010699999999996,1.607408,THA,PYF,0
2905984,216,182,0,2004,1291772.0,0.0,0.5150359999999999,1.583019,THA,PYF,0
2905985,216,182,0,2005,2666953.0,0.0,0.552846,1.664665,THA,PYF,0
2905986,216,182,0,2006,2707193.0,0.0,0.568209,1.685343,THA,PYF,0
2905987,216,182,0,2007,2389308.0,0.0,0.711328,1.411114,THA,PYF,0
2905988,216,182,0,2008,1680864.0,0.0,0.7531399999999999,1.4420620000000002,THA,PYF,0
2905989,216,182,0,2009,2935188.0,942.0,0.79692,1.315501,THA,PYF,0
2905990,216,182,0,2010,2919021.0,0.0,0.748328,1.425224,THA,PYF,0
2905991,216,182,0,2011,2230629.0,0.0,0.889009,1.503118,THA,PYF,0
2905992,216,182,0,2012,1577055.0,0.0,0.910957,1.294243,THA,PYF,0
2905993,216,182,0,2013,1579342.0,2905.0,0.8752139999999999,1.3798620000000001,THA,PYF,0
2905994,216,182,0,2014,1987816.0,2845.0,0.977094,1.41283,THA,PYF,0
2905995,216,182,0,2015,2369836.0,4943.0,0.965888,1.368572,THA,PYF,0
2905996,216,182,0,2016,2029958.0,0.0,1.022065,1.428082,THA,PYF,0
2905997,216,182,0,2017,2660019.0,0.0,0.983977,1.3926020000000001,THA,PYF,0
2905998,216,182,0,2018,3175051.0,4749.0,1.053177,1.4084969999999999,THA,PYF,0
2905999,216,182,0,2019,2309290.0,2116.0,0.9744229999999999,1.401199,THA,PYF,0
2906000,216,182,0,2020,1638992.0,0.0,1.035524,1.2777180000000001,THA,PYF,0
2906001,218,182,0,2000,0.0,30165.0,0.48116400000000004,0.160799,TKL,PYF,0
2906002,218,182,0,1998,0.0,12047.0,0.220552,-0.43853100000000006,TKL,PYF,0
2906003,223,182,0,2000,89806.0,0.0,-0.188616,0.044912,TUN,PYF,0
2906004,223,182,0,2001,94694.0,0.0,-0.162152,0.23939699999999997,TUN,PYF,0
2906005,223,182,0,2002,162855.0,0.0,-0.221951,0.325506,TUN,PYF,0
2906006,223,182,0,2003,446565.0,0.0,-0.14845999999999998,0.255092,TUN,PYF,0
2906007,223,182,0,2004,335496.0,0.0,-0.195751,0.335147,TUN,PYF,0
2906008,223,182,0,2005,343629.0,0.0,-0.07273099999999999,0.671113,TUN,PYF,0
2906009,223,182,0,2006,270137.0,0.0,-0.013636,0.804752,TUN,PYF,0
2906010,223,182,0,2007,119477.0,0.0,0.062824,0.74003,TUN,PYF,0
2906011,223,182,0,2009,229123.0,0.0,0.044903,0.9126120000000001,TUN,PYF,0
2906012,223,182,0,2010,156668.0,0.0,0.165019,0.8882059999999999,TUN,PYF,0
2906013,223,182,0,2018,215295.0,0.0,0.259778,1.187194,TUN,PYF,0
2906014,223,182,0,2019,360057.0,0.0,0.19601300000000002,1.159766,TUN,PYF,0
2906015,223,182,0,1995,91327.0,0.0,-0.253792,-0.044331,TUN,PYF,0
2906016,223,182,0,2011,165582.0,0.0,0.151221,1.1252360000000001,TUN,PYF,0
2906017,223,182,0,2012,230842.0,0.0,0.24695799999999998,0.9356620000000001,TUN,PYF,0
2906018,223,182,0,2014,157220.0,0.0,0.343449,1.118007,TUN,PYF,0
2906019,223,182,0,2015,127090.0,0.0,0.140202,0.967591,TUN,PYF,0
2906020,223,182,0,1998,149807.0,0.0,-0.21677,-0.08694299999999999,TUN,PYF,0
2906021,223,182,0,2013,74674.0,0.0,0.185528,1.0070700000000001,TUN,PYF,0
2906022,223,182,0,1996,319780.0,0.0,-0.28546,-0.089051,TUN,PYF,0
2906023,223,182,0,1999,80148.0,0.0,-0.317866,-0.102551,TUN,PYF,0
2906024,223,182,0,2020,645727.0,0.0,0.220298,0.454477,TUN,PYF,0
2906025,224,182,0,1996,135632.0,0.0,0.156866,1.554023,TUR,PYF,0
2906026,224,182,0,1999,85658.0,0.0,0.044692,1.745755,TUR,PYF,0
2906027,224,182,0,2000,182420.0,0.0,0.191299,1.9761529999999998,TUR,PYF,0
2906028,224,182,0,2001,249494.0,0.0,0.188773,1.91451,TUR,PYF,0
2906029,224,182,0,2002,52183.0,0.0,0.11263699999999999,1.83925,TUR,PYF,0
2906030,224,182,0,2003,107490.0,0.0,0.192802,1.9855060000000002,TUR,PYF,0
2906031,224,182,0,2005,74081.0,0.0,0.226487,2.210279,TUR,PYF,0
2906032,224,182,0,2007,97460.0,0.0,0.41396700000000003,2.0339869999999998,TUR,PYF,0
2906033,224,182,0,2008,115786.0,0.0,0.44478,2.186881,TUR,PYF,0
2906034,224,182,0,2009,84704.0,0.0,0.384596,2.3797610000000002,TUR,PYF,0
2906035,224,182,0,2010,79399.0,0.0,0.359977,2.471173,TUR,PYF,0
2906036,224,182,0,2011,84402.0,0.0,0.45775,2.4316259999999996,TUR,PYF,0
2906037,224,182,0,2012,79016.0,0.0,0.507184,2.259161,TUR,PYF,0
2906038,224,182,0,2013,109642.0,0.0,0.42932299999999995,2.690235,TUR,PYF,0
2906039,224,182,0,2014,62137.0,0.0,0.554761,2.385693,TUR,PYF,0
2906040,224,182,0,2015,146532.0,0.0,0.438669,2.519632,TUR,PYF,0
2906041,224,182,0,2016,52508.0,0.0,0.45364799999999994,2.478837,TUR,PYF,0
2906042,224,182,0,2017,24319.0,0.0,0.541611,2.405872,TUR,PYF,0
2906043,224,182,0,2018,247619.0,0.0,0.518721,2.5581419999999997,TUR,PYF,0
2906044,224,182,0,2019,306129.0,0.0,0.569408,2.364546,TUR,PYF,0
2906045,224,182,0,2020,472875.0,0.0,0.590472,2.619866,TUR,PYF,0
2906046,224,182,0,2006,52559.0,0.0,0.33971599999999996,2.193384,TUR,PYF,0
2906047,224,182,0,1997,149910.0,0.0,0.167734,1.5827870000000002,TUR,PYF,0
2906048,224,182,0,1998,124450.0,0.0,0.085286,1.653589,TUR,PYF,0
2906049,224,182,0,2004,73770.0,0.0,0.141454,1.9463599999999999,TUR,PYF,0
2906050,228,182,0,2009,21960.0,0.0,0.602688,0.830247,UKR,PYF,0
2906051,228,182,0,2012,4608.0,0.0,0.590001,0.8422069999999999,UKR,PYF,0
2906052,228,182,0,2014,9405.0,0.0,0.566535,0.832267,UKR,PYF,0
2906053,228,182,0,2007,3546.0,0.0,0.7441760000000001,0.8681260000000001,UKR,PYF,0
2906054,228,182,0,2008,11726.0,0.0,0.59355,0.764415,UKR,PYF,0
2906055,228,182,0,2019,13105.0,0.0,0.303802,0.5650270000000001,UKR,PYF,0
2906056,230,182,0,2014,5493.0,0.0,0.154034,-0.380899,URY,PYF,0
2906057,230,182,0,2017,101838.0,0.0,0.16963,-0.403006,URY,PYF,0
2906058,231,182,0,1995,3554441.0,50130.0,1.771648,1.184,USA,PYF,0
2906059,231,182,0,1996,4619529.0,141473.0,1.7110560000000001,1.125141,USA,PYF,0
2906060,231,182,0,1997,5532935.0,52371.0,1.823511,0.888084,USA,PYF,0
2906061,231,182,0,1998,6038583.0,26712.0,1.8223639999999999,0.761336,USA,PYF,0
2906062,231,182,0,1999,4955605.0,148894.0,1.8755119999999998,0.5350729999999999,USA,PYF,0
2906063,231,182,0,2000,4328875.0,93256.0,1.8549650000000002,0.226992,USA,PYF,0
2906064,231,182,0,2001,3370494.0,55737.0,1.873674,0.168468,USA,PYF,0
2906065,231,182,0,2002,3193373.0,476226.0,1.821594,0.231296,USA,PYF,0
2906066,231,182,0,2003,8155381.0,143585.0,1.7789220000000001,0.064028,USA,PYF,0
2906067,231,182,0,2004,4409372.0,269801.0,1.7598630000000002,0.066704,USA,PYF,0
2906068,231,182,0,2005,6500019.0,227547.0,1.718086,-0.34564,USA,PYF,0
2906069,231,182,0,2006,7009772.0,227535.0,1.666643,-0.121679,USA,PYF,0
2906070,231,182,0,2007,5808051.0,252027.0,1.612165,0.0922,USA,PYF,0
2906071,231,182,0,2008,7954672.0,363728.0,1.584278,-0.209788,USA,PYF,0
2906072,231,182,0,2009,6567827.0,300232.0,1.657663,-0.41411400000000004,USA,PYF,0
2906073,231,182,0,2010,5344158.0,970440.0,1.67573,-0.598165,USA,PYF,0
2906074,231,182,0,2011,5504487.0,301702.0,1.6884849999999998,-0.474499,USA,PYF,0
2906075,231,182,0,2012,5259926.0,613025.0,1.628377,-0.601941,USA,PYF,0
2906076,231,182,0,2013,5836769.0,345950.0,1.6639689999999998,-0.48651300000000003,USA,PYF,0
2906077,231,182,0,2014,5620590.0,255309.0,1.61227,0.068905,USA,PYF,0
2906078,231,182,0,2015,7454484.0,4035797.0,1.720478,-0.129322,USA,PYF,0
2906079,231,182,0,2016,4039528.0,815830.0,1.685329,0.297536,USA,PYF,0
2906080,231,182,0,2017,6519963.0,17201235.0,1.601478,0.277271,USA,PYF,0
2906081,231,182,0,2018,4152285.0,4549362.0,1.585861,0.44815900000000003,USA,PYF,0
2906082,231,182,0,2019,6824595.0,341055.0,1.606808,0.3232,USA,PYF,0
2906083,231,182,0,2020,5918887.0,160448.0,1.588148,0.380904,USA,PYF,0
2906084,239,182,0,2000,409906.0,0.0,-0.849311,0.391474,VNM,PYF,0
2906085,239,182,0,2001,333581.0,0.0,-0.6692130000000001,0.610992,VNM,PYF,0
2906086,239,182,0,2005,120854.0,0.0,-0.673618,0.766938,VNM,PYF,0
2906087,239,182,0,2008,770411.0,0.0,-0.207083,1.1323370000000001,VNM,PYF,0
2906088,239,182,0,2010,640411.0,0.0,-0.24660500000000002,1.427235,VNM,PYF,0
2906089,239,182,0,2011,597196.0,0.0,-0.184453,1.637207,VNM,PYF,0
2906090,239,182,0,2013,545220.0,0.0,-0.11426900000000001,1.399738,VNM,PYF,0
2906091,239,182,0,2015,1056238.0,0.0,-0.17108900000000002,1.10995,VNM,PYF,0
2906092,239,182,0,2018,1549007.0,0.0,0.003069,0.9169729999999999,VNM,PYF,0
2906093,239,182,0,2019,1599907.0,0.0,-0.048147,1.098784,VNM,PYF,0
2906094,239,182,0,2009,706541.0,0.0,-0.27396,1.131199,VNM,PYF,0
2906095,239,182,0,2003,574525.0,0.0,-0.633985,0.659696,VNM,PYF,0
2906096,239,182,0,2004,583434.0,0.0,-0.5270560000000001,0.8910389999999999,VNM,PYF,0
2906097,239,182,0,2006,523489.0,0.0,-0.342779,1.033318,VNM,PYF,0
2906098,239,182,0,2007,556861.0,0.0,-0.335613,1.048849,VNM,PYF,0
2906099,239,182,0,2012,708537.0,0.0,0.012365000000000001,1.290936,VNM,PYF,0
2906100,239,182,0,2014,699770.0,0.0,-0.023765,1.344416,VNM,PYF,0
2906101,239,182,0,2020,1402227.0,0.0,0.034229,0.89099,VNM,PYF,0
2906102,239,182,0,1996,103372.0,0.0,-0.9336469999999999,-0.10985199999999999,VNM,PYF,0
2906103,239,182,0,1997,188411.0,0.0,-0.93384,0.06253099999999999,VNM,PYF,0
2906104,239,182,0,1998,290444.0,0.0,-0.9395469999999999,0.060697,VNM,PYF,0
2906105,239,182,0,1999,372485.0,0.0,-0.9824940000000001,0.115755,VNM,PYF,0
2906106,240,182,0,2018,0.0,3321.0,-1.595495,-1.026155,VUT,PYF,0
2906107,240,182,0,2008,0.0,195501.0,-1.1498540000000002,-0.9443299999999999,VUT,PYF,0
2906108,241,182,0,2012,0.0,216202.0,1.6446990000000001,-0.248971,WLF,PYF,0
2906109,241,182,0,2010,0.0,180838.0,1.206023,-0.517231,WLF,PYF,0
2906110,241,182,0,2019,0.0,314797.0,2.073123,-0.6077170000000001,WLF,PYF,0
2906111,241,182,0,2020,0.0,146762.0,0.601576,-0.727147,WLF,PYF,0
2906112,241,182,0,1996,0.0,174782.0,0.9072549999999999,-0.5177430000000001,WLF,PYF,0
2906113,241,182,0,1997,0.0,208097.0,-0.09628400000000001,-0.770489,WLF,PYF,0
2906114,241,182,0,1998,0.0,243994.0,0.8516,-0.734815,WLF,PYF,0
2906115,241,182,0,1999,0.0,101348.0,2.076089,-0.671834,WLF,PYF,0
2906116,241,182,0,2000,0.0,161254.0,0.7104189999999999,-0.696887,WLF,PYF,0
2906117,241,182,0,2001,0.0,166495.0,0.934326,-0.724379,WLF,PYF,0
2906118,241,182,0,2002,0.0,235340.0,0.5689420000000001,-0.737647,WLF,PYF,0
2906119,241,182,0,2003,0.0,262109.0,0.200787,-0.775126,WLF,PYF,0
2906120,241,182,0,2004,0.0,263149.0,2.1501349999999997,-0.13714200000000001,WLF,PYF,0
2906121,241,182,0,2005,0.0,391860.0,1.090798,-0.447772,WLF,PYF,0
2906122,241,182,0,2006,0.0,399340.0,1.609916,-0.311544,WLF,PYF,0
2906123,241,182,0,2007,0.0,424740.0,2.106802,-0.38307800000000003,WLF,PYF,0
2906124,241,182,0,2008,0.0,664633.0,0.503318,-0.708188,WLF,PYF,0
2906125,241,182,0,2009,0.0,355979.0,1.551821,-0.5478390000000001,WLF,PYF,0
2906126,241,182,0,2011,0.0,193067.0,0.512842,-0.681142,WLF,PYF,0
2906127,241,182,0,2013,0.0,303310.0,1.4608299999999999,-0.567281,WLF,PYF,0
2906128,241,182,0,2014,0.0,310146.0,1.0165819999999999,-0.481415,WLF,PYF,0
2906129,241,182,0,2015,0.0,233779.0,0.858368,-0.6285810000000001,WLF,PYF,0
2906130,241,182,0,2018,0.0,416995.0,1.604643,-0.608603,WLF,PYF,0
2906131,242,182,0,2016,0.0,6337.0,0.576339,-0.221148,WSM,PYF,0
2906132,246,182,0,2002,10055.0,0.0,0.395943,2.392458,ZAF,PYF,0
2906133,246,182,0,2003,3310.0,0.0,0.477987,2.255395,ZAF,PYF,0
2906134,246,182,0,2004,2819.0,0.0,0.460279,1.9736220000000002,ZAF,PYF,0
2906135,246,182,0,2005,15528.0,0.0,0.484464,1.65903,ZAF,PYF,0
2906136,246,182,0,2020,7972.0,0.0,0.042099,0.923931,ZAF,PYF,0
2906137,246,182,0,2008,5876.0,0.0,0.22551500000000002,1.185506,ZAF,PYF,0
2906138,246,182,0,2009,42431.0,0.0,0.316452,1.767795,ZAF,PYF,0
2906139,246,182,0,2010,27722.0,0.0,0.327326,1.513598,ZAF,PYF,0
2906140,246,182,0,2011,3464.0,0.0,0.241792,1.353011,ZAF,PYF,0
2906141,246,182,0,2012,6686.0,0.0,0.284069,1.730991,ZAF,PYF,0
2906142,246,182,0,2017,38619.0,0.0,0.2066,1.378591,ZAF,PYF,0
2906143,246,182,0,2018,10025.0,0.0,0.158722,1.394829,ZAF,PYF,0
2906144,246,182,0,2019,5998.0,0.0,0.129921,1.101027,ZAF,PYF,0
2906145,246,182,0,2014,22793.0,0.0,0.282927,1.723214,ZAF,PYF,0
2906146,246,182,0,2015,3740.0,0.0,0.24944699999999997,1.7573159999999999,ZAF,PYF,0
2906147,246,182,0,2013,28712.0,0.0,0.380284,1.5682120000000002,ZAF,PYF,0
2906148,246,182,0,2006,8464.0,0.0,0.37964499999999995,1.466326,ZAF,PYF,0
2906149,246,182,0,2001,26640.0,0.0,0.356842,2.006155,ZAF,PYF,0
2906150,246,182,0,2000,4855.0,0.0,0.5307529999999999,2.1141810000000003,ZAF,PYF,0
2906151,249,182,0,2000,478249.0,0.0,1.44705,1.475122,TWN,PYF,0
2906152,249,182,0,2001,276073.0,0.0,1.5731700000000002,1.353159,TWN,PYF,0
2906153,249,182,0,2002,364613.0,0.0,1.683858,1.333601,TWN,PYF,0
2906154,249,182,0,2003,333944.0,0.0,1.5924040000000002,1.397843,TWN,PYF,0
2906155,249,182,0,2004,485882.0,0.0,1.626307,1.358315,TWN,PYF,0
2906156,249,182,0,2005,602936.0,21813.0,1.577067,1.3218450000000002,TWN,PYF,0
2906157,249,182,0,2006,561134.0,0.0,1.619915,1.2289940000000001,TWN,PYF,0
2906158,249,182,0,2007,532980.0,0.0,1.651607,0.974649,TWN,PYF,0
2906159,249,182,0,2008,676719.0,0.0,1.611693,0.93875,TWN,PYF,0
2906160,249,182,0,2009,404647.0,0.0,1.5763120000000002,0.9567950000000001,TWN,PYF,0
2906161,249,182,0,2010,765260.0,0.0,1.766729,0.909335,TWN,PYF,0
2906162,249,182,0,2011,917789.0,0.0,1.803234,0.921233,TWN,PYF,0
2906163,249,182,0,2012,1031440.0,0.0,1.6528,0.9437409999999999,TWN,PYF,0
2906164,249,182,0,2013,1351062.0,0.0,1.843186,0.9432379999999999,TWN,PYF,0
2906165,249,182,0,2014,1131595.0,0.0,1.9044189999999999,1.0595139999999998,TWN,PYF,0
2906166,249,182,0,2015,1005740.0,0.0,1.962832,1.214982,TWN,PYF,0
2906167,249,182,0,2016,845271.0,0.0,2.002996,1.39485,TWN,PYF,0
2906168,249,182,0,2017,810172.0,0.0,2.0548290000000002,1.2552969999999999,TWN,PYF,0
2906169,249,182,0,2018,690063.0,0.0,2.0462540000000002,1.166636,TWN,PYF,0
2906170,249,182,0,2019,504290.0,0.0,2.123296,1.1786969999999999,TWN,PYF,0
2906171,249,182,0,2020,448925.0,0.0,2.0517060000000003,1.205431,TWN,PYF,0
2906172,249,182,0,1997,334085.0,0.0,1.317672,1.800561,TWN,PYF,0
2906173,249,182,0,1998,219333.0,0.0,1.224725,1.890322,TWN,PYF,0
2906174,249,182,0,1999,166381.0,0.0,1.336816,1.725334,TWN,PYF,0
2906175,249,182,0,1996,1039339.0,0.0,1.432225,1.675389,TWN,PYF,0
2906176,250,182,0,2014,1387.0,53347.0,0.506842,0.049545,ANS,PYF,0
2906177,250,182,0,2015,4752.0,0.0,0.377283,-0.092204,ANS,PYF,0
2906178,250,182,0,2018,91176.0,0.0,0.809991,-0.368737,ANS,PYF,0
2906179,250,182,0,2019,187895.0,128953.0,0.8996129999999999,-0.152746,ANS,PYF,0
2906180,250,182,0,2020,198819.0,91757.0,0.866041,-0.371104,ANS,PYF,0
2906181,250,182,0,1996,347589.0,0.0,1.084978,0.901755,ANS,PYF,0
2906182,250,182,0,1997,466109.0,0.0,1.036748,0.851626,ANS,PYF,0
2906183,250,182,0,1998,266307.0,0.0,1.144164,1.187425,ANS,PYF,0
2906184,250,182,0,1999,180604.0,43289.0,1.130511,0.9547379999999999,ANS,PYF,0
2906185,250,182,0,2000,375553.0,2425.0,1.195891,-0.22544,ANS,PYF,0
2906186,250,182,0,2003,475594.0,63662.0,0.45951499999999995,-0.2312,ANS,PYF,0
2906187,250,182,0,2001,372576.0,0.0,1.096023,-0.33562600000000004,ANS,PYF,0
2906188,250,182,0,2002,361931.0,0.0,0.734927,-0.40114099999999997,ANS,PYF,0
2906189,4,213,0,2013,0.0,54074.0,-0.53682,-0.162391,ALB,TCA,0
2906190,6,213,0,2008,0.0,3774.0,0.31099,-0.536718,ANT,TCA,0
2906191,14,213,0,2014,0.0,1513.0,-0.398273,-0.17128,AUS,TCA,0
2906192,15,213,0,2000,0.0,31508.0,1.842429,0.464405,AUT,TCA,0
2906193,15,213,0,2006,6101.0,0.0,1.775669,0.192717,AUT,TCA,0
2906194,15,213,0,2019,19915.0,0.0,1.743927,-0.076778,AUT,TCA,0
2906195,15,213,0,2001,0.0,207510.0,1.8571650000000002,0.603191,AUT,TCA,0
2906196,15,213,0,2002,0.0,52803.0,1.8651200000000001,0.48423900000000003,AUT,TCA,0
2906197,15,213,0,1998,0.0,96467.0,1.891966,0.508137,AUT,TCA,0
2906198,16,213,0,1999,0.0,4182.0,-0.076295,-0.742161,AZE,TCA,0
2906199,16,213,0,2016,0.0,195153.0,-0.909744,-1.180449,AZE,TCA,0
2906200,17,213,0,2018,0.0,20825.0,-0.654964,-0.9683229999999999,BDI,TCA,0
2906201,18,213,0,2001,69521.0,0.0,1.4328370000000001,1.408495,BEL,TCA,0
2906202,18,213,0,2003,13966.0,0.0,1.361682,1.39536,BEL,TCA,0
2906203,18,213,0,2004,19848.0,0.0,1.350911,1.408209,BEL,TCA,0
2906204,18,213,0,2005,22591.0,0.0,1.275296,1.345063,BEL,TCA,0
2906205,18,213,0,2006,12630.0,0.0,1.2222540000000002,1.383027,BEL,TCA,0
2906206,18,213,0,2007,24702.0,0.0,1.2880479999999999,1.145724,BEL,TCA,0
2906207,18,213,0,2008,15932.0,0.0,1.297416,0.9716549999999999,BEL,TCA,0
2906208,18,213,0,2009,4134.0,0.0,1.272011,1.074548,BEL,TCA,0
2906209,18,213,0,2010,128769.0,0.0,1.2224270000000002,1.1276,BEL,TCA,0
2906210,19,213,0,2014,0.0,8873.0,-0.342225,-0.618789,BEN,TCA,0
2906211,19,213,0,2017,0.0,11784.0,-0.755027,-0.796864,BEN,TCA,0
2906212,22,213,0,2003,0.0,108606.0,-1.168404,-1.035782,BGD,TCA,0
2906213,22,213,0,2006,0.0,131286.0,-1.0305309999999999,-0.80937,BGD,TCA,0
2906214,22,213,0,2007,0.0,117474.0,-0.9436469999999999,-0.7200310000000001,BGD,TCA,0
2906215,22,213,0,2015,0.0,41558.0,-1.088465,-0.8745360000000001,BGD,TCA,0
2906216,23,213,0,1997,126224.0,0.0,0.487041,1.287344,BGR,TCA,0
2906217,25,213,0,1999,32407.0,0.0,0.91869,-0.152588,BHS,TCA,0
2906218,25,213,0,2012,3750.0,0.0,0.49453800000000003,-0.405956,BHS,TCA,0
2906219,25,213,0,2016,25706.0,4301.0,0.605834,-0.430958,BHS,TCA,0
2906220,25,213,0,1998,11200.0,0.0,1.090167,0.25353000000000003,BHS,TCA,0
2906221,25,213,0,2000,9686.0,0.0,0.943368,0.183559,BHS,TCA,0
2906222,25,213,0,2001,24368.0,0.0,0.803267,-0.071853,BHS,TCA,0
2906223,25,213,0,2002,27594.0,0.0,0.641626,-0.37892800000000004,BHS,TCA,0
2906224,25,213,0,2003,7298.0,0.0,0.614422,-0.40984,BHS,TCA,0
2906225,25,213,0,2006,17135.0,0.0,0.673694,-0.519608,BHS,TCA,0
2906226,25,213,0,2007,17722.0,0.0,0.502698,-0.538612,BHS,TCA,0
2906227,25,213,0,2009,28796.0,0.0,0.5451729999999999,-0.496575,BHS,TCA,0
2906228,25,213,0,2011,37655.0,0.0,0.320669,-0.531655,BHS,TCA,0
2906229,25,213,0,2010,59253.0,0.0,0.495262,-0.6198779999999999,BHS,TCA,0
2906230,25,213,0,2013,9374.0,8122.0,0.756732,-0.369842,BHS,TCA,0
2906231,25,213,0,2004,19680.0,0.0,0.620432,-0.513724,BHS,TCA,0
2906232,25,213,0,2014,6002.0,1584.0,0.314465,-0.60458,BHS,TCA,0
2906233,25,213,0,2015,4963.0,0.0,0.669493,-0.37838099999999997,BHS,TCA,0
2906234,25,213,0,2018,32820.0,0.0,0.532998,-0.394906,BHS,TCA,0
2906235,25,213,0,2017,6645.0,1965.0,0.81944,-0.30649499999999996,BHS,TCA,0
2906236,25,213,0,2008,7127.0,1341.0,0.470359,-0.5418890000000001,BHS,TCA,0
2906237,32,213,0,2003,53886.0,928384.0,0.660576,1.118876,BRA,TCA,0
2906238,32,213,0,2004,79620.0,0.0,0.540718,1.149065,BRA,TCA,0
2906239,32,213,0,2005,38752.0,0.0,0.567638,1.139122,BRA,TCA,0
2906240,32,213,0,2006,32436.0,0.0,0.633889,1.1474520000000001,BRA,TCA,0
2906241,32,213,0,2007,50834.0,0.0,0.582859,1.137225,BRA,TCA,0
2906242,32,213,0,2008,62040.0,0.0,0.444687,0.904332,BRA,TCA,0
2906243,32,213,0,2009,2217.0,0.0,0.35447199999999995,0.8522360000000001,BRA,TCA,0
2906244,32,213,0,2011,2940.0,0.0,0.27718400000000004,0.5674319999999999,BRA,TCA,0
2906245,32,213,0,2012,16591.0,0.0,0.305614,0.6357189999999999,BRA,TCA,0
2906246,32,213,0,2016,46726.0,0.0,0.245919,0.661809,BRA,TCA,0
2906247,32,213,0,2017,15239.0,0.0,0.145224,0.483461,BRA,TCA,0
2906248,32,213,0,2019,743523.0,0.0,0.076947,0.660604,BRA,TCA,0
2906249,32,213,0,2020,291513.0,0.0,0.054622000000000004,0.532291,BRA,TCA,0
2906250,33,213,0,2002,4875.0,0.0,0.762217,0.004367,BRB,TCA,0
2906251,33,213,0,2004,2202.0,0.0,0.8541559999999999,0.25895799999999997,BRB,TCA,0
2906252,33,213,0,2007,4883.0,0.0,1.006332,0.680391,BRB,TCA,0
2906253,33,213,0,2009,12473.0,0.0,0.8652620000000001,0.796057,BRB,TCA,0
2906254,33,213,0,2010,3405.0,0.0,0.7076140000000001,0.434993,BRB,TCA,0
2906255,33,213,0,2013,5284.0,0.0,0.6969489999999999,0.135283,BRB,TCA,0
2906256,33,213,0,2014,21590.0,0.0,0.44968400000000003,-0.15268900000000002,BRB,TCA,0
2906257,33,213,0,2015,39382.0,0.0,0.453689,0.039237,BRB,TCA,0
2906258,33,213,0,2016,5035.0,0.0,0.613282,0.06728200000000001,BRB,TCA,0
2906259,33,213,0,2001,8672.0,0.0,0.725546,0.172345,BRB,TCA,0
2906260,33,213,0,2000,2368.0,0.0,0.765428,0.418063,BRB,TCA,0
2906261,38,213,0,2014,0.0,35441.0,0.695875,0.543384,CAF,TCA,0
2906262,38,213,0,2007,0.0,8914.0,-0.252459,-0.783634,CAF,TCA,0
2906263,38,213,0,2009,0.0,2617.0,-0.5777260000000001,-0.839981,CAF,TCA,0
2906264,38,213,0,2010,0.0,80272.0,0.062649,-0.6461779999999999,CAF,TCA,0
2906265,38,213,0,2011,0.0,103395.0,-0.318191,-0.68375,CAF,TCA,0
2906266,38,213,0,2012,0.0,75222.0,-0.264052,-0.727242,CAF,TCA,0
2906267,38,213,0,2013,0.0,41876.0,-0.268604,-0.606101,CAF,TCA,0
2906268,38,213,0,2015,0.0,10660.0,-0.35029,-0.6630199999999999,CAF,TCA,0
2906269,38,213,0,2017,0.0,64720.0,-0.289049,-0.648497,CAF,TCA,0
2906270,39,213,0,2001,47925.0,567124.0,0.971827,1.105171,CAN,TCA,0
2906271,39,213,0,2002,272586.0,1101095.0,0.9963280000000001,1.1922110000000001,CAN,TCA,0
2906272,39,213,0,2003,509443.0,5049212.0,0.9791540000000001,1.185081,CAN,TCA,0
2906273,39,213,0,2004,585605.0,4384024.0,0.9392739999999999,1.19228,CAN,TCA,0
2906274,39,213,0,2005,1234952.0,5343147.0,0.9895149999999999,1.0437459999999998,CAN,TCA,0
2906275,39,213,0,2006,1513522.0,5044217.0,0.865685,1.1480489999999999,CAN,TCA,0
2906276,39,213,0,2007,1985024.0,4343527.0,0.77681,1.20517,CAN,TCA,0
2906277,39,213,0,2008,696119.0,1500173.0,0.684659,1.085312,CAN,TCA,0
2906278,39,213,0,2009,918871.0,85848.0,0.6778069999999999,1.278402,CAN,TCA,0
2906279,39,213,0,2010,750914.0,0.0,0.752421,1.2208510000000001,CAN,TCA,0
2906280,39,213,0,2011,352043.0,12745.0,0.754813,1.1967290000000002,CAN,TCA,0
2906281,39,213,0,2012,338104.0,3653.0,0.693098,1.132064,CAN,TCA,0
2906282,39,213,0,2013,180547.0,0.0,0.719649,1.017046,CAN,TCA,0
2906283,39,213,0,2014,398704.0,0.0,0.671395,1.024683,CAN,TCA,0
2906284,39,213,0,2015,935126.0,1321.0,0.695867,1.171676,CAN,TCA,0
2906285,39,213,0,2016,315635.0,0.0,0.6579050000000001,1.12259,CAN,TCA,0
2906286,39,213,0,2017,609278.0,0.0,0.73897,1.206402,CAN,TCA,0
2906287,39,213,0,2018,623132.0,0.0,0.666822,1.218593,CAN,TCA,0
2906288,39,213,0,2019,627537.0,0.0,0.657292,1.187872,CAN,TCA,0
2906289,39,213,0,2020,561287.0,0.0,0.609267,1.1890479999999999,CAN,TCA,0
2906290,39,213,0,2000,150666.0,958004.0,1.056577,1.12931,CAN,TCA,0
2906291,39,213,0,1995,60255.0,0.0,1.077804,1.0724200000000002,CAN,TCA,0
2906292,39,213,0,1996,6663.0,0.0,1.155706,1.1127049999999998,CAN,TCA,0
2906293,39,213,0,1997,12673.0,99201.0,1.109494,1.178772,CAN,TCA,0
2906294,39,213,0,1998,151039.0,368203.0,1.077343,1.119161,CAN,TCA,0
2906295,39,213,0,1999,268960.0,379700.0,1.083572,1.08026,CAN,TCA,0
2906296,41,213,0,1999,11846.0,0.0,2.189934,0.741428,CHE,TCA,0
2906297,41,213,0,2000,0.0,23572.0,2.197959,0.489989,CHE,TCA,0
2906298,41,213,0,2002,5372.0,69078.0,2.218095,0.620946,CHE,TCA,0
2906299,41,213,0,2004,15858.0,0.0,2.151471,0.7196279999999999,CHE,TCA,0
2906300,41,213,0,2005,31140.0,0.0,2.0461709999999997,0.615855,CHE,TCA,0
2906301,41,213,0,2006,275315.0,0.0,2.052534,0.515523,CHE,TCA,0
2906302,41,213,0,2007,89104.0,0.0,2.0198080000000003,0.42277200000000004,CHE,TCA,0
2906303,41,213,0,2008,49066.0,0.0,1.978404,0.368694,CHE,TCA,0
2906304,41,213,0,2009,17407.0,0.0,2.124438,0.484861,CHE,TCA,0
2906305,41,213,0,2010,12024.0,0.0,2.1492080000000002,0.556424,CHE,TCA,0
2906306,41,213,0,2011,2494.0,0.0,2.2644029999999997,0.406131,CHE,TCA,0
2906307,41,213,0,2012,2906.0,0.0,2.060769,0.562718,CHE,TCA,0
2906308,41,213,0,2013,0.0,3271.0,2.2104470000000003,0.5403479999999999,CHE,TCA,0
2906309,41,213,0,2014,1944.0,0.0,2.2000919999999997,0.65398,CHE,TCA,0
2906310,41,213,0,2017,5154.0,0.0,2.2557810000000003,0.845459,CHE,TCA,0
2906311,41,213,0,2018,2244.0,0.0,2.2324330000000003,0.7801560000000001,CHE,TCA,0
2906312,41,213,0,2019,22176.0,0.0,2.1990849999999997,0.8394229999999999,CHE,TCA,0
2906313,41,213,0,1996,4082.0,0.0,2.246238,0.603288,CHE,TCA,0
2906314,41,213,0,1997,15476.0,0.0,2.280163,0.597819,CHE,TCA,0
2906315,41,213,0,1998,9114.0,0.0,2.252965,0.561806,CHE,TCA,0
2906316,43,213,0,1997,68826.0,0.0,0.36051300000000003,3.287322,CHN,TCA,0
2906317,43,213,0,1999,87162.0,0.0,0.386094,3.270089,CHN,TCA,0
2906318,43,213,0,2007,62898.0,0.0,0.801547,2.321052,CHN,TCA,0
2906319,43,213,0,2008,585657.0,0.0,0.929285,1.8917259999999998,CHN,TCA,0
2906320,43,213,0,2009,52938.0,0.0,0.898623,2.08703,CHN,TCA,0
2906321,43,213,0,2010,170481.0,0.0,0.922493,2.0176,CHN,TCA,0
2906322,43,213,0,2011,153888.0,0.0,1.072299,1.686826,CHN,TCA,0
2906323,43,213,0,2012,20422.0,0.0,1.095682,1.354837,CHN,TCA,0
2906324,43,213,0,2013,41562.0,0.0,1.113767,1.477496,CHN,TCA,0
2906325,43,213,0,2014,14110.0,0.0,1.187557,1.222085,CHN,TCA,0
2906326,43,213,0,2015,57327.0,0.0,1.077143,1.735757,CHN,TCA,0
2906327,43,213,0,2016,228422.0,0.0,1.1073620000000002,1.723098,CHN,TCA,0
2906328,43,213,0,2017,291449.0,0.0,1.1127790000000002,1.56869,CHN,TCA,0
2906329,43,213,0,2018,295965.0,0.0,1.200689,1.2822,CHN,TCA,0
2906330,43,213,0,2019,486067.0,0.0,1.196265,1.2258870000000002,CHN,TCA,0
2906331,43,213,0,2020,811605.0,0.0,1.187837,1.2237770000000001,CHN,TCA,0
2906332,43,213,0,2006,6556.0,0.0,0.737888,2.54966,CHN,TCA,0
2906333,45,213,0,2007,0.0,962095.0,-0.821623,-0.965601,CMR,TCA,0
2906334,45,213,0,2008,0.0,1466240.0,-1.143808,-1.0725,CMR,TCA,0
2906335,45,213,0,2018,0.0,48781.0,-1.366619,-1.09894,CMR,TCA,0
2906336,46,213,0,2015,0.0,39402.0,-1.3921290000000002,-1.146549,COD,TCA,0
2906337,46,213,0,2016,0.0,69100.0,-1.136472,-1.109177,COD,TCA,0
2906338,47,213,0,2014,0.0,143066.0,-1.371624,-1.12468,COG,TCA,0
2906339,47,213,0,2016,0.0,3462.0,-0.718731,-1.0663799999999999,COG,TCA,0
2906340,47,213,0,2017,0.0,157783.0,-1.2289780000000001,-1.169368,COG,TCA,0
2906341,47,213,0,2018,0.0,125909.0,-1.52875,-1.1869100000000001,COG,TCA,0
2906342,49,213,0,1996,63041.0,0.0,0.136487,0.078743,COL,TCA,0
2906343,49,213,0,1998,1991.0,0.0,0.205004,0.13985899999999998,COL,TCA,0
2906344,49,213,0,2000,14055.0,0.0,0.299592,0.320885,COL,TCA,0
2906345,49,213,0,2001,8943.0,0.0,0.30412,0.395913,COL,TCA,0
2906346,49,213,0,2002,35023.0,0.0,0.345094,0.37787800000000005,COL,TCA,0
2906347,49,213,0,2003,8105.0,0.0,0.218336,0.376869,COL,TCA,0
2906348,49,213,0,2004,15907.0,0.0,0.033128,0.47524799999999995,COL,TCA,0
2906349,49,213,0,2005,1568.0,0.0,0.077191,0.47193500000000005,COL,TCA,0
2906350,49,213,0,2006,6067.0,0.0,0.129887,0.44371700000000003,COL,TCA,0
2906351,49,213,0,2007,8508.0,0.0,0.118341,0.557699,COL,TCA,0
2906352,49,213,0,2009,1952.0,0.0,0.263416,0.38947,COL,TCA,0
2906353,49,213,0,2010,2094.0,0.0,0.097222,-0.064328,COL,TCA,0
2906354,49,213,0,2018,1313.0,0.0,0.20431,-0.15273699999999998,COL,TCA,0
2906355,49,213,0,2019,18401.0,0.0,0.099936,-0.15568800000000002,COL,TCA,0
2906356,49,213,0,2020,17788.0,0.0,0.115954,0.104558,COL,TCA,0
2906357,54,213,0,2003,73985.0,0.0,-0.391515,-0.8562120000000001,CUB,TCA,0
2906358,59,213,0,2019,228263.0,0.0,1.797611,0.406708,CZE,TCA,0
2906359,59,213,0,2013,1054.0,0.0,1.819653,-0.12423800000000002,CZE,TCA,0
2906360,59,213,0,2006,23550.0,0.0,1.564058,0.6023649999999999,CZE,TCA,0
2906361,59,213,0,2007,137679.0,0.0,1.620377,0.379404,CZE,TCA,0
2906362,59,213,0,2003,43428.0,0.0,1.555749,0.8662059999999999,CZE,TCA,0
2906363,59,213,0,2004,27303.0,0.0,1.562625,0.865244,CZE,TCA,0
2906364,59,213,0,2008,9135.0,0.0,1.592035,0.27983600000000003,CZE,TCA,0
2906365,61,213,0,1996,2734.0,232739.0,2.279976,-2.572299,DEU,TCA,0
2906366,61,213,0,1999,10382.0,0.0,2.334811,-2.060502,DEU,TCA,0
2906367,61,213,0,2000,1000.0,0.0,2.316177,-2.4478419999999996,DEU,TCA,0
2906368,61,213,0,2001,131000.0,0.0,2.321375,-2.1110990000000003,DEU,TCA,0
2906369,61,213,0,2002,44000.0,0.0,2.297691,-2.183239,DEU,TCA,0
2906370,61,213,0,2003,70314.0,0.0,2.2821919999999998,-2.0985150000000004,DEU,TCA,0
2906371,61,213,0,2004,13000.0,399351.0,2.266076,-2.011139,DEU,TCA,0
2906372,61,213,0,2005,23027.0,276709.0,2.172479,-2.446472,DEU,TCA,0
2906373,61,213,0,2006,8353.0,163651.0,2.132566,-2.773669,DEU,TCA,0
2906374,61,213,0,2007,36100.0,0.0,2.114566,-2.934732,DEU,TCA,0
2906375,61,213,0,2008,14060.0,413948.0,2.007167,-3.256961,DEU,TCA,0
2906376,61,213,0,2009,135136.0,0.0,2.056515,-3.034837,DEU,TCA,0
2906377,61,213,0,2010,8263.0,0.0,2.035672,-3.383322,DEU,TCA,0
2906378,61,213,0,2012,18437.0,0.0,1.966247,-3.3238410000000003,DEU,TCA,0
2906379,61,213,0,2013,3543.0,0.0,2.093658,-3.4281980000000005,DEU,TCA,0
2906380,61,213,0,2014,7354.0,0.0,2.052849,-2.888805,DEU,TCA,0
2906381,61,213,0,2015,29293.0,0.0,2.203818,-2.307561,DEU,TCA,0
2906382,61,213,0,2016,115546.0,0.0,2.203093,-2.24919,DEU,TCA,0
2906383,61,213,0,2017,10763.0,0.0,2.1149459999999998,-2.525372,DEU,TCA,0
2906384,61,213,0,2018,17485.0,0.0,2.109059,-2.428826,DEU,TCA,0
2906385,61,213,0,2020,6878.0,0.0,2.027494,-2.3646689999999997,DEU,TCA,0
2906386,64,213,0,1996,1135.0,0.0,1.443514,1.275684,DNK,TCA,0
2906387,65,213,0,1996,3295.0,0.0,-0.596093,-0.5602060000000001,DOM,TCA,0
2906388,65,213,0,1997,10596.0,0.0,-0.6062850000000001,-0.648523,DOM,TCA,0
2906389,65,213,0,2002,39421.0,0.0,-0.46284899999999995,-0.39210100000000003,DOM,TCA,0
2906390,65,213,0,2003,7978.0,0.0,-0.46264399999999994,-0.245034,DOM,TCA,0
2906391,65,213,0,2004,5269.0,0.0,-0.510025,-0.328257,DOM,TCA,0
2906392,65,213,0,2005,5241.0,0.0,-0.370894,-0.140178,DOM,TCA,0
2906393,65,213,0,2006,12555.0,0.0,-0.24073699999999998,0.049093,DOM,TCA,0
2906394,65,213,0,2007,21614.0,0.0,-0.228756,0.004222,DOM,TCA,0
2906395,65,213,0,2008,181460.0,0.0,-0.167958,0.241283,DOM,TCA,0
2906396,65,213,0,2009,32594.0,0.0,-0.317894,0.198926,DOM,TCA,0
2906397,65,213,0,2010,6198.0,0.0,-0.245241,0.368626,DOM,TCA,0
2906398,65,213,0,2011,20529.0,0.0,-0.260653,0.5682010000000001,DOM,TCA,0
2906399,65,213,0,2012,36877.0,0.0,-0.193432,0.590896,DOM,TCA,0
2906400,65,213,0,2013,20545.0,0.0,-0.277269,0.432388,DOM,TCA,0
2906401,65,213,0,2014,15352.0,0.0,-0.180845,0.508512,DOM,TCA,0
2906402,65,213,0,2015,8623.0,0.0,-0.212808,0.395873,DOM,TCA,0
2906403,65,213,0,2016,15946.0,0.0,-0.237382,0.295389,DOM,TCA,0
2906404,65,213,0,2017,24102.0,0.0,-0.168016,0.30840100000000004,DOM,TCA,0
2906405,65,213,0,2018,52779.0,0.0,-0.084258,0.474872,DOM,TCA,0
2906406,65,213,0,2019,25131.0,0.0,-0.20594,0.309785,DOM,TCA,0
2906407,65,213,0,2020,149937.0,0.0,0.06500299999999999,0.2812,DOM,TCA,0
2906408,65,213,0,2001,43921.0,0.0,-0.538419,-0.48773900000000003,DOM,TCA,0
2906409,67,213,0,2000,145263.0,0.0,-0.883928,-0.884951,ECU,TCA,0
2906410,71,213,0,1999,62329.0,0.0,1.0849209999999998,1.9351180000000001,ESP,TCA,0
2906411,71,213,0,2001,21887.0,83187.0,1.079664,1.9842220000000002,ESP,TCA,0
2906412,71,213,0,2002,8810.0,4581.0,1.012246,2.049594,ESP,TCA,0
2906413,71,213,0,2003,4632.0,0.0,0.960684,2.074792,ESP,TCA,0
2906414,71,213,0,2004,21986.0,0.0,0.9784649999999999,2.051216,ESP,TCA,0
2906415,71,213,0,2006,5690.0,0.0,0.9091370000000001,2.068166,ESP,TCA,0
2906416,71,213,0,2007,1854.0,0.0,0.914681,2.027797,ESP,TCA,0
2906417,71,213,0,2008,26546.0,0.0,0.8755649999999999,2.122164,ESP,TCA,0
2906418,71,213,0,2015,4471.0,0.0,0.8173590000000001,2.442556,ESP,TCA,0
2906419,71,213,0,2017,0.0,38988.0,0.734342,2.8180099999999997,ESP,TCA,0
2906420,71,213,0,2019,2527.0,0.0,0.678454,3.007838,ESP,TCA,0
2906421,71,213,0,2020,1760.0,0.0,0.736657,2.731661,ESP,TCA,0
2906422,73,213,0,1999,0.0,521739.0,-1.18759,-1.111391,ETH,TCA,0
2906423,73,213,0,2005,0.0,47207.0,-1.287495,-1.0195940000000001,ETH,TCA,0
2906424,73,213,0,2007,0.0,38149.0,-1.115917,-0.821652,ETH,TCA,0
2906425,73,213,0,2009,0.0,12916.0,-0.967483,-0.8219,ETH,TCA,0
2906426,73,213,0,2013,150193.0,0.0,-1.264002,-0.9594219999999999,ETH,TCA,0
2906427,73,213,0,2017,0.0,1902.0,-1.007413,-0.638231,ETH,TCA,0
2906428,73,213,0,1997,0.0,84003.0,-1.239473,-1.159345,ETH,TCA,0
2906429,73,213,0,2008,0.0,11296.0,-1.0084629999999999,-0.83993,ETH,TCA,0
2906430,73,213,0,2004,23057.0,4392.0,-1.156284,-0.900874,ETH,TCA,0
2906431,73,213,0,2000,0.0,68966.0,-1.190677,-1.063662,ETH,TCA,0
2906432,73,213,0,2001,0.0,7254.0,-0.999149,-0.904072,ETH,TCA,0
2906433,73,213,0,1998,0.0,544510.0,-1.279819,-1.158182,ETH,TCA,0
2906434,73,213,0,2003,0.0,15058.0,-1.1145559999999999,-0.9599620000000001,ETH,TCA,0
2906435,74,213,0,2013,0.0,7961.0,1.734552,0.8896940000000001,FIN,TCA,0
2906436,74,213,0,2014,1377.0,0.0,1.626355,1.002923,FIN,TCA,0
2906437,74,213,0,2001,18103.0,0.0,2.069141,0.9375180000000001,FIN,TCA,0
2906438,77,213,0,1995,209402.0,13205.0,1.768484,0.765537,FRA,TCA,0
2906439,77,213,0,1996,68426.0,3352.0,1.69082,0.721312,FRA,TCA,0
2906440,77,213,0,1997,303982.0,0.0,1.69504,0.8278549999999999,FRA,TCA,0
2906441,77,213,0,1998,44039.0,0.0,1.707702,0.7784270000000001,FRA,TCA,0
2906442,77,213,0,1999,166495.0,0.0,1.72758,0.6619079999999999,FRA,TCA,0
2906443,77,213,0,2000,77422.0,1613.0,1.674971,0.47538100000000005,FRA,TCA,0
2906444,77,213,0,2001,48034.0,49639.0,1.653507,0.797582,FRA,TCA,0
2906445,77,213,0,2002,42744.0,94256.0,1.569367,0.9886360000000001,FRA,TCA,0
2906446,77,213,0,2003,50933.0,37702.0,1.606606,0.7394149999999999,FRA,TCA,0
2906447,77,213,0,2004,32336.0,32239.0,1.6003530000000001,0.643945,FRA,TCA,0
2906448,77,213,0,2005,8708.0,32317.0,1.505148,0.594409,FRA,TCA,0
2906449,77,213,0,2006,37660.0,84846.0,1.47591,0.489466,FRA,TCA,0
2906450,77,213,0,2007,83703.0,279916.0,1.4565350000000001,0.262845,FRA,TCA,0
2906451,77,213,0,2008,59004.0,824271.0,1.487702,-0.223965,FRA,TCA,0
2906452,77,213,0,2009,11114.0,83925.0,1.540346,0.090377,FRA,TCA,0
2906453,77,213,0,2010,22536.0,173739.0,1.530027,-0.052557000000000006,FRA,TCA,0
2906454,77,213,0,2011,22112.0,18548.0,1.532054,0.09339299999999999,FRA,TCA,0
2906455,77,213,0,2012,91474.0,11137.0,1.425025,0.27534899999999995,FRA,TCA,0
2906456,77,213,0,2013,196378.0,8309.0,1.520354,0.022874000000000002,FRA,TCA,0
2906457,77,213,0,2014,54328.0,15681.0,1.4817790000000002,0.30995,FRA,TCA,0
2906458,77,213,0,2015,22217.0,5931.0,1.479792,0.6490239999999999,FRA,TCA,0
2906459,77,213,0,2016,54634.0,0.0,1.476437,0.911746,FRA,TCA,0
2906460,77,213,0,2017,21027.0,25290.0,1.398427,0.894732,FRA,TCA,0
2906461,77,213,0,2018,29840.0,2619.0,1.420819,0.7793770000000001,FRA,TCA,0
2906462,77,213,0,2019,55759.0,285476.0,1.380982,0.9510629999999999,FRA,TCA,0
2906463,77,213,0,2020,38253.0,0.0,1.341275,0.8991870000000001,FRA,TCA,0
2906464,80,213,0,2004,0.0,26053.0,-0.700329,-1.137018,GAB,TCA,0
2906465,80,213,0,2007,0.0,13917.0,-1.328633,-1.165045,GAB,TCA,0
2906466,80,213,0,2008,0.0,46259.0,-1.316179,-1.117633,GAB,TCA,0
2906467,81,213,0,1995,77008.0,0.0,1.8656979999999999,1.107121,GBR,TCA,0
2906468,81,213,0,1996,149634.0,0.0,1.850284,0.883084,GBR,TCA,0
2906469,81,213,0,1997,118275.0,0.0,1.886353,0.783832,GBR,TCA,0
2906470,81,213,0,1998,222155.0,0.0,1.906738,0.489101,GBR,TCA,0
2906471,81,213,0,1999,226101.0,0.0,1.9523830000000002,0.771455,GBR,TCA,0
2906472,81,213,0,2000,17813.0,0.0,1.957339,0.610052,GBR,TCA,0
2906473,81,213,0,2001,68415.0,0.0,1.976894,0.685435,GBR,TCA,0
2906474,81,213,0,2002,59649.0,2022.0,1.893177,0.831382,GBR,TCA,0
2906475,81,213,0,2003,110719.0,3542.0,1.8712540000000002,0.706205,GBR,TCA,0
2906476,81,213,0,2004,42824.0,0.0,1.843506,0.684779,GBR,TCA,0
2906477,81,213,0,2005,40504.0,0.0,1.805023,0.425654,GBR,TCA,0
2906478,81,213,0,2006,135227.0,0.0,1.824154,0.614424,GBR,TCA,0
2906479,81,213,0,2007,309437.0,0.0,1.718661,0.35525300000000004,GBR,TCA,0
2906480,81,213,0,2008,300208.0,10554.0,1.7586119999999998,0.061214,GBR,TCA,0
2906481,81,213,0,2009,417512.0,0.0,1.7921779999999998,0.41211499999999995,GBR,TCA,0
2906482,81,213,0,2010,401309.0,0.0,1.828224,0.386383,GBR,TCA,0
2906483,81,213,0,2011,236364.0,19999.0,1.8048220000000001,0.380141,GBR,TCA,0
2906484,81,213,0,2012,374348.0,0.0,1.701279,0.518166,GBR,TCA,0
2906485,81,213,0,2013,153385.0,12918.0,1.7901259999999999,0.44164,GBR,TCA,0
2906486,81,213,0,2014,221770.0,4297.0,1.697964,0.585372,GBR,TCA,0
2906487,81,213,0,2015,183112.0,0.0,1.7422990000000003,0.75838,GBR,TCA,0
2906488,81,213,0,2016,230838.0,0.0,1.6974669999999998,0.9231299999999999,GBR,TCA,0
2906489,81,213,0,2017,175698.0,1012.0,1.6883119999999998,0.8347469999999999,GBR,TCA,0
2906490,81,213,0,2018,1898430.0,0.0,1.693008,0.768159,GBR,TCA,0
2906491,81,213,0,2019,1135280.0,0.0,1.731106,0.717566,GBR,TCA,0
2906492,81,213,0,2020,598360.0,2341.0,1.6459,0.7702640000000001,GBR,TCA,0
2906493,91,213,0,2015,20110.0,0.0,0.296552,-0.335908,GRD,TCA,0
2906494,93,213,0,2007,0.0,262895.0,-0.261899,0.643437,GTM,TCA,0
2906495,96,213,0,2007,5019.0,0.0,-0.889957,-0.873185,GUY,TCA,0
2906496,96,213,0,2002,1432.0,0.0,-0.9485889999999999,-0.9086489999999999,GUY,TCA,0
2906497,96,213,0,2014,0.0,3713.0,-1.068777,-1.038227,GUY,TCA,0
2906498,101,213,0,2001,4785.0,0.0,-1.220515,-0.8502200000000001,HTI,TCA,0
2906499,103,213,0,1997,0.0,12389.0,-0.44080699999999995,1.220104,IDN,TCA,0
2906500,103,213,0,1999,98332.0,0.0,-0.20447,1.568505,IDN,TCA,0
2906501,103,213,0,2000,295461.0,0.0,-0.125831,1.7116360000000002,IDN,TCA,0
2906502,103,213,0,2001,94969.0,0.0,-0.167771,1.6587889999999998,IDN,TCA,0
2906503,103,213,0,2002,172907.0,0.0,-0.10020499999999999,1.590314,IDN,TCA,0
2906504,103,213,0,2003,120826.0,0.0,-0.16802,1.7252990000000001,IDN,TCA,0
2906505,103,213,0,2004,340081.0,0.0,-0.223644,1.719065,IDN,TCA,0
2906506,103,213,0,2005,245592.0,0.0,-0.273208,1.5252379999999999,IDN,TCA,0
2906507,103,213,0,2006,145705.0,0.0,-0.21012399999999998,1.467838,IDN,TCA,0
2906508,103,213,0,2007,108753.0,0.0,-0.192415,1.497962,IDN,TCA,0
2906509,103,213,0,2008,166139.0,0.0,-0.11154000000000001,1.4879850000000001,IDN,TCA,0
2906510,103,213,0,2009,39486.0,0.0,-0.253835,1.260101,IDN,TCA,0
2906511,103,213,0,2014,88212.0,0.0,-0.088032,1.3966459999999998,IDN,TCA,0
2906512,103,213,0,2015,47398.0,0.0,-0.145103,1.277362,IDN,TCA,0
2906513,103,213,0,2016,51782.0,0.0,-0.158496,1.492067,IDN,TCA,0
2906514,103,213,0,2017,266350.0,0.0,-0.23641700000000002,1.188173,IDN,TCA,0
2906515,103,213,0,2018,127616.0,0.0,-0.10130499999999999,1.2414209999999999,IDN,TCA,0
2906516,103,213,0,2019,176072.0,0.0,-0.141811,1.385726,IDN,TCA,0
2906517,103,213,0,2020,148741.0,0.0,-0.16761700000000002,1.571009,IDN,TCA,0
2906518,104,213,0,2003,20819483.0,0.0,0.33014099999999996,2.836003,IND,TCA,0
2906519,104,213,0,2004,93119.0,0.0,0.233348,2.790987,IND,TCA,0
2906520,104,213,0,2005,47451.0,0.0,0.212108,2.817413,IND,TCA,0
2906521,104,213,0,2006,56779.0,0.0,0.285652,2.731318,IND,TCA,0
2906522,104,213,0,2007,35744.0,66798.0,0.279475,2.7514939999999997,IND,TCA,0
2906523,104,213,0,2008,67709.0,0.0,0.26694,2.926023,IND,TCA,0
2906524,104,213,0,2009,49337.0,15248.0,0.209867,2.254003,IND,TCA,0
2906525,104,213,0,2011,31219.0,0.0,0.18276199999999998,2.398765,IND,TCA,0
2906526,104,213,0,2012,25224.0,0.0,0.229996,2.4815110000000002,IND,TCA,0
2906527,104,213,0,2013,82300.0,0.0,0.215356,2.3916209999999998,IND,TCA,0
2906528,104,213,0,2014,7918.0,0.0,0.262042,2.6305080000000003,IND,TCA,0
2906529,104,213,0,2016,2940.0,0.0,0.30976,2.61043,IND,TCA,0
2906530,104,213,0,2017,2148.0,0.0,0.290576,2.726391,IND,TCA,0
2906531,104,213,0,2019,10808.0,0.0,0.43196,2.661139,IND,TCA,0
2906532,104,213,0,2000,5834810.0,0.0,0.3961,2.553408,IND,TCA,0
2906533,104,213,0,1995,102825.0,0.0,0.156183,1.9617380000000002,IND,TCA,0
2906534,104,213,0,1997,76224.0,0.0,0.262571,2.31305,IND,TCA,0
2906535,104,213,0,1998,253674.0,0.0,0.274308,2.316908,IND,TCA,0
2906536,104,213,0,1999,1930408.0,0.0,0.29945900000000003,2.438702,IND,TCA,0
2906537,104,213,0,2001,17986451.0,0.0,0.349744,2.665844,IND,TCA,0
2906538,104,213,0,2002,22335460.0,0.0,0.380867,2.608955,IND,TCA,0
2906539,106,213,0,2004,0.0,36307.0,1.501859,0.14456,IRL,TCA,0
2906540,106,213,0,2005,25346.0,0.0,1.536605,0.189781,IRL,TCA,0
2906541,106,213,0,2008,337633.0,130261.0,1.693858,0.221425,IRL,TCA,0
2906542,106,213,0,2011,0.0,17833.0,1.403182,0.290245,IRL,TCA,0
2906543,106,213,0,2014,0.0,590416.0,1.2658399999999999,0.278546,IRL,TCA,0
2906544,106,213,0,1998,72201.0,0.0,1.451067,0.654442,IRL,TCA,0
2906545,106,213,0,2006,0.0,191561.0,1.43804,0.06463200000000001,IRL,TCA,0
2906546,106,213,0,2007,0.0,977334.0,1.353146,0.122832,IRL,TCA,0
2906547,106,213,0,2016,0.0,55058.0,1.445238,0.07659400000000001,IRL,TCA,0
2906548,106,213,0,2017,0.0,49695.0,1.363544,0.169211,IRL,TCA,0
2906549,106,213,0,2018,272959.0,0.0,1.262419,0.013576,IRL,TCA,0
2906550,106,213,0,2020,0.0,2655.0,1.337791,-0.20829699999999998,IRL,TCA,0
2906551,106,213,0,2012,0.0,385989.0,1.229702,0.12683599999999998,IRL,TCA,0
2906552,106,213,0,2013,0.0,586726.0,1.29988,0.240688,IRL,TCA,0
2906553,106,213,0,2015,0.0,102847.0,1.304942,0.126431,IRL,TCA,0
2906554,110,213,0,2007,21000.0,0.0,1.092244,0.753984,ISR,TCA,0
2906555,110,213,0,2008,16000.0,0.0,1.169192,0.797136,ISR,TCA,0
2906556,110,213,0,2009,9000.0,0.0,1.226438,0.816299,ISR,TCA,0
2906557,110,213,0,2010,12000.0,0.0,1.215834,0.7028340000000001,ISR,TCA,0
2906558,110,213,0,2014,3000.0,0.0,1.211141,0.64523,ISR,TCA,0
2906559,110,213,0,2013,4000.0,0.0,1.197241,0.633828,ISR,TCA,0
2906560,110,213,0,2015,2000.0,0.0,1.260071,0.545545,ISR,TCA,0
2906561,110,213,0,2016,3000.0,0.0,1.352275,0.67584,ISR,TCA,0
2906562,110,213,0,2018,0.0,8158.0,1.355071,0.872822,ISR,TCA,0
2906563,111,213,0,1995,10067.0,0.0,1.503379,1.449094,ITA,TCA,0
2906564,111,213,0,1996,40171.0,0.0,1.4674690000000001,1.263362,ITA,TCA,0
2906565,111,213,0,1997,3525.0,0.0,1.4860389999999999,1.235674,ITA,TCA,0
2906566,111,213,0,1998,87600.0,0.0,1.4532209999999999,1.191124,ITA,TCA,0
2906567,111,213,0,1999,130058.0,0.0,1.395253,1.3589790000000002,ITA,TCA,0
2906568,111,213,0,2000,229057.0,0.0,1.421124,1.112321,ITA,TCA,0
2906569,111,213,0,2001,128242.0,0.0,1.389926,1.282143,ITA,TCA,0
2906570,111,213,0,2002,1559446.0,2752818.0,1.377604,1.2470510000000001,ITA,TCA,0
2906571,111,213,0,2003,2358802.0,2549476.0,1.399734,1.044608,ITA,TCA,0
2906572,111,213,0,2004,5645564.0,1723820.0,1.358057,1.11533,ITA,TCA,0
2906573,111,213,0,2005,5732108.0,1135513.0,1.295883,1.032218,ITA,TCA,0
2906574,111,213,0,2006,7396787.0,691283.0,1.293779,0.93995,ITA,TCA,0
2906575,111,213,0,2007,1849097.0,442070.0,1.3003559999999998,0.705448,ITA,TCA,0
2906576,111,213,0,2008,491571.0,261228.0,1.308777,0.361523,ITA,TCA,0
2906577,111,213,0,2009,14697.0,0.0,1.289,0.64549,ITA,TCA,0
2906578,111,213,0,2010,59795.0,0.0,1.272385,0.545721,ITA,TCA,0
2906579,111,213,0,2011,133115.0,0.0,1.298751,0.48013599999999995,ITA,TCA,0
2906580,111,213,0,2012,119083.0,0.0,1.297611,0.28585900000000003,ITA,TCA,0
2906581,111,213,0,2013,173594.0,0.0,1.289924,0.533436,ITA,TCA,0
2906582,111,213,0,2014,39368.0,0.0,1.340136,0.43931099999999995,ITA,TCA,0
2906583,111,213,0,2015,73017.0,0.0,1.321127,0.747046,ITA,TCA,0
2906584,111,213,0,2016,73955.0,0.0,1.339307,0.8549209999999999,ITA,TCA,0
2906585,111,213,0,2017,124334.0,0.0,1.34395,0.577693,ITA,TCA,0
2906586,111,213,0,2018,69877.0,0.0,1.3602530000000002,0.453607,ITA,TCA,0
2906587,111,213,0,2019,102397.0,0.0,1.25898,0.926639,ITA,TCA,0
2906588,111,213,0,2020,153758.0,0.0,1.299017,0.701797,ITA,TCA,0
2906589,112,213,0,1998,55694.0,0.0,-0.8083739999999999,-0.946183,JAM,TCA,0
2906590,112,213,0,1999,44752.0,0.0,-0.852468,-0.9670290000000001,JAM,TCA,0
2906591,112,213,0,2001,139667.0,0.0,-0.541582,-0.837248,JAM,TCA,0
2906592,112,213,0,2002,207174.0,46296.0,-0.604813,-0.9309860000000001,JAM,TCA,0
2906593,112,213,0,2003,57934.0,0.0,-0.6684140000000001,-0.915817,JAM,TCA,0
2906594,112,213,0,2004,20283.0,0.0,-0.64957,-0.944183,JAM,TCA,0
2906595,112,213,0,2005,46535.0,0.0,-0.438717,-0.95845,JAM,TCA,0
2906596,112,213,0,2006,101667.0,0.0,-0.5122720000000001,-0.9109809999999999,JAM,TCA,0
2906597,112,213,0,2007,147625.0,0.0,-0.466305,-0.971972,JAM,TCA,0
2906598,112,213,0,2008,150130.0,0.0,-0.412969,-0.9444030000000001,JAM,TCA,0
2906599,112,213,0,2009,141089.0,0.0,-0.083743,-0.6222479999999999,JAM,TCA,0
2906600,112,213,0,2010,194309.0,0.0,0.041471,-0.367177,JAM,TCA,0
2906601,112,213,0,2011,93999.0,0.0,-0.162212,-0.621817,JAM,TCA,0
2906602,112,213,0,2012,138089.0,0.0,-0.34163899999999997,-0.8008850000000001,JAM,TCA,0
2906603,112,213,0,2013,140002.0,0.0,-0.541441,-0.8448559999999999,JAM,TCA,0
2906604,112,213,0,2014,70626.0,0.0,-0.42745299999999997,-0.7750130000000001,JAM,TCA,0
2906605,112,213,0,2015,43633.0,0.0,-0.438267,-0.828097,JAM,TCA,0
2906606,112,213,0,2017,148032.0,0.0,-0.497654,-0.76481,JAM,TCA,0
2906607,112,213,0,2018,65388.0,0.0,-0.339328,-0.8756659999999999,JAM,TCA,0
2906608,112,213,0,2019,43732.0,0.0,-0.18387799999999999,-0.710004,JAM,TCA,0
2906609,112,213,0,2016,106305.0,0.0,-0.259972,-0.592114,JAM,TCA,0
2906610,112,213,0,2020,36909.0,0.0,-0.21953000000000003,-0.6944899999999999,JAM,TCA,0
2906611,112,213,0,1996,59847.0,0.0,-0.6344350000000001,-0.814916,JAM,TCA,0
2906612,112,213,0,1997,113091.0,0.0,-0.65455,-0.820413,JAM,TCA,0
2906613,112,213,0,2000,40844.0,0.0,-0.625061,-0.814176,JAM,TCA,0
2906614,114,213,0,2005,0.0,479222.0,2.392106,0.278652,JPN,TCA,0
2906615,121,213,0,2009,0.0,104124.0,1.509336,0.784515,KOR,TCA,0
2906616,121,213,0,2020,22672.0,0.0,1.9703950000000001,0.800826,KOR,TCA,0
2906617,127,213,0,2017,6292.0,0.0,0.458896,-0.149195,LCA,TCA,0
2906618,127,213,0,2011,0.0,1916.0,0.639295,-0.17407999999999998,LCA,TCA,0
2906619,127,213,0,2005,0.0,14224.0,0.795038,-0.40244,LCA,TCA,0
2906620,130,213,0,1998,29908.0,0.0,0.27073,0.692656,LTU,TCA,0
2906621,130,213,0,1999,13768.0,0.0,0.197536,0.5041899999999999,LTU,TCA,0
2906622,131,213,0,2013,0.0,69086.0,1.170459,1.150327,LUX,TCA,0
2906623,131,213,0,2015,0.0,52539.0,1.218924,1.247152,LUX,TCA,0
2906624,136,213,0,2006,0.0,73156.0,-1.024657,-0.393395,MDG,TCA,0
2906625,138,213,0,1995,50000.0,0.0,0.6414300000000001,0.9697520000000001,MEX,TCA,0
2906626,138,213,0,1996,34458.0,0.0,0.651949,0.9132170000000001,MEX,TCA,0
2906627,138,213,0,1997,20865.0,111177.0,0.603221,0.898488,MEX,TCA,0
2906628,138,213,0,1998,73050.0,0.0,0.525671,0.880649,MEX,TCA,0
2906629,138,213,0,1999,71835.0,0.0,0.581034,0.8399760000000001,MEX,TCA,0
2906630,138,213,0,2000,45254.0,0.0,0.6866760000000001,0.64383,MEX,TCA,0
2906631,138,213,0,2001,99407.0,0.0,0.797058,0.713234,MEX,TCA,0
2906632,138,213,0,2002,28579.0,0.0,0.942061,0.6311260000000001,MEX,TCA,0
2906633,138,213,0,2003,34848.0,0.0,0.862509,0.756684,MEX,TCA,0
2906634,138,213,0,2004,1400.0,0.0,0.868684,0.85506,MEX,TCA,0
2906635,138,213,0,2006,79130.0,3166.0,1.047268,0.7142270000000001,MEX,TCA,0
2906636,138,213,0,2007,143802.0,1896.0,1.044746,0.605246,MEX,TCA,0
2906637,138,213,0,2008,104569.0,0.0,0.9833639999999999,0.7687069999999999,MEX,TCA,0
2906638,138,213,0,2009,86654.0,0.0,1.061625,0.719234,MEX,TCA,0
2906639,138,213,0,2010,148293.0,0.0,1.132664,0.675756,MEX,TCA,0
2906640,138,213,0,2011,261888.0,0.0,0.9534600000000001,0.706982,MEX,TCA,0
2906641,138,213,0,2012,219445.0,0.0,1.039541,0.663349,MEX,TCA,0
2906642,138,213,0,2013,252448.0,0.0,1.048507,0.718932,MEX,TCA,0
2906643,138,213,0,2014,145363.0,0.0,1.0799729999999998,0.697554,MEX,TCA,0
2906644,138,213,0,2015,140148.0,0.0,1.169724,0.61457,MEX,TCA,0
2906645,138,213,0,2016,122483.0,0.0,1.165638,0.6446649999999999,MEX,TCA,0
2906646,138,213,0,2017,28404.0,0.0,1.08871,0.5745279999999999,MEX,TCA,0
2906647,138,213,0,2018,40939.0,0.0,1.00061,0.585759,MEX,TCA,0
2906648,138,213,0,2019,17208.0,0.0,1.083041,0.569353,MEX,TCA,0
2906649,147,213,0,2010,0.0,13863.0,-1.479855,-1.070518,MOZ,TCA,0
2906650,147,213,0,2011,0.0,6441.0,-1.2069299999999998,-0.977785,MOZ,TCA,0
2906651,147,213,0,2012,0.0,7962.0,-1.400493,-1.1536680000000001,MOZ,TCA,0
2906652,147,213,0,2014,0.0,4159.0,-1.1993610000000001,-1.040181,MOZ,TCA,0
2906653,148,213,0,2012,0.0,1166.0,-1.570474,-1.284412,MRT,TCA,0
2906654,153,213,0,2008,0.0,3198.0,0.793395,0.6141939999999999,MYS,TCA,0
2906655,157,213,0,2019,0.0,163788.0,-0.345047,-0.792769,NER,TCA,0
2906656,157,213,0,2011,0.0,16813.0,-0.85208,-0.731996,NER,TCA,0
2906657,157,213,0,2013,0.0,131265.0,-1.268738,-0.942256,NER,TCA,0
2906658,159,213,0,2002,0.0,22943.0,-1.8315700000000001,-1.25171,NGA,TCA,0
2906659,159,213,0,2003,0.0,76880.0,-1.859176,-1.234236,NGA,TCA,0
2906660,159,213,0,2000,0.0,2805.0,-2.164663,-1.257723,NGA,TCA,0
2906661,162,213,0,1995,90006.0,0.0,1.304391,1.8819119999999998,NLD,TCA,0
2906662,162,213,0,1996,72390.0,0.0,1.256625,1.803132,NLD,TCA,0
2906663,162,213,0,1997,17948.0,0.0,1.267794,1.727888,NLD,TCA,0
2906664,162,213,0,1998,46962.0,0.0,1.248469,1.683182,NLD,TCA,0
2906665,162,213,0,2002,18951.0,0.0,1.206176,1.7136360000000002,NLD,TCA,0
2906666,162,213,0,2003,2250.0,0.0,1.168453,1.7085709999999998,NLD,TCA,0
2906667,162,213,0,2004,6220.0,0.0,1.251808,1.586526,NLD,TCA,0
2906668,162,213,0,2006,2513.0,272258.0,1.192134,1.450852,NLD,TCA,0
2906669,162,213,0,2007,0.0,368706.0,1.089169,1.589641,NLD,TCA,0
2906670,162,213,0,2008,218091.0,0.0,1.139475,1.385316,NLD,TCA,0
2906671,162,213,0,2009,26511.0,2275.0,1.1914850000000001,1.3076780000000001,NLD,TCA,0
2906672,162,213,0,2010,2653.0,0.0,1.237998,1.1891209999999999,NLD,TCA,0
2906673,162,213,0,2011,26056.0,0.0,1.1655229999999999,1.410167,NLD,TCA,0
2906674,162,213,0,2012,39266.0,0.0,1.124582,1.374002,NLD,TCA,0
2906675,162,213,0,2013,59837.0,0.0,1.184107,1.249557,NLD,TCA,0
2906676,162,213,0,2014,33300.0,0.0,1.179325,1.355071,NLD,TCA,0
2906677,162,213,0,2015,254551.0,0.0,1.230104,1.27344,NLD,TCA,0
2906678,162,213,0,2016,175886.0,0.0,1.157361,1.5188540000000001,NLD,TCA,0
2906679,162,213,0,2017,73066.0,16261.0,1.146959,1.470869,NLD,TCA,0
2906680,162,213,0,2018,113416.0,0.0,1.1478899999999999,1.454758,NLD,TCA,0
2906681,162,213,0,2019,283400.0,0.0,1.145044,1.3523530000000001,NLD,TCA,0
2906682,162,213,0,2020,33047.0,0.0,1.035951,1.559401,NLD,TCA,0
2906683,166,213,0,2007,1855.0,0.0,0.495938,0.845825,NZL,TCA,0
2906684,168,213,0,2006,163646.0,0.0,-0.449333,0.563013,PAK,TCA,0
2906685,168,213,0,2003,440197.0,0.0,-0.6659689999999999,0.137924,PAK,TCA,0
2906686,168,213,0,2004,116116.0,0.0,-0.754143,0.25995100000000004,PAK,TCA,0
2906687,168,213,0,2005,463859.0,28211.0,-0.592542,0.365501,PAK,TCA,0
2906688,168,213,0,2008,1633.0,0.0,-0.401588,0.500668,PAK,TCA,0
2906689,169,213,0,2011,21473.0,0.0,0.786135,1.061008,PAN,TCA,0
2906690,174,213,0,2007,288483.0,0.0,0.032117,-0.16600499999999999,PHL,TCA,0
2906691,174,213,0,2014,4282.0,0.0,0.637442,0.475883,PHL,TCA,0
2906692,174,213,0,2016,0.0,3351.0,0.619343,0.303981,PHL,TCA,0
2906693,177,213,0,2004,0.0,88478.0,1.019341,1.519452,POL,TCA,0
2906694,177,213,0,2005,0.0,216571.0,0.9564299999999999,1.559385,POL,TCA,0
2906695,177,213,0,2006,0.0,275847.0,0.991927,1.474418,POL,TCA,0
2906696,177,213,0,2007,0.0,168066.0,1.0412139999999999,1.309641,POL,TCA,0
2906697,177,213,0,2008,0.0,136448.0,1.037287,1.244457,POL,TCA,0
2906698,177,213,0,2009,0.0,51717.0,1.11055,1.069074,POL,TCA,0
2906699,177,213,0,2010,0.0,458699.0,1.083552,1.1433719999999998,POL,TCA,0
2906700,177,213,0,2011,0.0,8200.0,1.133641,1.134203,POL,TCA,0
2906701,177,213,0,2012,0.0,86291.0,1.0626870000000002,1.267268,POL,TCA,0
2906702,177,213,0,2013,0.0,95803.0,1.084332,1.216749,POL,TCA,0
2906703,177,213,0,2014,0.0,168817.0,1.133102,1.177165,POL,TCA,0
2906704,177,213,0,2017,0.0,38976.0,1.197417,1.092716,POL,TCA,0
2906705,177,213,0,2018,0.0,37216.0,1.132475,1.258945,POL,TCA,0
2906706,179,213,0,2017,52038.0,0.0,0.527046,2.264624,PRT,TCA,0
2906707,179,213,0,2018,1544.0,0.0,0.652628,2.211758,PRT,TCA,0
2906708,179,213,0,2019,2564.0,0.0,0.545467,2.344447,PRT,TCA,0
2906709,185,213,0,2014,7414.0,0.0,0.9112,1.188161,ROU,TCA,0
2906710,185,213,0,1997,0.0,2515.0,0.44381000000000004,1.084109,ROU,TCA,0
2906711,186,213,0,1997,0.0,4240.0,0.87377,0.423861,RUS,TCA,0
2906712,187,213,0,2017,0.0,6914.0,-0.7610319999999999,-0.680251,RWA,TCA,0
2906713,187,213,0,2015,0.0,1241.0,-0.755738,-0.4423,RWA,TCA,0
2906714,187,213,0,2016,0.0,35130.0,-0.5802149999999999,-0.568327,RWA,TCA,0
2906715,189,213,0,2004,0.0,111166.0,0.628071,2.210424,SCG,TCA,0
2906716,190,213,0,2007,0.0,81635.0,-1.978359,-1.316172,SDN,TCA,0
2906717,190,213,0,2008,0.0,461550.0,-2.095439,-1.263511,SDN,TCA,0
2906718,190,213,0,2009,0.0,239611.0,-2.2948020000000002,-1.3182040000000002,SDN,TCA,0
2906719,190,213,0,2010,0.0,2888289.0,-1.9094669999999998,-1.271065,SDN,TCA,0
2906720,190,213,0,2011,0.0,227215.0,-2.1675869999999997,-1.249272,SDN,TCA,0
2906721,190,213,0,2012,0.0,14250.0,-1.316171,-1.1347610000000001,SDN,TCA,0
2906722,190,213,0,2013,0.0,104795.0,-1.254944,-1.073564,SDN,TCA,0
2906723,190,213,0,2014,0.0,75578.0,-1.442381,-1.1155030000000001,SDN,TCA,0
2906724,190,213,0,2015,0.0,2098.0,-1.420356,-1.218424,SDN,TCA,0
2906725,190,213,0,2016,0.0,15400.0,-1.216141,-1.191648,SDN,TCA,0
2906726,190,213,0,2017,0.0,2645.0,-1.567691,-1.257164,SDN,TCA,0
2906727,190,213,0,2018,0.0,2128617.0,-1.278532,-1.176008,SDN,TCA,0
2906728,192,213,0,2011,3891.0,0.0,1.849116,0.52127,SGP,TCA,0
2906729,192,213,0,2013,13161.0,0.0,1.915504,0.619576,SGP,TCA,0
2906730,192,213,0,2015,0.0,5089.0,2.05613,0.593065,SGP,TCA,0
2906731,192,213,0,2016,86467.0,137601.0,2.089995,0.564921,SGP,TCA,0
2906732,192,213,0,2014,4548.0,101629.0,1.867492,0.626736,SGP,TCA,0
2906733,192,213,0,2018,25596.0,2700.0,1.914132,0.652011,SGP,TCA,0
2906734,192,213,0,2017,250026.0,30311.0,1.884166,0.37903600000000004,SGP,TCA,0
2906735,192,213,0,2012,30417.0,18390.0,1.685959,0.5900989999999999,SGP,TCA,0
2906736,192,213,0,2020,0.0,22392.0,1.948379,0.610574,SGP,TCA,0
2906737,192,213,0,2019,1891.0,0.0,2.0264599999999997,0.665506,SGP,TCA,0
2906738,197,213,0,2011,0.0,11455.0,-0.09713200000000001,0.20772600000000002,SLV,TCA,0
2906739,201,213,0,2005,0.0,65736.0,0.627272,1.170525,SRB,TCA,0
2906740,201,213,0,2006,0.0,25497.0,0.547824,1.5588879999999998,SRB,TCA,0
2906741,206,213,0,2013,0.0,1688.0,1.32064,0.7519819999999999,SVK,TCA,0
2906742,206,213,0,2018,114451.0,0.0,1.3270979999999999,0.877684,SVK,TCA,0
2906743,206,213,0,2014,0.0,179902.0,1.334959,0.821253,SVK,TCA,0
2906744,206,213,0,2019,0.0,37637.0,1.39311,0.743107,SVK,TCA,0
2906745,206,213,0,2008,225298.0,0.0,1.3402040000000002,0.8038770000000001,SVK,TCA,0
2906746,206,213,0,2012,0.0,8116.0,1.26088,0.7704770000000001,SVK,TCA,0
2906747,206,213,0,2020,0.0,9949.0,1.338026,0.825268,SVK,TCA,0
2906748,206,213,0,2005,0.0,14434.0,1.250608,0.9054639999999999,SVK,TCA,0
2906749,206,213,0,2007,146791.0,16060.0,1.358301,0.79655,SVK,TCA,0
2906750,206,213,0,2009,318339.0,0.0,1.231382,0.820968,SVK,TCA,0
2906751,206,213,0,2015,0.0,163229.0,1.287133,0.7900560000000001,SVK,TCA,0
2906752,206,213,0,2016,0.0,301562.0,1.273942,0.763966,SVK,TCA,0
2906753,206,213,0,2006,0.0,28369.0,1.291583,0.868317,SVK,TCA,0
2906754,207,213,0,2018,7524.0,0.0,1.67428,0.7703800000000001,SVN,TCA,0
2906755,207,213,0,2019,4972.0,0.0,1.63711,0.803198,SVN,TCA,0
2906756,207,213,0,2015,2282.0,0.0,1.6089879999999999,0.833616,SVN,TCA,0
2906757,207,213,0,2020,2625.0,0.0,1.570699,0.8442459999999999,SVN,TCA,0
2906758,208,213,0,2011,3317.0,0.0,1.857146,0.366159,SWE,TCA,0
2906759,208,213,0,2015,1200.0,0.0,1.8068349999999997,0.693389,SWE,TCA,0
2906760,208,213,0,2016,1181.0,0.0,1.785149,0.767444,SWE,TCA,0
2906761,208,213,0,2010,62437.0,0.0,1.882239,0.397927,SWE,TCA,0
2906762,216,213,0,1997,60851.0,183024.0,0.084875,1.41931,THA,TCA,0
2906763,216,213,0,1998,34677.0,192443.0,0.128633,1.484142,THA,TCA,0
2906764,216,213,0,1999,116090.0,136984.0,0.20451,1.513533,THA,TCA,0
2906765,216,213,0,2001,23271.0,0.0,0.37555900000000003,1.498267,THA,TCA,0
2906766,216,213,0,2007,0.0,2966.0,0.711328,1.411114,THA,TCA,0
2906767,216,213,0,2008,0.0,4397.0,0.7531399999999999,1.4420620000000002,THA,TCA,0
2906768,216,213,0,2015,78725.0,45847.0,0.965888,1.368572,THA,TCA,0
2906769,216,213,0,2017,15813.0,0.0,0.983977,1.3926020000000001,THA,TCA,0
2906770,216,213,0,2019,17137.0,0.0,0.9744229999999999,1.401199,THA,TCA,0
2906771,216,213,0,2020,10955.0,0.0,1.035524,1.2777180000000001,THA,TCA,0
2906772,222,213,0,2000,38565.0,0.0,-0.035037,-0.862433,TTO,TCA,0
2906773,222,213,0,2001,8753.0,0.0,0.178256,-0.709126,TTO,TCA,0
2906774,222,213,0,2002,1614.0,0.0,0.074907,-0.8203879999999999,TTO,TCA,0
2906775,222,213,0,2004,2453.0,0.0,0.00677,-0.965385,TTO,TCA,0
2906776,222,213,0,2007,5269.0,0.0,-0.371347,-1.0536709999999998,TTO,TCA,0
2906777,222,213,0,2011,67678.0,0.0,-0.44228,-1.031793,TTO,TCA,0
2906778,222,213,0,2012,56411.0,0.0,-0.420754,-1.0575299999999999,TTO,TCA,0
2906779,222,213,0,2013,55793.0,0.0,-0.280641,-1.083332,TTO,TCA,0
2906780,222,213,0,2014,83354.0,0.0,-0.57362,-1.117545,TTO,TCA,0
2906781,222,213,0,2015,73825.0,0.0,-0.462837,-1.117621,TTO,TCA,0
2906782,223,213,0,2006,0.0,75445.0,-0.013636,0.804752,TUN,TCA,0
2906783,224,213,0,2005,42087.0,0.0,0.226487,2.210279,TUR,TCA,0
2906784,224,213,0,2007,48883.0,0.0,0.41396700000000003,2.0339869999999998,TUR,TCA,0
2906785,224,213,0,2020,5674.0,0.0,0.590472,2.619866,TUR,TCA,0
2906786,224,213,0,2006,58871.0,0.0,0.33971599999999996,2.193384,TUR,TCA,0
2906787,228,213,0,2010,205720.0,0.0,0.714148,0.916267,UKR,TCA,0
2906788,228,213,0,2011,310632.0,0.0,0.6221409999999999,0.765505,UKR,TCA,0
2906789,228,213,0,2012,342884.0,0.0,0.590001,0.8422069999999999,UKR,TCA,0
2906790,228,213,0,2008,58127.0,0.0,0.59355,0.764415,UKR,TCA,0
2906791,231,213,0,1995,4439296.0,10101.0,1.771648,1.184,USA,TCA,0
2906792,231,213,0,1996,2059305.0,28625.0,1.7110560000000001,1.125141,USA,TCA,0
2906793,231,213,0,1997,3448269.0,178568.0,1.823511,0.888084,USA,TCA,0
2906794,231,213,0,1998,5543873.0,180114.0,1.8223639999999999,0.761336,USA,TCA,0
2906795,231,213,0,1999,6616984.0,150495.0,1.8755119999999998,0.5350729999999999,USA,TCA,0
2906796,231,213,0,2000,4428885.0,159299.0,1.8549650000000002,0.226992,USA,TCA,0
2906797,231,213,0,2001,4017921.0,131508.0,1.873674,0.168468,USA,TCA,0
2906798,231,213,0,2002,3651547.0,201640.0,1.821594,0.231296,USA,TCA,0
2906799,231,213,0,2003,3666910.0,161060.0,1.7789220000000001,0.064028,USA,TCA,0
2906800,231,213,0,2004,6902635.0,512691.0,1.7598630000000002,0.066704,USA,TCA,0
2906801,231,213,0,2005,10287144.0,242034.0,1.718086,-0.34564,USA,TCA,0
2906802,231,213,0,2006,16292331.0,9145.0,1.666643,-0.121679,USA,TCA,0
2906803,231,213,0,2007,12732075.0,33050.0,1.612165,0.0922,USA,TCA,0
2906804,231,213,0,2008,17104525.0,60973.0,1.584278,-0.209788,USA,TCA,0
2906805,231,213,0,2009,11580044.0,31234.0,1.657663,-0.41411400000000004,USA,TCA,0
2906806,231,213,0,2010,6205521.0,212695.0,1.67573,-0.598165,USA,TCA,0
2906807,231,213,0,2011,9193582.0,117146.0,1.6884849999999998,-0.474499,USA,TCA,0
2906808,231,213,0,2012,9958260.0,113076.0,1.628377,-0.601941,USA,TCA,0
2906809,231,213,0,2013,9068846.0,106447.0,1.6639689999999998,-0.48651300000000003,USA,TCA,0
2906810,231,213,0,2014,9972313.0,56996.0,1.61227,0.068905,USA,TCA,0
2906811,231,213,0,2015,12937692.0,45536.0,1.720478,-0.129322,USA,TCA,0
2906812,231,213,0,2016,12944418.0,118745.0,1.685329,0.297536,USA,TCA,0
2906813,231,213,0,2017,14561453.0,91304.0,1.601478,0.277271,USA,TCA,0
2906814,231,213,0,2018,14486226.0,163128.0,1.585861,0.44815900000000003,USA,TCA,0
2906815,231,213,0,2019,16500915.0,40772.0,1.606808,0.3232,USA,TCA,0
2906816,231,213,0,2020,13653544.0,390276.0,1.588148,0.380904,USA,TCA,0
2906817,236,213,0,2002,13072.0,0.0,0.211536,-0.715675,VEN,TCA,0
2906818,236,213,0,2006,4826.0,0.0,-0.340972,-1.015462,VEN,TCA,0
2906819,246,213,0,2004,217921.0,0.0,0.460279,1.9736220000000002,ZAF,TCA,0
2906820,246,213,0,2010,2995.0,0.0,0.327326,1.513598,ZAF,TCA,0
2906821,246,213,0,1996,0.0,402019.0,0.456593,1.150786,ZAF,TCA,0
2906822,247,213,0,2018,0.0,53112.0,-0.736064,-0.93958,ZMB,TCA,0
2906823,248,213,0,2012,0.0,45394.0,-0.8025100000000001,-0.869078,ZWE,TCA,0
2906824,248,213,0,2013,0.0,1648.0,-0.828702,-0.899175,ZWE,TCA,0
2906825,248,213,0,2014,0.0,10313.0,-0.821369,-0.864232,ZWE,TCA,0
2906826,250,213,0,2011,596377.0,97943.0,0.475638,-0.160135,ANS,TCA,0
2906827,250,213,0,2012,826056.0,3445.0,0.385997,-0.057784,ANS,TCA,0
2906828,7,195,0,2016,317.0,0.0,0.11037999999999999,0.045327,ARE,SLB,0
2906829,7,195,0,2019,154698.0,0.0,-0.165113,-0.8973540000000001,ARE,SLB,0
2906830,7,195,0,2020,270841.0,0.0,-0.118349,-0.789485,ARE,SLB,0
2906831,7,195,0,2007,305032.0,0.0,-0.107504,-0.44744300000000004,ARE,SLB,0
2906832,7,195,0,2014,9296.0,0.0,0.087775,-0.289459,ARE,SLB,0
2906833,10,195,0,2018,82077.0,0.0,1.01754,-0.340514,ASM,SLB,0
2906834,14,195,0,2005,1318628.0,51797.0,0.18443099999999998,0.489043,AUS,SLB,0
2906835,14,195,0,2001,1050559.0,0.0,0.29463,0.772375,AUS,SLB,0
2906836,14,195,0,2004,1481777.0,2465.0,0.196641,0.8139460000000001,AUS,SLB,0
2906837,14,195,0,1995,1366507.0,10320.0,0.44442,0.789292,AUS,SLB,0
2906838,14,195,0,1996,2052502.0,8996.0,0.369697,0.78069,AUS,SLB,0
2906839,14,195,0,1997,3100501.0,17909.0,0.428555,0.798283,AUS,SLB,0
2906840,14,195,0,1998,1450894.0,47279.0,0.375317,0.8864629999999999,AUS,SLB,0
2906841,14,195,0,2003,1238051.0,0.0,0.316879,0.9409489999999999,AUS,SLB,0
2906842,14,195,0,2006,1721117.0,13145.0,0.067166,0.373148,AUS,SLB,0
2906843,14,195,0,2007,3276007.0,0.0,0.137686,0.451592,AUS,SLB,0
2906844,14,195,0,2008,2476410.0,20187.0,-0.171801,-0.012588,AUS,SLB,0
2906845,14,195,0,2009,4025584.0,5261.0,-0.109286,0.13586900000000002,AUS,SLB,0
2906846,14,195,0,2010,6421158.0,59971.0,-0.276442,0.062023,AUS,SLB,0
2906847,14,195,0,2011,3409683.0,23511.0,-0.138148,0.002999,AUS,SLB,0
2906848,14,195,0,2012,3476830.0,49708.0,-0.352742,-0.145405,AUS,SLB,0
2906849,14,195,0,2013,4025994.0,54496.0,-0.31145700000000004,-0.167628,AUS,SLB,0
2906850,14,195,0,2014,3960409.0,31823.0,-0.398273,-0.17128,AUS,SLB,0
2906851,14,195,0,2015,4116431.0,276050.0,-0.292325,-0.043489,AUS,SLB,0
2906852,14,195,0,2016,3572174.0,57128.0,-0.25955300000000003,0.0011070000000000001,AUS,SLB,0
2906853,14,195,0,2017,3729393.0,71857.0,-0.42427200000000004,-0.152921,AUS,SLB,0
2906854,14,195,0,2018,4320099.0,18112.0,-0.29687199999999997,-0.123116,AUS,SLB,0
2906855,14,195,0,2019,4588253.0,9793.0,-0.294558,-0.180198,AUS,SLB,0
2906856,14,195,0,2020,3065844.0,58336.0,-0.32910500000000004,-0.232963,AUS,SLB,0
2906857,14,195,0,1999,1762134.0,22888.0,0.357101,0.8857879999999999,AUS,SLB,0
2906858,14,195,0,2002,786503.0,14170.0,0.231386,0.771628,AUS,SLB,0
2906859,14,195,0,2000,1152196.0,0.0,0.279804,0.9355540000000001,AUS,SLB,0
2906860,15,195,0,2000,0.0,35290.0,1.842429,0.464405,AUT,SLB,0
2906861,15,195,0,2003,0.0,28412.0,1.834977,0.408096,AUT,SLB,0
2906862,15,195,0,2018,1152.0,0.0,1.774488,-0.21117800000000003,AUT,SLB,0
2906863,15,195,0,2019,2750.0,0.0,1.743927,-0.076778,AUT,SLB,0
2906864,15,195,0,1999,0.0,31590.0,1.836804,0.744312,AUT,SLB,0
2906865,15,195,0,2001,0.0,61285.0,1.8571650000000002,0.603191,AUT,SLB,0
2906866,15,195,0,2002,0.0,63846.0,1.8651200000000001,0.48423900000000003,AUT,SLB,0
2906867,15,195,0,1998,0.0,27715.0,1.891966,0.508137,AUT,SLB,0
2906868,18,195,0,1995,30967.0,0.0,1.615588,1.394102,BEL,SLB,0
2906869,18,195,0,2004,1147.0,0.0,1.350911,1.408209,BEL,SLB,0
2906870,18,195,0,2005,11594.0,0.0,1.275296,1.345063,BEL,SLB,0
2906871,18,195,0,2014,0.0,10109.0,1.234156,1.226441,BEL,SLB,0
2906872,18,195,0,2015,1489.0,0.0,1.329866,1.100641,BEL,SLB,0
2906873,22,195,0,1997,120344.0,0.0,-1.027777,-1.048214,BGD,SLB,0
2906874,22,195,0,2010,156570.0,0.0,-0.974526,-0.76566,BGD,SLB,0
2906875,22,195,0,2011,108285.0,0.0,-1.074416,-0.8276370000000001,BGD,SLB,0
2906876,22,195,0,2012,80063.0,0.0,-0.8932610000000001,-0.762658,BGD,SLB,0
2906877,22,195,0,2013,73482.0,0.0,-1.101916,-0.734646,BGD,SLB,0
2906878,22,195,0,2015,74828.0,0.0,-1.088465,-0.8745360000000001,BGD,SLB,0
2906879,22,195,0,2016,167486.0,0.0,-1.107523,-1.065009,BGD,SLB,0
2906880,22,195,0,2018,171050.0,0.0,-0.899467,-0.9823719999999999,BGD,SLB,0
2906881,22,195,0,2017,225739.0,0.0,-1.016251,-0.987654,BGD,SLB,0
2906882,32,195,0,2011,3386.0,0.0,0.27718400000000004,0.5674319999999999,BRA,SLB,0
2906883,32,195,0,2016,2424.0,0.0,0.245919,0.661809,BRA,SLB,0
2906884,32,195,0,2018,15336.0,0.0,0.143397,0.582092,BRA,SLB,0
2906885,39,195,0,2004,3570.0,0.0,0.9392739999999999,1.19228,CAN,SLB,0
2906886,39,195,0,2007,1754.0,1826.0,0.77681,1.20517,CAN,SLB,0
2906887,39,195,0,2009,11524.0,0.0,0.6778069999999999,1.278402,CAN,SLB,0
2906888,39,195,0,2012,50674.0,2854.0,0.693098,1.132064,CAN,SLB,0
2906889,39,195,0,2013,7096.0,0.0,0.719649,1.017046,CAN,SLB,0
2906890,39,195,0,2014,8651.0,0.0,0.671395,1.024683,CAN,SLB,0
2906891,39,195,0,2016,5684.0,57823.0,0.6579050000000001,1.12259,CAN,SLB,0
2906892,41,195,0,2007,18774.0,0.0,2.0198080000000003,0.42277200000000004,CHE,SLB,0
2906893,41,195,0,2009,34151.0,0.0,2.124438,0.484861,CHE,SLB,0
2906894,41,195,0,2011,51208.0,1983.0,2.2644029999999997,0.406131,CHE,SLB,0
2906895,41,195,0,2012,0.0,31631.0,2.060769,0.562718,CHE,SLB,0
2906896,41,195,0,2013,627.0,0.0,2.2104470000000003,0.5403479999999999,CHE,SLB,0
2906897,41,195,0,2015,5573.0,0.0,2.306075,0.720781,CHE,SLB,0
2906898,41,195,0,2017,1078.0,0.0,2.2557810000000003,0.845459,CHE,SLB,0
2906899,41,195,0,2018,0.0,7446.0,2.2324330000000003,0.7801560000000001,CHE,SLB,0
2906900,41,195,0,2019,0.0,10107.0,2.1990849999999997,0.8394229999999999,CHE,SLB,0
2906901,43,195,0,1995,213546.0,0.0,0.387897,3.2147919999999996,CHN,SLB,0
2906902,43,195,0,1996,104767.0,0.0,0.404422,3.061344,CHN,SLB,0
2906903,43,195,0,1997,254784.0,0.0,0.36051300000000003,3.287322,CHN,SLB,0
2906904,43,195,0,1998,247788.0,4271.0,0.3658,3.231258,CHN,SLB,0
2906905,43,195,0,1999,261780.0,2481.0,0.386094,3.270089,CHN,SLB,0
2906906,43,195,0,2000,210816.0,0.0,0.478362,3.156111,CHN,SLB,0
2906907,43,195,0,2001,184230.0,0.0,0.525171,3.092963,CHN,SLB,0
2906908,43,195,0,2002,187514.0,0.0,0.576746,2.7995520000000003,CHN,SLB,0
2906909,43,195,0,2003,294884.0,0.0,0.579431,2.773139,CHN,SLB,0
2906910,43,195,0,2004,653991.0,0.0,0.581548,2.8689880000000003,CHN,SLB,0
2906911,43,195,0,2005,884523.0,0.0,0.608256,2.8242220000000002,CHN,SLB,0
2906912,43,195,0,2007,1284491.0,0.0,0.801547,2.321052,CHN,SLB,0
2906913,43,195,0,2008,1738017.0,0.0,0.929285,1.8917259999999998,CHN,SLB,0
2906914,43,195,0,2009,1430693.0,0.0,0.898623,2.08703,CHN,SLB,0
2906915,43,195,0,2010,3973262.0,0.0,0.922493,2.0176,CHN,SLB,0
2906916,43,195,0,2011,3049571.0,0.0,1.072299,1.686826,CHN,SLB,0
2906917,43,195,0,2012,2644982.0,0.0,1.095682,1.354837,CHN,SLB,0
2906918,43,195,0,2013,2518938.0,0.0,1.113767,1.477496,CHN,SLB,0
2906919,43,195,0,2014,2323910.0,0.0,1.187557,1.222085,CHN,SLB,0
2906920,43,195,0,2015,9749955.0,0.0,1.077143,1.735757,CHN,SLB,0
2906921,43,195,0,2016,9659306.0,0.0,1.1073620000000002,1.723098,CHN,SLB,0
2906922,43,195,0,2017,9841078.0,0.0,1.1127790000000002,1.56869,CHN,SLB,0
2906923,43,195,0,2018,13001149.0,0.0,1.200689,1.2822,CHN,SLB,0
2906924,43,195,0,2019,11022026.0,1656.0,1.196265,1.2258870000000002,CHN,SLB,0
2906925,43,195,0,2020,13692875.0,2392.0,1.187837,1.2237770000000001,CHN,SLB,0
2906926,43,195,0,2006,809065.0,0.0,0.737888,2.54966,CHN,SLB,0
2906927,59,195,0,2009,0.0,5281.0,1.6323159999999999,0.47257200000000005,CZE,SLB,0
2906928,61,195,0,1996,28116.0,0.0,2.279976,-2.572299,DEU,SLB,0
2906929,61,195,0,1997,36636.0,0.0,2.293936,-2.2301919999999997,DEU,SLB,0
2906930,61,195,0,1998,13000.0,0.0,2.334028,-2.417278,DEU,SLB,0
2906931,61,195,0,1999,27389.0,0.0,2.334811,-2.060502,DEU,SLB,0
2906932,61,195,0,2000,1035.0,73501.0,2.316177,-2.4478419999999996,DEU,SLB,0
2906933,61,195,0,2001,43000.0,30181.0,2.321375,-2.1110990000000003,DEU,SLB,0
2906934,61,195,0,2002,37000.0,31406.0,2.297691,-2.183239,DEU,SLB,0
2906935,61,195,0,2003,61593.0,11263.0,2.2821919999999998,-2.0985150000000004,DEU,SLB,0
2906936,61,195,0,2004,77134.0,3203.0,2.266076,-2.011139,DEU,SLB,0
2906937,61,195,0,2005,44488.0,18434.0,2.172479,-2.446472,DEU,SLB,0
2906938,61,195,0,2006,108985.0,50550.0,2.132566,-2.773669,DEU,SLB,0
2906939,61,195,0,2007,0.0,16020.0,2.114566,-2.934732,DEU,SLB,0
2906940,61,195,0,2008,3919.0,0.0,2.007167,-3.256961,DEU,SLB,0
2906941,61,195,0,2009,33290.0,22140.0,2.056515,-3.034837,DEU,SLB,0
2906942,61,195,0,2010,25134.0,0.0,2.035672,-3.383322,DEU,SLB,0
2906943,61,195,0,2012,23520.0,0.0,1.966247,-3.3238410000000003,DEU,SLB,0
2906944,61,195,0,2013,2842.0,0.0,2.093658,-3.4281980000000005,DEU,SLB,0
2906945,61,195,0,2014,12780.0,0.0,2.052849,-2.888805,DEU,SLB,0
2906946,61,195,0,2015,58585.0,2218.0,2.203818,-2.307561,DEU,SLB,0
2906947,61,195,0,2016,4398.0,0.0,2.203093,-2.24919,DEU,SLB,0
2906948,61,195,0,2017,6768.0,3175.0,2.1149459999999998,-2.525372,DEU,SLB,0
2906949,61,195,0,2018,5121.0,0.0,2.109059,-2.428826,DEU,SLB,0
2906950,61,195,0,2019,13447.0,0.0,2.078626,-2.124816,DEU,SLB,0
2906951,61,195,0,2020,2921.0,0.0,2.027494,-2.3646689999999997,DEU,SLB,0
2906952,64,195,0,1995,86775.0,0.0,1.3800270000000001,1.489036,DNK,SLB,0
2906953,64,195,0,2005,1147.0,0.0,1.210286,1.217256,DNK,SLB,0
2906954,64,195,0,2006,15966.0,0.0,1.2308700000000001,1.180914,DNK,SLB,0
2906955,64,195,0,2008,1805.0,0.0,1.165294,1.1112440000000001,DNK,SLB,0
2906956,64,195,0,2012,57316.0,0.0,1.105061,1.245377,DNK,SLB,0
2906957,64,195,0,2016,2059.0,0.0,1.117864,1.302658,DNK,SLB,0
2906958,64,195,0,2017,4528.0,0.0,1.159753,1.233914,DNK,SLB,0
2906959,71,195,0,1999,390709.0,0.0,1.0849209999999998,1.9351180000000001,ESP,SLB,0
2906960,71,195,0,2001,0.0,3175.0,1.079664,1.9842220000000002,ESP,SLB,0
2906961,71,195,0,2015,0.0,778.0,0.8173590000000001,2.442556,ESP,SLB,0
2906962,72,195,0,2006,0.0,1814.0,0.6426350000000001,0.925003,EST,SLB,0
2906963,74,195,0,2007,0.0,44866.0,1.865502,0.7737729999999999,FIN,SLB,0
2906964,74,195,0,2006,0.0,10743.0,1.864038,0.8193940000000001,FIN,SLB,0
2906965,75,195,0,2000,158165.0,0.0,-0.804605,-0.21037899999999998,FJI,SLB,0
2906966,75,195,0,2006,119072.0,2479.0,-0.6554949999999999,-0.098284,FJI,SLB,0
2906967,75,195,0,2014,1847955.0,3829.0,-0.306346,-0.07688500000000001,FJI,SLB,0
2906968,75,195,0,2005,268601.0,0.0,-0.649999,-0.189992,FJI,SLB,0
2906969,75,195,0,2007,424788.0,0.0,-0.506992,0.033250999999999996,FJI,SLB,0
2906970,75,195,0,2008,270573.0,0.0,-0.756592,-0.27005,FJI,SLB,0
2906971,75,195,0,2009,296079.0,3799.0,-0.785772,-0.305228,FJI,SLB,0
2906972,75,195,0,2010,361215.0,3431.0,-0.603112,-0.29135500000000003,FJI,SLB,0
2906973,75,195,0,2011,415781.0,7546.0,-0.434356,-0.010863,FJI,SLB,0
2906974,75,195,0,2012,555852.0,9993.0,-0.315227,0.118598,FJI,SLB,0
2906975,75,195,0,2013,1829327.0,7117.0,-0.5203369999999999,-0.122405,FJI,SLB,0
2906976,75,195,0,2015,697472.0,0.0,-0.481968,-0.201468,FJI,SLB,0
2906977,75,195,0,2016,650558.0,98554.0,-0.27171999999999996,0.172933,FJI,SLB,0
2906978,75,195,0,2017,1440578.0,0.0,-0.278276,-0.033997,FJI,SLB,0
2906979,75,195,0,2018,1025141.0,50208.0,-0.269185,0.006362,FJI,SLB,0
2906980,75,195,0,2019,1024782.0,13816.0,-0.274278,-0.049333,FJI,SLB,0
2906981,75,195,0,2020,1046170.0,0.0,-0.184167,-0.081888,FJI,SLB,0
2906982,75,195,0,2002,197474.0,0.0,-0.588136,-0.242883,FJI,SLB,0
2906983,75,195,0,2003,104676.0,0.0,-0.6865640000000001,-0.326977,FJI,SLB,0
2906984,75,195,0,2004,765948.0,0.0,-0.8870969999999999,-0.287427,FJI,SLB,0
2906985,77,195,0,1995,134789.0,0.0,1.768484,0.765537,FRA,SLB,0
2906986,77,195,0,2002,0.0,175701.0,1.569367,0.9886360000000001,FRA,SLB,0
2906987,77,195,0,2004,3731.0,3732.0,1.6003530000000001,0.643945,FRA,SLB,0
2906988,77,195,0,2005,0.0,11957.0,1.505148,0.594409,FRA,SLB,0
2906989,77,195,0,2006,0.0,144641.0,1.47591,0.489466,FRA,SLB,0
2906990,77,195,0,2007,2744.0,40627.0,1.4565350000000001,0.262845,FRA,SLB,0
2906991,77,195,0,2008,0.0,4607.0,1.487702,-0.223965,FRA,SLB,0
2906992,77,195,0,2009,56561.0,12131.0,1.540346,0.090377,FRA,SLB,0
2906993,77,195,0,2010,0.0,41031.0,1.530027,-0.052557000000000006,FRA,SLB,0
2906994,77,195,0,2011,16664.0,41654.0,1.532054,0.09339299999999999,FRA,SLB,0
2906995,77,195,0,2012,14174.0,25055.0,1.425025,0.27534899999999995,FRA,SLB,0
2906996,77,195,0,2013,0.0,1075.0,1.520354,0.022874000000000002,FRA,SLB,0
2906997,77,195,0,2014,0.0,10247.0,1.4817790000000002,0.30995,FRA,SLB,0
2906998,77,195,0,2015,1579.0,2406.0,1.479792,0.6490239999999999,FRA,SLB,0
2906999,77,195,0,2017,0.0,87558.0,1.398427,0.894732,FRA,SLB,0
2907000,77,195,0,2018,1516.0,264387.0,1.420819,0.7793770000000001,FRA,SLB,0
2907001,77,195,0,2019,0.0,326849.0,1.380982,0.9510629999999999,FRA,SLB,0
2907002,81,195,0,1995,16870.0,0.0,1.8656979999999999,1.107121,GBR,SLB,0
2907003,81,195,0,1996,28985.0,3763.0,1.850284,0.883084,GBR,SLB,0
2907004,81,195,0,1997,5782.0,2319.0,1.886353,0.783832,GBR,SLB,0
2907005,81,195,0,1998,7253.0,2853.0,1.906738,0.489101,GBR,SLB,0
2907006,81,195,0,1999,1424.0,0.0,1.9523830000000002,0.771455,GBR,SLB,0
2907007,81,195,0,2000,19826.0,3606.0,1.957339,0.610052,GBR,SLB,0
2907008,81,195,0,2001,12669.0,0.0,1.976894,0.685435,GBR,SLB,0
2907009,81,195,0,2003,28659.0,0.0,1.8712540000000002,0.706205,GBR,SLB,0
2907010,81,195,0,2004,5204.0,0.0,1.843506,0.684779,GBR,SLB,0
2907011,81,195,0,2005,9900.0,0.0,1.805023,0.425654,GBR,SLB,0
2907012,81,195,0,2006,8776.0,0.0,1.824154,0.614424,GBR,SLB,0
2907013,81,195,0,2007,3164.0,0.0,1.718661,0.35525300000000004,GBR,SLB,0
2907014,81,195,0,2008,0.0,47518.0,1.7586119999999998,0.061214,GBR,SLB,0
2907015,81,195,0,2009,1225.0,0.0,1.7921779999999998,0.41211499999999995,GBR,SLB,0
2907016,81,195,0,2010,1547.0,0.0,1.828224,0.386383,GBR,SLB,0
2907017,81,195,0,2011,1262.0,68486.0,1.8048220000000001,0.380141,GBR,SLB,0
2907018,81,195,0,2012,17474.0,303648.0,1.701279,0.518166,GBR,SLB,0
2907019,81,195,0,2013,5177.0,0.0,1.7901259999999999,0.44164,GBR,SLB,0
2907020,81,195,0,2014,1275.0,13879.0,1.697964,0.585372,GBR,SLB,0
2907021,81,195,0,2015,4145.0,238247.0,1.7422990000000003,0.75838,GBR,SLB,0
2907022,81,195,0,2016,3011.0,0.0,1.6974669999999998,0.9231299999999999,GBR,SLB,0
2907023,81,195,0,2017,2056.0,16701.0,1.6883119999999998,0.8347469999999999,GBR,SLB,0
2907024,81,195,0,2018,3005.0,177218.0,1.693008,0.768159,GBR,SLB,0
2907025,81,195,0,2019,3192.0,24679.0,1.731106,0.717566,GBR,SLB,0
2907026,81,195,0,2020,4520.0,53811.0,1.6459,0.7702640000000001,GBR,SLB,0
2907027,90,195,0,2000,16698.0,0.0,0.30201300000000003,1.4171799999999999,GRC,SLB,0
2907028,90,195,0,2020,102813.0,0.0,0.199011,1.087811,GRC,SLB,0
2907029,97,195,0,1995,2226126.0,3356.0,0.5244449999999999,2.682738,HKG,SLB,0
2907030,97,195,0,1996,1962912.0,0.0,0.54364,2.727659,HKG,SLB,0
2907031,97,195,0,1997,2036689.0,0.0,0.521942,2.578405,HKG,SLB,0
2907032,97,195,0,1998,1493503.0,0.0,0.46966099999999994,2.5744029999999998,HKG,SLB,0
2907033,97,195,0,1999,1337626.0,0.0,0.387427,2.402434,HKG,SLB,0
2907034,97,195,0,2000,952576.0,0.0,0.416202,2.4793950000000002,HKG,SLB,0
2907035,97,195,0,2001,1381749.0,2001.0,0.521528,2.3025,HKG,SLB,0
2907036,97,195,0,2002,404483.0,0.0,0.5701109999999999,1.989357,HKG,SLB,0
2907037,97,195,0,2003,720706.0,0.0,0.494569,2.147062,HKG,SLB,0
2907038,97,195,0,2004,719548.0,0.0,0.604825,2.098745,HKG,SLB,0
2907039,97,195,0,2005,504496.0,0.0,0.5862149999999999,2.0303459999999998,HKG,SLB,0
2907040,97,195,0,2006,325529.0,0.0,0.5776319999999999,2.076782,HKG,SLB,0
2907041,97,195,0,2007,489250.0,0.0,0.639034,2.1086009999999997,HKG,SLB,0
2907042,97,195,0,2008,517941.0,0.0,0.74435,2.149616,HKG,SLB,0
2907043,97,195,0,2009,542732.0,0.0,0.654964,1.98672,HKG,SLB,0
2907044,97,195,0,2010,610306.0,0.0,0.715745,1.9780259999999998,HKG,SLB,0
2907045,97,195,0,2011,854659.0,0.0,0.663588,1.902118,HKG,SLB,0
2907046,97,195,0,2012,785572.0,0.0,0.8124979999999999,1.677497,HKG,SLB,0
2907047,97,195,0,2013,733207.0,0.0,0.744383,1.923139,HKG,SLB,0
2907048,97,195,0,2014,686260.0,0.0,0.812132,1.722493,HKG,SLB,0
2907049,97,195,0,2015,801473.0,675.0,0.8255290000000001,1.8017279999999998,HKG,SLB,0
2907050,97,195,0,2016,783059.0,0.0,0.8029029999999999,1.477249,HKG,SLB,0
2907051,97,195,0,2017,690147.0,0.0,0.824982,1.7162220000000001,HKG,SLB,0
2907052,97,195,0,2018,765497.0,0.0,0.843677,1.656073,HKG,SLB,0
2907053,97,195,0,2019,226422.0,0.0,0.992556,1.523004,HKG,SLB,0
2907054,97,195,0,2020,268022.0,0.0,1.070483,1.183618,HKG,SLB,0
2907055,103,195,0,1997,322282.0,0.0,-0.44080699999999995,1.220104,IDN,SLB,0
2907056,103,195,0,1999,122530.0,0.0,-0.20447,1.568505,IDN,SLB,0
2907057,103,195,0,2000,44509.0,0.0,-0.125831,1.7116360000000002,IDN,SLB,0
2907058,103,195,0,2001,115391.0,0.0,-0.167771,1.6587889999999998,IDN,SLB,0
2907059,103,195,0,2002,34567.0,0.0,-0.10020499999999999,1.590314,IDN,SLB,0
2907060,103,195,0,2004,78770.0,0.0,-0.223644,1.719065,IDN,SLB,0
2907061,103,195,0,2005,21082.0,0.0,-0.273208,1.5252379999999999,IDN,SLB,0
2907062,103,195,0,2006,34820.0,0.0,-0.21012399999999998,1.467838,IDN,SLB,0
2907063,103,195,0,2007,77354.0,0.0,-0.192415,1.497962,IDN,SLB,0
2907064,103,195,0,2008,77021.0,0.0,-0.11154000000000001,1.4879850000000001,IDN,SLB,0
2907065,103,195,0,2009,34259.0,0.0,-0.253835,1.260101,IDN,SLB,0
2907066,103,195,0,2010,12138.0,0.0,-0.30878099999999997,1.07069,IDN,SLB,0
2907067,103,195,0,2011,340240.0,0.0,-0.234125,1.168384,IDN,SLB,0
2907068,103,195,0,2012,297981.0,0.0,-0.142318,1.281781,IDN,SLB,0
2907069,103,195,0,2013,65970.0,0.0,-0.216854,1.415728,IDN,SLB,0
2907070,103,195,0,2014,34666.0,0.0,-0.088032,1.3966459999999998,IDN,SLB,0
2907071,103,195,0,2015,78429.0,0.0,-0.145103,1.277362,IDN,SLB,0
2907072,103,195,0,2016,62917.0,0.0,-0.158496,1.492067,IDN,SLB,0
2907073,103,195,0,2017,123287.0,0.0,-0.23641700000000002,1.188173,IDN,SLB,0
2907074,103,195,0,2018,141637.0,0.0,-0.10130499999999999,1.2414209999999999,IDN,SLB,0
2907075,103,195,0,2019,23706.0,0.0,-0.141811,1.385726,IDN,SLB,0
2907076,103,195,0,2020,25383.0,0.0,-0.16761700000000002,1.571009,IDN,SLB,0
2907077,103,195,0,1998,74329.0,0.0,-0.478253,1.350652,IDN,SLB,0
2907078,104,195,0,2003,23254.0,0.0,0.33014099999999996,2.836003,IND,SLB,0
2907079,104,195,0,2004,5397.0,0.0,0.233348,2.790987,IND,SLB,0
2907080,104,195,0,2005,15057.0,0.0,0.212108,2.817413,IND,SLB,0
2907081,104,195,0,2007,7402.0,0.0,0.279475,2.7514939999999997,IND,SLB,0
2907082,104,195,0,2008,91389.0,0.0,0.26694,2.926023,IND,SLB,0
2907083,104,195,0,2009,144051.0,0.0,0.209867,2.254003,IND,SLB,0
2907084,104,195,0,2010,99148.0,0.0,0.14485599999999998,2.408913,IND,SLB,0
2907085,104,195,0,2011,77342.0,0.0,0.18276199999999998,2.398765,IND,SLB,0
2907086,104,195,0,2012,87770.0,15586.0,0.229996,2.4815110000000002,IND,SLB,0
2907087,104,195,0,2013,394764.0,0.0,0.215356,2.3916209999999998,IND,SLB,0
2907088,104,195,0,2014,183045.0,0.0,0.262042,2.6305080000000003,IND,SLB,0
2907089,104,195,0,2015,197975.0,0.0,0.24230900000000002,2.8190880000000003,IND,SLB,0
2907090,104,195,0,2016,317758.0,0.0,0.30976,2.61043,IND,SLB,0
2907091,104,195,0,2017,273598.0,0.0,0.290576,2.726391,IND,SLB,0
2907092,104,195,0,2018,146289.0,0.0,0.526015,2.448112,IND,SLB,0
2907093,104,195,0,2019,853835.0,0.0,0.43196,2.661139,IND,SLB,0
2907094,104,195,0,2020,91467.0,0.0,0.464674,2.838779,IND,SLB,0
2907095,104,195,0,2000,75814.0,0.0,0.3961,2.553408,IND,SLB,0
2907096,104,195,0,1995,115159.0,0.0,0.156183,1.9617380000000002,IND,SLB,0
2907097,104,195,0,1996,350487.0,0.0,0.20685599999999998,2.317622,IND,SLB,0
2907098,104,195,0,1997,148066.0,0.0,0.262571,2.31305,IND,SLB,0
2907099,104,195,0,1998,30946.0,48770.0,0.274308,2.316908,IND,SLB,0
2907100,104,195,0,1999,42721.0,0.0,0.29945900000000003,2.438702,IND,SLB,0
2907101,106,195,0,1999,0.0,27515.0,1.599613,0.37233299999999997,IRL,SLB,0
2907102,106,195,0,2003,0.0,11427.0,1.6396130000000002,0.220599,IRL,SLB,0
2907103,111,195,0,1995,1459.0,0.0,1.503379,1.449094,ITA,SLB,0
2907104,111,195,0,1996,27665.0,0.0,1.4674690000000001,1.263362,ITA,SLB,0
2907105,111,195,0,1998,14563.0,0.0,1.4532209999999999,1.191124,ITA,SLB,0
2907106,111,195,0,2004,30503.0,0.0,1.358057,1.11533,ITA,SLB,0
2907107,111,195,0,2005,82542.0,0.0,1.295883,1.032218,ITA,SLB,0
2907108,111,195,0,2006,40843.0,0.0,1.293779,0.93995,ITA,SLB,0
2907109,111,195,0,2007,46785.0,0.0,1.3003559999999998,0.705448,ITA,SLB,0
2907110,111,195,0,2008,5308.0,0.0,1.308777,0.361523,ITA,SLB,0
2907111,111,195,0,2009,1856.0,0.0,1.289,0.64549,ITA,SLB,0
2907112,111,195,0,2010,1590.0,0.0,1.272385,0.545721,ITA,SLB,0
2907113,111,195,0,2011,30016.0,0.0,1.298751,0.48013599999999995,ITA,SLB,0
2907114,111,195,0,2012,22476.0,0.0,1.297611,0.28585900000000003,ITA,SLB,0
2907115,111,195,0,2014,1447.0,0.0,1.340136,0.43931099999999995,ITA,SLB,0
2907116,111,195,0,2015,7856.0,0.0,1.321127,0.747046,ITA,SLB,0
2907117,111,195,0,2017,12415.0,0.0,1.34395,0.577693,ITA,SLB,0
2907118,111,195,0,2018,12070.0,0.0,1.3602530000000002,0.453607,ITA,SLB,0
2907119,111,195,0,2019,11002.0,0.0,1.25898,0.926639,ITA,SLB,0
2907120,111,195,0,2020,15188.0,0.0,1.299017,0.701797,ITA,SLB,0
2907121,114,195,0,2005,116701.0,2196.0,2.392106,0.278652,JPN,SLB,0
2907122,114,195,0,2009,1226825.0,0.0,2.306791,-0.251712,JPN,SLB,0
2907123,114,195,0,2010,504904.0,0.0,2.459723,-0.279387,JPN,SLB,0
2907124,114,195,0,2011,1476840.0,0.0,2.516395,-0.534301,JPN,SLB,0
2907125,114,195,0,2012,1154052.0,0.0,2.359022,-0.553565,JPN,SLB,0
2907126,114,195,0,2014,723176.0,1554.0,2.403165,-0.635024,JPN,SLB,0
2907127,114,195,0,2017,1749611.0,2321.0,2.4510419999999997,-0.277357,JPN,SLB,0
2907128,114,195,0,2018,111665.0,108740.0,2.514533,-0.416074,JPN,SLB,0
2907129,114,195,0,2020,928588.0,7275.0,2.405659,-0.38169000000000003,JPN,SLB,0
2907130,114,195,0,2015,335860.0,0.0,2.516133,-0.484202,JPN,SLB,0
2907131,114,195,0,2016,2259701.0,0.0,2.574025,-0.34859,JPN,SLB,0
2907132,114,195,0,2019,433187.0,0.0,2.4931509999999997,-0.558811,JPN,SLB,0
2907133,114,195,0,2000,232381.0,0.0,2.579611,0.464875,JPN,SLB,0
2907134,114,195,0,2001,21757.0,1600.0,2.585857,0.522663,JPN,SLB,0
2907135,114,195,0,2002,102181.0,0.0,2.556057,0.497673,JPN,SLB,0
2907136,114,195,0,2003,41837.0,0.0,2.4686630000000003,0.48072600000000004,JPN,SLB,0
2907137,114,195,0,2004,93332.0,0.0,2.526624,0.452054,JPN,SLB,0
2907138,114,195,0,2006,244728.0,0.0,2.4348099999999997,0.082887,JPN,SLB,0
2907139,114,195,0,2007,442513.0,0.0,2.313259,0.186703,JPN,SLB,0
2907140,114,195,0,2008,519656.0,0.0,2.285056,0.036255,JPN,SLB,0
2907141,114,195,0,1995,702056.0,0.0,2.56822,0.927307,JPN,SLB,0
2907142,114,195,0,1996,607824.0,0.0,2.615364,0.5656939999999999,JPN,SLB,0
2907143,114,195,0,1997,695752.0,0.0,2.631846,0.553144,JPN,SLB,0
2907144,114,195,0,1998,417919.0,0.0,2.550442,0.718063,JPN,SLB,0
2907145,114,195,0,1999,754360.0,0.0,2.541382,0.693702,JPN,SLB,0
2907146,114,195,0,2013,853261.0,12721.0,2.3993130000000003,-0.564768,JPN,SLB,0
2907147,116,195,0,2005,2369.0,0.0,-0.507389,0.769896,KEN,SLB,0
2907148,119,195,0,2011,0.0,738.0,0.129038,-0.670175,KIR,SLB,0
2907149,119,195,0,2018,0.0,1024.0,-0.321563,-0.9075110000000001,KIR,SLB,0
2907150,121,195,0,1995,409401.0,8023.0,0.845175,1.2761799999999999,KOR,SLB,0
2907151,121,195,0,1996,217915.0,0.0,0.8946940000000001,1.240424,KOR,SLB,0
2907152,121,195,0,1997,391280.0,0.0,1.0478290000000001,1.2874370000000002,KOR,SLB,0
2907153,121,195,0,1998,407112.0,0.0,0.999518,1.106351,KOR,SLB,0
2907154,121,195,0,1999,343760.0,0.0,0.92448,1.053988,KOR,SLB,0
2907155,121,195,0,2000,186213.0,0.0,1.0696700000000001,1.0182209999999998,KOR,SLB,0
2907156,121,195,0,2001,103736.0,0.0,1.145797,1.0762399999999999,KOR,SLB,0
2907157,121,195,0,2002,77684.0,0.0,1.186816,1.075947,KOR,SLB,0
2907158,121,195,0,2003,205692.0,0.0,1.2611709999999998,0.956308,KOR,SLB,0
2907159,121,195,0,2004,115437.0,0.0,1.3624690000000002,0.928342,KOR,SLB,0
2907160,121,195,0,2005,124122.0,0.0,1.4051850000000001,0.815171,KOR,SLB,0
2907161,121,195,0,2006,42421.0,0.0,1.5384309999999999,0.766628,KOR,SLB,0
2907162,121,195,0,2007,130208.0,0.0,1.497359,0.726637,KOR,SLB,0
2907163,121,195,0,2008,45433.0,0.0,1.491687,0.814692,KOR,SLB,0
2907164,121,195,0,2009,2315.0,0.0,1.509336,0.784515,KOR,SLB,0
2907165,121,195,0,2010,39515.0,1669.0,1.7118849999999999,0.762362,KOR,SLB,0
2907166,121,195,0,2011,45017.0,0.0,1.731371,0.8306879999999999,KOR,SLB,0
2907167,121,195,0,2012,35999.0,0.0,1.632917,0.877742,KOR,SLB,0
2907168,121,195,0,2013,3523.0,1116.0,1.818383,0.75645,KOR,SLB,0
2907169,121,195,0,2020,334470.0,9629.0,1.9703950000000001,0.800826,KOR,SLB,0
2907170,121,195,0,2014,18312.0,0.0,1.817145,0.8394530000000001,KOR,SLB,0
2907171,121,195,0,2015,110624.0,0.0,1.900653,0.859406,KOR,SLB,0
2907172,121,195,0,2016,106462.0,2046.0,2.086184,0.724318,KOR,SLB,0
2907173,121,195,0,2017,303165.0,0.0,2.011263,0.783215,KOR,SLB,0
2907174,121,195,0,2018,241377.0,0.0,2.093866,0.764303,KOR,SLB,0
2907175,121,195,0,2019,244074.0,1889.0,2.115482,0.696838,KOR,SLB,0
2907176,128,195,0,2017,6103.0,0.0,-0.46442799999999995,0.472132,LKA,SLB,0
2907177,128,195,0,2018,11715.0,0.0,-0.544504,0.41074099999999997,LKA,SLB,0
2907178,134,195,0,2009,1145.0,0.0,-0.48819300000000004,0.173952,MAR,SLB,0
2907179,138,195,0,2011,2047.0,0.0,0.9534600000000001,0.706982,MEX,SLB,0
2907180,139,195,0,2012,93245.0,0.0,-0.557802,-0.790155,MHL,SLB,0
2907181,143,195,0,2016,110851.0,0.0,-1.160878,-0.6042609999999999,MMR,SLB,0
2907182,143,195,0,2015,87998.0,0.0,-1.4596120000000001,-0.903904,MMR,SLB,0
2907183,152,195,0,2006,11728.0,0.0,-1.145132,-1.0946209999999998,MWI,SLB,0
2907184,153,195,0,1997,8746.0,0.0,0.37340999999999996,0.36853600000000003,MYS,SLB,0
2907185,153,195,0,1999,55173.0,0.0,0.500591,0.136149,MYS,SLB,0
2907186,153,195,0,2000,15243.0,0.0,0.519684,0.170286,MYS,SLB,0
2907187,153,195,0,2002,12807.0,60188.0,0.704957,0.243398,MYS,SLB,0
2907188,153,195,0,2004,12655.0,0.0,0.6710050000000001,0.17807,MYS,SLB,0
2907189,153,195,0,2005,29965.0,0.0,0.5847439999999999,0.13176300000000002,MYS,SLB,0
2907190,153,195,0,2006,62891.0,0.0,0.7896569999999999,0.363625,MYS,SLB,0
2907191,153,195,0,2007,105904.0,0.0,0.740788,0.302155,MYS,SLB,0
2907192,153,195,0,2008,108332.0,0.0,0.793395,0.6141939999999999,MYS,SLB,0
2907193,153,195,0,2009,118600.0,0.0,0.8718229999999999,0.607429,MYS,SLB,0
2907194,153,195,0,2010,101566.0,0.0,0.9530780000000001,0.607456,MYS,SLB,0
2907195,153,195,0,2011,363548.0,0.0,0.9893290000000001,0.632079,MYS,SLB,0
2907196,153,195,0,2012,238156.0,0.0,0.945643,0.7526510000000001,MYS,SLB,0
2907197,153,195,0,2013,264205.0,0.0,0.937641,0.747496,MYS,SLB,0
2907198,153,195,0,2014,204018.0,0.0,1.018138,0.774649,MYS,SLB,0
2907199,153,195,0,2015,207956.0,0.0,1.082803,0.811615,MYS,SLB,0
2907200,153,195,0,2016,293186.0,0.0,1.106894,0.7452840000000001,MYS,SLB,0
2907201,153,195,0,2018,504725.0,0.0,1.122976,0.734109,MYS,SLB,0
2907202,153,195,0,1995,19541.0,0.0,0.357745,0.374284,MYS,SLB,0
2907203,153,195,0,1996,17525.0,0.0,0.351774,0.347262,MYS,SLB,0
2907204,153,195,0,2003,9995.0,0.0,0.728804,0.2168,MYS,SLB,0
2907205,153,195,0,2017,471062.0,0.0,1.0110139999999999,0.6840729999999999,MYS,SLB,0
2907206,153,195,0,2019,321548.0,0.0,1.192967,0.730971,MYS,SLB,0
2907207,153,195,0,1998,105083.0,0.0,0.396826,0.203792,MYS,SLB,0
2907208,153,195,0,2001,18076.0,0.0,0.768174,0.307033,MYS,SLB,0
2907209,153,195,0,2020,135424.0,0.0,1.185223,0.573439,MYS,SLB,0
2907210,156,195,0,2010,0.0,5011.0,-0.42193500000000006,-0.8256610000000001,NCL,SLB,0
2907211,156,195,0,2009,0.0,542.0,1.323528,0.523435,NCL,SLB,0
2907212,156,195,0,2012,1245.0,0.0,-0.635354,-0.777234,NCL,SLB,0
2907213,156,195,0,2004,0.0,2579.0,-0.49824700000000005,-0.8284239999999999,NCL,SLB,0
2907214,156,195,0,2005,0.0,6613.0,0.08313200000000001,-0.691012,NCL,SLB,0
2907215,162,195,0,1997,1061.0,0.0,1.267794,1.727888,NLD,SLB,0
2907216,162,195,0,1998,0.0,1615.0,1.248469,1.683182,NLD,SLB,0
2907217,162,195,0,2000,0.0,22097.0,1.283291,1.58901,NLD,SLB,0
2907218,162,195,0,2004,16173.0,0.0,1.251808,1.586526,NLD,SLB,0
2907219,162,195,0,2007,5491.0,0.0,1.089169,1.589641,NLD,SLB,0
2907220,162,195,0,2008,23582.0,0.0,1.139475,1.385316,NLD,SLB,0
2907221,162,195,0,2009,1157.0,0.0,1.1914850000000001,1.3076780000000001,NLD,SLB,0
2907222,162,195,0,2010,1325.0,0.0,1.237998,1.1891209999999999,NLD,SLB,0
2907223,162,195,0,2013,0.0,1298.0,1.184107,1.249557,NLD,SLB,0
2907224,162,195,0,2016,108274.0,3155.0,1.157361,1.5188540000000001,NLD,SLB,0
2907225,162,195,0,2017,2753.0,0.0,1.146959,1.470869,NLD,SLB,0
2907226,162,195,0,2018,3370.0,0.0,1.1478899999999999,1.454758,NLD,SLB,0
2907227,164,195,0,2009,115463.0,0.0,-0.324434,1.076908,NPL,SLB,0
2907228,165,195,0,2018,0.0,2759.0,0.8769610000000001,-0.095779,NRU,SLB,0
2907229,165,195,0,2016,0.0,2251.0,0.661876,-0.355951,NRU,SLB,0
2907230,166,195,0,1998,271938.0,0.0,0.5690529999999999,0.7752060000000001,NZL,SLB,0
2907231,166,195,0,1997,229331.0,4451.0,0.557545,0.731294,NZL,SLB,0
2907232,166,195,0,2001,78703.0,0.0,0.521409,0.683134,NZL,SLB,0
2907233,166,195,0,2002,46930.0,0.0,0.542585,0.854243,NZL,SLB,0
2907234,166,195,0,2003,99731.0,0.0,0.589619,0.997301,NZL,SLB,0
2907235,166,195,0,2004,261485.0,3806.0,0.567392,0.965781,NZL,SLB,0
2907236,166,195,0,2005,358558.0,1071.0,0.623822,0.825528,NZL,SLB,0
2907237,166,195,0,2006,451507.0,0.0,0.5371,0.8240209999999999,NZL,SLB,0
2907238,166,195,0,2007,281286.0,20318.0,0.495938,0.845825,NZL,SLB,0
2907239,166,195,0,2008,445419.0,0.0,0.513416,0.753058,NZL,SLB,0
2907240,166,195,0,2009,506667.0,0.0,0.38301999999999997,0.720644,NZL,SLB,0
2907241,166,195,0,2010,3606529.0,0.0,0.36828299999999997,0.574574,NZL,SLB,0
2907242,166,195,0,2011,3740770.0,11711.0,0.372732,0.548601,NZL,SLB,0
2907243,166,195,0,2012,1782778.0,0.0,0.410575,0.714584,NZL,SLB,0
2907244,166,195,0,2013,943178.0,0.0,0.3345,0.39063000000000003,NZL,SLB,0
2907245,166,195,0,2014,1045878.0,0.0,0.272502,0.21628699999999998,NZL,SLB,0
2907246,166,195,0,2015,1030796.0,0.0,0.224598,0.253179,NZL,SLB,0
2907247,166,195,0,2016,690304.0,0.0,0.236556,0.252918,NZL,SLB,0
2907248,166,195,0,2017,1168526.0,0.0,0.25651199999999996,0.132996,NZL,SLB,0
2907249,166,195,0,2018,453766.0,0.0,0.21902600000000003,0.148714,NZL,SLB,0
2907250,166,195,0,2019,852611.0,0.0,0.119281,0.039036,NZL,SLB,0
2907251,166,195,0,2020,642118.0,1091.0,0.145567,0.070121,NZL,SLB,0
2907252,166,195,0,1995,255461.0,0.0,0.5558270000000001,0.773271,NZL,SLB,0
2907253,166,195,0,1999,175497.0,0.0,0.592051,0.780176,NZL,SLB,0
2907254,166,195,0,2000,160427.0,0.0,0.552858,0.8281129999999999,NZL,SLB,0
2907255,166,195,0,1996,413350.0,0.0,0.49466099999999996,0.8302879999999999,NZL,SLB,0
2907256,168,195,0,2019,9224.0,0.0,-0.6909270000000001,0.8651120000000001,PAK,SLB,0
2907257,168,195,0,2018,117995.0,0.0,-0.64348,0.665045,PAK,SLB,0
2907258,174,195,0,1998,3633.0,0.0,-0.262725,-0.075781,PHL,SLB,0
2907259,174,195,0,1999,12231.0,0.0,-0.401903,-0.333408,PHL,SLB,0
2907260,174,195,0,2000,0.0,3854.0,-0.279447,-0.329073,PHL,SLB,0
2907261,174,195,0,2003,62000.0,0.0,-0.065022,-0.195144,PHL,SLB,0
2907262,174,195,0,2004,65199.0,25412.0,-0.076709,-0.149006,PHL,SLB,0
2907263,174,195,0,2005,45943.0,0.0,-0.038225999999999996,-0.057957,PHL,SLB,0
2907264,174,195,0,2006,44211.0,0.0,0.161994,0.036631,PHL,SLB,0
2907265,174,195,0,2007,131683.0,0.0,0.032117,-0.16600499999999999,PHL,SLB,0
2907266,174,195,0,2009,96571.0,0.0,0.34318000000000004,0.095375,PHL,SLB,0
2907267,174,195,0,2010,157805.0,0.0,0.40418899999999996,0.102497,PHL,SLB,0
2907268,174,195,0,2011,465444.0,0.0,0.364707,0.322626,PHL,SLB,0
2907269,174,195,0,2014,329401.0,6009.0,0.637442,0.475883,PHL,SLB,0
2907270,174,195,0,2017,240042.0,0.0,0.657759,0.170061,PHL,SLB,0
2907271,174,195,0,2008,156580.0,0.0,0.276488,-0.02957,PHL,SLB,0
2907272,174,195,0,2012,202110.0,0.0,0.388785,0.465275,PHL,SLB,0
2907273,174,195,0,2013,165431.0,3256.0,0.507868,0.355403,PHL,SLB,0
2907274,174,195,0,2015,171430.0,0.0,0.6406270000000001,0.45770200000000005,PHL,SLB,0
2907275,174,195,0,2016,482781.0,0.0,0.619343,0.303981,PHL,SLB,0
2907276,174,195,0,2018,225602.0,0.0,0.781409,0.22126700000000002,PHL,SLB,0
2907277,174,195,0,2019,1326.0,0.0,0.762884,0.3318,PHL,SLB,0
2907278,174,195,0,2020,9211.0,0.0,0.755786,0.24693,PHL,SLB,0
2907279,176,195,0,2003,141071.0,18776.0,-1.7997330000000002,-1.2110049999999999,PNG,SLB,0
2907280,176,195,0,2012,273570.0,0.0,-1.009277,-1.039759,PNG,SLB,0
2907281,176,195,0,2016,221188.0,3892.0,-1.689987,-1.2762639999999998,PNG,SLB,0
2907282,176,195,0,2017,142746.0,0.0,-1.788834,-1.267126,PNG,SLB,0
2907283,176,195,0,2011,641273.0,3446.0,-1.1111659999999999,-0.9458610000000001,PNG,SLB,0
2907284,176,195,0,2009,341919.0,0.0,-1.90537,-1.2462030000000002,PNG,SLB,0
2907285,176,195,0,2015,151275.0,71034.0,-1.710939,-1.266333,PNG,SLB,0
2907286,176,195,0,1998,10497.0,0.0,-2.060952,-1.237969,PNG,SLB,0
2907287,176,195,0,2004,174244.0,0.0,-1.7599200000000002,-1.219971,PNG,SLB,0
2907288,176,195,0,2001,27714.0,2271.0,-1.503929,-1.199463,PNG,SLB,0
2907289,176,195,0,2013,178838.0,0.0,-1.444244,-1.144231,PNG,SLB,0
2907290,176,195,0,2014,186399.0,27705.0,-1.564904,-1.146255,PNG,SLB,0
2907291,176,195,0,2018,118856.0,0.0,-1.7580360000000002,-1.239492,PNG,SLB,0
2907292,176,195,0,2000,141730.0,0.0,-1.686651,-1.1906729999999999,PNG,SLB,0
2907293,177,195,0,2020,0.0,130380.0,1.0227979999999999,1.4079139999999999,POL,SLB,0
2907294,178,195,0,2013,11781.0,0.0,-0.414538,-0.22449299999999997,PRK,SLB,0
2907295,178,195,0,2016,20399.0,0.0,-0.512374,-0.143648,PRK,SLB,0
2907296,178,195,0,2018,1657.0,0.0,0.714618,0.47291700000000003,PRK,SLB,0
2907297,190,195,0,2007,0.0,12250.0,-1.978359,-1.316172,SDN,SLB,0
2907298,192,195,0,2001,1986473.0,0.0,1.364239,0.721074,SGP,SLB,0
2907299,192,195,0,2002,649490.0,0.0,1.481857,0.648889,SGP,SLB,0
2907300,192,195,0,2011,1035229.0,0.0,1.849116,0.52127,SGP,SLB,0
2907301,192,195,0,2013,618641.0,0.0,1.915504,0.619576,SGP,SLB,0
2907302,192,195,0,2015,1329792.0,0.0,2.05613,0.593065,SGP,SLB,0
2907303,192,195,0,2016,946243.0,0.0,2.089995,0.564921,SGP,SLB,0
2907304,192,195,0,2014,829791.0,0.0,1.867492,0.626736,SGP,SLB,0
2907305,192,195,0,2018,639056.0,1982.0,1.914132,0.652011,SGP,SLB,0
2907306,192,195,0,2017,914425.0,462.0,1.884166,0.37903600000000004,SGP,SLB,0
2907307,192,195,0,1999,1955171.0,0.0,1.355833,0.594305,SGP,SLB,0
2907308,192,195,0,2000,1387108.0,20116.0,1.3392389999999998,0.6035010000000001,SGP,SLB,0
2907309,192,195,0,2012,868369.0,0.0,1.685959,0.5900989999999999,SGP,SLB,0
2907310,192,195,0,2020,382099.0,0.0,1.948379,0.610574,SGP,SLB,0
2907311,192,195,0,2005,559213.0,0.0,1.601677,0.49930399999999997,SGP,SLB,0
2907312,192,195,0,1995,2750571.0,10259.0,0.747684,0.4745,SGP,SLB,0
2907313,192,195,0,1996,2154854.0,0.0,0.8354299999999999,0.41169799999999995,SGP,SLB,0
2907314,192,195,0,1997,2179367.0,0.0,1.01557,0.360154,SGP,SLB,0
2907315,192,195,0,1998,1695721.0,0.0,1.0029709999999998,0.506545,SGP,SLB,0
2907316,192,195,0,2003,668652.0,0.0,1.5080799999999999,0.720337,SGP,SLB,0
2907317,192,195,0,2004,488075.0,0.0,1.6409779999999998,0.634947,SGP,SLB,0
2907318,192,195,0,2006,377092.0,0.0,1.5377379999999998,0.503089,SGP,SLB,0
2907319,192,195,0,2007,653936.0,0.0,1.608299,0.545791,SGP,SLB,0
2907320,192,195,0,2008,501171.0,0.0,1.844543,0.5947020000000001,SGP,SLB,0
2907321,192,195,0,2009,511078.0,0.0,1.9503540000000001,0.498033,SGP,SLB,0
2907322,192,195,0,2010,562586.0,25151.0,1.8441349999999999,0.570311,SGP,SLB,0
2907323,192,195,0,2019,421198.0,0.0,2.0264599999999997,0.665506,SGP,SLB,0
2907324,208,195,0,2013,2286.0,0.0,1.869421,0.228109,SWE,SLB,0
2907325,208,195,0,2014,1112.0,0.0,1.817752,0.558474,SWE,SLB,0
2907326,208,195,0,2016,1117.0,0.0,1.785149,0.767444,SWE,SLB,0
2907327,208,195,0,1996,2685.0,0.0,2.133781,0.9099889999999999,SWE,SLB,0
2907328,208,195,0,2004,8237.0,0.0,2.0522080000000003,0.8326969999999999,SWE,SLB,0
2907329,215,195,0,2003,572321.0,0.0,-0.5058590000000001,-0.520586,TGO,SLB,0
2907330,216,195,0,1995,135852.0,0.0,0.174522,1.608058,THA,SLB,0
2907331,216,195,0,1996,235831.0,0.0,0.10120599999999999,1.351967,THA,SLB,0
2907332,216,195,0,1997,515325.0,0.0,0.084875,1.41931,THA,SLB,0
2907333,216,195,0,1998,408073.0,0.0,0.128633,1.484142,THA,SLB,0
2907334,216,195,0,1999,296636.0,0.0,0.20451,1.513533,THA,SLB,0
2907335,216,195,0,2000,138614.0,0.0,0.301195,1.577338,THA,SLB,0
2907336,216,195,0,2001,140394.0,0.0,0.37555900000000003,1.498267,THA,SLB,0
2907337,216,195,0,2002,163875.0,0.0,0.432041,1.627953,THA,SLB,0
2907338,216,195,0,2003,482507.0,0.0,0.43010699999999996,1.607408,THA,SLB,0
2907339,216,195,0,2004,693877.0,0.0,0.5150359999999999,1.583019,THA,SLB,0
2907340,216,195,0,2005,1877755.0,0.0,0.552846,1.664665,THA,SLB,0
2907341,216,195,0,2006,321863.0,0.0,0.568209,1.685343,THA,SLB,0
2907342,216,195,0,2007,111740.0,0.0,0.711328,1.411114,THA,SLB,0
2907343,216,195,0,2008,98132.0,0.0,0.7531399999999999,1.4420620000000002,THA,SLB,0
2907344,216,195,0,2009,52850.0,0.0,0.79692,1.315501,THA,SLB,0
2907345,216,195,0,2010,46537.0,0.0,0.748328,1.425224,THA,SLB,0
2907346,216,195,0,2011,135401.0,0.0,0.889009,1.503118,THA,SLB,0
2907347,216,195,0,2012,99433.0,0.0,0.910957,1.294243,THA,SLB,0
2907348,216,195,0,2013,282347.0,0.0,0.8752139999999999,1.3798620000000001,THA,SLB,0
2907349,216,195,0,2014,136225.0,0.0,0.977094,1.41283,THA,SLB,0
2907350,216,195,0,2015,256666.0,0.0,0.965888,1.368572,THA,SLB,0
2907351,216,195,0,2016,358971.0,0.0,1.022065,1.428082,THA,SLB,0
2907352,216,195,0,2017,139511.0,0.0,0.983977,1.3926020000000001,THA,SLB,0
2907353,216,195,0,2018,228941.0,0.0,1.053177,1.4084969999999999,THA,SLB,0
2907354,216,195,0,2019,208584.0,0.0,0.9744229999999999,1.401199,THA,SLB,0
2907355,216,195,0,2020,143886.0,0.0,1.035524,1.2777180000000001,THA,SLB,0
2907356,221,195,0,2016,0.0,1593.0,-0.29545,-0.766385,TON,SLB,0
2907357,224,195,0,2014,0.0,67736.0,0.554761,2.385693,TUR,SLB,0
2907358,224,195,0,2015,1075.0,0.0,0.438669,2.519632,TUR,SLB,0
2907359,224,195,0,2020,18291.0,0.0,0.590472,2.619866,TUR,SLB,0
2907360,230,195,0,2001,183053.0,0.0,0.36029,0.298869,URY,SLB,0
2907361,231,195,0,1995,0.0,242482.0,1.771648,1.184,USA,SLB,0
2907362,231,195,0,1996,51907.0,13766.0,1.7110560000000001,1.125141,USA,SLB,0
2907363,231,195,0,1997,242973.0,37287.0,1.823511,0.888084,USA,SLB,0
2907364,231,195,0,1998,274453.0,31980.0,1.8223639999999999,0.761336,USA,SLB,0
2907365,231,195,0,1999,9986.0,113211.0,1.8755119999999998,0.5350729999999999,USA,SLB,0
2907366,231,195,0,2000,197562.0,35587.0,1.8549650000000002,0.226992,USA,SLB,0
2907367,231,195,0,2001,67294.0,96493.0,1.873674,0.168468,USA,SLB,0
2907368,231,195,0,2002,0.0,23343.0,1.821594,0.231296,USA,SLB,0
2907369,231,195,0,2003,12300.0,52206.0,1.7789220000000001,0.064028,USA,SLB,0
2907370,231,195,0,2004,12938.0,21406.0,1.7598630000000002,0.066704,USA,SLB,0
2907371,231,195,0,2005,0.0,7606.0,1.718086,-0.34564,USA,SLB,0
2907372,231,195,0,2006,28535.0,648366.0,1.666643,-0.121679,USA,SLB,0
2907373,231,195,0,2007,0.0,8156.0,1.612165,0.0922,USA,SLB,0
2907374,231,195,0,2008,0.0,71338.0,1.584278,-0.209788,USA,SLB,0
2907375,231,195,0,2009,31700.0,31083.0,1.657663,-0.41411400000000004,USA,SLB,0
2907376,231,195,0,2010,31570.0,17825.0,1.67573,-0.598165,USA,SLB,0
2907377,231,195,0,2011,116670.0,295430.0,1.6884849999999998,-0.474499,USA,SLB,0
2907378,231,195,0,2012,84198.0,126073.0,1.628377,-0.601941,USA,SLB,0
2907379,231,195,0,2013,52821.0,36204.0,1.6639689999999998,-0.48651300000000003,USA,SLB,0
2907380,231,195,0,2014,192919.0,511089.0,1.61227,0.068905,USA,SLB,0
2907381,231,195,0,2015,333744.0,34126.0,1.720478,-0.129322,USA,SLB,0
2907382,231,195,0,2016,85573.0,22381.0,1.685329,0.297536,USA,SLB,0
2907383,231,195,0,2017,55973.0,31542.0,1.601478,0.277271,USA,SLB,0
2907384,231,195,0,2018,313087.0,102160.0,1.585861,0.44815900000000003,USA,SLB,0
2907385,231,195,0,2019,113060.0,251668.0,1.606808,0.3232,USA,SLB,0
2907386,231,195,0,2020,80250.0,39041.0,1.588148,0.380904,USA,SLB,0
2907387,239,195,0,2011,5688.0,0.0,-0.184453,1.637207,VNM,SLB,0
2907388,239,195,0,2013,19690.0,0.0,-0.11426900000000001,1.399738,VNM,SLB,0
2907389,239,195,0,2015,61751.0,0.0,-0.17108900000000002,1.10995,VNM,SLB,0
2907390,239,195,0,2016,21231.0,0.0,-0.10217899999999999,1.015568,VNM,SLB,0
2907391,239,195,0,2018,2974.0,0.0,0.003069,0.9169729999999999,VNM,SLB,0
2907392,239,195,0,2009,3219.0,0.0,-0.27396,1.131199,VNM,SLB,0
2907393,239,195,0,2003,9600.0,0.0,-0.633985,0.659696,VNM,SLB,0
2907394,239,195,0,2004,0.0,8754.0,-0.5270560000000001,0.8910389999999999,VNM,SLB,0
2907395,239,195,0,2006,220479.0,0.0,-0.342779,1.033318,VNM,SLB,0
2907396,239,195,0,2007,329746.0,0.0,-0.335613,1.048849,VNM,SLB,0
2907397,239,195,0,2012,9516.0,0.0,0.012365000000000001,1.290936,VNM,SLB,0
2907398,239,195,0,2014,17865.0,0.0,-0.023765,1.344416,VNM,SLB,0
2907399,239,195,0,2017,3348.0,0.0,-0.009819,0.686429,VNM,SLB,0
2907400,240,195,0,2009,0.0,756.0,-0.9398479999999999,-0.9635799999999999,VUT,SLB,0
2907401,240,195,0,2016,0.0,1618.0,-1.187374,-0.9973350000000001,VUT,SLB,0
2907402,240,195,0,2018,5246.0,5395.0,-1.595495,-1.026155,VUT,SLB,0
2907403,240,195,0,2017,5160.0,74475.0,-1.223329,-1.005357,VUT,SLB,0
2907404,240,195,0,2010,2038.0,0.0,-0.8922190000000001,-0.87134,VUT,SLB,0
2907405,240,195,0,2011,0.0,5746.0,-1.324335,-0.9620629999999999,VUT,SLB,0
2907406,240,195,0,2012,4774.0,0.0,-0.8367030000000001,-0.8235610000000001,VUT,SLB,0
2907407,246,195,0,2008,0.0,3280.0,0.22551500000000002,1.185506,ZAF,SLB,0
2907408,246,195,0,2010,28401.0,0.0,0.327326,1.513598,ZAF,SLB,0
2907409,246,195,0,2011,114199.0,0.0,0.241792,1.353011,ZAF,SLB,0
2907410,246,195,0,2012,12780.0,0.0,0.284069,1.730991,ZAF,SLB,0
2907411,246,195,0,2018,10492.0,0.0,0.158722,1.394829,ZAF,SLB,0
2907412,246,195,0,2014,6297.0,0.0,0.282927,1.723214,ZAF,SLB,0
2907413,246,195,0,2016,0.0,1456.0,0.187396,1.46169,ZAF,SLB,0
2907414,247,195,0,1999,24964.0,0.0,-0.388446,-0.47129099999999996,ZMB,SLB,0
2907415,249,195,0,2000,1767.0,0.0,1.44705,1.475122,TWN,SLB,0
2907416,249,195,0,2001,7747.0,0.0,1.5731700000000002,1.353159,TWN,SLB,0
2907417,249,195,0,2002,5151.0,0.0,1.683858,1.333601,TWN,SLB,0
2907418,249,195,0,2003,109250.0,0.0,1.5924040000000002,1.397843,TWN,SLB,0
2907419,249,195,0,2004,24464.0,0.0,1.626307,1.358315,TWN,SLB,0
2907420,249,195,0,2005,41763.0,0.0,1.577067,1.3218450000000002,TWN,SLB,0
2907421,249,195,0,2006,11643.0,0.0,1.619915,1.2289940000000001,TWN,SLB,0
2907422,249,195,0,2007,136818.0,0.0,1.651607,0.974649,TWN,SLB,0
2907423,249,195,0,2008,567828.0,0.0,1.611693,0.93875,TWN,SLB,0
2907424,249,195,0,2009,98146.0,1064.0,1.5763120000000002,0.9567950000000001,TWN,SLB,0
2907425,249,195,0,2010,61277.0,0.0,1.766729,0.909335,TWN,SLB,0
2907426,249,195,0,2011,616528.0,0.0,1.803234,0.921233,TWN,SLB,0
2907427,249,195,0,2012,800852.0,0.0,1.6528,0.9437409999999999,TWN,SLB,0
2907428,249,195,0,2013,104936.0,0.0,1.843186,0.9432379999999999,TWN,SLB,0
2907429,249,195,0,2014,68867.0,0.0,1.9044189999999999,1.0595139999999998,TWN,SLB,0
2907430,249,195,0,2015,75758.0,0.0,1.962832,1.214982,TWN,SLB,0
2907431,249,195,0,2016,144378.0,0.0,2.002996,1.39485,TWN,SLB,0
2907432,249,195,0,2017,193627.0,0.0,2.0548290000000002,1.2552969999999999,TWN,SLB,0
2907433,249,195,0,2018,165535.0,0.0,2.0462540000000002,1.166636,TWN,SLB,0
2907434,249,195,0,2019,685863.0,0.0,2.123296,1.1786969999999999,TWN,SLB,0
2907435,249,195,0,2020,632139.0,0.0,2.0517060000000003,1.205431,TWN,SLB,0
2907436,249,195,0,1997,20047.0,0.0,1.317672,1.800561,TWN,SLB,0
2907437,249,195,0,1998,38773.0,0.0,1.224725,1.890322,TWN,SLB,0
2907438,249,195,0,1999,42849.0,0.0,1.336816,1.725334,TWN,SLB,0
2907439,3,75,0,2000,0.0,103848.0,1.57991,0.160971,AIA,FJI,0
2907440,3,75,0,2006,0.0,104996.0,1.4066610000000002,-0.166941,AIA,FJI,0
2907441,5,75,0,2006,14362.0,0.0,1.03128,0.402281,AND,FJI,0
2907442,5,75,0,2014,0.0,39333.0,0.533246,-0.41617,AND,FJI,0
2907443,7,75,0,2012,39288.0,4779.0,0.45351499999999995,-0.285021,ARE,FJI,0
2907444,7,75,0,2016,26582.0,19692.0,0.11037999999999999,0.045327,ARE,FJI,0
2907445,7,75,0,2017,45655.0,9894.0,0.210477,0.02557,ARE,FJI,0
2907446,7,75,0,2018,16434.0,0.0,0.11804400000000001,-0.326851,ARE,FJI,0
2907447,7,75,0,2019,41762.0,35166.0,-0.165113,-0.8973540000000001,ARE,FJI,0
2907448,7,75,0,2020,52487.0,5588.0,-0.118349,-0.789485,ARE,FJI,0
2907449,7,75,0,2007,23878.0,0.0,-0.107504,-0.44744300000000004,ARE,FJI,0
2907450,7,75,0,2013,13273.0,3494.0,-0.074047,-0.585168,ARE,FJI,0
2907451,7,75,0,2014,93506.0,10417.0,0.087775,-0.289459,ARE,FJI,0
2907452,7,75,0,2015,17775.0,144105.0,0.21779600000000002,-0.0047420000000000006,ARE,FJI,0
2907453,7,75,0,2008,1685.0,0.0,-0.276433,-0.692392,ARE,FJI,0
2907454,7,75,0,2011,9070.0,0.0,0.030652,-0.450808,ARE,FJI,0
2907455,7,75,0,2005,6862.0,0.0,0.11526600000000001,-0.393171,ARE,FJI,0
2907456,7,75,0,2009,78395.0,0.0,0.070059,-0.619075,ARE,FJI,0
2907457,7,75,0,2010,12829.0,0.0,0.29457,-0.196371,ARE,FJI,0
2907458,8,75,0,2006,18840.0,0.0,0.33055,0.665867,ARG,FJI,0
2907459,8,75,0,2007,18176.0,0.0,0.178214,0.5093850000000001,ARG,FJI,0
2907460,8,75,0,2008,35716.0,0.0,0.278837,0.496784,ARG,FJI,0
2907461,8,75,0,2010,12354.0,0.0,0.27458899999999997,0.597907,ARG,FJI,0
2907462,10,75,0,2019,0.0,655676.0,1.121876,0.061064999999999994,ASM,FJI,0
2907463,10,75,0,2018,0.0,539325.0,1.01754,-0.340514,ASM,FJI,0
2907464,10,75,0,2009,0.0,488446.0,0.989991,0.109608,ASM,FJI,0
2907465,10,75,0,2007,0.0,506980.0,0.8147989999999999,-0.217887,ASM,FJI,0
2907466,10,75,0,2010,0.0,516791.0,0.966701,0.006139,ASM,FJI,0
2907467,10,75,0,2011,0.0,487019.0,0.683813,-0.147767,ASM,FJI,0
2907468,10,75,0,2015,1113.0,776430.0,0.9878959999999999,-0.0613,ASM,FJI,0
2907469,10,75,0,2005,0.0,1280960.0,1.448552,0.425875,ASM,FJI,0
2907470,10,75,0,2020,6628.0,746313.0,1.135613,-0.247052,ASM,FJI,0
2907471,10,75,0,2006,0.0,773300.0,0.766232,-0.35907,ASM,FJI,0
2907472,10,75,0,2008,0.0,608495.0,0.671995,-0.161012,ASM,FJI,0
2907473,10,75,0,2012,0.0,530232.0,0.96986,-0.246709,ASM,FJI,0
2907474,10,75,0,2013,0.0,681057.0,0.686489,-0.251618,ASM,FJI,0
2907475,10,75,0,2014,0.0,1170772.0,0.795219,-0.217498,ASM,FJI,0
2907476,10,75,0,2016,0.0,794021.0,0.43456300000000003,-0.48827,ASM,FJI,0
2907477,10,75,0,2017,0.0,711022.0,0.8844139999999999,-0.13786199999999998,ASM,FJI,0
2907478,12,75,0,2006,0.0,17200.0,0.610775,-0.616283,ATF,FJI,0
2907479,14,75,0,2005,43420032.0,68672068.0,0.18443099999999998,0.489043,AUS,FJI,0
2907480,14,75,0,2001,34551732.0,66703896.0,0.29463,0.772375,AUS,FJI,0
2907481,14,75,0,2004,42865655.0,78510428.0,0.196641,0.8139460000000001,AUS,FJI,0
2907482,14,75,0,1995,49600808.0,71257726.0,0.44442,0.789292,AUS,FJI,0
2907483,14,75,0,1996,79425649.0,106324286.0,0.369697,0.78069,AUS,FJI,0
2907484,14,75,0,1997,100384813.0,123777493.0,0.428555,0.798283,AUS,FJI,0
2907485,14,75,0,1998,99237602.0,136560259.0,0.375317,0.8864629999999999,AUS,FJI,0
2907486,14,75,0,2003,46072252.0,72728750.0,0.316879,0.9409489999999999,AUS,FJI,0
2907487,14,75,0,2006,37844784.0,54271704.0,0.067166,0.373148,AUS,FJI,0
2907488,14,75,0,2007,42585872.0,62617955.0,0.137686,0.451592,AUS,FJI,0
2907489,14,75,0,2008,40588482.0,67511453.0,-0.171801,-0.012588,AUS,FJI,0
2907490,14,75,0,2009,26747002.0,51385213.0,-0.109286,0.13586900000000002,AUS,FJI,0
2907491,14,75,0,2010,31304052.0,60413411.0,-0.276442,0.062023,AUS,FJI,0
2907492,14,75,0,2011,26780413.0,63830302.0,-0.138148,0.002999,AUS,FJI,0
2907493,14,75,0,2012,28416203.0,65430026.0,-0.352742,-0.145405,AUS,FJI,0
2907494,14,75,0,2013,28135207.0,67037727.0,-0.31145700000000004,-0.167628,AUS,FJI,0
2907495,14,75,0,2014,18662638.0,51862505.0,-0.398273,-0.17128,AUS,FJI,0
2907496,14,75,0,2015,16995899.0,62694864.0,-0.292325,-0.043489,AUS,FJI,0
2907497,14,75,0,2016,27996841.0,59550361.0,-0.25955300000000003,0.0011070000000000001,AUS,FJI,0
2907498,14,75,0,2017,30062476.0,54740696.0,-0.42427200000000004,-0.152921,AUS,FJI,0
2907499,14,75,0,2018,21903707.0,55863834.0,-0.29687199999999997,-0.123116,AUS,FJI,0
2907500,14,75,0,2019,22019093.0,47855391.0,-0.294558,-0.180198,AUS,FJI,0
2907501,14,75,0,2020,18504159.0,31880196.0,-0.32910500000000004,-0.232963,AUS,FJI,0
2907502,14,75,0,1999,83595461.0,152183835.0,0.357101,0.8857879999999999,AUS,FJI,0
2907503,14,75,0,2002,39173831.0,53964656.0,0.231386,0.771628,AUS,FJI,0
2907504,14,75,0,2000,53513737.0,121638319.0,0.279804,0.9355540000000001,AUS,FJI,0
2907505,15,75,0,2005,0.0,42713.0,1.808359,0.148177,AUT,FJI,0
2907506,15,75,0,2006,0.0,41232.0,1.775669,0.192717,AUT,FJI,0
2907507,15,75,0,2007,0.0,70430.0,1.730088,-0.045543,AUT,FJI,0
2907508,15,75,0,2008,0.0,211348.0,1.634816,-0.078419,AUT,FJI,0
2907509,15,75,0,2009,0.0,208980.0,1.651325,-0.020794,AUT,FJI,0
2907510,15,75,0,2010,0.0,60249.0,1.724315,-0.29379099999999997,AUT,FJI,0
2907511,15,75,0,2012,0.0,52088.0,1.6092870000000001,-0.29859,AUT,FJI,0
2907512,15,75,0,2013,2032.0,0.0,1.7209240000000001,-0.286892,AUT,FJI,0
2907513,15,75,0,2014,7029.0,43958.0,1.7116790000000002,-0.140232,AUT,FJI,0
2907514,15,75,0,2015,5519.0,47909.0,1.747098,-0.08026699999999999,AUT,FJI,0
2907515,15,75,0,2016,13031.0,0.0,1.759363,0.127262,AUT,FJI,0
2907516,15,75,0,2017,14605.0,0.0,1.728623,-0.031045999999999997,AUT,FJI,0
2907517,15,75,0,2018,123923.0,0.0,1.774488,-0.21117800000000003,AUT,FJI,0
2907518,15,75,0,2019,53949.0,0.0,1.743927,-0.076778,AUT,FJI,0
2907519,15,75,0,2020,100987.0,0.0,1.6711310000000001,0.059096,AUT,FJI,0
2907520,15,75,0,1999,0.0,1550.0,1.836804,0.744312,AUT,FJI,0
2907521,15,75,0,2001,0.0,126406.0,1.8571650000000002,0.603191,AUT,FJI,0
2907522,15,75,0,2011,0.0,26716.0,1.687634,-0.229095,AUT,FJI,0
2907523,18,75,0,1995,17753.0,35193.0,1.615588,1.394102,BEL,FJI,0
2907524,18,75,0,1996,49769.0,33465.0,1.549312,1.273767,BEL,FJI,0
2907525,18,75,0,1997,120163.0,0.0,1.4274069999999999,1.490435,BEL,FJI,0
2907526,18,75,0,1998,60334.0,0.0,1.4740739999999999,1.2530430000000001,BEL,FJI,0
2907527,18,75,0,1999,19569.0,0.0,1.512061,1.253478,BEL,FJI,0
2907528,18,75,0,2000,112526.0,0.0,1.403838,1.349607,BEL,FJI,0
2907529,18,75,0,2001,122403.0,0.0,1.4328370000000001,1.408495,BEL,FJI,0
2907530,18,75,0,2002,201075.0,0.0,1.4097469999999999,1.440169,BEL,FJI,0
2907531,18,75,0,2003,201922.0,0.0,1.361682,1.39536,BEL,FJI,0
2907532,18,75,0,2004,56185.0,0.0,1.350911,1.408209,BEL,FJI,0
2907533,18,75,0,2005,90012.0,0.0,1.275296,1.345063,BEL,FJI,0
2907534,18,75,0,2006,77642.0,0.0,1.2222540000000002,1.383027,BEL,FJI,0
2907535,18,75,0,2007,55588.0,0.0,1.2880479999999999,1.145724,BEL,FJI,0
2907536,18,75,0,2008,2173.0,0.0,1.297416,0.9716549999999999,BEL,FJI,0
2907537,18,75,0,2009,2623.0,0.0,1.272011,1.074548,BEL,FJI,0
2907538,18,75,0,2010,16437.0,0.0,1.2224270000000002,1.1276,BEL,FJI,0
2907539,18,75,0,2012,7211.0,0.0,1.107155,1.448274,BEL,FJI,0
2907540,18,75,0,2013,12755.0,0.0,1.316207,0.972601,BEL,FJI,0
2907541,18,75,0,2014,15825.0,0.0,1.234156,1.226441,BEL,FJI,0
2907542,18,75,0,2015,4667.0,0.0,1.329866,1.100641,BEL,FJI,0
2907543,18,75,0,2016,86040.0,0.0,1.3102610000000001,1.214573,BEL,FJI,0
2907544,18,75,0,2017,8234.0,0.0,1.292657,1.19571,BEL,FJI,0
2907545,18,75,0,2018,42565.0,0.0,1.270641,1.201063,BEL,FJI,0
2907546,18,75,0,2019,7668.0,0.0,1.2555969999999999,1.168642,BEL,FJI,0
2907547,18,75,0,2020,79265.0,0.0,1.204632,1.278346,BEL,FJI,0
2907548,22,75,0,1995,174798.0,0.0,-1.037175,-0.983195,BGD,FJI,0
2907549,22,75,0,1997,100084.0,0.0,-1.027777,-1.048214,BGD,FJI,0
2907550,22,75,0,1998,101227.0,0.0,-1.130729,-1.001385,BGD,FJI,0
2907551,22,75,0,2000,0.0,7437.0,-1.037212,-0.964965,BGD,FJI,0
2907552,22,75,0,2010,86730.0,0.0,-0.974526,-0.76566,BGD,FJI,0
2907553,22,75,0,2011,72610.0,0.0,-1.074416,-0.8276370000000001,BGD,FJI,0
2907554,22,75,0,2012,132170.0,0.0,-0.8932610000000001,-0.762658,BGD,FJI,0
2907555,22,75,0,2013,180263.0,0.0,-1.101916,-0.734646,BGD,FJI,0
2907556,22,75,0,2015,723069.0,0.0,-1.088465,-0.8745360000000001,BGD,FJI,0
2907557,22,75,0,2019,1572653.0,0.0,-1.113148,-0.9513299999999999,BGD,FJI,0
2907558,22,75,0,2016,1069684.0,0.0,-1.107523,-1.065009,BGD,FJI,0
2907559,22,75,0,2018,826344.0,0.0,-0.899467,-0.9823719999999999,BGD,FJI,0
2907560,22,75,0,2014,158682.0,0.0,-1.0341879999999999,-0.9614870000000001,BGD,FJI,0
2907561,22,75,0,2017,1130458.0,7187.0,-1.016251,-0.987654,BGD,FJI,0
2907562,22,75,0,2020,760264.0,0.0,-0.874451,-0.9031309999999999,BGD,FJI,0
2907563,23,75,0,2013,64373.0,0.0,0.5026109999999999,1.674296,BGR,FJI,0
2907564,23,75,0,2016,14613.0,0.0,0.51707,1.7329130000000001,BGR,FJI,0
2907565,23,75,0,2018,3483.0,0.0,0.571226,1.836856,BGR,FJI,0
2907566,23,75,0,2008,14423.0,0.0,0.44409,1.575399,BGR,FJI,0
2907567,23,75,0,2012,30232.0,0.0,0.5611,1.416313,BGR,FJI,0
2907568,23,75,0,2014,24735.0,0.0,0.579058,1.6558110000000001,BGR,FJI,0
2907569,24,75,0,2014,0.0,9429.0,0.460168,-0.41671099999999994,BHR,FJI,0
2907570,32,75,0,1996,6745.0,0.0,0.699658,1.271724,BRA,FJI,0
2907571,32,75,0,2001,8815.0,0.0,0.672496,1.051848,BRA,FJI,0
2907572,32,75,0,2002,7886.0,0.0,0.677883,1.0227190000000002,BRA,FJI,0
2907573,32,75,0,2003,36982.0,0.0,0.660576,1.118876,BRA,FJI,0
2907574,32,75,0,2004,44376.0,0.0,0.540718,1.149065,BRA,FJI,0
2907575,32,75,0,2005,57614.0,0.0,0.567638,1.139122,BRA,FJI,0
2907576,32,75,0,2006,14128.0,0.0,0.633889,1.1474520000000001,BRA,FJI,0
2907577,32,75,0,2007,39308.0,0.0,0.582859,1.137225,BRA,FJI,0
2907578,32,75,0,2008,56309.0,0.0,0.444687,0.904332,BRA,FJI,0
2907579,32,75,0,2009,64694.0,0.0,0.35447199999999995,0.8522360000000001,BRA,FJI,0
2907580,32,75,0,2010,114390.0,0.0,0.40715500000000004,0.6208100000000001,BRA,FJI,0
2907581,32,75,0,2011,103986.0,0.0,0.27718400000000004,0.5674319999999999,BRA,FJI,0
2907582,32,75,0,2012,88635.0,0.0,0.305614,0.6357189999999999,BRA,FJI,0
2907583,32,75,0,2013,221205.0,0.0,0.14765899999999998,0.399262,BRA,FJI,0
2907584,32,75,0,2014,151644.0,0.0,0.218223,0.556921,BRA,FJI,0
2907585,32,75,0,2015,171496.0,0.0,0.23656799999999997,0.688607,BRA,FJI,0
2907586,32,75,0,2016,151944.0,0.0,0.245919,0.661809,BRA,FJI,0
2907587,32,75,0,2017,372038.0,0.0,0.145224,0.483461,BRA,FJI,0
2907588,32,75,0,2018,372079.0,0.0,0.143397,0.582092,BRA,FJI,0
2907589,32,75,0,2019,308748.0,0.0,0.076947,0.660604,BRA,FJI,0
2907590,32,75,0,2020,98373.0,0.0,0.054622000000000004,0.532291,BRA,FJI,0
2907591,32,75,0,1997,7795.0,0.0,0.718336,1.203066,BRA,FJI,0
2907592,39,75,0,2001,0.0,27240.0,0.971827,1.105171,CAN,FJI,0
2907593,39,75,0,2002,141442.0,245501.0,0.9963280000000001,1.1922110000000001,CAN,FJI,0
2907594,39,75,0,2003,62282.0,214806.0,0.9791540000000001,1.185081,CAN,FJI,0
2907595,39,75,0,2004,181654.0,563033.0,0.9392739999999999,1.19228,CAN,FJI,0
2907596,39,75,0,2005,120218.0,181989.0,0.9895149999999999,1.0437459999999998,CAN,FJI,0
2907597,39,75,0,2006,90182.0,157865.0,0.865685,1.1480489999999999,CAN,FJI,0
2907598,39,75,0,2007,21120.0,190624.0,0.77681,1.20517,CAN,FJI,0
2907599,39,75,0,2008,25386.0,253215.0,0.684659,1.085312,CAN,FJI,0
2907600,39,75,0,2009,2582.0,338318.0,0.6778069999999999,1.278402,CAN,FJI,0
2907601,39,75,0,2010,64522.0,94719.0,0.752421,1.2208510000000001,CAN,FJI,0
2907602,39,75,0,2011,87713.0,299808.0,0.754813,1.1967290000000002,CAN,FJI,0
2907603,39,75,0,2012,99881.0,113133.0,0.693098,1.132064,CAN,FJI,0
2907604,39,75,0,2013,63312.0,10563.0,0.719649,1.017046,CAN,FJI,0
2907605,39,75,0,2014,70807.0,25631.0,0.671395,1.024683,CAN,FJI,0
2907606,39,75,0,2015,101162.0,84651.0,0.695867,1.171676,CAN,FJI,0
2907607,39,75,0,2016,99530.0,11184.0,0.6579050000000001,1.12259,CAN,FJI,0
2907608,39,75,0,2017,134772.0,72843.0,0.73897,1.206402,CAN,FJI,0
2907609,39,75,0,2018,222049.0,150724.0,0.666822,1.218593,CAN,FJI,0
2907610,39,75,0,2019,84446.0,80353.0,0.657292,1.187872,CAN,FJI,0
2907611,39,75,0,2020,82634.0,5282.0,0.609267,1.1890479999999999,CAN,FJI,0
2907612,39,75,0,2000,0.0,48957.0,1.056577,1.12931,CAN,FJI,0
2907613,39,75,0,1995,23263.0,245993.0,1.077804,1.0724200000000002,CAN,FJI,0
2907614,39,75,0,1996,12690.0,83783.0,1.155706,1.1127049999999998,CAN,FJI,0
2907615,39,75,0,1997,31317.0,97783.0,1.109494,1.178772,CAN,FJI,0
2907616,39,75,0,1998,46582.0,146872.0,1.077343,1.119161,CAN,FJI,0
2907617,39,75,0,1999,30053.0,314524.0,1.083572,1.08026,CAN,FJI,0
2907618,41,75,0,1999,74485.0,0.0,2.189934,0.741428,CHE,FJI,0
2907619,41,75,0,2000,82005.0,0.0,2.197959,0.489989,CHE,FJI,0
2907620,41,75,0,2001,58899.0,0.0,2.227246,0.553956,CHE,FJI,0
2907621,41,75,0,2002,42330.0,0.0,2.218095,0.620946,CHE,FJI,0
2907622,41,75,0,2003,143224.0,0.0,2.151037,0.711217,CHE,FJI,0
2907623,41,75,0,2004,18370.0,0.0,2.151471,0.7196279999999999,CHE,FJI,0
2907624,41,75,0,2005,58792.0,122307.0,2.0461709999999997,0.615855,CHE,FJI,0
2907625,41,75,0,2006,81683.0,95544.0,2.052534,0.515523,CHE,FJI,0
2907626,41,75,0,2007,39552.0,0.0,2.0198080000000003,0.42277200000000004,CHE,FJI,0
2907627,41,75,0,2008,101242.0,0.0,1.978404,0.368694,CHE,FJI,0
2907628,41,75,0,2009,11998.0,0.0,2.124438,0.484861,CHE,FJI,0
2907629,41,75,0,2010,8885.0,0.0,2.1492080000000002,0.556424,CHE,FJI,0
2907630,41,75,0,2011,28085.0,81618.0,2.2644029999999997,0.406131,CHE,FJI,0
2907631,41,75,0,2012,5144.0,0.0,2.060769,0.562718,CHE,FJI,0
2907632,41,75,0,2013,4445.0,0.0,2.2104470000000003,0.5403479999999999,CHE,FJI,0
2907633,41,75,0,2014,10525.0,0.0,2.2000919999999997,0.65398,CHE,FJI,0
2907634,41,75,0,2015,14144.0,0.0,2.306075,0.720781,CHE,FJI,0
2907635,41,75,0,2016,17877.0,0.0,2.3488689999999997,0.806291,CHE,FJI,0
2907636,41,75,0,2017,25212.0,49102.0,2.2557810000000003,0.845459,CHE,FJI,0
2907637,41,75,0,2018,1106.0,5541.0,2.2324330000000003,0.7801560000000001,CHE,FJI,0
2907638,41,75,0,2019,12795.0,5795.0,2.1990849999999997,0.8394229999999999,CHE,FJI,0
2907639,41,75,0,2020,1377.0,0.0,2.184038,0.900965,CHE,FJI,0
2907640,41,75,0,1995,62353.0,0.0,2.1893029999999998,0.82765,CHE,FJI,0
2907641,41,75,0,1996,43495.0,0.0,2.246238,0.603288,CHE,FJI,0
2907642,41,75,0,1997,65089.0,0.0,2.280163,0.597819,CHE,FJI,0
2907643,41,75,0,1998,59545.0,0.0,2.252965,0.561806,CHE,FJI,0
2907644,42,75,0,2018,6931.0,0.0,-0.37677,-0.49605299999999997,CHL,FJI,0
2907645,43,75,0,1995,8753041.0,0.0,0.387897,3.2147919999999996,CHN,FJI,0
2907646,43,75,0,1996,8518967.0,0.0,0.404422,3.061344,CHN,FJI,0
2907647,43,75,0,1997,9911044.0,5856.0,0.36051300000000003,3.287322,CHN,FJI,0
2907648,43,75,0,1998,8936267.0,0.0,0.3658,3.231258,CHN,FJI,0
2907649,43,75,0,1999,10094903.0,9569.0,0.386094,3.270089,CHN,FJI,0
2907650,43,75,0,2000,8827672.0,102444.0,0.478362,3.156111,CHN,FJI,0
2907651,43,75,0,2001,7005799.0,1052.0,0.525171,3.092963,CHN,FJI,0
2907652,43,75,0,2002,9504741.0,161794.0,0.576746,2.7995520000000003,CHN,FJI,0
2907653,43,75,0,2003,10060842.0,44597.0,0.579431,2.773139,CHN,FJI,0
2907654,43,75,0,2004,13619831.0,303174.0,0.581548,2.8689880000000003,CHN,FJI,0
2907655,43,75,0,2005,16121770.0,348662.0,0.608256,2.8242220000000002,CHN,FJI,0
2907656,43,75,0,2007,17260563.0,48200.0,0.801547,2.321052,CHN,FJI,0
2907657,43,75,0,2008,23347959.0,12311.0,0.929285,1.8917259999999998,CHN,FJI,0
2907658,43,75,0,2009,23882739.0,24009.0,0.898623,2.08703,CHN,FJI,0
2907659,43,75,0,2010,28564884.0,5172.0,0.922493,2.0176,CHN,FJI,0
2907660,43,75,0,2011,30572884.0,6720.0,1.072299,1.686826,CHN,FJI,0
2907661,43,75,0,2012,39149590.0,27096.0,1.095682,1.354837,CHN,FJI,0
2907662,43,75,0,2013,41905349.0,65603.0,1.113767,1.477496,CHN,FJI,0
2907663,43,75,0,2014,40737638.0,81992.0,1.187557,1.222085,CHN,FJI,0
2907664,43,75,0,2015,53493875.0,65374.0,1.077143,1.735757,CHN,FJI,0
2907665,43,75,0,2016,67853687.0,115838.0,1.1073620000000002,1.723098,CHN,FJI,0
2907666,43,75,0,2017,54208075.0,159450.0,1.1127790000000002,1.56869,CHN,FJI,0
2907667,43,75,0,2018,64623985.0,58808.0,1.200689,1.2822,CHN,FJI,0
2907668,43,75,0,2019,64608152.0,40198.0,1.196265,1.2258870000000002,CHN,FJI,0
2907669,43,75,0,2020,56305339.0,36571.0,1.187837,1.2237770000000001,CHN,FJI,0
2907670,43,75,0,2006,17840738.0,300483.0,0.737888,2.54966,CHN,FJI,0
2907671,44,75,0,2002,0.0,1185.0,-0.816327,-0.711765,CIV,FJI,0
2907672,45,75,0,2016,0.0,138051.0,-1.086484,-1.0725559999999998,CMR,FJI,0
2907673,48,75,0,2003,12065.0,207015.0,0.327914,-0.466681,COK,FJI,0
2907674,48,75,0,2011,0.0,227185.0,0.053038,-0.521486,COK,FJI,0
2907675,48,75,0,2018,0.0,577361.0,0.716123,-0.631445,COK,FJI,0
2907676,48,75,0,2007,0.0,172319.0,0.0857,-0.604571,COK,FJI,0
2907677,48,75,0,2000,0.0,290298.0,-0.185791,-0.7267359999999999,COK,FJI,0
2907678,48,75,0,2002,24462.0,168582.0,0.22351300000000002,-0.5197729999999999,COK,FJI,0
2907679,48,75,0,2004,16238.0,196721.0,0.10636,-0.652109,COK,FJI,0
2907680,48,75,0,2005,0.0,106567.0,0.039373000000000005,-0.649169,COK,FJI,0
2907681,48,75,0,2006,0.0,174892.0,0.564179,-0.296135,COK,FJI,0
2907682,48,75,0,2008,0.0,181266.0,0.49011400000000005,-0.550991,COK,FJI,0
2907683,48,75,0,2009,0.0,70882.0,0.291299,-0.477813,COK,FJI,0
2907684,48,75,0,2010,0.0,297227.0,0.366399,-0.555715,COK,FJI,0
2907685,48,75,0,2012,0.0,208790.0,0.036403,-0.633828,COK,FJI,0
2907686,48,75,0,2013,3418.0,390202.0,0.483939,-0.42226400000000003,COK,FJI,0
2907687,48,75,0,2014,0.0,478550.0,0.151329,-0.693285,COK,FJI,0
2907688,48,75,0,2015,0.0,481313.0,0.388457,-0.682666,COK,FJI,0
2907689,48,75,0,2016,0.0,264670.0,0.20994699999999997,-0.791095,COK,FJI,0
2907690,48,75,0,2017,0.0,414025.0,0.154051,-0.74144,COK,FJI,0
2907691,48,75,0,2019,0.0,457671.0,0.430439,-0.7410720000000001,COK,FJI,0
2907692,48,75,0,2020,0.0,212692.0,0.20487800000000003,-0.696278,COK,FJI,0
2907693,49,75,0,1999,22444.0,0.0,0.190667,0.136271,COL,FJI,0
2907694,49,75,0,2000,112119.0,0.0,0.299592,0.320885,COL,FJI,0
2907695,49,75,0,2001,26719.0,0.0,0.30412,0.395913,COL,FJI,0
2907696,49,75,0,2003,19234.0,0.0,0.218336,0.376869,COL,FJI,0
2907697,49,75,0,2004,9733.0,0.0,0.033128,0.47524799999999995,COL,FJI,0
2907698,49,75,0,2009,2913.0,0.0,0.263416,0.38947,COL,FJI,0
2907699,49,75,0,2014,14581.0,0.0,0.19864500000000002,-0.378364,COL,FJI,0
2907700,56,75,0,2012,0.0,3538.0,0.850045,-0.52785,CXR,FJI,0
2907701,56,75,0,2013,0.0,25245.0,0.972676,-0.5206729999999999,CXR,FJI,0
2907702,56,75,0,2014,0.0,24081.0,0.738877,-0.520547,CXR,FJI,0
2907703,56,75,0,2015,0.0,1890.0,0.33029400000000003,-0.725431,CXR,FJI,0
2907704,56,75,0,2016,0.0,45636.0,0.810517,-0.598503,CXR,FJI,0
2907705,56,75,0,2017,0.0,23571.0,0.46829799999999994,-0.442316,CXR,FJI,0
2907706,56,75,0,2018,0.0,67358.0,0.449025,-0.7264149999999999,CXR,FJI,0
2907707,56,75,0,2019,0.0,4197.0,1.097952,-0.513787,CXR,FJI,0
2907708,56,75,0,2020,0.0,3221.0,1.410875,-0.415195,CXR,FJI,0
2907709,59,75,0,2011,0.0,21605.0,1.737788,0.14741600000000002,CZE,FJI,0
2907710,59,75,0,2014,46642.0,1310.0,1.8105830000000003,0.131131,CZE,FJI,0
2907711,59,75,0,2015,0.0,10202.0,1.743012,0.45424,CZE,FJI,0
2907712,59,75,0,2000,109810.0,0.0,1.393001,1.23271,CZE,FJI,0
2907713,59,75,0,2012,37267.0,0.0,1.747369,-0.0932,CZE,FJI,0
2907714,59,75,0,2006,137330.0,0.0,1.564058,0.6023649999999999,CZE,FJI,0
2907715,59,75,0,2007,212286.0,66431.0,1.620377,0.379404,CZE,FJI,0
2907716,59,75,0,2001,206927.0,0.0,1.485703,1.109305,CZE,FJI,0
2907717,59,75,0,1996,673896.0,0.0,1.401181,1.3094709999999998,CZE,FJI,0
2907718,59,75,0,1998,289289.0,0.0,1.36345,1.408508,CZE,FJI,0
2907719,59,75,0,1999,229777.0,0.0,1.412439,1.329385,CZE,FJI,0
2907720,59,75,0,2004,250425.0,0.0,1.562625,0.865244,CZE,FJI,0
2907721,59,75,0,2005,333145.0,0.0,1.56768,0.6784319999999999,CZE,FJI,0
2907722,59,75,0,2008,241401.0,3890.0,1.592035,0.27983600000000003,CZE,FJI,0
2907723,59,75,0,2009,16119.0,1056.0,1.6323159999999999,0.47257200000000005,CZE,FJI,0
2907724,59,75,0,2010,21611.0,3498.0,1.732044,0.333934,CZE,FJI,0
2907725,59,75,0,2016,0.0,1867.0,1.823627,0.552354,CZE,FJI,0
2907726,59,75,0,1995,531559.0,0.0,1.375091,1.628069,CZE,FJI,0
2907727,59,75,0,1997,696950.0,0.0,1.40651,1.354695,CZE,FJI,0
2907728,61,75,0,1995,76832.0,298995.0,2.325385,-2.2238189999999998,DEU,FJI,0
2907729,61,75,0,1996,27168.0,144862.0,2.279976,-2.572299,DEU,FJI,0
2907730,61,75,0,1997,182715.0,160079.0,2.293936,-2.2301919999999997,DEU,FJI,0
2907731,61,75,0,1998,165411.0,217093.0,2.334028,-2.417278,DEU,FJI,0
2907732,61,75,0,1999,149095.0,333364.0,2.334811,-2.060502,DEU,FJI,0
2907733,61,75,0,2000,181306.0,239028.0,2.316177,-2.4478419999999996,DEU,FJI,0
2907734,61,75,0,2001,112000.0,1076777.0,2.321375,-2.1110990000000003,DEU,FJI,0
2907735,61,75,0,2002,180503.0,106141.0,2.297691,-2.183239,DEU,FJI,0
2907736,61,75,0,2003,95978.0,210197.0,2.2821919999999998,-2.0985150000000004,DEU,FJI,0
2907737,61,75,0,2004,272935.0,60032.0,2.266076,-2.011139,DEU,FJI,0
2907738,61,75,0,2005,140901.0,160466.0,2.172479,-2.446472,DEU,FJI,0
2907739,61,75,0,2006,68505.0,569807.0,2.132566,-2.773669,DEU,FJI,0
2907740,61,75,0,2007,57601.0,190285.0,2.114566,-2.934732,DEU,FJI,0
2907741,61,75,0,2008,375171.0,1649949.0,2.007167,-3.256961,DEU,FJI,0
2907742,61,75,0,2009,223891.0,1266731.0,2.056515,-3.034837,DEU,FJI,0
2907743,61,75,0,2010,102689.0,303707.0,2.035672,-3.383322,DEU,FJI,0
2907744,61,75,0,2011,111907.0,111104.0,2.074435,-3.440815,DEU,FJI,0
2907745,61,75,0,2012,166369.0,166316.0,1.966247,-3.3238410000000003,DEU,FJI,0
2907746,61,75,0,2013,283942.0,425182.0,2.093658,-3.4281980000000005,DEU,FJI,0
2907747,61,75,0,2014,790971.0,1071752.0,2.052849,-2.888805,DEU,FJI,0
2907748,61,75,0,2015,563027.0,514594.0,2.203818,-2.307561,DEU,FJI,0
2907749,61,75,0,2016,656173.0,479810.0,2.203093,-2.24919,DEU,FJI,0
2907750,61,75,0,2017,309516.0,371946.0,2.1149459999999998,-2.525372,DEU,FJI,0
2907751,61,75,0,2018,566285.0,227318.0,2.109059,-2.428826,DEU,FJI,0
2907752,61,75,0,2019,263799.0,55393.0,2.078626,-2.124816,DEU,FJI,0
2907753,61,75,0,2020,234906.0,93235.0,2.027494,-2.3646689999999997,DEU,FJI,0
2907754,63,75,0,2012,0.0,24236.0,0.372616,0.163026,DMA,FJI,0
2907755,64,75,0,1995,1664.0,151486.0,1.3800270000000001,1.489036,DNK,FJI,0
2907756,64,75,0,2002,2027.0,0.0,1.26594,1.225186,DNK,FJI,0
2907757,64,75,0,2003,1328.0,0.0,1.309564,1.245596,DNK,FJI,0
2907758,64,75,0,2004,863.0,0.0,1.328968,1.262743,DNK,FJI,0
2907759,64,75,0,2005,840.0,12363.0,1.210286,1.217256,DNK,FJI,0
2907760,64,75,0,2008,12711.0,0.0,1.165294,1.1112440000000001,DNK,FJI,0
2907761,64,75,0,2009,1080.0,0.0,1.242327,1.064709,DNK,FJI,0
2907762,64,75,0,2010,11867.0,0.0,1.082468,1.280759,DNK,FJI,0
2907763,64,75,0,2012,14223.0,0.0,1.105061,1.245377,DNK,FJI,0
2907764,64,75,0,2013,1270.0,0.0,1.161835,1.1788450000000001,DNK,FJI,0
2907765,64,75,0,2015,1239.0,0.0,1.157924,1.2045629999999998,DNK,FJI,0
2907766,64,75,0,2016,258181.0,0.0,1.117864,1.302658,DNK,FJI,0
2907767,64,75,0,2017,8984.0,4357.0,1.159753,1.233914,DNK,FJI,0
2907768,64,75,0,2018,13723.0,0.0,1.0945040000000001,1.3311540000000002,DNK,FJI,0
2907769,64,75,0,2019,7540.0,0.0,1.0768280000000001,1.2615610000000002,DNK,FJI,0
2907770,64,75,0,2020,169423.0,0.0,1.093217,1.2166549999999998,DNK,FJI,0
2907771,64,75,0,1999,0.0,130168.0,1.264405,1.469627,DNK,FJI,0
2907772,64,75,0,2001,5365.0,0.0,1.261883,1.351875,DNK,FJI,0
2907773,64,75,0,2014,11659.0,0.0,1.10869,1.245193,DNK,FJI,0
2907774,65,75,0,2009,0.0,41573.0,-0.317894,0.198926,DOM,FJI,0
2907775,65,75,0,2012,0.0,8594.0,-0.193432,0.590896,DOM,FJI,0
2907776,67,75,0,2012,102601.0,0.0,-0.627614,-0.764234,ECU,FJI,0
2907777,67,75,0,2016,0.0,424.0,-1.0860049999999999,-1.049065,ECU,FJI,0
2907778,68,75,0,2012,690.0,0.0,-0.143732,1.316722,EGY,FJI,0
2907779,68,75,0,2014,106805.0,0.0,-0.086866,1.7419669999999998,EGY,FJI,0
2907780,68,75,0,2018,4591.0,0.0,-0.096635,1.585658,EGY,FJI,0
2907781,68,75,0,2019,12839.0,0.0,-0.152353,1.5426309999999999,EGY,FJI,0
2907782,71,75,0,1995,16873.0,5010.0,1.144247,1.933844,ESP,FJI,0
2907783,71,75,0,1996,13477.0,1004.0,1.105317,1.9473,ESP,FJI,0
2907784,71,75,0,1997,49680.0,10897.0,1.082049,2.0238650000000002,ESP,FJI,0
2907785,71,75,0,1998,26113.0,0.0,1.051392,1.983438,ESP,FJI,0
2907786,71,75,0,1999,23892.0,32717.0,1.0849209999999998,1.9351180000000001,ESP,FJI,0
2907787,71,75,0,2000,6547.0,785.0,1.098989,1.911029,ESP,FJI,0
2907788,71,75,0,2001,13221.0,0.0,1.079664,1.9842220000000002,ESP,FJI,0
2907789,71,75,0,2002,14723.0,0.0,1.012246,2.049594,ESP,FJI,0
2907790,71,75,0,2003,3157.0,28412.0,0.960684,2.074792,ESP,FJI,0
2907791,71,75,0,2004,1407.0,0.0,0.9784649999999999,2.051216,ESP,FJI,0
2907792,71,75,0,2005,26417.0,0.0,0.9318489999999999,1.999698,ESP,FJI,0
2907793,71,75,0,2007,176833.0,1794.0,0.914681,2.027797,ESP,FJI,0
2907794,71,75,0,2008,16925.0,4278.0,0.8755649999999999,2.122164,ESP,FJI,0
2907795,71,75,0,2009,10383.0,0.0,0.9021020000000001,2.170578,ESP,FJI,0
2907796,71,75,0,2010,99005.0,0.0,0.832619,2.448009,ESP,FJI,0
2907797,71,75,0,2012,6092.0,0.0,0.8528309999999999,2.462809,ESP,FJI,0
2907798,71,75,0,2013,19704.0,145.0,0.861698,2.353993,ESP,FJI,0
2907799,71,75,0,2014,5535.0,0.0,0.842147,2.45692,ESP,FJI,0
2907800,71,75,0,2015,28689.0,0.0,0.8173590000000001,2.442556,ESP,FJI,0
2907801,71,75,0,2016,38176.0,10129.0,0.765428,2.57725,ESP,FJI,0
2907802,71,75,0,2017,205875.0,8367.0,0.734342,2.8180099999999997,ESP,FJI,0
2907803,71,75,0,2018,168568.0,4403.0,0.744825,2.919005,ESP,FJI,0
2907804,71,75,0,2019,62611.0,112792.0,0.678454,3.007838,ESP,FJI,0
2907805,71,75,0,2020,167049.0,18000.0,0.736657,2.731661,ESP,FJI,0
2907806,74,75,0,2012,4824.0,0.0,1.58219,0.939001,FIN,FJI,0
2907807,74,75,0,1995,10962.0,846092.0,2.0085740000000003,1.126816,FIN,FJI,0
2907808,74,75,0,1996,0.0,4102.0,2.0584729999999998,1.006908,FIN,FJI,0
2907809,74,75,0,2003,1782.0,0.0,2.077889,0.942501,FIN,FJI,0
2907810,74,75,0,2015,0.0,58461.0,1.597817,0.998059,FIN,FJI,0
2907811,74,75,0,2016,1978.0,0.0,1.581968,1.006432,FIN,FJI,0
2907812,77,75,0,1995,156544.0,731600.0,1.768484,0.765537,FRA,FJI,0
2907813,77,75,0,1996,176447.0,288346.0,1.69082,0.721312,FRA,FJI,0
2907814,77,75,0,1997,82090.0,586061.0,1.69504,0.8278549999999999,FRA,FJI,0
2907815,77,75,0,1998,27857.0,231454.0,1.707702,0.7784270000000001,FRA,FJI,0
2907816,77,75,0,1999,16527.0,157421.0,1.72758,0.6619079999999999,FRA,FJI,0
2907817,77,75,0,2000,17282.0,91849.0,1.674971,0.47538100000000005,FRA,FJI,0
2907818,77,75,0,2001,60909.0,232498.0,1.653507,0.797582,FRA,FJI,0
2907819,77,75,0,2002,71714.0,182685.0,1.569367,0.9886360000000001,FRA,FJI,0
2907820,77,75,0,2003,201943.0,180002.0,1.606606,0.7394149999999999,FRA,FJI,0
2907821,77,75,0,2004,131041.0,46658.0,1.6003530000000001,0.643945,FRA,FJI,0
2907822,77,75,0,2005,200040.0,0.0,1.505148,0.594409,FRA,FJI,0
2907823,77,75,0,2006,171888.0,22072.0,1.47591,0.489466,FRA,FJI,0
2907824,77,75,0,2007,182495.0,32740.0,1.4565350000000001,0.262845,FRA,FJI,0
2907825,77,75,0,2008,273664.0,82346.0,1.487702,-0.223965,FRA,FJI,0
2907826,77,75,0,2009,149601.0,0.0,1.540346,0.090377,FRA,FJI,0
2907827,77,75,0,2010,1300456.0,14669.0,1.530027,-0.052557000000000006,FRA,FJI,0
2907828,77,75,0,2011,187698.0,75433.0,1.532054,0.09339299999999999,FRA,FJI,0
2907829,77,75,0,2012,133483.0,35022.0,1.425025,0.27534899999999995,FRA,FJI,0
2907830,77,75,0,2013,146416.0,813.0,1.520354,0.022874000000000002,FRA,FJI,0
2907831,77,75,0,2014,524913.0,13505.0,1.4817790000000002,0.30995,FRA,FJI,0
2907832,77,75,0,2015,259133.0,70891.0,1.479792,0.6490239999999999,FRA,FJI,0
2907833,77,75,0,2016,112525.0,112154.0,1.476437,0.911746,FRA,FJI,0
2907834,77,75,0,2017,228517.0,102853.0,1.398427,0.894732,FRA,FJI,0
2907835,77,75,0,2018,300312.0,237445.0,1.420819,0.7793770000000001,FRA,FJI,0
2907836,77,75,0,2019,353555.0,152989.0,1.380982,0.9510629999999999,FRA,FJI,0
2907837,77,75,0,2020,138824.0,416310.0,1.341275,0.8991870000000001,FRA,FJI,0
2907838,79,75,0,2019,0.0,25161.0,-1.11436,-0.9806819999999999,FSM,FJI,0
2907839,79,75,0,2018,0.0,44001.0,-0.969202,-0.974952,FSM,FJI,0
2907840,79,75,0,2002,0.0,1874.0,-1.511888,-1.054948,FSM,FJI,0
2907841,79,75,0,2006,0.0,1248.0,-0.883972,-0.8817209999999999,FSM,FJI,0
2907842,79,75,0,2007,0.0,107228.0,-0.528725,-0.883342,FSM,FJI,0
2907843,79,75,0,2010,0.0,564.0,-1.2914889999999999,-1.0153450000000002,FSM,FJI,0
2907844,79,75,0,2011,0.0,3109.0,-0.882574,-0.8780530000000001,FSM,FJI,0
2907845,79,75,0,2015,0.0,6554.0,-0.39153000000000004,-0.8570479999999999,FSM,FJI,0
2907846,79,75,0,2016,0.0,7195.0,-0.86156,-0.969134,FSM,FJI,0
2907847,79,75,0,2017,0.0,6178.0,-1.106905,-0.952936,FSM,FJI,0
2907848,79,75,0,2020,0.0,145886.0,-0.845915,-0.964045,FSM,FJI,0
2907849,81,75,0,1995,534274.0,990482.0,1.8656979999999999,1.107121,GBR,FJI,0
2907850,81,75,0,1996,554967.0,384556.0,1.850284,0.883084,GBR,FJI,0
2907851,81,75,0,1997,644239.0,2130981.0,1.886353,0.783832,GBR,FJI,0
2907852,81,75,0,1998,446239.0,1384732.0,1.906738,0.489101,GBR,FJI,0
2907853,81,75,0,1999,626777.0,1810439.0,1.9523830000000002,0.771455,GBR,FJI,0
2907854,81,75,0,2000,317909.0,2221749.0,1.957339,0.610052,GBR,FJI,0
2907855,81,75,0,2001,353637.0,217471.0,1.976894,0.685435,GBR,FJI,0
2907856,81,75,0,2002,156788.0,545390.0,1.893177,0.831382,GBR,FJI,0
2907857,81,75,0,2003,258548.0,345235.0,1.8712540000000002,0.706205,GBR,FJI,0
2907858,81,75,0,2004,313616.0,386269.0,1.843506,0.684779,GBR,FJI,0
2907859,81,75,0,2005,293097.0,566401.0,1.805023,0.425654,GBR,FJI,0
2907860,81,75,0,2006,294279.0,109187.0,1.824154,0.614424,GBR,FJI,0
2907861,81,75,0,2007,341087.0,105302.0,1.718661,0.35525300000000004,GBR,FJI,0
2907862,81,75,0,2008,772611.0,926907.0,1.7586119999999998,0.061214,GBR,FJI,0
2907863,81,75,0,2009,549785.0,896965.0,1.7921779999999998,0.41211499999999995,GBR,FJI,0
2907864,81,75,0,2010,524884.0,759246.0,1.828224,0.386383,GBR,FJI,0
2907865,81,75,0,2011,825832.0,1422374.0,1.8048220000000001,0.380141,GBR,FJI,0
2907866,81,75,0,2012,659401.0,1244292.0,1.701279,0.518166,GBR,FJI,0
2907867,81,75,0,2013,433854.0,1254568.0,1.7901259999999999,0.44164,GBR,FJI,0
2907868,81,75,0,2014,954102.0,2200663.0,1.697964,0.585372,GBR,FJI,0
2907869,81,75,0,2015,882493.0,1244952.0,1.7422990000000003,0.75838,GBR,FJI,0
2907870,81,75,0,2016,571346.0,1229732.0,1.6974669999999998,0.9231299999999999,GBR,FJI,0
2907871,81,75,0,2017,865001.0,1062131.0,1.6883119999999998,0.8347469999999999,GBR,FJI,0
2907872,81,75,0,2018,1273721.0,596230.0,1.693008,0.768159,GBR,FJI,0
2907873,81,75,0,2019,862365.0,294229.0,1.731106,0.717566,GBR,FJI,0
2907874,81,75,0,2020,828798.0,159237.0,1.6459,0.7702640000000001,GBR,FJI,0
2907875,82,75,0,2013,100598.0,0.0,-0.160691,-0.393419,GEO,FJI,0
2907876,82,75,0,2014,281027.0,0.0,-0.254106,-0.646584,GEO,FJI,0
2907877,82,75,0,2015,183720.0,0.0,-0.343663,-0.588017,GEO,FJI,0
2907878,82,75,0,2017,403024.0,0.0,-0.241749,-0.374727,GEO,FJI,0
2907879,82,75,0,2018,306837.0,0.0,-0.049871,-0.28439899999999996,GEO,FJI,0
2907880,82,75,0,2016,333163.0,0.0,-0.388359,-0.51175,GEO,FJI,0
2907881,90,75,0,1995,0.0,454992.0,0.17369,0.885756,GRC,FJI,0
2907882,93,75,0,2005,0.0,48687.0,-0.414479,0.41440200000000005,GTM,FJI,0
2907883,95,75,0,2018,0.0,14443.0,0.560314,-0.11880299999999999,GUM,FJI,0
2907884,95,75,0,2019,0.0,2602.0,0.12159400000000001,-0.657729,GUM,FJI,0
2907885,95,75,0,2011,0.0,1055.0,0.675826,0.157468,GUM,FJI,0
2907886,95,75,0,2013,0.0,8654.0,0.483541,0.281968,GUM,FJI,0
2907887,95,75,0,2014,0.0,17054.0,0.6368119999999999,-0.01771,GUM,FJI,0
2907888,97,75,0,1995,13761263.0,81307.0,0.5244449999999999,2.682738,HKG,FJI,0
2907889,97,75,0,1996,8497729.0,198739.0,0.54364,2.727659,HKG,FJI,0
2907890,97,75,0,1997,12096920.0,8965.0,0.521942,2.578405,HKG,FJI,0
2907891,97,75,0,1998,10642938.0,154061.0,0.46966099999999994,2.5744029999999998,HKG,FJI,0
2907892,97,75,0,1999,17934128.0,4602997.0,0.387427,2.402434,HKG,FJI,0
2907893,97,75,0,2000,20047679.0,6145944.0,0.416202,2.4793950000000002,HKG,FJI,0
2907894,97,75,0,2001,13961776.0,5340489.0,0.521528,2.3025,HKG,FJI,0
2907895,97,75,0,2002,13568554.0,1701289.0,0.5701109999999999,1.989357,HKG,FJI,0
2907896,97,75,0,2003,20142133.0,1197290.0,0.494569,2.147062,HKG,FJI,0
2907897,97,75,0,2004,15564045.0,1485884.0,0.604825,2.098745,HKG,FJI,0
2907898,97,75,0,2005,5600462.0,198083.0,0.5862149999999999,2.0303459999999998,HKG,FJI,0
2907899,97,75,0,2006,4137656.0,14157.0,0.5776319999999999,2.076782,HKG,FJI,0
2907900,97,75,0,2007,3245503.0,19736.0,0.639034,2.1086009999999997,HKG,FJI,0
2907901,97,75,0,2008,6911482.0,957.0,0.74435,2.149616,HKG,FJI,0
2907902,97,75,0,2009,3143131.0,0.0,0.654964,1.98672,HKG,FJI,0
2907903,97,75,0,2010,4620069.0,3423.0,0.715745,1.9780259999999998,HKG,FJI,0
2907904,97,75,0,2011,5119372.0,9653.0,0.663588,1.902118,HKG,FJI,0
2907905,97,75,0,2012,4731303.0,2231.0,0.8124979999999999,1.677497,HKG,FJI,0
2907906,97,75,0,2013,4500477.0,10608.0,0.744383,1.923139,HKG,FJI,0
2907907,97,75,0,2014,4855704.0,25470.0,0.812132,1.722493,HKG,FJI,0
2907908,97,75,0,2015,5191813.0,81435.0,0.8255290000000001,1.8017279999999998,HKG,FJI,0
2907909,97,75,0,2016,6314831.0,5802.0,0.8029029999999999,1.477249,HKG,FJI,0
2907910,97,75,0,2017,6869368.0,33146.0,0.824982,1.7162220000000001,HKG,FJI,0
2907911,97,75,0,2018,7314972.0,28300.0,0.843677,1.656073,HKG,FJI,0
2907912,97,75,0,2019,4826675.0,9984.0,0.992556,1.523004,HKG,FJI,0
2907913,97,75,0,2020,3289519.0,14040.0,1.070483,1.183618,HKG,FJI,0
2907914,102,75,0,2017,1762.0,0.0,1.4886270000000001,0.845986,HUN,FJI,0
2907915,103,75,0,1997,3578725.0,0.0,-0.44080699999999995,1.220104,IDN,FJI,0
2907916,103,75,0,1999,3861451.0,0.0,-0.20447,1.568505,IDN,FJI,0
2907917,103,75,0,2000,4103048.0,5910.0,-0.125831,1.7116360000000002,IDN,FJI,0
2907918,103,75,0,2001,5797613.0,1892.0,-0.167771,1.6587889999999998,IDN,FJI,0
2907919,103,75,0,2002,6156466.0,10675.0,-0.10020499999999999,1.590314,IDN,FJI,0
2907920,103,75,0,2003,5407944.0,13318.0,-0.16802,1.7252990000000001,IDN,FJI,0
2907921,103,75,0,2004,4781894.0,4961.0,-0.223644,1.719065,IDN,FJI,0
2907922,103,75,0,2005,6228025.0,0.0,-0.273208,1.5252379999999999,IDN,FJI,0
2907923,103,75,0,2006,5269779.0,0.0,-0.21012399999999998,1.467838,IDN,FJI,0
2907924,103,75,0,2007,3941964.0,0.0,-0.192415,1.497962,IDN,FJI,0
2907925,103,75,0,2008,5762519.0,2430.0,-0.11154000000000001,1.4879850000000001,IDN,FJI,0
2907926,103,75,0,2009,4064820.0,51432.0,-0.253835,1.260101,IDN,FJI,0
2907927,103,75,0,2010,4469473.0,38192.0,-0.30878099999999997,1.07069,IDN,FJI,0
2907928,103,75,0,2011,4026243.0,91872.0,-0.234125,1.168384,IDN,FJI,0
2907929,103,75,0,2012,3262866.0,16545.0,-0.142318,1.281781,IDN,FJI,0
2907930,103,75,0,2013,3963101.0,2051.0,-0.216854,1.415728,IDN,FJI,0
2907931,103,75,0,2014,3894891.0,724.0,-0.088032,1.3966459999999998,IDN,FJI,0
2907932,103,75,0,2015,4453989.0,16380.0,-0.145103,1.277362,IDN,FJI,0
2907933,103,75,0,2016,5223270.0,65939.0,-0.158496,1.492067,IDN,FJI,0
2907934,103,75,0,2017,5484263.0,73364.0,-0.23641700000000002,1.188173,IDN,FJI,0
2907935,103,75,0,2018,5877792.0,107805.0,-0.10130499999999999,1.2414209999999999,IDN,FJI,0
2907936,103,75,0,2019,5754579.0,32721.0,-0.141811,1.385726,IDN,FJI,0
2907937,103,75,0,2020,2487779.0,30867.0,-0.16761700000000002,1.571009,IDN,FJI,0
2907938,103,75,0,1998,3064518.0,0.0,-0.478253,1.350652,IDN,FJI,0
2907939,104,75,0,2003,7116967.0,3467.0,0.33014099999999996,2.836003,IND,FJI,0
2907940,104,75,0,2004,8341271.0,5406.0,0.233348,2.790987,IND,FJI,0
2907941,104,75,0,2005,10179815.0,18848.0,0.212108,2.817413,IND,FJI,0
2907942,104,75,0,2006,11556451.0,0.0,0.285652,2.731318,IND,FJI,0
2907943,104,75,0,2007,9224397.0,951.0,0.279475,2.7514939999999997,IND,FJI,0
2907944,104,75,0,2008,11961409.0,0.0,0.26694,2.926023,IND,FJI,0
2907945,104,75,0,2009,8313172.0,20221.0,0.209867,2.254003,IND,FJI,0
2907946,104,75,0,2010,8424635.0,0.0,0.14485599999999998,2.408913,IND,FJI,0
2907947,104,75,0,2011,10440898.0,62395.0,0.18276199999999998,2.398765,IND,FJI,0
2907948,104,75,0,2012,10517026.0,642933.0,0.229996,2.4815110000000002,IND,FJI,0
2907949,104,75,0,2013,13344851.0,32593.0,0.215356,2.3916209999999998,IND,FJI,0
2907950,104,75,0,2014,14761340.0,26323.0,0.262042,2.6305080000000003,IND,FJI,0
2907951,104,75,0,2015,14291620.0,14215.0,0.24230900000000002,2.8190880000000003,IND,FJI,0
2907952,104,75,0,2016,15380900.0,124749.0,0.30976,2.61043,IND,FJI,0
2907953,104,75,0,2017,17789474.0,15881.0,0.290576,2.726391,IND,FJI,0
2907954,104,75,0,2018,18016066.0,79654.0,0.526015,2.448112,IND,FJI,0
2907955,104,75,0,2019,19074673.0,83079.0,0.43196,2.661139,IND,FJI,0
2907956,104,75,0,2020,11173777.0,180968.0,0.464674,2.838779,IND,FJI,0
2907957,104,75,0,2000,4398081.0,0.0,0.3961,2.553408,IND,FJI,0
2907958,104,75,0,1995,65126.0,0.0,0.156183,1.9617380000000002,IND,FJI,0
2907959,104,75,0,1996,196799.0,0.0,0.20685599999999998,2.317622,IND,FJI,0
2907960,104,75,0,1997,195663.0,0.0,0.262571,2.31305,IND,FJI,0
2907961,104,75,0,1998,4279043.0,0.0,0.274308,2.316908,IND,FJI,0
2907962,104,75,0,1999,6401126.0,0.0,0.29945900000000003,2.438702,IND,FJI,0
2907963,104,75,0,2001,4645555.0,0.0,0.349744,2.665844,IND,FJI,0
2907964,104,75,0,2002,6350700.0,0.0,0.380867,2.608955,IND,FJI,0
2907965,106,75,0,2008,14003.0,2863.0,1.693858,0.221425,IRL,FJI,0
2907966,106,75,0,2014,12439.0,19603.0,1.2658399999999999,0.278546,IRL,FJI,0
2907967,106,75,0,2019,291.0,0.0,1.3812389999999999,-0.025366,IRL,FJI,0
2907968,106,75,0,1997,9087.0,0.0,1.471048,0.8769370000000001,IRL,FJI,0
2907969,106,75,0,2003,16825.0,0.0,1.6396130000000002,0.220599,IRL,FJI,0
2907970,106,75,0,2007,0.0,8484.0,1.353146,0.122832,IRL,FJI,0
2907971,106,75,0,2016,2740.0,7307.0,1.445238,0.07659400000000001,IRL,FJI,0
2907972,106,75,0,2017,1617.0,0.0,1.363544,0.169211,IRL,FJI,0
2907973,106,75,0,2018,0.0,36421.0,1.262419,0.013576,IRL,FJI,0
2907974,106,75,0,2009,3122.0,0.0,1.627233,0.020024,IRL,FJI,0
2907975,106,75,0,2010,42444.0,0.0,1.371357,0.168795,IRL,FJI,0
2907976,106,75,0,2012,939.0,0.0,1.229702,0.12683599999999998,IRL,FJI,0
2907977,106,75,0,2013,45140.0,0.0,1.29988,0.240688,IRL,FJI,0
2907978,106,75,0,2015,0.0,28385.0,1.304942,0.126431,IRL,FJI,0
2907979,107,75,0,2004,7480.0,0.0,-0.38210700000000003,-0.8408620000000001,IRN,FJI,0
2907980,108,75,0,2019,33922.0,0.0,-1.593359,-0.9927860000000001,IRQ,FJI,0
2907981,110,75,0,1996,22000.0,0.0,1.054975,1.072965,ISR,FJI,0
2907982,110,75,0,1997,4000.0,0.0,1.3230030000000002,0.965016,ISR,FJI,0
2907983,110,75,0,2003,13718.0,0.0,1.157809,0.682195,ISR,FJI,0
2907984,110,75,0,2004,1835.0,0.0,1.250393,0.8003979999999999,ISR,FJI,0
2907985,110,75,0,2005,10535.0,0.0,1.3829120000000001,0.761617,ISR,FJI,0
2907986,110,75,0,2006,20205.0,0.0,1.3082129999999998,0.783845,ISR,FJI,0
2907987,110,75,0,2007,12937.0,0.0,1.092244,0.753984,ISR,FJI,0
2907988,110,75,0,2008,5769.0,47186.0,1.169192,0.797136,ISR,FJI,0
2907989,110,75,0,2009,16992.0,0.0,1.226438,0.816299,ISR,FJI,0
2907990,110,75,0,2010,32743.0,0.0,1.215834,0.7028340000000001,ISR,FJI,0
2907991,110,75,0,2014,20093.0,0.0,1.211141,0.64523,ISR,FJI,0
2907992,110,75,0,2012,17981.0,0.0,1.344347,0.691617,ISR,FJI,0
2907993,110,75,0,2013,22268.0,0.0,1.197241,0.633828,ISR,FJI,0
2907994,110,75,0,2015,17598.0,0.0,1.260071,0.545545,ISR,FJI,0
2907995,110,75,0,2016,327003.0,0.0,1.352275,0.67584,ISR,FJI,0
2907996,110,75,0,2001,13000.0,0.0,1.374873,0.775594,ISR,FJI,0
2907997,110,75,0,2017,93114.0,0.0,1.436156,0.776574,ISR,FJI,0
2907998,110,75,0,2020,23181.0,0.0,1.487557,0.8370920000000001,ISR,FJI,0
2907999,110,75,0,2018,26124.0,0.0,1.355071,0.872822,ISR,FJI,0
2908000,111,75,0,1995,155786.0,668194.0,1.503379,1.449094,ITA,FJI,0
2908001,111,75,0,1996,72751.0,43613.0,1.4674690000000001,1.263362,ITA,FJI,0
2908002,111,75,0,1997,84152.0,76082.0,1.4860389999999999,1.235674,ITA,FJI,0
2908003,111,75,0,1998,59002.0,25266.0,1.4532209999999999,1.191124,ITA,FJI,0
2908004,111,75,0,1999,108059.0,409993.0,1.395253,1.3589790000000002,ITA,FJI,0
2908005,111,75,0,2000,178640.0,1120792.0,1.421124,1.112321,ITA,FJI,0
2908006,111,75,0,2001,82642.0,12385.0,1.389926,1.282143,ITA,FJI,0
2908007,111,75,0,2002,100296.0,21598.0,1.377604,1.2470510000000001,ITA,FJI,0
2908008,111,75,0,2003,222027.0,25143.0,1.399734,1.044608,ITA,FJI,0
2908009,111,75,0,2004,255261.0,23977.0,1.358057,1.11533,ITA,FJI,0
2908010,111,75,0,2005,850994.0,44101.0,1.295883,1.032218,ITA,FJI,0
2908011,111,75,0,2006,957680.0,29319.0,1.293779,0.93995,ITA,FJI,0
2908012,111,75,0,2007,993233.0,15360.0,1.3003559999999998,0.705448,ITA,FJI,0
2908013,111,75,0,2008,1666287.0,8272.0,1.308777,0.361523,ITA,FJI,0
2908014,111,75,0,2009,676457.0,13614.0,1.289,0.64549,ITA,FJI,0
2908015,111,75,0,2010,472302.0,13292.0,1.272385,0.545721,ITA,FJI,0
2908016,111,75,0,2011,399780.0,53106.0,1.298751,0.48013599999999995,ITA,FJI,0
2908017,111,75,0,2012,847192.0,0.0,1.297611,0.28585900000000003,ITA,FJI,0
2908018,111,75,0,2013,1016433.0,27374.0,1.289924,0.533436,ITA,FJI,0
2908019,111,75,0,2014,1036708.0,0.0,1.340136,0.43931099999999995,ITA,FJI,0
2908020,111,75,0,2015,1108951.0,8295.0,1.321127,0.747046,ITA,FJI,0
2908021,111,75,0,2016,1540142.0,3531.0,1.339307,0.8549209999999999,ITA,FJI,0
2908022,111,75,0,2017,1123823.0,0.0,1.34395,0.577693,ITA,FJI,0
2908023,111,75,0,2018,1253904.0,0.0,1.3602530000000002,0.453607,ITA,FJI,0
2908024,111,75,0,2019,1180485.0,0.0,1.25898,0.926639,ITA,FJI,0
2908025,111,75,0,2020,1024145.0,0.0,1.299017,0.701797,ITA,FJI,0
2908026,114,75,0,2005,1058105.0,33644.0,2.392106,0.278652,JPN,FJI,0
2908027,114,75,0,2009,294158.0,115299.0,2.306791,-0.251712,JPN,FJI,0
2908028,114,75,0,2010,411784.0,27058.0,2.459723,-0.279387,JPN,FJI,0
2908029,114,75,0,2011,672180.0,66024.0,2.516395,-0.534301,JPN,FJI,0
2908030,114,75,0,2012,321126.0,67806.0,2.359022,-0.553565,JPN,FJI,0
2908031,114,75,0,2014,177328.0,24758.0,2.403165,-0.635024,JPN,FJI,0
2908032,114,75,0,2017,739662.0,133296.0,2.4510419999999997,-0.277357,JPN,FJI,0
2908033,114,75,0,2018,217735.0,60671.0,2.514533,-0.416074,JPN,FJI,0
2908034,114,75,0,2020,458048.0,36896.0,2.405659,-0.38169000000000003,JPN,FJI,0
2908035,114,75,0,2015,310563.0,5312.0,2.516133,-0.484202,JPN,FJI,0
2908036,114,75,0,2016,502383.0,11627.0,2.574025,-0.34859,JPN,FJI,0
2908037,114,75,0,2019,667403.0,84010.0,2.4931509999999997,-0.558811,JPN,FJI,0
2908038,114,75,0,2000,890508.0,134816.0,2.579611,0.464875,JPN,FJI,0
2908039,114,75,0,2001,961495.0,116364.0,2.585857,0.522663,JPN,FJI,0
2908040,114,75,0,2002,788187.0,94463.0,2.556057,0.497673,JPN,FJI,0
2908041,114,75,0,2003,703575.0,171798.0,2.4686630000000003,0.48072600000000004,JPN,FJI,0
2908042,114,75,0,2004,990485.0,30002.0,2.526624,0.452054,JPN,FJI,0
2908043,114,75,0,2006,1094665.0,32115.0,2.4348099999999997,0.082887,JPN,FJI,0
2908044,114,75,0,2007,980105.0,27192.0,2.313259,0.186703,JPN,FJI,0
2908045,114,75,0,2008,835974.0,68292.0,2.285056,0.036255,JPN,FJI,0
2908046,114,75,0,1995,579016.0,128566.0,2.56822,0.927307,JPN,FJI,0
2908047,114,75,0,1996,858713.0,184353.0,2.615364,0.5656939999999999,JPN,FJI,0
2908048,114,75,0,1997,967749.0,148274.0,2.631846,0.553144,JPN,FJI,0
2908049,114,75,0,1998,708501.0,22084.0,2.550442,0.718063,JPN,FJI,0
2908050,114,75,0,1999,1356405.0,42900.0,2.541382,0.693702,JPN,FJI,0
2908051,114,75,0,2013,361433.0,18835.0,2.3993130000000003,-0.564768,JPN,FJI,0
2908052,116,75,0,2007,9109.0,0.0,-0.44365299999999996,0.858692,KEN,FJI,0
2908053,116,75,0,2008,5346.0,0.0,-0.284528,0.9378610000000001,KEN,FJI,0
2908054,116,75,0,2015,11790.0,0.0,-0.453564,0.433325,KEN,FJI,0
2908055,116,75,0,2016,5995.0,0.0,-0.535616,0.520101,KEN,FJI,0
2908056,118,75,0,2018,0.0,5387.0,-0.45740299999999995,-0.575966,KHM,FJI,0
2908057,118,75,0,2015,12987.0,0.0,-0.791985,-0.833046,KHM,FJI,0
2908058,118,75,0,2016,5138.0,0.0,-0.8365239999999999,-0.794615,KHM,FJI,0
2908059,118,75,0,2019,14444.0,0.0,-0.7499359999999999,-0.627125,KHM,FJI,0
2908060,119,75,0,2020,1214.0,1452379.0,-0.9781629999999999,-0.936783,KIR,FJI,0
2908061,119,75,0,2015,0.0,1726829.0,-0.257871,-0.858136,KIR,FJI,0
2908062,119,75,0,2014,844.0,1848842.0,0.708907,-0.540813,KIR,FJI,0
2908063,119,75,0,2017,0.0,564269.0,-0.912241,-0.907758,KIR,FJI,0
2908064,119,75,0,1995,0.0,105963.0,-0.610582,-0.748798,KIR,FJI,0
2908065,119,75,0,1996,0.0,225713.0,-0.090837,-0.644005,KIR,FJI,0
2908066,119,75,0,1997,19085.0,247935.0,-0.9250889999999999,-0.866958,KIR,FJI,0
2908067,119,75,0,1998,0.0,303356.0,-0.8943610000000001,-0.89439,KIR,FJI,0
2908068,119,75,0,1999,0.0,292178.0,-0.3417,-0.8385040000000001,KIR,FJI,0
2908069,119,75,0,2000,0.0,585152.0,-0.373924,-0.863806,KIR,FJI,0
2908070,119,75,0,2002,0.0,494209.0,0.016975,-0.791141,KIR,FJI,0
2908071,119,75,0,2003,0.0,829206.0,-0.140282,-0.787443,KIR,FJI,0
2908072,119,75,0,2004,0.0,338065.0,-0.552158,-0.831923,KIR,FJI,0
2908073,119,75,0,2005,2846.0,522500.0,-0.5289149999999999,-0.804243,KIR,FJI,0
2908074,119,75,0,2006,0.0,281062.0,0.218218,-0.669244,KIR,FJI,0
2908075,119,75,0,2007,0.0,808166.0,0.106985,-0.654763,KIR,FJI,0
2908076,119,75,0,2008,0.0,289355.0,0.122065,-0.667883,KIR,FJI,0
2908077,119,75,0,2009,0.0,655078.0,-0.41403999999999996,-0.8960100000000001,KIR,FJI,0
2908078,119,75,0,2010,0.0,1008414.0,0.252151,-0.727326,KIR,FJI,0
2908079,119,75,0,2011,0.0,773744.0,0.129038,-0.670175,KIR,FJI,0
2908080,119,75,0,2012,0.0,958085.0,-0.5625760000000001,-0.803443,KIR,FJI,0
2908081,119,75,0,2013,0.0,1105155.0,-0.258825,-0.781927,KIR,FJI,0
2908082,119,75,0,2016,367.0,1005899.0,0.23475300000000002,-0.789514,KIR,FJI,0
2908083,119,75,0,2018,6768.0,912721.0,-0.321563,-0.9075110000000001,KIR,FJI,0
2908084,119,75,0,2019,0.0,668779.0,-0.719943,-0.9396709999999999,KIR,FJI,0
2908085,121,75,0,1995,1040490.0,0.0,0.845175,1.2761799999999999,KOR,FJI,0
2908086,121,75,0,1996,1421577.0,253561.0,0.8946940000000001,1.240424,KOR,FJI,0
2908087,121,75,0,1997,1716215.0,252336.0,1.0478290000000001,1.2874370000000002,KOR,FJI,0
2908088,121,75,0,1998,1576607.0,97003.0,0.999518,1.106351,KOR,FJI,0
2908089,121,75,0,1999,1683702.0,133290.0,0.92448,1.053988,KOR,FJI,0
2908090,121,75,0,2000,1067700.0,323829.0,1.0696700000000001,1.0182209999999998,KOR,FJI,0
2908091,121,75,0,2001,892645.0,105430.0,1.145797,1.0762399999999999,KOR,FJI,0
2908092,121,75,0,2002,863918.0,124820.0,1.186816,1.075947,KOR,FJI,0
2908093,121,75,0,2003,1048316.0,246323.0,1.2611709999999998,0.956308,KOR,FJI,0
2908094,121,75,0,2004,1631120.0,228961.0,1.3624690000000002,0.928342,KOR,FJI,0
2908095,121,75,0,2005,2068775.0,85037.0,1.4051850000000001,0.815171,KOR,FJI,0
2908096,121,75,0,2006,2366062.0,65609.0,1.5384309999999999,0.766628,KOR,FJI,0
2908097,121,75,0,2007,1615622.0,13258.0,1.497359,0.726637,KOR,FJI,0
2908098,121,75,0,2008,1645135.0,1338.0,1.491687,0.814692,KOR,FJI,0
2908099,121,75,0,2009,779943.0,1640.0,1.509336,0.784515,KOR,FJI,0
2908100,121,75,0,2010,2290135.0,0.0,1.7118849999999999,0.762362,KOR,FJI,0
2908101,121,75,0,2011,2725339.0,13020.0,1.731371,0.8306879999999999,KOR,FJI,0
2908102,121,75,0,2012,3849772.0,8484.0,1.632917,0.877742,KOR,FJI,0
2908103,121,75,0,2013,4264483.0,2349.0,1.818383,0.75645,KOR,FJI,0
2908104,121,75,0,2020,1426091.0,54819.0,1.9703950000000001,0.800826,KOR,FJI,0
2908105,121,75,0,2014,5173529.0,3831.0,1.817145,0.8394530000000001,KOR,FJI,0
2908106,121,75,0,2015,7996022.0,54535.0,1.900653,0.859406,KOR,FJI,0
2908107,121,75,0,2016,3261088.0,53925.0,2.086184,0.724318,KOR,FJI,0
2908108,121,75,0,2017,3440479.0,40906.0,2.011263,0.783215,KOR,FJI,0
2908109,121,75,0,2018,2485410.0,29382.0,2.093866,0.764303,KOR,FJI,0
2908110,121,75,0,2019,5658765.0,166043.0,2.115482,0.696838,KOR,FJI,0
2908111,122,75,0,2014,0.0,4719.0,-0.769616,-1.10667,KWT,FJI,0
2908112,122,75,0,2018,0.0,1204.0,-0.668802,-1.154012,KWT,FJI,0
2908113,123,75,0,2000,0.0,3110.0,-1.4676120000000001,-1.25673,LAO,FJI,0
2908114,124,75,0,2001,10001326.0,0.0,0.165355,0.988008,LBN,FJI,0
2908115,124,75,0,2002,933370.0,0.0,0.2729,1.254232,LBN,FJI,0
2908116,124,75,0,2017,141393.0,0.0,0.266847,1.117621,LBN,FJI,0
2908117,128,75,0,1999,97856.0,0.0,-0.8875649999999999,-0.059249,LKA,FJI,0
2908118,128,75,0,2002,56055.0,0.0,-0.740927,0.023171,LKA,FJI,0
2908119,128,75,0,2003,15683.0,0.0,-0.618057,0.101931,LKA,FJI,0
2908120,128,75,0,2004,39916.0,4991.0,-0.658668,0.21912600000000002,LKA,FJI,0
2908121,128,75,0,2006,217029.0,0.0,-0.573767,0.305913,LKA,FJI,0
2908122,128,75,0,2010,133058.0,0.0,-0.70886,0.25216700000000003,LKA,FJI,0
2908123,128,75,0,2005,645270.0,0.0,-0.718592,0.22666,LKA,FJI,0
2908124,128,75,0,2008,209173.0,0.0,-0.48245200000000005,0.295892,LKA,FJI,0
2908125,128,75,0,2009,164037.0,0.0,-0.653836,0.174403,LKA,FJI,0
2908126,128,75,0,2011,215163.0,1206.0,-0.559311,0.398905,LKA,FJI,0
2908127,128,75,0,2012,293844.0,193.0,-0.49648100000000006,0.48185200000000006,LKA,FJI,0
2908128,128,75,0,2013,276961.0,0.0,-0.6521779999999999,0.41258599999999995,LKA,FJI,0
2908129,128,75,0,2000,38680.0,0.0,-0.8783549999999999,-0.074326,LKA,FJI,0
2908130,128,75,0,2014,260947.0,1424.0,-0.49366899999999997,0.338686,LKA,FJI,0
2908131,128,75,0,2015,234522.0,5308.0,-0.6773399999999999,0.386343,LKA,FJI,0
2908132,128,75,0,2016,303076.0,927484.0,-0.562869,0.49937,LKA,FJI,0
2908133,128,75,0,2017,273863.0,37556.0,-0.46442799999999995,0.472132,LKA,FJI,0
2908134,128,75,0,2018,111381.0,113182.0,-0.544504,0.41074099999999997,LKA,FJI,0
2908135,128,75,0,2019,364767.0,73987.0,-0.592952,0.394811,LKA,FJI,0
2908136,128,75,0,2020,154295.0,21503.0,-0.48448599999999997,0.5495220000000001,LKA,FJI,0
2908137,128,75,0,2001,77085.0,0.0,-0.722434,-0.033818,LKA,FJI,0
2908138,128,75,0,2007,147747.0,0.0,-0.568577,0.364717,LKA,FJI,0
2908139,130,75,0,2018,3031.0,0.0,0.964249,1.4050200000000002,LTU,FJI,0
2908140,131,75,0,2017,16496.0,0.0,1.24064,1.298263,LUX,FJI,0
2908141,131,75,0,2014,15672.0,0.0,1.243845,1.155474,LUX,FJI,0
2908142,131,75,0,2016,21890.0,0.0,1.340054,1.30224,LUX,FJI,0
2908143,133,75,0,2012,9549.0,0.0,0.659177,0.583923,MAC,FJI,0
2908144,134,75,0,2009,5403.0,0.0,-0.48819300000000004,0.173952,MAR,FJI,0
2908145,134,75,0,2016,9076.0,0.0,-0.772795,-0.206511,MAR,FJI,0
2908146,134,75,0,2008,5344.0,0.0,-0.505734,-0.000516,MAR,FJI,0
2908147,138,75,0,1999,0.0,331910.0,0.581034,0.8399760000000001,MEX,FJI,0
2908148,138,75,0,2000,0.0,264206.0,0.6866760000000001,0.64383,MEX,FJI,0
2908149,138,75,0,2004,0.0,11355.0,0.868684,0.85506,MEX,FJI,0
2908150,138,75,0,2005,0.0,2538.0,1.046235,0.856245,MEX,FJI,0
2908151,138,75,0,2012,0.0,1091.0,1.039541,0.663349,MEX,FJI,0
2908152,138,75,0,2013,866.0,0.0,1.048507,0.718932,MEX,FJI,0
2908153,138,75,0,2015,1574.0,0.0,1.169724,0.61457,MEX,FJI,0
2908154,138,75,0,2018,3010.0,0.0,1.00061,0.585759,MEX,FJI,0
2908155,139,75,0,2015,0.0,14788.0,-0.174541,-0.828616,MHL,FJI,0
2908156,139,75,0,2011,0.0,1274.0,-0.380054,-0.73321,MHL,FJI,0
2908157,139,75,0,2019,0.0,73006.0,-0.592066,-0.900875,MHL,FJI,0
2908158,139,75,0,2014,0.0,7107.0,-0.22505,-0.803084,MHL,FJI,0
2908159,139,75,0,2009,0.0,9217.0,-0.960635,-0.99724,MHL,FJI,0
2908160,139,75,0,2018,0.0,26894.0,0.03022,-0.7880520000000001,MHL,FJI,0
2908161,139,75,0,2016,6171.0,91996.0,0.073567,-0.808307,MHL,FJI,0
2908162,139,75,0,2017,0.0,115374.0,-0.057511,-0.80248,MHL,FJI,0
2908163,139,75,0,2020,0.0,139443.0,-0.23666700000000002,-0.822276,MHL,FJI,0
2908164,139,75,0,2012,0.0,4467.0,-0.557802,-0.790155,MHL,FJI,0
2908165,139,75,0,2007,0.0,21297.0,-0.980109,-0.915091,MHL,FJI,0
2908166,139,75,0,2002,0.0,22835.0,0.185091,-0.8390989999999999,MHL,FJI,0
2908167,139,75,0,2003,0.0,41028.0,-1.7295669999999999,-0.926291,MHL,FJI,0
2908168,139,75,0,2004,0.0,37927.0,-0.088716,-0.7905449999999999,MHL,FJI,0
2908169,139,75,0,2005,0.0,16420.0,-0.991793,-0.875741,MHL,FJI,0
2908170,139,75,0,2006,0.0,8242.0,-0.6514220000000001,-0.880265,MHL,FJI,0
2908171,139,75,0,2008,0.0,22435.0,-1.092352,-0.9263600000000001,MHL,FJI,0
2908172,139,75,0,2010,0.0,4249.0,-0.599197,-0.788443,MHL,FJI,0
2908173,139,75,0,2000,0.0,51792.0,0.725404,-0.633921,MHL,FJI,0
2908174,139,75,0,2013,0.0,8272.0,-0.980348,-0.8763219999999999,MHL,FJI,0
2908175,143,75,0,2012,41793.0,0.0,-1.219747,-0.9290229999999999,MMR,FJI,0
2908176,143,75,0,2008,5073.0,0.0,-1.501556,-1.1134110000000002,MMR,FJI,0
2908177,147,75,0,2011,0.0,23200.0,-1.2069299999999998,-0.977785,MOZ,FJI,0
2908178,152,75,0,2017,842.0,0.0,-0.761995,-0.8897729999999999,MWI,FJI,0
2908179,153,75,0,1997,9644402.0,0.0,0.37340999999999996,0.36853600000000003,MYS,FJI,0
2908180,153,75,0,1999,8601272.0,0.0,0.500591,0.136149,MYS,FJI,0
2908181,153,75,0,2000,8434473.0,2606.0,0.519684,0.170286,MYS,FJI,0
2908182,153,75,0,2002,2501079.0,0.0,0.704957,0.243398,MYS,FJI,0
2908183,153,75,0,2004,3502297.0,0.0,0.6710050000000001,0.17807,MYS,FJI,0
2908184,153,75,0,2005,2512183.0,0.0,0.5847439999999999,0.13176300000000002,MYS,FJI,0
2908185,153,75,0,2006,2040967.0,12765.0,0.7896569999999999,0.363625,MYS,FJI,0
2908186,153,75,0,2007,3022361.0,0.0,0.740788,0.302155,MYS,FJI,0
2908187,153,75,0,2008,2404571.0,1496.0,0.793395,0.6141939999999999,MYS,FJI,0
2908188,153,75,0,2009,2586225.0,1024.0,0.8718229999999999,0.607429,MYS,FJI,0
2908189,153,75,0,2010,1567539.0,0.0,0.9530780000000001,0.607456,MYS,FJI,0
2908190,153,75,0,2011,2663286.0,0.0,0.9893290000000001,0.632079,MYS,FJI,0
2908191,153,75,0,2012,3104174.0,0.0,0.945643,0.7526510000000001,MYS,FJI,0
2908192,153,75,0,2013,3436639.0,0.0,0.937641,0.747496,MYS,FJI,0
2908193,153,75,0,2014,3044354.0,4669.0,1.018138,0.774649,MYS,FJI,0
2908194,153,75,0,2015,2682989.0,0.0,1.082803,0.811615,MYS,FJI,0
2908195,153,75,0,2016,5217452.0,0.0,1.106894,0.7452840000000001,MYS,FJI,0
2908196,153,75,0,2018,4065522.0,3578.0,1.122976,0.734109,MYS,FJI,0
2908197,153,75,0,1995,1264101.0,11712.0,0.357745,0.374284,MYS,FJI,0
2908198,153,75,0,1996,8208192.0,0.0,0.351774,0.347262,MYS,FJI,0
2908199,153,75,0,2003,2704335.0,3894.0,0.728804,0.2168,MYS,FJI,0
2908200,153,75,0,2017,4020998.0,5286.0,1.0110139999999999,0.6840729999999999,MYS,FJI,0
2908201,153,75,0,2019,3848799.0,2479.0,1.192967,0.730971,MYS,FJI,0
2908202,153,75,0,1998,10461031.0,1938.0,0.396826,0.203792,MYS,FJI,0
2908203,153,75,0,2001,3665207.0,0.0,0.768174,0.307033,MYS,FJI,0
2908204,153,75,0,2020,1928050.0,5593.0,1.185223,0.573439,MYS,FJI,0
2908205,155,75,0,2004,13291.0,0.0,-0.40995299999999996,-0.550272,NAM,FJI,0
2908206,155,75,0,2008,1881.0,0.0,-0.104196,-0.301923,NAM,FJI,0
2908207,155,75,0,2019,1728.0,0.0,-0.545575,-0.744274,NAM,FJI,0
2908208,155,75,0,2020,271789.0,0.0,-0.664967,-0.74835,NAM,FJI,0
2908209,156,75,0,2010,3540.0,152083.0,-0.42193500000000006,-0.8256610000000001,NCL,FJI,0
2908210,156,75,0,2015,5468.0,242300.0,-0.727911,-0.844562,NCL,FJI,0
2908211,156,75,0,2019,3839.0,188048.0,-0.342544,-0.867944,NCL,FJI,0
2908212,156,75,0,2009,6899.0,65539.0,1.323528,0.523435,NCL,FJI,0
2908213,156,75,0,2002,0.0,310517.0,-0.292646,-0.823263,NCL,FJI,0
2908214,156,75,0,2007,4702.0,322291.0,-0.075892,-0.8211430000000001,NCL,FJI,0
2908215,156,75,0,2011,18063.0,141282.0,-0.976349,-0.798691,NCL,FJI,0
2908216,156,75,0,2012,0.0,270945.0,-0.635354,-0.777234,NCL,FJI,0
2908217,156,75,0,2014,521.0,306302.0,-0.509789,-0.767484,NCL,FJI,0
2908218,156,75,0,2016,6468.0,270767.0,-0.9910389999999999,-0.9463940000000001,NCL,FJI,0
2908219,156,75,0,2017,43661.0,224923.0,-0.38216100000000003,-0.8662549999999999,NCL,FJI,0
2908220,156,75,0,2018,19553.0,263377.0,-0.49370299999999995,-0.865432,NCL,FJI,0
2908221,156,75,0,2020,9695.0,255543.0,-0.666664,-0.88528,NCL,FJI,0
2908222,156,75,0,2013,2386.0,327826.0,-0.136052,-0.703913,NCL,FJI,0
2908223,156,75,0,2006,1233.0,73358.0,-0.135099,-0.7618779999999999,NCL,FJI,0
2908224,156,75,0,1999,0.0,120614.0,-0.079579,-0.777079,NCL,FJI,0
2908225,156,75,0,2004,17996.0,135412.0,-0.49824700000000005,-0.8284239999999999,NCL,FJI,0
2908226,156,75,0,2005,0.0,117078.0,0.08313200000000001,-0.691012,NCL,FJI,0
2908227,156,75,0,2008,1504.0,111166.0,-0.21304099999999998,-0.8147300000000001,NCL,FJI,0
2908228,156,75,0,2000,0.0,317287.0,0.034618,-0.7699729999999999,NCL,FJI,0
2908229,156,75,0,2003,0.0,216332.0,-0.344934,-0.776632,NCL,FJI,0
2908230,156,75,0,2001,0.0,138732.0,-0.837087,-0.9207040000000001,NCL,FJI,0
2908231,158,75,0,2009,0.0,9600.0,1.412664,-0.299607,NFK,FJI,0
2908232,158,75,0,2011,0.0,14044.0,1.0037200000000002,-0.348081,NFK,FJI,0
2908233,158,75,0,2013,0.0,13958.0,1.418466,-0.181551,NFK,FJI,0
2908234,158,75,0,2017,0.0,7215.0,1.358179,-0.37159699999999996,NFK,FJI,0
2908235,158,75,0,2019,0.0,1472.0,0.92635,-0.31332,NFK,FJI,0
2908236,158,75,0,2005,0.0,10757.0,0.695512,-0.657586,NFK,FJI,0
2908237,158,75,0,2010,0.0,2446.0,1.059751,-0.570033,NFK,FJI,0
2908238,158,75,0,2012,0.0,9900.0,1.212201,-0.237969,NFK,FJI,0
2908239,158,75,0,2014,0.0,39840.0,1.384862,-0.391489,NFK,FJI,0
2908240,158,75,0,2015,0.0,5801.0,1.33274,-0.37342600000000004,NFK,FJI,0
2908241,158,75,0,2016,0.0,5076.0,1.0897629999999998,-0.539247,NFK,FJI,0
2908242,158,75,0,2018,0.0,2124.0,1.4067209999999999,-0.487275,NFK,FJI,0
2908243,161,75,0,2013,0.0,13724.0,1.901559,-0.039522,NIU,FJI,0
2908244,161,75,0,2018,0.0,17725.0,0.9669469999999999,-0.851692,NIU,FJI,0
2908245,161,75,0,2019,0.0,10566.0,1.3109819999999999,-0.730798,NIU,FJI,0
2908246,161,75,0,2020,0.0,4478.0,-0.028386,-0.8818799999999999,NIU,FJI,0
2908247,161,75,0,2011,0.0,60183.0,1.469768,0.034852999999999995,NIU,FJI,0
2908248,161,75,0,2012,0.0,7845.0,1.176703,-0.127122,NIU,FJI,0
2908249,161,75,0,2014,0.0,1314.0,1.624556,0.065342,NIU,FJI,0
2908250,161,75,0,2017,0.0,5110.0,0.436779,-0.758359,NIU,FJI,0
2908251,162,75,0,1995,120176.0,518654.0,1.304391,1.8819119999999998,NLD,FJI,0
2908252,162,75,0,1996,137559.0,121341.0,1.256625,1.803132,NLD,FJI,0
2908253,162,75,0,1997,16997.0,6174.0,1.267794,1.727888,NLD,FJI,0
2908254,162,75,0,1998,257748.0,14327.0,1.248469,1.683182,NLD,FJI,0
2908255,162,75,0,1999,730781.0,80805.0,1.308776,1.574293,NLD,FJI,0
2908256,162,75,0,2000,301994.0,0.0,1.283291,1.58901,NLD,FJI,0
2908257,162,75,0,2001,96907.0,0.0,1.315685,1.590935,NLD,FJI,0
2908258,162,75,0,2002,176228.0,8462.0,1.206176,1.7136360000000002,NLD,FJI,0
2908259,162,75,0,2003,296152.0,14558.0,1.168453,1.7085709999999998,NLD,FJI,0
2908260,162,75,0,2004,207897.0,2490.0,1.251808,1.586526,NLD,FJI,0
2908261,162,75,0,2005,10249.0,32185.0,1.143533,1.614774,NLD,FJI,0
2908262,162,75,0,2006,15502.0,51178.0,1.192134,1.450852,NLD,FJI,0
2908263,162,75,0,2007,18413.0,33784.0,1.089169,1.589641,NLD,FJI,0
2908264,162,75,0,2008,34006.0,0.0,1.139475,1.385316,NLD,FJI,0
2908265,162,75,0,2009,40396.0,0.0,1.1914850000000001,1.3076780000000001,NLD,FJI,0
2908266,162,75,0,2010,36930.0,40114.0,1.237998,1.1891209999999999,NLD,FJI,0
2908267,162,75,0,2011,34431.0,39243.0,1.1655229999999999,1.410167,NLD,FJI,0
2908268,162,75,0,2012,46801.0,18277.0,1.124582,1.374002,NLD,FJI,0
2908269,162,75,0,2013,49302.0,43072.0,1.184107,1.249557,NLD,FJI,0
2908270,162,75,0,2014,64122.0,64062.0,1.179325,1.355071,NLD,FJI,0
2908271,162,75,0,2015,14202.0,93331.0,1.230104,1.27344,NLD,FJI,0
2908272,162,75,0,2016,99049.0,0.0,1.157361,1.5188540000000001,NLD,FJI,0
2908273,162,75,0,2017,125989.0,2882.0,1.146959,1.470869,NLD,FJI,0
2908274,162,75,0,2018,34948.0,0.0,1.1478899999999999,1.454758,NLD,FJI,0
2908275,162,75,0,2019,88335.0,0.0,1.145044,1.3523530000000001,NLD,FJI,0
2908276,162,75,0,2020,45535.0,0.0,1.035951,1.559401,NLD,FJI,0
2908277,163,75,0,1995,0.0,212642.0,1.019741,0.394241,NOR,FJI,0
2908278,163,75,0,2008,0.0,87163.0,0.911428,-0.019318000000000002,NOR,FJI,0
2908279,163,75,0,2005,1844.0,0.0,1.0581530000000001,0.038369,NOR,FJI,0
2908280,163,75,0,2013,0.0,6702.0,0.892099,0.18168399999999998,NOR,FJI,0
2908281,163,75,0,2004,5520.0,0.0,1.10162,0.118709,NOR,FJI,0
2908282,163,75,0,2006,23941.0,0.0,1.0787930000000001,0.014051,NOR,FJI,0
2908283,165,75,0,2007,0.0,25157.0,0.919574,-0.327637,NRU,FJI,0
2908284,165,75,0,2011,0.0,144431.0,0.548569,-0.513296,NRU,FJI,0
2908285,165,75,0,2012,0.0,201419.0,0.6183569999999999,-0.575687,NRU,FJI,0
2908286,165,75,0,2019,0.0,110595.0,0.726887,-0.407936,NRU,FJI,0
2908287,165,75,0,2009,0.0,28149.0,0.721114,-0.581005,NRU,FJI,0
2908288,165,75,0,2014,0.0,402554.0,1.215503,-0.37847,NRU,FJI,0
2908289,165,75,0,2018,0.0,252349.0,0.8769610000000001,-0.095779,NRU,FJI,0
2908290,165,75,0,2000,0.0,28645.0,1.1900190000000002,-0.449799,NRU,FJI,0
2908291,165,75,0,2002,0.0,18536.0,0.8975049999999999,-0.494882,NRU,FJI,0
2908292,165,75,0,2004,0.0,16123.0,1.37799,-0.36241599999999996,NRU,FJI,0
2908293,165,75,0,2005,0.0,2262.0,1.335741,-0.071855,NRU,FJI,0
2908294,165,75,0,2006,0.0,4996.0,1.092365,-0.03394,NRU,FJI,0
2908295,165,75,0,2008,0.0,24345.0,0.538959,-0.74048,NRU,FJI,0
2908296,165,75,0,2010,0.0,44020.0,0.350571,-0.732316,NRU,FJI,0
2908297,165,75,0,2013,0.0,152110.0,0.8494780000000001,-0.587259,NRU,FJI,0
2908298,165,75,0,2015,0.0,121856.0,1.27283,-0.30019,NRU,FJI,0
2908299,165,75,0,2016,0.0,192776.0,0.661876,-0.355951,NRU,FJI,0
2908300,165,75,0,2017,0.0,120155.0,0.963425,-0.06901499999999999,NRU,FJI,0
2908301,165,75,0,2020,0.0,721753.0,1.062876,-0.723853,NRU,FJI,0
2908302,166,75,0,1998,4942782.0,13170674.0,0.5690529999999999,0.7752060000000001,NZL,FJI,0
2908303,166,75,0,1997,7883137.0,19148893.0,0.557545,0.731294,NZL,FJI,0
2908304,166,75,0,2001,4065700.0,10146472.0,0.521409,0.683134,NZL,FJI,0
2908305,166,75,0,2002,5448902.0,8718643.0,0.542585,0.854243,NZL,FJI,0
2908306,166,75,0,2003,7572301.0,10395183.0,0.589619,0.997301,NZL,FJI,0
2908307,166,75,0,2004,12317709.0,8967928.0,0.567392,0.965781,NZL,FJI,0
2908308,166,75,0,2005,13301135.0,8453310.0,0.623822,0.825528,NZL,FJI,0
2908309,166,75,0,2006,12070893.0,8525947.0,0.5371,0.8240209999999999,NZL,FJI,0
2908310,166,75,0,2007,12959907.0,9272404.0,0.495938,0.845825,NZL,FJI,0
2908311,166,75,0,2008,12382598.0,7855808.0,0.513416,0.753058,NZL,FJI,0
2908312,166,75,0,2009,10737659.0,6197286.0,0.38301999999999997,0.720644,NZL,FJI,0
2908313,166,75,0,2010,10951873.0,7198042.0,0.36828299999999997,0.574574,NZL,FJI,0
2908314,166,75,0,2011,13387765.0,9671694.0,0.372732,0.548601,NZL,FJI,0
2908315,166,75,0,2012,10957075.0,9391315.0,0.410575,0.714584,NZL,FJI,0
2908316,166,75,0,2013,10993505.0,9543011.0,0.3345,0.39063000000000003,NZL,FJI,0
2908317,166,75,0,2014,11815260.0,7780376.0,0.272502,0.21628699999999998,NZL,FJI,0
2908318,166,75,0,2015,11087690.0,8149538.0,0.224598,0.253179,NZL,FJI,0
2908319,166,75,0,2016,10634878.0,7616822.0,0.236556,0.252918,NZL,FJI,0
2908320,166,75,0,2017,11110359.0,8376163.0,0.25651199999999996,0.132996,NZL,FJI,0
2908321,166,75,0,2018,11274695.0,8599342.0,0.21902600000000003,0.148714,NZL,FJI,0
2908322,166,75,0,2019,8731308.0,6142179.0,0.119281,0.039036,NZL,FJI,0
2908323,166,75,0,2020,5033818.0,6784321.0,0.145567,0.070121,NZL,FJI,0
2908324,166,75,0,1995,5730849.0,18774216.0,0.5558270000000001,0.773271,NZL,FJI,0
2908325,166,75,0,1999,5987149.0,18918474.0,0.592051,0.780176,NZL,FJI,0
2908326,166,75,0,2000,3277705.0,12982417.0,0.552858,0.8281129999999999,NZL,FJI,0
2908327,166,75,0,1996,6954411.0,16253063.0,0.49466099999999996,0.8302879999999999,NZL,FJI,0
2908328,167,75,0,2016,47975.0,0.0,-0.334782,-0.9107190000000001,OMN,FJI,0
2908329,168,75,0,2006,342528.0,0.0,-0.449333,0.563013,PAK,FJI,0
2908330,168,75,0,2009,917020.0,0.0,-0.514907,0.44733100000000003,PAK,FJI,0
2908331,168,75,0,2011,1555611.0,0.0,-0.729677,0.6026729999999999,PAK,FJI,0
2908332,168,75,0,2015,1281547.0,0.0,-0.7059979999999999,0.73501,PAK,FJI,0
2908333,168,75,0,2019,980209.0,0.0,-0.6909270000000001,0.8651120000000001,PAK,FJI,0
2908334,168,75,0,2017,461916.0,0.0,-0.698561,0.43523500000000004,PAK,FJI,0
2908335,168,75,0,2020,418377.0,0.0,-0.52984,0.63654,PAK,FJI,0
2908336,168,75,0,2003,950594.0,0.0,-0.6659689999999999,0.137924,PAK,FJI,0
2908337,168,75,0,2004,1039384.0,0.0,-0.754143,0.25995100000000004,PAK,FJI,0
2908338,168,75,0,2005,651611.0,0.0,-0.592542,0.365501,PAK,FJI,0
2908339,168,75,0,2007,663759.0,2106.0,-0.5594359999999999,0.47369300000000003,PAK,FJI,0
2908340,168,75,0,2008,1614340.0,0.0,-0.401588,0.500668,PAK,FJI,0
2908341,168,75,0,2010,2188553.0,0.0,-0.692071,0.5409010000000001,PAK,FJI,0
2908342,168,75,0,2012,1853643.0,0.0,-0.633706,0.658617,PAK,FJI,0
2908343,168,75,0,2013,1649202.0,0.0,-0.75727,0.769703,PAK,FJI,0
2908344,168,75,0,2014,1086368.0,0.0,-0.672924,0.566787,PAK,FJI,0
2908345,168,75,0,2016,1302369.0,0.0,-0.7502800000000001,0.545331,PAK,FJI,0
2908346,168,75,0,2018,943416.0,0.0,-0.64348,0.665045,PAK,FJI,0
2908347,168,75,0,2002,805475.0,0.0,-0.877655,-0.322094,PAK,FJI,0
2908348,169,75,0,2014,28564.0,0.0,0.771742,0.9873190000000001,PAN,FJI,0
2908349,169,75,0,2016,0.0,1878.0,0.58773,0.654145,PAN,FJI,0
2908350,174,75,0,1996,429655.0,0.0,-0.276548,0.344986,PHL,FJI,0
2908351,174,75,0,1997,1132292.0,0.0,-0.24310900000000002,0.085784,PHL,FJI,0
2908352,174,75,0,1998,1675015.0,0.0,-0.262725,-0.075781,PHL,FJI,0
2908353,174,75,0,1999,519398.0,0.0,-0.401903,-0.333408,PHL,FJI,0
2908354,174,75,0,2000,270029.0,10942.0,-0.279447,-0.329073,PHL,FJI,0
2908355,174,75,0,2001,244435.0,0.0,-0.028201,-0.112349,PHL,FJI,0
2908356,174,75,0,2002,245523.0,0.0,0.055439999999999996,-0.179809,PHL,FJI,0
2908357,174,75,0,2003,36399.0,36622.0,-0.065022,-0.195144,PHL,FJI,0
2908358,174,75,0,2004,185833.0,0.0,-0.076709,-0.149006,PHL,FJI,0
2908359,174,75,0,2005,306338.0,0.0,-0.038225999999999996,-0.057957,PHL,FJI,0
2908360,174,75,0,2006,232911.0,0.0,0.161994,0.036631,PHL,FJI,0
2908361,174,75,0,2007,628761.0,0.0,0.032117,-0.16600499999999999,PHL,FJI,0
2908362,174,75,0,2009,294781.0,0.0,0.34318000000000004,0.095375,PHL,FJI,0
2908363,174,75,0,2010,136868.0,0.0,0.40418899999999996,0.102497,PHL,FJI,0
2908364,174,75,0,2011,120559.0,0.0,0.364707,0.322626,PHL,FJI,0
2908365,174,75,0,2014,177435.0,0.0,0.637442,0.475883,PHL,FJI,0
2908366,174,75,0,2017,242516.0,0.0,0.657759,0.170061,PHL,FJI,0
2908367,174,75,0,2008,438576.0,0.0,0.276488,-0.02957,PHL,FJI,0
2908368,174,75,0,2012,98662.0,0.0,0.388785,0.465275,PHL,FJI,0
2908369,174,75,0,2013,142308.0,2202.0,0.507868,0.355403,PHL,FJI,0
2908370,174,75,0,2015,210060.0,16811.0,0.6406270000000001,0.45770200000000005,PHL,FJI,0
2908371,174,75,0,2016,235623.0,0.0,0.619343,0.303981,PHL,FJI,0
2908372,174,75,0,2018,266166.0,0.0,0.781409,0.22126700000000002,PHL,FJI,0
2908373,174,75,0,2019,115756.0,0.0,0.762884,0.3318,PHL,FJI,0
2908374,174,75,0,2020,147989.0,0.0,0.755786,0.24693,PHL,FJI,0
2908375,176,75,0,2003,690.0,97523.0,-1.7997330000000002,-1.2110049999999999,PNG,FJI,0
2908376,176,75,0,2012,387322.0,1529319.0,-1.009277,-1.039759,PNG,FJI,0
2908377,176,75,0,2019,356217.0,1671225.0,-1.654143,-1.249707,PNG,FJI,0
2908378,176,75,0,2016,957126.0,2015577.0,-1.689987,-1.2762639999999998,PNG,FJI,0
2908379,176,75,0,2017,532100.0,1659829.0,-1.788834,-1.267126,PNG,FJI,0
2908380,176,75,0,2011,317488.0,1305475.0,-1.1111659999999999,-0.9458610000000001,PNG,FJI,0
2908381,176,75,0,2009,14174.0,312808.0,-1.90537,-1.2462030000000002,PNG,FJI,0
2908382,176,75,0,2010,38960.0,485283.0,-1.725138,-1.195622,PNG,FJI,0
2908383,176,75,0,2015,823269.0,2593898.0,-1.710939,-1.266333,PNG,FJI,0
2908384,176,75,0,2002,0.0,148704.0,-1.4572319999999999,-1.159399,PNG,FJI,0
2908385,176,75,0,1998,0.0,99526.0,-2.060952,-1.237969,PNG,FJI,0
2908386,176,75,0,2004,0.0,83316.0,-1.7599200000000002,-1.219971,PNG,FJI,0
2908387,176,75,0,2001,87297.0,152238.0,-1.503929,-1.199463,PNG,FJI,0
2908388,176,75,0,2007,17738.0,256911.0,-1.947486,-1.284269,PNG,FJI,0
2908389,176,75,0,2008,51109.0,181830.0,-1.6771330000000002,-1.18528,PNG,FJI,0
2908390,176,75,0,2013,497975.0,981752.0,-1.444244,-1.144231,PNG,FJI,0
2908391,176,75,0,2014,633078.0,1286705.0,-1.564904,-1.146255,PNG,FJI,0
2908392,176,75,0,2018,425526.0,1922724.0,-1.7580360000000002,-1.239492,PNG,FJI,0
2908393,176,75,0,2020,74660.0,2517220.0,-1.526134,-1.191965,PNG,FJI,0
2908394,176,75,0,2005,0.0,134403.0,-1.6583900000000003,-1.198114,PNG,FJI,0
2908395,176,75,0,2000,0.0,44852.0,-1.686651,-1.1906729999999999,PNG,FJI,0
2908396,176,75,0,2006,0.0,98871.0,-1.89409,-1.234731,PNG,FJI,0
2908397,177,75,0,1995,80000.0,0.0,0.76393,1.802648,POL,FJI,0
2908398,177,75,0,2006,10821.0,0.0,0.991927,1.474418,POL,FJI,0
2908399,177,75,0,2017,1575.0,0.0,1.197417,1.092716,POL,FJI,0
2908400,177,75,0,2018,3410.0,0.0,1.132475,1.258945,POL,FJI,0
2908401,177,75,0,2020,7059.0,111090.0,1.0227979999999999,1.4079139999999999,POL,FJI,0
2908402,178,75,0,2008,9954.0,0.0,0.6970609999999999,0.88018,PRK,FJI,0
2908403,178,75,0,2007,3013.0,0.0,0.799712,0.8789370000000001,PRK,FJI,0
2908404,178,75,0,2010,4403.0,0.0,0.348511,0.466229,PRK,FJI,0
2908405,178,75,0,2012,107729.0,0.0,-0.120826,0.131138,PRK,FJI,0
2908406,178,75,0,2015,8784.0,0.0,-0.404818,-0.075235,PRK,FJI,0
2908407,178,75,0,2016,106399.0,0.0,-0.512374,-0.143648,PRK,FJI,0
2908408,178,75,0,2018,26113.0,0.0,0.714618,0.47291700000000003,PRK,FJI,0
2908409,178,75,0,2019,575961.0,10639.0,1.049447,0.46940699999999996,PRK,FJI,0
2908410,178,75,0,2017,99992.0,0.0,-0.353642,-0.08027000000000001,PRK,FJI,0
2908411,178,75,0,2011,21579.0,0.0,-0.024317,-0.154781,PRK,FJI,0
2908412,178,75,0,2004,67414.0,0.0,0.578991,0.781518,PRK,FJI,0
2908413,178,75,0,2020,72594.0,0.0,1.162417,0.494306,PRK,FJI,0
2908414,179,75,0,2000,0.0,2251.0,0.547816,1.70635,PRT,FJI,0
2908415,179,75,0,2002,17670.0,0.0,0.484407,1.6500080000000001,PRT,FJI,0
2908416,179,75,0,2017,0.0,10095.0,0.527046,2.264624,PRT,FJI,0
2908417,179,75,0,2018,0.0,2024.0,0.652628,2.211758,PRT,FJI,0
2908418,179,75,0,1995,37065.0,11106.0,0.412677,1.254009,PRT,FJI,0
2908419,179,75,0,1996,0.0,2798.0,0.39343,1.170144,PRT,FJI,0
2908420,179,75,0,2004,0.0,1710.0,0.524524,1.901139,PRT,FJI,0
2908421,179,75,0,2007,7689.0,0.0,0.621302,1.971656,PRT,FJI,0
2908422,182,75,0,2011,0.0,735148.0,0.37798000000000004,-0.460049,PYF,FJI,0
2908423,182,75,0,2008,0.0,550373.0,-0.255879,-0.714841,PYF,FJI,0
2908424,182,75,0,2005,0.0,755751.0,-0.46358999999999995,-0.801909,PYF,FJI,0
2908425,182,75,0,2007,0.0,642162.0,-0.72809,-0.9329620000000001,PYF,FJI,0
2908426,182,75,0,1998,0.0,101192.0,0.422645,-0.607595,PYF,FJI,0
2908427,182,75,0,2003,0.0,1194188.0,-0.255707,-0.676557,PYF,FJI,0
2908428,182,75,0,2004,0.0,1375256.0,-0.414954,-0.773736,PYF,FJI,0
2908429,182,75,0,2006,0.0,734300.0,-0.213329,-0.743599,PYF,FJI,0
2908430,182,75,0,2012,0.0,571950.0,-0.131116,-0.6672819999999999,PYF,FJI,0
2908431,182,75,0,2013,3264.0,272813.0,-0.146044,-0.7055359999999999,PYF,FJI,0
2908432,182,75,0,2016,0.0,390863.0,0.11597400000000001,-0.657672,PYF,FJI,0
2908433,182,75,0,2018,0.0,702990.0,0.21430300000000002,-0.484076,PYF,FJI,0
2908434,182,75,0,2019,0.0,661206.0,0.30119,-0.39213000000000003,PYF,FJI,0
2908435,182,75,0,2020,0.0,195386.0,0.640838,-0.11156300000000001,PYF,FJI,0
2908436,182,75,0,2017,0.0,631332.0,-0.1278,-0.748387,PYF,FJI,0
2908437,182,75,0,1997,0.0,117899.0,0.333947,-0.5391560000000001,PYF,FJI,0
2908438,182,75,0,1999,0.0,140129.0,0.281327,-0.624142,PYF,FJI,0
2908439,182,75,0,2000,11047.0,824488.0,0.01154,-0.6676880000000001,PYF,FJI,0
2908440,182,75,0,2001,0.0,396035.0,-0.005456,-0.7210770000000001,PYF,FJI,0
2908441,182,75,0,2009,0.0,245487.0,-0.440014,-0.835513,PYF,FJI,0
2908442,182,75,0,2002,0.0,635934.0,0.042936,-0.7421840000000001,PYF,FJI,0
2908443,182,75,0,2010,0.0,462337.0,-0.47692700000000005,-0.8429760000000001,PYF,FJI,0
2908444,182,75,0,2014,0.0,260313.0,0.008831,-0.6268279999999999,PYF,FJI,0
2908445,182,75,0,2015,0.0,221035.0,-0.301696,-0.795154,PYF,FJI,0
2908446,182,75,0,1996,0.0,97204.0,0.845308,-0.31763,PYF,FJI,0
2908447,183,75,0,2017,0.0,4784.0,-0.361327,-1.066869,QAT,FJI,0
2908448,183,75,0,2016,0.0,16218.0,-0.36124,-1.106629,QAT,FJI,0
2908449,183,75,0,2018,0.0,13038.0,-0.068401,-1.014732,QAT,FJI,0
2908450,185,75,0,2014,45556.0,0.0,0.9112,1.188161,ROU,FJI,0
2908451,186,75,0,2003,1458.0,0.0,1.072729,0.338355,RUS,FJI,0
2908452,188,75,0,2005,0.0,2681.0,0.678873,-0.759985,SAU,FJI,0
2908453,188,75,0,2008,6619.0,0.0,-0.09849400000000001,-0.8998309999999999,SAU,FJI,0
2908454,188,75,0,2011,0.0,21156.0,0.354045,-0.800028,SAU,FJI,0
2908455,188,75,0,2014,0.0,1806.0,0.5758439999999999,-0.832692,SAU,FJI,0
2908456,188,75,0,2015,1186.0,0.0,0.5552520000000001,-0.7263229999999999,SAU,FJI,0
2908457,188,75,0,2016,0.0,4602.0,0.394807,-0.638644,SAU,FJI,0
2908458,188,75,0,2017,0.0,51177.0,0.597716,-0.345049,SAU,FJI,0
2908459,188,75,0,2018,0.0,7286.0,0.5801810000000001,-0.447514,SAU,FJI,0
2908460,188,75,0,2019,0.0,6296.0,0.787798,-0.41350600000000004,SAU,FJI,0
2908461,188,75,0,1995,0.0,2942.0,0.401573,-0.6676529999999999,SAU,FJI,0
2908462,188,75,0,2000,0.0,135149.0,0.588175,-0.74197,SAU,FJI,0
2908463,188,75,0,2003,0.0,7249.0,0.202286,-0.714691,SAU,FJI,0
2908464,188,75,0,2004,0.0,101424.0,0.546196,-0.7014729999999999,SAU,FJI,0
2908465,192,75,0,2001,18252840.0,265853.0,1.364239,0.721074,SGP,FJI,0
2908466,192,75,0,2002,15683282.0,38343.0,1.481857,0.648889,SGP,FJI,0
2908467,192,75,0,2011,3481148.0,11294.0,1.849116,0.52127,SGP,FJI,0
2908468,192,75,0,2013,4665107.0,12019.0,1.915504,0.619576,SGP,FJI,0
2908469,192,75,0,2015,3982485.0,16249.0,2.05613,0.593065,SGP,FJI,0
2908470,192,75,0,2016,3768521.0,22481.0,2.089995,0.564921,SGP,FJI,0
2908471,192,75,0,2014,3196741.0,6287.0,1.867492,0.626736,SGP,FJI,0
2908472,192,75,0,2018,4167293.0,25992.0,1.914132,0.652011,SGP,FJI,0
2908473,192,75,0,2017,3838785.0,18379.0,1.884166,0.37903600000000004,SGP,FJI,0
2908474,192,75,0,1999,18499600.0,644862.0,1.355833,0.594305,SGP,FJI,0
2908475,192,75,0,2000,20233366.0,694555.0,1.3392389999999998,0.6035010000000001,SGP,FJI,0
2908476,192,75,0,2012,3638775.0,12571.0,1.685959,0.5900989999999999,SGP,FJI,0
2908477,192,75,0,2020,2854744.0,21388.0,1.948379,0.610574,SGP,FJI,0
2908478,192,75,0,2005,6307949.0,59178.0,1.601677,0.49930399999999997,SGP,FJI,0
2908479,192,75,0,1995,28136348.0,1830565.0,0.747684,0.4745,SGP,FJI,0
2908480,192,75,0,1996,23412578.0,1214154.0,0.8354299999999999,0.41169799999999995,SGP,FJI,0
2908481,192,75,0,1997,24174605.0,1030857.0,1.01557,0.360154,SGP,FJI,0
2908482,192,75,0,1998,22843035.0,564919.0,1.0029709999999998,0.506545,SGP,FJI,0
2908483,192,75,0,2003,28028139.0,158935.0,1.5080799999999999,0.720337,SGP,FJI,0
2908484,192,75,0,2004,17986517.0,329706.0,1.6409779999999998,0.634947,SGP,FJI,0
2908485,192,75,0,2006,4656171.0,176372.0,1.5377379999999998,0.503089,SGP,FJI,0
2908486,192,75,0,2007,4037553.0,16283.0,1.608299,0.545791,SGP,FJI,0
2908487,192,75,0,2008,3819027.0,18464.0,1.844543,0.5947020000000001,SGP,FJI,0
2908488,192,75,0,2009,3091941.0,238.0,1.9503540000000001,0.498033,SGP,FJI,0
2908489,192,75,0,2010,2817256.0,0.0,1.8441349999999999,0.570311,SGP,FJI,0
2908490,192,75,0,2019,3435354.0,9762.0,2.0264599999999997,0.665506,SGP,FJI,0
2908491,195,75,0,2013,7117.0,1829327.0,-0.9350860000000001,-0.877676,SLB,FJI,0
2908492,195,75,0,2004,0.0,765948.0,-1.4911,-0.999592,SLB,FJI,0
2908493,195,75,0,2003,0.0,104676.0,-1.342629,-0.900968,SLB,FJI,0
2908494,195,75,0,2007,0.0,424788.0,-1.144843,-0.956784,SLB,FJI,0
2908495,195,75,0,2014,3829.0,1847955.0,-0.862089,-0.9075840000000001,SLB,FJI,0
2908496,195,75,0,2016,98554.0,650558.0,-0.740271,-0.881382,SLB,FJI,0
2908497,195,75,0,2019,13816.0,1024782.0,-1.650959,-1.013001,SLB,FJI,0
2908498,195,75,0,2020,0.0,1046170.0,-1.774857,-1.015981,SLB,FJI,0
2908499,195,75,0,2008,0.0,270573.0,-1.70333,-1.027817,SLB,FJI,0
2908500,195,75,0,2017,0.0,1440578.0,-1.153846,-0.971255,SLB,FJI,0
2908501,195,75,0,2015,0.0,697472.0,-1.167451,-0.931206,SLB,FJI,0
2908502,195,75,0,2005,0.0,268601.0,-1.5026950000000001,-0.9389040000000001,SLB,FJI,0
2908503,195,75,0,2018,50208.0,1025141.0,-1.246494,-0.998495,SLB,FJI,0
2908504,195,75,0,2000,0.0,158165.0,-0.712501,-0.829672,SLB,FJI,0
2908505,195,75,0,2002,0.0,197474.0,-0.5305449999999999,-0.8186720000000001,SLB,FJI,0
2908506,195,75,0,2006,2479.0,119072.0,-1.501072,-0.964304,SLB,FJI,0
2908507,195,75,0,2009,3799.0,296079.0,-1.9380110000000002,-1.06035,SLB,FJI,0
2908508,195,75,0,2010,3431.0,361215.0,-1.7710650000000001,-1.033138,SLB,FJI,0
2908509,195,75,0,2011,7546.0,415781.0,-1.401353,-0.931205,SLB,FJI,0
2908510,195,75,0,2012,9993.0,555852.0,-0.935467,-0.78338,SLB,FJI,0
2908511,206,75,0,2020,0.0,24604.0,1.338026,0.825268,SVK,FJI,0
2908512,206,75,0,1998,230862.0,0.0,1.202453,1.228204,SVK,FJI,0
2908513,206,75,0,1999,341055.0,0.0,1.133942,1.105742,SVK,FJI,0
2908514,206,75,0,2000,127726.0,0.0,1.228151,1.112002,SVK,FJI,0
2908515,208,75,0,1997,4407.0,0.0,2.120182,0.993078,SWE,FJI,0
2908516,208,75,0,2003,1149.0,0.0,2.099224,0.799982,SWE,FJI,0
2908517,208,75,0,2005,2864.0,0.0,1.902796,0.84031,SWE,FJI,0
2908518,208,75,0,2007,4216.0,0.0,1.927244,0.498241,SWE,FJI,0
2908519,208,75,0,2008,39004.0,0.0,1.866575,0.44342700000000007,SWE,FJI,0
2908520,208,75,0,2011,1033.0,0.0,1.857146,0.366159,SWE,FJI,0
2908521,208,75,0,2012,4403.0,0.0,1.78062,0.269041,SWE,FJI,0
2908522,208,75,0,2013,9837.0,0.0,1.869421,0.228109,SWE,FJI,0
2908523,208,75,0,2014,3500.0,114572.0,1.817752,0.558474,SWE,FJI,0
2908524,208,75,0,2015,13778.0,189866.0,1.8068349999999997,0.693389,SWE,FJI,0
2908525,208,75,0,2017,5098.0,0.0,1.764732,0.732646,SWE,FJI,0
2908526,208,75,0,2018,137026.0,0.0,1.76361,0.766904,SWE,FJI,0
2908527,208,75,0,2019,40169.0,0.0,1.781148,0.742037,SWE,FJI,0
2908528,208,75,0,2020,2334.0,0.0,1.6911310000000002,0.791586,SWE,FJI,0
2908529,208,75,0,1996,46823.0,0.0,2.133781,0.9099889999999999,SWE,FJI,0
2908530,208,75,0,1998,9229.0,0.0,2.134076,0.9259729999999999,SWE,FJI,0
2908531,208,75,0,2002,9330.0,90315.0,2.128614,0.7891199999999999,SWE,FJI,0
2908532,208,75,0,2004,1051.0,0.0,2.0522080000000003,0.8326969999999999,SWE,FJI,0
2908533,208,75,0,2006,1346.0,0.0,1.902737,0.593294,SWE,FJI,0
2908534,208,75,0,2010,1099.0,0.0,1.882239,0.397927,SWE,FJI,0
2908535,209,75,0,2019,2582.0,0.0,0.087181,-0.760434,SWZ,FJI,0
2908536,209,75,0,2008,33267.0,0.0,0.761506,0.29043,SWZ,FJI,0
2908537,209,75,0,2009,10663.0,0.0,0.6420859999999999,0.060127999999999994,SWZ,FJI,0
2908538,209,75,0,2007,1323.0,0.0,0.9562299999999999,0.053538,SWZ,FJI,0
2908539,209,75,0,2010,3657.0,0.0,0.186142,-0.34577800000000003,SWZ,FJI,0
2908540,209,75,0,2012,3607.0,0.0,0.199997,-0.383511,SWZ,FJI,0
2908541,209,75,0,2014,3910.0,0.0,0.22972199999999998,-0.365564,SWZ,FJI,0
2908542,209,75,0,2017,4327.0,0.0,0.126066,-0.551203,SWZ,FJI,0
2908543,209,75,0,2015,2393.0,0.0,0.257467,-0.402491,SWZ,FJI,0
2908544,216,75,0,1995,3816216.0,0.0,0.174522,1.608058,THA,FJI,0
2908545,216,75,0,1996,2088242.0,1312.0,0.10120599999999999,1.351967,THA,FJI,0
2908546,216,75,0,1997,1908836.0,0.0,0.084875,1.41931,THA,FJI,0
2908547,216,75,0,1998,1944689.0,0.0,0.128633,1.484142,THA,FJI,0
2908548,216,75,0,1999,3246560.0,0.0,0.20451,1.513533,THA,FJI,0
2908549,216,75,0,2000,1966451.0,26597.0,0.301195,1.577338,THA,FJI,0
2908550,216,75,0,2001,2327667.0,0.0,0.37555900000000003,1.498267,THA,FJI,0
2908551,216,75,0,2002,3261110.0,5736.0,0.432041,1.627953,THA,FJI,0
2908552,216,75,0,2003,4524782.0,9241.0,0.43010699999999996,1.607408,THA,FJI,0
2908553,216,75,0,2004,5835180.0,0.0,0.5150359999999999,1.583019,THA,FJI,0
2908554,216,75,0,2005,23779409.0,0.0,0.552846,1.664665,THA,FJI,0
2908555,216,75,0,2006,8445441.0,4746.0,0.568209,1.685343,THA,FJI,0
2908556,216,75,0,2007,7066378.0,543.0,0.711328,1.411114,THA,FJI,0
2908557,216,75,0,2008,8807304.0,6710.0,0.7531399999999999,1.4420620000000002,THA,FJI,0
2908558,216,75,0,2009,14403038.0,0.0,0.79692,1.315501,THA,FJI,0
2908559,216,75,0,2010,11439078.0,1593.0,0.748328,1.425224,THA,FJI,0
2908560,216,75,0,2011,7475463.0,23581.0,0.889009,1.503118,THA,FJI,0
2908561,216,75,0,2012,4691350.0,0.0,0.910957,1.294243,THA,FJI,0
2908562,216,75,0,2013,7498702.0,73265.0,0.8752139999999999,1.3798620000000001,THA,FJI,0
2908563,216,75,0,2014,6047702.0,109131.0,0.977094,1.41283,THA,FJI,0
2908564,216,75,0,2015,7312179.0,6339.0,0.965888,1.368572,THA,FJI,0
2908565,216,75,0,2016,7481598.0,122409.0,1.022065,1.428082,THA,FJI,0
2908566,216,75,0,2017,5266974.0,102010.0,0.983977,1.3926020000000001,THA,FJI,0
2908567,216,75,0,2018,7263134.0,25615.0,1.053177,1.4084969999999999,THA,FJI,0
2908568,216,75,0,2019,5053320.0,8112.0,0.9744229999999999,1.401199,THA,FJI,0
2908569,216,75,0,2020,3036314.0,22778.0,1.035524,1.2777180000000001,THA,FJI,0
2908570,220,75,0,2005,64017.0,0.0,0.020875,-0.6831010000000001,TLS,FJI,0
2908571,220,75,0,2010,0.0,4986.0,0.6633789999999999,-0.606204,TLS,FJI,0
2908572,220,75,0,2012,0.0,3110.0,-0.36338200000000004,-0.876495,TLS,FJI,0
2908573,220,75,0,2014,0.0,1863.0,-1.365212,-0.896716,TLS,FJI,0
2908574,220,75,0,2015,0.0,11542.0,-0.878657,-0.9064450000000001,TLS,FJI,0
2908575,220,75,0,2013,0.0,11216.0,-0.376633,-0.73677,TLS,FJI,0
2908576,220,75,0,2018,0.0,27577.0,-0.595688,-0.8907370000000001,TLS,FJI,0
2908577,220,75,0,2017,0.0,2263.0,-0.45426700000000003,-0.769744,TLS,FJI,0
2908578,221,75,0,2008,4094.0,608861.0,-0.174192,-0.559636,TON,FJI,0
2908579,221,75,0,2016,6742.0,641469.0,-0.29545,-0.766385,TON,FJI,0
2908580,221,75,0,2005,0.0,329600.0,-0.736809,-0.7505729999999999,TON,FJI,0
2908581,221,75,0,2007,0.0,490851.0,-0.482545,-0.816512,TON,FJI,0
2908582,221,75,0,2014,0.0,964424.0,-0.11129100000000001,-0.523176,TON,FJI,0
2908583,221,75,0,2015,0.0,380608.0,-0.212905,-0.670721,TON,FJI,0
2908584,221,75,0,2018,2717.0,515265.0,0.087991,-0.5723060000000001,TON,FJI,0
2908585,221,75,0,2019,0.0,420517.0,-0.057787,-0.671035,TON,FJI,0
2908586,221,75,0,2020,0.0,867526.0,-0.79433,-0.8264100000000001,TON,FJI,0
2908587,221,75,0,2006,0.0,314820.0,-0.45091499999999995,-0.670044,TON,FJI,0
2908588,221,75,0,2011,5126.0,842925.0,-0.14256,-0.589116,TON,FJI,0
2908589,221,75,0,2012,8570.0,801872.0,0.114173,-0.307309,TON,FJI,0
2908590,221,75,0,2000,0.0,475182.0,-1.227366,-0.948996,TON,FJI,0
2908591,221,75,0,2001,0.0,157263.0,-0.8627950000000001,-0.817174,TON,FJI,0
2908592,221,75,0,2002,2260.0,251350.0,-1.6186639999999999,-1.011606,TON,FJI,0
2908593,221,75,0,2003,0.0,158501.0,-0.8467379999999999,-0.815816,TON,FJI,0
2908594,221,75,0,2004,0.0,197599.0,-0.639641,-0.798275,TON,FJI,0
2908595,221,75,0,2009,1743.0,274577.0,-0.439709,-0.7270939999999999,TON,FJI,0
2908596,221,75,0,2010,20660.0,720011.0,-0.650658,-0.774469,TON,FJI,0
2908597,221,75,0,2013,5114.0,1021908.0,0.183053,-0.345657,TON,FJI,0
2908598,224,75,0,2002,35560.0,0.0,0.11263699999999999,1.83925,TUR,FJI,0
2908599,224,75,0,2005,59695.0,0.0,0.226487,2.210279,TUR,FJI,0
2908600,224,75,0,2007,7815.0,0.0,0.41396700000000003,2.0339869999999998,TUR,FJI,0
2908601,224,75,0,2008,50796.0,0.0,0.44478,2.186881,TUR,FJI,0
2908602,224,75,0,2009,17166.0,0.0,0.384596,2.3797610000000002,TUR,FJI,0
2908603,224,75,0,2011,65335.0,0.0,0.45775,2.4316259999999996,TUR,FJI,0
2908604,224,75,0,2012,41122.0,0.0,0.507184,2.259161,TUR,FJI,0
2908605,224,75,0,2013,21305.0,0.0,0.42932299999999995,2.690235,TUR,FJI,0
2908606,224,75,0,2014,19690.0,0.0,0.554761,2.385693,TUR,FJI,0
2908607,224,75,0,2015,73381.0,0.0,0.438669,2.519632,TUR,FJI,0
2908608,224,75,0,2016,285562.0,0.0,0.45364799999999994,2.478837,TUR,FJI,0
2908609,224,75,0,2017,91793.0,0.0,0.541611,2.405872,TUR,FJI,0
2908610,224,75,0,2018,64408.0,0.0,0.518721,2.5581419999999997,TUR,FJI,0
2908611,224,75,0,2019,422702.0,0.0,0.569408,2.364546,TUR,FJI,0
2908612,224,75,0,2020,84514.0,0.0,0.590472,2.619866,TUR,FJI,0
2908613,224,75,0,2006,35973.0,0.0,0.33971599999999996,2.193384,TUR,FJI,0
2908614,225,75,0,2017,0.0,484022.0,0.979611,-0.6079359999999999,TUV,FJI,0
2908615,225,75,0,1997,0.0,87251.0,0.853403,-0.6482100000000001,TUV,FJI,0
2908616,225,75,0,1998,0.0,512397.0,1.019107,-0.646907,TUV,FJI,0
2908617,225,75,0,1999,0.0,146800.0,0.095919,-0.7801680000000001,TUV,FJI,0
2908618,225,75,0,2000,0.0,213520.0,1.185378,-0.475463,TUV,FJI,0
2908619,225,75,0,2001,0.0,20234.0,-0.12332699999999999,-0.172416,TUV,FJI,0
2908620,225,75,0,2002,1078.0,193138.0,-0.141984,-0.15720399999999998,TUV,FJI,0
2908621,225,75,0,2003,0.0,403480.0,0.770706,-0.480434,TUV,FJI,0
2908622,225,75,0,2004,0.0,235335.0,1.4753180000000001,-0.446762,TUV,FJI,0
2908623,225,75,0,2005,0.0,164305.0,1.003608,-0.363531,TUV,FJI,0
2908624,225,75,0,2006,0.0,166406.0,0.9635290000000001,-0.314963,TUV,FJI,0
2908625,225,75,0,2007,0.0,265022.0,1.607359,-0.272403,TUV,FJI,0
2908626,225,75,0,2008,0.0,314801.0,0.5163300000000001,-0.47066099999999994,TUV,FJI,0
2908627,225,75,0,2009,0.0,272183.0,0.531324,-0.689902,TUV,FJI,0
2908628,225,75,0,2010,0.0,191866.0,0.359508,-0.650139,TUV,FJI,0
2908629,225,75,0,2011,0.0,160193.0,0.53684,-0.552668,TUV,FJI,0
2908630,225,75,0,2012,0.0,128091.0,0.041589,-0.695249,TUV,FJI,0
2908631,225,75,0,2013,0.0,186330.0,0.002879,-0.779308,TUV,FJI,0
2908632,225,75,0,2014,6386.0,202722.0,1.127623,-0.482033,TUV,FJI,0
2908633,225,75,0,2015,0.0,212552.0,0.925609,-0.6022569999999999,TUV,FJI,0
2908634,225,75,0,2016,0.0,239592.0,1.580008,-0.807844,TUV,FJI,0
2908635,225,75,0,2018,0.0,358283.0,1.529849,-0.7761279999999999,TUV,FJI,0
2908636,225,75,0,2019,0.0,1416906.0,0.223041,-0.878941,TUV,FJI,0
2908637,225,75,0,2020,0.0,525695.0,0.605791,-0.773982,TUV,FJI,0
2908638,226,75,0,2018,1590387.0,0.0,-0.09850700000000001,1.145606,TZA,FJI,0
2908639,227,75,0,2009,126951.0,0.0,-0.573707,-0.036203,UGA,FJI,0
2908640,227,75,0,1995,8022.0,0.0,-1.053037,-1.001752,UGA,FJI,0
2908641,228,75,0,2009,0.0,7375.0,0.602688,0.830247,UKR,FJI,0
2908642,228,75,0,2000,0.0,83447.0,0.763783,0.8563,UKR,FJI,0
2908643,228,75,0,2003,0.0,173521.0,0.8929389999999999,0.956685,UKR,FJI,0
2908644,228,75,0,2019,0.0,3806.0,0.303802,0.5650270000000001,UKR,FJI,0
2908645,231,75,0,1995,5912464.0,54823984.0,1.771648,1.184,USA,FJI,0
2908646,231,75,0,1996,4271640.0,45820869.0,1.7110560000000001,1.125141,USA,FJI,0
2908647,231,75,0,1997,7107442.0,46017795.0,1.823511,0.888084,USA,FJI,0
2908648,231,75,0,1998,5371231.0,54006404.0,1.8223639999999999,0.761336,USA,FJI,0
2908649,231,75,0,1999,4288012.0,59712417.0,1.8755119999999998,0.5350729999999999,USA,FJI,0
2908650,231,75,0,2000,2263868.0,87205043.0,1.8549650000000002,0.226992,USA,FJI,0
2908651,231,75,0,2001,2146035.0,77104315.0,1.873674,0.168468,USA,FJI,0
2908652,231,75,0,2002,1368607.0,67313049.0,1.821594,0.231296,USA,FJI,0
2908653,231,75,0,2003,719414.0,74249423.0,1.7789220000000001,0.064028,USA,FJI,0
2908654,231,75,0,2004,1498587.0,77863327.0,1.7598630000000002,0.066704,USA,FJI,0
2908655,231,75,0,2005,913997.0,23367296.0,1.718086,-0.34564,USA,FJI,0
2908656,231,75,0,2006,1456931.0,3790731.0,1.666643,-0.121679,USA,FJI,0
2908657,231,75,0,2007,1014045.0,2527001.0,1.612165,0.0922,USA,FJI,0
2908658,231,75,0,2008,1820527.0,1110504.0,1.584278,-0.209788,USA,FJI,0
2908659,231,75,0,2009,1163977.0,794824.0,1.657663,-0.41411400000000004,USA,FJI,0
2908660,231,75,0,2010,1405951.0,708532.0,1.67573,-0.598165,USA,FJI,0
2908661,231,75,0,2011,1458814.0,1561972.0,1.6884849999999998,-0.474499,USA,FJI,0
2908662,231,75,0,2012,2541925.0,679700.0,1.628377,-0.601941,USA,FJI,0
2908663,231,75,0,2013,2741975.0,819243.0,1.6639689999999998,-0.48651300000000003,USA,FJI,0
2908664,231,75,0,2014,3518119.0,1169025.0,1.61227,0.068905,USA,FJI,0
2908665,231,75,0,2015,6831997.0,608870.0,1.720478,-0.129322,USA,FJI,0
2908666,231,75,0,2016,3349114.0,798507.0,1.685329,0.297536,USA,FJI,0
2908667,231,75,0,2017,2574876.0,721153.0,1.601478,0.277271,USA,FJI,0
2908668,231,75,0,2018,4032594.0,840981.0,1.585861,0.44815900000000003,USA,FJI,0
2908669,231,75,0,2019,5153100.0,17814632.0,1.606808,0.3232,USA,FJI,0
2908670,231,75,0,2020,1423279.0,1164659.0,1.588148,0.380904,USA,FJI,0
2908671,237,75,0,2014,74378.0,0.0,0.484282,-0.082974,VGB,FJI,0
2908672,237,75,0,2018,40694.0,0.0,0.995964,-0.167496,VGB,FJI,0
2908673,239,75,0,2000,61000.0,0.0,-0.849311,0.391474,VNM,FJI,0
2908674,239,75,0,2001,137611.0,0.0,-0.6692130000000001,0.610992,VNM,FJI,0
2908675,239,75,0,2002,91411.0,0.0,-0.589665,0.799874,VNM,FJI,0
2908676,239,75,0,2005,235095.0,0.0,-0.673618,0.766938,VNM,FJI,0
2908677,239,75,0,2008,274690.0,0.0,-0.207083,1.1323370000000001,VNM,FJI,0
2908678,239,75,0,2010,175420.0,0.0,-0.24660500000000002,1.427235,VNM,FJI,0
2908679,239,75,0,2011,240242.0,3034.0,-0.184453,1.637207,VNM,FJI,0
2908680,239,75,0,2013,582970.0,1005.0,-0.11426900000000001,1.399738,VNM,FJI,0
2908681,239,75,0,2015,510133.0,0.0,-0.17108900000000002,1.10995,VNM,FJI,0
2908682,239,75,0,2016,934280.0,0.0,-0.10217899999999999,1.015568,VNM,FJI,0
2908683,239,75,0,2018,552672.0,1037.0,0.003069,0.9169729999999999,VNM,FJI,0
2908684,239,75,0,2019,779723.0,0.0,-0.048147,1.098784,VNM,FJI,0
2908685,239,75,0,2009,150501.0,0.0,-0.27396,1.131199,VNM,FJI,0
2908686,239,75,0,2003,34346.0,0.0,-0.633985,0.659696,VNM,FJI,0
2908687,239,75,0,2004,252424.0,0.0,-0.5270560000000001,0.8910389999999999,VNM,FJI,0
2908688,239,75,0,2006,465688.0,0.0,-0.342779,1.033318,VNM,FJI,0
2908689,239,75,0,2007,334931.0,0.0,-0.335613,1.048849,VNM,FJI,0
2908690,239,75,0,2012,480422.0,2608.0,0.012365000000000001,1.290936,VNM,FJI,0
2908691,239,75,0,2014,850098.0,0.0,-0.023765,1.344416,VNM,FJI,0
2908692,239,75,0,2017,809321.0,0.0,-0.009819,0.686429,VNM,FJI,0
2908693,239,75,0,2020,668847.0,13219.0,0.034229,0.89099,VNM,FJI,0
2908694,240,75,0,2009,0.0,893058.0,-0.9398479999999999,-0.9635799999999999,VUT,FJI,0
2908695,240,75,0,2016,118597.0,3248631.0,-1.187374,-0.9973350000000001,VUT,FJI,0
2908696,240,75,0,2018,1034.0,1602146.0,-1.595495,-1.026155,VUT,FJI,0
2908697,240,75,0,2006,0.0,514345.0,-1.166741,-0.927552,VUT,FJI,0
2908698,240,75,0,2005,0.0,382379.0,-1.009584,-0.885193,VUT,FJI,0
2908699,240,75,0,2013,2696.0,1385427.0,-0.6548689999999999,-0.811184,VUT,FJI,0
2908700,240,75,0,2014,2973.0,1221334.0,-1.21245,-0.941493,VUT,FJI,0
2908701,240,75,0,2015,1579.0,1140843.0,-1.6531169999999997,-1.018974,VUT,FJI,0
2908702,240,75,0,2017,2694.0,1549481.0,-1.223329,-1.005357,VUT,FJI,0
2908703,240,75,0,2007,0.0,757602.0,-1.187885,-0.993107,VUT,FJI,0
2908704,240,75,0,2008,23612.0,598048.0,-1.1498540000000002,-0.9443299999999999,VUT,FJI,0
2908705,240,75,0,2010,6948.0,1195412.0,-0.8922190000000001,-0.87134,VUT,FJI,0
2908706,240,75,0,2011,7883.0,1228173.0,-1.324335,-0.9620629999999999,VUT,FJI,0
2908707,240,75,0,2012,0.0,996911.0,-0.8367030000000001,-0.8235610000000001,VUT,FJI,0
2908708,240,75,0,2019,2714.0,1307051.0,-0.88634,-0.943023,VUT,FJI,0
2908709,240,75,0,2020,0.0,1012745.0,-1.469494,-0.991857,VUT,FJI,0
2908710,240,75,0,2000,0.0,1144620.0,-1.007244,-0.9066219999999999,VUT,FJI,0
2908711,240,75,0,2002,4257.0,259484.0,-1.240258,-0.95039,VUT,FJI,0
2908712,240,75,0,2003,0.0,234535.0,-0.916386,-0.784439,VUT,FJI,0
2908713,240,75,0,2004,0.0,330644.0,-1.2338790000000002,-0.969297,VUT,FJI,0
2908714,241,75,0,2012,0.0,652410.0,1.6446990000000001,-0.248971,WLF,FJI,0
2908715,241,75,0,2010,0.0,285924.0,1.206023,-0.517231,WLF,FJI,0
2908716,241,75,0,2019,0.0,1143020.0,2.073123,-0.6077170000000001,WLF,FJI,0
2908717,241,75,0,2020,0.0,796207.0,0.601576,-0.727147,WLF,FJI,0
2908718,241,75,0,2000,0.0,314619.0,0.7104189999999999,-0.696887,WLF,FJI,0
2908719,241,75,0,2001,0.0,61988.0,0.934326,-0.724379,WLF,FJI,0
2908720,241,75,0,2002,0.0,80244.0,0.5689420000000001,-0.737647,WLF,FJI,0
2908721,241,75,0,2003,0.0,132582.0,0.200787,-0.775126,WLF,FJI,0
2908722,241,75,0,2004,0.0,124700.0,2.1501349999999997,-0.13714200000000001,WLF,FJI,0
2908723,241,75,0,2005,0.0,173096.0,1.090798,-0.447772,WLF,FJI,0
2908724,241,75,0,2006,0.0,117438.0,1.609916,-0.311544,WLF,FJI,0
2908725,241,75,0,2007,0.0,82881.0,2.106802,-0.38307800000000003,WLF,FJI,0
2908726,241,75,0,2008,0.0,63745.0,0.503318,-0.708188,WLF,FJI,0
2908727,241,75,0,2009,0.0,83395.0,1.551821,-0.5478390000000001,WLF,FJI,0
2908728,241,75,0,2011,0.0,533415.0,0.512842,-0.681142,WLF,FJI,0
2908729,241,75,0,2013,0.0,789633.0,1.4608299999999999,-0.567281,WLF,FJI,0
2908730,241,75,0,2014,1444.0,996707.0,1.0165819999999999,-0.481415,WLF,FJI,0
2908731,241,75,0,2015,0.0,813608.0,0.858368,-0.6285810000000001,WLF,FJI,0
2908732,241,75,0,2017,0.0,818083.0,1.156989,-0.59549,WLF,FJI,0
2908733,241,75,0,2018,0.0,992161.0,1.604643,-0.608603,WLF,FJI,0
2908734,241,75,0,2016,0.0,812923.0,1.1721700000000002,-0.658709,WLF,FJI,0
2908735,242,75,0,2015,1237.0,1305172.0,0.351057,-0.158431,WSM,FJI,0
2908736,242,75,0,2016,4294.0,1794268.0,0.576339,-0.221148,WSM,FJI,0
2908737,242,75,0,2014,7437.0,2541528.0,0.602344,-0.051224,WSM,FJI,0
2908738,242,75,0,2002,14508.0,1144165.0,-0.053287,-0.5183399999999999,WSM,FJI,0
2908739,242,75,0,2011,4051.0,1621890.0,0.9658110000000001,0.30804699999999996,WSM,FJI,0
2908740,242,75,0,2019,7108.0,3215702.0,0.22290700000000002,-0.164178,WSM,FJI,0
2908741,242,75,0,2012,33130.0,1020281.0,0.537049,-0.065328,WSM,FJI,0
2908742,242,75,0,2003,2015.0,895181.0,-0.304377,-0.620659,WSM,FJI,0
2908743,242,75,0,2004,4926.0,1130304.0,-0.129153,-0.6165510000000001,WSM,FJI,0
2908744,242,75,0,2005,8643.0,1502600.0,0.31706,-0.384695,WSM,FJI,0
2908745,242,75,0,2006,22249.0,1696603.0,0.299266,-0.477783,WSM,FJI,0
2908746,242,75,0,2007,8858.0,1269734.0,-0.21260500000000002,-0.671421,WSM,FJI,0
2908747,242,75,0,2008,28011.0,1203740.0,0.527804,-0.347197,WSM,FJI,0
2908748,242,75,0,2009,8399.0,785292.0,1.3006149999999999,0.354537,WSM,FJI,0
2908749,242,75,0,2010,64785.0,1617490.0,1.236381,0.276124,WSM,FJI,0
2908750,242,75,0,2013,6053.0,1606990.0,0.824724,0.056441,WSM,FJI,0
2908751,242,75,0,2017,0.0,2074400.0,0.450726,0.050197000000000006,WSM,FJI,0
2908752,242,75,0,2018,638.0,3061615.0,0.336421,0.186474,WSM,FJI,0
2908753,242,75,0,2000,0.0,1106292.0,-1.2583469999999999,-0.988015,WSM,FJI,0
2908754,242,75,0,2001,5537.0,1007673.0,-0.361456,-0.690474,WSM,FJI,0
2908755,242,75,0,2020,0.0,1793315.0,0.875817,-0.056116,WSM,FJI,0
2908756,246,75,0,1997,10601.0,0.0,0.501792,1.1192440000000001,ZAF,FJI,0
2908757,246,75,0,2002,41494.0,0.0,0.395943,2.392458,ZAF,FJI,0
2908758,246,75,0,2003,62771.0,0.0,0.477987,2.255395,ZAF,FJI,0
2908759,246,75,0,2004,76823.0,3995.0,0.460279,1.9736220000000002,ZAF,FJI,0
2908760,246,75,0,2005,167085.0,0.0,0.484464,1.65903,ZAF,FJI,0
2908761,246,75,0,2020,24122.0,510.0,0.042099,0.923931,ZAF,FJI,0
2908762,246,75,0,2008,59008.0,83993.0,0.22551500000000002,1.185506,ZAF,FJI,0
2908763,246,75,0,2009,5236.0,32055.0,0.316452,1.767795,ZAF,FJI,0
2908764,246,75,0,2010,43304.0,28961.0,0.327326,1.513598,ZAF,FJI,0
2908765,246,75,0,2011,37420.0,10725.0,0.241792,1.353011,ZAF,FJI,0
2908766,246,75,0,2012,47464.0,16088.0,0.284069,1.730991,ZAF,FJI,0
2908767,246,75,0,2017,61788.0,543.0,0.2066,1.378591,ZAF,FJI,0
2908768,246,75,0,2018,275154.0,495.0,0.158722,1.394829,ZAF,FJI,0
2908769,246,75,0,2019,332003.0,10081.0,0.129921,1.101027,ZAF,FJI,0
2908770,246,75,0,2014,54754.0,5514.0,0.282927,1.723214,ZAF,FJI,0
2908771,246,75,0,2015,51022.0,502.0,0.24944699999999997,1.7573159999999999,ZAF,FJI,0
2908772,246,75,0,2013,53533.0,4179.0,0.380284,1.5682120000000002,ZAF,FJI,0
2908773,246,75,0,2016,94166.0,4094.0,0.187396,1.46169,ZAF,FJI,0
2908774,246,75,0,2006,170323.0,0.0,0.37964499999999995,1.466326,ZAF,FJI,0
2908775,246,75,0,2007,74462.0,132915.0,0.349792,1.246052,ZAF,FJI,0
2908776,246,75,0,2001,17287.0,0.0,0.356842,2.006155,ZAF,FJI,0
2908777,246,75,0,1998,53995.0,0.0,0.573958,1.3813739999999999,ZAF,FJI,0
2908778,246,75,0,1999,25825.0,0.0,0.543171,1.432792,ZAF,FJI,0
2908779,246,75,0,2000,24153.0,0.0,0.5307529999999999,2.1141810000000003,ZAF,FJI,0
2908780,249,75,0,2000,11273779.0,7309.0,1.44705,1.475122,TWN,FJI,0
2908781,249,75,0,2001,7480638.0,0.0,1.5731700000000002,1.353159,TWN,FJI,0
2908782,249,75,0,2002,4188536.0,36586.0,1.683858,1.333601,TWN,FJI,0
2908783,249,75,0,2003,3922073.0,10613.0,1.5924040000000002,1.397843,TWN,FJI,0
2908784,249,75,0,2004,2786906.0,13595.0,1.626307,1.358315,TWN,FJI,0
2908785,249,75,0,2005,2038117.0,87714.0,1.577067,1.3218450000000002,TWN,FJI,0
2908786,249,75,0,2006,1739905.0,13532.0,1.619915,1.2289940000000001,TWN,FJI,0
2908787,249,75,0,2007,2610703.0,6401.0,1.651607,0.974649,TWN,FJI,0
2908788,249,75,0,2008,2966261.0,20673.0,1.611693,0.93875,TWN,FJI,0
2908789,249,75,0,2009,2758189.0,23278.0,1.5763120000000002,0.9567950000000001,TWN,FJI,0
2908790,249,75,0,2010,3042427.0,2706.0,1.766729,0.909335,TWN,FJI,0
2908791,249,75,0,2011,4729167.0,4544.0,1.803234,0.921233,TWN,FJI,0
2908792,249,75,0,2012,3838810.0,0.0,1.6528,0.9437409999999999,TWN,FJI,0
2908793,249,75,0,2013,4820284.0,6550.0,1.843186,0.9432379999999999,TWN,FJI,0
2908794,249,75,0,2014,6577497.0,1309.0,1.9044189999999999,1.0595139999999998,TWN,FJI,0
2908795,249,75,0,2015,5329256.0,589.0,1.962832,1.214982,TWN,FJI,0
2908796,249,75,0,2016,4644009.0,0.0,2.002996,1.39485,TWN,FJI,0
2908797,249,75,0,2017,4138209.0,0.0,2.0548290000000002,1.2552969999999999,TWN,FJI,0
2908798,249,75,0,2018,4352086.0,0.0,2.0462540000000002,1.166636,TWN,FJI,0
2908799,249,75,0,2019,3239296.0,2146.0,2.123296,1.1786969999999999,TWN,FJI,0
2908800,249,75,0,2020,1983528.0,15098.0,2.0517060000000003,1.205431,TWN,FJI,0
2908801,249,75,0,1997,10614845.0,0.0,1.317672,1.800561,TWN,FJI,0
2908802,249,75,0,1998,10926358.0,0.0,1.224725,1.890322,TWN,FJI,0
2908803,249,75,0,1999,10356377.0,3854.0,1.336816,1.725334,TWN,FJI,0
2908804,250,75,0,2009,30728.0,9905.0,0.582246,-0.10603,ANS,FJI,0
2908805,250,75,0,2010,0.0,50537.0,0.45129600000000003,-0.223517,ANS,FJI,0
2908806,250,75,0,2011,0.0,2377.0,0.475638,-0.160135,ANS,FJI,0
2908807,250,75,0,2012,2026.0,55836.0,0.385997,-0.057784,ANS,FJI,0
2908808,250,75,0,2013,43139.0,52770.0,0.628555,0.277602,ANS,FJI,0
2908809,250,75,0,2014,0.0,845892.0,0.506842,0.049545,ANS,FJI,0
2908810,250,75,0,2015,85658.0,38264.0,0.377283,-0.092204,ANS,FJI,0
2908811,250,75,0,2016,10396.0,15988.0,0.773312,-0.015385,ANS,FJI,0
2908812,250,75,0,2017,5590006.0,15126.0,0.72523,-0.205046,ANS,FJI,0
2908813,250,75,0,2018,6166.0,51398.0,0.809991,-0.368737,ANS,FJI,0
2908814,250,75,0,2019,1256.0,31661.0,0.8996129999999999,-0.152746,ANS,FJI,0
2908815,250,75,0,2020,4965.0,32104.0,0.866041,-0.371104,ANS,FJI,0
2908816,250,75,0,2008,0.0,17789.0,0.547909,-0.5303640000000001,ANS,FJI,0
2908817,250,75,0,2007,48411.0,15148.0,0.671936,-0.284418,ANS,FJI,0
2908818,250,75,0,2000,0.0,1977947.0,1.195891,-0.22544,ANS,FJI,0
2908819,250,75,0,2003,30120.0,1688939.0,0.45951499999999995,-0.2312,ANS,FJI,0
2908820,250,75,0,2005,0.0,50971.0,0.63454,-0.41119799999999995,ANS,FJI,0
2908821,250,75,0,2006,0.0,77745.0,0.711619,-0.41880200000000006,ANS,FJI,0
2908822,250,75,0,2002,23696.0,1356385.0,0.734927,-0.40114099999999997,ANS,FJI,0
2908823,250,75,0,2004,24763.0,1774247.0,0.509382,-0.30904299999999996,ANS,FJI,0
2908824,5,175,0,2015,2789.0,0.0,0.850153,0.383793,AND,PLW,0
2908825,7,175,0,2018,21115.0,0.0,0.11804400000000001,-0.326851,ARE,PLW,0
2908826,14,175,0,2005,23712.0,0.0,0.18443099999999998,0.489043,AUS,PLW,0
2908827,14,175,0,2001,6111.0,0.0,0.29463,0.772375,AUS,PLW,0
2908828,14,175,0,2004,17968.0,0.0,0.196641,0.8139460000000001,AUS,PLW,0
2908829,14,175,0,1995,19825.0,0.0,0.44442,0.789292,AUS,PLW,0
2908830,14,175,0,1996,789344.0,0.0,0.369697,0.78069,AUS,PLW,0
2908831,14,175,0,1997,9507.0,0.0,0.428555,0.798283,AUS,PLW,0
2908832,14,175,0,1998,39970.0,0.0,0.375317,0.8864629999999999,AUS,PLW,0
2908833,14,175,0,2003,6673.0,0.0,0.316879,0.9409489999999999,AUS,PLW,0
2908834,14,175,0,2006,3687.0,0.0,0.067166,0.373148,AUS,PLW,0
2908835,14,175,0,2007,9212.0,0.0,0.137686,0.451592,AUS,PLW,0
2908836,14,175,0,2008,14356.0,0.0,-0.171801,-0.012588,AUS,PLW,0
2908837,14,175,0,2009,675.0,0.0,-0.109286,0.13586900000000002,AUS,PLW,0
2908838,14,175,0,2010,32345.0,0.0,-0.276442,0.062023,AUS,PLW,0
2908839,14,175,0,2011,996.0,0.0,-0.138148,0.002999,AUS,PLW,0
2908840,14,175,0,2012,17486.0,0.0,-0.352742,-0.145405,AUS,PLW,0
2908841,14,175,0,2013,13703.0,0.0,-0.31145700000000004,-0.167628,AUS,PLW,0
2908842,14,175,0,2014,12230.0,0.0,-0.398273,-0.17128,AUS,PLW,0
2908843,14,175,0,2015,34546.0,0.0,-0.292325,-0.043489,AUS,PLW,0
2908844,14,175,0,2016,202803.0,0.0,-0.25955300000000003,0.0011070000000000001,AUS,PLW,0
2908845,14,175,0,2017,11625.0,50914.0,-0.42427200000000004,-0.152921,AUS,PLW,0
2908846,14,175,0,2018,3118.0,0.0,-0.29687199999999997,-0.123116,AUS,PLW,0
2908847,14,175,0,2019,7311.0,0.0,-0.294558,-0.180198,AUS,PLW,0
2908848,14,175,0,2020,5030.0,0.0,-0.32910500000000004,-0.232963,AUS,PLW,0
2908849,14,175,0,1999,28220.0,0.0,0.357101,0.8857879999999999,AUS,PLW,0
2908850,14,175,0,2002,81447.0,0.0,0.231386,0.771628,AUS,PLW,0
2908851,14,175,0,2000,279615.0,0.0,0.279804,0.9355540000000001,AUS,PLW,0
2908852,18,175,0,2013,2420.0,0.0,1.316207,0.972601,BEL,PLW,0
2908853,18,175,0,2015,15722.0,0.0,1.329866,1.100641,BEL,PLW,0
2908854,32,175,0,2014,28877.0,0.0,0.218223,0.556921,BRA,PLW,0
2908855,32,175,0,2016,10587.0,0.0,0.245919,0.661809,BRA,PLW,0
2908856,32,175,0,2018,7503.0,0.0,0.143397,0.582092,BRA,PLW,0
2908857,39,175,0,2007,2405.0,0.0,0.77681,1.20517,CAN,PLW,0
2908858,39,175,0,2014,3289.0,0.0,0.671395,1.024683,CAN,PLW,0
2908859,39,175,0,2016,12418.0,0.0,0.6579050000000001,1.12259,CAN,PLW,0
2908860,41,175,0,2010,44084.0,0.0,2.1492080000000002,0.556424,CHE,PLW,0
2908861,41,175,0,2011,36462.0,0.0,2.2644029999999997,0.406131,CHE,PLW,0
2908862,41,175,0,2012,93855.0,0.0,2.060769,0.562718,CHE,PLW,0
2908863,41,175,0,2013,1593.0,0.0,2.2104470000000003,0.5403479999999999,CHE,PLW,0
2908864,41,175,0,2015,16450.0,0.0,2.306075,0.720781,CHE,PLW,0
2908865,41,175,0,2016,5916.0,0.0,2.3488689999999997,0.806291,CHE,PLW,0
2908866,41,175,0,2017,5675.0,0.0,2.2557810000000003,0.845459,CHE,PLW,0
2908867,43,175,0,1995,94012.0,0.0,0.387897,3.2147919999999996,CHN,PLW,0
2908868,43,175,0,1996,15019.0,0.0,0.404422,3.061344,CHN,PLW,0
2908869,43,175,0,1997,82137.0,0.0,0.36051300000000003,3.287322,CHN,PLW,0
2908870,43,175,0,1998,58378.0,0.0,0.3658,3.231258,CHN,PLW,0
2908871,43,175,0,1999,525636.0,0.0,0.386094,3.270089,CHN,PLW,0
2908872,43,175,0,2000,380828.0,0.0,0.478362,3.156111,CHN,PLW,0
2908873,43,175,0,2001,142565.0,0.0,0.525171,3.092963,CHN,PLW,0
2908874,43,175,0,2002,135395.0,0.0,0.576746,2.7995520000000003,CHN,PLW,0
2908875,43,175,0,2003,23757.0,0.0,0.579431,2.773139,CHN,PLW,0
2908876,43,175,0,2004,29778.0,0.0,0.581548,2.8689880000000003,CHN,PLW,0
2908877,43,175,0,2005,83416.0,0.0,0.608256,2.8242220000000002,CHN,PLW,0
2908878,43,175,0,2007,94996.0,0.0,0.801547,2.321052,CHN,PLW,0
2908879,43,175,0,2008,235970.0,0.0,0.929285,1.8917259999999998,CHN,PLW,0
2908880,43,175,0,2009,210592.0,0.0,0.898623,2.08703,CHN,PLW,0
2908881,43,175,0,2010,598681.0,0.0,0.922493,2.0176,CHN,PLW,0
2908882,43,175,0,2011,222280.0,0.0,1.072299,1.686826,CHN,PLW,0
2908883,43,175,0,2012,246541.0,0.0,1.095682,1.354837,CHN,PLW,0
2908884,43,175,0,2013,441282.0,0.0,1.113767,1.477496,CHN,PLW,0
2908885,43,175,0,2014,941180.0,0.0,1.187557,1.222085,CHN,PLW,0
2908886,43,175,0,2015,1841491.0,0.0,1.077143,1.735757,CHN,PLW,0
2908887,43,175,0,2016,1865270.0,0.0,1.1073620000000002,1.723098,CHN,PLW,0
2908888,43,175,0,2017,1083618.0,0.0,1.1127790000000002,1.56869,CHN,PLW,0
2908889,43,175,0,2018,825631.0,0.0,1.200689,1.2822,CHN,PLW,0
2908890,43,175,0,2019,2046881.0,0.0,1.196265,1.2258870000000002,CHN,PLW,0
2908891,43,175,0,2020,3769418.0,0.0,1.187837,1.2237770000000001,CHN,PLW,0
2908892,43,175,0,2006,69756.0,0.0,0.737888,2.54966,CHN,PLW,0
2908893,44,175,0,2015,28643.0,0.0,-0.856142,-0.905292,CIV,PLW,0
2908894,61,175,0,2000,78636.0,0.0,2.316177,-2.4478419999999996,DEU,PLW,0
2908895,61,175,0,2003,3012.0,0.0,2.2821919999999998,-2.0985150000000004,DEU,PLW,0
2908896,61,175,0,2006,25107.0,0.0,2.132566,-2.773669,DEU,PLW,0
2908897,61,175,0,2007,12670.0,0.0,2.114566,-2.934732,DEU,PLW,0
2908898,61,175,0,2008,11313.0,0.0,2.007167,-3.256961,DEU,PLW,0
2908899,61,175,0,2009,6593.0,0.0,2.056515,-3.034837,DEU,PLW,0
2908900,61,175,0,2011,2919.0,0.0,2.074435,-3.440815,DEU,PLW,0
2908901,61,175,0,2018,2628.0,0.0,2.109059,-2.428826,DEU,PLW,0
2908902,73,175,0,2010,3600.0,0.0,-1.122906,-0.840777,ETH,PLW,0
2908903,77,175,0,2018,2028.0,0.0,1.420819,0.7793770000000001,FRA,PLW,0
2908904,79,175,0,2018,4241.0,0.0,-0.969202,-0.974952,FSM,PLW,0
2908905,79,175,0,2004,0.0,6122.0,-1.647605,-1.093832,FSM,PLW,0
2908906,79,175,0,2005,0.0,3798.0,-1.386996,-0.9737610000000001,FSM,PLW,0
2908907,79,175,0,2006,0.0,1348.0,-0.883972,-0.8817209999999999,FSM,PLW,0
2908908,79,175,0,2009,1337.0,3793.0,-1.011055,-0.983978,FSM,PLW,0
2908909,79,175,0,2014,4155.0,0.0,-0.32643099999999997,-0.8248049999999999,FSM,PLW,0
2908910,81,175,0,1995,4577.0,0.0,1.8656979999999999,1.107121,GBR,PLW,0
2908911,81,175,0,2010,1206.0,0.0,1.828224,0.386383,GBR,PLW,0
2908912,81,175,0,2011,2227.0,0.0,1.8048220000000001,0.380141,GBR,PLW,0
2908913,81,175,0,2012,3659.0,0.0,1.701279,0.518166,GBR,PLW,0
2908914,81,175,0,2015,7465.0,0.0,1.7422990000000003,0.75838,GBR,PLW,0
2908915,81,175,0,2016,1234.0,0.0,1.6974669999999998,0.9231299999999999,GBR,PLW,0
2908916,81,175,0,2017,3345.0,0.0,1.6883119999999998,0.8347469999999999,GBR,PLW,0
2908917,81,175,0,2018,4341.0,0.0,1.693008,0.768159,GBR,PLW,0
2908918,83,175,0,1996,0.0,9790.0,-1.035244,-0.9834129999999999,GHA,PLW,0
2908919,87,175,0,2008,4778.0,0.0,-0.39378,-0.509879,GMB,PLW,0
2908920,90,175,0,2018,151304.0,0.0,0.059539999999999996,1.0321879999999999,GRC,PLW,0
2908921,90,175,0,2017,6801.0,0.0,0.154098,1.151038,GRC,PLW,0
2908922,90,175,0,2016,4529.0,0.0,0.12153499999999999,1.126101,GRC,PLW,0
2908923,90,175,0,2015,7116.0,0.0,0.099027,1.012289,GRC,PLW,0
2908924,95,175,0,2012,239868.0,1963.0,0.392913,-0.070977,GUM,PLW,0
2908925,95,175,0,2017,146530.0,29784.0,0.638232,0.033204000000000004,GUM,PLW,0
2908926,95,175,0,2018,96141.0,0.0,0.560314,-0.11880299999999999,GUM,PLW,0
2908927,95,175,0,2016,153938.0,0.0,0.659809,-0.066939,GUM,PLW,0
2908928,95,175,0,2007,98302.0,0.0,0.571674,-0.282353,GUM,PLW,0
2908929,95,175,0,2008,416343.0,0.0,0.33915,-0.240079,GUM,PLW,0
2908930,95,175,0,2009,99418.0,0.0,0.518098,-0.124172,GUM,PLW,0
2908931,95,175,0,2010,116983.0,0.0,0.726384,0.182999,GUM,PLW,0
2908932,95,175,0,2011,119410.0,0.0,0.675826,0.157468,GUM,PLW,0
2908933,95,175,0,2013,216085.0,0.0,0.483541,0.281968,GUM,PLW,0
2908934,95,175,0,2014,123487.0,0.0,0.6368119999999999,-0.01771,GUM,PLW,0
2908935,95,175,0,2015,127857.0,62135.0,0.658226,0.030897000000000004,GUM,PLW,0
2908936,97,175,0,2007,154064.0,0.0,0.639034,2.1086009999999997,HKG,PLW,0
2908937,97,175,0,2008,94615.0,0.0,0.74435,2.149616,HKG,PLW,0
2908938,97,175,0,2009,85638.0,0.0,0.654964,1.98672,HKG,PLW,0
2908939,97,175,0,2010,87963.0,0.0,0.715745,1.9780259999999998,HKG,PLW,0
2908940,97,175,0,2011,118261.0,0.0,0.663588,1.902118,HKG,PLW,0
2908941,97,175,0,2012,89610.0,0.0,0.8124979999999999,1.677497,HKG,PLW,0
2908942,97,175,0,2013,134487.0,0.0,0.744383,1.923139,HKG,PLW,0
2908943,97,175,0,2014,230674.0,0.0,0.812132,1.722493,HKG,PLW,0
2908944,97,175,0,2015,185984.0,0.0,0.8255290000000001,1.8017279999999998,HKG,PLW,0
2908945,97,175,0,2016,348384.0,0.0,0.8029029999999999,1.477249,HKG,PLW,0
2908946,97,175,0,2017,182603.0,0.0,0.824982,1.7162220000000001,HKG,PLW,0
2908947,97,175,0,2018,411989.0,0.0,0.843677,1.656073,HKG,PLW,0
2908948,103,175,0,1999,18698.0,0.0,-0.20447,1.568505,IDN,PLW,0
2908949,103,175,0,2004,15717.0,0.0,-0.223644,1.719065,IDN,PLW,0
2908950,103,175,0,2005,175405.0,0.0,-0.273208,1.5252379999999999,IDN,PLW,0
2908951,103,175,0,2010,91731.0,0.0,-0.30878099999999997,1.07069,IDN,PLW,0
2908952,103,175,0,2011,54259.0,0.0,-0.234125,1.168384,IDN,PLW,0
2908953,103,175,0,2012,13738.0,0.0,-0.142318,1.281781,IDN,PLW,0
2908954,103,175,0,2013,25779.0,0.0,-0.216854,1.415728,IDN,PLW,0
2908955,103,175,0,2014,45557.0,0.0,-0.088032,1.3966459999999998,IDN,PLW,0
2908956,103,175,0,2015,176416.0,0.0,-0.145103,1.277362,IDN,PLW,0
2908957,103,175,0,2016,136380.0,0.0,-0.158496,1.492067,IDN,PLW,0
2908958,103,175,0,2017,83308.0,0.0,-0.23641700000000002,1.188173,IDN,PLW,0
2908959,103,175,0,2018,18616.0,0.0,-0.10130499999999999,1.2414209999999999,IDN,PLW,0
2908960,103,175,0,2019,27249.0,0.0,-0.141811,1.385726,IDN,PLW,0
2908961,103,175,0,2020,35311.0,0.0,-0.16761700000000002,1.571009,IDN,PLW,0
2908962,104,175,0,2007,75402.0,0.0,0.279475,2.7514939999999997,IND,PLW,0
2908963,104,175,0,2020,15378.0,0.0,0.464674,2.838779,IND,PLW,0
2908964,111,175,0,2014,104103.0,0.0,1.340136,0.43931099999999995,ITA,PLW,0
2908965,111,175,0,2016,41550.0,0.0,1.339307,0.8549209999999999,ITA,PLW,0
2908966,111,175,0,2017,2550.0,0.0,1.34395,0.577693,ITA,PLW,0
2908967,111,175,0,2018,45880.0,0.0,1.3602530000000002,0.453607,ITA,PLW,0
2908968,114,175,0,2005,41147.0,3544.0,2.392106,0.278652,JPN,PLW,0
2908969,114,175,0,2009,90376.0,0.0,2.306791,-0.251712,JPN,PLW,0
2908970,114,175,0,2010,82711.0,0.0,2.459723,-0.279387,JPN,PLW,0
2908971,114,175,0,2011,135203.0,0.0,2.516395,-0.534301,JPN,PLW,0
2908972,114,175,0,2012,149197.0,20228.0,2.359022,-0.553565,JPN,PLW,0
2908973,114,175,0,2014,283762.0,1813.0,2.403165,-0.635024,JPN,PLW,0
2908974,114,175,0,2017,394017.0,0.0,2.4510419999999997,-0.277357,JPN,PLW,0
2908975,114,175,0,2018,306832.0,0.0,2.514533,-0.416074,JPN,PLW,0
2908976,114,175,0,2020,294999.0,0.0,2.405659,-0.38169000000000003,JPN,PLW,0
2908977,114,175,0,2015,436669.0,0.0,2.516133,-0.484202,JPN,PLW,0
2908978,114,175,0,2016,371013.0,4080.0,2.574025,-0.34859,JPN,PLW,0
2908979,114,175,0,2019,408481.0,20217.0,2.4931509999999997,-0.558811,JPN,PLW,0
2908980,114,175,0,2000,300883.0,0.0,2.579611,0.464875,JPN,PLW,0
2908981,114,175,0,2001,62939.0,0.0,2.585857,0.522663,JPN,PLW,0
2908982,114,175,0,2002,37579.0,2093.0,2.556057,0.497673,JPN,PLW,0
2908983,114,175,0,2003,38376.0,0.0,2.4686630000000003,0.48072600000000004,JPN,PLW,0
2908984,114,175,0,2004,57436.0,0.0,2.526624,0.452054,JPN,PLW,0
2908985,114,175,0,2006,147608.0,0.0,2.4348099999999997,0.082887,JPN,PLW,0
2908986,114,175,0,2007,127576.0,0.0,2.313259,0.186703,JPN,PLW,0
2908987,114,175,0,2008,69521.0,0.0,2.285056,0.036255,JPN,PLW,0
2908988,114,175,0,1995,80430.0,0.0,2.56822,0.927307,JPN,PLW,0
2908989,114,175,0,1996,135833.0,0.0,2.615364,0.5656939999999999,JPN,PLW,0
2908990,114,175,0,1997,103442.0,0.0,2.631846,0.553144,JPN,PLW,0
2908991,114,175,0,1998,145614.0,0.0,2.550442,0.718063,JPN,PLW,0
2908992,114,175,0,1999,450455.0,0.0,2.541382,0.693702,JPN,PLW,0
2908993,114,175,0,2013,191156.0,0.0,2.3993130000000003,-0.564768,JPN,PLW,0
2908994,121,175,0,1995,35967.0,0.0,0.845175,1.2761799999999999,KOR,PLW,0
2908995,121,175,0,1996,70352.0,0.0,0.8946940000000001,1.240424,KOR,PLW,0
2908996,121,175,0,1998,222125.0,0.0,0.999518,1.106351,KOR,PLW,0
2908997,121,175,0,1999,90177.0,0.0,0.92448,1.053988,KOR,PLW,0
2908998,121,175,0,2000,84782.0,0.0,1.0696700000000001,1.0182209999999998,KOR,PLW,0
2908999,121,175,0,2002,178195.0,0.0,1.186816,1.075947,KOR,PLW,0
2909000,121,175,0,2004,107575.0,0.0,1.3624690000000002,0.928342,KOR,PLW,0
2909001,121,175,0,2005,1610.0,0.0,1.4051850000000001,0.815171,KOR,PLW,0
2909002,121,175,0,2006,51885.0,0.0,1.5384309999999999,0.766628,KOR,PLW,0
2909003,121,175,0,2007,18143.0,0.0,1.497359,0.726637,KOR,PLW,0
2909004,121,175,0,2008,12473.0,0.0,1.491687,0.814692,KOR,PLW,0
2909005,121,175,0,2009,96824.0,0.0,1.509336,0.784515,KOR,PLW,0
2909006,121,175,0,2010,79126.0,0.0,1.7118849999999999,0.762362,KOR,PLW,0
2909007,121,175,0,2011,86166.0,0.0,1.731371,0.8306879999999999,KOR,PLW,0
2909008,121,175,0,2012,52562.0,0.0,1.632917,0.877742,KOR,PLW,0
2909009,121,175,0,2013,87332.0,1767.0,1.818383,0.75645,KOR,PLW,0
2909010,121,175,0,2020,174526.0,0.0,1.9703950000000001,0.800826,KOR,PLW,0
2909011,121,175,0,2014,170086.0,0.0,1.817145,0.8394530000000001,KOR,PLW,0
2909012,121,175,0,2015,124944.0,0.0,1.900653,0.859406,KOR,PLW,0
2909013,121,175,0,2016,35067.0,0.0,2.086184,0.724318,KOR,PLW,0
2909014,121,175,0,2017,6601.0,1791.0,2.011263,0.783215,KOR,PLW,0
2909015,121,175,0,2018,92508.0,0.0,2.093866,0.764303,KOR,PLW,0
2909016,121,175,0,2019,683094.0,0.0,2.115482,0.696838,KOR,PLW,0
2909017,123,175,0,2007,8288.0,0.0,-1.045213,-1.01482,LAO,PLW,0
2909018,133,175,0,2020,106080.0,0.0,0.464354,0.020065,MAC,PLW,0
2909019,143,175,0,2015,386920.0,0.0,-1.4596120000000001,-0.903904,MMR,PLW,0
2909020,146,175,0,2007,108865.0,0.0,-0.171068,-0.7035520000000001,MNP,PLW,0
2909021,146,175,0,2008,116785.0,0.0,-0.093684,-0.555717,MNP,PLW,0
2909022,146,175,0,2010,45428.0,0.0,0.27201,-0.285427,MNP,PLW,0
2909023,146,175,0,2009,31545.0,0.0,0.500134,-0.0069489999999999994,MNP,PLW,0
2909024,146,175,0,2011,26469.0,0.0,0.31311300000000003,-0.30891799999999997,MNP,PLW,0
2909025,146,175,0,2012,5815.0,0.0,0.6209600000000001,-0.14613800000000002,MNP,PLW,0
2909026,146,175,0,2013,19721.0,0.0,0.596753,-0.118522,MNP,PLW,0
2909027,146,175,0,2014,7046.0,0.0,1.1877790000000001,-0.300664,MNP,PLW,0
2909028,146,175,0,2015,7440.0,0.0,0.690384,-0.5730529999999999,MNP,PLW,0
2909029,153,175,0,1999,13751.0,0.0,0.500591,0.136149,MYS,PLW,0
2909030,153,175,0,2004,9244.0,0.0,0.6710050000000001,0.17807,MYS,PLW,0
2909031,153,175,0,2005,5588.0,0.0,0.5847439999999999,0.13176300000000002,MYS,PLW,0
2909032,153,175,0,2008,76131.0,0.0,0.793395,0.6141939999999999,MYS,PLW,0
2909033,153,175,0,2009,36356.0,0.0,0.8718229999999999,0.607429,MYS,PLW,0
2909034,153,175,0,2010,73616.0,0.0,0.9530780000000001,0.607456,MYS,PLW,0
2909035,153,175,0,2011,41854.0,0.0,0.9893290000000001,0.632079,MYS,PLW,0
2909036,153,175,0,2012,77570.0,0.0,0.945643,0.7526510000000001,MYS,PLW,0
2909037,153,175,0,2013,71486.0,0.0,0.937641,0.747496,MYS,PLW,0
2909038,153,175,0,2014,123928.0,0.0,1.018138,0.774649,MYS,PLW,0
2909039,153,175,0,2015,55705.0,0.0,1.082803,0.811615,MYS,PLW,0
2909040,153,175,0,2016,50459.0,0.0,1.106894,0.7452840000000001,MYS,PLW,0
2909041,153,175,0,2018,43659.0,0.0,1.122976,0.734109,MYS,PLW,0
2909042,153,175,0,2019,65511.0,0.0,1.192967,0.730971,MYS,PLW,0
2909043,153,175,0,2001,3815.0,0.0,0.768174,0.307033,MYS,PLW,0
2909044,153,175,0,2020,78393.0,0.0,1.185223,0.573439,MYS,PLW,0
2909045,162,175,0,2016,12170.0,0.0,1.157361,1.5188540000000001,NLD,PLW,0
2909046,162,175,0,2017,5443.0,0.0,1.146959,1.470869,NLD,PLW,0
2909047,162,175,0,2018,2026.0,0.0,1.1478899999999999,1.454758,NLD,PLW,0
2909048,166,175,0,2001,11904.0,0.0,0.521409,0.683134,NZL,PLW,0
2909049,166,175,0,2003,19646.0,0.0,0.589619,0.997301,NZL,PLW,0
2909050,166,175,0,2004,7446.0,0.0,0.567392,0.965781,NZL,PLW,0
2909051,166,175,0,2007,1730.0,0.0,0.495938,0.845825,NZL,PLW,0
2909052,166,175,0,2008,1069.0,0.0,0.513416,0.753058,NZL,PLW,0
2909053,166,175,0,2011,1051.0,0.0,0.372732,0.548601,NZL,PLW,0
2909054,166,175,0,2012,2431.0,0.0,0.410575,0.714584,NZL,PLW,0
2909055,166,175,0,2013,1573.0,0.0,0.3345,0.39063000000000003,NZL,PLW,0
2909056,166,175,0,2015,16941.0,0.0,0.224598,0.253179,NZL,PLW,0
2909057,166,175,0,2016,9841.0,0.0,0.236556,0.252918,NZL,PLW,0
2909058,166,175,0,2017,8594.0,0.0,0.25651199999999996,0.132996,NZL,PLW,0
2909059,166,175,0,2018,11556.0,0.0,0.21902600000000003,0.148714,NZL,PLW,0
2909060,166,175,0,2019,42644.0,0.0,0.119281,0.039036,NZL,PLW,0
2909061,166,175,0,2020,11071.0,0.0,0.145567,0.070121,NZL,PLW,0
2909062,168,175,0,2006,59769.0,0.0,-0.449333,0.563013,PAK,PLW,0
2909063,168,175,0,2003,120512.0,0.0,-0.6659689999999999,0.137924,PAK,PLW,0
2909064,168,175,0,2004,90922.0,0.0,-0.754143,0.25995100000000004,PAK,PLW,0
2909065,174,175,0,1996,816532.0,1289502.0,-0.276548,0.344986,PHL,PLW,0
2909066,174,175,0,1997,1334739.0,1975870.0,-0.24310900000000002,0.085784,PHL,PLW,0
2909067,174,175,0,1998,656893.0,1258375.0,-0.262725,-0.075781,PHL,PLW,0
2909068,174,175,0,1999,35098.0,0.0,-0.401903,-0.333408,PHL,PLW,0
2909069,174,175,0,2000,29990.0,0.0,-0.279447,-0.329073,PHL,PLW,0
2909070,174,175,0,2001,152553.0,0.0,-0.028201,-0.112349,PHL,PLW,0
2909071,174,175,0,2002,282382.0,0.0,0.055439999999999996,-0.179809,PHL,PLW,0
2909072,174,175,0,2003,141287.0,0.0,-0.065022,-0.195144,PHL,PLW,0
2909073,174,175,0,2004,72710.0,0.0,-0.076709,-0.149006,PHL,PLW,0
2909074,174,175,0,2005,263642.0,0.0,-0.038225999999999996,-0.057957,PHL,PLW,0
2909075,174,175,0,2006,436921.0,1951.0,0.161994,0.036631,PHL,PLW,0
2909076,174,175,0,2007,526633.0,0.0,0.032117,-0.16600499999999999,PHL,PLW,0
2909077,174,175,0,2009,128268.0,6233.0,0.34318000000000004,0.095375,PHL,PLW,0
2909078,174,175,0,2010,177998.0,0.0,0.40418899999999996,0.102497,PHL,PLW,0
2909079,174,175,0,2011,234347.0,0.0,0.364707,0.322626,PHL,PLW,0
2909080,174,175,0,2014,337147.0,0.0,0.637442,0.475883,PHL,PLW,0
2909081,174,175,0,2017,208810.0,0.0,0.657759,0.170061,PHL,PLW,0
2909082,174,175,0,2008,297387.0,0.0,0.276488,-0.02957,PHL,PLW,0
2909083,174,175,0,2012,175870.0,0.0,0.388785,0.465275,PHL,PLW,0
2909084,174,175,0,2013,145725.0,0.0,0.507868,0.355403,PHL,PLW,0
2909085,174,175,0,2015,250891.0,0.0,0.6406270000000001,0.45770200000000005,PHL,PLW,0
2909086,174,175,0,2016,163006.0,0.0,0.619343,0.303981,PHL,PLW,0
2909087,174,175,0,2018,241201.0,0.0,0.781409,0.22126700000000002,PHL,PLW,0
2909088,174,175,0,2019,468259.0,0.0,0.762884,0.3318,PHL,PLW,0
2909089,174,175,0,2020,124298.0,0.0,0.755786,0.24693,PHL,PLW,0
2909090,179,175,0,1995,103051.0,0.0,0.412677,1.254009,PRT,PLW,0
2909091,179,175,0,1999,434377.0,0.0,0.420538,1.379359,PRT,PLW,0
2909092,179,175,0,1997,113526.0,0.0,0.379367,1.296551,PRT,PLW,0
2909093,190,175,0,2009,276897.0,7449.0,-2.2948020000000002,-1.3182040000000002,SDN,PLW,0
2909094,192,175,0,2001,1124.0,0.0,1.364239,0.721074,SGP,PLW,0
2909095,192,175,0,2002,3600.0,0.0,1.481857,0.648889,SGP,PLW,0
2909096,192,175,0,2011,26406.0,0.0,1.849116,0.52127,SGP,PLW,0
2909097,192,175,0,2013,26894.0,0.0,1.915504,0.619576,SGP,PLW,0
2909098,192,175,0,2015,31208.0,0.0,2.05613,0.593065,SGP,PLW,0
2909099,192,175,0,2016,19901.0,0.0,2.089995,0.564921,SGP,PLW,0
2909100,192,175,0,2014,58022.0,0.0,1.867492,0.626736,SGP,PLW,0
2909101,192,175,0,2018,30912.0,0.0,1.914132,0.652011,SGP,PLW,0
2909102,192,175,0,2017,15291.0,0.0,1.884166,0.37903600000000004,SGP,PLW,0
2909103,192,175,0,2000,1977.0,0.0,1.3392389999999998,0.6035010000000001,SGP,PLW,0
2909104,192,175,0,2012,10605.0,0.0,1.685959,0.5900989999999999,SGP,PLW,0
2909105,192,175,0,2020,5927.0,0.0,1.948379,0.610574,SGP,PLW,0
2909106,192,175,0,2007,24096.0,0.0,1.608299,0.545791,SGP,PLW,0
2909107,192,175,0,2008,26510.0,0.0,1.844543,0.5947020000000001,SGP,PLW,0
2909108,192,175,0,2009,13268.0,0.0,1.9503540000000001,0.498033,SGP,PLW,0
2909109,192,175,0,2010,9189.0,0.0,1.8441349999999999,0.570311,SGP,PLW,0
2909110,192,175,0,2019,5126.0,0.0,2.0264599999999997,0.665506,SGP,PLW,0
2909111,206,175,0,2013,0.0,45224.0,1.32064,0.7519819999999999,SVK,PLW,0
2909112,208,175,0,2017,267637.0,0.0,1.764732,0.732646,SWE,PLW,0
2909113,216,175,0,1995,1460113.0,4315.0,0.174522,1.608058,THA,PLW,0
2909114,216,175,0,1996,848531.0,0.0,0.10120599999999999,1.351967,THA,PLW,0
2909115,216,175,0,1997,839950.0,0.0,0.084875,1.41931,THA,PLW,0
2909116,216,175,0,1998,548868.0,0.0,0.128633,1.484142,THA,PLW,0
2909117,216,175,0,1999,79799.0,0.0,0.20451,1.513533,THA,PLW,0
2909118,216,175,0,2002,6615.0,0.0,0.432041,1.627953,THA,PLW,0
2909119,216,175,0,2003,19073.0,0.0,0.43010699999999996,1.607408,THA,PLW,0
2909120,216,175,0,2004,4793.0,0.0,0.5150359999999999,1.583019,THA,PLW,0
2909121,216,175,0,2005,10008.0,0.0,0.552846,1.664665,THA,PLW,0
2909122,216,175,0,2006,17792.0,0.0,0.568209,1.685343,THA,PLW,0
2909123,216,175,0,2007,143713.0,0.0,0.711328,1.411114,THA,PLW,0
2909124,216,175,0,2008,26280.0,0.0,0.7531399999999999,1.4420620000000002,THA,PLW,0
2909125,216,175,0,2010,4628.0,0.0,0.748328,1.425224,THA,PLW,0
2909126,216,175,0,2012,54355.0,0.0,0.910957,1.294243,THA,PLW,0
2909127,216,175,0,2013,12153.0,0.0,0.8752139999999999,1.3798620000000001,THA,PLW,0
2909128,216,175,0,2014,8869.0,0.0,0.977094,1.41283,THA,PLW,0
2909129,216,175,0,2015,28392.0,0.0,0.965888,1.368572,THA,PLW,0
2909130,216,175,0,2016,2198.0,0.0,1.022065,1.428082,THA,PLW,0
2909131,216,175,0,2018,2405.0,0.0,1.053177,1.4084969999999999,THA,PLW,0
2909132,216,175,0,2020,58680.0,0.0,1.035524,1.2777180000000001,THA,PLW,0
2909133,224,175,0,2013,314504.0,0.0,0.42932299999999995,2.690235,TUR,PLW,0
2909134,224,175,0,2017,8077.0,0.0,0.541611,2.405872,TUR,PLW,0
2909135,224,175,0,2018,2375.0,0.0,0.518721,2.5581419999999997,TUR,PLW,0
2909136,224,175,0,2006,9856.0,0.0,0.33971599999999996,2.193384,TUR,PLW,0
2909137,231,175,0,1995,57070.0,5074399.0,1.771648,1.184,USA,PLW,0
2909138,231,175,0,1996,227142.0,7818295.0,1.7110560000000001,1.125141,USA,PLW,0
2909139,231,175,0,1997,700965.0,10973435.0,1.823511,0.888084,USA,PLW,0
2909140,231,175,0,1998,928095.0,11423506.0,1.8223639999999999,0.761336,USA,PLW,0
2909141,231,175,0,1999,667750.0,12948231.0,1.8755119999999998,0.5350729999999999,USA,PLW,0
2909142,231,175,0,2000,505122.0,11226751.0,1.8549650000000002,0.226992,USA,PLW,0
2909143,231,175,0,2001,260463.0,11552731.0,1.873674,0.168468,USA,PLW,0
2909144,231,175,0,2002,426673.0,12841483.0,1.821594,0.231296,USA,PLW,0
2909145,231,175,0,2003,585958.0,1216781.0,1.7789220000000001,0.064028,USA,PLW,0
2909146,231,175,0,2004,483417.0,17720.0,1.7598630000000002,0.066704,USA,PLW,0
2909147,231,175,0,2005,210830.0,0.0,1.718086,-0.34564,USA,PLW,0
2909148,231,175,0,2006,32218.0,0.0,1.666643,-0.121679,USA,PLW,0
2909149,231,175,0,2007,697657.0,6536.0,1.612165,0.0922,USA,PLW,0
2909150,231,175,0,2008,724947.0,2812.0,1.584278,-0.209788,USA,PLW,0
2909151,231,175,0,2009,510303.0,0.0,1.657663,-0.41411400000000004,USA,PLW,0
2909152,231,175,0,2010,629100.0,0.0,1.67573,-0.598165,USA,PLW,0
2909153,231,175,0,2011,795481.0,0.0,1.6884849999999998,-0.474499,USA,PLW,0
2909154,231,175,0,2012,754071.0,2533.0,1.628377,-0.601941,USA,PLW,0
2909155,231,175,0,2013,868758.0,9835.0,1.6639689999999998,-0.48651300000000003,USA,PLW,0
2909156,231,175,0,2014,982134.0,76729.0,1.61227,0.068905,USA,PLW,0
2909157,231,175,0,2015,1140784.0,3929.0,1.720478,-0.129322,USA,PLW,0
2909158,231,175,0,2016,1183835.0,16434.0,1.685329,0.297536,USA,PLW,0
2909159,231,175,0,2017,1334506.0,15074.0,1.601478,0.277271,USA,PLW,0
2909160,231,175,0,2018,1452629.0,21221.0,1.585861,0.44815900000000003,USA,PLW,0
2909161,231,175,0,2019,417812.0,9039.0,1.606808,0.3232,USA,PLW,0
2909162,231,175,0,2020,1186462.0,6154.0,1.588148,0.380904,USA,PLW,0
2909163,239,175,0,2001,124784.0,146266.0,-0.6692130000000001,0.610992,VNM,PLW,0
2909164,239,175,0,2013,8518.0,0.0,-0.11426900000000001,1.399738,VNM,PLW,0
2909165,239,175,0,2015,96602.0,0.0,-0.17108900000000002,1.10995,VNM,PLW,0
2909166,239,175,0,2016,23134.0,0.0,-0.10217899999999999,1.015568,VNM,PLW,0
2909167,239,175,0,2018,19305.0,0.0,0.003069,0.9169729999999999,VNM,PLW,0
2909168,239,175,0,2014,3222.0,0.0,-0.023765,1.344416,VNM,PLW,0
2909169,239,175,0,2017,28898.0,0.0,-0.009819,0.686429,VNM,PLW,0
2909170,249,175,0,2000,2390571.0,0.0,1.44705,1.475122,TWN,PLW,0
2909171,249,175,0,2001,3216156.0,0.0,1.5731700000000002,1.353159,TWN,PLW,0
2909172,249,175,0,2002,1522223.0,0.0,1.683858,1.333601,TWN,PLW,0
2909173,249,175,0,2003,189475.0,0.0,1.5924040000000002,1.397843,TWN,PLW,0
2909174,249,175,0,2004,313686.0,0.0,1.626307,1.358315,TWN,PLW,0
2909175,249,175,0,2005,497157.0,0.0,1.577067,1.3218450000000002,TWN,PLW,0
2909176,249,175,0,2006,540427.0,0.0,1.619915,1.2289940000000001,TWN,PLW,0
2909177,249,175,0,2007,370551.0,0.0,1.651607,0.974649,TWN,PLW,0
2909178,249,175,0,2008,516931.0,0.0,1.611693,0.93875,TWN,PLW,0
2909179,249,175,0,2009,291570.0,0.0,1.5763120000000002,0.9567950000000001,TWN,PLW,0
2909180,249,175,0,2010,1026512.0,0.0,1.766729,0.909335,TWN,PLW,0
2909181,249,175,0,2011,643058.0,0.0,1.803234,0.921233,TWN,PLW,0
2909182,249,175,0,2012,681108.0,0.0,1.6528,0.9437409999999999,TWN,PLW,0
2909183,249,175,0,2013,940453.0,0.0,1.843186,0.9432379999999999,TWN,PLW,0
2909184,249,175,0,2014,582449.0,5966.0,1.9044189999999999,1.0595139999999998,TWN,PLW,0
2909185,249,175,0,2015,762049.0,0.0,1.962832,1.214982,TWN,PLW,0
2909186,249,175,0,2016,546114.0,0.0,2.002996,1.39485,TWN,PLW,0
2909187,249,175,0,2017,534219.0,0.0,2.0548290000000002,1.2552969999999999,TWN,PLW,0
2909188,249,175,0,2018,657053.0,0.0,2.0462540000000002,1.166636,TWN,PLW,0
2909189,249,175,0,2019,614922.0,13099.0,2.123296,1.1786969999999999,TWN,PLW,0
2909190,249,175,0,2020,527238.0,0.0,2.0517060000000003,1.205431,TWN,PLW,0
2909191,250,175,0,2011,907.0,0.0,0.475638,-0.160135,ANS,PLW,0
2909192,250,175,0,2014,0.0,25867.0,0.506842,0.049545,ANS,PLW,0
2909193,250,175,0,2015,0.0,210795.0,0.377283,-0.092204,ANS,PLW,0
2909194,250,175,0,2016,0.0,46953.0,0.773312,-0.015385,ANS,PLW,0
2909195,250,175,0,2017,0.0,37253.0,0.72523,-0.205046,ANS,PLW,0
2909196,250,175,0,2018,0.0,10055.0,0.809991,-0.368737,ANS,PLW,0
2909197,4,198,0,2011,0.0,19749.0,-0.331435,-0.034828,ALB,SMR,0
2909198,4,198,0,2007,0.0,53391.0,-0.20616700000000002,-0.016993,ALB,SMR,0
2909199,4,198,0,2015,0.0,1088.0,-0.601875,-0.27003,ALB,SMR,0
2909200,4,198,0,2009,0.0,3079.0,-0.41612200000000005,-0.256639,ALB,SMR,0
2909201,4,198,0,2013,0.0,57446.0,-0.53682,-0.162391,ALB,SMR,0
2909202,4,198,0,2010,0.0,49192.0,-0.5316,-0.219561,ALB,SMR,0
2909203,4,198,0,2008,0.0,171699.0,-0.252894,-0.0071400000000000005,ALB,SMR,0
2909204,4,198,0,2020,0.0,8779.0,-0.265229,0.059049000000000004,ALB,SMR,0
2909205,7,198,0,2012,0.0,864778.0,0.45351499999999995,-0.285021,ARE,SMR,0
2909206,7,198,0,2016,0.0,934074.0,0.11037999999999999,0.045327,ARE,SMR,0
2909207,7,198,0,2017,0.0,505200.0,0.210477,0.02557,ARE,SMR,0
2909208,7,198,0,2018,0.0,2674057.0,0.11804400000000001,-0.326851,ARE,SMR,0
2909209,7,198,0,2019,0.0,472937.0,-0.165113,-0.8973540000000001,ARE,SMR,0
2909210,7,198,0,2020,0.0,160091.0,-0.118349,-0.789485,ARE,SMR,0
2909211,7,198,0,2007,0.0,6220.0,-0.107504,-0.44744300000000004,ARE,SMR,0
2909212,7,198,0,2013,0.0,569943.0,-0.074047,-0.585168,ARE,SMR,0
2909213,7,198,0,2014,0.0,96607.0,0.087775,-0.289459,ARE,SMR,0
2909214,7,198,0,2015,0.0,403775.0,0.21779600000000002,-0.0047420000000000006,ARE,SMR,0
2909215,7,198,0,2008,0.0,31016.0,-0.276433,-0.692392,ARE,SMR,0
2909216,9,198,0,2012,0.0,102719.0,0.49142299999999994,0.033657,ARM,SMR,0
2909217,15,198,0,2004,118479.0,100789.0,1.825391,0.40553,AUT,SMR,0
2909218,15,198,0,2005,852413.0,722691.0,1.808359,0.148177,AUT,SMR,0
2909219,15,198,0,2006,448060.0,39878.0,1.775669,0.192717,AUT,SMR,0
2909220,15,198,0,2007,714112.0,36489.0,1.730088,-0.045543,AUT,SMR,0
2909221,15,198,0,2008,1169906.0,155893.0,1.634816,-0.078419,AUT,SMR,0
2909222,15,198,0,2009,1063243.0,33374.0,1.651325,-0.020794,AUT,SMR,0
2909223,15,198,0,2010,1887796.0,113568.0,1.724315,-0.29379099999999997,AUT,SMR,0
2909224,15,198,0,2012,726290.0,101314.0,1.6092870000000001,-0.29859,AUT,SMR,0
2909225,15,198,0,2013,655060.0,167740.0,1.7209240000000001,-0.286892,AUT,SMR,0
2909226,15,198,0,2014,597119.0,71208.0,1.7116790000000002,-0.140232,AUT,SMR,0
2909227,15,198,0,2015,1030640.0,82311.0,1.747098,-0.08026699999999999,AUT,SMR,0
2909228,15,198,0,2016,260656.0,155468.0,1.759363,0.127262,AUT,SMR,0
2909229,15,198,0,2017,676975.0,101101.0,1.728623,-0.031045999999999997,AUT,SMR,0
2909230,15,198,0,2018,710484.0,95344.0,1.774488,-0.21117800000000003,AUT,SMR,0
2909231,15,198,0,2019,705470.0,90421.0,1.743927,-0.076778,AUT,SMR,0
2909232,15,198,0,2020,644456.0,15760.0,1.6711310000000001,0.059096,AUT,SMR,0
2909233,15,198,0,2011,952731.0,102788.0,1.687634,-0.229095,AUT,SMR,0
2909234,16,198,0,2018,0.0,68221.0,-1.144089,-1.224327,AZE,SMR,0
2909235,16,198,0,2019,0.0,29424.0,-1.005636,-1.2094209999999999,AZE,SMR,0
2909236,16,198,0,2020,0.0,12267.0,-1.142366,-1.2529190000000001,AZE,SMR,0
2909237,18,198,0,2000,510545.0,145480.0,1.403838,1.349607,BEL,SMR,0
2909238,18,198,0,2001,3253549.0,611149.0,1.4328370000000001,1.408495,BEL,SMR,0
2909239,18,198,0,2002,80039.0,553949.0,1.4097469999999999,1.440169,BEL,SMR,0
2909240,18,198,0,2003,393571.0,234460.0,1.361682,1.39536,BEL,SMR,0
2909241,18,198,0,2004,377140.0,171942.0,1.350911,1.408209,BEL,SMR,0
2909242,18,198,0,2005,491749.0,100751.0,1.275296,1.345063,BEL,SMR,0
2909243,18,198,0,2006,706495.0,18747.0,1.2222540000000002,1.383027,BEL,SMR,0
2909244,18,198,0,2007,673294.0,19022.0,1.2880479999999999,1.145724,BEL,SMR,0
2909245,18,198,0,2008,811431.0,142215.0,1.297416,0.9716549999999999,BEL,SMR,0
2909246,18,198,0,2009,1062453.0,270027.0,1.272011,1.074548,BEL,SMR,0
2909247,18,198,0,2010,1231842.0,31044.0,1.2224270000000002,1.1276,BEL,SMR,0
2909248,18,198,0,2011,177186.0,39713.0,1.221703,1.247961,BEL,SMR,0
2909249,18,198,0,2012,88689.0,22072.0,1.107155,1.448274,BEL,SMR,0
2909250,18,198,0,2013,96575.0,19737.0,1.316207,0.972601,BEL,SMR,0
2909251,18,198,0,2014,152477.0,166533.0,1.234156,1.226441,BEL,SMR,0
2909252,18,198,0,2015,108340.0,5258.0,1.329866,1.100641,BEL,SMR,0
2909253,18,198,0,2016,1560755.0,24539.0,1.3102610000000001,1.214573,BEL,SMR,0
2909254,18,198,0,2017,2011834.0,16062.0,1.292657,1.19571,BEL,SMR,0
2909255,18,198,0,2018,2284478.0,20136.0,1.270641,1.201063,BEL,SMR,0
2909256,18,198,0,2019,1819793.0,16367.0,1.2555969999999999,1.168642,BEL,SMR,0
2909257,18,198,0,2020,1279292.0,2149.0,1.204632,1.278346,BEL,SMR,0
2909258,22,198,0,2015,0.0,981958.0,-1.088465,-0.8745360000000001,BGD,SMR,0
2909259,23,198,0,2013,0.0,28938.0,0.5026109999999999,1.674296,BGR,SMR,0
2909260,23,198,0,2015,41231.0,40441.0,0.45640699999999995,1.691455,BGR,SMR,0
2909261,23,198,0,2016,0.0,16823.0,0.51707,1.7329130000000001,BGR,SMR,0
2909262,23,198,0,2017,6230.0,1849.0,0.557843,1.7221119999999999,BGR,SMR,0
2909263,23,198,0,2018,8687.0,4147.0,0.571226,1.836856,BGR,SMR,0
2909264,23,198,0,2019,146382.0,1057.0,0.572997,1.863346,BGR,SMR,0
2909265,23,198,0,2020,38634.0,0.0,0.6328520000000001,1.8517009999999998,BGR,SMR,0
2909266,23,198,0,2011,0.0,89421.0,0.537967,1.520973,BGR,SMR,0
2909267,23,198,0,2003,0.0,83376.0,0.43308599999999997,1.7104099999999998,BGR,SMR,0
2909268,23,198,0,2004,113110.0,51532.0,0.35536,1.499182,BGR,SMR,0
2909269,23,198,0,2007,0.0,115678.0,0.43321899999999997,1.5696700000000001,BGR,SMR,0
2909270,23,198,0,2008,169934.0,15935.0,0.44409,1.575399,BGR,SMR,0
2909271,23,198,0,2009,126725.0,7701.0,0.373594,1.571413,BGR,SMR,0
2909272,23,198,0,2010,72820.0,0.0,0.44973,1.445441,BGR,SMR,0
2909273,23,198,0,2012,0.0,14954.0,0.5611,1.416313,BGR,SMR,0
2909274,23,198,0,2014,0.0,12741.0,0.579058,1.6558110000000001,BGR,SMR,0
2909275,26,198,0,2003,0.0,25411.0,0.195667,0.347011,BIH,SMR,0
2909276,26,198,0,2008,0.0,65691.0,0.480256,0.810361,BIH,SMR,0
2909277,26,198,0,2009,576644.0,270719.0,0.519113,0.762582,BIH,SMR,0
2909278,26,198,0,2010,1110712.0,459028.0,0.462275,0.830405,BIH,SMR,0
2909279,26,198,0,2011,1195050.0,609875.0,0.391425,0.6066600000000001,BIH,SMR,0
2909280,26,198,0,2012,775167.0,784458.0,0.519844,0.794082,BIH,SMR,0
2909281,26,198,0,2013,1114913.0,453288.0,0.46743199999999996,0.7340800000000001,BIH,SMR,0
2909282,26,198,0,2014,481246.0,77585.0,0.5083300000000001,0.711704,BIH,SMR,0
2909283,26,198,0,2017,0.0,2933.0,0.43245,0.726721,BIH,SMR,0
2909284,26,198,0,2018,0.0,6705.0,0.526392,0.742398,BIH,SMR,0
2909285,26,198,0,2019,0.0,16993.0,0.6525,0.83988,BIH,SMR,0
2909286,26,198,0,2016,0.0,6096.0,0.47827700000000006,0.5643100000000001,BIH,SMR,0
2909287,26,198,0,2020,0.0,3128.0,0.5449470000000001,0.91781,BIH,SMR,0
2909288,26,198,0,2004,0.0,7083.0,0.385952,0.571774,BIH,SMR,0
2909289,28,198,0,2010,0.0,21217.0,0.969851,0.593386,BLR,SMR,0
2909290,28,198,0,2011,0.0,11892.0,0.8786729999999999,0.442097,BLR,SMR,0
2909291,28,198,0,2015,0.0,33771.0,0.672499,0.5584020000000001,BLR,SMR,0
2909292,28,198,0,2019,0.0,12705.0,0.7849649999999999,0.8951600000000001,BLR,SMR,0
2909293,28,198,0,2017,0.0,1325.0,0.8115829999999999,0.8323459999999999,BLR,SMR,0
2909294,28,198,0,2018,0.0,12069.0,0.850089,0.8332870000000001,BLR,SMR,0
2909295,28,198,0,2020,0.0,43715.0,0.858776,1.085652,BLR,SMR,0
2909296,32,198,0,2007,5941.0,0.0,0.582859,1.137225,BRA,SMR,0
2909297,32,198,0,2008,2758.0,0.0,0.444687,0.904332,BRA,SMR,0
2909298,32,198,0,2013,17857.0,0.0,0.14765899999999998,0.399262,BRA,SMR,0
2909299,32,198,0,2017,184016.0,19016.0,0.145224,0.483461,BRA,SMR,0
2909300,32,198,0,2018,140512.0,0.0,0.143397,0.582092,BRA,SMR,0
2909301,32,198,0,2019,41811.0,16819.0,0.076947,0.660604,BRA,SMR,0
2909302,32,198,0,2020,56400.0,0.0,0.054622000000000004,0.532291,BRA,SMR,0
2909303,41,198,0,2000,64084.0,1280.0,2.197959,0.489989,CHE,SMR,0
2909304,41,198,0,2001,9052.0,49933.0,2.227246,0.553956,CHE,SMR,0
2909305,41,198,0,2002,26343.0,0.0,2.218095,0.620946,CHE,SMR,0
2909306,41,198,0,2003,76863.0,41583.0,2.151037,0.711217,CHE,SMR,0
2909307,41,198,0,2004,31023.0,0.0,2.151471,0.7196279999999999,CHE,SMR,0
2909308,41,198,0,2005,14598.0,37322.0,2.0461709999999997,0.615855,CHE,SMR,0
2909309,41,198,0,2006,50202.0,76468.0,2.052534,0.515523,CHE,SMR,0
2909310,41,198,0,2007,132496.0,134806.0,2.0198080000000003,0.42277200000000004,CHE,SMR,0
2909311,41,198,0,2008,365451.0,8283.0,1.978404,0.368694,CHE,SMR,0
2909312,41,198,0,2009,252090.0,20404.0,2.124438,0.484861,CHE,SMR,0
2909313,41,198,0,2010,191393.0,158090.0,2.1492080000000002,0.556424,CHE,SMR,0
2909314,41,198,0,2011,214061.0,262503.0,2.2644029999999997,0.406131,CHE,SMR,0
2909315,41,198,0,2012,338625.0,215206.0,2.060769,0.562718,CHE,SMR,0
2909316,41,198,0,2013,274805.0,200573.0,2.2104470000000003,0.5403479999999999,CHE,SMR,0
2909317,41,198,0,2014,45879.0,154419.0,2.2000919999999997,0.65398,CHE,SMR,0
2909318,41,198,0,2015,79456.0,187006.0,2.306075,0.720781,CHE,SMR,0
2909319,41,198,0,2016,78693.0,305168.0,2.3488689999999997,0.806291,CHE,SMR,0
2909320,41,198,0,2017,161792.0,117125.0,2.2557810000000003,0.845459,CHE,SMR,0
2909321,41,198,0,2018,18179.0,374716.0,2.2324330000000003,0.7801560000000001,CHE,SMR,0
2909322,41,198,0,2019,93645.0,314709.0,2.1990849999999997,0.8394229999999999,CHE,SMR,0
2909323,41,198,0,2020,33465.0,82192.0,2.184038,0.900965,CHE,SMR,0
2909324,42,198,0,2005,0.0,119689.0,-0.168344,-0.43438999999999994,CHL,SMR,0
2909325,42,198,0,2012,0.0,6727.0,-0.333891,-0.45610200000000006,CHL,SMR,0
2909326,42,198,0,2001,0.0,3867.0,-0.004658,-0.002548,CHL,SMR,0
2909327,43,198,0,2000,47245.0,0.0,0.478362,3.156111,CHN,SMR,0
2909328,43,198,0,2001,249098.0,0.0,0.525171,3.092963,CHN,SMR,0
2909329,43,198,0,2002,52489.0,0.0,0.576746,2.7995520000000003,CHN,SMR,0
2909330,43,198,0,2003,115483.0,0.0,0.579431,2.773139,CHN,SMR,0
2909331,43,198,0,2004,148366.0,0.0,0.581548,2.8689880000000003,CHN,SMR,0
2909332,43,198,0,2007,172991.0,0.0,0.801547,2.321052,CHN,SMR,0
2909333,43,198,0,2008,267164.0,3062.0,0.929285,1.8917259999999998,CHN,SMR,0
2909334,43,198,0,2009,147434.0,0.0,0.898623,2.08703,CHN,SMR,0
2909335,43,198,0,2010,174539.0,4265.0,0.922493,2.0176,CHN,SMR,0
2909336,43,198,0,2011,26094.0,155287.0,1.072299,1.686826,CHN,SMR,0
2909337,43,198,0,2012,69566.0,447805.0,1.095682,1.354837,CHN,SMR,0
2909338,43,198,0,2013,145748.0,376918.0,1.113767,1.477496,CHN,SMR,0
2909339,43,198,0,2014,254708.0,354633.0,1.187557,1.222085,CHN,SMR,0
2909340,43,198,0,2015,269808.0,1636272.0,1.077143,1.735757,CHN,SMR,0
2909341,43,198,0,2016,297149.0,4049387.0,1.1073620000000002,1.723098,CHN,SMR,0
2909342,43,198,0,2017,445905.0,460322.0,1.1127790000000002,1.56869,CHN,SMR,0
2909343,43,198,0,2018,406204.0,562872.0,1.200689,1.2822,CHN,SMR,0
2909344,43,198,0,2019,780177.0,466208.0,1.196265,1.2258870000000002,CHN,SMR,0
2909345,43,198,0,2020,1457437.0,416968.0,1.187837,1.2237770000000001,CHN,SMR,0
2909346,49,198,0,2016,0.0,736792.0,0.10205700000000001,-0.155574,COL,SMR,0
2909347,49,198,0,2017,0.0,490783.0,0.208096,-0.17644300000000002,COL,SMR,0
2909348,49,198,0,2018,0.0,155144.0,0.20431,-0.15273699999999998,COL,SMR,0
2909349,58,198,0,2018,0.0,119120.0,0.45442,-0.113303,CYP,SMR,0
2909350,58,198,0,2009,0.0,110026.0,0.934193,0.657555,CYP,SMR,0
2909351,58,198,0,2016,0.0,112404.0,0.40822800000000004,0.07535,CYP,SMR,0
2909352,58,198,0,2020,0.0,101774.0,0.5354760000000001,-0.069753,CYP,SMR,0
2909353,58,198,0,2010,0.0,66722.0,0.8776450000000001,0.568389,CYP,SMR,0
2909354,58,198,0,2015,0.0,190821.0,0.511225,-0.207261,CYP,SMR,0
2909355,59,198,0,2011,73283.0,33630.0,1.737788,0.14741600000000002,CZE,SMR,0
2909356,59,198,0,2014,280641.0,47503.0,1.8105830000000003,0.131131,CZE,SMR,0
2909357,59,198,0,2015,222786.0,41909.0,1.743012,0.45424,CZE,SMR,0
2909358,59,198,0,2019,73445.0,102849.0,1.797611,0.406708,CZE,SMR,0
2909359,59,198,0,2000,1951574.0,0.0,1.393001,1.23271,CZE,SMR,0
2909360,59,198,0,2012,69863.0,13409.0,1.747369,-0.0932,CZE,SMR,0
2909361,59,198,0,2013,121646.0,10631.0,1.819653,-0.12423800000000002,CZE,SMR,0
2909362,59,198,0,2007,600685.0,1606.0,1.620377,0.379404,CZE,SMR,0
2909363,59,198,0,2001,1984356.0,0.0,1.485703,1.109305,CZE,SMR,0
2909364,59,198,0,2002,1520387.0,15907.0,1.550713,1.037066,CZE,SMR,0
2909365,59,198,0,2003,2606349.0,7389.0,1.555749,0.8662059999999999,CZE,SMR,0
2909366,59,198,0,2004,2023705.0,50070.0,1.562625,0.865244,CZE,SMR,0
2909367,59,198,0,2008,419204.0,3376.0,1.592035,0.27983600000000003,CZE,SMR,0
2909368,59,198,0,2009,109310.0,2400.0,1.6323159999999999,0.47257200000000005,CZE,SMR,0
2909369,59,198,0,2010,92172.0,4707.0,1.732044,0.333934,CZE,SMR,0
2909370,59,198,0,2016,132195.0,0.0,1.823627,0.552354,CZE,SMR,0
2909371,59,198,0,2017,88941.0,24235.0,1.7715130000000001,0.359668,CZE,SMR,0
2909372,59,198,0,2018,70387.0,88571.0,1.841016,0.220806,CZE,SMR,0
2909373,59,198,0,2020,40434.0,87844.0,1.716646,0.602441,CZE,SMR,0
2909374,61,198,0,2007,1526862.0,786747.0,2.114566,-2.934732,DEU,SMR,0
2909375,61,198,0,2008,1721822.0,504718.0,2.007167,-3.256961,DEU,SMR,0
2909376,61,198,0,2009,794089.0,945778.0,2.056515,-3.034837,DEU,SMR,0
2909377,61,198,0,2010,1521587.0,852461.0,2.035672,-3.383322,DEU,SMR,0
2909378,61,198,0,2011,1354405.0,430303.0,2.074435,-3.440815,DEU,SMR,0
2909379,61,198,0,2012,2249161.0,476305.0,1.966247,-3.3238410000000003,DEU,SMR,0
2909380,61,198,0,2013,784018.0,550101.0,2.093658,-3.4281980000000005,DEU,SMR,0
2909381,61,198,0,2014,693026.0,603360.0,2.052849,-2.888805,DEU,SMR,0
2909382,61,198,0,2015,1669970.0,299347.0,2.203818,-2.307561,DEU,SMR,0
2909383,61,198,0,2016,2652539.0,205779.0,2.203093,-2.24919,DEU,SMR,0
2909384,61,198,0,2017,2300290.0,234034.0,2.1149459999999998,-2.525372,DEU,SMR,0
2909385,61,198,0,2018,2202038.0,206672.0,2.109059,-2.428826,DEU,SMR,0
2909386,61,198,0,2019,2411019.0,307769.0,2.078626,-2.124816,DEU,SMR,0
2909387,61,198,0,2020,1522043.0,325585.0,2.027494,-2.3646689999999997,DEU,SMR,0
2909388,64,198,0,2002,5902.0,3897.0,1.26594,1.225186,DNK,SMR,0
2909389,64,198,0,2003,8143.0,3823.0,1.309564,1.245596,DNK,SMR,0
2909390,64,198,0,2004,0.0,33808.0,1.328968,1.262743,DNK,SMR,0
2909391,64,198,0,2005,178869.0,11001.0,1.210286,1.217256,DNK,SMR,0
2909392,64,198,0,2006,189849.0,19412.0,1.2308700000000001,1.180914,DNK,SMR,0
2909393,64,198,0,2007,2206.0,15224.0,1.204019,1.122666,DNK,SMR,0
2909394,64,198,0,2008,0.0,226627.0,1.165294,1.1112440000000001,DNK,SMR,0
2909395,64,198,0,2009,8066.0,122941.0,1.242327,1.064709,DNK,SMR,0
2909396,64,198,0,2010,45887.0,0.0,1.082468,1.280759,DNK,SMR,0
2909397,64,198,0,2011,8129.0,1503.0,1.156026,1.2248299999999999,DNK,SMR,0
2909398,64,198,0,2012,4967.0,0.0,1.105061,1.245377,DNK,SMR,0
2909399,64,198,0,2013,3966.0,4006.0,1.161835,1.1788450000000001,DNK,SMR,0
2909400,64,198,0,2015,15352.0,139215.0,1.157924,1.2045629999999998,DNK,SMR,0
2909401,64,198,0,2016,20319.0,51847.0,1.117864,1.302658,DNK,SMR,0
2909402,64,198,0,2017,27355.0,50133.0,1.159753,1.233914,DNK,SMR,0
2909403,64,198,0,2018,36475.0,79912.0,1.0945040000000001,1.3311540000000002,DNK,SMR,0
2909404,64,198,0,2019,70795.0,0.0,1.0768280000000001,1.2615610000000002,DNK,SMR,0
2909405,64,198,0,2020,98115.0,0.0,1.093217,1.2166549999999998,DNK,SMR,0
2909406,64,198,0,2001,3814.0,5489.0,1.261883,1.351875,DNK,SMR,0
2909407,64,198,0,2014,4961.0,0.0,1.10869,1.245193,DNK,SMR,0
2909408,66,198,0,2014,0.0,12717.0,-1.5554649999999999,-1.1657030000000002,DZA,SMR,0
2909409,66,198,0,2011,0.0,64855.0,-1.36763,-1.140594,DZA,SMR,0
2909410,68,198,0,2002,0.0,35703.0,-0.377127,0.549439,EGY,SMR,0
2909411,68,198,0,2005,0.0,18810.0,-0.247748,0.492885,EGY,SMR,0
2909412,68,198,0,2006,0.0,17131.0,-0.182272,0.40222399999999997,EGY,SMR,0
2909413,68,198,0,2011,261008.0,0.0,-0.166243,1.384719,EGY,SMR,0
2909414,68,198,0,2019,0.0,159957.0,-0.152353,1.5426309999999999,EGY,SMR,0
2909415,68,198,0,2020,0.0,145083.0,-0.186095,1.6414330000000001,EGY,SMR,0
2909416,71,198,0,2000,185582.0,383144.0,1.098989,1.911029,ESP,SMR,0
2909417,71,198,0,2001,561988.0,497358.0,1.079664,1.9842220000000002,ESP,SMR,0
2909418,71,198,0,2002,488745.0,630257.0,1.012246,2.049594,ESP,SMR,0
2909419,71,198,0,2003,902932.0,721764.0,0.960684,2.074792,ESP,SMR,0
2909420,71,198,0,2004,1172182.0,561480.0,0.9784649999999999,2.051216,ESP,SMR,0
2909421,71,198,0,2007,1862571.0,339318.0,0.914681,2.027797,ESP,SMR,0
2909422,71,198,0,2008,1752920.0,195567.0,0.8755649999999999,2.122164,ESP,SMR,0
2909423,71,198,0,2009,1506867.0,107479.0,0.9021020000000001,2.170578,ESP,SMR,0
2909424,71,198,0,2010,1964797.0,106690.0,0.832619,2.448009,ESP,SMR,0
2909425,71,198,0,2011,2025046.0,83789.0,0.8677290000000001,2.4618450000000003,ESP,SMR,0
2909426,71,198,0,2012,1110712.0,10105.0,0.8528309999999999,2.462809,ESP,SMR,0
2909427,71,198,0,2013,347169.0,31267.0,0.861698,2.353993,ESP,SMR,0
2909428,71,198,0,2014,484686.0,29138.0,0.842147,2.45692,ESP,SMR,0
2909429,71,198,0,2015,578854.0,223242.0,0.8173590000000001,2.442556,ESP,SMR,0
2909430,71,198,0,2016,635167.0,289677.0,0.765428,2.57725,ESP,SMR,0
2909431,71,198,0,2017,536614.0,43653.0,0.734342,2.8180099999999997,ESP,SMR,0
2909432,71,198,0,2018,905644.0,225402.0,0.744825,2.919005,ESP,SMR,0
2909433,71,198,0,2019,979909.0,195646.0,0.678454,3.007838,ESP,SMR,0
2909434,71,198,0,2020,1084948.0,73339.0,0.736657,2.731661,ESP,SMR,0
2909435,72,198,0,2014,0.0,1689.0,0.9147780000000001,1.151556,EST,SMR,0
2909436,72,198,0,2019,0.0,76438.0,0.962284,1.346195,EST,SMR,0
2909437,72,198,0,2005,0.0,7305.0,0.6351600000000001,1.039403,EST,SMR,0
2909438,74,198,0,2004,0.0,29193.0,2.000218,0.9867309999999999,FIN,SMR,0
2909439,74,198,0,2007,0.0,65605.0,1.865502,0.7737729999999999,FIN,SMR,0
2909440,74,198,0,2008,0.0,36426.0,1.767859,0.846409,FIN,SMR,0
2909441,74,198,0,2009,0.0,37548.0,1.8206849999999999,0.797421,FIN,SMR,0
2909442,74,198,0,2011,0.0,25352.0,1.7488830000000002,0.890934,FIN,SMR,0
2909443,74,198,0,2012,0.0,14053.0,1.58219,0.939001,FIN,SMR,0
2909444,74,198,0,2013,1072.0,94758.0,1.734552,0.8896940000000001,FIN,SMR,0
2909445,74,198,0,2014,0.0,2543.0,1.626355,1.002923,FIN,SMR,0
2909446,74,198,0,2018,0.0,44894.0,1.61151,0.9474549999999999,FIN,SMR,0
2909447,74,198,0,2019,7183.0,21394.0,1.495278,1.034435,FIN,SMR,0
2909448,74,198,0,2000,0.0,2976.0,2.0621419999999997,0.9090360000000001,FIN,SMR,0
2909449,74,198,0,2001,0.0,2240.0,2.069141,0.9375180000000001,FIN,SMR,0
2909450,74,198,0,2010,0.0,58819.0,1.745464,0.897992,FIN,SMR,0
2909451,74,198,0,2017,2605.0,29517.0,1.655957,0.962485,FIN,SMR,0
2909452,74,198,0,2020,6768.0,20189.0,1.498089,1.066223,FIN,SMR,0
2909453,74,198,0,2002,0.0,12794.0,2.0234240000000003,0.979141,FIN,SMR,0
2909454,74,198,0,2003,0.0,43929.0,2.077889,0.942501,FIN,SMR,0
2909455,74,198,0,2015,4138.0,54387.0,1.597817,0.998059,FIN,SMR,0
2909456,74,198,0,2016,4127.0,12921.0,1.581968,1.006432,FIN,SMR,0
2909457,77,198,0,2007,2581103.0,392543.0,1.4565350000000001,0.262845,FRA,SMR,0
2909458,77,198,0,2008,1228766.0,722003.0,1.487702,-0.223965,FRA,SMR,0
2909459,77,198,0,2009,764130.0,863310.0,1.540346,0.090377,FRA,SMR,0
2909460,77,198,0,2010,1292427.0,275700.0,1.530027,-0.052557000000000006,FRA,SMR,0
2909461,77,198,0,2011,3036564.0,57038.0,1.532054,0.09339299999999999,FRA,SMR,0
2909462,77,198,0,2012,3345996.0,30688.0,1.425025,0.27534899999999995,FRA,SMR,0
2909463,77,198,0,2013,5972098.0,93181.0,1.520354,0.022874000000000002,FRA,SMR,0
2909464,77,198,0,2014,8732105.0,267466.0,1.4817790000000002,0.30995,FRA,SMR,0
2909465,77,198,0,2015,5300885.0,205664.0,1.479792,0.6490239999999999,FRA,SMR,0
2909466,77,198,0,2016,5999346.0,215815.0,1.476437,0.911746,FRA,SMR,0
2909467,77,198,0,2017,9843944.0,596194.0,1.398427,0.894732,FRA,SMR,0
2909468,77,198,0,2018,7662257.0,354095.0,1.420819,0.7793770000000001,FRA,SMR,0
2909469,77,198,0,2019,5466958.0,199224.0,1.380982,0.9510629999999999,FRA,SMR,0
2909470,77,198,0,2020,11435173.0,448813.0,1.341275,0.8991870000000001,FRA,SMR,0
2909471,81,198,0,2000,1329065.0,982623.0,1.957339,0.610052,GBR,SMR,0
2909472,81,198,0,2001,380095.0,638859.0,1.976894,0.685435,GBR,SMR,0
2909473,81,198,0,2002,1356771.0,1225875.0,1.893177,0.831382,GBR,SMR,0
2909474,81,198,0,2003,1638418.0,2933162.0,1.8712540000000002,0.706205,GBR,SMR,0
2909475,81,198,0,2004,3589409.0,267364.0,1.843506,0.684779,GBR,SMR,0
2909476,81,198,0,2005,2805327.0,319725.0,1.805023,0.425654,GBR,SMR,0
2909477,81,198,0,2006,2423930.0,345011.0,1.824154,0.614424,GBR,SMR,0
2909478,81,198,0,2007,2761705.0,1267310.0,1.718661,0.35525300000000004,GBR,SMR,0
2909479,81,198,0,2008,2861234.0,1344325.0,1.7586119999999998,0.061214,GBR,SMR,0
2909480,81,198,0,2009,902173.0,351385.0,1.7921779999999998,0.41211499999999995,GBR,SMR,0
2909481,81,198,0,2010,1276137.0,130833.0,1.828224,0.386383,GBR,SMR,0
2909482,81,198,0,2011,247261.0,117554.0,1.8048220000000001,0.380141,GBR,SMR,0
2909483,81,198,0,2012,331549.0,13716.0,1.701279,0.518166,GBR,SMR,0
2909484,81,198,0,2013,283767.0,39406.0,1.7901259999999999,0.44164,GBR,SMR,0
2909485,81,198,0,2014,325658.0,510231.0,1.697964,0.585372,GBR,SMR,0
2909486,81,198,0,2015,916981.0,595294.0,1.7422990000000003,0.75838,GBR,SMR,0
2909487,81,198,0,2016,844592.0,66720.0,1.6974669999999998,0.9231299999999999,GBR,SMR,0
2909488,81,198,0,2017,1737412.0,173745.0,1.6883119999999998,0.8347469999999999,GBR,SMR,0
2909489,81,198,0,2018,3541170.0,87649.0,1.693008,0.768159,GBR,SMR,0
2909490,81,198,0,2019,2454211.0,154628.0,1.731106,0.717566,GBR,SMR,0
2909491,81,198,0,2020,1086863.0,273613.0,1.6459,0.7702640000000001,GBR,SMR,0
2909492,82,198,0,2015,0.0,10575.0,-0.343663,-0.588017,GEO,SMR,0
2909493,82,198,0,2019,0.0,46584.0,-0.057798,-0.206771,GEO,SMR,0
2909494,82,198,0,2020,0.0,94717.0,-0.199775,-0.38684,GEO,SMR,0
2909495,82,198,0,2017,0.0,15818.0,-0.241749,-0.374727,GEO,SMR,0
2909496,82,198,0,2018,0.0,23910.0,-0.049871,-0.28439899999999996,GEO,SMR,0
2909497,90,198,0,2000,23425.0,324515.0,0.30201300000000003,1.4171799999999999,GRC,SMR,0
2909498,90,198,0,2013,0.0,4914.0,0.18823800000000002,0.910906,GRC,SMR,0
2909499,90,198,0,2014,28675.0,1925.0,0.149337,0.8560540000000001,GRC,SMR,0
2909500,90,198,0,2018,0.0,268727.0,0.059539999999999996,1.0321879999999999,GRC,SMR,0
2909501,90,198,0,2019,4417.0,106212.0,0.08904400000000001,1.059396,GRC,SMR,0
2909502,90,198,0,2006,0.0,314968.0,0.261955,1.488958,GRC,SMR,0
2909503,90,198,0,2007,0.0,722403.0,0.348709,1.674567,GRC,SMR,0
2909504,90,198,0,2008,0.0,233182.0,0.33272399999999996,1.758188,GRC,SMR,0
2909505,90,198,0,2009,0.0,598405.0,0.2196,1.63301,GRC,SMR,0
2909506,90,198,0,2010,4556.0,124292.0,0.200249,1.4640090000000001,GRC,SMR,0
2909507,90,198,0,2011,0.0,15414.0,0.138679,1.30044,GRC,SMR,0
2909508,90,198,0,2017,0.0,257472.0,0.154098,1.151038,GRC,SMR,0
2909509,90,198,0,2016,36719.0,166790.0,0.12153499999999999,1.126101,GRC,SMR,0
2909510,90,198,0,2015,0.0,20833.0,0.099027,1.012289,GRC,SMR,0
2909511,90,198,0,2020,110918.0,45996.0,0.199011,1.087811,GRC,SMR,0
2909512,97,198,0,2002,2514.0,0.0,0.5701109999999999,1.989357,HKG,SMR,0
2909513,97,198,0,2003,45248.0,0.0,0.494569,2.147062,HKG,SMR,0
2909514,97,198,0,2005,14508.0,0.0,0.5862149999999999,2.0303459999999998,HKG,SMR,0
2909515,97,198,0,2007,15173.0,0.0,0.639034,2.1086009999999997,HKG,SMR,0
2909516,97,198,0,2009,8408.0,0.0,0.654964,1.98672,HKG,SMR,0
2909517,97,198,0,2010,10858.0,0.0,0.715745,1.9780259999999998,HKG,SMR,0
2909518,97,198,0,2011,1730.0,0.0,0.663588,1.902118,HKG,SMR,0
2909519,97,198,0,2012,4532.0,2192.0,0.8124979999999999,1.677497,HKG,SMR,0
2909520,97,198,0,2013,9825.0,2478.0,0.744383,1.923139,HKG,SMR,0
2909521,97,198,0,2014,12661.0,0.0,0.812132,1.722493,HKG,SMR,0
2909522,97,198,0,2015,37417.0,0.0,0.8255290000000001,1.8017279999999998,HKG,SMR,0
2909523,97,198,0,2016,48480.0,0.0,0.8029029999999999,1.477249,HKG,SMR,0
2909524,97,198,0,2017,35733.0,48070.0,0.824982,1.7162220000000001,HKG,SMR,0
2909525,97,198,0,2018,24462.0,0.0,0.843677,1.656073,HKG,SMR,0
2909526,97,198,0,2019,18416.0,0.0,0.992556,1.523004,HKG,SMR,0
2909527,97,198,0,2020,37205.0,0.0,1.070483,1.183618,HKG,SMR,0
2909528,100,198,0,2007,0.0,18395.0,0.7799699999999999,1.1047850000000001,HRV,SMR,0
2909529,100,198,0,2008,191377.0,22584.0,0.874459,1.075102,HRV,SMR,0
2909530,100,198,0,2009,0.0,164390.0,0.740174,1.005258,HRV,SMR,0
2909531,100,198,0,2010,0.0,55406.0,0.8276979999999999,0.97415,HRV,SMR,0
2909532,100,198,0,2012,0.0,9390.0,0.890281,1.02053,HRV,SMR,0
2909533,100,198,0,2017,0.0,430986.0,0.860825,1.365445,HRV,SMR,0
2909534,100,198,0,2011,0.0,17698.0,0.868294,0.9424299999999999,HRV,SMR,0
2909535,100,198,0,2013,0.0,54594.0,0.898284,1.038807,HRV,SMR,0
2909536,100,198,0,2015,0.0,16233.0,0.7590140000000001,1.257415,HRV,SMR,0
2909537,100,198,0,2018,0.0,11114.0,0.7923720000000001,1.4047209999999999,HRV,SMR,0
2909538,100,198,0,2019,0.0,13613.0,0.850527,1.280845,HRV,SMR,0
2909539,100,198,0,2016,0.0,86891.0,0.8695200000000001,1.214791,HRV,SMR,0
2909540,102,198,0,2007,0.0,5105.0,1.4887709999999998,0.78372,HUN,SMR,0
2909541,102,198,0,2008,0.0,3000.0,1.3358299999999999,0.8177770000000001,HUN,SMR,0
2909542,102,198,0,2019,0.0,5861.0,1.462102,0.809183,HUN,SMR,0
2909543,102,198,0,2014,417221.0,0.0,1.477093,0.812869,HUN,SMR,0
2909544,102,198,0,2002,14000.0,0.0,1.179684,1.0574860000000001,HUN,SMR,0
2909545,102,198,0,2003,0.0,5000.0,1.2003270000000001,1.091407,HUN,SMR,0
2909546,102,198,0,2004,0.0,135000.0,1.207082,1.019714,HUN,SMR,0
2909547,102,198,0,2005,0.0,145000.0,1.3558,0.876179,HUN,SMR,0
2909548,102,198,0,2011,0.0,10000.0,1.486592,0.805642,HUN,SMR,0
2909549,102,198,0,2012,0.0,12924.0,1.396648,0.759196,HUN,SMR,0
2909550,102,198,0,2001,11000.0,0.0,1.102262,1.138016,HUN,SMR,0
2909551,103,198,0,2000,36567.0,0.0,-0.125831,1.7116360000000002,IDN,SMR,0
2909552,103,198,0,2001,9939.0,0.0,-0.167771,1.6587889999999998,IDN,SMR,0
2909553,103,198,0,2002,482567.0,0.0,-0.10020499999999999,1.590314,IDN,SMR,0
2909554,103,198,0,2003,248474.0,0.0,-0.16802,1.7252990000000001,IDN,SMR,0
2909555,103,198,0,2004,310192.0,0.0,-0.223644,1.719065,IDN,SMR,0
2909556,103,198,0,2009,19991.0,0.0,-0.253835,1.260101,IDN,SMR,0
2909557,103,198,0,2010,256828.0,0.0,-0.30878099999999997,1.07069,IDN,SMR,0
2909558,103,198,0,2017,3386.0,0.0,-0.23641700000000002,1.188173,IDN,SMR,0
2909559,103,198,0,2019,96616.0,0.0,-0.141811,1.385726,IDN,SMR,0
2909560,103,198,0,2020,0.0,2272.0,-0.16761700000000002,1.571009,IDN,SMR,0
2909561,104,198,0,2015,79600.0,120908.0,0.24230900000000002,2.8190880000000003,IND,SMR,0
2909562,104,198,0,2016,214572.0,1606.0,0.30976,2.61043,IND,SMR,0
2909563,104,198,0,2017,31988.0,81958.0,0.290576,2.726391,IND,SMR,0
2909564,104,198,0,2018,0.0,8765.0,0.526015,2.448112,IND,SMR,0
2909565,104,198,0,2019,203933.0,3863.0,0.43196,2.661139,IND,SMR,0
2909566,104,198,0,2020,44219.0,0.0,0.464674,2.838779,IND,SMR,0
2909567,106,198,0,2000,0.0,3881.0,1.546001,0.342854,IRL,SMR,0
2909568,106,198,0,2008,51339.0,15340.0,1.693858,0.221425,IRL,SMR,0
2909569,106,198,0,2014,0.0,4583.0,1.2658399999999999,0.278546,IRL,SMR,0
2909570,106,198,0,2019,0.0,2225.0,1.3812389999999999,-0.025366,IRL,SMR,0
2909571,106,198,0,2003,1982.0,16767.0,1.6396130000000002,0.220599,IRL,SMR,0
2909572,106,198,0,2006,0.0,2738.0,1.43804,0.06463200000000001,IRL,SMR,0
2909573,106,198,0,2007,0.0,4019.0,1.353146,0.122832,IRL,SMR,0
2909574,106,198,0,2018,0.0,2141.0,1.262419,0.013576,IRL,SMR,0
2909575,106,198,0,2020,0.0,14581.0,1.337791,-0.20829699999999998,IRL,SMR,0
2909576,106,198,0,2001,0.0,9976.0,1.664233,0.129983,IRL,SMR,0
2909577,106,198,0,2010,0.0,19381.0,1.371357,0.168795,IRL,SMR,0
2909578,106,198,0,2012,6579.0,0.0,1.229702,0.12683599999999998,IRL,SMR,0
2909579,106,198,0,2013,6387.0,0.0,1.29988,0.240688,IRL,SMR,0
2909580,109,198,0,2015,0.0,89305.0,0.24527600000000002,-0.411616,ISL,SMR,0
2909581,110,198,0,2015,0.0,19804.0,1.260071,0.545545,ISR,SMR,0
2909582,110,198,0,2019,0.0,29137.0,1.488686,0.823376,ISR,SMR,0
2909583,110,198,0,2018,0.0,2686.0,1.355071,0.872822,ISR,SMR,0
2909584,115,198,0,2010,0.0,322406.0,-0.6278020000000001,-0.8419760000000001,KAZ,SMR,0
2909585,115,198,0,2007,0.0,34579.0,-0.171218,-0.630279,KAZ,SMR,0
2909586,115,198,0,2008,0.0,264031.0,-0.43055200000000005,-0.6852590000000001,KAZ,SMR,0
2909587,115,198,0,2009,0.0,206703.0,-0.6547970000000001,-0.772256,KAZ,SMR,0
2909588,115,198,0,2011,0.0,21891.0,-0.514687,-0.775671,KAZ,SMR,0
2909589,115,198,0,2014,0.0,297362.0,-0.210431,-0.574075,KAZ,SMR,0
2909590,115,198,0,2015,0.0,477355.0,-0.45091499999999995,-0.652026,KAZ,SMR,0
2909591,115,198,0,2016,0.0,167830.0,-0.376397,-0.553639,KAZ,SMR,0
2909592,115,198,0,2017,0.0,141311.0,-0.394316,-0.5485979999999999,KAZ,SMR,0
2909593,115,198,0,2018,0.0,144080.0,-0.483862,-0.667417,KAZ,SMR,0
2909594,115,198,0,2019,0.0,187862.0,-0.26529400000000003,-0.523479,KAZ,SMR,0
2909595,115,198,0,2020,0.0,43987.0,-0.48361899999999997,-0.626675,KAZ,SMR,0
2909596,121,198,0,2001,28261.0,0.0,1.145797,1.0762399999999999,KOR,SMR,0
2909597,121,198,0,2002,49917.0,0.0,1.186816,1.075947,KOR,SMR,0
2909598,121,198,0,2009,0.0,1094.0,1.509336,0.784515,KOR,SMR,0
2909599,121,198,0,2013,2964.0,0.0,1.818383,0.75645,KOR,SMR,0
2909600,121,198,0,2020,0.0,3726589.0,1.9703950000000001,0.800826,KOR,SMR,0
2909601,121,198,0,2014,22501.0,0.0,1.817145,0.8394530000000001,KOR,SMR,0
2909602,121,198,0,2017,0.0,36158.0,2.011263,0.783215,KOR,SMR,0
2909603,121,198,0,2018,0.0,429629.0,2.093866,0.764303,KOR,SMR,0
2909604,121,198,0,2019,0.0,1711027.0,2.115482,0.696838,KOR,SMR,0
2909605,122,198,0,2011,0.0,65397.0,-0.898582,-1.09893,KWT,SMR,0
2909606,122,198,0,2014,0.0,1289.0,-0.769616,-1.10667,KWT,SMR,0
2909607,122,198,0,2015,0.0,5464.0,-0.352023,-1.153057,KWT,SMR,0
2909608,122,198,0,2017,0.0,13124.0,-0.229821,-1.128482,KWT,SMR,0
2909609,122,198,0,2019,0.0,1070.0,0.081686,-1.087259,KWT,SMR,0
2909610,122,198,0,2020,0.0,18993.0,-0.072977,-1.090017,KWT,SMR,0
2909611,122,198,0,2003,0.0,3304.0,-0.7943640000000001,-1.1529770000000001,KWT,SMR,0
2909612,122,198,0,2008,0.0,1363.0,-1.401297,-1.142945,KWT,SMR,0
2909613,122,198,0,2010,0.0,32128.0,0.067373,-1.0822120000000002,KWT,SMR,0
2909614,124,198,0,2019,0.0,247529.0,0.26155700000000004,1.062317,LBN,SMR,0
2909615,124,198,0,2006,0.0,1975.0,0.3861,1.586183,LBN,SMR,0
2909616,124,198,0,2008,0.0,7626.0,0.46133100000000005,1.4598149999999999,LBN,SMR,0
2909617,124,198,0,2017,0.0,144204.0,0.266847,1.117621,LBN,SMR,0
2909618,124,198,0,2018,0.0,173504.0,0.270554,0.9995149999999999,LBN,SMR,0
2909619,124,198,0,2020,0.0,51874.0,0.35459,1.067965,LBN,SMR,0
2909620,124,198,0,2016,0.0,367330.0,0.285829,1.0818139999999998,LBN,SMR,0
2909621,128,198,0,2016,0.0,1483.0,-0.562869,0.49937,LKA,SMR,0
2909622,128,198,0,2017,0.0,10189.0,-0.46442799999999995,0.472132,LKA,SMR,0
2909623,128,198,0,2019,0.0,14249.0,-0.592952,0.394811,LKA,SMR,0
2909624,130,198,0,2019,0.0,99318.0,0.858456,1.364581,LTU,SMR,0
2909625,130,198,0,2018,0.0,111833.0,0.964249,1.4050200000000002,LTU,SMR,0
2909626,130,198,0,2008,5534.0,3701.0,0.59033,0.961408,LTU,SMR,0
2909627,130,198,0,2014,0.0,1120.0,0.764495,1.3451540000000002,LTU,SMR,0
2909628,130,198,0,2015,0.0,11285.0,0.749429,1.3659860000000001,LTU,SMR,0
2909629,130,198,0,2012,0.0,1467.0,0.771482,1.000405,LTU,SMR,0
2909630,131,198,0,2004,108824.0,0.0,1.37529,1.0172649999999999,LUX,SMR,0
2909631,131,198,0,2002,0.0,17086.0,1.605378,1.152973,LUX,SMR,0
2909632,131,198,0,2009,2680.0,0.0,1.323336,1.026341,LUX,SMR,0
2909633,131,198,0,2003,211847.0,0.0,1.444996,1.063764,LUX,SMR,0
2909634,131,198,0,2000,0.0,17976.0,1.331688,1.130817,LUX,SMR,0
2909635,132,198,0,2007,0.0,2758.0,0.61459,0.985358,LVA,SMR,0
2909636,132,198,0,2013,0.0,14342.0,0.6219439999999999,1.166749,LVA,SMR,0
2909637,132,198,0,2014,0.0,169178.0,0.613116,1.1899790000000001,LVA,SMR,0
2909638,132,198,0,2018,0.0,1065.0,0.707168,1.294297,LVA,SMR,0
2909639,132,198,0,2012,0.0,2695.0,0.71433,0.9376540000000001,LVA,SMR,0
2909640,132,198,0,2019,0.0,7257.0,0.7804300000000001,1.159592,LVA,SMR,0
2909641,132,198,0,2008,0.0,25603.0,0.655489,1.0811540000000002,LVA,SMR,0
2909642,134,198,0,2019,0.0,3736.0,-0.747739,-0.154125,MAR,SMR,0
2909643,135,198,0,2013,1380971.0,0.0,-0.016235,0.132104,MDA,SMR,0
2909644,135,198,0,2019,0.0,9123.0,-0.333385,-0.35752,MDA,SMR,0
2909645,135,198,0,2020,0.0,59144.0,-0.06779199999999999,-0.240851,MDA,SMR,0
2909646,135,198,0,2011,2171701.0,0.0,-0.225556,0.28622,MDA,SMR,0
2909647,135,198,0,2009,2925100.0,0.0,0.009281999999999999,-0.039299,MDA,SMR,0
2909648,135,198,0,2008,1479631.0,306755.0,0.096913,-0.095718,MDA,SMR,0
2909649,135,198,0,2010,3338257.0,0.0,-0.116797,0.037801,MDA,SMR,0
2909650,135,198,0,2012,2740693.0,0.0,0.025301,0.36205,MDA,SMR,0
2909651,138,198,0,2000,5761.0,0.0,0.6866760000000001,0.64383,MEX,SMR,0
2909652,138,198,0,2010,0.0,27286.0,1.132664,0.675756,MEX,SMR,0
2909653,138,198,0,2011,0.0,66796.0,0.9534600000000001,0.706982,MEX,SMR,0
2909654,138,198,0,2012,0.0,100864.0,1.039541,0.663349,MEX,SMR,0
2909655,138,198,0,2013,0.0,485705.0,1.048507,0.718932,MEX,SMR,0
2909656,138,198,0,2014,0.0,387497.0,1.0799729999999998,0.697554,MEX,SMR,0
2909657,138,198,0,2015,0.0,590298.0,1.169724,0.61457,MEX,SMR,0
2909658,138,198,0,2016,0.0,546027.0,1.165638,0.6446649999999999,MEX,SMR,0
2909659,138,198,0,2018,0.0,84440.0,1.00061,0.585759,MEX,SMR,0
2909660,142,198,0,2009,0.0,27921.0,1.233965,-0.016763,MLT,SMR,0
2909661,142,198,0,2012,0.0,9185.0,1.023776,0.12459400000000001,MLT,SMR,0
2909662,142,198,0,2015,0.0,142984.0,0.880893,-0.117585,MLT,SMR,0
2909663,142,198,0,2016,0.0,203196.0,0.8795950000000001,-0.21689499999999998,MLT,SMR,0
2909664,142,198,0,2017,0.0,14332.0,0.999914,0.12683,MLT,SMR,0
2909665,142,198,0,2007,0.0,16924.0,1.184569,-0.046376,MLT,SMR,0
2909666,142,198,0,2008,0.0,40496.0,1.015716,-0.065673,MLT,SMR,0
2909667,142,198,0,2014,0.0,80333.0,0.817013,0.0016309999999999999,MLT,SMR,0
2909668,142,198,0,2018,0.0,299083.0,0.9621219999999999,0.257289,MLT,SMR,0
2909669,142,198,0,2019,0.0,266569.0,0.893992,0.25255500000000003,MLT,SMR,0
2909670,142,198,0,2004,0.0,56692.0,1.251894,0.063827,MLT,SMR,0
2909671,142,198,0,2006,0.0,24152.0,1.384411,0.093734,MLT,SMR,0
2909672,144,198,0,2008,0.0,93208.0,0.321434,-0.168212,MNE,SMR,0
2909673,144,198,0,2009,0.0,49294.0,0.19963499999999998,-0.073107,MNE,SMR,0
2909674,144,198,0,2013,0.0,38442.0,-0.054454999999999996,-0.164875,MNE,SMR,0
2909675,144,198,0,2014,0.0,42063.0,-0.17039100000000001,-0.21762399999999998,MNE,SMR,0
2909676,151,198,0,2020,0.0,155862.0,-0.048897,0.11543099999999999,MUS,SMR,0
2909677,153,198,0,2005,625560.0,0.0,0.5847439999999999,0.13176300000000002,MYS,SMR,0
2909678,162,198,0,2000,731375.0,7243.0,1.283291,1.58901,NLD,SMR,0
2909679,162,198,0,2001,451652.0,51065.0,1.315685,1.590935,NLD,SMR,0
2909680,162,198,0,2002,309039.0,17812.0,1.206176,1.7136360000000002,NLD,SMR,0
2909681,162,198,0,2003,159474.0,77914.0,1.168453,1.7085709999999998,NLD,SMR,0
2909682,162,198,0,2004,250062.0,81520.0,1.251808,1.586526,NLD,SMR,0
2909683,162,198,0,2005,292265.0,24864.0,1.143533,1.614774,NLD,SMR,0
2909684,162,198,0,2006,287700.0,36431.0,1.192134,1.450852,NLD,SMR,0
2909685,162,198,0,2007,985688.0,2745.0,1.089169,1.589641,NLD,SMR,0
2909686,162,198,0,2008,570276.0,4420.0,1.139475,1.385316,NLD,SMR,0
2909687,162,198,0,2009,200921.0,26502.0,1.1914850000000001,1.3076780000000001,NLD,SMR,0
2909688,162,198,0,2010,271895.0,55685.0,1.237998,1.1891209999999999,NLD,SMR,0
2909689,162,198,0,2011,256443.0,11302.0,1.1655229999999999,1.410167,NLD,SMR,0
2909690,162,198,0,2012,1709373.0,5666.0,1.124582,1.374002,NLD,SMR,0
2909691,162,198,0,2013,571314.0,13243.0,1.184107,1.249557,NLD,SMR,0
2909692,162,198,0,2014,405675.0,13084.0,1.179325,1.355071,NLD,SMR,0
2909693,162,198,0,2015,283312.0,402827.0,1.230104,1.27344,NLD,SMR,0
2909694,162,198,0,2016,485690.0,11307.0,1.157361,1.5188540000000001,NLD,SMR,0
2909695,162,198,0,2017,742516.0,5545.0,1.146959,1.470869,NLD,SMR,0
2909696,162,198,0,2018,1016158.0,0.0,1.1478899999999999,1.454758,NLD,SMR,0
2909697,162,198,0,2019,775103.0,83714.0,1.145044,1.3523530000000001,NLD,SMR,0
2909698,162,198,0,2020,625327.0,38388.0,1.035951,1.559401,NLD,SMR,0
2909699,163,198,0,2018,0.0,67578.0,0.681639,0.021762,NOR,SMR,0
2909700,163,198,0,2019,0.0,7425.0,0.6957300000000001,0.181607,NOR,SMR,0
2909701,163,198,0,2020,0.0,6326.0,0.793459,0.369766,NOR,SMR,0
2909702,163,198,0,2017,0.0,50111.0,0.73658,0.11450199999999999,NOR,SMR,0
2909703,166,198,0,2012,0.0,1636.0,0.410575,0.714584,NZL,SMR,0
2909704,177,198,0,2004,4984093.0,3831575.0,1.019341,1.519452,POL,SMR,0
2909705,177,198,0,2005,13644905.0,5612629.0,0.9564299999999999,1.559385,POL,SMR,0
2909706,177,198,0,2006,19429994.0,3794623.0,0.991927,1.474418,POL,SMR,0
2909707,177,198,0,2007,24174983.0,6726346.0,1.0412139999999999,1.309641,POL,SMR,0
2909708,177,198,0,2008,20724016.0,4249024.0,1.037287,1.244457,POL,SMR,0
2909709,177,198,0,2009,18336011.0,4041258.0,1.11055,1.069074,POL,SMR,0
2909710,177,198,0,2010,20128513.0,3132601.0,1.083552,1.1433719999999998,POL,SMR,0
2909711,177,198,0,2011,22883291.0,4611761.0,1.133641,1.134203,POL,SMR,0
2909712,177,198,0,2012,20082055.0,4599650.0,1.0626870000000002,1.267268,POL,SMR,0
2909713,177,198,0,2013,26142573.0,4125821.0,1.084332,1.216749,POL,SMR,0
2909714,177,198,0,2014,28985455.0,2891767.0,1.133102,1.177165,POL,SMR,0
2909715,177,198,0,2015,23096646.0,2802647.0,1.145844,1.1449280000000002,POL,SMR,0
2909716,177,198,0,2016,30976994.0,4508554.0,1.146113,1.239532,POL,SMR,0
2909717,177,198,0,2017,25486227.0,4592119.0,1.197417,1.092716,POL,SMR,0
2909718,177,198,0,2018,28805237.0,5790975.0,1.132475,1.258945,POL,SMR,0
2909719,177,198,0,2019,25889545.0,5212829.0,1.088347,1.275875,POL,SMR,0
2909720,177,198,0,2020,21276937.0,4381408.0,1.0227979999999999,1.4079139999999999,POL,SMR,0
2909721,177,198,0,2000,6899000.0,653440.0,0.862983,1.8683400000000001,POL,SMR,0
2909722,177,198,0,2001,4949000.0,291065.0,0.9474540000000001,1.8408220000000002,POL,SMR,0
2909723,177,198,0,2002,5719000.0,968059.0,0.931642,1.721727,POL,SMR,0
2909724,177,198,0,2003,5354000.0,868676.0,0.966622,1.664838,POL,SMR,0
2909725,179,198,0,2000,67513.0,12161.0,0.547816,1.70635,PRT,SMR,0
2909726,179,198,0,2002,384009.0,13090.0,0.484407,1.6500080000000001,PRT,SMR,0
2909727,179,198,0,2012,259361.0,9942.0,0.648544,2.405491,PRT,SMR,0
2909728,179,198,0,2013,254399.0,0.0,0.541454,2.5228610000000002,PRT,SMR,0
2909729,179,198,0,2014,242228.0,4211.0,0.621053,2.349644,PRT,SMR,0
2909730,179,198,0,2015,104591.0,7913.0,0.561922,2.2276380000000002,PRT,SMR,0
2909731,179,198,0,2016,105771.0,8965.0,0.519621,2.254972,PRT,SMR,0
2909732,179,198,0,2017,51921.0,9814.0,0.527046,2.264624,PRT,SMR,0
2909733,179,198,0,2018,74771.0,9903.0,0.652628,2.211758,PRT,SMR,0
2909734,179,198,0,2019,61067.0,10658.0,0.545467,2.344447,PRT,SMR,0
2909735,179,198,0,2020,43808.0,2483.0,0.656999,2.1136470000000003,PRT,SMR,0
2909736,179,198,0,2003,366442.0,19380.0,0.471376,1.647303,PRT,SMR,0
2909737,179,198,0,2008,447710.0,28305.0,0.64135,2.1946939999999997,PRT,SMR,0
2909738,179,198,0,2009,321545.0,12185.0,0.559189,2.4359919999999997,PRT,SMR,0
2909739,179,198,0,2010,759777.0,32379.0,0.551149,2.437209,PRT,SMR,0
2909740,179,198,0,2011,415568.0,0.0,0.558481,2.7056240000000003,PRT,SMR,0
2909741,179,198,0,2001,46017.0,106218.0,0.482048,1.662123,PRT,SMR,0
2909742,179,198,0,2005,338902.0,18359.0,0.5119819999999999,1.901636,PRT,SMR,0
2909743,179,198,0,2006,381282.0,26224.0,0.5723630000000001,1.92303,PRT,SMR,0
2909744,179,198,0,2004,374600.0,2606.0,0.524524,1.901139,PRT,SMR,0
2909745,179,198,0,2007,496524.0,45461.0,0.621302,1.971656,PRT,SMR,0
2909746,183,198,0,2018,0.0,27931.0,-0.068401,-1.014732,QAT,SMR,0
2909747,185,198,0,2007,51742004.0,34249927.0,0.69445,1.223747,ROU,SMR,0
2909748,185,198,0,2008,60713098.0,30247368.0,0.784924,1.235527,ROU,SMR,0
2909749,185,198,0,2009,39894765.0,20976651.0,0.833802,1.024418,ROU,SMR,0
2909750,185,198,0,2011,40132120.0,22963402.0,0.722,1.296655,ROU,SMR,0
2909751,185,198,0,2010,38332463.0,19887934.0,0.6483760000000001,1.200256,ROU,SMR,0
2909752,185,198,0,2018,15671557.0,8757345.0,1.050715,1.04471,ROU,SMR,0
2909753,185,198,0,2016,21727611.0,11775890.0,1.061259,0.9878870000000001,ROU,SMR,0
2909754,185,198,0,2017,19281226.0,9796754.0,1.05479,0.9842219999999999,ROU,SMR,0
2909755,185,198,0,2019,16379638.0,9209066.0,1.044289,1.013691,ROU,SMR,0
2909756,185,198,0,2020,15676841.0,9719733.0,1.13426,0.9767809999999999,ROU,SMR,0
2909757,185,198,0,2012,30745880.0,16055936.0,0.745926,1.2884719999999998,ROU,SMR,0
2909758,185,198,0,2013,34224182.0,18637812.0,0.792035,1.225034,ROU,SMR,0
2909759,185,198,0,2015,21528097.0,12242910.0,0.946363,1.056775,ROU,SMR,0
2909760,185,198,0,2014,32231814.0,17056044.0,0.9112,1.188161,ROU,SMR,0
2909761,186,198,0,2016,0.0,437413.0,0.252891,0.200423,RUS,SMR,0
2909762,186,198,0,2017,0.0,102639.0,0.32885,0.288392,RUS,SMR,0
2909763,186,198,0,2006,3707.0,16669.0,0.801197,0.104683,RUS,SMR,0
2909764,186,198,0,2007,19195.0,12882.0,0.5576399999999999,-0.05382000000000001,RUS,SMR,0
2909765,186,198,0,2008,0.0,29830.0,0.559059,-0.00886,RUS,SMR,0
2909766,186,198,0,2009,0.0,21375.0,0.392478,-0.20038399999999998,RUS,SMR,0
2909767,186,198,0,2010,0.0,81071.0,0.583996,-0.223881,RUS,SMR,0
2909768,186,198,0,2011,0.0,108367.0,0.47319399999999995,-0.20801599999999998,RUS,SMR,0
2909769,186,198,0,2012,0.0,316974.0,0.20625500000000002,-0.196697,RUS,SMR,0
2909770,186,198,0,2013,0.0,224558.0,0.481166,-0.180052,RUS,SMR,0
2909771,186,198,0,2014,0.0,124477.0,0.229422,-0.214856,RUS,SMR,0
2909772,186,198,0,2015,0.0,223775.0,0.23119,0.035965,RUS,SMR,0
2909773,186,198,0,2018,204792.0,444819.0,0.21398000000000003,0.100414,RUS,SMR,0
2909774,186,198,0,2019,0.0,524731.0,0.329884,0.26215,RUS,SMR,0
2909775,186,198,0,2020,0.0,611282.0,0.373882,0.42102700000000004,RUS,SMR,0
2909776,188,198,0,2008,0.0,545248.0,-0.09849400000000001,-0.8998309999999999,SAU,SMR,0
2909777,188,198,0,2011,0.0,41035.0,0.354045,-0.800028,SAU,SMR,0
2909778,188,198,0,2013,0.0,147360.0,0.626347,-0.844406,SAU,SMR,0
2909779,188,198,0,2014,0.0,237728.0,0.5758439999999999,-0.832692,SAU,SMR,0
2909780,188,198,0,2015,0.0,792633.0,0.5552520000000001,-0.7263229999999999,SAU,SMR,0
2909781,188,198,0,2016,0.0,40798.0,0.394807,-0.638644,SAU,SMR,0
2909782,188,198,0,2020,0.0,144707.0,0.662925,-0.21661999999999998,SAU,SMR,0
2909783,188,198,0,2009,0.0,130923.0,0.300581,-0.813199,SAU,SMR,0
2909784,188,198,0,2010,0.0,733720.0,0.46696400000000005,-0.7487520000000001,SAU,SMR,0
2909785,188,198,0,2012,0.0,275806.0,0.42235200000000006,-0.818584,SAU,SMR,0
2909786,188,198,0,2017,0.0,94317.0,0.597716,-0.345049,SAU,SMR,0
2909787,188,198,0,2018,0.0,17402.0,0.5801810000000001,-0.447514,SAU,SMR,0
2909788,188,198,0,2019,0.0,19913.0,0.787798,-0.41350600000000004,SAU,SMR,0
2909789,192,198,0,2018,0.0,13057.0,1.914132,0.652011,SGP,SMR,0
2909790,201,198,0,2014,0.0,1240.0,0.551635,1.211535,SRB,SMR,0
2909791,201,198,0,2018,0.0,15671.0,0.607486,1.2139389999999999,SRB,SMR,0
2909792,201,198,0,2019,0.0,22368.0,0.543913,1.210102,SRB,SMR,0
2909793,201,198,0,2020,0.0,6636.0,0.5868399999999999,1.1187120000000002,SRB,SMR,0
2909794,201,198,0,2007,0.0,13964.0,0.579288,1.464123,SRB,SMR,0
2909795,206,198,0,2018,0.0,1180.0,1.3270979999999999,0.877684,SVK,SMR,0
2909796,206,198,0,2019,0.0,1045.0,1.39311,0.743107,SVK,SMR,0
2909797,206,198,0,2020,0.0,4596.0,1.338026,0.825268,SVK,SMR,0
2909798,206,198,0,2000,9464.0,0.0,1.228151,1.112002,SVK,SMR,0
2909799,206,198,0,2001,1143.0,0.0,1.1732770000000001,1.088576,SVK,SMR,0
2909800,206,198,0,2002,9158.0,0.0,1.1907379999999999,1.050649,SVK,SMR,0
2909801,206,198,0,2004,4937.0,7891.0,1.2375120000000002,0.8777889999999999,SVK,SMR,0
2909802,206,198,0,2005,0.0,3669.0,1.250608,0.9054639999999999,SVK,SMR,0
2909803,206,198,0,2017,0.0,2831.0,1.279606,0.85503,SVK,SMR,0
2909804,207,198,0,2012,44598.0,548703.0,1.548381,0.699002,SVN,SMR,0
2909805,207,198,0,2018,18604.0,19459.0,1.67428,0.7703800000000001,SVN,SMR,0
2909806,207,198,0,2007,35249.0,1288.0,1.605767,0.692926,SVN,SMR,0
2909807,207,198,0,2008,17155.0,3187.0,1.5099209999999998,0.683663,SVN,SMR,0
2909808,207,198,0,2010,29488.0,0.0,1.595473,0.7023020000000001,SVN,SMR,0
2909809,207,198,0,2011,27510.0,283201.0,1.642913,0.700222,SVN,SMR,0
2909810,207,198,0,2014,17442.0,22351.0,1.6558669999999998,0.6814399999999999,SVN,SMR,0
2909811,207,198,0,2019,2273.0,145796.0,1.63711,0.803198,SVN,SMR,0
2909812,207,198,0,2000,0.0,34385.0,1.493533,1.142239,SVN,SMR,0
2909813,207,198,0,2002,313551.0,28264.0,1.5643770000000001,1.043862,SVN,SMR,0
2909814,207,198,0,2003,1000589.0,36324.0,1.6459840000000001,1.014191,SVN,SMR,0
2909815,207,198,0,2004,574641.0,20492.0,1.628643,1.02381,SVN,SMR,0
2909816,207,198,0,2005,1050475.0,6427.0,1.583591,0.9321229999999999,SVN,SMR,0
2909817,207,198,0,2006,488256.0,3822.0,1.5882370000000001,0.800719,SVN,SMR,0
2909818,207,198,0,2009,22414.0,13601.0,1.548036,0.730396,SVN,SMR,0
2909819,207,198,0,2016,3248.0,94816.0,1.6466720000000001,0.8247680000000001,SVN,SMR,0
2909820,207,198,0,2017,0.0,22057.0,1.600319,0.854305,SVN,SMR,0
2909821,207,198,0,2013,20827.0,0.0,1.698374,0.563082,SVN,SMR,0
2909822,207,198,0,2015,157039.0,22105.0,1.6089879999999999,0.833616,SVN,SMR,0
2909823,207,198,0,2020,7835.0,123535.0,1.570699,0.8442459999999999,SVN,SMR,0
2909824,207,198,0,2001,319694.0,16451.0,1.5074370000000001,1.1370040000000001,SVN,SMR,0
2909825,208,198,0,2007,229742.0,26770.0,1.927244,0.498241,SWE,SMR,0
2909826,208,198,0,2008,1985489.0,181466.0,1.866575,0.44342700000000007,SWE,SMR,0
2909827,208,198,0,2009,447520.0,20088.0,1.877821,0.336565,SWE,SMR,0
2909828,208,198,0,2011,184597.0,16962.0,1.857146,0.366159,SWE,SMR,0
2909829,208,198,0,2012,114464.0,31282.0,1.78062,0.269041,SWE,SMR,0
2909830,208,198,0,2013,179245.0,17752.0,1.869421,0.228109,SWE,SMR,0
2909831,208,198,0,2014,353196.0,14830.0,1.817752,0.558474,SWE,SMR,0
2909832,208,198,0,2015,1565262.0,1364.0,1.8068349999999997,0.693389,SWE,SMR,0
2909833,208,198,0,2016,2480160.0,25412.0,1.785149,0.767444,SWE,SMR,0
2909834,208,198,0,2017,3552279.0,29481.0,1.764732,0.732646,SWE,SMR,0
2909835,208,198,0,2018,3144724.0,4093.0,1.76361,0.766904,SWE,SMR,0
2909836,208,198,0,2019,492796.0,64217.0,1.781148,0.742037,SWE,SMR,0
2909837,208,198,0,2020,578861.0,54741.0,1.6911310000000002,0.791586,SWE,SMR,0
2909838,208,198,0,2001,0.0,132395.0,2.156845,0.784439,SWE,SMR,0
2909839,208,198,0,2002,0.0,197039.0,2.128614,0.7891199999999999,SWE,SMR,0
2909840,208,198,0,2004,4773.0,41384.0,2.0522080000000003,0.8326969999999999,SWE,SMR,0
2909841,208,198,0,2010,458799.0,76600.0,1.882239,0.397927,SWE,SMR,0
2909842,216,198,0,2011,0.0,4518.0,0.889009,1.503118,THA,SMR,0
2909843,216,198,0,2017,0.0,8822.0,0.983977,1.3926020000000001,THA,SMR,0
2909844,217,198,0,2018,945570.0,0.0,-0.757793,-1.0641209999999999,TJK,SMR,0
2909845,217,198,0,2019,265377.0,0.0,-0.7940020000000001,-1.075605,TJK,SMR,0
2909846,224,198,0,2007,420572.0,22565.0,0.41396700000000003,2.0339869999999998,TUR,SMR,0
2909847,224,198,0,2008,345719.0,0.0,0.44478,2.186881,TUR,SMR,0
2909848,224,198,0,2009,631291.0,0.0,0.384596,2.3797610000000002,TUR,SMR,0
2909849,224,198,0,2010,1016345.0,0.0,0.359977,2.471173,TUR,SMR,0
2909850,224,198,0,2011,226258.0,1348.0,0.45775,2.4316259999999996,TUR,SMR,0
2909851,224,198,0,2012,17051.0,0.0,0.507184,2.259161,TUR,SMR,0
2909852,224,198,0,2013,4590.0,10233.0,0.42932299999999995,2.690235,TUR,SMR,0
2909853,224,198,0,2014,0.0,19616.0,0.554761,2.385693,TUR,SMR,0
2909854,224,198,0,2015,0.0,19314.0,0.438669,2.519632,TUR,SMR,0
2909855,224,198,0,2016,0.0,4066.0,0.45364799999999994,2.478837,TUR,SMR,0
2909856,224,198,0,2017,0.0,70131.0,0.541611,2.405872,TUR,SMR,0
2909857,224,198,0,2018,0.0,20785.0,0.518721,2.5581419999999997,TUR,SMR,0
2909858,224,198,0,2019,0.0,54017.0,0.569408,2.364546,TUR,SMR,0
2909859,224,198,0,2020,0.0,19830.0,0.590472,2.619866,TUR,SMR,0
2909860,224,198,0,2006,193445.0,0.0,0.33971599999999996,2.193384,TUR,SMR,0
2909861,228,198,0,2010,50297.0,0.0,0.714148,0.916267,UKR,SMR,0
2909862,228,198,0,2011,0.0,38242.0,0.6221409999999999,0.765505,UKR,SMR,0
2909863,228,198,0,2012,0.0,110251.0,0.590001,0.8422069999999999,UKR,SMR,0
2909864,228,198,0,2013,0.0,114132.0,0.657729,0.9063200000000001,UKR,SMR,0
2909865,228,198,0,2014,0.0,32408.0,0.566535,0.832267,UKR,SMR,0
2909866,228,198,0,2015,0.0,11463.0,0.429879,0.701813,UKR,SMR,0
2909867,228,198,0,2016,0.0,3855.0,0.406901,0.637051,UKR,SMR,0
2909868,228,198,0,2017,0.0,6332.0,0.461109,0.7826569999999999,UKR,SMR,0
2909869,228,198,0,2001,5790213.0,10336.0,0.8376969999999999,0.989059,UKR,SMR,0
2909870,228,198,0,2002,8264166.0,119171.0,0.835485,0.872135,UKR,SMR,0
2909871,228,198,0,2007,0.0,353863.0,0.7441760000000001,0.8681260000000001,UKR,SMR,0
2909872,228,198,0,2008,0.0,75501.0,0.59355,0.764415,UKR,SMR,0
2909873,228,198,0,2018,0.0,3231.0,0.337296,0.758675,UKR,SMR,0
2909874,228,198,0,2019,0.0,5127.0,0.303802,0.5650270000000001,UKR,SMR,0
2909875,228,198,0,2020,0.0,2258.0,0.383736,0.531328,UKR,SMR,0
2909876,231,198,0,2000,98156.0,17262.0,1.8549650000000002,0.226992,USA,SMR,0
2909877,231,198,0,2001,9201.0,1101.0,1.873674,0.168468,USA,SMR,0
2909878,231,198,0,2002,876411.0,18108.0,1.821594,0.231296,USA,SMR,0
2909879,231,198,0,2003,218970.0,56147.0,1.7789220000000001,0.064028,USA,SMR,0
2909880,231,198,0,2004,309473.0,23108.0,1.7598630000000002,0.066704,USA,SMR,0
2909881,231,198,0,2005,0.0,6779.0,1.718086,-0.34564,USA,SMR,0
2909882,231,198,0,2006,93422.0,421313.0,1.666643,-0.121679,USA,SMR,0
2909883,231,198,0,2007,44850.0,448879.0,1.612165,0.0922,USA,SMR,0
2909884,231,198,0,2008,165742.0,14664.0,1.584278,-0.209788,USA,SMR,0
2909885,231,198,0,2009,54362.0,55721.0,1.657663,-0.41411400000000004,USA,SMR,0
2909886,231,198,0,2010,172071.0,524452.0,1.67573,-0.598165,USA,SMR,0
2909887,231,198,0,2011,101301.0,703879.0,1.6884849999999998,-0.474499,USA,SMR,0
2909888,231,198,0,2012,60476.0,79573.0,1.628377,-0.601941,USA,SMR,0
2909889,231,198,0,2013,60409.0,133855.0,1.6639689999999998,-0.48651300000000003,USA,SMR,0
2909890,231,198,0,2014,73954.0,130809.0,1.61227,0.068905,USA,SMR,0
2909891,231,198,0,2015,248514.0,192382.0,1.720478,-0.129322,USA,SMR,0
2909892,231,198,0,2016,4085.0,242710.0,1.685329,0.297536,USA,SMR,0
2909893,231,198,0,2017,33499.0,67193.0,1.601478,0.277271,USA,SMR,0
2909894,231,198,0,2018,10500.0,115089.0,1.585861,0.44815900000000003,USA,SMR,0
2909895,231,198,0,2019,72871.0,278736.0,1.606808,0.3232,USA,SMR,0
2909896,231,198,0,2020,61791.0,503321.0,1.588148,0.380904,USA,SMR,0
2909897,246,198,0,2004,0.0,63451.0,0.460279,1.9736220000000002,ZAF,SMR,0
2909898,246,198,0,2005,0.0,74812.0,0.484464,1.65903,ZAF,SMR,0
2909899,246,198,0,2020,0.0,243618.0,0.042099,0.923931,ZAF,SMR,0
2909900,246,198,0,2008,0.0,13558.0,0.22551500000000002,1.185506,ZAF,SMR,0
2909901,246,198,0,2010,0.0,2891.0,0.327326,1.513598,ZAF,SMR,0
2909902,246,198,0,2012,0.0,1200.0,0.284069,1.730991,ZAF,SMR,0
2909903,246,198,0,2013,0.0,11616.0,0.380284,1.5682120000000002,ZAF,SMR,0
2909904,246,198,0,2016,0.0,1025.0,0.187396,1.46169,ZAF,SMR,0
2909905,246,198,0,2000,0.0,1196.0,0.5307529999999999,2.1141810000000003,ZAF,SMR,0
2909906,249,198,0,2009,7748.0,0.0,1.5763120000000002,0.9567950000000001,TWN,SMR,0
2909907,249,198,0,2011,4020.0,0.0,1.803234,0.921233,TWN,SMR,0
2909908,249,198,0,2012,14143.0,0.0,1.6528,0.9437409999999999,TWN,SMR,0
2909909,249,198,0,2014,2582.0,0.0,1.9044189999999999,1.0595139999999998,TWN,SMR,0
2909910,249,198,0,2017,289496.0,0.0,2.0548290000000002,1.2552969999999999,TWN,SMR,0
2909911,249,198,0,2018,86419.0,0.0,2.0462540000000002,1.166636,TWN,SMR,0
2909912,249,198,0,2019,173925.0,0.0,2.123296,1.1786969999999999,TWN,SMR,0
2909913,249,198,0,2020,310976.0,0.0,2.0517060000000003,1.205431,TWN,SMR,0
2909914,4,76,0,2010,0.0,14570.0,-0.5316,-0.219561,ALB,FLK,0
2909915,14,76,0,2010,4675.0,0.0,-0.276442,0.062023,AUS,FLK,0
2909916,14,76,0,2016,6450.0,0.0,-0.25955300000000003,0.0011070000000000001,AUS,FLK,0
2909917,14,76,0,2002,1260.0,0.0,0.231386,0.771628,AUS,FLK,0
2909918,15,76,0,2000,0.0,11718.0,1.842429,0.464405,AUT,FLK,0
2909919,15,76,0,2016,16238.0,0.0,1.759363,0.127262,AUT,FLK,0
2909920,15,76,0,1996,0.0,25053.0,1.9216669999999998,0.659388,AUT,FLK,0
2909921,15,76,0,1999,0.0,4118.0,1.836804,0.744312,AUT,FLK,0
2909922,15,76,0,1998,0.0,21371.0,1.891966,0.508137,AUT,FLK,0
2909923,18,76,0,2011,94440.0,0.0,1.221703,1.247961,BEL,FLK,0
2909924,18,76,0,2012,40161.0,0.0,1.107155,1.448274,BEL,FLK,0
2909925,18,76,0,2013,32221.0,0.0,1.316207,0.972601,BEL,FLK,0
2909926,18,76,0,2014,42652.0,0.0,1.234156,1.226441,BEL,FLK,0
2909927,23,76,0,2016,0.0,2104602.0,0.51707,1.7329130000000001,BGR,FLK,0
2909928,23,76,0,2017,0.0,3624169.0,0.557843,1.7221119999999999,BGR,FLK,0
2909929,23,76,0,2018,0.0,4352670.0,0.571226,1.836856,BGR,FLK,0
2909930,23,76,0,2019,0.0,4966366.0,0.572997,1.863346,BGR,FLK,0
2909931,23,76,0,2020,0.0,1832522.0,0.6328520000000001,1.8517009999999998,BGR,FLK,0
2909932,32,76,0,2015,2773.0,0.0,0.23656799999999997,0.688607,BRA,FLK,0
2909933,39,76,0,2015,0.0,3239.0,0.695867,1.171676,CAN,FLK,0
2909934,39,76,0,2016,0.0,1008.0,0.6579050000000001,1.12259,CAN,FLK,0
2909935,41,76,0,2010,63561.0,0.0,2.1492080000000002,0.556424,CHE,FLK,0
2909936,41,76,0,2013,51392.0,0.0,2.2104470000000003,0.5403479999999999,CHE,FLK,0
2909937,41,76,0,2014,21803.0,0.0,2.2000919999999997,0.65398,CHE,FLK,0
2909938,41,76,0,2018,28969.0,0.0,2.2324330000000003,0.7801560000000001,CHE,FLK,0
2909939,59,76,0,2011,0.0,2968598.0,1.737788,0.14741600000000002,CZE,FLK,0
2909940,59,76,0,2014,0.0,3600567.0,1.8105830000000003,0.131131,CZE,FLK,0
2909941,59,76,0,2015,0.0,5043111.0,1.743012,0.45424,CZE,FLK,0
2909942,59,76,0,2019,0.0,3853231.0,1.797611,0.406708,CZE,FLK,0
2909943,59,76,0,2012,0.0,5190408.0,1.747369,-0.0932,CZE,FLK,0
2909944,59,76,0,2013,0.0,4848134.0,1.819653,-0.12423800000000002,CZE,FLK,0
2909945,59,76,0,2006,0.0,3084574.0,1.564058,0.6023649999999999,CZE,FLK,0
2909946,59,76,0,2007,0.0,1740458.0,1.620377,0.379404,CZE,FLK,0
2909947,59,76,0,1996,0.0,108018.0,1.401181,1.3094709999999998,CZE,FLK,0
2909948,59,76,0,1999,0.0,489550.0,1.412439,1.329385,CZE,FLK,0
2909949,59,76,0,2002,0.0,2662698.0,1.550713,1.037066,CZE,FLK,0
2909950,59,76,0,2003,0.0,3480378.0,1.555749,0.8662059999999999,CZE,FLK,0
2909951,59,76,0,2004,0.0,2729026.0,1.562625,0.865244,CZE,FLK,0
2909952,59,76,0,2005,0.0,1867696.0,1.56768,0.6784319999999999,CZE,FLK,0
2909953,59,76,0,2008,0.0,3288228.0,1.592035,0.27983600000000003,CZE,FLK,0
2909954,59,76,0,2009,0.0,3088000.0,1.6323159999999999,0.47257200000000005,CZE,FLK,0
2909955,59,76,0,2010,0.0,2870447.0,1.732044,0.333934,CZE,FLK,0
2909956,59,76,0,2016,0.0,3473100.0,1.823627,0.552354,CZE,FLK,0
2909957,59,76,0,2017,0.0,2198751.0,1.7715130000000001,0.359668,CZE,FLK,0
2909958,59,76,0,2018,0.0,2014892.0,1.841016,0.220806,CZE,FLK,0
2909959,59,76,0,2020,0.0,1744906.0,1.716646,0.602441,CZE,FLK,0
2909960,61,76,0,1995,1014.0,0.0,2.325385,-2.2238189999999998,DEU,FLK,0
2909961,61,76,0,1996,22398.0,11868.0,2.279976,-2.572299,DEU,FLK,0
2909962,61,76,0,1997,7497.0,16750.0,2.293936,-2.2301919999999997,DEU,FLK,0
2909963,61,76,0,1999,31565.0,16987.0,2.334811,-2.060502,DEU,FLK,0
2909964,61,76,0,2000,7083.0,0.0,2.316177,-2.4478419999999996,DEU,FLK,0
2909965,61,76,0,2001,39000.0,0.0,2.321375,-2.1110990000000003,DEU,FLK,0
2909966,61,76,0,2002,23000.0,6539.0,2.297691,-2.183239,DEU,FLK,0
2909967,61,76,0,2004,48133.0,31652.0,2.266076,-2.011139,DEU,FLK,0
2909968,61,76,0,2005,10844.0,3218.0,2.172479,-2.446472,DEU,FLK,0
2909969,61,76,0,2006,107074.0,336800.0,2.132566,-2.773669,DEU,FLK,0
2909970,61,76,0,2007,40065.0,1679200.0,2.114566,-2.934732,DEU,FLK,0
2909971,61,76,0,2008,4374.0,637770.0,2.007167,-3.256961,DEU,FLK,0
2909972,61,76,0,2009,13468.0,311941.0,2.056515,-3.034837,DEU,FLK,0
2909973,61,76,0,2010,2188.0,1419086.0,2.035672,-3.383322,DEU,FLK,0
2909974,61,76,0,2011,0.0,2119089.0,2.074435,-3.440815,DEU,FLK,0
2909975,61,76,0,2012,0.0,2742936.0,1.966247,-3.3238410000000003,DEU,FLK,0
2909976,61,76,0,2013,0.0,464490.0,2.093658,-3.4281980000000005,DEU,FLK,0
2909977,61,76,0,2014,21708.0,313234.0,2.052849,-2.888805,DEU,FLK,0
2909978,61,76,0,2015,0.0,783619.0,2.203818,-2.307561,DEU,FLK,0
2909979,61,76,0,2016,8324.0,2394125.0,2.203093,-2.24919,DEU,FLK,0
2909980,61,76,0,2017,13215.0,1157909.0,2.1149459999999998,-2.525372,DEU,FLK,0
2909981,61,76,0,2018,0.0,1278864.0,2.109059,-2.428826,DEU,FLK,0
2909982,61,76,0,2019,0.0,1944624.0,2.078626,-2.124816,DEU,FLK,0
2909983,61,76,0,2020,0.0,471077.0,2.027494,-2.3646689999999997,DEU,FLK,0
2909984,64,76,0,2006,2858.0,0.0,1.2308700000000001,1.180914,DNK,FLK,0
2909985,64,76,0,2007,11942.0,0.0,1.204019,1.122666,DNK,FLK,0
2909986,64,76,0,2008,7869.0,0.0,1.165294,1.1112440000000001,DNK,FLK,0
2909987,64,76,0,2010,3544.0,0.0,1.082468,1.280759,DNK,FLK,0
2909988,64,76,0,2011,0.0,18787.0,1.156026,1.2248299999999999,DNK,FLK,0
2909989,64,76,0,2013,150637.0,0.0,1.161835,1.1788450000000001,DNK,FLK,0
2909990,64,76,0,2016,6663.0,0.0,1.117864,1.302658,DNK,FLK,0
2909991,71,76,0,1997,1086.0,0.0,1.082049,2.0238650000000002,ESP,FLK,0
2909992,71,76,0,1998,0.0,18368.0,1.051392,1.983438,ESP,FLK,0
2909993,71,76,0,1999,17180.0,0.0,1.0849209999999998,1.9351180000000001,ESP,FLK,0
2909994,71,76,0,2001,0.0,1859.0,1.079664,1.9842220000000002,ESP,FLK,0
2909995,71,76,0,2002,7829.0,0.0,1.012246,2.049594,ESP,FLK,0
2909996,71,76,0,2007,0.0,1462.0,0.914681,2.027797,ESP,FLK,0
2909997,71,76,0,2008,142209.0,70925.0,0.8755649999999999,2.122164,ESP,FLK,0
2909998,71,76,0,2009,34526.0,44636.0,0.9021020000000001,2.170578,ESP,FLK,0
