3579999,162,113,9617,2006,11490.0,0.0,1.192134,1.450852,NLD,JOR,871640
3580000,167,113,9617,2006,0.0,32201.0,-0.6373989999999999,-1.092554,OMN,JOR,871640
3580001,183,113,9617,2006,0.0,137470.0,0.055777999999999994,-1.0379049999999999,QAT,JOR,871640
3580002,188,113,9617,2006,39541.0,68321.0,0.162432,-0.853059,SAU,JOR,871640
3580003,190,113,9617,2006,0.0,125074.0,-1.873762,-1.278378,SDN,JOR,871640
3580004,212,113,9617,2006,6243.0,11224.0,-0.588695,0.532487,SYR,JOR,871640
3580005,224,113,9617,2006,409122.0,0.0,0.33971599999999996,2.193384,TUR,JOR,871640
3580006,231,113,9617,2006,75577.0,0.0,1.666643,-0.121679,USA,JOR,871640
3580007,243,113,9617,2006,0.0,3435.0,-1.0407110000000002,-1.13042,YEM,JOR,871640
3580008,250,113,9617,2006,0.0,304846.0,0.711619,-0.41880200000000006,ANS,JOR,871640
3580009,1,115,9617,2006,0.0,20839.0,-0.626011,-0.6799689999999999,AFG,KAZ,871640
3580010,7,115,9617,2006,78200.0,0.0,0.053903999999999994,-0.735124,ARE,KAZ,871640
3580011,15,115,9617,2006,4940.0,0.0,1.775669,0.192717,AUT,KAZ,871640
3580012,18,115,9617,2006,97651.0,0.0,1.2222540000000002,1.383027,BEL,KAZ,871640
3580013,28,115,9617,2006,68140.0,0.0,0.919853,0.384409,BLR,KAZ,871640
3580014,39,115,9617,2006,114238.0,0.0,0.865685,1.1480489999999999,CAN,KAZ,871640
3580015,41,115,9617,2006,2632.0,0.0,2.052534,0.515523,CHE,KAZ,871640
3580016,43,115,9617,2006,187912.0,0.0,0.737888,2.54966,CHN,KAZ,871640
3580017,59,115,9617,2006,5917.0,0.0,1.564058,0.6023649999999999,CZE,KAZ,871640
3580018,61,115,9617,2006,1347493.0,0.0,2.132566,-2.773669,DEU,KAZ,871640
3580019,64,115,9617,2006,1225.0,0.0,1.2308700000000001,1.180914,DNK,KAZ,871640
3580020,71,115,9617,2006,1503.0,0.0,0.9091370000000001,2.068166,ESP,KAZ,871640
3580021,72,115,9617,2006,1356.0,0.0,0.6426350000000001,0.925003,EST,KAZ,871640
3580022,74,115,9617,2006,185981.0,0.0,1.864038,0.8193940000000001,FIN,KAZ,871640
3580023,77,115,9617,2006,219338.0,0.0,1.47591,0.489466,FRA,KAZ,871640
3580024,81,115,9617,2006,88977.0,0.0,1.824154,0.614424,GBR,KAZ,871640
3580025,102,115,9617,2006,4737.0,0.0,1.4034309999999999,0.835144,HUN,KAZ,871640
3580026,111,115,9617,2006,11542.0,0.0,1.293779,0.93995,ITA,KAZ,871640
3580027,114,115,9617,2006,1771.0,0.0,2.4348099999999997,0.082887,JPN,KAZ,871640
3580028,117,115,9617,2006,0.0,3837.0,-0.034069,0.136694,KGZ,KAZ,871640
3580029,130,115,9617,2006,229732.0,0.0,0.44063599999999997,1.163857,LTU,KAZ,871640
3580030,132,115,9617,2006,3928.0,0.0,0.531375,0.9414170000000001,LVA,KAZ,871640
3580031,162,115,9617,2006,262341.0,0.0,1.192134,1.450852,NLD,KAZ,871640
3580032,177,115,9617,2006,15788.0,0.0,0.991927,1.474418,POL,KAZ,871640
3580033,186,115,9617,2006,795771.0,86784.0,0.801197,0.104683,RUS,KAZ,871640
3580034,192,115,9617,2006,7636.0,0.0,1.5377379999999998,0.503089,SGP,KAZ,871640
3580035,206,115,9617,2006,2121.0,0.0,1.291583,0.868317,SVK,KAZ,871640
3580036,208,115,9617,2006,31472.0,0.0,1.902737,0.593294,SWE,KAZ,871640
3580037,216,115,9617,2006,7124.0,0.0,0.568209,1.685343,THA,KAZ,871640
3580038,224,115,9617,2006,304512.0,0.0,0.33971599999999996,2.193384,TUR,KAZ,871640
3580039,228,115,9617,2006,25293.0,0.0,0.7008439999999999,0.79656,UKR,KAZ,871640
3580040,231,115,9617,2006,627487.0,0.0,1.666643,-0.121679,USA,KAZ,871640
3580041,249,115,9617,2006,24031.0,0.0,1.619915,1.2289940000000001,TWN,KAZ,871640
3580042,7,116,9617,2006,22383.0,0.0,0.053903999999999994,-0.735124,ARE,KEN,871640
3580043,17,116,9617,2006,0.0,148075.0,-0.033711,-0.48450600000000005,BDI,KEN,871640
3580044,32,116,9617,2006,16625.0,0.0,0.633889,1.1474520000000001,BRA,KEN,871640
3580045,41,116,9617,2006,12755.0,0.0,2.052534,0.515523,CHE,KEN,871640
3580046,43,116,9617,2006,125260.0,0.0,0.737888,2.54966,CHN,KEN,871640
3580047,46,116,9617,2006,0.0,1090772.0,-1.542137,-1.086494,COD,KEN,871640
3580048,61,116,9617,2006,9096833.0,0.0,2.132566,-2.773669,DEU,KEN,871640
3580049,68,116,9617,2006,199867.0,0.0,-0.182272,0.40222399999999997,EGY,KEN,871640
3580050,71,116,9617,2006,12531.0,0.0,0.9091370000000001,2.068166,ESP,KEN,871640
3580051,77,116,9617,2006,538490.0,0.0,1.47591,0.489466,FRA,KEN,871640
3580052,81,116,9617,2006,29695.0,0.0,1.824154,0.614424,GBR,KEN,871640
3580053,104,116,9617,2006,7293.0,0.0,0.285652,2.731318,IND,KEN,871640
3580054,111,116,9617,2006,18876.0,0.0,1.293779,0.93995,ITA,KEN,871640
3580055,121,116,9617,2006,875490.0,0.0,1.5384309999999999,0.766628,KOR,KEN,871640
3580056,122,116,9617,2006,133853.0,0.0,-0.589823,-1.142795,KWT,KEN,871640
3580057,136,116,9617,2006,22976.0,23265.0,-1.024657,-0.393395,MDG,KEN,871640
3580058,162,116,9617,2006,77733.0,0.0,1.192134,1.450852,NLD,KEN,871640
3580059,163,116,9617,2006,117786.0,0.0,1.0787930000000001,0.014051,NOR,KEN,871640
3580060,187,116,9617,2006,0.0,619842.0,-0.032827999999999996,-0.42937600000000004,RWA,KEN,871640
3580061,190,116,9617,2006,0.0,401066.0,-1.873762,-1.278378,SDN,KEN,871640
3580062,192,116,9617,2006,334189.0,0.0,1.5377379999999998,0.503089,SGP,KEN,871640
3580063,199,116,9617,2006,0.0,2637.0,-0.8717010000000001,-0.8264969999999999,SOM,KEN,871640
3580064,208,116,9617,2006,18779.0,0.0,1.902737,0.593294,SWE,KEN,871640
3580065,216,116,9617,2006,29116.0,0.0,0.568209,1.685343,THA,KEN,871640
3580066,226,116,9617,2006,15170.0,3596986.0,-0.953097,0.159129,TZA,KEN,871640
3580067,227,116,9617,2006,0.0,3786626.0,-0.702511,-0.43976099999999996,UGA,KEN,871640
3580068,231,116,9617,2006,100931.0,0.0,1.666643,-0.121679,USA,KEN,871640
3580069,246,116,9617,2006,5236.0,0.0,0.37964499999999995,1.466326,ZAF,KEN,871640
3580070,247,116,9617,2006,1129.0,0.0,-0.5307,-0.793621,ZMB,KEN,871640
3580071,18,117,9617,2006,1335.0,0.0,1.2222540000000002,1.383027,BEL,KGZ,871640
3580072,43,117,9617,2006,69625.0,0.0,0.737888,2.54966,CHN,KGZ,871640
3580073,61,117,9617,2006,50206.0,0.0,2.132566,-2.773669,DEU,KGZ,871640
3580074,77,117,9617,2006,304087.0,0.0,1.47591,0.489466,FRA,KGZ,871640
3580075,114,117,9617,2006,60262.0,0.0,2.4348099999999997,0.082887,JPN,KGZ,871640
3580076,115,117,9617,2006,3837.0,0.0,0.038229,-0.579421,KAZ,KGZ,871640
3580077,130,117,9617,2006,85209.0,0.0,0.44063599999999997,1.163857,LTU,KGZ,871640
3580078,162,117,9617,2006,14270.0,0.0,1.192134,1.450852,NLD,KGZ,871640
3580079,177,117,9617,2006,942.0,0.0,0.991927,1.474418,POL,KGZ,871640
3580080,186,117,9617,2006,7263.0,0.0,0.801197,0.104683,RUS,KGZ,871640
3580081,224,117,9617,2006,37011.0,0.0,0.33971599999999996,2.193384,TUR,KGZ,871640
3580082,7,122,9617,2006,49813.0,20679.0,0.053903999999999994,-0.735124,ARE,KWT,871640
3580083,32,122,9617,2006,1842.0,0.0,0.633889,1.1474520000000001,BRA,KWT,871640
3580084,41,122,9617,2006,1583.0,0.0,2.052534,0.515523,CHE,KWT,871640
3580085,43,122,9617,2006,76220.0,0.0,0.737888,2.54966,CHN,KWT,871640
3580086,61,122,9617,2006,147021.0,0.0,2.132566,-2.773669,DEU,KWT,871640
3580087,64,122,9617,2006,40557.0,0.0,1.2308700000000001,1.180914,DNK,KWT,871640
3580088,77,122,9617,2006,79764.0,0.0,1.47591,0.489466,FRA,KWT,871640
3580089,81,122,9617,2006,1674.0,0.0,1.824154,0.614424,GBR,KWT,871640
3580090,113,122,9617,2006,318312.0,0.0,0.166718,0.331248,JOR,KWT,871640
3580091,114,122,9617,2006,2571.0,0.0,2.4348099999999997,0.082887,JPN,KWT,871640
3580092,116,122,9617,2006,0.0,133853.0,-0.38287899999999997,1.060286,KEN,KWT,871640
3580093,124,122,9617,2006,14008.0,0.0,0.3861,1.586183,LBN,KWT,871640
3580094,183,122,9617,2006,0.0,78675.0,0.055777999999999994,-1.0379049999999999,QAT,KWT,871640
3580095,188,122,9617,2006,45346.0,25315.0,0.162432,-0.853059,SAU,KWT,871640
3580096,208,122,9617,2006,48376.0,0.0,1.902737,0.593294,SWE,KWT,871640
3580097,224,122,9617,2006,24505.0,0.0,0.33971599999999996,2.193384,TUR,KWT,871640
3580098,231,122,9617,2006,112612.0,0.0,1.666643,-0.121679,USA,KWT,871640
3580099,249,122,9617,2006,5931.0,0.0,1.619915,1.2289940000000001,TWN,KWT,871640
3580100,250,122,9617,2006,50950.0,0.0,0.711619,-0.41880200000000006,ANS,KWT,871640
3580101,7,124,9617,2006,0.0,9220.0,0.053903999999999994,-0.735124,ARE,LBN,871640
3580102,18,124,9617,2006,7284.0,0.0,1.2222540000000002,1.383027,BEL,LBN,871640
3580103,41,124,9617,2006,9490.0,0.0,2.052534,0.515523,CHE,LBN,871640
3580104,43,124,9617,2006,1247.0,0.0,0.737888,2.54966,CHN,LBN,871640
3580105,61,124,9617,2006,337925.0,0.0,2.132566,-2.773669,DEU,LBN,871640
3580106,71,124,9617,2006,4539.0,0.0,0.9091370000000001,2.068166,ESP,LBN,871640
3580107,77,124,9617,2006,229561.0,0.0,1.47591,0.489466,FRA,LBN,871640
3580108,81,124,9617,2006,64215.0,0.0,1.824154,0.614424,GBR,LBN,871640
3580109,83,124,9617,2006,0.0,31230.0,-0.9934860000000001,-0.809318,GHA,LBN,871640
3580110,111,124,9617,2006,111198.0,0.0,1.293779,0.93995,ITA,LBN,871640
3580111,114,124,9617,2006,6598.0,0.0,2.4348099999999997,0.082887,JPN,LBN,871640
3580112,122,124,9617,2006,0.0,14008.0,-0.589823,-1.142795,KWT,LBN,871640
3580113,148,124,9617,2006,0.0,6794.0,-1.72422,-1.2414399999999999,MRT,LBN,871640
3580114,159,124,9617,2006,0.0,24262.0,-2.094353,-1.215025,NGA,LBN,871640
3580115,163,124,9617,2006,2462.0,0.0,1.0787930000000001,0.014051,NOR,LBN,871640
3580116,183,124,9617,2006,6209.0,15549.0,0.055777999999999994,-1.0379049999999999,QAT,LBN,871640
3580117,188,124,9617,2006,0.0,28603.0,0.162432,-0.853059,SAU,LBN,871640
3580118,208,124,9617,2006,47291.0,0.0,1.902737,0.593294,SWE,LBN,871640
3580119,212,124,9617,2006,0.0,9101.0,-0.588695,0.532487,SYR,LBN,871640
3580120,228,124,9617,2006,0.0,1786.0,0.7008439999999999,0.79656,UKR,LBN,871640
3580121,231,124,9617,2006,16524.0,0.0,1.666643,-0.121679,USA,LBN,871640
3580122,248,124,9617,2006,0.0,1684.0,-0.41825500000000004,-0.55313,ZWE,LBN,871640
3580123,1,130,9617,2006,0.0,2380.0,-0.626011,-0.6799689999999999,AFG,LTU,871640
3580124,15,130,9617,2006,24263.0,0.0,1.775669,0.192717,AUT,LTU,871640
3580125,18,130,9617,2006,21667.0,0.0,1.2222540000000002,1.383027,BEL,LTU,871640
3580126,28,130,9617,2006,35542.0,16535.0,0.919853,0.384409,BLR,LTU,871640
3580127,39,130,9617,2006,0.0,2593.0,0.865685,1.1480489999999999,CAN,LTU,871640
3580128,41,130,9617,2006,12272.0,0.0,2.052534,0.515523,CHE,LTU,871640
3580129,59,130,9617,2006,50519.0,60003.0,1.564058,0.6023649999999999,CZE,LTU,871640
3580130,61,130,9617,2006,5479298.0,488461.0,2.132566,-2.773669,DEU,LTU,871640
3580131,64,130,9617,2006,864386.0,168457.0,1.2308700000000001,1.180914,DNK,LTU,871640
3580132,71,130,9617,2006,2223.0,4439.0,0.9091370000000001,2.068166,ESP,LTU,871640
3580133,72,130,9617,2006,626526.0,162826.0,0.6426350000000001,0.925003,EST,LTU,871640
3580134,74,130,9617,2006,1232220.0,46611.0,1.864038,0.8193940000000001,FIN,LTU,871640
3580135,77,130,9617,2006,75220.0,15261.0,1.47591,0.489466,FRA,LTU,871640
3580136,81,130,9617,2006,406565.0,843291.0,1.824154,0.614424,GBR,LTU,871640
3580137,82,130,9617,2006,0.0,9252.0,0.076711,-0.47216099999999994,GEO,LTU,871640
3580138,102,130,9617,2006,0.0,41900.0,1.4034309999999999,0.835144,HUN,LTU,871640
3580139,111,130,9617,2006,2193261.0,0.0,1.293779,0.93995,ITA,LTU,871640
3580140,115,130,9617,2006,0.0,229732.0,0.038229,-0.579421,KAZ,LTU,871640
3580141,117,130,9617,2006,0.0,85209.0,-0.034069,0.136694,KGZ,LTU,871640
3580142,131,130,9617,2006,5540.0,0.0,1.4345620000000001,0.8840819999999999,LUX,LTU,871640
3580143,132,130,9617,2006,435432.0,590904.0,0.531375,0.9414170000000001,LVA,LTU,871640
3580144,162,130,9617,2006,143393.0,142005.0,1.192134,1.450852,NLD,LTU,871640
3580145,163,130,9617,2006,280981.0,25519.0,1.0787930000000001,0.014051,NOR,LTU,871640
3580146,177,130,9617,2006,3505686.0,66082.0,0.991927,1.474418,POL,LTU,871640
3580147,186,130,9617,2006,9165.0,1495221.0,0.801197,0.104683,RUS,LTU,871640
3580148,207,130,9617,2006,18326.0,0.0,1.5882370000000001,0.800719,SVN,LTU,871640
3580149,208,130,9617,2006,5390.0,152654.0,1.902737,0.593294,SWE,LTU,871640
3580150,219,130,9617,2006,0.0,1326.0,-1.155861,-1.200933,TKM,LTU,871640
3580151,228,130,9617,2006,0.0,108759.0,0.7008439999999999,0.79656,UKR,LTU,871640
3580152,231,130,9617,2006,61708.0,3977.0,1.666643,-0.121679,USA,LTU,871640
3580153,232,130,9617,2006,0.0,33979.0,-0.457759,-0.784626,UZB,LTU,871640
3580154,15,131,9617,2006,11235.0,0.0,1.775669,0.192717,AUT,LUX,871640
3580155,18,131,9617,2006,886803.0,8905.0,1.2222540000000002,1.383027,BEL,LUX,871640
3580156,23,131,9617,2006,0.0,869.0,0.414563,1.378005,BGR,LUX,871640
3580157,41,131,9617,2006,34765.0,145791.0,2.052534,0.515523,CHE,LUX,871640
3580158,51,131,9617,2006,0.0,11840.0,0.369814,-0.414812,CPV,LUX,871640
3580159,61,131,9617,2006,844762.0,927196.0,2.132566,-2.773669,DEU,LUX,871640
3580160,72,131,9617,2006,10012.0,11189.0,0.6426350000000001,0.925003,EST,LUX,871640
3580161,77,131,9617,2006,864600.0,91726.0,1.47591,0.489466,FRA,LUX,871640
3580162,102,131,9617,2006,0.0,41422.0,1.4034309999999999,0.835144,HUN,LUX,871640
3580163,109,131,9617,2006,0.0,3251.0,0.170234,-0.302203,ISL,LUX,871640
3580164,111,131,9617,2006,14376.0,0.0,1.293779,0.93995,ITA,LUX,871640
3580165,130,131,9617,2006,0.0,5540.0,0.44063599999999997,1.163857,LTU,LUX,871640
3580166,162,131,9617,2006,43958.0,36125.0,1.192134,1.450852,NLD,LUX,871640
3580167,177,131,9617,2006,305817.0,5571.0,0.991927,1.474418,POL,LUX,871640
3580168,185,131,9617,2006,0.0,106671.0,0.550825,1.170744,ROU,LUX,871640
3580169,208,131,9617,2006,0.0,7349.0,1.902737,0.593294,SWE,LUX,871640
3580170,15,132,9617,2006,25812.0,0.0,1.775669,0.192717,AUT,LVA,871640
3580171,18,132,9617,2006,33678.0,0.0,1.2222540000000002,1.383027,BEL,LVA,871640
3580172,28,132,9617,2006,16579.0,1231.0,0.919853,0.384409,BLR,LVA,871640
3580173,43,132,9617,2006,31520.0,0.0,0.737888,2.54966,CHN,LVA,871640
3580174,59,132,9617,2006,1567.0,0.0,1.564058,0.6023649999999999,CZE,LVA,871640
3580175,61,132,9617,2006,237040.0,0.0,2.132566,-2.773669,DEU,LVA,871640
3580176,64,132,9617,2006,2121102.0,151536.0,1.2308700000000001,1.180914,DNK,LVA,871640
3580177,72,132,9617,2006,385017.0,553208.0,0.6426350000000001,0.925003,EST,LVA,871640
3580178,74,132,9617,2006,1487106.0,0.0,1.864038,0.8193940000000001,FIN,LVA,871640
3580179,111,132,9617,2006,326315.0,0.0,1.293779,0.93995,ITA,LVA,871640
3580180,115,132,9617,2006,0.0,3928.0,0.038229,-0.579421,KAZ,LVA,871640
3580181,130,132,9617,2006,590904.0,435432.0,0.44063599999999997,1.163857,LTU,LVA,871640
3580182,162,132,9617,2006,163444.0,0.0,1.192134,1.450852,NLD,LVA,871640
3580183,163,132,9617,2006,21035.0,0.0,1.0787930000000001,0.014051,NOR,LVA,871640
3580184,177,132,9617,2006,342506.0,0.0,0.991927,1.474418,POL,LVA,871640
3580185,186,132,9617,2006,0.0,41292.0,0.801197,0.104683,RUS,LVA,871640
3580186,208,132,9617,2006,42816.0,123990.0,1.902737,0.593294,SWE,LVA,871640
3580187,228,132,9617,2006,0.0,9968.0,0.7008439999999999,0.79656,UKR,LVA,871640
3580188,231,132,9617,2006,13285.0,0.0,1.666643,-0.121679,USA,LVA,871640
3580189,237,132,9617,2006,0.0,20368.0,1.05644,0.179306,VGB,LVA,871640
3580190,7,147,9617,2006,762.0,0.0,0.053903999999999994,-0.735124,ARE,MOZ,871640
3580191,18,147,9617,2006,41416.0,0.0,1.2222540000000002,1.383027,BEL,MOZ,871640
3580192,32,147,9617,2006,61300.0,0.0,0.633889,1.1474520000000001,BRA,MOZ,871640
3580193,43,147,9617,2006,4420.0,0.0,0.737888,2.54966,CHN,MOZ,871640
3580194,64,147,9617,2006,20517.0,0.0,1.2308700000000001,1.180914,DNK,MOZ,871640
3580195,81,147,9617,2006,27317.0,0.0,1.824154,0.614424,GBR,MOZ,871640
3580196,97,147,9617,2006,27010.0,0.0,0.5776319999999999,2.076782,HKG,MOZ,871640
3580197,109,147,9617,2006,13709.0,0.0,0.170234,-0.302203,ISL,MOZ,871640
3580198,152,147,9617,2006,166387.0,0.0,-1.145132,-1.0946209999999998,MWI,MOZ,871640
3580199,177,147,9617,2006,75613.0,0.0,0.991927,1.474418,POL,MOZ,871640
3580200,179,147,9617,2006,7348.0,0.0,0.5723630000000001,1.92303,PRT,MOZ,871640
3580201,186,147,9617,2006,1315.0,0.0,0.801197,0.104683,RUS,MOZ,871640
3580202,209,147,9617,2006,17565.0,19631.0,0.750674,0.221306,SWZ,MOZ,871640
3580203,226,147,9617,2006,0.0,1947.0,-0.953097,0.159129,TZA,MOZ,871640
3580204,231,147,9617,2006,7137.0,1541.0,1.666643,-0.121679,USA,MOZ,871640
3580205,246,147,9617,2006,2008514.0,41268.0,0.37964499999999995,1.466326,ZAF,MOZ,871640
3580206,248,147,9617,2006,1043855.0,3152.0,-0.41825500000000004,-0.55313,ZWE,MOZ,871640
3580207,250,147,9617,2006,4315.0,0.0,0.711619,-0.41880200000000006,ANS,MOZ,871640
3580208,15,163,9617,2006,74715.0,0.0,1.775669,0.192717,AUT,NOR,871640
3580209,18,163,9617,2006,1191813.0,0.0,1.2222540000000002,1.383027,BEL,NOR,871640
3580210,19,163,9617,2006,0.0,2221.0,-0.8434360000000001,-0.798307,BEN,NOR,871640
3580211,28,163,9617,2006,43289.0,0.0,0.919853,0.384409,BLR,NOR,871640
3580212,31,163,9617,2006,0.0,42156.0,-0.805185,-0.754091,BOL,NOR,871640
3580213,41,163,9617,2006,64726.0,0.0,2.052534,0.515523,CHE,NOR,871640
3580214,42,163,9617,2006,0.0,2436.0,-0.188298,-0.46778000000000003,CHL,NOR,871640
3580215,43,163,9617,2006,69719.0,0.0,0.737888,2.54966,CHN,NOR,871640
3580216,61,163,9617,2006,3061501.0,228390.0,2.132566,-2.773669,DEU,NOR,871640
3580217,64,163,9617,2006,3948212.0,537591.0,1.2308700000000001,1.180914,DNK,NOR,871640
3580218,69,163,9617,2006,0.0,5000.0,0.216725,-0.337624,ERI,NOR,871640
3580219,71,163,9617,2006,224389.0,72782.0,0.9091370000000001,2.068166,ESP,NOR,871640
3580220,72,163,9617,2006,1381220.0,70351.0,0.6426350000000001,0.925003,EST,NOR,871640
3580221,73,163,9617,2006,0.0,37079.0,-0.9557180000000001,-0.9153479999999999,ETH,NOR,871640
3580222,74,163,9617,2006,385726.0,378164.0,1.864038,0.8193940000000001,FIN,NOR,871640
3580223,77,163,9617,2006,141256.0,967.0,1.47591,0.489466,FRA,NOR,871640
3580224,78,163,9617,2006,0.0,18003.0,-0.117631,-0.69352,FRO,NOR,871640
3580225,81,163,9617,2006,88210.0,3995.0,1.824154,0.614424,GBR,NOR,871640
3580226,83,163,9617,2006,0.0,1423.0,-0.9934860000000001,-0.809318,GHA,NOR,871640
3580227,90,163,9617,2006,0.0,925.0,0.261955,1.488958,GRC,NOR,871640
3580228,102,163,9617,2006,3634.0,0.0,1.4034309999999999,0.835144,HUN,NOR,871640
3580229,108,163,9617,2006,0.0,51008.0,-2.029727,-0.8634219999999999,IRQ,NOR,871640
3580230,109,163,9617,2006,0.0,1278.0,0.170234,-0.302203,ISL,NOR,871640
3580231,111,163,9617,2006,215597.0,3894.0,1.293779,0.93995,ITA,NOR,871640
3580232,116,163,9617,2006,0.0,117786.0,-0.38287899999999997,1.060286,KEN,NOR,871640
3580233,124,163,9617,2006,0.0,2462.0,0.3861,1.586183,LBN,NOR,871640
3580234,128,163,9617,2006,40525.0,0.0,-0.573767,0.305913,LKA,NOR,871640
3580235,130,163,9617,2006,25519.0,280981.0,0.44063599999999997,1.163857,LTU,NOR,871640
3580236,132,163,9617,2006,0.0,21035.0,0.531375,0.9414170000000001,LVA,NOR,871640
3580237,162,163,9617,2006,1168228.0,239232.0,1.192134,1.450852,NLD,NOR,871640
3580238,177,163,9617,2006,1522020.0,61038.0,0.991927,1.474418,POL,NOR,871640
3580239,185,163,9617,2006,0.0,2396.0,0.550825,1.170744,ROU,NOR,871640
3580240,186,163,9617,2006,20913.0,29224.0,0.801197,0.104683,RUS,NOR,871640
3580241,190,163,9617,2006,0.0,33648.0,-1.873762,-1.278378,SDN,NOR,871640
3580242,206,163,9617,2006,104580.0,0.0,1.291583,0.868317,SVK,NOR,871640
3580243,208,163,9617,2006,9206421.0,1367185.0,1.902737,0.593294,SWE,NOR,871640
3580244,224,163,9617,2006,0.0,1026.0,0.33971599999999996,2.193384,TUR,NOR,871640
3580245,231,163,9617,2006,139003.0,12230355.0,1.666643,-0.121679,USA,NOR,871640
3580246,7,167,9617,2006,2183226.0,0.0,0.053903999999999994,-0.735124,ARE,OMN,871640
3580247,41,167,9617,2006,4551.0,0.0,2.052534,0.515523,CHE,OMN,871640
3580248,43,167,9617,2006,896.0,0.0,0.737888,2.54966,CHN,OMN,871640
3580249,59,167,9617,2006,5729.0,0.0,1.564058,0.6023649999999999,CZE,OMN,871640
3580250,61,167,9617,2006,4766.0,0.0,2.132566,-2.773669,DEU,OMN,871640
3580251,81,167,9617,2006,69224.0,0.0,1.824154,0.614424,GBR,OMN,871640
3580252,97,167,9617,2006,1856302.0,0.0,0.5776319999999999,2.076782,HKG,OMN,871640
3580253,103,167,9617,2006,10921.0,0.0,-0.21012399999999998,1.467838,IDN,OMN,871640
3580254,113,167,9617,2006,32201.0,0.0,0.166718,0.331248,JOR,OMN,871640
3580255,162,167,9617,2006,19924.0,0.0,1.192134,1.450852,NLD,OMN,871640
3580256,168,167,9617,2006,0.0,5123.0,-0.449333,0.563013,PAK,OMN,871640
3580257,188,167,9617,2006,54775.0,0.0,0.162432,-0.853059,SAU,OMN,871640
3580258,208,167,9617,2006,141734.0,0.0,1.902737,0.593294,SWE,OMN,871640
3580259,224,167,9617,2006,54495.0,0.0,0.33971599999999996,2.193384,TUR,OMN,871640
3580260,231,167,9617,2006,2688292.0,0.0,1.666643,-0.121679,USA,OMN,871640
3580261,2,179,9617,2006,0.0,1696616.0,-2.0822979999999998,-1.176767,AGO,PRT,871640
3580262,15,179,9617,2006,1393.0,0.0,1.775669,0.192717,AUT,PRT,871640
3580263,18,179,9617,2006,47112.0,25851.0,1.2222540000000002,1.383027,BEL,PRT,871640
3580264,39,179,9617,2006,1110.0,0.0,0.865685,1.1480489999999999,CAN,PRT,871640
3580265,41,179,9617,2006,24711.0,0.0,2.052534,0.515523,CHE,PRT,871640
3580266,43,179,9617,2006,17293.0,0.0,0.737888,2.54966,CHN,PRT,871640
3580267,51,179,9617,2006,0.0,44370.0,0.369814,-0.414812,CPV,PRT,871640
3580268,61,179,9617,2006,141284.0,199885.0,2.132566,-2.773669,DEU,PRT,871640
3580269,71,179,9617,2006,3797374.0,1059308.0,0.9091370000000001,2.068166,ESP,PRT,871640
3580270,77,179,9617,2006,595451.0,0.0,1.47591,0.489466,FRA,PRT,871640
3580271,81,179,9617,2006,359994.0,0.0,1.824154,0.614424,GBR,PRT,871640
3580272,83,179,9617,2006,0.0,2631.0,-0.9934860000000001,-0.809318,GHA,PRT,871640
3580273,88,179,9617,2006,0.0,16100.0,-1.528471,-0.926991,GNB,PRT,871640
3580274,89,179,9617,2006,0.0,53200.0,-2.188173,-0.8631700000000001,GNQ,PRT,871640
3580275,111,179,9617,2006,829022.0,0.0,1.293779,0.93995,ITA,PRT,871640
3580276,134,179,9617,2006,0.0,12016.0,-0.547933,0.08257300000000001,MAR,PRT,871640
3580277,147,179,9617,2006,0.0,7348.0,-1.0250629999999998,-1.067359,MOZ,PRT,871640
3580278,162,179,9617,2006,5366.0,605048.0,1.192134,1.450852,NLD,PRT,871640
3580279,177,179,9617,2006,43130.0,0.0,0.991927,1.474418,POL,PRT,871640
3580280,180,179,9617,2006,0.0,1865.0,-0.520435,-0.7839119999999999,PRY,PRT,871640
3580281,191,179,9617,2006,0.0,7227.0,-0.364713,-0.183612,SEN,PRT,871640
3580282,220,179,9617,2006,0.0,27708.0,-0.13665,-0.72122,TLS,PRT,871640
3580283,231,179,9617,2006,52741.0,0.0,1.666643,-0.121679,USA,PRT,871640
3580284,1,186,9617,2006,0.0,31007.0,-0.626011,-0.6799689999999999,AFG,RUS,871640
3580285,8,186,9617,2006,20471.0,0.0,0.33055,0.665867,ARG,RUS,871640
3580286,15,186,9617,2006,44982.0,0.0,1.775669,0.192717,AUT,RUS,871640
3580287,16,186,9617,2006,0.0,27234.0,-0.521304,-1.035764,AZE,RUS,871640
3580288,18,186,9617,2006,1149360.0,0.0,1.2222540000000002,1.383027,BEL,RUS,871640
3580289,22,186,9617,2006,0.0,12961.0,-1.0305309999999999,-0.80937,BGD,RUS,871640
3580290,23,186,9617,2006,48862.0,0.0,0.414563,1.378005,BGR,RUS,871640
3580291,28,186,9617,2006,2901537.0,267137.0,0.919853,0.384409,BLR,RUS,871640
3580292,33,186,9617,2006,0.0,1246.0,0.977267,0.6046560000000001,BRB,RUS,871640
3580293,39,186,9617,2006,4545970.0,0.0,0.865685,1.1480489999999999,CAN,RUS,871640
3580294,41,186,9617,2006,43430.0,0.0,2.052534,0.515523,CHE,RUS,871640
3580295,43,186,9617,2006,130230.0,4724.0,0.737888,2.54966,CHN,RUS,871640
3580296,47,186,9617,2006,0.0,64720.0,-1.9903240000000002,-1.189925,COG,RUS,871640
3580297,59,186,9617,2006,19052.0,5751.0,1.564058,0.6023649999999999,CZE,RUS,871640
3580298,61,186,9617,2006,3629942.0,66522.0,2.132566,-2.773669,DEU,RUS,871640
3580299,64,186,9617,2006,53103.0,0.0,1.2308700000000001,1.180914,DNK,RUS,871640
3580300,66,186,9617,2006,0.0,67846.0,-0.489962,-1.12456,DZA,RUS,871640
3580301,71,186,9617,2006,9996.0,0.0,0.9091370000000001,2.068166,ESP,RUS,871640
3580302,72,186,9617,2006,219507.0,11897.0,0.6426350000000001,0.925003,EST,RUS,871640
3580303,74,186,9617,2006,567626.0,48617.0,1.864038,0.8193940000000001,FIN,RUS,871640
3580304,77,186,9617,2006,886594.0,0.0,1.47591,0.489466,FRA,RUS,871640
3580305,81,186,9617,2006,60493.0,0.0,1.824154,0.614424,GBR,RUS,871640
3580306,82,186,9617,2006,0.0,4636.0,0.076711,-0.47216099999999994,GEO,RUS,871640
3580307,102,186,9617,2006,957.0,0.0,1.4034309999999999,0.835144,HUN,RUS,871640
3580308,110,186,9617,2006,5313.0,0.0,1.3082129999999998,0.783845,ISR,RUS,871640
3580309,111,186,9617,2006,8838891.0,0.0,1.293779,0.93995,ITA,RUS,871640
3580310,114,186,9617,2006,51765.0,0.0,2.4348099999999997,0.082887,JPN,RUS,871640
3580311,115,186,9617,2006,86784.0,795771.0,0.038229,-0.579421,KAZ,RUS,871640
3580312,117,186,9617,2006,0.0,7263.0,-0.034069,0.136694,KGZ,RUS,871640
3580313,121,186,9617,2006,136309.0,53205.0,1.5384309999999999,0.766628,KOR,RUS,871640
3580314,130,186,9617,2006,1495221.0,9165.0,0.44063599999999997,1.163857,LTU,RUS,871640
3580315,132,186,9617,2006,41292.0,0.0,0.531375,0.9414170000000001,LVA,RUS,871640
3580316,135,186,9617,2006,15603.0,0.0,-0.017707,0.135305,MDA,RUS,871640
3580317,145,186,9617,2006,1091.0,25425.0,-1.147217,-1.0734709999999998,MNG,RUS,871640
3580318,147,186,9617,2006,0.0,1315.0,-1.0250629999999998,-1.067359,MOZ,RUS,871640
3580319,162,186,9617,2006,5130646.0,0.0,1.192134,1.450852,NLD,RUS,871640
3580320,163,186,9617,2006,29224.0,20913.0,1.0787930000000001,0.014051,NOR,RUS,871640
3580321,174,186,9617,2006,0.0,18919.0,0.161994,0.036631,PHL,RUS,871640
3580322,177,186,9617,2006,1448812.0,11142.0,0.991927,1.474418,POL,RUS,871640
3580323,190,186,9617,2006,0.0,20520.0,-1.873762,-1.278378,SDN,RUS,871640
3580324,191,186,9617,2006,0.0,126506.0,-0.364713,-0.183612,SEN,RUS,871640
3580325,201,186,9617,2006,0.0,679.0,0.547824,1.5588879999999998,SRB,RUS,871640
3580326,206,186,9617,2006,48029.0,0.0,1.291583,0.868317,SVK,RUS,871640
3580327,207,186,9617,2006,5633.0,0.0,1.5882370000000001,0.800719,SVN,RUS,871640
3580328,208,186,9617,2006,89164.0,223584.0,1.902737,0.593294,SWE,RUS,871640
3580329,219,186,9617,2006,0.0,1546.0,-1.155861,-1.200933,TKM,RUS,871640
3580330,224,186,9617,2006,462846.0,0.0,0.33971599999999996,2.193384,TUR,RUS,871640
3580331,228,186,9617,2006,128535.0,51900.0,0.7008439999999999,0.79656,UKR,RUS,871640
3580332,231,186,9617,2006,1436570.0,0.0,1.666643,-0.121679,USA,RUS,871640
3580333,232,186,9617,2006,0.0,40655.0,-0.457759,-0.784626,UZB,RUS,871640
3580334,236,186,9617,2006,0.0,78321.0,-0.340972,-1.015462,VEN,RUS,871640
3580335,239,186,9617,2006,0.0,107305.0,-0.342779,1.033318,VNM,RUS,871640
3580336,250,186,9617,2006,0.0,8715.0,0.711619,-0.41880200000000006,ANS,RUS,871640
3580337,7,192,9617,2006,93434.0,520961.0,0.053903999999999994,-0.735124,ARE,SGP,871640
3580338,14,192,9617,2006,3217.0,0.0,0.067166,0.373148,AUS,SGP,871640
3580339,15,192,9617,2006,2055.0,0.0,1.775669,0.192717,AUT,SGP,871640
3580340,18,192,9617,2006,0.0,32440.0,1.2222540000000002,1.383027,BEL,SGP,871640
3580341,22,192,9617,2006,0.0,19168.0,-1.0305309999999999,-0.80937,BGD,SGP,871640
3580342,34,192,9617,2006,22195.0,162711.0,-1.331831,-0.9170940000000001,BRN,SGP,871640
3580343,43,192,9617,2006,285449.0,0.0,0.737888,2.54966,CHN,SGP,871640
3580344,61,192,9617,2006,1562216.0,0.0,2.132566,-2.773669,DEU,SGP,871640
3580345,66,192,9617,2006,0.0,21590.0,-0.489962,-1.12456,DZA,SGP,871640
3580346,75,192,9617,2006,0.0,31609.0,-0.6554949999999999,-0.098284,FJI,SGP,871640
3580347,77,192,9617,2006,21417.0,0.0,1.47591,0.489466,FRA,SGP,871640
3580348,81,192,9617,2006,78806.0,88207.0,1.824154,0.614424,GBR,SGP,871640
3580349,96,192,9617,2006,0.0,72261.0,-0.813775,-0.8000649999999999,GUY,SGP,871640
3580350,97,192,9617,2006,0.0,58541.0,0.5776319999999999,2.076782,HKG,SGP,871640
3580351,103,192,9617,2006,3144705.0,545392.0,-0.21012399999999998,1.467838,IDN,SGP,871640
3580352,104,192,9617,2006,8853.0,2034.0,0.285652,2.731318,IND,SGP,871640
3580353,111,192,9617,2006,349333.0,0.0,1.293779,0.93995,ITA,SGP,871640
3580354,114,192,9617,2006,15349.0,0.0,2.4348099999999997,0.082887,JPN,SGP,871640
3580355,115,192,9617,2006,0.0,7636.0,0.038229,-0.579421,KAZ,SGP,871640
3580356,116,192,9617,2006,0.0,334189.0,-0.38287899999999997,1.060286,KEN,SGP,871640
3580357,118,192,9617,2006,0.0,3635.0,-1.323365,-1.185827,KHM,SGP,871640
3580358,151,192,9617,2006,0.0,12125.0,-0.311109,-0.07267,MUS,SGP,871640
3580359,153,192,9617,2006,137022.0,69627.0,0.7896569999999999,0.363625,MYS,SGP,871640
3580360,159,192,9617,2006,0.0,38660.0,-2.094353,-1.215025,NGA,SGP,871640
3580361,162,192,9617,2006,28683.0,0.0,1.192134,1.450852,NLD,SGP,871640
3580362,166,192,9617,2006,0.0,7741.0,0.5371,0.8240209999999999,NZL,SGP,871640
3580363,188,192,9617,2006,0.0,721549.0,0.162432,-0.853059,SAU,SGP,871640
3580364,208,192,9617,2006,0.0,10612.0,1.902737,0.593294,SWE,SGP,871640
3580365,211,192,9617,2006,0.0,3334.0,-0.344619,-0.796139,SYC,SGP,871640
3580366,216,192,9617,2006,7168.0,183741.0,0.568209,1.685343,THA,SGP,871640
3580367,231,192,9617,2006,124687.0,0.0,1.666643,-0.121679,USA,SGP,871640
3580368,239,192,9617,2006,0.0,101539.0,-0.342779,1.033318,VNM,SGP,871640
3580369,246,192,9617,2006,0.0,148987.0,0.37964499999999995,1.466326,ZAF,SGP,871640
3580370,248,192,9617,2006,0.0,6149.0,-0.41825500000000004,-0.55313,ZWE,SGP,871640
3580371,15,201,9617,2006,478421.0,0.0,1.775669,0.192717,AUT,SRB,871640
3580372,18,201,9617,2006,4097.0,0.0,1.2222540000000002,1.383027,BEL,SRB,871640
3580373,23,201,9617,2006,22557.0,0.0,0.414563,1.378005,BGR,SRB,871640
3580374,26,201,9617,2006,1319.0,38416.0,0.40788800000000003,0.562854,BIH,SRB,871640
3580375,39,201,9617,2006,817.0,0.0,0.865685,1.1480489999999999,CAN,SRB,871640
3580376,41,201,9617,2006,55875.0,0.0,2.052534,0.515523,CHE,SRB,871640
3580377,59,201,9617,2006,7984.0,0.0,1.564058,0.6023649999999999,CZE,SRB,871640
3580378,61,201,9617,2006,448908.0,0.0,2.132566,-2.773669,DEU,SRB,871640
3580379,74,201,9617,2006,6433.0,0.0,1.864038,0.8193940000000001,FIN,SRB,871640
3580380,77,201,9617,2006,2331.0,0.0,1.47591,0.489466,FRA,SRB,871640
3580381,100,201,9617,2006,2297.0,51026.0,0.755787,0.992614,HRV,SRB,871640
3580382,102,201,9617,2006,108053.0,1076.0,1.4034309999999999,0.835144,HUN,SRB,871640
3580383,111,201,9617,2006,40582.0,0.0,1.293779,0.93995,ITA,SRB,871640
3580384,144,201,9617,2006,0.0,8939.0,0.130773,-0.24674699999999997,MNE,SRB,871640
3580385,162,201,9617,2006,965.0,0.0,1.192134,1.450852,NLD,SRB,871640
3580386,185,201,9617,2006,0.0,1085.0,0.550825,1.170744,ROU,SRB,871640
3580387,186,201,9617,2006,679.0,0.0,0.801197,0.104683,RUS,SRB,871640
3580388,206,201,9617,2006,3300.0,0.0,1.291583,0.868317,SVK,SRB,871640
3580389,207,201,9617,2006,24665.0,0.0,1.5882370000000001,0.800719,SVN,SRB,871640
3580390,208,201,9617,2006,19555.0,0.0,1.902737,0.593294,SWE,SRB,871640
3580391,231,201,9617,2006,8706.0,0.0,1.666643,-0.121679,USA,SRB,871640
3580392,250,201,9617,2006,124272.0,0.0,0.711619,-0.41880200000000006,ANS,SRB,871640
3580393,15,206,9617,2006,390266.0,7000.0,1.775669,0.192717,AUT,SVK,871640
3580394,18,206,9617,2006,314516.0,21511.0,1.2222540000000002,1.383027,BEL,SVK,871640
3580395,23,206,9617,2006,0.0,9164.0,0.414563,1.378005,BGR,SVK,871640
3580396,39,206,9617,2006,90753.0,0.0,0.865685,1.1480489999999999,CAN,SVK,871640
3580397,43,206,9617,2006,10597.0,0.0,0.737888,2.54966,CHN,SVK,871640
3580398,59,206,9617,2006,445575.0,29136.0,1.564058,0.6023649999999999,CZE,SVK,871640
3580399,61,206,9617,2006,5163406.0,358497.0,2.132566,-2.773669,DEU,SVK,871640
3580400,64,206,9617,2006,35964.0,0.0,1.2308700000000001,1.180914,DNK,SVK,871640
3580401,71,206,9617,2006,172145.0,0.0,0.9091370000000001,2.068166,ESP,SVK,871640
3580402,77,206,9617,2006,1587712.0,615971.0,1.47591,0.489466,FRA,SVK,871640
3580403,102,206,9617,2006,24844.0,19272.0,1.4034309999999999,0.835144,HUN,SVK,871640
3580404,111,206,9617,2006,1693896.0,0.0,1.293779,0.93995,ITA,SVK,871640
3580405,115,206,9617,2006,0.0,2121.0,0.038229,-0.579421,KAZ,SVK,871640
3580406,162,206,9617,2006,33858.0,724699.0,1.192134,1.450852,NLD,SVK,871640
3580407,163,206,9617,2006,0.0,104580.0,1.0787930000000001,0.014051,NOR,SVK,871640
3580408,177,206,9617,2006,209362.0,0.0,0.991927,1.474418,POL,SVK,871640
3580409,185,206,9617,2006,0.0,10139.0,0.550825,1.170744,ROU,SVK,871640
3580410,186,206,9617,2006,0.0,48029.0,0.801197,0.104683,RUS,SVK,871640
3580411,201,206,9617,2006,0.0,3300.0,0.547824,1.5588879999999998,SRB,SVK,871640
3580412,207,206,9617,2006,7650.0,0.0,1.5882370000000001,0.800719,SVN,SVK,871640
3580413,212,206,9617,2006,0.0,1228.0,-0.588695,0.532487,SYR,SVK,871640
3580414,228,206,9617,2006,0.0,13527.0,0.7008439999999999,0.79656,UKR,SVK,871640
3580415,250,206,9617,2006,1186502.0,0.0,0.711619,-0.41880200000000006,ANS,SVK,871640
3580416,15,207,9617,2006,71545.0,462196.0,1.775669,0.192717,AUT,SVN,871640
3580417,18,207,9617,2006,4534.0,0.0,1.2222540000000002,1.383027,BEL,SVN,871640
3580418,23,207,9617,2006,0.0,4358.0,0.414563,1.378005,BGR,SVN,871640
3580419,26,207,9617,2006,0.0,23228.0,0.40788800000000003,0.562854,BIH,SVN,871640
3580420,39,207,9617,2006,1537.0,0.0,0.865685,1.1480489999999999,CAN,SVN,871640
3580421,41,207,9617,2006,1545.0,0.0,2.052534,0.515523,CHE,SVN,871640
3580422,59,207,9617,2006,1073.0,0.0,1.564058,0.6023649999999999,CZE,SVN,871640
3580423,61,207,9617,2006,1418925.0,741769.0,2.132566,-2.773669,DEU,SVN,871640
3580424,71,207,9617,2006,197722.0,0.0,0.9091370000000001,2.068166,ESP,SVN,871640
3580425,72,207,9617,2006,20212.0,6702.0,0.6426350000000001,0.925003,EST,SVN,871640
3580426,74,207,9617,2006,15726.0,0.0,1.864038,0.8193940000000001,FIN,SVN,871640
3580427,77,207,9617,2006,1132914.0,0.0,1.47591,0.489466,FRA,SVN,871640
3580428,81,207,9617,2006,3813.0,0.0,1.824154,0.614424,GBR,SVN,871640
3580429,100,207,9617,2006,1018.0,116734.0,0.755787,0.992614,HRV,SVN,871640
3580430,102,207,9617,2006,215057.0,0.0,1.4034309999999999,0.835144,HUN,SVN,871640
3580431,111,207,9617,2006,1395718.0,9170.0,1.293779,0.93995,ITA,SVN,871640
3580432,130,207,9617,2006,0.0,18326.0,0.44063599999999997,1.163857,LTU,SVN,871640
3580433,144,207,9617,2006,0.0,4456.0,0.130773,-0.24674699999999997,MNE,SVN,871640
3580434,162,207,9617,2006,12748.0,0.0,1.192134,1.450852,NLD,SVN,871640
3580435,177,207,9617,2006,466613.0,1319.0,0.991927,1.474418,POL,SVN,871640
3580436,185,207,9617,2006,0.0,1257.0,0.550825,1.170744,ROU,SVN,871640
3580437,186,207,9617,2006,0.0,5633.0,0.801197,0.104683,RUS,SVN,871640
3580438,188,207,9617,2006,0.0,8010.0,0.162432,-0.853059,SAU,SVN,871640
3580439,201,207,9617,2006,0.0,24665.0,0.547824,1.5588879999999998,SRB,SVN,871640
3580440,206,207,9617,2006,0.0,7650.0,1.291583,0.868317,SVK,SVN,871640
3580441,224,207,9617,2006,49259.0,0.0,0.33971599999999996,2.193384,TUR,SVN,871640
3580442,228,207,9617,2006,0.0,6958.0,0.7008439999999999,0.79656,UKR,SVN,871640
3580443,231,207,9617,2006,3023.0,0.0,1.666643,-0.121679,USA,SVN,871640
3580444,250,207,9617,2006,101881.0,0.0,0.711619,-0.41880200000000006,ANS,SVN,871640
3580445,18,212,9617,2006,32354.0,0.0,1.2222540000000002,1.383027,BEL,SYR,871640
3580446,41,212,9617,2006,3801.0,0.0,2.052534,0.515523,CHE,SYR,871640
3580447,61,212,9617,2006,200124.0,0.0,2.132566,-2.773669,DEU,SYR,871640
3580448,71,212,9617,2006,399378.0,0.0,0.9091370000000001,2.068166,ESP,SYR,871640
3580449,74,212,9617,2006,11379.0,0.0,1.864038,0.8193940000000001,FIN,SYR,871640
3580450,77,212,9617,2006,59563.0,0.0,1.47591,0.489466,FRA,SYR,871640
3580451,90,212,9617,2006,65573.0,0.0,0.261955,1.488958,GRC,SYR,871640
3580452,102,212,9617,2006,45262.0,0.0,1.4034309999999999,0.835144,HUN,SYR,871640
3580453,106,212,9617,2006,15745.0,0.0,1.43804,0.06463200000000001,IRL,SYR,871640
3580454,111,212,9617,2006,63899.0,0.0,1.293779,0.93995,ITA,SYR,871640
3580455,113,212,9617,2006,11224.0,6243.0,0.166718,0.331248,JOR,SYR,871640
3580456,124,212,9617,2006,9101.0,0.0,0.3861,1.586183,LBN,SYR,871640
3580457,162,212,9617,2006,7061.0,0.0,1.192134,1.450852,NLD,SYR,871640
3580458,177,212,9617,2006,20433.0,0.0,0.991927,1.474418,POL,SYR,871640
3580459,183,212,9617,2006,29524.0,24677.0,0.055777999999999994,-1.0379049999999999,QAT,SYR,871640
3580460,188,212,9617,2006,0.0,34892.0,0.162432,-0.853059,SAU,SYR,871640
3580461,190,212,9617,2006,0.0,2173.0,-1.873762,-1.278378,SDN,SYR,871640
3580462,206,212,9617,2006,1228.0,0.0,1.291583,0.868317,SVK,SYR,871640
3580463,208,212,9617,2006,2203.0,0.0,1.902737,0.593294,SWE,SYR,871640
3580464,224,212,9617,2006,189195.0,22029.0,0.33971599999999996,2.193384,TUR,SYR,871640
3580465,43,223,9617,2006,2390.0,0.0,0.737888,2.54966,CHN,TUN,871640
3580466,61,223,9617,2006,115750.0,0.0,2.132566,-2.773669,DEU,TUN,871640
3580467,66,223,9617,2006,50964.0,374740.0,-0.489962,-1.12456,DZA,TUN,871640
3580468,71,223,9617,2006,32451.0,0.0,0.9091370000000001,2.068166,ESP,TUN,871640
3580469,77,223,9617,2006,155817.0,0.0,1.47591,0.489466,FRA,TUN,871640
3580470,111,223,9617,2006,604940.0,0.0,1.293779,0.93995,ITA,TUN,871640
3580471,126,223,9617,2006,0.0,18793.0,-0.518724,-1.142074,LBY,TUN,871640
3580472,188,223,9617,2006,38070.0,0.0,0.162432,-0.853059,SAU,TUN,871640
3580473,2,228,9617,2006,0.0,4876.0,-2.0822979999999998,-1.176767,AGO,UKR,871640
3580474,15,228,9617,2006,53175.0,5607.0,1.775669,0.192717,AUT,UKR,871640
3580475,18,228,9617,2006,584619.0,0.0,1.2222540000000002,1.383027,BEL,UKR,871640
3580476,23,228,9617,2006,4568.0,0.0,0.414563,1.378005,BGR,UKR,871640
3580477,28,228,9617,2006,102826.0,0.0,0.919853,0.384409,BLR,UKR,871640
3580478,39,228,9617,2006,1846.0,0.0,0.865685,1.1480489999999999,CAN,UKR,871640
3580479,43,228,9617,2006,35708.0,0.0,0.737888,2.54966,CHN,UKR,871640
3580480,59,228,9617,2006,56505.0,0.0,1.564058,0.6023649999999999,CZE,UKR,871640
3580481,61,228,9617,2006,573522.0,0.0,2.132566,-2.773669,DEU,UKR,871640
3580482,64,228,9617,2006,25135.0,0.0,1.2308700000000001,1.180914,DNK,UKR,871640
3580483,71,228,9617,2006,6425.0,0.0,0.9091370000000001,2.068166,ESP,UKR,871640
3580484,72,228,9617,2006,97882.0,0.0,0.6426350000000001,0.925003,EST,UKR,871640
3580485,74,228,9617,2006,3461.0,15628.0,1.864038,0.8193940000000001,FIN,UKR,871640
3580486,77,228,9617,2006,42334.0,0.0,1.47591,0.489466,FRA,UKR,871640
3580487,102,228,9617,2006,69125.0,0.0,1.4034309999999999,0.835144,HUN,UKR,871640
3580488,111,228,9617,2006,1765818.0,0.0,1.293779,0.93995,ITA,UKR,871640
3580489,115,228,9617,2006,0.0,25293.0,0.038229,-0.579421,KAZ,UKR,871640
3580490,124,228,9617,2006,1786.0,0.0,0.3861,1.586183,LBN,UKR,871640
3580491,130,228,9617,2006,108759.0,0.0,0.44063599999999997,1.163857,LTU,UKR,871640
3580492,132,228,9617,2006,9968.0,0.0,0.531375,0.9414170000000001,LVA,UKR,871640
3580493,135,228,9617,2006,4444.0,7109.0,-0.017707,0.135305,MDA,UKR,871640
3580494,143,228,9617,2006,0.0,74043.0,-1.543679,-1.145623,MMR,UKR,871640
3580495,145,228,9617,2006,0.0,42976.0,-1.147217,-1.0734709999999998,MNG,UKR,871640
3580496,162,228,9617,2006,905586.0,0.0,1.192134,1.450852,NLD,UKR,871640
3580497,177,228,9617,2006,4800946.0,4828.0,0.991927,1.474418,POL,UKR,871640
3580498,186,228,9617,2006,51900.0,128535.0,0.801197,0.104683,RUS,UKR,871640
3580499,206,228,9617,2006,13527.0,0.0,1.291583,0.868317,SVK,UKR,871640
3580500,207,228,9617,2006,6958.0,0.0,1.5882370000000001,0.800719,SVN,UKR,871640
3580501,224,228,9617,2006,19052.0,0.0,0.33971599999999996,2.193384,TUR,UKR,871640
3580502,231,228,9617,2006,4405.0,2511.0,1.666643,-0.121679,USA,UKR,871640
3580503,2,246,9617,2006,0.0,345386.0,-2.0822979999999998,-1.176767,AGO,ZAF,871640
3580504,7,246,9617,2006,0.0,2149.0,0.053903999999999994,-0.735124,ARE,ZAF,871640
3580505,14,246,9617,2006,110806.0,10073.0,0.067166,0.373148,AUS,ZAF,871640
3580506,18,246,9617,2006,1151.0,0.0,1.2222540000000002,1.383027,BEL,ZAF,871640
3580507,37,246,9617,2006,71985.0,1787735.0,-1.0541459999999998,-1.179286,BWA,ZAF,871640
3580508,39,246,9617,2006,1076.0,0.0,0.865685,1.1480489999999999,CAN,ZAF,871640
3580509,41,246,9617,2006,4950.0,0.0,2.052534,0.515523,CHE,ZAF,871640
3580510,43,246,9617,2006,59568.0,0.0,0.737888,2.54966,CHN,ZAF,871640
3580511,46,246,9617,2006,0.0,1112172.0,-1.542137,-1.086494,COD,ZAF,871640
3580512,47,246,9617,2006,0.0,455826.0,-1.9903240000000002,-1.189925,COG,ZAF,871640
3580513,49,246,9617,2006,0.0,1088.0,0.129887,0.44371700000000003,COL,ZAF,871640
3580514,58,246,9617,2006,0.0,1161.0,0.708267,-0.048096,CYP,ZAF,871640
3580515,61,246,9617,2006,55913.0,14015.0,2.132566,-2.773669,DEU,ZAF,871640
3580516,62,246,9617,2006,0.0,42709.0,-0.251707,-0.436792,DJI,ZAF,871640
3580517,64,246,9617,2006,100860.0,0.0,1.2308700000000001,1.180914,DNK,ZAF,871640
3580518,69,246,9617,2006,0.0,67827.0,0.216725,-0.337624,ERI,ZAF,871640
3580519,77,246,9617,2006,1578483.0,0.0,1.47591,0.489466,FRA,ZAF,871640
3580520,81,246,9617,2006,63846.0,0.0,1.824154,0.614424,GBR,ZAF,871640
3580521,83,246,9617,2006,0.0,26962.0,-0.9934860000000001,-0.809318,GHA,ZAF,871640
3580522,85,246,9617,2006,0.0,3618.0,-1.8376720000000002,-1.229774,GIN,ZAF,871640
3580523,88,246,9617,2006,0.0,12842.0,-1.528471,-0.926991,GNB,ZAF,871640
3580524,104,246,9617,2006,6885.0,0.0,0.285652,2.731318,IND,ZAF,871640
3580525,111,246,9617,2006,1221384.0,0.0,1.293779,0.93995,ITA,ZAF,871640
3580526,114,246,9617,2006,0.0,2711.0,2.4348099999999997,0.082887,JPN,ZAF,871640
3580527,116,246,9617,2006,0.0,5236.0,-0.38287899999999997,1.060286,KEN,ZAF,871640
3580528,141,246,9617,2006,0.0,2310.0,-0.503462,-0.778836,MLI,ZAF,871640
3580529,147,246,9617,2006,41268.0,2008514.0,-1.0250629999999998,-1.067359,MOZ,ZAF,871640
3580530,148,246,9617,2006,0.0,32261.0,-1.72422,-1.2414399999999999,MRT,ZAF,871640
3580531,151,246,9617,2006,0.0,27029.0,-0.311109,-0.07267,MUS,ZAF,871640
3580532,152,246,9617,2006,0.0,609147.0,-1.145132,-1.0946209999999998,MWI,ZAF,871640
3580533,155,246,9617,2006,7008.0,1981971.0,-0.515361,-0.8027350000000001,NAM,ZAF,871640
3580534,159,246,9617,2006,0.0,3430.0,-2.094353,-1.215025,NGA,ZAF,871640
3580535,162,246,9617,2006,2785.0,6948.0,1.192134,1.450852,NLD,ZAF,871640
3580536,166,246,9617,2006,191963.0,7396.0,0.5371,0.8240209999999999,NZL,ZAF,871640
3580537,168,246,9617,2006,8321.0,0.0,-0.449333,0.563013,PAK,ZAF,871640
3580538,192,246,9617,2006,148987.0,0.0,1.5377379999999998,0.503089,SGP,ZAF,871640
3580539,196,246,9617,2006,0.0,3438.0,0.518163,-0.032742,SLE,ZAF,871640
3580540,208,246,9617,2006,5167.0,0.0,1.902737,0.593294,SWE,ZAF,871640
3580541,209,246,9617,2006,2981.0,110939.0,0.750674,0.221306,SWZ,ZAF,871640
3580542,211,246,9617,2006,0.0,20604.0,-0.344619,-0.796139,SYC,ZAF,871640
3580543,226,246,9617,2006,0.0,894032.0,-0.953097,0.159129,TZA,ZAF,871640
3580544,227,246,9617,2006,0.0,87111.0,-0.702511,-0.43976099999999996,UGA,ZAF,871640
3580545,231,246,9617,2006,223741.0,0.0,1.666643,-0.121679,USA,ZAF,871640
3580546,243,246,9617,2006,0.0,1979.0,-1.0407110000000002,-1.13042,YEM,ZAF,871640
3580547,247,246,9617,2006,11990.0,2931448.0,-0.5307,-0.793621,ZMB,ZAF,871640
3580548,248,246,9617,2006,13629.0,7533845.0,-0.41825500000000004,-0.55313,ZWE,ZAF,871640
3580549,249,246,9617,2006,4167.0,0.0,1.619915,1.2289940000000001,TWN,ZAF,871640
3580550,2,37,9617,2006,0.0,7262.0,-2.0822979999999998,-1.176767,AGO,BWA,871640
3580551,14,37,9617,2006,2781.0,0.0,0.067166,0.373148,AUS,BWA,871640
3580552,43,37,9617,2006,8450.0,0.0,0.737888,2.54966,CHN,BWA,871640
3580553,81,37,9617,2006,3979.0,0.0,1.824154,0.614424,GBR,BWA,871640
3580554,114,37,9617,2006,14098.0,0.0,2.4348099999999997,0.082887,JPN,BWA,871640
3580555,155,37,9617,2006,2459.0,1664.0,-0.515361,-0.8027350000000001,NAM,BWA,871640
3580556,246,37,9617,2006,1787735.0,71985.0,0.37964499999999995,1.466326,ZAF,BWA,871640
3580557,247,37,9617,2006,0.0,8567.0,-0.5307,-0.793621,ZMB,BWA,871640
3580558,248,37,9617,2006,1118.0,30106.0,-0.41825500000000004,-0.55313,ZWE,BWA,871640
3580559,18,44,9617,2006,22316.0,0.0,1.2222540000000002,1.383027,BEL,CIV,871640
3580560,22,44,9617,2006,0.0,104552.0,-1.0305309999999999,-0.80937,BGD,CIV,871640
3580561,61,44,9617,2006,56686.0,0.0,2.132566,-2.773669,DEU,CIV,871640
3580562,64,44,9617,2006,962.0,0.0,1.2308700000000001,1.180914,DNK,CIV,871640
3580563,77,44,9617,2006,19081.0,8199926.0,1.47591,0.489466,FRA,CIV,871640
3580564,81,44,9617,2006,5969.0,0.0,1.824154,0.614424,GBR,CIV,871640
3580565,111,44,9617,2006,36490.0,0.0,1.293779,0.93995,ITA,CIV,871640
3580566,113,44,9617,2006,410455.0,0.0,0.166718,0.331248,JOR,CIV,871640
3580567,114,44,9617,2006,4206.0,0.0,2.4348099999999997,0.082887,JPN,CIV,871640
3580568,121,44,9617,2006,1208.0,0.0,1.5384309999999999,0.766628,KOR,CIV,871640
3580569,136,44,9617,2006,0.0,2500.0,-1.024657,-0.393395,MDG,CIV,871640
3580570,162,44,9617,2006,55360.0,0.0,1.192134,1.450852,NLD,CIV,871640
3580571,166,44,9617,2006,75326.0,0.0,0.5371,0.8240209999999999,NZL,CIV,871640
3580572,168,44,9617,2006,112335.0,73961.0,-0.449333,0.563013,PAK,CIV,871640
3580573,208,44,9617,2006,1327.0,0.0,1.902737,0.593294,SWE,CIV,871640
3580574,231,44,9617,2006,1734.0,0.0,1.666643,-0.121679,USA,CIV,871640
3580575,18,45,9617,2006,39336.0,0.0,1.2222540000000002,1.383027,BEL,CMR,871640
3580576,38,45,9617,2006,0.0,60373.0,-0.768791,-0.822677,CAF,CMR,871640
3580577,47,45,9617,2006,0.0,291298.0,-1.9903240000000002,-1.189925,COG,CMR,871640
3580578,77,45,9617,2006,33903.0,0.0,1.47591,0.489466,FRA,CMR,871640
3580579,111,45,9617,2006,16314.0,0.0,1.293779,0.93995,ITA,CMR,871640
3580580,162,45,9617,2006,51296.0,0.0,1.192134,1.450852,NLD,CMR,871640
3580581,214,45,9617,2006,0.0,301322.0,-3.0579419999999997,-0.8926649999999999,TCD,CMR,871640
3580582,32,54,9617,2006,237666.0,0.0,0.633889,1.1474520000000001,BRA,CUB,871640
3580583,39,54,9617,2006,933315.0,0.0,0.865685,1.1480489999999999,CAN,CUB,871640
3580584,43,54,9617,2006,33919.0,0.0,0.737888,2.54966,CHN,CUB,871640
3580585,65,54,9617,2006,0.0,22672.0,-0.24073699999999998,0.049093,DOM,CUB,871640
3580586,71,54,9617,2006,475990.0,0.0,0.9091370000000001,2.068166,ESP,CUB,871640
3580587,111,54,9617,2006,4763.0,0.0,1.293779,0.93995,ITA,CUB,871640
3580588,138,54,9617,2006,3486.0,0.0,1.047268,0.7142270000000001,MEX,CUB,871640
3580589,18,66,9617,2006,226274.0,0.0,1.2222540000000002,1.383027,BEL,DZA,871640
3580590,32,66,9617,2006,238087.0,0.0,0.633889,1.1474520000000001,BRA,DZA,871640
3580591,39,66,9617,2006,344142.0,0.0,0.865685,1.1480489999999999,CAN,DZA,871640
3580592,43,66,9617,2006,4273415.0,0.0,0.737888,2.54966,CHN,DZA,871640
3580593,61,66,9617,2006,103124.0,0.0,2.132566,-2.773669,DEU,DZA,871640
3580594,68,66,9617,2006,50475.0,0.0,-0.182272,0.40222399999999997,EGY,DZA,871640
3580595,71,66,9617,2006,3461086.0,0.0,0.9091370000000001,2.068166,ESP,DZA,871640
3580596,77,66,9617,2006,3725991.0,0.0,1.47591,0.489466,FRA,DZA,871640
3580597,111,66,9617,2006,450590.0,0.0,1.293779,0.93995,ITA,DZA,871640
3580598,121,66,9617,2006,154439.0,0.0,1.5384309999999999,0.766628,KOR,DZA,871640
3580599,186,66,9617,2006,67846.0,0.0,0.801197,0.104683,RUS,DZA,871640
3580600,192,66,9617,2006,21590.0,0.0,1.5377379999999998,0.503089,SGP,DZA,871640
3580601,223,66,9617,2006,374740.0,50964.0,-0.013636,0.804752,TUN,DZA,871640
3580602,224,66,9617,2006,41855.0,0.0,0.33971599999999996,2.193384,TUR,DZA,871640
3580603,231,66,9617,2006,2129319.0,0.0,1.666643,-0.121679,USA,DZA,871640
3580604,18,80,9617,2006,66807.0,0.0,1.2222540000000002,1.383027,BEL,GAB,871640
3580605,43,80,9617,2006,117043.0,0.0,0.737888,2.54966,CHN,GAB,871640
3580606,47,80,9617,2006,0.0,78737.0,-1.9903240000000002,-1.189925,COG,GAB,871640
3580607,61,80,9617,2006,4343.0,0.0,2.132566,-2.773669,DEU,GAB,871640
3580608,77,80,9617,2006,762411.0,133464.0,1.47591,0.489466,FRA,GAB,871640
3580609,97,80,9617,2006,59089.0,0.0,0.5776319999999999,2.076782,HKG,GAB,871640
3580610,111,80,9617,2006,53020.0,0.0,1.293779,0.93995,ITA,GAB,871640
3580611,191,80,9617,2006,10089.0,0.0,-0.364713,-0.183612,SEN,GAB,871640
3580612,231,80,9617,2006,15075.0,0.0,1.666643,-0.121679,USA,GAB,871640
3580613,7,83,9617,2006,1791352.0,0.0,0.053903999999999994,-0.735124,ARE,GHA,871640
3580614,14,83,9617,2006,24059.0,0.0,0.067166,0.373148,AUS,GHA,871640
3580615,18,83,9617,2006,411564.0,0.0,1.2222540000000002,1.383027,BEL,GHA,871640
3580616,39,83,9617,2006,7001.0,0.0,0.865685,1.1480489999999999,CAN,GHA,871640
3580617,41,83,9617,2006,1928.0,0.0,2.052534,0.515523,CHE,GHA,871640
3580618,43,83,9617,2006,312657.0,0.0,0.737888,2.54966,CHN,GHA,871640
3580619,61,83,9617,2006,108195.0,0.0,2.132566,-2.773669,DEU,GHA,871640
3580620,64,83,9617,2006,13829.0,0.0,1.2308700000000001,1.180914,DNK,GHA,871640
3580621,68,83,9617,2006,109856.0,0.0,-0.182272,0.40222399999999997,EGY,GHA,871640
3580622,71,83,9617,2006,3355.0,0.0,0.9091370000000001,2.068166,ESP,GHA,871640
3580623,77,83,9617,2006,6503.0,0.0,1.47591,0.489466,FRA,GHA,871640
3580624,81,83,9617,2006,60372.0,0.0,1.824154,0.614424,GBR,GHA,871640
3580625,100,83,9617,2006,29633.0,0.0,0.755787,0.992614,HRV,GHA,871640
3580626,104,83,9617,2006,75713.0,0.0,0.285652,2.731318,IND,GHA,871640
3580627,106,83,9617,2006,4665.0,0.0,1.43804,0.06463200000000001,IRL,GHA,871640
3580628,110,83,9617,2006,2270.0,0.0,1.3082129999999998,0.783845,ISR,GHA,871640
3580629,111,83,9617,2006,2489.0,0.0,1.293779,0.93995,ITA,GHA,871640
3580630,114,83,9617,2006,2244.0,0.0,2.4348099999999997,0.082887,JPN,GHA,871640
3580631,124,83,9617,2006,31230.0,0.0,0.3861,1.586183,LBN,GHA,871640
3580632,162,83,9617,2006,119125.0,0.0,1.192134,1.450852,NLD,GHA,871640
3580633,163,83,9617,2006,1423.0,0.0,1.0787930000000001,0.014051,NOR,GHA,871640
3580634,179,83,9617,2006,2631.0,0.0,0.5723630000000001,1.92303,PRT,GHA,871640
3580635,215,83,9617,2006,3344.0,0.0,-0.8304020000000001,-0.678178,TGO,GHA,871640
3580636,231,83,9617,2006,531950.0,0.0,1.666643,-0.121679,USA,GHA,871640
3580637,246,83,9617,2006,26962.0,0.0,0.37964499999999995,1.466326,ZAF,GHA,871640
3580638,18,134,9617,2006,105867.0,0.0,1.2222540000000002,1.383027,BEL,MAR,871640
3580639,19,134,9617,2006,0.0,382753.0,-0.8434360000000001,-0.798307,BEN,MAR,871640
3580640,32,134,9617,2006,22248.0,0.0,0.633889,1.1474520000000001,BRA,MAR,871640
3580641,43,134,9617,2006,2134.0,0.0,0.737888,2.54966,CHN,MAR,871640
3580642,61,134,9617,2006,252671.0,0.0,2.132566,-2.773669,DEU,MAR,871640
3580643,71,134,9617,2006,263245.0,6285.0,0.9091370000000001,2.068166,ESP,MAR,871640
3580644,77,134,9617,2006,435520.0,0.0,1.47591,0.489466,FRA,MAR,871640
3580645,81,134,9617,2006,4552.0,0.0,1.824154,0.614424,GBR,MAR,871640
3580646,111,134,9617,2006,67445.0,0.0,1.293779,0.93995,ITA,MAR,871640
3580647,162,134,9617,2006,249455.0,0.0,1.192134,1.450852,NLD,MAR,871640
3580648,179,134,9617,2006,12016.0,0.0,0.5723630000000001,1.92303,PRT,MAR,871640
3580649,191,134,9617,2006,0.0,21044.0,-0.364713,-0.183612,SEN,MAR,871640
3580650,231,134,9617,2006,54338.0,0.0,1.666643,-0.121679,USA,MAR,871640
3580651,18,136,9617,2006,8985.0,0.0,1.2222540000000002,1.383027,BEL,MDG,871640
3580652,41,136,9617,2006,42380.0,0.0,2.052534,0.515523,CHE,MDG,871640
3580653,43,136,9617,2006,97531.0,0.0,0.737888,2.54966,CHN,MDG,871640
3580654,44,136,9617,2006,2500.0,0.0,-0.8918530000000001,-0.8145819999999999,CIV,MDG,871640
3580655,61,136,9617,2006,130165.0,0.0,2.132566,-2.773669,DEU,MDG,871640
3580656,77,136,9617,2006,94755.0,0.0,1.47591,0.489466,FRA,MDG,871640
3580657,111,136,9617,2006,3453.0,0.0,1.293779,0.93995,ITA,MDG,871640
3580658,116,136,9617,2006,23265.0,22976.0,-0.38287899999999997,1.060286,KEN,MDG,871640
3580659,231,136,9617,2006,180613.0,0.0,1.666643,-0.121679,USA,MDG,871640
3580660,250,136,9617,2006,39151.0,0.0,0.711619,-0.41880200000000006,ANS,MDG,871640
3580661,61,142,9617,2006,89709.0,0.0,2.132566,-2.773669,DEU,MLT,871640
3580662,71,142,9617,2006,4134.0,0.0,0.9091370000000001,2.068166,ESP,MLT,871640
3580663,77,142,9617,2006,4960.0,0.0,1.47591,0.489466,FRA,MLT,871640
3580664,81,142,9617,2006,40603.0,0.0,1.824154,0.614424,GBR,MLT,871640
3580665,90,142,9617,2006,16520.0,0.0,0.261955,1.488958,GRC,MLT,871640
3580666,111,142,9617,2006,118117.0,0.0,1.293779,0.93995,ITA,MLT,871640
3580667,185,142,9617,2006,0.0,1874.0,0.550825,1.170744,ROU,MLT,871640
3580668,231,142,9617,2006,5659.0,0.0,1.666643,-0.121679,USA,MLT,871640
3580669,18,148,9617,2006,55035.0,0.0,1.2222540000000002,1.383027,BEL,MRT,871640
3580670,43,148,9617,2006,12049.0,0.0,0.737888,2.54966,CHN,MRT,871640
3580671,61,148,9617,2006,327323.0,0.0,2.132566,-2.773669,DEU,MRT,871640
3580672,71,148,9617,2006,14784.0,0.0,0.9091370000000001,2.068166,ESP,MRT,871640
3580673,77,148,9617,2006,105371.0,0.0,1.47591,0.489466,FRA,MRT,871640
3580674,124,148,9617,2006,6794.0,0.0,0.3861,1.586183,LBN,MRT,871640
3580675,246,148,9617,2006,32261.0,0.0,0.37964499999999995,1.466326,ZAF,MRT,871640
3580676,43,151,9617,2006,3846.0,0.0,0.737888,2.54966,CHN,MUS,871640
3580677,77,151,9617,2006,3645.0,0.0,1.47591,0.489466,FRA,MUS,871640
3580678,81,151,9617,2006,27536.0,0.0,1.824154,0.614424,GBR,MUS,871640
3580679,121,151,9617,2006,72313.0,0.0,1.5384309999999999,0.766628,KOR,MUS,871640
3580680,166,151,9617,2006,74105.0,0.0,0.5371,0.8240209999999999,NZL,MUS,871640
3580681,192,151,9617,2006,12125.0,0.0,1.5377379999999998,0.503089,SGP,MUS,871640
3580682,246,151,9617,2006,27029.0,0.0,0.37964499999999995,1.466326,ZAF,MUS,871640
3580683,2,155,9617,2006,0.0,112731.0,-2.0822979999999998,-1.176767,AGO,NAM,871640
3580684,18,155,9617,2006,1006.0,0.0,1.2222540000000002,1.383027,BEL,NAM,871640
3580685,37,155,9617,2006,1664.0,2459.0,-1.0541459999999998,-1.179286,BWA,NAM,871640
3580686,61,155,9617,2006,1843.0,0.0,2.132566,-2.773669,DEU,NAM,871640
3580687,81,155,9617,2006,4659.0,0.0,1.824154,0.614424,GBR,NAM,871640
3580688,209,155,9617,2006,520.0,0.0,0.750674,0.221306,SWZ,NAM,871640
3580689,231,155,9617,2006,17385.0,0.0,1.666643,-0.121679,USA,NAM,871640
3580690,246,155,9617,2006,1981971.0,7008.0,0.37964499999999995,1.466326,ZAF,NAM,871640
3580691,247,155,9617,2006,0.0,4586.0,-0.5307,-0.793621,ZMB,NAM,871640
3580692,2,159,9617,2006,12845.0,0.0,-2.0822979999999998,-1.176767,AGO,NGA,871640
3580693,6,159,9617,2006,2381.0,0.0,0.251825,-0.629035,ANT,NGA,871640
3580694,7,159,9617,2006,7260.0,0.0,0.053903999999999994,-0.735124,ARE,NGA,871640
3580695,15,159,9617,2006,12677.0,0.0,1.775669,0.192717,AUT,NGA,871640
3580696,18,159,9617,2006,102589.0,0.0,1.2222540000000002,1.383027,BEL,NGA,871640
3580697,19,159,9617,2006,11403.0,0.0,-0.8434360000000001,-0.798307,BEN,NGA,871640
3580698,32,159,9617,2006,4735.0,0.0,0.633889,1.1474520000000001,BRA,NGA,871640
3580699,39,159,9617,2006,4661.0,0.0,0.865685,1.1480489999999999,CAN,NGA,871640
3580700,41,159,9617,2006,2256.0,0.0,2.052534,0.515523,CHE,NGA,871640
3580701,43,159,9617,2006,391779.0,0.0,0.737888,2.54966,CHN,NGA,871640
3580702,61,159,9617,2006,62492.0,0.0,2.132566,-2.773669,DEU,NGA,871640
3580703,77,159,9617,2006,465011.0,0.0,1.47591,0.489466,FRA,NGA,871640
3580704,81,159,9617,2006,4276.0,0.0,1.824154,0.614424,GBR,NGA,871640
3580705,104,159,9617,2006,224321.0,0.0,0.285652,2.731318,IND,NGA,871640
3580706,106,159,9617,2006,23865.0,0.0,1.43804,0.06463200000000001,IRL,NGA,871640
3580707,110,159,9617,2006,80325.0,0.0,1.3082129999999998,0.783845,ISR,NGA,871640
3580708,111,159,9617,2006,93384.0,0.0,1.293779,0.93995,ITA,NGA,871640
3580709,114,159,9617,2006,1507.0,0.0,2.4348099999999997,0.082887,JPN,NGA,871640
3580710,121,159,9617,2006,4277.0,0.0,1.5384309999999999,0.766628,KOR,NGA,871640
3580711,124,159,9617,2006,24262.0,0.0,0.3861,1.586183,LBN,NGA,871640
3580712,157,159,9617,2006,0.0,1059.0,-0.554188,-0.708255,NER,NGA,871640
3580713,162,159,9617,2006,145363.0,0.0,1.192134,1.450852,NLD,NGA,871640
3580714,192,159,9617,2006,38660.0,0.0,1.5377379999999998,0.503089,SGP,NGA,871640
3580715,231,159,9617,2006,899758.0,0.0,1.666643,-0.121679,USA,NGA,871640
3580716,246,159,9617,2006,3430.0,0.0,0.37964499999999995,1.466326,ZAF,NGA,871640
3580717,249,159,9617,2006,2074.0,0.0,1.619915,1.2289940000000001,TWN,NGA,871640
3580718,2,191,9617,2006,0.0,26857.0,-2.0822979999999998,-1.176767,AGO,SEN,871640
3580719,14,191,9617,2006,27481.0,0.0,0.067166,0.373148,AUS,SEN,871640
3580720,18,191,9617,2006,9926.0,1806.0,1.2222540000000002,1.383027,BEL,SEN,871640
3580721,21,191,9617,2006,0.0,16209.0,-0.9432020000000001,-0.969247,BFA,SEN,871640
3580722,32,191,9617,2006,34201.0,0.0,0.633889,1.1474520000000001,BRA,SEN,871640
3580723,43,191,9617,2006,3863.0,0.0,0.737888,2.54966,CHN,SEN,871640
3580724,59,191,9617,2006,37643.0,0.0,1.564058,0.6023649999999999,CZE,SEN,871640
3580725,61,191,9617,2006,5024.0,0.0,2.132566,-2.773669,DEU,SEN,871640
3580726,71,191,9617,2006,50359.0,0.0,0.9091370000000001,2.068166,ESP,SEN,871640
3580727,77,191,9617,2006,220246.0,4925.0,1.47591,0.489466,FRA,SEN,871640
3580728,80,191,9617,2006,0.0,10089.0,-1.6696819999999999,-1.173322,GAB,SEN,871640
3580729,81,191,9617,2006,84460.0,0.0,1.824154,0.614424,GBR,SEN,871640
3580730,87,191,9617,2006,0.0,884.0,-0.378539,-0.48427200000000004,GMB,SEN,871640
3580731,104,191,9617,2006,97310.0,0.0,0.285652,2.731318,IND,SEN,871640
3580732,111,191,9617,2006,218972.0,0.0,1.293779,0.93995,ITA,SEN,871640
3580733,134,191,9617,2006,21044.0,0.0,-0.547933,0.08257300000000001,MAR,SEN,871640
3580734,141,191,9617,2006,0.0,8763.0,-0.503462,-0.778836,MLI,SEN,871640
3580735,162,191,9617,2006,47940.0,0.0,1.192134,1.450852,NLD,SEN,871640
3580736,179,191,9617,2006,7227.0,0.0,0.5723630000000001,1.92303,PRT,SEN,871640
3580737,186,191,9617,2006,126506.0,0.0,0.801197,0.104683,RUS,SEN,871640
3580738,231,191,9617,2006,8892.0,0.0,1.666643,-0.121679,USA,SEN,871640
3580739,162,203,9617,2006,16649.0,0.0,1.192134,1.450852,NLD,STP,871640
3580740,7,226,9617,2006,218621.0,0.0,0.053903999999999994,-0.735124,ARE,TZA,871640
3580741,18,226,9617,2006,20482.0,0.0,1.2222540000000002,1.383027,BEL,TZA,871640
3580742,43,226,9617,2006,130112.0,0.0,0.737888,2.54966,CHN,TZA,871640
3580743,46,226,9617,2006,0.0,2513.0,-1.542137,-1.086494,COD,TZA,871640
3580744,61,226,9617,2006,4281.0,0.0,2.132566,-2.773669,DEU,TZA,871640
3580745,64,226,9617,2006,951.0,0.0,1.2308700000000001,1.180914,DNK,TZA,871640
3580746,74,226,9617,2006,3385.0,0.0,1.864038,0.8193940000000001,FIN,TZA,871640
3580747,77,226,9617,2006,15619.0,0.0,1.47591,0.489466,FRA,TZA,871640
3580748,81,226,9617,2006,191664.0,0.0,1.824154,0.614424,GBR,TZA,871640
3580749,104,226,9617,2006,7740.0,0.0,0.285652,2.731318,IND,TZA,871640
3580750,106,226,9617,2006,5709.0,0.0,1.43804,0.06463200000000001,IRL,TZA,871640
3580751,107,226,9617,2006,14369.0,0.0,-0.391023,-0.767861,IRN,TZA,871640
3580752,111,226,9617,2006,32326.0,0.0,1.293779,0.93995,ITA,TZA,871640
3580753,114,226,9617,2006,108141.0,0.0,2.4348099999999997,0.082887,JPN,TZA,871640
3580754,116,226,9617,2006,3596986.0,15170.0,-0.38287899999999997,1.060286,KEN,TZA,871640
3580755,147,226,9617,2006,1947.0,0.0,-1.0250629999999998,-1.067359,MOZ,TZA,871640
3580756,162,226,9617,2006,7986.0,0.0,1.192134,1.450852,NLD,TZA,871640
3580757,188,226,9617,2006,26671.0,0.0,0.162432,-0.853059,SAU,TZA,871640
3580758,208,226,9617,2006,68793.0,0.0,1.902737,0.593294,SWE,TZA,871640
3580759,227,226,9617,2006,0.0,314357.0,-0.702511,-0.43976099999999996,UGA,TZA,871640
3580760,246,226,9617,2006,894032.0,0.0,0.37964499999999995,1.466326,ZAF,TZA,871640
3580761,247,226,9617,2006,2673.0,0.0,-0.5307,-0.793621,ZMB,TZA,871640
3580762,39,227,9617,2006,2442.0,0.0,0.865685,1.1480489999999999,CAN,UGA,871640
3580763,43,227,9617,2006,10447.0,0.0,0.737888,2.54966,CHN,UGA,871640
3580764,46,227,9617,2006,0.0,14136.0,-1.542137,-1.086494,COD,UGA,871640
3580765,61,227,9617,2006,17818.0,0.0,2.132566,-2.773669,DEU,UGA,871640
3580766,64,227,9617,2006,1111.0,0.0,1.2308700000000001,1.180914,DNK,UGA,871640
3580767,81,227,9617,2006,10072.0,0.0,1.824154,0.614424,GBR,UGA,871640
3580768,97,227,9617,2006,13816.0,0.0,0.5776319999999999,2.076782,HKG,UGA,871640
3580769,104,227,9617,2006,2205.0,0.0,0.285652,2.731318,IND,UGA,871640
3580770,111,227,9617,2006,5367.0,0.0,1.293779,0.93995,ITA,UGA,871640
3580771,116,227,9617,2006,3786626.0,0.0,-0.38287899999999997,1.060286,KEN,UGA,871640
3580772,162,227,9617,2006,58910.0,0.0,1.192134,1.450852,NLD,UGA,871640
3580773,208,227,9617,2006,3827.0,0.0,1.902737,0.593294,SWE,UGA,871640
3580774,224,227,9617,2006,609.0,0.0,0.33971599999999996,2.193384,TUR,UGA,871640
3580775,226,227,9617,2006,314357.0,0.0,-0.953097,0.159129,TZA,UGA,871640
3580776,231,227,9617,2006,20351.0,0.0,1.666643,-0.121679,USA,UGA,871640
3580777,246,227,9617,2006,87111.0,0.0,0.37964499999999995,1.466326,ZAF,UGA,871640
3580778,18,239,9617,2006,0.0,43973.0,1.2222540000000002,1.383027,BEL,VNM,871640
3580779,41,239,9617,2006,0.0,1454.0,2.052534,0.515523,CHE,VNM,871640
3580780,43,239,9617,2006,106632.0,0.0,0.737888,2.54966,CHN,VNM,871640
3580781,61,239,9617,2006,18276.0,0.0,2.132566,-2.773669,DEU,VNM,871640
3580782,64,239,9617,2006,0.0,54001.0,1.2308700000000001,1.180914,DNK,VNM,871640
3580783,77,239,9617,2006,234168.0,0.0,1.47591,0.489466,FRA,VNM,871640
3580784,97,239,9617,2006,3554.0,0.0,0.5776319999999999,2.076782,HKG,VNM,871640
3580785,114,239,9617,2006,3651.0,0.0,2.4348099999999997,0.082887,JPN,VNM,871640
3580786,121,239,9617,2006,152433.0,0.0,1.5384309999999999,0.766628,KOR,VNM,871640
3580787,145,239,9617,2006,922.0,0.0,-1.147217,-1.0734709999999998,MNG,VNM,871640
3580788,153,239,9617,2006,3966.0,0.0,0.7896569999999999,0.363625,MYS,VNM,871640
3580789,186,239,9617,2006,107305.0,0.0,0.801197,0.104683,RUS,VNM,871640
3580790,192,239,9617,2006,101539.0,0.0,1.5377379999999998,0.503089,SGP,VNM,871640
3580791,231,239,9617,2006,0.0,3627.0,1.666643,-0.121679,USA,VNM,871640
3580792,249,239,9617,2006,47606.0,0.0,1.619915,1.2289940000000001,TWN,VNM,871640
3580793,14,247,9617,2006,2790.0,0.0,0.067166,0.373148,AUS,ZMB,871640
3580794,18,247,9617,2006,11713.0,0.0,1.2222540000000002,1.383027,BEL,ZMB,871640
3580795,32,247,9617,2006,17508.0,0.0,0.633889,1.1474520000000001,BRA,ZMB,871640
3580796,37,247,9617,2006,8567.0,0.0,-1.0541459999999998,-1.179286,BWA,ZMB,871640
3580797,39,247,9617,2006,8450.0,0.0,0.865685,1.1480489999999999,CAN,ZMB,871640
3580798,43,247,9617,2006,121792.0,0.0,0.737888,2.54966,CHN,ZMB,871640
3580799,46,247,9617,2006,0.0,1269.0,-1.542137,-1.086494,COD,ZMB,871640
3580800,61,247,9617,2006,1767.0,0.0,2.132566,-2.773669,DEU,ZMB,871640
3580801,81,247,9617,2006,32410.0,0.0,1.824154,0.614424,GBR,ZMB,871640
3580802,111,247,9617,2006,25080.0,0.0,1.293779,0.93995,ITA,ZMB,871640
3580803,116,247,9617,2006,0.0,1129.0,-0.38287899999999997,1.060286,KEN,ZMB,871640
3580804,152,247,9617,2006,1759.0,0.0,-1.145132,-1.0946209999999998,MWI,ZMB,871640
3580805,155,247,9617,2006,4586.0,0.0,-0.515361,-0.8027350000000001,NAM,ZMB,871640
3580806,168,247,9617,2006,4723.0,0.0,-0.449333,0.563013,PAK,ZMB,871640
3580807,226,247,9617,2006,0.0,2673.0,-0.953097,0.159129,TZA,ZMB,871640
3580808,231,247,9617,2006,5774.0,0.0,1.666643,-0.121679,USA,ZMB,871640
3580809,246,247,9617,2006,2931448.0,11990.0,0.37964499999999995,1.466326,ZAF,ZMB,871640
3580810,248,247,9617,2006,65169.0,932.0,-0.41825500000000004,-0.55313,ZWE,ZMB,871640
3580811,7,248,9617,2006,0.0,31102.0,0.053903999999999994,-0.735124,ARE,ZWE,871640
3580812,14,248,9617,2006,0.0,3782.0,0.067166,0.373148,AUS,ZWE,871640
3580813,37,248,9617,2006,30106.0,1118.0,-1.0541459999999998,-1.179286,BWA,ZWE,871640
3580814,46,248,9617,2006,0.0,2763.0,-1.542137,-1.086494,COD,ZWE,871640
3580815,73,248,9617,2006,0.0,909.0,-0.9557180000000001,-0.9153479999999999,ETH,ZWE,871640
3580816,81,248,9617,2006,69286.0,0.0,1.824154,0.614424,GBR,ZWE,871640
3580817,124,248,9617,2006,1684.0,0.0,0.3861,1.586183,LBN,ZWE,871640
3580818,147,248,9617,2006,3152.0,1043855.0,-1.0250629999999998,-1.067359,MOZ,ZWE,871640
3580819,152,248,9617,2006,0.0,96293.0,-1.145132,-1.0946209999999998,MWI,ZWE,871640
3580820,168,248,9617,2006,1524.0,0.0,-0.449333,0.563013,PAK,ZWE,871640
3580821,192,248,9617,2006,6149.0,0.0,1.5377379999999998,0.503089,SGP,ZWE,871640
3580822,231,248,9617,2006,744.0,0.0,1.666643,-0.121679,USA,ZWE,871640
3580823,246,248,9617,2006,7533845.0,13629.0,0.37964499999999995,1.466326,ZAF,ZWE,871640
3580824,247,248,9617,2006,932.0,65169.0,-0.5307,-0.793621,ZMB,ZWE,871640
3580825,15,26,9617,2006,67443.0,0.0,1.775669,0.192717,AUT,BIH,871640
3580826,41,26,9617,2006,2417.0,470.0,2.052534,0.515523,CHE,BIH,871640
3580827,59,26,9617,2006,2955.0,0.0,1.564058,0.6023649999999999,CZE,BIH,871640
3580828,61,26,9617,2006,176795.0,3788.0,2.132566,-2.773669,DEU,BIH,871640
3580829,64,26,9617,2006,4820.0,0.0,1.2308700000000001,1.180914,DNK,BIH,871640
3580830,100,26,9617,2006,281697.0,4807.0,0.755787,0.992614,HRV,BIH,871640
3580831,102,26,9617,2006,18171.0,0.0,1.4034309999999999,0.835144,HUN,BIH,871640
3580832,111,26,9617,2006,24224.0,0.0,1.293779,0.93995,ITA,BIH,871640
3580833,162,26,9617,2006,19319.0,39583.0,1.192134,1.450852,NLD,BIH,871640
3580834,177,26,9617,2006,2200.0,0.0,0.991927,1.474418,POL,BIH,871640
3580835,201,26,9617,2006,38416.0,1319.0,0.547824,1.5588879999999998,SRB,BIH,871640
3580836,207,26,9617,2006,23228.0,0.0,1.5882370000000001,0.800719,SVN,BIH,871640
3580837,231,26,9617,2006,817.0,0.0,1.666643,-0.121679,USA,BIH,871640
3580838,39,29,9617,2006,11619.0,2498.0,0.865685,1.1480489999999999,CAN,BLZ,871640
3580839,81,29,9617,2006,2187.0,0.0,1.824154,0.614424,GBR,BLZ,871640
3580840,93,29,9617,2006,964.0,1683.0,-0.28642199999999995,0.5868439999999999,GTM,BLZ,871640
3580841,138,29,9617,2006,5547.0,0.0,1.047268,0.7142270000000001,MEX,BLZ,871640
3580842,231,29,9617,2006,56920.0,0.0,1.666643,-0.121679,USA,BLZ,871640
3580843,39,63,9617,2006,1824.0,0.0,0.865685,1.1480489999999999,CAN,DMA,871640
3580844,231,63,9617,2006,20558.0,0.0,1.666643,-0.121679,USA,DMA,871640
3580845,14,75,9617,2006,2549.0,0.0,0.067166,0.373148,AUS,FJI,871640
3580846,114,75,9617,2006,5266.0,0.0,2.4348099999999997,0.082887,JPN,FJI,871640
3580847,166,75,9617,2006,58098.0,18246.0,0.5371,0.8240209999999999,NZL,FJI,871640
3580848,192,75,9617,2006,31609.0,0.0,1.5377379999999998,0.503089,SGP,FJI,871640
3580849,162,84,9617,2006,178401.0,0.0,1.192134,1.450852,NLD,GIB,871640
3580850,13,120,9617,2006,4586.0,0.0,-0.139051,-0.780321,ATG,KNA,871640
3580851,231,120,9617,2006,12198.0,0.0,1.666643,-0.121679,USA,KNA,871640
3580852,3,213,9617,2006,0.0,4619.0,1.4066610000000002,-0.166941,AIA,TCA,871640
3580853,39,213,9617,2006,157781.0,0.0,0.865685,1.1480489999999999,CAN,TCA,871640
3580854,231,213,9617,2006,583286.0,0.0,1.666643,-0.121679,USA,TCA,871640
3580855,33,234,9617,2006,2129.0,0.0,0.977267,0.6046560000000001,BRB,VCT,871640
3580856,81,234,9617,2006,2050.0,0.0,1.824154,0.614424,GBR,VCT,871640
3580857,231,234,9617,2006,0.0,1197.0,1.666643,-0.121679,USA,VCT,871640
3580858,132,237,9617,2006,20368.0,0.0,0.531375,0.9414170000000001,LVA,VGB,871640
3580859,162,237,9617,2006,2663444.0,0.0,1.192134,1.450852,NLD,VGB,871640
3580860,231,237,9617,2006,52070.0,0.0,1.666643,-0.121679,USA,VGB,871640
3580861,43,17,9617,2006,7536.0,0.0,0.737888,2.54966,CHN,BDI,871640
3580862,61,17,9617,2006,27420.0,0.0,2.132566,-2.773669,DEU,BDI,871640
3580863,77,17,9617,2006,8214.0,0.0,1.47591,0.489466,FRA,BDI,871640
3580864,81,17,9617,2006,14473.0,0.0,1.824154,0.614424,GBR,BDI,871640
3580865,114,17,9617,2006,11335.0,803.0,2.4348099999999997,0.082887,JPN,BDI,871640
3580866,116,17,9617,2006,148075.0,0.0,-0.38287899999999997,1.060286,KEN,BDI,871640
3580867,164,17,9617,2006,57411.0,83978.0,-0.29672600000000005,0.665077,NPL,BDI,871640
3580868,168,17,9617,2006,0.0,4774.0,-0.449333,0.563013,PAK,BDI,871640
3580869,187,17,9617,2006,15430.0,0.0,-0.032827999999999996,-0.42937600000000004,RWA,BDI,871640
3580870,188,17,9617,2006,8173.0,1033.0,0.162432,-0.853059,SAU,BDI,871640
3580871,216,17,9617,2006,0.0,1918.0,0.568209,1.685343,THA,BDI,871640
3580872,43,125,9617,2006,10801.0,0.0,0.737888,2.54966,CHN,LBR,871640
3580873,162,125,9617,2006,11307.0,0.0,1.192134,1.450852,NLD,LBR,871640
3580874,231,125,9617,2006,18000.0,0.0,1.666643,-0.121679,USA,LBR,871640
3580875,15,135,9617,2006,13766.0,0.0,1.775669,0.192717,AUT,MDA,871640
3580876,18,135,9617,2006,30946.0,18978.0,1.2222540000000002,1.383027,BEL,MDA,871640
3580877,28,135,9617,2006,3841.0,0.0,0.919853,0.384409,BLR,MDA,871640
3580878,61,135,9617,2006,78560.0,12379.0,2.132566,-2.773669,DEU,MDA,871640
3580879,77,135,9617,2006,3217.0,0.0,1.47591,0.489466,FRA,MDA,871640
3580880,81,135,9617,2006,25238.0,0.0,1.824154,0.614424,GBR,MDA,871640
3580881,102,135,9617,2006,3152.0,0.0,1.4034309999999999,0.835144,HUN,MDA,871640
3580882,111,135,9617,2006,1232.0,0.0,1.293779,0.93995,ITA,MDA,871640
3580883,162,135,9617,2006,50418.0,0.0,1.192134,1.450852,NLD,MDA,871640
3580884,177,135,9617,2006,39317.0,0.0,0.991927,1.474418,POL,MDA,871640
3580885,185,135,9617,2006,9418.0,0.0,0.550825,1.170744,ROU,MDA,871640
3580886,186,135,9617,2006,0.0,15603.0,0.801197,0.104683,RUS,MDA,871640
3580887,224,135,9617,2006,4101.0,0.0,0.33971599999999996,2.193384,TUR,MDA,871640
3580888,228,135,9617,2006,7109.0,4444.0,0.7008439999999999,0.79656,UKR,MDA,871640
3580889,4,140,9617,2006,0.0,1091.0,-0.340932,-0.06302200000000001,ALB,MKD,871640
3580890,15,140,9617,2006,24044.0,0.0,1.775669,0.192717,AUT,MKD,871640
3580891,18,140,9617,2006,24258.0,0.0,1.2222540000000002,1.383027,BEL,MKD,871640
3580892,23,140,9617,2006,18130.0,19886.0,0.414563,1.378005,BGR,MKD,871640
3580893,41,140,9617,2006,2184.0,0.0,2.052534,0.515523,CHE,MKD,871640
3580894,61,140,9617,2006,66223.0,0.0,2.132566,-2.773669,DEU,MKD,871640
3580895,90,140,9617,2006,6451.0,0.0,0.261955,1.488958,GRC,MKD,871640
3580896,102,140,9617,2006,11731.0,0.0,1.4034309999999999,0.835144,HUN,MKD,871640
3580897,111,140,9617,2006,20533.0,0.0,1.293779,0.93995,ITA,MKD,871640
3580898,162,140,9617,2006,46473.0,0.0,1.192134,1.450852,NLD,MKD,871640
3580899,15,144,9617,2006,18690.0,0.0,1.775669,0.192717,AUT,MNE,871640
3580900,41,144,9617,2006,941.0,0.0,2.052534,0.515523,CHE,MNE,871640
3580901,61,144,9617,2006,41313.0,0.0,2.132566,-2.773669,DEU,MNE,871640
3580902,111,144,9617,2006,59961.0,0.0,1.293779,0.93995,ITA,MNE,871640
3580903,162,144,9617,2006,24446.0,0.0,1.192134,1.450852,NLD,MNE,871640
3580904,201,144,9617,2006,8939.0,0.0,0.547824,1.5588879999999998,SRB,MNE,871640
3580905,207,144,9617,2006,4456.0,0.0,1.5882370000000001,0.800719,SVN,MNE,871640
3580906,43,178,9617,2006,301667.0,0.0,0.737888,2.54966,CHN,PRK,871640
3580907,147,209,9617,2006,19631.0,17565.0,-1.0250629999999998,-1.067359,MOZ,SWZ,871640
3580908,155,209,9617,2006,0.0,520.0,-0.515361,-0.8027350000000001,NAM,SWZ,871640
3580909,246,209,9617,2006,110939.0,2981.0,0.37964499999999995,1.466326,ZAF,SWZ,871640
3580910,18,219,9617,2006,6537.0,0.0,1.2222540000000002,1.383027,BEL,TKM,871640
3580911,43,219,9617,2006,39905.0,0.0,0.737888,2.54966,CHN,TKM,871640
3580912,61,219,9617,2006,34143.0,0.0,2.132566,-2.773669,DEU,TKM,871640
3580913,107,219,9617,2006,35112.0,0.0,-0.391023,-0.767861,IRN,TKM,871640
3580914,130,219,9617,2006,1326.0,0.0,0.44063599999999997,1.163857,LTU,TKM,871640
3580915,186,219,9617,2006,1546.0,0.0,0.801197,0.104683,RUS,TKM,871640
3580916,224,219,9617,2006,10147.0,0.0,0.33971599999999996,2.193384,TUR,TKM,871640
3580917,28,232,9617,2006,1000.0,0.0,0.919853,0.384409,BLR,UZB,871640
3580918,43,232,9617,2006,709653.0,0.0,0.737888,2.54966,CHN,UZB,871640
3580919,61,232,9617,2006,30233.0,0.0,2.132566,-2.773669,DEU,UZB,871640
3580920,71,232,9617,2006,7579.0,0.0,0.9091370000000001,2.068166,ESP,UZB,871640
3580921,130,232,9617,2006,33979.0,0.0,0.44063599999999997,1.163857,LTU,UZB,871640
3580922,177,232,9617,2006,18021.0,0.0,0.991927,1.474418,POL,UZB,871640
3580923,186,232,9617,2006,40655.0,0.0,0.801197,0.104683,RUS,UZB,871640
3580924,224,232,9617,2006,37634.0,0.0,0.33971599999999996,2.193384,TUR,UZB,871640
3580925,7,73,9617,2006,1100948.0,0.0,0.053903999999999994,-0.735124,ARE,ETH,871640
3580926,18,73,9617,2006,7741.0,0.0,1.2222540000000002,1.383027,BEL,ETH,871640
3580927,39,73,9617,2006,7947.0,0.0,0.865685,1.1480489999999999,CAN,ETH,871640
3580928,41,73,9617,2006,6010.0,0.0,2.052534,0.515523,CHE,ETH,871640
3580929,43,73,9617,2006,384632.0,0.0,0.737888,2.54966,CHN,ETH,871640
3580930,61,73,9617,2006,7908.0,0.0,2.132566,-2.773669,DEU,ETH,871640
3580931,62,73,9617,2006,1360497.0,0.0,-0.251707,-0.436792,DJI,ETH,871640
3580932,68,73,9617,2006,58209.0,0.0,-0.182272,0.40222399999999997,EGY,ETH,871640
3580933,77,73,9617,2006,28473.0,0.0,1.47591,0.489466,FRA,ETH,871640
3580934,81,73,9617,2006,230099.0,0.0,1.824154,0.614424,GBR,ETH,871640
3580935,90,73,9617,2006,36494.0,0.0,0.261955,1.488958,GRC,ETH,871640
3580936,104,73,9617,2006,1109.0,0.0,0.285652,2.731318,IND,ETH,871640
3580937,110,73,9617,2006,10310.0,0.0,1.3082129999999998,0.783845,ISR,ETH,871640
3580938,111,73,9617,2006,2580000.0,0.0,1.293779,0.93995,ITA,ETH,871640
3580939,114,73,9617,2006,3536.0,0.0,2.4348099999999997,0.082887,JPN,ETH,871640
3580940,162,73,9617,2006,2699.0,0.0,1.192134,1.450852,NLD,ETH,871640
3580941,163,73,9617,2006,37079.0,0.0,1.0787930000000001,0.014051,NOR,ETH,871640
3580942,188,73,9617,2006,5391.0,0.0,0.162432,-0.853059,SAU,ETH,871640
3580943,208,73,9617,2006,136430.0,0.0,1.902737,0.593294,SWE,ETH,871640
3580944,224,73,9617,2006,13761.0,0.0,0.33971599999999996,2.193384,TUR,ETH,871640
3580945,231,73,9617,2006,58104.0,0.0,1.666643,-0.121679,USA,ETH,871640
3580946,248,73,9617,2006,909.0,0.0,-0.41825500000000004,-0.55313,ZWE,ETH,871640
3580947,13,127,9617,2006,1458.0,0.0,-0.139051,-0.780321,ATG,LCA,871640
3580948,81,127,9617,2006,10245.0,0.0,1.824154,0.614424,GBR,LCA,871640
3580949,231,127,9617,2006,44925.0,5146.0,1.666643,-0.121679,USA,LCA,871640
3580950,17,187,9617,2006,0.0,15430.0,-0.033711,-0.48450600000000005,BDI,RWA,871640
3580951,32,187,9617,2006,2400.0,0.0,0.633889,1.1474520000000001,BRA,RWA,871640
3580952,41,187,9617,2006,6818.0,0.0,2.052534,0.515523,CHE,RWA,871640
3580953,43,187,9617,2006,165486.0,0.0,0.737888,2.54966,CHN,RWA,871640
3580954,61,187,9617,2006,267220.0,0.0,2.132566,-2.773669,DEU,RWA,871640
3580955,114,187,9617,2006,7081.0,0.0,2.4348099999999997,0.082887,JPN,RWA,871640
3580956,116,187,9617,2006,619842.0,0.0,-0.38287899999999997,1.060286,KEN,RWA,871640
3580957,6,0,9617,2006,0.0,99534.0,0.251825,-0.629035,ANT,ABW,871640
3580958,162,0,9617,2006,65330.0,0.0,1.192134,1.450852,NLD,ABW,871640
3580959,231,0,9617,2006,94393.0,0.0,1.666643,-0.121679,USA,ABW,871640
3580960,236,0,9617,2006,2010408.0,732589.0,-0.340972,-1.015462,VEN,ABW,871640
3580961,6,3,9617,2006,4907.0,0.0,0.251825,-0.629035,ANT,AIA,871640
3580962,110,3,9617,2006,4567.0,0.0,1.3082129999999998,0.783845,ISR,AIA,871640
3580963,213,3,9617,2006,4619.0,0.0,0.43692700000000007,-0.135696,TCA,AIA,871640
3580964,231,3,9617,2006,65228.0,0.0,1.666643,-0.121679,USA,AIA,871640
3580965,43,5,9617,2006,41.0,0.0,0.737888,2.54966,CHN,AND,871640
3580966,61,5,9617,2006,2468.0,0.0,2.132566,-2.773669,DEU,AND,871640
3580967,71,5,9617,2006,252675.0,31884.0,0.9091370000000001,2.068166,ESP,AND,871640
3580968,77,5,9617,2006,39891.0,0.0,1.47591,0.489466,FRA,AND,871640
3580969,81,5,9617,2006,3125.0,0.0,1.824154,0.614424,GBR,AND,871640
3580970,231,30,9617,2006,204014.0,0.0,1.666643,-0.121679,USA,BMU,871640
3580971,81,91,9617,2006,3495.0,0.0,1.824154,0.614424,GBR,GRD,871640
3580972,222,91,9617,2006,3140.0,0.0,-0.20651399999999998,-1.024907,TTO,GRD,871640
3580973,231,91,9617,2006,17928.0,0.0,1.666643,-0.121679,USA,GRD,871640
3580974,77,101,9617,2006,116747.0,0.0,1.47591,0.489466,FRA,HTI,871640
3580975,231,101,9617,2006,274506.0,0.0,1.666643,-0.121679,USA,HTI,871640
3580976,14,141,9617,2006,17790.0,0.0,0.067166,0.373148,AUS,MLI,871640
3580977,18,141,9617,2006,8175.0,0.0,1.2222540000000002,1.383027,BEL,MLI,871640
3580978,21,141,9617,2006,4757.0,0.0,-0.9432020000000001,-0.969247,BFA,MLI,871640
3580979,41,141,9617,2006,4616.0,0.0,2.052534,0.515523,CHE,MLI,871640
3580980,43,141,9617,2006,15646.0,0.0,0.737888,2.54966,CHN,MLI,871640
3580981,61,141,9617,2006,320736.0,0.0,2.132566,-2.773669,DEU,MLI,871640
3580982,71,141,9617,2006,6976.0,0.0,0.9091370000000001,2.068166,ESP,MLI,871640
3580983,77,141,9617,2006,25552.0,72492.0,1.47591,0.489466,FRA,MLI,871640
3580984,111,141,9617,2006,36557.0,0.0,1.293779,0.93995,ITA,MLI,871640
3580985,157,141,9617,2006,22857.0,0.0,-0.554188,-0.708255,NER,MLI,871640
3580986,162,141,9617,2006,11469.0,0.0,1.192134,1.450852,NLD,MLI,871640
3580987,191,141,9617,2006,8763.0,0.0,-0.364713,-0.183612,SEN,MLI,871640
3580988,208,141,9617,2006,58383.0,0.0,1.902737,0.593294,SWE,MLI,871640
3580989,215,141,9617,2006,2197.0,0.0,-0.8304020000000001,-0.678178,TGO,MLI,871640
3580990,231,141,9617,2006,40376.0,0.0,1.666643,-0.121679,USA,MLI,871640
3580991,246,141,9617,2006,2310.0,0.0,0.37964499999999995,1.466326,ZAF,MLI,871640
3580992,231,149,9617,2006,3675.0,0.0,1.666643,-0.121679,USA,MSR,871640
3580993,81,152,9617,2006,3470.0,0.0,1.824154,0.614424,GBR,MWI,871640
3580994,147,152,9617,2006,0.0,166387.0,-1.0250629999999998,-1.067359,MOZ,MWI,871640
3580995,162,152,9617,2006,554.0,0.0,1.192134,1.450852,NLD,MWI,871640
3580996,246,152,9617,2006,609147.0,0.0,0.37964499999999995,1.466326,ZAF,MWI,871640
3580997,247,152,9617,2006,0.0,1759.0,-0.5307,-0.793621,ZMB,MWI,871640
3580998,248,152,9617,2006,96293.0,0.0,-0.41825500000000004,-0.55313,ZWE,MWI,871640
3580999,14,240,9617,2006,149258.0,0.0,0.067166,0.373148,AUS,VUT,871640
3581000,43,240,9617,2006,10065.0,0.0,0.737888,2.54966,CHN,VUT,871640
3581001,166,240,9617,2006,7706.0,0.0,0.5371,0.8240209999999999,NZL,VUT,871640
3581002,6,250,9617,2006,2802.0,0.0,0.251825,-0.629035,ANT,ANS,871640
3581003,19,250,9617,2006,0.0,3337.0,-0.8434360000000001,-0.798307,BEN,ANS,871640
3581004,42,250,9617,2006,0.0,4869.0,-0.188298,-0.46778000000000003,CHL,ANS,871640
3581005,50,250,9617,2006,0.0,6220.0,-0.5214300000000001,-0.8452149999999999,COM,ANS,871640
3581006,61,250,9617,2006,25089.0,0.0,2.132566,-2.773669,DEU,ANS,871640
3581007,72,250,9617,2006,0.0,51710.0,0.6426350000000001,0.925003,EST,ANS,871640
3581008,113,250,9617,2006,304846.0,0.0,0.166718,0.331248,JOR,ANS,871640
3581009,122,250,9617,2006,0.0,50950.0,-0.589823,-1.142795,KWT,ANS,871640
3581010,136,250,9617,2006,0.0,39151.0,-1.024657,-0.393395,MDG,ANS,871640
3581011,147,250,9617,2006,0.0,4315.0,-1.0250629999999998,-1.067359,MOZ,ANS,871640
3581012,153,250,9617,2006,0.0,249972.0,0.7896569999999999,0.363625,MYS,ANS,871640
3581013,157,250,9617,2006,214176.0,0.0,-0.554188,-0.708255,NER,ANS,871640
3581014,162,250,9617,2006,2758.0,18106.0,1.192134,1.450852,NLD,ANS,871640
3581015,166,250,9617,2006,0.0,15671.0,0.5371,0.8240209999999999,NZL,ANS,871640
3581016,177,250,9617,2006,0.0,32844.0,0.991927,1.474418,POL,ANS,871640
3581017,180,250,9617,2006,0.0,114011.0,-0.520435,-0.7839119999999999,PRY,ANS,871640
3581018,183,250,9617,2006,3297.0,0.0,0.055777999999999994,-1.0379049999999999,QAT,ANS,871640
3581019,186,250,9617,2006,8715.0,0.0,0.801197,0.104683,RUS,ANS,871640
3581020,188,250,9617,2006,0.0,95954.0,0.162432,-0.853059,SAU,ANS,871640
3581021,201,250,9617,2006,0.0,124272.0,0.547824,1.5588879999999998,SRB,ANS,871640
3581022,206,250,9617,2006,0.0,1186502.0,1.291583,0.868317,SVK,ANS,871640
3581023,207,250,9617,2006,0.0,101881.0,1.5882370000000001,0.800719,SVN,ANS,871640
3581024,224,250,9617,2006,327906.0,0.0,0.33971599999999996,2.193384,TUR,ANS,871640
3581025,236,250,9617,2006,0.0,465.0,-0.340972,-1.015462,VEN,ANS,871640
3581026,241,250,9617,2006,0.0,1223.0,1.609916,-0.311544,WLF,ANS,871640
3581027,18,1,9617,2006,3380.0,0.0,1.2222540000000002,1.383027,BEL,AFG,871640
3581028,23,1,9617,2006,20834.0,0.0,0.414563,1.378005,BGR,AFG,871640
3581029,43,1,9617,2006,71201.0,0.0,0.737888,2.54966,CHN,AFG,871640
3581030,61,1,9617,2006,6054.0,0.0,2.132566,-2.773669,DEU,AFG,871640
3581031,107,1,9617,2006,22402.0,0.0,-0.391023,-0.767861,IRN,AFG,871640
3581032,115,1,9617,2006,20839.0,0.0,0.038229,-0.579421,KAZ,AFG,871640
3581033,130,1,9617,2006,2380.0,0.0,0.44063599999999997,1.163857,LTU,AFG,871640
3581034,162,1,9617,2006,28896.0,0.0,1.192134,1.450852,NLD,AFG,871640
3581035,168,1,9617,2006,23696.0,0.0,-0.449333,0.563013,PAK,AFG,871640
3581036,186,1,9617,2006,31007.0,0.0,0.801197,0.104683,RUS,AFG,871640
3581037,224,1,9617,2006,64397.0,0.0,0.33971599999999996,2.193384,TUR,AFG,871640
3581038,231,1,9617,2006,30591.0,0.0,1.666643,-0.121679,USA,AFG,871640
3581039,18,2,9617,2006,49290.0,0.0,1.2222540000000002,1.383027,BEL,AGO,871640
3581040,32,2,9617,2006,1352356.0,0.0,0.633889,1.1474520000000001,BRA,AGO,871640
3581041,37,2,9617,2006,7262.0,0.0,-1.0541459999999998,-1.179286,BWA,AGO,871640
3581042,41,2,9617,2006,17995.0,0.0,2.052534,0.515523,CHE,AGO,871640
3581043,43,2,9617,2006,1420159.0,0.0,0.737888,2.54966,CHN,AGO,871640
3581044,61,2,9617,2006,55104.0,0.0,2.132566,-2.773669,DEU,AGO,871640
3581045,71,2,9617,2006,379596.0,0.0,0.9091370000000001,2.068166,ESP,AGO,871640
3581046,77,2,9617,2006,2511.0,0.0,1.47591,0.489466,FRA,AGO,871640
3581047,111,2,9617,2006,3933.0,0.0,1.293779,0.93995,ITA,AGO,871640
3581048,121,2,9617,2006,64001.0,0.0,1.5384309999999999,0.766628,KOR,AGO,871640
3581049,155,2,9617,2006,112731.0,0.0,-0.515361,-0.8027350000000001,NAM,AGO,871640
3581050,159,2,9617,2006,0.0,12845.0,-2.094353,-1.215025,NGA,AGO,871640
3581051,162,2,9617,2006,30152.0,0.0,1.192134,1.450852,NLD,AGO,871640
3581052,166,2,9617,2006,113745.0,0.0,0.5371,0.8240209999999999,NZL,AGO,871640
3581053,179,2,9617,2006,1696616.0,0.0,0.5723630000000001,1.92303,PRT,AGO,871640
3581054,191,2,9617,2006,26857.0,0.0,-0.364713,-0.183612,SEN,AGO,871640
3581055,224,2,9617,2006,15693.0,0.0,0.33971599999999996,2.193384,TUR,AGO,871640
3581056,228,2,9617,2006,4876.0,0.0,0.7008439999999999,0.79656,UKR,AGO,871640
3581057,231,2,9617,2006,630854.0,0.0,1.666643,-0.121679,USA,AGO,871640
3581058,246,2,9617,2006,345386.0,0.0,0.37964499999999995,1.466326,ZAF,AGO,871640
3581059,18,4,9617,2006,8676.0,0.0,1.2222540000000002,1.383027,BEL,ALB,871640
3581060,41,4,9617,2006,6674.0,0.0,2.052534,0.515523,CHE,ALB,871640
3581061,59,4,9617,2006,1417.0,0.0,1.564058,0.6023649999999999,CZE,ALB,871640
3581062,61,4,9617,2006,9312.0,0.0,2.132566,-2.773669,DEU,ALB,871640
3581063,90,4,9617,2006,7929.0,0.0,0.261955,1.488958,GRC,ALB,871640
3581064,111,4,9617,2006,103409.0,203520.0,1.293779,0.93995,ITA,ALB,871640
3581065,140,4,9617,2006,1091.0,0.0,-0.21336,0.17674700000000002,MKD,ALB,871640
3581066,162,4,9617,2006,5074.0,0.0,1.192134,1.450852,NLD,ALB,871640
3581067,208,4,9617,2006,40296.0,0.0,1.902737,0.593294,SWE,ALB,871640
3581068,18,9,9617,2006,12978.0,0.0,1.2222540000000002,1.383027,BEL,ARM,871640
3581069,61,9,9617,2006,9570.0,0.0,2.132566,-2.773669,DEU,ARM,871640
3581070,77,9,9617,2006,4697.0,0.0,1.47591,0.489466,FRA,ARM,871640
3581071,111,9,9617,2006,10559.0,0.0,1.293779,0.93995,ITA,ARM,871640
3581072,162,9,9617,2006,10016.0,0.0,1.192134,1.450852,NLD,ARM,871640
3581073,231,9,9617,2006,12319.0,0.0,1.666643,-0.121679,USA,ARM,871640
3581074,18,19,9617,2006,8028.0,0.0,1.2222540000000002,1.383027,BEL,BEN,871640
3581075,41,19,9617,2006,655.0,0.0,2.052534,0.515523,CHE,BEN,871640
3581076,61,19,9617,2006,14107.0,0.0,2.132566,-2.773669,DEU,BEN,871640
3581077,64,19,9617,2006,2369.0,0.0,1.2308700000000001,1.180914,DNK,BEN,871640
3581078,71,19,9617,2006,1676.0,0.0,0.9091370000000001,2.068166,ESP,BEN,871640
3581079,77,19,9617,2006,156908.0,3655.0,1.47591,0.489466,FRA,BEN,871640
3581080,111,19,9617,2006,4945.0,0.0,1.293779,0.93995,ITA,BEN,871640
3581081,114,19,9617,2006,5771.0,0.0,2.4348099999999997,0.082887,JPN,BEN,871640
3581082,134,19,9617,2006,382753.0,0.0,-0.547933,0.08257300000000001,MAR,BEN,871640
3581083,157,19,9617,2006,4519.0,15579.0,-0.554188,-0.708255,NER,BEN,871640
3581084,159,19,9617,2006,0.0,11403.0,-2.094353,-1.215025,NGA,BEN,871640
3581085,162,19,9617,2006,24236.0,0.0,1.192134,1.450852,NLD,BEN,871640
3581086,163,19,9617,2006,2221.0,0.0,1.0787930000000001,0.014051,NOR,BEN,871640
3581087,177,19,9617,2006,16052.0,0.0,0.991927,1.474418,POL,BEN,871640
3581088,208,19,9617,2006,1121.0,0.0,1.902737,0.593294,SWE,BEN,871640
3581089,231,19,9617,2006,2374.0,0.0,1.666643,-0.121679,USA,BEN,871640
3581090,250,19,9617,2006,3337.0,0.0,0.711619,-0.41880200000000006,ANS,BEN,871640
3581091,14,34,9617,2006,8909.0,13081.0,0.067166,0.373148,AUS,BRN,871640
3581092,114,34,9617,2006,24093.0,0.0,2.4348099999999997,0.082887,JPN,BRN,871640
3581093,153,34,9617,2006,50399.0,0.0,0.7896569999999999,0.363625,MYS,BRN,871640
3581094,192,34,9617,2006,162711.0,22195.0,1.5377379999999998,0.503089,SGP,BRN,871640
3581095,231,34,9617,2006,3066.0,0.0,1.666643,-0.121679,USA,BRN,871640
3581096,77,50,9617,2006,34002.0,0.0,1.47591,0.489466,FRA,COM,871640
3581097,250,50,9617,2006,6220.0,0.0,0.711619,-0.41880200000000006,ANS,COM,871640
3581098,32,62,9617,2006,17397.0,0.0,0.633889,1.1474520000000001,BRA,DJI,871640
3581099,39,62,9617,2006,25602.0,0.0,0.865685,1.1480489999999999,CAN,DJI,871640
3581100,73,62,9617,2006,0.0,1360497.0,-0.9557180000000001,-0.9153479999999999,ETH,DJI,871640
3581101,77,62,9617,2006,7532.0,0.0,1.47591,0.489466,FRA,DJI,871640
3581102,111,62,9617,2006,8231.0,0.0,1.293779,0.93995,ITA,DJI,871640
3581103,188,62,9617,2006,1391.0,0.0,0.162432,-0.853059,SAU,DJI,871640
3581104,231,62,9617,2006,20500.0,0.0,1.666643,-0.121679,USA,DJI,871640
3581105,246,62,9617,2006,42709.0,0.0,0.37964499999999995,1.466326,ZAF,DJI,871640
3581106,18,85,9617,2006,59206.0,0.0,1.2222540000000002,1.383027,BEL,GIN,871640
3581107,43,85,9617,2006,2437.0,0.0,0.737888,2.54966,CHN,GIN,871640
3581108,71,85,9617,2006,45800.0,0.0,0.9091370000000001,2.068166,ESP,GIN,871640
3581109,77,85,9617,2006,36707.0,0.0,1.47591,0.489466,FRA,GIN,871640
3581110,111,85,9617,2006,4093.0,0.0,1.293779,0.93995,ITA,GIN,871640
3581111,177,85,9617,2006,4933.0,0.0,0.991927,1.474418,POL,GIN,871640
3581112,246,85,9617,2006,3618.0,0.0,0.37964499999999995,1.466326,ZAF,GIN,871640
3581113,18,87,9617,2006,2941.0,0.0,1.2222540000000002,1.383027,BEL,GMB,871640
3581114,41,87,9617,2006,3292.0,0.0,2.052534,0.515523,CHE,GMB,871640
3581115,43,87,9617,2006,1718.0,0.0,0.737888,2.54966,CHN,GMB,871640
3581116,61,87,9617,2006,1844.0,0.0,2.132566,-2.773669,DEU,GMB,871640
3581117,64,87,9617,2006,1705.0,0.0,1.2308700000000001,1.180914,DNK,GMB,871640
3581118,77,87,9617,2006,2070.0,0.0,1.47591,0.489466,FRA,GMB,871640
3581119,81,87,9617,2006,1453.0,0.0,1.824154,0.614424,GBR,GMB,871640
3581120,162,87,9617,2006,3372.0,0.0,1.192134,1.450852,NLD,GMB,871640
3581121,191,87,9617,2006,884.0,0.0,-0.364713,-0.183612,SEN,GMB,871640
3581122,231,87,9617,2006,28518.0,0.0,1.666643,-0.121679,USA,GMB,871640
3581123,18,108,9617,2006,12564.0,0.0,1.2222540000000002,1.383027,BEL,IRQ,871640
3581124,41,108,9617,2006,26513.0,0.0,2.052534,0.515523,CHE,IRQ,871640
3581125,61,108,9617,2006,113290.0,0.0,2.132566,-2.773669,DEU,IRQ,871640
3581126,107,108,9617,2006,45407.0,0.0,-0.391023,-0.767861,IRN,IRQ,871640
3581127,113,108,9617,2006,7673.0,0.0,0.166718,0.331248,JOR,IRQ,871640
3581128,162,108,9617,2006,5025.0,0.0,1.192134,1.450852,NLD,IRQ,871640
3581129,163,108,9617,2006,51008.0,0.0,1.0787930000000001,0.014051,NOR,IRQ,871640
3581130,188,108,9617,2006,15275.0,0.0,0.162432,-0.853059,SAU,IRQ,871640
3581131,208,108,9617,2006,24863.0,0.0,1.902737,0.593294,SWE,IRQ,871640
3581132,224,108,9617,2006,233032.0,226008.0,0.33971599999999996,2.193384,TUR,IRQ,871640
3581133,231,108,9617,2006,3953340.0,0.0,1.666643,-0.121679,USA,IRQ,871640
3581134,18,109,9617,2006,19066.0,0.0,1.2222540000000002,1.383027,BEL,ISL,871640
3581135,39,109,9617,2006,110678.0,0.0,0.865685,1.1480489999999999,CAN,ISL,871640
3581136,43,109,9617,2006,29708.0,0.0,0.737888,2.54966,CHN,ISL,871640
3581137,61,109,9617,2006,877324.0,0.0,2.132566,-2.773669,DEU,ISL,871640
3581138,64,109,9617,2006,1446122.0,0.0,1.2308700000000001,1.180914,DNK,ISL,871640
3581139,71,109,9617,2006,97321.0,0.0,0.9091370000000001,2.068166,ESP,ISL,871640
3581140,72,109,9617,2006,69989.0,0.0,0.6426350000000001,0.925003,EST,ISL,871640
3581141,74,109,9617,2006,28436.0,0.0,1.864038,0.8193940000000001,FIN,ISL,871640
3581142,77,109,9617,2006,145935.0,0.0,1.47591,0.489466,FRA,ISL,871640
3581143,81,109,9617,2006,6926.0,0.0,1.824154,0.614424,GBR,ISL,871640
3581144,131,109,9617,2006,3251.0,0.0,1.4345620000000001,0.8840819999999999,LUX,ISL,871640
3581145,147,109,9617,2006,0.0,13709.0,-1.0250629999999998,-1.067359,MOZ,ISL,871640
3581146,162,109,9617,2006,277980.0,0.0,1.192134,1.450852,NLD,ISL,871640
3581147,163,109,9617,2006,1278.0,0.0,1.0787930000000001,0.014051,NOR,ISL,871640
3581148,177,109,9617,2006,179463.0,0.0,0.991927,1.474418,POL,ISL,871640
3581149,208,109,9617,2006,28272.0,0.0,1.902737,0.593294,SWE,ISL,871640
3581150,231,109,9617,2006,945270.0,0.0,1.666643,-0.121679,USA,ISL,871640
3581151,18,126,9617,2006,18183.0,0.0,1.2222540000000002,1.383027,BEL,LBY,871640
3581152,43,126,9617,2006,18046.0,0.0,0.737888,2.54966,CHN,LBY,871640
3581153,61,126,9617,2006,21055.0,0.0,2.132566,-2.773669,DEU,LBY,871640
3581154,71,126,9617,2006,11935.0,0.0,0.9091370000000001,2.068166,ESP,LBY,871640
3581155,77,126,9617,2006,37660.0,0.0,1.47591,0.489466,FRA,LBY,871640
3581156,81,126,9617,2006,92585.0,0.0,1.824154,0.614424,GBR,LBY,871640
3581157,90,126,9617,2006,18771.0,0.0,0.261955,1.488958,GRC,LBY,871640
3581158,103,126,9617,2006,64000.0,0.0,-0.21012399999999998,1.467838,IDN,LBY,871640
3581159,111,126,9617,2006,905157.0,0.0,1.293779,0.93995,ITA,LBY,871640
3581160,113,126,9617,2006,37581.0,0.0,0.166718,0.331248,JOR,LBY,871640
3581161,162,126,9617,2006,30152.0,0.0,1.192134,1.450852,NLD,LBY,871640
3581162,223,126,9617,2006,18793.0,0.0,-0.013636,0.804752,TUN,LBY,871640
3581163,224,126,9617,2006,296142.0,0.0,0.33971599999999996,2.193384,TUR,LBY,871640
3581164,231,126,9617,2006,1349106.0,0.0,1.666643,-0.121679,USA,LBY,871640
3581165,14,133,9617,2006,336747.0,0.0,0.067166,0.373148,AUS,MAC,871640
3581166,43,133,9617,2006,469089.0,0.0,0.737888,2.54966,CHN,MAC,871640
3581167,61,133,9617,2006,10595.0,0.0,2.132566,-2.773669,DEU,MAC,871640
3581168,81,133,9617,2006,13655.0,0.0,1.824154,0.614424,GBR,MAC,871640
3581169,97,133,9617,2006,75018.0,733431.0,0.5776319999999999,2.076782,HKG,MAC,871640
3581170,231,133,9617,2006,7797.0,0.0,1.666643,-0.121679,USA,MAC,871640
3581171,61,137,9617,2006,21372.0,0.0,2.132566,-2.773669,DEU,MDV,871640
3581172,216,137,9617,2006,27265.0,0.0,0.568209,1.685343,THA,MDV,871640
3581173,43,145,9617,2006,51475.0,47667.0,0.737888,2.54966,CHN,MNG,871640
3581174,59,145,9617,2006,1192.0,0.0,1.564058,0.6023649999999999,CZE,MNG,871640
3581175,61,145,9617,2006,1076.0,0.0,2.132566,-2.773669,DEU,MNG,871640
3581176,121,145,9617,2006,3174.0,0.0,1.5384309999999999,0.766628,KOR,MNG,871640
3581177,186,145,9617,2006,25425.0,1091.0,0.801197,0.104683,RUS,MNG,871640
3581178,228,145,9617,2006,42976.0,0.0,0.7008439999999999,0.79656,UKR,MNG,871640
3581179,239,145,9617,2006,0.0,922.0,-0.342779,1.033318,VNM,MNG,871640
3581180,77,154,9617,2006,927121.0,0.0,1.47591,0.489466,FRA,MYT,871640
3581181,208,154,9617,2006,53712.0,0.0,1.902737,0.593294,SWE,MYT,871640
3581182,14,156,9617,2006,360869.0,0.0,0.067166,0.373148,AUS,NCL,871640
3581183,43,156,9617,2006,499.0,0.0,0.737888,2.54966,CHN,NCL,871640
3581184,77,156,9617,2006,1534788.0,128064.0,1.47591,0.489466,FRA,NCL,871640
3581185,81,156,9617,2006,7210.0,0.0,1.824154,0.614424,GBR,NCL,871640
3581186,111,156,9617,2006,1001.0,0.0,1.293779,0.93995,ITA,NCL,871640
3581187,114,156,9617,2006,1375.0,0.0,2.4348099999999997,0.082887,JPN,NCL,871640
3581188,166,156,9617,2006,13746.0,0.0,0.5371,0.8240209999999999,NZL,NCL,871640
3581189,182,156,9617,2006,1635.0,0.0,-0.213329,-0.743599,PYF,NCL,871640
3581190,18,157,9617,2006,8504.0,0.0,1.2222540000000002,1.383027,BEL,NER,871640
3581191,19,157,9617,2006,15579.0,4519.0,-0.8434360000000001,-0.798307,BEN,NER,871640
3581192,61,157,9617,2006,64572.0,6617.0,2.132566,-2.773669,DEU,NER,871640
3581193,77,157,9617,2006,5184.0,37143.0,1.47591,0.489466,FRA,NER,871640
3581194,81,157,9617,2006,456.0,0.0,1.824154,0.614424,GBR,NER,871640
3581195,111,157,9617,2006,8178.0,0.0,1.293779,0.93995,ITA,NER,871640
3581196,114,157,9617,2006,1434.0,621.0,2.4348099999999997,0.082887,JPN,NER,871640
3581197,141,157,9617,2006,0.0,22857.0,-0.503462,-0.778836,MLI,NER,871640
3581198,159,157,9617,2006,1059.0,0.0,-2.094353,-1.215025,NGA,NER,871640
3581199,162,157,9617,2006,6690.0,0.0,1.192134,1.450852,NLD,NER,871640
3581200,215,157,9617,2006,6964.0,80087.0,-0.8304020000000001,-0.678178,TGO,NER,871640
3581201,231,157,9617,2006,0.0,1756.0,1.666643,-0.121679,USA,NER,871640
3581202,250,157,9617,2006,0.0,214176.0,0.711619,-0.41880200000000006,ANS,NER,871640
3581203,14,182,9617,2006,37781.0,1351.0,0.067166,0.373148,AUS,PYF,871640
3581204,18,182,9617,2006,31371.0,0.0,1.2222540000000002,1.383027,BEL,PYF,871640
3581205,77,182,9617,2006,347736.0,1111.0,1.47591,0.489466,FRA,PYF,871640
3581206,81,182,9617,2006,2067.0,0.0,1.824154,0.614424,GBR,PYF,871640
3581207,156,182,9617,2006,0.0,1635.0,-0.135099,-0.7618779999999999,NCL,PYF,871640
3581208,166,182,9617,2006,146292.0,0.0,0.5371,0.8240209999999999,NZL,PYF,871640
3581209,231,182,9617,2006,144705.0,0.0,1.666643,-0.121679,USA,PYF,871640
3581210,7,190,9617,2006,270082.0,7226.0,0.053903999999999994,-0.735124,ARE,SDN,871640
3581211,18,190,9617,2006,154854.0,0.0,1.2222540000000002,1.383027,BEL,SDN,871640
3581212,43,190,9617,2006,1039346.0,0.0,0.737888,2.54966,CHN,SDN,871640
3581213,59,190,9617,2006,63608.0,0.0,1.564058,0.6023649999999999,CZE,SDN,871640
3581214,61,190,9617,2006,159203.0,0.0,2.132566,-2.773669,DEU,SDN,871640
3581215,68,190,9617,2006,4838.0,0.0,-0.182272,0.40222399999999997,EGY,SDN,871640
3581216,71,190,9617,2006,20744.0,0.0,0.9091370000000001,2.068166,ESP,SDN,871640
3581217,77,190,9617,2006,154230.0,0.0,1.47591,0.489466,FRA,SDN,871640
3581218,111,190,9617,2006,53660.0,0.0,1.293779,0.93995,ITA,SDN,871640
3581219,113,190,9617,2006,125074.0,0.0,0.166718,0.331248,JOR,SDN,871640
3581220,116,190,9617,2006,401066.0,0.0,-0.38287899999999997,1.060286,KEN,SDN,871640
3581221,153,190,9617,2006,3338.0,0.0,0.7896569999999999,0.363625,MYS,SDN,871640
3581222,162,190,9617,2006,4114.0,0.0,1.192134,1.450852,NLD,SDN,871640
3581223,163,190,9617,2006,33648.0,0.0,1.0787930000000001,0.014051,NOR,SDN,871640
3581224,183,190,9617,2006,34951.0,0.0,0.055777999999999994,-1.0379049999999999,QAT,SDN,871640
3581225,186,190,9617,2006,20520.0,0.0,0.801197,0.104683,RUS,SDN,871640
3581226,188,190,9617,2006,3106.0,0.0,0.162432,-0.853059,SAU,SDN,871640
3581227,208,190,9617,2006,2547.0,0.0,1.902737,0.593294,SWE,SDN,871640
3581228,212,190,9617,2006,2173.0,0.0,-0.588695,0.532487,SYR,SDN,871640
3581229,224,190,9617,2006,7257101.0,0.0,0.33971599999999996,2.193384,TUR,SDN,871640
3581230,116,199,9617,2006,2637.0,0.0,-0.38287899999999997,1.060286,KEN,SOM,871640
3581231,7,211,9617,2006,3003.0,0.0,0.053903999999999994,-0.735124,ARE,SYC,871640
3581232,39,211,9617,2006,3194.0,0.0,0.865685,1.1480489999999999,CAN,SYC,871640
3581233,104,211,9617,2006,10256.0,0.0,0.285652,2.731318,IND,SYC,871640
3581234,192,211,9617,2006,3334.0,0.0,1.5377379999999998,0.503089,SGP,SYC,871640
3581235,246,211,9617,2006,20604.0,0.0,0.37964499999999995,1.466326,ZAF,SYC,871640
3581236,18,214,9617,2006,41583.0,0.0,1.2222540000000002,1.383027,BEL,TCD,871640
3581237,41,214,9617,2006,3993.0,0.0,2.052534,0.515523,CHE,TCD,871640
3581238,45,214,9617,2006,301322.0,0.0,-1.358873,-1.1511360000000002,CMR,TCD,871640
3581239,71,214,9617,2006,13200.0,0.0,0.9091370000000001,2.068166,ESP,TCD,871640
3581240,77,214,9617,2006,8787.0,0.0,1.47591,0.489466,FRA,TCD,871640
3581241,18,21,9617,2006,64825.0,0.0,1.2222540000000002,1.383027,BEL,BFA,871640
3581242,77,21,9617,2006,97917.0,0.0,1.47591,0.489466,FRA,BFA,871640
3581243,111,21,9617,2006,3142.0,0.0,1.293779,0.93995,ITA,BFA,871640
3581244,141,21,9617,2006,0.0,4757.0,-0.503462,-0.778836,MLI,BFA,871640
3581245,162,21,9617,2006,7538.0,0.0,1.192134,1.450852,NLD,BFA,871640
3581246,191,21,9617,2006,16209.0,0.0,-0.364713,-0.183612,SEN,BFA,871640
3581247,18,46,9617,2006,105476.0,0.0,1.2222540000000002,1.383027,BEL,COD,871640
3581248,32,46,9617,2006,30238.0,0.0,0.633889,1.1474520000000001,BRA,COD,871640
3581249,116,46,9617,2006,1090772.0,0.0,-0.38287899999999997,1.060286,KEN,COD,871640
3581250,162,46,9617,2006,21358.0,0.0,1.192134,1.450852,NLD,COD,871640
3581251,226,46,9617,2006,2513.0,0.0,-0.953097,0.159129,TZA,COD,871640
3581252,227,46,9617,2006,14136.0,0.0,-0.702511,-0.43976099999999996,UGA,COD,871640
3581253,246,46,9617,2006,1112172.0,0.0,0.37964499999999995,1.466326,ZAF,COD,871640
3581254,247,46,9617,2006,1269.0,0.0,-0.5307,-0.793621,ZMB,COD,871640
3581255,248,46,9617,2006,2763.0,0.0,-0.41825500000000004,-0.55313,ZWE,COD,871640
3581256,18,47,9617,2006,104866.0,0.0,1.2222540000000002,1.383027,BEL,COG,871640
3581257,43,47,9617,2006,149927.0,0.0,0.737888,2.54966,CHN,COG,871640
3581258,45,47,9617,2006,291298.0,0.0,-1.358873,-1.1511360000000002,CMR,COG,871640
3581259,71,47,9617,2006,15721.0,0.0,0.9091370000000001,2.068166,ESP,COG,871640
3581260,77,47,9617,2006,369070.0,0.0,1.47591,0.489466,FRA,COG,871640
3581261,80,47,9617,2006,78737.0,0.0,-1.6696819999999999,-1.173322,GAB,COG,871640
3581262,81,47,9617,2006,18374.0,0.0,1.824154,0.614424,GBR,COG,871640
3581263,111,47,9617,2006,34133.0,0.0,1.293779,0.93995,ITA,COG,871640
3581264,162,47,9617,2006,6282.0,0.0,1.192134,1.450852,NLD,COG,871640
3581265,186,47,9617,2006,64720.0,0.0,0.801197,0.104683,RUS,COG,871640
3581266,246,47,9617,2006,455826.0,0.0,0.37964499999999995,1.466326,ZAF,COG,871640
3581267,18,51,9617,2006,874.0,0.0,1.2222540000000002,1.383027,BEL,CPV,871640
3581268,61,51,9617,2006,2201.0,0.0,2.132566,-2.773669,DEU,CPV,871640
3581269,71,51,9617,2006,51831.0,0.0,0.9091370000000001,2.068166,ESP,CPV,871640
3581270,111,51,9617,2006,10912.0,0.0,1.293779,0.93995,ITA,CPV,871640
3581271,131,51,9617,2006,11840.0,0.0,1.4345620000000001,0.8840819999999999,LUX,CPV,871640
3581272,162,51,9617,2006,47756.0,0.0,1.192134,1.450852,NLD,CPV,871640
3581273,179,51,9617,2006,44370.0,0.0,0.5723630000000001,1.92303,PRT,CPV,871640
3581274,231,51,9617,2006,13547.0,0.0,1.666643,-0.121679,USA,CPV,871640
3581275,61,78,9617,2006,13088.0,0.0,2.132566,-2.773669,DEU,FRO,871640
3581276,64,78,9617,2006,285535.0,1989.0,1.2308700000000001,1.180914,DNK,FRO,871640
3581277,162,78,9617,2006,3200.0,0.0,1.192134,1.450852,NLD,FRO,871640
3581278,163,78,9617,2006,18003.0,0.0,1.0787930000000001,0.014051,NOR,FRO,871640
3581279,77,88,9617,2006,3766.0,0.0,1.47591,0.489466,FRA,GNB,871640
3581280,111,88,9617,2006,4211.0,0.0,1.293779,0.93995,ITA,GNB,871640
3581281,162,88,9617,2006,2513.0,0.0,1.192134,1.450852,NLD,GNB,871640
3581282,179,88,9617,2006,16100.0,0.0,0.5723630000000001,1.92303,PRT,GNB,871640
3581283,246,88,9617,2006,12842.0,0.0,0.37964499999999995,1.466326,ZAF,GNB,871640
3581284,43,89,9617,2006,36145.0,0.0,0.737888,2.54966,CHN,GNQ,871640
3581285,71,89,9617,2006,34554.0,0.0,0.9091370000000001,2.068166,ESP,GNQ,871640
3581286,179,89,9617,2006,53200.0,0.0,0.5723630000000001,1.92303,PRT,GNQ,871640
3581287,64,92,9617,2006,50665.0,0.0,1.2308700000000001,1.180914,DNK,GRL,871640
3581288,216,143,9617,2006,81874.0,0.0,0.568209,1.685343,THA,MMR,871640
3581289,228,143,9617,2006,74043.0,0.0,0.7008439999999999,0.79656,UKR,MMR,871640
3581290,231,196,9617,2006,20000.0,0.0,1.666643,-0.121679,USA,SLE,871640
3581291,246,196,9617,2006,3438.0,0.0,0.37964499999999995,1.466326,ZAF,SLE,871640
3581292,18,215,9617,2006,4397.0,0.0,1.2222540000000002,1.383027,BEL,TGO,871640
3581293,41,215,9617,2006,10002.0,0.0,2.052534,0.515523,CHE,TGO,871640
3581294,77,215,9617,2006,203365.0,0.0,1.47591,0.489466,FRA,TGO,871640
3581295,83,215,9617,2006,0.0,3344.0,-0.9934860000000001,-0.809318,GHA,TGO,871640
3581296,111,215,9617,2006,4399.0,0.0,1.293779,0.93995,ITA,TGO,871640
3581297,141,215,9617,2006,0.0,2197.0,-0.503462,-0.778836,MLI,TGO,871640
3581298,157,215,9617,2006,80087.0,6964.0,-0.554188,-0.708255,NER,TGO,871640
3581299,162,215,9617,2006,74124.0,0.0,1.192134,1.450852,NLD,TGO,871640
3581300,28,217,9617,2006,140066.0,0.0,0.919853,0.384409,BLR,TJK,871640
3581301,107,217,9617,2006,9502.0,0.0,-0.391023,-0.767861,IRN,TJK,871640
3581302,162,217,9617,2006,12563.0,0.0,1.192134,1.450852,NLD,TJK,871640
3581303,166,221,9617,2006,17355.0,0.0,0.5371,0.8240209999999999,NZL,TON,871640
3581304,14,242,9617,2006,16796.0,0.0,0.067166,0.373148,AUS,WSM,871640
3581305,166,242,9617,2006,22669.0,1223.0,0.5371,0.8240209999999999,NZL,WSM,871640
3581306,231,242,9617,2006,15126.0,0.0,1.666643,-0.121679,USA,WSM,871640
3581307,166,10,9617,2006,62884.0,0.0,0.5371,0.8240209999999999,NZL,ASM,871640
3581308,166,48,9617,2006,14292.0,0.0,0.5371,0.8240209999999999,NZL,COK,871640
3581309,14,56,9617,2006,1736.0,0.0,0.067166,0.373148,AUS,CXR,871640
3581310,231,57,9617,2006,568203.0,0.0,1.666643,-0.121679,USA,CYM,871640
3581311,111,69,9617,2006,3456.0,0.0,1.293779,0.93995,ITA,ERI,871640
3581312,163,69,9617,2006,5000.0,0.0,1.0787930000000001,0.014051,NOR,ERI,871640
3581313,246,69,9617,2006,67827.0,0.0,0.37964499999999995,1.466326,ZAF,ERI,871640
3581314,231,79,9617,2006,2041.0,0.0,1.666643,-0.121679,USA,FSM,871640
3581315,39,95,9617,2006,2132.0,0.0,0.865685,1.1480489999999999,CAN,GUM,871640
3581316,14,119,9617,2006,2354.0,0.0,0.067166,0.373148,AUS,KIR,871640
3581317,166,119,9617,2006,1365.0,0.0,0.5371,0.8240209999999999,NZL,KIR,871640
3581318,216,123,9617,2006,188133.0,0.0,0.568209,1.685343,THA,LAO,871640
3581319,231,139,9617,2006,8100.0,0.0,1.666643,-0.121679,USA,MHL,871640
3581320,166,161,9617,2006,16143.0,0.0,0.5371,0.8240209999999999,NZL,NIU,871640
3581321,17,164,9617,2006,83978.0,57411.0,-0.033711,-0.48450600000000005,BDI,NPL,871640
3581322,14,165,9617,2006,1958.0,0.0,0.067166,0.373148,AUS,NRU,871640
3581323,14,176,9617,2006,209733.0,0.0,0.067166,0.373148,AUS,PNG,871640
3581324,43,176,9617,2006,54630.0,0.0,0.737888,2.54966,CHN,PNG,871640
3581325,103,176,9617,2006,169761.0,0.0,-0.21012399999999998,1.467838,IDN,PNG,871640
3581326,153,176,9617,2006,4523.0,0.0,0.7896569999999999,0.363625,MYS,PNG,871640
3581327,166,176,9617,2006,128065.0,0.0,0.5371,0.8240209999999999,NZL,PNG,871640
3581328,14,195,9617,2006,118304.0,0.0,0.067166,0.373148,AUS,SLB,871640
3581329,103,195,9617,2006,331628.0,0.0,-0.21012399999999998,1.467838,IDN,SLB,871640
3581330,14,220,9617,2006,163903.0,0.0,0.067166,0.373148,AUS,TLS,871640
3581331,179,220,9617,2006,27708.0,0.0,0.5723630000000001,1.92303,PRT,TLS,871640
3581332,166,225,9617,2006,1405.0,0.0,0.5371,0.8240209999999999,NZL,TUV,871640
3581333,166,241,9617,2006,1712.0,0.0,0.5371,0.8240209999999999,NZL,WLF,871640
3581334,250,241,9617,2006,1223.0,0.0,0.711619,-0.41880200000000006,ANS,WLF,871640
3581335,104,35,9617,2006,7500.0,0.0,0.285652,2.731318,IND,BTN,871640
3581336,45,38,9617,2006,60373.0,0.0,-1.358873,-1.1511360000000002,CMR,CAF,871640
3581337,77,38,9617,2006,2216.0,0.0,1.47591,0.489466,FRA,CAF,871640
3581338,0,6,9618,2006,12098.0,0.0,0.15112799999999998,-0.752631,ABW,ANT,871680
3581339,13,6,9618,2006,0.0,1036.0,-0.139051,-0.780321,ATG,ANT,871680
3581340,43,6,9618,2006,8826.0,0.0,0.737888,2.54966,CHN,ANT,871680
3581341,61,6,9618,2006,34505.0,0.0,2.132566,-2.773669,DEU,ANT,871680
3581342,120,6,9618,2006,0.0,1059.0,0.896119,-0.309349,KNA,ANT,871680
3581343,162,6,9618,2006,97660.0,1085.0,1.192134,1.450852,NLD,ANT,871680
3581344,169,6,9618,2006,4219.0,0.0,0.306664,0.638533,PAN,ANT,871680
3581345,205,6,9618,2006,0.0,764.0,-0.754046,-0.872361,SUR,ANT,871680
3581346,231,6,9618,2006,233001.0,0.0,1.666643,-0.121679,USA,ANT,871680
3581347,250,6,9618,2006,1404.0,0.0,0.711619,-0.41880200000000006,ANS,ANT,871680
3581348,2,8,9618,2006,0.0,4190.0,-2.0822979999999998,-1.176767,AGO,ARG,871680
3581349,7,8,9618,2006,0.0,2343.0,0.053903999999999994,-0.735124,ARE,ARG,871680
3581350,14,8,9618,2006,0.0,932.0,0.067166,0.373148,AUS,ARG,871680
3581351,31,8,9618,2006,0.0,18945.0,-0.805185,-0.754091,BOL,ARG,871680
3581352,32,8,9618,2006,59662.0,19348.0,0.633889,1.1474520000000001,BRA,ARG,871680
3581353,39,8,9618,2006,0.0,996.0,0.865685,1.1480489999999999,CAN,ARG,871680
3581354,41,8,9618,2006,1624.0,0.0,2.052534,0.515523,CHE,ARG,871680
3581355,42,8,9618,2006,18409.0,126226.0,-0.188298,-0.46778000000000003,CHL,ARG,871680
3581356,43,8,9618,2006,429079.0,0.0,0.737888,2.54966,CHN,ARG,871680
3581357,49,8,9618,2006,0.0,32521.0,0.129887,0.44371700000000003,COL,ARG,871680
3581358,52,8,9618,2006,0.0,16238.0,0.042663,-0.376672,CRI,ARG,871680
3581359,54,8,9618,2006,0.0,25466.0,0.204039,-0.5183260000000001,CUB,ARG,871680
3581360,59,8,9618,2006,18199.0,0.0,1.564058,0.6023649999999999,CZE,ARG,871680
3581361,61,8,9618,2006,57136.0,0.0,2.132566,-2.773669,DEU,ARG,871680
3581362,64,8,9618,2006,491566.0,0.0,1.2308700000000001,1.180914,DNK,ARG,871680
3581363,65,8,9618,2006,0.0,4779.0,-0.24073699999999998,0.049093,DOM,ARG,871680
3581364,67,8,9618,2006,0.0,34812.0,-0.878583,-0.9462010000000001,ECU,ARG,871680
3581365,71,8,9618,2006,109683.0,75702.0,0.9091370000000001,2.068166,ESP,ARG,871680
3581366,74,8,9618,2006,1467.0,0.0,1.864038,0.8193940000000001,FIN,ARG,871680
3581367,81,8,9618,2006,69363.0,0.0,1.824154,0.614424,GBR,ARG,871680
3581368,97,8,9618,2006,9778.0,0.0,0.5776319999999999,2.076782,HKG,ARG,871680
3581369,99,8,9618,2006,0.0,4035.0,-0.672074,-0.472138,HND,ARG,871680
3581370,102,8,9618,2006,1280.0,0.0,1.4034309999999999,0.835144,HUN,ARG,871680
3581371,110,8,9618,2006,2276.0,0.0,1.3082129999999998,0.783845,ISR,ARG,871680
3581372,111,8,9618,2006,29254.0,0.0,1.293779,0.93995,ITA,ARG,871680
3581373,113,8,9618,2006,0.0,5751.0,0.166718,0.331248,JOR,ARG,871680
3581374,114,8,9618,2006,1143.0,0.0,2.4348099999999997,0.082887,JPN,ARG,871680
3581375,121,8,9618,2006,20240.0,0.0,1.5384309999999999,0.766628,KOR,ARG,871680
3581376,122,8,9618,2006,0.0,4479.0,-0.589823,-1.142795,KWT,ARG,871680
3581377,138,8,9618,2006,2361.0,44076.0,1.047268,0.7142270000000001,MEX,ARG,871680
3581378,153,8,9618,2006,0.0,3768.0,0.7896569999999999,0.363625,MYS,ARG,871680
3581379,160,8,9618,2006,0.0,2530.0,-0.998825,-0.893867,NIC,ARG,871680
3581380,162,8,9618,2006,5275.0,0.0,1.192134,1.450852,NLD,ARG,871680
3581381,169,8,9618,2006,0.0,2541.0,0.306664,0.638533,PAN,ARG,871680
3581382,173,8,9618,2006,0.0,22389.0,-0.551095,0.044295,PER,ARG,871680
3581383,180,8,9618,2006,0.0,167653.0,-0.520435,-0.7839119999999999,PRY,ARG,871680
3581384,188,8,9618,2006,0.0,1643.0,0.162432,-0.853059,SAU,ARG,871680
3581385,208,8,9618,2006,1464.0,0.0,1.902737,0.593294,SWE,ARG,871680
3581386,224,8,9618,2006,0.0,963.0,0.33971599999999996,2.193384,TUR,ARG,871680
3581387,230,8,9618,2006,1327.0,90651.0,0.234384,0.118878,URY,ARG,871680
3581388,231,8,9618,2006,940810.0,43129.0,1.666643,-0.121679,USA,ARG,871680
3581389,236,8,9618,2006,0.0,70120.0,-0.340972,-1.015462,VEN,ARG,871680
3581390,246,8,9618,2006,0.0,26029.0,0.37964499999999995,1.466326,ZAF,ARG,871680
3581391,249,8,9618,2006,10382.0,0.0,1.619915,1.2289940000000001,TWN,ARG,871680
3581392,250,8,9618,2006,16172.0,0.0,0.711619,-0.41880200000000006,ANS,ARG,871680
3581393,6,13,9618,2006,1036.0,0.0,0.251825,-0.629035,ANT,ATG,871680
3581394,33,13,9618,2006,0.0,1045.0,0.977267,0.6046560000000001,BRB,ATG,871680
3581395,39,13,9618,2006,978.0,0.0,0.865685,1.1480489999999999,CAN,ATG,871680
3581396,81,13,9618,2006,8041.0,0.0,1.824154,0.614424,GBR,ATG,871680
3581397,111,13,9618,2006,2147.0,0.0,1.293779,0.93995,ITA,ATG,871680
3581398,138,13,9618,2006,1910.0,0.0,1.047268,0.7142270000000001,MEX,ATG,871680
3581399,222,13,9618,2006,1212.0,0.0,-0.20651399999999998,-1.024907,TTO,ATG,871680
3581400,231,13,9618,2006,48607.0,0.0,1.666643,-0.121679,USA,ATG,871680
3581401,5,15,9618,2006,0.0,3684.0,1.03128,0.402281,AND,AUT,871680
3581402,7,15,9618,2006,0.0,21552.0,0.053903999999999994,-0.735124,ARE,AUT,871680
3581403,14,15,9618,2006,9550.0,44695.0,0.067166,0.373148,AUS,AUT,871680
3581404,18,15,9618,2006,180446.0,113614.0,1.2222540000000002,1.383027,BEL,AUT,871680
3581405,23,15,9618,2006,1440.0,59602.0,0.414563,1.378005,BGR,AUT,871680
3581406,26,15,9618,2006,4700.0,46363.0,0.40788800000000003,0.562854,BIH,AUT,871680
3581407,28,15,9618,2006,0.0,9162.0,0.919853,0.384409,BLR,AUT,871680
3581408,32,15,9618,2006,0.0,101651.0,0.633889,1.1474520000000001,BRA,AUT,871680
3581409,39,15,9618,2006,0.0,13742.0,0.865685,1.1480489999999999,CAN,AUT,871680
3581410,41,15,9618,2006,264797.0,496292.0,2.052534,0.515523,CHE,AUT,871680
3581411,42,15,9618,2006,0.0,8964.0,-0.188298,-0.46778000000000003,CHL,AUT,871680
3581412,43,15,9618,2006,838206.0,18946.0,0.737888,2.54966,CHN,AUT,871680
3581413,49,15,9618,2006,21591.0,0.0,0.129887,0.44371700000000003,COL,AUT,871680
3581414,59,15,9618,2006,733140.0,177696.0,1.564058,0.6023649999999999,CZE,AUT,871680
3581415,61,15,9618,2006,22771570.0,1228198.0,2.132566,-2.773669,DEU,AUT,871680
3581416,64,15,9618,2006,628430.0,450174.0,1.2308700000000001,1.180914,DNK,AUT,871680
3581417,71,15,9618,2006,0.0,78353.0,0.9091370000000001,2.068166,ESP,AUT,871680
3581418,72,15,9618,2006,322701.0,5996.0,0.6426350000000001,0.925003,EST,AUT,871680
3581419,73,15,9618,2006,0.0,12305.0,-0.9557180000000001,-0.9153479999999999,ETH,AUT,871680
3581420,74,15,9618,2006,22679.0,27217.0,1.864038,0.8193940000000001,FIN,AUT,871680
3581421,77,15,9618,2006,813236.0,299688.0,1.47591,0.489466,FRA,AUT,871680
3581422,81,15,9618,2006,94913.0,68665.0,1.824154,0.614424,GBR,AUT,871680
3581423,90,15,9618,2006,0.0,6252.0,0.261955,1.488958,GRC,AUT,871680
3581424,97,15,9618,2006,87749.0,0.0,0.5776319999999999,2.076782,HKG,AUT,871680
3581425,100,15,9618,2006,106497.0,354434.0,0.755787,0.992614,HRV,AUT,871680
3581426,102,15,9618,2006,244780.0,153297.0,1.4034309999999999,0.835144,HUN,AUT,871680
3581427,103,15,9618,2006,2695.0,0.0,-0.21012399999999998,1.467838,IDN,AUT,871680
3581428,106,15,9618,2006,0.0,3207.0,1.43804,0.06463200000000001,IRL,AUT,871680
3581429,109,15,9618,2006,0.0,2887.0,0.170234,-0.302203,ISL,AUT,871680
3581430,111,15,9618,2006,1398616.0,1002793.0,1.293779,0.93995,ITA,AUT,871680
3581431,113,15,9618,2006,0.0,1427.0,0.166718,0.331248,JOR,AUT,871680
3581432,114,15,9618,2006,29218.0,54156.0,2.4348099999999997,0.082887,JPN,AUT,871680
3581433,115,15,9618,2006,0.0,12843.0,0.038229,-0.579421,KAZ,AUT,871680
3581434,121,15,9618,2006,0.0,25254.0,1.5384309999999999,0.766628,KOR,AUT,871680
3581435,124,15,9618,2006,0.0,1633.0,0.3861,1.586183,LBN,AUT,871680
3581436,130,15,9618,2006,10090.0,3123.0,0.44063599999999997,1.163857,LTU,AUT,871680
3581437,131,15,9618,2006,5410.0,2508.0,1.4345620000000001,0.8840819999999999,LUX,AUT,871680
3581438,132,15,9618,2006,0.0,14952.0,0.531375,0.9414170000000001,LVA,AUT,871680
3581439,134,15,9618,2006,0.0,7213.0,-0.547933,0.08257300000000001,MAR,AUT,871680
3581440,135,15,9618,2006,0.0,1102.0,-0.017707,0.135305,MDA,AUT,871680
3581441,138,15,9618,2006,712.0,4445.0,1.047268,0.7142270000000001,MEX,AUT,871680
3581442,140,15,9618,2006,0.0,273777.0,-0.21336,0.17674700000000002,MKD,AUT,871680
3581443,142,15,9618,2006,0.0,2984.0,1.384411,0.093734,MLT,AUT,871680
3581444,144,15,9618,2006,0.0,3301.0,0.130773,-0.24674699999999997,MNE,AUT,871680
3581445,159,15,9618,2006,0.0,25895.0,-2.094353,-1.215025,NGA,AUT,871680
3581446,162,15,9618,2006,512285.0,34278.0,1.192134,1.450852,NLD,AUT,871680
3581447,163,15,9618,2006,552491.0,66159.0,1.0787930000000001,0.014051,NOR,AUT,871680
3581448,177,15,9618,2006,1749182.0,16704.0,0.991927,1.474418,POL,AUT,871680
3581449,179,15,9618,2006,0.0,3014.0,0.5723630000000001,1.92303,PRT,AUT,871680
3581450,183,15,9618,2006,0.0,795.0,0.055777999999999994,-1.0379049999999999,QAT,AUT,871680
3581451,185,15,9618,2006,6491.0,167407.0,0.550825,1.170744,ROU,AUT,871680
3581452,186,15,9618,2006,0.0,146691.0,0.801197,0.104683,RUS,AUT,871680
3581453,188,15,9618,2006,0.0,12481.0,0.162432,-0.853059,SAU,AUT,871680
3581454,190,15,9618,2006,0.0,3140.0,-1.873762,-1.278378,SDN,AUT,871680
3581455,192,15,9618,2006,0.0,1489.0,1.5377379999999998,0.503089,SGP,AUT,871680
3581456,201,15,9618,2006,55563.0,45815.0,0.547824,1.5588879999999998,SRB,AUT,871680
3581457,206,15,9618,2006,134415.0,71042.0,1.291583,0.868317,SVK,AUT,871680
3581458,207,15,9618,2006,443635.0,275971.0,1.5882370000000001,0.800719,SVN,AUT,871680
3581459,208,15,9618,2006,379104.0,18039.0,1.902737,0.593294,SWE,AUT,871680
3581460,216,15,9618,2006,30465.0,0.0,0.568209,1.685343,THA,AUT,871680
3581461,217,15,9618,2006,0.0,1092.0,-1.071326,-1.158325,TJK,AUT,871680
3581462,224,15,9618,2006,5354.0,193523.0,0.33971599999999996,2.193384,TUR,AUT,871680
3581463,228,15,9618,2006,0.0,225401.0,0.7008439999999999,0.79656,UKR,AUT,871680
3581464,231,15,9618,2006,5913.0,507012.0,1.666643,-0.121679,USA,AUT,871680
3581465,236,15,9618,2006,0.0,22626.0,-0.340972,-1.015462,VEN,AUT,871680
3581466,239,15,9618,2006,0.0,16635.0,-0.342779,1.033318,VNM,AUT,871680
3581467,246,15,9618,2006,0.0,1400.0,0.37964499999999995,1.466326,ZAF,AUT,871680
3581468,249,15,9618,2006,299709.0,0.0,1.619915,1.2289940000000001,TWN,AUT,871680
3581469,2,18,9618,2006,0.0,1445.0,-2.0822979999999998,-1.176767,AGO,BEL,871680
3581470,7,18,9618,2006,0.0,143852.0,0.053903999999999994,-0.735124,ARE,BEL,871680
3581471,15,18,9618,2006,113614.0,180446.0,1.775669,0.192717,AUT,BEL,871680
3581472,17,18,9618,2006,0.0,13813.0,-0.033711,-0.48450600000000005,BDI,BEL,871680
3581473,22,18,9618,2006,2193.0,0.0,-1.0305309999999999,-0.80937,BGD,BEL,871680
3581474,23,18,9618,2006,12947.0,0.0,0.414563,1.378005,BGR,BEL,871680
3581475,24,18,9618,2006,0.0,10385.0,0.172724,-0.9449879999999999,BHR,BEL,871680
3581476,26,18,9618,2006,0.0,1949.0,0.40788800000000003,0.562854,BIH,BEL,871680
3581477,28,18,9618,2006,0.0,3211.0,0.919853,0.384409,BLR,BEL,871680
3581478,33,18,9618,2006,0.0,1215.0,0.977267,0.6046560000000001,BRB,BEL,871680
3581479,39,18,9618,2006,82996.0,1288.0,0.865685,1.1480489999999999,CAN,BEL,871680
3581480,41,18,9618,2006,18036.0,91378.0,2.052534,0.515523,CHE,BEL,871680
3581481,42,18,9618,2006,0.0,18210.0,-0.188298,-0.46778000000000003,CHL,BEL,871680
3581482,43,18,9618,2006,6289910.0,28571.0,0.737888,2.54966,CHN,BEL,871680
3581483,45,18,9618,2006,0.0,65944.0,-1.358873,-1.1511360000000002,CMR,BEL,871680
3581484,46,18,9618,2006,0.0,16127.0,-1.542137,-1.086494,COD,BEL,871680
3581485,58,18,9618,2006,0.0,5005.0,0.708267,-0.048096,CYP,BEL,871680
3581486,59,18,9618,2006,37052.0,12882.0,1.564058,0.6023649999999999,CZE,BEL,871680
3581487,61,18,9618,2006,9813601.0,2049273.0,2.132566,-2.773669,DEU,BEL,871680
3581488,64,18,9618,2006,234025.0,128636.0,1.2308700000000001,1.180914,DNK,BEL,871680
3581489,66,18,9618,2006,0.0,14573.0,-0.489962,-1.12456,DZA,BEL,871680
3581490,67,18,9618,2006,0.0,2124.0,-0.878583,-0.9462010000000001,ECU,BEL,871680
3581491,68,18,9618,2006,0.0,32429.0,-0.182272,0.40222399999999997,EGY,BEL,871680
3581492,71,18,9618,2006,3210.0,362037.0,0.9091370000000001,2.068166,ESP,BEL,871680
3581493,72,18,9618,2006,22414.0,4341.0,0.6426350000000001,0.925003,EST,BEL,871680
3581494,74,18,9618,2006,872357.0,32983.0,1.864038,0.8193940000000001,FIN,BEL,871680
3581495,77,18,9618,2006,5126750.0,5013132.0,1.47591,0.489466,FRA,BEL,871680
3581496,78,18,9618,2006,0.0,2661.0,-0.117631,-0.69352,FRO,BEL,871680
3581497,80,18,9618,2006,0.0,95028.0,-1.6696819999999999,-1.173322,GAB,BEL,871680
3581498,81,18,9618,2006,152749.0,609912.0,1.824154,0.614424,GBR,BEL,871680
3581499,83,18,9618,2006,0.0,49602.0,-0.9934860000000001,-0.809318,GHA,BEL,871680
3581500,90,18,9618,2006,0.0,22643.0,0.261955,1.488958,GRC,BEL,871680
3581501,97,18,9618,2006,6387.0,79269.0,0.5776319999999999,2.076782,HKG,BEL,871680
3581502,100,18,9618,2006,67539.0,1414.0,0.755787,0.992614,HRV,BEL,871680
3581503,102,18,9618,2006,0.0,26228.0,1.4034309999999999,0.835144,HUN,BEL,871680
3581504,104,18,9618,2006,12136.0,1361.0,0.285652,2.731318,IND,BEL,871680
3581505,106,18,9618,2006,320155.0,246826.0,1.43804,0.06463200000000001,IRL,BEL,871680
3581506,109,18,9618,2006,0.0,1726.0,0.170234,-0.302203,ISL,BEL,871680
3581507,110,18,9618,2006,16293.0,12021.0,1.3082129999999998,0.783845,ISR,BEL,871680
3581508,111,18,9618,2006,1256596.0,525802.0,1.293779,0.93995,ITA,BEL,871680
3581509,113,18,9618,2006,0.0,2090.0,0.166718,0.331248,JOR,BEL,871680
3581510,114,18,9618,2006,12458.0,61207.0,2.4348099999999997,0.082887,JPN,BEL,871680
3581511,115,18,9618,2006,0.0,18023.0,0.038229,-0.579421,KAZ,BEL,871680
3581512,121,18,9618,2006,0.0,39960.0,1.5384309999999999,0.766628,KOR,BEL,871680
3581513,122,18,9618,2006,0.0,16822.0,-0.589823,-1.142795,KWT,BEL,871680
3581514,124,18,9618,2006,0.0,7240.0,0.3861,1.586183,LBN,BEL,871680
3581515,130,18,9618,2006,0.0,24463.0,0.44063599999999997,1.163857,LTU,BEL,871680
3581516,131,18,9618,2006,76095.0,2750950.0,1.4345620000000001,0.8840819999999999,LUX,BEL,871680
3581517,132,18,9618,2006,0.0,5562.0,0.531375,0.9414170000000001,LVA,BEL,871680
3581518,134,18,9618,2006,0.0,26010.0,-0.547933,0.08257300000000001,MAR,BEL,871680
3581519,135,18,9618,2006,0.0,2451.0,-0.017707,0.135305,MDA,BEL,871680
3581520,136,18,9618,2006,0.0,1058.0,-1.024657,-0.393395,MDG,BEL,871680
3581521,138,18,9618,2006,0.0,2882.0,1.047268,0.7142270000000001,MEX,BEL,871680
3581522,140,18,9618,2006,0.0,2419.0,-0.21336,0.17674700000000002,MKD,BEL,871680
3581523,142,18,9618,2006,0.0,29109.0,1.384411,0.093734,MLT,BEL,871680
3581524,144,18,9618,2006,0.0,485.0,0.130773,-0.24674699999999997,MNE,BEL,871680
3581525,153,18,9618,2006,21388.0,30057.0,0.7896569999999999,0.363625,MYS,BEL,871680
3581526,156,18,9618,2006,0.0,10731.0,-0.135099,-0.7618779999999999,NCL,BEL,871680
3581527,159,18,9618,2006,0.0,17266.0,-2.094353,-1.215025,NGA,BEL,871680
3581528,162,18,9618,2006,5882990.0,6417509.0,1.192134,1.450852,NLD,BEL,871680
3581529,163,18,9618,2006,0.0,12032.0,1.0787930000000001,0.014051,NOR,BEL,871680
3581530,166,18,9618,2006,2436.0,0.0,0.5371,0.8240209999999999,NZL,BEL,871680
3581531,169,18,9618,2006,0.0,1935.0,0.306664,0.638533,PAN,BEL,871680
3581532,177,18,9618,2006,202583.0,71405.0,0.991927,1.474418,POL,BEL,871680
3581533,179,18,9618,2006,68327.0,133216.0,0.5723630000000001,1.92303,PRT,BEL,871680
3581534,183,18,9618,2006,0.0,3585.0,0.055777999999999994,-1.0379049999999999,QAT,BEL,871680
3581535,185,18,9618,2006,483382.0,275098.0,0.550825,1.170744,ROU,BEL,871680
3581536,186,18,9618,2006,1132.0,49903.0,0.801197,0.104683,RUS,BEL,871680
3581537,187,18,9618,2006,0.0,14359.0,-0.032827999999999996,-0.42937600000000004,RWA,BEL,871680
3581538,188,18,9618,2006,0.0,6646.0,0.162432,-0.853059,SAU,BEL,871680
3581539,191,18,9618,2006,0.0,1887.0,-0.364713,-0.183612,SEN,BEL,871680
3581540,206,18,9618,2006,0.0,1032.0,1.291583,0.868317,SVK,BEL,871680
3581541,207,18,9618,2006,51771.0,1957.0,1.5882370000000001,0.800719,SVN,BEL,871680
3581542,208,18,9618,2006,750124.0,519097.0,1.902737,0.593294,SWE,BEL,871680
3581543,216,18,9618,2006,0.0,12136.0,0.568209,1.685343,THA,BEL,871680
3581544,223,18,9618,2006,0.0,16409.0,-0.013636,0.804752,TUN,BEL,871680
3581545,224,18,9618,2006,83449.0,6073.0,0.33971599999999996,2.193384,TUR,BEL,871680
3581546,226,18,9618,2006,0.0,3833.0,-0.953097,0.159129,TZA,BEL,871680
3581547,227,18,9618,2006,0.0,13373.0,-0.702511,-0.43976099999999996,UGA,BEL,871680
3581548,228,18,9618,2006,0.0,159735.0,0.7008439999999999,0.79656,UKR,BEL,871680
3581549,231,18,9618,2006,819070.0,521641.0,1.666643,-0.121679,USA,BEL,871680
3581550,239,18,9618,2006,75504.0,0.0,-0.342779,1.033318,VNM,BEL,871680
3581551,243,18,9618,2006,0.0,6933.0,-1.0407110000000002,-1.13042,YEM,BEL,871680
3581552,246,18,9618,2006,21627.0,8797.0,0.37964499999999995,1.466326,ZAF,BEL,871680
3581553,249,18,9618,2006,129593.0,3438.0,1.619915,1.2289940000000001,TWN,BEL,871680
3581554,39,25,9618,2006,4851.0,0.0,0.865685,1.1480489999999999,CAN,BHS,871680
3581555,43,25,9618,2006,4782.0,0.0,0.737888,2.54966,CHN,BHS,871680
3581556,74,25,9618,2006,6611.0,0.0,1.864038,0.8193940000000001,FIN,BHS,871680
3581557,81,25,9618,2006,5669.0,0.0,1.824154,0.614424,GBR,BHS,871680
3581558,114,25,9618,2006,3248.0,0.0,2.4348099999999997,0.082887,JPN,BHS,871680
3581559,138,25,9618,2006,6410.0,0.0,1.047268,0.7142270000000001,MEX,BHS,871680
3581560,162,25,9618,2006,14929.0,0.0,1.192134,1.450852,NLD,BHS,871680
3581561,169,25,9618,2006,5031.0,0.0,0.306664,0.638533,PAN,BHS,871680
3581562,231,25,9618,2006,420529.0,261342.0,1.666643,-0.121679,USA,BHS,871680
3581563,8,31,9618,2006,18945.0,0.0,0.33055,0.665867,ARG,BOL,871680
3581564,32,31,9618,2006,119884.0,0.0,0.633889,1.1474520000000001,BRA,BOL,871680
3581565,42,31,9618,2006,203943.0,2661.0,-0.188298,-0.46778000000000003,CHL,BOL,871680
3581566,43,31,9618,2006,779.0,0.0,0.737888,2.54966,CHN,BOL,871680
3581567,61,31,9618,2006,2603.0,0.0,2.132566,-2.773669,DEU,BOL,871680
3581568,71,31,9618,2006,1364.0,0.0,0.9091370000000001,2.068166,ESP,BOL,871680
3581569,111,31,9618,2006,1250.0,0.0,1.293779,0.93995,ITA,BOL,871680
3581570,114,31,9618,2006,1334.0,0.0,2.4348099999999997,0.082887,JPN,BOL,871680
3581571,138,31,9618,2006,3578.0,0.0,1.047268,0.7142270000000001,MEX,BOL,871680
3581572,231,31,9618,2006,14210.0,0.0,1.666643,-0.121679,USA,BOL,871680
3581573,2,32,9618,2006,0.0,448018.0,-2.0822979999999998,-1.176767,AGO,BRA,871680
3581574,8,32,9618,2006,19348.0,59662.0,0.33055,0.665867,ARG,BRA,871680
3581575,15,32,9618,2006,101651.0,0.0,1.775669,0.192717,AUT,BRA,871680
3581576,31,32,9618,2006,0.0,119884.0,-0.805185,-0.754091,BOL,BRA,871680
3581577,39,32,9618,2006,0.0,2986.0,0.865685,1.1480489999999999,CAN,BRA,871680
3581578,42,32,9618,2006,7046.0,109035.0,-0.188298,-0.46778000000000003,CHL,BRA,871680
3581579,43,32,9618,2006,91401.0,0.0,0.737888,2.54966,CHN,BRA,871680
3581580,44,32,9618,2006,0.0,6902.0,-0.8918530000000001,-0.8145819999999999,CIV,BRA,871680
3581581,46,32,9618,2006,0.0,23026.0,-1.542137,-1.086494,COD,BRA,871680
3581582,49,32,9618,2006,0.0,182327.0,0.129887,0.44371700000000003,COL,BRA,871680
3581583,51,32,9618,2006,0.0,15765.0,0.369814,-0.414812,CPV,BRA,871680
3581584,52,32,9618,2006,0.0,14244.0,0.042663,-0.376672,CRI,BRA,871680
3581585,61,32,9618,2006,26581.0,15228.0,2.132566,-2.773669,DEU,BRA,871680
3581586,65,32,9618,2006,0.0,21764.0,-0.24073699999999998,0.049093,DOM,BRA,871680
3581587,67,32,9618,2006,0.0,43735.0,-0.878583,-0.9462010000000001,ECU,BRA,871680
3581588,68,32,9618,2006,0.0,9339.0,-0.182272,0.40222399999999997,EGY,BRA,871680
3581589,71,32,9618,2006,11194.0,34431.0,0.9091370000000001,2.068166,ESP,BRA,871680
3581590,75,32,9618,2006,0.0,1673.0,-0.6554949999999999,-0.098284,FJI,BRA,871680
3581591,77,32,9618,2006,39234.0,158804.0,1.47591,0.489466,FRA,BRA,871680
3581592,81,32,9618,2006,13368.0,0.0,1.824154,0.614424,GBR,BRA,871680
3581593,93,32,9618,2006,0.0,1056.0,-0.28642199999999995,0.5868439999999999,GTM,BRA,871680
3581594,96,32,9618,2006,0.0,2440.0,-0.813775,-0.8000649999999999,GUY,BRA,871680
3581595,97,32,9618,2006,7780.0,0.0,0.5776319999999999,2.076782,HKG,BRA,871680
3581596,99,32,9618,2006,0.0,1585.0,-0.672074,-0.472138,HND,BRA,871680
3581597,104,32,9618,2006,0.0,13581.0,0.285652,2.731318,IND,BRA,871680
3581598,108,32,9618,2006,0.0,1191.0,-2.029727,-0.8634219999999999,IRQ,BRA,871680
3581599,110,32,9618,2006,0.0,922.0,1.3082129999999998,0.783845,ISR,BRA,871680
3581600,112,32,9618,2006,0.0,8264.0,-0.5122720000000001,-0.9109809999999999,JAM,BRA,871680
3581601,114,32,9618,2006,42563.0,0.0,2.4348099999999997,0.082887,JPN,BRA,871680
3581602,122,32,9618,2006,0.0,92434.0,-0.589823,-1.142795,KWT,BRA,871680
3581603,127,32,9618,2006,0.0,2449.0,1.118348,-0.17618,LCA,BRA,871680
3581604,130,32,9618,2006,0.0,14880.0,0.44063599999999997,1.163857,LTU,BRA,871680
3581605,138,32,9618,2006,36109.0,33021.0,1.047268,0.7142270000000001,MEX,BRA,871680
3581606,147,32,9618,2006,0.0,1526.0,-1.0250629999999998,-1.067359,MOZ,BRA,871680
3581607,162,32,9618,2006,40174.0,4190.0,1.192134,1.450852,NLD,BRA,871680
3581608,166,32,9618,2006,2520.0,4737.0,0.5371,0.8240209999999999,NZL,BRA,871680
3581609,169,32,9618,2006,856.0,20237.0,0.306664,0.638533,PAN,BRA,871680
3581610,173,32,9618,2006,0.0,24637.0,-0.551095,0.044295,PER,BRA,871680
3581611,174,32,9618,2006,0.0,2811.0,0.161994,0.036631,PHL,BRA,871680
3581612,179,32,9618,2006,0.0,19207.0,0.5723630000000001,1.92303,PRT,BRA,871680
3581613,180,32,9618,2006,0.0,398277.0,-0.520435,-0.7839119999999999,PRY,BRA,871680
3581614,186,32,9618,2006,0.0,11519.0,0.801197,0.104683,RUS,BRA,871680
3581615,188,32,9618,2006,0.0,20909.0,0.162432,-0.853059,SAU,BRA,871680
3581616,197,32,9618,2006,0.0,6051.0,-0.135312,0.140874,SLV,BRA,871680
3581617,203,32,9618,2006,0.0,14043.0,0.805511,-0.19645,STP,BRA,871680
3581618,205,32,9618,2006,0.0,1214.0,-0.754046,-0.872361,SUR,BRA,871680
3581619,208,32,9618,2006,5878.0,12234.0,1.902737,0.593294,SWE,BRA,871680
3581620,230,32,9618,2006,0.0,205886.0,0.234384,0.118878,URY,BRA,871680
3581621,231,32,9618,2006,716130.0,94705.0,1.666643,-0.121679,USA,BRA,871680
3581622,236,32,9618,2006,0.0,408453.0,-0.340972,-1.015462,VEN,BRA,871680
3581623,246,32,9618,2006,4693.0,3635.0,0.37964499999999995,1.466326,ZAF,BRA,871680
3581624,249,32,9618,2006,4068.0,0.0,1.619915,1.2289940000000001,TWN,BRA,871680
3581625,13,33,9618,2006,1045.0,0.0,-0.139051,-0.780321,ATG,BRB,871680
3581626,18,33,9618,2006,1215.0,0.0,1.2222540000000002,1.383027,BEL,BRB,871680
3581627,39,33,9618,2006,6616.0,0.0,0.865685,1.1480489999999999,CAN,BRB,871680
3581628,43,33,9618,2006,21751.0,0.0,0.737888,2.54966,CHN,BRB,871680
3581629,63,33,9618,2006,0.0,988.0,0.10759400000000001,-0.159215,DMA,BRB,871680
3581630,64,33,9618,2006,14969.0,0.0,1.2308700000000001,1.180914,DNK,BRB,871680
3581631,65,33,9618,2006,0.0,20419.0,-0.24073699999999998,0.049093,DOM,BRB,871680
3581632,81,33,9618,2006,28307.0,0.0,1.824154,0.614424,GBR,BRB,871680
3581633,97,33,9618,2006,1174.0,0.0,0.5776319999999999,2.076782,HKG,BRB,871680
3581634,138,33,9618,2006,22939.0,0.0,1.047268,0.7142270000000001,MEX,BRB,871680
3581635,162,33,9618,2006,855.0,0.0,1.192134,1.450852,NLD,BRB,871680
3581636,169,33,9618,2006,6728.0,0.0,0.306664,0.638533,PAN,BRB,871680
3581637,216,33,9618,2006,4063.0,0.0,0.568209,1.685343,THA,BRB,871680
3581638,222,33,9618,2006,0.0,1217.0,-0.20651399999999998,-1.024907,TTO,BRB,871680
3581639,231,33,9618,2006,114757.0,0.0,1.666643,-0.121679,USA,BRB,871680
3581640,249,33,9618,2006,4531.0,0.0,1.619915,1.2289940000000001,TWN,BRB,871680
3581641,7,39,9618,2006,0.0,23734.0,0.053903999999999994,-0.735124,ARE,CAN,871680
3581642,8,39,9618,2006,996.0,0.0,0.33055,0.665867,ARG,CAN,871680
3581643,13,39,9618,2006,0.0,978.0,-0.139051,-0.780321,ATG,CAN,871680
3581644,14,39,9618,2006,20941.0,134906.0,0.067166,0.373148,AUS,CAN,871680
3581645,15,39,9618,2006,13742.0,0.0,1.775669,0.192717,AUT,CAN,871680
3581646,18,39,9618,2006,1288.0,82996.0,1.2222540000000002,1.383027,BEL,CAN,871680
3581647,22,39,9618,2006,0.0,1009.0,-1.0305309999999999,-0.80937,BGD,CAN,871680
3581648,23,39,9618,2006,0.0,2557.0,0.414563,1.378005,BGR,CAN,871680
3581649,25,39,9618,2006,0.0,4851.0,0.673694,-0.519608,BHS,CAN,871680
3581650,29,39,9618,2006,0.0,9357.0,-0.584902,-0.82437,BLZ,CAN,871680
3581651,32,39,9618,2006,2986.0,0.0,0.633889,1.1474520000000001,BRA,CAN,871680
3581652,33,39,9618,2006,0.0,6616.0,0.977267,0.6046560000000001,BRB,CAN,871680
3581653,41,39,9618,2006,40790.0,9915.0,2.052534,0.515523,CHE,CAN,871680
3581654,42,39,9618,2006,0.0,11757.0,-0.188298,-0.46778000000000003,CHL,CAN,871680
3581655,43,39,9618,2006,15099326.0,212175.0,0.737888,2.54966,CHN,CAN,871680
3581656,49,39,9618,2006,0.0,1053.0,0.129887,0.44371700000000003,COL,CAN,871680
3581657,52,39,9618,2006,2694.0,0.0,0.042663,-0.376672,CRI,CAN,871680
3581658,54,39,9618,2006,0.0,214853.0,0.204039,-0.5183260000000001,CUB,CAN,871680
3581659,59,39,9618,2006,2895.0,0.0,1.564058,0.6023649999999999,CZE,CAN,871680
3581660,61,39,9618,2006,587239.0,66775.0,2.132566,-2.773669,DEU,CAN,871680
3581661,64,39,9618,2006,32415.0,33882.0,1.2308700000000001,1.180914,DNK,CAN,871680
3581662,65,39,9618,2006,0.0,16052.0,-0.24073699999999998,0.049093,DOM,CAN,871680
3581663,66,39,9618,2006,0.0,2603.0,-0.489962,-1.12456,DZA,CAN,871680
3581664,71,39,9618,2006,6753.0,26584.0,0.9091370000000001,2.068166,ESP,CAN,871680
3581665,74,39,9618,2006,15615.0,40803.0,1.864038,0.8193940000000001,FIN,CAN,871680
3581666,77,39,9618,2006,62154.0,39676.0,1.47591,0.489466,FRA,CAN,871680
3581667,81,39,9618,2006,337303.0,1106740.0,1.824154,0.614424,GBR,CAN,871680
3581668,83,39,9618,2006,0.0,733.0,-0.9934860000000001,-0.809318,GHA,CAN,871680
3581669,90,39,9618,2006,0.0,7734.0,0.261955,1.488958,GRC,CAN,871680
3581670,92,39,9618,2006,0.0,8546.0,-1.0014,-0.935995,GRL,CAN,871680
3581671,93,39,9618,2006,0.0,4678.0,-0.28642199999999995,0.5868439999999999,GTM,CAN,871680
3581672,97,39,9618,2006,101572.0,2463.0,0.5776319999999999,2.076782,HKG,CAN,871680
3581673,100,39,9618,2006,0.0,1122.0,0.755787,0.992614,HRV,CAN,871680
3581674,102,39,9618,2006,11459.0,11621.0,1.4034309999999999,0.835144,HUN,CAN,871680
3581675,103,39,9618,2006,2252.0,0.0,-0.21012399999999998,1.467838,IDN,CAN,871680
3581676,104,39,9618,2006,117715.0,57427.0,0.285652,2.731318,IND,CAN,871680
3581677,106,39,9618,2006,1239.0,93219.0,1.43804,0.06463200000000001,IRL,CAN,871680
3581678,108,39,9618,2006,0.0,2961.0,-2.029727,-0.8634219999999999,IRQ,CAN,871680
3581679,109,39,9618,2006,0.0,31801.0,0.170234,-0.302203,ISL,CAN,871680
3581680,110,39,9618,2006,200271.0,13160.0,1.3082129999999998,0.783845,ISR,CAN,871680
3581681,111,39,9618,2006,42058.0,4384.0,1.293779,0.93995,ITA,CAN,871680
3581682,112,39,9618,2006,0.0,10791.0,-0.5122720000000001,-0.9109809999999999,JAM,CAN,871680
3581683,114,39,9618,2006,87341.0,74823.0,2.4348099999999997,0.082887,JPN,CAN,871680
3581684,115,39,9618,2006,0.0,13688.0,0.038229,-0.579421,KAZ,CAN,871680
3581685,117,39,9618,2006,0.0,618.0,-0.034069,0.136694,KGZ,CAN,871680
3581686,121,39,9618,2006,7748.0,13139.0,1.5384309999999999,0.766628,KOR,CAN,871680
3581687,122,39,9618,2006,47451.0,2107.0,-0.589823,-1.142795,KWT,CAN,871680
3581688,124,39,9618,2006,0.0,6606.0,0.3861,1.586183,LBN,CAN,871680
3581689,138,39,9618,2006,1500865.0,103569.0,1.047268,0.7142270000000001,MEX,CAN,871680
3581690,153,39,9618,2006,4524060.0,0.0,0.7896569999999999,0.363625,MYS,CAN,871680
3581691,162,39,9618,2006,912325.0,12368.0,1.192134,1.450852,NLD,CAN,871680
3581692,163,39,9618,2006,13181.0,5731.0,1.0787930000000001,0.014051,NOR,CAN,871680
3581693,166,39,9618,2006,0.0,222081.0,0.5371,0.8240209999999999,NZL,CAN,871680
3581694,173,39,9618,2006,0.0,3221.0,-0.551095,0.044295,PER,CAN,871680
3581695,174,39,9618,2006,0.0,9652.0,0.161994,0.036631,PHL,CAN,871680
3581696,177,39,9618,2006,83399.0,0.0,0.991927,1.474418,POL,CAN,871680
3581697,179,39,9618,2006,2197.0,1093.0,0.5723630000000001,1.92303,PRT,CAN,871680
3581698,183,39,9618,2006,0.0,3939.0,0.055777999999999994,-1.0379049999999999,QAT,CAN,871680
3581699,185,39,9618,2006,0.0,1787.0,0.550825,1.170744,ROU,CAN,871680
3581700,186,39,9618,2006,13168.0,30164.0,0.801197,0.104683,RUS,CAN,871680
3581701,188,39,9618,2006,0.0,10652.0,0.162432,-0.853059,SAU,CAN,871680
3581702,192,39,9618,2006,289562.0,14142.0,1.5377379999999998,0.503089,SGP,CAN,871680
3581703,207,39,9618,2006,27988.0,0.0,1.5882370000000001,0.800719,SVN,CAN,871680
3581704,208,39,9618,2006,579809.0,5465.0,1.902737,0.593294,SWE,CAN,871680
3581705,213,39,9618,2006,0.0,3993.0,0.43692700000000007,-0.135696,TCA,CAN,871680
3581706,216,39,9618,2006,11258.0,0.0,0.568209,1.685343,THA,CAN,871680
3581707,222,39,9618,2006,0.0,17275.0,-0.20651399999999998,-1.024907,TTO,CAN,871680
3581708,224,39,9618,2006,1367.0,0.0,0.33971599999999996,2.193384,TUR,CAN,871680
3581709,231,39,9618,2006,56887088.0,34774328.0,1.666643,-0.121679,USA,CAN,871680
3581710,234,39,9618,2006,0.0,1738.0,-0.6097060000000001,-0.8844770000000001,VCT,CAN,871680
3581711,236,39,9618,2006,0.0,13392.0,-0.340972,-1.015462,VEN,CAN,871680
3581712,239,39,9618,2006,97968.0,6561.0,-0.342779,1.033318,VNM,CAN,871680
3581713,246,39,9618,2006,0.0,381185.0,0.37964499999999995,1.466326,ZAF,CAN,871680
3581714,249,39,9618,2006,487486.0,16698.0,1.619915,1.2289940000000001,TWN,CAN,871680
3581715,7,41,9618,2006,0.0,26148.0,0.053903999999999994,-0.735124,ARE,CHE,871680
3581716,8,41,9618,2006,0.0,1624.0,0.33055,0.665867,ARG,CHE,871680
3581717,14,41,9618,2006,0.0,20785.0,0.067166,0.373148,AUS,CHE,871680
3581718,15,41,9618,2006,496292.0,264797.0,1.775669,0.192717,AUT,CHE,871680
3581719,16,41,9618,2006,0.0,2275.0,-0.521304,-1.035764,AZE,CHE,871680
3581720,18,41,9618,2006,91378.0,18036.0,1.2222540000000002,1.383027,BEL,CHE,871680
3581721,23,41,9618,2006,64912.0,0.0,0.414563,1.378005,BGR,CHE,871680
3581722,26,41,9618,2006,3819.0,1119.0,0.40788800000000003,0.562854,BIH,CHE,871680
3581723,28,41,9618,2006,0.0,612.0,0.919853,0.384409,BLR,CHE,871680
3581724,39,41,9618,2006,9915.0,40790.0,0.865685,1.1480489999999999,CAN,CHE,871680
3581725,43,41,9618,2006,876919.0,38554.0,0.737888,2.54966,CHN,CHE,871680
3581726,59,41,9618,2006,1052898.0,3892.0,1.564058,0.6023649999999999,CZE,CHE,871680
3581727,61,41,9618,2006,18630022.0,1192575.0,2.132566,-2.773669,DEU,CHE,871680
3581728,64,41,9618,2006,284981.0,7987.0,1.2308700000000001,1.180914,DNK,CHE,871680
3581729,65,41,9618,2006,0.0,996.0,-0.24073699999999998,0.049093,DOM,CHE,871680
3581730,66,41,9618,2006,0.0,1130.0,-0.489962,-1.12456,DZA,CHE,871680
3581731,68,41,9618,2006,1273.0,0.0,-0.182272,0.40222399999999997,EGY,CHE,871680
3581732,71,41,9618,2006,221797.0,138908.0,0.9091370000000001,2.068166,ESP,CHE,871680
3581733,72,41,9618,2006,28433.0,0.0,0.6426350000000001,0.925003,EST,CHE,871680
3581734,74,41,9618,2006,2353364.0,3359.0,1.864038,0.8193940000000001,FIN,CHE,871680
3581735,77,41,9618,2006,1500505.0,268774.0,1.47591,0.489466,FRA,CHE,871680
3581736,81,41,9618,2006,351988.0,13166.0,1.824154,0.614424,GBR,CHE,871680
3581737,90,41,9618,2006,0.0,6093.0,0.261955,1.488958,GRC,CHE,871680
3581738,97,41,9618,2006,12394.0,17042.0,0.5776319999999999,2.076782,HKG,CHE,871680
3581739,99,41,9618,2006,0.0,13147.0,-0.672074,-0.472138,HND,CHE,871680
3581740,100,41,9618,2006,102029.0,14567.0,0.755787,0.992614,HRV,CHE,871680
3581741,102,41,9618,2006,9461.0,4306.0,1.4034309999999999,0.835144,HUN,CHE,871680
3581742,103,41,9618,2006,14138.0,0.0,-0.21012399999999998,1.467838,IDN,CHE,871680
3581743,104,41,9618,2006,161527.0,18880.0,0.285652,2.731318,IND,CHE,871680
3581744,106,41,9618,2006,2508.0,1585.0,1.43804,0.06463200000000001,IRL,CHE,871680
3581745,110,41,9618,2006,0.0,9205.0,1.3082129999999998,0.783845,ISR,CHE,871680
3581746,111,41,9618,2006,591198.0,38523.0,1.293779,0.93995,ITA,CHE,871680
3581747,114,41,9618,2006,8748.0,78962.0,2.4348099999999997,0.082887,JPN,CHE,871680
3581748,121,41,9618,2006,0.0,2101.0,1.5384309999999999,0.766628,KOR,CHE,871680
3581749,122,41,9618,2006,0.0,7390.0,-0.589823,-1.142795,KWT,CHE,871680
3581750,124,41,9618,2006,1588.0,0.0,0.3861,1.586183,LBN,CHE,871680
3581751,125,41,9618,2006,0.0,1360.0,-0.679188,-1.0969389999999999,LBR,CHE,871680
3581752,130,41,9618,2006,0.0,20548.0,0.44063599999999997,1.163857,LTU,CHE,871680
3581753,131,41,9618,2006,16625.0,0.0,1.4345620000000001,0.8840819999999999,LUX,CHE,871680
3581754,133,41,9618,2006,0.0,797.0,-0.07118200000000001,-0.228354,MAC,CHE,871680
3581755,138,41,9618,2006,8749.0,5652.0,1.047268,0.7142270000000001,MEX,CHE,871680
3581756,140,41,9618,2006,0.0,2630.0,-0.21336,0.17674700000000002,MKD,CHE,871680
3581757,141,41,9618,2006,0.0,5362.0,-0.503462,-0.778836,MLI,CHE,871680
3581758,162,41,9618,2006,2201004.0,419779.0,1.192134,1.450852,NLD,CHE,871680
3581759,163,41,9618,2006,204426.0,11771.0,1.0787930000000001,0.014051,NOR,CHE,871680
3581760,166,41,9618,2006,0.0,8672.0,0.5371,0.8240209999999999,NZL,CHE,871680
3581761,167,41,9618,2006,0.0,2753.0,-0.6373989999999999,-1.092554,OMN,CHE,871680
3581762,174,41,9618,2006,1051.0,6433.0,0.161994,0.036631,PHL,CHE,871680
3581763,177,41,9618,2006,609263.0,37547.0,0.991927,1.474418,POL,CHE,871680
3581764,179,41,9618,2006,6756.0,5848.0,0.5723630000000001,1.92303,PRT,CHE,871680
3581765,185,41,9618,2006,0.0,6468.0,0.550825,1.170744,ROU,CHE,871680
3581766,186,41,9618,2006,0.0,27700.0,0.801197,0.104683,RUS,CHE,871680
3581767,188,41,9618,2006,0.0,13005.0,0.162432,-0.853059,SAU,CHE,871680
3581768,192,41,9618,2006,9715.0,6492.0,1.5377379999999998,0.503089,SGP,CHE,871680
3581769,201,41,9618,2006,164229.0,14085.0,0.547824,1.5588879999999998,SRB,CHE,871680
3581770,206,41,9618,2006,17772.0,1056.0,1.291583,0.868317,SVK,CHE,871680
3581771,207,41,9618,2006,17847.0,2897.0,1.5882370000000001,0.800719,SVN,CHE,871680
3581772,208,41,9618,2006,39897.0,46901.0,1.902737,0.593294,SWE,CHE,871680
3581773,211,41,9618,2006,0.0,810.0,-0.344619,-0.796139,SYC,CHE,871680
3581774,214,41,9618,2006,0.0,2845.0,-3.0579419999999997,-0.8926649999999999,TCD,CHE,871680
3581775,216,41,9618,2006,4738.0,2254.0,0.568209,1.685343,THA,CHE,871680
3581776,223,41,9618,2006,0.0,16274.0,-0.013636,0.804752,TUN,CHE,871680
3581777,224,41,9618,2006,121101.0,2449.0,0.33971599999999996,2.193384,TUR,CHE,871680
3581778,228,41,9618,2006,0.0,1752.0,0.7008439999999999,0.79656,UKR,CHE,871680
3581779,231,41,9618,2006,124498.0,156560.0,1.666643,-0.121679,USA,CHE,871680
3581780,246,41,9618,2006,1301.0,5962.0,0.37964499999999995,1.466326,ZAF,CHE,871680
3581781,247,41,9618,2006,0.0,7789.0,-0.5307,-0.793621,ZMB,CHE,871680
3581782,249,41,9618,2006,57859.0,0.0,1.619915,1.2289940000000001,TWN,CHE,871680
3581783,8,42,9618,2006,126226.0,18409.0,0.33055,0.665867,ARG,CHL,871680
3581784,14,42,9618,2006,10043.0,0.0,0.067166,0.373148,AUS,CHL,871680
3581785,15,42,9618,2006,8964.0,0.0,1.775669,0.192717,AUT,CHL,871680
3581786,18,42,9618,2006,18210.0,0.0,1.2222540000000002,1.383027,BEL,CHL,871680
3581787,31,42,9618,2006,2661.0,203943.0,-0.805185,-0.754091,BOL,CHL,871680
3581788,32,42,9618,2006,109035.0,7046.0,0.633889,1.1474520000000001,BRA,CHL,871680
3581789,39,42,9618,2006,11757.0,0.0,0.865685,1.1480489999999999,CAN,CHL,871680
3581790,43,42,9618,2006,2883363.0,9370.0,0.737888,2.54966,CHN,CHL,871680
3581791,49,42,9618,2006,2523.0,0.0,0.129887,0.44371700000000003,COL,CHL,871680
3581792,54,42,9618,2006,0.0,2389.0,0.204039,-0.5183260000000001,CUB,CHL,871680
3581793,61,42,9618,2006,352354.0,0.0,2.132566,-2.773669,DEU,CHL,871680
3581794,64,42,9618,2006,127116.0,2141.0,1.2308700000000001,1.180914,DNK,CHL,871680
3581795,67,42,9618,2006,0.0,1721.0,-0.878583,-0.9462010000000001,ECU,CHL,871680
3581796,71,42,9618,2006,22328.0,0.0,0.9091370000000001,2.068166,ESP,CHL,871680
3581797,74,42,9618,2006,3931.0,0.0,1.864038,0.8193940000000001,FIN,CHL,871680
3581798,77,42,9618,2006,153977.0,0.0,1.47591,0.489466,FRA,CHL,871680
3581799,81,42,9618,2006,36675.0,0.0,1.824154,0.614424,GBR,CHL,871680
3581800,93,42,9618,2006,0.0,1759.0,-0.28642199999999995,0.5868439999999999,GTM,CHL,871680
3581801,97,42,9618,2006,10952.0,0.0,0.5776319999999999,2.076782,HKG,CHL,871680
3581802,99,42,9618,2006,0.0,939.0,-0.672074,-0.472138,HND,CHL,871680
3581803,102,42,9618,2006,2925.0,0.0,1.4034309999999999,0.835144,HUN,CHL,871680
3581804,104,42,9618,2006,3500.0,0.0,0.285652,2.731318,IND,CHL,871680
3581805,106,42,9618,2006,57242.0,0.0,1.43804,0.06463200000000001,IRL,CHL,871680
3581806,110,42,9618,2006,347670.0,0.0,1.3082129999999998,0.783845,ISR,CHL,871680
3581807,111,42,9618,2006,52295.0,0.0,1.293779,0.93995,ITA,CHL,871680
3581808,114,42,9618,2006,1852.0,0.0,2.4348099999999997,0.082887,JPN,CHL,871680
3581809,121,42,9618,2006,4918.0,0.0,1.5384309999999999,0.766628,KOR,CHL,871680
3581810,138,42,9618,2006,17364.0,0.0,1.047268,0.7142270000000001,MEX,CHL,871680
3581811,162,42,9618,2006,3790.0,0.0,1.192134,1.450852,NLD,CHL,871680
3581812,163,42,9618,2006,10244.0,0.0,1.0787930000000001,0.014051,NOR,CHL,871680
3581813,169,42,9618,2006,1934.0,4021.0,0.306664,0.638533,PAN,CHL,871680
3581814,173,42,9618,2006,0.0,55729.0,-0.551095,0.044295,PER,CHL,871680
3581815,177,42,9618,2006,33279.0,2053.0,0.991927,1.474418,POL,CHL,871680
3581816,192,42,9618,2006,1518.0,0.0,1.5377379999999998,0.503089,SGP,CHL,871680
3581817,208,42,9618,2006,16438.0,0.0,1.902737,0.593294,SWE,CHL,871680
3581818,222,42,9618,2006,0.0,1303.0,-0.20651399999999998,-1.024907,TTO,CHL,871680
3581819,223,42,9618,2006,10691.0,0.0,-0.013636,0.804752,TUN,CHL,871680
3581820,230,42,9618,2006,1189.0,0.0,0.234384,0.118878,URY,CHL,871680
3581821,231,42,9618,2006,476978.0,5745.0,1.666643,-0.121679,USA,CHL,871680
3581822,236,42,9618,2006,0.0,33389.0,-0.340972,-1.015462,VEN,CHL,871680
3581823,249,42,9618,2006,39732.0,0.0,1.619915,1.2289940000000001,TWN,CHL,871680
3581824,250,42,9618,2006,12717.0,0.0,0.711619,-0.41880200000000006,ANS,CHL,871680
3581825,2,43,9618,2006,0.0,628085.0,-2.0822979999999998,-1.176767,AGO,CHN,871680
3581826,4,43,9618,2006,0.0,2462.0,-0.340932,-0.06302200000000001,ALB,CHN,871680
3581827,5,43,9618,2006,0.0,43.0,1.03128,0.402281,AND,CHN,871680
3581828,6,43,9618,2006,0.0,8826.0,0.251825,-0.629035,ANT,CHN,871680
3581829,7,43,9618,2006,0.0,6769715.0,0.053903999999999994,-0.735124,ARE,CHN,871680
3581830,8,43,9618,2006,0.0,429079.0,0.33055,0.665867,ARG,CHN,871680
3581831,9,43,9618,2006,0.0,4859.0,0.14539100000000002,-0.558014,ARM,CHN,871680
3581832,14,43,9618,2006,15180.0,28228550.0,0.067166,0.373148,AUS,CHN,871680
3581833,15,43,9618,2006,18946.0,838206.0,1.775669,0.192717,AUT,CHN,871680
3581834,16,43,9618,2006,0.0,5708.0,-0.521304,-1.035764,AZE,CHN,871680
3581835,17,43,9618,2006,0.0,14157.0,-0.033711,-0.48450600000000005,BDI,CHN,871680
3581836,18,43,9618,2006,28571.0,6289910.0,1.2222540000000002,1.383027,BEL,CHN,871680
3581837,19,43,9618,2006,0.0,1106411.0,-0.8434360000000001,-0.798307,BEN,CHN,871680
3581838,22,43,9618,2006,0.0,126275.0,-1.0305309999999999,-0.80937,BGD,CHN,871680
3581839,23,43,9618,2006,0.0,100822.0,0.414563,1.378005,BGR,CHN,871680
3581840,24,43,9618,2006,0.0,108100.0,0.172724,-0.9449879999999999,BHR,CHN,871680
3581841,25,43,9618,2006,0.0,4782.0,0.673694,-0.519608,BHS,CHN,871680
3581842,26,43,9618,2006,0.0,2955.0,0.40788800000000003,0.562854,BIH,CHN,871680
3581843,28,43,9618,2006,0.0,8650.0,0.919853,0.384409,BLR,CHN,871680
3581844,29,43,9618,2006,0.0,2664.0,-0.584902,-0.82437,BLZ,CHN,871680
3581845,31,43,9618,2006,0.0,779.0,-0.805185,-0.754091,BOL,CHN,871680
3581846,32,43,9618,2006,0.0,91401.0,0.633889,1.1474520000000001,BRA,CHN,871680
3581847,33,43,9618,2006,0.0,21751.0,0.977267,0.6046560000000001,BRB,CHN,871680
3581848,34,43,9618,2006,0.0,187482.0,-1.331831,-0.9170940000000001,BRN,CHN,871680
3581849,37,43,9618,2006,0.0,41274.0,-1.0541459999999998,-1.179286,BWA,CHN,871680
3581850,39,43,9618,2006,212175.0,15099326.0,0.865685,1.1480489999999999,CAN,CHN,871680
3581851,41,43,9618,2006,38554.0,876919.0,2.052534,0.515523,CHE,CHN,871680
3581852,42,43,9618,2006,9370.0,2883363.0,-0.188298,-0.46778000000000003,CHL,CHN,871680
3581853,44,43,9618,2006,0.0,56635.0,-0.8918530000000001,-0.8145819999999999,CIV,CHN,871680
3581854,45,43,9618,2006,0.0,176063.0,-1.358873,-1.1511360000000002,CMR,CHN,871680
3581855,46,43,9618,2006,0.0,13918.0,-1.542137,-1.086494,COD,CHN,871680
3581856,47,43,9618,2006,0.0,274159.0,-1.9903240000000002,-1.189925,COG,CHN,871680
3581857,48,43,9618,2006,0.0,38716.0,0.564179,-0.296135,COK,CHN,871680
3581858,49,43,9618,2006,0.0,292762.0,0.129887,0.44371700000000003,COL,CHN,871680
3581859,50,43,9618,2006,0.0,2615.0,-0.5214300000000001,-0.8452149999999999,COM,CHN,871680
3581860,52,43,9618,2006,0.0,364489.0,0.042663,-0.376672,CRI,CHN,871680
3581861,54,43,9618,2006,0.0,266040.0,0.204039,-0.5183260000000001,CUB,CHN,871680
3581862,57,43,9618,2006,0.0,4661.0,0.7708189999999999,-0.648112,CYM,CHN,871680
3581863,58,43,9618,2006,0.0,131403.0,0.708267,-0.048096,CYP,CHN,871680
3581864,59,43,9618,2006,17063.0,468514.0,1.564058,0.6023649999999999,CZE,CHN,871680
3581865,61,43,9618,2006,639694.0,24691722.0,2.132566,-2.773669,DEU,CHN,871680
3581866,62,43,9618,2006,0.0,131083.0,-0.251707,-0.436792,DJI,CHN,871680
3581867,63,43,9618,2006,0.0,8519.0,0.10759400000000001,-0.159215,DMA,CHN,871680
3581868,64,43,9618,2006,63647.0,1968529.0,1.2308700000000001,1.180914,DNK,CHN,871680
3581869,65,43,9618,2006,0.0,123672.0,-0.24073699999999998,0.049093,DOM,CHN,871680
3581870,66,43,9618,2006,0.0,358989.0,-0.489962,-1.12456,DZA,CHN,871680
3581871,67,43,9618,2006,0.0,735246.0,-0.878583,-0.9462010000000001,ECU,CHN,871680
3581872,68,43,9618,2006,0.0,102545.0,-0.182272,0.40222399999999997,EGY,CHN,871680
3581873,71,43,9618,2006,36184.0,5445874.0,0.9091370000000001,2.068166,ESP,CHN,871680
3581874,72,43,9618,2006,0.0,643474.0,0.6426350000000001,0.925003,EST,CHN,871680
3581875,73,43,9618,2006,0.0,166544.0,-0.9557180000000001,-0.9153479999999999,ETH,CHN,871680
3581876,74,43,9618,2006,319145.0,2690970.0,1.864038,0.8193940000000001,FIN,CHN,871680
3581877,75,43,9618,2006,0.0,22939.0,-0.6554949999999999,-0.098284,FJI,CHN,871680
3581878,77,43,9618,2006,48783.0,11216285.0,1.47591,0.489466,FRA,CHN,871680
3581879,79,43,9618,2006,0.0,4329.0,-0.883972,-0.8817209999999999,FSM,CHN,871680
3581880,80,43,9618,2006,0.0,97639.0,-1.6696819999999999,-1.173322,GAB,CHN,871680
3581881,81,43,9618,2006,209127.0,22113852.0,1.824154,0.614424,GBR,CHN,871680
3581882,82,43,9618,2006,0.0,15381.0,0.076711,-0.47216099999999994,GEO,CHN,871680
3581883,83,43,9618,2006,0.0,1704487.0,-0.9934860000000001,-0.809318,GHA,CHN,871680
3581884,85,43,9618,2006,0.0,53361.0,-1.8376720000000002,-1.229774,GIN,CHN,871680
3581885,87,43,9618,2006,0.0,206839.0,-0.378539,-0.48427200000000004,GMB,CHN,871680
3581886,89,43,9618,2006,0.0,44708.0,-2.188173,-0.8631700000000001,GNQ,CHN,871680
3581887,90,43,9618,2006,0.0,915794.0,0.261955,1.488958,GRC,CHN,871680
3581888,91,43,9618,2006,0.0,1371.0,0.19208599999999998,-0.40781,GRD,CHN,871680
3581889,93,43,9618,2006,0.0,172576.0,-0.28642199999999995,0.5868439999999999,GTM,CHN,871680
3581890,96,43,9618,2006,0.0,100698.0,-0.813775,-0.8000649999999999,GUY,CHN,871680
3581891,97,43,9618,2006,23959.0,7852035.0,0.5776319999999999,2.076782,HKG,CHN,871680
3581892,99,43,9618,2006,0.0,147407.0,-0.672074,-0.472138,HND,CHN,871680
3581893,100,43,9618,2006,0.0,160479.0,0.755787,0.992614,HRV,CHN,871680
3581894,101,43,9618,2006,0.0,204252.0,-1.037941,-0.9475790000000001,HTI,CHN,871680
3581895,102,43,9618,2006,10972.0,197509.0,1.4034309999999999,0.835144,HUN,CHN,871680
3581896,103,43,9618,2006,3153.0,1270631.0,-0.21012399999999998,1.467838,IDN,CHN,871680
3581897,104,43,9618,2006,0.0,577276.0,0.285652,2.731318,IND,CHN,871680
3581898,106,43,9618,2006,0.0,777136.0,1.43804,0.06463200000000001,IRL,CHN,871680
3581899,107,43,9618,2006,0.0,367980.0,-0.391023,-0.767861,IRN,CHN,871680
3581900,108,43,9618,2006,0.0,186530.0,-2.029727,-0.8634219999999999,IRQ,CHN,871680
3581901,109,43,9618,2006,0.0,15787.0,0.170234,-0.302203,ISL,CHN,871680
3581902,110,43,9618,2006,186095.0,1699205.0,1.3082129999999998,0.783845,ISR,CHN,871680
3581903,111,43,9618,2006,7332.0,4033576.0,1.293779,0.93995,ITA,CHN,871680
3581904,112,43,9618,2006,0.0,164042.0,-0.5122720000000001,-0.9109809999999999,JAM,CHN,871680
3581905,113,43,9618,2006,0.0,112257.0,0.166718,0.331248,JOR,CHN,871680
3581906,114,43,9618,2006,2307155.0,69946008.0,2.4348099999999997,0.082887,JPN,CHN,871680
3581907,115,43,9618,2006,0.0,236304.0,0.038229,-0.579421,KAZ,CHN,871680
3581908,116,43,9618,2006,0.0,684034.0,-0.38287899999999997,1.060286,KEN,CHN,871680
3581909,117,43,9618,2006,0.0,7011.0,-0.034069,0.136694,KGZ,CHN,871680
3581910,118,43,9618,2006,0.0,50989.0,-1.323365,-1.185827,KHM,CHN,871680
3581911,120,43,9618,2006,0.0,574.0,0.896119,-0.309349,KNA,CHN,871680
3581912,121,43,9618,2006,1528913.0,7200607.0,1.5384309999999999,0.766628,KOR,CHN,871680
3581913,122,43,9618,2006,0.0,662205.0,-0.589823,-1.142795,KWT,CHN,871680
3581914,123,43,9618,2006,0.0,32761.0,-1.1707450000000001,-1.057348,LAO,CHN,871680
3581915,124,43,9618,2006,0.0,151396.0,0.3861,1.586183,LBN,CHN,871680
3581916,125,43,9618,2006,0.0,393530.0,-0.679188,-1.0969389999999999,LBR,CHN,871680
3581917,126,43,9618,2006,0.0,697703.0,-0.518724,-1.142074,LBY,CHN,871680
3581918,127,43,9618,2006,0.0,4337.0,1.118348,-0.17618,LCA,CHN,871680
3581919,128,43,9618,2006,0.0,164829.0,-0.573767,0.305913,LKA,CHN,871680
3581920,129,43,9618,2006,0.0,42569.0,-1.006497,-0.957676,LSO,CHN,871680
3581921,130,43,9618,2006,0.0,396505.0,0.44063599999999997,1.163857,LTU,CHN,871680
3581922,131,43,9618,2006,0.0,2957.0,1.4345620000000001,0.8840819999999999,LUX,CHN,871680
3581923,132,43,9618,2006,0.0,1165862.0,0.531375,0.9414170000000001,LVA,CHN,871680
3581924,133,43,9618,2006,1437.0,203711.0,-0.07118200000000001,-0.228354,MAC,CHN,871680
3581925,134,43,9618,2006,0.0,255774.0,-0.547933,0.08257300000000001,MAR,CHN,871680
3581926,135,43,9618,2006,0.0,583.0,-0.017707,0.135305,MDA,CHN,871680
3581927,136,43,9618,2006,0.0,27576.0,-1.024657,-0.393395,MDG,CHN,871680
3581928,137,43,9618,2006,0.0,110918.0,-0.240191,-0.8320290000000001,MDV,CHN,871680
3581929,138,43,9618,2006,1438.0,1460617.0,1.047268,0.7142270000000001,MEX,CHN,871680
3581930,140,43,9618,2006,0.0,3959.0,-0.21336,0.17674700000000002,MKD,CHN,871680
3581931,141,43,9618,2006,0.0,53720.0,-0.503462,-0.778836,MLI,CHN,871680
3581932,142,43,9618,2006,0.0,53938.0,1.384411,0.093734,MLT,CHN,871680
3581933,143,43,9618,2006,0.0,178979.0,-1.543679,-1.145623,MMR,CHN,871680
3581934,144,43,9618,2006,0.0,4839.0,0.130773,-0.24674699999999997,MNE,CHN,871680
3581935,145,43,9618,2006,0.0,26043.0,-1.147217,-1.0734709999999998,MNG,CHN,871680
3581936,147,43,9618,2006,0.0,177585.0,-1.0250629999999998,-1.067359,MOZ,CHN,871680
3581937,148,43,9618,2006,0.0,59379.0,-1.72422,-1.2414399999999999,MRT,CHN,871680
3581938,151,43,9618,2006,0.0,39467.0,-0.311109,-0.07267,MUS,CHN,871680
3581939,152,43,9618,2006,0.0,62681.0,-1.145132,-1.0946209999999998,MWI,CHN,871680
3581940,153,43,9618,2006,114881.0,8205233.0,0.7896569999999999,0.363625,MYS,CHN,871680
3581941,154,43,9618,2006,0.0,1709.0,1.1370049999999998,0.131896,MYT,CHN,871680
3581942,155,43,9618,2006,0.0,5902.0,-0.515361,-0.8027350000000001,NAM,CHN,871680
3581943,156,43,9618,2006,0.0,11375.0,-0.135099,-0.7618779999999999,NCL,CHN,871680
3581944,159,43,9618,2006,0.0,178000.0,-2.094353,-1.215025,NGA,CHN,871680
3581945,160,43,9618,2006,0.0,51947.0,-0.998825,-0.893867,NIC,CHN,871680
3581946,162,43,9618,2006,16288.0,21564152.0,1.192134,1.450852,NLD,CHN,871680
3581947,163,43,9618,2006,22034.0,1029826.0,1.0787930000000001,0.014051,NOR,CHN,871680
3581948,164,43,9618,2006,0.0,8345.0,-0.29672600000000005,0.665077,NPL,CHN,871680
3581949,166,43,9618,2006,4166.0,2877030.0,0.5371,0.8240209999999999,NZL,CHN,871680
3581950,167,43,9618,2006,0.0,181627.0,-0.6373989999999999,-1.092554,OMN,CHN,871680
3581951,168,43,9618,2006,0.0,177589.0,-0.449333,0.563013,PAK,CHN,871680
3581952,169,43,9618,2006,0.0,949094.0,0.306664,0.638533,PAN,CHN,871680
3581953,173,43,9618,2006,0.0,71422.0,-0.551095,0.044295,PER,CHN,871680
3581954,174,43,9618,2006,0.0,1175746.0,0.161994,0.036631,PHL,CHN,871680
3581955,176,43,9618,2006,0.0,123033.0,-1.89409,-1.234731,PNG,CHN,871680
3581956,177,43,9618,2006,8670.0,1135955.0,0.991927,1.474418,POL,CHN,871680
3581957,178,43,9618,2006,0.0,57823.0,0.548754,0.763313,PRK,CHN,871680
3581958,179,43,9618,2006,0.0,480248.0,0.5723630000000001,1.92303,PRT,CHN,871680
3581959,180,43,9618,2006,0.0,162367.0,-0.520435,-0.7839119999999999,PRY,CHN,871680
3581960,181,43,9618,2006,0.0,3244.0,-0.03464,-0.487188,PSE,CHN,871680
3581961,182,43,9618,2006,0.0,22113.0,-0.213329,-0.743599,PYF,CHN,871680
3581962,183,43,9618,2006,0.0,478988.0,0.055777999999999994,-1.0379049999999999,QAT,CHN,871680
3581963,185,43,9618,2006,0.0,359197.0,0.550825,1.170744,ROU,CHN,871680
3581964,186,43,9618,2006,79976.0,5243348.0,0.801197,0.104683,RUS,CHN,871680
3581965,187,43,9618,2006,0.0,12205.0,-0.032827999999999996,-0.42937600000000004,RWA,CHN,871680
3581966,188,43,9618,2006,0.0,3464226.0,0.162432,-0.853059,SAU,CHN,871680
3581967,190,43,9618,2006,0.0,640801.0,-1.873762,-1.278378,SDN,CHN,871680
3581968,191,43,9618,2006,0.0,104813.0,-0.364713,-0.183612,SEN,CHN,871680
3581969,192,43,9618,2006,71583.0,2497962.0,1.5377379999999998,0.503089,SGP,CHN,871680
3581970,195,43,9618,2006,0.0,4475.0,-1.501072,-0.964304,SLB,CHN,871680
3581971,196,43,9618,2006,0.0,36200.0,0.518163,-0.032742,SLE,CHN,871680
3581972,197,43,9618,2006,0.0,206217.0,-0.135312,0.140874,SLV,CHN,871680
3581973,199,43,9618,2006,0.0,66559.0,-0.8717010000000001,-0.8264969999999999,SOM,CHN,871680
3581974,201,43,9618,2006,0.0,134861.0,0.547824,1.5588879999999998,SRB,CHN,871680
3581975,205,43,9618,2006,0.0,48454.0,-0.754046,-0.872361,SUR,CHN,871680
3581976,206,43,9618,2006,0.0,37656.0,1.291583,0.868317,SVK,CHN,871680
3581977,207,43,9618,2006,0.0,175703.0,1.5882370000000001,0.800719,SVN,CHN,871680
3581978,208,43,9618,2006,96947.0,5724472.0,1.902737,0.593294,SWE,CHN,871680
3581979,212,43,9618,2006,0.0,64935.0,-0.588695,0.532487,SYR,CHN,871680
3581980,213,43,9618,2006,0.0,12131.0,0.43692700000000007,-0.135696,TCA,CHN,871680
3581981,215,43,9618,2006,0.0,48588.0,-0.8304020000000001,-0.678178,TGO,CHN,871680
3581982,216,43,9618,2006,35961.0,1688913.0,0.568209,1.685343,THA,CHN,871680
3581983,217,43,9618,2006,0.0,4683.0,-1.071326,-1.158325,TJK,CHN,871680
3581984,222,43,9618,2006,0.0,77404.0,-0.20651399999999998,-1.024907,TTO,CHN,871680
3581985,223,43,9618,2006,0.0,46673.0,-0.013636,0.804752,TUN,CHN,871680
3581986,224,43,9618,2006,0.0,577160.0,0.33971599999999996,2.193384,TUR,CHN,871680
3581987,226,43,9618,2006,0.0,185423.0,-0.953097,0.159129,TZA,CHN,871680
3581988,227,43,9618,2006,0.0,6186.0,-0.702511,-0.43976099999999996,UGA,CHN,871680
3581989,228,43,9618,2006,0.0,1123587.0,0.7008439999999999,0.79656,UKR,CHN,871680
3581990,230,43,9618,2006,0.0,137920.0,0.234384,0.118878,URY,CHN,871680
3581991,231,43,9618,2006,1161887.0,168071360.0,1.666643,-0.121679,USA,CHN,871680
3581992,232,43,9618,2006,0.0,19094.0,-0.457759,-0.784626,UZB,CHN,871680
3581993,234,43,9618,2006,0.0,8036.0,-0.6097060000000001,-0.8844770000000001,VCT,CHN,871680
3581994,236,43,9618,2006,0.0,770946.0,-0.340972,-1.015462,VEN,CHN,871680
3581995,239,43,9618,2006,29696.0,1623702.0,-0.342779,1.033318,VNM,CHN,871680
3581996,240,43,9618,2006,0.0,16403.0,-1.166741,-0.927552,VUT,CHN,871680
3581997,242,43,9618,2006,0.0,7356.0,0.299266,-0.477783,WSM,CHN,871680
3581998,243,43,9618,2006,0.0,650862.0,-1.0407110000000002,-1.13042,YEM,CHN,871680
3581999,246,43,9618,2006,0.0,4815944.0,0.37964499999999995,1.466326,ZAF,CHN,871680
3582000,247,43,9618,2006,0.0,76273.0,-0.5307,-0.793621,ZMB,CHN,871680
3582001,248,43,9618,2006,0.0,2190.0,-0.41825500000000004,-0.55313,ZWE,CHN,871680
3582002,249,43,9618,2006,639608.0,3425710.0,1.619915,1.2289940000000001,TWN,CHN,871680
3582003,8,49,9618,2006,32521.0,0.0,0.33055,0.665867,ARG,COL,871680
3582004,15,49,9618,2006,0.0,21591.0,1.775669,0.192717,AUT,COL,871680
3582005,32,49,9618,2006,182327.0,0.0,0.633889,1.1474520000000001,BRA,COL,871680
3582006,39,49,9618,2006,1053.0,0.0,0.865685,1.1480489999999999,CAN,COL,871680
3582007,42,49,9618,2006,0.0,2523.0,-0.188298,-0.46778000000000003,CHL,COL,871680
3582008,43,49,9618,2006,292762.0,0.0,0.737888,2.54966,CHN,COL,871680
3582009,52,49,9618,2006,0.0,3591.0,0.042663,-0.376672,CRI,COL,871680
3582010,54,49,9618,2006,0.0,12403.0,0.204039,-0.5183260000000001,CUB,COL,871680
3582011,61,49,9618,2006,61035.0,0.0,2.132566,-2.773669,DEU,COL,871680
3582012,65,49,9618,2006,0.0,28518.0,-0.24073699999999998,0.049093,DOM,COL,871680
3582013,67,49,9618,2006,0.0,355251.0,-0.878583,-0.9462010000000001,ECU,COL,871680
3582014,71,49,9618,2006,7907.0,0.0,0.9091370000000001,2.068166,ESP,COL,871680
3582015,77,49,9618,2006,18212.0,0.0,1.47591,0.489466,FRA,COL,871680
3582016,81,49,9618,2006,4727.0,0.0,1.824154,0.614424,GBR,COL,871680
3582017,110,49,9618,2006,826.0,0.0,1.3082129999999998,0.783845,ISR,COL,871680
3582018,114,49,9618,2006,7155.0,0.0,2.4348099999999997,0.082887,JPN,COL,871680
3582019,138,49,9618,2006,7782.0,11900.0,1.047268,0.7142270000000001,MEX,COL,871680
3582020,162,49,9618,2006,23387.0,0.0,1.192134,1.450852,NLD,COL,871680
3582021,169,49,9618,2006,27603.0,45563.0,0.306664,0.638533,PAN,COL,871680
3582022,173,49,9618,2006,3219.0,104700.0,-0.551095,0.044295,PER,COL,871680
3582023,208,49,9618,2006,2421.0,0.0,1.902737,0.593294,SWE,COL,871680
3582024,216,49,9618,2006,896.0,0.0,0.568209,1.685343,THA,COL,871680
3582025,231,49,9618,2006,1600994.0,2622.0,1.666643,-0.121679,USA,COL,871680
3582026,236,49,9618,2006,116692.0,2204648.0,-0.340972,-1.015462,VEN,COL,871680
3582027,249,49,9618,2006,26811.0,0.0,1.619915,1.2289940000000001,TWN,COL,871680
3582028,250,49,9618,2006,0.0,62037.0,0.711619,-0.41880200000000006,ANS,COL,871680
3582029,8,52,9618,2006,16238.0,0.0,0.33055,0.665867,ARG,CRI,871680
3582030,32,52,9618,2006,14244.0,0.0,0.633889,1.1474520000000001,BRA,CRI,871680
3582031,39,52,9618,2006,0.0,2694.0,0.865685,1.1480489999999999,CAN,CRI,871680
3582032,43,52,9618,2006,364489.0,0.0,0.737888,2.54966,CHN,CRI,871680
3582033,49,52,9618,2006,3591.0,0.0,0.129887,0.44371700000000003,COL,CRI,871680
3582034,61,52,9618,2006,31933.0,0.0,2.132566,-2.773669,DEU,CRI,871680
3582035,71,52,9618,2006,5771.0,0.0,0.9091370000000001,2.068166,ESP,CRI,871680
3582036,77,52,9618,2006,14935.0,0.0,1.47591,0.489466,FRA,CRI,871680
3582037,93,52,9618,2006,2073.0,0.0,-0.28642199999999995,0.5868439999999999,GTM,CRI,871680
3582038,111,52,9618,2006,73337.0,0.0,1.293779,0.93995,ITA,CRI,871680
3582039,114,52,9618,2006,12758.0,1874.0,2.4348099999999997,0.082887,JPN,CRI,871680
3582040,138,52,9618,2006,394745.0,1327.0,1.047268,0.7142270000000001,MEX,CRI,871680
3582041,153,52,9618,2006,76265.0,0.0,0.7896569999999999,0.363625,MYS,CRI,871680
3582042,160,52,9618,2006,0.0,77409.0,-0.998825,-0.893867,NIC,CRI,871680
3582043,162,52,9618,2006,35502.0,0.0,1.192134,1.450852,NLD,CRI,871680
3582044,169,52,9618,2006,32295.0,2462.0,0.306664,0.638533,PAN,CRI,871680
3582045,197,52,9618,2006,24858.0,0.0,-0.135312,0.140874,SLV,CRI,871680
3582046,208,52,9618,2006,1756.0,0.0,1.902737,0.593294,SWE,CRI,871680
3582047,222,52,9618,2006,0.0,10057.0,-0.20651399999999998,-1.024907,TTO,CRI,871680
3582048,231,52,9618,2006,87515.0,17832.0,1.666643,-0.121679,USA,CRI,871680
3582049,249,52,9618,2006,10242.0,0.0,1.619915,1.2289940000000001,TWN,CRI,871680
3582050,2,59,9618,2006,0.0,1347.0,-2.0822979999999998,-1.176767,AGO,CZE,871680
3582051,7,59,9618,2006,0.0,11292.0,0.053903999999999994,-0.735124,ARE,CZE,871680
3582052,8,59,9618,2006,0.0,18199.0,0.33055,0.665867,ARG,CZE,871680
3582053,14,59,9618,2006,0.0,103972.0,0.067166,0.373148,AUS,CZE,871680
3582054,15,59,9618,2006,177696.0,733140.0,1.775669,0.192717,AUT,CZE,871680
3582055,18,59,9618,2006,12882.0,37052.0,1.2222540000000002,1.383027,BEL,CZE,871680
3582056,23,59,9618,2006,0.0,12249.0,0.414563,1.378005,BGR,CZE,871680
3582057,26,59,9618,2006,0.0,17593.0,0.40788800000000003,0.562854,BIH,CZE,871680
3582058,28,59,9618,2006,0.0,7732.0,0.919853,0.384409,BLR,CZE,871680
3582059,39,59,9618,2006,0.0,2895.0,0.865685,1.1480489999999999,CAN,CZE,871680
3582060,41,59,9618,2006,3892.0,1052898.0,2.052534,0.515523,CHE,CZE,871680
3582061,43,59,9618,2006,468514.0,17063.0,0.737888,2.54966,CHN,CZE,871680
3582062,44,59,9618,2006,0.0,2024.0,-0.8918530000000001,-0.8145819999999999,CIV,CZE,871680
3582063,58,59,9618,2006,0.0,110218.0,0.708267,-0.048096,CYP,CZE,871680
3582064,61,59,9618,2006,9513457.0,5630042.0,2.132566,-2.773669,DEU,CZE,871680
3582065,64,59,9618,2006,106673.0,52133.0,1.2308700000000001,1.180914,DNK,CZE,871680
3582066,71,59,9618,2006,2541.0,153662.0,0.9091370000000001,2.068166,ESP,CZE,871680
3582067,72,59,9618,2006,20880.0,6907.0,0.6426350000000001,0.925003,EST,CZE,871680
3582068,74,59,9618,2006,20969.0,5941.0,1.864038,0.8193940000000001,FIN,CZE,871680
3582069,77,59,9618,2006,721238.0,172437.0,1.47591,0.489466,FRA,CZE,871680
3582070,81,59,9618,2006,48785.0,974543.0,1.824154,0.614424,GBR,CZE,871680
3582071,97,59,9618,2006,1665.0,0.0,0.5776319999999999,2.076782,HKG,CZE,871680
3582072,100,59,9618,2006,49275.0,37777.0,0.755787,0.992614,HRV,CZE,871680
3582073,102,59,9618,2006,5864.0,224869.0,1.4034309999999999,0.835144,HUN,CZE,871680
3582074,109,59,9618,2006,0.0,4644.0,0.170234,-0.302203,ISL,CZE,871680
3582075,111,59,9618,2006,284410.0,71189.0,1.293779,0.93995,ITA,CZE,871680
3582076,114,59,9618,2006,182535.0,54714.0,2.4348099999999997,0.082887,JPN,CZE,871680
3582077,115,59,9618,2006,0.0,6810.0,0.038229,-0.579421,KAZ,CZE,871680
3582078,116,59,9618,2006,0.0,2175.0,-0.38287899999999997,1.060286,KEN,CZE,871680
3582079,121,59,9618,2006,0.0,4297.0,1.5384309999999999,0.766628,KOR,CZE,871680
3582080,122,59,9618,2006,2098.0,4732.0,-0.589823,-1.142795,KWT,CZE,871680
3582081,130,59,9618,2006,0.0,64740.0,0.44063599999999997,1.163857,LTU,CZE,871680
3582082,131,59,9618,2006,3022.0,0.0,1.4345620000000001,0.8840819999999999,LUX,CZE,871680
3582083,132,59,9618,2006,0.0,5925.0,0.531375,0.9414170000000001,LVA,CZE,871680
3582084,135,59,9618,2006,0.0,1784.0,-0.017707,0.135305,MDA,CZE,871680
3582085,138,59,9618,2006,0.0,1040.0,1.047268,0.7142270000000001,MEX,CZE,871680
3582086,144,59,9618,2006,0.0,916.0,0.130773,-0.24674699999999997,MNE,CZE,871680
3582087,153,59,9618,2006,18036.0,0.0,0.7896569999999999,0.363625,MYS,CZE,871680
3582088,162,59,9618,2006,48255.0,1561137.0,1.192134,1.450852,NLD,CZE,871680
3582089,163,59,9618,2006,63113.0,12779.0,1.0787930000000001,0.014051,NOR,CZE,871680
3582090,177,59,9618,2006,371140.0,846215.0,0.991927,1.474418,POL,CZE,871680
3582091,179,59,9618,2006,908.0,13698.0,0.5723630000000001,1.92303,PRT,CZE,871680
3582092,185,59,9618,2006,0.0,107192.0,0.550825,1.170744,ROU,CZE,871680
3582093,186,59,9618,2006,0.0,298450.0,0.801197,0.104683,RUS,CZE,871680
3582094,192,59,9618,2006,0.0,5919.0,1.5377379999999998,0.503089,SGP,CZE,871680
3582095,201,59,9618,2006,0.0,131643.0,0.547824,1.5588879999999998,SRB,CZE,871680
3582096,206,59,9618,2006,670138.0,983510.0,1.291583,0.868317,SVK,CZE,871680
3582097,207,59,9618,2006,28938.0,110443.0,1.5882370000000001,0.800719,SVN,CZE,871680
3582098,208,59,9618,2006,316300.0,123766.0,1.902737,0.593294,SWE,CZE,871680
3582099,211,59,9618,2006,0.0,10462.0,-0.344619,-0.796139,SYC,CZE,871680
3582100,213,59,9618,2006,0.0,1894.0,0.43692700000000007,-0.135696,TCA,CZE,871680
3582101,216,59,9618,2006,13109.0,0.0,0.568209,1.685343,THA,CZE,871680
3582102,224,59,9618,2006,39356.0,15664.0,0.33971599999999996,2.193384,TUR,CZE,871680
3582103,228,59,9618,2006,37655.0,113369.0,0.7008439999999999,0.79656,UKR,CZE,871680
3582104,231,59,9618,2006,7713.0,3263.0,1.666643,-0.121679,USA,CZE,871680
3582105,239,59,9618,2006,2376.0,0.0,-0.342779,1.033318,VNM,CZE,871680
3582106,246,59,9618,2006,0.0,908.0,0.37964499999999995,1.466326,ZAF,CZE,871680
3582107,249,59,9618,2006,30142.0,0.0,1.619915,1.2289940000000001,TWN,CZE,871680
3582108,1,61,9618,2006,0.0,13118.0,-0.626011,-0.6799689999999999,AFG,DEU,871680
3582109,4,61,9618,2006,0.0,39171.0,-0.340932,-0.06302200000000001,ALB,DEU,871680
3582110,5,61,9618,2006,0.0,2472.0,1.03128,0.402281,AND,DEU,871680
3582111,6,61,9618,2006,0.0,34505.0,0.251825,-0.629035,ANT,DEU,871680
3582112,7,61,9618,2006,1830.0,1040312.0,0.053903999999999994,-0.735124,ARE,DEU,871680
3582113,8,61,9618,2006,0.0,57136.0,0.33055,0.665867,ARG,DEU,871680
3582114,9,61,9618,2006,0.0,10307.0,0.14539100000000002,-0.558014,ARM,DEU,871680
3582115,11,61,9618,2006,0.0,10035.0,1.8180889999999998,-0.380529,ATA,DEU,871680
3582116,14,61,9618,2006,50469.0,3737457.0,0.067166,0.373148,AUS,DEU,871680
3582117,15,61,9618,2006,1228198.0,22771570.0,1.775669,0.192717,AUT,DEU,871680
3582118,16,61,9618,2006,0.0,9615.0,-0.521304,-1.035764,AZE,DEU,871680
3582119,18,61,9618,2006,2049273.0,9813601.0,1.2222540000000002,1.383027,BEL,DEU,871680
3582120,19,61,9618,2006,0.0,963.0,-0.8434360000000001,-0.798307,BEN,DEU,871680
3582121,22,61,9618,2006,4807.0,532300.0,-1.0305309999999999,-0.80937,BGD,DEU,871680
3582122,23,61,9618,2006,9520.0,1540690.0,0.414563,1.378005,BGR,DEU,871680
3582123,24,61,9618,2006,0.0,231621.0,0.172724,-0.9449879999999999,BHR,DEU,871680
3582124,26,61,9618,2006,0.0,55482.0,0.40788800000000003,0.562854,BIH,DEU,871680
3582125,28,61,9618,2006,10669.0,115459.0,0.919853,0.384409,BLR,DEU,871680
3582126,31,61,9618,2006,0.0,2603.0,-0.805185,-0.754091,BOL,DEU,871680
3582127,32,61,9618,2006,15228.0,26581.0,0.633889,1.1474520000000001,BRA,DEU,871680
3582128,34,61,9618,2006,0.0,1618.0,-1.331831,-0.9170940000000001,BRN,DEU,871680
3582129,38,61,9618,2006,0.0,449.0,-0.768791,-0.822677,CAF,DEU,871680
3582130,39,61,9618,2006,66775.0,587239.0,0.865685,1.1480489999999999,CAN,DEU,871680
3582131,41,61,9618,2006,1192575.0,18630022.0,2.052534,0.515523,CHE,DEU,871680
3582132,42,61,9618,2006,0.0,352354.0,-0.188298,-0.46778000000000003,CHL,DEU,871680
3582133,43,61,9618,2006,24691722.0,639694.0,0.737888,2.54966,CHN,DEU,871680
3582134,44,61,9618,2006,0.0,872.0,-0.8918530000000001,-0.8145819999999999,CIV,DEU,871680
3582135,45,61,9618,2006,0.0,66822.0,-1.358873,-1.1511360000000002,CMR,DEU,871680
3582136,46,61,9618,2006,0.0,1009.0,-1.542137,-1.086494,COD,DEU,871680
3582137,47,61,9618,2006,0.0,1013.0,-1.9903240000000002,-1.189925,COG,DEU,871680
3582138,48,61,9618,2006,0.0,2018.0,0.564179,-0.296135,COK,DEU,871680
3582139,49,61,9618,2006,0.0,61035.0,0.129887,0.44371700000000003,COL,DEU,871680
3582140,50,61,9618,2006,0.0,2232.0,-0.5214300000000001,-0.8452149999999999,COM,DEU,871680
3582141,51,61,9618,2006,0.0,1181.0,0.369814,-0.414812,CPV,DEU,871680
3582142,52,61,9618,2006,0.0,31933.0,0.042663,-0.376672,CRI,DEU,871680
3582143,54,61,9618,2006,0.0,29574.0,0.204039,-0.5183260000000001,CUB,DEU,871680
3582144,58,61,9618,2006,0.0,125058.0,0.708267,-0.048096,CYP,DEU,871680
3582145,59,61,9618,2006,5630042.0,9513457.0,1.564058,0.6023649999999999,CZE,DEU,871680
3582146,62,61,9618,2006,0.0,27154.0,-0.251707,-0.436792,DJI,DEU,871680
3582147,64,61,9618,2006,2519225.0,7838039.0,1.2308700000000001,1.180914,DNK,DEU,871680
3582148,65,61,9618,2006,0.0,137675.0,-0.24073699999999998,0.049093,DOM,DEU,871680
3582149,66,61,9618,2006,0.0,236239.0,-0.489962,-1.12456,DZA,DEU,871680
3582150,67,61,9618,2006,0.0,104791.0,-0.878583,-0.9462010000000001,ECU,DEU,871680
3582151,68,61,9618,2006,0.0,129818.0,-0.182272,0.40222399999999997,EGY,DEU,871680
3582152,71,61,9618,2006,1009007.0,16013252.0,0.9091370000000001,2.068166,ESP,DEU,871680
3582153,72,61,9618,2006,425504.0,452606.0,0.6426350000000001,0.925003,EST,DEU,871680
3582154,73,61,9618,2006,0.0,10497.0,-0.9557180000000001,-0.9153479999999999,ETH,DEU,871680
3582155,74,61,9618,2006,833752.0,2316682.0,1.864038,0.8193940000000001,FIN,DEU,871680
3582156,77,61,9618,2006,8803372.0,22734810.0,1.47591,0.489466,FRA,DEU,871680
3582157,78,61,9618,2006,0.0,6405.0,-0.117631,-0.69352,FRO,DEU,871680
3582158,80,61,9618,2006,0.0,5403.0,-1.6696819999999999,-1.173322,GAB,DEU,871680
3582159,81,61,9618,2006,1338209.0,41382432.0,1.824154,0.614424,GBR,DEU,871680
3582160,82,61,9618,2006,0.0,6695.0,0.076711,-0.47216099999999994,GEO,DEU,871680
3582161,83,61,9618,2006,0.0,1857.0,-0.9934860000000001,-0.809318,GHA,DEU,871680
3582162,90,61,9618,2006,49971.0,2285376.0,0.261955,1.488958,GRC,DEU,871680
3582163,92,61,9618,2006,0.0,11500.0,-1.0014,-0.935995,GRL,DEU,871680
3582164,97,61,9618,2006,14525.0,196956.0,0.5776319999999999,2.076782,HKG,DEU,871680
3582165,99,61,9618,2006,0.0,866.0,-0.672074,-0.472138,HND,DEU,871680
3582166,100,61,9618,2006,2438564.0,2486724.0,0.755787,0.992614,HRV,DEU,871680
3582167,102,61,9618,2006,1954189.0,5792832.0,1.4034309999999999,0.835144,HUN,DEU,871680
3582168,103,61,9618,2006,36083.0,12915.0,-0.21012399999999998,1.467838,IDN,DEU,871680
3582169,104,61,9618,2006,1307.0,2317160.0,0.285652,2.731318,IND,DEU,871680
3582170,106,61,9618,2006,23286.0,1485590.0,1.43804,0.06463200000000001,IRL,DEU,871680
3582171,107,61,9618,2006,3311.0,15067.0,-0.391023,-0.767861,IRN,DEU,871680
3582172,108,61,9618,2006,0.0,4010.0,-2.029727,-0.8634219999999999,IRQ,DEU,871680
3582173,109,61,9618,2006,0.0,221100.0,0.170234,-0.302203,ISL,DEU,871680
3582174,110,61,9618,2006,335477.0,689102.0,1.3082129999999998,0.783845,ISR,DEU,871680
3582175,111,61,9618,2006,4406296.0,17721062.0,1.293779,0.93995,ITA,DEU,871680
3582176,112,61,9618,2006,0.0,1828.0,-0.5122720000000001,-0.9109809999999999,JAM,DEU,871680
3582177,113,61,9618,2006,0.0,245609.0,0.166718,0.331248,JOR,DEU,871680
3582178,114,61,9618,2006,1219813.0,1452820.0,2.4348099999999997,0.082887,JPN,DEU,871680
3582179,115,61,9618,2006,0.0,164894.0,0.038229,-0.579421,KAZ,DEU,871680
3582180,116,61,9618,2006,0.0,882.0,-0.38287899999999997,1.060286,KEN,DEU,871680
3582181,118,61,9618,2006,0.0,35308.0,-1.323365,-1.185827,KHM,DEU,871680
3582182,121,61,9618,2006,601134.0,50354.0,1.5384309999999999,0.766628,KOR,DEU,871680
3582183,122,61,9618,2006,7502.0,221281.0,-0.589823,-1.142795,KWT,DEU,871680
3582184,124,61,9618,2006,0.0,107064.0,0.3861,1.586183,LBN,DEU,871680
3582185,125,61,9618,2006,0.0,103391.0,-0.679188,-1.0969389999999999,LBR,DEU,871680
3582186,126,61,9618,2006,0.0,16042.0,-0.518724,-1.142074,LBY,DEU,871680
3582187,127,61,9618,2006,0.0,2174.0,1.118348,-0.17618,LCA,DEU,871680
3582188,128,61,9618,2006,0.0,153188.0,-0.573767,0.305913,LKA,DEU,871680
3582189,130,61,9618,2006,16656.0,1353271.0,0.44063599999999997,1.163857,LTU,DEU,871680
3582190,131,61,9618,2006,324814.0,1457668.0,1.4345620000000001,0.8840819999999999,LUX,DEU,871680
3582191,132,61,9618,2006,9225.0,596254.0,0.531375,0.9414170000000001,LVA,DEU,871680
3582192,133,61,9618,2006,0.0,662.0,-0.07118200000000001,-0.228354,MAC,DEU,871680
3582193,134,61,9618,2006,14620.0,98176.0,-0.547933,0.08257300000000001,MAR,DEU,871680
3582194,135,61,9618,2006,0.0,222129.0,-0.017707,0.135305,MDA,DEU,871680
3582195,137,61,9618,2006,0.0,3420.0,-0.240191,-0.8320290000000001,MDV,DEU,871680
3582196,138,61,9618,2006,3387.0,547442.0,1.047268,0.7142270000000001,MEX,DEU,871680
3582197,140,61,9618,2006,4902.0,18264.0,-0.21336,0.17674700000000002,MKD,DEU,871680
3582198,142,61,9618,2006,0.0,165401.0,1.384411,0.093734,MLT,DEU,871680
3582199,144,61,9618,2006,0.0,9721.0,0.130773,-0.24674699999999997,MNE,DEU,871680
3582200,145,61,9618,2006,0.0,19509.0,-1.147217,-1.0734709999999998,MNG,DEU,871680
3582201,146,61,9618,2006,0.0,2006.0,-0.016344,-0.356507,MNP,DEU,871680
3582202,151,61,9618,2006,0.0,69678.0,-0.311109,-0.07267,MUS,DEU,871680
3582203,153,61,9618,2006,343556.0,80883.0,0.7896569999999999,0.363625,MYS,DEU,871680
3582204,154,61,9618,2006,0.0,2832.0,1.1370049999999998,0.131896,MYT,DEU,871680
3582205,155,61,9618,2006,0.0,3277.0,-0.515361,-0.8027350000000001,NAM,DEU,871680
3582206,156,61,9618,2006,0.0,9670.0,-0.135099,-0.7618779999999999,NCL,DEU,871680
3582207,159,61,9618,2006,0.0,34154.0,-2.094353,-1.215025,NGA,DEU,871680
3582208,161,61,9618,2006,0.0,25225.0,1.172511,-0.21281799999999998,NIU,DEU,871680
3582209,162,61,9618,2006,6846264.0,26712756.0,1.192134,1.450852,NLD,DEU,871680
3582210,163,61,9618,2006,1087990.0,2750050.0,1.0787930000000001,0.014051,NOR,DEU,871680
3582211,166,61,9618,2006,10819.0,177115.0,0.5371,0.8240209999999999,NZL,DEU,871680
3582212,167,61,9618,2006,0.0,164806.0,-0.6373989999999999,-1.092554,OMN,DEU,871680
3582213,168,61,9618,2006,0.0,673106.0,-0.449333,0.563013,PAK,DEU,871680
3582214,169,61,9618,2006,0.0,24547.0,0.306664,0.638533,PAN,DEU,871680
3582215,173,61,9618,2006,0.0,243563.0,-0.551095,0.044295,PER,DEU,871680
3582216,174,61,9618,2006,18140.0,79026.0,0.161994,0.036631,PHL,DEU,871680
3582217,177,61,9618,2006,24013204.0,9335432.0,0.991927,1.474418,POL,DEU,871680
3582218,179,61,9618,2006,542808.0,2238426.0,0.5723630000000001,1.92303,PRT,DEU,871680
3582219,180,61,9618,2006,0.0,9198.0,-0.520435,-0.7839119999999999,PRY,DEU,871680
3582220,183,61,9618,2006,0.0,111546.0,0.055777999999999994,-1.0379049999999999,QAT,DEU,871680
3582221,185,61,9618,2006,279365.0,4196361.0,0.550825,1.170744,ROU,DEU,871680
3582222,186,61,9618,2006,90590.0,11020674.0,0.801197,0.104683,RUS,DEU,871680
3582223,187,61,9618,2006,0.0,4621.0,-0.032827999999999996,-0.42937600000000004,RWA,DEU,871680
3582224,188,61,9618,2006,0.0,861855.0,0.162432,-0.853059,SAU,DEU,871680
3582225,190,61,9618,2006,0.0,1367.0,-1.873762,-1.278378,SDN,DEU,871680
3582226,191,61,9618,2006,0.0,2498.0,-0.364713,-0.183612,SEN,DEU,871680
3582227,192,61,9618,2006,8445.0,64090.0,1.5377379999999998,0.503089,SGP,DEU,871680
3582228,195,61,9618,2006,0.0,1009.0,-1.501072,-0.964304,SLB,DEU,871680
3582229,197,61,9618,2006,0.0,126182.0,-0.135312,0.140874,SLV,DEU,871680
3582230,201,61,9618,2006,21989.0,956480.0,0.547824,1.5588879999999998,SRB,DEU,871680
3582231,206,61,9618,2006,5202894.0,1323066.0,1.291583,0.868317,SVK,DEU,871680
3582232,207,61,9618,2006,830017.0,5037473.0,1.5882370000000001,0.800719,SVN,DEU,871680
3582233,208,61,9618,2006,1622396.0,5533152.0,1.902737,0.593294,SWE,DEU,871680
3582234,211,61,9618,2006,0.0,11348.0,-0.344619,-0.796139,SYC,DEU,871680
3582235,212,61,9618,2006,0.0,4720.0,-0.588695,0.532487,SYR,DEU,871680
3582236,216,61,9618,2006,415264.0,76360.0,0.568209,1.685343,THA,DEU,871680
3582237,222,61,9618,2006,0.0,15079.0,-0.20651399999999998,-1.024907,TTO,DEU,871680
3582238,223,61,9618,2006,0.0,137026.0,-0.013636,0.804752,TUN,DEU,871680
3582239,224,61,9618,2006,195227.0,3486954.0,0.33971599999999996,2.193384,TUR,DEU,871680
3582240,225,61,9618,2006,0.0,7004.0,0.9635290000000001,-0.314963,TUV,DEU,871680
3582241,226,61,9618,2006,0.0,14038.0,-0.953097,0.159129,TZA,DEU,871680
3582242,228,61,9618,2006,0.0,2647788.0,0.7008439999999999,0.79656,UKR,DEU,871680
3582243,230,61,9618,2006,0.0,159587.0,0.234384,0.118878,URY,DEU,871680
3582244,231,61,9618,2006,13423446.0,4083617.0,1.666643,-0.121679,USA,DEU,871680
3582245,232,61,9618,2006,0.0,7054.0,-0.457759,-0.784626,UZB,DEU,871680
3582246,236,61,9618,2006,20839.0,390884.0,-0.340972,-1.015462,VEN,DEU,871680
3582247,239,61,9618,2006,171140.0,17350.0,-0.342779,1.033318,VNM,DEU,871680
3582248,242,61,9618,2006,0.0,1623.0,0.299266,-0.477783,WSM,DEU,871680
3582249,243,61,9618,2006,0.0,799.0,-1.0407110000000002,-1.13042,YEM,DEU,871680
3582250,246,61,9618,2006,112227.0,2732624.0,0.37964499999999995,1.466326,ZAF,DEU,871680
3582251,249,61,9618,2006,1192647.0,20221.0,1.619915,1.2289940000000001,TWN,DEU,871680
3582252,250,61,9618,2006,0.0,534.0,0.711619,-0.41880200000000006,ANS,DEU,871680
3582253,8,64,9618,2006,0.0,491566.0,0.33055,0.665867,ARG,DNK,871680
3582254,14,64,9618,2006,3444.0,6668.0,0.067166,0.373148,AUS,DNK,871680
3582255,15,64,9618,2006,450174.0,628430.0,1.775669,0.192717,AUT,DNK,871680
3582256,18,64,9618,2006,128636.0,234025.0,1.2222540000000002,1.383027,BEL,DNK,871680
3582257,24,64,9618,2006,0.0,20476.0,0.172724,-0.9449879999999999,BHR,DNK,871680
3582258,26,64,9618,2006,10780.0,0.0,0.40788800000000003,0.562854,BIH,DNK,871680
3582259,28,64,9618,2006,0.0,65665.0,0.919853,0.384409,BLR,DNK,871680
3582260,33,64,9618,2006,0.0,14969.0,0.977267,0.6046560000000001,BRB,DNK,871680
3582261,39,64,9618,2006,33882.0,32415.0,0.865685,1.1480489999999999,CAN,DNK,871680
3582262,41,64,9618,2006,7987.0,284981.0,2.052534,0.515523,CHE,DNK,871680
3582263,42,64,9618,2006,2141.0,127116.0,-0.188298,-0.46778000000000003,CHL,DNK,871680
3582264,43,64,9618,2006,1968529.0,63647.0,0.737888,2.54966,CHN,DNK,871680
3582265,59,64,9618,2006,52133.0,106673.0,1.564058,0.6023649999999999,CZE,DNK,871680
3582266,61,64,9618,2006,7838039.0,2519225.0,2.132566,-2.773669,DEU,DNK,871680
3582267,66,64,9618,2006,0.0,2709.0,-0.489962,-1.12456,DZA,DNK,871680
3582268,71,64,9618,2006,54810.0,309386.0,0.9091370000000001,2.068166,ESP,DNK,871680
3582269,72,64,9618,2006,19123.0,173465.0,0.6426350000000001,0.925003,EST,DNK,871680
3582270,74,64,9618,2006,249949.0,2422374.0,1.864038,0.8193940000000001,FIN,DNK,871680
3582271,77,64,9618,2006,404210.0,2097346.0,1.47591,0.489466,FRA,DNK,871680
3582272,78,64,9618,2006,0.0,272704.0,-0.117631,-0.69352,FRO,DNK,871680
3582273,81,64,9618,2006,733326.0,1871102.0,1.824154,0.614424,GBR,DNK,871680
3582274,82,64,9618,2006,0.0,1462.0,0.076711,-0.47216099999999994,GEO,DNK,871680
3582275,83,64,9618,2006,0.0,199455.0,-0.9934860000000001,-0.809318,GHA,DNK,871680
3582276,84,64,9618,2006,0.0,1857.0,0.8370120000000001,-0.35099400000000003,GIB,DNK,871680
3582277,87,64,9618,2006,0.0,9697.0,-0.378539,-0.48427200000000004,GMB,DNK,871680
3582278,90,64,9618,2006,0.0,2536.0,0.261955,1.488958,GRC,DNK,871680
3582279,92,64,9618,2006,0.0,491040.0,-1.0014,-0.935995,GRL,DNK,871680
3582280,93,64,9618,2006,0.0,6006.0,-0.28642199999999995,0.5868439999999999,GTM,DNK,871680
3582281,97,64,9618,2006,91217.0,9687.0,0.5776319999999999,2.076782,HKG,DNK,871680
3582282,100,64,9618,2006,4112.0,28128.0,0.755787,0.992614,HRV,DNK,871680
3582283,102,64,9618,2006,68220.0,36495.0,1.4034309999999999,0.835144,HUN,DNK,871680
3582284,106,64,9618,2006,2014.0,8537.0,1.43804,0.06463200000000001,IRL,DNK,871680
3582285,109,64,9618,2006,0.0,411981.0,0.170234,-0.302203,ISL,DNK,871680
3582286,111,64,9618,2006,158182.0,137314.0,1.293779,0.93995,ITA,DNK,871680
3582287,112,64,9618,2006,0.0,4738.0,-0.5122720000000001,-0.9109809999999999,JAM,DNK,871680
3582288,114,64,9618,2006,0.0,132418.0,2.4348099999999997,0.082887,JPN,DNK,871680
3582289,115,64,9618,2006,0.0,5046.0,0.038229,-0.579421,KAZ,DNK,871680
3582290,122,64,9618,2006,0.0,3951.0,-0.589823,-1.142795,KWT,DNK,871680
3582291,128,64,9618,2006,0.0,5544.0,-0.573767,0.305913,LKA,DNK,871680
3582292,130,64,9618,2006,32671.0,38472.0,0.44063599999999997,1.163857,LTU,DNK,871680
3582293,131,64,9618,2006,3914.0,0.0,1.4345620000000001,0.8840819999999999,LUX,DNK,871680
3582294,132,64,9618,2006,0.0,28735.0,0.531375,0.9414170000000001,LVA,DNK,871680
3582295,136,64,9618,2006,0.0,702.0,-1.024657,-0.393395,MDG,DNK,871680
3582296,138,64,9618,2006,3155.0,3686.0,1.047268,0.7142270000000001,MEX,DNK,871680
3582297,144,64,9618,2006,0.0,1166.0,0.130773,-0.24674699999999997,MNE,DNK,871680
3582298,145,64,9618,2006,0.0,1165.0,-1.147217,-1.0734709999999998,MNG,DNK,871680
3582299,153,64,9618,2006,224518.0,0.0,0.7896569999999999,0.363625,MYS,DNK,871680
3582300,159,64,9618,2006,0.0,1308.0,-2.094353,-1.215025,NGA,DNK,871680
3582301,162,64,9618,2006,176774.0,2236238.0,1.192134,1.450852,NLD,DNK,871680
3582302,163,64,9618,2006,923228.0,2966533.0,1.0787930000000001,0.014051,NOR,DNK,871680
3582303,174,64,9618,2006,28546.0,0.0,0.161994,0.036631,PHL,DNK,871680
3582304,177,64,9618,2006,1047960.0,184856.0,0.991927,1.474418,POL,DNK,871680
3582305,179,64,9618,2006,0.0,1895.0,0.5723630000000001,1.92303,PRT,DNK,871680
3582306,183,64,9618,2006,0.0,1651.0,0.055777999999999994,-1.0379049999999999,QAT,DNK,871680
3582307,185,64,9618,2006,0.0,26631.0,0.550825,1.170744,ROU,DNK,871680
3582308,186,64,9618,2006,855874.0,372735.0,0.801197,0.104683,RUS,DNK,871680
3582309,188,64,9618,2006,0.0,14940.0,0.162432,-0.853059,SAU,DNK,871680
3582310,192,64,9618,2006,1890486.0,0.0,1.5377379999999998,0.503089,SGP,DNK,871680
3582311,206,64,9618,2006,0.0,24573.0,1.291583,0.868317,SVK,DNK,871680
3582312,207,64,9618,2006,6392.0,5082.0,1.5882370000000001,0.800719,SVN,DNK,871680
3582313,208,64,9618,2006,3852413.0,4856408.0,1.902737,0.593294,SWE,DNK,871680
3582314,216,64,9618,2006,49749.0,0.0,0.568209,1.685343,THA,DNK,871680
3582315,223,64,9618,2006,0.0,2268.0,-0.013636,0.804752,TUN,DNK,871680
3582316,224,64,9618,2006,5972.0,37305.0,0.33971599999999996,2.193384,TUR,DNK,871680
3582317,226,64,9618,2006,0.0,1463.0,-0.953097,0.159129,TZA,DNK,871680
3582318,228,64,9618,2006,1166.0,43426.0,0.7008439999999999,0.79656,UKR,DNK,871680
3582319,231,64,9618,2006,7303.0,452381.0,1.666643,-0.121679,USA,DNK,871680
3582320,236,64,9618,2006,0.0,2301.0,-0.340972,-1.015462,VEN,DNK,871680
3582321,239,64,9618,2006,211240.0,2206.0,-0.342779,1.033318,VNM,DNK,871680
3582322,246,64,9618,2006,0.0,261225.0,0.37964499999999995,1.466326,ZAF,DNK,871680
3582323,249,64,9618,2006,214142.0,0.0,1.619915,1.2289940000000001,TWN,DNK,871680
3582324,8,65,9618,2006,4779.0,0.0,0.33055,0.665867,ARG,DOM,871680
3582325,32,65,9618,2006,21764.0,0.0,0.633889,1.1474520000000001,BRA,DOM,871680
3582326,33,65,9618,2006,20419.0,0.0,0.977267,0.6046560000000001,BRB,DOM,871680
3582327,39,65,9618,2006,16052.0,0.0,0.865685,1.1480489999999999,CAN,DOM,871680
3582328,41,65,9618,2006,996.0,0.0,2.052534,0.515523,CHE,DOM,871680
3582329,43,65,9618,2006,123672.0,0.0,0.737888,2.54966,CHN,DOM,871680
3582330,49,65,9618,2006,28518.0,0.0,0.129887,0.44371700000000003,COL,DOM,871680
3582331,61,65,9618,2006,137675.0,0.0,2.132566,-2.773669,DEU,DOM,871680
3582332,71,65,9618,2006,104572.0,0.0,0.9091370000000001,2.068166,ESP,DOM,871680
3582333,77,65,9618,2006,2992.0,0.0,1.47591,0.489466,FRA,DOM,871680
3582334,81,65,9618,2006,26067.0,0.0,1.824154,0.614424,GBR,DOM,871680
3582335,97,65,9618,2006,1783.0,0.0,0.5776319999999999,2.076782,HKG,DOM,871680
3582336,101,65,9618,2006,0.0,6689.0,-1.037941,-0.9475790000000001,HTI,DOM,871680
3582337,111,65,9618,2006,2418.0,0.0,1.293779,0.93995,ITA,DOM,871680
3582338,121,65,9618,2006,5157.0,0.0,1.5384309999999999,0.766628,KOR,DOM,871680
3582339,138,65,9618,2006,637415.0,0.0,1.047268,0.7142270000000001,MEX,DOM,871680
3582340,169,65,9618,2006,29635.0,0.0,0.306664,0.638533,PAN,DOM,871680
3582341,177,65,9618,2006,1205.0,0.0,0.991927,1.474418,POL,DOM,871680
3582342,197,65,9618,2006,0.0,63322.0,-0.135312,0.140874,SLV,DOM,871680
3582343,208,65,9618,2006,10180.0,0.0,1.902737,0.593294,SWE,DOM,871680
3582344,231,65,9618,2006,719878.0,0.0,1.666643,-0.121679,USA,DOM,871680
3582345,236,65,9618,2006,4875.0,0.0,-0.340972,-1.015462,VEN,DOM,871680
3582346,249,65,9618,2006,2257.0,0.0,1.619915,1.2289940000000001,TWN,DOM,871680
3582347,8,67,9618,2006,34812.0,0.0,0.33055,0.665867,ARG,ECU,871680
3582348,18,67,9618,2006,2124.0,0.0,1.2222540000000002,1.383027,BEL,ECU,871680
3582349,32,67,9618,2006,43735.0,0.0,0.633889,1.1474520000000001,BRA,ECU,871680
3582350,42,67,9618,2006,1721.0,0.0,-0.188298,-0.46778000000000003,CHL,ECU,871680
3582351,43,67,9618,2006,735246.0,0.0,0.737888,2.54966,CHN,ECU,871680
3582352,49,67,9618,2006,355251.0,0.0,0.129887,0.44371700000000003,COL,ECU,871680
3582353,61,67,9618,2006,104791.0,0.0,2.132566,-2.773669,DEU,ECU,871680
3582354,71,67,9618,2006,4545.0,0.0,0.9091370000000001,2.068166,ESP,ECU,871680
3582355,72,67,9618,2006,0.0,7158.0,0.6426350000000001,0.925003,EST,ECU,871680
3582356,111,67,9618,2006,8737.0,0.0,1.293779,0.93995,ITA,ECU,871680
3582357,114,67,9618,2006,3956.0,0.0,2.4348099999999997,0.082887,JPN,ECU,871680
3582358,138,67,9618,2006,50973.0,0.0,1.047268,0.7142270000000001,MEX,ECU,871680
3582359,162,67,9618,2006,7859.0,0.0,1.192134,1.450852,NLD,ECU,871680
3582360,169,67,9618,2006,983.0,0.0,0.306664,0.638533,PAN,ECU,871680
3582361,173,67,9618,2006,3018.0,0.0,-0.551095,0.044295,PER,ECU,871680
3582362,177,67,9618,2006,1299.0,0.0,0.991927,1.474418,POL,ECU,871680
3582363,207,67,9618,2006,1420.0,0.0,1.5882370000000001,0.800719,SVN,ECU,871680
3582364,231,67,9618,2006,273626.0,27137.0,1.666643,-0.121679,USA,ECU,871680
3582365,249,67,9618,2006,13124.0,0.0,1.619915,1.2289940000000001,TWN,ECU,871680
3582366,5,71,9618,2006,0.0,66966.0,1.03128,0.402281,AND,ESP,871680
3582367,7,71,9618,2006,0.0,19263.0,0.053903999999999994,-0.735124,ARE,ESP,871680
3582368,8,71,9618,2006,75702.0,109683.0,0.33055,0.665867,ARG,ESP,871680
3582369,9,71,9618,2006,0.0,4001.0,0.14539100000000002,-0.558014,ARM,ESP,871680
3582370,14,71,9618,2006,32613.0,8855.0,0.067166,0.373148,AUS,ESP,871680
3582371,15,71,9618,2006,78353.0,0.0,1.775669,0.192717,AUT,ESP,871680
3582372,18,71,9618,2006,362037.0,3210.0,1.2222540000000002,1.383027,BEL,ESP,871680
3582373,19,71,9618,2006,0.0,3520.0,-0.8434360000000001,-0.798307,BEN,ESP,871680
3582374,23,71,9618,2006,0.0,14276.0,0.414563,1.378005,BGR,ESP,871680
3582375,24,71,9618,2006,0.0,58175.0,0.172724,-0.9449879999999999,BHR,ESP,871680
3582376,28,71,9618,2006,0.0,22612.0,0.919853,0.384409,BLR,ESP,871680
3582377,31,71,9618,2006,0.0,1364.0,-0.805185,-0.754091,BOL,ESP,871680
3582378,32,71,9618,2006,34431.0,11194.0,0.633889,1.1474520000000001,BRA,ESP,871680
3582379,39,71,9618,2006,26584.0,6753.0,0.865685,1.1480489999999999,CAN,ESP,871680
3582380,41,71,9618,2006,138908.0,221797.0,2.052534,0.515523,CHE,ESP,871680
3582381,42,71,9618,2006,0.0,22328.0,-0.188298,-0.46778000000000003,CHL,ESP,871680
3582382,43,71,9618,2006,5445874.0,36184.0,0.737888,2.54966,CHN,ESP,871680
3582383,45,71,9618,2006,2329.0,0.0,-1.358873,-1.1511360000000002,CMR,ESP,871680
3582384,49,71,9618,2006,0.0,7907.0,0.129887,0.44371700000000003,COL,ESP,871680
3582385,51,71,9618,2006,0.0,65529.0,0.369814,-0.414812,CPV,ESP,871680
3582386,52,71,9618,2006,0.0,5771.0,0.042663,-0.376672,CRI,ESP,871680
3582387,54,71,9618,2006,0.0,196052.0,0.204039,-0.5183260000000001,CUB,ESP,871680
3582388,59,71,9618,2006,153662.0,2541.0,1.564058,0.6023649999999999,CZE,ESP,871680
3582389,61,71,9618,2006,16013252.0,1009007.0,2.132566,-2.773669,DEU,ESP,871680
3582390,64,71,9618,2006,309386.0,54810.0,1.2308700000000001,1.180914,DNK,ESP,871680
3582391,65,71,9618,2006,0.0,104572.0,-0.24073699999999998,0.049093,DOM,ESP,871680
3582392,66,71,9618,2006,0.0,23894.0,-0.489962,-1.12456,DZA,ESP,871680
3582393,67,71,9618,2006,0.0,4545.0,-0.878583,-0.9462010000000001,ECU,ESP,871680
3582394,68,71,9618,2006,23894.0,7478.0,-0.182272,0.40222399999999997,EGY,ESP,871680
3582395,74,71,9618,2006,206546.0,0.0,1.864038,0.8193940000000001,FIN,ESP,871680
3582396,77,71,9618,2006,21230252.0,1195599.0,1.47591,0.489466,FRA,ESP,871680
3582397,80,71,9618,2006,0.0,1608.0,-1.6696819999999999,-1.173322,GAB,ESP,871680
3582398,81,71,9618,2006,702773.0,3923.0,1.824154,0.614424,GBR,ESP,871680
3582399,82,71,9618,2006,0.0,24721.0,0.076711,-0.47216099999999994,GEO,ESP,871680
3582400,83,71,9618,2006,0.0,33345.0,-0.9934860000000001,-0.809318,GHA,ESP,871680
3582401,84,71,9618,2006,0.0,10286.0,0.8370120000000001,-0.35099400000000003,GIB,ESP,871680
3582402,89,71,9618,2006,0.0,4487.0,-2.188173,-0.8631700000000001,GNQ,ESP,871680
3582403,90,71,9618,2006,0.0,3317.0,0.261955,1.488958,GRC,ESP,871680
3582404,93,71,9618,2006,0.0,2505.0,-0.28642199999999995,0.5868439999999999,GTM,ESP,871680
3582405,97,71,9618,2006,115767.0,0.0,0.5776319999999999,2.076782,HKG,ESP,871680
3582406,99,71,9618,2006,0.0,1093.0,-0.672074,-0.472138,HND,ESP,871680
3582407,100,71,9618,2006,0.0,23927.0,0.755787,0.992614,HRV,ESP,871680
3582408,102,71,9618,2006,3748.0,6136.0,1.4034309999999999,0.835144,HUN,ESP,871680
3582409,104,71,9618,2006,2982.0,0.0,0.285652,2.731318,IND,ESP,871680
3582410,106,71,9618,2006,0.0,101345.0,1.43804,0.06463200000000001,IRL,ESP,871680
3582411,109,71,9618,2006,0.0,6234.0,0.170234,-0.302203,ISL,ESP,871680
3582412,110,71,9618,2006,3561.0,22789.0,1.3082129999999998,0.783845,ISR,ESP,871680
3582413,111,71,9618,2006,2682941.0,94483.0,1.293779,0.93995,ITA,ESP,871680
3582414,112,71,9618,2006,0.0,45617.0,-0.5122720000000001,-0.9109809999999999,JAM,ESP,871680
3582415,113,71,9618,2006,0.0,23613.0,0.166718,0.331248,JOR,ESP,871680
3582416,114,71,9618,2006,9696.0,62788.0,2.4348099999999997,0.082887,JPN,ESP,871680
3582417,115,71,9618,2006,0.0,41712.0,0.038229,-0.579421,KAZ,ESP,871680
3582418,121,71,9618,2006,16232.0,12120.0,1.5384309999999999,0.766628,KOR,ESP,871680
3582419,122,71,9618,2006,0.0,3529.0,-0.589823,-1.142795,KWT,ESP,871680
3582420,124,71,9618,2006,0.0,80452.0,0.3861,1.586183,LBN,ESP,871680
3582421,130,71,9618,2006,0.0,6652.0,0.44063599999999997,1.163857,LTU,ESP,871680
3582422,132,71,9618,2006,0.0,8301.0,0.531375,0.9414170000000001,LVA,ESP,871680
3582423,134,71,9618,2006,0.0,75451.0,-0.547933,0.08257300000000001,MAR,ESP,871680
3582424,135,71,9618,2006,0.0,5828.0,-0.017707,0.135305,MDA,ESP,871680
3582425,138,71,9618,2006,45848.0,92893.0,1.047268,0.7142270000000001,MEX,ESP,871680
3582426,151,71,9618,2006,0.0,19525.0,-0.311109,-0.07267,MUS,ESP,871680
3582427,153,71,9618,2006,4538.0,2793.0,0.7896569999999999,0.363625,MYS,ESP,871680
3582428,154,71,9618,2006,0.0,4510.0,1.1370049999999998,0.131896,MYT,ESP,871680
3582429,156,71,9618,2006,0.0,1624.0,-0.135099,-0.7618779999999999,NCL,ESP,871680
3582430,157,71,9618,2006,518.0,0.0,-0.554188,-0.708255,NER,ESP,871680
3582431,160,71,9618,2006,0.0,4817.0,-0.998825,-0.893867,NIC,ESP,871680
3582432,162,71,9618,2006,317457.0,65479.0,1.192134,1.450852,NLD,ESP,871680
3582433,163,71,9618,2006,1004.0,24300.0,1.0787930000000001,0.014051,NOR,ESP,871680
3582434,166,71,9618,2006,1518.0,49713.0,0.5371,0.8240209999999999,NZL,ESP,871680
3582435,173,71,9618,2006,0.0,140106.0,-0.551095,0.044295,PER,ESP,871680
3582436,174,71,9618,2006,0.0,1429.0,0.161994,0.036631,PHL,ESP,871680
3582437,177,71,9618,2006,1210342.0,4065.0,0.991927,1.474418,POL,ESP,871680
3582438,179,71,9618,2006,123124.0,343390.0,0.5723630000000001,1.92303,PRT,ESP,871680
3582439,183,71,9618,2006,0.0,31622.0,0.055777999999999994,-1.0379049999999999,QAT,ESP,871680
3582440,185,71,9618,2006,7341.0,3427.0,0.550825,1.170744,ROU,ESP,871680
3582441,186,71,9618,2006,0.0,45660.0,0.801197,0.104683,RUS,ESP,871680
3582442,188,71,9618,2006,3367.0,290460.0,0.162432,-0.853059,SAU,ESP,871680
3582443,191,71,9618,2006,0.0,9796.0,-0.364713,-0.183612,SEN,ESP,871680
3582444,192,71,9618,2006,35629.0,0.0,1.5377379999999998,0.503089,SGP,ESP,871680
3582445,197,71,9618,2006,0.0,15261.0,-0.135312,0.140874,SLV,ESP,871680
3582446,201,71,9618,2006,0.0,52538.0,0.547824,1.5588879999999998,SRB,ESP,871680
3582447,207,71,9618,2006,15320.0,22034.0,1.5882370000000001,0.800719,SVN,ESP,871680
3582448,208,71,9618,2006,318522.0,62019.0,1.902737,0.593294,SWE,ESP,871680
3582449,212,71,9618,2006,0.0,1698.0,-0.588695,0.532487,SYR,ESP,871680
3582450,216,71,9618,2006,32596.0,6005.0,0.568209,1.685343,THA,ESP,871680
3582451,223,71,9618,2006,0.0,4015.0,-0.013636,0.804752,TUN,ESP,871680
3582452,224,71,9618,2006,53435.0,185264.0,0.33971599999999996,2.193384,TUR,ESP,871680
3582453,228,71,9618,2006,64780.0,149143.0,0.7008439999999999,0.79656,UKR,ESP,871680
3582454,230,71,9618,2006,0.0,1428.0,0.234384,0.118878,URY,ESP,871680
3582455,231,71,9618,2006,503472.0,58267.0,1.666643,-0.121679,USA,ESP,871680
3582456,236,71,9618,2006,0.0,28124.0,-0.340972,-1.015462,VEN,ESP,871680
3582457,239,71,9618,2006,88103.0,0.0,-0.342779,1.033318,VNM,ESP,871680
3582458,243,71,9618,2006,0.0,1153.0,-1.0407110000000002,-1.13042,YEM,ESP,871680
3582459,246,71,9618,2006,0.0,7737.0,0.37964499999999995,1.466326,ZAF,ESP,871680
3582460,247,71,9618,2006,0.0,4375.0,-0.5307,-0.793621,ZMB,ESP,871680
3582461,249,71,9618,2006,107606.0,0.0,1.619915,1.2289940000000001,TWN,ESP,871680
3582462,5,74,9618,2006,0.0,1026.0,1.03128,0.402281,AND,FIN,871680
3582463,7,74,9618,2006,0.0,10514.0,0.053903999999999994,-0.735124,ARE,FIN,871680
3582464,8,74,9618,2006,0.0,1467.0,0.33055,0.665867,ARG,FIN,871680
3582465,14,74,9618,2006,2042.0,2449743.0,0.067166,0.373148,AUS,FIN,871680
3582466,15,74,9618,2006,27217.0,22679.0,1.775669,0.192717,AUT,FIN,871680
3582467,18,74,9618,2006,32983.0,872357.0,1.2222540000000002,1.383027,BEL,FIN,871680
3582468,25,74,9618,2006,0.0,6611.0,0.673694,-0.519608,BHS,FIN,871680
3582469,28,74,9618,2006,0.0,1596.0,0.919853,0.384409,BLR,FIN,871680
3582470,39,74,9618,2006,40803.0,15615.0,0.865685,1.1480489999999999,CAN,FIN,871680
3582471,41,74,9618,2006,3359.0,2353364.0,2.052534,0.515523,CHE,FIN,871680
3582472,42,74,9618,2006,0.0,3931.0,-0.188298,-0.46778000000000003,CHL,FIN,871680
3582473,43,74,9618,2006,2690970.0,319145.0,0.737888,2.54966,CHN,FIN,871680
3582474,58,74,9618,2006,0.0,1136.0,0.708267,-0.048096,CYP,FIN,871680
3582475,59,74,9618,2006,5941.0,20969.0,1.564058,0.6023649999999999,CZE,FIN,871680
3582476,61,74,9618,2006,2316682.0,833752.0,2.132566,-2.773669,DEU,FIN,871680
3582477,64,74,9618,2006,2422374.0,249949.0,1.2308700000000001,1.180914,DNK,FIN,871680
3582478,71,74,9618,2006,0.0,206546.0,0.9091370000000001,2.068166,ESP,FIN,871680
3582479,72,74,9618,2006,3023186.0,355994.0,0.6426350000000001,0.925003,EST,FIN,871680
3582480,77,74,9618,2006,1432324.0,617794.0,1.47591,0.489466,FRA,FIN,871680
3582481,81,74,9618,2006,42826.0,9877308.0,1.824154,0.614424,GBR,FIN,871680
3582482,97,74,9618,2006,5944.0,0.0,0.5776319999999999,2.076782,HKG,FIN,871680
3582483,102,74,9618,2006,2876.0,10896.0,1.4034309999999999,0.835144,HUN,FIN,871680
3582484,104,74,9618,2006,906.0,1304.0,0.285652,2.731318,IND,FIN,871680
3582485,106,74,9618,2006,0.0,2152564.0,1.43804,0.06463200000000001,IRL,FIN,871680
3582486,109,74,9618,2006,0.0,48319.0,0.170234,-0.302203,ISL,FIN,871680
3582487,110,74,9618,2006,9483.0,216329.0,1.3082129999999998,0.783845,ISR,FIN,871680
3582488,111,74,9618,2006,164755.0,385492.0,1.293779,0.93995,ITA,FIN,871680
3582489,114,74,9618,2006,0.0,7880.0,2.4348099999999997,0.082887,JPN,FIN,871680
3582490,121,74,9618,2006,10610.0,95668.0,1.5384309999999999,0.766628,KOR,FIN,871680
3582491,122,74,9618,2006,0.0,3543.0,-0.589823,-1.142795,KWT,FIN,871680
3582492,130,74,9618,2006,0.0,149825.0,0.44063599999999997,1.163857,LTU,FIN,871680
3582493,131,74,9618,2006,1123.0,0.0,1.4345620000000001,0.8840819999999999,LUX,FIN,871680
3582494,132,74,9618,2006,0.0,158743.0,0.531375,0.9414170000000001,LVA,FIN,871680
3582495,138,74,9618,2006,0.0,1077.0,1.047268,0.7142270000000001,MEX,FIN,871680
3582496,142,74,9618,2006,0.0,4957.0,1.384411,0.093734,MLT,FIN,871680
3582497,147,74,9618,2006,0.0,924143.0,-1.0250629999999998,-1.067359,MOZ,FIN,871680
3582498,153,74,9618,2006,10271.0,2057.0,0.7896569999999999,0.363625,MYS,FIN,871680
3582499,162,74,9618,2006,82663.0,1787464.0,1.192134,1.450852,NLD,FIN,871680
3582500,163,74,9618,2006,1298549.0,1373887.0,1.0787930000000001,0.014051,NOR,FIN,871680
3582501,168,74,9618,2006,2792.0,0.0,-0.449333,0.563013,PAK,FIN,871680
3582502,173,74,9618,2006,0.0,4903.0,-0.551095,0.044295,PER,FIN,871680
3582503,174,74,9618,2006,2653.0,0.0,0.161994,0.036631,PHL,FIN,871680
3582504,177,74,9618,2006,35140.0,99836.0,0.991927,1.474418,POL,FIN,871680
3582505,183,74,9618,2006,0.0,3130.0,0.055777999999999994,-1.0379049999999999,QAT,FIN,871680
3582506,185,74,9618,2006,1737.0,6535.0,0.550825,1.170744,ROU,FIN,871680
3582507,186,74,9618,2006,16892.0,509282.0,0.801197,0.104683,RUS,FIN,871680
3582508,188,74,9618,2006,0.0,15713.0,0.162432,-0.853059,SAU,FIN,871680
3582509,201,74,9618,2006,0.0,1428.0,0.547824,1.5588879999999998,SRB,FIN,871680
3582510,206,74,9618,2006,0.0,7848.0,1.291583,0.868317,SVK,FIN,871680
3582511,207,74,9618,2006,43283.0,5434.0,1.5882370000000001,0.800719,SVN,FIN,871680
3582512,208,74,9618,2006,3075772.0,4903532.0,1.902737,0.593294,SWE,FIN,871680
3582513,224,74,9618,2006,0.0,39766.0,0.33971599999999996,2.193384,TUR,FIN,871680
3582514,228,74,9618,2006,33242.0,7806.0,0.7008439999999999,0.79656,UKR,FIN,871680
3582515,231,74,9618,2006,124958.0,147388.0,1.666643,-0.121679,USA,FIN,871680
3582516,246,74,9618,2006,0.0,743599.0,0.37964499999999995,1.466326,ZAF,FIN,871680
3582517,249,74,9618,2006,148387.0,0.0,1.619915,1.2289940000000001,TWN,FIN,871680
3582518,2,77,9618,2006,0.0,16319.0,-2.0822979999999998,-1.176767,AGO,FRA,871680
3582519,4,77,9618,2006,0.0,2992.0,-0.340932,-0.06302200000000001,ALB,FRA,871680
3582520,5,77,9618,2006,0.0,129646.0,1.03128,0.402281,AND,FRA,871680
3582521,7,77,9618,2006,0.0,2410858.0,0.053903999999999994,-0.735124,ARE,FRA,871680
3582522,14,77,9618,2006,55257.0,280971.0,0.067166,0.373148,AUS,FRA,871680
3582523,15,77,9618,2006,299688.0,813236.0,1.775669,0.192717,AUT,FRA,871680
3582524,16,77,9618,2006,0.0,1991.0,-0.521304,-1.035764,AZE,FRA,871680
3582525,18,77,9618,2006,5013132.0,5126750.0,1.2222540000000002,1.383027,BEL,FRA,871680
3582526,19,77,9618,2006,0.0,16153.0,-0.8434360000000001,-0.798307,BEN,FRA,871680
3582527,21,77,9618,2006,0.0,36405.0,-0.9432020000000001,-0.969247,BFA,FRA,871680
3582528,23,77,9618,2006,43698.0,261153.0,0.414563,1.378005,BGR,FRA,871680
3582529,24,77,9618,2006,0.0,298486.0,0.172724,-0.9449879999999999,BHR,FRA,871680
3582530,26,77,9618,2006,0.0,82686.0,0.40788800000000003,0.562854,BIH,FRA,871680
3582531,28,77,9618,2006,0.0,86555.0,0.919853,0.384409,BLR,FRA,871680
3582532,32,77,9618,2006,158804.0,39234.0,0.633889,1.1474520000000001,BRA,FRA,871680
3582533,39,77,9618,2006,39676.0,62154.0,0.865685,1.1480489999999999,CAN,FRA,871680
3582534,41,77,9618,2006,268774.0,1500505.0,2.052534,0.515523,CHE,FRA,871680
3582535,42,77,9618,2006,0.0,153977.0,-0.188298,-0.46778000000000003,CHL,FRA,871680
3582536,43,77,9618,2006,11216285.0,48783.0,0.737888,2.54966,CHN,FRA,871680
3582537,44,77,9618,2006,0.0,57611.0,-0.8918530000000001,-0.8145819999999999,CIV,FRA,871680
3582538,45,77,9618,2006,0.0,24145.0,-1.358873,-1.1511360000000002,CMR,FRA,871680
3582539,46,77,9618,2006,0.0,2511.0,-1.542137,-1.086494,COD,FRA,871680
3582540,47,77,9618,2006,0.0,426816.0,-1.9903240000000002,-1.189925,COG,FRA,871680
3582541,49,77,9618,2006,0.0,18212.0,0.129887,0.44371700000000003,COL,FRA,871680
3582542,50,77,9618,2006,0.0,43002.0,-0.5214300000000001,-0.8452149999999999,COM,FRA,871680
3582543,52,77,9618,2006,0.0,14935.0,0.042663,-0.376672,CRI,FRA,871680
3582544,58,77,9618,2006,0.0,232004.0,0.708267,-0.048096,CYP,FRA,871680
3582545,59,77,9618,2006,172437.0,721238.0,1.564058,0.6023649999999999,CZE,FRA,871680
3582546,61,77,9618,2006,22734810.0,8803372.0,2.132566,-2.773669,DEU,FRA,871680
3582547,62,77,9618,2006,0.0,36405.0,-0.251707,-0.436792,DJI,FRA,871680
3582548,64,77,9618,2006,2097346.0,404210.0,1.2308700000000001,1.180914,DNK,FRA,871680
3582549,65,77,9618,2006,0.0,2992.0,-0.24073699999999998,0.049093,DOM,FRA,871680
3582550,66,77,9618,2006,0.0,450480.0,-0.489962,-1.12456,DZA,FRA,871680
3582551,68,77,9618,2006,0.0,122708.0,-0.182272,0.40222399999999997,EGY,FRA,871680
3582552,69,77,9618,2006,0.0,1255.0,0.216725,-0.337624,ERI,FRA,871680
3582553,71,77,9618,2006,1195599.0,21230252.0,0.9091370000000001,2.068166,ESP,FRA,871680
3582554,72,77,9618,2006,22268.0,211774.0,0.6426350000000001,0.925003,EST,FRA,871680
3582555,74,77,9618,2006,617794.0,1432324.0,1.864038,0.8193940000000001,FIN,FRA,871680
3582556,80,77,9618,2006,0.0,660574.0,-1.6696819999999999,-1.173322,GAB,FRA,871680
3582557,81,77,9618,2006,1326254.0,4575404.0,1.824154,0.614424,GBR,FRA,871680
3582558,83,77,9618,2006,0.0,1070.0,-0.9934860000000001,-0.809318,GHA,FRA,871680
3582559,85,77,9618,2006,0.0,13340.0,-1.8376720000000002,-1.229774,GIN,FRA,871680
3582560,87,77,9618,2006,0.0,2070.0,-0.378539,-0.48427200000000004,GMB,FRA,871680
3582561,89,77,9618,2006,0.0,8787.0,-2.188173,-0.8631700000000001,GNQ,FRA,871680
3582562,90,77,9618,2006,31897.0,395362.0,0.261955,1.488958,GRC,FRA,871680
3582563,91,77,9618,2006,0.0,3740.0,0.19208599999999998,-0.40781,GRD,FRA,871680
3582564,97,77,9618,2006,84219.0,58848.0,0.5776319999999999,2.076782,HKG,FRA,871680
3582565,100,77,9618,2006,693579.0,92021.0,0.755787,0.992614,HRV,FRA,871680
3582566,101,77,9618,2006,0.0,125534.0,-1.037941,-0.9475790000000001,HTI,FRA,871680
3582567,102,77,9618,2006,132768.0,1304351.0,1.4034309999999999,0.835144,HUN,FRA,871680
3582568,103,77,9618,2006,5484.0,15541.0,-0.21012399999999998,1.467838,IDN,FRA,871680
3582569,104,77,9618,2006,5962.0,464402.0,0.285652,2.731318,IND,FRA,871680
3582570,106,77,9618,2006,9625.0,483993.0,1.43804,0.06463200000000001,IRL,FRA,871680
3582571,109,77,9618,2006,0.0,283114.0,0.170234,-0.302203,ISL,FRA,871680
3582572,110,77,9618,2006,8369.0,874286.0,1.3082129999999998,0.783845,ISR,FRA,871680
3582573,111,77,9618,2006,7084231.0,7758738.0,1.293779,0.93995,ITA,FRA,871680
3582574,113,77,9618,2006,0.0,46043.0,0.166718,0.331248,JOR,FRA,871680
3582575,114,77,9618,2006,315580.0,164336.0,2.4348099999999997,0.082887,JPN,FRA,871680
3582576,115,77,9618,2006,0.0,100186.0,0.038229,-0.579421,KAZ,FRA,871680
3582577,116,77,9618,2006,0.0,12782.0,-0.38287899999999997,1.060286,KEN,FRA,871680
3582578,121,77,9618,2006,0.0,16812.0,1.5384309999999999,0.766628,KOR,FRA,871680
3582579,122,77,9618,2006,0.0,1016789.0,-0.589823,-1.142795,KWT,FRA,871680
3582580,124,77,9618,2006,0.0,3724.0,0.3861,1.586183,LBN,FRA,871680
3582581,126,77,9618,2006,0.0,30128.0,-0.518724,-1.142074,LBY,FRA,871680
3582582,127,77,9618,2006,0.0,8469.0,1.118348,-0.17618,LCA,FRA,871680
3582583,128,77,9618,2006,0.0,3420.0,-0.573767,0.305913,LKA,FRA,871680
3582584,130,77,9618,2006,0.0,956752.0,0.44063599999999997,1.163857,LTU,FRA,871680
3582585,131,77,9618,2006,4022500.0,154999.0,1.4345620000000001,0.8840819999999999,LUX,FRA,871680
3582586,132,77,9618,2006,0.0,746900.0,0.531375,0.9414170000000001,LVA,FRA,871680
3582587,133,77,9618,2006,0.0,11282.0,-0.07118200000000001,-0.228354,MAC,FRA,871680
3582588,134,77,9618,2006,4919.0,590495.0,-0.547933,0.08257300000000001,MAR,FRA,871680
3582589,135,77,9618,2006,0.0,15105.0,-0.017707,0.135305,MDA,FRA,871680
3582590,136,77,9618,2006,0.0,5414.0,-1.024657,-0.393395,MDG,FRA,871680
3582591,138,77,9618,2006,17991.0,44248.0,1.047268,0.7142270000000001,MEX,FRA,871680
3582592,141,77,9618,2006,0.0,144264.0,-0.503462,-0.778836,MLI,FRA,871680
3582593,142,77,9618,2006,0.0,38447.0,1.384411,0.093734,MLT,FRA,871680
3582594,148,77,9618,2006,0.0,21905.0,-1.72422,-1.2414399999999999,MRT,FRA,871680
3582595,151,77,9618,2006,0.0,127970.0,-0.311109,-0.07267,MUS,FRA,871680
3582596,153,77,9618,2006,63351.0,37188.0,0.7896569999999999,0.363625,MYS,FRA,871680
3582597,154,77,9618,2006,0.0,129063.0,1.1370049999999998,0.131896,MYT,FRA,871680
3582598,156,77,9618,2006,0.0,421384.0,-0.135099,-0.7618779999999999,NCL,FRA,871680
3582599,157,77,9618,2006,0.0,5184.0,-0.554188,-0.708255,NER,FRA,871680
3582600,162,77,9618,2006,1768353.0,522647.0,1.192134,1.450852,NLD,FRA,871680
3582601,163,77,9618,2006,22333.0,2165650.0,1.0787930000000001,0.014051,NOR,FRA,871680
3582602,166,77,9618,2006,6582.0,7471.0,0.5371,0.8240209999999999,NZL,FRA,871680
3582603,167,77,9618,2006,0.0,90761.0,-0.6373989999999999,-1.092554,OMN,FRA,871680
3582604,173,77,9618,2006,0.0,17721.0,-0.551095,0.044295,PER,FRA,871680
3582605,174,77,9618,2006,90650.0,0.0,0.161994,0.036631,PHL,FRA,871680
3582606,177,77,9618,2006,2608224.0,1862552.0,0.991927,1.474418,POL,FRA,871680
3582607,179,77,9618,2006,897773.0,1467152.0,0.5723630000000001,1.92303,PRT,FRA,871680
3582608,182,77,9618,2006,0.0,376614.0,-0.213329,-0.743599,PYF,FRA,871680
3582609,183,77,9618,2006,0.0,614656.0,0.055777999999999994,-1.0379049999999999,QAT,FRA,871680
3582610,185,77,9618,2006,230974.0,869331.0,0.550825,1.170744,ROU,FRA,871680
3582611,186,77,9618,2006,6965.0,6745484.0,0.801197,0.104683,RUS,FRA,871680
3582612,187,77,9618,2006,0.0,12463.0,-0.032827999999999996,-0.42937600000000004,RWA,FRA,871680
3582613,188,77,9618,2006,0.0,1314538.0,0.162432,-0.853059,SAU,FRA,871680
3582614,190,77,9618,2006,0.0,987.0,-1.873762,-1.278378,SDN,FRA,871680
3582615,191,77,9618,2006,0.0,550487.0,-0.364713,-0.183612,SEN,FRA,871680
3582616,192,77,9618,2006,706644.0,136561.0,1.5377379999999998,0.503089,SGP,FRA,871680
3582617,197,77,9618,2006,903.0,2017.0,-0.135312,0.140874,SLV,FRA,871680
3582618,201,77,9618,2006,15461.0,45329.0,0.547824,1.5588879999999998,SRB,FRA,871680
3582619,206,77,9618,2006,73109.0,212020.0,1.291583,0.868317,SVK,FRA,871680
3582620,207,77,9618,2006,251182.0,53564.0,1.5882370000000001,0.800719,SVN,FRA,871680
3582621,208,77,9618,2006,662381.0,1989717.0,1.902737,0.593294,SWE,FRA,871680
3582622,212,77,9618,2006,0.0,3575.0,-0.588695,0.532487,SYR,FRA,871680
3582623,215,77,9618,2006,0.0,32639.0,-0.8304020000000001,-0.678178,TGO,FRA,871680
3582624,216,77,9618,2006,7358.0,59899.0,0.568209,1.685343,THA,FRA,871680
3582625,222,77,9618,2006,0.0,3674.0,-0.20651399999999998,-1.024907,TTO,FRA,871680
3582626,223,77,9618,2006,15610.0,109991.0,-0.013636,0.804752,TUN,FRA,871680
3582627,224,77,9618,2006,293567.0,347566.0,0.33971599999999996,2.193384,TUR,FRA,871680
3582628,228,77,9618,2006,1508.0,27123.0,0.7008439999999999,0.79656,UKR,FRA,871680
3582629,230,77,9618,2006,0.0,1495.0,0.234384,0.118878,URY,FRA,871680
3582630,231,77,9618,2006,19188632.0,505558.0,1.666643,-0.121679,USA,FRA,871680
3582631,236,77,9618,2006,0.0,141421.0,-0.340972,-1.015462,VEN,FRA,871680
3582632,237,77,9618,2006,0.0,16319.0,1.05644,0.179306,VGB,FRA,871680
3582633,239,77,9618,2006,436060.0,1443.0,-0.342779,1.033318,VNM,FRA,871680
3582634,240,77,9618,2006,0.0,1642.0,-1.166741,-0.927552,VUT,FRA,871680
3582635,241,77,9618,2006,0.0,3660.0,1.609916,-0.311544,WLF,FRA,871680
3582636,243,77,9618,2006,0.0,1562.0,-1.0407110000000002,-1.13042,YEM,FRA,871680
3582637,246,77,9618,2006,21354.0,2353.0,0.37964499999999995,1.466326,ZAF,FRA,871680
3582638,249,77,9618,2006,672853.0,28737.0,1.619915,1.2289940000000001,TWN,FRA,871680
3582639,250,77,9618,2006,4338.0,0.0,0.711619,-0.41880200000000006,ANS,FRA,871680
3582640,7,81,9618,2006,0.0,148885.0,0.053903999999999994,-0.735124,ARE,GBR,871680
3582641,8,81,9618,2006,0.0,69363.0,0.33055,0.665867,ARG,GBR,871680
3582642,9,81,9618,2006,0.0,48169.0,0.14539100000000002,-0.558014,ARM,GBR,871680
3582643,13,81,9618,2006,0.0,8041.0,-0.139051,-0.780321,ATG,GBR,871680
3582644,14,81,9618,2006,91713.0,194083.0,0.067166,0.373148,AUS,GBR,871680
3582645,15,81,9618,2006,68665.0,94913.0,1.775669,0.192717,AUT,GBR,871680
3582646,16,81,9618,2006,0.0,7507.0,-0.521304,-1.035764,AZE,GBR,871680
3582647,18,81,9618,2006,609912.0,152749.0,1.2222540000000002,1.383027,BEL,GBR,871680
3582648,23,81,9618,2006,13956.0,1735.0,0.414563,1.378005,BGR,GBR,871680
3582649,24,81,9618,2006,22632.0,343958.0,0.172724,-0.9449879999999999,BHR,GBR,871680
3582650,25,81,9618,2006,0.0,5669.0,0.673694,-0.519608,BHS,GBR,871680
3582651,26,81,9618,2006,6175.0,2266.0,0.40788800000000003,0.562854,BIH,GBR,871680
3582652,28,81,9618,2006,0.0,2209.0,0.919853,0.384409,BLR,GBR,871680
3582653,29,81,9618,2006,0.0,1341.0,-0.584902,-0.82437,BLZ,GBR,871680
3582654,32,81,9618,2006,0.0,13368.0,0.633889,1.1474520000000001,BRA,GBR,871680
3582655,33,81,9618,2006,0.0,28307.0,0.977267,0.6046560000000001,BRB,GBR,871680
3582656,34,81,9618,2006,0.0,2920.0,-1.331831,-0.9170940000000001,BRN,GBR,871680
3582657,39,81,9618,2006,1106740.0,337303.0,0.865685,1.1480489999999999,CAN,GBR,871680
3582658,41,81,9618,2006,13166.0,351988.0,2.052534,0.515523,CHE,GBR,871680
3582659,42,81,9618,2006,0.0,36675.0,-0.188298,-0.46778000000000003,CHL,GBR,871680
3582660,43,81,9618,2006,22113852.0,209127.0,0.737888,2.54966,CHN,GBR,871680
3582661,49,81,9618,2006,0.0,4727.0,0.129887,0.44371700000000003,COL,GBR,871680
3582662,57,81,9618,2006,0.0,57890.0,0.7708189999999999,-0.648112,CYM,GBR,871680
3582663,58,81,9618,2006,0.0,99267.0,0.708267,-0.048096,CYP,GBR,871680
3582664,59,81,9618,2006,974543.0,48785.0,1.564058,0.6023649999999999,CZE,GBR,871680
3582665,61,81,9618,2006,41382432.0,1338209.0,2.132566,-2.773669,DEU,GBR,871680
3582666,63,81,9618,2006,0.0,1153.0,0.10759400000000001,-0.159215,DMA,GBR,871680
3582667,64,81,9618,2006,1871102.0,733326.0,1.2308700000000001,1.180914,DNK,GBR,871680
3582668,65,81,9618,2006,0.0,26067.0,-0.24073699999999998,0.049093,DOM,GBR,871680
3582669,66,81,9618,2006,0.0,3314.0,-0.489962,-1.12456,DZA,GBR,871680
3582670,68,81,9618,2006,9571.0,35753.0,-0.182272,0.40222399999999997,EGY,GBR,871680
3582671,71,81,9618,2006,3923.0,702773.0,0.9091370000000001,2.068166,ESP,GBR,871680
3582672,72,81,9618,2006,94557.0,1374.0,0.6426350000000001,0.925003,EST,GBR,871680
3582673,73,81,9618,2006,0.0,1319.0,-0.9557180000000001,-0.9153479999999999,ETH,GBR,871680
3582674,74,81,9618,2006,9877308.0,42826.0,1.864038,0.8193940000000001,FIN,GBR,871680
3582675,75,81,9618,2006,0.0,2299.0,-0.6554949999999999,-0.098284,FJI,GBR,871680
3582676,77,81,9618,2006,4575404.0,1326254.0,1.47591,0.489466,FRA,GBR,871680
3582677,83,81,9618,2006,0.0,41956.0,-0.9934860000000001,-0.809318,GHA,GBR,871680
3582678,84,81,9618,2006,0.0,27748.0,0.8370120000000001,-0.35099400000000003,GIB,GBR,871680
3582679,90,81,9618,2006,0.0,24533.0,0.261955,1.488958,GRC,GBR,871680
3582680,91,81,9618,2006,0.0,1674.0,0.19208599999999998,-0.40781,GRD,GBR,871680
3582681,92,81,9618,2006,0.0,6906.0,-1.0014,-0.935995,GRL,GBR,871680
3582682,96,81,9618,2006,0.0,6343.0,-0.813775,-0.8000649999999999,GUY,GBR,871680
3582683,97,81,9618,2006,170353.0,49028.0,0.5776319999999999,2.076782,HKG,GBR,871680
3582684,100,81,9618,2006,0.0,66036.0,0.755787,0.992614,HRV,GBR,871680
3582685,102,81,9618,2006,8697.0,6245.0,1.4034309999999999,0.835144,HUN,GBR,871680
3582686,103,81,9618,2006,0.0,80943.0,-0.21012399999999998,1.467838,IDN,GBR,871680
3582687,104,81,9618,2006,37825.0,72332.0,0.285652,2.731318,IND,GBR,871680
3582688,106,81,9618,2006,548858.0,8439343.0,1.43804,0.06463200000000001,IRL,GBR,871680
3582689,107,81,9618,2006,0.0,40927.0,-0.391023,-0.767861,IRN,GBR,871680
3582690,109,81,9618,2006,0.0,26857.0,0.170234,-0.302203,ISL,GBR,871680
3582691,110,81,9618,2006,0.0,619087.0,1.3082129999999998,0.783845,ISR,GBR,871680
3582692,111,81,9618,2006,1529325.0,118316.0,1.293779,0.93995,ITA,GBR,871680
3582693,112,81,9618,2006,0.0,25694.0,-0.5122720000000001,-0.9109809999999999,JAM,GBR,871680
3582694,113,81,9618,2006,0.0,53009.0,0.166718,0.331248,JOR,GBR,871680
3582695,114,81,9618,2006,140467.0,961402.0,2.4348099999999997,0.082887,JPN,GBR,871680
3582696,115,81,9618,2006,0.0,16680.0,0.038229,-0.579421,KAZ,GBR,871680
3582697,116,81,9618,2006,0.0,85018.0,-0.38287899999999997,1.060286,KEN,GBR,871680
3582698,121,81,9618,2006,233859.0,18711.0,1.5384309999999999,0.766628,KOR,GBR,871680
3582699,122,81,9618,2006,0.0,16345.0,-0.589823,-1.142795,KWT,GBR,871680
3582700,124,81,9618,2006,0.0,21178.0,0.3861,1.586183,LBN,GBR,871680
3582701,126,81,9618,2006,0.0,95756.0,-0.518724,-1.142074,LBY,GBR,871680
3582702,127,81,9618,2006,0.0,9191.0,1.118348,-0.17618,LCA,GBR,871680
3582703,128,81,9618,2006,0.0,20519.0,-0.573767,0.305913,LKA,GBR,871680
3582704,130,81,9618,2006,0.0,24631.0,0.44063599999999997,1.163857,LTU,GBR,871680
3582705,131,81,9618,2006,0.0,3433.0,1.4345620000000001,0.8840819999999999,LUX,GBR,871680
3582706,132,81,9618,2006,0.0,5121.0,0.531375,0.9414170000000001,LVA,GBR,871680
3582707,133,81,9618,2006,0.0,699.0,-0.07118200000000001,-0.228354,MAC,GBR,871680
3582708,134,81,9618,2006,40488.0,5649.0,-0.547933,0.08257300000000001,MAR,GBR,871680
3582709,135,81,9618,2006,0.0,3593.0,-0.017707,0.135305,MDA,GBR,871680
3582710,136,81,9618,2006,0.0,1010.0,-1.024657,-0.393395,MDG,GBR,871680
3582711,138,81,9618,2006,6303.0,39907.0,1.047268,0.7142270000000001,MEX,GBR,871680
3582712,142,81,9618,2006,5034.0,23945.0,1.384411,0.093734,MLT,GBR,871680
3582713,143,81,9618,2006,0.0,1332.0,-1.543679,-1.145623,MMR,GBR,871680
3582714,147,81,9618,2006,0.0,8652.0,-1.0250629999999998,-1.067359,MOZ,GBR,871680
3582715,148,81,9618,2006,0.0,19966.0,-1.72422,-1.2414399999999999,MRT,GBR,871680
3582716,152,81,9618,2006,35176.0,0.0,-1.145132,-1.0946209999999998,MWI,GBR,871680
3582717,153,81,9618,2006,56626.0,18495.0,0.7896569999999999,0.363625,MYS,GBR,871680
3582718,156,81,9618,2006,0.0,860.0,-0.135099,-0.7618779999999999,NCL,GBR,871680
3582719,159,81,9618,2006,12124.0,176008.0,-2.094353,-1.215025,NGA,GBR,871680
3582720,162,81,9618,2006,1697237.0,948986.0,1.192134,1.450852,NLD,GBR,871680
3582721,163,81,9618,2006,58651.0,31636.0,1.0787930000000001,0.014051,NOR,GBR,871680
3582722,166,81,9618,2006,116345.0,89421.0,0.5371,0.8240209999999999,NZL,GBR,871680
3582723,167,81,9618,2006,0.0,27446.0,-0.6373989999999999,-1.092554,OMN,GBR,871680
3582724,168,81,9618,2006,0.0,6836.0,-0.449333,0.563013,PAK,GBR,871680
3582725,169,81,9618,2006,0.0,18279.0,0.306664,0.638533,PAN,GBR,871680
3582726,174,81,9618,2006,0.0,11179.0,0.161994,0.036631,PHL,GBR,871680
3582727,177,81,9618,2006,686450.0,101364.0,0.991927,1.474418,POL,GBR,871680
3582728,179,81,9618,2006,39065.0,45865.0,0.5723630000000001,1.92303,PRT,GBR,871680
3582729,183,81,9618,2006,0.0,45626.0,0.055777999999999994,-1.0379049999999999,QAT,GBR,871680
3582730,185,81,9618,2006,0.0,10699.0,0.550825,1.170744,ROU,GBR,871680
3582731,186,81,9618,2006,0.0,155196.0,0.801197,0.104683,RUS,GBR,871680
3582732,188,81,9618,2006,0.0,345978.0,0.162432,-0.853059,SAU,GBR,871680
3582733,190,81,9618,2006,0.0,119981.0,-1.873762,-1.278378,SDN,GBR,871680
3582734,192,81,9618,2006,26501.0,121760.0,1.5377379999999998,0.503089,SGP,GBR,871680
3582735,206,81,9618,2006,254824.0,0.0,1.291583,0.868317,SVK,GBR,871680
3582736,207,81,9618,2006,831127.0,26089.0,1.5882370000000001,0.800719,SVN,GBR,871680
3582737,208,81,9618,2006,528279.0,64231.0,1.902737,0.593294,SWE,GBR,871680
3582738,211,81,9618,2006,0.0,1025.0,-0.344619,-0.796139,SYC,GBR,871680
3582739,215,81,9618,2006,46277.0,0.0,-0.8304020000000001,-0.678178,TGO,GBR,871680
3582740,216,81,9618,2006,252046.0,48326.0,0.568209,1.685343,THA,GBR,871680
3582741,218,81,9618,2006,0.0,2594.0,0.335918,0.299589,TKL,GBR,871680
3582742,222,81,9618,2006,0.0,7463.0,-0.20651399999999998,-1.024907,TTO,GBR,871680
3582743,223,81,9618,2006,0.0,9610.0,-0.013636,0.804752,TUN,GBR,871680
3582744,224,81,9618,2006,17359.0,134842.0,0.33971599999999996,2.193384,TUR,GBR,871680
3582745,226,81,9618,2006,0.0,36099.0,-0.953097,0.159129,TZA,GBR,871680
3582746,227,81,9618,2006,0.0,2563.0,-0.702511,-0.43976099999999996,UGA,GBR,871680
3582747,228,81,9618,2006,0.0,1720.0,0.7008439999999999,0.79656,UKR,GBR,871680
3582748,230,81,9618,2006,0.0,3222.0,0.234384,0.118878,URY,GBR,871680
3582749,231,81,9618,2006,2696740.0,1013435.0,1.666643,-0.121679,USA,GBR,871680
3582750,234,81,9618,2006,0.0,1684.0,-0.6097060000000001,-0.8844770000000001,VCT,GBR,871680
3582751,239,81,9618,2006,27190.0,1619.0,-0.342779,1.033318,VNM,GBR,871680
3582752,246,81,9618,2006,26748.0,690260.0,0.37964499999999995,1.466326,ZAF,GBR,871680
3582753,249,81,9618,2006,1329893.0,1440.0,1.619915,1.2289940000000001,TWN,GBR,871680
3582754,4,90,9618,2006,0.0,29798.0,-0.340932,-0.06302200000000001,ALB,GRC,871680
3582755,14,90,9618,2006,9155.0,0.0,0.067166,0.373148,AUS,GRC,871680
3582756,15,90,9618,2006,6252.0,0.0,1.775669,0.192717,AUT,GRC,871680
3582757,18,90,9618,2006,22643.0,0.0,1.2222540000000002,1.383027,BEL,GRC,871680
3582758,23,90,9618,2006,8590.0,153574.0,0.414563,1.378005,BGR,GRC,871680
3582759,28,90,9618,2006,973.0,0.0,0.919853,0.384409,BLR,GRC,871680
3582760,39,90,9618,2006,7734.0,0.0,0.865685,1.1480489999999999,CAN,GRC,871680
3582761,41,90,9618,2006,6093.0,0.0,2.052534,0.515523,CHE,GRC,871680
3582762,43,90,9618,2006,915794.0,0.0,0.737888,2.54966,CHN,GRC,871680
3582763,58,90,9618,2006,0.0,40906.0,0.708267,-0.048096,CYP,GRC,871680
3582764,61,90,9618,2006,2285376.0,49971.0,2.132566,-2.773669,DEU,GRC,871680
3582765,64,90,9618,2006,2536.0,0.0,1.2308700000000001,1.180914,DNK,GRC,871680
3582766,68,90,9618,2006,2772.0,0.0,-0.182272,0.40222399999999997,EGY,GRC,871680
3582767,71,90,9618,2006,3317.0,0.0,0.9091370000000001,2.068166,ESP,GRC,871680
3582768,72,90,9618,2006,990.0,0.0,0.6426350000000001,0.925003,EST,GRC,871680
3582769,77,90,9618,2006,395362.0,31897.0,1.47591,0.489466,FRA,GRC,871680
3582770,81,90,9618,2006,24533.0,0.0,1.824154,0.614424,GBR,GRC,871680
3582771,102,90,9618,2006,0.0,6226.0,1.4034309999999999,0.835144,HUN,GRC,871680
3582772,110,90,9618,2006,0.0,63224.0,1.3082129999999998,0.783845,ISR,GRC,871680
3582773,111,90,9618,2006,667599.0,6914.0,1.293779,0.93995,ITA,GRC,871680
3582774,122,90,9618,2006,0.0,5510.0,-0.589823,-1.142795,KWT,GRC,871680
3582775,140,90,9618,2006,0.0,3662.0,-0.21336,0.17674700000000002,MKD,GRC,871680
3582776,162,90,9618,2006,46565.0,11896.0,1.192134,1.450852,NLD,GRC,871680
3582777,163,90,9618,2006,2242.0,2358.0,1.0787930000000001,0.014051,NOR,GRC,871680
3582778,177,90,9618,2006,11674.0,0.0,0.991927,1.474418,POL,GRC,871680
3582779,185,90,9618,2006,0.0,246567.0,0.550825,1.170744,ROU,GRC,871680
3582780,188,90,9618,2006,0.0,868.0,0.162432,-0.853059,SAU,GRC,871680
3582781,201,90,9618,2006,0.0,301710.0,0.547824,1.5588879999999998,SRB,GRC,871680
3582782,207,90,9618,2006,45305.0,2088.0,1.5882370000000001,0.800719,SVN,GRC,871680
3582783,208,90,9618,2006,78573.0,6114.0,1.902737,0.593294,SWE,GRC,871680
3582784,224,90,9618,2006,371088.0,10371.0,0.33971599999999996,2.193384,TUR,GRC,871680
3582785,231,90,9618,2006,322183.0,0.0,1.666643,-0.121679,USA,GRC,871680
3582786,239,90,9618,2006,27378.0,0.0,-0.342779,1.033318,VNM,GRC,871680
3582787,246,90,9618,2006,0.0,16001.0,0.37964499999999995,1.466326,ZAF,GRC,871680
3582788,249,90,9618,2006,12225.0,0.0,1.619915,1.2289940000000001,TWN,GRC,871680
3582789,29,93,9618,2006,0.0,4661.0,-0.584902,-0.82437,BLZ,GTM,871680
3582790,32,93,9618,2006,1056.0,0.0,0.633889,1.1474520000000001,BRA,GTM,871680
3582791,39,93,9618,2006,4678.0,0.0,0.865685,1.1480489999999999,CAN,GTM,871680
3582792,42,93,9618,2006,1759.0,0.0,-0.188298,-0.46778000000000003,CHL,GTM,871680
3582793,43,93,9618,2006,172576.0,0.0,0.737888,2.54966,CHN,GTM,871680
3582794,52,93,9618,2006,0.0,2073.0,0.042663,-0.376672,CRI,GTM,871680
3582795,64,93,9618,2006,6006.0,0.0,1.2308700000000001,1.180914,DNK,GTM,871680
3582796,71,93,9618,2006,2505.0,0.0,0.9091370000000001,2.068166,ESP,GTM,871680
3582797,99,93,9618,2006,0.0,318858.0,-0.672074,-0.472138,HND,GTM,871680
3582798,104,93,9618,2006,7662.0,0.0,0.285652,2.731318,IND,GTM,871680
3582799,111,93,9618,2006,3325.0,0.0,1.293779,0.93995,ITA,GTM,871680
3582800,121,93,9618,2006,3200.0,0.0,1.5384309999999999,0.766628,KOR,GTM,871680
3582801,138,93,9618,2006,194713.0,0.0,1.047268,0.7142270000000001,MEX,GTM,871680
3582802,160,93,9618,2006,0.0,198196.0,-0.998825,-0.893867,NIC,GTM,871680
3582803,162,93,9618,2006,2961.0,0.0,1.192134,1.450852,NLD,GTM,871680
3582804,169,93,9618,2006,2008.0,0.0,0.306664,0.638533,PAN,GTM,871680
3582805,197,93,9618,2006,85366.0,143688.0,-0.135312,0.140874,SLV,GTM,871680
3582806,231,93,9618,2006,99190.0,0.0,1.666643,-0.121679,USA,GTM,871680
3582807,249,93,9618,2006,29424.0,0.0,1.619915,1.2289940000000001,TWN,GTM,871680
3582808,32,96,9618,2006,2440.0,0.0,0.633889,1.1474520000000001,BRA,GUY,871680
3582809,43,96,9618,2006,100698.0,0.0,0.737888,2.54966,CHN,GUY,871680
3582810,81,96,9618,2006,6343.0,0.0,1.824154,0.614424,GBR,GUY,871680
3582811,97,96,9618,2006,12223.0,0.0,0.5776319999999999,2.076782,HKG,GUY,871680
3582812,169,96,9618,2006,2292.0,0.0,0.306664,0.638533,PAN,GUY,871680
3582813,205,96,9618,2006,5415.0,1529.0,-0.754046,-0.872361,SUR,GUY,871680
3582814,222,96,9618,2006,2100.0,0.0,-0.20651399999999998,-1.024907,TTO,GUY,871680
3582815,231,96,9618,2006,124980.0,0.0,1.666643,-0.121679,USA,GUY,871680
3582816,7,97,9618,2006,0.0,1691.0,0.053903999999999994,-0.735124,ARE,HKG,871680
3582817,8,97,9618,2006,0.0,9778.0,0.33055,0.665867,ARG,HKG,871680
3582818,14,97,9618,2006,236646.0,1205792.0,0.067166,0.373148,AUS,HKG,871680
3582819,15,97,9618,2006,0.0,87749.0,1.775669,0.192717,AUT,HKG,871680
3582820,18,97,9618,2006,79269.0,6387.0,1.2222540000000002,1.383027,BEL,HKG,871680
3582821,24,97,9618,2006,6299.0,0.0,0.172724,-0.9449879999999999,BHR,HKG,871680
3582822,32,97,9618,2006,0.0,7780.0,0.633889,1.1474520000000001,BRA,HKG,871680
3582823,33,97,9618,2006,0.0,1174.0,0.977267,0.6046560000000001,BRB,HKG,871680
3582824,34,97,9618,2006,0.0,865.0,-1.331831,-0.9170940000000001,BRN,HKG,871680
3582825,39,97,9618,2006,2463.0,101572.0,0.865685,1.1480489999999999,CAN,HKG,871680
3582826,41,97,9618,2006,17042.0,12394.0,2.052534,0.515523,CHE,HKG,871680
3582827,42,97,9618,2006,0.0,10952.0,-0.188298,-0.46778000000000003,CHL,HKG,871680
3582828,43,97,9618,2006,7852035.0,23959.0,0.737888,2.54966,CHN,HKG,871680
3582829,59,97,9618,2006,0.0,1665.0,1.564058,0.6023649999999999,CZE,HKG,871680
3582830,61,97,9618,2006,196956.0,14525.0,2.132566,-2.773669,DEU,HKG,871680
3582831,64,97,9618,2006,9687.0,91217.0,1.2308700000000001,1.180914,DNK,HKG,871680
3582832,65,97,9618,2006,0.0,1783.0,-0.24073699999999998,0.049093,DOM,HKG,871680
3582833,71,97,9618,2006,0.0,115767.0,0.9091370000000001,2.068166,ESP,HKG,871680
3582834,73,97,9618,2006,0.0,5709.0,-0.9557180000000001,-0.9153479999999999,ETH,HKG,871680
3582835,74,97,9618,2006,0.0,5944.0,1.864038,0.8193940000000001,FIN,HKG,871680
3582836,75,97,9618,2006,0.0,3396.0,-0.6554949999999999,-0.098284,FJI,HKG,871680
3582837,77,97,9618,2006,58848.0,84219.0,1.47591,0.489466,FRA,HKG,871680
3582838,81,97,9618,2006,49028.0,170353.0,1.824154,0.614424,GBR,HKG,871680
3582839,96,97,9618,2006,0.0,12223.0,-0.813775,-0.8000649999999999,GUY,HKG,871680
3582840,99,97,9618,2006,0.0,9923.0,-0.672074,-0.472138,HND,HKG,871680
3582841,101,97,9618,2006,0.0,2432.0,-1.037941,-0.9475790000000001,HTI,HKG,871680
3582842,102,97,9618,2006,0.0,10436.0,1.4034309999999999,0.835144,HUN,HKG,871680
3582843,103,97,9618,2006,0.0,2687.0,-0.21012399999999998,1.467838,IDN,HKG,871680
3582844,106,97,9618,2006,0.0,24801.0,1.43804,0.06463200000000001,IRL,HKG,871680
3582845,110,97,9618,2006,0.0,396068.0,1.3082129999999998,0.783845,ISR,HKG,871680
3582846,111,97,9618,2006,29527.0,6785.0,1.293779,0.93995,ITA,HKG,871680
3582847,114,97,9618,2006,577531.0,101709.0,2.4348099999999997,0.082887,JPN,HKG,871680
3582848,118,97,9618,2006,0.0,17505.0,-1.323365,-1.185827,KHM,HKG,871680
3582849,121,97,9618,2006,22390.0,38644.0,1.5384309999999999,0.766628,KOR,HKG,871680
3582850,122,97,9618,2006,0.0,7888.0,-0.589823,-1.142795,KWT,HKG,871680
3582851,124,97,9618,2006,0.0,5453.0,0.3861,1.586183,LBN,HKG,871680
3582852,128,97,9618,2006,0.0,19647.0,-0.573767,0.305913,LKA,HKG,871680
3582853,133,97,9618,2006,49299.0,165941.0,-0.07118200000000001,-0.228354,MAC,HKG,871680
3582854,134,97,9618,2006,7313.0,0.0,-0.547933,0.08257300000000001,MAR,HKG,871680
3582855,137,97,9618,2006,0.0,768.0,-0.240191,-0.8320290000000001,MDV,HKG,871680
3582856,138,97,9618,2006,0.0,27131.0,1.047268,0.7142270000000001,MEX,HKG,871680
3582857,141,97,9618,2006,0.0,1835.0,-0.503462,-0.778836,MLI,HKG,871680
3582858,146,97,9618,2006,0.0,5422.0,-0.016344,-0.356507,MNP,HKG,871680
3582859,147,97,9618,2006,0.0,7589.0,-1.0250629999999998,-1.067359,MOZ,HKG,871680
3582860,153,97,9618,2006,65853.0,29097.0,0.7896569999999999,0.363625,MYS,HKG,871680
3582861,159,97,9618,2006,0.0,4079.0,-2.094353,-1.215025,NGA,HKG,871680
3582862,162,97,9618,2006,9527.0,150974.0,1.192134,1.450852,NLD,HKG,871680
3582863,163,97,9618,2006,0.0,19723.0,1.0787930000000001,0.014051,NOR,HKG,871680
3582864,166,97,9618,2006,26893.0,20095.0,0.5371,0.8240209999999999,NZL,HKG,871680
3582865,169,97,9618,2006,0.0,9400.0,0.306664,0.638533,PAN,HKG,871680
3582866,174,97,9618,2006,0.0,13906.0,0.161994,0.036631,PHL,HKG,871680
3582867,176,97,9618,2006,0.0,6269.0,-1.89409,-1.234731,PNG,HKG,871680
3582868,177,97,9618,2006,0.0,4327.0,0.991927,1.474418,POL,HKG,871680
3582869,182,97,9618,2006,0.0,27462.0,-0.213329,-0.743599,PYF,HKG,871680
3582870,183,97,9618,2006,0.0,4883.0,0.055777999999999994,-1.0379049999999999,QAT,HKG,871680
3582871,192,97,9618,2006,42592.0,9914.0,1.5377379999999998,0.503089,SGP,HKG,871680
3582872,197,97,9618,2006,0.0,8779.0,-0.135312,0.140874,SLV,HKG,871680
3582873,208,97,9618,2006,38922.0,525420.0,1.902737,0.593294,SWE,HKG,871680
3582874,216,97,9618,2006,35736.0,165936.0,0.568209,1.685343,THA,HKG,871680
3582875,224,97,9618,2006,0.0,6237.0,0.33971599999999996,2.193384,TUR,HKG,871680
3582876,230,97,9618,2006,0.0,3892.0,0.234384,0.118878,URY,HKG,871680
3582877,231,97,9618,2006,97944.0,360103.0,1.666643,-0.121679,USA,HKG,871680
3582878,236,97,9618,2006,0.0,12865.0,-0.340972,-1.015462,VEN,HKG,871680
3582879,242,97,9618,2006,0.0,163.0,0.299266,-0.477783,WSM,HKG,871680
3582880,246,97,9618,2006,0.0,81548.0,0.37964499999999995,1.466326,ZAF,HKG,871680
3582881,247,97,9618,2006,0.0,14117.0,-0.5307,-0.793621,ZMB,HKG,871680
3582882,249,97,9618,2006,60006.0,19812.0,1.619915,1.2289940000000001,TWN,HKG,871680
3582883,8,99,9618,2006,4035.0,0.0,0.33055,0.665867,ARG,HND,871680
3582884,32,99,9618,2006,1585.0,0.0,0.633889,1.1474520000000001,BRA,HND,871680
3582885,41,99,9618,2006,13147.0,0.0,2.052534,0.515523,CHE,HND,871680
3582886,42,99,9618,2006,939.0,0.0,-0.188298,-0.46778000000000003,CHL,HND,871680
3582887,43,99,9618,2006,147407.0,0.0,0.737888,2.54966,CHN,HND,871680
3582888,61,99,9618,2006,866.0,0.0,2.132566,-2.773669,DEU,HND,871680
3582889,71,99,9618,2006,1093.0,0.0,0.9091370000000001,2.068166,ESP,HND,871680
3582890,93,99,9618,2006,318858.0,0.0,-0.28642199999999995,0.5868439999999999,GTM,HND,871680
3582891,97,99,9618,2006,9923.0,0.0,0.5776319999999999,2.076782,HKG,HND,871680
3582892,118,99,9618,2006,0.0,1033.0,-1.323365,-1.185827,KHM,HND,871680
3582893,138,99,9618,2006,773401.0,0.0,1.047268,0.7142270000000001,MEX,HND,871680
3582894,160,99,9618,2006,19106.0,5745.0,-0.998825,-0.893867,NIC,HND,871680
3582895,169,99,9618,2006,8512.0,0.0,0.306664,0.638533,PAN,HND,871680
3582896,197,99,9618,2006,89161.0,0.0,-0.135312,0.140874,SLV,HND,871680
3582897,231,99,9618,2006,464671.0,0.0,1.666643,-0.121679,USA,HND,871680
3582898,249,99,9618,2006,15751.0,0.0,1.619915,1.2289940000000001,TWN,HND,871680
3582899,7,103,9618,2006,0.0,732364.0,0.053903999999999994,-0.735124,ARE,IDN,871680
3582900,14,103,9618,2006,42684.0,15682.0,0.067166,0.373148,AUS,IDN,871680
3582901,15,103,9618,2006,0.0,2695.0,1.775669,0.192717,AUT,IDN,871680
3582902,39,103,9618,2006,0.0,2252.0,0.865685,1.1480489999999999,CAN,IDN,871680
3582903,41,103,9618,2006,0.0,14138.0,2.052534,0.515523,CHE,IDN,871680
3582904,43,103,9618,2006,1270631.0,3153.0,0.737888,2.54966,CHN,IDN,871680
3582905,61,103,9618,2006,12915.0,36083.0,2.132566,-2.773669,DEU,IDN,871680
3582906,75,103,9618,2006,0.0,33336.0,-0.6554949999999999,-0.098284,FJI,IDN,871680
3582907,77,103,9618,2006,15541.0,5484.0,1.47591,0.489466,FRA,IDN,871680
3582908,81,103,9618,2006,80943.0,0.0,1.824154,0.614424,GBR,IDN,871680
3582909,97,103,9618,2006,2687.0,0.0,0.5776319999999999,2.076782,HKG,IDN,871680
3582910,111,103,9618,2006,43864.0,0.0,1.293779,0.93995,ITA,IDN,871680
3582911,114,103,9618,2006,350595.0,44044.0,2.4348099999999997,0.082887,JPN,IDN,871680
3582912,118,103,9618,2006,0.0,1000.0,-1.323365,-1.185827,KHM,IDN,871680
3582913,121,103,9618,2006,35704.0,7279.0,1.5384309999999999,0.766628,KOR,IDN,871680
3582914,138,103,9618,2006,0.0,1239.0,1.047268,0.7142270000000001,MEX,IDN,871680
3582915,153,103,9618,2006,91418.0,364599.0,0.7896569999999999,0.363625,MYS,IDN,871680
3582916,162,103,9618,2006,1432.0,0.0,1.192134,1.450852,NLD,IDN,871680
3582917,166,103,9618,2006,0.0,8042.0,0.5371,0.8240209999999999,NZL,IDN,871680
3582918,167,103,9618,2006,0.0,39995.0,-0.6373989999999999,-1.092554,OMN,IDN,871680
3582919,168,103,9618,2006,2360.0,0.0,-0.449333,0.563013,PAK,IDN,871680
3582920,174,103,9618,2006,0.0,14689.0,0.161994,0.036631,PHL,IDN,871680
3582921,183,103,9618,2006,0.0,10052.0,0.055777999999999994,-1.0379049999999999,QAT,IDN,871680
3582922,186,103,9618,2006,0.0,11721.0,0.801197,0.104683,RUS,IDN,871680
3582923,192,103,9618,2006,337234.0,82683.0,1.5377379999999998,0.503089,SGP,IDN,871680
3582924,207,103,9618,2006,5381.0,0.0,1.5882370000000001,0.800719,SVN,IDN,871680
3582925,208,103,9618,2006,6251.0,0.0,1.902737,0.593294,SWE,IDN,871680
3582926,216,103,9618,2006,5132.0,12811.0,0.568209,1.685343,THA,IDN,871680
3582927,231,103,9618,2006,99756.0,0.0,1.666643,-0.121679,USA,IDN,871680
3582928,246,103,9618,2006,0.0,859.0,0.37964499999999995,1.466326,ZAF,IDN,871680
3582929,249,103,9618,2006,25732.0,6412.0,1.619915,1.2289940000000001,TWN,IDN,871680
3582930,2,104,9618,2006,0.0,23490.0,-2.0822979999999998,-1.176767,AGO,IND,871680
3582931,7,104,9618,2006,0.0,53440.0,0.053903999999999994,-0.735124,ARE,IND,871680
3582932,14,104,9618,2006,1130.0,4045.0,0.067166,0.373148,AUS,IND,871680
3582933,18,104,9618,2006,1361.0,12136.0,1.2222540000000002,1.383027,BEL,IND,871680
3582934,22,104,9618,2006,0.0,27958.0,-1.0305309999999999,-0.80937,BGD,IND,871680
3582935,24,104,9618,2006,17651.0,2847.0,0.172724,-0.9449879999999999,BHR,IND,871680
3582936,28,104,9618,2006,0.0,861.0,0.919853,0.384409,BLR,IND,871680
3582937,32,104,9618,2006,13581.0,0.0,0.633889,1.1474520000000001,BRA,IND,871680
3582938,39,104,9618,2006,57427.0,117715.0,0.865685,1.1480489999999999,CAN,IND,871680
3582939,41,104,9618,2006,18880.0,161527.0,2.052534,0.515523,CHE,IND,871680
3582940,42,104,9618,2006,0.0,3500.0,-0.188298,-0.46778000000000003,CHL,IND,871680
3582941,43,104,9618,2006,577276.0,0.0,0.737888,2.54966,CHN,IND,871680
3582942,45,104,9618,2006,0.0,25649.0,-1.358873,-1.1511360000000002,CMR,IND,871680
3582943,61,104,9618,2006,2317160.0,1307.0,2.132566,-2.773669,DEU,IND,871680
3582944,68,104,9618,2006,0.0,15260.0,-0.182272,0.40222399999999997,EGY,IND,871680
3582945,71,104,9618,2006,0.0,2982.0,0.9091370000000001,2.068166,ESP,IND,871680
3582946,73,104,9618,2006,0.0,3512.0,-0.9557180000000001,-0.9153479999999999,ETH,IND,871680
3582947,74,104,9618,2006,1304.0,906.0,1.864038,0.8193940000000001,FIN,IND,871680
3582948,77,104,9618,2006,464402.0,5962.0,1.47591,0.489466,FRA,IND,871680
3582949,81,104,9618,2006,72332.0,37825.0,1.824154,0.614424,GBR,IND,871680
3582950,83,104,9618,2006,0.0,2459.0,-0.9934860000000001,-0.809318,GHA,IND,871680
3582951,93,104,9618,2006,0.0,7662.0,-0.28642199999999995,0.5868439999999999,GTM,IND,871680
3582952,107,104,9618,2006,0.0,9207.0,-0.391023,-0.767861,IRN,IND,871680
3582953,111,104,9618,2006,77250.0,59909.0,1.293779,0.93995,ITA,IND,871680
3582954,114,104,9618,2006,179489.0,0.0,2.4348099999999997,0.082887,JPN,IND,871680
3582955,115,104,9618,2006,0.0,18965.0,0.038229,-0.579421,KAZ,IND,871680
3582956,116,104,9618,2006,0.0,12673.0,-0.38287899999999997,1.060286,KEN,IND,871680
3582957,121,104,9618,2006,5641.0,3783.0,1.5384309999999999,0.766628,KOR,IND,871680
3582958,122,104,9618,2006,0.0,49644.0,-0.589823,-1.142795,KWT,IND,871680
3582959,128,104,9618,2006,36468.0,9358.0,-0.573767,0.305913,LKA,IND,871680
3582960,137,104,9618,2006,0.0,6826.0,-0.240191,-0.8320290000000001,MDV,IND,871680
3582961,141,104,9618,2006,0.0,1973.0,-0.503462,-0.778836,MLI,IND,871680
3582962,153,104,9618,2006,18414.0,6671.0,0.7896569999999999,0.363625,MYS,IND,871680
3582963,162,104,9618,2006,5841.0,18004.0,1.192134,1.450852,NLD,IND,871680
3582964,164,104,9618,2006,0.0,29771.0,-0.29672600000000005,0.665077,NPL,IND,871680
3582965,167,104,9618,2006,0.0,3750.0,-0.6373989999999999,-1.092554,OMN,IND,871680
3582966,173,104,9618,2006,0.0,3017.0,-0.551095,0.044295,PER,IND,871680
3582967,179,104,9618,2006,1236.0,0.0,0.5723630000000001,1.92303,PRT,IND,871680
3582968,183,104,9618,2006,0.0,19096.0,0.055777999999999994,-1.0379049999999999,QAT,IND,871680
3582969,186,104,9618,2006,236715.0,1693.0,0.801197,0.104683,RUS,IND,871680
3582970,188,104,9618,2006,2106.0,25256.0,0.162432,-0.853059,SAU,IND,871680
3582971,190,104,9618,2006,0.0,1573.0,-1.873762,-1.278378,SDN,IND,871680
3582972,192,104,9618,2006,23775.0,3344.0,1.5377379999999998,0.503089,SGP,IND,871680
3582973,208,104,9618,2006,48586.0,0.0,1.902737,0.593294,SWE,IND,871680
3582974,216,104,9618,2006,2173.0,8688.0,0.568209,1.685343,THA,IND,871680
3582975,222,104,9618,2006,0.0,1848.0,-0.20651399999999998,-1.024907,TTO,IND,871680
3582976,224,104,9618,2006,4734.0,1066.0,0.33971599999999996,2.193384,TUR,IND,871680
3582977,226,104,9618,2006,0.0,2564.0,-0.953097,0.159129,TZA,IND,871680
3582978,231,104,9618,2006,25861.0,279523.0,1.666643,-0.121679,USA,IND,871680
3582979,246,104,9618,2006,0.0,1472.0,0.37964499999999995,1.466326,ZAF,IND,871680
3582980,247,104,9618,2006,0.0,23810.0,-0.5307,-0.793621,ZMB,IND,871680
3582981,249,104,9618,2006,17986.0,0.0,1.619915,1.2289940000000001,TWN,IND,871680
3582982,14,106,9618,2006,23231.0,0.0,0.067166,0.373148,AUS,IRL,871680
3582983,15,106,9618,2006,3207.0,0.0,1.775669,0.192717,AUT,IRL,871680
3582984,18,106,9618,2006,246826.0,320155.0,1.2222540000000002,1.383027,BEL,IRL,871680
3582985,39,106,9618,2006,93219.0,1239.0,0.865685,1.1480489999999999,CAN,IRL,871680
3582986,41,106,9618,2006,1585.0,2508.0,2.052534,0.515523,CHE,IRL,871680
3582987,42,106,9618,2006,0.0,57242.0,-0.188298,-0.46778000000000003,CHL,IRL,871680
3582988,43,106,9618,2006,777136.0,0.0,0.737888,2.54966,CHN,IRL,871680
3582989,61,106,9618,2006,1485590.0,23286.0,2.132566,-2.773669,DEU,IRL,871680
3582990,64,106,9618,2006,8537.0,2014.0,1.2308700000000001,1.180914,DNK,IRL,871680
3582991,71,106,9618,2006,101345.0,0.0,0.9091370000000001,2.068166,ESP,IRL,871680
3582992,72,106,9618,2006,17481.0,0.0,0.6426350000000001,0.925003,EST,IRL,871680
3582993,74,106,9618,2006,2152564.0,0.0,1.864038,0.8193940000000001,FIN,IRL,871680
3582994,77,106,9618,2006,483993.0,9625.0,1.47591,0.489466,FRA,IRL,871680
3582995,81,106,9618,2006,8439343.0,548858.0,1.824154,0.614424,GBR,IRL,871680
3582996,97,106,9618,2006,24801.0,0.0,0.5776319999999999,2.076782,HKG,IRL,871680
3582997,100,106,9618,2006,100279.0,0.0,0.755787,0.992614,HRV,IRL,871680
3582998,102,106,9618,2006,0.0,9042.0,1.4034309999999999,0.835144,HUN,IRL,871680
3582999,109,106,9618,2006,5874.0,6805.0,0.170234,-0.302203,ISL,IRL,871680
3583000,110,106,9618,2006,7408.0,0.0,1.3082129999999998,0.783845,ISR,IRL,871680
3583001,111,106,9618,2006,220073.0,0.0,1.293779,0.93995,ITA,IRL,871680
3583002,114,106,9618,2006,48657.0,4659.0,2.4348099999999997,0.082887,JPN,IRL,871680
3583003,121,106,9618,2006,0.0,17713.0,1.5384309999999999,0.766628,KOR,IRL,871680
3583004,138,106,9618,2006,0.0,11803.0,1.047268,0.7142270000000001,MEX,IRL,871680
3583005,142,106,9618,2006,1369.0,0.0,1.384411,0.093734,MLT,IRL,871680
3583006,153,106,9618,2006,0.0,36574.0,0.7896569999999999,0.363625,MYS,IRL,871680
3583007,162,106,9618,2006,477745.0,3975.0,1.192134,1.450852,NLD,IRL,871680
3583008,163,106,9618,2006,91607.0,11450.0,1.0787930000000001,0.014051,NOR,IRL,871680
3583009,166,106,9618,2006,24247.0,0.0,0.5371,0.8240209999999999,NZL,IRL,871680
3583010,177,106,9618,2006,71850.0,0.0,0.991927,1.474418,POL,IRL,871680
3583011,179,106,9618,2006,1345.0,0.0,0.5723630000000001,1.92303,PRT,IRL,871680
3583012,186,106,9618,2006,0.0,18004.0,0.801197,0.104683,RUS,IRL,871680
3583013,192,106,9618,2006,9892.0,135469.0,1.5377379999999998,0.503089,SGP,IRL,871680
3583014,207,106,9618,2006,0.0,4637.0,1.5882370000000001,0.800719,SVN,IRL,871680
3583015,208,106,9618,2006,162037.0,0.0,1.902737,0.593294,SWE,IRL,871680
3583016,216,106,9618,2006,0.0,5897.0,0.568209,1.685343,THA,IRL,871680
3583017,224,106,9618,2006,40235.0,29966.0,0.33971599999999996,2.193384,TUR,IRL,871680
3583018,231,106,9618,2006,245580.0,49506.0,1.666643,-0.121679,USA,IRL,871680
3583019,246,106,9618,2006,0.0,20234.0,0.37964499999999995,1.466326,ZAF,IRL,871680
3583020,249,106,9618,2006,61297.0,0.0,1.619915,1.2289940000000001,TWN,IRL,871680
3583021,250,106,9618,2006,89189.0,0.0,0.711619,-0.41880200000000006,ANS,IRL,871680
3583022,8,110,9618,2006,0.0,2276.0,0.33055,0.665867,ARG,ISR,871680
3583023,14,110,9618,2006,0.0,540833.0,0.067166,0.373148,AUS,ISR,871680
3583024,18,110,9618,2006,12021.0,16293.0,1.2222540000000002,1.383027,BEL,ISR,871680
3583025,32,110,9618,2006,922.0,0.0,0.633889,1.1474520000000001,BRA,ISR,871680
3583026,39,110,9618,2006,13160.0,200271.0,0.865685,1.1480489999999999,CAN,ISR,871680
3583027,41,110,9618,2006,9205.0,0.0,2.052534,0.515523,CHE,ISR,871680
3583028,42,110,9618,2006,0.0,347670.0,-0.188298,-0.46778000000000003,CHL,ISR,871680
3583029,43,110,9618,2006,1699205.0,186095.0,0.737888,2.54966,CHN,ISR,871680
3583030,49,110,9618,2006,0.0,826.0,0.129887,0.44371700000000003,COL,ISR,871680
3583031,61,110,9618,2006,689102.0,335477.0,2.132566,-2.773669,DEU,ISR,871680
3583032,71,110,9618,2006,22789.0,3561.0,0.9091370000000001,2.068166,ESP,ISR,871680
3583033,73,110,9618,2006,0.0,20689.0,-0.9557180000000001,-0.9153479999999999,ETH,ISR,871680
3583034,74,110,9618,2006,216329.0,9483.0,1.864038,0.8193940000000001,FIN,ISR,871680
3583035,77,110,9618,2006,874286.0,8369.0,1.47591,0.489466,FRA,ISR,871680
3583036,81,110,9618,2006,619087.0,0.0,1.824154,0.614424,GBR,ISR,871680
3583037,90,110,9618,2006,63224.0,0.0,0.261955,1.488958,GRC,ISR,871680
3583038,97,110,9618,2006,396068.0,0.0,0.5776319999999999,2.076782,HKG,ISR,871680
3583039,106,110,9618,2006,0.0,7408.0,1.43804,0.06463200000000001,IRL,ISR,871680
3583040,111,110,9618,2006,57214.0,597058.0,1.293779,0.93995,ITA,ISR,871680
3583041,112,110,9618,2006,0.0,1493.0,-0.5122720000000001,-0.9109809999999999,JAM,ISR,871680
3583042,113,110,9618,2006,0.0,17547.0,0.166718,0.331248,JOR,ISR,871680
3583043,114,110,9618,2006,69724.0,63534.0,2.4348099999999997,0.082887,JPN,ISR,871680
3583044,116,110,9618,2006,0.0,45426.0,-0.38287899999999997,1.060286,KEN,ISR,871680
3583045,121,110,9618,2006,20008.0,13955.0,1.5384309999999999,0.766628,KOR,ISR,871680
3583046,131,110,9618,2006,12004.0,0.0,1.4345620000000001,0.8840819999999999,LUX,ISR,871680
3583047,138,110,9618,2006,599.0,0.0,1.047268,0.7142270000000001,MEX,ISR,871680
3583048,142,110,9618,2006,1520.0,0.0,1.384411,0.093734,MLT,ISR,871680
3583049,153,110,9618,2006,11715.0,0.0,0.7896569999999999,0.363625,MYS,ISR,871680
3583050,159,110,9618,2006,0.0,87036.0,-2.094353,-1.215025,NGA,ISR,871680
3583051,162,110,9618,2006,27310.0,0.0,1.192134,1.450852,NLD,ISR,871680
3583052,163,110,9618,2006,17651.0,0.0,1.0787930000000001,0.014051,NOR,ISR,871680
3583053,166,110,9618,2006,0.0,29374.0,0.5371,0.8240209999999999,NZL,ISR,871680
3583054,177,110,9618,2006,2754.0,0.0,0.991927,1.474418,POL,ISR,871680
3583055,179,110,9618,2006,0.0,4342.0,0.5723630000000001,1.92303,PRT,ISR,871680
3583056,186,110,9618,2006,23283.0,21137.0,0.801197,0.104683,RUS,ISR,871680
3583057,201,110,9618,2006,0.0,2541.0,0.547824,1.5588879999999998,SRB,ISR,871680
3583058,207,110,9618,2006,32174.0,0.0,1.5882370000000001,0.800719,SVN,ISR,871680
3583059,208,110,9618,2006,13669.0,0.0,1.902737,0.593294,SWE,ISR,871680
3583060,216,110,9618,2006,0.0,10248.0,0.568209,1.685343,THA,ISR,871680
3583061,224,110,9618,2006,68767.0,0.0,0.33971599999999996,2.193384,TUR,ISR,871680
3583062,228,110,9618,2006,4885.0,1554.0,0.7008439999999999,0.79656,UKR,ISR,871680
3583063,231,110,9618,2006,806744.0,297959.0,1.666643,-0.121679,USA,ISR,871680
3583064,246,110,9618,2006,0.0,2174.0,0.37964499999999995,1.466326,ZAF,ISR,871680
3583065,249,110,9618,2006,40404.0,120424.0,1.619915,1.2289940000000001,TWN,ISR,871680
3583066,2,111,9618,2006,0.0,21680.0,-2.0822979999999998,-1.176767,AGO,ITA,871680
3583067,4,111,9618,2006,0.0,27398.0,-0.340932,-0.06302200000000001,ALB,ITA,871680
3583068,7,111,9618,2006,0.0,398811.0,0.053903999999999994,-0.735124,ARE,ITA,871680
3583069,8,111,9618,2006,0.0,29254.0,0.33055,0.665867,ARG,ITA,871680
3583070,9,111,9618,2006,0.0,3461.0,0.14539100000000002,-0.558014,ARM,ITA,871680
3583071,13,111,9618,2006,0.0,2147.0,-0.139051,-0.780321,ATG,ITA,871680
3583072,14,111,9618,2006,0.0,139404.0,0.067166,0.373148,AUS,ITA,871680
3583073,15,111,9618,2006,1002793.0,1398616.0,1.775669,0.192717,AUT,ITA,871680
3583074,18,111,9618,2006,525802.0,1256596.0,1.2222540000000002,1.383027,BEL,ITA,871680
3583075,23,111,9618,2006,9796.0,112595.0,0.414563,1.378005,BGR,ITA,871680
3583076,24,111,9618,2006,0.0,24689.0,0.172724,-0.9449879999999999,BHR,ITA,871680
3583077,26,111,9618,2006,2203.0,64797.0,0.40788800000000003,0.562854,BIH,ITA,871680
3583078,28,111,9618,2006,3089.0,44930.0,0.919853,0.384409,BLR,ITA,871680
3583079,31,111,9618,2006,0.0,1250.0,-0.805185,-0.754091,BOL,ITA,871680
3583080,34,111,9618,2006,0.0,949.0,-1.331831,-0.9170940000000001,BRN,ITA,871680
3583081,39,111,9618,2006,4384.0,42058.0,0.865685,1.1480489999999999,CAN,ITA,871680
3583082,41,111,9618,2006,38523.0,591198.0,2.052534,0.515523,CHE,ITA,871680
3583083,42,111,9618,2006,0.0,52295.0,-0.188298,-0.46778000000000003,CHL,ITA,871680
3583084,43,111,9618,2006,4033576.0,7332.0,0.737888,2.54966,CHN,ITA,871680
3583085,44,111,9618,2006,0.0,15450.0,-0.8918530000000001,-0.8145819999999999,CIV,ITA,871680
3583086,45,111,9618,2006,0.0,16110.0,-1.358873,-1.1511360000000002,CMR,ITA,871680
3583087,46,111,9618,2006,0.0,49438.0,-1.542137,-1.086494,COD,ITA,871680
3583088,47,111,9618,2006,0.0,70932.0,-1.9903240000000002,-1.189925,COG,ITA,871680
3583089,51,111,9618,2006,0.0,21298.0,0.369814,-0.414812,CPV,ITA,871680
3583090,52,111,9618,2006,0.0,73337.0,0.042663,-0.376672,CRI,ITA,871680
3583091,54,111,9618,2006,0.0,198733.0,0.204039,-0.5183260000000001,CUB,ITA,871680
3583092,58,111,9618,2006,0.0,157634.0,0.708267,-0.048096,CYP,ITA,871680
3583093,59,111,9618,2006,71189.0,284410.0,1.564058,0.6023649999999999,CZE,ITA,871680
3583094,61,111,9618,2006,17721062.0,4406296.0,2.132566,-2.773669,DEU,ITA,871680
3583095,64,111,9618,2006,137314.0,158182.0,1.2308700000000001,1.180914,DNK,ITA,871680
3583096,65,111,9618,2006,0.0,2418.0,-0.24073699999999998,0.049093,DOM,ITA,871680
3583097,66,111,9618,2006,0.0,143607.0,-0.489962,-1.12456,DZA,ITA,871680
3583098,67,111,9618,2006,0.0,8737.0,-0.878583,-0.9462010000000001,ECU,ITA,871680
3583099,68,111,9618,2006,17956.0,24733.0,-0.182272,0.40222399999999997,EGY,ITA,871680
3583100,69,111,9618,2006,0.0,8987.0,0.216725,-0.337624,ERI,ITA,871680
3583101,71,111,9618,2006,94483.0,2682941.0,0.9091370000000001,2.068166,ESP,ITA,871680
3583102,72,111,9618,2006,17139.0,155746.0,0.6426350000000001,0.925003,EST,ITA,871680
3583103,73,111,9618,2006,0.0,19085.0,-0.9557180000000001,-0.9153479999999999,ETH,ITA,871680
3583104,74,111,9618,2006,385492.0,164755.0,1.864038,0.8193940000000001,FIN,ITA,871680
3583105,77,111,9618,2006,7758738.0,7084231.0,1.47591,0.489466,FRA,ITA,871680
3583106,80,111,9618,2006,0.0,2663.0,-1.6696819999999999,-1.173322,GAB,ITA,871680
3583107,81,111,9618,2006,118316.0,1529325.0,1.824154,0.614424,GBR,ITA,871680
3583108,82,111,9618,2006,0.0,24176.0,0.076711,-0.47216099999999994,GEO,ITA,871680
3583109,83,111,9618,2006,376198.0,30795.0,-0.9934860000000001,-0.809318,GHA,ITA,871680
3583110,88,111,9618,2006,0.0,1132.0,-1.528471,-0.926991,GNB,ITA,871680
3583111,90,111,9618,2006,6914.0,667599.0,0.261955,1.488958,GRC,ITA,871680
3583112,93,111,9618,2006,0.0,3325.0,-0.28642199999999995,0.5868439999999999,GTM,ITA,871680
3583113,97,111,9618,2006,6785.0,29527.0,0.5776319999999999,2.076782,HKG,ITA,871680
3583114,100,111,9618,2006,64789.0,601635.0,0.755787,0.992614,HRV,ITA,871680
3583115,101,111,9618,2006,0.0,12432.0,-1.037941,-0.9475790000000001,HTI,ITA,871680
3583116,102,111,9618,2006,1031.0,439453.0,1.4034309999999999,0.835144,HUN,ITA,871680
3583117,103,111,9618,2006,0.0,43864.0,-0.21012399999999998,1.467838,IDN,ITA,871680
3583118,104,111,9618,2006,59909.0,77250.0,0.285652,2.731318,IND,ITA,871680
3583119,106,111,9618,2006,0.0,220073.0,1.43804,0.06463200000000001,IRL,ITA,871680
3583120,107,111,9618,2006,0.0,43595.0,-0.391023,-0.767861,IRN,ITA,871680
3583121,109,111,9618,2006,0.0,24523.0,0.170234,-0.302203,ISL,ITA,871680
3583122,110,111,9618,2006,597058.0,57214.0,1.3082129999999998,0.783845,ISR,ITA,871680
3583123,113,111,9618,2006,0.0,26152.0,0.166718,0.331248,JOR,ITA,871680
3583124,114,111,9618,2006,77814.0,97364.0,2.4348099999999997,0.082887,JPN,ITA,871680
3583125,115,111,9618,2006,0.0,38287.0,0.038229,-0.579421,KAZ,ITA,871680
3583126,116,111,9618,2006,0.0,19288.0,-0.38287899999999997,1.060286,KEN,ITA,871680
3583127,121,111,9618,2006,2373.0,40687.0,1.5384309999999999,0.766628,KOR,ITA,871680
3583128,122,111,9618,2006,0.0,84342.0,-0.589823,-1.142795,KWT,ITA,871680
3583129,124,111,9618,2006,0.0,41307.0,0.3861,1.586183,LBN,ITA,871680
3583130,126,111,9618,2006,0.0,149016.0,-0.518724,-1.142074,LBY,ITA,871680
3583131,127,111,9618,2006,0.0,1204.0,1.118348,-0.17618,LCA,ITA,871680
3583132,128,111,9618,2006,0.0,4666.0,-0.573767,0.305913,LKA,ITA,871680
3583133,130,111,9618,2006,0.0,143691.0,0.44063599999999997,1.163857,LTU,ITA,871680
3583134,131,111,9618,2006,148320.0,3123.0,1.4345620000000001,0.8840819999999999,LUX,ITA,871680
3583135,132,111,9618,2006,0.0,107570.0,0.531375,0.9414170000000001,LVA,ITA,871680
3583136,134,111,9618,2006,24368.0,5413.0,-0.547933,0.08257300000000001,MAR,ITA,871680
3583137,135,111,9618,2006,0.0,40491.0,-0.017707,0.135305,MDA,ITA,871680
3583138,136,111,9618,2006,0.0,12057.0,-1.024657,-0.393395,MDG,ITA,871680
3583139,138,111,9618,2006,0.0,13631.0,1.047268,0.7142270000000001,MEX,ITA,871680
3583140,140,111,9618,2006,0.0,18167.0,-0.21336,0.17674700000000002,MKD,ITA,871680
3583141,141,111,9618,2006,0.0,7826.0,-0.503462,-0.778836,MLI,ITA,871680
3583142,142,111,9618,2006,0.0,67457.0,1.384411,0.093734,MLT,ITA,871680
3583143,144,111,9618,2006,0.0,1166.0,0.130773,-0.24674699999999997,MNE,ITA,871680
3583144,145,111,9618,2006,0.0,4757.0,-1.147217,-1.0734709999999998,MNG,ITA,871680
3583145,147,111,9618,2006,0.0,12035.0,-1.0250629999999998,-1.067359,MOZ,ITA,871680
3583146,148,111,9618,2006,0.0,44677.0,-1.72422,-1.2414399999999999,MRT,ITA,871680
3583147,151,111,9618,2006,0.0,15316.0,-0.311109,-0.07267,MUS,ITA,871680
3583148,153,111,9618,2006,7611.0,33246.0,0.7896569999999999,0.363625,MYS,ITA,871680
3583149,156,111,9618,2006,0.0,3025.0,-0.135099,-0.7618779999999999,NCL,ITA,871680
3583150,162,111,9618,2006,2841272.0,945075.0,1.192134,1.450852,NLD,ITA,871680
3583151,163,111,9618,2006,2262.0,41219.0,1.0787930000000001,0.014051,NOR,ITA,871680
3583152,166,111,9618,2006,0.0,27239.0,0.5371,0.8240209999999999,NZL,ITA,871680
3583153,167,111,9618,2006,0.0,14183.0,-0.6373989999999999,-1.092554,OMN,ITA,871680
3583154,168,111,9618,2006,27687.0,5100.0,-0.449333,0.563013,PAK,ITA,871680
3583155,169,111,9618,2006,0.0,1244.0,0.306664,0.638533,PAN,ITA,871680
3583156,173,111,9618,2006,19213.0,11462.0,-0.551095,0.044295,PER,ITA,871680
3583157,174,111,9618,2006,0.0,7627.0,0.161994,0.036631,PHL,ITA,871680
3583158,177,111,9618,2006,244435.0,556869.0,0.991927,1.474418,POL,ITA,871680
3583159,179,111,9618,2006,5590.0,799485.0,0.5723630000000001,1.92303,PRT,ITA,871680
3583160,180,111,9618,2006,0.0,4346.0,-0.520435,-0.7839119999999999,PRY,ITA,871680
3583161,182,111,9618,2006,0.0,9491.0,-0.213329,-0.743599,PYF,ITA,871680
3583162,183,111,9618,2006,0.0,47424.0,0.055777999999999994,-1.0379049999999999,QAT,ITA,871680
3583163,185,111,9618,2006,68281.0,418674.0,0.550825,1.170744,ROU,ITA,871680
3583164,186,111,9618,2006,0.0,1567853.0,0.801197,0.104683,RUS,ITA,871680
3583165,188,111,9618,2006,0.0,323127.0,0.162432,-0.853059,SAU,ITA,871680
3583166,191,111,9618,2006,0.0,1928.0,-0.364713,-0.183612,SEN,ITA,871680
3583167,192,111,9618,2006,0.0,200648.0,1.5377379999999998,0.503089,SGP,ITA,871680
3583168,197,111,9618,2006,0.0,53491.0,-0.135312,0.140874,SLV,ITA,871680
3583169,201,111,9618,2006,16559.0,146301.0,0.547824,1.5588879999999998,SRB,ITA,871680
3583170,206,111,9618,2006,0.0,80049.0,1.291583,0.868317,SVK,ITA,871680
3583171,207,111,9618,2006,216292.0,337084.0,1.5882370000000001,0.800719,SVN,ITA,871680
3583172,208,111,9618,2006,281485.0,373729.0,1.902737,0.593294,SWE,ITA,871680
3583173,212,111,9618,2006,0.0,35560.0,-0.588695,0.532487,SYR,ITA,871680
3583174,214,111,9618,2006,0.0,17010.0,-3.0579419999999997,-0.8926649999999999,TCD,ITA,871680
3583175,215,111,9618,2006,0.0,14765.0,-0.8304020000000001,-0.678178,TGO,ITA,871680
3583176,216,111,9618,2006,0.0,38458.0,0.568209,1.685343,THA,ITA,871680
3583177,222,111,9618,2006,0.0,4267.0,-0.20651399999999998,-1.024907,TTO,ITA,871680
3583178,223,111,9618,2006,0.0,33103.0,-0.013636,0.804752,TUN,ITA,871680
3583179,224,111,9618,2006,25463.0,393042.0,0.33971599999999996,2.193384,TUR,ITA,871680
3583180,226,111,9618,2006,0.0,1889.0,-0.953097,0.159129,TZA,ITA,871680
3583181,228,111,9618,2006,0.0,20328.0,0.7008439999999999,0.79656,UKR,ITA,871680
3583182,230,111,9618,2006,0.0,3438.0,0.234384,0.118878,URY,ITA,871680
3583183,231,111,9618,2006,294697.0,110981.0,1.666643,-0.121679,USA,ITA,871680
3583184,236,111,9618,2006,0.0,52099.0,-0.340972,-1.015462,VEN,ITA,871680
3583185,239,111,9618,2006,61786.0,12327.0,-0.342779,1.033318,VNM,ITA,871680
3583186,246,111,9618,2006,1285.0,163143.0,0.37964499999999995,1.466326,ZAF,ITA,871680
3583187,248,111,9618,2006,0.0,1557.0,-0.41825500000000004,-0.55313,ZWE,ITA,871680
3583188,249,111,9618,2006,181419.0,23282.0,1.619915,1.2289940000000001,TWN,ITA,871680
3583189,32,112,9618,2006,8264.0,0.0,0.633889,1.1474520000000001,BRA,JAM,871680
3583190,39,112,9618,2006,10791.0,0.0,0.865685,1.1480489999999999,CAN,JAM,871680
3583191,43,112,9618,2006,164042.0,0.0,0.737888,2.54966,CHN,JAM,871680
3583192,57,112,9618,2006,0.0,2218.0,0.7708189999999999,-0.648112,CYM,JAM,871680
3583193,61,112,9618,2006,1828.0,0.0,2.132566,-2.773669,DEU,JAM,871680
3583194,64,112,9618,2006,4738.0,0.0,1.2308700000000001,1.180914,DNK,JAM,871680
3583195,71,112,9618,2006,45617.0,0.0,0.9091370000000001,2.068166,ESP,JAM,871680
3583196,81,112,9618,2006,25694.0,0.0,1.824154,0.614424,GBR,JAM,871680
3583197,110,112,9618,2006,1493.0,0.0,1.3082129999999998,0.783845,ISR,JAM,871680
3583198,138,112,9618,2006,115778.0,0.0,1.047268,0.7142270000000001,MEX,JAM,871680
3583199,162,112,9618,2006,2009.0,0.0,1.192134,1.450852,NLD,JAM,871680
3583200,169,112,9618,2006,2230.0,0.0,0.306664,0.638533,PAN,JAM,871680
3583201,192,112,9618,2006,3024.0,0.0,1.5377379999999998,0.503089,SGP,JAM,871680
3583202,222,112,9618,2006,978.0,0.0,-0.20651399999999998,-1.024907,TTO,JAM,871680
3583203,231,112,9618,2006,266633.0,10693.0,1.666643,-0.121679,USA,JAM,871680
3583204,7,114,9618,2006,0.0,438743.0,0.053903999999999994,-0.735124,ARE,JPN,871680
3583205,8,114,9618,2006,0.0,1143.0,0.33055,0.665867,ARG,JPN,871680
3583206,14,114,9618,2006,7058.0,273963.0,0.067166,0.373148,AUS,JPN,871680
3583207,15,114,9618,2006,54156.0,29218.0,1.775669,0.192717,AUT,JPN,871680
3583208,17,114,9618,2006,6731.0,31154.0,-0.033711,-0.48450600000000005,BDI,JPN,871680
3583209,18,114,9618,2006,61207.0,12458.0,1.2222540000000002,1.383027,BEL,JPN,871680
3583210,22,114,9618,2006,0.0,3274.0,-1.0305309999999999,-0.80937,BGD,JPN,871680
3583211,23,114,9618,2006,0.0,55373.0,0.414563,1.378005,BGR,JPN,871680
3583212,24,114,9618,2006,898.0,86596.0,0.172724,-0.9449879999999999,BHR,JPN,871680
3583213,25,114,9618,2006,0.0,3248.0,0.673694,-0.519608,BHS,JPN,871680
3583214,28,114,9618,2006,0.0,1249.0,0.919853,0.384409,BLR,JPN,871680
3583215,31,114,9618,2006,0.0,1334.0,-0.805185,-0.754091,BOL,JPN,871680
3583216,32,114,9618,2006,0.0,42563.0,0.633889,1.1474520000000001,BRA,JPN,871680
3583217,34,114,9618,2006,0.0,15731.0,-1.331831,-0.9170940000000001,BRN,JPN,871680
3583218,39,114,9618,2006,74823.0,87341.0,0.865685,1.1480489999999999,CAN,JPN,871680
3583219,41,114,9618,2006,78962.0,8748.0,2.052534,0.515523,CHE,JPN,871680
3583220,42,114,9618,2006,0.0,1852.0,-0.188298,-0.46778000000000003,CHL,JPN,871680
3583221,43,114,9618,2006,69946008.0,2307155.0,0.737888,2.54966,CHN,JPN,871680
3583222,45,114,9618,2006,0.0,2070.0,-1.358873,-1.1511360000000002,CMR,JPN,871680
3583223,49,114,9618,2006,0.0,7155.0,0.129887,0.44371700000000003,COL,JPN,871680
3583224,52,114,9618,2006,1874.0,12758.0,0.042663,-0.376672,CRI,JPN,871680
3583225,58,114,9618,2006,0.0,2657.0,0.708267,-0.048096,CYP,JPN,871680
3583226,59,114,9618,2006,54714.0,182535.0,1.564058,0.6023649999999999,CZE,JPN,871680
3583227,61,114,9618,2006,1452820.0,1219813.0,2.132566,-2.773669,DEU,JPN,871680
3583228,64,114,9618,2006,132418.0,0.0,1.2308700000000001,1.180914,DNK,JPN,871680
3583229,66,114,9618,2006,0.0,3417.0,-0.489962,-1.12456,DZA,JPN,871680
3583230,67,114,9618,2006,0.0,3956.0,-0.878583,-0.9462010000000001,ECU,JPN,871680
3583231,68,114,9618,2006,0.0,43182.0,-0.182272,0.40222399999999997,EGY,JPN,871680
3583232,71,114,9618,2006,62788.0,9696.0,0.9091370000000001,2.068166,ESP,JPN,871680
3583233,74,114,9618,2006,7880.0,0.0,1.864038,0.8193940000000001,FIN,JPN,871680
3583234,75,114,9618,2006,0.0,4866.0,-0.6554949999999999,-0.098284,FJI,JPN,871680
3583235,77,114,9618,2006,164336.0,315580.0,1.47591,0.489466,FRA,JPN,871680
3583236,79,114,9618,2006,0.0,9945.0,-0.883972,-0.8817209999999999,FSM,JPN,871680
3583237,81,114,9618,2006,961402.0,140467.0,1.824154,0.614424,GBR,JPN,871680
3583238,97,114,9618,2006,101709.0,577531.0,0.5776319999999999,2.076782,HKG,JPN,871680
3583239,100,114,9618,2006,7495.0,0.0,0.755787,0.992614,HRV,JPN,871680
3583240,102,114,9618,2006,29370.0,325188.0,1.4034309999999999,0.835144,HUN,JPN,871680
3583241,103,114,9618,2006,44044.0,350595.0,-0.21012399999999998,1.467838,IDN,JPN,871680
3583242,104,114,9618,2006,0.0,179489.0,0.285652,2.731318,IND,JPN,871680
3583243,106,114,9618,2006,4659.0,48657.0,1.43804,0.06463200000000001,IRL,JPN,871680
3583244,107,114,9618,2006,0.0,3568.0,-0.391023,-0.767861,IRN,JPN,871680
3583245,108,114,9618,2006,0.0,10417.0,-2.029727,-0.8634219999999999,IRQ,JPN,871680
3583246,110,114,9618,2006,63534.0,69724.0,1.3082129999999998,0.783845,ISR,JPN,871680
3583247,111,114,9618,2006,97364.0,77814.0,1.293779,0.93995,ITA,JPN,871680
3583248,113,114,9618,2006,0.0,6129.0,0.166718,0.331248,JOR,JPN,871680
3583249,115,114,9618,2006,0.0,2463.0,0.038229,-0.579421,KAZ,JPN,871680
3583250,118,114,9618,2006,0.0,7016.0,-1.323365,-1.185827,KHM,JPN,871680
3583251,120,114,9618,2006,0.0,2247.0,0.896119,-0.309349,KNA,JPN,871680
3583252,121,114,9618,2006,753132.0,1092084.0,1.5384309999999999,0.766628,KOR,JPN,871680
3583253,122,114,9618,2006,0.0,233554.0,-0.589823,-1.142795,KWT,JPN,871680
3583254,128,114,9618,2006,0.0,18181.0,-0.573767,0.305913,LKA,JPN,871680
3583255,133,114,9618,2006,0.0,1639.0,-0.07118200000000001,-0.228354,MAC,JPN,871680
3583256,136,114,9618,2006,0.0,1289.0,-1.024657,-0.393395,MDG,JPN,871680
3583257,137,114,9618,2006,0.0,1155.0,-0.240191,-0.8320290000000001,MDV,JPN,871680
3583258,138,114,9618,2006,32481.0,648645.0,1.047268,0.7142270000000001,MEX,JPN,871680
3583259,145,114,9618,2006,0.0,2397.0,-1.147217,-1.0734709999999998,MNG,JPN,871680
3583260,147,114,9618,2006,0.0,1648.0,-1.0250629999999998,-1.067359,MOZ,JPN,871680
3583261,153,114,9618,2006,129064.0,742246.0,0.7896569999999999,0.363625,MYS,JPN,871680
3583262,159,114,9618,2006,0.0,8114.0,-2.094353,-1.215025,NGA,JPN,871680
3583263,160,114,9618,2006,0.0,3016.0,-0.998825,-0.893867,NIC,JPN,871680
3583264,162,114,9618,2006,63681.0,684707.0,1.192134,1.450852,NLD,JPN,871680
3583265,163,114,9618,2006,7642.0,19075.0,1.0787930000000001,0.014051,NOR,JPN,871680
3583266,166,114,9618,2006,35594.0,146097.0,0.5371,0.8240209999999999,NZL,JPN,871680
3583267,167,114,9618,2006,0.0,49315.0,-0.6373989999999999,-1.092554,OMN,JPN,871680
3583268,168,114,9618,2006,0.0,213136.0,-0.449333,0.563013,PAK,JPN,871680
3583269,173,114,9618,2006,0.0,1673.0,-0.551095,0.044295,PER,JPN,871680
3583270,174,114,9618,2006,95991.0,1251263.0,0.161994,0.036631,PHL,JPN,871680
3583271,177,114,9618,2006,0.0,107547.0,0.991927,1.474418,POL,JPN,871680
3583272,178,114,9618,2006,0.0,6945.0,0.548754,0.763313,PRK,JPN,871680
3583273,179,114,9618,2006,0.0,5600.0,0.5723630000000001,1.92303,PRT,JPN,871680
3583274,183,114,9618,2006,0.0,55347.0,0.055777999999999994,-1.0379049999999999,QAT,JPN,871680
3583275,185,114,9618,2006,0.0,1169.0,0.550825,1.170744,ROU,JPN,871680
3583276,186,114,9618,2006,0.0,51799.0,0.801197,0.104683,RUS,JPN,871680
3583277,188,114,9618,2006,0.0,790716.0,0.162432,-0.853059,SAU,JPN,871680
3583278,190,114,9618,2006,0.0,2231.0,-1.873762,-1.278378,SDN,JPN,871680
3583279,191,114,9618,2006,0.0,1327.0,-0.364713,-0.183612,SEN,JPN,871680
3583280,192,114,9618,2006,70163.0,1555079.0,1.5377379999999998,0.503089,SGP,JPN,871680
3583281,195,114,9618,2006,0.0,7048.0,-1.501072,-0.964304,SLB,JPN,871680
3583282,197,114,9618,2006,0.0,14637.0,-0.135312,0.140874,SLV,JPN,871680
3583283,207,114,9618,2006,6112.0,7749.0,1.5882370000000001,0.800719,SVN,JPN,871680
3583284,208,114,9618,2006,939918.0,18084.0,1.902737,0.593294,SWE,JPN,871680
3583285,212,114,9618,2006,2601.0,0.0,-0.588695,0.532487,SYR,JPN,871680
3583286,216,114,9618,2006,302706.0,761371.0,0.568209,1.685343,THA,JPN,871680
3583287,222,114,9618,2006,0.0,12053.0,-0.20651399999999998,-1.024907,TTO,JPN,871680
3583288,223,114,9618,2006,0.0,1481.0,-0.013636,0.804752,TUN,JPN,871680
3583289,224,114,9618,2006,0.0,98896.0,0.33971599999999996,2.193384,TUR,JPN,871680
3583290,227,114,9618,2006,0.0,3318.0,-0.702511,-0.43976099999999996,UGA,JPN,871680
3583291,228,114,9618,2006,0.0,5429.0,0.7008439999999999,0.79656,UKR,JPN,871680
3583292,230,114,9618,2006,0.0,1462.0,0.234384,0.118878,URY,JPN,871680
3583293,231,114,9618,2006,2206758.0,2796576.0,1.666643,-0.121679,USA,JPN,871680
3583294,232,114,9618,2006,0.0,4065.0,-0.457759,-0.784626,UZB,JPN,871680
3583295,236,114,9618,2006,0.0,57092.0,-0.340972,-1.015462,VEN,JPN,871680
3583296,239,114,9618,2006,279678.0,313073.0,-0.342779,1.033318,VNM,JPN,871680
3583297,242,114,9618,2006,0.0,1068.0,0.299266,-0.477783,WSM,JPN,871680
3583298,246,114,9618,2006,8132.0,17976.0,0.37964499999999995,1.466326,ZAF,JPN,871680
3583299,249,114,9618,2006,9951754.0,3896357.0,1.619915,1.2289940000000001,TWN,JPN,871680
3583300,43,118,9618,2006,50989.0,0.0,0.737888,2.54966,CHN,KHM,871680
3583301,61,118,9618,2006,35308.0,0.0,2.132566,-2.773669,DEU,KHM,871680
3583302,97,118,9618,2006,17505.0,0.0,0.5776319999999999,2.076782,HKG,KHM,871680
3583303,99,118,9618,2006,1033.0,0.0,-0.672074,-0.472138,HND,KHM,871680
3583304,103,118,9618,2006,1000.0,0.0,-0.21012399999999998,1.467838,IDN,KHM,871680
3583305,114,118,9618,2006,7016.0,0.0,2.4348099999999997,0.082887,JPN,KHM,871680
3583306,121,118,9618,2006,72755.0,0.0,1.5384309999999999,0.766628,KOR,KHM,871680
3583307,153,118,9618,2006,10126.0,0.0,0.7896569999999999,0.363625,MYS,KHM,871680
3583308,162,118,9618,2006,3901.0,0.0,1.192134,1.450852,NLD,KHM,871680
3583309,174,118,9618,2006,1452.0,526.0,0.161994,0.036631,PHL,KHM,871680
3583310,192,118,9618,2006,1425.0,0.0,1.5377379999999998,0.503089,SGP,KHM,871680
3583311,208,118,9618,2006,2630.0,0.0,1.902737,0.593294,SWE,KHM,871680
3583312,216,118,9618,2006,10002.0,0.0,0.568209,1.685343,THA,KHM,871680
3583313,231,118,9618,2006,30662.0,0.0,1.666643,-0.121679,USA,KHM,871680
3583314,239,118,9618,2006,30269.0,8027.0,-0.342779,1.033318,VNM,KHM,871680
3583315,249,118,9618,2006,2539.0,0.0,1.619915,1.2289940000000001,TWN,KHM,871680
3583316,7,121,9618,2006,0.0,140873.0,0.053903999999999994,-0.735124,ARE,KOR,871680
3583317,8,121,9618,2006,0.0,20240.0,0.33055,0.665867,ARG,KOR,871680
3583318,14,121,9618,2006,6386.0,148205.0,0.067166,0.373148,AUS,KOR,871680
3583319,15,121,9618,2006,25254.0,0.0,1.775669,0.192717,AUT,KOR,871680
3583320,18,121,9618,2006,39960.0,0.0,1.2222540000000002,1.383027,BEL,KOR,871680
3583321,22,121,9618,2006,0.0,13369.0,-1.0305309999999999,-0.80937,BGD,KOR,871680
3583322,23,121,9618,2006,4404.0,0.0,0.414563,1.378005,BGR,KOR,871680
3583323,39,121,9618,2006,13139.0,7748.0,0.865685,1.1480489999999999,CAN,KOR,871680
3583324,41,121,9618,2006,2101.0,0.0,2.052534,0.515523,CHE,KOR,871680
3583325,42,121,9618,2006,0.0,4918.0,-0.188298,-0.46778000000000003,CHL,KOR,871680
3583326,43,121,9618,2006,7200607.0,1528913.0,0.737888,2.54966,CHN,KOR,871680
3583327,59,121,9618,2006,4297.0,0.0,1.564058,0.6023649999999999,CZE,KOR,871680
3583328,61,121,9618,2006,50354.0,601134.0,2.132566,-2.773669,DEU,KOR,871680
3583329,65,121,9618,2006,0.0,5157.0,-0.24073699999999998,0.049093,DOM,KOR,871680
3583330,68,121,9618,2006,0.0,194443.0,-0.182272,0.40222399999999997,EGY,KOR,871680
3583331,71,121,9618,2006,12120.0,16232.0,0.9091370000000001,2.068166,ESP,KOR,871680
3583332,74,121,9618,2006,95668.0,10610.0,1.864038,0.8193940000000001,FIN,KOR,871680
3583333,77,121,9618,2006,16812.0,0.0,1.47591,0.489466,FRA,KOR,871680
3583334,81,121,9618,2006,18711.0,233859.0,1.824154,0.614424,GBR,KOR,871680
3583335,93,121,9618,2006,0.0,3200.0,-0.28642199999999995,0.5868439999999999,GTM,KOR,871680
3583336,95,121,9618,2006,0.0,7346.0,0.385261,-0.26928,GUM,KOR,871680
3583337,97,121,9618,2006,38644.0,22390.0,0.5776319999999999,2.076782,HKG,KOR,871680
3583338,103,121,9618,2006,7279.0,35704.0,-0.21012399999999998,1.467838,IDN,KOR,871680
3583339,104,121,9618,2006,3783.0,5641.0,0.285652,2.731318,IND,KOR,871680
3583340,106,121,9618,2006,17713.0,0.0,1.43804,0.06463200000000001,IRL,KOR,871680
3583341,109,121,9618,2006,0.0,2182.0,0.170234,-0.302203,ISL,KOR,871680
3583342,110,121,9618,2006,13955.0,20008.0,1.3082129999999998,0.783845,ISR,KOR,871680
3583343,111,121,9618,2006,40687.0,2373.0,1.293779,0.93995,ITA,KOR,871680
3583344,113,121,9618,2006,0.0,258407.0,0.166718,0.331248,JOR,KOR,871680
3583345,114,121,9618,2006,1092084.0,753132.0,2.4348099999999997,0.082887,JPN,KOR,871680
3583346,115,121,9618,2006,0.0,79028.0,0.038229,-0.579421,KAZ,KOR,871680
3583347,118,121,9618,2006,0.0,72755.0,-1.323365,-1.185827,KHM,KOR,871680
3583348,122,121,9618,2006,0.0,629213.0,-0.589823,-1.142795,KWT,KOR,871680
3583349,138,121,9618,2006,9962.0,148185.0,1.047268,0.7142270000000001,MEX,KOR,871680
3583350,145,121,9618,2006,0.0,3068.0,-1.147217,-1.0734709999999998,MNG,KOR,871680
3583351,153,121,9618,2006,3709.0,8196.0,0.7896569999999999,0.363625,MYS,KOR,871680
3583352,160,121,9618,2006,0.0,14705.0,-0.998825,-0.893867,NIC,KOR,871680
3583353,162,121,9618,2006,39182.0,59049.0,1.192134,1.450852,NLD,KOR,871680
3583354,166,121,9618,2006,34026.0,17982.0,0.5371,0.8240209999999999,NZL,KOR,871680
3583355,167,121,9618,2006,0.0,66585.0,-0.6373989999999999,-1.092554,OMN,KOR,871680
3583356,168,121,9618,2006,0.0,11827.0,-0.449333,0.563013,PAK,KOR,871680
3583357,169,121,9618,2006,0.0,10978.0,0.306664,0.638533,PAN,KOR,871680
3583358,173,121,9618,2006,0.0,10334.0,-0.551095,0.044295,PER,KOR,871680
3583359,174,121,9618,2006,4401.0,88592.0,0.161994,0.036631,PHL,KOR,871680
3583360,177,121,9618,2006,3979.0,392013.0,0.991927,1.474418,POL,KOR,871680
3583361,179,121,9618,2006,34186.0,1965.0,0.5723630000000001,1.92303,PRT,KOR,871680
3583362,182,121,9618,2006,0.0,1121.0,-0.213329,-0.743599,PYF,KOR,871680
3583363,183,121,9618,2006,0.0,12180.0,0.055777999999999994,-1.0379049999999999,QAT,KOR,871680
3583364,186,121,9618,2006,4762.0,237355.0,0.801197,0.104683,RUS,KOR,871680
3583365,188,121,9618,2006,0.0,237316.0,0.162432,-0.853059,SAU,KOR,871680
3583366,192,121,9618,2006,23924.0,30948.0,1.5377379999999998,0.503089,SGP,KOR,871680
3583367,206,121,9618,2006,0.0,54722.0,1.291583,0.868317,SVK,KOR,871680
3583368,207,121,9618,2006,0.0,2249.0,1.5882370000000001,0.800719,SVN,KOR,871680
3583369,208,121,9618,2006,14631.0,0.0,1.902737,0.593294,SWE,KOR,871680
3583370,216,121,9618,2006,36240.0,1639752.0,0.568209,1.685343,THA,KOR,871680
3583371,224,121,9618,2006,0.0,53582.0,0.33971599999999996,2.193384,TUR,KOR,871680
3583372,231,121,9618,2006,323301.0,710818.0,1.666643,-0.121679,USA,KOR,871680
3583373,232,121,9618,2006,0.0,11998.0,-0.457759,-0.784626,UZB,KOR,871680
3583374,239,121,9618,2006,0.0,246160.0,-0.342779,1.033318,VNM,KOR,871680
3583375,240,121,9618,2006,0.0,7929.0,-1.166741,-0.927552,VUT,KOR,871680
3583376,249,121,9618,2006,145427.0,741324.0,1.619915,1.2289940000000001,TWN,KOR,871680
3583377,250,121,9618,2006,15319.0,0.0,0.711619,-0.41880200000000006,ANS,KOR,871680
3583378,7,128,9618,2006,1538.0,0.0,0.053903999999999994,-0.735124,ARE,LKA,871680
3583379,14,128,9618,2006,1851.0,0.0,0.067166,0.373148,AUS,LKA,871680
3583380,43,128,9618,2006,164829.0,0.0,0.737888,2.54966,CHN,LKA,871680
3583381,61,128,9618,2006,153188.0,0.0,2.132566,-2.773669,DEU,LKA,871680
3583382,64,128,9618,2006,5544.0,0.0,1.2308700000000001,1.180914,DNK,LKA,871680
3583383,77,128,9618,2006,3420.0,0.0,1.47591,0.489466,FRA,LKA,871680
3583384,81,128,9618,2006,20519.0,0.0,1.824154,0.614424,GBR,LKA,871680
3583385,97,128,9618,2006,19647.0,0.0,0.5776319999999999,2.076782,HKG,LKA,871680
3583386,104,128,9618,2006,9358.0,36468.0,0.285652,2.731318,IND,LKA,871680
3583387,111,128,9618,2006,4666.0,0.0,1.293779,0.93995,ITA,LKA,871680
3583388,114,128,9618,2006,18181.0,0.0,2.4348099999999997,0.082887,JPN,LKA,871680
3583389,153,128,9618,2006,61737.0,11735.0,0.7896569999999999,0.363625,MYS,LKA,871680
3583390,162,128,9618,2006,9081.0,0.0,1.192134,1.450852,NLD,LKA,871680
3583391,192,128,9618,2006,29656.0,3678.0,1.5377379999999998,0.503089,SGP,LKA,871680
3583392,208,128,9618,2006,4252.0,0.0,1.902737,0.593294,SWE,LKA,871680
3583393,216,128,9618,2006,22531.0,0.0,0.568209,1.685343,THA,LKA,871680
3583394,224,128,9618,2006,4574.0,0.0,0.33971599999999996,2.193384,TUR,LKA,871680
3583395,231,128,9618,2006,7382.0,7144.0,1.666643,-0.121679,USA,LKA,871680
3583396,246,128,9618,2006,71957.0,0.0,0.37964499999999995,1.466326,ZAF,LKA,871680
3583397,249,128,9618,2006,11984.0,0.0,1.619915,1.2289940000000001,TWN,LKA,871680
3583398,8,138,9618,2006,44076.0,2361.0,0.33055,0.665867,ARG,MEX,871680
3583399,13,138,9618,2006,0.0,1910.0,-0.139051,-0.780321,ATG,MEX,871680
3583400,14,138,9618,2006,5955.0,34198.0,0.067166,0.373148,AUS,MEX,871680
3583401,15,138,9618,2006,4445.0,712.0,1.775669,0.192717,AUT,MEX,871680
3583402,18,138,9618,2006,2882.0,0.0,1.2222540000000002,1.383027,BEL,MEX,871680
3583403,25,138,9618,2006,0.0,6410.0,0.673694,-0.519608,BHS,MEX,871680
3583404,29,138,9618,2006,0.0,58813.0,-0.584902,-0.82437,BLZ,MEX,871680
3583405,31,138,9618,2006,0.0,3578.0,-0.805185,-0.754091,BOL,MEX,871680
3583406,32,138,9618,2006,33021.0,36109.0,0.633889,1.1474520000000001,BRA,MEX,871680
3583407,33,138,9618,2006,0.0,22939.0,0.977267,0.6046560000000001,BRB,MEX,871680
3583408,39,138,9618,2006,103569.0,1500865.0,0.865685,1.1480489999999999,CAN,MEX,871680
3583409,41,138,9618,2006,5652.0,8749.0,2.052534,0.515523,CHE,MEX,871680
3583410,42,138,9618,2006,0.0,17364.0,-0.188298,-0.46778000000000003,CHL,MEX,871680
3583411,43,138,9618,2006,1460617.0,1438.0,0.737888,2.54966,CHN,MEX,871680
3583412,49,138,9618,2006,11900.0,7782.0,0.129887,0.44371700000000003,COL,MEX,871680
3583413,52,138,9618,2006,1327.0,394745.0,0.042663,-0.376672,CRI,MEX,871680
3583414,54,138,9618,2006,0.0,107312.0,0.204039,-0.5183260000000001,CUB,MEX,871680
3583415,59,138,9618,2006,1040.0,0.0,1.564058,0.6023649999999999,CZE,MEX,871680
3583416,61,138,9618,2006,547442.0,3387.0,2.132566,-2.773669,DEU,MEX,871680
3583417,64,138,9618,2006,3686.0,3155.0,1.2308700000000001,1.180914,DNK,MEX,871680
3583418,65,138,9618,2006,0.0,637415.0,-0.24073699999999998,0.049093,DOM,MEX,871680
3583419,67,138,9618,2006,0.0,50973.0,-0.878583,-0.9462010000000001,ECU,MEX,871680
3583420,71,138,9618,2006,92893.0,45848.0,0.9091370000000001,2.068166,ESP,MEX,871680
3583421,74,138,9618,2006,1077.0,0.0,1.864038,0.8193940000000001,FIN,MEX,871680
3583422,77,138,9618,2006,44248.0,17991.0,1.47591,0.489466,FRA,MEX,871680
3583423,81,138,9618,2006,39907.0,6303.0,1.824154,0.614424,GBR,MEX,871680
3583424,93,138,9618,2006,0.0,194713.0,-0.28642199999999995,0.5868439999999999,GTM,MEX,871680
3583425,97,138,9618,2006,27131.0,0.0,0.5776319999999999,2.076782,HKG,MEX,871680
3583426,99,138,9618,2006,0.0,773401.0,-0.672074,-0.472138,HND,MEX,871680
3583427,101,138,9618,2006,0.0,32365.0,-1.037941,-0.9475790000000001,HTI,MEX,871680
3583428,102,138,9618,2006,3005.0,5382.0,1.4034309999999999,0.835144,HUN,MEX,871680
3583429,103,138,9618,2006,1239.0,0.0,-0.21012399999999998,1.467838,IDN,MEX,871680
3583430,106,138,9618,2006,11803.0,0.0,1.43804,0.06463200000000001,IRL,MEX,871680
3583431,110,138,9618,2006,0.0,599.0,1.3082129999999998,0.783845,ISR,MEX,871680
3583432,111,138,9618,2006,13631.0,0.0,1.293779,0.93995,ITA,MEX,871680
3583433,112,138,9618,2006,0.0,115778.0,-0.5122720000000001,-0.9109809999999999,JAM,MEX,871680
3583434,114,138,9618,2006,648645.0,32481.0,2.4348099999999997,0.082887,JPN,MEX,871680
3583435,121,138,9618,2006,148185.0,9962.0,1.5384309999999999,0.766628,KOR,MEX,871680
3583436,124,138,9618,2006,0.0,818.0,0.3861,1.586183,LBN,MEX,871680
3583437,127,138,9618,2006,0.0,7959.0,1.118348,-0.17618,LCA,MEX,871680
3583438,153,138,9618,2006,12073.0,0.0,0.7896569999999999,0.363625,MYS,MEX,871680
3583439,160,138,9618,2006,0.0,175432.0,-0.998825,-0.893867,NIC,MEX,871680
3583440,162,138,9618,2006,6861.0,1170.0,1.192134,1.450852,NLD,MEX,871680
3583441,163,138,9618,2006,0.0,3433.0,1.0787930000000001,0.014051,NOR,MEX,871680
3583442,169,138,9618,2006,0.0,242192.0,0.306664,0.638533,PAN,MEX,871680
3583443,173,138,9618,2006,0.0,30712.0,-0.551095,0.044295,PER,MEX,871680
3583444,174,138,9618,2006,0.0,1018.0,0.161994,0.036631,PHL,MEX,871680
3583445,177,138,9618,2006,3268.0,0.0,0.991927,1.474418,POL,MEX,871680
3583446,183,138,9618,2006,0.0,2547.0,0.055777999999999994,-1.0379049999999999,QAT,MEX,871680
3583447,185,138,9618,2006,4121.0,0.0,0.550825,1.170744,ROU,MEX,871680
3583448,186,138,9618,2006,799.0,0.0,0.801197,0.104683,RUS,MEX,871680
3583449,188,138,9618,2006,0.0,8696.0,0.162432,-0.853059,SAU,MEX,871680
3583450,191,138,9618,2006,1653.0,0.0,-0.364713,-0.183612,SEN,MEX,871680
3583451,192,138,9618,2006,195639.0,0.0,1.5377379999999998,0.503089,SGP,MEX,871680
3583452,197,138,9618,2006,0.0,222000.0,-0.135312,0.140874,SLV,MEX,871680
3583453,207,138,9618,2006,5728.0,0.0,1.5882370000000001,0.800719,SVN,MEX,871680
3583454,208,138,9618,2006,6898.0,0.0,1.902737,0.593294,SWE,MEX,871680
3583455,216,138,9618,2006,643772.0,0.0,0.568209,1.685343,THA,MEX,871680
3583456,224,138,9618,2006,1491.0,0.0,0.33971599999999996,2.193384,TUR,MEX,871680
3583457,230,138,9618,2006,7693.0,6820.0,0.234384,0.118878,URY,MEX,871680
3583458,231,138,9618,2006,17068136.0,11457473.0,1.666643,-0.121679,USA,MEX,871680
3583459,234,138,9618,2006,0.0,1175.0,-0.6097060000000001,-0.8844770000000001,VCT,MEX,871680
3583460,236,138,9618,2006,0.0,299710.0,-0.340972,-1.015462,VEN,MEX,871680
3583461,239,138,9618,2006,9785.0,0.0,-0.342779,1.033318,VNM,MEX,871680
3583462,249,138,9618,2006,130334.0,0.0,1.619915,1.2289940000000001,TWN,MEX,871680
3583463,250,138,9618,2006,34296.0,7129.0,0.711619,-0.41880200000000006,ANS,MEX,871680
3583464,7,153,9618,2006,0.0,283096.0,0.053903999999999994,-0.735124,ARE,MYS,871680
3583465,8,153,9618,2006,3768.0,0.0,0.33055,0.665867,ARG,MYS,871680
3583466,14,153,9618,2006,71397.0,428403.0,0.067166,0.373148,AUS,MYS,871680
3583467,18,153,9618,2006,30057.0,21388.0,1.2222540000000002,1.383027,BEL,MYS,871680
3583468,22,153,9618,2006,0.0,6248.0,-1.0305309999999999,-0.80937,BGD,MYS,871680
3583469,24,153,9618,2006,0.0,29283.0,0.172724,-0.9449879999999999,BHR,MYS,871680
3583470,34,153,9618,2006,7705.0,11432.0,-1.331831,-0.9170940000000001,BRN,MYS,871680
3583471,39,153,9618,2006,0.0,4524060.0,0.865685,1.1480489999999999,CAN,MYS,871680
3583472,43,153,9618,2006,8205233.0,114881.0,0.737888,2.54966,CHN,MYS,871680
3583473,44,153,9618,2006,0.0,32121.0,-0.8918530000000001,-0.8145819999999999,CIV,MYS,871680
3583474,45,153,9618,2006,0.0,32420.0,-1.358873,-1.1511360000000002,CMR,MYS,871680
3583475,52,153,9618,2006,0.0,76265.0,0.042663,-0.376672,CRI,MYS,871680
3583476,59,153,9618,2006,0.0,18036.0,1.564058,0.6023649999999999,CZE,MYS,871680
3583477,61,153,9618,2006,80883.0,343556.0,2.132566,-2.773669,DEU,MYS,871680
3583478,64,153,9618,2006,0.0,224518.0,1.2308700000000001,1.180914,DNK,MYS,871680
3583479,71,153,9618,2006,2793.0,4538.0,0.9091370000000001,2.068166,ESP,MYS,871680
3583480,74,153,9618,2006,2057.0,10271.0,1.864038,0.8193940000000001,FIN,MYS,871680
3583481,77,153,9618,2006,37188.0,63351.0,1.47591,0.489466,FRA,MYS,871680
3583482,81,153,9618,2006,18495.0,56626.0,1.824154,0.614424,GBR,MYS,871680
3583483,97,153,9618,2006,29097.0,65853.0,0.5776319999999999,2.076782,HKG,MYS,871680
3583484,103,153,9618,2006,364599.0,91418.0,-0.21012399999999998,1.467838,IDN,MYS,871680
3583485,104,153,9618,2006,6671.0,18414.0,0.285652,2.731318,IND,MYS,871680
3583486,106,153,9618,2006,36574.0,0.0,1.43804,0.06463200000000001,IRL,MYS,871680
3583487,110,153,9618,2006,0.0,11715.0,1.3082129999999998,0.783845,ISR,MYS,871680
3583488,111,153,9618,2006,33246.0,7611.0,1.293779,0.93995,ITA,MYS,871680
3583489,114,153,9618,2006,742246.0,129064.0,2.4348099999999997,0.082887,JPN,MYS,871680
3583490,116,153,9618,2006,0.0,6900.0,-0.38287899999999997,1.060286,KEN,MYS,871680
3583491,118,153,9618,2006,0.0,10126.0,-1.323365,-1.185827,KHM,MYS,871680
3583492,119,153,9618,2006,0.0,3605.0,0.218218,-0.669244,KIR,MYS,871680
3583493,121,153,9618,2006,8196.0,3709.0,1.5384309999999999,0.766628,KOR,MYS,871680
3583494,122,153,9618,2006,0.0,23628.0,-0.589823,-1.142795,KWT,MYS,871680
3583495,124,153,9618,2006,0.0,5716.0,0.3861,1.586183,LBN,MYS,871680
3583496,128,153,9618,2006,11735.0,61737.0,-0.573767,0.305913,LKA,MYS,871680
3583497,133,153,9618,2006,0.0,1569.0,-0.07118200000000001,-0.228354,MAC,MYS,871680
3583498,137,153,9618,2006,0.0,113385.0,-0.240191,-0.8320290000000001,MDV,MYS,871680
3583499,138,153,9618,2006,0.0,12073.0,1.047268,0.7142270000000001,MEX,MYS,871680
3583500,143,153,9618,2006,0.0,30352.0,-1.543679,-1.145623,MMR,MYS,871680
3583501,151,153,9618,2006,0.0,4645.0,-0.311109,-0.07267,MUS,MYS,871680
3583502,154,153,9618,2006,0.0,719.0,1.1370049999999998,0.131896,MYT,MYS,871680
3583503,162,153,9618,2006,9844.0,94317.0,1.192134,1.450852,NLD,MYS,871680
3583504,163,153,9618,2006,0.0,10534.0,1.0787930000000001,0.014051,NOR,MYS,871680
3583505,166,153,9618,2006,0.0,44512.0,0.5371,0.8240209999999999,NZL,MYS,871680
3583506,167,153,9618,2006,0.0,280807.0,-0.6373989999999999,-1.092554,OMN,MYS,871680
3583507,174,153,9618,2006,9226.0,42546.0,0.161994,0.036631,PHL,MYS,871680
3583508,176,153,9618,2006,0.0,159374.0,-1.89409,-1.234731,PNG,MYS,871680
3583509,179,153,9618,2006,14724.0,3202.0,0.5723630000000001,1.92303,PRT,MYS,871680
3583510,183,153,9618,2006,0.0,31542.0,0.055777999999999994,-1.0379049999999999,QAT,MYS,871680
3583511,186,153,9618,2006,0.0,29305.0,0.801197,0.104683,RUS,MYS,871680
3583512,188,153,9618,2006,0.0,22758.0,0.162432,-0.853059,SAU,MYS,871680
3583513,190,153,9618,2006,0.0,777.0,-1.873762,-1.278378,SDN,MYS,871680
3583514,192,153,9618,2006,118527.0,589256.0,1.5377379999999998,0.503089,SGP,MYS,871680
3583515,195,153,9618,2006,0.0,9347.0,-1.501072,-0.964304,SLB,MYS,871680
3583516,208,153,9618,2006,70824.0,536338.0,1.902737,0.593294,SWE,MYS,871680
3583517,216,153,9618,2006,9246.0,262999.0,0.568209,1.685343,THA,MYS,871680
3583518,224,153,9618,2006,2152.0,0.0,0.33971599999999996,2.193384,TUR,MYS,871680
3583519,231,153,9618,2006,239984.0,1282162.0,1.666643,-0.121679,USA,MYS,871680
3583520,236,153,9618,2006,0.0,2943.0,-0.340972,-1.015462,VEN,MYS,871680
3583521,239,153,9618,2006,0.0,37362.0,-0.342779,1.033318,VNM,MYS,871680
3583522,240,153,9618,2006,0.0,11543.0,-1.166741,-0.927552,VUT,MYS,871680
3583523,243,153,9618,2006,0.0,1195.0,-1.0407110000000002,-1.13042,YEM,MYS,871680
3583524,246,153,9618,2006,0.0,53866.0,0.37964499999999995,1.466326,ZAF,MYS,871680
3583525,249,153,9618,2006,80577.0,1467.0,1.619915,1.2289940000000001,TWN,MYS,871680
3583526,250,153,9618,2006,14576.0,0.0,0.711619,-0.41880200000000006,ANS,MYS,871680
3583527,8,160,9618,2006,2530.0,0.0,0.33055,0.665867,ARG,NIC,871680
3583528,43,160,9618,2006,51947.0,0.0,0.737888,2.54966,CHN,NIC,871680
3583529,52,160,9618,2006,77409.0,0.0,0.042663,-0.376672,CRI,NIC,871680
3583530,71,160,9618,2006,4817.0,0.0,0.9091370000000001,2.068166,ESP,NIC,871680
3583531,93,160,9618,2006,198196.0,0.0,-0.28642199999999995,0.5868439999999999,GTM,NIC,871680
3583532,99,160,9618,2006,5745.0,19106.0,-0.672074,-0.472138,HND,NIC,871680
3583533,114,160,9618,2006,3016.0,0.0,2.4348099999999997,0.082887,JPN,NIC,871680
3583534,121,160,9618,2006,14705.0,0.0,1.5384309999999999,0.766628,KOR,NIC,871680
3583535,138,160,9618,2006,175432.0,0.0,1.047268,0.7142270000000001,MEX,NIC,871680
3583536,169,160,9618,2006,6147.0,0.0,0.306664,0.638533,PAN,NIC,871680
3583537,197,160,9618,2006,69117.0,2928.0,-0.135312,0.140874,SLV,NIC,871680
3583538,208,160,9618,2006,2758.0,0.0,1.902737,0.593294,SWE,NIC,871680
3583539,231,160,9618,2006,19147.0,0.0,1.666643,-0.121679,USA,NIC,871680
3583540,249,160,9618,2006,1860.0,0.0,1.619915,1.2289940000000001,TWN,NIC,871680
3583541,0,162,9618,2006,0.0,85431.0,0.15112799999999998,-0.752631,ABW,NLD,871680
3583542,6,162,9618,2006,1085.0,97660.0,0.251825,-0.629035,ANT,NLD,871680
3583543,7,162,9618,2006,15975.0,2472.0,0.053903999999999994,-0.735124,ARE,NLD,871680
3583544,8,162,9618,2006,0.0,5275.0,0.33055,0.665867,ARG,NLD,871680
3583545,14,162,9618,2006,19932.0,54726.0,0.067166,0.373148,AUS,NLD,871680
3583546,15,162,9618,2006,34278.0,512285.0,1.775669,0.192717,AUT,NLD,871680
3583547,18,162,9618,2006,6417509.0,5882990.0,1.2222540000000002,1.383027,BEL,NLD,871680
3583548,23,162,9618,2006,1088.0,49964.0,0.414563,1.378005,BGR,NLD,871680
3583549,24,162,9618,2006,0.0,10608.0,0.172724,-0.9449879999999999,BHR,NLD,871680
3583550,25,162,9618,2006,0.0,14929.0,0.673694,-0.519608,BHS,NLD,871680
3583551,26,162,9618,2006,6315.0,5719.0,0.40788800000000003,0.562854,BIH,NLD,871680
3583552,28,162,9618,2006,0.0,16377.0,0.919853,0.384409,BLR,NLD,871680
3583553,32,162,9618,2006,4190.0,40174.0,0.633889,1.1474520000000001,BRA,NLD,871680
3583554,33,162,9618,2006,0.0,855.0,0.977267,0.6046560000000001,BRB,NLD,871680
3583555,39,162,9618,2006,12368.0,912325.0,0.865685,1.1480489999999999,CAN,NLD,871680
3583556,41,162,9618,2006,419779.0,2201004.0,2.052534,0.515523,CHE,NLD,871680
3583557,42,162,9618,2006,0.0,3790.0,-0.188298,-0.46778000000000003,CHL,NLD,871680
3583558,43,162,9618,2006,21564152.0,16288.0,0.737888,2.54966,CHN,NLD,871680
3583559,49,162,9618,2006,0.0,23387.0,0.129887,0.44371700000000003,COL,NLD,871680
3583560,51,162,9618,2006,0.0,2133.0,0.369814,-0.414812,CPV,NLD,871680
3583561,52,162,9618,2006,0.0,35502.0,0.042663,-0.376672,CRI,NLD,871680
3583562,58,162,9618,2006,0.0,6667.0,0.708267,-0.048096,CYP,NLD,871680
3583563,59,162,9618,2006,1561137.0,48255.0,1.564058,0.6023649999999999,CZE,NLD,871680
3583564,61,162,9618,2006,26712756.0,6846264.0,2.132566,-2.773669,DEU,NLD,871680
3583565,62,162,9618,2006,0.0,1256.0,-0.251707,-0.436792,DJI,NLD,871680
3583566,64,162,9618,2006,2236238.0,176774.0,1.2308700000000001,1.180914,DNK,NLD,871680
3583567,67,162,9618,2006,0.0,7859.0,-0.878583,-0.9462010000000001,ECU,NLD,871680
3583568,68,162,9618,2006,0.0,4801.0,-0.182272,0.40222399999999997,EGY,NLD,871680
3583569,71,162,9618,2006,65479.0,317457.0,0.9091370000000001,2.068166,ESP,NLD,871680
3583570,72,162,9618,2006,1940087.0,163686.0,0.6426350000000001,0.925003,EST,NLD,871680
3583571,73,162,9618,2006,0.0,14493.0,-0.9557180000000001,-0.9153479999999999,ETH,NLD,871680
3583572,74,162,9618,2006,1787464.0,82663.0,1.864038,0.8193940000000001,FIN,NLD,871680
3583573,75,162,9618,2006,0.0,4180.0,-0.6554949999999999,-0.098284,FJI,NLD,871680
3583574,77,162,9618,2006,522647.0,1768353.0,1.47591,0.489466,FRA,NLD,871680
3583575,81,162,9618,2006,948986.0,1697237.0,1.824154,0.614424,GBR,NLD,871680
3583576,82,162,9618,2006,0.0,21830.0,0.076711,-0.47216099999999994,GEO,NLD,871680
3583577,83,162,9618,2006,0.0,49079.0,-0.9934860000000001,-0.809318,GHA,NLD,871680
3583578,88,162,9618,2006,0.0,56535.0,-1.528471,-0.926991,GNB,NLD,871680
3583579,90,162,9618,2006,11896.0,46565.0,0.261955,1.488958,GRC,NLD,871680
3583580,91,162,9618,2006,0.0,1248.0,0.19208599999999998,-0.40781,GRD,NLD,871680
3583581,93,162,9618,2006,0.0,2961.0,-0.28642199999999995,0.5868439999999999,GTM,NLD,871680
3583582,97,162,9618,2006,150974.0,9527.0,0.5776319999999999,2.076782,HKG,NLD,871680
3583583,100,162,9618,2006,80661.0,17076.0,0.755787,0.992614,HRV,NLD,871680
3583584,102,162,9618,2006,981.0,82179.0,1.4034309999999999,0.835144,HUN,NLD,871680
3583585,103,162,9618,2006,0.0,1432.0,-0.21012399999999998,1.467838,IDN,NLD,871680
3583586,104,162,9618,2006,18004.0,5841.0,0.285652,2.731318,IND,NLD,871680
3583587,106,162,9618,2006,3975.0,477745.0,1.43804,0.06463200000000001,IRL,NLD,871680
3583588,109,162,9618,2006,0.0,12588.0,0.170234,-0.302203,ISL,NLD,871680
3583589,110,162,9618,2006,0.0,27310.0,1.3082129999999998,0.783845,ISR,NLD,871680
3583590,111,162,9618,2006,945075.0,2841272.0,1.293779,0.93995,ITA,NLD,871680
3583591,112,162,9618,2006,0.0,2009.0,-0.5122720000000001,-0.9109809999999999,JAM,NLD,871680
3583592,113,162,9618,2006,0.0,18385.0,0.166718,0.331248,JOR,NLD,871680
3583593,114,162,9618,2006,684707.0,63681.0,2.4348099999999997,0.082887,JPN,NLD,871680
3583594,115,162,9618,2006,0.0,9509.0,0.038229,-0.579421,KAZ,NLD,871680
3583595,116,162,9618,2006,0.0,26083.0,-0.38287899999999997,1.060286,KEN,NLD,871680
3583596,118,162,9618,2006,0.0,3901.0,-1.323365,-1.185827,KHM,NLD,871680
3583597,120,162,9618,2006,0.0,16963.0,0.896119,-0.309349,KNA,NLD,871680
3583598,121,162,9618,2006,59049.0,39182.0,1.5384309999999999,0.766628,KOR,NLD,871680
3583599,122,162,9618,2006,72823.0,54007.0,-0.589823,-1.142795,KWT,NLD,871680
3583600,123,162,9618,2006,0.0,5025.0,-1.1707450000000001,-1.057348,LAO,NLD,871680
3583601,124,162,9618,2006,0.0,1432.0,0.3861,1.586183,LBN,NLD,871680
3583602,126,162,9618,2006,0.0,38947.0,-0.518724,-1.142074,LBY,NLD,871680
3583603,127,162,9618,2006,1220.0,2611.0,1.118348,-0.17618,LCA,NLD,871680
3583604,128,162,9618,2006,0.0,9081.0,-0.573767,0.305913,LKA,NLD,871680
3583605,130,162,9618,2006,0.0,7142.0,0.44063599999999997,1.163857,LTU,NLD,871680
3583606,131,162,9618,2006,8720.0,62058.0,1.4345620000000001,0.8840819999999999,LUX,NLD,871680
3583607,132,162,9618,2006,4616.0,70344.0,0.531375,0.9414170000000001,LVA,NLD,871680
3583608,134,162,9618,2006,0.0,5915.0,-0.547933,0.08257300000000001,MAR,NLD,871680
3583609,135,162,9618,2006,0.0,11578.0,-0.017707,0.135305,MDA,NLD,871680
3583610,138,162,9618,2006,1170.0,6861.0,1.047268,0.7142270000000001,MEX,NLD,871680
3583611,140,162,9618,2006,11107.0,0.0,-0.21336,0.17674700000000002,MKD,NLD,871680
3583612,142,162,9618,2006,0.0,1233.0,1.384411,0.093734,MLT,NLD,871680
3583613,144,162,9618,2006,0.0,4889.0,0.130773,-0.24674699999999997,MNE,NLD,871680
3583614,153,162,9618,2006,94317.0,9844.0,0.7896569999999999,0.363625,MYS,NLD,871680
3583615,156,162,9618,2006,0.0,4202.0,-0.135099,-0.7618779999999999,NCL,NLD,871680
3583616,159,162,9618,2006,0.0,2356.0,-2.094353,-1.215025,NGA,NLD,871680
3583617,163,162,9618,2006,947818.0,662826.0,1.0787930000000001,0.014051,NOR,NLD,871680
3583618,166,162,9618,2006,396850.0,14642.0,0.5371,0.8240209999999999,NZL,NLD,871680
3583619,173,162,9618,2006,6376.0,2493.0,-0.551095,0.044295,PER,NLD,871680
3583620,174,162,9618,2006,0.0,17279.0,0.161994,0.036631,PHL,NLD,871680
3583621,177,162,9618,2006,3291878.0,341667.0,0.991927,1.474418,POL,NLD,871680
3583622,179,162,9618,2006,1244.0,256920.0,0.5723630000000001,1.92303,PRT,NLD,871680
3583623,182,162,9618,2006,0.0,2531.0,-0.213329,-0.743599,PYF,NLD,871680
3583624,183,162,9618,2006,0.0,3673.0,0.055777999999999994,-1.0379049999999999,QAT,NLD,871680
3583625,185,162,9618,2006,138394.0,310049.0,0.550825,1.170744,ROU,NLD,871680
3583626,186,162,9618,2006,0.0,446734.0,0.801197,0.104683,RUS,NLD,871680
3583627,188,162,9618,2006,0.0,56505.0,0.162432,-0.853059,SAU,NLD,871680
3583628,190,162,9618,2006,0.0,46285.0,-1.873762,-1.278378,SDN,NLD,871680
3583629,192,162,9618,2006,174938.0,18428.0,1.5377379999999998,0.503089,SGP,NLD,871680
3583630,201,162,9618,2006,462.0,3137.0,0.547824,1.5588879999999998,SRB,NLD,871680
3583631,205,162,9618,2006,0.0,200299.0,-0.754046,-0.872361,SUR,NLD,871680
3583632,206,162,9618,2006,4880.0,11628.0,1.291583,0.868317,SVK,NLD,871680
3583633,207,162,9618,2006,53087.0,29436.0,1.5882370000000001,0.800719,SVN,NLD,871680
3583634,208,162,9618,2006,944286.0,253061.0,1.902737,0.593294,SWE,NLD,871680
3583635,212,162,9618,2006,0.0,2354.0,-0.588695,0.532487,SYR,NLD,871680
3583636,215,162,9618,2006,0.0,1256.0,-0.8304020000000001,-0.678178,TGO,NLD,871680
3583637,216,162,9618,2006,47808.0,11326.0,0.568209,1.685343,THA,NLD,871680
3583638,222,162,9618,2006,0.0,15876.0,-0.20651399999999998,-1.024907,TTO,NLD,871680
3583639,224,162,9618,2006,62549.0,14073.0,0.33971599999999996,2.193384,TUR,NLD,871680
3583640,226,162,9618,2006,0.0,6180.0,-0.953097,0.159129,TZA,NLD,871680
3583641,228,162,9618,2006,24695.0,577829.0,0.7008439999999999,0.79656,UKR,NLD,871680
3583642,231,162,9618,2006,933381.0,588848.0,1.666643,-0.121679,USA,NLD,871680
3583643,236,162,9618,2006,0.0,35020.0,-0.340972,-1.015462,VEN,NLD,871680
3583644,239,162,9618,2006,36140.0,2611.0,-0.342779,1.033318,VNM,NLD,871680
3583645,246,162,9618,2006,1686.0,17116.0,0.37964499999999995,1.466326,ZAF,NLD,871680
3583646,248,162,9618,2006,0.0,2067.0,-0.41825500000000004,-0.55313,ZWE,NLD,871680
3583647,249,162,9618,2006,1043233.0,13815.0,1.619915,1.2289940000000001,TWN,NLD,871680
3583648,7,166,9618,2006,0.0,18776.0,0.053903999999999994,-0.735124,ARE,NZL,871680
3583649,10,166,9618,2006,0.0,23884.0,0.766232,-0.35907,ASM,NZL,871680
3583650,14,166,9618,2006,865928.0,979953.0,0.067166,0.373148,AUS,NZL,871680
3583651,18,166,9618,2006,0.0,2436.0,1.2222540000000002,1.383027,BEL,NZL,871680
3583652,24,166,9618,2006,0.0,999.0,0.172724,-0.9449879999999999,BHR,NZL,871680
3583653,32,166,9618,2006,4737.0,2520.0,0.633889,1.1474520000000001,BRA,NZL,871680
3583654,39,166,9618,2006,222081.0,0.0,0.865685,1.1480489999999999,CAN,NZL,871680
3583655,41,166,9618,2006,8672.0,0.0,2.052534,0.515523,CHE,NZL,871680
3583656,43,166,9618,2006,2877030.0,4166.0,0.737888,2.54966,CHN,NZL,871680
3583657,48,166,9618,2006,0.0,24457.0,0.564179,-0.296135,COK,NZL,871680
3583658,61,166,9618,2006,177115.0,10819.0,2.132566,-2.773669,DEU,NZL,871680
3583659,71,166,9618,2006,49713.0,1518.0,0.9091370000000001,2.068166,ESP,NZL,871680
3583660,75,166,9618,2006,0.0,90419.0,-0.6554949999999999,-0.098284,FJI,NZL,871680
3583661,77,166,9618,2006,7471.0,6582.0,1.47591,0.489466,FRA,NZL,871680
3583662,81,166,9618,2006,89421.0,116345.0,1.824154,0.614424,GBR,NZL,871680
3583663,97,166,9618,2006,20095.0,26893.0,0.5776319999999999,2.076782,HKG,NZL,871680
3583664,102,166,9618,2006,23051.0,0.0,1.4034309999999999,0.835144,HUN,NZL,871680
3583665,103,166,9618,2006,8042.0,0.0,-0.21012399999999998,1.467838,IDN,NZL,871680
3583666,106,166,9618,2006,0.0,24247.0,1.43804,0.06463200000000001,IRL,NZL,871680
3583667,110,166,9618,2006,29374.0,0.0,1.3082129999999998,0.783845,ISR,NZL,871680
3583668,111,166,9618,2006,27239.0,0.0,1.293779,0.93995,ITA,NZL,871680
3583669,114,166,9618,2006,146097.0,35594.0,2.4348099999999997,0.082887,JPN,NZL,871680
3583670,121,166,9618,2006,17982.0,34026.0,1.5384309999999999,0.766628,KOR,NZL,871680
3583671,153,166,9618,2006,44512.0,0.0,0.7896569999999999,0.363625,MYS,NZL,871680
3583672,156,166,9618,2006,0.0,9270.0,-0.135099,-0.7618779999999999,NCL,NZL,871680
3583673,162,166,9618,2006,14642.0,396850.0,1.192134,1.450852,NLD,NZL,871680
3583674,176,166,9618,2006,0.0,1915.0,-1.89409,-1.234731,PNG,NZL,871680
3583675,177,166,9618,2006,11492.0,0.0,0.991927,1.474418,POL,NZL,871680
3583676,182,166,9618,2006,0.0,3926.0,-0.213329,-0.743599,PYF,NZL,871680
3583677,188,166,9618,2006,0.0,10237.0,0.162432,-0.853059,SAU,NZL,871680
3583678,192,166,9618,2006,35116.0,8718.0,1.5377379999999998,0.503089,SGP,NZL,871680
3583679,208,166,9618,2006,19450.0,0.0,1.902737,0.593294,SWE,NZL,871680
3583680,216,166,9618,2006,23732.0,0.0,0.568209,1.685343,THA,NZL,871680
3583681,221,166,9618,2006,0.0,30980.0,-0.45091499999999995,-0.670044,TON,NZL,871680
3583682,231,166,9618,2006,345337.0,294996.0,1.666643,-0.121679,USA,NZL,871680
3583683,239,166,9618,2006,4020.0,0.0,-0.342779,1.033318,VNM,NZL,871680
3583684,240,166,9618,2006,0.0,13728.0,-1.166741,-0.927552,VUT,NZL,871680
3583685,242,166,9618,2006,0.0,60784.0,0.299266,-0.477783,WSM,NZL,871680
3583686,246,166,9618,2006,69696.0,1821.0,0.37964499999999995,1.466326,ZAF,NZL,871680
3583687,249,166,9618,2006,41865.0,0.0,1.619915,1.2289940000000001,TWN,NZL,871680
3583688,250,166,9618,2006,19193.0,0.0,0.711619,-0.41880200000000006,ANS,NZL,871680
3583689,7,168,9618,2006,8618.0,0.0,0.053903999999999994,-0.735124,ARE,PAK,871680
3583690,17,168,9618,2006,1068.0,1421.0,-0.033711,-0.48450600000000005,BDI,PAK,871680
3583691,22,168,9618,2006,0.0,273698.0,-1.0305309999999999,-0.80937,BGD,PAK,871680
3583692,43,168,9618,2006,177589.0,0.0,0.737888,2.54966,CHN,PAK,871680
3583693,61,168,9618,2006,673106.0,0.0,2.132566,-2.773669,DEU,PAK,871680
3583694,74,168,9618,2006,0.0,2792.0,1.864038,0.8193940000000001,FIN,PAK,871680
3583695,81,168,9618,2006,6836.0,0.0,1.824154,0.614424,GBR,PAK,871680
3583696,103,168,9618,2006,0.0,2360.0,-0.21012399999999998,1.467838,IDN,PAK,871680
3583697,107,168,9618,2006,2133.0,0.0,-0.391023,-0.767861,IRN,PAK,871680
3583698,111,168,9618,2006,5100.0,27687.0,1.293779,0.93995,ITA,PAK,871680
3583699,114,168,9618,2006,213136.0,0.0,2.4348099999999997,0.082887,JPN,PAK,871680
3583700,121,168,9618,2006,11827.0,0.0,1.5384309999999999,0.766628,KOR,PAK,871680
3583701,122,168,9618,2006,0.0,7672.0,-0.589823,-1.142795,KWT,PAK,871680
3583702,134,168,9618,2006,1196.0,0.0,-0.547933,0.08257300000000001,MAR,PAK,871680
3583703,183,168,9618,2006,0.0,2628.0,0.055777999999999994,-1.0379049999999999,QAT,PAK,871680
3583704,186,168,9618,2006,1094.0,0.0,0.801197,0.104683,RUS,PAK,871680
3583705,188,168,9618,2006,0.0,1165.0,0.162432,-0.853059,SAU,PAK,871680
3583706,192,168,9618,2006,17144.0,0.0,1.5377379999999998,0.503089,SGP,PAK,871680
3583707,208,168,9618,2006,21648.0,0.0,1.902737,0.593294,SWE,PAK,871680
3583708,216,168,9618,2006,25852.0,0.0,0.568209,1.685343,THA,PAK,871680
3583709,224,168,9618,2006,39545.0,0.0,0.33971599999999996,2.193384,TUR,PAK,871680
3583710,231,168,9618,2006,475574.0,0.0,1.666643,-0.121679,USA,PAK,871680
3583711,0,169,9618,2006,0.0,1056.0,0.15112799999999998,-0.752631,ABW,PAN,871680
3583712,6,169,9618,2006,0.0,4219.0,0.251825,-0.629035,ANT,PAN,871680
3583713,8,169,9618,2006,2541.0,0.0,0.33055,0.665867,ARG,PAN,871680
3583714,18,169,9618,2006,1935.0,0.0,1.2222540000000002,1.383027,BEL,PAN,871680
3583715,25,169,9618,2006,0.0,5031.0,0.673694,-0.519608,BHS,PAN,871680
3583716,29,169,9618,2006,0.0,1751.0,-0.584902,-0.82437,BLZ,PAN,871680
3583717,32,169,9618,2006,20237.0,856.0,0.633889,1.1474520000000001,BRA,PAN,871680
3583718,33,169,9618,2006,0.0,6728.0,0.977267,0.6046560000000001,BRB,PAN,871680
3583719,42,169,9618,2006,4021.0,1934.0,-0.188298,-0.46778000000000003,CHL,PAN,871680
3583720,43,169,9618,2006,949094.0,0.0,0.737888,2.54966,CHN,PAN,871680
3583721,49,169,9618,2006,45563.0,27603.0,0.129887,0.44371700000000003,COL,PAN,871680
3583722,52,169,9618,2006,2462.0,32295.0,0.042663,-0.376672,CRI,PAN,871680
3583723,54,169,9618,2006,0.0,46684.0,0.204039,-0.5183260000000001,CUB,PAN,871680
3583724,61,169,9618,2006,24547.0,0.0,2.132566,-2.773669,DEU,PAN,871680
3583725,63,169,9618,2006,0.0,1506.0,0.10759400000000001,-0.159215,DMA,PAN,871680
3583726,65,169,9618,2006,0.0,29635.0,-0.24073699999999998,0.049093,DOM,PAN,871680
3583727,67,169,9618,2006,0.0,983.0,-0.878583,-0.9462010000000001,ECU,PAN,871680
3583728,81,169,9618,2006,18279.0,0.0,1.824154,0.614424,GBR,PAN,871680
3583729,93,169,9618,2006,0.0,2008.0,-0.28642199999999995,0.5868439999999999,GTM,PAN,871680
3583730,96,169,9618,2006,0.0,2292.0,-0.813775,-0.8000649999999999,GUY,PAN,871680
3583731,97,169,9618,2006,9400.0,0.0,0.5776319999999999,2.076782,HKG,PAN,871680
3583732,99,169,9618,2006,0.0,8512.0,-0.672074,-0.472138,HND,PAN,871680
3583733,101,169,9618,2006,0.0,1233.0,-1.037941,-0.9475790000000001,HTI,PAN,871680
3583734,111,169,9618,2006,1244.0,0.0,1.293779,0.93995,ITA,PAN,871680
3583735,112,169,9618,2006,0.0,2230.0,-0.5122720000000001,-0.9109809999999999,JAM,PAN,871680
3583736,121,169,9618,2006,10978.0,0.0,1.5384309999999999,0.766628,KOR,PAN,871680
3583737,138,169,9618,2006,242192.0,0.0,1.047268,0.7142270000000001,MEX,PAN,871680
3583738,160,169,9618,2006,0.0,6147.0,-0.998825,-0.893867,NIC,PAN,871680
3583739,179,169,9618,2006,2102.0,0.0,0.5723630000000001,1.92303,PRT,PAN,871680
3583740,180,169,9618,2006,0.0,496.0,-0.520435,-0.7839119999999999,PRY,PAN,871680
3583741,197,169,9618,2006,94400.0,2898.0,-0.135312,0.140874,SLV,PAN,871680
3583742,230,169,9618,2006,0.0,811.0,0.234384,0.118878,URY,PAN,871680
3583743,231,169,9618,2006,482878.0,9908.0,1.666643,-0.121679,USA,PAN,871680
3583744,236,169,9618,2006,0.0,138864.0,-0.340972,-1.015462,VEN,PAN,871680
3583745,249,169,9618,2006,12246.0,0.0,1.619915,1.2289940000000001,TWN,PAN,871680
3583746,8,173,9618,2006,22389.0,0.0,0.33055,0.665867,ARG,PER,871680
3583747,32,173,9618,2006,24637.0,0.0,0.633889,1.1474520000000001,BRA,PER,871680
3583748,39,173,9618,2006,3221.0,0.0,0.865685,1.1480489999999999,CAN,PER,871680
3583749,42,173,9618,2006,55729.0,0.0,-0.188298,-0.46778000000000003,CHL,PER,871680
3583750,43,173,9618,2006,71422.0,0.0,0.737888,2.54966,CHN,PER,871680
3583751,49,173,9618,2006,104700.0,3219.0,0.129887,0.44371700000000003,COL,PER,871680
3583752,61,173,9618,2006,243563.0,0.0,2.132566,-2.773669,DEU,PER,871680
3583753,67,173,9618,2006,0.0,3018.0,-0.878583,-0.9462010000000001,ECU,PER,871680
3583754,71,173,9618,2006,140106.0,0.0,0.9091370000000001,2.068166,ESP,PER,871680
3583755,74,173,9618,2006,4903.0,0.0,1.864038,0.8193940000000001,FIN,PER,871680
3583756,77,173,9618,2006,17721.0,0.0,1.47591,0.489466,FRA,PER,871680
3583757,102,173,9618,2006,4566.0,0.0,1.4034309999999999,0.835144,HUN,PER,871680
3583758,104,173,9618,2006,3017.0,0.0,0.285652,2.731318,IND,PER,871680
3583759,111,173,9618,2006,11462.0,19213.0,1.293779,0.93995,ITA,PER,871680
3583760,114,173,9618,2006,1673.0,0.0,2.4348099999999997,0.082887,JPN,PER,871680
3583761,121,173,9618,2006,10334.0,0.0,1.5384309999999999,0.766628,KOR,PER,871680
3583762,138,173,9618,2006,30712.0,0.0,1.047268,0.7142270000000001,MEX,PER,871680
3583763,162,173,9618,2006,2493.0,6376.0,1.192134,1.450852,NLD,PER,871680
3583764,177,173,9618,2006,2819.0,0.0,0.991927,1.474418,POL,PER,871680
3583765,208,173,9618,2006,1227.0,0.0,1.902737,0.593294,SWE,PER,871680
3583766,230,173,9618,2006,0.0,2996.0,0.234384,0.118878,URY,PER,871680
3583767,231,173,9618,2006,12994.0,0.0,1.666643,-0.121679,USA,PER,871680
3583768,249,173,9618,2006,3470.0,0.0,1.619915,1.2289940000000001,TWN,PER,871680
3583769,14,174,9618,2006,3968.0,70393.0,0.067166,0.373148,AUS,PHL,871680
3583770,32,174,9618,2006,2811.0,0.0,0.633889,1.1474520000000001,BRA,PHL,871680
3583771,39,174,9618,2006,9652.0,0.0,0.865685,1.1480489999999999,CAN,PHL,871680
3583772,41,174,9618,2006,6433.0,1051.0,2.052534,0.515523,CHE,PHL,871680
3583773,43,174,9618,2006,1175746.0,0.0,0.737888,2.54966,CHN,PHL,871680
3583774,61,174,9618,2006,79026.0,18140.0,2.132566,-2.773669,DEU,PHL,871680
3583775,64,174,9618,2006,0.0,28546.0,1.2308700000000001,1.180914,DNK,PHL,871680
3583776,71,174,9618,2006,1429.0,0.0,0.9091370000000001,2.068166,ESP,PHL,871680
3583777,74,174,9618,2006,0.0,2653.0,1.864038,0.8193940000000001,FIN,PHL,871680
3583778,77,174,9618,2006,0.0,90650.0,1.47591,0.489466,FRA,PHL,871680
3583779,81,174,9618,2006,11179.0,0.0,1.824154,0.614424,GBR,PHL,871680
3583780,95,174,9618,2006,0.0,3214.0,0.385261,-0.26928,GUM,PHL,871680
3583781,97,174,9618,2006,13906.0,0.0,0.5776319999999999,2.076782,HKG,PHL,871680
3583782,103,174,9618,2006,14689.0,0.0,-0.21012399999999998,1.467838,IDN,PHL,871680
3583783,107,174,9618,2006,0.0,23105.0,-0.391023,-0.767861,IRN,PHL,871680
3583784,111,174,9618,2006,7627.0,0.0,1.293779,0.93995,ITA,PHL,871680
3583785,114,174,9618,2006,1251263.0,95991.0,2.4348099999999997,0.082887,JPN,PHL,871680
3583786,118,174,9618,2006,526.0,1452.0,-1.323365,-1.185827,KHM,PHL,871680
3583787,121,174,9618,2006,88592.0,4401.0,1.5384309999999999,0.766628,KOR,PHL,871680
3583788,138,174,9618,2006,1018.0,0.0,1.047268,0.7142270000000001,MEX,PHL,871680
3583789,153,174,9618,2006,42546.0,9226.0,0.7896569999999999,0.363625,MYS,PHL,871680
3583790,162,174,9618,2006,17279.0,0.0,1.192134,1.450852,NLD,PHL,871680
3583791,163,174,9618,2006,0.0,2891.0,1.0787930000000001,0.014051,NOR,PHL,871680
3583792,188,174,9618,2006,0.0,3495.0,0.162432,-0.853059,SAU,PHL,871680
3583793,192,174,9618,2006,18182.0,1737.0,1.5377379999999998,0.503089,SGP,PHL,871680
3583794,208,174,9618,2006,1032.0,47082.0,1.902737,0.593294,SWE,PHL,871680
3583795,216,174,9618,2006,7015.0,38395.0,0.568209,1.685343,THA,PHL,871680
3583796,231,174,9618,2006,117402.0,166052.0,1.666643,-0.121679,USA,PHL,871680
3583797,239,174,9618,2006,0.0,3607.0,-0.342779,1.033318,VNM,PHL,871680
3583798,249,174,9618,2006,27535.0,1014.0,1.619915,1.2289940000000001,TWN,PHL,871680
3583799,1,177,9618,2006,0.0,1276.0,-0.626011,-0.6799689999999999,AFG,POL,871680
3583800,14,177,9618,2006,0.0,6316.0,0.067166,0.373148,AUS,POL,871680
3583801,15,177,9618,2006,16704.0,1749182.0,1.775669,0.192717,AUT,POL,871680
3583802,18,177,9618,2006,71405.0,202583.0,1.2222540000000002,1.383027,BEL,POL,871680
3583803,23,177,9618,2006,1706.0,412223.0,0.414563,1.378005,BGR,POL,871680
3583804,26,177,9618,2006,0.0,5317.0,0.40788800000000003,0.562854,BIH,POL,871680
3583805,28,177,9618,2006,0.0,486832.0,0.919853,0.384409,BLR,POL,871680
3583806,39,177,9618,2006,0.0,83399.0,0.865685,1.1480489999999999,CAN,POL,871680
3583807,41,177,9618,2006,37547.0,609263.0,2.052534,0.515523,CHE,POL,871680
3583808,42,177,9618,2006,2053.0,33279.0,-0.188298,-0.46778000000000003,CHL,POL,871680
3583809,43,177,9618,2006,1135955.0,8670.0,0.737888,2.54966,CHN,POL,871680
3583810,59,177,9618,2006,846215.0,371140.0,1.564058,0.6023649999999999,CZE,POL,871680
3583811,61,177,9618,2006,9335432.0,24013204.0,2.132566,-2.773669,DEU,POL,871680
3583812,64,177,9618,2006,184856.0,1047960.0,1.2308700000000001,1.180914,DNK,POL,871680
3583813,65,177,9618,2006,0.0,1205.0,-0.24073699999999998,0.049093,DOM,POL,871680
3583814,67,177,9618,2006,0.0,1299.0,-0.878583,-0.9462010000000001,ECU,POL,871680
3583815,71,177,9618,2006,4065.0,1210342.0,0.9091370000000001,2.068166,ESP,POL,871680
3583816,72,177,9618,2006,0.0,83476.0,0.6426350000000001,0.925003,EST,POL,871680
3583817,74,177,9618,2006,99836.0,35140.0,1.864038,0.8193940000000001,FIN,POL,871680
3583818,77,177,9618,2006,1862552.0,2608224.0,1.47591,0.489466,FRA,POL,871680
3583819,81,177,9618,2006,101364.0,686450.0,1.824154,0.614424,GBR,POL,871680
3583820,90,177,9618,2006,0.0,11674.0,0.261955,1.488958,GRC,POL,871680
3583821,97,177,9618,2006,4327.0,0.0,0.5776319999999999,2.076782,HKG,POL,871680
3583822,100,177,9618,2006,0.0,51206.0,0.755787,0.992614,HRV,POL,871680
3583823,102,177,9618,2006,0.0,187286.0,1.4034309999999999,0.835144,HUN,POL,871680
3583824,106,177,9618,2006,0.0,71850.0,1.43804,0.06463200000000001,IRL,POL,871680
3583825,109,177,9618,2006,0.0,15975.0,0.170234,-0.302203,ISL,POL,871680
3583826,110,177,9618,2006,0.0,2754.0,1.3082129999999998,0.783845,ISR,POL,871680
3583827,111,177,9618,2006,556869.0,244435.0,1.293779,0.93995,ITA,POL,871680
3583828,114,177,9618,2006,107547.0,0.0,2.4348099999999997,0.082887,JPN,POL,871680
3583829,115,177,9618,2006,0.0,9367.0,0.038229,-0.579421,KAZ,POL,871680
3583830,121,177,9618,2006,392013.0,3979.0,1.5384309999999999,0.766628,KOR,POL,871680
3583831,122,177,9618,2006,0.0,20656.0,-0.589823,-1.142795,KWT,POL,871680
3583832,130,177,9618,2006,28532.0,905976.0,0.44063599999999997,1.163857,LTU,POL,871680
3583833,131,177,9618,2006,92683.0,0.0,1.4345620000000001,0.8840819999999999,LUX,POL,871680
3583834,132,177,9618,2006,0.0,180390.0,0.531375,0.9414170000000001,LVA,POL,871680
3583835,135,177,9618,2006,0.0,58559.0,-0.017707,0.135305,MDA,POL,871680
3583836,138,177,9618,2006,0.0,3268.0,1.047268,0.7142270000000001,MEX,POL,871680
3583837,162,177,9618,2006,341667.0,3291878.0,1.192134,1.450852,NLD,POL,871680
3583838,163,177,9618,2006,20029.0,831975.0,1.0787930000000001,0.014051,NOR,POL,871680
3583839,166,177,9618,2006,0.0,11492.0,0.5371,0.8240209999999999,NZL,POL,871680
3583840,173,177,9618,2006,0.0,2819.0,-0.551095,0.044295,PER,POL,871680
3583841,179,177,9618,2006,0.0,156886.0,0.5723630000000001,1.92303,PRT,POL,871680
3583842,185,177,9618,2006,3085.0,1846871.0,0.550825,1.170744,ROU,POL,871680
3583843,186,177,9618,2006,0.0,2034772.0,0.801197,0.104683,RUS,POL,871680
3583844,188,177,9618,2006,0.0,69452.0,0.162432,-0.853059,SAU,POL,871680
3583845,192,177,9618,2006,0.0,6546.0,1.5377379999999998,0.503089,SGP,POL,871680
3583846,201,177,9618,2006,0.0,4041.0,0.547824,1.5588879999999998,SRB,POL,871680
3583847,206,177,9618,2006,17669.0,104060.0,1.291583,0.868317,SVK,POL,871680
3583848,207,177,9618,2006,19485.0,150353.0,1.5882370000000001,0.800719,SVN,POL,871680
3583849,208,177,9618,2006,241191.0,1236310.0,1.902737,0.593294,SWE,POL,871680
3583850,216,177,9618,2006,10539.0,0.0,0.568209,1.685343,THA,POL,871680
3583851,223,177,9618,2006,0.0,918.0,-0.013636,0.804752,TUN,POL,871680
3583852,224,177,9618,2006,15438.0,1160.0,0.33971599999999996,2.193384,TUR,POL,871680
3583853,228,177,9618,2006,0.0,1809945.0,0.7008439999999999,0.79656,UKR,POL,871680
3583854,230,177,9618,2006,0.0,12639.0,0.234384,0.118878,URY,POL,871680
3583855,231,177,9618,2006,102396.0,466699.0,1.666643,-0.121679,USA,POL,871680
3583856,232,177,9618,2006,0.0,134899.0,-0.457759,-0.784626,UZB,POL,871680
3583857,237,177,9618,2006,0.0,6085.0,1.05644,0.179306,VGB,POL,871680
3583858,239,177,9618,2006,43255.0,0.0,-0.342779,1.033318,VNM,POL,871680
3583859,246,177,9618,2006,0.0,9812.0,0.37964499999999995,1.466326,ZAF,POL,871680
3583860,249,177,9618,2006,24537.0,0.0,1.619915,1.2289940000000001,TWN,POL,871680
3583861,250,177,9618,2006,22016.0,1274.0,0.711619,-0.41880200000000006,ANS,POL,871680
3583862,8,180,9618,2006,167653.0,0.0,0.33055,0.665867,ARG,PRY,871680
3583863,32,180,9618,2006,398277.0,0.0,0.633889,1.1474520000000001,BRA,PRY,871680
3583864,43,180,9618,2006,162367.0,0.0,0.737888,2.54966,CHN,PRY,871680
3583865,61,180,9618,2006,9198.0,0.0,2.132566,-2.773669,DEU,PRY,871680
3583866,111,180,9618,2006,4346.0,0.0,1.293779,0.93995,ITA,PRY,871680
3583867,169,180,9618,2006,496.0,0.0,0.306664,0.638533,PAN,PRY,871680
3583868,230,180,9618,2006,4677.0,0.0,0.234384,0.118878,URY,PRY,871680
3583869,231,180,9618,2006,3373.0,0.0,1.666643,-0.121679,USA,PRY,871680
3583870,250,180,9618,2006,1296.0,0.0,0.711619,-0.41880200000000006,ANS,PRY,871680
3583871,7,183,9618,2006,148145.0,0.0,0.053903999999999994,-0.735124,ARE,QAT,871680
3583872,14,183,9618,2006,11169.0,0.0,0.067166,0.373148,AUS,QAT,871680
3583873,15,183,9618,2006,795.0,0.0,1.775669,0.192717,AUT,QAT,871680
3583874,18,183,9618,2006,3585.0,0.0,1.2222540000000002,1.383027,BEL,QAT,871680
3583875,24,183,9618,2006,16828.0,0.0,0.172724,-0.9449879999999999,BHR,QAT,871680
3583876,39,183,9618,2006,3939.0,0.0,0.865685,1.1480489999999999,CAN,QAT,871680
3583877,43,183,9618,2006,478988.0,0.0,0.737888,2.54966,CHN,QAT,871680
3583878,61,183,9618,2006,111546.0,0.0,2.132566,-2.773669,DEU,QAT,871680
3583879,64,183,9618,2006,1651.0,0.0,1.2308700000000001,1.180914,DNK,QAT,871680
3583880,71,183,9618,2006,31622.0,0.0,0.9091370000000001,2.068166,ESP,QAT,871680
3583881,74,183,9618,2006,3130.0,0.0,1.864038,0.8193940000000001,FIN,QAT,871680
3583882,77,183,9618,2006,614656.0,0.0,1.47591,0.489466,FRA,QAT,871680
3583883,81,183,9618,2006,45626.0,0.0,1.824154,0.614424,GBR,QAT,871680
3583884,97,183,9618,2006,4883.0,0.0,0.5776319999999999,2.076782,HKG,QAT,871680
3583885,103,183,9618,2006,10052.0,0.0,-0.21012399999999998,1.467838,IDN,QAT,871680
3583886,104,183,9618,2006,19096.0,0.0,0.285652,2.731318,IND,QAT,871680
3583887,107,183,9618,2006,1682.0,0.0,-0.391023,-0.767861,IRN,QAT,871680
3583888,111,183,9618,2006,47424.0,0.0,1.293779,0.93995,ITA,QAT,871680
3583889,114,183,9618,2006,55347.0,0.0,2.4348099999999997,0.082887,JPN,QAT,871680
3583890,121,183,9618,2006,12180.0,0.0,1.5384309999999999,0.766628,KOR,QAT,871680
3583891,122,183,9618,2006,42802.0,0.0,-0.589823,-1.142795,KWT,QAT,871680
3583892,124,183,9618,2006,19782.0,0.0,0.3861,1.586183,LBN,QAT,871680
3583893,131,183,9618,2006,970.0,0.0,1.4345620000000001,0.8840819999999999,LUX,QAT,871680
3583894,138,183,9618,2006,2547.0,0.0,1.047268,0.7142270000000001,MEX,QAT,871680
3583895,143,183,9618,2006,5101.0,0.0,-1.543679,-1.145623,MMR,QAT,871680
3583896,153,183,9618,2006,31542.0,0.0,0.7896569999999999,0.363625,MYS,QAT,871680
3583897,162,183,9618,2006,3673.0,0.0,1.192134,1.450852,NLD,QAT,871680
3583898,168,183,9618,2006,2628.0,0.0,-0.449333,0.563013,PAK,QAT,871680
3583899,185,183,9618,2006,1176.0,0.0,0.550825,1.170744,ROU,QAT,871680
3583900,188,183,9618,2006,20619.0,5411.0,0.162432,-0.853059,SAU,QAT,871680
3583901,192,183,9618,2006,6836.0,0.0,1.5377379999999998,0.503089,SGP,QAT,871680
3583902,207,183,9618,2006,6674.0,0.0,1.5882370000000001,0.800719,SVN,QAT,871680
3583903,208,183,9618,2006,925.0,0.0,1.902737,0.593294,SWE,QAT,871680
3583904,212,183,9618,2006,965.0,0.0,-0.588695,0.532487,SYR,QAT,871680
3583905,216,183,9618,2006,2703.0,0.0,0.568209,1.685343,THA,QAT,871680
3583906,224,183,9618,2006,3348.0,0.0,0.33971599999999996,2.193384,TUR,QAT,871680
3583907,231,183,9618,2006,208401.0,0.0,1.666643,-0.121679,USA,QAT,871680
3583908,246,183,9618,2006,1848.0,0.0,0.37964499999999995,1.466326,ZAF,QAT,871680
3583909,249,183,9618,2006,13819.0,0.0,1.619915,1.2289940000000001,TWN,QAT,871680
3583910,15,185,9618,2006,167407.0,6491.0,1.775669,0.192717,AUT,ROU,871680
3583911,18,185,9618,2006,275098.0,483382.0,1.2222540000000002,1.383027,BEL,ROU,871680
3583912,23,185,9618,2006,27942.0,2950.0,0.414563,1.378005,BGR,ROU,871680
3583913,39,185,9618,2006,1787.0,0.0,0.865685,1.1480489999999999,CAN,ROU,871680
3583914,41,185,9618,2006,6468.0,0.0,2.052534,0.515523,CHE,ROU,871680
3583915,43,185,9618,2006,359197.0,0.0,0.737888,2.54966,CHN,ROU,871680
3583916,59,185,9618,2006,107192.0,0.0,1.564058,0.6023649999999999,CZE,ROU,871680
3583917,61,185,9618,2006,4196361.0,279365.0,2.132566,-2.773669,DEU,ROU,871680
3583918,64,185,9618,2006,26631.0,0.0,1.2308700000000001,1.180914,DNK,ROU,871680
3583919,71,185,9618,2006,3427.0,7341.0,0.9091370000000001,2.068166,ESP,ROU,871680
3583920,72,185,9618,2006,2014.0,0.0,0.6426350000000001,0.925003,EST,ROU,871680
3583921,74,185,9618,2006,6535.0,1737.0,1.864038,0.8193940000000001,FIN,ROU,871680
3583922,77,185,9618,2006,869331.0,230974.0,1.47591,0.489466,FRA,ROU,871680
3583923,81,185,9618,2006,10699.0,0.0,1.824154,0.614424,GBR,ROU,871680
3583924,90,185,9618,2006,246567.0,0.0,0.261955,1.488958,GRC,ROU,871680
3583925,100,185,9618,2006,803483.0,1981.0,0.755787,0.992614,HRV,ROU,871680
3583926,102,185,9618,2006,326900.0,28286.0,1.4034309999999999,0.835144,HUN,ROU,871680
3583927,107,185,9618,2006,0.0,109389.0,-0.391023,-0.767861,IRN,ROU,871680
3583928,111,185,9618,2006,418674.0,68281.0,1.293779,0.93995,ITA,ROU,871680
3583929,114,185,9618,2006,1169.0,0.0,2.4348099999999997,0.082887,JPN,ROU,871680
3583930,130,185,9618,2006,5881.0,0.0,0.44063599999999997,1.163857,LTU,ROU,871680
3583931,135,185,9618,2006,0.0,17653.0,-0.017707,0.135305,MDA,ROU,871680
3583932,138,185,9618,2006,0.0,4121.0,1.047268,0.7142270000000001,MEX,ROU,871680
3583933,142,185,9618,2006,106132.0,0.0,1.384411,0.093734,MLT,ROU,871680
3583934,162,185,9618,2006,310049.0,138394.0,1.192134,1.450852,NLD,ROU,871680
3583935,163,185,9618,2006,1482.0,12234.0,1.0787930000000001,0.014051,NOR,ROU,871680
3583936,177,185,9618,2006,1846871.0,3085.0,0.991927,1.474418,POL,ROU,871680
3583937,179,185,9618,2006,13705.0,0.0,0.5723630000000001,1.92303,PRT,ROU,871680
3583938,183,185,9618,2006,0.0,1176.0,0.055777999999999994,-1.0379049999999999,QAT,ROU,871680
3583939,188,185,9618,2006,0.0,7545.0,0.162432,-0.853059,SAU,ROU,871680
3583940,201,185,9618,2006,0.0,2300.0,0.547824,1.5588879999999998,SRB,ROU,871680
3583941,206,185,9618,2006,32561.0,40176.0,1.291583,0.868317,SVK,ROU,871680
3583942,207,185,9618,2006,1116236.0,43607.0,1.5882370000000001,0.800719,SVN,ROU,871680
3583943,208,185,9618,2006,13317.0,0.0,1.902737,0.593294,SWE,ROU,871680
3583944,224,185,9618,2006,526652.0,47766.0,0.33971599999999996,2.193384,TUR,ROU,871680
3583945,228,185,9618,2006,0.0,19149.0,0.7008439999999999,0.79656,UKR,ROU,871680
3583946,231,185,9618,2006,35827.0,108425.0,1.666643,-0.121679,USA,ROU,871680
3583947,239,185,9618,2006,10094.0,0.0,-0.342779,1.033318,VNM,ROU,871680
3583948,249,185,9618,2006,42124.0,0.0,1.619915,1.2289940000000001,TWN,ROU,871680
3583949,7,188,9618,2006,38867.0,111745.0,0.053903999999999994,-0.735124,ARE,SAU,871680
3583950,8,188,9618,2006,1643.0,0.0,0.33055,0.665867,ARG,SAU,871680
3583951,14,188,9618,2006,108422.0,0.0,0.067166,0.373148,AUS,SAU,871680
3583952,15,188,9618,2006,12481.0,0.0,1.775669,0.192717,AUT,SAU,871680
3583953,18,188,9618,2006,6646.0,0.0,1.2222540000000002,1.383027,BEL,SAU,871680
3583954,24,188,9618,2006,39159.0,73117.0,0.172724,-0.9449879999999999,BHR,SAU,871680
3583955,32,188,9618,2006,20909.0,0.0,0.633889,1.1474520000000001,BRA,SAU,871680
3583956,39,188,9618,2006,10652.0,0.0,0.865685,1.1480489999999999,CAN,SAU,871680
3583957,41,188,9618,2006,13005.0,0.0,2.052534,0.515523,CHE,SAU,871680
3583958,43,188,9618,2006,3464226.0,0.0,0.737888,2.54966,CHN,SAU,871680
3583959,61,188,9618,2006,861855.0,0.0,2.132566,-2.773669,DEU,SAU,871680
3583960,64,188,9618,2006,14940.0,0.0,1.2308700000000001,1.180914,DNK,SAU,871680
3583961,68,188,9618,2006,17108.0,0.0,-0.182272,0.40222399999999997,EGY,SAU,871680
3583962,71,188,9618,2006,290460.0,3367.0,0.9091370000000001,2.068166,ESP,SAU,871680
3583963,73,188,9618,2006,0.0,18964.0,-0.9557180000000001,-0.9153479999999999,ETH,SAU,871680
3583964,74,188,9618,2006,15713.0,0.0,1.864038,0.8193940000000001,FIN,SAU,871680
3583965,77,188,9618,2006,1314538.0,0.0,1.47591,0.489466,FRA,SAU,871680
3583966,81,188,9618,2006,345978.0,0.0,1.824154,0.614424,GBR,SAU,871680
3583967,90,188,9618,2006,868.0,0.0,0.261955,1.488958,GRC,SAU,871680
3583968,104,188,9618,2006,25256.0,2106.0,0.285652,2.731318,IND,SAU,871680
3583969,111,188,9618,2006,323127.0,0.0,1.293779,0.93995,ITA,SAU,871680
3583970,113,188,9618,2006,1580.0,30377.0,0.166718,0.331248,JOR,SAU,871680
3583971,114,188,9618,2006,790716.0,0.0,2.4348099999999997,0.082887,JPN,SAU,871680
3583972,121,188,9618,2006,237316.0,0.0,1.5384309999999999,0.766628,KOR,SAU,871680
3583973,122,188,9618,2006,4084.0,166393.0,-0.589823,-1.142795,KWT,SAU,871680
3583974,124,188,9618,2006,2425.0,0.0,0.3861,1.586183,LBN,SAU,871680
3583975,138,188,9618,2006,8696.0,0.0,1.047268,0.7142270000000001,MEX,SAU,871680
3583976,153,188,9618,2006,22758.0,0.0,0.7896569999999999,0.363625,MYS,SAU,871680
3583977,162,188,9618,2006,56505.0,0.0,1.192134,1.450852,NLD,SAU,871680
3583978,166,188,9618,2006,10237.0,0.0,0.5371,0.8240209999999999,NZL,SAU,871680
3583979,167,188,9618,2006,0.0,10448.0,-0.6373989999999999,-1.092554,OMN,SAU,871680
3583980,168,188,9618,2006,1165.0,0.0,-0.449333,0.563013,PAK,SAU,871680
3583981,174,188,9618,2006,3495.0,0.0,0.161994,0.036631,PHL,SAU,871680
3583982,177,188,9618,2006,69452.0,0.0,0.991927,1.474418,POL,SAU,871680
3583983,179,188,9618,2006,3555.0,0.0,0.5723630000000001,1.92303,PRT,SAU,871680
3583984,183,188,9618,2006,5411.0,20619.0,0.055777999999999994,-1.0379049999999999,QAT,SAU,871680
3583985,185,188,9618,2006,7545.0,0.0,0.550825,1.170744,ROU,SAU,871680
3583986,190,188,9618,2006,0.0,170222.0,-1.873762,-1.278378,SDN,SAU,871680
3583987,192,188,9618,2006,36803.0,0.0,1.5377379999999998,0.503089,SGP,SAU,871680
3583988,199,188,9618,2006,0.0,9617.0,-0.8717010000000001,-0.8264969999999999,SOM,SAU,871680
3583989,206,188,9618,2006,2577.0,0.0,1.291583,0.868317,SVK,SAU,871680
3583990,207,188,9618,2006,53024.0,0.0,1.5882370000000001,0.800719,SVN,SAU,871680
3583991,208,188,9618,2006,57759.0,0.0,1.902737,0.593294,SWE,SAU,871680
3583992,212,188,9618,2006,9167.0,0.0,-0.588695,0.532487,SYR,SAU,871680
3583993,216,188,9618,2006,135604.0,0.0,0.568209,1.685343,THA,SAU,871680
3583994,224,188,9618,2006,58768.0,0.0,0.33971599999999996,2.193384,TUR,SAU,871680
3583995,231,188,9618,2006,1219028.0,0.0,1.666643,-0.121679,USA,SAU,871680
3583996,243,188,9618,2006,0.0,10247.0,-1.0407110000000002,-1.13042,YEM,SAU,871680
3583997,249,188,9618,2006,59364.0,0.0,1.619915,1.2289940000000001,TWN,SAU,871680
3583998,250,188,9618,2006,65708.0,0.0,0.711619,-0.41880200000000006,ANS,SAU,871680
3583999,32,197,9618,2006,6051.0,0.0,0.633889,1.1474520000000001,BRA,SLV,871680
3584000,43,197,9618,2006,206217.0,0.0,0.737888,2.54966,CHN,SLV,871680
3584001,52,197,9618,2006,0.0,24858.0,0.042663,-0.376672,CRI,SLV,871680
3584002,61,197,9618,2006,126182.0,0.0,2.132566,-2.773669,DEU,SLV,871680
3584003,65,197,9618,2006,63322.0,0.0,-0.24073699999999998,0.049093,DOM,SLV,871680
3584004,71,197,9618,2006,15261.0,0.0,0.9091370000000001,2.068166,ESP,SLV,871680
3584005,77,197,9618,2006,2017.0,903.0,1.47591,0.489466,FRA,SLV,871680
3584006,93,197,9618,2006,143688.0,85366.0,-0.28642199999999995,0.5868439999999999,GTM,SLV,871680
3584007,97,197,9618,2006,8779.0,0.0,0.5776319999999999,2.076782,HKG,SLV,871680
3584008,99,197,9618,2006,0.0,89161.0,-0.672074,-0.472138,HND,SLV,871680
3584009,111,197,9618,2006,53491.0,0.0,1.293779,0.93995,ITA,SLV,871680
3584010,114,197,9618,2006,14637.0,0.0,2.4348099999999997,0.082887,JPN,SLV,871680
3584011,138,197,9618,2006,222000.0,0.0,1.047268,0.7142270000000001,MEX,SLV,871680
3584012,160,197,9618,2006,2928.0,69117.0,-0.998825,-0.893867,NIC,SLV,871680
3584013,169,197,9618,2006,2898.0,94400.0,0.306664,0.638533,PAN,SLV,871680
3584014,231,197,9618,2006,45127.0,0.0,1.666643,-0.121679,USA,SLV,871680
3584015,236,197,9618,2006,0.0,57340.0,-0.340972,-1.015462,VEN,SLV,871680
3584016,249,197,9618,2006,2159.0,0.0,1.619915,1.2289940000000001,TWN,SLV,871680
3584017,6,205,9618,2006,764.0,0.0,0.251825,-0.629035,ANT,SUR,871680
3584018,32,205,9618,2006,1214.0,0.0,0.633889,1.1474520000000001,BRA,SUR,871680
3584019,43,205,9618,2006,48454.0,0.0,0.737888,2.54966,CHN,SUR,871680
3584020,96,205,9618,2006,1529.0,5415.0,-0.813775,-0.8000649999999999,GUY,SUR,871680
3584021,100,205,9618,2006,28515.0,0.0,0.755787,0.992614,HRV,SUR,871680
3584022,162,205,9618,2006,200299.0,0.0,1.192134,1.450852,NLD,SUR,871680
3584023,222,205,9618,2006,4400.0,0.0,-0.20651399999999998,-1.024907,TTO,SUR,871680
3584024,231,205,9618,2006,29429.0,0.0,1.666643,-0.121679,USA,SUR,871680
3584025,7,208,9618,2006,0.0,92993.0,0.053903999999999994,-0.735124,ARE,SWE,871680
3584026,8,208,9618,2006,0.0,1464.0,0.33055,0.665867,ARG,SWE,871680
3584027,9,208,9618,2006,0.0,3665.0,0.14539100000000002,-0.558014,ARM,SWE,871680
3584028,14,208,9618,2006,0.0,200398.0,0.067166,0.373148,AUS,SWE,871680
3584029,15,208,9618,2006,18039.0,379104.0,1.775669,0.192717,AUT,SWE,871680
3584030,18,208,9618,2006,519097.0,750124.0,1.2222540000000002,1.383027,BEL,SWE,871680
3584031,23,208,9618,2006,30432.0,66926.0,0.414563,1.378005,BGR,SWE,871680
3584032,26,208,9618,2006,0.0,1594.0,0.40788800000000003,0.562854,BIH,SWE,871680
3584033,28,208,9618,2006,0.0,3880.0,0.919853,0.384409,BLR,SWE,871680
3584034,32,208,9618,2006,12234.0,5878.0,0.633889,1.1474520000000001,BRA,SWE,871680
3584035,39,208,9618,2006,5465.0,579809.0,0.865685,1.1480489999999999,CAN,SWE,871680
3584036,41,208,9618,2006,46901.0,39897.0,2.052534,0.515523,CHE,SWE,871680
3584037,42,208,9618,2006,0.0,16438.0,-0.188298,-0.46778000000000003,CHL,SWE,871680
3584038,43,208,9618,2006,5724472.0,96947.0,0.737888,2.54966,CHN,SWE,871680
3584039,49,208,9618,2006,0.0,2421.0,0.129887,0.44371700000000003,COL,SWE,871680
3584040,52,208,9618,2006,0.0,1756.0,0.042663,-0.376672,CRI,SWE,871680
3584041,58,208,9618,2006,0.0,8440.0,0.708267,-0.048096,CYP,SWE,871680
3584042,59,208,9618,2006,123766.0,316300.0,1.564058,0.6023649999999999,CZE,SWE,871680
3584043,61,208,9618,2006,5533152.0,1622396.0,2.132566,-2.773669,DEU,SWE,871680
3584044,64,208,9618,2006,4856408.0,3852413.0,1.2308700000000001,1.180914,DNK,SWE,871680
3584045,65,208,9618,2006,0.0,10180.0,-0.24073699999999998,0.049093,DOM,SWE,871680
3584046,71,208,9618,2006,62019.0,318522.0,0.9091370000000001,2.068166,ESP,SWE,871680
3584047,72,208,9618,2006,7363670.0,273768.0,0.6426350000000001,0.925003,EST,SWE,871680
3584048,74,208,9618,2006,4903532.0,3075772.0,1.864038,0.8193940000000001,FIN,SWE,871680
3584049,77,208,9618,2006,1989717.0,662381.0,1.47591,0.489466,FRA,SWE,871680
3584050,78,208,9618,2006,0.0,13194.0,-0.117631,-0.69352,FRO,SWE,871680
3584051,81,208,9618,2006,64231.0,528279.0,1.824154,0.614424,GBR,SWE,871680
3584052,90,208,9618,2006,6114.0,78573.0,0.261955,1.488958,GRC,SWE,871680
3584053,97,208,9618,2006,525420.0,38922.0,0.5776319999999999,2.076782,HKG,SWE,871680
3584054,100,208,9618,2006,0.0,53911.0,0.755787,0.992614,HRV,SWE,871680
3584055,102,208,9618,2006,4198.0,109811.0,1.4034309999999999,0.835144,HUN,SWE,871680
3584056,103,208,9618,2006,0.0,6251.0,-0.21012399999999998,1.467838,IDN,SWE,871680
3584057,104,208,9618,2006,0.0,48586.0,0.285652,2.731318,IND,SWE,871680
3584058,106,208,9618,2006,0.0,162037.0,1.43804,0.06463200000000001,IRL,SWE,871680
3584059,107,208,9618,2006,0.0,13853.0,-0.391023,-0.767861,IRN,SWE,871680
3584060,109,208,9618,2006,0.0,60093.0,0.170234,-0.302203,ISL,SWE,871680
3584061,110,208,9618,2006,0.0,13669.0,1.3082129999999998,0.783845,ISR,SWE,871680
3584062,111,208,9618,2006,373729.0,281485.0,1.293779,0.93995,ITA,SWE,871680
3584063,113,208,9618,2006,0.0,7077.0,0.166718,0.331248,JOR,SWE,871680
3584064,114,208,9618,2006,18084.0,939918.0,2.4348099999999997,0.082887,JPN,SWE,871680
3584065,115,208,9618,2006,0.0,1809.0,0.038229,-0.579421,KAZ,SWE,871680
3584066,117,208,9618,2006,0.0,1595.0,-0.034069,0.136694,KGZ,SWE,871680
3584067,118,208,9618,2006,0.0,2630.0,-1.323365,-1.185827,KHM,SWE,871680
3584068,121,208,9618,2006,0.0,14631.0,1.5384309999999999,0.766628,KOR,SWE,871680
3584069,122,208,9618,2006,0.0,37411.0,-0.589823,-1.142795,KWT,SWE,871680
3584070,124,208,9618,2006,0.0,4246.0,0.3861,1.586183,LBN,SWE,871680
3584071,128,208,9618,2006,0.0,4252.0,-0.573767,0.305913,LKA,SWE,871680
3584072,130,208,9618,2006,0.0,83350.0,0.44063599999999997,1.163857,LTU,SWE,871680
3584073,131,208,9618,2006,31584.0,0.0,1.4345620000000001,0.8840819999999999,LUX,SWE,871680
3584074,132,208,9618,2006,1264409.0,208729.0,0.531375,0.9414170000000001,LVA,SWE,871680
3584075,137,208,9618,2006,0.0,3325.0,-0.240191,-0.8320290000000001,MDV,SWE,871680
3584076,138,208,9618,2006,0.0,6898.0,1.047268,0.7142270000000001,MEX,SWE,871680
3584077,142,208,9618,2006,0.0,6865.0,1.384411,0.093734,MLT,SWE,871680
3584078,144,208,9618,2006,0.0,429.0,0.130773,-0.24674699999999997,MNE,SWE,871680
3584079,153,208,9618,2006,536338.0,70824.0,0.7896569999999999,0.363625,MYS,SWE,871680
3584080,156,208,9618,2006,0.0,61797.0,-0.135099,-0.7618779999999999,NCL,SWE,871680
3584081,160,208,9618,2006,0.0,2758.0,-0.998825,-0.893867,NIC,SWE,871680
3584082,162,208,9618,2006,253061.0,944286.0,1.192134,1.450852,NLD,SWE,871680
3584083,163,208,9618,2006,1079956.0,18410092.0,1.0787930000000001,0.014051,NOR,SWE,871680
3584084,166,208,9618,2006,0.0,19450.0,0.5371,0.8240209999999999,NZL,SWE,871680
3584085,167,208,9618,2006,0.0,3153.0,-0.6373989999999999,-1.092554,OMN,SWE,871680
3584086,168,208,9618,2006,0.0,21648.0,-0.449333,0.563013,PAK,SWE,871680
3584087,173,208,9618,2006,0.0,1227.0,-0.551095,0.044295,PER,SWE,871680
3584088,174,208,9618,2006,47082.0,1032.0,0.161994,0.036631,PHL,SWE,871680
3584089,177,208,9618,2006,1236310.0,241191.0,0.991927,1.474418,POL,SWE,871680
3584090,179,208,9618,2006,0.0,12807.0,0.5723630000000001,1.92303,PRT,SWE,871680
3584091,183,208,9618,2006,0.0,925.0,0.055777999999999994,-1.0379049999999999,QAT,SWE,871680
3584092,185,208,9618,2006,0.0,13317.0,0.550825,1.170744,ROU,SWE,871680
3584093,186,208,9618,2006,0.0,928933.0,0.801197,0.104683,RUS,SWE,871680
3584094,188,208,9618,2006,0.0,57759.0,0.162432,-0.853059,SAU,SWE,871680
3584095,190,208,9618,2006,0.0,6112.0,-1.873762,-1.278378,SDN,SWE,871680
3584096,192,208,9618,2006,432685.0,46299.0,1.5377379999999998,0.503089,SGP,SWE,871680
3584097,201,208,9618,2006,0.0,38863.0,0.547824,1.5588879999999998,SRB,SWE,871680
3584098,206,208,9618,2006,7369.0,150526.0,1.291583,0.868317,SVK,SWE,871680
3584099,207,208,9618,2006,18073.0,189751.0,1.5882370000000001,0.800719,SVN,SWE,871680
3584100,212,208,9618,2006,0.0,14033.0,-0.588695,0.532487,SYR,SWE,871680
3584101,216,208,9618,2006,0.0,10592.0,0.568209,1.685343,THA,SWE,871680
3584102,222,208,9618,2006,0.0,17680.0,-0.20651399999999998,-1.024907,TTO,SWE,871680
3584103,223,208,9618,2006,0.0,1541.0,-0.013636,0.804752,TUN,SWE,871680
3584104,224,208,9618,2006,1098.0,17695.0,0.33971599999999996,2.193384,TUR,SWE,871680
3584105,227,208,9618,2006,0.0,2174.0,-0.702511,-0.43976099999999996,UGA,SWE,871680
3584106,228,208,9618,2006,0.0,16997.0,0.7008439999999999,0.79656,UKR,SWE,871680
3584107,231,208,9618,2006,303818.0,3736769.0,1.666643,-0.121679,USA,SWE,871680
3584108,236,208,9618,2006,0.0,12869.0,-0.340972,-1.015462,VEN,SWE,871680
3584109,239,208,9618,2006,111931.0,4996.0,-0.342779,1.033318,VNM,SWE,871680
3584110,246,208,9618,2006,0.0,19048.0,0.37964499999999995,1.466326,ZAF,SWE,871680
3584111,249,208,9618,2006,400107.0,8236.0,1.619915,1.2289940000000001,TWN,SWE,871680
3584112,7,216,9618,2006,0.0,120526.0,0.053903999999999994,-0.735124,ARE,THA,871680
3584113,14,216,9618,2006,4309.0,186284.0,0.067166,0.373148,AUS,THA,871680
3584114,15,216,9618,2006,0.0,30465.0,1.775669,0.192717,AUT,THA,871680
3584115,17,216,9618,2006,3117.0,0.0,-0.033711,-0.48450600000000005,BDI,THA,871680
3584116,18,216,9618,2006,12136.0,0.0,1.2222540000000002,1.383027,BEL,THA,871680
3584117,22,216,9618,2006,0.0,399028.0,-1.0305309999999999,-0.80937,BGD,THA,871680
3584118,24,216,9618,2006,0.0,2060.0,0.172724,-0.9449879999999999,BHR,THA,871680
3584119,33,216,9618,2006,0.0,4063.0,0.977267,0.6046560000000001,BRB,THA,871680
3584120,34,216,9618,2006,0.0,984.0,-1.331831,-0.9170940000000001,BRN,THA,871680
3584121,39,216,9618,2006,0.0,11258.0,0.865685,1.1480489999999999,CAN,THA,871680
3584122,41,216,9618,2006,2254.0,4738.0,2.052534,0.515523,CHE,THA,871680
3584123,43,216,9618,2006,1688913.0,35961.0,0.737888,2.54966,CHN,THA,871680
3584124,49,216,9618,2006,0.0,896.0,0.129887,0.44371700000000003,COL,THA,871680
3584125,59,216,9618,2006,0.0,13109.0,1.564058,0.6023649999999999,CZE,THA,871680
3584126,61,216,9618,2006,76360.0,415264.0,2.132566,-2.773669,DEU,THA,871680
3584127,64,216,9618,2006,0.0,49749.0,1.2308700000000001,1.180914,DNK,THA,871680
3584128,71,216,9618,2006,6005.0,32596.0,0.9091370000000001,2.068166,ESP,THA,871680
3584129,77,216,9618,2006,59899.0,7358.0,1.47591,0.489466,FRA,THA,871680
3584130,81,216,9618,2006,48326.0,252046.0,1.824154,0.614424,GBR,THA,871680
3584131,97,216,9618,2006,165936.0,35736.0,0.5776319999999999,2.076782,HKG,THA,871680
3584132,102,216,9618,2006,169332.0,0.0,1.4034309999999999,0.835144,HUN,THA,871680
3584133,103,216,9618,2006,12811.0,5132.0,-0.21012399999999998,1.467838,IDN,THA,871680
3584134,104,216,9618,2006,8688.0,2173.0,0.285652,2.731318,IND,THA,871680
3584135,106,216,9618,2006,5897.0,0.0,1.43804,0.06463200000000001,IRL,THA,871680
3584136,109,216,9618,2006,0.0,1375.0,0.170234,-0.302203,ISL,THA,871680
3584137,110,216,9618,2006,10248.0,0.0,1.3082129999999998,0.783845,ISR,THA,871680
3584138,111,216,9618,2006,38458.0,0.0,1.293779,0.93995,ITA,THA,871680
3584139,113,216,9618,2006,0.0,10297.0,0.166718,0.331248,JOR,THA,871680
3584140,114,216,9618,2006,761371.0,302706.0,2.4348099999999997,0.082887,JPN,THA,871680
3584141,116,216,9618,2006,0.0,3489.0,-0.38287899999999997,1.060286,KEN,THA,871680
3584142,118,216,9618,2006,0.0,10002.0,-1.323365,-1.185827,KHM,THA,871680
3584143,121,216,9618,2006,1639752.0,36240.0,1.5384309999999999,0.766628,KOR,THA,871680
3584144,122,216,9618,2006,0.0,8083.0,-0.589823,-1.142795,KWT,THA,871680
3584145,123,216,9618,2006,0.0,30992.0,-1.1707450000000001,-1.057348,LAO,THA,871680
3584146,128,216,9618,2006,0.0,22531.0,-0.573767,0.305913,LKA,THA,871680
3584147,133,216,9618,2006,0.0,1790.0,-0.07118200000000001,-0.228354,MAC,THA,871680
3584148,134,216,9618,2006,0.0,97711.0,-0.547933,0.08257300000000001,MAR,THA,871680
3584149,137,216,9618,2006,0.0,59130.0,-0.240191,-0.8320290000000001,MDV,THA,871680
3584150,138,216,9618,2006,0.0,643772.0,1.047268,0.7142270000000001,MEX,THA,871680
3584151,142,216,9618,2006,0.0,6581.0,1.384411,0.093734,MLT,THA,871680
3584152,147,216,9618,2006,0.0,4101.0,-1.0250629999999998,-1.067359,MOZ,THA,871680
3584153,153,216,9618,2006,262999.0,9246.0,0.7896569999999999,0.363625,MYS,THA,871680
3584154,162,216,9618,2006,11326.0,47808.0,1.192134,1.450852,NLD,THA,871680
3584155,163,216,9618,2006,0.0,3727.0,1.0787930000000001,0.014051,NOR,THA,871680
3584156,166,216,9618,2006,0.0,23732.0,0.5371,0.8240209999999999,NZL,THA,871680
3584157,167,216,9618,2006,0.0,1159.0,-0.6373989999999999,-1.092554,OMN,THA,871680
3584158,168,216,9618,2006,0.0,25852.0,-0.449333,0.563013,PAK,THA,871680
3584159,174,216,9618,2006,38395.0,7015.0,0.161994,0.036631,PHL,THA,871680
3584160,177,216,9618,2006,0.0,10539.0,0.991927,1.474418,POL,THA,871680
3584161,183,216,9618,2006,0.0,2703.0,0.055777999999999994,-1.0379049999999999,QAT,THA,871680
3584162,186,216,9618,2006,0.0,8157.0,0.801197,0.104683,RUS,THA,871680
3584163,188,216,9618,2006,0.0,135604.0,0.162432,-0.853059,SAU,THA,871680
3584164,192,216,9618,2006,14596.0,44242.0,1.5377379999999998,0.503089,SGP,THA,871680
3584165,206,216,9618,2006,0.0,1283.0,1.291583,0.868317,SVK,THA,871680
3584166,207,216,9618,2006,9764.0,2114.0,1.5882370000000001,0.800719,SVN,THA,871680
3584167,208,216,9618,2006,10592.0,0.0,1.902737,0.593294,SWE,THA,871680
3584168,224,216,9618,2006,0.0,2983.0,0.33971599999999996,2.193384,TUR,THA,871680
3584169,231,216,9618,2006,9133.0,109546.0,1.666643,-0.121679,USA,THA,871680
3584170,239,216,9618,2006,937.0,148031.0,-0.342779,1.033318,VNM,THA,871680
3584171,246,216,9618,2006,0.0,18912.0,0.37964499999999995,1.466326,ZAF,THA,871680
3584172,249,216,9618,2006,220688.0,6088.0,1.619915,1.2289940000000001,TWN,THA,871680
3584173,13,222,9618,2006,0.0,1212.0,-0.139051,-0.780321,ATG,TTO,871680
3584174,33,222,9618,2006,1217.0,0.0,0.977267,0.6046560000000001,BRB,TTO,871680
3584175,39,222,9618,2006,17275.0,0.0,0.865685,1.1480489999999999,CAN,TTO,871680
3584176,42,222,9618,2006,1303.0,0.0,-0.188298,-0.46778000000000003,CHL,TTO,871680
3584177,43,222,9618,2006,77404.0,0.0,0.737888,2.54966,CHN,TTO,871680
3584178,52,222,9618,2006,10057.0,0.0,0.042663,-0.376672,CRI,TTO,871680
3584179,61,222,9618,2006,15079.0,0.0,2.132566,-2.773669,DEU,TTO,871680
3584180,66,222,9618,2006,0.0,1921.0,-0.489962,-1.12456,DZA,TTO,871680
3584181,77,222,9618,2006,3674.0,0.0,1.47591,0.489466,FRA,TTO,871680
3584182,81,222,9618,2006,7463.0,0.0,1.824154,0.614424,GBR,TTO,871680
3584183,91,222,9618,2006,0.0,10319.0,0.19208599999999998,-0.40781,GRD,TTO,871680
3584184,96,222,9618,2006,0.0,2100.0,-0.813775,-0.8000649999999999,GUY,TTO,871680
3584185,104,222,9618,2006,1848.0,0.0,0.285652,2.731318,IND,TTO,871680
3584186,111,222,9618,2006,4267.0,0.0,1.293779,0.93995,ITA,TTO,871680
3584187,112,222,9618,2006,0.0,978.0,-0.5122720000000001,-0.9109809999999999,JAM,TTO,871680
3584188,114,222,9618,2006,12053.0,0.0,2.4348099999999997,0.082887,JPN,TTO,871680
3584189,127,222,9618,2006,0.0,1247.0,1.118348,-0.17618,LCA,TTO,871680
3584190,162,222,9618,2006,15876.0,0.0,1.192134,1.450852,NLD,TTO,871680
3584191,205,222,9618,2006,0.0,4400.0,-0.754046,-0.872361,SUR,TTO,871680
3584192,208,222,9618,2006,17680.0,0.0,1.902737,0.593294,SWE,TTO,871680
3584193,231,222,9618,2006,70180.0,0.0,1.666643,-0.121679,USA,TTO,871680
3584194,234,222,9618,2006,0.0,2513.0,-0.6097060000000001,-0.8844770000000001,VCT,TTO,871680
3584195,250,222,9618,2006,0.0,2875.0,0.711619,-0.41880200000000006,ANS,TTO,871680
3584196,1,224,9618,2006,0.0,13746.0,-0.626011,-0.6799689999999999,AFG,TUR,871680
3584197,4,224,9618,2006,0.0,12287.0,-0.340932,-0.06302200000000001,ALB,TUR,871680
3584198,7,224,9618,2006,0.0,55046.0,0.053903999999999994,-0.735124,ARE,TUR,871680
3584199,8,224,9618,2006,963.0,0.0,0.33055,0.665867,ARG,TUR,871680
3584200,9,224,9618,2006,0.0,8258.0,0.14539100000000002,-0.558014,ARM,TUR,871680
3584201,14,224,9618,2006,0.0,19536.0,0.067166,0.373148,AUS,TUR,871680
3584202,15,224,9618,2006,193523.0,5354.0,1.775669,0.192717,AUT,TUR,871680
3584203,16,224,9618,2006,0.0,1365578.0,-0.521304,-1.035764,AZE,TUR,871680
3584204,18,224,9618,2006,6073.0,83449.0,1.2222540000000002,1.383027,BEL,TUR,871680
3584205,21,224,9618,2006,0.0,2809.0,-0.9432020000000001,-0.969247,BFA,TUR,871680
3584206,23,224,9618,2006,4523.0,186115.0,0.414563,1.378005,BGR,TUR,871680
3584207,24,224,9618,2006,0.0,18813.0,0.172724,-0.9449879999999999,BHR,TUR,871680
3584208,26,224,9618,2006,0.0,14252.0,0.40788800000000003,0.562854,BIH,TUR,871680
3584209,39,224,9618,2006,0.0,1367.0,0.865685,1.1480489999999999,CAN,TUR,871680
3584210,41,224,9618,2006,2449.0,121101.0,2.052534,0.515523,CHE,TUR,871680
3584211,43,224,9618,2006,577160.0,0.0,0.737888,2.54966,CHN,TUR,871680
3584212,54,224,9618,2006,0.0,3295.0,0.204039,-0.5183260000000001,CUB,TUR,871680
3584213,58,224,9618,2006,0.0,294891.0,0.708267,-0.048096,CYP,TUR,871680
3584214,59,224,9618,2006,15664.0,39356.0,1.564058,0.6023649999999999,CZE,TUR,871680
3584215,61,224,9618,2006,3486954.0,195227.0,2.132566,-2.773669,DEU,TUR,871680
3584216,64,224,9618,2006,37305.0,5972.0,1.2308700000000001,1.180914,DNK,TUR,871680
3584217,66,224,9618,2006,0.0,32111.0,-0.489962,-1.12456,DZA,TUR,871680
3584218,68,224,9618,2006,0.0,14909.0,-0.182272,0.40222399999999997,EGY,TUR,871680
3584219,71,224,9618,2006,185264.0,53435.0,0.9091370000000001,2.068166,ESP,TUR,871680
3584220,73,224,9618,2006,0.0,71951.0,-0.9557180000000001,-0.9153479999999999,ETH,TUR,871680
3584221,74,224,9618,2006,39766.0,0.0,1.864038,0.8193940000000001,FIN,TUR,871680
3584222,77,224,9618,2006,347566.0,293567.0,1.47591,0.489466,FRA,TUR,871680
3584223,81,224,9618,2006,134842.0,17359.0,1.824154,0.614424,GBR,TUR,871680
3584224,82,224,9618,2006,0.0,87466.0,0.076711,-0.47216099999999994,GEO,TUR,871680
3584225,83,224,9618,2006,0.0,10182.0,-0.9934860000000001,-0.809318,GHA,TUR,871680
3584226,90,224,9618,2006,10371.0,371088.0,0.261955,1.488958,GRC,TUR,871680
3584227,97,224,9618,2006,6237.0,0.0,0.5776319999999999,2.076782,HKG,TUR,871680
3584228,100,224,9618,2006,0.0,43193.0,0.755787,0.992614,HRV,TUR,871680
3584229,102,224,9618,2006,91811.0,15242.0,1.4034309999999999,0.835144,HUN,TUR,871680
3584230,104,224,9618,2006,1066.0,4734.0,0.285652,2.731318,IND,TUR,871680
3584231,106,224,9618,2006,29966.0,40235.0,1.43804,0.06463200000000001,IRL,TUR,871680
3584232,107,224,9618,2006,25500.0,47058.0,-0.391023,-0.767861,IRN,TUR,871680
3584233,108,224,9618,2006,0.0,1123682.0,-2.029727,-0.8634219999999999,IRQ,TUR,871680
3584234,109,224,9618,2006,0.0,7422.0,0.170234,-0.302203,ISL,TUR,871680
3584235,110,224,9618,2006,0.0,68767.0,1.3082129999999998,0.783845,ISR,TUR,871680
3584236,111,224,9618,2006,393042.0,25463.0,1.293779,0.93995,ITA,TUR,871680
3584237,113,224,9618,2006,0.0,22995.0,0.166718,0.331248,JOR,TUR,871680
3584238,114,224,9618,2006,98896.0,0.0,2.4348099999999997,0.082887,JPN,TUR,871680
3584239,115,224,9618,2006,0.0,373036.0,0.038229,-0.579421,KAZ,TUR,871680
3584240,116,224,9618,2006,0.0,41563.0,-0.38287899999999997,1.060286,KEN,TUR,871680
3584241,117,224,9618,2006,0.0,1357.0,-0.034069,0.136694,KGZ,TUR,871680
3584242,121,224,9618,2006,53582.0,0.0,1.5384309999999999,0.766628,KOR,TUR,871680
3584243,122,224,9618,2006,0.0,71534.0,-0.589823,-1.142795,KWT,TUR,871680
3584244,124,224,9618,2006,0.0,17372.0,0.3861,1.586183,LBN,TUR,871680
3584245,125,224,9618,2006,0.0,9870.0,-0.679188,-1.0969389999999999,LBR,TUR,871680
3584246,126,224,9618,2006,0.0,47358.0,-0.518724,-1.142074,LBY,TUR,871680
3584247,128,224,9618,2006,0.0,4574.0,-0.573767,0.305913,LKA,TUR,871680
3584248,134,224,9618,2006,0.0,8358.0,-0.547933,0.08257300000000001,MAR,TUR,871680
3584249,135,224,9618,2006,0.0,46244.0,-0.017707,0.135305,MDA,TUR,871680
3584250,137,224,9618,2006,0.0,1771.0,-0.240191,-0.8320290000000001,MDV,TUR,871680
3584251,138,224,9618,2006,0.0,1491.0,1.047268,0.7142270000000001,MEX,TUR,871680
3584252,140,224,9618,2006,0.0,22296.0,-0.21336,0.17674700000000002,MKD,TUR,871680
3584253,144,224,9618,2006,0.0,1608.0,0.130773,-0.24674699999999997,MNE,TUR,871680
3584254,151,224,9618,2006,9295.0,7801.0,-0.311109,-0.07267,MUS,TUR,871680
3584255,153,224,9618,2006,0.0,2152.0,0.7896569999999999,0.363625,MYS,TUR,871680
3584256,159,224,9618,2006,0.0,1935.0,-2.094353,-1.215025,NGA,TUR,871680
3584257,162,224,9618,2006,14073.0,62549.0,1.192134,1.450852,NLD,TUR,871680
3584258,163,224,9618,2006,0.0,3094.0,1.0787930000000001,0.014051,NOR,TUR,871680
3584259,167,224,9618,2006,0.0,1291.0,-0.6373989999999999,-1.092554,OMN,TUR,871680
3584260,168,224,9618,2006,0.0,39545.0,-0.449333,0.563013,PAK,TUR,871680
3584261,177,224,9618,2006,1160.0,15438.0,0.991927,1.474418,POL,TUR,871680
3584262,179,224,9618,2006,0.0,4729.0,0.5723630000000001,1.92303,PRT,TUR,871680
3584263,183,224,9618,2006,0.0,3348.0,0.055777999999999994,-1.0379049999999999,QAT,TUR,871680
3584264,185,224,9618,2006,47766.0,526652.0,0.550825,1.170744,ROU,TUR,871680
3584265,186,224,9618,2006,8584.0,275014.0,0.801197,0.104683,RUS,TUR,871680
3584266,188,224,9618,2006,0.0,58768.0,0.162432,-0.853059,SAU,TUR,871680
3584267,190,224,9618,2006,0.0,11006.0,-1.873762,-1.278378,SDN,TUR,871680
3584268,191,224,9618,2006,0.0,964.0,-0.364713,-0.183612,SEN,TUR,871680
3584269,192,224,9618,2006,0.0,169877.0,1.5377379999999998,0.503089,SGP,TUR,871680
3584270,201,224,9618,2006,5693.0,5291.0,0.547824,1.5588879999999998,SRB,TUR,871680
3584271,207,224,9618,2006,0.0,16474.0,1.5882370000000001,0.800719,SVN,TUR,871680
3584272,208,224,9618,2006,17695.0,1098.0,1.902737,0.593294,SWE,TUR,871680
3584273,212,224,9618,2006,0.0,6360.0,-0.588695,0.532487,SYR,TUR,871680
3584274,215,224,9618,2006,0.0,6059.0,-0.8304020000000001,-0.678178,TGO,TUR,871680
3584275,216,224,9618,2006,2983.0,0.0,0.568209,1.685343,THA,TUR,871680
3584276,217,224,9618,2006,0.0,9241.0,-1.071326,-1.158325,TJK,TUR,871680
3584277,219,224,9618,2006,0.0,57839.0,-1.155861,-1.200933,TKM,TUR,871680
3584278,223,224,9618,2006,0.0,9668.0,-0.013636,0.804752,TUN,TUR,871680
3584279,227,224,9618,2006,0.0,12272.0,-0.702511,-0.43976099999999996,UGA,TUR,871680
3584280,228,224,9618,2006,0.0,72969.0,0.7008439999999999,0.79656,UKR,TUR,871680
3584281,231,224,9618,2006,75828.0,286757.0,1.666643,-0.121679,USA,TUR,871680
3584282,232,224,9618,2006,0.0,120802.0,-0.457759,-0.784626,UZB,TUR,871680
3584283,243,224,9618,2006,0.0,1571.0,-1.0407110000000002,-1.13042,YEM,TUR,871680
3584284,246,224,9618,2006,0.0,6211.0,0.37964499999999995,1.466326,ZAF,TUR,871680
3584285,249,224,9618,2006,11661.0,0.0,1.619915,1.2289940000000001,TWN,TUR,871680
3584286,250,224,9618,2006,11132.0,373983.0,0.711619,-0.41880200000000006,ANS,TUR,871680
3584287,8,230,9618,2006,90651.0,1327.0,0.33055,0.665867,ARG,URY,871680
3584288,32,230,9618,2006,205886.0,0.0,0.633889,1.1474520000000001,BRA,URY,871680
3584289,42,230,9618,2006,0.0,1189.0,-0.188298,-0.46778000000000003,CHL,URY,871680
3584290,43,230,9618,2006,137920.0,0.0,0.737888,2.54966,CHN,URY,871680
3584291,61,230,9618,2006,159587.0,0.0,2.132566,-2.773669,DEU,URY,871680
3584292,71,230,9618,2006,1428.0,0.0,0.9091370000000001,2.068166,ESP,URY,871680
3584293,77,230,9618,2006,1495.0,0.0,1.47591,0.489466,FRA,URY,871680
3584294,81,230,9618,2006,3222.0,0.0,1.824154,0.614424,GBR,URY,871680
3584295,97,230,9618,2006,3892.0,0.0,0.5776319999999999,2.076782,HKG,URY,871680
3584296,111,230,9618,2006,3438.0,0.0,1.293779,0.93995,ITA,URY,871680
3584297,114,230,9618,2006,1462.0,0.0,2.4348099999999997,0.082887,JPN,URY,871680
3584298,138,230,9618,2006,6820.0,7693.0,1.047268,0.7142270000000001,MEX,URY,871680
3584299,169,230,9618,2006,811.0,0.0,0.306664,0.638533,PAN,URY,871680
3584300,173,230,9618,2006,2996.0,0.0,-0.551095,0.044295,PER,URY,871680
3584301,177,230,9618,2006,12639.0,0.0,0.991927,1.474418,POL,URY,871680
3584302,179,230,9618,2006,852.0,0.0,0.5723630000000001,1.92303,PRT,URY,871680
3584303,180,230,9618,2006,0.0,4677.0,-0.520435,-0.7839119999999999,PRY,URY,871680
3584304,231,230,9618,2006,25915.0,0.0,1.666643,-0.121679,USA,URY,871680
3584305,250,230,9618,2006,0.0,2387.0,0.711619,-0.41880200000000006,ANS,URY,871680
3584306,0,231,9618,2006,0.0,62169.0,0.15112799999999998,-0.752631,ABW,USA,871680
3584307,1,231,9618,2006,0.0,2692.0,-0.626011,-0.6799689999999999,AFG,USA,871680
3584308,2,231,9618,2006,0.0,149064.0,-2.0822979999999998,-1.176767,AGO,USA,871680
3584309,3,231,9618,2006,0.0,3926.0,1.4066610000000002,-0.166941,AIA,USA,871680
3584310,6,231,9618,2006,0.0,233001.0,0.251825,-0.629035,ANT,USA,871680
3584311,7,231,9618,2006,0.0,587042.0,0.053903999999999994,-0.735124,ARE,USA,871680
3584312,8,231,9618,2006,43129.0,940810.0,0.33055,0.665867,ARG,USA,871680
3584313,13,231,9618,2006,0.0,48607.0,-0.139051,-0.780321,ATG,USA,871680
3584314,14,231,9618,2006,77091.0,663069.0,0.067166,0.373148,AUS,USA,871680
3584315,15,231,9618,2006,507012.0,5913.0,1.775669,0.192717,AUT,USA,871680
3584316,16,231,9618,2006,0.0,3235.0,-0.521304,-1.035764,AZE,USA,871680
3584317,18,231,9618,2006,521641.0,819070.0,1.2222540000000002,1.383027,BEL,USA,871680
3584318,19,231,9618,2006,0.0,5064.0,-0.8434360000000001,-0.798307,BEN,USA,871680
3584319,22,231,9618,2006,0.0,1571013.0,-1.0305309999999999,-0.80937,BGD,USA,871680
3584320,23,231,9618,2006,18012.0,25214.0,0.414563,1.378005,BGR,USA,871680
3584321,24,231,9618,2006,0.0,589629.0,0.172724,-0.9449879999999999,BHR,USA,871680
3584322,25,231,9618,2006,261342.0,420529.0,0.673694,-0.519608,BHS,USA,871680
3584323,26,231,9618,2006,0.0,565.0,0.40788800000000003,0.562854,BIH,USA,871680
3584324,28,231,9618,2006,0.0,2215.0,0.919853,0.384409,BLR,USA,871680
3584325,29,231,9618,2006,0.0,23061.0,-0.584902,-0.82437,BLZ,USA,871680
3584326,30,231,9618,2006,0.0,33450.0,0.491259,-0.603062,BMU,USA,871680
3584327,31,231,9618,2006,0.0,14210.0,-0.805185,-0.754091,BOL,USA,871680
3584328,32,231,9618,2006,94705.0,716130.0,0.633889,1.1474520000000001,BRA,USA,871680
3584329,33,231,9618,2006,0.0,114757.0,0.977267,0.6046560000000001,BRB,USA,871680
3584330,34,231,9618,2006,0.0,1666.0,-1.331831,-0.9170940000000001,BRN,USA,871680
3584331,37,231,9618,2006,0.0,676.0,-1.0541459999999998,-1.179286,BWA,USA,871680
3584332,39,231,9618,2006,34774328.0,56887088.0,0.865685,1.1480489999999999,CAN,USA,871680
3584333,41,231,9618,2006,156560.0,124498.0,2.052534,0.515523,CHE,USA,871680
3584334,42,231,9618,2006,5745.0,476978.0,-0.188298,-0.46778000000000003,CHL,USA,871680
3584335,43,231,9618,2006,168071360.0,1161887.0,0.737888,2.54966,CHN,USA,871680
3584336,45,231,9618,2006,0.0,1798.0,-1.358873,-1.1511360000000002,CMR,USA,871680
3584337,47,231,9618,2006,0.0,63000.0,-1.9903240000000002,-1.189925,COG,USA,871680
3584338,49,231,9618,2006,2622.0,1600994.0,0.129887,0.44371700000000003,COL,USA,871680
3584339,51,231,9618,2006,0.0,7839.0,0.369814,-0.414812,CPV,USA,871680
3584340,52,231,9618,2006,17832.0,87515.0,0.042663,-0.376672,CRI,USA,871680
3584341,57,231,9618,2006,0.0,149710.0,0.7708189999999999,-0.648112,CYM,USA,871680
3584342,58,231,9618,2006,0.0,31704.0,0.708267,-0.048096,CYP,USA,871680
3584343,59,231,9618,2006,3263.0,7713.0,1.564058,0.6023649999999999,CZE,USA,871680
3584344,61,231,9618,2006,4083617.0,13423446.0,2.132566,-2.773669,DEU,USA,871680
3584345,62,231,9618,2006,0.0,15645.0,-0.251707,-0.436792,DJI,USA,871680
3584346,63,231,9618,2006,0.0,37291.0,0.10759400000000001,-0.159215,DMA,USA,871680
3584347,64,231,9618,2006,452381.0,7303.0,1.2308700000000001,1.180914,DNK,USA,871680
3584348,65,231,9618,2006,0.0,719878.0,-0.24073699999999998,0.049093,DOM,USA,871680
3584349,66,231,9618,2006,0.0,139801.0,-0.489962,-1.12456,DZA,USA,871680
3584350,67,231,9618,2006,27137.0,273626.0,-0.878583,-0.9462010000000001,ECU,USA,871680
3584351,68,231,9618,2006,0.0,130474.0,-0.182272,0.40222399999999997,EGY,USA,871680
3584352,71,231,9618,2006,58267.0,503472.0,0.9091370000000001,2.068166,ESP,USA,871680
3584353,72,231,9618,2006,0.0,8527.0,0.6426350000000001,0.925003,EST,USA,871680
3584354,74,231,9618,2006,147388.0,124958.0,1.864038,0.8193940000000001,FIN,USA,871680
3584355,75,231,9618,2006,0.0,3340.0,-0.6554949999999999,-0.098284,FJI,USA,871680
3584356,77,231,9618,2006,505558.0,19188632.0,1.47591,0.489466,FRA,USA,871680
3584357,79,231,9618,2006,0.0,2482.0,-0.883972,-0.8817209999999999,FSM,USA,871680
3584358,80,231,9618,2006,0.0,39213.0,-1.6696819999999999,-1.173322,GAB,USA,871680
3584359,81,231,9618,2006,1013435.0,2696740.0,1.824154,0.614424,GBR,USA,871680
3584360,82,231,9618,2006,0.0,16636.0,0.076711,-0.47216099999999994,GEO,USA,871680
3584361,83,231,9618,2006,0.0,352293.0,-0.9934860000000001,-0.809318,GHA,USA,871680
3584362,84,231,9618,2006,0.0,7875.0,0.8370120000000001,-0.35099400000000003,GIB,USA,871680
3584363,85,231,9618,2006,0.0,8983.0,-1.8376720000000002,-1.229774,GIN,USA,871680
3584364,89,231,9618,2006,0.0,4009.0,-2.188173,-0.8631700000000001,GNQ,USA,871680
3584365,90,231,9618,2006,0.0,322183.0,0.261955,1.488958,GRC,USA,871680
3584366,91,231,9618,2006,0.0,10529.0,0.19208599999999998,-0.40781,GRD,USA,871680
3584367,93,231,9618,2006,0.0,99190.0,-0.28642199999999995,0.5868439999999999,GTM,USA,871680
3584368,96,231,9618,2006,0.0,124980.0,-0.813775,-0.8000649999999999,GUY,USA,871680
3584369,97,231,9618,2006,360103.0,97944.0,0.5776319999999999,2.076782,HKG,USA,871680
3584370,99,231,9618,2006,0.0,464671.0,-0.672074,-0.472138,HND,USA,871680
3584371,100,231,9618,2006,166216.0,9361.0,0.755787,0.992614,HRV,USA,871680
3584372,101,231,9618,2006,0.0,19730.0,-1.037941,-0.9475790000000001,HTI,USA,871680
3584373,102,231,9618,2006,13280.0,14664.0,1.4034309999999999,0.835144,HUN,USA,871680
3584374,103,231,9618,2006,0.0,99756.0,-0.21012399999999998,1.467838,IDN,USA,871680
3584375,104,231,9618,2006,279523.0,25861.0,0.285652,2.731318,IND,USA,871680
3584376,106,231,9618,2006,49506.0,245580.0,1.43804,0.06463200000000001,IRL,USA,871680
3584377,108,231,9618,2006,0.0,45765.0,-2.029727,-0.8634219999999999,IRQ,USA,871680
3584378,109,231,9618,2006,0.0,1051428.0,0.170234,-0.302203,ISL,USA,871680
3584379,110,231,9618,2006,297959.0,806744.0,1.3082129999999998,0.783845,ISR,USA,871680
3584380,111,231,9618,2006,110981.0,294697.0,1.293779,0.93995,ITA,USA,871680
3584381,112,231,9618,2006,10693.0,266633.0,-0.5122720000000001,-0.9109809999999999,JAM,USA,871680
3584382,113,231,9618,2006,0.0,24535.0,0.166718,0.331248,JOR,USA,871680
3584383,114,231,9618,2006,2796576.0,2206758.0,2.4348099999999997,0.082887,JPN,USA,871680
3584384,115,231,9618,2006,0.0,4673.0,0.038229,-0.579421,KAZ,USA,871680
3584385,116,231,9618,2006,0.0,19465.0,-0.38287899999999997,1.060286,KEN,USA,871680
3584386,117,231,9618,2006,0.0,3099.0,-0.034069,0.136694,KGZ,USA,871680
3584387,118,231,9618,2006,0.0,30662.0,-1.323365,-1.185827,KHM,USA,871680
3584388,120,231,9618,2006,0.0,64024.0,0.896119,-0.309349,KNA,USA,871680
3584389,121,231,9618,2006,710818.0,323301.0,1.5384309999999999,0.766628,KOR,USA,871680
3584390,122,231,9618,2006,3927.0,525364.0,-0.589823,-1.142795,KWT,USA,871680
3584391,124,231,9618,2006,1714.0,13192.0,0.3861,1.586183,LBN,USA,871680
3584392,125,231,9618,2006,0.0,113799.0,-0.679188,-1.0969389999999999,LBR,USA,871680
3584393,127,231,9618,2006,0.0,37024.0,1.118348,-0.17618,LCA,USA,871680
3584394,128,231,9618,2006,7144.0,7382.0,-0.573767,0.305913,LKA,USA,871680
3584395,130,231,9618,2006,0.0,87729.0,0.44063599999999997,1.163857,LTU,USA,871680
3584396,131,231,9618,2006,0.0,17014.0,1.4345620000000001,0.8840819999999999,LUX,USA,871680
3584397,132,231,9618,2006,0.0,18133.0,0.531375,0.9414170000000001,LVA,USA,871680
3584398,133,231,9618,2006,0.0,4179.0,-0.07118200000000001,-0.228354,MAC,USA,871680
3584399,134,231,9618,2006,0.0,21695.0,-0.547933,0.08257300000000001,MAR,USA,871680
3584400,136,231,9618,2006,0.0,2628.0,-1.024657,-0.393395,MDG,USA,871680
3584401,138,231,9618,2006,11457473.0,17068136.0,1.047268,0.7142270000000001,MEX,USA,871680
3584402,139,231,9618,2006,0.0,21525.0,-0.6514220000000001,-0.880265,MHL,USA,871680
3584403,142,231,9618,2006,0.0,2322.0,1.384411,0.093734,MLT,USA,871680
3584404,144,231,9618,2006,0.0,17660.0,0.130773,-0.24674699999999997,MNE,USA,871680
3584405,147,231,9618,2006,0.0,3293.0,-1.0250629999999998,-1.067359,MOZ,USA,871680
3584406,149,231,9618,2006,0.0,4825.0,1.300664,-0.082954,MSR,USA,871680
3584407,151,231,9618,2006,0.0,4593.0,-0.311109,-0.07267,MUS,USA,871680
3584408,153,231,9618,2006,1282162.0,239984.0,0.7896569999999999,0.363625,MYS,USA,871680
3584409,156,231,9618,2006,0.0,1806.0,-0.135099,-0.7618779999999999,NCL,USA,871680
3584410,159,231,9618,2006,0.0,1010585.0,-2.094353,-1.215025,NGA,USA,871680
3584411,160,231,9618,2006,0.0,19147.0,-0.998825,-0.893867,NIC,USA,871680
3584412,162,231,9618,2006,588848.0,933381.0,1.192134,1.450852,NLD,USA,871680
3584413,163,231,9618,2006,6604.0,124050.0,1.0787930000000001,0.014051,NOR,USA,871680
3584414,166,231,9618,2006,294996.0,345337.0,0.5371,0.8240209999999999,NZL,USA,871680
3584415,167,231,9618,2006,0.0,193846.0,-0.6373989999999999,-1.092554,OMN,USA,871680
3584416,168,231,9618,2006,0.0,475574.0,-0.449333,0.563013,PAK,USA,871680
3584417,169,231,9618,2006,9908.0,482878.0,0.306664,0.638533,PAN,USA,871680
3584418,173,231,9618,2006,0.0,12994.0,-0.551095,0.044295,PER,USA,871680
3584419,174,231,9618,2006,166052.0,117402.0,0.161994,0.036631,PHL,USA,871680
3584420,177,231,9618,2006,466699.0,102396.0,0.991927,1.474418,POL,USA,871680
3584421,179,231,9618,2006,25443.0,85395.0,0.5723630000000001,1.92303,PRT,USA,871680
3584422,180,231,9618,2006,0.0,3373.0,-0.520435,-0.7839119999999999,PRY,USA,871680
3584423,182,231,9618,2006,0.0,88292.0,-0.213329,-0.743599,PYF,USA,871680
3584424,183,231,9618,2006,0.0,208401.0,0.055777999999999994,-1.0379049999999999,QAT,USA,871680
3584425,185,231,9618,2006,108425.0,35827.0,0.550825,1.170744,ROU,USA,871680
3584426,186,231,9618,2006,46936.0,592744.0,0.801197,0.104683,RUS,USA,871680
3584427,188,231,9618,2006,0.0,1219028.0,0.162432,-0.853059,SAU,USA,871680
3584428,191,231,9618,2006,0.0,20040.0,-0.364713,-0.183612,SEN,USA,871680
3584429,192,231,9618,2006,93796.0,550388.0,1.5377379999999998,0.503089,SGP,USA,871680
3584430,196,231,9618,2006,0.0,43195.0,0.518163,-0.032742,SLE,USA,871680
3584431,197,231,9618,2006,0.0,45127.0,-0.135312,0.140874,SLV,USA,871680
3584432,201,231,9618,2006,0.0,1766.0,0.547824,1.5588879999999998,SRB,USA,871680
3584433,205,231,9618,2006,0.0,29429.0,-0.754046,-0.872361,SUR,USA,871680
3584434,206,231,9618,2006,177510.0,4283.0,1.291583,0.868317,SVK,USA,871680
3584435,207,231,9618,2006,138843.0,3736.0,1.5882370000000001,0.800719,SVN,USA,871680
3584436,208,231,9618,2006,3736769.0,303818.0,1.902737,0.593294,SWE,USA,871680
3584437,213,231,9618,2006,0.0,103336.0,0.43692700000000007,-0.135696,TCA,USA,871680
3584438,216,231,9618,2006,109546.0,9133.0,0.568209,1.685343,THA,USA,871680
3584439,222,231,9618,2006,0.0,70180.0,-0.20651399999999998,-1.024907,TTO,USA,871680
3584440,223,231,9618,2006,0.0,125327.0,-0.013636,0.804752,TUN,USA,871680
3584441,224,231,9618,2006,286757.0,75828.0,0.33971599999999996,2.193384,TUR,USA,871680
3584442,227,231,9618,2006,0.0,7944.0,-0.702511,-0.43976099999999996,UGA,USA,871680
3584443,228,231,9618,2006,0.0,85488.0,0.7008439999999999,0.79656,UKR,USA,871680
3584444,230,231,9618,2006,0.0,25915.0,0.234384,0.118878,URY,USA,871680
3584445,232,231,9618,2006,0.0,23400.0,-0.457759,-0.784626,UZB,USA,871680
3584446,234,231,9618,2006,1305.0,17919.0,-0.6097060000000001,-0.8844770000000001,VCT,USA,871680
3584447,236,231,9618,2006,23345.0,475536.0,-0.340972,-1.015462,VEN,USA,871680
3584448,237,231,9618,2006,0.0,17489.0,1.05644,0.179306,VGB,USA,871680
3584449,239,231,9618,2006,2089396.0,6494.0,-0.342779,1.033318,VNM,USA,871680
3584450,242,231,9618,2006,0.0,1087.0,0.299266,-0.477783,WSM,USA,871680
3584451,243,231,9618,2006,0.0,27992.0,-1.0407110000000002,-1.13042,YEM,USA,871680
3584452,246,231,9618,2006,12023.0,539709.0,0.37964499999999995,1.466326,ZAF,USA,871680
3584453,248,231,9618,2006,0.0,2181.0,-0.41825500000000004,-0.55313,ZWE,USA,871680
3584454,249,231,9618,2006,12823111.0,355750.0,1.619915,1.2289940000000001,TWN,USA,871680
3584455,8,236,9618,2006,70120.0,0.0,0.33055,0.665867,ARG,VEN,871680
3584456,15,236,9618,2006,22626.0,0.0,1.775669,0.192717,AUT,VEN,871680
3584457,32,236,9618,2006,408453.0,0.0,0.633889,1.1474520000000001,BRA,VEN,871680
3584458,39,236,9618,2006,13392.0,0.0,0.865685,1.1480489999999999,CAN,VEN,871680
3584459,42,236,9618,2006,33389.0,0.0,-0.188298,-0.46778000000000003,CHL,VEN,871680
3584460,43,236,9618,2006,770946.0,0.0,0.737888,2.54966,CHN,VEN,871680
3584461,49,236,9618,2006,2204648.0,116692.0,0.129887,0.44371700000000003,COL,VEN,871680
3584462,54,236,9618,2006,0.0,58191.0,0.204039,-0.5183260000000001,CUB,VEN,871680
3584463,61,236,9618,2006,390884.0,20839.0,2.132566,-2.773669,DEU,VEN,871680
3584464,64,236,9618,2006,2301.0,0.0,1.2308700000000001,1.180914,DNK,VEN,871680
3584465,65,236,9618,2006,0.0,4875.0,-0.24073699999999998,0.049093,DOM,VEN,871680
3584466,71,236,9618,2006,28124.0,0.0,0.9091370000000001,2.068166,ESP,VEN,871680
3584467,77,236,9618,2006,141421.0,0.0,1.47591,0.489466,FRA,VEN,871680
3584468,97,236,9618,2006,12865.0,0.0,0.5776319999999999,2.076782,HKG,VEN,871680
3584469,111,236,9618,2006,52099.0,0.0,1.293779,0.93995,ITA,VEN,871680
3584470,114,236,9618,2006,57092.0,0.0,2.4348099999999997,0.082887,JPN,VEN,871680
3584471,138,236,9618,2006,299710.0,0.0,1.047268,0.7142270000000001,MEX,VEN,871680
3584472,153,236,9618,2006,2943.0,0.0,0.7896569999999999,0.363625,MYS,VEN,871680
3584473,162,236,9618,2006,35020.0,0.0,1.192134,1.450852,NLD,VEN,871680
3584474,169,236,9618,2006,138864.0,0.0,0.306664,0.638533,PAN,VEN,871680
3584475,186,236,9618,2006,402581.0,0.0,0.801197,0.104683,RUS,VEN,871680
3584476,197,236,9618,2006,57340.0,0.0,-0.135312,0.140874,SLV,VEN,871680
3584477,208,236,9618,2006,12869.0,0.0,1.902737,0.593294,SWE,VEN,871680
3584478,231,236,9618,2006,475536.0,23345.0,1.666643,-0.121679,USA,VEN,871680
3584479,249,236,9618,2006,14753.0,0.0,1.619915,1.2289940000000001,TWN,VEN,871680
3584480,18,243,9618,2006,6933.0,0.0,1.2222540000000002,1.383027,BEL,YEM,871680
3584481,43,243,9618,2006,650862.0,0.0,0.737888,2.54966,CHN,YEM,871680
3584482,61,243,9618,2006,799.0,0.0,2.132566,-2.773669,DEU,YEM,871680
3584483,68,243,9618,2006,106530.0,999.0,-0.182272,0.40222399999999997,EGY,YEM,871680
3584484,71,243,9618,2006,1153.0,0.0,0.9091370000000001,2.068166,ESP,YEM,871680
3584485,77,243,9618,2006,1562.0,0.0,1.47591,0.489466,FRA,YEM,871680
3584486,153,243,9618,2006,1195.0,0.0,0.7896569999999999,0.363625,MYS,YEM,871680
3584487,188,243,9618,2006,10247.0,0.0,0.162432,-0.853059,SAU,YEM,871680
3584488,212,243,9618,2006,712.0,0.0,-0.588695,0.532487,SYR,YEM,871680
3584489,224,243,9618,2006,1571.0,0.0,0.33971599999999996,2.193384,TUR,YEM,871680
3584490,228,243,9618,2006,2773.0,0.0,0.7008439999999999,0.79656,UKR,YEM,871680
3584491,231,243,9618,2006,27992.0,0.0,1.666643,-0.121679,USA,YEM,871680
3584492,250,243,9618,2006,4161.0,0.0,0.711619,-0.41880200000000006,ANS,YEM,871680
3584493,5,249,9618,2006,0.0,119.0,1.03128,0.402281,AND,TWN,871680
3584494,7,249,9618,2006,0.0,32989.0,0.053903999999999994,-0.735124,ARE,TWN,871680
3584495,8,249,9618,2006,0.0,10382.0,0.33055,0.665867,ARG,TWN,871680
3584496,14,249,9618,2006,0.0,605170.0,0.067166,0.373148,AUS,TWN,871680
3584497,15,249,9618,2006,0.0,299709.0,1.775669,0.192717,AUT,TWN,871680
3584498,18,249,9618,2006,3438.0,129593.0,1.2222540000000002,1.383027,BEL,TWN,871680
3584499,23,249,9618,2006,0.0,1916.0,0.414563,1.378005,BGR,TWN,871680
3584500,24,249,9618,2006,0.0,20685.0,0.172724,-0.9449879999999999,BHR,TWN,871680
3584501,26,249,9618,2006,0.0,870.0,0.40788800000000003,0.562854,BIH,TWN,871680
3584502,28,249,9618,2006,0.0,1598.0,0.919853,0.384409,BLR,TWN,871680
3584503,32,249,9618,2006,0.0,4068.0,0.633889,1.1474520000000001,BRA,TWN,871680
3584504,33,249,9618,2006,0.0,4531.0,0.977267,0.6046560000000001,BRB,TWN,871680
3584505,34,249,9618,2006,0.0,6247.0,-1.331831,-0.9170940000000001,BRN,TWN,871680
3584506,39,249,9618,2006,16698.0,487486.0,0.865685,1.1480489999999999,CAN,TWN,871680
3584507,41,249,9618,2006,0.0,57859.0,2.052534,0.515523,CHE,TWN,871680
3584508,42,249,9618,2006,0.0,39732.0,-0.188298,-0.46778000000000003,CHL,TWN,871680
3584509,43,249,9618,2006,3425710.0,639608.0,0.737888,2.54966,CHN,TWN,871680
3584510,44,249,9618,2006,0.0,761.0,-0.8918530000000001,-0.8145819999999999,CIV,TWN,871680
3584511,49,249,9618,2006,0.0,26811.0,0.129887,0.44371700000000003,COL,TWN,871680
3584512,52,249,9618,2006,0.0,10242.0,0.042663,-0.376672,CRI,TWN,871680
3584513,58,249,9618,2006,0.0,36115.0,0.708267,-0.048096,CYP,TWN,871680
3584514,59,249,9618,2006,0.0,30142.0,1.564058,0.6023649999999999,CZE,TWN,871680
3584515,61,249,9618,2006,20221.0,1192647.0,2.132566,-2.773669,DEU,TWN,871680
3584516,64,249,9618,2006,0.0,214142.0,1.2308700000000001,1.180914,DNK,TWN,871680
3584517,65,249,9618,2006,0.0,2257.0,-0.24073699999999998,0.049093,DOM,TWN,871680
3584518,67,249,9618,2006,0.0,13124.0,-0.878583,-0.9462010000000001,ECU,TWN,871680
3584519,71,249,9618,2006,0.0,107606.0,0.9091370000000001,2.068166,ESP,TWN,871680
3584520,72,249,9618,2006,0.0,11532.0,0.6426350000000001,0.925003,EST,TWN,871680
3584521,74,249,9618,2006,0.0,148387.0,1.864038,0.8193940000000001,FIN,TWN,871680
3584522,77,249,9618,2006,28737.0,672853.0,1.47591,0.489466,FRA,TWN,871680
3584523,79,249,9618,2006,0.0,1663.0,-0.883972,-0.8817209999999999,FSM,TWN,871680
3584524,81,249,9618,2006,1440.0,1329893.0,1.824154,0.614424,GBR,TWN,871680
3584525,82,249,9618,2006,0.0,7642.0,0.076711,-0.47216099999999994,GEO,TWN,871680
3584526,83,249,9618,2006,0.0,995.0,-0.9934860000000001,-0.809318,GHA,TWN,871680
3584527,85,249,9618,2006,0.0,7281.0,-1.8376720000000002,-1.229774,GIN,TWN,871680
3584528,90,249,9618,2006,0.0,12225.0,0.261955,1.488958,GRC,TWN,871680
3584529,91,249,9618,2006,0.0,905.0,0.19208599999999998,-0.40781,GRD,TWN,871680
3584530,93,249,9618,2006,0.0,29424.0,-0.28642199999999995,0.5868439999999999,GTM,TWN,871680
3584531,95,249,9618,2006,0.0,3343.0,0.385261,-0.26928,GUM,TWN,871680
3584532,97,249,9618,2006,19812.0,60006.0,0.5776319999999999,2.076782,HKG,TWN,871680
3584533,99,249,9618,2006,0.0,15751.0,-0.672074,-0.472138,HND,TWN,871680
3584534,100,249,9618,2006,0.0,1686.0,0.755787,0.992614,HRV,TWN,871680
3584535,102,249,9618,2006,0.0,31181.0,1.4034309999999999,0.835144,HUN,TWN,871680
3584536,103,249,9618,2006,6412.0,25732.0,-0.21012399999999998,1.467838,IDN,TWN,871680
3584537,104,249,9618,2006,0.0,17986.0,0.285652,2.731318,IND,TWN,871680
3584538,106,249,9618,2006,0.0,61297.0,1.43804,0.06463200000000001,IRL,TWN,871680
3584539,109,249,9618,2006,0.0,980.0,0.170234,-0.302203,ISL,TWN,871680
3584540,110,249,9618,2006,120424.0,40404.0,1.3082129999999998,0.783845,ISR,TWN,871680
3584541,111,249,9618,2006,23282.0,181419.0,1.293779,0.93995,ITA,TWN,871680
3584542,113,249,9618,2006,0.0,3722.0,0.166718,0.331248,JOR,TWN,871680
3584543,114,249,9618,2006,3896357.0,9951754.0,2.4348099999999997,0.082887,JPN,TWN,871680
3584544,115,249,9618,2006,0.0,959.0,0.038229,-0.579421,KAZ,TWN,871680
3584545,118,249,9618,2006,0.0,2539.0,-1.323365,-1.185827,KHM,TWN,871680
3584546,121,249,9618,2006,741324.0,145427.0,1.5384309999999999,0.766628,KOR,TWN,871680
3584547,122,249,9618,2006,0.0,60018.0,-0.589823,-1.142795,KWT,TWN,871680
3584548,124,249,9618,2006,0.0,1616.0,0.3861,1.586183,LBN,TWN,871680
3584549,128,249,9618,2006,0.0,11984.0,-0.573767,0.305913,LKA,TWN,871680
3584550,129,249,9618,2006,0.0,5060.0,-1.006497,-0.957676,LSO,TWN,871680
3584551,132,249,9618,2006,0.0,12294.0,0.531375,0.9414170000000001,LVA,TWN,871680
3584552,133,249,9618,2006,0.0,34206.0,-0.07118200000000001,-0.228354,MAC,TWN,871680
3584553,134,249,9618,2006,0.0,7247.0,-0.547933,0.08257300000000001,MAR,TWN,871680
3584554,135,249,9618,2006,0.0,1211.0,-0.017707,0.135305,MDA,TWN,871680
3584555,138,249,9618,2006,0.0,130334.0,1.047268,0.7142270000000001,MEX,TWN,871680
3584556,139,249,9618,2006,0.0,3055.0,-0.6514220000000001,-0.880265,MHL,TWN,871680
3584557,142,249,9618,2006,0.0,930.0,1.384411,0.093734,MLT,TWN,871680
3584558,146,249,9618,2006,0.0,4435.0,-0.016344,-0.356507,MNP,TWN,871680
3584559,151,249,9618,2006,0.0,1010.0,-0.311109,-0.07267,MUS,TWN,871680
3584560,153,249,9618,2006,1467.0,80577.0,0.7896569999999999,0.363625,MYS,TWN,871680
3584561,156,249,9618,2006,0.0,1501.0,-0.135099,-0.7618779999999999,NCL,TWN,871680
3584562,159,249,9618,2006,0.0,1273.0,-2.094353,-1.215025,NGA,TWN,871680
3584563,160,249,9618,2006,0.0,1860.0,-0.998825,-0.893867,NIC,TWN,871680
3584564,162,249,9618,2006,13815.0,1043233.0,1.192134,1.450852,NLD,TWN,871680
3584565,163,249,9618,2006,0.0,26657.0,1.0787930000000001,0.014051,NOR,TWN,871680
3584566,166,249,9618,2006,0.0,41865.0,0.5371,0.8240209999999999,NZL,TWN,871680
3584567,169,249,9618,2006,0.0,12246.0,0.306664,0.638533,PAN,TWN,871680
3584568,173,249,9618,2006,0.0,3470.0,-0.551095,0.044295,PER,TWN,871680
3584569,174,249,9618,2006,1014.0,27535.0,0.161994,0.036631,PHL,TWN,871680
3584570,175,249,9618,2006,0.0,5301.0,-0.6016520000000001,-0.849938,PLW,TWN,871680
3584571,177,249,9618,2006,0.0,24537.0,0.991927,1.474418,POL,TWN,871680
3584572,179,249,9618,2006,0.0,1082.0,0.5723630000000001,1.92303,PRT,TWN,871680
3584573,183,249,9618,2006,0.0,13819.0,0.055777999999999994,-1.0379049999999999,QAT,TWN,871680
3584574,185,249,9618,2006,0.0,42124.0,0.550825,1.170744,ROU,TWN,871680
3584575,186,249,9618,2006,0.0,29721.0,0.801197,0.104683,RUS,TWN,871680
3584576,188,249,9618,2006,0.0,59364.0,0.162432,-0.853059,SAU,TWN,871680
3584577,192,249,9618,2006,7595.0,13126.0,1.5377379999999998,0.503089,SGP,TWN,871680
3584578,197,249,9618,2006,0.0,2159.0,-0.135312,0.140874,SLV,TWN,871680
3584579,201,249,9618,2006,0.0,534.0,0.547824,1.5588879999999998,SRB,TWN,871680
3584580,206,249,9618,2006,0.0,9677.0,1.291583,0.868317,SVK,TWN,871680
3584581,207,249,9618,2006,0.0,1386.0,1.5882370000000001,0.800719,SVN,TWN,871680
3584582,208,249,9618,2006,8236.0,400107.0,1.902737,0.593294,SWE,TWN,871680
3584583,216,249,9618,2006,6088.0,220688.0,0.568209,1.685343,THA,TWN,871680
3584584,223,249,9618,2006,0.0,9068.0,-0.013636,0.804752,TUN,TWN,871680
3584585,224,249,9618,2006,0.0,11661.0,0.33971599999999996,2.193384,TUR,TWN,871680
3584586,228,249,9618,2006,0.0,20094.0,0.7008439999999999,0.79656,UKR,TWN,871680
3584587,231,249,9618,2006,355750.0,12823111.0,1.666643,-0.121679,USA,TWN,871680
3584588,234,249,9618,2006,0.0,667.0,-0.6097060000000001,-0.8844770000000001,VCT,TWN,871680
3584589,236,249,9618,2006,0.0,14753.0,-0.340972,-1.015462,VEN,TWN,871680
3584590,239,249,9618,2006,0.0,91288.0,-0.342779,1.033318,VNM,TWN,871680
3584591,246,249,9618,2006,0.0,52102.0,0.37964499999999995,1.466326,ZAF,TWN,871680
3584592,250,249,9618,2006,6037.0,0.0,0.711619,-0.41880200000000006,ANS,TWN,871680
3584593,8,7,9618,2006,2343.0,0.0,0.33055,0.665867,ARG,ARE,871680
3584594,9,7,9618,2006,0.0,4773.0,0.14539100000000002,-0.558014,ARM,ARE,871680
3584595,14,7,9618,2006,54137.0,1030.0,0.067166,0.373148,AUS,ARE,871680
3584596,15,7,9618,2006,21552.0,0.0,1.775669,0.192717,AUT,ARE,871680
3584597,17,7,9618,2006,0.0,21934.0,-0.033711,-0.48450600000000005,BDI,ARE,871680
3584598,18,7,9618,2006,143852.0,0.0,1.2222540000000002,1.383027,BEL,ARE,871680
3584599,24,7,9618,2006,3013.0,37633.0,0.172724,-0.9449879999999999,BHR,ARE,871680
3584600,39,7,9618,2006,23734.0,0.0,0.865685,1.1480489999999999,CAN,ARE,871680
3584601,41,7,9618,2006,26148.0,0.0,2.052534,0.515523,CHE,ARE,871680
3584602,43,7,9618,2006,6769715.0,0.0,0.737888,2.54966,CHN,ARE,871680
3584603,45,7,9618,2006,0.0,14517.0,-1.358873,-1.1511360000000002,CMR,ARE,871680
3584604,50,7,9618,2006,0.0,19811.0,-0.5214300000000001,-0.8452149999999999,COM,ARE,871680
3584605,59,7,9618,2006,11292.0,0.0,1.564058,0.6023649999999999,CZE,ARE,871680
3584606,61,7,9618,2006,1040312.0,1830.0,2.132566,-2.773669,DEU,ARE,871680
3584607,66,7,9618,2006,0.0,11131.0,-0.489962,-1.12456,DZA,ARE,871680
3584608,68,7,9618,2006,1796.0,0.0,-0.182272,0.40222399999999997,EGY,ARE,871680
3584609,71,7,9618,2006,19263.0,0.0,0.9091370000000001,2.068166,ESP,ARE,871680
3584610,73,7,9618,2006,0.0,6226.0,-0.9557180000000001,-0.9153479999999999,ETH,ARE,871680
3584611,74,7,9618,2006,10514.0,0.0,1.864038,0.8193940000000001,FIN,ARE,871680
3584612,77,7,9618,2006,2410858.0,0.0,1.47591,0.489466,FRA,ARE,871680
3584613,80,7,9618,2006,0.0,93049.0,-1.6696819999999999,-1.173322,GAB,ARE,871680
3584614,81,7,9618,2006,148885.0,0.0,1.824154,0.614424,GBR,ARE,871680
3584615,83,7,9618,2006,0.0,1825.0,-0.9934860000000001,-0.809318,GHA,ARE,871680
3584616,85,7,9618,2006,0.0,5753.0,-1.8376720000000002,-1.229774,GIN,ARE,871680
3584617,97,7,9618,2006,1691.0,0.0,0.5776319999999999,2.076782,HKG,ARE,871680
3584618,103,7,9618,2006,732364.0,0.0,-0.21012399999999998,1.467838,IDN,ARE,871680
3584619,104,7,9618,2006,53440.0,0.0,0.285652,2.731318,IND,ARE,871680
3584620,111,7,9618,2006,398811.0,0.0,1.293779,0.93995,ITA,ARE,871680
3584621,114,7,9618,2006,438743.0,0.0,2.4348099999999997,0.082887,JPN,ARE,871680
3584622,115,7,9618,2006,2280.0,8311.0,0.038229,-0.579421,KAZ,ARE,871680
3584623,121,7,9618,2006,140873.0,0.0,1.5384309999999999,0.766628,KOR,ARE,871680
3584624,122,7,9618,2006,23581.0,27036.0,-0.589823,-1.142795,KWT,ARE,871680
3584625,124,7,9618,2006,0.0,1109.0,0.3861,1.586183,LBN,ARE,871680
3584626,128,7,9618,2006,0.0,1538.0,-0.573767,0.305913,LKA,ARE,871680
3584627,131,7,9618,2006,2948.0,0.0,1.4345620000000001,0.8840819999999999,LUX,ARE,871680
3584628,134,7,9618,2006,1238.0,0.0,-0.547933,0.08257300000000001,MAR,ARE,871680
3584629,141,7,9618,2006,0.0,15916.0,-0.503462,-0.778836,MLI,ARE,871680
3584630,147,7,9618,2006,0.0,18155.0,-1.0250629999999998,-1.067359,MOZ,ARE,871680
3584631,152,7,9618,2006,0.0,3967.0,-1.145132,-1.0946209999999998,MWI,ARE,871680
3584632,153,7,9618,2006,283096.0,0.0,0.7896569999999999,0.363625,MYS,ARE,871680
3584633,154,7,9618,2006,0.0,3439.0,1.1370049999999998,0.131896,MYT,ARE,871680
3584634,157,7,9618,2006,0.0,3657.0,-0.554188,-0.708255,NER,ARE,871680
3584635,162,7,9618,2006,2472.0,15975.0,1.192134,1.450852,NLD,ARE,871680
3584636,163,7,9618,2006,5250.0,0.0,1.0787930000000001,0.014051,NOR,ARE,871680
3584637,166,7,9618,2006,18776.0,0.0,0.5371,0.8240209999999999,NZL,ARE,871680
3584638,167,7,9618,2006,0.0,141691.0,-0.6373989999999999,-1.092554,OMN,ARE,871680
3584639,168,7,9618,2006,0.0,8618.0,-0.449333,0.563013,PAK,ARE,871680
3584640,183,7,9618,2006,0.0,148145.0,0.055777999999999994,-1.0379049999999999,QAT,ARE,871680
3584641,187,7,9618,2006,0.0,93673.0,-0.032827999999999996,-0.42937600000000004,RWA,ARE,871680
3584642,188,7,9618,2006,111745.0,38867.0,0.162432,-0.853059,SAU,ARE,871680
3584643,190,7,9618,2006,0.0,51726.0,-1.873762,-1.278378,SDN,ARE,871680
3584644,191,7,9618,2006,0.0,13635.0,-0.364713,-0.183612,SEN,ARE,871680
3584645,192,7,9618,2006,3079.0,0.0,1.5377379999999998,0.503089,SGP,ARE,871680
3584646,203,7,9618,2006,0.0,4341.0,0.805511,-0.19645,STP,ARE,871680
3584647,206,7,9618,2006,58582.0,0.0,1.291583,0.868317,SVK,ARE,871680
3584648,207,7,9618,2006,56212.0,0.0,1.5882370000000001,0.800719,SVN,ARE,871680
3584649,208,7,9618,2006,92993.0,0.0,1.902737,0.593294,SWE,ARE,871680
3584650,216,7,9618,2006,120526.0,0.0,0.568209,1.685343,THA,ARE,871680
3584651,224,7,9618,2006,55046.0,0.0,0.33971599999999996,2.193384,TUR,ARE,871680
3584652,226,7,9618,2006,16157.0,133805.0,-0.953097,0.159129,TZA,ARE,871680
3584653,227,7,9618,2006,0.0,1183.0,-0.702511,-0.43976099999999996,UGA,ARE,871680
3584654,228,7,9618,2006,25506.0,0.0,0.7008439999999999,0.79656,UKR,ARE,871680
3584655,231,7,9618,2006,587042.0,0.0,1.666643,-0.121679,USA,ARE,871680
3584656,246,7,9618,2006,74863.0,21395.0,0.37964499999999995,1.466326,ZAF,ARE,871680
3584657,247,7,9618,2006,0.0,2032.0,-0.5307,-0.793621,ZMB,ARE,871680
3584658,249,7,9618,2006,32989.0,0.0,1.619915,1.2289940000000001,TWN,ARE,871680
3584659,1,14,9618,2006,15229.0,0.0,-0.626011,-0.6799689999999999,AFG,AUS,871680
3584660,7,14,9618,2006,1030.0,54137.0,0.053903999999999994,-0.735124,ARE,AUS,871680
3584661,8,14,9618,2006,932.0,0.0,0.33055,0.665867,ARG,AUS,871680
3584662,15,14,9618,2006,44695.0,9550.0,1.775669,0.192717,AUT,AUS,871680
3584663,24,14,9618,2006,6658.0,0.0,0.172724,-0.9449879999999999,BHR,AUS,871680
3584664,34,14,9618,2006,0.0,7543.0,-1.331831,-0.9170940000000001,BRN,AUS,871680
3584665,39,14,9618,2006,134906.0,20941.0,0.865685,1.1480489999999999,CAN,AUS,871680
3584666,40,14,9618,2006,0.0,36367.0,1.151181,-0.16833900000000002,CCK,AUS,871680
3584667,41,14,9618,2006,20785.0,0.0,2.052534,0.515523,CHE,AUS,871680
3584668,42,14,9618,2006,0.0,10043.0,-0.188298,-0.46778000000000003,CHL,AUS,871680
3584669,43,14,9618,2006,28228550.0,15180.0,0.737888,2.54966,CHN,AUS,871680
3584670,59,14,9618,2006,103972.0,0.0,1.564058,0.6023649999999999,CZE,AUS,871680
3584671,61,14,9618,2006,3737457.0,50469.0,2.132566,-2.773669,DEU,AUS,871680
3584672,64,14,9618,2006,6668.0,3444.0,1.2308700000000001,1.180914,DNK,AUS,871680
3584673,71,14,9618,2006,8855.0,32613.0,0.9091370000000001,2.068166,ESP,AUS,871680
3584674,74,14,9618,2006,2449743.0,2042.0,1.864038,0.8193940000000001,FIN,AUS,871680
3584675,75,14,9618,2006,21307.0,113815.0,-0.6554949999999999,-0.098284,FJI,AUS,871680
3584676,77,14,9618,2006,280971.0,55257.0,1.47591,0.489466,FRA,AUS,871680
3584677,81,14,9618,2006,194083.0,91713.0,1.824154,0.614424,GBR,AUS,871680
3584678,82,14,9618,2006,0.0,3305.0,0.076711,-0.47216099999999994,GEO,AUS,871680
3584679,83,14,9618,2006,0.0,10182.0,-0.9934860000000001,-0.809318,GHA,AUS,871680
3584680,90,14,9618,2006,0.0,9155.0,0.261955,1.488958,GRC,AUS,871680
3584681,95,14,9618,2006,0.0,7118.0,0.385261,-0.26928,GUM,AUS,871680
3584682,97,14,9618,2006,1205792.0,236646.0,0.5776319999999999,2.076782,HKG,AUS,871680
3584683,102,14,9618,2006,71279.0,786.0,1.4034309999999999,0.835144,HUN,AUS,871680
3584684,103,14,9618,2006,15682.0,42684.0,-0.21012399999999998,1.467838,IDN,AUS,871680
3584685,104,14,9618,2006,4045.0,1130.0,0.285652,2.731318,IND,AUS,871680
3584686,106,14,9618,2006,0.0,23231.0,1.43804,0.06463200000000001,IRL,AUS,871680
3584687,109,14,9618,2006,99529.0,0.0,0.170234,-0.302203,ISL,AUS,871680
3584688,110,14,9618,2006,540833.0,0.0,1.3082129999999998,0.783845,ISR,AUS,871680
3584689,111,14,9618,2006,139404.0,0.0,1.293779,0.93995,ITA,AUS,871680
3584690,114,14,9618,2006,273963.0,7058.0,2.4348099999999997,0.082887,JPN,AUS,871680
3584691,115,14,9618,2006,0.0,1546.0,0.038229,-0.579421,KAZ,AUS,871680
3584692,119,14,9618,2006,0.0,3605.0,0.218218,-0.669244,KIR,AUS,871680
3584693,121,14,9618,2006,148205.0,6386.0,1.5384309999999999,0.766628,KOR,AUS,871680
3584694,122,14,9618,2006,0.0,5541.0,-0.589823,-1.142795,KWT,AUS,871680
3584695,128,14,9618,2006,0.0,1851.0,-0.573767,0.305913,LKA,AUS,871680
3584696,133,14,9618,2006,0.0,154673.0,-0.07118200000000001,-0.228354,MAC,AUS,871680
3584697,134,14,9618,2006,67826.0,0.0,-0.547933,0.08257300000000001,MAR,AUS,871680
3584698,138,14,9618,2006,34198.0,5955.0,1.047268,0.7142270000000001,MEX,AUS,871680
3584699,153,14,9618,2006,428403.0,71397.0,0.7896569999999999,0.363625,MYS,AUS,871680
3584700,156,14,9618,2006,582.0,32085.0,-0.135099,-0.7618779999999999,NCL,AUS,871680
3584701,157,14,9618,2006,22112.0,0.0,-0.554188,-0.708255,NER,AUS,871680
3584702,162,14,9618,2006,54726.0,19932.0,1.192134,1.450852,NLD,AUS,871680
3584703,163,14,9618,2006,55402.0,0.0,1.0787930000000001,0.014051,NOR,AUS,871680
3584704,165,14,9618,2006,4302.0,8424.0,1.092365,-0.03394,NRU,AUS,871680
3584705,166,14,9618,2006,979953.0,865928.0,0.5371,0.8240209999999999,NZL,AUS,871680
3584706,167,14,9618,2006,0.0,3144.0,-0.6373989999999999,-1.092554,OMN,AUS,871680
3584707,174,14,9618,2006,70393.0,3968.0,0.161994,0.036631,PHL,AUS,871680
3584708,176,14,9618,2006,2268.0,917705.0,-1.89409,-1.234731,PNG,AUS,871680
3584709,177,14,9618,2006,6316.0,0.0,0.991927,1.474418,POL,AUS,871680
3584710,182,14,9618,2006,0.0,39120.0,-0.213329,-0.743599,PYF,AUS,871680
3584711,183,14,9618,2006,0.0,11169.0,0.055777999999999994,-1.0379049999999999,QAT,AUS,871680
3584712,186,14,9618,2006,0.0,12500.0,0.801197,0.104683,RUS,AUS,871680
3584713,188,14,9618,2006,0.0,108422.0,0.162432,-0.853059,SAU,AUS,871680
3584714,192,14,9618,2006,172482.0,191389.0,1.5377379999999998,0.503089,SGP,AUS,871680
3584715,207,14,9618,2006,31825.0,7163.0,1.5882370000000001,0.800719,SVN,AUS,871680
3584716,208,14,9618,2006,200398.0,0.0,1.902737,0.593294,SWE,AUS,871680
3584717,211,14,9618,2006,0.0,859.0,-0.344619,-0.796139,SYC,AUS,871680
3584718,216,14,9618,2006,186284.0,4309.0,0.568209,1.685343,THA,AUS,871680
3584719,224,14,9618,2006,19536.0,0.0,0.33971599999999996,2.193384,TUR,AUS,871680
3584720,231,14,9618,2006,663069.0,77091.0,1.666643,-0.121679,USA,AUS,871680
3584721,239,14,9618,2006,102397.0,19129.0,-0.342779,1.033318,VNM,AUS,871680
3584722,240,14,9618,2006,0.0,98525.0,-1.166741,-0.927552,VUT,AUS,871680
3584723,242,14,9618,2006,0.0,7045.0,0.299266,-0.477783,WSM,AUS,871680
3584724,246,14,9618,2006,102171.0,14307.0,0.37964499999999995,1.466326,ZAF,AUS,871680
3584725,249,14,9618,2006,605170.0,0.0,1.619915,1.2289940000000001,TWN,AUS,871680
3584726,250,14,9618,2006,0.0,13473.0,0.711619,-0.41880200000000006,ANS,AUS,871680
3584727,41,16,9618,2006,2275.0,0.0,2.052534,0.515523,CHE,AZE,871680
3584728,43,16,9618,2006,5708.0,0.0,0.737888,2.54966,CHN,AZE,871680
3584729,61,16,9618,2006,9615.0,0.0,2.132566,-2.773669,DEU,AZE,871680
3584730,77,16,9618,2006,1991.0,0.0,1.47591,0.489466,FRA,AZE,871680
3584731,81,16,9618,2006,7507.0,0.0,1.824154,0.614424,GBR,AZE,871680
3584732,107,16,9618,2006,29537.0,0.0,-0.391023,-0.767861,IRN,AZE,871680
3584733,115,16,9618,2006,0.0,2937.0,0.038229,-0.579421,KAZ,AZE,871680
3584734,186,16,9618,2006,9518.0,1955.0,0.801197,0.104683,RUS,AZE,871680
3584735,224,16,9618,2006,1365578.0,0.0,0.33971599999999996,2.193384,TUR,AZE,871680
3584736,228,16,9618,2006,3693.0,0.0,0.7008439999999999,0.79656,UKR,AZE,871680
3584737,231,16,9618,2006,3235.0,0.0,1.666643,-0.121679,USA,AZE,871680
3584738,18,22,9618,2006,0.0,2193.0,1.2222540000000002,1.383027,BEL,BGD,871680
3584739,39,22,9618,2006,1009.0,0.0,0.865685,1.1480489999999999,CAN,BGD,871680
3584740,43,22,9618,2006,126275.0,0.0,0.737888,2.54966,CHN,BGD,871680
3584741,44,22,9618,2006,3930482.0,12201855.0,-0.8918530000000001,-0.8145819999999999,CIV,BGD,871680
3584742,61,22,9618,2006,532300.0,4807.0,2.132566,-2.773669,DEU,BGD,871680
3584743,100,22,9618,2006,0.0,1367.0,0.755787,0.992614,HRV,BGD,871680
3584744,104,22,9618,2006,27958.0,0.0,0.285652,2.731318,IND,BGD,871680
3584745,114,22,9618,2006,3274.0,0.0,2.4348099999999997,0.082887,JPN,BGD,871680
3584746,116,22,9618,2006,0.0,713331.0,-0.38287899999999997,1.060286,KEN,BGD,871680
3584747,121,22,9618,2006,13369.0,0.0,1.5384309999999999,0.766628,KOR,BGD,871680
3584748,153,22,9618,2006,6248.0,0.0,0.7896569999999999,0.363625,MYS,BGD,871680
3584749,168,22,9618,2006,273698.0,0.0,-0.449333,0.563013,PAK,BGD,871680
3584750,192,22,9618,2006,15010.0,0.0,1.5377379999999998,0.503089,SGP,BGD,871680
3584751,216,22,9618,2006,399028.0,0.0,0.568209,1.685343,THA,BGD,871680
3584752,231,22,9618,2006,1571013.0,0.0,1.666643,-0.121679,USA,BGD,871680
3584753,246,22,9618,2006,1111.0,0.0,0.37964499999999995,1.466326,ZAF,BGD,871680
3584754,250,22,9618,2006,1686374.0,2481536.0,0.711619,-0.41880200000000006,ANS,BGD,871680
3584755,9,23,9618,2006,0.0,892.0,0.14539100000000002,-0.558014,ARM,BGR,871680
3584756,15,23,9618,2006,59602.0,1440.0,1.775669,0.192717,AUT,BGR,871680
3584757,18,23,9618,2006,0.0,12947.0,1.2222540000000002,1.383027,BEL,BGR,871680
3584758,28,23,9618,2006,0.0,36897.0,0.919853,0.384409,BLR,BGR,871680
3584759,39,23,9618,2006,2557.0,0.0,0.865685,1.1480489999999999,CAN,BGR,871680
3584760,41,23,9618,2006,0.0,64912.0,2.052534,0.515523,CHE,BGR,871680
3584761,43,23,9618,2006,100822.0,0.0,0.737888,2.54966,CHN,BGR,871680
3584762,58,23,9618,2006,0.0,952.0,0.708267,-0.048096,CYP,BGR,871680
3584763,59,23,9618,2006,12249.0,0.0,1.564058,0.6023649999999999,CZE,BGR,871680
3584764,61,23,9618,2006,1540690.0,9520.0,2.132566,-2.773669,DEU,BGR,871680
3584765,71,23,9618,2006,14276.0,0.0,0.9091370000000001,2.068166,ESP,BGR,871680
3584766,77,23,9618,2006,261153.0,43698.0,1.47591,0.489466,FRA,BGR,871680
3584767,81,23,9618,2006,1735.0,13956.0,1.824154,0.614424,GBR,BGR,871680
3584768,90,23,9618,2006,153574.0,8590.0,0.261955,1.488958,GRC,BGR,871680
3584769,100,23,9618,2006,118678.0,0.0,0.755787,0.992614,HRV,BGR,871680
3584770,102,23,9618,2006,90114.0,92274.0,1.4034309999999999,0.835144,HUN,BGR,871680
3584771,111,23,9618,2006,112595.0,9796.0,1.293779,0.93995,ITA,BGR,871680
3584772,114,23,9618,2006,55373.0,0.0,2.4348099999999997,0.082887,JPN,BGR,871680
3584773,115,23,9618,2006,0.0,18666.0,0.038229,-0.579421,KAZ,BGR,871680
3584774,121,23,9618,2006,0.0,4404.0,1.5384309999999999,0.766628,KOR,BGR,871680
3584775,130,23,9618,2006,13026.0,0.0,0.44063599999999997,1.163857,LTU,BGR,871680
3584776,135,23,9618,2006,0.0,22180.0,-0.017707,0.135305,MDA,BGR,871680
3584777,140,23,9618,2006,34917.0,4925.0,-0.21336,0.17674700000000002,MKD,BGR,871680
3584778,162,23,9618,2006,49964.0,1088.0,1.192134,1.450852,NLD,BGR,871680
3584779,163,23,9618,2006,0.0,1774.0,1.0787930000000001,0.014051,NOR,BGR,871680
3584780,177,23,9618,2006,412223.0,1706.0,0.991927,1.474418,POL,BGR,871680
3584781,185,23,9618,2006,2950.0,27942.0,0.550825,1.170744,ROU,BGR,871680
3584782,186,23,9618,2006,0.0,41226.0,0.801197,0.104683,RUS,BGR,871680
3584783,206,23,9618,2006,31888.0,0.0,1.291583,0.868317,SVK,BGR,871680
3584784,207,23,9618,2006,12845.0,0.0,1.5882370000000001,0.800719,SVN,BGR,871680
3584785,208,23,9618,2006,66926.0,30432.0,1.902737,0.593294,SWE,BGR,871680
3584786,224,23,9618,2006,186115.0,4523.0,0.33971599999999996,2.193384,TUR,BGR,871680
3584787,228,23,9618,2006,0.0,27153.0,0.7008439999999999,0.79656,UKR,BGR,871680
3584788,231,23,9618,2006,25214.0,18012.0,1.666643,-0.121679,USA,BGR,871680
3584789,249,23,9618,2006,1916.0,0.0,1.619915,1.2289940000000001,TWN,BGR,871680
3584790,7,24,9618,2006,37633.0,3013.0,0.053903999999999994,-0.735124,ARE,BHR,871680
3584791,14,24,9618,2006,0.0,6658.0,0.067166,0.373148,AUS,BHR,871680
3584792,18,24,9618,2006,10385.0,0.0,1.2222540000000002,1.383027,BEL,BHR,871680
3584793,43,24,9618,2006,108100.0,0.0,0.737888,2.54966,CHN,BHR,871680
3584794,61,24,9618,2006,231621.0,0.0,2.132566,-2.773669,DEU,BHR,871680
3584795,64,24,9618,2006,20476.0,0.0,1.2308700000000001,1.180914,DNK,BHR,871680
3584796,68,24,9618,2006,0.0,14631.0,-0.182272,0.40222399999999997,EGY,BHR,871680
3584797,71,24,9618,2006,58175.0,0.0,0.9091370000000001,2.068166,ESP,BHR,871680
3584798,77,24,9618,2006,298486.0,0.0,1.47591,0.489466,FRA,BHR,871680
3584799,81,24,9618,2006,343958.0,22632.0,1.824154,0.614424,GBR,BHR,871680
3584800,97,24,9618,2006,0.0,6299.0,0.5776319999999999,2.076782,HKG,BHR,871680
3584801,104,24,9618,2006,2847.0,17651.0,0.285652,2.731318,IND,BHR,871680
3584802,111,24,9618,2006,24689.0,0.0,1.293779,0.93995,ITA,BHR,871680
3584803,113,24,9618,2006,0.0,11642.0,0.166718,0.331248,JOR,BHR,871680
3584804,114,24,9618,2006,86596.0,898.0,2.4348099999999997,0.082887,JPN,BHR,871680
3584805,122,24,9618,2006,0.0,1963.0,-0.589823,-1.142795,KWT,BHR,871680
3584806,153,24,9618,2006,29283.0,0.0,0.7896569999999999,0.363625,MYS,BHR,871680
3584807,162,24,9618,2006,10608.0,0.0,1.192134,1.450852,NLD,BHR,871680
3584808,166,24,9618,2006,999.0,0.0,0.5371,0.8240209999999999,NZL,BHR,871680
3584809,183,24,9618,2006,0.0,16828.0,0.055777999999999994,-1.0379049999999999,QAT,BHR,871680
3584810,188,24,9618,2006,73117.0,39159.0,0.162432,-0.853059,SAU,BHR,871680
3584811,192,24,9618,2006,1088.0,0.0,1.5377379999999998,0.503089,SGP,BHR,871680
3584812,216,24,9618,2006,2060.0,0.0,0.568209,1.685343,THA,BHR,871680
3584813,224,24,9618,2006,18813.0,0.0,0.33971599999999996,2.193384,TUR,BHR,871680
3584814,231,24,9618,2006,589629.0,0.0,1.666643,-0.121679,USA,BHR,871680
3584815,249,24,9618,2006,20685.0,0.0,1.619915,1.2289940000000001,TWN,BHR,871680
3584816,9,28,9618,2006,0.0,5395.0,0.14539100000000002,-0.558014,ARM,BLR,871680
3584817,15,28,9618,2006,9162.0,0.0,1.775669,0.192717,AUT,BLR,871680
3584818,18,28,9618,2006,3211.0,0.0,1.2222540000000002,1.383027,BEL,BLR,871680
3584819,23,28,9618,2006,36897.0,0.0,0.414563,1.378005,BGR,BLR,871680
3584820,41,28,9618,2006,612.0,0.0,2.052534,0.515523,CHE,BLR,871680
3584821,43,28,9618,2006,8650.0,0.0,0.737888,2.54966,CHN,BLR,871680
3584822,59,28,9618,2006,7732.0,0.0,1.564058,0.6023649999999999,CZE,BLR,871680
3584823,61,28,9618,2006,115459.0,10669.0,2.132566,-2.773669,DEU,BLR,871680
3584824,64,28,9618,2006,65665.0,0.0,1.2308700000000001,1.180914,DNK,BLR,871680
3584825,71,28,9618,2006,22612.0,0.0,0.9091370000000001,2.068166,ESP,BLR,871680
3584826,72,28,9618,2006,3739.0,0.0,0.6426350000000001,0.925003,EST,BLR,871680
3584827,74,28,9618,2006,1596.0,0.0,1.864038,0.8193940000000001,FIN,BLR,871680
3584828,77,28,9618,2006,86555.0,0.0,1.47591,0.489466,FRA,BLR,871680
3584829,81,28,9618,2006,2209.0,0.0,1.824154,0.614424,GBR,BLR,871680
3584830,90,28,9618,2006,0.0,973.0,0.261955,1.488958,GRC,BLR,871680
3584831,102,28,9618,2006,1195.0,0.0,1.4034309999999999,0.835144,HUN,BLR,871680
3584832,104,28,9618,2006,861.0,0.0,0.285652,2.731318,IND,BLR,871680
3584833,111,28,9618,2006,44930.0,3089.0,1.293779,0.93995,ITA,BLR,871680
3584834,114,28,9618,2006,1249.0,0.0,2.4348099999999997,0.082887,JPN,BLR,871680
3584835,115,28,9618,2006,0.0,2175.0,0.038229,-0.579421,KAZ,BLR,871680
3584836,130,28,9618,2006,153186.0,0.0,0.44063599999999997,1.163857,LTU,BLR,871680
3584837,132,28,9618,2006,21678.0,0.0,0.531375,0.9414170000000001,LVA,BLR,871680
3584838,162,28,9618,2006,16377.0,0.0,1.192134,1.450852,NLD,BLR,871680
3584839,163,28,9618,2006,1707.0,0.0,1.0787930000000001,0.014051,NOR,BLR,871680
3584840,177,28,9618,2006,486832.0,0.0,0.991927,1.474418,POL,BLR,871680
3584841,186,28,9618,2006,127905.0,546045.0,0.801197,0.104683,RUS,BLR,871680
3584842,207,28,9618,2006,8338.0,0.0,1.5882370000000001,0.800719,SVN,BLR,871680
3584843,208,28,9618,2006,3880.0,0.0,1.902737,0.593294,SWE,BLR,871680
3584844,228,28,9618,2006,20573.0,19225.0,0.7008439999999999,0.79656,UKR,BLR,871680
3584845,231,28,9618,2006,2215.0,0.0,1.666643,-0.121679,USA,BLR,871680
3584846,249,28,9618,2006,1598.0,0.0,1.619915,1.2289940000000001,TWN,BLR,871680
3584847,18,58,9618,2006,5005.0,0.0,1.2222540000000002,1.383027,BEL,CYP,871680
3584848,23,58,9618,2006,952.0,0.0,0.414563,1.378005,BGR,CYP,871680
3584849,43,58,9618,2006,131403.0,0.0,0.737888,2.54966,CHN,CYP,871680
3584850,59,58,9618,2006,110218.0,0.0,1.564058,0.6023649999999999,CZE,CYP,871680
3584851,61,58,9618,2006,125058.0,0.0,2.132566,-2.773669,DEU,CYP,871680
3584852,74,58,9618,2006,1136.0,0.0,1.864038,0.8193940000000001,FIN,CYP,871680
3584853,77,58,9618,2006,232004.0,0.0,1.47591,0.489466,FRA,CYP,871680
3584854,81,58,9618,2006,99267.0,0.0,1.824154,0.614424,GBR,CYP,871680
3584855,90,58,9618,2006,40906.0,0.0,0.261955,1.488958,GRC,CYP,871680
3584856,111,58,9618,2006,157634.0,0.0,1.293779,0.93995,ITA,CYP,871680
3584857,114,58,9618,2006,2657.0,0.0,2.4348099999999997,0.082887,JPN,CYP,871680
3584858,131,58,9618,2006,341.0,0.0,1.4345620000000001,0.8840819999999999,LUX,CYP,871680
3584859,162,58,9618,2006,6667.0,0.0,1.192134,1.450852,NLD,CYP,871680
3584860,186,58,9618,2006,61133.0,0.0,0.801197,0.104683,RUS,CYP,871680
3584861,208,58,9618,2006,8440.0,0.0,1.902737,0.593294,SWE,CYP,871680
3584862,224,58,9618,2006,294891.0,0.0,0.33971599999999996,2.193384,TUR,CYP,871680
3584863,231,58,9618,2006,31704.0,0.0,1.666643,-0.121679,USA,CYP,871680
3584864,239,58,9618,2006,44962.0,0.0,-0.342779,1.033318,VNM,CYP,871680
3584865,246,58,9618,2006,1294.0,0.0,0.37964499999999995,1.466326,ZAF,CYP,871680
3584866,249,58,9618,2006,36115.0,0.0,1.619915,1.2289940000000001,TWN,CYP,871680
3584867,7,68,9618,2006,0.0,1796.0,0.053903999999999994,-0.735124,ARE,EGY,871680
3584868,18,68,9618,2006,32429.0,0.0,1.2222540000000002,1.383027,BEL,EGY,871680
3584869,24,68,9618,2006,14631.0,0.0,0.172724,-0.9449879999999999,BHR,EGY,871680
3584870,32,68,9618,2006,9339.0,0.0,0.633889,1.1474520000000001,BRA,EGY,871680
3584871,41,68,9618,2006,0.0,1273.0,2.052534,0.515523,CHE,EGY,871680
3584872,43,68,9618,2006,102545.0,0.0,0.737888,2.54966,CHN,EGY,871680
3584873,61,68,9618,2006,129818.0,0.0,2.132566,-2.773669,DEU,EGY,871680
3584874,71,68,9618,2006,7478.0,23894.0,0.9091370000000001,2.068166,ESP,EGY,871680
3584875,77,68,9618,2006,122708.0,0.0,1.47591,0.489466,FRA,EGY,871680
3584876,81,68,9618,2006,35753.0,9571.0,1.824154,0.614424,GBR,EGY,871680
3584877,90,68,9618,2006,0.0,2772.0,0.261955,1.488958,GRC,EGY,871680
3584878,104,68,9618,2006,15260.0,0.0,0.285652,2.731318,IND,EGY,871680
3584879,111,68,9618,2006,24733.0,17956.0,1.293779,0.93995,ITA,EGY,871680
3584880,113,68,9618,2006,0.0,6472.0,0.166718,0.331248,JOR,EGY,871680
3584881,114,68,9618,2006,43182.0,0.0,2.4348099999999997,0.082887,JPN,EGY,871680
3584882,121,68,9618,2006,194443.0,0.0,1.5384309999999999,0.766628,KOR,EGY,871680
3584883,122,68,9618,2006,0.0,2656.0,-0.589823,-1.142795,KWT,EGY,871680
3584884,131,68,9618,2006,91.0,0.0,1.4345620000000001,0.8840819999999999,LUX,EGY,871680
3584885,132,68,9618,2006,125028.0,0.0,0.531375,0.9414170000000001,LVA,EGY,871680
3584886,162,68,9618,2006,4801.0,0.0,1.192134,1.450852,NLD,EGY,871680
3584887,188,68,9618,2006,0.0,17108.0,0.162432,-0.853059,SAU,EGY,871680
3584888,190,68,9618,2006,0.0,25713.0,-1.873762,-1.278378,SDN,EGY,871680
3584889,207,68,9618,2006,5973.0,0.0,1.5882370000000001,0.800719,SVN,EGY,871680
3584890,224,68,9618,2006,14909.0,0.0,0.33971599999999996,2.193384,TUR,EGY,871680
3584891,231,68,9618,2006,130474.0,0.0,1.666643,-0.121679,USA,EGY,871680
3584892,243,68,9618,2006,999.0,106530.0,-1.0407110000000002,-1.13042,YEM,EGY,871680
3584893,250,68,9618,2006,49692.0,0.0,0.711619,-0.41880200000000006,ANS,EGY,871680
3584894,15,72,9618,2006,5996.0,322701.0,1.775669,0.192717,AUT,EST,871680
3584895,18,72,9618,2006,4341.0,22414.0,1.2222540000000002,1.383027,BEL,EST,871680
3584896,28,72,9618,2006,0.0,3739.0,0.919853,0.384409,BLR,EST,871680
3584897,41,72,9618,2006,0.0,28433.0,2.052534,0.515523,CHE,EST,871680
3584898,43,72,9618,2006,643474.0,0.0,0.737888,2.54966,CHN,EST,871680
3584899,59,72,9618,2006,6907.0,20880.0,1.564058,0.6023649999999999,CZE,EST,871680
3584900,61,72,9618,2006,452606.0,425504.0,2.132566,-2.773669,DEU,EST,871680
3584901,64,72,9618,2006,173465.0,19123.0,1.2308700000000001,1.180914,DNK,EST,871680
3584902,67,72,9618,2006,7158.0,0.0,-0.878583,-0.9462010000000001,ECU,EST,871680
3584903,74,72,9618,2006,355994.0,3023186.0,1.864038,0.8193940000000001,FIN,EST,871680
3584904,77,72,9618,2006,211774.0,22268.0,1.47591,0.489466,FRA,EST,871680
3584905,81,72,9618,2006,1374.0,94557.0,1.824154,0.614424,GBR,EST,871680
3584906,90,72,9618,2006,0.0,990.0,0.261955,1.488958,GRC,EST,871680
3584907,100,72,9618,2006,71885.0,0.0,0.755787,0.992614,HRV,EST,871680
3584908,106,72,9618,2006,0.0,17481.0,1.43804,0.06463200000000001,IRL,EST,871680
3584909,109,72,9618,2006,0.0,1865.0,0.170234,-0.302203,ISL,EST,871680
3584910,111,72,9618,2006,155746.0,17139.0,1.293779,0.93995,ITA,EST,871680
3584911,130,72,9618,2006,56852.0,66962.0,0.44063599999999997,1.163857,LTU,EST,871680
3584912,131,72,9618,2006,1003.0,0.0,1.4345620000000001,0.8840819999999999,LUX,EST,871680
3584913,132,72,9618,2006,140383.0,124251.0,0.531375,0.9414170000000001,LVA,EST,871680
3584914,162,72,9618,2006,163686.0,1940087.0,1.192134,1.450852,NLD,EST,871680
3584915,163,72,9618,2006,37932.0,125843.0,1.0787930000000001,0.014051,NOR,EST,871680
3584916,177,72,9618,2006,83476.0,0.0,0.991927,1.474418,POL,EST,871680
3584917,179,72,9618,2006,0.0,1032.0,0.5723630000000001,1.92303,PRT,EST,871680
3584918,185,72,9618,2006,0.0,2014.0,0.550825,1.170744,ROU,EST,871680
3584919,186,72,9618,2006,0.0,20558.0,0.801197,0.104683,RUS,EST,871680
3584920,207,72,9618,2006,0.0,33560.0,1.5882370000000001,0.800719,SVN,EST,871680
3584921,208,72,9618,2006,273768.0,7363670.0,1.902737,0.593294,SWE,EST,871680
3584922,228,72,9618,2006,0.0,4595.0,0.7008439999999999,0.79656,UKR,EST,871680
3584923,231,72,9618,2006,8527.0,0.0,1.666643,-0.121679,USA,EST,871680
3584924,249,72,9618,2006,11532.0,0.0,1.619915,1.2289940000000001,TWN,EST,871680
3584925,250,72,9618,2006,630565.0,0.0,0.711619,-0.41880200000000006,ANS,EST,871680
3584926,14,82,9618,2006,3305.0,0.0,0.067166,0.373148,AUS,GEO,871680
3584927,43,82,9618,2006,15381.0,0.0,0.737888,2.54966,CHN,GEO,871680
3584928,61,82,9618,2006,6695.0,0.0,2.132566,-2.773669,DEU,GEO,871680
3584929,64,82,9618,2006,1462.0,0.0,1.2308700000000001,1.180914,DNK,GEO,871680
3584930,71,82,9618,2006,24721.0,0.0,0.9091370000000001,2.068166,ESP,GEO,871680
3584931,107,82,9618,2006,121673.0,0.0,-0.391023,-0.767861,IRN,GEO,871680
3584932,111,82,9618,2006,24176.0,0.0,1.293779,0.93995,ITA,GEO,871680
3584933,162,82,9618,2006,21830.0,0.0,1.192134,1.450852,NLD,GEO,871680
3584934,186,82,9618,2006,36121.0,0.0,0.801197,0.104683,RUS,GEO,871680
3584935,224,82,9618,2006,87466.0,0.0,0.33971599999999996,2.193384,TUR,GEO,871680
3584936,228,82,9618,2006,23697.0,0.0,0.7008439999999999,0.79656,UKR,GEO,871680
3584937,231,82,9618,2006,16636.0,0.0,1.666643,-0.121679,USA,GEO,871680
3584938,249,82,9618,2006,7642.0,0.0,1.619915,1.2289940000000001,TWN,GEO,871680
3584939,15,100,9618,2006,354434.0,106497.0,1.775669,0.192717,AUT,HRV,871680
3584940,18,100,9618,2006,1414.0,67539.0,1.2222540000000002,1.383027,BEL,HRV,871680
3584941,22,100,9618,2006,1367.0,0.0,-1.0305309999999999,-0.80937,BGD,HRV,871680
3584942,23,100,9618,2006,0.0,118678.0,0.414563,1.378005,BGR,HRV,871680
3584943,26,100,9618,2006,93328.0,528938.0,0.40788800000000003,0.562854,BIH,HRV,871680
3584944,39,100,9618,2006,1122.0,0.0,0.865685,1.1480489999999999,CAN,HRV,871680
3584945,41,100,9618,2006,14567.0,102029.0,2.052534,0.515523,CHE,HRV,871680
3584946,43,100,9618,2006,160479.0,0.0,0.737888,2.54966,CHN,HRV,871680
3584947,59,100,9618,2006,37777.0,49275.0,1.564058,0.6023649999999999,CZE,HRV,871680
3584948,61,100,9618,2006,2486724.0,2438564.0,2.132566,-2.773669,DEU,HRV,871680
3584949,64,100,9618,2006,28128.0,4112.0,1.2308700000000001,1.180914,DNK,HRV,871680
3584950,71,100,9618,2006,23927.0,0.0,0.9091370000000001,2.068166,ESP,HRV,871680
3584951,72,100,9618,2006,0.0,71885.0,0.6426350000000001,0.925003,EST,HRV,871680
3584952,77,100,9618,2006,92021.0,693579.0,1.47591,0.489466,FRA,HRV,871680
3584953,81,100,9618,2006,66036.0,0.0,1.824154,0.614424,GBR,HRV,871680
3584954,102,100,9618,2006,73138.0,431493.0,1.4034309999999999,0.835144,HUN,HRV,871680
3584955,106,100,9618,2006,0.0,100279.0,1.43804,0.06463200000000001,IRL,HRV,871680
3584956,108,100,9618,2006,0.0,1501.0,-2.029727,-0.8634219999999999,IRQ,HRV,871680
3584957,111,100,9618,2006,601635.0,64789.0,1.293779,0.93995,ITA,HRV,871680
3584958,114,100,9618,2006,0.0,7495.0,2.4348099999999997,0.082887,JPN,HRV,871680
3584959,130,100,9618,2006,0.0,166797.0,0.44063599999999997,1.163857,LTU,HRV,871680
3584960,131,100,9618,2006,8242.0,0.0,1.4345620000000001,0.8840819999999999,LUX,HRV,871680
3584961,132,100,9618,2006,0.0,40860.0,0.531375,0.9414170000000001,LVA,HRV,871680
3584962,135,100,9618,2006,0.0,8758.0,-0.017707,0.135305,MDA,HRV,871680
3584963,140,100,9618,2006,0.0,492565.0,-0.21336,0.17674700000000002,MKD,HRV,871680
3584964,144,100,9618,2006,0.0,50851.0,0.130773,-0.24674699999999997,MNE,HRV,871680
3584965,162,100,9618,2006,17076.0,80661.0,1.192134,1.450852,NLD,HRV,871680
3584966,177,100,9618,2006,51206.0,0.0,0.991927,1.474418,POL,HRV,871680
3584967,185,100,9618,2006,1981.0,803483.0,0.550825,1.170744,ROU,HRV,871680
3584968,186,100,9618,2006,0.0,34393.0,0.801197,0.104683,RUS,HRV,871680
3584969,201,100,9618,2006,13696.0,688200.0,0.547824,1.5588879999999998,SRB,HRV,871680
3584970,205,100,9618,2006,0.0,28515.0,-0.754046,-0.872361,SUR,HRV,871680
3584971,206,100,9618,2006,10990.0,5136.0,1.291583,0.868317,SVK,HRV,871680
3584972,207,100,9618,2006,1520696.0,195823.0,1.5882370000000001,0.800719,SVN,HRV,871680
3584973,208,100,9618,2006,53911.0,0.0,1.902737,0.593294,SWE,HRV,871680
3584974,212,100,9618,2006,758.0,0.0,-0.588695,0.532487,SYR,HRV,871680
3584975,223,100,9618,2006,0.0,1471.0,-0.013636,0.804752,TUN,HRV,871680
3584976,224,100,9618,2006,43193.0,0.0,0.33971599999999996,2.193384,TUR,HRV,871680
3584977,228,100,9618,2006,0.0,186809.0,0.7008439999999999,0.79656,UKR,HRV,871680
3584978,231,100,9618,2006,9361.0,166216.0,1.666643,-0.121679,USA,HRV,871680
3584979,249,100,9618,2006,1686.0,0.0,1.619915,1.2289940000000001,TWN,HRV,871680
3584980,4,102,9618,2006,0.0,4667.0,-0.340932,-0.06302200000000001,ALB,HUN,871680
3584981,8,102,9618,2006,0.0,1280.0,0.33055,0.665867,ARG,HUN,871680
3584982,14,102,9618,2006,786.0,71279.0,0.067166,0.373148,AUS,HUN,871680
3584983,15,102,9618,2006,153297.0,244780.0,1.775669,0.192717,AUT,HUN,871680
3584984,18,102,9618,2006,26228.0,0.0,1.2222540000000002,1.383027,BEL,HUN,871680
3584985,23,102,9618,2006,92274.0,90114.0,0.414563,1.378005,BGR,HUN,871680
3584986,26,102,9618,2006,0.0,103288.0,0.40788800000000003,0.562854,BIH,HUN,871680
3584987,28,102,9618,2006,0.0,1195.0,0.919853,0.384409,BLR,HUN,871680
3584988,39,102,9618,2006,11621.0,11459.0,0.865685,1.1480489999999999,CAN,HUN,871680
3584989,41,102,9618,2006,4306.0,9461.0,2.052534,0.515523,CHE,HUN,871680
3584990,42,102,9618,2006,0.0,2925.0,-0.188298,-0.46778000000000003,CHL,HUN,871680
3584991,43,102,9618,2006,197509.0,10972.0,0.737888,2.54966,CHN,HUN,871680
3584992,54,102,9618,2006,0.0,5078.0,0.204039,-0.5183260000000001,CUB,HUN,871680
3584993,59,102,9618,2006,224869.0,5864.0,1.564058,0.6023649999999999,CZE,HUN,871680
3584994,61,102,9618,2006,5792832.0,1954189.0,2.132566,-2.773669,DEU,HUN,871680
3584995,64,102,9618,2006,36495.0,68220.0,1.2308700000000001,1.180914,DNK,HUN,871680
3584996,71,102,9618,2006,6136.0,3748.0,0.9091370000000001,2.068166,ESP,HUN,871680
3584997,74,102,9618,2006,10896.0,2876.0,1.864038,0.8193940000000001,FIN,HUN,871680
3584998,77,102,9618,2006,1304351.0,132768.0,1.47591,0.489466,FRA,HUN,871680
3584999,81,102,9618,2006,6245.0,8697.0,1.824154,0.614424,GBR,HUN,871680
3585000,90,102,9618,2006,6226.0,0.0,0.261955,1.488958,GRC,HUN,871680
3585001,97,102,9618,2006,10436.0,0.0,0.5776319999999999,2.076782,HKG,HUN,871680
3585002,100,102,9618,2006,431493.0,73138.0,0.755787,0.992614,HRV,HUN,871680
3585003,106,102,9618,2006,9042.0,0.0,1.43804,0.06463200000000001,IRL,HUN,871680
3585004,111,102,9618,2006,439453.0,1031.0,1.293779,0.93995,ITA,HUN,871680
3585005,114,102,9618,2006,325188.0,29370.0,2.4348099999999997,0.082887,JPN,HUN,871680
3585006,115,102,9618,2006,0.0,11511.0,0.038229,-0.579421,KAZ,HUN,871680
3585007,116,102,9618,2006,0.0,4693.0,-0.38287899999999997,1.060286,KEN,HUN,871680
3585008,131,102,9618,2006,4407.0,0.0,1.4345620000000001,0.8840819999999999,LUX,HUN,871680
3585009,138,102,9618,2006,5382.0,3005.0,1.047268,0.7142270000000001,MEX,HUN,871680
3585010,162,102,9618,2006,82179.0,981.0,1.192134,1.450852,NLD,HUN,871680
3585011,163,102,9618,2006,0.0,1641.0,1.0787930000000001,0.014051,NOR,HUN,871680
3585012,166,102,9618,2006,0.0,23051.0,0.5371,0.8240209999999999,NZL,HUN,871680
3585013,173,102,9618,2006,0.0,4566.0,-0.551095,0.044295,PER,HUN,871680
3585014,177,102,9618,2006,187286.0,0.0,0.991927,1.474418,POL,HUN,871680
3585015,185,102,9618,2006,28286.0,326900.0,0.550825,1.170744,ROU,HUN,871680
3585016,186,102,9618,2006,6728.0,1023.0,0.801197,0.104683,RUS,HUN,871680
3585017,201,102,9618,2006,7197.0,110685.0,0.547824,1.5588879999999998,SRB,HUN,871680
3585018,206,102,9618,2006,310893.0,1190691.0,1.291583,0.868317,SVK,HUN,871680
3585019,207,102,9618,2006,124548.0,3808.0,1.5882370000000001,0.800719,SVN,HUN,871680
3585020,208,102,9618,2006,109811.0,4198.0,1.902737,0.593294,SWE,HUN,871680
3585021,216,102,9618,2006,0.0,169332.0,0.568209,1.685343,THA,HUN,871680
3585022,224,102,9618,2006,15242.0,91811.0,0.33971599999999996,2.193384,TUR,HUN,871680
3585023,228,102,9618,2006,12405.0,106416.0,0.7008439999999999,0.79656,UKR,HUN,871680
3585024,231,102,9618,2006,14664.0,13280.0,1.666643,-0.121679,USA,HUN,871680
3585025,246,102,9618,2006,0.0,1936.0,0.37964499999999995,1.466326,ZAF,HUN,871680
3585026,249,102,9618,2006,31181.0,0.0,1.619915,1.2289940000000001,TWN,HUN,871680
3585027,1,107,9618,2006,0.0,43645.0,-0.626011,-0.6799689999999999,AFG,IRN,871680
3585028,9,107,9618,2006,0.0,15263.0,0.14539100000000002,-0.558014,ARM,IRN,871680
3585029,16,107,9618,2006,0.0,29537.0,-0.521304,-1.035764,AZE,IRN,871680
3585030,43,107,9618,2006,367980.0,0.0,0.737888,2.54966,CHN,IRN,871680
3585031,61,107,9618,2006,15067.0,3311.0,2.132566,-2.773669,DEU,IRN,871680
3585032,81,107,9618,2006,40927.0,0.0,1.824154,0.614424,GBR,IRN,871680
3585033,82,107,9618,2006,0.0,121673.0,0.076711,-0.47216099999999994,GEO,IRN,871680
3585034,104,107,9618,2006,9207.0,0.0,0.285652,2.731318,IND,IRN,871680
3585035,108,107,9618,2006,0.0,1379124.0,-2.029727,-0.8634219999999999,IRQ,IRN,871680
3585036,111,107,9618,2006,43595.0,0.0,1.293779,0.93995,ITA,IRN,871680
3585037,114,107,9618,2006,3568.0,0.0,2.4348099999999997,0.082887,JPN,IRN,871680
3585038,115,107,9618,2006,0.0,26622.0,0.038229,-0.579421,KAZ,IRN,871680
3585039,122,107,9618,2006,2109.0,2043.0,-0.589823,-1.142795,KWT,IRN,871680
3585040,124,107,9618,2006,0.0,5887.0,0.3861,1.586183,LBN,IRN,871680
3585041,168,107,9618,2006,0.0,2133.0,-0.449333,0.563013,PAK,IRN,871680
3585042,174,107,9618,2006,23105.0,0.0,0.161994,0.036631,PHL,IRN,871680
3585043,183,107,9618,2006,0.0,1682.0,0.055777999999999994,-1.0379049999999999,QAT,IRN,871680
3585044,185,107,9618,2006,109389.0,0.0,0.550825,1.170744,ROU,IRN,871680
3585045,186,107,9618,2006,0.0,16264.0,0.801197,0.104683,RUS,IRN,871680
3585046,207,107,9618,2006,27733.0,0.0,1.5882370000000001,0.800719,SVN,IRN,871680
3585047,208,107,9618,2006,13853.0,0.0,1.902737,0.593294,SWE,IRN,871680
3585048,217,107,9618,2006,0.0,29722.0,-1.071326,-1.158325,TJK,IRN,871680
3585049,219,107,9618,2006,0.0,10276.0,-1.155861,-1.200933,TKM,IRN,871680
3585050,224,107,9618,2006,47058.0,25500.0,0.33971599999999996,2.193384,TUR,IRN,871680
3585051,232,107,9618,2006,0.0,1892.0,-0.457759,-0.784626,UZB,IRN,871680
3585052,8,113,9618,2006,5751.0,0.0,0.33055,0.665867,ARG,JOR,871680
3585053,15,113,9618,2006,1427.0,0.0,1.775669,0.192717,AUT,JOR,871680
3585054,18,113,9618,2006,2090.0,0.0,1.2222540000000002,1.383027,BEL,JOR,871680
3585055,24,113,9618,2006,11642.0,0.0,0.172724,-0.9449879999999999,BHR,JOR,871680
3585056,43,113,9618,2006,112257.0,0.0,0.737888,2.54966,CHN,JOR,871680
3585057,61,113,9618,2006,245609.0,0.0,2.132566,-2.773669,DEU,JOR,871680
3585058,68,113,9618,2006,6472.0,0.0,-0.182272,0.40222399999999997,EGY,JOR,871680
3585059,71,113,9618,2006,23613.0,0.0,0.9091370000000001,2.068166,ESP,JOR,871680
3585060,77,113,9618,2006,46043.0,0.0,1.47591,0.489466,FRA,JOR,871680
3585061,81,113,9618,2006,53009.0,0.0,1.824154,0.614424,GBR,JOR,871680
3585062,108,113,9618,2006,0.0,21656.0,-2.029727,-0.8634219999999999,IRQ,JOR,871680
3585063,110,113,9618,2006,17547.0,0.0,1.3082129999999998,0.783845,ISR,JOR,871680
3585064,111,113,9618,2006,26152.0,0.0,1.293779,0.93995,ITA,JOR,871680
3585065,114,113,9618,2006,6129.0,0.0,2.4348099999999997,0.082887,JPN,JOR,871680
3585066,121,113,9618,2006,258407.0,0.0,1.5384309999999999,0.766628,KOR,JOR,871680
3585067,122,113,9618,2006,1329.0,32794.0,-0.589823,-1.142795,KWT,JOR,871680
3585068,131,113,9618,2006,1361.0,0.0,1.4345620000000001,0.8840819999999999,LUX,JOR,871680
3585069,162,113,9618,2006,18385.0,0.0,1.192134,1.450852,NLD,JOR,871680
3585070,188,113,9618,2006,30377.0,1580.0,0.162432,-0.853059,SAU,JOR,871680
3585071,207,113,9618,2006,6949.0,0.0,1.5882370000000001,0.800719,SVN,JOR,871680
3585072,208,113,9618,2006,7077.0,0.0,1.902737,0.593294,SWE,JOR,871680
3585073,212,113,9618,2006,12927.0,1549.0,-0.588695,0.532487,SYR,JOR,871680
3585074,216,113,9618,2006,10297.0,0.0,0.568209,1.685343,THA,JOR,871680
3585075,224,113,9618,2006,22995.0,0.0,0.33971599999999996,2.193384,TUR,JOR,871680
3585076,231,113,9618,2006,24535.0,0.0,1.666643,-0.121679,USA,JOR,871680
3585077,249,113,9618,2006,3722.0,0.0,1.619915,1.2289940000000001,TWN,JOR,871680
3585078,250,113,9618,2006,0.0,328493.0,0.711619,-0.41880200000000006,ANS,JOR,871680
3585079,7,115,9618,2006,8311.0,2280.0,0.053903999999999994,-0.735124,ARE,KAZ,871680
3585080,14,115,9618,2006,1546.0,0.0,0.067166,0.373148,AUS,KAZ,871680
3585081,15,115,9618,2006,12843.0,0.0,1.775669,0.192717,AUT,KAZ,871680
3585082,16,115,9618,2006,2937.0,0.0,-0.521304,-1.035764,AZE,KAZ,871680
3585083,18,115,9618,2006,18023.0,0.0,1.2222540000000002,1.383027,BEL,KAZ,871680
3585084,23,115,9618,2006,18666.0,0.0,0.414563,1.378005,BGR,KAZ,871680
3585085,28,115,9618,2006,2175.0,0.0,0.919853,0.384409,BLR,KAZ,871680
3585086,39,115,9618,2006,13688.0,0.0,0.865685,1.1480489999999999,CAN,KAZ,871680
3585087,43,115,9618,2006,236304.0,0.0,0.737888,2.54966,CHN,KAZ,871680
3585088,59,115,9618,2006,6810.0,0.0,1.564058,0.6023649999999999,CZE,KAZ,871680
3585089,61,115,9618,2006,164894.0,0.0,2.132566,-2.773669,DEU,KAZ,871680
3585090,64,115,9618,2006,5046.0,0.0,1.2308700000000001,1.180914,DNK,KAZ,871680
3585091,71,115,9618,2006,41712.0,0.0,0.9091370000000001,2.068166,ESP,KAZ,871680
3585092,77,115,9618,2006,100186.0,0.0,1.47591,0.489466,FRA,KAZ,871680
3585093,81,115,9618,2006,16680.0,0.0,1.824154,0.614424,GBR,KAZ,871680
3585094,102,115,9618,2006,11511.0,0.0,1.4034309999999999,0.835144,HUN,KAZ,871680
3585095,104,115,9618,2006,18965.0,0.0,0.285652,2.731318,IND,KAZ,871680
3585096,107,115,9618,2006,26622.0,0.0,-0.391023,-0.767861,IRN,KAZ,871680
3585097,111,115,9618,2006,38287.0,0.0,1.293779,0.93995,ITA,KAZ,871680
3585098,114,115,9618,2006,2463.0,0.0,2.4348099999999997,0.082887,JPN,KAZ,871680
3585099,121,115,9618,2006,79028.0,0.0,1.5384309999999999,0.766628,KOR,KAZ,871680
3585100,130,115,9618,2006,96404.0,0.0,0.44063599999999997,1.163857,LTU,KAZ,871680
3585101,132,115,9618,2006,2050.0,0.0,0.531375,0.9414170000000001,LVA,KAZ,871680
3585102,162,115,9618,2006,9509.0,0.0,1.192134,1.450852,NLD,KAZ,871680
3585103,177,115,9618,2006,9367.0,0.0,0.991927,1.474418,POL,KAZ,871680
3585104,186,115,9618,2006,982649.0,20370.0,0.801197,0.104683,RUS,KAZ,871680
3585105,192,115,9618,2006,11291.0,0.0,1.5377379999999998,0.503089,SGP,KAZ,871680
3585106,206,115,9618,2006,4280.0,0.0,1.291583,0.868317,SVK,KAZ,871680
3585107,207,115,9618,2006,9446.0,0.0,1.5882370000000001,0.800719,SVN,KAZ,871680
3585108,208,115,9618,2006,1809.0,0.0,1.902737,0.593294,SWE,KAZ,871680
3585109,224,115,9618,2006,373036.0,0.0,0.33971599999999996,2.193384,TUR,KAZ,871680
3585110,228,115,9618,2006,85662.0,0.0,0.7008439999999999,0.79656,UKR,KAZ,871680
3585111,231,115,9618,2006,4673.0,0.0,1.666643,-0.121679,USA,KAZ,871680
3585112,232,115,9618,2006,26608.0,0.0,-0.457759,-0.784626,UZB,KAZ,871680
3585113,249,115,9618,2006,959.0,0.0,1.619915,1.2289940000000001,TWN,KAZ,871680
3585114,17,116,9618,2006,0.0,10215.0,-0.033711,-0.48450600000000005,BDI,KEN,871680
3585115,22,116,9618,2006,713331.0,0.0,-1.0305309999999999,-0.80937,BGD,KEN,871680
3585116,43,116,9618,2006,684034.0,0.0,0.737888,2.54966,CHN,KEN,871680
3585117,46,116,9618,2006,0.0,67792.0,-1.542137,-1.086494,COD,KEN,871680
3585118,59,116,9618,2006,2175.0,0.0,1.564058,0.6023649999999999,CZE,KEN,871680
3585119,61,116,9618,2006,882.0,0.0,2.132566,-2.773669,DEU,KEN,871680
3585120,73,116,9618,2006,0.0,19351.0,-0.9557180000000001,-0.9153479999999999,ETH,KEN,871680
3585121,77,116,9618,2006,12782.0,0.0,1.47591,0.489466,FRA,KEN,871680
3585122,81,116,9618,2006,85018.0,0.0,1.824154,0.614424,GBR,KEN,871680
3585123,102,116,9618,2006,4693.0,0.0,1.4034309999999999,0.835144,HUN,KEN,871680
3585124,104,116,9618,2006,12673.0,0.0,0.285652,2.731318,IND,KEN,871680
3585125,110,116,9618,2006,45426.0,0.0,1.3082129999999998,0.783845,ISR,KEN,871680
3585126,111,116,9618,2006,19288.0,0.0,1.293779,0.93995,ITA,KEN,871680
3585127,153,116,9618,2006,6900.0,0.0,0.7896569999999999,0.363625,MYS,KEN,871680
3585128,162,116,9618,2006,26083.0,0.0,1.192134,1.450852,NLD,KEN,871680
3585129,187,116,9618,2006,0.0,89332.0,-0.032827999999999996,-0.42937600000000004,RWA,KEN,871680
3585130,190,116,9618,2006,0.0,52869.0,-1.873762,-1.278378,SDN,KEN,871680
3585131,199,116,9618,2006,0.0,20541.0,-0.8717010000000001,-0.8264969999999999,SOM,KEN,871680
3585132,216,116,9618,2006,3489.0,0.0,0.568209,1.685343,THA,KEN,871680
3585133,224,116,9618,2006,41563.0,0.0,0.33971599999999996,2.193384,TUR,KEN,871680
3585134,226,116,9618,2006,0.0,10629.0,-0.953097,0.159129,TZA,KEN,871680
3585135,227,116,9618,2006,0.0,960704.0,-0.702511,-0.43976099999999996,UGA,KEN,871680
3585136,231,116,9618,2006,19465.0,0.0,1.666643,-0.121679,USA,KEN,871680
3585137,239,116,9618,2006,39311.0,0.0,-0.342779,1.033318,VNM,KEN,871680
3585138,246,116,9618,2006,36111.0,0.0,0.37964499999999995,1.466326,ZAF,KEN,871680
3585139,247,116,9618,2006,0.0,1257.0,-0.5307,-0.793621,ZMB,KEN,871680
3585140,39,117,9618,2006,618.0,0.0,0.865685,1.1480489999999999,CAN,KGZ,871680
3585141,43,117,9618,2006,7011.0,0.0,0.737888,2.54966,CHN,KGZ,871680
3585142,186,117,9618,2006,1753.0,0.0,0.801197,0.104683,RUS,KGZ,871680
3585143,208,117,9618,2006,1595.0,0.0,1.902737,0.593294,SWE,KGZ,871680
3585144,224,117,9618,2006,1357.0,0.0,0.33971599999999996,2.193384,TUR,KGZ,871680
3585145,231,117,9618,2006,3099.0,0.0,1.666643,-0.121679,USA,KGZ,871680
3585146,246,117,9618,2006,1362.0,0.0,0.37964499999999995,1.466326,ZAF,KGZ,871680
3585147,7,122,9618,2006,27036.0,23581.0,0.053903999999999994,-0.735124,ARE,KWT,871680
3585148,8,122,9618,2006,4479.0,0.0,0.33055,0.665867,ARG,KWT,871680
3585149,14,122,9618,2006,5541.0,0.0,0.067166,0.373148,AUS,KWT,871680
3585150,18,122,9618,2006,16822.0,0.0,1.2222540000000002,1.383027,BEL,KWT,871680
3585151,24,122,9618,2006,1963.0,0.0,0.172724,-0.9449879999999999,BHR,KWT,871680
3585152,32,122,9618,2006,92434.0,0.0,0.633889,1.1474520000000001,BRA,KWT,871680
3585153,39,122,9618,2006,2107.0,47451.0,0.865685,1.1480489999999999,CAN,KWT,871680
3585154,41,122,9618,2006,7390.0,0.0,2.052534,0.515523,CHE,KWT,871680
3585155,43,122,9618,2006,662205.0,0.0,0.737888,2.54966,CHN,KWT,871680
3585156,59,122,9618,2006,4732.0,2098.0,1.564058,0.6023649999999999,CZE,KWT,871680
3585157,61,122,9618,2006,221281.0,7502.0,2.132566,-2.773669,DEU,KWT,871680
3585158,64,122,9618,2006,3951.0,0.0,1.2308700000000001,1.180914,DNK,KWT,871680
3585159,68,122,9618,2006,2656.0,0.0,-0.182272,0.40222399999999997,EGY,KWT,871680
3585160,71,122,9618,2006,3529.0,0.0,0.9091370000000001,2.068166,ESP,KWT,871680
3585161,74,122,9618,2006,3543.0,0.0,1.864038,0.8193940000000001,FIN,KWT,871680
3585162,77,122,9618,2006,1016789.0,0.0,1.47591,0.489466,FRA,KWT,871680
3585163,81,122,9618,2006,16345.0,0.0,1.824154,0.614424,GBR,KWT,871680
3585164,90,122,9618,2006,5510.0,0.0,0.261955,1.488958,GRC,KWT,871680
3585165,97,122,9618,2006,7888.0,0.0,0.5776319999999999,2.076782,HKG,KWT,871680
3585166,104,122,9618,2006,49644.0,0.0,0.285652,2.731318,IND,KWT,871680
3585167,107,122,9618,2006,2043.0,2109.0,-0.391023,-0.767861,IRN,KWT,871680
3585168,108,122,9618,2006,0.0,6078.0,-2.029727,-0.8634219999999999,IRQ,KWT,871680
3585169,111,122,9618,2006,84342.0,0.0,1.293779,0.93995,ITA,KWT,871680
3585170,113,122,9618,2006,32794.0,1329.0,0.166718,0.331248,JOR,KWT,871680
3585171,114,122,9618,2006,233554.0,0.0,2.4348099999999997,0.082887,JPN,KWT,871680
3585172,121,122,9618,2006,629213.0,0.0,1.5384309999999999,0.766628,KOR,KWT,871680
3585173,124,122,9618,2006,4031.0,0.0,0.3861,1.586183,LBN,KWT,871680
3585174,130,122,9618,2006,1170.0,0.0,0.44063599999999997,1.163857,LTU,KWT,871680
3585175,131,122,9618,2006,26878.0,0.0,1.4345620000000001,0.8840819999999999,LUX,KWT,871680
3585176,153,122,9618,2006,23628.0,0.0,0.7896569999999999,0.363625,MYS,KWT,871680
3585177,162,122,9618,2006,54007.0,72823.0,1.192134,1.450852,NLD,KWT,871680
3585178,168,122,9618,2006,7672.0,0.0,-0.449333,0.563013,PAK,KWT,871680
3585179,177,122,9618,2006,20656.0,0.0,0.991927,1.474418,POL,KWT,871680
3585180,183,122,9618,2006,0.0,42802.0,0.055777999999999994,-1.0379049999999999,QAT,KWT,871680
3585181,186,122,9618,2006,1629.0,0.0,0.801197,0.104683,RUS,KWT,871680
3585182,188,122,9618,2006,166393.0,4084.0,0.162432,-0.853059,SAU,KWT,871680
3585183,190,122,9618,2006,0.0,14675.0,-1.873762,-1.278378,SDN,KWT,871680
3585184,192,122,9618,2006,1264.0,0.0,1.5377379999999998,0.503089,SGP,KWT,871680
3585185,207,122,9618,2006,11006.0,0.0,1.5882370000000001,0.800719,SVN,KWT,871680
3585186,208,122,9618,2006,37411.0,0.0,1.902737,0.593294,SWE,KWT,871680
3585187,212,122,9618,2006,6058.0,0.0,-0.588695,0.532487,SYR,KWT,871680
3585188,216,122,9618,2006,8083.0,0.0,0.568209,1.685343,THA,KWT,871680
3585189,224,122,9618,2006,71534.0,0.0,0.33971599999999996,2.193384,TUR,KWT,871680
3585190,226,122,9618,2006,0.0,6364.0,-0.953097,0.159129,TZA,KWT,871680
3585191,231,122,9618,2006,525364.0,3927.0,1.666643,-0.121679,USA,KWT,871680
3585192,249,122,9618,2006,60018.0,0.0,1.619915,1.2289940000000001,TWN,KWT,871680
3585193,2,124,9618,2006,0.0,1057.0,-2.0822979999999998,-1.176767,AGO,LBN,871680
3585194,7,124,9618,2006,1109.0,0.0,0.053903999999999994,-0.735124,ARE,LBN,871680
3585195,15,124,9618,2006,1633.0,0.0,1.775669,0.192717,AUT,LBN,871680
3585196,18,124,9618,2006,7240.0,0.0,1.2222540000000002,1.383027,BEL,LBN,871680
3585197,39,124,9618,2006,6606.0,0.0,0.865685,1.1480489999999999,CAN,LBN,871680
3585198,41,124,9618,2006,0.0,1588.0,2.052534,0.515523,CHE,LBN,871680
3585199,43,124,9618,2006,151396.0,0.0,0.737888,2.54966,CHN,LBN,871680
3585200,61,124,9618,2006,107064.0,0.0,2.132566,-2.773669,DEU,LBN,871680
3585201,62,124,9618,2006,0.0,1621.0,-0.251707,-0.436792,DJI,LBN,871680
3585202,71,124,9618,2006,80452.0,0.0,0.9091370000000001,2.068166,ESP,LBN,871680
3585203,77,124,9618,2006,3724.0,0.0,1.47591,0.489466,FRA,LBN,871680
3585204,81,124,9618,2006,21178.0,0.0,1.824154,0.614424,GBR,LBN,871680
3585205,83,124,9618,2006,0.0,1882.0,-0.9934860000000001,-0.809318,GHA,LBN,871680
3585206,97,124,9618,2006,5453.0,0.0,0.5776319999999999,2.076782,HKG,LBN,871680
3585207,107,124,9618,2006,5887.0,0.0,-0.391023,-0.767861,IRN,LBN,871680
3585208,111,124,9618,2006,41307.0,0.0,1.293779,0.93995,ITA,LBN,871680
3585209,122,124,9618,2006,0.0,4031.0,-0.589823,-1.142795,KWT,LBN,871680
3585210,138,124,9618,2006,818.0,0.0,1.047268,0.7142270000000001,MEX,LBN,871680
3585211,153,124,9618,2006,5716.0,0.0,0.7896569999999999,0.363625,MYS,LBN,871680
3585212,162,124,9618,2006,1432.0,0.0,1.192134,1.450852,NLD,LBN,871680
3585213,183,124,9618,2006,0.0,19782.0,0.055777999999999994,-1.0379049999999999,QAT,LBN,871680
3585214,188,124,9618,2006,0.0,2425.0,0.162432,-0.853059,SAU,LBN,871680
3585215,191,124,9618,2006,0.0,609.0,-0.364713,-0.183612,SEN,LBN,871680
3585216,208,124,9618,2006,4246.0,0.0,1.902737,0.593294,SWE,LBN,871680
3585217,212,124,9618,2006,3147.0,0.0,-0.588695,0.532487,SYR,LBN,871680
3585218,224,124,9618,2006,17372.0,0.0,0.33971599999999996,2.193384,TUR,LBN,871680
3585219,231,124,9618,2006,13192.0,1714.0,1.666643,-0.121679,USA,LBN,871680
3585220,246,124,9618,2006,67006.0,0.0,0.37964499999999995,1.466326,ZAF,LBN,871680
3585221,247,124,9618,2006,0.0,2897.0,-0.5307,-0.793621,ZMB,LBN,871680
3585222,249,124,9618,2006,1616.0,0.0,1.619915,1.2289940000000001,TWN,LBN,871680
3585223,15,130,9618,2006,3123.0,10090.0,1.775669,0.192717,AUT,LTU,871680
3585224,18,130,9618,2006,24463.0,0.0,1.2222540000000002,1.383027,BEL,LTU,871680
3585225,23,130,9618,2006,0.0,13026.0,0.414563,1.378005,BGR,LTU,871680
3585226,28,130,9618,2006,0.0,153186.0,0.919853,0.384409,BLR,LTU,871680
3585227,32,130,9618,2006,14880.0,0.0,0.633889,1.1474520000000001,BRA,LTU,871680
3585228,41,130,9618,2006,20548.0,0.0,2.052534,0.515523,CHE,LTU,871680
3585229,43,130,9618,2006,396505.0,0.0,0.737888,2.54966,CHN,LTU,871680
3585230,59,130,9618,2006,64740.0,0.0,1.564058,0.6023649999999999,CZE,LTU,871680
3585231,61,130,9618,2006,1353271.0,16656.0,2.132566,-2.773669,DEU,LTU,871680
3585232,64,130,9618,2006,38472.0,32671.0,1.2308700000000001,1.180914,DNK,LTU,871680
3585233,71,130,9618,2006,6652.0,0.0,0.9091370000000001,2.068166,ESP,LTU,871680
3585234,72,130,9618,2006,66962.0,56852.0,0.6426350000000001,0.925003,EST,LTU,871680
3585235,74,130,9618,2006,149825.0,0.0,1.864038,0.8193940000000001,FIN,LTU,871680
3585236,77,130,9618,2006,956752.0,0.0,1.47591,0.489466,FRA,LTU,871680
3585237,81,130,9618,2006,24631.0,0.0,1.824154,0.614424,GBR,LTU,871680
3585238,100,130,9618,2006,166797.0,0.0,0.755787,0.992614,HRV,LTU,871680
3585239,111,130,9618,2006,143691.0,0.0,1.293779,0.93995,ITA,LTU,871680
3585240,115,130,9618,2006,0.0,96404.0,0.038229,-0.579421,KAZ,LTU,871680
3585241,122,130,9618,2006,0.0,1170.0,-0.589823,-1.142795,KWT,LTU,871680
3585242,132,130,9618,2006,114117.0,119909.0,0.531375,0.9414170000000001,LVA,LTU,871680
3585243,162,130,9618,2006,7142.0,0.0,1.192134,1.450852,NLD,LTU,871680
3585244,163,130,9618,2006,74427.0,0.0,1.0787930000000001,0.014051,NOR,LTU,871680
3585245,177,130,9618,2006,905976.0,28532.0,0.991927,1.474418,POL,LTU,871680
3585246,185,130,9618,2006,0.0,5881.0,0.550825,1.170744,ROU,LTU,871680
3585247,186,130,9618,2006,7909.0,200436.0,0.801197,0.104683,RUS,LTU,871680
3585248,208,130,9618,2006,83350.0,0.0,1.902737,0.593294,SWE,LTU,871680
3585249,228,130,9618,2006,0.0,28914.0,0.7008439999999999,0.79656,UKR,LTU,871680
3585250,231,130,9618,2006,87729.0,0.0,1.666643,-0.121679,USA,LTU,871680
3585251,7,131,9618,2006,0.0,2948.0,0.053903999999999994,-0.735124,ARE,LUX,871680
3585252,15,131,9618,2006,2508.0,5410.0,1.775669,0.192717,AUT,LUX,871680
3585253,18,131,9618,2006,2750950.0,76095.0,1.2222540000000002,1.383027,BEL,LUX,871680
3585254,41,131,9618,2006,0.0,16625.0,2.052534,0.515523,CHE,LUX,871680
3585255,43,131,9618,2006,2957.0,0.0,0.737888,2.54966,CHN,LUX,871680
3585256,58,131,9618,2006,0.0,341.0,0.708267,-0.048096,CYP,LUX,871680
3585257,59,131,9618,2006,0.0,3022.0,1.564058,0.6023649999999999,CZE,LUX,871680
3585258,61,131,9618,2006,1457668.0,324814.0,2.132566,-2.773669,DEU,LUX,871680
3585259,64,131,9618,2006,0.0,3914.0,1.2308700000000001,1.180914,DNK,LUX,871680
3585260,68,131,9618,2006,0.0,91.0,-0.182272,0.40222399999999997,EGY,LUX,871680
3585261,72,131,9618,2006,0.0,1003.0,0.6426350000000001,0.925003,EST,LUX,871680
3585262,74,131,9618,2006,0.0,1123.0,1.864038,0.8193940000000001,FIN,LUX,871680
3585263,77,131,9618,2006,154999.0,4022500.0,1.47591,0.489466,FRA,LUX,871680
3585264,81,131,9618,2006,3433.0,0.0,1.824154,0.614424,GBR,LUX,871680
3585265,100,131,9618,2006,0.0,8242.0,0.755787,0.992614,HRV,LUX,871680
3585266,102,131,9618,2006,0.0,4407.0,1.4034309999999999,0.835144,HUN,LUX,871680
3585267,110,131,9618,2006,0.0,12004.0,1.3082129999999998,0.783845,ISR,LUX,871680
3585268,111,131,9618,2006,3123.0,148320.0,1.293779,0.93995,ITA,LUX,871680
3585269,113,131,9618,2006,0.0,1361.0,0.166718,0.331248,JOR,LUX,871680
3585270,122,131,9618,2006,0.0,26878.0,-0.589823,-1.142795,KWT,LUX,871680
3585271,132,131,9618,2006,0.0,3346.0,0.531375,0.9414170000000001,LVA,LUX,871680
3585272,134,131,9618,2006,0.0,9338.0,-0.547933,0.08257300000000001,MAR,LUX,871680
3585273,162,131,9618,2006,62058.0,8720.0,1.192134,1.450852,NLD,LUX,871680
3585274,163,131,9618,2006,0.0,2754.0,1.0787930000000001,0.014051,NOR,LUX,871680
3585275,167,131,9618,2006,0.0,5402.0,-0.6373989999999999,-1.092554,OMN,LUX,871680
3585276,177,131,9618,2006,0.0,92683.0,0.991927,1.474418,POL,LUX,871680
3585277,182,131,9618,2006,0.0,2539.0,-0.213329,-0.743599,PYF,LUX,871680
3585278,183,131,9618,2006,0.0,970.0,0.055777999999999994,-1.0379049999999999,QAT,LUX,871680
3585279,186,131,9618,2006,0.0,2354.0,0.801197,0.104683,RUS,LUX,871680
3585280,208,131,9618,2006,0.0,31584.0,1.902737,0.593294,SWE,LUX,871680
3585281,228,131,9618,2006,0.0,27720.0,0.7008439999999999,0.79656,UKR,LUX,871680
3585282,231,131,9618,2006,17014.0,0.0,1.666643,-0.121679,USA,LUX,871680
3585283,15,132,9618,2006,14952.0,0.0,1.775669,0.192717,AUT,LVA,871680
3585284,18,132,9618,2006,5562.0,0.0,1.2222540000000002,1.383027,BEL,LVA,871680
3585285,28,132,9618,2006,0.0,21678.0,0.919853,0.384409,BLR,LVA,871680
3585286,43,132,9618,2006,1165862.0,0.0,0.737888,2.54966,CHN,LVA,871680
3585287,59,132,9618,2006,5925.0,0.0,1.564058,0.6023649999999999,CZE,LVA,871680
3585288,61,132,9618,2006,596254.0,9225.0,2.132566,-2.773669,DEU,LVA,871680
3585289,64,132,9618,2006,28735.0,0.0,1.2308700000000001,1.180914,DNK,LVA,871680
3585290,68,132,9618,2006,0.0,125028.0,-0.182272,0.40222399999999997,EGY,LVA,871680
3585291,71,132,9618,2006,8301.0,0.0,0.9091370000000001,2.068166,ESP,LVA,871680
3585292,72,132,9618,2006,124251.0,140383.0,0.6426350000000001,0.925003,EST,LVA,871680
3585293,74,132,9618,2006,158743.0,0.0,1.864038,0.8193940000000001,FIN,LVA,871680
3585294,77,132,9618,2006,746900.0,0.0,1.47591,0.489466,FRA,LVA,871680
3585295,81,132,9618,2006,5121.0,0.0,1.824154,0.614424,GBR,LVA,871680
3585296,100,132,9618,2006,40860.0,0.0,0.755787,0.992614,HRV,LVA,871680
3585297,111,132,9618,2006,107570.0,0.0,1.293779,0.93995,ITA,LVA,871680
3585298,115,132,9618,2006,0.0,2050.0,0.038229,-0.579421,KAZ,LVA,871680
3585299,130,132,9618,2006,119909.0,114117.0,0.44063599999999997,1.163857,LTU,LVA,871680
3585300,131,132,9618,2006,3346.0,0.0,1.4345620000000001,0.8840819999999999,LUX,LVA,871680
3585301,162,132,9618,2006,70344.0,4616.0,1.192134,1.450852,NLD,LVA,871680
3585302,163,132,9618,2006,65050.0,0.0,1.0787930000000001,0.014051,NOR,LVA,871680
3585303,177,132,9618,2006,180390.0,0.0,0.991927,1.474418,POL,LVA,871680
3585304,186,132,9618,2006,33981.0,6423.0,0.801197,0.104683,RUS,LVA,871680
3585305,192,132,9618,2006,31747.0,0.0,1.5377379999999998,0.503089,SGP,LVA,871680
3585306,207,132,9618,2006,4633.0,0.0,1.5882370000000001,0.800719,SVN,LVA,871680
3585307,208,132,9618,2006,208729.0,1264409.0,1.902737,0.593294,SWE,LVA,871680
3585308,231,132,9618,2006,18133.0,0.0,1.666643,-0.121679,USA,LVA,871680
3585309,249,132,9618,2006,12294.0,0.0,1.619915,1.2289940000000001,TWN,LVA,871680
3585310,7,147,9618,2006,18155.0,0.0,0.053903999999999994,-0.735124,ARE,MOZ,871680
3585311,32,147,9618,2006,1526.0,0.0,0.633889,1.1474520000000001,BRA,MOZ,871680
3585312,43,147,9618,2006,177585.0,0.0,0.737888,2.54966,CHN,MOZ,871680
3585313,73,147,9618,2006,0.0,41010.0,-0.9557180000000001,-0.9153479999999999,ETH,MOZ,871680
3585314,74,147,9618,2006,924143.0,0.0,1.864038,0.8193940000000001,FIN,MOZ,871680
3585315,81,147,9618,2006,8652.0,0.0,1.824154,0.614424,GBR,MOZ,871680
3585316,97,147,9618,2006,7589.0,0.0,0.5776319999999999,2.076782,HKG,MOZ,871680
3585317,111,147,9618,2006,12035.0,0.0,1.293779,0.93995,ITA,MOZ,871680
3585318,114,147,9618,2006,1648.0,0.0,2.4348099999999997,0.082887,JPN,MOZ,871680
3585319,152,147,9618,2006,22921.0,7480.0,-1.145132,-1.0946209999999998,MWI,MOZ,871680
3585320,179,147,9618,2006,17727.0,0.0,0.5723630000000001,1.92303,PRT,MOZ,871680
3585321,216,147,9618,2006,4101.0,0.0,0.568209,1.685343,THA,MOZ,871680
3585322,231,147,9618,2006,3293.0,0.0,1.666643,-0.121679,USA,MOZ,871680
3585323,239,147,9618,2006,37754.0,0.0,-0.342779,1.033318,VNM,MOZ,871680
3585324,246,147,9618,2006,366536.0,1261.0,0.37964499999999995,1.466326,ZAF,MOZ,871680
3585325,248,147,9618,2006,2925.0,0.0,-0.41825500000000004,-0.55313,ZWE,MOZ,871680
3585326,1,163,9618,2006,0.0,15286.0,-0.626011,-0.6799689999999999,AFG,NOR,871680
3585327,7,163,9618,2006,0.0,5250.0,0.053903999999999994,-0.735124,ARE,NOR,871680
3585328,14,163,9618,2006,0.0,55402.0,0.067166,0.373148,AUS,NOR,871680
3585329,15,163,9618,2006,66159.0,552491.0,1.775669,0.192717,AUT,NOR,871680
3585330,18,163,9618,2006,12032.0,0.0,1.2222540000000002,1.383027,BEL,NOR,871680
3585331,23,163,9618,2006,1774.0,0.0,0.414563,1.378005,BGR,NOR,871680
3585332,26,163,9618,2006,3494.0,0.0,0.40788800000000003,0.562854,BIH,NOR,871680
3585333,28,163,9618,2006,0.0,1707.0,0.919853,0.384409,BLR,NOR,871680
3585334,39,163,9618,2006,5731.0,13181.0,0.865685,1.1480489999999999,CAN,NOR,871680
3585335,41,163,9618,2006,11771.0,204426.0,2.052534,0.515523,CHE,NOR,871680
3585336,42,163,9618,2006,0.0,10244.0,-0.188298,-0.46778000000000003,CHL,NOR,871680
3585337,43,163,9618,2006,1029826.0,22034.0,0.737888,2.54966,CHN,NOR,871680
3585338,59,163,9618,2006,12779.0,63113.0,1.564058,0.6023649999999999,CZE,NOR,871680
3585339,61,163,9618,2006,2750050.0,1087990.0,2.132566,-2.773669,DEU,NOR,871680
3585340,64,163,9618,2006,2966533.0,923228.0,1.2308700000000001,1.180914,DNK,NOR,871680
3585341,66,163,9618,2006,0.0,8321.0,-0.489962,-1.12456,DZA,NOR,871680
3585342,71,163,9618,2006,24300.0,1004.0,0.9091370000000001,2.068166,ESP,NOR,871680
3585343,72,163,9618,2006,125843.0,37932.0,0.6426350000000001,0.925003,EST,NOR,871680
3585344,74,163,9618,2006,1373887.0,1298549.0,1.864038,0.8193940000000001,FIN,NOR,871680
3585345,77,163,9618,2006,2165650.0,22333.0,1.47591,0.489466,FRA,NOR,871680
3585346,78,163,9618,2006,0.0,32894.0,-0.117631,-0.69352,FRO,NOR,871680
3585347,81,163,9618,2006,31636.0,58651.0,1.824154,0.614424,GBR,NOR,871680
3585348,90,163,9618,2006,2358.0,2242.0,0.261955,1.488958,GRC,NOR,871680
3585349,97,163,9618,2006,19723.0,0.0,0.5776319999999999,2.076782,HKG,NOR,871680
3585350,102,163,9618,2006,1641.0,0.0,1.4034309999999999,0.835144,HUN,NOR,871680
3585351,106,163,9618,2006,11450.0,91607.0,1.43804,0.06463200000000001,IRL,NOR,871680
3585352,109,163,9618,2006,0.0,26648.0,0.170234,-0.302203,ISL,NOR,871680
3585353,110,163,9618,2006,0.0,17651.0,1.3082129999999998,0.783845,ISR,NOR,871680
3585354,111,163,9618,2006,41219.0,2262.0,1.293779,0.93995,ITA,NOR,871680
3585355,114,163,9618,2006,19075.0,7642.0,2.4348099999999997,0.082887,JPN,NOR,871680
3585356,130,163,9618,2006,0.0,74427.0,0.44063599999999997,1.163857,LTU,NOR,871680
3585357,131,163,9618,2006,2754.0,0.0,1.4345620000000001,0.8840819999999999,LUX,NOR,871680
3585358,132,163,9618,2006,0.0,65050.0,0.531375,0.9414170000000001,LVA,NOR,871680
3585359,138,163,9618,2006,3433.0,0.0,1.047268,0.7142270000000001,MEX,NOR,871680
3585360,153,163,9618,2006,10534.0,0.0,0.7896569999999999,0.363625,MYS,NOR,871680
3585361,162,163,9618,2006,662826.0,947818.0,1.192134,1.450852,NLD,NOR,871680
3585362,174,163,9618,2006,2891.0,0.0,0.161994,0.036631,PHL,NOR,871680
3585363,177,163,9618,2006,831975.0,20029.0,0.991927,1.474418,POL,NOR,871680
3585364,179,163,9618,2006,5038.0,0.0,0.5723630000000001,1.92303,PRT,NOR,871680
3585365,185,163,9618,2006,12234.0,1482.0,0.550825,1.170744,ROU,NOR,871680
3585366,186,163,9618,2006,11994.0,10060.0,0.801197,0.104683,RUS,NOR,871680
3585367,190,163,9618,2006,0.0,32199.0,-1.873762,-1.278378,SDN,NOR,871680
3585368,206,163,9618,2006,429591.0,0.0,1.291583,0.868317,SVK,NOR,871680
3585369,207,163,9618,2006,1684.0,0.0,1.5882370000000001,0.800719,SVN,NOR,871680
3585370,208,163,9618,2006,18410092.0,1079956.0,1.902737,0.593294,SWE,NOR,871680
3585371,216,163,9618,2006,3727.0,0.0,0.568209,1.685343,THA,NOR,871680
3585372,224,163,9618,2006,3094.0,0.0,0.33971599999999996,2.193384,TUR,NOR,871680
3585373,231,163,9618,2006,124050.0,6604.0,1.666643,-0.121679,USA,NOR,871680
3585374,239,163,9618,2006,5686.0,0.0,-0.342779,1.033318,VNM,NOR,871680
3585375,246,163,9618,2006,0.0,19765.0,0.37964499999999995,1.466326,ZAF,NOR,871680
3585376,249,163,9618,2006,26657.0,0.0,1.619915,1.2289940000000001,TWN,NOR,871680
3585377,7,167,9618,2006,141691.0,0.0,0.053903999999999994,-0.735124,ARE,OMN,871680
3585378,14,167,9618,2006,3144.0,0.0,0.067166,0.373148,AUS,OMN,871680
3585379,41,167,9618,2006,2753.0,0.0,2.052534,0.515523,CHE,OMN,871680
3585380,43,167,9618,2006,181627.0,0.0,0.737888,2.54966,CHN,OMN,871680
3585381,61,167,9618,2006,164806.0,0.0,2.132566,-2.773669,DEU,OMN,871680
3585382,77,167,9618,2006,90761.0,0.0,1.47591,0.489466,FRA,OMN,871680
3585383,81,167,9618,2006,27446.0,0.0,1.824154,0.614424,GBR,OMN,871680
3585384,103,167,9618,2006,39995.0,0.0,-0.21012399999999998,1.467838,IDN,OMN,871680
3585385,104,167,9618,2006,3750.0,0.0,0.285652,2.731318,IND,OMN,871680
3585386,111,167,9618,2006,14183.0,0.0,1.293779,0.93995,ITA,OMN,871680
3585387,114,167,9618,2006,49315.0,0.0,2.4348099999999997,0.082887,JPN,OMN,871680
3585388,121,167,9618,2006,66585.0,0.0,1.5384309999999999,0.766628,KOR,OMN,871680
3585389,131,167,9618,2006,5402.0,0.0,1.4345620000000001,0.8840819999999999,LUX,OMN,871680
3585390,153,167,9618,2006,280807.0,0.0,0.7896569999999999,0.363625,MYS,OMN,871680
3585391,188,167,9618,2006,10448.0,0.0,0.162432,-0.853059,SAU,OMN,871680
3585392,208,167,9618,2006,3153.0,0.0,1.902737,0.593294,SWE,OMN,871680
3585393,216,167,9618,2006,1159.0,0.0,0.568209,1.685343,THA,OMN,871680
3585394,224,167,9618,2006,1291.0,0.0,0.33971599999999996,2.193384,TUR,OMN,871680
3585395,231,167,9618,2006,193846.0,0.0,1.666643,-0.121679,USA,OMN,871680
3585396,2,179,9618,2006,0.0,987709.0,-2.0822979999999998,-1.176767,AGO,PRT,871680
3585397,15,179,9618,2006,3014.0,0.0,1.775669,0.192717,AUT,PRT,871680
3585398,18,179,9618,2006,133216.0,68327.0,1.2222540000000002,1.383027,BEL,PRT,871680
3585399,32,179,9618,2006,19207.0,0.0,0.633889,1.1474520000000001,BRA,PRT,871680
3585400,39,179,9618,2006,1093.0,2197.0,0.865685,1.1480489999999999,CAN,PRT,871680
3585401,41,179,9618,2006,5848.0,6756.0,2.052534,0.515523,CHE,PRT,871680
3585402,43,179,9618,2006,480248.0,0.0,0.737888,2.54966,CHN,PRT,871680
3585403,51,179,9618,2006,0.0,180411.0,0.369814,-0.414812,CPV,PRT,871680
3585404,54,179,9618,2006,0.0,48339.0,0.204039,-0.5183260000000001,CUB,PRT,871680
3585405,59,179,9618,2006,13698.0,908.0,1.564058,0.6023649999999999,CZE,PRT,871680
3585406,61,179,9618,2006,2238426.0,542808.0,2.132566,-2.773669,DEU,PRT,871680
3585407,64,179,9618,2006,1895.0,0.0,1.2308700000000001,1.180914,DNK,PRT,871680
3585408,71,179,9618,2006,343390.0,123124.0,0.9091370000000001,2.068166,ESP,PRT,871680
3585409,72,179,9618,2006,1032.0,0.0,0.6426350000000001,0.925003,EST,PRT,871680
3585410,77,179,9618,2006,1467152.0,897773.0,1.47591,0.489466,FRA,PRT,871680
3585411,81,179,9618,2006,45865.0,39065.0,1.824154,0.614424,GBR,PRT,871680
3585412,85,179,9618,2006,0.0,2509.0,-1.8376720000000002,-1.229774,GIN,PRT,871680
3585413,88,179,9618,2006,0.0,14292.0,-1.528471,-0.926991,GNB,PRT,871680
3585414,104,179,9618,2006,0.0,1236.0,0.285652,2.731318,IND,PRT,871680
3585415,106,179,9618,2006,0.0,1345.0,1.43804,0.06463200000000001,IRL,PRT,871680
3585416,110,179,9618,2006,4342.0,0.0,1.3082129999999998,0.783845,ISR,PRT,871680
3585417,111,179,9618,2006,799485.0,5590.0,1.293779,0.93995,ITA,PRT,871680
3585418,114,179,9618,2006,5600.0,0.0,2.4348099999999997,0.082887,JPN,PRT,871680
3585419,121,179,9618,2006,1965.0,34186.0,1.5384309999999999,0.766628,KOR,PRT,871680
3585420,134,179,9618,2006,0.0,39158.0,-0.547933,0.08257300000000001,MAR,PRT,871680
3585421,147,179,9618,2006,0.0,17727.0,-1.0250629999999998,-1.067359,MOZ,PRT,871680
3585422,153,179,9618,2006,3202.0,14724.0,0.7896569999999999,0.363625,MYS,PRT,871680
3585423,162,179,9618,2006,256920.0,1244.0,1.192134,1.450852,NLD,PRT,871680
3585424,163,179,9618,2006,0.0,5038.0,1.0787930000000001,0.014051,NOR,PRT,871680
3585425,169,179,9618,2006,0.0,2102.0,0.306664,0.638533,PAN,PRT,871680
3585426,177,179,9618,2006,156886.0,0.0,0.991927,1.474418,POL,PRT,871680
3585427,185,179,9618,2006,0.0,13705.0,0.550825,1.170744,ROU,PRT,871680
3585428,188,179,9618,2006,0.0,3555.0,0.162432,-0.853059,SAU,PRT,871680
3585429,192,179,9618,2006,42895.0,1420.0,1.5377379999999998,0.503089,SGP,PRT,871680
3585430,203,179,9618,2006,0.0,15988.0,0.805511,-0.19645,STP,PRT,871680
3585431,207,179,9618,2006,12034.0,0.0,1.5882370000000001,0.800719,SVN,PRT,871680
3585432,208,179,9618,2006,12807.0,0.0,1.902737,0.593294,SWE,PRT,871680
3585433,214,179,9618,2006,0.0,5980.0,-3.0579419999999997,-0.8926649999999999,TCD,PRT,871680
3585434,224,179,9618,2006,4729.0,0.0,0.33971599999999996,2.193384,TUR,PRT,871680
3585435,228,179,9618,2006,0.0,873.0,0.7008439999999999,0.79656,UKR,PRT,871680
3585436,230,179,9618,2006,0.0,852.0,0.234384,0.118878,URY,PRT,871680
3585437,231,179,9618,2006,85395.0,25443.0,1.666643,-0.121679,USA,PRT,871680
3585438,249,179,9618,2006,1082.0,0.0,1.619915,1.2289940000000001,TWN,PRT,871680
3585439,250,179,9618,2006,0.0,4938.0,0.711619,-0.41880200000000006,ANS,PRT,871680
3585440,1,186,9618,2006,0.0,2367.0,-0.626011,-0.6799689999999999,AFG,RUS,871680
3585441,2,186,9618,2006,0.0,1373.0,-2.0822979999999998,-1.176767,AGO,RUS,871680
3585442,9,186,9618,2006,0.0,6350.0,0.14539100000000002,-0.558014,ARM,RUS,871680
3585443,14,186,9618,2006,12500.0,0.0,0.067166,0.373148,AUS,RUS,871680
3585444,15,186,9618,2006,146691.0,0.0,1.775669,0.192717,AUT,RUS,871680
3585445,16,186,9618,2006,1955.0,9518.0,-0.521304,-1.035764,AZE,RUS,871680
3585446,18,186,9618,2006,49903.0,1132.0,1.2222540000000002,1.383027,BEL,RUS,871680
3585447,23,186,9618,2006,41226.0,0.0,0.414563,1.378005,BGR,RUS,871680
3585448,28,186,9618,2006,546045.0,127905.0,0.919853,0.384409,BLR,RUS,871680
3585449,32,186,9618,2006,11519.0,0.0,0.633889,1.1474520000000001,BRA,RUS,871680
3585450,39,186,9618,2006,30164.0,13168.0,0.865685,1.1480489999999999,CAN,RUS,871680
3585451,41,186,9618,2006,27700.0,0.0,2.052534,0.515523,CHE,RUS,871680
3585452,43,186,9618,2006,5243348.0,79976.0,0.737888,2.54966,CHN,RUS,871680
3585453,47,186,9618,2006,0.0,192219.0,-1.9903240000000002,-1.189925,COG,RUS,871680
3585454,54,186,9618,2006,0.0,65226.0,0.204039,-0.5183260000000001,CUB,RUS,871680
3585455,58,186,9618,2006,0.0,61133.0,0.708267,-0.048096,CYP,RUS,871680
3585456,59,186,9618,2006,298450.0,0.0,1.564058,0.6023649999999999,CZE,RUS,871680
3585457,61,186,9618,2006,11020674.0,90590.0,2.132566,-2.773669,DEU,RUS,871680
3585458,64,186,9618,2006,372735.0,855874.0,1.2308700000000001,1.180914,DNK,RUS,871680
3585459,66,186,9618,2006,0.0,625986.0,-0.489962,-1.12456,DZA,RUS,871680
3585460,71,186,9618,2006,45660.0,0.0,0.9091370000000001,2.068166,ESP,RUS,871680
3585461,72,186,9618,2006,20558.0,0.0,0.6426350000000001,0.925003,EST,RUS,871680
3585462,73,186,9618,2006,0.0,1259.0,-0.9557180000000001,-0.9153479999999999,ETH,RUS,871680
3585463,74,186,9618,2006,509282.0,16892.0,1.864038,0.8193940000000001,FIN,RUS,871680
3585464,77,186,9618,2006,6745484.0,6965.0,1.47591,0.489466,FRA,RUS,871680
3585465,81,186,9618,2006,155196.0,0.0,1.824154,0.614424,GBR,RUS,871680
3585466,82,186,9618,2006,0.0,36121.0,0.076711,-0.47216099999999994,GEO,RUS,871680
3585467,100,186,9618,2006,34393.0,0.0,0.755787,0.992614,HRV,RUS,871680
3585468,102,186,9618,2006,1023.0,6728.0,1.4034309999999999,0.835144,HUN,RUS,871680
3585469,103,186,9618,2006,11721.0,0.0,-0.21012399999999998,1.467838,IDN,RUS,871680
3585470,104,186,9618,2006,1693.0,236715.0,0.285652,2.731318,IND,RUS,871680
3585471,106,186,9618,2006,18004.0,0.0,1.43804,0.06463200000000001,IRL,RUS,871680
3585472,107,186,9618,2006,16264.0,0.0,-0.391023,-0.767861,IRN,RUS,871680
3585473,110,186,9618,2006,21137.0,23283.0,1.3082129999999998,0.783845,ISR,RUS,871680
3585474,111,186,9618,2006,1567853.0,0.0,1.293779,0.93995,ITA,RUS,871680
3585475,114,186,9618,2006,51799.0,0.0,2.4348099999999997,0.082887,JPN,RUS,871680
3585476,115,186,9618,2006,20370.0,982649.0,0.038229,-0.579421,KAZ,RUS,871680
3585477,117,186,9618,2006,0.0,1753.0,-0.034069,0.136694,KGZ,RUS,871680
3585478,121,186,9618,2006,237355.0,4762.0,1.5384309999999999,0.766628,KOR,RUS,871680
3585479,122,186,9618,2006,0.0,1629.0,-0.589823,-1.142795,KWT,RUS,871680
3585480,125,186,9618,2006,0.0,3195.0,-0.679188,-1.0969389999999999,LBR,RUS,871680
3585481,130,186,9618,2006,200436.0,7909.0,0.44063599999999997,1.163857,LTU,RUS,871680
3585482,131,186,9618,2006,2354.0,0.0,1.4345620000000001,0.8840819999999999,LUX,RUS,871680
3585483,132,186,9618,2006,6423.0,33981.0,0.531375,0.9414170000000001,LVA,RUS,871680
3585484,135,186,9618,2006,0.0,1719.0,-0.017707,0.135305,MDA,RUS,871680
3585485,138,186,9618,2006,0.0,799.0,1.047268,0.7142270000000001,MEX,RUS,871680
3585486,145,186,9618,2006,0.0,2719.0,-1.147217,-1.0734709999999998,MNG,RUS,871680
3585487,153,186,9618,2006,29305.0,0.0,0.7896569999999999,0.363625,MYS,RUS,871680
3585488,162,186,9618,2006,446734.0,0.0,1.192134,1.450852,NLD,RUS,871680
3585489,163,186,9618,2006,10060.0,11994.0,1.0787930000000001,0.014051,NOR,RUS,871680
3585490,168,186,9618,2006,0.0,1094.0,-0.449333,0.563013,PAK,RUS,871680
3585491,177,186,9618,2006,2034772.0,0.0,0.991927,1.474418,POL,RUS,871680
3585492,190,186,9618,2006,0.0,142061.0,-1.873762,-1.278378,SDN,RUS,871680
3585493,192,186,9618,2006,10779.0,1287.0,1.5377379999999998,0.503089,SGP,RUS,871680
3585494,206,186,9618,2006,102450.0,9745.0,1.291583,0.868317,SVK,RUS,871680
3585495,207,186,9618,2006,63746.0,0.0,1.5882370000000001,0.800719,SVN,RUS,871680
3585496,208,186,9618,2006,928933.0,0.0,1.902737,0.593294,SWE,RUS,871680
3585497,216,186,9618,2006,8157.0,0.0,0.568209,1.685343,THA,RUS,871680
3585498,217,186,9618,2006,0.0,113283.0,-1.071326,-1.158325,TJK,RUS,871680
3585499,224,186,9618,2006,275014.0,8584.0,0.33971599999999996,2.193384,TUR,RUS,871680
3585500,228,186,9618,2006,333457.0,439046.0,0.7008439999999999,0.79656,UKR,RUS,871680
3585501,231,186,9618,2006,592744.0,46936.0,1.666643,-0.121679,USA,RUS,871680
3585502,232,186,9618,2006,0.0,19324.0,-0.457759,-0.784626,UZB,RUS,871680
3585503,236,186,9618,2006,0.0,402581.0,-0.340972,-1.015462,VEN,RUS,871680
3585504,239,186,9618,2006,32396.0,0.0,-0.342779,1.033318,VNM,RUS,871680
3585505,249,186,9618,2006,29721.0,0.0,1.619915,1.2289940000000001,TWN,RUS,871680
3585506,7,192,9618,2006,0.0,3079.0,0.053903999999999994,-0.735124,ARE,SGP,871680
3585507,14,192,9618,2006,191389.0,172482.0,0.067166,0.373148,AUS,SGP,871680
3585508,15,192,9618,2006,1489.0,0.0,1.775669,0.192717,AUT,SGP,871680
3585509,22,192,9618,2006,0.0,15010.0,-1.0305309999999999,-0.80937,BGD,SGP,871680
3585510,24,192,9618,2006,0.0,1088.0,0.172724,-0.9449879999999999,BHR,SGP,871680
3585511,34,192,9618,2006,0.0,60960.0,-1.331831,-0.9170940000000001,BRN,SGP,871680
3585512,39,192,9618,2006,14142.0,289562.0,0.865685,1.1480489999999999,CAN,SGP,871680
3585513,41,192,9618,2006,6492.0,9715.0,2.052534,0.515523,CHE,SGP,871680
3585514,42,192,9618,2006,0.0,1518.0,-0.188298,-0.46778000000000003,CHL,SGP,871680
3585515,43,192,9618,2006,2497962.0,71583.0,0.737888,2.54966,CHN,SGP,871680
3585516,59,192,9618,2006,5919.0,0.0,1.564058,0.6023649999999999,CZE,SGP,871680
3585517,61,192,9618,2006,64090.0,8445.0,2.132566,-2.773669,DEU,SGP,871680
3585518,64,192,9618,2006,0.0,1890486.0,1.2308700000000001,1.180914,DNK,SGP,871680
3585519,71,192,9618,2006,0.0,35629.0,0.9091370000000001,2.068166,ESP,SGP,871680
3585520,75,192,9618,2006,0.0,31372.0,-0.6554949999999999,-0.098284,FJI,SGP,871680
3585521,77,192,9618,2006,136561.0,706644.0,1.47591,0.489466,FRA,SGP,871680
3585522,81,192,9618,2006,121760.0,26501.0,1.824154,0.614424,GBR,SGP,871680
3585523,95,192,9618,2006,0.0,5708.0,0.385261,-0.26928,GUM,SGP,871680
3585524,97,192,9618,2006,9914.0,42592.0,0.5776319999999999,2.076782,HKG,SGP,871680
3585525,103,192,9618,2006,82683.0,337234.0,-0.21012399999999998,1.467838,IDN,SGP,871680
3585526,104,192,9618,2006,3344.0,23775.0,0.285652,2.731318,IND,SGP,871680
3585527,106,192,9618,2006,135469.0,9892.0,1.43804,0.06463200000000001,IRL,SGP,871680
3585528,111,192,9618,2006,200648.0,0.0,1.293779,0.93995,ITA,SGP,871680
3585529,112,192,9618,2006,0.0,3024.0,-0.5122720000000001,-0.9109809999999999,JAM,SGP,871680
3585530,114,192,9618,2006,1555079.0,70163.0,2.4348099999999997,0.082887,JPN,SGP,871680
3585531,115,192,9618,2006,0.0,11291.0,0.038229,-0.579421,KAZ,SGP,871680
3585532,118,192,9618,2006,0.0,1425.0,-1.323365,-1.185827,KHM,SGP,871680
3585533,121,192,9618,2006,30948.0,23924.0,1.5384309999999999,0.766628,KOR,SGP,871680
3585534,122,192,9618,2006,0.0,1264.0,-0.589823,-1.142795,KWT,SGP,871680
3585535,128,192,9618,2006,3678.0,29656.0,-0.573767,0.305913,LKA,SGP,871680
3585536,132,192,9618,2006,0.0,31747.0,0.531375,0.9414170000000001,LVA,SGP,871680
3585537,137,192,9618,2006,0.0,14301.0,-0.240191,-0.8320290000000001,MDV,SGP,871680
3585538,138,192,9618,2006,0.0,195639.0,1.047268,0.7142270000000001,MEX,SGP,871680
3585539,146,192,9618,2006,0.0,2859.0,-0.016344,-0.356507,MNP,SGP,871680
3585540,151,192,9618,2006,0.0,5091.0,-0.311109,-0.07267,MUS,SGP,871680
3585541,153,192,9618,2006,589256.0,118527.0,0.7896569999999999,0.363625,MYS,SGP,871680
3585542,162,192,9618,2006,18428.0,174938.0,1.192134,1.450852,NLD,SGP,871680
3585543,166,192,9618,2006,8718.0,35116.0,0.5371,0.8240209999999999,NZL,SGP,871680
3585544,168,192,9618,2006,0.0,17144.0,-0.449333,0.563013,PAK,SGP,871680
3585545,174,192,9618,2006,1737.0,18182.0,0.161994,0.036631,PHL,SGP,871680
3585546,177,192,9618,2006,6546.0,0.0,0.991927,1.474418,POL,SGP,871680
3585547,179,192,9618,2006,1420.0,42895.0,0.5723630000000001,1.92303,PRT,SGP,871680
3585548,182,192,9618,2006,0.0,118721.0,-0.213329,-0.743599,PYF,SGP,871680
3585549,183,192,9618,2006,0.0,6836.0,0.055777999999999994,-1.0379049999999999,QAT,SGP,871680
3585550,186,192,9618,2006,1287.0,10779.0,0.801197,0.104683,RUS,SGP,871680
3585551,188,192,9618,2006,0.0,36803.0,0.162432,-0.853059,SAU,SGP,871680
3585552,207,192,9618,2006,10342.0,0.0,1.5882370000000001,0.800719,SVN,SGP,871680
3585553,208,192,9618,2006,46299.0,432685.0,1.902737,0.593294,SWE,SGP,871680
3585554,211,192,9618,2006,0.0,6881.0,-0.344619,-0.796139,SYC,SGP,871680
3585555,216,192,9618,2006,44242.0,14596.0,0.568209,1.685343,THA,SGP,871680
3585556,224,192,9618,2006,169877.0,0.0,0.33971599999999996,2.193384,TUR,SGP,871680
3585557,231,192,9618,2006,550388.0,93796.0,1.666643,-0.121679,USA,SGP,871680
3585558,239,192,9618,2006,3155.0,33307.0,-0.342779,1.033318,VNM,SGP,871680
3585559,246,192,9618,2006,0.0,46510.0,0.37964499999999995,1.466326,ZAF,SGP,871680
3585560,249,192,9618,2006,13126.0,7595.0,1.619915,1.2289940000000001,TWN,SGP,871680
3585561,250,192,9618,2006,0.0,1127.0,0.711619,-0.41880200000000006,ANS,SGP,871680
3585562,15,201,9618,2006,45815.0,55563.0,1.775669,0.192717,AUT,SRB,871680
3585563,26,201,9618,2006,125889.0,18127.0,0.40788800000000003,0.562854,BIH,SRB,871680
3585564,41,201,9618,2006,14085.0,164229.0,2.052534,0.515523,CHE,SRB,871680
3585565,43,201,9618,2006,134861.0,0.0,0.737888,2.54966,CHN,SRB,871680
3585566,59,201,9618,2006,131643.0,0.0,1.564058,0.6023649999999999,CZE,SRB,871680
3585567,61,201,9618,2006,956480.0,21989.0,2.132566,-2.773669,DEU,SRB,871680
3585568,66,201,9618,2006,0.0,1147.0,-0.489962,-1.12456,DZA,SRB,871680
3585569,71,201,9618,2006,52538.0,0.0,0.9091370000000001,2.068166,ESP,SRB,871680
3585570,74,201,9618,2006,1428.0,0.0,1.864038,0.8193940000000001,FIN,SRB,871680
3585571,77,201,9618,2006,45329.0,15461.0,1.47591,0.489466,FRA,SRB,871680
3585572,90,201,9618,2006,301710.0,0.0,0.261955,1.488958,GRC,SRB,871680
3585573,100,201,9618,2006,688200.0,13696.0,0.755787,0.992614,HRV,SRB,871680
3585574,102,201,9618,2006,110685.0,7197.0,1.4034309999999999,0.835144,HUN,SRB,871680
3585575,110,201,9618,2006,2541.0,0.0,1.3082129999999998,0.783845,ISR,SRB,871680
3585576,111,201,9618,2006,146301.0,16559.0,1.293779,0.93995,ITA,SRB,871680
3585577,140,201,9618,2006,1542.0,20987.0,-0.21336,0.17674700000000002,MKD,SRB,871680
3585578,144,201,9618,2006,983.0,161222.0,0.130773,-0.24674699999999997,MNE,SRB,871680
3585579,159,201,9618,2006,0.0,2651.0,-2.094353,-1.215025,NGA,SRB,871680
3585580,162,201,9618,2006,3137.0,462.0,1.192134,1.450852,NLD,SRB,871680
3585581,177,201,9618,2006,4041.0,0.0,0.991927,1.474418,POL,SRB,871680
3585582,185,201,9618,2006,2300.0,0.0,0.550825,1.170744,ROU,SRB,871680
3585583,207,201,9618,2006,777942.0,7518.0,1.5882370000000001,0.800719,SVN,SRB,871680
3585584,208,201,9618,2006,38863.0,0.0,1.902737,0.593294,SWE,SRB,871680
3585585,224,201,9618,2006,5291.0,5693.0,0.33971599999999996,2.193384,TUR,SRB,871680
3585586,231,201,9618,2006,1766.0,0.0,1.666643,-0.121679,USA,SRB,871680
3585587,249,201,9618,2006,534.0,0.0,1.619915,1.2289940000000001,TWN,SRB,871680
3585588,250,201,9618,2006,1245471.0,0.0,0.711619,-0.41880200000000006,ANS,SRB,871680
3585589,7,206,9618,2006,0.0,58582.0,0.053903999999999994,-0.735124,ARE,SVK,871680
3585590,9,206,9618,2006,0.0,917.0,0.14539100000000002,-0.558014,ARM,SVK,871680
3585591,15,206,9618,2006,71042.0,134415.0,1.775669,0.192717,AUT,SVK,871680
3585592,18,206,9618,2006,1032.0,0.0,1.2222540000000002,1.383027,BEL,SVK,871680
3585593,23,206,9618,2006,0.0,31888.0,0.414563,1.378005,BGR,SVK,871680
3585594,41,206,9618,2006,1056.0,17772.0,2.052534,0.515523,CHE,SVK,871680
3585595,43,206,9618,2006,37656.0,0.0,0.737888,2.54966,CHN,SVK,871680
3585596,59,206,9618,2006,983510.0,670138.0,1.564058,0.6023649999999999,CZE,SVK,871680
3585597,61,206,9618,2006,1323066.0,5202894.0,2.132566,-2.773669,DEU,SVK,871680
3585598,64,206,9618,2006,24573.0,0.0,1.2308700000000001,1.180914,DNK,SVK,871680
3585599,74,206,9618,2006,7848.0,0.0,1.864038,0.8193940000000001,FIN,SVK,871680
3585600,77,206,9618,2006,212020.0,73109.0,1.47591,0.489466,FRA,SVK,871680
3585601,81,206,9618,2006,0.0,254824.0,1.824154,0.614424,GBR,SVK,871680
3585602,100,206,9618,2006,5136.0,10990.0,0.755787,0.992614,HRV,SVK,871680
3585603,102,206,9618,2006,1190691.0,310893.0,1.4034309999999999,0.835144,HUN,SVK,871680
3585604,111,206,9618,2006,80049.0,0.0,1.293779,0.93995,ITA,SVK,871680
3585605,115,206,9618,2006,0.0,4280.0,0.038229,-0.579421,KAZ,SVK,871680
3585606,121,206,9618,2006,54722.0,0.0,1.5384309999999999,0.766628,KOR,SVK,871680
3585607,135,206,9618,2006,0.0,2045.0,-0.017707,0.135305,MDA,SVK,871680
3585608,162,206,9618,2006,11628.0,4880.0,1.192134,1.450852,NLD,SVK,871680
3585609,163,206,9618,2006,0.0,429591.0,1.0787930000000001,0.014051,NOR,SVK,871680
3585610,177,206,9618,2006,104060.0,17669.0,0.991927,1.474418,POL,SVK,871680
3585611,185,206,9618,2006,40176.0,32561.0,0.550825,1.170744,ROU,SVK,871680
3585612,186,206,9618,2006,9745.0,102450.0,0.801197,0.104683,RUS,SVK,871680
3585613,188,206,9618,2006,0.0,2577.0,0.162432,-0.853059,SAU,SVK,871680
3585614,207,206,9618,2006,41342.0,0.0,1.5882370000000001,0.800719,SVN,SVK,871680
3585615,208,206,9618,2006,150526.0,7369.0,1.902737,0.593294,SWE,SVK,871680
3585616,216,206,9618,2006,1283.0,0.0,0.568209,1.685343,THA,SVK,871680
3585617,228,206,9618,2006,1229.0,199361.0,0.7008439999999999,0.79656,UKR,SVK,871680
3585618,231,206,9618,2006,4283.0,177510.0,1.666643,-0.121679,USA,SVK,871680
3585619,249,206,9618,2006,9677.0,0.0,1.619915,1.2289940000000001,TWN,SVK,871680
3585620,250,206,9618,2006,205493.0,0.0,0.711619,-0.41880200000000006,ANS,SVK,871680
3585621,4,207,9618,2006,0.0,1079.0,-0.340932,-0.06302200000000001,ALB,SVN,871680
3585622,7,207,9618,2006,0.0,56212.0,0.053903999999999994,-0.735124,ARE,SVN,871680
3585623,9,207,9618,2006,0.0,19147.0,0.14539100000000002,-0.558014,ARM,SVN,871680
3585624,14,207,9618,2006,7163.0,31825.0,0.067166,0.373148,AUS,SVN,871680
3585625,15,207,9618,2006,275971.0,443635.0,1.775669,0.192717,AUT,SVN,871680
3585626,18,207,9618,2006,1957.0,51771.0,1.2222540000000002,1.383027,BEL,SVN,871680
3585627,23,207,9618,2006,0.0,12845.0,0.414563,1.378005,BGR,SVN,871680
3585628,26,207,9618,2006,0.0,716345.0,0.40788800000000003,0.562854,BIH,SVN,871680
3585629,28,207,9618,2006,0.0,8338.0,0.919853,0.384409,BLR,SVN,871680
3585630,39,207,9618,2006,0.0,27988.0,0.865685,1.1480489999999999,CAN,SVN,871680
3585631,41,207,9618,2006,2897.0,17847.0,2.052534,0.515523,CHE,SVN,871680
3585632,43,207,9618,2006,175703.0,0.0,0.737888,2.54966,CHN,SVN,871680
3585633,59,207,9618,2006,110443.0,28938.0,1.564058,0.6023649999999999,CZE,SVN,871680
3585634,61,207,9618,2006,5037473.0,830017.0,2.132566,-2.773669,DEU,SVN,871680
3585635,64,207,9618,2006,5082.0,6392.0,1.2308700000000001,1.180914,DNK,SVN,871680
3585636,67,207,9618,2006,0.0,1420.0,-0.878583,-0.9462010000000001,ECU,SVN,871680
3585637,68,207,9618,2006,0.0,5973.0,-0.182272,0.40222399999999997,EGY,SVN,871680
3585638,71,207,9618,2006,22034.0,15320.0,0.9091370000000001,2.068166,ESP,SVN,871680
3585639,72,207,9618,2006,33560.0,0.0,0.6426350000000001,0.925003,EST,SVN,871680
3585640,74,207,9618,2006,5434.0,43283.0,1.864038,0.8193940000000001,FIN,SVN,871680
3585641,77,207,9618,2006,53564.0,251182.0,1.47591,0.489466,FRA,SVN,871680
3585642,81,207,9618,2006,26089.0,831127.0,1.824154,0.614424,GBR,SVN,871680
3585643,90,207,9618,2006,2088.0,45305.0,0.261955,1.488958,GRC,SVN,871680
3585644,100,207,9618,2006,195823.0,1520696.0,0.755787,0.992614,HRV,SVN,871680
3585645,102,207,9618,2006,3808.0,124548.0,1.4034309999999999,0.835144,HUN,SVN,871680
3585646,103,207,9618,2006,0.0,5381.0,-0.21012399999999998,1.467838,IDN,SVN,871680
3585647,106,207,9618,2006,4637.0,0.0,1.43804,0.06463200000000001,IRL,SVN,871680
3585648,107,207,9618,2006,0.0,27733.0,-0.391023,-0.767861,IRN,SVN,871680
3585649,110,207,9618,2006,0.0,32174.0,1.3082129999999998,0.783845,ISR,SVN,871680
3585650,111,207,9618,2006,337084.0,216292.0,1.293779,0.93995,ITA,SVN,871680
3585651,113,207,9618,2006,0.0,6949.0,0.166718,0.331248,JOR,SVN,871680
3585652,114,207,9618,2006,7749.0,6112.0,2.4348099999999997,0.082887,JPN,SVN,871680
3585653,115,207,9618,2006,0.0,9446.0,0.038229,-0.579421,KAZ,SVN,871680
3585654,121,207,9618,2006,2249.0,0.0,1.5384309999999999,0.766628,KOR,SVN,871680
3585655,122,207,9618,2006,0.0,11006.0,-0.589823,-1.142795,KWT,SVN,871680
3585656,126,207,9618,2006,0.0,3795.0,-0.518724,-1.142074,LBY,SVN,871680
3585657,132,207,9618,2006,0.0,4633.0,0.531375,0.9414170000000001,LVA,SVN,871680
3585658,135,207,9618,2006,0.0,31116.0,-0.017707,0.135305,MDA,SVN,871680
3585659,138,207,9618,2006,0.0,5728.0,1.047268,0.7142270000000001,MEX,SVN,871680
3585660,140,207,9618,2006,0.0,149800.0,-0.21336,0.17674700000000002,MKD,SVN,871680
3585661,144,207,9618,2006,0.0,336467.0,0.130773,-0.24674699999999997,MNE,SVN,871680
3585662,162,207,9618,2006,29436.0,53087.0,1.192134,1.450852,NLD,SVN,871680
3585663,163,207,9618,2006,0.0,1684.0,1.0787930000000001,0.014051,NOR,SVN,871680
3585664,177,207,9618,2006,150353.0,19485.0,0.991927,1.474418,POL,SVN,871680
3585665,179,207,9618,2006,0.0,12034.0,0.5723630000000001,1.92303,PRT,SVN,871680
3585666,183,207,9618,2006,0.0,6674.0,0.055777999999999994,-1.0379049999999999,QAT,SVN,871680
3585667,185,207,9618,2006,43607.0,1116236.0,0.550825,1.170744,ROU,SVN,871680
3585668,186,207,9618,2006,0.0,63746.0,0.801197,0.104683,RUS,SVN,871680
3585669,188,207,9618,2006,0.0,53024.0,0.162432,-0.853059,SAU,SVN,871680
3585670,190,207,9618,2006,0.0,15940.0,-1.873762,-1.278378,SDN,SVN,871680
3585671,192,207,9618,2006,0.0,10342.0,1.5377379999999998,0.503089,SGP,SVN,871680
3585672,201,207,9618,2006,7518.0,777942.0,0.547824,1.5588879999999998,SRB,SVN,871680
3585673,206,207,9618,2006,0.0,41342.0,1.291583,0.868317,SVK,SVN,871680
3585674,208,207,9618,2006,189751.0,18073.0,1.902737,0.593294,SWE,SVN,871680
3585675,212,207,9618,2006,0.0,650.0,-0.588695,0.532487,SYR,SVN,871680
3585676,216,207,9618,2006,2114.0,9764.0,0.568209,1.685343,THA,SVN,871680
3585677,223,207,9618,2006,0.0,1963.0,-0.013636,0.804752,TUN,SVN,871680
3585678,224,207,9618,2006,16474.0,0.0,0.33971599999999996,2.193384,TUR,SVN,871680
3585679,228,207,9618,2006,9815.0,98354.0,0.7008439999999999,0.79656,UKR,SVN,871680
3585680,231,207,9618,2006,3736.0,138843.0,1.666643,-0.121679,USA,SVN,871680
3585681,246,207,9618,2006,0.0,1346.0,0.37964499999999995,1.466326,ZAF,SVN,871680
3585682,249,207,9618,2006,1386.0,0.0,1.619915,1.2289940000000001,TWN,SVN,871680
3585683,250,207,9618,2006,150723.0,0.0,0.711619,-0.41880200000000006,ANS,SVN,871680
3585684,43,212,9618,2006,64935.0,0.0,0.737888,2.54966,CHN,SYR,871680
3585685,61,212,9618,2006,4720.0,0.0,2.132566,-2.773669,DEU,SYR,871680
3585686,71,212,9618,2006,1698.0,0.0,0.9091370000000001,2.068166,ESP,SYR,871680
3585687,77,212,9618,2006,3575.0,0.0,1.47591,0.489466,FRA,SYR,871680
3585688,100,212,9618,2006,0.0,758.0,0.755787,0.992614,HRV,SYR,871680
3585689,108,212,9618,2006,0.0,63482.0,-2.029727,-0.8634219999999999,IRQ,SYR,871680
3585690,111,212,9618,2006,35560.0,0.0,1.293779,0.93995,ITA,SYR,871680
3585691,113,212,9618,2006,1549.0,12927.0,0.166718,0.331248,JOR,SYR,871680
3585692,114,212,9618,2006,0.0,2601.0,2.4348099999999997,0.082887,JPN,SYR,871680
3585693,122,212,9618,2006,0.0,6058.0,-0.589823,-1.142795,KWT,SYR,871680
3585694,124,212,9618,2006,0.0,3147.0,0.3861,1.586183,LBN,SYR,871680
3585695,126,212,9618,2006,0.0,2871.0,-0.518724,-1.142074,LBY,SYR,871680
3585696,162,212,9618,2006,2354.0,0.0,1.192134,1.450852,NLD,SYR,871680
3585697,183,212,9618,2006,0.0,965.0,0.055777999999999994,-1.0379049999999999,QAT,SYR,871680
3585698,188,212,9618,2006,0.0,9167.0,0.162432,-0.853059,SAU,SYR,871680
3585699,190,212,9618,2006,0.0,4746.0,-1.873762,-1.278378,SDN,SYR,871680
3585700,207,212,9618,2006,650.0,0.0,1.5882370000000001,0.800719,SVN,SYR,871680
3585701,208,212,9618,2006,14033.0,0.0,1.902737,0.593294,SWE,SYR,871680
3585702,224,212,9618,2006,6360.0,0.0,0.33971599999999996,2.193384,TUR,SYR,871680
3585703,243,212,9618,2006,0.0,712.0,-1.0407110000000002,-1.13042,YEM,SYR,871680
3585704,18,223,9618,2006,16409.0,0.0,1.2222540000000002,1.383027,BEL,TUN,871680
3585705,41,223,9618,2006,16274.0,0.0,2.052534,0.515523,CHE,TUN,871680
3585706,42,223,9618,2006,0.0,10691.0,-0.188298,-0.46778000000000003,CHL,TUN,871680
3585707,43,223,9618,2006,46673.0,0.0,0.737888,2.54966,CHN,TUN,871680
3585708,61,223,9618,2006,137026.0,0.0,2.132566,-2.773669,DEU,TUN,871680
3585709,64,223,9618,2006,2268.0,0.0,1.2308700000000001,1.180914,DNK,TUN,871680
3585710,66,223,9618,2006,0.0,2748.0,-0.489962,-1.12456,DZA,TUN,871680
3585711,71,223,9618,2006,4015.0,0.0,0.9091370000000001,2.068166,ESP,TUN,871680
3585712,77,223,9618,2006,109991.0,15610.0,1.47591,0.489466,FRA,TUN,871680
3585713,81,223,9618,2006,9610.0,0.0,1.824154,0.614424,GBR,TUN,871680
3585714,100,223,9618,2006,1471.0,0.0,0.755787,0.992614,HRV,TUN,871680
3585715,111,223,9618,2006,33103.0,0.0,1.293779,0.93995,ITA,TUN,871680
3585716,114,223,9618,2006,1481.0,0.0,2.4348099999999997,0.082887,JPN,TUN,871680
3585717,177,223,9618,2006,918.0,0.0,0.991927,1.474418,POL,TUN,871680
3585718,207,223,9618,2006,1963.0,0.0,1.5882370000000001,0.800719,SVN,TUN,871680
3585719,208,223,9618,2006,1541.0,0.0,1.902737,0.593294,SWE,TUN,871680
3585720,224,223,9618,2006,9668.0,0.0,0.33971599999999996,2.193384,TUR,TUN,871680
3585721,231,223,9618,2006,125327.0,0.0,1.666643,-0.121679,USA,TUN,871680
3585722,249,223,9618,2006,9068.0,0.0,1.619915,1.2289940000000001,TWN,TUN,871680
3585723,2,228,9618,2006,0.0,1001.0,-2.0822979999999998,-1.176767,AGO,UKR,871680
3585724,7,228,9618,2006,0.0,25506.0,0.053903999999999994,-0.735124,ARE,UKR,871680
3585725,15,228,9618,2006,225401.0,0.0,1.775669,0.192717,AUT,UKR,871680
3585726,16,228,9618,2006,0.0,3693.0,-0.521304,-1.035764,AZE,UKR,871680
3585727,18,228,9618,2006,159735.0,0.0,1.2222540000000002,1.383027,BEL,UKR,871680
3585728,23,228,9618,2006,27153.0,0.0,0.414563,1.378005,BGR,UKR,871680
3585729,28,228,9618,2006,19225.0,20573.0,0.919853,0.384409,BLR,UKR,871680
3585730,41,228,9618,2006,1752.0,0.0,2.052534,0.515523,CHE,UKR,871680
3585731,43,228,9618,2006,1123587.0,0.0,0.737888,2.54966,CHN,UKR,871680
3585732,59,228,9618,2006,113369.0,37655.0,1.564058,0.6023649999999999,CZE,UKR,871680
3585733,61,228,9618,2006,2647788.0,0.0,2.132566,-2.773669,DEU,UKR,871680
3585734,64,228,9618,2006,43426.0,1166.0,1.2308700000000001,1.180914,DNK,UKR,871680
3585735,71,228,9618,2006,149143.0,64780.0,0.9091370000000001,2.068166,ESP,UKR,871680
3585736,72,228,9618,2006,4595.0,0.0,0.6426350000000001,0.925003,EST,UKR,871680
3585737,74,228,9618,2006,7806.0,33242.0,1.864038,0.8193940000000001,FIN,UKR,871680
3585738,77,228,9618,2006,27123.0,1508.0,1.47591,0.489466,FRA,UKR,871680
3585739,81,228,9618,2006,1720.0,0.0,1.824154,0.614424,GBR,UKR,871680
3585740,82,228,9618,2006,0.0,23697.0,0.076711,-0.47216099999999994,GEO,UKR,871680
3585741,100,228,9618,2006,186809.0,0.0,0.755787,0.992614,HRV,UKR,871680
3585742,102,228,9618,2006,106416.0,12405.0,1.4034309999999999,0.835144,HUN,UKR,871680
3585743,110,228,9618,2006,1554.0,4885.0,1.3082129999999998,0.783845,ISR,UKR,871680
3585744,111,228,9618,2006,20328.0,0.0,1.293779,0.93995,ITA,UKR,871680
3585745,114,228,9618,2006,5429.0,0.0,2.4348099999999997,0.082887,JPN,UKR,871680
3585746,115,228,9618,2006,0.0,85662.0,0.038229,-0.579421,KAZ,UKR,871680
3585747,130,228,9618,2006,28914.0,0.0,0.44063599999999997,1.163857,LTU,UKR,871680
3585748,131,228,9618,2006,27720.0,0.0,1.4345620000000001,0.8840819999999999,LUX,UKR,871680
3585749,135,228,9618,2006,5743.0,21181.0,-0.017707,0.135305,MDA,UKR,871680
3585750,162,228,9618,2006,577829.0,24695.0,1.192134,1.450852,NLD,UKR,871680
3585751,177,228,9618,2006,1809945.0,0.0,0.991927,1.474418,POL,UKR,871680
3585752,179,228,9618,2006,873.0,0.0,0.5723630000000001,1.92303,PRT,UKR,871680
3585753,185,228,9618,2006,19149.0,0.0,0.550825,1.170744,ROU,UKR,871680
3585754,186,228,9618,2006,439046.0,333457.0,0.801197,0.104683,RUS,UKR,871680
3585755,206,228,9618,2006,199361.0,1229.0,1.291583,0.868317,SVK,UKR,871680
3585756,207,228,9618,2006,98354.0,9815.0,1.5882370000000001,0.800719,SVN,UKR,871680
3585757,208,228,9618,2006,16997.0,0.0,1.902737,0.593294,SWE,UKR,871680
3585758,224,228,9618,2006,72969.0,0.0,0.33971599999999996,2.193384,TUR,UKR,871680
3585759,227,228,9618,2006,0.0,5453.0,-0.702511,-0.43976099999999996,UGA,UKR,871680
3585760,231,228,9618,2006,85488.0,0.0,1.666643,-0.121679,USA,UKR,871680
3585761,243,228,9618,2006,0.0,2773.0,-1.0407110000000002,-1.13042,YEM,UKR,871680
3585762,249,228,9618,2006,20094.0,0.0,1.619915,1.2289940000000001,TWN,UKR,871680
3585763,2,246,9618,2006,0.0,146092.0,-2.0822979999999998,-1.176767,AGO,ZAF,871680
3585764,7,246,9618,2006,21395.0,74863.0,0.053903999999999994,-0.735124,ARE,ZAF,871680
3585765,8,246,9618,2006,26029.0,0.0,0.33055,0.665867,ARG,ZAF,871680
3585766,14,246,9618,2006,14307.0,102171.0,0.067166,0.373148,AUS,ZAF,871680
3585767,15,246,9618,2006,1400.0,0.0,1.775669,0.192717,AUT,ZAF,871680
3585768,18,246,9618,2006,8797.0,21627.0,1.2222540000000002,1.383027,BEL,ZAF,871680
3585769,22,246,9618,2006,0.0,1111.0,-1.0305309999999999,-0.80937,BGD,ZAF,871680
3585770,32,246,9618,2006,3635.0,4693.0,0.633889,1.1474520000000001,BRA,ZAF,871680
3585771,37,246,9618,2006,3173.0,32489.0,-1.0541459999999998,-1.179286,BWA,ZAF,871680
3585772,39,246,9618,2006,381185.0,0.0,0.865685,1.1480489999999999,CAN,ZAF,871680
3585773,41,246,9618,2006,5962.0,1301.0,2.052534,0.515523,CHE,ZAF,871680
3585774,43,246,9618,2006,4815944.0,0.0,0.737888,2.54966,CHN,ZAF,871680
3585775,46,246,9618,2006,0.0,65374.0,-1.542137,-1.086494,COD,ZAF,871680
3585776,58,246,9618,2006,0.0,1294.0,0.708267,-0.048096,CYP,ZAF,871680
3585777,59,246,9618,2006,908.0,0.0,1.564058,0.6023649999999999,CZE,ZAF,871680
3585778,61,246,9618,2006,2732624.0,112227.0,2.132566,-2.773669,DEU,ZAF,871680
3585779,64,246,9618,2006,261225.0,0.0,1.2308700000000001,1.180914,DNK,ZAF,871680
3585780,71,246,9618,2006,7737.0,0.0,0.9091370000000001,2.068166,ESP,ZAF,871680
3585781,74,246,9618,2006,743599.0,0.0,1.864038,0.8193940000000001,FIN,ZAF,871680
3585782,77,246,9618,2006,2353.0,21354.0,1.47591,0.489466,FRA,ZAF,871680
3585783,81,246,9618,2006,690260.0,26748.0,1.824154,0.614424,GBR,ZAF,871680
3585784,83,246,9618,2006,0.0,96634.0,-0.9934860000000001,-0.809318,GHA,ZAF,871680
3585785,85,246,9618,2006,0.0,9752.0,-1.8376720000000002,-1.229774,GIN,ZAF,871680
3585786,90,246,9618,2006,16001.0,0.0,0.261955,1.488958,GRC,ZAF,871680
3585787,97,246,9618,2006,81548.0,0.0,0.5776319999999999,2.076782,HKG,ZAF,871680
3585788,102,246,9618,2006,1936.0,0.0,1.4034309999999999,0.835144,HUN,ZAF,871680
3585789,103,246,9618,2006,859.0,0.0,-0.21012399999999998,1.467838,IDN,ZAF,871680
3585790,104,246,9618,2006,1472.0,0.0,0.285652,2.731318,IND,ZAF,871680
3585791,106,246,9618,2006,20234.0,0.0,1.43804,0.06463200000000001,IRL,ZAF,871680
3585792,110,246,9618,2006,2174.0,0.0,1.3082129999999998,0.783845,ISR,ZAF,871680
3585793,111,246,9618,2006,163143.0,1285.0,1.293779,0.93995,ITA,ZAF,871680
3585794,114,246,9618,2006,17976.0,8132.0,2.4348099999999997,0.082887,JPN,ZAF,871680
3585795,116,246,9618,2006,0.0,36111.0,-0.38287899999999997,1.060286,KEN,ZAF,871680
3585796,117,246,9618,2006,0.0,1362.0,-0.034069,0.136694,KGZ,ZAF,871680
3585797,124,246,9618,2006,0.0,67006.0,0.3861,1.586183,LBN,ZAF,871680
3585798,128,246,9618,2006,0.0,71957.0,-0.573767,0.305913,LKA,ZAF,871680
3585799,136,246,9618,2006,0.0,903.0,-1.024657,-0.393395,MDG,ZAF,871680
3585800,141,246,9618,2006,0.0,1194.0,-0.503462,-0.778836,MLI,ZAF,871680
3585801,147,246,9618,2006,1261.0,366536.0,-1.0250629999999998,-1.067359,MOZ,ZAF,871680
3585802,151,246,9618,2006,0.0,9160.0,-0.311109,-0.07267,MUS,ZAF,871680
3585803,152,246,9618,2006,0.0,344319.0,-1.145132,-1.0946209999999998,MWI,ZAF,871680
3585804,153,246,9618,2006,53866.0,0.0,0.7896569999999999,0.363625,MYS,ZAF,871680
3585805,155,246,9618,2006,2802.0,181498.0,-0.515361,-0.8027350000000001,NAM,ZAF,871680
3585806,159,246,9618,2006,0.0,80238.0,-2.094353,-1.215025,NGA,ZAF,871680
3585807,162,246,9618,2006,17116.0,1686.0,1.192134,1.450852,NLD,ZAF,871680
3585808,163,246,9618,2006,19765.0,0.0,1.0787930000000001,0.014051,NOR,ZAF,871680
3585809,166,246,9618,2006,1821.0,69696.0,0.5371,0.8240209999999999,NZL,ZAF,871680
3585810,177,246,9618,2006,9812.0,0.0,0.991927,1.474418,POL,ZAF,871680
3585811,183,246,9618,2006,0.0,1848.0,0.055777999999999994,-1.0379049999999999,QAT,ZAF,871680
3585812,190,246,9618,2006,0.0,12667.0,-1.873762,-1.278378,SDN,ZAF,871680
3585813,191,246,9618,2006,0.0,839.0,-0.364713,-0.183612,SEN,ZAF,871680
3585814,192,246,9618,2006,46510.0,0.0,1.5377379999999998,0.503089,SGP,ZAF,871680
3585815,207,246,9618,2006,1346.0,0.0,1.5882370000000001,0.800719,SVN,ZAF,871680
3585816,208,246,9618,2006,19048.0,0.0,1.902737,0.593294,SWE,ZAF,871680
3585817,209,246,9618,2006,87.0,297884.0,0.750674,0.221306,SWZ,ZAF,871680
3585818,211,246,9618,2006,0.0,35940.0,-0.344619,-0.796139,SYC,ZAF,871680
3585819,216,246,9618,2006,18912.0,0.0,0.568209,1.685343,THA,ZAF,871680
3585820,224,246,9618,2006,6211.0,0.0,0.33971599999999996,2.193384,TUR,ZAF,871680
3585821,226,246,9618,2006,0.0,143160.0,-0.953097,0.159129,TZA,ZAF,871680
3585822,227,246,9618,2006,809.0,47807.0,-0.702511,-0.43976099999999996,UGA,ZAF,871680
3585823,231,246,9618,2006,539709.0,12023.0,1.666643,-0.121679,USA,ZAF,871680
3585824,239,246,9618,2006,169913.0,0.0,-0.342779,1.033318,VNM,ZAF,871680
3585825,247,246,9618,2006,1687.0,325280.0,-0.5307,-0.793621,ZMB,ZAF,871680
3585826,248,246,9618,2006,0.0,195055.0,-0.41825500000000004,-0.55313,ZWE,ZAF,871680
3585827,249,246,9618,2006,52102.0,0.0,1.619915,1.2289940000000001,TWN,ZAF,871680
3585828,43,37,9618,2006,41274.0,0.0,0.737888,2.54966,CHN,BWA,871680
3585829,231,37,9618,2006,676.0,0.0,1.666643,-0.121679,USA,BWA,871680
3585830,246,37,9618,2006,32489.0,3173.0,0.37964499999999995,1.466326,ZAF,BWA,871680
3585831,248,37,9618,2006,27395.0,0.0,-0.41825500000000004,-0.55313,ZWE,BWA,871680
3585832,2,44,9618,2006,0.0,100411.0,-2.0822979999999998,-1.176767,AGO,CIV,871680
3585833,19,44,9618,2006,0.0,33658.0,-0.8434360000000001,-0.798307,BEN,CIV,871680
3585834,21,44,9618,2006,0.0,77434.0,-0.9432020000000001,-0.969247,BFA,CIV,871680
3585835,22,44,9618,2006,12201855.0,3930482.0,-1.0305309999999999,-0.80937,BGD,CIV,871680
3585836,32,44,9618,2006,6902.0,0.0,0.633889,1.1474520000000001,BRA,CIV,871680
3585837,43,44,9618,2006,56635.0,0.0,0.737888,2.54966,CHN,CIV,871680
3585838,46,44,9618,2006,0.0,8676.0,-1.542137,-1.086494,COD,CIV,871680
3585839,47,44,9618,2006,0.0,18514.0,-1.9903240000000002,-1.189925,COG,CIV,871680
3585840,59,44,9618,2006,2024.0,0.0,1.564058,0.6023649999999999,CZE,CIV,871680
3585841,61,44,9618,2006,872.0,0.0,2.132566,-2.773669,DEU,CIV,871680
3585842,77,44,9618,2006,57611.0,0.0,1.47591,0.489466,FRA,CIV,871680
3585843,80,44,9618,2006,0.0,26839.0,-1.6696819999999999,-1.173322,GAB,CIV,871680
3585844,85,44,9618,2006,0.0,21428.0,-1.8376720000000002,-1.229774,GIN,CIV,871680
3585845,88,44,9618,2006,0.0,4405.0,-1.528471,-0.926991,GNB,CIV,871680
3585846,89,44,9618,2006,0.0,18307.0,-2.188173,-0.8631700000000001,GNQ,CIV,871680
3585847,111,44,9618,2006,15450.0,0.0,1.293779,0.93995,ITA,CIV,871680
3585848,125,44,9618,2006,0.0,42772.0,-0.679188,-1.0969389999999999,LBR,CIV,871680
3585849,141,44,9618,2006,0.0,202336.0,-0.503462,-0.778836,MLI,CIV,871680
3585850,148,44,9618,2006,0.0,24710.0,-1.72422,-1.2414399999999999,MRT,CIV,871680
3585851,153,44,9618,2006,32121.0,0.0,0.7896569999999999,0.363625,MYS,CIV,871680
3585852,157,44,9618,2006,0.0,234410.0,-0.554188,-0.708255,NER,CIV,871680
3585853,191,44,9618,2006,23294.0,89814.0,-0.364713,-0.183612,SEN,CIV,871680
3585854,196,44,9618,2006,0.0,2224.0,0.518163,-0.032742,SLE,CIV,871680
3585855,215,44,9618,2006,0.0,22698.0,-0.8304020000000001,-0.678178,TGO,CIV,871680
3585856,249,44,9618,2006,761.0,0.0,1.619915,1.2289940000000001,TWN,CIV,871680
3585857,7,45,9618,2006,14517.0,0.0,0.053903999999999994,-0.735124,ARE,CMR,871680
3585858,18,45,9618,2006,65944.0,0.0,1.2222540000000002,1.383027,BEL,CMR,871680
3585859,38,45,9618,2006,0.0,19269.0,-0.768791,-0.822677,CAF,CMR,871680
3585860,43,45,9618,2006,176063.0,0.0,0.737888,2.54966,CHN,CMR,871680
3585861,46,45,9618,2006,0.0,2531.0,-1.542137,-1.086494,COD,CMR,871680
3585862,47,45,9618,2006,0.0,5917.0,-1.9903240000000002,-1.189925,COG,CMR,871680
3585863,61,45,9618,2006,66822.0,0.0,2.132566,-2.773669,DEU,CMR,871680
3585864,71,45,9618,2006,0.0,2329.0,0.9091370000000001,2.068166,ESP,CMR,871680
3585865,77,45,9618,2006,24145.0,0.0,1.47591,0.489466,FRA,CMR,871680
3585866,80,45,9618,2006,0.0,15731.0,-1.6696819999999999,-1.173322,GAB,CMR,871680
3585867,104,45,9618,2006,25649.0,0.0,0.285652,2.731318,IND,CMR,871680
3585868,111,45,9618,2006,16110.0,0.0,1.293779,0.93995,ITA,CMR,871680
3585869,114,45,9618,2006,2070.0,0.0,2.4348099999999997,0.082887,JPN,CMR,871680
3585870,153,45,9618,2006,32420.0,0.0,0.7896569999999999,0.363625,MYS,CMR,871680
3585871,214,45,9618,2006,0.0,5763.0,-3.0579419999999997,-0.8926649999999999,TCD,CMR,871680
3585872,231,45,9618,2006,1798.0,0.0,1.666643,-0.121679,USA,CMR,871680
3585873,8,54,9618,2006,25466.0,0.0,0.33055,0.665867,ARG,CUB,871680
3585874,39,54,9618,2006,214853.0,0.0,0.865685,1.1480489999999999,CAN,CUB,871680
3585875,42,54,9618,2006,2389.0,0.0,-0.188298,-0.46778000000000003,CHL,CUB,871680
3585876,43,54,9618,2006,266040.0,0.0,0.737888,2.54966,CHN,CUB,871680
3585877,49,54,9618,2006,12403.0,0.0,0.129887,0.44371700000000003,COL,CUB,871680
3585878,61,54,9618,2006,29574.0,0.0,2.132566,-2.773669,DEU,CUB,871680
3585879,71,54,9618,2006,196052.0,0.0,0.9091370000000001,2.068166,ESP,CUB,871680
3585880,102,54,9618,2006,5078.0,0.0,1.4034309999999999,0.835144,HUN,CUB,871680
3585881,111,54,9618,2006,198733.0,0.0,1.293779,0.93995,ITA,CUB,871680
3585882,138,54,9618,2006,107312.0,0.0,1.047268,0.7142270000000001,MEX,CUB,871680
3585883,169,54,9618,2006,46684.0,0.0,0.306664,0.638533,PAN,CUB,871680
3585884,179,54,9618,2006,48339.0,0.0,0.5723630000000001,1.92303,PRT,CUB,871680
3585885,186,54,9618,2006,65226.0,0.0,0.801197,0.104683,RUS,CUB,871680
3585886,224,54,9618,2006,3295.0,0.0,0.33971599999999996,2.193384,TUR,CUB,871680
3585887,236,54,9618,2006,58191.0,0.0,-0.340972,-1.015462,VEN,CUB,871680
3585888,7,66,9618,2006,11131.0,0.0,0.053903999999999994,-0.735124,ARE,DZA,871680
3585889,18,66,9618,2006,14573.0,0.0,1.2222540000000002,1.383027,BEL,DZA,871680
3585890,39,66,9618,2006,2603.0,0.0,0.865685,1.1480489999999999,CAN,DZA,871680
3585891,41,66,9618,2006,1130.0,0.0,2.052534,0.515523,CHE,DZA,871680
3585892,43,66,9618,2006,358989.0,0.0,0.737888,2.54966,CHN,DZA,871680
3585893,61,66,9618,2006,236239.0,0.0,2.132566,-2.773669,DEU,DZA,871680
3585894,64,66,9618,2006,2709.0,0.0,1.2308700000000001,1.180914,DNK,DZA,871680
3585895,71,66,9618,2006,23894.0,0.0,0.9091370000000001,2.068166,ESP,DZA,871680
3585896,77,66,9618,2006,450480.0,0.0,1.47591,0.489466,FRA,DZA,871680
3585897,81,66,9618,2006,3314.0,0.0,1.824154,0.614424,GBR,DZA,871680
3585898,111,66,9618,2006,143607.0,0.0,1.293779,0.93995,ITA,DZA,871680
3585899,114,66,9618,2006,3417.0,0.0,2.4348099999999997,0.082887,JPN,DZA,871680
3585900,163,66,9618,2006,8321.0,0.0,1.0787930000000001,0.014051,NOR,DZA,871680
3585901,186,66,9618,2006,625986.0,0.0,0.801197,0.104683,RUS,DZA,871680
3585902,201,66,9618,2006,1147.0,0.0,0.547824,1.5588879999999998,SRB,DZA,871680
3585903,222,66,9618,2006,1921.0,0.0,-0.20651399999999998,-1.024907,TTO,DZA,871680
3585904,223,66,9618,2006,2748.0,0.0,-0.013636,0.804752,TUN,DZA,871680
3585905,224,66,9618,2006,32111.0,0.0,0.33971599999999996,2.193384,TUR,DZA,871680
3585906,231,66,9618,2006,139801.0,0.0,1.666643,-0.121679,USA,DZA,871680
3585907,250,66,9618,2006,3263.0,0.0,0.711619,-0.41880200000000006,ANS,DZA,871680
3585908,7,80,9618,2006,93049.0,0.0,0.053903999999999994,-0.735124,ARE,GAB,871680
3585909,18,80,9618,2006,95028.0,0.0,1.2222540000000002,1.383027,BEL,GAB,871680
3585910,43,80,9618,2006,97639.0,0.0,0.737888,2.54966,CHN,GAB,871680
3585911,44,80,9618,2006,26839.0,0.0,-0.8918530000000001,-0.8145819999999999,CIV,GAB,871680
3585912,45,80,9618,2006,15731.0,0.0,-1.358873,-1.1511360000000002,CMR,GAB,871680
3585913,61,80,9618,2006,5403.0,0.0,2.132566,-2.773669,DEU,GAB,871680
3585914,71,80,9618,2006,1608.0,0.0,0.9091370000000001,2.068166,ESP,GAB,871680
3585915,77,80,9618,2006,660574.0,0.0,1.47591,0.489466,FRA,GAB,871680
3585916,111,80,9618,2006,2663.0,0.0,1.293779,0.93995,ITA,GAB,871680
3585917,231,80,9618,2006,39213.0,0.0,1.666643,-0.121679,USA,GAB,871680
3585918,7,83,9618,2006,1825.0,0.0,0.053903999999999994,-0.735124,ARE,GHA,871680
3585919,14,83,9618,2006,10182.0,0.0,0.067166,0.373148,AUS,GHA,871680
3585920,18,83,9618,2006,49602.0,0.0,1.2222540000000002,1.383027,BEL,GHA,871680
3585921,39,83,9618,2006,733.0,0.0,0.865685,1.1480489999999999,CAN,GHA,871680
3585922,43,83,9618,2006,1704487.0,0.0,0.737888,2.54966,CHN,GHA,871680
3585923,61,83,9618,2006,1857.0,0.0,2.132566,-2.773669,DEU,GHA,871680
3585924,64,83,9618,2006,199455.0,0.0,1.2308700000000001,1.180914,DNK,GHA,871680
3585925,71,83,9618,2006,33345.0,0.0,0.9091370000000001,2.068166,ESP,GHA,871680
3585926,77,83,9618,2006,1070.0,0.0,1.47591,0.489466,FRA,GHA,871680
3585927,81,83,9618,2006,41956.0,0.0,1.824154,0.614424,GBR,GHA,871680
3585928,104,83,9618,2006,2459.0,0.0,0.285652,2.731318,IND,GHA,871680
3585929,111,83,9618,2006,30795.0,376198.0,1.293779,0.93995,ITA,GHA,871680
3585930,124,83,9618,2006,1882.0,0.0,0.3861,1.586183,LBN,GHA,871680
3585931,141,83,9618,2006,0.0,3548.0,-0.503462,-0.778836,MLI,GHA,871680
3585932,162,83,9618,2006,49079.0,0.0,1.192134,1.450852,NLD,GHA,871680
3585933,191,83,9618,2006,11194.0,0.0,-0.364713,-0.183612,SEN,GHA,871680
3585934,224,83,9618,2006,10182.0,0.0,0.33971599999999996,2.193384,TUR,GHA,871680
3585935,231,83,9618,2006,352293.0,0.0,1.666643,-0.121679,USA,GHA,871680
3585936,246,83,9618,2006,96634.0,0.0,0.37964499999999995,1.466326,ZAF,GHA,871680
3585937,249,83,9618,2006,995.0,0.0,1.619915,1.2289940000000001,TWN,GHA,871680
3585938,7,134,9618,2006,0.0,1238.0,0.053903999999999994,-0.735124,ARE,MAR,871680
3585939,14,134,9618,2006,0.0,67826.0,0.067166,0.373148,AUS,MAR,871680
3585940,15,134,9618,2006,7213.0,0.0,1.775669,0.192717,AUT,MAR,871680
3585941,18,134,9618,2006,26010.0,0.0,1.2222540000000002,1.383027,BEL,MAR,871680
3585942,43,134,9618,2006,255774.0,0.0,0.737888,2.54966,CHN,MAR,871680
3585943,61,134,9618,2006,98176.0,14620.0,2.132566,-2.773669,DEU,MAR,871680
3585944,71,134,9618,2006,75451.0,0.0,0.9091370000000001,2.068166,ESP,MAR,871680
3585945,77,134,9618,2006,590495.0,4919.0,1.47591,0.489466,FRA,MAR,871680
3585946,81,134,9618,2006,5649.0,40488.0,1.824154,0.614424,GBR,MAR,871680
3585947,85,134,9618,2006,0.0,926.0,-1.8376720000000002,-1.229774,GIN,MAR,871680
3585948,89,134,9618,2006,0.0,3454.0,-2.188173,-0.8631700000000001,GNQ,MAR,871680
3585949,97,134,9618,2006,0.0,7313.0,0.5776319999999999,2.076782,HKG,MAR,871680
3585950,111,134,9618,2006,5413.0,24368.0,1.293779,0.93995,ITA,MAR,871680
3585951,131,134,9618,2006,9338.0,0.0,1.4345620000000001,0.8840819999999999,LUX,MAR,871680
3585952,162,134,9618,2006,5915.0,0.0,1.192134,1.450852,NLD,MAR,871680
3585953,168,134,9618,2006,0.0,1196.0,-0.449333,0.563013,PAK,MAR,871680
3585954,179,134,9618,2006,39158.0,0.0,0.5723630000000001,1.92303,PRT,MAR,871680
3585955,216,134,9618,2006,97711.0,0.0,0.568209,1.685343,THA,MAR,871680
3585956,224,134,9618,2006,8358.0,0.0,0.33971599999999996,2.193384,TUR,MAR,871680
3585957,231,134,9618,2006,21695.0,0.0,1.666643,-0.121679,USA,MAR,871680
3585958,249,134,9618,2006,7247.0,0.0,1.619915,1.2289940000000001,TWN,MAR,871680
3585959,18,136,9618,2006,1058.0,0.0,1.2222540000000002,1.383027,BEL,MDG,871680
3585960,43,136,9618,2006,27576.0,0.0,0.737888,2.54966,CHN,MDG,871680
3585961,64,136,9618,2006,702.0,0.0,1.2308700000000001,1.180914,DNK,MDG,871680
3585962,77,136,9618,2006,5414.0,0.0,1.47591,0.489466,FRA,MDG,871680
3585963,81,136,9618,2006,1010.0,0.0,1.824154,0.614424,GBR,MDG,871680
3585964,111,136,9618,2006,12057.0,0.0,1.293779,0.93995,ITA,MDG,871680
3585965,114,136,9618,2006,1289.0,0.0,2.4348099999999997,0.082887,JPN,MDG,871680
3585966,151,136,9618,2006,1247.0,0.0,-0.311109,-0.07267,MUS,MDG,871680
3585967,231,136,9618,2006,2628.0,0.0,1.666643,-0.121679,USA,MDG,871680
3585968,246,136,9618,2006,903.0,0.0,0.37964499999999995,1.466326,ZAF,MDG,871680
3585969,15,142,9618,2006,2984.0,0.0,1.775669,0.192717,AUT,MLT,871680
3585970,18,142,9618,2006,29109.0,0.0,1.2222540000000002,1.383027,BEL,MLT,871680
3585971,43,142,9618,2006,53938.0,0.0,0.737888,2.54966,CHN,MLT,871680
3585972,61,142,9618,2006,165401.0,0.0,2.132566,-2.773669,DEU,MLT,871680
3585973,74,142,9618,2006,4957.0,0.0,1.864038,0.8193940000000001,FIN,MLT,871680
3585974,77,142,9618,2006,38447.0,0.0,1.47591,0.489466,FRA,MLT,871680
3585975,81,142,9618,2006,23945.0,5034.0,1.824154,0.614424,GBR,MLT,871680
3585976,106,142,9618,2006,0.0,1369.0,1.43804,0.06463200000000001,IRL,MLT,871680
3585977,110,142,9618,2006,0.0,1520.0,1.3082129999999998,0.783845,ISR,MLT,871680
3585978,111,142,9618,2006,67457.0,0.0,1.293779,0.93995,ITA,MLT,871680
3585979,162,142,9618,2006,1233.0,0.0,1.192134,1.450852,NLD,MLT,871680
3585980,185,142,9618,2006,0.0,106132.0,0.550825,1.170744,ROU,MLT,871680
3585981,208,142,9618,2006,6865.0,0.0,1.902737,0.593294,SWE,MLT,871680
3585982,216,142,9618,2006,6581.0,0.0,0.568209,1.685343,THA,MLT,871680
3585983,231,142,9618,2006,2322.0,0.0,1.666643,-0.121679,USA,MLT,871680
3585984,249,142,9618,2006,930.0,0.0,1.619915,1.2289940000000001,TWN,MLT,871680
3585985,43,148,9618,2006,59379.0,0.0,0.737888,2.54966,CHN,MRT,871680
3585986,44,148,9618,2006,24710.0,0.0,-0.8918530000000001,-0.8145819999999999,CIV,MRT,871680
3585987,77,148,9618,2006,21905.0,0.0,1.47591,0.489466,FRA,MRT,871680
3585988,81,148,9618,2006,19966.0,0.0,1.824154,0.614424,GBR,MRT,871680
3585989,111,148,9618,2006,44677.0,0.0,1.293779,0.93995,ITA,MRT,871680
3585990,191,148,9618,2006,4453.0,0.0,-0.364713,-0.183612,SEN,MRT,871680
3585991,43,151,9618,2006,39467.0,0.0,0.737888,2.54966,CHN,MUS,871680
3585992,61,151,9618,2006,69678.0,0.0,2.132566,-2.773669,DEU,MUS,871680
3585993,71,151,9618,2006,19525.0,0.0,0.9091370000000001,2.068166,ESP,MUS,871680
3585994,77,151,9618,2006,127970.0,0.0,1.47591,0.489466,FRA,MUS,871680
3585995,111,151,9618,2006,15316.0,0.0,1.293779,0.93995,ITA,MUS,871680
3585996,136,151,9618,2006,0.0,1247.0,-1.024657,-0.393395,MDG,MUS,871680
3585997,153,151,9618,2006,4645.0,0.0,0.7896569999999999,0.363625,MYS,MUS,871680
3585998,154,151,9618,2006,0.0,671.0,1.1370049999999998,0.131896,MYT,MUS,871680
3585999,192,151,9618,2006,5091.0,0.0,1.5377379999999998,0.503089,SGP,MUS,871680
3586000,211,151,9618,2006,0.0,797.0,-0.344619,-0.796139,SYC,MUS,871680
3586001,224,151,9618,2006,7801.0,9295.0,0.33971599999999996,2.193384,TUR,MUS,871680
3586002,231,151,9618,2006,4593.0,0.0,1.666643,-0.121679,USA,MUS,871680
3586003,246,151,9618,2006,9160.0,0.0,0.37964499999999995,1.466326,ZAF,MUS,871680
3586004,249,151,9618,2006,1010.0,0.0,1.619915,1.2289940000000001,TWN,MUS,871680
3586005,2,155,9618,2006,0.0,17836.0,-2.0822979999999998,-1.176767,AGO,NAM,871680
3586006,43,155,9618,2006,5902.0,0.0,0.737888,2.54966,CHN,NAM,871680
3586007,61,155,9618,2006,3277.0,0.0,2.132566,-2.773669,DEU,NAM,871680
3586008,246,155,9618,2006,181498.0,2802.0,0.37964499999999995,1.466326,ZAF,NAM,871680
3586009,15,159,9618,2006,25895.0,0.0,1.775669,0.192717,AUT,NGA,871680
3586010,18,159,9618,2006,17266.0,0.0,1.2222540000000002,1.383027,BEL,NGA,871680
3586011,43,159,9618,2006,178000.0,0.0,0.737888,2.54966,CHN,NGA,871680
3586012,61,159,9618,2006,34154.0,0.0,2.132566,-2.773669,DEU,NGA,871680
3586013,64,159,9618,2006,1308.0,0.0,1.2308700000000001,1.180914,DNK,NGA,871680
3586014,81,159,9618,2006,176008.0,12124.0,1.824154,0.614424,GBR,NGA,871680
3586015,97,159,9618,2006,4079.0,0.0,0.5776319999999999,2.076782,HKG,NGA,871680
3586016,110,159,9618,2006,87036.0,0.0,1.3082129999999998,0.783845,ISR,NGA,871680
3586017,114,159,9618,2006,8114.0,0.0,2.4348099999999997,0.082887,JPN,NGA,871680
3586018,162,159,9618,2006,2356.0,0.0,1.192134,1.450852,NLD,NGA,871680
3586019,201,159,9618,2006,2651.0,0.0,0.547824,1.5588879999999998,SRB,NGA,871680
3586020,224,159,9618,2006,1935.0,0.0,0.33971599999999996,2.193384,TUR,NGA,871680
3586021,231,159,9618,2006,1010585.0,0.0,1.666643,-0.121679,USA,NGA,871680
3586022,246,159,9618,2006,80238.0,0.0,0.37964499999999995,1.466326,ZAF,NGA,871680
3586023,249,159,9618,2006,1273.0,0.0,1.619915,1.2289940000000001,TWN,NGA,871680
3586024,7,191,9618,2006,13635.0,0.0,0.053903999999999994,-0.735124,ARE,SEN,871680
3586025,18,191,9618,2006,1887.0,0.0,1.2222540000000002,1.383027,BEL,SEN,871680
3586026,43,191,9618,2006,104813.0,0.0,0.737888,2.54966,CHN,SEN,871680
3586027,44,191,9618,2006,89814.0,23294.0,-0.8918530000000001,-0.8145819999999999,CIV,SEN,871680
3586028,61,191,9618,2006,2498.0,0.0,2.132566,-2.773669,DEU,SEN,871680
3586029,71,191,9618,2006,9796.0,0.0,0.9091370000000001,2.068166,ESP,SEN,871680
3586030,77,191,9618,2006,550487.0,0.0,1.47591,0.489466,FRA,SEN,871680
3586031,83,191,9618,2006,0.0,11194.0,-0.9934860000000001,-0.809318,GHA,SEN,871680
3586032,85,191,9618,2006,0.0,1310.0,-1.8376720000000002,-1.229774,GIN,SEN,871680
3586033,111,191,9618,2006,1928.0,0.0,1.293779,0.93995,ITA,SEN,871680
3586034,114,191,9618,2006,1327.0,0.0,2.4348099999999997,0.082887,JPN,SEN,871680
3586035,124,191,9618,2006,609.0,0.0,0.3861,1.586183,LBN,SEN,871680
3586036,138,191,9618,2006,0.0,1653.0,1.047268,0.7142270000000001,MEX,SEN,871680
3586037,148,191,9618,2006,0.0,4453.0,-1.72422,-1.2414399999999999,MRT,SEN,871680
3586038,224,191,9618,2006,964.0,0.0,0.33971599999999996,2.193384,TUR,SEN,871680
3586039,231,191,9618,2006,20040.0,0.0,1.666643,-0.121679,USA,SEN,871680
3586040,246,191,9618,2006,839.0,0.0,0.37964499999999995,1.466326,ZAF,SEN,871680
3586041,7,203,9618,2006,4341.0,0.0,0.053903999999999994,-0.735124,ARE,STP,871680
3586042,32,203,9618,2006,14043.0,0.0,0.633889,1.1474520000000001,BRA,STP,871680
3586043,179,203,9618,2006,15988.0,0.0,0.5723630000000001,1.92303,PRT,STP,871680
3586044,7,226,9618,2006,133805.0,16157.0,0.053903999999999994,-0.735124,ARE,TZA,871680
3586045,18,226,9618,2006,3833.0,0.0,1.2222540000000002,1.383027,BEL,TZA,871680
3586046,43,226,9618,2006,185423.0,0.0,0.737888,2.54966,CHN,TZA,871680
3586047,61,226,9618,2006,14038.0,0.0,2.132566,-2.773669,DEU,TZA,871680
3586048,64,226,9618,2006,1463.0,0.0,1.2308700000000001,1.180914,DNK,TZA,871680
3586049,81,226,9618,2006,36099.0,0.0,1.824154,0.614424,GBR,TZA,871680
3586050,104,226,9618,2006,2564.0,0.0,0.285652,2.731318,IND,TZA,871680
3586051,111,226,9618,2006,1889.0,0.0,1.293779,0.93995,ITA,TZA,871680
3586052,116,226,9618,2006,10629.0,0.0,-0.38287899999999997,1.060286,KEN,TZA,871680
3586053,122,226,9618,2006,6364.0,0.0,-0.589823,-1.142795,KWT,TZA,871680
3586054,162,226,9618,2006,6180.0,0.0,1.192134,1.450852,NLD,TZA,871680
3586055,246,226,9618,2006,143160.0,0.0,0.37964499999999995,1.466326,ZAF,TZA,871680
3586056,7,227,9618,2006,1183.0,0.0,0.053903999999999994,-0.735124,ARE,UGA,871680
3586057,18,227,9618,2006,13373.0,0.0,1.2222540000000002,1.383027,BEL,UGA,871680
3586058,43,227,9618,2006,6186.0,0.0,0.737888,2.54966,CHN,UGA,871680
3586059,81,227,9618,2006,2563.0,0.0,1.824154,0.614424,GBR,UGA,871680
3586060,114,227,9618,2006,3318.0,0.0,2.4348099999999997,0.082887,JPN,UGA,871680
3586061,116,227,9618,2006,960704.0,0.0,-0.38287899999999997,1.060286,KEN,UGA,871680
3586062,187,227,9618,2006,0.0,2204.0,-0.032827999999999996,-0.42937600000000004,RWA,UGA,871680
3586063,208,227,9618,2006,2174.0,0.0,1.902737,0.593294,SWE,UGA,871680
3586064,224,227,9618,2006,12272.0,0.0,0.33971599999999996,2.193384,TUR,UGA,871680
3586065,228,227,9618,2006,5453.0,0.0,0.7008439999999999,0.79656,UKR,UGA,871680
3586066,231,227,9618,2006,7944.0,0.0,1.666643,-0.121679,USA,UGA,871680
3586067,246,227,9618,2006,47807.0,809.0,0.37964499999999995,1.466326,ZAF,UGA,871680
3586068,14,239,9618,2006,19129.0,102397.0,0.067166,0.373148,AUS,VNM,871680
3586069,15,239,9618,2006,16635.0,0.0,1.775669,0.192717,AUT,VNM,871680
3586070,18,239,9618,2006,0.0,75504.0,1.2222540000000002,1.383027,BEL,VNM,871680
3586071,39,239,9618,2006,6561.0,97968.0,0.865685,1.1480489999999999,CAN,VNM,871680
3586072,43,239,9618,2006,1623702.0,29696.0,0.737888,2.54966,CHN,VNM,871680
3586073,58,239,9618,2006,0.0,44962.0,0.708267,-0.048096,CYP,VNM,871680
3586074,59,239,9618,2006,0.0,2376.0,1.564058,0.6023649999999999,CZE,VNM,871680
3586075,61,239,9618,2006,17350.0,171140.0,2.132566,-2.773669,DEU,VNM,871680
3586076,64,239,9618,2006,2206.0,211240.0,1.2308700000000001,1.180914,DNK,VNM,871680
3586077,71,239,9618,2006,0.0,88103.0,0.9091370000000001,2.068166,ESP,VNM,871680
3586078,77,239,9618,2006,1443.0,436060.0,1.47591,0.489466,FRA,VNM,871680
3586079,81,239,9618,2006,1619.0,27190.0,1.824154,0.614424,GBR,VNM,871680
3586080,90,239,9618,2006,0.0,27378.0,0.261955,1.488958,GRC,VNM,871680
3586081,111,239,9618,2006,12327.0,61786.0,1.293779,0.93995,ITA,VNM,871680
3586082,114,239,9618,2006,313073.0,279678.0,2.4348099999999997,0.082887,JPN,VNM,871680
3586083,116,239,9618,2006,0.0,39311.0,-0.38287899999999997,1.060286,KEN,VNM,871680
3586084,118,239,9618,2006,8027.0,30269.0,-1.323365,-1.185827,KHM,VNM,871680
3586085,121,239,9618,2006,246160.0,0.0,1.5384309999999999,0.766628,KOR,VNM,871680
3586086,123,239,9618,2006,0.0,17483.0,-1.1707450000000001,-1.057348,LAO,VNM,871680
3586087,138,239,9618,2006,0.0,9785.0,1.047268,0.7142270000000001,MEX,VNM,871680
3586088,147,239,9618,2006,0.0,37754.0,-1.0250629999999998,-1.067359,MOZ,VNM,871680
3586089,153,239,9618,2006,37362.0,0.0,0.7896569999999999,0.363625,MYS,VNM,871680
3586090,162,239,9618,2006,2611.0,36140.0,1.192134,1.450852,NLD,VNM,871680
3586091,163,239,9618,2006,0.0,5686.0,1.0787930000000001,0.014051,NOR,VNM,871680
3586092,166,239,9618,2006,0.0,4020.0,0.5371,0.8240209999999999,NZL,VNM,871680
3586093,174,239,9618,2006,3607.0,0.0,0.161994,0.036631,PHL,VNM,871680
3586094,177,239,9618,2006,0.0,43255.0,0.991927,1.474418,POL,VNM,871680
3586095,185,239,9618,2006,0.0,10094.0,0.550825,1.170744,ROU,VNM,871680
3586096,186,239,9618,2006,0.0,32396.0,0.801197,0.104683,RUS,VNM,871680
3586097,192,239,9618,2006,33307.0,3155.0,1.5377379999999998,0.503089,SGP,VNM,871680
3586098,208,239,9618,2006,4996.0,111931.0,1.902737,0.593294,SWE,VNM,871680
3586099,216,239,9618,2006,148031.0,937.0,0.568209,1.685343,THA,VNM,871680
3586100,231,239,9618,2006,6494.0,2089396.0,1.666643,-0.121679,USA,VNM,871680
3586101,246,239,9618,2006,0.0,169913.0,0.37964499999999995,1.466326,ZAF,VNM,871680
3586102,249,239,9618,2006,91288.0,0.0,1.619915,1.2289940000000001,TWN,VNM,871680
3586103,7,247,9618,2006,2032.0,0.0,0.053903999999999994,-0.735124,ARE,ZMB,871680
3586104,41,247,9618,2006,7789.0,0.0,2.052534,0.515523,CHE,ZMB,871680
3586105,43,247,9618,2006,76273.0,0.0,0.737888,2.54966,CHN,ZMB,871680
3586106,71,247,9618,2006,4375.0,0.0,0.9091370000000001,2.068166,ESP,ZMB,871680
3586107,97,247,9618,2006,14117.0,0.0,0.5776319999999999,2.076782,HKG,ZMB,871680
3586108,104,247,9618,2006,23810.0,0.0,0.285652,2.731318,IND,ZMB,871680
3586109,116,247,9618,2006,1257.0,0.0,-0.38287899999999997,1.060286,KEN,ZMB,871680
3586110,124,247,9618,2006,2897.0,0.0,0.3861,1.586183,LBN,ZMB,871680
3586111,246,247,9618,2006,325280.0,1687.0,0.37964499999999995,1.466326,ZAF,ZMB,871680
3586112,248,247,9618,2006,176308.0,0.0,-0.41825500000000004,-0.55313,ZWE,ZMB,871680
3586113,37,248,9618,2006,0.0,27395.0,-1.0541459999999998,-1.179286,BWA,ZWE,871680
3586114,43,248,9618,2006,2190.0,0.0,0.737888,2.54966,CHN,ZWE,871680
3586115,111,248,9618,2006,1557.0,0.0,1.293779,0.93995,ITA,ZWE,871680
3586116,147,248,9618,2006,0.0,2925.0,-1.0250629999999998,-1.067359,MOZ,ZWE,871680
3586117,152,248,9618,2006,0.0,22363.0,-1.145132,-1.0946209999999998,MWI,ZWE,871680
3586118,162,248,9618,2006,2067.0,0.0,1.192134,1.450852,NLD,ZWE,871680
3586119,231,248,9618,2006,2181.0,0.0,1.666643,-0.121679,USA,ZWE,871680
3586120,246,248,9618,2006,195055.0,0.0,0.37964499999999995,1.466326,ZAF,ZWE,871680
3586121,247,248,9618,2006,0.0,176308.0,-0.5307,-0.793621,ZMB,ZWE,871680
3586122,15,26,9618,2006,46363.0,4700.0,1.775669,0.192717,AUT,BIH,871680
3586123,18,26,9618,2006,1949.0,0.0,1.2222540000000002,1.383027,BEL,BIH,871680
3586124,41,26,9618,2006,1119.0,3819.0,2.052534,0.515523,CHE,BIH,871680
3586125,43,26,9618,2006,2955.0,0.0,0.737888,2.54966,CHN,BIH,871680
3586126,59,26,9618,2006,17593.0,0.0,1.564058,0.6023649999999999,CZE,BIH,871680
3586127,61,26,9618,2006,55482.0,0.0,2.132566,-2.773669,DEU,BIH,871680
3586128,64,26,9618,2006,0.0,10780.0,1.2308700000000001,1.180914,DNK,BIH,871680
3586129,77,26,9618,2006,82686.0,0.0,1.47591,0.489466,FRA,BIH,871680
3586130,81,26,9618,2006,2266.0,6175.0,1.824154,0.614424,GBR,BIH,871680
3586131,100,26,9618,2006,528938.0,93328.0,0.755787,0.992614,HRV,BIH,871680
3586132,102,26,9618,2006,103288.0,0.0,1.4034309999999999,0.835144,HUN,BIH,871680
3586133,111,26,9618,2006,64797.0,2203.0,1.293779,0.93995,ITA,BIH,871680
3586134,144,26,9618,2006,0.0,177766.0,0.130773,-0.24674699999999997,MNE,BIH,871680
3586135,162,26,9618,2006,5719.0,6315.0,1.192134,1.450852,NLD,BIH,871680
3586136,163,26,9618,2006,0.0,3494.0,1.0787930000000001,0.014051,NOR,BIH,871680
3586137,177,26,9618,2006,5317.0,0.0,0.991927,1.474418,POL,BIH,871680
3586138,201,26,9618,2006,18127.0,125889.0,0.547824,1.5588879999999998,SRB,BIH,871680
3586139,207,26,9618,2006,716345.0,0.0,1.5882370000000001,0.800719,SVN,BIH,871680
3586140,208,26,9618,2006,1594.0,0.0,1.902737,0.593294,SWE,BIH,871680
3586141,224,26,9618,2006,14252.0,0.0,0.33971599999999996,2.193384,TUR,BIH,871680
3586142,231,26,9618,2006,565.0,0.0,1.666643,-0.121679,USA,BIH,871680
3586143,249,26,9618,2006,870.0,0.0,1.619915,1.2289940000000001,TWN,BIH,871680
3586144,39,29,9618,2006,9357.0,0.0,0.865685,1.1480489999999999,CAN,BLZ,871680
3586145,43,29,9618,2006,2664.0,0.0,0.737888,2.54966,CHN,BLZ,871680
3586146,81,29,9618,2006,1341.0,0.0,1.824154,0.614424,GBR,BLZ,871680
3586147,93,29,9618,2006,4661.0,0.0,-0.28642199999999995,0.5868439999999999,GTM,BLZ,871680
3586148,138,29,9618,2006,58813.0,0.0,1.047268,0.7142270000000001,MEX,BLZ,871680
3586149,169,29,9618,2006,1751.0,0.0,0.306664,0.638533,PAN,BLZ,871680
3586150,231,29,9618,2006,23061.0,0.0,1.666643,-0.121679,USA,BLZ,871680
3586151,33,63,9618,2006,988.0,0.0,0.977267,0.6046560000000001,BRB,DMA,871680
3586152,43,63,9618,2006,8519.0,0.0,0.737888,2.54966,CHN,DMA,871680
3586153,81,63,9618,2006,1153.0,0.0,1.824154,0.614424,GBR,DMA,871680
3586154,169,63,9618,2006,1506.0,0.0,0.306664,0.638533,PAN,DMA,871680
3586155,231,63,9618,2006,37291.0,0.0,1.666643,-0.121679,USA,DMA,871680
3586156,14,75,9618,2006,113815.0,21307.0,0.067166,0.373148,AUS,FJI,871680
3586157,32,75,9618,2006,1673.0,0.0,0.633889,1.1474520000000001,BRA,FJI,871680
3586158,43,75,9618,2006,22939.0,0.0,0.737888,2.54966,CHN,FJI,871680
3586159,81,75,9618,2006,2299.0,0.0,1.824154,0.614424,GBR,FJI,871680
3586160,97,75,9618,2006,3396.0,0.0,0.5776319999999999,2.076782,HKG,FJI,871680
3586161,103,75,9618,2006,33336.0,0.0,-0.21012399999999998,1.467838,IDN,FJI,871680
3586162,114,75,9618,2006,4866.0,0.0,2.4348099999999997,0.082887,JPN,FJI,871680
3586163,119,75,9618,2006,0.0,2159.0,0.218218,-0.669244,KIR,FJI,871680
3586164,162,75,9618,2006,4180.0,0.0,1.192134,1.450852,NLD,FJI,871680
3586165,166,75,9618,2006,90419.0,0.0,0.5371,0.8240209999999999,NZL,FJI,871680
3586166,192,75,9618,2006,31372.0,0.0,1.5377379999999998,0.503089,SGP,FJI,871680
3586167,231,75,9618,2006,3340.0,0.0,1.666643,-0.121679,USA,FJI,871680
3586168,241,75,9618,2006,0.0,2907.0,1.609916,-0.311544,WLF,FJI,871680
3586169,250,75,9618,2006,0.0,1464.0,0.711619,-0.41880200000000006,ANS,FJI,871680
3586170,64,84,9618,2006,1857.0,0.0,1.2308700000000001,1.180914,DNK,GIB,871680
3586171,71,84,9618,2006,10286.0,0.0,0.9091370000000001,2.068166,ESP,GIB,871680
3586172,81,84,9618,2006,27748.0,0.0,1.824154,0.614424,GBR,GIB,871680
3586173,231,84,9618,2006,7875.0,0.0,1.666643,-0.121679,USA,GIB,871680
3586174,6,120,9618,2006,1059.0,0.0,0.251825,-0.629035,ANT,KNA,871680
3586175,43,120,9618,2006,574.0,0.0,0.737888,2.54966,CHN,KNA,871680
3586176,114,120,9618,2006,2247.0,0.0,2.4348099999999997,0.082887,JPN,KNA,871680
3586177,162,120,9618,2006,16963.0,0.0,1.192134,1.450852,NLD,KNA,871680
3586178,231,120,9618,2006,64024.0,0.0,1.666643,-0.121679,USA,KNA,871680
3586179,39,213,9618,2006,3993.0,0.0,0.865685,1.1480489999999999,CAN,TCA,871680
3586180,43,213,9618,2006,12131.0,0.0,0.737888,2.54966,CHN,TCA,871680
3586181,59,213,9618,2006,1894.0,0.0,1.564058,0.6023649999999999,CZE,TCA,871680
3586182,231,213,9618,2006,103336.0,0.0,1.666643,-0.121679,USA,TCA,871680
3586183,39,234,9618,2006,1738.0,0.0,0.865685,1.1480489999999999,CAN,VCT,871680
3586184,43,234,9618,2006,8036.0,0.0,0.737888,2.54966,CHN,VCT,871680
3586185,81,234,9618,2006,1684.0,0.0,1.824154,0.614424,GBR,VCT,871680
3586186,91,234,9618,2006,0.0,890.0,0.19208599999999998,-0.40781,GRD,VCT,871680
3586187,138,234,9618,2006,1175.0,0.0,1.047268,0.7142270000000001,MEX,VCT,871680
3586188,222,234,9618,2006,2513.0,0.0,-0.20651399999999998,-1.024907,TTO,VCT,871680
3586189,231,234,9618,2006,17919.0,1305.0,1.666643,-0.121679,USA,VCT,871680
3586190,249,234,9618,2006,667.0,0.0,1.619915,1.2289940000000001,TWN,VCT,871680
3586191,77,237,9618,2006,16319.0,0.0,1.47591,0.489466,FRA,VGB,871680
3586192,177,237,9618,2006,6085.0,0.0,0.991927,1.474418,POL,VGB,871680
3586193,231,237,9618,2006,17489.0,0.0,1.666643,-0.121679,USA,VGB,871680
3586194,7,17,9618,2006,21934.0,0.0,0.053903999999999994,-0.735124,ARE,BDI,871680
3586195,18,17,9618,2006,13813.0,0.0,1.2222540000000002,1.383027,BEL,BDI,871680
3586196,43,17,9618,2006,14157.0,0.0,0.737888,2.54966,CHN,BDI,871680
3586197,73,17,9618,2006,0.0,216343.0,-0.9557180000000001,-0.9153479999999999,ETH,BDI,871680
3586198,114,17,9618,2006,31154.0,6731.0,2.4348099999999997,0.082887,JPN,BDI,871680
3586199,116,17,9618,2006,10215.0,0.0,-0.38287899999999997,1.060286,KEN,BDI,871680
3586200,168,17,9618,2006,1421.0,1068.0,-0.449333,0.563013,PAK,BDI,871680
3586201,216,17,9618,2006,0.0,3117.0,0.568209,1.685343,THA,BDI,871680
3586202,41,125,9618,2006,1360.0,0.0,2.052534,0.515523,CHE,LBR,871680
3586203,43,125,9618,2006,393530.0,0.0,0.737888,2.54966,CHN,LBR,871680
3586204,44,125,9618,2006,42772.0,0.0,-0.8918530000000001,-0.8145819999999999,CIV,LBR,871680
3586205,61,125,9618,2006,103391.0,0.0,2.132566,-2.773669,DEU,LBR,871680
3586206,186,125,9618,2006,3195.0,0.0,0.801197,0.104683,RUS,LBR,871680
3586207,224,125,9618,2006,9870.0,0.0,0.33971599999999996,2.193384,TUR,LBR,871680
3586208,231,125,9618,2006,113799.0,0.0,1.666643,-0.121679,USA,LBR,871680
3586209,15,135,9618,2006,1102.0,0.0,1.775669,0.192717,AUT,MDA,871680
3586210,18,135,9618,2006,2451.0,0.0,1.2222540000000002,1.383027,BEL,MDA,871680
3586211,23,135,9618,2006,22180.0,0.0,0.414563,1.378005,BGR,MDA,871680
3586212,43,135,9618,2006,583.0,0.0,0.737888,2.54966,CHN,MDA,871680
3586213,59,135,9618,2006,1784.0,0.0,1.564058,0.6023649999999999,CZE,MDA,871680
3586214,61,135,9618,2006,222129.0,0.0,2.132566,-2.773669,DEU,MDA,871680
3586215,71,135,9618,2006,5828.0,0.0,0.9091370000000001,2.068166,ESP,MDA,871680
3586216,77,135,9618,2006,15105.0,0.0,1.47591,0.489466,FRA,MDA,871680
3586217,81,135,9618,2006,3593.0,0.0,1.824154,0.614424,GBR,MDA,871680
3586218,100,135,9618,2006,8758.0,0.0,0.755787,0.992614,HRV,MDA,871680
3586219,111,135,9618,2006,40491.0,0.0,1.293779,0.93995,ITA,MDA,871680
3586220,162,135,9618,2006,11578.0,0.0,1.192134,1.450852,NLD,MDA,871680
3586221,177,135,9618,2006,58559.0,0.0,0.991927,1.474418,POL,MDA,871680
3586222,185,135,9618,2006,17653.0,0.0,0.550825,1.170744,ROU,MDA,871680
3586223,186,135,9618,2006,1719.0,0.0,0.801197,0.104683,RUS,MDA,871680
3586224,206,135,9618,2006,2045.0,0.0,1.291583,0.868317,SVK,MDA,871680
3586225,207,135,9618,2006,31116.0,0.0,1.5882370000000001,0.800719,SVN,MDA,871680
3586226,224,135,9618,2006,46244.0,0.0,0.33971599999999996,2.193384,TUR,MDA,871680
3586227,228,135,9618,2006,21181.0,5743.0,0.7008439999999999,0.79656,UKR,MDA,871680
3586228,249,135,9618,2006,1211.0,0.0,1.619915,1.2289940000000001,TWN,MDA,871680
3586229,15,140,9618,2006,273777.0,0.0,1.775669,0.192717,AUT,MKD,871680
3586230,18,140,9618,2006,2419.0,0.0,1.2222540000000002,1.383027,BEL,MKD,871680
3586231,23,140,9618,2006,4925.0,34917.0,0.414563,1.378005,BGR,MKD,871680
3586232,41,140,9618,2006,2630.0,0.0,2.052534,0.515523,CHE,MKD,871680
3586233,43,140,9618,2006,3959.0,0.0,0.737888,2.54966,CHN,MKD,871680
3586234,61,140,9618,2006,18264.0,4902.0,2.132566,-2.773669,DEU,MKD,871680
3586235,90,140,9618,2006,3662.0,0.0,0.261955,1.488958,GRC,MKD,871680
3586236,100,140,9618,2006,492565.0,0.0,0.755787,0.992614,HRV,MKD,871680
3586237,111,140,9618,2006,18167.0,0.0,1.293779,0.93995,ITA,MKD,871680
3586238,162,140,9618,2006,0.0,11107.0,1.192134,1.450852,NLD,MKD,871680
3586239,201,140,9618,2006,20987.0,1542.0,0.547824,1.5588879999999998,SRB,MKD,871680
3586240,207,140,9618,2006,149800.0,0.0,1.5882370000000001,0.800719,SVN,MKD,871680
3586241,224,140,9618,2006,22296.0,0.0,0.33971599999999996,2.193384,TUR,MKD,871680
3586242,15,144,9618,2006,3301.0,0.0,1.775669,0.192717,AUT,MNE,871680
3586243,18,144,9618,2006,485.0,0.0,1.2222540000000002,1.383027,BEL,MNE,871680
3586244,26,144,9618,2006,177766.0,0.0,0.40788800000000003,0.562854,BIH,MNE,871680
3586245,43,144,9618,2006,4839.0,0.0,0.737888,2.54966,CHN,MNE,871680
3586246,59,144,9618,2006,916.0,0.0,1.564058,0.6023649999999999,CZE,MNE,871680
3586247,61,144,9618,2006,9721.0,0.0,2.132566,-2.773669,DEU,MNE,871680
3586248,64,144,9618,2006,1166.0,0.0,1.2308700000000001,1.180914,DNK,MNE,871680
3586249,100,144,9618,2006,50851.0,0.0,0.755787,0.992614,HRV,MNE,871680
3586250,111,144,9618,2006,1166.0,0.0,1.293779,0.93995,ITA,MNE,871680
3586251,162,144,9618,2006,4889.0,0.0,1.192134,1.450852,NLD,MNE,871680
3586252,201,144,9618,2006,161222.0,983.0,0.547824,1.5588879999999998,SRB,MNE,871680
3586253,207,144,9618,2006,336467.0,0.0,1.5882370000000001,0.800719,SVN,MNE,871680
3586254,208,144,9618,2006,429.0,0.0,1.902737,0.593294,SWE,MNE,871680
3586255,224,144,9618,2006,1608.0,0.0,0.33971599999999996,2.193384,TUR,MNE,871680
3586256,231,144,9618,2006,17660.0,0.0,1.666643,-0.121679,USA,MNE,871680
3586257,43,178,9618,2006,57823.0,0.0,0.737888,2.54966,CHN,PRK,871680
3586258,114,178,9618,2006,6945.0,0.0,2.4348099999999997,0.082887,JPN,PRK,871680
3586259,246,209,9618,2006,297884.0,87.0,0.37964499999999995,1.466326,ZAF,SWZ,871680
3586260,107,219,9618,2006,10276.0,0.0,-0.391023,-0.767861,IRN,TKM,871680
3586261,224,219,9618,2006,57839.0,0.0,0.33971599999999996,2.193384,TUR,TKM,871680
3586262,43,232,9618,2006,19094.0,0.0,0.737888,2.54966,CHN,UZB,871680
3586263,61,232,9618,2006,7054.0,0.0,2.132566,-2.773669,DEU,UZB,871680
3586264,107,232,9618,2006,1892.0,0.0,-0.391023,-0.767861,IRN,UZB,871680
3586265,114,232,9618,2006,4065.0,0.0,2.4348099999999997,0.082887,JPN,UZB,871680
3586266,115,232,9618,2006,0.0,26608.0,0.038229,-0.579421,KAZ,UZB,871680
3586267,121,232,9618,2006,11998.0,0.0,1.5384309999999999,0.766628,KOR,UZB,871680
3586268,177,232,9618,2006,134899.0,0.0,0.991927,1.474418,POL,UZB,871680
3586269,186,232,9618,2006,19324.0,0.0,0.801197,0.104683,RUS,UZB,871680
3586270,224,232,9618,2006,120802.0,0.0,0.33971599999999996,2.193384,TUR,UZB,871680
3586271,231,232,9618,2006,23400.0,0.0,1.666643,-0.121679,USA,UZB,871680
3586272,7,73,9618,2006,6226.0,0.0,0.053903999999999994,-0.735124,ARE,ETH,871680
3586273,15,73,9618,2006,12305.0,0.0,1.775669,0.192717,AUT,ETH,871680
3586274,17,73,9618,2006,216343.0,0.0,-0.033711,-0.48450600000000005,BDI,ETH,871680
3586275,43,73,9618,2006,166544.0,0.0,0.737888,2.54966,CHN,ETH,871680
3586276,61,73,9618,2006,10497.0,0.0,2.132566,-2.773669,DEU,ETH,871680
3586277,81,73,9618,2006,1319.0,0.0,1.824154,0.614424,GBR,ETH,871680
3586278,97,73,9618,2006,5709.0,0.0,0.5776319999999999,2.076782,HKG,ETH,871680
3586279,104,73,9618,2006,3512.0,0.0,0.285652,2.731318,IND,ETH,871680
3586280,110,73,9618,2006,20689.0,0.0,1.3082129999999998,0.783845,ISR,ETH,871680
3586281,111,73,9618,2006,19085.0,0.0,1.293779,0.93995,ITA,ETH,871680
3586282,116,73,9618,2006,19351.0,0.0,-0.38287899999999997,1.060286,KEN,ETH,871680
3586283,147,73,9618,2006,41010.0,0.0,-1.0250629999999998,-1.067359,MOZ,ETH,871680
3586284,162,73,9618,2006,14493.0,0.0,1.192134,1.450852,NLD,ETH,871680
3586285,186,73,9618,2006,1259.0,0.0,0.801197,0.104683,RUS,ETH,871680
3586286,188,73,9618,2006,18964.0,0.0,0.162432,-0.853059,SAU,ETH,871680
3586287,190,73,9618,2006,179951.0,0.0,-1.873762,-1.278378,SDN,ETH,871680
3586288,224,73,9618,2006,71951.0,0.0,0.33971599999999996,2.193384,TUR,ETH,871680
3586289,32,127,9618,2006,2449.0,0.0,0.633889,1.1474520000000001,BRA,LCA,871680
3586290,43,127,9618,2006,4337.0,0.0,0.737888,2.54966,CHN,LCA,871680
3586291,61,127,9618,2006,2174.0,0.0,2.132566,-2.773669,DEU,LCA,871680
3586292,77,127,9618,2006,8469.0,0.0,1.47591,0.489466,FRA,LCA,871680
3586293,81,127,9618,2006,9191.0,0.0,1.824154,0.614424,GBR,LCA,871680
3586294,111,127,9618,2006,1204.0,0.0,1.293779,0.93995,ITA,LCA,871680
3586295,138,127,9618,2006,7959.0,0.0,1.047268,0.7142270000000001,MEX,LCA,871680
3586296,162,127,9618,2006,2611.0,1220.0,1.192134,1.450852,NLD,LCA,871680
3586297,222,127,9618,2006,1247.0,0.0,-0.20651399999999998,-1.024907,TTO,LCA,871680
3586298,231,127,9618,2006,37024.0,0.0,1.666643,-0.121679,USA,LCA,871680
3586299,7,187,9618,2006,93673.0,0.0,0.053903999999999994,-0.735124,ARE,RWA,871680
3586300,18,187,9618,2006,14359.0,0.0,1.2222540000000002,1.383027,BEL,RWA,871680
3586301,43,187,9618,2006,12205.0,0.0,0.737888,2.54966,CHN,RWA,871680
3586302,61,187,9618,2006,4621.0,0.0,2.132566,-2.773669,DEU,RWA,871680
3586303,77,187,9618,2006,12463.0,0.0,1.47591,0.489466,FRA,RWA,871680
3586304,116,187,9618,2006,89332.0,0.0,-0.38287899999999997,1.060286,KEN,RWA,871680
3586305,227,187,9618,2006,2204.0,0.0,-0.702511,-0.43976099999999996,UGA,RWA,871680
3586306,6,0,9618,2006,0.0,12098.0,0.251825,-0.629035,ANT,ABW,871680
3586307,162,0,9618,2006,85431.0,0.0,1.192134,1.450852,NLD,ABW,871680
3586308,169,0,9618,2006,1056.0,0.0,0.306664,0.638533,PAN,ABW,871680
3586309,231,0,9618,2006,62169.0,0.0,1.666643,-0.121679,USA,ABW,871680
3586310,231,3,9618,2006,3926.0,0.0,1.666643,-0.121679,USA,AIA,871680
3586311,15,5,9618,2006,3684.0,0.0,1.775669,0.192717,AUT,AND,871680
3586312,43,5,9618,2006,43.0,0.0,0.737888,2.54966,CHN,AND,871680
3586313,61,5,9618,2006,2472.0,0.0,2.132566,-2.773669,DEU,AND,871680
3586314,71,5,9618,2006,66966.0,0.0,0.9091370000000001,2.068166,ESP,AND,871680
3586315,74,5,9618,2006,1026.0,0.0,1.864038,0.8193940000000001,FIN,AND,871680
3586316,77,5,9618,2006,129646.0,0.0,1.47591,0.489466,FRA,AND,871680
3586317,249,5,9618,2006,119.0,0.0,1.619915,1.2289940000000001,TWN,AND,871680
3586318,231,30,9618,2006,33450.0,0.0,1.666643,-0.121679,USA,BMU,871680
3586319,43,91,9618,2006,1371.0,0.0,0.737888,2.54966,CHN,GRD,871680
3586320,77,91,9618,2006,3740.0,0.0,1.47591,0.489466,FRA,GRD,871680
3586321,81,91,9618,2006,1674.0,0.0,1.824154,0.614424,GBR,GRD,871680
3586322,162,91,9618,2006,1248.0,0.0,1.192134,1.450852,NLD,GRD,871680
3586323,222,91,9618,2006,10319.0,0.0,-0.20651399999999998,-1.024907,TTO,GRD,871680
3586324,231,91,9618,2006,10529.0,0.0,1.666643,-0.121679,USA,GRD,871680
3586325,234,91,9618,2006,890.0,0.0,-0.6097060000000001,-0.8844770000000001,VCT,GRD,871680
3586326,249,91,9618,2006,905.0,0.0,1.619915,1.2289940000000001,TWN,GRD,871680
3586327,43,101,9618,2006,204252.0,0.0,0.737888,2.54966,CHN,HTI,871680
3586328,65,101,9618,2006,6689.0,0.0,-0.24073699999999998,0.049093,DOM,HTI,871680
3586329,77,101,9618,2006,125534.0,0.0,1.47591,0.489466,FRA,HTI,871680
3586330,97,101,9618,2006,2432.0,0.0,0.5776319999999999,2.076782,HKG,HTI,871680
3586331,111,101,9618,2006,12432.0,0.0,1.293779,0.93995,ITA,HTI,871680
3586332,138,101,9618,2006,32365.0,0.0,1.047268,0.7142270000000001,MEX,HTI,871680
3586333,169,101,9618,2006,1233.0,0.0,0.306664,0.638533,PAN,HTI,871680
3586334,231,101,9618,2006,19730.0,0.0,1.666643,-0.121679,USA,HTI,871680
3586335,7,141,9618,2006,15916.0,0.0,0.053903999999999994,-0.735124,ARE,MLI,871680
3586336,21,141,9618,2006,1586.0,0.0,-0.9432020000000001,-0.969247,BFA,MLI,871680
3586337,41,141,9618,2006,5362.0,0.0,2.052534,0.515523,CHE,MLI,871680
3586338,43,141,9618,2006,53720.0,0.0,0.737888,2.54966,CHN,MLI,871680
3586339,44,141,9618,2006,202336.0,0.0,-0.8918530000000001,-0.8145819999999999,CIV,MLI,871680
3586340,77,141,9618,2006,144264.0,0.0,1.47591,0.489466,FRA,MLI,871680
3586341,83,141,9618,2006,3548.0,0.0,-0.9934860000000001,-0.809318,GHA,MLI,871680
3586342,97,141,9618,2006,1835.0,0.0,0.5776319999999999,2.076782,HKG,MLI,871680
3586343,104,141,9618,2006,1973.0,0.0,0.285652,2.731318,IND,MLI,871680
3586344,111,141,9618,2006,7826.0,0.0,1.293779,0.93995,ITA,MLI,871680
3586345,246,141,9618,2006,1194.0,0.0,0.37964499999999995,1.466326,ZAF,MLI,871680
3586346,231,149,9618,2006,4825.0,0.0,1.666643,-0.121679,USA,MSR,871680
3586347,7,152,9618,2006,3967.0,0.0,0.053903999999999994,-0.735124,ARE,MWI,871680
3586348,43,152,9618,2006,62681.0,0.0,0.737888,2.54966,CHN,MWI,871680
3586349,81,152,9618,2006,0.0,35176.0,1.824154,0.614424,GBR,MWI,871680
3586350,147,152,9618,2006,7480.0,22921.0,-1.0250629999999998,-1.067359,MOZ,MWI,871680
3586351,246,152,9618,2006,344319.0,0.0,0.37964499999999995,1.466326,ZAF,MWI,871680
3586352,248,152,9618,2006,22363.0,0.0,-0.41825500000000004,-0.55313,ZWE,MWI,871680
3586353,14,240,9618,2006,98525.0,0.0,0.067166,0.373148,AUS,VUT,871680
3586354,43,240,9618,2006,16403.0,0.0,0.737888,2.54966,CHN,VUT,871680
3586355,77,240,9618,2006,1642.0,0.0,1.47591,0.489466,FRA,VUT,871680
3586356,121,240,9618,2006,7929.0,0.0,1.5384309999999999,0.766628,KOR,VUT,871680
3586357,153,240,9618,2006,11543.0,0.0,0.7896569999999999,0.363625,MYS,VUT,871680
3586358,166,240,9618,2006,13728.0,0.0,0.5371,0.8240209999999999,NZL,VUT,871680
3586359,6,250,9618,2006,0.0,1404.0,0.251825,-0.629035,ANT,ANS,871680
3586360,8,250,9618,2006,0.0,16172.0,0.33055,0.665867,ARG,ANS,871680
3586361,14,250,9618,2006,13473.0,0.0,0.067166,0.373148,AUS,ANS,871680
3586362,22,250,9618,2006,2481536.0,1686374.0,-1.0305309999999999,-0.80937,BGD,ANS,871680
3586363,42,250,9618,2006,0.0,12717.0,-0.188298,-0.46778000000000003,CHL,ANS,871680
3586364,49,250,9618,2006,62037.0,0.0,0.129887,0.44371700000000003,COL,ANS,871680
3586365,50,250,9618,2006,0.0,16962.0,-0.5214300000000001,-0.8452149999999999,COM,ANS,871680
3586366,61,250,9618,2006,534.0,0.0,2.132566,-2.773669,DEU,ANS,871680
3586367,66,250,9618,2006,0.0,3263.0,-0.489962,-1.12456,DZA,ANS,871680
3586368,68,250,9618,2006,0.0,49692.0,-0.182272,0.40222399999999997,EGY,ANS,871680
3586369,72,250,9618,2006,0.0,630565.0,0.6426350000000001,0.925003,EST,ANS,871680
3586370,75,250,9618,2006,1464.0,0.0,-0.6554949999999999,-0.098284,FJI,ANS,871680
3586371,77,250,9618,2006,0.0,4338.0,1.47591,0.489466,FRA,ANS,871680
3586372,106,250,9618,2006,0.0,89189.0,1.43804,0.06463200000000001,IRL,ANS,871680
3586373,113,250,9618,2006,328493.0,0.0,0.166718,0.331248,JOR,ANS,871680
3586374,121,250,9618,2006,0.0,15319.0,1.5384309999999999,0.766628,KOR,ANS,871680
3586375,138,250,9618,2006,7129.0,34296.0,1.047268,0.7142270000000001,MEX,ANS,871680
3586376,153,250,9618,2006,0.0,14576.0,0.7896569999999999,0.363625,MYS,ANS,871680
3586377,156,250,9618,2006,0.0,8568.0,-0.135099,-0.7618779999999999,NCL,ANS,871680
3586378,166,250,9618,2006,0.0,19193.0,0.5371,0.8240209999999999,NZL,ANS,871680
3586379,177,250,9618,2006,1274.0,22016.0,0.991927,1.474418,POL,ANS,871680
3586380,179,250,9618,2006,4938.0,0.0,0.5723630000000001,1.92303,PRT,ANS,871680
3586381,180,250,9618,2006,0.0,1296.0,-0.520435,-0.7839119999999999,PRY,ANS,871680
3586382,188,250,9618,2006,0.0,65708.0,0.162432,-0.853059,SAU,ANS,871680
3586383,192,250,9618,2006,1127.0,0.0,1.5377379999999998,0.503089,SGP,ANS,871680
3586384,201,250,9618,2006,0.0,1245471.0,0.547824,1.5588879999999998,SRB,ANS,871680
3586385,206,250,9618,2006,0.0,205493.0,1.291583,0.868317,SVK,ANS,871680
3586386,207,250,9618,2006,0.0,150723.0,1.5882370000000001,0.800719,SVN,ANS,871680
3586387,222,250,9618,2006,2875.0,0.0,-0.20651399999999998,-1.024907,TTO,ANS,871680
3586388,224,250,9618,2006,373983.0,11132.0,0.33971599999999996,2.193384,TUR,ANS,871680
3586389,230,250,9618,2006,2387.0,0.0,0.234384,0.118878,URY,ANS,871680
3586390,243,250,9618,2006,0.0,4161.0,-1.0407110000000002,-1.13042,YEM,ANS,871680
3586391,249,250,9618,2006,0.0,6037.0,1.619915,1.2289940000000001,TWN,ANS,871680
3586392,14,1,9618,2006,0.0,15229.0,0.067166,0.373148,AUS,AFG,871680
3586393,61,1,9618,2006,13118.0,0.0,2.132566,-2.773669,DEU,AFG,871680
3586394,107,1,9618,2006,43645.0,0.0,-0.391023,-0.767861,IRN,AFG,871680
3586395,163,1,9618,2006,15286.0,0.0,1.0787930000000001,0.014051,NOR,AFG,871680
3586396,177,1,9618,2006,1276.0,0.0,0.991927,1.474418,POL,AFG,871680
3586397,186,1,9618,2006,2367.0,0.0,0.801197,0.104683,RUS,AFG,871680
3586398,224,1,9618,2006,13746.0,0.0,0.33971599999999996,2.193384,TUR,AFG,871680
3586399,231,1,9618,2006,2692.0,0.0,1.666643,-0.121679,USA,AFG,871680
3586400,8,2,9618,2006,4190.0,0.0,0.33055,0.665867,ARG,AGO,871680
3586401,18,2,9618,2006,1445.0,0.0,1.2222540000000002,1.383027,BEL,AGO,871680
3586402,32,2,9618,2006,448018.0,0.0,0.633889,1.1474520000000001,BRA,AGO,871680
3586403,43,2,9618,2006,628085.0,0.0,0.737888,2.54966,CHN,AGO,871680
3586404,44,2,9618,2006,100411.0,0.0,-0.8918530000000001,-0.8145819999999999,CIV,AGO,871680
3586405,59,2,9618,2006,1347.0,0.0,1.564058,0.6023649999999999,CZE,AGO,871680
3586406,77,2,9618,2006,16319.0,0.0,1.47591,0.489466,FRA,AGO,871680
3586407,104,2,9618,2006,23490.0,0.0,0.285652,2.731318,IND,AGO,871680
3586408,111,2,9618,2006,21680.0,0.0,1.293779,0.93995,ITA,AGO,871680
3586409,124,2,9618,2006,1057.0,0.0,0.3861,1.586183,LBN,AGO,871680
3586410,155,2,9618,2006,17836.0,0.0,-0.515361,-0.8027350000000001,NAM,AGO,871680
3586411,179,2,9618,2006,987709.0,0.0,0.5723630000000001,1.92303,PRT,AGO,871680
3586412,186,2,9618,2006,1373.0,0.0,0.801197,0.104683,RUS,AGO,871680
3586413,228,2,9618,2006,1001.0,0.0,0.7008439999999999,0.79656,UKR,AGO,871680
3586414,231,2,9618,2006,149064.0,0.0,1.666643,-0.121679,USA,AGO,871680
3586415,246,2,9618,2006,146092.0,0.0,0.37964499999999995,1.466326,ZAF,AGO,871680
3586416,43,4,9618,2006,2462.0,0.0,0.737888,2.54966,CHN,ALB,871680
3586417,61,4,9618,2006,39171.0,0.0,2.132566,-2.773669,DEU,ALB,871680
3586418,77,4,9618,2006,2992.0,0.0,1.47591,0.489466,FRA,ALB,871680
3586419,90,4,9618,2006,29798.0,0.0,0.261955,1.488958,GRC,ALB,871680
3586420,102,4,9618,2006,4667.0,0.0,1.4034309999999999,0.835144,HUN,ALB,871680
3586421,111,4,9618,2006,27398.0,0.0,1.293779,0.93995,ITA,ALB,871680
3586422,207,4,9618,2006,1079.0,0.0,1.5882370000000001,0.800719,SVN,ALB,871680
3586423,224,4,9618,2006,12287.0,0.0,0.33971599999999996,2.193384,TUR,ALB,871680
3586424,7,9,9618,2006,4773.0,0.0,0.053903999999999994,-0.735124,ARE,ARM,871680
3586425,23,9,9618,2006,892.0,0.0,0.414563,1.378005,BGR,ARM,871680
3586426,28,9,9618,2006,5395.0,0.0,0.919853,0.384409,BLR,ARM,871680
3586427,43,9,9618,2006,4859.0,0.0,0.737888,2.54966,CHN,ARM,871680
3586428,61,9,9618,2006,10307.0,0.0,2.132566,-2.773669,DEU,ARM,871680
3586429,71,9,9618,2006,4001.0,0.0,0.9091370000000001,2.068166,ESP,ARM,871680
3586430,81,9,9618,2006,48169.0,0.0,1.824154,0.614424,GBR,ARM,871680
3586431,107,9,9618,2006,15263.0,0.0,-0.391023,-0.767861,IRN,ARM,871680
3586432,111,9,9618,2006,3461.0,0.0,1.293779,0.93995,ITA,ARM,871680
3586433,186,9,9618,2006,6350.0,0.0,0.801197,0.104683,RUS,ARM,871680
3586434,206,9,9618,2006,917.0,0.0,1.291583,0.868317,SVK,ARM,871680
3586435,207,9,9618,2006,19147.0,0.0,1.5882370000000001,0.800719,SVN,ARM,871680
3586436,208,9,9618,2006,3665.0,0.0,1.902737,0.593294,SWE,ARM,871680
3586437,224,9,9618,2006,8258.0,0.0,0.33971599999999996,2.193384,TUR,ARM,871680
3586438,43,19,9618,2006,1106411.0,0.0,0.737888,2.54966,CHN,BEN,871680
3586439,44,19,9618,2006,33658.0,0.0,-0.8918530000000001,-0.8145819999999999,CIV,BEN,871680
3586440,61,19,9618,2006,963.0,0.0,2.132566,-2.773669,DEU,BEN,871680
3586441,71,19,9618,2006,3520.0,0.0,0.9091370000000001,2.068166,ESP,BEN,871680
3586442,77,19,9618,2006,16153.0,0.0,1.47591,0.489466,FRA,BEN,871680
3586443,157,19,9618,2006,0.0,1610.0,-0.554188,-0.708255,NER,BEN,871680
3586444,231,19,9618,2006,5064.0,0.0,1.666643,-0.121679,USA,BEN,871680
3586445,14,34,9618,2006,7543.0,0.0,0.067166,0.373148,AUS,BRN,871680
3586446,43,34,9618,2006,187482.0,0.0,0.737888,2.54966,CHN,BRN,871680
3586447,61,34,9618,2006,1618.0,0.0,2.132566,-2.773669,DEU,BRN,871680
3586448,81,34,9618,2006,2920.0,0.0,1.824154,0.614424,GBR,BRN,871680
3586449,97,34,9618,2006,865.0,0.0,0.5776319999999999,2.076782,HKG,BRN,871680
3586450,111,34,9618,2006,949.0,0.0,1.293779,0.93995,ITA,BRN,871680
3586451,114,34,9618,2006,15731.0,0.0,2.4348099999999997,0.082887,JPN,BRN,871680
3586452,153,34,9618,2006,11432.0,7705.0,0.7896569999999999,0.363625,MYS,BRN,871680
3586453,192,34,9618,2006,60960.0,0.0,1.5377379999999998,0.503089,SGP,BRN,871680
3586454,216,34,9618,2006,984.0,0.0,0.568209,1.685343,THA,BRN,871680
3586455,231,34,9618,2006,1666.0,0.0,1.666643,-0.121679,USA,BRN,871680
3586456,249,34,9618,2006,6247.0,0.0,1.619915,1.2289940000000001,TWN,BRN,871680
3586457,7,50,9618,2006,19811.0,0.0,0.053903999999999994,-0.735124,ARE,COM,871680
3586458,43,50,9618,2006,2615.0,0.0,0.737888,2.54966,CHN,COM,871680
3586459,61,50,9618,2006,2232.0,0.0,2.132566,-2.773669,DEU,COM,871680
3586460,77,50,9618,2006,43002.0,0.0,1.47591,0.489466,FRA,COM,871680
3586461,250,50,9618,2006,16962.0,0.0,0.711619,-0.41880200000000006,ANS,COM,871680
3586462,43,62,9618,2006,131083.0,0.0,0.737888,2.54966,CHN,DJI,871680
3586463,61,62,9618,2006,27154.0,0.0,2.132566,-2.773669,DEU,DJI,871680
3586464,77,62,9618,2006,36405.0,0.0,1.47591,0.489466,FRA,DJI,871680
3586465,124,62,9618,2006,1621.0,0.0,0.3861,1.586183,LBN,DJI,871680
3586466,162,62,9618,2006,1256.0,0.0,1.192134,1.450852,NLD,DJI,871680
3586467,231,62,9618,2006,15645.0,0.0,1.666643,-0.121679,USA,DJI,871680
3586468,7,85,9618,2006,5753.0,0.0,0.053903999999999994,-0.735124,ARE,GIN,871680
3586469,43,85,9618,2006,53361.0,0.0,0.737888,2.54966,CHN,GIN,871680
3586470,44,85,9618,2006,21428.0,0.0,-0.8918530000000001,-0.8145819999999999,CIV,GIN,871680
3586471,77,85,9618,2006,13340.0,0.0,1.47591,0.489466,FRA,GIN,871680
3586472,134,85,9618,2006,926.0,0.0,-0.547933,0.08257300000000001,MAR,GIN,871680
3586473,179,85,9618,2006,2509.0,0.0,0.5723630000000001,1.92303,PRT,GIN,871680
3586474,191,85,9618,2006,1310.0,0.0,-0.364713,-0.183612,SEN,GIN,871680
3586475,231,85,9618,2006,8983.0,0.0,1.666643,-0.121679,USA,GIN,871680
3586476,246,85,9618,2006,9752.0,0.0,0.37964499999999995,1.466326,ZAF,GIN,871680
3586477,249,85,9618,2006,7281.0,0.0,1.619915,1.2289940000000001,TWN,GIN,871680
3586478,43,87,9618,2006,206839.0,0.0,0.737888,2.54966,CHN,GMB,871680
3586479,64,87,9618,2006,9697.0,0.0,1.2308700000000001,1.180914,DNK,GMB,871680
3586480,77,87,9618,2006,2070.0,0.0,1.47591,0.489466,FRA,GMB,871680
3586481,32,108,9618,2006,1191.0,0.0,0.633889,1.1474520000000001,BRA,IRQ,871680
3586482,39,108,9618,2006,2961.0,0.0,0.865685,1.1480489999999999,CAN,IRQ,871680
3586483,43,108,9618,2006,186530.0,0.0,0.737888,2.54966,CHN,IRQ,871680
3586484,61,108,9618,2006,4010.0,0.0,2.132566,-2.773669,DEU,IRQ,871680
3586485,100,108,9618,2006,1501.0,0.0,0.755787,0.992614,HRV,IRQ,871680
3586486,107,108,9618,2006,1379124.0,0.0,-0.391023,-0.767861,IRN,IRQ,871680
3586487,113,108,9618,2006,21656.0,0.0,0.166718,0.331248,JOR,IRQ,871680
3586488,114,108,9618,2006,10417.0,0.0,2.4348099999999997,0.082887,JPN,IRQ,871680
3586489,122,108,9618,2006,6078.0,0.0,-0.589823,-1.142795,KWT,IRQ,871680
3586490,212,108,9618,2006,63482.0,0.0,-0.588695,0.532487,SYR,IRQ,871680
3586491,224,108,9618,2006,1123682.0,0.0,0.33971599999999996,2.193384,TUR,IRQ,871680
3586492,231,108,9618,2006,45765.0,0.0,1.666643,-0.121679,USA,IRQ,871680
3586493,14,109,9618,2006,0.0,99529.0,0.067166,0.373148,AUS,ISL,871680
3586494,15,109,9618,2006,2887.0,0.0,1.775669,0.192717,AUT,ISL,871680
3586495,18,109,9618,2006,1726.0,0.0,1.2222540000000002,1.383027,BEL,ISL,871680
3586496,39,109,9618,2006,31801.0,0.0,0.865685,1.1480489999999999,CAN,ISL,871680
3586497,43,109,9618,2006,15787.0,0.0,0.737888,2.54966,CHN,ISL,871680
3586498,59,109,9618,2006,4644.0,0.0,1.564058,0.6023649999999999,CZE,ISL,871680
3586499,61,109,9618,2006,221100.0,0.0,2.132566,-2.773669,DEU,ISL,871680
3586500,64,109,9618,2006,411981.0,0.0,1.2308700000000001,1.180914,DNK,ISL,871680
3586501,71,109,9618,2006,6234.0,0.0,0.9091370000000001,2.068166,ESP,ISL,871680
3586502,72,109,9618,2006,1865.0,0.0,0.6426350000000001,0.925003,EST,ISL,871680
3586503,74,109,9618,2006,48319.0,0.0,1.864038,0.8193940000000001,FIN,ISL,871680
3586504,77,109,9618,2006,283114.0,0.0,1.47591,0.489466,FRA,ISL,871680
3586505,81,109,9618,2006,26857.0,0.0,1.824154,0.614424,GBR,ISL,871680
3586506,106,109,9618,2006,6805.0,5874.0,1.43804,0.06463200000000001,IRL,ISL,871680
3586507,111,109,9618,2006,24523.0,0.0,1.293779,0.93995,ITA,ISL,871680
3586508,121,109,9618,2006,2182.0,0.0,1.5384309999999999,0.766628,KOR,ISL,871680
3586509,162,109,9618,2006,12588.0,0.0,1.192134,1.450852,NLD,ISL,871680
3586510,163,109,9618,2006,26648.0,0.0,1.0787930000000001,0.014051,NOR,ISL,871680
3586511,177,109,9618,2006,15975.0,0.0,0.991927,1.474418,POL,ISL,871680
3586512,208,109,9618,2006,60093.0,0.0,1.902737,0.593294,SWE,ISL,871680
3586513,216,109,9618,2006,1375.0,0.0,0.568209,1.685343,THA,ISL,871680
3586514,224,109,9618,2006,7422.0,0.0,0.33971599999999996,2.193384,TUR,ISL,871680
3586515,231,109,9618,2006,1051428.0,0.0,1.666643,-0.121679,USA,ISL,871680
3586516,249,109,9618,2006,980.0,0.0,1.619915,1.2289940000000001,TWN,ISL,871680
3586517,43,126,9618,2006,697703.0,0.0,0.737888,2.54966,CHN,LBY,871680
3586518,61,126,9618,2006,16042.0,0.0,2.132566,-2.773669,DEU,LBY,871680
3586519,77,126,9618,2006,30128.0,0.0,1.47591,0.489466,FRA,LBY,871680
3586520,81,126,9618,2006,95756.0,0.0,1.824154,0.614424,GBR,LBY,871680
3586521,111,126,9618,2006,149016.0,0.0,1.293779,0.93995,ITA,LBY,871680
3586522,162,126,9618,2006,38947.0,0.0,1.192134,1.450852,NLD,LBY,871680
3586523,207,126,9618,2006,3795.0,0.0,1.5882370000000001,0.800719,SVN,LBY,871680
3586524,212,126,9618,2006,2871.0,0.0,-0.588695,0.532487,SYR,LBY,871680
3586525,224,126,9618,2006,47358.0,0.0,0.33971599999999996,2.193384,TUR,LBY,871680
3586526,14,133,9618,2006,154673.0,0.0,0.067166,0.373148,AUS,MAC,871680
3586527,41,133,9618,2006,797.0,0.0,2.052534,0.515523,CHE,MAC,871680
3586528,43,133,9618,2006,203711.0,1437.0,0.737888,2.54966,CHN,MAC,871680
3586529,61,133,9618,2006,662.0,0.0,2.132566,-2.773669,DEU,MAC,871680
3586530,77,133,9618,2006,11282.0,0.0,1.47591,0.489466,FRA,MAC,871680
3586531,81,133,9618,2006,699.0,0.0,1.824154,0.614424,GBR,MAC,871680
3586532,97,133,9618,2006,165941.0,49299.0,0.5776319999999999,2.076782,HKG,MAC,871680
3586533,114,133,9618,2006,1639.0,0.0,2.4348099999999997,0.082887,JPN,MAC,871680
3586534,153,133,9618,2006,1569.0,0.0,0.7896569999999999,0.363625,MYS,MAC,871680
3586535,216,133,9618,2006,1790.0,0.0,0.568209,1.685343,THA,MAC,871680
3586536,231,133,9618,2006,4179.0,0.0,1.666643,-0.121679,USA,MAC,871680
3586537,249,133,9618,2006,34206.0,0.0,1.619915,1.2289940000000001,TWN,MAC,871680
3586538,43,137,9618,2006,110918.0,0.0,0.737888,2.54966,CHN,MDV,871680
3586539,61,137,9618,2006,3420.0,0.0,2.132566,-2.773669,DEU,MDV,871680
3586540,97,137,9618,2006,768.0,0.0,0.5776319999999999,2.076782,HKG,MDV,871680
3586541,104,137,9618,2006,6826.0,0.0,0.285652,2.731318,IND,MDV,871680
3586542,114,137,9618,2006,1155.0,0.0,2.4348099999999997,0.082887,JPN,MDV,871680
3586543,153,137,9618,2006,113385.0,0.0,0.7896569999999999,0.363625,MYS,MDV,871680
3586544,192,137,9618,2006,14301.0,0.0,1.5377379999999998,0.503089,SGP,MDV,871680
3586545,208,137,9618,2006,3325.0,0.0,1.902737,0.593294,SWE,MDV,871680
3586546,216,137,9618,2006,59130.0,0.0,0.568209,1.685343,THA,MDV,871680
3586547,224,137,9618,2006,1771.0,0.0,0.33971599999999996,2.193384,TUR,MDV,871680
3586548,43,145,9618,2006,26043.0,0.0,0.737888,2.54966,CHN,MNG,871680
3586549,61,145,9618,2006,19509.0,0.0,2.132566,-2.773669,DEU,MNG,871680
3586550,64,145,9618,2006,1165.0,0.0,1.2308700000000001,1.180914,DNK,MNG,871680
3586551,111,145,9618,2006,4757.0,0.0,1.293779,0.93995,ITA,MNG,871680
3586552,114,145,9618,2006,2397.0,0.0,2.4348099999999997,0.082887,JPN,MNG,871680
3586553,121,145,9618,2006,3068.0,0.0,1.5384309999999999,0.766628,KOR,MNG,871680
3586554,186,145,9618,2006,2719.0,0.0,0.801197,0.104683,RUS,MNG,871680
3586555,7,154,9618,2006,3439.0,0.0,0.053903999999999994,-0.735124,ARE,MYT,871680
3586556,43,154,9618,2006,1709.0,0.0,0.737888,2.54966,CHN,MYT,871680
3586557,61,154,9618,2006,2832.0,0.0,2.132566,-2.773669,DEU,MYT,871680
3586558,71,154,9618,2006,4510.0,0.0,0.9091370000000001,2.068166,ESP,MYT,871680
3586559,77,154,9618,2006,129063.0,0.0,1.47591,0.489466,FRA,MYT,871680
3586560,151,154,9618,2006,671.0,0.0,-0.311109,-0.07267,MUS,MYT,871680
3586561,153,154,9618,2006,719.0,0.0,0.7896569999999999,0.363625,MYS,MYT,871680
3586562,14,156,9618,2006,32085.0,582.0,0.067166,0.373148,AUS,NCL,871680
3586563,18,156,9618,2006,10731.0,0.0,1.2222540000000002,1.383027,BEL,NCL,871680
3586564,43,156,9618,2006,11375.0,0.0,0.737888,2.54966,CHN,NCL,871680
3586565,61,156,9618,2006,9670.0,0.0,2.132566,-2.773669,DEU,NCL,871680
3586566,71,156,9618,2006,1624.0,0.0,0.9091370000000001,2.068166,ESP,NCL,871680
3586567,77,156,9618,2006,421384.0,0.0,1.47591,0.489466,FRA,NCL,871680
3586568,81,156,9618,2006,860.0,0.0,1.824154,0.614424,GBR,NCL,871680
3586569,111,156,9618,2006,3025.0,0.0,1.293779,0.93995,ITA,NCL,871680
3586570,162,156,9618,2006,4202.0,0.0,1.192134,1.450852,NLD,NCL,871680
3586571,166,156,9618,2006,9270.0,0.0,0.5371,0.8240209999999999,NZL,NCL,871680
3586572,208,156,9618,2006,61797.0,0.0,1.902737,0.593294,SWE,NCL,871680
3586573,231,156,9618,2006,1806.0,0.0,1.666643,-0.121679,USA,NCL,871680
3586574,241,156,9618,2006,0.0,1331.0,1.609916,-0.311544,WLF,NCL,871680
3586575,249,156,9618,2006,1501.0,0.0,1.619915,1.2289940000000001,TWN,NCL,871680
3586576,250,156,9618,2006,8568.0,0.0,0.711619,-0.41880200000000006,ANS,NCL,871680
3586577,7,157,9618,2006,3657.0,0.0,0.053903999999999994,-0.735124,ARE,NER,871680
3586578,14,157,9618,2006,0.0,22112.0,0.067166,0.373148,AUS,NER,871680
3586579,19,157,9618,2006,1610.0,0.0,-0.8434360000000001,-0.798307,BEN,NER,871680
3586580,44,157,9618,2006,234410.0,0.0,-0.8918530000000001,-0.8145819999999999,CIV,NER,871680
3586581,71,157,9618,2006,0.0,518.0,0.9091370000000001,2.068166,ESP,NER,871680
3586582,77,157,9618,2006,5184.0,0.0,1.47591,0.489466,FRA,NER,871680
3586583,14,182,9618,2006,39120.0,0.0,0.067166,0.373148,AUS,PYF,871680
3586584,43,182,9618,2006,22113.0,0.0,0.737888,2.54966,CHN,PYF,871680
3586585,77,182,9618,2006,376614.0,0.0,1.47591,0.489466,FRA,PYF,871680
3586586,97,182,9618,2006,27462.0,0.0,0.5776319999999999,2.076782,HKG,PYF,871680
3586587,111,182,9618,2006,9491.0,0.0,1.293779,0.93995,ITA,PYF,871680
3586588,121,182,9618,2006,1121.0,0.0,1.5384309999999999,0.766628,KOR,PYF,871680
3586589,131,182,9618,2006,2539.0,0.0,1.4345620000000001,0.8840819999999999,LUX,PYF,871680
3586590,162,182,9618,2006,2531.0,0.0,1.192134,1.450852,NLD,PYF,871680
3586591,166,182,9618,2006,3926.0,0.0,0.5371,0.8240209999999999,NZL,PYF,871680
3586592,192,182,9618,2006,118721.0,0.0,1.5377379999999998,0.503089,SGP,PYF,871680
3586593,231,182,9618,2006,88292.0,0.0,1.666643,-0.121679,USA,PYF,871680
3586594,7,190,9618,2006,51726.0,0.0,0.053903999999999994,-0.735124,ARE,SDN,871680
3586595,15,190,9618,2006,3140.0,0.0,1.775669,0.192717,AUT,SDN,871680
3586596,43,190,9618,2006,640801.0,0.0,0.737888,2.54966,CHN,SDN,871680
3586597,61,190,9618,2006,1367.0,0.0,2.132566,-2.773669,DEU,SDN,871680
3586598,68,190,9618,2006,25713.0,0.0,-0.182272,0.40222399999999997,EGY,SDN,871680
3586599,73,190,9618,2006,0.0,179951.0,-0.9557180000000001,-0.9153479999999999,ETH,SDN,871680
3586600,77,190,9618,2006,987.0,0.0,1.47591,0.489466,FRA,SDN,871680
3586601,81,190,9618,2006,119981.0,0.0,1.824154,0.614424,GBR,SDN,871680
3586602,104,190,9618,2006,1573.0,0.0,0.285652,2.731318,IND,SDN,871680
3586603,114,190,9618,2006,2231.0,0.0,2.4348099999999997,0.082887,JPN,SDN,871680
3586604,116,190,9618,2006,52869.0,0.0,-0.38287899999999997,1.060286,KEN,SDN,871680
3586605,122,190,9618,2006,14675.0,0.0,-0.589823,-1.142795,KWT,SDN,871680
3586606,153,190,9618,2006,777.0,0.0,0.7896569999999999,0.363625,MYS,SDN,871680
3586607,162,190,9618,2006,46285.0,0.0,1.192134,1.450852,NLD,SDN,871680
3586608,163,190,9618,2006,32199.0,0.0,1.0787930000000001,0.014051,NOR,SDN,871680
3586609,186,190,9618,2006,142061.0,0.0,0.801197,0.104683,RUS,SDN,871680
3586610,188,190,9618,2006,170222.0,0.0,0.162432,-0.853059,SAU,SDN,871680
3586611,207,190,9618,2006,15940.0,0.0,1.5882370000000001,0.800719,SVN,SDN,871680
3586612,208,190,9618,2006,6112.0,0.0,1.902737,0.593294,SWE,SDN,871680
3586613,212,190,9618,2006,4746.0,0.0,-0.588695,0.532487,SYR,SDN,871680
3586614,224,190,9618,2006,11006.0,0.0,0.33971599999999996,2.193384,TUR,SDN,871680
3586615,246,190,9618,2006,12667.0,0.0,0.37964499999999995,1.466326,ZAF,SDN,871680
3586616,43,199,9618,2006,66559.0,0.0,0.737888,2.54966,CHN,SOM,871680
3586617,116,199,9618,2006,20541.0,0.0,-0.38287899999999997,1.060286,KEN,SOM,871680
3586618,188,199,9618,2006,9617.0,0.0,0.162432,-0.853059,SAU,SOM,871680
3586619,14,211,9618,2006,859.0,0.0,0.067166,0.373148,AUS,SYC,871680
3586620,41,211,9618,2006,810.0,0.0,2.052534,0.515523,CHE,SYC,871680
3586621,59,211,9618,2006,10462.0,0.0,1.564058,0.6023649999999999,CZE,SYC,871680
3586622,61,211,9618,2006,11348.0,0.0,2.132566,-2.773669,DEU,SYC,871680
3586623,81,211,9618,2006,1025.0,0.0,1.824154,0.614424,GBR,SYC,871680
3586624,151,211,9618,2006,797.0,0.0,-0.311109,-0.07267,MUS,SYC,871680
3586625,192,211,9618,2006,6881.0,0.0,1.5377379999999998,0.503089,SGP,SYC,871680
3586626,246,211,9618,2006,35940.0,0.0,0.37964499999999995,1.466326,ZAF,SYC,871680
3586627,41,214,9618,2006,2845.0,0.0,2.052534,0.515523,CHE,TCD,871680
3586628,45,214,9618,2006,5763.0,0.0,-1.358873,-1.1511360000000002,CMR,TCD,871680
3586629,111,214,9618,2006,17010.0,0.0,1.293779,0.93995,ITA,TCD,871680
3586630,179,214,9618,2006,5980.0,0.0,0.5723630000000001,1.92303,PRT,TCD,871680
3586631,44,21,9618,2006,77434.0,0.0,-0.8918530000000001,-0.8145819999999999,CIV,BFA,871680
3586632,77,21,9618,2006,36405.0,0.0,1.47591,0.489466,FRA,BFA,871680
3586633,141,21,9618,2006,0.0,1586.0,-0.503462,-0.778836,MLI,BFA,871680
3586634,224,21,9618,2006,2809.0,0.0,0.33971599999999996,2.193384,TUR,BFA,871680
3586635,18,46,9618,2006,16127.0,0.0,1.2222540000000002,1.383027,BEL,COD,871680
3586636,32,46,9618,2006,23026.0,0.0,0.633889,1.1474520000000001,BRA,COD,871680
3586637,43,46,9618,2006,13918.0,0.0,0.737888,2.54966,CHN,COD,871680
3586638,44,46,9618,2006,8676.0,0.0,-0.8918530000000001,-0.8145819999999999,CIV,COD,871680
3586639,45,46,9618,2006,2531.0,0.0,-1.358873,-1.1511360000000002,CMR,COD,871680
3586640,61,46,9618,2006,1009.0,0.0,2.132566,-2.773669,DEU,COD,871680
3586641,77,46,9618,2006,2511.0,0.0,1.47591,0.489466,FRA,COD,871680
3586642,111,46,9618,2006,49438.0,0.0,1.293779,0.93995,ITA,COD,871680
3586643,116,46,9618,2006,67792.0,0.0,-0.38287899999999997,1.060286,KEN,COD,871680
3586644,246,46,9618,2006,65374.0,0.0,0.37964499999999995,1.466326,ZAF,COD,871680
3586645,43,47,9618,2006,274159.0,0.0,0.737888,2.54966,CHN,COG,871680
3586646,44,47,9618,2006,18514.0,0.0,-0.8918530000000001,-0.8145819999999999,CIV,COG,871680
3586647,45,47,9618,2006,5917.0,0.0,-1.358873,-1.1511360000000002,CMR,COG,871680
3586648,61,47,9618,2006,1013.0,0.0,2.132566,-2.773669,DEU,COG,871680
3586649,77,47,9618,2006,426816.0,0.0,1.47591,0.489466,FRA,COG,871680
3586650,111,47,9618,2006,70932.0,0.0,1.293779,0.93995,ITA,COG,871680
3586651,186,47,9618,2006,192219.0,0.0,0.801197,0.104683,RUS,COG,871680
3586652,231,47,9618,2006,63000.0,0.0,1.666643,-0.121679,USA,COG,871680
3586653,32,51,9618,2006,15765.0,0.0,0.633889,1.1474520000000001,BRA,CPV,871680
3586654,61,51,9618,2006,1181.0,0.0,2.132566,-2.773669,DEU,CPV,871680
3586655,71,51,9618,2006,65529.0,0.0,0.9091370000000001,2.068166,ESP,CPV,871680
3586656,111,51,9618,2006,21298.0,0.0,1.293779,0.93995,ITA,CPV,871680
3586657,162,51,9618,2006,2133.0,0.0,1.192134,1.450852,NLD,CPV,871680
3586658,179,51,9618,2006,180411.0,0.0,0.5723630000000001,1.92303,PRT,CPV,871680
3586659,231,51,9618,2006,7839.0,0.0,1.666643,-0.121679,USA,CPV,871680
3586660,18,78,9618,2006,2661.0,0.0,1.2222540000000002,1.383027,BEL,FRO,871680
3586661,61,78,9618,2006,6405.0,0.0,2.132566,-2.773669,DEU,FRO,871680
3586662,64,78,9618,2006,272704.0,0.0,1.2308700000000001,1.180914,DNK,FRO,871680
3586663,163,78,9618,2006,32894.0,0.0,1.0787930000000001,0.014051,NOR,FRO,871680
3586664,208,78,9618,2006,13194.0,0.0,1.902737,0.593294,SWE,FRO,871680
3586665,44,88,9618,2006,4405.0,0.0,-0.8918530000000001,-0.8145819999999999,CIV,GNB,871680
3586666,111,88,9618,2006,1132.0,0.0,1.293779,0.93995,ITA,GNB,871680
3586667,162,88,9618,2006,56535.0,0.0,1.192134,1.450852,NLD,GNB,871680
3586668,179,88,9618,2006,14292.0,0.0,0.5723630000000001,1.92303,PRT,GNB,871680
3586669,43,89,9618,2006,44708.0,0.0,0.737888,2.54966,CHN,GNQ,871680
3586670,44,89,9618,2006,18307.0,0.0,-0.8918530000000001,-0.8145819999999999,CIV,GNQ,871680
3586671,71,89,9618,2006,4487.0,0.0,0.9091370000000001,2.068166,ESP,GNQ,871680
3586672,77,89,9618,2006,8787.0,0.0,1.47591,0.489466,FRA,GNQ,871680
3586673,134,89,9618,2006,3454.0,0.0,-0.547933,0.08257300000000001,MAR,GNQ,871680
3586674,231,89,9618,2006,4009.0,0.0,1.666643,-0.121679,USA,GNQ,871680
3586675,39,92,9618,2006,8546.0,0.0,0.865685,1.1480489999999999,CAN,GRL,871680
3586676,61,92,9618,2006,11500.0,0.0,2.132566,-2.773669,DEU,GRL,871680
3586677,64,92,9618,2006,491040.0,0.0,1.2308700000000001,1.180914,DNK,GRL,871680
3586678,81,92,9618,2006,6906.0,0.0,1.824154,0.614424,GBR,GRL,871680
3586679,43,143,9618,2006,178979.0,0.0,0.737888,2.54966,CHN,MMR,871680
3586680,81,143,9618,2006,1332.0,0.0,1.824154,0.614424,GBR,MMR,871680
3586681,153,143,9618,2006,30352.0,0.0,0.7896569999999999,0.363625,MYS,MMR,871680
3586682,183,143,9618,2006,0.0,5101.0,0.055777999999999994,-1.0379049999999999,QAT,MMR,871680
3586683,43,181,9618,2006,3244.0,0.0,0.737888,2.54966,CHN,PSE,871680
3586684,43,196,9618,2006,36200.0,0.0,0.737888,2.54966,CHN,SLE,871680
3586685,44,196,9618,2006,2224.0,0.0,-0.8918530000000001,-0.8145819999999999,CIV,SLE,871680
3586686,231,196,9618,2006,43195.0,0.0,1.666643,-0.121679,USA,SLE,871680
3586687,43,215,9618,2006,48588.0,0.0,0.737888,2.54966,CHN,TGO,871680
3586688,44,215,9618,2006,22698.0,0.0,-0.8918530000000001,-0.8145819999999999,CIV,TGO,871680
3586689,77,215,9618,2006,32639.0,0.0,1.47591,0.489466,FRA,TGO,871680
3586690,81,215,9618,2006,0.0,46277.0,1.824154,0.614424,GBR,TGO,871680
3586691,111,215,9618,2006,14765.0,0.0,1.293779,0.93995,ITA,TGO,871680
3586692,162,215,9618,2006,1256.0,0.0,1.192134,1.450852,NLD,TGO,871680
3586693,224,215,9618,2006,6059.0,0.0,0.33971599999999996,2.193384,TUR,TGO,871680
3586694,15,217,9618,2006,1092.0,0.0,1.775669,0.192717,AUT,TJK,871680
3586695,43,217,9618,2006,4683.0,0.0,0.737888,2.54966,CHN,TJK,871680
3586696,107,217,9618,2006,29722.0,0.0,-0.391023,-0.767861,IRN,TJK,871680
3586697,186,217,9618,2006,113283.0,0.0,0.801197,0.104683,RUS,TJK,871680
3586698,224,217,9618,2006,9241.0,0.0,0.33971599999999996,2.193384,TUR,TJK,871680
3586699,166,221,9618,2006,30980.0,0.0,0.5371,0.8240209999999999,NZL,TON,871680
3586700,14,242,9618,2006,7045.0,0.0,0.067166,0.373148,AUS,WSM,871680
3586701,43,242,9618,2006,7356.0,0.0,0.737888,2.54966,CHN,WSM,871680
3586702,61,242,9618,2006,1623.0,0.0,2.132566,-2.773669,DEU,WSM,871680
3586703,97,242,9618,2006,163.0,0.0,0.5776319999999999,2.076782,HKG,WSM,871680
3586704,114,242,9618,2006,1068.0,0.0,2.4348099999999997,0.082887,JPN,WSM,871680
3586705,166,242,9618,2006,60784.0,0.0,0.5371,0.8240209999999999,NZL,WSM,871680
3586706,231,242,9618,2006,1087.0,0.0,1.666643,-0.121679,USA,WSM,871680
3586707,166,10,9618,2006,23884.0,0.0,0.5371,0.8240209999999999,NZL,ASM,871680
3586708,61,11,9618,2006,10035.0,0.0,2.132566,-2.773669,DEU,ATA,871680
3586709,14,40,9618,2006,36367.0,0.0,0.067166,0.373148,AUS,CCK,871680
3586710,43,48,9618,2006,38716.0,0.0,0.737888,2.54966,CHN,COK,871680
3586711,61,48,9618,2006,2018.0,0.0,2.132566,-2.773669,DEU,COK,871680
3586712,166,48,9618,2006,24457.0,0.0,0.5371,0.8240209999999999,NZL,COK,871680
3586713,43,57,9618,2006,4661.0,0.0,0.737888,2.54966,CHN,CYM,871680
3586714,81,57,9618,2006,57890.0,0.0,1.824154,0.614424,GBR,CYM,871680
3586715,112,57,9618,2006,2218.0,0.0,-0.5122720000000001,-0.9109809999999999,JAM,CYM,871680
3586716,231,57,9618,2006,149710.0,0.0,1.666643,-0.121679,USA,CYM,871680
3586717,77,69,9618,2006,1255.0,0.0,1.47591,0.489466,FRA,ERI,871680
3586718,111,69,9618,2006,8987.0,0.0,1.293779,0.93995,ITA,ERI,871680
3586719,43,79,9618,2006,4329.0,0.0,0.737888,2.54966,CHN,FSM,871680
3586720,114,79,9618,2006,9945.0,0.0,2.4348099999999997,0.082887,JPN,FSM,871680
3586721,231,79,9618,2006,2482.0,0.0,1.666643,-0.121679,USA,FSM,871680
3586722,249,79,9618,2006,1663.0,0.0,1.619915,1.2289940000000001,TWN,FSM,871680
3586723,14,95,9618,2006,7118.0,0.0,0.067166,0.373148,AUS,GUM,871680
3586724,121,95,9618,2006,7346.0,0.0,1.5384309999999999,0.766628,KOR,GUM,871680
3586725,174,95,9618,2006,3214.0,0.0,0.161994,0.036631,PHL,GUM,871680
3586726,192,95,9618,2006,5708.0,0.0,1.5377379999999998,0.503089,SGP,GUM,871680
3586727,249,95,9618,2006,3343.0,0.0,1.619915,1.2289940000000001,TWN,GUM,871680
3586728,14,119,9618,2006,3605.0,0.0,0.067166,0.373148,AUS,KIR,871680
3586729,75,119,9618,2006,2159.0,0.0,-0.6554949999999999,-0.098284,FJI,KIR,871680
3586730,153,119,9618,2006,3605.0,0.0,0.7896569999999999,0.363625,MYS,KIR,871680
3586731,43,123,9618,2006,32761.0,0.0,0.737888,2.54966,CHN,LAO,871680
3586732,162,123,9618,2006,5025.0,0.0,1.192134,1.450852,NLD,LAO,871680
3586733,216,123,9618,2006,30992.0,0.0,0.568209,1.685343,THA,LAO,871680
3586734,239,123,9618,2006,17483.0,0.0,-0.342779,1.033318,VNM,LAO,871680
3586735,231,139,9618,2006,21525.0,0.0,1.666643,-0.121679,USA,MHL,871680
3586736,249,139,9618,2006,3055.0,0.0,1.619915,1.2289940000000001,TWN,MHL,871680
3586737,61,146,9618,2006,2006.0,0.0,2.132566,-2.773669,DEU,MNP,871680
3586738,97,146,9618,2006,5422.0,0.0,0.5776319999999999,2.076782,HKG,MNP,871680
3586739,192,146,9618,2006,2859.0,0.0,1.5377379999999998,0.503089,SGP,MNP,871680
3586740,249,146,9618,2006,4435.0,0.0,1.619915,1.2289940000000001,TWN,MNP,871680
3586741,61,161,9618,2006,25225.0,0.0,2.132566,-2.773669,DEU,NIU,871680
3586742,43,164,9618,2006,8345.0,0.0,0.737888,2.54966,CHN,NPL,871680
3586743,104,164,9618,2006,29771.0,0.0,0.285652,2.731318,IND,NPL,871680
3586744,14,165,9618,2006,8424.0,4302.0,0.067166,0.373148,AUS,NRU,871680
3586745,249,175,9618,2006,5301.0,0.0,1.619915,1.2289940000000001,TWN,PLW,871680
3586746,14,176,9618,2006,917705.0,2268.0,0.067166,0.373148,AUS,PNG,871680
3586747,43,176,9618,2006,123033.0,0.0,0.737888,2.54966,CHN,PNG,871680
3586748,97,176,9618,2006,6269.0,0.0,0.5776319999999999,2.076782,HKG,PNG,871680
3586749,153,176,9618,2006,159374.0,0.0,0.7896569999999999,0.363625,MYS,PNG,871680
3586750,166,176,9618,2006,1915.0,0.0,0.5371,0.8240209999999999,NZL,PNG,871680
3586751,43,195,9618,2006,4475.0,0.0,0.737888,2.54966,CHN,SLB,871680
3586752,61,195,9618,2006,1009.0,0.0,2.132566,-2.773669,DEU,SLB,871680
3586753,114,195,9618,2006,7048.0,0.0,2.4348099999999997,0.082887,JPN,SLB,871680
3586754,153,195,9618,2006,9347.0,0.0,0.7896569999999999,0.363625,MYS,SLB,871680
3586755,61,225,9618,2006,7004.0,0.0,2.132566,-2.773669,DEU,TUV,871680
3586756,75,241,9618,2006,2907.0,0.0,-0.6554949999999999,-0.098284,FJI,WLF,871680
3586757,77,241,9618,2006,3660.0,0.0,1.47591,0.489466,FRA,WLF,871680
3586758,156,241,9618,2006,1331.0,0.0,-0.135099,-0.7618779999999999,NCL,WLF,871680
3586759,45,38,9618,2006,19269.0,0.0,-1.358873,-1.1511360000000002,CMR,CAF,871680
3586760,61,38,9618,2006,449.0,0.0,2.132566,-2.773669,DEU,CAF,871680
3586761,81,218,9618,2006,2594.0,0.0,1.824154,0.614424,GBR,TKL,871680
3586762,43,129,9618,2006,42569.0,0.0,0.737888,2.54966,CHN,LSO,871680
3586763,249,129,9618,2006,5060.0,0.0,1.619915,1.2289940000000001,TWN,LSO,871680
3586764,0,6,9631,2006,6182.0,0.0,0.15112799999999998,-0.752631,ABW,ANT,880390
3586765,67,6,9631,2006,0.0,186926.0,-0.878583,-0.9462010000000001,ECU,ANT,880390
3586766,77,6,9631,2006,67655.0,18512.0,1.47591,0.489466,FRA,ANT,880390
3586767,81,6,9631,2006,2580.0,0.0,1.824154,0.614424,GBR,ANT,880390
3586768,111,6,9631,2006,104881.0,105541.0,1.293779,0.93995,ITA,ANT,880390
3586769,162,6,9631,2006,2676700.0,1264247.0,1.192134,1.450852,NLD,ANT,880390
3586770,173,6,9631,2006,15772.0,0.0,-0.551095,0.044295,PER,ANT,880390
3586771,231,6,9631,2006,72755.0,2948408.0,1.666643,-0.121679,USA,ANT,880390
3586772,236,6,9631,2006,18140.0,37862.0,-0.340972,-1.015462,VEN,ANT,880390
3586773,250,6,9631,2006,16038.0,189790.0,0.711619,-0.41880200000000006,ANS,ANT,880390
3586774,32,8,9631,2006,82890.0,0.0,0.633889,1.1474520000000001,BRA,ARG,880390
3586775,42,8,9631,2006,28974.0,0.0,-0.188298,-0.46778000000000003,CHL,ARG,880390
3586776,59,8,9631,2006,6070.0,0.0,1.564058,0.6023649999999999,CZE,ARG,880390
3586777,77,8,9631,2006,30172.0,0.0,1.47591,0.489466,FRA,ARG,880390
3586778,110,8,9631,2006,72959.0,0.0,1.3082129999999998,0.783845,ISR,ARG,880390
3586779,111,8,9631,2006,201140.0,9313.0,1.293779,0.93995,ITA,ARG,880390
3586780,208,8,9631,2006,2954.0,0.0,1.902737,0.593294,SWE,ARG,880390
3586781,231,8,9631,2006,599382.0,1097.0,1.666643,-0.121679,USA,ARG,880390
3586782,33,13,9631,2006,1994.0,0.0,0.977267,0.6046560000000001,BRB,ATG,880390
3586783,231,13,9631,2006,69457.0,0.0,1.666643,-0.121679,USA,ATG,880390
3586784,7,15,9631,2006,1016.0,11946.0,0.053903999999999994,-0.735124,ARE,AUT,880390
3586785,18,15,9631,2006,281981.0,3463.0,1.2222540000000002,1.383027,BEL,AUT,880390
3586786,23,15,9631,2006,9589.0,0.0,0.414563,1.378005,BGR,AUT,880390
3586787,24,15,9631,2006,75579.0,31092.0,0.172724,-0.9449879999999999,BHR,AUT,880390
3586788,26,15,9631,2006,0.0,7444.0,0.40788800000000003,0.562854,BIH,AUT,880390
3586789,39,15,9631,2006,3316.0,300901.0,0.865685,1.1480489999999999,CAN,AUT,880390
3586790,41,15,9631,2006,554204.0,324861.0,2.052534,0.515523,CHE,AUT,880390
3586791,43,15,9631,2006,24046.0,20342.0,0.737888,2.54966,CHN,AUT,880390
3586792,59,15,9631,2006,1717.0,0.0,1.564058,0.6023649999999999,CZE,AUT,880390
3586793,61,15,9631,2006,3391780.0,4273678.0,2.132566,-2.773669,DEU,AUT,880390
3586794,64,15,9631,2006,12103.0,0.0,1.2308700000000001,1.180914,DNK,AUT,880390
3586795,71,15,9631,2006,25153.0,8293.0,0.9091370000000001,2.068166,ESP,AUT,880390
3586796,77,15,9631,2006,631158.0,1512920.0,1.47591,0.489466,FRA,AUT,880390
3586797,81,15,9631,2006,876176.0,2860482.0,1.824154,0.614424,GBR,AUT,880390
3586798,97,15,9631,2006,0.0,8307.0,0.5776319999999999,2.076782,HKG,AUT,880390
3586799,102,15,9631,2006,97478.0,47853.0,1.4034309999999999,0.835144,HUN,AUT,880390
3586800,104,15,9631,2006,0.0,5623.0,0.285652,2.731318,IND,AUT,880390
3586801,106,15,9631,2006,3472.0,0.0,1.43804,0.06463200000000001,IRL,AUT,880390
3586802,110,15,9631,2006,128578.0,0.0,1.3082129999999998,0.783845,ISR,AUT,880390
3586803,111,15,9631,2006,25351.0,384288.0,1.293779,0.93995,ITA,AUT,880390
3586804,113,15,9631,2006,0.0,1154.0,0.166718,0.331248,JOR,AUT,880390
3586805,153,15,9631,2006,65287.0,64161.0,0.7896569999999999,0.363625,MYS,AUT,880390
3586806,162,15,9631,2006,104623.0,31044.0,1.192134,1.450852,NLD,AUT,880390
3586807,163,15,9631,2006,21271.0,0.0,1.0787930000000001,0.014051,NOR,AUT,880390
3586808,168,15,9631,2006,0.0,1654.0,-0.449333,0.563013,PAK,AUT,880390
3586809,174,15,9631,2006,594043.0,0.0,0.161994,0.036631,PHL,AUT,880390
3586810,177,15,9631,2006,418288.0,0.0,0.991927,1.474418,POL,AUT,880390
3586811,186,15,9631,2006,176938.0,0.0,0.801197,0.104683,RUS,AUT,880390
3586812,190,15,9631,2006,0.0,107098.0,-1.873762,-1.278378,SDN,AUT,880390
3586813,206,15,9631,2006,881788.0,38570.0,1.291583,0.868317,SVK,AUT,880390
3586814,207,15,9631,2006,0.0,2558.0,1.5882370000000001,0.800719,SVN,AUT,880390
3586815,208,15,9631,2006,224237.0,1167759.0,1.902737,0.593294,SWE,AUT,880390
3586816,231,15,9631,2006,2518281.0,2232878.0,1.666643,-0.121679,USA,AUT,880390
3586817,246,15,9631,2006,12903.0,0.0,0.37964499999999995,1.466326,ZAF,AUT,880390
3586818,249,15,9631,2006,1180.0,23590.0,1.619915,1.2289940000000001,TWN,AUT,880390
3586819,1,18,9631,2006,0.0,7408.0,-0.626011,-0.6799689999999999,AFG,BEL,880390
3586820,4,18,9631,2006,0.0,878.0,-0.340932,-0.06302200000000001,ALB,BEL,880390
3586821,7,18,9631,2006,16429.0,2293232.0,0.053903999999999994,-0.735124,ARE,BEL,880390
3586822,14,18,9631,2006,8237.0,76986.0,0.067166,0.373148,AUS,BEL,880390
3586823,15,18,9631,2006,3463.0,281981.0,1.775669,0.192717,AUT,BEL,880390
3586824,23,18,9631,2006,1096.0,10441.0,0.414563,1.378005,BGR,BEL,880390
3586825,24,18,9631,2006,4556.0,79243.0,0.172724,-0.9449879999999999,BHR,BEL,880390
3586826,32,18,9631,2006,643084.0,129259.0,0.633889,1.1474520000000001,BRA,BEL,880390
3586827,34,18,9631,2006,0.0,5396.0,-1.331831,-0.9170940000000001,BRN,BEL,880390
3586828,39,18,9631,2006,403551.0,3925588.0,0.865685,1.1480489999999999,CAN,BEL,880390
3586829,41,18,9631,2006,104101.0,1801048.0,2.052534,0.515523,CHE,BEL,880390
3586830,42,18,9631,2006,0.0,2704.0,-0.188298,-0.46778000000000003,CHL,BEL,880390
3586831,43,18,9631,2006,89445.0,2025841.0,0.737888,2.54966,CHN,BEL,880390
3586832,45,18,9631,2006,0.0,3141.0,-1.358873,-1.1511360000000002,CMR,BEL,880390
3586833,46,18,9631,2006,0.0,240141.0,-1.542137,-1.086494,COD,BEL,880390
3586834,59,18,9631,2006,0.0,3342.0,1.564058,0.6023649999999999,CZE,BEL,880390
3586835,61,18,9631,2006,410901.0,17197610.0,2.132566,-2.773669,DEU,BEL,880390
3586836,64,18,9631,2006,0.0,67640.0,1.2308700000000001,1.180914,DNK,BEL,880390
3586837,68,18,9631,2006,6544.0,0.0,-0.182272,0.40222399999999997,EGY,BEL,880390
3586838,71,18,9631,2006,157206.0,1470699.0,0.9091370000000001,2.068166,ESP,BEL,880390
3586839,72,18,9631,2006,0.0,1930.0,0.6426350000000001,0.925003,EST,BEL,880390
3586840,73,18,9631,2006,0.0,24685.0,-0.9557180000000001,-0.9153479999999999,ETH,BEL,880390
3586841,74,18,9631,2006,1162.0,377398.0,1.864038,0.8193940000000001,FIN,BEL,880390
3586842,77,18,9631,2006,6488476.0,40104420.0,1.47591,0.489466,FRA,BEL,880390
3586843,81,18,9631,2006,2585626.0,9307857.0,1.824154,0.614424,GBR,BEL,880390
3586844,83,18,9631,2006,0.0,91782.0,-0.9934860000000001,-0.809318,GHA,BEL,880390
3586845,85,18,9631,2006,21924.0,0.0,-1.8376720000000002,-1.229774,GIN,BEL,880390
3586846,90,18,9631,2006,0.0,61996.0,0.261955,1.488958,GRC,BEL,880390
3586847,97,18,9631,2006,0.0,17405.0,0.5776319999999999,2.076782,HKG,BEL,880390
3586848,100,18,9631,2006,0.0,1160.0,0.755787,0.992614,HRV,BEL,880390
3586849,102,18,9631,2006,0.0,37456.0,1.4034309999999999,0.835144,HUN,BEL,880390
3586850,103,18,9631,2006,0.0,4153.0,-0.21012399999999998,1.467838,IDN,BEL,880390
3586851,104,18,9631,2006,5343.0,5537695.0,0.285652,2.731318,IND,BEL,880390
3586852,106,18,9631,2006,49719.0,799850.0,1.43804,0.06463200000000001,IRL,BEL,880390
3586853,107,18,9631,2006,1591.0,159186.0,-0.391023,-0.767861,IRN,BEL,880390
3586854,109,18,9631,2006,0.0,5566.0,0.170234,-0.302203,ISL,BEL,880390
3586855,110,18,9631,2006,373265.0,476884.0,1.3082129999999998,0.783845,ISR,BEL,880390
3586856,111,18,9631,2006,723718.0,1133264.0,1.293779,0.93995,ITA,BEL,880390
3586857,113,18,9631,2006,905.0,72501.0,0.166718,0.331248,JOR,BEL,880390
3586858,114,18,9631,2006,190245.0,625772.0,2.4348099999999997,0.082887,JPN,BEL,880390
3586859,115,18,9631,2006,0.0,1393.0,0.038229,-0.579421,KAZ,BEL,880390
3586860,116,18,9631,2006,76057.0,0.0,-0.38287899999999997,1.060286,KEN,BEL,880390
3586861,121,18,9631,2006,0.0,8940.0,1.5384309999999999,0.766628,KOR,BEL,880390
3586862,122,18,9631,2006,0.0,27040.0,-0.589823,-1.142795,KWT,BEL,880390
3586863,124,18,9631,2006,0.0,22260.0,0.3861,1.586183,LBN,BEL,880390
3586864,126,18,9631,2006,0.0,2925.0,-0.518724,-1.142074,LBY,BEL,880390
3586865,128,18,9631,2006,0.0,3548.0,-0.573767,0.305913,LKA,BEL,880390
3586866,131,18,9631,2006,1219.0,27369.0,1.4345620000000001,0.8840819999999999,LUX,BEL,880390
3586867,133,18,9631,2006,0.0,3528.0,-0.07118200000000001,-0.228354,MAC,BEL,880390
3586868,134,18,9631,2006,0.0,308391.0,-0.547933,0.08257300000000001,MAR,BEL,880390
3586869,138,18,9631,2006,14101.0,0.0,1.047268,0.7142270000000001,MEX,BEL,880390
3586870,153,18,9631,2006,20717.0,69511.0,0.7896569999999999,0.363625,MYS,BEL,880390
3586871,159,18,9631,2006,0.0,6475.0,-2.094353,-1.215025,NGA,BEL,880390
3586872,162,18,9631,2006,99356.0,1466920.0,1.192134,1.450852,NLD,BEL,880390
3586873,163,18,9631,2006,25798.0,63381.0,1.0787930000000001,0.014051,NOR,BEL,880390
3586874,166,18,9631,2006,1108.0,0.0,0.5371,0.8240209999999999,NZL,BEL,880390
3586875,167,18,9631,2006,0.0,17897.0,-0.6373989999999999,-1.092554,OMN,BEL,880390
3586876,174,18,9631,2006,17888.0,0.0,0.161994,0.036631,PHL,BEL,880390
3586877,177,18,9631,2006,0.0,40212.0,0.991927,1.474418,POL,BEL,880390
3586878,183,18,9631,2006,0.0,100670.0,0.055777999999999994,-1.0379049999999999,QAT,BEL,880390
3586879,185,18,9631,2006,5863.0,298614.0,0.550825,1.170744,ROU,BEL,880390
3586880,186,18,9631,2006,3474.0,3739.0,0.801197,0.104683,RUS,BEL,880390
3586881,187,18,9631,2006,0.0,6483.0,-0.032827999999999996,-0.42937600000000004,RWA,BEL,880390
3586882,188,18,9631,2006,2167.0,33871.0,0.162432,-0.853059,SAU,BEL,880390
3586883,190,18,9631,2006,0.0,14693.0,-1.873762,-1.278378,SDN,BEL,880390
3586884,191,18,9631,2006,2052.0,3391.0,-0.364713,-0.183612,SEN,BEL,880390
3586885,192,18,9631,2006,13260.0,380491.0,1.5377379999999998,0.503089,SGP,BEL,880390
3586886,201,18,9631,2006,7213.0,0.0,0.547824,1.5588879999999998,SRB,BEL,880390
3586887,206,18,9631,2006,0.0,6598.0,1.291583,0.868317,SVK,BEL,880390
3586888,207,18,9631,2006,21925.0,602765.0,1.5882370000000001,0.800719,SVN,BEL,880390
3586889,208,18,9631,2006,2090.0,10628.0,1.902737,0.593294,SWE,BEL,880390
3586890,224,18,9631,2006,9824.0,106287.0,0.33971599999999996,2.193384,TUR,BEL,880390
3586891,228,18,9631,2006,1360.0,0.0,0.7008439999999999,0.79656,UKR,BEL,880390
3586892,231,18,9631,2006,2494913.0,6818784.0,1.666643,-0.121679,USA,BEL,880390
3586893,243,18,9631,2006,2570.0,151977.0,-1.0407110000000002,-1.13042,YEM,BEL,880390
3586894,246,18,9631,2006,0.0,7584.0,0.37964499999999995,1.466326,ZAF,BEL,880390
3586895,249,18,9631,2006,6956.0,382725.0,1.619915,1.2289940000000001,TWN,BEL,880390
3586896,81,25,9631,2006,3248.0,10136.0,1.824154,0.614424,GBR,BHS,880390
3586897,163,25,9631,2006,3497.0,0.0,1.0787930000000001,0.014051,NOR,BHS,880390
3586898,231,25,9631,2006,551639.0,1198.0,1.666643,-0.121679,USA,BHS,880390
3586899,32,31,9631,2006,4035.0,0.0,0.633889,1.1474520000000001,BRA,BOL,880390
3586900,138,31,9631,2006,6383.0,0.0,1.047268,0.7142270000000001,MEX,BOL,880390
3586901,163,31,9631,2006,5141.0,0.0,1.0787930000000001,0.014051,NOR,BOL,880390
3586902,231,31,9631,2006,20101.0,21695.0,1.666643,-0.121679,USA,BOL,880390
3586903,8,32,9631,2006,0.0,82890.0,0.33055,0.665867,ARG,BRA,880390
3586904,14,32,9631,2006,0.0,1363.0,0.067166,0.373148,AUS,BRA,880390
3586905,18,32,9631,2006,129259.0,643084.0,1.2222540000000002,1.383027,BEL,BRA,880390
3586906,31,32,9631,2006,0.0,4035.0,-0.805185,-0.754091,BOL,BRA,880390
3586907,39,32,9631,2006,70056.0,0.0,0.865685,1.1480489999999999,CAN,BRA,880390
3586908,41,32,9631,2006,1333.0,0.0,2.052534,0.515523,CHE,BRA,880390
3586909,43,32,9631,2006,45483.0,0.0,0.737888,2.54966,CHN,BRA,880390
3586910,54,32,9631,2006,0.0,8776.0,0.204039,-0.5183260000000001,CUB,BRA,880390
3586911,59,32,9631,2006,19164.0,734.0,1.564058,0.6023649999999999,CZE,BRA,880390
3586912,61,32,9631,2006,2463911.0,0.0,2.132566,-2.773669,DEU,BRA,880390
3586913,67,32,9631,2006,0.0,6002.0,-0.878583,-0.9462010000000001,ECU,BRA,880390
3586914,71,32,9631,2006,80859.0,1477.0,0.9091370000000001,2.068166,ESP,BRA,880390
3586915,77,32,9631,2006,344546.0,9521.0,1.47591,0.489466,FRA,BRA,880390
3586916,81,32,9631,2006,19748.0,0.0,1.824154,0.614424,GBR,BRA,880390
3586917,99,32,9631,2006,0.0,52341.0,-0.672074,-0.472138,HND,BRA,880390
3586918,110,32,9631,2006,640845.0,0.0,1.3082129999999998,0.783845,ISR,BRA,880390
3586919,111,32,9631,2006,1460144.0,455689.0,1.293779,0.93995,ITA,BRA,880390
3586920,138,32,9631,2006,2038.0,0.0,1.047268,0.7142270000000001,MEX,BRA,880390
3586921,153,32,9631,2006,15158.0,9106.0,0.7896569999999999,0.363625,MYS,BRA,880390
3586922,162,32,9631,2006,1863324.0,153374.0,1.192134,1.450852,NLD,BRA,880390
3586923,163,32,9631,2006,12239.0,0.0,1.0787930000000001,0.014051,NOR,BRA,880390
3586924,177,32,9631,2006,0.0,1321.0,0.991927,1.474418,POL,BRA,880390
3586925,208,32,9631,2006,16928.0,0.0,1.902737,0.593294,SWE,BRA,880390
3586926,231,32,9631,2006,28508134.0,1341600.0,1.666643,-0.121679,USA,BRA,880390
3586927,246,32,9631,2006,295249.0,2169.0,0.37964499999999995,1.466326,ZAF,BRA,880390
3586928,13,33,9631,2006,0.0,1994.0,-0.139051,-0.780321,ATG,BRB,880390
3586929,39,33,9631,2006,0.0,9165.0,0.865685,1.1480489999999999,CAN,BRB,880390
3586930,81,33,9631,2006,32642.0,2826.0,1.824154,0.614424,GBR,BRB,880390
3586931,231,33,9631,2006,55670.0,147088.0,1.666643,-0.121679,USA,BRB,880390
3586932,14,39,9631,2006,19627.0,5992.0,0.067166,0.373148,AUS,CAN,880390
3586933,15,39,9631,2006,300901.0,3316.0,1.775669,0.192717,AUT,CAN,880390
3586934,18,39,9631,2006,3925588.0,403551.0,1.2222540000000002,1.383027,BEL,CAN,880390
3586935,23,39,9631,2006,3456.0,0.0,0.414563,1.378005,BGR,CAN,880390
3586936,24,39,9631,2006,5353.0,0.0,0.172724,-0.9449879999999999,BHR,CAN,880390
3586937,32,39,9631,2006,0.0,70056.0,0.633889,1.1474520000000001,BRA,CAN,880390
3586938,33,39,9631,2006,9165.0,0.0,0.977267,0.6046560000000001,BRB,CAN,880390
3586939,41,39,9631,2006,6850.0,8771.0,2.052534,0.515523,CHE,CAN,880390
3586940,43,39,9631,2006,11392.0,23932.0,0.737888,2.54966,CHN,CAN,880390
3586941,49,39,9631,2006,0.0,20374.0,0.129887,0.44371700000000003,COL,CAN,880390
3586942,59,39,9631,2006,0.0,7596.0,1.564058,0.6023649999999999,CZE,CAN,880390
3586943,61,39,9631,2006,513494.0,74730.0,2.132566,-2.773669,DEU,CAN,880390
3586944,64,39,9631,2006,39896.0,71001.0,1.2308700000000001,1.180914,DNK,CAN,880390
3586945,67,39,9631,2006,0.0,30692.0,-0.878583,-0.9462010000000001,ECU,CAN,880390
3586946,71,39,9631,2006,65724.0,291948.0,0.9091370000000001,2.068166,ESP,CAN,880390
3586947,74,39,9631,2006,13530.0,19167.0,1.864038,0.8193940000000001,FIN,CAN,880390
3586948,75,39,9631,2006,0.0,12580.0,-0.6554949999999999,-0.098284,FJI,CAN,880390
3586949,77,39,9631,2006,5435072.0,150738.0,1.47591,0.489466,FRA,CAN,880390
3586950,80,39,9631,2006,0.0,3933.0,-1.6696819999999999,-1.173322,GAB,CAN,880390
3586951,81,39,9631,2006,394188.0,35123.0,1.824154,0.614424,GBR,CAN,880390
3586952,90,39,9631,2006,0.0,52476.0,0.261955,1.488958,GRC,CAN,880390
3586953,93,39,9631,2006,0.0,13401.0,-0.28642199999999995,0.5868439999999999,GTM,CAN,880390
3586954,96,39,9631,2006,0.0,1328.0,-0.813775,-0.8000649999999999,GUY,CAN,880390
3586955,97,39,9631,2006,7532.0,0.0,0.5776319999999999,2.076782,HKG,CAN,880390
3586956,103,39,9631,2006,5109.0,178706.0,-0.21012399999999998,1.467838,IDN,CAN,880390
3586957,104,39,9631,2006,0.0,13146.0,0.285652,2.731318,IND,CAN,880390
3586958,109,39,9631,2006,190384.0,46947.0,0.170234,-0.302203,ISL,CAN,880390
3586959,110,39,9631,2006,919219.0,0.0,1.3082129999999998,0.783845,ISR,CAN,880390
3586960,111,39,9631,2006,1810395.0,1220770.0,1.293779,0.93995,ITA,CAN,880390
3586961,113,39,9631,2006,0.0,21218.0,0.166718,0.331248,JOR,CAN,880390
3586962,114,39,9631,2006,3780.0,823425.0,2.4348099999999997,0.082887,JPN,CAN,880390
3586963,116,39,9631,2006,22092.0,384564.0,-0.38287899999999997,1.060286,KEN,CAN,880390
3586964,121,39,9631,2006,22992.0,7443.0,1.5384309999999999,0.766628,KOR,CAN,880390
3586965,131,39,9631,2006,5725.0,0.0,1.4345620000000001,0.8840819999999999,LUX,CAN,880390
3586966,138,39,9631,2006,202691.0,1446.0,1.047268,0.7142270000000001,MEX,CAN,880390
3586967,153,39,9631,2006,39766.0,177176.0,0.7896569999999999,0.363625,MYS,CAN,880390
3586968,162,39,9631,2006,1661278.0,139199.0,1.192134,1.450852,NLD,CAN,880390
3586969,163,39,9631,2006,15043.0,9701.0,1.0787930000000001,0.014051,NOR,CAN,880390
3586970,166,39,9631,2006,31936.0,104811.0,0.5371,0.8240209999999999,NZL,CAN,880390
3586971,167,39,9631,2006,198252.0,10607.0,-0.6373989999999999,-1.092554,OMN,CAN,880390
3586972,168,39,9631,2006,0.0,1957.0,-0.449333,0.563013,PAK,CAN,880390
3586973,174,39,9631,2006,787942.0,0.0,0.161994,0.036631,PHL,CAN,880390
3586974,177,39,9631,2006,0.0,2130.0,0.991927,1.474418,POL,CAN,880390
3586975,183,39,9631,2006,0.0,808.0,0.055777999999999994,-1.0379049999999999,QAT,CAN,880390
3586976,185,39,9631,2006,0.0,1489.0,0.550825,1.170744,ROU,CAN,880390
3586977,186,39,9631,2006,8447.0,0.0,0.801197,0.104683,RUS,CAN,880390
3586978,188,39,9631,2006,252112.0,34360.0,0.162432,-0.853059,SAU,CAN,880390
3586979,191,39,9631,2006,187491.0,46236.0,-0.364713,-0.183612,SEN,CAN,880390
3586980,192,39,9631,2006,8120.0,171371.0,1.5377379999999998,0.503089,SGP,CAN,880390
3586981,208,39,9631,2006,16400.0,10710.0,1.902737,0.593294,SWE,CAN,880390
3586982,211,39,9631,2006,0.0,170464.0,-0.344619,-0.796139,SYC,CAN,880390
3586983,216,39,9631,2006,6413572.0,0.0,0.568209,1.685343,THA,CAN,880390
3586984,222,39,9631,2006,83093.0,0.0,-0.20651399999999998,-1.024907,TTO,CAN,880390
3586985,224,39,9631,2006,0.0,41264.0,0.33971599999999996,2.193384,TUR,CAN,880390
3586986,227,39,9631,2006,0.0,34427.0,-0.702511,-0.43976099999999996,UGA,CAN,880390
3586987,228,39,9631,2006,7639.0,0.0,0.7008439999999999,0.79656,UKR,CAN,880390
3586988,231,39,9631,2006,15521025.0,22806104.0,1.666643,-0.121679,USA,CAN,880390
3586989,236,39,9631,2006,0.0,128122.0,-0.340972,-1.015462,VEN,CAN,880390
3586990,246,39,9631,2006,3842.0,2239.0,0.37964499999999995,1.466326,ZAF,CAN,880390
3586991,249,39,9631,2006,38159.0,2692928.0,1.619915,1.2289940000000001,TWN,CAN,880390
3586992,2,41,9631,2006,0.0,13027.0,-2.0822979999999998,-1.176767,AGO,CHE,880390
3586993,7,41,9631,2006,18513.0,0.0,0.053903999999999994,-0.735124,ARE,CHE,880390
3586994,14,41,9631,2006,0.0,47752.0,0.067166,0.373148,AUS,CHE,880390
3586995,15,41,9631,2006,324861.0,554204.0,1.775669,0.192717,AUT,CHE,880390
3586996,18,41,9631,2006,1801048.0,104101.0,1.2222540000000002,1.383027,BEL,CHE,880390
3586997,21,41,9631,2006,0.0,2046.0,-0.9432020000000001,-0.969247,BFA,CHE,880390
3586998,24,41,9631,2006,381198.0,249926.0,0.172724,-0.9449879999999999,BHR,CHE,880390
3586999,32,41,9631,2006,0.0,1333.0,0.633889,1.1474520000000001,BRA,CHE,880390
3587000,39,41,9631,2006,8771.0,6850.0,0.865685,1.1480489999999999,CAN,CHE,880390
3587001,43,41,9631,2006,11668.0,8280.0,0.737888,2.54966,CHN,CHE,880390
3587002,59,41,9631,2006,37969.0,6780.0,1.564058,0.6023649999999999,CZE,CHE,880390
3587003,61,41,9631,2006,6193026.0,5016708.0,2.132566,-2.773669,DEU,CHE,880390
3587004,64,41,9631,2006,1909175.0,1433696.0,1.2308700000000001,1.180914,DNK,CHE,880390
3587005,71,41,9631,2006,16090.0,881746.0,0.9091370000000001,2.068166,ESP,CHE,880390
3587006,74,41,9631,2006,50330.0,0.0,1.864038,0.8193940000000001,FIN,CHE,880390
3587007,77,41,9631,2006,9725939.0,31280922.0,1.47591,0.489466,FRA,CHE,880390
3587008,80,41,9631,2006,0.0,8316.0,-1.6696819999999999,-1.173322,GAB,CHE,880390
3587009,81,41,9631,2006,410836.0,600324.0,1.824154,0.614424,GBR,CHE,880390
3587010,90,41,9631,2006,0.0,3058.0,0.261955,1.488958,GRC,CHE,880390
3587011,97,41,9631,2006,17251.0,0.0,0.5776319999999999,2.076782,HKG,CHE,880390
3587012,100,41,9631,2006,0.0,2444.0,0.755787,0.992614,HRV,CHE,880390
3587013,102,41,9631,2006,0.0,888.0,1.4034309999999999,0.835144,HUN,CHE,880390
3587014,103,41,9631,2006,961.0,1343873.0,-0.21012399999999998,1.467838,IDN,CHE,880390
3587015,104,41,9631,2006,30248.0,6079.0,0.285652,2.731318,IND,CHE,880390
3587016,106,41,9631,2006,70459.0,26281.0,1.43804,0.06463200000000001,IRL,CHE,880390
3587017,109,41,9631,2006,14602.0,0.0,0.170234,-0.302203,ISL,CHE,880390
3587018,110,41,9631,2006,200360.0,23895.0,1.3082129999999998,0.783845,ISR,CHE,880390
3587019,111,41,9631,2006,7165102.0,1401815.0,1.293779,0.93995,ITA,CHE,880390
3587020,113,41,9631,2006,0.0,220406.0,0.166718,0.331248,JOR,CHE,880390
3587021,114,41,9631,2006,9712.0,2754.0,2.4348099999999997,0.082887,JPN,CHE,880390
3587022,116,41,9631,2006,0.0,2889.0,-0.38287899999999997,1.060286,KEN,CHE,880390
3587023,121,41,9631,2006,10517.0,2669.0,1.5384309999999999,0.766628,KOR,CHE,880390
3587024,122,41,9631,2006,0.0,6132.0,-0.589823,-1.142795,KWT,CHE,880390
3587025,126,41,9631,2006,0.0,35180.0,-0.518724,-1.142074,LBY,CHE,880390
3587026,130,41,9631,2006,13215.0,0.0,0.44063599999999997,1.163857,LTU,CHE,880390
3587027,131,41,9631,2006,26178.0,2176.0,1.4345620000000001,0.8840819999999999,LUX,CHE,880390
3587028,136,41,9631,2006,0.0,376.0,-1.024657,-0.393395,MDG,CHE,880390
3587029,153,41,9631,2006,4843.0,820692.0,0.7896569999999999,0.363625,MYS,CHE,880390
3587030,155,41,9631,2006,10897.0,64157.0,-0.515361,-0.8027350000000001,NAM,CHE,880390
3587031,159,41,9631,2006,0.0,10220.0,-2.094353,-1.215025,NGA,CHE,880390
3587032,162,41,9631,2006,2229088.0,1731772.0,1.192134,1.450852,NLD,CHE,880390
3587033,163,41,9631,2006,0.0,14129.0,1.0787930000000001,0.014051,NOR,CHE,880390
3587034,167,41,9631,2006,51953.0,50003.0,-0.6373989999999999,-1.092554,OMN,CHE,880390
3587035,168,41,9631,2006,0.0,1352.0,-0.449333,0.563013,PAK,CHE,880390
3587036,174,41,9631,2006,198144.0,1475.0,0.161994,0.036631,PHL,CHE,880390
3587037,177,41,9631,2006,8250.0,4735.0,0.991927,1.474418,POL,CHE,880390
3587038,179,41,9631,2006,884939.0,1163.0,0.5723630000000001,1.92303,PRT,CHE,880390
3587039,186,41,9631,2006,6835.0,1764.0,0.801197,0.104683,RUS,CHE,880390
3587040,188,41,9631,2006,0.0,10935.0,0.162432,-0.853059,SAU,CHE,880390
3587041,190,41,9631,2006,24010.0,12411.0,-1.873762,-1.278378,SDN,CHE,880390
3587042,192,41,9631,2006,18155.0,103572.0,1.5377379999999998,0.503089,SGP,CHE,880390
3587043,206,41,9631,2006,0.0,3597.0,1.291583,0.868317,SVK,CHE,880390
3587044,207,41,9631,2006,0.0,710.0,1.5882370000000001,0.800719,SVN,CHE,880390
3587045,208,41,9631,2006,52824.0,50099.0,1.902737,0.593294,SWE,CHE,880390
3587046,216,41,9631,2006,88338192.0,2798.0,0.568209,1.685343,THA,CHE,880390
3587047,224,41,9631,2006,0.0,8781.0,0.33971599999999996,2.193384,TUR,CHE,880390
3587048,226,41,9631,2006,1525.0,4771.0,-0.953097,0.159129,TZA,CHE,880390
3587049,231,41,9631,2006,2685905.0,9000188.0,1.666643,-0.121679,USA,CHE,880390
3587050,246,41,9631,2006,117479.0,27238.0,0.37964499999999995,1.466326,ZAF,CHE,880390
3587051,8,42,9631,2006,0.0,28974.0,0.33055,0.665867,ARG,CHL,880390
3587052,18,42,9631,2006,2704.0,0.0,1.2222540000000002,1.383027,BEL,CHL,880390
3587053,61,42,9631,2006,3834.0,9699.0,2.132566,-2.773669,DEU,CHL,880390
3587054,64,42,9631,2006,0.0,3924.0,1.2308700000000001,1.180914,DNK,CHL,880390
3587055,71,42,9631,2006,306400.0,0.0,0.9091370000000001,2.068166,ESP,CHL,880390
3587056,77,42,9631,2006,38095.0,1488.0,1.47591,0.489466,FRA,CHL,880390
3587057,99,42,9631,2006,0.0,93028.0,-0.672074,-0.472138,HND,CHL,880390
3587058,110,42,9631,2006,12921.0,0.0,1.3082129999999998,0.783845,ISR,CHL,880390
3587059,111,42,9631,2006,38948.0,0.0,1.293779,0.93995,ITA,CHL,880390
3587060,162,42,9631,2006,189755.0,0.0,1.192134,1.450852,NLD,CHL,880390
3587061,166,42,9631,2006,2768.0,0.0,0.5371,0.8240209999999999,NZL,CHL,880390
3587062,231,42,9631,2006,7626601.0,13986.0,1.666643,-0.121679,USA,CHL,880390
3587063,236,42,9631,2006,0.0,1889.0,-0.340972,-1.015462,VEN,CHL,880390
3587064,250,42,9631,2006,1565.0,0.0,0.711619,-0.41880200000000006,ANS,CHL,880390
3587065,7,43,9631,2006,0.0,54950.0,0.053903999999999994,-0.735124,ARE,CHN,880390
3587066,14,43,9631,2006,0.0,33124.0,0.067166,0.373148,AUS,CHN,880390
3587067,15,43,9631,2006,20342.0,24046.0,1.775669,0.192717,AUT,CHN,880390
3587068,18,43,9631,2006,2025841.0,89445.0,1.2222540000000002,1.383027,BEL,CHN,880390
3587069,22,43,9631,2006,686992.0,1244117.0,-1.0305309999999999,-0.80937,BGD,CHN,880390
3587070,24,43,9631,2006,0.0,7774.0,0.172724,-0.9449879999999999,BHR,CHN,880390
3587071,32,43,9631,2006,0.0,45483.0,0.633889,1.1474520000000001,BRA,CHN,880390
3587072,39,43,9631,2006,23932.0,11392.0,0.865685,1.1480489999999999,CAN,CHN,880390
3587073,41,43,9631,2006,8280.0,11668.0,2.052534,0.515523,CHE,CHN,880390
3587074,59,43,9631,2006,0.0,34348.0,1.564058,0.6023649999999999,CZE,CHN,880390
3587075,61,43,9631,2006,8424213.0,463944.0,2.132566,-2.773669,DEU,CHN,880390
3587076,64,43,9631,2006,0.0,76763.0,1.2308700000000001,1.180914,DNK,CHN,880390
3587077,71,43,9631,2006,14372.0,15475.0,0.9091370000000001,2.068166,ESP,CHN,880390
3587078,75,43,9631,2006,0.0,20404.0,-0.6554949999999999,-0.098284,FJI,CHN,880390
3587079,77,43,9631,2006,2031461.0,253879.0,1.47591,0.489466,FRA,CHN,880390
3587080,81,43,9631,2006,61136.0,1085639.0,1.824154,0.614424,GBR,CHN,880390
3587081,97,43,9631,2006,23833.0,1597.0,0.5776319999999999,2.076782,HKG,CHN,880390
3587082,102,43,9631,2006,0.0,6368.0,1.4034309999999999,0.835144,HUN,CHN,880390
3587083,103,43,9631,2006,0.0,28170.0,-0.21012399999999998,1.467838,IDN,CHN,880390
3587084,104,43,9631,2006,0.0,38159.0,0.285652,2.731318,IND,CHN,880390
3587085,106,43,9631,2006,0.0,1014.0,1.43804,0.06463200000000001,IRL,CHN,880390
3587086,110,43,9631,2006,22703.0,984.0,1.3082129999999998,0.783845,ISR,CHN,880390
3587087,111,43,9631,2006,168918.0,12234.0,1.293779,0.93995,ITA,CHN,880390
3587088,113,43,9631,2006,0.0,7068.0,0.166718,0.331248,JOR,CHN,880390
3587089,114,43,9631,2006,17329.0,33487.0,2.4348099999999997,0.082887,JPN,CHN,880390
3587090,121,43,9631,2006,243302.0,56295.0,1.5384309999999999,0.766628,KOR,CHN,880390
3587091,128,43,9631,2006,9113.0,29083.0,-0.573767,0.305913,LKA,CHN,880390
3587092,143,43,9631,2006,0.0,1085.0,-1.543679,-1.145623,MMR,CHN,880390
3587093,145,43,9631,2006,5090.0,0.0,-1.147217,-1.0734709999999998,MNG,CHN,880390
3587094,153,43,9631,2006,1818889.0,1579112.0,0.7896569999999999,0.363625,MYS,CHN,880390
3587095,155,43,9631,2006,0.0,9840396.0,-0.515361,-0.8027350000000001,NAM,CHN,880390
3587096,162,43,9631,2006,1939175.0,3542911.0,1.192134,1.450852,NLD,CHN,880390
3587097,163,43,9631,2006,20178.0,6426.0,1.0787930000000001,0.014051,NOR,CHN,880390
3587098,166,43,9631,2006,0.0,2661.0,0.5371,0.8240209999999999,NZL,CHN,880390
3587099,167,43,9631,2006,0.0,1191.0,-0.6373989999999999,-1.092554,OMN,CHN,880390
3587100,168,43,9631,2006,0.0,52486.0,-0.449333,0.563013,PAK,CHN,880390
3587101,169,43,9631,2006,0.0,19493.0,0.306664,0.638533,PAN,CHN,880390
3587102,174,43,9631,2006,5493184.0,1371.0,0.161994,0.036631,PHL,CHN,880390
3587103,177,43,9631,2006,0.0,1000.0,0.991927,1.474418,POL,CHN,880390
3587104,179,43,9631,2006,0.0,2292.0,0.5723630000000001,1.92303,PRT,CHN,880390
3587105,180,43,9631,2006,0.0,975.0,-0.520435,-0.7839119999999999,PRY,CHN,880390
3587106,183,43,9631,2006,0.0,2834.0,0.055777999999999994,-1.0379049999999999,QAT,CHN,880390
3587107,185,43,9631,2006,0.0,1897.0,0.550825,1.170744,ROU,CHN,880390
3587108,186,43,9631,2006,758895.0,0.0,0.801197,0.104683,RUS,CHN,880390
3587109,192,43,9631,2006,220036.0,163690.0,1.5377379999999998,0.503089,SGP,CHN,880390
3587110,207,43,9631,2006,0.0,2719.0,1.5882370000000001,0.800719,SVN,CHN,880390
3587111,216,43,9631,2006,5403532.0,2488.0,0.568209,1.685343,THA,CHN,880390
3587112,226,43,9631,2006,0.0,9348.0,-0.953097,0.159129,TZA,CHN,880390
3587113,228,43,9631,2006,27456.0,2662.0,0.7008439999999999,0.79656,UKR,CHN,880390
3587114,231,43,9631,2006,21275122.0,4429852.0,1.666643,-0.121679,USA,CHN,880390
3587115,246,43,9631,2006,0.0,7872.0,0.37964499999999995,1.466326,ZAF,CHN,880390
3587116,249,43,9631,2006,22955.0,15620.0,1.619915,1.2289940000000001,TWN,CHN,880390
3587117,39,49,9631,2006,20374.0,0.0,0.865685,1.1480489999999999,CAN,COL,880390
3587118,71,49,9631,2006,5404.0,5145.0,0.9091370000000001,2.068166,ESP,COL,880390
3587119,77,49,9631,2006,395976.0,5640.0,1.47591,0.489466,FRA,COL,880390
3587120,81,49,9631,2006,4346.0,0.0,1.824154,0.614424,GBR,COL,880390
3587121,110,49,9631,2006,499962.0,0.0,1.3082129999999998,0.783845,ISR,COL,880390
3587122,111,49,9631,2006,48762.0,0.0,1.293779,0.93995,ITA,COL,880390
3587123,138,49,9631,2006,81243.0,0.0,1.047268,0.7142270000000001,MEX,COL,880390
3587124,169,49,9631,2006,2189.0,3296.0,0.306664,0.638533,PAN,COL,880390
3587125,192,49,9631,2006,5103.0,0.0,1.5377379999999998,0.503089,SGP,COL,880390
3587126,231,49,9631,2006,8990180.0,18198.0,1.666643,-0.121679,USA,COL,880390
3587127,236,49,9631,2006,0.0,11978.0,-0.340972,-1.015462,VEN,COL,880390
3587128,81,52,9631,2006,0.0,1020930.0,1.824154,0.614424,GBR,CRI,880390
3587129,231,52,9631,2006,368054.0,583543.0,1.666643,-0.121679,USA,CRI,880390
3587130,8,59,9631,2006,0.0,6070.0,0.33055,0.665867,ARG,CZE,880390
3587131,15,59,9631,2006,0.0,1717.0,1.775669,0.192717,AUT,CZE,880390
3587132,18,59,9631,2006,3342.0,0.0,1.2222540000000002,1.383027,BEL,CZE,880390
3587133,23,59,9631,2006,0.0,18264.0,0.414563,1.378005,BGR,CZE,880390
3587134,32,59,9631,2006,734.0,19164.0,0.633889,1.1474520000000001,BRA,CZE,880390
3587135,39,59,9631,2006,7596.0,0.0,0.865685,1.1480489999999999,CAN,CZE,880390
3587136,41,59,9631,2006,6780.0,37969.0,2.052534,0.515523,CHE,CZE,880390
3587137,43,59,9631,2006,34348.0,0.0,0.737888,2.54966,CHN,CZE,880390
3587138,51,59,9631,2006,2243.0,0.0,0.369814,-0.414812,CPV,CZE,880390
3587139,61,59,9631,2006,1516426.0,3534798.0,2.132566,-2.773669,DEU,CZE,880390
3587140,64,59,9631,2006,3712.0,0.0,1.2308700000000001,1.180914,DNK,CZE,880390
3587141,66,59,9631,2006,0.0,6378.0,-0.489962,-1.12456,DZA,CZE,880390
3587142,71,59,9631,2006,0.0,150767.0,0.9091370000000001,2.068166,ESP,CZE,880390
3587143,72,59,9631,2006,0.0,5581.0,0.6426350000000001,0.925003,EST,CZE,880390
3587144,74,59,9631,2006,0.0,2616.0,1.864038,0.8193940000000001,FIN,CZE,880390
3587145,77,59,9631,2006,15719.0,19147.0,1.47591,0.489466,FRA,CZE,880390
3587146,81,59,9631,2006,1366.0,49649.0,1.824154,0.614424,GBR,CZE,880390
3587147,90,59,9631,2006,0.0,34267.0,0.261955,1.488958,GRC,CZE,880390
3587148,93,59,9631,2006,0.0,1013.0,-0.28642199999999995,0.5868439999999999,GTM,CZE,880390
3587149,100,59,9631,2006,0.0,2539.0,0.755787,0.992614,HRV,CZE,880390
3587150,104,59,9631,2006,0.0,20305.0,0.285652,2.731318,IND,CZE,880390
3587151,110,59,9631,2006,2966.0,0.0,1.3082129999999998,0.783845,ISR,CZE,880390
3587152,111,59,9631,2006,55746.0,20462.0,1.293779,0.93995,ITA,CZE,880390
3587153,114,59,9631,2006,0.0,89103.0,2.4348099999999997,0.082887,JPN,CZE,880390
3587154,115,59,9631,2006,0.0,1634.0,0.038229,-0.579421,KAZ,CZE,880390
3587155,116,59,9631,2006,0.0,22057.0,-0.38287899999999997,1.060286,KEN,CZE,880390
3587156,121,59,9631,2006,0.0,10294.0,1.5384309999999999,0.766628,KOR,CZE,880390
3587157,126,59,9631,2006,0.0,3933.0,-0.518724,-1.142074,LBY,CZE,880390
3587158,153,59,9631,2006,0.0,4690.0,0.7896569999999999,0.363625,MYS,CZE,880390
3587159,162,59,9631,2006,55532.0,0.0,1.192134,1.450852,NLD,CZE,880390
3587160,163,59,9631,2006,4919.0,2895.0,1.0787930000000001,0.014051,NOR,CZE,880390
3587161,166,59,9631,2006,0.0,1664.0,0.5371,0.8240209999999999,NZL,CZE,880390
3587162,174,59,9631,2006,4681.0,484.0,0.161994,0.036631,PHL,CZE,880390
3587163,177,59,9631,2006,4706.0,2209.0,0.991927,1.474418,POL,CZE,880390
3587164,186,59,9631,2006,5841.0,81954.0,0.801197,0.104683,RUS,CZE,880390
3587165,190,59,9631,2006,0.0,4710.0,-1.873762,-1.278378,SDN,CZE,880390
3587166,206,59,9631,2006,0.0,34985.0,1.291583,0.868317,SVK,CZE,880390
3587167,207,59,9631,2006,0.0,5438.0,1.5882370000000001,0.800719,SVN,CZE,880390
3587168,208,59,9631,2006,16411.0,7906.0,1.902737,0.593294,SWE,CZE,880390
3587169,216,59,9631,2006,0.0,79985.0,0.568209,1.685343,THA,CZE,880390
3587170,219,59,9631,2006,0.0,110118.0,-1.155861,-1.200933,TKM,CZE,880390
3587171,223,59,9631,2006,0.0,964.0,-0.013636,0.804752,TUN,CZE,880390
3587172,224,59,9631,2006,2492.0,0.0,0.33971599999999996,2.193384,TUR,CZE,880390
3587173,226,59,9631,2006,0.0,3336.0,-0.953097,0.159129,TZA,CZE,880390
3587174,227,59,9631,2006,4213.0,128867.0,-0.702511,-0.43976099999999996,UGA,CZE,880390
3587175,228,59,9631,2006,92574.0,10398.0,0.7008439999999999,0.79656,UKR,CZE,880390
3587176,231,59,9631,2006,880741.0,408174.0,1.666643,-0.121679,USA,CZE,880390
3587177,246,59,9631,2006,1716.0,6076.0,0.37964499999999995,1.466326,ZAF,CZE,880390
3587178,249,59,9631,2006,0.0,801.0,1.619915,1.2289940000000001,TWN,CZE,880390
3587179,7,61,9631,2006,151900.0,331650.0,0.053903999999999994,-0.735124,ARE,DEU,880390
3587180,9,61,9631,2006,35777.0,0.0,0.14539100000000002,-0.558014,ARM,DEU,880390
3587181,14,61,9631,2006,149248.0,828613.0,0.067166,0.373148,AUS,DEU,880390
3587182,15,61,9631,2006,4273678.0,3391780.0,1.775669,0.192717,AUT,DEU,880390
3587183,18,61,9631,2006,17197610.0,410901.0,1.2222540000000002,1.383027,BEL,DEU,880390
3587184,23,61,9631,2006,6287.0,5932.0,0.414563,1.378005,BGR,DEU,880390
3587185,24,61,9631,2006,1138614.0,248091.0,0.172724,-0.9449879999999999,BHR,DEU,880390
3587186,28,61,9631,2006,1922.0,0.0,0.919853,0.384409,BLR,DEU,880390
3587187,32,61,9631,2006,0.0,2463911.0,0.633889,1.1474520000000001,BRA,DEU,880390
3587188,37,61,9631,2006,4373.0,2414.0,-1.0541459999999998,-1.179286,BWA,DEU,880390
3587189,39,61,9631,2006,74730.0,513494.0,0.865685,1.1480489999999999,CAN,DEU,880390
3587190,41,61,9631,2006,5016708.0,6193026.0,2.052534,0.515523,CHE,DEU,880390
3587191,42,61,9631,2006,9699.0,3834.0,-0.188298,-0.46778000000000003,CHL,DEU,880390
3587192,43,61,9631,2006,463944.0,8424213.0,0.737888,2.54966,CHN,DEU,880390
3587193,45,61,9631,2006,0.0,4102.0,-1.358873,-1.1511360000000002,CMR,DEU,880390
3587194,51,61,9631,2006,4696.0,18425.0,0.369814,-0.414812,CPV,DEU,880390
3587195,58,61,9631,2006,0.0,1170.0,0.708267,-0.048096,CYP,DEU,880390
3587196,59,61,9631,2006,3534798.0,1516426.0,1.564058,0.6023649999999999,CZE,DEU,880390
3587197,64,61,9631,2006,20360.0,66714.0,1.2308700000000001,1.180914,DNK,DEU,880390
3587198,66,61,9631,2006,0.0,1756.0,-0.489962,-1.12456,DZA,DEU,880390
3587199,67,61,9631,2006,0.0,3962.0,-0.878583,-0.9462010000000001,ECU,DEU,880390
3587200,68,61,9631,2006,2687.0,4937.0,-0.182272,0.40222399999999997,EGY,DEU,880390
3587201,71,61,9631,2006,60795708.0,7544920.0,0.9091370000000001,2.068166,ESP,DEU,880390
3587202,72,61,9631,2006,0.0,1695.0,0.6426350000000001,0.925003,EST,DEU,880390
3587203,73,61,9631,2006,0.0,441352.0,-0.9557180000000001,-0.9153479999999999,ETH,DEU,880390
3587204,74,61,9631,2006,2534835.0,1252640.0,1.864038,0.8193940000000001,FIN,DEU,880390
3587205,77,61,9631,2006,107969112.0,156941920.0,1.47591,0.489466,FRA,DEU,880390
3587206,80,61,9631,2006,0.0,3421.0,-1.6696819999999999,-1.173322,GAB,DEU,880390
3587207,81,61,9631,2006,23755212.0,20723724.0,1.824154,0.614424,GBR,DEU,880390
3587208,82,61,9631,2006,2185.0,22565.0,0.076711,-0.47216099999999994,GEO,DEU,880390
3587209,90,61,9631,2006,362653.0,173308.0,0.261955,1.488958,GRC,DEU,880390
3587210,97,61,9631,2006,2962.0,18200.0,0.5776319999999999,2.076782,HKG,DEU,880390
3587211,100,61,9631,2006,0.0,67050.0,0.755787,0.992614,HRV,DEU,880390
3587212,102,61,9631,2006,2966.0,154522.0,1.4034309999999999,0.835144,HUN,DEU,880390
3587213,103,61,9631,2006,0.0,6663.0,-0.21012399999999998,1.467838,IDN,DEU,880390
3587214,104,61,9631,2006,66822.0,834412.0,0.285652,2.731318,IND,DEU,880390
3587215,106,61,9631,2006,226073.0,31491.0,1.43804,0.06463200000000001,IRL,DEU,880390
3587216,107,61,9631,2006,0.0,3013.0,-0.391023,-0.767861,IRN,DEU,880390
3587217,109,61,9631,2006,85687.0,14150.0,0.170234,-0.302203,ISL,DEU,880390
3587218,110,61,9631,2006,837590.0,74887.0,1.3082129999999998,0.783845,ISR,DEU,880390
3587219,111,61,9631,2006,52951980.0,59159620.0,1.293779,0.93995,ITA,DEU,880390
3587220,113,61,9631,2006,0.0,5419720.0,0.166718,0.331248,JOR,DEU,880390
3587221,114,61,9631,2006,2815120.0,16922508.0,2.4348099999999997,0.082887,JPN,DEU,880390
3587222,115,61,9631,2006,0.0,1267.0,0.038229,-0.579421,KAZ,DEU,880390
3587223,116,61,9631,2006,1225.0,35885.0,-0.38287899999999997,1.060286,KEN,DEU,880390
3587224,121,61,9631,2006,364669.0,43784.0,1.5384309999999999,0.766628,KOR,DEU,880390
3587225,124,61,9631,2006,893.0,29650.0,0.3861,1.586183,LBN,DEU,880390
3587226,128,61,9631,2006,0.0,35082.0,-0.573767,0.305913,LKA,DEU,880390
3587227,130,61,9631,2006,0.0,7443.0,0.44063599999999997,1.163857,LTU,DEU,880390
3587228,131,61,9631,2006,386824.0,25202.0,1.4345620000000001,0.8840819999999999,LUX,DEU,880390
3587229,138,61,9631,2006,4972.0,0.0,1.047268,0.7142270000000001,MEX,DEU,880390
3587230,142,61,9631,2006,103870.0,46724.0,1.384411,0.093734,MLT,DEU,880390
3587231,153,61,9631,2006,746687.0,662305.0,0.7896569999999999,0.363625,MYS,DEU,880390
3587232,155,61,9631,2006,0.0,20492.0,-0.515361,-0.8027350000000001,NAM,DEU,880390
3587233,156,61,9631,2006,0.0,1826.0,-0.135099,-0.7618779999999999,NCL,DEU,880390
3587234,159,61,9631,2006,0.0,2332.0,-2.094353,-1.215025,NGA,DEU,880390
3587235,162,61,9631,2006,1200290.0,23068318.0,1.192134,1.450852,NLD,DEU,880390
3587236,163,61,9631,2006,1988696.0,10277240.0,1.0787930000000001,0.014051,NOR,DEU,880390
3587237,164,61,9631,2006,1705.0,0.0,-0.29672600000000005,0.665077,NPL,DEU,880390
3587238,166,61,9631,2006,18265.0,16468.0,0.5371,0.8240209999999999,NZL,DEU,880390
3587239,167,61,9631,2006,390543.0,1662127.0,-0.6373989999999999,-1.092554,OMN,DEU,880390
3587240,168,61,9631,2006,117953.0,380789.0,-0.449333,0.563013,PAK,DEU,880390
3587241,174,61,9631,2006,87101216.0,13533.0,0.161994,0.036631,PHL,DEU,880390
3587242,177,61,9631,2006,63334.0,53134.0,0.991927,1.474418,POL,DEU,880390
3587243,179,61,9631,2006,0.0,384694.0,0.5723630000000001,1.92303,PRT,DEU,880390
3587244,182,61,9631,2006,0.0,24175.0,-0.213329,-0.743599,PYF,DEU,880390
3587245,183,61,9631,2006,1999.0,469603.0,0.055777999999999994,-1.0379049999999999,QAT,DEU,880390
3587246,185,61,9631,2006,164633.0,36419.0,0.550825,1.170744,ROU,DEU,880390
3587247,186,61,9631,2006,336277.0,802155.0,0.801197,0.104683,RUS,DEU,880390
3587248,188,61,9631,2006,1090855.0,24172.0,0.162432,-0.853059,SAU,DEU,880390
3587249,190,61,9631,2006,582998.0,1047444.0,-1.873762,-1.278378,SDN,DEU,880390
3587250,191,61,9631,2006,70980.0,0.0,-0.364713,-0.183612,SEN,DEU,880390
3587251,192,61,9631,2006,68741.0,21627.0,1.5377379999999998,0.503089,SGP,DEU,880390
3587252,201,61,9631,2006,38636.0,44016.0,0.547824,1.5588879999999998,SRB,DEU,880390
3587253,206,61,9631,2006,269136.0,139306.0,1.291583,0.868317,SVK,DEU,880390
3587254,207,61,9631,2006,348609.0,17457.0,1.5882370000000001,0.800719,SVN,DEU,880390
3587255,208,61,9631,2006,6400035.0,2802785.0,1.902737,0.593294,SWE,DEU,880390
3587256,212,61,9631,2006,1832.0,0.0,-0.588695,0.532487,SYR,DEU,880390
3587257,216,61,9631,2006,40392252.0,48742.0,0.568209,1.685343,THA,DEU,880390
3587258,223,61,9631,2006,0.0,16399.0,-0.013636,0.804752,TUN,DEU,880390
3587259,224,61,9631,2006,18285.0,33069.0,0.33971599999999996,2.193384,TUR,DEU,880390
3587260,227,61,9631,2006,34151.0,0.0,-0.702511,-0.43976099999999996,UGA,DEU,880390
3587261,228,61,9631,2006,461587.0,11836.0,0.7008439999999999,0.79656,UKR,DEU,880390
3587262,231,61,9631,2006,42945348.0,437605568.0,1.666643,-0.121679,USA,DEU,880390
3587263,232,61,9631,2006,0.0,8062.0,-0.457759,-0.784626,UZB,DEU,880390
3587264,236,61,9631,2006,0.0,122180.0,-0.340972,-1.015462,VEN,DEU,880390
3587265,239,61,9631,2006,0.0,11244.0,-0.342779,1.033318,VNM,DEU,880390
3587266,246,61,9631,2006,1432821.0,78513.0,0.37964499999999995,1.466326,ZAF,DEU,880390
3587267,249,61,9631,2006,848574.0,26209.0,1.619915,1.2289940000000001,TWN,DEU,880390
3587268,7,64,9631,2006,356385.0,87302.0,0.053903999999999994,-0.735124,ARE,DNK,880390
3587269,14,64,9631,2006,0.0,24145.0,0.067166,0.373148,AUS,DNK,880390
3587270,15,64,9631,2006,0.0,12103.0,1.775669,0.192717,AUT,DNK,880390
3587271,18,64,9631,2006,67640.0,0.0,1.2222540000000002,1.383027,BEL,DNK,880390
3587272,23,64,9631,2006,0.0,8933.0,0.414563,1.378005,BGR,DNK,880390
3587273,24,64,9631,2006,0.0,192888.0,0.172724,-0.9449879999999999,BHR,DNK,880390
3587274,39,64,9631,2006,71001.0,39896.0,0.865685,1.1480489999999999,CAN,DNK,880390
3587275,41,64,9631,2006,1433696.0,1909175.0,2.052534,0.515523,CHE,DNK,880390
3587276,42,64,9631,2006,3924.0,0.0,-0.188298,-0.46778000000000003,CHL,DNK,880390
3587277,43,64,9631,2006,76763.0,0.0,0.737888,2.54966,CHN,DNK,880390
3587278,44,64,9631,2006,413.0,14260.0,-0.8918530000000001,-0.8145819999999999,CIV,DNK,880390
3587279,47,64,9631,2006,0.0,16266.0,-1.9903240000000002,-1.189925,COG,DNK,880390
3587280,51,64,9631,2006,0.0,1089.0,0.369814,-0.414812,CPV,DNK,880390
3587281,54,64,9631,2006,0.0,3162.0,0.204039,-0.5183260000000001,CUB,DNK,880390
3587282,59,64,9631,2006,0.0,3712.0,1.564058,0.6023649999999999,CZE,DNK,880390
3587283,61,64,9631,2006,66714.0,20360.0,2.132566,-2.773669,DEU,DNK,880390
3587284,71,64,9631,2006,755150.0,15504.0,0.9091370000000001,2.068166,ESP,DNK,880390
3587285,72,64,9631,2006,0.0,4053.0,0.6426350000000001,0.925003,EST,DNK,880390
3587286,77,64,9631,2006,80549.0,200487.0,1.47591,0.489466,FRA,DNK,880390
3587287,78,64,9631,2006,16574.0,0.0,-0.117631,-0.69352,FRO,DNK,880390
3587288,80,64,9631,2006,0.0,11815.0,-1.6696819999999999,-1.173322,GAB,DNK,880390
3587289,81,64,9631,2006,636201.0,3880.0,1.824154,0.614424,GBR,DNK,880390
3587290,90,64,9631,2006,0.0,1581.0,0.261955,1.488958,GRC,DNK,880390
3587291,92,64,9631,2006,514594.0,15268.0,-1.0014,-0.935995,GRL,DNK,880390
3587292,97,64,9631,2006,9607.0,924993.0,0.5776319999999999,2.076782,HKG,DNK,880390
3587293,100,64,9631,2006,8471.0,5987.0,0.755787,0.992614,HRV,DNK,880390
3587294,103,64,9631,2006,1911.0,948.0,-0.21012399999999998,1.467838,IDN,DNK,880390
3587295,104,64,9631,2006,0.0,28242.0,0.285652,2.731318,IND,DNK,880390
3587296,109,64,9631,2006,39757.0,32473.0,0.170234,-0.302203,ISL,DNK,880390
3587297,110,64,9631,2006,13128.0,74229.0,1.3082129999999998,0.783845,ISR,DNK,880390
3587298,111,64,9631,2006,83401.0,321713.0,1.293779,0.93995,ITA,DNK,880390
3587299,113,64,9631,2006,0.0,14281.0,0.166718,0.331248,JOR,DNK,880390
3587300,114,64,9631,2006,55103.0,0.0,2.4348099999999997,0.082887,JPN,DNK,880390
3587301,115,64,9631,2006,0.0,1548.0,0.038229,-0.579421,KAZ,DNK,880390
3587302,116,64,9631,2006,20261.0,26506.0,-0.38287899999999997,1.060286,KEN,DNK,880390
3587303,121,64,9631,2006,0.0,3523.0,1.5384309999999999,0.766628,KOR,DNK,880390
3587304,124,64,9631,2006,0.0,30879.0,0.3861,1.586183,LBN,DNK,880390
3587305,134,64,9631,2006,10905.0,3956.0,-0.547933,0.08257300000000001,MAR,DNK,880390
3587306,135,64,9631,2006,0.0,1404.0,-0.017707,0.135305,MDA,DNK,880390
3587307,144,64,9631,2006,0.0,739.0,0.130773,-0.24674699999999997,MNE,DNK,880390
3587308,153,64,9631,2006,0.0,36114.0,0.7896569999999999,0.363625,MYS,DNK,880390
3587309,156,64,9631,2006,0.0,998.0,-0.135099,-0.7618779999999999,NCL,DNK,880390
3587310,159,64,9631,2006,0.0,1299.0,-2.094353,-1.215025,NGA,DNK,880390
3587311,162,64,9631,2006,312304.0,84153.0,1.192134,1.450852,NLD,DNK,880390
3587312,163,64,9631,2006,707437.0,318647.0,1.0787930000000001,0.014051,NOR,DNK,880390
3587313,164,64,9631,2006,0.0,1335.0,-0.29672600000000005,0.665077,NPL,DNK,880390
3587314,167,64,9631,2006,0.0,7216.0,-0.6373989999999999,-1.092554,OMN,DNK,880390
3587315,168,64,9631,2006,0.0,12544.0,-0.449333,0.563013,PAK,DNK,880390
3587316,174,64,9631,2006,171220.0,6022.0,0.161994,0.036631,PHL,DNK,880390
3587317,183,64,9631,2006,0.0,51237.0,0.055777999999999994,-1.0379049999999999,QAT,DNK,880390
3587318,188,64,9631,2006,0.0,18857.0,0.162432,-0.853059,SAU,DNK,880390
3587319,190,64,9631,2006,0.0,3079.0,-1.873762,-1.278378,SDN,DNK,880390
3587320,192,64,9631,2006,0.0,49701.0,1.5377379999999998,0.503089,SGP,DNK,880390
3587321,208,64,9631,2006,582572.0,165317.0,1.902737,0.593294,SWE,DNK,880390
3587322,214,64,9631,2006,0.0,1137.0,-3.0579419999999997,-0.8926649999999999,TCD,DNK,880390
3587323,216,64,9631,2006,332390.0,1091.0,0.568209,1.685343,THA,DNK,880390
3587324,224,64,9631,2006,0.0,6113.0,0.33971599999999996,2.193384,TUR,DNK,880390
3587325,226,64,9631,2006,0.0,4478.0,-0.953097,0.159129,TZA,DNK,880390
3587326,228,64,9631,2006,5582.0,0.0,0.7008439999999999,0.79656,UKR,DNK,880390
3587327,230,64,9631,2006,0.0,1135.0,0.234384,0.118878,URY,DNK,880390
3587328,231,64,9631,2006,843325.0,1139096.0,1.666643,-0.121679,USA,DNK,880390
3587329,239,64,9631,2006,1108.0,0.0,-0.342779,1.033318,VNM,DNK,880390
3587330,246,64,9631,2006,208026.0,14014.0,0.37964499999999995,1.466326,ZAF,DNK,880390
3587331,249,64,9631,2006,5159.0,20281.0,1.619915,1.2289940000000001,TWN,DNK,880390
3587332,71,65,9631,2006,55093.0,0.0,0.9091370000000001,2.068166,ESP,DOM,880390
3587333,77,65,9631,2006,906.0,0.0,1.47591,0.489466,FRA,DOM,880390
3587334,231,65,9631,2006,185529.0,0.0,1.666643,-0.121679,USA,DOM,880390
3587335,6,67,9631,2006,186926.0,0.0,0.251825,-0.629035,ANT,ECU,880390
3587336,32,67,9631,2006,6002.0,0.0,0.633889,1.1474520000000001,BRA,ECU,880390
3587337,39,67,9631,2006,30692.0,0.0,0.865685,1.1480489999999999,CAN,ECU,880390
3587338,61,67,9631,2006,3962.0,0.0,2.132566,-2.773669,DEU,ECU,880390
3587339,72,67,9631,2006,0.0,1635.0,0.6426350000000001,0.925003,EST,ECU,880390
3587340,162,67,9631,2006,258149.0,17457.0,1.192134,1.450852,NLD,ECU,880390
3587341,231,67,9631,2006,531887.0,0.0,1.666643,-0.121679,USA,ECU,880390
3587342,7,71,9631,2006,0.0,388339.0,0.053903999999999994,-0.735124,ARE,ESP,880390
3587343,14,71,9631,2006,6643.0,13951.0,0.067166,0.373148,AUS,ESP,880390
3587344,15,71,9631,2006,8293.0,25153.0,1.775669,0.192717,AUT,ESP,880390
3587345,18,71,9631,2006,1470699.0,157206.0,1.2222540000000002,1.383027,BEL,ESP,880390
3587346,24,71,9631,2006,0.0,72852.0,0.172724,-0.9449879999999999,BHR,ESP,880390
3587347,32,71,9631,2006,1477.0,80859.0,0.633889,1.1474520000000001,BRA,ESP,880390
3587348,39,71,9631,2006,291948.0,65724.0,0.865685,1.1480489999999999,CAN,ESP,880390
3587349,41,71,9631,2006,881746.0,16090.0,2.052534,0.515523,CHE,ESP,880390
3587350,42,71,9631,2006,0.0,306400.0,-0.188298,-0.46778000000000003,CHL,ESP,880390
3587351,43,71,9631,2006,15475.0,14372.0,0.737888,2.54966,CHN,ESP,880390
3587352,49,71,9631,2006,5145.0,5404.0,0.129887,0.44371700000000003,COL,ESP,880390
3587353,54,71,9631,2006,6409.0,64505.0,0.204039,-0.5183260000000001,CUB,ESP,880390
3587354,59,71,9631,2006,150767.0,0.0,1.564058,0.6023649999999999,CZE,ESP,880390
3587355,61,71,9631,2006,7544920.0,60795708.0,2.132566,-2.773669,DEU,ESP,880390
3587356,64,71,9631,2006,15504.0,755150.0,1.2308700000000001,1.180914,DNK,ESP,880390
3587357,65,71,9631,2006,0.0,55093.0,-0.24073699999999998,0.049093,DOM,ESP,880390
3587358,74,71,9631,2006,0.0,147320.0,1.864038,0.8193940000000001,FIN,ESP,880390
3587359,77,71,9631,2006,23758598.0,19777868.0,1.47591,0.489466,FRA,ESP,880390
3587360,80,71,9631,2006,0.0,817980.0,-1.6696819999999999,-1.173322,GAB,ESP,880390
3587361,81,71,9631,2006,3577974.0,5428656.0,1.824154,0.614424,GBR,ESP,880390
3587362,92,71,9631,2006,0.0,115.0,-1.0014,-0.935995,GRL,ESP,880390
3587363,97,71,9631,2006,0.0,12547.0,0.5776319999999999,2.076782,HKG,ESP,880390
3587364,103,71,9631,2006,0.0,1801.0,-0.21012399999999998,1.467838,IDN,ESP,880390
3587365,104,71,9631,2006,0.0,3565.0,0.285652,2.731318,IND,ESP,880390
3587366,106,71,9631,2006,75756.0,33344.0,1.43804,0.06463200000000001,IRL,ESP,880390
3587367,107,71,9631,2006,8716.0,0.0,-0.391023,-0.767861,IRN,ESP,880390
3587368,109,71,9631,2006,89816.0,958.0,0.170234,-0.302203,ISL,ESP,880390
3587369,110,71,9631,2006,1275.0,12505.0,1.3082129999999998,0.783845,ISR,ESP,880390
3587370,111,71,9631,2006,921674.0,3167501.0,1.293779,0.93995,ITA,ESP,880390
3587371,113,71,9631,2006,0.0,1584.0,0.166718,0.331248,JOR,ESP,880390
3587372,114,71,9631,2006,0.0,96873.0,2.4348099999999997,0.082887,JPN,ESP,880390
3587373,116,71,9631,2006,0.0,165585.0,-0.38287899999999997,1.060286,KEN,ESP,880390
3587374,121,71,9631,2006,0.0,3564.0,1.5384309999999999,0.766628,KOR,ESP,880390
3587375,130,71,9631,2006,0.0,1389.0,0.44063599999999997,1.163857,LTU,ESP,880390
3587376,134,71,9631,2006,0.0,2389.0,-0.547933,0.08257300000000001,MAR,ESP,880390
3587377,138,71,9631,2006,68324.0,5483.0,1.047268,0.7142270000000001,MEX,ESP,880390
3587378,153,71,9631,2006,0.0,5471.0,0.7896569999999999,0.363625,MYS,ESP,880390
3587379,162,71,9631,2006,78178.0,2448955.0,1.192134,1.450852,NLD,ESP,880390
3587380,163,71,9631,2006,73462.0,433226.0,1.0787930000000001,0.014051,NOR,ESP,880390
3587381,167,71,9631,2006,37419.0,202770.0,-0.6373989999999999,-1.092554,OMN,ESP,880390
3587382,168,71,9631,2006,0.0,1637.0,-0.449333,0.563013,PAK,ESP,880390
3587383,174,71,9631,2006,16975.0,0.0,0.161994,0.036631,PHL,ESP,880390
3587384,179,71,9631,2006,1375.0,1294.0,0.5723630000000001,1.92303,PRT,ESP,880390
3587385,183,71,9631,2006,4540.0,0.0,0.055777999999999994,-1.0379049999999999,QAT,ESP,880390
3587386,185,71,9631,2006,0.0,5062.0,0.550825,1.170744,ROU,ESP,880390
3587387,186,71,9631,2006,0.0,104886.0,0.801197,0.104683,RUS,ESP,880390
3587388,191,71,9631,2006,0.0,1135.0,-0.364713,-0.183612,SEN,ESP,880390
3587389,192,71,9631,2006,0.0,73042.0,1.5377379999999998,0.503089,SGP,ESP,880390
3587390,206,71,9631,2006,0.0,2678.0,1.291583,0.868317,SVK,ESP,880390
3587391,208,71,9631,2006,25705.0,828686.0,1.902737,0.593294,SWE,ESP,880390
3587392,216,71,9631,2006,89204.0,0.0,0.568209,1.685343,THA,ESP,880390
3587393,224,71,9631,2006,1941.0,131444.0,0.33971599999999996,2.193384,TUR,ESP,880390
3587394,226,71,9631,2006,1810.0,1907.0,-0.953097,0.159129,TZA,ESP,880390
3587395,227,71,9631,2006,1209.0,0.0,-0.702511,-0.43976099999999996,UGA,ESP,880390
3587396,228,71,9631,2006,0.0,73495.0,0.7008439999999999,0.79656,UKR,ESP,880390
3587397,230,71,9631,2006,0.0,82979.0,0.234384,0.118878,URY,ESP,880390
3587398,231,71,9631,2006,6550294.0,10517198.0,1.666643,-0.121679,USA,ESP,880390
3587399,236,71,9631,2006,0.0,76910.0,-0.340972,-1.015462,VEN,ESP,880390
3587400,246,71,9631,2006,0.0,1162.0,0.37964499999999995,1.466326,ZAF,ESP,880390
3587401,249,71,9631,2006,44172.0,0.0,1.619915,1.2289940000000001,TWN,ESP,880390
3587402,14,74,9631,2006,0.0,7269.0,0.067166,0.373148,AUS,FIN,880390
3587403,18,74,9631,2006,377398.0,1162.0,1.2222540000000002,1.383027,BEL,FIN,880390
3587404,39,74,9631,2006,19167.0,13530.0,0.865685,1.1480489999999999,CAN,FIN,880390
3587405,41,74,9631,2006,0.0,50330.0,2.052534,0.515523,CHE,FIN,880390
3587406,59,74,9631,2006,2616.0,0.0,1.564058,0.6023649999999999,CZE,FIN,880390
3587407,61,74,9631,2006,1252640.0,2534835.0,2.132566,-2.773669,DEU,FIN,880390
3587408,71,74,9631,2006,147320.0,0.0,0.9091370000000001,2.068166,ESP,FIN,880390
3587409,72,74,9631,2006,0.0,1171.0,0.6426350000000001,0.925003,EST,FIN,880390
3587410,77,74,9631,2006,341238.0,3264886.0,1.47591,0.489466,FRA,FIN,880390
3587411,81,74,9631,2006,218604.0,0.0,1.824154,0.614424,GBR,FIN,880390
3587412,96,74,9631,2006,0.0,5923.0,-0.813775,-0.8000649999999999,GUY,FIN,880390
3587413,104,74,9631,2006,130143.0,8080.0,0.285652,2.731318,IND,FIN,880390
3587414,111,74,9631,2006,2932.0,88611.0,1.293779,0.93995,ITA,FIN,880390
3587415,163,74,9631,2006,3716.0,0.0,1.0787930000000001,0.014051,NOR,FIN,880390
3587416,174,74,9631,2006,3478.0,0.0,0.161994,0.036631,PHL,FIN,880390
3587417,183,74,9631,2006,0.0,782711.0,0.055777999999999994,-1.0379049999999999,QAT,FIN,880390
3587418,190,74,9631,2006,0.0,1209.0,-1.873762,-1.278378,SDN,FIN,880390
3587419,192,74,9631,2006,1029.0,0.0,1.5377379999999998,0.503089,SGP,FIN,880390
3587420,208,74,9631,2006,2661.0,0.0,1.902737,0.593294,SWE,FIN,880390
3587421,231,74,9631,2006,341399.0,164055.0,1.666643,-0.121679,USA,FIN,880390
3587422,1,77,9631,2006,0.0,182024.0,-0.626011,-0.6799689999999999,AFG,FRA,880390
3587423,2,77,9631,2006,0.0,2511.0,-2.0822979999999998,-1.176767,AGO,FRA,880390
3587424,5,77,9631,2006,3117.0,6929.0,1.03128,0.402281,AND,FRA,880390
3587425,6,77,9631,2006,18512.0,67655.0,0.251825,-0.629035,ANT,FRA,880390
3587426,7,77,9631,2006,18192.0,2668133.0,0.053903999999999994,-0.735124,ARE,FRA,880390
3587427,8,77,9631,2006,0.0,30172.0,0.33055,0.665867,ARG,FRA,880390
3587428,14,77,9631,2006,19579.0,299708.0,0.067166,0.373148,AUS,FRA,880390
3587429,15,77,9631,2006,1512920.0,631158.0,1.775669,0.192717,AUT,FRA,880390
3587430,16,77,9631,2006,0.0,992.0,-0.521304,-1.035764,AZE,FRA,880390
3587431,18,77,9631,2006,40104420.0,6488476.0,1.2222540000000002,1.383027,BEL,FRA,880390
3587432,19,77,9631,2006,0.0,2470160.0,-0.8434360000000001,-0.798307,BEN,FRA,880390
3587433,21,77,9631,2006,0.0,3766.0,-0.9432020000000001,-0.969247,BFA,FRA,880390
3587434,22,77,9631,2006,39066.0,0.0,-1.0305309999999999,-0.80937,BGD,FRA,880390
3587435,23,77,9631,2006,3428.0,1219.0,0.414563,1.378005,BGR,FRA,880390
3587436,24,77,9631,2006,16337917.0,47795.0,0.172724,-0.9449879999999999,BHR,FRA,880390
3587437,32,77,9631,2006,9521.0,344546.0,0.633889,1.1474520000000001,BRA,FRA,880390
3587438,35,77,9631,2006,0.0,4653.0,-0.016287,-0.561397,BTN,FRA,880390
3587439,37,77,9631,2006,293956.0,375248.0,-1.0541459999999998,-1.179286,BWA,FRA,880390
3587440,38,77,9631,2006,0.0,5539.0,-0.768791,-0.822677,CAF,FRA,880390
3587441,39,77,9631,2006,150738.0,5435072.0,0.865685,1.1480489999999999,CAN,FRA,880390
3587442,41,77,9631,2006,31280922.0,9725939.0,2.052534,0.515523,CHE,FRA,880390
3587443,42,77,9631,2006,1488.0,38095.0,-0.188298,-0.46778000000000003,CHL,FRA,880390
3587444,43,77,9631,2006,253879.0,2031461.0,0.737888,2.54966,CHN,FRA,880390
3587445,44,77,9631,2006,0.0,9627.0,-0.8918530000000001,-0.8145819999999999,CIV,FRA,880390
3587446,45,77,9631,2006,0.0,339131.0,-1.358873,-1.1511360000000002,CMR,FRA,880390
3587447,47,77,9631,2006,0.0,148130.0,-1.9903240000000002,-1.189925,COG,FRA,880390
3587448,49,77,9631,2006,5640.0,395976.0,0.129887,0.44371700000000003,COL,FRA,880390
3587449,51,77,9631,2006,0.0,2077.0,0.369814,-0.414812,CPV,FRA,880390
3587450,54,77,9631,2006,0.0,9281.0,0.204039,-0.5183260000000001,CUB,FRA,880390
3587451,58,77,9631,2006,0.0,44282.0,0.708267,-0.048096,CYP,FRA,880390
3587452,59,77,9631,2006,19147.0,15719.0,1.564058,0.6023649999999999,CZE,FRA,880390
3587453,61,77,9631,2006,156941920.0,107969112.0,2.132566,-2.773669,DEU,FRA,880390
3587454,62,77,9631,2006,0.0,3766.0,-0.251707,-0.436792,DJI,FRA,880390
3587455,64,77,9631,2006,200487.0,80549.0,1.2308700000000001,1.180914,DNK,FRA,880390
3587456,65,77,9631,2006,0.0,906.0,-0.24073699999999998,0.049093,DOM,FRA,880390
3587457,66,77,9631,2006,0.0,71158.0,-0.489962,-1.12456,DZA,FRA,880390
3587458,68,77,9631,2006,0.0,153343.0,-0.182272,0.40222399999999997,EGY,FRA,880390
3587459,71,77,9631,2006,19777868.0,23758598.0,0.9091370000000001,2.068166,ESP,FRA,880390
3587460,72,77,9631,2006,0.0,13654.0,0.6426350000000001,0.925003,EST,FRA,880390
3587461,73,77,9631,2006,0.0,2135.0,-0.9557180000000001,-0.9153479999999999,ETH,FRA,880390
3587462,74,77,9631,2006,3264886.0,341238.0,1.864038,0.8193940000000001,FIN,FRA,880390
3587463,80,77,9631,2006,28600.0,167228.0,-1.6696819999999999,-1.173322,GAB,FRA,880390
3587464,81,77,9631,2006,103250488.0,21836464.0,1.824154,0.614424,GBR,FRA,880390
3587465,82,77,9631,2006,62592.0,0.0,0.076711,-0.47216099999999994,GEO,FRA,880390
3587466,83,77,9631,2006,2317.0,5335.0,-0.9934860000000001,-0.809318,GHA,FRA,880390
3587467,85,77,9631,2006,0.0,3336.0,-1.8376720000000002,-1.229774,GIN,FRA,880390
3587468,87,77,9631,2006,0.0,6211.0,-0.378539,-0.48427200000000004,GMB,FRA,880390
3587469,90,77,9631,2006,459394.0,270631.0,0.261955,1.488958,GRC,FRA,880390
3587470,92,77,9631,2006,0.0,7499.0,-1.0014,-0.935995,GRL,FRA,880390
3587471,93,77,9631,2006,0.0,62540.0,-0.28642199999999995,0.5868439999999999,GTM,FRA,880390
3587472,96,77,9631,2006,0.0,94481.0,-0.813775,-0.8000649999999999,GUY,FRA,880390
3587473,97,77,9631,2006,168730.0,522398.0,0.5776319999999999,2.076782,HKG,FRA,880390
3587474,100,77,9631,2006,0.0,3449.0,0.755787,0.992614,HRV,FRA,880390
3587475,102,77,9631,2006,230721.0,2385.0,1.4034309999999999,0.835144,HUN,FRA,880390
3587476,103,77,9631,2006,11882.0,28122.0,-0.21012399999999998,1.467838,IDN,FRA,880390
3587477,104,77,9631,2006,128946.0,124454.0,0.285652,2.731318,IND,FRA,880390
3587478,106,77,9631,2006,548750.0,169382.0,1.43804,0.06463200000000001,IRL,FRA,880390
3587479,107,77,9631,2006,0.0,602090.0,-0.391023,-0.767861,IRN,FRA,880390
3587480,109,77,9631,2006,0.0,66157.0,0.170234,-0.302203,ISL,FRA,880390
3587481,110,77,9631,2006,1063652.0,292689.0,1.3082129999999998,0.783845,ISR,FRA,880390
3587482,111,77,9631,2006,79247144.0,26151646.0,1.293779,0.93995,ITA,FRA,880390
3587483,113,77,9631,2006,266677.0,149011.0,0.166718,0.331248,JOR,FRA,880390
3587484,114,77,9631,2006,4511015.0,314544.0,2.4348099999999997,0.082887,JPN,FRA,880390
3587485,115,77,9631,2006,0.0,9491913.0,0.038229,-0.579421,KAZ,FRA,880390
3587486,116,77,9631,2006,2054.0,9626.0,-0.38287899999999997,1.060286,KEN,FRA,880390
3587487,117,77,9631,2006,0.0,12642.0,-0.034069,0.136694,KGZ,FRA,880390
3587488,118,77,9631,2006,0.0,2075.0,-1.323365,-1.185827,KHM,FRA,880390
3587489,121,77,9631,2006,37422.0,707278.0,1.5384309999999999,0.766628,KOR,FRA,880390
3587490,122,77,9631,2006,0.0,20473.0,-0.589823,-1.142795,KWT,FRA,880390
3587491,124,77,9631,2006,42611.0,4887.0,0.3861,1.586183,LBN,FRA,880390
3587492,128,77,9631,2006,0.0,25649.0,-0.573767,0.305913,LKA,FRA,880390
3587493,131,77,9631,2006,31798.0,70234.0,1.4345620000000001,0.8840819999999999,LUX,FRA,880390
3587494,133,77,9631,2006,0.0,3535.0,-0.07118200000000001,-0.228354,MAC,FRA,880390
3587495,134,77,9631,2006,1302938.0,10659348.0,-0.547933,0.08257300000000001,MAR,FRA,880390
3587496,136,77,9631,2006,6551.0,9683.0,-1.024657,-0.393395,MDG,FRA,880390
3587497,138,77,9631,2006,71227.0,366528.0,1.047268,0.7142270000000001,MEX,FRA,880390
3587498,140,77,9631,2006,0.0,17698.0,-0.21336,0.17674700000000002,MKD,FRA,880390
3587499,141,77,9631,2006,0.0,20624.0,-0.503462,-0.778836,MLI,FRA,880390
3587500,143,77,9631,2006,0.0,5021.0,-1.543679,-1.145623,MMR,FRA,880390
3587501,148,77,9631,2006,0.0,18255.0,-1.72422,-1.2414399999999999,MRT,FRA,880390
3587502,151,77,9631,2006,0.0,3518.0,-0.311109,-0.07267,MUS,FRA,880390
3587503,152,77,9631,2006,55852.0,0.0,-1.145132,-1.0946209999999998,MWI,FRA,880390
3587504,153,77,9631,2006,1773933.0,184611.0,0.7896569999999999,0.363625,MYS,FRA,880390
3587505,154,77,9631,2006,0.0,3552.0,1.1370049999999998,0.131896,MYT,FRA,880390
3587506,155,77,9631,2006,4592.0,3190.0,-0.515361,-0.8027350000000001,NAM,FRA,880390
3587507,156,77,9631,2006,1494453.0,26113.0,-0.135099,-0.7618779999999999,NCL,FRA,880390
3587508,157,77,9631,2006,251147.0,22810.0,-0.554188,-0.708255,NER,FRA,880390
3587509,159,77,9631,2006,0.0,50783.0,-2.094353,-1.215025,NGA,FRA,880390
3587510,162,77,9631,2006,12801265.0,30166846.0,1.192134,1.450852,NLD,FRA,880390
3587511,163,77,9631,2006,4234666.0,997243.0,1.0787930000000001,0.014051,NOR,FRA,880390
3587512,166,77,9631,2006,0.0,20698.0,0.5371,0.8240209999999999,NZL,FRA,880390
3587513,167,77,9631,2006,416112.0,9306.0,-0.6373989999999999,-1.092554,OMN,FRA,880390
3587514,168,77,9631,2006,406092.0,406729.0,-0.449333,0.563013,PAK,FRA,880390
3587515,173,77,9631,2006,0.0,6236.0,-0.551095,0.044295,PER,FRA,880390
3587516,174,77,9631,2006,3958409.0,3751.0,0.161994,0.036631,PHL,FRA,880390
3587517,176,77,9631,2006,0.0,8787.0,-1.89409,-1.234731,PNG,FRA,880390
3587518,177,77,9631,2006,671835.0,20890.0,0.991927,1.474418,POL,FRA,880390
3587519,179,77,9631,2006,1205864.0,118310.0,0.5723630000000001,1.92303,PRT,FRA,880390
3587520,182,77,9631,2006,0.0,2402868.0,-0.213329,-0.743599,PYF,FRA,880390
3587521,183,77,9631,2006,9208.0,377231.0,0.055777999999999994,-1.0379049999999999,QAT,FRA,880390
3587522,185,77,9631,2006,0.0,549650.0,0.550825,1.170744,ROU,FRA,880390
3587523,186,77,9631,2006,0.0,472213.0,0.801197,0.104683,RUS,FRA,880390
3587524,188,77,9631,2006,9772125.0,1523235.0,0.162432,-0.853059,SAU,FRA,880390
3587525,190,77,9631,2006,54804.0,2533.0,-1.873762,-1.278378,SDN,FRA,880390
3587526,191,77,9631,2006,83751.0,57001.0,-0.364713,-0.183612,SEN,FRA,880390
3587527,192,77,9631,2006,566415.0,2457060.0,1.5377379999999998,0.503089,SGP,FRA,880390
3587528,194,77,9631,2006,0.0,25107.0,1.281841,-0.043162,SHN,FRA,880390
3587529,200,77,9631,2006,0.0,6277.0,0.207474,-0.624729,SPM,FRA,880390
3587530,201,77,9631,2006,8405.0,125518.0,0.547824,1.5588879999999998,SRB,FRA,880390
3587531,206,77,9631,2006,0.0,4847.0,1.291583,0.868317,SVK,FRA,880390
3587532,207,77,9631,2006,3384.0,1188.0,1.5882370000000001,0.800719,SVN,FRA,880390
3587533,208,77,9631,2006,12273701.0,1480139.0,1.902737,0.593294,SWE,FRA,880390
3587534,209,77,9631,2006,0.0,21341.0,0.750674,0.221306,SWZ,FRA,880390
3587535,211,77,9631,2006,1020.0,10651.0,-0.344619,-0.796139,SYC,FRA,880390
3587536,212,77,9631,2006,0.0,33372.0,-0.588695,0.532487,SYR,FRA,880390
3587537,214,77,9631,2006,1122.0,18830.0,-3.0579419999999997,-0.8926649999999999,TCD,FRA,880390
3587538,215,77,9631,2006,0.0,13809.0,-0.8304020000000001,-0.678178,TGO,FRA,880390
3587539,216,77,9631,2006,20708394.0,43365.0,0.568209,1.685343,THA,FRA,880390
3587540,222,77,9631,2006,0.0,1942.0,-0.20651399999999998,-1.024907,TTO,FRA,880390
3587541,223,77,9631,2006,12355.0,148555.0,-0.013636,0.804752,TUN,FRA,880390
3587542,224,77,9631,2006,7466.0,414542.0,0.33971599999999996,2.193384,TUR,FRA,880390
3587543,226,77,9631,2006,0.0,4097.0,-0.953097,0.159129,TZA,FRA,880390
3587544,228,77,9631,2006,7498.0,50596.0,0.7008439999999999,0.79656,UKR,FRA,880390
3587545,230,77,9631,2006,5754.0,11748.0,0.234384,0.118878,URY,FRA,880390
3587546,231,77,9631,2006,36251428.0,33576460.0,1.666643,-0.121679,USA,FRA,880390
3587547,236,77,9631,2006,0.0,5899.0,-0.340972,-1.015462,VEN,FRA,880390
3587548,239,77,9631,2006,46681.0,0.0,-0.342779,1.033318,VNM,FRA,880390
3587549,240,77,9631,2006,0.0,7059.0,-1.166741,-0.927552,VUT,FRA,880390
3587550,241,77,9631,2006,0.0,1355.0,1.609916,-0.311544,WLF,FRA,880390
3587551,246,77,9631,2006,168172.0,3721102.0,0.37964499999999995,1.466326,ZAF,FRA,880390
3587552,248,77,9631,2006,0.0,1022.0,-0.41825500000000004,-0.55313,ZWE,FRA,880390
3587553,249,77,9631,2006,685260.0,590046.0,1.619915,1.2289940000000001,TWN,FRA,880390
3587554,250,77,9631,2006,9170895.0,40114.0,0.711619,-0.41880200000000006,ANS,FRA,880390
3587555,6,81,9631,2006,0.0,2580.0,0.251825,-0.629035,ANT,GBR,880390
3587556,14,81,9631,2006,0.0,282690.0,0.067166,0.373148,AUS,GBR,880390
3587557,15,81,9631,2006,2860482.0,876176.0,1.775669,0.192717,AUT,GBR,880390
3587558,18,81,9631,2006,9307857.0,2585626.0,1.2222540000000002,1.383027,BEL,GBR,880390
3587559,22,81,9631,2006,0.0,39507.0,-1.0305309999999999,-0.80937,BGD,GBR,880390
3587560,23,81,9631,2006,0.0,3136.0,0.414563,1.378005,BGR,GBR,880390
3587561,24,81,9631,2006,183443.0,4904442.0,0.172724,-0.9449879999999999,BHR,GBR,880390
3587562,25,81,9631,2006,10136.0,3248.0,0.673694,-0.519608,BHS,GBR,880390
3587563,32,81,9631,2006,0.0,19748.0,0.633889,1.1474520000000001,BRA,GBR,880390
3587564,33,81,9631,2006,2826.0,32642.0,0.977267,0.6046560000000001,BRB,GBR,880390
3587565,34,81,9631,2006,0.0,339250.0,-1.331831,-0.9170940000000001,BRN,GBR,880390
3587566,37,81,9631,2006,170036.0,109201.0,-1.0541459999999998,-1.179286,BWA,GBR,880390
3587567,39,81,9631,2006,35123.0,394188.0,0.865685,1.1480489999999999,CAN,GBR,880390
3587568,41,81,9631,2006,600324.0,410836.0,2.052534,0.515523,CHE,GBR,880390
3587569,43,81,9631,2006,1085639.0,61136.0,0.737888,2.54966,CHN,GBR,880390
3587570,49,81,9631,2006,0.0,4346.0,0.129887,0.44371700000000003,COL,GBR,880390
3587571,51,81,9631,2006,760.0,63914.0,0.369814,-0.414812,CPV,GBR,880390
3587572,52,81,9631,2006,1020930.0,0.0,0.042663,-0.376672,CRI,GBR,880390
3587573,58,81,9631,2006,0.0,557176.0,0.708267,-0.048096,CYP,GBR,880390
3587574,59,81,9631,2006,49649.0,1366.0,1.564058,0.6023649999999999,CZE,GBR,880390
3587575,61,81,9631,2006,20723724.0,23755212.0,2.132566,-2.773669,DEU,GBR,880390
3587576,64,81,9631,2006,3880.0,636201.0,1.2308700000000001,1.180914,DNK,GBR,880390
3587577,71,81,9631,2006,5428656.0,3577974.0,0.9091370000000001,2.068166,ESP,GBR,880390
3587578,72,81,9631,2006,0.0,45334.0,0.6426350000000001,0.925003,EST,GBR,880390
3587579,74,81,9631,2006,0.0,218604.0,1.864038,0.8193940000000001,FIN,GBR,880390
3587580,75,81,9631,2006,1673.0,11743.0,-0.6554949999999999,-0.098284,FJI,GBR,880390
3587581,77,81,9631,2006,21836464.0,103250488.0,1.47591,0.489466,FRA,GBR,880390
3587582,83,81,9631,2006,0.0,1714.0,-0.9934860000000001,-0.809318,GHA,GBR,880390
3587583,85,81,9631,2006,0.0,4256.0,-1.8376720000000002,-1.229774,GIN,GBR,880390
3587584,93,81,9631,2006,0.0,4741.0,-0.28642199999999995,0.5868439999999999,GTM,GBR,880390
3587585,96,81,9631,2006,0.0,1413.0,-0.813775,-0.8000649999999999,GUY,GBR,880390
3587586,100,81,9631,2006,1514.0,0.0,0.755787,0.992614,HRV,GBR,880390
3587587,102,81,9631,2006,0.0,1858.0,1.4034309999999999,0.835144,HUN,GBR,880390
3587588,103,81,9631,2006,0.0,5681834.0,-0.21012399999999998,1.467838,IDN,GBR,880390
3587589,104,81,9631,2006,1009334.0,4242366.0,0.285652,2.731318,IND,GBR,880390
3587590,106,81,9631,2006,2453752.0,2039687.0,1.43804,0.06463200000000001,IRL,GBR,880390
3587591,109,81,9631,2006,0.0,3089.0,0.170234,-0.302203,ISL,GBR,880390
3587592,110,81,9631,2006,293137.0,3732547.0,1.3082129999999998,0.783845,ISR,GBR,880390
3587593,111,81,9631,2006,6181232.0,3327439.0,1.293779,0.93995,ITA,GBR,880390
3587594,113,81,9631,2006,1132117.0,4230186.0,0.166718,0.331248,JOR,GBR,880390
3587595,114,81,9631,2006,69444.0,566828.0,2.4348099999999997,0.082887,JPN,GBR,880390
3587596,116,81,9631,2006,110098.0,1258072.0,-0.38287899999999997,1.060286,KEN,GBR,880390
3587597,121,81,9631,2006,286922.0,100930.0,1.5384309999999999,0.766628,KOR,GBR,880390
3587598,128,81,9631,2006,10519.0,7977.0,-0.573767,0.305913,LKA,GBR,880390
3587599,130,81,9631,2006,11879.0,0.0,0.44063599999999997,1.163857,LTU,GBR,880390
3587600,131,81,9631,2006,14159681.0,13589911.0,1.4345620000000001,0.8840819999999999,LUX,GBR,880390
3587601,133,81,9631,2006,0.0,922.0,-0.07118200000000001,-0.228354,MAC,GBR,880390
3587602,138,81,9631,2006,0.0,239982.0,1.047268,0.7142270000000001,MEX,GBR,880390
3587603,142,81,9631,2006,0.0,54471.0,1.384411,0.093734,MLT,GBR,880390
3587604,147,81,9631,2006,2940.0,0.0,-1.0250629999999998,-1.067359,MOZ,GBR,880390
3587605,153,81,9631,2006,18697964.0,29848648.0,0.7896569999999999,0.363625,MYS,GBR,880390
3587606,155,81,9631,2006,0.0,3248.0,-0.515361,-0.8027350000000001,NAM,GBR,880390
3587607,157,81,9631,2006,0.0,31960.0,-0.554188,-0.708255,NER,GBR,880390
3587608,159,81,9631,2006,0.0,2605.0,-2.094353,-1.215025,NGA,GBR,880390
3587609,162,81,9631,2006,853202.0,3831794.0,1.192134,1.450852,NLD,GBR,880390
3587610,163,81,9631,2006,1429754.0,177637.0,1.0787930000000001,0.014051,NOR,GBR,880390
3587611,166,81,9631,2006,115281.0,5118.0,0.5371,0.8240209999999999,NZL,GBR,880390
3587612,167,81,9631,2006,5795432.0,4410432.0,-0.6373989999999999,-1.092554,OMN,GBR,880390
3587613,168,81,9631,2006,14691.0,1064562.0,-0.449333,0.563013,PAK,GBR,880390
3587614,174,81,9631,2006,3706240.0,60044.0,0.161994,0.036631,PHL,GBR,880390
3587615,177,81,9631,2006,212460.0,39733.0,0.991927,1.474418,POL,GBR,880390
3587616,183,81,9631,2006,0.0,1130670.0,0.055777999999999994,-1.0379049999999999,QAT,GBR,880390
3587617,185,81,9631,2006,0.0,7181.0,0.550825,1.170744,ROU,GBR,880390
3587618,187,81,9631,2006,0.0,1421.0,-0.032827999999999996,-0.42937600000000004,RWA,GBR,880390
3587619,188,81,9631,2006,4475045.0,7118268.0,0.162432,-0.853059,SAU,GBR,880390
3587620,190,81,9631,2006,0.0,9591.0,-1.873762,-1.278378,SDN,GBR,880390
3587621,191,81,9631,2006,33628.0,0.0,-0.364713,-0.183612,SEN,GBR,880390
3587622,192,81,9631,2006,359152.0,4704430.0,1.5377379999999998,0.503089,SGP,GBR,880390
3587623,208,81,9631,2006,1347951.0,233806.0,1.902737,0.593294,SWE,GBR,880390
3587624,211,81,9631,2006,0.0,105878.0,-0.344619,-0.796139,SYC,GBR,880390
3587625,216,81,9631,2006,22730658.0,131278400.0,0.568209,1.685343,THA,GBR,880390
3587626,222,81,9631,2006,0.0,7904.0,-0.20651399999999998,-1.024907,TTO,GBR,880390
3587627,223,81,9631,2006,596987.0,0.0,-0.013636,0.804752,TUN,GBR,880390
3587628,224,81,9631,2006,567376.0,12172.0,0.33971599999999996,2.193384,TUR,GBR,880390
3587629,226,81,9631,2006,3152.0,28394.0,-0.953097,0.159129,TZA,GBR,880390
3587630,227,81,9631,2006,2918.0,250236.0,-0.702511,-0.43976099999999996,UGA,GBR,880390
3587631,231,81,9631,2006,50446656.0,33926016.0,1.666643,-0.121679,USA,GBR,880390
3587632,246,81,9631,2006,133254.0,481216.0,0.37964499999999995,1.466326,ZAF,GBR,880390
3587633,249,81,9631,2006,227970.0,354437.0,1.619915,1.2289940000000001,TWN,GBR,880390
3587634,18,90,9631,2006,61996.0,0.0,1.2222540000000002,1.383027,BEL,GRC,880390
3587635,39,90,9631,2006,52476.0,0.0,0.865685,1.1480489999999999,CAN,GRC,880390
3587636,41,90,9631,2006,3058.0,0.0,2.052534,0.515523,CHE,GRC,880390
3587637,59,90,9631,2006,34267.0,0.0,1.564058,0.6023649999999999,CZE,GRC,880390
3587638,61,90,9631,2006,173308.0,362653.0,2.132566,-2.773669,DEU,GRC,880390
3587639,64,90,9631,2006,1581.0,0.0,1.2308700000000001,1.180914,DNK,GRC,880390
3587640,77,90,9631,2006,270631.0,459394.0,1.47591,0.489466,FRA,GRC,880390
3587641,100,90,9631,2006,0.0,15879.0,0.755787,0.992614,HRV,GRC,880390
3587642,111,90,9631,2006,2455.0,0.0,1.293779,0.93995,ITA,GRC,880390
3587643,113,90,9631,2006,0.0,8225.0,0.166718,0.331248,JOR,GRC,880390
3587644,162,90,9631,2006,294460.0,3758.0,1.192134,1.450852,NLD,GRC,880390
3587645,163,90,9631,2006,6727.0,0.0,1.0787930000000001,0.014051,NOR,GRC,880390
3587646,174,90,9631,2006,1754.0,0.0,0.161994,0.036631,PHL,GRC,880390
3587647,192,90,9631,2006,29121.0,0.0,1.5377379999999998,0.503089,SGP,GRC,880390
3587648,201,90,9631,2006,252505.0,52008.0,0.547824,1.5588879999999998,SRB,GRC,880390
3587649,216,90,9631,2006,19017.0,0.0,0.568209,1.685343,THA,GRC,880390
3587650,231,90,9631,2006,573574.0,101286.0,1.666643,-0.121679,USA,GRC,880390
3587651,250,90,9631,2006,83521.0,0.0,0.711619,-0.41880200000000006,ANS,GRC,880390
3587652,39,93,9631,2006,13401.0,0.0,0.865685,1.1480489999999999,CAN,GTM,880390
3587653,59,93,9631,2006,1013.0,0.0,1.564058,0.6023649999999999,CZE,GTM,880390
3587654,77,93,9631,2006,62540.0,0.0,1.47591,0.489466,FRA,GTM,880390
3587655,81,93,9631,2006,4741.0,0.0,1.824154,0.614424,GBR,GTM,880390
3587656,138,93,9631,2006,1379.0,8420.0,1.047268,0.7142270000000001,MEX,GTM,880390
3587657,228,93,9631,2006,2042.0,0.0,0.7008439999999999,0.79656,UKR,GTM,880390
3587658,231,93,9631,2006,484773.0,0.0,1.666643,-0.121679,USA,GTM,880390
3587659,250,93,9631,2006,1581.0,0.0,0.711619,-0.41880200000000006,ANS,GTM,880390
3587660,39,96,9631,2006,1328.0,0.0,0.865685,1.1480489999999999,CAN,GUY,880390
3587661,74,96,9631,2006,5923.0,0.0,1.864038,0.8193940000000001,FIN,GUY,880390
3587662,77,96,9631,2006,94481.0,0.0,1.47591,0.489466,FRA,GUY,880390
3587663,81,96,9631,2006,1413.0,0.0,1.824154,0.614424,GBR,GUY,880390
3587664,222,96,9631,2006,1099.0,0.0,-0.20651399999999998,-1.024907,TTO,GUY,880390
3587665,231,96,9631,2006,6198.0,9515.0,1.666643,-0.121679,USA,GUY,880390
3587666,14,97,9631,2006,0.0,70658.0,0.067166,0.373148,AUS,HKG,880390
3587667,15,97,9631,2006,8307.0,0.0,1.775669,0.192717,AUT,HKG,880390
3587668,18,97,9631,2006,17405.0,0.0,1.2222540000000002,1.383027,BEL,HKG,880390
3587669,22,97,9631,2006,0.0,220088.0,-1.0305309999999999,-0.80937,BGD,HKG,880390
3587670,39,97,9631,2006,0.0,7532.0,0.865685,1.1480489999999999,CAN,HKG,880390
3587671,41,97,9631,2006,0.0,17251.0,2.052534,0.515523,CHE,HKG,880390
3587672,43,97,9631,2006,1597.0,23833.0,0.737888,2.54966,CHN,HKG,880390
3587673,61,97,9631,2006,18200.0,2962.0,2.132566,-2.773669,DEU,HKG,880390
3587674,64,97,9631,2006,924993.0,9607.0,1.2308700000000001,1.180914,DNK,HKG,880390
3587675,71,97,9631,2006,12547.0,0.0,0.9091370000000001,2.068166,ESP,HKG,880390
3587676,75,97,9631,2006,1238.0,0.0,-0.6554949999999999,-0.098284,FJI,HKG,880390
3587677,77,97,9631,2006,522398.0,168730.0,1.47591,0.489466,FRA,HKG,880390
3587678,104,97,9631,2006,0.0,47366.0,0.285652,2.731318,IND,HKG,880390
3587679,106,97,9631,2006,0.0,8080.0,1.43804,0.06463200000000001,IRL,HKG,880390
3587680,110,97,9631,2006,0.0,219993.0,1.3082129999999998,0.783845,ISR,HKG,880390
3587681,111,97,9631,2006,209351.0,13688.0,1.293779,0.93995,ITA,HKG,880390
3587682,114,97,9631,2006,33147.0,1489.0,2.4348099999999997,0.082887,JPN,HKG,880390
3587683,121,97,9631,2006,148545.0,32603.0,1.5384309999999999,0.766628,KOR,HKG,880390
3587684,153,97,9631,2006,525928.0,491039.0,0.7896569999999999,0.363625,MYS,HKG,880390
3587685,162,97,9631,2006,326304.0,4955.0,1.192134,1.450852,NLD,HKG,880390
3587686,168,97,9631,2006,0.0,25383.0,-0.449333,0.563013,PAK,HKG,880390
3587687,174,97,9631,2006,6313954.0,19342.0,0.161994,0.036631,PHL,HKG,880390
3587688,183,97,9631,2006,0.0,4207.0,0.055777999999999994,-1.0379049999999999,QAT,HKG,880390
3587689,192,97,9631,2006,806654.0,218229.0,1.5377379999999998,0.503089,SGP,HKG,880390
3587690,216,97,9631,2006,11297339.0,6101.0,0.568209,1.685343,THA,HKG,880390
3587691,231,97,9631,2006,4112077.0,129792.0,1.666643,-0.121679,USA,HKG,880390
3587692,246,97,9631,2006,0.0,13813.0,0.37964499999999995,1.466326,ZAF,HKG,880390
3587693,249,97,9631,2006,4932.0,9999.0,1.619915,1.2289940000000001,TWN,HKG,880390
3587694,32,99,9631,2006,52341.0,0.0,0.633889,1.1474520000000001,BRA,HND,880390
3587695,42,99,9631,2006,93028.0,0.0,-0.188298,-0.46778000000000003,CHL,HND,880390
3587696,163,99,9631,2006,5798.0,0.0,1.0787930000000001,0.014051,NOR,HND,880390
3587697,169,99,9631,2006,545059.0,0.0,0.306664,0.638533,PAN,HND,880390
3587698,231,99,9631,2006,105506.0,161612.0,1.666643,-0.121679,USA,HND,880390
3587699,7,103,9631,2006,0.0,4789.0,0.053903999999999994,-0.735124,ARE,IDN,880390
3587700,14,103,9631,2006,0.0,96767.0,0.067166,0.373148,AUS,IDN,880390
3587701,18,103,9631,2006,4153.0,0.0,1.2222540000000002,1.383027,BEL,IDN,880390
3587702,39,103,9631,2006,178706.0,5109.0,0.865685,1.1480489999999999,CAN,IDN,880390
3587703,41,103,9631,2006,1343873.0,961.0,2.052534,0.515523,CHE,IDN,880390
3587704,43,103,9631,2006,28170.0,0.0,0.737888,2.54966,CHN,IDN,880390
3587705,61,103,9631,2006,6663.0,0.0,2.132566,-2.773669,DEU,IDN,880390
3587706,64,103,9631,2006,948.0,1911.0,1.2308700000000001,1.180914,DNK,IDN,880390
3587707,71,103,9631,2006,1801.0,0.0,0.9091370000000001,2.068166,ESP,IDN,880390
3587708,77,103,9631,2006,28122.0,11882.0,1.47591,0.489466,FRA,IDN,880390
3587709,81,103,9631,2006,5681834.0,0.0,1.824154,0.614424,GBR,IDN,880390
3587710,111,103,9631,2006,1749.0,2424.0,1.293779,0.93995,ITA,IDN,880390
3587711,113,103,9631,2006,0.0,5888.0,0.166718,0.331248,JOR,IDN,880390
3587712,114,103,9631,2006,0.0,541172.0,2.4348099999999997,0.082887,JPN,IDN,880390
3587713,116,103,9631,2006,10496.0,23957.0,-0.38287899999999997,1.060286,KEN,IDN,880390
3587714,121,103,9631,2006,1165690.0,0.0,1.5384309999999999,0.766628,KOR,IDN,880390
3587715,153,103,9631,2006,2879691.0,167570.0,0.7896569999999999,0.363625,MYS,IDN,880390
3587716,162,103,9631,2006,1203083.0,0.0,1.192134,1.450852,NLD,IDN,880390
3587717,163,103,9631,2006,5708.0,4627.0,1.0787930000000001,0.014051,NOR,IDN,880390
3587718,166,103,9631,2006,937.0,0.0,0.5371,0.8240209999999999,NZL,IDN,880390
3587719,174,103,9631,2006,198281.0,0.0,0.161994,0.036631,PHL,IDN,880390
3587720,186,103,9631,2006,8919.0,0.0,0.801197,0.104683,RUS,IDN,880390
3587721,192,103,9631,2006,6355191.0,243407.0,1.5377379999999998,0.503089,SGP,IDN,880390
3587722,216,103,9631,2006,118932.0,345241.0,0.568209,1.685343,THA,IDN,880390
3587723,231,103,9631,2006,380183.0,152778.0,1.666643,-0.121679,USA,IDN,880390
3587724,2,104,9631,2006,0.0,1355.0,-2.0822979999999998,-1.176767,AGO,IND,880390
3587725,7,104,9631,2006,4668.0,114291.0,0.053903999999999994,-0.735124,ARE,IND,880390
3587726,14,104,9631,2006,32183.0,0.0,0.067166,0.373148,AUS,IND,880390
3587727,15,104,9631,2006,5623.0,0.0,1.775669,0.192717,AUT,IND,880390
3587728,18,104,9631,2006,5537695.0,5343.0,1.2222540000000002,1.383027,BEL,IND,880390
3587729,39,104,9631,2006,13146.0,0.0,0.865685,1.1480489999999999,CAN,IND,880390
3587730,41,104,9631,2006,6079.0,30248.0,2.052534,0.515523,CHE,IND,880390
3587731,43,104,9631,2006,38159.0,0.0,0.737888,2.54966,CHN,IND,880390
3587732,59,104,9631,2006,20305.0,0.0,1.564058,0.6023649999999999,CZE,IND,880390
3587733,61,104,9631,2006,834412.0,66822.0,2.132566,-2.773669,DEU,IND,880390
3587734,64,104,9631,2006,28242.0,0.0,1.2308700000000001,1.180914,DNK,IND,880390
3587735,71,104,9631,2006,3565.0,0.0,0.9091370000000001,2.068166,ESP,IND,880390
3587736,74,104,9631,2006,8080.0,130143.0,1.864038,0.8193940000000001,FIN,IND,880390
3587737,77,104,9631,2006,124454.0,128946.0,1.47591,0.489466,FRA,IND,880390
3587738,81,104,9631,2006,4242366.0,1009334.0,1.824154,0.614424,GBR,IND,880390
3587739,97,104,9631,2006,47366.0,0.0,0.5776319999999999,2.076782,HKG,IND,880390
3587740,102,104,9631,2006,106698.0,0.0,1.4034309999999999,0.835144,HUN,IND,880390
3587741,106,104,9631,2006,22368.0,0.0,1.43804,0.06463200000000001,IRL,IND,880390
3587742,107,104,9631,2006,0.0,35453.0,-0.391023,-0.767861,IRN,IND,880390
3587743,110,104,9631,2006,4656174.0,82531.0,1.3082129999999998,0.783845,ISR,IND,880390
3587744,111,104,9631,2006,2959306.0,85691.0,1.293779,0.93995,ITA,IND,880390
3587745,113,104,9631,2006,0.0,510095.0,0.166718,0.331248,JOR,IND,880390
3587746,114,104,9631,2006,9313.0,0.0,2.4348099999999997,0.082887,JPN,IND,880390
3587747,116,104,9631,2006,998.0,0.0,-0.38287899999999997,1.060286,KEN,IND,880390
3587748,121,104,9631,2006,0.0,3279.0,1.5384309999999999,0.766628,KOR,IND,880390
3587749,128,104,9631,2006,3748.0,2608.0,-0.573767,0.305913,LKA,IND,880390
3587750,130,104,9631,2006,11200.0,0.0,0.44063599999999997,1.163857,LTU,IND,880390
3587751,143,104,9631,2006,0.0,2994.0,-1.543679,-1.145623,MMR,IND,880390
3587752,151,104,9631,2006,0.0,1597.0,-0.311109,-0.07267,MUS,IND,880390
3587753,153,104,9631,2006,1472230.0,281146.0,0.7896569999999999,0.363625,MYS,IND,880390
3587754,155,104,9631,2006,0.0,32090.0,-0.515361,-0.8027350000000001,NAM,IND,880390
3587755,162,104,9631,2006,241756.0,168136.0,1.192134,1.450852,NLD,IND,880390
3587756,163,104,9631,2006,1513.0,0.0,1.0787930000000001,0.014051,NOR,IND,880390
3587757,164,104,9631,2006,0.0,2415.0,-0.29672600000000005,0.665077,NPL,IND,880390
3587758,167,104,9631,2006,865920.0,31859.0,-0.6373989999999999,-1.092554,OMN,IND,880390
3587759,174,104,9631,2006,19180.0,0.0,0.161994,0.036631,PHL,IND,880390
3587760,177,104,9631,2006,195225.0,0.0,0.991927,1.474418,POL,IND,880390
3587761,179,104,9631,2006,0.0,20622.0,0.5723630000000001,1.92303,PRT,IND,880390
3587762,186,104,9631,2006,4479536.0,9010766.0,0.801197,0.104683,RUS,IND,880390
3587763,188,104,9631,2006,166598.0,18321.0,0.162432,-0.853059,SAU,IND,880390
3587764,190,104,9631,2006,0.0,4153.0,-1.873762,-1.278378,SDN,IND,880390
3587765,192,104,9631,2006,1032632.0,48466.0,1.5377379999999998,0.503089,SGP,IND,880390
3587766,208,104,9631,2006,2885.0,0.0,1.902737,0.593294,SWE,IND,880390
3587767,216,104,9631,2006,597249.0,9983.0,0.568209,1.685343,THA,IND,880390
3587768,224,104,9631,2006,8161.0,0.0,0.33971599999999996,2.193384,TUR,IND,880390
3587769,227,104,9631,2006,0.0,49839.0,-0.702511,-0.43976099999999996,UGA,IND,880390
3587770,228,104,9631,2006,2214364.0,267223.0,0.7008439999999999,0.79656,UKR,IND,880390
3587771,231,104,9631,2006,6065458.0,193370.0,1.666643,-0.121679,USA,IND,880390
3587772,246,104,9631,2006,0.0,617791.0,0.37964499999999995,1.466326,ZAF,IND,880390
3587773,249,104,9631,2006,10209.0,0.0,1.619915,1.2289940000000001,TWN,IND,880390
3587774,14,106,9631,2006,1500.0,0.0,0.067166,0.373148,AUS,IRL,880390
3587775,15,106,9631,2006,0.0,3472.0,1.775669,0.192717,AUT,IRL,880390
3587776,18,106,9631,2006,799850.0,49719.0,1.2222540000000002,1.383027,BEL,IRL,880390
3587777,24,106,9631,2006,395704.0,0.0,0.172724,-0.9449879999999999,BHR,IRL,880390
3587778,41,106,9631,2006,26281.0,70459.0,2.052534,0.515523,CHE,IRL,880390
3587779,43,106,9631,2006,1014.0,0.0,0.737888,2.54966,CHN,IRL,880390
3587780,61,106,9631,2006,31491.0,226073.0,2.132566,-2.773669,DEU,IRL,880390
3587781,71,106,9631,2006,33344.0,75756.0,0.9091370000000001,2.068166,ESP,IRL,880390
3587782,77,106,9631,2006,169382.0,548750.0,1.47591,0.489466,FRA,IRL,880390
3587783,81,106,9631,2006,2039687.0,2453752.0,1.824154,0.614424,GBR,IRL,880390
3587784,97,106,9631,2006,8080.0,0.0,0.5776319999999999,2.076782,HKG,IRL,880390
3587785,104,106,9631,2006,0.0,22368.0,0.285652,2.731318,IND,IRL,880390
3587786,110,106,9631,2006,0.0,1166.0,1.3082129999999998,0.783845,ISR,IRL,880390
3587787,111,106,9631,2006,0.0,64238.0,1.293779,0.93995,ITA,IRL,880390
3587788,113,106,9631,2006,0.0,37391.0,0.166718,0.331248,JOR,IRL,880390
3587789,114,106,9631,2006,2405.0,21438.0,2.4348099999999997,0.082887,JPN,IRL,880390
3587790,153,106,9631,2006,0.0,3069.0,0.7896569999999999,0.363625,MYS,IRL,880390
3587791,162,106,9631,2006,14846.0,13445.0,1.192134,1.450852,NLD,IRL,880390
3587792,163,106,9631,2006,64841.0,0.0,1.0787930000000001,0.014051,NOR,IRL,880390
3587793,166,106,9631,2006,6054.0,0.0,0.5371,0.8240209999999999,NZL,IRL,880390
3587794,168,106,9631,2006,0.0,36238.0,-0.449333,0.563013,PAK,IRL,880390
3587795,174,106,9631,2006,5316624.0,0.0,0.161994,0.036631,PHL,IRL,880390
3587796,192,106,9631,2006,0.0,136499.0,1.5377379999999998,0.503089,SGP,IRL,880390
3587797,201,106,9631,2006,0.0,784.0,0.547824,1.5588879999999998,SRB,IRL,880390
3587798,208,106,9631,2006,1584.0,5586.0,1.902737,0.593294,SWE,IRL,880390
3587799,216,106,9631,2006,845416.0,0.0,0.568209,1.685343,THA,IRL,880390
3587800,224,106,9631,2006,1204.0,31685.0,0.33971599999999996,2.193384,TUR,IRL,880390
3587801,231,106,9631,2006,1774316.0,591392.0,1.666643,-0.121679,USA,IRL,880390
3587802,250,106,9631,2006,114988.0,0.0,0.711619,-0.41880200000000006,ANS,IRL,880390
3587803,8,110,9631,2006,0.0,72959.0,0.33055,0.665867,ARG,ISR,880390
3587804,14,110,9631,2006,813.0,928886.0,0.067166,0.373148,AUS,ISR,880390
3587805,15,110,9631,2006,0.0,128578.0,1.775669,0.192717,AUT,ISR,880390
3587806,18,110,9631,2006,476884.0,373265.0,1.2222540000000002,1.383027,BEL,ISR,880390
3587807,32,110,9631,2006,0.0,640845.0,0.633889,1.1474520000000001,BRA,ISR,880390
3587808,37,110,9631,2006,0.0,81639.0,-1.0541459999999998,-1.179286,BWA,ISR,880390
3587809,39,110,9631,2006,0.0,919219.0,0.865685,1.1480489999999999,CAN,ISR,880390
3587810,41,110,9631,2006,23895.0,200360.0,2.052534,0.515523,CHE,ISR,880390
3587811,42,110,9631,2006,0.0,12921.0,-0.188298,-0.46778000000000003,CHL,ISR,880390
3587812,43,110,9631,2006,984.0,22703.0,0.737888,2.54966,CHN,ISR,880390
3587813,49,110,9631,2006,0.0,499962.0,0.129887,0.44371700000000003,COL,ISR,880390
3587814,58,110,9631,2006,0.0,26614.0,0.708267,-0.048096,CYP,ISR,880390
3587815,59,110,9631,2006,0.0,2966.0,1.564058,0.6023649999999999,CZE,ISR,880390
3587816,61,110,9631,2006,74887.0,837590.0,2.132566,-2.773669,DEU,ISR,880390
3587817,64,110,9631,2006,74229.0,13128.0,1.2308700000000001,1.180914,DNK,ISR,880390
3587818,71,110,9631,2006,12505.0,1275.0,0.9091370000000001,2.068166,ESP,ISR,880390
3587819,77,110,9631,2006,292689.0,1063652.0,1.47591,0.489466,FRA,ISR,880390
3587820,81,110,9631,2006,3732547.0,293137.0,1.824154,0.614424,GBR,ISR,880390
3587821,82,110,9631,2006,0.0,398302.0,0.076711,-0.47216099999999994,GEO,ISR,880390
3587822,97,110,9631,2006,219993.0,0.0,0.5776319999999999,2.076782,HKG,ISR,880390
3587823,104,110,9631,2006,82531.0,4656174.0,0.285652,2.731318,IND,ISR,880390
3587824,106,110,9631,2006,1166.0,0.0,1.43804,0.06463200000000001,IRL,ISR,880390
3587825,109,110,9631,2006,0.0,1036.0,0.170234,-0.302203,ISL,ISR,880390
3587826,111,110,9631,2006,170772.0,100060.0,1.293779,0.93995,ITA,ISR,880390
3587827,113,110,9631,2006,0.0,204594.0,0.166718,0.331248,JOR,ISR,880390
3587828,114,110,9631,2006,0.0,620551.0,2.4348099999999997,0.082887,JPN,ISR,880390
3587829,116,110,9631,2006,0.0,788.0,-0.38287899999999997,1.060286,KEN,ISR,880390
3587830,121,110,9631,2006,1456.0,104651.0,1.5384309999999999,0.766628,KOR,ISR,880390
3587831,128,110,9631,2006,0.0,48959.0,-0.573767,0.305913,LKA,ISR,880390
3587832,138,110,9631,2006,38939.0,774972.0,1.047268,0.7142270000000001,MEX,ISR,880390
3587833,140,110,9631,2006,0.0,1243232.0,-0.21336,0.17674700000000002,MKD,ISR,880390
3587834,162,110,9631,2006,1725053.0,576061.0,1.192134,1.450852,NLD,ISR,880390
3587835,164,110,9631,2006,0.0,308000.0,-0.29672600000000005,0.665077,NPL,ISR,880390
3587836,174,110,9631,2006,5186.0,0.0,0.161994,0.036631,PHL,ISR,880390
3587837,185,110,9631,2006,95492.0,1788571.0,0.550825,1.170744,ROU,ISR,880390
3587838,186,110,9631,2006,0.0,549491.0,0.801197,0.104683,RUS,ISR,880390
3587839,187,110,9631,2006,0.0,7477.0,-0.032827999999999996,-0.42937600000000004,RWA,ISR,880390
3587840,192,110,9631,2006,189532.0,5298.0,1.5377379999999998,0.503089,SGP,ISR,880390
3587841,206,110,9631,2006,0.0,903059.0,1.291583,0.868317,SVK,ISR,880390
3587842,208,110,9631,2006,125705.0,8149.0,1.902737,0.593294,SWE,ISR,880390
3587843,209,110,9631,2006,0.0,81004.0,0.750674,0.221306,SWZ,ISR,880390
3587844,214,110,9631,2006,0.0,341000.0,-3.0579419999999997,-0.8926649999999999,TCD,ISR,880390
3587845,216,110,9631,2006,14270.0,657799.0,0.568209,1.685343,THA,ISR,880390
3587846,224,110,9631,2006,969.0,750060.0,0.33971599999999996,2.193384,TUR,ISR,880390
3587847,227,110,9631,2006,0.0,155713.0,-0.702511,-0.43976099999999996,UGA,ISR,880390
3587848,228,110,9631,2006,660262.0,0.0,0.7008439999999999,0.79656,UKR,ISR,880390
3587849,231,110,9631,2006,5174346.0,4961206.0,1.666643,-0.121679,USA,ISR,880390
3587850,236,110,9631,2006,57920.0,0.0,-0.340972,-1.015462,VEN,ISR,880390
3587851,246,110,9631,2006,96383.0,81609.0,0.37964499999999995,1.466326,ZAF,ISR,880390
3587852,249,110,9631,2006,26827.0,6760.0,1.619915,1.2289940000000001,TWN,ISR,880390
3587853,250,110,9631,2006,0.0,5335000.0,0.711619,-0.41880200000000006,ANS,ISR,880390
3587854,4,111,9631,2006,0.0,1491.0,-0.340932,-0.06302200000000001,ALB,ITA,880390
3587855,6,111,9631,2006,105541.0,104881.0,0.251825,-0.629035,ANT,ITA,880390
3587856,7,111,9631,2006,1834.0,84590.0,0.053903999999999994,-0.735124,ARE,ITA,880390
3587857,8,111,9631,2006,9313.0,201140.0,0.33055,0.665867,ARG,ITA,880390
3587858,14,111,9631,2006,5134.0,19165.0,0.067166,0.373148,AUS,ITA,880390
3587859,15,111,9631,2006,384288.0,25351.0,1.775669,0.192717,AUT,ITA,880390
3587860,18,111,9631,2006,1133264.0,723718.0,1.2222540000000002,1.383027,BEL,ITA,880390
3587861,22,111,9631,2006,3242.0,0.0,-1.0305309999999999,-0.80937,BGD,ITA,880390
3587862,23,111,9631,2006,2732.0,12053.0,0.414563,1.378005,BGR,ITA,880390
3587863,26,111,9631,2006,0.0,8524.0,0.40788800000000003,0.562854,BIH,ITA,880390
3587864,32,111,9631,2006,455689.0,1460144.0,0.633889,1.1474520000000001,BRA,ITA,880390
3587865,39,111,9631,2006,1220770.0,1810395.0,0.865685,1.1480489999999999,CAN,ITA,880390
3587866,41,111,9631,2006,1401815.0,7165102.0,2.052534,0.515523,CHE,ITA,880390
3587867,42,111,9631,2006,0.0,38948.0,-0.188298,-0.46778000000000003,CHL,ITA,880390
3587868,43,111,9631,2006,12234.0,168918.0,0.737888,2.54966,CHN,ITA,880390
3587869,49,111,9631,2006,0.0,48762.0,0.129887,0.44371700000000003,COL,ITA,880390
3587870,54,111,9631,2006,0.0,54328.0,0.204039,-0.5183260000000001,CUB,ITA,880390
3587871,59,111,9631,2006,20462.0,55746.0,1.564058,0.6023649999999999,CZE,ITA,880390
3587872,61,111,9631,2006,59159620.0,52951980.0,2.132566,-2.773669,DEU,ITA,880390
3587873,64,111,9631,2006,321713.0,83401.0,1.2308700000000001,1.180914,DNK,ITA,880390
3587874,68,111,9631,2006,0.0,1926.0,-0.182272,0.40222399999999997,EGY,ITA,880390
3587875,71,111,9631,2006,3167501.0,921674.0,0.9091370000000001,2.068166,ESP,ITA,880390
3587876,74,111,9631,2006,88611.0,2932.0,1.864038,0.8193940000000001,FIN,ITA,880390
3587877,75,111,9631,2006,0.0,10237.0,-0.6554949999999999,-0.098284,FJI,ITA,880390
3587878,77,111,9631,2006,26151646.0,79247144.0,1.47591,0.489466,FRA,ITA,880390
3587879,81,111,9631,2006,3327439.0,6181232.0,1.824154,0.614424,GBR,ITA,880390
3587880,90,111,9631,2006,0.0,2455.0,0.261955,1.488958,GRC,ITA,880390
3587881,97,111,9631,2006,13688.0,209351.0,0.5776319999999999,2.076782,HKG,ITA,880390
3587882,100,111,9631,2006,507705.0,359606.0,0.755787,0.992614,HRV,ITA,880390
3587883,102,111,9631,2006,0.0,5993.0,1.4034309999999999,0.835144,HUN,ITA,880390
3587884,103,111,9631,2006,2424.0,1749.0,-0.21012399999999998,1.467838,IDN,ITA,880390
3587885,104,111,9631,2006,85691.0,2959306.0,0.285652,2.731318,IND,ITA,880390
3587886,106,111,9631,2006,64238.0,0.0,1.43804,0.06463200000000001,IRL,ITA,880390
3587887,107,111,9631,2006,0.0,29401.0,-0.391023,-0.767861,IRN,ITA,880390
3587888,108,111,9631,2006,0.0,5038.0,-2.029727,-0.8634219999999999,IRQ,ITA,880390
3587889,109,111,9631,2006,0.0,1026.0,0.170234,-0.302203,ISL,ITA,880390
3587890,110,111,9631,2006,100060.0,170772.0,1.3082129999999998,0.783845,ISR,ITA,880390
3587891,113,111,9631,2006,0.0,4791.0,0.166718,0.331248,JOR,ITA,880390
3587892,114,111,9631,2006,199594.0,363536.0,2.4348099999999997,0.082887,JPN,ITA,880390
3587893,121,111,9631,2006,22296.0,65182.0,1.5384309999999999,0.766628,KOR,ITA,880390
3587894,124,111,9631,2006,0.0,12038.0,0.3861,1.586183,LBN,ITA,880390
3587895,126,111,9631,2006,0.0,1049.0,-0.518724,-1.142074,LBY,ITA,880390
3587896,138,111,9631,2006,73507.0,0.0,1.047268,0.7142270000000001,MEX,ITA,880390
3587897,140,111,9631,2006,2204.0,0.0,-0.21336,0.17674700000000002,MKD,ITA,880390
3587898,151,111,9631,2006,0.0,2264.0,-0.311109,-0.07267,MUS,ITA,880390
3587899,153,111,9631,2006,414490.0,37371.0,0.7896569999999999,0.363625,MYS,ITA,880390
3587900,155,111,9631,2006,0.0,6503.0,-0.515361,-0.8027350000000001,NAM,ITA,880390
3587901,162,111,9631,2006,347192.0,5116.0,1.192134,1.450852,NLD,ITA,880390
3587902,163,111,9631,2006,7385.0,187149.0,1.0787930000000001,0.014051,NOR,ITA,880390
3587903,166,111,9631,2006,0.0,38072.0,0.5371,0.8240209999999999,NZL,ITA,880390
3587904,167,111,9631,2006,12402.0,18584.0,-0.6373989999999999,-1.092554,OMN,ITA,880390
3587905,168,111,9631,2006,2805.0,85853.0,-0.449333,0.563013,PAK,ITA,880390
3587906,174,111,9631,2006,69727.0,9525.0,0.161994,0.036631,PHL,ITA,880390
3587907,177,111,9631,2006,0.0,2467.0,0.991927,1.474418,POL,ITA,880390
3587908,179,111,9631,2006,0.0,29453.0,0.5723630000000001,1.92303,PRT,ITA,880390
3587909,183,111,9631,2006,0.0,4226.0,0.055777999999999994,-1.0379049999999999,QAT,ITA,880390
3587910,185,111,9631,2006,0.0,1374.0,0.550825,1.170744,ROU,ITA,880390
3587911,186,111,9631,2006,2054174.0,23867.0,0.801197,0.104683,RUS,ITA,880390
3587912,188,111,9631,2006,42222.0,76242.0,0.162432,-0.853059,SAU,ITA,880390
3587913,192,111,9631,2006,16922.0,2640273.0,1.5377379999999998,0.503089,SGP,ITA,880390
3587914,206,111,9631,2006,15438.0,0.0,1.291583,0.868317,SVK,ITA,880390
3587915,207,111,9631,2006,82412.0,0.0,1.5882370000000001,0.800719,SVN,ITA,880390
3587916,208,111,9631,2006,6556190.0,26388.0,1.902737,0.593294,SWE,ITA,880390
3587917,216,111,9631,2006,390543.0,383530.0,0.568209,1.685343,THA,ITA,880390
3587918,217,111,9631,2006,0.0,10371.0,-1.071326,-1.158325,TJK,ITA,880390
3587919,224,111,9631,2006,0.0,99737.0,0.33971599999999996,2.193384,TUR,ITA,880390
3587920,226,111,9631,2006,0.0,13984.0,-0.953097,0.159129,TZA,ITA,880390
3587921,228,111,9631,2006,18865.0,64344.0,0.7008439999999999,0.79656,UKR,ITA,880390
3587922,231,111,9631,2006,59979952.0,49823976.0,1.666643,-0.121679,USA,ITA,880390
3587923,239,111,9631,2006,0.0,12914.0,-0.342779,1.033318,VNM,ITA,880390
3587924,246,111,9631,2006,114134.0,42938.0,0.37964499999999995,1.466326,ZAF,ITA,880390
3587925,249,111,9631,2006,9308.0,177431.0,1.619915,1.2289940000000001,TWN,ITA,880390
3587926,250,111,9631,2006,0.0,49694.0,0.711619,-0.41880200000000006,ANS,ITA,880390
3587927,163,112,9631,2006,4040.0,0.0,1.0787930000000001,0.014051,NOR,JAM,880390
3587928,231,112,9631,2006,149734.0,1393.0,1.666643,-0.121679,USA,JAM,880390
3587929,7,114,9631,2006,0.0,3622.0,0.053903999999999994,-0.735124,ARE,JPN,880390
3587930,14,114,9631,2006,15747.0,73250.0,0.067166,0.373148,AUS,JPN,880390
3587931,18,114,9631,2006,625772.0,190245.0,1.2222540000000002,1.383027,BEL,JPN,880390
3587932,24,114,9631,2006,0.0,108795.0,0.172724,-0.9449879999999999,BHR,JPN,880390
3587933,39,114,9631,2006,823425.0,3780.0,0.865685,1.1480489999999999,CAN,JPN,880390
3587934,41,114,9631,2006,2754.0,9712.0,2.052534,0.515523,CHE,JPN,880390
3587935,43,114,9631,2006,33487.0,17329.0,0.737888,2.54966,CHN,JPN,880390
3587936,59,114,9631,2006,89103.0,0.0,1.564058,0.6023649999999999,CZE,JPN,880390
3587937,61,114,9631,2006,16922508.0,2815120.0,2.132566,-2.773669,DEU,JPN,880390
3587938,64,114,9631,2006,0.0,55103.0,1.2308700000000001,1.180914,DNK,JPN,880390
3587939,71,114,9631,2006,96873.0,0.0,0.9091370000000001,2.068166,ESP,JPN,880390
3587940,77,114,9631,2006,314544.0,4511015.0,1.47591,0.489466,FRA,JPN,880390
3587941,81,114,9631,2006,566828.0,69444.0,1.824154,0.614424,GBR,JPN,880390
3587942,97,114,9631,2006,1489.0,33147.0,0.5776319999999999,2.076782,HKG,JPN,880390
3587943,103,114,9631,2006,541172.0,0.0,-0.21012399999999998,1.467838,IDN,JPN,880390
3587944,104,114,9631,2006,0.0,9313.0,0.285652,2.731318,IND,JPN,880390
3587945,106,114,9631,2006,21438.0,2405.0,1.43804,0.06463200000000001,IRL,JPN,880390
3587946,110,114,9631,2006,620551.0,0.0,1.3082129999999998,0.783845,ISR,JPN,880390
3587947,111,114,9631,2006,363536.0,199594.0,1.293779,0.93995,ITA,JPN,880390
3587948,113,114,9631,2006,0.0,16354.0,0.166718,0.331248,JOR,JPN,880390
3587949,118,114,9631,2006,0.0,16537.0,-1.323365,-1.185827,KHM,JPN,880390
3587950,121,114,9631,2006,25591232.0,71551.0,1.5384309999999999,0.766628,KOR,JPN,880390
3587951,130,114,9631,2006,2892.0,0.0,0.44063599999999997,1.163857,LTU,JPN,880390
3587952,153,114,9631,2006,10740374.0,1128820.0,0.7896569999999999,0.363625,MYS,JPN,880390
3587953,162,114,9631,2006,3174104.0,12465.0,1.192134,1.450852,NLD,JPN,880390
3587954,163,114,9631,2006,220223.0,0.0,1.0787930000000001,0.014051,NOR,JPN,880390
3587955,166,114,9631,2006,0.0,12550.0,0.5371,0.8240209999999999,NZL,JPN,880390
3587956,167,114,9631,2006,0.0,3653.0,-0.6373989999999999,-1.092554,OMN,JPN,880390
3587957,168,114,9631,2006,0.0,5258.0,-0.449333,0.563013,PAK,JPN,880390
3587958,174,114,9631,2006,4155186.0,0.0,0.161994,0.036631,PHL,JPN,880390
3587959,177,114,9631,2006,0.0,1581.0,0.991927,1.474418,POL,JPN,880390
3587960,188,114,9631,2006,0.0,15809.0,0.162432,-0.853059,SAU,JPN,880390
3587961,192,114,9631,2006,71003.0,65833.0,1.5377379999999998,0.503089,SGP,JPN,880390
3587962,208,114,9631,2006,731958.0,97055.0,1.902737,0.593294,SWE,JPN,880390
3587963,216,114,9631,2006,68151296.0,0.0,0.568209,1.685343,THA,JPN,880390
3587964,228,114,9631,2006,1442.0,0.0,0.7008439999999999,0.79656,UKR,JPN,880390
3587965,230,114,9631,2006,0.0,2923.0,0.234384,0.118878,URY,JPN,880390
3587966,231,114,9631,2006,50791736.0,18706396.0,1.666643,-0.121679,USA,JPN,880390
3587967,239,114,9631,2006,0.0,23259.0,-0.342779,1.033318,VNM,JPN,880390
3587968,246,114,9631,2006,0.0,4999.0,0.37964499999999995,1.466326,ZAF,JPN,880390
3587969,249,114,9631,2006,260468.0,87490.0,1.619915,1.2289940000000001,TWN,JPN,880390
3587970,77,118,9631,2006,2075.0,0.0,1.47591,0.489466,FRA,KHM,880390
3587971,114,118,9631,2006,16537.0,0.0,2.4348099999999997,0.082887,JPN,KHM,880390
3587972,216,118,9631,2006,240896.0,0.0,0.568209,1.685343,THA,KHM,880390
3587973,231,118,9631,2006,3524.0,0.0,1.666643,-0.121679,USA,KHM,880390
3587974,7,121,9631,2006,2618.0,0.0,0.053903999999999994,-0.735124,ARE,KOR,880390
3587975,14,121,9631,2006,0.0,38466.0,0.067166,0.373148,AUS,KOR,880390
3587976,18,121,9631,2006,8940.0,0.0,1.2222540000000002,1.383027,BEL,KOR,880390
3587977,34,121,9631,2006,0.0,3417.0,-1.331831,-0.9170940000000001,BRN,KOR,880390
3587978,39,121,9631,2006,7443.0,22992.0,0.865685,1.1480489999999999,CAN,KOR,880390
3587979,41,121,9631,2006,2669.0,10517.0,2.052534,0.515523,CHE,KOR,880390
3587980,43,121,9631,2006,56295.0,243302.0,0.737888,2.54966,CHN,KOR,880390
3587981,59,121,9631,2006,10294.0,0.0,1.564058,0.6023649999999999,CZE,KOR,880390
3587982,61,121,9631,2006,43784.0,364669.0,2.132566,-2.773669,DEU,KOR,880390
3587983,64,121,9631,2006,3523.0,0.0,1.2308700000000001,1.180914,DNK,KOR,880390
3587984,71,121,9631,2006,3564.0,0.0,0.9091370000000001,2.068166,ESP,KOR,880390
3587985,77,121,9631,2006,707278.0,37422.0,1.47591,0.489466,FRA,KOR,880390
3587986,81,121,9631,2006,100930.0,286922.0,1.824154,0.614424,GBR,KOR,880390
3587987,95,121,9631,2006,0.0,13738.0,0.385261,-0.26928,GUM,KOR,880390
3587988,97,121,9631,2006,32603.0,148545.0,0.5776319999999999,2.076782,HKG,KOR,880390
3587989,103,121,9631,2006,0.0,1165690.0,-0.21012399999999998,1.467838,IDN,KOR,880390
3587990,104,121,9631,2006,3279.0,0.0,0.285652,2.731318,IND,KOR,880390
3587991,110,121,9631,2006,104651.0,1456.0,1.3082129999999998,0.783845,ISR,KOR,880390
3587992,111,121,9631,2006,65182.0,22296.0,1.293779,0.93995,ITA,KOR,880390
3587993,114,121,9631,2006,71551.0,25591232.0,2.4348099999999997,0.082887,JPN,KOR,880390
3587994,145,121,9631,2006,0.0,2190.0,-1.147217,-1.0734709999999998,MNG,KOR,880390
3587995,153,121,9631,2006,10054.0,3634.0,0.7896569999999999,0.363625,MYS,KOR,880390
3587996,162,121,9631,2006,1313.0,8827.0,1.192134,1.450852,NLD,KOR,880390
3587997,163,121,9631,2006,34950.0,0.0,1.0787930000000001,0.014051,NOR,KOR,880390
3587998,166,121,9631,2006,0.0,7734.0,0.5371,0.8240209999999999,NZL,KOR,880390
3587999,174,121,9631,2006,196554.0,15229.0,0.161994,0.036631,PHL,KOR,880390
3588000,177,121,9631,2006,1425.0,0.0,0.991927,1.474418,POL,KOR,880390
3588001,186,121,9631,2006,157537.0,2946.0,0.801197,0.104683,RUS,KOR,880390
3588002,192,121,9631,2006,78204.0,49404.0,1.5377379999999998,0.503089,SGP,KOR,880390
3588003,216,121,9631,2006,322242.0,1046066.0,0.568209,1.685343,THA,KOR,880390
3588004,218,121,9631,2006,0.0,409982.0,0.335918,0.299589,TKL,KOR,880390
3588005,224,121,9631,2006,0.0,323992.0,0.33971599999999996,2.193384,TUR,KOR,880390
3588006,228,121,9631,2006,4821.0,0.0,0.7008439999999999,0.79656,UKR,KOR,880390
3588007,231,121,9631,2006,141619936.0,14988353.0,1.666643,-0.121679,USA,KOR,880390
3588008,249,121,9631,2006,102932.0,266691.0,1.619915,1.2289940000000001,TWN,KOR,880390
3588009,7,128,9631,2006,1799.0,0.0,0.053903999999999994,-0.735124,ARE,LKA,880390
3588010,14,128,9631,2006,8568.0,0.0,0.067166,0.373148,AUS,LKA,880390
3588011,18,128,9631,2006,3548.0,0.0,1.2222540000000002,1.383027,BEL,LKA,880390
3588012,43,128,9631,2006,29083.0,9113.0,0.737888,2.54966,CHN,LKA,880390
3588013,61,128,9631,2006,35082.0,0.0,2.132566,-2.773669,DEU,LKA,880390
3588014,77,128,9631,2006,25649.0,0.0,1.47591,0.489466,FRA,LKA,880390
3588015,81,128,9631,2006,7977.0,10519.0,1.824154,0.614424,GBR,LKA,880390
3588016,100,128,9631,2006,1998.0,0.0,0.755787,0.992614,HRV,LKA,880390
3588017,104,128,9631,2006,2608.0,3748.0,0.285652,2.731318,IND,LKA,880390
3588018,110,128,9631,2006,48959.0,0.0,1.3082129999999998,0.783845,ISR,LKA,880390
3588019,162,128,9631,2006,142078.0,0.0,1.192134,1.450852,NLD,LKA,880390
3588020,192,128,9631,2006,97835.0,9190.0,1.5377379999999998,0.503089,SGP,LKA,880390
3588021,216,128,9631,2006,139851.0,0.0,0.568209,1.685343,THA,LKA,880390
3588022,231,128,9631,2006,145376.0,372123.0,1.666643,-0.121679,USA,LKA,880390
3588023,18,138,9631,2006,0.0,14101.0,1.2222540000000002,1.383027,BEL,MEX,880390
3588024,31,138,9631,2006,0.0,6383.0,-0.805185,-0.754091,BOL,MEX,880390
3588025,32,138,9631,2006,0.0,2038.0,0.633889,1.1474520000000001,BRA,MEX,880390
3588026,39,138,9631,2006,1446.0,202691.0,0.865685,1.1480489999999999,CAN,MEX,880390
3588027,49,138,9631,2006,0.0,81243.0,0.129887,0.44371700000000003,COL,MEX,880390
3588028,61,138,9631,2006,0.0,4972.0,2.132566,-2.773669,DEU,MEX,880390
3588029,71,138,9631,2006,5483.0,68324.0,0.9091370000000001,2.068166,ESP,MEX,880390
3588030,77,138,9631,2006,366528.0,71227.0,1.47591,0.489466,FRA,MEX,880390
3588031,81,138,9631,2006,239982.0,0.0,1.824154,0.614424,GBR,MEX,880390
3588032,93,138,9631,2006,8420.0,1379.0,-0.28642199999999995,0.5868439999999999,GTM,MEX,880390
3588033,110,138,9631,2006,774972.0,38939.0,1.3082129999999998,0.783845,ISR,MEX,880390
3588034,111,138,9631,2006,0.0,73507.0,1.293779,0.93995,ITA,MEX,880390
3588035,162,138,9631,2006,1994.0,3510.0,1.192134,1.450852,NLD,MEX,880390
3588036,174,138,9631,2006,14750.0,0.0,0.161994,0.036631,PHL,MEX,880390
3588037,197,138,9631,2006,0.0,8492.0,-0.135312,0.140874,SLV,MEX,880390
3588038,208,138,9631,2006,0.0,7788.0,1.902737,0.593294,SWE,MEX,880390
3588039,231,138,9631,2006,4176074.0,1700506.0,1.666643,-0.121679,USA,MEX,880390
3588040,7,153,9631,2006,148870.0,3749802.0,0.053903999999999994,-0.735124,ARE,MYS,880390
3588041,14,153,9631,2006,396275.0,2448977.0,0.067166,0.373148,AUS,MYS,880390
3588042,15,153,9631,2006,64161.0,65287.0,1.775669,0.192717,AUT,MYS,880390
3588043,18,153,9631,2006,69511.0,20717.0,1.2222540000000002,1.383027,BEL,MYS,880390
3588044,23,153,9631,2006,0.0,3517.0,0.414563,1.378005,BGR,MYS,880390
3588045,24,153,9631,2006,101517.0,0.0,0.172724,-0.9449879999999999,BHR,MYS,880390
3588046,32,153,9631,2006,9106.0,15158.0,0.633889,1.1474520000000001,BRA,MYS,880390
3588047,34,153,9631,2006,0.0,6608.0,-1.331831,-0.9170940000000001,BRN,MYS,880390
3588048,39,153,9631,2006,177176.0,39766.0,0.865685,1.1480489999999999,CAN,MYS,880390
3588049,41,153,9631,2006,820692.0,4843.0,2.052534,0.515523,CHE,MYS,880390
3588050,43,153,9631,2006,1579112.0,1818889.0,0.737888,2.54966,CHN,MYS,880390
3588051,59,153,9631,2006,4690.0,0.0,1.564058,0.6023649999999999,CZE,MYS,880390
3588052,61,153,9631,2006,662305.0,746687.0,2.132566,-2.773669,DEU,MYS,880390
3588053,64,153,9631,2006,36114.0,0.0,1.2308700000000001,1.180914,DNK,MYS,880390
3588054,71,153,9631,2006,5471.0,0.0,0.9091370000000001,2.068166,ESP,MYS,880390
3588055,77,153,9631,2006,184611.0,1773933.0,1.47591,0.489466,FRA,MYS,880390
3588056,81,153,9631,2006,29848648.0,18697964.0,1.824154,0.614424,GBR,MYS,880390
3588057,97,153,9631,2006,491039.0,525928.0,0.5776319999999999,2.076782,HKG,MYS,880390
3588058,102,153,9631,2006,0.0,999097.0,1.4034309999999999,0.835144,HUN,MYS,880390
3588059,103,153,9631,2006,167570.0,2879691.0,-0.21012399999999998,1.467838,IDN,MYS,880390
3588060,104,153,9631,2006,281146.0,1472230.0,0.285652,2.731318,IND,MYS,880390
3588061,106,153,9631,2006,3069.0,0.0,1.43804,0.06463200000000001,IRL,MYS,880390
3588062,107,153,9631,2006,26973.0,4036337.0,-0.391023,-0.767861,IRN,MYS,880390
3588063,111,153,9631,2006,37371.0,414490.0,1.293779,0.93995,ITA,MYS,880390
3588064,113,153,9631,2006,0.0,12674.0,0.166718,0.331248,JOR,MYS,880390
3588065,114,153,9631,2006,1128820.0,10740374.0,2.4348099999999997,0.082887,JPN,MYS,880390
3588066,121,153,9631,2006,3634.0,10054.0,1.5384309999999999,0.766628,KOR,MYS,880390
3588067,131,153,9631,2006,0.0,8620.0,1.4345620000000001,0.8840819999999999,LUX,MYS,880390
3588068,133,153,9631,2006,156728.0,0.0,-0.07118200000000001,-0.228354,MAC,MYS,880390
3588069,143,153,9631,2006,0.0,14030.0,-1.543679,-1.145623,MMR,MYS,880390
3588070,162,153,9631,2006,382040.0,335386.0,1.192134,1.450852,NLD,MYS,880390
3588071,163,153,9631,2006,1226.0,0.0,1.0787930000000001,0.014051,NOR,MYS,880390
3588072,166,153,9631,2006,221480.0,8162398.0,0.5371,0.8240209999999999,NZL,MYS,880390
3588073,174,153,9631,2006,473146.0,788943.0,0.161994,0.036631,PHL,MYS,880390
3588074,183,153,9631,2006,0.0,6466.0,0.055777999999999994,-1.0379049999999999,QAT,MYS,880390
3588075,186,153,9631,2006,34368.0,0.0,0.801197,0.104683,RUS,MYS,880390
3588076,188,153,9631,2006,0.0,64056.0,0.162432,-0.853059,SAU,MYS,880390
3588077,192,153,9631,2006,3109701.0,33852580.0,1.5377379999999998,0.503089,SGP,MYS,880390
3588078,208,153,9631,2006,74125.0,126567.0,1.902737,0.593294,SWE,MYS,880390
3588079,216,153,9631,2006,23060158.0,21980.0,0.568209,1.685343,THA,MYS,880390
3588080,224,153,9631,2006,696267.0,9276.0,0.33971599999999996,2.193384,TUR,MYS,880390
3588081,231,153,9631,2006,1964308.0,2140244.0,1.666643,-0.121679,USA,MYS,880390
3588082,239,153,9631,2006,0.0,875099.0,-0.342779,1.033318,VNM,MYS,880390
3588083,243,153,9631,2006,2847.0,7783.0,-1.0407110000000002,-1.13042,YEM,MYS,880390
3588084,246,153,9631,2006,5352.0,785034.0,0.37964499999999995,1.466326,ZAF,MYS,880390
3588085,249,153,9631,2006,130786.0,2378039.0,1.619915,1.2289940000000001,TWN,MYS,880390
3588086,250,153,9631,2006,25914.0,0.0,0.711619,-0.41880200000000006,ANS,MYS,880390
3588087,162,160,9631,2006,0.0,13513.0,1.192134,1.450852,NLD,NIC,880390
3588088,186,160,9631,2006,76376.0,0.0,0.801197,0.104683,RUS,NIC,880390
3588089,231,160,9631,2006,282777.0,0.0,1.666643,-0.121679,USA,NIC,880390
3588090,236,160,9631,2006,0.0,12578.0,-0.340972,-1.015462,VEN,NIC,880390
3588091,2,162,9631,2006,0.0,336700.0,-2.0822979999999998,-1.176767,AGO,NLD,880390
3588092,4,162,9631,2006,0.0,53221.0,-0.340932,-0.06302200000000001,ALB,NLD,880390
3588093,6,162,9631,2006,1264247.0,2676700.0,0.251825,-0.629035,ANT,NLD,880390
3588094,7,162,9631,2006,15975.0,4853574.0,0.053903999999999994,-0.735124,ARE,NLD,880390
3588095,14,162,9631,2006,91182.0,465395.0,0.067166,0.373148,AUS,NLD,880390
3588096,15,162,9631,2006,31044.0,104623.0,1.775669,0.192717,AUT,NLD,880390
3588097,16,162,9631,2006,30932.0,1739958.0,-0.521304,-1.035764,AZE,NLD,880390
3588098,18,162,9631,2006,1466920.0,99356.0,1.2222540000000002,1.383027,BEL,NLD,880390
3588099,22,162,9631,2006,0.0,29052.0,-1.0305309999999999,-0.80937,BGD,NLD,880390
3588100,23,162,9631,2006,0.0,1448.0,0.414563,1.378005,BGR,NLD,880390
3588101,24,162,9631,2006,0.0,2386.0,0.172724,-0.9449879999999999,BHR,NLD,880390
3588102,32,162,9631,2006,153374.0,1863324.0,0.633889,1.1474520000000001,BRA,NLD,880390
3588103,34,162,9631,2006,0.0,7626.0,-1.331831,-0.9170940000000001,BRN,NLD,880390
3588104,38,162,9631,2006,921.0,0.0,-0.768791,-0.822677,CAF,NLD,880390
3588105,39,162,9631,2006,139199.0,1661278.0,0.865685,1.1480489999999999,CAN,NLD,880390
3588106,41,162,9631,2006,1731772.0,2229088.0,2.052534,0.515523,CHE,NLD,880390
3588107,42,162,9631,2006,0.0,189755.0,-0.188298,-0.46778000000000003,CHL,NLD,880390
3588108,43,162,9631,2006,3542911.0,1939175.0,0.737888,2.54966,CHN,NLD,880390
3588109,44,162,9631,2006,0.0,2134.0,-0.8918530000000001,-0.8145819999999999,CIV,NLD,880390
3588110,45,162,9631,2006,6389.0,217363.0,-1.358873,-1.1511360000000002,CMR,NLD,880390
3588111,57,162,9631,2006,0.0,10051.0,0.7708189999999999,-0.648112,CYM,NLD,880390
3588112,59,162,9631,2006,0.0,55532.0,1.564058,0.6023649999999999,CZE,NLD,880390
3588113,61,162,9631,2006,23068318.0,1200290.0,2.132566,-2.773669,DEU,NLD,880390
3588114,64,162,9631,2006,84153.0,312304.0,1.2308700000000001,1.180914,DNK,NLD,880390
3588115,66,162,9631,2006,0.0,70151.0,-0.489962,-1.12456,DZA,NLD,880390
3588116,67,162,9631,2006,17457.0,258149.0,-0.878583,-0.9462010000000001,ECU,NLD,880390
3588117,68,162,9631,2006,0.0,57610.0,-0.182272,0.40222399999999997,EGY,NLD,880390
3588118,71,162,9631,2006,2448955.0,78178.0,0.9091370000000001,2.068166,ESP,NLD,880390
3588119,72,162,9631,2006,0.0,3928.0,0.6426350000000001,0.925003,EST,NLD,880390
3588120,73,162,9631,2006,789.0,25364.0,-0.9557180000000001,-0.9153479999999999,ETH,NLD,880390
3588121,75,162,9631,2006,0.0,106141.0,-0.6554949999999999,-0.098284,FJI,NLD,880390
3588122,77,162,9631,2006,30166846.0,12801265.0,1.47591,0.489466,FRA,NLD,880390
3588123,80,162,9631,2006,2560.0,12767.0,-1.6696819999999999,-1.173322,GAB,NLD,880390
3588124,81,162,9631,2006,3831794.0,853202.0,1.824154,0.614424,GBR,NLD,880390
3588125,82,162,9631,2006,0.0,42567.0,0.076711,-0.47216099999999994,GEO,NLD,880390
3588126,85,162,9631,2006,1270.0,0.0,-1.8376720000000002,-1.229774,GIN,NLD,880390
3588127,89,162,9631,2006,0.0,233680.0,-2.188173,-0.8631700000000001,GNQ,NLD,880390
3588128,90,162,9631,2006,3758.0,294460.0,0.261955,1.488958,GRC,NLD,880390
3588129,92,162,9631,2006,0.0,15018.0,-1.0014,-0.935995,GRL,NLD,880390
3588130,97,162,9631,2006,4955.0,326304.0,0.5776319999999999,2.076782,HKG,NLD,880390
3588131,100,162,9631,2006,0.0,15653.0,0.755787,0.992614,HRV,NLD,880390
3588132,102,162,9631,2006,18486.0,15122.0,1.4034309999999999,0.835144,HUN,NLD,880390
3588133,103,162,9631,2006,0.0,1203083.0,-0.21012399999999998,1.467838,IDN,NLD,880390
3588134,104,162,9631,2006,168136.0,241756.0,0.285652,2.731318,IND,NLD,880390
3588135,106,162,9631,2006,13445.0,14846.0,1.43804,0.06463200000000001,IRL,NLD,880390
3588136,107,162,9631,2006,1066.0,596509.0,-0.391023,-0.767861,IRN,NLD,880390
3588137,109,162,9631,2006,1219.0,1152.0,0.170234,-0.302203,ISL,NLD,880390
3588138,110,162,9631,2006,576061.0,1725053.0,1.3082129999999998,0.783845,ISR,NLD,880390
3588139,111,162,9631,2006,5116.0,347192.0,1.293779,0.93995,ITA,NLD,880390
3588140,113,162,9631,2006,1004.0,387185.0,0.166718,0.331248,JOR,NLD,880390
3588141,114,162,9631,2006,12465.0,3174104.0,2.4348099999999997,0.082887,JPN,NLD,880390
3588142,115,162,9631,2006,0.0,5949.0,0.038229,-0.579421,KAZ,NLD,880390
3588143,116,162,9631,2006,0.0,95203.0,-0.38287899999999997,1.060286,KEN,NLD,880390
3588144,121,162,9631,2006,8827.0,1313.0,1.5384309999999999,0.766628,KOR,NLD,880390
3588145,122,162,9631,2006,6235.0,10289.0,-0.589823,-1.142795,KWT,NLD,880390
3588146,126,162,9631,2006,0.0,306547.0,-0.518724,-1.142074,LBY,NLD,880390
3588147,128,162,9631,2006,0.0,142078.0,-0.573767,0.305913,LKA,NLD,880390
3588148,130,162,9631,2006,0.0,1200.0,0.44063599999999997,1.163857,LTU,NLD,880390
3588149,131,162,9631,2006,169965.0,1293.0,1.4345620000000001,0.8840819999999999,LUX,NLD,880390
3588150,134,162,9631,2006,0.0,47838.0,-0.547933,0.08257300000000001,MAR,NLD,880390
3588151,136,162,9631,2006,2628.0,0.0,-1.024657,-0.393395,MDG,NLD,880390
3588152,138,162,9631,2006,3510.0,1994.0,1.047268,0.7142270000000001,MEX,NLD,880390
3588153,142,162,9631,2006,9261.0,0.0,1.384411,0.093734,MLT,NLD,880390
3588154,143,162,9631,2006,0.0,51510.0,-1.543679,-1.145623,MMR,NLD,880390
3588155,144,162,9631,2006,0.0,11001.0,0.130773,-0.24674699999999997,MNE,NLD,880390
3588156,151,162,9631,2006,0.0,898.0,-0.311109,-0.07267,MUS,NLD,880390
3588157,153,162,9631,2006,335386.0,382040.0,0.7896569999999999,0.363625,MYS,NLD,880390
3588158,155,162,9631,2006,5291.0,0.0,-0.515361,-0.8027350000000001,NAM,NLD,880390
3588159,159,162,9631,2006,309193.0,2268554.0,-2.094353,-1.215025,NGA,NLD,880390
3588160,160,162,9631,2006,13513.0,0.0,-0.998825,-0.893867,NIC,NLD,880390
3588161,163,162,9631,2006,933282.0,235017.0,1.0787930000000001,0.014051,NOR,NLD,880390
3588162,164,162,9631,2006,0.0,69099.0,-0.29672600000000005,0.665077,NPL,NLD,880390
3588163,166,162,9631,2006,6334.0,134754.0,0.5371,0.8240209999999999,NZL,NLD,880390
3588164,167,162,9631,2006,357396.0,368118.0,-0.6373989999999999,-1.092554,OMN,NLD,880390
3588165,168,162,9631,2006,0.0,123969.0,-0.449333,0.563013,PAK,NLD,880390
3588166,174,162,9631,2006,3949215.0,146766.0,0.161994,0.036631,PHL,NLD,880390
3588167,176,162,9631,2006,0.0,48997.0,-1.89409,-1.234731,PNG,NLD,880390
3588168,177,162,9631,2006,0.0,25534.0,0.991927,1.474418,POL,NLD,880390
3588169,179,162,9631,2006,3714870.0,1288469.0,0.5723630000000001,1.92303,PRT,NLD,880390
3588170,183,162,9631,2006,0.0,8170.0,0.055777999999999994,-1.0379049999999999,QAT,NLD,880390
3588171,185,162,9631,2006,138860.0,0.0,0.550825,1.170744,ROU,NLD,880390
3588172,186,162,9631,2006,0.0,41204.0,0.801197,0.104683,RUS,NLD,880390
3588173,188,162,9631,2006,0.0,5414.0,0.162432,-0.853059,SAU,NLD,880390
3588174,190,162,9631,2006,9635.0,455849.0,-1.873762,-1.278378,SDN,NLD,880390
3588175,191,162,9631,2006,4844.0,29144.0,-0.364713,-0.183612,SEN,NLD,880390
3588176,192,162,9631,2006,222916.0,1952058.0,1.5377379999999998,0.503089,SGP,NLD,880390
3588177,201,162,9631,2006,0.0,42919.0,0.547824,1.5588879999999998,SRB,NLD,880390
3588178,206,162,9631,2006,1010.0,0.0,1.291583,0.868317,SVK,NLD,880390
3588179,208,162,9631,2006,15312.0,21760.0,1.902737,0.593294,SWE,NLD,880390
3588180,211,162,9631,2006,14955.0,0.0,-0.344619,-0.796139,SYC,NLD,880390
3588181,214,162,9631,2006,0.0,52766.0,-3.0579419999999997,-0.8926649999999999,TCD,NLD,880390
3588182,216,162,9631,2006,8842975.0,828420.0,0.568209,1.685343,THA,NLD,880390
3588183,218,162,9631,2006,0.0,1256.0,0.335918,0.299589,TKL,NLD,880390
3588184,223,162,9631,2006,0.0,129751.0,-0.013636,0.804752,TUN,NLD,880390
3588185,224,162,9631,2006,3669.0,1382572.0,0.33971599999999996,2.193384,TUR,NLD,880390
3588186,226,162,9631,2006,0.0,46155.0,-0.953097,0.159129,TZA,NLD,880390
3588187,227,162,9631,2006,0.0,37947.0,-0.702511,-0.43976099999999996,UGA,NLD,880390
3588188,231,162,9631,2006,3062556.0,21367010.0,1.666643,-0.121679,USA,NLD,880390
3588189,236,162,9631,2006,0.0,177721.0,-0.340972,-1.015462,VEN,NLD,880390
3588190,239,162,9631,2006,0.0,92363.0,-0.342779,1.033318,VNM,NLD,880390
3588191,246,162,9631,2006,12452.0,248573.0,0.37964499999999995,1.466326,ZAF,NLD,880390
3588192,249,162,9631,2006,6188.0,37338.0,1.619915,1.2289940000000001,TWN,NLD,880390
3588193,250,162,9631,2006,549.0,0.0,0.711619,-0.41880200000000006,ANS,NLD,880390
3588194,14,166,9631,2006,55771.0,582743.0,0.067166,0.373148,AUS,NZL,880390
3588195,18,166,9631,2006,0.0,1108.0,1.2222540000000002,1.383027,BEL,NZL,880390
3588196,24,166,9631,2006,0.0,7683.0,0.172724,-0.9449879999999999,BHR,NZL,880390
3588197,39,166,9631,2006,104811.0,31936.0,0.865685,1.1480489999999999,CAN,NZL,880390
3588198,42,166,9631,2006,0.0,2768.0,-0.188298,-0.46778000000000003,CHL,NZL,880390
3588199,43,166,9631,2006,2661.0,0.0,0.737888,2.54966,CHN,NZL,880390
3588200,48,166,9631,2006,0.0,3626.0,0.564179,-0.296135,COK,NZL,880390
3588201,59,166,9631,2006,1664.0,0.0,1.564058,0.6023649999999999,CZE,NZL,880390
3588202,61,166,9631,2006,16468.0,18265.0,2.132566,-2.773669,DEU,NZL,880390
3588203,75,166,9631,2006,6988.0,68181.0,-0.6554949999999999,-0.098284,FJI,NZL,880390
3588204,77,166,9631,2006,20698.0,0.0,1.47591,0.489466,FRA,NZL,880390
3588205,81,166,9631,2006,5118.0,115281.0,1.824154,0.614424,GBR,NZL,880390
3588206,83,166,9631,2006,0.0,1510.0,-0.9934860000000001,-0.809318,GHA,NZL,880390
3588207,103,166,9631,2006,0.0,937.0,-0.21012399999999998,1.467838,IDN,NZL,880390
3588208,106,166,9631,2006,0.0,6054.0,1.43804,0.06463200000000001,IRL,NZL,880390
3588209,111,166,9631,2006,38072.0,0.0,1.293779,0.93995,ITA,NZL,880390
3588210,114,166,9631,2006,12550.0,0.0,2.4348099999999997,0.082887,JPN,NZL,880390
3588211,119,166,9631,2006,0.0,1711.0,0.218218,-0.669244,KIR,NZL,880390
3588212,121,166,9631,2006,7734.0,0.0,1.5384309999999999,0.766628,KOR,NZL,880390
3588213,145,166,9631,2006,0.0,5676.0,-1.147217,-1.0734709999999998,MNG,NZL,880390
3588214,153,166,9631,2006,8162398.0,221480.0,0.7896569999999999,0.363625,MYS,NZL,880390
3588215,156,166,9631,2006,2372.0,5295.0,-0.135099,-0.7618779999999999,NCL,NZL,880390
3588216,162,166,9631,2006,134754.0,6334.0,1.192134,1.450852,NLD,NZL,880390
3588217,174,166,9631,2006,3196.0,0.0,0.161994,0.036631,PHL,NZL,880390
3588218,176,166,9631,2006,0.0,28029.0,-1.89409,-1.234731,PNG,NZL,880390
3588219,182,166,9631,2006,0.0,9491.0,-0.213329,-0.743599,PYF,NZL,880390
3588220,188,166,9631,2006,0.0,3342.0,0.162432,-0.853059,SAU,NZL,880390
3588221,192,166,9631,2006,196230.0,17719.0,1.5377379999999998,0.503089,SGP,NZL,880390
3588222,208,166,9631,2006,8774.0,12725.0,1.902737,0.593294,SWE,NZL,880390
3588223,216,166,9631,2006,263126.0,3793.0,0.568209,1.685343,THA,NZL,880390
3588224,221,166,9631,2006,0.0,2151.0,-0.45091499999999995,-0.670044,TON,NZL,880390
3588225,228,166,9631,2006,1067.0,0.0,0.7008439999999999,0.79656,UKR,NZL,880390
3588226,231,166,9631,2006,1777329.0,145146.0,1.666643,-0.121679,USA,NZL,880390
3588227,239,166,9631,2006,1314.0,0.0,-0.342779,1.033318,VNM,NZL,880390
3588228,241,166,9631,2006,0.0,2894.0,1.609916,-0.311544,WLF,NZL,880390
3588229,246,166,9631,2006,0.0,102432.0,0.37964499999999995,1.466326,ZAF,NZL,880390
3588230,249,166,9631,2006,0.0,6125.0,1.619915,1.2289940000000001,TWN,NZL,880390
3588231,7,168,9631,2006,302287.0,41276.0,0.053903999999999994,-0.735124,ARE,PAK,880390
3588232,14,168,9631,2006,0.0,7360.0,0.067166,0.373148,AUS,PAK,880390
3588233,15,168,9631,2006,1654.0,0.0,1.775669,0.192717,AUT,PAK,880390
3588234,22,168,9631,2006,217198.0,0.0,-1.0305309999999999,-0.80937,BGD,PAK,880390
3588235,39,168,9631,2006,1957.0,0.0,0.865685,1.1480489999999999,CAN,PAK,880390
3588236,41,168,9631,2006,1352.0,0.0,2.052534,0.515523,CHE,PAK,880390
3588237,43,168,9631,2006,52486.0,0.0,0.737888,2.54966,CHN,PAK,880390
3588238,58,168,9631,2006,0.0,2490.0,0.708267,-0.048096,CYP,PAK,880390
3588239,61,168,9631,2006,380789.0,117953.0,2.132566,-2.773669,DEU,PAK,880390
3588240,64,168,9631,2006,12544.0,0.0,1.2308700000000001,1.180914,DNK,PAK,880390
3588241,71,168,9631,2006,1637.0,0.0,0.9091370000000001,2.068166,ESP,PAK,880390
3588242,77,168,9631,2006,406729.0,406092.0,1.47591,0.489466,FRA,PAK,880390
3588243,81,168,9631,2006,1064562.0,14691.0,1.824154,0.614424,GBR,PAK,880390
3588244,97,168,9631,2006,25383.0,0.0,0.5776319999999999,2.076782,HKG,PAK,880390
3588245,106,168,9631,2006,36238.0,0.0,1.43804,0.06463200000000001,IRL,PAK,880390
3588246,111,168,9631,2006,85853.0,2805.0,1.293779,0.93995,ITA,PAK,880390
3588247,114,168,9631,2006,5258.0,0.0,2.4348099999999997,0.082887,JPN,PAK,880390
3588248,162,168,9631,2006,123969.0,0.0,1.192134,1.450852,NLD,PAK,880390
3588249,163,168,9631,2006,77068.0,0.0,1.0787930000000001,0.014051,NOR,PAK,880390
3588250,167,168,9631,2006,7478.0,0.0,-0.6373989999999999,-1.092554,OMN,PAK,880390
3588251,174,168,9631,2006,3443.0,0.0,0.161994,0.036631,PHL,PAK,880390
3588252,188,168,9631,2006,16693.0,2412.0,0.162432,-0.853059,SAU,PAK,880390
3588253,192,168,9631,2006,374067.0,3236.0,1.5377379999999998,0.503089,SGP,PAK,880390
3588254,216,168,9631,2006,426678.0,0.0,0.568209,1.685343,THA,PAK,880390
3588255,224,168,9631,2006,2133.0,0.0,0.33971599999999996,2.193384,TUR,PAK,880390
3588256,231,168,9631,2006,155980.0,153195.0,1.666643,-0.121679,USA,PAK,880390
3588257,239,168,9631,2006,0.0,2704.0,-0.342779,1.033318,VNM,PAK,880390
3588258,246,168,9631,2006,5084.0,0.0,0.37964499999999995,1.466326,ZAF,PAK,880390
3588259,249,168,9631,2006,1158.0,0.0,1.619915,1.2289940000000001,TWN,PAK,880390
3588260,43,169,9631,2006,19493.0,0.0,0.737888,2.54966,CHN,PAN,880390
3588261,49,169,9631,2006,3296.0,2189.0,0.129887,0.44371700000000003,COL,PAN,880390
3588262,99,169,9631,2006,0.0,545059.0,-0.672074,-0.472138,HND,PAN,880390
3588263,192,169,9631,2006,928.0,0.0,1.5377379999999998,0.503089,SGP,PAN,880390
3588264,197,169,9631,2006,0.0,50654.0,-0.135312,0.140874,SLV,PAN,880390
3588265,231,169,9631,2006,161390.0,0.0,1.666643,-0.121679,USA,PAN,880390
3588266,6,173,9631,2006,0.0,15772.0,0.251825,-0.629035,ANT,PER,880390
3588267,77,173,9631,2006,6236.0,0.0,1.47591,0.489466,FRA,PER,880390
3588268,163,173,9631,2006,3691.0,0.0,1.0787930000000001,0.014051,NOR,PER,880390
3588269,186,173,9631,2006,5550.0,0.0,0.801197,0.104683,RUS,PER,880390
3588270,231,173,9631,2006,869651.0,2542.0,1.666643,-0.121679,USA,PER,880390
3588271,7,174,9631,2006,0.0,116675.0,0.053903999999999994,-0.735124,ARE,PHL,880390
3588272,14,174,9631,2006,0.0,1085523.0,0.067166,0.373148,AUS,PHL,880390
3588273,15,174,9631,2006,0.0,594043.0,1.775669,0.192717,AUT,PHL,880390
3588274,18,174,9631,2006,0.0,17888.0,1.2222540000000002,1.383027,BEL,PHL,880390
3588275,22,174,9631,2006,0.0,1344.0,-1.0305309999999999,-0.80937,BGD,PHL,880390
3588276,24,174,9631,2006,0.0,9325.0,0.172724,-0.9449879999999999,BHR,PHL,880390
3588277,39,174,9631,2006,0.0,787942.0,0.865685,1.1480489999999999,CAN,PHL,880390
3588278,41,174,9631,2006,1475.0,198144.0,2.052534,0.515523,CHE,PHL,880390
3588279,43,174,9631,2006,1371.0,5493184.0,0.737888,2.54966,CHN,PHL,880390
3588280,59,174,9631,2006,484.0,4681.0,1.564058,0.6023649999999999,CZE,PHL,880390
3588281,61,174,9631,2006,13533.0,87101216.0,2.132566,-2.773669,DEU,PHL,880390
3588282,64,174,9631,2006,6022.0,171220.0,1.2308700000000001,1.180914,DNK,PHL,880390
3588283,71,174,9631,2006,0.0,16975.0,0.9091370000000001,2.068166,ESP,PHL,880390
3588284,74,174,9631,2006,0.0,3478.0,1.864038,0.8193940000000001,FIN,PHL,880390
3588285,77,174,9631,2006,3751.0,3958409.0,1.47591,0.489466,FRA,PHL,880390
3588286,81,174,9631,2006,60044.0,3706240.0,1.824154,0.614424,GBR,PHL,880390
3588287,90,174,9631,2006,0.0,1754.0,0.261955,1.488958,GRC,PHL,880390
3588288,95,174,9631,2006,0.0,51755.0,0.385261,-0.26928,GUM,PHL,880390
3588289,97,174,9631,2006,19342.0,6313954.0,0.5776319999999999,2.076782,HKG,PHL,880390
3588290,103,174,9631,2006,0.0,198281.0,-0.21012399999999998,1.467838,IDN,PHL,880390
3588291,104,174,9631,2006,0.0,19180.0,0.285652,2.731318,IND,PHL,880390
3588292,106,174,9631,2006,0.0,5316624.0,1.43804,0.06463200000000001,IRL,PHL,880390
3588293,110,174,9631,2006,0.0,5186.0,1.3082129999999998,0.783845,ISR,PHL,880390
3588294,111,174,9631,2006,9525.0,69727.0,1.293779,0.93995,ITA,PHL,880390
3588295,114,174,9631,2006,0.0,4155186.0,2.4348099999999997,0.082887,JPN,PHL,880390
3588296,121,174,9631,2006,15229.0,196554.0,1.5384309999999999,0.766628,KOR,PHL,880390
3588297,138,174,9631,2006,0.0,14750.0,1.047268,0.7142270000000001,MEX,PHL,880390
3588298,151,174,9631,2006,0.0,1016038.0,-0.311109,-0.07267,MUS,PHL,880390
3588299,153,174,9631,2006,788943.0,473146.0,0.7896569999999999,0.363625,MYS,PHL,880390
3588300,156,174,9631,2006,0.0,78845.0,-0.135099,-0.7618779999999999,NCL,PHL,880390
3588301,162,174,9631,2006,146766.0,3949215.0,1.192134,1.450852,NLD,PHL,880390
3588302,166,174,9631,2006,0.0,3196.0,0.5371,0.8240209999999999,NZL,PHL,880390
3588303,168,174,9631,2006,0.0,3443.0,-0.449333,0.563013,PAK,PHL,880390
3588304,176,174,9631,2006,0.0,53598.0,-1.89409,-1.234731,PNG,PHL,880390
3588305,192,174,9631,2006,120953.0,8400641.0,1.5377379999999998,0.503089,SGP,PHL,880390
3588306,197,174,9631,2006,0.0,2456.0,-0.135312,0.140874,SLV,PHL,880390
3588307,206,174,9631,2006,16748.0,1175.0,1.291583,0.868317,SVK,PHL,880390
3588308,216,174,9631,2006,245087.0,561695.0,0.568209,1.685343,THA,PHL,880390
3588309,228,174,9631,2006,0.0,4611.0,0.7008439999999999,0.79656,UKR,PHL,880390
3588310,229,174,9631,2006,0.0,9581.0,-0.5457930000000001,-0.808611,UMI,PHL,880390
3588311,231,174,9631,2006,206930.0,143653.0,1.666643,-0.121679,USA,PHL,880390
3588312,249,174,9631,2006,0.0,337832.0,1.619915,1.2289940000000001,TWN,PHL,880390
3588313,7,177,9631,2006,0.0,4937.0,0.053903999999999994,-0.735124,ARE,POL,880390
3588314,14,177,9631,2006,0.0,1389.0,0.067166,0.373148,AUS,POL,880390
3588315,15,177,9631,2006,0.0,418288.0,1.775669,0.192717,AUT,POL,880390
3588316,18,177,9631,2006,40212.0,0.0,1.2222540000000002,1.383027,BEL,POL,880390
3588317,32,177,9631,2006,1321.0,0.0,0.633889,1.1474520000000001,BRA,POL,880390
3588318,39,177,9631,2006,2130.0,0.0,0.865685,1.1480489999999999,CAN,POL,880390
3588319,41,177,9631,2006,4735.0,8250.0,2.052534,0.515523,CHE,POL,880390
3588320,43,177,9631,2006,1000.0,0.0,0.737888,2.54966,CHN,POL,880390
3588321,54,177,9631,2006,0.0,11477.0,0.204039,-0.5183260000000001,CUB,POL,880390
3588322,59,177,9631,2006,2209.0,4706.0,1.564058,0.6023649999999999,CZE,POL,880390
3588323,61,177,9631,2006,53134.0,63334.0,2.132566,-2.773669,DEU,POL,880390
3588324,77,177,9631,2006,20890.0,671835.0,1.47591,0.489466,FRA,POL,880390
3588325,81,177,9631,2006,39733.0,212460.0,1.824154,0.614424,GBR,POL,880390
3588326,104,177,9631,2006,0.0,195225.0,0.285652,2.731318,IND,POL,880390
3588327,109,177,9631,2006,302254.0,0.0,0.170234,-0.302203,ISL,POL,880390
3588328,111,177,9631,2006,2467.0,0.0,1.293779,0.93995,ITA,POL,880390
3588329,114,177,9631,2006,1581.0,0.0,2.4348099999999997,0.082887,JPN,POL,880390
3588330,121,177,9631,2006,0.0,1425.0,1.5384309999999999,0.766628,KOR,POL,880390
3588331,132,177,9631,2006,0.0,3500.0,0.531375,0.9414170000000001,LVA,POL,880390
3588332,162,177,9631,2006,25534.0,0.0,1.192134,1.450852,NLD,POL,880390
3588333,163,177,9631,2006,19698.0,0.0,1.0787930000000001,0.014051,NOR,POL,880390
3588334,186,177,9631,2006,39903.0,179094.0,0.801197,0.104683,RUS,POL,880390
3588335,208,177,9631,2006,0.0,4407.0,1.902737,0.593294,SWE,POL,880390
3588336,228,177,9631,2006,279212.0,1208.0,0.7008439999999999,0.79656,UKR,POL,880390
3588337,230,177,9631,2006,0.0,6209.0,0.234384,0.118878,URY,POL,880390
3588338,231,177,9631,2006,2631060.0,69820.0,1.666643,-0.121679,USA,POL,880390
3588339,250,177,9631,2006,4321.0,0.0,0.711619,-0.41880200000000006,ANS,POL,880390
3588340,43,180,9631,2006,975.0,0.0,0.737888,2.54966,CHN,PRY,880390
3588341,231,180,9631,2006,114591.0,0.0,1.666643,-0.121679,USA,PRY,880390
3588342,7,183,9631,2006,4401.0,10320.0,0.053903999999999994,-0.735124,ARE,QAT,880390
3588343,14,183,9631,2006,22955.0,0.0,0.067166,0.373148,AUS,QAT,880390
3588344,18,183,9631,2006,100670.0,0.0,1.2222540000000002,1.383027,BEL,QAT,880390
3588345,39,183,9631,2006,808.0,0.0,0.865685,1.1480489999999999,CAN,QAT,880390
3588346,43,183,9631,2006,2834.0,0.0,0.737888,2.54966,CHN,QAT,880390
3588347,61,183,9631,2006,469603.0,1999.0,2.132566,-2.773669,DEU,QAT,880390
3588348,64,183,9631,2006,51237.0,0.0,1.2308700000000001,1.180914,DNK,QAT,880390
3588349,71,183,9631,2006,0.0,4540.0,0.9091370000000001,2.068166,ESP,QAT,880390
3588350,74,183,9631,2006,782711.0,0.0,1.864038,0.8193940000000001,FIN,QAT,880390
3588351,77,183,9631,2006,377231.0,9208.0,1.47591,0.489466,FRA,QAT,880390
3588352,81,183,9631,2006,1130670.0,0.0,1.824154,0.614424,GBR,QAT,880390
3588353,97,183,9631,2006,4207.0,0.0,0.5776319999999999,2.076782,HKG,QAT,880390
3588354,111,183,9631,2006,4226.0,0.0,1.293779,0.93995,ITA,QAT,880390
3588355,116,183,9631,2006,91294.0,0.0,-0.38287899999999997,1.060286,KEN,QAT,880390
3588356,153,183,9631,2006,6466.0,0.0,0.7896569999999999,0.363625,MYS,QAT,880390
3588357,162,183,9631,2006,8170.0,0.0,1.192134,1.450852,NLD,QAT,880390
3588358,167,183,9631,2006,35126.0,0.0,-0.6373989999999999,-1.092554,OMN,QAT,880390
3588359,188,183,9631,2006,8289.0,0.0,0.162432,-0.853059,SAU,QAT,880390
3588360,231,183,9631,2006,57948232.0,6333.0,1.666643,-0.121679,USA,QAT,880390
3588361,250,183,9631,2006,0.0,111061.0,0.711619,-0.41880200000000006,ANS,QAT,880390
3588362,18,185,9631,2006,298614.0,5863.0,1.2222540000000002,1.383027,BEL,ROU,880390
3588363,39,185,9631,2006,1489.0,0.0,0.865685,1.1480489999999999,CAN,ROU,880390
3588364,43,185,9631,2006,1897.0,0.0,0.737888,2.54966,CHN,ROU,880390
3588365,61,185,9631,2006,36419.0,164633.0,2.132566,-2.773669,DEU,ROU,880390
3588366,71,185,9631,2006,5062.0,0.0,0.9091370000000001,2.068166,ESP,ROU,880390
3588367,77,185,9631,2006,549650.0,0.0,1.47591,0.489466,FRA,ROU,880390
3588368,81,185,9631,2006,7181.0,0.0,1.824154,0.614424,GBR,ROU,880390
3588369,100,185,9631,2006,0.0,2107.0,0.755787,0.992614,HRV,ROU,880390
3588370,110,185,9631,2006,1788571.0,95492.0,1.3082129999999998,0.783845,ISR,ROU,880390
3588371,111,185,9631,2006,1374.0,0.0,1.293779,0.93995,ITA,ROU,880390
3588372,130,185,9631,2006,0.0,31595.0,0.44063599999999997,1.163857,LTU,ROU,880390
3588373,162,185,9631,2006,0.0,138860.0,1.192134,1.450852,NLD,ROU,880390
3588374,224,185,9631,2006,0.0,3112.0,0.33971599999999996,2.193384,TUR,ROU,880390
3588375,231,185,9631,2006,2981372.0,0.0,1.666643,-0.121679,USA,ROU,880390
3588376,246,185,9631,2006,0.0,450165.0,0.37964499999999995,1.466326,ZAF,ROU,880390
3588377,249,185,9631,2006,153737.0,0.0,1.619915,1.2289940000000001,TWN,ROU,880390
3588378,7,188,9631,2006,6619.0,3323.0,0.053903999999999994,-0.735124,ARE,SAU,880390
3588379,18,188,9631,2006,33871.0,2167.0,1.2222540000000002,1.383027,BEL,SAU,880390
3588380,22,188,9631,2006,0.0,1538.0,-1.0305309999999999,-0.80937,BGD,SAU,880390
3588381,24,188,9631,2006,0.0,1003154.0,0.172724,-0.9449879999999999,BHR,SAU,880390
3588382,39,188,9631,2006,34360.0,252112.0,0.865685,1.1480489999999999,CAN,SAU,880390
3588383,41,188,9631,2006,10935.0,0.0,2.052534,0.515523,CHE,SAU,880390
3588384,61,188,9631,2006,24172.0,1090855.0,2.132566,-2.773669,DEU,SAU,880390
3588385,64,188,9631,2006,18857.0,0.0,1.2308700000000001,1.180914,DNK,SAU,880390
3588386,77,188,9631,2006,1523235.0,9772125.0,1.47591,0.489466,FRA,SAU,880390
3588387,81,188,9631,2006,7118268.0,4475045.0,1.824154,0.614424,GBR,SAU,880390
3588388,104,188,9631,2006,18321.0,166598.0,0.285652,2.731318,IND,SAU,880390
3588389,111,188,9631,2006,76242.0,42222.0,1.293779,0.93995,ITA,SAU,880390
3588390,114,188,9631,2006,15809.0,0.0,2.4348099999999997,0.082887,JPN,SAU,880390
3588391,116,188,9631,2006,0.0,7306.0,-0.38287899999999997,1.060286,KEN,SAU,880390
3588392,142,188,9631,2006,0.0,1551.0,1.384411,0.093734,MLT,SAU,880390
3588393,153,188,9631,2006,64056.0,0.0,0.7896569999999999,0.363625,MYS,SAU,880390
3588394,162,188,9631,2006,5414.0,0.0,1.192134,1.450852,NLD,SAU,880390
3588395,163,188,9631,2006,1547.0,0.0,1.0787930000000001,0.014051,NOR,SAU,880390
3588396,166,188,9631,2006,3342.0,0.0,0.5371,0.8240209999999999,NZL,SAU,880390
3588397,167,188,9631,2006,0.0,8072.0,-0.6373989999999999,-1.092554,OMN,SAU,880390
3588398,168,188,9631,2006,2412.0,16693.0,-0.449333,0.563013,PAK,SAU,880390
3588399,183,188,9631,2006,0.0,8289.0,0.055777999999999994,-1.0379049999999999,QAT,SAU,880390
3588400,190,188,9631,2006,0.0,9510.0,-1.873762,-1.278378,SDN,SAU,880390
3588401,192,188,9631,2006,9778.0,0.0,1.5377379999999998,0.503089,SGP,SAU,880390
3588402,208,188,9631,2006,58624.0,0.0,1.902737,0.593294,SWE,SAU,880390
3588403,216,188,9631,2006,2755.0,0.0,0.568209,1.685343,THA,SAU,880390
3588404,231,188,9631,2006,863733.0,27642256.0,1.666643,-0.121679,USA,SAU,880390
3588405,250,188,9631,2006,1173.0,0.0,0.711619,-0.41880200000000006,ANS,SAU,880390
3588406,138,197,9631,2006,8492.0,0.0,1.047268,0.7142270000000001,MEX,SLV,880390
3588407,169,197,9631,2006,50654.0,0.0,0.306664,0.638533,PAN,SLV,880390
3588408,174,197,9631,2006,2456.0,0.0,0.161994,0.036631,PHL,SLV,880390
3588409,231,197,9631,2006,678134.0,0.0,1.666643,-0.121679,USA,SLV,880390
3588410,231,205,9631,2006,14455.0,0.0,1.666643,-0.121679,USA,SUR,880390
3588411,7,208,9631,2006,0.0,6924.0,0.053903999999999994,-0.735124,ARE,SWE,880390
3588412,8,208,9631,2006,0.0,2954.0,0.33055,0.665867,ARG,SWE,880390
3588413,14,208,9631,2006,4533.0,27686.0,0.067166,0.373148,AUS,SWE,880390
3588414,15,208,9631,2006,1167759.0,224237.0,1.775669,0.192717,AUT,SWE,880390
3588415,18,208,9631,2006,10628.0,2090.0,1.2222540000000002,1.383027,BEL,SWE,880390
3588416,32,208,9631,2006,0.0,16928.0,0.633889,1.1474520000000001,BRA,SWE,880390
3588417,39,208,9631,2006,10710.0,16400.0,0.865685,1.1480489999999999,CAN,SWE,880390
3588418,41,208,9631,2006,50099.0,52824.0,2.052534,0.515523,CHE,SWE,880390
3588419,58,208,9631,2006,0.0,31187.0,0.708267,-0.048096,CYP,SWE,880390
3588420,59,208,9631,2006,7906.0,16411.0,1.564058,0.6023649999999999,CZE,SWE,880390
3588421,61,208,9631,2006,2802785.0,6400035.0,2.132566,-2.773669,DEU,SWE,880390
3588422,64,208,9631,2006,165317.0,582572.0,1.2308700000000001,1.180914,DNK,SWE,880390
3588423,68,208,9631,2006,0.0,1963.0,-0.182272,0.40222399999999997,EGY,SWE,880390
3588424,71,208,9631,2006,828686.0,25705.0,0.9091370000000001,2.068166,ESP,SWE,880390
3588425,74,208,9631,2006,0.0,2661.0,1.864038,0.8193940000000001,FIN,SWE,880390
3588426,77,208,9631,2006,1480139.0,12273701.0,1.47591,0.489466,FRA,SWE,880390
3588427,80,208,9631,2006,0.0,107000.0,-1.6696819999999999,-1.173322,GAB,SWE,880390
3588428,81,208,9631,2006,233806.0,1347951.0,1.824154,0.614424,GBR,SWE,880390
3588429,82,208,9631,2006,0.0,1935.0,0.076711,-0.47216099999999994,GEO,SWE,880390
3588430,104,208,9631,2006,0.0,2885.0,0.285652,2.731318,IND,SWE,880390
3588431,106,208,9631,2006,5586.0,1584.0,1.43804,0.06463200000000001,IRL,SWE,880390
3588432,109,208,9631,2006,0.0,3803.0,0.170234,-0.302203,ISL,SWE,880390
3588433,110,208,9631,2006,8149.0,125705.0,1.3082129999999998,0.783845,ISR,SWE,880390
3588434,111,208,9631,2006,26388.0,6556190.0,1.293779,0.93995,ITA,SWE,880390
3588435,113,208,9631,2006,0.0,1231.0,0.166718,0.331248,JOR,SWE,880390
3588436,114,208,9631,2006,97055.0,731958.0,2.4348099999999997,0.082887,JPN,SWE,880390
3588437,138,208,9631,2006,7788.0,0.0,1.047268,0.7142270000000001,MEX,SWE,880390
3588438,153,208,9631,2006,126567.0,74125.0,0.7896569999999999,0.363625,MYS,SWE,880390
3588439,162,208,9631,2006,21760.0,15312.0,1.192134,1.450852,NLD,SWE,880390
3588440,163,208,9631,2006,113153.0,419215.0,1.0787930000000001,0.014051,NOR,SWE,880390
3588441,166,208,9631,2006,12725.0,8774.0,0.5371,0.8240209999999999,NZL,SWE,880390
3588442,167,208,9631,2006,0.0,26301.0,-0.6373989999999999,-1.092554,OMN,SWE,880390
3588443,177,208,9631,2006,4407.0,0.0,0.991927,1.474418,POL,SWE,880390
3588444,179,208,9631,2006,0.0,1125.0,0.5723630000000001,1.92303,PRT,SWE,880390
3588445,186,208,9631,2006,0.0,137128.0,0.801197,0.104683,RUS,SWE,880390
3588446,188,208,9631,2006,0.0,58624.0,0.162432,-0.853059,SAU,SWE,880390
3588447,192,208,9631,2006,0.0,18160.0,1.5377379999999998,0.503089,SGP,SWE,880390
3588448,216,208,9631,2006,2652694.0,0.0,0.568209,1.685343,THA,SWE,880390
3588449,228,208,9631,2006,1370.0,11564.0,0.7008439999999999,0.79656,UKR,SWE,880390
3588450,231,208,9631,2006,3844948.0,4662135.0,1.666643,-0.121679,USA,SWE,880390
3588451,246,208,9631,2006,3431.0,11546.0,0.37964499999999995,1.466326,ZAF,SWE,880390
3588452,247,208,9631,2006,0.0,13834.0,-0.5307,-0.793621,ZMB,SWE,880390
3588453,7,216,9631,2006,0.0,656090.0,0.053903999999999994,-0.735124,ARE,THA,880390
3588454,14,216,9631,2006,3061.0,7652798.0,0.067166,0.373148,AUS,THA,880390
3588455,24,216,9631,2006,0.0,3162.0,0.172724,-0.9449879999999999,BHR,THA,880390
3588456,34,216,9631,2006,0.0,9874.0,-1.331831,-0.9170940000000001,BRN,THA,880390
3588457,35,216,9631,2006,0.0,14445.0,-0.016287,-0.561397,BTN,THA,880390
3588458,39,216,9631,2006,0.0,6413572.0,0.865685,1.1480489999999999,CAN,THA,880390
3588459,41,216,9631,2006,2798.0,88338192.0,2.052534,0.515523,CHE,THA,880390
3588460,43,216,9631,2006,2488.0,5403532.0,0.737888,2.54966,CHN,THA,880390
3588461,44,216,9631,2006,0.0,4254.0,-0.8918530000000001,-0.8145819999999999,CIV,THA,880390
3588462,59,216,9631,2006,79985.0,0.0,1.564058,0.6023649999999999,CZE,THA,880390
3588463,61,216,9631,2006,48742.0,40392252.0,2.132566,-2.773669,DEU,THA,880390
3588464,64,216,9631,2006,1091.0,332390.0,1.2308700000000001,1.180914,DNK,THA,880390
3588465,71,216,9631,2006,0.0,89204.0,0.9091370000000001,2.068166,ESP,THA,880390
3588466,77,216,9631,2006,43365.0,20708394.0,1.47591,0.489466,FRA,THA,880390
3588467,81,216,9631,2006,131278400.0,22730658.0,1.824154,0.614424,GBR,THA,880390
3588468,90,216,9631,2006,0.0,19017.0,0.261955,1.488958,GRC,THA,880390
3588469,97,216,9631,2006,6101.0,11297339.0,0.5776319999999999,2.076782,HKG,THA,880390
3588470,103,216,9631,2006,345241.0,118932.0,-0.21012399999999998,1.467838,IDN,THA,880390
3588471,104,216,9631,2006,9983.0,597249.0,0.285652,2.731318,IND,THA,880390
3588472,106,216,9631,2006,0.0,845416.0,1.43804,0.06463200000000001,IRL,THA,880390
3588473,110,216,9631,2006,657799.0,14270.0,1.3082129999999998,0.783845,ISR,THA,880390
3588474,111,216,9631,2006,383530.0,390543.0,1.293779,0.93995,ITA,THA,880390
3588475,113,216,9631,2006,0.0,11808.0,0.166718,0.331248,JOR,THA,880390
3588476,114,216,9631,2006,0.0,68151296.0,2.4348099999999997,0.082887,JPN,THA,880390
3588477,116,216,9631,2006,18801.0,5505.0,-0.38287899999999997,1.060286,KEN,THA,880390
3588478,118,216,9631,2006,0.0,240896.0,-1.323365,-1.185827,KHM,THA,880390
3588479,121,216,9631,2006,1046066.0,322242.0,1.5384309999999999,0.766628,KOR,THA,880390
3588480,122,216,9631,2006,0.0,31590.0,-0.589823,-1.142795,KWT,THA,880390
3588481,128,216,9631,2006,0.0,139851.0,-0.573767,0.305913,LKA,THA,880390
3588482,143,216,9631,2006,0.0,45759.0,-1.543679,-1.145623,MMR,THA,880390
3588483,153,216,9631,2006,21980.0,23060158.0,0.7896569999999999,0.363625,MYS,THA,880390
3588484,162,216,9631,2006,828420.0,8842975.0,1.192134,1.450852,NLD,THA,880390
3588485,163,216,9631,2006,0.0,120516.0,1.0787930000000001,0.014051,NOR,THA,880390
3588486,166,216,9631,2006,3793.0,263126.0,0.5371,0.8240209999999999,NZL,THA,880390
3588487,167,216,9631,2006,0.0,7968.0,-0.6373989999999999,-1.092554,OMN,THA,880390
3588488,168,216,9631,2006,0.0,426678.0,-0.449333,0.563013,PAK,THA,880390
3588489,174,216,9631,2006,561695.0,245087.0,0.161994,0.036631,PHL,THA,880390
3588490,188,216,9631,2006,0.0,2755.0,0.162432,-0.853059,SAU,THA,880390
3588491,192,216,9631,2006,519047.0,501300416.0,1.5377379999999998,0.503089,SGP,THA,880390
3588492,208,216,9631,2006,0.0,2652694.0,1.902737,0.593294,SWE,THA,880390
3588493,209,216,9631,2006,0.0,10998.0,0.750674,0.221306,SWZ,THA,880390
3588494,224,216,9631,2006,0.0,8525559.0,0.33971599999999996,2.193384,TUR,THA,880390
3588495,228,216,9631,2006,4105.0,0.0,0.7008439999999999,0.79656,UKR,THA,880390
3588496,231,216,9631,2006,913276.0,104417992.0,1.666643,-0.121679,USA,THA,880390
3588497,239,216,9631,2006,0.0,21124.0,-0.342779,1.033318,VNM,THA,880390
3588498,246,216,9631,2006,0.0,284633.0,0.37964499999999995,1.466326,ZAF,THA,880390
3588499,249,216,9631,2006,3797.0,1202112.0,1.619915,1.2289940000000001,TWN,THA,880390
3588500,39,222,9631,2006,0.0,83093.0,0.865685,1.1480489999999999,CAN,TTO,880390
3588501,77,222,9631,2006,1942.0,0.0,1.47591,0.489466,FRA,TTO,880390
3588502,81,222,9631,2006,7904.0,0.0,1.824154,0.614424,GBR,TTO,880390
3588503,96,222,9631,2006,0.0,1099.0,-0.813775,-0.8000649999999999,GUY,TTO,880390
3588504,127,222,9631,2006,0.0,1931.0,1.118348,-0.17618,LCA,TTO,880390
3588505,231,222,9631,2006,666256.0,3181.0,1.666643,-0.121679,USA,TTO,880390
3588506,18,224,9631,2006,106287.0,9824.0,1.2222540000000002,1.383027,BEL,TUR,880390
3588507,39,224,9631,2006,41264.0,0.0,0.865685,1.1480489999999999,CAN,TUR,880390
3588508,41,224,9631,2006,8781.0,0.0,2.052534,0.515523,CHE,TUR,880390
3588509,59,224,9631,2006,0.0,2492.0,1.564058,0.6023649999999999,CZE,TUR,880390
3588510,61,224,9631,2006,33069.0,18285.0,2.132566,-2.773669,DEU,TUR,880390
3588511,64,224,9631,2006,6113.0,0.0,1.2308700000000001,1.180914,DNK,TUR,880390
3588512,71,224,9631,2006,131444.0,1941.0,0.9091370000000001,2.068166,ESP,TUR,880390
3588513,77,224,9631,2006,414542.0,7466.0,1.47591,0.489466,FRA,TUR,880390
3588514,81,224,9631,2006,12172.0,567376.0,1.824154,0.614424,GBR,TUR,880390
3588515,82,224,9631,2006,0.0,2685.0,0.076711,-0.47216099999999994,GEO,TUR,880390
3588516,104,224,9631,2006,0.0,8161.0,0.285652,2.731318,IND,TUR,880390
3588517,106,224,9631,2006,31685.0,1204.0,1.43804,0.06463200000000001,IRL,TUR,880390
3588518,110,224,9631,2006,750060.0,969.0,1.3082129999999998,0.783845,ISR,TUR,880390
3588519,111,224,9631,2006,99737.0,0.0,1.293779,0.93995,ITA,TUR,880390
3588520,121,224,9631,2006,323992.0,0.0,1.5384309999999999,0.766628,KOR,TUR,880390
3588521,153,224,9631,2006,9276.0,696267.0,0.7896569999999999,0.363625,MYS,TUR,880390
3588522,162,224,9631,2006,1382572.0,3669.0,1.192134,1.450852,NLD,TUR,880390
3588523,163,224,9631,2006,7020.0,0.0,1.0787930000000001,0.014051,NOR,TUR,880390
3588524,168,224,9631,2006,0.0,2133.0,-0.449333,0.563013,PAK,TUR,880390
3588525,185,224,9631,2006,3112.0,0.0,0.550825,1.170744,ROU,TUR,880390
3588526,216,224,9631,2006,8525559.0,0.0,0.568209,1.685343,THA,TUR,880390
3588527,231,224,9631,2006,710441.0,117204.0,1.666643,-0.121679,USA,TUR,880390
3588528,64,230,9631,2006,1135.0,0.0,1.2308700000000001,1.180914,DNK,URY,880390
3588529,71,230,9631,2006,82979.0,0.0,0.9091370000000001,2.068166,ESP,URY,880390
3588530,77,230,9631,2006,11748.0,5754.0,1.47591,0.489466,FRA,URY,880390
3588531,114,230,9631,2006,2923.0,0.0,2.4348099999999997,0.082887,JPN,URY,880390
3588532,177,230,9631,2006,6209.0,0.0,0.991927,1.474418,POL,URY,880390
3588533,231,230,9631,2006,69965.0,0.0,1.666643,-0.121679,USA,URY,880390
3588534,0,231,9631,2006,0.0,6450.0,0.15112799999999998,-0.752631,ABW,USA,880390
3588535,1,231,9631,2006,0.0,4184669.0,-0.626011,-0.6799689999999999,AFG,USA,880390
3588536,2,231,9631,2006,0.0,3132330.0,-2.0822979999999998,-1.176767,AGO,USA,880390
3588537,3,231,9631,2006,0.0,1259.0,1.4066610000000002,-0.166941,AIA,USA,880390
3588538,4,231,9631,2006,0.0,35611.0,-0.340932,-0.06302200000000001,ALB,USA,880390
3588539,6,231,9631,2006,2948408.0,72755.0,0.251825,-0.629035,ANT,USA,880390
3588540,7,231,9631,2006,14734.0,3658113.0,0.053903999999999994,-0.735124,ARE,USA,880390
3588541,8,231,9631,2006,1097.0,599382.0,0.33055,0.665867,ARG,USA,880390
3588542,13,231,9631,2006,0.0,69457.0,-0.139051,-0.780321,ATG,USA,880390
3588543,14,231,9631,2006,428718.0,6128658.0,0.067166,0.373148,AUS,USA,880390
3588544,15,231,9631,2006,2232878.0,2518281.0,1.775669,0.192717,AUT,USA,880390
3588545,16,231,9631,2006,0.0,6998.0,-0.521304,-1.035764,AZE,USA,880390
3588546,18,231,9631,2006,6818784.0,2494913.0,1.2222540000000002,1.383027,BEL,USA,880390
3588547,22,231,9631,2006,0.0,32839.0,-1.0305309999999999,-0.80937,BGD,USA,880390
3588548,23,231,9631,2006,7517.0,80240.0,0.414563,1.378005,BGR,USA,880390
3588549,24,231,9631,2006,143270.0,269339.0,0.172724,-0.9449879999999999,BHR,USA,880390
3588550,25,231,9631,2006,1198.0,551639.0,0.673694,-0.519608,BHS,USA,880390
3588551,26,231,9631,2006,0.0,4935.0,0.40788800000000003,0.562854,BIH,USA,880390
3588552,29,231,9631,2006,0.0,28168.0,-0.584902,-0.82437,BLZ,USA,880390
3588553,30,231,9631,2006,0.0,3170.0,0.491259,-0.603062,BMU,USA,880390
3588554,31,231,9631,2006,21695.0,20101.0,-0.805185,-0.754091,BOL,USA,880390
3588555,32,231,9631,2006,1341600.0,28508134.0,0.633889,1.1474520000000001,BRA,USA,880390
3588556,33,231,9631,2006,147088.0,55670.0,0.977267,0.6046560000000001,BRB,USA,880390
3588557,34,231,9631,2006,0.0,8599.0,-1.331831,-0.9170940000000001,BRN,USA,880390
3588558,37,231,9631,2006,23779.0,8318.0,-1.0541459999999998,-1.179286,BWA,USA,880390
3588559,39,231,9631,2006,22806104.0,15521025.0,0.865685,1.1480489999999999,CAN,USA,880390
3588560,41,231,9631,2006,9000188.0,2685905.0,2.052534,0.515523,CHE,USA,880390
3588561,42,231,9631,2006,13986.0,7626601.0,-0.188298,-0.46778000000000003,CHL,USA,880390
3588562,43,231,9631,2006,4429852.0,21275122.0,0.737888,2.54966,CHN,USA,880390
3588563,44,231,9631,2006,0.0,25753.0,-0.8918530000000001,-0.8145819999999999,CIV,USA,880390
3588564,45,231,9631,2006,0.0,248258.0,-1.358873,-1.1511360000000002,CMR,USA,880390
3588565,46,231,9631,2006,0.0,83143.0,-1.542137,-1.086494,COD,USA,880390
3588566,47,231,9631,2006,0.0,36918.0,-1.9903240000000002,-1.189925,COG,USA,880390
3588567,49,231,9631,2006,18198.0,8990180.0,0.129887,0.44371700000000003,COL,USA,880390
3588568,51,231,9631,2006,2874.0,67866.0,0.369814,-0.414812,CPV,USA,880390
3588569,52,231,9631,2006,583543.0,368054.0,0.042663,-0.376672,CRI,USA,880390
3588570,57,231,9631,2006,0.0,9613.0,0.7708189999999999,-0.648112,CYM,USA,880390
3588571,58,231,9631,2006,0.0,211601.0,0.708267,-0.048096,CYP,USA,880390
3588572,59,231,9631,2006,408174.0,880741.0,1.564058,0.6023649999999999,CZE,USA,880390
3588573,61,231,9631,2006,437605568.0,42945348.0,2.132566,-2.773669,DEU,USA,880390
3588574,63,231,9631,2006,0.0,18183.0,0.10759400000000001,-0.159215,DMA,USA,880390
3588575,64,231,9631,2006,1139096.0,843325.0,1.2308700000000001,1.180914,DNK,USA,880390
3588576,65,231,9631,2006,0.0,185529.0,-0.24073699999999998,0.049093,DOM,USA,880390
3588577,66,231,9631,2006,0.0,6572.0,-0.489962,-1.12456,DZA,USA,880390
3588578,67,231,9631,2006,0.0,531887.0,-0.878583,-0.9462010000000001,ECU,USA,880390
3588579,68,231,9631,2006,0.0,131122.0,-0.182272,0.40222399999999997,EGY,USA,880390
3588580,69,231,9631,2006,0.0,48500.0,0.216725,-0.337624,ERI,USA,880390
3588581,71,231,9631,2006,10517198.0,6550294.0,0.9091370000000001,2.068166,ESP,USA,880390
3588582,72,231,9631,2006,0.0,139480.0,0.6426350000000001,0.925003,EST,USA,880390
3588583,73,231,9631,2006,0.0,59027.0,-0.9557180000000001,-0.9153479999999999,ETH,USA,880390
3588584,74,231,9631,2006,164055.0,341399.0,1.864038,0.8193940000000001,FIN,USA,880390
3588585,75,231,9631,2006,2000.0,6831.0,-0.6554949999999999,-0.098284,FJI,USA,880390
3588586,77,231,9631,2006,33576460.0,36251428.0,1.47591,0.489466,FRA,USA,880390
3588587,78,231,9631,2006,0.0,2966.0,-0.117631,-0.69352,FRO,USA,880390
3588588,79,231,9631,2006,0.0,7153.0,-0.883972,-0.8817209999999999,FSM,USA,880390
3588589,80,231,9631,2006,0.0,12049.0,-1.6696819999999999,-1.173322,GAB,USA,880390
3588590,81,231,9631,2006,33926016.0,50446656.0,1.824154,0.614424,GBR,USA,880390
3588591,82,231,9631,2006,4469.0,361052.0,0.076711,-0.47216099999999994,GEO,USA,880390
3588592,83,231,9631,2006,0.0,2505.0,-0.9934860000000001,-0.809318,GHA,USA,880390
3588593,84,231,9631,2006,0.0,3500.0,0.8370120000000001,-0.35099400000000003,GIB,USA,880390
3588594,85,231,9631,2006,0.0,12874.0,-1.8376720000000002,-1.229774,GIN,USA,880390
3588595,89,231,9631,2006,0.0,8304.0,-2.188173,-0.8631700000000001,GNQ,USA,880390
3588596,90,231,9631,2006,101286.0,573574.0,0.261955,1.488958,GRC,USA,880390
3588597,91,231,9631,2006,0.0,3201.0,0.19208599999999998,-0.40781,GRD,USA,880390
3588598,93,231,9631,2006,0.0,484773.0,-0.28642199999999995,0.5868439999999999,GTM,USA,880390
3588599,96,231,9631,2006,9515.0,6198.0,-0.813775,-0.8000649999999999,GUY,USA,880390
3588600,97,231,9631,2006,129792.0,4112077.0,0.5776319999999999,2.076782,HKG,USA,880390
3588601,99,231,9631,2006,161612.0,105506.0,-0.672074,-0.472138,HND,USA,880390
3588602,100,231,9631,2006,2774.0,4691.0,0.755787,0.992614,HRV,USA,880390
3588603,101,231,9631,2006,0.0,2166071.0,-1.037941,-0.9475790000000001,HTI,USA,880390
3588604,102,231,9631,2006,0.0,305481.0,1.4034309999999999,0.835144,HUN,USA,880390
3588605,103,231,9631,2006,152778.0,380183.0,-0.21012399999999998,1.467838,IDN,USA,880390
3588606,104,231,9631,2006,193370.0,6065458.0,0.285652,2.731318,IND,USA,880390
3588607,106,231,9631,2006,591392.0,1774316.0,1.43804,0.06463200000000001,IRL,USA,880390
3588608,108,231,9631,2006,0.0,3647739.0,-2.029727,-0.8634219999999999,IRQ,USA,880390
3588609,109,231,9631,2006,148027.0,132270.0,0.170234,-0.302203,ISL,USA,880390
3588610,110,231,9631,2006,4961206.0,5174346.0,1.3082129999999998,0.783845,ISR,USA,880390
3588611,111,231,9631,2006,49823976.0,59979952.0,1.293779,0.93995,ITA,USA,880390
3588612,112,231,9631,2006,1393.0,149734.0,-0.5122720000000001,-0.9109809999999999,JAM,USA,880390
3588613,113,231,9631,2006,1551274.0,257277.0,0.166718,0.331248,JOR,USA,880390
3588614,114,231,9631,2006,18706396.0,50791736.0,2.4348099999999997,0.082887,JPN,USA,880390
3588615,115,231,9631,2006,0.0,191710.0,0.038229,-0.579421,KAZ,USA,880390
3588616,116,231,9631,2006,174509.0,1201864.0,-0.38287899999999997,1.060286,KEN,USA,880390
3588617,117,231,9631,2006,0.0,18767.0,-0.034069,0.136694,KGZ,USA,880390
3588618,118,231,9631,2006,0.0,3524.0,-1.323365,-1.185827,KHM,USA,880390
3588619,121,231,9631,2006,14988353.0,141619936.0,1.5384309999999999,0.766628,KOR,USA,880390
3588620,122,231,9631,2006,0.0,1232614.0,-0.589823,-1.142795,KWT,USA,880390
3588621,123,231,9631,2006,0.0,25119.0,-1.1707450000000001,-1.057348,LAO,USA,880390
3588622,124,231,9631,2006,0.0,6492.0,0.3861,1.586183,LBN,USA,880390
3588623,125,231,9631,2006,0.0,140000.0,-0.679188,-1.0969389999999999,LBR,USA,880390
3588624,127,231,9631,2006,0.0,2106.0,1.118348,-0.17618,LCA,USA,880390
3588625,128,231,9631,2006,372123.0,145376.0,-0.573767,0.305913,LKA,USA,880390
3588626,130,231,9631,2006,11803.0,320878.0,0.44063599999999997,1.163857,LTU,USA,880390
3588627,131,231,9631,2006,2625.0,18795672.0,1.4345620000000001,0.8840819999999999,LUX,USA,880390
3588628,132,231,9631,2006,0.0,22057.0,0.531375,0.9414170000000001,LVA,USA,880390
3588629,133,231,9631,2006,0.0,134685.0,-0.07118200000000001,-0.228354,MAC,USA,880390
3588630,134,231,9631,2006,0.0,305043.0,-0.547933,0.08257300000000001,MAR,USA,880390
3588631,136,231,9631,2006,100087.0,28807.0,-1.024657,-0.393395,MDG,USA,880390
3588632,137,231,9631,2006,0.0,3822.0,-0.240191,-0.8320290000000001,MDV,USA,880390
3588633,138,231,9631,2006,1700506.0,4176074.0,1.047268,0.7142270000000001,MEX,USA,880390
3588634,139,231,9631,2006,0.0,17539.0,-0.6514220000000001,-0.880265,MHL,USA,880390
3588635,141,231,9631,2006,0.0,1568.0,-0.503462,-0.778836,MLI,USA,880390
3588636,142,231,9631,2006,0.0,5323.0,1.384411,0.093734,MLT,USA,880390
3588637,145,231,9631,2006,0.0,25296.0,-1.147217,-1.0734709999999998,MNG,USA,880390
3588638,147,231,9631,2006,0.0,11673.0,-1.0250629999999998,-1.067359,MOZ,USA,880390
3588639,148,231,9631,2006,0.0,4684.0,-1.72422,-1.2414399999999999,MRT,USA,880390
3588640,152,231,9631,2006,0.0,4943.0,-1.145132,-1.0946209999999998,MWI,USA,880390
3588641,153,231,9631,2006,2140244.0,1964308.0,0.7896569999999999,0.363625,MYS,USA,880390
3588642,155,231,9631,2006,1274.0,8558.0,-0.515361,-0.8027350000000001,NAM,USA,880390
3588643,156,231,9631,2006,1633.0,36597.0,-0.135099,-0.7618779999999999,NCL,USA,880390
3588644,159,231,9631,2006,0.0,267152.0,-2.094353,-1.215025,NGA,USA,880390
3588645,160,231,9631,2006,0.0,282777.0,-0.998825,-0.893867,NIC,USA,880390
3588646,162,231,9631,2006,21367010.0,3062556.0,1.192134,1.450852,NLD,USA,880390
3588647,163,231,9631,2006,2205765.0,2762178.0,1.0787930000000001,0.014051,NOR,USA,880390
3588648,164,231,9631,2006,0.0,20750.0,-0.29672600000000005,0.665077,NPL,USA,880390
3588649,166,231,9631,2006,145146.0,1777329.0,0.5371,0.8240209999999999,NZL,USA,880390
3588650,167,231,9631,2006,361890.0,31589.0,-0.6373989999999999,-1.092554,OMN,USA,880390
3588651,168,231,9631,2006,153195.0,155980.0,-0.449333,0.563013,PAK,USA,880390
3588652,169,231,9631,2006,0.0,161390.0,0.306664,0.638533,PAN,USA,880390
3588653,173,231,9631,2006,2542.0,869651.0,-0.551095,0.044295,PER,USA,880390
3588654,174,231,9631,2006,143653.0,206930.0,0.161994,0.036631,PHL,USA,880390
3588655,176,231,9631,2006,0.0,75573.0,-1.89409,-1.234731,PNG,USA,880390
3588656,177,231,9631,2006,69820.0,2631060.0,0.991927,1.474418,POL,USA,880390
3588657,179,231,9631,2006,43529.0,108907.0,0.5723630000000001,1.92303,PRT,USA,880390
3588658,180,231,9631,2006,0.0,114591.0,-0.520435,-0.7839119999999999,PRY,USA,880390
3588659,182,231,9631,2006,0.0,47500.0,-0.213329,-0.743599,PYF,USA,880390
3588660,183,231,9631,2006,6333.0,57948232.0,0.055777999999999994,-1.0379049999999999,QAT,USA,880390
3588661,185,231,9631,2006,0.0,2981372.0,0.550825,1.170744,ROU,USA,880390
3588662,186,231,9631,2006,6563982.0,6340442.0,0.801197,0.104683,RUS,USA,880390
3588663,187,231,9631,2006,0.0,1744.0,-0.032827999999999996,-0.42937600000000004,RWA,USA,880390
3588664,188,231,9631,2006,27642256.0,863733.0,0.162432,-0.853059,SAU,USA,880390
3588665,190,231,9631,2006,0.0,147967.0,-1.873762,-1.278378,SDN,USA,880390
3588666,191,231,9631,2006,0.0,11071.0,-0.364713,-0.183612,SEN,USA,880390
3588667,192,231,9631,2006,2414717.0,17979404.0,1.5377379999999998,0.503089,SGP,USA,880390
3588668,196,231,9631,2006,0.0,31229.0,0.518163,-0.032742,SLE,USA,880390
3588669,197,231,9631,2006,0.0,678134.0,-0.135312,0.140874,SLV,USA,880390
3588670,201,231,9631,2006,0.0,137592.0,0.547824,1.5588879999999998,SRB,USA,880390
3588671,205,231,9631,2006,0.0,14455.0,-0.754046,-0.872361,SUR,USA,880390
3588672,206,231,9631,2006,8008.0,27569.0,1.291583,0.868317,SVK,USA,880390
3588673,207,231,9631,2006,0.0,6179.0,1.5882370000000001,0.800719,SVN,USA,880390
3588674,208,231,9631,2006,4662135.0,3844948.0,1.902737,0.593294,SWE,USA,880390
3588675,211,231,9631,2006,1910.0,26140.0,-0.344619,-0.796139,SYC,USA,880390
3588676,213,231,9631,2006,0.0,15170.0,0.43692700000000007,-0.135696,TCA,USA,880390
3588677,214,231,9631,2006,0.0,13670.0,-3.0579419999999997,-0.8926649999999999,TCD,USA,880390
3588678,215,231,9631,2006,0.0,8000.0,-0.8304020000000001,-0.678178,TGO,USA,880390
3588679,216,231,9631,2006,104417992.0,913276.0,0.568209,1.685343,THA,USA,880390
3588680,219,231,9631,2006,0.0,9739.0,-1.155861,-1.200933,TKM,USA,880390
3588681,222,231,9631,2006,3181.0,666256.0,-0.20651399999999998,-1.024907,TTO,USA,880390
3588682,224,231,9631,2006,117204.0,710441.0,0.33971599999999996,2.193384,TUR,USA,880390
3588683,226,231,9631,2006,17105.0,4783.0,-0.953097,0.159129,TZA,USA,880390
3588684,227,231,9631,2006,0.0,3442.0,-0.702511,-0.43976099999999996,UGA,USA,880390
3588685,228,231,9631,2006,116587.0,60640.0,0.7008439999999999,0.79656,UKR,USA,880390
3588686,230,231,9631,2006,0.0,69965.0,0.234384,0.118878,URY,USA,880390
3588687,232,231,9631,2006,0.0,4537.0,-0.457759,-0.784626,UZB,USA,880390
3588688,234,231,9631,2006,881.0,9368.0,-0.6097060000000001,-0.8844770000000001,VCT,USA,880390
3588689,236,231,9631,2006,73788.0,614836.0,-0.340972,-1.015462,VEN,USA,880390
3588690,237,231,9631,2006,0.0,97545.0,1.05644,0.179306,VGB,USA,880390
3588691,239,231,9631,2006,4153.0,106744.0,-0.342779,1.033318,VNM,USA,880390
3588692,240,231,9631,2006,0.0,7679.0,-1.166741,-0.927552,VUT,USA,880390
3588693,241,231,9631,2006,0.0,91003.0,1.609916,-0.311544,WLF,USA,880390
3588694,243,231,9631,2006,0.0,16134.0,-1.0407110000000002,-1.13042,YEM,USA,880390
3588695,246,231,9631,2006,206550.0,1044524.0,0.37964499999999995,1.466326,ZAF,USA,880390
3588696,247,231,9631,2006,0.0,2686.0,-0.5307,-0.793621,ZMB,USA,880390
3588697,248,231,9631,2006,3226983.0,3713.0,-0.41825500000000004,-0.55313,ZWE,USA,880390
3588698,249,231,9631,2006,6625510.0,10159304.0,1.619915,1.2289940000000001,TWN,USA,880390
3588699,6,236,9631,2006,37862.0,18140.0,0.251825,-0.629035,ANT,VEN,880390
3588700,39,236,9631,2006,128122.0,0.0,0.865685,1.1480489999999999,CAN,VEN,880390
3588701,42,236,9631,2006,1889.0,0.0,-0.188298,-0.46778000000000003,CHL,VEN,880390
3588702,49,236,9631,2006,11978.0,0.0,0.129887,0.44371700000000003,COL,VEN,880390
3588703,61,236,9631,2006,122180.0,0.0,2.132566,-2.773669,DEU,VEN,880390
3588704,71,236,9631,2006,76910.0,0.0,0.9091370000000001,2.068166,ESP,VEN,880390
3588705,77,236,9631,2006,5899.0,0.0,1.47591,0.489466,FRA,VEN,880390
3588706,110,236,9631,2006,0.0,57920.0,1.3082129999999998,0.783845,ISR,VEN,880390
3588707,160,236,9631,2006,12578.0,0.0,-0.998825,-0.893867,NIC,VEN,880390
3588708,162,236,9631,2006,177721.0,0.0,1.192134,1.450852,NLD,VEN,880390
3588709,231,236,9631,2006,614836.0,73788.0,1.666643,-0.121679,USA,VEN,880390
3588710,18,243,9631,2006,151977.0,2570.0,1.2222540000000002,1.383027,BEL,YEM,880390
3588711,153,243,9631,2006,7783.0,2847.0,0.7896569999999999,0.363625,MYS,YEM,880390
3588712,190,243,9631,2006,0.0,1862.0,-1.873762,-1.278378,SDN,YEM,880390
3588713,192,243,9631,2006,0.0,1118.0,1.5377379999999998,0.503089,SGP,YEM,880390
3588714,231,243,9631,2006,16134.0,0.0,1.666643,-0.121679,USA,YEM,880390
3588715,250,243,9631,2006,49318.0,0.0,0.711619,-0.41880200000000006,ANS,YEM,880390
3588716,14,249,9631,2006,0.0,18243.0,0.067166,0.373148,AUS,TWN,880390
3588717,15,249,9631,2006,23590.0,1180.0,1.775669,0.192717,AUT,TWN,880390
3588718,18,249,9631,2006,382725.0,6956.0,1.2222540000000002,1.383027,BEL,TWN,880390
3588719,39,249,9631,2006,2692928.0,38159.0,0.865685,1.1480489999999999,CAN,TWN,880390
3588720,43,249,9631,2006,15620.0,22955.0,0.737888,2.54966,CHN,TWN,880390
3588721,59,249,9631,2006,801.0,0.0,1.564058,0.6023649999999999,CZE,TWN,880390
3588722,61,249,9631,2006,26209.0,848574.0,2.132566,-2.773669,DEU,TWN,880390
3588723,64,249,9631,2006,20281.0,5159.0,1.2308700000000001,1.180914,DNK,TWN,880390
3588724,71,249,9631,2006,0.0,44172.0,0.9091370000000001,2.068166,ESP,TWN,880390
3588725,77,249,9631,2006,590046.0,685260.0,1.47591,0.489466,FRA,TWN,880390
3588726,81,249,9631,2006,354437.0,227970.0,1.824154,0.614424,GBR,TWN,880390
3588727,97,249,9631,2006,9999.0,4932.0,0.5776319999999999,2.076782,HKG,TWN,880390
3588728,104,249,9631,2006,0.0,10209.0,0.285652,2.731318,IND,TWN,880390
3588729,110,249,9631,2006,6760.0,26827.0,1.3082129999999998,0.783845,ISR,TWN,880390
3588730,111,249,9631,2006,177431.0,9308.0,1.293779,0.93995,ITA,TWN,880390
3588731,114,249,9631,2006,87490.0,260468.0,2.4348099999999997,0.082887,JPN,TWN,880390
3588732,121,249,9631,2006,266691.0,102932.0,1.5384309999999999,0.766628,KOR,TWN,880390
3588733,133,249,9631,2006,4355.0,0.0,-0.07118200000000001,-0.228354,MAC,TWN,880390
3588734,153,249,9631,2006,2378039.0,130786.0,0.7896569999999999,0.363625,MYS,TWN,880390
3588735,162,249,9631,2006,37338.0,6188.0,1.192134,1.450852,NLD,TWN,880390
3588736,163,249,9631,2006,152795.0,0.0,1.0787930000000001,0.014051,NOR,TWN,880390
3588737,166,249,9631,2006,6125.0,0.0,0.5371,0.8240209999999999,NZL,TWN,880390
3588738,168,249,9631,2006,0.0,1158.0,-0.449333,0.563013,PAK,TWN,880390
3588739,174,249,9631,2006,337832.0,0.0,0.161994,0.036631,PHL,TWN,880390
3588740,185,249,9631,2006,0.0,153737.0,0.550825,1.170744,ROU,TWN,880390
3588741,186,249,9631,2006,84478.0,0.0,0.801197,0.104683,RUS,TWN,880390
3588742,192,249,9631,2006,1128399.0,246209.0,1.5377379999999998,0.503089,SGP,TWN,880390
3588743,216,249,9631,2006,1202112.0,3797.0,0.568209,1.685343,THA,TWN,880390
3588744,231,249,9631,2006,10159304.0,6625510.0,1.666643,-0.121679,USA,TWN,880390
3588745,239,249,9631,2006,353640.0,0.0,-0.342779,1.033318,VNM,TWN,880390
3588746,15,7,9631,2006,11946.0,1016.0,1.775669,0.192717,AUT,ARE,880390
3588747,18,7,9631,2006,2293232.0,16429.0,1.2222540000000002,1.383027,BEL,ARE,880390
3588748,22,7,9631,2006,0.0,2290.0,-1.0305309999999999,-0.80937,BGD,ARE,880390
3588749,24,7,9631,2006,0.0,1660.0,0.172724,-0.9449879999999999,BHR,ARE,880390
3588750,41,7,9631,2006,0.0,18513.0,2.052534,0.515523,CHE,ARE,880390
3588751,43,7,9631,2006,54950.0,0.0,0.737888,2.54966,CHN,ARE,880390
3588752,58,7,9631,2006,4878.0,4988.0,0.708267,-0.048096,CYP,ARE,880390
3588753,61,7,9631,2006,331650.0,151900.0,2.132566,-2.773669,DEU,ARE,880390
3588754,64,7,9631,2006,87302.0,356385.0,1.2308700000000001,1.180914,DNK,ARE,880390
3588755,71,7,9631,2006,388339.0,0.0,0.9091370000000001,2.068166,ESP,ARE,880390
3588756,77,7,9631,2006,2668133.0,18192.0,1.47591,0.489466,FRA,ARE,880390
3588757,103,7,9631,2006,4789.0,0.0,-0.21012399999999998,1.467838,IDN,ARE,880390
3588758,104,7,9631,2006,114291.0,4668.0,0.285652,2.731318,IND,ARE,880390
3588759,111,7,9631,2006,84590.0,1834.0,1.293779,0.93995,ITA,ARE,880390
3588760,113,7,9631,2006,0.0,44253.0,0.166718,0.331248,JOR,ARE,880390
3588761,114,7,9631,2006,3622.0,0.0,2.4348099999999997,0.082887,JPN,ARE,880390
3588762,116,7,9631,2006,0.0,14430.0,-0.38287899999999997,1.060286,KEN,ARE,880390
3588763,121,7,9631,2006,0.0,2618.0,1.5384309999999999,0.766628,KOR,ARE,880390
3588764,128,7,9631,2006,0.0,1799.0,-0.573767,0.305913,LKA,ARE,880390
3588765,131,7,9631,2006,1487.0,0.0,1.4345620000000001,0.8840819999999999,LUX,ARE,880390
3588766,153,7,9631,2006,3749802.0,148870.0,0.7896569999999999,0.363625,MYS,ARE,880390
3588767,162,7,9631,2006,4853574.0,15975.0,1.192134,1.450852,NLD,ARE,880390
3588768,163,7,9631,2006,50349.0,0.0,1.0787930000000001,0.014051,NOR,ARE,880390
3588769,167,7,9631,2006,62992.0,819006.0,-0.6373989999999999,-1.092554,OMN,ARE,880390
3588770,168,7,9631,2006,41276.0,302287.0,-0.449333,0.563013,PAK,ARE,880390
3588771,174,7,9631,2006,116675.0,0.0,0.161994,0.036631,PHL,ARE,880390
3588772,177,7,9631,2006,4937.0,0.0,0.991927,1.474418,POL,ARE,880390
3588773,183,7,9631,2006,10320.0,4401.0,0.055777999999999994,-1.0379049999999999,QAT,ARE,880390
3588774,188,7,9631,2006,3323.0,6619.0,0.162432,-0.853059,SAU,ARE,880390
3588775,190,7,9631,2006,0.0,105035.0,-1.873762,-1.278378,SDN,ARE,880390
3588776,192,7,9631,2006,333753.0,10841.0,1.5377379999999998,0.503089,SGP,ARE,880390
3588777,208,7,9631,2006,6924.0,0.0,1.902737,0.593294,SWE,ARE,880390
3588778,216,7,9631,2006,656090.0,0.0,0.568209,1.685343,THA,ARE,880390
3588779,226,7,9631,2006,0.0,111593.0,-0.953097,0.159129,TZA,ARE,880390
3588780,227,7,9631,2006,2640.0,67463.0,-0.702511,-0.43976099999999996,UGA,ARE,880390
3588781,231,7,9631,2006,3658113.0,14734.0,1.666643,-0.121679,USA,ARE,880390
3588782,246,7,9631,2006,4607.0,0.0,0.37964499999999995,1.466326,ZAF,ARE,880390
3588783,18,14,9631,2006,76986.0,8237.0,1.2222540000000002,1.383027,BEL,AUS,880390
3588784,22,14,9631,2006,0.0,17384.0,-1.0305309999999999,-0.80937,BGD,AUS,880390
3588785,24,14,9631,2006,25725.0,0.0,0.172724,-0.9449879999999999,BHR,AUS,880390
3588786,32,14,9631,2006,1363.0,0.0,0.633889,1.1474520000000001,BRA,AUS,880390
3588787,37,14,9631,2006,0.0,3464.0,-1.0541459999999998,-1.179286,BWA,AUS,880390
3588788,39,14,9631,2006,5992.0,19627.0,0.865685,1.1480489999999999,CAN,AUS,880390
3588789,41,14,9631,2006,47752.0,0.0,2.052534,0.515523,CHE,AUS,880390
3588790,43,14,9631,2006,33124.0,0.0,0.737888,2.54966,CHN,AUS,880390
3588791,61,14,9631,2006,828613.0,149248.0,2.132566,-2.773669,DEU,AUS,880390
3588792,64,14,9631,2006,24145.0,0.0,1.2308700000000001,1.180914,DNK,AUS,880390
3588793,71,14,9631,2006,13951.0,6643.0,0.9091370000000001,2.068166,ESP,AUS,880390
3588794,74,14,9631,2006,7269.0,0.0,1.864038,0.8193940000000001,FIN,AUS,880390
3588795,75,14,9631,2006,4091.0,406407.0,-0.6554949999999999,-0.098284,FJI,AUS,880390
3588796,77,14,9631,2006,299708.0,19579.0,1.47591,0.489466,FRA,AUS,880390
3588797,81,14,9631,2006,282690.0,0.0,1.824154,0.614424,GBR,AUS,880390
3588798,97,14,9631,2006,70658.0,0.0,0.5776319999999999,2.076782,HKG,AUS,880390
3588799,103,14,9631,2006,96767.0,0.0,-0.21012399999999998,1.467838,IDN,AUS,880390
3588800,104,14,9631,2006,0.0,32183.0,0.285652,2.731318,IND,AUS,880390
3588801,106,14,9631,2006,0.0,1500.0,1.43804,0.06463200000000001,IRL,AUS,880390
3588802,110,14,9631,2006,928886.0,813.0,1.3082129999999998,0.783845,ISR,AUS,880390
3588803,111,14,9631,2006,19165.0,5134.0,1.293779,0.93995,ITA,AUS,880390
3588804,114,14,9631,2006,73250.0,15747.0,2.4348099999999997,0.082887,JPN,AUS,880390
3588805,116,14,9631,2006,0.0,14737.0,-0.38287899999999997,1.060286,KEN,AUS,880390
3588806,121,14,9631,2006,38466.0,0.0,1.5384309999999999,0.766628,KOR,AUS,880390
3588807,128,14,9631,2006,0.0,8568.0,-0.573767,0.305913,LKA,AUS,880390
3588808,145,14,9631,2006,1018.0,1200.0,-1.147217,-1.0734709999999998,MNG,AUS,880390
3588809,153,14,9631,2006,2448977.0,396275.0,0.7896569999999999,0.363625,MYS,AUS,880390
3588810,156,14,9631,2006,55763.0,29845.0,-0.135099,-0.7618779999999999,NCL,AUS,880390
3588811,162,14,9631,2006,465395.0,91182.0,1.192134,1.450852,NLD,AUS,880390
3588812,163,14,9631,2006,3779.0,76785.0,1.0787930000000001,0.014051,NOR,AUS,880390
3588813,166,14,9631,2006,582743.0,55771.0,0.5371,0.8240209999999999,NZL,AUS,880390
3588814,168,14,9631,2006,7360.0,0.0,-0.449333,0.563013,PAK,AUS,880390
3588815,174,14,9631,2006,1085523.0,0.0,0.161994,0.036631,PHL,AUS,880390
3588816,177,14,9631,2006,1389.0,0.0,0.991927,1.474418,POL,AUS,880390
3588817,182,14,9631,2006,0.0,3518.0,-0.213329,-0.743599,PYF,AUS,880390
3588818,183,14,9631,2006,0.0,22955.0,0.055777999999999994,-1.0379049999999999,QAT,AUS,880390
3588819,190,14,9631,2006,0.0,1534273.0,-1.873762,-1.278378,SDN,AUS,880390
3588820,192,14,9631,2006,1013132.0,161213.0,1.5377379999999998,0.503089,SGP,AUS,880390
3588821,207,14,9631,2006,1748.0,0.0,1.5882370000000001,0.800719,SVN,AUS,880390
3588822,208,14,9631,2006,27686.0,4533.0,1.902737,0.593294,SWE,AUS,880390
3588823,211,14,9631,2006,0.0,874.0,-0.344619,-0.796139,SYC,AUS,880390
3588824,216,14,9631,2006,7652798.0,3061.0,0.568209,1.685343,THA,AUS,880390
3588825,228,14,9631,2006,2897.0,0.0,0.7008439999999999,0.79656,UKR,AUS,880390
3588826,231,14,9631,2006,6128658.0,428718.0,1.666643,-0.121679,USA,AUS,880390
3588827,239,14,9631,2006,5660.0,0.0,-0.342779,1.033318,VNM,AUS,880390
3588828,246,14,9631,2006,48835.0,3727.0,0.37964499999999995,1.466326,ZAF,AUS,880390
3588829,249,14,9631,2006,18243.0,0.0,1.619915,1.2289940000000001,TWN,AUS,880390
3588830,77,16,9631,2006,992.0,0.0,1.47591,0.489466,FRA,AZE,880390
3588831,162,16,9631,2006,1739958.0,30932.0,1.192134,1.450852,NLD,AZE,880390
3588832,163,16,9631,2006,2887.0,0.0,1.0787930000000001,0.014051,NOR,AZE,880390
3588833,231,16,9631,2006,6998.0,0.0,1.666643,-0.121679,USA,AZE,880390
3588834,7,22,9631,2006,2290.0,0.0,0.053903999999999994,-0.735124,ARE,BGD,880390
3588835,14,22,9631,2006,17384.0,0.0,0.067166,0.373148,AUS,BGD,880390
3588836,23,22,9631,2006,684689.0,0.0,0.414563,1.378005,BGR,BGD,880390
3588837,43,22,9631,2006,1244117.0,686992.0,0.737888,2.54966,CHN,BGD,880390
3588838,77,22,9631,2006,0.0,39066.0,1.47591,0.489466,FRA,BGD,880390
3588839,81,22,9631,2006,39507.0,0.0,1.824154,0.614424,GBR,BGD,880390
3588840,97,22,9631,2006,220088.0,0.0,0.5776319999999999,2.076782,HKG,BGD,880390
3588841,111,22,9631,2006,0.0,3242.0,1.293779,0.93995,ITA,BGD,880390
3588842,130,22,9631,2006,41128.0,0.0,0.44063599999999997,1.163857,LTU,BGD,880390
3588843,162,22,9631,2006,29052.0,0.0,1.192134,1.450852,NLD,BGD,880390
3588844,168,22,9631,2006,0.0,217198.0,-0.449333,0.563013,PAK,BGD,880390
3588845,174,22,9631,2006,1344.0,0.0,0.161994,0.036631,PHL,BGD,880390
3588846,179,22,9631,2006,228382.0,236446.0,0.5723630000000001,1.92303,PRT,BGD,880390
3588847,186,22,9631,2006,374978.0,789208.0,0.801197,0.104683,RUS,BGD,880390
3588848,188,22,9631,2006,1538.0,0.0,0.162432,-0.853059,SAU,BGD,880390
3588849,190,22,9631,2006,181398.0,0.0,-1.873762,-1.278378,SDN,BGD,880390
3588850,192,22,9631,2006,18539.0,0.0,1.5377379999999998,0.503089,SGP,BGD,880390
3588851,227,22,9631,2006,1667.0,0.0,-0.702511,-0.43976099999999996,UGA,BGD,880390
3588852,228,22,9631,2006,616632.0,594234.0,0.7008439999999999,0.79656,UKR,BGD,880390
3588853,231,22,9631,2006,32839.0,0.0,1.666643,-0.121679,USA,BGD,880390
3588854,15,23,9631,2006,0.0,9589.0,1.775669,0.192717,AUT,BGR,880390
3588855,18,23,9631,2006,10441.0,1096.0,1.2222540000000002,1.383027,BEL,BGR,880390
3588856,22,23,9631,2006,0.0,684689.0,-1.0305309999999999,-0.80937,BGD,BGR,880390
3588857,39,23,9631,2006,0.0,3456.0,0.865685,1.1480489999999999,CAN,BGR,880390
3588858,59,23,9631,2006,18264.0,0.0,1.564058,0.6023649999999999,CZE,BGR,880390
3588859,61,23,9631,2006,5932.0,6287.0,2.132566,-2.773669,DEU,BGR,880390
3588860,64,23,9631,2006,8933.0,0.0,1.2308700000000001,1.180914,DNK,BGR,880390
3588861,77,23,9631,2006,1219.0,3428.0,1.47591,0.489466,FRA,BGR,880390
3588862,81,23,9631,2006,3136.0,0.0,1.824154,0.614424,GBR,BGR,880390
3588863,107,23,9631,2006,0.0,1103.0,-0.391023,-0.767861,IRN,BGR,880390
3588864,111,23,9631,2006,12053.0,2732.0,1.293779,0.93995,ITA,BGR,880390
3588865,153,23,9631,2006,3517.0,0.0,0.7896569999999999,0.363625,MYS,BGR,880390
3588866,162,23,9631,2006,1448.0,0.0,1.192134,1.450852,NLD,BGR,880390
3588867,163,23,9631,2006,1844.0,0.0,1.0787930000000001,0.014051,NOR,BGR,880390
3588868,190,23,9631,2006,0.0,3280.0,-1.873762,-1.278378,SDN,BGR,880390
3588869,231,23,9631,2006,80240.0,7517.0,1.666643,-0.121679,USA,BGR,880390
3588870,7,24,9631,2006,1660.0,0.0,0.053903999999999994,-0.735124,ARE,BHR,880390
3588871,14,24,9631,2006,0.0,25725.0,0.067166,0.373148,AUS,BHR,880390
3588872,15,24,9631,2006,31092.0,75579.0,1.775669,0.192717,AUT,BHR,880390
3588873,18,24,9631,2006,79243.0,4556.0,1.2222540000000002,1.383027,BEL,BHR,880390
3588874,39,24,9631,2006,0.0,5353.0,0.865685,1.1480489999999999,CAN,BHR,880390
3588875,41,24,9631,2006,249926.0,381198.0,2.052534,0.515523,CHE,BHR,880390
3588876,43,24,9631,2006,7774.0,0.0,0.737888,2.54966,CHN,BHR,880390
3588877,61,24,9631,2006,248091.0,1138614.0,2.132566,-2.773669,DEU,BHR,880390
3588878,64,24,9631,2006,192888.0,0.0,1.2308700000000001,1.180914,DNK,BHR,880390
3588879,71,24,9631,2006,72852.0,0.0,0.9091370000000001,2.068166,ESP,BHR,880390
3588880,77,24,9631,2006,47795.0,16337917.0,1.47591,0.489466,FRA,BHR,880390
3588881,80,24,9631,2006,0.0,4811.0,-1.6696819999999999,-1.173322,GAB,BHR,880390
3588882,81,24,9631,2006,4904442.0,183443.0,1.824154,0.614424,GBR,BHR,880390
3588883,106,24,9631,2006,0.0,395704.0,1.43804,0.06463200000000001,IRL,BHR,880390
3588884,113,24,9631,2006,17001.0,0.0,0.166718,0.331248,JOR,BHR,880390
3588885,114,24,9631,2006,108795.0,0.0,2.4348099999999997,0.082887,JPN,BHR,880390
3588886,122,24,9631,2006,5930.0,0.0,-0.589823,-1.142795,KWT,BHR,880390
3588887,131,24,9631,2006,6704.0,0.0,1.4345620000000001,0.8840819999999999,LUX,BHR,880390
3588888,133,24,9631,2006,5614.0,0.0,-0.07118200000000001,-0.228354,MAC,BHR,880390
3588889,153,24,9631,2006,0.0,101517.0,0.7896569999999999,0.363625,MYS,BHR,880390
3588890,162,24,9631,2006,2386.0,0.0,1.192134,1.450852,NLD,BHR,880390
3588891,166,24,9631,2006,7683.0,0.0,0.5371,0.8240209999999999,NZL,BHR,880390
3588892,167,24,9631,2006,15697.0,12059.0,-0.6373989999999999,-1.092554,OMN,BHR,880390
3588893,174,24,9631,2006,9325.0,0.0,0.161994,0.036631,PHL,BHR,880390
3588894,188,24,9631,2006,1003154.0,0.0,0.162432,-0.853059,SAU,BHR,880390
3588895,216,24,9631,2006,3162.0,0.0,0.568209,1.685343,THA,BHR,880390
3588896,231,24,9631,2006,269339.0,143270.0,1.666643,-0.121679,USA,BHR,880390
3588897,61,28,9631,2006,0.0,1922.0,2.132566,-2.773669,DEU,BLR,880390
3588898,115,28,9631,2006,44844.0,0.0,0.038229,-0.579421,KAZ,BLR,880390
3588899,117,28,9631,2006,0.0,1387.0,-0.034069,0.136694,KGZ,BLR,880390
3588900,228,28,9631,2006,5482.0,0.0,0.7008439999999999,0.79656,UKR,BLR,880390
3588901,7,58,9631,2006,4988.0,4878.0,0.053903999999999994,-0.735124,ARE,CYP,880390
3588902,61,58,9631,2006,1170.0,0.0,2.132566,-2.773669,DEU,CYP,880390
3588903,77,58,9631,2006,44282.0,0.0,1.47591,0.489466,FRA,CYP,880390
3588904,81,58,9631,2006,557176.0,0.0,1.824154,0.614424,GBR,CYP,880390
3588905,110,58,9631,2006,26614.0,0.0,1.3082129999999998,0.783845,ISR,CYP,880390
3588906,168,58,9631,2006,2490.0,0.0,-0.449333,0.563013,PAK,CYP,880390
3588907,186,58,9631,2006,1406.0,0.0,0.801197,0.104683,RUS,CYP,880390
3588908,208,58,9631,2006,31187.0,0.0,1.902737,0.593294,SWE,CYP,880390
3588909,231,58,9631,2006,211601.0,0.0,1.666643,-0.121679,USA,CYP,880390
3588910,246,58,9631,2006,5488.0,0.0,0.37964499999999995,1.466326,ZAF,CYP,880390
3588911,18,68,9631,2006,0.0,6544.0,1.2222540000000002,1.383027,BEL,EGY,880390
3588912,61,68,9631,2006,4937.0,2687.0,2.132566,-2.773669,DEU,EGY,880390
3588913,77,68,9631,2006,153343.0,0.0,1.47591,0.489466,FRA,EGY,880390
3588914,111,68,9631,2006,1926.0,0.0,1.293779,0.93995,ITA,EGY,880390
3588915,162,68,9631,2006,57610.0,0.0,1.192134,1.450852,NLD,EGY,880390
3588916,163,68,9631,2006,3657.0,0.0,1.0787930000000001,0.014051,NOR,EGY,880390
3588917,208,68,9631,2006,1963.0,0.0,1.902737,0.593294,SWE,EGY,880390
3588918,231,68,9631,2006,131122.0,0.0,1.666643,-0.121679,USA,EGY,880390
3588919,18,72,9631,2006,1930.0,0.0,1.2222540000000002,1.383027,BEL,EST,880390
3588920,59,72,9631,2006,5581.0,0.0,1.564058,0.6023649999999999,CZE,EST,880390
3588921,61,72,9631,2006,1695.0,0.0,2.132566,-2.773669,DEU,EST,880390
3588922,64,72,9631,2006,4053.0,0.0,1.2308700000000001,1.180914,DNK,EST,880390
3588923,67,72,9631,2006,1635.0,0.0,-0.878583,-0.9462010000000001,ECU,EST,880390
3588924,74,72,9631,2006,1171.0,0.0,1.864038,0.8193940000000001,FIN,EST,880390
3588925,77,72,9631,2006,13654.0,0.0,1.47591,0.489466,FRA,EST,880390
3588926,81,72,9631,2006,45334.0,0.0,1.824154,0.614424,GBR,EST,880390
3588927,162,72,9631,2006,3928.0,0.0,1.192134,1.450852,NLD,EST,880390
3588928,163,72,9631,2006,11754.0,0.0,1.0787930000000001,0.014051,NOR,EST,880390
3588929,231,72,9631,2006,139480.0,0.0,1.666643,-0.121679,USA,EST,880390
3588930,61,82,9631,2006,22565.0,2185.0,2.132566,-2.773669,DEU,GEO,880390
3588931,77,82,9631,2006,0.0,62592.0,1.47591,0.489466,FRA,GEO,880390
3588932,110,82,9631,2006,398302.0,0.0,1.3082129999999998,0.783845,ISR,GEO,880390
3588933,162,82,9631,2006,42567.0,0.0,1.192134,1.450852,NLD,GEO,880390
3588934,208,82,9631,2006,1935.0,0.0,1.902737,0.593294,SWE,GEO,880390
3588935,219,82,9631,2006,0.0,1323504.0,-1.155861,-1.200933,TKM,GEO,880390
3588936,224,82,9631,2006,2685.0,0.0,0.33971599999999996,2.193384,TUR,GEO,880390
3588937,231,82,9631,2006,361052.0,4469.0,1.666643,-0.121679,USA,GEO,880390
3588938,4,100,9631,2006,6011.0,0.0,-0.340932,-0.06302200000000001,ALB,HRV,880390
3588939,18,100,9631,2006,1160.0,0.0,1.2222540000000002,1.383027,BEL,HRV,880390
3588940,41,100,9631,2006,2444.0,0.0,2.052534,0.515523,CHE,HRV,880390
3588941,59,100,9631,2006,2539.0,0.0,1.564058,0.6023649999999999,CZE,HRV,880390
3588942,61,100,9631,2006,67050.0,0.0,2.132566,-2.773669,DEU,HRV,880390
3588943,64,100,9631,2006,5987.0,8471.0,1.2308700000000001,1.180914,DNK,HRV,880390
3588944,77,100,9631,2006,3449.0,0.0,1.47591,0.489466,FRA,HRV,880390
3588945,81,100,9631,2006,0.0,1514.0,1.824154,0.614424,GBR,HRV,880390
3588946,90,100,9631,2006,15879.0,0.0,0.261955,1.488958,GRC,HRV,880390
3588947,111,100,9631,2006,359606.0,507705.0,1.293779,0.93995,ITA,HRV,880390
3588948,128,100,9631,2006,0.0,1998.0,-0.573767,0.305913,LKA,HRV,880390
3588949,162,100,9631,2006,15653.0,0.0,1.192134,1.450852,NLD,HRV,880390
3588950,185,100,9631,2006,2107.0,0.0,0.550825,1.170744,ROU,HRV,880390
3588951,231,100,9631,2006,4691.0,2774.0,1.666643,-0.121679,USA,HRV,880390
3588952,15,102,9631,2006,47853.0,97478.0,1.775669,0.192717,AUT,HUN,880390
3588953,18,102,9631,2006,37456.0,0.0,1.2222540000000002,1.383027,BEL,HUN,880390
3588954,41,102,9631,2006,888.0,0.0,2.052534,0.515523,CHE,HUN,880390
3588955,43,102,9631,2006,6368.0,0.0,0.737888,2.54966,CHN,HUN,880390
3588956,61,102,9631,2006,154522.0,2966.0,2.132566,-2.773669,DEU,HUN,880390
3588957,73,102,9631,2006,0.0,259568.0,-0.9557180000000001,-0.9153479999999999,ETH,HUN,880390
3588958,77,102,9631,2006,2385.0,230721.0,1.47591,0.489466,FRA,HUN,880390
3588959,81,102,9631,2006,1858.0,0.0,1.824154,0.614424,GBR,HUN,880390
3588960,104,102,9631,2006,0.0,106698.0,0.285652,2.731318,IND,HUN,880390
3588961,111,102,9631,2006,5993.0,0.0,1.293779,0.93995,ITA,HUN,880390
3588962,153,102,9631,2006,999097.0,0.0,0.7896569999999999,0.363625,MYS,HUN,880390
3588963,162,102,9631,2006,15122.0,18486.0,1.192134,1.450852,NLD,HUN,880390
3588964,186,102,9631,2006,2409.0,0.0,0.801197,0.104683,RUS,HUN,880390
3588965,231,102,9631,2006,305481.0,0.0,1.666643,-0.121679,USA,HUN,880390
3588966,18,107,9631,2006,159186.0,1591.0,1.2222540000000002,1.383027,BEL,IRN,880390
3588967,23,107,9631,2006,1103.0,0.0,0.414563,1.378005,BGR,IRN,880390
3588968,61,107,9631,2006,3013.0,0.0,2.132566,-2.773669,DEU,IRN,880390
3588969,71,107,9631,2006,0.0,8716.0,0.9091370000000001,2.068166,ESP,IRN,880390
3588970,77,107,9631,2006,602090.0,0.0,1.47591,0.489466,FRA,IRN,880390
3588971,104,107,9631,2006,35453.0,0.0,0.285652,2.731318,IND,IRN,880390
3588972,111,107,9631,2006,29401.0,0.0,1.293779,0.93995,ITA,IRN,880390
3588973,153,107,9631,2006,4036337.0,26973.0,0.7896569999999999,0.363625,MYS,IRN,880390
3588974,162,107,9631,2006,596509.0,1066.0,1.192134,1.450852,NLD,IRN,880390
3588975,192,107,9631,2006,137613.0,0.0,1.5377379999999998,0.503089,SGP,IRN,880390
3588976,7,113,9631,2006,44253.0,0.0,0.053903999999999994,-0.735124,ARE,JOR,880390
3588977,15,113,9631,2006,1154.0,0.0,1.775669,0.192717,AUT,JOR,880390
3588978,18,113,9631,2006,72501.0,905.0,1.2222540000000002,1.383027,BEL,JOR,880390
3588979,24,113,9631,2006,0.0,17001.0,0.172724,-0.9449879999999999,BHR,JOR,880390
3588980,39,113,9631,2006,21218.0,0.0,0.865685,1.1480489999999999,CAN,JOR,880390
3588981,41,113,9631,2006,220406.0,0.0,2.052534,0.515523,CHE,JOR,880390
3588982,43,113,9631,2006,7068.0,0.0,0.737888,2.54966,CHN,JOR,880390
3588983,61,113,9631,2006,5419720.0,0.0,2.132566,-2.773669,DEU,JOR,880390
3588984,64,113,9631,2006,14281.0,0.0,1.2308700000000001,1.180914,DNK,JOR,880390
3588985,71,113,9631,2006,1584.0,0.0,0.9091370000000001,2.068166,ESP,JOR,880390
3588986,77,113,9631,2006,149011.0,266677.0,1.47591,0.489466,FRA,JOR,880390
3588987,81,113,9631,2006,4230186.0,1132117.0,1.824154,0.614424,GBR,JOR,880390
3588988,90,113,9631,2006,8225.0,0.0,0.261955,1.488958,GRC,JOR,880390
3588989,103,113,9631,2006,5888.0,0.0,-0.21012399999999998,1.467838,IDN,JOR,880390
3588990,104,113,9631,2006,510095.0,0.0,0.285652,2.731318,IND,JOR,880390
3588991,106,113,9631,2006,37391.0,0.0,1.43804,0.06463200000000001,IRL,JOR,880390
3588992,108,113,9631,2006,0.0,73517.0,-2.029727,-0.8634219999999999,IRQ,JOR,880390
3588993,110,113,9631,2006,204594.0,0.0,1.3082129999999998,0.783845,ISR,JOR,880390
3588994,111,113,9631,2006,4791.0,0.0,1.293779,0.93995,ITA,JOR,880390
3588995,114,113,9631,2006,16354.0,0.0,2.4348099999999997,0.082887,JPN,JOR,880390
3588996,153,113,9631,2006,12674.0,0.0,0.7896569999999999,0.363625,MYS,JOR,880390
3588997,162,113,9631,2006,387185.0,1004.0,1.192134,1.450852,NLD,JOR,880390
3588998,167,113,9631,2006,0.0,202245.0,-0.6373989999999999,-1.092554,OMN,JOR,880390
3588999,192,113,9631,2006,44900.0,0.0,1.5377379999999998,0.503089,SGP,JOR,880390
3589000,208,113,9631,2006,1231.0,0.0,1.902737,0.593294,SWE,JOR,880390
3589001,216,113,9631,2006,11808.0,0.0,0.568209,1.685343,THA,JOR,880390
3589002,231,113,9631,2006,257277.0,1551274.0,1.666643,-0.121679,USA,JOR,880390
3589003,246,113,9631,2006,19963.0,0.0,0.37964499999999995,1.466326,ZAF,JOR,880390
3589004,250,113,9631,2006,0.0,19556630.0,0.711619,-0.41880200000000006,ANS,JOR,880390
3589005,18,115,9631,2006,1393.0,0.0,1.2222540000000002,1.383027,BEL,KAZ,880390
3589006,28,115,9631,2006,0.0,44844.0,0.919853,0.384409,BLR,KAZ,880390
3589007,59,115,9631,2006,1634.0,0.0,1.564058,0.6023649999999999,CZE,KAZ,880390
3589008,61,115,9631,2006,1267.0,0.0,2.132566,-2.773669,DEU,KAZ,880390
3589009,64,115,9631,2006,1548.0,0.0,1.2308700000000001,1.180914,DNK,KAZ,880390
3589010,77,115,9631,2006,9491913.0,0.0,1.47591,0.489466,FRA,KAZ,880390
3589011,162,115,9631,2006,5949.0,0.0,1.192134,1.450852,NLD,KAZ,880390
3589012,186,115,9631,2006,0.0,2461.0,0.801197,0.104683,RUS,KAZ,880390
3589013,231,115,9631,2006,191710.0,0.0,1.666643,-0.121679,USA,KAZ,880390
3589014,2,116,9631,2006,0.0,12323.0,-2.0822979999999998,-1.176767,AGO,KEN,880390
3589015,7,116,9631,2006,14430.0,0.0,0.053903999999999994,-0.735124,ARE,KEN,880390
3589016,14,116,9631,2006,14737.0,0.0,0.067166,0.373148,AUS,KEN,880390
3589017,18,116,9631,2006,0.0,76057.0,1.2222540000000002,1.383027,BEL,KEN,880390
3589018,39,116,9631,2006,384564.0,22092.0,0.865685,1.1480489999999999,CAN,KEN,880390
3589019,41,116,9631,2006,2889.0,0.0,2.052534,0.515523,CHE,KEN,880390
3589020,45,116,9631,2006,3241.0,3398.0,-1.358873,-1.1511360000000002,CMR,KEN,880390
3589021,59,116,9631,2006,22057.0,0.0,1.564058,0.6023649999999999,CZE,KEN,880390
3589022,61,116,9631,2006,35885.0,1225.0,2.132566,-2.773669,DEU,KEN,880390
3589023,64,116,9631,2006,26506.0,20261.0,1.2308700000000001,1.180914,DNK,KEN,880390
3589024,71,116,9631,2006,165585.0,0.0,0.9091370000000001,2.068166,ESP,KEN,880390
3589025,73,116,9631,2006,2468.0,0.0,-0.9557180000000001,-0.9153479999999999,ETH,KEN,880390
3589026,77,116,9631,2006,9626.0,2054.0,1.47591,0.489466,FRA,KEN,880390
3589027,81,116,9631,2006,1258072.0,110098.0,1.824154,0.614424,GBR,KEN,880390
3589028,103,116,9631,2006,23957.0,10496.0,-0.21012399999999998,1.467838,IDN,KEN,880390
3589029,104,116,9631,2006,0.0,998.0,0.285652,2.731318,IND,KEN,880390
3589030,110,116,9631,2006,788.0,0.0,1.3082129999999998,0.783845,ISR,KEN,880390
3589031,162,116,9631,2006,95203.0,0.0,1.192134,1.450852,NLD,KEN,880390
3589032,183,116,9631,2006,0.0,91294.0,0.055777999999999994,-1.0379049999999999,QAT,KEN,880390
3589033,186,116,9631,2006,3442.0,0.0,0.801197,0.104683,RUS,KEN,880390
3589034,187,116,9631,2006,1382.0,0.0,-0.032827999999999996,-0.42937600000000004,RWA,KEN,880390
3589035,188,116,9631,2006,7306.0,0.0,0.162432,-0.853059,SAU,KEN,880390
3589036,190,116,9631,2006,0.0,22266.0,-1.873762,-1.278378,SDN,KEN,880390
3589037,206,116,9631,2006,1077.0,0.0,1.291583,0.868317,SVK,KEN,880390
3589038,216,116,9631,2006,5505.0,18801.0,0.568209,1.685343,THA,KEN,880390
3589039,226,116,9631,2006,13036.0,1853.0,-0.953097,0.159129,TZA,KEN,880390
3589040,227,116,9631,2006,29663.0,293554.0,-0.702511,-0.43976099999999996,UGA,KEN,880390
3589041,228,116,9631,2006,29041.0,0.0,0.7008439999999999,0.79656,UKR,KEN,880390
3589042,231,116,9631,2006,1201864.0,174509.0,1.666643,-0.121679,USA,KEN,880390
3589043,246,116,9631,2006,320631.0,79330.0,0.37964499999999995,1.466326,ZAF,KEN,880390
3589044,28,117,9631,2006,1387.0,0.0,0.919853,0.384409,BLR,KGZ,880390
3589045,77,117,9631,2006,12642.0,0.0,1.47591,0.489466,FRA,KGZ,880390
3589046,228,117,9631,2006,17756.0,0.0,0.7008439999999999,0.79656,UKR,KGZ,880390
3589047,231,117,9631,2006,18767.0,0.0,1.666643,-0.121679,USA,KGZ,880390
3589048,18,122,9631,2006,27040.0,0.0,1.2222540000000002,1.383027,BEL,KWT,880390
3589049,24,122,9631,2006,0.0,5930.0,0.172724,-0.9449879999999999,BHR,KWT,880390
3589050,41,122,9631,2006,6132.0,0.0,2.052534,0.515523,CHE,KWT,880390
3589051,77,122,9631,2006,20473.0,0.0,1.47591,0.489466,FRA,KWT,880390
3589052,162,122,9631,2006,10289.0,6235.0,1.192134,1.450852,NLD,KWT,880390
3589053,163,122,9631,2006,1612.0,0.0,1.0787930000000001,0.014051,NOR,KWT,880390
3589054,216,122,9631,2006,31590.0,0.0,0.568209,1.685343,THA,KWT,880390
3589055,231,122,9631,2006,1232614.0,0.0,1.666643,-0.121679,USA,KWT,880390
3589056,18,124,9631,2006,22260.0,0.0,1.2222540000000002,1.383027,BEL,LBN,880390
3589057,61,124,9631,2006,29650.0,893.0,2.132566,-2.773669,DEU,LBN,880390
3589058,64,124,9631,2006,30879.0,0.0,1.2308700000000001,1.180914,DNK,LBN,880390
3589059,77,124,9631,2006,4887.0,42611.0,1.47591,0.489466,FRA,LBN,880390
3589060,111,124,9631,2006,12038.0,0.0,1.293779,0.93995,ITA,LBN,880390
3589061,231,124,9631,2006,6492.0,0.0,1.666643,-0.121679,USA,LBN,880390
3589062,22,130,9631,2006,0.0,41128.0,-1.0305309999999999,-0.80937,BGD,LTU,880390
3589063,41,130,9631,2006,0.0,13215.0,2.052534,0.515523,CHE,LTU,880390
3589064,61,130,9631,2006,7443.0,0.0,2.132566,-2.773669,DEU,LTU,880390
3589065,71,130,9631,2006,1389.0,0.0,0.9091370000000001,2.068166,ESP,LTU,880390
3589066,81,130,9631,2006,0.0,11879.0,1.824154,0.614424,GBR,LTU,880390
3589067,104,130,9631,2006,0.0,11200.0,0.285652,2.731318,IND,LTU,880390
3589068,114,130,9631,2006,0.0,2892.0,2.4348099999999997,0.082887,JPN,LTU,880390
3589069,162,130,9631,2006,1200.0,0.0,1.192134,1.450852,NLD,LTU,880390
3589070,185,130,9631,2006,31595.0,0.0,0.550825,1.170744,ROU,LTU,880390
3589071,207,130,9631,2006,4554.0,1137.0,1.5882370000000001,0.800719,SVN,LTU,880390
3589072,231,130,9631,2006,320878.0,11803.0,1.666643,-0.121679,USA,LTU,880390
3589073,7,131,9631,2006,0.0,1487.0,0.053903999999999994,-0.735124,ARE,LUX,880390
3589074,18,131,9631,2006,27369.0,1219.0,1.2222540000000002,1.383027,BEL,LUX,880390
3589075,24,131,9631,2006,0.0,6704.0,0.172724,-0.9449879999999999,BHR,LUX,880390
3589076,39,131,9631,2006,0.0,5725.0,0.865685,1.1480489999999999,CAN,LUX,880390
3589077,41,131,9631,2006,2176.0,26178.0,2.052534,0.515523,CHE,LUX,880390
3589078,47,131,9631,2006,0.0,8063.0,-1.9903240000000002,-1.189925,COG,LUX,880390
3589079,61,131,9631,2006,25202.0,386824.0,2.132566,-2.773669,DEU,LUX,880390
3589080,77,131,9631,2006,70234.0,31798.0,1.47591,0.489466,FRA,LUX,880390
3589081,81,131,9631,2006,13589911.0,14159681.0,1.824154,0.614424,GBR,LUX,880390
3589082,153,131,9631,2006,8620.0,0.0,0.7896569999999999,0.363625,MYS,LUX,880390
3589083,162,131,9631,2006,1293.0,169965.0,1.192134,1.450852,NLD,LUX,880390
3589084,223,131,9631,2006,0.0,13139.0,-0.013636,0.804752,TUN,LUX,880390
3589085,231,131,9631,2006,18795672.0,2625.0,1.666643,-0.121679,USA,LUX,880390
3589086,177,132,9631,2006,3500.0,0.0,0.991927,1.474418,POL,LVA,880390
3589087,186,132,9631,2006,0.0,5502.0,0.801197,0.104683,RUS,LVA,880390
3589088,231,132,9631,2006,22057.0,0.0,1.666643,-0.121679,USA,LVA,880390
3589089,81,147,9631,2006,0.0,2940.0,1.824154,0.614424,GBR,MOZ,880390
3589090,209,147,9631,2006,5153.0,0.0,0.750674,0.221306,SWZ,MOZ,880390
3589091,231,147,9631,2006,11673.0,0.0,1.666643,-0.121679,USA,MOZ,880390
3589092,250,147,9631,2006,0.0,14976.0,0.711619,-0.41880200000000006,ANS,MOZ,880390
3589093,2,163,9631,2006,0.0,7668.0,-2.0822979999999998,-1.176767,AGO,NOR,880390
3589094,7,163,9631,2006,0.0,50349.0,0.053903999999999994,-0.735124,ARE,NOR,880390
3589095,14,163,9631,2006,76785.0,3779.0,0.067166,0.373148,AUS,NOR,880390
3589096,15,163,9631,2006,0.0,21271.0,1.775669,0.192717,AUT,NOR,880390
3589097,16,163,9631,2006,0.0,2887.0,-0.521304,-1.035764,AZE,NOR,880390
3589098,18,163,9631,2006,63381.0,25798.0,1.2222540000000002,1.383027,BEL,NOR,880390
3589099,23,163,9631,2006,0.0,1844.0,0.414563,1.378005,BGR,NOR,880390
3589100,25,163,9631,2006,0.0,3497.0,0.673694,-0.519608,BHS,NOR,880390
3589101,31,163,9631,2006,0.0,5141.0,-0.805185,-0.754091,BOL,NOR,880390
3589102,32,163,9631,2006,0.0,12239.0,0.633889,1.1474520000000001,BRA,NOR,880390
3589103,39,163,9631,2006,9701.0,15043.0,0.865685,1.1480489999999999,CAN,NOR,880390
3589104,41,163,9631,2006,14129.0,0.0,2.052534,0.515523,CHE,NOR,880390
3589105,43,163,9631,2006,6426.0,20178.0,0.737888,2.54966,CHN,NOR,880390
3589106,59,163,9631,2006,2895.0,4919.0,1.564058,0.6023649999999999,CZE,NOR,880390
3589107,61,163,9631,2006,10277240.0,1988696.0,2.132566,-2.773669,DEU,NOR,880390
3589108,64,163,9631,2006,318647.0,707437.0,1.2308700000000001,1.180914,DNK,NOR,880390
3589109,68,163,9631,2006,0.0,3657.0,-0.182272,0.40222399999999997,EGY,NOR,880390
3589110,71,163,9631,2006,433226.0,73462.0,0.9091370000000001,2.068166,ESP,NOR,880390
3589111,72,163,9631,2006,0.0,11754.0,0.6426350000000001,0.925003,EST,NOR,880390
3589112,74,163,9631,2006,0.0,3716.0,1.864038,0.8193940000000001,FIN,NOR,880390
3589113,77,163,9631,2006,997243.0,4234666.0,1.47591,0.489466,FRA,NOR,880390
3589114,78,163,9631,2006,0.0,1476.0,-0.117631,-0.69352,FRO,NOR,880390
3589115,81,163,9631,2006,177637.0,1429754.0,1.824154,0.614424,GBR,NOR,880390
3589116,90,163,9631,2006,0.0,6727.0,0.261955,1.488958,GRC,NOR,880390
3589117,99,163,9631,2006,0.0,5798.0,-0.672074,-0.472138,HND,NOR,880390
3589118,103,163,9631,2006,4627.0,5708.0,-0.21012399999999998,1.467838,IDN,NOR,880390
3589119,104,163,9631,2006,0.0,1513.0,0.285652,2.731318,IND,NOR,880390
3589120,106,163,9631,2006,0.0,64841.0,1.43804,0.06463200000000001,IRL,NOR,880390
3589121,109,163,9631,2006,16922.0,2300.0,0.170234,-0.302203,ISL,NOR,880390
3589122,111,163,9631,2006,187149.0,7385.0,1.293779,0.93995,ITA,NOR,880390
3589123,112,163,9631,2006,0.0,4040.0,-0.5122720000000001,-0.9109809999999999,JAM,NOR,880390
3589124,114,163,9631,2006,0.0,220223.0,2.4348099999999997,0.082887,JPN,NOR,880390
3589125,121,163,9631,2006,0.0,34950.0,1.5384309999999999,0.766628,KOR,NOR,880390
3589126,122,163,9631,2006,0.0,1612.0,-0.589823,-1.142795,KWT,NOR,880390
3589127,140,163,9631,2006,0.0,6095.0,-0.21336,0.17674700000000002,MKD,NOR,880390
3589128,142,163,9631,2006,0.0,4919.0,1.384411,0.093734,MLT,NOR,880390
3589129,152,163,9631,2006,0.0,1114.0,-1.145132,-1.0946209999999998,MWI,NOR,880390
3589130,153,163,9631,2006,0.0,1226.0,0.7896569999999999,0.363625,MYS,NOR,880390
3589131,155,163,9631,2006,0.0,15714.0,-0.515361,-0.8027350000000001,NAM,NOR,880390
3589132,162,163,9631,2006,235017.0,933282.0,1.192134,1.450852,NLD,NOR,880390
3589133,168,163,9631,2006,0.0,77068.0,-0.449333,0.563013,PAK,NOR,880390
3589134,173,163,9631,2006,0.0,3691.0,-0.551095,0.044295,PER,NOR,880390
3589135,177,163,9631,2006,0.0,19698.0,0.991927,1.474418,POL,NOR,880390
3589136,186,163,9631,2006,0.0,3437.0,0.801197,0.104683,RUS,NOR,880390
3589137,188,163,9631,2006,0.0,1547.0,0.162432,-0.853059,SAU,NOR,880390
3589138,192,163,9631,2006,37863.0,52049.0,1.5377379999999998,0.503089,SGP,NOR,880390
3589139,201,163,9631,2006,0.0,2853.0,0.547824,1.5588879999999998,SRB,NOR,880390
3589140,208,163,9631,2006,419215.0,113153.0,1.902737,0.593294,SWE,NOR,880390
3589141,216,163,9631,2006,120516.0,0.0,0.568209,1.685343,THA,NOR,880390
3589142,223,163,9631,2006,0.0,2658.0,-0.013636,0.804752,TUN,NOR,880390
3589143,224,163,9631,2006,0.0,7020.0,0.33971599999999996,2.193384,TUR,NOR,880390
3589144,228,163,9631,2006,5996.0,0.0,0.7008439999999999,0.79656,UKR,NOR,880390
3589145,231,163,9631,2006,2762178.0,2205765.0,1.666643,-0.121679,USA,NOR,880390
3589146,239,163,9631,2006,11451.0,0.0,-0.342779,1.033318,VNM,NOR,880390
3589147,246,163,9631,2006,0.0,8806.0,0.37964499999999995,1.466326,ZAF,NOR,880390
3589148,249,163,9631,2006,0.0,152795.0,1.619915,1.2289940000000001,TWN,NOR,880390
3589149,7,167,9631,2006,819006.0,62992.0,0.053903999999999994,-0.735124,ARE,OMN,880390
3589150,18,167,9631,2006,17897.0,0.0,1.2222540000000002,1.383027,BEL,OMN,880390
3589151,24,167,9631,2006,12059.0,15697.0,0.172724,-0.9449879999999999,BHR,OMN,880390
3589152,39,167,9631,2006,10607.0,198252.0,0.865685,1.1480489999999999,CAN,OMN,880390
3589153,41,167,9631,2006,50003.0,51953.0,2.052534,0.515523,CHE,OMN,880390
3589154,43,167,9631,2006,1191.0,0.0,0.737888,2.54966,CHN,OMN,880390
3589155,61,167,9631,2006,1662127.0,390543.0,2.132566,-2.773669,DEU,OMN,880390
3589156,64,167,9631,2006,7216.0,0.0,1.2308700000000001,1.180914,DNK,OMN,880390
3589157,71,167,9631,2006,202770.0,37419.0,0.9091370000000001,2.068166,ESP,OMN,880390
3589158,77,167,9631,2006,9306.0,416112.0,1.47591,0.489466,FRA,OMN,880390
3589159,81,167,9631,2006,4410432.0,5795432.0,1.824154,0.614424,GBR,OMN,880390
3589160,104,167,9631,2006,31859.0,865920.0,0.285652,2.731318,IND,OMN,880390
3589161,111,167,9631,2006,18584.0,12402.0,1.293779,0.93995,ITA,OMN,880390
3589162,113,167,9631,2006,202245.0,0.0,0.166718,0.331248,JOR,OMN,880390
3589163,114,167,9631,2006,3653.0,0.0,2.4348099999999997,0.082887,JPN,OMN,880390
3589164,162,167,9631,2006,368118.0,357396.0,1.192134,1.450852,NLD,OMN,880390
3589165,168,167,9631,2006,0.0,7478.0,-0.449333,0.563013,PAK,OMN,880390
3589166,183,167,9631,2006,0.0,35126.0,0.055777999999999994,-1.0379049999999999,QAT,OMN,880390
3589167,188,167,9631,2006,8072.0,0.0,0.162432,-0.853059,SAU,OMN,880390
3589168,192,167,9631,2006,96189.0,160626.0,1.5377379999999998,0.503089,SGP,OMN,880390
3589169,208,167,9631,2006,26301.0,0.0,1.902737,0.593294,SWE,OMN,880390
3589170,216,167,9631,2006,7968.0,0.0,0.568209,1.685343,THA,OMN,880390
3589171,231,167,9631,2006,31589.0,361890.0,1.666643,-0.121679,USA,OMN,880390
3589172,22,179,9631,2006,236446.0,228382.0,-1.0305309999999999,-0.80937,BGD,PRT,880390
3589173,41,179,9631,2006,1163.0,884939.0,2.052534,0.515523,CHE,PRT,880390
3589174,43,179,9631,2006,2292.0,0.0,0.737888,2.54966,CHN,PRT,880390
3589175,51,179,9631,2006,0.0,8852.0,0.369814,-0.414812,CPV,PRT,880390
3589176,61,179,9631,2006,384694.0,0.0,2.132566,-2.773669,DEU,PRT,880390
3589177,71,179,9631,2006,1294.0,1375.0,0.9091370000000001,2.068166,ESP,PRT,880390
3589178,77,179,9631,2006,118310.0,1205864.0,1.47591,0.489466,FRA,PRT,880390
3589179,89,179,9631,2006,0.0,8502.0,-2.188173,-0.8631700000000001,GNQ,PRT,880390
3589180,104,179,9631,2006,20622.0,0.0,0.285652,2.731318,IND,PRT,880390
3589181,111,179,9631,2006,29453.0,0.0,1.293779,0.93995,ITA,PRT,880390
3589182,159,179,9631,2006,0.0,23743.0,-2.094353,-1.215025,NGA,PRT,880390
3589183,162,179,9631,2006,1288469.0,3714870.0,1.192134,1.450852,NLD,PRT,880390
3589184,208,179,9631,2006,1125.0,0.0,1.902737,0.593294,SWE,PRT,880390
3589185,231,179,9631,2006,108907.0,43529.0,1.666643,-0.121679,USA,PRT,880390
3589186,246,179,9631,2006,1334.0,0.0,0.37964499999999995,1.466326,ZAF,PRT,880390
3589187,15,186,9631,2006,0.0,176938.0,1.775669,0.192717,AUT,RUS,880390
3589188,18,186,9631,2006,3739.0,3474.0,1.2222540000000002,1.383027,BEL,RUS,880390
3589189,22,186,9631,2006,789208.0,374978.0,-1.0305309999999999,-0.80937,BGD,RUS,880390
3589190,39,186,9631,2006,0.0,8447.0,0.865685,1.1480489999999999,CAN,RUS,880390
3589191,41,186,9631,2006,1764.0,6835.0,2.052534,0.515523,CHE,RUS,880390
3589192,43,186,9631,2006,0.0,758895.0,0.737888,2.54966,CHN,RUS,880390
3589193,54,186,9631,2006,0.0,11411.0,0.204039,-0.5183260000000001,CUB,RUS,880390
3589194,58,186,9631,2006,0.0,1406.0,0.708267,-0.048096,CYP,RUS,880390
3589195,59,186,9631,2006,81954.0,5841.0,1.564058,0.6023649999999999,CZE,RUS,880390
3589196,61,186,9631,2006,802155.0,336277.0,2.132566,-2.773669,DEU,RUS,880390
3589197,66,186,9631,2006,0.0,45361.0,-0.489962,-1.12456,DZA,RUS,880390
3589198,71,186,9631,2006,104886.0,0.0,0.9091370000000001,2.068166,ESP,RUS,880390
3589199,73,186,9631,2006,0.0,16439.0,-0.9557180000000001,-0.9153479999999999,ETH,RUS,880390
3589200,77,186,9631,2006,472213.0,0.0,1.47591,0.489466,FRA,RUS,880390
3589201,102,186,9631,2006,0.0,2409.0,1.4034309999999999,0.835144,HUN,RUS,880390
3589202,103,186,9631,2006,0.0,8919.0,-0.21012399999999998,1.467838,IDN,RUS,880390
3589203,104,186,9631,2006,9010766.0,4479536.0,0.285652,2.731318,IND,RUS,880390
3589204,110,186,9631,2006,549491.0,0.0,1.3082129999999998,0.783845,ISR,RUS,880390
3589205,111,186,9631,2006,23867.0,2054174.0,1.293779,0.93995,ITA,RUS,880390
3589206,115,186,9631,2006,2461.0,0.0,0.038229,-0.579421,KAZ,RUS,880390
3589207,116,186,9631,2006,0.0,3442.0,-0.38287899999999997,1.060286,KEN,RUS,880390
3589208,121,186,9631,2006,2946.0,157537.0,1.5384309999999999,0.766628,KOR,RUS,880390
3589209,132,186,9631,2006,5502.0,0.0,0.531375,0.9414170000000001,LVA,RUS,880390
3589210,153,186,9631,2006,0.0,34368.0,0.7896569999999999,0.363625,MYS,RUS,880390
3589211,160,186,9631,2006,0.0,76376.0,-0.998825,-0.893867,NIC,RUS,880390
3589212,162,186,9631,2006,41204.0,0.0,1.192134,1.450852,NLD,RUS,880390
3589213,163,186,9631,2006,3437.0,0.0,1.0787930000000001,0.014051,NOR,RUS,880390
3589214,173,186,9631,2006,0.0,5550.0,-0.551095,0.044295,PER,RUS,880390
3589215,177,186,9631,2006,179094.0,39903.0,0.991927,1.474418,POL,RUS,880390
3589216,187,186,9631,2006,0.0,6829.0,-0.032827999999999996,-0.42937600000000004,RWA,RUS,880390
3589217,190,186,9631,2006,0.0,22492.0,-1.873762,-1.278378,SDN,RUS,880390
3589218,192,186,9631,2006,7069.0,0.0,1.5377379999999998,0.503089,SGP,RUS,880390
3589219,201,186,9631,2006,0.0,9052.0,0.547824,1.5588879999999998,SRB,RUS,880390
3589220,206,186,9631,2006,0.0,521084.0,1.291583,0.868317,SVK,RUS,880390
3589221,208,186,9631,2006,137128.0,0.0,1.902737,0.593294,SWE,RUS,880390
3589222,228,186,9631,2006,14432912.0,4654.0,0.7008439999999999,0.79656,UKR,RUS,880390
3589223,231,186,9631,2006,6340442.0,6563982.0,1.666643,-0.121679,USA,RUS,880390
3589224,239,186,9631,2006,0.0,196134.0,-0.342779,1.033318,VNM,RUS,880390
3589225,246,186,9631,2006,0.0,1586.0,0.37964499999999995,1.466326,ZAF,RUS,880390
3589226,249,186,9631,2006,0.0,84478.0,1.619915,1.2289940000000001,TWN,RUS,880390
3589227,7,192,9631,2006,10841.0,333753.0,0.053903999999999994,-0.735124,ARE,SGP,880390
3589228,14,192,9631,2006,161213.0,1013132.0,0.067166,0.373148,AUS,SGP,880390
3589229,18,192,9631,2006,380491.0,13260.0,1.2222540000000002,1.383027,BEL,SGP,880390
3589230,22,192,9631,2006,0.0,18539.0,-1.0305309999999999,-0.80937,BGD,SGP,880390
3589231,34,192,9631,2006,0.0,52182.0,-1.331831,-0.9170940000000001,BRN,SGP,880390
3589232,39,192,9631,2006,171371.0,8120.0,0.865685,1.1480489999999999,CAN,SGP,880390
3589233,41,192,9631,2006,103572.0,18155.0,2.052534,0.515523,CHE,SGP,880390
3589234,43,192,9631,2006,163690.0,220036.0,0.737888,2.54966,CHN,SGP,880390
3589235,49,192,9631,2006,0.0,5103.0,0.129887,0.44371700000000003,COL,SGP,880390
3589236,61,192,9631,2006,21627.0,68741.0,2.132566,-2.773669,DEU,SGP,880390
3589237,64,192,9631,2006,49701.0,0.0,1.2308700000000001,1.180914,DNK,SGP,880390
3589238,71,192,9631,2006,73042.0,0.0,0.9091370000000001,2.068166,ESP,SGP,880390
3589239,74,192,9631,2006,0.0,1029.0,1.864038,0.8193940000000001,FIN,SGP,880390
3589240,77,192,9631,2006,2457060.0,566415.0,1.47591,0.489466,FRA,SGP,880390
3589241,81,192,9631,2006,4704430.0,359152.0,1.824154,0.614424,GBR,SGP,880390
3589242,90,192,9631,2006,0.0,29121.0,0.261955,1.488958,GRC,SGP,880390
3589243,97,192,9631,2006,218229.0,806654.0,0.5776319999999999,2.076782,HKG,SGP,880390
3589244,103,192,9631,2006,243407.0,6355191.0,-0.21012399999999998,1.467838,IDN,SGP,880390
3589245,104,192,9631,2006,48466.0,1032632.0,0.285652,2.731318,IND,SGP,880390
3589246,106,192,9631,2006,136499.0,0.0,1.43804,0.06463200000000001,IRL,SGP,880390
3589247,107,192,9631,2006,0.0,137613.0,-0.391023,-0.767861,IRN,SGP,880390
3589248,110,192,9631,2006,5298.0,189532.0,1.3082129999999998,0.783845,ISR,SGP,880390
3589249,111,192,9631,2006,2640273.0,16922.0,1.293779,0.93995,ITA,SGP,880390
3589250,113,192,9631,2006,0.0,44900.0,0.166718,0.331248,JOR,SGP,880390
3589251,114,192,9631,2006,65833.0,71003.0,2.4348099999999997,0.082887,JPN,SGP,880390
3589252,121,192,9631,2006,49404.0,78204.0,1.5384309999999999,0.766628,KOR,SGP,880390
3589253,128,192,9631,2006,9190.0,97835.0,-0.573767,0.305913,LKA,SGP,880390
3589254,137,192,9631,2006,0.0,19996.0,-0.240191,-0.8320290000000001,MDV,SGP,880390
3589255,143,192,9631,2006,14507.0,14400.0,-1.543679,-1.145623,MMR,SGP,880390
3589256,145,192,9631,2006,0.0,5252.0,-1.147217,-1.0734709999999998,MNG,SGP,880390
3589257,153,192,9631,2006,33852580.0,3109701.0,0.7896569999999999,0.363625,MYS,SGP,880390
3589258,156,192,9631,2006,6420.0,3561.0,-0.135099,-0.7618779999999999,NCL,SGP,880390
3589259,162,192,9631,2006,1952058.0,222916.0,1.192134,1.450852,NLD,SGP,880390
3589260,163,192,9631,2006,52049.0,37863.0,1.0787930000000001,0.014051,NOR,SGP,880390
3589261,166,192,9631,2006,17719.0,196230.0,0.5371,0.8240209999999999,NZL,SGP,880390
3589262,167,192,9631,2006,160626.0,96189.0,-0.6373989999999999,-1.092554,OMN,SGP,880390
3589263,168,192,9631,2006,3236.0,374067.0,-0.449333,0.563013,PAK,SGP,880390
3589264,169,192,9631,2006,0.0,928.0,0.306664,0.638533,PAN,SGP,880390
3589265,174,192,9631,2006,8400641.0,120953.0,0.161994,0.036631,PHL,SGP,880390
3589266,186,192,9631,2006,0.0,7069.0,0.801197,0.104683,RUS,SGP,880390
3589267,188,192,9631,2006,0.0,9778.0,0.162432,-0.853059,SAU,SGP,880390
3589268,208,192,9631,2006,18160.0,0.0,1.902737,0.593294,SWE,SGP,880390
3589269,211,192,9631,2006,0.0,6033.0,-0.344619,-0.796139,SYC,SGP,880390
3589270,216,192,9631,2006,501300416.0,519047.0,0.568209,1.685343,THA,SGP,880390
3589271,228,192,9631,2006,0.0,2728.0,0.7008439999999999,0.79656,UKR,SGP,880390
3589272,231,192,9631,2006,17979404.0,2414717.0,1.666643,-0.121679,USA,SGP,880390
3589273,239,192,9631,2006,1998.0,42633.0,-0.342779,1.033318,VNM,SGP,880390
3589274,243,192,9631,2006,1118.0,0.0,-1.0407110000000002,-1.13042,YEM,SGP,880390
3589275,246,192,9631,2006,4334.0,903057.0,0.37964499999999995,1.466326,ZAF,SGP,880390
3589276,249,192,9631,2006,246209.0,1128399.0,1.619915,1.2289940000000001,TWN,SGP,880390
3589277,18,201,9631,2006,0.0,7213.0,1.2222540000000002,1.383027,BEL,SRB,880390
3589278,61,201,9631,2006,44016.0,38636.0,2.132566,-2.773669,DEU,SRB,880390
3589279,77,201,9631,2006,125518.0,8405.0,1.47591,0.489466,FRA,SRB,880390
3589280,90,201,9631,2006,52008.0,252505.0,0.261955,1.488958,GRC,SRB,880390
3589281,106,201,9631,2006,784.0,0.0,1.43804,0.06463200000000001,IRL,SRB,880390
3589282,126,201,9631,2006,0.0,67507.0,-0.518724,-1.142074,LBY,SRB,880390
3589283,162,201,9631,2006,42919.0,0.0,1.192134,1.450852,NLD,SRB,880390
3589284,163,201,9631,2006,2853.0,0.0,1.0787930000000001,0.014051,NOR,SRB,880390
3589285,186,201,9631,2006,9052.0,0.0,0.801197,0.104683,RUS,SRB,880390
3589286,231,201,9631,2006,137592.0,0.0,1.666643,-0.121679,USA,SRB,880390
3589287,15,206,9631,2006,38570.0,881788.0,1.775669,0.192717,AUT,SVK,880390
3589288,18,206,9631,2006,6598.0,0.0,1.2222540000000002,1.383027,BEL,SVK,880390
3589289,41,206,9631,2006,3597.0,0.0,2.052534,0.515523,CHE,SVK,880390
3589290,59,206,9631,2006,34985.0,0.0,1.564058,0.6023649999999999,CZE,SVK,880390
3589291,61,206,9631,2006,139306.0,269136.0,2.132566,-2.773669,DEU,SVK,880390
3589292,71,206,9631,2006,2678.0,0.0,0.9091370000000001,2.068166,ESP,SVK,880390
3589293,77,206,9631,2006,4847.0,0.0,1.47591,0.489466,FRA,SVK,880390
3589294,110,206,9631,2006,903059.0,0.0,1.3082129999999998,0.783845,ISR,SVK,880390
3589295,111,206,9631,2006,0.0,15438.0,1.293779,0.93995,ITA,SVK,880390
3589296,116,206,9631,2006,0.0,1077.0,-0.38287899999999997,1.060286,KEN,SVK,880390
3589297,162,206,9631,2006,0.0,1010.0,1.192134,1.450852,NLD,SVK,880390
3589298,174,206,9631,2006,1175.0,16748.0,0.161994,0.036631,PHL,SVK,880390
3589299,186,206,9631,2006,521084.0,0.0,0.801197,0.104683,RUS,SVK,880390
3589300,207,206,9631,2006,1546.0,0.0,1.5882370000000001,0.800719,SVN,SVK,880390
3589301,227,206,9631,2006,0.0,2922.0,-0.702511,-0.43976099999999996,UGA,SVK,880390
3589302,231,206,9631,2006,27569.0,8008.0,1.666643,-0.121679,USA,SVK,880390
3589303,246,206,9631,2006,0.0,7554.0,0.37964499999999995,1.466326,ZAF,SVK,880390
3589304,250,206,9631,2006,242524.0,0.0,0.711619,-0.41880200000000006,ANS,SVK,880390
3589305,14,207,9631,2006,0.0,1748.0,0.067166,0.373148,AUS,SVN,880390
3589306,15,207,9631,2006,2558.0,0.0,1.775669,0.192717,AUT,SVN,880390
3589307,18,207,9631,2006,602765.0,21925.0,1.2222540000000002,1.383027,BEL,SVN,880390
3589308,41,207,9631,2006,710.0,0.0,2.052534,0.515523,CHE,SVN,880390
3589309,43,207,9631,2006,2719.0,0.0,0.737888,2.54966,CHN,SVN,880390
3589310,59,207,9631,2006,5438.0,0.0,1.564058,0.6023649999999999,CZE,SVN,880390
3589311,61,207,9631,2006,17457.0,348609.0,2.132566,-2.773669,DEU,SVN,880390
3589312,77,207,9631,2006,1188.0,3384.0,1.47591,0.489466,FRA,SVN,880390
3589313,111,207,9631,2006,0.0,82412.0,1.293779,0.93995,ITA,SVN,880390
3589314,130,207,9631,2006,1137.0,4554.0,0.44063599999999997,1.163857,LTU,SVN,880390
3589315,206,207,9631,2006,0.0,1546.0,1.291583,0.868317,SVK,SVN,880390
3589316,231,207,9631,2006,6179.0,0.0,1.666643,-0.121679,USA,SVN,880390
3589317,250,207,9631,2006,1094.0,0.0,0.711619,-0.41880200000000006,ANS,SVN,880390
3589318,61,212,9631,2006,0.0,1832.0,2.132566,-2.773669,DEU,SYR,880390
3589319,77,212,9631,2006,33372.0,0.0,1.47591,0.489466,FRA,SYR,880390
3589320,59,223,9631,2006,964.0,0.0,1.564058,0.6023649999999999,CZE,TUN,880390
3589321,61,223,9631,2006,16399.0,0.0,2.132566,-2.773669,DEU,TUN,880390
3589322,77,223,9631,2006,148555.0,12355.0,1.47591,0.489466,FRA,TUN,880390
3589323,81,223,9631,2006,0.0,596987.0,1.824154,0.614424,GBR,TUN,880390
3589324,131,223,9631,2006,13139.0,0.0,1.4345620000000001,0.8840819999999999,LUX,TUN,880390
3589325,162,223,9631,2006,129751.0,0.0,1.192134,1.450852,NLD,TUN,880390
3589326,163,223,9631,2006,2658.0,0.0,1.0787930000000001,0.014051,NOR,TUN,880390
3589327,14,228,9631,2006,0.0,2897.0,0.067166,0.373148,AUS,UKR,880390
3589328,18,228,9631,2006,0.0,1360.0,1.2222540000000002,1.383027,BEL,UKR,880390
3589329,22,228,9631,2006,594234.0,616632.0,-1.0305309999999999,-0.80937,BGD,UKR,880390
3589330,28,228,9631,2006,0.0,5482.0,0.919853,0.384409,BLR,UKR,880390
3589331,39,228,9631,2006,0.0,7639.0,0.865685,1.1480489999999999,CAN,UKR,880390
3589332,43,228,9631,2006,2662.0,27456.0,0.737888,2.54966,CHN,UKR,880390
3589333,59,228,9631,2006,10398.0,92574.0,1.564058,0.6023649999999999,CZE,UKR,880390
3589334,61,228,9631,2006,11836.0,461587.0,2.132566,-2.773669,DEU,UKR,880390
3589335,64,228,9631,2006,0.0,5582.0,1.2308700000000001,1.180914,DNK,UKR,880390
3589336,71,228,9631,2006,73495.0,0.0,0.9091370000000001,2.068166,ESP,UKR,880390
3589337,77,228,9631,2006,50596.0,7498.0,1.47591,0.489466,FRA,UKR,880390
3589338,93,228,9631,2006,0.0,2042.0,-0.28642199999999995,0.5868439999999999,GTM,UKR,880390
3589339,104,228,9631,2006,267223.0,2214364.0,0.285652,2.731318,IND,UKR,880390
3589340,109,228,9631,2006,0.0,1394.0,0.170234,-0.302203,ISL,UKR,880390
3589341,110,228,9631,2006,0.0,660262.0,1.3082129999999998,0.783845,ISR,UKR,880390
3589342,111,228,9631,2006,64344.0,18865.0,1.293779,0.93995,ITA,UKR,880390
3589343,114,228,9631,2006,0.0,1442.0,2.4348099999999997,0.082887,JPN,UKR,880390
3589344,116,228,9631,2006,0.0,29041.0,-0.38287899999999997,1.060286,KEN,UKR,880390
3589345,117,228,9631,2006,0.0,17756.0,-0.034069,0.136694,KGZ,UKR,880390
3589346,121,228,9631,2006,0.0,4821.0,1.5384309999999999,0.766628,KOR,UKR,880390
3589347,163,228,9631,2006,0.0,5996.0,1.0787930000000001,0.014051,NOR,UKR,880390
3589348,166,228,9631,2006,0.0,1067.0,0.5371,0.8240209999999999,NZL,UKR,880390
3589349,174,228,9631,2006,4611.0,0.0,0.161994,0.036631,PHL,UKR,880390
3589350,177,228,9631,2006,1208.0,279212.0,0.991927,1.474418,POL,UKR,880390
3589351,186,228,9631,2006,4654.0,14432912.0,0.801197,0.104683,RUS,UKR,880390
3589352,187,228,9631,2006,0.0,11094.0,-0.032827999999999996,-0.42937600000000004,RWA,UKR,880390
3589353,192,228,9631,2006,2728.0,0.0,1.5377379999999998,0.503089,SGP,UKR,880390
3589354,208,228,9631,2006,11564.0,1370.0,1.902737,0.593294,SWE,UKR,880390
3589355,216,228,9631,2006,0.0,4105.0,0.568209,1.685343,THA,UKR,880390
3589356,219,228,9631,2006,0.0,146973.0,-1.155861,-1.200933,TKM,UKR,880390
3589357,227,228,9631,2006,11982.0,240837.0,-0.702511,-0.43976099999999996,UGA,UKR,880390
3589358,231,228,9631,2006,60640.0,116587.0,1.666643,-0.121679,USA,UKR,880390
3589359,239,228,9631,2006,0.0,971.0,-0.342779,1.033318,VNM,UKR,880390
3589360,246,228,9631,2006,0.0,7194.0,0.37964499999999995,1.466326,ZAF,UKR,880390
3589361,2,246,9631,2006,0.0,3002.0,-2.0822979999999998,-1.176767,AGO,ZAF,880390
3589362,7,246,9631,2006,0.0,4607.0,0.053903999999999994,-0.735124,ARE,ZAF,880390
3589363,14,246,9631,2006,3727.0,48835.0,0.067166,0.373148,AUS,ZAF,880390
3589364,15,246,9631,2006,0.0,12903.0,1.775669,0.192717,AUT,ZAF,880390
3589365,18,246,9631,2006,7584.0,0.0,1.2222540000000002,1.383027,BEL,ZAF,880390
3589366,32,246,9631,2006,2169.0,295249.0,0.633889,1.1474520000000001,BRA,ZAF,880390
3589367,37,246,9631,2006,179908.0,297464.0,-1.0541459999999998,-1.179286,BWA,ZAF,880390
3589368,39,246,9631,2006,2239.0,3842.0,0.865685,1.1480489999999999,CAN,ZAF,880390
3589369,41,246,9631,2006,27238.0,117479.0,2.052534,0.515523,CHE,ZAF,880390
3589370,43,246,9631,2006,7872.0,0.0,0.737888,2.54966,CHN,ZAF,880390
3589371,44,246,9631,2006,3136.0,4149.0,-0.8918530000000001,-0.8145819999999999,CIV,ZAF,880390
3589372,45,246,9631,2006,0.0,1402.0,-1.358873,-1.1511360000000002,CMR,ZAF,880390
3589373,46,246,9631,2006,0.0,135267.0,-1.542137,-1.086494,COD,ZAF,880390
3589374,47,246,9631,2006,0.0,14657.0,-1.9903240000000002,-1.189925,COG,ZAF,880390
3589375,58,246,9631,2006,0.0,5488.0,0.708267,-0.048096,CYP,ZAF,880390
3589376,59,246,9631,2006,6076.0,1716.0,1.564058,0.6023649999999999,CZE,ZAF,880390
3589377,61,246,9631,2006,78513.0,1432821.0,2.132566,-2.773669,DEU,ZAF,880390
3589378,64,246,9631,2006,14014.0,208026.0,1.2308700000000001,1.180914,DNK,ZAF,880390
3589379,66,246,9631,2006,0.0,493404.0,-0.489962,-1.12456,DZA,ZAF,880390
3589380,71,246,9631,2006,1162.0,0.0,0.9091370000000001,2.068166,ESP,ZAF,880390
3589381,77,246,9631,2006,3721102.0,168172.0,1.47591,0.489466,FRA,ZAF,880390
3589382,80,246,9631,2006,0.0,4513.0,-1.6696819999999999,-1.173322,GAB,ZAF,880390
3589383,81,246,9631,2006,481216.0,133254.0,1.824154,0.614424,GBR,ZAF,880390
3589384,83,246,9631,2006,0.0,1403.0,-0.9934860000000001,-0.809318,GHA,ZAF,880390
3589385,85,246,9631,2006,0.0,2663.0,-1.8376720000000002,-1.229774,GIN,ZAF,880390
3589386,97,246,9631,2006,13813.0,0.0,0.5776319999999999,2.076782,HKG,ZAF,880390
3589387,104,246,9631,2006,617791.0,0.0,0.285652,2.731318,IND,ZAF,880390
3589388,110,246,9631,2006,81609.0,96383.0,1.3082129999999998,0.783845,ISR,ZAF,880390
3589389,111,246,9631,2006,42938.0,114134.0,1.293779,0.93995,ITA,ZAF,880390
3589390,113,246,9631,2006,0.0,19963.0,0.166718,0.331248,JOR,ZAF,880390
3589391,114,246,9631,2006,4999.0,0.0,2.4348099999999997,0.082887,JPN,ZAF,880390
3589392,116,246,9631,2006,79330.0,320631.0,-0.38287899999999997,1.060286,KEN,ZAF,880390
3589393,125,246,9631,2006,4744.0,0.0,-0.679188,-1.0969389999999999,LBR,ZAF,880390
3589394,136,246,9631,2006,0.0,2148.0,-1.024657,-0.393395,MDG,ZAF,880390
3589395,152,246,9631,2006,0.0,1704.0,-1.145132,-1.0946209999999998,MWI,ZAF,880390
3589396,153,246,9631,2006,785034.0,5352.0,0.7896569999999999,0.363625,MYS,ZAF,880390
3589397,155,246,9631,2006,178940.0,181492.0,-0.515361,-0.8027350000000001,NAM,ZAF,880390
3589398,159,246,9631,2006,1379.0,11332.0,-2.094353,-1.215025,NGA,ZAF,880390
3589399,162,246,9631,2006,248573.0,12452.0,1.192134,1.450852,NLD,ZAF,880390
3589400,163,246,9631,2006,8806.0,0.0,1.0787930000000001,0.014051,NOR,ZAF,880390
3589401,166,246,9631,2006,102432.0,0.0,0.5371,0.8240209999999999,NZL,ZAF,880390
3589402,168,246,9631,2006,0.0,5084.0,-0.449333,0.563013,PAK,ZAF,880390
3589403,179,246,9631,2006,0.0,1334.0,0.5723630000000001,1.92303,PRT,ZAF,880390
3589404,185,246,9631,2006,450165.0,0.0,0.550825,1.170744,ROU,ZAF,880390
3589405,186,246,9631,2006,1586.0,0.0,0.801197,0.104683,RUS,ZAF,880390
3589406,190,246,9631,2006,0.0,1536.0,-1.873762,-1.278378,SDN,ZAF,880390
3589407,192,246,9631,2006,903057.0,4334.0,1.5377379999999998,0.503089,SGP,ZAF,880390
3589408,206,246,9631,2006,7554.0,0.0,1.291583,0.868317,SVK,ZAF,880390
3589409,208,246,9631,2006,11546.0,3431.0,1.902737,0.593294,SWE,ZAF,880390
3589410,211,246,9631,2006,0.0,2052.0,-0.344619,-0.796139,SYC,ZAF,880390
3589411,216,246,9631,2006,284633.0,0.0,0.568209,1.685343,THA,ZAF,880390
3589412,226,246,9631,2006,1373669.0,72832.0,-0.953097,0.159129,TZA,ZAF,880390
3589413,227,246,9631,2006,7236.0,88924.0,-0.702511,-0.43976099999999996,UGA,ZAF,880390
3589414,228,246,9631,2006,7194.0,0.0,0.7008439999999999,0.79656,UKR,ZAF,880390
3589415,231,246,9631,2006,1044524.0,206550.0,1.666643,-0.121679,USA,ZAF,880390
3589416,247,246,9631,2006,0.0,50187.0,-0.5307,-0.793621,ZMB,ZAF,880390
3589417,248,246,9631,2006,0.0,142876.0,-0.41825500000000004,-0.55313,ZWE,ZAF,880390
3589418,250,246,9631,2006,0.0,1863.0,0.711619,-0.41880200000000006,ANS,ZAF,880390
3589419,14,37,9631,2006,3464.0,0.0,0.067166,0.373148,AUS,BWA,880390
3589420,61,37,9631,2006,2414.0,4373.0,2.132566,-2.773669,DEU,BWA,880390
3589421,77,37,9631,2006,375248.0,293956.0,1.47591,0.489466,FRA,BWA,880390
3589422,81,37,9631,2006,109201.0,170036.0,1.824154,0.614424,GBR,BWA,880390
3589423,110,37,9631,2006,81639.0,0.0,1.3082129999999998,0.783845,ISR,BWA,880390
3589424,231,37,9631,2006,8318.0,23779.0,1.666643,-0.121679,USA,BWA,880390
3589425,246,37,9631,2006,297464.0,179908.0,0.37964499999999995,1.466326,ZAF,BWA,880390
3589426,64,44,9631,2006,14260.0,413.0,1.2308700000000001,1.180914,DNK,CIV,880390
3589427,77,44,9631,2006,9627.0,0.0,1.47591,0.489466,FRA,CIV,880390
3589428,80,44,9631,2006,0.0,39298.0,-1.6696819999999999,-1.173322,GAB,CIV,880390
3589429,85,44,9631,2006,0.0,3278.0,-1.8376720000000002,-1.229774,GIN,CIV,880390
3589430,162,44,9631,2006,2134.0,0.0,1.192134,1.450852,NLD,CIV,880390
3589431,191,44,9631,2006,5396.0,0.0,-0.364713,-0.183612,SEN,CIV,880390
3589432,216,44,9631,2006,4254.0,0.0,0.568209,1.685343,THA,CIV,880390
3589433,231,44,9631,2006,25753.0,0.0,1.666643,-0.121679,USA,CIV,880390
3589434,246,44,9631,2006,4149.0,3136.0,0.37964499999999995,1.466326,ZAF,CIV,880390
3589435,18,45,9631,2006,3141.0,0.0,1.2222540000000002,1.383027,BEL,CMR,880390
3589436,61,45,9631,2006,4102.0,0.0,2.132566,-2.773669,DEU,CMR,880390
3589437,77,45,9631,2006,339131.0,0.0,1.47591,0.489466,FRA,CMR,880390
3589438,116,45,9631,2006,3398.0,3241.0,-0.38287899999999997,1.060286,KEN,CMR,880390
3589439,162,45,9631,2006,217363.0,6389.0,1.192134,1.450852,NLD,CMR,880390
3589440,191,45,9631,2006,60723.0,0.0,-0.364713,-0.183612,SEN,CMR,880390
3589441,231,45,9631,2006,248258.0,0.0,1.666643,-0.121679,USA,CMR,880390
3589442,246,45,9631,2006,1402.0,0.0,0.37964499999999995,1.466326,ZAF,CMR,880390
3589443,32,54,9631,2006,8776.0,0.0,0.633889,1.1474520000000001,BRA,CUB,880390
3589444,64,54,9631,2006,3162.0,0.0,1.2308700000000001,1.180914,DNK,CUB,880390
3589445,71,54,9631,2006,64505.0,6409.0,0.9091370000000001,2.068166,ESP,CUB,880390
3589446,77,54,9631,2006,9281.0,0.0,1.47591,0.489466,FRA,CUB,880390
3589447,111,54,9631,2006,54328.0,0.0,1.293779,0.93995,ITA,CUB,880390
3589448,177,54,9631,2006,11477.0,0.0,0.991927,1.474418,POL,CUB,880390
3589449,186,54,9631,2006,11411.0,0.0,0.801197,0.104683,RUS,CUB,880390
3589450,59,66,9631,2006,6378.0,0.0,1.564058,0.6023649999999999,CZE,DZA,880390
3589451,61,66,9631,2006,1756.0,0.0,2.132566,-2.773669,DEU,DZA,880390
3589452,77,66,9631,2006,71158.0,0.0,1.47591,0.489466,FRA,DZA,880390
3589453,162,66,9631,2006,70151.0,0.0,1.192134,1.450852,NLD,DZA,880390
3589454,186,66,9631,2006,45361.0,0.0,0.801197,0.104683,RUS,DZA,880390
3589455,231,66,9631,2006,6572.0,0.0,1.666643,-0.121679,USA,DZA,880390
3589456,246,66,9631,2006,493404.0,0.0,0.37964499999999995,1.466326,ZAF,DZA,880390
3589457,24,80,9631,2006,4811.0,0.0,0.172724,-0.9449879999999999,BHR,GAB,880390
3589458,39,80,9631,2006,3933.0,0.0,0.865685,1.1480489999999999,CAN,GAB,880390
3589459,41,80,9631,2006,8316.0,0.0,2.052534,0.515523,CHE,GAB,880390
3589460,44,80,9631,2006,39298.0,0.0,-0.8918530000000001,-0.8145819999999999,CIV,GAB,880390
3589461,61,80,9631,2006,3421.0,0.0,2.132566,-2.773669,DEU,GAB,880390
3589462,64,80,9631,2006,11815.0,0.0,1.2308700000000001,1.180914,DNK,GAB,880390
3589463,71,80,9631,2006,817980.0,0.0,0.9091370000000001,2.068166,ESP,GAB,880390
3589464,77,80,9631,2006,167228.0,28600.0,1.47591,0.489466,FRA,GAB,880390
3589465,134,80,9631,2006,17267.0,0.0,-0.547933,0.08257300000000001,MAR,GAB,880390
3589466,162,80,9631,2006,12767.0,2560.0,1.192134,1.450852,NLD,GAB,880390
3589467,191,80,9631,2006,4411.0,0.0,-0.364713,-0.183612,SEN,GAB,880390
3589468,208,80,9631,2006,107000.0,0.0,1.902737,0.593294,SWE,GAB,880390
3589469,231,80,9631,2006,12049.0,0.0,1.666643,-0.121679,USA,GAB,880390
3589470,246,80,9631,2006,4513.0,0.0,0.37964499999999995,1.466326,ZAF,GAB,880390
3589471,18,83,9631,2006,91782.0,0.0,1.2222540000000002,1.383027,BEL,GHA,880390
3589472,77,83,9631,2006,5335.0,2317.0,1.47591,0.489466,FRA,GHA,880390
3589473,81,83,9631,2006,1714.0,0.0,1.824154,0.614424,GBR,GHA,880390
3589474,166,83,9631,2006,1510.0,0.0,0.5371,0.8240209999999999,NZL,GHA,880390
3589475,231,83,9631,2006,2505.0,0.0,1.666643,-0.121679,USA,GHA,880390
3589476,246,83,9631,2006,1403.0,0.0,0.37964499999999995,1.466326,ZAF,GHA,880390
3589477,18,134,9631,2006,308391.0,0.0,1.2222540000000002,1.383027,BEL,MAR,880390
3589478,64,134,9631,2006,3956.0,10905.0,1.2308700000000001,1.180914,DNK,MAR,880390
3589479,71,134,9631,2006,2389.0,0.0,0.9091370000000001,2.068166,ESP,MAR,880390
3589480,77,134,9631,2006,10659348.0,1302938.0,1.47591,0.489466,FRA,MAR,880390
3589481,80,134,9631,2006,0.0,17267.0,-1.6696819999999999,-1.173322,GAB,MAR,880390
3589482,162,134,9631,2006,47838.0,0.0,1.192134,1.450852,NLD,MAR,880390
3589483,231,134,9631,2006,305043.0,0.0,1.666643,-0.121679,USA,MAR,880390
3589484,41,136,9631,2006,376.0,0.0,2.052534,0.515523,CHE,MDG,880390
3589485,77,136,9631,2006,9683.0,6551.0,1.47591,0.489466,FRA,MDG,880390
3589486,162,136,9631,2006,0.0,2628.0,1.192134,1.450852,NLD,MDG,880390
3589487,191,136,9631,2006,2499.0,0.0,-0.364713,-0.183612,SEN,MDG,880390
3589488,231,136,9631,2006,28807.0,100087.0,1.666643,-0.121679,USA,MDG,880390
3589489,246,136,9631,2006,2148.0,0.0,0.37964499999999995,1.466326,ZAF,MDG,880390
3589490,61,142,9631,2006,46724.0,103870.0,2.132566,-2.773669,DEU,MLT,880390
3589491,81,142,9631,2006,54471.0,0.0,1.824154,0.614424,GBR,MLT,880390
3589492,162,142,9631,2006,0.0,9261.0,1.192134,1.450852,NLD,MLT,880390
3589493,163,142,9631,2006,4919.0,0.0,1.0787930000000001,0.014051,NOR,MLT,880390
3589494,188,142,9631,2006,1551.0,0.0,0.162432,-0.853059,SAU,MLT,880390
3589495,231,142,9631,2006,5323.0,0.0,1.666643,-0.121679,USA,MLT,880390
3589496,77,148,9631,2006,18255.0,0.0,1.47591,0.489466,FRA,MRT,880390
3589497,191,148,9631,2006,5074.0,0.0,-0.364713,-0.183612,SEN,MRT,880390
3589498,231,148,9631,2006,4684.0,0.0,1.666643,-0.121679,USA,MRT,880390
3589499,250,148,9631,2006,13467.0,0.0,0.711619,-0.41880200000000006,ANS,MRT,880390
3589500,77,151,9631,2006,3518.0,0.0,1.47591,0.489466,FRA,MUS,880390
3589501,104,151,9631,2006,1597.0,0.0,0.285652,2.731318,IND,MUS,880390
3589502,111,151,9631,2006,2264.0,0.0,1.293779,0.93995,ITA,MUS,880390
3589503,162,151,9631,2006,898.0,0.0,1.192134,1.450852,NLD,MUS,880390
3589504,174,151,9631,2006,1016038.0,0.0,0.161994,0.036631,PHL,MUS,880390
3589505,41,155,9631,2006,64157.0,10897.0,2.052534,0.515523,CHE,NAM,880390
3589506,43,155,9631,2006,9840396.0,0.0,0.737888,2.54966,CHN,NAM,880390
3589507,61,155,9631,2006,20492.0,0.0,2.132566,-2.773669,DEU,NAM,880390
3589508,77,155,9631,2006,3190.0,4592.0,1.47591,0.489466,FRA,NAM,880390
3589509,81,155,9631,2006,3248.0,0.0,1.824154,0.614424,GBR,NAM,880390
3589510,104,155,9631,2006,32090.0,0.0,0.285652,2.731318,IND,NAM,880390
3589511,111,155,9631,2006,6503.0,0.0,1.293779,0.93995,ITA,NAM,880390
3589512,162,155,9631,2006,0.0,5291.0,1.192134,1.450852,NLD,NAM,880390
3589513,163,155,9631,2006,15714.0,0.0,1.0787930000000001,0.014051,NOR,NAM,880390
3589514,231,155,9631,2006,8558.0,1274.0,1.666643,-0.121679,USA,NAM,880390
3589515,246,155,9631,2006,181492.0,178940.0,0.37964499999999995,1.466326,ZAF,NAM,880390
3589516,18,159,9631,2006,6475.0,0.0,1.2222540000000002,1.383027,BEL,NGA,880390
3589517,41,159,9631,2006,10220.0,0.0,2.052534,0.515523,CHE,NGA,880390
3589518,61,159,9631,2006,2332.0,0.0,2.132566,-2.773669,DEU,NGA,880390
3589519,64,159,9631,2006,1299.0,0.0,1.2308700000000001,1.180914,DNK,NGA,880390
3589520,77,159,9631,2006,50783.0,0.0,1.47591,0.489466,FRA,NGA,880390
3589521,81,159,9631,2006,2605.0,0.0,1.824154,0.614424,GBR,NGA,880390
3589522,162,159,9631,2006,2268554.0,309193.0,1.192134,1.450852,NLD,NGA,880390
3589523,179,159,9631,2006,23743.0,0.0,0.5723630000000001,1.92303,PRT,NGA,880390
3589524,231,159,9631,2006,267152.0,0.0,1.666643,-0.121679,USA,NGA,880390
3589525,246,159,9631,2006,11332.0,1379.0,0.37964499999999995,1.466326,ZAF,NGA,880390
3589526,18,191,9631,2006,3391.0,2052.0,1.2222540000000002,1.383027,BEL,SEN,880390
3589527,38,191,9631,2006,0.0,10902.0,-0.768791,-0.822677,CAF,SEN,880390
3589528,39,191,9631,2006,46236.0,187491.0,0.865685,1.1480489999999999,CAN,SEN,880390
3589529,44,191,9631,2006,0.0,5396.0,-0.8918530000000001,-0.8145819999999999,CIV,SEN,880390
3589530,45,191,9631,2006,0.0,60723.0,-1.358873,-1.1511360000000002,CMR,SEN,880390
3589531,47,191,9631,2006,0.0,12930.0,-1.9903240000000002,-1.189925,COG,SEN,880390
3589532,51,191,9631,2006,0.0,108620.0,0.369814,-0.414812,CPV,SEN,880390
3589533,61,191,9631,2006,0.0,70980.0,2.132566,-2.773669,DEU,SEN,880390
3589534,71,191,9631,2006,1135.0,0.0,0.9091370000000001,2.068166,ESP,SEN,880390
3589535,77,191,9631,2006,57001.0,83751.0,1.47591,0.489466,FRA,SEN,880390
3589536,80,191,9631,2006,0.0,4411.0,-1.6696819999999999,-1.173322,GAB,SEN,880390
3589537,81,191,9631,2006,0.0,33628.0,1.824154,0.614424,GBR,SEN,880390
3589538,88,191,9631,2006,0.0,8493.0,-1.528471,-0.926991,GNB,SEN,880390
3589539,136,191,9631,2006,0.0,2499.0,-1.024657,-0.393395,MDG,SEN,880390
3589540,141,191,9631,2006,0.0,5549.0,-0.503462,-0.778836,MLI,SEN,880390
3589541,148,191,9631,2006,0.0,5074.0,-1.72422,-1.2414399999999999,MRT,SEN,880390
3589542,162,191,9631,2006,29144.0,4844.0,1.192134,1.450852,NLD,SEN,880390
3589543,214,191,9631,2006,0.0,1407.0,-3.0579419999999997,-0.8926649999999999,TCD,SEN,880390
3589544,215,191,9631,2006,0.0,2055.0,-0.8304020000000001,-0.678178,TGO,SEN,880390
3589545,231,191,9631,2006,11071.0,0.0,1.666643,-0.121679,USA,SEN,880390
3589546,250,191,9631,2006,0.0,2636.0,0.711619,-0.41880200000000006,ANS,SEN,880390
3589547,7,226,9631,2006,111593.0,0.0,0.053903999999999994,-0.735124,ARE,TZA,880390
3589548,41,226,9631,2006,4771.0,1525.0,2.052534,0.515523,CHE,TZA,880390
3589549,43,226,9631,2006,9348.0,0.0,0.737888,2.54966,CHN,TZA,880390
3589550,59,226,9631,2006,3336.0,0.0,1.564058,0.6023649999999999,CZE,TZA,880390
3589551,64,226,9631,2006,4478.0,0.0,1.2308700000000001,1.180914,DNK,TZA,880390
3589552,71,226,9631,2006,1907.0,1810.0,0.9091370000000001,2.068166,ESP,TZA,880390
3589553,77,226,9631,2006,4097.0,0.0,1.47591,0.489466,FRA,TZA,880390
3589554,81,226,9631,2006,28394.0,3152.0,1.824154,0.614424,GBR,TZA,880390
3589555,111,226,9631,2006,13984.0,0.0,1.293779,0.93995,ITA,TZA,880390
3589556,116,226,9631,2006,1853.0,13036.0,-0.38287899999999997,1.060286,KEN,TZA,880390
3589557,152,226,9631,2006,0.0,10296.0,-1.145132,-1.0946209999999998,MWI,TZA,880390
3589558,162,226,9631,2006,46155.0,0.0,1.192134,1.450852,NLD,TZA,880390
3589559,227,226,9631,2006,0.0,2712.0,-0.702511,-0.43976099999999996,UGA,TZA,880390
3589560,231,226,9631,2006,4783.0,17105.0,1.666643,-0.121679,USA,TZA,880390
3589561,246,226,9631,2006,72832.0,1373669.0,0.37964499999999995,1.466326,ZAF,TZA,880390
3589562,7,227,9631,2006,67463.0,2640.0,0.053903999999999994,-0.735124,ARE,UGA,880390
3589563,22,227,9631,2006,0.0,1667.0,-1.0305309999999999,-0.80937,BGD,UGA,880390
3589564,39,227,9631,2006,34427.0,0.0,0.865685,1.1480489999999999,CAN,UGA,880390
3589565,47,227,9631,2006,4858.0,2438.0,-1.9903240000000002,-1.189925,COG,UGA,880390
3589566,59,227,9631,2006,128867.0,4213.0,1.564058,0.6023649999999999,CZE,UGA,880390
3589567,61,227,9631,2006,0.0,34151.0,2.132566,-2.773669,DEU,UGA,880390
3589568,71,227,9631,2006,0.0,1209.0,0.9091370000000001,2.068166,ESP,UGA,880390
3589569,81,227,9631,2006,250236.0,2918.0,1.824154,0.614424,GBR,UGA,880390
3589570,104,227,9631,2006,49839.0,0.0,0.285652,2.731318,IND,UGA,880390
3589571,110,227,9631,2006,155713.0,0.0,1.3082129999999998,0.783845,ISR,UGA,880390
3589572,116,227,9631,2006,293554.0,29663.0,-0.38287899999999997,1.060286,KEN,UGA,880390
3589573,162,227,9631,2006,37947.0,0.0,1.192134,1.450852,NLD,UGA,880390
3589574,206,227,9631,2006,2922.0,0.0,1.291583,0.868317,SVK,UGA,880390
3589575,226,227,9631,2006,2712.0,0.0,-0.953097,0.159129,TZA,UGA,880390
3589576,228,227,9631,2006,240837.0,11982.0,0.7008439999999999,0.79656,UKR,UGA,880390
3589577,231,227,9631,2006,3442.0,0.0,1.666643,-0.121679,USA,UGA,880390
3589578,246,227,9631,2006,88924.0,7236.0,0.37964499999999995,1.466326,ZAF,UGA,880390
3589579,14,239,9631,2006,0.0,5660.0,0.067166,0.373148,AUS,VNM,880390
3589580,61,239,9631,2006,11244.0,0.0,2.132566,-2.773669,DEU,VNM,880390
3589581,64,239,9631,2006,0.0,1108.0,1.2308700000000001,1.180914,DNK,VNM,880390
3589582,77,239,9631,2006,0.0,46681.0,1.47591,0.489466,FRA,VNM,880390
3589583,111,239,9631,2006,12914.0,0.0,1.293779,0.93995,ITA,VNM,880390
3589584,114,239,9631,2006,23259.0,0.0,2.4348099999999997,0.082887,JPN,VNM,880390
3589585,153,239,9631,2006,875099.0,0.0,0.7896569999999999,0.363625,MYS,VNM,880390
3589586,162,239,9631,2006,92363.0,0.0,1.192134,1.450852,NLD,VNM,880390
3589587,163,239,9631,2006,0.0,11451.0,1.0787930000000001,0.014051,NOR,VNM,880390
3589588,166,239,9631,2006,0.0,1314.0,0.5371,0.8240209999999999,NZL,VNM,880390
3589589,168,239,9631,2006,2704.0,0.0,-0.449333,0.563013,PAK,VNM,880390
3589590,186,239,9631,2006,196134.0,0.0,0.801197,0.104683,RUS,VNM,880390
3589591,192,239,9631,2006,42633.0,1998.0,1.5377379999999998,0.503089,SGP,VNM,880390
3589592,216,239,9631,2006,21124.0,0.0,0.568209,1.685343,THA,VNM,880390
3589593,228,239,9631,2006,971.0,0.0,0.7008439999999999,0.79656,UKR,VNM,880390
3589594,231,239,9631,2006,106744.0,4153.0,1.666643,-0.121679,USA,VNM,880390
3589595,249,239,9631,2006,0.0,353640.0,1.619915,1.2289940000000001,TWN,VNM,880390
3589596,208,247,9631,2006,13834.0,0.0,1.902737,0.593294,SWE,ZMB,880390
3589597,231,247,9631,2006,2686.0,0.0,1.666643,-0.121679,USA,ZMB,880390
3589598,246,247,9631,2006,50187.0,0.0,0.37964499999999995,1.466326,ZAF,ZMB,880390
3589599,77,248,9631,2006,1022.0,0.0,1.47591,0.489466,FRA,ZWE,880390
3589600,231,248,9631,2006,3713.0,3226983.0,1.666643,-0.121679,USA,ZWE,880390
3589601,246,248,9631,2006,142876.0,0.0,0.37964499999999995,1.466326,ZAF,ZWE,880390
3589602,15,26,9631,2006,7444.0,0.0,1.775669,0.192717,AUT,BIH,880390
3589603,111,26,9631,2006,8524.0,0.0,1.293779,0.93995,ITA,BIH,880390
3589604,231,26,9631,2006,4935.0,0.0,1.666643,-0.121679,USA,BIH,880390
3589605,231,29,9631,2006,28168.0,0.0,1.666643,-0.121679,USA,BLZ,880390
3589606,231,63,9631,2006,18183.0,0.0,1.666643,-0.121679,USA,DMA,880390
3589607,14,75,9631,2006,406407.0,4091.0,0.067166,0.373148,AUS,FJI,880390
3589608,39,75,9631,2006,12580.0,0.0,0.865685,1.1480489999999999,CAN,FJI,880390
3589609,43,75,9631,2006,20404.0,0.0,0.737888,2.54966,CHN,FJI,880390
3589610,81,75,9631,2006,11743.0,1673.0,1.824154,0.614424,GBR,FJI,880390
3589611,97,75,9631,2006,0.0,1238.0,0.5776319999999999,2.076782,HKG,FJI,880390
3589612,111,75,9631,2006,10237.0,0.0,1.293779,0.93995,ITA,FJI,880390
3589613,162,75,9631,2006,106141.0,0.0,1.192134,1.450852,NLD,FJI,880390
3589614,166,75,9631,2006,68181.0,6988.0,0.5371,0.8240209999999999,NZL,FJI,880390
3589615,225,75,9631,2006,0.0,20625.0,0.9635290000000001,-0.314963,TUV,FJI,880390
3589616,231,75,9631,2006,6831.0,2000.0,1.666643,-0.121679,USA,FJI,880390
3589617,231,84,9631,2006,3500.0,0.0,1.666643,-0.121679,USA,GIB,880390
3589618,231,213,9631,2006,15170.0,0.0,1.666643,-0.121679,USA,TCA,880390
3589619,231,234,9631,2006,9368.0,881.0,1.666643,-0.121679,USA,VCT,880390
3589620,231,237,9631,2006,97545.0,0.0,1.666643,-0.121679,USA,VGB,880390
3589621,231,125,9631,2006,140000.0,0.0,1.666643,-0.121679,USA,LBR,880390
3589622,246,125,9631,2006,0.0,4744.0,0.37964499999999995,1.466326,ZAF,LBR,880390
3589623,64,135,9631,2006,1404.0,0.0,1.2308700000000001,1.180914,DNK,MDA,880390
3589624,77,140,9631,2006,17698.0,0.0,1.47591,0.489466,FRA,MKD,880390
3589625,110,140,9631,2006,1243232.0,0.0,1.3082129999999998,0.783845,ISR,MKD,880390
3589626,111,140,9631,2006,0.0,2204.0,1.293779,0.93995,ITA,MKD,880390
3589627,163,140,9631,2006,6095.0,0.0,1.0787930000000001,0.014051,NOR,MKD,880390
3589628,64,144,9631,2006,739.0,0.0,1.2308700000000001,1.180914,DNK,MNE,880390
3589629,126,144,9631,2006,0.0,58708.0,-0.518724,-1.142074,LBY,MNE,880390
3589630,162,144,9631,2006,11001.0,0.0,1.192134,1.450852,NLD,MNE,880390
3589631,77,209,9631,2006,21341.0,0.0,1.47591,0.489466,FRA,SWZ,880390
3589632,110,209,9631,2006,81004.0,0.0,1.3082129999999998,0.783845,ISR,SWZ,880390
3589633,147,209,9631,2006,0.0,5153.0,-1.0250629999999998,-1.067359,MOZ,SWZ,880390
3589634,216,209,9631,2006,10998.0,0.0,0.568209,1.685343,THA,SWZ,880390
3589635,59,219,9631,2006,110118.0,0.0,1.564058,0.6023649999999999,CZE,TKM,880390
3589636,82,219,9631,2006,1323504.0,0.0,0.076711,-0.47216099999999994,GEO,TKM,880390
3589637,228,219,9631,2006,146973.0,0.0,0.7008439999999999,0.79656,UKR,TKM,880390
3589638,231,219,9631,2006,9739.0,0.0,1.666643,-0.121679,USA,TKM,880390
3589639,61,232,9631,2006,8062.0,0.0,2.132566,-2.773669,DEU,UZB,880390
3589640,231,232,9631,2006,4537.0,0.0,1.666643,-0.121679,USA,UZB,880390
3589641,18,73,9631,2006,24685.0,0.0,1.2222540000000002,1.383027,BEL,ETH,880390
3589642,61,73,9631,2006,441352.0,0.0,2.132566,-2.773669,DEU,ETH,880390
3589643,77,73,9631,2006,2135.0,0.0,1.47591,0.489466,FRA,ETH,880390
3589644,102,73,9631,2006,259568.0,0.0,1.4034309999999999,0.835144,HUN,ETH,880390
3589645,116,73,9631,2006,0.0,2468.0,-0.38287899999999997,1.060286,KEN,ETH,880390
3589646,162,73,9631,2006,25364.0,789.0,1.192134,1.450852,NLD,ETH,880390
3589647,186,73,9631,2006,16439.0,0.0,0.801197,0.104683,RUS,ETH,880390
3589648,190,73,9631,2006,0.0,6018.0,-1.873762,-1.278378,SDN,ETH,880390
3589649,231,73,9631,2006,59027.0,0.0,1.666643,-0.121679,USA,ETH,880390
3589650,222,127,9631,2006,1931.0,0.0,-0.20651399999999998,-1.024907,TTO,LCA,880390
3589651,231,127,9631,2006,2106.0,0.0,1.666643,-0.121679,USA,LCA,880390
3589652,18,187,9631,2006,6483.0,0.0,1.2222540000000002,1.383027,BEL,RWA,880390
3589653,81,187,9631,2006,1421.0,0.0,1.824154,0.614424,GBR,RWA,880390
3589654,110,187,9631,2006,7477.0,0.0,1.3082129999999998,0.783845,ISR,RWA,880390
3589655,116,187,9631,2006,0.0,1382.0,-0.38287899999999997,1.060286,KEN,RWA,880390
3589656,186,187,9631,2006,6829.0,0.0,0.801197,0.104683,RUS,RWA,880390
3589657,228,187,9631,2006,11094.0,0.0,0.7008439999999999,0.79656,UKR,RWA,880390
3589658,231,187,9631,2006,1744.0,0.0,1.666643,-0.121679,USA,RWA,880390
3589659,6,0,9631,2006,0.0,6182.0,0.251825,-0.629035,ANT,ABW,880390
3589660,231,0,9631,2006,6450.0,0.0,1.666643,-0.121679,USA,ABW,880390
3589661,231,3,9631,2006,1259.0,0.0,1.666643,-0.121679,USA,AIA,880390
3589662,77,5,9631,2006,6929.0,3117.0,1.47591,0.489466,FRA,AND,880390
3589663,231,30,9631,2006,3170.0,0.0,1.666643,-0.121679,USA,BMU,880390
3589664,231,91,9631,2006,3201.0,0.0,1.666643,-0.121679,USA,GRD,880390
3589665,231,101,9631,2006,2166071.0,0.0,1.666643,-0.121679,USA,HTI,880390
3589666,77,141,9631,2006,20624.0,0.0,1.47591,0.489466,FRA,MLI,880390
3589667,191,141,9631,2006,5549.0,0.0,-0.364713,-0.183612,SEN,MLI,880390
3589668,231,141,9631,2006,1568.0,0.0,1.666643,-0.121679,USA,MLI,880390
3589669,77,152,9631,2006,0.0,55852.0,1.47591,0.489466,FRA,MWI,880390
3589670,163,152,9631,2006,1114.0,0.0,1.0787930000000001,0.014051,NOR,MWI,880390
3589671,226,152,9631,2006,10296.0,0.0,-0.953097,0.159129,TZA,MWI,880390
3589672,231,152,9631,2006,4943.0,0.0,1.666643,-0.121679,USA,MWI,880390
3589673,246,152,9631,2006,1704.0,0.0,0.37964499999999995,1.466326,ZAF,MWI,880390
3589674,77,240,9631,2006,7059.0,0.0,1.47591,0.489466,FRA,VUT,880390
3589675,231,240,9631,2006,7679.0,0.0,1.666643,-0.121679,USA,VUT,880390
3589676,6,250,9631,2006,189790.0,16038.0,0.251825,-0.629035,ANT,ANS,880390
3589677,42,250,9631,2006,0.0,1565.0,-0.188298,-0.46778000000000003,CHL,ANS,880390
3589678,51,250,9631,2006,5188.0,0.0,0.369814,-0.414812,CPV,ANS,880390
3589679,77,250,9631,2006,40114.0,9170895.0,1.47591,0.489466,FRA,ANS,880390
3589680,90,250,9631,2006,0.0,83521.0,0.261955,1.488958,GRC,ANS,880390
3589681,93,250,9631,2006,0.0,1581.0,-0.28642199999999995,0.5868439999999999,GTM,ANS,880390
3589682,106,250,9631,2006,0.0,114988.0,1.43804,0.06463200000000001,IRL,ANS,880390
3589683,110,250,9631,2006,5335000.0,0.0,1.3082129999999998,0.783845,ISR,ANS,880390
3589684,111,250,9631,2006,49694.0,0.0,1.293779,0.93995,ITA,ANS,880390
3589685,113,250,9631,2006,19556630.0,0.0,0.166718,0.331248,JOR,ANS,880390
3589686,147,250,9631,2006,14976.0,0.0,-1.0250629999999998,-1.067359,MOZ,ANS,880390
3589687,148,250,9631,2006,0.0,13467.0,-1.72422,-1.2414399999999999,MRT,ANS,880390
3589688,153,250,9631,2006,0.0,25914.0,0.7896569999999999,0.363625,MYS,ANS,880390
3589689,157,250,9631,2006,259667.0,0.0,-0.554188,-0.708255,NER,ANS,880390
3589690,162,250,9631,2006,0.0,549.0,1.192134,1.450852,NLD,ANS,880390
3589691,177,250,9631,2006,0.0,4321.0,0.991927,1.474418,POL,ANS,880390
3589692,183,250,9631,2006,111061.0,0.0,0.055777999999999994,-1.0379049999999999,QAT,ANS,880390
3589693,188,250,9631,2006,0.0,1173.0,0.162432,-0.853059,SAU,ANS,880390
3589694,191,250,9631,2006,2636.0,0.0,-0.364713,-0.183612,SEN,ANS,880390
3589695,206,250,9631,2006,0.0,242524.0,1.291583,0.868317,SVK,ANS,880390
3589696,207,250,9631,2006,0.0,1094.0,1.5882370000000001,0.800719,SVN,ANS,880390
3589697,241,250,9631,2006,0.0,4183.0,1.609916,-0.311544,WLF,ANS,880390
3589698,243,250,9631,2006,0.0,49318.0,-1.0407110000000002,-1.13042,YEM,ANS,880390
3589699,246,250,9631,2006,1863.0,0.0,0.37964499999999995,1.466326,ZAF,ANS,880390
3589700,18,1,9631,2006,7408.0,0.0,1.2222540000000002,1.383027,BEL,AFG,880390
3589701,77,1,9631,2006,182024.0,0.0,1.47591,0.489466,FRA,AFG,880390
3589702,231,1,9631,2006,4184669.0,0.0,1.666643,-0.121679,USA,AFG,880390
3589703,41,2,9631,2006,13027.0,0.0,2.052534,0.515523,CHE,AGO,880390
3589704,77,2,9631,2006,2511.0,0.0,1.47591,0.489466,FRA,AGO,880390
3589705,104,2,9631,2006,1355.0,0.0,0.285652,2.731318,IND,AGO,880390
3589706,116,2,9631,2006,12323.0,0.0,-0.38287899999999997,1.060286,KEN,AGO,880390
3589707,162,2,9631,2006,336700.0,0.0,1.192134,1.450852,NLD,AGO,880390
3589708,163,2,9631,2006,7668.0,0.0,1.0787930000000001,0.014051,NOR,AGO,880390
3589709,231,2,9631,2006,3132330.0,0.0,1.666643,-0.121679,USA,AGO,880390
3589710,246,2,9631,2006,3002.0,0.0,0.37964499999999995,1.466326,ZAF,AGO,880390
3589711,18,4,9631,2006,878.0,0.0,1.2222540000000002,1.383027,BEL,ALB,880390
3589712,100,4,9631,2006,0.0,6011.0,0.755787,0.992614,HRV,ALB,880390
3589713,111,4,9631,2006,1491.0,0.0,1.293779,0.93995,ITA,ALB,880390
3589714,162,4,9631,2006,53221.0,0.0,1.192134,1.450852,NLD,ALB,880390
3589715,231,4,9631,2006,35611.0,0.0,1.666643,-0.121679,USA,ALB,880390
3589716,61,9,9631,2006,0.0,35777.0,2.132566,-2.773669,DEU,ARM,880390
3589717,77,19,9631,2006,2470160.0,0.0,1.47591,0.489466,FRA,BEN,880390
3589718,18,34,9631,2006,5396.0,0.0,1.2222540000000002,1.383027,BEL,BRN,880390
3589719,81,34,9631,2006,339250.0,0.0,1.824154,0.614424,GBR,BRN,880390
3589720,121,34,9631,2006,3417.0,0.0,1.5384309999999999,0.766628,KOR,BRN,880390
3589721,153,34,9631,2006,6608.0,0.0,0.7896569999999999,0.363625,MYS,BRN,880390
3589722,162,34,9631,2006,7626.0,0.0,1.192134,1.450852,NLD,BRN,880390
3589723,192,34,9631,2006,52182.0,0.0,1.5377379999999998,0.503089,SGP,BRN,880390
3589724,216,34,9631,2006,9874.0,0.0,0.568209,1.685343,THA,BRN,880390
3589725,231,34,9631,2006,8599.0,0.0,1.666643,-0.121679,USA,BRN,880390
3589726,77,62,9631,2006,3766.0,0.0,1.47591,0.489466,FRA,DJI,880390
3589727,18,85,9631,2006,0.0,21924.0,1.2222540000000002,1.383027,BEL,GIN,880390
3589728,44,85,9631,2006,3278.0,0.0,-0.8918530000000001,-0.8145819999999999,CIV,GIN,880390
3589729,77,85,9631,2006,3336.0,0.0,1.47591,0.489466,FRA,GIN,880390
3589730,81,85,9631,2006,4256.0,0.0,1.824154,0.614424,GBR,GIN,880390
3589731,162,85,9631,2006,0.0,1270.0,1.192134,1.450852,NLD,GIN,880390
3589732,231,85,9631,2006,12874.0,0.0,1.666643,-0.121679,USA,GIN,880390
3589733,246,85,9631,2006,2663.0,0.0,0.37964499999999995,1.466326,ZAF,GIN,880390
3589734,77,87,9631,2006,6211.0,0.0,1.47591,0.489466,FRA,GMB,880390
3589735,111,108,9631,2006,5038.0,0.0,1.293779,0.93995,ITA,IRQ,880390
3589736,113,108,9631,2006,73517.0,0.0,0.166718,0.331248,JOR,IRQ,880390
3589737,231,108,9631,2006,3647739.0,0.0,1.666643,-0.121679,USA,IRQ,880390
3589738,18,109,9631,2006,5566.0,0.0,1.2222540000000002,1.383027,BEL,ISL,880390
3589739,39,109,9631,2006,46947.0,190384.0,0.865685,1.1480489999999999,CAN,ISL,880390
3589740,41,109,9631,2006,0.0,14602.0,2.052534,0.515523,CHE,ISL,880390
3589741,61,109,9631,2006,14150.0,85687.0,2.132566,-2.773669,DEU,ISL,880390
3589742,64,109,9631,2006,32473.0,39757.0,1.2308700000000001,1.180914,DNK,ISL,880390
3589743,71,109,9631,2006,958.0,89816.0,0.9091370000000001,2.068166,ESP,ISL,880390
3589744,77,109,9631,2006,66157.0,0.0,1.47591,0.489466,FRA,ISL,880390
3589745,81,109,9631,2006,3089.0,0.0,1.824154,0.614424,GBR,ISL,880390
3589746,110,109,9631,2006,1036.0,0.0,1.3082129999999998,0.783845,ISR,ISL,880390
3589747,111,109,9631,2006,1026.0,0.0,1.293779,0.93995,ITA,ISL,880390
3589748,162,109,9631,2006,1152.0,1219.0,1.192134,1.450852,NLD,ISL,880390
3589749,163,109,9631,2006,2300.0,16922.0,1.0787930000000001,0.014051,NOR,ISL,880390
3589750,177,109,9631,2006,0.0,302254.0,0.991927,1.474418,POL,ISL,880390
3589751,208,109,9631,2006,3803.0,0.0,1.902737,0.593294,SWE,ISL,880390
3589752,228,109,9631,2006,1394.0,0.0,0.7008439999999999,0.79656,UKR,ISL,880390
3589753,231,109,9631,2006,132270.0,148027.0,1.666643,-0.121679,USA,ISL,880390
3589754,18,126,9631,2006,2925.0,0.0,1.2222540000000002,1.383027,BEL,LBY,880390
3589755,41,126,9631,2006,35180.0,0.0,2.052534,0.515523,CHE,LBY,880390
3589756,59,126,9631,2006,3933.0,0.0,1.564058,0.6023649999999999,CZE,LBY,880390
3589757,111,126,9631,2006,1049.0,0.0,1.293779,0.93995,ITA,LBY,880390
3589758,144,126,9631,2006,58708.0,0.0,0.130773,-0.24674699999999997,MNE,LBY,880390
3589759,162,126,9631,2006,306547.0,0.0,1.192134,1.450852,NLD,LBY,880390
3589760,201,126,9631,2006,67507.0,0.0,0.547824,1.5588879999999998,SRB,LBY,880390
3589761,18,133,9631,2006,3528.0,0.0,1.2222540000000002,1.383027,BEL,MAC,880390
3589762,24,133,9631,2006,0.0,5614.0,0.172724,-0.9449879999999999,BHR,MAC,880390
3589763,77,133,9631,2006,3535.0,0.0,1.47591,0.489466,FRA,MAC,880390
3589764,81,133,9631,2006,922.0,0.0,1.824154,0.614424,GBR,MAC,880390
3589765,153,133,9631,2006,0.0,156728.0,0.7896569999999999,0.363625,MYS,MAC,880390
3589766,231,133,9631,2006,134685.0,0.0,1.666643,-0.121679,USA,MAC,880390
3589767,249,133,9631,2006,0.0,4355.0,1.619915,1.2289940000000001,TWN,MAC,880390
3589768,192,137,9631,2006,19996.0,0.0,1.5377379999999998,0.503089,SGP,MDV,880390
3589769,231,137,9631,2006,3822.0,0.0,1.666643,-0.121679,USA,MDV,880390
3589770,14,145,9631,2006,1200.0,1018.0,0.067166,0.373148,AUS,MNG,880390
3589771,43,145,9631,2006,0.0,5090.0,0.737888,2.54966,CHN,MNG,880390
3589772,121,145,9631,2006,2190.0,0.0,1.5384309999999999,0.766628,KOR,MNG,880390
3589773,166,145,9631,2006,5676.0,0.0,0.5371,0.8240209999999999,NZL,MNG,880390
3589774,192,145,9631,2006,5252.0,0.0,1.5377379999999998,0.503089,SGP,MNG,880390
3589775,231,145,9631,2006,25296.0,0.0,1.666643,-0.121679,USA,MNG,880390
3589776,77,154,9631,2006,3552.0,0.0,1.47591,0.489466,FRA,MYT,880390
3589777,14,156,9631,2006,29845.0,55763.0,0.067166,0.373148,AUS,NCL,880390
3589778,61,156,9631,2006,1826.0,0.0,2.132566,-2.773669,DEU,NCL,880390
3589779,64,156,9631,2006,998.0,0.0,1.2308700000000001,1.180914,DNK,NCL,880390
3589780,77,156,9631,2006,26113.0,1494453.0,1.47591,0.489466,FRA,NCL,880390
3589781,166,156,9631,2006,5295.0,2372.0,0.5371,0.8240209999999999,NZL,NCL,880390
3589782,174,156,9631,2006,78845.0,0.0,0.161994,0.036631,PHL,NCL,880390
3589783,192,156,9631,2006,3561.0,6420.0,1.5377379999999998,0.503089,SGP,NCL,880390
3589784,231,156,9631,2006,36597.0,1633.0,1.666643,-0.121679,USA,NCL,880390
3589785,241,156,9631,2006,0.0,7999.0,1.609916,-0.311544,WLF,NCL,880390
3589786,77,157,9631,2006,22810.0,251147.0,1.47591,0.489466,FRA,NER,880390
3589787,81,157,9631,2006,31960.0,0.0,1.824154,0.614424,GBR,NER,880390
3589788,250,157,9631,2006,0.0,259667.0,0.711619,-0.41880200000000006,ANS,NER,880390
3589789,14,182,9631,2006,3518.0,0.0,0.067166,0.373148,AUS,PYF,880390
3589790,61,182,9631,2006,24175.0,0.0,2.132566,-2.773669,DEU,PYF,880390
3589791,77,182,9631,2006,2402868.0,0.0,1.47591,0.489466,FRA,PYF,880390
3589792,166,182,9631,2006,9491.0,0.0,0.5371,0.8240209999999999,NZL,PYF,880390
3589793,231,182,9631,2006,47500.0,0.0,1.666643,-0.121679,USA,PYF,880390
3589794,7,190,9631,2006,105035.0,0.0,0.053903999999999994,-0.735124,ARE,SDN,880390
3589795,14,190,9631,2006,1534273.0,0.0,0.067166,0.373148,AUS,SDN,880390
3589796,15,190,9631,2006,107098.0,0.0,1.775669,0.192717,AUT,SDN,880390
3589797,18,190,9631,2006,14693.0,0.0,1.2222540000000002,1.383027,BEL,SDN,880390
3589798,22,190,9631,2006,0.0,181398.0,-1.0305309999999999,-0.80937,BGD,SDN,880390
3589799,23,190,9631,2006,3280.0,0.0,0.414563,1.378005,BGR,SDN,880390
3589800,41,190,9631,2006,12411.0,24010.0,2.052534,0.515523,CHE,SDN,880390
3589801,59,190,9631,2006,4710.0,0.0,1.564058,0.6023649999999999,CZE,SDN,880390
3589802,61,190,9631,2006,1047444.0,582998.0,2.132566,-2.773669,DEU,SDN,880390
3589803,64,190,9631,2006,3079.0,0.0,1.2308700000000001,1.180914,DNK,SDN,880390
3589804,73,190,9631,2006,6018.0,0.0,-0.9557180000000001,-0.9153479999999999,ETH,SDN,880390
3589805,74,190,9631,2006,1209.0,0.0,1.864038,0.8193940000000001,FIN,SDN,880390
3589806,77,190,9631,2006,2533.0,54804.0,1.47591,0.489466,FRA,SDN,880390
3589807,81,190,9631,2006,9591.0,0.0,1.824154,0.614424,GBR,SDN,880390
3589808,104,190,9631,2006,4153.0,0.0,0.285652,2.731318,IND,SDN,880390
3589809,116,190,9631,2006,22266.0,0.0,-0.38287899999999997,1.060286,KEN,SDN,880390
3589810,162,190,9631,2006,455849.0,9635.0,1.192134,1.450852,NLD,SDN,880390
3589811,186,190,9631,2006,22492.0,0.0,0.801197,0.104683,RUS,SDN,880390
3589812,188,190,9631,2006,9510.0,0.0,0.162432,-0.853059,SAU,SDN,880390
3589813,231,190,9631,2006,147967.0,0.0,1.666643,-0.121679,USA,SDN,880390
3589814,243,190,9631,2006,1862.0,0.0,-1.0407110000000002,-1.13042,YEM,SDN,880390
3589815,246,190,9631,2006,1536.0,0.0,0.37964499999999995,1.466326,ZAF,SDN,880390
3589816,14,211,9631,2006,874.0,0.0,0.067166,0.373148,AUS,SYC,880390
3589817,39,211,9631,2006,170464.0,0.0,0.865685,1.1480489999999999,CAN,SYC,880390
3589818,77,211,9631,2006,10651.0,1020.0,1.47591,0.489466,FRA,SYC,880390
3589819,81,211,9631,2006,105878.0,0.0,1.824154,0.614424,GBR,SYC,880390
3589820,162,211,9631,2006,0.0,14955.0,1.192134,1.450852,NLD,SYC,880390
3589821,192,211,9631,2006,6033.0,0.0,1.5377379999999998,0.503089,SGP,SYC,880390
3589822,231,211,9631,2006,26140.0,1910.0,1.666643,-0.121679,USA,SYC,880390
3589823,246,211,9631,2006,2052.0,0.0,0.37964499999999995,1.466326,ZAF,SYC,880390
3589824,64,214,9631,2006,1137.0,0.0,1.2308700000000001,1.180914,DNK,TCD,880390
3589825,77,214,9631,2006,18830.0,1122.0,1.47591,0.489466,FRA,TCD,880390
3589826,110,214,9631,2006,341000.0,0.0,1.3082129999999998,0.783845,ISR,TCD,880390
3589827,162,214,9631,2006,52766.0,0.0,1.192134,1.450852,NLD,TCD,880390
3589828,191,214,9631,2006,1407.0,0.0,-0.364713,-0.183612,SEN,TCD,880390
3589829,231,214,9631,2006,13670.0,0.0,1.666643,-0.121679,USA,TCD,880390
3589830,41,21,9631,2006,2046.0,0.0,2.052534,0.515523,CHE,BFA,880390
3589831,77,21,9631,2006,3766.0,0.0,1.47591,0.489466,FRA,BFA,880390
3589832,18,46,9631,2006,240141.0,0.0,1.2222540000000002,1.383027,BEL,COD,880390
3589833,231,46,9631,2006,83143.0,0.0,1.666643,-0.121679,USA,COD,880390
3589834,246,46,9631,2006,135267.0,0.0,0.37964499999999995,1.466326,ZAF,COD,880390
3589835,64,47,9631,2006,16266.0,0.0,1.2308700000000001,1.180914,DNK,COG,880390
3589836,77,47,9631,2006,148130.0,0.0,1.47591,0.489466,FRA,COG,880390
3589837,131,47,9631,2006,8063.0,0.0,1.4345620000000001,0.8840819999999999,LUX,COG,880390
3589838,191,47,9631,2006,12930.0,0.0,-0.364713,-0.183612,SEN,COG,880390
3589839,227,47,9631,2006,2438.0,4858.0,-0.702511,-0.43976099999999996,UGA,COG,880390
3589840,231,47,9631,2006,36918.0,0.0,1.666643,-0.121679,USA,COG,880390
3589841,246,47,9631,2006,14657.0,0.0,0.37964499999999995,1.466326,ZAF,COG,880390
3589842,59,51,9631,2006,0.0,2243.0,1.564058,0.6023649999999999,CZE,CPV,880390
3589843,61,51,9631,2006,18425.0,4696.0,2.132566,-2.773669,DEU,CPV,880390
3589844,64,51,9631,2006,1089.0,0.0,1.2308700000000001,1.180914,DNK,CPV,880390
3589845,77,51,9631,2006,2077.0,0.0,1.47591,0.489466,FRA,CPV,880390
3589846,81,51,9631,2006,63914.0,760.0,1.824154,0.614424,GBR,CPV,880390
3589847,179,51,9631,2006,8852.0,0.0,0.5723630000000001,1.92303,PRT,CPV,880390
3589848,191,51,9631,2006,108620.0,0.0,-0.364713,-0.183612,SEN,CPV,880390
3589849,231,51,9631,2006,67866.0,2874.0,1.666643,-0.121679,USA,CPV,880390
3589850,250,51,9631,2006,0.0,5188.0,0.711619,-0.41880200000000006,ANS,CPV,880390
3589851,64,78,9631,2006,0.0,16574.0,1.2308700000000001,1.180914,DNK,FRO,880390
3589852,163,78,9631,2006,1476.0,0.0,1.0787930000000001,0.014051,NOR,FRO,880390
3589853,231,78,9631,2006,2966.0,0.0,1.666643,-0.121679,USA,FRO,880390
3589854,191,88,9631,2006,8493.0,0.0,-0.364713,-0.183612,SEN,GNB,880390
3589855,162,89,9631,2006,233680.0,0.0,1.192134,1.450852,NLD,GNQ,880390
3589856,179,89,9631,2006,8502.0,0.0,0.5723630000000001,1.92303,PRT,GNQ,880390
3589857,231,89,9631,2006,8304.0,0.0,1.666643,-0.121679,USA,GNQ,880390
3589858,64,92,9631,2006,15268.0,514594.0,1.2308700000000001,1.180914,DNK,GRL,880390
3589859,71,92,9631,2006,115.0,0.0,0.9091370000000001,2.068166,ESP,GRL,880390
3589860,77,92,9631,2006,7499.0,0.0,1.47591,0.489466,FRA,GRL,880390
3589861,162,92,9631,2006,15018.0,0.0,1.192134,1.450852,NLD,GRL,880390
3589862,43,143,9631,2006,1085.0,0.0,0.737888,2.54966,CHN,MMR,880390
3589863,77,143,9631,2006,5021.0,0.0,1.47591,0.489466,FRA,MMR,880390
3589864,104,143,9631,2006,2994.0,0.0,0.285652,2.731318,IND,MMR,880390
3589865,153,143,9631,2006,14030.0,0.0,0.7896569999999999,0.363625,MYS,MMR,880390
3589866,162,143,9631,2006,51510.0,0.0,1.192134,1.450852,NLD,MMR,880390
3589867,192,143,9631,2006,14400.0,14507.0,1.5377379999999998,0.503089,SGP,MMR,880390
3589868,216,143,9631,2006,45759.0,0.0,0.568209,1.685343,THA,MMR,880390
3589869,231,196,9631,2006,31229.0,0.0,1.666643,-0.121679,USA,SLE,880390
3589870,77,215,9631,2006,13809.0,0.0,1.47591,0.489466,FRA,TGO,880390
3589871,191,215,9631,2006,2055.0,0.0,-0.364713,-0.183612,SEN,TGO,880390
3589872,231,215,9631,2006,8000.0,0.0,1.666643,-0.121679,USA,TGO,880390
3589873,111,217,9631,2006,10371.0,0.0,1.293779,0.93995,ITA,TJK,880390
3589874,166,221,9631,2006,2151.0,0.0,0.5371,0.8240209999999999,NZL,TON,880390
3589875,166,48,9631,2006,3626.0,0.0,0.5371,0.8240209999999999,NZL,COK,880390
3589876,162,57,9631,2006,10051.0,0.0,1.192134,1.450852,NLD,CYM,880390
3589877,231,57,9631,2006,9613.0,0.0,1.666643,-0.121679,USA,CYM,880390
3589878,231,69,9631,2006,48500.0,0.0,1.666643,-0.121679,USA,ERI,880390
3589879,231,79,9631,2006,7153.0,0.0,1.666643,-0.121679,USA,FSM,880390
3589880,121,95,9631,2006,13738.0,0.0,1.5384309999999999,0.766628,KOR,GUM,880390
3589881,174,95,9631,2006,51755.0,0.0,0.161994,0.036631,PHL,GUM,880390
3589882,166,119,9631,2006,1711.0,0.0,0.5371,0.8240209999999999,NZL,KIR,880390
3589883,231,123,9631,2006,25119.0,0.0,1.666643,-0.121679,USA,LAO,880390
3589884,231,139,9631,2006,17539.0,0.0,1.666643,-0.121679,USA,MHL,880390
3589885,61,164,9631,2006,0.0,1705.0,2.132566,-2.773669,DEU,NPL,880390
3589886,64,164,9631,2006,1335.0,0.0,1.2308700000000001,1.180914,DNK,NPL,880390
3589887,104,164,9631,2006,2415.0,0.0,0.285652,2.731318,IND,NPL,880390
3589888,110,164,9631,2006,308000.0,0.0,1.3082129999999998,0.783845,ISR,NPL,880390
3589889,162,164,9631,2006,69099.0,0.0,1.192134,1.450852,NLD,NPL,880390
3589890,231,164,9631,2006,20750.0,0.0,1.666643,-0.121679,USA,NPL,880390
3589891,77,176,9631,2006,8787.0,0.0,1.47591,0.489466,FRA,PNG,880390
3589892,162,176,9631,2006,48997.0,0.0,1.192134,1.450852,NLD,PNG,880390
3589893,166,176,9631,2006,28029.0,0.0,0.5371,0.8240209999999999,NZL,PNG,880390
3589894,174,176,9631,2006,53598.0,0.0,0.161994,0.036631,PHL,PNG,880390
3589895,231,176,9631,2006,75573.0,0.0,1.666643,-0.121679,USA,PNG,880390
3589896,77,194,9631,2006,25107.0,0.0,1.47591,0.489466,FRA,SHN,880390
3589897,75,225,9631,2006,20625.0,0.0,-0.6554949999999999,-0.098284,FJI,TUV,880390
3589898,174,229,9631,2006,9581.0,0.0,0.161994,0.036631,PHL,UMI,880390
3589899,77,241,9631,2006,1355.0,0.0,1.47591,0.489466,FRA,WLF,880390
3589900,156,241,9631,2006,7999.0,0.0,-0.135099,-0.7618779999999999,NCL,WLF,880390
3589901,166,241,9631,2006,2894.0,0.0,0.5371,0.8240209999999999,NZL,WLF,880390
3589902,231,241,9631,2006,91003.0,0.0,1.666643,-0.121679,USA,WLF,880390
3589903,250,241,9631,2006,4183.0,0.0,0.711619,-0.41880200000000006,ANS,WLF,880390
3589904,77,35,9631,2006,4653.0,0.0,1.47591,0.489466,FRA,BTN,880390
3589905,216,35,9631,2006,14445.0,0.0,0.568209,1.685343,THA,BTN,880390
3589906,77,38,9631,2006,5539.0,0.0,1.47591,0.489466,FRA,CAF,880390
3589907,162,38,9631,2006,0.0,921.0,1.192134,1.450852,NLD,CAF,880390
3589908,191,38,9631,2006,10902.0,0.0,-0.364713,-0.183612,SEN,CAF,880390
3589909,121,218,9631,2006,409982.0,0.0,1.5384309999999999,0.766628,KOR,TKL,880390
3589910,162,218,9631,2006,1256.0,0.0,1.192134,1.450852,NLD,TKL,880390
3589911,77,200,9631,2006,6277.0,0.0,1.47591,0.489466,FRA,SPM,880390
3589912,0,6,9639,2006,49177.0,0.0,0.15112799999999998,-0.752631,ABW,ANT,890200
3589913,5,6,9639,2006,698521.0,0.0,1.03128,0.402281,AND,ANT,890200
3589914,43,6,9639,2006,8894034.0,0.0,0.737888,2.54966,CHN,ANT,890200
3589915,71,6,9639,2006,25446648.0,0.0,0.9091370000000001,2.068166,ESP,ANT,890200
3589916,162,6,9639,2006,803668.0,0.0,1.192134,1.450852,NLD,ANT,890200
3589917,231,6,9639,2006,118653.0,0.0,1.666643,-0.121679,USA,ANT,890200
3589918,71,8,9639,2006,2223506.0,0.0,0.9091370000000001,2.068166,ESP,ARG,890200
3589919,114,8,9639,2006,3318776.0,0.0,2.4348099999999997,0.082887,JPN,ARG,890200
3589920,163,8,9639,2006,0.0,4239132.0,1.0787930000000001,0.014051,NOR,ARG,890200
3589921,169,8,9639,2006,0.0,1826571.0,0.306664,0.638533,PAN,ARG,890200
3589922,246,8,9639,2006,1691103.0,0.0,0.37964499999999995,1.466326,ZAF,ARG,890200
3589923,77,13,9639,2006,0.0,42664.0,1.47591,0.489466,FRA,ATG,890200
3589924,120,13,9639,2006,0.0,19685.0,0.896119,-0.309349,KNA,ATG,890200
3589925,231,13,9639,2006,11110.0,0.0,1.666643,-0.121679,USA,ATG,890200
3589926,234,13,9639,2006,4743.0,0.0,-0.6097060000000001,-0.8844770000000001,VCT,ATG,890200
3589927,77,18,9639,2006,30814.0,0.0,1.47591,0.489466,FRA,BEL,890200
3589928,90,18,9639,2006,0.0,4960.0,0.261955,1.488958,GRC,BEL,890200
3589929,159,18,9639,2006,0.0,36791.0,-2.094353,-1.215025,NGA,BEL,890200
3589930,162,18,9639,2006,1737640.0,0.0,1.192134,1.450852,NLD,BEL,890200
3589931,177,18,9639,2006,212102.0,0.0,0.991927,1.474418,POL,BEL,890200
3589932,49,25,9639,2006,21348.0,0.0,0.129887,0.44371700000000003,COL,BHS,890200
3589933,231,25,9639,2006,912048.0,0.0,1.666643,-0.121679,USA,BHS,890200
3589934,231,32,9639,2006,58481.0,0.0,1.666643,-0.121679,USA,BRA,890200
3589935,81,33,9639,2006,2589.0,0.0,1.824154,0.614424,GBR,BRB,890200
3589936,91,33,9639,2006,5192.0,37149.0,0.19208599999999998,-0.40781,GRD,BRB,890200
3589937,222,33,9639,2006,7943.0,0.0,-0.20651399999999998,-1.024907,TTO,BRB,890200
3589938,231,33,9639,2006,24979.0,0.0,1.666643,-0.121679,USA,BRB,890200
3589939,234,33,9639,2006,3546.0,0.0,-0.6097060000000001,-0.8844770000000001,VCT,BRB,890200
3589940,14,39,9639,2006,13749.0,0.0,0.067166,0.373148,AUS,CAN,890200
3589941,43,39,9639,2006,1435.0,0.0,0.737888,2.54966,CHN,CAN,890200
3589942,49,39,9639,2006,0.0,123673.0,0.129887,0.44371700000000003,COL,CAN,890200
3589943,64,39,9639,2006,8521.0,0.0,1.2308700000000001,1.180914,DNK,CAN,890200
3589944,71,39,9639,2006,0.0,4732.0,0.9091370000000001,2.068166,ESP,CAN,890200
3589945,78,39,9639,2006,1611072.0,259033.0,-0.117631,-0.69352,FRO,CAN,890200
3589946,82,39,9639,2006,1733.0,0.0,0.076711,-0.47216099999999994,GEO,CAN,890200
3589947,100,39,9639,2006,0.0,768710.0,0.755787,0.992614,HRV,CAN,890200
3589948,106,39,9639,2006,0.0,35978.0,1.43804,0.06463200000000001,IRL,CAN,890200
3589949,130,39,9639,2006,1507519.0,747421.0,0.44063599999999997,1.163857,LTU,CAN,890200
3589950,138,39,9639,2006,0.0,31643.0,1.047268,0.7142270000000001,MEX,CAN,890200
3589951,162,39,9639,2006,0.0,170106.0,1.192134,1.450852,NLD,CAN,890200
3589952,163,39,9639,2006,0.0,367350.0,1.0787930000000001,0.014051,NOR,CAN,890200
3589953,186,39,9639,2006,0.0,12665789.0,0.801197,0.104683,RUS,CAN,890200
3589954,231,39,9639,2006,1043580.0,388004.0,1.666643,-0.121679,USA,CAN,890200
3589955,61,41,9639,2006,16705.0,0.0,2.132566,-2.773669,DEU,CHE,890200
3589956,66,41,9639,2006,0.0,836590.0,-0.489962,-1.12456,DZA,CHE,890200
3589957,71,41,9639,2006,0.0,1078.0,0.9091370000000001,2.068166,ESP,CHE,890200
3589958,77,41,9639,2006,2462.0,9573.0,1.47591,0.489466,FRA,CHE,890200
3589959,111,41,9639,2006,67864.0,0.0,1.293779,0.93995,ITA,CHE,890200
3589960,64,42,9639,2006,18418.0,0.0,1.2308700000000001,1.180914,DNK,CHL,890200
3589961,71,42,9639,2006,8558468.0,0.0,0.9091370000000001,2.068166,ESP,CHL,890200
3589962,138,42,9639,2006,0.0,5773953.0,1.047268,0.7142270000000001,MEX,CHL,890200
3589963,163,42,9639,2006,13113404.0,0.0,1.0787930000000001,0.014051,NOR,CHL,890200
3589964,4,43,9639,2006,0.0,10034.0,-0.340932,-0.06302200000000001,ALB,CHN,890200
3589965,6,43,9639,2006,0.0,8894034.0,0.251825,-0.629035,ANT,CHN,890200
3589966,7,43,9639,2006,0.0,85575.0,0.053903999999999994,-0.735124,ARE,CHN,890200
3589967,14,43,9639,2006,0.0,8705.0,0.067166,0.373148,AUS,CHN,890200
3589968,22,43,9639,2006,0.0,1286547.0,-1.0305309999999999,-0.80937,BGD,CHN,890200
3589969,39,43,9639,2006,0.0,1435.0,0.865685,1.1480489999999999,CAN,CHN,890200
3589970,49,43,9639,2006,0.0,31508.0,0.129887,0.44371700000000003,COL,CHN,890200
3589971,52,43,9639,2006,0.0,1674.0,0.042663,-0.376672,CRI,CHN,890200
3589972,61,43,9639,2006,5176412.0,0.0,2.132566,-2.773669,DEU,CHN,890200
3589973,68,43,9639,2006,0.0,110235.0,-0.182272,0.40222399999999997,EGY,CHN,890200
3589974,71,43,9639,2006,11255106.0,0.0,0.9091370000000001,2.068166,ESP,CHN,890200
3589975,75,43,9639,2006,0.0,543158.0,-0.6554949999999999,-0.098284,FJI,CHN,890200
3589976,77,43,9639,2006,2436.0,77681.0,1.47591,0.489466,FRA,CHN,890200
3589977,82,43,9639,2006,0.0,23716.0,0.076711,-0.47216099999999994,GEO,CHN,890200
3589978,97,43,9639,2006,0.0,584242.0,0.5776319999999999,2.076782,HKG,CHN,890200
3589979,103,43,9639,2006,0.0,5203782.0,-0.21012399999999998,1.467838,IDN,CHN,890200
3589980,114,43,9639,2006,1436075.0,316186.0,2.4348099999999997,0.082887,JPN,CHN,890200
3589981,121,43,9639,2006,1079233.0,227943.0,1.5384309999999999,0.766628,KOR,CHN,890200
3589982,143,43,9639,2006,0.0,625944.0,-1.543679,-1.145623,MMR,CHN,890200
3589983,148,43,9639,2006,0.0,2354346.0,-1.72422,-1.2414399999999999,MRT,CHN,890200
3589984,153,43,9639,2006,0.0,326766.0,0.7896569999999999,0.363625,MYS,CHN,890200
3589985,159,43,9639,2006,0.0,276202.0,-2.094353,-1.215025,NGA,CHN,890200
3589986,168,43,9639,2006,0.0,98977.0,-0.449333,0.563013,PAK,CHN,890200
3589987,178,43,9639,2006,0.0,12101.0,0.548754,0.763313,PRK,CHN,890200
3589988,186,43,9639,2006,6527388.0,3189456.0,0.801197,0.104683,RUS,CHN,890200
3589989,226,43,9639,2006,0.0,8114.0,-0.953097,0.159129,TZA,CHN,890200
3589990,243,43,9639,2006,0.0,306677.0,-1.0407110000000002,-1.13042,YEM,CHN,890200
3589991,249,43,9639,2006,2518295.0,0.0,1.619915,1.2289940000000001,TWN,CHN,890200
3589992,0,49,9639,2006,0.0,4078.0,0.15112799999999998,-0.752631,ABW,COL,890200
3589993,25,49,9639,2006,0.0,21348.0,0.673694,-0.519608,BHS,COL,890200
3589994,39,49,9639,2006,123673.0,0.0,0.865685,1.1480489999999999,CAN,COL,890200
3589995,43,49,9639,2006,31508.0,0.0,0.737888,2.54966,CHN,COL,890200
3589996,127,49,9639,2006,0.0,10231.0,1.118348,-0.17618,LCA,COL,890200
3589997,160,49,9639,2006,0.0,426709.0,-0.998825,-0.893867,NIC,COL,890200
3589998,169,49,9639,2006,0.0,84338.0,0.306664,0.638533,PAN,COL,890200
