7519999,71,49,6864,2006,14626.0,7860.0,0.9091370000000001,2.068166,ESP,COL,420310
7520000,74,49,6864,2006,0.0,992.0,1.864038,0.8193940000000001,FIN,COL,420310
7520001,81,49,6864,2006,163584.0,1547.0,1.824154,0.614424,GBR,COL,420310
7520002,90,49,6864,2006,0.0,3212.0,0.261955,1.488958,GRC,COL,420310
7520003,93,49,6864,2006,873.0,5010.0,-0.28642199999999995,0.5868439999999999,GTM,COL,420310
7520004,97,49,6864,2006,12808.0,0.0,0.5776319999999999,2.076782,HKG,COL,420310
7520005,102,49,6864,2006,2685.0,0.0,1.4034309999999999,0.835144,HUN,COL,420310
7520006,104,49,6864,2006,36716.0,0.0,0.285652,2.731318,IND,COL,420310
7520007,111,49,6864,2006,104295.0,0.0,1.293779,0.93995,ITA,COL,420310
7520008,114,49,6864,2006,0.0,6376.0,2.4348099999999997,0.082887,JPN,COL,420310
7520009,134,49,6864,2006,1466.0,0.0,-0.547933,0.08257300000000001,MAR,COL,420310
7520010,138,49,6864,2006,26285.0,200833.0,1.047268,0.7142270000000001,MEX,COL,420310
7520011,153,49,6864,2006,1098.0,0.0,0.7896569999999999,0.363625,MYS,COL,420310
7520012,168,49,6864,2006,39621.0,0.0,-0.449333,0.563013,PAK,COL,420310
7520013,169,49,6864,2006,2409.0,56262.0,0.306664,0.638533,PAN,COL,420310
7520014,173,49,6864,2006,0.0,1062.0,-0.551095,0.044295,PER,COL,420310
7520015,185,49,6864,2006,11653.0,0.0,0.550825,1.170744,ROU,COL,420310
7520016,197,49,6864,2006,0.0,2804.0,-0.135312,0.140874,SLV,COL,420310
7520017,216,49,6864,2006,1301.0,0.0,0.568209,1.685343,THA,COL,420310
7520018,224,49,6864,2006,93463.0,0.0,0.33971599999999996,2.193384,TUR,COL,420310
7520019,230,49,6864,2006,6962.0,0.0,0.234384,0.118878,URY,COL,420310
7520020,231,49,6864,2006,336568.0,152890.0,1.666643,-0.121679,USA,COL,420310
7520021,236,49,6864,2006,8782.0,882973.0,-0.340972,-1.015462,VEN,COL,420310
7520022,250,49,6864,2006,0.0,40726.0,0.711619,-0.41880200000000006,ANS,COL,420310
7520023,8,52,6864,2006,5582.0,0.0,0.33055,0.665867,ARG,CRI,420310
7520024,32,52,6864,2006,62008.0,0.0,0.633889,1.1474520000000001,BRA,CRI,420310
7520025,43,52,6864,2006,12792.0,0.0,0.737888,2.54966,CHN,CRI,420310
7520026,49,52,6864,2006,116030.0,0.0,0.129887,0.44371700000000003,COL,CRI,420310
7520027,67,52,6864,2006,15455.0,0.0,-0.878583,-0.9462010000000001,ECU,CRI,420310
7520028,71,52,6864,2006,18536.0,0.0,0.9091370000000001,2.068166,ESP,CRI,420310
7520029,104,52,6864,2006,11112.0,0.0,0.285652,2.731318,IND,CRI,420310
7520030,111,52,6864,2006,4315.0,9624.0,1.293779,0.93995,ITA,CRI,420310
7520031,112,52,6864,2006,0.0,2938.0,-0.5122720000000001,-0.9109809999999999,JAM,CRI,420310
7520032,138,52,6864,2006,11712.0,0.0,1.047268,0.7142270000000001,MEX,CRI,420310
7520033,168,52,6864,2006,4601.0,0.0,-0.449333,0.563013,PAK,CRI,420310
7520034,169,52,6864,2006,6873.0,7765.0,0.306664,0.638533,PAN,CRI,420310
7520035,224,52,6864,2006,1562.0,0.0,0.33971599999999996,2.193384,TUR,CRI,420310
7520036,231,52,6864,2006,318695.0,135458.0,1.666643,-0.121679,USA,CRI,420310
7520037,4,59,6864,2006,0.0,3225.0,-0.340932,-0.06302200000000001,ALB,CZE,420310
7520038,7,59,6864,2006,4777.0,0.0,0.053903999999999994,-0.735124,ARE,CZE,420310
7520039,8,59,6864,2006,0.0,2904.0,0.33055,0.665867,ARG,CZE,420310
7520040,9,59,6864,2006,0.0,1582.0,0.14539100000000002,-0.558014,ARM,CZE,420310
7520041,14,59,6864,2006,0.0,4569.0,0.067166,0.373148,AUS,CZE,420310
7520042,15,59,6864,2006,3448627.0,116239.0,1.775669,0.192717,AUT,CZE,420310
7520043,18,59,6864,2006,116468.0,17109.0,1.2222540000000002,1.383027,BEL,CZE,420310
7520044,23,59,6864,2006,5216.0,78470.0,0.414563,1.378005,BGR,CZE,420310
7520045,26,59,6864,2006,1140.0,0.0,0.40788800000000003,0.562854,BIH,CZE,420310
7520046,28,59,6864,2006,0.0,3305.0,0.919853,0.384409,BLR,CZE,420310
7520047,39,59,6864,2006,1132.0,26686.0,0.865685,1.1480489999999999,CAN,CZE,420310
7520048,41,59,6864,2006,64118.0,10999.0,2.052534,0.515523,CHE,CZE,420310
7520049,43,59,6864,2006,3368440.0,17556.0,0.737888,2.54966,CHN,CZE,420310
7520050,61,59,6864,2006,3012314.0,1778616.0,2.132566,-2.773669,DEU,CZE,420310
7520051,64,59,6864,2006,40102.0,0.0,1.2308700000000001,1.180914,DNK,CZE,420310
7520052,71,59,6864,2006,134997.0,16133.0,0.9091370000000001,2.068166,ESP,CZE,420310
7520053,72,59,6864,2006,0.0,2340.0,0.6426350000000001,0.925003,EST,CZE,420310
7520054,74,59,6864,2006,3383.0,2004.0,1.864038,0.8193940000000001,FIN,CZE,420310
7520055,77,59,6864,2006,372138.0,82200.0,1.47591,0.489466,FRA,CZE,420310
7520056,81,59,6864,2006,26444.0,4878.0,1.824154,0.614424,GBR,CZE,420310
7520057,90,59,6864,2006,53747.0,10537.0,0.261955,1.488958,GRC,CZE,420310
7520058,97,59,6864,2006,236904.0,0.0,0.5776319999999999,2.076782,HKG,CZE,420310
7520059,100,59,6864,2006,2331.0,10740.0,0.755787,0.992614,HRV,CZE,420310
7520060,102,59,6864,2006,230962.0,200155.0,1.4034309999999999,0.835144,HUN,CZE,420310
7520061,103,59,6864,2006,4060.0,0.0,-0.21012399999999998,1.467838,IDN,CZE,420310
7520062,104,59,6864,2006,683294.0,0.0,0.285652,2.731318,IND,CZE,420310
7520063,106,59,6864,2006,0.0,9558.0,1.43804,0.06463200000000001,IRL,CZE,420310
7520064,110,59,6864,2006,1003.0,0.0,1.3082129999999998,0.783845,ISR,CZE,420310
7520065,111,59,6864,2006,1256737.0,560030.0,1.293779,0.93995,ITA,CZE,420310
7520066,114,59,6864,2006,0.0,15172.0,2.4348099999999997,0.082887,JPN,CZE,420310
7520067,121,59,6864,2006,5817.0,15080.0,1.5384309999999999,0.766628,KOR,CZE,420310
7520068,124,59,6864,2006,0.0,6027.0,0.3861,1.586183,LBN,CZE,420310
7520069,128,59,6864,2006,1787.0,0.0,-0.573767,0.305913,LKA,CZE,420310
7520070,130,59,6864,2006,0.0,18478.0,0.44063599999999997,1.163857,LTU,CZE,420310
7520071,131,59,6864,2006,0.0,4894.0,1.4345620000000001,0.8840819999999999,LUX,CZE,420310
7520072,132,59,6864,2006,1046.0,0.0,0.531375,0.9414170000000001,LVA,CZE,420310
7520073,134,59,6864,2006,1247.0,0.0,-0.547933,0.08257300000000001,MAR,CZE,420310
7520074,138,59,6864,2006,3777.0,3305.0,1.047268,0.7142270000000001,MEX,CZE,420310
7520075,162,59,6864,2006,775066.0,38827.0,1.192134,1.450852,NLD,CZE,420310
7520076,163,59,6864,2006,0.0,3706.0,1.0787930000000001,0.014051,NOR,CZE,420310
7520077,168,59,6864,2006,786257.0,0.0,-0.449333,0.563013,PAK,CZE,420310
7520078,177,59,6864,2006,419722.0,616691.0,0.991927,1.474418,POL,CZE,420310
7520079,185,59,6864,2006,29310.0,308612.0,0.550825,1.170744,ROU,CZE,420310
7520080,186,59,6864,2006,0.0,138650.0,0.801197,0.104683,RUS,CZE,420310
7520081,201,59,6864,2006,0.0,10135.0,0.547824,1.5588879999999998,SRB,CZE,420310
7520082,206,59,6864,2006,1736478.0,5401608.0,1.291583,0.868317,SVK,CZE,420310
7520083,207,59,6864,2006,8285.0,0.0,1.5882370000000001,0.800719,SVN,CZE,420310
7520084,208,59,6864,2006,430153.0,31262.0,1.902737,0.593294,SWE,CZE,420310
7520085,223,59,6864,2006,18503.0,0.0,-0.013636,0.804752,TUN,CZE,420310
7520086,224,59,6864,2006,218985.0,5755.0,0.33971599999999996,2.193384,TUR,CZE,420310
7520087,228,59,6864,2006,4333.0,11417.0,0.7008439999999999,0.79656,UKR,CZE,420310
7520088,230,59,6864,2006,7173.0,0.0,0.234384,0.118878,URY,CZE,420310
7520089,231,59,6864,2006,186855.0,258928.0,1.666643,-0.121679,USA,CZE,420310
7520090,232,59,6864,2006,0.0,1320.0,-0.457759,-0.784626,UZB,CZE,420310
7520091,246,59,6864,2006,0.0,1030.0,0.37964499999999995,1.466326,ZAF,CZE,420310
7520092,249,59,6864,2006,0.0,1942.0,1.619915,1.2289940000000001,TWN,CZE,420310
7520093,250,59,6864,2006,24900.0,0.0,0.711619,-0.41880200000000006,ANS,CZE,420310
7520094,1,61,6864,2006,0.0,2018.0,-0.626011,-0.6799689999999999,AFG,DEU,420310
7520095,5,61,6864,2006,0.0,23075.0,1.03128,0.402281,AND,DEU,420310
7520096,6,61,6864,2006,0.0,1601.0,0.251825,-0.629035,ANT,DEU,420310
7520097,7,61,6864,2006,2622564.0,754025.0,0.053903999999999994,-0.735124,ARE,DEU,420310
7520098,8,61,6864,2006,6933.0,50421.0,0.33055,0.665867,ARG,DEU,420310
7520099,9,61,6864,2006,0.0,51529.0,0.14539100000000002,-0.558014,ARM,DEU,420310
7520100,14,61,6864,2006,9301.0,555676.0,0.067166,0.373148,AUS,DEU,420310
7520101,15,61,6864,2006,6918806.0,44472204.0,1.775669,0.192717,AUT,DEU,420310
7520102,16,61,6864,2006,0.0,579866.0,-0.521304,-1.035764,AZE,DEU,420310
7520103,18,61,6864,2006,954427.0,11839122.0,1.2222540000000002,1.383027,BEL,DEU,420310
7520104,22,61,6864,2006,24036.0,6085.0,-1.0305309999999999,-0.80937,BGD,DEU,420310
7520105,23,61,6864,2006,6986.0,610023.0,0.414563,1.378005,BGR,DEU,420310
7520106,24,61,6864,2006,0.0,6700.0,0.172724,-0.9449879999999999,BHR,DEU,420310
7520107,26,61,6864,2006,419150.0,163198.0,0.40788800000000003,0.562854,BIH,DEU,420310
7520108,28,61,6864,2006,0.0,258737.0,0.919853,0.384409,BLR,DEU,420310
7520109,30,61,6864,2006,0.0,7003.0,0.491259,-0.603062,BMU,DEU,420310
7520110,31,61,6864,2006,0.0,4338.0,-0.805185,-0.754091,BOL,DEU,420310
7520111,32,61,6864,2006,1478.0,8552.0,0.633889,1.1474520000000001,BRA,DEU,420310
7520112,38,61,6864,2006,0.0,6286.0,-0.768791,-0.822677,CAF,DEU,420310
7520113,39,61,6864,2006,12078.0,1893005.0,0.865685,1.1480489999999999,CAN,DEU,420310
7520114,41,61,6864,2006,5181367.0,20140774.0,2.052534,0.515523,CHE,DEU,420310
7520115,42,61,6864,2006,0.0,67956.0,-0.188298,-0.46778000000000003,CHL,DEU,420310
7520116,43,61,6864,2006,133417896.0,948033.0,0.737888,2.54966,CHN,DEU,420310
7520117,47,61,6864,2006,0.0,1013.0,-1.9903240000000002,-1.189925,COG,DEU,420310
7520118,49,61,6864,2006,4794.0,74780.0,0.129887,0.44371700000000003,COL,DEU,420310
7520119,54,61,6864,2006,0.0,4766.0,0.204039,-0.5183260000000001,CUB,DEU,420310
7520120,58,61,6864,2006,0.0,157537.0,0.708267,-0.048096,CYP,DEU,420310
7520121,59,61,6864,2006,1778616.0,3012314.0,1.564058,0.6023649999999999,CZE,DEU,420310
7520122,64,61,6864,2006,10135482.0,2642596.0,1.2308700000000001,1.180914,DNK,DEU,420310
7520123,65,61,6864,2006,0.0,815.0,-0.24073699999999998,0.049093,DOM,DEU,420310
7520124,66,61,6864,2006,0.0,1783.0,-0.489962,-1.12456,DZA,DEU,420310
7520125,67,61,6864,2006,5043.0,5375.0,-0.878583,-0.9462010000000001,ECU,DEU,420310
7520126,68,61,6864,2006,1792.0,179576.0,-0.182272,0.40222399999999997,EGY,DEU,420310
7520127,71,61,6864,2006,2002800.0,7753114.0,0.9091370000000001,2.068166,ESP,DEU,420310
7520128,72,61,6864,2006,6392.0,971360.0,0.6426350000000001,0.925003,EST,DEU,420310
7520129,73,61,6864,2006,0.0,1313.0,-0.9557180000000001,-0.9153479999999999,ETH,DEU,420310
7520130,74,61,6864,2006,527753.0,3996942.0,1.864038,0.8193940000000001,FIN,DEU,420310
7520131,77,61,6864,2006,14971889.0,22442162.0,1.47591,0.489466,FRA,DEU,420310
7520132,78,61,6864,2006,0.0,1504.0,-0.117631,-0.69352,FRO,DEU,420310
7520133,81,61,6864,2006,6969436.0,12061271.0,1.824154,0.614424,GBR,DEU,420310
7520134,82,61,6864,2006,0.0,89860.0,0.076711,-0.47216099999999994,GEO,DEU,420310
7520135,83,61,6864,2006,0.0,1809.0,-0.9934860000000001,-0.809318,GHA,DEU,420310
7520136,84,61,6864,2006,0.0,39015.0,0.8370120000000001,-0.35099400000000003,GIB,DEU,420310
7520137,90,61,6864,2006,315681.0,4763402.0,0.261955,1.488958,GRC,DEU,420310
7520138,92,61,6864,2006,0.0,313.0,-1.0014,-0.935995,GRL,DEU,420310
7520139,93,61,6864,2006,0.0,16380.0,-0.28642199999999995,0.5868439999999999,GTM,DEU,420310
7520140,97,61,6864,2006,1638187.0,1975562.0,0.5776319999999999,2.076782,HKG,DEU,420310
7520141,99,61,6864,2006,0.0,2597.0,-0.672074,-0.472138,HND,DEU,420310
7520142,100,61,6864,2006,3595132.0,1624014.0,0.755787,0.992614,HRV,DEU,420310
7520143,102,61,6864,2006,2261784.0,2869168.0,1.4034309999999999,0.835144,HUN,DEU,420310
7520144,103,61,6864,2006,357582.0,388026.0,-0.21012399999999998,1.467838,IDN,DEU,420310
7520145,104,61,6864,2006,52056524.0,317086.0,0.285652,2.731318,IND,DEU,420310
7520146,106,61,6864,2006,7736.0,1502496.0,1.43804,0.06463200000000001,IRL,DEU,420310
7520147,107,61,6864,2006,0.0,83373.0,-0.391023,-0.767861,IRN,DEU,420310
7520148,109,61,6864,2006,1852.0,338725.0,0.170234,-0.302203,ISL,DEU,420310
7520149,110,61,6864,2006,0.0,148739.0,1.3082129999999998,0.783845,ISR,DEU,420310
7520150,111,61,6864,2006,33760424.0,4274272.0,1.293779,0.93995,ITA,DEU,420310
7520151,112,61,6864,2006,0.0,5482.0,-0.5122720000000001,-0.9109809999999999,JAM,DEU,420310
7520152,113,61,6864,2006,0.0,125559.0,0.166718,0.331248,JOR,DEU,420310
7520153,114,61,6864,2006,78459.0,2322145.0,2.4348099999999997,0.082887,JPN,DEU,420310
7520154,115,61,6864,2006,105325.0,1058258.0,0.038229,-0.579421,KAZ,DEU,420310
7520155,116,61,6864,2006,0.0,7921.0,-0.38287899999999997,1.060286,KEN,DEU,420310
7520156,117,61,6864,2006,0.0,2842.0,-0.034069,0.136694,KGZ,DEU,420310
7520157,121,61,6864,2006,487819.0,513875.0,1.5384309999999999,0.766628,KOR,DEU,420310
7520158,122,61,6864,2006,0.0,76085.0,-0.589823,-1.142795,KWT,DEU,420310
7520159,124,61,6864,2006,7759.0,371497.0,0.3861,1.586183,LBN,DEU,420310
7520160,126,61,6864,2006,0.0,6016.0,-0.518724,-1.142074,LBY,DEU,420310
7520161,128,61,6864,2006,1357565.0,139773.0,-0.573767,0.305913,LKA,DEU,420310
7520162,130,61,6864,2006,5918.0,918244.0,0.44063599999999997,1.163857,LTU,DEU,420310
7520163,131,61,6864,2006,40356.0,1110892.0,1.4345620000000001,0.8840819999999999,LUX,DEU,420310
7520164,132,61,6864,2006,0.0,512480.0,0.531375,0.9414170000000001,LVA,DEU,420310
7520165,133,61,6864,2006,0.0,11694.0,-0.07118200000000001,-0.228354,MAC,DEU,420310
7520166,134,61,6864,2006,80094.0,31481.0,-0.547933,0.08257300000000001,MAR,DEU,420310
7520167,135,61,6864,2006,0.0,31595.0,-0.017707,0.135305,MDA,DEU,420310
7520168,138,61,6864,2006,32589.0,289197.0,1.047268,0.7142270000000001,MEX,DEU,420310
7520169,140,61,6864,2006,501006.0,28831.0,-0.21336,0.17674700000000002,MKD,DEU,420310
7520170,142,61,6864,2006,0.0,30838.0,1.384411,0.093734,MLT,DEU,420310
7520171,144,61,6864,2006,0.0,1445.0,0.130773,-0.24674699999999997,MNE,DEU,420310
7520172,145,61,6864,2006,0.0,32519.0,-1.147217,-1.0734709999999998,MNG,DEU,420310
7520173,151,61,6864,2006,0.0,7239.0,-0.311109,-0.07267,MUS,DEU,420310
7520174,153,61,6864,2006,6335.0,50932.0,0.7896569999999999,0.363625,MYS,DEU,420310
7520175,155,61,6864,2006,8848.0,6349.0,-0.515361,-0.8027350000000001,NAM,DEU,420310
7520176,159,61,6864,2006,2586.0,1666.0,-2.094353,-1.215025,NGA,DEU,420310
7520177,162,61,6864,2006,12696029.0,24107428.0,1.192134,1.450852,NLD,DEU,420310
7520178,163,61,6864,2006,18927.0,639978.0,1.0787930000000001,0.014051,NOR,DEU,420310
7520179,166,61,6864,2006,70794.0,5799.0,0.5371,0.8240209999999999,NZL,DEU,420310
7520180,167,61,6864,2006,0.0,11902.0,-0.6373989999999999,-1.092554,OMN,DEU,420310
7520181,168,61,6864,2006,27378572.0,62677.0,-0.449333,0.563013,PAK,DEU,420310
7520182,169,61,6864,2006,0.0,30908.0,0.306664,0.638533,PAN,DEU,420310
7520183,173,61,6864,2006,0.0,13067.0,-0.551095,0.044295,PER,DEU,420310
7520184,174,61,6864,2006,1159369.0,2892.0,0.161994,0.036631,PHL,DEU,420310
7520185,177,61,6864,2006,3707594.0,8664011.0,0.991927,1.474418,POL,DEU,420310
7520186,179,61,6864,2006,18384.0,723624.0,0.5723630000000001,1.92303,PRT,DEU,420310
7520187,183,61,6864,2006,0.0,127702.0,0.055777999999999994,-1.0379049999999999,QAT,DEU,420310
7520188,185,61,6864,2006,1831421.0,347293.0,0.550825,1.170744,ROU,DEU,420310
7520189,186,61,6864,2006,389825.0,17139212.0,0.801197,0.104683,RUS,DEU,420310
7520190,187,61,6864,2006,0.0,21252.0,-0.032827999999999996,-0.42937600000000004,RWA,DEU,420310
7520191,188,61,6864,2006,0.0,324109.0,0.162432,-0.853059,SAU,DEU,420310
7520192,191,61,6864,2006,0.0,830.0,-0.364713,-0.183612,SEN,DEU,420310
7520193,192,61,6864,2006,2967.0,297862.0,1.5377379999999998,0.503089,SGP,DEU,420310
7520194,201,61,6864,2006,1897.0,248396.0,0.547824,1.5588879999999998,SRB,DEU,420310
7520195,206,61,6864,2006,1980.0,1045577.0,1.291583,0.868317,SVK,DEU,420310
7520196,207,61,6864,2006,467714.0,498444.0,1.5882370000000001,0.800719,SVN,DEU,420310
7520197,208,61,6864,2006,1424261.0,1777165.0,1.902737,0.593294,SWE,DEU,420310
7520198,211,61,6864,2006,5861.0,61471.0,-0.344619,-0.796139,SYC,DEU,420310
7520199,212,61,6864,2006,0.0,13217.0,-0.588695,0.532487,SYR,DEU,420310
7520200,214,61,6864,2006,0.0,4051.0,-3.0579419999999997,-0.8926649999999999,TCD,DEU,420310
7520201,216,61,6864,2006,41707.0,37589.0,0.568209,1.685343,THA,DEU,420310
7520202,220,61,6864,2006,0.0,1005.0,-0.13665,-0.72122,TLS,DEU,420310
7520203,222,61,6864,2006,0.0,887.0,-0.20651399999999998,-1.024907,TTO,DEU,420310
7520204,223,61,6864,2006,87563.0,12540.0,-0.013636,0.804752,TUN,DEU,420310
7520205,224,61,6864,2006,55231200.0,938689.0,0.33971599999999996,2.193384,TUR,DEU,420310
7520206,228,61,6864,2006,19590.0,2047120.0,0.7008439999999999,0.79656,UKR,DEU,420310
7520207,230,61,6864,2006,1559693.0,54466.0,0.234384,0.118878,URY,DEU,420310
7520208,231,61,6864,2006,6488386.0,5664408.0,1.666643,-0.121679,USA,DEU,420310
7520209,232,61,6864,2006,0.0,67521.0,-0.457759,-0.784626,UZB,DEU,420310
7520210,236,61,6864,2006,0.0,27919.0,-0.340972,-1.015462,VEN,DEU,420310
7520211,239,61,6864,2006,995146.0,0.0,-0.342779,1.033318,VNM,DEU,420310
7520212,243,61,6864,2006,0.0,2397.0,-1.0407110000000002,-1.13042,YEM,DEU,420310
7520213,246,61,6864,2006,2239.0,373818.0,0.37964499999999995,1.466326,ZAF,DEU,420310
7520214,249,61,6864,2006,4015.0,290935.0,1.619915,1.2289940000000001,TWN,DEU,420310
7520215,5,64,6864,2006,0.0,926.0,1.03128,0.402281,AND,DNK,420310
7520216,7,64,6864,2006,9447.0,48491.0,0.053903999999999994,-0.735124,ARE,DNK,420310
7520217,8,64,6864,2006,0.0,5750.0,0.33055,0.665867,ARG,DNK,420310
7520218,14,64,6864,2006,3279.0,0.0,0.067166,0.373148,AUS,DNK,420310
7520219,15,64,6864,2006,23134.0,779825.0,1.775669,0.192717,AUT,DNK,420310
7520220,18,64,6864,2006,85256.0,2378014.0,1.2222540000000002,1.383027,BEL,DNK,420310
7520221,23,64,6864,2006,2663.0,12217.0,0.414563,1.378005,BGR,DNK,420310
7520222,24,64,6864,2006,0.0,845.0,0.172724,-0.9449879999999999,BHR,DNK,420310
7520223,26,64,6864,2006,0.0,4375.0,0.40788800000000003,0.562854,BIH,DNK,420310
7520224,39,64,6864,2006,1974.0,112493.0,0.865685,1.1480489999999999,CAN,DNK,420310
7520225,41,64,6864,2006,152316.0,510238.0,2.052534,0.515523,CHE,DNK,420310
7520226,43,64,6864,2006,27925698.0,13340.0,0.737888,2.54966,CHN,DNK,420310
7520227,58,64,6864,2006,0.0,18102.0,0.708267,-0.048096,CYP,DNK,420310
7520228,59,64,6864,2006,0.0,40102.0,1.564058,0.6023649999999999,CZE,DNK,420310
7520229,61,64,6864,2006,2642596.0,10135482.0,2.132566,-2.773669,DEU,DNK,420310
7520230,68,64,6864,2006,0.0,60044.0,-0.182272,0.40222399999999997,EGY,DNK,420310
7520231,71,64,6864,2006,640380.0,3539266.0,0.9091370000000001,2.068166,ESP,DNK,420310
7520232,72,64,6864,2006,0.0,274214.0,0.6426350000000001,0.925003,EST,DNK,420310
7520233,73,64,6864,2006,590.0,0.0,-0.9557180000000001,-0.9153479999999999,ETH,DNK,420310
7520234,74,64,6864,2006,666503.0,2608667.0,1.864038,0.8193940000000001,FIN,DNK,420310
7520235,77,64,6864,2006,315632.0,948095.0,1.47591,0.489466,FRA,DNK,420310
7520236,78,64,6864,2006,0.0,193745.0,-0.117631,-0.69352,FRO,DNK,420310
7520237,81,64,6864,2006,352278.0,21282318.0,1.824154,0.614424,GBR,DNK,420310
7520238,82,64,6864,2006,0.0,1649.0,0.076711,-0.47216099999999994,GEO,DNK,420310
7520239,84,64,6864,2006,0.0,1686.0,0.8370120000000001,-0.35099400000000003,GIB,DNK,420310
7520240,90,64,6864,2006,47442.0,406037.0,0.261955,1.488958,GRC,DNK,420310
7520241,92,64,6864,2006,0.0,43597.0,-1.0014,-0.935995,GRL,DNK,420310
7520242,93,64,6864,2006,0.0,979.0,-0.28642199999999995,0.5868439999999999,GTM,DNK,420310
7520243,97,64,6864,2006,212731.0,17442.0,0.5776319999999999,2.076782,HKG,DNK,420310
7520244,100,64,6864,2006,0.0,30444.0,0.755787,0.992614,HRV,DNK,420310
7520245,102,64,6864,2006,26544.0,118058.0,1.4034309999999999,0.835144,HUN,DNK,420310
7520246,103,64,6864,2006,4582.0,0.0,-0.21012399999999998,1.467838,IDN,DNK,420310
7520247,104,64,6864,2006,10912248.0,17104.0,0.285652,2.731318,IND,DNK,420310
7520248,106,64,6864,2006,1629.0,920529.0,1.43804,0.06463200000000001,IRL,DNK,420310
7520249,109,64,6864,2006,23800.0,335947.0,0.170234,-0.302203,ISL,DNK,420310
7520250,110,64,6864,2006,0.0,1272.0,1.3082129999999998,0.783845,ISR,DNK,420310
7520251,111,64,6864,2006,1734856.0,545842.0,1.293779,0.93995,ITA,DNK,420310
7520252,113,64,6864,2006,0.0,6491.0,0.166718,0.331248,JOR,DNK,420310
7520253,114,64,6864,2006,0.0,53821.0,2.4348099999999997,0.082887,JPN,DNK,420310
7520254,115,64,6864,2006,0.0,4345.0,0.038229,-0.579421,KAZ,DNK,420310
7520255,121,64,6864,2006,98662.0,0.0,1.5384309999999999,0.766628,KOR,DNK,420310
7520256,122,64,6864,2006,0.0,16036.0,-0.589823,-1.142795,KWT,DNK,420310
7520257,124,64,6864,2006,0.0,82457.0,0.3861,1.586183,LBN,DNK,420310
7520258,130,64,6864,2006,16003.0,330429.0,0.44063599999999997,1.163857,LTU,DNK,420310
7520259,131,64,6864,2006,965.0,9629.0,1.4345620000000001,0.8840819999999999,LUX,DNK,420310
7520260,132,64,6864,2006,0.0,101272.0,0.531375,0.9414170000000001,LVA,DNK,420310
7520261,134,64,6864,2006,1579.0,1408.0,-0.547933,0.08257300000000001,MAR,DNK,420310
7520262,138,64,6864,2006,6383.0,0.0,1.047268,0.7142270000000001,MEX,DNK,420310
7520263,142,64,6864,2006,0.0,18849.0,1.384411,0.093734,MLT,DNK,420310
7520264,153,64,6864,2006,3685.0,0.0,0.7896569999999999,0.363625,MYS,DNK,420310
7520265,162,64,6864,2006,926990.0,7384006.0,1.192134,1.450852,NLD,DNK,420310
7520266,163,64,6864,2006,28773.0,3607880.0,1.0787930000000001,0.014051,NOR,DNK,420310
7520267,164,64,6864,2006,3787.0,0.0,-0.29672600000000005,0.665077,NPL,DNK,420310
7520268,166,64,6864,2006,1964.0,0.0,0.5371,0.8240209999999999,NZL,DNK,420310
7520269,168,64,6864,2006,4976010.0,0.0,-0.449333,0.563013,PAK,DNK,420310
7520270,169,64,6864,2006,54373.0,0.0,0.306664,0.638533,PAN,DNK,420310
7520271,177,64,6864,2006,16485.0,2964270.0,0.991927,1.474418,POL,DNK,420310
7520272,179,64,6864,2006,194401.0,199942.0,0.5723630000000001,1.92303,PRT,DNK,420310
7520273,185,64,6864,2006,137677.0,6725.0,0.550825,1.170744,ROU,DNK,420310
7520274,186,64,6864,2006,0.0,248001.0,0.801197,0.104683,RUS,DNK,420310
7520275,188,64,6864,2006,0.0,16208.0,0.162432,-0.853059,SAU,DNK,420310
7520276,192,64,6864,2006,1556.0,4274.0,1.5377379999999998,0.503089,SGP,DNK,420310
7520277,206,64,6864,2006,0.0,32901.0,1.291583,0.868317,SVK,DNK,420310
7520278,207,64,6864,2006,0.0,42509.0,1.5882370000000001,0.800719,SVN,DNK,420310
7520279,208,64,6864,2006,4155422.0,5022014.0,1.902737,0.593294,SWE,DNK,420310
7520280,216,64,6864,2006,2413.0,0.0,0.568209,1.685343,THA,DNK,420310
7520281,223,64,6864,2006,3900.0,0.0,-0.013636,0.804752,TUN,DNK,420310
7520282,224,64,6864,2006,3309730.0,39303.0,0.33971599999999996,2.193384,TUR,DNK,420310
7520283,228,64,6864,2006,0.0,129836.0,0.7008439999999999,0.79656,UKR,DNK,420310
7520284,230,64,6864,2006,117712.0,0.0,0.234384,0.118878,URY,DNK,420310
7520285,231,64,6864,2006,803873.0,16933.0,1.666643,-0.121679,USA,DNK,420310
7520286,239,64,6864,2006,61500.0,0.0,-0.342779,1.033318,VNM,DNK,420310
7520287,246,64,6864,2006,1108.0,0.0,0.37964499999999995,1.466326,ZAF,DNK,420310
7520288,249,64,6864,2006,3322.0,0.0,1.619915,1.2289940000000001,TWN,DNK,420310
7520289,250,64,6864,2006,0.0,5051.0,0.711619,-0.41880200000000006,ANS,DNK,420310
7520290,8,65,6864,2006,4805.0,0.0,0.33055,0.665867,ARG,DOM,420310
7520291,15,65,6864,2006,0.0,1822.0,1.775669,0.192717,AUT,DOM,420310
7520292,41,65,6864,2006,2653.0,0.0,2.052534,0.515523,CHE,DOM,420310
7520293,43,65,6864,2006,1311.0,0.0,0.737888,2.54966,CHN,DOM,420310
7520294,49,65,6864,2006,1612.0,0.0,0.129887,0.44371700000000003,COL,DOM,420310
7520295,61,65,6864,2006,815.0,0.0,2.132566,-2.773669,DEU,DOM,420310
7520296,71,65,6864,2006,13628.0,0.0,0.9091370000000001,2.068166,ESP,DOM,420310
7520297,111,65,6864,2006,2084.0,0.0,1.293779,0.93995,ITA,DOM,420310
7520298,138,65,6864,2006,3390.0,0.0,1.047268,0.7142270000000001,MEX,DOM,420310
7520299,169,65,6864,2006,6364.0,0.0,0.306664,0.638533,PAN,DOM,420310
7520300,231,65,6864,2006,245444.0,61540.0,1.666643,-0.121679,USA,DOM,420310
7520301,8,67,6864,2006,2758.0,0.0,0.33055,0.665867,ARG,ECU,420310
7520302,31,67,6864,2006,0.0,1191.0,-0.805185,-0.754091,BOL,ECU,420310
7520303,41,67,6864,2006,1484.0,0.0,2.052534,0.515523,CHE,ECU,420310
7520304,42,67,6864,2006,9499.0,9050.0,-0.188298,-0.46778000000000003,CHL,ECU,420310
7520305,43,67,6864,2006,7058.0,0.0,0.737888,2.54966,CHN,ECU,420310
7520306,49,67,6864,2006,13800.0,9108.0,0.129887,0.44371700000000003,COL,ECU,420310
7520307,52,67,6864,2006,0.0,15455.0,0.042663,-0.376672,CRI,ECU,420310
7520308,61,67,6864,2006,5375.0,5043.0,2.132566,-2.773669,DEU,ECU,420310
7520309,71,67,6864,2006,12098.0,413644.0,0.9091370000000001,2.068166,ESP,ECU,420310
7520310,77,67,6864,2006,0.0,1322.0,1.47591,0.489466,FRA,ECU,420310
7520311,93,67,6864,2006,0.0,81685.0,-0.28642199999999995,0.5868439999999999,GTM,ECU,420310
7520312,104,67,6864,2006,6346.0,0.0,0.285652,2.731318,IND,ECU,420310
7520313,111,67,6864,2006,35171.0,0.0,1.293779,0.93995,ITA,ECU,420310
7520314,124,67,6864,2006,0.0,3294.0,0.3861,1.586183,LBN,ECU,420310
7520315,138,67,6864,2006,0.0,3076.0,1.047268,0.7142270000000001,MEX,ECU,420310
7520316,168,67,6864,2006,7900.0,0.0,-0.449333,0.563013,PAK,ECU,420310
7520317,231,67,6864,2006,189026.0,123282.0,1.666643,-0.121679,USA,ECU,420310
7520318,236,67,6864,2006,0.0,4259.0,-0.340972,-1.015462,VEN,ECU,420310
7520319,5,71,6864,2006,80872.0,3697658.0,1.03128,0.402281,AND,ESP,420310
7520320,7,71,6864,2006,3112.0,1223603.0,0.053903999999999994,-0.735124,ARE,ESP,420310
7520321,8,71,6864,2006,859913.0,40819.0,0.33055,0.665867,ARG,ESP,420310
7520322,9,71,6864,2006,0.0,20138.0,0.14539100000000002,-0.558014,ARM,ESP,420310
7520323,14,71,6864,2006,0.0,4616.0,0.067166,0.373148,AUS,ESP,420310
7520324,15,71,6864,2006,349604.0,1392934.0,1.775669,0.192717,AUT,ESP,420310
7520325,18,71,6864,2006,1541499.0,2202748.0,1.2222540000000002,1.383027,BEL,ESP,420310
7520326,22,71,6864,2006,33217.0,0.0,-1.0305309999999999,-0.80937,BGD,ESP,420310
7520327,23,71,6864,2006,28132.0,31150.0,0.414563,1.378005,BGR,ESP,420310
7520328,24,71,6864,2006,0.0,52327.0,0.172724,-0.9449879999999999,BHR,ESP,420310
7520329,26,71,6864,2006,19840.0,1107.0,0.40788800000000003,0.562854,BIH,ESP,420310
7520330,28,71,6864,2006,0.0,5548.0,0.919853,0.384409,BLR,ESP,420310
7520331,30,71,6864,2006,0.0,2485.0,0.491259,-0.603062,BMU,ESP,420310
7520332,31,71,6864,2006,2356.0,0.0,-0.805185,-0.754091,BOL,ESP,420310
7520333,32,71,6864,2006,7267.0,118666.0,0.633889,1.1474520000000001,BRA,ESP,420310
7520334,39,71,6864,2006,9213.0,304201.0,0.865685,1.1480489999999999,CAN,ESP,420310
7520335,41,71,6864,2006,869530.0,691956.0,2.052534,0.515523,CHE,ESP,420310
7520336,42,71,6864,2006,0.0,275098.0,-0.188298,-0.46778000000000003,CHL,ESP,420310
7520337,43,71,6864,2006,29616408.0,411440.0,0.737888,2.54966,CHN,ESP,420310
7520338,44,71,6864,2006,0.0,2377.0,-0.8918530000000001,-0.8145819999999999,CIV,ESP,420310
7520339,49,71,6864,2006,7860.0,14626.0,0.129887,0.44371700000000003,COL,ESP,420310
7520340,52,71,6864,2006,0.0,18536.0,0.042663,-0.376672,CRI,ESP,420310
7520341,58,71,6864,2006,1166.0,140883.0,0.708267,-0.048096,CYP,ESP,420310
7520342,59,71,6864,2006,16133.0,134997.0,1.564058,0.6023649999999999,CZE,ESP,420310
7520343,61,71,6864,2006,7753114.0,2002800.0,2.132566,-2.773669,DEU,ESP,420310
7520344,64,71,6864,2006,3539266.0,640380.0,1.2308700000000001,1.180914,DNK,ESP,420310
7520345,65,71,6864,2006,0.0,13628.0,-0.24073699999999998,0.049093,DOM,ESP,420310
7520346,66,71,6864,2006,0.0,3951.0,-0.489962,-1.12456,DZA,ESP,420310
7520347,67,71,6864,2006,413644.0,12098.0,-0.878583,-0.9462010000000001,ECU,ESP,420310
7520348,68,71,6864,2006,0.0,106756.0,-0.182272,0.40222399999999997,EGY,ESP,420310
7520349,72,71,6864,2006,0.0,24012.0,0.6426350000000001,0.925003,EST,ESP,420310
7520350,74,71,6864,2006,5850.0,80077.0,1.864038,0.8193940000000001,FIN,ESP,420310
7520351,77,71,6864,2006,15585988.0,6938632.0,1.47591,0.489466,FRA,ESP,420310
7520352,81,71,6864,2006,1445552.0,3255287.0,1.824154,0.614424,GBR,ESP,420310
7520353,84,71,6864,2006,0.0,54969.0,0.8370120000000001,-0.35099400000000003,GIB,ESP,420310
7520354,90,71,6864,2006,630353.0,2333318.0,0.261955,1.488958,GRC,ESP,420310
7520355,97,71,6864,2006,347325.0,606384.0,0.5776319999999999,2.076782,HKG,ESP,420310
7520356,99,71,6864,2006,0.0,5886.0,-0.672074,-0.472138,HND,ESP,420310
7520357,100,71,6864,2006,1224.0,1594.0,0.755787,0.992614,HRV,ESP,420310
7520358,102,71,6864,2006,946026.0,130599.0,1.4034309999999999,0.835144,HUN,ESP,420310
7520359,103,71,6864,2006,8178.0,90502.0,-0.21012399999999998,1.467838,IDN,ESP,420310
7520360,104,71,6864,2006,44418624.0,271876.0,0.285652,2.731318,IND,ESP,420310
7520361,106,71,6864,2006,0.0,431294.0,1.43804,0.06463200000000001,IRL,ESP,420310
7520362,107,71,6864,2006,0.0,3549.0,-0.391023,-0.767861,IRN,ESP,420310
7520363,109,71,6864,2006,0.0,18980.0,0.170234,-0.302203,ISL,ESP,420310
7520364,110,71,6864,2006,49006.0,161760.0,1.3082129999999998,0.783845,ISR,ESP,420310
7520365,111,71,6864,2006,25996246.0,3941539.0,1.293779,0.93995,ITA,ESP,420310
7520366,113,71,6864,2006,0.0,133222.0,0.166718,0.331248,JOR,ESP,420310
7520367,114,71,6864,2006,13213.0,5932588.0,2.4348099999999997,0.082887,JPN,ESP,420310
7520368,115,71,6864,2006,1229.0,5584.0,0.038229,-0.579421,KAZ,ESP,420310
7520369,121,71,6864,2006,3174.0,92327.0,1.5384309999999999,0.766628,KOR,ESP,420310
7520370,122,71,6864,2006,0.0,219454.0,-0.589823,-1.142795,KWT,ESP,420310
7520371,124,71,6864,2006,8520.0,673827.0,0.3861,1.586183,LBN,ESP,420310
7520372,130,71,6864,2006,2099.0,99551.0,0.44063599999999997,1.163857,LTU,ESP,420310
7520373,131,71,6864,2006,265337.0,75222.0,1.4345620000000001,0.8840819999999999,LUX,ESP,420310
7520374,132,71,6864,2006,1957.0,29461.0,0.531375,0.9414170000000001,LVA,ESP,420310
7520375,134,71,6864,2006,7207043.0,155230.0,-0.547933,0.08257300000000001,MAR,ESP,420310
7520376,138,71,6864,2006,30092.0,3115028.0,1.047268,0.7142270000000001,MEX,ESP,420310
7520377,140,71,6864,2006,0.0,2754.0,-0.21336,0.17674700000000002,MKD,ESP,420310
7520378,142,71,6864,2006,0.0,49387.0,1.384411,0.093734,MLT,ESP,420310
7520379,153,71,6864,2006,0.0,38268.0,0.7896569999999999,0.363625,MYS,ESP,420310
7520380,156,71,6864,2006,0.0,4293.0,-0.135099,-0.7618779999999999,NCL,ESP,420310
7520381,159,71,6864,2006,2532.0,0.0,-2.094353,-1.215025,NGA,ESP,420310
7520382,162,71,6864,2006,4260954.0,631026.0,1.192134,1.450852,NLD,ESP,420310
7520383,163,71,6864,2006,0.0,30174.0,1.0787930000000001,0.014051,NOR,ESP,420310
7520384,166,71,6864,2006,0.0,1548.0,0.5371,0.8240209999999999,NZL,ESP,420310
7520385,168,71,6864,2006,24219622.0,16974.0,-0.449333,0.563013,PAK,ESP,420310
7520386,169,71,6864,2006,0.0,23200.0,0.306664,0.638533,PAN,ESP,420310
7520387,173,71,6864,2006,0.0,8144.0,-0.551095,0.044295,PER,ESP,420310
7520388,174,71,6864,2006,0.0,34023.0,0.161994,0.036631,PHL,ESP,420310
7520389,177,71,6864,2006,43399.0,506017.0,0.991927,1.474418,POL,ESP,420310
7520390,179,71,6864,2006,1835348.0,12070399.0,0.5723630000000001,1.92303,PRT,ESP,420310
7520391,183,71,6864,2006,1152.0,96997.0,0.055777999999999994,-1.0379049999999999,QAT,ESP,420310
7520392,185,71,6864,2006,2010350.0,143776.0,0.550825,1.170744,ROU,ESP,420310
7520393,186,71,6864,2006,8629.0,758342.0,0.801197,0.104683,RUS,ESP,420310
7520394,188,71,6864,2006,0.0,407617.0,0.162432,-0.853059,SAU,ESP,420310
7520395,191,71,6864,2006,0.0,1021.0,-0.364713,-0.183612,SEN,ESP,420310
7520396,192,71,6864,2006,0.0,148227.0,1.5377379999999998,0.503089,SGP,ESP,420310
7520397,197,71,6864,2006,0.0,29080.0,-0.135312,0.140874,SLV,ESP,420310
7520398,201,71,6864,2006,1874.0,66567.0,0.547824,1.5588879999999998,SRB,ESP,420310
7520399,206,71,6864,2006,0.0,25987.0,1.291583,0.868317,SVK,ESP,420310
7520400,207,71,6864,2006,0.0,120119.0,1.5882370000000001,0.800719,SVN,ESP,420310
7520401,208,71,6864,2006,38915.0,172750.0,1.902737,0.593294,SWE,ESP,420310
7520402,212,71,6864,2006,2457.0,0.0,-0.588695,0.532487,SYR,ESP,420310
7520403,216,71,6864,2006,1983.0,92004.0,0.568209,1.685343,THA,ESP,420310
7520404,218,71,6864,2006,1708.0,0.0,0.335918,0.299589,TKL,ESP,420310
7520405,223,71,6864,2006,14176.0,21421.0,-0.013636,0.804752,TUN,ESP,420310
7520406,224,71,6864,2006,13698305.0,1422068.0,0.33971599999999996,2.193384,TUR,ESP,420310
7520407,228,71,6864,2006,95754.0,140810.0,0.7008439999999999,0.79656,UKR,ESP,420310
7520408,230,71,6864,2006,2015086.0,75774.0,0.234384,0.118878,URY,ESP,420310
7520409,231,71,6864,2006,1568628.0,1322843.0,1.666643,-0.121679,USA,ESP,420310
7520410,232,71,6864,2006,0.0,3049.0,-0.457759,-0.784626,UZB,ESP,420310
7520411,236,71,6864,2006,0.0,143807.0,-0.340972,-1.015462,VEN,ESP,420310
7520412,239,71,6864,2006,112953.0,0.0,-0.342779,1.033318,VNM,ESP,420310
7520413,246,71,6864,2006,0.0,31344.0,0.37964499999999995,1.466326,ZAF,ESP,420310
7520414,249,71,6864,2006,231261.0,112075.0,1.619915,1.2289940000000001,TWN,ESP,420310
7520415,250,71,6864,2006,0.0,2160.0,0.711619,-0.41880200000000006,ANS,ESP,420310
7520416,5,74,6864,2006,0.0,1108.0,1.03128,0.402281,AND,FIN,420310
7520417,7,74,6864,2006,54968.0,0.0,0.053903999999999994,-0.735124,ARE,FIN,420310
7520418,15,74,6864,2006,12460.0,2458.0,1.775669,0.192717,AUT,FIN,420310
7520419,18,74,6864,2006,451125.0,54475.0,1.2222540000000002,1.383027,BEL,FIN,420310
7520420,23,74,6864,2006,3148.0,0.0,0.414563,1.378005,BGR,FIN,420310
7520421,39,74,6864,2006,0.0,3128.0,0.865685,1.1480489999999999,CAN,FIN,420310
7520422,41,74,6864,2006,82803.0,195667.0,2.052534,0.515523,CHE,FIN,420310
7520423,43,74,6864,2006,6444094.0,6353.0,0.737888,2.54966,CHN,FIN,420310
7520424,49,74,6864,2006,992.0,0.0,0.129887,0.44371700000000003,COL,FIN,420310
7520425,59,74,6864,2006,2004.0,3383.0,1.564058,0.6023649999999999,CZE,FIN,420310
7520426,61,74,6864,2006,3996942.0,527753.0,2.132566,-2.773669,DEU,FIN,420310
7520427,64,74,6864,2006,2608667.0,666503.0,1.2308700000000001,1.180914,DNK,FIN,420310
7520428,68,74,6864,2006,0.0,2618.0,-0.182272,0.40222399999999997,EGY,FIN,420310
7520429,71,74,6864,2006,80077.0,5850.0,0.9091370000000001,2.068166,ESP,FIN,420310
7520430,72,74,6864,2006,38459.0,462781.0,0.6426350000000001,0.925003,EST,FIN,420310
7520431,77,74,6864,2006,257809.0,125317.0,1.47591,0.489466,FRA,FIN,420310
7520432,78,74,6864,2006,0.0,2503.0,-0.117631,-0.69352,FRO,FIN,420310
7520433,81,74,6864,2006,188352.0,16604.0,1.824154,0.614424,GBR,FIN,420310
7520434,97,74,6864,2006,39495.0,7668.0,0.5776319999999999,2.076782,HKG,FIN,420310
7520435,100,74,6864,2006,2798.0,2247.0,0.755787,0.992614,HRV,FIN,420310
7520436,102,74,6864,2006,1903.0,0.0,1.4034309999999999,0.835144,HUN,FIN,420310
7520437,104,74,6864,2006,1374831.0,0.0,0.285652,2.731318,IND,FIN,420310
7520438,106,74,6864,2006,0.0,2934.0,1.43804,0.06463200000000001,IRL,FIN,420310
7520439,109,74,6864,2006,0.0,7242.0,0.170234,-0.302203,ISL,FIN,420310
7520440,111,74,6864,2006,1319919.0,4842.0,1.293779,0.93995,ITA,FIN,420310
7520441,113,74,6864,2006,0.0,83722.0,0.166718,0.331248,JOR,FIN,420310
7520442,114,74,6864,2006,5391.0,228703.0,2.4348099999999997,0.082887,JPN,FIN,420310
7520443,128,74,6864,2006,22684.0,0.0,-0.573767,0.305913,LKA,FIN,420310
7520444,130,74,6864,2006,0.0,44428.0,0.44063599999999997,1.163857,LTU,FIN,420310
7520445,131,74,6864,2006,0.0,1029.0,1.4345620000000001,0.8840819999999999,LUX,FIN,420310
7520446,132,74,6864,2006,10113.0,427427.0,0.531375,0.9414170000000001,LVA,FIN,420310
7520447,133,74,6864,2006,5064.0,0.0,-0.07118200000000001,-0.228354,MAC,FIN,420310
7520448,134,74,6864,2006,2347.0,0.0,-0.547933,0.08257300000000001,MAR,FIN,420310
7520449,138,74,6864,2006,0.0,974.0,1.047268,0.7142270000000001,MEX,FIN,420310
7520450,162,74,6864,2006,218076.0,12531.0,1.192134,1.450852,NLD,FIN,420310
7520451,163,74,6864,2006,0.0,33030.0,1.0787930000000001,0.014051,NOR,FIN,420310
7520452,166,74,6864,2006,2253.0,2626.0,0.5371,0.8240209999999999,NZL,FIN,420310
7520453,168,74,6864,2006,616797.0,0.0,-0.449333,0.563013,PAK,FIN,420310
7520454,174,74,6864,2006,42001.0,0.0,0.161994,0.036631,PHL,FIN,420310
7520455,177,74,6864,2006,4543.0,1631.0,0.991927,1.474418,POL,FIN,420310
7520456,179,74,6864,2006,2120.0,0.0,0.5723630000000001,1.92303,PRT,FIN,420310
7520457,185,74,6864,2006,6155.0,0.0,0.550825,1.170744,ROU,FIN,420310
7520458,186,74,6864,2006,5590.0,1147402.0,0.801197,0.104683,RUS,FIN,420310
7520459,206,74,6864,2006,0.0,2868.0,1.291583,0.868317,SVK,FIN,420310
7520460,207,74,6864,2006,0.0,1946.0,1.5882370000000001,0.800719,SVN,FIN,420310
7520461,208,74,6864,2006,7103124.0,609061.0,1.902737,0.593294,SWE,FIN,420310
7520462,216,74,6864,2006,947.0,0.0,0.568209,1.685343,THA,FIN,420310
7520463,224,74,6864,2006,847445.0,1408.0,0.33971599999999996,2.193384,TUR,FIN,420310
7520464,231,74,6864,2006,154629.0,40376.0,1.666643,-0.121679,USA,FIN,420310
7520465,236,74,6864,2006,0.0,1014.0,-0.340972,-1.015462,VEN,FIN,420310
7520466,239,74,6864,2006,9710.0,0.0,-0.342779,1.033318,VNM,FIN,420310
7520467,2,77,6864,2006,0.0,13809.0,-2.0822979999999998,-1.176767,AGO,FRA,420310
7520468,5,77,6864,2006,107896.0,1800094.0,1.03128,0.402281,AND,FRA,420310
7520469,6,77,6864,2006,0.0,1230.0,0.251825,-0.629035,ANT,FRA,420310
7520470,7,77,6864,2006,64208.0,277355.0,0.053903999999999994,-0.735124,ARE,FRA,420310
7520471,8,77,6864,2006,17373.0,25604.0,0.33055,0.665867,ARG,FRA,420310
7520472,9,77,6864,2006,0.0,40814.0,0.14539100000000002,-0.558014,ARM,FRA,420310
7520473,14,77,6864,2006,4257.0,444132.0,0.067166,0.373148,AUS,FRA,420310
7520474,15,77,6864,2006,331785.0,1898333.0,1.775669,0.192717,AUT,FRA,420310
7520475,16,77,6864,2006,0.0,46648.0,-0.521304,-1.035764,AZE,FRA,420310
7520476,18,77,6864,2006,34144368.0,14534461.0,1.2222540000000002,1.383027,BEL,FRA,420310
7520477,23,77,6864,2006,2598.0,6087.0,0.414563,1.378005,BGR,FRA,420310
7520478,24,77,6864,2006,0.0,1090.0,0.172724,-0.9449879999999999,BHR,FRA,420310
7520479,26,77,6864,2006,2171.0,0.0,0.40788800000000003,0.562854,BIH,FRA,420310
7520480,28,77,6864,2006,0.0,4138.0,0.919853,0.384409,BLR,FRA,420310
7520481,31,77,6864,2006,0.0,4381.0,-0.805185,-0.754091,BOL,FRA,420310
7520482,32,77,6864,2006,0.0,17879.0,0.633889,1.1474520000000001,BRA,FRA,420310
7520483,39,77,6864,2006,76702.0,331825.0,0.865685,1.1480489999999999,CAN,FRA,420310
7520484,41,77,6864,2006,2464576.0,5782001.0,2.052534,0.515523,CHE,FRA,420310
7520485,42,77,6864,2006,0.0,5937.0,-0.188298,-0.46778000000000003,CHL,FRA,420310
7520486,43,77,6864,2006,36582492.0,142902.0,0.737888,2.54966,CHN,FRA,420310
7520487,44,77,6864,2006,0.0,7203.0,-0.8918530000000001,-0.8145819999999999,CIV,FRA,420310
7520488,45,77,6864,2006,0.0,4828.0,-1.358873,-1.1511360000000002,CMR,FRA,420310
7520489,46,77,6864,2006,0.0,2511.0,-1.542137,-1.086494,COD,FRA,420310
7520490,47,77,6864,2006,0.0,27617.0,-1.9903240000000002,-1.189925,COG,FRA,420310
7520491,54,77,6864,2006,0.0,1920.0,0.204039,-0.5183260000000001,CUB,FRA,420310
7520492,58,77,6864,2006,17443.0,483551.0,0.708267,-0.048096,CYP,FRA,420310
7520493,59,77,6864,2006,82200.0,372138.0,1.564058,0.6023649999999999,CZE,FRA,420310
7520494,61,77,6864,2006,22442162.0,14971889.0,2.132566,-2.773669,DEU,FRA,420310
7520495,62,77,6864,2006,0.0,20085.0,-0.251707,-0.436792,DJI,FRA,420310
7520496,64,77,6864,2006,948095.0,315632.0,1.2308700000000001,1.180914,DNK,FRA,420310
7520497,66,77,6864,2006,0.0,345970.0,-0.489962,-1.12456,DZA,FRA,420310
7520498,67,77,6864,2006,1322.0,0.0,-0.878583,-0.9462010000000001,ECU,FRA,420310
7520499,68,77,6864,2006,0.0,7359.0,-0.182272,0.40222399999999997,EGY,FRA,420310
7520500,71,77,6864,2006,6938632.0,15585988.0,0.9091370000000001,2.068166,ESP,FRA,420310
7520501,72,77,6864,2006,0.0,90218.0,0.6426350000000001,0.925003,EST,FRA,420310
7520502,74,77,6864,2006,125317.0,257809.0,1.864038,0.8193940000000001,FIN,FRA,420310
7520503,78,77,6864,2006,0.0,132.0,-0.117631,-0.69352,FRO,FRA,420310
7520504,80,77,6864,2006,0.0,12255.0,-1.6696819999999999,-1.173322,GAB,FRA,420310
7520505,81,77,6864,2006,5383514.0,13069974.0,1.824154,0.614424,GBR,FRA,420310
7520506,82,77,6864,2006,4418.0,5223.0,0.076711,-0.47216099999999994,GEO,FRA,420310
7520507,83,77,6864,2006,0.0,1277.0,-0.9934860000000001,-0.809318,GHA,FRA,420310
7520508,90,77,6864,2006,140533.0,4165377.0,0.261955,1.488958,GRC,FRA,420310
7520509,97,77,6864,2006,1062980.0,1454284.0,0.5776319999999999,2.076782,HKG,FRA,420310
7520510,100,77,6864,2006,8920.0,2343.0,0.755787,0.992614,HRV,FRA,420310
7520511,101,77,6864,2006,0.0,2511.0,-1.037941,-0.9475790000000001,HTI,FRA,420310
7520512,102,77,6864,2006,359439.0,593489.0,1.4034309999999999,0.835144,HUN,FRA,420310
7520513,103,77,6864,2006,31597.0,0.0,-0.21012399999999998,1.467838,IDN,FRA,420310
7520514,104,77,6864,2006,22535000.0,17471.0,0.285652,2.731318,IND,FRA,420310
7520515,106,77,6864,2006,7323.0,207727.0,1.43804,0.06463200000000001,IRL,FRA,420310
7520516,109,77,6864,2006,0.0,45726.0,0.170234,-0.302203,ISL,FRA,420310
7520517,110,77,6864,2006,1860.0,57965.0,1.3082129999999998,0.783845,ISR,FRA,420310
7520518,111,77,6864,2006,47552472.0,18448920.0,1.293779,0.93995,ITA,FRA,420310
7520519,113,77,6864,2006,0.0,15334.0,0.166718,0.331248,JOR,FRA,420310
7520520,114,77,6864,2006,260172.0,3598254.0,2.4348099999999997,0.082887,JPN,FRA,420310
7520521,115,77,6864,2006,0.0,127287.0,0.038229,-0.579421,KAZ,FRA,420310
7520522,121,77,6864,2006,107760.0,395323.0,1.5384309999999999,0.766628,KOR,FRA,420310
7520523,122,77,6864,2006,0.0,97908.0,-0.589823,-1.142795,KWT,FRA,420310
7520524,124,77,6864,2006,3492.0,277444.0,0.3861,1.586183,LBN,FRA,420310
7520525,126,77,6864,2006,0.0,356517.0,-0.518724,-1.142074,LBY,FRA,420310
7520526,128,77,6864,2006,36451.0,84642.0,-0.573767,0.305913,LKA,FRA,420310
7520527,130,77,6864,2006,252458.0,140225.0,0.44063599999999997,1.163857,LTU,FRA,420310
7520528,131,77,6864,2006,276402.0,893662.0,1.4345620000000001,0.8840819999999999,LUX,FRA,420310
7520529,132,77,6864,2006,0.0,271827.0,0.531375,0.9414170000000001,LVA,FRA,420310
7520530,133,77,6864,2006,16401.0,11489.0,-0.07118200000000001,-0.228354,MAC,FRA,420310
7520531,134,77,6864,2006,2528670.0,3777.0,-0.547933,0.08257300000000001,MAR,FRA,420310
7520532,135,77,6864,2006,1119.0,12871.0,-0.017707,0.135305,MDA,FRA,420310
7520533,136,77,6864,2006,0.0,4309.0,-1.024657,-0.393395,MDG,FRA,420310
7520534,138,77,6864,2006,0.0,25179.0,1.047268,0.7142270000000001,MEX,FRA,420310
7520535,142,77,6864,2006,0.0,33485.0,1.384411,0.093734,MLT,FRA,420310
7520536,145,77,6864,2006,0.0,26772.0,-1.147217,-1.0734709999999998,MNG,FRA,420310
7520537,151,77,6864,2006,4933.0,11720.0,-0.311109,-0.07267,MUS,FRA,420310
7520538,154,77,6864,2006,0.0,1370.0,1.1370049999999998,0.131896,MYT,FRA,420310
7520539,156,77,6864,2006,0.0,68846.0,-0.135099,-0.7618779999999999,NCL,FRA,420310
7520540,157,77,6864,2006,2174.0,3074.0,-0.554188,-0.708255,NER,FRA,420310
7520541,159,77,6864,2006,1210.0,7266.0,-2.094353,-1.215025,NGA,FRA,420310
7520542,162,77,6864,2006,5191604.0,3624308.0,1.192134,1.450852,NLD,FRA,420310
7520543,163,77,6864,2006,35302.0,228215.0,1.0787930000000001,0.014051,NOR,FRA,420310
7520544,166,77,6864,2006,7719.0,42784.0,0.5371,0.8240209999999999,NZL,FRA,420310
7520545,168,77,6864,2006,26893370.0,0.0,-0.449333,0.563013,PAK,FRA,420310
7520546,169,77,6864,2006,733.0,4972.0,0.306664,0.638533,PAN,FRA,420310
7520547,173,77,6864,2006,1968.0,0.0,-0.551095,0.044295,PER,FRA,420310
7520548,174,77,6864,2006,9774.0,0.0,0.161994,0.036631,PHL,FRA,420310
7520549,177,77,6864,2006,489126.0,958518.0,0.991927,1.474418,POL,FRA,420310
7520550,179,77,6864,2006,867003.0,3498482.0,0.5723630000000001,1.92303,PRT,FRA,420310
7520551,182,77,6864,2006,0.0,9626.0,-0.213329,-0.743599,PYF,FRA,420310
7520552,183,77,6864,2006,0.0,38405.0,0.055777999999999994,-1.0379049999999999,QAT,FRA,420310
7520553,185,77,6864,2006,2148260.0,36015.0,0.550825,1.170744,ROU,FRA,420310
7520554,186,77,6864,2006,14585.0,4092648.0,0.801197,0.104683,RUS,FRA,420310
7520555,188,77,6864,2006,1088.0,252786.0,0.162432,-0.853059,SAU,FRA,420310
7520556,191,77,6864,2006,0.0,11206.0,-0.364713,-0.183612,SEN,FRA,420310
7520557,192,77,6864,2006,34663.0,111919.0,1.5377379999999998,0.503089,SGP,FRA,420310
7520558,201,77,6864,2006,10641.0,5753.0,0.547824,1.5588879999999998,SRB,FRA,420310
7520559,206,77,6864,2006,14090.0,18172.0,1.291583,0.868317,SVK,FRA,420310
7520560,207,77,6864,2006,118422.0,370732.0,1.5882370000000001,0.800719,SVN,FRA,420310
7520561,208,77,6864,2006,367506.0,573051.0,1.902737,0.593294,SWE,FRA,420310
7520562,211,77,6864,2006,1020.0,0.0,-0.344619,-0.796139,SYC,FRA,420310
7520563,212,77,6864,2006,29776.0,2384.0,-0.588695,0.532487,SYR,FRA,420310
7520564,213,77,6864,2006,8484.0,0.0,0.43692700000000007,-0.135696,TCA,FRA,420310
7520565,215,77,6864,2006,0.0,1255.0,-0.8304020000000001,-0.678178,TGO,FRA,420310
7520566,216,77,6864,2006,12376.0,12030.0,0.568209,1.685343,THA,FRA,420310
7520567,218,77,6864,2006,769399.0,0.0,0.335918,0.299589,TKL,FRA,420310
7520568,223,77,6864,2006,1563655.0,84535.0,-0.013636,0.804752,TUN,FRA,420310
7520569,224,77,6864,2006,32783464.0,800226.0,0.33971599999999996,2.193384,TUR,FRA,420310
7520570,226,77,6864,2006,0.0,1852.0,-0.953097,0.159129,TZA,FRA,420310
7520571,228,77,6864,2006,0.0,194025.0,0.7008439999999999,0.79656,UKR,FRA,420310
7520572,230,77,6864,2006,439240.0,7049.0,0.234384,0.118878,URY,FRA,420310
7520573,231,77,6864,2006,2509510.0,9971204.0,1.666643,-0.121679,USA,FRA,420310
7520574,236,77,6864,2006,0.0,17358.0,-0.340972,-1.015462,VEN,FRA,420310
7520575,239,77,6864,2006,1281784.0,0.0,-0.342779,1.033318,VNM,FRA,420310
7520576,246,77,6864,2006,11030.0,15953.0,0.37964499999999995,1.466326,ZAF,FRA,420310
7520577,249,77,6864,2006,37181.0,254574.0,1.619915,1.2289940000000001,TWN,FRA,420310
7520578,250,77,6864,2006,78087.0,0.0,0.711619,-0.41880200000000006,ANS,FRA,420310
7520579,5,81,6864,2006,0.0,7659.0,1.03128,0.402281,AND,GBR,420310
7520580,6,81,6864,2006,0.0,1771.0,0.251825,-0.629035,ANT,GBR,420310
7520581,7,81,6864,2006,28837.0,350784.0,0.053903999999999994,-0.735124,ARE,GBR,420310
7520582,8,81,6864,2006,81469.0,0.0,0.33055,0.665867,ARG,GBR,420310
7520583,14,81,6864,2006,206917.0,203987.0,0.067166,0.373148,AUS,GBR,420310
7520584,15,81,6864,2006,220422.0,234121.0,1.775669,0.192717,AUT,GBR,420310
7520585,18,81,6864,2006,2260035.0,1030302.0,1.2222540000000002,1.383027,BEL,GBR,420310
7520586,23,81,6864,2006,0.0,17337.0,0.414563,1.378005,BGR,GBR,420310
7520587,24,81,6864,2006,0.0,43777.0,0.172724,-0.9449879999999999,BHR,GBR,420310
7520588,26,81,6864,2006,0.0,5151.0,0.40788800000000003,0.562854,BIH,GBR,420310
7520589,28,81,6864,2006,0.0,7482.0,0.919853,0.384409,BLR,GBR,420310
7520590,31,81,6864,2006,5077.0,0.0,-0.805185,-0.754091,BOL,GBR,420310
7520591,32,81,6864,2006,11243.0,16380.0,0.633889,1.1474520000000001,BRA,GBR,420310
7520592,39,81,6864,2006,29905.0,332684.0,0.865685,1.1480489999999999,CAN,GBR,420310
7520593,41,81,6864,2006,2138902.0,601007.0,2.052534,0.515523,CHE,GBR,420310
7520594,42,81,6864,2006,0.0,1606.0,-0.188298,-0.46778000000000003,CHL,GBR,420310
7520595,43,81,6864,2006,42461292.0,64004.0,0.737888,2.54966,CHN,GBR,420310
7520596,49,81,6864,2006,1547.0,163584.0,0.129887,0.44371700000000003,COL,GBR,420310
7520597,58,81,6864,2006,10713.0,91697.0,0.708267,-0.048096,CYP,GBR,420310
7520598,59,81,6864,2006,4878.0,26444.0,1.564058,0.6023649999999999,CZE,GBR,420310
7520599,61,81,6864,2006,12061271.0,6969436.0,2.132566,-2.773669,DEU,GBR,420310
7520600,64,81,6864,2006,21282318.0,352278.0,1.2308700000000001,1.180914,DNK,GBR,420310
7520601,66,81,6864,2006,0.0,164086.0,-0.489962,-1.12456,DZA,GBR,420310
7520602,68,81,6864,2006,2782.0,0.0,-0.182272,0.40222399999999997,EGY,GBR,420310
7520603,71,81,6864,2006,3255287.0,1445552.0,0.9091370000000001,2.068166,ESP,GBR,420310
7520604,72,81,6864,2006,0.0,15685.0,0.6426350000000001,0.925003,EST,GBR,420310
7520605,74,81,6864,2006,16604.0,188352.0,1.864038,0.8193940000000001,FIN,GBR,420310
7520606,77,81,6864,2006,13069974.0,5383514.0,1.47591,0.489466,FRA,GBR,420310
7520607,78,81,6864,2006,0.0,923.0,-0.117631,-0.69352,FRO,GBR,420310
7520608,82,81,6864,2006,0.0,1264.0,0.076711,-0.47216099999999994,GEO,GBR,420310
7520609,84,81,6864,2006,0.0,24348.0,0.8370120000000001,-0.35099400000000003,GIB,GBR,420310
7520610,90,81,6864,2006,26180.0,2363264.0,0.261955,1.488958,GRC,GBR,420310
7520611,93,81,6864,2006,0.0,1272.0,-0.28642199999999995,0.5868439999999999,GTM,GBR,420310
7520612,96,81,6864,2006,0.0,26108.0,-0.813775,-0.8000649999999999,GUY,GBR,420310
7520613,97,81,6864,2006,431274.0,329569.0,0.5776319999999999,2.076782,HKG,GBR,420310
7520614,100,81,6864,2006,0.0,6637.0,0.755787,0.992614,HRV,GBR,420310
7520615,102,81,6864,2006,0.0,12561.0,1.4034309999999999,0.835144,HUN,GBR,420310
7520616,103,81,6864,2006,46380.0,1502.0,-0.21012399999999998,1.467838,IDN,GBR,420310
7520617,104,81,6864,2006,21925418.0,43982.0,0.285652,2.731318,IND,GBR,420310
7520618,106,81,6864,2006,686297.0,8881526.0,1.43804,0.06463200000000001,IRL,GBR,420310
7520619,107,81,6864,2006,3470.0,2517.0,-0.391023,-0.767861,IRN,GBR,420310
7520620,109,81,6864,2006,0.0,174801.0,0.170234,-0.302203,ISL,GBR,420310
7520621,110,81,6864,2006,1356.0,4351.0,1.3082129999999998,0.783845,ISR,GBR,420310
7520622,111,81,6864,2006,30196808.0,2558227.0,1.293779,0.93995,ITA,GBR,420310
7520623,113,81,6864,2006,0.0,9820.0,0.166718,0.331248,JOR,GBR,420310
7520624,114,81,6864,2006,81820.0,1874722.0,2.4348099999999997,0.082887,JPN,GBR,420310
7520625,115,81,6864,2006,0.0,7122.0,0.038229,-0.579421,KAZ,GBR,420310
7520626,116,81,6864,2006,0.0,5835.0,-0.38287899999999997,1.060286,KEN,GBR,420310
7520627,117,81,6864,2006,0.0,1038.0,-0.034069,0.136694,KGZ,GBR,420310
7520628,121,81,6864,2006,24641.0,368924.0,1.5384309999999999,0.766628,KOR,GBR,420310
7520629,122,81,6864,2006,0.0,68794.0,-0.589823,-1.142795,KWT,GBR,420310
7520630,124,81,6864,2006,3677.0,8873.0,0.3861,1.586183,LBN,GBR,420310
7520631,126,81,6864,2006,0.0,11317.0,-0.518724,-1.142074,LBY,GBR,420310
7520632,128,81,6864,2006,16310.0,7486.0,-0.573767,0.305913,LKA,GBR,420310
7520633,130,81,6864,2006,140068.0,129792.0,0.44063599999999997,1.163857,LTU,GBR,420310
7520634,131,81,6864,2006,291135.0,18603.0,1.4345620000000001,0.8840819999999999,LUX,GBR,420310
7520635,132,81,6864,2006,0.0,20544.0,0.531375,0.9414170000000001,LVA,GBR,420310
7520636,134,81,6864,2006,1093.0,34196.0,-0.547933,0.08257300000000001,MAR,GBR,420310
7520637,138,81,6864,2006,48369.0,46566.0,1.047268,0.7142270000000001,MEX,GBR,420310
7520638,142,81,6864,2006,14905.0,53363.0,1.384411,0.093734,MLT,GBR,420310
7520639,151,81,6864,2006,3659430.0,0.0,-0.311109,-0.07267,MUS,GBR,420310
7520640,153,81,6864,2006,20830.0,4194.0,0.7896569999999999,0.363625,MYS,GBR,420310
7520641,159,81,6864,2006,0.0,3640.0,-2.094353,-1.215025,NGA,GBR,420310
7520642,162,81,6864,2006,3016215.0,924177.0,1.192134,1.450852,NLD,GBR,420310
7520643,163,81,6864,2006,5620.0,414252.0,1.0787930000000001,0.014051,NOR,GBR,420310
7520644,164,81,6864,2006,109918.0,0.0,-0.29672600000000005,0.665077,NPL,GBR,420310
7520645,166,81,6864,2006,16253.0,60577.0,0.5371,0.8240209999999999,NZL,GBR,420310
7520646,167,81,6864,2006,0.0,1983.0,-0.6373989999999999,-1.092554,OMN,GBR,420310
7520647,168,81,6864,2006,24322322.0,32631.0,-0.449333,0.563013,PAK,GBR,420310
7520648,174,81,6864,2006,16200.0,0.0,0.161994,0.036631,PHL,GBR,420310
7520649,177,81,6864,2006,102082.0,484034.0,0.991927,1.474418,POL,GBR,420310
7520650,179,81,6864,2006,12421.0,533148.0,0.5723630000000001,1.92303,PRT,GBR,420310
7520651,183,81,6864,2006,0.0,36988.0,0.055777999999999994,-1.0379049999999999,QAT,GBR,420310
7520652,185,81,6864,2006,98626.0,21840.0,0.550825,1.170744,ROU,GBR,420310
7520653,186,81,6864,2006,0.0,203051.0,0.801197,0.104683,RUS,GBR,420310
7520654,188,81,6864,2006,0.0,120488.0,0.162432,-0.853059,SAU,GBR,420310
7520655,192,81,6864,2006,139450.0,63850.0,1.5377379999999998,0.503089,SGP,GBR,420310
7520656,201,81,6864,2006,0.0,16040.0,0.547824,1.5588879999999998,SRB,GBR,420310
7520657,206,81,6864,2006,0.0,228398.0,1.291583,0.868317,SVK,GBR,420310
7520658,207,81,6864,2006,36065.0,1211.0,1.5882370000000001,0.800719,SVN,GBR,420310
7520659,208,81,6864,2006,279680.0,356319.0,1.902737,0.593294,SWE,GBR,420310
7520660,211,81,6864,2006,0.0,1374.0,-0.344619,-0.796139,SYC,GBR,420310
7520661,212,81,6864,2006,3219.0,0.0,-0.588695,0.532487,SYR,GBR,420310
7520662,216,81,6864,2006,131757.0,5995.0,0.568209,1.685343,THA,GBR,420310
7520663,223,81,6864,2006,18848.0,0.0,-0.013636,0.804752,TUN,GBR,420310
7520664,224,81,6864,2006,6988024.0,212166.0,0.33971599999999996,2.193384,TUR,GBR,420310
7520665,227,81,6864,2006,19172.0,1640.0,-0.702511,-0.43976099999999996,UGA,GBR,420310
7520666,228,81,6864,2006,0.0,43889.0,0.7008439999999999,0.79656,UKR,GBR,420310
7520667,230,81,6864,2006,40370.0,0.0,0.234384,0.118878,URY,GBR,420310
7520668,231,81,6864,2006,11511110.0,3322280.0,1.666643,-0.121679,USA,GBR,420310
7520669,236,81,6864,2006,10742.0,5424.0,-0.340972,-1.015462,VEN,GBR,420310
7520670,239,81,6864,2006,1156004.0,3035.0,-0.342779,1.033318,VNM,GBR,420310
7520671,246,81,6864,2006,6904.0,39322.0,0.37964499999999995,1.466326,ZAF,GBR,420310
7520672,249,81,6864,2006,39791.0,56128.0,1.619915,1.2289940000000001,TWN,GBR,420310
7520673,4,90,6864,2006,0.0,3297.0,-0.340932,-0.06302200000000001,ALB,GRC,420310
7520674,7,90,6864,2006,11613.0,1241.0,0.053903999999999994,-0.735124,ARE,GRC,420310
7520675,8,90,6864,2006,5333.0,1180.0,0.33055,0.665867,ARG,GRC,420310
7520676,9,90,6864,2006,0.0,718.0,0.14539100000000002,-0.558014,ARM,GRC,420310
7520677,14,90,6864,2006,0.0,7015.0,0.067166,0.373148,AUS,GRC,420310
7520678,15,90,6864,2006,343866.0,25778.0,1.775669,0.192717,AUT,GRC,420310
7520679,18,90,6864,2006,1258631.0,24889.0,1.2222540000000002,1.383027,BEL,GRC,420310
7520680,22,90,6864,2006,4519.0,0.0,-1.0305309999999999,-0.80937,BGD,GRC,420310
7520681,23,90,6864,2006,638643.0,52345.0,0.414563,1.378005,BGR,GRC,420310
7520682,32,90,6864,2006,9565.0,0.0,0.633889,1.1474520000000001,BRA,GRC,420310
7520683,39,90,6864,2006,40274.0,11546.0,0.865685,1.1480489999999999,CAN,GRC,420310
7520684,41,90,6864,2006,517864.0,70542.0,2.052534,0.515523,CHE,GRC,420310
7520685,43,90,6864,2006,4403266.0,10448.0,0.737888,2.54966,CHN,GRC,420310
7520686,49,90,6864,2006,3212.0,0.0,0.129887,0.44371700000000003,COL,GRC,420310
7520687,58,90,6864,2006,242454.0,349632.0,0.708267,-0.048096,CYP,GRC,420310
7520688,59,90,6864,2006,10537.0,53747.0,1.564058,0.6023649999999999,CZE,GRC,420310
7520689,61,90,6864,2006,4763402.0,315681.0,2.132566,-2.773669,DEU,GRC,420310
7520690,64,90,6864,2006,406037.0,47442.0,1.2308700000000001,1.180914,DNK,GRC,420310
7520691,68,90,6864,2006,20317.0,0.0,-0.182272,0.40222399999999997,EGY,GRC,420310
7520692,71,90,6864,2006,2333318.0,630353.0,0.9091370000000001,2.068166,ESP,GRC,420310
7520693,77,90,6864,2006,4165377.0,140533.0,1.47591,0.489466,FRA,GRC,420310
7520694,81,90,6864,2006,2363264.0,26180.0,1.824154,0.614424,GBR,GRC,420310
7520695,97,90,6864,2006,8469.0,10019.0,0.5776319999999999,2.076782,HKG,GRC,420310
7520696,100,90,6864,2006,0.0,14719.0,0.755787,0.992614,HRV,GRC,420310
7520697,102,90,6864,2006,0.0,14507.0,1.4034309999999999,0.835144,HUN,GRC,420310
7520698,103,90,6864,2006,1306.0,0.0,-0.21012399999999998,1.467838,IDN,GRC,420310
7520699,104,90,6864,2006,4700766.0,2892.0,0.285652,2.731318,IND,GRC,420310
7520700,106,90,6864,2006,3126.0,8245.0,1.43804,0.06463200000000001,IRL,GRC,420310
7520701,109,90,6864,2006,0.0,1568.0,0.170234,-0.302203,ISL,GRC,420310
7520702,110,90,6864,2006,8599.0,7351.0,1.3082129999999998,0.783845,ISR,GRC,420310
7520703,111,90,6864,2006,13471760.0,177789.0,1.293779,0.93995,ITA,GRC,420310
7520704,114,90,6864,2006,19744.0,17040.0,2.4348099999999997,0.082887,JPN,GRC,420310
7520705,121,90,6864,2006,2898.0,0.0,1.5384309999999999,0.766628,KOR,GRC,420310
7520706,122,90,6864,2006,0.0,10168.0,-0.589823,-1.142795,KWT,GRC,420310
7520707,124,90,6864,2006,47813.0,12484.0,0.3861,1.586183,LBN,GRC,420310
7520708,128,90,6864,2006,2191.0,0.0,-0.573767,0.305913,LKA,GRC,420310
7520709,131,90,6864,2006,144759.0,4448.0,1.4345620000000001,0.8840819999999999,LUX,GRC,420310
7520710,140,90,6864,2006,25844.0,36595.0,-0.21336,0.17674700000000002,MKD,GRC,420310
7520711,162,90,6864,2006,2154730.0,75484.0,1.192134,1.450852,NLD,GRC,420310
7520712,163,90,6864,2006,0.0,5857.0,1.0787930000000001,0.014051,NOR,GRC,420310
7520713,168,90,6864,2006,5046070.0,0.0,-0.449333,0.563013,PAK,GRC,420310
7520714,174,90,6864,2006,4444.0,0.0,0.161994,0.036631,PHL,GRC,420310
7520715,177,90,6864,2006,0.0,68938.0,0.991927,1.474418,POL,GRC,420310
7520716,179,90,6864,2006,77564.0,20407.0,0.5723630000000001,1.92303,PRT,GRC,420310
7520717,183,90,6864,2006,0.0,1381.0,0.055777999999999994,-1.0379049999999999,QAT,GRC,420310
7520718,185,90,6864,2006,14051.0,59099.0,0.550825,1.170744,ROU,GRC,420310
7520719,186,90,6864,2006,0.0,403690.0,0.801197,0.104683,RUS,GRC,420310
7520720,198,90,6864,2006,2755.0,0.0,1.3203340000000001,0.385184,SMR,GRC,420310
7520721,201,90,6864,2006,0.0,5342.0,0.547824,1.5588879999999998,SRB,GRC,420310
7520722,207,90,6864,2006,0.0,2321.0,1.5882370000000001,0.800719,SVN,GRC,420310
7520723,208,90,6864,2006,137888.0,3036.0,1.902737,0.593294,SWE,GRC,420310
7520724,224,90,6864,2006,4944446.0,256861.0,0.33971599999999996,2.193384,TUR,GRC,420310
7520725,228,90,6864,2006,0.0,42190.0,0.7008439999999999,0.79656,UKR,GRC,420310
7520726,230,90,6864,2006,231174.0,0.0,0.234384,0.118878,URY,GRC,420310
7520727,231,90,6864,2006,1130060.0,56436.0,1.666643,-0.121679,USA,GRC,420310
7520728,246,90,6864,2006,0.0,9803.0,0.37964499999999995,1.466326,ZAF,GRC,420310
7520729,8,93,6864,2006,19481.0,0.0,0.33055,0.665867,ARG,GTM,420310
7520730,41,93,6864,2006,2873.0,0.0,2.052534,0.515523,CHE,GTM,420310
7520731,49,93,6864,2006,5010.0,873.0,0.129887,0.44371700000000003,COL,GTM,420310
7520732,61,93,6864,2006,16380.0,0.0,2.132566,-2.773669,DEU,GTM,420310
7520733,64,93,6864,2006,979.0,0.0,1.2308700000000001,1.180914,DNK,GTM,420310
7520734,67,93,6864,2006,81685.0,0.0,-0.878583,-0.9462010000000001,ECU,GTM,420310
7520735,81,93,6864,2006,1272.0,0.0,1.824154,0.614424,GBR,GTM,420310
7520736,97,93,6864,2006,19653.0,0.0,0.5776319999999999,2.076782,HKG,GTM,420310
7520737,111,93,6864,2006,36615.0,0.0,1.293779,0.93995,ITA,GTM,420310
7520738,138,93,6864,2006,32340.0,0.0,1.047268,0.7142270000000001,MEX,GTM,420310
7520739,162,93,6864,2006,6717.0,0.0,1.192134,1.450852,NLD,GTM,420310
7520740,169,93,6864,2006,568809.0,0.0,0.306664,0.638533,PAN,GTM,420310
7520741,173,93,6864,2006,1455.0,0.0,-0.551095,0.044295,PER,GTM,420310
7520742,197,93,6864,2006,1918.0,0.0,-0.135312,0.140874,SLV,GTM,420310
7520743,231,93,6864,2006,1176959.0,0.0,1.666643,-0.121679,USA,GTM,420310
7520744,249,93,6864,2006,5895.0,0.0,1.619915,1.2289940000000001,TWN,GTM,420310
7520745,81,96,6864,2006,26108.0,0.0,1.824154,0.614424,GBR,GUY,420310
7520746,231,96,6864,2006,13299.0,0.0,1.666643,-0.121679,USA,GUY,420310
7520747,5,97,6864,2006,0.0,632.0,1.03128,0.402281,AND,HKG,420310
7520748,7,97,6864,2006,0.0,58284.0,0.053903999999999994,-0.735124,ARE,HKG,420310
7520749,8,97,6864,2006,1869.0,20523.0,0.33055,0.665867,ARG,HKG,420310
7520750,14,97,6864,2006,43320.0,325596.0,0.067166,0.373148,AUS,HKG,420310
7520751,15,97,6864,2006,218841.0,447322.0,1.775669,0.192717,AUT,HKG,420310
7520752,18,97,6864,2006,77403.0,245734.0,1.2222540000000002,1.383027,BEL,HKG,420310
7520753,22,97,6864,2006,0.0,4495.0,-1.0305309999999999,-0.80937,BGD,HKG,420310
7520754,23,97,6864,2006,0.0,4219.0,0.414563,1.378005,BGR,HKG,420310
7520755,24,97,6864,2006,0.0,5843.0,0.172724,-0.9449879999999999,BHR,HKG,420310
7520756,32,97,6864,2006,10420.0,204938.0,0.633889,1.1474520000000001,BRA,HKG,420310
7520757,39,97,6864,2006,15422.0,439935.0,0.865685,1.1480489999999999,CAN,HKG,420310
7520758,41,97,6864,2006,3134125.0,203160.0,2.052534,0.515523,CHE,HKG,420310
7520759,42,97,6864,2006,0.0,48414.0,-0.188298,-0.46778000000000003,CHL,HKG,420310
7520760,43,97,6864,2006,50657756.0,501085.0,0.737888,2.54966,CHN,HKG,420310
7520761,49,97,6864,2006,0.0,12808.0,0.129887,0.44371700000000003,COL,HKG,420310
7520762,58,97,6864,2006,0.0,17442.0,0.708267,-0.048096,CYP,HKG,420310
7520763,59,97,6864,2006,0.0,236904.0,1.564058,0.6023649999999999,CZE,HKG,420310
7520764,61,97,6864,2006,1975562.0,1638187.0,2.132566,-2.773669,DEU,HKG,420310
7520765,64,97,6864,2006,17442.0,212731.0,1.2308700000000001,1.180914,DNK,HKG,420310
7520766,71,97,6864,2006,606384.0,347325.0,0.9091370000000001,2.068166,ESP,HKG,420310
7520767,72,97,6864,2006,0.0,24133.0,0.6426350000000001,0.925003,EST,HKG,420310
7520768,74,97,6864,2006,7668.0,39495.0,1.864038,0.8193940000000001,FIN,HKG,420310
7520769,75,97,6864,2006,0.0,1655.0,-0.6554949999999999,-0.098284,FJI,HKG,420310
7520770,77,97,6864,2006,1454284.0,1062980.0,1.47591,0.489466,FRA,HKG,420310
7520771,78,97,6864,2006,0.0,1961.0,-0.117631,-0.69352,FRO,HKG,420310
7520772,81,97,6864,2006,329569.0,431274.0,1.824154,0.614424,GBR,HKG,420310
7520773,90,97,6864,2006,10019.0,8469.0,0.261955,1.488958,GRC,HKG,420310
7520774,93,97,6864,2006,0.0,19653.0,-0.28642199999999995,0.5868439999999999,GTM,HKG,420310
7520775,95,97,6864,2006,1348.0,145588.0,0.385261,-0.26928,GUM,HKG,420310
7520776,100,97,6864,2006,0.0,30817.0,0.755787,0.992614,HRV,HKG,420310
7520777,102,97,6864,2006,0.0,53783.0,1.4034309999999999,0.835144,HUN,HKG,420310
7520778,103,97,6864,2006,9173.0,5277.0,-0.21012399999999998,1.467838,IDN,HKG,420310
7520779,104,97,6864,2006,489499.0,59358.0,0.285652,2.731318,IND,HKG,420310
7520780,106,97,6864,2006,0.0,6374.0,1.43804,0.06463200000000001,IRL,HKG,420310
7520781,109,97,6864,2006,0.0,6734.0,0.170234,-0.302203,ISL,HKG,420310
7520782,110,97,6864,2006,0.0,380158.0,1.3082129999999998,0.783845,ISR,HKG,420310
7520783,111,97,6864,2006,9838597.0,247351.0,1.293779,0.93995,ITA,HKG,420310
7520784,113,97,6864,2006,0.0,5830.0,0.166718,0.331248,JOR,HKG,420310
7520785,114,97,6864,2006,291955.0,872601.0,2.4348099999999997,0.082887,JPN,HKG,420310
7520786,116,97,6864,2006,0.0,40506.0,-0.38287899999999997,1.060286,KEN,HKG,420310
7520787,118,97,6864,2006,0.0,792.0,-1.323365,-1.185827,KHM,HKG,420310
7520788,121,97,6864,2006,192980.0,164302.0,1.5384309999999999,0.766628,KOR,HKG,420310
7520789,122,97,6864,2006,0.0,1778.0,-0.589823,-1.142795,KWT,HKG,420310
7520790,124,97,6864,2006,4200.0,7910.0,0.3861,1.586183,LBN,HKG,420310
7520791,128,97,6864,2006,0.0,145154.0,-0.573767,0.305913,LKA,HKG,420310
7520792,131,97,6864,2006,1219.0,0.0,1.4345620000000001,0.8840819999999999,LUX,HKG,420310
7520793,132,97,6864,2006,0.0,35610.0,0.531375,0.9414170000000001,LVA,HKG,420310
7520794,133,97,6864,2006,23181.0,223987.0,-0.07118200000000001,-0.228354,MAC,HKG,420310
7520795,134,97,6864,2006,0.0,55969.0,-0.547933,0.08257300000000001,MAR,HKG,420310
7520796,138,97,6864,2006,0.0,19058.0,1.047268,0.7142270000000001,MEX,HKG,420310
7520797,142,97,6864,2006,0.0,4993.0,1.384411,0.093734,MLT,HKG,420310
7520798,145,97,6864,2006,18061.0,0.0,-1.147217,-1.0734709999999998,MNG,HKG,420310
7520799,151,97,6864,2006,0.0,39963.0,-0.311109,-0.07267,MUS,HKG,420310
7520800,153,97,6864,2006,5874.0,12686.0,0.7896569999999999,0.363625,MYS,HKG,420310
7520801,162,97,6864,2006,182466.0,1972115.0,1.192134,1.450852,NLD,HKG,420310
7520802,163,97,6864,2006,0.0,161977.0,1.0787930000000001,0.014051,NOR,HKG,420310
7520803,166,97,6864,2006,6350.0,42692.0,0.5371,0.8240209999999999,NZL,HKG,420310
7520804,168,97,6864,2006,2010013.0,0.0,-0.449333,0.563013,PAK,HKG,420310
7520805,169,97,6864,2006,0.0,68844.0,0.306664,0.638533,PAN,HKG,420310
7520806,173,97,6864,2006,3400.0,0.0,-0.551095,0.044295,PER,HKG,420310
7520807,174,97,6864,2006,17776.0,125285.0,0.161994,0.036631,PHL,HKG,420310
7520808,177,97,6864,2006,0.0,43493.0,0.991927,1.474418,POL,HKG,420310
7520809,179,97,6864,2006,4331.0,40684.0,0.5723630000000001,1.92303,PRT,HKG,420310
7520810,185,97,6864,2006,0.0,17150.0,0.550825,1.170744,ROU,HKG,420310
7520811,186,97,6864,2006,3189.0,49362.0,0.801197,0.104683,RUS,HKG,420310
7520812,188,97,6864,2006,0.0,11022.0,0.162432,-0.853059,SAU,HKG,420310
7520813,192,97,6864,2006,187239.0,1137295.0,1.5377379999999998,0.503089,SGP,HKG,420310
7520814,197,97,6864,2006,0.0,3216.0,-0.135312,0.140874,SLV,HKG,420310
7520815,201,97,6864,2006,0.0,1359.0,0.547824,1.5588879999999998,SRB,HKG,420310
7520816,206,97,6864,2006,0.0,90443.0,1.291583,0.868317,SVK,HKG,420310
7520817,207,97,6864,2006,0.0,861.0,1.5882370000000001,0.800719,SVN,HKG,420310
7520818,208,97,6864,2006,2049.0,736572.0,1.902737,0.593294,SWE,HKG,420310
7520819,216,97,6864,2006,7899.0,45468.0,0.568209,1.685343,THA,HKG,420310
7520820,223,97,6864,2006,0.0,12102.0,-0.013636,0.804752,TUN,HKG,420310
7520821,224,97,6864,2006,1473976.0,20292.0,0.33971599999999996,2.193384,TUR,HKG,420310
7520822,228,97,6864,2006,0.0,21154.0,0.7008439999999999,0.79656,UKR,HKG,420310
7520823,230,97,6864,2006,0.0,2649.0,0.234384,0.118878,URY,HKG,420310
7520824,231,97,6864,2006,4541576.0,4722221.0,1.666643,-0.121679,USA,HKG,420310
7520825,236,97,6864,2006,0.0,11245.0,-0.340972,-1.015462,VEN,HKG,420310
7520826,239,97,6864,2006,17011.0,33264.0,-0.342779,1.033318,VNM,HKG,420310
7520827,246,97,6864,2006,0.0,78188.0,0.37964499999999995,1.466326,ZAF,HKG,420310
7520828,249,97,6864,2006,1093580.0,877484.0,1.619915,1.2289940000000001,TWN,HKG,420310
7520829,250,97,6864,2006,0.0,5466.0,0.711619,-0.41880200000000006,ANS,HKG,420310
7520830,43,99,6864,2006,5907.0,0.0,0.737888,2.54966,CHN,HND,420310
7520831,61,99,6864,2006,2597.0,0.0,2.132566,-2.773669,DEU,HND,420310
7520832,71,99,6864,2006,5886.0,0.0,0.9091370000000001,2.068166,ESP,HND,420310
7520833,138,99,6864,2006,7158.0,0.0,1.047268,0.7142270000000001,MEX,HND,420310
7520834,169,99,6864,2006,1220.0,0.0,0.306664,0.638533,PAN,HND,420310
7520835,197,99,6864,2006,1484.0,0.0,-0.135312,0.140874,SLV,HND,420310
7520836,231,99,6864,2006,874923.0,265344.0,1.666643,-0.121679,USA,HND,420310
7520837,14,103,6864,2006,64327.0,17634.0,0.067166,0.373148,AUS,IDN,420310
7520838,15,103,6864,2006,0.0,6086.0,1.775669,0.192717,AUT,IDN,420310
7520839,18,103,6864,2006,0.0,38597.0,1.2222540000000002,1.383027,BEL,IDN,420310
7520840,32,103,6864,2006,0.0,23333.0,0.633889,1.1474520000000001,BRA,IDN,420310
7520841,39,103,6864,2006,0.0,80960.0,0.865685,1.1480489999999999,CAN,IDN,420310
7520842,41,103,6864,2006,0.0,2563.0,2.052534,0.515523,CHE,IDN,420310
7520843,42,103,6864,2006,0.0,1342.0,-0.188298,-0.46778000000000003,CHL,IDN,420310
7520844,43,103,6864,2006,17523.0,4966.0,0.737888,2.54966,CHN,IDN,420310
7520845,59,103,6864,2006,0.0,4060.0,1.564058,0.6023649999999999,CZE,IDN,420310
7520846,61,103,6864,2006,388026.0,357582.0,2.132566,-2.773669,DEU,IDN,420310
7520847,64,103,6864,2006,0.0,4582.0,1.2308700000000001,1.180914,DNK,IDN,420310
7520848,71,103,6864,2006,90502.0,8178.0,0.9091370000000001,2.068166,ESP,IDN,420310
7520849,75,103,6864,2006,0.0,2053.0,-0.6554949999999999,-0.098284,FJI,IDN,420310
7520850,77,103,6864,2006,0.0,31597.0,1.47591,0.489466,FRA,IDN,420310
7520851,81,103,6864,2006,1502.0,46380.0,1.824154,0.614424,GBR,IDN,420310
7520852,90,103,6864,2006,0.0,1306.0,0.261955,1.488958,GRC,IDN,420310
7520853,97,103,6864,2006,5277.0,9173.0,0.5776319999999999,2.076782,HKG,IDN,420310
7520854,100,103,6864,2006,0.0,942.0,0.755787,0.992614,HRV,IDN,420310
7520855,104,103,6864,2006,15282.0,0.0,0.285652,2.731318,IND,IDN,420310
7520856,106,103,6864,2006,0.0,1471.0,1.43804,0.06463200000000001,IRL,IDN,420310
7520857,109,103,6864,2006,0.0,278.0,0.170234,-0.302203,ISL,IDN,420310
7520858,111,103,6864,2006,11194.0,43928.0,1.293779,0.93995,ITA,IDN,420310
7520859,114,103,6864,2006,0.0,345653.0,2.4348099999999997,0.082887,JPN,IDN,420310
7520860,116,103,6864,2006,0.0,546.0,-0.38287899999999997,1.060286,KEN,IDN,420310
7520861,121,103,6864,2006,1614.0,33142.0,1.5384309999999999,0.766628,KOR,IDN,420310
7520862,122,103,6864,2006,0.0,4814.0,-0.589823,-1.142795,KWT,IDN,420310
7520863,138,103,6864,2006,0.0,2502.0,1.047268,0.7142270000000001,MEX,IDN,420310
7520864,153,103,6864,2006,0.0,4818.0,0.7896569999999999,0.363625,MYS,IDN,420310
7520865,162,103,6864,2006,0.0,36511.0,1.192134,1.450852,NLD,IDN,420310
7520866,163,103,6864,2006,0.0,26374.0,1.0787930000000001,0.014051,NOR,IDN,420310
7520867,166,103,6864,2006,0.0,12821.0,0.5371,0.8240209999999999,NZL,IDN,420310
7520868,168,103,6864,2006,15747.0,0.0,-0.449333,0.563013,PAK,IDN,420310
7520869,185,103,6864,2006,782.0,0.0,0.550825,1.170744,ROU,IDN,420310
7520870,186,103,6864,2006,0.0,11232.0,0.801197,0.104683,RUS,IDN,420310
7520871,192,103,6864,2006,170037.0,8587.0,1.5377379999999998,0.503089,SGP,IDN,420310
7520872,206,103,6864,2006,0.0,3713.0,1.291583,0.868317,SVK,IDN,420310
7520873,208,103,6864,2006,0.0,12086.0,1.902737,0.593294,SWE,IDN,420310
7520874,216,103,6864,2006,1168.0,0.0,0.568209,1.685343,THA,IDN,420310
7520875,224,103,6864,2006,29387.0,15467.0,0.33971599999999996,2.193384,TUR,IDN,420310
7520876,231,103,6864,2006,152380.0,1087922.0,1.666643,-0.121679,USA,IDN,420310
7520877,246,103,6864,2006,0.0,5300.0,0.37964499999999995,1.466326,ZAF,IDN,420310
7520878,249,103,6864,2006,0.0,14410.0,1.619915,1.2289940000000001,TWN,IDN,420310
7520879,1,104,6864,2006,0.0,17263.0,-0.626011,-0.6799689999999999,AFG,IND,420310
7520880,4,104,6864,2006,0.0,6748.0,-0.340932,-0.06302200000000001,ALB,IND,420310
7520881,5,104,6864,2006,0.0,1730.0,1.03128,0.402281,AND,IND,420310
7520882,7,104,6864,2006,15192.0,1656198.0,0.053903999999999994,-0.735124,ARE,IND,420310
7520883,8,104,6864,2006,0.0,196229.0,0.33055,0.665867,ARG,IND,420310
7520884,9,104,6864,2006,0.0,2791.0,0.14539100000000002,-0.558014,ARM,IND,420310
7520885,14,104,6864,2006,0.0,1133507.0,0.067166,0.373148,AUS,IND,420310
7520886,15,104,6864,2006,1317.0,1830893.0,1.775669,0.192717,AUT,IND,420310
7520887,18,104,6864,2006,3698.0,5177719.0,1.2222540000000002,1.383027,BEL,IND,420310
7520888,22,104,6864,2006,3599.0,2792.0,-1.0305309999999999,-0.80937,BGD,IND,420310
7520889,23,104,6864,2006,0.0,19587.0,0.414563,1.378005,BGR,IND,420310
7520890,24,104,6864,2006,0.0,10822.0,0.172724,-0.9449879999999999,BHR,IND,420310
7520891,26,104,6864,2006,0.0,1546.0,0.40788800000000003,0.562854,BIH,IND,420310
7520892,28,104,6864,2006,0.0,3518.0,0.919853,0.384409,BLR,IND,420310
7520893,32,104,6864,2006,0.0,60620.0,0.633889,1.1474520000000001,BRA,IND,420310
7520894,37,104,6864,2006,0.0,1306.0,-1.0541459999999998,-1.179286,BWA,IND,420310
7520895,39,104,6864,2006,5871.0,9538590.0,0.865685,1.1480489999999999,CAN,IND,420310
7520896,41,104,6864,2006,1118328.0,2657934.0,2.052534,0.515523,CHE,IND,420310
7520897,42,104,6864,2006,0.0,1270346.0,-0.188298,-0.46778000000000003,CHL,IND,420310
7520898,43,104,6864,2006,59424.0,156951.0,0.737888,2.54966,CHN,IND,420310
7520899,49,104,6864,2006,0.0,36716.0,0.129887,0.44371700000000003,COL,IND,420310
7520900,52,104,6864,2006,0.0,11112.0,0.042663,-0.376672,CRI,IND,420310
7520901,58,104,6864,2006,0.0,53943.0,0.708267,-0.048096,CYP,IND,420310
7520902,59,104,6864,2006,0.0,683294.0,1.564058,0.6023649999999999,CZE,IND,420310
7520903,61,104,6864,2006,317086.0,52056524.0,2.132566,-2.773669,DEU,IND,420310
7520904,64,104,6864,2006,17104.0,10912248.0,1.2308700000000001,1.180914,DNK,IND,420310
7520905,67,104,6864,2006,0.0,6346.0,-0.878583,-0.9462010000000001,ECU,IND,420310
7520906,68,104,6864,2006,0.0,6995.0,-0.182272,0.40222399999999997,EGY,IND,420310
7520907,71,104,6864,2006,271876.0,44418624.0,0.9091370000000001,2.068166,ESP,IND,420310
7520908,72,104,6864,2006,0.0,23360.0,0.6426350000000001,0.925003,EST,IND,420310
7520909,74,104,6864,2006,0.0,1374831.0,1.864038,0.8193940000000001,FIN,IND,420310
7520910,77,104,6864,2006,17471.0,22535000.0,1.47591,0.489466,FRA,IND,420310
7520911,78,104,6864,2006,0.0,8270.0,-0.117631,-0.69352,FRO,IND,420310
7520912,81,104,6864,2006,43982.0,21925418.0,1.824154,0.614424,GBR,IND,420310
7520913,82,104,6864,2006,0.0,8119.0,0.076711,-0.47216099999999994,GEO,IND,420310
7520914,84,104,6864,2006,0.0,49266.0,0.8370120000000001,-0.35099400000000003,GIB,IND,420310
7520915,90,104,6864,2006,2892.0,4700766.0,0.261955,1.488958,GRC,IND,420310
7520916,97,104,6864,2006,59358.0,489499.0,0.5776319999999999,2.076782,HKG,IND,420310
7520917,100,104,6864,2006,0.0,40442.0,0.755787,0.992614,HRV,IND,420310
7520918,102,104,6864,2006,0.0,612092.0,1.4034309999999999,0.835144,HUN,IND,420310
7520919,103,104,6864,2006,0.0,15282.0,-0.21012399999999998,1.467838,IDN,IND,420310
7520920,106,104,6864,2006,0.0,101086.0,1.43804,0.06463200000000001,IRL,IND,420310
7520921,107,104,6864,2006,0.0,14225.0,-0.391023,-0.767861,IRN,IND,420310
7520922,109,104,6864,2006,0.0,587.0,0.170234,-0.302203,ISL,IND,420310
7520923,110,104,6864,2006,0.0,220779.0,1.3082129999999998,0.783845,ISR,IND,420310
7520924,111,104,6864,2006,122067.0,45272068.0,1.293779,0.93995,ITA,IND,420310
7520925,113,104,6864,2006,0.0,5004.0,0.166718,0.331248,JOR,IND,420310
7520926,114,104,6864,2006,4478.0,850462.0,2.4348099999999997,0.082887,JPN,IND,420310
7520927,115,104,6864,2006,0.0,24509.0,0.038229,-0.579421,KAZ,IND,420310
7520928,116,104,6864,2006,0.0,22804.0,-0.38287899999999997,1.060286,KEN,IND,420310
7520929,117,104,6864,2006,0.0,8782.0,-0.034069,0.136694,KGZ,IND,420310
7520930,121,104,6864,2006,0.0,109794.0,1.5384309999999999,0.766628,KOR,IND,420310
7520931,122,104,6864,2006,0.0,20899.0,-0.589823,-1.142795,KWT,IND,420310
7520932,124,104,6864,2006,0.0,182551.0,0.3861,1.586183,LBN,IND,420310
7520933,126,104,6864,2006,0.0,42003.0,-0.518724,-1.142074,LBY,IND,420310
7520934,128,104,6864,2006,3730.0,21920.0,-0.573767,0.305913,LKA,IND,420310
7520935,130,104,6864,2006,0.0,351448.0,0.44063599999999997,1.163857,LTU,IND,420310
7520936,132,104,6864,2006,0.0,1742.0,0.531375,0.9414170000000001,LVA,IND,420310
7520937,133,104,6864,2006,0.0,6414.0,-0.07118200000000001,-0.228354,MAC,IND,420310
7520938,134,104,6864,2006,0.0,14194.0,-0.547933,0.08257300000000001,MAR,IND,420310
7520939,135,104,6864,2006,0.0,8911.0,-0.017707,0.135305,MDA,IND,420310
7520940,136,104,6864,2006,0.0,2875.0,-1.024657,-0.393395,MDG,IND,420310
7520941,138,104,6864,2006,0.0,128015.0,1.047268,0.7142270000000001,MEX,IND,420310
7520942,140,104,6864,2006,0.0,2783.0,-0.21336,0.17674700000000002,MKD,IND,420310
7520943,142,104,6864,2006,0.0,1737.0,1.384411,0.093734,MLT,IND,420310
7520944,144,104,6864,2006,0.0,8039.0,0.130773,-0.24674699999999997,MNE,IND,420310
7520945,151,104,6864,2006,0.0,20370.0,-0.311109,-0.07267,MUS,IND,420310
7520946,153,104,6864,2006,0.0,41996.0,0.7896569999999999,0.363625,MYS,IND,420310
7520947,156,104,6864,2006,0.0,1883.0,-0.135099,-0.7618779999999999,NCL,IND,420310
7520948,157,104,6864,2006,0.0,429.0,-0.554188,-0.708255,NER,IND,420310
7520949,159,104,6864,2006,0.0,2131.0,-2.094353,-1.215025,NGA,IND,420310
7520950,162,104,6864,2006,60884.0,10821232.0,1.192134,1.450852,NLD,IND,420310
7520951,163,104,6864,2006,0.0,1943752.0,1.0787930000000001,0.014051,NOR,IND,420310
7520952,164,104,6864,2006,0.0,1398.0,-0.29672600000000005,0.665077,NPL,IND,420310
7520953,166,104,6864,2006,0.0,175498.0,0.5371,0.8240209999999999,NZL,IND,420310
7520954,167,104,6864,2006,0.0,11528.0,-0.6373989999999999,-1.092554,OMN,IND,420310
7520955,168,104,6864,2006,21814.0,3485.0,-0.449333,0.563013,PAK,IND,420310
7520956,169,104,6864,2006,0.0,38044.0,0.306664,0.638533,PAN,IND,420310
7520957,173,104,6864,2006,0.0,302183.0,-0.551095,0.044295,PER,IND,420310
7520958,177,104,6864,2006,8963.0,597153.0,0.991927,1.474418,POL,IND,420310
7520959,179,104,6864,2006,1209.0,3558512.0,0.5723630000000001,1.92303,PRT,IND,420310
7520960,183,104,6864,2006,0.0,1356.0,0.055777999999999994,-1.0379049999999999,QAT,IND,420310
7520961,185,104,6864,2006,0.0,143891.0,0.550825,1.170744,ROU,IND,420310
7520962,186,104,6864,2006,0.0,63366.0,0.801197,0.104683,RUS,IND,420310
7520963,187,104,6864,2006,0.0,56787.0,-0.032827999999999996,-0.42937600000000004,RWA,IND,420310
7520964,188,104,6864,2006,0.0,46022.0,0.162432,-0.853059,SAU,IND,420310
7520965,192,104,6864,2006,56260.0,613792.0,1.5377379999999998,0.503089,SGP,IND,420310
7520966,196,104,6864,2006,0.0,4109.0,0.518163,-0.032742,SLE,IND,420310
7520967,197,104,6864,2006,0.0,16362.0,-0.135312,0.140874,SLV,IND,420310
7520968,201,104,6864,2006,0.0,9011.0,0.547824,1.5588879999999998,SRB,IND,420310
7520969,206,104,6864,2006,0.0,283486.0,1.291583,0.868317,SVK,IND,420310
7520970,207,104,6864,2006,0.0,52270.0,1.5882370000000001,0.800719,SVN,IND,420310
7520971,208,104,6864,2006,0.0,5030672.0,1.902737,0.593294,SWE,IND,420310
7520972,209,104,6864,2006,0.0,18119.0,0.750674,0.221306,SWZ,IND,420310
7520973,212,104,6864,2006,0.0,1738.0,-0.588695,0.532487,SYR,IND,420310
7520974,214,104,6864,2006,0.0,1166.0,-3.0579419999999997,-0.8926649999999999,TCD,IND,420310
7520975,216,104,6864,2006,1829.0,35285.0,0.568209,1.685343,THA,IND,420310
7520976,223,104,6864,2006,0.0,134546.0,-0.013636,0.804752,TUN,IND,420310
7520977,224,104,6864,2006,0.0,5135696.0,0.33971599999999996,2.193384,TUR,IND,420310
7520978,228,104,6864,2006,0.0,42952.0,0.7008439999999999,0.79656,UKR,IND,420310
7520979,230,104,6864,2006,0.0,8597.0,0.234384,0.118878,URY,IND,420310
7520980,231,104,6864,2006,34019.0,36705892.0,1.666643,-0.121679,USA,IND,420310
7520981,243,104,6864,2006,0.0,2808.0,-1.0407110000000002,-1.13042,YEM,IND,420310
7520982,246,104,6864,2006,0.0,870681.0,0.37964499999999995,1.466326,ZAF,IND,420310
7520983,247,104,6864,2006,0.0,2507.0,-0.5307,-0.793621,ZMB,IND,420310
7520984,249,104,6864,2006,1941.0,23948.0,1.619915,1.2289940000000001,TWN,IND,420310
7520985,250,104,6864,2006,214547.0,0.0,0.711619,-0.41880200000000006,ANS,IND,420310
7520986,7,106,6864,2006,8613.0,0.0,0.053903999999999994,-0.735124,ARE,IRL,420310
7520987,8,106,6864,2006,5530.0,0.0,0.33055,0.665867,ARG,IRL,420310
7520988,14,106,6864,2006,0.0,9531.0,0.067166,0.373148,AUS,IRL,420310
7520989,15,106,6864,2006,16301.0,5334.0,1.775669,0.192717,AUT,IRL,420310
7520990,18,106,6864,2006,48646.0,0.0,1.2222540000000002,1.383027,BEL,IRL,420310
7520991,22,106,6864,2006,40976.0,0.0,-1.0305309999999999,-0.80937,BGD,IRL,420310
7520992,39,106,6864,2006,0.0,2948.0,0.865685,1.1480489999999999,CAN,IRL,420310
7520993,41,106,6864,2006,59925.0,1781.0,2.052534,0.515523,CHE,IRL,420310
7520994,43,106,6864,2006,406436.0,0.0,0.737888,2.54966,CHN,IRL,420310
7520995,59,106,6864,2006,9558.0,0.0,1.564058,0.6023649999999999,CZE,IRL,420310
7520996,61,106,6864,2006,1502496.0,7736.0,2.132566,-2.773669,DEU,IRL,420310
7520997,64,106,6864,2006,920529.0,1629.0,1.2308700000000001,1.180914,DNK,IRL,420310
7520998,68,106,6864,2006,0.0,2079.0,-0.182272,0.40222399999999997,EGY,IRL,420310
7520999,71,106,6864,2006,431294.0,0.0,0.9091370000000001,2.068166,ESP,IRL,420310
7521000,74,106,6864,2006,2934.0,0.0,1.864038,0.8193940000000001,FIN,IRL,420310
7521001,77,106,6864,2006,207727.0,7323.0,1.47591,0.489466,FRA,IRL,420310
7521002,81,106,6864,2006,8881526.0,686297.0,1.824154,0.614424,GBR,IRL,420310
7521003,90,106,6864,2006,8245.0,3126.0,0.261955,1.488958,GRC,IRL,420310
7521004,97,106,6864,2006,6374.0,0.0,0.5776319999999999,2.076782,HKG,IRL,420310
7521005,102,106,6864,2006,7509.0,0.0,1.4034309999999999,0.835144,HUN,IRL,420310
7521006,103,106,6864,2006,1471.0,0.0,-0.21012399999999998,1.467838,IDN,IRL,420310
7521007,104,106,6864,2006,101086.0,0.0,0.285652,2.731318,IND,IRL,420310
7521008,111,106,6864,2006,484768.0,0.0,1.293779,0.93995,ITA,IRL,420310
7521009,114,106,6864,2006,0.0,4000.0,2.4348099999999997,0.082887,JPN,IRL,420310
7521010,121,106,6864,2006,1012.0,0.0,1.5384309999999999,0.766628,KOR,IRL,420310
7521011,128,106,6864,2006,13569.0,0.0,-0.573767,0.305913,LKA,IRL,420310
7521012,130,106,6864,2006,19280.0,0.0,0.44063599999999997,1.163857,LTU,IRL,420310
7521013,131,106,6864,2006,35301.0,0.0,1.4345620000000001,0.8840819999999999,LUX,IRL,420310
7521014,162,106,6864,2006,525271.0,14739.0,1.192134,1.450852,NLD,IRL,420310
7521015,163,106,6864,2006,37191.0,7518.0,1.0787930000000001,0.014051,NOR,IRL,420310
7521016,166,106,6864,2006,1903.0,1231.0,0.5371,0.8240209999999999,NZL,IRL,420310
7521017,168,106,6864,2006,211625.0,0.0,-0.449333,0.563013,PAK,IRL,420310
7521018,177,106,6864,2006,2631.0,0.0,0.991927,1.474418,POL,IRL,420310
7521019,179,106,6864,2006,3761.0,0.0,0.5723630000000001,1.92303,PRT,IRL,420310
7521020,185,106,6864,2006,1277.0,0.0,0.550825,1.170744,ROU,IRL,420310
7521021,205,106,6864,2006,1013.0,0.0,-0.754046,-0.872361,SUR,IRL,420310
7521022,207,106,6864,2006,2119.0,0.0,1.5882370000000001,0.800719,SVN,IRL,420310
7521023,208,106,6864,2006,4747.0,1143.0,1.902737,0.593294,SWE,IRL,420310
7521024,224,106,6864,2006,62656.0,18059.0,0.33971599999999996,2.193384,TUR,IRL,420310
7521025,231,106,6864,2006,357067.0,19866.0,1.666643,-0.121679,USA,IRL,420310
7521026,246,106,6864,2006,0.0,4398.0,0.37964499999999995,1.466326,ZAF,IRL,420310
7521027,249,106,6864,2006,20096.0,0.0,1.619915,1.2289940000000001,TWN,IRL,420310
7521028,8,110,6864,2006,5706.0,0.0,0.33055,0.665867,ARG,ISR,420310
7521029,14,110,6864,2006,4189.0,0.0,0.067166,0.373148,AUS,ISR,420310
7521030,15,110,6864,2006,16932.0,0.0,1.775669,0.192717,AUT,ISR,420310
7521031,18,110,6864,2006,12220.0,0.0,1.2222540000000002,1.383027,BEL,ISR,420310
7521032,39,110,6864,2006,0.0,2841.0,0.865685,1.1480489999999999,CAN,ISR,420310
7521033,41,110,6864,2006,8039.0,20537.0,2.052534,0.515523,CHE,ISR,420310
7521034,43,110,6864,2006,2628576.0,0.0,0.737888,2.54966,CHN,ISR,420310
7521035,58,110,6864,2006,2181.0,0.0,0.708267,-0.048096,CYP,ISR,420310
7521036,59,110,6864,2006,0.0,1003.0,1.564058,0.6023649999999999,CZE,ISR,420310
7521037,61,110,6864,2006,148739.0,0.0,2.132566,-2.773669,DEU,ISR,420310
7521038,64,110,6864,2006,1272.0,0.0,1.2308700000000001,1.180914,DNK,ISR,420310
7521039,71,110,6864,2006,161760.0,49006.0,0.9091370000000001,2.068166,ESP,ISR,420310
7521040,77,110,6864,2006,57965.0,1860.0,1.47591,0.489466,FRA,ISR,420310
7521041,81,110,6864,2006,4351.0,1356.0,1.824154,0.614424,GBR,ISR,420310
7521042,90,110,6864,2006,7351.0,8599.0,0.261955,1.488958,GRC,ISR,420310
7521043,97,110,6864,2006,380158.0,0.0,0.5776319999999999,2.076782,HKG,ISR,420310
7521044,102,110,6864,2006,8408.0,0.0,1.4034309999999999,0.835144,HUN,ISR,420310
7521045,104,110,6864,2006,220779.0,0.0,0.285652,2.731318,IND,ISR,420310
7521046,111,110,6864,2006,370098.0,44598.0,1.293779,0.93995,ITA,ISR,420310
7521047,132,110,6864,2006,1694.0,20892.0,0.531375,0.9414170000000001,LVA,ISR,420310
7521048,138,110,6864,2006,41913.0,0.0,1.047268,0.7142270000000001,MEX,ISR,420310
7521049,162,110,6864,2006,6325.0,0.0,1.192134,1.450852,NLD,ISR,420310
7521050,168,110,6864,2006,3638.0,0.0,-0.449333,0.563013,PAK,ISR,420310
7521051,192,110,6864,2006,0.0,4576.0,1.5377379999999998,0.503089,SGP,ISR,420310
7521052,216,110,6864,2006,951.0,0.0,0.568209,1.685343,THA,ISR,420310
7521053,224,110,6864,2006,445131.0,6565.0,0.33971599999999996,2.193384,TUR,ISR,420310
7521054,231,110,6864,2006,991993.0,61559.0,1.666643,-0.121679,USA,ISR,420310
7521055,1,111,6864,2006,0.0,1928.0,-0.626011,-0.6799689999999999,AFG,ITA,420310
7521056,2,111,6864,2006,0.0,5734.0,-2.0822979999999998,-1.176767,AGO,ITA,420310
7521057,4,111,6864,2006,0.0,29070.0,-0.340932,-0.06302200000000001,ALB,ITA,420310
7521058,5,111,6864,2006,4800.0,1443461.0,1.03128,0.402281,AND,ITA,420310
7521059,7,111,6864,2006,12170.0,1359552.0,0.053903999999999994,-0.735124,ARE,ITA,420310
7521060,8,111,6864,2006,111233.0,10420.0,0.33055,0.665867,ARG,ITA,420310
7521061,9,111,6864,2006,0.0,271346.0,0.14539100000000002,-0.558014,ARM,ITA,420310
7521062,10,111,6864,2006,0.0,1493.0,0.766232,-0.35907,ASM,ITA,420310
7521063,14,111,6864,2006,5624.0,1755790.0,0.067166,0.373148,AUS,ITA,420310
7521064,15,111,6864,2006,11938694.0,9105971.0,1.775669,0.192717,AUT,ITA,420310
7521065,16,111,6864,2006,0.0,453970.0,-0.521304,-1.035764,AZE,ITA,420310
7521066,18,111,6864,2006,1240360.0,8053698.0,1.2222540000000002,1.383027,BEL,ITA,420310
7521067,22,111,6864,2006,14751.0,0.0,-1.0305309999999999,-0.80937,BGD,ITA,420310
7521068,23,111,6864,2006,1112414.0,469388.0,0.414563,1.378005,BGR,ITA,420310
7521069,24,111,6864,2006,0.0,74581.0,0.172724,-0.9449879999999999,BHR,ITA,420310
7521070,25,111,6864,2006,0.0,20053.0,0.673694,-0.519608,BHS,ITA,420310
7521071,26,111,6864,2006,2063677.0,72572.0,0.40788800000000003,0.562854,BIH,ITA,420310
7521072,28,111,6864,2006,0.0,129466.0,0.919853,0.384409,BLR,ITA,420310
7521073,30,111,6864,2006,0.0,1377.0,0.491259,-0.603062,BMU,ITA,420310
7521074,31,111,6864,2006,0.0,11675.0,-0.805185,-0.754091,BOL,ITA,420310
7521075,32,111,6864,2006,30520.0,1191543.0,0.633889,1.1474520000000001,BRA,ITA,420310
7521076,34,111,6864,2006,0.0,2322.0,-1.331831,-0.9170940000000001,BRN,ITA,420310
7521077,39,111,6864,2006,37987.0,2465788.0,0.865685,1.1480489999999999,CAN,ITA,420310
7521078,41,111,6864,2006,4545038.0,60326608.0,2.052534,0.515523,CHE,ITA,420310
7521079,42,111,6864,2006,0.0,72916.0,-0.188298,-0.46778000000000003,CHL,ITA,420310
7521080,43,111,6864,2006,53236996.0,1846100.0,0.737888,2.54966,CHN,ITA,420310
7521081,44,111,6864,2006,0.0,1888.0,-0.8918530000000001,-0.8145819999999999,CIV,ITA,420310
7521082,46,111,6864,2006,0.0,29410.0,-1.542137,-1.086494,COD,ITA,420310
7521083,47,111,6864,2006,0.0,22078.0,-1.9903240000000002,-1.189925,COG,ITA,420310
7521084,49,111,6864,2006,0.0,104295.0,0.129887,0.44371700000000003,COL,ITA,420310
7521085,52,111,6864,2006,9624.0,4315.0,0.042663,-0.376672,CRI,ITA,420310
7521086,58,111,6864,2006,28288.0,827153.0,0.708267,-0.048096,CYP,ITA,420310
7521087,59,111,6864,2006,560030.0,1256737.0,1.564058,0.6023649999999999,CZE,ITA,420310
7521088,61,111,6864,2006,4274272.0,33760424.0,2.132566,-2.773669,DEU,ITA,420310
7521089,64,111,6864,2006,545842.0,1734856.0,1.2308700000000001,1.180914,DNK,ITA,420310
7521090,65,111,6864,2006,0.0,2084.0,-0.24073699999999998,0.049093,DOM,ITA,420310
7521091,66,111,6864,2006,0.0,25537.0,-0.489962,-1.12456,DZA,ITA,420310
7521092,67,111,6864,2006,0.0,35171.0,-0.878583,-0.9462010000000001,ECU,ITA,420310
7521093,68,111,6864,2006,4598.0,221875.0,-0.182272,0.40222399999999997,EGY,ITA,420310
7521094,71,111,6864,2006,3941539.0,25996246.0,0.9091370000000001,2.068166,ESP,ITA,420310
7521095,72,111,6864,2006,0.0,225836.0,0.6426350000000001,0.925003,EST,ITA,420310
7521096,73,111,6864,2006,0.0,1990.0,-0.9557180000000001,-0.9153479999999999,ETH,ITA,420310
7521097,74,111,6864,2006,4842.0,1319919.0,1.864038,0.8193940000000001,FIN,ITA,420310
7521098,77,111,6864,2006,18448920.0,47552472.0,1.47591,0.489466,FRA,ITA,420310
7521099,78,111,6864,2006,0.0,1056.0,-0.117631,-0.69352,FRO,ITA,420310
7521100,81,111,6864,2006,2558227.0,30196808.0,1.824154,0.614424,GBR,ITA,420310
7521101,82,111,6864,2006,0.0,5004.0,0.076711,-0.47216099999999994,GEO,ITA,420310
7521102,83,111,6864,2006,0.0,2476.0,-0.9934860000000001,-0.809318,GHA,ITA,420310
7521103,84,111,6864,2006,0.0,4888.0,0.8370120000000001,-0.35099400000000003,GIB,ITA,420310
7521104,90,111,6864,2006,177789.0,13471760.0,0.261955,1.488958,GRC,ITA,420310
7521105,93,111,6864,2006,0.0,36615.0,-0.28642199999999995,0.5868439999999999,GTM,ITA,420310
7521106,95,111,6864,2006,0.0,51594.0,0.385261,-0.26928,GUM,ITA,420310
7521107,97,111,6864,2006,247351.0,9838597.0,0.5776319999999999,2.076782,HKG,ITA,420310
7521108,100,111,6864,2006,3607999.0,1143278.0,0.755787,0.992614,HRV,ITA,420310
7521109,102,111,6864,2006,4030140.0,1353458.0,1.4034309999999999,0.835144,HUN,ITA,420310
7521110,103,111,6864,2006,43928.0,11194.0,-0.21012399999999998,1.467838,IDN,ITA,420310
7521111,104,111,6864,2006,45272068.0,122067.0,0.285652,2.731318,IND,ITA,420310
7521112,106,111,6864,2006,0.0,484768.0,1.43804,0.06463200000000001,IRL,ITA,420310
7521113,107,111,6864,2006,0.0,85176.0,-0.391023,-0.767861,IRN,ITA,420310
7521114,109,111,6864,2006,0.0,98922.0,0.170234,-0.302203,ISL,ITA,420310
7521115,110,111,6864,2006,44598.0,370098.0,1.3082129999999998,0.783845,ISR,ITA,420310
7521116,113,111,6864,2006,0.0,62216.0,0.166718,0.331248,JOR,ITA,420310
7521117,114,111,6864,2006,277732.0,31323312.0,2.4348099999999997,0.082887,JPN,ITA,420310
7521118,115,111,6864,2006,0.0,1369619.0,0.038229,-0.579421,KAZ,ITA,420310
7521119,117,111,6864,2006,0.0,1072.0,-0.034069,0.136694,KGZ,ITA,420310
7521120,121,111,6864,2006,226466.0,6084438.0,1.5384309999999999,0.766628,KOR,ITA,420310
7521121,122,111,6864,2006,2019.0,265403.0,-0.589823,-1.142795,KWT,ITA,420310
7521122,123,111,6864,2006,0.0,2450.0,-1.1707450000000001,-1.057348,LAO,ITA,420310
7521123,124,111,6864,2006,22586.0,382203.0,0.3861,1.586183,LBN,ITA,420310
7521124,126,111,6864,2006,0.0,156751.0,-0.518724,-1.142074,LBY,ITA,420310
7521125,130,111,6864,2006,51812.0,647934.0,0.44063599999999997,1.163857,LTU,ITA,420310
7521126,131,111,6864,2006,12589.0,1304904.0,1.4345620000000001,0.8840819999999999,LUX,ITA,420310
7521127,132,111,6864,2006,4396.0,806294.0,0.531375,0.9414170000000001,LVA,ITA,420310
7521128,133,111,6864,2006,0.0,30094.0,-0.07118200000000001,-0.228354,MAC,ITA,420310
7521129,134,111,6864,2006,1504710.0,35509.0,-0.547933,0.08257300000000001,MAR,ITA,420310
7521130,135,111,6864,2006,15412.0,7780.0,-0.017707,0.135305,MDA,ITA,420310
7521131,138,111,6864,2006,56332.0,1075936.0,1.047268,0.7142270000000001,MEX,ITA,420310
7521132,140,111,6864,2006,0.0,32174.0,-0.21336,0.17674700000000002,MKD,ITA,420310
7521133,142,111,6864,2006,0.0,49521.0,1.384411,0.093734,MLT,ITA,420310
7521134,144,111,6864,2006,0.0,135963.0,0.130773,-0.24674699999999997,MNE,ITA,420310
7521135,145,111,6864,2006,0.0,43806.0,-1.147217,-1.0734709999999998,MNG,ITA,420310
7521136,151,111,6864,2006,0.0,8363.0,-0.311109,-0.07267,MUS,ITA,420310
7521137,153,111,6864,2006,6466.0,81997.0,0.7896569999999999,0.363625,MYS,ITA,420310
7521138,155,111,6864,2006,2772.0,0.0,-0.515361,-0.8027350000000001,NAM,ITA,420310
7521139,156,111,6864,2006,0.0,22635.0,-0.135099,-0.7618779999999999,NCL,ITA,420310
7521140,159,111,6864,2006,0.0,3084.0,-2.094353,-1.215025,NGA,ITA,420310
7521141,162,111,6864,2006,2746057.0,7559254.0,1.192134,1.450852,NLD,ITA,420310
7521142,163,111,6864,2006,5936.0,888646.0,1.0787930000000001,0.014051,NOR,ITA,420310
7521143,166,111,6864,2006,0.0,103547.0,0.5371,0.8240209999999999,NZL,ITA,420310
7521144,167,111,6864,2006,0.0,23076.0,-0.6373989999999999,-1.092554,OMN,ITA,420310
7521145,168,111,6864,2006,5751378.0,44188.0,-0.449333,0.563013,PAK,ITA,420310
7521146,169,111,6864,2006,0.0,57440.0,0.306664,0.638533,PAN,ITA,420310
7521147,173,111,6864,2006,0.0,11378.0,-0.551095,0.044295,PER,ITA,420310
7521148,174,111,6864,2006,38383.0,19499.0,0.161994,0.036631,PHL,ITA,420310
7521149,177,111,6864,2006,7055352.0,2073616.0,0.991927,1.474418,POL,ITA,420310
7521150,179,111,6864,2006,122931.0,4617158.0,0.5723630000000001,1.92303,PRT,ITA,420310
7521151,182,111,6864,2006,0.0,772.0,-0.213329,-0.743599,PYF,ITA,420310
7521152,183,111,6864,2006,1466.0,199149.0,0.055777999999999994,-1.0379049999999999,QAT,ITA,420310
7521153,185,111,6864,2006,10048485.0,1529554.0,0.550825,1.170744,ROU,ITA,420310
7521154,186,111,6864,2006,61704.0,36208556.0,0.801197,0.104683,RUS,ITA,420310
7521155,188,111,6864,2006,7444.0,433387.0,0.162432,-0.853059,SAU,ITA,420310
7521156,191,111,6864,2006,0.0,2368.0,-0.364713,-0.183612,SEN,ITA,420310
7521157,192,111,6864,2006,2108.0,836707.0,1.5377379999999998,0.503089,SGP,ITA,420310
7521158,201,111,6864,2006,4423.0,401577.0,0.547824,1.5588879999999998,SRB,ITA,420310
7521159,205,111,6864,2006,0.0,8349.0,-0.754046,-0.872361,SUR,ITA,420310
7521160,206,111,6864,2006,1363484.0,309813.0,1.291583,0.868317,SVK,ITA,420310
7521161,207,111,6864,2006,572383.0,954287.0,1.5882370000000001,0.800719,SVN,ITA,420310
7521162,208,111,6864,2006,788139.0,2044739.0,1.902737,0.593294,SWE,ITA,420310
7521163,211,111,6864,2006,0.0,3780.0,-0.344619,-0.796139,SYC,ITA,420310
7521164,212,111,6864,2006,0.0,34178.0,-0.588695,0.532487,SYR,ITA,420310
7521165,213,111,6864,2006,7195.0,0.0,0.43692700000000007,-0.135696,TCA,ITA,420310
7521166,214,111,6864,2006,0.0,2237.0,-3.0579419999999997,-0.8926649999999999,TCD,ITA,420310
7521167,216,111,6864,2006,59163.0,67063.0,0.568209,1.685343,THA,ITA,420310
7521168,223,111,6864,2006,3521174.0,58700.0,-0.013636,0.804752,TUN,ITA,420310
7521169,224,111,6864,2006,10134030.0,1398475.0,0.33971599999999996,2.193384,TUR,ITA,420310
7521170,226,111,6864,2006,0.0,1830.0,-0.953097,0.159129,TZA,ITA,420310
7521171,228,111,6864,2006,9465910.0,6225785.0,0.7008439999999999,0.79656,UKR,ITA,420310
7521172,230,111,6864,2006,10231.0,3616.0,0.234384,0.118878,URY,ITA,420310
7521173,231,111,6864,2006,3989848.0,48603436.0,1.666643,-0.121679,USA,ITA,420310
7521174,232,111,6864,2006,0.0,108434.0,-0.457759,-0.784626,UZB,ITA,420310
7521175,236,111,6864,2006,0.0,88121.0,-0.340972,-1.015462,VEN,ITA,420310
7521176,239,111,6864,2006,207573.0,97114.0,-0.342779,1.033318,VNM,ITA,420310
7521177,246,111,6864,2006,0.0,418610.0,0.37964499999999995,1.466326,ZAF,ITA,420310
7521178,249,111,6864,2006,8788.0,1834079.0,1.619915,1.2289940000000001,TWN,ITA,420310
7521179,250,111,6864,2006,0.0,2067548.0,0.711619,-0.41880200000000006,ANS,ITA,420310
7521180,15,112,6864,2006,4829.0,0.0,1.775669,0.192717,AUT,JAM,420310
7521181,43,112,6864,2006,3046.0,0.0,0.737888,2.54966,CHN,JAM,420310
7521182,52,112,6864,2006,2938.0,0.0,0.042663,-0.376672,CRI,JAM,420310
7521183,61,112,6864,2006,5482.0,0.0,2.132566,-2.773669,DEU,JAM,420310
7521184,231,112,6864,2006,126023.0,0.0,1.666643,-0.121679,USA,JAM,420310
7521185,5,114,6864,2006,0.0,851.0,1.03128,0.402281,AND,JPN,420310
7521186,7,114,6864,2006,16356.0,6754.0,0.053903999999999994,-0.735124,ARE,JPN,420310
7521187,8,114,6864,2006,49257.0,0.0,0.33055,0.665867,ARG,JPN,420310
7521188,14,114,6864,2006,0.0,20731.0,0.067166,0.373148,AUS,JPN,420310
7521189,15,114,6864,2006,166962.0,18814.0,1.775669,0.192717,AUT,JPN,420310
7521190,18,114,6864,2006,166593.0,2780.0,1.2222540000000002,1.383027,BEL,JPN,420310
7521191,22,114,6864,2006,3040.0,0.0,-1.0305309999999999,-0.80937,BGD,JPN,420310
7521192,23,114,6864,2006,69197.0,0.0,0.414563,1.378005,BGR,JPN,420310
7521193,26,114,6864,2006,53932.0,0.0,0.40788800000000003,0.562854,BIH,JPN,420310
7521194,32,114,6864,2006,17520.0,3058.0,0.633889,1.1474520000000001,BRA,JPN,420310
7521195,39,114,6864,2006,191727.0,26056.0,0.865685,1.1480489999999999,CAN,JPN,420310
7521196,41,114,6864,2006,1928518.0,8206.0,2.052534,0.515523,CHE,JPN,420310
7521197,43,114,6864,2006,69943832.0,43514.0,0.737888,2.54966,CHN,JPN,420310
7521198,49,114,6864,2006,6376.0,0.0,0.129887,0.44371700000000003,COL,JPN,420310
7521199,59,114,6864,2006,15172.0,0.0,1.564058,0.6023649999999999,CZE,JPN,420310
7521200,61,114,6864,2006,2322145.0,78459.0,2.132566,-2.773669,DEU,JPN,420310
7521201,64,114,6864,2006,53821.0,0.0,1.2308700000000001,1.180914,DNK,JPN,420310
7521202,71,114,6864,2006,5932588.0,13213.0,0.9091370000000001,2.068166,ESP,JPN,420310
7521203,72,114,6864,2006,0.0,1227.0,0.6426350000000001,0.925003,EST,JPN,420310
7521204,74,114,6864,2006,228703.0,5391.0,1.864038,0.8193940000000001,FIN,JPN,420310
7521205,77,114,6864,2006,3598254.0,260172.0,1.47591,0.489466,FRA,JPN,420310
7521206,81,114,6864,2006,1874722.0,81820.0,1.824154,0.614424,GBR,JPN,420310
7521207,90,114,6864,2006,17040.0,19744.0,0.261955,1.488958,GRC,JPN,420310
7521208,97,114,6864,2006,872601.0,291955.0,0.5776319999999999,2.076782,HKG,JPN,420310
7521209,100,114,6864,2006,26345.0,895.0,0.755787,0.992614,HRV,JPN,420310
7521210,102,114,6864,2006,209349.0,2317.0,1.4034309999999999,0.835144,HUN,JPN,420310
7521211,103,114,6864,2006,345653.0,0.0,-0.21012399999999998,1.467838,IDN,JPN,420310
7521212,104,114,6864,2006,850462.0,4478.0,0.285652,2.731318,IND,JPN,420310
7521213,106,114,6864,2006,4000.0,0.0,1.43804,0.06463200000000001,IRL,JPN,420310
7521214,111,114,6864,2006,31323312.0,277732.0,1.293779,0.93995,ITA,JPN,420310
7521215,115,114,6864,2006,0.0,1607.0,0.038229,-0.579421,KAZ,JPN,420310
7521216,117,114,6864,2006,1908.0,0.0,-0.034069,0.136694,KGZ,JPN,420310
7521217,121,114,6864,2006,10379034.0,76625.0,1.5384309999999999,0.766628,KOR,JPN,420310
7521218,124,114,6864,2006,2422.0,3347.0,0.3861,1.586183,LBN,JPN,420310
7521219,133,114,6864,2006,0.0,31633.0,-0.07118200000000001,-0.228354,MAC,JPN,420310
7521220,134,114,6864,2006,216774.0,0.0,-0.547933,0.08257300000000001,MAR,JPN,420310
7521221,136,114,6864,2006,0.0,1723.0,-1.024657,-0.393395,MDG,JPN,420310
7521222,138,114,6864,2006,33888.0,0.0,1.047268,0.7142270000000001,MEX,JPN,420310
7521223,153,114,6864,2006,0.0,2524.0,0.7896569999999999,0.363625,MYS,JPN,420310
7521224,159,114,6864,2006,1832.0,0.0,-2.094353,-1.215025,NGA,JPN,420310
7521225,162,114,6864,2006,41124.0,21091.0,1.192134,1.450852,NLD,JPN,420310
7521226,164,114,6864,2006,56387.0,0.0,-0.29672600000000005,0.665077,NPL,JPN,420310
7521227,166,114,6864,2006,55059.0,1027.0,0.5371,0.8240209999999999,NZL,JPN,420310
7521228,168,114,6864,2006,2422433.0,0.0,-0.449333,0.563013,PAK,JPN,420310
7521229,174,114,6864,2006,486522.0,5756.0,0.161994,0.036631,PHL,JPN,420310
7521230,177,114,6864,2006,277764.0,0.0,0.991927,1.474418,POL,JPN,420310
7521231,179,114,6864,2006,2214.0,4070.0,0.5723630000000001,1.92303,PRT,JPN,420310
7521232,183,114,6864,2006,0.0,1702.0,0.055777999999999994,-1.0379049999999999,QAT,JPN,420310
7521233,185,114,6864,2006,556278.0,0.0,0.550825,1.170744,ROU,JPN,420310
7521234,186,114,6864,2006,3770.0,14431.0,0.801197,0.104683,RUS,JPN,420310
7521235,188,114,6864,2006,0.0,4671.0,0.162432,-0.853059,SAU,JPN,420310
7521236,192,114,6864,2006,13191.0,11355.0,1.5377379999999998,0.503089,SGP,JPN,420310
7521237,206,114,6864,2006,7479.0,0.0,1.291583,0.868317,SVK,JPN,420310
7521238,207,114,6864,2006,29611.0,0.0,1.5882370000000001,0.800719,SVN,JPN,420310
7521239,208,114,6864,2006,6555.0,0.0,1.902737,0.593294,SWE,JPN,420310
7521240,216,114,6864,2006,66262.0,7414.0,0.568209,1.685343,THA,JPN,420310
7521241,223,114,6864,2006,47839.0,0.0,-0.013636,0.804752,TUN,JPN,420310
7521242,224,114,6864,2006,1204333.0,44592.0,0.33971599999999996,2.193384,TUR,JPN,420310
7521243,228,114,6864,2006,219250.0,0.0,0.7008439999999999,0.79656,UKR,JPN,420310
7521244,231,114,6864,2006,25360526.0,411607.0,1.666643,-0.121679,USA,JPN,420310
7521245,236,114,6864,2006,4883.0,0.0,-0.340972,-1.015462,VEN,JPN,420310
7521246,239,114,6864,2006,100217.0,10030.0,-0.342779,1.033318,VNM,JPN,420310
7521247,246,114,6864,2006,1625.0,38707.0,0.37964499999999995,1.466326,ZAF,JPN,420310
7521248,249,114,6864,2006,2457.0,82221.0,1.619915,1.2289940000000001,TWN,JPN,420310
7521249,97,118,6864,2006,792.0,0.0,0.5776319999999999,2.076782,HKG,KHM,420310
7521250,138,118,6864,2006,0.0,1133.0,1.047268,0.7142270000000001,MEX,KHM,420310
7521251,162,118,6864,2006,0.0,16002.0,1.192134,1.450852,NLD,KHM,420310
7521252,5,121,6864,2006,13458.0,0.0,1.03128,0.402281,AND,KOR,420310
7521253,6,121,6864,2006,7744.0,0.0,0.251825,-0.629035,ANT,KOR,420310
7521254,7,121,6864,2006,0.0,995.0,0.053903999999999994,-0.735124,ARE,KOR,420310
7521255,8,121,6864,2006,14059.0,0.0,0.33055,0.665867,ARG,KOR,420310
7521256,14,121,6864,2006,19312.0,82842.0,0.067166,0.373148,AUS,KOR,420310
7521257,15,121,6864,2006,142878.0,364005.0,1.775669,0.192717,AUT,KOR,420310
7521258,18,121,6864,2006,20784.0,3849.0,1.2222540000000002,1.383027,BEL,KOR,420310
7521259,23,121,6864,2006,11659.0,0.0,0.414563,1.378005,BGR,KOR,420310
7521260,26,121,6864,2006,6304.0,0.0,0.40788800000000003,0.562854,BIH,KOR,420310
7521261,39,121,6864,2006,2158.0,99567.0,0.865685,1.1480489999999999,CAN,KOR,420310
7521262,41,121,6864,2006,970344.0,15589.0,2.052534,0.515523,CHE,KOR,420310
7521263,43,121,6864,2006,15660356.0,1153607.0,0.737888,2.54966,CHN,KOR,420310
7521264,59,121,6864,2006,15080.0,5817.0,1.564058,0.6023649999999999,CZE,KOR,420310
7521265,61,121,6864,2006,513875.0,487819.0,2.132566,-2.773669,DEU,KOR,420310
7521266,64,121,6864,2006,0.0,98662.0,1.2308700000000001,1.180914,DNK,KOR,420310
7521267,71,121,6864,2006,92327.0,3174.0,0.9091370000000001,2.068166,ESP,KOR,420310
7521268,72,121,6864,2006,0.0,7306.0,0.6426350000000001,0.925003,EST,KOR,420310
7521269,77,121,6864,2006,395323.0,107760.0,1.47591,0.489466,FRA,KOR,420310
7521270,81,121,6864,2006,368924.0,24641.0,1.824154,0.614424,GBR,KOR,420310
7521271,90,121,6864,2006,0.0,2898.0,0.261955,1.488958,GRC,KOR,420310
7521272,95,121,6864,2006,0.0,17097.0,0.385261,-0.26928,GUM,KOR,420310
7521273,97,121,6864,2006,164302.0,192980.0,0.5776319999999999,2.076782,HKG,KOR,420310
7521274,100,121,6864,2006,4058.0,8327.0,0.755787,0.992614,HRV,KOR,420310
7521275,102,121,6864,2006,21320.0,0.0,1.4034309999999999,0.835144,HUN,KOR,420310
7521276,103,121,6864,2006,33142.0,1614.0,-0.21012399999999998,1.467838,IDN,KOR,420310
7521277,104,121,6864,2006,109794.0,0.0,0.285652,2.731318,IND,KOR,420310
7521278,106,121,6864,2006,0.0,1012.0,1.43804,0.06463200000000001,IRL,KOR,420310
7521279,109,121,6864,2006,0.0,6651.0,0.170234,-0.302203,ISL,KOR,420310
7521280,111,121,6864,2006,6084438.0,226466.0,1.293779,0.93995,ITA,KOR,420310
7521281,114,121,6864,2006,76625.0,10379034.0,2.4348099999999997,0.082887,JPN,KOR,420310
7521282,115,121,6864,2006,0.0,50730.0,0.038229,-0.579421,KAZ,KOR,420310
7521283,122,121,6864,2006,0.0,13389.0,-0.589823,-1.142795,KWT,KOR,420310
7521284,124,121,6864,2006,2582.0,3373.0,0.3861,1.586183,LBN,KOR,420310
7521285,126,121,6864,2006,0.0,4338.0,-0.518724,-1.142074,LBY,KOR,420310
7521286,128,121,6864,2006,0.0,1250.0,-0.573767,0.305913,LKA,KOR,420310
7521287,130,121,6864,2006,10894.0,11601.0,0.44063599999999997,1.163857,LTU,KOR,420310
7521288,133,121,6864,2006,5089.0,0.0,-0.07118200000000001,-0.228354,MAC,KOR,420310
7521289,134,121,6864,2006,22514.0,0.0,-0.547933,0.08257300000000001,MAR,KOR,420310
7521290,138,121,6864,2006,1878.0,0.0,1.047268,0.7142270000000001,MEX,KOR,420310
7521291,145,121,6864,2006,972.0,14440.0,-1.147217,-1.0734709999999998,MNG,KOR,420310
7521292,162,121,6864,2006,18960.0,30277.0,1.192134,1.450852,NLD,KOR,420310
7521293,163,121,6864,2006,0.0,23511.0,1.0787930000000001,0.014051,NOR,KOR,420310
7521294,164,121,6864,2006,0.0,60433.0,-0.29672600000000005,0.665077,NPL,KOR,420310
7521295,166,121,6864,2006,3235.0,1606.0,0.5371,0.8240209999999999,NZL,KOR,420310
7521296,168,121,6864,2006,119370.0,3235.0,-0.449333,0.563013,PAK,KOR,420310
7521297,169,121,6864,2006,0.0,3406.0,0.306664,0.638533,PAN,KOR,420310
7521298,174,121,6864,2006,5850.0,12467.0,0.161994,0.036631,PHL,KOR,420310
7521299,177,121,6864,2006,176379.0,0.0,0.991927,1.474418,POL,KOR,420310
7521300,181,121,6864,2006,2311.0,0.0,-0.03464,-0.487188,PSE,KOR,420310
7521301,183,121,6864,2006,0.0,9954.0,0.055777999999999994,-1.0379049999999999,QAT,KOR,420310
7521302,185,121,6864,2006,60776.0,0.0,0.550825,1.170744,ROU,KOR,420310
7521303,186,121,6864,2006,0.0,1232534.0,0.801197,0.104683,RUS,KOR,420310
7521304,192,121,6864,2006,13018.0,64001.0,1.5377379999999998,0.503089,SGP,KOR,420310
7521305,201,121,6864,2006,0.0,956.0,0.547824,1.5588879999999998,SRB,KOR,420310
7521306,206,121,6864,2006,0.0,11918.0,1.291583,0.868317,SVK,KOR,420310
7521307,207,121,6864,2006,12025.0,0.0,1.5882370000000001,0.800719,SVN,KOR,420310
7521308,208,121,6864,2006,0.0,231340.0,1.902737,0.593294,SWE,KOR,420310
7521309,216,121,6864,2006,5864.0,0.0,0.568209,1.685343,THA,KOR,420310
7521310,223,121,6864,2006,2046.0,0.0,-0.013636,0.804752,TUN,KOR,420310
7521311,224,121,6864,2006,129982.0,4784.0,0.33971599999999996,2.193384,TUR,KOR,420310
7521312,228,121,6864,2006,2508.0,10530.0,0.7008439999999999,0.79656,UKR,KOR,420310
7521313,231,121,6864,2006,5086984.0,3469544.0,1.666643,-0.121679,USA,KOR,420310
7521314,239,121,6864,2006,48253.0,0.0,-0.342779,1.033318,VNM,KOR,420310
7521315,246,121,6864,2006,0.0,11765.0,0.37964499999999995,1.466326,ZAF,KOR,420310
7521316,249,121,6864,2006,21019.0,36113.0,1.619915,1.2289940000000001,TWN,KOR,420310
7521317,14,128,6864,2006,0.0,1573.0,0.067166,0.373148,AUS,LKA,420310
7521318,15,128,6864,2006,0.0,47027.0,1.775669,0.192717,AUT,LKA,420310
7521319,39,128,6864,2006,3493.0,45341.0,0.865685,1.1480489999999999,CAN,LKA,420310
7521320,59,128,6864,2006,0.0,1787.0,1.564058,0.6023649999999999,CZE,LKA,420310
7521321,61,128,6864,2006,139773.0,1357565.0,2.132566,-2.773669,DEU,LKA,420310
7521322,72,128,6864,2006,0.0,648.0,0.6426350000000001,0.925003,EST,LKA,420310
7521323,74,128,6864,2006,0.0,22684.0,1.864038,0.8193940000000001,FIN,LKA,420310
7521324,77,128,6864,2006,84642.0,36451.0,1.47591,0.489466,FRA,LKA,420310
7521325,81,128,6864,2006,7486.0,16310.0,1.824154,0.614424,GBR,LKA,420310
7521326,90,128,6864,2006,0.0,2191.0,0.261955,1.488958,GRC,LKA,420310
7521327,97,128,6864,2006,145154.0,0.0,0.5776319999999999,2.076782,HKG,LKA,420310
7521328,100,128,6864,2006,0.0,566.0,0.755787,0.992614,HRV,LKA,420310
7521329,104,128,6864,2006,21920.0,3730.0,0.285652,2.731318,IND,LKA,420310
7521330,106,128,6864,2006,0.0,13569.0,1.43804,0.06463200000000001,IRL,LKA,420310
7521331,108,128,6864,2006,0.0,4764.0,-2.029727,-0.8634219999999999,IRQ,LKA,420310
7521332,121,128,6864,2006,1250.0,0.0,1.5384309999999999,0.766628,KOR,LKA,420310
7521333,166,128,6864,2006,0.0,987.0,0.5371,0.8240209999999999,NZL,LKA,420310
7521334,177,128,6864,2006,0.0,6164.0,0.991927,1.474418,POL,LKA,420310
7521335,186,128,6864,2006,0.0,2645.0,0.801197,0.104683,RUS,LKA,420310
7521336,188,128,6864,2006,0.0,1090.0,0.162432,-0.853059,SAU,LKA,420310
7521337,192,128,6864,2006,1502.0,0.0,1.5377379999999998,0.503089,SGP,LKA,420310
7521338,207,128,6864,2006,0.0,1116.0,1.5882370000000001,0.800719,SVN,LKA,420310
7521339,231,128,6864,2006,37317.0,34113.0,1.666643,-0.121679,USA,LKA,420310
7521340,246,128,6864,2006,0.0,1755.0,0.37964499999999995,1.466326,ZAF,LKA,420310
7521341,8,138,6864,2006,37056.0,0.0,0.33055,0.665867,ARG,MEX,420310
7521342,14,138,6864,2006,0.0,44986.0,0.067166,0.373148,AUS,MEX,420310
7521343,15,138,6864,2006,44511.0,2571.0,1.775669,0.192717,AUT,MEX,420310
7521344,18,138,6864,2006,0.0,171107.0,1.2222540000000002,1.383027,BEL,MEX,420310
7521345,31,138,6864,2006,22035.0,0.0,-0.805185,-0.754091,BOL,MEX,420310
7521346,32,138,6864,2006,1455.0,16828.0,0.633889,1.1474520000000001,BRA,MEX,420310
7521347,39,138,6864,2006,67927.0,138296.0,0.865685,1.1480489999999999,CAN,MEX,420310
7521348,41,138,6864,2006,149587.0,8198.0,2.052534,0.515523,CHE,MEX,420310
7521349,42,138,6864,2006,59536.0,11186.0,-0.188298,-0.46778000000000003,CHL,MEX,420310
7521350,43,138,6864,2006,5582425.0,0.0,0.737888,2.54966,CHN,MEX,420310
7521351,49,138,6864,2006,200833.0,26285.0,0.129887,0.44371700000000003,COL,MEX,420310
7521352,52,138,6864,2006,0.0,11712.0,0.042663,-0.376672,CRI,MEX,420310
7521353,54,138,6864,2006,0.0,6983.0,0.204039,-0.5183260000000001,CUB,MEX,420310
7521354,59,138,6864,2006,3305.0,3777.0,1.564058,0.6023649999999999,CZE,MEX,420310
7521355,61,138,6864,2006,289197.0,32589.0,2.132566,-2.773669,DEU,MEX,420310
7521356,64,138,6864,2006,0.0,6383.0,1.2308700000000001,1.180914,DNK,MEX,420310
7521357,65,138,6864,2006,0.0,3390.0,-0.24073699999999998,0.049093,DOM,MEX,420310
7521358,67,138,6864,2006,3076.0,0.0,-0.878583,-0.9462010000000001,ECU,MEX,420310
7521359,71,138,6864,2006,3115028.0,30092.0,0.9091370000000001,2.068166,ESP,MEX,420310
7521360,74,138,6864,2006,974.0,0.0,1.864038,0.8193940000000001,FIN,MEX,420310
7521361,77,138,6864,2006,25179.0,0.0,1.47591,0.489466,FRA,MEX,420310
7521362,81,138,6864,2006,46566.0,48369.0,1.824154,0.614424,GBR,MEX,420310
7521363,93,138,6864,2006,0.0,32340.0,-0.28642199999999995,0.5868439999999999,GTM,MEX,420310
7521364,97,138,6864,2006,19058.0,0.0,0.5776319999999999,2.076782,HKG,MEX,420310
7521365,99,138,6864,2006,0.0,7158.0,-0.672074,-0.472138,HND,MEX,420310
7521366,102,138,6864,2006,21278.0,5296.0,1.4034309999999999,0.835144,HUN,MEX,420310
7521367,103,138,6864,2006,2502.0,0.0,-0.21012399999999998,1.467838,IDN,MEX,420310
7521368,104,138,6864,2006,128015.0,0.0,0.285652,2.731318,IND,MEX,420310
7521369,110,138,6864,2006,0.0,41913.0,1.3082129999999998,0.783845,ISR,MEX,420310
7521370,111,138,6864,2006,1075936.0,56332.0,1.293779,0.93995,ITA,MEX,420310
7521371,114,138,6864,2006,0.0,33888.0,2.4348099999999997,0.082887,JPN,MEX,420310
7521372,118,138,6864,2006,1133.0,0.0,-1.323365,-1.185827,KHM,MEX,420310
7521373,121,138,6864,2006,0.0,1878.0,1.5384309999999999,0.766628,KOR,MEX,420310
7521374,160,138,6864,2006,0.0,3881.0,-0.998825,-0.893867,NIC,MEX,420310
7521375,162,138,6864,2006,3625.0,0.0,1.192134,1.450852,NLD,MEX,420310
7521376,163,138,6864,2006,0.0,9655.0,1.0787930000000001,0.014051,NOR,MEX,420310
7521377,166,138,6864,2006,0.0,5463.0,0.5371,0.8240209999999999,NZL,MEX,420310
7521378,168,138,6864,2006,142137.0,0.0,-0.449333,0.563013,PAK,MEX,420310
7521379,174,138,6864,2006,1397.0,0.0,0.161994,0.036631,PHL,MEX,420310
7521380,177,138,6864,2006,27871.0,0.0,0.991927,1.474418,POL,MEX,420310
7521381,179,138,6864,2006,45089.0,0.0,0.5723630000000001,1.92303,PRT,MEX,420310
7521382,185,138,6864,2006,95459.0,0.0,0.550825,1.170744,ROU,MEX,420310
7521383,188,138,6864,2006,0.0,1277.0,0.162432,-0.853059,SAU,MEX,420310
7521384,207,138,6864,2006,20429.0,0.0,1.5882370000000001,0.800719,SVN,MEX,420310
7521385,208,138,6864,2006,0.0,4055.0,1.902737,0.593294,SWE,MEX,420310
7521386,223,138,6864,2006,28007.0,0.0,-0.013636,0.804752,TUN,MEX,420310
7521387,224,138,6864,2006,629694.0,0.0,0.33971599999999996,2.193384,TUR,MEX,420310
7521388,228,138,6864,2006,10718.0,0.0,0.7008439999999999,0.79656,UKR,MEX,420310
7521389,230,138,6864,2006,575362.0,0.0,0.234384,0.118878,URY,MEX,420310
7521390,231,138,6864,2006,2736120.0,4541846.0,1.666643,-0.121679,USA,MEX,420310
7521391,246,138,6864,2006,0.0,8836.0,0.37964499999999995,1.466326,ZAF,MEX,420310
7521392,250,138,6864,2006,0.0,10774.0,0.711619,-0.41880200000000006,ANS,MEX,420310
7521393,14,153,6864,2006,0.0,1254.0,0.067166,0.373148,AUS,MYS,420310
7521394,15,153,6864,2006,4318.0,0.0,1.775669,0.192717,AUT,MYS,420310
7521395,41,153,6864,2006,35366.0,0.0,2.052534,0.515523,CHE,MYS,420310
7521396,43,153,6864,2006,18175.0,0.0,0.737888,2.54966,CHN,MYS,420310
7521397,49,153,6864,2006,0.0,1098.0,0.129887,0.44371700000000003,COL,MYS,420310
7521398,61,153,6864,2006,50932.0,6335.0,2.132566,-2.773669,DEU,MYS,420310
7521399,64,153,6864,2006,0.0,3685.0,1.2308700000000001,1.180914,DNK,MYS,420310
7521400,71,153,6864,2006,38268.0,0.0,0.9091370000000001,2.068166,ESP,MYS,420310
7521401,81,153,6864,2006,4194.0,20830.0,1.824154,0.614424,GBR,MYS,420310
7521402,97,153,6864,2006,12686.0,5874.0,0.5776319999999999,2.076782,HKG,MYS,420310
7521403,103,153,6864,2006,4818.0,0.0,-0.21012399999999998,1.467838,IDN,MYS,420310
7521404,104,153,6864,2006,41996.0,0.0,0.285652,2.731318,IND,MYS,420310
7521405,111,153,6864,2006,81997.0,6466.0,1.293779,0.93995,ITA,MYS,420310
7521406,114,153,6864,2006,2524.0,0.0,2.4348099999999997,0.082887,JPN,MYS,420310
7521407,122,153,6864,2006,0.0,2742.0,-0.589823,-1.142795,KWT,MYS,420310
7521408,162,153,6864,2006,2755.0,0.0,1.192134,1.450852,NLD,MYS,420310
7521409,168,153,6864,2006,464954.0,0.0,-0.449333,0.563013,PAK,MYS,420310
7521410,183,153,6864,2006,0.0,6205.0,0.055777999999999994,-1.0379049999999999,QAT,MYS,420310
7521411,186,153,6864,2006,0.0,1513.0,0.801197,0.104683,RUS,MYS,420310
7521412,192,153,6864,2006,117648.0,22869.0,1.5377379999999998,0.503089,SGP,MYS,420310
7521413,216,153,6864,2006,9329.0,1891.0,0.568209,1.685343,THA,MYS,420310
7521414,224,153,6864,2006,1133.0,0.0,0.33971599999999996,2.193384,TUR,MYS,420310
7521415,231,153,6864,2006,95449.0,18855.0,1.666643,-0.121679,USA,MYS,420310
7521416,249,153,6864,2006,1933.0,0.0,1.619915,1.2289940000000001,TWN,MYS,420310
7521417,43,160,6864,2006,1736.0,0.0,0.737888,2.54966,CHN,NIC,420310
7521418,138,160,6864,2006,3881.0,0.0,1.047268,0.7142270000000001,MEX,NIC,420310
7521419,197,160,6864,2006,1871.0,0.0,-0.135312,0.140874,SLV,NIC,420310
7521420,231,160,6864,2006,114519.0,0.0,1.666643,-0.121679,USA,NIC,420310
7521421,5,162,6864,2006,0.0,13995.0,1.03128,0.402281,AND,NLD,420310
7521422,6,162,6864,2006,0.0,4542.0,0.251825,-0.629035,ANT,NLD,420310
7521423,7,162,6864,2006,5991.0,3708.0,0.053903999999999994,-0.735124,ARE,NLD,420310
7521424,8,162,6864,2006,22994.0,0.0,0.33055,0.665867,ARG,NLD,420310
7521425,14,162,6864,2006,2499.0,39544.0,0.067166,0.373148,AUS,NLD,420310
7521426,15,162,6864,2006,158903.0,1448268.0,1.775669,0.192717,AUT,NLD,420310
7521427,16,162,6864,2006,0.0,4846.0,-0.521304,-1.035764,AZE,NLD,420310
7521428,18,162,6864,2006,1832275.0,8701397.0,1.2222540000000002,1.383027,BEL,NLD,420310
7521429,23,162,6864,2006,0.0,4830.0,0.414563,1.378005,BGR,NLD,420310
7521430,26,162,6864,2006,0.0,1140.0,0.40788800000000003,0.562854,BIH,NLD,420310
7521431,32,162,6864,2006,4848.0,0.0,0.633889,1.1474520000000001,BRA,NLD,420310
7521432,39,162,6864,2006,21545.0,26066.0,0.865685,1.1480489999999999,CAN,NLD,420310
7521433,41,162,6864,2006,704490.0,1748677.0,2.052534,0.515523,CHE,NLD,420310
7521434,42,162,6864,2006,0.0,20407.0,-0.188298,-0.46778000000000003,CHL,NLD,420310
7521435,43,162,6864,2006,39428528.0,178531.0,0.737888,2.54966,CHN,NLD,420310
7521436,58,162,6864,2006,0.0,32325.0,0.708267,-0.048096,CYP,NLD,420310
7521437,59,162,6864,2006,38827.0,775066.0,1.564058,0.6023649999999999,CZE,NLD,420310
7521438,61,162,6864,2006,24107428.0,12696029.0,2.132566,-2.773669,DEU,NLD,420310
7521439,64,162,6864,2006,7384006.0,926990.0,1.2308700000000001,1.180914,DNK,NLD,420310
7521440,68,162,6864,2006,1192.0,3601.0,-0.182272,0.40222399999999997,EGY,NLD,420310
7521441,71,162,6864,2006,631026.0,4260954.0,0.9091370000000001,2.068166,ESP,NLD,420310
7521442,72,162,6864,2006,0.0,247547.0,0.6426350000000001,0.925003,EST,NLD,420310
7521443,74,162,6864,2006,12531.0,218076.0,1.864038,0.8193940000000001,FIN,NLD,420310
7521444,77,162,6864,2006,3624308.0,5191604.0,1.47591,0.489466,FRA,NLD,420310
7521445,78,162,6864,2006,0.0,1928.0,-0.117631,-0.69352,FRO,NLD,420310
7521446,81,162,6864,2006,924177.0,3016215.0,1.824154,0.614424,GBR,NLD,420310
7521447,82,162,6864,2006,0.0,1110.0,0.076711,-0.47216099999999994,GEO,NLD,420310
7521448,90,162,6864,2006,75484.0,2154730.0,0.261955,1.488958,GRC,NLD,420310
7521449,93,162,6864,2006,0.0,6717.0,-0.28642199999999995,0.5868439999999999,GTM,NLD,420310
7521450,97,162,6864,2006,1972115.0,182466.0,0.5776319999999999,2.076782,HKG,NLD,420310
7521451,100,162,6864,2006,0.0,340304.0,0.755787,0.992614,HRV,NLD,420310
7521452,102,162,6864,2006,2943.0,188070.0,1.4034309999999999,0.835144,HUN,NLD,420310
7521453,103,162,6864,2006,36511.0,0.0,-0.21012399999999998,1.467838,IDN,NLD,420310
7521454,104,162,6864,2006,10821232.0,60884.0,0.285652,2.731318,IND,NLD,420310
7521455,106,162,6864,2006,14739.0,525271.0,1.43804,0.06463200000000001,IRL,NLD,420310
7521456,109,162,6864,2006,0.0,20980.0,0.170234,-0.302203,ISL,NLD,420310
7521457,110,162,6864,2006,0.0,6325.0,1.3082129999999998,0.783845,ISR,NLD,420310
7521458,111,162,6864,2006,7559254.0,2746057.0,1.293779,0.93995,ITA,NLD,420310
7521459,113,162,6864,2006,0.0,2578.0,0.166718,0.331248,JOR,NLD,420310
7521460,114,162,6864,2006,21091.0,41124.0,2.4348099999999997,0.082887,JPN,NLD,420310
7521461,115,162,6864,2006,0.0,16656.0,0.038229,-0.579421,KAZ,NLD,420310
7521462,118,162,6864,2006,16002.0,0.0,-1.323365,-1.185827,KHM,NLD,420310
7521463,121,162,6864,2006,30277.0,18960.0,1.5384309999999999,0.766628,KOR,NLD,420310
7521464,122,162,6864,2006,0.0,1155.0,-0.589823,-1.142795,KWT,NLD,420310
7521465,124,162,6864,2006,0.0,14265.0,0.3861,1.586183,LBN,NLD,420310
7521466,130,162,6864,2006,3140.0,13551.0,0.44063599999999997,1.163857,LTU,NLD,420310
7521467,131,162,6864,2006,26159.0,73694.0,1.4345620000000001,0.8840819999999999,LUX,NLD,420310
7521468,132,162,6864,2006,0.0,12858.0,0.531375,0.9414170000000001,LVA,NLD,420310
7521469,134,162,6864,2006,5133.0,0.0,-0.547933,0.08257300000000001,MAR,NLD,420310
7521470,135,162,6864,2006,0.0,5789.0,-0.017707,0.135305,MDA,NLD,420310
7521471,138,162,6864,2006,0.0,3625.0,1.047268,0.7142270000000001,MEX,NLD,420310
7521472,140,162,6864,2006,0.0,5956.0,-0.21336,0.17674700000000002,MKD,NLD,420310
7521473,141,162,6864,2006,0.0,1052.0,-0.503462,-0.778836,MLI,NLD,420310
7521474,142,162,6864,2006,0.0,48101.0,1.384411,0.093734,MLT,NLD,420310
7521475,143,162,6864,2006,1041.0,0.0,-1.543679,-1.145623,MMR,NLD,420310
7521476,144,162,6864,2006,0.0,6112.0,0.130773,-0.24674699999999997,MNE,NLD,420310
7521477,151,162,6864,2006,134820.0,3591.0,-0.311109,-0.07267,MUS,NLD,420310
7521478,153,162,6864,2006,0.0,2755.0,0.7896569999999999,0.363625,MYS,NLD,420310
7521479,163,162,6864,2006,3694.0,156527.0,1.0787930000000001,0.014051,NOR,NLD,420310
7521480,166,162,6864,2006,0.0,77067.0,0.5371,0.8240209999999999,NZL,NLD,420310
7521481,168,162,6864,2006,14720025.0,54034.0,-0.449333,0.563013,PAK,NLD,420310
7521482,174,162,6864,2006,13881.0,0.0,0.161994,0.036631,PHL,NLD,420310
7521483,177,162,6864,2006,107204.0,549112.0,0.991927,1.474418,POL,NLD,420310
7521484,179,162,6864,2006,200407.0,1216825.0,0.5723630000000001,1.92303,PRT,NLD,420310
7521485,185,162,6864,2006,67395.0,234955.0,0.550825,1.170744,ROU,NLD,420310
7521486,186,162,6864,2006,0.0,152109.0,0.801197,0.104683,RUS,NLD,420310
7521487,192,162,6864,2006,24491.0,3723.0,1.5377379999999998,0.503089,SGP,NLD,420310
7521488,197,162,6864,2006,0.0,949.0,-0.135312,0.140874,SLV,NLD,420310
7521489,198,162,6864,2006,1256.0,0.0,1.3203340000000001,0.385184,SMR,NLD,420310
7521490,206,162,6864,2006,0.0,56853.0,1.291583,0.868317,SVK,NLD,420310
7521491,207,162,6864,2006,0.0,24951.0,1.5882370000000001,0.800719,SVN,NLD,420310
7521492,208,162,6864,2006,4272806.0,1024417.0,1.902737,0.593294,SWE,NLD,420310
7521493,216,162,6864,2006,1002.0,0.0,0.568209,1.685343,THA,NLD,420310
7521494,224,162,6864,2006,11649384.0,252907.0,0.33971599999999996,2.193384,TUR,NLD,420310
7521495,228,162,6864,2006,0.0,69754.0,0.7008439999999999,0.79656,UKR,NLD,420310
7521496,230,162,6864,2006,21915.0,0.0,0.234384,0.118878,URY,NLD,420310
7521497,231,162,6864,2006,1377242.0,118878.0,1.666643,-0.121679,USA,NLD,420310
7521498,239,162,6864,2006,20262.0,0.0,-0.342779,1.033318,VNM,NLD,420310
7521499,246,162,6864,2006,0.0,8665.0,0.37964499999999995,1.466326,ZAF,NLD,420310
7521500,249,162,6864,2006,1237.0,2282.0,1.619915,1.2289940000000001,TWN,NLD,420310
7521501,250,162,6864,2006,549.0,0.0,0.711619,-0.41880200000000006,ANS,NLD,420310
7521502,7,166,6864,2006,1518.0,0.0,0.053903999999999994,-0.735124,ARE,NZL,420310
7521503,14,166,6864,2006,780538.0,384548.0,0.067166,0.373148,AUS,NZL,420310
7521504,15,166,6864,2006,2425.0,763.0,1.775669,0.192717,AUT,NZL,420310
7521505,18,166,6864,2006,3384.0,0.0,1.2222540000000002,1.383027,BEL,NZL,420310
7521506,32,166,6864,2006,948.0,0.0,0.633889,1.1474520000000001,BRA,NZL,420310
7521507,39,166,6864,2006,0.0,6383.0,0.865685,1.1480489999999999,CAN,NZL,420310
7521508,41,166,6864,2006,60060.0,2937.0,2.052534,0.515523,CHE,NZL,420310
7521509,43,166,6864,2006,730769.0,13393.0,0.737888,2.54966,CHN,NZL,420310
7521510,61,166,6864,2006,5799.0,70794.0,2.132566,-2.773669,DEU,NZL,420310
7521511,64,166,6864,2006,0.0,1964.0,1.2308700000000001,1.180914,DNK,NZL,420310
7521512,71,166,6864,2006,1548.0,0.0,0.9091370000000001,2.068166,ESP,NZL,420310
7521513,74,166,6864,2006,2626.0,2253.0,1.864038,0.8193940000000001,FIN,NZL,420310
7521514,75,166,6864,2006,27769.0,1511.0,-0.6554949999999999,-0.098284,FJI,NZL,420310
7521515,77,166,6864,2006,42784.0,7719.0,1.47591,0.489466,FRA,NZL,420310
7521516,81,166,6864,2006,60577.0,16253.0,1.824154,0.614424,GBR,NZL,420310
7521517,97,166,6864,2006,42692.0,6350.0,0.5776319999999999,2.076782,HKG,NZL,420310
7521518,100,166,6864,2006,1036.0,0.0,0.755787,0.992614,HRV,NZL,420310
7521519,103,166,6864,2006,12821.0,0.0,-0.21012399999999998,1.467838,IDN,NZL,420310
7521520,104,166,6864,2006,175498.0,0.0,0.285652,2.731318,IND,NZL,420310
7521521,106,166,6864,2006,1231.0,1903.0,1.43804,0.06463200000000001,IRL,NZL,420310
7521522,111,166,6864,2006,103547.0,0.0,1.293779,0.93995,ITA,NZL,420310
7521523,114,166,6864,2006,1027.0,55059.0,2.4348099999999997,0.082887,JPN,NZL,420310
7521524,121,166,6864,2006,1606.0,3235.0,1.5384309999999999,0.766628,KOR,NZL,420310
7521525,128,166,6864,2006,987.0,0.0,-0.573767,0.305913,LKA,NZL,420310
7521526,131,166,6864,2006,0.0,1024.0,1.4345620000000001,0.8840819999999999,LUX,NZL,420310
7521527,132,166,6864,2006,0.0,2311.0,0.531375,0.9414170000000001,LVA,NZL,420310
7521528,138,166,6864,2006,5463.0,0.0,1.047268,0.7142270000000001,MEX,NZL,420310
7521529,151,166,6864,2006,1740.0,0.0,-0.311109,-0.07267,MUS,NZL,420310
7521530,162,166,6864,2006,77067.0,0.0,1.192134,1.450852,NLD,NZL,420310
7521531,168,166,6864,2006,274684.0,0.0,-0.449333,0.563013,PAK,NZL,420310
7521532,174,166,6864,2006,3472.0,0.0,0.161994,0.036631,PHL,NZL,420310
7521533,176,166,6864,2006,0.0,3834.0,-1.89409,-1.234731,PNG,NZL,420310
7521534,177,166,6864,2006,2194.0,887.0,0.991927,1.474418,POL,NZL,420310
7521535,185,166,6864,2006,9638.0,0.0,0.550825,1.170744,ROU,NZL,420310
7521536,192,166,6864,2006,0.0,1454.0,1.5377379999999998,0.503089,SGP,NZL,420310
7521537,223,166,6864,2006,1475.0,0.0,-0.013636,0.804752,TUN,NZL,420310
7521538,224,166,6864,2006,20022.0,0.0,0.33971599999999996,2.193384,TUR,NZL,420310
7521539,228,166,6864,2006,5114.0,0.0,0.7008439999999999,0.79656,UKR,NZL,420310
7521540,231,166,6864,2006,888704.0,56305.0,1.666643,-0.121679,USA,NZL,420310
7521541,239,166,6864,2006,14217.0,0.0,-0.342779,1.033318,VNM,NZL,420310
7521542,246,166,6864,2006,1468.0,0.0,0.37964499999999995,1.466326,ZAF,NZL,420310
7521543,249,166,6864,2006,0.0,4286.0,1.619915,1.2289940000000001,TWN,NZL,420310
7521544,250,166,6864,2006,7637.0,0.0,0.711619,-0.41880200000000006,ANS,NZL,420310
7521545,1,168,6864,2006,0.0,10976.0,-0.626011,-0.6799689999999999,AFG,PAK,420310
7521546,6,168,6864,2006,0.0,32354.0,0.251825,-0.629035,ANT,PAK,420310
7521547,7,168,6864,2006,2670.0,25123612.0,0.053903999999999994,-0.735124,ARE,PAK,420310
7521548,8,168,6864,2006,0.0,25796.0,0.33055,0.665867,ARG,PAK,420310
7521549,14,168,6864,2006,0.0,1938414.0,0.067166,0.373148,AUS,PAK,420310
7521550,15,168,6864,2006,0.0,438009.0,1.775669,0.192717,AUT,PAK,420310
7521551,17,168,6864,2006,3521.0,1682.0,-0.033711,-0.48450600000000005,BDI,PAK,420310
7521552,18,168,6864,2006,3043.0,11797800.0,1.2222540000000002,1.383027,BEL,PAK,420310
7521553,19,168,6864,2006,0.0,1831444.0,-0.8434360000000001,-0.798307,BEN,PAK,420310
7521554,22,168,6864,2006,0.0,28809.0,-1.0305309999999999,-0.80937,BGD,PAK,420310
7521555,23,168,6864,2006,0.0,130536.0,0.414563,1.378005,BGR,PAK,420310
7521556,24,168,6864,2006,0.0,195392.0,0.172724,-0.9449879999999999,BHR,PAK,420310
7521557,26,168,6864,2006,0.0,966.0,0.40788800000000003,0.562854,BIH,PAK,420310
7521558,28,168,6864,2006,0.0,2716.0,0.919853,0.384409,BLR,PAK,420310
7521559,32,168,6864,2006,0.0,68545.0,0.633889,1.1474520000000001,BRA,PAK,420310
7521560,34,168,6864,2006,0.0,3639.0,-1.331831,-0.9170940000000001,BRN,PAK,420310
7521561,37,168,6864,2006,0.0,2539674.0,-1.0541459999999998,-1.179286,BWA,PAK,420310
7521562,39,168,6864,2006,15653.0,6178532.0,0.865685,1.1480489999999999,CAN,PAK,420310
7521563,41,168,6864,2006,59130.0,1037816.0,2.052534,0.515523,CHE,PAK,420310
7521564,42,168,6864,2006,0.0,11742.0,-0.188298,-0.46778000000000003,CHL,PAK,420310
7521565,43,168,6864,2006,8146.0,311644.0,0.737888,2.54966,CHN,PAK,420310
7521566,49,168,6864,2006,0.0,39621.0,0.129887,0.44371700000000003,COL,PAK,420310
7521567,52,168,6864,2006,0.0,4601.0,0.042663,-0.376672,CRI,PAK,420310
7521568,58,168,6864,2006,0.0,91942.0,0.708267,-0.048096,CYP,PAK,420310
7521569,59,168,6864,2006,0.0,786257.0,1.564058,0.6023649999999999,CZE,PAK,420310
7521570,61,168,6864,2006,62677.0,27378572.0,2.132566,-2.773669,DEU,PAK,420310
7521571,64,168,6864,2006,0.0,4976010.0,1.2308700000000001,1.180914,DNK,PAK,420310
7521572,66,168,6864,2006,0.0,3351.0,-0.489962,-1.12456,DZA,PAK,420310
7521573,67,168,6864,2006,0.0,7900.0,-0.878583,-0.9462010000000001,ECU,PAK,420310
7521574,68,168,6864,2006,0.0,42767.0,-0.182272,0.40222399999999997,EGY,PAK,420310
7521575,71,168,6864,2006,16974.0,24219622.0,0.9091370000000001,2.068166,ESP,PAK,420310
7521576,72,168,6864,2006,0.0,319209.0,0.6426350000000001,0.925003,EST,PAK,420310
7521577,74,168,6864,2006,0.0,616797.0,1.864038,0.8193940000000001,FIN,PAK,420310
7521578,77,168,6864,2006,0.0,26893370.0,1.47591,0.489466,FRA,PAK,420310
7521579,81,168,6864,2006,32631.0,24322322.0,1.824154,0.614424,GBR,PAK,420310
7521580,84,168,6864,2006,0.0,2879.0,0.8370120000000001,-0.35099400000000003,GIB,PAK,420310
7521581,87,168,6864,2006,0.0,16229.0,-0.378539,-0.48427200000000004,GMB,PAK,420310
7521582,88,168,6864,2006,0.0,8574.0,-1.528471,-0.926991,GNB,PAK,420310
7521583,90,168,6864,2006,0.0,5046070.0,0.261955,1.488958,GRC,PAK,420310
7521584,92,168,6864,2006,0.0,25450.0,-1.0014,-0.935995,GRL,PAK,420310
7521585,97,168,6864,2006,0.0,2010013.0,0.5776319999999999,2.076782,HKG,PAK,420310
7521586,100,168,6864,2006,0.0,83493.0,0.755787,0.992614,HRV,PAK,420310
7521587,102,168,6864,2006,0.0,851335.0,1.4034309999999999,0.835144,HUN,PAK,420310
7521588,103,168,6864,2006,0.0,15747.0,-0.21012399999999998,1.467838,IDN,PAK,420310
7521589,104,168,6864,2006,3485.0,21814.0,0.285652,2.731318,IND,PAK,420310
7521590,106,168,6864,2006,0.0,211625.0,1.43804,0.06463200000000001,IRL,PAK,420310
7521591,107,168,6864,2006,0.0,11149330.0,-0.391023,-0.767861,IRN,PAK,420310
7521592,109,168,6864,2006,0.0,8129.0,0.170234,-0.302203,ISL,PAK,420310
7521593,110,168,6864,2006,0.0,3638.0,1.3082129999999998,0.783845,ISR,PAK,420310
7521594,111,168,6864,2006,44188.0,5751378.0,1.293779,0.93995,ITA,PAK,420310
7521595,113,168,6864,2006,0.0,5431.0,0.166718,0.331248,JOR,PAK,420310
7521596,114,168,6864,2006,0.0,2422433.0,2.4348099999999997,0.082887,JPN,PAK,420310
7521597,115,168,6864,2006,0.0,1921283.0,0.038229,-0.579421,KAZ,PAK,420310
7521598,116,168,6864,2006,0.0,334416.0,-0.38287899999999997,1.060286,KEN,PAK,420310
7521599,117,168,6864,2006,0.0,61356.0,-0.034069,0.136694,KGZ,PAK,420310
7521600,121,168,6864,2006,3235.0,119370.0,1.5384309999999999,0.766628,KOR,PAK,420310
7521601,122,168,6864,2006,0.0,453493.0,-0.589823,-1.142795,KWT,PAK,420310
7521602,123,168,6864,2006,0.0,89984.0,-1.1707450000000001,-1.057348,LAO,PAK,420310
7521603,124,168,6864,2006,0.0,33428.0,0.3861,1.586183,LBN,PAK,420310
7521604,126,168,6864,2006,0.0,8478.0,-0.518724,-1.142074,LBY,PAK,420310
7521605,130,168,6864,2006,0.0,12714.0,0.44063599999999997,1.163857,LTU,PAK,420310
7521606,131,168,6864,2006,0.0,91601.0,1.4345620000000001,0.8840819999999999,LUX,PAK,420310
7521607,132,168,6864,2006,0.0,52602.0,0.531375,0.9414170000000001,LVA,PAK,420310
7521608,134,168,6864,2006,0.0,30892.0,-0.547933,0.08257300000000001,MAR,PAK,420310
7521609,136,168,6864,2006,0.0,941.0,-1.024657,-0.393395,MDG,PAK,420310
7521610,138,168,6864,2006,0.0,142137.0,1.047268,0.7142270000000001,MEX,PAK,420310
7521611,140,168,6864,2006,0.0,2969.0,-0.21336,0.17674700000000002,MKD,PAK,420310
7521612,142,168,6864,2006,0.0,99390.0,1.384411,0.093734,MLT,PAK,420310
7521613,143,168,6864,2006,0.0,9336.0,-1.543679,-1.145623,MMR,PAK,420310
7521614,144,168,6864,2006,0.0,6584.0,0.130773,-0.24674699999999997,MNE,PAK,420310
7521615,151,168,6864,2006,0.0,1499.0,-0.311109,-0.07267,MUS,PAK,420310
7521616,153,168,6864,2006,0.0,464954.0,0.7896569999999999,0.363625,MYS,PAK,420310
7521617,155,168,6864,2006,0.0,129883.0,-0.515361,-0.8027350000000001,NAM,PAK,420310
7521618,156,168,6864,2006,0.0,481.0,-0.135099,-0.7618779999999999,NCL,PAK,420310
7521619,157,168,6864,2006,0.0,911604.0,-0.554188,-0.708255,NER,PAK,420310
7521620,159,168,6864,2006,0.0,424402.0,-2.094353,-1.215025,NGA,PAK,420310
7521621,162,168,6864,2006,54034.0,14720025.0,1.192134,1.450852,NLD,PAK,420310
7521622,163,168,6864,2006,0.0,1658520.0,1.0787930000000001,0.014051,NOR,PAK,420310
7521623,164,168,6864,2006,0.0,2231.0,-0.29672600000000005,0.665077,NPL,PAK,420310
7521624,165,168,6864,2006,0.0,27962.0,1.092365,-0.03394,NRU,PAK,420310
7521625,166,168,6864,2006,0.0,274684.0,0.5371,0.8240209999999999,NZL,PAK,420310
7521626,167,168,6864,2006,0.0,75207.0,-0.6373989999999999,-1.092554,OMN,PAK,420310
7521627,173,168,6864,2006,0.0,5791.0,-0.551095,0.044295,PER,PAK,420310
7521628,177,168,6864,2006,0.0,398396.0,0.991927,1.474418,POL,PAK,420310
7521629,179,168,6864,2006,0.0,1551288.0,0.5723630000000001,1.92303,PRT,PAK,420310
7521630,180,168,6864,2006,0.0,1658.0,-0.520435,-0.7839119999999999,PRY,PAK,420310
7521631,183,168,6864,2006,0.0,901517.0,0.055777999999999994,-1.0379049999999999,QAT,PAK,420310
7521632,185,168,6864,2006,0.0,58328.0,0.550825,1.170744,ROU,PAK,420310
7521633,186,168,6864,2006,0.0,917252.0,0.801197,0.104683,RUS,PAK,420310
7521634,188,168,6864,2006,0.0,5545931.0,0.162432,-0.853059,SAU,PAK,420310
7521635,190,168,6864,2006,0.0,729592.0,-1.873762,-1.278378,SDN,PAK,420310
7521636,192,168,6864,2006,0.0,102656.0,1.5377379999999998,0.503089,SGP,PAK,420310
7521637,197,168,6864,2006,0.0,11140.0,-0.135312,0.140874,SLV,PAK,420310
7521638,201,168,6864,2006,0.0,3153.0,0.547824,1.5588879999999998,SRB,PAK,420310
7521639,206,168,6864,2006,0.0,127738.0,1.291583,0.868317,SVK,PAK,420310
7521640,207,168,6864,2006,0.0,86179.0,1.5882370000000001,0.800719,SVN,PAK,420310
7521641,208,168,6864,2006,6612.0,5229542.0,1.902737,0.593294,SWE,PAK,420310
7521642,209,168,6864,2006,0.0,2922.0,0.750674,0.221306,SWZ,PAK,420310
7521643,216,168,6864,2006,0.0,205872.0,0.568209,1.685343,THA,PAK,420310
7521644,217,168,6864,2006,0.0,19996.0,-1.071326,-1.158325,TJK,PAK,420310
7521645,223,168,6864,2006,0.0,26720.0,-0.013636,0.804752,TUN,PAK,420310
7521646,224,168,6864,2006,0.0,3317940.0,0.33971599999999996,2.193384,TUR,PAK,420310
7521647,227,168,6864,2006,0.0,4533.0,-0.702511,-0.43976099999999996,UGA,PAK,420310
7521648,228,168,6864,2006,0.0,2795504.0,0.7008439999999999,0.79656,UKR,PAK,420310
7521649,230,168,6864,2006,0.0,2736.0,0.234384,0.118878,URY,PAK,420310
7521650,231,168,6864,2006,60917.0,47888864.0,1.666643,-0.121679,USA,PAK,420310
7521651,236,168,6864,2006,0.0,22487.0,-0.340972,-1.015462,VEN,PAK,420310
7521652,239,168,6864,2006,0.0,3200.0,-0.342779,1.033318,VNM,PAK,420310
7521653,243,168,6864,2006,0.0,4654.0,-1.0407110000000002,-1.13042,YEM,PAK,420310
7521654,246,168,6864,2006,0.0,54607232.0,0.37964499999999995,1.466326,ZAF,PAK,420310
7521655,249,168,6864,2006,0.0,390886.0,1.619915,1.2289940000000001,TWN,PAK,420310
7521656,250,168,6864,2006,0.0,28626.0,0.711619,-0.41880200000000006,ANS,PAK,420310
7521657,39,169,6864,2006,0.0,7162.0,0.865685,1.1480489999999999,CAN,PAN,420310
7521658,41,169,6864,2006,12777.0,0.0,2.052534,0.515523,CHE,PAN,420310
7521659,42,169,6864,2006,17696.0,2547.0,-0.188298,-0.46778000000000003,CHL,PAN,420310
7521660,43,169,6864,2006,67744.0,0.0,0.737888,2.54966,CHN,PAN,420310
7521661,49,169,6864,2006,56262.0,2409.0,0.129887,0.44371700000000003,COL,PAN,420310
7521662,52,169,6864,2006,7765.0,6873.0,0.042663,-0.376672,CRI,PAN,420310
7521663,61,169,6864,2006,30908.0,0.0,2.132566,-2.773669,DEU,PAN,420310
7521664,64,169,6864,2006,0.0,54373.0,1.2308700000000001,1.180914,DNK,PAN,420310
7521665,65,169,6864,2006,0.0,6364.0,-0.24073699999999998,0.049093,DOM,PAN,420310
7521666,71,169,6864,2006,23200.0,0.0,0.9091370000000001,2.068166,ESP,PAN,420310
7521667,77,169,6864,2006,4972.0,733.0,1.47591,0.489466,FRA,PAN,420310
7521668,93,169,6864,2006,0.0,568809.0,-0.28642199999999995,0.5868439999999999,GTM,PAN,420310
7521669,97,169,6864,2006,68844.0,0.0,0.5776319999999999,2.076782,HKG,PAN,420310
7521670,99,169,6864,2006,0.0,1220.0,-0.672074,-0.472138,HND,PAN,420310
7521671,104,169,6864,2006,38044.0,0.0,0.285652,2.731318,IND,PAN,420310
7521672,109,169,6864,2006,0.0,239.0,0.170234,-0.302203,ISL,PAN,420310
7521673,111,169,6864,2006,57440.0,0.0,1.293779,0.93995,ITA,PAN,420310
7521674,121,169,6864,2006,3406.0,0.0,1.5384309999999999,0.766628,KOR,PAN,420310
7521675,163,169,6864,2006,4835.0,0.0,1.0787930000000001,0.014051,NOR,PAN,420310
7521676,177,169,6864,2006,0.0,20491.0,0.991927,1.474418,POL,PAN,420310
7521677,197,169,6864,2006,0.0,3326.0,-0.135312,0.140874,SLV,PAN,420310
7521678,224,169,6864,2006,46707.0,0.0,0.33971599999999996,2.193384,TUR,PAN,420310
7521679,230,169,6864,2006,2324.0,0.0,0.234384,0.118878,URY,PAN,420310
7521680,231,169,6864,2006,4820866.0,0.0,1.666643,-0.121679,USA,PAN,420310
7521681,236,169,6864,2006,0.0,19431.0,-0.340972,-1.015462,VEN,PAN,420310
7521682,250,169,6864,2006,0.0,2962.0,0.711619,-0.41880200000000006,ANS,PAN,420310
7521683,8,173,6864,2006,10794.0,0.0,0.33055,0.665867,ARG,PER,420310
7521684,22,173,6864,2006,2058.0,0.0,-1.0305309999999999,-0.80937,BGD,PER,420310
7521685,31,173,6864,2006,6096.0,0.0,-0.805185,-0.754091,BOL,PER,420310
7521686,41,173,6864,2006,5245.0,0.0,2.052534,0.515523,CHE,PER,420310
7521687,42,173,6864,2006,4103.0,0.0,-0.188298,-0.46778000000000003,CHL,PER,420310
7521688,43,173,6864,2006,1733530.0,0.0,0.737888,2.54966,CHN,PER,420310
7521689,49,173,6864,2006,1062.0,0.0,0.129887,0.44371700000000003,COL,PER,420310
7521690,61,173,6864,2006,13067.0,0.0,2.132566,-2.773669,DEU,PER,420310
7521691,71,173,6864,2006,8144.0,0.0,0.9091370000000001,2.068166,ESP,PER,420310
7521692,77,173,6864,2006,0.0,1968.0,1.47591,0.489466,FRA,PER,420310
7521693,93,173,6864,2006,0.0,1455.0,-0.28642199999999995,0.5868439999999999,GTM,PER,420310
7521694,97,173,6864,2006,0.0,3400.0,0.5776319999999999,2.076782,HKG,PER,420310
7521695,104,173,6864,2006,302183.0,0.0,0.285652,2.731318,IND,PER,420310
7521696,111,173,6864,2006,11378.0,0.0,1.293779,0.93995,ITA,PER,420310
7521697,168,173,6864,2006,5791.0,0.0,-0.449333,0.563013,PAK,PER,420310
7521698,179,173,6864,2006,0.0,6177.0,0.5723630000000001,1.92303,PRT,PER,420310
7521699,185,173,6864,2006,3968.0,0.0,0.550825,1.170744,ROU,PER,420310
7521700,224,173,6864,2006,12958.0,0.0,0.33971599999999996,2.193384,TUR,PER,420310
7521701,231,173,6864,2006,42471.0,1959.0,1.666643,-0.121679,USA,PER,420310
7521702,14,174,6864,2006,4930.0,5442.0,0.067166,0.373148,AUS,PHL,420310
7521703,15,174,6864,2006,0.0,15006.0,1.775669,0.192717,AUT,PHL,420310
7521704,24,174,6864,2006,0.0,1422.0,0.172724,-0.9449879999999999,BHR,PHL,420310
7521705,39,174,6864,2006,0.0,14269.0,0.865685,1.1480489999999999,CAN,PHL,420310
7521706,41,174,6864,2006,13931.0,0.0,2.052534,0.515523,CHE,PHL,420310
7521707,42,174,6864,2006,0.0,26456.0,-0.188298,-0.46778000000000003,CHL,PHL,420310
7521708,43,174,6864,2006,11794.0,0.0,0.737888,2.54966,CHN,PHL,420310
7521709,61,174,6864,2006,2892.0,1159369.0,2.132566,-2.773669,DEU,PHL,420310
7521710,71,174,6864,2006,34023.0,0.0,0.9091370000000001,2.068166,ESP,PHL,420310
7521711,74,174,6864,2006,0.0,42001.0,1.864038,0.8193940000000001,FIN,PHL,420310
7521712,77,174,6864,2006,0.0,9774.0,1.47591,0.489466,FRA,PHL,420310
7521713,81,174,6864,2006,0.0,16200.0,1.824154,0.614424,GBR,PHL,420310
7521714,90,174,6864,2006,0.0,4444.0,0.261955,1.488958,GRC,PHL,420310
7521715,97,174,6864,2006,125285.0,17776.0,0.5776319999999999,2.076782,HKG,PHL,420310
7521716,111,174,6864,2006,19499.0,38383.0,1.293779,0.93995,ITA,PHL,420310
7521717,114,174,6864,2006,5756.0,486522.0,2.4348099999999997,0.082887,JPN,PHL,420310
7521718,121,174,6864,2006,12467.0,5850.0,1.5384309999999999,0.766628,KOR,PHL,420310
7521719,138,174,6864,2006,0.0,1397.0,1.047268,0.7142270000000001,MEX,PHL,420310
7521720,162,174,6864,2006,0.0,13881.0,1.192134,1.450852,NLD,PHL,420310
7521721,163,174,6864,2006,0.0,1883.0,1.0787930000000001,0.014051,NOR,PHL,420310
7521722,166,174,6864,2006,0.0,3472.0,0.5371,0.8240209999999999,NZL,PHL,420310
7521723,175,174,6864,2006,0.0,5019.0,-0.6016520000000001,-0.849938,PLW,PHL,420310
7521724,177,174,6864,2006,0.0,833.0,0.991927,1.474418,POL,PHL,420310
7521725,185,174,6864,2006,0.0,2637.0,0.550825,1.170744,ROU,PHL,420310
7521726,192,174,6864,2006,1427.0,0.0,1.5377379999999998,0.503089,SGP,PHL,420310
7521727,230,174,6864,2006,3668.0,0.0,0.234384,0.118878,URY,PHL,420310
7521728,231,174,6864,2006,14026.0,325904.0,1.666643,-0.121679,USA,PHL,420310
7521729,246,174,6864,2006,0.0,6461.0,0.37964499999999995,1.466326,ZAF,PHL,420310
7521730,249,174,6864,2006,0.0,15295.0,1.619915,1.2289940000000001,TWN,PHL,420310
7521731,5,177,6864,2006,0.0,640.0,1.03128,0.402281,AND,POL,420310
7521732,7,177,6864,2006,15403.0,0.0,0.053903999999999994,-0.735124,ARE,POL,420310
7521733,8,177,6864,2006,974.0,14404.0,0.33055,0.665867,ARG,POL,420310
7521734,9,177,6864,2006,0.0,87440.0,0.14539100000000002,-0.558014,ARM,POL,420310
7521735,14,177,6864,2006,0.0,6213.0,0.067166,0.373148,AUS,POL,420310
7521736,15,177,6864,2006,714563.0,60377.0,1.775669,0.192717,AUT,POL,420310
7521737,18,177,6864,2006,343471.0,15965.0,1.2222540000000002,1.383027,BEL,POL,420310
7521738,22,177,6864,2006,1287.0,0.0,-1.0305309999999999,-0.80937,BGD,POL,420310
7521739,23,177,6864,2006,15230.0,1714.0,0.414563,1.378005,BGR,POL,420310
7521740,26,177,6864,2006,1147.0,0.0,0.40788800000000003,0.562854,BIH,POL,420310
7521741,28,177,6864,2006,0.0,7437.0,0.919853,0.384409,BLR,POL,420310
7521742,32,177,6864,2006,0.0,90373.0,0.633889,1.1474520000000001,BRA,POL,420310
7521743,39,177,6864,2006,7100.0,89444.0,0.865685,1.1480489999999999,CAN,POL,420310
7521744,41,177,6864,2006,48787.0,4545.0,2.052534,0.515523,CHE,POL,420310
7521745,43,177,6864,2006,1827825.0,140888.0,0.737888,2.54966,CHN,POL,420310
7521746,59,177,6864,2006,616691.0,419722.0,1.564058,0.6023649999999999,CZE,POL,420310
7521747,61,177,6864,2006,8664011.0,3707594.0,2.132566,-2.773669,DEU,POL,420310
7521748,64,177,6864,2006,2964270.0,16485.0,1.2308700000000001,1.180914,DNK,POL,420310
7521749,71,177,6864,2006,506017.0,43399.0,0.9091370000000001,2.068166,ESP,POL,420310
7521750,72,177,6864,2006,2984.0,9046.0,0.6426350000000001,0.925003,EST,POL,420310
7521751,74,177,6864,2006,1631.0,4543.0,1.864038,0.8193940000000001,FIN,POL,420310
7521752,77,177,6864,2006,958518.0,489126.0,1.47591,0.489466,FRA,POL,420310
7521753,81,177,6864,2006,484034.0,102082.0,1.824154,0.614424,GBR,POL,420310
7521754,90,177,6864,2006,68938.0,0.0,0.261955,1.488958,GRC,POL,420310
7521755,97,177,6864,2006,43493.0,0.0,0.5776319999999999,2.076782,HKG,POL,420310
7521756,100,177,6864,2006,0.0,12361.0,0.755787,0.992614,HRV,POL,420310
7521757,102,177,6864,2006,192689.0,117522.0,1.4034309999999999,0.835144,HUN,POL,420310
7521758,104,177,6864,2006,597153.0,8963.0,0.285652,2.731318,IND,POL,420310
7521759,106,177,6864,2006,0.0,2631.0,1.43804,0.06463200000000001,IRL,POL,420310
7521760,111,177,6864,2006,2073616.0,7055352.0,1.293779,0.93995,ITA,POL,420310
7521761,114,177,6864,2006,0.0,277764.0,2.4348099999999997,0.082887,JPN,POL,420310
7521762,115,177,6864,2006,0.0,4815.0,0.038229,-0.579421,KAZ,POL,420310
7521763,121,177,6864,2006,0.0,176379.0,1.5384309999999999,0.766628,KOR,POL,420310
7521764,122,177,6864,2006,0.0,1613.0,-0.589823,-1.142795,KWT,POL,420310
7521765,124,177,6864,2006,0.0,28782.0,0.3861,1.586183,LBN,POL,420310
7521766,128,177,6864,2006,6164.0,0.0,-0.573767,0.305913,LKA,POL,420310
7521767,130,177,6864,2006,5669.0,14087.0,0.44063599999999997,1.163857,LTU,POL,420310
7521768,131,177,6864,2006,13931.0,865.0,1.4345620000000001,0.8840819999999999,LUX,POL,420310
7521769,132,177,6864,2006,0.0,1666.0,0.531375,0.9414170000000001,LVA,POL,420310
7521770,133,177,6864,2006,0.0,27204.0,-0.07118200000000001,-0.228354,MAC,POL,420310
7521771,134,177,6864,2006,12322.0,0.0,-0.547933,0.08257300000000001,MAR,POL,420310
7521772,135,177,6864,2006,0.0,41418.0,-0.017707,0.135305,MDA,POL,420310
7521773,138,177,6864,2006,0.0,27871.0,1.047268,0.7142270000000001,MEX,POL,420310
7521774,159,177,6864,2006,2556.0,0.0,-2.094353,-1.215025,NGA,POL,420310
7521775,162,177,6864,2006,549112.0,107204.0,1.192134,1.450852,NLD,POL,420310
7521776,163,177,6864,2006,0.0,33828.0,1.0787930000000001,0.014051,NOR,POL,420310
7521777,166,177,6864,2006,887.0,2194.0,0.5371,0.8240209999999999,NZL,POL,420310
7521778,168,177,6864,2006,398396.0,0.0,-0.449333,0.563013,PAK,POL,420310
7521779,169,177,6864,2006,20491.0,0.0,0.306664,0.638533,PAN,POL,420310
7521780,174,177,6864,2006,833.0,0.0,0.161994,0.036631,PHL,POL,420310
7521781,179,177,6864,2006,20899.0,0.0,0.5723630000000001,1.92303,PRT,POL,420310
7521782,185,177,6864,2006,41266.0,18305.0,0.550825,1.170744,ROU,POL,420310
7521783,186,177,6864,2006,0.0,1601962.0,0.801197,0.104683,RUS,POL,420310
7521784,201,177,6864,2006,0.0,6859.0,0.547824,1.5588879999999998,SRB,POL,420310
7521785,206,177,6864,2006,0.0,44428.0,1.291583,0.868317,SVK,POL,420310
7521786,207,177,6864,2006,37369.0,1183.0,1.5882370000000001,0.800719,SVN,POL,420310
7521787,208,177,6864,2006,826560.0,18842.0,1.902737,0.593294,SWE,POL,420310
7521788,223,177,6864,2006,2810.0,0.0,-0.013636,0.804752,TUN,POL,420310
7521789,224,177,6864,2006,557347.0,61841.0,0.33971599999999996,2.193384,TUR,POL,420310
7521790,228,177,6864,2006,4519.0,308386.0,0.7008439999999999,0.79656,UKR,POL,420310
7521791,231,177,6864,2006,207803.0,920997.0,1.666643,-0.121679,USA,POL,420310
7521792,239,177,6864,2006,3821.0,0.0,-0.342779,1.033318,VNM,POL,420310
7521793,246,177,6864,2006,0.0,22109.0,0.37964499999999995,1.466326,ZAF,POL,420310
7521794,249,177,6864,2006,0.0,36415.0,1.619915,1.2289940000000001,TWN,POL,420310
7521795,250,177,6864,2006,58892.0,1131.0,0.711619,-0.41880200000000006,ANS,POL,420310
7521796,8,180,6864,2006,229082.0,122349.0,0.33055,0.665867,ARG,PRY,420310
7521797,43,180,6864,2006,1286.0,0.0,0.737888,2.54966,CHN,PRY,420310
7521798,168,180,6864,2006,1658.0,0.0,-0.449333,0.563013,PAK,PRY,420310
7521799,230,180,6864,2006,1463.0,2010.0,0.234384,0.118878,URY,PRY,420310
7521800,41,183,6864,2006,60219.0,0.0,2.052534,0.515523,CHE,QAT,420310
7521801,43,183,6864,2006,6839.0,0.0,0.737888,2.54966,CHN,QAT,420310
7521802,61,183,6864,2006,127702.0,0.0,2.132566,-2.773669,DEU,QAT,420310
7521803,68,183,6864,2006,3262.0,0.0,-0.182272,0.40222399999999997,EGY,QAT,420310
7521804,71,183,6864,2006,96997.0,1152.0,0.9091370000000001,2.068166,ESP,QAT,420310
7521805,77,183,6864,2006,38405.0,0.0,1.47591,0.489466,FRA,QAT,420310
7521806,81,183,6864,2006,36988.0,0.0,1.824154,0.614424,GBR,QAT,420310
7521807,90,183,6864,2006,1381.0,0.0,0.261955,1.488958,GRC,QAT,420310
7521808,104,183,6864,2006,1356.0,0.0,0.285652,2.731318,IND,QAT,420310
7521809,111,183,6864,2006,199149.0,1466.0,1.293779,0.93995,ITA,QAT,420310
7521810,114,183,6864,2006,1702.0,0.0,2.4348099999999997,0.082887,JPN,QAT,420310
7521811,121,183,6864,2006,9954.0,0.0,1.5384309999999999,0.766628,KOR,QAT,420310
7521812,153,183,6864,2006,6205.0,0.0,0.7896569999999999,0.363625,MYS,QAT,420310
7521813,168,183,6864,2006,901517.0,0.0,-0.449333,0.563013,PAK,QAT,420310
7521814,179,183,6864,2006,2242.0,0.0,0.5723630000000001,1.92303,PRT,QAT,420310
7521815,212,183,6864,2006,19259.0,0.0,-0.588695,0.532487,SYR,QAT,420310
7521816,216,183,6864,2006,3157.0,0.0,0.568209,1.685343,THA,QAT,420310
7521817,224,183,6864,2006,9981.0,0.0,0.33971599999999996,2.193384,TUR,QAT,420310
7521818,231,183,6864,2006,88432.0,0.0,1.666643,-0.121679,USA,QAT,420310
7521819,4,185,6864,2006,0.0,2444.0,-0.340932,-0.06302200000000001,ALB,ROU,420310
7521820,5,185,6864,2006,0.0,2993.0,1.03128,0.402281,AND,ROU,420310
7521821,8,185,6864,2006,0.0,4874.0,0.33055,0.665867,ARG,ROU,420310
7521822,14,185,6864,2006,0.0,44996.0,0.067166,0.373148,AUS,ROU,420310
7521823,15,185,6864,2006,122294.0,16332.0,1.775669,0.192717,AUT,ROU,420310
7521824,18,185,6864,2006,15625.0,124133.0,1.2222540000000002,1.383027,BEL,ROU,420310
7521825,23,185,6864,2006,2247.0,11143.0,0.414563,1.378005,BGR,ROU,420310
7521826,26,185,6864,2006,0.0,2860.0,0.40788800000000003,0.562854,BIH,ROU,420310
7521827,28,185,6864,2006,0.0,4118.0,0.919853,0.384409,BLR,ROU,420310
7521828,32,185,6864,2006,0.0,39614.0,0.633889,1.1474520000000001,BRA,ROU,420310
7521829,39,185,6864,2006,0.0,97688.0,0.865685,1.1480489999999999,CAN,ROU,420310
7521830,41,185,6864,2006,27807.0,3909.0,2.052534,0.515523,CHE,ROU,420310
7521831,43,185,6864,2006,469266.0,202433.0,0.737888,2.54966,CHN,ROU,420310
7521832,49,185,6864,2006,0.0,11653.0,0.129887,0.44371700000000003,COL,ROU,420310
7521833,59,185,6864,2006,308612.0,29310.0,1.564058,0.6023649999999999,CZE,ROU,420310
7521834,61,185,6864,2006,347293.0,1831421.0,2.132566,-2.773669,DEU,ROU,420310
7521835,64,185,6864,2006,6725.0,137677.0,1.2308700000000001,1.180914,DNK,ROU,420310
7521836,68,185,6864,2006,7493.0,0.0,-0.182272,0.40222399999999997,EGY,ROU,420310
7521837,71,185,6864,2006,143776.0,2010350.0,0.9091370000000001,2.068166,ESP,ROU,420310
7521838,72,185,6864,2006,0.0,5836.0,0.6426350000000001,0.925003,EST,ROU,420310
7521839,74,185,6864,2006,0.0,6155.0,1.864038,0.8193940000000001,FIN,ROU,420310
7521840,77,185,6864,2006,36015.0,2148260.0,1.47591,0.489466,FRA,ROU,420310
7521841,81,185,6864,2006,21840.0,98626.0,1.824154,0.614424,GBR,ROU,420310
7521842,90,185,6864,2006,59099.0,14051.0,0.261955,1.488958,GRC,ROU,420310
7521843,97,185,6864,2006,17150.0,0.0,0.5776319999999999,2.076782,HKG,ROU,420310
7521844,100,185,6864,2006,0.0,34967.0,0.755787,0.992614,HRV,ROU,420310
7521845,102,185,6864,2006,81294.0,26168.0,1.4034309999999999,0.835144,HUN,ROU,420310
7521846,103,185,6864,2006,0.0,782.0,-0.21012399999999998,1.467838,IDN,ROU,420310
7521847,104,185,6864,2006,143891.0,0.0,0.285652,2.731318,IND,ROU,420310
7521848,106,185,6864,2006,0.0,1277.0,1.43804,0.06463200000000001,IRL,ROU,420310
7521849,109,185,6864,2006,0.0,1360.0,0.170234,-0.302203,ISL,ROU,420310
7521850,111,185,6864,2006,1529554.0,10048485.0,1.293779,0.93995,ITA,ROU,420310
7521851,114,185,6864,2006,0.0,556278.0,2.4348099999999997,0.082887,JPN,ROU,420310
7521852,115,185,6864,2006,0.0,1601.0,0.038229,-0.579421,KAZ,ROU,420310
7521853,121,185,6864,2006,0.0,60776.0,1.5384309999999999,0.766628,KOR,ROU,420310
7521854,122,185,6864,2006,0.0,7495.0,-0.589823,-1.142795,KWT,ROU,420310
7521855,124,185,6864,2006,4292.0,200070.0,0.3861,1.586183,LBN,ROU,420310
7521856,130,185,6864,2006,0.0,40731.0,0.44063599999999997,1.163857,LTU,ROU,420310
7521857,134,185,6864,2006,2672.0,12299.0,-0.547933,0.08257300000000001,MAR,ROU,420310
7521858,135,185,6864,2006,1005.0,5288.0,-0.017707,0.135305,MDA,ROU,420310
7521859,138,185,6864,2006,0.0,95459.0,1.047268,0.7142270000000001,MEX,ROU,420310
7521860,142,185,6864,2006,0.0,1284.0,1.384411,0.093734,MLT,ROU,420310
7521861,144,185,6864,2006,0.0,6912.0,0.130773,-0.24674699999999997,MNE,ROU,420310
7521862,156,185,6864,2006,0.0,743.0,-0.135099,-0.7618779999999999,NCL,ROU,420310
7521863,162,185,6864,2006,234955.0,67395.0,1.192134,1.450852,NLD,ROU,420310
7521864,163,185,6864,2006,0.0,166045.0,1.0787930000000001,0.014051,NOR,ROU,420310
7521865,166,185,6864,2006,0.0,9638.0,0.5371,0.8240209999999999,NZL,ROU,420310
7521866,168,185,6864,2006,58328.0,0.0,-0.449333,0.563013,PAK,ROU,420310
7521867,173,185,6864,2006,0.0,3968.0,-0.551095,0.044295,PER,ROU,420310
7521868,174,185,6864,2006,2637.0,0.0,0.161994,0.036631,PHL,ROU,420310
7521869,177,185,6864,2006,18305.0,41266.0,0.991927,1.474418,POL,ROU,420310
7521870,186,185,6864,2006,0.0,93463.0,0.801197,0.104683,RUS,ROU,420310
7521871,188,185,6864,2006,0.0,3987.0,0.162432,-0.853059,SAU,ROU,420310
7521872,192,185,6864,2006,0.0,1122.0,1.5377379999999998,0.503089,SGP,ROU,420310
7521873,201,185,6864,2006,5905.0,9878.0,0.547824,1.5588879999999998,SRB,ROU,420310
7521874,206,185,6864,2006,108840.0,1540.0,1.291583,0.868317,SVK,ROU,420310
7521875,207,185,6864,2006,2123.0,127706.0,1.5882370000000001,0.800719,SVN,ROU,420310
7521876,208,185,6864,2006,4102.0,0.0,1.902737,0.593294,SWE,ROU,420310
7521877,223,185,6864,2006,3217.0,899.0,-0.013636,0.804752,TUN,ROU,420310
7521878,224,185,6864,2006,4001893.0,210132.0,0.33971599999999996,2.193384,TUR,ROU,420310
7521879,228,185,6864,2006,59870.0,9412.0,0.7008439999999999,0.79656,UKR,ROU,420310
7521880,230,185,6864,2006,8644.0,0.0,0.234384,0.118878,URY,ROU,420310
7521881,231,185,6864,2006,12468.0,1566748.0,1.666643,-0.121679,USA,ROU,420310
7521882,239,185,6864,2006,8285.0,0.0,-0.342779,1.033318,VNM,ROU,420310
7521883,246,185,6864,2006,0.0,9555.0,0.37964499999999995,1.466326,ZAF,ROU,420310
7521884,249,185,6864,2006,3543.0,74874.0,1.619915,1.2289940000000001,TWN,ROU,420310
7521885,250,185,6864,2006,102038.0,12763.0,0.711619,-0.41880200000000006,ANS,ROU,420310
7521886,1,188,6864,2006,5178.0,17793.0,-0.626011,-0.6799689999999999,AFG,SAU,420310
7521887,7,188,6864,2006,51861.0,4747.0,0.053903999999999994,-0.735124,ARE,SAU,420310
7521888,18,188,6864,2006,1811.0,0.0,1.2222540000000002,1.383027,BEL,SAU,420310
7521889,23,188,6864,2006,3538.0,0.0,0.414563,1.378005,BGR,SAU,420310
7521890,24,188,6864,2006,0.0,1743700.0,0.172724,-0.9449879999999999,BHR,SAU,420310
7521891,32,188,6864,2006,11841.0,0.0,0.633889,1.1474520000000001,BRA,SAU,420310
7521892,39,188,6864,2006,5226.0,0.0,0.865685,1.1480489999999999,CAN,SAU,420310
7521893,41,188,6864,2006,423073.0,0.0,2.052534,0.515523,CHE,SAU,420310
7521894,43,188,6864,2006,228778.0,0.0,0.737888,2.54966,CHN,SAU,420310
7521895,58,188,6864,2006,9297.0,0.0,0.708267,-0.048096,CYP,SAU,420310
7521896,61,188,6864,2006,324109.0,0.0,2.132566,-2.773669,DEU,SAU,420310
7521897,64,188,6864,2006,16208.0,0.0,1.2308700000000001,1.180914,DNK,SAU,420310
7521898,68,188,6864,2006,1055.0,81080.0,-0.182272,0.40222399999999997,EGY,SAU,420310
7521899,69,188,6864,2006,0.0,8552.0,0.216725,-0.337624,ERI,SAU,420310
7521900,71,188,6864,2006,407617.0,0.0,0.9091370000000001,2.068166,ESP,SAU,420310
7521901,77,188,6864,2006,252786.0,1088.0,1.47591,0.489466,FRA,SAU,420310
7521902,81,188,6864,2006,120488.0,0.0,1.824154,0.614424,GBR,SAU,420310
7521903,97,188,6864,2006,11022.0,0.0,0.5776319999999999,2.076782,HKG,SAU,420310
7521904,100,188,6864,2006,1090.0,0.0,0.755787,0.992614,HRV,SAU,420310
7521905,104,188,6864,2006,46022.0,0.0,0.285652,2.731318,IND,SAU,420310
7521906,111,188,6864,2006,433387.0,7444.0,1.293779,0.93995,ITA,SAU,420310
7521907,114,188,6864,2006,4671.0,0.0,2.4348099999999997,0.082887,JPN,SAU,420310
7521908,122,188,6864,2006,1176.0,1547.0,-0.589823,-1.142795,KWT,SAU,420310
7521909,124,188,6864,2006,5033.0,1210.0,0.3861,1.586183,LBN,SAU,420310
7521910,128,188,6864,2006,1090.0,0.0,-0.573767,0.305913,LKA,SAU,420310
7521911,133,188,6864,2006,4279.0,0.0,-0.07118200000000001,-0.228354,MAC,SAU,420310
7521912,134,188,6864,2006,3232.0,0.0,-0.547933,0.08257300000000001,MAR,SAU,420310
7521913,138,188,6864,2006,1277.0,0.0,1.047268,0.7142270000000001,MEX,SAU,420310
7521914,163,188,6864,2006,3478.0,0.0,1.0787930000000001,0.014051,NOR,SAU,420310
7521915,168,188,6864,2006,5545931.0,0.0,-0.449333,0.563013,PAK,SAU,420310
7521916,179,188,6864,2006,5126.0,0.0,0.5723630000000001,1.92303,PRT,SAU,420310
7521917,185,188,6864,2006,3987.0,0.0,0.550825,1.170744,ROU,SAU,420310
7521918,190,188,6864,2006,0.0,60131.0,-1.873762,-1.278378,SDN,SAU,420310
7521919,192,188,6864,2006,2396.0,0.0,1.5377379999999998,0.503089,SGP,SAU,420310
7521920,212,188,6864,2006,7966.0,0.0,-0.588695,0.532487,SYR,SAU,420310
7521921,224,188,6864,2006,20637.0,0.0,0.33971599999999996,2.193384,TUR,SAU,420310
7521922,231,188,6864,2006,928201.0,0.0,1.666643,-0.121679,USA,SAU,420310
7521923,239,188,6864,2006,1942.0,0.0,-0.342779,1.033318,VNM,SAU,420310
7521924,243,188,6864,2006,20691.0,4043.0,-1.0407110000000002,-1.13042,YEM,SAU,420310
7521925,250,188,6864,2006,25349.0,0.0,0.711619,-0.41880200000000006,ANS,SAU,420310
7521926,39,197,6864,2006,0.0,3238.0,0.865685,1.1480489999999999,CAN,SLV,420310
7521927,49,197,6864,2006,2804.0,0.0,0.129887,0.44371700000000003,COL,SLV,420310
7521928,71,197,6864,2006,29080.0,0.0,0.9091370000000001,2.068166,ESP,SLV,420310
7521929,93,197,6864,2006,0.0,1918.0,-0.28642199999999995,0.5868439999999999,GTM,SLV,420310
7521930,97,197,6864,2006,3216.0,0.0,0.5776319999999999,2.076782,HKG,SLV,420310
7521931,99,197,6864,2006,0.0,1484.0,-0.672074,-0.472138,HND,SLV,420310
7521932,104,197,6864,2006,16362.0,0.0,0.285652,2.731318,IND,SLV,420310
7521933,160,197,6864,2006,0.0,1871.0,-0.998825,-0.893867,NIC,SLV,420310
7521934,162,197,6864,2006,949.0,0.0,1.192134,1.450852,NLD,SLV,420310
7521935,168,197,6864,2006,11140.0,0.0,-0.449333,0.563013,PAK,SLV,420310
7521936,169,197,6864,2006,3326.0,0.0,0.306664,0.638533,PAN,SLV,420310
7521937,231,197,6864,2006,116226.0,0.0,1.666643,-0.121679,USA,SLV,420310
7521938,106,205,6864,2006,0.0,1013.0,1.43804,0.06463200000000001,IRL,SUR,420310
7521939,111,205,6864,2006,8349.0,0.0,1.293779,0.93995,ITA,SUR,420310
7521940,222,205,6864,2006,1178.0,0.0,-0.20651399999999998,-1.024907,TTO,SUR,420310
7521941,231,205,6864,2006,21560.0,0.0,1.666643,-0.121679,USA,SUR,420310
7521942,5,208,6864,2006,0.0,485.0,1.03128,0.402281,AND,SWE,420310
7521943,7,208,6864,2006,16034.0,0.0,0.053903999999999994,-0.735124,ARE,SWE,420310
7521944,8,208,6864,2006,1388.0,0.0,0.33055,0.665867,ARG,SWE,420310
7521945,14,208,6864,2006,5281.0,6089.0,0.067166,0.373148,AUS,SWE,420310
7521946,15,208,6864,2006,33354.0,22638.0,1.775669,0.192717,AUT,SWE,420310
7521947,18,208,6864,2006,209417.0,1164047.0,1.2222540000000002,1.383027,BEL,SWE,420310
7521948,22,208,6864,2006,38467.0,0.0,-1.0305309999999999,-0.80937,BGD,SWE,420310
7521949,23,208,6864,2006,0.0,3605.0,0.414563,1.378005,BGR,SWE,420310
7521950,26,208,6864,2006,0.0,5543.0,0.40788800000000003,0.562854,BIH,SWE,420310
7521951,39,208,6864,2006,3162.0,2465.0,0.865685,1.1480489999999999,CAN,SWE,420310
7521952,41,208,6864,2006,121509.0,65340.0,2.052534,0.515523,CHE,SWE,420310
7521953,43,208,6864,2006,11785039.0,0.0,0.737888,2.54966,CHN,SWE,420310
7521954,44,208,6864,2006,0.0,3666.0,-0.8918530000000001,-0.8145819999999999,CIV,SWE,420310
7521955,59,208,6864,2006,31262.0,430153.0,1.564058,0.6023649999999999,CZE,SWE,420310
7521956,61,208,6864,2006,1777165.0,1424261.0,2.132566,-2.773669,DEU,SWE,420310
7521957,64,208,6864,2006,5022014.0,4155422.0,1.2308700000000001,1.180914,DNK,SWE,420310
7521958,71,208,6864,2006,172750.0,38915.0,0.9091370000000001,2.068166,ESP,SWE,420310
7521959,72,208,6864,2006,209858.0,1552357.0,0.6426350000000001,0.925003,EST,SWE,420310
7521960,74,208,6864,2006,609061.0,7103124.0,1.864038,0.8193940000000001,FIN,SWE,420310
7521961,77,208,6864,2006,573051.0,367506.0,1.47591,0.489466,FRA,SWE,420310
7521962,78,208,6864,2006,0.0,2390.0,-0.117631,-0.69352,FRO,SWE,420310
7521963,81,208,6864,2006,356319.0,279680.0,1.824154,0.614424,GBR,SWE,420310
7521964,90,208,6864,2006,3036.0,137888.0,0.261955,1.488958,GRC,SWE,420310
7521965,92,208,6864,2006,0.0,10283.0,-1.0014,-0.935995,GRL,SWE,420310
7521966,97,208,6864,2006,736572.0,2049.0,0.5776319999999999,2.076782,HKG,SWE,420310
7521967,100,208,6864,2006,0.0,874.0,0.755787,0.992614,HRV,SWE,420310
7521968,102,208,6864,2006,0.0,3004.0,1.4034309999999999,0.835144,HUN,SWE,420310
7521969,103,208,6864,2006,12086.0,0.0,-0.21012399999999998,1.467838,IDN,SWE,420310
7521970,104,208,6864,2006,5030672.0,0.0,0.285652,2.731318,IND,SWE,420310
7521971,106,208,6864,2006,1143.0,4747.0,1.43804,0.06463200000000001,IRL,SWE,420310
7521972,109,208,6864,2006,11902.0,256475.0,0.170234,-0.302203,ISL,SWE,420310
7521973,111,208,6864,2006,2044739.0,788139.0,1.293779,0.93995,ITA,SWE,420310
7521974,114,208,6864,2006,0.0,6555.0,2.4348099999999997,0.082887,JPN,SWE,420310
7521975,121,208,6864,2006,231340.0,0.0,1.5384309999999999,0.766628,KOR,SWE,420310
7521976,122,208,6864,2006,0.0,1118.0,-0.589823,-1.142795,KWT,SWE,420310
7521977,130,208,6864,2006,20328.0,131016.0,0.44063599999999997,1.163857,LTU,SWE,420310
7521978,132,208,6864,2006,31870.0,184629.0,0.531375,0.9414170000000001,LVA,SWE,420310
7521979,138,208,6864,2006,4055.0,0.0,1.047268,0.7142270000000001,MEX,SWE,420310
7521980,152,208,6864,2006,0.0,1876.0,-1.145132,-1.0946209999999998,MWI,SWE,420310
7521981,162,208,6864,2006,1024417.0,4272806.0,1.192134,1.450852,NLD,SWE,420310
7521982,163,208,6864,2006,231796.0,3378396.0,1.0787930000000001,0.014051,NOR,SWE,420310
7521983,168,208,6864,2006,5229542.0,6612.0,-0.449333,0.563013,PAK,SWE,420310
7521984,177,208,6864,2006,18842.0,826560.0,0.991927,1.474418,POL,SWE,420310
7521985,179,208,6864,2006,0.0,15810.0,0.5723630000000001,1.92303,PRT,SWE,420310
7521986,185,208,6864,2006,0.0,4102.0,0.550825,1.170744,ROU,SWE,420310
7521987,186,208,6864,2006,0.0,392041.0,0.801197,0.104683,RUS,SWE,420310
7521988,192,208,6864,2006,11875.0,3858.0,1.5377379999999998,0.503089,SGP,SWE,420310
7521989,201,208,6864,2006,0.0,8846.0,0.547824,1.5588879999999998,SRB,SWE,420310
7521990,206,208,6864,2006,0.0,30289.0,1.291583,0.868317,SVK,SWE,420310
7521991,216,208,6864,2006,20409.0,0.0,0.568209,1.685343,THA,SWE,420310
7521992,224,208,6864,2006,921399.0,2733.0,0.33971599999999996,2.193384,TUR,SWE,420310
7521993,230,208,6864,2006,57734.0,0.0,0.234384,0.118878,URY,SWE,420310
7521994,231,208,6864,2006,452527.0,22764.0,1.666643,-0.121679,USA,SWE,420310
7521995,239,208,6864,2006,96986.0,0.0,-0.342779,1.033318,VNM,SWE,420310
7521996,246,208,6864,2006,0.0,1152.0,0.37964499999999995,1.466326,ZAF,SWE,420310
7521997,14,216,6864,2006,4278.0,8964.0,0.067166,0.373148,AUS,THA,420310
7521998,15,216,6864,2006,2444.0,129039.0,1.775669,0.192717,AUT,THA,420310
7521999,18,216,6864,2006,7205.0,0.0,1.2222540000000002,1.383027,BEL,THA,420310
7522000,24,216,6864,2006,0.0,7057.0,0.172724,-0.9449879999999999,BHR,THA,420310
7522001,39,216,6864,2006,0.0,7072.0,0.865685,1.1480489999999999,CAN,THA,420310
7522002,41,216,6864,2006,63336.0,5175.0,2.052534,0.515523,CHE,THA,420310
7522003,43,216,6864,2006,89679.0,2836.0,0.737888,2.54966,CHN,THA,420310
7522004,49,216,6864,2006,0.0,1301.0,0.129887,0.44371700000000003,COL,THA,420310
7522005,61,216,6864,2006,37589.0,41707.0,2.132566,-2.773669,DEU,THA,420310
7522006,64,216,6864,2006,0.0,2413.0,1.2308700000000001,1.180914,DNK,THA,420310
7522007,71,216,6864,2006,92004.0,1983.0,0.9091370000000001,2.068166,ESP,THA,420310
7522008,74,216,6864,2006,0.0,947.0,1.864038,0.8193940000000001,FIN,THA,420310
7522009,77,216,6864,2006,12030.0,12376.0,1.47591,0.489466,FRA,THA,420310
7522010,81,216,6864,2006,5995.0,131757.0,1.824154,0.614424,GBR,THA,420310
7522011,97,216,6864,2006,45468.0,7899.0,0.5776319999999999,2.076782,HKG,THA,420310
7522012,103,216,6864,2006,0.0,1168.0,-0.21012399999999998,1.467838,IDN,THA,420310
7522013,104,216,6864,2006,35285.0,1829.0,0.285652,2.731318,IND,THA,420310
7522014,110,216,6864,2006,0.0,951.0,1.3082129999999998,0.783845,ISR,THA,420310
7522015,111,216,6864,2006,67063.0,59163.0,1.293779,0.93995,ITA,THA,420310
7522016,114,216,6864,2006,7414.0,66262.0,2.4348099999999997,0.082887,JPN,THA,420310
7522017,121,216,6864,2006,0.0,5864.0,1.5384309999999999,0.766628,KOR,THA,420310
7522018,122,216,6864,2006,0.0,3829.0,-0.589823,-1.142795,KWT,THA,420310
7522019,123,216,6864,2006,0.0,3175.0,-1.1707450000000001,-1.057348,LAO,THA,420310
7522020,124,216,6864,2006,0.0,3266.0,0.3861,1.586183,LBN,THA,420310
7522021,153,216,6864,2006,1891.0,9329.0,0.7896569999999999,0.363625,MYS,THA,420310
7522022,162,216,6864,2006,0.0,1002.0,1.192134,1.450852,NLD,THA,420310
7522023,168,216,6864,2006,205872.0,0.0,-0.449333,0.563013,PAK,THA,420310
7522024,179,216,6864,2006,11266.0,0.0,0.5723630000000001,1.92303,PRT,THA,420310
7522025,182,216,6864,2006,0.0,2719.0,-0.213329,-0.743599,PYF,THA,420310
7522026,183,216,6864,2006,0.0,3157.0,0.055777999999999994,-1.0379049999999999,QAT,THA,420310
7522027,192,216,6864,2006,18199.0,4203.0,1.5377379999999998,0.503089,SGP,THA,420310
7522028,208,216,6864,2006,0.0,20409.0,1.902737,0.593294,SWE,THA,420310
7522029,224,216,6864,2006,558.0,0.0,0.33971599999999996,2.193384,TUR,THA,420310
7522030,231,216,6864,2006,69523.0,50239.0,1.666643,-0.121679,USA,THA,420310
7522031,236,216,6864,2006,0.0,1293.0,-0.340972,-1.015462,VEN,THA,420310
7522032,239,216,6864,2006,0.0,2446.0,-0.342779,1.033318,VNM,THA,420310
7522033,246,216,6864,2006,0.0,1947.0,0.37964499999999995,1.466326,ZAF,THA,420310
7522034,249,216,6864,2006,1698.0,7006.0,1.619915,1.2289940000000001,TWN,THA,420310
7522035,61,222,6864,2006,887.0,0.0,2.132566,-2.773669,DEU,TTO,420310
7522036,205,222,6864,2006,0.0,1178.0,-0.754046,-0.872361,SUR,TTO,420310
7522037,231,222,6864,2006,247124.0,0.0,1.666643,-0.121679,USA,TTO,420310
7522038,249,222,6864,2006,2814.0,0.0,1.619915,1.2289940000000001,TWN,TTO,420310
7522039,1,224,6864,2006,0.0,1328.0,-0.626011,-0.6799689999999999,AFG,TUR,420310
7522040,4,224,6864,2006,0.0,47213.0,-0.340932,-0.06302200000000001,ALB,TUR,420310
7522041,5,224,6864,2006,0.0,10386.0,1.03128,0.402281,AND,TUR,420310
7522042,7,224,6864,2006,1469.0,654581.0,0.053903999999999994,-0.735124,ARE,TUR,420310
7522043,8,224,6864,2006,0.0,17544.0,0.33055,0.665867,ARG,TUR,420310
7522044,9,224,6864,2006,0.0,54235.0,0.14539100000000002,-0.558014,ARM,TUR,420310
7522045,14,224,6864,2006,0.0,59549.0,0.067166,0.373148,AUS,TUR,420310
7522046,15,224,6864,2006,24683.0,2033781.0,1.775669,0.192717,AUT,TUR,420310
7522047,16,224,6864,2006,0.0,14345.0,-0.521304,-1.035764,AZE,TUR,420310
7522048,18,224,6864,2006,75551.0,6984126.0,1.2222540000000002,1.383027,BEL,TUR,420310
7522049,23,224,6864,2006,31346.0,974349.0,0.414563,1.378005,BGR,TUR,420310
7522050,24,224,6864,2006,0.0,1261.0,0.172724,-0.9449879999999999,BHR,TUR,420310
7522051,26,224,6864,2006,8360.0,77457.0,0.40788800000000003,0.562854,BIH,TUR,420310
7522052,28,224,6864,2006,0.0,1702.0,0.919853,0.384409,BLR,TUR,420310
7522053,32,224,6864,2006,0.0,53785.0,0.633889,1.1474520000000001,BRA,TUR,420310
7522054,39,224,6864,2006,8404.0,1653412.0,0.865685,1.1480489999999999,CAN,TUR,420310
7522055,41,224,6864,2006,186433.0,5254569.0,2.052534,0.515523,CHE,TUR,420310
7522056,42,224,6864,2006,0.0,3277.0,-0.188298,-0.46778000000000003,CHL,TUR,420310
7522057,43,224,6864,2006,7178748.0,206342.0,0.737888,2.54966,CHN,TUR,420310
7522058,49,224,6864,2006,0.0,93463.0,0.129887,0.44371700000000003,COL,TUR,420310
7522059,52,224,6864,2006,0.0,1562.0,0.042663,-0.376672,CRI,TUR,420310
7522060,58,224,6864,2006,7152.0,24427.0,0.708267,-0.048096,CYP,TUR,420310
7522061,59,224,6864,2006,5755.0,218985.0,1.564058,0.6023649999999999,CZE,TUR,420310
7522062,61,224,6864,2006,938689.0,55231200.0,2.132566,-2.773669,DEU,TUR,420310
7522063,64,224,6864,2006,39303.0,3309730.0,1.2308700000000001,1.180914,DNK,TUR,420310
7522064,66,224,6864,2006,0.0,30539.0,-0.489962,-1.12456,DZA,TUR,420310
7522065,68,224,6864,2006,0.0,84463.0,-0.182272,0.40222399999999997,EGY,TUR,420310
7522066,71,224,6864,2006,1422068.0,13698305.0,0.9091370000000001,2.068166,ESP,TUR,420310
7522067,72,224,6864,2006,0.0,119941.0,0.6426350000000001,0.925003,EST,TUR,420310
7522068,73,224,6864,2006,0.0,1438.0,-0.9557180000000001,-0.9153479999999999,ETH,TUR,420310
7522069,74,224,6864,2006,1408.0,847445.0,1.864038,0.8193940000000001,FIN,TUR,420310
7522070,77,224,6864,2006,800226.0,32783464.0,1.47591,0.489466,FRA,TUR,420310
7522071,78,224,6864,2006,0.0,209.0,-0.117631,-0.69352,FRO,TUR,420310
7522072,81,224,6864,2006,212166.0,6988024.0,1.824154,0.614424,GBR,TUR,420310
7522073,82,224,6864,2006,0.0,49841.0,0.076711,-0.47216099999999994,GEO,TUR,420310
7522074,90,224,6864,2006,256861.0,4944446.0,0.261955,1.488958,GRC,TUR,420310
7522075,97,224,6864,2006,20292.0,1473976.0,0.5776319999999999,2.076782,HKG,TUR,420310
7522076,100,224,6864,2006,25747.0,20008.0,0.755787,0.992614,HRV,TUR,420310
7522077,102,224,6864,2006,32852.0,171019.0,1.4034309999999999,0.835144,HUN,TUR,420310
7522078,103,224,6864,2006,15467.0,29387.0,-0.21012399999999998,1.467838,IDN,TUR,420310
7522079,104,224,6864,2006,5135696.0,0.0,0.285652,2.731318,IND,TUR,420310
7522080,106,224,6864,2006,18059.0,62656.0,1.43804,0.06463200000000001,IRL,TUR,420310
7522081,107,224,6864,2006,1892.0,10966.0,-0.391023,-0.767861,IRN,TUR,420310
7522082,108,224,6864,2006,0.0,232509.0,-2.029727,-0.8634219999999999,IRQ,TUR,420310
7522083,109,224,6864,2006,0.0,100081.0,0.170234,-0.302203,ISL,TUR,420310
7522084,110,224,6864,2006,6565.0,445131.0,1.3082129999999998,0.783845,ISR,TUR,420310
7522085,111,224,6864,2006,1398475.0,10134030.0,1.293779,0.93995,ITA,TUR,420310
7522086,113,224,6864,2006,0.0,25780.0,0.166718,0.331248,JOR,TUR,420310
7522087,114,224,6864,2006,44592.0,1204333.0,2.4348099999999997,0.082887,JPN,TUR,420310
7522088,115,224,6864,2006,41392.0,91796.0,0.038229,-0.579421,KAZ,TUR,420310
7522089,117,224,6864,2006,0.0,3317.0,-0.034069,0.136694,KGZ,TUR,420310
7522090,121,224,6864,2006,4784.0,129982.0,1.5384309999999999,0.766628,KOR,TUR,420310
7522091,122,224,6864,2006,0.0,7714.0,-0.589823,-1.142795,KWT,TUR,420310
7522092,124,224,6864,2006,0.0,210564.0,0.3861,1.586183,LBN,TUR,420310
7522093,126,224,6864,2006,0.0,203294.0,-0.518724,-1.142074,LBY,TUR,420310
7522094,130,224,6864,2006,0.0,1857565.0,0.44063599999999997,1.163857,LTU,TUR,420310
7522095,131,224,6864,2006,0.0,97064.0,1.4345620000000001,0.8840819999999999,LUX,TUR,420310
7522096,132,224,6864,2006,0.0,200761.0,0.531375,0.9414170000000001,LVA,TUR,420310
7522097,133,224,6864,2006,0.0,46610.0,-0.07118200000000001,-0.228354,MAC,TUR,420310
7522098,134,224,6864,2006,5785.0,21925.0,-0.547933,0.08257300000000001,MAR,TUR,420310
7522099,135,224,6864,2006,0.0,360500.0,-0.017707,0.135305,MDA,TUR,420310
7522100,138,224,6864,2006,0.0,629694.0,1.047268,0.7142270000000001,MEX,TUR,420310
7522101,140,224,6864,2006,0.0,16362.0,-0.21336,0.17674700000000002,MKD,TUR,420310
7522102,142,224,6864,2006,0.0,1873.0,1.384411,0.093734,MLT,TUR,420310
7522103,144,224,6864,2006,0.0,6536.0,0.130773,-0.24674699999999997,MNE,TUR,420310
7522104,145,224,6864,2006,0.0,4569.0,-1.147217,-1.0734709999999998,MNG,TUR,420310
7522105,151,224,6864,2006,5966.0,0.0,-0.311109,-0.07267,MUS,TUR,420310
7522106,152,224,6864,2006,0.0,1098.0,-1.145132,-1.0946209999999998,MWI,TUR,420310
7522107,153,224,6864,2006,0.0,1133.0,0.7896569999999999,0.363625,MYS,TUR,420310
7522108,162,224,6864,2006,252907.0,11649384.0,1.192134,1.450852,NLD,TUR,420310
7522109,163,224,6864,2006,0.0,174329.0,1.0787930000000001,0.014051,NOR,TUR,420310
7522110,166,224,6864,2006,0.0,20022.0,0.5371,0.8240209999999999,NZL,TUR,420310
7522111,167,224,6864,2006,0.0,1400.0,-0.6373989999999999,-1.092554,OMN,TUR,420310
7522112,168,224,6864,2006,3317940.0,0.0,-0.449333,0.563013,PAK,TUR,420310
7522113,169,224,6864,2006,0.0,46707.0,0.306664,0.638533,PAN,TUR,420310
7522114,173,224,6864,2006,0.0,12958.0,-0.551095,0.044295,PER,TUR,420310
7522115,177,224,6864,2006,61841.0,557347.0,0.991927,1.474418,POL,TUR,420310
7522116,179,224,6864,2006,3347.0,801781.0,0.5723630000000001,1.92303,PRT,TUR,420310
7522117,183,224,6864,2006,0.0,9981.0,0.055777999999999994,-1.0379049999999999,QAT,TUR,420310
7522118,185,224,6864,2006,210132.0,4001893.0,0.550825,1.170744,ROU,TUR,420310
7522119,186,224,6864,2006,310775.0,17972772.0,0.801197,0.104683,RUS,TUR,420310
7522120,188,224,6864,2006,0.0,20637.0,0.162432,-0.853059,SAU,TUR,420310
7522121,192,224,6864,2006,0.0,3668.0,1.5377379999999998,0.503089,SGP,TUR,420310
7522122,201,224,6864,2006,0.0,141995.0,0.547824,1.5588879999999998,SRB,TUR,420310
7522123,206,224,6864,2006,0.0,78063.0,1.291583,0.868317,SVK,TUR,420310
7522124,207,224,6864,2006,8320.0,49314.0,1.5882370000000001,0.800719,SVN,TUR,420310
7522125,208,224,6864,2006,2733.0,921399.0,1.902737,0.593294,SWE,TUR,420310
7522126,212,224,6864,2006,0.0,176712.0,-0.588695,0.532487,SYR,TUR,420310
7522127,216,224,6864,2006,0.0,558.0,0.568209,1.685343,THA,TUR,420310
7522128,217,224,6864,2006,0.0,53693.0,-1.071326,-1.158325,TJK,TUR,420310
7522129,219,224,6864,2006,0.0,19639.0,-1.155861,-1.200933,TKM,TUR,420310
7522130,223,224,6864,2006,28167.0,43289.0,-0.013636,0.804752,TUN,TUR,420310
7522131,228,224,6864,2006,42200.0,236046.0,0.7008439999999999,0.79656,UKR,TUR,420310
7522132,231,224,6864,2006,60172.0,13440725.0,1.666643,-0.121679,USA,TUR,420310
7522133,232,224,6864,2006,0.0,4422.0,-0.457759,-0.784626,UZB,TUR,420310
7522134,237,224,6864,2006,0.0,2625.0,1.05644,0.179306,VGB,TUR,420310
7522135,246,224,6864,2006,0.0,181977.0,0.37964499999999995,1.466326,ZAF,TUR,420310
7522136,247,224,6864,2006,0.0,1548.0,-0.5307,-0.793621,ZMB,TUR,420310
7522137,249,224,6864,2006,0.0,45249.0,1.619915,1.2289940000000001,TWN,TUR,420310
7522138,250,224,6864,2006,1988928.0,6884281.0,0.711619,-0.41880200000000006,ANS,TUR,420310
7522139,8,230,6864,2006,160770.0,375883.0,0.33055,0.665867,ARG,URY,420310
7522140,15,230,6864,2006,0.0,125143.0,1.775669,0.192717,AUT,URY,420310
7522141,18,230,6864,2006,0.0,131193.0,1.2222540000000002,1.383027,BEL,URY,420310
7522142,22,230,6864,2006,975.0,0.0,-1.0305309999999999,-0.80937,BGD,URY,420310
7522143,32,230,6864,2006,6444.0,79195.0,0.633889,1.1474520000000001,BRA,URY,420310
7522144,39,230,6864,2006,0.0,180928.0,0.865685,1.1480489999999999,CAN,URY,420310
7522145,41,230,6864,2006,24069.0,6745.0,2.052534,0.515523,CHE,URY,420310
7522146,42,230,6864,2006,0.0,282718.0,-0.188298,-0.46778000000000003,CHL,URY,420310
7522147,43,230,6864,2006,12666.0,0.0,0.737888,2.54966,CHN,URY,420310
7522148,49,230,6864,2006,0.0,6962.0,0.129887,0.44371700000000003,COL,URY,420310
7522149,59,230,6864,2006,0.0,7173.0,1.564058,0.6023649999999999,CZE,URY,420310
7522150,61,230,6864,2006,54466.0,1559693.0,2.132566,-2.773669,DEU,URY,420310
7522151,64,230,6864,2006,0.0,117712.0,1.2308700000000001,1.180914,DNK,URY,420310
7522152,71,230,6864,2006,75774.0,2015086.0,0.9091370000000001,2.068166,ESP,URY,420310
7522153,72,230,6864,2006,0.0,8966.0,0.6426350000000001,0.925003,EST,URY,420310
7522154,77,230,6864,2006,7049.0,439240.0,1.47591,0.489466,FRA,URY,420310
7522155,81,230,6864,2006,0.0,40370.0,1.824154,0.614424,GBR,URY,420310
7522156,90,230,6864,2006,0.0,231174.0,0.261955,1.488958,GRC,URY,420310
7522157,97,230,6864,2006,2649.0,0.0,0.5776319999999999,2.076782,HKG,URY,420310
7522158,100,230,6864,2006,0.0,5470.0,0.755787,0.992614,HRV,URY,420310
7522159,102,230,6864,2006,0.0,6971.0,1.4034309999999999,0.835144,HUN,URY,420310
7522160,104,230,6864,2006,8597.0,0.0,0.285652,2.731318,IND,URY,420310
7522161,111,230,6864,2006,3616.0,10231.0,1.293779,0.93995,ITA,URY,420310
7522162,124,230,6864,2006,0.0,1372.0,0.3861,1.586183,LBN,URY,420310
7522163,138,230,6864,2006,0.0,575362.0,1.047268,0.7142270000000001,MEX,URY,420310
7522164,162,230,6864,2006,0.0,21915.0,1.192134,1.450852,NLD,URY,420310
7522165,163,230,6864,2006,0.0,2754.0,1.0787930000000001,0.014051,NOR,URY,420310
7522166,168,230,6864,2006,2736.0,0.0,-0.449333,0.563013,PAK,URY,420310
7522167,169,230,6864,2006,0.0,2324.0,0.306664,0.638533,PAN,URY,420310
7522168,174,230,6864,2006,0.0,3668.0,0.161994,0.036631,PHL,URY,420310
7522169,179,230,6864,2006,0.0,21632.0,0.5723630000000001,1.92303,PRT,URY,420310
7522170,180,230,6864,2006,2010.0,1463.0,-0.520435,-0.7839119999999999,PRY,URY,420310
7522171,185,230,6864,2006,0.0,8644.0,0.550825,1.170744,ROU,URY,420310
7522172,208,230,6864,2006,0.0,57734.0,1.902737,0.593294,SWE,URY,420310
7522173,231,230,6864,2006,65217.0,578686.0,1.666643,-0.121679,USA,URY,420310
7522174,250,230,6864,2006,1389.0,3132.0,0.711619,-0.41880200000000006,ANS,URY,420310
7522175,0,231,6864,2006,0.0,276340.0,0.15112799999999998,-0.752631,ABW,USA,420310
7522176,1,231,6864,2006,1633.0,86350.0,-0.626011,-0.6799689999999999,AFG,USA,420310
7522177,2,231,6864,2006,0.0,54624.0,-2.0822979999999998,-1.176767,AGO,USA,420310
7522178,3,231,6864,2006,0.0,6972.0,1.4066610000000002,-0.166941,AIA,USA,420310
7522179,4,231,6864,2006,0.0,1875.0,-0.340932,-0.06302200000000001,ALB,USA,420310
7522180,6,231,6864,2006,0.0,474264.0,0.251825,-0.629035,ANT,USA,420310
7522181,7,231,6864,2006,41372.0,3041184.0,0.053903999999999994,-0.735124,ARE,USA,420310
7522182,8,231,6864,2006,380819.0,25117.0,0.33055,0.665867,ARG,USA,420310
7522183,9,231,6864,2006,0.0,41927.0,0.14539100000000002,-0.558014,ARM,USA,420310
7522184,13,231,6864,2006,0.0,9217.0,-0.139051,-0.780321,ATG,USA,420310
7522185,14,231,6864,2006,28497.0,3325822.0,0.067166,0.373148,AUS,USA,420310
7522186,15,231,6864,2006,418946.0,162597.0,1.775669,0.192717,AUT,USA,420310
7522187,16,231,6864,2006,0.0,17376.0,-0.521304,-1.035764,AZE,USA,420310
7522188,18,231,6864,2006,172522.0,18312110.0,1.2222540000000002,1.383027,BEL,USA,420310
7522189,19,231,6864,2006,0.0,2911.0,-0.8434360000000001,-0.798307,BEN,USA,420310
7522190,22,231,6864,2006,5036.0,0.0,-1.0305309999999999,-0.80937,BGD,USA,420310
7522191,23,231,6864,2006,27795.0,2840.0,0.414563,1.378005,BGR,USA,420310
7522192,24,231,6864,2006,0.0,192085.0,0.172724,-0.9449879999999999,BHR,USA,420310
7522193,25,231,6864,2006,0.0,786419.0,0.673694,-0.519608,BHS,USA,420310
7522194,26,231,6864,2006,38000.0,14507.0,0.40788800000000003,0.562854,BIH,USA,420310
7522195,28,231,6864,2006,0.0,7158.0,0.919853,0.384409,BLR,USA,420310
7522196,29,231,6864,2006,0.0,1069016.0,-0.584902,-0.82437,BLZ,USA,420310
7522197,30,231,6864,2006,0.0,590025.0,0.491259,-0.603062,BMU,USA,420310
7522198,31,231,6864,2006,13501.0,16035.0,-0.805185,-0.754091,BOL,USA,420310
7522199,32,231,6864,2006,139913.0,252014.0,0.633889,1.1474520000000001,BRA,USA,420310
7522200,33,231,6864,2006,0.0,126086.0,0.977267,0.6046560000000001,BRB,USA,420310
7522201,34,231,6864,2006,32804.0,0.0,-1.331831,-0.9170940000000001,BRN,USA,420310
7522202,37,231,6864,2006,0.0,3484.0,-1.0541459999999998,-1.179286,BWA,USA,420310
7522203,39,231,6864,2006,10414131.0,8440999.0,0.865685,1.1480489999999999,CAN,USA,420310
7522204,41,231,6864,2006,4544248.0,1374749.0,2.052534,0.515523,CHE,USA,420310
7522205,42,231,6864,2006,7046.0,887058.0,-0.188298,-0.46778000000000003,CHL,USA,420310
7522206,43,231,6864,2006,584133120.0,864471.0,0.737888,2.54966,CHN,USA,420310
7522207,44,231,6864,2006,0.0,75649.0,-0.8918530000000001,-0.8145819999999999,CIV,USA,420310
7522208,47,231,6864,2006,0.0,33138.0,-1.9903240000000002,-1.189925,COG,USA,420310
7522209,49,231,6864,2006,152890.0,336568.0,0.129887,0.44371700000000003,COL,USA,420310
7522210,52,231,6864,2006,135458.0,318695.0,0.042663,-0.376672,CRI,USA,420310
7522211,57,231,6864,2006,0.0,267428.0,0.7708189999999999,-0.648112,CYM,USA,420310
7522212,58,231,6864,2006,4062.0,70302.0,0.708267,-0.048096,CYP,USA,420310
7522213,59,231,6864,2006,258928.0,186855.0,1.564058,0.6023649999999999,CZE,USA,420310
7522214,61,231,6864,2006,5664408.0,6488386.0,2.132566,-2.773669,DEU,USA,420310
7522215,62,231,6864,2006,0.0,4920.0,-0.251707,-0.436792,DJI,USA,420310
7522216,64,231,6864,2006,16933.0,803873.0,1.2308700000000001,1.180914,DNK,USA,420310
7522217,65,231,6864,2006,61540.0,245444.0,-0.24073699999999998,0.049093,DOM,USA,420310
7522218,66,231,6864,2006,0.0,12061.0,-0.489962,-1.12456,DZA,USA,420310
7522219,67,231,6864,2006,123282.0,189026.0,-0.878583,-0.9462010000000001,ECU,USA,420310
7522220,68,231,6864,2006,24234.0,41684.0,-0.182272,0.40222399999999997,EGY,USA,420310
7522221,71,231,6864,2006,1322843.0,1568628.0,0.9091370000000001,2.068166,ESP,USA,420310
7522222,72,231,6864,2006,13568.0,9772.0,0.6426350000000001,0.925003,EST,USA,420310
7522223,74,231,6864,2006,40376.0,154629.0,1.864038,0.8193940000000001,FIN,USA,420310
7522224,77,231,6864,2006,9971204.0,2509510.0,1.47591,0.489466,FRA,USA,420310
7522225,80,231,6864,2006,0.0,8332.0,-1.6696819999999999,-1.173322,GAB,USA,420310
7522226,81,231,6864,2006,3322280.0,11511110.0,1.824154,0.614424,GBR,USA,420310
7522227,82,231,6864,2006,0.0,24593.0,0.076711,-0.47216099999999994,GEO,USA,420310
7522228,83,231,6864,2006,0.0,31565.0,-0.9934860000000001,-0.809318,GHA,USA,420310
7522229,90,231,6864,2006,56436.0,1130060.0,0.261955,1.488958,GRC,USA,420310
7522230,91,231,6864,2006,0.0,10471.0,0.19208599999999998,-0.40781,GRD,USA,420310
7522231,93,231,6864,2006,0.0,1176959.0,-0.28642199999999995,0.5868439999999999,GTM,USA,420310
7522232,96,231,6864,2006,0.0,13299.0,-0.813775,-0.8000649999999999,GUY,USA,420310
7522233,97,231,6864,2006,4722221.0,4541576.0,0.5776319999999999,2.076782,HKG,USA,420310
7522234,99,231,6864,2006,265344.0,874923.0,-0.672074,-0.472138,HND,USA,420310
7522235,100,231,6864,2006,197811.0,55874.0,0.755787,0.992614,HRV,USA,420310
7522236,101,231,6864,2006,0.0,5200.0,-1.037941,-0.9475790000000001,HTI,USA,420310
7522237,102,231,6864,2006,514286.0,127248.0,1.4034309999999999,0.835144,HUN,USA,420310
7522238,103,231,6864,2006,1087922.0,152380.0,-0.21012399999999998,1.467838,IDN,USA,420310
7522239,104,231,6864,2006,36705892.0,34019.0,0.285652,2.731318,IND,USA,420310
7522240,106,231,6864,2006,19866.0,357067.0,1.43804,0.06463200000000001,IRL,USA,420310
7522241,108,231,6864,2006,0.0,509260.0,-2.029727,-0.8634219999999999,IRQ,USA,420310
7522242,109,231,6864,2006,2532.0,40629.0,0.170234,-0.302203,ISL,USA,420310
7522243,110,231,6864,2006,61559.0,991993.0,1.3082129999999998,0.783845,ISR,USA,420310
7522244,111,231,6864,2006,48603436.0,3989848.0,1.293779,0.93995,ITA,USA,420310
7522245,112,231,6864,2006,0.0,126023.0,-0.5122720000000001,-0.9109809999999999,JAM,USA,420310
7522246,113,231,6864,2006,0.0,17450.0,0.166718,0.331248,JOR,USA,420310
7522247,114,231,6864,2006,411607.0,25360526.0,2.4348099999999997,0.082887,JPN,USA,420310
7522248,115,231,6864,2006,0.0,14770.0,0.038229,-0.579421,KAZ,USA,420310
7522249,116,231,6864,2006,47734.0,12048.0,-0.38287899999999997,1.060286,KEN,USA,420310
7522250,120,231,6864,2006,0.0,22977.0,0.896119,-0.309349,KNA,USA,420310
7522251,121,231,6864,2006,3469544.0,5086984.0,1.5384309999999999,0.766628,KOR,USA,420310
7522252,122,231,6864,2006,0.0,1260822.0,-0.589823,-1.142795,KWT,USA,420310
7522253,124,231,6864,2006,1913.0,1490434.0,0.3861,1.586183,LBN,USA,420310
7522254,125,231,6864,2006,0.0,10659.0,-0.679188,-1.0969389999999999,LBR,USA,420310
7522255,126,231,6864,2006,0.0,3748.0,-0.518724,-1.142074,LBY,USA,420310
7522256,127,231,6864,2006,0.0,2350.0,1.118348,-0.17618,LCA,USA,420310
7522257,128,231,6864,2006,34113.0,37317.0,-0.573767,0.305913,LKA,USA,420310
7522258,130,231,6864,2006,8525.0,34580.0,0.44063599999999997,1.163857,LTU,USA,420310
7522259,131,231,6864,2006,0.0,18256.0,1.4345620000000001,0.8840819999999999,LUX,USA,420310
7522260,132,231,6864,2006,0.0,6214.0,0.531375,0.9414170000000001,LVA,USA,420310
7522261,133,231,6864,2006,71695.0,22259.0,-0.07118200000000001,-0.228354,MAC,USA,420310
7522262,134,231,6864,2006,263821.0,23980.0,-0.547933,0.08257300000000001,MAR,USA,420310
7522263,135,231,6864,2006,0.0,896.0,-0.017707,0.135305,MDA,USA,420310
7522264,138,231,6864,2006,4541846.0,2736120.0,1.047268,0.7142270000000001,MEX,USA,420310
7522265,140,231,6864,2006,5646.0,17320.0,-0.21336,0.17674700000000002,MKD,USA,420310
7522266,142,231,6864,2006,0.0,3171.0,1.384411,0.093734,MLT,USA,420310
7522267,151,231,6864,2006,128217.0,0.0,-0.311109,-0.07267,MUS,USA,420310
7522268,153,231,6864,2006,18855.0,95449.0,0.7896569999999999,0.363625,MYS,USA,420310
7522269,155,231,6864,2006,8529.0,0.0,-0.515361,-0.8027350000000001,NAM,USA,420310
7522270,156,231,6864,2006,0.0,3383.0,-0.135099,-0.7618779999999999,NCL,USA,420310
7522271,159,231,6864,2006,0.0,48276.0,-2.094353,-1.215025,NGA,USA,420310
7522272,160,231,6864,2006,0.0,114519.0,-0.998825,-0.893867,NIC,USA,420310
7522273,162,231,6864,2006,118878.0,1377242.0,1.192134,1.450852,NLD,USA,420310
7522274,163,231,6864,2006,37155.0,312964.0,1.0787930000000001,0.014051,NOR,USA,420310
7522275,165,231,6864,2006,1555.0,0.0,1.092365,-0.03394,NRU,USA,420310
7522276,166,231,6864,2006,56305.0,888704.0,0.5371,0.8240209999999999,NZL,USA,420310
7522277,168,231,6864,2006,47888864.0,60917.0,-0.449333,0.563013,PAK,USA,420310
7522278,169,231,6864,2006,0.0,4820866.0,0.306664,0.638533,PAN,USA,420310
7522279,173,231,6864,2006,1959.0,42471.0,-0.551095,0.044295,PER,USA,420310
7522280,174,231,6864,2006,325904.0,14026.0,0.161994,0.036631,PHL,USA,420310
7522281,177,231,6864,2006,920997.0,207803.0,0.991927,1.474418,POL,USA,420310
7522282,179,231,6864,2006,54372.0,83395.0,0.5723630000000001,1.92303,PRT,USA,420310
7522283,182,231,6864,2006,0.0,53880.0,-0.213329,-0.743599,PYF,USA,420310
7522284,183,231,6864,2006,0.0,88432.0,0.055777999999999994,-1.0379049999999999,QAT,USA,420310
7522285,185,231,6864,2006,1566748.0,12468.0,0.550825,1.170744,ROU,USA,420310
7522286,186,231,6864,2006,3622.0,450596.0,0.801197,0.104683,RUS,USA,420310
7522287,188,231,6864,2006,0.0,928201.0,0.162432,-0.853059,SAU,USA,420310
7522288,191,231,6864,2006,0.0,5061.0,-0.364713,-0.183612,SEN,USA,420310
7522289,192,231,6864,2006,3299.0,1228333.0,1.5377379999999998,0.503089,SGP,USA,420310
7522290,196,231,6864,2006,0.0,2600.0,0.518163,-0.032742,SLE,USA,420310
7522291,197,231,6864,2006,0.0,116226.0,-0.135312,0.140874,SLV,USA,420310
7522292,198,231,6864,2006,2587.0,0.0,1.3203340000000001,0.385184,SMR,USA,420310
7522293,205,231,6864,2006,0.0,21560.0,-0.754046,-0.872361,SUR,USA,420310
7522294,206,231,6864,2006,25142.0,2205.0,1.291583,0.868317,SVK,USA,420310
7522295,207,231,6864,2006,557009.0,10958.0,1.5882370000000001,0.800719,SVN,USA,420310
7522296,208,231,6864,2006,22764.0,452527.0,1.902737,0.593294,SWE,USA,420310
7522297,211,231,6864,2006,0.0,27163.0,-0.344619,-0.796139,SYC,USA,420310
7522298,212,231,6864,2006,2643.0,0.0,-0.588695,0.532487,SYR,USA,420310
7522299,213,231,6864,2006,0.0,87701.0,0.43692700000000007,-0.135696,TCA,USA,420310
7522300,214,231,6864,2006,0.0,34628.0,-3.0579419999999997,-0.8926649999999999,TCD,USA,420310
7522301,216,231,6864,2006,50239.0,69523.0,0.568209,1.685343,THA,USA,420310
7522302,218,231,6864,2006,211833.0,0.0,0.335918,0.299589,TKL,USA,420310
7522303,222,231,6864,2006,0.0,247124.0,-0.20651399999999998,-1.024907,TTO,USA,420310
7522304,223,231,6864,2006,206082.0,0.0,-0.013636,0.804752,TUN,USA,420310
7522305,224,231,6864,2006,13440725.0,60172.0,0.33971599999999996,2.193384,TUR,USA,420310
7522306,228,231,6864,2006,480592.0,40818.0,0.7008439999999999,0.79656,UKR,USA,420310
7522307,230,231,6864,2006,578686.0,65217.0,0.234384,0.118878,URY,USA,420310
7522308,234,231,6864,2006,0.0,8165.0,-0.6097060000000001,-0.8844770000000001,VCT,USA,420310
7522309,236,231,6864,2006,0.0,772967.0,-0.340972,-1.015462,VEN,USA,420310
7522310,237,231,6864,2006,0.0,138643.0,1.05644,0.179306,VGB,USA,420310
7522311,239,231,6864,2006,637189.0,10042.0,-0.342779,1.033318,VNM,USA,420310
7522312,243,231,6864,2006,0.0,2556.0,-1.0407110000000002,-1.13042,YEM,USA,420310
7522313,246,231,6864,2006,26400.0,301881.0,0.37964499999999995,1.466326,ZAF,USA,420310
7522314,248,231,6864,2006,0.0,656.0,-0.41825500000000004,-0.55313,ZWE,USA,420310
7522315,249,231,6864,2006,398830.0,990033.0,1.619915,1.2289940000000001,TWN,USA,420310
7522316,8,236,6864,2006,48492.0,0.0,0.33055,0.665867,ARG,VEN,420310
7522317,15,236,6864,2006,3604.0,0.0,1.775669,0.192717,AUT,VEN,420310
7522318,39,236,6864,2006,0.0,3470.0,0.865685,1.1480489999999999,CAN,VEN,420310
7522319,41,236,6864,2006,14402.0,0.0,2.052534,0.515523,CHE,VEN,420310
7522320,43,236,6864,2006,49548.0,0.0,0.737888,2.54966,CHN,VEN,420310
7522321,49,236,6864,2006,882973.0,8782.0,0.129887,0.44371700000000003,COL,VEN,420310
7522322,61,236,6864,2006,27919.0,0.0,2.132566,-2.773669,DEU,VEN,420310
7522323,67,236,6864,2006,4259.0,0.0,-0.878583,-0.9462010000000001,ECU,VEN,420310
7522324,71,236,6864,2006,143807.0,0.0,0.9091370000000001,2.068166,ESP,VEN,420310
7522325,74,236,6864,2006,1014.0,0.0,1.864038,0.8193940000000001,FIN,VEN,420310
7522326,77,236,6864,2006,17358.0,0.0,1.47591,0.489466,FRA,VEN,420310
7522327,81,236,6864,2006,5424.0,10742.0,1.824154,0.614424,GBR,VEN,420310
7522328,97,236,6864,2006,11245.0,0.0,0.5776319999999999,2.076782,HKG,VEN,420310
7522329,111,236,6864,2006,88121.0,0.0,1.293779,0.93995,ITA,VEN,420310
7522330,114,236,6864,2006,0.0,4883.0,2.4348099999999997,0.082887,JPN,VEN,420310
7522331,168,236,6864,2006,22487.0,0.0,-0.449333,0.563013,PAK,VEN,420310
7522332,169,236,6864,2006,19431.0,0.0,0.306664,0.638533,PAN,VEN,420310
7522333,179,236,6864,2006,35953.0,0.0,0.5723630000000001,1.92303,PRT,VEN,420310
7522334,216,236,6864,2006,1293.0,0.0,0.568209,1.685343,THA,VEN,420310
7522335,231,236,6864,2006,772967.0,0.0,1.666643,-0.121679,USA,VEN,420310
7522336,249,236,6864,2006,1933.0,0.0,1.619915,1.2289940000000001,TWN,VEN,420310
7522337,43,243,6864,2006,23816.0,0.0,0.737888,2.54966,CHN,YEM,420310
7522338,61,243,6864,2006,2397.0,0.0,2.132566,-2.773669,DEU,YEM,420310
7522339,104,243,6864,2006,2808.0,0.0,0.285652,2.731318,IND,YEM,420310
7522340,168,243,6864,2006,4654.0,0.0,-0.449333,0.563013,PAK,YEM,420310
7522341,188,243,6864,2006,4043.0,20691.0,0.162432,-0.853059,SAU,YEM,420310
7522342,231,243,6864,2006,2556.0,0.0,1.666643,-0.121679,USA,YEM,420310
7522343,15,249,6864,2006,8876.0,0.0,1.775669,0.192717,AUT,TWN,420310
7522344,18,249,6864,2006,3862.0,16763.0,1.2222540000000002,1.383027,BEL,TWN,420310
7522345,23,249,6864,2006,13026.0,0.0,0.414563,1.378005,BGR,TWN,420310
7522346,26,249,6864,2006,16592.0,0.0,0.40788800000000003,0.562854,BIH,TWN,420310
7522347,32,249,6864,2006,0.0,3966.0,0.633889,1.1474520000000001,BRA,TWN,420310
7522348,39,249,6864,2006,63069.0,8328.0,0.865685,1.1480489999999999,CAN,TWN,420310
7522349,41,249,6864,2006,166169.0,0.0,2.052534,0.515523,CHE,TWN,420310
7522350,43,249,6864,2006,780503.0,4550.0,0.737888,2.54966,CHN,TWN,420310
7522351,59,249,6864,2006,1942.0,0.0,1.564058,0.6023649999999999,CZE,TWN,420310
7522352,61,249,6864,2006,290935.0,4015.0,2.132566,-2.773669,DEU,TWN,420310
7522353,64,249,6864,2006,0.0,3322.0,1.2308700000000001,1.180914,DNK,TWN,420310
7522354,71,249,6864,2006,112075.0,231261.0,0.9091370000000001,2.068166,ESP,TWN,420310
7522355,77,249,6864,2006,254574.0,37181.0,1.47591,0.489466,FRA,TWN,420310
7522356,81,249,6864,2006,56128.0,39791.0,1.824154,0.614424,GBR,TWN,420310
7522357,93,249,6864,2006,0.0,5895.0,-0.28642199999999995,0.5868439999999999,GTM,TWN,420310
7522358,97,249,6864,2006,877484.0,1093580.0,0.5776319999999999,2.076782,HKG,TWN,420310
7522359,100,249,6864,2006,7592.0,0.0,0.755787,0.992614,HRV,TWN,420310
7522360,102,249,6864,2006,19225.0,0.0,1.4034309999999999,0.835144,HUN,TWN,420310
7522361,103,249,6864,2006,14410.0,0.0,-0.21012399999999998,1.467838,IDN,TWN,420310
7522362,104,249,6864,2006,23948.0,1941.0,0.285652,2.731318,IND,TWN,420310
7522363,106,249,6864,2006,0.0,20096.0,1.43804,0.06463200000000001,IRL,TWN,420310
7522364,111,249,6864,2006,1834079.0,8788.0,1.293779,0.93995,ITA,TWN,420310
7522365,114,249,6864,2006,82221.0,2457.0,2.4348099999999997,0.082887,JPN,TWN,420310
7522366,115,249,6864,2006,0.0,592.0,0.038229,-0.579421,KAZ,TWN,420310
7522367,121,249,6864,2006,36113.0,21019.0,1.5384309999999999,0.766628,KOR,TWN,420310
7522368,134,249,6864,2006,1070.0,0.0,-0.547933,0.08257300000000001,MAR,TWN,420310
7522369,153,249,6864,2006,0.0,1933.0,0.7896569999999999,0.363625,MYS,TWN,420310
7522370,159,249,6864,2006,0.0,53517.0,-2.094353,-1.215025,NGA,TWN,420310
7522371,162,249,6864,2006,2282.0,1237.0,1.192134,1.450852,NLD,TWN,420310
7522372,163,249,6864,2006,0.0,9180.0,1.0787930000000001,0.014051,NOR,TWN,420310
7522373,166,249,6864,2006,4286.0,0.0,0.5371,0.8240209999999999,NZL,TWN,420310
7522374,168,249,6864,2006,390886.0,0.0,-0.449333,0.563013,PAK,TWN,420310
7522375,174,249,6864,2006,15295.0,0.0,0.161994,0.036631,PHL,TWN,420310
7522376,177,249,6864,2006,36415.0,0.0,0.991927,1.474418,POL,TWN,420310
7522377,179,249,6864,2006,3622.0,0.0,0.5723630000000001,1.92303,PRT,TWN,420310
7522378,185,249,6864,2006,74874.0,3543.0,0.550825,1.170744,ROU,TWN,420310
7522379,186,249,6864,2006,0.0,26108.0,0.801197,0.104683,RUS,TWN,420310
7522380,192,249,6864,2006,2065.0,38600.0,1.5377379999999998,0.503089,SGP,TWN,420310
7522381,206,249,6864,2006,0.0,4256.0,1.291583,0.868317,SVK,TWN,420310
7522382,216,249,6864,2006,7006.0,1698.0,0.568209,1.685343,THA,TWN,420310
7522383,222,249,6864,2006,0.0,2814.0,-0.20651399999999998,-1.024907,TTO,TWN,420310
7522384,223,249,6864,2006,25248.0,0.0,-0.013636,0.804752,TUN,TWN,420310
7522385,224,249,6864,2006,45249.0,0.0,0.33971599999999996,2.193384,TUR,TWN,420310
7522386,228,249,6864,2006,61495.0,0.0,0.7008439999999999,0.79656,UKR,TWN,420310
7522387,231,249,6864,2006,990033.0,398830.0,1.666643,-0.121679,USA,TWN,420310
7522388,236,249,6864,2006,0.0,1933.0,-0.340972,-1.015462,VEN,TWN,420310
7522389,239,249,6864,2006,7189.0,0.0,-0.342779,1.033318,VNM,TWN,420310
7522390,8,7,6864,2006,19540.0,0.0,0.33055,0.665867,ARG,ARE,420310
7522391,14,7,6864,2006,17914.0,0.0,0.067166,0.373148,AUS,ARE,420310
7522392,15,7,6864,2006,24271.0,86247.0,1.775669,0.192717,AUT,ARE,420310
7522393,18,7,6864,2006,10163.0,0.0,1.2222540000000002,1.383027,BEL,ARE,420310
7522394,24,7,6864,2006,0.0,1941.0,0.172724,-0.9449879999999999,BHR,ARE,420310
7522395,26,7,6864,2006,0.0,6944.0,0.40788800000000003,0.562854,BIH,ARE,420310
7522396,32,7,6864,2006,1226.0,0.0,0.633889,1.1474520000000001,BRA,ARE,420310
7522397,39,7,6864,2006,201819.0,21126.0,0.865685,1.1480489999999999,CAN,ARE,420310
7522398,41,7,6864,2006,977694.0,28212.0,2.052534,0.515523,CHE,ARE,420310
7522399,43,7,6864,2006,4704540.0,0.0,0.737888,2.54966,CHN,ARE,420310
7522400,58,7,6864,2006,9245.0,0.0,0.708267,-0.048096,CYP,ARE,420310
7522401,59,7,6864,2006,0.0,4777.0,1.564058,0.6023649999999999,CZE,ARE,420310
7522402,61,7,6864,2006,754025.0,2622564.0,2.132566,-2.773669,DEU,ARE,420310
7522403,64,7,6864,2006,48491.0,9447.0,1.2308700000000001,1.180914,DNK,ARE,420310
7522404,68,7,6864,2006,0.0,2036.0,-0.182272,0.40222399999999997,EGY,ARE,420310
7522405,71,7,6864,2006,1223603.0,3112.0,0.9091370000000001,2.068166,ESP,ARE,420310
7522406,72,7,6864,2006,0.0,7711.0,0.6426350000000001,0.925003,EST,ARE,420310
7522407,74,7,6864,2006,0.0,54968.0,1.864038,0.8193940000000001,FIN,ARE,420310
7522408,77,7,6864,2006,277355.0,64208.0,1.47591,0.489466,FRA,ARE,420310
7522409,81,7,6864,2006,350784.0,28837.0,1.824154,0.614424,GBR,ARE,420310
7522410,82,7,6864,2006,0.0,1562.0,0.076711,-0.47216099999999994,GEO,ARE,420310
7522411,90,7,6864,2006,1241.0,11613.0,0.261955,1.488958,GRC,ARE,420310
7522412,97,7,6864,2006,58284.0,0.0,0.5776319999999999,2.076782,HKG,ARE,420310
7522413,100,7,6864,2006,0.0,36901.0,0.755787,0.992614,HRV,ARE,420310
7522414,104,7,6864,2006,1656198.0,15192.0,0.285652,2.731318,IND,ARE,420310
7522415,106,7,6864,2006,0.0,8613.0,1.43804,0.06463200000000001,IRL,ARE,420310
7522416,111,7,6864,2006,1359552.0,12170.0,1.293779,0.93995,ITA,ARE,420310
7522417,113,7,6864,2006,0.0,1855.0,0.166718,0.331248,JOR,ARE,420310
7522418,114,7,6864,2006,6754.0,16356.0,2.4348099999999997,0.082887,JPN,ARE,420310
7522419,115,7,6864,2006,0.0,4015.0,0.038229,-0.579421,KAZ,ARE,420310
7522420,116,7,6864,2006,0.0,751.0,-0.38287899999999997,1.060286,KEN,ARE,420310
7522421,121,7,6864,2006,995.0,0.0,1.5384309999999999,0.766628,KOR,ARE,420310
7522422,122,7,6864,2006,10998.0,0.0,-0.589823,-1.142795,KWT,ARE,420310
7522423,124,7,6864,2006,3038.0,14708.0,0.3861,1.586183,LBN,ARE,420310
7522424,130,7,6864,2006,0.0,6466.0,0.44063599999999997,1.163857,LTU,ARE,420310
7522425,134,7,6864,2006,4924.0,0.0,-0.547933,0.08257300000000001,MAR,ARE,420310
7522426,159,7,6864,2006,0.0,5484.0,-2.094353,-1.215025,NGA,ARE,420310
7522427,162,7,6864,2006,3708.0,5991.0,1.192134,1.450852,NLD,ARE,420310
7522428,163,7,6864,2006,0.0,11595.0,1.0787930000000001,0.014051,NOR,ARE,420310
7522429,166,7,6864,2006,0.0,1518.0,0.5371,0.8240209999999999,NZL,ARE,420310
7522430,167,7,6864,2006,0.0,4153.0,-0.6373989999999999,-1.092554,OMN,ARE,420310
7522431,168,7,6864,2006,25123612.0,2670.0,-0.449333,0.563013,PAK,ARE,420310
7522432,177,7,6864,2006,0.0,15403.0,0.991927,1.474418,POL,ARE,420310
7522433,179,7,6864,2006,12591.0,1698.0,0.5723630000000001,1.92303,PRT,ARE,420310
7522434,186,7,6864,2006,2992.0,1900.0,0.801197,0.104683,RUS,ARE,420310
7522435,188,7,6864,2006,4747.0,51861.0,0.162432,-0.853059,SAU,ARE,420310
7522436,192,7,6864,2006,2790.0,0.0,1.5377379999999998,0.503089,SGP,ARE,420310
7522437,207,7,6864,2006,0.0,8797.0,1.5882370000000001,0.800719,SVN,ARE,420310
7522438,208,7,6864,2006,0.0,16034.0,1.902737,0.593294,SWE,ARE,420310
7522439,212,7,6864,2006,2038.0,0.0,-0.588695,0.532487,SYR,ARE,420310
7522440,224,7,6864,2006,654581.0,1469.0,0.33971599999999996,2.193384,TUR,ARE,420310
7522441,226,7,6864,2006,0.0,3825.0,-0.953097,0.159129,TZA,ARE,420310
7522442,231,7,6864,2006,3041184.0,41372.0,1.666643,-0.121679,USA,ARE,420310
7522443,246,7,6864,2006,4693.0,37306.0,0.37964499999999995,1.466326,ZAF,ARE,420310
7522444,247,7,6864,2006,0.0,1451.0,-0.5307,-0.793621,ZMB,ARE,420310
7522445,7,14,6864,2006,0.0,17914.0,0.053903999999999994,-0.735124,ARE,AUS,420310
7522446,8,14,6864,2006,12556.0,0.0,0.33055,0.665867,ARG,AUS,420310
7522447,15,14,6864,2006,14581.0,0.0,1.775669,0.192717,AUT,AUS,420310
7522448,18,14,6864,2006,7703.0,4583.0,1.2222540000000002,1.383027,BEL,AUS,420310
7522449,23,14,6864,2006,5930.0,0.0,0.414563,1.378005,BGR,AUS,420310
7522450,26,14,6864,2006,4959.0,0.0,0.40788800000000003,0.562854,BIH,AUS,420310
7522451,39,14,6864,2006,45125.0,8767.0,0.865685,1.1480489999999999,CAN,AUS,420310
7522452,41,14,6864,2006,297939.0,16569.0,2.052534,0.515523,CHE,AUS,420310
7522453,42,14,6864,2006,0.0,1590.0,-0.188298,-0.46778000000000003,CHL,AUS,420310
7522454,43,14,6864,2006,5245631.0,2954.0,0.737888,2.54966,CHN,AUS,420310
7522455,49,14,6864,2006,1274.0,0.0,0.129887,0.44371700000000003,COL,AUS,420310
7522456,58,14,6864,2006,1708.0,1795.0,0.708267,-0.048096,CYP,AUS,420310
7522457,59,14,6864,2006,4569.0,0.0,1.564058,0.6023649999999999,CZE,AUS,420310
7522458,61,14,6864,2006,555676.0,9301.0,2.132566,-2.773669,DEU,AUS,420310
7522459,64,14,6864,2006,0.0,3279.0,1.2308700000000001,1.180914,DNK,AUS,420310
7522460,71,14,6864,2006,4616.0,0.0,0.9091370000000001,2.068166,ESP,AUS,420310
7522461,75,14,6864,2006,150670.0,1557.0,-0.6554949999999999,-0.098284,FJI,AUS,420310
7522462,77,14,6864,2006,444132.0,4257.0,1.47591,0.489466,FRA,AUS,420310
7522463,81,14,6864,2006,203987.0,206917.0,1.824154,0.614424,GBR,AUS,420310
7522464,90,14,6864,2006,7015.0,0.0,0.261955,1.488958,GRC,AUS,420310
7522465,97,14,6864,2006,325596.0,43320.0,0.5776319999999999,2.076782,HKG,AUS,420310
7522466,100,14,6864,2006,6926.0,0.0,0.755787,0.992614,HRV,AUS,420310
7522467,102,14,6864,2006,3801.0,0.0,1.4034309999999999,0.835144,HUN,AUS,420310
7522468,103,14,6864,2006,17634.0,64327.0,-0.21012399999999998,1.467838,IDN,AUS,420310
7522469,104,14,6864,2006,1133507.0,0.0,0.285652,2.731318,IND,AUS,420310
7522470,106,14,6864,2006,9531.0,0.0,1.43804,0.06463200000000001,IRL,AUS,420310
7522471,107,14,6864,2006,1604.0,0.0,-0.391023,-0.767861,IRN,AUS,420310
7522472,110,14,6864,2006,0.0,4189.0,1.3082129999999998,0.783845,ISR,AUS,420310
7522473,111,14,6864,2006,1755790.0,5624.0,1.293779,0.93995,ITA,AUS,420310
7522474,114,14,6864,2006,20731.0,0.0,2.4348099999999997,0.082887,JPN,AUS,420310
7522475,116,14,6864,2006,1087.0,0.0,-0.38287899999999997,1.060286,KEN,AUS,420310
7522476,121,14,6864,2006,82842.0,19312.0,1.5384309999999999,0.766628,KOR,AUS,420310
7522477,128,14,6864,2006,1573.0,0.0,-0.573767,0.305913,LKA,AUS,420310
7522478,134,14,6864,2006,2269.0,0.0,-0.547933,0.08257300000000001,MAR,AUS,420310
7522479,137,14,6864,2006,0.0,2786.0,-0.240191,-0.8320290000000001,MDV,AUS,420310
7522480,138,14,6864,2006,44986.0,0.0,1.047268,0.7142270000000001,MEX,AUS,420310
7522481,145,14,6864,2006,0.0,11315.0,-1.147217,-1.0734709999999998,MNG,AUS,420310
7522482,151,14,6864,2006,29682.0,0.0,-0.311109,-0.07267,MUS,AUS,420310
7522483,153,14,6864,2006,1254.0,0.0,0.7896569999999999,0.363625,MYS,AUS,420310
7522484,156,14,6864,2006,0.0,64153.0,-0.135099,-0.7618779999999999,NCL,AUS,420310
7522485,162,14,6864,2006,39544.0,2499.0,1.192134,1.450852,NLD,AUS,420310
7522486,163,14,6864,2006,0.0,9752.0,1.0787930000000001,0.014051,NOR,AUS,420310
7522487,166,14,6864,2006,384548.0,780538.0,0.5371,0.8240209999999999,NZL,AUS,420310
7522488,168,14,6864,2006,1938414.0,0.0,-0.449333,0.563013,PAK,AUS,420310
7522489,174,14,6864,2006,5442.0,4930.0,0.161994,0.036631,PHL,AUS,420310
7522490,176,14,6864,2006,0.0,7348.0,-1.89409,-1.234731,PNG,AUS,420310
7522491,177,14,6864,2006,6213.0,0.0,0.991927,1.474418,POL,AUS,420310
7522492,182,14,6864,2006,0.0,2238.0,-0.213329,-0.743599,PYF,AUS,420310
7522493,185,14,6864,2006,44996.0,0.0,0.550825,1.170744,ROU,AUS,420310
7522494,192,14,6864,2006,62197.0,5696.0,1.5377379999999998,0.503089,SGP,AUS,420310
7522495,207,14,6864,2006,3698.0,0.0,1.5882370000000001,0.800719,SVN,AUS,420310
7522496,208,14,6864,2006,6089.0,5281.0,1.902737,0.593294,SWE,AUS,420310
7522497,216,14,6864,2006,8964.0,4278.0,0.568209,1.685343,THA,AUS,420310
7522498,223,14,6864,2006,22317.0,0.0,-0.013636,0.804752,TUN,AUS,420310
7522499,224,14,6864,2006,59549.0,0.0,0.33971599999999996,2.193384,TUR,AUS,420310
7522500,228,14,6864,2006,20638.0,0.0,0.7008439999999999,0.79656,UKR,AUS,420310
7522501,231,14,6864,2006,3325822.0,28497.0,1.666643,-0.121679,USA,AUS,420310
7522502,239,14,6864,2006,36181.0,11724.0,-0.342779,1.033318,VNM,AUS,420310
7522503,240,14,6864,2006,0.0,3315.0,-1.166741,-0.927552,VUT,AUS,420310
7522504,246,14,6864,2006,0.0,83708.0,0.37964499999999995,1.466326,ZAF,AUS,420310
7522505,250,14,6864,2006,0.0,4069.0,0.711619,-0.41880200000000006,ANS,AUS,420310
7522506,15,16,6864,2006,5398.0,0.0,1.775669,0.192717,AUT,AZE,420310
7522507,41,16,6864,2006,125256.0,0.0,2.052534,0.515523,CHE,AZE,420310
7522508,43,16,6864,2006,42871.0,0.0,0.737888,2.54966,CHN,AZE,420310
7522509,61,16,6864,2006,579866.0,0.0,2.132566,-2.773669,DEU,AZE,420310
7522510,77,16,6864,2006,46648.0,0.0,1.47591,0.489466,FRA,AZE,420310
7522511,111,16,6864,2006,453970.0,0.0,1.293779,0.93995,ITA,AZE,420310
7522512,162,16,6864,2006,4846.0,0.0,1.192134,1.450852,NLD,AZE,420310
7522513,224,16,6864,2006,14345.0,0.0,0.33971599999999996,2.193384,TUR,AZE,420310
7522514,231,16,6864,2006,17376.0,0.0,1.666643,-0.121679,USA,AZE,420310
7522515,61,22,6864,2006,6085.0,24036.0,2.132566,-2.773669,DEU,BGD,420310
7522516,71,22,6864,2006,0.0,33217.0,0.9091370000000001,2.068166,ESP,BGD,420310
7522517,90,22,6864,2006,0.0,4519.0,0.261955,1.488958,GRC,BGD,420310
7522518,97,22,6864,2006,4495.0,0.0,0.5776319999999999,2.076782,HKG,BGD,420310
7522519,104,22,6864,2006,2792.0,3599.0,0.285652,2.731318,IND,BGD,420310
7522520,106,22,6864,2006,0.0,40976.0,1.43804,0.06463200000000001,IRL,BGD,420310
7522521,111,22,6864,2006,0.0,14751.0,1.293779,0.93995,ITA,BGD,420310
7522522,114,22,6864,2006,0.0,3040.0,2.4348099999999997,0.082887,JPN,BGD,420310
7522523,134,22,6864,2006,0.0,3432.0,-0.547933,0.08257300000000001,MAR,BGD,420310
7522524,168,22,6864,2006,28809.0,0.0,-0.449333,0.563013,PAK,BGD,420310
7522525,173,22,6864,2006,0.0,2058.0,-0.551095,0.044295,PER,BGD,420310
7522526,177,22,6864,2006,0.0,1287.0,0.991927,1.474418,POL,BGD,420310
7522527,186,22,6864,2006,0.0,107273.0,0.801197,0.104683,RUS,BGD,420310
7522528,207,22,6864,2006,0.0,9247.0,1.5882370000000001,0.800719,SVN,BGD,420310
7522529,208,22,6864,2006,0.0,38467.0,1.902737,0.593294,SWE,BGD,420310
7522530,228,22,6864,2006,0.0,6835.0,0.7008439999999999,0.79656,UKR,BGD,420310
7522531,230,22,6864,2006,0.0,975.0,0.234384,0.118878,URY,BGD,420310
7522532,231,22,6864,2006,0.0,5036.0,1.666643,-0.121679,USA,BGD,420310
7522533,14,23,6864,2006,0.0,5930.0,0.067166,0.373148,AUS,BGR,420310
7522534,15,23,6864,2006,57887.0,1577.0,1.775669,0.192717,AUT,BGR,420310
7522535,18,23,6864,2006,980.0,0.0,1.2222540000000002,1.383027,BEL,BGR,420310
7522536,32,23,6864,2006,0.0,17683.0,0.633889,1.1474520000000001,BRA,BGR,420310
7522537,41,23,6864,2006,134129.0,3251.0,2.052534,0.515523,CHE,BGR,420310
7522538,43,23,6864,2006,96997.0,63642.0,0.737888,2.54966,CHN,BGR,420310
7522539,59,23,6864,2006,78470.0,5216.0,1.564058,0.6023649999999999,CZE,BGR,420310
7522540,61,23,6864,2006,610023.0,6986.0,2.132566,-2.773669,DEU,BGR,420310
7522541,64,23,6864,2006,12217.0,2663.0,1.2308700000000001,1.180914,DNK,BGR,420310
7522542,71,23,6864,2006,31150.0,28132.0,0.9091370000000001,2.068166,ESP,BGR,420310
7522543,72,23,6864,2006,875.0,1709.0,0.6426350000000001,0.925003,EST,BGR,420310
7522544,74,23,6864,2006,0.0,3148.0,1.864038,0.8193940000000001,FIN,BGR,420310
7522545,77,23,6864,2006,6087.0,2598.0,1.47591,0.489466,FRA,BGR,420310
7522546,81,23,6864,2006,17337.0,0.0,1.824154,0.614424,GBR,BGR,420310
7522547,90,23,6864,2006,52345.0,638643.0,0.261955,1.488958,GRC,BGR,420310
7522548,97,23,6864,2006,4219.0,0.0,0.5776319999999999,2.076782,HKG,BGR,420310
7522549,100,23,6864,2006,873.0,15016.0,0.755787,0.992614,HRV,BGR,420310
7522550,102,23,6864,2006,13209.0,0.0,1.4034309999999999,0.835144,HUN,BGR,420310
7522551,104,23,6864,2006,19587.0,0.0,0.285652,2.731318,IND,BGR,420310
7522552,111,23,6864,2006,469388.0,1112414.0,1.293779,0.93995,ITA,BGR,420310
7522553,114,23,6864,2006,0.0,69197.0,2.4348099999999997,0.082887,JPN,BGR,420310
7522554,121,23,6864,2006,0.0,11659.0,1.5384309999999999,0.766628,KOR,BGR,420310
7522555,122,23,6864,2006,0.0,1781.0,-0.589823,-1.142795,KWT,BGR,420310
7522556,134,23,6864,2006,1624.0,0.0,-0.547933,0.08257300000000001,MAR,BGR,420310
7522557,140,23,6864,2006,0.0,8095.0,-0.21336,0.17674700000000002,MKD,BGR,420310
7522558,144,23,6864,2006,0.0,3636.0,0.130773,-0.24674699999999997,MNE,BGR,420310
7522559,162,23,6864,2006,4830.0,0.0,1.192134,1.450852,NLD,BGR,420310
7522560,168,23,6864,2006,130536.0,0.0,-0.449333,0.563013,PAK,BGR,420310
7522561,177,23,6864,2006,1714.0,15230.0,0.991927,1.474418,POL,BGR,420310
7522562,185,23,6864,2006,11143.0,2247.0,0.550825,1.170744,ROU,BGR,420310
7522563,186,23,6864,2006,0.0,2974.0,0.801197,0.104683,RUS,BGR,420310
7522564,188,23,6864,2006,0.0,3538.0,0.162432,-0.853059,SAU,BGR,420310
7522565,201,23,6864,2006,0.0,9371.0,0.547824,1.5588879999999998,SRB,BGR,420310
7522566,207,23,6864,2006,87464.0,2959.0,1.5882370000000001,0.800719,SVN,BGR,420310
7522567,208,23,6864,2006,3605.0,0.0,1.902737,0.593294,SWE,BGR,420310
7522568,223,23,6864,2006,7960.0,0.0,-0.013636,0.804752,TUN,BGR,420310
7522569,224,23,6864,2006,974349.0,31346.0,0.33971599999999996,2.193384,TUR,BGR,420310
7522570,231,23,6864,2006,2840.0,27795.0,1.666643,-0.121679,USA,BGR,420310
7522571,249,23,6864,2006,0.0,13026.0,1.619915,1.2289940000000001,TWN,BGR,420310
7522572,7,24,6864,2006,1941.0,0.0,0.053903999999999994,-0.735124,ARE,BHR,420310
7522573,41,24,6864,2006,13258.0,0.0,2.052534,0.515523,CHE,BHR,420310
7522574,43,24,6864,2006,1776.0,0.0,0.737888,2.54966,CHN,BHR,420310
7522575,61,24,6864,2006,6700.0,0.0,2.132566,-2.773669,DEU,BHR,420310
7522576,64,24,6864,2006,845.0,0.0,1.2308700000000001,1.180914,DNK,BHR,420310
7522577,71,24,6864,2006,52327.0,0.0,0.9091370000000001,2.068166,ESP,BHR,420310
7522578,77,24,6864,2006,1090.0,0.0,1.47591,0.489466,FRA,BHR,420310
7522579,81,24,6864,2006,43777.0,0.0,1.824154,0.614424,GBR,BHR,420310
7522580,97,24,6864,2006,5843.0,0.0,0.5776319999999999,2.076782,HKG,BHR,420310
7522581,104,24,6864,2006,10822.0,0.0,0.285652,2.731318,IND,BHR,420310
7522582,111,24,6864,2006,74581.0,0.0,1.293779,0.93995,ITA,BHR,420310
7522583,124,24,6864,2006,46062.0,0.0,0.3861,1.586183,LBN,BHR,420310
7522584,168,24,6864,2006,195392.0,0.0,-0.449333,0.563013,PAK,BHR,420310
7522585,174,24,6864,2006,1422.0,0.0,0.161994,0.036631,PHL,BHR,420310
7522586,188,24,6864,2006,1743700.0,0.0,0.162432,-0.853059,SAU,BHR,420310
7522587,216,24,6864,2006,7057.0,0.0,0.568209,1.685343,THA,BHR,420310
7522588,224,24,6864,2006,1261.0,0.0,0.33971599999999996,2.193384,TUR,BHR,420310
7522589,231,24,6864,2006,192085.0,0.0,1.666643,-0.121679,USA,BHR,420310
7522590,246,24,6864,2006,1323.0,0.0,0.37964499999999995,1.466326,ZAF,BHR,420310
7522591,15,28,6864,2006,3227.0,0.0,1.775669,0.192717,AUT,BLR,420310
7522592,41,28,6864,2006,20786.0,0.0,2.052534,0.515523,CHE,BLR,420310
7522593,43,28,6864,2006,12629.0,0.0,0.737888,2.54966,CHN,BLR,420310
7522594,59,28,6864,2006,3305.0,0.0,1.564058,0.6023649999999999,CZE,BLR,420310
7522595,61,28,6864,2006,258737.0,0.0,2.132566,-2.773669,DEU,BLR,420310
7522596,71,28,6864,2006,5548.0,0.0,0.9091370000000001,2.068166,ESP,BLR,420310
7522597,77,28,6864,2006,4138.0,0.0,1.47591,0.489466,FRA,BLR,420310
7522598,81,28,6864,2006,7482.0,0.0,1.824154,0.614424,GBR,BLR,420310
7522599,104,28,6864,2006,3518.0,0.0,0.285652,2.731318,IND,BLR,420310
7522600,107,28,6864,2006,53672.0,0.0,-0.391023,-0.767861,IRN,BLR,420310
7522601,111,28,6864,2006,129466.0,0.0,1.293779,0.93995,ITA,BLR,420310
7522602,115,28,6864,2006,0.0,1323.0,0.038229,-0.579421,KAZ,BLR,420310
7522603,163,28,6864,2006,0.0,14390.0,1.0787930000000001,0.014051,NOR,BLR,420310
7522604,168,28,6864,2006,2716.0,0.0,-0.449333,0.563013,PAK,BLR,420310
7522605,177,28,6864,2006,7437.0,0.0,0.991927,1.474418,POL,BLR,420310
7522606,185,28,6864,2006,4118.0,0.0,0.550825,1.170744,ROU,BLR,420310
7522607,186,28,6864,2006,83391.0,118698.0,0.801197,0.104683,RUS,BLR,420310
7522608,223,28,6864,2006,2508.0,0.0,-0.013636,0.804752,TUN,BLR,420310
7522609,224,28,6864,2006,1702.0,0.0,0.33971599999999996,2.193384,TUR,BLR,420310
7522610,231,28,6864,2006,7158.0,0.0,1.666643,-0.121679,USA,BLR,420310
7522611,7,58,6864,2006,0.0,9245.0,0.053903999999999994,-0.735124,ARE,CYP,420310
7522612,14,58,6864,2006,1795.0,1708.0,0.067166,0.373148,AUS,CYP,420310
7522613,15,58,6864,2006,14318.0,0.0,1.775669,0.192717,AUT,CYP,420310
7522614,18,58,6864,2006,4856.0,5933.0,1.2222540000000002,1.383027,BEL,CYP,420310
7522615,41,58,6864,2006,23314.0,0.0,2.052534,0.515523,CHE,CYP,420310
7522616,43,58,6864,2006,253475.0,0.0,0.737888,2.54966,CHN,CYP,420310
7522617,61,58,6864,2006,157537.0,0.0,2.132566,-2.773669,DEU,CYP,420310
7522618,64,58,6864,2006,18102.0,0.0,1.2308700000000001,1.180914,DNK,CYP,420310
7522619,68,58,6864,2006,3592.0,632.0,-0.182272,0.40222399999999997,EGY,CYP,420310
7522620,71,58,6864,2006,140883.0,1166.0,0.9091370000000001,2.068166,ESP,CYP,420310
7522621,77,58,6864,2006,483551.0,17443.0,1.47591,0.489466,FRA,CYP,420310
7522622,81,58,6864,2006,91697.0,10713.0,1.824154,0.614424,GBR,CYP,420310
7522623,90,58,6864,2006,349632.0,242454.0,0.261955,1.488958,GRC,CYP,420310
7522624,97,58,6864,2006,17442.0,0.0,0.5776319999999999,2.076782,HKG,CYP,420310
7522625,104,58,6864,2006,53943.0,0.0,0.285652,2.731318,IND,CYP,420310
7522626,110,58,6864,2006,0.0,2181.0,1.3082129999999998,0.783845,ISR,CYP,420310
7522627,111,58,6864,2006,827153.0,28288.0,1.293779,0.93995,ITA,CYP,420310
7522628,124,58,6864,2006,0.0,6424.0,0.3861,1.586183,LBN,CYP,420310
7522629,162,58,6864,2006,32325.0,0.0,1.192134,1.450852,NLD,CYP,420310
7522630,168,58,6864,2006,91942.0,0.0,-0.449333,0.563013,PAK,CYP,420310
7522631,188,58,6864,2006,0.0,9297.0,0.162432,-0.853059,SAU,CYP,420310
7522632,212,58,6864,2006,63288.0,0.0,-0.588695,0.532487,SYR,CYP,420310
7522633,224,58,6864,2006,24427.0,7152.0,0.33971599999999996,2.193384,TUR,CYP,420310
7522634,231,58,6864,2006,70302.0,4062.0,1.666643,-0.121679,USA,CYP,420310
7522635,250,58,6864,2006,0.0,103542.0,0.711619,-0.41880200000000006,ANS,CYP,420310
7522636,7,68,6864,2006,2036.0,0.0,0.053903999999999994,-0.735124,ARE,EGY,420310
7522637,15,68,6864,2006,6240.0,0.0,1.775669,0.192717,AUT,EGY,420310
7522638,41,68,6864,2006,51205.0,0.0,2.052534,0.515523,CHE,EGY,420310
7522639,43,68,6864,2006,85454.0,0.0,0.737888,2.54966,CHN,EGY,420310
7522640,58,68,6864,2006,632.0,3592.0,0.708267,-0.048096,CYP,EGY,420310
7522641,61,68,6864,2006,179576.0,1792.0,2.132566,-2.773669,DEU,EGY,420310
7522642,64,68,6864,2006,60044.0,0.0,1.2308700000000001,1.180914,DNK,EGY,420310
7522643,71,68,6864,2006,106756.0,0.0,0.9091370000000001,2.068166,ESP,EGY,420310
7522644,74,68,6864,2006,2618.0,0.0,1.864038,0.8193940000000001,FIN,EGY,420310
7522645,77,68,6864,2006,7359.0,0.0,1.47591,0.489466,FRA,EGY,420310
7522646,81,68,6864,2006,0.0,2782.0,1.824154,0.614424,GBR,EGY,420310
7522647,90,68,6864,2006,0.0,20317.0,0.261955,1.488958,GRC,EGY,420310
7522648,104,68,6864,2006,6995.0,0.0,0.285652,2.731318,IND,EGY,420310
7522649,106,68,6864,2006,2079.0,0.0,1.43804,0.06463200000000001,IRL,EGY,420310
7522650,111,68,6864,2006,221875.0,4598.0,1.293779,0.93995,ITA,EGY,420310
7522651,113,68,6864,2006,0.0,2960.0,0.166718,0.331248,JOR,EGY,420310
7522652,124,68,6864,2006,0.0,18936.0,0.3861,1.586183,LBN,EGY,420310
7522653,135,68,6864,2006,0.0,1879.0,-0.017707,0.135305,MDA,EGY,420310
7522654,162,68,6864,2006,3601.0,1192.0,1.192134,1.450852,NLD,EGY,420310
7522655,168,68,6864,2006,42767.0,0.0,-0.449333,0.563013,PAK,EGY,420310
7522656,183,68,6864,2006,0.0,3262.0,0.055777999999999994,-1.0379049999999999,QAT,EGY,420310
7522657,185,68,6864,2006,0.0,7493.0,0.550825,1.170744,ROU,EGY,420310
7522658,188,68,6864,2006,81080.0,1055.0,0.162432,-0.853059,SAU,EGY,420310
7522659,212,68,6864,2006,0.0,1132.0,-0.588695,0.532487,SYR,EGY,420310
7522660,224,68,6864,2006,84463.0,0.0,0.33971599999999996,2.193384,TUR,EGY,420310
7522661,228,68,6864,2006,0.0,3322.0,0.7008439999999999,0.79656,UKR,EGY,420310
7522662,231,68,6864,2006,41684.0,24234.0,1.666643,-0.121679,USA,EGY,420310
7522663,246,68,6864,2006,4824.0,143693.0,0.37964499999999995,1.466326,ZAF,EGY,420310
7522664,7,72,6864,2006,7711.0,0.0,0.053903999999999994,-0.735124,ARE,EST,420310
7522665,15,72,6864,2006,35530.0,0.0,1.775669,0.192717,AUT,EST,420310
7522666,18,72,6864,2006,957.0,0.0,1.2222540000000002,1.383027,BEL,EST,420310
7522667,23,72,6864,2006,1709.0,875.0,0.414563,1.378005,BGR,EST,420310
7522668,39,72,6864,2006,0.0,1523.0,0.865685,1.1480489999999999,CAN,EST,420310
7522669,41,72,6864,2006,10680.0,0.0,2.052534,0.515523,CHE,EST,420310
7522670,43,72,6864,2006,505163.0,0.0,0.737888,2.54966,CHN,EST,420310
7522671,59,72,6864,2006,2340.0,0.0,1.564058,0.6023649999999999,CZE,EST,420310
7522672,61,72,6864,2006,971360.0,6392.0,2.132566,-2.773669,DEU,EST,420310
7522673,64,72,6864,2006,274214.0,0.0,1.2308700000000001,1.180914,DNK,EST,420310
7522674,71,72,6864,2006,24012.0,0.0,0.9091370000000001,2.068166,ESP,EST,420310
7522675,74,72,6864,2006,462781.0,38459.0,1.864038,0.8193940000000001,FIN,EST,420310
7522676,77,72,6864,2006,90218.0,0.0,1.47591,0.489466,FRA,EST,420310
7522677,81,72,6864,2006,15685.0,0.0,1.824154,0.614424,GBR,EST,420310
7522678,97,72,6864,2006,24133.0,0.0,0.5776319999999999,2.076782,HKG,EST,420310
7522679,104,72,6864,2006,23360.0,0.0,0.285652,2.731318,IND,EST,420310
7522680,109,72,6864,2006,0.0,5269.0,0.170234,-0.302203,ISL,EST,420310
7522681,111,72,6864,2006,225836.0,0.0,1.293779,0.93995,ITA,EST,420310
7522682,114,72,6864,2006,1227.0,0.0,2.4348099999999997,0.082887,JPN,EST,420310
7522683,121,72,6864,2006,7306.0,0.0,1.5384309999999999,0.766628,KOR,EST,420310
7522684,128,72,6864,2006,648.0,0.0,-0.573767,0.305913,LKA,EST,420310
7522685,130,72,6864,2006,29452.0,112185.0,0.44063599999999997,1.163857,LTU,EST,420310
7522686,132,72,6864,2006,52063.0,730241.0,0.531375,0.9414170000000001,LVA,EST,420310
7522687,134,72,6864,2006,498.0,0.0,-0.547933,0.08257300000000001,MAR,EST,420310
7522688,162,72,6864,2006,247547.0,0.0,1.192134,1.450852,NLD,EST,420310
7522689,163,72,6864,2006,8871.0,17306.0,1.0787930000000001,0.014051,NOR,EST,420310
7522690,168,72,6864,2006,319209.0,0.0,-0.449333,0.563013,PAK,EST,420310
7522691,177,72,6864,2006,9046.0,2984.0,0.991927,1.474418,POL,EST,420310
7522692,179,72,6864,2006,6168.0,17823.0,0.5723630000000001,1.92303,PRT,EST,420310
7522693,185,72,6864,2006,5836.0,0.0,0.550825,1.170744,ROU,EST,420310
7522694,186,72,6864,2006,36426.0,14603.0,0.801197,0.104683,RUS,EST,420310
7522695,208,72,6864,2006,1552357.0,209858.0,1.902737,0.593294,SWE,EST,420310
7522696,223,72,6864,2006,1081.0,0.0,-0.013636,0.804752,TUN,EST,420310
7522697,224,72,6864,2006,119941.0,0.0,0.33971599999999996,2.193384,TUR,EST,420310
7522698,228,72,6864,2006,0.0,15978.0,0.7008439999999999,0.79656,UKR,EST,420310
7522699,230,72,6864,2006,8966.0,0.0,0.234384,0.118878,URY,EST,420310
7522700,231,72,6864,2006,9772.0,13568.0,1.666643,-0.121679,USA,EST,420310
7522701,250,72,6864,2006,211107.0,0.0,0.711619,-0.41880200000000006,ANS,EST,420310
7522702,7,82,6864,2006,1562.0,0.0,0.053903999999999994,-0.735124,ARE,GEO,420310
7522703,41,82,6864,2006,50135.0,0.0,2.052534,0.515523,CHE,GEO,420310
7522704,61,82,6864,2006,89860.0,0.0,2.132566,-2.773669,DEU,GEO,420310
7522705,64,82,6864,2006,1649.0,0.0,1.2308700000000001,1.180914,DNK,GEO,420310
7522706,77,82,6864,2006,5223.0,4418.0,1.47591,0.489466,FRA,GEO,420310
7522707,81,82,6864,2006,1264.0,0.0,1.824154,0.614424,GBR,GEO,420310
7522708,104,82,6864,2006,8119.0,0.0,0.285652,2.731318,IND,GEO,420310
7522709,111,82,6864,2006,5004.0,0.0,1.293779,0.93995,ITA,GEO,420310
7522710,162,82,6864,2006,1110.0,0.0,1.192134,1.450852,NLD,GEO,420310
7522711,219,82,6864,2006,0.0,44750.0,-1.155861,-1.200933,TKM,GEO,420310
7522712,224,82,6864,2006,49841.0,0.0,0.33971599999999996,2.193384,TUR,GEO,420310
7522713,228,82,6864,2006,8223.0,0.0,0.7008439999999999,0.79656,UKR,GEO,420310
7522714,231,82,6864,2006,24593.0,0.0,1.666643,-0.121679,USA,GEO,420310
7522715,7,100,6864,2006,36901.0,0.0,0.053903999999999994,-0.735124,ARE,HRV,420310
7522716,14,100,6864,2006,0.0,6926.0,0.067166,0.373148,AUS,HRV,420310
7522717,15,100,6864,2006,882275.0,7991.0,1.775669,0.192717,AUT,HRV,420310
7522718,18,100,6864,2006,3930.0,0.0,1.2222540000000002,1.383027,BEL,HRV,420310
7522719,23,100,6864,2006,15016.0,873.0,0.414563,1.378005,BGR,HRV,420310
7522720,26,100,6864,2006,60254.0,106623.0,0.40788800000000003,0.562854,BIH,HRV,420310
7522721,32,100,6864,2006,37540.0,0.0,0.633889,1.1474520000000001,BRA,HRV,420310
7522722,39,100,6864,2006,0.0,40506.0,0.865685,1.1480489999999999,CAN,HRV,420310
7522723,41,100,6864,2006,8994.0,0.0,2.052534,0.515523,CHE,HRV,420310
7522724,43,100,6864,2006,114659.0,0.0,0.737888,2.54966,CHN,HRV,420310
7522725,59,100,6864,2006,10740.0,2331.0,1.564058,0.6023649999999999,CZE,HRV,420310
7522726,61,100,6864,2006,1624014.0,3595132.0,2.132566,-2.773669,DEU,HRV,420310
7522727,64,100,6864,2006,30444.0,0.0,1.2308700000000001,1.180914,DNK,HRV,420310
7522728,71,100,6864,2006,1594.0,1224.0,0.9091370000000001,2.068166,ESP,HRV,420310
7522729,74,100,6864,2006,2247.0,2798.0,1.864038,0.8193940000000001,FIN,HRV,420310
7522730,77,100,6864,2006,2343.0,8920.0,1.47591,0.489466,FRA,HRV,420310
7522731,81,100,6864,2006,6637.0,0.0,1.824154,0.614424,GBR,HRV,420310
7522732,90,100,6864,2006,14719.0,0.0,0.261955,1.488958,GRC,HRV,420310
7522733,97,100,6864,2006,30817.0,0.0,0.5776319999999999,2.076782,HKG,HRV,420310
7522734,102,100,6864,2006,8040.0,0.0,1.4034309999999999,0.835144,HUN,HRV,420310
7522735,103,100,6864,2006,942.0,0.0,-0.21012399999999998,1.467838,IDN,HRV,420310
7522736,104,100,6864,2006,40442.0,0.0,0.285652,2.731318,IND,HRV,420310
7522737,111,100,6864,2006,1143278.0,3607999.0,1.293779,0.93995,ITA,HRV,420310
7522738,114,100,6864,2006,895.0,26345.0,2.4348099999999997,0.082887,JPN,HRV,420310
7522739,115,100,6864,2006,0.0,2665.0,0.038229,-0.579421,KAZ,HRV,420310
7522740,121,100,6864,2006,8327.0,4058.0,1.5384309999999999,0.766628,KOR,HRV,420310
7522741,128,100,6864,2006,566.0,0.0,-0.573767,0.305913,LKA,HRV,420310
7522742,134,100,6864,2006,6690.0,0.0,-0.547933,0.08257300000000001,MAR,HRV,420310
7522743,140,100,6864,2006,0.0,1262.0,-0.21336,0.17674700000000002,MKD,HRV,420310
7522744,162,100,6864,2006,340304.0,0.0,1.192134,1.450852,NLD,HRV,420310
7522745,163,100,6864,2006,0.0,34290.0,1.0787930000000001,0.014051,NOR,HRV,420310
7522746,166,100,6864,2006,0.0,1036.0,0.5371,0.8240209999999999,NZL,HRV,420310
7522747,168,100,6864,2006,83493.0,0.0,-0.449333,0.563013,PAK,HRV,420310
7522748,177,100,6864,2006,12361.0,0.0,0.991927,1.474418,POL,HRV,420310
7522749,179,100,6864,2006,3350.0,0.0,0.5723630000000001,1.92303,PRT,HRV,420310
7522750,185,100,6864,2006,34967.0,0.0,0.550825,1.170744,ROU,HRV,420310
7522751,186,100,6864,2006,0.0,3967.0,0.801197,0.104683,RUS,HRV,420310
7522752,188,100,6864,2006,0.0,1090.0,0.162432,-0.853059,SAU,HRV,420310
7522753,192,100,6864,2006,0.0,2266.0,1.5377379999999998,0.503089,SGP,HRV,420310
7522754,201,100,6864,2006,12332.0,70408.0,0.547824,1.5588879999999998,SRB,HRV,420310
7522755,207,100,6864,2006,301027.0,30476.0,1.5882370000000001,0.800719,SVN,HRV,420310
7522756,208,100,6864,2006,874.0,0.0,1.902737,0.593294,SWE,HRV,420310
7522757,223,100,6864,2006,3228.0,0.0,-0.013636,0.804752,TUN,HRV,420310
7522758,224,100,6864,2006,20008.0,25747.0,0.33971599999999996,2.193384,TUR,HRV,420310
7522759,228,100,6864,2006,22756.0,52347.0,0.7008439999999999,0.79656,UKR,HRV,420310
7522760,230,100,6864,2006,5470.0,0.0,0.234384,0.118878,URY,HRV,420310
7522761,231,100,6864,2006,55874.0,197811.0,1.666643,-0.121679,USA,HRV,420310
7522762,239,100,6864,2006,1743.0,0.0,-0.342779,1.033318,VNM,HRV,420310
7522763,246,100,6864,2006,0.0,5552.0,0.37964499999999995,1.466326,ZAF,HRV,420310
7522764,249,100,6864,2006,0.0,7592.0,1.619915,1.2289940000000001,TWN,HRV,420310
7522765,8,102,6864,2006,0.0,865.0,0.33055,0.665867,ARG,HUN,420310
7522766,14,102,6864,2006,0.0,3801.0,0.067166,0.373148,AUS,HUN,420310
7522767,15,102,6864,2006,2381064.0,120704.0,1.775669,0.192717,AUT,HUN,420310
7522768,18,102,6864,2006,70699.0,0.0,1.2222540000000002,1.383027,BEL,HUN,420310
7522769,23,102,6864,2006,0.0,13209.0,0.414563,1.378005,BGR,HUN,420310
7522770,39,102,6864,2006,2179.0,42847.0,0.865685,1.1480489999999999,CAN,HUN,420310
7522771,41,102,6864,2006,32507.0,8805.0,2.052534,0.515523,CHE,HUN,420310
7522772,43,102,6864,2006,1981619.0,45651.0,0.737888,2.54966,CHN,HUN,420310
7522773,49,102,6864,2006,0.0,2685.0,0.129887,0.44371700000000003,COL,HUN,420310
7522774,59,102,6864,2006,200155.0,230962.0,1.564058,0.6023649999999999,CZE,HUN,420310
7522775,61,102,6864,2006,2869168.0,2261784.0,2.132566,-2.773669,DEU,HUN,420310
7522776,64,102,6864,2006,118058.0,26544.0,1.2308700000000001,1.180914,DNK,HUN,420310
7522777,71,102,6864,2006,130599.0,946026.0,0.9091370000000001,2.068166,ESP,HUN,420310
7522778,74,102,6864,2006,0.0,1903.0,1.864038,0.8193940000000001,FIN,HUN,420310
7522779,77,102,6864,2006,593489.0,359439.0,1.47591,0.489466,FRA,HUN,420310
7522780,81,102,6864,2006,12561.0,0.0,1.824154,0.614424,GBR,HUN,420310
7522781,90,102,6864,2006,14507.0,0.0,0.261955,1.488958,GRC,HUN,420310
7522782,97,102,6864,2006,53783.0,0.0,0.5776319999999999,2.076782,HKG,HUN,420310
7522783,100,102,6864,2006,0.0,8040.0,0.755787,0.992614,HRV,HUN,420310
7522784,104,102,6864,2006,612092.0,0.0,0.285652,2.731318,IND,HUN,420310
7522785,106,102,6864,2006,0.0,7509.0,1.43804,0.06463200000000001,IRL,HUN,420310
7522786,109,102,6864,2006,0.0,3614.0,0.170234,-0.302203,ISL,HUN,420310
7522787,110,102,6864,2006,0.0,8408.0,1.3082129999999998,0.783845,ISR,HUN,420310
7522788,111,102,6864,2006,1353458.0,4030140.0,1.293779,0.93995,ITA,HUN,420310
7522789,113,102,6864,2006,0.0,2621.0,0.166718,0.331248,JOR,HUN,420310
7522790,114,102,6864,2006,2317.0,209349.0,2.4348099999999997,0.082887,JPN,HUN,420310
7522791,115,102,6864,2006,0.0,4148.0,0.038229,-0.579421,KAZ,HUN,420310
7522792,121,102,6864,2006,0.0,21320.0,1.5384309999999999,0.766628,KOR,HUN,420310
7522793,122,102,6864,2006,0.0,1003.0,-0.589823,-1.142795,KWT,HUN,420310
7522794,124,102,6864,2006,0.0,4473.0,0.3861,1.586183,LBN,HUN,420310
7522795,131,102,6864,2006,46710.0,3223.0,1.4345620000000001,0.8840819999999999,LUX,HUN,420310
7522796,133,102,6864,2006,5813.0,0.0,-0.07118200000000001,-0.228354,MAC,HUN,420310
7522797,134,102,6864,2006,0.0,2053.0,-0.547933,0.08257300000000001,MAR,HUN,420310
7522798,138,102,6864,2006,5296.0,21278.0,1.047268,0.7142270000000001,MEX,HUN,420310
7522799,143,102,6864,2006,16783.0,0.0,-1.543679,-1.145623,MMR,HUN,420310
7522800,145,102,6864,2006,0.0,655.0,-1.147217,-1.0734709999999998,MNG,HUN,420310
7522801,162,102,6864,2006,188070.0,2943.0,1.192134,1.450852,NLD,HUN,420310
7522802,163,102,6864,2006,1606.0,26454.0,1.0787930000000001,0.014051,NOR,HUN,420310
7522803,168,102,6864,2006,851335.0,0.0,-0.449333,0.563013,PAK,HUN,420310
7522804,177,102,6864,2006,117522.0,192689.0,0.991927,1.474418,POL,HUN,420310
7522805,185,102,6864,2006,26168.0,81294.0,0.550825,1.170744,ROU,HUN,420310
7522806,186,102,6864,2006,0.0,2568.0,0.801197,0.104683,RUS,HUN,420310
7522807,198,102,6864,2006,3000.0,0.0,1.3203340000000001,0.385184,SMR,HUN,420310
7522808,201,102,6864,2006,935.0,11788.0,0.547824,1.5588879999999998,SRB,HUN,420310
7522809,206,102,6864,2006,54386.0,7614.0,1.291583,0.868317,SVK,HUN,420310
7522810,207,102,6864,2006,0.0,952.0,1.5882370000000001,0.800719,SVN,HUN,420310
7522811,208,102,6864,2006,3004.0,0.0,1.902737,0.593294,SWE,HUN,420310
7522812,224,102,6864,2006,171019.0,32852.0,0.33971599999999996,2.193384,TUR,HUN,420310
7522813,228,102,6864,2006,0.0,67318.0,0.7008439999999999,0.79656,UKR,HUN,420310
7522814,230,102,6864,2006,6971.0,0.0,0.234384,0.118878,URY,HUN,420310
7522815,231,102,6864,2006,127248.0,514286.0,1.666643,-0.121679,USA,HUN,420310
7522816,249,102,6864,2006,0.0,19225.0,1.619915,1.2289940000000001,TWN,HUN,420310
7522817,14,107,6864,2006,0.0,1604.0,0.067166,0.373148,AUS,IRN,420310
7522818,15,107,6864,2006,3567.0,0.0,1.775669,0.192717,AUT,IRN,420310
7522819,28,107,6864,2006,0.0,53672.0,0.919853,0.384409,BLR,IRN,420310
7522820,39,107,6864,2006,0.0,9949.0,0.865685,1.1480489999999999,CAN,IRN,420310
7522821,43,107,6864,2006,5680.0,0.0,0.737888,2.54966,CHN,IRN,420310
7522822,61,107,6864,2006,83373.0,0.0,2.132566,-2.773669,DEU,IRN,420310
7522823,71,107,6864,2006,3549.0,0.0,0.9091370000000001,2.068166,ESP,IRN,420310
7522824,81,107,6864,2006,2517.0,3470.0,1.824154,0.614424,GBR,IRN,420310
7522825,104,107,6864,2006,14225.0,0.0,0.285652,2.731318,IND,IRN,420310
7522826,111,107,6864,2006,85176.0,0.0,1.293779,0.93995,ITA,IRN,420310
7522827,168,107,6864,2006,11149330.0,0.0,-0.449333,0.563013,PAK,IRN,420310
7522828,224,107,6864,2006,10966.0,1892.0,0.33971599999999996,2.193384,TUR,IRN,420310
7522829,7,113,6864,2006,1855.0,0.0,0.053903999999999994,-0.735124,ARE,JOR,420310
7522830,8,113,6864,2006,4171.0,0.0,0.33055,0.665867,ARG,JOR,420310
7522831,15,113,6864,2006,4431.0,0.0,1.775669,0.192717,AUT,JOR,420310
7522832,18,113,6864,2006,25090.0,0.0,1.2222540000000002,1.383027,BEL,JOR,420310
7522833,39,113,6864,2006,9770.0,0.0,0.865685,1.1480489999999999,CAN,JOR,420310
7522834,43,113,6864,2006,86585.0,0.0,0.737888,2.54966,CHN,JOR,420310
7522835,61,113,6864,2006,125559.0,0.0,2.132566,-2.773669,DEU,JOR,420310
7522836,64,113,6864,2006,6491.0,0.0,1.2308700000000001,1.180914,DNK,JOR,420310
7522837,68,113,6864,2006,2960.0,0.0,-0.182272,0.40222399999999997,EGY,JOR,420310
7522838,71,113,6864,2006,133222.0,0.0,0.9091370000000001,2.068166,ESP,JOR,420310
7522839,74,113,6864,2006,83722.0,0.0,1.864038,0.8193940000000001,FIN,JOR,420310
7522840,77,113,6864,2006,15334.0,0.0,1.47591,0.489466,FRA,JOR,420310
7522841,81,113,6864,2006,9820.0,0.0,1.824154,0.614424,GBR,JOR,420310
7522842,97,113,6864,2006,5830.0,0.0,0.5776319999999999,2.076782,HKG,JOR,420310
7522843,102,113,6864,2006,2621.0,0.0,1.4034309999999999,0.835144,HUN,JOR,420310
7522844,104,113,6864,2006,5004.0,0.0,0.285652,2.731318,IND,JOR,420310
7522845,111,113,6864,2006,62216.0,0.0,1.293779,0.93995,ITA,JOR,420310
7522846,124,113,6864,2006,5252.0,0.0,0.3861,1.586183,LBN,JOR,420310
7522847,162,113,6864,2006,2578.0,0.0,1.192134,1.450852,NLD,JOR,420310
7522848,168,113,6864,2006,5431.0,0.0,-0.449333,0.563013,PAK,JOR,420310
7522849,212,113,6864,2006,145070.0,0.0,-0.588695,0.532487,SYR,JOR,420310
7522850,223,113,6864,2006,989.0,0.0,-0.013636,0.804752,TUN,JOR,420310
7522851,224,113,6864,2006,25780.0,0.0,0.33971599999999996,2.193384,TUR,JOR,420310
7522852,231,113,6864,2006,17450.0,0.0,1.666643,-0.121679,USA,JOR,420310
7522853,250,113,6864,2006,0.0,50502.0,0.711619,-0.41880200000000006,ANS,JOR,420310
7522854,1,115,6864,2006,2647.0,0.0,-0.626011,-0.6799689999999999,AFG,KAZ,420310
7522855,7,115,6864,2006,4015.0,0.0,0.053903999999999994,-0.735124,ARE,KAZ,420310
7522856,9,115,6864,2006,3845.0,0.0,0.14539100000000002,-0.558014,ARM,KAZ,420310
7522857,15,115,6864,2006,10267.0,0.0,1.775669,0.192717,AUT,KAZ,420310
7522858,18,115,6864,2006,1894.0,0.0,1.2222540000000002,1.383027,BEL,KAZ,420310
7522859,28,115,6864,2006,1323.0,0.0,0.919853,0.384409,BLR,KAZ,420310
7522860,41,115,6864,2006,163523.0,0.0,2.052534,0.515523,CHE,KAZ,420310
7522861,43,115,6864,2006,19237934.0,0.0,0.737888,2.54966,CHN,KAZ,420310
7522862,61,115,6864,2006,1058258.0,105325.0,2.132566,-2.773669,DEU,KAZ,420310
7522863,64,115,6864,2006,4345.0,0.0,1.2308700000000001,1.180914,DNK,KAZ,420310
7522864,71,115,6864,2006,5584.0,1229.0,0.9091370000000001,2.068166,ESP,KAZ,420310
7522865,77,115,6864,2006,127287.0,0.0,1.47591,0.489466,FRA,KAZ,420310
7522866,81,115,6864,2006,7122.0,0.0,1.824154,0.614424,GBR,KAZ,420310
7522867,100,115,6864,2006,2665.0,0.0,0.755787,0.992614,HRV,KAZ,420310
7522868,102,115,6864,2006,4148.0,0.0,1.4034309999999999,0.835144,HUN,KAZ,420310
7522869,104,115,6864,2006,24509.0,0.0,0.285652,2.731318,IND,KAZ,420310
7522870,111,115,6864,2006,1369619.0,0.0,1.293779,0.93995,ITA,KAZ,420310
7522871,114,115,6864,2006,1607.0,0.0,2.4348099999999997,0.082887,JPN,KAZ,420310
7522872,117,115,6864,2006,0.0,36953.0,-0.034069,0.136694,KGZ,KAZ,420310
7522873,121,115,6864,2006,50730.0,0.0,1.5384309999999999,0.766628,KOR,KAZ,420310
7522874,162,115,6864,2006,16656.0,0.0,1.192134,1.450852,NLD,KAZ,420310
7522875,168,115,6864,2006,1921283.0,0.0,-0.449333,0.563013,PAK,KAZ,420310
7522876,177,115,6864,2006,4815.0,0.0,0.991927,1.474418,POL,KAZ,420310
7522877,185,115,6864,2006,1601.0,0.0,0.550825,1.170744,ROU,KAZ,420310
7522878,186,115,6864,2006,4363.0,19782.0,0.801197,0.104683,RUS,KAZ,420310
7522879,224,115,6864,2006,91796.0,41392.0,0.33971599999999996,2.193384,TUR,KAZ,420310
7522880,231,115,6864,2006,14770.0,0.0,1.666643,-0.121679,USA,KAZ,420310
7522881,249,115,6864,2006,592.0,0.0,1.619915,1.2289940000000001,TWN,KAZ,420310
7522882,7,116,6864,2006,751.0,0.0,0.053903999999999994,-0.735124,ARE,KEN,420310
7522883,14,116,6864,2006,0.0,1087.0,0.067166,0.373148,AUS,KEN,420310
7522884,17,116,6864,2006,0.0,24322.0,-0.033711,-0.48450600000000005,BDI,KEN,420310
7522885,39,116,6864,2006,0.0,3108.0,0.865685,1.1480489999999999,CAN,KEN,420310
7522886,43,116,6864,2006,4509.0,0.0,0.737888,2.54966,CHN,KEN,420310
7522887,61,116,6864,2006,7921.0,0.0,2.132566,-2.773669,DEU,KEN,420310
7522888,81,116,6864,2006,5835.0,0.0,1.824154,0.614424,GBR,KEN,420310
7522889,97,116,6864,2006,40506.0,0.0,0.5776319999999999,2.076782,HKG,KEN,420310
7522890,103,116,6864,2006,546.0,0.0,-0.21012399999999998,1.467838,IDN,KEN,420310
7522891,104,116,6864,2006,22804.0,0.0,0.285652,2.731318,IND,KEN,420310
7522892,168,116,6864,2006,334416.0,0.0,-0.449333,0.563013,PAK,KEN,420310
7522893,231,116,6864,2006,12048.0,47734.0,1.666643,-0.121679,USA,KEN,420310
7522894,246,116,6864,2006,2735.0,0.0,0.37964499999999995,1.466326,ZAF,KEN,420310
7522895,39,117,6864,2006,1328.0,0.0,0.865685,1.1480489999999999,CAN,KGZ,420310
7522896,43,117,6864,2006,12394267.0,0.0,0.737888,2.54966,CHN,KGZ,420310
7522897,61,117,6864,2006,2842.0,0.0,2.132566,-2.773669,DEU,KGZ,420310
7522898,81,117,6864,2006,1038.0,0.0,1.824154,0.614424,GBR,KGZ,420310
7522899,104,117,6864,2006,8782.0,0.0,0.285652,2.731318,IND,KGZ,420310
7522900,111,117,6864,2006,1072.0,0.0,1.293779,0.93995,ITA,KGZ,420310
7522901,114,117,6864,2006,0.0,1908.0,2.4348099999999997,0.082887,JPN,KGZ,420310
7522902,115,117,6864,2006,36953.0,0.0,0.038229,-0.579421,KAZ,KGZ,420310
7522903,168,117,6864,2006,61356.0,0.0,-0.449333,0.563013,PAK,KGZ,420310
7522904,224,117,6864,2006,3317.0,0.0,0.33971599999999996,2.193384,TUR,KGZ,420310
7522905,7,122,6864,2006,0.0,10998.0,0.053903999999999994,-0.735124,ARE,KWT,420310
7522906,15,122,6864,2006,805.0,0.0,1.775669,0.192717,AUT,KWT,420310
7522907,23,122,6864,2006,1781.0,0.0,0.414563,1.378005,BGR,KWT,420310
7522908,39,122,6864,2006,869.0,0.0,0.865685,1.1480489999999999,CAN,KWT,420310
7522909,41,122,6864,2006,71716.0,0.0,2.052534,0.515523,CHE,KWT,420310
7522910,43,122,6864,2006,162084.0,0.0,0.737888,2.54966,CHN,KWT,420310
7522911,61,122,6864,2006,76085.0,0.0,2.132566,-2.773669,DEU,KWT,420310
7522912,64,122,6864,2006,16036.0,0.0,1.2308700000000001,1.180914,DNK,KWT,420310
7522913,71,122,6864,2006,219454.0,0.0,0.9091370000000001,2.068166,ESP,KWT,420310
7522914,77,122,6864,2006,97908.0,0.0,1.47591,0.489466,FRA,KWT,420310
7522915,81,122,6864,2006,68794.0,0.0,1.824154,0.614424,GBR,KWT,420310
7522916,90,122,6864,2006,10168.0,0.0,0.261955,1.488958,GRC,KWT,420310
7522917,97,122,6864,2006,1778.0,0.0,0.5776319999999999,2.076782,HKG,KWT,420310
7522918,102,122,6864,2006,1003.0,0.0,1.4034309999999999,0.835144,HUN,KWT,420310
7522919,103,122,6864,2006,4814.0,0.0,-0.21012399999999998,1.467838,IDN,KWT,420310
7522920,104,122,6864,2006,20899.0,0.0,0.285652,2.731318,IND,KWT,420310
7522921,111,122,6864,2006,265403.0,2019.0,1.293779,0.93995,ITA,KWT,420310
7522922,121,122,6864,2006,13389.0,0.0,1.5384309999999999,0.766628,KOR,KWT,420310
7522923,124,122,6864,2006,1034.0,0.0,0.3861,1.586183,LBN,KWT,420310
7522924,130,122,6864,2006,1153.0,0.0,0.44063599999999997,1.163857,LTU,KWT,420310
7522925,153,122,6864,2006,2742.0,0.0,0.7896569999999999,0.363625,MYS,KWT,420310
7522926,162,122,6864,2006,1155.0,0.0,1.192134,1.450852,NLD,KWT,420310
7522927,168,122,6864,2006,453493.0,0.0,-0.449333,0.563013,PAK,KWT,420310
7522928,177,122,6864,2006,1613.0,0.0,0.991927,1.474418,POL,KWT,420310
7522929,179,122,6864,2006,914.0,0.0,0.5723630000000001,1.92303,PRT,KWT,420310
7522930,185,122,6864,2006,7495.0,0.0,0.550825,1.170744,ROU,KWT,420310
7522931,188,122,6864,2006,1547.0,1176.0,0.162432,-0.853059,SAU,KWT,420310
7522932,208,122,6864,2006,1118.0,0.0,1.902737,0.593294,SWE,KWT,420310
7522933,212,122,6864,2006,1415.0,0.0,-0.588695,0.532487,SYR,KWT,420310
7522934,216,122,6864,2006,3829.0,0.0,0.568209,1.685343,THA,KWT,420310
7522935,223,122,6864,2006,3424.0,0.0,-0.013636,0.804752,TUN,KWT,420310
7522936,224,122,6864,2006,7714.0,0.0,0.33971599999999996,2.193384,TUR,KWT,420310
7522937,231,122,6864,2006,1260822.0,0.0,1.666643,-0.121679,USA,KWT,420310
7522938,239,122,6864,2006,562.0,0.0,-0.342779,1.033318,VNM,KWT,420310
7522939,7,124,6864,2006,14708.0,3038.0,0.053903999999999994,-0.735124,ARE,LBN,420310
7522940,8,124,6864,2006,15919.0,0.0,0.33055,0.665867,ARG,LBN,420310
7522941,15,124,6864,2006,5424.0,0.0,1.775669,0.192717,AUT,LBN,420310
7522942,24,124,6864,2006,0.0,46062.0,0.172724,-0.9449879999999999,BHR,LBN,420310
7522943,39,124,6864,2006,14239.0,0.0,0.865685,1.1480489999999999,CAN,LBN,420310
7522944,41,124,6864,2006,89369.0,0.0,2.052534,0.515523,CHE,LBN,420310
7522945,43,124,6864,2006,384875.0,0.0,0.737888,2.54966,CHN,LBN,420310
7522946,58,124,6864,2006,6424.0,0.0,0.708267,-0.048096,CYP,LBN,420310
7522947,59,124,6864,2006,6027.0,0.0,1.564058,0.6023649999999999,CZE,LBN,420310
7522948,61,124,6864,2006,371497.0,7759.0,2.132566,-2.773669,DEU,LBN,420310
7522949,64,124,6864,2006,82457.0,0.0,1.2308700000000001,1.180914,DNK,LBN,420310
7522950,67,124,6864,2006,3294.0,0.0,-0.878583,-0.9462010000000001,ECU,LBN,420310
7522951,68,124,6864,2006,18936.0,0.0,-0.182272,0.40222399999999997,EGY,LBN,420310
7522952,71,124,6864,2006,673827.0,8520.0,0.9091370000000001,2.068166,ESP,LBN,420310
7522953,77,124,6864,2006,277444.0,3492.0,1.47591,0.489466,FRA,LBN,420310
7522954,81,124,6864,2006,8873.0,3677.0,1.824154,0.614424,GBR,LBN,420310
7522955,90,124,6864,2006,12484.0,47813.0,0.261955,1.488958,GRC,LBN,420310
7522956,97,124,6864,2006,7910.0,4200.0,0.5776319999999999,2.076782,HKG,LBN,420310
7522957,102,124,6864,2006,4473.0,0.0,1.4034309999999999,0.835144,HUN,LBN,420310
7522958,104,124,6864,2006,182551.0,0.0,0.285652,2.731318,IND,LBN,420310
7522959,111,124,6864,2006,382203.0,22586.0,1.293779,0.93995,ITA,LBN,420310
7522960,113,124,6864,2006,0.0,5252.0,0.166718,0.331248,JOR,LBN,420310
7522961,114,124,6864,2006,3347.0,2422.0,2.4348099999999997,0.082887,JPN,LBN,420310
7522962,121,124,6864,2006,3373.0,2582.0,1.5384309999999999,0.766628,KOR,LBN,420310
7522963,122,124,6864,2006,0.0,1034.0,-0.589823,-1.142795,KWT,LBN,420310
7522964,134,124,6864,2006,30183.0,0.0,-0.547933,0.08257300000000001,MAR,LBN,420310
7522965,135,124,6864,2006,2529.0,0.0,-0.017707,0.135305,MDA,LBN,420310
7522966,140,124,6864,2006,894.0,0.0,-0.21336,0.17674700000000002,MKD,LBN,420310
7522967,151,124,6864,2006,6029.0,0.0,-0.311109,-0.07267,MUS,LBN,420310
7522968,162,124,6864,2006,14265.0,0.0,1.192134,1.450852,NLD,LBN,420310
7522969,168,124,6864,2006,33428.0,0.0,-0.449333,0.563013,PAK,LBN,420310
7522970,177,124,6864,2006,28782.0,0.0,0.991927,1.474418,POL,LBN,420310
7522971,185,124,6864,2006,200070.0,4292.0,0.550825,1.170744,ROU,LBN,420310
7522972,188,124,6864,2006,1210.0,5033.0,0.162432,-0.853059,SAU,LBN,420310
7522973,212,124,6864,2006,3777.0,0.0,-0.588695,0.532487,SYR,LBN,420310
7522974,216,124,6864,2006,3266.0,0.0,0.568209,1.685343,THA,LBN,420310
7522975,223,124,6864,2006,13164.0,0.0,-0.013636,0.804752,TUN,LBN,420310
7522976,224,124,6864,2006,210564.0,0.0,0.33971599999999996,2.193384,TUR,LBN,420310
7522977,228,124,6864,2006,964.0,0.0,0.7008439999999999,0.79656,UKR,LBN,420310
7522978,230,124,6864,2006,1372.0,0.0,0.234384,0.118878,URY,LBN,420310
7522979,231,124,6864,2006,1490434.0,1913.0,1.666643,-0.121679,USA,LBN,420310
7522980,239,124,6864,2006,1177.0,0.0,-0.342779,1.033318,VNM,LBN,420310
7522981,250,124,6864,2006,0.0,4861.0,0.711619,-0.41880200000000006,ANS,LBN,420310
7522982,7,130,6864,2006,6466.0,0.0,0.053903999999999994,-0.735124,ARE,LTU,420310
7522983,15,130,6864,2006,2867.0,0.0,1.775669,0.192717,AUT,LTU,420310
7522984,18,130,6864,2006,0.0,161719.0,1.2222540000000002,1.383027,BEL,LTU,420310
7522985,41,130,6864,2006,164686.0,1656.0,2.052534,0.515523,CHE,LTU,420310
7522986,43,130,6864,2006,1086415.0,0.0,0.737888,2.54966,CHN,LTU,420310
7522987,59,130,6864,2006,18478.0,0.0,1.564058,0.6023649999999999,CZE,LTU,420310
7522988,61,130,6864,2006,918244.0,5918.0,2.132566,-2.773669,DEU,LTU,420310
7522989,64,130,6864,2006,330429.0,16003.0,1.2308700000000001,1.180914,DNK,LTU,420310
7522990,71,130,6864,2006,99551.0,2099.0,0.9091370000000001,2.068166,ESP,LTU,420310
7522991,72,130,6864,2006,112185.0,29452.0,0.6426350000000001,0.925003,EST,LTU,420310
7522992,74,130,6864,2006,44428.0,0.0,1.864038,0.8193940000000001,FIN,LTU,420310
7522993,77,130,6864,2006,140225.0,252458.0,1.47591,0.489466,FRA,LTU,420310
7522994,81,130,6864,2006,129792.0,140068.0,1.824154,0.614424,GBR,LTU,420310
7522995,104,130,6864,2006,351448.0,0.0,0.285652,2.731318,IND,LTU,420310
7522996,106,130,6864,2006,0.0,19280.0,1.43804,0.06463200000000001,IRL,LTU,420310
7522997,111,130,6864,2006,647934.0,51812.0,1.293779,0.93995,ITA,LTU,420310
7522998,121,130,6864,2006,11601.0,10894.0,1.5384309999999999,0.766628,KOR,LTU,420310
7522999,122,130,6864,2006,0.0,1153.0,-0.589823,-1.142795,KWT,LTU,420310
7523000,132,130,6864,2006,146339.0,528120.0,0.531375,0.9414170000000001,LVA,LTU,420310
7523001,162,130,6864,2006,13551.0,3140.0,1.192134,1.450852,NLD,LTU,420310
7523002,163,130,6864,2006,0.0,28377.0,1.0787930000000001,0.014051,NOR,LTU,420310
7523003,168,130,6864,2006,12714.0,0.0,-0.449333,0.563013,PAK,LTU,420310
7523004,177,130,6864,2006,14087.0,5669.0,0.991927,1.474418,POL,LTU,420310
7523005,185,130,6864,2006,40731.0,0.0,0.550825,1.170744,ROU,LTU,420310
7523006,186,130,6864,2006,8394.0,14026.0,0.801197,0.104683,RUS,LTU,420310
7523007,208,130,6864,2006,131016.0,20328.0,1.902737,0.593294,SWE,LTU,420310
7523008,224,130,6864,2006,1857565.0,0.0,0.33971599999999996,2.193384,TUR,LTU,420310
7523009,231,130,6864,2006,34580.0,8525.0,1.666643,-0.121679,USA,LTU,420310
7523010,15,131,6864,2006,32072.0,22755.0,1.775669,0.192717,AUT,LUX,420310
7523011,18,131,6864,2006,844822.0,119129.0,1.2222540000000002,1.383027,BEL,LUX,420310
7523012,41,131,6864,2006,45983.0,0.0,2.052534,0.515523,CHE,LUX,420310
7523013,43,131,6864,2006,8764.0,0.0,0.737888,2.54966,CHN,LUX,420310
7523014,59,131,6864,2006,4894.0,0.0,1.564058,0.6023649999999999,CZE,LUX,420310
7523015,61,131,6864,2006,1110892.0,40356.0,2.132566,-2.773669,DEU,LUX,420310
7523016,64,131,6864,2006,9629.0,965.0,1.2308700000000001,1.180914,DNK,LUX,420310
7523017,71,131,6864,2006,75222.0,265337.0,0.9091370000000001,2.068166,ESP,LUX,420310
7523018,74,131,6864,2006,1029.0,0.0,1.864038,0.8193940000000001,FIN,LUX,420310
7523019,77,131,6864,2006,893662.0,276402.0,1.47591,0.489466,FRA,LUX,420310
7523020,81,131,6864,2006,18603.0,291135.0,1.824154,0.614424,GBR,LUX,420310
7523021,90,131,6864,2006,4448.0,144759.0,0.261955,1.488958,GRC,LUX,420310
7523022,97,131,6864,2006,0.0,1219.0,0.5776319999999999,2.076782,HKG,LUX,420310
7523023,102,131,6864,2006,3223.0,46710.0,1.4034309999999999,0.835144,HUN,LUX,420310
7523024,106,131,6864,2006,0.0,35301.0,1.43804,0.06463200000000001,IRL,LUX,420310
7523025,111,131,6864,2006,1304904.0,12589.0,1.293779,0.93995,ITA,LUX,420310
7523026,162,131,6864,2006,73694.0,26159.0,1.192134,1.450852,NLD,LUX,420310
7523027,166,131,6864,2006,1024.0,0.0,0.5371,0.8240209999999999,NZL,LUX,420310
7523028,168,131,6864,2006,91601.0,0.0,-0.449333,0.563013,PAK,LUX,420310
7523029,177,131,6864,2006,865.0,13931.0,0.991927,1.474418,POL,LUX,420310
7523030,179,131,6864,2006,0.0,112245.0,0.5723630000000001,1.92303,PRT,LUX,420310
7523031,186,131,6864,2006,0.0,16704.0,0.801197,0.104683,RUS,LUX,420310
7523032,207,131,6864,2006,13102.0,0.0,1.5882370000000001,0.800719,SVN,LUX,420310
7523033,224,131,6864,2006,97064.0,0.0,0.33971599999999996,2.193384,TUR,LUX,420310
7523034,231,131,6864,2006,18256.0,0.0,1.666643,-0.121679,USA,LUX,420310
7523035,9,132,6864,2006,8444.0,1140.0,0.14539100000000002,-0.558014,ARM,LVA,420310
7523036,15,132,6864,2006,27346.0,0.0,1.775669,0.192717,AUT,LVA,420310
7523037,18,132,6864,2006,1583.0,0.0,1.2222540000000002,1.383027,BEL,LVA,420310
7523038,39,132,6864,2006,2231.0,0.0,0.865685,1.1480489999999999,CAN,LVA,420310
7523039,41,132,6864,2006,9155.0,0.0,2.052534,0.515523,CHE,LVA,420310
7523040,43,132,6864,2006,193626.0,0.0,0.737888,2.54966,CHN,LVA,420310
7523041,59,132,6864,2006,0.0,1046.0,1.564058,0.6023649999999999,CZE,LVA,420310
7523042,61,132,6864,2006,512480.0,0.0,2.132566,-2.773669,DEU,LVA,420310
7523043,64,132,6864,2006,101272.0,0.0,1.2308700000000001,1.180914,DNK,LVA,420310
7523044,71,132,6864,2006,29461.0,1957.0,0.9091370000000001,2.068166,ESP,LVA,420310
7523045,72,132,6864,2006,730241.0,52063.0,0.6426350000000001,0.925003,EST,LVA,420310
7523046,74,132,6864,2006,427427.0,10113.0,1.864038,0.8193940000000001,FIN,LVA,420310
7523047,77,132,6864,2006,271827.0,0.0,1.47591,0.489466,FRA,LVA,420310
7523048,81,132,6864,2006,20544.0,0.0,1.824154,0.614424,GBR,LVA,420310
7523049,97,132,6864,2006,35610.0,0.0,0.5776319999999999,2.076782,HKG,LVA,420310
7523050,104,132,6864,2006,1742.0,0.0,0.285652,2.731318,IND,LVA,420310
7523051,109,132,6864,2006,0.0,798.0,0.170234,-0.302203,ISL,LVA,420310
7523052,110,132,6864,2006,20892.0,1694.0,1.3082129999999998,0.783845,ISR,LVA,420310
7523053,111,132,6864,2006,806294.0,4396.0,1.293779,0.93995,ITA,LVA,420310
7523054,130,132,6864,2006,528120.0,146339.0,0.44063599999999997,1.163857,LTU,LVA,420310
7523055,135,132,6864,2006,13686.0,0.0,-0.017707,0.135305,MDA,LVA,420310
7523056,162,132,6864,2006,12858.0,0.0,1.192134,1.450852,NLD,LVA,420310
7523057,166,132,6864,2006,2311.0,0.0,0.5371,0.8240209999999999,NZL,LVA,420310
7523058,168,132,6864,2006,52602.0,0.0,-0.449333,0.563013,PAK,LVA,420310
7523059,177,132,6864,2006,1666.0,0.0,0.991927,1.474418,POL,LVA,420310
7523060,186,132,6864,2006,43475.0,2625.0,0.801197,0.104683,RUS,LVA,420310
7523061,208,132,6864,2006,184629.0,31870.0,1.902737,0.593294,SWE,LVA,420310
7523062,224,132,6864,2006,200761.0,0.0,0.33971599999999996,2.193384,TUR,LVA,420310
7523063,228,132,6864,2006,0.0,36656.0,0.7008439999999999,0.79656,UKR,LVA,420310
7523064,231,132,6864,2006,6214.0,0.0,1.666643,-0.121679,USA,LVA,420310
7523065,41,147,6864,2006,1237.0,0.0,2.052534,0.515523,CHE,MOZ,420310
7523066,179,147,6864,2006,905.0,0.0,0.5723630000000001,1.92303,PRT,MOZ,420310
7523067,246,147,6864,2006,29739.0,0.0,0.37964499999999995,1.466326,ZAF,MOZ,420310
7523068,7,163,6864,2006,11595.0,0.0,0.053903999999999994,-0.735124,ARE,NOR,420310
7523069,8,163,6864,2006,909.0,0.0,0.33055,0.665867,ARG,NOR,420310
7523070,14,163,6864,2006,9752.0,0.0,0.067166,0.373148,AUS,NOR,420310
7523071,15,163,6864,2006,4846.0,0.0,1.775669,0.192717,AUT,NOR,420310
7523072,18,163,6864,2006,5631.0,0.0,1.2222540000000002,1.383027,BEL,NOR,420310
7523073,26,163,6864,2006,17961.0,0.0,0.40788800000000003,0.562854,BIH,NOR,420310
7523074,28,163,6864,2006,14390.0,0.0,0.919853,0.384409,BLR,NOR,420310
7523075,32,163,6864,2006,1059.0,0.0,0.633889,1.1474520000000001,BRA,NOR,420310
7523076,39,163,6864,2006,15362.0,0.0,0.865685,1.1480489999999999,CAN,NOR,420310
7523077,41,163,6864,2006,26434.0,3419.0,2.052534,0.515523,CHE,NOR,420310
7523078,43,163,6864,2006,2693233.0,0.0,0.737888,2.54966,CHN,NOR,420310
7523079,59,163,6864,2006,3706.0,0.0,1.564058,0.6023649999999999,CZE,NOR,420310
7523080,61,163,6864,2006,639978.0,18927.0,2.132566,-2.773669,DEU,NOR,420310
7523081,64,163,6864,2006,3607880.0,28773.0,1.2308700000000001,1.180914,DNK,NOR,420310
7523082,71,163,6864,2006,30174.0,0.0,0.9091370000000001,2.068166,ESP,NOR,420310
7523083,72,163,6864,2006,17306.0,8871.0,0.6426350000000001,0.925003,EST,NOR,420310
7523084,74,163,6864,2006,33030.0,0.0,1.864038,0.8193940000000001,FIN,NOR,420310
7523085,77,163,6864,2006,228215.0,35302.0,1.47591,0.489466,FRA,NOR,420310
7523086,81,163,6864,2006,414252.0,5620.0,1.824154,0.614424,GBR,NOR,420310
7523087,90,163,6864,2006,5857.0,0.0,0.261955,1.488958,GRC,NOR,420310
7523088,97,163,6864,2006,161977.0,0.0,0.5776319999999999,2.076782,HKG,NOR,420310
7523089,100,163,6864,2006,34290.0,0.0,0.755787,0.992614,HRV,NOR,420310
7523090,102,163,6864,2006,26454.0,1606.0,1.4034309999999999,0.835144,HUN,NOR,420310
7523091,103,163,6864,2006,26374.0,0.0,-0.21012399999999998,1.467838,IDN,NOR,420310
7523092,104,163,6864,2006,1943752.0,0.0,0.285652,2.731318,IND,NOR,420310
7523093,106,163,6864,2006,7518.0,37191.0,1.43804,0.06463200000000001,IRL,NOR,420310
7523094,109,163,6864,2006,0.0,45850.0,0.170234,-0.302203,ISL,NOR,420310
7523095,111,163,6864,2006,888646.0,5936.0,1.293779,0.93995,ITA,NOR,420310
7523096,121,163,6864,2006,23511.0,0.0,1.5384309999999999,0.766628,KOR,NOR,420310
7523097,130,163,6864,2006,28377.0,0.0,0.44063599999999997,1.163857,LTU,NOR,420310
7523098,134,163,6864,2006,7766.0,0.0,-0.547933,0.08257300000000001,MAR,NOR,420310
7523099,138,163,6864,2006,9655.0,0.0,1.047268,0.7142270000000001,MEX,NOR,420310
7523100,151,163,6864,2006,1941.0,0.0,-0.311109,-0.07267,MUS,NOR,420310
7523101,159,163,6864,2006,613.0,0.0,-2.094353,-1.215025,NGA,NOR,420310
7523102,162,163,6864,2006,156527.0,3694.0,1.192134,1.450852,NLD,NOR,420310
7523103,168,163,6864,2006,1658520.0,0.0,-0.449333,0.563013,PAK,NOR,420310
7523104,169,163,6864,2006,0.0,4835.0,0.306664,0.638533,PAN,NOR,420310
7523105,174,163,6864,2006,1883.0,0.0,0.161994,0.036631,PHL,NOR,420310
7523106,177,163,6864,2006,33828.0,0.0,0.991927,1.474418,POL,NOR,420310
7523107,179,163,6864,2006,27342.0,1425.0,0.5723630000000001,1.92303,PRT,NOR,420310
7523108,185,163,6864,2006,166045.0,0.0,0.550825,1.170744,ROU,NOR,420310
7523109,186,163,6864,2006,0.0,959.0,0.801197,0.104683,RUS,NOR,420310
7523110,188,163,6864,2006,0.0,3478.0,0.162432,-0.853059,SAU,NOR,420310
7523111,201,163,6864,2006,2469.0,0.0,0.547824,1.5588879999999998,SRB,NOR,420310
7523112,206,163,6864,2006,4323.0,0.0,1.291583,0.868317,SVK,NOR,420310
7523113,208,163,6864,2006,3378396.0,231796.0,1.902737,0.593294,SWE,NOR,420310
7523114,223,163,6864,2006,9711.0,0.0,-0.013636,0.804752,TUN,NOR,420310
7523115,224,163,6864,2006,174329.0,0.0,0.33971599999999996,2.193384,TUR,NOR,420310
7523116,228,163,6864,2006,40483.0,0.0,0.7008439999999999,0.79656,UKR,NOR,420310
7523117,230,163,6864,2006,2754.0,0.0,0.234384,0.118878,URY,NOR,420310
7523118,231,163,6864,2006,312964.0,37155.0,1.666643,-0.121679,USA,NOR,420310
7523119,239,163,6864,2006,43322.0,0.0,-0.342779,1.033318,VNM,NOR,420310
7523120,249,163,6864,2006,9180.0,0.0,1.619915,1.2289940000000001,TWN,NOR,420310
7523121,7,167,6864,2006,4153.0,0.0,0.053903999999999994,-0.735124,ARE,OMN,420310
7523122,15,167,6864,2006,880.0,0.0,1.775669,0.192717,AUT,OMN,420310
7523123,41,167,6864,2006,12125.0,0.0,2.052534,0.515523,CHE,OMN,420310
7523124,61,167,6864,2006,11902.0,0.0,2.132566,-2.773669,DEU,OMN,420310
7523125,81,167,6864,2006,1983.0,0.0,1.824154,0.614424,GBR,OMN,420310
7523126,104,167,6864,2006,11528.0,0.0,0.285652,2.731318,IND,OMN,420310
7523127,111,167,6864,2006,23076.0,0.0,1.293779,0.93995,ITA,OMN,420310
7523128,168,167,6864,2006,75207.0,0.0,-0.449333,0.563013,PAK,OMN,420310
7523129,224,167,6864,2006,1400.0,0.0,0.33971599999999996,2.193384,TUR,OMN,420310
7523130,2,179,6864,2006,0.0,23282.0,-2.0822979999999998,-1.176767,AGO,PRT,420310
7523131,7,179,6864,2006,1698.0,12591.0,0.053903999999999994,-0.735124,ARE,PRT,420310
7523132,8,179,6864,2006,0.0,12471.0,0.33055,0.665867,ARG,PRT,420310
7523133,15,179,6864,2006,58913.0,6143.0,1.775669,0.192717,AUT,PRT,420310
7523134,18,179,6864,2006,533936.0,170369.0,1.2222540000000002,1.383027,BEL,PRT,420310
7523135,32,179,6864,2006,35381.0,4686.0,0.633889,1.1474520000000001,BRA,PRT,420310
7523136,39,179,6864,2006,0.0,5023.0,0.865685,1.1480489999999999,CAN,PRT,420310
7523137,41,179,6864,2006,135451.0,37580.0,2.052534,0.515523,CHE,PRT,420310
7523138,43,179,6864,2006,4161904.0,0.0,0.737888,2.54966,CHN,PRT,420310
7523139,61,179,6864,2006,723624.0,18384.0,2.132566,-2.773669,DEU,PRT,420310
7523140,64,179,6864,2006,199942.0,194401.0,1.2308700000000001,1.180914,DNK,PRT,420310
7523141,71,179,6864,2006,12070399.0,1835348.0,0.9091370000000001,2.068166,ESP,PRT,420310
7523142,72,179,6864,2006,17823.0,6168.0,0.6426350000000001,0.925003,EST,PRT,420310
7523143,74,179,6864,2006,0.0,2120.0,1.864038,0.8193940000000001,FIN,PRT,420310
7523144,77,179,6864,2006,3498482.0,867003.0,1.47591,0.489466,FRA,PRT,420310
7523145,81,179,6864,2006,533148.0,12421.0,1.824154,0.614424,GBR,PRT,420310
7523146,90,179,6864,2006,20407.0,77564.0,0.261955,1.488958,GRC,PRT,420310
7523147,97,179,6864,2006,40684.0,4331.0,0.5776319999999999,2.076782,HKG,PRT,420310
7523148,100,179,6864,2006,0.0,3350.0,0.755787,0.992614,HRV,PRT,420310
7523149,104,179,6864,2006,3558512.0,1209.0,0.285652,2.731318,IND,PRT,420310
7523150,106,179,6864,2006,0.0,3761.0,1.43804,0.06463200000000001,IRL,PRT,420310
7523151,109,179,6864,2006,0.0,9114.0,0.170234,-0.302203,ISL,PRT,420310
7523152,111,179,6864,2006,4617158.0,122931.0,1.293779,0.93995,ITA,PRT,420310
7523153,114,179,6864,2006,4070.0,2214.0,2.4348099999999997,0.082887,JPN,PRT,420310
7523154,122,179,6864,2006,0.0,914.0,-0.589823,-1.142795,KWT,PRT,420310
7523155,131,179,6864,2006,112245.0,0.0,1.4345620000000001,0.8840819999999999,LUX,PRT,420310
7523156,134,179,6864,2006,32174.0,0.0,-0.547933,0.08257300000000001,MAR,PRT,420310
7523157,138,179,6864,2006,0.0,45089.0,1.047268,0.7142270000000001,MEX,PRT,420310
7523158,147,179,6864,2006,0.0,905.0,-1.0250629999999998,-1.067359,MOZ,PRT,420310
7523159,162,179,6864,2006,1216825.0,200407.0,1.192134,1.450852,NLD,PRT,420310
7523160,163,179,6864,2006,1425.0,27342.0,1.0787930000000001,0.014051,NOR,PRT,420310
7523161,168,179,6864,2006,1551288.0,0.0,-0.449333,0.563013,PAK,PRT,420310
7523162,173,179,6864,2006,6177.0,0.0,-0.551095,0.044295,PER,PRT,420310
7523163,177,179,6864,2006,0.0,20899.0,0.991927,1.474418,POL,PRT,420310
7523164,183,179,6864,2006,0.0,2242.0,0.055777999999999994,-1.0379049999999999,QAT,PRT,420310
7523165,186,179,6864,2006,0.0,11536.0,0.801197,0.104683,RUS,PRT,420310
7523166,188,179,6864,2006,0.0,5126.0,0.162432,-0.853059,SAU,PRT,420310
7523167,208,179,6864,2006,15810.0,0.0,1.902737,0.593294,SWE,PRT,420310
7523168,216,179,6864,2006,0.0,11266.0,0.568209,1.685343,THA,PRT,420310
7523169,224,179,6864,2006,801781.0,3347.0,0.33971599999999996,2.193384,TUR,PRT,420310
7523170,230,179,6864,2006,21632.0,0.0,0.234384,0.118878,URY,PRT,420310
7523171,231,179,6864,2006,83395.0,54372.0,1.666643,-0.121679,USA,PRT,420310
7523172,236,179,6864,2006,0.0,35953.0,-0.340972,-1.015462,VEN,PRT,420310
7523173,246,179,6864,2006,0.0,20156.0,0.37964499999999995,1.466326,ZAF,PRT,420310
7523174,249,179,6864,2006,0.0,3622.0,1.619915,1.2289940000000001,TWN,PRT,420310
7523175,250,179,6864,2006,3802.0,5764.0,0.711619,-0.41880200000000006,ANS,PRT,420310
7523176,7,186,6864,2006,1900.0,2992.0,0.053903999999999994,-0.735124,ARE,RUS,420310
7523177,15,186,6864,2006,443764.0,10852850.0,1.775669,0.192717,AUT,RUS,420310
7523178,18,186,6864,2006,82020.0,0.0,1.2222540000000002,1.383027,BEL,RUS,420310
7523179,22,186,6864,2006,107273.0,0.0,-1.0305309999999999,-0.80937,BGD,RUS,420310
7523180,23,186,6864,2006,2974.0,0.0,0.414563,1.378005,BGR,RUS,420310
7523181,28,186,6864,2006,118698.0,83391.0,0.919853,0.384409,BLR,RUS,420310
7523182,39,186,6864,2006,50164.0,2704.0,0.865685,1.1480489999999999,CAN,RUS,420310
7523183,41,186,6864,2006,2545443.0,11294.0,2.052534,0.515523,CHE,RUS,420310
7523184,43,186,6864,2006,372481280.0,2417.0,0.737888,2.54966,CHN,RUS,420310
7523185,59,186,6864,2006,138650.0,0.0,1.564058,0.6023649999999999,CZE,RUS,420310
7523186,61,186,6864,2006,17139212.0,389825.0,2.132566,-2.773669,DEU,RUS,420310
7523187,64,186,6864,2006,248001.0,0.0,1.2308700000000001,1.180914,DNK,RUS,420310
7523188,71,186,6864,2006,758342.0,8629.0,0.9091370000000001,2.068166,ESP,RUS,420310
7523189,72,186,6864,2006,14603.0,36426.0,0.6426350000000001,0.925003,EST,RUS,420310
7523190,74,186,6864,2006,1147402.0,5590.0,1.864038,0.8193940000000001,FIN,RUS,420310
7523191,77,186,6864,2006,4092648.0,14585.0,1.47591,0.489466,FRA,RUS,420310
7523192,81,186,6864,2006,203051.0,0.0,1.824154,0.614424,GBR,RUS,420310
7523193,90,186,6864,2006,403690.0,0.0,0.261955,1.488958,GRC,RUS,420310
7523194,97,186,6864,2006,49362.0,3189.0,0.5776319999999999,2.076782,HKG,RUS,420310
7523195,100,186,6864,2006,3967.0,0.0,0.755787,0.992614,HRV,RUS,420310
7523196,102,186,6864,2006,2568.0,0.0,1.4034309999999999,0.835144,HUN,RUS,420310
7523197,103,186,6864,2006,11232.0,0.0,-0.21012399999999998,1.467838,IDN,RUS,420310
7523198,104,186,6864,2006,63366.0,0.0,0.285652,2.731318,IND,RUS,420310
7523199,111,186,6864,2006,36208556.0,61704.0,1.293779,0.93995,ITA,RUS,420310
7523200,114,186,6864,2006,14431.0,3770.0,2.4348099999999997,0.082887,JPN,RUS,420310
7523201,115,186,6864,2006,19782.0,4363.0,0.038229,-0.579421,KAZ,RUS,420310
7523202,121,186,6864,2006,1232534.0,0.0,1.5384309999999999,0.766628,KOR,RUS,420310
7523203,128,186,6864,2006,2645.0,0.0,-0.573767,0.305913,LKA,RUS,420310
7523204,130,186,6864,2006,14026.0,8394.0,0.44063599999999997,1.163857,LTU,RUS,420310
7523205,131,186,6864,2006,16704.0,0.0,1.4345620000000001,0.8840819999999999,LUX,RUS,420310
7523206,132,186,6864,2006,2625.0,43475.0,0.531375,0.9414170000000001,LVA,RUS,420310
7523207,134,186,6864,2006,2723.0,0.0,-0.547933,0.08257300000000001,MAR,RUS,420310
7523208,145,186,6864,2006,0.0,19836.0,-1.147217,-1.0734709999999998,MNG,RUS,420310
7523209,153,186,6864,2006,1513.0,0.0,0.7896569999999999,0.363625,MYS,RUS,420310
7523210,155,186,6864,2006,870.0,0.0,-0.515361,-0.8027350000000001,NAM,RUS,420310
7523211,162,186,6864,2006,152109.0,0.0,1.192134,1.450852,NLD,RUS,420310
7523212,163,186,6864,2006,959.0,0.0,1.0787930000000001,0.014051,NOR,RUS,420310
7523213,168,186,6864,2006,917252.0,0.0,-0.449333,0.563013,PAK,RUS,420310
7523214,177,186,6864,2006,1601962.0,0.0,0.991927,1.474418,POL,RUS,420310
7523215,179,186,6864,2006,11536.0,0.0,0.5723630000000001,1.92303,PRT,RUS,420310
7523216,185,186,6864,2006,93463.0,0.0,0.550825,1.170744,ROU,RUS,420310
7523217,207,186,6864,2006,4563.0,0.0,1.5882370000000001,0.800719,SVN,RUS,420310
7523218,208,186,6864,2006,392041.0,0.0,1.902737,0.593294,SWE,RUS,420310
7523219,219,186,6864,2006,0.0,7087.0,-1.155861,-1.200933,TKM,RUS,420310
7523220,223,186,6864,2006,7158.0,0.0,-0.013636,0.804752,TUN,RUS,420310
7523221,224,186,6864,2006,17972772.0,310775.0,0.33971599999999996,2.193384,TUR,RUS,420310
7523222,228,186,6864,2006,4284.0,0.0,0.7008439999999999,0.79656,UKR,RUS,420310
7523223,231,186,6864,2006,450596.0,3622.0,1.666643,-0.121679,USA,RUS,420310
7523224,239,186,6864,2006,31370.0,0.0,-0.342779,1.033318,VNM,RUS,420310
7523225,249,186,6864,2006,26108.0,0.0,1.619915,1.2289940000000001,TWN,RUS,420310
7523226,7,192,6864,2006,0.0,2790.0,0.053903999999999994,-0.735124,ARE,SGP,420310
7523227,8,192,6864,2006,12575.0,0.0,0.33055,0.665867,ARG,SGP,420310
7523228,14,192,6864,2006,5696.0,62197.0,0.067166,0.373148,AUS,SGP,420310
7523229,18,192,6864,2006,8415.0,0.0,1.2222540000000002,1.383027,BEL,SGP,420310
7523230,34,192,6864,2006,0.0,7862.0,-1.331831,-0.9170940000000001,BRN,SGP,420310
7523231,41,192,6864,2006,280167.0,0.0,2.052534,0.515523,CHE,SGP,420310
7523232,43,192,6864,2006,789986.0,7307.0,0.737888,2.54966,CHN,SGP,420310
7523233,61,192,6864,2006,297862.0,2967.0,2.132566,-2.773669,DEU,SGP,420310
7523234,64,192,6864,2006,4274.0,1556.0,1.2308700000000001,1.180914,DNK,SGP,420310
7523235,71,192,6864,2006,148227.0,0.0,0.9091370000000001,2.068166,ESP,SGP,420310
7523236,77,192,6864,2006,111919.0,34663.0,1.47591,0.489466,FRA,SGP,420310
7523237,81,192,6864,2006,63850.0,139450.0,1.824154,0.614424,GBR,SGP,420310
7523238,95,192,6864,2006,217400.0,16275.0,0.385261,-0.26928,GUM,SGP,420310
7523239,97,192,6864,2006,1137295.0,187239.0,0.5776319999999999,2.076782,HKG,SGP,420310
7523240,100,192,6864,2006,2266.0,0.0,0.755787,0.992614,HRV,SGP,420310
7523241,103,192,6864,2006,8587.0,170037.0,-0.21012399999999998,1.467838,IDN,SGP,420310
7523242,104,192,6864,2006,613792.0,56260.0,0.285652,2.731318,IND,SGP,420310
7523243,110,192,6864,2006,4576.0,0.0,1.3082129999999998,0.783845,ISR,SGP,420310
7523244,111,192,6864,2006,836707.0,2108.0,1.293779,0.93995,ITA,SGP,420310
7523245,114,192,6864,2006,11355.0,13191.0,2.4348099999999997,0.082887,JPN,SGP,420310
7523246,121,192,6864,2006,64001.0,13018.0,1.5384309999999999,0.766628,KOR,SGP,420310
7523247,128,192,6864,2006,0.0,1502.0,-0.573767,0.305913,LKA,SGP,420310
7523248,134,192,6864,2006,568.0,0.0,-0.547933,0.08257300000000001,MAR,SGP,420310
7523249,153,192,6864,2006,22869.0,117648.0,0.7896569999999999,0.363625,MYS,SGP,420310
7523250,162,192,6864,2006,3723.0,24491.0,1.192134,1.450852,NLD,SGP,420310
7523251,166,192,6864,2006,1454.0,0.0,0.5371,0.8240209999999999,NZL,SGP,420310
7523252,168,192,6864,2006,102656.0,0.0,-0.449333,0.563013,PAK,SGP,420310
7523253,174,192,6864,2006,0.0,1427.0,0.161994,0.036631,PHL,SGP,420310
7523254,178,192,6864,2006,0.0,1261.0,0.548754,0.763313,PRK,SGP,420310
7523255,185,192,6864,2006,1122.0,0.0,0.550825,1.170744,ROU,SGP,420310
7523256,188,192,6864,2006,0.0,2396.0,0.162432,-0.853059,SAU,SGP,420310
7523257,208,192,6864,2006,3858.0,11875.0,1.902737,0.593294,SWE,SGP,420310
7523258,216,192,6864,2006,4203.0,18199.0,0.568209,1.685343,THA,SGP,420310
7523259,224,192,6864,2006,3668.0,0.0,0.33971599999999996,2.193384,TUR,SGP,420310
7523260,231,192,6864,2006,1228333.0,3299.0,1.666643,-0.121679,USA,SGP,420310
7523261,239,192,6864,2006,4546.0,5771.0,-0.342779,1.033318,VNM,SGP,420310
7523262,246,192,6864,2006,0.0,4290.0,0.37964499999999995,1.466326,ZAF,SGP,420310
7523263,249,192,6864,2006,38600.0,2065.0,1.619915,1.2289940000000001,TWN,SGP,420310
7523264,15,201,6864,2006,5087.0,0.0,1.775669,0.192717,AUT,SRB,420310
7523265,23,201,6864,2006,9371.0,0.0,0.414563,1.378005,BGR,SRB,420310
7523266,26,201,6864,2006,58282.0,197924.0,0.40788800000000003,0.562854,BIH,SRB,420310
7523267,43,201,6864,2006,34003.0,1906.0,0.737888,2.54966,CHN,SRB,420310
7523268,59,201,6864,2006,10135.0,0.0,1.564058,0.6023649999999999,CZE,SRB,420310
7523269,61,201,6864,2006,248396.0,1897.0,2.132566,-2.773669,DEU,SRB,420310
7523270,71,201,6864,2006,66567.0,1874.0,0.9091370000000001,2.068166,ESP,SRB,420310
7523271,77,201,6864,2006,5753.0,10641.0,1.47591,0.489466,FRA,SRB,420310
7523272,81,201,6864,2006,16040.0,0.0,1.824154,0.614424,GBR,SRB,420310
7523273,90,201,6864,2006,5342.0,0.0,0.261955,1.488958,GRC,SRB,420310
7523274,97,201,6864,2006,1359.0,0.0,0.5776319999999999,2.076782,HKG,SRB,420310
7523275,100,201,6864,2006,70408.0,12332.0,0.755787,0.992614,HRV,SRB,420310
7523276,102,201,6864,2006,11788.0,935.0,1.4034309999999999,0.835144,HUN,SRB,420310
7523277,104,201,6864,2006,9011.0,0.0,0.285652,2.731318,IND,SRB,420310
7523278,109,201,6864,2006,0.0,12956.0,0.170234,-0.302203,ISL,SRB,420310
7523279,111,201,6864,2006,401577.0,4423.0,1.293779,0.93995,ITA,SRB,420310
7523280,121,201,6864,2006,956.0,0.0,1.5384309999999999,0.766628,KOR,SRB,420310
7523281,134,201,6864,2006,4452.0,0.0,-0.547933,0.08257300000000001,MAR,SRB,420310
7523282,140,201,6864,2006,0.0,140073.0,-0.21336,0.17674700000000002,MKD,SRB,420310
7523283,144,201,6864,2006,0.0,75175.0,0.130773,-0.24674699999999997,MNE,SRB,420310
7523284,163,201,6864,2006,0.0,2469.0,1.0787930000000001,0.014051,NOR,SRB,420310
7523285,168,201,6864,2006,3153.0,0.0,-0.449333,0.563013,PAK,SRB,420310
7523286,177,201,6864,2006,6859.0,0.0,0.991927,1.474418,POL,SRB,420310
7523287,185,201,6864,2006,9878.0,5905.0,0.550825,1.170744,ROU,SRB,420310
7523288,207,201,6864,2006,242475.0,201163.0,1.5882370000000001,0.800719,SVN,SRB,420310
7523289,208,201,6864,2006,8846.0,0.0,1.902737,0.593294,SWE,SRB,420310
7523290,224,201,6864,2006,141995.0,0.0,0.33971599999999996,2.193384,TUR,SRB,420310
7523291,228,201,6864,2006,4626.0,0.0,0.7008439999999999,0.79656,UKR,SRB,420310
7523292,250,201,6864,2006,25843.0,0.0,0.711619,-0.41880200000000006,ANS,SRB,420310
7523293,15,206,6864,2006,1247745.0,201617.0,1.775669,0.192717,AUT,SVK,420310
7523294,18,206,6864,2006,2482.0,0.0,1.2222540000000002,1.383027,BEL,SVK,420310
7523295,26,206,6864,2006,0.0,856.0,0.40788800000000003,0.562854,BIH,SVK,420310
7523296,39,206,6864,2006,902.0,1745.0,0.865685,1.1480489999999999,CAN,SVK,420310
7523297,41,206,6864,2006,6761.0,0.0,2.052534,0.515523,CHE,SVK,420310
7523298,43,206,6864,2006,329403.0,0.0,0.737888,2.54966,CHN,SVK,420310
7523299,59,206,6864,2006,5401608.0,1736478.0,1.564058,0.6023649999999999,CZE,SVK,420310
7523300,61,206,6864,2006,1045577.0,1980.0,2.132566,-2.773669,DEU,SVK,420310
7523301,64,206,6864,2006,32901.0,0.0,1.2308700000000001,1.180914,DNK,SVK,420310
7523302,71,206,6864,2006,25987.0,0.0,0.9091370000000001,2.068166,ESP,SVK,420310
7523303,74,206,6864,2006,2868.0,0.0,1.864038,0.8193940000000001,FIN,SVK,420310
7523304,77,206,6864,2006,18172.0,14090.0,1.47591,0.489466,FRA,SVK,420310
7523305,81,206,6864,2006,228398.0,0.0,1.824154,0.614424,GBR,SVK,420310
7523306,97,206,6864,2006,90443.0,0.0,0.5776319999999999,2.076782,HKG,SVK,420310
7523307,102,206,6864,2006,7614.0,54386.0,1.4034309999999999,0.835144,HUN,SVK,420310
7523308,103,206,6864,2006,3713.0,0.0,-0.21012399999999998,1.467838,IDN,SVK,420310
7523309,104,206,6864,2006,283486.0,0.0,0.285652,2.731318,IND,SVK,420310
7523310,111,206,6864,2006,309813.0,1363484.0,1.293779,0.93995,ITA,SVK,420310
7523311,114,206,6864,2006,0.0,7479.0,2.4348099999999997,0.082887,JPN,SVK,420310
7523312,121,206,6864,2006,11918.0,0.0,1.5384309999999999,0.766628,KOR,SVK,420310
7523313,144,206,6864,2006,0.0,598.0,0.130773,-0.24674699999999997,MNE,SVK,420310
7523314,162,206,6864,2006,56853.0,0.0,1.192134,1.450852,NLD,SVK,420310
7523315,163,206,6864,2006,0.0,4323.0,1.0787930000000001,0.014051,NOR,SVK,420310
7523316,168,206,6864,2006,127738.0,0.0,-0.449333,0.563013,PAK,SVK,420310
7523317,177,206,6864,2006,44428.0,0.0,0.991927,1.474418,POL,SVK,420310
7523318,185,206,6864,2006,1540.0,108840.0,0.550825,1.170744,ROU,SVK,420310
7523319,207,206,6864,2006,0.0,2535.0,1.5882370000000001,0.800719,SVN,SVK,420310
7523320,208,206,6864,2006,30289.0,0.0,1.902737,0.593294,SWE,SVK,420310
7523321,224,206,6864,2006,78063.0,0.0,0.33971599999999996,2.193384,TUR,SVK,420310
7523322,228,206,6864,2006,245086.0,268465.0,0.7008439999999999,0.79656,UKR,SVK,420310
7523323,231,206,6864,2006,2205.0,25142.0,1.666643,-0.121679,USA,SVK,420310
7523324,249,206,6864,2006,4256.0,0.0,1.619915,1.2289940000000001,TWN,SVK,420310
7523325,250,206,6864,2006,2243887.0,0.0,0.711619,-0.41880200000000006,ANS,SVK,420310
7523326,4,207,6864,2006,0.0,6952.0,-0.340932,-0.06302200000000001,ALB,SVN,420310
7523327,7,207,6864,2006,8797.0,0.0,0.053903999999999994,-0.735124,ARE,SVN,420310
7523328,8,207,6864,2006,0.0,622.0,0.33055,0.665867,ARG,SVN,420310
7523329,14,207,6864,2006,0.0,3698.0,0.067166,0.373148,AUS,SVN,420310
7523330,15,207,6864,2006,446374.0,1780244.0,1.775669,0.192717,AUT,SVN,420310
7523331,18,207,6864,2006,4721.0,0.0,1.2222540000000002,1.383027,BEL,SVN,420310
7523332,22,207,6864,2006,9247.0,0.0,-1.0305309999999999,-0.80937,BGD,SVN,420310
7523333,23,207,6864,2006,2959.0,87464.0,0.414563,1.378005,BGR,SVN,420310
7523334,26,207,6864,2006,80943.0,140015.0,0.40788800000000003,0.562854,BIH,SVN,420310
7523335,39,207,6864,2006,0.0,23120.0,0.865685,1.1480489999999999,CAN,SVN,420310
7523336,41,207,6864,2006,56115.0,1003415.0,2.052534,0.515523,CHE,SVN,420310
7523337,43,207,6864,2006,758829.0,17183.0,0.737888,2.54966,CHN,SVN,420310
7523338,59,207,6864,2006,0.0,8285.0,1.564058,0.6023649999999999,CZE,SVN,420310
7523339,61,207,6864,2006,498444.0,467714.0,2.132566,-2.773669,DEU,SVN,420310
7523340,64,207,6864,2006,42509.0,0.0,1.2308700000000001,1.180914,DNK,SVN,420310
7523341,71,207,6864,2006,120119.0,0.0,0.9091370000000001,2.068166,ESP,SVN,420310
7523342,74,207,6864,2006,1946.0,0.0,1.864038,0.8193940000000001,FIN,SVN,420310
7523343,77,207,6864,2006,370732.0,118422.0,1.47591,0.489466,FRA,SVN,420310
7523344,81,207,6864,2006,1211.0,36065.0,1.824154,0.614424,GBR,SVN,420310
7523345,90,207,6864,2006,2321.0,0.0,0.261955,1.488958,GRC,SVN,420310
7523346,97,207,6864,2006,861.0,0.0,0.5776319999999999,2.076782,HKG,SVN,420310
7523347,100,207,6864,2006,30476.0,301027.0,0.755787,0.992614,HRV,SVN,420310
7523348,102,207,6864,2006,952.0,0.0,1.4034309999999999,0.835144,HUN,SVN,420310
7523349,104,207,6864,2006,52270.0,0.0,0.285652,2.731318,IND,SVN,420310
7523350,106,207,6864,2006,0.0,2119.0,1.43804,0.06463200000000001,IRL,SVN,420310
7523351,111,207,6864,2006,954287.0,572383.0,1.293779,0.93995,ITA,SVN,420310
7523352,114,207,6864,2006,0.0,29611.0,2.4348099999999997,0.082887,JPN,SVN,420310
7523353,121,207,6864,2006,0.0,12025.0,1.5384309999999999,0.766628,KOR,SVN,420310
7523354,128,207,6864,2006,1116.0,0.0,-0.573767,0.305913,LKA,SVN,420310
7523355,131,207,6864,2006,0.0,13102.0,1.4345620000000001,0.8840819999999999,LUX,SVN,420310
7523356,134,207,6864,2006,969.0,0.0,-0.547933,0.08257300000000001,MAR,SVN,420310
7523357,138,207,6864,2006,0.0,20429.0,1.047268,0.7142270000000001,MEX,SVN,420310
7523358,140,207,6864,2006,0.0,11487.0,-0.21336,0.17674700000000002,MKD,SVN,420310
7523359,144,207,6864,2006,0.0,68804.0,0.130773,-0.24674699999999997,MNE,SVN,420310
7523360,162,207,6864,2006,24951.0,0.0,1.192134,1.450852,NLD,SVN,420310
7523361,168,207,6864,2006,86179.0,0.0,-0.449333,0.563013,PAK,SVN,420310
7523362,177,207,6864,2006,1183.0,37369.0,0.991927,1.474418,POL,SVN,420310
7523363,185,207,6864,2006,127706.0,2123.0,0.550825,1.170744,ROU,SVN,420310
7523364,186,207,6864,2006,0.0,4563.0,0.801197,0.104683,RUS,SVN,420310
7523365,201,207,6864,2006,201163.0,242475.0,0.547824,1.5588879999999998,SRB,SVN,420310
7523366,206,207,6864,2006,2535.0,0.0,1.291583,0.868317,SVK,SVN,420310
7523367,223,207,6864,2006,1017.0,0.0,-0.013636,0.804752,TUN,SVN,420310
7523368,224,207,6864,2006,49314.0,8320.0,0.33971599999999996,2.193384,TUR,SVN,420310
7523369,228,207,6864,2006,6895.0,4534.0,0.7008439999999999,0.79656,UKR,SVN,420310
7523370,231,207,6864,2006,10958.0,557009.0,1.666643,-0.121679,USA,SVN,420310
7523371,246,207,6864,2006,0.0,2355.0,0.37964499999999995,1.466326,ZAF,SVN,420310
7523372,250,207,6864,2006,91252.0,0.0,0.711619,-0.41880200000000006,ANS,SVN,420310
7523373,7,212,6864,2006,0.0,2038.0,0.053903999999999994,-0.735124,ARE,SYR,420310
7523374,43,212,6864,2006,79192.0,0.0,0.737888,2.54966,CHN,SYR,420310
7523375,46,212,6864,2006,0.0,1569.0,-1.542137,-1.086494,COD,SYR,420310
7523376,58,212,6864,2006,0.0,63288.0,0.708267,-0.048096,CYP,SYR,420310
7523377,61,212,6864,2006,13217.0,0.0,2.132566,-2.773669,DEU,SYR,420310
7523378,68,212,6864,2006,1132.0,0.0,-0.182272,0.40222399999999997,EGY,SYR,420310
7523379,71,212,6864,2006,0.0,2457.0,0.9091370000000001,2.068166,ESP,SYR,420310
7523380,77,212,6864,2006,2384.0,29776.0,1.47591,0.489466,FRA,SYR,420310
7523381,81,212,6864,2006,0.0,3219.0,1.824154,0.614424,GBR,SYR,420310
7523382,104,212,6864,2006,1738.0,0.0,0.285652,2.731318,IND,SYR,420310
7523383,108,212,6864,2006,0.0,461765.0,-2.029727,-0.8634219999999999,IRQ,SYR,420310
7523384,111,212,6864,2006,34178.0,0.0,1.293779,0.93995,ITA,SYR,420310
7523385,113,212,6864,2006,0.0,145070.0,0.166718,0.331248,JOR,SYR,420310
7523386,122,212,6864,2006,0.0,1415.0,-0.589823,-1.142795,KWT,SYR,420310
7523387,124,212,6864,2006,0.0,3777.0,0.3861,1.586183,LBN,SYR,420310
7523388,126,212,6864,2006,0.0,4233.0,-0.518724,-1.142074,LBY,SYR,420310
7523389,183,212,6864,2006,0.0,19259.0,0.055777999999999994,-1.0379049999999999,QAT,SYR,420310
7523390,188,212,6864,2006,0.0,7966.0,0.162432,-0.853059,SAU,SYR,420310
7523391,224,212,6864,2006,176712.0,0.0,0.33971599999999996,2.193384,TUR,SYR,420310
7523392,231,212,6864,2006,0.0,2643.0,1.666643,-0.121679,USA,SYR,420310
7523393,250,212,6864,2006,12936.0,0.0,0.711619,-0.41880200000000006,ANS,SYR,420310
7523394,8,223,6864,2006,0.0,4222.0,0.33055,0.665867,ARG,TUN,420310
7523395,14,223,6864,2006,0.0,22317.0,0.067166,0.373148,AUS,TUN,420310
7523396,15,223,6864,2006,0.0,8351.0,1.775669,0.192717,AUT,TUN,420310
7523397,18,223,6864,2006,0.0,56789.0,1.2222540000000002,1.383027,BEL,TUN,420310
7523398,23,223,6864,2006,0.0,7960.0,0.414563,1.378005,BGR,TUN,420310
7523399,28,223,6864,2006,0.0,2508.0,0.919853,0.384409,BLR,TUN,420310
7523400,32,223,6864,2006,0.0,18666.0,0.633889,1.1474520000000001,BRA,TUN,420310
7523401,39,223,6864,2006,0.0,17364.0,0.865685,1.1480489999999999,CAN,TUN,420310
7523402,41,223,6864,2006,0.0,3547.0,2.052534,0.515523,CHE,TUN,420310
7523403,43,223,6864,2006,184169.0,0.0,0.737888,2.54966,CHN,TUN,420310
7523404,59,223,6864,2006,0.0,18503.0,1.564058,0.6023649999999999,CZE,TUN,420310
7523405,61,223,6864,2006,12540.0,87563.0,2.132566,-2.773669,DEU,TUN,420310
7523406,64,223,6864,2006,0.0,3900.0,1.2308700000000001,1.180914,DNK,TUN,420310
7523407,66,223,6864,2006,0.0,2237.0,-0.489962,-1.12456,DZA,TUN,420310
7523408,71,223,6864,2006,21421.0,14176.0,0.9091370000000001,2.068166,ESP,TUN,420310
7523409,72,223,6864,2006,0.0,1081.0,0.6426350000000001,0.925003,EST,TUN,420310
7523410,77,223,6864,2006,84535.0,1563655.0,1.47591,0.489466,FRA,TUN,420310
7523411,81,223,6864,2006,0.0,18848.0,1.824154,0.614424,GBR,TUN,420310
7523412,97,223,6864,2006,12102.0,0.0,0.5776319999999999,2.076782,HKG,TUN,420310
7523413,100,223,6864,2006,0.0,3228.0,0.755787,0.992614,HRV,TUN,420310
7523414,104,223,6864,2006,134546.0,0.0,0.285652,2.731318,IND,TUN,420310
7523415,111,223,6864,2006,58700.0,3521174.0,1.293779,0.93995,ITA,TUN,420310
7523416,113,223,6864,2006,0.0,989.0,0.166718,0.331248,JOR,TUN,420310
7523417,114,223,6864,2006,0.0,47839.0,2.4348099999999997,0.082887,JPN,TUN,420310
7523418,121,223,6864,2006,0.0,2046.0,1.5384309999999999,0.766628,KOR,TUN,420310
7523419,122,223,6864,2006,0.0,3424.0,-0.589823,-1.142795,KWT,TUN,420310
7523420,124,223,6864,2006,0.0,13164.0,0.3861,1.586183,LBN,TUN,420310
7523421,133,223,6864,2006,0.0,10771.0,-0.07118200000000001,-0.228354,MAC,TUN,420310
7523422,138,223,6864,2006,0.0,28007.0,1.047268,0.7142270000000001,MEX,TUN,420310
7523423,142,223,6864,2006,0.0,3537.0,1.384411,0.093734,MLT,TUN,420310
7523424,163,223,6864,2006,0.0,9711.0,1.0787930000000001,0.014051,NOR,TUN,420310
7523425,166,223,6864,2006,0.0,1475.0,0.5371,0.8240209999999999,NZL,TUN,420310
7523426,168,223,6864,2006,26720.0,0.0,-0.449333,0.563013,PAK,TUN,420310
7523427,177,223,6864,2006,0.0,2810.0,0.991927,1.474418,POL,TUN,420310
7523428,185,223,6864,2006,899.0,3217.0,0.550825,1.170744,ROU,TUN,420310
7523429,186,223,6864,2006,0.0,7158.0,0.801197,0.104683,RUS,TUN,420310
7523430,207,223,6864,2006,0.0,1017.0,1.5882370000000001,0.800719,SVN,TUN,420310
7523431,224,223,6864,2006,43289.0,28167.0,0.33971599999999996,2.193384,TUR,TUN,420310
7523432,228,223,6864,2006,0.0,4315.0,0.7008439999999999,0.79656,UKR,TUN,420310
7523433,231,223,6864,2006,0.0,206082.0,1.666643,-0.121679,USA,TUN,420310
7523434,246,223,6864,2006,0.0,2403.0,0.37964499999999995,1.466326,ZAF,TUN,420310
7523435,249,223,6864,2006,0.0,25248.0,1.619915,1.2289940000000001,TWN,TUN,420310
7523436,250,223,6864,2006,87546.0,69178.0,0.711619,-0.41880200000000006,ANS,TUN,420310
7523437,9,228,6864,2006,19012.0,0.0,0.14539100000000002,-0.558014,ARM,UKR,420310
7523438,14,228,6864,2006,0.0,20638.0,0.067166,0.373148,AUS,UKR,420310
7523439,15,228,6864,2006,60279.0,36461.0,1.775669,0.192717,AUT,UKR,420310
7523440,18,228,6864,2006,1199.0,0.0,1.2222540000000002,1.383027,BEL,UKR,420310
7523441,22,228,6864,2006,6835.0,0.0,-1.0305309999999999,-0.80937,BGD,UKR,420310
7523442,26,228,6864,2006,2000.0,1186.0,0.40788800000000003,0.562854,BIH,UKR,420310
7523443,32,228,6864,2006,0.0,13183.0,0.633889,1.1474520000000001,BRA,UKR,420310
7523444,39,228,6864,2006,0.0,21455.0,0.865685,1.1480489999999999,CAN,UKR,420310
7523445,41,228,6864,2006,494608.0,0.0,2.052534,0.515523,CHE,UKR,420310
7523446,43,228,6864,2006,461519.0,2048.0,0.737888,2.54966,CHN,UKR,420310
7523447,59,228,6864,2006,11417.0,4333.0,1.564058,0.6023649999999999,CZE,UKR,420310
7523448,61,228,6864,2006,2047120.0,19590.0,2.132566,-2.773669,DEU,UKR,420310
7523449,64,228,6864,2006,129836.0,0.0,1.2308700000000001,1.180914,DNK,UKR,420310
7523450,68,228,6864,2006,3322.0,0.0,-0.182272,0.40222399999999997,EGY,UKR,420310
7523451,71,228,6864,2006,140810.0,95754.0,0.9091370000000001,2.068166,ESP,UKR,420310
7523452,72,228,6864,2006,15978.0,0.0,0.6426350000000001,0.925003,EST,UKR,420310
7523453,77,228,6864,2006,194025.0,0.0,1.47591,0.489466,FRA,UKR,420310
7523454,81,228,6864,2006,43889.0,0.0,1.824154,0.614424,GBR,UKR,420310
7523455,82,228,6864,2006,0.0,8223.0,0.076711,-0.47216099999999994,GEO,UKR,420310
7523456,90,228,6864,2006,42190.0,0.0,0.261955,1.488958,GRC,UKR,420310
7523457,97,228,6864,2006,21154.0,0.0,0.5776319999999999,2.076782,HKG,UKR,420310
7523458,100,228,6864,2006,52347.0,22756.0,0.755787,0.992614,HRV,UKR,420310
7523459,102,228,6864,2006,67318.0,0.0,1.4034309999999999,0.835144,HUN,UKR,420310
7523460,104,228,6864,2006,42952.0,0.0,0.285652,2.731318,IND,UKR,420310
7523461,109,228,6864,2006,0.0,823.0,0.170234,-0.302203,ISL,UKR,420310
7523462,111,228,6864,2006,6225785.0,9465910.0,1.293779,0.93995,ITA,UKR,420310
7523463,114,228,6864,2006,0.0,219250.0,2.4348099999999997,0.082887,JPN,UKR,420310
7523464,121,228,6864,2006,10530.0,2508.0,1.5384309999999999,0.766628,KOR,UKR,420310
7523465,124,228,6864,2006,0.0,964.0,0.3861,1.586183,LBN,UKR,420310
7523466,132,228,6864,2006,36656.0,0.0,0.531375,0.9414170000000001,LVA,UKR,420310
7523467,135,228,6864,2006,0.0,5519.0,-0.017707,0.135305,MDA,UKR,420310
7523468,138,228,6864,2006,0.0,10718.0,1.047268,0.7142270000000001,MEX,UKR,420310
7523469,162,228,6864,2006,69754.0,0.0,1.192134,1.450852,NLD,UKR,420310
7523470,163,228,6864,2006,0.0,40483.0,1.0787930000000001,0.014051,NOR,UKR,420310
7523471,166,228,6864,2006,0.0,5114.0,0.5371,0.8240209999999999,NZL,UKR,420310
7523472,168,228,6864,2006,2795504.0,0.0,-0.449333,0.563013,PAK,UKR,420310
7523473,177,228,6864,2006,308386.0,4519.0,0.991927,1.474418,POL,UKR,420310
7523474,185,228,6864,2006,9412.0,59870.0,0.550825,1.170744,ROU,UKR,420310
7523475,186,228,6864,2006,0.0,4284.0,0.801197,0.104683,RUS,UKR,420310
7523476,201,228,6864,2006,0.0,4626.0,0.547824,1.5588879999999998,SRB,UKR,420310
7523477,206,228,6864,2006,268465.0,245086.0,1.291583,0.868317,SVK,UKR,420310
7523478,207,228,6864,2006,4534.0,6895.0,1.5882370000000001,0.800719,SVN,UKR,420310
7523479,223,228,6864,2006,4315.0,0.0,-0.013636,0.804752,TUN,UKR,420310
7523480,224,228,6864,2006,236046.0,42200.0,0.33971599999999996,2.193384,TUR,UKR,420310
7523481,231,228,6864,2006,40818.0,480592.0,1.666643,-0.121679,USA,UKR,420310
7523482,246,228,6864,2006,0.0,16863.0,0.37964499999999995,1.466326,ZAF,UKR,420310
7523483,249,228,6864,2006,0.0,61495.0,1.619915,1.2289940000000001,TWN,UKR,420310
7523484,2,246,6864,2006,0.0,5043.0,-2.0822979999999998,-1.176767,AGO,ZAF,420310
7523485,3,246,6864,2006,0.0,2649.0,1.4066610000000002,-0.166941,AIA,ZAF,420310
7523486,7,246,6864,2006,37306.0,4693.0,0.053903999999999994,-0.735124,ARE,ZAF,420310
7523487,14,246,6864,2006,83708.0,0.0,0.067166,0.373148,AUS,ZAF,420310
7523488,15,246,6864,2006,9225.0,0.0,1.775669,0.192717,AUT,ZAF,420310
7523489,18,246,6864,2006,29113.0,0.0,1.2222540000000002,1.383027,BEL,ZAF,420310
7523490,24,246,6864,2006,0.0,1323.0,0.172724,-0.9449879999999999,BHR,ZAF,420310
7523491,26,246,6864,2006,6474.0,0.0,0.40788800000000003,0.562854,BIH,ZAF,420310
7523492,37,246,6864,2006,2718.0,210755.0,-1.0541459999999998,-1.179286,BWA,ZAF,420310
7523493,39,246,6864,2006,0.0,1997.0,0.865685,1.1480489999999999,CAN,ZAF,420310
7523494,41,246,6864,2006,9523.0,0.0,2.052534,0.515523,CHE,ZAF,420310
7523495,43,246,6864,2006,9928706.0,0.0,0.737888,2.54966,CHN,ZAF,420310
7523496,46,246,6864,2006,0.0,5600.0,-1.542137,-1.086494,COD,ZAF,420310
7523497,59,246,6864,2006,1030.0,0.0,1.564058,0.6023649999999999,CZE,ZAF,420310
7523498,61,246,6864,2006,373818.0,2239.0,2.132566,-2.773669,DEU,ZAF,420310
7523499,64,246,6864,2006,0.0,1108.0,1.2308700000000001,1.180914,DNK,ZAF,420310
7523500,68,246,6864,2006,143693.0,4824.0,-0.182272,0.40222399999999997,EGY,ZAF,420310
7523501,71,246,6864,2006,31344.0,0.0,0.9091370000000001,2.068166,ESP,ZAF,420310
7523502,77,246,6864,2006,15953.0,11030.0,1.47591,0.489466,FRA,ZAF,420310
7523503,81,246,6864,2006,39322.0,6904.0,1.824154,0.614424,GBR,ZAF,420310
7523504,90,246,6864,2006,9803.0,0.0,0.261955,1.488958,GRC,ZAF,420310
7523505,97,246,6864,2006,78188.0,0.0,0.5776319999999999,2.076782,HKG,ZAF,420310
7523506,100,246,6864,2006,5552.0,0.0,0.755787,0.992614,HRV,ZAF,420310
7523507,103,246,6864,2006,5300.0,0.0,-0.21012399999999998,1.467838,IDN,ZAF,420310
7523508,104,246,6864,2006,870681.0,0.0,0.285652,2.731318,IND,ZAF,420310
7523509,106,246,6864,2006,4398.0,0.0,1.43804,0.06463200000000001,IRL,ZAF,420310
7523510,111,246,6864,2006,418610.0,0.0,1.293779,0.93995,ITA,ZAF,420310
7523511,114,246,6864,2006,38707.0,1625.0,2.4348099999999997,0.082887,JPN,ZAF,420310
7523512,116,246,6864,2006,0.0,2735.0,-0.38287899999999997,1.060286,KEN,ZAF,420310
7523513,121,246,6864,2006,11765.0,0.0,1.5384309999999999,0.766628,KOR,ZAF,420310
7523514,128,246,6864,2006,1755.0,0.0,-0.573767,0.305913,LKA,ZAF,420310
7523515,134,246,6864,2006,24375.0,0.0,-0.547933,0.08257300000000001,MAR,ZAF,420310
7523516,138,246,6864,2006,8836.0,0.0,1.047268,0.7142270000000001,MEX,ZAF,420310
7523517,147,246,6864,2006,0.0,29739.0,-1.0250629999999998,-1.067359,MOZ,ZAF,420310
7523518,152,246,6864,2006,0.0,3030.0,-1.145132,-1.0946209999999998,MWI,ZAF,420310
7523519,155,246,6864,2006,3947.0,268324.0,-0.515361,-0.8027350000000001,NAM,ZAF,420310
7523520,162,246,6864,2006,8665.0,0.0,1.192134,1.450852,NLD,ZAF,420310
7523521,166,246,6864,2006,0.0,1468.0,0.5371,0.8240209999999999,NZL,ZAF,420310
7523522,168,246,6864,2006,54607232.0,0.0,-0.449333,0.563013,PAK,ZAF,420310
7523523,174,246,6864,2006,6461.0,0.0,0.161994,0.036631,PHL,ZAF,420310
7523524,177,246,6864,2006,22109.0,0.0,0.991927,1.474418,POL,ZAF,420310
7523525,179,246,6864,2006,20156.0,0.0,0.5723630000000001,1.92303,PRT,ZAF,420310
7523526,185,246,6864,2006,9555.0,0.0,0.550825,1.170744,ROU,ZAF,420310
7523527,192,246,6864,2006,4290.0,0.0,1.5377379999999998,0.503089,SGP,ZAF,420310
7523528,207,246,6864,2006,2355.0,0.0,1.5882370000000001,0.800719,SVN,ZAF,420310
7523529,208,246,6864,2006,1152.0,0.0,1.902737,0.593294,SWE,ZAF,420310
7523530,209,246,6864,2006,0.0,40626.0,0.750674,0.221306,SWZ,ZAF,420310
7523531,211,246,6864,2006,0.0,1135.0,-0.344619,-0.796139,SYC,ZAF,420310
7523532,216,246,6864,2006,1947.0,0.0,0.568209,1.685343,THA,ZAF,420310
7523533,218,246,6864,2006,3571.0,0.0,0.335918,0.299589,TKL,ZAF,420310
7523534,223,246,6864,2006,2403.0,0.0,-0.013636,0.804752,TUN,ZAF,420310
7523535,224,246,6864,2006,181977.0,0.0,0.33971599999999996,2.193384,TUR,ZAF,420310
7523536,226,246,6864,2006,0.0,2031.0,-0.953097,0.159129,TZA,ZAF,420310
7523537,228,246,6864,2006,16863.0,0.0,0.7008439999999999,0.79656,UKR,ZAF,420310
7523538,231,246,6864,2006,301881.0,26400.0,1.666643,-0.121679,USA,ZAF,420310
7523539,239,246,6864,2006,6821.0,0.0,-0.342779,1.033318,VNM,ZAF,420310
7523540,247,246,6864,2006,0.0,49236.0,-0.5307,-0.793621,ZMB,ZAF,420310
7523541,248,246,6864,2006,871.0,3694.0,-0.41825500000000004,-0.55313,ZWE,ZAF,420310
7523542,104,37,6864,2006,1306.0,0.0,0.285652,2.731318,IND,BWA,420310
7523543,168,37,6864,2006,2539674.0,0.0,-0.449333,0.563013,PAK,BWA,420310
7523544,231,37,6864,2006,3484.0,0.0,1.666643,-0.121679,USA,BWA,420310
7523545,246,37,6864,2006,210755.0,2718.0,0.37964499999999995,1.466326,ZAF,BWA,420310
7523546,71,44,6864,2006,2377.0,0.0,0.9091370000000001,2.068166,ESP,CIV,420310
7523547,77,44,6864,2006,7203.0,0.0,1.47591,0.489466,FRA,CIV,420310
7523548,111,44,6864,2006,1888.0,0.0,1.293779,0.93995,ITA,CIV,420310
7523549,208,44,6864,2006,3666.0,0.0,1.902737,0.593294,SWE,CIV,420310
7523550,231,44,6864,2006,75649.0,0.0,1.666643,-0.121679,USA,CIV,420310
7523551,77,45,6864,2006,4828.0,0.0,1.47591,0.489466,FRA,CMR,420310
7523552,39,54,6864,2006,1993.0,0.0,0.865685,1.1480489999999999,CAN,CUB,420310
7523553,42,54,6864,2006,3367.0,0.0,-0.188298,-0.46778000000000003,CHL,CUB,420310
7523554,61,54,6864,2006,4766.0,0.0,2.132566,-2.773669,DEU,CUB,420310
7523555,77,54,6864,2006,1920.0,0.0,1.47591,0.489466,FRA,CUB,420310
7523556,138,54,6864,2006,6983.0,0.0,1.047268,0.7142270000000001,MEX,CUB,420310
7523557,8,66,6864,2006,89987.0,0.0,0.33055,0.665867,ARG,DZA,420310
7523558,39,66,6864,2006,2046.0,0.0,0.865685,1.1480489999999999,CAN,DZA,420310
7523559,43,66,6864,2006,22407.0,0.0,0.737888,2.54966,CHN,DZA,420310
7523560,61,66,6864,2006,1783.0,0.0,2.132566,-2.773669,DEU,DZA,420310
7523561,71,66,6864,2006,3951.0,0.0,0.9091370000000001,2.068166,ESP,DZA,420310
7523562,77,66,6864,2006,345970.0,0.0,1.47591,0.489466,FRA,DZA,420310
7523563,81,66,6864,2006,164086.0,0.0,1.824154,0.614424,GBR,DZA,420310
7523564,111,66,6864,2006,25537.0,0.0,1.293779,0.93995,ITA,DZA,420310
7523565,168,66,6864,2006,3351.0,0.0,-0.449333,0.563013,PAK,DZA,420310
7523566,223,66,6864,2006,2237.0,0.0,-0.013636,0.804752,TUN,DZA,420310
7523567,224,66,6864,2006,30539.0,0.0,0.33971599999999996,2.193384,TUR,DZA,420310
7523568,231,66,6864,2006,12061.0,0.0,1.666643,-0.121679,USA,DZA,420310
7523569,77,80,6864,2006,12255.0,0.0,1.47591,0.489466,FRA,GAB,420310
7523570,231,80,6864,2006,8332.0,0.0,1.666643,-0.121679,USA,GAB,420310
7523571,61,83,6864,2006,1809.0,0.0,2.132566,-2.773669,DEU,GHA,420310
7523572,77,83,6864,2006,1277.0,0.0,1.47591,0.489466,FRA,GHA,420310
7523573,111,83,6864,2006,2476.0,0.0,1.293779,0.93995,ITA,GHA,420310
7523574,231,83,6864,2006,31565.0,0.0,1.666643,-0.121679,USA,GHA,420310
7523575,7,134,6864,2006,0.0,4924.0,0.053903999999999994,-0.735124,ARE,MAR,420310
7523576,8,134,6864,2006,0.0,3411.0,0.33055,0.665867,ARG,MAR,420310
7523577,14,134,6864,2006,0.0,2269.0,0.067166,0.373148,AUS,MAR,420310
7523578,15,134,6864,2006,0.0,6437.0,1.775669,0.192717,AUT,MAR,420310
7523579,18,134,6864,2006,0.0,75544.0,1.2222540000000002,1.383027,BEL,MAR,420310
7523580,22,134,6864,2006,3432.0,0.0,-1.0305309999999999,-0.80937,BGD,MAR,420310
7523581,23,134,6864,2006,0.0,1624.0,0.414563,1.378005,BGR,MAR,420310
7523582,32,134,6864,2006,0.0,25589.0,0.633889,1.1474520000000001,BRA,MAR,420310
7523583,39,134,6864,2006,0.0,22065.0,0.865685,1.1480489999999999,CAN,MAR,420310
7523584,41,134,6864,2006,0.0,3062.0,2.052534,0.515523,CHE,MAR,420310
7523585,43,134,6864,2006,178392.0,33575.0,0.737888,2.54966,CHN,MAR,420310
7523586,47,134,6864,2006,0.0,1993.0,-1.9903240000000002,-1.189925,COG,MAR,420310
7523587,49,134,6864,2006,0.0,1466.0,0.129887,0.44371700000000003,COL,MAR,420310
7523588,59,134,6864,2006,0.0,1247.0,1.564058,0.6023649999999999,CZE,MAR,420310
7523589,61,134,6864,2006,31481.0,80094.0,2.132566,-2.773669,DEU,MAR,420310
7523590,64,134,6864,2006,1408.0,1579.0,1.2308700000000001,1.180914,DNK,MAR,420310
7523591,71,134,6864,2006,155230.0,7207043.0,0.9091370000000001,2.068166,ESP,MAR,420310
7523592,72,134,6864,2006,0.0,498.0,0.6426350000000001,0.925003,EST,MAR,420310
7523593,74,134,6864,2006,0.0,2347.0,1.864038,0.8193940000000001,FIN,MAR,420310
7523594,77,134,6864,2006,3777.0,2528670.0,1.47591,0.489466,FRA,MAR,420310
7523595,81,134,6864,2006,34196.0,1093.0,1.824154,0.614424,GBR,MAR,420310
7523596,97,134,6864,2006,55969.0,0.0,0.5776319999999999,2.076782,HKG,MAR,420310
7523597,100,134,6864,2006,0.0,6690.0,0.755787,0.992614,HRV,MAR,420310
7523598,102,134,6864,2006,2053.0,0.0,1.4034309999999999,0.835144,HUN,MAR,420310
7523599,104,134,6864,2006,14194.0,0.0,0.285652,2.731318,IND,MAR,420310
7523600,111,134,6864,2006,35509.0,1504710.0,1.293779,0.93995,ITA,MAR,420310
7523601,114,134,6864,2006,0.0,216774.0,2.4348099999999997,0.082887,JPN,MAR,420310
7523602,121,134,6864,2006,0.0,22514.0,1.5384309999999999,0.766628,KOR,MAR,420310
7523603,124,134,6864,2006,0.0,30183.0,0.3861,1.586183,LBN,MAR,420310
7523604,126,134,6864,2006,0.0,10763.0,-0.518724,-1.142074,LBY,MAR,420310
7523605,133,134,6864,2006,0.0,3124.0,-0.07118200000000001,-0.228354,MAC,MAR,420310
7523606,162,134,6864,2006,0.0,5133.0,1.192134,1.450852,NLD,MAR,420310
7523607,163,134,6864,2006,0.0,7766.0,1.0787930000000001,0.014051,NOR,MAR,420310
7523608,168,134,6864,2006,30892.0,0.0,-0.449333,0.563013,PAK,MAR,420310
7523609,177,134,6864,2006,0.0,12322.0,0.991927,1.474418,POL,MAR,420310
7523610,179,134,6864,2006,0.0,32174.0,0.5723630000000001,1.92303,PRT,MAR,420310
7523611,185,134,6864,2006,12299.0,2672.0,0.550825,1.170744,ROU,MAR,420310
7523612,186,134,6864,2006,0.0,2723.0,0.801197,0.104683,RUS,MAR,420310
7523613,188,134,6864,2006,0.0,3232.0,0.162432,-0.853059,SAU,MAR,420310
7523614,192,134,6864,2006,0.0,568.0,1.5377379999999998,0.503089,SGP,MAR,420310
7523615,201,134,6864,2006,0.0,4452.0,0.547824,1.5588879999999998,SRB,MAR,420310
7523616,207,134,6864,2006,0.0,969.0,1.5882370000000001,0.800719,SVN,MAR,420310
7523617,224,134,6864,2006,21925.0,5785.0,0.33971599999999996,2.193384,TUR,MAR,420310
7523618,231,134,6864,2006,23980.0,263821.0,1.666643,-0.121679,USA,MAR,420310
7523619,246,134,6864,2006,0.0,24375.0,0.37964499999999995,1.466326,ZAF,MAR,420310
7523620,249,134,6864,2006,0.0,1070.0,1.619915,1.2289940000000001,TWN,MAR,420310
7523621,18,136,6864,2006,7174.0,0.0,1.2222540000000002,1.383027,BEL,MDG,420310
7523622,43,136,6864,2006,1358.0,0.0,0.737888,2.54966,CHN,MDG,420310
7523623,77,136,6864,2006,4309.0,0.0,1.47591,0.489466,FRA,MDG,420310
7523624,104,136,6864,2006,2875.0,0.0,0.285652,2.731318,IND,MDG,420310
7523625,114,136,6864,2006,1723.0,0.0,2.4348099999999997,0.082887,JPN,MDG,420310
7523626,168,136,6864,2006,941.0,0.0,-0.449333,0.563013,PAK,MDG,420310
7523627,18,142,6864,2006,12297.0,0.0,1.2222540000000002,1.383027,BEL,MLT,420310
7523628,41,142,6864,2006,5644.0,0.0,2.052534,0.515523,CHE,MLT,420310
7523629,43,142,6864,2006,15026.0,0.0,0.737888,2.54966,CHN,MLT,420310
7523630,61,142,6864,2006,30838.0,0.0,2.132566,-2.773669,DEU,MLT,420310
7523631,64,142,6864,2006,18849.0,0.0,1.2308700000000001,1.180914,DNK,MLT,420310
7523632,71,142,6864,2006,49387.0,0.0,0.9091370000000001,2.068166,ESP,MLT,420310
7523633,77,142,6864,2006,33485.0,0.0,1.47591,0.489466,FRA,MLT,420310
7523634,81,142,6864,2006,53363.0,14905.0,1.824154,0.614424,GBR,MLT,420310
7523635,97,142,6864,2006,4993.0,0.0,0.5776319999999999,2.076782,HKG,MLT,420310
7523636,104,142,6864,2006,1737.0,0.0,0.285652,2.731318,IND,MLT,420310
7523637,109,142,6864,2006,0.0,769.0,0.170234,-0.302203,ISL,MLT,420310
7523638,111,142,6864,2006,49521.0,0.0,1.293779,0.93995,ITA,MLT,420310
7523639,162,142,6864,2006,48101.0,0.0,1.192134,1.450852,NLD,MLT,420310
7523640,168,142,6864,2006,99390.0,0.0,-0.449333,0.563013,PAK,MLT,420310
7523641,185,142,6864,2006,1284.0,0.0,0.550825,1.170744,ROU,MLT,420310
7523642,223,142,6864,2006,3537.0,0.0,-0.013636,0.804752,TUN,MLT,420310
7523643,224,142,6864,2006,1873.0,0.0,0.33971599999999996,2.193384,TUR,MLT,420310
7523644,231,142,6864,2006,3171.0,0.0,1.666643,-0.121679,USA,MLT,420310
7523645,14,151,6864,2006,0.0,29682.0,0.067166,0.373148,AUS,MUS,420310
7523646,39,151,6864,2006,0.0,1441.0,0.865685,1.1480489999999999,CAN,MUS,420310
7523647,43,151,6864,2006,15517.0,1210.0,0.737888,2.54966,CHN,MUS,420310
7523648,61,151,6864,2006,7239.0,0.0,2.132566,-2.773669,DEU,MUS,420310
7523649,77,151,6864,2006,11720.0,4933.0,1.47591,0.489466,FRA,MUS,420310
7523650,81,151,6864,2006,0.0,3659430.0,1.824154,0.614424,GBR,MUS,420310
7523651,97,151,6864,2006,39963.0,0.0,0.5776319999999999,2.076782,HKG,MUS,420310
7523652,104,151,6864,2006,20370.0,0.0,0.285652,2.731318,IND,MUS,420310
7523653,111,151,6864,2006,8363.0,0.0,1.293779,0.93995,ITA,MUS,420310
7523654,124,151,6864,2006,0.0,6029.0,0.3861,1.586183,LBN,MUS,420310
7523655,162,151,6864,2006,3591.0,134820.0,1.192134,1.450852,NLD,MUS,420310
7523656,163,151,6864,2006,0.0,1941.0,1.0787930000000001,0.014051,NOR,MUS,420310
7523657,166,151,6864,2006,0.0,1740.0,0.5371,0.8240209999999999,NZL,MUS,420310
7523658,168,151,6864,2006,1499.0,0.0,-0.449333,0.563013,PAK,MUS,420310
7523659,224,151,6864,2006,0.0,5966.0,0.33971599999999996,2.193384,TUR,MUS,420310
7523660,231,151,6864,2006,0.0,128217.0,1.666643,-0.121679,USA,MUS,420310
7523661,15,155,6864,2006,1344.0,0.0,1.775669,0.192717,AUT,NAM,420310
7523662,43,155,6864,2006,734.0,0.0,0.737888,2.54966,CHN,NAM,420310
7523663,61,155,6864,2006,6349.0,8848.0,2.132566,-2.773669,DEU,NAM,420310
7523664,111,155,6864,2006,0.0,2772.0,1.293779,0.93995,ITA,NAM,420310
7523665,168,155,6864,2006,129883.0,0.0,-0.449333,0.563013,PAK,NAM,420310
7523666,186,155,6864,2006,0.0,870.0,0.801197,0.104683,RUS,NAM,420310
7523667,231,155,6864,2006,0.0,8529.0,1.666643,-0.121679,USA,NAM,420310
7523668,246,155,6864,2006,268324.0,3947.0,0.37964499999999995,1.466326,ZAF,NAM,420310
7523669,247,155,6864,2006,0.0,1664.0,-0.5307,-0.793621,ZMB,NAM,420310
7523670,7,159,6864,2006,5484.0,0.0,0.053903999999999994,-0.735124,ARE,NGA,420310
7523671,15,159,6864,2006,0.0,5377.0,1.775669,0.192717,AUT,NGA,420310
7523672,61,159,6864,2006,1666.0,2586.0,2.132566,-2.773669,DEU,NGA,420310
7523673,71,159,6864,2006,0.0,2532.0,0.9091370000000001,2.068166,ESP,NGA,420310
7523674,77,159,6864,2006,7266.0,1210.0,1.47591,0.489466,FRA,NGA,420310
7523675,81,159,6864,2006,3640.0,0.0,1.824154,0.614424,GBR,NGA,420310
7523676,104,159,6864,2006,2131.0,0.0,0.285652,2.731318,IND,NGA,420310
7523677,111,159,6864,2006,3084.0,0.0,1.293779,0.93995,ITA,NGA,420310
7523678,114,159,6864,2006,0.0,1832.0,2.4348099999999997,0.082887,JPN,NGA,420310
7523679,163,159,6864,2006,0.0,613.0,1.0787930000000001,0.014051,NOR,NGA,420310
7523680,168,159,6864,2006,424402.0,0.0,-0.449333,0.563013,PAK,NGA,420310
7523681,177,159,6864,2006,0.0,2556.0,0.991927,1.474418,POL,NGA,420310
7523682,231,159,6864,2006,48276.0,0.0,1.666643,-0.121679,USA,NGA,420310
7523683,249,159,6864,2006,53517.0,0.0,1.619915,1.2289940000000001,TWN,NGA,420310
7523684,61,191,6864,2006,830.0,0.0,2.132566,-2.773669,DEU,SEN,420310
7523685,71,191,6864,2006,1021.0,0.0,0.9091370000000001,2.068166,ESP,SEN,420310
7523686,77,191,6864,2006,11206.0,0.0,1.47591,0.489466,FRA,SEN,420310
7523687,111,191,6864,2006,2368.0,0.0,1.293779,0.93995,ITA,SEN,420310
7523688,231,191,6864,2006,5061.0,0.0,1.666643,-0.121679,USA,SEN,420310
7523689,7,226,6864,2006,3825.0,0.0,0.053903999999999994,-0.735124,ARE,TZA,420310
7523690,77,226,6864,2006,1852.0,0.0,1.47591,0.489466,FRA,TZA,420310
7523691,111,226,6864,2006,1830.0,0.0,1.293779,0.93995,ITA,TZA,420310
7523692,246,226,6864,2006,2031.0,0.0,0.37964499999999995,1.466326,ZAF,TZA,420310
7523693,43,227,6864,2006,891.0,0.0,0.737888,2.54966,CHN,UGA,420310
7523694,81,227,6864,2006,1640.0,19172.0,1.824154,0.614424,GBR,UGA,420310
7523695,168,227,6864,2006,4533.0,0.0,-0.449333,0.563013,PAK,UGA,420310
7523696,14,239,6864,2006,11724.0,36181.0,0.067166,0.373148,AUS,VNM,420310
7523697,15,239,6864,2006,0.0,73577.0,1.775669,0.192717,AUT,VNM,420310
7523698,18,239,6864,2006,0.0,2813.0,1.2222540000000002,1.383027,BEL,VNM,420310
7523699,39,239,6864,2006,0.0,40617.0,0.865685,1.1480489999999999,CAN,VNM,420310
7523700,41,239,6864,2006,2313.0,3380.0,2.052534,0.515523,CHE,VNM,420310
7523701,43,239,6864,2006,0.0,7769.0,0.737888,2.54966,CHN,VNM,420310
7523702,61,239,6864,2006,0.0,995146.0,2.132566,-2.773669,DEU,VNM,420310
7523703,64,239,6864,2006,0.0,61500.0,1.2308700000000001,1.180914,DNK,VNM,420310
7523704,71,239,6864,2006,0.0,112953.0,0.9091370000000001,2.068166,ESP,VNM,420310
7523705,74,239,6864,2006,0.0,9710.0,1.864038,0.8193940000000001,FIN,VNM,420310
7523706,77,239,6864,2006,0.0,1281784.0,1.47591,0.489466,FRA,VNM,420310
7523707,81,239,6864,2006,3035.0,1156004.0,1.824154,0.614424,GBR,VNM,420310
7523708,97,239,6864,2006,33264.0,17011.0,0.5776319999999999,2.076782,HKG,VNM,420310
7523709,100,239,6864,2006,0.0,1743.0,0.755787,0.992614,HRV,VNM,420310
7523710,111,239,6864,2006,97114.0,207573.0,1.293779,0.93995,ITA,VNM,420310
7523711,114,239,6864,2006,10030.0,100217.0,2.4348099999999997,0.082887,JPN,VNM,420310
7523712,121,239,6864,2006,0.0,48253.0,1.5384309999999999,0.766628,KOR,VNM,420310
7523713,122,239,6864,2006,0.0,562.0,-0.589823,-1.142795,KWT,VNM,420310
7523714,124,239,6864,2006,0.0,1177.0,0.3861,1.586183,LBN,VNM,420310
7523715,162,239,6864,2006,0.0,20262.0,1.192134,1.450852,NLD,VNM,420310
7523716,163,239,6864,2006,0.0,43322.0,1.0787930000000001,0.014051,NOR,VNM,420310
7523717,166,239,6864,2006,0.0,14217.0,0.5371,0.8240209999999999,NZL,VNM,420310
7523718,168,239,6864,2006,3200.0,0.0,-0.449333,0.563013,PAK,VNM,420310
7523719,177,239,6864,2006,0.0,3821.0,0.991927,1.474418,POL,VNM,420310
7523720,185,239,6864,2006,0.0,8285.0,0.550825,1.170744,ROU,VNM,420310
7523721,186,239,6864,2006,0.0,31370.0,0.801197,0.104683,RUS,VNM,420310
7523722,188,239,6864,2006,0.0,1942.0,0.162432,-0.853059,SAU,VNM,420310
7523723,192,239,6864,2006,5771.0,4546.0,1.5377379999999998,0.503089,SGP,VNM,420310
7523724,208,239,6864,2006,0.0,96986.0,1.902737,0.593294,SWE,VNM,420310
7523725,216,239,6864,2006,2446.0,0.0,0.568209,1.685343,THA,VNM,420310
7523726,231,239,6864,2006,10042.0,637189.0,1.666643,-0.121679,USA,VNM,420310
7523727,246,239,6864,2006,0.0,6821.0,0.37964499999999995,1.466326,ZAF,VNM,420310
7523728,249,239,6864,2006,0.0,7189.0,1.619915,1.2289940000000001,TWN,VNM,420310
7523729,7,247,6864,2006,1451.0,0.0,0.053903999999999994,-0.735124,ARE,ZMB,420310
7523730,104,247,6864,2006,2507.0,0.0,0.285652,2.731318,IND,ZMB,420310
7523731,155,247,6864,2006,1664.0,0.0,-0.515361,-0.8027350000000001,NAM,ZMB,420310
7523732,224,247,6864,2006,1548.0,0.0,0.33971599999999996,2.193384,TUR,ZMB,420310
7523733,246,247,6864,2006,49236.0,0.0,0.37964499999999995,1.466326,ZAF,ZMB,420310
7523734,43,248,6864,2006,2457.0,0.0,0.737888,2.54966,CHN,ZWE,420310
7523735,231,248,6864,2006,656.0,0.0,1.666643,-0.121679,USA,ZWE,420310
7523736,246,248,6864,2006,3694.0,871.0,0.37964499999999995,1.466326,ZAF,ZWE,420310
7523737,7,26,6864,2006,6944.0,0.0,0.053903999999999994,-0.735124,ARE,BIH,420310
7523738,14,26,6864,2006,0.0,4959.0,0.067166,0.373148,AUS,BIH,420310
7523739,15,26,6864,2006,2748.0,1950.0,1.775669,0.192717,AUT,BIH,420310
7523740,39,26,6864,2006,0.0,5633.0,0.865685,1.1480489999999999,CAN,BIH,420310
7523741,41,26,6864,2006,950.0,0.0,2.052534,0.515523,CHE,BIH,420310
7523742,43,26,6864,2006,66097.0,4374.0,0.737888,2.54966,CHN,BIH,420310
7523743,59,26,6864,2006,0.0,1140.0,1.564058,0.6023649999999999,CZE,BIH,420310
7523744,61,26,6864,2006,163198.0,419150.0,2.132566,-2.773669,DEU,BIH,420310
7523745,64,26,6864,2006,4375.0,0.0,1.2308700000000001,1.180914,DNK,BIH,420310
7523746,71,26,6864,2006,1107.0,19840.0,0.9091370000000001,2.068166,ESP,BIH,420310
7523747,77,26,6864,2006,0.0,2171.0,1.47591,0.489466,FRA,BIH,420310
7523748,81,26,6864,2006,5151.0,0.0,1.824154,0.614424,GBR,BIH,420310
7523749,100,26,6864,2006,106623.0,60254.0,0.755787,0.992614,HRV,BIH,420310
7523750,104,26,6864,2006,1546.0,0.0,0.285652,2.731318,IND,BIH,420310
7523751,111,26,6864,2006,72572.0,2063677.0,1.293779,0.93995,ITA,BIH,420310
7523752,114,26,6864,2006,0.0,53932.0,2.4348099999999997,0.082887,JPN,BIH,420310
7523753,121,26,6864,2006,0.0,6304.0,1.5384309999999999,0.766628,KOR,BIH,420310
7523754,162,26,6864,2006,1140.0,0.0,1.192134,1.450852,NLD,BIH,420310
7523755,163,26,6864,2006,0.0,17961.0,1.0787930000000001,0.014051,NOR,BIH,420310
7523756,168,26,6864,2006,966.0,0.0,-0.449333,0.563013,PAK,BIH,420310
7523757,177,26,6864,2006,0.0,1147.0,0.991927,1.474418,POL,BIH,420310
7523758,185,26,6864,2006,2860.0,0.0,0.550825,1.170744,ROU,BIH,420310
7523759,201,26,6864,2006,197924.0,58282.0,0.547824,1.5588879999999998,SRB,BIH,420310
7523760,206,26,6864,2006,856.0,0.0,1.291583,0.868317,SVK,BIH,420310
7523761,207,26,6864,2006,140015.0,80943.0,1.5882370000000001,0.800719,SVN,BIH,420310
7523762,208,26,6864,2006,5543.0,0.0,1.902737,0.593294,SWE,BIH,420310
7523763,224,26,6864,2006,77457.0,8360.0,0.33971599999999996,2.193384,TUR,BIH,420310
7523764,228,26,6864,2006,1186.0,2000.0,0.7008439999999999,0.79656,UKR,BIH,420310
7523765,231,26,6864,2006,14507.0,38000.0,1.666643,-0.121679,USA,BIH,420310
7523766,246,26,6864,2006,0.0,6474.0,0.37964499999999995,1.466326,ZAF,BIH,420310
7523767,249,26,6864,2006,0.0,16592.0,1.619915,1.2289940000000001,TWN,BIH,420310
7523768,39,29,6864,2006,1030.0,0.0,0.865685,1.1480489999999999,CAN,BLZ,420310
7523769,231,29,6864,2006,1069016.0,0.0,1.666643,-0.121679,USA,BLZ,420310
7523770,14,75,6864,2006,1557.0,150670.0,0.067166,0.373148,AUS,FJI,420310
7523771,97,75,6864,2006,1655.0,0.0,0.5776319999999999,2.076782,HKG,FJI,420310
7523772,103,75,6864,2006,2053.0,0.0,-0.21012399999999998,1.467838,IDN,FJI,420310
7523773,156,75,6864,2006,0.0,5839.0,-0.135099,-0.7618779999999999,NCL,FJI,420310
7523774,166,75,6864,2006,1511.0,27769.0,0.5371,0.8240209999999999,NZL,FJI,420310
7523775,61,84,6864,2006,39015.0,0.0,2.132566,-2.773669,DEU,GIB,420310
7523776,64,84,6864,2006,1686.0,0.0,1.2308700000000001,1.180914,DNK,GIB,420310
7523777,71,84,6864,2006,54969.0,0.0,0.9091370000000001,2.068166,ESP,GIB,420310
7523778,81,84,6864,2006,24348.0,0.0,1.824154,0.614424,GBR,GIB,420310
7523779,104,84,6864,2006,49266.0,0.0,0.285652,2.731318,IND,GIB,420310
7523780,111,84,6864,2006,4888.0,0.0,1.293779,0.93995,ITA,GIB,420310
7523781,168,84,6864,2006,2879.0,0.0,-0.449333,0.563013,PAK,GIB,420310
7523782,231,120,6864,2006,22977.0,0.0,1.666643,-0.121679,USA,KNA,420310
7523783,77,213,6864,2006,0.0,8484.0,1.47591,0.489466,FRA,TCA,420310
7523784,111,213,6864,2006,0.0,7195.0,1.293779,0.93995,ITA,TCA,420310
7523785,231,213,6864,2006,87701.0,0.0,1.666643,-0.121679,USA,TCA,420310
7523786,231,234,6864,2006,8165.0,0.0,1.666643,-0.121679,USA,VCT,420310
7523787,18,237,6864,2006,3813.0,0.0,1.2222540000000002,1.383027,BEL,VGB,420310
7523788,42,237,6864,2006,0.0,13533.0,-0.188298,-0.46778000000000003,CHL,VGB,420310
7523789,224,237,6864,2006,2625.0,0.0,0.33971599999999996,2.193384,TUR,VGB,420310
7523790,231,237,6864,2006,138643.0,0.0,1.666643,-0.121679,USA,VGB,420310
7523791,18,17,6864,2006,835.0,0.0,1.2222540000000002,1.383027,BEL,BDI,420310
7523792,116,17,6864,2006,24322.0,0.0,-0.38287899999999997,1.060286,KEN,BDI,420310
7523793,168,17,6864,2006,1682.0,3521.0,-0.449333,0.563013,PAK,BDI,420310
7523794,231,125,6864,2006,10659.0,0.0,1.666643,-0.121679,USA,LBR,420310
7523795,15,135,6864,2006,5560.0,0.0,1.775669,0.192717,AUT,MDA,420310
7523796,41,135,6864,2006,4637.0,0.0,2.052534,0.515523,CHE,MDA,420310
7523797,43,135,6864,2006,3838.0,0.0,0.737888,2.54966,CHN,MDA,420310
7523798,61,135,6864,2006,31595.0,0.0,2.132566,-2.773669,DEU,MDA,420310
7523799,68,135,6864,2006,1879.0,0.0,-0.182272,0.40222399999999997,EGY,MDA,420310
7523800,77,135,6864,2006,12871.0,1119.0,1.47591,0.489466,FRA,MDA,420310
7523801,104,135,6864,2006,8911.0,0.0,0.285652,2.731318,IND,MDA,420310
7523802,111,135,6864,2006,7780.0,15412.0,1.293779,0.93995,ITA,MDA,420310
7523803,124,135,6864,2006,0.0,2529.0,0.3861,1.586183,LBN,MDA,420310
7523804,132,135,6864,2006,0.0,13686.0,0.531375,0.9414170000000001,LVA,MDA,420310
7523805,162,135,6864,2006,5789.0,0.0,1.192134,1.450852,NLD,MDA,420310
7523806,177,135,6864,2006,41418.0,0.0,0.991927,1.474418,POL,MDA,420310
7523807,185,135,6864,2006,5288.0,1005.0,0.550825,1.170744,ROU,MDA,420310
7523808,224,135,6864,2006,360500.0,0.0,0.33971599999999996,2.193384,TUR,MDA,420310
7523809,228,135,6864,2006,5519.0,0.0,0.7008439999999999,0.79656,UKR,MDA,420310
7523810,231,135,6864,2006,896.0,0.0,1.666643,-0.121679,USA,MDA,420310
7523811,23,140,6864,2006,8095.0,0.0,0.414563,1.378005,BGR,MKD,420310
7523812,43,140,6864,2006,16381.0,0.0,0.737888,2.54966,CHN,MKD,420310
7523813,61,140,6864,2006,28831.0,501006.0,2.132566,-2.773669,DEU,MKD,420310
7523814,71,140,6864,2006,2754.0,0.0,0.9091370000000001,2.068166,ESP,MKD,420310
7523815,90,140,6864,2006,36595.0,25844.0,0.261955,1.488958,GRC,MKD,420310
7523816,100,140,6864,2006,1262.0,0.0,0.755787,0.992614,HRV,MKD,420310
7523817,104,140,6864,2006,2783.0,0.0,0.285652,2.731318,IND,MKD,420310
7523818,111,140,6864,2006,32174.0,0.0,1.293779,0.93995,ITA,MKD,420310
7523819,124,140,6864,2006,0.0,894.0,0.3861,1.586183,LBN,MKD,420310
7523820,162,140,6864,2006,5956.0,0.0,1.192134,1.450852,NLD,MKD,420310
7523821,168,140,6864,2006,2969.0,0.0,-0.449333,0.563013,PAK,MKD,420310
7523822,201,140,6864,2006,140073.0,0.0,0.547824,1.5588879999999998,SRB,MKD,420310
7523823,207,140,6864,2006,11487.0,0.0,1.5882370000000001,0.800719,SVN,MKD,420310
7523824,224,140,6864,2006,16362.0,0.0,0.33971599999999996,2.193384,TUR,MKD,420310
7523825,231,140,6864,2006,17320.0,5646.0,1.666643,-0.121679,USA,MKD,420310
7523826,23,144,6864,2006,3636.0,0.0,0.414563,1.378005,BGR,MNE,420310
7523827,43,144,6864,2006,40299.0,0.0,0.737888,2.54966,CHN,MNE,420310
7523828,61,144,6864,2006,1445.0,0.0,2.132566,-2.773669,DEU,MNE,420310
7523829,104,144,6864,2006,8039.0,0.0,0.285652,2.731318,IND,MNE,420310
7523830,111,144,6864,2006,135963.0,0.0,1.293779,0.93995,ITA,MNE,420310
7523831,162,144,6864,2006,6112.0,0.0,1.192134,1.450852,NLD,MNE,420310
7523832,168,144,6864,2006,6584.0,0.0,-0.449333,0.563013,PAK,MNE,420310
7523833,185,144,6864,2006,6912.0,0.0,0.550825,1.170744,ROU,MNE,420310
7523834,201,144,6864,2006,75175.0,0.0,0.547824,1.5588879999999998,SRB,MNE,420310
7523835,206,144,6864,2006,598.0,0.0,1.291583,0.868317,SVK,MNE,420310
7523836,207,144,6864,2006,68804.0,0.0,1.5882370000000001,0.800719,SVN,MNE,420310
7523837,224,144,6864,2006,6536.0,0.0,0.33971599999999996,2.193384,TUR,MNE,420310
7523838,32,178,6864,2006,0.0,15914.0,0.633889,1.1474520000000001,BRA,PRK,420310
7523839,192,178,6864,2006,1261.0,0.0,1.5377379999999998,0.503089,SGP,PRK,420310
7523840,104,209,6864,2006,18119.0,0.0,0.285652,2.731318,IND,SWZ,420310
7523841,168,209,6864,2006,2922.0,0.0,-0.449333,0.563013,PAK,SWZ,420310
7523842,246,209,6864,2006,40626.0,0.0,0.37964499999999995,1.466326,ZAF,SWZ,420310
7523843,82,219,6864,2006,44750.0,0.0,0.076711,-0.47216099999999994,GEO,TKM,420310
7523844,186,219,6864,2006,7087.0,0.0,0.801197,0.104683,RUS,TKM,420310
7523845,224,219,6864,2006,19639.0,0.0,0.33971599999999996,2.193384,TUR,TKM,420310
7523846,41,232,6864,2006,112330.0,0.0,2.052534,0.515523,CHE,UZB,420310
7523847,59,232,6864,2006,1320.0,0.0,1.564058,0.6023649999999999,CZE,UZB,420310
7523848,61,232,6864,2006,67521.0,0.0,2.132566,-2.773669,DEU,UZB,420310
7523849,71,232,6864,2006,3049.0,0.0,0.9091370000000001,2.068166,ESP,UZB,420310
7523850,111,232,6864,2006,108434.0,0.0,1.293779,0.93995,ITA,UZB,420310
7523851,224,232,6864,2006,4422.0,0.0,0.33971599999999996,2.193384,TUR,UZB,420310
7523852,61,73,6864,2006,1313.0,0.0,2.132566,-2.773669,DEU,ETH,420310
7523853,64,73,6864,2006,0.0,590.0,1.2308700000000001,1.180914,DNK,ETH,420310
7523854,111,73,6864,2006,1990.0,0.0,1.293779,0.93995,ITA,ETH,420310
7523855,224,73,6864,2006,1438.0,0.0,0.33971599999999996,2.193384,TUR,ETH,420310
7523856,231,127,6864,2006,2350.0,0.0,1.666643,-0.121679,USA,LCA,420310
7523857,61,187,6864,2006,21252.0,0.0,2.132566,-2.773669,DEU,RWA,420310
7523858,104,187,6864,2006,56787.0,0.0,0.285652,2.731318,IND,RWA,420310
7523859,231,0,6864,2006,276340.0,0.0,1.666643,-0.121679,USA,ABW,420310
7523860,231,3,6864,2006,6972.0,0.0,1.666643,-0.121679,USA,AIA,420310
7523861,246,3,6864,2006,2649.0,0.0,0.37964499999999995,1.466326,ZAF,AIA,420310
7523862,8,5,6864,2006,7526.0,0.0,0.33055,0.665867,ARG,AND,420310
7523863,15,5,6864,2006,1438.0,0.0,1.775669,0.192717,AUT,AND,420310
7523864,18,5,6864,2006,6293.0,0.0,1.2222540000000002,1.383027,BEL,AND,420310
7523865,41,5,6864,2006,18389.0,0.0,2.052534,0.515523,CHE,AND,420310
7523866,43,5,6864,2006,2081.0,0.0,0.737888,2.54966,CHN,AND,420310
7523867,61,5,6864,2006,23075.0,0.0,2.132566,-2.773669,DEU,AND,420310
7523868,64,5,6864,2006,926.0,0.0,1.2308700000000001,1.180914,DNK,AND,420310
7523869,71,5,6864,2006,3697658.0,80872.0,0.9091370000000001,2.068166,ESP,AND,420310
7523870,74,5,6864,2006,1108.0,0.0,1.864038,0.8193940000000001,FIN,AND,420310
7523871,77,5,6864,2006,1800094.0,107896.0,1.47591,0.489466,FRA,AND,420310
7523872,81,5,6864,2006,7659.0,0.0,1.824154,0.614424,GBR,AND,420310
7523873,97,5,6864,2006,632.0,0.0,0.5776319999999999,2.076782,HKG,AND,420310
7523874,104,5,6864,2006,1730.0,0.0,0.285652,2.731318,IND,AND,420310
7523875,111,5,6864,2006,1443461.0,4800.0,1.293779,0.93995,ITA,AND,420310
7523876,114,5,6864,2006,851.0,0.0,2.4348099999999997,0.082887,JPN,AND,420310
7523877,121,5,6864,2006,0.0,13458.0,1.5384309999999999,0.766628,KOR,AND,420310
7523878,162,5,6864,2006,13995.0,0.0,1.192134,1.450852,NLD,AND,420310
7523879,177,5,6864,2006,640.0,0.0,0.991927,1.474418,POL,AND,420310
7523880,185,5,6864,2006,2993.0,0.0,0.550825,1.170744,ROU,AND,420310
7523881,208,5,6864,2006,485.0,0.0,1.902737,0.593294,SWE,AND,420310
7523882,224,5,6864,2006,10386.0,0.0,0.33971599999999996,2.193384,TUR,AND,420310
7523883,39,30,6864,2006,1325.0,0.0,0.865685,1.1480489999999999,CAN,BMU,420310
7523884,61,30,6864,2006,7003.0,0.0,2.132566,-2.773669,DEU,BMU,420310
7523885,71,30,6864,2006,2485.0,0.0,0.9091370000000001,2.068166,ESP,BMU,420310
7523886,111,30,6864,2006,1377.0,0.0,1.293779,0.93995,ITA,BMU,420310
7523887,231,30,6864,2006,590025.0,0.0,1.666643,-0.121679,USA,BMU,420310
7523888,231,91,6864,2006,10471.0,0.0,1.666643,-0.121679,USA,GRD,420310
7523889,77,101,6864,2006,2511.0,0.0,1.47591,0.489466,FRA,HTI,420310
7523890,231,101,6864,2006,5200.0,0.0,1.666643,-0.121679,USA,HTI,420310
7523891,162,141,6864,2006,1052.0,0.0,1.192134,1.450852,NLD,MLI,420310
7523892,208,152,6864,2006,1876.0,0.0,1.902737,0.593294,SWE,MWI,420310
7523893,224,152,6864,2006,1098.0,0.0,0.33971599999999996,2.193384,TUR,MWI,420310
7523894,246,152,6864,2006,3030.0,0.0,0.37964499999999995,1.466326,ZAF,MWI,420310
7523895,14,240,6864,2006,3315.0,0.0,0.067166,0.373148,AUS,VUT,420310
7523896,14,250,6864,2006,4069.0,0.0,0.067166,0.373148,AUS,ANS,420310
7523897,42,250,6864,2006,0.0,167001.0,-0.188298,-0.46778000000000003,CHL,ANS,420310
7523898,49,250,6864,2006,40726.0,0.0,0.129887,0.44371700000000003,COL,ANS,420310
7523899,58,250,6864,2006,103542.0,0.0,0.708267,-0.048096,CYP,ANS,420310
7523900,59,250,6864,2006,0.0,24900.0,1.564058,0.6023649999999999,CZE,ANS,420310
7523901,64,250,6864,2006,5051.0,0.0,1.2308700000000001,1.180914,DNK,ANS,420310
7523902,71,250,6864,2006,2160.0,0.0,0.9091370000000001,2.068166,ESP,ANS,420310
7523903,72,250,6864,2006,0.0,211107.0,0.6426350000000001,0.925003,EST,ANS,420310
7523904,77,250,6864,2006,0.0,78087.0,1.47591,0.489466,FRA,ANS,420310
7523905,97,250,6864,2006,5466.0,0.0,0.5776319999999999,2.076782,HKG,ANS,420310
7523906,104,250,6864,2006,0.0,214547.0,0.285652,2.731318,IND,ANS,420310
7523907,111,250,6864,2006,2067548.0,0.0,1.293779,0.93995,ITA,ANS,420310
7523908,113,250,6864,2006,50502.0,0.0,0.166718,0.331248,JOR,ANS,420310
7523909,124,250,6864,2006,4861.0,0.0,0.3861,1.586183,LBN,ANS,420310
7523910,138,250,6864,2006,10774.0,0.0,1.047268,0.7142270000000001,MEX,ANS,420310
7523911,156,250,6864,2006,0.0,5089.0,-0.135099,-0.7618779999999999,NCL,ANS,420310
7523912,162,250,6864,2006,0.0,549.0,1.192134,1.450852,NLD,ANS,420310
7523913,166,250,6864,2006,0.0,7637.0,0.5371,0.8240209999999999,NZL,ANS,420310
7523914,168,250,6864,2006,28626.0,0.0,-0.449333,0.563013,PAK,ANS,420310
7523915,169,250,6864,2006,2962.0,0.0,0.306664,0.638533,PAN,ANS,420310
7523916,177,250,6864,2006,1131.0,58892.0,0.991927,1.474418,POL,ANS,420310
7523917,179,250,6864,2006,5764.0,3802.0,0.5723630000000001,1.92303,PRT,ANS,420310
7523918,185,250,6864,2006,12763.0,102038.0,0.550825,1.170744,ROU,ANS,420310
7523919,188,250,6864,2006,0.0,25349.0,0.162432,-0.853059,SAU,ANS,420310
7523920,201,250,6864,2006,0.0,25843.0,0.547824,1.5588879999999998,SRB,ANS,420310
7523921,206,250,6864,2006,0.0,2243887.0,1.291583,0.868317,SVK,ANS,420310
7523922,207,250,6864,2006,0.0,91252.0,1.5882370000000001,0.800719,SVN,ANS,420310
7523923,212,250,6864,2006,0.0,12936.0,-0.588695,0.532487,SYR,ANS,420310
7523924,223,250,6864,2006,69178.0,87546.0,-0.013636,0.804752,TUN,ANS,420310
7523925,224,250,6864,2006,6884281.0,1988928.0,0.33971599999999996,2.193384,TUR,ANS,420310
7523926,230,250,6864,2006,3132.0,1389.0,0.234384,0.118878,URY,ANS,420310
7523927,61,1,6864,2006,2018.0,0.0,2.132566,-2.773669,DEU,AFG,420310
7523928,104,1,6864,2006,17263.0,0.0,0.285652,2.731318,IND,AFG,420310
7523929,111,1,6864,2006,1928.0,0.0,1.293779,0.93995,ITA,AFG,420310
7523930,115,1,6864,2006,0.0,2647.0,0.038229,-0.579421,KAZ,AFG,420310
7523931,168,1,6864,2006,10976.0,0.0,-0.449333,0.563013,PAK,AFG,420310
7523932,188,1,6864,2006,17793.0,5178.0,0.162432,-0.853059,SAU,AFG,420310
7523933,224,1,6864,2006,1328.0,0.0,0.33971599999999996,2.193384,TUR,AFG,420310
7523934,231,1,6864,2006,86350.0,1633.0,1.666643,-0.121679,USA,AFG,420310
7523935,32,2,6864,2006,4990.0,0.0,0.633889,1.1474520000000001,BRA,AGO,420310
7523936,43,2,6864,2006,119081.0,0.0,0.737888,2.54966,CHN,AGO,420310
7523937,77,2,6864,2006,13809.0,0.0,1.47591,0.489466,FRA,AGO,420310
7523938,111,2,6864,2006,5734.0,0.0,1.293779,0.93995,ITA,AGO,420310
7523939,179,2,6864,2006,23282.0,0.0,0.5723630000000001,1.92303,PRT,AGO,420310
7523940,231,2,6864,2006,54624.0,0.0,1.666643,-0.121679,USA,AGO,420310
7523941,246,2,6864,2006,5043.0,0.0,0.37964499999999995,1.466326,ZAF,AGO,420310
7523942,41,4,6864,2006,843.0,0.0,2.052534,0.515523,CHE,ALB,420310
7523943,43,4,6864,2006,7904.0,0.0,0.737888,2.54966,CHN,ALB,420310
7523944,59,4,6864,2006,3225.0,0.0,1.564058,0.6023649999999999,CZE,ALB,420310
7523945,90,4,6864,2006,3297.0,0.0,0.261955,1.488958,GRC,ALB,420310
7523946,104,4,6864,2006,6748.0,0.0,0.285652,2.731318,IND,ALB,420310
7523947,111,4,6864,2006,29070.0,0.0,1.293779,0.93995,ITA,ALB,420310
7523948,185,4,6864,2006,2444.0,0.0,0.550825,1.170744,ROU,ALB,420310
7523949,207,4,6864,2006,6952.0,0.0,1.5882370000000001,0.800719,SVN,ALB,420310
7523950,224,4,6864,2006,47213.0,0.0,0.33971599999999996,2.193384,TUR,ALB,420310
7523951,231,4,6864,2006,1875.0,0.0,1.666643,-0.121679,USA,ALB,420310
7523952,15,9,6864,2006,8616.0,0.0,1.775669,0.192717,AUT,ARM,420310
7523953,41,9,6864,2006,61075.0,0.0,2.052534,0.515523,CHE,ARM,420310
7523954,43,9,6864,2006,27651.0,0.0,0.737888,2.54966,CHN,ARM,420310
7523955,59,9,6864,2006,1582.0,0.0,1.564058,0.6023649999999999,CZE,ARM,420310
7523956,61,9,6864,2006,51529.0,0.0,2.132566,-2.773669,DEU,ARM,420310
7523957,71,9,6864,2006,20138.0,0.0,0.9091370000000001,2.068166,ESP,ARM,420310
7523958,77,9,6864,2006,40814.0,0.0,1.47591,0.489466,FRA,ARM,420310
7523959,90,9,6864,2006,718.0,0.0,0.261955,1.488958,GRC,ARM,420310
7523960,104,9,6864,2006,2791.0,0.0,0.285652,2.731318,IND,ARM,420310
7523961,111,9,6864,2006,271346.0,0.0,1.293779,0.93995,ITA,ARM,420310
7523962,115,9,6864,2006,0.0,3845.0,0.038229,-0.579421,KAZ,ARM,420310
7523963,132,9,6864,2006,1140.0,8444.0,0.531375,0.9414170000000001,LVA,ARM,420310
7523964,177,9,6864,2006,87440.0,0.0,0.991927,1.474418,POL,ARM,420310
7523965,224,9,6864,2006,54235.0,0.0,0.33971599999999996,2.193384,TUR,ARM,420310
7523966,228,9,6864,2006,0.0,19012.0,0.7008439999999999,0.79656,UKR,ARM,420310
7523967,231,9,6864,2006,41927.0,0.0,1.666643,-0.121679,USA,ARM,420310
7523968,168,19,6864,2006,1831444.0,0.0,-0.449333,0.563013,PAK,BEN,420310
7523969,231,19,6864,2006,2911.0,0.0,1.666643,-0.121679,USA,BEN,420310
7523970,43,34,6864,2006,999.0,0.0,0.737888,2.54966,CHN,BRN,420310
7523971,111,34,6864,2006,2322.0,0.0,1.293779,0.93995,ITA,BRN,420310
7523972,168,34,6864,2006,3639.0,0.0,-0.449333,0.563013,PAK,BRN,420310
7523973,192,34,6864,2006,7862.0,0.0,1.5377379999999998,0.503089,SGP,BRN,420310
7523974,231,34,6864,2006,0.0,32804.0,1.666643,-0.121679,USA,BRN,420310
7523975,77,62,6864,2006,20085.0,0.0,1.47591,0.489466,FRA,DJI,420310
7523976,231,62,6864,2006,4920.0,0.0,1.666643,-0.121679,USA,DJI,420310
7523977,168,87,6864,2006,16229.0,0.0,-0.449333,0.563013,PAK,GMB,420310
7523978,128,108,6864,2006,4764.0,0.0,-0.573767,0.305913,LKA,IRQ,420310
7523979,212,108,6864,2006,461765.0,0.0,-0.588695,0.532487,SYR,IRQ,420310
7523980,224,108,6864,2006,232509.0,0.0,0.33971599999999996,2.193384,TUR,IRQ,420310
7523981,231,108,6864,2006,509260.0,0.0,1.666643,-0.121679,USA,IRQ,420310
7523982,8,109,6864,2006,1610.0,0.0,0.33055,0.665867,ARG,ISL,420310
7523983,39,109,6864,2006,1738.0,0.0,0.865685,1.1480489999999999,CAN,ISL,420310
7523984,41,109,6864,2006,4613.0,3552.0,2.052534,0.515523,CHE,ISL,420310
7523985,43,109,6864,2006,3702.0,0.0,0.737888,2.54966,CHN,ISL,420310
7523986,61,109,6864,2006,338725.0,1852.0,2.132566,-2.773669,DEU,ISL,420310
7523987,64,109,6864,2006,335947.0,23800.0,1.2308700000000001,1.180914,DNK,ISL,420310
7523988,71,109,6864,2006,18980.0,0.0,0.9091370000000001,2.068166,ESP,ISL,420310
7523989,72,109,6864,2006,5269.0,0.0,0.6426350000000001,0.925003,EST,ISL,420310
7523990,74,109,6864,2006,7242.0,0.0,1.864038,0.8193940000000001,FIN,ISL,420310
7523991,77,109,6864,2006,45726.0,0.0,1.47591,0.489466,FRA,ISL,420310
7523992,81,109,6864,2006,174801.0,0.0,1.824154,0.614424,GBR,ISL,420310
7523993,90,109,6864,2006,1568.0,0.0,0.261955,1.488958,GRC,ISL,420310
7523994,97,109,6864,2006,6734.0,0.0,0.5776319999999999,2.076782,HKG,ISL,420310
7523995,102,109,6864,2006,3614.0,0.0,1.4034309999999999,0.835144,HUN,ISL,420310
7523996,103,109,6864,2006,278.0,0.0,-0.21012399999999998,1.467838,IDN,ISL,420310
7523997,104,109,6864,2006,587.0,0.0,0.285652,2.731318,IND,ISL,420310
7523998,111,109,6864,2006,98922.0,0.0,1.293779,0.93995,ITA,ISL,420310
7523999,121,109,6864,2006,6651.0,0.0,1.5384309999999999,0.766628,KOR,ISL,420310
7524000,132,109,6864,2006,798.0,0.0,0.531375,0.9414170000000001,LVA,ISL,420310
7524001,142,109,6864,2006,769.0,0.0,1.384411,0.093734,MLT,ISL,420310
7524002,162,109,6864,2006,20980.0,0.0,1.192134,1.450852,NLD,ISL,420310
7524003,163,109,6864,2006,45850.0,0.0,1.0787930000000001,0.014051,NOR,ISL,420310
7524004,168,109,6864,2006,8129.0,0.0,-0.449333,0.563013,PAK,ISL,420310
7524005,169,109,6864,2006,239.0,0.0,0.306664,0.638533,PAN,ISL,420310
7524006,179,109,6864,2006,9114.0,0.0,0.5723630000000001,1.92303,PRT,ISL,420310
7524007,185,109,6864,2006,1360.0,0.0,0.550825,1.170744,ROU,ISL,420310
7524008,201,109,6864,2006,12956.0,0.0,0.547824,1.5588879999999998,SRB,ISL,420310
7524009,208,109,6864,2006,256475.0,11902.0,1.902737,0.593294,SWE,ISL,420310
7524010,224,109,6864,2006,100081.0,0.0,0.33971599999999996,2.193384,TUR,ISL,420310
7524011,228,109,6864,2006,823.0,0.0,0.7008439999999999,0.79656,UKR,ISL,420310
7524012,231,109,6864,2006,40629.0,2532.0,1.666643,-0.121679,USA,ISL,420310
7524013,61,126,6864,2006,6016.0,0.0,2.132566,-2.773669,DEU,LBY,420310
7524014,77,126,6864,2006,356517.0,0.0,1.47591,0.489466,FRA,LBY,420310
7524015,81,126,6864,2006,11317.0,0.0,1.824154,0.614424,GBR,LBY,420310
7524016,104,126,6864,2006,42003.0,0.0,0.285652,2.731318,IND,LBY,420310
7524017,111,126,6864,2006,156751.0,0.0,1.293779,0.93995,ITA,LBY,420310
7524018,121,126,6864,2006,4338.0,0.0,1.5384309999999999,0.766628,KOR,LBY,420310
7524019,134,126,6864,2006,10763.0,0.0,-0.547933,0.08257300000000001,MAR,LBY,420310
7524020,168,126,6864,2006,8478.0,0.0,-0.449333,0.563013,PAK,LBY,420310
7524021,212,126,6864,2006,4233.0,0.0,-0.588695,0.532487,SYR,LBY,420310
7524022,224,126,6864,2006,203294.0,0.0,0.33971599999999996,2.193384,TUR,LBY,420310
7524023,231,126,6864,2006,3748.0,0.0,1.666643,-0.121679,USA,LBY,420310
7524024,39,133,6864,2006,25130.0,1358.0,0.865685,1.1480489999999999,CAN,MAC,420310
7524025,41,133,6864,2006,56421.0,0.0,2.052534,0.515523,CHE,MAC,420310
7524026,42,133,6864,2006,0.0,9964.0,-0.188298,-0.46778000000000003,CHL,MAC,420310
7524027,43,133,6864,2006,13123.0,4140.0,0.737888,2.54966,CHN,MAC,420310
7524028,61,133,6864,2006,11694.0,0.0,2.132566,-2.773669,DEU,MAC,420310
7524029,74,133,6864,2006,0.0,5064.0,1.864038,0.8193940000000001,FIN,MAC,420310
7524030,77,133,6864,2006,11489.0,16401.0,1.47591,0.489466,FRA,MAC,420310
7524031,97,133,6864,2006,223987.0,23181.0,0.5776319999999999,2.076782,HKG,MAC,420310
7524032,102,133,6864,2006,0.0,5813.0,1.4034309999999999,0.835144,HUN,MAC,420310
7524033,104,133,6864,2006,6414.0,0.0,0.285652,2.731318,IND,MAC,420310
7524034,111,133,6864,2006,30094.0,0.0,1.293779,0.93995,ITA,MAC,420310
7524035,114,133,6864,2006,31633.0,0.0,2.4348099999999997,0.082887,JPN,MAC,420310
7524036,121,133,6864,2006,0.0,5089.0,1.5384309999999999,0.766628,KOR,MAC,420310
7524037,134,133,6864,2006,3124.0,0.0,-0.547933,0.08257300000000001,MAR,MAC,420310
7524038,177,133,6864,2006,27204.0,0.0,0.991927,1.474418,POL,MAC,420310
7524039,188,133,6864,2006,0.0,4279.0,0.162432,-0.853059,SAU,MAC,420310
7524040,223,133,6864,2006,10771.0,0.0,-0.013636,0.804752,TUN,MAC,420310
7524041,224,133,6864,2006,46610.0,0.0,0.33971599999999996,2.193384,TUR,MAC,420310
7524042,231,133,6864,2006,22259.0,71695.0,1.666643,-0.121679,USA,MAC,420310
7524043,14,137,6864,2006,2786.0,0.0,0.067166,0.373148,AUS,MDV,420310
7524044,14,145,6864,2006,11315.0,0.0,0.067166,0.373148,AUS,MNG,420310
7524045,39,145,6864,2006,0.0,8733.0,0.865685,1.1480489999999999,CAN,MNG,420310
7524046,43,145,6864,2006,0.0,22889.0,0.737888,2.54966,CHN,MNG,420310
7524047,61,145,6864,2006,32519.0,0.0,2.132566,-2.773669,DEU,MNG,420310
7524048,77,145,6864,2006,26772.0,0.0,1.47591,0.489466,FRA,MNG,420310
7524049,97,145,6864,2006,0.0,18061.0,0.5776319999999999,2.076782,HKG,MNG,420310
7524050,102,145,6864,2006,655.0,0.0,1.4034309999999999,0.835144,HUN,MNG,420310
7524051,111,145,6864,2006,43806.0,0.0,1.293779,0.93995,ITA,MNG,420310
7524052,121,145,6864,2006,14440.0,972.0,1.5384309999999999,0.766628,KOR,MNG,420310
7524053,186,145,6864,2006,19836.0,0.0,0.801197,0.104683,RUS,MNG,420310
7524054,224,145,6864,2006,4569.0,0.0,0.33971599999999996,2.193384,TUR,MNG,420310
7524055,77,154,6864,2006,1370.0,0.0,1.47591,0.489466,FRA,MYT,420310
7524056,14,156,6864,2006,64153.0,0.0,0.067166,0.373148,AUS,NCL,420310
7524057,18,156,6864,2006,3012.0,0.0,1.2222540000000002,1.383027,BEL,NCL,420310
7524058,43,156,6864,2006,3794.0,0.0,0.737888,2.54966,CHN,NCL,420310
7524059,71,156,6864,2006,4293.0,0.0,0.9091370000000001,2.068166,ESP,NCL,420310
7524060,75,156,6864,2006,5839.0,0.0,-0.6554949999999999,-0.098284,FJI,NCL,420310
7524061,77,156,6864,2006,68846.0,0.0,1.47591,0.489466,FRA,NCL,420310
7524062,104,156,6864,2006,1883.0,0.0,0.285652,2.731318,IND,NCL,420310
7524063,111,156,6864,2006,22635.0,0.0,1.293779,0.93995,ITA,NCL,420310
7524064,168,156,6864,2006,481.0,0.0,-0.449333,0.563013,PAK,NCL,420310
7524065,185,156,6864,2006,743.0,0.0,0.550825,1.170744,ROU,NCL,420310
7524066,231,156,6864,2006,3383.0,0.0,1.666643,-0.121679,USA,NCL,420310
7524067,250,156,6864,2006,5089.0,0.0,0.711619,-0.41880200000000006,ANS,NCL,420310
7524068,77,157,6864,2006,3074.0,2174.0,1.47591,0.489466,FRA,NER,420310
7524069,104,157,6864,2006,429.0,0.0,0.285652,2.731318,IND,NER,420310
7524070,168,157,6864,2006,911604.0,0.0,-0.449333,0.563013,PAK,NER,420310
7524071,14,182,6864,2006,2238.0,0.0,0.067166,0.373148,AUS,PYF,420310
7524072,77,182,6864,2006,9626.0,0.0,1.47591,0.489466,FRA,PYF,420310
7524073,111,182,6864,2006,772.0,0.0,1.293779,0.93995,ITA,PYF,420310
7524074,216,182,6864,2006,2719.0,0.0,0.568209,1.685343,THA,PYF,420310
7524075,231,182,6864,2006,53880.0,0.0,1.666643,-0.121679,USA,PYF,420310
7524076,41,190,6864,2006,763.0,0.0,2.052534,0.515523,CHE,SDN,420310
7524077,43,190,6864,2006,9289.0,0.0,0.737888,2.54966,CHN,SDN,420310
7524078,168,190,6864,2006,729592.0,0.0,-0.449333,0.563013,PAK,SDN,420310
7524079,188,190,6864,2006,60131.0,0.0,0.162432,-0.853059,SAU,SDN,420310
7524080,15,211,6864,2006,0.0,17392.0,1.775669,0.192717,AUT,SYC,420310
7524081,61,211,6864,2006,61471.0,5861.0,2.132566,-2.773669,DEU,SYC,420310
7524082,77,211,6864,2006,0.0,1020.0,1.47591,0.489466,FRA,SYC,420310
7524083,81,211,6864,2006,1374.0,0.0,1.824154,0.614424,GBR,SYC,420310
7524084,111,211,6864,2006,3780.0,0.0,1.293779,0.93995,ITA,SYC,420310
7524085,231,211,6864,2006,27163.0,0.0,1.666643,-0.121679,USA,SYC,420310
7524086,246,211,6864,2006,1135.0,0.0,0.37964499999999995,1.466326,ZAF,SYC,420310
7524087,61,214,6864,2006,4051.0,0.0,2.132566,-2.773669,DEU,TCD,420310
7524088,104,214,6864,2006,1166.0,0.0,0.285652,2.731318,IND,TCD,420310
7524089,111,214,6864,2006,2237.0,0.0,1.293779,0.93995,ITA,TCD,420310
7524090,231,214,6864,2006,34628.0,0.0,1.666643,-0.121679,USA,TCD,420310
7524091,77,46,6864,2006,2511.0,0.0,1.47591,0.489466,FRA,COD,420310
7524092,111,46,6864,2006,29410.0,0.0,1.293779,0.93995,ITA,COD,420310
7524093,212,46,6864,2006,1569.0,0.0,-0.588695,0.532487,SYR,COD,420310
7524094,246,46,6864,2006,5600.0,0.0,0.37964499999999995,1.466326,ZAF,COD,420310
7524095,61,47,6864,2006,1013.0,0.0,2.132566,-2.773669,DEU,COG,420310
7524096,77,47,6864,2006,27617.0,0.0,1.47591,0.489466,FRA,COG,420310
7524097,111,47,6864,2006,22078.0,0.0,1.293779,0.93995,ITA,COG,420310
7524098,134,47,6864,2006,1993.0,0.0,-0.547933,0.08257300000000001,MAR,COG,420310
7524099,231,47,6864,2006,33138.0,0.0,1.666643,-0.121679,USA,COG,420310
7524100,61,78,6864,2006,1504.0,0.0,2.132566,-2.773669,DEU,FRO,420310
7524101,64,78,6864,2006,193745.0,0.0,1.2308700000000001,1.180914,DNK,FRO,420310
7524102,74,78,6864,2006,2503.0,0.0,1.864038,0.8193940000000001,FIN,FRO,420310
7524103,77,78,6864,2006,132.0,0.0,1.47591,0.489466,FRA,FRO,420310
7524104,81,78,6864,2006,923.0,0.0,1.824154,0.614424,GBR,FRO,420310
7524105,97,78,6864,2006,1961.0,0.0,0.5776319999999999,2.076782,HKG,FRO,420310
7524106,104,78,6864,2006,8270.0,0.0,0.285652,2.731318,IND,FRO,420310
7524107,111,78,6864,2006,1056.0,0.0,1.293779,0.93995,ITA,FRO,420310
7524108,162,78,6864,2006,1928.0,0.0,1.192134,1.450852,NLD,FRO,420310
7524109,208,78,6864,2006,2390.0,0.0,1.902737,0.593294,SWE,FRO,420310
7524110,224,78,6864,2006,209.0,0.0,0.33971599999999996,2.193384,TUR,FRO,420310
7524111,168,88,6864,2006,8574.0,0.0,-0.449333,0.563013,PAK,GNB,420310
7524112,43,92,6864,2006,1217.0,0.0,0.737888,2.54966,CHN,GRL,420310
7524113,61,92,6864,2006,313.0,0.0,2.132566,-2.773669,DEU,GRL,420310
7524114,64,92,6864,2006,43597.0,0.0,1.2308700000000001,1.180914,DNK,GRL,420310
7524115,168,92,6864,2006,25450.0,0.0,-0.449333,0.563013,PAK,GRL,420310
7524116,208,92,6864,2006,10283.0,0.0,1.902737,0.593294,SWE,GRL,420310
7524117,102,143,6864,2006,0.0,16783.0,1.4034309999999999,0.835144,HUN,MMR,420310
7524118,162,143,6864,2006,0.0,1041.0,1.192134,1.450852,NLD,MMR,420310
7524119,168,143,6864,2006,9336.0,0.0,-0.449333,0.563013,PAK,MMR,420310
7524120,121,181,6864,2006,0.0,2311.0,1.5384309999999999,0.766628,KOR,PSE,420310
7524121,104,196,6864,2006,4109.0,0.0,0.285652,2.731318,IND,SLE,420310
7524122,231,196,6864,2006,2600.0,0.0,1.666643,-0.121679,USA,SLE,420310
7524123,18,198,6864,2006,0.0,1199.0,1.2222540000000002,1.383027,BEL,SMR,420310
7524124,90,198,6864,2006,0.0,2755.0,0.261955,1.488958,GRC,SMR,420310
7524125,102,198,6864,2006,0.0,3000.0,1.4034309999999999,0.835144,HUN,SMR,420310
7524126,162,198,6864,2006,0.0,1256.0,1.192134,1.450852,NLD,SMR,420310
7524127,231,198,6864,2006,0.0,2587.0,1.666643,-0.121679,USA,SMR,420310
7524128,77,215,6864,2006,1255.0,0.0,1.47591,0.489466,FRA,TGO,420310
7524129,168,217,6864,2006,19996.0,0.0,-0.449333,0.563013,PAK,TJK,420310
7524130,224,217,6864,2006,53693.0,0.0,0.33971599999999996,2.193384,TUR,TJK,420310
7524131,111,10,6864,2006,1493.0,0.0,1.293779,0.93995,ITA,ASM,420310
7524132,49,57,6864,2006,10543.0,0.0,0.129887,0.44371700000000003,COL,CYM,420310
7524133,231,57,6864,2006,267428.0,0.0,1.666643,-0.121679,USA,CYM,420310
7524134,188,69,6864,2006,8552.0,0.0,0.162432,-0.853059,SAU,ERI,420310
7524135,43,79,6864,2006,39998.0,0.0,0.737888,2.54966,CHN,FSM,420310
7524136,41,95,6864,2006,52826.0,0.0,2.052534,0.515523,CHE,GUM,420310
7524137,97,95,6864,2006,145588.0,1348.0,0.5776319999999999,2.076782,HKG,GUM,420310
7524138,111,95,6864,2006,51594.0,0.0,1.293779,0.93995,ITA,GUM,420310
7524139,121,95,6864,2006,17097.0,0.0,1.5384309999999999,0.766628,KOR,GUM,420310
7524140,192,95,6864,2006,16275.0,217400.0,1.5377379999999998,0.503089,SGP,GUM,420310
7524141,15,123,6864,2006,0.0,1738.0,1.775669,0.192717,AUT,LAO,420310
7524142,111,123,6864,2006,2450.0,0.0,1.293779,0.93995,ITA,LAO,420310
7524143,168,123,6864,2006,89984.0,0.0,-0.449333,0.563013,PAK,LAO,420310
7524144,216,123,6864,2006,3175.0,0.0,0.568209,1.685343,THA,LAO,420310
7524145,64,164,6864,2006,0.0,3787.0,1.2308700000000001,1.180914,DNK,NPL,420310
7524146,81,164,6864,2006,0.0,109918.0,1.824154,0.614424,GBR,NPL,420310
7524147,104,164,6864,2006,1398.0,0.0,0.285652,2.731318,IND,NPL,420310
7524148,114,164,6864,2006,0.0,56387.0,2.4348099999999997,0.082887,JPN,NPL,420310
7524149,121,164,6864,2006,60433.0,0.0,1.5384309999999999,0.766628,KOR,NPL,420310
7524150,168,164,6864,2006,2231.0,0.0,-0.449333,0.563013,PAK,NPL,420310
7524151,168,165,6864,2006,27962.0,0.0,-0.449333,0.563013,PAK,NRU,420310
7524152,231,165,6864,2006,0.0,1555.0,1.666643,-0.121679,USA,NRU,420310
7524153,174,175,6864,2006,5019.0,0.0,0.161994,0.036631,PHL,PLW,420310
7524154,14,176,6864,2006,7348.0,0.0,0.067166,0.373148,AUS,PNG,420310
7524155,166,176,6864,2006,3834.0,0.0,0.5371,0.8240209999999999,NZL,PNG,420310
7524156,61,220,6864,2006,1005.0,0.0,2.132566,-2.773669,DEU,TLS,420310
7524157,61,38,6864,2006,6286.0,0.0,2.132566,-2.773669,DEU,CAF,420310
7524158,71,218,6864,2006,0.0,1708.0,0.9091370000000001,2.068166,ESP,TKL,420310
7524159,77,218,6864,2006,0.0,769399.0,1.47591,0.489466,FRA,TKL,420310
7524160,231,218,6864,2006,0.0,211833.0,1.666643,-0.121679,USA,TKL,420310
7524161,246,218,6864,2006,0.0,3571.0,0.37964499999999995,1.466326,ZAF,TKL,420310
7524162,61,6,6993,2006,5739.0,0.0,2.132566,-2.773669,DEU,ANT,480240
7524163,39,8,6993,2006,50674.0,0.0,0.865685,1.1480489999999999,CAN,ARG,480240
7524164,42,8,6993,2006,106860.0,0.0,-0.188298,-0.46778000000000003,CHL,ARG,480240
7524165,61,8,6993,2006,92256.0,0.0,2.132566,-2.773669,DEU,ARG,480240
7524166,74,8,6993,2006,125830.0,0.0,1.864038,0.8193940000000001,FIN,ARG,480240
7524167,81,8,6993,2006,10240.0,0.0,1.824154,0.614424,GBR,ARG,480240
7524168,180,8,6993,2006,0.0,3595.0,-0.520435,-0.7839119999999999,PRY,ARG,480240
7524169,230,8,6993,2006,0.0,2022.0,0.234384,0.118878,URY,ARG,480240
7524170,18,15,6993,2006,0.0,125725.0,1.2222540000000002,1.383027,BEL,AUT,480240
7524171,41,15,6993,2006,0.0,5929.0,2.052534,0.515523,CHE,AUT,480240
7524172,59,15,6993,2006,0.0,3173.0,1.564058,0.6023649999999999,CZE,AUT,480240
7524173,61,15,6993,2006,140325.0,30474.0,2.132566,-2.773669,DEU,AUT,480240
7524174,71,15,6993,2006,22207.0,23951.0,0.9091370000000001,2.068166,ESP,AUT,480240
7524175,90,15,6993,2006,13653.0,31304.0,0.261955,1.488958,GRC,AUT,480240
7524176,102,15,6993,2006,0.0,11554.0,1.4034309999999999,0.835144,HUN,AUT,480240
7524177,111,15,6993,2006,25246.0,2010.0,1.293779,0.93995,ITA,AUT,480240
7524178,177,15,6993,2006,0.0,2665.0,0.991927,1.474418,POL,AUT,480240
7524179,179,15,6993,2006,0.0,673855.0,0.5723630000000001,1.92303,PRT,AUT,480240
7524180,185,15,6993,2006,0.0,2783.0,0.550825,1.170744,ROU,AUT,480240
7524181,206,15,6993,2006,0.0,995.0,1.291583,0.868317,SVK,AUT,480240
7524182,208,15,6993,2006,172309.0,0.0,1.902737,0.593294,SWE,AUT,480240
7524183,231,15,6993,2006,1401.0,0.0,1.666643,-0.121679,USA,AUT,480240
7524184,7,18,6993,2006,0.0,354262.0,0.053903999999999994,-0.735124,ARE,BEL,480240
7524185,15,18,6993,2006,125725.0,0.0,1.775669,0.192717,AUT,BEL,480240
7524186,17,18,6993,2006,0.0,9380.0,-0.033711,-0.48450600000000005,BDI,BEL,480240
7524187,21,18,6993,2006,0.0,53193.0,-0.9432020000000001,-0.969247,BFA,BEL,480240
7524188,23,18,6993,2006,0.0,2530.0,0.414563,1.378005,BGR,BEL,480240
7524189,24,18,6993,2006,0.0,54687.0,0.172724,-0.9449879999999999,BHR,BEL,480240
7524190,28,18,6993,2006,0.0,89142.0,0.919853,0.384409,BLR,BEL,480240
7524191,39,18,6993,2006,0.0,440587.0,0.865685,1.1480489999999999,CAN,BEL,480240
7524192,41,18,6993,2006,0.0,4575.0,2.052534,0.515523,CHE,BEL,480240
7524193,43,18,6993,2006,2030.0,396943.0,0.737888,2.54966,CHN,BEL,480240
7524194,44,18,6993,2006,0.0,43930.0,-0.8918530000000001,-0.8145819999999999,CIV,BEL,480240
7524195,45,18,6993,2006,0.0,23804.0,-1.358873,-1.1511360000000002,CMR,BEL,480240
7524196,46,18,6993,2006,0.0,42918.0,-1.542137,-1.086494,COD,BEL,480240
7524197,47,18,6993,2006,0.0,3701.0,-1.9903240000000002,-1.189925,COG,BEL,480240
7524198,61,18,6993,2006,2132792.0,1902126.0,2.132566,-2.773669,DEU,BEL,480240
7524199,64,18,6993,2006,0.0,1454.0,1.2308700000000001,1.180914,DNK,BEL,480240
7524200,66,18,6993,2006,0.0,496052.0,-0.489962,-1.12456,DZA,BEL,480240
7524201,67,18,6993,2006,0.0,38722.0,-0.878583,-0.9462010000000001,ECU,BEL,480240
7524202,68,18,6993,2006,0.0,165377.0,-0.182272,0.40222399999999997,EGY,BEL,480240
7524203,71,18,6993,2006,1089112.0,216619.0,0.9091370000000001,2.068166,ESP,BEL,480240
7524204,72,18,6993,2006,0.0,57257.0,0.6426350000000001,0.925003,EST,BEL,480240
7524205,74,18,6993,2006,5973547.0,0.0,1.864038,0.8193940000000001,FIN,BEL,480240
7524206,77,18,6993,2006,178495.0,1244391.0,1.47591,0.489466,FRA,BEL,480240
7524207,81,18,6993,2006,61155.0,836446.0,1.824154,0.614424,GBR,BEL,480240
7524208,82,18,6993,2006,0.0,4786.0,0.076711,-0.47216099999999994,GEO,BEL,480240
7524209,83,18,6993,2006,0.0,42171.0,-0.9934860000000001,-0.809318,GHA,BEL,480240
7524210,90,18,6993,2006,0.0,41867.0,0.261955,1.488958,GRC,BEL,480240
7524211,93,18,6993,2006,0.0,104199.0,-0.28642199999999995,0.5868439999999999,GTM,BEL,480240
7524212,97,18,6993,2006,0.0,187515.0,0.5776319999999999,2.076782,HKG,BEL,480240
7524213,102,18,6993,2006,0.0,139362.0,1.4034309999999999,0.835144,HUN,BEL,480240
7524214,104,18,6993,2006,0.0,557846.0,0.285652,2.731318,IND,BEL,480240
7524215,106,18,6993,2006,31086.0,0.0,1.43804,0.06463200000000001,IRL,BEL,480240
7524216,107,18,6993,2006,0.0,67252.0,-0.391023,-0.767861,IRN,BEL,480240
7524217,108,18,6993,2006,0.0,13826.0,-2.029727,-0.8634219999999999,IRQ,BEL,480240
7524218,110,18,6993,2006,4318.0,118050.0,1.3082129999999998,0.783845,ISR,BEL,480240
7524219,111,18,6993,2006,116729.0,1023206.0,1.293779,0.93995,ITA,BEL,480240
7524220,112,18,6993,2006,0.0,6923.0,-0.5122720000000001,-0.9109809999999999,JAM,BEL,480240
7524221,113,18,6993,2006,0.0,5707.0,0.166718,0.331248,JOR,BEL,480240
7524222,116,18,6993,2006,0.0,5411.0,-0.38287899999999997,1.060286,KEN,BEL,480240
7524223,121,18,6993,2006,0.0,50996.0,1.5384309999999999,0.766628,KOR,BEL,480240
7524224,122,18,6993,2006,0.0,3595.0,-0.589823,-1.142795,KWT,BEL,480240
7524225,124,18,6993,2006,0.0,140250.0,0.3861,1.586183,LBN,BEL,480240
7524226,128,18,6993,2006,0.0,115781.0,-0.573767,0.305913,LKA,BEL,480240
7524227,130,18,6993,2006,0.0,103955.0,0.44063599999999997,1.163857,LTU,BEL,480240
7524228,131,18,6993,2006,68473.0,1677.0,1.4345620000000001,0.8840819999999999,LUX,BEL,480240
7524229,134,18,6993,2006,0.0,364126.0,-0.547933,0.08257300000000001,MAR,BEL,480240
7524230,141,18,6993,2006,0.0,4188.0,-0.503462,-0.778836,MLI,BEL,480240
7524231,148,18,6993,2006,0.0,8389.0,-1.72422,-1.2414399999999999,MRT,BEL,480240
7524232,151,18,6993,2006,0.0,63267.0,-0.311109,-0.07267,MUS,BEL,480240
7524233,153,18,6993,2006,0.0,105602.0,0.7896569999999999,0.363625,MYS,BEL,480240
7524234,159,18,6993,2006,0.0,34841.0,-2.094353,-1.215025,NGA,BEL,480240
7524235,162,18,6993,2006,325825.0,2168742.0,1.192134,1.450852,NLD,BEL,480240
7524236,168,18,6993,2006,0.0,144995.0,-0.449333,0.563013,PAK,BEL,480240
7524237,169,18,6993,2006,0.0,20222.0,0.306664,0.638533,PAN,BEL,480240
7524238,174,18,6993,2006,0.0,75539.0,0.161994,0.036631,PHL,BEL,480240
7524239,177,18,6993,2006,7044.0,0.0,0.991927,1.474418,POL,BEL,480240
7524240,179,18,6993,2006,0.0,165420.0,0.5723630000000001,1.92303,PRT,BEL,480240
7524241,183,18,6993,2006,0.0,27026.0,0.055777999999999994,-1.0379049999999999,QAT,BEL,480240
7524242,186,18,6993,2006,0.0,2782293.0,0.801197,0.104683,RUS,BEL,480240
7524243,187,18,6993,2006,0.0,70206.0,-0.032827999999999996,-0.42937600000000004,RWA,BEL,480240
7524244,188,18,6993,2006,13611.0,9745.0,0.162432,-0.853059,SAU,BEL,480240
7524245,191,18,6993,2006,0.0,33833.0,-0.364713,-0.183612,SEN,BEL,480240
7524246,192,18,6993,2006,0.0,41526.0,1.5377379999999998,0.503089,SGP,BEL,480240
7524247,208,18,6993,2006,158791.0,52769.0,1.902737,0.593294,SWE,BEL,480240
7524248,212,18,6993,2006,0.0,1432393.0,-0.588695,0.532487,SYR,BEL,480240
7524249,215,18,6993,2006,0.0,17587.0,-0.8304020000000001,-0.678178,TGO,BEL,480240
7524250,223,18,6993,2006,0.0,101942.0,-0.013636,0.804752,TUN,BEL,480240
7524251,224,18,6993,2006,0.0,3357334.0,0.33971599999999996,2.193384,TUR,BEL,480240
7524252,226,18,6993,2006,0.0,38579.0,-0.953097,0.159129,TZA,BEL,480240
7524253,228,18,6993,2006,0.0,3939898.0,0.7008439999999999,0.79656,UKR,BEL,480240
7524254,231,18,6993,2006,46200.0,1031645.0,1.666643,-0.121679,USA,BEL,480240
7524255,239,18,6993,2006,0.0,16813.0,-0.342779,1.033318,VNM,BEL,480240
7524256,246,18,6993,2006,0.0,150580.0,0.37964499999999995,1.466326,ZAF,BEL,480240
7524257,249,18,6993,2006,0.0,14864.0,1.619915,1.2289940000000001,TWN,BEL,480240
7524258,231,25,6993,2006,17955.0,0.0,1.666643,-0.121679,USA,BHS,480240
7524259,231,31,6993,2006,8158.0,0.0,1.666643,-0.121679,USA,BOL,480240
7524260,42,32,6993,2006,27316.0,0.0,-0.188298,-0.46778000000000003,CHL,BRA,480240
7524261,43,32,6993,2006,1654.0,4811.0,0.737888,2.54966,CHN,BRA,480240
7524262,71,32,6993,2006,0.0,2733.0,0.9091370000000001,2.068166,ESP,BRA,480240
7524263,77,32,6993,2006,673653.0,0.0,1.47591,0.489466,FRA,BRA,480240
7524264,111,32,6993,2006,1011.0,1601.0,1.293779,0.93995,ITA,BRA,480240
7524265,231,33,6993,2006,16832.0,0.0,1.666643,-0.121679,USA,BRB,480240
7524266,8,39,6993,2006,0.0,50674.0,0.33055,0.665867,ARG,CAN,480240
7524267,18,39,6993,2006,440587.0,0.0,1.2222540000000002,1.383027,BEL,CAN,480240
7524268,61,39,6993,2006,867622.0,0.0,2.132566,-2.773669,DEU,CAN,480240
7524269,64,39,6993,2006,0.0,1504.0,1.2308700000000001,1.180914,DNK,CAN,480240
7524270,71,39,6993,2006,44976.0,3917.0,0.9091370000000001,2.068166,ESP,CAN,480240
7524271,74,39,6993,2006,1232960.0,0.0,1.864038,0.8193940000000001,FIN,CAN,480240
7524272,81,39,6993,2006,147828.0,162002.0,1.824154,0.614424,GBR,CAN,480240
7524273,111,39,6993,2006,10682.0,0.0,1.293779,0.93995,ITA,CAN,480240
7524274,116,39,6993,2006,0.0,4432.0,-0.38287899999999997,1.060286,KEN,CAN,480240
7524275,121,39,6993,2006,0.0,35098.0,1.5384309999999999,0.766628,KOR,CAN,480240
7524276,166,39,6993,2006,0.0,2333.0,0.5371,0.8240209999999999,NZL,CAN,480240
7524277,169,39,6993,2006,0.0,16242.0,0.306664,0.638533,PAN,CAN,480240
7524278,186,39,6993,2006,0.0,104148.0,0.801197,0.104683,RUS,CAN,480240
7524279,212,39,6993,2006,0.0,9328.0,-0.588695,0.532487,SYR,CAN,480240
7524280,224,39,6993,2006,0.0,31537.0,0.33971599999999996,2.193384,TUR,CAN,480240
7524281,231,39,6993,2006,2795626.0,7368.0,1.666643,-0.121679,USA,CAN,480240
7524282,246,39,6993,2006,0.0,4654.0,0.37964499999999995,1.466326,ZAF,CAN,480240
7524283,15,41,6993,2006,5929.0,0.0,1.775669,0.192717,AUT,CHE,480240
7524284,18,41,6993,2006,4575.0,0.0,1.2222540000000002,1.383027,BEL,CHE,480240
7524285,23,41,6993,2006,16286.0,6365.0,0.414563,1.378005,BGR,CHE,480240
7524286,43,41,6993,2006,1542.0,0.0,0.737888,2.54966,CHN,CHE,480240
7524287,61,41,6993,2006,53092.0,993.0,2.132566,-2.773669,DEU,CHE,480240
7524288,71,41,6993,2006,1266.0,1442.0,0.9091370000000001,2.068166,ESP,CHE,480240
7524289,77,41,6993,2006,52928.0,0.0,1.47591,0.489466,FRA,CHE,480240
7524290,81,41,6993,2006,1698.0,0.0,1.824154,0.614424,GBR,CHE,480240
7524291,111,41,6993,2006,80098.0,1139.0,1.293779,0.93995,ITA,CHE,480240
7524292,177,41,6993,2006,4531.0,0.0,0.991927,1.474418,POL,CHE,480240
7524293,179,41,6993,2006,1726.0,0.0,0.5723630000000001,1.92303,PRT,CHE,480240
7524294,192,41,6993,2006,0.0,9265.0,1.5377379999999998,0.503089,SGP,CHE,480240
7524295,208,41,6993,2006,65570.0,0.0,1.902737,0.593294,SWE,CHE,480240
7524296,249,41,6993,2006,0.0,44337.0,1.619915,1.2289940000000001,TWN,CHE,480240
7524297,8,42,6993,2006,0.0,106860.0,0.33055,0.665867,ARG,CHL,480240
7524298,32,42,6993,2006,0.0,27316.0,0.633889,1.1474520000000001,BRA,CHL,480240
7524299,67,42,6993,2006,0.0,3354.0,-0.878583,-0.9462010000000001,ECU,CHL,480240
7524300,18,43,6993,2006,396943.0,2030.0,1.2222540000000002,1.383027,BEL,CHN,480240
7524301,32,43,6993,2006,4811.0,1654.0,0.633889,1.1474520000000001,BRA,CHN,480240
7524302,41,43,6993,2006,0.0,1542.0,2.052534,0.515523,CHE,CHN,480240
7524303,61,43,6993,2006,5525480.0,1616.0,2.132566,-2.773669,DEU,CHN,480240
7524304,65,43,6993,2006,0.0,1721.0,-0.24073699999999998,0.049093,DOM,CHN,480240
7524305,68,43,6993,2006,0.0,28370.0,-0.182272,0.40222399999999997,EGY,CHN,480240
7524306,71,43,6993,2006,178976.0,3125.0,0.9091370000000001,2.068166,ESP,CHN,480240
7524307,72,43,6993,2006,0.0,1746.0,0.6426350000000001,0.925003,EST,CHN,480240
7524308,74,43,6993,2006,7049460.0,0.0,1.864038,0.8193940000000001,FIN,CHN,480240
7524309,77,43,6993,2006,8400.0,0.0,1.47591,0.489466,FRA,CHN,480240
7524310,81,43,6993,2006,2178.0,0.0,1.824154,0.614424,GBR,CHN,480240
7524311,97,43,6993,2006,196476.0,7143.0,0.5776319999999999,2.076782,HKG,CHN,480240
7524312,102,43,6993,2006,0.0,10318.0,1.4034309999999999,0.835144,HUN,CHN,480240
7524313,103,43,6993,2006,0.0,33733.0,-0.21012399999999998,1.467838,IDN,CHN,480240
7524314,104,43,6993,2006,0.0,2523960.0,0.285652,2.731318,IND,CHN,480240
7524315,111,43,6993,2006,15792.0,28276.0,1.293779,0.93995,ITA,CHN,480240
7524316,114,43,6993,2006,378619.0,215092.0,2.4348099999999997,0.082887,JPN,CHN,480240
7524317,115,43,6993,2006,0.0,5171.0,0.038229,-0.579421,KAZ,CHN,480240
7524318,121,43,6993,2006,4428.0,47819.0,1.5384309999999999,0.766628,KOR,CHN,480240
7524319,122,43,6993,2006,0.0,1218.0,-0.589823,-1.142795,KWT,CHN,480240
7524320,133,43,6993,2006,0.0,4171.0,-0.07118200000000001,-0.228354,MAC,CHN,480240
7524321,142,43,6993,2006,0.0,4004.0,1.384411,0.093734,MLT,CHN,480240
7524322,153,43,6993,2006,0.0,20915.0,0.7896569999999999,0.363625,MYS,CHN,480240
7524323,159,43,6993,2006,0.0,6364.0,-2.094353,-1.215025,NGA,CHN,480240
7524324,162,43,6993,2006,18012.0,3740.0,1.192134,1.450852,NLD,CHN,480240
7524325,163,43,6993,2006,8456.0,0.0,1.0787930000000001,0.014051,NOR,CHN,480240
7524326,168,43,6993,2006,0.0,11443.0,-0.449333,0.563013,PAK,CHN,480240
7524327,177,43,6993,2006,0.0,19237.0,0.991927,1.474418,POL,CHN,480240
7524328,178,43,6993,2006,0.0,1350.0,0.548754,0.763313,PRK,CHN,480240
7524329,179,43,6993,2006,10202.0,0.0,0.5723630000000001,1.92303,PRT,CHN,480240
7524330,186,43,6993,2006,0.0,42703.0,0.801197,0.104683,RUS,CHN,480240
7524331,188,43,6993,2006,0.0,3283.0,0.162432,-0.853059,SAU,CHN,480240
7524332,192,43,6993,2006,0.0,9146.0,1.5377379999999998,0.503089,SGP,CHN,480240
7524333,206,43,6993,2006,0.0,1852.0,1.291583,0.868317,SVK,CHN,480240
7524334,208,43,6993,2006,229133.0,0.0,1.902737,0.593294,SWE,CHN,480240
7524335,212,43,6993,2006,0.0,1106128.0,-0.588695,0.532487,SYR,CHN,480240
7524336,216,43,6993,2006,4395.0,15648.0,0.568209,1.685343,THA,CHN,480240
7524337,231,43,6993,2006,1219587.0,62131.0,1.666643,-0.121679,USA,CHN,480240
7524338,239,43,6993,2006,0.0,9405.0,-0.342779,1.033318,VNM,CHN,480240
7524339,249,43,6993,2006,1903.0,47088.0,1.619915,1.2289940000000001,TWN,CHN,480240
7524340,71,49,6993,2006,38425.0,0.0,0.9091370000000001,2.068166,ESP,COL,480240
7524341,231,49,6993,2006,21238.0,0.0,1.666643,-0.121679,USA,COL,480240
7524342,111,52,6993,2006,2602.0,0.0,1.293779,0.93995,ITA,CRI,480240
7524343,231,52,6993,2006,21280.0,0.0,1.666643,-0.121679,USA,CRI,480240
7524344,15,59,6993,2006,3173.0,0.0,1.775669,0.192717,AUT,CZE,480240
7524345,61,59,6993,2006,6038.0,0.0,2.132566,-2.773669,DEU,CZE,480240
7524346,71,59,6993,2006,4040.0,0.0,0.9091370000000001,2.068166,ESP,CZE,480240
7524347,81,59,6993,2006,0.0,890403.0,1.824154,0.614424,GBR,CZE,480240
7524348,90,59,6993,2006,0.0,41876.0,0.261955,1.488958,GRC,CZE,480240
7524349,102,59,6993,2006,2868.0,0.0,1.4034309999999999,0.835144,HUN,CZE,480240
7524350,111,59,6993,2006,1253.0,0.0,1.293779,0.93995,ITA,CZE,480240
7524351,162,59,6993,2006,18928.0,0.0,1.192134,1.450852,NLD,CZE,480240
7524352,206,59,6993,2006,9064.0,6683.0,1.291583,0.868317,SVK,CZE,480240
7524353,6,61,6993,2006,0.0,5739.0,0.251825,-0.629035,ANT,DEU,480240
7524354,8,61,6993,2006,0.0,92256.0,0.33055,0.665867,ARG,DEU,480240
7524355,15,61,6993,2006,30474.0,140325.0,1.775669,0.192717,AUT,DEU,480240
7524356,18,61,6993,2006,1902126.0,2132792.0,1.2222540000000002,1.383027,BEL,DEU,480240
7524357,23,61,6993,2006,0.0,2267.0,0.414563,1.378005,BGR,DEU,480240
7524358,26,61,6993,2006,0.0,8946.0,0.40788800000000003,0.562854,BIH,DEU,480240
7524359,28,61,6993,2006,0.0,9595.0,0.919853,0.384409,BLR,DEU,480240
7524360,39,61,6993,2006,0.0,867622.0,0.865685,1.1480489999999999,CAN,DEU,480240
7524361,41,61,6993,2006,993.0,53092.0,2.052534,0.515523,CHE,DEU,480240
7524362,43,61,6993,2006,1616.0,5525480.0,0.737888,2.54966,CHN,DEU,480240
7524363,59,61,6993,2006,0.0,6038.0,1.564058,0.6023649999999999,CZE,DEU,480240
7524364,64,61,6993,2006,15996.0,547545.0,1.2308700000000001,1.180914,DNK,DEU,480240
7524365,71,61,6993,2006,984238.0,2738166.0,0.9091370000000001,2.068166,ESP,DEU,480240
7524366,72,61,6993,2006,0.0,4005.0,0.6426350000000001,0.925003,EST,DEU,480240
7524367,74,61,6993,2006,8463813.0,7473.0,1.864038,0.8193940000000001,FIN,DEU,480240
7524368,75,61,6993,2006,0.0,34703.0,-0.6554949999999999,-0.098284,FJI,DEU,480240
7524369,77,61,6993,2006,26961.0,1816157.0,1.47591,0.489466,FRA,DEU,480240
7524370,81,61,6993,2006,936697.0,5510484.0,1.824154,0.614424,GBR,DEU,480240
7524371,90,61,6993,2006,43638.0,830202.0,0.261955,1.488958,GRC,DEU,480240
7524372,97,61,6993,2006,0.0,949113.0,0.5776319999999999,2.076782,HKG,DEU,480240
7524373,102,61,6993,2006,0.0,13606.0,1.4034309999999999,0.835144,HUN,DEU,480240
7524374,103,61,6993,2006,0.0,24275.0,-0.21012399999999998,1.467838,IDN,DEU,480240
7524375,106,61,6993,2006,0.0,45488.0,1.43804,0.06463200000000001,IRL,DEU,480240
7524376,111,61,6993,2006,155992.0,10868904.0,1.293779,0.93995,ITA,DEU,480240
7524377,114,61,6993,2006,0.0,185341.0,2.4348099999999997,0.082887,JPN,DEU,480240
7524378,115,61,6993,2006,0.0,755076.0,0.038229,-0.579421,KAZ,DEU,480240
7524379,121,61,6993,2006,0.0,4916484.0,1.5384309999999999,0.766628,KOR,DEU,480240
7524380,122,61,6993,2006,0.0,33167.0,-0.589823,-1.142795,KWT,DEU,480240
7524381,130,61,6993,2006,973.0,0.0,0.44063599999999997,1.163857,LTU,DEU,480240
7524382,131,61,6993,2006,0.0,10184.0,1.4345620000000001,0.8840819999999999,LUX,DEU,480240
7524383,132,61,6993,2006,0.0,4777.0,0.531375,0.9414170000000001,LVA,DEU,480240
7524384,153,61,6993,2006,0.0,84944.0,0.7896569999999999,0.363625,MYS,DEU,480240
7524385,162,61,6993,2006,7963.0,5331057.0,1.192134,1.450852,NLD,DEU,480240
7524386,163,61,6993,2006,1681.0,2018.0,1.0787930000000001,0.014051,NOR,DEU,480240
7524387,166,61,6993,2006,0.0,432692.0,0.5371,0.8240209999999999,NZL,DEU,480240
7524388,167,61,6993,2006,0.0,4915.0,-0.6373989999999999,-1.092554,OMN,DEU,480240
7524389,177,61,6993,2006,7351.0,491326.0,0.991927,1.474418,POL,DEU,480240
7524390,179,61,6993,2006,0.0,122215.0,0.5723630000000001,1.92303,PRT,DEU,480240
7524391,183,61,6993,2006,0.0,431179.0,0.055777999999999994,-1.0379049999999999,QAT,DEU,480240
7524392,186,61,6993,2006,631425.0,2367818.0,0.801197,0.104683,RUS,DEU,480240
7524393,188,61,6993,2006,0.0,1211.0,0.162432,-0.853059,SAU,DEU,480240
7524394,206,61,6993,2006,0.0,6932.0,1.291583,0.868317,SVK,DEU,480240
7524395,207,61,6993,2006,0.0,11608.0,1.5882370000000001,0.800719,SVN,DEU,480240
7524396,208,61,6993,2006,6675202.0,1637801.0,1.902737,0.593294,SWE,DEU,480240
7524397,216,61,6993,2006,0.0,116215.0,0.568209,1.685343,THA,DEU,480240
7524398,223,61,6993,2006,0.0,24086.0,-0.013636,0.804752,TUN,DEU,480240
7524399,224,61,6993,2006,14138.0,1025199.0,0.33971599999999996,2.193384,TUR,DEU,480240
7524400,228,61,6993,2006,0.0,8213834.0,0.7008439999999999,0.79656,UKR,DEU,480240
7524401,231,61,6993,2006,12821.0,179683.0,1.666643,-0.121679,USA,DEU,480240
7524402,239,61,6993,2006,0.0,34391.0,-0.342779,1.033318,VNM,DEU,480240
7524403,246,61,6993,2006,0.0,8008.0,0.37964499999999995,1.466326,ZAF,DEU,480240
7524404,249,61,6993,2006,0.0,1231119.0,1.619915,1.2289940000000001,TWN,DEU,480240
7524405,250,61,6993,2006,0.0,80439848.0,0.711619,-0.41880200000000006,ANS,DEU,480240
7524406,18,64,6993,2006,1454.0,0.0,1.2222540000000002,1.383027,BEL,DNK,480240
7524407,39,64,6993,2006,1504.0,0.0,0.865685,1.1480489999999999,CAN,DNK,480240
7524408,61,64,6993,2006,547545.0,15996.0,2.132566,-2.773669,DEU,DNK,480240
7524409,71,64,6993,2006,2377.0,7016.0,0.9091370000000001,2.068166,ESP,DNK,480240
7524410,74,64,6993,2006,280906.0,2103.0,1.864038,0.8193940000000001,FIN,DNK,480240
7524411,77,64,6993,2006,658358.0,0.0,1.47591,0.489466,FRA,DNK,480240
7524412,78,64,6993,2006,0.0,82262.0,-0.117631,-0.69352,FRO,DNK,480240
7524413,81,64,6993,2006,25878.0,56061.0,1.824154,0.614424,GBR,DNK,480240
7524414,92,64,6993,2006,0.0,9661.0,-1.0014,-0.935995,GRL,DNK,480240
7524415,106,64,6993,2006,0.0,37960.0,1.43804,0.06463200000000001,IRL,DNK,480240
7524416,109,64,6993,2006,0.0,12332.0,0.170234,-0.302203,ISL,DNK,480240
7524417,111,64,6993,2006,1961.0,9865.0,1.293779,0.93995,ITA,DNK,480240
7524418,153,64,6993,2006,0.0,5830.0,0.7896569999999999,0.363625,MYS,DNK,480240
7524419,162,64,6993,2006,176703.0,190326.0,1.192134,1.450852,NLD,DNK,480240
7524420,163,64,6993,2006,0.0,21070.0,1.0787930000000001,0.014051,NOR,DNK,480240
7524421,208,64,6993,2006,1833863.0,36994.0,1.902737,0.593294,SWE,DNK,480240
7524422,231,64,6993,2006,2664.0,16949.0,1.666643,-0.121679,USA,DNK,480240
7524423,249,64,6993,2006,2104.0,0.0,1.619915,1.2289940000000001,TWN,DNK,480240
7524424,43,65,6993,2006,1721.0,0.0,0.737888,2.54966,CHN,DOM,480240
7524425,74,65,6993,2006,21820.0,0.0,1.864038,0.8193940000000001,FIN,DOM,480240
7524426,231,65,6993,2006,20398.0,0.0,1.666643,-0.121679,USA,DOM,480240
7524427,18,67,6993,2006,38722.0,0.0,1.2222540000000002,1.383027,BEL,ECU,480240
7524428,42,67,6993,2006,3354.0,0.0,-0.188298,-0.46778000000000003,CHL,ECU,480240
7524429,1,71,6993,2006,0.0,2570.0,-0.626011,-0.6799689999999999,AFG,ESP,480240
7524430,4,71,6993,2006,0.0,2223.0,-0.340932,-0.06302200000000001,ALB,ESP,480240
7524431,15,71,6993,2006,23951.0,22207.0,1.775669,0.192717,AUT,ESP,480240
7524432,18,71,6993,2006,216619.0,1089112.0,1.2222540000000002,1.383027,BEL,ESP,480240
7524433,24,71,6993,2006,0.0,2987.0,0.172724,-0.9449879999999999,BHR,ESP,480240
7524434,32,71,6993,2006,2733.0,0.0,0.633889,1.1474520000000001,BRA,ESP,480240
7524435,39,71,6993,2006,3917.0,44976.0,0.865685,1.1480489999999999,CAN,ESP,480240
7524436,41,71,6993,2006,1442.0,1266.0,2.052534,0.515523,CHE,ESP,480240
7524437,43,71,6993,2006,3125.0,178976.0,0.737888,2.54966,CHN,ESP,480240
7524438,49,71,6993,2006,0.0,38425.0,0.129887,0.44371700000000003,COL,ESP,480240
7524439,51,71,6993,2006,0.0,1353.0,0.369814,-0.414812,CPV,ESP,480240
7524440,54,71,6993,2006,0.0,20617.0,0.204039,-0.5183260000000001,CUB,ESP,480240
7524441,59,71,6993,2006,0.0,4040.0,1.564058,0.6023649999999999,CZE,ESP,480240
7524442,61,71,6993,2006,2738166.0,984238.0,2.132566,-2.773669,DEU,ESP,480240
7524443,64,71,6993,2006,7016.0,2377.0,1.2308700000000001,1.180914,DNK,ESP,480240
7524444,66,71,6993,2006,0.0,1662628.0,-0.489962,-1.12456,DZA,ESP,480240
7524445,74,71,6993,2006,1004905.0,0.0,1.864038,0.8193940000000001,FIN,ESP,480240
7524446,77,71,6993,2006,863194.0,7505860.0,1.47591,0.489466,FRA,ESP,480240
7524447,81,71,6993,2006,21635.0,2766335.0,1.824154,0.614424,GBR,ESP,480240
7524448,84,71,6993,2006,2799.0,12562.0,0.8370120000000001,-0.35099400000000003,GIB,ESP,480240
7524449,90,71,6993,2006,0.0,408483.0,0.261955,1.488958,GRC,ESP,480240
7524450,97,71,6993,2006,0.0,11964.0,0.5776319999999999,2.076782,HKG,ESP,480240
7524451,104,71,6993,2006,0.0,136880.0,0.285652,2.731318,IND,ESP,480240
7524452,110,71,6993,2006,0.0,156600.0,1.3082129999999998,0.783845,ISR,ESP,480240
7524453,111,71,6993,2006,69085.0,457584.0,1.293779,0.93995,ITA,ESP,480240
7524454,122,71,6993,2006,0.0,2535.0,-0.589823,-1.142795,KWT,ESP,480240
7524455,134,71,6993,2006,0.0,184928.0,-0.547933,0.08257300000000001,MAR,ESP,480240
7524456,148,71,6993,2006,0.0,63454.0,-1.72422,-1.2414399999999999,MRT,ESP,480240
7524457,162,71,6993,2006,1398777.0,229926.0,1.192134,1.450852,NLD,ESP,480240
7524458,168,71,6993,2006,1460.0,0.0,-0.449333,0.563013,PAK,ESP,480240
7524459,179,71,6993,2006,463772.0,6377500.0,0.5723630000000001,1.92303,PRT,ESP,480240
7524460,183,71,6993,2006,0.0,1414.0,0.055777999999999994,-1.0379049999999999,QAT,ESP,480240
7524461,188,71,6993,2006,0.0,565278.0,0.162432,-0.853059,SAU,ESP,480240
7524462,192,71,6993,2006,0.0,27433.0,1.5377379999999998,0.503089,SGP,ESP,480240
7524463,207,71,6993,2006,0.0,179750.0,1.5882370000000001,0.800719,SVN,ESP,480240
7524464,208,71,6993,2006,1516925.0,0.0,1.902737,0.593294,SWE,ESP,480240
7524465,216,71,6993,2006,2043.0,0.0,0.568209,1.685343,THA,ESP,480240
7524466,223,71,6993,2006,0.0,769452.0,-0.013636,0.804752,TUN,ESP,480240
7524467,231,71,6993,2006,14047.0,0.0,1.666643,-0.121679,USA,ESP,480240
7524468,243,71,6993,2006,0.0,19497.0,-1.0407110000000002,-1.13042,YEM,ESP,480240
7524469,8,74,6993,2006,0.0,125830.0,0.33055,0.665867,ARG,FIN,480240
7524470,18,74,6993,2006,0.0,5973547.0,1.2222540000000002,1.383027,BEL,FIN,480240
7524471,23,74,6993,2006,0.0,30046.0,0.414563,1.378005,BGR,FIN,480240
7524472,28,74,6993,2006,0.0,1118.0,0.919853,0.384409,BLR,FIN,480240
7524473,39,74,6993,2006,0.0,1232960.0,0.865685,1.1480489999999999,CAN,FIN,480240
7524474,43,74,6993,2006,0.0,7049460.0,0.737888,2.54966,CHN,FIN,480240
7524475,58,74,6993,2006,0.0,31649.0,0.708267,-0.048096,CYP,FIN,480240
7524476,61,74,6993,2006,7473.0,8463813.0,2.132566,-2.773669,DEU,FIN,480240
7524477,64,74,6993,2006,2103.0,280906.0,1.2308700000000001,1.180914,DNK,FIN,480240
7524478,65,74,6993,2006,0.0,21820.0,-0.24073699999999998,0.049093,DOM,FIN,480240
7524479,71,74,6993,2006,0.0,1004905.0,0.9091370000000001,2.068166,ESP,FIN,480240
7524480,72,74,6993,2006,0.0,47318.0,0.6426350000000001,0.925003,EST,FIN,480240
7524481,77,74,6993,2006,1263.0,1259181.0,1.47591,0.489466,FRA,FIN,480240
7524482,78,74,6993,2006,0.0,1566.0,-0.117631,-0.69352,FRO,FIN,480240
7524483,81,74,6993,2006,7942.0,14561784.0,1.824154,0.614424,GBR,FIN,480240
7524484,90,74,6993,2006,0.0,172914.0,0.261955,1.488958,GRC,FIN,480240
7524485,97,74,6993,2006,0.0,1345308.0,0.5776319999999999,2.076782,HKG,FIN,480240
7524486,102,74,6993,2006,0.0,55104.0,1.4034309999999999,0.835144,HUN,FIN,480240
7524487,106,74,6993,2006,0.0,205656.0,1.43804,0.06463200000000001,IRL,FIN,480240
7524488,111,74,6993,2006,2386.0,82709.0,1.293779,0.93995,ITA,FIN,480240
7524489,114,74,6993,2006,0.0,3228.0,2.4348099999999997,0.082887,JPN,FIN,480240
7524490,121,74,6993,2006,0.0,2925662.0,1.5384309999999999,0.766628,KOR,FIN,480240
7524491,130,74,6993,2006,0.0,8428.0,0.44063599999999997,1.163857,LTU,FIN,480240
7524492,135,74,6993,2006,0.0,6041.0,-0.017707,0.135305,MDA,FIN,480240
7524493,153,74,6993,2006,0.0,25827.0,0.7896569999999999,0.363625,MYS,FIN,480240
7524494,162,74,6993,2006,22136.0,0.0,1.192134,1.450852,NLD,FIN,480240
7524495,166,74,6993,2006,0.0,10115.0,0.5371,0.8240209999999999,NZL,FIN,480240
7524496,177,74,6993,2006,0.0,108488.0,0.991927,1.474418,POL,FIN,480240
7524497,186,74,6993,2006,0.0,1514826.0,0.801197,0.104683,RUS,FIN,480240
7524498,206,74,6993,2006,0.0,1737.0,1.291583,0.868317,SVK,FIN,480240
7524499,208,74,6993,2006,52081.0,3866476.0,1.902737,0.593294,SWE,FIN,480240
7524500,228,74,6993,2006,0.0,9691507.0,0.7008439999999999,0.79656,UKR,FIN,480240
7524501,231,74,6993,2006,26949.0,1790608.0,1.666643,-0.121679,USA,FIN,480240
7524502,249,74,6993,2006,0.0,654729.0,1.619915,1.2289940000000001,TWN,FIN,480240
7524503,250,74,6993,2006,0.0,56703920.0,0.711619,-0.41880200000000006,ANS,FIN,480240
7524504,14,77,6993,2006,0.0,3680.0,0.067166,0.373148,AUS,FRA,480240
7524505,18,77,6993,2006,1244391.0,178495.0,1.2222540000000002,1.383027,BEL,FRA,480240
7524506,32,77,6993,2006,0.0,673653.0,0.633889,1.1474520000000001,BRA,FRA,480240
7524507,41,77,6993,2006,0.0,52928.0,2.052534,0.515523,CHE,FRA,480240
7524508,43,77,6993,2006,0.0,8400.0,0.737888,2.54966,CHN,FRA,480240
7524509,44,77,6993,2006,0.0,17607.0,-0.8918530000000001,-0.8145819999999999,CIV,FRA,480240
7524510,61,77,6993,2006,1816157.0,26961.0,2.132566,-2.773669,DEU,FRA,480240
7524511,64,77,6993,2006,0.0,658358.0,1.2308700000000001,1.180914,DNK,FRA,480240
7524512,66,77,6993,2006,0.0,15403.0,-0.489962,-1.12456,DZA,FRA,480240
7524513,71,77,6993,2006,7505860.0,863194.0,0.9091370000000001,2.068166,ESP,FRA,480240
7524514,74,77,6993,2006,1259181.0,1263.0,1.864038,0.8193940000000001,FIN,FRA,480240
7524515,81,77,6993,2006,135223.0,425695.0,1.824154,0.614424,GBR,FRA,480240
7524516,83,77,6993,2006,0.0,1067.0,-0.9934860000000001,-0.809318,GHA,FRA,480240
7524517,90,77,6993,2006,0.0,3873.0,0.261955,1.488958,GRC,FRA,480240
7524518,104,77,6993,2006,0.0,14419.0,0.285652,2.731318,IND,FRA,480240
7524519,111,77,6993,2006,117223.0,146929.0,1.293779,0.93995,ITA,FRA,480240
7524520,114,77,6993,2006,6964.0,46422.0,2.4348099999999997,0.082887,JPN,FRA,480240
7524521,121,77,6993,2006,0.0,55257.0,1.5384309999999999,0.766628,KOR,FRA,480240
7524522,122,77,6993,2006,0.0,2637.0,-0.589823,-1.142795,KWT,FRA,480240
7524523,131,77,6993,2006,16266.0,4636.0,1.4345620000000001,0.8840819999999999,LUX,FRA,480240
7524524,132,77,6993,2006,0.0,11363.0,0.531375,0.9414170000000001,LVA,FRA,480240
7524525,134,77,6993,2006,0.0,4871.0,-0.547933,0.08257300000000001,MAR,FRA,480240
7524526,138,77,6993,2006,0.0,34642.0,1.047268,0.7142270000000001,MEX,FRA,480240
7524527,141,77,6993,2006,0.0,13742.0,-0.503462,-0.778836,MLI,FRA,480240
7524528,153,77,6993,2006,0.0,2681.0,0.7896569999999999,0.363625,MYS,FRA,480240
7524529,162,77,6993,2006,15100.0,182898.0,1.192134,1.450852,NLD,FRA,480240
7524530,177,77,6993,2006,18341.0,1230.0,0.991927,1.474418,POL,FRA,480240
7524531,179,77,6993,2006,0.0,433140.0,0.5723630000000001,1.92303,PRT,FRA,480240
7524532,182,77,6993,2006,0.0,2407.0,-0.213329,-0.743599,PYF,FRA,480240
7524533,183,77,6993,2006,0.0,42830.0,0.055777999999999994,-1.0379049999999999,QAT,FRA,480240
7524534,188,77,6993,2006,0.0,7525.0,0.162432,-0.853059,SAU,FRA,480240
7524535,206,77,6993,2006,0.0,82934.0,1.291583,0.868317,SVK,FRA,480240
7524536,208,77,6993,2006,754529.0,0.0,1.902737,0.593294,SWE,FRA,480240
7524537,216,77,6993,2006,6743.0,3409.0,0.568209,1.685343,THA,FRA,480240
7524538,223,77,6993,2006,0.0,2418.0,-0.013636,0.804752,TUN,FRA,480240
7524539,224,77,6993,2006,82850.0,0.0,0.33971599999999996,2.193384,TUR,FRA,480240
7524540,231,77,6993,2006,35706.0,54742.0,1.666643,-0.121679,USA,FRA,480240
7524541,249,77,6993,2006,0.0,4863.0,1.619915,1.2289940000000001,TWN,FRA,480240
7524542,7,81,6993,2006,0.0,167568.0,0.053903999999999994,-0.735124,ARE,GBR,480240
7524543,8,81,6993,2006,0.0,10240.0,0.33055,0.665867,ARG,GBR,480240
7524544,14,81,6993,2006,0.0,5662.0,0.067166,0.373148,AUS,GBR,480240
7524545,18,81,6993,2006,836446.0,61155.0,1.2222540000000002,1.383027,BEL,GBR,480240
7524546,23,81,6993,2006,0.0,1083.0,0.414563,1.378005,BGR,GBR,480240
7524547,34,81,6993,2006,0.0,1195.0,-1.331831,-0.9170940000000001,BRN,GBR,480240
7524548,39,81,6993,2006,162002.0,147828.0,0.865685,1.1480489999999999,CAN,GBR,480240
7524549,41,81,6993,2006,0.0,1698.0,2.052534,0.515523,CHE,GBR,480240
7524550,43,81,6993,2006,0.0,2178.0,0.737888,2.54966,CHN,GBR,480240
7524551,58,81,6993,2006,0.0,4594.0,0.708267,-0.048096,CYP,GBR,480240
7524552,59,81,6993,2006,890403.0,0.0,1.564058,0.6023649999999999,CZE,GBR,480240
7524553,61,81,6993,2006,5510484.0,936697.0,2.132566,-2.773669,DEU,GBR,480240
7524554,64,81,6993,2006,56061.0,25878.0,1.2308700000000001,1.180914,DNK,GBR,480240
7524555,68,81,6993,2006,0.0,2817.0,-0.182272,0.40222399999999997,EGY,GBR,480240
7524556,71,81,6993,2006,2766335.0,21635.0,0.9091370000000001,2.068166,ESP,GBR,480240
7524557,74,81,6993,2006,14561784.0,7942.0,1.864038,0.8193940000000001,FIN,GBR,480240
7524558,77,81,6993,2006,425695.0,135223.0,1.47591,0.489466,FRA,GBR,480240
7524559,83,81,6993,2006,0.0,31200.0,-0.9934860000000001,-0.809318,GHA,GBR,480240
7524560,90,81,6993,2006,0.0,8435.0,0.261955,1.488958,GRC,GBR,480240
7524561,97,81,6993,2006,0.0,2652.0,0.5776319999999999,2.076782,HKG,GBR,480240
7524562,102,81,6993,2006,0.0,65963.0,1.4034309999999999,0.835144,HUN,GBR,480240
7524563,103,81,6993,2006,0.0,165792.0,-0.21012399999999998,1.467838,IDN,GBR,480240
7524564,104,81,6993,2006,0.0,27315.0,0.285652,2.731318,IND,GBR,480240
7524565,106,81,6993,2006,1171778.0,582851.0,1.43804,0.06463200000000001,IRL,GBR,480240
7524566,109,81,6993,2006,0.0,1908.0,0.170234,-0.302203,ISL,GBR,480240
7524567,110,81,6993,2006,109625.0,0.0,1.3082129999999998,0.783845,ISR,GBR,480240
7524568,111,81,6993,2006,67296.0,21432.0,1.293779,0.93995,ITA,GBR,480240
7524569,114,81,6993,2006,4593.0,0.0,2.4348099999999997,0.082887,JPN,GBR,480240
7524570,116,81,6993,2006,0.0,2278.0,-0.38287899999999997,1.060286,KEN,GBR,480240
7524571,121,81,6993,2006,0.0,2585.0,1.5384309999999999,0.766628,KOR,GBR,480240
7524572,122,81,6993,2006,0.0,6280.0,-0.589823,-1.142795,KWT,GBR,480240
7524573,126,81,6993,2006,0.0,4211.0,-0.518724,-1.142074,LBY,GBR,480240
7524574,128,81,6993,2006,0.0,5184.0,-0.573767,0.305913,LKA,GBR,480240
7524575,131,81,6993,2006,0.0,2190.0,1.4345620000000001,0.8840819999999999,LUX,GBR,480240
7524576,134,81,6993,2006,0.0,3253.0,-0.547933,0.08257300000000001,MAR,GBR,480240
7524577,138,81,6993,2006,0.0,5772.0,1.047268,0.7142270000000001,MEX,GBR,480240
7524578,140,81,6993,2006,0.0,8535.0,-0.21336,0.17674700000000002,MKD,GBR,480240
7524579,141,81,6993,2006,0.0,1294.0,-0.503462,-0.778836,MLI,GBR,480240
7524580,142,81,6993,2006,0.0,12280.0,1.384411,0.093734,MLT,GBR,480240
7524581,151,81,6993,2006,0.0,1047.0,-0.311109,-0.07267,MUS,GBR,480240
7524582,153,81,6993,2006,0.0,12646.0,0.7896569999999999,0.363625,MYS,GBR,480240
7524583,159,81,6993,2006,0.0,16938.0,-2.094353,-1.215025,NGA,GBR,480240
7524584,162,81,6993,2006,768224.0,47507.0,1.192134,1.450852,NLD,GBR,480240
7524585,163,81,6993,2006,33095.0,68364.0,1.0787930000000001,0.014051,NOR,GBR,480240
7524586,167,81,6993,2006,0.0,12827.0,-0.6373989999999999,-1.092554,OMN,GBR,480240
7524587,168,81,6993,2006,0.0,1171.0,-0.449333,0.563013,PAK,GBR,480240
7524588,177,81,6993,2006,15794.0,1985.0,0.991927,1.474418,POL,GBR,480240
7524589,179,81,6993,2006,0.0,17205.0,0.5723630000000001,1.92303,PRT,GBR,480240
7524590,183,81,6993,2006,0.0,60190.0,0.055777999999999994,-1.0379049999999999,QAT,GBR,480240
7524591,186,81,6993,2006,0.0,19029.0,0.801197,0.104683,RUS,GBR,480240
7524592,187,81,6993,2006,0.0,2594.0,-0.032827999999999996,-0.42937600000000004,RWA,GBR,480240
7524593,192,81,6993,2006,64939.0,0.0,1.5377379999999998,0.503089,SGP,GBR,480240
7524594,207,81,6993,2006,42846.0,4660.0,1.5882370000000001,0.800719,SVN,GBR,480240
7524595,208,81,6993,2006,1104751.0,31020.0,1.902737,0.593294,SWE,GBR,480240
7524596,224,81,6993,2006,4634.0,0.0,0.33971599999999996,2.193384,TUR,GBR,480240
7524597,231,81,6993,2006,208176.0,530359.0,1.666643,-0.121679,USA,GBR,480240
7524598,246,81,6993,2006,0.0,18647.0,0.37964499999999995,1.466326,ZAF,GBR,480240
7524599,15,90,6993,2006,31304.0,13653.0,1.775669,0.192717,AUT,GRC,480240
7524600,18,90,6993,2006,41867.0,0.0,1.2222540000000002,1.383027,BEL,GRC,480240
7524601,23,90,6993,2006,0.0,56419.0,0.414563,1.378005,BGR,GRC,480240
7524602,58,90,6993,2006,0.0,10579.0,0.708267,-0.048096,CYP,GRC,480240
7524603,59,90,6993,2006,41876.0,0.0,1.564058,0.6023649999999999,CZE,GRC,480240
7524604,61,90,6993,2006,830202.0,43638.0,2.132566,-2.773669,DEU,GRC,480240
7524605,71,90,6993,2006,408483.0,0.0,0.9091370000000001,2.068166,ESP,GRC,480240
7524606,74,90,6993,2006,172914.0,0.0,1.864038,0.8193940000000001,FIN,GRC,480240
7524607,77,90,6993,2006,3873.0,0.0,1.47591,0.489466,FRA,GRC,480240
7524608,81,90,6993,2006,8435.0,0.0,1.824154,0.614424,GBR,GRC,480240
7524609,111,90,6993,2006,13018.0,0.0,1.293779,0.93995,ITA,GRC,480240
7524610,140,90,6993,2006,0.0,1634.0,-0.21336,0.17674700000000002,MKD,GRC,480240
7524611,162,90,6993,2006,64826.0,0.0,1.192134,1.450852,NLD,GRC,480240
7524612,185,90,6993,2006,0.0,418180.0,0.550825,1.170744,ROU,GRC,480240
7524613,207,90,6993,2006,18415.0,0.0,1.5882370000000001,0.800719,SVN,GRC,480240
7524614,208,90,6993,2006,79646.0,0.0,1.902737,0.593294,SWE,GRC,480240
7524615,231,90,6993,2006,9278.0,0.0,1.666643,-0.121679,USA,GRC,480240
7524616,18,93,6993,2006,104199.0,0.0,1.2222540000000002,1.383027,BEL,GTM,480240
7524617,18,97,6993,2006,187515.0,0.0,1.2222540000000002,1.383027,BEL,HKG,480240
7524618,22,97,6993,2006,0.0,914.0,-1.0305309999999999,-0.80937,BGD,HKG,480240
7524619,43,97,6993,2006,7143.0,196476.0,0.737888,2.54966,CHN,HKG,480240
7524620,61,97,6993,2006,949113.0,0.0,2.132566,-2.773669,DEU,HKG,480240
7524621,71,97,6993,2006,11964.0,0.0,0.9091370000000001,2.068166,ESP,HKG,480240
7524622,74,97,6993,2006,1345308.0,0.0,1.864038,0.8193940000000001,FIN,HKG,480240
7524623,81,97,6993,2006,2652.0,0.0,1.824154,0.614424,GBR,HKG,480240
7524624,111,97,6993,2006,46099.0,0.0,1.293779,0.93995,ITA,HKG,480240
7524625,114,97,6993,2006,5529.0,0.0,2.4348099999999997,0.082887,JPN,HKG,480240
7524626,153,97,6993,2006,7566.0,0.0,0.7896569999999999,0.363625,MYS,HKG,480240
7524627,192,97,6993,2006,0.0,3847.0,1.5377379999999998,0.503089,SGP,HKG,480240
7524628,216,97,6993,2006,22202.0,0.0,0.568209,1.685343,THA,HKG,480240
7524629,231,97,6993,2006,513477.0,0.0,1.666643,-0.121679,USA,HKG,480240
7524630,247,97,6993,2006,0.0,6023.0,-0.5307,-0.793621,ZMB,HKG,480240
7524631,248,97,6993,2006,0.0,1565.0,-0.41825500000000004,-0.55313,ZWE,HKG,480240
7524632,249,97,6993,2006,112460.0,0.0,1.619915,1.2289940000000001,TWN,HKG,480240
7524633,231,99,6993,2006,34479.0,0.0,1.666643,-0.121679,USA,HND,480240
7524634,34,103,6993,2006,0.0,55100.0,-1.331831,-0.9170940000000001,BRN,IDN,480240
7524635,43,103,6993,2006,33733.0,0.0,0.737888,2.54966,CHN,IDN,480240
7524636,61,103,6993,2006,24275.0,0.0,2.132566,-2.773669,DEU,IDN,480240
7524637,81,103,6993,2006,165792.0,0.0,1.824154,0.614424,GBR,IDN,480240
7524638,85,103,6993,2006,0.0,1409.0,-1.8376720000000002,-1.229774,GIN,IDN,480240
7524639,122,103,6993,2006,0.0,947.0,-0.589823,-1.142795,KWT,IDN,480240
7524640,140,103,6993,2006,0.0,478.0,-0.21336,0.17674700000000002,MKD,IDN,480240
7524641,153,103,6993,2006,16020.0,11414.0,0.7896569999999999,0.363625,MYS,IDN,480240
7524642,162,103,6993,2006,1900.0,0.0,1.192134,1.450852,NLD,IDN,480240
7524643,192,103,6993,2006,16364.0,15263.0,1.5377379999999998,0.503089,SGP,IDN,480240
7524644,249,103,6993,2006,171521.0,0.0,1.619915,1.2289940000000001,TWN,IDN,480240
7524645,18,104,6993,2006,557846.0,0.0,1.2222540000000002,1.383027,BEL,IND,480240
7524646,43,104,6993,2006,2523960.0,0.0,0.737888,2.54966,CHN,IND,480240
7524647,68,104,6993,2006,0.0,3510.0,-0.182272,0.40222399999999997,EGY,IND,480240
7524648,71,104,6993,2006,136880.0,0.0,0.9091370000000001,2.068166,ESP,IND,480240
7524649,77,104,6993,2006,14419.0,0.0,1.47591,0.489466,FRA,IND,480240
7524650,81,104,6993,2006,27315.0,0.0,1.824154,0.614424,GBR,IND,480240
7524651,106,104,6993,2006,0.0,2997.0,1.43804,0.06463200000000001,IRL,IND,480240
7524652,111,104,6993,2006,3199.0,0.0,1.293779,0.93995,ITA,IND,480240
7524653,159,104,6993,2006,0.0,26659.0,-2.094353,-1.215025,NGA,IND,480240
7524654,192,104,6993,2006,4286.0,0.0,1.5377379999999998,0.503089,SGP,IND,480240
7524655,208,104,6993,2006,8655.0,0.0,1.902737,0.593294,SWE,IND,480240
7524656,231,104,6993,2006,7127.0,0.0,1.666643,-0.121679,USA,IND,480240
7524657,14,106,6993,2006,5997.0,0.0,0.067166,0.373148,AUS,IRL,480240
7524658,18,106,6993,2006,0.0,31086.0,1.2222540000000002,1.383027,BEL,IRL,480240
7524659,61,106,6993,2006,45488.0,0.0,2.132566,-2.773669,DEU,IRL,480240
7524660,64,106,6993,2006,37960.0,0.0,1.2308700000000001,1.180914,DNK,IRL,480240
7524661,74,106,6993,2006,205656.0,0.0,1.864038,0.8193940000000001,FIN,IRL,480240
7524662,81,106,6993,2006,582851.0,1171778.0,1.824154,0.614424,GBR,IRL,480240
7524663,104,106,6993,2006,2997.0,0.0,0.285652,2.731318,IND,IRL,480240
7524664,111,106,6993,2006,2318.0,0.0,1.293779,0.93995,ITA,IRL,480240
7524665,121,106,6993,2006,16209.0,0.0,1.5384309999999999,0.766628,KOR,IRL,480240
7524666,160,106,6993,2006,5978.0,0.0,-0.998825,-0.893867,NIC,IRL,480240
7524667,162,106,6993,2006,151043.0,0.0,1.192134,1.450852,NLD,IRL,480240
7524668,178,106,6993,2006,2212.0,0.0,0.548754,0.763313,PRK,IRL,480240
7524669,179,106,6993,2006,145733.0,453432.0,0.5723630000000001,1.92303,PRT,IRL,480240
7524670,192,106,6993,2006,5893.0,0.0,1.5377379999999998,0.503089,SGP,IRL,480240
7524671,208,106,6993,2006,2428.0,0.0,1.902737,0.593294,SWE,IRL,480240
7524672,223,106,6993,2006,1949.0,0.0,-0.013636,0.804752,TUN,IRL,480240
7524673,231,106,6993,2006,56666.0,0.0,1.666643,-0.121679,USA,IRL,480240
7524674,246,106,6993,2006,3626.0,0.0,0.37964499999999995,1.466326,ZAF,IRL,480240
7524675,250,106,6993,2006,383716.0,0.0,0.711619,-0.41880200000000006,ANS,IRL,480240
7524676,18,110,6993,2006,118050.0,4318.0,1.2222540000000002,1.383027,BEL,ISR,480240
7524677,71,110,6993,2006,156600.0,0.0,0.9091370000000001,2.068166,ESP,ISR,480240
7524678,81,110,6993,2006,0.0,109625.0,1.824154,0.614424,GBR,ISR,480240
7524679,111,110,6993,2006,25577.0,0.0,1.293779,0.93995,ITA,ISR,480240
7524680,231,110,6993,2006,9925.0,0.0,1.666643,-0.121679,USA,ISR,480240
7524681,4,111,6993,2006,0.0,2039.0,-0.340932,-0.06302200000000001,ALB,ITA,480240
7524682,14,111,6993,2006,0.0,117772.0,0.067166,0.373148,AUS,ITA,480240
7524683,15,111,6993,2006,2010.0,25246.0,1.775669,0.192717,AUT,ITA,480240
7524684,17,111,6993,2006,0.0,1464.0,-0.033711,-0.48450600000000005,BDI,ITA,480240
7524685,18,111,6993,2006,1023206.0,116729.0,1.2222540000000002,1.383027,BEL,ITA,480240
7524686,23,111,6993,2006,0.0,21267.0,0.414563,1.378005,BGR,ITA,480240
7524687,26,111,6993,2006,0.0,6269.0,0.40788800000000003,0.562854,BIH,ITA,480240
7524688,32,111,6993,2006,1601.0,1011.0,0.633889,1.1474520000000001,BRA,ITA,480240
7524689,39,111,6993,2006,0.0,10682.0,0.865685,1.1480489999999999,CAN,ITA,480240
7524690,41,111,6993,2006,1139.0,80098.0,2.052534,0.515523,CHE,ITA,480240
7524691,43,111,6993,2006,28276.0,15792.0,0.737888,2.54966,CHN,ITA,480240
7524692,52,111,6993,2006,0.0,2602.0,0.042663,-0.376672,CRI,ITA,480240
7524693,54,111,6993,2006,0.0,44760.0,0.204039,-0.5183260000000001,CUB,ITA,480240
7524694,59,111,6993,2006,0.0,1253.0,1.564058,0.6023649999999999,CZE,ITA,480240
7524695,61,111,6993,2006,10868904.0,155992.0,2.132566,-2.773669,DEU,ITA,480240
7524696,64,111,6993,2006,9865.0,1961.0,1.2308700000000001,1.180914,DNK,ITA,480240
7524697,66,111,6993,2006,0.0,1656.0,-0.489962,-1.12456,DZA,ITA,480240
7524698,68,111,6993,2006,0.0,221005.0,-0.182272,0.40222399999999997,EGY,ITA,480240
7524699,71,111,6993,2006,457584.0,69085.0,0.9091370000000001,2.068166,ESP,ITA,480240
7524700,72,111,6993,2006,0.0,2562.0,0.6426350000000001,0.925003,EST,ITA,480240
7524701,74,111,6993,2006,82709.0,2386.0,1.864038,0.8193940000000001,FIN,ITA,480240
7524702,77,111,6993,2006,146929.0,117223.0,1.47591,0.489466,FRA,ITA,480240
7524703,81,111,6993,2006,21432.0,67296.0,1.824154,0.614424,GBR,ITA,480240
7524704,83,111,6993,2006,0.0,21682.0,-0.9934860000000001,-0.809318,GHA,ITA,480240
7524705,89,111,6993,2006,0.0,16465.0,-2.188173,-0.8631700000000001,GNQ,ITA,480240
7524706,90,111,6993,2006,0.0,13018.0,0.261955,1.488958,GRC,ITA,480240
7524707,97,111,6993,2006,0.0,46099.0,0.5776319999999999,2.076782,HKG,ITA,480240
7524708,100,111,6993,2006,0.0,29356.0,0.755787,0.992614,HRV,ITA,480240
7524709,102,111,6993,2006,0.0,71331.0,1.4034309999999999,0.835144,HUN,ITA,480240
7524710,104,111,6993,2006,0.0,3199.0,0.285652,2.731318,IND,ITA,480240
7524711,106,111,6993,2006,0.0,2318.0,1.43804,0.06463200000000001,IRL,ITA,480240
7524712,110,111,6993,2006,0.0,25577.0,1.3082129999999998,0.783845,ISR,ITA,480240
7524713,113,111,6993,2006,0.0,962.0,0.166718,0.331248,JOR,ITA,480240
7524714,114,111,6993,2006,4459.0,53523.0,2.4348099999999997,0.082887,JPN,ITA,480240
7524715,115,111,6993,2006,0.0,1083.0,0.038229,-0.579421,KAZ,ITA,480240
7524716,121,111,6993,2006,35417.0,0.0,1.5384309999999999,0.766628,KOR,ITA,480240
7524717,122,111,6993,2006,0.0,23179.0,-0.589823,-1.142795,KWT,ITA,480240
7524718,124,111,6993,2006,0.0,55619.0,0.3861,1.586183,LBN,ITA,480240
7524719,130,111,6993,2006,0.0,3317.0,0.44063599999999997,1.163857,LTU,ITA,480240
7524720,131,111,6993,2006,1333.0,0.0,1.4345620000000001,0.8840819999999999,LUX,ITA,480240
7524721,133,111,6993,2006,0.0,2131.0,-0.07118200000000001,-0.228354,MAC,ITA,480240
7524722,134,111,6993,2006,0.0,5795.0,-0.547933,0.08257300000000001,MAR,ITA,480240
7524723,135,111,6993,2006,0.0,5236.0,-0.017707,0.135305,MDA,ITA,480240
7524724,142,111,6993,2006,0.0,4324.0,1.384411,0.093734,MLT,ITA,480240
7524725,162,111,6993,2006,10087.0,3134.0,1.192134,1.450852,NLD,ITA,480240
7524726,166,111,6993,2006,0.0,54124.0,0.5371,0.8240209999999999,NZL,ITA,480240
7524727,174,111,6993,2006,0.0,25516.0,0.161994,0.036631,PHL,ITA,480240
7524728,177,111,6993,2006,33910.0,30900.0,0.991927,1.474418,POL,ITA,480240
7524729,179,111,6993,2006,0.0,15306.0,0.5723630000000001,1.92303,PRT,ITA,480240
7524730,183,111,6993,2006,0.0,1343.0,0.055777999999999994,-1.0379049999999999,QAT,ITA,480240
7524731,185,111,6993,2006,0.0,79891.0,0.550825,1.170744,ROU,ITA,480240
7524732,186,111,6993,2006,0.0,1240517.0,0.801197,0.104683,RUS,ITA,480240
7524733,188,111,6993,2006,0.0,7572.0,0.162432,-0.853059,SAU,ITA,480240
7524734,192,111,6993,2006,0.0,109322.0,1.5377379999999998,0.503089,SGP,ITA,480240
7524735,201,111,6993,2006,0.0,56717.0,0.547824,1.5588879999999998,SRB,ITA,480240
7524736,206,111,6993,2006,0.0,52103.0,1.291583,0.868317,SVK,ITA,480240
7524737,207,111,6993,2006,0.0,7991.0,1.5882370000000001,0.800719,SVN,ITA,480240
7524738,208,111,6993,2006,558901.0,0.0,1.902737,0.593294,SWE,ITA,480240
7524739,216,111,6993,2006,0.0,1493.0,0.568209,1.685343,THA,ITA,480240
7524740,217,111,6993,2006,0.0,1068.0,-1.071326,-1.158325,TJK,ITA,480240
7524741,222,111,6993,2006,0.0,1294.0,-0.20651399999999998,-1.024907,TTO,ITA,480240
7524742,223,111,6993,2006,19491.0,15873.0,-0.013636,0.804752,TUN,ITA,480240
7524743,224,111,6993,2006,0.0,88937.0,0.33971599999999996,2.193384,TUR,ITA,480240
7524744,228,111,6993,2006,0.0,256737.0,0.7008439999999999,0.79656,UKR,ITA,480240
7524745,231,111,6993,2006,16639.0,13738.0,1.666643,-0.121679,USA,ITA,480240
7524746,246,111,6993,2006,0.0,6045.0,0.37964499999999995,1.466326,ZAF,ITA,480240
7524747,249,111,6993,2006,0.0,5165.0,1.619915,1.2289940000000001,TWN,ITA,480240
7524748,250,111,6993,2006,0.0,92565.0,0.711619,-0.41880200000000006,ANS,ITA,480240
7524749,18,112,6993,2006,6923.0,0.0,1.2222540000000002,1.383027,BEL,JAM,480240
7524750,14,114,6993,2006,5783.0,0.0,0.067166,0.373148,AUS,JPN,480240
7524751,34,114,6993,2006,0.0,107648.0,-1.331831,-0.9170940000000001,BRN,JPN,480240
7524752,43,114,6993,2006,215092.0,378619.0,0.737888,2.54966,CHN,JPN,480240
7524753,61,114,6993,2006,185341.0,0.0,2.132566,-2.773669,DEU,JPN,480240
7524754,74,114,6993,2006,3228.0,0.0,1.864038,0.8193940000000001,FIN,JPN,480240
7524755,77,114,6993,2006,46422.0,6964.0,1.47591,0.489466,FRA,JPN,480240
7524756,81,114,6993,2006,0.0,4593.0,1.824154,0.614424,GBR,JPN,480240
7524757,97,114,6993,2006,0.0,5529.0,0.5776319999999999,2.076782,HKG,JPN,480240
7524758,111,114,6993,2006,53523.0,4459.0,1.293779,0.93995,ITA,JPN,480240
7524759,121,114,6993,2006,0.0,50214.0,1.5384309999999999,0.766628,KOR,JPN,480240
7524760,153,114,6993,2006,0.0,47754.0,0.7896569999999999,0.363625,MYS,JPN,480240
7524761,192,114,6993,2006,0.0,57685.0,1.5377379999999998,0.503089,SGP,JPN,480240
7524762,206,114,6993,2006,0.0,2661.0,1.291583,0.868317,SVK,JPN,480240
7524763,208,114,6993,2006,19921.0,0.0,1.902737,0.593294,SWE,JPN,480240
7524764,231,114,6993,2006,21356.0,1778.0,1.666643,-0.121679,USA,JPN,480240
7524765,249,114,6993,2006,7110.0,14242.0,1.619915,1.2289940000000001,TWN,JPN,480240
7524766,18,121,6993,2006,50996.0,0.0,1.2222540000000002,1.383027,BEL,KOR,480240
7524767,39,121,6993,2006,35098.0,0.0,0.865685,1.1480489999999999,CAN,KOR,480240
7524768,43,121,6993,2006,47819.0,4428.0,0.737888,2.54966,CHN,KOR,480240
7524769,61,121,6993,2006,4916484.0,0.0,2.132566,-2.773669,DEU,KOR,480240
7524770,74,121,6993,2006,2925662.0,0.0,1.864038,0.8193940000000001,FIN,KOR,480240
7524771,77,121,6993,2006,55257.0,0.0,1.47591,0.489466,FRA,KOR,480240
7524772,81,121,6993,2006,2585.0,0.0,1.824154,0.614424,GBR,KOR,480240
7524773,106,121,6993,2006,0.0,16209.0,1.43804,0.06463200000000001,IRL,KOR,480240
7524774,111,121,6993,2006,0.0,35417.0,1.293779,0.93995,ITA,KOR,480240
7524775,114,121,6993,2006,50214.0,0.0,2.4348099999999997,0.082887,JPN,KOR,480240
7524776,145,121,6993,2006,0.0,22800.0,-1.147217,-1.0734709999999998,MNG,KOR,480240
7524777,153,121,6993,2006,0.0,84679.0,0.7896569999999999,0.363625,MYS,KOR,480240
7524778,162,121,6993,2006,27217.0,0.0,1.192134,1.450852,NLD,KOR,480240
7524779,174,121,6993,2006,1742.0,0.0,0.161994,0.036631,PHL,KOR,480240
7524780,186,121,6993,2006,0.0,33943.0,0.801197,0.104683,RUS,KOR,480240
7524781,188,121,6993,2006,0.0,3865.0,0.162432,-0.853059,SAU,KOR,480240
7524782,192,121,6993,2006,8231.0,1551.0,1.5377379999999998,0.503089,SGP,KOR,480240
7524783,231,121,6993,2006,129211.0,0.0,1.666643,-0.121679,USA,KOR,480240
7524784,239,121,6993,2006,0.0,6060.0,-0.342779,1.033318,VNM,KOR,480240
7524785,249,121,6993,2006,1846.0,0.0,1.619915,1.2289940000000001,TWN,KOR,480240
7524786,18,128,6993,2006,115781.0,0.0,1.2222540000000002,1.383027,BEL,LKA,480240
7524787,81,128,6993,2006,5184.0,0.0,1.824154,0.614424,GBR,LKA,480240
7524788,192,128,6993,2006,5407.0,0.0,1.5377379999999998,0.503089,SGP,LKA,480240
7524789,77,138,6993,2006,34642.0,0.0,1.47591,0.489466,FRA,MEX,480240
7524790,81,138,6993,2006,5772.0,0.0,1.824154,0.614424,GBR,MEX,480240
7524791,163,138,6993,2006,0.0,1470.0,1.0787930000000001,0.014051,NOR,MEX,480240
7524792,231,138,6993,2006,115795.0,0.0,1.666643,-0.121679,USA,MEX,480240
7524793,249,138,6993,2006,10114.0,0.0,1.619915,1.2289940000000001,TWN,MEX,480240
7524794,18,153,6993,2006,105602.0,0.0,1.2222540000000002,1.383027,BEL,MYS,480240
7524795,34,153,6993,2006,4450.0,17205.0,-1.331831,-0.9170940000000001,BRN,MYS,480240
7524796,43,153,6993,2006,20915.0,0.0,0.737888,2.54966,CHN,MYS,480240
7524797,61,153,6993,2006,84944.0,0.0,2.132566,-2.773669,DEU,MYS,480240
7524798,64,153,6993,2006,5830.0,0.0,1.2308700000000001,1.180914,DNK,MYS,480240
7524799,74,153,6993,2006,25827.0,0.0,1.864038,0.8193940000000001,FIN,MYS,480240
7524800,77,153,6993,2006,2681.0,0.0,1.47591,0.489466,FRA,MYS,480240
7524801,81,153,6993,2006,12646.0,0.0,1.824154,0.614424,GBR,MYS,480240
7524802,95,153,6993,2006,0.0,64070.0,0.385261,-0.26928,GUM,MYS,480240
7524803,97,153,6993,2006,0.0,7566.0,0.5776319999999999,2.076782,HKG,MYS,480240
7524804,103,153,6993,2006,11414.0,16020.0,-0.21012399999999998,1.467838,IDN,MYS,480240
7524805,114,153,6993,2006,47754.0,0.0,2.4348099999999997,0.082887,JPN,MYS,480240
7524806,121,153,6993,2006,84679.0,0.0,1.5384309999999999,0.766628,KOR,MYS,480240
7524807,146,153,6993,2006,0.0,16009.0,-0.016344,-0.356507,MNP,MYS,480240
7524808,176,153,6993,2006,0.0,142522.0,-1.89409,-1.234731,PNG,MYS,480240
7524809,192,153,6993,2006,2161.0,0.0,1.5377379999999998,0.503089,SGP,MYS,480240
7524810,231,153,6993,2006,24520.0,0.0,1.666643,-0.121679,USA,MYS,480240
7524811,239,153,6993,2006,0.0,1791.0,-0.342779,1.033318,VNM,MYS,480240
7524812,249,153,6993,2006,1960.0,0.0,1.619915,1.2289940000000001,TWN,MYS,480240
7524813,106,160,6993,2006,0.0,5978.0,1.43804,0.06463200000000001,IRL,NIC,480240
7524814,231,160,6993,2006,5460.0,0.0,1.666643,-0.121679,USA,NIC,480240
7524815,18,162,6993,2006,2168742.0,325825.0,1.2222540000000002,1.383027,BEL,NLD,480240
7524816,43,162,6993,2006,3740.0,18012.0,0.737888,2.54966,CHN,NLD,480240
7524817,59,162,6993,2006,0.0,18928.0,1.564058,0.6023649999999999,CZE,NLD,480240
7524818,61,162,6993,2006,5331057.0,7963.0,2.132566,-2.773669,DEU,NLD,480240
7524819,64,162,6993,2006,190326.0,176703.0,1.2308700000000001,1.180914,DNK,NLD,480240
7524820,68,162,6993,2006,0.0,145698.0,-0.182272,0.40222399999999997,EGY,NLD,480240
7524821,71,162,6993,2006,229926.0,1398777.0,0.9091370000000001,2.068166,ESP,NLD,480240
7524822,74,162,6993,2006,0.0,22136.0,1.864038,0.8193940000000001,FIN,NLD,480240
7524823,77,162,6993,2006,182898.0,15100.0,1.47591,0.489466,FRA,NLD,480240
7524824,81,162,6993,2006,47507.0,768224.0,1.824154,0.614424,GBR,NLD,480240
7524825,83,162,6993,2006,0.0,1531.0,-0.9934860000000001,-0.809318,GHA,NLD,480240
7524826,85,162,6993,2006,0.0,3424.0,-1.8376720000000002,-1.229774,GIN,NLD,480240
7524827,90,162,6993,2006,0.0,64826.0,0.261955,1.488958,GRC,NLD,480240
7524828,103,162,6993,2006,0.0,1900.0,-0.21012399999999998,1.467838,IDN,NLD,480240
7524829,106,162,6993,2006,0.0,151043.0,1.43804,0.06463200000000001,IRL,NLD,480240
7524830,111,162,6993,2006,3134.0,10087.0,1.293779,0.93995,ITA,NLD,480240
7524831,121,162,6993,2006,0.0,27217.0,1.5384309999999999,0.766628,KOR,NLD,480240
7524832,131,162,6993,2006,0.0,2480.0,1.4345620000000001,0.8840819999999999,LUX,NLD,480240
7524833,134,162,6993,2006,0.0,46641.0,-0.547933,0.08257300000000001,MAR,NLD,480240
7524834,159,162,6993,2006,0.0,7067.0,-2.094353,-1.215025,NGA,NLD,480240
7524835,163,162,6993,2006,468897.0,18677.0,1.0787930000000001,0.014051,NOR,NLD,480240
7524836,168,162,6993,2006,0.0,11620.0,-0.449333,0.563013,PAK,NLD,480240
7524837,177,162,6993,2006,0.0,1654.0,0.991927,1.474418,POL,NLD,480240
7524838,179,162,6993,2006,0.0,6044.0,0.5723630000000001,1.92303,PRT,NLD,480240
7524839,183,162,6993,2006,0.0,16437.0,0.055777999999999994,-1.0379049999999999,QAT,NLD,480240
7524840,188,162,6993,2006,0.0,2930.0,0.162432,-0.853059,SAU,NLD,480240
7524841,192,162,6993,2006,0.0,1812.0,1.5377379999999998,0.503089,SGP,NLD,480240
7524842,205,162,6993,2006,0.0,1132.0,-0.754046,-0.872361,SUR,NLD,480240
7524843,208,162,6993,2006,163353.0,3003.0,1.902737,0.593294,SWE,NLD,480240
7524844,231,162,6993,2006,91666.0,6201.0,1.666643,-0.121679,USA,NLD,480240
7524845,246,162,6993,2006,0.0,2296.0,0.37964499999999995,1.466326,ZAF,NLD,480240
7524846,39,166,6993,2006,2333.0,0.0,0.865685,1.1480489999999999,CAN,NZL,480240
7524847,61,166,6993,2006,432692.0,0.0,2.132566,-2.773669,DEU,NZL,480240
7524848,74,166,6993,2006,10115.0,0.0,1.864038,0.8193940000000001,FIN,NZL,480240
7524849,75,166,6993,2006,0.0,338673.0,-0.6554949999999999,-0.098284,FJI,NZL,480240
7524850,111,166,6993,2006,54124.0,0.0,1.293779,0.93995,ITA,NZL,480240
7524851,188,166,6993,2006,0.0,11331.0,0.162432,-0.853059,SAU,NZL,480240
7524852,231,166,6993,2006,2697.0,0.0,1.666643,-0.121679,USA,NZL,480240
7524853,18,168,6993,2006,144995.0,0.0,1.2222540000000002,1.383027,BEL,PAK,480240
7524854,43,168,6993,2006,11443.0,0.0,0.737888,2.54966,CHN,PAK,480240
7524855,71,168,6993,2006,0.0,1460.0,0.9091370000000001,2.068166,ESP,PAK,480240
7524856,81,168,6993,2006,1171.0,0.0,1.824154,0.614424,GBR,PAK,480240
7524857,162,168,6993,2006,11620.0,0.0,1.192134,1.450852,NLD,PAK,480240
7524858,192,168,6993,2006,22684.0,0.0,1.5377379999999998,0.503089,SGP,PAK,480240
7524859,18,169,6993,2006,20222.0,0.0,1.2222540000000002,1.383027,BEL,PAN,480240
7524860,39,169,6993,2006,16242.0,0.0,0.865685,1.1480489999999999,CAN,PAN,480240
7524861,231,169,6993,2006,13658.0,0.0,1.666643,-0.121679,USA,PAN,480240
7524862,18,174,6993,2006,75539.0,0.0,1.2222540000000002,1.383027,BEL,PHL,480240
7524863,111,174,6993,2006,25516.0,0.0,1.293779,0.93995,ITA,PHL,480240
7524864,121,174,6993,2006,0.0,1742.0,1.5384309999999999,0.766628,KOR,PHL,480240
7524865,122,174,6993,2006,0.0,2223.0,-0.589823,-1.142795,KWT,PHL,480240
7524866,231,174,6993,2006,4472.0,0.0,1.666643,-0.121679,USA,PHL,480240
7524867,15,177,6993,2006,2665.0,0.0,1.775669,0.192717,AUT,POL,480240
7524868,18,177,6993,2006,0.0,7044.0,1.2222540000000002,1.383027,BEL,POL,480240
7524869,41,177,6993,2006,0.0,4531.0,2.052534,0.515523,CHE,POL,480240
7524870,43,177,6993,2006,19237.0,0.0,0.737888,2.54966,CHN,POL,480240
7524871,61,177,6993,2006,491326.0,7351.0,2.132566,-2.773669,DEU,POL,480240
7524872,74,177,6993,2006,108488.0,0.0,1.864038,0.8193940000000001,FIN,POL,480240
7524873,77,177,6993,2006,1230.0,18341.0,1.47591,0.489466,FRA,POL,480240
7524874,81,177,6993,2006,1985.0,15794.0,1.824154,0.614424,GBR,POL,480240
7524875,111,177,6993,2006,30900.0,33910.0,1.293779,0.93995,ITA,POL,480240
7524876,132,177,6993,2006,0.0,30967.0,0.531375,0.9414170000000001,LVA,POL,480240
7524877,162,177,6993,2006,1654.0,0.0,1.192134,1.450852,NLD,POL,480240
7524878,179,177,6993,2006,0.0,26516.0,0.5723630000000001,1.92303,PRT,POL,480240
7524879,208,177,6993,2006,14097.0,0.0,1.902737,0.593294,SWE,POL,480240
7524880,228,177,6993,2006,1991.0,49273.0,0.7008439999999999,0.79656,UKR,POL,480240
7524881,231,177,6993,2006,6142.0,0.0,1.666643,-0.121679,USA,POL,480240
7524882,8,180,6993,2006,3595.0,0.0,0.33055,0.665867,ARG,PRY,480240
7524883,7,183,6993,2006,548918.0,0.0,0.053903999999999994,-0.735124,ARE,QAT,480240
7524884,18,183,6993,2006,27026.0,0.0,1.2222540000000002,1.383027,BEL,QAT,480240
7524885,24,183,6993,2006,2161.0,0.0,0.172724,-0.9449879999999999,BHR,QAT,480240
7524886,61,183,6993,2006,431179.0,0.0,2.132566,-2.773669,DEU,QAT,480240
7524887,71,183,6993,2006,1414.0,0.0,0.9091370000000001,2.068166,ESP,QAT,480240
7524888,77,183,6993,2006,42830.0,0.0,1.47591,0.489466,FRA,QAT,480240
7524889,81,183,6993,2006,60190.0,0.0,1.824154,0.614424,GBR,QAT,480240
7524890,111,183,6993,2006,1343.0,0.0,1.293779,0.93995,ITA,QAT,480240
7524891,122,183,6993,2006,27545.0,0.0,-0.589823,-1.142795,KWT,QAT,480240
7524892,162,183,6993,2006,16437.0,0.0,1.192134,1.450852,NLD,QAT,480240
7524893,188,183,6993,2006,1055.0,0.0,0.162432,-0.853059,SAU,QAT,480240
7524894,208,183,6993,2006,687.0,0.0,1.902737,0.593294,SWE,QAT,480240
7524895,216,183,6993,2006,23874.0,0.0,0.568209,1.685343,THA,QAT,480240
7524896,231,183,6993,2006,11230.0,0.0,1.666643,-0.121679,USA,QAT,480240
7524897,15,185,6993,2006,2783.0,0.0,1.775669,0.192717,AUT,ROU,480240
7524898,90,185,6993,2006,418180.0,0.0,0.261955,1.488958,GRC,ROU,480240
7524899,111,185,6993,2006,79891.0,0.0,1.293779,0.93995,ITA,ROU,480240
7524900,179,185,6993,2006,1238.0,0.0,0.5723630000000001,1.92303,PRT,ROU,480240
7524901,228,185,6993,2006,42791.0,0.0,0.7008439999999999,0.79656,UKR,ROU,480240
7524902,7,188,6993,2006,0.0,4642.0,0.053903999999999994,-0.735124,ARE,SAU,480240
7524903,18,188,6993,2006,9745.0,13611.0,1.2222540000000002,1.383027,BEL,SAU,480240
7524904,43,188,6993,2006,3283.0,0.0,0.737888,2.54966,CHN,SAU,480240
7524905,61,188,6993,2006,1211.0,0.0,2.132566,-2.773669,DEU,SAU,480240
7524906,62,188,6993,2006,0.0,3473.0,-0.251707,-0.436792,DJI,SAU,480240
7524907,71,188,6993,2006,565278.0,0.0,0.9091370000000001,2.068166,ESP,SAU,480240
7524908,77,188,6993,2006,7525.0,0.0,1.47591,0.489466,FRA,SAU,480240
7524909,111,188,6993,2006,7572.0,0.0,1.293779,0.93995,ITA,SAU,480240
7524910,121,188,6993,2006,3865.0,0.0,1.5384309999999999,0.766628,KOR,SAU,480240
7524911,122,188,6993,2006,0.0,164839.0,-0.589823,-1.142795,KWT,SAU,480240
7524912,162,188,6993,2006,2930.0,0.0,1.192134,1.450852,NLD,SAU,480240
7524913,166,188,6993,2006,11331.0,0.0,0.5371,0.8240209999999999,NZL,SAU,480240
7524914,183,188,6993,2006,0.0,1055.0,0.055777999999999994,-1.0379049999999999,QAT,SAU,480240
7524915,231,188,6993,2006,7275.0,0.0,1.666643,-0.121679,USA,SAU,480240
7524916,243,188,6993,2006,0.0,48933.0,-1.0407110000000002,-1.13042,YEM,SAU,480240
7524917,250,188,6993,2006,3260.0,0.0,0.711619,-0.41880200000000006,ANS,SAU,480240
7524918,231,197,6993,2006,3244.0,0.0,1.666643,-0.121679,USA,SLV,480240
7524919,162,205,6993,2006,1132.0,0.0,1.192134,1.450852,NLD,SUR,480240
7524920,14,208,6993,2006,1511.0,0.0,0.067166,0.373148,AUS,SWE,480240
7524921,15,208,6993,2006,0.0,172309.0,1.775669,0.192717,AUT,SWE,480240
7524922,18,208,6993,2006,52769.0,158791.0,1.2222540000000002,1.383027,BEL,SWE,480240
7524923,21,208,6993,2006,0.0,8156.0,-0.9432020000000001,-0.969247,BFA,SWE,480240
7524924,23,208,6993,2006,0.0,1024.0,0.414563,1.378005,BGR,SWE,480240
7524925,41,208,6993,2006,0.0,65570.0,2.052534,0.515523,CHE,SWE,480240
7524926,43,208,6993,2006,0.0,229133.0,0.737888,2.54966,CHN,SWE,480240
7524927,61,208,6993,2006,1637801.0,6675202.0,2.132566,-2.773669,DEU,SWE,480240
7524928,64,208,6993,2006,36994.0,1833863.0,1.2308700000000001,1.180914,DNK,SWE,480240
7524929,71,208,6993,2006,0.0,1516925.0,0.9091370000000001,2.068166,ESP,SWE,480240
7524930,74,208,6993,2006,3866476.0,52081.0,1.864038,0.8193940000000001,FIN,SWE,480240
7524931,77,208,6993,2006,0.0,754529.0,1.47591,0.489466,FRA,SWE,480240
7524932,81,208,6993,2006,31020.0,1104751.0,1.824154,0.614424,GBR,SWE,480240
7524933,90,208,6993,2006,0.0,79646.0,0.261955,1.488958,GRC,SWE,480240
7524934,102,208,6993,2006,0.0,81224.0,1.4034309999999999,0.835144,HUN,SWE,480240
7524935,104,208,6993,2006,0.0,8655.0,0.285652,2.731318,IND,SWE,480240
7524936,106,208,6993,2006,0.0,2428.0,1.43804,0.06463200000000001,IRL,SWE,480240
7524937,111,208,6993,2006,0.0,558901.0,1.293779,0.93995,ITA,SWE,480240
7524938,114,208,6993,2006,0.0,19921.0,2.4348099999999997,0.082887,JPN,SWE,480240
7524939,124,208,6993,2006,0.0,198539.0,0.3861,1.586183,LBN,SWE,480240
7524940,131,208,6993,2006,0.0,233739.0,1.4345620000000001,0.8840819999999999,LUX,SWE,480240
7524941,140,208,6993,2006,0.0,1802.0,-0.21336,0.17674700000000002,MKD,SWE,480240
7524942,159,208,6993,2006,0.0,847708.0,-2.094353,-1.215025,NGA,SWE,480240
7524943,162,208,6993,2006,3003.0,163353.0,1.192134,1.450852,NLD,SWE,480240
7524944,163,208,6993,2006,13387.0,103636.0,1.0787930000000001,0.014051,NOR,SWE,480240
7524945,177,208,6993,2006,0.0,14097.0,0.991927,1.474418,POL,SWE,480240
7524946,183,208,6993,2006,0.0,687.0,0.055777999999999994,-1.0379049999999999,QAT,SWE,480240
7524947,186,208,6993,2006,0.0,149530.0,0.801197,0.104683,RUS,SWE,480240
7524948,192,208,6993,2006,0.0,26746.0,1.5377379999999998,0.503089,SGP,SWE,480240
7524949,216,208,6993,2006,0.0,18384.0,0.568209,1.685343,THA,SWE,480240
7524950,231,208,6993,2006,14673.0,77468.0,1.666643,-0.121679,USA,SWE,480240
7524951,34,216,6993,2006,0.0,7700.0,-1.331831,-0.9170940000000001,BRN,THA,480240
7524952,43,216,6993,2006,15648.0,4395.0,0.737888,2.54966,CHN,THA,480240
7524953,61,216,6993,2006,116215.0,0.0,2.132566,-2.773669,DEU,THA,480240
7524954,71,216,6993,2006,0.0,2043.0,0.9091370000000001,2.068166,ESP,THA,480240
7524955,77,216,6993,2006,3409.0,6743.0,1.47591,0.489466,FRA,THA,480240
7524956,97,216,6993,2006,0.0,22202.0,0.5776319999999999,2.076782,HKG,THA,480240
7524957,111,216,6993,2006,1493.0,0.0,1.293779,0.93995,ITA,THA,480240
7524958,143,216,6993,2006,0.0,1088.0,-1.543679,-1.145623,MMR,THA,480240
7524959,183,216,6993,2006,0.0,23874.0,0.055777999999999994,-1.0379049999999999,QAT,THA,480240
7524960,192,216,6993,2006,63739.0,2853.0,1.5377379999999998,0.503089,SGP,THA,480240
7524961,208,216,6993,2006,18384.0,0.0,1.902737,0.593294,SWE,THA,480240
7524962,111,222,6993,2006,1294.0,0.0,1.293779,0.93995,ITA,TTO,480240
7524963,231,222,6993,2006,23899.0,0.0,1.666643,-0.121679,USA,TTO,480240
7524964,16,224,6993,2006,0.0,3351.0,-0.521304,-1.035764,AZE,TUR,480240
7524965,18,224,6993,2006,3357334.0,0.0,1.2222540000000002,1.383027,BEL,TUR,480240
7524966,26,224,6993,2006,0.0,3126.0,0.40788800000000003,0.562854,BIH,TUR,480240
7524967,39,224,6993,2006,31537.0,0.0,0.865685,1.1480489999999999,CAN,TUR,480240
7524968,61,224,6993,2006,1025199.0,14138.0,2.132566,-2.773669,DEU,TUR,480240
7524969,77,224,6993,2006,0.0,82850.0,1.47591,0.489466,FRA,TUR,480240
7524970,81,224,6993,2006,0.0,4634.0,1.824154,0.614424,GBR,TUR,480240
7524971,107,224,6993,2006,0.0,13285.0,-0.391023,-0.767861,IRN,TUR,480240
7524972,108,224,6993,2006,0.0,11882.0,-2.029727,-0.8634219999999999,IRQ,TUR,480240
7524973,111,224,6993,2006,88937.0,0.0,1.293779,0.93995,ITA,TUR,480240
7524974,140,224,6993,2006,0.0,3332.0,-0.21336,0.17674700000000002,MKD,TUR,480240
7524975,163,224,6993,2006,34978.0,0.0,1.0787930000000001,0.014051,NOR,TUR,480240
7524976,231,224,6993,2006,67562.0,0.0,1.666643,-0.121679,USA,TUR,480240
7524977,8,230,6993,2006,2022.0,0.0,0.33055,0.665867,ARG,URY,480240
7524978,0,231,6993,2006,0.0,23724.0,0.15112799999999998,-0.752631,ABW,USA,480240
7524979,7,231,6993,2006,0.0,2984.0,0.053903999999999994,-0.735124,ARE,USA,480240
7524980,14,231,6993,2006,0.0,35798.0,0.067166,0.373148,AUS,USA,480240
7524981,15,231,6993,2006,0.0,1401.0,1.775669,0.192717,AUT,USA,480240
7524982,18,231,6993,2006,1031645.0,46200.0,1.2222540000000002,1.383027,BEL,USA,480240
7524983,24,231,6993,2006,0.0,2093.0,0.172724,-0.9449879999999999,BHR,USA,480240
7524984,25,231,6993,2006,0.0,17955.0,0.673694,-0.519608,BHS,USA,480240
7524985,31,231,6993,2006,0.0,8158.0,-0.805185,-0.754091,BOL,USA,480240
7524986,33,231,6993,2006,0.0,16832.0,0.977267,0.6046560000000001,BRB,USA,480240
7524987,39,231,6993,2006,7368.0,2795626.0,0.865685,1.1480489999999999,CAN,USA,480240
7524988,43,231,6993,2006,62131.0,1219587.0,0.737888,2.54966,CHN,USA,480240
7524989,49,231,6993,2006,0.0,21238.0,0.129887,0.44371700000000003,COL,USA,480240
7524990,52,231,6993,2006,0.0,21280.0,0.042663,-0.376672,CRI,USA,480240
7524991,58,231,6993,2006,0.0,1167.0,0.708267,-0.048096,CYP,USA,480240
7524992,61,231,6993,2006,179683.0,12821.0,2.132566,-2.773669,DEU,USA,480240
7524993,64,231,6993,2006,16949.0,2664.0,1.2308700000000001,1.180914,DNK,USA,480240
7524994,65,231,6993,2006,0.0,20398.0,-0.24073699999999998,0.049093,DOM,USA,480240
7524995,71,231,6993,2006,0.0,14047.0,0.9091370000000001,2.068166,ESP,USA,480240
7524996,74,231,6993,2006,1790608.0,26949.0,1.864038,0.8193940000000001,FIN,USA,480240
7524997,77,231,6993,2006,54742.0,35706.0,1.47591,0.489466,FRA,USA,480240
7524998,81,231,6993,2006,530359.0,208176.0,1.824154,0.614424,GBR,USA,480240
7524999,90,231,6993,2006,0.0,9278.0,0.261955,1.488958,GRC,USA,480240
7525000,97,231,6993,2006,0.0,513477.0,0.5776319999999999,2.076782,HKG,USA,480240
7525001,99,231,6993,2006,0.0,34479.0,-0.672074,-0.472138,HND,USA,480240
7525002,104,231,6993,2006,0.0,7127.0,0.285652,2.731318,IND,USA,480240
7525003,106,231,6993,2006,0.0,56666.0,1.43804,0.06463200000000001,IRL,USA,480240
7525004,110,231,6993,2006,0.0,9925.0,1.3082129999999998,0.783845,ISR,USA,480240
7525005,111,231,6993,2006,13738.0,16639.0,1.293779,0.93995,ITA,USA,480240
7525006,114,231,6993,2006,1778.0,21356.0,2.4348099999999997,0.082887,JPN,USA,480240
7525007,121,231,6993,2006,0.0,129211.0,1.5384309999999999,0.766628,KOR,USA,480240
7525008,122,231,6993,2006,0.0,5202.0,-0.589823,-1.142795,KWT,USA,480240
7525009,133,231,6993,2006,0.0,68791.0,-0.07118200000000001,-0.228354,MAC,USA,480240
7525010,138,231,6993,2006,0.0,115795.0,1.047268,0.7142270000000001,MEX,USA,480240
7525011,153,231,6993,2006,0.0,24520.0,0.7896569999999999,0.363625,MYS,USA,480240
7525012,157,231,6993,2006,0.0,2455.0,-0.554188,-0.708255,NER,USA,480240
7525013,159,231,6993,2006,0.0,3831.0,-2.094353,-1.215025,NGA,USA,480240
7525014,160,231,6993,2006,0.0,5460.0,-0.998825,-0.893867,NIC,USA,480240
7525015,162,231,6993,2006,6201.0,91666.0,1.192134,1.450852,NLD,USA,480240
7525016,163,231,6993,2006,0.0,6246.0,1.0787930000000001,0.014051,NOR,USA,480240
7525017,166,231,6993,2006,0.0,2697.0,0.5371,0.8240209999999999,NZL,USA,480240
7525018,169,231,6993,2006,0.0,13658.0,0.306664,0.638533,PAN,USA,480240
7525019,174,231,6993,2006,0.0,4472.0,0.161994,0.036631,PHL,USA,480240
7525020,177,231,6993,2006,0.0,6142.0,0.991927,1.474418,POL,USA,480240
7525021,183,231,6993,2006,0.0,11230.0,0.055777999999999994,-1.0379049999999999,QAT,USA,480240
7525022,188,231,6993,2006,0.0,7275.0,0.162432,-0.853059,SAU,USA,480240
7525023,192,231,6993,2006,0.0,39398.0,1.5377379999999998,0.503089,SGP,USA,480240
7525024,197,231,6993,2006,0.0,3244.0,-0.135312,0.140874,SLV,USA,480240
7525025,208,231,6993,2006,77468.0,14673.0,1.902737,0.593294,SWE,USA,480240
7525026,222,231,6993,2006,0.0,23899.0,-0.20651399999999998,-1.024907,TTO,USA,480240
7525027,224,231,6993,2006,0.0,67562.0,0.33971599999999996,2.193384,TUR,USA,480240
7525028,228,231,6993,2006,0.0,1413964.0,0.7008439999999999,0.79656,UKR,USA,480240
7525029,236,231,6993,2006,0.0,4344.0,-0.340972,-1.015462,VEN,USA,480240
7525030,249,231,6993,2006,0.0,7839.0,1.619915,1.2289940000000001,TWN,USA,480240
7525031,231,236,6993,2006,4344.0,0.0,1.666643,-0.121679,USA,VEN,480240
7525032,71,243,6993,2006,19497.0,0.0,0.9091370000000001,2.068166,ESP,YEM,480240
7525033,188,243,6993,2006,48933.0,0.0,0.162432,-0.853059,SAU,YEM,480240
7525034,14,249,6993,2006,0.0,1882.0,0.067166,0.373148,AUS,TWN,480240
7525035,18,249,6993,2006,14864.0,0.0,1.2222540000000002,1.383027,BEL,TWN,480240
7525036,41,249,6993,2006,44337.0,0.0,2.052534,0.515523,CHE,TWN,480240
7525037,43,249,6993,2006,47088.0,1903.0,0.737888,2.54966,CHN,TWN,480240
7525038,61,249,6993,2006,1231119.0,0.0,2.132566,-2.773669,DEU,TWN,480240
7525039,64,249,6993,2006,0.0,2104.0,1.2308700000000001,1.180914,DNK,TWN,480240
7525040,74,249,6993,2006,654729.0,0.0,1.864038,0.8193940000000001,FIN,TWN,480240
7525041,77,249,6993,2006,4863.0,0.0,1.47591,0.489466,FRA,TWN,480240
7525042,97,249,6993,2006,0.0,112460.0,0.5776319999999999,2.076782,HKG,TWN,480240
7525043,103,249,6993,2006,0.0,171521.0,-0.21012399999999998,1.467838,IDN,TWN,480240
7525044,111,249,6993,2006,5165.0,0.0,1.293779,0.93995,ITA,TWN,480240
7525045,114,249,6993,2006,14242.0,7110.0,2.4348099999999997,0.082887,JPN,TWN,480240
7525046,121,249,6993,2006,0.0,1846.0,1.5384309999999999,0.766628,KOR,TWN,480240
7525047,122,249,6993,2006,0.0,5890.0,-0.589823,-1.142795,KWT,TWN,480240
7525048,133,249,6993,2006,0.0,10423.0,-0.07118200000000001,-0.228354,MAC,TWN,480240
7525049,138,249,6993,2006,0.0,10114.0,1.047268,0.7142270000000001,MEX,TWN,480240
7525050,153,249,6993,2006,0.0,1960.0,0.7896569999999999,0.363625,MYS,TWN,480240
7525051,192,249,6993,2006,0.0,23579.0,1.5377379999999998,0.503089,SGP,TWN,480240
7525052,209,249,6993,2006,0.0,2173.0,0.750674,0.221306,SWZ,TWN,480240
7525053,231,249,6993,2006,7839.0,0.0,1.666643,-0.121679,USA,TWN,480240
7525054,239,249,6993,2006,0.0,4988.0,-0.342779,1.033318,VNM,TWN,480240
7525055,17,7,6993,2006,0.0,19335.0,-0.033711,-0.48450600000000005,BDI,ARE,480240
7525056,18,7,6993,2006,354262.0,0.0,1.2222540000000002,1.383027,BEL,ARE,480240
7525057,81,7,6993,2006,167568.0,0.0,1.824154,0.614424,GBR,ARE,480240
7525058,122,7,6993,2006,0.0,28671.0,-0.589823,-1.142795,KWT,ARE,480240
7525059,167,7,6993,2006,0.0,1842.0,-0.6373989999999999,-1.092554,OMN,ARE,480240
7525060,183,7,6993,2006,0.0,548918.0,0.055777999999999994,-1.0379049999999999,QAT,ARE,480240
7525061,187,7,6993,2006,0.0,7801.0,-0.032827999999999996,-0.42937600000000004,RWA,ARE,480240
7525062,188,7,6993,2006,4642.0,0.0,0.162432,-0.853059,SAU,ARE,480240
7525063,231,7,6993,2006,2984.0,0.0,1.666643,-0.121679,USA,ARE,480240
7525064,246,7,6993,2006,1046.0,0.0,0.37964499999999995,1.466326,ZAF,ARE,480240
7525065,77,14,6993,2006,3680.0,0.0,1.47591,0.489466,FRA,AUS,480240
7525066,81,14,6993,2006,5662.0,0.0,1.824154,0.614424,GBR,AUS,480240
7525067,106,14,6993,2006,0.0,5997.0,1.43804,0.06463200000000001,IRL,AUS,480240
7525068,111,14,6993,2006,117772.0,0.0,1.293779,0.93995,ITA,AUS,480240
7525069,114,14,6993,2006,0.0,5783.0,2.4348099999999997,0.082887,JPN,AUS,480240
7525070,192,14,6993,2006,49034.0,0.0,1.5377379999999998,0.503089,SGP,AUS,480240
7525071,208,14,6993,2006,0.0,1511.0,1.902737,0.593294,SWE,AUS,480240
7525072,231,14,6993,2006,35798.0,0.0,1.666643,-0.121679,USA,AUS,480240
7525073,249,14,6993,2006,1882.0,0.0,1.619915,1.2289940000000001,TWN,AUS,480240
7525074,82,16,6993,2006,0.0,2557.0,0.076711,-0.47216099999999994,GEO,AZE,480240
7525075,207,16,6993,2006,7064.0,0.0,1.5882370000000001,0.800719,SVN,AZE,480240
7525076,224,16,6993,2006,3351.0,0.0,0.33971599999999996,2.193384,TUR,AZE,480240
7525077,97,22,6993,2006,914.0,0.0,0.5776319999999999,2.076782,HKG,BGD,480240
7525078,250,22,6993,2006,0.0,7798.0,0.711619,-0.41880200000000006,ANS,BGD,480240
7525079,18,23,6993,2006,2530.0,0.0,1.2222540000000002,1.383027,BEL,BGR,480240
7525080,41,23,6993,2006,6365.0,16286.0,2.052534,0.515523,CHE,BGR,480240
7525081,61,23,6993,2006,2267.0,0.0,2.132566,-2.773669,DEU,BGR,480240
7525082,74,23,6993,2006,30046.0,0.0,1.864038,0.8193940000000001,FIN,BGR,480240
7525083,81,23,6993,2006,1083.0,0.0,1.824154,0.614424,GBR,BGR,480240
7525084,90,23,6993,2006,56419.0,0.0,0.261955,1.488958,GRC,BGR,480240
7525085,111,23,6993,2006,21267.0,0.0,1.293779,0.93995,ITA,BGR,480240
7525086,208,23,6993,2006,1024.0,0.0,1.902737,0.593294,SWE,BGR,480240
7525087,18,24,6993,2006,54687.0,0.0,1.2222540000000002,1.383027,BEL,BHR,480240
7525088,71,24,6993,2006,2987.0,0.0,0.9091370000000001,2.068166,ESP,BHR,480240
7525089,183,24,6993,2006,0.0,2161.0,0.055777999999999994,-1.0379049999999999,QAT,BHR,480240
7525090,231,24,6993,2006,2093.0,0.0,1.666643,-0.121679,USA,BHR,480240
7525091,18,28,6993,2006,89142.0,0.0,1.2222540000000002,1.383027,BEL,BLR,480240
7525092,61,28,6993,2006,9595.0,0.0,2.132566,-2.773669,DEU,BLR,480240
7525093,74,28,6993,2006,1118.0,0.0,1.864038,0.8193940000000001,FIN,BLR,480240
7525094,130,28,6993,2006,96294.0,0.0,0.44063599999999997,1.163857,LTU,BLR,480240
7525095,186,28,6993,2006,16899008.0,854803.0,0.801197,0.104683,RUS,BLR,480240
7525096,228,28,6993,2006,101822.0,2199496.0,0.7008439999999999,0.79656,UKR,BLR,480240
7525097,74,58,6993,2006,31649.0,0.0,1.864038,0.8193940000000001,FIN,CYP,480240
7525098,81,58,6993,2006,4594.0,0.0,1.824154,0.614424,GBR,CYP,480240
7525099,90,58,6993,2006,10579.0,0.0,0.261955,1.488958,GRC,CYP,480240
7525100,107,58,6993,2006,0.0,22503.0,-0.391023,-0.767861,IRN,CYP,480240
7525101,231,58,6993,2006,1167.0,0.0,1.666643,-0.121679,USA,CYP,480240
7525102,18,68,6993,2006,165377.0,0.0,1.2222540000000002,1.383027,BEL,EGY,480240
7525103,43,68,6993,2006,28370.0,0.0,0.737888,2.54966,CHN,EGY,480240
7525104,81,68,6993,2006,2817.0,0.0,1.824154,0.614424,GBR,EGY,480240
7525105,104,68,6993,2006,3510.0,0.0,0.285652,2.731318,IND,EGY,480240
7525106,111,68,6993,2006,221005.0,0.0,1.293779,0.93995,ITA,EGY,480240
7525107,162,68,6993,2006,145698.0,0.0,1.192134,1.450852,NLD,EGY,480240
7525108,246,68,6993,2006,10002.0,0.0,0.37964499999999995,1.466326,ZAF,EGY,480240
7525109,18,72,6993,2006,57257.0,0.0,1.2222540000000002,1.383027,BEL,EST,480240
7525110,43,72,6993,2006,1746.0,0.0,0.737888,2.54966,CHN,EST,480240
7525111,61,72,6993,2006,4005.0,0.0,2.132566,-2.773669,DEU,EST,480240
7525112,74,72,6993,2006,47318.0,0.0,1.864038,0.8193940000000001,FIN,EST,480240
7525113,111,72,6993,2006,2562.0,0.0,1.293779,0.93995,ITA,EST,480240
7525114,132,72,6993,2006,1940.0,0.0,0.531375,0.9414170000000001,LVA,EST,480240
7525115,16,82,6993,2006,2557.0,0.0,-0.521304,-1.035764,AZE,GEO,480240
7525116,18,82,6993,2006,4786.0,0.0,1.2222540000000002,1.383027,BEL,GEO,480240
7525117,186,82,6993,2006,11736.0,0.0,0.801197,0.104683,RUS,GEO,480240
7525118,26,100,6993,2006,0.0,2178.0,0.40788800000000003,0.562854,BIH,HRV,480240
7525119,111,100,6993,2006,29356.0,0.0,1.293779,0.93995,ITA,HRV,480240
7525120,15,102,6993,2006,11554.0,0.0,1.775669,0.192717,AUT,HUN,480240
7525121,18,102,6993,2006,139362.0,0.0,1.2222540000000002,1.383027,BEL,HUN,480240
7525122,43,102,6993,2006,10318.0,0.0,0.737888,2.54966,CHN,HUN,480240
7525123,59,102,6993,2006,0.0,2868.0,1.564058,0.6023649999999999,CZE,HUN,480240
7525124,61,102,6993,2006,13606.0,0.0,2.132566,-2.773669,DEU,HUN,480240
7525125,74,102,6993,2006,55104.0,0.0,1.864038,0.8193940000000001,FIN,HUN,480240
7525126,81,102,6993,2006,65963.0,0.0,1.824154,0.614424,GBR,HUN,480240
7525127,111,102,6993,2006,71331.0,0.0,1.293779,0.93995,ITA,HUN,480240
7525128,208,102,6993,2006,81224.0,0.0,1.902737,0.593294,SWE,HUN,480240
7525129,18,107,6993,2006,67252.0,0.0,1.2222540000000002,1.383027,BEL,IRN,480240
7525130,58,107,6993,2006,22503.0,0.0,0.708267,-0.048096,CYP,IRN,480240
7525131,224,107,6993,2006,13285.0,0.0,0.33971599999999996,2.193384,TUR,IRN,480240
7525132,18,113,6993,2006,5707.0,0.0,1.2222540000000002,1.383027,BEL,JOR,480240
7525133,111,113,6993,2006,962.0,0.0,1.293779,0.93995,ITA,JOR,480240
7525134,43,115,6993,2006,5171.0,0.0,0.737888,2.54966,CHN,KAZ,480240
7525135,61,115,6993,2006,755076.0,0.0,2.132566,-2.773669,DEU,KAZ,480240
7525136,111,115,6993,2006,1083.0,0.0,1.293779,0.93995,ITA,KAZ,480240
7525137,186,115,6993,2006,2399787.0,0.0,0.801197,0.104683,RUS,KAZ,480240
7525138,228,115,6993,2006,137791.0,0.0,0.7008439999999999,0.79656,UKR,KAZ,480240
7525139,18,116,6993,2006,5411.0,0.0,1.2222540000000002,1.383027,BEL,KEN,480240
7525140,39,116,6993,2006,4432.0,0.0,0.865685,1.1480489999999999,CAN,KEN,480240
7525141,81,116,6993,2006,2278.0,0.0,1.824154,0.614424,GBR,KEN,480240
7525142,192,116,6993,2006,2286.0,0.0,1.5377379999999998,0.503089,SGP,KEN,480240
7525143,7,122,6993,2006,28671.0,0.0,0.053903999999999994,-0.735124,ARE,KWT,480240
7525144,18,122,6993,2006,3595.0,0.0,1.2222540000000002,1.383027,BEL,KWT,480240
7525145,43,122,6993,2006,1218.0,0.0,0.737888,2.54966,CHN,KWT,480240
7525146,61,122,6993,2006,33167.0,0.0,2.132566,-2.773669,DEU,KWT,480240
7525147,71,122,6993,2006,2535.0,0.0,0.9091370000000001,2.068166,ESP,KWT,480240
7525148,77,122,6993,2006,2637.0,0.0,1.47591,0.489466,FRA,KWT,480240
7525149,81,122,6993,2006,6280.0,0.0,1.824154,0.614424,GBR,KWT,480240
7525150,103,122,6993,2006,947.0,0.0,-0.21012399999999998,1.467838,IDN,KWT,480240
7525151,111,122,6993,2006,23179.0,0.0,1.293779,0.93995,ITA,KWT,480240
7525152,174,122,6993,2006,2223.0,0.0,0.161994,0.036631,PHL,KWT,480240
7525153,183,122,6993,2006,0.0,27545.0,0.055777999999999994,-1.0379049999999999,QAT,KWT,480240
7525154,188,122,6993,2006,164839.0,0.0,0.162432,-0.853059,SAU,KWT,480240
7525155,231,122,6993,2006,5202.0,0.0,1.666643,-0.121679,USA,KWT,480240
7525156,249,122,6993,2006,5890.0,0.0,1.619915,1.2289940000000001,TWN,KWT,480240
7525157,18,124,6993,2006,140250.0,0.0,1.2222540000000002,1.383027,BEL,LBN,480240
7525158,111,124,6993,2006,55619.0,0.0,1.293779,0.93995,ITA,LBN,480240
7525159,208,124,6993,2006,198539.0,0.0,1.902737,0.593294,SWE,LBN,480240
7525160,18,130,6993,2006,103955.0,0.0,1.2222540000000002,1.383027,BEL,LTU,480240
7525161,28,130,6993,2006,0.0,96294.0,0.919853,0.384409,BLR,LTU,480240
7525162,61,130,6993,2006,0.0,973.0,2.132566,-2.773669,DEU,LTU,480240
7525163,74,130,6993,2006,8428.0,0.0,1.864038,0.8193940000000001,FIN,LTU,480240
7525164,111,130,6993,2006,3317.0,0.0,1.293779,0.93995,ITA,LTU,480240
7525165,132,130,6993,2006,0.0,6724.0,0.531375,0.9414170000000001,LVA,LTU,480240
7525166,186,130,6993,2006,0.0,39232.0,0.801197,0.104683,RUS,LTU,480240
7525167,18,131,6993,2006,1677.0,68473.0,1.2222540000000002,1.383027,BEL,LUX,480240
7525168,61,131,6993,2006,10184.0,0.0,2.132566,-2.773669,DEU,LUX,480240
7525169,77,131,6993,2006,4636.0,16266.0,1.47591,0.489466,FRA,LUX,480240
7525170,81,131,6993,2006,2190.0,0.0,1.824154,0.614424,GBR,LUX,480240
7525171,111,131,6993,2006,0.0,1333.0,1.293779,0.93995,ITA,LUX,480240
7525172,162,131,6993,2006,2480.0,0.0,1.192134,1.450852,NLD,LUX,480240
7525173,187,131,6993,2006,0.0,713.0,-0.032827999999999996,-0.42937600000000004,RWA,LUX,480240
7525174,208,131,6993,2006,233739.0,0.0,1.902737,0.593294,SWE,LUX,480240
7525175,61,132,6993,2006,4777.0,0.0,2.132566,-2.773669,DEU,LVA,480240
7525176,72,132,6993,2006,0.0,1940.0,0.6426350000000001,0.925003,EST,LVA,480240
7525177,77,132,6993,2006,11363.0,0.0,1.47591,0.489466,FRA,LVA,480240
7525178,130,132,6993,2006,6724.0,0.0,0.44063599999999997,1.163857,LTU,LVA,480240
7525179,163,132,6993,2006,0.0,2417.0,1.0787930000000001,0.014051,NOR,LVA,480240
7525180,177,132,6993,2006,30967.0,0.0,0.991927,1.474418,POL,LVA,480240
7525181,228,132,6993,2006,0.0,677306.0,0.7008439999999999,0.79656,UKR,LVA,480240
7525182,246,147,6993,2006,28435.0,0.0,0.37964499999999995,1.466326,ZAF,MOZ,480240
7525183,43,163,6993,2006,0.0,8456.0,0.737888,2.54966,CHN,NOR,480240
7525184,61,163,6993,2006,2018.0,1681.0,2.132566,-2.773669,DEU,NOR,480240
7525185,64,163,6993,2006,21070.0,0.0,1.2308700000000001,1.180914,DNK,NOR,480240
7525186,81,163,6993,2006,68364.0,33095.0,1.824154,0.614424,GBR,NOR,480240
7525187,132,163,6993,2006,2417.0,0.0,0.531375,0.9414170000000001,LVA,NOR,480240
7525188,138,163,6993,2006,1470.0,0.0,1.047268,0.7142270000000001,MEX,NOR,480240
7525189,162,163,6993,2006,18677.0,468897.0,1.192134,1.450852,NLD,NOR,480240
7525190,208,163,6993,2006,103636.0,13387.0,1.902737,0.593294,SWE,NOR,480240
7525191,224,163,6993,2006,0.0,34978.0,0.33971599999999996,2.193384,TUR,NOR,480240
7525192,231,163,6993,2006,6246.0,0.0,1.666643,-0.121679,USA,NOR,480240
7525193,7,167,6993,2006,1842.0,0.0,0.053903999999999994,-0.735124,ARE,OMN,480240
7525194,61,167,6993,2006,4915.0,0.0,2.132566,-2.773669,DEU,OMN,480240
7525195,81,167,6993,2006,12827.0,0.0,1.824154,0.614424,GBR,OMN,480240
7525196,2,179,6993,2006,0.0,77128.0,-2.0822979999999998,-1.176767,AGO,PRT,480240
7525197,15,179,6993,2006,673855.0,0.0,1.775669,0.192717,AUT,PRT,480240
7525198,18,179,6993,2006,165420.0,0.0,1.2222540000000002,1.383027,BEL,PRT,480240
7525199,41,179,6993,2006,0.0,1726.0,2.052534,0.515523,CHE,PRT,480240
7525200,43,179,6993,2006,0.0,10202.0,0.737888,2.54966,CHN,PRT,480240
7525201,61,179,6993,2006,122215.0,0.0,2.132566,-2.773669,DEU,PRT,480240
7525202,71,179,6993,2006,6377500.0,463772.0,0.9091370000000001,2.068166,ESP,PRT,480240
7525203,77,179,6993,2006,433140.0,0.0,1.47591,0.489466,FRA,PRT,480240
7525204,81,179,6993,2006,17205.0,0.0,1.824154,0.614424,GBR,PRT,480240
7525205,106,179,6993,2006,453432.0,145733.0,1.43804,0.06463200000000001,IRL,PRT,480240
7525206,111,179,6993,2006,15306.0,0.0,1.293779,0.93995,ITA,PRT,480240
7525207,134,179,6993,2006,0.0,15597.0,-0.547933,0.08257300000000001,MAR,PRT,480240
7525208,162,179,6993,2006,6044.0,0.0,1.192134,1.450852,NLD,PRT,480240
7525209,177,179,6993,2006,26516.0,0.0,0.991927,1.474418,POL,PRT,480240
7525210,185,179,6993,2006,0.0,1238.0,0.550825,1.170744,ROU,PRT,480240
7525211,207,179,6993,2006,117101.0,0.0,1.5882370000000001,0.800719,SVN,PRT,480240
7525212,18,186,6993,2006,2782293.0,0.0,1.2222540000000002,1.383027,BEL,RUS,480240
7525213,28,186,6993,2006,854803.0,16899008.0,0.919853,0.384409,BLR,RUS,480240
7525214,39,186,6993,2006,104148.0,0.0,0.865685,1.1480489999999999,CAN,RUS,480240
7525215,43,186,6993,2006,42703.0,0.0,0.737888,2.54966,CHN,RUS,480240
7525216,61,186,6993,2006,2367818.0,631425.0,2.132566,-2.773669,DEU,RUS,480240
7525217,74,186,6993,2006,1514826.0,0.0,1.864038,0.8193940000000001,FIN,RUS,480240
7525218,81,186,6993,2006,19029.0,0.0,1.824154,0.614424,GBR,RUS,480240
7525219,82,186,6993,2006,0.0,11736.0,0.076711,-0.47216099999999994,GEO,RUS,480240
7525220,111,186,6993,2006,1240517.0,0.0,1.293779,0.93995,ITA,RUS,480240
7525221,115,186,6993,2006,0.0,2399787.0,0.038229,-0.579421,KAZ,RUS,480240
7525222,121,186,6993,2006,33943.0,0.0,1.5384309999999999,0.766628,KOR,RUS,480240
7525223,130,186,6993,2006,39232.0,0.0,0.44063599999999997,1.163857,LTU,RUS,480240
7525224,201,186,6993,2006,0.0,24933.0,0.547824,1.5588879999999998,SRB,RUS,480240
7525225,208,186,6993,2006,149530.0,0.0,1.902737,0.593294,SWE,RUS,480240
7525226,228,186,6993,2006,96742.0,25653256.0,0.7008439999999999,0.79656,UKR,RUS,480240
7525227,232,186,6993,2006,0.0,279628.0,-0.457759,-0.784626,UZB,RUS,480240
7525228,14,192,6993,2006,0.0,49034.0,0.067166,0.373148,AUS,SGP,480240
7525229,18,192,6993,2006,41526.0,0.0,1.2222540000000002,1.383027,BEL,SGP,480240
7525230,34,192,6993,2006,0.0,3539.0,-1.331831,-0.9170940000000001,BRN,SGP,480240
7525231,41,192,6993,2006,9265.0,0.0,2.052534,0.515523,CHE,SGP,480240
7525232,43,192,6993,2006,9146.0,0.0,0.737888,2.54966,CHN,SGP,480240
7525233,71,192,6993,2006,27433.0,0.0,0.9091370000000001,2.068166,ESP,SGP,480240
7525234,75,192,6993,2006,0.0,1088.0,-0.6554949999999999,-0.098284,FJI,SGP,480240
7525235,81,192,6993,2006,0.0,64939.0,1.824154,0.614424,GBR,SGP,480240
7525236,97,192,6993,2006,3847.0,0.0,0.5776319999999999,2.076782,HKG,SGP,480240
7525237,103,192,6993,2006,15263.0,16364.0,-0.21012399999999998,1.467838,IDN,SGP,480240
7525238,104,192,6993,2006,0.0,4286.0,0.285652,2.731318,IND,SGP,480240
7525239,106,192,6993,2006,0.0,5893.0,1.43804,0.06463200000000001,IRL,SGP,480240
7525240,111,192,6993,2006,109322.0,0.0,1.293779,0.93995,ITA,SGP,480240
7525241,114,192,6993,2006,57685.0,0.0,2.4348099999999997,0.082887,JPN,SGP,480240
7525242,116,192,6993,2006,0.0,2286.0,-0.38287899999999997,1.060286,KEN,SGP,480240
7525243,121,192,6993,2006,1551.0,8231.0,1.5384309999999999,0.766628,KOR,SGP,480240
7525244,128,192,6993,2006,0.0,5407.0,-0.573767,0.305913,LKA,SGP,480240
7525245,153,192,6993,2006,0.0,2161.0,0.7896569999999999,0.363625,MYS,SGP,480240
7525246,162,192,6993,2006,1812.0,0.0,1.192134,1.450852,NLD,SGP,480240
7525247,168,192,6993,2006,0.0,22684.0,-0.449333,0.563013,PAK,SGP,480240
7525248,208,192,6993,2006,26746.0,0.0,1.902737,0.593294,SWE,SGP,480240
7525249,216,192,6993,2006,2853.0,63739.0,0.568209,1.685343,THA,SGP,480240
7525250,231,192,6993,2006,39398.0,0.0,1.666643,-0.121679,USA,SGP,480240
7525251,249,192,6993,2006,23579.0,0.0,1.619915,1.2289940000000001,TWN,SGP,480240
7525252,111,201,6993,2006,56717.0,0.0,1.293779,0.93995,ITA,SRB,480240
7525253,140,201,6993,2006,3209.0,0.0,-0.21336,0.17674700000000002,MKD,SRB,480240
7525254,144,201,6993,2006,0.0,13826.0,0.130773,-0.24674699999999997,MNE,SRB,480240
7525255,186,201,6993,2006,24933.0,0.0,0.801197,0.104683,RUS,SRB,480240
7525256,15,206,6993,2006,995.0,0.0,1.775669,0.192717,AUT,SVK,480240
7525257,43,206,6993,2006,1852.0,0.0,0.737888,2.54966,CHN,SVK,480240
7525258,59,206,6993,2006,6683.0,9064.0,1.564058,0.6023649999999999,CZE,SVK,480240
7525259,61,206,6993,2006,6932.0,0.0,2.132566,-2.773669,DEU,SVK,480240
7525260,74,206,6993,2006,1737.0,0.0,1.864038,0.8193940000000001,FIN,SVK,480240
7525261,77,206,6993,2006,82934.0,0.0,1.47591,0.489466,FRA,SVK,480240
7525262,111,206,6993,2006,52103.0,0.0,1.293779,0.93995,ITA,SVK,480240
7525263,114,206,6993,2006,2661.0,0.0,2.4348099999999997,0.082887,JPN,SVK,480240
7525264,250,206,6993,2006,6452.0,0.0,0.711619,-0.41880200000000006,ANS,SVK,480240
7525265,16,207,6993,2006,0.0,7064.0,-0.521304,-1.035764,AZE,SVN,480240
7525266,61,207,6993,2006,11608.0,0.0,2.132566,-2.773669,DEU,SVN,480240
7525267,71,207,6993,2006,179750.0,0.0,0.9091370000000001,2.068166,ESP,SVN,480240
7525268,81,207,6993,2006,4660.0,42846.0,1.824154,0.614424,GBR,SVN,480240
7525269,90,207,6993,2006,0.0,18415.0,0.261955,1.488958,GRC,SVN,480240
7525270,111,207,6993,2006,7991.0,0.0,1.293779,0.93995,ITA,SVN,480240
7525271,179,207,6993,2006,0.0,117101.0,0.5723630000000001,1.92303,PRT,SVN,480240
7525272,18,212,6993,2006,1432393.0,0.0,1.2222540000000002,1.383027,BEL,SYR,480240
7525273,39,212,6993,2006,9328.0,0.0,0.865685,1.1480489999999999,CAN,SYR,480240
7525274,43,212,6993,2006,1106128.0,0.0,0.737888,2.54966,CHN,SYR,480240
7525275,18,223,6993,2006,101942.0,0.0,1.2222540000000002,1.383027,BEL,TUN,480240
7525276,61,223,6993,2006,24086.0,0.0,2.132566,-2.773669,DEU,TUN,480240
7525277,71,223,6993,2006,769452.0,0.0,0.9091370000000001,2.068166,ESP,TUN,480240
7525278,77,223,6993,2006,2418.0,0.0,1.47591,0.489466,FRA,TUN,480240
7525279,106,223,6993,2006,0.0,1949.0,1.43804,0.06463200000000001,IRL,TUN,480240
7525280,111,223,6993,2006,15873.0,19491.0,1.293779,0.93995,ITA,TUN,480240
7525281,18,228,6993,2006,3939898.0,0.0,1.2222540000000002,1.383027,BEL,UKR,480240
7525282,28,228,6993,2006,2199496.0,101822.0,0.919853,0.384409,BLR,UKR,480240
7525283,61,228,6993,2006,8213834.0,0.0,2.132566,-2.773669,DEU,UKR,480240
7525284,74,228,6993,2006,9691507.0,0.0,1.864038,0.8193940000000001,FIN,UKR,480240
7525285,111,228,6993,2006,256737.0,0.0,1.293779,0.93995,ITA,UKR,480240
7525286,115,228,6993,2006,0.0,137791.0,0.038229,-0.579421,KAZ,UKR,480240
7525287,132,228,6993,2006,677306.0,0.0,0.531375,0.9414170000000001,LVA,UKR,480240
7525288,135,228,6993,2006,0.0,43858.0,-0.017707,0.135305,MDA,UKR,480240
7525289,177,228,6993,2006,49273.0,1991.0,0.991927,1.474418,POL,UKR,480240
7525290,185,228,6993,2006,0.0,42791.0,0.550825,1.170744,ROU,UKR,480240
7525291,186,228,6993,2006,25653256.0,96742.0,0.801197,0.104683,RUS,UKR,480240
7525292,231,228,6993,2006,1413964.0,0.0,1.666643,-0.121679,USA,UKR,480240
7525293,2,246,6993,2006,0.0,6727.0,-2.0822979999999998,-1.176767,AGO,ZAF,480240
7525294,7,246,6993,2006,0.0,1046.0,0.053903999999999994,-0.735124,ARE,ZAF,480240
7525295,18,246,6993,2006,150580.0,0.0,1.2222540000000002,1.383027,BEL,ZAF,480240
7525296,37,246,6993,2006,0.0,17068.0,-1.0541459999999998,-1.179286,BWA,ZAF,480240
7525297,39,246,6993,2006,4654.0,0.0,0.865685,1.1480489999999999,CAN,ZAF,480240
7525298,46,246,6993,2006,0.0,3785.0,-1.542137,-1.086494,COD,ZAF,480240
7525299,61,246,6993,2006,8008.0,0.0,2.132566,-2.773669,DEU,ZAF,480240
7525300,68,246,6993,2006,0.0,10002.0,-0.182272,0.40222399999999997,EGY,ZAF,480240
7525301,81,246,6993,2006,18647.0,0.0,1.824154,0.614424,GBR,ZAF,480240
7525302,106,246,6993,2006,0.0,3626.0,1.43804,0.06463200000000001,IRL,ZAF,480240
7525303,111,246,6993,2006,6045.0,0.0,1.293779,0.93995,ITA,ZAF,480240
7525304,147,246,6993,2006,0.0,28435.0,-1.0250629999999998,-1.067359,MOZ,ZAF,480240
7525305,151,246,6993,2006,0.0,2104.0,-0.311109,-0.07267,MUS,ZAF,480240
7525306,152,246,6993,2006,0.0,4197.0,-1.145132,-1.0946209999999998,MWI,ZAF,480240
7525307,155,246,6993,2006,0.0,73045.0,-0.515361,-0.8027350000000001,NAM,ZAF,480240
7525308,159,246,6993,2006,0.0,3232.0,-2.094353,-1.215025,NGA,ZAF,480240
7525309,162,246,6993,2006,2296.0,0.0,1.192134,1.450852,NLD,ZAF,480240
7525310,209,246,6993,2006,0.0,38133.0,0.750674,0.221306,SWZ,ZAF,480240
7525311,226,246,6993,2006,0.0,2294.0,-0.953097,0.159129,TZA,ZAF,480240
7525312,247,246,6993,2006,0.0,3817.0,-0.5307,-0.793621,ZMB,ZAF,480240
7525313,248,246,6993,2006,0.0,16102.0,-0.41825500000000004,-0.55313,ZWE,ZAF,480240
7525314,246,37,6993,2006,17068.0,0.0,0.37964499999999995,1.466326,ZAF,BWA,480240
7525315,247,37,6993,2006,0.0,26704.0,-0.5307,-0.793621,ZMB,BWA,480240
7525316,18,44,6993,2006,43930.0,0.0,1.2222540000000002,1.383027,BEL,CIV,480240
7525317,77,44,6993,2006,17607.0,0.0,1.47591,0.489466,FRA,CIV,480240
7525318,18,45,6993,2006,23804.0,0.0,1.2222540000000002,1.383027,BEL,CMR,480240
7525319,71,54,6993,2006,20617.0,0.0,0.9091370000000001,2.068166,ESP,CUB,480240
7525320,111,54,6993,2006,44760.0,0.0,1.293779,0.93995,ITA,CUB,480240
7525321,18,66,6993,2006,496052.0,0.0,1.2222540000000002,1.383027,BEL,DZA,480240
7525322,71,66,6993,2006,1662628.0,0.0,0.9091370000000001,2.068166,ESP,DZA,480240
7525323,77,66,6993,2006,15403.0,0.0,1.47591,0.489466,FRA,DZA,480240
7525324,111,66,6993,2006,1656.0,0.0,1.293779,0.93995,ITA,DZA,480240
7525325,18,83,6993,2006,42171.0,0.0,1.2222540000000002,1.383027,BEL,GHA,480240
7525326,77,83,6993,2006,1067.0,0.0,1.47591,0.489466,FRA,GHA,480240
7525327,81,83,6993,2006,31200.0,0.0,1.824154,0.614424,GBR,GHA,480240
7525328,111,83,6993,2006,21682.0,0.0,1.293779,0.93995,ITA,GHA,480240
7525329,162,83,6993,2006,1531.0,0.0,1.192134,1.450852,NLD,GHA,480240
7525330,18,134,6993,2006,364126.0,0.0,1.2222540000000002,1.383027,BEL,MAR,480240
7525331,71,134,6993,2006,184928.0,0.0,0.9091370000000001,2.068166,ESP,MAR,480240
7525332,77,134,6993,2006,4871.0,0.0,1.47591,0.489466,FRA,MAR,480240
7525333,81,134,6993,2006,3253.0,0.0,1.824154,0.614424,GBR,MAR,480240
7525334,111,134,6993,2006,5795.0,0.0,1.293779,0.93995,ITA,MAR,480240
7525335,162,134,6993,2006,46641.0,0.0,1.192134,1.450852,NLD,MAR,480240
7525336,179,134,6993,2006,15597.0,0.0,0.5723630000000001,1.92303,PRT,MAR,480240
7525337,43,142,6993,2006,4004.0,0.0,0.737888,2.54966,CHN,MLT,480240
7525338,81,142,6993,2006,12280.0,0.0,1.824154,0.614424,GBR,MLT,480240
7525339,111,142,6993,2006,4324.0,0.0,1.293779,0.93995,ITA,MLT,480240
7525340,18,148,6993,2006,8389.0,0.0,1.2222540000000002,1.383027,BEL,MRT,480240
7525341,71,148,6993,2006,63454.0,0.0,0.9091370000000001,2.068166,ESP,MRT,480240
7525342,18,151,6993,2006,63267.0,0.0,1.2222540000000002,1.383027,BEL,MUS,480240
7525343,81,151,6993,2006,1047.0,0.0,1.824154,0.614424,GBR,MUS,480240
7525344,246,151,6993,2006,2104.0,0.0,0.37964499999999995,1.466326,ZAF,MUS,480240
7525345,246,155,6993,2006,73045.0,0.0,0.37964499999999995,1.466326,ZAF,NAM,480240
7525346,18,159,6993,2006,34841.0,0.0,1.2222540000000002,1.383027,BEL,NGA,480240
7525347,19,159,6993,2006,0.0,1387.0,-0.8434360000000001,-0.798307,BEN,NGA,480240
7525348,43,159,6993,2006,6364.0,0.0,0.737888,2.54966,CHN,NGA,480240
7525349,81,159,6993,2006,16938.0,0.0,1.824154,0.614424,GBR,NGA,480240
7525350,104,159,6993,2006,26659.0,0.0,0.285652,2.731318,IND,NGA,480240
7525351,162,159,6993,2006,7067.0,0.0,1.192134,1.450852,NLD,NGA,480240
7525352,208,159,6993,2006,847708.0,0.0,1.902737,0.593294,SWE,NGA,480240
7525353,231,159,6993,2006,3831.0,0.0,1.666643,-0.121679,USA,NGA,480240
7525354,246,159,6993,2006,3232.0,0.0,0.37964499999999995,1.466326,ZAF,NGA,480240
7525355,18,191,6993,2006,33833.0,0.0,1.2222540000000002,1.383027,BEL,SEN,480240
7525356,18,226,6993,2006,38579.0,0.0,1.2222540000000002,1.383027,BEL,TZA,480240
7525357,246,226,6993,2006,2294.0,0.0,0.37964499999999995,1.466326,ZAF,TZA,480240
7525358,18,239,6993,2006,16813.0,0.0,1.2222540000000002,1.383027,BEL,VNM,480240
7525359,43,239,6993,2006,9405.0,0.0,0.737888,2.54966,CHN,VNM,480240
7525360,61,239,6993,2006,34391.0,0.0,2.132566,-2.773669,DEU,VNM,480240
7525361,121,239,6993,2006,6060.0,0.0,1.5384309999999999,0.766628,KOR,VNM,480240
7525362,153,239,6993,2006,1791.0,0.0,0.7896569999999999,0.363625,MYS,VNM,480240
7525363,249,239,6993,2006,4988.0,0.0,1.619915,1.2289940000000001,TWN,VNM,480240
7525364,37,247,6993,2006,26704.0,0.0,-1.0541459999999998,-1.179286,BWA,ZMB,480240
7525365,97,247,6993,2006,6023.0,0.0,0.5776319999999999,2.076782,HKG,ZMB,480240
7525366,246,247,6993,2006,3817.0,0.0,0.37964499999999995,1.466326,ZAF,ZMB,480240
7525367,97,248,6993,2006,1565.0,0.0,0.5776319999999999,2.076782,HKG,ZWE,480240
7525368,152,248,6993,2006,0.0,25032.0,-1.145132,-1.0946209999999998,MWI,ZWE,480240
7525369,246,248,6993,2006,16102.0,0.0,0.37964499999999995,1.466326,ZAF,ZWE,480240
7525370,61,26,6993,2006,8946.0,0.0,2.132566,-2.773669,DEU,BIH,480240
7525371,100,26,6993,2006,2178.0,0.0,0.755787,0.992614,HRV,BIH,480240
7525372,111,26,6993,2006,6269.0,0.0,1.293779,0.93995,ITA,BIH,480240
7525373,224,26,6993,2006,3126.0,0.0,0.33971599999999996,2.193384,TUR,BIH,480240
7525374,10,75,6993,2006,0.0,2632.0,0.766232,-0.35907,ASM,FJI,480240
7525375,61,75,6993,2006,34703.0,0.0,2.132566,-2.773669,DEU,FJI,480240
7525376,166,75,6993,2006,338673.0,0.0,0.5371,0.8240209999999999,NZL,FJI,480240
7525377,176,75,6993,2006,0.0,27026.0,-1.89409,-1.234731,PNG,FJI,480240
7525378,192,75,6993,2006,1088.0,0.0,1.5377379999999998,0.503089,SGP,FJI,480240
7525379,195,75,6993,2006,0.0,8352.0,-1.501072,-0.964304,SLB,FJI,480240
7525380,221,75,6993,2006,0.0,12399.0,-0.45091499999999995,-0.670044,TON,FJI,480240
7525381,240,75,6993,2006,0.0,33970.0,-1.166741,-0.927552,VUT,FJI,480240
7525382,242,75,6993,2006,0.0,28548.0,0.299266,-0.477783,WSM,FJI,480240
7525383,71,84,6993,2006,12562.0,2799.0,0.9091370000000001,2.068166,ESP,GIB,480240
7525384,7,17,6993,2006,19335.0,0.0,0.053903999999999994,-0.735124,ARE,BDI,480240
7525385,18,17,6993,2006,9380.0,0.0,1.2222540000000002,1.383027,BEL,BDI,480240
7525386,111,17,6993,2006,1464.0,0.0,1.293779,0.93995,ITA,BDI,480240
7525387,74,135,6993,2006,6041.0,0.0,1.864038,0.8193940000000001,FIN,MDA,480240
7525388,111,135,6993,2006,5236.0,0.0,1.293779,0.93995,ITA,MDA,480240
7525389,228,135,6993,2006,43858.0,0.0,0.7008439999999999,0.79656,UKR,MDA,480240
7525390,81,140,6993,2006,8535.0,0.0,1.824154,0.614424,GBR,MKD,480240
7525391,90,140,6993,2006,1634.0,0.0,0.261955,1.488958,GRC,MKD,480240
7525392,103,140,6993,2006,478.0,0.0,-0.21012399999999998,1.467838,IDN,MKD,480240
7525393,201,140,6993,2006,0.0,3209.0,0.547824,1.5588879999999998,SRB,MKD,480240
7525394,208,140,6993,2006,1802.0,0.0,1.902737,0.593294,SWE,MKD,480240
7525395,224,140,6993,2006,3332.0,0.0,0.33971599999999996,2.193384,TUR,MKD,480240
7525396,201,144,6993,2006,13826.0,0.0,0.547824,1.5588879999999998,SRB,MNE,480240
7525397,43,178,6993,2006,1350.0,0.0,0.737888,2.54966,CHN,PRK,480240
7525398,106,178,6993,2006,0.0,2212.0,1.43804,0.06463200000000001,IRL,PRK,480240
7525399,246,209,6993,2006,38133.0,0.0,0.37964499999999995,1.466326,ZAF,SWZ,480240
7525400,249,209,6993,2006,2173.0,0.0,1.619915,1.2289940000000001,TWN,SWZ,480240
7525401,186,232,6993,2006,279628.0,0.0,0.801197,0.104683,RUS,UZB,480240
7525402,7,187,6993,2006,7801.0,0.0,0.053903999999999994,-0.735124,ARE,RWA,480240
7525403,18,187,6993,2006,70206.0,0.0,1.2222540000000002,1.383027,BEL,RWA,480240
7525404,81,187,6993,2006,2594.0,0.0,1.824154,0.614424,GBR,RWA,480240
7525405,131,187,6993,2006,713.0,0.0,1.4345620000000001,0.8840819999999999,LUX,RWA,480240
7525406,231,0,6993,2006,23724.0,0.0,1.666643,-0.121679,USA,ABW,480240
7525407,18,141,6993,2006,4188.0,0.0,1.2222540000000002,1.383027,BEL,MLI,480240
7525408,77,141,6993,2006,13742.0,0.0,1.47591,0.489466,FRA,MLI,480240
7525409,81,141,6993,2006,1294.0,0.0,1.824154,0.614424,GBR,MLI,480240
7525410,246,152,6993,2006,4197.0,0.0,0.37964499999999995,1.466326,ZAF,MWI,480240
7525411,248,152,6993,2006,25032.0,0.0,-0.41825500000000004,-0.55313,ZWE,MWI,480240
7525412,75,240,6993,2006,33970.0,0.0,-0.6554949999999999,-0.098284,FJI,VUT,480240
7525413,22,250,6993,2006,7798.0,0.0,-1.0305309999999999,-0.80937,BGD,ANS,480240
7525414,61,250,6993,2006,80439848.0,0.0,2.132566,-2.773669,DEU,ANS,480240
7525415,74,250,6993,2006,56703920.0,0.0,1.864038,0.8193940000000001,FIN,ANS,480240
7525416,106,250,6993,2006,0.0,383716.0,1.43804,0.06463200000000001,IRL,ANS,480240
7525417,111,250,6993,2006,92565.0,0.0,1.293779,0.93995,ITA,ANS,480240
7525418,188,250,6993,2006,0.0,3260.0,0.162432,-0.853059,SAU,ANS,480240
7525419,206,250,6993,2006,0.0,6452.0,1.291583,0.868317,SVK,ANS,480240
7525420,71,1,6993,2006,2570.0,0.0,0.9091370000000001,2.068166,ESP,AFG,480240
7525421,179,2,6993,2006,77128.0,0.0,0.5723630000000001,1.92303,PRT,AGO,480240
7525422,246,2,6993,2006,6727.0,0.0,0.37964499999999995,1.466326,ZAF,AGO,480240
7525423,71,4,6993,2006,2223.0,0.0,0.9091370000000001,2.068166,ESP,ALB,480240
7525424,111,4,6993,2006,2039.0,0.0,1.293779,0.93995,ITA,ALB,480240
7525425,159,19,6993,2006,1387.0,0.0,-2.094353,-1.215025,NGA,BEN,480240
7525426,81,34,6993,2006,1195.0,0.0,1.824154,0.614424,GBR,BRN,480240
7525427,103,34,6993,2006,55100.0,0.0,-0.21012399999999998,1.467838,IDN,BRN,480240
7525428,114,34,6993,2006,107648.0,0.0,2.4348099999999997,0.082887,JPN,BRN,480240
7525429,153,34,6993,2006,17205.0,4450.0,0.7896569999999999,0.363625,MYS,BRN,480240
7525430,192,34,6993,2006,3539.0,0.0,1.5377379999999998,0.503089,SGP,BRN,480240
7525431,216,34,6993,2006,7700.0,0.0,0.568209,1.685343,THA,BRN,480240
7525432,154,50,6993,2006,1549.0,0.0,1.1370049999999998,0.131896,MYT,COM,480240
7525433,188,62,6993,2006,3473.0,0.0,0.162432,-0.853059,SAU,DJI,480240
7525434,103,85,6993,2006,1409.0,0.0,-0.21012399999999998,1.467838,IDN,GIN,480240
7525435,162,85,6993,2006,3424.0,0.0,1.192134,1.450852,NLD,GIN,480240
7525436,18,108,6993,2006,13826.0,0.0,1.2222540000000002,1.383027,BEL,IRQ,480240
7525437,224,108,6993,2006,11882.0,0.0,0.33971599999999996,2.193384,TUR,IRQ,480240
7525438,64,109,6993,2006,12332.0,0.0,1.2308700000000001,1.180914,DNK,ISL,480240
7525439,81,109,6993,2006,1908.0,0.0,1.824154,0.614424,GBR,ISL,480240
7525440,81,126,6993,2006,4211.0,0.0,1.824154,0.614424,GBR,LBY,480240
7525441,43,133,6993,2006,4171.0,0.0,0.737888,2.54966,CHN,MAC,480240
7525442,111,133,6993,2006,2131.0,0.0,1.293779,0.93995,ITA,MAC,480240
7525443,231,133,6993,2006,68791.0,0.0,1.666643,-0.121679,USA,MAC,480240
7525444,249,133,6993,2006,10423.0,0.0,1.619915,1.2289940000000001,TWN,MAC,480240
7525445,121,145,6993,2006,22800.0,0.0,1.5384309999999999,0.766628,KOR,MNG,480240
7525446,50,154,6993,2006,0.0,1549.0,-0.5214300000000001,-0.8452149999999999,COM,MYT,480240
7525447,231,157,6993,2006,2455.0,0.0,1.666643,-0.121679,USA,NER,480240
7525448,77,182,6993,2006,2407.0,0.0,1.47591,0.489466,FRA,PYF,480240
7525449,18,21,6993,2006,53193.0,0.0,1.2222540000000002,1.383027,BEL,BFA,480240
7525450,208,21,6993,2006,8156.0,0.0,1.902737,0.593294,SWE,BFA,480240
7525451,18,46,6993,2006,42918.0,0.0,1.2222540000000002,1.383027,BEL,COD,480240
7525452,246,46,6993,2006,3785.0,0.0,0.37964499999999995,1.466326,ZAF,COD,480240
7525453,18,47,6993,2006,3701.0,0.0,1.2222540000000002,1.383027,BEL,COG,480240
7525454,71,51,6993,2006,1353.0,0.0,0.9091370000000001,2.068166,ESP,CPV,480240
7525455,64,78,6993,2006,82262.0,0.0,1.2308700000000001,1.180914,DNK,FRO,480240
7525456,74,78,6993,2006,1566.0,0.0,1.864038,0.8193940000000001,FIN,FRO,480240
7525457,111,89,6993,2006,16465.0,0.0,1.293779,0.93995,ITA,GNQ,480240
7525458,64,92,6993,2006,9661.0,0.0,1.2308700000000001,1.180914,DNK,GRL,480240
7525459,216,143,6993,2006,1088.0,0.0,0.568209,1.685343,THA,MMR,480240
7525460,18,215,6993,2006,17587.0,0.0,1.2222540000000002,1.383027,BEL,TGO,480240
7525461,111,217,6993,2006,1068.0,0.0,1.293779,0.93995,ITA,TJK,480240
7525462,75,221,6993,2006,12399.0,0.0,-0.6554949999999999,-0.098284,FJI,TON,480240
7525463,75,242,6993,2006,28548.0,0.0,-0.6554949999999999,-0.098284,FJI,WSM,480240
7525464,75,10,6993,2006,2632.0,0.0,-0.6554949999999999,-0.098284,FJI,ASM,480240
7525465,153,95,6993,2006,64070.0,0.0,0.7896569999999999,0.363625,MYS,GUM,480240
7525466,153,146,6993,2006,16009.0,0.0,0.7896569999999999,0.363625,MYS,MNP,480240
7525467,75,176,6993,2006,27026.0,0.0,-0.6554949999999999,-0.098284,FJI,PNG,480240
7525468,153,176,6993,2006,142522.0,0.0,0.7896569999999999,0.363625,MYS,PNG,480240
7525469,75,195,6993,2006,8352.0,0.0,-0.6554949999999999,-0.098284,FJI,SLB,480240
7525470,61,6,6996,2006,1917.0,0.0,2.132566,-2.773669,DEU,ANT,480253
7525471,159,6,6996,2006,0.0,293104.0,-2.094353,-1.215025,NGA,ANT,480253
7525472,231,6,6996,2006,19356.0,0.0,1.666643,-0.121679,USA,ANT,480253
7525473,9,8,6996,2006,0.0,8414.0,0.14539100000000002,-0.558014,ARM,ARG,480253
7525474,15,8,6996,2006,124035.0,0.0,1.775669,0.192717,AUT,ARG,480253
7525475,18,8,6996,2006,17424.0,0.0,1.2222540000000002,1.383027,BEL,ARG,480253
7525476,31,8,6996,2006,0.0,25072.0,-0.805185,-0.754091,BOL,ARG,480253
7525477,32,8,6996,2006,980665.0,725249.0,0.633889,1.1474520000000001,BRA,ARG,480253
7525478,41,8,6996,2006,14568.0,0.0,2.052534,0.515523,CHE,ARG,480253
7525479,42,8,6996,2006,0.0,312779.0,-0.188298,-0.46778000000000003,CHL,ARG,480253
7525480,45,8,6996,2006,0.0,59800.0,-1.358873,-1.1511360000000002,CMR,ARG,480253
7525481,49,8,6996,2006,0.0,104884.0,0.129887,0.44371700000000003,COL,ARG,480253
7525482,54,8,6996,2006,0.0,8293.0,0.204039,-0.5183260000000001,CUB,ARG,480253
7525483,61,8,6996,2006,31358.0,0.0,2.132566,-2.773669,DEU,ARG,480253
7525484,65,8,6996,2006,0.0,87272.0,-0.24073699999999998,0.049093,DOM,ARG,480253
7525485,67,8,6996,2006,0.0,14778.0,-0.878583,-0.9462010000000001,ECU,ARG,480253
7525486,77,8,6996,2006,102612.0,1922.0,1.47591,0.489466,FRA,ARG,480253
7525487,81,8,6996,2006,3872.0,0.0,1.824154,0.614424,GBR,ARG,480253
7525488,99,8,6996,2006,0.0,26956.0,-0.672074,-0.472138,HND,ARG,480253
7525489,103,8,6996,2006,23556.0,0.0,-0.21012399999999998,1.467838,IDN,ARG,480253
7525490,111,8,6996,2006,379896.0,46403.0,1.293779,0.93995,ITA,ARG,480253
7525491,112,8,6996,2006,0.0,2721.0,-0.5122720000000001,-0.9109809999999999,JAM,ARG,480253
7525492,138,8,6996,2006,0.0,253546.0,1.047268,0.7142270000000001,MEX,ARG,480253
7525493,160,8,6996,2006,0.0,12547.0,-0.998825,-0.893867,NIC,ARG,480253
7525494,162,8,6996,2006,8281.0,0.0,1.192134,1.450852,NLD,ARG,480253
7525495,173,8,6996,2006,0.0,121056.0,-0.551095,0.044295,PER,ARG,480253
7525496,188,8,6996,2006,0.0,1903.0,0.162432,-0.853059,SAU,ARG,480253
7525497,192,8,6996,2006,0.0,47667.0,1.5377379999999998,0.503089,SGP,ARG,480253
7525498,230,8,6996,2006,0.0,12734.0,0.234384,0.118878,URY,ARG,480253
7525499,231,8,6996,2006,52003.0,22097.0,1.666643,-0.121679,USA,ARG,480253
7525500,236,8,6996,2006,0.0,122119.0,-0.340972,-1.015462,VEN,ARG,480253
7525501,33,13,6996,2006,710.0,0.0,0.977267,0.6046560000000001,BRB,ATG,480253
7525502,231,13,6996,2006,2231.0,0.0,1.666643,-0.121679,USA,ATG,480253
7525503,7,15,6996,2006,0.0,77819.0,0.053903999999999994,-0.735124,ARE,AUT,480253
7525504,8,15,6996,2006,0.0,124035.0,0.33055,0.665867,ARG,AUT,480253
7525505,9,15,6996,2006,0.0,4992.0,0.14539100000000002,-0.558014,ARM,AUT,480253
7525506,14,15,6996,2006,0.0,1508104.0,0.067166,0.373148,AUS,AUT,480253
7525507,18,15,6996,2006,52348.0,2325000.0,1.2222540000000002,1.383027,BEL,AUT,480253
7525508,23,15,6996,2006,0.0,66406.0,0.414563,1.378005,BGR,AUT,480253
7525509,24,15,6996,2006,0.0,1608.0,0.172724,-0.9449879999999999,BHR,AUT,480253
7525510,26,15,6996,2006,0.0,8990.0,0.40788800000000003,0.562854,BIH,AUT,480253
7525511,28,15,6996,2006,0.0,8696.0,0.919853,0.384409,BLR,AUT,480253
7525512,31,15,6996,2006,0.0,4721.0,-0.805185,-0.754091,BOL,AUT,480253
7525513,39,15,6996,2006,0.0,5059.0,0.865685,1.1480489999999999,CAN,AUT,480253
7525514,41,15,6996,2006,266543.0,4054938.0,2.052534,0.515523,CHE,AUT,480253
7525515,42,15,6996,2006,0.0,392940.0,-0.188298,-0.46778000000000003,CHL,AUT,480253
7525516,43,15,6996,2006,0.0,303945.0,0.737888,2.54966,CHN,AUT,480253
7525517,49,15,6996,2006,0.0,4724.0,0.129887,0.44371700000000003,COL,AUT,480253
7525518,52,15,6996,2006,0.0,1368.0,0.042663,-0.376672,CRI,AUT,480253
7525519,59,15,6996,2006,21108.0,570773.0,1.564058,0.6023649999999999,CZE,AUT,480253
7525520,61,15,6996,2006,3778727.0,18295056.0,2.132566,-2.773669,DEU,AUT,480253
7525521,64,15,6996,2006,84898.0,1225361.0,1.2308700000000001,1.180914,DNK,AUT,480253
7525522,68,15,6996,2006,0.0,41807.0,-0.182272,0.40222399999999997,EGY,AUT,480253
7525523,71,15,6996,2006,2616954.0,2056520.0,0.9091370000000001,2.068166,ESP,AUT,480253
7525524,72,15,6996,2006,0.0,40876.0,0.6426350000000001,0.925003,EST,AUT,480253
7525525,74,15,6996,2006,10246.0,576911.0,1.864038,0.8193940000000001,FIN,AUT,480253
7525526,77,15,6996,2006,1206232.0,2678408.0,1.47591,0.489466,FRA,AUT,480253
7525527,78,15,6996,2006,0.0,1252.0,-0.117631,-0.69352,FRO,AUT,480253
7525528,81,15,6996,2006,1977326.0,10892861.0,1.824154,0.614424,GBR,AUT,480253
7525529,90,15,6996,2006,0.0,156344.0,0.261955,1.488958,GRC,AUT,480253
7525530,97,15,6996,2006,0.0,12884.0,0.5776319999999999,2.076782,HKG,AUT,480253
7525531,100,15,6996,2006,0.0,96066.0,0.755787,0.992614,HRV,AUT,480253
7525532,102,15,6996,2006,2922.0,1491916.0,1.4034309999999999,0.835144,HUN,AUT,480253
7525533,104,15,6996,2006,0.0,6430.0,0.285652,2.731318,IND,AUT,480253
7525534,106,15,6996,2006,0.0,53565.0,1.43804,0.06463200000000001,IRL,AUT,480253
7525535,109,15,6996,2006,1244.0,54650.0,0.170234,-0.302203,ISL,AUT,480253
7525536,110,15,6996,2006,0.0,66190.0,1.3082129999999998,0.783845,ISR,AUT,480253
7525537,111,15,6996,2006,425948.0,6873359.0,1.293779,0.93995,ITA,AUT,480253
7525538,113,15,6996,2006,0.0,87132.0,0.166718,0.331248,JOR,AUT,480253
7525539,114,15,6996,2006,5398.0,449956.0,2.4348099999999997,0.082887,JPN,AUT,480253
7525540,121,15,6996,2006,0.0,67450.0,1.5384309999999999,0.766628,KOR,AUT,480253
7525541,122,15,6996,2006,0.0,8539.0,-0.589823,-1.142795,KWT,AUT,480253
7525542,124,15,6996,2006,0.0,6989.0,0.3861,1.586183,LBN,AUT,480253
7525543,130,15,6996,2006,0.0,6939.0,0.44063599999999997,1.163857,LTU,AUT,480253
7525544,131,15,6996,2006,0.0,1672.0,1.4345620000000001,0.8840819999999999,LUX,AUT,480253
7525545,132,15,6996,2006,0.0,7764.0,0.531375,0.9414170000000001,LVA,AUT,480253
7525546,140,15,6996,2006,0.0,10246.0,-0.21336,0.17674700000000002,MKD,AUT,480253
7525547,144,15,6996,2006,0.0,1231.0,0.130773,-0.24674699999999997,MNE,AUT,480253
7525548,156,15,6996,2006,0.0,1921.0,-0.135099,-0.7618779999999999,NCL,AUT,480253
7525549,159,15,6996,2006,0.0,7558.0,-2.094353,-1.215025,NGA,AUT,480253
7525550,160,15,6996,2006,0.0,35894.0,-0.998825,-0.893867,NIC,AUT,480253
7525551,162,15,6996,2006,709043.0,7260798.0,1.192134,1.450852,NLD,AUT,480253
7525552,163,15,6996,2006,0.0,366711.0,1.0787930000000001,0.014051,NOR,AUT,480253
7525553,166,15,6996,2006,0.0,702919.0,0.5371,0.8240209999999999,NZL,AUT,480253
7525554,174,15,6996,2006,0.0,22624.0,0.161994,0.036631,PHL,AUT,480253
7525555,177,15,6996,2006,53399.0,922708.0,0.991927,1.474418,POL,AUT,480253
7525556,179,15,6996,2006,18280.0,76681.0,0.5723630000000001,1.92303,PRT,AUT,480253
7525557,185,15,6996,2006,0.0,529256.0,0.550825,1.170744,ROU,AUT,480253
7525558,186,15,6996,2006,0.0,394558.0,0.801197,0.104683,RUS,AUT,480253
7525559,188,15,6996,2006,0.0,241485.0,0.162432,-0.853059,SAU,AUT,480253
7525560,192,15,6996,2006,0.0,98912.0,1.5377379999999998,0.503089,SGP,AUT,480253
7525561,197,15,6996,2006,0.0,5347.0,-0.135312,0.140874,SLV,AUT,480253
7525562,198,15,6996,2006,0.0,46112.0,1.3203340000000001,0.385184,SMR,AUT,480253
7525563,201,15,6996,2006,0.0,15982.0,0.547824,1.5588879999999998,SRB,AUT,480253
7525564,206,15,6996,2006,95979.0,1698388.0,1.291583,0.868317,SVK,AUT,480253
7525565,207,15,6996,2006,35935.0,205715.0,1.5882370000000001,0.800719,SVN,AUT,480253
7525566,208,15,6996,2006,2133612.0,1735759.0,1.902737,0.593294,SWE,AUT,480253
7525567,212,15,6996,2006,0.0,50683.0,-0.588695,0.532487,SYR,AUT,480253
7525568,216,15,6996,2006,0.0,8028.0,0.568209,1.685343,THA,AUT,480253
7525569,223,15,6996,2006,0.0,1032.0,-0.013636,0.804752,TUN,AUT,480253
7525570,224,15,6996,2006,0.0,316136.0,0.33971599999999996,2.193384,TUR,AUT,480253
7525571,227,15,6996,2006,0.0,15440.0,-0.702511,-0.43976099999999996,UGA,AUT,480253
7525572,228,15,6996,2006,0.0,36814.0,0.7008439999999999,0.79656,UKR,AUT,480253
7525573,230,15,6996,2006,0.0,22623.0,0.234384,0.118878,URY,AUT,480253
7525574,231,15,6996,2006,5837.0,79697.0,1.666643,-0.121679,USA,AUT,480253
7525575,243,15,6996,2006,0.0,4466.0,-1.0407110000000002,-1.13042,YEM,AUT,480253
7525576,246,15,6996,2006,0.0,103807.0,0.37964499999999995,1.466326,ZAF,AUT,480253
7525577,249,15,6996,2006,0.0,16474.0,1.619915,1.2289940000000001,TWN,AUT,480253
7525578,7,18,6996,2006,0.0,224291.0,0.053903999999999994,-0.735124,ARE,BEL,480253
7525579,8,18,6996,2006,0.0,17424.0,0.33055,0.665867,ARG,BEL,480253
7525580,14,18,6996,2006,0.0,1418516.0,0.067166,0.373148,AUS,BEL,480253
7525581,15,18,6996,2006,2325000.0,52348.0,1.775669,0.192717,AUT,BEL,480253
7525582,19,18,6996,2006,0.0,31653.0,-0.8434360000000001,-0.798307,BEN,BEL,480253
7525583,24,18,6996,2006,0.0,13989.0,0.172724,-0.9449879999999999,BHR,BEL,480253
7525584,26,18,6996,2006,0.0,2919.0,0.40788800000000003,0.562854,BIH,BEL,480253
7525585,28,18,6996,2006,0.0,3314.0,0.919853,0.384409,BLR,BEL,480253
7525586,32,18,6996,2006,93629.0,59352.0,0.633889,1.1474520000000001,BRA,BEL,480253
7525587,39,18,6996,2006,0.0,115610.0,0.865685,1.1480489999999999,CAN,BEL,480253
7525588,41,18,6996,2006,150419.0,199811.0,2.052534,0.515523,CHE,BEL,480253
7525589,42,18,6996,2006,0.0,132882.0,-0.188298,-0.46778000000000003,CHL,BEL,480253
7525590,43,18,6996,2006,21334.0,298509.0,0.737888,2.54966,CHN,BEL,480253
7525591,44,18,6996,2006,0.0,42543.0,-0.8918530000000001,-0.8145819999999999,CIV,BEL,480253
7525592,46,18,6996,2006,0.0,1144.0,-1.542137,-1.086494,COD,BEL,480253
7525593,49,18,6996,2006,0.0,305148.0,0.129887,0.44371700000000003,COL,BEL,480253
7525594,52,18,6996,2006,0.0,30354.0,0.042663,-0.376672,CRI,BEL,480253
7525595,59,18,6996,2006,50199.0,7065.0,1.564058,0.6023649999999999,CZE,BEL,480253
7525596,61,18,6996,2006,3343458.0,277750.0,2.132566,-2.773669,DEU,BEL,480253
7525597,64,18,6996,2006,354769.0,51898.0,1.2308700000000001,1.180914,DNK,BEL,480253
7525598,66,18,6996,2006,0.0,82801.0,-0.489962,-1.12456,DZA,BEL,480253
7525599,67,18,6996,2006,0.0,61637.0,-0.878583,-0.9462010000000001,ECU,BEL,480253
7525600,68,18,6996,2006,0.0,95092.0,-0.182272,0.40222399999999997,EGY,BEL,480253
7525601,71,18,6996,2006,207689.0,124785.0,0.9091370000000001,2.068166,ESP,BEL,480253
7525602,74,18,6996,2006,0.0,50204.0,1.864038,0.8193940000000001,FIN,BEL,480253
7525603,77,18,6996,2006,6452201.0,2274515.0,1.47591,0.489466,FRA,BEL,480253
7525604,81,18,6996,2006,1443670.0,5816762.0,1.824154,0.614424,GBR,BEL,480253
7525605,83,18,6996,2006,0.0,69939.0,-0.9934860000000001,-0.809318,GHA,BEL,480253
7525606,89,18,6996,2006,0.0,5402.0,-2.188173,-0.8631700000000001,GNQ,BEL,480253
7525607,90,18,6996,2006,0.0,26783.0,0.261955,1.488958,GRC,BEL,480253
7525608,93,18,6996,2006,0.0,20332.0,-0.28642199999999995,0.5868439999999999,GTM,BEL,480253
7525609,97,18,6996,2006,0.0,2516863.0,0.5776319999999999,2.076782,HKG,BEL,480253
7525610,100,18,6996,2006,0.0,1251.0,0.755787,0.992614,HRV,BEL,480253
7525611,102,18,6996,2006,0.0,6760.0,1.4034309999999999,0.835144,HUN,BEL,480253
7525612,103,18,6996,2006,61493.0,0.0,-0.21012399999999998,1.467838,IDN,BEL,480253
7525613,104,18,6996,2006,0.0,201148.0,0.285652,2.731318,IND,BEL,480253
7525614,106,18,6996,2006,0.0,48414.0,1.43804,0.06463200000000001,IRL,BEL,480253
7525615,110,18,6996,2006,0.0,55997.0,1.3082129999999998,0.783845,ISR,BEL,480253
7525616,111,18,6996,2006,821294.0,7248428.0,1.293779,0.93995,ITA,BEL,480253
7525617,113,18,6996,2006,0.0,7323.0,0.166718,0.331248,JOR,BEL,480253
7525618,115,18,6996,2006,0.0,14940.0,0.038229,-0.579421,KAZ,BEL,480253
7525619,121,18,6996,2006,0.0,29722.0,1.5384309999999999,0.766628,KOR,BEL,480253
7525620,124,18,6996,2006,0.0,12191.0,0.3861,1.586183,LBN,BEL,480253
7525621,127,18,6996,2006,0.0,2609.0,1.118348,-0.17618,LCA,BEL,480253
7525622,131,18,6996,2006,953798.0,741519.0,1.4345620000000001,0.8840819999999999,LUX,BEL,480253
7525623,134,18,6996,2006,0.0,73155.0,-0.547933,0.08257300000000001,MAR,BEL,480253
7525624,138,18,6996,2006,0.0,1918454.0,1.047268,0.7142270000000001,MEX,BEL,480253
7525625,142,18,6996,2006,0.0,6523.0,1.384411,0.093734,MLT,BEL,480253
7525626,153,18,6996,2006,0.0,28739.0,0.7896569999999999,0.363625,MYS,BEL,480253
7525627,156,18,6996,2006,0.0,1016.0,-0.135099,-0.7618779999999999,NCL,BEL,480253
7525628,157,18,6996,2006,0.0,2613.0,-0.554188,-0.708255,NER,BEL,480253
7525629,159,18,6996,2006,0.0,52606.0,-2.094353,-1.215025,NGA,BEL,480253
7525630,160,18,6996,2006,0.0,4147.0,-0.998825,-0.893867,NIC,BEL,480253
7525631,162,18,6996,2006,2037099.0,13371596.0,1.192134,1.450852,NLD,BEL,480253
7525632,163,18,6996,2006,0.0,4530.0,1.0787930000000001,0.014051,NOR,BEL,480253
7525633,166,18,6996,2006,0.0,61208.0,0.5371,0.8240209999999999,NZL,BEL,480253
7525634,167,18,6996,2006,0.0,12847.0,-0.6373989999999999,-1.092554,OMN,BEL,480253
7525635,168,18,6996,2006,0.0,43889.0,-0.449333,0.563013,PAK,BEL,480253
7525636,169,18,6996,2006,0.0,5621.0,0.306664,0.638533,PAN,BEL,480253
7525637,173,18,6996,2006,2389.0,186243.0,-0.551095,0.044295,PER,BEL,480253
7525638,174,18,6996,2006,0.0,15914.0,0.161994,0.036631,PHL,BEL,480253
7525639,176,18,6996,2006,0.0,1914.0,-1.89409,-1.234731,PNG,BEL,480253
7525640,177,18,6996,2006,50810.0,121548.0,0.991927,1.474418,POL,BEL,480253
7525641,179,18,6996,2006,288856.0,10404.0,0.5723630000000001,1.92303,PRT,BEL,480253
7525642,183,18,6996,2006,0.0,5610.0,0.055777999999999994,-1.0379049999999999,QAT,BEL,480253
7525643,185,18,6996,2006,5415.0,1060.0,0.550825,1.170744,ROU,BEL,480253
7525644,186,18,6996,2006,0.0,698451.0,0.801197,0.104683,RUS,BEL,480253
7525645,188,18,6996,2006,0.0,22576.0,0.162432,-0.853059,SAU,BEL,480253
7525646,191,18,6996,2006,0.0,1321.0,-0.364713,-0.183612,SEN,BEL,480253
7525647,192,18,6996,2006,0.0,124047.0,1.5377379999999998,0.503089,SGP,BEL,480253
7525648,206,18,6996,2006,202037.0,2567.0,1.291583,0.868317,SVK,BEL,480253
7525649,207,18,6996,2006,0.0,1550.0,1.5882370000000001,0.800719,SVN,BEL,480253
7525650,208,18,6996,2006,582693.0,17828.0,1.902737,0.593294,SWE,BEL,480253
7525651,212,18,6996,2006,0.0,247876.0,-0.588695,0.532487,SYR,BEL,480253
7525652,216,18,6996,2006,7536.0,5816.0,0.568209,1.685343,THA,BEL,480253
7525653,222,18,6996,2006,0.0,16468.0,-0.20651399999999998,-1.024907,TTO,BEL,480253
7525654,223,18,6996,2006,0.0,79840.0,-0.013636,0.804752,TUN,BEL,480253
7525655,224,18,6996,2006,0.0,521509.0,0.33971599999999996,2.193384,TUR,BEL,480253
7525656,226,18,6996,2006,0.0,6484.0,-0.953097,0.159129,TZA,BEL,480253
7525657,231,18,6996,2006,16019.0,604092.0,1.666643,-0.121679,USA,BEL,480253
7525658,236,18,6996,2006,0.0,187855.0,-0.340972,-1.015462,VEN,BEL,480253
7525659,246,18,6996,2006,12317.0,38219.0,0.37964499999999995,1.466326,ZAF,BEL,480253
7525660,248,18,6996,2006,1070.0,0.0,-0.41825500000000004,-0.55313,ZWE,BEL,480253
7525661,8,31,6996,2006,25072.0,0.0,0.33055,0.665867,ARG,BOL,480253
7525662,15,31,6996,2006,4721.0,0.0,1.775669,0.192717,AUT,BOL,480253
7525663,32,31,6996,2006,498248.0,0.0,0.633889,1.1474520000000001,BRA,BOL,480253
7525664,42,31,6996,2006,3870.0,0.0,-0.188298,-0.46778000000000003,CHL,BOL,480253
7525665,49,31,6996,2006,8754.0,0.0,0.129887,0.44371700000000003,COL,BOL,480253
7525666,61,31,6996,2006,2714.0,0.0,2.132566,-2.773669,DEU,BOL,480253
7525667,71,31,6996,2006,7835.0,0.0,0.9091370000000001,2.068166,ESP,BOL,480253
7525668,77,31,6996,2006,6629.0,0.0,1.47591,0.489466,FRA,BOL,480253
7525669,81,31,6996,2006,1920.0,0.0,1.824154,0.614424,GBR,BOL,480253
7525670,111,31,6996,2006,18558.0,0.0,1.293779,0.93995,ITA,BOL,480253
7525671,231,31,6996,2006,1468.0,0.0,1.666643,-0.121679,USA,BOL,480253
7525672,2,32,6996,2006,0.0,24299.0,-2.0822979999999998,-1.176767,AGO,BRA,480253
7525673,7,32,6996,2006,0.0,472033.0,0.053903999999999994,-0.735124,ARE,BRA,480253
7525674,8,32,6996,2006,725249.0,980665.0,0.33055,0.665867,ARG,BRA,480253
7525675,14,32,6996,2006,0.0,108275.0,0.067166,0.373148,AUS,BRA,480253
7525676,18,32,6996,2006,59352.0,93629.0,1.2222540000000002,1.383027,BEL,BRA,480253
7525677,19,32,6996,2006,0.0,90179.0,-0.8434360000000001,-0.798307,BEN,BRA,480253
7525678,31,32,6996,2006,0.0,498248.0,-0.805185,-0.754091,BOL,BRA,480253
7525679,33,32,6996,2006,0.0,6248.0,0.977267,0.6046560000000001,BRB,BRA,480253
7525680,39,32,6996,2006,0.0,37818.0,0.865685,1.1480489999999999,CAN,BRA,480253
7525681,41,32,6996,2006,0.0,21053.0,2.052534,0.515523,CHE,BRA,480253
7525682,42,32,6996,2006,0.0,437514.0,-0.188298,-0.46778000000000003,CHL,BRA,480253
7525683,43,32,6996,2006,0.0,57180.0,0.737888,2.54966,CHN,BRA,480253
7525684,44,32,6996,2006,0.0,52053.0,-0.8918530000000001,-0.8145819999999999,CIV,BRA,480253
7525685,46,32,6996,2006,0.0,80938.0,-1.542137,-1.086494,COD,BRA,480253
7525686,47,32,6996,2006,0.0,124146.0,-1.9903240000000002,-1.189925,COG,BRA,480253
7525687,49,32,6996,2006,0.0,75918.0,0.129887,0.44371700000000003,COL,BRA,480253
7525688,51,32,6996,2006,0.0,31539.0,0.369814,-0.414812,CPV,BRA,480253
7525689,52,32,6996,2006,0.0,11392.0,0.042663,-0.376672,CRI,BRA,480253
7525690,54,32,6996,2006,0.0,243740.0,0.204039,-0.5183260000000001,CUB,BRA,480253
7525691,58,32,6996,2006,0.0,14558.0,0.708267,-0.048096,CYP,BRA,480253
7525692,61,32,6996,2006,45602.0,8866.0,2.132566,-2.773669,DEU,BRA,480253
7525693,65,32,6996,2006,0.0,35672.0,-0.24073699999999998,0.049093,DOM,BRA,480253
7525694,67,32,6996,2006,0.0,55559.0,-0.878583,-0.9462010000000001,ECU,BRA,480253
7525695,68,32,6996,2006,0.0,138086.0,-0.182272,0.40222399999999997,EGY,BRA,480253
7525696,71,32,6996,2006,3935.0,241064.0,0.9091370000000001,2.068166,ESP,BRA,480253
7525697,77,32,6996,2006,38641.0,339039.0,1.47591,0.489466,FRA,BRA,480253
7525698,81,32,6996,2006,30538.0,110273.0,1.824154,0.614424,GBR,BRA,480253
7525699,83,32,6996,2006,0.0,26146.0,-0.9934860000000001,-0.809318,GHA,BRA,480253
7525700,87,32,6996,2006,0.0,11250.0,-0.378539,-0.48427200000000004,GMB,BRA,480253
7525701,93,32,6996,2006,0.0,164716.0,-0.28642199999999995,0.5868439999999999,GTM,BRA,480253
7525702,96,32,6996,2006,0.0,14148.0,-0.813775,-0.8000649999999999,GUY,BRA,480253
7525703,97,32,6996,2006,0.0,159951.0,0.5776319999999999,2.076782,HKG,BRA,480253
7525704,99,32,6996,2006,0.0,77121.0,-0.672074,-0.472138,HND,BRA,480253
7525705,103,32,6996,2006,49641.0,0.0,-0.21012399999999998,1.467838,IDN,BRA,480253
7525706,107,32,6996,2006,0.0,104084.0,-0.391023,-0.767861,IRN,BRA,480253
7525707,111,32,6996,2006,78502.0,83469.0,1.293779,0.93995,ITA,BRA,480253
7525708,112,32,6996,2006,0.0,105526.0,-0.5122720000000001,-0.9109809999999999,JAM,BRA,480253
7525709,113,32,6996,2006,0.0,117205.0,0.166718,0.331248,JOR,BRA,480253
7525710,114,32,6996,2006,2065.0,0.0,2.4348099999999997,0.082887,JPN,BRA,480253
7525711,124,32,6996,2006,0.0,236116.0,0.3861,1.586183,LBN,BRA,480253
7525712,136,32,6996,2006,0.0,80158.0,-1.024657,-0.393395,MDG,BRA,480253
7525713,138,32,6996,2006,39726.0,232882.0,1.047268,0.7142270000000001,MEX,BRA,480253
7525714,151,32,6996,2006,0.0,12180.0,-0.311109,-0.07267,MUS,BRA,480253
7525715,153,32,6996,2006,0.0,3393.0,0.7896569999999999,0.363625,MYS,BRA,480253
7525716,159,32,6996,2006,0.0,1660003.0,-2.094353,-1.215025,NGA,BRA,480253
7525717,160,32,6996,2006,0.0,97143.0,-0.998825,-0.893867,NIC,BRA,480253
7525718,162,32,6996,2006,166761.0,0.0,1.192134,1.450852,NLD,BRA,480253
7525719,166,32,6996,2006,0.0,45531.0,0.5371,0.8240209999999999,NZL,BRA,480253
7525720,167,32,6996,2006,0.0,57992.0,-0.6373989999999999,-1.092554,OMN,BRA,480253
7525721,168,32,6996,2006,0.0,36749.0,-0.449333,0.563013,PAK,BRA,480253
7525722,169,32,6996,2006,0.0,99047.0,0.306664,0.638533,PAN,BRA,480253
7525723,173,32,6996,2006,0.0,309098.0,-0.551095,0.044295,PER,BRA,480253
7525724,174,32,6996,2006,0.0,70820.0,0.161994,0.036631,PHL,BRA,480253
7525725,180,32,6996,2006,0.0,229956.0,-0.520435,-0.7839119999999999,PRY,BRA,480253
7525726,182,32,6996,2006,0.0,679.0,-0.213329,-0.743599,PYF,BRA,480253
7525727,183,32,6996,2006,0.0,26871.0,0.055777999999999994,-1.0379049999999999,QAT,BRA,480253
7525728,188,32,6996,2006,0.0,133201.0,0.162432,-0.853059,SAU,BRA,480253
7525729,192,32,6996,2006,0.0,30732.0,1.5377379999999998,0.503089,SGP,BRA,480253
7525730,197,32,6996,2006,0.0,37855.0,-0.135312,0.140874,SLV,BRA,480253
7525731,205,32,6996,2006,0.0,15245.0,-0.754046,-0.872361,SUR,BRA,480253
7525732,208,32,6996,2006,16894.0,49748.0,1.902737,0.593294,SWE,BRA,480253
7525733,212,32,6996,2006,0.0,405495.0,-0.588695,0.532487,SYR,BRA,480253
7525734,215,32,6996,2006,0.0,77857.0,-0.8304020000000001,-0.678178,TGO,BRA,480253
7525735,222,32,6996,2006,0.0,246166.0,-0.20651399999999998,-1.024907,TTO,BRA,480253
7525736,224,32,6996,2006,0.0,104219.0,0.33971599999999996,2.193384,TUR,BRA,480253
7525737,230,32,6996,2006,0.0,222785.0,0.234384,0.118878,URY,BRA,480253
7525738,231,32,6996,2006,72936.0,220188.0,1.666643,-0.121679,USA,BRA,480253
7525739,236,32,6996,2006,0.0,106170.0,-0.340972,-1.015462,VEN,BRA,480253
7525740,246,32,6996,2006,0.0,89264.0,0.37964499999999995,1.466326,ZAF,BRA,480253
7525741,249,32,6996,2006,3945.0,27880.0,1.619915,1.2289940000000001,TWN,BRA,480253
7525742,13,33,6996,2006,0.0,710.0,-0.139051,-0.780321,ATG,BRB,480253
7525743,32,33,6996,2006,6248.0,0.0,0.633889,1.1474520000000001,BRA,BRB,480253
7525744,39,33,6996,2006,13099.0,0.0,0.865685,1.1480489999999999,CAN,BRB,480253
7525745,61,33,6996,2006,58308.0,0.0,2.132566,-2.773669,DEU,BRB,480253
7525746,63,33,6996,2006,0.0,6154.0,0.10759400000000001,-0.159215,DMA,BRB,480253
7525747,81,33,6996,2006,4579.0,0.0,1.824154,0.614424,GBR,BRB,480253
7525748,111,33,6996,2006,2930.0,0.0,1.293779,0.93995,ITA,BRB,480253
7525749,127,33,6996,2006,0.0,15669.0,1.118348,-0.17618,LCA,BRB,480253
7525750,162,33,6996,2006,35091.0,1059.0,1.192134,1.450852,NLD,BRB,480253
7525751,169,33,6996,2006,1500.0,0.0,0.306664,0.638533,PAN,BRB,480253
7525752,231,33,6996,2006,13383.0,0.0,1.666643,-0.121679,USA,BRB,480253
7525753,234,33,6996,2006,0.0,3629.0,-0.6097060000000001,-0.8844770000000001,VCT,BRB,480253
7525754,15,39,6996,2006,5059.0,0.0,1.775669,0.192717,AUT,CAN,480253
7525755,18,39,6996,2006,115610.0,0.0,1.2222540000000002,1.383027,BEL,CAN,480253
7525756,30,39,6996,2006,0.0,53158.0,0.491259,-0.603062,BMU,CAN,480253
7525757,32,39,6996,2006,37818.0,0.0,0.633889,1.1474520000000001,BRA,CAN,480253
7525758,33,39,6996,2006,0.0,13099.0,0.977267,0.6046560000000001,BRB,CAN,480253
7525759,42,39,6996,2006,0.0,33851.0,-0.188298,-0.46778000000000003,CHL,CAN,480253
7525760,43,39,6996,2006,112281.0,8512.0,0.737888,2.54966,CHN,CAN,480253
7525761,52,39,6996,2006,0.0,32382.0,0.042663,-0.376672,CRI,CAN,480253
7525762,61,39,6996,2006,50114.0,0.0,2.132566,-2.773669,DEU,CAN,480253
7525763,71,39,6996,2006,7532.0,0.0,0.9091370000000001,2.068166,ESP,CAN,480253
7525764,72,39,6996,2006,0.0,9030.0,0.6426350000000001,0.925003,EST,CAN,480253
7525765,74,39,6996,2006,21653.0,0.0,1.864038,0.8193940000000001,FIN,CAN,480253
7525766,77,39,6996,2006,184859.0,0.0,1.47591,0.489466,FRA,CAN,480253
7525767,81,39,6996,2006,104469.0,2884.0,1.824154,0.614424,GBR,CAN,480253
7525768,97,39,6996,2006,0.0,52110.0,0.5776319999999999,2.076782,HKG,CAN,480253
7525769,103,39,6996,2006,79957.0,0.0,-0.21012399999999998,1.467838,IDN,CAN,480253
7525770,104,39,6996,2006,22742.0,3706.0,0.285652,2.731318,IND,CAN,480253
7525771,106,39,6996,2006,995.0,0.0,1.43804,0.06463200000000001,IRL,CAN,480253
7525772,107,39,6996,2006,0.0,223626.0,-0.391023,-0.767861,IRN,CAN,480253
7525773,110,39,6996,2006,0.0,30626.0,1.3082129999999998,0.783845,ISR,CAN,480253
7525774,111,39,6996,2006,50197.0,0.0,1.293779,0.93995,ITA,CAN,480253
7525775,112,39,6996,2006,0.0,32605.0,-0.5122720000000001,-0.9109809999999999,JAM,CAN,480253
7525776,114,39,6996,2006,1127974.0,0.0,2.4348099999999997,0.082887,JPN,CAN,480253
7525777,121,39,6996,2006,2274.0,0.0,1.5384309999999999,0.766628,KOR,CAN,480253
7525778,128,39,6996,2006,0.0,51253.0,-0.573767,0.305913,LKA,CAN,480253
7525779,138,39,6996,2006,0.0,19902.0,1.047268,0.7142270000000001,MEX,CAN,480253
7525780,153,39,6996,2006,0.0,32593.0,0.7896569999999999,0.363625,MYS,CAN,480253
7525781,162,39,6996,2006,8004.0,0.0,1.192134,1.450852,NLD,CAN,480253
7525782,168,39,6996,2006,2604.0,52778.0,-0.449333,0.563013,PAK,CAN,480253
7525783,173,39,6996,2006,0.0,5074.0,-0.551095,0.044295,PER,CAN,480253
7525784,174,39,6996,2006,0.0,93484.0,0.161994,0.036631,PHL,CAN,480253
7525785,179,39,6996,2006,16549.0,0.0,0.5723630000000001,1.92303,PRT,CAN,480253
7525786,208,39,6996,2006,4147315.0,0.0,1.902737,0.593294,SWE,CAN,480253
7525787,216,39,6996,2006,28324.0,0.0,0.568209,1.685343,THA,CAN,480253
7525788,222,39,6996,2006,0.0,1378.0,-0.20651399999999998,-1.024907,TTO,CAN,480253
7525789,223,39,6996,2006,0.0,24588.0,-0.013636,0.804752,TUN,CAN,480253
7525790,224,39,6996,2006,0.0,152039.0,0.33971599999999996,2.193384,TUR,CAN,480253
7525791,231,39,6996,2006,99706392.0,9103382.0,1.666643,-0.121679,USA,CAN,480253
7525792,236,39,6996,2006,0.0,5393.0,-0.340972,-1.015462,VEN,CAN,480253
7525793,249,39,6996,2006,12986.0,0.0,1.619915,1.2289940000000001,TWN,CAN,480253
7525794,8,41,6996,2006,0.0,14568.0,0.33055,0.665867,ARG,CHE,480253
7525795,14,41,6996,2006,0.0,1201.0,0.067166,0.373148,AUS,CHE,480253
7525796,15,41,6996,2006,4054938.0,266543.0,1.775669,0.192717,AUT,CHE,480253
7525797,18,41,6996,2006,199811.0,150419.0,1.2222540000000002,1.383027,BEL,CHE,480253
7525798,23,41,6996,2006,0.0,4400.0,0.414563,1.378005,BGR,CHE,480253
7525799,32,41,6996,2006,21053.0,0.0,0.633889,1.1474520000000001,BRA,CHE,480253
7525800,52,41,6996,2006,0.0,15644.0,0.042663,-0.376672,CRI,CHE,480253
7525801,54,41,6996,2006,6311.0,0.0,0.204039,-0.5183260000000001,CUB,CHE,480253
7525802,59,41,6996,2006,518262.0,178234.0,1.564058,0.6023649999999999,CZE,CHE,480253
7525803,61,41,6996,2006,6629428.0,5336892.0,2.132566,-2.773669,DEU,CHE,480253
7525804,64,41,6996,2006,307463.0,47372.0,1.2308700000000001,1.180914,DNK,CHE,480253
7525805,71,41,6996,2006,120590.0,114673.0,0.9091370000000001,2.068166,ESP,CHE,480253
7525806,72,41,6996,2006,0.0,2419.0,0.6426350000000001,0.925003,EST,CHE,480253
7525807,74,41,6996,2006,4796.0,282288.0,1.864038,0.8193940000000001,FIN,CHE,480253
7525808,77,41,6996,2006,7118856.0,223519.0,1.47591,0.489466,FRA,CHE,480253
7525809,81,41,6996,2006,3215638.0,399571.0,1.824154,0.614424,GBR,CHE,480253
7525810,90,41,6996,2006,0.0,3247.0,0.261955,1.488958,GRC,CHE,480253
7525811,102,41,6996,2006,0.0,40163.0,1.4034309999999999,0.835144,HUN,CHE,480253
7525812,104,41,6996,2006,0.0,3156.0,0.285652,2.731318,IND,CHE,480253
7525813,107,41,6996,2006,0.0,1431.0,-0.391023,-0.767861,IRN,CHE,480253
7525814,109,41,6996,2006,0.0,5686.0,0.170234,-0.302203,ISL,CHE,480253
7525815,110,41,6996,2006,0.0,11953.0,1.3082129999999998,0.783845,ISR,CHE,480253
7525816,111,41,6996,2006,1241436.0,102482.0,1.293779,0.93995,ITA,CHE,480253
7525817,116,41,6996,2006,0.0,18778.0,-0.38287899999999997,1.060286,KEN,CHE,480253
7525818,130,41,6996,2006,0.0,5901.0,0.44063599999999997,1.163857,LTU,CHE,480253
7525819,131,41,6996,2006,0.0,11729.0,1.4345620000000001,0.8840819999999999,LUX,CHE,480253
7525820,138,41,6996,2006,0.0,347906.0,1.047268,0.7142270000000001,MEX,CHE,480253
7525821,140,41,6996,2006,0.0,21813.0,-0.21336,0.17674700000000002,MKD,CHE,480253
7525822,153,41,6996,2006,1439.0,0.0,0.7896569999999999,0.363625,MYS,CHE,480253
7525823,159,41,6996,2006,0.0,260325.0,-2.094353,-1.215025,NGA,CHE,480253
7525824,162,41,6996,2006,331197.0,139496.0,1.192134,1.450852,NLD,CHE,480253
7525825,163,41,6996,2006,0.0,42577.0,1.0787930000000001,0.014051,NOR,CHE,480253
7525826,169,41,6996,2006,0.0,14483.0,0.306664,0.638533,PAN,CHE,480253
7525827,173,41,6996,2006,0.0,5599.0,-0.551095,0.044295,PER,CHE,480253
7525828,177,41,6996,2006,254343.0,10329.0,0.991927,1.474418,POL,CHE,480253
7525829,179,41,6996,2006,103153.0,14970.0,0.5723630000000001,1.92303,PRT,CHE,480253
7525830,180,41,6996,2006,0.0,8726.0,-0.520435,-0.7839119999999999,PRY,CHE,480253
7525831,185,41,6996,2006,0.0,12055.0,0.550825,1.170744,ROU,CHE,480253
7525832,186,41,6996,2006,0.0,29906.0,0.801197,0.104683,RUS,CHE,480253
7525833,188,41,6996,2006,0.0,73274.0,0.162432,-0.853059,SAU,CHE,480253
7525834,206,41,6996,2006,0.0,16426.0,1.291583,0.868317,SVK,CHE,480253
7525835,207,41,6996,2006,0.0,6262.0,1.5882370000000001,0.800719,SVN,CHE,480253
7525836,208,41,6996,2006,709629.0,395112.0,1.902737,0.593294,SWE,CHE,480253
7525837,224,41,6996,2006,0.0,1020.0,0.33971599999999996,2.193384,TUR,CHE,480253
7525838,231,41,6996,2006,56594.0,38158.0,1.666643,-0.121679,USA,CHE,480253
7525839,246,41,6996,2006,0.0,119417.0,0.37964499999999995,1.466326,ZAF,CHE,480253
7525840,8,42,6996,2006,312779.0,0.0,0.33055,0.665867,ARG,CHL,480253
7525841,15,42,6996,2006,392940.0,0.0,1.775669,0.192717,AUT,CHL,480253
7525842,18,42,6996,2006,132882.0,0.0,1.2222540000000002,1.383027,BEL,CHL,480253
7525843,31,42,6996,2006,0.0,3870.0,-0.805185,-0.754091,BOL,CHL,480253
7525844,32,42,6996,2006,437514.0,0.0,0.633889,1.1474520000000001,BRA,CHL,480253
7525845,39,42,6996,2006,33851.0,0.0,0.865685,1.1480489999999999,CAN,CHL,480253
7525846,43,42,6996,2006,9053.0,0.0,0.737888,2.54966,CHN,CHL,480253
7525847,49,42,6996,2006,41682.0,0.0,0.129887,0.44371700000000003,COL,CHL,480253
7525848,52,42,6996,2006,0.0,9938.0,0.042663,-0.376672,CRI,CHL,480253
7525849,61,42,6996,2006,1071.0,0.0,2.132566,-2.773669,DEU,CHL,480253
7525850,71,42,6996,2006,42604.0,0.0,0.9091370000000001,2.068166,ESP,CHL,480253
7525851,77,42,6996,2006,137902.0,0.0,1.47591,0.489466,FRA,CHL,480253
7525852,81,42,6996,2006,2707.0,0.0,1.824154,0.614424,GBR,CHL,480253
7525853,93,42,6996,2006,0.0,613362.0,-0.28642199999999995,0.5868439999999999,GTM,CHL,480253
7525854,103,42,6996,2006,52864.0,0.0,-0.21012399999999998,1.467838,IDN,CHL,480253
7525855,111,42,6996,2006,53897.0,0.0,1.293779,0.93995,ITA,CHL,480253
7525856,160,42,6996,2006,0.0,136832.0,-0.998825,-0.893867,NIC,CHL,480253
7525857,162,42,6996,2006,27467.0,0.0,1.192134,1.450852,NLD,CHL,480253
7525858,169,42,6996,2006,0.0,90632.0,0.306664,0.638533,PAN,CHL,480253
7525859,173,42,6996,2006,0.0,3393.0,-0.551095,0.044295,PER,CHL,480253
7525860,182,42,6996,2006,0.0,639.0,-0.213329,-0.743599,PYF,CHL,480253
7525861,197,42,6996,2006,0.0,42266.0,-0.135312,0.140874,SLV,CHL,480253
7525862,231,42,6996,2006,16851.0,0.0,1.666643,-0.121679,USA,CHL,480253
7525863,249,42,6996,2006,3104.0,0.0,1.619915,1.2289940000000001,TWN,CHL,480253
7525864,250,42,6996,2006,29262.0,0.0,0.711619,-0.41880200000000006,ANS,CHL,480253
7525865,4,43,6996,2006,0.0,8785.0,-0.340932,-0.06302200000000001,ALB,CHN,480253
7525866,9,43,6996,2006,0.0,15515.0,0.14539100000000002,-0.558014,ARM,CHN,480253
7525867,14,43,6996,2006,132768.0,52120.0,0.067166,0.373148,AUS,CHN,480253
7525868,15,43,6996,2006,303945.0,0.0,1.775669,0.192717,AUT,CHN,480253
7525869,18,43,6996,2006,298509.0,21334.0,1.2222540000000002,1.383027,BEL,CHN,480253
7525870,23,43,6996,2006,0.0,1368.0,0.414563,1.378005,BGR,CHN,480253
7525871,28,43,6996,2006,0.0,3260.0,0.919853,0.384409,BLR,CHN,480253
7525872,32,43,6996,2006,57180.0,0.0,0.633889,1.1474520000000001,BRA,CHN,480253
7525873,39,43,6996,2006,8512.0,112281.0,0.865685,1.1480489999999999,CAN,CHN,480253
7525874,42,43,6996,2006,0.0,9053.0,-0.188298,-0.46778000000000003,CHL,CHN,480253
7525875,45,43,6996,2006,0.0,1083.0,-1.358873,-1.1511360000000002,CMR,CHN,480253
7525876,52,43,6996,2006,0.0,27690.0,0.042663,-0.376672,CRI,CHN,480253
7525877,54,43,6996,2006,0.0,55328.0,0.204039,-0.5183260000000001,CUB,CHN,480253
7525878,58,43,6996,2006,0.0,107800.0,0.708267,-0.048096,CYP,CHN,480253
7525879,59,43,6996,2006,7039.0,14116.0,1.564058,0.6023649999999999,CZE,CHN,480253
7525880,61,43,6996,2006,214770.0,41267.0,2.132566,-2.773669,DEU,CHN,480253
7525881,64,43,6996,2006,14402.0,1415.0,1.2308700000000001,1.180914,DNK,CHN,480253
7525882,65,43,6996,2006,0.0,52016.0,-0.24073699999999998,0.049093,DOM,CHN,480253
7525883,66,43,6996,2006,0.0,19985.0,-0.489962,-1.12456,DZA,CHN,480253
7525884,67,43,6996,2006,0.0,37076.0,-0.878583,-0.9462010000000001,ECU,CHN,480253
7525885,68,43,6996,2006,0.0,917835.0,-0.182272,0.40222399999999997,EGY,CHN,480253
7525886,71,43,6996,2006,12535.0,306171.0,0.9091370000000001,2.068166,ESP,CHN,480253
7525887,72,43,6996,2006,0.0,1972.0,0.6426350000000001,0.925003,EST,CHN,480253
7525888,73,43,6996,2006,0.0,21691.0,-0.9557180000000001,-0.9153479999999999,ETH,CHN,480253
7525889,74,43,6996,2006,31996.0,0.0,1.864038,0.8193940000000001,FIN,CHN,480253
7525890,77,43,6996,2006,1470464.0,969230.0,1.47591,0.489466,FRA,CHN,480253
7525891,81,43,6996,2006,838802.0,1523680.0,1.824154,0.614424,GBR,CHN,480253
7525892,82,43,6996,2006,0.0,3856.0,0.076711,-0.47216099999999994,GEO,CHN,480253
7525893,90,43,6996,2006,0.0,9254.0,0.261955,1.488958,GRC,CHN,480253
7525894,97,43,6996,2006,728502.0,1713460.0,0.5776319999999999,2.076782,HKG,CHN,480253
7525895,99,43,6996,2006,0.0,6247.0,-0.672074,-0.472138,HND,CHN,480253
7525896,100,43,6996,2006,0.0,5879.0,0.755787,0.992614,HRV,CHN,480253
7525897,103,43,6996,2006,10434248.0,117184.0,-0.21012399999999998,1.467838,IDN,CHN,480253
7525898,106,43,6996,2006,0.0,7278.0,1.43804,0.06463200000000001,IRL,CHN,480253
7525899,107,43,6996,2006,0.0,13324.0,-0.391023,-0.767861,IRN,CHN,480253
7525900,108,43,6996,2006,0.0,55803.0,-2.029727,-0.8634219999999999,IRQ,CHN,480253
7525901,110,43,6996,2006,1173.0,0.0,1.3082129999999998,0.783845,ISR,CHN,480253
7525902,111,43,6996,2006,653427.0,79532.0,1.293779,0.93995,ITA,CHN,480253
7525903,113,43,6996,2006,0.0,13970.0,0.166718,0.331248,JOR,CHN,480253
7525904,114,43,6996,2006,4230989.0,311669.0,2.4348099999999997,0.082887,JPN,CHN,480253
7525905,115,43,6996,2006,0.0,68265.0,0.038229,-0.579421,KAZ,CHN,480253
7525906,116,43,6996,2006,0.0,127192.0,-0.38287899999999997,1.060286,KEN,CHN,480253
7525907,121,43,6996,2006,337921.0,163419.0,1.5384309999999999,0.766628,KOR,CHN,480253
7525908,124,43,6996,2006,0.0,12547.0,0.3861,1.586183,LBN,CHN,480253
7525909,128,43,6996,2006,0.0,4004.0,-0.573767,0.305913,LKA,CHN,480253
7525910,130,43,6996,2006,0.0,12184.0,0.44063599999999997,1.163857,LTU,CHN,480253
7525911,133,43,6996,2006,4603.0,4495.0,-0.07118200000000001,-0.228354,MAC,CHN,480253
7525912,134,43,6996,2006,0.0,13032.0,-0.547933,0.08257300000000001,MAR,CHN,480253
7525913,135,43,6996,2006,0.0,7297.0,-0.017707,0.135305,MDA,CHN,480253
7525914,136,43,6996,2006,0.0,3124.0,-1.024657,-0.393395,MDG,CHN,480253
7525915,138,43,6996,2006,0.0,14542.0,1.047268,0.7142270000000001,MEX,CHN,480253
7525916,140,43,6996,2006,0.0,514.0,-0.21336,0.17674700000000002,MKD,CHN,480253
7525917,142,43,6996,2006,0.0,15584.0,1.384411,0.093734,MLT,CHN,480253
7525918,153,43,6996,2006,111982.0,260290.0,0.7896569999999999,0.363625,MYS,CHN,480253
7525919,156,43,6996,2006,0.0,4325.0,-0.135099,-0.7618779999999999,NCL,CHN,480253
7525920,157,43,6996,2006,0.0,1476.0,-0.554188,-0.708255,NER,CHN,480253
7525921,159,43,6996,2006,0.0,4792158.0,-2.094353,-1.215025,NGA,CHN,480253
7525922,160,43,6996,2006,0.0,33807.0,-0.998825,-0.893867,NIC,CHN,480253
7525923,162,43,6996,2006,186860.0,1246.0,1.192134,1.450852,NLD,CHN,480253
7525924,163,43,6996,2006,0.0,27035.0,1.0787930000000001,0.014051,NOR,CHN,480253
7525925,166,43,6996,2006,1946.0,108244.0,0.5371,0.8240209999999999,NZL,CHN,480253
7525926,168,43,6996,2006,0.0,34124.0,-0.449333,0.563013,PAK,CHN,480253
7525927,169,43,6996,2006,0.0,17026.0,0.306664,0.638533,PAN,CHN,480253
7525928,173,43,6996,2006,0.0,32040.0,-0.551095,0.044295,PER,CHN,480253
7525929,174,43,6996,2006,0.0,51079.0,0.161994,0.036631,PHL,CHN,480253
7525930,177,43,6996,2006,0.0,50470.0,0.991927,1.474418,POL,CHN,480253
7525931,178,43,6996,2006,0.0,1927.0,0.548754,0.763313,PRK,CHN,480253
7525932,179,43,6996,2006,296604.0,0.0,0.5723630000000001,1.92303,PRT,CHN,480253
7525933,180,43,6996,2006,0.0,11390.0,-0.520435,-0.7839119999999999,PRY,CHN,480253
7525934,182,43,6996,2006,0.0,1959.0,-0.213329,-0.743599,PYF,CHN,480253
7525935,185,43,6996,2006,0.0,1073.0,0.550825,1.170744,ROU,CHN,480253
7525936,186,43,6996,2006,0.0,43156.0,0.801197,0.104683,RUS,CHN,480253
7525937,188,43,6996,2006,0.0,109454.0,0.162432,-0.853059,SAU,CHN,480253
7525938,191,43,6996,2006,0.0,3672.0,-0.364713,-0.183612,SEN,CHN,480253
7525939,192,43,6996,2006,21536.0,397340.0,1.5377379999999998,0.503089,SGP,CHN,480253
7525940,201,43,6996,2006,0.0,12112.0,0.547824,1.5588879999999998,SRB,CHN,480253
7525941,207,43,6996,2006,0.0,43252.0,1.5882370000000001,0.800719,SVN,CHN,480253
7525942,208,43,6996,2006,585578.0,0.0,1.902737,0.593294,SWE,CHN,480253
7525943,216,43,6996,2006,183895.0,230506.0,0.568209,1.685343,THA,CHN,480253
7525944,224,43,6996,2006,0.0,529314.0,0.33971599999999996,2.193384,TUR,CHN,480253
7525945,226,43,6996,2006,0.0,15859.0,-0.953097,0.159129,TZA,CHN,480253
7525946,230,43,6996,2006,0.0,7746.0,0.234384,0.118878,URY,CHN,480253
7525947,231,43,6996,2006,1056583.0,66702.0,1.666643,-0.121679,USA,CHN,480253
7525948,239,43,6996,2006,0.0,260803.0,-0.342779,1.033318,VNM,CHN,480253
7525949,243,43,6996,2006,0.0,13486.0,-1.0407110000000002,-1.13042,YEM,CHN,480253
7525950,246,43,6996,2006,36498.0,291890.0,0.37964499999999995,1.466326,ZAF,CHN,480253
7525951,249,43,6996,2006,509761.0,563432.0,1.619915,1.2289940000000001,TWN,CHN,480253
7525952,8,49,6996,2006,104884.0,0.0,0.33055,0.665867,ARG,COL,480253
7525953,14,49,6996,2006,5563.0,0.0,0.067166,0.373148,AUS,COL,480253
7525954,15,49,6996,2006,4724.0,0.0,1.775669,0.192717,AUT,COL,480253
7525955,18,49,6996,2006,305148.0,0.0,1.2222540000000002,1.383027,BEL,COL,480253
7525956,31,49,6996,2006,0.0,8754.0,-0.805185,-0.754091,BOL,COL,480253
7525957,32,49,6996,2006,75918.0,0.0,0.633889,1.1474520000000001,BRA,COL,480253
7525958,42,49,6996,2006,0.0,41682.0,-0.188298,-0.46778000000000003,CHL,COL,480253
7525959,52,49,6996,2006,0.0,68456.0,0.042663,-0.376672,CRI,COL,480253
7525960,61,49,6996,2006,39164.0,0.0,2.132566,-2.773669,DEU,COL,480253
7525961,67,49,6996,2006,20665.0,367398.0,-0.878583,-0.9462010000000001,ECU,COL,480253
7525962,71,49,6996,2006,86635.0,0.0,0.9091370000000001,2.068166,ESP,COL,480253
7525963,77,49,6996,2006,244806.0,0.0,1.47591,0.489466,FRA,COL,480253
7525964,81,49,6996,2006,56225.0,0.0,1.824154,0.614424,GBR,COL,480253
7525965,93,49,6996,2006,0.0,1791.0,-0.28642199999999995,0.5868439999999999,GTM,COL,480253
7525966,99,49,6996,2006,0.0,41244.0,-0.672074,-0.472138,HND,COL,480253
7525967,103,49,6996,2006,20084.0,0.0,-0.21012399999999998,1.467838,IDN,COL,480253
7525968,111,49,6996,2006,118827.0,0.0,1.293779,0.93995,ITA,COL,480253
7525969,121,49,6996,2006,85131.0,0.0,1.5384309999999999,0.766628,KOR,COL,480253
7525970,131,49,6996,2006,8568.0,0.0,1.4345620000000001,0.8840819999999999,LUX,COL,480253
7525971,138,49,6996,2006,18703.0,0.0,1.047268,0.7142270000000001,MEX,COL,480253
7525972,162,49,6996,2006,32107.0,0.0,1.192134,1.450852,NLD,COL,480253
7525973,169,49,6996,2006,0.0,72361.0,0.306664,0.638533,PAN,COL,480253
7525974,173,49,6996,2006,0.0,401949.0,-0.551095,0.044295,PER,COL,480253
7525975,197,49,6996,2006,0.0,75844.0,-0.135312,0.140874,SLV,COL,480253
7525976,230,49,6996,2006,0.0,3282.0,0.234384,0.118878,URY,COL,480253
7525977,231,49,6996,2006,135239.0,0.0,1.666643,-0.121679,USA,COL,480253
7525978,236,49,6996,2006,0.0,307174.0,-0.340972,-1.015462,VEN,COL,480253
7525979,250,49,6996,2006,0.0,71096.0,0.711619,-0.41880200000000006,ANS,COL,480253
7525980,15,52,6996,2006,1368.0,0.0,1.775669,0.192717,AUT,CRI,480253
7525981,18,52,6996,2006,30354.0,0.0,1.2222540000000002,1.383027,BEL,CRI,480253
7525982,32,52,6996,2006,11392.0,0.0,0.633889,1.1474520000000001,BRA,CRI,480253
7525983,39,52,6996,2006,32382.0,0.0,0.865685,1.1480489999999999,CAN,CRI,480253
7525984,41,52,6996,2006,15644.0,0.0,2.052534,0.515523,CHE,CRI,480253
7525985,42,52,6996,2006,9938.0,0.0,-0.188298,-0.46778000000000003,CHL,CRI,480253
7525986,43,52,6996,2006,27690.0,0.0,0.737888,2.54966,CHN,CRI,480253
7525987,49,52,6996,2006,68456.0,0.0,0.129887,0.44371700000000003,COL,CRI,480253
7525988,61,52,6996,2006,6044.0,0.0,2.132566,-2.773669,DEU,CRI,480253
7525989,71,52,6996,2006,106428.0,0.0,0.9091370000000001,2.068166,ESP,CRI,480253
7525990,77,52,6996,2006,24490.0,0.0,1.47591,0.489466,FRA,CRI,480253
7525991,81,52,6996,2006,1403.0,0.0,1.824154,0.614424,GBR,CRI,480253
7525992,103,52,6996,2006,47334.0,0.0,-0.21012399999999998,1.467838,IDN,CRI,480253
7525993,111,52,6996,2006,49730.0,0.0,1.293779,0.93995,ITA,CRI,480253
7525994,138,52,6996,2006,6219.0,0.0,1.047268,0.7142270000000001,MEX,CRI,480253
7525995,160,52,6996,2006,0.0,47680.0,-0.998825,-0.893867,NIC,CRI,480253
7525996,197,52,6996,2006,6999.0,0.0,-0.135312,0.140874,SLV,CRI,480253
7525997,208,52,6996,2006,15004.0,0.0,1.902737,0.593294,SWE,CRI,480253
7525998,231,52,6996,2006,1084048.0,3602.0,1.666643,-0.121679,USA,CRI,480253
7525999,4,59,6996,2006,0.0,4520.0,-0.340932,-0.06302200000000001,ALB,CZE,480253
7526000,15,59,6996,2006,570773.0,21108.0,1.775669,0.192717,AUT,CZE,480253
7526001,18,59,6996,2006,7065.0,50199.0,1.2222540000000002,1.383027,BEL,CZE,480253
7526002,23,59,6996,2006,0.0,44269.0,0.414563,1.378005,BGR,CZE,480253
7526003,41,59,6996,2006,178234.0,518262.0,2.052534,0.515523,CHE,CZE,480253
7526004,43,59,6996,2006,14116.0,7039.0,0.737888,2.54966,CHN,CZE,480253
7526005,61,59,6996,2006,1631499.0,336075.0,2.132566,-2.773669,DEU,CZE,480253
7526006,71,59,6996,2006,0.0,27494.0,0.9091370000000001,2.068166,ESP,CZE,480253
7526007,72,59,6996,2006,0.0,27909.0,0.6426350000000001,0.925003,EST,CZE,480253
7526008,77,59,6996,2006,944934.0,1699408.0,1.47591,0.489466,FRA,CZE,480253
7526009,78,59,6996,2006,0.0,84.0,-0.117631,-0.69352,FRO,CZE,480253
7526010,81,59,6996,2006,45380.0,3896.0,1.824154,0.614424,GBR,CZE,480253
7526011,90,59,6996,2006,0.0,79140.0,0.261955,1.488958,GRC,CZE,480253
7526012,100,59,6996,2006,0.0,2596.0,0.755787,0.992614,HRV,CZE,480253
7526013,102,59,6996,2006,89991.0,395302.0,1.4034309999999999,0.835144,HUN,CZE,480253
7526014,103,59,6996,2006,12425.0,0.0,-0.21012399999999998,1.467838,IDN,CZE,480253
7526015,111,59,6996,2006,342491.0,200539.0,1.293779,0.93995,ITA,CZE,480253
7526016,114,59,6996,2006,3748.0,0.0,2.4348099999999997,0.082887,JPN,CZE,480253
7526017,121,59,6996,2006,1868.0,0.0,1.5384309999999999,0.766628,KOR,CZE,480253
7526018,130,59,6996,2006,0.0,20832.0,0.44063599999999997,1.163857,LTU,CZE,480253
7526019,132,59,6996,2006,0.0,86613.0,0.531375,0.9414170000000001,LVA,CZE,480253
7526020,140,59,6996,2006,0.0,993.0,-0.21336,0.17674700000000002,MKD,CZE,480253
7526021,142,59,6996,2006,0.0,2930.0,1.384411,0.093734,MLT,CZE,480253
7526022,162,59,6996,2006,81604.0,14641.0,1.192134,1.450852,NLD,CZE,480253
7526023,177,59,6996,2006,162506.0,380393.0,0.991927,1.474418,POL,CZE,480253
7526024,185,59,6996,2006,0.0,80900.0,0.550825,1.170744,ROU,CZE,480253
7526025,201,59,6996,2006,76772.0,6456.0,0.547824,1.5588879999999998,SRB,CZE,480253
7526026,206,59,6996,2006,1850088.0,958831.0,1.291583,0.868317,SVK,CZE,480253
7526027,207,59,6996,2006,36613.0,0.0,1.5882370000000001,0.800719,SVN,CZE,480253
7526028,208,59,6996,2006,1625655.0,17758.0,1.902737,0.593294,SWE,CZE,480253
7526029,224,59,6996,2006,0.0,2569.0,0.33971599999999996,2.193384,TUR,CZE,480253
7526030,231,59,6996,2006,4623.0,7077.0,1.666643,-0.121679,USA,CZE,480253
7526031,1,61,6996,2006,0.0,4036.0,-0.626011,-0.6799689999999999,AFG,DEU,480253
7526032,4,61,6996,2006,0.0,95493.0,-0.340932,-0.06302200000000001,ALB,DEU,480253
7526033,6,61,6996,2006,0.0,1917.0,0.251825,-0.629035,ANT,DEU,480253
7526034,7,61,6996,2006,2745.0,499995.0,0.053903999999999994,-0.735124,ARE,DEU,480253
7526035,8,61,6996,2006,0.0,31358.0,0.33055,0.665867,ARG,DEU,480253
7526036,9,61,6996,2006,0.0,4053.0,0.14539100000000002,-0.558014,ARM,DEU,480253
7526037,14,61,6996,2006,2778.0,838786.0,0.067166,0.373148,AUS,DEU,480253
7526038,15,61,6996,2006,18295056.0,3778727.0,1.775669,0.192717,AUT,DEU,480253
7526039,16,61,6996,2006,0.0,6720.0,-0.521304,-1.035764,AZE,DEU,480253
7526040,18,61,6996,2006,277750.0,3343458.0,1.2222540000000002,1.383027,BEL,DEU,480253
7526041,19,61,6996,2006,0.0,1925.0,-0.8434360000000001,-0.798307,BEN,DEU,480253
7526042,23,61,6996,2006,0.0,208639.0,0.414563,1.378005,BGR,DEU,480253
7526043,24,61,6996,2006,0.0,32575.0,0.172724,-0.9449879999999999,BHR,DEU,480253
7526044,26,61,6996,2006,0.0,1945.0,0.40788800000000003,0.562854,BIH,DEU,480253
7526045,28,61,6996,2006,0.0,1938.0,0.919853,0.384409,BLR,DEU,480253
7526046,31,61,6996,2006,0.0,2714.0,-0.805185,-0.754091,BOL,DEU,480253
7526047,32,61,6996,2006,8866.0,45602.0,0.633889,1.1474520000000001,BRA,DEU,480253
7526048,33,61,6996,2006,0.0,58308.0,0.977267,0.6046560000000001,BRB,DEU,480253
7526049,39,61,6996,2006,0.0,50114.0,0.865685,1.1480489999999999,CAN,DEU,480253
7526050,41,61,6996,2006,5336892.0,6629428.0,2.052534,0.515523,CHE,DEU,480253
7526051,42,61,6996,2006,0.0,1071.0,-0.188298,-0.46778000000000003,CHL,DEU,480253
7526052,43,61,6996,2006,41267.0,214770.0,0.737888,2.54966,CHN,DEU,480253
7526053,44,61,6996,2006,0.0,54131.0,-0.8918530000000001,-0.8145819999999999,CIV,DEU,480253
7526054,45,61,6996,2006,0.0,22279.0,-1.358873,-1.1511360000000002,CMR,DEU,480253
7526055,49,61,6996,2006,0.0,39164.0,0.129887,0.44371700000000003,COL,DEU,480253
7526056,52,61,6996,2006,0.0,6044.0,0.042663,-0.376672,CRI,DEU,480253
7526057,58,61,6996,2006,0.0,49228.0,0.708267,-0.048096,CYP,DEU,480253
7526058,59,61,6996,2006,336075.0,1631499.0,1.564058,0.6023649999999999,CZE,DEU,480253
7526059,64,61,6996,2006,1313966.0,2050251.0,1.2308700000000001,1.180914,DNK,DEU,480253
7526060,65,61,6996,2006,0.0,3137.0,-0.24073699999999998,0.049093,DOM,DEU,480253
7526061,66,61,6996,2006,0.0,17858.0,-0.489962,-1.12456,DZA,DEU,480253
7526062,67,61,6996,2006,0.0,16731.0,-0.878583,-0.9462010000000001,ECU,DEU,480253
7526063,68,61,6996,2006,0.0,524383.0,-0.182272,0.40222399999999997,EGY,DEU,480253
7526064,71,61,6996,2006,1311020.0,1343130.0,0.9091370000000001,2.068166,ESP,DEU,480253
7526065,72,61,6996,2006,10374.0,157716.0,0.6426350000000001,0.925003,EST,DEU,480253
7526066,73,61,6996,2006,0.0,9188.0,-0.9557180000000001,-0.9153479999999999,ETH,DEU,480253
7526067,74,61,6996,2006,2494246.0,1308922.0,1.864038,0.8193940000000001,FIN,DEU,480253
7526068,77,61,6996,2006,16503920.0,7699428.0,1.47591,0.489466,FRA,DEU,480253
7526069,78,61,6996,2006,0.0,1194.0,-0.117631,-0.69352,FRO,DEU,480253
7526070,81,61,6996,2006,4398632.0,8478056.0,1.824154,0.614424,GBR,DEU,480253
7526071,82,61,6996,2006,0.0,956.0,0.076711,-0.47216099999999994,GEO,DEU,480253
7526072,83,61,6996,2006,0.0,5324.0,-0.9934860000000001,-0.809318,GHA,DEU,480253
7526073,90,61,6996,2006,0.0,875212.0,0.261955,1.488958,GRC,DEU,480253
7526074,93,61,6996,2006,0.0,3450.0,-0.28642199999999995,0.5868439999999999,GTM,DEU,480253
7526075,97,61,6996,2006,4937.0,403804.0,0.5776319999999999,2.076782,HKG,DEU,480253
7526076,99,61,6996,2006,0.0,104506.0,-0.672074,-0.472138,HND,DEU,480253
7526077,100,61,6996,2006,3420.0,320601.0,0.755787,0.992614,HRV,DEU,480253
7526078,102,61,6996,2006,5932.0,444724.0,1.4034309999999999,0.835144,HUN,DEU,480253
7526079,103,61,6996,2006,128323.0,34127.0,-0.21012399999999998,1.467838,IDN,DEU,480253
7526080,104,61,6996,2006,0.0,28801.0,0.285652,2.731318,IND,DEU,480253
7526081,106,61,6996,2006,437826.0,912812.0,1.43804,0.06463200000000001,IRL,DEU,480253
7526082,107,61,6996,2006,0.0,167751.0,-0.391023,-0.767861,IRN,DEU,480253
7526083,109,61,6996,2006,0.0,5306.0,0.170234,-0.302203,ISL,DEU,480253
7526084,110,61,6996,2006,0.0,583916.0,1.3082129999999998,0.783845,ISR,DEU,480253
7526085,111,61,6996,2006,9682132.0,5247879.0,1.293779,0.93995,ITA,DEU,480253
7526086,112,61,6996,2006,0.0,19453.0,-0.5122720000000001,-0.9109809999999999,JAM,DEU,480253
7526087,113,61,6996,2006,0.0,107600.0,0.166718,0.331248,JOR,DEU,480253
7526088,114,61,6996,2006,649940.0,480392.0,2.4348099999999997,0.082887,JPN,DEU,480253
7526089,115,61,6996,2006,0.0,61553.0,0.038229,-0.579421,KAZ,DEU,480253
7526090,116,61,6996,2006,0.0,35196.0,-0.38287899999999997,1.060286,KEN,DEU,480253
7526091,121,61,6996,2006,0.0,26851.0,1.5384309999999999,0.766628,KOR,DEU,480253
7526092,122,61,6996,2006,0.0,907.0,-0.589823,-1.142795,KWT,DEU,480253
7526093,124,61,6996,2006,0.0,49703.0,0.3861,1.586183,LBN,DEU,480253
7526094,127,61,6996,2006,0.0,30664.0,1.118348,-0.17618,LCA,DEU,480253
7526095,128,61,6996,2006,0.0,8550.0,-0.573767,0.305913,LKA,DEU,480253
7526096,130,61,6996,2006,0.0,106342.0,0.44063599999999997,1.163857,LTU,DEU,480253
7526097,131,61,6996,2006,24499.0,296372.0,1.4345620000000001,0.8840819999999999,LUX,DEU,480253
7526098,132,61,6996,2006,0.0,114790.0,0.531375,0.9414170000000001,LVA,DEU,480253
7526099,133,61,6996,2006,0.0,7512.0,-0.07118200000000001,-0.228354,MAC,DEU,480253
7526100,134,61,6996,2006,0.0,4697.0,-0.547933,0.08257300000000001,MAR,DEU,480253
7526101,135,61,6996,2006,0.0,7223.0,-0.017707,0.135305,MDA,DEU,480253
7526102,136,61,6996,2006,0.0,17671.0,-1.024657,-0.393395,MDG,DEU,480253
7526103,138,61,6996,2006,197880.0,235349.0,1.047268,0.7142270000000001,MEX,DEU,480253
7526104,140,61,6996,2006,0.0,8651.0,-0.21336,0.17674700000000002,MKD,DEU,480253
7526105,141,61,6996,2006,0.0,25627.0,-0.503462,-0.778836,MLI,DEU,480253
7526106,142,61,6996,2006,0.0,18689.0,1.384411,0.093734,MLT,DEU,480253
7526107,144,61,6996,2006,0.0,4138.0,0.130773,-0.24674699999999997,MNE,DEU,480253
7526108,147,61,6996,2006,0.0,2543.0,-1.0250629999999998,-1.067359,MOZ,DEU,480253
7526109,151,61,6996,2006,0.0,12662.0,-0.311109,-0.07267,MUS,DEU,480253
7526110,153,61,6996,2006,15837.0,35606.0,0.7896569999999999,0.363625,MYS,DEU,480253
7526111,156,61,6996,2006,0.0,3094.0,-0.135099,-0.7618779999999999,NCL,DEU,480253
7526112,159,61,6996,2006,0.0,7183.0,-2.094353,-1.215025,NGA,DEU,480253
7526113,160,61,6996,2006,0.0,1594.0,-0.998825,-0.893867,NIC,DEU,480253
7526114,162,61,6996,2006,11731313.0,7225020.0,1.192134,1.450852,NLD,DEU,480253
7526115,163,61,6996,2006,226992.0,529423.0,1.0787930000000001,0.014051,NOR,DEU,480253
7526116,166,61,6996,2006,0.0,318552.0,0.5371,0.8240209999999999,NZL,DEU,480253
7526117,168,61,6996,2006,0.0,5700.0,-0.449333,0.563013,PAK,DEU,480253
7526118,169,61,6996,2006,0.0,15914.0,0.306664,0.638533,PAN,DEU,480253
7526119,173,61,6996,2006,0.0,28018.0,-0.551095,0.044295,PER,DEU,480253
7526120,174,61,6996,2006,0.0,53080.0,0.161994,0.036631,PHL,DEU,480253
7526121,177,61,6996,2006,483713.0,4930887.0,0.991927,1.474418,POL,DEU,480253
7526122,179,61,6996,2006,1707374.0,230423.0,0.5723630000000001,1.92303,PRT,DEU,480253
7526123,180,61,6996,2006,0.0,2139.0,-0.520435,-0.7839119999999999,PRY,DEU,480253
7526124,182,61,6996,2006,0.0,958.0,-0.213329,-0.743599,PYF,DEU,480253
7526125,183,61,6996,2006,0.0,12084.0,0.055777999999999994,-1.0379049999999999,QAT,DEU,480253
7526126,185,61,6996,2006,0.0,242145.0,0.550825,1.170744,ROU,DEU,480253
7526127,186,61,6996,2006,0.0,1289239.0,0.801197,0.104683,RUS,DEU,480253
7526128,187,61,6996,2006,0.0,924.0,-0.032827999999999996,-0.42937600000000004,RWA,DEU,480253
7526129,188,61,6996,2006,0.0,240373.0,0.162432,-0.853059,SAU,DEU,480253
7526130,190,61,6996,2006,0.0,21865.0,-1.873762,-1.278378,SDN,DEU,480253
7526131,191,61,6996,2006,0.0,8302.0,-0.364713,-0.183612,SEN,DEU,480253
7526132,192,61,6996,2006,0.0,523019.0,1.5377379999999998,0.503089,SGP,DEU,480253
7526133,197,61,6996,2006,0.0,17074.0,-0.135312,0.140874,SLV,DEU,480253
7526134,201,61,6996,2006,0.0,127160.0,0.547824,1.5588879999999998,SRB,DEU,480253
7526135,205,61,6996,2006,0.0,15854.0,-0.754046,-0.872361,SUR,DEU,480253
7526136,206,61,6996,2006,3371012.0,149264.0,1.291583,0.868317,SVK,DEU,480253
7526137,207,61,6996,2006,27675.0,167802.0,1.5882370000000001,0.800719,SVN,DEU,480253
7526138,208,61,6996,2006,13032720.0,1558579.0,1.902737,0.593294,SWE,DEU,480253
7526139,211,61,6996,2006,0.0,4419.0,-0.344619,-0.796139,SYC,DEU,480253
7526140,212,61,6996,2006,0.0,244499.0,-0.588695,0.532487,SYR,DEU,480253
7526141,216,61,6996,2006,688012.0,159768.0,0.568209,1.685343,THA,DEU,480253
7526142,219,61,6996,2006,0.0,4017.0,-1.155861,-1.200933,TKM,DEU,480253
7526143,222,61,6996,2006,0.0,12418.0,-0.20651399999999998,-1.024907,TTO,DEU,480253
7526144,223,61,6996,2006,0.0,252599.0,-0.013636,0.804752,TUN,DEU,480253
7526145,224,61,6996,2006,0.0,1788365.0,0.33971599999999996,2.193384,TUR,DEU,480253
7526146,226,61,6996,2006,0.0,4535.0,-0.953097,0.159129,TZA,DEU,480253
7526147,227,61,6996,2006,0.0,4197.0,-0.702511,-0.43976099999999996,UGA,DEU,480253
7526148,228,61,6996,2006,0.0,196044.0,0.7008439999999999,0.79656,UKR,DEU,480253
7526149,230,61,6996,2006,0.0,57462.0,0.234384,0.118878,URY,DEU,480253
7526150,231,61,6996,2006,61876.0,664980.0,1.666643,-0.121679,USA,DEU,480253
7526151,236,61,6996,2006,0.0,117294.0,-0.340972,-1.015462,VEN,DEU,480253
7526152,239,61,6996,2006,0.0,9525.0,-0.342779,1.033318,VNM,DEU,480253
7526153,243,61,6996,2006,0.0,32764.0,-1.0407110000000002,-1.13042,YEM,DEU,480253
7526154,246,61,6996,2006,3464.0,138339.0,0.37964499999999995,1.466326,ZAF,DEU,480253
7526155,247,61,6996,2006,0.0,25436.0,-0.5307,-0.793621,ZMB,DEU,480253
7526156,249,61,6996,2006,0.0,8610.0,1.619915,1.2289940000000001,TWN,DEU,480253
7526157,14,64,6996,2006,0.0,73574.0,0.067166,0.373148,AUS,DNK,480253
7526158,15,64,6996,2006,1225361.0,84898.0,1.775669,0.192717,AUT,DNK,480253
7526159,18,64,6996,2006,51898.0,354769.0,1.2222540000000002,1.383027,BEL,DNK,480253
7526160,41,64,6996,2006,47372.0,307463.0,2.052534,0.515523,CHE,DNK,480253
7526161,43,64,6996,2006,1415.0,14402.0,0.737888,2.54966,CHN,DNK,480253
7526162,61,64,6996,2006,2050251.0,1313966.0,2.132566,-2.773669,DEU,DNK,480253
7526163,71,64,6996,2006,7341.0,731706.0,0.9091370000000001,2.068166,ESP,DNK,480253
7526164,72,64,6996,2006,0.0,2127.0,0.6426350000000001,0.925003,EST,DNK,480253
7526165,74,64,6996,2006,107915.0,46536.0,1.864038,0.8193940000000001,FIN,DNK,480253
7526166,77,64,6996,2006,428927.0,1216998.0,1.47591,0.489466,FRA,DNK,480253
7526167,78,64,6996,2006,0.0,10657.0,-0.117631,-0.69352,FRO,DNK,480253
7526168,81,64,6996,2006,501744.0,855852.0,1.824154,0.614424,GBR,DNK,480253
7526169,92,64,6996,2006,0.0,21240.0,-1.0014,-0.935995,GRL,DNK,480253
7526170,97,64,6996,2006,0.0,14304.0,0.5776319999999999,2.076782,HKG,DNK,480253
7526171,102,64,6996,2006,0.0,40513.0,1.4034309999999999,0.835144,HUN,DNK,480253
7526172,103,64,6996,2006,2908.0,0.0,-0.21012399999999998,1.467838,IDN,DNK,480253
7526173,106,64,6996,2006,0.0,35744.0,1.43804,0.06463200000000001,IRL,DNK,480253
7526174,109,64,6996,2006,0.0,3200.0,0.170234,-0.302203,ISL,DNK,480253
7526175,111,64,6996,2006,110898.0,850901.0,1.293779,0.93995,ITA,DNK,480253
7526176,130,64,6996,2006,0.0,4035.0,0.44063599999999997,1.163857,LTU,DNK,480253
7526177,132,64,6996,2006,1498.0,36415.0,0.531375,0.9414170000000001,LVA,DNK,480253
7526178,142,64,6996,2006,0.0,6420.0,1.384411,0.093734,MLT,DNK,480253
7526179,153,64,6996,2006,0.0,5691.0,0.7896569999999999,0.363625,MYS,DNK,480253
7526180,162,64,6996,2006,1955302.0,350768.0,1.192134,1.450852,NLD,DNK,480253
7526181,163,64,6996,2006,1035937.0,35491.0,1.0787930000000001,0.014051,NOR,DNK,480253
7526182,166,64,6996,2006,0.0,4388.0,0.5371,0.8240209999999999,NZL,DNK,480253
7526183,177,64,6996,2006,5777.0,2054.0,0.991927,1.474418,POL,DNK,480253
7526184,179,64,6996,2006,315189.0,9106.0,0.5723630000000001,1.92303,PRT,DNK,480253
7526185,182,64,6996,2006,0.0,656.0,-0.213329,-0.743599,PYF,DNK,480253
7526186,186,64,6996,2006,0.0,5032.0,0.801197,0.104683,RUS,DNK,480253
7526187,192,64,6996,2006,0.0,6353.0,1.5377379999999998,0.503089,SGP,DNK,480253
7526188,206,64,6996,2006,527266.0,0.0,1.291583,0.868317,SVK,DNK,480253
7526189,207,64,6996,2006,0.0,7423.0,1.5882370000000001,0.800719,SVN,DNK,480253
7526190,208,64,6996,2006,7490986.0,360099.0,1.902737,0.593294,SWE,DNK,480253
7526191,216,64,6996,2006,0.0,5950.0,0.568209,1.685343,THA,DNK,480253
7526192,231,64,6996,2006,0.0,11790.0,1.666643,-0.121679,USA,DNK,480253
7526193,246,64,6996,2006,0.0,9242.0,0.37964499999999995,1.466326,ZAF,DNK,480253
7526194,8,65,6996,2006,87272.0,0.0,0.33055,0.665867,ARG,DOM,480253
7526195,14,65,6996,2006,12374.0,0.0,0.067166,0.373148,AUS,DOM,480253
7526196,32,65,6996,2006,35672.0,0.0,0.633889,1.1474520000000001,BRA,DOM,480253
7526197,43,65,6996,2006,52016.0,0.0,0.737888,2.54966,CHN,DOM,480253
7526198,61,65,6996,2006,3137.0,0.0,2.132566,-2.773669,DEU,DOM,480253
7526199,71,65,6996,2006,32330.0,0.0,0.9091370000000001,2.068166,ESP,DOM,480253
7526200,77,65,6996,2006,20849.0,0.0,1.47591,0.489466,FRA,DOM,480253
7526201,103,65,6996,2006,11315.0,0.0,-0.21012399999999998,1.467838,IDN,DOM,480253
7526202,111,65,6996,2006,166794.0,0.0,1.293779,0.93995,ITA,DOM,480253
7526203,138,65,6996,2006,1603.0,0.0,1.047268,0.7142270000000001,MEX,DOM,480253
7526204,231,65,6996,2006,34202.0,0.0,1.666643,-0.121679,USA,DOM,480253
7526205,8,67,6996,2006,14778.0,0.0,0.33055,0.665867,ARG,ECU,480253
7526206,18,67,6996,2006,61637.0,0.0,1.2222540000000002,1.383027,BEL,ECU,480253
7526207,32,67,6996,2006,55559.0,0.0,0.633889,1.1474520000000001,BRA,ECU,480253
7526208,43,67,6996,2006,37076.0,0.0,0.737888,2.54966,CHN,ECU,480253
7526209,49,67,6996,2006,367398.0,20665.0,0.129887,0.44371700000000003,COL,ECU,480253
7526210,61,67,6996,2006,16731.0,0.0,2.132566,-2.773669,DEU,ECU,480253
7526211,71,67,6996,2006,6792.0,0.0,0.9091370000000001,2.068166,ESP,ECU,480253
7526212,77,67,6996,2006,14321.0,0.0,1.47591,0.489466,FRA,ECU,480253
7526213,81,67,6996,2006,4017.0,0.0,1.824154,0.614424,GBR,ECU,480253
7526214,97,67,6996,2006,1238.0,0.0,0.5776319999999999,2.076782,HKG,ECU,480253
7526215,103,67,6996,2006,84497.0,0.0,-0.21012399999999998,1.467838,IDN,ECU,480253
7526216,111,67,6996,2006,8299.0,0.0,1.293779,0.93995,ITA,ECU,480253
7526217,138,67,6996,2006,42423.0,0.0,1.047268,0.7142270000000001,MEX,ECU,480253
7526218,231,67,6996,2006,103604.0,0.0,1.666643,-0.121679,USA,ECU,480253
7526219,246,67,6996,2006,0.0,12181.0,0.37964499999999995,1.466326,ZAF,ECU,480253
7526220,250,67,6996,2006,0.0,71343.0,0.711619,-0.41880200000000006,ANS,ECU,480253
7526221,5,71,6996,2006,48779.0,48418.0,1.03128,0.402281,AND,ESP,480253
7526222,14,71,6996,2006,0.0,36971.0,0.067166,0.373148,AUS,ESP,480253
7526223,15,71,6996,2006,2056520.0,2616954.0,1.775669,0.192717,AUT,ESP,480253
7526224,18,71,6996,2006,124785.0,207689.0,1.2222540000000002,1.383027,BEL,ESP,480253
7526225,23,71,6996,2006,0.0,1919.0,0.414563,1.378005,BGR,ESP,480253
7526226,28,71,6996,2006,0.0,1816.0,0.919853,0.384409,BLR,ESP,480253
7526227,31,71,6996,2006,0.0,7835.0,-0.805185,-0.754091,BOL,ESP,480253
7526228,32,71,6996,2006,241064.0,3935.0,0.633889,1.1474520000000001,BRA,ESP,480253
7526229,39,71,6996,2006,0.0,7532.0,0.865685,1.1480489999999999,CAN,ESP,480253
7526230,41,71,6996,2006,114673.0,120590.0,2.052534,0.515523,CHE,ESP,480253
7526231,42,71,6996,2006,0.0,42604.0,-0.188298,-0.46778000000000003,CHL,ESP,480253
7526232,43,71,6996,2006,306171.0,12535.0,0.737888,2.54966,CHN,ESP,480253
7526233,45,71,6996,2006,0.0,10879.0,-1.358873,-1.1511360000000002,CMR,ESP,480253
7526234,49,71,6996,2006,0.0,86635.0,0.129887,0.44371700000000003,COL,ESP,480253
7526235,52,71,6996,2006,0.0,106428.0,0.042663,-0.376672,CRI,ESP,480253
7526236,54,71,6996,2006,0.0,282680.0,0.204039,-0.5183260000000001,CUB,ESP,480253
7526237,58,71,6996,2006,12977.0,76490.0,0.708267,-0.048096,CYP,ESP,480253
7526238,59,71,6996,2006,27494.0,0.0,1.564058,0.6023649999999999,CZE,ESP,480253
7526239,61,71,6996,2006,1343130.0,1311020.0,2.132566,-2.773669,DEU,ESP,480253
7526240,62,71,6996,2006,0.0,1637.0,-0.251707,-0.436792,DJI,ESP,480253
7526241,64,71,6996,2006,731706.0,7341.0,1.2308700000000001,1.180914,DNK,ESP,480253
7526242,65,71,6996,2006,0.0,32330.0,-0.24073699999999998,0.049093,DOM,ESP,480253
7526243,66,71,6996,2006,0.0,1004298.0,-0.489962,-1.12456,DZA,ESP,480253
7526244,67,71,6996,2006,0.0,6792.0,-0.878583,-0.9462010000000001,ECU,ESP,480253
7526245,68,71,6996,2006,0.0,3952.0,-0.182272,0.40222399999999997,EGY,ESP,480253
7526246,72,71,6996,2006,0.0,1965.0,0.6426350000000001,0.925003,EST,ESP,480253
7526247,74,71,6996,2006,113158.0,2549.0,1.864038,0.8193940000000001,FIN,ESP,480253
7526248,77,71,6996,2006,14917370.0,4611714.0,1.47591,0.489466,FRA,ESP,480253
7526249,81,71,6996,2006,4132817.0,382719.0,1.824154,0.614424,GBR,ESP,480253
7526250,83,71,6996,2006,0.0,14941.0,-0.9934860000000001,-0.809318,GHA,ESP,480253
7526251,84,71,6996,2006,0.0,7535.0,0.8370120000000001,-0.35099400000000003,GIB,ESP,480253
7526252,90,71,6996,2006,23695.0,512814.0,0.261955,1.488958,GRC,ESP,480253
7526253,93,71,6996,2006,0.0,90802.0,-0.28642199999999995,0.5868439999999999,GTM,ESP,480253
7526254,97,71,6996,2006,0.0,256454.0,0.5776319999999999,2.076782,HKG,ESP,480253
7526255,102,71,6996,2006,0.0,43634.0,1.4034309999999999,0.835144,HUN,ESP,480253
7526256,103,71,6996,2006,44963.0,32419.0,-0.21012399999999998,1.467838,IDN,ESP,480253
7526257,104,71,6996,2006,0.0,35583.0,0.285652,2.731318,IND,ESP,480253
7526258,106,71,6996,2006,0.0,3163.0,1.43804,0.06463200000000001,IRL,ESP,480253
7526259,107,71,6996,2006,0.0,15538.0,-0.391023,-0.767861,IRN,ESP,480253
7526260,110,71,6996,2006,0.0,14696.0,1.3082129999999998,0.783845,ISR,ESP,480253
7526261,111,71,6996,2006,4485714.0,142037.0,1.293779,0.93995,ITA,ESP,480253
7526262,113,71,6996,2006,0.0,20801.0,0.166718,0.331248,JOR,ESP,480253
7526263,114,71,6996,2006,5388.0,0.0,2.4348099999999997,0.082887,JPN,ESP,480253
7526264,116,71,6996,2006,0.0,5903.0,-0.38287899999999997,1.060286,KEN,ESP,480253
7526265,121,71,6996,2006,9931.0,0.0,1.5384309999999999,0.766628,KOR,ESP,480253
7526266,122,71,6996,2006,0.0,27885.0,-0.589823,-1.142795,KWT,ESP,480253
7526267,124,71,6996,2006,0.0,8134.0,0.3861,1.586183,LBN,ESP,480253
7526268,126,71,6996,2006,0.0,26972.0,-0.518724,-1.142074,LBY,ESP,480253
7526269,128,71,6996,2006,0.0,2083.0,-0.573767,0.305913,LKA,ESP,480253
7526270,130,71,6996,2006,0.0,3237.0,0.44063599999999997,1.163857,LTU,ESP,480253
7526271,132,71,6996,2006,0.0,4138.0,0.531375,0.9414170000000001,LVA,ESP,480253
7526272,134,71,6996,2006,8204.0,144884.0,-0.547933,0.08257300000000001,MAR,ESP,480253
7526273,135,71,6996,2006,0.0,2459.0,-0.017707,0.135305,MDA,ESP,480253
7526274,138,71,6996,2006,0.0,592237.0,1.047268,0.7142270000000001,MEX,ESP,480253
7526275,142,71,6996,2006,0.0,17940.0,1.384411,0.093734,MLT,ESP,480253
7526276,147,71,6996,2006,0.0,17191.0,-1.0250629999999998,-1.067359,MOZ,ESP,480253
7526277,151,71,6996,2006,0.0,6591.0,-0.311109,-0.07267,MUS,ESP,480253
7526278,153,71,6996,2006,0.0,58970.0,0.7896569999999999,0.363625,MYS,ESP,480253
7526279,159,71,6996,2006,0.0,80157.0,-2.094353,-1.215025,NGA,ESP,480253
7526280,160,71,6996,2006,0.0,19583.0,-0.998825,-0.893867,NIC,ESP,480253
7526281,162,71,6996,2006,1006764.0,285398.0,1.192134,1.450852,NLD,ESP,480253
7526282,163,71,6996,2006,180967.0,4758.0,1.0787930000000001,0.014051,NOR,ESP,480253
7526283,166,71,6996,2006,0.0,17213.0,0.5371,0.8240209999999999,NZL,ESP,480253
7526284,168,71,6996,2006,0.0,28968.0,-0.449333,0.563013,PAK,ESP,480253
7526285,169,71,6996,2006,0.0,13749.0,0.306664,0.638533,PAN,ESP,480253
7526286,173,71,6996,2006,0.0,55999.0,-0.551095,0.044295,PER,ESP,480253
7526287,174,71,6996,2006,0.0,29329.0,0.161994,0.036631,PHL,ESP,480253
7526288,177,71,6996,2006,219982.0,315271.0,0.991927,1.474418,POL,ESP,480253
7526289,179,71,6996,2006,12478030.0,2725916.0,0.5723630000000001,1.92303,PRT,ESP,480253
7526290,185,71,6996,2006,0.0,16122.0,0.550825,1.170744,ROU,ESP,480253
7526291,186,71,6996,2006,0.0,2930.0,0.801197,0.104683,RUS,ESP,480253
7526292,192,71,6996,2006,0.0,29176.0,1.5377379999999998,0.503089,SGP,ESP,480253
7526293,197,71,6996,2006,0.0,49358.0,-0.135312,0.140874,SLV,ESP,480253
7526294,206,71,6996,2006,296904.0,0.0,1.291583,0.868317,SVK,ESP,480253
7526295,207,71,6996,2006,0.0,4756.0,1.5882370000000001,0.800719,SVN,ESP,480253
7526296,208,71,6996,2006,941193.0,37164.0,1.902737,0.593294,SWE,ESP,480253
7526297,216,71,6996,2006,0.0,52919.0,0.568209,1.685343,THA,ESP,480253
7526298,223,71,6996,2006,0.0,111538.0,-0.013636,0.804752,TUN,ESP,480253
7526299,224,71,6996,2006,0.0,98661.0,0.33971599999999996,2.193384,TUR,ESP,480253
7526300,230,71,6996,2006,0.0,1966.0,0.234384,0.118878,URY,ESP,480253
7526301,231,71,6996,2006,4652.0,8420.0,1.666643,-0.121679,USA,ESP,480253
7526302,236,71,6996,2006,0.0,30737.0,-0.340972,-1.015462,VEN,ESP,480253
7526303,239,71,6996,2006,0.0,52615.0,-0.342779,1.033318,VNM,ESP,480253
7526304,246,71,6996,2006,0.0,72769.0,0.37964499999999995,1.466326,ZAF,ESP,480253
7526305,249,71,6996,2006,0.0,14716.0,1.619915,1.2289940000000001,TWN,ESP,480253
7526306,4,74,6996,2006,0.0,25402.0,-0.340932,-0.06302200000000001,ALB,FIN,480253
7526307,9,74,6996,2006,0.0,13730.0,0.14539100000000002,-0.558014,ARM,FIN,480253
7526308,14,74,6996,2006,0.0,226613.0,0.067166,0.373148,AUS,FIN,480253
7526309,15,74,6996,2006,576911.0,10246.0,1.775669,0.192717,AUT,FIN,480253
7526310,18,74,6996,2006,50204.0,0.0,1.2222540000000002,1.383027,BEL,FIN,480253
7526311,23,74,6996,2006,0.0,14047.0,0.414563,1.378005,BGR,FIN,480253
7526312,26,74,6996,2006,0.0,4772.0,0.40788800000000003,0.562854,BIH,FIN,480253
7526313,28,74,6996,2006,0.0,1038.0,0.919853,0.384409,BLR,FIN,480253
7526314,39,74,6996,2006,0.0,21653.0,0.865685,1.1480489999999999,CAN,FIN,480253
7526315,41,74,6996,2006,282288.0,4796.0,2.052534,0.515523,CHE,FIN,480253
7526316,43,74,6996,2006,0.0,31996.0,0.737888,2.54966,CHN,FIN,480253
7526317,44,74,6996,2006,0.0,18503.0,-0.8918530000000001,-0.8145819999999999,CIV,FIN,480253
7526318,54,74,6996,2006,0.0,46760.0,0.204039,-0.5183260000000001,CUB,FIN,480253
7526319,61,74,6996,2006,1308922.0,2494246.0,2.132566,-2.773669,DEU,FIN,480253
7526320,64,74,6996,2006,46536.0,107915.0,1.2308700000000001,1.180914,DNK,FIN,480253
7526321,68,74,6996,2006,0.0,449199.0,-0.182272,0.40222399999999997,EGY,FIN,480253
7526322,71,74,6996,2006,2549.0,113158.0,0.9091370000000001,2.068166,ESP,FIN,480253
7526323,72,74,6996,2006,7388.0,220955.0,0.6426350000000001,0.925003,EST,FIN,480253
7526324,77,74,6996,2006,468277.0,36568.0,1.47591,0.489466,FRA,FIN,480253
7526325,78,74,6996,2006,0.0,12063.0,-0.117631,-0.69352,FRO,FIN,480253
7526326,81,74,6996,2006,772089.0,1757676.0,1.824154,0.614424,GBR,FIN,480253
7526327,82,74,6996,2006,0.0,13097.0,0.076711,-0.47216099999999994,GEO,FIN,480253
7526328,83,74,6996,2006,0.0,13781.0,-0.9934860000000001,-0.809318,GHA,FIN,480253
7526329,90,74,6996,2006,0.0,3869875.0,0.261955,1.488958,GRC,FIN,480253
7526330,97,74,6996,2006,0.0,24184.0,0.5776319999999999,2.076782,HKG,FIN,480253
7526331,103,74,6996,2006,28917.0,13469.0,-0.21012399999999998,1.467838,IDN,FIN,480253
7526332,106,74,6996,2006,0.0,201133.0,1.43804,0.06463200000000001,IRL,FIN,480253
7526333,110,74,6996,2006,0.0,7550.0,1.3082129999999998,0.783845,ISR,FIN,480253
7526334,111,74,6996,2006,1400000.0,781072.0,1.293779,0.93995,ITA,FIN,480253
7526335,114,74,6996,2006,0.0,122808.0,2.4348099999999997,0.082887,JPN,FIN,480253
7526336,115,74,6996,2006,0.0,37632.0,0.038229,-0.579421,KAZ,FIN,480253
7526337,116,74,6996,2006,0.0,6102.0,-0.38287899999999997,1.060286,KEN,FIN,480253
7526338,117,74,6996,2006,0.0,1259.0,-0.034069,0.136694,KGZ,FIN,480253
7526339,121,74,6996,2006,0.0,18941.0,1.5384309999999999,0.766628,KOR,FIN,480253
7526340,130,74,6996,2006,0.0,34163.0,0.44063599999999997,1.163857,LTU,FIN,480253
7526341,131,74,6996,2006,0.0,2966.0,1.4345620000000001,0.8840819999999999,LUX,FIN,480253
7526342,132,74,6996,2006,0.0,86460.0,0.531375,0.9414170000000001,LVA,FIN,480253
7526343,133,74,6996,2006,0.0,1010.0,-0.07118200000000001,-0.228354,MAC,FIN,480253
7526344,135,74,6996,2006,0.0,2680.0,-0.017707,0.135305,MDA,FIN,480253
7526345,142,74,6996,2006,0.0,1281.0,1.384411,0.093734,MLT,FIN,480253
7526346,144,74,6996,2006,0.0,324.0,0.130773,-0.24674699999999997,MNE,FIN,480253
7526347,156,74,6996,2006,0.0,1722.0,-0.135099,-0.7618779999999999,NCL,FIN,480253
7526348,159,74,6996,2006,0.0,2156470.0,-2.094353,-1.215025,NGA,FIN,480253
7526349,162,74,6996,2006,1013069.0,305846.0,1.192134,1.450852,NLD,FIN,480253
7526350,163,74,6996,2006,978.0,11894.0,1.0787930000000001,0.014051,NOR,FIN,480253
7526351,177,74,6996,2006,16132.0,91645.0,0.991927,1.474418,POL,FIN,480253
7526352,179,74,6996,2006,2704.0,3649.0,0.5723630000000001,1.92303,PRT,FIN,480253
7526353,183,74,6996,2006,0.0,949.0,0.055777999999999994,-1.0379049999999999,QAT,FIN,480253
7526354,185,74,6996,2006,0.0,8671.0,0.550825,1.170744,ROU,FIN,480253
7526355,186,74,6996,2006,0.0,966530.0,0.801197,0.104683,RUS,FIN,480253
7526356,206,74,6996,2006,166348.0,0.0,1.291583,0.868317,SVK,FIN,480253
7526357,208,74,6996,2006,2681503.0,339515.0,1.902737,0.593294,SWE,FIN,480253
7526358,224,74,6996,2006,0.0,573006.0,0.33971599999999996,2.193384,TUR,FIN,480253
7526359,228,74,6996,2006,0.0,5273.0,0.7008439999999999,0.79656,UKR,FIN,480253
7526360,231,74,6996,2006,25906.0,2086.0,1.666643,-0.121679,USA,FIN,480253
7526361,232,74,6996,2006,0.0,37861.0,-0.457759,-0.784626,UZB,FIN,480253
7526362,236,74,6996,2006,0.0,12506.0,-0.340972,-1.015462,VEN,FIN,480253
7526363,249,74,6996,2006,0.0,541724.0,1.619915,1.2289940000000001,TWN,FIN,480253
7526364,4,77,6996,2006,0.0,4398.0,-0.340932,-0.06302200000000001,ALB,FRA,480253
7526365,5,77,6996,2006,0.0,1246.0,1.03128,0.402281,AND,FRA,480253
7526366,7,77,6996,2006,0.0,603656.0,0.053903999999999994,-0.735124,ARE,FRA,480253
7526367,8,77,6996,2006,1922.0,102612.0,0.33055,0.665867,ARG,FRA,480253
7526368,14,77,6996,2006,25538.0,1486059.0,0.067166,0.373148,AUS,FRA,480253
7526369,15,77,6996,2006,2678408.0,1206232.0,1.775669,0.192717,AUT,FRA,480253
7526370,18,77,6996,2006,2274515.0,6452201.0,1.2222540000000002,1.383027,BEL,FRA,480253
7526371,19,77,6996,2006,0.0,199597.0,-0.8434360000000001,-0.798307,BEN,FRA,480253
7526372,21,77,6996,2006,0.0,27617.0,-0.9432020000000001,-0.969247,BFA,FRA,480253
7526373,22,77,6996,2006,0.0,10134.0,-1.0305309999999999,-0.80937,BGD,FRA,480253
7526374,23,77,6996,2006,0.0,208093.0,0.414563,1.378005,BGR,FRA,480253
7526375,24,77,6996,2006,0.0,39229.0,0.172724,-0.9449879999999999,BHR,FRA,480253
7526376,26,77,6996,2006,0.0,854.0,0.40788800000000003,0.562854,BIH,FRA,480253
7526377,28,77,6996,2006,0.0,5178.0,0.919853,0.384409,BLR,FRA,480253
7526378,31,77,6996,2006,0.0,6629.0,-0.805185,-0.754091,BOL,FRA,480253
7526379,32,77,6996,2006,339039.0,38641.0,0.633889,1.1474520000000001,BRA,FRA,480253
7526380,39,77,6996,2006,0.0,184859.0,0.865685,1.1480489999999999,CAN,FRA,480253
7526381,41,77,6996,2006,223519.0,7118856.0,2.052534,0.515523,CHE,FRA,480253
7526382,42,77,6996,2006,0.0,137902.0,-0.188298,-0.46778000000000003,CHL,FRA,480253
7526383,43,77,6996,2006,969230.0,1470464.0,0.737888,2.54966,CHN,FRA,480253
7526384,44,77,6996,2006,0.0,247256.0,-0.8918530000000001,-0.8145819999999999,CIV,FRA,480253
7526385,45,77,6996,2006,0.0,234110.0,-1.358873,-1.1511360000000002,CMR,FRA,480253
7526386,46,77,6996,2006,0.0,84108.0,-1.542137,-1.086494,COD,FRA,480253
7526387,47,77,6996,2006,0.0,190812.0,-1.9903240000000002,-1.189925,COG,FRA,480253
7526388,49,77,6996,2006,0.0,244806.0,0.129887,0.44371700000000003,COL,FRA,480253
7526389,50,77,6996,2006,0.0,1000.0,-0.5214300000000001,-0.8452149999999999,COM,FRA,480253
7526390,52,77,6996,2006,0.0,24490.0,0.042663,-0.376672,CRI,FRA,480253
7526391,54,77,6996,2006,0.0,11570.0,0.204039,-0.5183260000000001,CUB,FRA,480253
7526392,58,77,6996,2006,0.0,163142.0,0.708267,-0.048096,CYP,FRA,480253
7526393,59,77,6996,2006,1699408.0,944934.0,1.564058,0.6023649999999999,CZE,FRA,480253
7526394,61,77,6996,2006,7699428.0,16503920.0,2.132566,-2.773669,DEU,FRA,480253
7526395,64,77,6996,2006,1216998.0,428927.0,1.2308700000000001,1.180914,DNK,FRA,480253
7526396,65,77,6996,2006,0.0,20849.0,-0.24073699999999998,0.049093,DOM,FRA,480253
7526397,66,77,6996,2006,0.0,862214.0,-0.489962,-1.12456,DZA,FRA,480253
7526398,67,77,6996,2006,0.0,14321.0,-0.878583,-0.9462010000000001,ECU,FRA,480253
7526399,68,77,6996,2006,0.0,571615.0,-0.182272,0.40222399999999997,EGY,FRA,480253
7526400,71,77,6996,2006,4611714.0,14917370.0,0.9091370000000001,2.068166,ESP,FRA,480253
7526401,72,77,6996,2006,0.0,188891.0,0.6426350000000001,0.925003,EST,FRA,480253
7526402,74,77,6996,2006,36568.0,468277.0,1.864038,0.8193940000000001,FIN,FRA,480253
7526403,78,77,6996,2006,0.0,569.0,-0.117631,-0.69352,FRO,FRA,480253
7526404,80,77,6996,2006,0.0,284316.0,-1.6696819999999999,-1.173322,GAB,FRA,480253
7526405,81,77,6996,2006,7126841.0,9931069.0,1.824154,0.614424,GBR,FRA,480253
7526406,83,77,6996,2006,0.0,36278.0,-0.9934860000000001,-0.809318,GHA,FRA,480253
7526407,85,77,6996,2006,0.0,8896.0,-1.8376720000000002,-1.229774,GIN,FRA,480253
7526408,90,77,6996,2006,6733.0,1534414.0,0.261955,1.488958,GRC,FRA,480253
7526409,93,77,6996,2006,0.0,10431.0,-0.28642199999999995,0.5868439999999999,GTM,FRA,480253
7526410,97,77,6996,2006,0.0,2325972.0,0.5776319999999999,2.076782,HKG,FRA,480253
7526411,99,77,6996,2006,0.0,846.0,-0.672074,-0.472138,HND,FRA,480253
7526412,100,77,6996,2006,4437.0,520669.0,0.755787,0.992614,HRV,FRA,480253
7526413,102,77,6996,2006,0.0,474217.0,1.4034309999999999,0.835144,HUN,FRA,480253
7526414,103,77,6996,2006,98378.0,19241.0,-0.21012399999999998,1.467838,IDN,FRA,480253
7526415,104,77,6996,2006,10996.0,272712.0,0.285652,2.731318,IND,FRA,480253
7526416,106,77,6996,2006,0.0,767025.0,1.43804,0.06463200000000001,IRL,FRA,480253
7526417,107,77,6996,2006,0.0,348008.0,-0.391023,-0.767861,IRN,FRA,480253
7526418,109,77,6996,2006,0.0,94371.0,0.170234,-0.302203,ISL,FRA,480253
7526419,110,77,6996,2006,0.0,559142.0,1.3082129999999998,0.783845,ISR,FRA,480253
7526420,111,77,6996,2006,5576338.0,7373432.0,1.293779,0.93995,ITA,FRA,480253
7526421,113,77,6996,2006,0.0,25972.0,0.166718,0.331248,JOR,FRA,480253
7526422,114,77,6996,2006,11552.0,834029.0,2.4348099999999997,0.082887,JPN,FRA,480253
7526423,115,77,6996,2006,0.0,2319.0,0.038229,-0.579421,KAZ,FRA,480253
7526424,116,77,6996,2006,0.0,10644.0,-0.38287899999999997,1.060286,KEN,FRA,480253
7526425,121,77,6996,2006,0.0,1139665.0,1.5384309999999999,0.766628,KOR,FRA,480253
7526426,122,77,6996,2006,0.0,18201.0,-0.589823,-1.142795,KWT,FRA,480253
7526427,124,77,6996,2006,0.0,316004.0,0.3861,1.586183,LBN,FRA,480253
7526428,125,77,6996,2006,0.0,11298.0,-0.679188,-1.0969389999999999,LBR,FRA,480253
7526429,126,77,6996,2006,0.0,13809.0,-0.518724,-1.142074,LBY,FRA,480253
7526430,128,77,6996,2006,0.0,341601.0,-0.573767,0.305913,LKA,FRA,480253
7526431,130,77,6996,2006,0.0,17827.0,0.44063599999999997,1.163857,LTU,FRA,480253
7526432,131,77,6996,2006,24460.0,121092.0,1.4345620000000001,0.8840819999999999,LUX,FRA,480253
7526433,132,77,6996,2006,0.0,76707.0,0.531375,0.9414170000000001,LVA,FRA,480253
7526434,133,77,6996,2006,0.0,9544.0,-0.07118200000000001,-0.228354,MAC,FRA,480253
7526435,134,77,6996,2006,0.0,1619140.0,-0.547933,0.08257300000000001,MAR,FRA,480253
7526436,136,77,6996,2006,0.0,9693.0,-1.024657,-0.393395,MDG,FRA,480253
7526437,138,77,6996,2006,0.0,277094.0,1.047268,0.7142270000000001,MEX,FRA,480253
7526438,141,77,6996,2006,3029.0,129360.0,-0.503462,-0.778836,MLI,FRA,480253
7526439,142,77,6996,2006,0.0,47128.0,1.384411,0.093734,MLT,FRA,480253
7526440,148,77,6996,2006,0.0,10953.0,-1.72422,-1.2414399999999999,MRT,FRA,480253
7526441,151,77,6996,2006,0.0,157138.0,-0.311109,-0.07267,MUS,FRA,480253
7526442,153,77,6996,2006,0.0,455248.0,0.7896569999999999,0.363625,MYS,FRA,480253
7526443,154,77,6996,2006,0.0,14209.0,1.1370049999999998,0.131896,MYT,FRA,480253
7526444,156,77,6996,2006,0.0,235025.0,-0.135099,-0.7618779999999999,NCL,FRA,480253
7526445,157,77,6996,2006,0.0,139971.0,-0.554188,-0.708255,NER,FRA,480253
7526446,159,77,6996,2006,0.0,84332.0,-2.094353,-1.215025,NGA,FRA,480253
7526447,160,77,6996,2006,0.0,1014.0,-0.998825,-0.893867,NIC,FRA,480253
7526448,162,77,6996,2006,6128268.0,7728672.0,1.192134,1.450852,NLD,FRA,480253
7526449,163,77,6996,2006,0.0,284450.0,1.0787930000000001,0.014051,NOR,FRA,480253
7526450,166,77,6996,2006,0.0,86794.0,0.5371,0.8240209999999999,NZL,FRA,480253
7526451,167,77,6996,2006,0.0,3059.0,-0.6373989999999999,-1.092554,OMN,FRA,480253
7526452,168,77,6996,2006,0.0,26895.0,-0.449333,0.563013,PAK,FRA,480253
7526453,169,77,6996,2006,0.0,14915.0,0.306664,0.638533,PAN,FRA,480253
7526454,173,77,6996,2006,0.0,140249.0,-0.551095,0.044295,PER,FRA,480253
7526455,174,77,6996,2006,0.0,33376.0,0.161994,0.036631,PHL,FRA,480253
7526456,177,77,6996,2006,306272.0,1468295.0,0.991927,1.474418,POL,FRA,480253
7526457,179,77,6996,2006,524499.0,1236513.0,0.5723630000000001,1.92303,PRT,FRA,480253
7526458,180,77,6996,2006,0.0,3451.0,-0.520435,-0.7839119999999999,PRY,FRA,480253
7526459,181,77,6996,2006,0.0,5021.0,-0.03464,-0.487188,PSE,FRA,480253
7526460,182,77,6996,2006,0.0,291183.0,-0.213329,-0.743599,PYF,FRA,480253
7526461,183,77,6996,2006,0.0,4879.0,0.055777999999999994,-1.0379049999999999,QAT,FRA,480253
7526462,185,77,6996,2006,0.0,243841.0,0.550825,1.170744,ROU,FRA,480253
7526463,186,77,6996,2006,0.0,1071529.0,0.801197,0.104683,RUS,FRA,480253
7526464,188,77,6996,2006,0.0,714081.0,0.162432,-0.853059,SAU,FRA,480253
7526465,191,77,6996,2006,0.0,225628.0,-0.364713,-0.183612,SEN,FRA,480253
7526466,192,77,6996,2006,0.0,601474.0,1.5377379999999998,0.503089,SGP,FRA,480253
7526467,200,77,6996,2006,0.0,12553.0,0.207474,-0.624729,SPM,FRA,480253
7526468,201,77,6996,2006,0.0,18595.0,0.547824,1.5588879999999998,SRB,FRA,480253
7526469,203,77,6996,2006,0.0,2439.0,0.805511,-0.19645,STP,FRA,480253
7526470,206,77,6996,2006,474959.0,42448.0,1.291583,0.868317,SVK,FRA,480253
7526471,207,77,6996,2006,212031.0,86758.0,1.5882370000000001,0.800719,SVN,FRA,480253
7526472,208,77,6996,2006,4018644.0,703133.0,1.902737,0.593294,SWE,FRA,480253
7526473,212,77,6996,2006,0.0,90544.0,-0.588695,0.532487,SYR,FRA,480253
7526474,215,77,6996,2006,0.0,61512.0,-0.8304020000000001,-0.678178,TGO,FRA,480253
7526475,216,77,6996,2006,82828.0,210122.0,0.568209,1.685343,THA,FRA,480253
7526476,222,77,6996,2006,0.0,11653.0,-0.20651399999999998,-1.024907,TTO,FRA,480253
7526477,223,77,6996,2006,0.0,769709.0,-0.013636,0.804752,TUN,FRA,480253
7526478,224,77,6996,2006,0.0,1719753.0,0.33971599999999996,2.193384,TUR,FRA,480253
7526479,228,77,6996,2006,0.0,249327.0,0.7008439999999999,0.79656,UKR,FRA,480253
7526480,230,77,6996,2006,0.0,2351.0,0.234384,0.118878,URY,FRA,480253
7526481,231,77,6996,2006,33665.0,6628404.0,1.666643,-0.121679,USA,FRA,480253
7526482,236,77,6996,2006,0.0,28267.0,-0.340972,-1.015462,VEN,FRA,480253
7526483,239,77,6996,2006,0.0,1050.0,-0.342779,1.033318,VNM,FRA,480253
7526484,241,77,6996,2006,0.0,1681.0,1.609916,-0.311544,WLF,FRA,480253
7526485,243,77,6996,2006,0.0,17487.0,-1.0407110000000002,-1.13042,YEM,FRA,480253
7526486,246,77,6996,2006,0.0,195750.0,0.37964499999999995,1.466326,ZAF,FRA,480253
7526487,249,77,6996,2006,0.0,1150083.0,1.619915,1.2289940000000001,TWN,FRA,480253
7526488,7,81,6996,2006,0.0,142910.0,0.053903999999999994,-0.735124,ARE,GBR,480253
7526489,8,81,6996,2006,0.0,3872.0,0.33055,0.665867,ARG,GBR,480253
7526490,14,81,6996,2006,10003.0,1362717.0,0.067166,0.373148,AUS,GBR,480253
7526491,15,81,6996,2006,10892861.0,1977326.0,1.775669,0.192717,AUT,GBR,480253
7526492,18,81,6996,2006,5816762.0,1443670.0,1.2222540000000002,1.383027,BEL,GBR,480253
7526493,22,81,6996,2006,0.0,53517.0,-1.0305309999999999,-0.80937,BGD,GBR,480253
7526494,23,81,6996,2006,0.0,2228.0,0.414563,1.378005,BGR,GBR,480253
7526495,24,81,6996,2006,0.0,11511.0,0.172724,-0.9449879999999999,BHR,GBR,480253
7526496,28,81,6996,2006,0.0,163960.0,0.919853,0.384409,BLR,GBR,480253
7526497,30,81,6996,2006,0.0,1650.0,0.491259,-0.603062,BMU,GBR,480253
7526498,31,81,6996,2006,0.0,1920.0,-0.805185,-0.754091,BOL,GBR,480253
7526499,32,81,6996,2006,110273.0,30538.0,0.633889,1.1474520000000001,BRA,GBR,480253
7526500,33,81,6996,2006,0.0,4579.0,0.977267,0.6046560000000001,BRB,GBR,480253
7526501,34,81,6996,2006,0.0,34268.0,-1.331831,-0.9170940000000001,BRN,GBR,480253
7526502,39,81,6996,2006,2884.0,104469.0,0.865685,1.1480489999999999,CAN,GBR,480253
7526503,41,81,6996,2006,399571.0,3215638.0,2.052534,0.515523,CHE,GBR,480253
7526504,42,81,6996,2006,0.0,2707.0,-0.188298,-0.46778000000000003,CHL,GBR,480253
7526505,43,81,6996,2006,1523680.0,838802.0,0.737888,2.54966,CHN,GBR,480253
7526506,49,81,6996,2006,0.0,56225.0,0.129887,0.44371700000000003,COL,GBR,480253
7526507,52,81,6996,2006,0.0,1403.0,0.042663,-0.376672,CRI,GBR,480253
7526508,58,81,6996,2006,0.0,154693.0,0.708267,-0.048096,CYP,GBR,480253
7526509,59,81,6996,2006,3896.0,45380.0,1.564058,0.6023649999999999,CZE,GBR,480253
7526510,61,81,6996,2006,8478056.0,4398632.0,2.132566,-2.773669,DEU,GBR,480253
7526511,64,81,6996,2006,855852.0,501744.0,1.2308700000000001,1.180914,DNK,GBR,480253
7526512,67,81,6996,2006,0.0,4017.0,-0.878583,-0.9462010000000001,ECU,GBR,480253
7526513,68,81,6996,2006,0.0,2724932.0,-0.182272,0.40222399999999997,EGY,GBR,480253
7526514,71,81,6996,2006,382719.0,4132817.0,0.9091370000000001,2.068166,ESP,GBR,480253
7526515,72,81,6996,2006,0.0,23927.0,0.6426350000000001,0.925003,EST,GBR,480253
7526516,74,81,6996,2006,1757676.0,772089.0,1.864038,0.8193940000000001,FIN,GBR,480253
7526517,76,81,6996,2006,0.0,6462.0,0.11039000000000002,-0.79848,FLK,GBR,480253
7526518,77,81,6996,2006,9931069.0,7126841.0,1.47591,0.489466,FRA,GBR,480253
7526519,78,81,6996,2006,0.0,1623.0,-0.117631,-0.69352,FRO,GBR,480253
7526520,82,81,6996,2006,0.0,9612.0,0.076711,-0.47216099999999994,GEO,GBR,480253
7526521,90,81,6996,2006,0.0,56188.0,0.261955,1.488958,GRC,GBR,480253
7526522,97,81,6996,2006,0.0,2463471.0,0.5776319999999999,2.076782,HKG,GBR,480253
7526523,100,81,6996,2006,0.0,12363.0,0.755787,0.992614,HRV,GBR,480253
7526524,102,81,6996,2006,18288.0,34741.0,1.4034309999999999,0.835144,HUN,GBR,480253
7526525,103,81,6996,2006,3383442.0,67445.0,-0.21012399999999998,1.467838,IDN,GBR,480253
7526526,104,81,6996,2006,105885.0,239658.0,0.285652,2.731318,IND,GBR,480253
7526527,106,81,6996,2006,164941.0,3007813.0,1.43804,0.06463200000000001,IRL,GBR,480253
7526528,107,81,6996,2006,0.0,67119.0,-0.391023,-0.767861,IRN,GBR,480253
7526529,109,81,6996,2006,0.0,33149.0,0.170234,-0.302203,ISL,GBR,480253
7526530,110,81,6996,2006,0.0,82162.0,1.3082129999999998,0.783845,ISR,GBR,480253
7526531,111,81,6996,2006,6092846.0,1443654.0,1.293779,0.93995,ITA,GBR,480253
7526532,113,81,6996,2006,0.0,25751.0,0.166718,0.331248,JOR,GBR,480253
7526533,114,81,6996,2006,66918.0,461704.0,2.4348099999999997,0.082887,JPN,GBR,480253
7526534,115,81,6996,2006,0.0,4484.0,0.038229,-0.579421,KAZ,GBR,480253
7526535,116,81,6996,2006,0.0,42721.0,-0.38287899999999997,1.060286,KEN,GBR,480253
7526536,121,81,6996,2006,0.0,615295.0,1.5384309999999999,0.766628,KOR,GBR,480253
7526537,122,81,6996,2006,0.0,85163.0,-0.589823,-1.142795,KWT,GBR,480253
7526538,124,81,6996,2006,0.0,29987.0,0.3861,1.586183,LBN,GBR,480253
7526539,128,81,6996,2006,0.0,20758.0,-0.573767,0.305913,LKA,GBR,480253
7526540,130,81,6996,2006,0.0,20585.0,0.44063599999999997,1.163857,LTU,GBR,480253
7526541,131,81,6996,2006,0.0,6598.0,1.4345620000000001,0.8840819999999999,LUX,GBR,480253
7526542,132,81,6996,2006,0.0,59956.0,0.531375,0.9414170000000001,LVA,GBR,480253
7526543,133,81,6996,2006,0.0,15548.0,-0.07118200000000001,-0.228354,MAC,GBR,480253
7526544,134,81,6996,2006,0.0,2683.0,-0.547933,0.08257300000000001,MAR,GBR,480253
7526545,135,81,6996,2006,0.0,9931.0,-0.017707,0.135305,MDA,GBR,480253
7526546,138,81,6996,2006,0.0,12845.0,1.047268,0.7142270000000001,MEX,GBR,480253
7526547,142,81,6996,2006,4378.0,69534.0,1.384411,0.093734,MLT,GBR,480253
7526548,151,81,6996,2006,0.0,43709.0,-0.311109,-0.07267,MUS,GBR,480253
7526549,153,81,6996,2006,76306.0,500332.0,0.7896569999999999,0.363625,MYS,GBR,480253
7526550,156,81,6996,2006,0.0,856.0,-0.135099,-0.7618779999999999,NCL,GBR,480253
7526551,159,81,6996,2006,0.0,773970.0,-2.094353,-1.215025,NGA,GBR,480253
7526552,162,81,6996,2006,5755032.0,3983966.0,1.192134,1.450852,NLD,GBR,480253
7526553,163,81,6996,2006,30764.0,1560292.0,1.0787930000000001,0.014051,NOR,GBR,480253
7526554,166,81,6996,2006,0.0,259226.0,0.5371,0.8240209999999999,NZL,GBR,480253
7526555,168,81,6996,2006,1973.0,87225.0,-0.449333,0.563013,PAK,GBR,480253
7526556,174,81,6996,2006,0.0,51573.0,0.161994,0.036631,PHL,GBR,480253
7526557,177,81,6996,2006,25579.0,796316.0,0.991927,1.474418,POL,GBR,480253
7526558,179,81,6996,2006,150551.0,87093.0,0.5723630000000001,1.92303,PRT,GBR,480253
7526559,182,81,6996,2006,0.0,1653.0,-0.213329,-0.743599,PYF,GBR,480253
7526560,183,81,6996,2006,0.0,100105.0,0.055777999999999994,-1.0379049999999999,QAT,GBR,480253
7526561,185,81,6996,2006,0.0,3630.0,0.550825,1.170744,ROU,GBR,480253
7526562,186,81,6996,2006,0.0,308351.0,0.801197,0.104683,RUS,GBR,480253
7526563,188,81,6996,2006,0.0,43940.0,0.162432,-0.853059,SAU,GBR,480253
7526564,192,81,6996,2006,42320.0,618865.0,1.5377379999999998,0.503089,SGP,GBR,480253
7526565,197,81,6996,2006,0.0,1623.0,-0.135312,0.140874,SLV,GBR,480253
7526566,201,81,6996,2006,0.0,12162.0,0.547824,1.5588879999999998,SRB,GBR,480253
7526567,206,81,6996,2006,0.0,7783.0,1.291583,0.868317,SVK,GBR,480253
7526568,207,81,6996,2006,32530.0,14542.0,1.5882370000000001,0.800719,SVN,GBR,480253
7526569,208,81,6996,2006,3424845.0,1096164.0,1.902737,0.593294,SWE,GBR,480253
7526570,211,81,6996,2006,0.0,4506.0,-0.344619,-0.796139,SYC,GBR,480253
7526571,216,81,6996,2006,78944.0,307398.0,0.568209,1.685343,THA,GBR,480253
7526572,222,81,6996,2006,0.0,26087.0,-0.20651399999999998,-1.024907,TTO,GBR,480253
7526573,223,81,6996,2006,0.0,60370.0,-0.013636,0.804752,TUN,GBR,480253
7526574,224,81,6996,2006,0.0,307606.0,0.33971599999999996,2.193384,TUR,GBR,480253
7526575,228,81,6996,2006,0.0,80222.0,0.7008439999999999,0.79656,UKR,GBR,480253
7526576,231,81,6996,2006,114517.0,4921474.0,1.666643,-0.121679,USA,GBR,480253
7526577,236,81,6996,2006,0.0,1252.0,-0.340972,-1.015462,VEN,GBR,480253
7526578,246,81,6996,2006,1976306.0,267193.0,0.37964499999999995,1.466326,ZAF,GBR,480253
7526579,249,81,6996,2006,6372.0,77741.0,1.619915,1.2289940000000001,TWN,GBR,480253
7526580,4,90,6996,2006,0.0,51109.0,-0.340932,-0.06302200000000001,ALB,GRC,480253
7526581,15,90,6996,2006,156344.0,0.0,1.775669,0.192717,AUT,GRC,480253
7526582,18,90,6996,2006,26783.0,0.0,1.2222540000000002,1.383027,BEL,GRC,480253
7526583,23,90,6996,2006,0.0,9158.0,0.414563,1.378005,BGR,GRC,480253
7526584,41,90,6996,2006,3247.0,0.0,2.052534,0.515523,CHE,GRC,480253
7526585,43,90,6996,2006,9254.0,0.0,0.737888,2.54966,CHN,GRC,480253
7526586,58,90,6996,2006,0.0,1308.0,0.708267,-0.048096,CYP,GRC,480253
7526587,59,90,6996,2006,79140.0,0.0,1.564058,0.6023649999999999,CZE,GRC,480253
7526588,61,90,6996,2006,875212.0,0.0,2.132566,-2.773669,DEU,GRC,480253
7526589,68,90,6996,2006,0.0,51778.0,-0.182272,0.40222399999999997,EGY,GRC,480253
7526590,71,90,6996,2006,512814.0,23695.0,0.9091370000000001,2.068166,ESP,GRC,480253
7526591,74,90,6996,2006,3869875.0,0.0,1.864038,0.8193940000000001,FIN,GRC,480253
7526592,77,90,6996,2006,1534414.0,6733.0,1.47591,0.489466,FRA,GRC,480253
7526593,81,90,6996,2006,56188.0,0.0,1.824154,0.614424,GBR,GRC,480253
7526594,102,90,6996,2006,67843.0,0.0,1.4034309999999999,0.835144,HUN,GRC,480253
7526595,103,90,6996,2006,83678.0,0.0,-0.21012399999999998,1.467838,IDN,GRC,480253
7526596,104,90,6996,2006,20775.0,0.0,0.285652,2.731318,IND,GRC,480253
7526597,111,90,6996,2006,5925212.0,35473.0,1.293779,0.93995,ITA,GRC,480253
7526598,121,90,6996,2006,35269.0,0.0,1.5384309999999999,0.766628,KOR,GRC,480253
7526599,140,90,6996,2006,0.0,2697.0,-0.21336,0.17674700000000002,MKD,GRC,480253
7526600,162,90,6996,2006,317469.0,10880.0,1.192134,1.450852,NLD,GRC,480253
7526601,179,90,6996,2006,21139.0,0.0,0.5723630000000001,1.92303,PRT,GRC,480253
7526602,201,90,6996,2006,42754.0,0.0,0.547824,1.5588879999999998,SRB,GRC,480253
7526603,206,90,6996,2006,14965.0,0.0,1.291583,0.868317,SVK,GRC,480253
7526604,207,90,6996,2006,213431.0,0.0,1.5882370000000001,0.800719,SVN,GRC,480253
7526605,208,90,6996,2006,88783.0,0.0,1.902737,0.593294,SWE,GRC,480253
7526606,224,90,6996,2006,95632.0,102940.0,0.33971599999999996,2.193384,TUR,GRC,480253
7526607,231,90,6996,2006,13416.0,0.0,1.666643,-0.121679,USA,GRC,480253
7526608,18,93,6996,2006,20332.0,0.0,1.2222540000000002,1.383027,BEL,GTM,480253
7526609,29,93,6996,2006,0.0,28871.0,-0.584902,-0.82437,BLZ,GTM,480253
7526610,32,93,6996,2006,164716.0,0.0,0.633889,1.1474520000000001,BRA,GTM,480253
7526611,42,93,6996,2006,613362.0,0.0,-0.188298,-0.46778000000000003,CHL,GTM,480253
7526612,49,93,6996,2006,1791.0,0.0,0.129887,0.44371700000000003,COL,GTM,480253
7526613,61,93,6996,2006,3450.0,0.0,2.132566,-2.773669,DEU,GTM,480253
7526614,71,93,6996,2006,90802.0,0.0,0.9091370000000001,2.068166,ESP,GTM,480253
7526615,77,93,6996,2006,10431.0,0.0,1.47591,0.489466,FRA,GTM,480253
7526616,103,93,6996,2006,12860.0,0.0,-0.21012399999999998,1.467838,IDN,GTM,480253
7526617,111,93,6996,2006,1317.0,0.0,1.293779,0.93995,ITA,GTM,480253
7526618,121,93,6996,2006,57316.0,0.0,1.5384309999999999,0.766628,KOR,GTM,480253
7526619,138,93,6996,2006,33700.0,0.0,1.047268,0.7142270000000001,MEX,GTM,480253
7526620,159,93,6996,2006,0.0,27567.0,-2.094353,-1.215025,NGA,GTM,480253
7526621,169,93,6996,2006,6249.0,0.0,0.306664,0.638533,PAN,GTM,480253
7526622,197,93,6996,2006,7207.0,25934.0,-0.135312,0.140874,SLV,GTM,480253
7526623,208,93,6996,2006,35797.0,0.0,1.902737,0.593294,SWE,GTM,480253
7526624,231,93,6996,2006,1217008.0,0.0,1.666643,-0.121679,USA,GTM,480253
7526625,246,93,6996,2006,11103.0,0.0,0.37964499999999995,1.466326,ZAF,GTM,480253
7526626,32,96,6996,2006,14148.0,0.0,0.633889,1.1474520000000001,BRA,GUY,480253
7526627,14,97,6996,2006,109674.0,3229.0,0.067166,0.373148,AUS,HKG,480253
7526628,15,97,6996,2006,12884.0,0.0,1.775669,0.192717,AUT,HKG,480253
7526629,18,97,6996,2006,2516863.0,0.0,1.2222540000000002,1.383027,BEL,HKG,480253
7526630,22,97,6996,2006,0.0,20776.0,-1.0305309999999999,-0.80937,BGD,HKG,480253
7526631,32,97,6996,2006,159951.0,0.0,0.633889,1.1474520000000001,BRA,HKG,480253
7526632,39,97,6996,2006,52110.0,0.0,0.865685,1.1480489999999999,CAN,HKG,480253
7526633,43,97,6996,2006,1713460.0,728502.0,0.737888,2.54966,CHN,HKG,480253
7526634,61,97,6996,2006,403804.0,4937.0,2.132566,-2.773669,DEU,HKG,480253
7526635,64,97,6996,2006,14304.0,0.0,1.2308700000000001,1.180914,DNK,HKG,480253
7526636,66,97,6996,2006,0.0,1323.0,-0.489962,-1.12456,DZA,HKG,480253
7526637,67,97,6996,2006,0.0,1238.0,-0.878583,-0.9462010000000001,ECU,HKG,480253
7526638,71,97,6996,2006,256454.0,0.0,0.9091370000000001,2.068166,ESP,HKG,480253
7526639,74,97,6996,2006,24184.0,0.0,1.864038,0.8193940000000001,FIN,HKG,480253
7526640,77,97,6996,2006,2325972.0,0.0,1.47591,0.489466,FRA,HKG,480253
7526641,81,97,6996,2006,2463471.0,0.0,1.824154,0.614424,GBR,HKG,480253
7526642,103,97,6996,2006,2360257.0,7945.0,-0.21012399999999998,1.467838,IDN,HKG,480253
7526643,104,97,6996,2006,0.0,20958.0,0.285652,2.731318,IND,HKG,480253
7526644,111,97,6996,2006,1641481.0,0.0,1.293779,0.93995,ITA,HKG,480253
7526645,114,97,6996,2006,2396149.0,25975.0,2.4348099999999997,0.082887,JPN,HKG,480253
7526646,121,97,6996,2006,73761.0,16568.0,1.5384309999999999,0.766628,KOR,HKG,480253
7526647,128,97,6996,2006,0.0,3214.0,-0.573767,0.305913,LKA,HKG,480253
7526648,133,97,6996,2006,0.0,219051.0,-0.07118200000000001,-0.228354,MAC,HKG,480253
7526649,152,97,6996,2006,0.0,8651.0,-1.145132,-1.0946209999999998,MWI,HKG,480253
7526650,153,97,6996,2006,25667.0,13027.0,0.7896569999999999,0.363625,MYS,HKG,480253
7526651,159,97,6996,2006,0.0,136558.0,-2.094353,-1.215025,NGA,HKG,480253
7526652,162,97,6996,2006,169887.0,0.0,1.192134,1.450852,NLD,HKG,480253
7526653,174,97,6996,2006,0.0,56304.0,0.161994,0.036631,PHL,HKG,480253
7526654,177,97,6996,2006,0.0,20047.0,0.991927,1.474418,POL,HKG,480253
7526655,179,97,6996,2006,1621918.0,0.0,0.5723630000000001,1.92303,PRT,HKG,480253
7526656,192,97,6996,2006,689894.0,63814.0,1.5377379999999998,0.503089,SGP,HKG,480253
7526657,208,97,6996,2006,183974.0,24999.0,1.902737,0.593294,SWE,HKG,480253
7526658,216,97,6996,2006,1216406.0,1892.0,0.568209,1.685343,THA,HKG,480253
7526659,224,97,6996,2006,0.0,3085.0,0.33971599999999996,2.193384,TUR,HKG,480253
7526660,231,97,6996,2006,4992782.0,0.0,1.666643,-0.121679,USA,HKG,480253
7526661,239,97,6996,2006,0.0,12355.0,-0.342779,1.033318,VNM,HKG,480253
7526662,246,97,6996,2006,43258.0,0.0,0.37964499999999995,1.466326,ZAF,HKG,480253
7526663,249,97,6996,2006,555827.0,2442.0,1.619915,1.2289940000000001,TWN,HKG,480253
7526664,8,99,6996,2006,26956.0,0.0,0.33055,0.665867,ARG,HND,480253
7526665,32,99,6996,2006,77121.0,0.0,0.633889,1.1474520000000001,BRA,HND,480253
7526666,43,99,6996,2006,6247.0,0.0,0.737888,2.54966,CHN,HND,480253
7526667,49,99,6996,2006,41244.0,0.0,0.129887,0.44371700000000003,COL,HND,480253
7526668,61,99,6996,2006,104506.0,0.0,2.132566,-2.773669,DEU,HND,480253
7526669,77,99,6996,2006,846.0,0.0,1.47591,0.489466,FRA,HND,480253
7526670,103,99,6996,2006,39694.0,0.0,-0.21012399999999998,1.467838,IDN,HND,480253
7526671,111,99,6996,2006,29199.0,0.0,1.293779,0.93995,ITA,HND,480253
7526672,138,99,6996,2006,105274.0,0.0,1.047268,0.7142270000000001,MEX,HND,480253
7526673,197,99,6996,2006,11258.0,22448.0,-0.135312,0.140874,SLV,HND,480253
7526674,231,99,6996,2006,11393.0,0.0,1.666643,-0.121679,USA,HND,480253
7526675,2,103,6996,2006,0.0,132108.0,-2.0822979999999998,-1.176767,AGO,IDN,480253
7526676,4,103,6996,2006,0.0,7164.0,-0.340932,-0.06302200000000001,ALB,IDN,480253
7526677,7,103,6996,2006,0.0,1893104.0,0.053903999999999994,-0.735124,ARE,IDN,480253
7526678,8,103,6996,2006,0.0,23556.0,0.33055,0.665867,ARG,IDN,480253
7526679,9,103,6996,2006,0.0,2632.0,0.14539100000000002,-0.558014,ARM,IDN,480253
7526680,14,103,6996,2006,759034.0,3162800.0,0.067166,0.373148,AUS,IDN,480253
7526681,18,103,6996,2006,0.0,61493.0,1.2222540000000002,1.383027,BEL,IDN,480253
7526682,19,103,6996,2006,0.0,98190.0,-0.8434360000000001,-0.798307,BEN,IDN,480253
7526683,22,103,6996,2006,0.0,513707.0,-1.0305309999999999,-0.80937,BGD,IDN,480253
7526684,24,103,6996,2006,0.0,62210.0,0.172724,-0.9449879999999999,BHR,IDN,480253
7526685,32,103,6996,2006,0.0,49641.0,0.633889,1.1474520000000001,BRA,IDN,480253
7526686,39,103,6996,2006,0.0,79957.0,0.865685,1.1480489999999999,CAN,IDN,480253
7526687,42,103,6996,2006,0.0,52864.0,-0.188298,-0.46778000000000003,CHL,IDN,480253
7526688,43,103,6996,2006,117184.0,10434248.0,0.737888,2.54966,CHN,IDN,480253
7526689,44,103,6996,2006,0.0,80200.0,-0.8918530000000001,-0.8145819999999999,CIV,IDN,480253
7526690,45,103,6996,2006,0.0,110414.0,-1.358873,-1.1511360000000002,CMR,IDN,480253
7526691,47,103,6996,2006,0.0,15489.0,-1.9903240000000002,-1.189925,COG,IDN,480253
7526692,49,103,6996,2006,0.0,20084.0,0.129887,0.44371700000000003,COL,IDN,480253
7526693,52,103,6996,2006,0.0,47334.0,0.042663,-0.376672,CRI,IDN,480253
7526694,58,103,6996,2006,0.0,126307.0,0.708267,-0.048096,CYP,IDN,480253
7526695,59,103,6996,2006,0.0,12425.0,1.564058,0.6023649999999999,CZE,IDN,480253
7526696,61,103,6996,2006,34127.0,128323.0,2.132566,-2.773669,DEU,IDN,480253
7526697,62,103,6996,2006,0.0,719428.0,-0.251707,-0.436792,DJI,IDN,480253
7526698,64,103,6996,2006,0.0,2908.0,1.2308700000000001,1.180914,DNK,IDN,480253
7526699,65,103,6996,2006,0.0,11315.0,-0.24073699999999998,0.049093,DOM,IDN,480253
7526700,67,103,6996,2006,0.0,84497.0,-0.878583,-0.9462010000000001,ECU,IDN,480253
7526701,68,103,6996,2006,0.0,2257854.0,-0.182272,0.40222399999999997,EGY,IDN,480253
7526702,71,103,6996,2006,32419.0,44963.0,0.9091370000000001,2.068166,ESP,IDN,480253
7526703,73,103,6996,2006,0.0,199973.0,-0.9557180000000001,-0.9153479999999999,ETH,IDN,480253
7526704,74,103,6996,2006,13469.0,28917.0,1.864038,0.8193940000000001,FIN,IDN,480253
7526705,75,103,6996,2006,0.0,32177.0,-0.6554949999999999,-0.098284,FJI,IDN,480253
7526706,77,103,6996,2006,19241.0,98378.0,1.47591,0.489466,FRA,IDN,480253
7526707,81,103,6996,2006,67445.0,3383442.0,1.824154,0.614424,GBR,IDN,480253
7526708,82,103,6996,2006,0.0,12745.0,0.076711,-0.47216099999999994,GEO,IDN,480253
7526709,83,103,6996,2006,0.0,364767.0,-0.9934860000000001,-0.809318,GHA,IDN,480253
7526710,90,103,6996,2006,0.0,83678.0,0.261955,1.488958,GRC,IDN,480253
7526711,93,103,6996,2006,0.0,12860.0,-0.28642199999999995,0.5868439999999999,GTM,IDN,480253
7526712,97,103,6996,2006,7945.0,2360257.0,0.5776319999999999,2.076782,HKG,IDN,480253
7526713,99,103,6996,2006,0.0,39694.0,-0.672074,-0.472138,HND,IDN,480253
7526714,104,103,6996,2006,47490.0,318393.0,0.285652,2.731318,IND,IDN,480253
7526715,106,103,6996,2006,0.0,35228.0,1.43804,0.06463200000000001,IRL,IDN,480253
7526716,107,103,6996,2006,0.0,6493914.0,-0.391023,-0.767861,IRN,IDN,480253
7526717,111,103,6996,2006,159147.0,1525.0,1.293779,0.93995,ITA,IDN,480253
7526718,112,103,6996,2006,0.0,28935.0,-0.5122720000000001,-0.9109809999999999,JAM,IDN,480253
7526719,113,103,6996,2006,0.0,739930.0,0.166718,0.331248,JOR,IDN,480253
7526720,114,103,6996,2006,46547.0,11942.0,2.4348099999999997,0.082887,JPN,IDN,480253
7526721,115,103,6996,2006,0.0,3256.0,0.038229,-0.579421,KAZ,IDN,480253
7526722,116,103,6996,2006,0.0,91716.0,-0.38287899999999997,1.060286,KEN,IDN,480253
7526723,118,103,6996,2006,0.0,7111.0,-1.323365,-1.185827,KHM,IDN,480253
7526724,121,103,6996,2006,14669.0,411245.0,1.5384309999999999,0.766628,KOR,IDN,480253
7526725,122,103,6996,2006,0.0,195989.0,-0.589823,-1.142795,KWT,IDN,480253
7526726,124,103,6996,2006,0.0,94077.0,0.3861,1.586183,LBN,IDN,480253
7526727,126,103,6996,2006,0.0,29359.0,-0.518724,-1.142074,LBY,IDN,480253
7526728,128,103,6996,2006,0.0,100399.0,-0.573767,0.305913,LKA,IDN,480253
7526729,130,103,6996,2006,0.0,3546.0,0.44063599999999997,1.163857,LTU,IDN,480253
7526730,133,103,6996,2006,0.0,61911.0,-0.07118200000000001,-0.228354,MAC,IDN,480253
7526731,134,103,6996,2006,0.0,59861.0,-0.547933,0.08257300000000001,MAR,IDN,480253
7526732,136,103,6996,2006,0.0,60666.0,-1.024657,-0.393395,MDG,IDN,480253
7526733,138,103,6996,2006,0.0,44981.0,1.047268,0.7142270000000001,MEX,IDN,480253
7526734,143,103,6996,2006,0.0,208411.0,-1.543679,-1.145623,MMR,IDN,480253
7526735,147,103,6996,2006,0.0,133245.0,-1.0250629999999998,-1.067359,MOZ,IDN,480253
7526736,151,103,6996,2006,0.0,111255.0,-0.311109,-0.07267,MUS,IDN,480253
7526737,152,103,6996,2006,0.0,46460.0,-1.145132,-1.0946209999999998,MWI,IDN,480253
7526738,153,103,6996,2006,22517.0,2055334.0,0.7896569999999999,0.363625,MYS,IDN,480253
7526739,156,103,6996,2006,0.0,7162.0,-0.135099,-0.7618779999999999,NCL,IDN,480253
7526740,157,103,6996,2006,0.0,10424.0,-0.554188,-0.708255,NER,IDN,480253
7526741,159,103,6996,2006,0.0,2949096.0,-2.094353,-1.215025,NGA,IDN,480253
7526742,160,103,6996,2006,0.0,13822.0,-0.998825,-0.893867,NIC,IDN,480253
7526743,162,103,6996,2006,64959.0,122328.0,1.192134,1.450852,NLD,IDN,480253
7526744,163,103,6996,2006,24230.0,0.0,1.0787930000000001,0.014051,NOR,IDN,480253
7526745,164,103,6996,2006,0.0,8287.0,-0.29672600000000005,0.665077,NPL,IDN,480253
7526746,166,103,6996,2006,17159.0,301819.0,0.5371,0.8240209999999999,NZL,IDN,480253
7526747,168,103,6996,2006,0.0,679900.0,-0.449333,0.563013,PAK,IDN,480253
7526748,169,103,6996,2006,0.0,21282.0,0.306664,0.638533,PAN,IDN,480253
7526749,173,103,6996,2006,0.0,107353.0,-0.551095,0.044295,PER,IDN,480253
7526750,174,103,6996,2006,0.0,1023694.0,0.161994,0.036631,PHL,IDN,480253
7526751,182,103,6996,2006,0.0,1672.0,-0.213329,-0.743599,PYF,IDN,480253
7526752,183,103,6996,2006,0.0,58890.0,0.055777999999999994,-1.0379049999999999,QAT,IDN,480253
7526753,186,103,6996,2006,0.0,63447.0,0.801197,0.104683,RUS,IDN,480253
7526754,188,103,6996,2006,0.0,1627383.0,0.162432,-0.853059,SAU,IDN,480253
7526755,190,103,6996,2006,0.0,126802.0,-1.873762,-1.278378,SDN,IDN,480253
7526756,191,103,6996,2006,0.0,11430.0,-0.364713,-0.183612,SEN,IDN,480253
7526757,192,103,6996,2006,117402.0,435688.0,1.5377379999999998,0.503089,SGP,IDN,480253
7526758,196,103,6996,2006,0.0,15668.0,0.518163,-0.032742,SLE,IDN,480253
7526759,197,103,6996,2006,0.0,19043.0,-0.135312,0.140874,SLV,IDN,480253
7526760,208,103,6996,2006,17993.0,0.0,1.902737,0.593294,SWE,IDN,480253
7526761,211,103,6996,2006,0.0,8701.0,-0.344619,-0.796139,SYC,IDN,480253
7526762,212,103,6996,2006,0.0,493937.0,-0.588695,0.532487,SYR,IDN,480253
7526763,215,103,6996,2006,0.0,257573.0,-0.8304020000000001,-0.678178,TGO,IDN,480253
7526764,216,103,6996,2006,179583.0,1050164.0,0.568209,1.685343,THA,IDN,480253
7526765,222,103,6996,2006,0.0,44439.0,-0.20651399999999998,-1.024907,TTO,IDN,480253
7526766,224,103,6996,2006,0.0,704149.0,0.33971599999999996,2.193384,TUR,IDN,480253
7526767,226,103,6996,2006,0.0,259919.0,-0.953097,0.159129,TZA,IDN,480253
7526768,227,103,6996,2006,0.0,10993.0,-0.702511,-0.43976099999999996,UGA,IDN,480253
7526769,228,103,6996,2006,0.0,62728.0,0.7008439999999999,0.79656,UKR,IDN,480253
7526770,231,103,6996,2006,117106.0,47364.0,1.666643,-0.121679,USA,IDN,480253
7526771,236,103,6996,2006,0.0,5004.0,-0.340972,-1.015462,VEN,IDN,480253
7526772,239,103,6996,2006,0.0,998162.0,-0.342779,1.033318,VNM,IDN,480253
7526773,243,103,6996,2006,0.0,1110797.0,-1.0407110000000002,-1.13042,YEM,IDN,480253
7526774,246,103,6996,2006,0.0,843495.0,0.37964499999999995,1.466326,ZAF,IDN,480253
7526775,248,103,6996,2006,0.0,41534.0,-0.41825500000000004,-0.55313,ZWE,IDN,480253
7526776,249,103,6996,2006,0.0,257733.0,1.619915,1.2289940000000001,TWN,IDN,480253
7526777,7,104,6996,2006,0.0,24490.0,0.053903999999999994,-0.735124,ARE,IND,480253
7526778,9,104,6996,2006,0.0,13938.0,0.14539100000000002,-0.558014,ARM,IND,480253
7526779,14,104,6996,2006,1508.0,0.0,0.067166,0.373148,AUS,IND,480253
7526780,15,104,6996,2006,6430.0,0.0,1.775669,0.192717,AUT,IND,480253
7526781,17,104,6996,2006,0.0,20335.0,-0.033711,-0.48450600000000005,BDI,IND,480253
7526782,18,104,6996,2006,201148.0,0.0,1.2222540000000002,1.383027,BEL,IND,480253
7526783,22,104,6996,2006,0.0,112526.0,-1.0305309999999999,-0.80937,BGD,IND,480253
7526784,24,104,6996,2006,0.0,28023.0,0.172724,-0.9449879999999999,BHR,IND,480253
7526785,39,104,6996,2006,3706.0,22742.0,0.865685,1.1480489999999999,CAN,IND,480253
7526786,41,104,6996,2006,3156.0,0.0,2.052534,0.515523,CHE,IND,480253
7526787,58,104,6996,2006,0.0,3430.0,0.708267,-0.048096,CYP,IND,480253
7526788,61,104,6996,2006,28801.0,0.0,2.132566,-2.773669,DEU,IND,480253
7526789,68,104,6996,2006,0.0,553313.0,-0.182272,0.40222399999999997,EGY,IND,480253
7526790,71,104,6996,2006,35583.0,0.0,0.9091370000000001,2.068166,ESP,IND,480253
7526791,73,104,6996,2006,0.0,47131.0,-0.9557180000000001,-0.9153479999999999,ETH,IND,480253
7526792,75,104,6996,2006,0.0,22773.0,-0.6554949999999999,-0.098284,FJI,IND,480253
7526793,77,104,6996,2006,272712.0,10996.0,1.47591,0.489466,FRA,IND,480253
7526794,81,104,6996,2006,239658.0,105885.0,1.824154,0.614424,GBR,IND,480253
7526795,83,104,6996,2006,0.0,50116.0,-0.9934860000000001,-0.809318,GHA,IND,480253
7526796,90,104,6996,2006,0.0,20775.0,0.261955,1.488958,GRC,IND,480253
7526797,97,104,6996,2006,20958.0,0.0,0.5776319999999999,2.076782,HKG,IND,480253
7526798,103,104,6996,2006,318393.0,47490.0,-0.21012399999999998,1.467838,IDN,IND,480253
7526799,107,104,6996,2006,0.0,33293.0,-0.391023,-0.767861,IRN,IND,480253
7526800,111,104,6996,2006,120615.0,14839.0,1.293779,0.93995,ITA,IND,480253
7526801,113,104,6996,2006,0.0,28089.0,0.166718,0.331248,JOR,IND,480253
7526802,114,104,6996,2006,543031.0,0.0,2.4348099999999997,0.082887,JPN,IND,480253
7526803,116,104,6996,2006,0.0,353703.0,-0.38287899999999997,1.060286,KEN,IND,480253
7526804,122,104,6996,2006,0.0,38723.0,-0.589823,-1.142795,KWT,IND,480253
7526805,128,104,6996,2006,0.0,288716.0,-0.573767,0.305913,LKA,IND,480253
7526806,137,104,6996,2006,0.0,60863.0,-0.240191,-0.8320290000000001,MDV,IND,480253
7526807,151,104,6996,2006,0.0,3528.0,-0.311109,-0.07267,MUS,IND,480253
7526808,152,104,6996,2006,0.0,12943.0,-1.145132,-1.0946209999999998,MWI,IND,480253
7526809,153,104,6996,2006,26383.0,113216.0,0.7896569999999999,0.363625,MYS,IND,480253
7526810,159,104,6996,2006,0.0,240328.0,-2.094353,-1.215025,NGA,IND,480253
7526811,162,104,6996,2006,55136.0,0.0,1.192134,1.450852,NLD,IND,480253
7526812,164,104,6996,2006,0.0,50473.0,-0.29672600000000005,0.665077,NPL,IND,480253
7526813,169,104,6996,2006,0.0,5013.0,0.306664,0.638533,PAN,IND,480253
7526814,174,104,6996,2006,0.0,3083.0,0.161994,0.036631,PHL,IND,480253
7526815,177,104,6996,2006,0.0,2318.0,0.991927,1.474418,POL,IND,480253
7526816,183,104,6996,2006,1701.0,6916.0,0.055777999999999994,-1.0379049999999999,QAT,IND,480253
7526817,188,104,6996,2006,0.0,20558.0,0.162432,-0.853059,SAU,IND,480253
7526818,190,104,6996,2006,0.0,38789.0,-1.873762,-1.278378,SDN,IND,480253
7526819,208,104,6996,2006,0.0,40131.0,1.902737,0.593294,SWE,IND,480253
7526820,216,104,6996,2006,0.0,4088.0,0.568209,1.685343,THA,IND,480253
7526821,222,104,6996,2006,0.0,17972.0,-0.20651399999999998,-1.024907,TTO,IND,480253
7526822,224,104,6996,2006,0.0,21905.0,0.33971599999999996,2.193384,TUR,IND,480253
7526823,226,104,6996,2006,0.0,14597.0,-0.953097,0.159129,TZA,IND,480253
7526824,227,104,6996,2006,0.0,95951.0,-0.702511,-0.43976099999999996,UGA,IND,480253
7526825,231,104,6996,2006,6064.0,114917.0,1.666643,-0.121679,USA,IND,480253
7526826,239,104,6996,2006,0.0,13270.0,-0.342779,1.033318,VNM,IND,480253
7526827,243,104,6996,2006,0.0,42904.0,-1.0407110000000002,-1.13042,YEM,IND,480253
7526828,246,104,6996,2006,0.0,16964.0,0.37964499999999995,1.466326,ZAF,IND,480253
7526829,15,106,6996,2006,53565.0,0.0,1.775669,0.192717,AUT,IRL,480253
7526830,18,106,6996,2006,48414.0,0.0,1.2222540000000002,1.383027,BEL,IRL,480253
7526831,23,106,6996,2006,0.0,966.0,0.414563,1.378005,BGR,IRL,480253
7526832,39,106,6996,2006,0.0,995.0,0.865685,1.1480489999999999,CAN,IRL,480253
7526833,43,106,6996,2006,7278.0,0.0,0.737888,2.54966,CHN,IRL,480253
7526834,61,106,6996,2006,912812.0,437826.0,2.132566,-2.773669,DEU,IRL,480253
7526835,64,106,6996,2006,35744.0,0.0,1.2308700000000001,1.180914,DNK,IRL,480253
7526836,71,106,6996,2006,3163.0,0.0,0.9091370000000001,2.068166,ESP,IRL,480253
7526837,74,106,6996,2006,201133.0,0.0,1.864038,0.8193940000000001,FIN,IRL,480253
7526838,77,106,6996,2006,767025.0,0.0,1.47591,0.489466,FRA,IRL,480253
7526839,81,106,6996,2006,3007813.0,164941.0,1.824154,0.614424,GBR,IRL,480253
7526840,100,106,6996,2006,0.0,4535.0,0.755787,0.992614,HRV,IRL,480253
7526841,102,106,6996,2006,925.0,0.0,1.4034309999999999,0.835144,HUN,IRL,480253
7526842,103,106,6996,2006,35228.0,0.0,-0.21012399999999998,1.467838,IDN,IRL,480253
7526843,111,106,6996,2006,301571.0,0.0,1.293779,0.93995,ITA,IRL,480253
7526844,121,106,6996,2006,69647.0,0.0,1.5384309999999999,0.766628,KOR,IRL,480253
7526845,134,106,6996,2006,0.0,993.0,-0.547933,0.08257300000000001,MAR,IRL,480253
7526846,162,106,6996,2006,303093.0,0.0,1.192134,1.450852,NLD,IRL,480253
7526847,177,106,6996,2006,64170.0,0.0,0.991927,1.474418,POL,IRL,480253
7526848,179,106,6996,2006,17829.0,0.0,0.5723630000000001,1.92303,PRT,IRL,480253
7526849,185,106,6996,2006,0.0,1803.0,0.550825,1.170744,ROU,IRL,480253
7526850,186,106,6996,2006,0.0,1399.0,0.801197,0.104683,RUS,IRL,480253
7526851,188,106,6996,2006,0.0,1411.0,0.162432,-0.853059,SAU,IRL,480253
7526852,206,106,6996,2006,0.0,864.0,1.291583,0.868317,SVK,IRL,480253
7526853,207,106,6996,2006,0.0,2272.0,1.5882370000000001,0.800719,SVN,IRL,480253
7526854,208,106,6996,2006,98151.0,0.0,1.902737,0.593294,SWE,IRL,480253
7526855,231,106,6996,2006,0.0,12265.0,1.666643,-0.121679,USA,IRL,480253
7526856,15,110,6996,2006,66190.0,0.0,1.775669,0.192717,AUT,ISR,480253
7526857,18,110,6996,2006,55997.0,0.0,1.2222540000000002,1.383027,BEL,ISR,480253
7526858,39,110,6996,2006,30626.0,0.0,0.865685,1.1480489999999999,CAN,ISR,480253
7526859,41,110,6996,2006,11953.0,0.0,2.052534,0.515523,CHE,ISR,480253
7526860,43,110,6996,2006,0.0,1173.0,0.737888,2.54966,CHN,ISR,480253
7526861,61,110,6996,2006,583916.0,0.0,2.132566,-2.773669,DEU,ISR,480253
7526862,71,110,6996,2006,14696.0,0.0,0.9091370000000001,2.068166,ESP,ISR,480253
7526863,74,110,6996,2006,7550.0,0.0,1.864038,0.8193940000000001,FIN,ISR,480253
7526864,77,110,6996,2006,559142.0,0.0,1.47591,0.489466,FRA,ISR,480253
7526865,81,110,6996,2006,82162.0,0.0,1.824154,0.614424,GBR,ISR,480253
7526866,111,110,6996,2006,255747.0,0.0,1.293779,0.93995,ITA,ISR,480253
7526867,162,110,6996,2006,72452.0,0.0,1.192134,1.450852,NLD,ISR,480253
7526868,177,110,6996,2006,14249.0,0.0,0.991927,1.474418,POL,ISR,480253
7526869,179,110,6996,2006,71880.0,0.0,0.5723630000000001,1.92303,PRT,ISR,480253
7526870,185,110,6996,2006,0.0,13909.0,0.550825,1.170744,ROU,ISR,480253
7526871,208,110,6996,2006,61680.0,0.0,1.902737,0.593294,SWE,ISR,480253
7526872,216,110,6996,2006,31340.0,0.0,0.568209,1.685343,THA,ISR,480253
7526873,224,110,6996,2006,140021.0,0.0,0.33971599999999996,2.193384,TUR,ISR,480253
7526874,231,110,6996,2006,53070.0,0.0,1.666643,-0.121679,USA,ISR,480253
7526875,249,110,6996,2006,3832.0,0.0,1.619915,1.2289940000000001,TWN,ISR,480253
7526876,4,111,6996,2006,0.0,34207.0,-0.340932,-0.06302200000000001,ALB,ITA,480253
7526877,7,111,6996,2006,0.0,136197.0,0.053903999999999994,-0.735124,ARE,ITA,480253
7526878,8,111,6996,2006,46403.0,379896.0,0.33055,0.665867,ARG,ITA,480253
7526879,9,111,6996,2006,0.0,24656.0,0.14539100000000002,-0.558014,ARM,ITA,480253
7526880,14,111,6996,2006,0.0,1097259.0,0.067166,0.373148,AUS,ITA,480253
7526881,15,111,6996,2006,6873359.0,425948.0,1.775669,0.192717,AUT,ITA,480253
7526882,17,111,6996,2006,0.0,19712.0,-0.033711,-0.48450600000000005,BDI,ITA,480253
7526883,18,111,6996,2006,7248428.0,821294.0,1.2222540000000002,1.383027,BEL,ITA,480253
7526884,22,111,6996,2006,0.0,22255.0,-1.0305309999999999,-0.80937,BGD,ITA,480253
7526885,23,111,6996,2006,0.0,161776.0,0.414563,1.378005,BGR,ITA,480253
7526886,24,111,6996,2006,0.0,15726.0,0.172724,-0.9449879999999999,BHR,ITA,480253
7526887,26,111,6996,2006,0.0,8458.0,0.40788800000000003,0.562854,BIH,ITA,480253
7526888,28,111,6996,2006,0.0,15887.0,0.919853,0.384409,BLR,ITA,480253
7526889,31,111,6996,2006,0.0,18558.0,-0.805185,-0.754091,BOL,ITA,480253
7526890,32,111,6996,2006,83469.0,78502.0,0.633889,1.1474520000000001,BRA,ITA,480253
7526891,33,111,6996,2006,0.0,2930.0,0.977267,0.6046560000000001,BRB,ITA,480253
7526892,39,111,6996,2006,0.0,50197.0,0.865685,1.1480489999999999,CAN,ITA,480253
7526893,41,111,6996,2006,102482.0,1241436.0,2.052534,0.515523,CHE,ITA,480253
7526894,42,111,6996,2006,0.0,53897.0,-0.188298,-0.46778000000000003,CHL,ITA,480253
7526895,43,111,6996,2006,79532.0,653427.0,0.737888,2.54966,CHN,ITA,480253
7526896,49,111,6996,2006,0.0,118827.0,0.129887,0.44371700000000003,COL,ITA,480253
7526897,52,111,6996,2006,0.0,49730.0,0.042663,-0.376672,CRI,ITA,480253
7526898,54,111,6996,2006,0.0,85959.0,0.204039,-0.5183260000000001,CUB,ITA,480253
7526899,58,111,6996,2006,0.0,146694.0,0.708267,-0.048096,CYP,ITA,480253
7526900,59,111,6996,2006,200539.0,342491.0,1.564058,0.6023649999999999,CZE,ITA,480253
7526901,61,111,6996,2006,5247879.0,9682132.0,2.132566,-2.773669,DEU,ITA,480253
7526902,64,111,6996,2006,850901.0,110898.0,1.2308700000000001,1.180914,DNK,ITA,480253
7526903,65,111,6996,2006,0.0,166794.0,-0.24073699999999998,0.049093,DOM,ITA,480253
7526904,66,111,6996,2006,0.0,38047.0,-0.489962,-1.12456,DZA,ITA,480253
7526905,67,111,6996,2006,0.0,8299.0,-0.878583,-0.9462010000000001,ECU,ITA,480253
7526906,68,111,6996,2006,0.0,188256.0,-0.182272,0.40222399999999997,EGY,ITA,480253
7526907,69,111,6996,2006,0.0,3738.0,0.216725,-0.337624,ERI,ITA,480253
7526908,71,111,6996,2006,142037.0,4485714.0,0.9091370000000001,2.068166,ESP,ITA,480253
7526909,72,111,6996,2006,0.0,39929.0,0.6426350000000001,0.925003,EST,ITA,480253
7526910,73,111,6996,2006,0.0,33987.0,-0.9557180000000001,-0.9153479999999999,ETH,ITA,480253
7526911,74,111,6996,2006,781072.0,1400000.0,1.864038,0.8193940000000001,FIN,ITA,480253
7526912,77,111,6996,2006,7373432.0,5576338.0,1.47591,0.489466,FRA,ITA,480253
7526913,81,111,6996,2006,1443654.0,6092846.0,1.824154,0.614424,GBR,ITA,480253
7526914,82,111,6996,2006,0.0,77398.0,0.076711,-0.47216099999999994,GEO,ITA,480253
7526915,83,111,6996,2006,0.0,1783.0,-0.9934860000000001,-0.809318,GHA,ITA,480253
7526916,90,111,6996,2006,35473.0,5925212.0,0.261955,1.488958,GRC,ITA,480253
7526917,93,111,6996,2006,0.0,1317.0,-0.28642199999999995,0.5868439999999999,GTM,ITA,480253
7526918,97,111,6996,2006,0.0,1641481.0,0.5776319999999999,2.076782,HKG,ITA,480253
7526919,99,111,6996,2006,0.0,29199.0,-0.672074,-0.472138,HND,ITA,480253
7526920,100,111,6996,2006,0.0,384106.0,0.755787,0.992614,HRV,ITA,480253
7526921,102,111,6996,2006,0.0,374238.0,1.4034309999999999,0.835144,HUN,ITA,480253
7526922,103,111,6996,2006,1525.0,159147.0,-0.21012399999999998,1.467838,IDN,ITA,480253
7526923,104,111,6996,2006,14839.0,120615.0,0.285652,2.731318,IND,ITA,480253
7526924,106,111,6996,2006,0.0,301571.0,1.43804,0.06463200000000001,IRL,ITA,480253
7526925,107,111,6996,2006,0.0,238203.0,-0.391023,-0.767861,IRN,ITA,480253
7526926,109,111,6996,2006,0.0,22889.0,0.170234,-0.302203,ISL,ITA,480253
7526927,110,111,6996,2006,0.0,255747.0,1.3082129999999998,0.783845,ISR,ITA,480253
7526928,113,111,6996,2006,0.0,98492.0,0.166718,0.331248,JOR,ITA,480253
7526929,114,111,6996,2006,43228.0,136851.0,2.4348099999999997,0.082887,JPN,ITA,480253
7526930,115,111,6996,2006,0.0,21216.0,0.038229,-0.579421,KAZ,ITA,480253
7526931,116,111,6996,2006,0.0,30707.0,-0.38287899999999997,1.060286,KEN,ITA,480253
7526932,117,111,6996,2006,0.0,2720.0,-0.034069,0.136694,KGZ,ITA,480253
7526933,121,111,6996,2006,75562.0,641229.0,1.5384309999999999,0.766628,KOR,ITA,480253
7526934,122,111,6996,2006,0.0,1198.0,-0.589823,-1.142795,KWT,ITA,480253
7526935,124,111,6996,2006,0.0,56881.0,0.3861,1.586183,LBN,ITA,480253
7526936,126,111,6996,2006,0.0,145537.0,-0.518724,-1.142074,LBY,ITA,480253
7526937,128,111,6996,2006,0.0,37571.0,-0.573767,0.305913,LKA,ITA,480253
7526938,130,111,6996,2006,0.0,28446.0,0.44063599999999997,1.163857,LTU,ITA,480253
7526939,131,111,6996,2006,0.0,31573.0,1.4345620000000001,0.8840819999999999,LUX,ITA,480253
7526940,132,111,6996,2006,0.0,127245.0,0.531375,0.9414170000000001,LVA,ITA,480253
7526941,133,111,6996,2006,0.0,14190.0,-0.07118200000000001,-0.228354,MAC,ITA,480253
7526942,134,111,6996,2006,0.0,50790.0,-0.547933,0.08257300000000001,MAR,ITA,480253
7526943,135,111,6996,2006,0.0,20973.0,-0.017707,0.135305,MDA,ITA,480253
7526944,138,111,6996,2006,0.0,89021.0,1.047268,0.7142270000000001,MEX,ITA,480253
7526945,140,111,6996,2006,0.0,47159.0,-0.21336,0.17674700000000002,MKD,ITA,480253
7526946,142,111,6996,2006,0.0,289847.0,1.384411,0.093734,MLT,ITA,480253
7526947,144,111,6996,2006,0.0,23284.0,0.130773,-0.24674699999999997,MNE,ITA,480253
7526948,153,111,6996,2006,0.0,36476.0,0.7896569999999999,0.363625,MYS,ITA,480253
7526949,159,111,6996,2006,0.0,97973.0,-2.094353,-1.215025,NGA,ITA,480253
7526950,162,111,6996,2006,4146391.0,1776077.0,1.192134,1.450852,NLD,ITA,480253
7526951,163,111,6996,2006,0.0,108881.0,1.0787930000000001,0.014051,NOR,ITA,480253
7526952,166,111,6996,2006,0.0,221500.0,0.5371,0.8240209999999999,NZL,ITA,480253
7526953,168,111,6996,2006,0.0,3921.0,-0.449333,0.563013,PAK,ITA,480253
7526954,173,111,6996,2006,0.0,216880.0,-0.551095,0.044295,PER,ITA,480253
7526955,177,111,6996,2006,1577024.0,1567487.0,0.991927,1.474418,POL,ITA,480253
7526956,179,111,6996,2006,246027.0,436774.0,0.5723630000000001,1.92303,PRT,ITA,480253
7526957,183,111,6996,2006,0.0,7817.0,0.055777999999999994,-1.0379049999999999,QAT,ITA,480253
7526958,185,111,6996,2006,0.0,222754.0,0.550825,1.170744,ROU,ITA,480253
7526959,186,111,6996,2006,0.0,798220.0,0.801197,0.104683,RUS,ITA,480253
7526960,188,111,6996,2006,0.0,84358.0,0.162432,-0.853059,SAU,ITA,480253
7526961,191,111,6996,2006,0.0,7069.0,-0.364713,-0.183612,SEN,ITA,480253
7526962,192,111,6996,2006,0.0,191371.0,1.5377379999999998,0.503089,SGP,ITA,480253
7526963,197,111,6996,2006,0.0,55201.0,-0.135312,0.140874,SLV,ITA,480253
7526964,201,111,6996,2006,0.0,298522.0,0.547824,1.5588879999999998,SRB,ITA,480253
7526965,206,111,6996,2006,2021181.0,216099.0,1.291583,0.868317,SVK,ITA,480253
7526966,207,111,6996,2006,15807.0,751534.0,1.5882370000000001,0.800719,SVN,ITA,480253
7526967,208,111,6996,2006,1073958.0,214695.0,1.902737,0.593294,SWE,ITA,480253
7526968,212,111,6996,2006,0.0,67432.0,-0.588695,0.532487,SYR,ITA,480253
7526969,213,111,6996,2006,0.0,210841.0,0.43692700000000007,-0.135696,TCA,ITA,480253
7526970,216,111,6996,2006,2342.0,228046.0,0.568209,1.685343,THA,ITA,480253
7526971,223,111,6996,2006,0.0,4498.0,-0.013636,0.804752,TUN,ITA,480253
7526972,224,111,6996,2006,0.0,413386.0,0.33971599999999996,2.193384,TUR,ITA,480253
7526973,227,111,6996,2006,0.0,1239.0,-0.702511,-0.43976099999999996,UGA,ITA,480253
7526974,228,111,6996,2006,0.0,369582.0,0.7008439999999999,0.79656,UKR,ITA,480253
7526975,230,111,6996,2006,0.0,10110.0,0.234384,0.118878,URY,ITA,480253
7526976,231,111,6996,2006,49679.0,1592738.0,1.666643,-0.121679,USA,ITA,480253
7526977,236,111,6996,2006,0.0,99859.0,-0.340972,-1.015462,VEN,ITA,480253
7526978,246,111,6996,2006,0.0,149190.0,0.37964499999999995,1.466326,ZAF,ITA,480253
7526979,249,111,6996,2006,0.0,313323.0,1.619915,1.2289940000000001,TWN,ITA,480253
7526980,8,112,6996,2006,2721.0,0.0,0.33055,0.665867,ARG,JAM,480253
7526981,32,112,6996,2006,105526.0,0.0,0.633889,1.1474520000000001,BRA,JAM,480253
7526982,39,112,6996,2006,32605.0,0.0,0.865685,1.1480489999999999,CAN,JAM,480253
7526983,61,112,6996,2006,19453.0,0.0,2.132566,-2.773669,DEU,JAM,480253
7526984,103,112,6996,2006,28935.0,0.0,-0.21012399999999998,1.467838,IDN,JAM,480253
7526985,231,112,6996,2006,27575.0,0.0,1.666643,-0.121679,USA,JAM,480253
7526986,9,114,6996,2006,0.0,3634.0,0.14539100000000002,-0.558014,ARM,JPN,480253
7526987,14,114,6996,2006,0.0,67580.0,0.067166,0.373148,AUS,JPN,480253
7526988,15,114,6996,2006,449956.0,5398.0,1.775669,0.192717,AUT,JPN,480253
7526989,22,114,6996,2006,0.0,268398.0,-1.0305309999999999,-0.80937,BGD,JPN,480253
7526990,23,114,6996,2006,0.0,2415.0,0.414563,1.378005,BGR,JPN,480253
7526991,26,114,6996,2006,0.0,89.0,0.40788800000000003,0.562854,BIH,JPN,480253
7526992,32,114,6996,2006,0.0,2065.0,0.633889,1.1474520000000001,BRA,JPN,480253
7526993,34,114,6996,2006,0.0,28267.0,-1.331831,-0.9170940000000001,BRN,JPN,480253
7526994,39,114,6996,2006,0.0,1127974.0,0.865685,1.1480489999999999,CAN,JPN,480253
7526995,43,114,6996,2006,311669.0,4230989.0,0.737888,2.54966,CHN,JPN,480253
7526996,59,114,6996,2006,0.0,3748.0,1.564058,0.6023649999999999,CZE,JPN,480253
7526997,61,114,6996,2006,480392.0,649940.0,2.132566,-2.773669,DEU,JPN,480253
7526998,68,114,6996,2006,0.0,697822.0,-0.182272,0.40222399999999997,EGY,JPN,480253
7526999,71,114,6996,2006,0.0,5388.0,0.9091370000000001,2.068166,ESP,JPN,480253
7527000,72,114,6996,2006,0.0,10226.0,0.6426350000000001,0.925003,EST,JPN,480253
7527001,74,114,6996,2006,122808.0,0.0,1.864038,0.8193940000000001,FIN,JPN,480253
7527002,77,114,6996,2006,834029.0,11552.0,1.47591,0.489466,FRA,JPN,480253
7527003,81,114,6996,2006,461704.0,66918.0,1.824154,0.614424,GBR,JPN,480253
7527004,95,114,6996,2006,0.0,1934.0,0.385261,-0.26928,GUM,JPN,480253
7527005,97,114,6996,2006,25975.0,2396149.0,0.5776319999999999,2.076782,HKG,JPN,480253
7527006,100,114,6996,2006,0.0,576.0,0.755787,0.992614,HRV,JPN,480253
7527007,103,114,6996,2006,11942.0,46547.0,-0.21012399999999998,1.467838,IDN,JPN,480253
7527008,104,114,6996,2006,0.0,543031.0,0.285652,2.731318,IND,JPN,480253
7527009,109,114,6996,2006,0.0,979.0,0.170234,-0.302203,ISL,JPN,480253
7527010,111,114,6996,2006,136851.0,43228.0,1.293779,0.93995,ITA,JPN,480253
7527011,113,114,6996,2006,0.0,11618.0,0.166718,0.331248,JOR,JPN,480253
7527012,121,114,6996,2006,52035.0,5467530.0,1.5384309999999999,0.766628,KOR,JPN,480253
7527013,133,114,6996,2006,0.0,81702.0,-0.07118200000000001,-0.228354,MAC,JPN,480253
7527014,138,114,6996,2006,0.0,1359.0,1.047268,0.7142270000000001,MEX,JPN,480253
7527015,140,114,6996,2006,0.0,243.0,-0.21336,0.17674700000000002,MKD,JPN,480253
7527016,144,114,6996,2006,0.0,209.0,0.130773,-0.24674699999999997,MNE,JPN,480253
7527017,153,114,6996,2006,0.0,480672.0,0.7896569999999999,0.363625,MYS,JPN,480253
7527018,156,114,6996,2006,0.0,2218.0,-0.135099,-0.7618779999999999,NCL,JPN,480253
7527019,162,114,6996,2006,7701.0,6012.0,1.192134,1.450852,NLD,JPN,480253
7527020,163,114,6996,2006,0.0,6825.0,1.0787930000000001,0.014051,NOR,JPN,480253
7527021,166,114,6996,2006,0.0,36402.0,0.5371,0.8240209999999999,NZL,JPN,480253
7527022,168,114,6996,2006,0.0,11511.0,-0.449333,0.563013,PAK,JPN,480253
7527023,174,114,6996,2006,2159.0,160922.0,0.161994,0.036631,PHL,JPN,480253
7527024,182,114,6996,2006,0.0,10702.0,-0.213329,-0.743599,PYF,JPN,480253
7527025,185,114,6996,2006,0.0,25514.0,0.550825,1.170744,ROU,JPN,480253
7527026,186,114,6996,2006,0.0,34607.0,0.801197,0.104683,RUS,JPN,480253
7527027,188,114,6996,2006,0.0,119251.0,0.162432,-0.853059,SAU,JPN,480253
7527028,192,114,6996,2006,44343.0,251978.0,1.5377379999999998,0.503089,SGP,JPN,480253
7527029,207,114,6996,2006,0.0,2304.0,1.5882370000000001,0.800719,SVN,JPN,480253
7527030,208,114,6996,2006,27399.0,0.0,1.902737,0.593294,SWE,JPN,480253
7527031,212,114,6996,2006,0.0,42494.0,-0.588695,0.532487,SYR,JPN,480253
7527032,216,114,6996,2006,244812.0,506801.0,0.568209,1.685343,THA,JPN,480253
7527033,231,114,6996,2006,281363.0,637708.0,1.666643,-0.121679,USA,JPN,480253
7527034,236,114,6996,2006,0.0,40533.0,-0.340972,-1.015462,VEN,JPN,480253
7527035,239,114,6996,2006,0.0,24662.0,-0.342779,1.033318,VNM,JPN,480253
7527036,243,114,6996,2006,0.0,12415.0,-1.0407110000000002,-1.13042,YEM,JPN,480253
7527037,246,114,6996,2006,0.0,88886.0,0.37964499999999995,1.466326,ZAF,JPN,480253
7527038,249,114,6996,2006,0.0,539640.0,1.619915,1.2289940000000001,TWN,JPN,480253
7527039,103,118,6996,2006,7111.0,0.0,-0.21012399999999998,1.467838,IDN,KHM,480253
7527040,153,118,6996,2006,112938.0,0.0,0.7896569999999999,0.363625,MYS,KHM,480253
7527041,216,118,6996,2006,11102.0,0.0,0.568209,1.685343,THA,KHM,480253
7527042,239,118,6996,2006,22851.0,0.0,-0.342779,1.033318,VNM,KHM,480253
7527043,14,121,6996,2006,30787.0,31170.0,0.067166,0.373148,AUS,KOR,480253
7527044,15,121,6996,2006,67450.0,0.0,1.775669,0.192717,AUT,KOR,480253
7527045,18,121,6996,2006,29722.0,0.0,1.2222540000000002,1.383027,BEL,KOR,480253
7527046,39,121,6996,2006,0.0,2274.0,0.865685,1.1480489999999999,CAN,KOR,480253
7527047,43,121,6996,2006,163419.0,337921.0,0.737888,2.54966,CHN,KOR,480253
7527048,49,121,6996,2006,0.0,85131.0,0.129887,0.44371700000000003,COL,KOR,480253
7527049,58,121,6996,2006,0.0,4383.0,0.708267,-0.048096,CYP,KOR,480253
7527050,59,121,6996,2006,0.0,1868.0,1.564058,0.6023649999999999,CZE,KOR,480253
7527051,61,121,6996,2006,26851.0,0.0,2.132566,-2.773669,DEU,KOR,480253
7527052,71,121,6996,2006,0.0,9931.0,0.9091370000000001,2.068166,ESP,KOR,480253
7527053,74,121,6996,2006,18941.0,0.0,1.864038,0.8193940000000001,FIN,KOR,480253
7527054,77,121,6996,2006,1139665.0,0.0,1.47591,0.489466,FRA,KOR,480253
7527055,81,121,6996,2006,615295.0,0.0,1.824154,0.614424,GBR,KOR,480253
7527056,90,121,6996,2006,0.0,35269.0,0.261955,1.488958,GRC,KOR,480253
7527057,93,121,6996,2006,0.0,57316.0,-0.28642199999999995,0.5868439999999999,GTM,KOR,480253
7527058,97,121,6996,2006,16568.0,73761.0,0.5776319999999999,2.076782,HKG,KOR,480253
7527059,102,121,6996,2006,7185.0,0.0,1.4034309999999999,0.835144,HUN,KOR,480253
7527060,103,121,6996,2006,411245.0,14669.0,-0.21012399999999998,1.467838,IDN,KOR,480253
7527061,106,121,6996,2006,0.0,69647.0,1.43804,0.06463200000000001,IRL,KOR,480253
7527062,111,121,6996,2006,641229.0,75562.0,1.293779,0.93995,ITA,KOR,480253
7527063,114,121,6996,2006,5467530.0,52035.0,2.4348099999999997,0.082887,JPN,KOR,480253
7527064,115,121,6996,2006,0.0,7172.0,0.038229,-0.579421,KAZ,KOR,480253
7527065,124,121,6996,2006,0.0,49442.0,0.3861,1.586183,LBN,KOR,480253
7527066,133,121,6996,2006,0.0,19725.0,-0.07118200000000001,-0.228354,MAC,KOR,480253
7527067,138,121,6996,2006,0.0,345964.0,1.047268,0.7142270000000001,MEX,KOR,480253
7527068,145,121,6996,2006,0.0,6298.0,-1.147217,-1.0734709999999998,MNG,KOR,480253
7527069,147,121,6996,2006,0.0,11083.0,-1.0250629999999998,-1.067359,MOZ,KOR,480253
7527070,153,121,6996,2006,0.0,104352.0,0.7896569999999999,0.363625,MYS,KOR,480253
7527071,156,121,6996,2006,0.0,10896.0,-0.135099,-0.7618779999999999,NCL,KOR,480253
7527072,162,121,6996,2006,12192.0,0.0,1.192134,1.450852,NLD,KOR,480253
7527073,166,121,6996,2006,0.0,21813.0,0.5371,0.8240209999999999,NZL,KOR,480253
7527074,174,121,6996,2006,0.0,4659.0,0.161994,0.036631,PHL,KOR,480253
7527075,182,121,6996,2006,0.0,17212.0,-0.213329,-0.743599,PYF,KOR,480253
7527076,186,121,6996,2006,0.0,1137.0,0.801197,0.104683,RUS,KOR,480253
7527077,188,121,6996,2006,0.0,156111.0,0.162432,-0.853059,SAU,KOR,480253
7527078,192,121,6996,2006,5929.0,64774.0,1.5377379999999998,0.503089,SGP,KOR,480253
7527079,197,121,6996,2006,0.0,6760.0,-0.135312,0.140874,SLV,KOR,480253
7527080,208,121,6996,2006,15600.0,0.0,1.902737,0.593294,SWE,KOR,480253
7527081,216,121,6996,2006,1086551.0,5594.0,0.568209,1.685343,THA,KOR,480253
7527082,231,121,6996,2006,1543003.0,3153.0,1.666643,-0.121679,USA,KOR,480253
7527083,239,121,6996,2006,0.0,98527.0,-0.342779,1.033318,VNM,KOR,480253
7527084,243,121,6996,2006,0.0,26858.0,-1.0407110000000002,-1.13042,YEM,KOR,480253
7527085,249,121,6996,2006,28870.0,72223.0,1.619915,1.2289940000000001,TWN,KOR,480253
7527086,7,128,6996,2006,11884.0,0.0,0.053903999999999994,-0.735124,ARE,LKA,480253
7527087,39,128,6996,2006,51253.0,0.0,0.865685,1.1480489999999999,CAN,LKA,480253
7527088,43,128,6996,2006,4004.0,0.0,0.737888,2.54966,CHN,LKA,480253
7527089,61,128,6996,2006,8550.0,0.0,2.132566,-2.773669,DEU,LKA,480253
7527090,71,128,6996,2006,2083.0,0.0,0.9091370000000001,2.068166,ESP,LKA,480253
7527091,77,128,6996,2006,341601.0,0.0,1.47591,0.489466,FRA,LKA,480253
7527092,81,128,6996,2006,20758.0,0.0,1.824154,0.614424,GBR,LKA,480253
7527093,97,128,6996,2006,3214.0,0.0,0.5776319999999999,2.076782,HKG,LKA,480253
7527094,103,128,6996,2006,100399.0,0.0,-0.21012399999999998,1.467838,IDN,LKA,480253
7527095,104,128,6996,2006,288716.0,0.0,0.285652,2.731318,IND,LKA,480253
7527096,111,128,6996,2006,37571.0,0.0,1.293779,0.93995,ITA,LKA,480253
7527097,137,128,6996,2006,0.0,29969.0,-0.240191,-0.8320290000000001,MDV,LKA,480253
7527098,153,128,6996,2006,1800.0,0.0,0.7896569999999999,0.363625,MYS,LKA,480253
7527099,162,128,6996,2006,1862.0,0.0,1.192134,1.450852,NLD,LKA,480253
7527100,192,128,6996,2006,63614.0,0.0,1.5377379999999998,0.503089,SGP,LKA,480253
7527101,231,128,6996,2006,19266.0,0.0,1.666643,-0.121679,USA,LKA,480253
7527102,8,138,6996,2006,253546.0,0.0,0.33055,0.665867,ARG,MEX,480253
7527103,18,138,6996,2006,1918454.0,0.0,1.2222540000000002,1.383027,BEL,MEX,480253
7527104,32,138,6996,2006,232882.0,39726.0,0.633889,1.1474520000000001,BRA,MEX,480253
7527105,39,138,6996,2006,19902.0,0.0,0.865685,1.1480489999999999,CAN,MEX,480253
7527106,41,138,6996,2006,347906.0,0.0,2.052534,0.515523,CHE,MEX,480253
7527107,43,138,6996,2006,14542.0,0.0,0.737888,2.54966,CHN,MEX,480253
7527108,49,138,6996,2006,0.0,18703.0,0.129887,0.44371700000000003,COL,MEX,480253
7527109,52,138,6996,2006,0.0,6219.0,0.042663,-0.376672,CRI,MEX,480253
7527110,61,138,6996,2006,235349.0,197880.0,2.132566,-2.773669,DEU,MEX,480253
7527111,63,138,6996,2006,0.0,18475.0,0.10759400000000001,-0.159215,DMA,MEX,480253
7527112,65,138,6996,2006,0.0,1603.0,-0.24073699999999998,0.049093,DOM,MEX,480253
7527113,67,138,6996,2006,0.0,42423.0,-0.878583,-0.9462010000000001,ECU,MEX,480253
7527114,71,138,6996,2006,592237.0,0.0,0.9091370000000001,2.068166,ESP,MEX,480253
7527115,77,138,6996,2006,277094.0,0.0,1.47591,0.489466,FRA,MEX,480253
7527116,81,138,6996,2006,12845.0,0.0,1.824154,0.614424,GBR,MEX,480253
7527117,93,138,6996,2006,0.0,33700.0,-0.28642199999999995,0.5868439999999999,GTM,MEX,480253
7527118,99,138,6996,2006,0.0,105274.0,-0.672074,-0.472138,HND,MEX,480253
7527119,103,138,6996,2006,44981.0,0.0,-0.21012399999999998,1.467838,IDN,MEX,480253
7527120,111,138,6996,2006,89021.0,0.0,1.293779,0.93995,ITA,MEX,480253
7527121,114,138,6996,2006,1359.0,0.0,2.4348099999999997,0.082887,JPN,MEX,480253
7527122,121,138,6996,2006,345964.0,0.0,1.5384309999999999,0.766628,KOR,MEX,480253
7527123,153,138,6996,2006,2684.0,0.0,0.7896569999999999,0.363625,MYS,MEX,480253
7527124,160,138,6996,2006,0.0,52637.0,-0.998825,-0.893867,NIC,MEX,480253
7527125,162,138,6996,2006,1104843.0,0.0,1.192134,1.450852,NLD,MEX,480253
7527126,169,138,6996,2006,0.0,12075.0,0.306664,0.638533,PAN,MEX,480253
7527127,197,138,6996,2006,0.0,115630.0,-0.135312,0.140874,SLV,MEX,480253
7527128,208,138,6996,2006,76805.0,0.0,1.902737,0.593294,SWE,MEX,480253
7527129,231,138,6996,2006,36074600.0,19260.0,1.666643,-0.121679,USA,MEX,480253
7527130,236,138,6996,2006,0.0,61156.0,-0.340972,-1.015462,VEN,MEX,480253
7527131,9,153,6996,2006,0.0,331.0,0.14539100000000002,-0.558014,ARM,MYS,480253
7527132,14,153,6996,2006,16757.0,3335.0,0.067166,0.373148,AUS,MYS,480253
7527133,18,153,6996,2006,28739.0,0.0,1.2222540000000002,1.383027,BEL,MYS,480253
7527134,19,153,6996,2006,0.0,14545.0,-0.8434360000000001,-0.798307,BEN,MYS,480253
7527135,32,153,6996,2006,3393.0,0.0,0.633889,1.1474520000000001,BRA,MYS,480253
7527136,34,153,6996,2006,0.0,1387.0,-1.331831,-0.9170940000000001,BRN,MYS,480253
7527137,39,153,6996,2006,32593.0,0.0,0.865685,1.1480489999999999,CAN,MYS,480253
7527138,41,153,6996,2006,0.0,1439.0,2.052534,0.515523,CHE,MYS,480253
7527139,43,153,6996,2006,260290.0,111982.0,0.737888,2.54966,CHN,MYS,480253
7527140,61,153,6996,2006,35606.0,15837.0,2.132566,-2.773669,DEU,MYS,480253
7527141,64,153,6996,2006,5691.0,0.0,1.2308700000000001,1.180914,DNK,MYS,480253
7527142,71,153,6996,2006,58970.0,0.0,0.9091370000000001,2.068166,ESP,MYS,480253
7527143,77,153,6996,2006,455248.0,0.0,1.47591,0.489466,FRA,MYS,480253
7527144,81,153,6996,2006,500332.0,76306.0,1.824154,0.614424,GBR,MYS,480253
7527145,97,153,6996,2006,13027.0,25667.0,0.5776319999999999,2.076782,HKG,MYS,480253
7527146,103,153,6996,2006,2055334.0,22517.0,-0.21012399999999998,1.467838,IDN,MYS,480253
7527147,104,153,6996,2006,113216.0,26383.0,0.285652,2.731318,IND,MYS,480253
7527148,111,153,6996,2006,36476.0,0.0,1.293779,0.93995,ITA,MYS,480253
7527149,114,153,6996,2006,480672.0,0.0,2.4348099999999997,0.082887,JPN,MYS,480253
7527150,118,153,6996,2006,0.0,112938.0,-1.323365,-1.185827,KHM,MYS,480253
7527151,121,153,6996,2006,104352.0,0.0,1.5384309999999999,0.766628,KOR,MYS,480253
7527152,128,153,6996,2006,0.0,1800.0,-0.573767,0.305913,LKA,MYS,480253
7527153,138,153,6996,2006,0.0,2684.0,1.047268,0.7142270000000001,MEX,MYS,480253
7527154,151,153,6996,2006,0.0,8692.0,-0.311109,-0.07267,MUS,MYS,480253
7527155,162,153,6996,2006,176727.0,0.0,1.192134,1.450852,NLD,MYS,480253
7527156,174,153,6996,2006,0.0,447403.0,0.161994,0.036631,PHL,MYS,480253
7527157,192,153,6996,2006,146146.0,21344.0,1.5377379999999998,0.503089,SGP,MYS,480253
7527158,208,153,6996,2006,111112.0,0.0,1.902737,0.593294,SWE,MYS,480253
7527159,216,153,6996,2006,49754.0,9644.0,0.568209,1.685343,THA,MYS,480253
7527160,231,153,6996,2006,563856.0,2281.0,1.666643,-0.121679,USA,MYS,480253
7527161,239,153,6996,2006,0.0,37322.0,-0.342779,1.033318,VNM,MYS,480253
7527162,246,153,6996,2006,52613.0,3311.0,0.37964499999999995,1.466326,ZAF,MYS,480253
7527163,249,153,6996,2006,96720.0,13419.0,1.619915,1.2289940000000001,TWN,MYS,480253
7527164,250,153,6996,2006,6146.0,0.0,0.711619,-0.41880200000000006,ANS,MYS,480253
7527165,8,160,6996,2006,12547.0,0.0,0.33055,0.665867,ARG,NIC,480253
7527166,15,160,6996,2006,35894.0,0.0,1.775669,0.192717,AUT,NIC,480253
7527167,18,160,6996,2006,4147.0,0.0,1.2222540000000002,1.383027,BEL,NIC,480253
7527168,32,160,6996,2006,97143.0,0.0,0.633889,1.1474520000000001,BRA,NIC,480253
7527169,42,160,6996,2006,136832.0,0.0,-0.188298,-0.46778000000000003,CHL,NIC,480253
7527170,43,160,6996,2006,33807.0,0.0,0.737888,2.54966,CHN,NIC,480253
7527171,52,160,6996,2006,47680.0,0.0,0.042663,-0.376672,CRI,NIC,480253
7527172,61,160,6996,2006,1594.0,0.0,2.132566,-2.773669,DEU,NIC,480253
7527173,71,160,6996,2006,19583.0,0.0,0.9091370000000001,2.068166,ESP,NIC,480253
7527174,77,160,6996,2006,1014.0,0.0,1.47591,0.489466,FRA,NIC,480253
7527175,103,160,6996,2006,13822.0,0.0,-0.21012399999999998,1.467838,IDN,NIC,480253
7527176,138,160,6996,2006,52637.0,0.0,1.047268,0.7142270000000001,MEX,NIC,480253
7527177,162,160,6996,2006,1924.0,0.0,1.192134,1.450852,NLD,NIC,480253
7527178,169,160,6996,2006,0.0,7381.0,0.306664,0.638533,PAN,NIC,480253
7527179,173,160,6996,2006,22392.0,0.0,-0.551095,0.044295,PER,NIC,480253
7527180,192,160,6996,2006,12711.0,0.0,1.5377379999999998,0.503089,SGP,NIC,480253
7527181,197,160,6996,2006,9009.0,0.0,-0.135312,0.140874,SLV,NIC,480253
7527182,208,160,6996,2006,9866.0,0.0,1.902737,0.593294,SWE,NIC,480253
7527183,231,160,6996,2006,726834.0,0.0,1.666643,-0.121679,USA,NIC,480253
7527184,7,162,6996,2006,0.0,3708.0,0.053903999999999994,-0.735124,ARE,NLD,480253
7527185,8,162,6996,2006,0.0,8281.0,0.33055,0.665867,ARG,NLD,480253
7527186,14,162,6996,2006,4904.0,503720.0,0.067166,0.373148,AUS,NLD,480253
7527187,15,162,6996,2006,7260798.0,709043.0,1.775669,0.192717,AUT,NLD,480253
7527188,18,162,6996,2006,13371596.0,2037099.0,1.2222540000000002,1.383027,BEL,NLD,480253
7527189,23,162,6996,2006,0.0,25606.0,0.414563,1.378005,BGR,NLD,480253
7527190,24,162,6996,2006,0.0,9325.0,0.172724,-0.9449879999999999,BHR,NLD,480253
7527191,28,162,6996,2006,0.0,1179.0,0.919853,0.384409,BLR,NLD,480253
7527192,32,162,6996,2006,0.0,166761.0,0.633889,1.1474520000000001,BRA,NLD,480253
7527193,33,162,6996,2006,1059.0,35091.0,0.977267,0.6046560000000001,BRB,NLD,480253
7527194,38,162,6996,2006,0.0,1248.0,-0.768791,-0.822677,CAF,NLD,480253
7527195,39,162,6996,2006,0.0,8004.0,0.865685,1.1480489999999999,CAN,NLD,480253
7527196,41,162,6996,2006,139496.0,331197.0,2.052534,0.515523,CHE,NLD,480253
7527197,42,162,6996,2006,0.0,27467.0,-0.188298,-0.46778000000000003,CHL,NLD,480253
7527198,43,162,6996,2006,1246.0,186860.0,0.737888,2.54966,CHN,NLD,480253
7527199,45,162,6996,2006,0.0,9788.0,-1.358873,-1.1511360000000002,CMR,NLD,480253
7527200,46,162,6996,2006,0.0,1256.0,-1.542137,-1.086494,COD,NLD,480253
7527201,47,162,6996,2006,0.0,5025.0,-1.9903240000000002,-1.189925,COG,NLD,480253
7527202,49,162,6996,2006,0.0,32107.0,0.129887,0.44371700000000003,COL,NLD,480253
7527203,58,162,6996,2006,0.0,33817.0,0.708267,-0.048096,CYP,NLD,480253
7527204,59,162,6996,2006,14641.0,81604.0,1.564058,0.6023649999999999,CZE,NLD,480253
7527205,61,162,6996,2006,7225020.0,11731313.0,2.132566,-2.773669,DEU,NLD,480253
7527206,64,162,6996,2006,350768.0,1955302.0,1.2308700000000001,1.180914,DNK,NLD,480253
7527207,68,162,6996,2006,0.0,24251.0,-0.182272,0.40222399999999997,EGY,NLD,480253
7527208,71,162,6996,2006,285398.0,1006764.0,0.9091370000000001,2.068166,ESP,NLD,480253
7527209,72,162,6996,2006,9282.0,13593.0,0.6426350000000001,0.925003,EST,NLD,480253
7527210,74,162,6996,2006,305846.0,1013069.0,1.864038,0.8193940000000001,FIN,NLD,480253
7527211,77,162,6996,2006,7728672.0,6128268.0,1.47591,0.489466,FRA,NLD,480253
7527212,78,162,6996,2006,0.0,9180.0,-0.117631,-0.69352,FRO,NLD,480253
7527213,80,162,6996,2006,0.0,12685.0,-1.6696819999999999,-1.173322,GAB,NLD,480253
7527214,81,162,6996,2006,3983966.0,5755032.0,1.824154,0.614424,GBR,NLD,480253
7527215,82,162,6996,2006,0.0,1189.0,0.076711,-0.47216099999999994,GEO,NLD,480253
7527216,83,162,6996,2006,0.0,3197.0,-0.9934860000000001,-0.809318,GHA,NLD,480253
7527217,90,162,6996,2006,10880.0,317469.0,0.261955,1.488958,GRC,NLD,480253
7527218,97,162,6996,2006,0.0,169887.0,0.5776319999999999,2.076782,HKG,NLD,480253
7527219,100,162,6996,2006,0.0,8458.0,0.755787,0.992614,HRV,NLD,480253
7527220,102,162,6996,2006,0.0,88004.0,1.4034309999999999,0.835144,HUN,NLD,480253
7527221,103,162,6996,2006,122328.0,64959.0,-0.21012399999999998,1.467838,IDN,NLD,480253
7527222,104,162,6996,2006,0.0,55136.0,0.285652,2.731318,IND,NLD,480253
7527223,106,162,6996,2006,0.0,303093.0,1.43804,0.06463200000000001,IRL,NLD,480253
7527224,107,162,6996,2006,0.0,115725.0,-0.391023,-0.767861,IRN,NLD,480253
7527225,109,162,6996,2006,0.0,8392.0,0.170234,-0.302203,ISL,NLD,480253
7527226,110,162,6996,2006,0.0,72452.0,1.3082129999999998,0.783845,ISR,NLD,480253
7527227,111,162,6996,2006,1776077.0,4146391.0,1.293779,0.93995,ITA,NLD,480253
7527228,113,162,6996,2006,0.0,17696.0,0.166718,0.331248,JOR,NLD,480253
7527229,114,162,6996,2006,6012.0,7701.0,2.4348099999999997,0.082887,JPN,NLD,480253
7527230,115,162,6996,2006,0.0,2380.0,0.038229,-0.579421,KAZ,NLD,480253
7527231,116,162,6996,2006,0.0,4323.0,-0.38287899999999997,1.060286,KEN,NLD,480253
7527232,121,162,6996,2006,0.0,12192.0,1.5384309999999999,0.766628,KOR,NLD,480253
7527233,122,162,6996,2006,0.0,3430.0,-0.589823,-1.142795,KWT,NLD,480253
7527234,124,162,6996,2006,0.0,14140.0,0.3861,1.586183,LBN,NLD,480253
7527235,128,162,6996,2006,0.0,1862.0,-0.573767,0.305913,LKA,NLD,480253
7527236,130,162,6996,2006,0.0,2572.0,0.44063599999999997,1.163857,LTU,NLD,480253
7527237,131,162,6996,2006,0.0,133167.0,1.4345620000000001,0.8840819999999999,LUX,NLD,480253
7527238,132,162,6996,2006,0.0,7624.0,0.531375,0.9414170000000001,LVA,NLD,480253
7527239,133,162,6996,2006,0.0,1017.0,-0.07118200000000001,-0.228354,MAC,NLD,480253
7527240,134,162,6996,2006,0.0,12236.0,-0.547933,0.08257300000000001,MAR,NLD,480253
7527241,138,162,6996,2006,0.0,1104843.0,1.047268,0.7142270000000001,MEX,NLD,480253
7527242,142,162,6996,2006,0.0,2467.0,1.384411,0.093734,MLT,NLD,480253
7527243,144,162,6996,2006,0.0,39113.0,0.130773,-0.24674699999999997,MNE,NLD,480253
7527244,151,162,6996,2006,0.0,3584.0,-0.311109,-0.07267,MUS,NLD,480253
7527245,153,162,6996,2006,0.0,176727.0,0.7896569999999999,0.363625,MYS,NLD,480253
7527246,156,162,6996,2006,0.0,5940.0,-0.135099,-0.7618779999999999,NCL,NLD,480253
7527247,159,162,6996,2006,0.0,29109.0,-2.094353,-1.215025,NGA,NLD,480253
7527248,160,162,6996,2006,0.0,1924.0,-0.998825,-0.893867,NIC,NLD,480253
7527249,163,162,6996,2006,4444.0,243927.0,1.0787930000000001,0.014051,NOR,NLD,480253
7527250,166,162,6996,2006,0.0,80607.0,0.5371,0.8240209999999999,NZL,NLD,480253
7527251,168,162,6996,2006,0.0,24758.0,-0.449333,0.563013,PAK,NLD,480253
7527252,173,162,6996,2006,0.0,70400.0,-0.551095,0.044295,PER,NLD,480253
7527253,177,162,6996,2006,74706.0,619138.0,0.991927,1.474418,POL,NLD,480253
7527254,179,162,6996,2006,917901.0,287487.0,0.5723630000000001,1.92303,PRT,NLD,480253
7527255,182,162,6996,2006,0.0,3647.0,-0.213329,-0.743599,PYF,NLD,480253
7527256,185,162,6996,2006,0.0,61586.0,0.550825,1.170744,ROU,NLD,480253
7527257,186,162,6996,2006,0.0,227180.0,0.801197,0.104683,RUS,NLD,480253
7527258,188,162,6996,2006,0.0,70519.0,0.162432,-0.853059,SAU,NLD,480253
7527259,192,162,6996,2006,0.0,57366.0,1.5377379999999998,0.503089,SGP,NLD,480253
7527260,201,162,6996,2006,0.0,6242.0,0.547824,1.5588879999999998,SRB,NLD,480253
7527261,205,162,6996,2006,0.0,4528.0,-0.754046,-0.872361,SUR,NLD,480253
7527262,206,162,6996,2006,777427.0,78994.0,1.291583,0.868317,SVK,NLD,480253
7527263,207,162,6996,2006,7886.0,5765.0,1.5882370000000001,0.800719,SVN,NLD,480253
7527264,208,162,6996,2006,2238808.0,2082197.0,1.902737,0.593294,SWE,NLD,480253
7527265,216,162,6996,2006,724468.0,16358.0,0.568209,1.685343,THA,NLD,480253
7527266,223,162,6996,2006,0.0,29327.0,-0.013636,0.804752,TUN,NLD,480253
7527267,224,162,6996,2006,0.0,373046.0,0.33971599999999996,2.193384,TUR,NLD,480253
7527268,226,162,6996,2006,0.0,14279.0,-0.953097,0.159129,TZA,NLD,480253
7527269,227,162,6996,2006,0.0,22211.0,-0.702511,-0.43976099999999996,UGA,NLD,480253
7527270,228,162,6996,2006,0.0,11947.0,0.7008439999999999,0.79656,UKR,NLD,480253
7527271,231,162,6996,2006,54797.0,440778.0,1.666643,-0.121679,USA,NLD,480253
7527272,232,162,6996,2006,0.0,1256.0,-0.457759,-0.784626,UZB,NLD,480253
7527273,236,162,6996,2006,0.0,3551.0,-0.340972,-1.015462,VEN,NLD,480253
7527274,246,162,6996,2006,0.0,63787.0,0.37964499999999995,1.466326,ZAF,NLD,480253
7527275,248,162,6996,2006,0.0,1033.0,-0.41825500000000004,-0.55313,ZWE,NLD,480253
7527276,249,162,6996,2006,0.0,3526.0,1.619915,1.2289940000000001,TWN,NLD,480253
7527277,10,166,6996,2006,0.0,3246.0,0.766232,-0.35907,ASM,NZL,480253
7527278,14,166,6996,2006,247759.0,264954.0,0.067166,0.373148,AUS,NZL,480253
7527279,15,166,6996,2006,702919.0,0.0,1.775669,0.192717,AUT,NZL,480253
7527280,18,166,6996,2006,61208.0,0.0,1.2222540000000002,1.383027,BEL,NZL,480253
7527281,23,166,6996,2006,582.0,0.0,0.414563,1.378005,BGR,NZL,480253
7527282,32,166,6996,2006,45531.0,0.0,0.633889,1.1474520000000001,BRA,NZL,480253
7527283,43,166,6996,2006,108244.0,1946.0,0.737888,2.54966,CHN,NZL,480253
7527284,48,166,6996,2006,0.0,7660.0,0.564179,-0.296135,COK,NZL,480253
7527285,61,166,6996,2006,318552.0,0.0,2.132566,-2.773669,DEU,NZL,480253
7527286,64,166,6996,2006,4388.0,0.0,1.2308700000000001,1.180914,DNK,NZL,480253
7527287,71,166,6996,2006,17213.0,0.0,0.9091370000000001,2.068166,ESP,NZL,480253
7527288,75,166,6996,2006,0.0,69711.0,-0.6554949999999999,-0.098284,FJI,NZL,480253
7527289,77,166,6996,2006,86794.0,0.0,1.47591,0.489466,FRA,NZL,480253
7527290,81,166,6996,2006,259226.0,0.0,1.824154,0.614424,GBR,NZL,480253
7527291,103,166,6996,2006,301819.0,17159.0,-0.21012399999999998,1.467838,IDN,NZL,480253
7527292,111,166,6996,2006,221500.0,0.0,1.293779,0.93995,ITA,NZL,480253
7527293,114,166,6996,2006,36402.0,0.0,2.4348099999999997,0.082887,JPN,NZL,480253
7527294,119,166,6996,2006,0.0,2179.0,0.218218,-0.669244,KIR,NZL,480253
7527295,121,166,6996,2006,21813.0,0.0,1.5384309999999999,0.766628,KOR,NZL,480253
7527296,156,166,6996,2006,0.0,56879.0,-0.135099,-0.7618779999999999,NCL,NZL,480253
7527297,158,166,6996,2006,0.0,4434.0,1.120544,-0.538618,NFK,NZL,480253
7527298,162,166,6996,2006,80607.0,0.0,1.192134,1.450852,NLD,NZL,480253
7527299,176,166,6996,2006,0.0,31358.0,-1.89409,-1.234731,PNG,NZL,480253
7527300,179,166,6996,2006,11923.0,0.0,0.5723630000000001,1.92303,PRT,NZL,480253
7527301,182,166,6996,2006,0.0,91119.0,-0.213329,-0.743599,PYF,NZL,480253
7527302,195,166,6996,2006,0.0,8078.0,-1.501072,-0.964304,SLB,NZL,480253
7527303,208,166,6996,2006,260949.0,0.0,1.902737,0.593294,SWE,NZL,480253
7527304,216,166,6996,2006,17089.0,0.0,0.568209,1.685343,THA,NZL,480253
7527305,231,166,6996,2006,47778.0,0.0,1.666643,-0.121679,USA,NZL,480253
7527306,240,166,6996,2006,0.0,4901.0,-1.166741,-0.927552,VUT,NZL,480253
7527307,242,166,6996,2006,0.0,21217.0,0.299266,-0.477783,WSM,NZL,480253
7527308,246,166,6996,2006,28643.0,0.0,0.37964499999999995,1.466326,ZAF,NZL,480253
7527309,7,168,6996,2006,22176.0,6753.0,0.053903999999999994,-0.735124,ARE,PAK,480253
7527310,18,168,6996,2006,43889.0,0.0,1.2222540000000002,1.383027,BEL,PAK,480253
7527311,32,168,6996,2006,36749.0,0.0,0.633889,1.1474520000000001,BRA,PAK,480253
7527312,39,168,6996,2006,52778.0,2604.0,0.865685,1.1480489999999999,CAN,PAK,480253
7527313,43,168,6996,2006,34124.0,0.0,0.737888,2.54966,CHN,PAK,480253
7527314,61,168,6996,2006,5700.0,0.0,2.132566,-2.773669,DEU,PAK,480253
7527315,71,168,6996,2006,28968.0,0.0,0.9091370000000001,2.068166,ESP,PAK,480253
7527316,77,168,6996,2006,26895.0,0.0,1.47591,0.489466,FRA,PAK,480253
7527317,81,168,6996,2006,87225.0,1973.0,1.824154,0.614424,GBR,PAK,480253
7527318,103,168,6996,2006,679900.0,0.0,-0.21012399999999998,1.467838,IDN,PAK,480253
7527319,111,168,6996,2006,3921.0,0.0,1.293779,0.93995,ITA,PAK,480253
7527320,113,168,6996,2006,0.0,1416.0,0.166718,0.331248,JOR,PAK,480253
7527321,114,168,6996,2006,11511.0,0.0,2.4348099999999997,0.082887,JPN,PAK,480253
7527322,162,168,6996,2006,24758.0,0.0,1.192134,1.450852,NLD,PAK,480253
7527323,188,168,6996,2006,13315.0,0.0,0.162432,-0.853059,SAU,PAK,480253
7527324,208,168,6996,2006,7533.0,0.0,1.902737,0.593294,SWE,PAK,480253
7527325,216,168,6996,2006,22033.0,0.0,0.568209,1.685343,THA,PAK,480253
7527326,224,168,6996,2006,0.0,25008.0,0.33971599999999996,2.193384,TUR,PAK,480253
7527327,231,168,6996,2006,19736.0,0.0,1.666643,-0.121679,USA,PAK,480253
7527328,250,168,6996,2006,33432.0,0.0,0.711619,-0.41880200000000006,ANS,PAK,480253
7527329,18,169,6996,2006,5621.0,0.0,1.2222540000000002,1.383027,BEL,PAN,480253
7527330,32,169,6996,2006,99047.0,0.0,0.633889,1.1474520000000001,BRA,PAN,480253
7527331,33,169,6996,2006,0.0,1500.0,0.977267,0.6046560000000001,BRB,PAN,480253
7527332,41,169,6996,2006,14483.0,0.0,2.052534,0.515523,CHE,PAN,480253
7527333,42,169,6996,2006,90632.0,0.0,-0.188298,-0.46778000000000003,CHL,PAN,480253
7527334,43,169,6996,2006,17026.0,0.0,0.737888,2.54966,CHN,PAN,480253
7527335,49,169,6996,2006,72361.0,0.0,0.129887,0.44371700000000003,COL,PAN,480253
7527336,61,169,6996,2006,15914.0,0.0,2.132566,-2.773669,DEU,PAN,480253
7527337,71,169,6996,2006,13749.0,0.0,0.9091370000000001,2.068166,ESP,PAN,480253
7527338,77,169,6996,2006,14915.0,0.0,1.47591,0.489466,FRA,PAN,480253
7527339,93,169,6996,2006,0.0,6249.0,-0.28642199999999995,0.5868439999999999,GTM,PAN,480253
7527340,103,169,6996,2006,21282.0,0.0,-0.21012399999999998,1.467838,IDN,PAN,480253
7527341,104,169,6996,2006,5013.0,0.0,0.285652,2.731318,IND,PAN,480253
7527342,138,169,6996,2006,12075.0,0.0,1.047268,0.7142270000000001,MEX,PAN,480253
7527343,160,169,6996,2006,7381.0,0.0,-0.998825,-0.893867,NIC,PAN,480253
7527344,208,169,6996,2006,84380.0,0.0,1.902737,0.593294,SWE,PAN,480253
7527345,231,169,6996,2006,75957.0,0.0,1.666643,-0.121679,USA,PAN,480253
7527346,236,169,6996,2006,0.0,1666.0,-0.340972,-1.015462,VEN,PAN,480253
7527347,8,173,6996,2006,121056.0,0.0,0.33055,0.665867,ARG,PER,480253
7527348,18,173,6996,2006,186243.0,2389.0,1.2222540000000002,1.383027,BEL,PER,480253
7527349,32,173,6996,2006,309098.0,0.0,0.633889,1.1474520000000001,BRA,PER,480253
7527350,39,173,6996,2006,5074.0,0.0,0.865685,1.1480489999999999,CAN,PER,480253
7527351,41,173,6996,2006,5599.0,0.0,2.052534,0.515523,CHE,PER,480253
7527352,42,173,6996,2006,3393.0,0.0,-0.188298,-0.46778000000000003,CHL,PER,480253
7527353,43,173,6996,2006,32040.0,0.0,0.737888,2.54966,CHN,PER,480253
7527354,49,173,6996,2006,401949.0,0.0,0.129887,0.44371700000000003,COL,PER,480253
7527355,61,173,6996,2006,28018.0,0.0,2.132566,-2.773669,DEU,PER,480253
7527356,71,173,6996,2006,55999.0,0.0,0.9091370000000001,2.068166,ESP,PER,480253
7527357,77,173,6996,2006,140249.0,0.0,1.47591,0.489466,FRA,PER,480253
7527358,103,173,6996,2006,107353.0,0.0,-0.21012399999999998,1.467838,IDN,PER,480253
7527359,111,173,6996,2006,216880.0,0.0,1.293779,0.93995,ITA,PER,480253
7527360,160,173,6996,2006,0.0,22392.0,-0.998825,-0.893867,NIC,PER,480253
7527361,162,173,6996,2006,70400.0,0.0,1.192134,1.450852,NLD,PER,480253
7527362,179,173,6996,2006,45402.0,0.0,0.5723630000000001,1.92303,PRT,PER,480253
7527363,231,173,6996,2006,19516.0,0.0,1.666643,-0.121679,USA,PER,480253
7527364,14,174,6996,2006,15916.0,0.0,0.067166,0.373148,AUS,PHL,480253
7527365,15,174,6996,2006,22624.0,0.0,1.775669,0.192717,AUT,PHL,480253
7527366,18,174,6996,2006,15914.0,0.0,1.2222540000000002,1.383027,BEL,PHL,480253
7527367,32,174,6996,2006,70820.0,0.0,0.633889,1.1474520000000001,BRA,PHL,480253
7527368,39,174,6996,2006,93484.0,0.0,0.865685,1.1480489999999999,CAN,PHL,480253
7527369,43,174,6996,2006,51079.0,0.0,0.737888,2.54966,CHN,PHL,480253
7527370,61,174,6996,2006,53080.0,0.0,2.132566,-2.773669,DEU,PHL,480253
7527371,71,174,6996,2006,29329.0,0.0,0.9091370000000001,2.068166,ESP,PHL,480253
7527372,77,174,6996,2006,33376.0,0.0,1.47591,0.489466,FRA,PHL,480253
7527373,81,174,6996,2006,51573.0,0.0,1.824154,0.614424,GBR,PHL,480253
7527374,97,174,6996,2006,56304.0,0.0,0.5776319999999999,2.076782,HKG,PHL,480253
7527375,103,174,6996,2006,1023694.0,0.0,-0.21012399999999998,1.467838,IDN,PHL,480253
7527376,104,174,6996,2006,3083.0,0.0,0.285652,2.731318,IND,PHL,480253
7527377,114,174,6996,2006,160922.0,2159.0,2.4348099999999997,0.082887,JPN,PHL,480253
7527378,121,174,6996,2006,4659.0,0.0,1.5384309999999999,0.766628,KOR,PHL,480253
7527379,153,174,6996,2006,447403.0,0.0,0.7896569999999999,0.363625,MYS,PHL,480253
7527380,175,174,6996,2006,0.0,2863.0,-0.6016520000000001,-0.849938,PLW,PHL,480253
7527381,192,174,6996,2006,611023.0,0.0,1.5377379999999998,0.503089,SGP,PHL,480253
7527382,208,174,6996,2006,49218.0,0.0,1.902737,0.593294,SWE,PHL,480253
7527383,216,174,6996,2006,8875.0,0.0,0.568209,1.685343,THA,PHL,480253
7527384,231,174,6996,2006,94489.0,0.0,1.666643,-0.121679,USA,PHL,480253
7527385,239,174,6996,2006,9122.0,0.0,-0.342779,1.033318,VNM,PHL,480253
7527386,246,174,6996,2006,21940.0,0.0,0.37964499999999995,1.466326,ZAF,PHL,480253
7527387,249,174,6996,2006,91659.0,0.0,1.619915,1.2289940000000001,TWN,PHL,480253
7527388,15,177,6996,2006,922708.0,53399.0,1.775669,0.192717,AUT,POL,480253
7527389,18,177,6996,2006,121548.0,50810.0,1.2222540000000002,1.383027,BEL,POL,480253
7527390,23,177,6996,2006,0.0,7328.0,0.414563,1.378005,BGR,POL,480253
7527391,26,177,6996,2006,0.0,18184.0,0.40788800000000003,0.562854,BIH,POL,480253
7527392,28,177,6996,2006,2048.0,135330.0,0.919853,0.384409,BLR,POL,480253
7527393,41,177,6996,2006,10329.0,254343.0,2.052534,0.515523,CHE,POL,480253
7527394,43,177,6996,2006,50470.0,0.0,0.737888,2.54966,CHN,POL,480253
7527395,44,177,6996,2006,0.0,9025.0,-0.8918530000000001,-0.8145819999999999,CIV,POL,480253
7527396,59,177,6996,2006,380393.0,162506.0,1.564058,0.6023649999999999,CZE,POL,480253
7527397,61,177,6996,2006,4930887.0,483713.0,2.132566,-2.773669,DEU,POL,480253
7527398,64,177,6996,2006,2054.0,5777.0,1.2308700000000001,1.180914,DNK,POL,480253
7527399,71,177,6996,2006,315271.0,219982.0,0.9091370000000001,2.068166,ESP,POL,480253
7527400,72,177,6996,2006,0.0,25010.0,0.6426350000000001,0.925003,EST,POL,480253
7527401,74,177,6996,2006,91645.0,16132.0,1.864038,0.8193940000000001,FIN,POL,480253
7527402,77,177,6996,2006,1468295.0,306272.0,1.47591,0.489466,FRA,POL,480253
7527403,81,177,6996,2006,796316.0,25579.0,1.824154,0.614424,GBR,POL,480253
7527404,97,177,6996,2006,20047.0,0.0,0.5776319999999999,2.076782,HKG,POL,480253
7527405,100,177,6996,2006,0.0,21873.0,0.755787,0.992614,HRV,POL,480253
7527406,102,177,6996,2006,70186.0,72738.0,1.4034309999999999,0.835144,HUN,POL,480253
7527407,104,177,6996,2006,2318.0,0.0,0.285652,2.731318,IND,POL,480253
7527408,106,177,6996,2006,0.0,64170.0,1.43804,0.06463200000000001,IRL,POL,480253
7527409,110,177,6996,2006,0.0,14249.0,1.3082129999999998,0.783845,ISR,POL,480253
7527410,111,177,6996,2006,1567487.0,1577024.0,1.293779,0.93995,ITA,POL,480253
7527411,126,177,6996,2006,0.0,1730.0,-0.518724,-1.142074,LBY,POL,480253
7527412,130,177,6996,2006,0.0,43506.0,0.44063599999999997,1.163857,LTU,POL,480253
7527413,131,177,6996,2006,0.0,2127.0,1.4345620000000001,0.8840819999999999,LUX,POL,480253
7527414,132,177,6996,2006,0.0,43598.0,0.531375,0.9414170000000001,LVA,POL,480253
7527415,162,177,6996,2006,619138.0,74706.0,1.192134,1.450852,NLD,POL,480253
7527416,163,177,6996,2006,1823.0,13173.0,1.0787930000000001,0.014051,NOR,POL,480253
7527417,179,177,6996,2006,8656.0,0.0,0.5723630000000001,1.92303,PRT,POL,480253
7527418,185,177,6996,2006,0.0,7544.0,0.550825,1.170744,ROU,POL,480253
7527419,186,177,6996,2006,5861.0,29432.0,0.801197,0.104683,RUS,POL,480253
7527420,201,177,6996,2006,0.0,1381.0,0.547824,1.5588879999999998,SRB,POL,480253
7527421,206,177,6996,2006,1279054.0,27263.0,1.291583,0.868317,SVK,POL,480253
7527422,207,177,6996,2006,0.0,126597.0,1.5882370000000001,0.800719,SVN,POL,480253
7527423,208,177,6996,2006,5964014.0,881426.0,1.902737,0.593294,SWE,POL,480253
7527424,224,177,6996,2006,0.0,314951.0,0.33971599999999996,2.193384,TUR,POL,480253
7527425,227,177,6996,2006,0.0,5295.0,-0.702511,-0.43976099999999996,UGA,POL,480253
7527426,228,177,6996,2006,0.0,222427.0,0.7008439999999999,0.79656,UKR,POL,480253
7527427,246,177,6996,2006,0.0,190266.0,0.37964499999999995,1.466326,ZAF,POL,480253
7527428,250,177,6996,2006,13859.0,0.0,0.711619,-0.41880200000000006,ANS,POL,480253
7527429,32,180,6996,2006,229956.0,0.0,0.633889,1.1474520000000001,BRA,PRY,480253
7527430,41,180,6996,2006,8726.0,0.0,2.052534,0.515523,CHE,PRY,480253
7527431,43,180,6996,2006,11390.0,0.0,0.737888,2.54966,CHN,PRY,480253
7527432,61,180,6996,2006,2139.0,0.0,2.132566,-2.773669,DEU,PRY,480253
7527433,77,180,6996,2006,3451.0,0.0,1.47591,0.489466,FRA,PRY,480253
7527434,231,180,6996,2006,670664.0,0.0,1.666643,-0.121679,USA,PRY,480253
7527435,7,183,6996,2006,0.0,194420.0,0.053903999999999994,-0.735124,ARE,QAT,480253
7527436,18,183,6996,2006,5610.0,0.0,1.2222540000000002,1.383027,BEL,QAT,480253
7527437,32,183,6996,2006,26871.0,0.0,0.633889,1.1474520000000001,BRA,QAT,480253
7527438,61,183,6996,2006,12084.0,0.0,2.132566,-2.773669,DEU,QAT,480253
7527439,74,183,6996,2006,949.0,0.0,1.864038,0.8193940000000001,FIN,QAT,480253
7527440,77,183,6996,2006,4879.0,0.0,1.47591,0.489466,FRA,QAT,480253
7527441,81,183,6996,2006,100105.0,0.0,1.824154,0.614424,GBR,QAT,480253
7527442,103,183,6996,2006,58890.0,0.0,-0.21012399999999998,1.467838,IDN,QAT,480253
7527443,104,183,6996,2006,6916.0,1701.0,0.285652,2.731318,IND,QAT,480253
7527444,111,183,6996,2006,7817.0,0.0,1.293779,0.93995,ITA,QAT,480253
7527445,188,183,6996,2006,3186.0,0.0,0.162432,-0.853059,SAU,QAT,480253
7527446,208,183,6996,2006,2323.0,0.0,1.902737,0.593294,SWE,QAT,480253
7527447,15,185,6996,2006,529256.0,0.0,1.775669,0.192717,AUT,ROU,480253
7527448,18,185,6996,2006,1060.0,5415.0,1.2222540000000002,1.383027,BEL,ROU,480253
7527449,23,185,6996,2006,0.0,28728.0,0.414563,1.378005,BGR,ROU,480253
7527450,41,185,6996,2006,12055.0,0.0,2.052534,0.515523,CHE,ROU,480253
7527451,43,185,6996,2006,1073.0,0.0,0.737888,2.54966,CHN,ROU,480253
7527452,59,185,6996,2006,80900.0,0.0,1.564058,0.6023649999999999,CZE,ROU,480253
7527453,61,185,6996,2006,242145.0,0.0,2.132566,-2.773669,DEU,ROU,480253
7527454,68,185,6996,2006,0.0,475051.0,-0.182272,0.40222399999999997,EGY,ROU,480253
7527455,71,185,6996,2006,16122.0,0.0,0.9091370000000001,2.068166,ESP,ROU,480253
7527456,74,185,6996,2006,8671.0,0.0,1.864038,0.8193940000000001,FIN,ROU,480253
7527457,77,185,6996,2006,243841.0,0.0,1.47591,0.489466,FRA,ROU,480253
7527458,81,185,6996,2006,3630.0,0.0,1.824154,0.614424,GBR,ROU,480253
7527459,102,185,6996,2006,139848.0,0.0,1.4034309999999999,0.835144,HUN,ROU,480253
7527460,106,185,6996,2006,1803.0,0.0,1.43804,0.06463200000000001,IRL,ROU,480253
7527461,107,185,6996,2006,3533.0,0.0,-0.391023,-0.767861,IRN,ROU,480253
7527462,110,185,6996,2006,13909.0,0.0,1.3082129999999998,0.783845,ISR,ROU,480253
7527463,111,185,6996,2006,222754.0,0.0,1.293779,0.93995,ITA,ROU,480253
7527464,114,185,6996,2006,25514.0,0.0,2.4348099999999997,0.082887,JPN,ROU,480253
7527465,135,185,6996,2006,0.0,22440.0,-0.017707,0.135305,MDA,ROU,480253
7527466,162,185,6996,2006,61586.0,0.0,1.192134,1.450852,NLD,ROU,480253
7527467,177,185,6996,2006,7544.0,0.0,0.991927,1.474418,POL,ROU,480253
7527468,179,185,6996,2006,3239.0,0.0,0.5723630000000001,1.92303,PRT,ROU,480253
7527469,206,185,6996,2006,151262.0,0.0,1.291583,0.868317,SVK,ROU,480253
7527470,207,185,6996,2006,84942.0,0.0,1.5882370000000001,0.800719,SVN,ROU,480253
7527471,208,185,6996,2006,47198.0,0.0,1.902737,0.593294,SWE,ROU,480253
7527472,224,185,6996,2006,15396.0,0.0,0.33971599999999996,2.193384,TUR,ROU,480253
7527473,231,185,6996,2006,3550.0,0.0,1.666643,-0.121679,USA,ROU,480253
7527474,249,185,6996,2006,1109.0,0.0,1.619915,1.2289940000000001,TWN,ROU,480253
7527475,7,188,6996,2006,82495.0,0.0,0.053903999999999994,-0.735124,ARE,SAU,480253
7527476,8,188,6996,2006,1903.0,0.0,0.33055,0.665867,ARG,SAU,480253
7527477,14,188,6996,2006,27248.0,0.0,0.067166,0.373148,AUS,SAU,480253
7527478,15,188,6996,2006,241485.0,0.0,1.775669,0.192717,AUT,SAU,480253
7527479,18,188,6996,2006,22576.0,0.0,1.2222540000000002,1.383027,BEL,SAU,480253
7527480,32,188,6996,2006,133201.0,0.0,0.633889,1.1474520000000001,BRA,SAU,480253
7527481,41,188,6996,2006,73274.0,0.0,2.052534,0.515523,CHE,SAU,480253
7527482,43,188,6996,2006,109454.0,0.0,0.737888,2.54966,CHN,SAU,480253
7527483,61,188,6996,2006,240373.0,0.0,2.132566,-2.773669,DEU,SAU,480253
7527484,68,188,6996,2006,7765.0,34074.0,-0.182272,0.40222399999999997,EGY,SAU,480253
7527485,77,188,6996,2006,714081.0,0.0,1.47591,0.489466,FRA,SAU,480253
7527486,81,188,6996,2006,43940.0,0.0,1.824154,0.614424,GBR,SAU,480253
7527487,103,188,6996,2006,1627383.0,0.0,-0.21012399999999998,1.467838,IDN,SAU,480253
7527488,104,188,6996,2006,20558.0,0.0,0.285652,2.731318,IND,SAU,480253
7527489,106,188,6996,2006,1411.0,0.0,1.43804,0.06463200000000001,IRL,SAU,480253
7527490,111,188,6996,2006,84358.0,0.0,1.293779,0.93995,ITA,SAU,480253
7527491,114,188,6996,2006,119251.0,0.0,2.4348099999999997,0.082887,JPN,SAU,480253
7527492,121,188,6996,2006,156111.0,0.0,1.5384309999999999,0.766628,KOR,SAU,480253
7527493,124,188,6996,2006,20145.0,0.0,0.3861,1.586183,LBN,SAU,480253
7527494,162,188,6996,2006,70519.0,0.0,1.192134,1.450852,NLD,SAU,480253
7527495,168,188,6996,2006,0.0,13315.0,-0.449333,0.563013,PAK,SAU,480253
7527496,179,188,6996,2006,55211.0,0.0,0.5723630000000001,1.92303,PRT,SAU,480253
7527497,183,188,6996,2006,0.0,3186.0,0.055777999999999994,-1.0379049999999999,QAT,SAU,480253
7527498,186,188,6996,2006,85196.0,0.0,0.801197,0.104683,RUS,SAU,480253
7527499,190,188,6996,2006,0.0,10684.0,-1.873762,-1.278378,SDN,SAU,480253
7527500,207,188,6996,2006,73429.0,0.0,1.5882370000000001,0.800719,SVN,SAU,480253
7527501,208,188,6996,2006,26756.0,0.0,1.902737,0.593294,SWE,SAU,480253
7527502,224,188,6996,2006,2039.0,0.0,0.33971599999999996,2.193384,TUR,SAU,480253
7527503,246,188,6996,2006,80576.0,0.0,0.37964499999999995,1.466326,ZAF,SAU,480253
7527504,15,197,6996,2006,5347.0,0.0,1.775669,0.192717,AUT,SLV,480253
7527505,32,197,6996,2006,37855.0,0.0,0.633889,1.1474520000000001,BRA,SLV,480253
7527506,42,197,6996,2006,42266.0,0.0,-0.188298,-0.46778000000000003,CHL,SLV,480253
7527507,49,197,6996,2006,75844.0,0.0,0.129887,0.44371700000000003,COL,SLV,480253
7527508,52,197,6996,2006,0.0,6999.0,0.042663,-0.376672,CRI,SLV,480253
7527509,61,197,6996,2006,17074.0,0.0,2.132566,-2.773669,DEU,SLV,480253
7527510,71,197,6996,2006,49358.0,0.0,0.9091370000000001,2.068166,ESP,SLV,480253
7527511,81,197,6996,2006,1623.0,0.0,1.824154,0.614424,GBR,SLV,480253
7527512,93,197,6996,2006,25934.0,7207.0,-0.28642199999999995,0.5868439999999999,GTM,SLV,480253
7527513,99,197,6996,2006,22448.0,11258.0,-0.672074,-0.472138,HND,SLV,480253
7527514,103,197,6996,2006,19043.0,0.0,-0.21012399999999998,1.467838,IDN,SLV,480253
7527515,111,197,6996,2006,55201.0,0.0,1.293779,0.93995,ITA,SLV,480253
7527516,121,197,6996,2006,6760.0,0.0,1.5384309999999999,0.766628,KOR,SLV,480253
7527517,138,197,6996,2006,115630.0,0.0,1.047268,0.7142270000000001,MEX,SLV,480253
7527518,160,197,6996,2006,0.0,9009.0,-0.998825,-0.893867,NIC,SLV,480253
7527519,192,197,6996,2006,2838.0,0.0,1.5377379999999998,0.503089,SGP,SLV,480253
7527520,208,197,6996,2006,21794.0,0.0,1.902737,0.593294,SWE,SLV,480253
7527521,231,197,6996,2006,50503.0,0.0,1.666643,-0.121679,USA,SLV,480253
7527522,32,205,6996,2006,15245.0,0.0,0.633889,1.1474520000000001,BRA,SUR,480253
7527523,61,205,6996,2006,15854.0,0.0,2.132566,-2.773669,DEU,SUR,480253
7527524,162,205,6996,2006,4528.0,0.0,1.192134,1.450852,NLD,SUR,480253
7527525,14,208,6996,2006,0.0,402512.0,0.067166,0.373148,AUS,SWE,480253
7527526,15,208,6996,2006,1735759.0,2133612.0,1.775669,0.192717,AUT,SWE,480253
7527527,18,208,6996,2006,17828.0,582693.0,1.2222540000000002,1.383027,BEL,SWE,480253
7527528,23,208,6996,2006,0.0,25865.0,0.414563,1.378005,BGR,SWE,480253
7527529,26,208,6996,2006,0.0,822.0,0.40788800000000003,0.562854,BIH,SWE,480253
7527530,28,208,6996,2006,0.0,1981.0,0.919853,0.384409,BLR,SWE,480253
7527531,32,208,6996,2006,49748.0,16894.0,0.633889,1.1474520000000001,BRA,SWE,480253
7527532,39,208,6996,2006,0.0,4147315.0,0.865685,1.1480489999999999,CAN,SWE,480253
7527533,41,208,6996,2006,395112.0,709629.0,2.052534,0.515523,CHE,SWE,480253
7527534,43,208,6996,2006,0.0,585578.0,0.737888,2.54966,CHN,SWE,480253
7527535,45,208,6996,2006,0.0,11105.0,-1.358873,-1.1511360000000002,CMR,SWE,480253
7527536,52,208,6996,2006,0.0,15004.0,0.042663,-0.376672,CRI,SWE,480253
7527537,59,208,6996,2006,17758.0,1625655.0,1.564058,0.6023649999999999,CZE,SWE,480253
7527538,61,208,6996,2006,1558579.0,13032720.0,2.132566,-2.773669,DEU,SWE,480253
7527539,64,208,6996,2006,360099.0,7490986.0,1.2308700000000001,1.180914,DNK,SWE,480253
7527540,68,208,6996,2006,0.0,1097613.0,-0.182272,0.40222399999999997,EGY,SWE,480253
7527541,71,208,6996,2006,37164.0,941193.0,0.9091370000000001,2.068166,ESP,SWE,480253
7527542,72,208,6996,2006,1886.0,184229.0,0.6426350000000001,0.925003,EST,SWE,480253
7527543,73,208,6996,2006,0.0,1402.0,-0.9557180000000001,-0.9153479999999999,ETH,SWE,480253
7527544,74,208,6996,2006,339515.0,2681503.0,1.864038,0.8193940000000001,FIN,SWE,480253
7527545,77,208,6996,2006,703133.0,4018644.0,1.47591,0.489466,FRA,SWE,480253
7527546,78,208,6996,2006,0.0,19254.0,-0.117631,-0.69352,FRO,SWE,480253
7527547,81,208,6996,2006,1096164.0,3424845.0,1.824154,0.614424,GBR,SWE,480253
7527548,83,208,6996,2006,0.0,72302.0,-0.9934860000000001,-0.809318,GHA,SWE,480253
7527549,90,208,6996,2006,0.0,88783.0,0.261955,1.488958,GRC,SWE,480253
7527550,93,208,6996,2006,0.0,35797.0,-0.28642199999999995,0.5868439999999999,GTM,SWE,480253
7527551,97,208,6996,2006,24999.0,183974.0,0.5776319999999999,2.076782,HKG,SWE,480253
7527552,100,208,6996,2006,0.0,6677.0,0.755787,0.992614,HRV,SWE,480253
7527553,102,208,6996,2006,0.0,86429.0,1.4034309999999999,0.835144,HUN,SWE,480253
7527554,103,208,6996,2006,0.0,17993.0,-0.21012399999999998,1.467838,IDN,SWE,480253
7527555,104,208,6996,2006,40131.0,0.0,0.285652,2.731318,IND,SWE,480253
7527556,106,208,6996,2006,0.0,98151.0,1.43804,0.06463200000000001,IRL,SWE,480253
7527557,107,208,6996,2006,0.0,6791.0,-0.391023,-0.767861,IRN,SWE,480253
7527558,109,208,6996,2006,0.0,275110.0,0.170234,-0.302203,ISL,SWE,480253
7527559,110,208,6996,2006,0.0,61680.0,1.3082129999999998,0.783845,ISR,SWE,480253
7527560,111,208,6996,2006,214695.0,1073958.0,1.293779,0.93995,ITA,SWE,480253
7527561,113,208,6996,2006,0.0,7046.0,0.166718,0.331248,JOR,SWE,480253
7527562,114,208,6996,2006,0.0,27399.0,2.4348099999999997,0.082887,JPN,SWE,480253
7527563,115,208,6996,2006,0.0,210064.0,0.038229,-0.579421,KAZ,SWE,480253
7527564,116,208,6996,2006,0.0,61244.0,-0.38287899999999997,1.060286,KEN,SWE,480253
7527565,117,208,6996,2006,0.0,2599.0,-0.034069,0.136694,KGZ,SWE,480253
7527566,121,208,6996,2006,0.0,15600.0,1.5384309999999999,0.766628,KOR,SWE,480253
7527567,130,208,6996,2006,0.0,177448.0,0.44063599999999997,1.163857,LTU,SWE,480253
7527568,132,208,6996,2006,31245.0,3356254.0,0.531375,0.9414170000000001,LVA,SWE,480253
7527569,134,208,6996,2006,0.0,12920.0,-0.547933,0.08257300000000001,MAR,SWE,480253
7527570,135,208,6996,2006,0.0,4907.0,-0.017707,0.135305,MDA,SWE,480253
7527571,138,208,6996,2006,0.0,76805.0,1.047268,0.7142270000000001,MEX,SWE,480253
7527572,140,208,6996,2006,0.0,12582.0,-0.21336,0.17674700000000002,MKD,SWE,480253
7527573,142,208,6996,2006,0.0,4227.0,1.384411,0.093734,MLT,SWE,480253
7527574,144,208,6996,2006,0.0,395.0,0.130773,-0.24674699999999997,MNE,SWE,480253
7527575,147,208,6996,2006,0.0,11673.0,-1.0250629999999998,-1.067359,MOZ,SWE,480253
7527576,151,208,6996,2006,0.0,24457.0,-0.311109,-0.07267,MUS,SWE,480253
7527577,153,208,6996,2006,0.0,111112.0,0.7896569999999999,0.363625,MYS,SWE,480253
7527578,159,208,6996,2006,0.0,1916776.0,-2.094353,-1.215025,NGA,SWE,480253
7527579,160,208,6996,2006,0.0,9866.0,-0.998825,-0.893867,NIC,SWE,480253
7527580,162,208,6996,2006,2082197.0,2238808.0,1.192134,1.450852,NLD,SWE,480253
7527581,163,208,6996,2006,87245.0,3630766.0,1.0787930000000001,0.014051,NOR,SWE,480253
7527582,166,208,6996,2006,0.0,260949.0,0.5371,0.8240209999999999,NZL,SWE,480253
7527583,168,208,6996,2006,0.0,7533.0,-0.449333,0.563013,PAK,SWE,480253
7527584,169,208,6996,2006,0.0,84380.0,0.306664,0.638533,PAN,SWE,480253
7527585,174,208,6996,2006,0.0,49218.0,0.161994,0.036631,PHL,SWE,480253
7527586,177,208,6996,2006,881426.0,5964014.0,0.991927,1.474418,POL,SWE,480253
7527587,179,208,6996,2006,0.0,114683.0,0.5723630000000001,1.92303,PRT,SWE,480253
7527588,183,208,6996,2006,0.0,2323.0,0.055777999999999994,-1.0379049999999999,QAT,SWE,480253
7527589,185,208,6996,2006,0.0,47198.0,0.550825,1.170744,ROU,SWE,480253
7527590,186,208,6996,2006,0.0,340962.0,0.801197,0.104683,RUS,SWE,480253
7527591,188,208,6996,2006,0.0,26756.0,0.162432,-0.853059,SAU,SWE,480253
7527592,192,208,6996,2006,0.0,58411.0,1.5377379999999998,0.503089,SGP,SWE,480253
7527593,197,208,6996,2006,0.0,21794.0,-0.135312,0.140874,SLV,SWE,480253
7527594,206,208,6996,2006,650125.0,7769.0,1.291583,0.868317,SVK,SWE,480253
7527595,207,208,6996,2006,0.0,28291.0,1.5882370000000001,0.800719,SVN,SWE,480253
7527596,216,208,6996,2006,0.0,4597901.0,0.568209,1.685343,THA,SWE,480253
7527597,224,208,6996,2006,0.0,160522.0,0.33971599999999996,2.193384,TUR,SWE,480253
7527598,226,208,6996,2006,0.0,17838.0,-0.953097,0.159129,TZA,SWE,480253
7527599,227,208,6996,2006,0.0,11584.0,-0.702511,-0.43976099999999996,UGA,SWE,480253
7527600,228,208,6996,2006,0.0,42281.0,0.7008439999999999,0.79656,UKR,SWE,480253
7527601,231,208,6996,2006,10817.0,16261.0,1.666643,-0.121679,USA,SWE,480253
7527602,246,208,6996,2006,0.0,111175.0,0.37964499999999995,1.466326,ZAF,SWE,480253
7527603,249,208,6996,2006,0.0,120128.0,1.619915,1.2289940000000001,TWN,SWE,480253
7527604,9,216,6996,2006,0.0,842.0,0.14539100000000002,-0.558014,ARM,THA,480253
7527605,14,216,6996,2006,0.0,4245.0,0.067166,0.373148,AUS,THA,480253
7527606,15,216,6996,2006,8028.0,0.0,1.775669,0.192717,AUT,THA,480253
7527607,18,216,6996,2006,5816.0,7536.0,1.2222540000000002,1.383027,BEL,THA,480253
7527608,39,216,6996,2006,0.0,28324.0,0.865685,1.1480489999999999,CAN,THA,480253
7527609,43,216,6996,2006,230506.0,183895.0,0.737888,2.54966,CHN,THA,480253
7527610,61,216,6996,2006,159768.0,688012.0,2.132566,-2.773669,DEU,THA,480253
7527611,64,216,6996,2006,5950.0,0.0,1.2308700000000001,1.180914,DNK,THA,480253
7527612,68,216,6996,2006,0.0,220398.0,-0.182272,0.40222399999999997,EGY,THA,480253
7527613,71,216,6996,2006,52919.0,0.0,0.9091370000000001,2.068166,ESP,THA,480253
7527614,77,216,6996,2006,210122.0,82828.0,1.47591,0.489466,FRA,THA,480253
7527615,81,216,6996,2006,307398.0,78944.0,1.824154,0.614424,GBR,THA,480253
7527616,97,216,6996,2006,1892.0,1216406.0,0.5776319999999999,2.076782,HKG,THA,480253
7527617,103,216,6996,2006,1050164.0,179583.0,-0.21012399999999998,1.467838,IDN,THA,480253
7527618,104,216,6996,2006,4088.0,0.0,0.285652,2.731318,IND,THA,480253
7527619,110,216,6996,2006,0.0,31340.0,1.3082129999999998,0.783845,ISR,THA,480253
7527620,111,216,6996,2006,228046.0,2342.0,1.293779,0.93995,ITA,THA,480253
7527621,114,216,6996,2006,506801.0,244812.0,2.4348099999999997,0.082887,JPN,THA,480253
7527622,118,216,6996,2006,0.0,11102.0,-1.323365,-1.185827,KHM,THA,480253
7527623,121,216,6996,2006,5594.0,1086551.0,1.5384309999999999,0.766628,KOR,THA,480253
7527624,133,216,6996,2006,0.0,2069.0,-0.07118200000000001,-0.228354,MAC,THA,480253
7527625,137,216,6996,2006,0.0,18547.0,-0.240191,-0.8320290000000001,MDV,THA,480253
7527626,151,216,6996,2006,0.0,34641.0,-0.311109,-0.07267,MUS,THA,480253
7527627,153,216,6996,2006,9644.0,49754.0,0.7896569999999999,0.363625,MYS,THA,480253
7527628,162,216,6996,2006,16358.0,724468.0,1.192134,1.450852,NLD,THA,480253
7527629,163,216,6996,2006,0.0,16577.0,1.0787930000000001,0.014051,NOR,THA,480253
7527630,166,216,6996,2006,0.0,17089.0,0.5371,0.8240209999999999,NZL,THA,480253
7527631,168,216,6996,2006,0.0,22033.0,-0.449333,0.563013,PAK,THA,480253
7527632,174,216,6996,2006,0.0,8875.0,0.161994,0.036631,PHL,THA,480253
7527633,192,216,6996,2006,0.0,98124.0,1.5377379999999998,0.503089,SGP,THA,480253
7527634,208,216,6996,2006,4597901.0,0.0,1.902737,0.593294,SWE,THA,480253
7527635,224,216,6996,2006,0.0,2361.0,0.33971599999999996,2.193384,TUR,THA,480253
7527636,231,216,6996,2006,22583.0,305926.0,1.666643,-0.121679,USA,THA,480253
7527637,239,216,6996,2006,4335.0,67686.0,-0.342779,1.033318,VNM,THA,480253
7527638,249,216,6996,2006,41543.0,127538.0,1.619915,1.2289940000000001,TWN,THA,480253
7527639,18,222,6996,2006,16468.0,0.0,1.2222540000000002,1.383027,BEL,TTO,480253
7527640,32,222,6996,2006,246166.0,0.0,0.633889,1.1474520000000001,BRA,TTO,480253
7527641,39,222,6996,2006,1378.0,0.0,0.865685,1.1480489999999999,CAN,TTO,480253
7527642,61,222,6996,2006,12418.0,0.0,2.132566,-2.773669,DEU,TTO,480253
7527643,77,222,6996,2006,11653.0,0.0,1.47591,0.489466,FRA,TTO,480253
7527644,81,222,6996,2006,26087.0,0.0,1.824154,0.614424,GBR,TTO,480253
7527645,103,222,6996,2006,44439.0,0.0,-0.21012399999999998,1.467838,IDN,TTO,480253
7527646,104,222,6996,2006,17972.0,0.0,0.285652,2.731318,IND,TTO,480253
7527647,120,222,6996,2006,0.0,3135.0,0.896119,-0.309349,KNA,TTO,480253
7527648,127,222,6996,2006,0.0,12258.0,1.118348,-0.17618,LCA,TTO,480253
7527649,231,222,6996,2006,126171.0,0.0,1.666643,-0.121679,USA,TTO,480253
7527650,4,224,6996,2006,0.0,2401.0,-0.340932,-0.06302200000000001,ALB,TUR,480253
7527651,9,224,6996,2006,0.0,25948.0,0.14539100000000002,-0.558014,ARM,TUR,480253
7527652,15,224,6996,2006,316136.0,0.0,1.775669,0.192717,AUT,TUR,480253
7527653,16,224,6996,2006,0.0,14078.0,-0.521304,-1.035764,AZE,TUR,480253
7527654,18,224,6996,2006,521509.0,0.0,1.2222540000000002,1.383027,BEL,TUR,480253
7527655,23,224,6996,2006,5151.0,46198.0,0.414563,1.378005,BGR,TUR,480253
7527656,32,224,6996,2006,104219.0,0.0,0.633889,1.1474520000000001,BRA,TUR,480253
7527657,39,224,6996,2006,152039.0,0.0,0.865685,1.1480489999999999,CAN,TUR,480253
7527658,41,224,6996,2006,1020.0,0.0,2.052534,0.515523,CHE,TUR,480253
7527659,43,224,6996,2006,529314.0,0.0,0.737888,2.54966,CHN,TUR,480253
7527660,58,224,6996,2006,0.0,41266.0,0.708267,-0.048096,CYP,TUR,480253
7527661,59,224,6996,2006,2569.0,0.0,1.564058,0.6023649999999999,CZE,TUR,480253
7527662,61,224,6996,2006,1788365.0,0.0,2.132566,-2.773669,DEU,TUR,480253
7527663,66,224,6996,2006,0.0,28275.0,-0.489962,-1.12456,DZA,TUR,480253
7527664,68,224,6996,2006,5931.0,62211.0,-0.182272,0.40222399999999997,EGY,TUR,480253
7527665,71,224,6996,2006,98661.0,0.0,0.9091370000000001,2.068166,ESP,TUR,480253
7527666,74,224,6996,2006,573006.0,0.0,1.864038,0.8193940000000001,FIN,TUR,480253
7527667,77,224,6996,2006,1719753.0,0.0,1.47591,0.489466,FRA,TUR,480253
7527668,78,224,6996,2006,0.0,161.0,-0.117631,-0.69352,FRO,TUR,480253
7527669,81,224,6996,2006,307606.0,0.0,1.824154,0.614424,GBR,TUR,480253
7527670,82,224,6996,2006,0.0,8811.0,0.076711,-0.47216099999999994,GEO,TUR,480253
7527671,90,224,6996,2006,102940.0,95632.0,0.261955,1.488958,GRC,TUR,480253
7527672,97,224,6996,2006,3085.0,0.0,0.5776319999999999,2.076782,HKG,TUR,480253
7527673,102,224,6996,2006,9435.0,0.0,1.4034309999999999,0.835144,HUN,TUR,480253
7527674,103,224,6996,2006,704149.0,0.0,-0.21012399999999998,1.467838,IDN,TUR,480253
7527675,104,224,6996,2006,21905.0,0.0,0.285652,2.731318,IND,TUR,480253
7527676,107,224,6996,2006,0.0,2464.0,-0.391023,-0.767861,IRN,TUR,480253
7527677,108,224,6996,2006,0.0,2288.0,-2.029727,-0.8634219999999999,IRQ,TUR,480253
7527678,110,224,6996,2006,0.0,140021.0,1.3082129999999998,0.783845,ISR,TUR,480253
7527679,111,224,6996,2006,413386.0,0.0,1.293779,0.93995,ITA,TUR,480253
7527680,113,224,6996,2006,0.0,159475.0,0.166718,0.331248,JOR,TUR,480253
7527681,115,224,6996,2006,0.0,26104.0,0.038229,-0.579421,KAZ,TUR,480253
7527682,117,224,6996,2006,0.0,1766.0,-0.034069,0.136694,KGZ,TUR,480253
7527683,151,224,6996,2006,0.0,11727.0,-0.311109,-0.07267,MUS,TUR,480253
7527684,159,224,6996,2006,0.0,84864.0,-2.094353,-1.215025,NGA,TUR,480253
7527685,162,224,6996,2006,373046.0,0.0,1.192134,1.450852,NLD,TUR,480253
7527686,168,224,6996,2006,25008.0,0.0,-0.449333,0.563013,PAK,TUR,480253
7527687,177,224,6996,2006,314951.0,0.0,0.991927,1.474418,POL,TUR,480253
7527688,179,224,6996,2006,1051106.0,0.0,0.5723630000000001,1.92303,PRT,TUR,480253
7527689,185,224,6996,2006,0.0,15396.0,0.550825,1.170744,ROU,TUR,480253
7527690,186,224,6996,2006,316679.0,15331.0,0.801197,0.104683,RUS,TUR,480253
7527691,188,224,6996,2006,0.0,2039.0,0.162432,-0.853059,SAU,TUR,480253
7527692,190,224,6996,2006,0.0,2620.0,-1.873762,-1.278378,SDN,TUR,480253
7527693,192,224,6996,2006,14762.0,0.0,1.5377379999999998,0.503089,SGP,TUR,480253
7527694,201,224,6996,2006,0.0,1302.0,0.547824,1.5588879999999998,SRB,TUR,480253
7527695,208,224,6996,2006,160522.0,0.0,1.902737,0.593294,SWE,TUR,480253
7527696,216,224,6996,2006,2361.0,0.0,0.568209,1.685343,THA,TUR,480253
7527697,219,224,6996,2006,0.0,2071.0,-1.155861,-1.200933,TKM,TUR,480253
7527698,231,224,6996,2006,14256.0,0.0,1.666643,-0.121679,USA,TUR,480253
7527699,232,224,6996,2006,0.0,2867.0,-0.457759,-0.784626,UZB,TUR,480253
7527700,246,224,6996,2006,154257.0,0.0,0.37964499999999995,1.466326,ZAF,TUR,480253
7527701,250,224,6996,2006,30081.0,34877.0,0.711619,-0.41880200000000006,ANS,TUR,480253
7527702,8,230,6996,2006,12734.0,0.0,0.33055,0.665867,ARG,URY,480253
7527703,15,230,6996,2006,22623.0,0.0,1.775669,0.192717,AUT,URY,480253
7527704,32,230,6996,2006,222785.0,0.0,0.633889,1.1474520000000001,BRA,URY,480253
7527705,43,230,6996,2006,7746.0,0.0,0.737888,2.54966,CHN,URY,480253
7527706,49,230,6996,2006,3282.0,0.0,0.129887,0.44371700000000003,COL,URY,480253
7527707,61,230,6996,2006,57462.0,0.0,2.132566,-2.773669,DEU,URY,480253
7527708,71,230,6996,2006,1966.0,0.0,0.9091370000000001,2.068166,ESP,URY,480253
7527709,77,230,6996,2006,2351.0,0.0,1.47591,0.489466,FRA,URY,480253
7527710,111,230,6996,2006,10110.0,0.0,1.293779,0.93995,ITA,URY,480253
7527711,231,230,6996,2006,39420.0,0.0,1.666643,-0.121679,USA,URY,480253
7527712,0,231,6996,2006,0.0,7697.0,0.15112799999999998,-0.752631,ABW,USA,480253
7527713,6,231,6996,2006,0.0,19356.0,0.251825,-0.629035,ANT,USA,480253
7527714,7,231,6996,2006,0.0,10486.0,0.053903999999999994,-0.735124,ARE,USA,480253
7527715,8,231,6996,2006,22097.0,52003.0,0.33055,0.665867,ARG,USA,480253
7527716,9,231,6996,2006,0.0,951.0,0.14539100000000002,-0.558014,ARM,USA,480253
7527717,13,231,6996,2006,0.0,2231.0,-0.139051,-0.780321,ATG,USA,480253
7527718,14,231,6996,2006,66475.0,5510675.0,0.067166,0.373148,AUS,USA,480253
7527719,15,231,6996,2006,79697.0,5837.0,1.775669,0.192717,AUT,USA,480253
7527720,18,231,6996,2006,604092.0,16019.0,1.2222540000000002,1.383027,BEL,USA,480253
7527721,23,231,6996,2006,0.0,37209.0,0.414563,1.378005,BGR,USA,480253
7527722,29,231,6996,2006,0.0,3465.0,-0.584902,-0.82437,BLZ,USA,480253
7527723,30,231,6996,2006,0.0,5457.0,0.491259,-0.603062,BMU,USA,480253
7527724,31,231,6996,2006,0.0,1468.0,-0.805185,-0.754091,BOL,USA,480253
7527725,32,231,6996,2006,220188.0,72936.0,0.633889,1.1474520000000001,BRA,USA,480253
7527726,33,231,6996,2006,0.0,13383.0,0.977267,0.6046560000000001,BRB,USA,480253
7527727,39,231,6996,2006,9103382.0,99706392.0,0.865685,1.1480489999999999,CAN,USA,480253
7527728,41,231,6996,2006,38158.0,56594.0,2.052534,0.515523,CHE,USA,480253
7527729,42,231,6996,2006,0.0,16851.0,-0.188298,-0.46778000000000003,CHL,USA,480253
7527730,43,231,6996,2006,66702.0,1056583.0,0.737888,2.54966,CHN,USA,480253
7527731,49,231,6996,2006,0.0,135239.0,0.129887,0.44371700000000003,COL,USA,480253
7527732,52,231,6996,2006,3602.0,1084048.0,0.042663,-0.376672,CRI,USA,480253
7527733,58,231,6996,2006,0.0,1799.0,0.708267,-0.048096,CYP,USA,480253
7527734,59,231,6996,2006,7077.0,4623.0,1.564058,0.6023649999999999,CZE,USA,480253
7527735,61,231,6996,2006,664980.0,61876.0,2.132566,-2.773669,DEU,USA,480253
7527736,63,231,6996,2006,0.0,32861.0,0.10759400000000001,-0.159215,DMA,USA,480253
7527737,64,231,6996,2006,11790.0,0.0,1.2308700000000001,1.180914,DNK,USA,480253
7527738,65,231,6996,2006,0.0,34202.0,-0.24073699999999998,0.049093,DOM,USA,480253
7527739,66,231,6996,2006,0.0,28901.0,-0.489962,-1.12456,DZA,USA,480253
7527740,67,231,6996,2006,0.0,103604.0,-0.878583,-0.9462010000000001,ECU,USA,480253
7527741,68,231,6996,2006,0.0,179064.0,-0.182272,0.40222399999999997,EGY,USA,480253
7527742,71,231,6996,2006,8420.0,4652.0,0.9091370000000001,2.068166,ESP,USA,480253
7527743,72,231,6996,2006,0.0,1535.0,0.6426350000000001,0.925003,EST,USA,480253
7527744,74,231,6996,2006,2086.0,25906.0,1.864038,0.8193940000000001,FIN,USA,480253
7527745,77,231,6996,2006,6628404.0,33665.0,1.47591,0.489466,FRA,USA,480253
7527746,81,231,6996,2006,4921474.0,114517.0,1.824154,0.614424,GBR,USA,480253
7527747,90,231,6996,2006,0.0,13416.0,0.261955,1.488958,GRC,USA,480253
7527748,93,231,6996,2006,0.0,1217008.0,-0.28642199999999995,0.5868439999999999,GTM,USA,480253
7527749,97,231,6996,2006,0.0,4992782.0,0.5776319999999999,2.076782,HKG,USA,480253
7527750,99,231,6996,2006,0.0,11393.0,-0.672074,-0.472138,HND,USA,480253
7527751,100,231,6996,2006,0.0,955.0,0.755787,0.992614,HRV,USA,480253
7527752,101,231,6996,2006,0.0,76433.0,-1.037941,-0.9475790000000001,HTI,USA,480253
7527753,103,231,6996,2006,47364.0,117106.0,-0.21012399999999998,1.467838,IDN,USA,480253
7527754,104,231,6996,2006,114917.0,6064.0,0.285652,2.731318,IND,USA,480253
7527755,106,231,6996,2006,12265.0,0.0,1.43804,0.06463200000000001,IRL,USA,480253
7527756,109,231,6996,2006,0.0,2867.0,0.170234,-0.302203,ISL,USA,480253
7527757,110,231,6996,2006,0.0,53070.0,1.3082129999999998,0.783845,ISR,USA,480253
7527758,111,231,6996,2006,1592738.0,49679.0,1.293779,0.93995,ITA,USA,480253
7527759,112,231,6996,2006,0.0,27575.0,-0.5122720000000001,-0.9109809999999999,JAM,USA,480253
7527760,113,231,6996,2006,0.0,160375.0,0.166718,0.331248,JOR,USA,480253
7527761,114,231,6996,2006,637708.0,281363.0,2.4348099999999997,0.082887,JPN,USA,480253
7527762,115,231,6996,2006,0.0,2201.0,0.038229,-0.579421,KAZ,USA,480253
7527763,120,231,6996,2006,0.0,7192.0,0.896119,-0.309349,KNA,USA,480253
7527764,121,231,6996,2006,3153.0,1543003.0,1.5384309999999999,0.766628,KOR,USA,480253
7527765,124,231,6996,2006,0.0,48513.0,0.3861,1.586183,LBN,USA,480253
7527766,127,231,6996,2006,0.0,3517.0,1.118348,-0.17618,LCA,USA,480253
7527767,128,231,6996,2006,0.0,19266.0,-0.573767,0.305913,LKA,USA,480253
7527768,132,231,6996,2006,68620.0,0.0,0.531375,0.9414170000000001,LVA,USA,480253
7527769,133,231,6996,2006,0.0,10892.0,-0.07118200000000001,-0.228354,MAC,USA,480253
7527770,134,231,6996,2006,0.0,16541.0,-0.547933,0.08257300000000001,MAR,USA,480253
7527771,138,231,6996,2006,19260.0,36074600.0,1.047268,0.7142270000000001,MEX,USA,480253
7527772,151,231,6996,2006,0.0,638.0,-0.311109,-0.07267,MUS,USA,480253
7527773,153,231,6996,2006,2281.0,563856.0,0.7896569999999999,0.363625,MYS,USA,480253
7527774,159,231,6996,2006,0.0,16383.0,-2.094353,-1.215025,NGA,USA,480253
7527775,160,231,6996,2006,0.0,726834.0,-0.998825,-0.893867,NIC,USA,480253
7527776,162,231,6996,2006,440778.0,54797.0,1.192134,1.450852,NLD,USA,480253
7527777,163,231,6996,2006,0.0,7792.0,1.0787930000000001,0.014051,NOR,USA,480253
7527778,166,231,6996,2006,0.0,47778.0,0.5371,0.8240209999999999,NZL,USA,480253
7527779,168,231,6996,2006,0.0,19736.0,-0.449333,0.563013,PAK,USA,480253
7527780,169,231,6996,2006,0.0,75957.0,0.306664,0.638533,PAN,USA,480253
7527781,173,231,6996,2006,0.0,19516.0,-0.551095,0.044295,PER,USA,480253
7527782,174,231,6996,2006,0.0,94489.0,0.161994,0.036631,PHL,USA,480253
7527783,179,231,6996,2006,11047.0,54119.0,0.5723630000000001,1.92303,PRT,USA,480253
7527784,180,231,6996,2006,0.0,670664.0,-0.520435,-0.7839119999999999,PRY,USA,480253
7527785,182,231,6996,2006,0.0,5119.0,-0.213329,-0.743599,PYF,USA,480253
7527786,185,231,6996,2006,0.0,3550.0,0.550825,1.170744,ROU,USA,480253
7527787,186,231,6996,2006,0.0,68449.0,0.801197,0.104683,RUS,USA,480253
7527788,192,231,6996,2006,0.0,34756.0,1.5377379999999998,0.503089,SGP,USA,480253
7527789,197,231,6996,2006,0.0,50503.0,-0.135312,0.140874,SLV,USA,480253
7527790,206,231,6996,2006,0.0,5845.0,1.291583,0.868317,SVK,USA,480253
7527791,208,231,6996,2006,16261.0,10817.0,1.902737,0.593294,SWE,USA,480253
7527792,212,231,6996,2006,0.0,22643.0,-0.588695,0.532487,SYR,USA,480253
7527793,216,231,6996,2006,305926.0,22583.0,0.568209,1.685343,THA,USA,480253
7527794,222,231,6996,2006,0.0,126171.0,-0.20651399999999998,-1.024907,TTO,USA,480253
7527795,224,231,6996,2006,0.0,14256.0,0.33971599999999996,2.193384,TUR,USA,480253
7527796,226,231,6996,2006,0.0,31683.0,-0.953097,0.159129,TZA,USA,480253
7527797,230,231,6996,2006,0.0,39420.0,0.234384,0.118878,URY,USA,480253
7527798,234,231,6996,2006,0.0,2966.0,-0.6097060000000001,-0.8844770000000001,VCT,USA,480253
7527799,236,231,6996,2006,0.0,183205.0,-0.340972,-1.015462,VEN,USA,480253
7527800,239,231,6996,2006,0.0,16605.0,-0.342779,1.033318,VNM,USA,480253
7527801,246,231,6996,2006,0.0,287998.0,0.37964499999999995,1.466326,ZAF,USA,480253
7527802,249,231,6996,2006,0.0,447091.0,1.619915,1.2289940000000001,TWN,USA,480253
7527803,8,236,6996,2006,122119.0,0.0,0.33055,0.665867,ARG,VEN,480253
7527804,18,236,6996,2006,187855.0,0.0,1.2222540000000002,1.383027,BEL,VEN,480253
7527805,32,236,6996,2006,106170.0,0.0,0.633889,1.1474520000000001,BRA,VEN,480253
7527806,39,236,6996,2006,5393.0,0.0,0.865685,1.1480489999999999,CAN,VEN,480253
7527807,49,236,6996,2006,307174.0,0.0,0.129887,0.44371700000000003,COL,VEN,480253
7527808,61,236,6996,2006,117294.0,0.0,2.132566,-2.773669,DEU,VEN,480253
7527809,71,236,6996,2006,30737.0,0.0,0.9091370000000001,2.068166,ESP,VEN,480253
7527810,74,236,6996,2006,12506.0,0.0,1.864038,0.8193940000000001,FIN,VEN,480253
7527811,77,236,6996,2006,28267.0,0.0,1.47591,0.489466,FRA,VEN,480253
7527812,81,236,6996,2006,1252.0,0.0,1.824154,0.614424,GBR,VEN,480253
7527813,103,236,6996,2006,5004.0,0.0,-0.21012399999999998,1.467838,IDN,VEN,480253
7527814,111,236,6996,2006,99859.0,0.0,1.293779,0.93995,ITA,VEN,480253
7527815,114,236,6996,2006,40533.0,0.0,2.4348099999999997,0.082887,JPN,VEN,480253
7527816,138,236,6996,2006,61156.0,0.0,1.047268,0.7142270000000001,MEX,VEN,480253
7527817,162,236,6996,2006,3551.0,0.0,1.192134,1.450852,NLD,VEN,480253
7527818,169,236,6996,2006,1666.0,0.0,0.306664,0.638533,PAN,VEN,480253
7527819,231,236,6996,2006,183205.0,0.0,1.666643,-0.121679,USA,VEN,480253
7527820,15,243,6996,2006,4466.0,0.0,1.775669,0.192717,AUT,YEM,480253
7527821,43,243,6996,2006,13486.0,0.0,0.737888,2.54966,CHN,YEM,480253
7527822,61,243,6996,2006,32764.0,0.0,2.132566,-2.773669,DEU,YEM,480253
7527823,77,243,6996,2006,17487.0,0.0,1.47591,0.489466,FRA,YEM,480253
7527824,103,243,6996,2006,1110797.0,0.0,-0.21012399999999998,1.467838,IDN,YEM,480253
7527825,104,243,6996,2006,42904.0,0.0,0.285652,2.731318,IND,YEM,480253
7527826,114,243,6996,2006,12415.0,0.0,2.4348099999999997,0.082887,JPN,YEM,480253
7527827,121,243,6996,2006,26858.0,0.0,1.5384309999999999,0.766628,KOR,YEM,480253
7527828,207,243,6996,2006,20155.0,0.0,1.5882370000000001,0.800719,SVN,YEM,480253
7527829,14,249,6996,2006,0.0,3515.0,0.067166,0.373148,AUS,TWN,480253
7527830,15,249,6996,2006,16474.0,0.0,1.775669,0.192717,AUT,TWN,480253
7527831,24,249,6996,2006,0.0,36853.0,0.172724,-0.9449879999999999,BHR,TWN,480253
7527832,32,249,6996,2006,27880.0,3945.0,0.633889,1.1474520000000001,BRA,TWN,480253
7527833,39,249,6996,2006,0.0,12986.0,0.865685,1.1480489999999999,CAN,TWN,480253
7527834,42,249,6996,2006,0.0,3104.0,-0.188298,-0.46778000000000003,CHL,TWN,480253
7527835,43,249,6996,2006,563432.0,509761.0,0.737888,2.54966,CHN,TWN,480253
7527836,61,249,6996,2006,8610.0,0.0,2.132566,-2.773669,DEU,TWN,480253
7527837,71,249,6996,2006,14716.0,0.0,0.9091370000000001,2.068166,ESP,TWN,480253
7527838,72,249,6996,2006,0.0,1619.0,0.6426350000000001,0.925003,EST,TWN,480253
7527839,74,249,6996,2006,541724.0,0.0,1.864038,0.8193940000000001,FIN,TWN,480253
7527840,77,249,6996,2006,1150083.0,0.0,1.47591,0.489466,FRA,TWN,480253
7527841,81,249,6996,2006,77741.0,6372.0,1.824154,0.614424,GBR,TWN,480253
7527842,97,249,6996,2006,2442.0,555827.0,0.5776319999999999,2.076782,HKG,TWN,480253
7527843,103,249,6996,2006,257733.0,0.0,-0.21012399999999998,1.467838,IDN,TWN,480253
7527844,110,249,6996,2006,0.0,3832.0,1.3082129999999998,0.783845,ISR,TWN,480253
7527845,111,249,6996,2006,313323.0,0.0,1.293779,0.93995,ITA,TWN,480253
7527846,114,249,6996,2006,539640.0,0.0,2.4348099999999997,0.082887,JPN,TWN,480253
7527847,121,249,6996,2006,72223.0,28870.0,1.5384309999999999,0.766628,KOR,TWN,480253
7527848,133,249,6996,2006,0.0,3144.0,-0.07118200000000001,-0.228354,MAC,TWN,480253
7527849,140,249,6996,2006,0.0,616.0,-0.21336,0.17674700000000002,MKD,TWN,480253
7527850,153,249,6996,2006,13419.0,96720.0,0.7896569999999999,0.363625,MYS,TWN,480253
7527851,162,249,6996,2006,3526.0,0.0,1.192134,1.450852,NLD,TWN,480253
7527852,174,249,6996,2006,0.0,91659.0,0.161994,0.036631,PHL,TWN,480253
7527853,179,249,6996,2006,30222.0,0.0,0.5723630000000001,1.92303,PRT,TWN,480253
7527854,182,249,6996,2006,0.0,1295.0,-0.213329,-0.743599,PYF,TWN,480253
7527855,185,249,6996,2006,0.0,1109.0,0.550825,1.170744,ROU,TWN,480253
7527856,192,249,6996,2006,0.0,7769.0,1.5377379999999998,0.503089,SGP,TWN,480253
7527857,208,249,6996,2006,120128.0,0.0,1.902737,0.593294,SWE,TWN,480253
7527858,216,249,6996,2006,127538.0,41543.0,0.568209,1.685343,THA,TWN,480253
7527859,231,249,6996,2006,447091.0,0.0,1.666643,-0.121679,USA,TWN,480253
7527860,239,249,6996,2006,0.0,81955.0,-0.342779,1.033318,VNM,TWN,480253
7527861,246,249,6996,2006,69355.0,0.0,0.37964499999999995,1.466326,ZAF,TWN,480253
7527862,9,7,6996,2006,0.0,21602.0,0.14539100000000002,-0.558014,ARM,ARE,480253
7527863,15,7,6996,2006,77819.0,0.0,1.775669,0.192717,AUT,ARE,480253
7527864,16,7,6996,2006,0.0,2400.0,-0.521304,-1.035764,AZE,ARE,480253
7527865,17,7,6996,2006,0.0,6947.0,-0.033711,-0.48450600000000005,BDI,ARE,480253
7527866,18,7,6996,2006,224291.0,0.0,1.2222540000000002,1.383027,BEL,ARE,480253
7527867,32,7,6996,2006,472033.0,0.0,0.633889,1.1474520000000001,BRA,ARE,480253
7527868,61,7,6996,2006,499995.0,2745.0,2.132566,-2.773669,DEU,ARE,480253
7527869,73,7,6996,2006,0.0,25932.0,-0.9557180000000001,-0.9153479999999999,ETH,ARE,480253
7527870,77,7,6996,2006,603656.0,0.0,1.47591,0.489466,FRA,ARE,480253
7527871,81,7,6996,2006,142910.0,0.0,1.824154,0.614424,GBR,ARE,480253
7527872,82,7,6996,2006,0.0,5359.0,0.076711,-0.47216099999999994,GEO,ARE,480253
7527873,103,7,6996,2006,1893104.0,0.0,-0.21012399999999998,1.467838,IDN,ARE,480253
7527874,104,7,6996,2006,24490.0,0.0,0.285652,2.731318,IND,ARE,480253
7527875,111,7,6996,2006,136197.0,0.0,1.293779,0.93995,ITA,ARE,480253
7527876,128,7,6996,2006,0.0,11884.0,-0.573767,0.305913,LKA,ARE,480253
7527877,159,7,6996,2006,0.0,366067.0,-2.094353,-1.215025,NGA,ARE,480253
7527878,162,7,6996,2006,3708.0,0.0,1.192134,1.450852,NLD,ARE,480253
7527879,167,7,6996,2006,0.0,13563.0,-0.6373989999999999,-1.092554,OMN,ARE,480253
7527880,168,7,6996,2006,6753.0,22176.0,-0.449333,0.563013,PAK,ARE,480253
7527881,183,7,6996,2006,194420.0,0.0,0.055777999999999994,-1.0379049999999999,QAT,ARE,480253
7527882,187,7,6996,2006,0.0,604572.0,-0.032827999999999996,-0.42937600000000004,RWA,ARE,480253
7527883,188,7,6996,2006,0.0,82495.0,0.162432,-0.853059,SAU,ARE,480253
7527884,211,7,6996,2006,0.0,1019.0,-0.344619,-0.796139,SYC,ARE,480253
7527885,227,7,6996,2006,0.0,26723.0,-0.702511,-0.43976099999999996,UGA,ARE,480253
7527886,231,7,6996,2006,10486.0,0.0,1.666643,-0.121679,USA,ARE,480253
7527887,15,14,6996,2006,1508104.0,0.0,1.775669,0.192717,AUT,AUS,480253
7527888,18,14,6996,2006,1418516.0,0.0,1.2222540000000002,1.383027,BEL,AUS,480253
7527889,32,14,6996,2006,108275.0,0.0,0.633889,1.1474520000000001,BRA,AUS,480253
7527890,41,14,6996,2006,1201.0,0.0,2.052534,0.515523,CHE,AUS,480253
7527891,43,14,6996,2006,52120.0,132768.0,0.737888,2.54966,CHN,AUS,480253
7527892,49,14,6996,2006,0.0,5563.0,0.129887,0.44371700000000003,COL,AUS,480253
7527893,61,14,6996,2006,838786.0,2778.0,2.132566,-2.773669,DEU,AUS,480253
7527894,64,14,6996,2006,73574.0,0.0,1.2308700000000001,1.180914,DNK,AUS,480253
7527895,65,14,6996,2006,0.0,12374.0,-0.24073699999999998,0.049093,DOM,AUS,480253
7527896,68,14,6996,2006,0.0,40714.0,-0.182272,0.40222399999999997,EGY,AUS,480253
7527897,71,14,6996,2006,36971.0,0.0,0.9091370000000001,2.068166,ESP,AUS,480253
7527898,74,14,6996,2006,226613.0,0.0,1.864038,0.8193940000000001,FIN,AUS,480253
7527899,77,14,6996,2006,1486059.0,25538.0,1.47591,0.489466,FRA,AUS,480253
7527900,81,14,6996,2006,1362717.0,10003.0,1.824154,0.614424,GBR,AUS,480253
7527901,97,14,6996,2006,3229.0,109674.0,0.5776319999999999,2.076782,HKG,AUS,480253
7527902,103,14,6996,2006,3162800.0,759034.0,-0.21012399999999998,1.467838,IDN,AUS,480253
7527903,104,14,6996,2006,0.0,1508.0,0.285652,2.731318,IND,AUS,480253
7527904,111,14,6996,2006,1097259.0,0.0,1.293779,0.93995,ITA,AUS,480253
7527905,114,14,6996,2006,67580.0,0.0,2.4348099999999997,0.082887,JPN,AUS,480253
7527906,121,14,6996,2006,31170.0,30787.0,1.5384309999999999,0.766628,KOR,AUS,480253
7527907,153,14,6996,2006,3335.0,16757.0,0.7896569999999999,0.363625,MYS,AUS,480253
7527908,156,14,6996,2006,0.0,23662.0,-0.135099,-0.7618779999999999,NCL,AUS,480253
7527909,157,14,6996,2006,40142.0,0.0,-0.554188,-0.708255,NER,AUS,480253
7527910,159,14,6996,2006,0.0,4736.0,-2.094353,-1.215025,NGA,AUS,480253
7527911,162,14,6996,2006,503720.0,4904.0,1.192134,1.450852,NLD,AUS,480253
7527912,166,14,6996,2006,264954.0,247759.0,0.5371,0.8240209999999999,NZL,AUS,480253
7527913,174,14,6996,2006,0.0,15916.0,0.161994,0.036631,PHL,AUS,480253
7527914,176,14,6996,2006,0.0,19977.0,-1.89409,-1.234731,PNG,AUS,480253
7527915,179,14,6996,2006,273849.0,0.0,0.5723630000000001,1.92303,PRT,AUS,480253
7527916,182,14,6996,2006,0.0,3443.0,-0.213329,-0.743599,PYF,AUS,480253
7527917,188,14,6996,2006,0.0,27248.0,0.162432,-0.853059,SAU,AUS,480253
7527918,192,14,6996,2006,1037.0,14444.0,1.5377379999999998,0.503089,SGP,AUS,480253
7527919,208,14,6996,2006,402512.0,0.0,1.902737,0.593294,SWE,AUS,480253
7527920,216,14,6996,2006,4245.0,0.0,0.568209,1.685343,THA,AUS,480253
7527921,231,14,6996,2006,5510675.0,66475.0,1.666643,-0.121679,USA,AUS,480253
7527922,242,14,6996,2006,0.0,3669.0,0.299266,-0.477783,WSM,AUS,480253
7527923,246,14,6996,2006,222212.0,5172.0,0.37964499999999995,1.466326,ZAF,AUS,480253
7527924,249,14,6996,2006,3515.0,0.0,1.619915,1.2289940000000001,TWN,AUS,480253
7527925,250,14,6996,2006,1468734.0,0.0,0.711619,-0.41880200000000006,ANS,AUS,480253
7527926,7,16,6996,2006,2400.0,0.0,0.053903999999999994,-0.735124,ARE,AZE,480253
7527927,61,16,6996,2006,6720.0,0.0,2.132566,-2.773669,DEU,AZE,480253
7527928,72,16,6996,2006,44632.0,0.0,0.6426350000000001,0.925003,EST,AZE,480253
7527929,82,16,6996,2006,0.0,2825.0,0.076711,-0.47216099999999994,GEO,AZE,480253
7527930,186,16,6996,2006,32818.0,0.0,0.801197,0.104683,RUS,AZE,480253
7527931,206,16,6996,2006,34912.0,0.0,1.291583,0.868317,SVK,AZE,480253
7527932,224,16,6996,2006,14078.0,0.0,0.33971599999999996,2.193384,TUR,AZE,480253
7527933,77,22,6996,2006,10134.0,0.0,1.47591,0.489466,FRA,BGD,480253
7527934,81,22,6996,2006,53517.0,0.0,1.824154,0.614424,GBR,BGD,480253
7527935,97,22,6996,2006,20776.0,0.0,0.5776319999999999,2.076782,HKG,BGD,480253
7527936,103,22,6996,2006,513707.0,0.0,-0.21012399999999998,1.467838,IDN,BGD,480253
7527937,104,22,6996,2006,112526.0,0.0,0.285652,2.731318,IND,BGD,480253
7527938,111,22,6996,2006,22255.0,0.0,1.293779,0.93995,ITA,BGD,480253
7527939,114,22,6996,2006,268398.0,0.0,2.4348099999999997,0.082887,JPN,BGD,480253
7527940,4,23,6996,2006,0.0,4164.0,-0.340932,-0.06302200000000001,ALB,BGR,480253
7527941,15,23,6996,2006,66406.0,0.0,1.775669,0.192717,AUT,BGR,480253
7527942,41,23,6996,2006,4400.0,0.0,2.052534,0.515523,CHE,BGR,480253
7527943,43,23,6996,2006,1368.0,0.0,0.737888,2.54966,CHN,BGR,480253
7527944,59,23,6996,2006,44269.0,0.0,1.564058,0.6023649999999999,CZE,BGR,480253
7527945,61,23,6996,2006,208639.0,0.0,2.132566,-2.773669,DEU,BGR,480253
7527946,68,23,6996,2006,1038.0,0.0,-0.182272,0.40222399999999997,EGY,BGR,480253
7527947,71,23,6996,2006,1919.0,0.0,0.9091370000000001,2.068166,ESP,BGR,480253
7527948,74,23,6996,2006,14047.0,0.0,1.864038,0.8193940000000001,FIN,BGR,480253
7527949,77,23,6996,2006,208093.0,0.0,1.47591,0.489466,FRA,BGR,480253
7527950,81,23,6996,2006,2228.0,0.0,1.824154,0.614424,GBR,BGR,480253
7527951,82,23,6996,2006,0.0,30734.0,0.076711,-0.47216099999999994,GEO,BGR,480253
7527952,90,23,6996,2006,9158.0,0.0,0.261955,1.488958,GRC,BGR,480253
7527953,102,23,6996,2006,28936.0,0.0,1.4034309999999999,0.835144,HUN,BGR,480253
7527954,106,23,6996,2006,966.0,0.0,1.43804,0.06463200000000001,IRL,BGR,480253
7527955,111,23,6996,2006,161776.0,0.0,1.293779,0.93995,ITA,BGR,480253
7527956,114,23,6996,2006,2415.0,0.0,2.4348099999999997,0.082887,JPN,BGR,480253
7527957,135,23,6996,2006,0.0,2312.0,-0.017707,0.135305,MDA,BGR,480253
7527958,140,23,6996,2006,0.0,1112.0,-0.21336,0.17674700000000002,MKD,BGR,480253
7527959,162,23,6996,2006,25606.0,0.0,1.192134,1.450852,NLD,BGR,480253
7527960,166,23,6996,2006,0.0,582.0,0.5371,0.8240209999999999,NZL,BGR,480253
7527961,177,23,6996,2006,7328.0,0.0,0.991927,1.474418,POL,BGR,480253
7527962,179,23,6996,2006,3888.0,0.0,0.5723630000000001,1.92303,PRT,BGR,480253
7527963,185,23,6996,2006,28728.0,0.0,0.550825,1.170744,ROU,BGR,480253
7527964,186,23,6996,2006,0.0,3671.0,0.801197,0.104683,RUS,BGR,480253
7527965,201,23,6996,2006,0.0,3997.0,0.547824,1.5588879999999998,SRB,BGR,480253
7527966,206,23,6996,2006,124085.0,0.0,1.291583,0.868317,SVK,BGR,480253
7527967,207,23,6996,2006,35535.0,1064.0,1.5882370000000001,0.800719,SVN,BGR,480253
7527968,208,23,6996,2006,25865.0,0.0,1.902737,0.593294,SWE,BGR,480253
7527969,224,23,6996,2006,46198.0,5151.0,0.33971599999999996,2.193384,TUR,BGR,480253
7527970,231,23,6996,2006,37209.0,0.0,1.666643,-0.121679,USA,BGR,480253
7527971,15,24,6996,2006,1608.0,0.0,1.775669,0.192717,AUT,BHR,480253
7527972,18,24,6996,2006,13989.0,0.0,1.2222540000000002,1.383027,BEL,BHR,480253
7527973,61,24,6996,2006,32575.0,0.0,2.132566,-2.773669,DEU,BHR,480253
7527974,77,24,6996,2006,39229.0,0.0,1.47591,0.489466,FRA,BHR,480253
7527975,81,24,6996,2006,11511.0,0.0,1.824154,0.614424,GBR,BHR,480253
7527976,103,24,6996,2006,62210.0,0.0,-0.21012399999999998,1.467838,IDN,BHR,480253
7527977,104,24,6996,2006,28023.0,0.0,0.285652,2.731318,IND,BHR,480253
7527978,111,24,6996,2006,15726.0,0.0,1.293779,0.93995,ITA,BHR,480253
7527979,162,24,6996,2006,9325.0,0.0,1.192134,1.450852,NLD,BHR,480253
7527980,207,24,6996,2006,5467.0,0.0,1.5882370000000001,0.800719,SVN,BHR,480253
7527981,249,24,6996,2006,36853.0,0.0,1.619915,1.2289940000000001,TWN,BHR,480253
7527982,15,28,6996,2006,8696.0,0.0,1.775669,0.192717,AUT,BLR,480253
7527983,18,28,6996,2006,3314.0,0.0,1.2222540000000002,1.383027,BEL,BLR,480253
7527984,43,28,6996,2006,3260.0,0.0,0.737888,2.54966,CHN,BLR,480253
7527985,61,28,6996,2006,1938.0,0.0,2.132566,-2.773669,DEU,BLR,480253
7527986,71,28,6996,2006,1816.0,0.0,0.9091370000000001,2.068166,ESP,BLR,480253
7527987,72,28,6996,2006,1535.0,0.0,0.6426350000000001,0.925003,EST,BLR,480253
7527988,74,28,6996,2006,1038.0,0.0,1.864038,0.8193940000000001,FIN,BLR,480253
7527989,77,28,6996,2006,5178.0,0.0,1.47591,0.489466,FRA,BLR,480253
7527990,81,28,6996,2006,163960.0,0.0,1.824154,0.614424,GBR,BLR,480253
7527991,111,28,6996,2006,15887.0,0.0,1.293779,0.93995,ITA,BLR,480253
7527992,130,28,6996,2006,2859.0,0.0,0.44063599999999997,1.163857,LTU,BLR,480253
7527993,162,28,6996,2006,1179.0,0.0,1.192134,1.450852,NLD,BLR,480253
7527994,177,28,6996,2006,135330.0,2048.0,0.991927,1.474418,POL,BLR,480253
7527995,186,28,6996,2006,426861.0,0.0,0.801197,0.104683,RUS,BLR,480253
7527996,206,28,6996,2006,3846.0,0.0,1.291583,0.868317,SVK,BLR,480253
7527997,208,28,6996,2006,1981.0,0.0,1.902737,0.593294,SWE,BLR,480253
7527998,32,58,6996,2006,14558.0,0.0,0.633889,1.1474520000000001,BRA,CYP,480253
7527999,43,58,6996,2006,107800.0,0.0,0.737888,2.54966,CHN,CYP,480253
7528000,61,58,6996,2006,49228.0,0.0,2.132566,-2.773669,DEU,CYP,480253
7528001,71,58,6996,2006,76490.0,12977.0,0.9091370000000001,2.068166,ESP,CYP,480253
7528002,77,58,6996,2006,163142.0,0.0,1.47591,0.489466,FRA,CYP,480253
7528003,81,58,6996,2006,154693.0,0.0,1.824154,0.614424,GBR,CYP,480253
7528004,90,58,6996,2006,1308.0,0.0,0.261955,1.488958,GRC,CYP,480253
7528005,103,58,6996,2006,126307.0,0.0,-0.21012399999999998,1.467838,IDN,CYP,480253
7528006,104,58,6996,2006,3430.0,0.0,0.285652,2.731318,IND,CYP,480253
7528007,111,58,6996,2006,146694.0,0.0,1.293779,0.93995,ITA,CYP,480253
7528008,121,58,6996,2006,4383.0,0.0,1.5384309999999999,0.766628,KOR,CYP,480253
7528009,162,58,6996,2006,33817.0,0.0,1.192134,1.450852,NLD,CYP,480253
7528010,179,58,6996,2006,24826.0,0.0,0.5723630000000001,1.92303,PRT,CYP,480253
7528011,207,58,6996,2006,5296.0,0.0,1.5882370000000001,0.800719,SVN,CYP,480253
7528012,224,58,6996,2006,41266.0,0.0,0.33971599999999996,2.193384,TUR,CYP,480253
7528013,231,58,6996,2006,1799.0,0.0,1.666643,-0.121679,USA,CYP,480253
7528014,4,68,6996,2006,235912.0,0.0,-0.340932,-0.06302200000000001,ALB,EGY,480253
7528015,14,68,6996,2006,40714.0,0.0,0.067166,0.373148,AUS,EGY,480253
7528016,15,68,6996,2006,41807.0,0.0,1.775669,0.192717,AUT,EGY,480253
7528017,18,68,6996,2006,95092.0,0.0,1.2222540000000002,1.383027,BEL,EGY,480253
7528018,23,68,6996,2006,0.0,1038.0,0.414563,1.378005,BGR,EGY,480253
7528019,32,68,6996,2006,138086.0,0.0,0.633889,1.1474520000000001,BRA,EGY,480253
7528020,43,68,6996,2006,917835.0,0.0,0.737888,2.54966,CHN,EGY,480253
7528021,61,68,6996,2006,524383.0,0.0,2.132566,-2.773669,DEU,EGY,480253
7528022,71,68,6996,2006,3952.0,0.0,0.9091370000000001,2.068166,ESP,EGY,480253
7528023,73,68,6996,2006,43598.0,0.0,-0.9557180000000001,-0.9153479999999999,ETH,EGY,480253
7528024,74,68,6996,2006,449199.0,0.0,1.864038,0.8193940000000001,FIN,EGY,480253
7528025,77,68,6996,2006,571615.0,0.0,1.47591,0.489466,FRA,EGY,480253
7528026,81,68,6996,2006,2724932.0,0.0,1.824154,0.614424,GBR,EGY,480253
7528027,90,68,6996,2006,51778.0,0.0,0.261955,1.488958,GRC,EGY,480253
7528028,103,68,6996,2006,2257854.0,0.0,-0.21012399999999998,1.467838,IDN,EGY,480253
7528029,104,68,6996,2006,553313.0,0.0,0.285652,2.731318,IND,EGY,480253
7528030,111,68,6996,2006,188256.0,0.0,1.293779,0.93995,ITA,EGY,480253
7528031,114,68,6996,2006,697822.0,0.0,2.4348099999999997,0.082887,JPN,EGY,480253
7528032,116,68,6996,2006,0.0,20448.0,-0.38287899999999997,1.060286,KEN,EGY,480253
7528033,126,68,6996,2006,0.0,17226.0,-0.518724,-1.142074,LBY,EGY,480253
7528034,134,68,6996,2006,0.0,11620.0,-0.547933,0.08257300000000001,MAR,EGY,480253
7528035,136,68,6996,2006,0.0,7901.0,-1.024657,-0.393395,MDG,EGY,480253
7528036,162,68,6996,2006,24251.0,0.0,1.192134,1.450852,NLD,EGY,480253
7528037,179,68,6996,2006,44269.0,0.0,0.5723630000000001,1.92303,PRT,EGY,480253
7528038,185,68,6996,2006,475051.0,0.0,0.550825,1.170744,ROU,EGY,480253
7528039,186,68,6996,2006,1346822.0,0.0,0.801197,0.104683,RUS,EGY,480253
7528040,187,68,6996,2006,0.0,12424.0,-0.032827999999999996,-0.42937600000000004,RWA,EGY,480253
7528041,188,68,6996,2006,34074.0,7765.0,0.162432,-0.853059,SAU,EGY,480253
7528042,190,68,6996,2006,0.0,14131.0,-1.873762,-1.278378,SDN,EGY,480253
7528043,208,68,6996,2006,1097613.0,0.0,1.902737,0.593294,SWE,EGY,480253
7528044,216,68,6996,2006,220398.0,0.0,0.568209,1.685343,THA,EGY,480253
7528045,224,68,6996,2006,62211.0,5931.0,0.33971599999999996,2.193384,TUR,EGY,480253
7528046,231,68,6996,2006,179064.0,0.0,1.666643,-0.121679,USA,EGY,480253
7528047,246,68,6996,2006,46178.0,0.0,0.37964499999999995,1.466326,ZAF,EGY,480253
7528048,250,68,6996,2006,1097420.0,0.0,0.711619,-0.41880200000000006,ANS,EGY,480253
7528049,15,72,6996,2006,40876.0,0.0,1.775669,0.192717,AUT,EST,480253
7528050,16,72,6996,2006,0.0,44632.0,-0.521304,-1.035764,AZE,EST,480253
7528051,28,72,6996,2006,0.0,1535.0,0.919853,0.384409,BLR,EST,480253
7528052,39,72,6996,2006,9030.0,0.0,0.865685,1.1480489999999999,CAN,EST,480253
7528053,41,72,6996,2006,2419.0,0.0,2.052534,0.515523,CHE,EST,480253
7528054,43,72,6996,2006,1972.0,0.0,0.737888,2.54966,CHN,EST,480253
7528055,59,72,6996,2006,27909.0,0.0,1.564058,0.6023649999999999,CZE,EST,480253
7528056,61,72,6996,2006,157716.0,10374.0,2.132566,-2.773669,DEU,EST,480253
7528057,64,72,6996,2006,2127.0,0.0,1.2308700000000001,1.180914,DNK,EST,480253
7528058,71,72,6996,2006,1965.0,0.0,0.9091370000000001,2.068166,ESP,EST,480253
7528059,74,72,6996,2006,220955.0,7388.0,1.864038,0.8193940000000001,FIN,EST,480253
7528060,77,72,6996,2006,188891.0,0.0,1.47591,0.489466,FRA,EST,480253
7528061,81,72,6996,2006,23927.0,0.0,1.824154,0.614424,GBR,EST,480253
7528062,102,72,6996,2006,3153.0,0.0,1.4034309999999999,0.835144,HUN,EST,480253
7528063,111,72,6996,2006,39929.0,0.0,1.293779,0.93995,ITA,EST,480253
7528064,114,72,6996,2006,10226.0,0.0,2.4348099999999997,0.082887,JPN,EST,480253
7528065,115,72,6996,2006,0.0,970.0,0.038229,-0.579421,KAZ,EST,480253
7528066,130,72,6996,2006,12400.0,5392.0,0.44063599999999997,1.163857,LTU,EST,480253
7528067,132,72,6996,2006,210371.0,19802.0,0.531375,0.9414170000000001,LVA,EST,480253
7528068,135,72,6996,2006,0.0,5932.0,-0.017707,0.135305,MDA,EST,480253
7528069,162,72,6996,2006,13593.0,9282.0,1.192134,1.450852,NLD,EST,480253
7528070,177,72,6996,2006,25010.0,0.0,0.991927,1.474418,POL,EST,480253
7528071,179,72,6996,2006,2069.0,0.0,0.5723630000000001,1.92303,PRT,EST,480253
7528072,186,72,6996,2006,5025.0,158441.0,0.801197,0.104683,RUS,EST,480253
7528073,206,72,6996,2006,26513.0,0.0,1.291583,0.868317,SVK,EST,480253
7528074,208,72,6996,2006,184229.0,1886.0,1.902737,0.593294,SWE,EST,480253
7528075,228,72,6996,2006,0.0,22015.0,0.7008439999999999,0.79656,UKR,EST,480253
7528076,231,72,6996,2006,1535.0,0.0,1.666643,-0.121679,USA,EST,480253
7528077,249,72,6996,2006,1619.0,0.0,1.619915,1.2289940000000001,TWN,EST,480253
7528078,250,72,6996,2006,57137.0,0.0,0.711619,-0.41880200000000006,ANS,EST,480253
7528079,7,82,6996,2006,5359.0,0.0,0.053903999999999994,-0.735124,ARE,GEO,480253
7528080,16,82,6996,2006,2825.0,0.0,-0.521304,-1.035764,AZE,GEO,480253
7528081,23,82,6996,2006,30734.0,0.0,0.414563,1.378005,BGR,GEO,480253
7528082,43,82,6996,2006,3856.0,0.0,0.737888,2.54966,CHN,GEO,480253
7528083,61,82,6996,2006,956.0,0.0,2.132566,-2.773669,DEU,GEO,480253
7528084,74,82,6996,2006,13097.0,0.0,1.864038,0.8193940000000001,FIN,GEO,480253
7528085,81,82,6996,2006,9612.0,0.0,1.824154,0.614424,GBR,GEO,480253
7528086,103,82,6996,2006,12745.0,0.0,-0.21012399999999998,1.467838,IDN,GEO,480253
7528087,111,82,6996,2006,77398.0,0.0,1.293779,0.93995,ITA,GEO,480253
7528088,162,82,6996,2006,1189.0,0.0,1.192134,1.450852,NLD,GEO,480253
7528089,186,82,6996,2006,32001.0,0.0,0.801197,0.104683,RUS,GEO,480253
7528090,224,82,6996,2006,8811.0,0.0,0.33971599999999996,2.193384,TUR,GEO,480253
7528091,232,82,6996,2006,29702.0,0.0,-0.457759,-0.784626,UZB,GEO,480253
7528092,15,100,6996,2006,96066.0,0.0,1.775669,0.192717,AUT,HRV,480253
7528093,18,100,6996,2006,1251.0,0.0,1.2222540000000002,1.383027,BEL,HRV,480253
7528094,26,100,6996,2006,7350.0,10984.0,0.40788800000000003,0.562854,BIH,HRV,480253
7528095,43,100,6996,2006,5879.0,0.0,0.737888,2.54966,CHN,HRV,480253
7528096,59,100,6996,2006,2596.0,0.0,1.564058,0.6023649999999999,CZE,HRV,480253
7528097,61,100,6996,2006,320601.0,3420.0,2.132566,-2.773669,DEU,HRV,480253
7528098,77,100,6996,2006,520669.0,4437.0,1.47591,0.489466,FRA,HRV,480253
7528099,81,100,6996,2006,12363.0,0.0,1.824154,0.614424,GBR,HRV,480253
7528100,102,100,6996,2006,22628.0,1128.0,1.4034309999999999,0.835144,HUN,HRV,480253
7528101,106,100,6996,2006,4535.0,0.0,1.43804,0.06463200000000001,IRL,HRV,480253
7528102,111,100,6996,2006,384106.0,0.0,1.293779,0.93995,ITA,HRV,480253
7528103,114,100,6996,2006,576.0,0.0,2.4348099999999997,0.082887,JPN,HRV,480253
7528104,140,100,6996,2006,0.0,4002.0,-0.21336,0.17674700000000002,MKD,HRV,480253
7528105,162,100,6996,2006,8458.0,0.0,1.192134,1.450852,NLD,HRV,480253
7528106,177,100,6996,2006,21873.0,0.0,0.991927,1.474418,POL,HRV,480253
7528107,201,100,6996,2006,0.0,72095.0,0.547824,1.5588879999999998,SRB,HRV,480253
7528108,206,100,6996,2006,101147.0,0.0,1.291583,0.868317,SVK,HRV,480253
7528109,207,100,6996,2006,471300.0,43052.0,1.5882370000000001,0.800719,SVN,HRV,480253
7528110,208,100,6996,2006,6677.0,0.0,1.902737,0.593294,SWE,HRV,480253
7528111,231,100,6996,2006,955.0,0.0,1.666643,-0.121679,USA,HRV,480253
7528112,15,102,6996,2006,1491916.0,2922.0,1.775669,0.192717,AUT,HUN,480253
7528113,18,102,6996,2006,6760.0,0.0,1.2222540000000002,1.383027,BEL,HUN,480253
7528114,23,102,6996,2006,0.0,28936.0,0.414563,1.378005,BGR,HUN,480253
7528115,26,102,6996,2006,0.0,24557.0,0.40788800000000003,0.562854,BIH,HUN,480253
7528116,41,102,6996,2006,40163.0,0.0,2.052534,0.515523,CHE,HUN,480253
7528117,59,102,6996,2006,395302.0,89991.0,1.564058,0.6023649999999999,CZE,HUN,480253
7528118,61,102,6996,2006,444724.0,5932.0,2.132566,-2.773669,DEU,HUN,480253
7528119,64,102,6996,2006,40513.0,0.0,1.2308700000000001,1.180914,DNK,HUN,480253
7528120,71,102,6996,2006,43634.0,0.0,0.9091370000000001,2.068166,ESP,HUN,480253
7528121,72,102,6996,2006,0.0,3153.0,0.6426350000000001,0.925003,EST,HUN,480253
7528122,77,102,6996,2006,474217.0,0.0,1.47591,0.489466,FRA,HUN,480253
7528123,81,102,6996,2006,34741.0,18288.0,1.824154,0.614424,GBR,HUN,480253
7528124,90,102,6996,2006,0.0,67843.0,0.261955,1.488958,GRC,HUN,480253
7528125,100,102,6996,2006,1128.0,22628.0,0.755787,0.992614,HRV,HUN,480253
7528126,106,102,6996,2006,0.0,925.0,1.43804,0.06463200000000001,IRL,HUN,480253
7528127,111,102,6996,2006,374238.0,0.0,1.293779,0.93995,ITA,HUN,480253
7528128,121,102,6996,2006,0.0,7185.0,1.5384309999999999,0.766628,KOR,HUN,480253
7528129,124,102,6996,2006,1556.0,0.0,0.3861,1.586183,LBN,HUN,480253
7528130,131,102,6996,2006,2644.0,0.0,1.4345620000000001,0.8840819999999999,LUX,HUN,480253
7528131,140,102,6996,2006,0.0,937.0,-0.21336,0.17674700000000002,MKD,HUN,480253
7528132,162,102,6996,2006,88004.0,0.0,1.192134,1.450852,NLD,HUN,480253
7528133,163,102,6996,2006,0.0,18100.0,1.0787930000000001,0.014051,NOR,HUN,480253
7528134,177,102,6996,2006,72738.0,70186.0,0.991927,1.474418,POL,HUN,480253
7528135,185,102,6996,2006,0.0,139848.0,0.550825,1.170744,ROU,HUN,480253
7528136,201,102,6996,2006,0.0,55376.0,0.547824,1.5588879999999998,SRB,HUN,480253
7528137,206,102,6996,2006,889649.0,46638.0,1.291583,0.868317,SVK,HUN,480253
7528138,207,102,6996,2006,36778.0,14282.0,1.5882370000000001,0.800719,SVN,HUN,480253
7528139,208,102,6996,2006,86429.0,0.0,1.902737,0.593294,SWE,HUN,480253
7528140,224,102,6996,2006,0.0,9435.0,0.33971599999999996,2.193384,TUR,HUN,480253
7528141,228,102,6996,2006,0.0,31789.0,0.7008439999999999,0.79656,UKR,HUN,480253
7528142,32,107,6996,2006,104084.0,0.0,0.633889,1.1474520000000001,BRA,IRN,480253
7528143,39,107,6996,2006,223626.0,0.0,0.865685,1.1480489999999999,CAN,IRN,480253
7528144,41,107,6996,2006,1431.0,0.0,2.052534,0.515523,CHE,IRN,480253
7528145,43,107,6996,2006,13324.0,0.0,0.737888,2.54966,CHN,IRN,480253
7528146,61,107,6996,2006,167751.0,0.0,2.132566,-2.773669,DEU,IRN,480253
7528147,71,107,6996,2006,15538.0,0.0,0.9091370000000001,2.068166,ESP,IRN,480253
7528148,77,107,6996,2006,348008.0,0.0,1.47591,0.489466,FRA,IRN,480253
7528149,81,107,6996,2006,67119.0,0.0,1.824154,0.614424,GBR,IRN,480253
7528150,103,107,6996,2006,6493914.0,0.0,-0.21012399999999998,1.467838,IDN,IRN,480253
7528151,104,107,6996,2006,33293.0,0.0,0.285652,2.731318,IND,IRN,480253
7528152,111,107,6996,2006,238203.0,0.0,1.293779,0.93995,ITA,IRN,480253
7528153,162,107,6996,2006,115725.0,0.0,1.192134,1.450852,NLD,IRN,480253
7528154,185,107,6996,2006,0.0,3533.0,0.550825,1.170744,ROU,IRN,480253
7528155,186,107,6996,2006,1279.0,0.0,0.801197,0.104683,RUS,IRN,480253
7528156,208,107,6996,2006,6791.0,0.0,1.902737,0.593294,SWE,IRN,480253
7528157,224,107,6996,2006,2464.0,0.0,0.33971599999999996,2.193384,TUR,IRN,480253
7528158,15,113,6996,2006,87132.0,0.0,1.775669,0.192717,AUT,JOR,480253
7528159,18,113,6996,2006,7323.0,0.0,1.2222540000000002,1.383027,BEL,JOR,480253
7528160,32,113,6996,2006,117205.0,0.0,0.633889,1.1474520000000001,BRA,JOR,480253
7528161,43,113,6996,2006,13970.0,0.0,0.737888,2.54966,CHN,JOR,480253
7528162,61,113,6996,2006,107600.0,0.0,2.132566,-2.773669,DEU,JOR,480253
7528163,71,113,6996,2006,20801.0,0.0,0.9091370000000001,2.068166,ESP,JOR,480253
7528164,77,113,6996,2006,25972.0,0.0,1.47591,0.489466,FRA,JOR,480253
7528165,81,113,6996,2006,25751.0,0.0,1.824154,0.614424,GBR,JOR,480253
7528166,103,113,6996,2006,739930.0,0.0,-0.21012399999999998,1.467838,IDN,JOR,480253
7528167,104,113,6996,2006,28089.0,0.0,0.285652,2.731318,IND,JOR,480253
7528168,111,113,6996,2006,98492.0,0.0,1.293779,0.93995,ITA,JOR,480253
7528169,114,113,6996,2006,11618.0,0.0,2.4348099999999997,0.082887,JPN,JOR,480253
7528170,124,113,6996,2006,52311.0,0.0,0.3861,1.586183,LBN,JOR,480253
7528171,162,113,6996,2006,17696.0,0.0,1.192134,1.450852,NLD,JOR,480253
7528172,168,113,6996,2006,1416.0,0.0,-0.449333,0.563013,PAK,JOR,480253
7528173,207,113,6996,2006,14000.0,0.0,1.5882370000000001,0.800719,SVN,JOR,480253
7528174,208,113,6996,2006,7046.0,0.0,1.902737,0.593294,SWE,JOR,480253
7528175,224,113,6996,2006,159475.0,0.0,0.33971599999999996,2.193384,TUR,JOR,480253
7528176,231,113,6996,2006,160375.0,0.0,1.666643,-0.121679,USA,JOR,480253
7528177,250,113,6996,2006,0.0,39493.0,0.711619,-0.41880200000000006,ANS,JOR,480253
7528178,18,115,6996,2006,14940.0,0.0,1.2222540000000002,1.383027,BEL,KAZ,480253
7528179,43,115,6996,2006,68265.0,0.0,0.737888,2.54966,CHN,KAZ,480253
7528180,61,115,6996,2006,61553.0,0.0,2.132566,-2.773669,DEU,KAZ,480253
7528181,72,115,6996,2006,970.0,0.0,0.6426350000000001,0.925003,EST,KAZ,480253
7528182,74,115,6996,2006,37632.0,0.0,1.864038,0.8193940000000001,FIN,KAZ,480253
7528183,77,115,6996,2006,2319.0,0.0,1.47591,0.489466,FRA,KAZ,480253
7528184,81,115,6996,2006,4484.0,0.0,1.824154,0.614424,GBR,KAZ,480253
7528185,103,115,6996,2006,3256.0,0.0,-0.21012399999999998,1.467838,IDN,KAZ,480253
7528186,111,115,6996,2006,21216.0,0.0,1.293779,0.93995,ITA,KAZ,480253
7528187,121,115,6996,2006,7172.0,0.0,1.5384309999999999,0.766628,KOR,KAZ,480253
7528188,162,115,6996,2006,2380.0,0.0,1.192134,1.450852,NLD,KAZ,480253
7528189,186,115,6996,2006,864770.0,0.0,0.801197,0.104683,RUS,KAZ,480253
7528190,206,115,6996,2006,36087.0,0.0,1.291583,0.868317,SVK,KAZ,480253
7528191,207,115,6996,2006,1520.0,0.0,1.5882370000000001,0.800719,SVN,KAZ,480253
7528192,208,115,6996,2006,210064.0,0.0,1.902737,0.593294,SWE,KAZ,480253
7528193,224,115,6996,2006,26104.0,0.0,0.33971599999999996,2.193384,TUR,KAZ,480253
7528194,228,115,6996,2006,16080.0,0.0,0.7008439999999999,0.79656,UKR,KAZ,480253
7528195,231,115,6996,2006,2201.0,0.0,1.666643,-0.121679,USA,KAZ,480253
7528196,41,116,6996,2006,18778.0,0.0,2.052534,0.515523,CHE,KEN,480253
7528197,43,116,6996,2006,127192.0,0.0,0.737888,2.54966,CHN,KEN,480253
7528198,61,116,6996,2006,35196.0,0.0,2.132566,-2.773669,DEU,KEN,480253
7528199,68,116,6996,2006,20448.0,0.0,-0.182272,0.40222399999999997,EGY,KEN,480253
7528200,71,116,6996,2006,5903.0,0.0,0.9091370000000001,2.068166,ESP,KEN,480253
7528201,74,116,6996,2006,6102.0,0.0,1.864038,0.8193940000000001,FIN,KEN,480253
7528202,77,116,6996,2006,10644.0,0.0,1.47591,0.489466,FRA,KEN,480253
7528203,81,116,6996,2006,42721.0,0.0,1.824154,0.614424,GBR,KEN,480253
7528204,103,116,6996,2006,91716.0,0.0,-0.21012399999999998,1.467838,IDN,KEN,480253
7528205,104,116,6996,2006,353703.0,0.0,0.285652,2.731318,IND,KEN,480253
7528206,111,116,6996,2006,30707.0,0.0,1.293779,0.93995,ITA,KEN,480253
7528207,162,116,6996,2006,4323.0,0.0,1.192134,1.450852,NLD,KEN,480253
7528208,179,116,6996,2006,47911.0,0.0,0.5723630000000001,1.92303,PRT,KEN,480253
7528209,208,116,6996,2006,61244.0,0.0,1.902737,0.593294,SWE,KEN,480253
7528210,226,116,6996,2006,20877.0,21918.0,-0.953097,0.159129,TZA,KEN,480253
7528211,227,116,6996,2006,0.0,260661.0,-0.702511,-0.43976099999999996,UGA,KEN,480253
7528212,246,116,6996,2006,11493.0,0.0,0.37964499999999995,1.466326,ZAF,KEN,480253
7528213,74,117,6996,2006,1259.0,0.0,1.864038,0.8193940000000001,FIN,KGZ,480253
7528214,111,117,6996,2006,2720.0,0.0,1.293779,0.93995,ITA,KGZ,480253
7528215,179,117,6996,2006,981.0,0.0,0.5723630000000001,1.92303,PRT,KGZ,480253
7528216,186,117,6996,2006,69811.0,0.0,0.801197,0.104683,RUS,KGZ,480253
7528217,208,117,6996,2006,2599.0,0.0,1.902737,0.593294,SWE,KGZ,480253
7528218,224,117,6996,2006,1766.0,0.0,0.33971599999999996,2.193384,TUR,KGZ,480253
7528219,15,122,6996,2006,8539.0,0.0,1.775669,0.192717,AUT,KWT,480253
7528220,61,122,6996,2006,907.0,0.0,2.132566,-2.773669,DEU,KWT,480253
7528221,71,122,6996,2006,27885.0,0.0,0.9091370000000001,2.068166,ESP,KWT,480253
7528222,77,122,6996,2006,18201.0,0.0,1.47591,0.489466,FRA,KWT,480253
7528223,81,122,6996,2006,85163.0,0.0,1.824154,0.614424,GBR,KWT,480253
7528224,103,122,6996,2006,195989.0,0.0,-0.21012399999999998,1.467838,IDN,KWT,480253
7528225,104,122,6996,2006,38723.0,0.0,0.285652,2.731318,IND,KWT,480253
7528226,111,122,6996,2006,1198.0,0.0,1.293779,0.93995,ITA,KWT,480253
7528227,162,122,6996,2006,3430.0,0.0,1.192134,1.450852,NLD,KWT,480253
7528228,246,122,6996,2006,32600.0,0.0,0.37964499999999995,1.466326,ZAF,KWT,480253
7528229,15,124,6996,2006,6989.0,0.0,1.775669,0.192717,AUT,LBN,480253
7528230,18,124,6996,2006,12191.0,0.0,1.2222540000000002,1.383027,BEL,LBN,480253
7528231,32,124,6996,2006,236116.0,0.0,0.633889,1.1474520000000001,BRA,LBN,480253
7528232,43,124,6996,2006,12547.0,0.0,0.737888,2.54966,CHN,LBN,480253
7528233,61,124,6996,2006,49703.0,0.0,2.132566,-2.773669,DEU,LBN,480253
7528234,71,124,6996,2006,8134.0,0.0,0.9091370000000001,2.068166,ESP,LBN,480253
7528235,77,124,6996,2006,316004.0,0.0,1.47591,0.489466,FRA,LBN,480253
7528236,81,124,6996,2006,29987.0,0.0,1.824154,0.614424,GBR,LBN,480253
7528237,83,124,6996,2006,0.0,13997.0,-0.9934860000000001,-0.809318,GHA,LBN,480253
7528238,102,124,6996,2006,0.0,1556.0,1.4034309999999999,0.835144,HUN,LBN,480253
7528239,103,124,6996,2006,94077.0,0.0,-0.21012399999999998,1.467838,IDN,LBN,480253
7528240,111,124,6996,2006,56881.0,0.0,1.293779,0.93995,ITA,LBN,480253
7528241,113,124,6996,2006,0.0,52311.0,0.166718,0.331248,JOR,LBN,480253
7528242,121,124,6996,2006,49442.0,0.0,1.5384309999999999,0.766628,KOR,LBN,480253
7528243,134,124,6996,2006,0.0,5801.0,-0.547933,0.08257300000000001,MAR,LBN,480253
7528244,162,124,6996,2006,14140.0,0.0,1.192134,1.450852,NLD,LBN,480253
7528245,179,124,6996,2006,27014.0,0.0,0.5723630000000001,1.92303,PRT,LBN,480253
7528246,188,124,6996,2006,0.0,20145.0,0.162432,-0.853059,SAU,LBN,480253
7528247,207,124,6996,2006,31151.0,0.0,1.5882370000000001,0.800719,SVN,LBN,480253
7528248,212,124,6996,2006,0.0,118476.0,-0.588695,0.532487,SYR,LBN,480253
7528249,231,124,6996,2006,48513.0,0.0,1.666643,-0.121679,USA,LBN,480253
7528250,15,130,6996,2006,6939.0,0.0,1.775669,0.192717,AUT,LTU,480253
7528251,28,130,6996,2006,0.0,2859.0,0.919853,0.384409,BLR,LTU,480253
7528252,41,130,6996,2006,5901.0,0.0,2.052534,0.515523,CHE,LTU,480253
7528253,43,130,6996,2006,12184.0,0.0,0.737888,2.54966,CHN,LTU,480253
7528254,59,130,6996,2006,20832.0,0.0,1.564058,0.6023649999999999,CZE,LTU,480253
7528255,61,130,6996,2006,106342.0,0.0,2.132566,-2.773669,DEU,LTU,480253
7528256,64,130,6996,2006,4035.0,0.0,1.2308700000000001,1.180914,DNK,LTU,480253
7528257,71,130,6996,2006,3237.0,0.0,0.9091370000000001,2.068166,ESP,LTU,480253
7528258,72,130,6996,2006,5392.0,12400.0,0.6426350000000001,0.925003,EST,LTU,480253
7528259,74,130,6996,2006,34163.0,0.0,1.864038,0.8193940000000001,FIN,LTU,480253
7528260,77,130,6996,2006,17827.0,0.0,1.47591,0.489466,FRA,LTU,480253
7528261,81,130,6996,2006,20585.0,0.0,1.824154,0.614424,GBR,LTU,480253
7528262,103,130,6996,2006,3546.0,0.0,-0.21012399999999998,1.467838,IDN,LTU,480253
7528263,111,130,6996,2006,28446.0,0.0,1.293779,0.93995,ITA,LTU,480253
7528264,132,130,6996,2006,380061.0,32710.0,0.531375,0.9414170000000001,LVA,LTU,480253
7528265,162,130,6996,2006,2572.0,0.0,1.192134,1.450852,NLD,LTU,480253
7528266,177,130,6996,2006,43506.0,0.0,0.991927,1.474418,POL,LTU,480253
7528267,179,130,6996,2006,825.0,0.0,0.5723630000000001,1.92303,PRT,LTU,480253
7528268,186,130,6996,2006,130656.0,44804.0,0.801197,0.104683,RUS,LTU,480253
7528269,206,130,6996,2006,240050.0,0.0,1.291583,0.868317,SVK,LTU,480253
7528270,208,130,6996,2006,177448.0,0.0,1.902737,0.593294,SWE,LTU,480253
7528271,15,131,6996,2006,1672.0,0.0,1.775669,0.192717,AUT,LUX,480253
7528272,18,131,6996,2006,741519.0,953798.0,1.2222540000000002,1.383027,BEL,LUX,480253
7528273,41,131,6996,2006,11729.0,0.0,2.052534,0.515523,CHE,LUX,480253
7528274,49,131,6996,2006,0.0,8568.0,0.129887,0.44371700000000003,COL,LUX,480253
7528275,61,131,6996,2006,296372.0,24499.0,2.132566,-2.773669,DEU,LUX,480253
7528276,74,131,6996,2006,2966.0,0.0,1.864038,0.8193940000000001,FIN,LUX,480253
7528277,77,131,6996,2006,121092.0,24460.0,1.47591,0.489466,FRA,LUX,480253
7528278,81,131,6996,2006,6598.0,0.0,1.824154,0.614424,GBR,LUX,480253
7528279,102,131,6996,2006,0.0,2644.0,1.4034309999999999,0.835144,HUN,LUX,480253
7528280,111,131,6996,2006,31573.0,0.0,1.293779,0.93995,ITA,LUX,480253
7528281,162,131,6996,2006,133167.0,0.0,1.192134,1.450852,NLD,LUX,480253
7528282,177,131,6996,2006,2127.0,0.0,0.991927,1.474418,POL,LUX,480253
7528283,206,131,6996,2006,3650.0,0.0,1.291583,0.868317,SVK,LUX,480253
7528284,15,132,6996,2006,7764.0,0.0,1.775669,0.192717,AUT,LVA,480253
7528285,59,132,6996,2006,86613.0,0.0,1.564058,0.6023649999999999,CZE,LVA,480253
7528286,61,132,6996,2006,114790.0,0.0,2.132566,-2.773669,DEU,LVA,480253
7528287,64,132,6996,2006,36415.0,1498.0,1.2308700000000001,1.180914,DNK,LVA,480253
7528288,71,132,6996,2006,4138.0,0.0,0.9091370000000001,2.068166,ESP,LVA,480253
7528289,72,132,6996,2006,19802.0,210371.0,0.6426350000000001,0.925003,EST,LVA,480253
7528290,74,132,6996,2006,86460.0,0.0,1.864038,0.8193940000000001,FIN,LVA,480253
7528291,77,132,6996,2006,76707.0,0.0,1.47591,0.489466,FRA,LVA,480253
7528292,81,132,6996,2006,59956.0,0.0,1.824154,0.614424,GBR,LVA,480253
7528293,111,132,6996,2006,127245.0,0.0,1.293779,0.93995,ITA,LVA,480253
7528294,130,132,6996,2006,32710.0,380061.0,0.44063599999999997,1.163857,LTU,LVA,480253
7528295,135,132,6996,2006,0.0,2619.0,-0.017707,0.135305,MDA,LVA,480253
7528296,162,132,6996,2006,7624.0,0.0,1.192134,1.450852,NLD,LVA,480253
7528297,177,132,6996,2006,43598.0,0.0,0.991927,1.474418,POL,LVA,480253
7528298,186,132,6996,2006,81029.0,3596.0,0.801197,0.104683,RUS,LVA,480253
7528299,206,132,6996,2006,20088.0,0.0,1.291583,0.868317,SVK,LVA,480253
7528300,208,132,6996,2006,3356254.0,31245.0,1.902737,0.593294,SWE,LVA,480253
7528301,228,132,6996,2006,0.0,5518.0,0.7008439999999999,0.79656,UKR,LVA,480253
7528302,231,132,6996,2006,0.0,68620.0,1.666643,-0.121679,USA,LVA,480253
7528303,61,147,6996,2006,2543.0,0.0,2.132566,-2.773669,DEU,MOZ,480253
7528304,71,147,6996,2006,17191.0,0.0,0.9091370000000001,2.068166,ESP,MOZ,480253
7528305,103,147,6996,2006,133245.0,0.0,-0.21012399999999998,1.467838,IDN,MOZ,480253
7528306,121,147,6996,2006,11083.0,0.0,1.5384309999999999,0.766628,KOR,MOZ,480253
7528307,179,147,6996,2006,2524.0,0.0,0.5723630000000001,1.92303,PRT,MOZ,480253
7528308,192,147,6996,2006,37297.0,0.0,1.5377379999999998,0.503089,SGP,MOZ,480253
7528309,208,147,6996,2006,11673.0,0.0,1.902737,0.593294,SWE,MOZ,480253
7528310,246,147,6996,2006,21639.0,0.0,0.37964499999999995,1.466326,ZAF,MOZ,480253
7528311,4,163,6996,2006,0.0,38760.0,-0.340932,-0.06302200000000001,ALB,NOR,480253
7528312,15,163,6996,2006,366711.0,0.0,1.775669,0.192717,AUT,NOR,480253
7528313,18,163,6996,2006,4530.0,0.0,1.2222540000000002,1.383027,BEL,NOR,480253
7528314,41,163,6996,2006,42577.0,0.0,2.052534,0.515523,CHE,NOR,480253
7528315,43,163,6996,2006,27035.0,0.0,0.737888,2.54966,CHN,NOR,480253
7528316,61,163,6996,2006,529423.0,226992.0,2.132566,-2.773669,DEU,NOR,480253
7528317,64,163,6996,2006,35491.0,1035937.0,1.2308700000000001,1.180914,DNK,NOR,480253
7528318,71,163,6996,2006,4758.0,180967.0,0.9091370000000001,2.068166,ESP,NOR,480253
7528319,74,163,6996,2006,11894.0,978.0,1.864038,0.8193940000000001,FIN,NOR,480253
7528320,77,163,6996,2006,284450.0,0.0,1.47591,0.489466,FRA,NOR,480253
7528321,81,163,6996,2006,1560292.0,30764.0,1.824154,0.614424,GBR,NOR,480253
7528322,102,163,6996,2006,18100.0,0.0,1.4034309999999999,0.835144,HUN,NOR,480253
7528323,103,163,6996,2006,0.0,24230.0,-0.21012399999999998,1.467838,IDN,NOR,480253
7528324,111,163,6996,2006,108881.0,0.0,1.293779,0.93995,ITA,NOR,480253
7528325,114,163,6996,2006,6825.0,0.0,2.4348099999999997,0.082887,JPN,NOR,480253
7528326,159,163,6996,2006,0.0,1259911.0,-2.094353,-1.215025,NGA,NOR,480253
7528327,162,163,6996,2006,243927.0,4444.0,1.192134,1.450852,NLD,NOR,480253
7528328,177,163,6996,2006,13173.0,1823.0,0.991927,1.474418,POL,NOR,480253
7528329,206,163,6996,2006,100343.0,0.0,1.291583,0.868317,SVK,NOR,480253
7528330,208,163,6996,2006,3630766.0,87245.0,1.902737,0.593294,SWE,NOR,480253
7528331,216,163,6996,2006,16577.0,0.0,0.568209,1.685343,THA,NOR,480253
7528332,231,163,6996,2006,7792.0,0.0,1.666643,-0.121679,USA,NOR,480253
7528333,7,167,6996,2006,13563.0,0.0,0.053903999999999994,-0.735124,ARE,OMN,480253
7528334,18,167,6996,2006,12847.0,0.0,1.2222540000000002,1.383027,BEL,OMN,480253
7528335,32,167,6996,2006,57992.0,0.0,0.633889,1.1474520000000001,BRA,OMN,480253
7528336,77,167,6996,2006,3059.0,0.0,1.47591,0.489466,FRA,OMN,480253
7528337,2,179,6996,2006,0.0,204503.0,-2.0822979999999998,-1.176767,AGO,PRT,480253
7528338,14,179,6996,2006,0.0,273849.0,0.067166,0.373148,AUS,PRT,480253
7528339,15,179,6996,2006,76681.0,18280.0,1.775669,0.192717,AUT,PRT,480253
7528340,18,179,6996,2006,10404.0,288856.0,1.2222540000000002,1.383027,BEL,PRT,480253
7528341,23,179,6996,2006,0.0,3888.0,0.414563,1.378005,BGR,PRT,480253
7528342,39,179,6996,2006,0.0,16549.0,0.865685,1.1480489999999999,CAN,PRT,480253
7528343,41,179,6996,2006,14970.0,103153.0,2.052534,0.515523,CHE,PRT,480253
7528344,43,179,6996,2006,0.0,296604.0,0.737888,2.54966,CHN,PRT,480253
7528345,51,179,6996,2006,0.0,3569.0,0.369814,-0.414812,CPV,PRT,480253
7528346,58,179,6996,2006,0.0,24826.0,0.708267,-0.048096,CYP,PRT,480253
7528347,61,179,6996,2006,230423.0,1707374.0,2.132566,-2.773669,DEU,PRT,480253
7528348,64,179,6996,2006,9106.0,315189.0,1.2308700000000001,1.180914,DNK,PRT,480253
7528349,68,179,6996,2006,0.0,44269.0,-0.182272,0.40222399999999997,EGY,PRT,480253
7528350,71,179,6996,2006,2725916.0,12478030.0,0.9091370000000001,2.068166,ESP,PRT,480253
7528351,72,179,6996,2006,0.0,2069.0,0.6426350000000001,0.925003,EST,PRT,480253
7528352,74,179,6996,2006,3649.0,2704.0,1.864038,0.8193940000000001,FIN,PRT,480253
7528353,77,179,6996,2006,1236513.0,524499.0,1.47591,0.489466,FRA,PRT,480253
7528354,81,179,6996,2006,87093.0,150551.0,1.824154,0.614424,GBR,PRT,480253
7528355,90,179,6996,2006,0.0,21139.0,0.261955,1.488958,GRC,PRT,480253
7528356,97,179,6996,2006,0.0,1621918.0,0.5776319999999999,2.076782,HKG,PRT,480253
7528357,106,179,6996,2006,0.0,17829.0,1.43804,0.06463200000000001,IRL,PRT,480253
7528358,110,179,6996,2006,0.0,71880.0,1.3082129999999998,0.783845,ISR,PRT,480253
7528359,111,179,6996,2006,436774.0,246027.0,1.293779,0.93995,ITA,PRT,480253
7528360,116,179,6996,2006,0.0,47911.0,-0.38287899999999997,1.060286,KEN,PRT,480253
7528361,117,179,6996,2006,0.0,981.0,-0.034069,0.136694,KGZ,PRT,480253
7528362,124,179,6996,2006,0.0,27014.0,0.3861,1.586183,LBN,PRT,480253
7528363,130,179,6996,2006,0.0,825.0,0.44063599999999997,1.163857,LTU,PRT,480253
7528364,134,179,6996,2006,0.0,17199.0,-0.547933,0.08257300000000001,MAR,PRT,480253
7528365,142,179,6996,2006,0.0,36459.0,1.384411,0.093734,MLT,PRT,480253
7528366,147,179,6996,2006,0.0,2524.0,-1.0250629999999998,-1.067359,MOZ,PRT,480253
7528367,151,179,6996,2006,0.0,17012.0,-0.311109,-0.07267,MUS,PRT,480253
7528368,154,179,6996,2006,0.0,932.0,1.1370049999999998,0.131896,MYT,PRT,480253
7528369,162,179,6996,2006,287487.0,917901.0,1.192134,1.450852,NLD,PRT,480253
7528370,166,179,6996,2006,0.0,11923.0,0.5371,0.8240209999999999,NZL,PRT,480253
7528371,173,179,6996,2006,0.0,45402.0,-0.551095,0.044295,PER,PRT,480253
7528372,177,179,6996,2006,0.0,8656.0,0.991927,1.474418,POL,PRT,480253
7528373,185,179,6996,2006,0.0,3239.0,0.550825,1.170744,ROU,PRT,480253
7528374,188,179,6996,2006,0.0,55211.0,0.162432,-0.853059,SAU,PRT,480253
7528375,198,179,6996,2006,0.0,73626.0,1.3203340000000001,0.385184,SMR,PRT,480253
7528376,203,179,6996,2006,0.0,2837.0,0.805511,-0.19645,STP,PRT,480253
7528377,206,179,6996,2006,1704.0,0.0,1.291583,0.868317,SVK,PRT,480253
7528378,207,179,6996,2006,0.0,1250.0,1.5882370000000001,0.800719,SVN,PRT,480253
7528379,208,179,6996,2006,114683.0,0.0,1.902737,0.593294,SWE,PRT,480253
7528380,212,179,6996,2006,0.0,195749.0,-0.588695,0.532487,SYR,PRT,480253
7528381,224,179,6996,2006,0.0,1051106.0,0.33971599999999996,2.193384,TUR,PRT,480253
7528382,231,179,6996,2006,54119.0,11047.0,1.666643,-0.121679,USA,PRT,480253
7528383,249,179,6996,2006,0.0,30222.0,1.619915,1.2289940000000001,TWN,PRT,480253
7528384,4,186,6996,2006,0.0,29418.0,-0.340932,-0.06302200000000001,ALB,RUS,480253
7528385,9,186,6996,2006,0.0,18267.0,0.14539100000000002,-0.558014,ARM,RUS,480253
7528386,15,186,6996,2006,394558.0,0.0,1.775669,0.192717,AUT,RUS,480253
7528387,16,186,6996,2006,0.0,32818.0,-0.521304,-1.035764,AZE,RUS,480253
7528388,18,186,6996,2006,698451.0,0.0,1.2222540000000002,1.383027,BEL,RUS,480253
7528389,23,186,6996,2006,3671.0,0.0,0.414563,1.378005,BGR,RUS,480253
7528390,28,186,6996,2006,0.0,426861.0,0.919853,0.384409,BLR,RUS,480253
7528391,41,186,6996,2006,29906.0,0.0,2.052534,0.515523,CHE,RUS,480253
7528392,43,186,6996,2006,43156.0,0.0,0.737888,2.54966,CHN,RUS,480253
7528393,61,186,6996,2006,1289239.0,0.0,2.132566,-2.773669,DEU,RUS,480253
7528394,64,186,6996,2006,5032.0,0.0,1.2308700000000001,1.180914,DNK,RUS,480253
7528395,68,186,6996,2006,0.0,1346822.0,-0.182272,0.40222399999999997,EGY,RUS,480253
7528396,71,186,6996,2006,2930.0,0.0,0.9091370000000001,2.068166,ESP,RUS,480253
7528397,72,186,6996,2006,158441.0,5025.0,0.6426350000000001,0.925003,EST,RUS,480253
7528398,74,186,6996,2006,966530.0,0.0,1.864038,0.8193940000000001,FIN,RUS,480253
7528399,77,186,6996,2006,1071529.0,0.0,1.47591,0.489466,FRA,RUS,480253
7528400,81,186,6996,2006,308351.0,0.0,1.824154,0.614424,GBR,RUS,480253
7528401,82,186,6996,2006,0.0,32001.0,0.076711,-0.47216099999999994,GEO,RUS,480253
7528402,103,186,6996,2006,63447.0,0.0,-0.21012399999999998,1.467838,IDN,RUS,480253
7528403,106,186,6996,2006,1399.0,0.0,1.43804,0.06463200000000001,IRL,RUS,480253
7528404,107,186,6996,2006,0.0,1279.0,-0.391023,-0.767861,IRN,RUS,480253
7528405,111,186,6996,2006,798220.0,0.0,1.293779,0.93995,ITA,RUS,480253
7528406,114,186,6996,2006,34607.0,0.0,2.4348099999999997,0.082887,JPN,RUS,480253
7528407,115,186,6996,2006,0.0,864770.0,0.038229,-0.579421,KAZ,RUS,480253
7528408,117,186,6996,2006,0.0,69811.0,-0.034069,0.136694,KGZ,RUS,480253
7528409,121,186,6996,2006,1137.0,0.0,1.5384309999999999,0.766628,KOR,RUS,480253
7528410,130,186,6996,2006,44804.0,130656.0,0.44063599999999997,1.163857,LTU,RUS,480253
7528411,132,186,6996,2006,3596.0,81029.0,0.531375,0.9414170000000001,LVA,RUS,480253
7528412,135,186,6996,2006,0.0,21683.0,-0.017707,0.135305,MDA,RUS,480253
7528413,145,186,6996,2006,0.0,57037.0,-1.147217,-1.0734709999999998,MNG,RUS,480253
7528414,162,186,6996,2006,227180.0,0.0,1.192134,1.450852,NLD,RUS,480253
7528415,177,186,6996,2006,29432.0,5861.0,0.991927,1.474418,POL,RUS,480253
7528416,188,186,6996,2006,0.0,85196.0,0.162432,-0.853059,SAU,RUS,480253
7528417,206,186,6996,2006,423208.0,0.0,1.291583,0.868317,SVK,RUS,480253
7528418,207,186,6996,2006,1428.0,0.0,1.5882370000000001,0.800719,SVN,RUS,480253
7528419,208,186,6996,2006,340962.0,0.0,1.902737,0.593294,SWE,RUS,480253
7528420,217,186,6996,2006,0.0,2917.0,-1.071326,-1.158325,TJK,RUS,480253
7528421,224,186,6996,2006,15331.0,316679.0,0.33971599999999996,2.193384,TUR,RUS,480253
7528422,228,186,6996,2006,0.0,80364.0,0.7008439999999999,0.79656,UKR,RUS,480253
7528423,231,186,6996,2006,68449.0,0.0,1.666643,-0.121679,USA,RUS,480253
7528424,232,186,6996,2006,37909.0,442602.0,-0.457759,-0.784626,UZB,RUS,480253
7528425,250,186,6996,2006,0.0,1277.0,0.711619,-0.41880200000000006,ANS,RUS,480253
7528426,8,192,6996,2006,47667.0,0.0,0.33055,0.665867,ARG,SGP,480253
7528427,14,192,6996,2006,14444.0,1037.0,0.067166,0.373148,AUS,SGP,480253
7528428,15,192,6996,2006,98912.0,0.0,1.775669,0.192717,AUT,SGP,480253
7528429,18,192,6996,2006,124047.0,0.0,1.2222540000000002,1.383027,BEL,SGP,480253
7528430,32,192,6996,2006,30732.0,0.0,0.633889,1.1474520000000001,BRA,SGP,480253
7528431,34,192,6996,2006,0.0,9958.0,-1.331831,-0.9170940000000001,BRN,SGP,480253
7528432,43,192,6996,2006,397340.0,21536.0,0.737888,2.54966,CHN,SGP,480253
7528433,45,192,6996,2006,0.0,12217.0,-1.358873,-1.1511360000000002,CMR,SGP,480253
7528434,61,192,6996,2006,523019.0,0.0,2.132566,-2.773669,DEU,SGP,480253
7528435,62,192,6996,2006,0.0,1813.0,-0.251707,-0.436792,DJI,SGP,480253
7528436,64,192,6996,2006,6353.0,0.0,1.2308700000000001,1.180914,DNK,SGP,480253
7528437,71,192,6996,2006,29176.0,0.0,0.9091370000000001,2.068166,ESP,SGP,480253
7528438,77,192,6996,2006,601474.0,0.0,1.47591,0.489466,FRA,SGP,480253
7528439,81,192,6996,2006,618865.0,42320.0,1.824154,0.614424,GBR,SGP,480253
7528440,97,192,6996,2006,63814.0,689894.0,0.5776319999999999,2.076782,HKG,SGP,480253
7528441,103,192,6996,2006,435688.0,117402.0,-0.21012399999999998,1.467838,IDN,SGP,480253
7528442,111,192,6996,2006,191371.0,0.0,1.293779,0.93995,ITA,SGP,480253
7528443,114,192,6996,2006,251978.0,44343.0,2.4348099999999997,0.082887,JPN,SGP,480253
7528444,121,192,6996,2006,64774.0,5929.0,1.5384309999999999,0.766628,KOR,SGP,480253
7528445,128,192,6996,2006,0.0,63614.0,-0.573767,0.305913,LKA,SGP,480253
7528446,137,192,6996,2006,0.0,38933.0,-0.240191,-0.8320290000000001,MDV,SGP,480253
7528447,147,192,6996,2006,0.0,37297.0,-1.0250629999999998,-1.067359,MOZ,SGP,480253
7528448,153,192,6996,2006,21344.0,146146.0,0.7896569999999999,0.363625,MYS,SGP,480253
7528449,159,192,6996,2006,0.0,1765267.0,-2.094353,-1.215025,NGA,SGP,480253
7528450,160,192,6996,2006,0.0,12711.0,-0.998825,-0.893867,NIC,SGP,480253
7528451,162,192,6996,2006,57366.0,0.0,1.192134,1.450852,NLD,SGP,480253
7528452,174,192,6996,2006,0.0,611023.0,0.161994,0.036631,PHL,SGP,480253
7528453,176,192,6996,2006,0.0,13731.0,-1.89409,-1.234731,PNG,SGP,480253
7528454,197,192,6996,2006,0.0,2838.0,-0.135312,0.140874,SLV,SGP,480253
7528455,207,192,6996,2006,0.0,4066.0,1.5882370000000001,0.800719,SVN,SGP,480253
7528456,208,192,6996,2006,58411.0,0.0,1.902737,0.593294,SWE,SGP,480253
7528457,211,192,6996,2006,0.0,5285.0,-0.344619,-0.796139,SYC,SGP,480253
7528458,216,192,6996,2006,98124.0,0.0,0.568209,1.685343,THA,SGP,480253
7528459,224,192,6996,2006,0.0,14762.0,0.33971599999999996,2.193384,TUR,SGP,480253
7528460,231,192,6996,2006,34756.0,0.0,1.666643,-0.121679,USA,SGP,480253
7528461,239,192,6996,2006,0.0,43505.0,-0.342779,1.033318,VNM,SGP,480253
7528462,246,192,6996,2006,0.0,45996.0,0.37964499999999995,1.466326,ZAF,SGP,480253
7528463,248,192,6996,2006,0.0,9020.0,-0.41825500000000004,-0.55313,ZWE,SGP,480253
7528464,249,192,6996,2006,7769.0,0.0,1.619915,1.2289940000000001,TWN,SGP,480253
7528465,15,201,6996,2006,15982.0,0.0,1.775669,0.192717,AUT,SRB,480253
7528466,23,201,6996,2006,3997.0,0.0,0.414563,1.378005,BGR,SRB,480253
7528467,26,201,6996,2006,1638.0,2816.0,0.40788800000000003,0.562854,BIH,SRB,480253
7528468,43,201,6996,2006,12112.0,0.0,0.737888,2.54966,CHN,SRB,480253
7528469,59,201,6996,2006,6456.0,76772.0,1.564058,0.6023649999999999,CZE,SRB,480253
7528470,61,201,6996,2006,127160.0,0.0,2.132566,-2.773669,DEU,SRB,480253
7528471,77,201,6996,2006,18595.0,0.0,1.47591,0.489466,FRA,SRB,480253
7528472,81,201,6996,2006,12162.0,0.0,1.824154,0.614424,GBR,SRB,480253
7528473,90,201,6996,2006,0.0,42754.0,0.261955,1.488958,GRC,SRB,480253
7528474,100,201,6996,2006,72095.0,0.0,0.755787,0.992614,HRV,SRB,480253
7528475,102,201,6996,2006,55376.0,0.0,1.4034309999999999,0.835144,HUN,SRB,480253
7528476,111,201,6996,2006,298522.0,0.0,1.293779,0.93995,ITA,SRB,480253
7528477,140,201,6996,2006,0.0,2202.0,-0.21336,0.17674700000000002,MKD,SRB,480253
7528478,144,201,6996,2006,0.0,53285.0,0.130773,-0.24674699999999997,MNE,SRB,480253
7528479,162,201,6996,2006,6242.0,0.0,1.192134,1.450852,NLD,SRB,480253
7528480,177,201,6996,2006,1381.0,0.0,0.991927,1.474418,POL,SRB,480253
7528481,206,201,6996,2006,214819.0,0.0,1.291583,0.868317,SVK,SRB,480253
7528482,207,201,6996,2006,475394.0,0.0,1.5882370000000001,0.800719,SVN,SRB,480253
7528483,224,201,6996,2006,1302.0,0.0,0.33971599999999996,2.193384,TUR,SRB,480253
7528484,250,201,6996,2006,295309.0,0.0,0.711619,-0.41880200000000006,ANS,SRB,480253
7528485,9,206,6996,2006,0.0,17944.0,0.14539100000000002,-0.558014,ARM,SVK,480253
7528486,15,206,6996,2006,1698388.0,95979.0,1.775669,0.192717,AUT,SVK,480253
7528487,16,206,6996,2006,0.0,34912.0,-0.521304,-1.035764,AZE,SVK,480253
7528488,18,206,6996,2006,2567.0,202037.0,1.2222540000000002,1.383027,BEL,SVK,480253
7528489,23,206,6996,2006,0.0,124085.0,0.414563,1.378005,BGR,SVK,480253
7528490,26,206,6996,2006,0.0,6887.0,0.40788800000000003,0.562854,BIH,SVK,480253
7528491,28,206,6996,2006,0.0,3846.0,0.919853,0.384409,BLR,SVK,480253
7528492,41,206,6996,2006,16426.0,0.0,2.052534,0.515523,CHE,SVK,480253
7528493,59,206,6996,2006,958831.0,1850088.0,1.564058,0.6023649999999999,CZE,SVK,480253
7528494,61,206,6996,2006,149264.0,3371012.0,2.132566,-2.773669,DEU,SVK,480253
7528495,64,206,6996,2006,0.0,527266.0,1.2308700000000001,1.180914,DNK,SVK,480253
7528496,71,206,6996,2006,0.0,296904.0,0.9091370000000001,2.068166,ESP,SVK,480253
7528497,72,206,6996,2006,0.0,26513.0,0.6426350000000001,0.925003,EST,SVK,480253
7528498,74,206,6996,2006,0.0,166348.0,1.864038,0.8193940000000001,FIN,SVK,480253
7528499,77,206,6996,2006,42448.0,474959.0,1.47591,0.489466,FRA,SVK,480253
7528500,81,206,6996,2006,7783.0,0.0,1.824154,0.614424,GBR,SVK,480253
7528501,90,206,6996,2006,0.0,14965.0,0.261955,1.488958,GRC,SVK,480253
7528502,100,206,6996,2006,0.0,101147.0,0.755787,0.992614,HRV,SVK,480253
7528503,102,206,6996,2006,46638.0,889649.0,1.4034309999999999,0.835144,HUN,SVK,480253
7528504,106,206,6996,2006,864.0,0.0,1.43804,0.06463200000000001,IRL,SVK,480253
7528505,111,206,6996,2006,216099.0,2021181.0,1.293779,0.93995,ITA,SVK,480253
7528506,115,206,6996,2006,0.0,36087.0,0.038229,-0.579421,KAZ,SVK,480253
7528507,130,206,6996,2006,0.0,240050.0,0.44063599999999997,1.163857,LTU,SVK,480253
7528508,131,206,6996,2006,0.0,3650.0,1.4345620000000001,0.8840819999999999,LUX,SVK,480253
7528509,132,206,6996,2006,0.0,20088.0,0.531375,0.9414170000000001,LVA,SVK,480253
7528510,135,206,6996,2006,0.0,71283.0,-0.017707,0.135305,MDA,SVK,480253
7528511,140,206,6996,2006,0.0,7511.0,-0.21336,0.17674700000000002,MKD,SVK,480253
7528512,144,206,6996,2006,0.0,677.0,0.130773,-0.24674699999999997,MNE,SVK,480253
7528513,162,206,6996,2006,78994.0,777427.0,1.192134,1.450852,NLD,SVK,480253
7528514,163,206,6996,2006,0.0,100343.0,1.0787930000000001,0.014051,NOR,SVK,480253
7528515,177,206,6996,2006,27263.0,1279054.0,0.991927,1.474418,POL,SVK,480253
7528516,179,206,6996,2006,0.0,1704.0,0.5723630000000001,1.92303,PRT,SVK,480253
7528517,185,206,6996,2006,0.0,151262.0,0.550825,1.170744,ROU,SVK,480253
7528518,186,206,6996,2006,0.0,423208.0,0.801197,0.104683,RUS,SVK,480253
7528519,201,206,6996,2006,0.0,214819.0,0.547824,1.5588879999999998,SRB,SVK,480253
7528520,207,206,6996,2006,0.0,78236.0,1.5882370000000001,0.800719,SVN,SVK,480253
7528521,208,206,6996,2006,7769.0,650125.0,1.902737,0.593294,SWE,SVK,480253
7528522,217,206,6996,2006,0.0,63808.0,-1.071326,-1.158325,TJK,SVK,480253
7528523,228,206,6996,2006,0.0,1024945.0,0.7008439999999999,0.79656,UKR,SVK,480253
7528524,231,206,6996,2006,5845.0,0.0,1.666643,-0.121679,USA,SVK,480253
7528525,250,206,6996,2006,621482.0,0.0,0.711619,-0.41880200000000006,ANS,SVK,480253
7528526,4,207,6996,2006,0.0,59109.0,-0.340932,-0.06302200000000001,ALB,SVN,480253
7528527,15,207,6996,2006,205715.0,35935.0,1.775669,0.192717,AUT,SVN,480253
7528528,18,207,6996,2006,1550.0,0.0,1.2222540000000002,1.383027,BEL,SVN,480253
7528529,23,207,6996,2006,1064.0,35535.0,0.414563,1.378005,BGR,SVN,480253
7528530,24,207,6996,2006,0.0,5467.0,0.172724,-0.9449879999999999,BHR,SVN,480253
7528531,26,207,6996,2006,0.0,177177.0,0.40788800000000003,0.562854,BIH,SVN,480253
7528532,41,207,6996,2006,6262.0,0.0,2.052534,0.515523,CHE,SVN,480253
7528533,43,207,6996,2006,43252.0,0.0,0.737888,2.54966,CHN,SVN,480253
7528534,58,207,6996,2006,0.0,5296.0,0.708267,-0.048096,CYP,SVN,480253
7528535,59,207,6996,2006,0.0,36613.0,1.564058,0.6023649999999999,CZE,SVN,480253
7528536,61,207,6996,2006,167802.0,27675.0,2.132566,-2.773669,DEU,SVN,480253
7528537,64,207,6996,2006,7423.0,0.0,1.2308700000000001,1.180914,DNK,SVN,480253
7528538,71,207,6996,2006,4756.0,0.0,0.9091370000000001,2.068166,ESP,SVN,480253
7528539,77,207,6996,2006,86758.0,212031.0,1.47591,0.489466,FRA,SVN,480253
7528540,81,207,6996,2006,14542.0,32530.0,1.824154,0.614424,GBR,SVN,480253
7528541,90,207,6996,2006,0.0,213431.0,0.261955,1.488958,GRC,SVN,480253
7528542,100,207,6996,2006,43052.0,471300.0,0.755787,0.992614,HRV,SVN,480253
7528543,102,207,6996,2006,14282.0,36778.0,1.4034309999999999,0.835144,HUN,SVN,480253
7528544,106,207,6996,2006,2272.0,0.0,1.43804,0.06463200000000001,IRL,SVN,480253
7528545,111,207,6996,2006,751534.0,15807.0,1.293779,0.93995,ITA,SVN,480253
7528546,113,207,6996,2006,0.0,14000.0,0.166718,0.331248,JOR,SVN,480253
7528547,114,207,6996,2006,2304.0,0.0,2.4348099999999997,0.082887,JPN,SVN,480253
7528548,115,207,6996,2006,0.0,1520.0,0.038229,-0.579421,KAZ,SVN,480253
7528549,124,207,6996,2006,0.0,31151.0,0.3861,1.586183,LBN,SVN,480253
7528550,140,207,6996,2006,0.0,122287.0,-0.21336,0.17674700000000002,MKD,SVN,480253
7528551,144,207,6996,2006,0.0,37882.0,0.130773,-0.24674699999999997,MNE,SVN,480253
7528552,162,207,6996,2006,5765.0,7886.0,1.192134,1.450852,NLD,SVN,480253
7528553,177,207,6996,2006,126597.0,0.0,0.991927,1.474418,POL,SVN,480253
7528554,179,207,6996,2006,1250.0,0.0,0.5723630000000001,1.92303,PRT,SVN,480253
7528555,185,207,6996,2006,0.0,84942.0,0.550825,1.170744,ROU,SVN,480253
7528556,186,207,6996,2006,0.0,1428.0,0.801197,0.104683,RUS,SVN,480253
7528557,188,207,6996,2006,0.0,73429.0,0.162432,-0.853059,SAU,SVN,480253
7528558,192,207,6996,2006,4066.0,0.0,1.5377379999999998,0.503089,SGP,SVN,480253
7528559,201,207,6996,2006,0.0,475394.0,0.547824,1.5588879999999998,SRB,SVN,480253
7528560,206,207,6996,2006,78236.0,0.0,1.291583,0.868317,SVK,SVN,480253
7528561,208,207,6996,2006,28291.0,0.0,1.902737,0.593294,SWE,SVN,480253
7528562,243,207,6996,2006,0.0,20155.0,-1.0407110000000002,-1.13042,YEM,SVN,480253
7528563,250,207,6996,2006,45866.0,0.0,0.711619,-0.41880200000000006,ANS,SVN,480253
7528564,15,212,6996,2006,50683.0,0.0,1.775669,0.192717,AUT,SYR,480253
7528565,18,212,6996,2006,247876.0,0.0,1.2222540000000002,1.383027,BEL,SYR,480253
7528566,32,212,6996,2006,405495.0,0.0,0.633889,1.1474520000000001,BRA,SYR,480253
7528567,61,212,6996,2006,244499.0,0.0,2.132566,-2.773669,DEU,SYR,480253
7528568,77,212,6996,2006,90544.0,0.0,1.47591,0.489466,FRA,SYR,480253
7528569,103,212,6996,2006,493937.0,0.0,-0.21012399999999998,1.467838,IDN,SYR,480253
7528570,111,212,6996,2006,67432.0,0.0,1.293779,0.93995,ITA,SYR,480253
7528571,114,212,6996,2006,42494.0,0.0,2.4348099999999997,0.082887,JPN,SYR,480253
7528572,124,212,6996,2006,118476.0,0.0,0.3861,1.586183,LBN,SYR,480253
7528573,179,212,6996,2006,195749.0,0.0,0.5723630000000001,1.92303,PRT,SYR,480253
7528574,231,212,6996,2006,22643.0,0.0,1.666643,-0.121679,USA,SYR,480253
7528575,250,212,6996,2006,257203.0,0.0,0.711619,-0.41880200000000006,ANS,SYR,480253
7528576,15,223,6996,2006,1032.0,0.0,1.775669,0.192717,AUT,TUN,480253
7528577,18,223,6996,2006,79840.0,0.0,1.2222540000000002,1.383027,BEL,TUN,480253
7528578,39,223,6996,2006,24588.0,0.0,0.865685,1.1480489999999999,CAN,TUN,480253
7528579,61,223,6996,2006,252599.0,0.0,2.132566,-2.773669,DEU,TUN,480253
7528580,71,223,6996,2006,111538.0,0.0,0.9091370000000001,2.068166,ESP,TUN,480253
7528581,77,223,6996,2006,769709.0,0.0,1.47591,0.489466,FRA,TUN,480253
7528582,81,223,6996,2006,60370.0,0.0,1.824154,0.614424,GBR,TUN,480253
7528583,111,223,6996,2006,4498.0,0.0,1.293779,0.93995,ITA,TUN,480253
7528584,162,223,6996,2006,29327.0,0.0,1.192134,1.450852,NLD,TUN,480253
7528585,15,228,6996,2006,36814.0,0.0,1.775669,0.192717,AUT,UKR,480253
7528586,61,228,6996,2006,196044.0,0.0,2.132566,-2.773669,DEU,UKR,480253
7528587,72,228,6996,2006,22015.0,0.0,0.6426350000000001,0.925003,EST,UKR,480253
7528588,74,228,6996,2006,5273.0,0.0,1.864038,0.8193940000000001,FIN,UKR,480253
7528589,77,228,6996,2006,249327.0,0.0,1.47591,0.489466,FRA,UKR,480253
7528590,81,228,6996,2006,80222.0,0.0,1.824154,0.614424,GBR,UKR,480253
7528591,102,228,6996,2006,31789.0,0.0,1.4034309999999999,0.835144,HUN,UKR,480253
7528592,103,228,6996,2006,62728.0,0.0,-0.21012399999999998,1.467838,IDN,UKR,480253
7528593,111,228,6996,2006,369582.0,0.0,1.293779,0.93995,ITA,UKR,480253
7528594,115,228,6996,2006,0.0,16080.0,0.038229,-0.579421,KAZ,UKR,480253
7528595,132,228,6996,2006,5518.0,0.0,0.531375,0.9414170000000001,LVA,UKR,480253
7528596,135,228,6996,2006,0.0,6840.0,-0.017707,0.135305,MDA,UKR,480253
7528597,162,228,6996,2006,11947.0,0.0,1.192134,1.450852,NLD,UKR,480253
7528598,177,228,6996,2006,222427.0,0.0,0.991927,1.474418,POL,UKR,480253
7528599,186,228,6996,2006,80364.0,0.0,0.801197,0.104683,RUS,UKR,480253
7528600,206,228,6996,2006,1024945.0,0.0,1.291583,0.868317,SVK,UKR,480253
7528601,208,228,6996,2006,42281.0,0.0,1.902737,0.593294,SWE,UKR,480253
7528602,237,228,6996,2006,5803.0,0.0,1.05644,0.179306,VGB,UKR,480253
7528603,14,246,6996,2006,5172.0,222212.0,0.067166,0.373148,AUS,ZAF,480253
7528604,15,246,6996,2006,103807.0,0.0,1.775669,0.192717,AUT,ZAF,480253
7528605,18,246,6996,2006,38219.0,12317.0,1.2222540000000002,1.383027,BEL,ZAF,480253
7528606,32,246,6996,2006,89264.0,0.0,0.633889,1.1474520000000001,BRA,ZAF,480253
7528607,41,246,6996,2006,119417.0,0.0,2.052534,0.515523,CHE,ZAF,480253
7528608,43,246,6996,2006,291890.0,36498.0,0.737888,2.54966,CHN,ZAF,480253
7528609,44,246,6996,2006,0.0,21990.0,-0.8918530000000001,-0.8145819999999999,CIV,ZAF,480253
7528610,46,246,6996,2006,0.0,26738.0,-1.542137,-1.086494,COD,ZAF,480253
7528611,47,246,6996,2006,0.0,9327.0,-1.9903240000000002,-1.189925,COG,ZAF,480253
7528612,61,246,6996,2006,138339.0,3464.0,2.132566,-2.773669,DEU,ZAF,480253
7528613,64,246,6996,2006,9242.0,0.0,1.2308700000000001,1.180914,DNK,ZAF,480253
7528614,67,246,6996,2006,12181.0,0.0,-0.878583,-0.9462010000000001,ECU,ZAF,480253
7528615,68,246,6996,2006,0.0,46178.0,-0.182272,0.40222399999999997,EGY,ZAF,480253
7528616,71,246,6996,2006,72769.0,0.0,0.9091370000000001,2.068166,ESP,ZAF,480253
7528617,77,246,6996,2006,195750.0,0.0,1.47591,0.489466,FRA,ZAF,480253
7528618,81,246,6996,2006,267193.0,1976306.0,1.824154,0.614424,GBR,ZAF,480253
7528619,83,246,6996,2006,0.0,120640.0,-0.9934860000000001,-0.809318,GHA,ZAF,480253
7528620,93,246,6996,2006,0.0,11103.0,-0.28642199999999995,0.5868439999999999,GTM,ZAF,480253
7528621,97,246,6996,2006,0.0,43258.0,0.5776319999999999,2.076782,HKG,ZAF,480253
7528622,103,246,6996,2006,843495.0,0.0,-0.21012399999999998,1.467838,IDN,ZAF,480253
7528623,104,246,6996,2006,16964.0,0.0,0.285652,2.731318,IND,ZAF,480253
7528624,111,246,6996,2006,149190.0,0.0,1.293779,0.93995,ITA,ZAF,480253
7528625,114,246,6996,2006,88886.0,0.0,2.4348099999999997,0.082887,JPN,ZAF,480253
7528626,116,246,6996,2006,0.0,11493.0,-0.38287899999999997,1.060286,KEN,ZAF,480253
7528627,122,246,6996,2006,0.0,32600.0,-0.589823,-1.142795,KWT,ZAF,480253
7528628,136,246,6996,2006,0.0,69458.0,-1.024657,-0.393395,MDG,ZAF,480253
7528629,147,246,6996,2006,0.0,21639.0,-1.0250629999999998,-1.067359,MOZ,ZAF,480253
7528630,151,246,6996,2006,0.0,14296.0,-0.311109,-0.07267,MUS,ZAF,480253
7528631,152,246,6996,2006,0.0,86355.0,-1.145132,-1.0946209999999998,MWI,ZAF,480253
7528632,153,246,6996,2006,3311.0,52613.0,0.7896569999999999,0.363625,MYS,ZAF,480253
7528633,155,246,6996,2006,0.0,22821.0,-0.515361,-0.8027350000000001,NAM,ZAF,480253
7528634,156,246,6996,2006,0.0,1210.0,-0.135099,-0.7618779999999999,NCL,ZAF,480253
7528635,159,246,6996,2006,0.0,644235.0,-2.094353,-1.215025,NGA,ZAF,480253
7528636,162,246,6996,2006,63787.0,0.0,1.192134,1.450852,NLD,ZAF,480253
7528637,166,246,6996,2006,0.0,28643.0,0.5371,0.8240209999999999,NZL,ZAF,480253
7528638,174,246,6996,2006,0.0,21940.0,0.161994,0.036631,PHL,ZAF,480253
7528639,177,246,6996,2006,190266.0,0.0,0.991927,1.474418,POL,ZAF,480253
7528640,188,246,6996,2006,0.0,80576.0,0.162432,-0.853059,SAU,ZAF,480253
7528641,192,246,6996,2006,45996.0,0.0,1.5377379999999998,0.503089,SGP,ZAF,480253
7528642,208,246,6996,2006,111175.0,0.0,1.902737,0.593294,SWE,ZAF,480253
7528643,209,246,6996,2006,0.0,19728.0,0.750674,0.221306,SWZ,ZAF,480253
7528644,224,246,6996,2006,0.0,154257.0,0.33971599999999996,2.193384,TUR,ZAF,480253
7528645,226,246,6996,2006,0.0,36734.0,-0.953097,0.159129,TZA,ZAF,480253
7528646,227,246,6996,2006,0.0,13039.0,-0.702511,-0.43976099999999996,UGA,ZAF,480253
7528647,231,246,6996,2006,287998.0,0.0,1.666643,-0.121679,USA,ZAF,480253
7528648,247,246,6996,2006,0.0,298520.0,-0.5307,-0.793621,ZMB,ZAF,480253
7528649,248,246,6996,2006,0.0,13603.0,-0.41825500000000004,-0.55313,ZWE,ZAF,480253
7528650,249,246,6996,2006,0.0,69355.0,1.619915,1.2289940000000001,TWN,ZAF,480253
7528651,18,44,6996,2006,42543.0,0.0,1.2222540000000002,1.383027,BEL,CIV,480253
7528652,32,44,6996,2006,52053.0,0.0,0.633889,1.1474520000000001,BRA,CIV,480253
7528653,61,44,6996,2006,54131.0,0.0,2.132566,-2.773669,DEU,CIV,480253
7528654,74,44,6996,2006,18503.0,0.0,1.864038,0.8193940000000001,FIN,CIV,480253
7528655,77,44,6996,2006,247256.0,0.0,1.47591,0.489466,FRA,CIV,480253
7528656,103,44,6996,2006,80200.0,0.0,-0.21012399999999998,1.467838,IDN,CIV,480253
7528657,134,44,6996,2006,26016.0,0.0,-0.547933,0.08257300000000001,MAR,CIV,480253
7528658,177,44,6996,2006,9025.0,0.0,0.991927,1.474418,POL,CIV,480253
7528659,246,44,6996,2006,21990.0,0.0,0.37964499999999995,1.466326,ZAF,CIV,480253
7528660,8,45,6996,2006,59800.0,0.0,0.33055,0.665867,ARG,CMR,480253
7528661,43,45,6996,2006,1083.0,0.0,0.737888,2.54966,CHN,CMR,480253
7528662,61,45,6996,2006,22279.0,0.0,2.132566,-2.773669,DEU,CMR,480253
7528663,71,45,6996,2006,10879.0,0.0,0.9091370000000001,2.068166,ESP,CMR,480253
7528664,77,45,6996,2006,234110.0,0.0,1.47591,0.489466,FRA,CMR,480253
7528665,80,45,6996,2006,0.0,5157.0,-1.6696819999999999,-1.173322,GAB,CMR,480253
7528666,103,45,6996,2006,110414.0,0.0,-0.21012399999999998,1.467838,IDN,CMR,480253
7528667,162,45,6996,2006,9788.0,0.0,1.192134,1.450852,NLD,CMR,480253
7528668,192,45,6996,2006,12217.0,0.0,1.5377379999999998,0.503089,SGP,CMR,480253
7528669,208,45,6996,2006,11105.0,0.0,1.902737,0.593294,SWE,CMR,480253
7528670,8,54,6996,2006,8293.0,0.0,0.33055,0.665867,ARG,CUB,480253
7528671,32,54,6996,2006,243740.0,0.0,0.633889,1.1474520000000001,BRA,CUB,480253
7528672,41,54,6996,2006,0.0,6311.0,2.052534,0.515523,CHE,CUB,480253
7528673,43,54,6996,2006,55328.0,0.0,0.737888,2.54966,CHN,CUB,480253
7528674,71,54,6996,2006,282680.0,0.0,0.9091370000000001,2.068166,ESP,CUB,480253
7528675,74,54,6996,2006,46760.0,0.0,1.864038,0.8193940000000001,FIN,CUB,480253
7528676,77,54,6996,2006,11570.0,0.0,1.47591,0.489466,FRA,CUB,480253
7528677,111,54,6996,2006,85959.0,0.0,1.293779,0.93995,ITA,CUB,480253
7528678,18,66,6996,2006,82801.0,0.0,1.2222540000000002,1.383027,BEL,DZA,480253
7528679,43,66,6996,2006,19985.0,0.0,0.737888,2.54966,CHN,DZA,480253
7528680,61,66,6996,2006,17858.0,0.0,2.132566,-2.773669,DEU,DZA,480253
7528681,71,66,6996,2006,1004298.0,0.0,0.9091370000000001,2.068166,ESP,DZA,480253
7528682,77,66,6996,2006,862214.0,0.0,1.47591,0.489466,FRA,DZA,480253
7528683,97,66,6996,2006,1323.0,0.0,0.5776319999999999,2.076782,HKG,DZA,480253
7528684,111,66,6996,2006,38047.0,0.0,1.293779,0.93995,ITA,DZA,480253
7528685,224,66,6996,2006,28275.0,0.0,0.33971599999999996,2.193384,TUR,DZA,480253
7528686,231,66,6996,2006,28901.0,0.0,1.666643,-0.121679,USA,DZA,480253
7528687,45,80,6996,2006,5157.0,0.0,-1.358873,-1.1511360000000002,CMR,GAB,480253
7528688,77,80,6996,2006,284316.0,0.0,1.47591,0.489466,FRA,GAB,480253
7528689,162,80,6996,2006,12685.0,0.0,1.192134,1.450852,NLD,GAB,480253
7528690,18,83,6996,2006,69939.0,0.0,1.2222540000000002,1.383027,BEL,GHA,480253
7528691,32,83,6996,2006,26146.0,0.0,0.633889,1.1474520000000001,BRA,GHA,480253
7528692,61,83,6996,2006,5324.0,0.0,2.132566,-2.773669,DEU,GHA,480253
7528693,71,83,6996,2006,14941.0,0.0,0.9091370000000001,2.068166,ESP,GHA,480253
7528694,74,83,6996,2006,13781.0,0.0,1.864038,0.8193940000000001,FIN,GHA,480253
7528695,77,83,6996,2006,36278.0,0.0,1.47591,0.489466,FRA,GHA,480253
7528696,103,83,6996,2006,364767.0,0.0,-0.21012399999999998,1.467838,IDN,GHA,480253
7528697,104,83,6996,2006,50116.0,0.0,0.285652,2.731318,IND,GHA,480253
7528698,111,83,6996,2006,1783.0,0.0,1.293779,0.93995,ITA,GHA,480253
7528699,124,83,6996,2006,13997.0,0.0,0.3861,1.586183,LBN,GHA,480253
7528700,162,83,6996,2006,3197.0,0.0,1.192134,1.450852,NLD,GHA,480253
7528701,208,83,6996,2006,72302.0,0.0,1.902737,0.593294,SWE,GHA,480253
7528702,246,83,6996,2006,120640.0,0.0,0.37964499999999995,1.466326,ZAF,GHA,480253
7528703,18,134,6996,2006,73155.0,0.0,1.2222540000000002,1.383027,BEL,MAR,480253
7528704,43,134,6996,2006,13032.0,0.0,0.737888,2.54966,CHN,MAR,480253
7528705,44,134,6996,2006,0.0,26016.0,-0.8918530000000001,-0.8145819999999999,CIV,MAR,480253
7528706,61,134,6996,2006,4697.0,0.0,2.132566,-2.773669,DEU,MAR,480253
7528707,68,134,6996,2006,11620.0,0.0,-0.182272,0.40222399999999997,EGY,MAR,480253
7528708,71,134,6996,2006,144884.0,8204.0,0.9091370000000001,2.068166,ESP,MAR,480253
7528709,77,134,6996,2006,1619140.0,0.0,1.47591,0.489466,FRA,MAR,480253
7528710,81,134,6996,2006,2683.0,0.0,1.824154,0.614424,GBR,MAR,480253
7528711,103,134,6996,2006,59861.0,0.0,-0.21012399999999998,1.467838,IDN,MAR,480253
7528712,106,134,6996,2006,993.0,0.0,1.43804,0.06463200000000001,IRL,MAR,480253
7528713,111,134,6996,2006,50790.0,0.0,1.293779,0.93995,ITA,MAR,480253
7528714,124,134,6996,2006,5801.0,0.0,0.3861,1.586183,LBN,MAR,480253
7528715,141,134,6996,2006,0.0,24897.0,-0.503462,-0.778836,MLI,MAR,480253
7528716,148,134,6996,2006,0.0,4667.0,-1.72422,-1.2414399999999999,MRT,MAR,480253
7528717,162,134,6996,2006,12236.0,0.0,1.192134,1.450852,NLD,MAR,480253
7528718,179,134,6996,2006,17199.0,0.0,0.5723630000000001,1.92303,PRT,MAR,480253
7528719,208,134,6996,2006,12920.0,0.0,1.902737,0.593294,SWE,MAR,480253
7528720,231,134,6996,2006,16541.0,0.0,1.666643,-0.121679,USA,MAR,480253
7528721,32,136,6996,2006,80158.0,0.0,0.633889,1.1474520000000001,BRA,MDG,480253
7528722,43,136,6996,2006,3124.0,0.0,0.737888,2.54966,CHN,MDG,480253
7528723,61,136,6996,2006,17671.0,0.0,2.132566,-2.773669,DEU,MDG,480253
7528724,68,136,6996,2006,7901.0,0.0,-0.182272,0.40222399999999997,EGY,MDG,480253
7528725,77,136,6996,2006,9693.0,0.0,1.47591,0.489466,FRA,MDG,480253
7528726,103,136,6996,2006,60666.0,0.0,-0.21012399999999998,1.467838,IDN,MDG,480253
7528727,151,136,6996,2006,18982.0,0.0,-0.311109,-0.07267,MUS,MDG,480253
7528728,246,136,6996,2006,69458.0,0.0,0.37964499999999995,1.466326,ZAF,MDG,480253
7528729,18,142,6996,2006,6523.0,0.0,1.2222540000000002,1.383027,BEL,MLT,480253
7528730,43,142,6996,2006,15584.0,0.0,0.737888,2.54966,CHN,MLT,480253
7528731,59,142,6996,2006,2930.0,0.0,1.564058,0.6023649999999999,CZE,MLT,480253
7528732,61,142,6996,2006,18689.0,0.0,2.132566,-2.773669,DEU,MLT,480253
7528733,64,142,6996,2006,6420.0,0.0,1.2308700000000001,1.180914,DNK,MLT,480253
7528734,71,142,6996,2006,17940.0,0.0,0.9091370000000001,2.068166,ESP,MLT,480253
7528735,74,142,6996,2006,1281.0,0.0,1.864038,0.8193940000000001,FIN,MLT,480253
7528736,77,142,6996,2006,47128.0,0.0,1.47591,0.489466,FRA,MLT,480253
7528737,81,142,6996,2006,69534.0,4378.0,1.824154,0.614424,GBR,MLT,480253
7528738,111,142,6996,2006,289847.0,0.0,1.293779,0.93995,ITA,MLT,480253
7528739,162,142,6996,2006,2467.0,0.0,1.192134,1.450852,NLD,MLT,480253
7528740,179,142,6996,2006,36459.0,0.0,0.5723630000000001,1.92303,PRT,MLT,480253
7528741,208,142,6996,2006,4227.0,0.0,1.902737,0.593294,SWE,MLT,480253
7528742,77,148,6996,2006,10953.0,0.0,1.47591,0.489466,FRA,MRT,480253
7528743,134,148,6996,2006,4667.0,0.0,-0.547933,0.08257300000000001,MAR,MRT,480253
7528744,191,148,6996,2006,31544.0,0.0,-0.364713,-0.183612,SEN,MRT,480253
7528745,32,151,6996,2006,12180.0,0.0,0.633889,1.1474520000000001,BRA,MUS,480253
7528746,61,151,6996,2006,12662.0,0.0,2.132566,-2.773669,DEU,MUS,480253
7528747,71,151,6996,2006,6591.0,0.0,0.9091370000000001,2.068166,ESP,MUS,480253
7528748,77,151,6996,2006,157138.0,0.0,1.47591,0.489466,FRA,MUS,480253
7528749,81,151,6996,2006,43709.0,0.0,1.824154,0.614424,GBR,MUS,480253
7528750,103,151,6996,2006,111255.0,0.0,-0.21012399999999998,1.467838,IDN,MUS,480253
7528751,104,151,6996,2006,3528.0,0.0,0.285652,2.731318,IND,MUS,480253
7528752,136,151,6996,2006,0.0,18982.0,-1.024657,-0.393395,MDG,MUS,480253
7528753,153,151,6996,2006,8692.0,0.0,0.7896569999999999,0.363625,MYS,MUS,480253
7528754,162,151,6996,2006,3584.0,0.0,1.192134,1.450852,NLD,MUS,480253
7528755,179,151,6996,2006,17012.0,0.0,0.5723630000000001,1.92303,PRT,MUS,480253
7528756,208,151,6996,2006,24457.0,0.0,1.902737,0.593294,SWE,MUS,480253
7528757,211,151,6996,2006,0.0,10692.0,-0.344619,-0.796139,SYC,MUS,480253
7528758,216,151,6996,2006,34641.0,0.0,0.568209,1.685343,THA,MUS,480253
7528759,224,151,6996,2006,11727.0,0.0,0.33971599999999996,2.193384,TUR,MUS,480253
7528760,231,151,6996,2006,638.0,0.0,1.666643,-0.121679,USA,MUS,480253
7528761,246,151,6996,2006,14296.0,0.0,0.37964499999999995,1.466326,ZAF,MUS,480253
7528762,246,155,6996,2006,22821.0,0.0,0.37964499999999995,1.466326,ZAF,NAM,480253
7528763,6,159,6996,2006,293104.0,0.0,0.251825,-0.629035,ANT,NGA,480253
7528764,7,159,6996,2006,366067.0,0.0,0.053903999999999994,-0.735124,ARE,NGA,480253
7528765,14,159,6996,2006,4736.0,0.0,0.067166,0.373148,AUS,NGA,480253
7528766,15,159,6996,2006,7558.0,0.0,1.775669,0.192717,AUT,NGA,480253
7528767,18,159,6996,2006,52606.0,0.0,1.2222540000000002,1.383027,BEL,NGA,480253
7528768,32,159,6996,2006,1660003.0,0.0,0.633889,1.1474520000000001,BRA,NGA,480253
7528769,41,159,6996,2006,260325.0,0.0,2.052534,0.515523,CHE,NGA,480253
7528770,43,159,6996,2006,4792158.0,0.0,0.737888,2.54966,CHN,NGA,480253
7528771,61,159,6996,2006,7183.0,0.0,2.132566,-2.773669,DEU,NGA,480253
7528772,71,159,6996,2006,80157.0,0.0,0.9091370000000001,2.068166,ESP,NGA,480253
7528773,74,159,6996,2006,2156470.0,0.0,1.864038,0.8193940000000001,FIN,NGA,480253
7528774,77,159,6996,2006,84332.0,0.0,1.47591,0.489466,FRA,NGA,480253
7528775,81,159,6996,2006,773970.0,0.0,1.824154,0.614424,GBR,NGA,480253
7528776,93,159,6996,2006,27567.0,0.0,-0.28642199999999995,0.5868439999999999,GTM,NGA,480253
7528777,97,159,6996,2006,136558.0,0.0,0.5776319999999999,2.076782,HKG,NGA,480253
7528778,103,159,6996,2006,2949096.0,0.0,-0.21012399999999998,1.467838,IDN,NGA,480253
7528779,104,159,6996,2006,240328.0,0.0,0.285652,2.731318,IND,NGA,480253
7528780,111,159,6996,2006,97973.0,0.0,1.293779,0.93995,ITA,NGA,480253
7528781,162,159,6996,2006,29109.0,0.0,1.192134,1.450852,NLD,NGA,480253
7528782,163,159,6996,2006,1259911.0,0.0,1.0787930000000001,0.014051,NOR,NGA,480253
7528783,165,159,6996,2006,37598.0,0.0,1.092365,-0.03394,NRU,NGA,480253
7528784,191,159,6996,2006,59214.0,0.0,-0.364713,-0.183612,SEN,NGA,480253
7528785,192,159,6996,2006,1765267.0,0.0,1.5377379999999998,0.503089,SGP,NGA,480253
7528786,208,159,6996,2006,1916776.0,0.0,1.902737,0.593294,SWE,NGA,480253
7528787,224,159,6996,2006,84864.0,0.0,0.33971599999999996,2.193384,TUR,NGA,480253
7528788,231,159,6996,2006,16383.0,0.0,1.666643,-0.121679,USA,NGA,480253
7528789,246,159,6996,2006,644235.0,0.0,0.37964499999999995,1.466326,ZAF,NGA,480253
7528790,250,159,6996,2006,18645.0,0.0,0.711619,-0.41880200000000006,ANS,NGA,480253
7528791,18,191,6996,2006,1321.0,0.0,1.2222540000000002,1.383027,BEL,SEN,480253
7528792,43,191,6996,2006,3672.0,0.0,0.737888,2.54966,CHN,SEN,480253
7528793,61,191,6996,2006,8302.0,0.0,2.132566,-2.773669,DEU,SEN,480253
7528794,77,191,6996,2006,225628.0,0.0,1.47591,0.489466,FRA,SEN,480253
7528795,87,191,6996,2006,0.0,11531.0,-0.378539,-0.48427200000000004,GMB,SEN,480253
7528796,103,191,6996,2006,11430.0,0.0,-0.21012399999999998,1.467838,IDN,SEN,480253
7528797,111,191,6996,2006,7069.0,0.0,1.293779,0.93995,ITA,SEN,480253
7528798,148,191,6996,2006,0.0,31544.0,-1.72422,-1.2414399999999999,MRT,SEN,480253
7528799,159,191,6996,2006,0.0,59214.0,-2.094353,-1.215025,NGA,SEN,480253
7528800,77,203,6996,2006,2439.0,0.0,1.47591,0.489466,FRA,STP,480253
7528801,179,203,6996,2006,2837.0,0.0,0.5723630000000001,1.92303,PRT,STP,480253
7528802,18,226,6996,2006,6484.0,0.0,1.2222540000000002,1.383027,BEL,TZA,480253
7528803,43,226,6996,2006,15859.0,0.0,0.737888,2.54966,CHN,TZA,480253
7528804,61,226,6996,2006,4535.0,0.0,2.132566,-2.773669,DEU,TZA,480253
7528805,103,226,6996,2006,259919.0,0.0,-0.21012399999999998,1.467838,IDN,TZA,480253
7528806,104,226,6996,2006,14597.0,0.0,0.285652,2.731318,IND,TZA,480253
7528807,116,226,6996,2006,21918.0,20877.0,-0.38287899999999997,1.060286,KEN,TZA,480253
7528808,162,226,6996,2006,14279.0,0.0,1.192134,1.450852,NLD,TZA,480253
7528809,208,226,6996,2006,17838.0,0.0,1.902737,0.593294,SWE,TZA,480253
7528810,231,226,6996,2006,31683.0,0.0,1.666643,-0.121679,USA,TZA,480253
7528811,246,226,6996,2006,36734.0,0.0,0.37964499999999995,1.466326,ZAF,TZA,480253
7528812,7,227,6996,2006,26723.0,0.0,0.053903999999999994,-0.735124,ARE,UGA,480253
7528813,15,227,6996,2006,15440.0,0.0,1.775669,0.192717,AUT,UGA,480253
7528814,17,227,6996,2006,0.0,15132.0,-0.033711,-0.48450600000000005,BDI,UGA,480253
7528815,61,227,6996,2006,4197.0,0.0,2.132566,-2.773669,DEU,UGA,480253
7528816,103,227,6996,2006,10993.0,0.0,-0.21012399999999998,1.467838,IDN,UGA,480253
7528817,104,227,6996,2006,95951.0,0.0,0.285652,2.731318,IND,UGA,480253
7528818,111,227,6996,2006,1239.0,0.0,1.293779,0.93995,ITA,UGA,480253
7528819,116,227,6996,2006,260661.0,0.0,-0.38287899999999997,1.060286,KEN,UGA,480253
7528820,162,227,6996,2006,22211.0,0.0,1.192134,1.450852,NLD,UGA,480253
7528821,177,227,6996,2006,5295.0,0.0,0.991927,1.474418,POL,UGA,480253
7528822,187,227,6996,2006,0.0,1879.0,-0.032827999999999996,-0.42937600000000004,RWA,UGA,480253
7528823,208,227,6996,2006,11584.0,0.0,1.902737,0.593294,SWE,UGA,480253
7528824,246,227,6996,2006,13039.0,0.0,0.37964499999999995,1.466326,ZAF,UGA,480253
7528825,43,239,6996,2006,260803.0,0.0,0.737888,2.54966,CHN,VNM,480253
7528826,61,239,6996,2006,9525.0,0.0,2.132566,-2.773669,DEU,VNM,480253
7528827,71,239,6996,2006,52615.0,0.0,0.9091370000000001,2.068166,ESP,VNM,480253
7528828,77,239,6996,2006,1050.0,0.0,1.47591,0.489466,FRA,VNM,480253
7528829,97,239,6996,2006,12355.0,0.0,0.5776319999999999,2.076782,HKG,VNM,480253
7528830,103,239,6996,2006,998162.0,0.0,-0.21012399999999998,1.467838,IDN,VNM,480253
7528831,104,239,6996,2006,13270.0,0.0,0.285652,2.731318,IND,VNM,480253
7528832,114,239,6996,2006,24662.0,0.0,2.4348099999999997,0.082887,JPN,VNM,480253
7528833,118,239,6996,2006,0.0,22851.0,-1.323365,-1.185827,KHM,VNM,480253
7528834,121,239,6996,2006,98527.0,0.0,1.5384309999999999,0.766628,KOR,VNM,480253
7528835,153,239,6996,2006,37322.0,0.0,0.7896569999999999,0.363625,MYS,VNM,480253
7528836,174,239,6996,2006,0.0,9122.0,0.161994,0.036631,PHL,VNM,480253
7528837,192,239,6996,2006,43505.0,0.0,1.5377379999999998,0.503089,SGP,VNM,480253
7528838,216,239,6996,2006,67686.0,4335.0,0.568209,1.685343,THA,VNM,480253
7528839,231,239,6996,2006,16605.0,0.0,1.666643,-0.121679,USA,VNM,480253
7528840,249,239,6996,2006,81955.0,0.0,1.619915,1.2289940000000001,TWN,VNM,480253
7528841,61,247,6996,2006,25436.0,0.0,2.132566,-2.773669,DEU,ZMB,480253
7528842,246,247,6996,2006,298520.0,0.0,0.37964499999999995,1.466326,ZAF,ZMB,480253
7528843,248,247,6996,2006,12656.0,1264.0,-0.41825500000000004,-0.55313,ZWE,ZMB,480253
7528844,18,248,6996,2006,0.0,1070.0,1.2222540000000002,1.383027,BEL,ZWE,480253
7528845,103,248,6996,2006,41534.0,0.0,-0.21012399999999998,1.467838,IDN,ZWE,480253
7528846,152,248,6996,2006,0.0,15588.0,-1.145132,-1.0946209999999998,MWI,ZWE,480253
7528847,162,248,6996,2006,1033.0,0.0,1.192134,1.450852,NLD,ZWE,480253
7528848,192,248,6996,2006,9020.0,0.0,1.5377379999999998,0.503089,SGP,ZWE,480253
7528849,246,248,6996,2006,13603.0,0.0,0.37964499999999995,1.466326,ZAF,ZWE,480253
7528850,247,248,6996,2006,1264.0,12656.0,-0.5307,-0.793621,ZMB,ZWE,480253
7528851,15,26,6996,2006,8990.0,0.0,1.775669,0.192717,AUT,BIH,480253
7528852,18,26,6996,2006,2919.0,0.0,1.2222540000000002,1.383027,BEL,BIH,480253
7528853,61,26,6996,2006,1945.0,0.0,2.132566,-2.773669,DEU,BIH,480253
7528854,74,26,6996,2006,4772.0,0.0,1.864038,0.8193940000000001,FIN,BIH,480253
7528855,77,26,6996,2006,854.0,0.0,1.47591,0.489466,FRA,BIH,480253
7528856,100,26,6996,2006,10984.0,7350.0,0.755787,0.992614,HRV,BIH,480253
7528857,102,26,6996,2006,24557.0,0.0,1.4034309999999999,0.835144,HUN,BIH,480253
7528858,111,26,6996,2006,8458.0,0.0,1.293779,0.93995,ITA,BIH,480253
7528859,114,26,6996,2006,89.0,0.0,2.4348099999999997,0.082887,JPN,BIH,480253
7528860,140,26,6996,2006,0.0,1918.0,-0.21336,0.17674700000000002,MKD,BIH,480253
7528861,144,26,6996,2006,0.0,16705.0,0.130773,-0.24674699999999997,MNE,BIH,480253
7528862,177,26,6996,2006,18184.0,0.0,0.991927,1.474418,POL,BIH,480253
7528863,201,26,6996,2006,2816.0,1638.0,0.547824,1.5588879999999998,SRB,BIH,480253
7528864,206,26,6996,2006,6887.0,0.0,1.291583,0.868317,SVK,BIH,480253
7528865,207,26,6996,2006,177177.0,0.0,1.5882370000000001,0.800719,SVN,BIH,480253
7528866,208,26,6996,2006,822.0,0.0,1.902737,0.593294,SWE,BIH,480253
7528867,93,29,6996,2006,28871.0,0.0,-0.28642199999999995,0.5868439999999999,GTM,BLZ,480253
7528868,231,29,6996,2006,3465.0,0.0,1.666643,-0.121679,USA,BLZ,480253
7528869,33,63,6996,2006,6154.0,0.0,0.977267,0.6046560000000001,BRB,DMA,480253
7528870,138,63,6996,2006,18475.0,0.0,1.047268,0.7142270000000001,MEX,DMA,480253
7528871,231,63,6996,2006,32861.0,0.0,1.666643,-0.121679,USA,DMA,480253
7528872,10,75,6996,2006,0.0,1843.0,0.766232,-0.35907,ASM,FJI,480253
7528873,103,75,6996,2006,32177.0,0.0,-0.21012399999999998,1.467838,IDN,FJI,480253
7528874,104,75,6996,2006,22773.0,0.0,0.285652,2.731318,IND,FJI,480253
7528875,119,75,6996,2006,0.0,10053.0,0.218218,-0.669244,KIR,FJI,480253
7528876,166,75,6996,2006,69711.0,0.0,0.5371,0.8240209999999999,NZL,FJI,480253
7528877,176,75,6996,2006,0.0,19305.0,-1.89409,-1.234731,PNG,FJI,480253
7528878,195,75,6996,2006,0.0,5567.0,-1.501072,-0.964304,SLB,FJI,480253
7528879,221,75,6996,2006,0.0,9607.0,-0.45091499999999995,-0.670044,TON,FJI,480253
7528880,240,75,6996,2006,0.0,14422.0,-1.166741,-0.927552,VUT,FJI,480253
7528881,242,75,6996,2006,0.0,7251.0,0.299266,-0.477783,WSM,FJI,480253
7528882,71,84,6996,2006,7535.0,0.0,0.9091370000000001,2.068166,ESP,GIB,480253
7528883,222,120,6996,2006,3135.0,0.0,-0.20651399999999998,-1.024907,TTO,KNA,480253
7528884,231,120,6996,2006,7192.0,0.0,1.666643,-0.121679,USA,KNA,480253
7528885,111,213,6996,2006,210841.0,0.0,1.293779,0.93995,ITA,TCA,480253
7528886,33,234,6996,2006,3629.0,0.0,0.977267,0.6046560000000001,BRB,VCT,480253
7528887,231,234,6996,2006,2966.0,0.0,1.666643,-0.121679,USA,VCT,480253
7528888,228,237,6996,2006,0.0,5803.0,0.7008439999999999,0.79656,UKR,VGB,480253
7528889,7,17,6996,2006,6947.0,0.0,0.053903999999999994,-0.735124,ARE,BDI,480253
7528890,104,17,6996,2006,20335.0,0.0,0.285652,2.731318,IND,BDI,480253
7528891,111,17,6996,2006,19712.0,0.0,1.293779,0.93995,ITA,BDI,480253
7528892,227,17,6996,2006,15132.0,0.0,-0.702511,-0.43976099999999996,UGA,BDI,480253
7528893,77,125,6996,2006,11298.0,0.0,1.47591,0.489466,FRA,LBR,480253
7528894,23,135,6996,2006,2312.0,0.0,0.414563,1.378005,BGR,MDA,480253
7528895,43,135,6996,2006,7297.0,0.0,0.737888,2.54966,CHN,MDA,480253
7528896,61,135,6996,2006,7223.0,0.0,2.132566,-2.773669,DEU,MDA,480253
7528897,71,135,6996,2006,2459.0,0.0,0.9091370000000001,2.068166,ESP,MDA,480253
7528898,72,135,6996,2006,5932.0,0.0,0.6426350000000001,0.925003,EST,MDA,480253
7528899,74,135,6996,2006,2680.0,0.0,1.864038,0.8193940000000001,FIN,MDA,480253
7528900,81,135,6996,2006,9931.0,0.0,1.824154,0.614424,GBR,MDA,480253
7528901,111,135,6996,2006,20973.0,0.0,1.293779,0.93995,ITA,MDA,480253
7528902,132,135,6996,2006,2619.0,0.0,0.531375,0.9414170000000001,LVA,MDA,480253
7528903,185,135,6996,2006,22440.0,0.0,0.550825,1.170744,ROU,MDA,480253
7528904,186,135,6996,2006,21683.0,0.0,0.801197,0.104683,RUS,MDA,480253
7528905,206,135,6996,2006,71283.0,0.0,1.291583,0.868317,SVK,MDA,480253
7528906,208,135,6996,2006,4907.0,0.0,1.902737,0.593294,SWE,MDA,480253
7528907,228,135,6996,2006,6840.0,0.0,0.7008439999999999,0.79656,UKR,MDA,480253
7528908,15,140,6996,2006,10246.0,0.0,1.775669,0.192717,AUT,MKD,480253
7528909,23,140,6996,2006,1112.0,0.0,0.414563,1.378005,BGR,MKD,480253
7528910,26,140,6996,2006,1918.0,0.0,0.40788800000000003,0.562854,BIH,MKD,480253
7528911,41,140,6996,2006,21813.0,0.0,2.052534,0.515523,CHE,MKD,480253
7528912,43,140,6996,2006,514.0,0.0,0.737888,2.54966,CHN,MKD,480253
7528913,59,140,6996,2006,993.0,0.0,1.564058,0.6023649999999999,CZE,MKD,480253
7528914,61,140,6996,2006,8651.0,0.0,2.132566,-2.773669,DEU,MKD,480253
7528915,90,140,6996,2006,2697.0,0.0,0.261955,1.488958,GRC,MKD,480253
7528916,100,140,6996,2006,4002.0,0.0,0.755787,0.992614,HRV,MKD,480253
7528917,102,140,6996,2006,937.0,0.0,1.4034309999999999,0.835144,HUN,MKD,480253
7528918,111,140,6996,2006,47159.0,0.0,1.293779,0.93995,ITA,MKD,480253
7528919,114,140,6996,2006,243.0,0.0,2.4348099999999997,0.082887,JPN,MKD,480253
7528920,201,140,6996,2006,2202.0,0.0,0.547824,1.5588879999999998,SRB,MKD,480253
7528921,206,140,6996,2006,7511.0,0.0,1.291583,0.868317,SVK,MKD,480253
7528922,207,140,6996,2006,122287.0,0.0,1.5882370000000001,0.800719,SVN,MKD,480253
7528923,208,140,6996,2006,12582.0,0.0,1.902737,0.593294,SWE,MKD,480253
7528924,249,140,6996,2006,616.0,0.0,1.619915,1.2289940000000001,TWN,MKD,480253
7528925,15,144,6996,2006,1231.0,0.0,1.775669,0.192717,AUT,MNE,480253
7528926,26,144,6996,2006,16705.0,0.0,0.40788800000000003,0.562854,BIH,MNE,480253
7528927,61,144,6996,2006,4138.0,0.0,2.132566,-2.773669,DEU,MNE,480253
7528928,74,144,6996,2006,324.0,0.0,1.864038,0.8193940000000001,FIN,MNE,480253
7528929,111,144,6996,2006,23284.0,0.0,1.293779,0.93995,ITA,MNE,480253
7528930,114,144,6996,2006,209.0,0.0,2.4348099999999997,0.082887,JPN,MNE,480253
7528931,162,144,6996,2006,39113.0,0.0,1.192134,1.450852,NLD,MNE,480253
7528932,201,144,6996,2006,53285.0,0.0,0.547824,1.5588879999999998,SRB,MNE,480253
7528933,206,144,6996,2006,677.0,0.0,1.291583,0.868317,SVK,MNE,480253
7528934,207,144,6996,2006,37882.0,0.0,1.5882370000000001,0.800719,SVN,MNE,480253
7528935,208,144,6996,2006,395.0,0.0,1.902737,0.593294,SWE,MNE,480253
7528936,43,178,6996,2006,1927.0,0.0,0.737888,2.54966,CHN,PRK,480253
7528937,246,209,6996,2006,19728.0,0.0,0.37964499999999995,1.466326,ZAF,SWZ,480253
7528938,61,219,6996,2006,4017.0,0.0,2.132566,-2.773669,DEU,TKM,480253
7528939,224,219,6996,2006,2071.0,0.0,0.33971599999999996,2.193384,TUR,TKM,480253
7528940,74,232,6996,2006,37861.0,0.0,1.864038,0.8193940000000001,FIN,UZB,480253
7528941,82,232,6996,2006,0.0,29702.0,0.076711,-0.47216099999999994,GEO,UZB,480253
7528942,162,232,6996,2006,1256.0,0.0,1.192134,1.450852,NLD,UZB,480253
7528943,186,232,6996,2006,442602.0,37909.0,0.801197,0.104683,RUS,UZB,480253
7528944,224,232,6996,2006,2867.0,0.0,0.33971599999999996,2.193384,TUR,UZB,480253
7528945,7,73,6996,2006,25932.0,0.0,0.053903999999999994,-0.735124,ARE,ETH,480253
7528946,43,73,6996,2006,21691.0,0.0,0.737888,2.54966,CHN,ETH,480253
7528947,61,73,6996,2006,9188.0,0.0,2.132566,-2.773669,DEU,ETH,480253
7528948,68,73,6996,2006,0.0,43598.0,-0.182272,0.40222399999999997,EGY,ETH,480253
7528949,103,73,6996,2006,199973.0,0.0,-0.21012399999999998,1.467838,IDN,ETH,480253
7528950,104,73,6996,2006,47131.0,0.0,0.285652,2.731318,IND,ETH,480253
7528951,111,73,6996,2006,33987.0,0.0,1.293779,0.93995,ITA,ETH,480253
7528952,208,73,6996,2006,1402.0,0.0,1.902737,0.593294,SWE,ETH,480253
7528953,18,127,6996,2006,2609.0,0.0,1.2222540000000002,1.383027,BEL,LCA,480253
7528954,33,127,6996,2006,15669.0,0.0,0.977267,0.6046560000000001,BRB,LCA,480253
7528955,61,127,6996,2006,30664.0,0.0,2.132566,-2.773669,DEU,LCA,480253
7528956,222,127,6996,2006,12258.0,0.0,-0.20651399999999998,-1.024907,TTO,LCA,480253
7528957,231,127,6996,2006,3517.0,0.0,1.666643,-0.121679,USA,LCA,480253
7528958,7,187,6996,2006,604572.0,0.0,0.053903999999999994,-0.735124,ARE,RWA,480253
7528959,61,187,6996,2006,924.0,0.0,2.132566,-2.773669,DEU,RWA,480253
7528960,68,187,6996,2006,12424.0,0.0,-0.182272,0.40222399999999997,EGY,RWA,480253
7528961,227,187,6996,2006,1879.0,0.0,-0.702511,-0.43976099999999996,UGA,RWA,480253
7528962,231,0,6996,2006,7697.0,0.0,1.666643,-0.121679,USA,ABW,480253
7528963,71,5,6996,2006,48418.0,48779.0,0.9091370000000001,2.068166,ESP,AND,480253
7528964,77,5,6996,2006,1246.0,0.0,1.47591,0.489466,FRA,AND,480253
7528965,39,30,6996,2006,53158.0,0.0,0.865685,1.1480489999999999,CAN,BMU,480253
7528966,81,30,6996,2006,1650.0,0.0,1.824154,0.614424,GBR,BMU,480253
7528967,231,30,6996,2006,5457.0,0.0,1.666643,-0.121679,USA,BMU,480253
7528968,231,101,6996,2006,76433.0,0.0,1.666643,-0.121679,USA,HTI,480253
7528969,61,141,6996,2006,25627.0,0.0,2.132566,-2.773669,DEU,MLI,480253
7528970,77,141,6996,2006,129360.0,3029.0,1.47591,0.489466,FRA,MLI,480253
7528971,134,141,6996,2006,24897.0,0.0,-0.547933,0.08257300000000001,MAR,MLI,480253
7528972,97,152,6996,2006,8651.0,0.0,0.5776319999999999,2.076782,HKG,MWI,480253
7528973,103,152,6996,2006,46460.0,0.0,-0.21012399999999998,1.467838,IDN,MWI,480253
7528974,104,152,6996,2006,12943.0,0.0,0.285652,2.731318,IND,MWI,480253
7528975,246,152,6996,2006,86355.0,0.0,0.37964499999999995,1.466326,ZAF,MWI,480253
7528976,248,152,6996,2006,15588.0,0.0,-0.41825500000000004,-0.55313,ZWE,MWI,480253
7528977,75,240,6996,2006,14422.0,0.0,-0.6554949999999999,-0.098284,FJI,VUT,480253
7528978,166,240,6996,2006,4901.0,0.0,0.5371,0.8240209999999999,NZL,VUT,480253
7528979,14,250,6996,2006,0.0,1468734.0,0.067166,0.373148,AUS,ANS,480253
7528980,42,250,6996,2006,0.0,29262.0,-0.188298,-0.46778000000000003,CHL,ANS,480253
7528981,49,250,6996,2006,71096.0,0.0,0.129887,0.44371700000000003,COL,ANS,480253
7528982,67,250,6996,2006,71343.0,0.0,-0.878583,-0.9462010000000001,ECU,ANS,480253
7528983,68,250,6996,2006,0.0,1097420.0,-0.182272,0.40222399999999997,EGY,ANS,480253
7528984,72,250,6996,2006,0.0,57137.0,0.6426350000000001,0.925003,EST,ANS,480253
7528985,113,250,6996,2006,39493.0,0.0,0.166718,0.331248,JOR,ANS,480253
7528986,153,250,6996,2006,0.0,6146.0,0.7896569999999999,0.363625,MYS,ANS,480253
7528987,159,250,6996,2006,0.0,18645.0,-2.094353,-1.215025,NGA,ANS,480253
7528988,168,250,6996,2006,0.0,33432.0,-0.449333,0.563013,PAK,ANS,480253
7528989,177,250,6996,2006,0.0,13859.0,0.991927,1.474418,POL,ANS,480253
7528990,186,250,6996,2006,1277.0,0.0,0.801197,0.104683,RUS,ANS,480253
7528991,201,250,6996,2006,0.0,295309.0,0.547824,1.5588879999999998,SRB,ANS,480253
7528992,206,250,6996,2006,0.0,621482.0,1.291583,0.868317,SVK,ANS,480253
7528993,207,250,6996,2006,0.0,45866.0,1.5882370000000001,0.800719,SVN,ANS,480253
7528994,212,250,6996,2006,0.0,257203.0,-0.588695,0.532487,SYR,ANS,480253
7528995,224,250,6996,2006,34877.0,30081.0,0.33971599999999996,2.193384,TUR,ANS,480253
7528996,61,1,6996,2006,4036.0,0.0,2.132566,-2.773669,DEU,AFG,480253
7528997,32,2,6996,2006,24299.0,0.0,0.633889,1.1474520000000001,BRA,AGO,480253
7528998,103,2,6996,2006,132108.0,0.0,-0.21012399999999998,1.467838,IDN,AGO,480253
7528999,179,2,6996,2006,204503.0,0.0,0.5723630000000001,1.92303,PRT,AGO,480253
7529000,23,4,6996,2006,4164.0,0.0,0.414563,1.378005,BGR,ALB,480253
7529001,43,4,6996,2006,8785.0,0.0,0.737888,2.54966,CHN,ALB,480253
7529002,59,4,6996,2006,4520.0,0.0,1.564058,0.6023649999999999,CZE,ALB,480253
7529003,61,4,6996,2006,95493.0,0.0,2.132566,-2.773669,DEU,ALB,480253
7529004,68,4,6996,2006,0.0,235912.0,-0.182272,0.40222399999999997,EGY,ALB,480253
7529005,74,4,6996,2006,25402.0,0.0,1.864038,0.8193940000000001,FIN,ALB,480253
7529006,77,4,6996,2006,4398.0,0.0,1.47591,0.489466,FRA,ALB,480253
7529007,90,4,6996,2006,51109.0,0.0,0.261955,1.488958,GRC,ALB,480253
7529008,103,4,6996,2006,7164.0,0.0,-0.21012399999999998,1.467838,IDN,ALB,480253
7529009,111,4,6996,2006,34207.0,0.0,1.293779,0.93995,ITA,ALB,480253
7529010,163,4,6996,2006,38760.0,0.0,1.0787930000000001,0.014051,NOR,ALB,480253
7529011,186,4,6996,2006,29418.0,0.0,0.801197,0.104683,RUS,ALB,480253
7529012,207,4,6996,2006,59109.0,0.0,1.5882370000000001,0.800719,SVN,ALB,480253
7529013,224,4,6996,2006,2401.0,0.0,0.33971599999999996,2.193384,TUR,ALB,480253
7529014,7,9,6996,2006,21602.0,0.0,0.053903999999999994,-0.735124,ARE,ARM,480253
7529015,8,9,6996,2006,8414.0,0.0,0.33055,0.665867,ARG,ARM,480253
7529016,15,9,6996,2006,4992.0,0.0,1.775669,0.192717,AUT,ARM,480253
7529017,43,9,6996,2006,15515.0,0.0,0.737888,2.54966,CHN,ARM,480253
7529018,61,9,6996,2006,4053.0,0.0,2.132566,-2.773669,DEU,ARM,480253
7529019,74,9,6996,2006,13730.0,0.0,1.864038,0.8193940000000001,FIN,ARM,480253
7529020,103,9,6996,2006,2632.0,0.0,-0.21012399999999998,1.467838,IDN,ARM,480253
7529021,104,9,6996,2006,13938.0,0.0,0.285652,2.731318,IND,ARM,480253
7529022,111,9,6996,2006,24656.0,0.0,1.293779,0.93995,ITA,ARM,480253
7529023,114,9,6996,2006,3634.0,0.0,2.4348099999999997,0.082887,JPN,ARM,480253
7529024,153,9,6996,2006,331.0,0.0,0.7896569999999999,0.363625,MYS,ARM,480253
7529025,186,9,6996,2006,18267.0,0.0,0.801197,0.104683,RUS,ARM,480253
7529026,206,9,6996,2006,17944.0,0.0,1.291583,0.868317,SVK,ARM,480253
7529027,216,9,6996,2006,842.0,0.0,0.568209,1.685343,THA,ARM,480253
7529028,224,9,6996,2006,25948.0,0.0,0.33971599999999996,2.193384,TUR,ARM,480253
7529029,231,9,6996,2006,951.0,0.0,1.666643,-0.121679,USA,ARM,480253
7529030,18,19,6996,2006,31653.0,0.0,1.2222540000000002,1.383027,BEL,BEN,480253
7529031,32,19,6996,2006,90179.0,0.0,0.633889,1.1474520000000001,BRA,BEN,480253
7529032,61,19,6996,2006,1925.0,0.0,2.132566,-2.773669,DEU,BEN,480253
7529033,77,19,6996,2006,199597.0,0.0,1.47591,0.489466,FRA,BEN,480253
7529034,103,19,6996,2006,98190.0,0.0,-0.21012399999999998,1.467838,IDN,BEN,480253
7529035,153,19,6996,2006,14545.0,0.0,0.7896569999999999,0.363625,MYS,BEN,480253
7529036,81,34,6996,2006,34268.0,0.0,1.824154,0.614424,GBR,BRN,480253
7529037,114,34,6996,2006,28267.0,0.0,2.4348099999999997,0.082887,JPN,BRN,480253
7529038,153,34,6996,2006,1387.0,0.0,0.7896569999999999,0.363625,MYS,BRN,480253
7529039,192,34,6996,2006,9958.0,0.0,1.5377379999999998,0.503089,SGP,BRN,480253
7529040,77,50,6996,2006,1000.0,0.0,1.47591,0.489466,FRA,COM,480253
7529041,71,62,6996,2006,1637.0,0.0,0.9091370000000001,2.068166,ESP,DJI,480253
7529042,103,62,6996,2006,719428.0,0.0,-0.21012399999999998,1.467838,IDN,DJI,480253
7529043,192,62,6996,2006,1813.0,0.0,1.5377379999999998,0.503089,SGP,DJI,480253
7529044,77,85,6996,2006,8896.0,0.0,1.47591,0.489466,FRA,GIN,480253
7529045,32,87,6996,2006,11250.0,0.0,0.633889,1.1474520000000001,BRA,GMB,480253
7529046,191,87,6996,2006,11531.0,0.0,-0.364713,-0.183612,SEN,GMB,480253
7529047,43,108,6996,2006,55803.0,0.0,0.737888,2.54966,CHN,IRQ,480253
7529048,224,108,6996,2006,2288.0,0.0,0.33971599999999996,2.193384,TUR,IRQ,480253
7529049,15,109,6996,2006,54650.0,1244.0,1.775669,0.192717,AUT,ISL,480253
7529050,41,109,6996,2006,5686.0,0.0,2.052534,0.515523,CHE,ISL,480253
7529051,61,109,6996,2006,5306.0,0.0,2.132566,-2.773669,DEU,ISL,480253
7529052,64,109,6996,2006,3200.0,0.0,1.2308700000000001,1.180914,DNK,ISL,480253
7529053,77,109,6996,2006,94371.0,0.0,1.47591,0.489466,FRA,ISL,480253
7529054,81,109,6996,2006,33149.0,0.0,1.824154,0.614424,GBR,ISL,480253
7529055,111,109,6996,2006,22889.0,0.0,1.293779,0.93995,ITA,ISL,480253
7529056,114,109,6996,2006,979.0,0.0,2.4348099999999997,0.082887,JPN,ISL,480253
7529057,162,109,6996,2006,8392.0,0.0,1.192134,1.450852,NLD,ISL,480253
7529058,208,109,6996,2006,275110.0,0.0,1.902737,0.593294,SWE,ISL,480253
7529059,231,109,6996,2006,2867.0,0.0,1.666643,-0.121679,USA,ISL,480253
7529060,68,126,6996,2006,17226.0,0.0,-0.182272,0.40222399999999997,EGY,LBY,480253
7529061,71,126,6996,2006,26972.0,0.0,0.9091370000000001,2.068166,ESP,LBY,480253
7529062,77,126,6996,2006,13809.0,0.0,1.47591,0.489466,FRA,LBY,480253
7529063,103,126,6996,2006,29359.0,0.0,-0.21012399999999998,1.467838,IDN,LBY,480253
7529064,111,126,6996,2006,145537.0,0.0,1.293779,0.93995,ITA,LBY,480253
7529065,177,126,6996,2006,1730.0,0.0,0.991927,1.474418,POL,LBY,480253
7529066,43,133,6996,2006,4495.0,4603.0,0.737888,2.54966,CHN,MAC,480253
7529067,61,133,6996,2006,7512.0,0.0,2.132566,-2.773669,DEU,MAC,480253
7529068,74,133,6996,2006,1010.0,0.0,1.864038,0.8193940000000001,FIN,MAC,480253
7529069,77,133,6996,2006,9544.0,0.0,1.47591,0.489466,FRA,MAC,480253
7529070,81,133,6996,2006,15548.0,0.0,1.824154,0.614424,GBR,MAC,480253
7529071,97,133,6996,2006,219051.0,0.0,0.5776319999999999,2.076782,HKG,MAC,480253
7529072,103,133,6996,2006,61911.0,0.0,-0.21012399999999998,1.467838,IDN,MAC,480253
7529073,111,133,6996,2006,14190.0,0.0,1.293779,0.93995,ITA,MAC,480253
7529074,114,133,6996,2006,81702.0,0.0,2.4348099999999997,0.082887,JPN,MAC,480253
7529075,121,133,6996,2006,19725.0,0.0,1.5384309999999999,0.766628,KOR,MAC,480253
7529076,162,133,6996,2006,1017.0,0.0,1.192134,1.450852,NLD,MAC,480253
7529077,216,133,6996,2006,2069.0,0.0,0.568209,1.685343,THA,MAC,480253
7529078,231,133,6996,2006,10892.0,0.0,1.666643,-0.121679,USA,MAC,480253
7529079,249,133,6996,2006,3144.0,0.0,1.619915,1.2289940000000001,TWN,MAC,480253
7529080,104,137,6996,2006,60863.0,0.0,0.285652,2.731318,IND,MDV,480253
7529081,128,137,6996,2006,29969.0,0.0,-0.573767,0.305913,LKA,MDV,480253
7529082,192,137,6996,2006,38933.0,0.0,1.5377379999999998,0.503089,SGP,MDV,480253
7529083,216,137,6996,2006,18547.0,0.0,0.568209,1.685343,THA,MDV,480253
7529084,121,145,6996,2006,6298.0,0.0,1.5384309999999999,0.766628,KOR,MNG,480253
7529085,186,145,6996,2006,57037.0,0.0,0.801197,0.104683,RUS,MNG,480253
7529086,77,154,6996,2006,14209.0,0.0,1.47591,0.489466,FRA,MYT,480253
7529087,179,154,6996,2006,932.0,0.0,0.5723630000000001,1.92303,PRT,MYT,480253
7529088,14,156,6996,2006,23662.0,0.0,0.067166,0.373148,AUS,NCL,480253
7529089,15,156,6996,2006,1921.0,0.0,1.775669,0.192717,AUT,NCL,480253
7529090,18,156,6996,2006,1016.0,0.0,1.2222540000000002,1.383027,BEL,NCL,480253
7529091,43,156,6996,2006,4325.0,0.0,0.737888,2.54966,CHN,NCL,480253
7529092,61,156,6996,2006,3094.0,0.0,2.132566,-2.773669,DEU,NCL,480253
7529093,74,156,6996,2006,1722.0,0.0,1.864038,0.8193940000000001,FIN,NCL,480253
7529094,77,156,6996,2006,235025.0,0.0,1.47591,0.489466,FRA,NCL,480253
7529095,81,156,6996,2006,856.0,0.0,1.824154,0.614424,GBR,NCL,480253
7529096,103,156,6996,2006,7162.0,0.0,-0.21012399999999998,1.467838,IDN,NCL,480253
7529097,114,156,6996,2006,2218.0,0.0,2.4348099999999997,0.082887,JPN,NCL,480253
7529098,121,156,6996,2006,10896.0,0.0,1.5384309999999999,0.766628,KOR,NCL,480253
7529099,162,156,6996,2006,5940.0,0.0,1.192134,1.450852,NLD,NCL,480253
7529100,166,156,6996,2006,56879.0,0.0,0.5371,0.8240209999999999,NZL,NCL,480253
7529101,241,156,6996,2006,0.0,1823.0,1.609916,-0.311544,WLF,NCL,480253
7529102,246,156,6996,2006,1210.0,0.0,0.37964499999999995,1.466326,ZAF,NCL,480253
7529103,14,157,6996,2006,0.0,40142.0,0.067166,0.373148,AUS,NER,480253
7529104,18,157,6996,2006,2613.0,0.0,1.2222540000000002,1.383027,BEL,NER,480253
7529105,43,157,6996,2006,1476.0,0.0,0.737888,2.54966,CHN,NER,480253
7529106,77,157,6996,2006,139971.0,0.0,1.47591,0.489466,FRA,NER,480253
7529107,103,157,6996,2006,10424.0,0.0,-0.21012399999999998,1.467838,IDN,NER,480253
7529108,14,182,6996,2006,3443.0,0.0,0.067166,0.373148,AUS,PYF,480253
7529109,32,182,6996,2006,679.0,0.0,0.633889,1.1474520000000001,BRA,PYF,480253
7529110,42,182,6996,2006,639.0,0.0,-0.188298,-0.46778000000000003,CHL,PYF,480253
7529111,43,182,6996,2006,1959.0,0.0,0.737888,2.54966,CHN,PYF,480253
7529112,61,182,6996,2006,958.0,0.0,2.132566,-2.773669,DEU,PYF,480253
7529113,64,182,6996,2006,656.0,0.0,1.2308700000000001,1.180914,DNK,PYF,480253
7529114,77,182,6996,2006,291183.0,0.0,1.47591,0.489466,FRA,PYF,480253
7529115,81,182,6996,2006,1653.0,0.0,1.824154,0.614424,GBR,PYF,480253
7529116,103,182,6996,2006,1672.0,0.0,-0.21012399999999998,1.467838,IDN,PYF,480253
7529117,114,182,6996,2006,10702.0,0.0,2.4348099999999997,0.082887,JPN,PYF,480253
7529118,121,182,6996,2006,17212.0,0.0,1.5384309999999999,0.766628,KOR,PYF,480253
7529119,162,182,6996,2006,3647.0,0.0,1.192134,1.450852,NLD,PYF,480253
7529120,166,182,6996,2006,91119.0,0.0,0.5371,0.8240209999999999,NZL,PYF,480253
7529121,231,182,6996,2006,5119.0,0.0,1.666643,-0.121679,USA,PYF,480253
7529122,249,182,6996,2006,1295.0,0.0,1.619915,1.2289940000000001,TWN,PYF,480253
7529123,61,190,6996,2006,21865.0,0.0,2.132566,-2.773669,DEU,SDN,480253
7529124,68,190,6996,2006,14131.0,0.0,-0.182272,0.40222399999999997,EGY,SDN,480253
7529125,103,190,6996,2006,126802.0,0.0,-0.21012399999999998,1.467838,IDN,SDN,480253
7529126,104,190,6996,2006,38789.0,0.0,0.285652,2.731318,IND,SDN,480253
7529127,188,190,6996,2006,10684.0,0.0,0.162432,-0.853059,SAU,SDN,480253
7529128,224,190,6996,2006,2620.0,0.0,0.33971599999999996,2.193384,TUR,SDN,480253
7529129,7,211,6996,2006,1019.0,0.0,0.053903999999999994,-0.735124,ARE,SYC,480253
7529130,61,211,6996,2006,4419.0,0.0,2.132566,-2.773669,DEU,SYC,480253
7529131,81,211,6996,2006,4506.0,0.0,1.824154,0.614424,GBR,SYC,480253
7529132,103,211,6996,2006,8701.0,0.0,-0.21012399999999998,1.467838,IDN,SYC,480253
7529133,151,211,6996,2006,10692.0,0.0,-0.311109,-0.07267,MUS,SYC,480253
7529134,192,211,6996,2006,5285.0,0.0,1.5377379999999998,0.503089,SGP,SYC,480253
7529135,77,21,6996,2006,27617.0,0.0,1.47591,0.489466,FRA,BFA,480253
7529136,18,46,6996,2006,1144.0,0.0,1.2222540000000002,1.383027,BEL,COD,480253
7529137,32,46,6996,2006,80938.0,0.0,0.633889,1.1474520000000001,BRA,COD,480253
7529138,77,46,6996,2006,84108.0,0.0,1.47591,0.489466,FRA,COD,480253
7529139,162,46,6996,2006,1256.0,0.0,1.192134,1.450852,NLD,COD,480253
7529140,246,46,6996,2006,26738.0,0.0,0.37964499999999995,1.466326,ZAF,COD,480253
7529141,32,47,6996,2006,124146.0,0.0,0.633889,1.1474520000000001,BRA,COG,480253
7529142,77,47,6996,2006,190812.0,0.0,1.47591,0.489466,FRA,COG,480253
7529143,103,47,6996,2006,15489.0,0.0,-0.21012399999999998,1.467838,IDN,COG,480253
7529144,162,47,6996,2006,5025.0,0.0,1.192134,1.450852,NLD,COG,480253
7529145,246,47,6996,2006,9327.0,0.0,0.37964499999999995,1.466326,ZAF,COG,480253
7529146,32,51,6996,2006,31539.0,0.0,0.633889,1.1474520000000001,BRA,CPV,480253
7529147,179,51,6996,2006,3569.0,0.0,0.5723630000000001,1.92303,PRT,CPV,480253
7529148,15,78,6996,2006,1252.0,0.0,1.775669,0.192717,AUT,FRO,480253
7529149,59,78,6996,2006,84.0,0.0,1.564058,0.6023649999999999,CZE,FRO,480253
7529150,61,78,6996,2006,1194.0,0.0,2.132566,-2.773669,DEU,FRO,480253
7529151,64,78,6996,2006,10657.0,0.0,1.2308700000000001,1.180914,DNK,FRO,480253
7529152,74,78,6996,2006,12063.0,0.0,1.864038,0.8193940000000001,FIN,FRO,480253
7529153,77,78,6996,2006,569.0,0.0,1.47591,0.489466,FRA,FRO,480253
7529154,81,78,6996,2006,1623.0,0.0,1.824154,0.614424,GBR,FRO,480253
7529155,162,78,6996,2006,9180.0,0.0,1.192134,1.450852,NLD,FRO,480253
7529156,208,78,6996,2006,19254.0,0.0,1.902737,0.593294,SWE,FRO,480253
7529157,224,78,6996,2006,161.0,0.0,0.33971599999999996,2.193384,TUR,FRO,480253
7529158,18,89,6996,2006,5402.0,0.0,1.2222540000000002,1.383027,BEL,GNQ,480253
7529159,64,92,6996,2006,21240.0,0.0,1.2308700000000001,1.180914,DNK,GRL,480253
7529160,103,143,6996,2006,208411.0,0.0,-0.21012399999999998,1.467838,IDN,MMR,480253
7529161,77,181,6996,2006,5021.0,0.0,1.47591,0.489466,FRA,PSE,480253
7529162,103,196,6996,2006,15668.0,0.0,-0.21012399999999998,1.467838,IDN,SLE,480253
7529163,15,198,6996,2006,46112.0,0.0,1.775669,0.192717,AUT,SMR,480253
7529164,179,198,6996,2006,73626.0,0.0,0.5723630000000001,1.92303,PRT,SMR,480253
7529165,32,215,6996,2006,77857.0,0.0,0.633889,1.1474520000000001,BRA,TGO,480253
7529166,77,215,6996,2006,61512.0,0.0,1.47591,0.489466,FRA,TGO,480253
7529167,103,215,6996,2006,257573.0,0.0,-0.21012399999999998,1.467838,IDN,TGO,480253
7529168,186,217,6996,2006,2917.0,0.0,0.801197,0.104683,RUS,TJK,480253
7529169,206,217,6996,2006,63808.0,0.0,1.291583,0.868317,SVK,TJK,480253
7529170,75,221,6996,2006,9607.0,0.0,-0.6554949999999999,-0.098284,FJI,TON,480253
7529171,14,242,6996,2006,3669.0,0.0,0.067166,0.373148,AUS,WSM,480253
7529172,75,242,6996,2006,7251.0,0.0,-0.6554949999999999,-0.098284,FJI,WSM,480253
7529173,166,242,6996,2006,21217.0,0.0,0.5371,0.8240209999999999,NZL,WSM,480253
7529174,75,10,6996,2006,1843.0,0.0,-0.6554949999999999,-0.098284,FJI,ASM,480253
7529175,166,10,6996,2006,3246.0,0.0,0.5371,0.8240209999999999,NZL,ASM,480253
7529176,166,48,6996,2006,7660.0,0.0,0.5371,0.8240209999999999,NZL,COK,480253
7529177,111,69,6996,2006,3738.0,0.0,1.293779,0.93995,ITA,ERI,480253
7529178,81,76,6996,2006,6462.0,0.0,1.824154,0.614424,GBR,FLK,480253
7529179,114,95,6996,2006,1934.0,0.0,2.4348099999999997,0.082887,JPN,GUM,480253
7529180,75,119,6996,2006,10053.0,0.0,-0.6554949999999999,-0.098284,FJI,KIR,480253
7529181,166,119,6996,2006,2179.0,0.0,0.5371,0.8240209999999999,NZL,KIR,480253
7529182,166,158,6996,2006,4434.0,0.0,0.5371,0.8240209999999999,NZL,NFK,480253
7529183,103,164,6996,2006,8287.0,0.0,-0.21012399999999998,1.467838,IDN,NPL,480253
7529184,104,164,6996,2006,50473.0,0.0,0.285652,2.731318,IND,NPL,480253
7529185,159,165,6996,2006,0.0,37598.0,-2.094353,-1.215025,NGA,NRU,480253
7529186,174,175,6996,2006,2863.0,0.0,0.161994,0.036631,PHL,PLW,480253
7529187,14,176,6996,2006,19977.0,0.0,0.067166,0.373148,AUS,PNG,480253
7529188,18,176,6996,2006,1914.0,0.0,1.2222540000000002,1.383027,BEL,PNG,480253
7529189,75,176,6996,2006,19305.0,0.0,-0.6554949999999999,-0.098284,FJI,PNG,480253
7529190,166,176,6996,2006,31358.0,0.0,0.5371,0.8240209999999999,NZL,PNG,480253
7529191,192,176,6996,2006,13731.0,0.0,1.5377379999999998,0.503089,SGP,PNG,480253
7529192,75,195,6996,2006,5567.0,0.0,-0.6554949999999999,-0.098284,FJI,SLB,480253
7529193,166,195,6996,2006,8078.0,0.0,0.5371,0.8240209999999999,NZL,SLB,480253
7529194,77,241,6996,2006,1681.0,0.0,1.47591,0.489466,FRA,WLF,480253
7529195,156,241,6996,2006,1823.0,0.0,-0.135099,-0.7618779999999999,NCL,WLF,480253
7529196,162,38,6996,2006,1248.0,0.0,1.192134,1.450852,NLD,CAF,480253
7529197,77,200,6996,2006,12553.0,0.0,1.47591,0.489466,FRA,SPM,480253
7529198,61,6,7021,2006,958.0,0.0,2.132566,-2.773669,DEU,ANT,480580
7529199,231,6,7021,2006,3774.0,0.0,1.666643,-0.121679,USA,ANT,480580
7529200,18,8,7021,2006,13589.0,0.0,1.2222540000000002,1.383027,BEL,ARG,480580
7529201,31,8,7021,2006,0.0,9898.0,-0.805185,-0.754091,BOL,ARG,480580
7529202,32,8,7021,2006,2389832.0,8483.0,0.633889,1.1474520000000001,BRA,ARG,480580
7529203,42,8,7021,2006,1788.0,65975.0,-0.188298,-0.46778000000000003,CHL,ARG,480580
7529204,43,8,7021,2006,37783.0,0.0,0.737888,2.54966,CHN,ARG,480580
7529205,54,8,7021,2006,0.0,12369.0,0.204039,-0.5183260000000001,CUB,ARG,480580
7529206,61,8,7021,2006,159578.0,0.0,2.132566,-2.773669,DEU,ARG,480580
7529207,65,8,7021,2006,0.0,325247.0,-0.24073699999999998,0.049093,DOM,ARG,480580
7529208,74,8,7021,2006,14139.0,0.0,1.864038,0.8193940000000001,FIN,ARG,480580
7529209,83,8,7021,2006,0.0,12670.0,-0.9934860000000001,-0.809318,GHA,ARG,480580
7529210,93,8,7021,2006,0.0,123634.0,-0.28642199999999995,0.5868439999999999,GTM,ARG,480580
7529211,111,8,7021,2006,35022.0,0.0,1.293779,0.93995,ITA,ARG,480580
7529212,114,8,7021,2006,17126.0,0.0,2.4348099999999997,0.082887,JPN,ARG,480580
7529213,162,8,7021,2006,11545.0,0.0,1.192134,1.450852,NLD,ARG,480580
7529214,174,8,7021,2006,0.0,10933.0,0.161994,0.036631,PHL,ARG,480580
7529215,180,8,7021,2006,0.0,12272.0,-0.520435,-0.7839119999999999,PRY,ARG,480580
7529216,197,8,7021,2006,0.0,49640.0,-0.135312,0.140874,SLV,ARG,480580
7529217,230,8,7021,2006,77510.0,0.0,0.234384,0.118878,URY,ARG,480580
7529218,231,8,7021,2006,8798.0,0.0,1.666643,-0.121679,USA,ARG,480580
7529219,246,8,7021,2006,30762.0,0.0,0.37964499999999995,1.466326,ZAF,ARG,480580
7529220,249,8,7021,2006,55589.0,0.0,1.619915,1.2289940000000001,TWN,ARG,480580
7529221,231,13,7021,2006,6112.0,0.0,1.666643,-0.121679,USA,ATG,480580
7529222,14,15,7021,2006,0.0,15024.0,0.067166,0.373148,AUS,AUT,480580
7529223,18,15,7021,2006,4423.0,72119.0,1.2222540000000002,1.383027,BEL,AUT,480580
7529224,23,15,7021,2006,5386.0,5763.0,0.414563,1.378005,BGR,AUT,480580
7529225,26,15,7021,2006,3346.0,6665.0,0.40788800000000003,0.562854,BIH,AUT,480580
7529226,41,15,7021,2006,170961.0,226971.0,2.052534,0.515523,CHE,AUT,480580
7529227,52,15,7021,2006,0.0,26855.0,0.042663,-0.376672,CRI,AUT,480580
7529228,58,15,7021,2006,0.0,6650.0,0.708267,-0.048096,CYP,AUT,480580
7529229,59,15,7021,2006,228093.0,637042.0,1.564058,0.6023649999999999,CZE,AUT,480580
7529230,61,15,7021,2006,7911100.0,1976769.0,2.132566,-2.773669,DEU,AUT,480580
7529231,64,15,7021,2006,1054.0,7321.0,1.2308700000000001,1.180914,DNK,AUT,480580
7529232,71,15,7021,2006,75329.0,556554.0,0.9091370000000001,2.068166,ESP,AUT,480580
7529233,74,15,7021,2006,7831.0,52765.0,1.864038,0.8193940000000001,FIN,AUT,480580
7529234,77,15,7021,2006,2923463.0,119181.0,1.47591,0.489466,FRA,AUT,480580
7529235,81,15,7021,2006,181336.0,853462.0,1.824154,0.614424,GBR,AUT,480580
7529236,90,15,7021,2006,0.0,128433.0,0.261955,1.488958,GRC,AUT,480580
7529237,97,15,7021,2006,0.0,74257.0,0.5776319999999999,2.076782,HKG,AUT,480580
7529238,100,15,7021,2006,11692.0,29596.0,0.755787,0.992614,HRV,AUT,480580
7529239,102,15,7021,2006,0.0,504213.0,1.4034309999999999,0.835144,HUN,AUT,480580
7529240,103,15,7021,2006,0.0,38007.0,-0.21012399999999998,1.467838,IDN,AUT,480580
7529241,104,15,7021,2006,0.0,27404.0,0.285652,2.731318,IND,AUT,480580
7529242,107,15,7021,2006,0.0,315222.0,-0.391023,-0.767861,IRN,AUT,480580
7529243,110,15,7021,2006,0.0,22936.0,1.3082129999999998,0.783845,ISR,AUT,480580
7529244,111,15,7021,2006,3056667.0,1270820.0,1.293779,0.93995,ITA,AUT,480580
7529245,113,15,7021,2006,0.0,2780.0,0.166718,0.331248,JOR,AUT,480580
7529246,114,15,7021,2006,0.0,11073.0,2.4348099999999997,0.082887,JPN,AUT,480580
7529247,124,15,7021,2006,0.0,4315.0,0.3861,1.586183,LBN,AUT,480580
7529248,140,15,7021,2006,0.0,7792.0,-0.21336,0.17674700000000002,MKD,AUT,480580
7529249,153,15,7021,2006,0.0,174213.0,0.7896569999999999,0.363625,MYS,AUT,480580
7529250,162,15,7021,2006,104030.0,118762.0,1.192134,1.450852,NLD,AUT,480580
7529251,163,15,7021,2006,20782.0,12699.0,1.0787930000000001,0.014051,NOR,AUT,480580
7529252,168,15,7021,2006,0.0,10710.0,-0.449333,0.563013,PAK,AUT,480580
7529253,177,15,7021,2006,0.0,555770.0,0.991927,1.474418,POL,AUT,480580
7529254,179,15,7021,2006,0.0,133802.0,0.5723630000000001,1.92303,PRT,AUT,480580
7529255,185,15,7021,2006,2518.0,167786.0,0.550825,1.170744,ROU,AUT,480580
7529256,186,15,7021,2006,0.0,17930.0,0.801197,0.104683,RUS,AUT,480580
7529257,188,15,7021,2006,0.0,76753.0,0.162432,-0.853059,SAU,AUT,480580
7529258,192,15,7021,2006,0.0,13227.0,1.5377379999999998,0.503089,SGP,AUT,480580
7529259,206,15,7021,2006,0.0,58659.0,1.291583,0.868317,SVK,AUT,480580
7529260,207,15,7021,2006,74103.0,103101.0,1.5882370000000001,0.800719,SVN,AUT,480580
7529261,208,15,7021,2006,11578034.0,109120.0,1.902737,0.593294,SWE,AUT,480580
7529262,212,15,7021,2006,0.0,7112.0,-0.588695,0.532487,SYR,AUT,480580
7529263,224,15,7021,2006,0.0,275842.0,0.33971599999999996,2.193384,TUR,AUT,480580
7529264,231,15,7021,2006,57679.0,810939.0,1.666643,-0.121679,USA,AUT,480580
7529265,236,15,7021,2006,0.0,49325.0,-0.340972,-1.015462,VEN,AUT,480580
7529266,7,18,7021,2006,0.0,17943.0,0.053903999999999994,-0.735124,ARE,BEL,480580
7529267,8,18,7021,2006,0.0,13589.0,0.33055,0.665867,ARG,BEL,480580
7529268,15,18,7021,2006,72119.0,4423.0,1.775669,0.192717,AUT,BEL,480580
7529269,17,18,7021,2006,0.0,2070.0,-0.033711,-0.48450600000000005,BDI,BEL,480580
7529270,23,18,7021,2006,0.0,4011.0,0.414563,1.378005,BGR,BEL,480580
7529271,41,18,7021,2006,3285.0,0.0,2.052534,0.515523,CHE,BEL,480580
7529272,42,18,7021,2006,1018.0,414517.0,-0.188298,-0.46778000000000003,CHL,BEL,480580
7529273,43,18,7021,2006,1236.0,166662.0,0.737888,2.54966,CHN,BEL,480580
7529274,44,18,7021,2006,0.0,20897.0,-0.8918530000000001,-0.8145819999999999,CIV,BEL,480580
7529275,45,18,7021,2006,0.0,17550.0,-1.358873,-1.1511360000000002,CMR,BEL,480580
7529276,46,18,7021,2006,0.0,4177.0,-1.542137,-1.086494,COD,BEL,480580
7529277,49,18,7021,2006,0.0,6772.0,0.129887,0.44371700000000003,COL,BEL,480580
7529278,52,18,7021,2006,0.0,94147.0,0.042663,-0.376672,CRI,BEL,480580
7529279,59,18,7021,2006,68239.0,181715.0,1.564058,0.6023649999999999,CZE,BEL,480580
7529280,61,18,7021,2006,16004420.0,581148.0,2.132566,-2.773669,DEU,BEL,480580
7529281,64,18,7021,2006,21808.0,151221.0,1.2308700000000001,1.180914,DNK,BEL,480580
7529282,65,18,7021,2006,0.0,67356.0,-0.24073699999999998,0.049093,DOM,BEL,480580
7529283,66,18,7021,2006,0.0,243200.0,-0.489962,-1.12456,DZA,BEL,480580
7529284,68,18,7021,2006,0.0,31999.0,-0.182272,0.40222399999999997,EGY,BEL,480580
7529285,71,18,7021,2006,2263522.0,118988.0,0.9091370000000001,2.068166,ESP,BEL,480580
7529286,74,18,7021,2006,196096.0,8611.0,1.864038,0.8193940000000001,FIN,BEL,480580
7529287,77,18,7021,2006,8169258.0,4155570.0,1.47591,0.489466,FRA,BEL,480580
7529288,81,18,7021,2006,488397.0,2347520.0,1.824154,0.614424,GBR,BEL,480580
7529289,83,18,7021,2006,0.0,27572.0,-0.9934860000000001,-0.809318,GHA,BEL,480580
7529290,104,18,7021,2006,65925.0,117812.0,0.285652,2.731318,IND,BEL,480580
7529291,110,18,7021,2006,0.0,68450.0,1.3082129999999998,0.783845,ISR,BEL,480580
7529292,111,18,7021,2006,3323241.0,343241.0,1.293779,0.93995,ITA,BEL,480580
7529293,113,18,7021,2006,0.0,15369.0,0.166718,0.331248,JOR,BEL,480580
7529294,114,18,7021,2006,1213.0,0.0,2.4348099999999997,0.082887,JPN,BEL,480580
7529295,116,18,7021,2006,0.0,139589.0,-0.38287899999999997,1.060286,KEN,BEL,480580
7529296,124,18,7021,2006,13119.0,0.0,0.3861,1.586183,LBN,BEL,480580
7529297,131,18,7021,2006,4384.0,2116564.0,1.4345620000000001,0.8840819999999999,LUX,BEL,480580
7529298,134,18,7021,2006,0.0,109576.0,-0.547933,0.08257300000000001,MAR,BEL,480580
7529299,138,18,7021,2006,0.0,3229.0,1.047268,0.7142270000000001,MEX,BEL,480580
7529300,142,18,7021,2006,0.0,2526.0,1.384411,0.093734,MLT,BEL,480580
7529301,153,18,7021,2006,0.0,23216.0,0.7896569999999999,0.363625,MYS,BEL,480580
7529302,159,18,7021,2006,0.0,38689.0,-2.094353,-1.215025,NGA,BEL,480580
7529303,162,18,7021,2006,4248365.0,2862156.0,1.192134,1.450852,NLD,BEL,480580
7529304,163,18,7021,2006,260963.0,0.0,1.0787930000000001,0.014051,NOR,BEL,480580
7529305,169,18,7021,2006,0.0,7716.0,0.306664,0.638533,PAN,BEL,480580
7529306,177,18,7021,2006,21099.0,254891.0,0.991927,1.474418,POL,BEL,480580
7529307,179,18,7021,2006,0.0,10759.0,0.5723630000000001,1.92303,PRT,BEL,480580
7529308,185,18,7021,2006,0.0,2563.0,0.550825,1.170744,ROU,BEL,480580
7529309,186,18,7021,2006,0.0,177222.0,0.801197,0.104683,RUS,BEL,480580
7529310,187,18,7021,2006,0.0,4656.0,-0.032827999999999996,-0.42937600000000004,RWA,BEL,480580
7529311,188,18,7021,2006,0.0,71670.0,0.162432,-0.853059,SAU,BEL,480580
7529312,191,18,7021,2006,0.0,16776.0,-0.364713,-0.183612,SEN,BEL,480580
7529313,192,18,7021,2006,0.0,25702.0,1.5377379999999998,0.503089,SGP,BEL,480580
7529314,206,18,7021,2006,1571.0,9277.0,1.291583,0.868317,SVK,BEL,480580
7529315,208,18,7021,2006,405246.0,64845.0,1.902737,0.593294,SWE,BEL,480580
7529316,212,18,7021,2006,0.0,4633.0,-0.588695,0.532487,SYR,BEL,480580
7529317,216,18,7021,2006,0.0,145537.0,0.568209,1.685343,THA,BEL,480580
7529318,222,18,7021,2006,0.0,4504.0,-0.20651399999999998,-1.024907,TTO,BEL,480580
7529319,223,18,7021,2006,0.0,72799.0,-0.013636,0.804752,TUN,BEL,480580
7529320,224,18,7021,2006,4741.0,209988.0,0.33971599999999996,2.193384,TUR,BEL,480580
7529321,226,18,7021,2006,0.0,117952.0,-0.953097,0.159129,TZA,BEL,480580
7529322,227,18,7021,2006,0.0,12103.0,-0.702511,-0.43976099999999996,UGA,BEL,480580
7529323,231,18,7021,2006,25398.0,2581.0,1.666643,-0.121679,USA,BEL,480580
7529324,249,18,7021,2006,0.0,10572.0,1.619915,1.2289940000000001,TWN,BEL,480580
7529325,231,25,7021,2006,78595.0,0.0,1.666643,-0.121679,USA,BHS,480580
7529326,8,31,7021,2006,9898.0,0.0,0.33055,0.665867,ARG,BOL,480580
7529327,32,31,7021,2006,87467.0,0.0,0.633889,1.1474520000000001,BRA,BOL,480580
7529328,61,31,7021,2006,1527.0,0.0,2.132566,-2.773669,DEU,BOL,480580
7529329,71,31,7021,2006,8018.0,0.0,0.9091370000000001,2.068166,ESP,BOL,480580
7529330,162,31,7021,2006,4073.0,0.0,1.192134,1.450852,NLD,BOL,480580
7529331,173,31,7021,2006,0.0,878.0,-0.551095,0.044295,PER,BOL,480580
7529332,7,32,7021,2006,0.0,110395.0,0.053903999999999994,-0.735124,ARE,BRA,480580
7529333,8,32,7021,2006,8483.0,2389832.0,0.33055,0.665867,ARG,BRA,480580
7529334,24,32,7021,2006,0.0,69413.0,0.172724,-0.9449879999999999,BHR,BRA,480580
7529335,31,32,7021,2006,0.0,87467.0,-0.805185,-0.754091,BOL,BRA,480580
7529336,42,32,7021,2006,0.0,900738.0,-0.188298,-0.46778000000000003,CHL,BRA,480580
7529337,43,32,7021,2006,994.0,13394.0,0.737888,2.54966,CHN,BRA,480580
7529338,45,32,7021,2006,0.0,146240.0,-1.358873,-1.1511360000000002,CMR,BRA,480580
7529339,49,32,7021,2006,0.0,21457.0,0.129887,0.44371700000000003,COL,BRA,480580
7529340,58,32,7021,2006,0.0,8377.0,0.708267,-0.048096,CYP,BRA,480580
7529341,61,32,7021,2006,1120554.0,0.0,2.132566,-2.773669,DEU,BRA,480580
7529342,65,32,7021,2006,0.0,1668261.0,-0.24073699999999998,0.049093,DOM,BRA,480580
7529343,66,32,7021,2006,0.0,194626.0,-0.489962,-1.12456,DZA,BRA,480580
7529344,67,32,7021,2006,0.0,33826.0,-0.878583,-0.9462010000000001,ECU,BRA,480580
7529345,71,32,7021,2006,18431.0,262753.0,0.9091370000000001,2.068166,ESP,BRA,480580
7529346,77,32,7021,2006,186531.0,14281.0,1.47591,0.489466,FRA,BRA,480580
7529347,81,32,7021,2006,324392.0,0.0,1.824154,0.614424,GBR,BRA,480580
7529348,93,32,7021,2006,0.0,74793.0,-0.28642199999999995,0.5868439999999999,GTM,BRA,480580
7529349,111,32,7021,2006,24208.0,0.0,1.293779,0.93995,ITA,BRA,480580
7529350,113,32,7021,2006,0.0,83622.0,0.166718,0.331248,JOR,BRA,480580
7529351,122,32,7021,2006,0.0,84286.0,-0.589823,-1.142795,KWT,BRA,480580
7529352,124,32,7021,2006,0.0,386074.0,0.3861,1.586183,LBN,BRA,480580
7529353,138,32,7021,2006,0.0,14664.0,1.047268,0.7142270000000001,MEX,BRA,480580
7529354,159,32,7021,2006,0.0,36981.0,-2.094353,-1.215025,NGA,BRA,480580
7529355,162,32,7021,2006,5791.0,2454.0,1.192134,1.450852,NLD,BRA,480580
7529356,173,32,7021,2006,0.0,48478.0,-0.551095,0.044295,PER,BRA,480580
7529357,180,32,7021,2006,0.0,92394.0,-0.520435,-0.7839119999999999,PRY,BRA,480580
7529358,188,32,7021,2006,0.0,31451.0,0.162432,-0.853059,SAU,BRA,480580
7529359,190,32,7021,2006,0.0,10251.0,-1.873762,-1.278378,SDN,BRA,480580
7529360,208,32,7021,2006,1333806.0,0.0,1.902737,0.593294,SWE,BRA,480580
7529361,222,32,7021,2006,0.0,47665.0,-0.20651399999999998,-1.024907,TTO,BRA,480580
7529362,226,32,7021,2006,0.0,29372.0,-0.953097,0.159129,TZA,BRA,480580
7529363,230,32,7021,2006,0.0,167445.0,0.234384,0.118878,URY,BRA,480580
7529364,231,32,7021,2006,19282.0,0.0,1.666643,-0.121679,USA,BRA,480580
7529365,236,32,7021,2006,0.0,149302.0,-0.340972,-1.015462,VEN,BRA,480580
7529366,246,32,7021,2006,0.0,4600.0,0.37964499999999995,1.466326,ZAF,BRA,480580
7529367,249,32,7021,2006,14203.0,0.0,1.619915,1.2289940000000001,TWN,BRA,480580
7529368,231,33,7021,2006,2339.0,0.0,1.666643,-0.121679,USA,BRB,480580
7529369,42,39,7021,2006,0.0,14843.0,-0.188298,-0.46778000000000003,CHL,CAN,480580
7529370,43,39,7021,2006,7932.0,283870.0,0.737888,2.54966,CHN,CAN,480580
7529371,49,39,7021,2006,0.0,17968.0,0.129887,0.44371700000000003,COL,CAN,480580
7529372,52,39,7021,2006,0.0,68003.0,0.042663,-0.376672,CRI,CAN,480580
7529373,54,39,7021,2006,0.0,110745.0,0.204039,-0.5183260000000001,CUB,CAN,480580
7529374,61,39,7021,2006,1412527.0,0.0,2.132566,-2.773669,DEU,CAN,480580
7529375,64,39,7021,2006,0.0,9807.0,1.2308700000000001,1.180914,DNK,CAN,480580
7529376,65,39,7021,2006,0.0,9266.0,-0.24073699999999998,0.049093,DOM,CAN,480580
7529377,68,39,7021,2006,0.0,70226.0,-0.182272,0.40222399999999997,EGY,CAN,480580
7529378,71,39,7021,2006,4908.0,46843.0,0.9091370000000001,2.068166,ESP,CAN,480580
7529379,74,39,7021,2006,221247.0,0.0,1.864038,0.8193940000000001,FIN,CAN,480580
7529380,77,39,7021,2006,18181.0,0.0,1.47591,0.489466,FRA,CAN,480580
7529381,81,39,7021,2006,118436.0,112598.0,1.824154,0.614424,GBR,CAN,480580
7529382,93,39,7021,2006,0.0,12603.0,-0.28642199999999995,0.5868439999999999,GTM,CAN,480580
7529383,97,39,7021,2006,0.0,274163.0,0.5776319999999999,2.076782,HKG,CAN,480580
7529384,103,39,7021,2006,0.0,17354.0,-0.21012399999999998,1.467838,IDN,CAN,480580
7529385,104,39,7021,2006,0.0,9549.0,0.285652,2.731318,IND,CAN,480580
7529386,110,39,7021,2006,0.0,64035.0,1.3082129999999998,0.783845,ISR,CAN,480580
7529387,111,39,7021,2006,118924.0,0.0,1.293779,0.93995,ITA,CAN,480580
7529388,114,39,7021,2006,30422.0,18850.0,2.4348099999999997,0.082887,JPN,CAN,480580
7529389,115,39,7021,2006,0.0,1744.0,0.038229,-0.579421,KAZ,CAN,480580
7529390,121,39,7021,2006,1378.0,51880.0,1.5384309999999999,0.766628,KOR,CAN,480580
7529391,128,39,7021,2006,0.0,19352.0,-0.573767,0.305913,LKA,CAN,480580
7529392,138,39,7021,2006,0.0,463261.0,1.047268,0.7142270000000001,MEX,CAN,480580
7529393,153,39,7021,2006,0.0,224711.0,0.7896569999999999,0.363625,MYS,CAN,480580
7529394,162,39,7021,2006,1176.0,0.0,1.192134,1.450852,NLD,CAN,480580
7529395,163,39,7021,2006,248057.0,0.0,1.0787930000000001,0.014051,NOR,CAN,480580
7529396,168,39,7021,2006,0.0,32416.0,-0.449333,0.563013,PAK,CAN,480580
7529397,174,39,7021,2006,0.0,21539.0,0.161994,0.036631,PHL,CAN,480580
7529398,177,39,7021,2006,0.0,12176.0,0.991927,1.474418,POL,CAN,480580
7529399,179,39,7021,2006,2466.0,15493.0,0.5723630000000001,1.92303,PRT,CAN,480580
7529400,197,39,7021,2006,0.0,15630.0,-0.135312,0.140874,SLV,CAN,480580
7529401,208,39,7021,2006,68134.0,0.0,1.902737,0.593294,SWE,CAN,480580
7529402,216,39,7021,2006,0.0,1654.0,0.568209,1.685343,THA,CAN,480580
7529403,222,39,7021,2006,0.0,69941.0,-0.20651399999999998,-1.024907,TTO,CAN,480580
7529404,231,39,7021,2006,38962920.0,55372596.0,1.666643,-0.121679,USA,CAN,480580
7529405,239,39,7021,2006,0.0,408258.0,-0.342779,1.033318,VNM,CAN,480580
7529406,249,39,7021,2006,119914.0,2123.0,1.619915,1.2289940000000001,TWN,CAN,480580
7529407,7,41,7021,2006,0.0,27650.0,0.053903999999999994,-0.735124,ARE,CHE,480580
7529408,14,41,7021,2006,0.0,43549.0,0.067166,0.373148,AUS,CHE,480580
7529409,15,41,7021,2006,226971.0,170961.0,1.775669,0.192717,AUT,CHE,480580
7529410,18,41,7021,2006,0.0,3285.0,1.2222540000000002,1.383027,BEL,CHE,480580
7529411,23,41,7021,2006,0.0,12556.0,0.414563,1.378005,BGR,CHE,480580
7529412,43,41,7021,2006,0.0,1669423.0,0.737888,2.54966,CHN,CHE,480580
7529413,49,41,7021,2006,0.0,12281.0,0.129887,0.44371700000000003,COL,CHE,480580
7529414,59,41,7021,2006,527199.0,178313.0,1.564058,0.6023649999999999,CZE,CHE,480580
7529415,61,41,7021,2006,6988862.0,406355.0,2.132566,-2.773669,DEU,CHE,480580
7529416,64,41,7021,2006,128877.0,0.0,1.2308700000000001,1.180914,DNK,CHE,480580
7529417,66,41,7021,2006,0.0,69919.0,-0.489962,-1.12456,DZA,CHE,480580
7529418,71,41,7021,2006,4727.0,109852.0,0.9091370000000001,2.068166,ESP,CHE,480580
7529419,72,41,7021,2006,0.0,11382.0,0.6426350000000001,0.925003,EST,CHE,480580
7529420,74,41,7021,2006,88862.0,20189.0,1.864038,0.8193940000000001,FIN,CHE,480580
7529421,77,41,7021,2006,3090774.0,47190.0,1.47591,0.489466,FRA,CHE,480580
7529422,81,41,7021,2006,704233.0,212830.0,1.824154,0.614424,GBR,CHE,480580
7529423,100,41,7021,2006,0.0,561446.0,0.755787,0.992614,HRV,CHE,480580
7529424,104,41,7021,2006,0.0,4586.0,0.285652,2.731318,IND,CHE,480580
7529425,109,41,7021,2006,0.0,10812.0,0.170234,-0.302203,ISL,CHE,480580
7529426,111,41,7021,2006,574176.0,49292.0,1.293779,0.93995,ITA,CHE,480580
7529427,113,41,7021,2006,0.0,12166.0,0.166718,0.331248,JOR,CHE,480580
7529428,114,41,7021,2006,0.0,1958.0,2.4348099999999997,0.082887,JPN,CHE,480580
7529429,116,41,7021,2006,0.0,4275.0,-0.38287899999999997,1.060286,KEN,CHE,480580
7529430,121,41,7021,2006,0.0,47096.0,1.5384309999999999,0.766628,KOR,CHE,480580
7529431,128,41,7021,2006,0.0,773.0,-0.573767,0.305913,LKA,CHE,480580
7529432,134,41,7021,2006,0.0,2653.0,-0.547933,0.08257300000000001,MAR,CHE,480580
7529433,138,41,7021,2006,0.0,12964.0,1.047268,0.7142270000000001,MEX,CHE,480580
7529434,142,41,7021,2006,0.0,8662.0,1.384411,0.093734,MLT,CHE,480580
7529435,159,41,7021,2006,0.0,5957.0,-2.094353,-1.215025,NGA,CHE,480580
7529436,162,41,7021,2006,48166.0,19069.0,1.192134,1.450852,NLD,CHE,480580
7529437,163,41,7021,2006,556821.0,1849.0,1.0787930000000001,0.014051,NOR,CHE,480580
7529438,168,41,7021,2006,0.0,330162.0,-0.449333,0.563013,PAK,CHE,480580
7529439,173,41,7021,2006,0.0,1004.0,-0.551095,0.044295,PER,CHE,480580
7529440,177,41,7021,2006,2572.0,9377.0,0.991927,1.474418,POL,CHE,480580
7529441,179,41,7021,2006,0.0,16671.0,0.5723630000000001,1.92303,PRT,CHE,480580
7529442,186,41,7021,2006,0.0,16343.0,0.801197,0.104683,RUS,CHE,480580
7529443,201,41,7021,2006,0.0,105786.0,0.547824,1.5588879999999998,SRB,CHE,480580
7529444,206,41,7021,2006,0.0,3962.0,1.291583,0.868317,SVK,CHE,480580
7529445,207,41,7021,2006,46054.0,0.0,1.5882370000000001,0.800719,SVN,CHE,480580
7529446,208,41,7021,2006,773605.0,9506.0,1.902737,0.593294,SWE,CHE,480580
7529447,216,41,7021,2006,0.0,15540.0,0.568209,1.685343,THA,CHE,480580
7529448,224,41,7021,2006,1839.0,61811.0,0.33971599999999996,2.193384,TUR,CHE,480580
7529449,231,41,7021,2006,18911.0,225505.0,1.666643,-0.121679,USA,CHE,480580
7529450,236,41,7021,2006,0.0,2404.0,-0.340972,-1.015462,VEN,CHE,480580
7529451,246,41,7021,2006,0.0,159123.0,0.37964499999999995,1.466326,ZAF,CHE,480580
7529452,249,41,7021,2006,32053.0,0.0,1.619915,1.2289940000000001,TWN,CHE,480580
7529453,8,42,7021,2006,65975.0,1788.0,0.33055,0.665867,ARG,CHL,480580
7529454,18,42,7021,2006,414517.0,1018.0,1.2222540000000002,1.383027,BEL,CHL,480580
7529455,32,42,7021,2006,900738.0,0.0,0.633889,1.1474520000000001,BRA,CHL,480580
7529456,39,42,7021,2006,14843.0,0.0,0.865685,1.1480489999999999,CAN,CHL,480580
7529457,49,42,7021,2006,0.0,60939.0,0.129887,0.44371700000000003,COL,CHL,480580
7529458,52,42,7021,2006,0.0,17148.0,0.042663,-0.376672,CRI,CHL,480580
7529459,61,42,7021,2006,82404.0,0.0,2.132566,-2.773669,DEU,CHL,480580
7529460,65,42,7021,2006,0.0,232412.0,-0.24073699999999998,0.049093,DOM,CHL,480580
7529461,67,42,7021,2006,0.0,6908.0,-0.878583,-0.9462010000000001,ECU,CHL,480580
7529462,71,42,7021,2006,201796.0,0.0,0.9091370000000001,2.068166,ESP,CHL,480580
7529463,74,42,7021,2006,6328.0,0.0,1.864038,0.8193940000000001,FIN,CHL,480580
7529464,93,42,7021,2006,0.0,47132.0,-0.28642199999999995,0.5868439999999999,GTM,CHL,480580
7529465,99,42,7021,2006,0.0,64490.0,-0.672074,-0.472138,HND,CHL,480580
7529466,111,42,7021,2006,78451.0,0.0,1.293779,0.93995,ITA,CHL,480580
7529467,121,42,7021,2006,0.0,13399.0,1.5384309999999999,0.766628,KOR,CHL,480580
7529468,153,42,7021,2006,15308.0,0.0,0.7896569999999999,0.363625,MYS,CHL,480580
7529469,173,42,7021,2006,0.0,286160.0,-0.551095,0.044295,PER,CHL,480580
7529470,197,42,7021,2006,0.0,10853.0,-0.135312,0.140874,SLV,CHL,480580
7529471,231,42,7021,2006,60233.0,0.0,1.666643,-0.121679,USA,CHL,480580
7529472,249,42,7021,2006,2705.0,0.0,1.619915,1.2289940000000001,TWN,CHL,480580
7529473,7,43,7021,2006,0.0,14693.0,0.053903999999999994,-0.735124,ARE,CHN,480580
7529474,8,43,7021,2006,0.0,37783.0,0.33055,0.665867,ARG,CHN,480580
7529475,14,43,7021,2006,58409.0,52547.0,0.067166,0.373148,AUS,CHN,480580
7529476,18,43,7021,2006,166662.0,1236.0,1.2222540000000002,1.383027,BEL,CHN,480580
7529477,22,43,7021,2006,0.0,13492.0,-1.0305309999999999,-0.80937,BGD,CHN,480580
7529478,28,43,7021,2006,0.0,7568.0,0.919853,0.384409,BLR,CHN,480580
7529479,32,43,7021,2006,13394.0,994.0,0.633889,1.1474520000000001,BRA,CHN,480580
7529480,39,43,7021,2006,283870.0,7932.0,0.865685,1.1480489999999999,CAN,CHN,480580
7529481,41,43,7021,2006,1669423.0,0.0,2.052534,0.515523,CHE,CHN,480580
7529482,49,43,7021,2006,0.0,21172.0,0.129887,0.44371700000000003,COL,CHN,480580
7529483,52,43,7021,2006,0.0,74465.0,0.042663,-0.376672,CRI,CHN,480580
7529484,54,43,7021,2006,0.0,10749.0,0.204039,-0.5183260000000001,CUB,CHN,480580
7529485,61,43,7021,2006,365954.0,22453.0,2.132566,-2.773669,DEU,CHN,480580
7529486,64,43,7021,2006,0.0,88883.0,1.2308700000000001,1.180914,DNK,CHN,480580
7529487,65,43,7021,2006,0.0,124569.0,-0.24073699999999998,0.049093,DOM,CHN,480580
7529488,66,43,7021,2006,0.0,1535.0,-0.489962,-1.12456,DZA,CHN,480580
7529489,68,43,7021,2006,0.0,12027.0,-0.182272,0.40222399999999997,EGY,CHN,480580
7529490,71,43,7021,2006,1135193.0,323931.0,0.9091370000000001,2.068166,ESP,CHN,480580
7529491,73,43,7021,2006,0.0,14329.0,-0.9557180000000001,-0.9153479999999999,ETH,CHN,480580
7529492,74,43,7021,2006,342956.0,0.0,1.864038,0.8193940000000001,FIN,CHN,480580
7529493,77,43,7021,2006,590776.0,117635.0,1.47591,0.489466,FRA,CHN,480580
7529494,81,43,7021,2006,252312.0,136400.0,1.824154,0.614424,GBR,CHN,480580
7529495,90,43,7021,2006,0.0,5970.0,0.261955,1.488958,GRC,CHN,480580
7529496,93,43,7021,2006,0.0,54461.0,-0.28642199999999995,0.5868439999999999,GTM,CHN,480580
7529497,97,43,7021,2006,2404996.0,973405.0,0.5776319999999999,2.076782,HKG,CHN,480580
7529498,100,43,7021,2006,0.0,1529.0,0.755787,0.992614,HRV,CHN,480580
7529499,102,43,7021,2006,0.0,16668.0,1.4034309999999999,0.835144,HUN,CHN,480580
7529500,103,43,7021,2006,322041.0,82987.0,-0.21012399999999998,1.467838,IDN,CHN,480580
7529501,104,43,7021,2006,19720.0,34935.0,0.285652,2.731318,IND,CHN,480580
7529502,106,43,7021,2006,0.0,45309.0,1.43804,0.06463200000000001,IRL,CHN,480580
7529503,107,43,7021,2006,0.0,7719.0,-0.391023,-0.767861,IRN,CHN,480580
7529504,111,43,7021,2006,273796.0,67353.0,1.293779,0.93995,ITA,CHN,480580
7529505,113,43,7021,2006,0.0,5635.0,0.166718,0.331248,JOR,CHN,480580
7529506,114,43,7021,2006,7065540.0,239778.0,2.4348099999999997,0.082887,JPN,CHN,480580
7529507,115,43,7021,2006,0.0,123073.0,0.038229,-0.579421,KAZ,CHN,480580
7529508,117,43,7021,2006,0.0,97285.0,-0.034069,0.136694,KGZ,CHN,480580
7529509,118,43,7021,2006,731.0,8483.0,-1.323365,-1.185827,KHM,CHN,480580
7529510,121,43,7021,2006,1128256.0,320424.0,1.5384309999999999,0.766628,KOR,CHN,480580
7529511,124,43,7021,2006,0.0,3082.0,0.3861,1.586183,LBN,CHN,480580
7529512,128,43,7021,2006,0.0,34587.0,-0.573767,0.305913,LKA,CHN,480580
7529513,130,43,7021,2006,0.0,1066.0,0.44063599999999997,1.163857,LTU,CHN,480580
7529514,133,43,7021,2006,1729.0,3807.0,-0.07118200000000001,-0.228354,MAC,CHN,480580
7529515,135,43,7021,2006,0.0,537.0,-0.017707,0.135305,MDA,CHN,480580
7529516,136,43,7021,2006,0.0,2892.0,-1.024657,-0.393395,MDG,CHN,480580
7529517,137,43,7021,2006,0.0,1041.0,-0.240191,-0.8320290000000001,MDV,CHN,480580
7529518,138,43,7021,2006,0.0,159871.0,1.047268,0.7142270000000001,MEX,CHN,480580
7529519,141,43,7021,2006,0.0,13229.0,-0.503462,-0.778836,MLI,CHN,480580
7529520,145,43,7021,2006,0.0,1228.0,-1.147217,-1.0734709999999998,MNG,CHN,480580
7529521,153,43,7021,2006,4717924.0,28702.0,0.7896569999999999,0.363625,MYS,CHN,480580
7529522,156,43,7021,2006,0.0,412.0,-0.135099,-0.7618779999999999,NCL,CHN,480580
7529523,160,43,7021,2006,0.0,1018.0,-0.998825,-0.893867,NIC,CHN,480580
7529524,162,43,7021,2006,2454784.0,6826.0,1.192134,1.450852,NLD,CHN,480580
7529525,166,43,7021,2006,257117.0,0.0,0.5371,0.8240209999999999,NZL,CHN,480580
7529526,168,43,7021,2006,0.0,42740.0,-0.449333,0.563013,PAK,CHN,480580
7529527,173,43,7021,2006,0.0,6087.0,-0.551095,0.044295,PER,CHN,480580
7529528,174,43,7021,2006,1148.0,61374.0,0.161994,0.036631,PHL,CHN,480580
7529529,177,43,7021,2006,0.0,17134.0,0.991927,1.474418,POL,CHN,480580
7529530,178,43,7021,2006,0.0,8605.0,0.548754,0.763313,PRK,CHN,480580
7529531,179,43,7021,2006,25971.0,180208.0,0.5723630000000001,1.92303,PRT,CHN,480580
7529532,181,43,7021,2006,0.0,12934.0,-0.03464,-0.487188,PSE,CHN,480580
7529533,185,43,7021,2006,0.0,3517.0,0.550825,1.170744,ROU,CHN,480580
7529534,186,43,7021,2006,136760.0,15657.0,0.801197,0.104683,RUS,CHN,480580
7529535,188,43,7021,2006,0.0,1286.0,0.162432,-0.853059,SAU,CHN,480580
7529536,191,43,7021,2006,0.0,8926.0,-0.364713,-0.183612,SEN,CHN,480580
7529537,192,43,7021,2006,321043.0,40286.0,1.5377379999999998,0.503089,SGP,CHN,480580
7529538,205,43,7021,2006,0.0,4928.0,-0.754046,-0.872361,SUR,CHN,480580
7529539,208,43,7021,2006,349870.0,3010.0,1.902737,0.593294,SWE,CHN,480580
7529540,216,43,7021,2006,588148.0,66181.0,0.568209,1.685343,THA,CHN,480580
7529541,223,43,7021,2006,0.0,9491.0,-0.013636,0.804752,TUN,CHN,480580
7529542,224,43,7021,2006,0.0,73843.0,0.33971599999999996,2.193384,TUR,CHN,480580
7529543,226,43,7021,2006,0.0,3649.0,-0.953097,0.159129,TZA,CHN,480580
7529544,230,43,7021,2006,0.0,1494.0,0.234384,0.118878,URY,CHN,480580
7529545,231,43,7021,2006,137975.0,107450.0,1.666643,-0.121679,USA,CHN,480580
7529546,236,43,7021,2006,0.0,28859.0,-0.340972,-1.015462,VEN,CHN,480580
7529547,239,43,7021,2006,0.0,178704.0,-0.342779,1.033318,VNM,CHN,480580
7529548,243,43,7021,2006,0.0,1605.0,-1.0407110000000002,-1.13042,YEM,CHN,480580
7529549,246,43,7021,2006,0.0,9230.0,0.37964499999999995,1.466326,ZAF,CHN,480580
7529550,249,43,7021,2006,6520594.0,2191850.0,1.619915,1.2289940000000001,TWN,CHN,480580
7529551,18,49,7021,2006,6772.0,0.0,1.2222540000000002,1.383027,BEL,COL,480580
7529552,32,49,7021,2006,21457.0,0.0,0.633889,1.1474520000000001,BRA,COL,480580
7529553,39,49,7021,2006,17968.0,0.0,0.865685,1.1480489999999999,CAN,COL,480580
7529554,41,49,7021,2006,12281.0,0.0,2.052534,0.515523,CHE,COL,480580
7529555,42,49,7021,2006,60939.0,0.0,-0.188298,-0.46778000000000003,CHL,COL,480580
7529556,43,49,7021,2006,21172.0,0.0,0.737888,2.54966,CHN,COL,480580
7529557,52,49,7021,2006,0.0,191879.0,0.042663,-0.376672,CRI,COL,480580
7529558,61,49,7021,2006,1267215.0,0.0,2.132566,-2.773669,DEU,COL,480580
7529559,67,49,7021,2006,0.0,1075.0,-0.878583,-0.9462010000000001,ECU,COL,480580
7529560,71,49,7021,2006,108941.0,0.0,0.9091370000000001,2.068166,ESP,COL,480580
7529561,74,49,7021,2006,350528.0,0.0,1.864038,0.8193940000000001,FIN,COL,480580
7529562,81,49,7021,2006,3384.0,0.0,1.824154,0.614424,GBR,COL,480580
7529563,93,49,7021,2006,0.0,209109.0,-0.28642199999999995,0.5868439999999999,GTM,COL,480580
7529564,96,49,7021,2006,0.0,28801.0,-0.813775,-0.8000649999999999,GUY,COL,480580
7529565,104,49,7021,2006,0.0,1743.0,0.285652,2.731318,IND,COL,480580
7529566,111,49,7021,2006,158568.0,0.0,1.293779,0.93995,ITA,COL,480580
7529567,153,49,7021,2006,3107.0,0.0,0.7896569999999999,0.363625,MYS,COL,480580
7529568,162,49,7021,2006,42773.0,0.0,1.192134,1.450852,NLD,COL,480580
7529569,208,49,7021,2006,20121.0,0.0,1.902737,0.593294,SWE,COL,480580
7529570,231,49,7021,2006,20533.0,3703.0,1.666643,-0.121679,USA,COL,480580
7529571,236,49,7021,2006,0.0,103973.0,-0.340972,-1.015462,VEN,COL,480580
7529572,15,52,7021,2006,26855.0,0.0,1.775669,0.192717,AUT,CRI,480580
7529573,18,52,7021,2006,94147.0,0.0,1.2222540000000002,1.383027,BEL,CRI,480580
7529574,39,52,7021,2006,68003.0,0.0,0.865685,1.1480489999999999,CAN,CRI,480580
7529575,42,52,7021,2006,17148.0,0.0,-0.188298,-0.46778000000000003,CHL,CRI,480580
7529576,43,52,7021,2006,74465.0,0.0,0.737888,2.54966,CHN,CRI,480580
7529577,49,52,7021,2006,191879.0,0.0,0.129887,0.44371700000000003,COL,CRI,480580
7529578,61,52,7021,2006,18445.0,0.0,2.132566,-2.773669,DEU,CRI,480580
7529579,71,52,7021,2006,18318.0,0.0,0.9091370000000001,2.068166,ESP,CRI,480580
7529580,74,52,7021,2006,4231.0,0.0,1.864038,0.8193940000000001,FIN,CRI,480580
7529581,93,52,7021,2006,78280.0,0.0,-0.28642199999999995,0.5868439999999999,GTM,CRI,480580
7529582,111,52,7021,2006,31374.0,0.0,1.293779,0.93995,ITA,CRI,480580
7529583,138,52,7021,2006,34796.0,0.0,1.047268,0.7142270000000001,MEX,CRI,480580
7529584,160,52,7021,2006,7225.0,5295.0,-0.998825,-0.893867,NIC,CRI,480580
7529585,162,52,7021,2006,1896.0,0.0,1.192134,1.450852,NLD,CRI,480580
7529586,169,52,7021,2006,1501.0,0.0,0.306664,0.638533,PAN,CRI,480580
7529587,208,52,7021,2006,13394.0,0.0,1.902737,0.593294,SWE,CRI,480580
7529588,231,52,7021,2006,173237.0,0.0,1.666643,-0.121679,USA,CRI,480580
7529589,236,52,7021,2006,6466.0,0.0,-0.340972,-1.015462,VEN,CRI,480580
7529590,249,52,7021,2006,2510.0,0.0,1.619915,1.2289940000000001,TWN,CRI,480580
7529591,15,59,7021,2006,637042.0,228093.0,1.775669,0.192717,AUT,CZE,480580
7529592,18,59,7021,2006,181715.0,68239.0,1.2222540000000002,1.383027,BEL,CZE,480580
7529593,23,59,7021,2006,2313.0,32297.0,0.414563,1.378005,BGR,CZE,480580
7529594,26,59,7021,2006,0.0,16588.0,0.40788800000000003,0.562854,BIH,CZE,480580
7529595,41,59,7021,2006,178313.0,527199.0,2.052534,0.515523,CHE,CZE,480580
7529596,61,59,7021,2006,2667910.0,777419.0,2.132566,-2.773669,DEU,CZE,480580
7529597,64,59,7021,2006,55536.0,77733.0,1.2308700000000001,1.180914,DNK,CZE,480580
7529598,66,59,7021,2006,0.0,36960.0,-0.489962,-1.12456,DZA,CZE,480580
7529599,71,59,7021,2006,48627.0,165204.0,0.9091370000000001,2.068166,ESP,CZE,480580
7529600,72,59,7021,2006,0.0,93297.0,0.6426350000000001,0.925003,EST,CZE,480580
7529601,74,59,7021,2006,1264085.0,63333.0,1.864038,0.8193940000000001,FIN,CZE,480580
7529602,77,59,7021,2006,250073.0,211100.0,1.47591,0.489466,FRA,CZE,480580
7529603,81,59,7021,2006,48223.0,21205.0,1.824154,0.614424,GBR,CZE,480580
7529604,90,59,7021,2006,0.0,18944.0,0.261955,1.488958,GRC,CZE,480580
7529605,102,59,7021,2006,1180.0,492362.0,1.4034309999999999,0.835144,HUN,CZE,480580
7529606,104,59,7021,2006,0.0,135031.0,0.285652,2.731318,IND,CZE,480580
7529607,106,59,7021,2006,11202.0,0.0,1.43804,0.06463200000000001,IRL,CZE,480580
7529608,111,59,7021,2006,3198272.0,30078.0,1.293779,0.93995,ITA,CZE,480580
7529609,114,59,7021,2006,2963.0,0.0,2.4348099999999997,0.082887,JPN,CZE,480580
7529610,118,59,7021,2006,0.0,11526.0,-1.323365,-1.185827,KHM,CZE,480580
7529611,130,59,7021,2006,0.0,3198.0,0.44063599999999997,1.163857,LTU,CZE,480580
7529612,131,59,7021,2006,69965.0,7368.0,1.4345620000000001,0.8840819999999999,LUX,CZE,480580
7529613,162,59,7021,2006,1644971.0,21010.0,1.192134,1.450852,NLD,CZE,480580
7529614,177,59,7021,2006,49124.0,1040413.0,0.991927,1.474418,POL,CZE,480580
7529615,185,59,7021,2006,0.0,146323.0,0.550825,1.170744,ROU,CZE,480580
7529616,206,59,7021,2006,42626.0,1525780.0,1.291583,0.868317,SVK,CZE,480580
7529617,207,59,7021,2006,21257.0,41386.0,1.5882370000000001,0.800719,SVN,CZE,480580
7529618,208,59,7021,2006,22892.0,1693.0,1.902737,0.593294,SWE,CZE,480580
7529619,224,59,7021,2006,0.0,37727.0,0.33971599999999996,2.193384,TUR,CZE,480580
7529620,228,59,7021,2006,54593.0,9498.0,0.7008439999999999,0.79656,UKR,CZE,480580
7529621,239,59,7021,2006,3345.0,58656.0,-0.342779,1.033318,VNM,CZE,480580
7529622,249,59,7021,2006,0.0,14014.0,1.619915,1.2289940000000001,TWN,CZE,480580
7529623,250,59,7021,2006,13831.0,0.0,0.711619,-0.41880200000000006,ANS,CZE,480580
7529624,6,61,7021,2006,0.0,958.0,0.251825,-0.629035,ANT,DEU,480580
7529625,7,61,7021,2006,0.0,988902.0,0.053903999999999994,-0.735124,ARE,DEU,480580
7529626,8,61,7021,2006,0.0,159578.0,0.33055,0.665867,ARG,DEU,480580
7529627,14,61,7021,2006,0.0,1636466.0,0.067166,0.373148,AUS,DEU,480580
7529628,15,61,7021,2006,1976769.0,7911100.0,1.775669,0.192717,AUT,DEU,480580
7529629,18,61,7021,2006,581148.0,16004420.0,1.2222540000000002,1.383027,BEL,DEU,480580
7529630,22,61,7021,2006,0.0,39340.0,-1.0305309999999999,-0.80937,BGD,DEU,480580
7529631,23,61,7021,2006,0.0,313220.0,0.414563,1.378005,BGR,DEU,480580
7529632,26,61,7021,2006,0.0,11663.0,0.40788800000000003,0.562854,BIH,DEU,480580
7529633,28,61,7021,2006,0.0,9208.0,0.919853,0.384409,BLR,DEU,480580
7529634,31,61,7021,2006,0.0,1527.0,-0.805185,-0.754091,BOL,DEU,480580
7529635,32,61,7021,2006,0.0,1120554.0,0.633889,1.1474520000000001,BRA,DEU,480580
7529636,39,61,7021,2006,0.0,1412527.0,0.865685,1.1480489999999999,CAN,DEU,480580
7529637,41,61,7021,2006,406355.0,6988862.0,2.052534,0.515523,CHE,DEU,480580
7529638,42,61,7021,2006,0.0,82404.0,-0.188298,-0.46778000000000003,CHL,DEU,480580
7529639,43,61,7021,2006,22453.0,365954.0,0.737888,2.54966,CHN,DEU,480580
7529640,45,61,7021,2006,0.0,13369.0,-1.358873,-1.1511360000000002,CMR,DEU,480580
7529641,49,61,7021,2006,0.0,1267215.0,0.129887,0.44371700000000003,COL,DEU,480580
7529642,52,61,7021,2006,0.0,18445.0,0.042663,-0.376672,CRI,DEU,480580
7529643,54,61,7021,2006,0.0,10487.0,0.204039,-0.5183260000000001,CUB,DEU,480580
7529644,58,61,7021,2006,0.0,986.0,0.708267,-0.048096,CYP,DEU,480580
7529645,59,61,7021,2006,777419.0,2667910.0,1.564058,0.6023649999999999,CZE,DEU,480580
7529646,64,61,7021,2006,759429.0,1437615.0,1.2308700000000001,1.180914,DNK,DEU,480580
7529647,65,61,7021,2006,0.0,16634.0,-0.24073699999999998,0.049093,DOM,DEU,480580
7529648,66,61,7021,2006,0.0,28571.0,-0.489962,-1.12456,DZA,DEU,480580
7529649,68,61,7021,2006,0.0,554373.0,-0.182272,0.40222399999999997,EGY,DEU,480580
7529650,71,61,7021,2006,346835.0,4794984.0,0.9091370000000001,2.068166,ESP,DEU,480580
7529651,72,61,7021,2006,0.0,55493.0,0.6426350000000001,0.925003,EST,DEU,480580
7529652,74,61,7021,2006,11902027.0,715345.0,1.864038,0.8193940000000001,FIN,DEU,480580
7529653,77,61,7021,2006,40864812.0,13803603.0,1.47591,0.489466,FRA,DEU,480580
7529654,81,61,7021,2006,4664508.0,15353025.0,1.824154,0.614424,GBR,DEU,480580
7529655,83,61,7021,2006,0.0,12665.0,-0.9934860000000001,-0.809318,GHA,DEU,480580
7529656,90,61,7021,2006,2776.0,484696.0,0.261955,1.488958,GRC,DEU,480580
7529657,93,61,7021,2006,1598.0,0.0,-0.28642199999999995,0.5868439999999999,GTM,DEU,480580
7529658,97,61,7021,2006,0.0,651667.0,0.5776319999999999,2.076782,HKG,DEU,480580
7529659,100,61,7021,2006,0.0,368811.0,0.755787,0.992614,HRV,DEU,480580
7529660,102,61,7021,2006,39545.0,2670781.0,1.4034309999999999,0.835144,HUN,DEU,480580
7529661,103,61,7021,2006,0.0,85920.0,-0.21012399999999998,1.467838,IDN,DEU,480580
7529662,104,61,7021,2006,6282.0,1205522.0,0.285652,2.731318,IND,DEU,480580
7529663,106,61,7021,2006,0.0,516406.0,1.43804,0.06463200000000001,IRL,DEU,480580
7529664,107,61,7021,2006,0.0,1542909.0,-0.391023,-0.767861,IRN,DEU,480580
7529665,109,61,7021,2006,0.0,29185.0,0.170234,-0.302203,ISL,DEU,480580
7529666,110,61,7021,2006,0.0,618850.0,1.3082129999999998,0.783845,ISR,DEU,480580
7529667,111,61,7021,2006,9948949.0,5312387.0,1.293779,0.93995,ITA,DEU,480580
7529668,112,61,7021,2006,0.0,5484.0,-0.5122720000000001,-0.9109809999999999,JAM,DEU,480580
7529669,113,61,7021,2006,0.0,1903.0,0.166718,0.331248,JOR,DEU,480580
7529670,114,61,7021,2006,16004.0,392086.0,2.4348099999999997,0.082887,JPN,DEU,480580
7529671,115,61,7021,2006,0.0,7944.0,0.038229,-0.579421,KAZ,DEU,480580
7529672,116,61,7021,2006,0.0,14961.0,-0.38287899999999997,1.060286,KEN,DEU,480580
7529673,121,61,7021,2006,11664.0,388657.0,1.5384309999999999,0.766628,KOR,DEU,480580
7529674,122,61,7021,2006,0.0,2718.0,-0.589823,-1.142795,KWT,DEU,480580
7529675,124,61,7021,2006,0.0,1913.0,0.3861,1.586183,LBN,DEU,480580
7529676,128,61,7021,2006,0.0,2683.0,-0.573767,0.305913,LKA,DEU,480580
7529677,130,61,7021,2006,19583.0,32205.0,0.44063599999999997,1.163857,LTU,DEU,480580
7529678,131,61,7021,2006,0.0,1228836.0,1.4345620000000001,0.8840819999999999,LUX,DEU,480580
7529679,132,61,7021,2006,0.0,6810.0,0.531375,0.9414170000000001,LVA,DEU,480580
7529680,134,61,7021,2006,0.0,80232.0,-0.547933,0.08257300000000001,MAR,DEU,480580
7529681,135,61,7021,2006,0.0,13544.0,-0.017707,0.135305,MDA,DEU,480580
7529682,138,61,7021,2006,0.0,707323.0,1.047268,0.7142270000000001,MEX,DEU,480580
7529683,140,61,7021,2006,0.0,9245.0,-0.21336,0.17674700000000002,MKD,DEU,480580
7529684,142,61,7021,2006,0.0,3738.0,1.384411,0.093734,MLT,DEU,480580
7529685,143,61,7021,2006,0.0,3016.0,-1.543679,-1.145623,MMR,DEU,480580
7529686,144,61,7021,2006,0.0,6918.0,0.130773,-0.24674699999999997,MNE,DEU,480580
7529687,153,61,7021,2006,0.0,140266.0,0.7896569999999999,0.363625,MYS,DEU,480580
7529688,157,61,7021,2006,0.0,11355.0,-0.554188,-0.708255,NER,DEU,480580
7529689,159,61,7021,2006,0.0,118272.0,-2.094353,-1.215025,NGA,DEU,480580
7529690,162,61,7021,2006,2383708.0,33324440.0,1.192134,1.450852,NLD,DEU,480580
7529691,163,61,7021,2006,10525891.0,590148.0,1.0787930000000001,0.014051,NOR,DEU,480580
7529692,167,61,7021,2006,0.0,2748.0,-0.6373989999999999,-1.092554,OMN,DEU,480580
7529693,168,61,7021,2006,0.0,422323.0,-0.449333,0.563013,PAK,DEU,480580
7529694,169,61,7021,2006,0.0,5454.0,0.306664,0.638533,PAN,DEU,480580
7529695,173,61,7021,2006,0.0,124172.0,-0.551095,0.044295,PER,DEU,480580
7529696,174,61,7021,2006,0.0,4056.0,0.161994,0.036631,PHL,DEU,480580
7529697,177,61,7021,2006,317895.0,9819473.0,0.991927,1.474418,POL,DEU,480580
7529698,179,61,7021,2006,7750.0,566185.0,0.5723630000000001,1.92303,PRT,DEU,480580
7529699,185,61,7021,2006,4649.0,529778.0,0.550825,1.170744,ROU,DEU,480580
7529700,186,61,7021,2006,2490.0,902984.0,0.801197,0.104683,RUS,DEU,480580
7529701,188,61,7021,2006,0.0,496222.0,0.162432,-0.853059,SAU,DEU,480580
7529702,190,61,7021,2006,0.0,125700.0,-1.873762,-1.278378,SDN,DEU,480580
7529703,191,61,7021,2006,0.0,21586.0,-0.364713,-0.183612,SEN,DEU,480580
7529704,192,61,7021,2006,0.0,1163940.0,1.5377379999999998,0.503089,SGP,DEU,480580
7529705,201,61,7021,2006,2487.0,134036.0,0.547824,1.5588879999999998,SRB,DEU,480580
7529706,206,61,7021,2006,0.0,201726.0,1.291583,0.868317,SVK,DEU,480580
7529707,207,61,7021,2006,0.0,295804.0,1.5882370000000001,0.800719,SVN,DEU,480580
7529708,208,61,7021,2006,4992861.0,2350744.0,1.902737,0.593294,SWE,DEU,480580
7529709,212,61,7021,2006,0.0,156770.0,-0.588695,0.532487,SYR,DEU,480580
7529710,216,61,7021,2006,0.0,160762.0,0.568209,1.685343,THA,DEU,480580
7529711,223,61,7021,2006,70525.0,259399.0,-0.013636,0.804752,TUN,DEU,480580
7529712,224,61,7021,2006,5392.0,5768782.0,0.33971599999999996,2.193384,TUR,DEU,480580
7529713,226,61,7021,2006,0.0,26313.0,-0.953097,0.159129,TZA,DEU,480580
7529714,228,61,7021,2006,8493.0,105442.0,0.7008439999999999,0.79656,UKR,DEU,480580
7529715,230,61,7021,2006,0.0,4696.0,0.234384,0.118878,URY,DEU,480580
7529716,231,61,7021,2006,108874.0,9061602.0,1.666643,-0.121679,USA,DEU,480580
7529717,239,61,7021,2006,0.0,175778.0,-0.342779,1.033318,VNM,DEU,480580
7529718,246,61,7021,2006,0.0,511383.0,0.37964499999999995,1.466326,ZAF,DEU,480580
7529719,249,61,7021,2006,0.0,524722.0,1.619915,1.2289940000000001,TWN,DEU,480580
7529720,15,64,7021,2006,7321.0,1054.0,1.775669,0.192717,AUT,DNK,480580
7529721,18,64,7021,2006,151221.0,21808.0,1.2222540000000002,1.383027,BEL,DNK,480580
7529722,39,64,7021,2006,9807.0,0.0,0.865685,1.1480489999999999,CAN,DNK,480580
7529723,41,64,7021,2006,0.0,128877.0,2.052534,0.515523,CHE,DNK,480580
7529724,43,64,7021,2006,88883.0,0.0,0.737888,2.54966,CHN,DNK,480580
7529725,59,64,7021,2006,77733.0,55536.0,1.564058,0.6023649999999999,CZE,DNK,480580
7529726,61,64,7021,2006,1437615.0,759429.0,2.132566,-2.773669,DEU,DNK,480580
7529727,68,64,7021,2006,0.0,52837.0,-0.182272,0.40222399999999997,EGY,DNK,480580
7529728,71,64,7021,2006,107601.0,198029.0,0.9091370000000001,2.068166,ESP,DNK,480580
7529729,74,64,7021,2006,52726.0,34908.0,1.864038,0.8193940000000001,FIN,DNK,480580
7529730,77,64,7021,2006,1034327.0,0.0,1.47591,0.489466,FRA,DNK,480580
7529731,78,64,7021,2006,0.0,2487.0,-0.117631,-0.69352,FRO,DNK,480580
7529732,81,64,7021,2006,953677.0,1239105.0,1.824154,0.614424,GBR,DNK,480580
7529733,90,64,7021,2006,0.0,2570.0,0.261955,1.488958,GRC,DNK,480580
7529734,92,64,7021,2006,0.0,15010.0,-1.0014,-0.935995,GRL,DNK,480580
7529735,109,64,7021,2006,0.0,2408.0,0.170234,-0.302203,ISL,DNK,480580
7529736,111,64,7021,2006,596247.0,0.0,1.293779,0.93995,ITA,DNK,480580
7529737,132,64,7021,2006,56596.0,5224.0,0.531375,0.9414170000000001,LVA,DNK,480580
7529738,162,64,7021,2006,61335.0,738897.0,1.192134,1.450852,NLD,DNK,480580
7529739,163,64,7021,2006,123066.0,27277.0,1.0787930000000001,0.014051,NOR,DNK,480580
7529740,177,64,7021,2006,5936.0,395567.0,0.991927,1.474418,POL,DNK,480580
7529741,206,64,7021,2006,0.0,232524.0,1.291583,0.868317,SVK,DNK,480580
7529742,208,64,7021,2006,3316965.0,1008102.0,1.902737,0.593294,SWE,DNK,480580
7529743,224,64,7021,2006,2391.0,0.0,0.33971599999999996,2.193384,TUR,DNK,480580
7529744,228,64,7021,2006,0.0,2696.0,0.7008439999999999,0.79656,UKR,DNK,480580
7529745,8,65,7021,2006,325247.0,0.0,0.33055,0.665867,ARG,DOM,480580
7529746,18,65,7021,2006,67356.0,0.0,1.2222540000000002,1.383027,BEL,DOM,480580
7529747,32,65,7021,2006,1668261.0,0.0,0.633889,1.1474520000000001,BRA,DOM,480580
7529748,39,65,7021,2006,9266.0,0.0,0.865685,1.1480489999999999,CAN,DOM,480580
7529749,42,65,7021,2006,232412.0,0.0,-0.188298,-0.46778000000000003,CHL,DOM,480580
7529750,43,65,7021,2006,124569.0,0.0,0.737888,2.54966,CHN,DOM,480580
7529751,54,65,7021,2006,29062.0,0.0,0.204039,-0.5183260000000001,CUB,DOM,480580
7529752,61,65,7021,2006,16634.0,0.0,2.132566,-2.773669,DEU,DOM,480580
7529753,71,65,7021,2006,48324.0,0.0,0.9091370000000001,2.068166,ESP,DOM,480580
7529754,111,65,7021,2006,56952.0,0.0,1.293779,0.93995,ITA,DOM,480580
7529755,231,65,7021,2006,63186.0,0.0,1.666643,-0.121679,USA,DOM,480580
7529756,236,65,7021,2006,5755.0,0.0,-0.340972,-1.015462,VEN,DOM,480580
7529757,32,67,7021,2006,33826.0,0.0,0.633889,1.1474520000000001,BRA,ECU,480580
7529758,42,67,7021,2006,6908.0,0.0,-0.188298,-0.46778000000000003,CHL,ECU,480580
7529759,49,67,7021,2006,1075.0,0.0,0.129887,0.44371700000000003,COL,ECU,480580
7529760,138,67,7021,2006,3631.0,0.0,1.047268,0.7142270000000001,MEX,ECU,480580
7529761,162,67,7021,2006,1123.0,0.0,1.192134,1.450852,NLD,ECU,480580
7529762,173,67,7021,2006,0.0,19422.0,-0.551095,0.044295,PER,ECU,480580
7529763,231,67,7021,2006,94132.0,0.0,1.666643,-0.121679,USA,ECU,480580
7529764,14,71,7021,2006,0.0,32857.0,0.067166,0.373148,AUS,ESP,480580
7529765,15,71,7021,2006,556554.0,75329.0,1.775669,0.192717,AUT,ESP,480580
7529766,18,71,7021,2006,118988.0,2263522.0,1.2222540000000002,1.383027,BEL,ESP,480580
7529767,23,71,7021,2006,0.0,19325.0,0.414563,1.378005,BGR,ESP,480580
7529768,31,71,7021,2006,0.0,8018.0,-0.805185,-0.754091,BOL,ESP,480580
7529769,32,71,7021,2006,262753.0,18431.0,0.633889,1.1474520000000001,BRA,ESP,480580
7529770,39,71,7021,2006,46843.0,4908.0,0.865685,1.1480489999999999,CAN,ESP,480580
7529771,41,71,7021,2006,109852.0,4727.0,2.052534,0.515523,CHE,ESP,480580
7529772,42,71,7021,2006,0.0,201796.0,-0.188298,-0.46778000000000003,CHL,ESP,480580
7529773,43,71,7021,2006,323931.0,1135193.0,0.737888,2.54966,CHN,ESP,480580
7529774,49,71,7021,2006,0.0,108941.0,0.129887,0.44371700000000003,COL,ESP,480580
7529775,52,71,7021,2006,0.0,18318.0,0.042663,-0.376672,CRI,ESP,480580
7529776,54,71,7021,2006,0.0,23382.0,0.204039,-0.5183260000000001,CUB,ESP,480580
7529777,58,71,7021,2006,0.0,8275.0,0.708267,-0.048096,CYP,ESP,480580
7529778,59,71,7021,2006,165204.0,48627.0,1.564058,0.6023649999999999,CZE,ESP,480580
7529779,61,71,7021,2006,4794984.0,346835.0,2.132566,-2.773669,DEU,ESP,480580
7529780,64,71,7021,2006,198029.0,107601.0,1.2308700000000001,1.180914,DNK,ESP,480580
7529781,65,71,7021,2006,0.0,48324.0,-0.24073699999999998,0.049093,DOM,ESP,480580
7529782,66,71,7021,2006,0.0,366687.0,-0.489962,-1.12456,DZA,ESP,480580
7529783,68,71,7021,2006,0.0,80793.0,-0.182272,0.40222399999999997,EGY,ESP,480580
7529784,74,71,7021,2006,476523.0,0.0,1.864038,0.8193940000000001,FIN,ESP,480580
7529785,77,71,7021,2006,8573477.0,6643286.0,1.47591,0.489466,FRA,ESP,480580
7529786,81,71,7021,2006,323218.0,3508370.0,1.824154,0.614424,GBR,ESP,480580
7529787,84,71,7021,2006,0.0,23396.0,0.8370120000000001,-0.35099400000000003,GIB,ESP,480580
7529788,90,71,7021,2006,0.0,705804.0,0.261955,1.488958,GRC,ESP,480580
7529789,97,71,7021,2006,4453.0,39883.0,0.5776319999999999,2.076782,HKG,ESP,480580
7529790,103,71,7021,2006,23975.0,0.0,-0.21012399999999998,1.467838,IDN,ESP,480580
7529791,104,71,7021,2006,0.0,15300.0,0.285652,2.731318,IND,ESP,480580
7529792,106,71,7021,2006,1070.0,790258.0,1.43804,0.06463200000000001,IRL,ESP,480580
7529793,110,71,7021,2006,0.0,62883.0,1.3082129999999998,0.783845,ISR,ESP,480580
7529794,111,71,7021,2006,4739616.0,88735.0,1.293779,0.93995,ITA,ESP,480580
7529795,114,71,7021,2006,4583.0,0.0,2.4348099999999997,0.082887,JPN,ESP,480580
7529796,121,71,7021,2006,14148.0,3236.0,1.5384309999999999,0.766628,KOR,ESP,480580
7529797,122,71,7021,2006,0.0,5161.0,-0.589823,-1.142795,KWT,ESP,480580
7529798,130,71,7021,2006,0.0,1128.0,0.44063599999999997,1.163857,LTU,ESP,480580
7529799,132,71,7021,2006,18279.0,0.0,0.531375,0.9414170000000001,LVA,ESP,480580
7529800,134,71,7021,2006,1047.0,254038.0,-0.547933,0.08257300000000001,MAR,ESP,480580
7529801,138,71,7021,2006,0.0,1222.0,1.047268,0.7142270000000001,MEX,ESP,480580
7529802,148,71,7021,2006,0.0,24363.0,-1.72422,-1.2414399999999999,MRT,ESP,480580
7529803,153,71,7021,2006,0.0,24898.0,0.7896569999999999,0.363625,MYS,ESP,480580
7529804,159,71,7021,2006,0.0,61965.0,-2.094353,-1.215025,NGA,ESP,480580
7529805,160,71,7021,2006,0.0,28347.0,-0.998825,-0.893867,NIC,ESP,480580
7529806,162,71,7021,2006,115312.0,2798233.0,1.192134,1.450852,NLD,ESP,480580
7529807,163,71,7021,2006,447669.0,35558.0,1.0787930000000001,0.014051,NOR,ESP,480580
7529808,169,71,7021,2006,0.0,1685.0,0.306664,0.638533,PAN,ESP,480580
7529809,177,71,7021,2006,67775.0,2273.0,0.991927,1.474418,POL,ESP,480580
7529810,179,71,7021,2006,2170395.0,26889088.0,0.5723630000000001,1.92303,PRT,ESP,480580
7529811,185,71,7021,2006,0.0,13035.0,0.550825,1.170744,ROU,ESP,480580
7529812,188,71,7021,2006,0.0,12614.0,0.162432,-0.853059,SAU,ESP,480580
7529813,207,71,7021,2006,0.0,34173.0,1.5882370000000001,0.800719,SVN,ESP,480580
7529814,208,71,7021,2006,5064418.0,0.0,1.902737,0.593294,SWE,ESP,480580
7529815,216,71,7021,2006,0.0,2104.0,0.568209,1.685343,THA,ESP,480580
7529816,223,71,7021,2006,0.0,69289.0,-0.013636,0.804752,TUN,ESP,480580
7529817,224,71,7021,2006,0.0,26924.0,0.33971599999999996,2.193384,TUR,ESP,480580
7529818,228,71,7021,2006,0.0,972.0,0.7008439999999999,0.79656,UKR,ESP,480580
7529819,231,71,7021,2006,33526.0,99581.0,1.666643,-0.121679,USA,ESP,480580
7529820,236,71,7021,2006,0.0,51553.0,-0.340972,-1.015462,VEN,ESP,480580
7529821,246,71,7021,2006,0.0,40625.0,0.37964499999999995,1.466326,ZAF,ESP,480580
7529822,249,71,7021,2006,0.0,157325.0,1.619915,1.2289940000000001,TWN,ESP,480580
7529823,8,74,7021,2006,0.0,14139.0,0.33055,0.665867,ARG,FIN,480580
7529824,14,74,7021,2006,0.0,211390.0,0.067166,0.373148,AUS,FIN,480580
7529825,15,74,7021,2006,52765.0,7831.0,1.775669,0.192717,AUT,FIN,480580
7529826,18,74,7021,2006,8611.0,196096.0,1.2222540000000002,1.383027,BEL,FIN,480580
7529827,23,74,7021,2006,0.0,15298.0,0.414563,1.378005,BGR,FIN,480580
7529828,24,74,7021,2006,0.0,68821.0,0.172724,-0.9449879999999999,BHR,FIN,480580
7529829,28,74,7021,2006,0.0,4059.0,0.919853,0.384409,BLR,FIN,480580
7529830,39,74,7021,2006,0.0,221247.0,0.865685,1.1480489999999999,CAN,FIN,480580
7529831,41,74,7021,2006,20189.0,88862.0,2.052534,0.515523,CHE,FIN,480580
7529832,42,74,7021,2006,0.0,6328.0,-0.188298,-0.46778000000000003,CHL,FIN,480580
7529833,43,74,7021,2006,0.0,342956.0,0.737888,2.54966,CHN,FIN,480580
7529834,49,74,7021,2006,0.0,350528.0,0.129887,0.44371700000000003,COL,FIN,480580
7529835,52,74,7021,2006,0.0,4231.0,0.042663,-0.376672,CRI,FIN,480580
7529836,59,74,7021,2006,63333.0,1264085.0,1.564058,0.6023649999999999,CZE,FIN,480580
7529837,61,74,7021,2006,715345.0,11902027.0,2.132566,-2.773669,DEU,FIN,480580
7529838,64,74,7021,2006,34908.0,52726.0,1.2308700000000001,1.180914,DNK,FIN,480580
7529839,68,74,7021,2006,0.0,160597.0,-0.182272,0.40222399999999997,EGY,FIN,480580
7529840,71,74,7021,2006,0.0,476523.0,0.9091370000000001,2.068166,ESP,FIN,480580
7529841,72,74,7021,2006,5577.0,325094.0,0.6426350000000001,0.925003,EST,FIN,480580
7529842,77,74,7021,2006,61181.0,2971148.0,1.47591,0.489466,FRA,FIN,480580
7529843,81,74,7021,2006,2369548.0,3485835.0,1.824154,0.614424,GBR,FIN,480580
7529844,90,74,7021,2006,0.0,21513.0,0.261955,1.488958,GRC,FIN,480580
7529845,97,74,7021,2006,0.0,246961.0,0.5776319999999999,2.076782,HKG,FIN,480580
7529846,102,74,7021,2006,0.0,22987.0,1.4034309999999999,0.835144,HUN,FIN,480580
7529847,103,74,7021,2006,0.0,3878.0,-0.21012399999999998,1.467838,IDN,FIN,480580
7529848,104,74,7021,2006,0.0,69735.0,0.285652,2.731318,IND,FIN,480580
7529849,106,74,7021,2006,0.0,23091.0,1.43804,0.06463200000000001,IRL,FIN,480580
7529850,110,74,7021,2006,0.0,93296.0,1.3082129999999998,0.783845,ISR,FIN,480580
7529851,111,74,7021,2006,35512.0,367877.0,1.293779,0.93995,ITA,FIN,480580
7529852,114,74,7021,2006,5577.0,67870.0,2.4348099999999997,0.082887,JPN,FIN,480580
7529853,115,74,7021,2006,0.0,142627.0,0.038229,-0.579421,KAZ,FIN,480580
7529854,121,74,7021,2006,0.0,193849.0,1.5384309999999999,0.766628,KOR,FIN,480580
7529855,124,74,7021,2006,0.0,22803.0,0.3861,1.586183,LBN,FIN,480580
7529856,128,74,7021,2006,0.0,126957.0,-0.573767,0.305913,LKA,FIN,480580
7529857,130,74,7021,2006,0.0,60222.0,0.44063599999999997,1.163857,LTU,FIN,480580
7529858,132,74,7021,2006,7001.0,3524.0,0.531375,0.9414170000000001,LVA,FIN,480580
7529859,138,74,7021,2006,0.0,2523526.0,1.047268,0.7142270000000001,MEX,FIN,480580
7529860,151,74,7021,2006,0.0,4860.0,-0.311109,-0.07267,MUS,FIN,480580
7529861,153,74,7021,2006,0.0,209042.0,0.7896569999999999,0.363625,MYS,FIN,480580
7529862,159,74,7021,2006,0.0,33615.0,-2.094353,-1.215025,NGA,FIN,480580
7529863,162,74,7021,2006,165568.0,58554588.0,1.192134,1.450852,NLD,FIN,480580
7529864,163,74,7021,2006,399409.0,281441.0,1.0787930000000001,0.014051,NOR,FIN,480580
7529865,166,74,7021,2006,0.0,67569.0,0.5371,0.8240209999999999,NZL,FIN,480580
7529866,168,74,7021,2006,0.0,15328.0,-0.449333,0.563013,PAK,FIN,480580
7529867,174,74,7021,2006,0.0,781632.0,0.161994,0.036631,PHL,FIN,480580
7529868,177,74,7021,2006,0.0,2229942.0,0.991927,1.474418,POL,FIN,480580
7529869,179,74,7021,2006,0.0,2667.0,0.5723630000000001,1.92303,PRT,FIN,480580
7529870,186,74,7021,2006,285357.0,6156212.0,0.801197,0.104683,RUS,FIN,480580
7529871,188,74,7021,2006,0.0,2163367.0,0.162432,-0.853059,SAU,FIN,480580
7529872,192,74,7021,2006,0.0,99042.0,1.5377379999999998,0.503089,SGP,FIN,480580
7529873,201,74,7021,2006,0.0,1767.0,0.547824,1.5588879999999998,SRB,FIN,480580
7529874,206,74,7021,2006,0.0,71995.0,1.291583,0.868317,SVK,FIN,480580
7529875,208,74,7021,2006,2363520.0,15739176.0,1.902737,0.593294,SWE,FIN,480580
7529876,216,74,7021,2006,0.0,94088.0,0.568209,1.685343,THA,FIN,480580
7529877,224,74,7021,2006,0.0,93562.0,0.33971599999999996,2.193384,TUR,FIN,480580
7529878,226,74,7021,2006,0.0,2543.0,-0.953097,0.159129,TZA,FIN,480580
7529879,228,74,7021,2006,0.0,14802339.0,0.7008439999999999,0.79656,UKR,FIN,480580
7529880,231,74,7021,2006,69306.0,5860980.0,1.666643,-0.121679,USA,FIN,480580
7529881,239,74,7021,2006,0.0,41350.0,-0.342779,1.033318,VNM,FIN,480580
7529882,246,74,7021,2006,0.0,211107.0,0.37964499999999995,1.466326,ZAF,FIN,480580
7529883,249,74,7021,2006,0.0,128944.0,1.619915,1.2289940000000001,TWN,FIN,480580
7529884,5,77,7021,2006,0.0,19945.0,1.03128,0.402281,AND,FRA,480580
7529885,7,77,7021,2006,0.0,2510.0,0.053903999999999994,-0.735124,ARE,FRA,480580
7529886,14,77,7021,2006,0.0,12267.0,0.067166,0.373148,AUS,FRA,480580
7529887,15,77,7021,2006,119181.0,2923463.0,1.775669,0.192717,AUT,FRA,480580
7529888,18,77,7021,2006,4155570.0,8169258.0,1.2222540000000002,1.383027,BEL,FRA,480580
7529889,23,77,7021,2006,0.0,13320.0,0.414563,1.378005,BGR,FRA,480580
7529890,32,77,7021,2006,14281.0,186531.0,0.633889,1.1474520000000001,BRA,FRA,480580
7529891,39,77,7021,2006,0.0,18181.0,0.865685,1.1480489999999999,CAN,FRA,480580
7529892,41,77,7021,2006,47190.0,3090774.0,2.052534,0.515523,CHE,FRA,480580
7529893,43,77,7021,2006,117635.0,590776.0,0.737888,2.54966,CHN,FRA,480580
7529894,44,77,7021,2006,0.0,60810.0,-0.8918530000000001,-0.8145819999999999,CIV,FRA,480580
7529895,45,77,7021,2006,0.0,438378.0,-1.358873,-1.1511360000000002,CMR,FRA,480580
7529896,47,77,7021,2006,0.0,43937.0,-1.9903240000000002,-1.189925,COG,FRA,480580
7529897,59,77,7021,2006,211100.0,250073.0,1.564058,0.6023649999999999,CZE,FRA,480580
7529898,61,77,7021,2006,13803603.0,40864812.0,2.132566,-2.773669,DEU,FRA,480580
7529899,64,77,7021,2006,0.0,1034327.0,1.2308700000000001,1.180914,DNK,FRA,480580
7529900,66,77,7021,2006,0.0,1049507.0,-0.489962,-1.12456,DZA,FRA,480580
7529901,68,77,7021,2006,0.0,112832.0,-0.182272,0.40222399999999997,EGY,FRA,480580
7529902,71,77,7021,2006,6643286.0,8573477.0,0.9091370000000001,2.068166,ESP,FRA,480580
7529903,72,77,7021,2006,0.0,73373.0,0.6426350000000001,0.925003,EST,FRA,480580
7529904,74,77,7021,2006,2971148.0,61181.0,1.864038,0.8193940000000001,FIN,FRA,480580
7529905,81,77,7021,2006,7410786.0,7906412.0,1.824154,0.614424,GBR,FRA,480580
7529906,89,77,7021,2006,0.0,6277.0,-2.188173,-0.8631700000000001,GNQ,FRA,480580
7529907,90,77,7021,2006,0.0,348560.0,0.261955,1.488958,GRC,FRA,480580
7529908,97,77,7021,2006,0.0,674560.0,0.5776319999999999,2.076782,HKG,FRA,480580
7529909,100,77,7021,2006,0.0,172469.0,0.755787,0.992614,HRV,FRA,480580
7529910,101,77,7021,2006,0.0,16319.0,-1.037941,-0.9475790000000001,HTI,FRA,480580
7529911,102,77,7021,2006,0.0,260925.0,1.4034309999999999,0.835144,HUN,FRA,480580
7529912,103,77,7021,2006,914.0,0.0,-0.21012399999999998,1.467838,IDN,FRA,480580
7529913,104,77,7021,2006,0.0,3039.0,0.285652,2.731318,IND,FRA,480580
7529914,106,77,7021,2006,0.0,82096.0,1.43804,0.06463200000000001,IRL,FRA,480580
7529915,109,77,7021,2006,0.0,12919.0,0.170234,-0.302203,ISL,FRA,480580
7529916,110,77,7021,2006,0.0,181868.0,1.3082129999999998,0.783845,ISR,FRA,480580
7529917,111,77,7021,2006,4568640.0,2659309.0,1.293779,0.93995,ITA,FRA,480580
7529918,113,77,7021,2006,0.0,76597.0,0.166718,0.331248,JOR,FRA,480580
7529919,114,77,7021,2006,21888.0,17511.0,2.4348099999999997,0.082887,JPN,FRA,480580
7529920,121,77,7021,2006,6865.0,3587.0,1.5384309999999999,0.766628,KOR,FRA,480580
7529921,124,77,7021,2006,0.0,13440.0,0.3861,1.586183,LBN,FRA,480580
7529922,130,77,7021,2006,0.0,71296.0,0.44063599999999997,1.163857,LTU,FRA,480580
7529923,131,77,7021,2006,181006.0,56913.0,1.4345620000000001,0.8840819999999999,LUX,FRA,480580
7529924,134,77,7021,2006,0.0,808508.0,-0.547933,0.08257300000000001,MAR,FRA,480580
7529925,136,77,7021,2006,0.0,4169.0,-1.024657,-0.393395,MDG,FRA,480580
7529926,138,77,7021,2006,0.0,251587.0,1.047268,0.7142270000000001,MEX,FRA,480580
7529927,141,77,7021,2006,1999.0,13988.0,-0.503462,-0.778836,MLI,FRA,480580
7529928,142,77,7021,2006,0.0,2481.0,1.384411,0.093734,MLT,FRA,480580
7529929,151,77,7021,2006,17360.0,34009.0,-0.311109,-0.07267,MUS,FRA,480580
7529930,156,77,7021,2006,0.0,1834.0,-0.135099,-0.7618779999999999,NCL,FRA,480580
7529931,162,77,7021,2006,1078673.0,2956778.0,1.192134,1.450852,NLD,FRA,480580
7529932,163,77,7021,2006,212124.0,80099.0,1.0787930000000001,0.014051,NOR,FRA,480580
7529933,168,77,7021,2006,0.0,126635.0,-0.449333,0.563013,PAK,FRA,480580
7529934,174,77,7021,2006,4997.0,3671.0,0.161994,0.036631,PHL,FRA,480580
7529935,177,77,7021,2006,23644.0,5247210.0,0.991927,1.474418,POL,FRA,480580
7529936,179,77,7021,2006,2458.0,641592.0,0.5723630000000001,1.92303,PRT,FRA,480580
7529937,185,77,7021,2006,0.0,165732.0,0.550825,1.170744,ROU,FRA,480580
7529938,186,77,7021,2006,0.0,246533.0,0.801197,0.104683,RUS,FRA,480580
7529939,188,77,7021,2006,0.0,121856.0,0.162432,-0.853059,SAU,FRA,480580
7529940,190,77,7021,2006,0.0,64625.0,-1.873762,-1.278378,SDN,FRA,480580
7529941,191,77,7021,2006,0.0,63080.0,-0.364713,-0.183612,SEN,FRA,480580
7529942,201,77,7021,2006,2108.0,10472.0,0.547824,1.5588879999999998,SRB,FRA,480580
7529943,206,77,7021,2006,0.0,98217.0,1.291583,0.868317,SVK,FRA,480580
7529944,207,77,7021,2006,19301.0,17824.0,1.5882370000000001,0.800719,SVN,FRA,480580
7529945,208,77,7021,2006,217662.0,1037524.0,1.902737,0.593294,SWE,FRA,480580
7529946,212,77,7021,2006,0.0,139379.0,-0.588695,0.532487,SYR,FRA,480580
7529947,216,77,7021,2006,60931.0,0.0,0.568209,1.685343,THA,FRA,480580
7529948,223,77,7021,2006,0.0,1163164.0,-0.013636,0.804752,TUN,FRA,480580
7529949,224,77,7021,2006,25538.0,1560344.0,0.33971599999999996,2.193384,TUR,FRA,480580
7529950,228,77,7021,2006,0.0,34196.0,0.7008439999999999,0.79656,UKR,FRA,480580
7529951,231,77,7021,2006,334613.0,216744.0,1.666643,-0.121679,USA,FRA,480580
7529952,246,77,7021,2006,0.0,3421.0,0.37964499999999995,1.466326,ZAF,FRA,480580
7529953,249,77,7021,2006,27715.0,0.0,1.619915,1.2289940000000001,TWN,FRA,480580
7529954,7,81,7021,2006,0.0,167888.0,0.053903999999999994,-0.735124,ARE,GBR,480580
7529955,14,81,7021,2006,2083.0,167619.0,0.067166,0.373148,AUS,GBR,480580
7529956,15,81,7021,2006,853462.0,181336.0,1.775669,0.192717,AUT,GBR,480580
7529957,18,81,7021,2006,2347520.0,488397.0,1.2222540000000002,1.383027,BEL,GBR,480580
7529958,23,81,7021,2006,147265.0,16545.0,0.414563,1.378005,BGR,GBR,480580
7529959,32,81,7021,2006,0.0,324392.0,0.633889,1.1474520000000001,BRA,GBR,480580
7529960,39,81,7021,2006,112598.0,118436.0,0.865685,1.1480489999999999,CAN,GBR,480580
7529961,41,81,7021,2006,212830.0,704233.0,2.052534,0.515523,CHE,GBR,480580
7529962,43,81,7021,2006,136400.0,252312.0,0.737888,2.54966,CHN,GBR,480580
7529963,49,81,7021,2006,0.0,3384.0,0.129887,0.44371700000000003,COL,GBR,480580
7529964,58,81,7021,2006,0.0,20765.0,0.708267,-0.048096,CYP,GBR,480580
7529965,59,81,7021,2006,21205.0,48223.0,1.564058,0.6023649999999999,CZE,GBR,480580
7529966,61,81,7021,2006,15353025.0,4664508.0,2.132566,-2.773669,DEU,GBR,480580
7529967,64,81,7021,2006,1239105.0,953677.0,1.2308700000000001,1.180914,DNK,GBR,480580
7529968,66,81,7021,2006,0.0,53385.0,-0.489962,-1.12456,DZA,GBR,480580
7529969,68,81,7021,2006,0.0,229953.0,-0.182272,0.40222399999999997,EGY,GBR,480580
7529970,71,81,7021,2006,3508370.0,323218.0,0.9091370000000001,2.068166,ESP,GBR,480580
7529971,72,81,7021,2006,0.0,23767.0,0.6426350000000001,0.925003,EST,GBR,480580
7529972,74,81,7021,2006,3485835.0,2369548.0,1.864038,0.8193940000000001,FIN,GBR,480580
7529973,77,81,7021,2006,7906412.0,7410786.0,1.47591,0.489466,FRA,GBR,480580
7529974,82,81,7021,2006,0.0,2785.0,0.076711,-0.47216099999999994,GEO,GBR,480580
7529975,87,81,7021,2006,0.0,1148.0,-0.378539,-0.48427200000000004,GMB,GBR,480580
7529976,90,81,7021,2006,0.0,122607.0,0.261955,1.488958,GRC,GBR,480580
7529977,97,81,7021,2006,21156.0,153532.0,0.5776319999999999,2.076782,HKG,GBR,480580
7529978,100,81,7021,2006,0.0,22083.0,0.755787,0.992614,HRV,GBR,480580
7529979,104,81,7021,2006,6352.0,166602.0,0.285652,2.731318,IND,GBR,480580
7529980,106,81,7021,2006,118355.0,6320806.0,1.43804,0.06463200000000001,IRL,GBR,480580
7529981,107,81,7021,2006,0.0,46557.0,-0.391023,-0.767861,IRN,GBR,480580
7529982,109,81,7021,2006,0.0,6008.0,0.170234,-0.302203,ISL,GBR,480580
7529983,110,81,7021,2006,0.0,3142.0,1.3082129999999998,0.783845,ISR,GBR,480580
7529984,111,81,7021,2006,1326236.0,321548.0,1.293779,0.93995,ITA,GBR,480580
7529985,113,81,7021,2006,0.0,16935.0,0.166718,0.331248,JOR,GBR,480580
7529986,114,81,7021,2006,80422.0,391985.0,2.4348099999999997,0.082887,JPN,GBR,480580
7529987,115,81,7021,2006,0.0,55677.0,0.038229,-0.579421,KAZ,GBR,480580
7529988,121,81,7021,2006,5889.0,0.0,1.5384309999999999,0.766628,KOR,GBR,480580
7529989,122,81,7021,2006,0.0,4422.0,-0.589823,-1.142795,KWT,GBR,480580
7529990,124,81,7021,2006,0.0,31501.0,0.3861,1.586183,LBN,GBR,480580
7529991,126,81,7021,2006,0.0,1882.0,-0.518724,-1.142074,LBY,GBR,480580
7529992,128,81,7021,2006,0.0,4486.0,-0.573767,0.305913,LKA,GBR,480580
7529993,132,81,7021,2006,1755731.0,0.0,0.531375,0.9414170000000001,LVA,GBR,480580
7529994,134,81,7021,2006,0.0,2206.0,-0.547933,0.08257300000000001,MAR,GBR,480580
7529995,138,81,7021,2006,0.0,4341.0,1.047268,0.7142270000000001,MEX,GBR,480580
7529996,142,81,7021,2006,0.0,14697.0,1.384411,0.093734,MLT,GBR,480580
7529997,152,81,7021,2006,0.0,17449.0,-1.145132,-1.0946209999999998,MWI,GBR,480580
7529998,153,81,7021,2006,2018.0,161517.0,0.7896569999999999,0.363625,MYS,GBR,480580
