2829999,71,52,8735,2003,5419.0,0.0,0.960684,2.074792,ESP,CRI,830250
2830000,77,52,8735,2003,1959.0,0.0,1.606606,0.7394149999999999,FRA,CRI,830250
2830001,93,52,8735,2003,0.0,282415.0,-0.444162,0.145319,GTM,CRI,830250
2830002,97,52,8735,2003,5301.0,0.0,0.494569,2.147062,HKG,CRI,830250
2830003,99,52,8735,2003,4651.0,1708.0,-0.733546,-0.568585,HND,CRI,830250
2830004,111,52,8735,2003,9505.0,0.0,1.399734,1.044608,ITA,CRI,830250
2830005,138,52,8735,2003,41480.0,0.0,0.862509,0.756684,MEX,CRI,830250
2830006,169,52,8735,2003,4540.0,2916.0,-0.050386,-0.039619999999999995,PAN,CRI,830250
2830007,197,52,8735,2003,0.0,2270.0,-0.251357,-0.189917,SLV,CRI,830250
2830008,231,52,8735,2003,323100.0,0.0,1.7789220000000001,0.064028,USA,CRI,830250
2830009,236,52,8735,2003,1401.0,0.0,0.277805,-0.783697,VEN,CRI,830250
2830010,249,52,8735,2003,22617.0,0.0,1.5924040000000002,1.397843,TWN,CRI,830250
2830011,18,54,8735,2003,3608.0,0.0,1.361682,1.39536,BEL,CUB,830250
2830012,32,54,8735,2003,1399.0,0.0,0.660576,1.118876,BRA,CUB,830250
2830013,39,54,8735,2003,7835.0,0.0,0.9791540000000001,1.185081,CAN,CUB,830250
2830014,42,54,8735,2003,1916.0,0.0,-0.06375900000000001,-0.156808,CHL,CUB,830250
2830015,43,54,8735,2003,8813.0,0.0,0.579431,2.773139,CHN,CUB,830250
2830016,71,54,8735,2003,48456.0,0.0,0.960684,2.074792,ESP,CUB,830250
2830017,77,54,8735,2003,3826.0,0.0,1.606606,0.7394149999999999,FRA,CUB,830250
2830018,111,54,8735,2003,3431.0,0.0,1.399734,1.044608,ITA,CUB,830250
2830019,114,54,8735,2003,1172.0,0.0,2.4686630000000003,0.48072600000000004,JPN,CUB,830250
2830020,138,54,8735,2003,6114.0,0.0,0.862509,0.756684,MEX,CUB,830250
2830021,162,54,8735,2003,5413.0,0.0,1.168453,1.7085709999999998,NLD,CUB,830250
2830022,169,54,8735,2003,2831.0,0.0,-0.050386,-0.039619999999999995,PAN,CUB,830250
2830023,236,54,8735,2003,4888.0,0.0,0.277805,-0.783697,VEN,CUB,830250
2830024,0,61,8735,2003,0.0,1011.0,-0.13006600000000001,-0.783431,ABW,DEU,830250
2830025,6,61,8735,2003,0.0,3027.0,0.108903,-0.650137,ANT,DEU,830250
2830026,7,61,8735,2003,0.0,228848.0,0.049637,-0.502691,ARE,DEU,830250
2830027,8,61,8735,2003,0.0,7422.0,0.302073,0.49069700000000005,ARG,DEU,830250
2830028,9,61,8735,2003,0.0,1911.0,0.497521,-0.305788,ARM,DEU,830250
2830029,14,61,8735,2003,4573.0,192628.0,0.316879,0.9409489999999999,AUS,DEU,830250
2830030,15,61,8735,2003,2895356.0,6473828.0,1.834977,0.408096,AUT,DEU,830250
2830031,16,61,8735,2003,0.0,5654.0,-0.304606,-0.975453,AZE,DEU,830250
2830032,18,61,8735,2003,152871.0,2325456.0,1.361682,1.39536,BEL,DEU,830250
2830033,23,61,8735,2003,26778.0,43401.0,0.43308599999999997,1.7104099999999998,BGR,DEU,830250
2830034,24,61,8735,2003,0.0,2849.0,-0.10968800000000001,-1.041032,BHR,DEU,830250
2830035,26,61,8735,2003,8045.0,89503.0,0.195667,0.347011,BIH,DEU,830250
2830036,28,61,8735,2003,0.0,19446.0,0.847358,0.9307719999999999,BLR,DEU,830250
2830037,32,61,8735,2003,1011.0,2796.0,0.660576,1.118876,BRA,DEU,830250
2830038,33,61,8735,2003,0.0,1782.0,0.744166,0.074191,BRB,DEU,830250
2830039,39,61,8735,2003,101540.0,82276.0,0.9791540000000001,1.185081,CAN,DEU,830250
2830040,41,61,8735,2003,558501.0,5349282.0,2.151037,0.711217,CHE,DEU,830250
2830041,42,61,8735,2003,0.0,10413.0,-0.06375900000000001,-0.156808,CHL,DEU,830250
2830042,43,61,8735,2003,7340826.0,426465.0,0.579431,2.773139,CHN,DEU,830250
2830043,44,61,8735,2003,0.0,11615.0,-0.699928,-0.723739,CIV,DEU,830250
2830044,45,61,8735,2003,0.0,2069.0,-1.254788,-1.10897,CMR,DEU,830250
2830045,49,61,8735,2003,0.0,8439.0,0.218336,0.376869,COL,DEU,830250
2830046,52,61,8735,2003,0.0,7274.0,-0.193904,-0.5049680000000001,CRI,DEU,830250
2830047,58,61,8735,2003,0.0,16685.0,0.259992,0.068914,CYP,DEU,830250
2830048,59,61,8735,2003,1058448.0,577555.0,1.555749,0.8662059999999999,CZE,DEU,830250
2830049,63,61,8735,2003,0.0,3159.0,0.11903299999999999,-0.21768200000000001,DMA,DEU,830250
2830050,64,61,8735,2003,631911.0,1112499.0,1.309564,1.245596,DNK,DEU,830250
2830051,65,61,8735,2003,0.0,3870.0,-0.46264399999999994,-0.245034,DOM,DEU,830250
2830052,66,61,8735,2003,0.0,869.0,-1.060727,-1.142594,DZA,DEU,830250
2830053,67,61,8735,2003,0.0,11585.0,-0.8689370000000001,-0.889767,ECU,DEU,830250
2830054,68,61,8735,2003,0.0,6760.0,-0.292923,0.465433,EGY,DEU,830250
2830055,71,61,8735,2003,884609.0,1131043.0,0.960684,2.074792,ESP,DEU,830250
2830056,72,61,8735,2003,0.0,111119.0,0.5913010000000001,0.8489979999999999,EST,DEU,830250
2830057,74,61,8735,2003,66042.0,184960.0,2.077889,0.942501,FIN,DEU,830250
2830058,77,61,8735,2003,383420.0,3751634.0,1.606606,0.7394149999999999,FRA,DEU,830250
2830059,78,61,8735,2003,0.0,654.0,-0.46422299999999994,-0.8072050000000001,FRO,DEU,830250
2830060,80,61,8735,2003,0.0,850.0,-0.92745,-1.138466,GAB,DEU,830250
2830061,81,61,8735,2003,1461752.0,4530769.0,1.8712540000000002,0.706205,GBR,DEU,830250
2830062,82,61,8735,2003,0.0,42453.0,0.595485,-0.25939,GEO,DEU,830250
2830063,83,61,8735,2003,0.0,1765.0,-1.074188,-0.7127319999999999,GHA,DEU,830250
2830064,84,61,8735,2003,0.0,2002.0,1.133606,-0.176782,GIB,DEU,830250
2830065,90,61,8735,2003,0.0,625592.0,0.364688,1.4823959999999998,GRC,DEU,830250
2830066,91,61,8735,2003,0.0,1440.0,0.3936,-0.258355,GRD,DEU,830250
2830067,93,61,8735,2003,0.0,11015.0,-0.444162,0.145319,GTM,DEU,830250
2830068,96,61,8735,2003,0.0,1525.0,-0.59035,-0.7361340000000001,GUY,DEU,830250
2830069,97,61,8735,2003,365215.0,81137.0,0.494569,2.147062,HKG,DEU,830250
2830070,99,61,8735,2003,0.0,7662.0,-0.733546,-0.568585,HND,DEU,830250
2830071,100,61,8735,2003,2850.0,194365.0,0.568394,1.230759,HRV,DEU,830250
2830072,102,61,8735,2003,634841.0,404602.0,1.2003270000000001,1.091407,HUN,DEU,830250
2830073,103,61,8735,2003,43377.0,901.0,-0.16802,1.7252990000000001,IDN,DEU,830250
2830074,104,61,8735,2003,150650.0,53719.0,0.33014099999999996,2.836003,IND,DEU,830250
2830075,106,61,8735,2003,103730.0,72210.0,1.6396130000000002,0.220599,IRL,DEU,830250
2830076,107,61,8735,2003,976.0,7382.0,-0.552146,-0.8668520000000001,IRN,DEU,830250
2830077,109,61,8735,2003,0.0,28153.0,0.21902800000000003,-0.40818499999999996,ISL,DEU,830250
2830078,110,61,8735,2003,13516.0,18168.0,1.157809,0.682195,ISR,DEU,830250
2830079,111,61,8735,2003,1858040.0,1280987.0,1.399734,1.044608,ITA,DEU,830250
2830080,112,61,8735,2003,0.0,968.0,-0.6684140000000001,-0.915817,JAM,DEU,830250
2830081,113,61,8735,2003,0.0,14472.0,0.12295,0.377031,JOR,DEU,830250
2830082,114,61,8735,2003,379238.0,269733.0,2.4686630000000003,0.48072600000000004,JPN,DEU,830250
2830083,115,61,8735,2003,0.0,63324.0,-0.156326,-0.62092,KAZ,DEU,830250
2830084,116,61,8735,2003,0.0,895.0,-0.3531,0.582992,KEN,DEU,830250
2830085,117,61,8735,2003,0.0,1858.0,0.25359699999999996,0.24101199999999998,KGZ,DEU,830250
2830086,118,61,8735,2003,0.0,13444.0,-1.0165620000000002,-1.060454,KHM,DEU,830250
2830087,121,61,8735,2003,24717.0,59075.0,1.2611709999999998,0.956308,KOR,DEU,830250
2830088,122,61,8735,2003,0.0,32304.0,-0.7943640000000001,-1.1529770000000001,KWT,DEU,830250
2830089,124,61,8735,2003,0.0,44679.0,0.261687,1.053856,LBN,DEU,830250
2830090,128,61,8735,2003,4394.0,26008.0,-0.618057,0.101931,LKA,DEU,830250
2830091,129,61,8735,2003,0.0,1831.0,-1.405425,-1.046031,LSO,DEU,830250
2830092,130,61,8735,2003,38287.0,150034.0,0.239608,0.517299,LTU,DEU,830250
2830093,131,61,8735,2003,9558.0,577936.0,1.444996,1.063764,LUX,DEU,830250
2830094,132,61,8735,2003,5955.0,125545.0,0.520772,0.5631689999999999,LVA,DEU,830250
2830095,134,61,8735,2003,0.0,20975.0,-0.6842050000000001,-0.217892,MAR,DEU,830250
2830096,137,61,8735,2003,0.0,5704.0,-1.201352,-1.031892,MDV,DEU,830250
2830097,138,61,8735,2003,4733.0,70628.0,0.862509,0.756684,MEX,DEU,830250
2830098,140,61,8735,2003,0.0,6786.0,-0.017632,0.225394,MKD,DEU,830250
2830099,142,61,8735,2003,0.0,6632.0,1.2138149999999999,-0.015687,MLT,DEU,830250
2830100,145,61,8735,2003,0.0,2555.0,-0.9747620000000001,-1.026308,MNG,DEU,830250
2830101,147,61,8735,2003,0.0,2474.0,-1.188243,-1.123693,MOZ,DEU,830250
2830102,151,61,8735,2003,0.0,3575.0,-0.361514,-0.29839899999999997,MUS,DEU,830250
2830103,153,61,8735,2003,58017.0,23484.0,0.728804,0.2168,MYS,DEU,830250
2830104,155,61,8735,2003,0.0,831.0,-0.24004499999999998,-0.39565900000000004,NAM,DEU,830250
2830105,156,61,8735,2003,0.0,900.0,-0.344934,-0.776632,NCL,DEU,830250
2830106,159,61,8735,2003,0.0,820.0,-1.859176,-1.234236,NGA,DEU,830250
2830107,162,61,8735,2003,1700024.0,3949930.0,1.168453,1.7085709999999998,NLD,DEU,830250
2830108,163,61,8735,2003,0.0,178498.0,1.1500620000000001,0.258554,NOR,DEU,830250
2830109,166,61,8735,2003,0.0,23442.0,0.589619,0.997301,NZL,DEU,830250
2830110,167,61,8735,2003,0.0,2983.0,-1.434873,-1.188123,OMN,DEU,830250
2830111,168,61,8735,2003,0.0,1769.0,-0.6659689999999999,0.137924,PAK,DEU,830250
2830112,173,61,8735,2003,0.0,2740.0,-0.48627,0.371354,PER,DEU,830250
2830113,174,61,8735,2003,36432.0,4677.0,-0.065022,-0.195144,PHL,DEU,830250
2830114,177,61,8735,2003,918935.0,663920.0,0.966622,1.664838,POL,DEU,830250
2830115,178,61,8735,2003,258408.0,5125.0,0.7060420000000001,0.7718,PRK,DEU,830250
2830116,179,61,8735,2003,172658.0,273163.0,0.471376,1.647303,PRT,DEU,830250
2830117,182,61,8735,2003,0.0,792.0,-0.255707,-0.676557,PYF,DEU,830250
2830118,183,61,8735,2003,0.0,1615.0,-0.209042,-1.0565799999999999,QAT,DEU,830250
2830119,185,61,8735,2003,1834379.0,210114.0,0.378379,1.0064620000000002,ROU,DEU,830250
2830120,186,61,8735,2003,0.0,2344959.0,1.072729,0.338355,RUS,DEU,830250
2830121,188,61,8735,2003,0.0,99917.0,0.202286,-0.714691,SAU,DEU,830250
2830122,189,61,8735,2003,0.0,48729.0,0.575326,1.627894,SCG,DEU,830250
2830123,191,61,8735,2003,0.0,1639.0,-0.25203600000000004,-0.25549299999999997,SEN,DEU,830250
2830124,192,61,8735,2003,0.0,182236.0,1.5080799999999999,0.720337,SGP,DEU,830250
2830125,196,61,8735,2003,0.0,14170.0,0.129923,-0.19926300000000002,SLE,DEU,830250
2830126,197,61,8735,2003,0.0,1805.0,-0.251357,-0.189917,SLV,DEU,830250
2830127,205,61,8735,2003,0.0,4404.0,-0.896925,-0.88623,SUR,DEU,830250
2830128,206,61,8735,2003,874294.0,23718.0,1.22565,0.915518,SVK,DEU,830250
2830129,207,61,8735,2003,22575.0,214335.0,1.6459840000000001,1.014191,SVN,DEU,830250
2830130,208,61,8735,2003,132824.0,695015.0,2.099224,0.799982,SWE,DEU,830250
2830131,209,61,8735,2003,0.0,74718.0,0.399541,-0.23342600000000002,SWZ,DEU,830250
2830132,211,61,8735,2003,0.0,1595.0,-0.44341099999999994,-0.742566,SYC,DEU,830250
2830133,212,61,8735,2003,0.0,14088.0,-0.868749,-0.326322,SYR,DEU,830250
2830134,216,61,8735,2003,45285.0,49800.0,0.43010699999999996,1.607408,THA,DEU,830250
2830135,222,61,8735,2003,0.0,2065.0,-0.16738,-0.9820969999999999,TTO,DEU,830250
2830136,223,61,8735,2003,0.0,10536.0,-0.14845999999999998,0.255092,TUN,DEU,830250
2830137,224,61,8735,2003,338505.0,124403.0,0.192802,1.9855060000000002,TUR,DEU,830250
2830138,227,61,8735,2003,0.0,2730.0,-0.895193,-0.712039,UGA,DEU,830250
2830139,228,61,8735,2003,3484.0,184512.0,0.8929389999999999,0.956685,UKR,DEU,830250
2830140,230,61,8735,2003,0.0,4346.0,0.19792200000000001,0.243104,URY,DEU,830250
2830141,231,61,8735,2003,4017443.0,2075854.0,1.7789220000000001,0.064028,USA,DEU,830250
2830142,232,61,8735,2003,0.0,5045.0,-0.285978,-0.703334,UZB,DEU,830250
2830143,234,61,8735,2003,0.0,2879.0,-0.355758,-0.679181,VCT,DEU,830250
2830144,236,61,8735,2003,0.0,848.0,0.277805,-0.783697,VEN,DEU,830250
2830145,239,61,8735,2003,92060.0,14005.0,-0.633985,0.659696,VNM,DEU,830250
2830146,246,61,8735,2003,14860.0,87893.0,0.477987,2.255395,ZAF,DEU,830250
2830147,249,61,8735,2003,3841141.0,21515.0,1.5924040000000002,1.397843,TWN,DEU,830250
2830148,250,61,8735,2003,0.0,38146.0,0.45951499999999995,-0.2312,ANS,DEU,830250
2830149,8,64,8735,2003,27815.0,0.0,0.302073,0.49069700000000005,ARG,DNK,830250
2830150,14,64,8735,2003,0.0,103375.0,0.316879,0.9409489999999999,AUS,DNK,830250
2830151,15,64,8735,2003,63488.0,30303.0,1.834977,0.408096,AUT,DNK,830250
2830152,18,64,8735,2003,4546.0,15962.0,1.361682,1.39536,BEL,DNK,830250
2830153,19,64,8735,2003,0.0,1926.0,-1.150888,-0.956203,BEN,DNK,830250
2830154,24,64,8735,2003,0.0,2950.0,-0.10968800000000001,-1.041032,BHR,DNK,830250
2830155,39,64,8735,2003,15562.0,22625.0,0.9791540000000001,1.185081,CAN,DNK,830250
2830156,41,64,8735,2003,19791.0,2860.0,2.151037,0.711217,CHE,DNK,830250
2830157,43,64,8735,2003,591946.0,979.0,0.579431,2.773139,CHN,DNK,830250
2830158,49,64,8735,2003,0.0,1932.0,0.218336,0.376869,COL,DNK,830250
2830159,59,64,8735,2003,1066.0,9948.0,1.555749,0.8662059999999999,CZE,DNK,830250
2830160,61,64,8735,2003,1112499.0,631911.0,2.2821919999999998,-2.0985150000000004,DEU,DNK,830250
2830161,71,64,8735,2003,159587.0,4314.0,0.960684,2.074792,ESP,DNK,830250
2830162,72,64,8735,2003,9150.0,3326.0,0.5913010000000001,0.8489979999999999,EST,DNK,830250
2830163,74,64,8735,2003,320856.0,32961.0,2.077889,0.942501,FIN,DNK,830250
2830164,77,64,8735,2003,8526.0,110520.0,1.606606,0.7394149999999999,FRA,DNK,830250
2830165,78,64,8735,2003,0.0,132934.0,-0.46422299999999994,-0.8072050000000001,FRO,DNK,830250
2830166,81,64,8735,2003,269717.0,29469.0,1.8712540000000002,0.706205,GBR,DNK,830250
2830167,82,64,8735,2003,0.0,815.0,0.595485,-0.25939,GEO,DNK,830250
2830168,83,64,8735,2003,0.0,2376.0,-1.074188,-0.7127319999999999,GHA,DNK,830250
2830169,90,64,8735,2003,742910.0,41886.0,0.364688,1.4823959999999998,GRC,DNK,830250
2830170,92,64,8735,2003,0.0,3331.0,-0.764655,-0.8684200000000001,GRL,DNK,830250
2830171,97,64,8735,2003,5385.0,0.0,0.494569,2.147062,HKG,DNK,830250
2830172,100,64,8735,2003,0.0,19199.0,0.568394,1.230759,HRV,DNK,830250
2830173,104,64,8735,2003,22835.0,24788.0,0.33014099999999996,2.836003,IND,DNK,830250
2830174,106,64,8735,2003,0.0,5544.0,1.6396130000000002,0.220599,IRL,DNK,830250
2830175,109,64,8735,2003,4119.0,53855.0,0.21902800000000003,-0.40818499999999996,ISL,DNK,830250
2830176,110,64,8735,2003,0.0,2844.0,1.157809,0.682195,ISR,DNK,830250
2830177,111,64,8735,2003,44256.0,0.0,1.399734,1.044608,ITA,DNK,830250
2830178,114,64,8735,2003,0.0,11536.0,2.4686630000000003,0.48072600000000004,JPN,DNK,830250
2830179,122,64,8735,2003,0.0,2997.0,-0.7943640000000001,-1.1529770000000001,KWT,DNK,830250
2830180,130,64,8735,2003,39713.0,26484.0,0.239608,0.517299,LTU,DNK,830250
2830181,131,64,8735,2003,0.0,1868.0,1.444996,1.063764,LUX,DNK,830250
2830182,132,64,8735,2003,16136.0,3539.0,0.520772,0.5631689999999999,LVA,DNK,830250
2830183,138,64,8735,2003,0.0,4515.0,0.862509,0.756684,MEX,DNK,830250
2830184,162,64,8735,2003,165884.0,38301.0,1.168453,1.7085709999999998,NLD,DNK,830250
2830185,163,64,8735,2003,8260.0,213083.0,1.1500620000000001,0.258554,NOR,DNK,830250
2830186,166,64,8735,2003,0.0,892.0,0.589619,0.997301,NZL,DNK,830250
2830187,177,64,8735,2003,51755.0,12724.0,0.966622,1.664838,POL,DNK,830250
2830188,179,64,8735,2003,3191.0,6053.0,0.471376,1.647303,PRT,DNK,830250
2830189,185,64,8735,2003,0.0,1062.0,0.378379,1.0064620000000002,ROU,DNK,830250
2830190,186,64,8735,2003,0.0,7071.0,1.072729,0.338355,RUS,DNK,830250
2830191,188,64,8735,2003,0.0,2186.0,0.202286,-0.714691,SAU,DNK,830250
2830192,196,64,8735,2003,0.0,10414.0,0.129923,-0.19926300000000002,SLE,DNK,830250
2830193,206,64,8735,2003,0.0,1034.0,1.22565,0.915518,SVK,DNK,830250
2830194,207,64,8735,2003,0.0,2844.0,1.6459840000000001,1.014191,SVN,DNK,830250
2830195,208,64,8735,2003,1337041.0,638447.0,2.099224,0.799982,SWE,DNK,830250
2830196,216,64,8735,2003,17552.0,0.0,0.43010699999999996,1.607408,THA,DNK,830250
2830197,224,64,8735,2003,8429.0,823.0,0.192802,1.9855060000000002,TUR,DNK,830250
2830198,228,64,8735,2003,0.0,1590.0,0.8929389999999999,0.956685,UKR,DNK,830250
2830199,231,64,8735,2003,2875.0,92760.0,1.7789220000000001,0.064028,USA,DNK,830250
2830200,249,64,8735,2003,9997.0,1044.0,1.5924040000000002,1.397843,TWN,DNK,830250
2830201,8,65,8735,2003,1335.0,0.0,0.302073,0.49069700000000005,ARG,DOM,830250
2830202,32,65,8735,2003,4010.0,0.0,0.660576,1.118876,BRA,DOM,830250
2830203,43,65,8735,2003,2132.0,0.0,0.579431,2.773139,CHN,DOM,830250
2830204,49,65,8735,2003,4118.0,0.0,0.218336,0.376869,COL,DOM,830250
2830205,61,65,8735,2003,3870.0,0.0,2.2821919999999998,-2.0985150000000004,DEU,DOM,830250
2830206,71,65,8735,2003,22588.0,0.0,0.960684,2.074792,ESP,DOM,830250
2830207,97,65,8735,2003,4581.0,0.0,0.494569,2.147062,HKG,DOM,830250
2830208,111,65,8735,2003,3832.0,0.0,1.399734,1.044608,ITA,DOM,830250
2830209,114,65,8735,2003,3099.0,0.0,2.4686630000000003,0.48072600000000004,JPN,DOM,830250
2830210,138,65,8735,2003,15521.0,0.0,0.862509,0.756684,MEX,DOM,830250
2830211,197,65,8735,2003,19777.0,0.0,-0.251357,-0.189917,SLV,DOM,830250
2830212,231,65,8735,2003,104482.0,2741.0,1.7789220000000001,0.064028,USA,DOM,830250
2830213,243,65,8735,2003,1067.0,0.0,-1.453584,-1.257815,YEM,DOM,830250
2830214,8,67,8735,2003,25087.0,0.0,0.302073,0.49069700000000005,ARG,ECU,830250
2830215,10,67,8735,2003,2031.0,0.0,1.0088139999999999,0.096969,ASM,ECU,830250
2830216,32,67,8735,2003,3479.0,0.0,0.660576,1.118876,BRA,ECU,830250
2830217,42,67,8735,2003,1680.0,0.0,-0.06375900000000001,-0.156808,CHL,ECU,830250
2830218,43,67,8735,2003,35613.0,0.0,0.579431,2.773139,CHN,ECU,830250
2830219,49,67,8735,2003,47630.0,154576.0,0.218336,0.376869,COL,ECU,830250
2830220,61,67,8735,2003,11585.0,0.0,2.2821919999999998,-2.0985150000000004,DEU,ECU,830250
2830221,71,67,8735,2003,24288.0,0.0,0.960684,2.074792,ESP,ECU,830250
2830222,97,67,8735,2003,4973.0,0.0,0.494569,2.147062,HKG,ECU,830250
2830223,104,67,8735,2003,1149.0,0.0,0.33014099999999996,2.836003,IND,ECU,830250
2830224,111,67,8735,2003,55460.0,0.0,1.399734,1.044608,ITA,ECU,830250
2830225,114,67,8735,2003,10563.0,0.0,2.4686630000000003,0.48072600000000004,JPN,ECU,830250
2830226,121,67,8735,2003,898.0,0.0,1.2611709999999998,0.956308,KOR,ECU,830250
2830227,169,67,8735,2003,1824.0,8408.0,-0.050386,-0.039619999999999995,PAN,ECU,830250
2830228,173,67,8735,2003,0.0,38995.0,-0.48627,0.371354,PER,ECU,830250
2830229,231,67,8735,2003,11633.0,0.0,1.7789220000000001,0.064028,USA,ECU,830250
2830230,249,67,8735,2003,41274.0,0.0,1.5924040000000002,1.397843,TWN,ECU,830250
2830231,7,71,8735,2003,0.0,39639.0,0.049637,-0.502691,ARE,ESP,830250
2830232,8,71,8735,2003,6622.0,15970.0,0.302073,0.49069700000000005,ARG,ESP,830250
2830233,14,71,8735,2003,27032.0,370451.0,0.316879,0.9409489999999999,AUS,ESP,830250
2830234,15,71,8735,2003,98484.0,51203.0,1.834977,0.408096,AUT,ESP,830250
2830235,18,71,8735,2003,137246.0,210917.0,1.361682,1.39536,BEL,ESP,830250
2830236,19,71,8735,2003,0.0,3569.0,-1.150888,-0.956203,BEN,ESP,830250
2830237,31,71,8735,2003,0.0,3370.0,-0.787995,-0.7228899999999999,BOL,ESP,830250
2830238,32,71,8735,2003,0.0,1574.0,0.660576,1.118876,BRA,ESP,830250
2830239,39,71,8735,2003,9590.0,187999.0,0.9791540000000001,1.185081,CAN,ESP,830250
2830240,41,71,8735,2003,19132.0,5960.0,2.151037,0.711217,CHE,ESP,830250
2830241,42,71,8735,2003,0.0,11420.0,-0.06375900000000001,-0.156808,CHL,ESP,830250
2830242,43,71,8735,2003,2505511.0,2228.0,0.579431,2.773139,CHN,ESP,830250
2830243,45,71,8735,2003,0.0,3686.0,-1.254788,-1.10897,CMR,ESP,830250
2830244,49,71,8735,2003,0.0,64218.0,0.218336,0.376869,COL,ESP,830250
2830245,52,71,8735,2003,0.0,5419.0,-0.193904,-0.5049680000000001,CRI,ESP,830250
2830246,54,71,8735,2003,0.0,48456.0,-0.391515,-0.8562120000000001,CUB,ESP,830250
2830247,58,71,8735,2003,0.0,14582.0,0.259992,0.068914,CYP,ESP,830250
2830248,59,71,8735,2003,52449.0,22411.0,1.555749,0.8662059999999999,CZE,ESP,830250
2830249,61,71,8735,2003,1131043.0,884609.0,2.2821919999999998,-2.0985150000000004,DEU,ESP,830250
2830250,64,71,8735,2003,4314.0,159587.0,1.309564,1.245596,DNK,ESP,830250
2830251,65,71,8735,2003,0.0,22588.0,-0.46264399999999994,-0.245034,DOM,ESP,830250
2830252,66,71,8735,2003,0.0,11054.0,-1.060727,-1.142594,DZA,ESP,830250
2830253,67,71,8735,2003,0.0,24288.0,-0.8689370000000001,-0.889767,ECU,ESP,830250
2830254,68,71,8735,2003,0.0,36716.0,-0.292923,0.465433,EGY,ESP,830250
2830255,74,71,8735,2003,6160.0,23778.0,2.077889,0.942501,FIN,ESP,830250
2830256,77,71,8735,2003,1423038.0,7119899.0,1.606606,0.7394149999999999,FRA,ESP,830250
2830257,81,71,8735,2003,204802.0,441176.0,1.8712540000000002,0.706205,GBR,ESP,830250
2830258,84,71,8735,2003,0.0,3816.0,1.133606,-0.176782,GIB,ESP,830250
2830259,90,71,8735,2003,13139.0,284635.0,0.364688,1.4823959999999998,GRC,ESP,830250
2830260,93,71,8735,2003,0.0,12076.0,-0.444162,0.145319,GTM,ESP,830250
2830261,97,71,8735,2003,10323.0,72345.0,0.494569,2.147062,HKG,ESP,830250
2830262,99,71,8735,2003,0.0,10134.0,-0.733546,-0.568585,HND,ESP,830250
2830263,100,71,8735,2003,0.0,20424.0,0.568394,1.230759,HRV,ESP,830250
2830264,102,71,8735,2003,0.0,203427.0,1.2003270000000001,1.091407,HUN,ESP,830250
2830265,104,71,8735,2003,101810.0,0.0,0.33014099999999996,2.836003,IND,ESP,830250
2830266,106,71,8735,2003,22008.0,10288.0,1.6396130000000002,0.220599,IRL,ESP,830250
2830267,109,71,8735,2003,0.0,4780.0,0.21902800000000003,-0.40818499999999996,ISL,ESP,830250
2830268,110,71,8735,2003,4222.0,9429.0,1.157809,0.682195,ISR,ESP,830250
2830269,111,71,8735,2003,1242936.0,293564.0,1.399734,1.044608,ITA,ESP,830250
2830270,112,71,8735,2003,0.0,3010.0,-0.6684140000000001,-0.915817,JAM,ESP,830250
2830271,113,71,8735,2003,0.0,3434.0,0.12295,0.377031,JOR,ESP,830250
2830272,114,71,8735,2003,52468.0,11014.0,2.4686630000000003,0.48072600000000004,JPN,ESP,830250
2830273,115,71,8735,2003,0.0,8209.0,-0.156326,-0.62092,KAZ,ESP,830250
2830274,116,71,8735,2003,0.0,1673.0,-0.3531,0.582992,KEN,ESP,830250
2830275,121,71,8735,2003,1217.0,1936.0,1.2611709999999998,0.956308,KOR,ESP,830250
2830276,122,71,8735,2003,0.0,1472.0,-0.7943640000000001,-1.1529770000000001,KWT,ESP,830250
2830277,124,71,8735,2003,0.0,9543.0,0.261687,1.053856,LBN,ESP,830250
2830278,130,71,8735,2003,9346.0,4824.0,0.239608,0.517299,LTU,ESP,830250
2830279,132,71,8735,2003,0.0,16881.0,0.520772,0.5631689999999999,LVA,ESP,830250
2830280,134,71,8735,2003,150233.0,26951.0,-0.6842050000000001,-0.217892,MAR,ESP,830250
2830281,138,71,8735,2003,6904.0,161518.0,0.862509,0.756684,MEX,ESP,830250
2830282,142,71,8735,2003,0.0,17894.0,1.2138149999999999,-0.015687,MLT,ESP,830250
2830283,151,71,8735,2003,0.0,3557.0,-0.361514,-0.29839899999999997,MUS,ESP,830250
2830284,153,71,8735,2003,4772.0,3516.0,0.728804,0.2168,MYS,ESP,830250
2830285,156,71,8735,2003,0.0,1322.0,-0.344934,-0.776632,NCL,ESP,830250
2830286,160,71,8735,2003,0.0,3781.0,-0.8661459999999999,-0.8661690000000001,NIC,ESP,830250
2830287,162,71,8735,2003,448960.0,211208.0,1.168453,1.7085709999999998,NLD,ESP,830250
2830288,163,71,8735,2003,0.0,8576.0,1.1500620000000001,0.258554,NOR,ESP,830250
2830289,166,71,8735,2003,8211.0,24488.0,0.589619,0.997301,NZL,ESP,830250
2830290,169,71,8735,2003,0.0,29607.0,-0.050386,-0.039619999999999995,PAN,ESP,830250
2830291,173,71,8735,2003,0.0,16051.0,-0.48627,0.371354,PER,ESP,830250
2830292,174,71,8735,2003,14451.0,2960.0,-0.065022,-0.195144,PHL,ESP,830250
2830293,177,71,8735,2003,4570.0,121059.0,0.966622,1.664838,POL,ESP,830250
2830294,179,71,8735,2003,245721.0,1086145.0,0.471376,1.647303,PRT,ESP,830250
2830295,182,71,8735,2003,0.0,3282.0,-0.255707,-0.676557,PYF,ESP,830250
2830296,183,71,8735,2003,0.0,5954.0,-0.209042,-1.0565799999999999,QAT,ESP,830250
2830297,185,71,8735,2003,8188.0,2753.0,0.378379,1.0064620000000002,ROU,ESP,830250
2830298,186,71,8735,2003,0.0,282885.0,1.072729,0.338355,RUS,ESP,830250
2830299,188,71,8735,2003,1549.0,105009.0,0.202286,-0.714691,SAU,ESP,830250
2830300,192,71,8735,2003,0.0,10194.0,1.5080799999999999,0.720337,SGP,ESP,830250
2830301,197,71,8735,2003,0.0,6717.0,-0.251357,-0.189917,SLV,ESP,830250
2830302,206,71,8735,2003,23670.0,24366.0,1.22565,0.915518,SVK,ESP,830250
2830303,207,71,8735,2003,0.0,2518.0,1.6459840000000001,1.014191,SVN,ESP,830250
2830304,208,71,8735,2003,541328.0,159048.0,2.099224,0.799982,SWE,ESP,830250
2830305,216,71,8735,2003,64425.0,12016.0,0.43010699999999996,1.607408,THA,ESP,830250
2830306,223,71,8735,2003,4210.0,18613.0,-0.14845999999999998,0.255092,TUN,ESP,830250
2830307,224,71,8735,2003,62590.0,1693.0,0.192802,1.9855060000000002,TUR,ESP,830250
2830308,228,71,8735,2003,5582.0,4003.0,0.8929389999999999,0.956685,UKR,ESP,830250
2830309,230,71,8735,2003,0.0,14436.0,0.19792200000000001,0.243104,URY,ESP,830250
2830310,231,71,8735,2003,19646.0,94272.0,1.7789220000000001,0.064028,USA,ESP,830250
2830311,236,71,8735,2003,1685.0,27315.0,0.277805,-0.783697,VEN,ESP,830250
2830312,239,71,8735,2003,15947.0,0.0,-0.633985,0.659696,VNM,ESP,830250
2830313,246,71,8735,2003,2257.0,0.0,0.477987,2.255395,ZAF,ESP,830250
2830314,249,71,8735,2003,651407.0,1007.0,1.5924040000000002,1.397843,TWN,ESP,830250
2830315,5,77,8735,2003,0.0,7835.0,1.0901319999999999,0.618693,AND,FRA,830250
2830316,7,77,8735,2003,0.0,19223.0,0.049637,-0.502691,ARE,FRA,830250
2830317,14,77,8735,2003,5037.0,76021.0,0.316879,0.9409489999999999,AUS,FRA,830250
2830318,15,77,8735,2003,957222.0,12978.0,1.834977,0.408096,AUT,FRA,830250
2830319,18,77,8735,2003,446593.0,424527.0,1.361682,1.39536,BEL,FRA,830250
2830320,21,77,8735,2003,0.0,1061.0,-0.9365690000000001,-0.9699409999999999,BFA,FRA,830250
2830321,23,77,8735,2003,48800.0,42559.0,0.43308599999999997,1.7104099999999998,BGR,FRA,830250
2830322,32,77,8735,2003,0.0,8585.0,0.660576,1.118876,BRA,FRA,830250
2830323,39,77,8735,2003,61220.0,26199.0,0.9791540000000001,1.185081,CAN,FRA,830250
2830324,41,77,8735,2003,129257.0,321038.0,2.151037,0.711217,CHE,FRA,830250
2830325,42,77,8735,2003,0.0,8316.0,-0.06375900000000001,-0.156808,CHL,FRA,830250
2830326,43,77,8735,2003,2995978.0,4789.0,0.579431,2.773139,CHN,FRA,830250
2830327,44,77,8735,2003,0.0,892.0,-0.699928,-0.723739,CIV,FRA,830250
2830328,45,77,8735,2003,0.0,72332.0,-1.254788,-1.10897,CMR,FRA,830250
2830329,52,77,8735,2003,0.0,1959.0,-0.193904,-0.5049680000000001,CRI,FRA,830250
2830330,54,77,8735,2003,0.0,3826.0,-0.391515,-0.8562120000000001,CUB,FRA,830250
2830331,58,77,8735,2003,0.0,25174.0,0.259992,0.068914,CYP,FRA,830250
2830332,59,77,8735,2003,341057.0,5368.0,1.555749,0.8662059999999999,CZE,FRA,830250
2830333,61,77,8735,2003,3751634.0,383420.0,2.2821919999999998,-2.0985150000000004,DEU,FRA,830250
2830334,64,77,8735,2003,110520.0,8526.0,1.309564,1.245596,DNK,FRA,830250
2830335,66,77,8735,2003,0.0,4536.0,-1.060727,-1.142594,DZA,FRA,830250
2830336,68,77,8735,2003,0.0,3443.0,-0.292923,0.465433,EGY,FRA,830250
2830337,71,77,8735,2003,7119899.0,1423038.0,0.960684,2.074792,ESP,FRA,830250
2830338,74,77,8735,2003,23940.0,2191.0,2.077889,0.942501,FIN,FRA,830250
2830339,80,77,8735,2003,0.0,6452.0,-0.92745,-1.138466,GAB,FRA,830250
2830340,81,77,8735,2003,1019349.0,337063.0,1.8712540000000002,0.706205,GBR,FRA,830250
2830341,83,77,8735,2003,0.0,4550.0,-1.074188,-0.7127319999999999,GHA,FRA,830250
2830342,90,77,8735,2003,0.0,101881.0,0.364688,1.4823959999999998,GRC,FRA,830250
2830343,93,77,8735,2003,0.0,3323.0,-0.444162,0.145319,GTM,FRA,830250
2830344,97,77,8735,2003,46800.0,35456.0,0.494569,2.147062,HKG,FRA,830250
2830345,102,77,8735,2003,0.0,17445.0,1.2003270000000001,1.091407,HUN,FRA,830250
2830346,103,77,8735,2003,5173.0,0.0,-0.16802,1.7252990000000001,IDN,FRA,830250
2830347,104,77,8735,2003,201509.0,2884.0,0.33014099999999996,2.836003,IND,FRA,830250
2830348,106,77,8735,2003,0.0,6598.0,1.6396130000000002,0.220599,IRL,FRA,830250
2830349,110,77,8735,2003,10470.0,917.0,1.157809,0.682195,ISR,FRA,830250
2830350,111,77,8735,2003,2974074.0,213337.0,1.399734,1.044608,ITA,FRA,830250
2830351,112,77,8735,2003,0.0,2569.0,-0.6684140000000001,-0.915817,JAM,FRA,830250
2830352,114,77,8735,2003,106409.0,38559.0,2.4686630000000003,0.48072600000000004,JPN,FRA,830250
2830353,115,77,8735,2003,0.0,1262.0,-0.156326,-0.62092,KAZ,FRA,830250
2830354,121,77,8735,2003,9723.0,114312.0,1.2611709999999998,0.956308,KOR,FRA,830250
2830355,122,77,8735,2003,0.0,4230.0,-0.7943640000000001,-1.1529770000000001,KWT,FRA,830250
2830356,124,77,8735,2003,0.0,72134.0,0.261687,1.053856,LBN,FRA,830250
2830357,130,77,8735,2003,8769.0,0.0,0.239608,0.517299,LTU,FRA,830250
2830358,131,77,8735,2003,1089.0,27379.0,1.444996,1.063764,LUX,FRA,830250
2830359,134,77,8735,2003,438439.0,5019.0,-0.6842050000000001,-0.217892,MAR,FRA,830250
2830360,136,77,8735,2003,205344.0,109009.0,-1.254758,-0.622696,MDG,FRA,830250
2830361,138,77,8735,2003,0.0,8044.0,0.862509,0.756684,MEX,FRA,830250
2830362,141,77,8735,2003,0.0,4290.0,-0.786411,-0.879049,MLI,FRA,830250
2830363,142,77,8735,2003,0.0,8023.0,1.2138149999999999,-0.015687,MLT,FRA,830250
2830364,151,77,8735,2003,0.0,10017.0,-0.361514,-0.29839899999999997,MUS,FRA,830250
2830365,153,77,8735,2003,0.0,16023.0,0.728804,0.2168,MYS,FRA,830250
2830366,154,77,8735,2003,0.0,2106.0,0.8645370000000001,-0.101347,MYT,FRA,830250
2830367,156,77,8735,2003,0.0,2241.0,-0.344934,-0.776632,NCL,FRA,830250
2830368,157,77,8735,2003,0.0,2357.0,-0.199296,-0.578264,NER,FRA,830250
2830369,159,77,8735,2003,0.0,6117.0,-1.859176,-1.234236,NGA,FRA,830250
2830370,160,77,8735,2003,0.0,780.0,-0.8661459999999999,-0.8661690000000001,NIC,FRA,830250
2830371,162,77,8735,2003,1294028.0,79225.0,1.168453,1.7085709999999998,NLD,FRA,830250
2830372,163,77,8735,2003,1058.0,1450.0,1.1500620000000001,0.258554,NOR,FRA,830250
2830373,166,77,8735,2003,0.0,32412.0,0.589619,0.997301,NZL,FRA,830250
2830374,168,77,8735,2003,3345.0,0.0,-0.6659689999999999,0.137924,PAK,FRA,830250
2830375,174,77,8735,2003,33795.0,0.0,-0.065022,-0.195144,PHL,FRA,830250
2830376,177,77,8735,2003,403467.0,3171.0,0.966622,1.664838,POL,FRA,830250
2830377,179,77,8735,2003,194922.0,181837.0,0.471376,1.647303,PRT,FRA,830250
2830378,182,77,8735,2003,0.0,12274.0,-0.255707,-0.676557,PYF,FRA,830250
2830379,183,77,8735,2003,0.0,5388.0,-0.209042,-1.0565799999999999,QAT,FRA,830250
2830380,185,77,8735,2003,74859.0,9472.0,0.378379,1.0064620000000002,ROU,FRA,830250
2830381,186,77,8735,2003,0.0,53198.0,1.072729,0.338355,RUS,FRA,830250
2830382,188,77,8735,2003,0.0,115913.0,0.202286,-0.714691,SAU,FRA,830250
2830383,191,77,8735,2003,0.0,4927.0,-0.25203600000000004,-0.25549299999999997,SEN,FRA,830250
2830384,192,77,8735,2003,2638.0,0.0,1.5080799999999999,0.720337,SGP,FRA,830250
2830385,206,77,8735,2003,121552.0,23235.0,1.22565,0.915518,SVK,FRA,830250
2830386,207,77,8735,2003,36210.0,2563.0,1.6459840000000001,1.014191,SVN,FRA,830250
2830387,208,77,8735,2003,649907.0,23885.0,2.099224,0.799982,SWE,FRA,830250
2830388,211,77,8735,2003,0.0,1305.0,-0.44341099999999994,-0.742566,SYC,FRA,830250
2830389,214,77,8735,2003,0.0,6791.0,-0.263238,-0.6801189999999999,TCD,FRA,830250
2830390,216,77,8735,2003,91009.0,69456.0,0.43010699999999996,1.607408,THA,FRA,830250
2830391,223,77,8735,2003,174142.0,121255.0,-0.14845999999999998,0.255092,TUN,FRA,830250
2830392,224,77,8735,2003,112159.0,19550.0,0.192802,1.9855060000000002,TUR,FRA,830250
2830393,228,77,8735,2003,40007.0,2579.0,0.8929389999999999,0.956685,UKR,FRA,830250
2830394,231,77,8735,2003,279724.0,132657.0,1.7789220000000001,0.064028,USA,FRA,830250
2830395,236,77,8735,2003,0.0,3302.0,0.277805,-0.783697,VEN,FRA,830250
2830396,239,77,8735,2003,95531.0,1887.0,-0.633985,0.659696,VNM,FRA,830250
2830397,246,77,8735,2003,0.0,3087.0,0.477987,2.255395,ZAF,FRA,830250
2830398,249,77,8735,2003,638932.0,3156.0,1.5924040000000002,1.397843,TWN,FRA,830250
2830399,250,77,8735,2003,6704.0,0.0,0.45951499999999995,-0.2312,ANS,FRA,830250
2830400,7,81,8735,2003,0.0,129992.0,0.049637,-0.502691,ARE,GBR,830250
2830401,14,81,8735,2003,204941.0,261664.0,0.316879,0.9409489999999999,AUS,GBR,830250
2830402,15,81,8735,2003,155133.0,24588.0,1.834977,0.408096,AUT,GBR,830250
2830403,16,81,8735,2003,0.0,73341.0,-0.304606,-0.975453,AZE,GBR,830250
2830404,18,81,8735,2003,39658.0,124665.0,1.361682,1.39536,BEL,GBR,830250
2830405,24,81,8735,2003,0.0,7723.0,-0.10968800000000001,-1.041032,BHR,GBR,830250
2830406,32,81,8735,2003,4126.0,1709.0,0.660576,1.118876,BRA,GBR,830250
2830407,33,81,8735,2003,0.0,25330.0,0.744166,0.074191,BRB,GBR,830250
2830408,34,81,8735,2003,0.0,1487.0,-1.342738,-0.978633,BRN,GBR,830250
2830409,37,81,8735,2003,0.0,901.0,-0.517317,-1.1125770000000001,BWA,GBR,830250
2830410,39,81,8735,2003,62372.0,644141.0,0.9791540000000001,1.185081,CAN,GBR,830250
2830411,41,81,8735,2003,3338.0,109592.0,2.151037,0.711217,CHE,GBR,830250
2830412,43,81,8735,2003,6543014.0,1264.0,0.579431,2.773139,CHN,GBR,830250
2830413,49,81,8735,2003,0.0,2044.0,0.218336,0.376869,COL,GBR,830250
2830414,58,81,8735,2003,0.0,22838.0,0.259992,0.068914,CYP,GBR,830250
2830415,59,81,8735,2003,303089.0,3906.0,1.555749,0.8662059999999999,CZE,GBR,830250
2830416,61,81,8735,2003,4530769.0,1461752.0,2.2821919999999998,-2.0985150000000004,DEU,GBR,830250
2830417,63,81,8735,2003,0.0,1384.0,0.11903299999999999,-0.21768200000000001,DMA,GBR,830250
2830418,64,81,8735,2003,29469.0,269717.0,1.309564,1.245596,DNK,GBR,830250
2830419,66,81,8735,2003,0.0,4016.0,-1.060727,-1.142594,DZA,GBR,830250
2830420,71,81,8735,2003,441176.0,204802.0,0.960684,2.074792,ESP,GBR,830250
2830421,74,81,8735,2003,924638.0,24186.0,2.077889,0.942501,FIN,GBR,830250
2830422,77,81,8735,2003,337063.0,1019349.0,1.606606,0.7394149999999999,FRA,GBR,830250
2830423,83,81,8735,2003,0.0,14340.0,-1.074188,-0.7127319999999999,GHA,GBR,830250
2830424,87,81,8735,2003,0.0,2865.0,-0.230541,-0.275663,GMB,GBR,830250
2830425,89,81,8735,2003,0.0,22587.0,-2.4406529999999997,-0.821155,GNQ,GBR,830250
2830426,90,81,8735,2003,26692.0,14472.0,0.364688,1.4823959999999998,GRC,GBR,830250
2830427,91,81,8735,2003,0.0,2035.0,0.3936,-0.258355,GRD,GBR,830250
2830428,96,81,8735,2003,0.0,16872.0,-0.59035,-0.7361340000000001,GUY,GBR,830250
2830429,97,81,8735,2003,352109.0,32117.0,0.494569,2.147062,HKG,GBR,830250
2830430,102,81,8735,2003,11851.0,69483.0,1.2003270000000001,1.091407,HUN,GBR,830250
2830431,103,81,8735,2003,15484.0,0.0,-0.16802,1.7252990000000001,IDN,GBR,830250
2830432,104,81,8735,2003,505660.0,8980.0,0.33014099999999996,2.836003,IND,GBR,830250
2830433,106,81,8735,2003,267483.0,1026404.0,1.6396130000000002,0.220599,IRL,GBR,830250
2830434,109,81,8735,2003,0.0,2388.0,0.21902800000000003,-0.40818499999999996,ISL,GBR,830250
2830435,110,81,8735,2003,0.0,60068.0,1.157809,0.682195,ISR,GBR,830250
2830436,111,81,8735,2003,528629.0,642278.0,1.399734,1.044608,ITA,GBR,830250
2830437,112,81,8735,2003,0.0,8909.0,-0.6684140000000001,-0.915817,JAM,GBR,830250
2830438,113,81,8735,2003,0.0,8893.0,0.12295,0.377031,JOR,GBR,830250
2830439,114,81,8735,2003,288221.0,89985.0,2.4686630000000003,0.48072600000000004,JPN,GBR,830250
2830440,116,81,8735,2003,0.0,10843.0,-0.3531,0.582992,KEN,GBR,830250
2830441,121,81,8735,2003,62503.0,32828.0,1.2611709999999998,0.956308,KOR,GBR,830250
2830442,122,81,8735,2003,0.0,16856.0,-0.7943640000000001,-1.1529770000000001,KWT,GBR,830250
2830443,124,81,8735,2003,0.0,2871.0,0.261687,1.053856,LBN,GBR,830250
2830444,126,81,8735,2003,0.0,1634.0,-0.36075999999999997,-1.110575,LBY,GBR,830250
2830445,127,81,8735,2003,0.0,1473.0,0.318385,-0.342679,LCA,GBR,830250
2830446,130,81,8735,2003,22456.0,0.0,0.239608,0.517299,LTU,GBR,830250
2830447,131,81,8735,2003,0.0,3085.0,1.444996,1.063764,LUX,GBR,830250
2830448,132,81,8735,2003,0.0,4977.0,0.520772,0.5631689999999999,LVA,GBR,830250
2830449,135,81,8735,2003,0.0,3521.0,-0.005154,-0.26107199999999997,MDA,GBR,830250
2830450,138,81,8735,2003,1311.0,14567.0,0.862509,0.756684,MEX,GBR,830250
2830451,142,81,8735,2003,0.0,34295.0,1.2138149999999999,-0.015687,MLT,GBR,830250
2830452,151,81,8735,2003,0.0,8248.0,-0.361514,-0.29839899999999997,MUS,GBR,830250
2830453,153,81,8735,2003,3138.0,131498.0,0.728804,0.2168,MYS,GBR,830250
2830454,162,81,8735,2003,1365402.0,117466.0,1.168453,1.7085709999999998,NLD,GBR,830250
2830455,163,81,8735,2003,1283.0,87908.0,1.1500620000000001,0.258554,NOR,GBR,830250
2830456,166,81,8735,2003,0.0,243553.0,0.589619,0.997301,NZL,GBR,830250
2830457,167,81,8735,2003,0.0,10344.0,-1.434873,-1.188123,OMN,GBR,830250
2830458,174,81,8735,2003,4092.0,5606.0,-0.065022,-0.195144,PHL,GBR,830250
2830459,177,81,8735,2003,22376.0,37386.0,0.966622,1.664838,POL,GBR,830250
2830460,179,81,8735,2003,72350.0,16037.0,0.471376,1.647303,PRT,GBR,830250
2830461,183,81,8735,2003,0.0,11268.0,-0.209042,-1.0565799999999999,QAT,GBR,830250
2830462,185,81,8735,2003,36825.0,21133.0,0.378379,1.0064620000000002,ROU,GBR,830250
2830463,186,81,8735,2003,0.0,3917.0,1.072729,0.338355,RUS,GBR,830250
2830464,188,81,8735,2003,0.0,3659.0,0.202286,-0.714691,SAU,GBR,830250
2830465,192,81,8735,2003,371804.0,39668.0,1.5080799999999999,0.720337,SGP,GBR,830250
2830466,206,81,8735,2003,180116.0,2055.0,1.22565,0.915518,SVK,GBR,830250
2830467,208,81,8735,2003,1253879.0,68983.0,2.099224,0.799982,SWE,GBR,830250
2830468,211,81,8735,2003,0.0,1891.0,-0.44341099999999994,-0.742566,SYC,GBR,830250
2830469,216,81,8735,2003,12311.0,0.0,0.43010699999999996,1.607408,THA,GBR,830250
2830470,222,81,8735,2003,0.0,171480.0,-0.16738,-0.9820969999999999,TTO,GBR,830250
2830471,224,81,8735,2003,347124.0,2805.0,0.192802,1.9855060000000002,TUR,GBR,830250
2830472,227,81,8735,2003,0.0,5863.0,-0.895193,-0.712039,UGA,GBR,830250
2830473,228,81,8735,2003,0.0,1679.0,0.8929389999999999,0.956685,UKR,GBR,830250
2830474,231,81,8735,2003,2761278.0,2062447.0,1.7789220000000001,0.064028,USA,GBR,830250
2830475,234,81,8735,2003,0.0,5616.0,-0.355758,-0.679181,VCT,GBR,830250
2830476,236,81,8735,2003,0.0,1053.0,0.277805,-0.783697,VEN,GBR,830250
2830477,239,81,8735,2003,42264.0,19503.0,-0.633985,0.659696,VNM,GBR,830250
2830478,246,81,8735,2003,160408.0,88445.0,0.477987,2.255395,ZAF,GBR,830250
2830479,249,81,8735,2003,2237694.0,4566.0,1.5924040000000002,1.397843,TWN,GBR,830250
2830480,4,90,8735,2003,0.0,2103.0,-0.053595000000000004,0.166034,ALB,GRC,830250
2830481,15,90,8735,2003,86747.0,1414.0,1.834977,0.408096,AUT,GRC,830250
2830482,18,90,8735,2003,9126.0,7347.0,1.361682,1.39536,BEL,GRC,830250
2830483,23,90,8735,2003,2949.0,1975.0,0.43308599999999997,1.7104099999999998,BGR,GRC,830250
2830484,41,90,8735,2003,2267.0,0.0,2.151037,0.711217,CHE,GRC,830250
2830485,43,90,8735,2003,46335.0,0.0,0.579431,2.773139,CHN,GRC,830250
2830486,58,90,8735,2003,0.0,5081.0,0.259992,0.068914,CYP,GRC,830250
2830487,61,90,8735,2003,625592.0,0.0,2.2821919999999998,-2.0985150000000004,DEU,GRC,830250
2830488,64,90,8735,2003,41886.0,742910.0,1.309564,1.245596,DNK,GRC,830250
2830489,71,90,8735,2003,284635.0,13139.0,0.960684,2.074792,ESP,GRC,830250
2830490,77,90,8735,2003,101881.0,0.0,1.606606,0.7394149999999999,FRA,GRC,830250
2830491,81,90,8735,2003,14472.0,26692.0,1.8712540000000002,0.706205,GBR,GRC,830250
2830492,97,90,8735,2003,21944.0,0.0,0.494569,2.147062,HKG,GRC,830250
2830493,102,90,8735,2003,0.0,871.0,1.2003270000000001,1.091407,HUN,GRC,830250
2830494,104,90,8735,2003,8017.0,0.0,0.33014099999999996,2.836003,IND,GRC,830250
2830495,110,90,8735,2003,0.0,18196.0,1.157809,0.682195,ISR,GRC,830250
2830496,111,90,8735,2003,322902.0,1561.0,1.399734,1.044608,ITA,GRC,830250
2830497,114,90,8735,2003,3613.0,0.0,2.4686630000000003,0.48072600000000004,JPN,GRC,830250
2830498,138,90,8735,2003,0.0,840.0,0.862509,0.756684,MEX,GRC,830250
2830499,140,90,8735,2003,0.0,3770.0,-0.017632,0.225394,MKD,GRC,830250
2830500,153,90,8735,2003,6798.0,0.0,0.728804,0.2168,MYS,GRC,830250
2830501,162,90,8735,2003,32719.0,3497.0,1.168453,1.7085709999999998,NLD,GRC,830250
2830502,177,90,8735,2003,3229.0,0.0,0.966622,1.664838,POL,GRC,830250
2830503,185,90,8735,2003,0.0,1709.0,0.378379,1.0064620000000002,ROU,GRC,830250
2830504,188,90,8735,2003,0.0,755.0,0.202286,-0.714691,SAU,GRC,830250
2830505,189,90,8735,2003,0.0,1009.0,0.575326,1.627894,SCG,GRC,830250
2830506,208,90,8735,2003,143523.0,0.0,2.099224,0.799982,SWE,GRC,830250
2830507,212,90,8735,2003,0.0,2933.0,-0.868749,-0.326322,SYR,GRC,830250
2830508,224,90,8735,2003,38760.0,9418.0,0.192802,1.9855060000000002,TUR,GRC,830250
2830509,231,90,8735,2003,121031.0,0.0,1.7789220000000001,0.064028,USA,GRC,830250
2830510,249,90,8735,2003,9088.0,0.0,1.5924040000000002,1.397843,TWN,GRC,830250
2830511,43,96,8735,2003,1745.0,0.0,0.579431,2.773139,CHN,GUY,830250
2830512,61,96,8735,2003,1525.0,0.0,2.2821919999999998,-2.0985150000000004,DEU,GUY,830250
2830513,81,96,8735,2003,16872.0,0.0,1.8712540000000002,0.706205,GBR,GUY,830250
2830514,208,96,8735,2003,1805.0,0.0,2.099224,0.799982,SWE,GUY,830250
2830515,231,96,8735,2003,25729.0,0.0,1.7789220000000001,0.064028,USA,GUY,830250
2830516,249,96,8735,2003,641.0,0.0,1.5924040000000002,1.397843,TWN,GUY,830250
2830517,7,97,8735,2003,0.0,37538.0,0.049637,-0.502691,ARE,HKG,830250
2830518,14,97,8735,2003,13489.0,181061.0,0.316879,0.9409489999999999,AUS,HKG,830250
2830519,15,97,8735,2003,0.0,2878.0,1.834977,0.408096,AUT,HKG,830250
2830520,18,97,8735,2003,0.0,94564.0,1.361682,1.39536,BEL,HKG,830250
2830521,22,97,8735,2003,0.0,20169.0,-1.168404,-1.035782,BGD,HKG,830250
2830522,32,97,8735,2003,0.0,2704.0,0.660576,1.118876,BRA,HKG,830250
2830523,34,97,8735,2003,0.0,1570.0,-1.342738,-0.978633,BRN,HKG,830250
2830524,39,97,8735,2003,4832.0,357001.0,0.9791540000000001,1.185081,CAN,HKG,830250
2830525,41,97,8735,2003,3109.0,5635.0,2.151037,0.711217,CHE,HKG,830250
2830526,42,97,8735,2003,0.0,12354.0,-0.06375900000000001,-0.156808,CHL,HKG,830250
2830527,43,97,8735,2003,5335722.0,143745.0,0.579431,2.773139,CHN,HKG,830250
2830528,49,97,8735,2003,0.0,4038.0,0.218336,0.376869,COL,HKG,830250
2830529,52,97,8735,2003,0.0,5301.0,-0.193904,-0.5049680000000001,CRI,HKG,830250
2830530,58,97,8735,2003,0.0,6311.0,0.259992,0.068914,CYP,HKG,830250
2830531,59,97,8735,2003,0.0,247456.0,1.555749,0.8662059999999999,CZE,HKG,830250
2830532,61,97,8735,2003,81137.0,365215.0,2.2821919999999998,-2.0985150000000004,DEU,HKG,830250
2830533,64,97,8735,2003,0.0,5385.0,1.309564,1.245596,DNK,HKG,830250
2830534,65,97,8735,2003,0.0,4581.0,-0.46264399999999994,-0.245034,DOM,HKG,830250
2830535,66,97,8735,2003,0.0,4820.0,-1.060727,-1.142594,DZA,HKG,830250
2830536,67,97,8735,2003,0.0,4973.0,-0.8689370000000001,-0.889767,ECU,HKG,830250
2830537,71,97,8735,2003,72345.0,10323.0,0.960684,2.074792,ESP,HKG,830250
2830538,74,97,8735,2003,0.0,12131.0,2.077889,0.942501,FIN,HKG,830250
2830539,75,97,8735,2003,0.0,1636.0,-0.6865640000000001,-0.326977,FJI,HKG,830250
2830540,77,97,8735,2003,35456.0,46800.0,1.606606,0.7394149999999999,FRA,HKG,830250
2830541,81,97,8735,2003,32117.0,352109.0,1.8712540000000002,0.706205,GBR,HKG,830250
2830542,83,97,8735,2003,0.0,9108.0,-1.074188,-0.7127319999999999,GHA,HKG,830250
2830543,90,97,8735,2003,0.0,21944.0,0.364688,1.4823959999999998,GRC,HKG,830250
2830544,93,97,8735,2003,0.0,2188.0,-0.444162,0.145319,GTM,HKG,830250
2830545,103,97,8735,2003,7317.0,31731.0,-0.16802,1.7252990000000001,IDN,HKG,830250
2830546,104,97,8735,2003,0.0,4956.0,0.33014099999999996,2.836003,IND,HKG,830250
2830547,106,97,8735,2003,0.0,4256.0,1.6396130000000002,0.220599,IRL,HKG,830250
2830548,107,97,8735,2003,0.0,1555.0,-0.552146,-0.8668520000000001,IRN,HKG,830250
2830549,110,97,8735,2003,0.0,19845.0,1.157809,0.682195,ISR,HKG,830250
2830550,111,97,8735,2003,59468.0,20679.0,1.399734,1.044608,ITA,HKG,830250
2830551,114,97,8735,2003,671034.0,69341.0,2.4686630000000003,0.48072600000000004,JPN,HKG,830250
2830552,121,97,8735,2003,9022.0,11083.0,1.2611709999999998,0.956308,KOR,HKG,830250
2830553,122,97,8735,2003,0.0,11205.0,-0.7943640000000001,-1.1529770000000001,KWT,HKG,830250
2830554,124,97,8735,2003,0.0,6436.0,0.261687,1.053856,LBN,HKG,830250
2830555,132,97,8735,2003,0.0,11880.0,0.520772,0.5631689999999999,LVA,HKG,830250
2830556,133,97,8735,2003,6905.0,19632.0,-0.294516,-0.413828,MAC,HKG,830250
2830557,134,97,8735,2003,0.0,5101.0,-0.6842050000000001,-0.217892,MAR,HKG,830250
2830558,138,97,8735,2003,0.0,6618.0,0.862509,0.756684,MEX,HKG,830250
2830559,151,97,8735,2003,0.0,6286.0,-0.361514,-0.29839899999999997,MUS,HKG,830250
2830560,153,97,8735,2003,205586.0,312872.0,0.728804,0.2168,MYS,HKG,830250
2830561,162,97,8735,2003,0.0,57167.0,1.168453,1.7085709999999998,NLD,HKG,830250
2830562,163,97,8735,2003,293095.0,4396.0,1.1500620000000001,0.258554,NOR,HKG,830250
2830563,166,97,8735,2003,3237.0,53580.0,0.589619,0.997301,NZL,HKG,830250
2830564,173,97,8735,2003,0.0,1169.0,-0.48627,0.371354,PER,HKG,830250
2830565,174,97,8735,2003,0.0,140851.0,-0.065022,-0.195144,PHL,HKG,830250
2830566,177,97,8735,2003,0.0,23300.0,0.966622,1.664838,POL,HKG,830250
2830567,183,97,8735,2003,0.0,1425.0,-0.209042,-1.0565799999999999,QAT,HKG,830250
2830568,185,97,8735,2003,0.0,10510.0,0.378379,1.0064620000000002,ROU,HKG,830250
2830569,188,97,8735,2003,0.0,65316.0,0.202286,-0.714691,SAU,HKG,830250
2830570,192,97,8735,2003,433464.0,14252.0,1.5080799999999999,0.720337,SGP,HKG,830250
2830571,208,97,8735,2003,3160.0,43270.0,2.099224,0.799982,SWE,HKG,830250
2830572,212,97,8735,2003,0.0,6728.0,-0.868749,-0.326322,SYR,HKG,830250
2830573,216,97,8735,2003,3866.0,8710.0,0.43010699999999996,1.607408,THA,HKG,830250
2830574,224,97,8735,2003,0.0,12272.0,0.192802,1.9855060000000002,TUR,HKG,830250
2830575,226,97,8735,2003,0.0,1205.0,-1.225217,-0.43662399999999996,TZA,HKG,830250
2830576,228,97,8735,2003,0.0,641.0,0.8929389999999999,0.956685,UKR,HKG,830250
2830577,230,97,8735,2003,0.0,6431.0,0.19792200000000001,0.243104,URY,HKG,830250
2830578,231,97,8735,2003,75453.0,1833769.0,1.7789220000000001,0.064028,USA,HKG,830250
2830579,236,97,8735,2003,0.0,12500.0,0.277805,-0.783697,VEN,HKG,830250
2830580,246,97,8735,2003,0.0,19227.0,0.477987,2.255395,ZAF,HKG,830250
2830581,249,97,8735,2003,166307.0,8204.0,1.5924040000000002,1.397843,TWN,HKG,830250
2830582,250,97,8735,2003,0.0,3023.0,0.45951499999999995,-0.2312,ANS,HKG,830250
2830583,32,99,8735,2003,5286.0,0.0,0.660576,1.118876,BRA,HND,830250
2830584,43,99,8735,2003,3920.0,0.0,0.579431,2.773139,CHN,HND,830250
2830585,49,99,8735,2003,3316.0,0.0,0.218336,0.376869,COL,HND,830250
2830586,52,99,8735,2003,1708.0,4651.0,-0.193904,-0.5049680000000001,CRI,HND,830250
2830587,61,99,8735,2003,7662.0,0.0,2.2821919999999998,-2.0985150000000004,DEU,HND,830250
2830588,71,99,8735,2003,10134.0,0.0,0.960684,2.074792,ESP,HND,830250
2830589,93,99,8735,2003,1556.0,0.0,-0.444162,0.145319,GTM,HND,830250
2830590,138,99,8735,2003,8762.0,0.0,0.862509,0.756684,MEX,HND,830250
2830591,160,99,8735,2003,0.0,2479.0,-0.8661459999999999,-0.8661690000000001,NIC,HND,830250
2830592,169,99,8735,2003,5884.0,0.0,-0.050386,-0.039619999999999995,PAN,HND,830250
2830593,231,99,8735,2003,38289.0,0.0,1.7789220000000001,0.064028,USA,HND,830250
2830594,249,99,8735,2003,13991.0,0.0,1.5924040000000002,1.397843,TWN,HND,830250
2830595,14,103,8735,2003,91837.0,45818.0,0.316879,0.9409489999999999,AUS,IDN,830250
2830596,32,103,8735,2003,0.0,1483.0,0.660576,1.118876,BRA,IDN,830250
2830597,39,103,8735,2003,3080.0,61746.0,0.9791540000000001,1.185081,CAN,IDN,830250
2830598,43,103,8735,2003,132621.0,0.0,0.579431,2.773139,CHN,IDN,830250
2830599,61,103,8735,2003,901.0,43377.0,2.2821919999999998,-2.0985150000000004,DEU,IDN,830250
2830600,77,103,8735,2003,0.0,5173.0,1.606606,0.7394149999999999,FRA,IDN,830250
2830601,81,103,8735,2003,0.0,15484.0,1.8712540000000002,0.706205,GBR,IDN,830250
2830602,97,103,8735,2003,31731.0,7317.0,0.494569,2.147062,HKG,IDN,830250
2830603,111,103,8735,2003,4191.0,1290.0,1.399734,1.044608,ITA,IDN,830250
2830604,114,103,8735,2003,220721.0,166360.0,2.4686630000000003,0.48072600000000004,JPN,IDN,830250
2830605,121,103,8735,2003,5236.0,0.0,1.2611709999999998,0.956308,KOR,IDN,830250
2830606,138,103,8735,2003,0.0,1449.0,0.862509,0.756684,MEX,IDN,830250
2830607,153,103,8735,2003,42487.0,10318.0,0.728804,0.2168,MYS,IDN,830250
2830608,162,103,8735,2003,0.0,35948.0,1.168453,1.7085709999999998,NLD,IDN,830250
2830609,166,103,8735,2003,0.0,4347.0,0.589619,0.997301,NZL,IDN,830250
2830610,168,103,8735,2003,0.0,1605.0,-0.6659689999999999,0.137924,PAK,IDN,830250
2830611,188,103,8735,2003,0.0,4191.0,0.202286,-0.714691,SAU,IDN,830250
2830612,192,103,8735,2003,48381.0,0.0,1.5080799999999999,0.720337,SGP,IDN,830250
2830613,208,103,8735,2003,0.0,1199.0,2.099224,0.799982,SWE,IDN,830250
2830614,216,103,8735,2003,1394.0,0.0,0.43010699999999996,1.607408,THA,IDN,830250
2830615,231,103,8735,2003,23911.0,616388.0,1.7789220000000001,0.064028,USA,IDN,830250
2830616,239,103,8735,2003,0.0,982.0,-0.633985,0.659696,VNM,IDN,830250
2830617,246,103,8735,2003,3453.0,0.0,0.477987,2.255395,ZAF,IDN,830250
2830618,249,103,8735,2003,26224.0,0.0,1.5924040000000002,1.397843,TWN,IDN,830250
2830619,7,104,8735,2003,2601.0,36721.0,0.049637,-0.502691,ARE,IND,830250
2830620,8,104,8735,2003,0.0,10286.0,0.302073,0.49069700000000005,ARG,IND,830250
2830621,14,104,8735,2003,5402.0,122109.0,0.316879,0.9409489999999999,AUS,IND,830250
2830622,15,104,8735,2003,0.0,8724.0,1.834977,0.408096,AUT,IND,830250
2830623,18,104,8735,2003,51849.0,105667.0,1.361682,1.39536,BEL,IND,830250
2830624,24,104,8735,2003,0.0,3496.0,-0.10968800000000001,-1.041032,BHR,IND,830250
2830625,39,104,8735,2003,0.0,105205.0,0.9791540000000001,1.185081,CAN,IND,830250
2830626,41,104,8735,2003,619.0,5290.0,2.151037,0.711217,CHE,IND,830250
2830627,42,104,8735,2003,0.0,1263.0,-0.06375900000000001,-0.156808,CHL,IND,830250
2830628,43,104,8735,2003,25926.0,1968.0,0.579431,2.773139,CHN,IND,830250
2830629,58,104,8735,2003,0.0,1317.0,0.259992,0.068914,CYP,IND,830250
2830630,59,104,8735,2003,0.0,2397.0,1.555749,0.8662059999999999,CZE,IND,830250
2830631,61,104,8735,2003,53719.0,150650.0,2.2821919999999998,-2.0985150000000004,DEU,IND,830250
2830632,64,104,8735,2003,24788.0,22835.0,1.309564,1.245596,DNK,IND,830250
2830633,66,104,8735,2003,0.0,3238.0,-1.060727,-1.142594,DZA,IND,830250
2830634,67,104,8735,2003,0.0,1149.0,-0.8689370000000001,-0.889767,ECU,IND,830250
2830635,71,104,8735,2003,0.0,101810.0,0.960684,2.074792,ESP,IND,830250
2830636,74,104,8735,2003,0.0,27669.0,2.077889,0.942501,FIN,IND,830250
2830637,77,104,8735,2003,2884.0,201509.0,1.606606,0.7394149999999999,FRA,IND,830250
2830638,78,104,8735,2003,0.0,318.0,-0.46422299999999994,-0.8072050000000001,FRO,IND,830250
2830639,81,104,8735,2003,8980.0,505660.0,1.8712540000000002,0.706205,GBR,IND,830250
2830640,90,104,8735,2003,0.0,8017.0,0.364688,1.4823959999999998,GRC,IND,830250
2830641,97,104,8735,2003,4956.0,0.0,0.494569,2.147062,HKG,IND,830250
2830642,102,104,8735,2003,0.0,3027.0,1.2003270000000001,1.091407,HUN,IND,830250
2830643,106,104,8735,2003,0.0,48621.0,1.6396130000000002,0.220599,IRL,IND,830250
2830644,109,104,8735,2003,0.0,795.0,0.21902800000000003,-0.40818499999999996,ISL,IND,830250
2830645,110,104,8735,2003,0.0,10897.0,1.157809,0.682195,ISR,IND,830250
2830646,111,104,8735,2003,17954.0,38177.0,1.399734,1.044608,ITA,IND,830250
2830647,114,104,8735,2003,78483.0,44647.0,2.4686630000000003,0.48072600000000004,JPN,IND,830250
2830648,116,104,8735,2003,0.0,13209.0,-0.3531,0.582992,KEN,IND,830250
2830649,121,104,8735,2003,527098.0,1242.0,1.2611709999999998,0.956308,KOR,IND,830250
2830650,122,104,8735,2003,0.0,4344.0,-0.7943640000000001,-1.1529770000000001,KWT,IND,830250
2830651,128,104,8735,2003,0.0,7674.0,-0.618057,0.101931,LKA,IND,830250
2830652,134,104,8735,2003,0.0,4264.0,-0.6842050000000001,-0.217892,MAR,IND,830250
2830653,137,104,8735,2003,0.0,4147.0,-1.201352,-1.031892,MDV,IND,830250
2830654,138,104,8735,2003,0.0,4790.0,0.862509,0.756684,MEX,IND,830250
2830655,151,104,8735,2003,0.0,4340.0,-0.361514,-0.29839899999999997,MUS,IND,830250
2830656,153,104,8735,2003,5955.0,4293.0,0.728804,0.2168,MYS,IND,830250
2830657,162,104,8735,2003,5281.0,249746.0,1.168453,1.7085709999999998,NLD,IND,830250
2830658,163,104,8735,2003,0.0,8026.0,1.1500620000000001,0.258554,NOR,IND,830250
2830659,164,104,8735,2003,0.0,2927.0,-0.26353899999999997,1.351717,NPL,IND,830250
2830660,166,104,8735,2003,0.0,80095.0,0.589619,0.997301,NZL,IND,830250
2830661,167,104,8735,2003,0.0,5233.0,-1.434873,-1.188123,OMN,IND,830250
2830662,176,104,8735,2003,0.0,1171.0,-1.7997330000000002,-1.2110049999999999,PNG,IND,830250
2830663,179,104,8735,2003,0.0,5074.0,0.471376,1.647303,PRT,IND,830250
2830664,183,104,8735,2003,0.0,11846.0,-0.209042,-1.0565799999999999,QAT,IND,830250
2830665,186,104,8735,2003,0.0,5875.0,1.072729,0.338355,RUS,IND,830250
2830666,188,104,8735,2003,0.0,25251.0,0.202286,-0.714691,SAU,IND,830250
2830667,190,104,8735,2003,0.0,4437.0,-1.3535059999999999,-1.1701409999999999,SDN,IND,830250
2830668,192,104,8735,2003,31082.0,1092.0,1.5080799999999999,0.720337,SGP,IND,830250
2830669,207,104,8735,2003,0.0,655.0,1.6459840000000001,1.014191,SVN,IND,830250
2830670,208,104,8735,2003,206528.0,236557.0,2.099224,0.799982,SWE,IND,830250
2830671,216,104,8735,2003,20588.0,0.0,0.43010699999999996,1.607408,THA,IND,830250
2830672,223,104,8735,2003,0.0,4508.0,-0.14845999999999998,0.255092,TUN,IND,830250
2830673,224,104,8735,2003,0.0,5151.0,0.192802,1.9855060000000002,TUR,IND,830250
2830674,226,104,8735,2003,0.0,5108.0,-1.225217,-0.43662399999999996,TZA,IND,830250
2830675,227,104,8735,2003,0.0,2718.0,-0.895193,-0.712039,UGA,IND,830250
2830676,231,104,8735,2003,29522.0,2409982.0,1.7789220000000001,0.064028,USA,IND,830250
2830677,236,104,8735,2003,0.0,900.0,0.277805,-0.783697,VEN,IND,830250
2830678,246,104,8735,2003,0.0,7454.0,0.477987,2.255395,ZAF,IND,830250
2830679,249,104,8735,2003,2332.0,2959.0,1.5924040000000002,1.397843,TWN,IND,830250
2830680,14,106,8735,2003,0.0,19185.0,0.316879,0.9409489999999999,AUS,IRL,830250
2830681,15,106,8735,2003,89914.0,0.0,1.834977,0.408096,AUT,IRL,830250
2830682,18,106,8735,2003,4057.0,59787.0,1.361682,1.39536,BEL,IRL,830250
2830683,39,106,8735,2003,9330.0,9641.0,0.9791540000000001,1.185081,CAN,IRL,830250
2830684,42,106,8735,2003,0.0,1225.0,-0.06375900000000001,-0.156808,CHL,IRL,830250
2830685,43,106,8735,2003,11000.0,0.0,0.579431,2.773139,CHN,IRL,830250
2830686,58,106,8735,2003,0.0,3165.0,0.259992,0.068914,CYP,IRL,830250
2830687,61,106,8735,2003,72210.0,103730.0,2.2821919999999998,-2.0985150000000004,DEU,IRL,830250
2830688,64,106,8735,2003,5544.0,0.0,1.309564,1.245596,DNK,IRL,830250
2830689,71,106,8735,2003,10288.0,22008.0,0.960684,2.074792,ESP,IRL,830250
2830690,77,106,8735,2003,6598.0,0.0,1.606606,0.7394149999999999,FRA,IRL,830250
2830691,81,106,8735,2003,1026404.0,267483.0,1.8712540000000002,0.706205,GBR,IRL,830250
2830692,97,106,8735,2003,4256.0,0.0,0.494569,2.147062,HKG,IRL,830250
2830693,102,106,8735,2003,0.0,27986.0,1.2003270000000001,1.091407,HUN,IRL,830250
2830694,104,106,8735,2003,48621.0,0.0,0.33014099999999996,2.836003,IND,IRL,830250
2830695,109,106,8735,2003,0.0,2808.0,0.21902800000000003,-0.40818499999999996,ISL,IRL,830250
2830696,111,106,8735,2003,39216.0,0.0,1.399734,1.044608,ITA,IRL,830250
2830697,114,106,8735,2003,4085.0,0.0,2.4686630000000003,0.48072600000000004,JPN,IRL,830250
2830698,121,106,8735,2003,0.0,1461.0,1.2611709999999998,0.956308,KOR,IRL,830250
2830699,153,106,8735,2003,0.0,3647.0,0.728804,0.2168,MYS,IRL,830250
2830700,162,106,8735,2003,31085.0,0.0,1.168453,1.7085709999999998,NLD,IRL,830250
2830701,163,106,8735,2003,3774.0,0.0,1.1500620000000001,0.258554,NOR,IRL,830250
2830702,166,106,8735,2003,0.0,1514.0,0.589619,0.997301,NZL,IRL,830250
2830703,177,106,8735,2003,5724.0,1039.0,0.966622,1.664838,POL,IRL,830250
2830704,192,106,8735,2003,1174.0,7947.0,1.5080799999999999,0.720337,SGP,IRL,830250
2830705,207,106,8735,2003,0.0,10852.0,1.6459840000000001,1.014191,SVN,IRL,830250
2830706,208,106,8735,2003,119846.0,0.0,2.099224,0.799982,SWE,IRL,830250
2830707,216,106,8735,2003,0.0,6675.0,0.43010699999999996,1.607408,THA,IRL,830250
2830708,224,106,8735,2003,4255.0,0.0,0.192802,1.9855060000000002,TUR,IRL,830250
2830709,231,106,8735,2003,608018.0,12495.0,1.7789220000000001,0.064028,USA,IRL,830250
2830710,246,106,8735,2003,27646.0,0.0,0.477987,2.255395,ZAF,IRL,830250
2830711,249,106,8735,2003,40822.0,0.0,1.5924040000000002,1.397843,TWN,IRL,830250
2830712,8,110,8735,2003,944.0,0.0,0.302073,0.49069700000000005,ARG,ISR,830250
2830713,14,110,8735,2003,0.0,3633.0,0.316879,0.9409489999999999,AUS,ISR,830250
2830714,15,110,8735,2003,3507.0,0.0,1.834977,0.408096,AUT,ISR,830250
2830715,39,110,8735,2003,2707.0,49422.0,0.9791540000000001,1.185081,CAN,ISR,830250
2830716,43,110,8735,2003,53069.0,0.0,0.579431,2.773139,CHN,ISR,830250
2830717,58,110,8735,2003,0.0,47067.0,0.259992,0.068914,CYP,ISR,830250
2830718,61,110,8735,2003,18168.0,13516.0,2.2821919999999998,-2.0985150000000004,DEU,ISR,830250
2830719,64,110,8735,2003,2844.0,0.0,1.309564,1.245596,DNK,ISR,830250
2830720,71,110,8735,2003,9429.0,4222.0,0.960684,2.074792,ESP,ISR,830250
2830721,77,110,8735,2003,917.0,10470.0,1.606606,0.7394149999999999,FRA,ISR,830250
2830722,81,110,8735,2003,60068.0,0.0,1.8712540000000002,0.706205,GBR,ISR,830250
2830723,90,110,8735,2003,18196.0,0.0,0.364688,1.4823959999999998,GRC,ISR,830250
2830724,97,110,8735,2003,19845.0,0.0,0.494569,2.147062,HKG,ISR,830250
2830725,104,110,8735,2003,10897.0,0.0,0.33014099999999996,2.836003,IND,ISR,830250
2830726,111,110,8735,2003,17460.0,0.0,1.399734,1.044608,ITA,ISR,830250
2830727,121,110,8735,2003,3802.0,0.0,1.2611709999999998,0.956308,KOR,ISR,830250
2830728,162,110,8735,2003,37285.0,58954.0,1.168453,1.7085709999999998,NLD,ISR,830250
2830729,185,110,8735,2003,0.0,1527.0,0.378379,1.0064620000000002,ROU,ISR,830250
2830730,208,110,8735,2003,192269.0,0.0,2.099224,0.799982,SWE,ISR,830250
2830731,216,110,8735,2003,6996.0,0.0,0.43010699999999996,1.607408,THA,ISR,830250
2830732,224,110,8735,2003,41854.0,0.0,0.192802,1.9855060000000002,TUR,ISR,830250
2830733,228,110,8735,2003,0.0,7012.0,0.8929389999999999,0.956685,UKR,ISR,830250
2830734,231,110,8735,2003,53187.0,6714948.0,1.7789220000000001,0.064028,USA,ISR,830250
2830735,246,110,8735,2003,0.0,796.0,0.477987,2.255395,ZAF,ISR,830250
2830736,249,110,8735,2003,30465.0,0.0,1.5924040000000002,1.397843,TWN,ISR,830250
2830737,4,111,8735,2003,4895.0,2435.0,-0.053595000000000004,0.166034,ALB,ITA,830250
2830738,7,111,8735,2003,0.0,56267.0,0.049637,-0.502691,ARE,ITA,830250
2830739,8,111,8735,2003,3929.0,32794.0,0.302073,0.49069700000000005,ARG,ITA,830250
2830740,9,111,8735,2003,0.0,5310.0,0.497521,-0.305788,ARM,ITA,830250
2830741,14,111,8735,2003,0.0,33156.0,0.316879,0.9409489999999999,AUS,ITA,830250
2830742,15,111,8735,2003,668380.0,770036.0,1.834977,0.408096,AUT,ITA,830250
2830743,18,111,8735,2003,84385.0,214017.0,1.361682,1.39536,BEL,ITA,830250
2830744,23,111,8735,2003,0.0,5619.0,0.43308599999999997,1.7104099999999998,BGR,ITA,830250
2830745,24,111,8735,2003,0.0,7158.0,-0.10968800000000001,-1.041032,BHR,ITA,830250
2830746,26,111,8735,2003,1920.0,831161.0,0.195667,0.347011,BIH,ITA,830250
2830747,28,111,8735,2003,0.0,11454.0,0.847358,0.9307719999999999,BLR,ITA,830250
2830748,32,111,8735,2003,34355.0,197260.0,0.660576,1.118876,BRA,ITA,830250
2830749,33,111,8735,2003,0.0,2328.0,0.744166,0.074191,BRB,ITA,830250
2830750,34,111,8735,2003,0.0,943.0,-1.342738,-0.978633,BRN,ITA,830250
2830751,39,111,8735,2003,9002.0,17695.0,0.9791540000000001,1.185081,CAN,ITA,830250
2830752,41,111,8735,2003,14482.0,146705.0,2.151037,0.711217,CHE,ITA,830250
2830753,42,111,8735,2003,0.0,17263.0,-0.06375900000000001,-0.156808,CHL,ITA,830250
2830754,43,111,8735,2003,1625284.0,45493.0,0.579431,2.773139,CHN,ITA,830250
2830755,44,111,8735,2003,0.0,3434.0,-0.699928,-0.723739,CIV,ITA,830250
2830756,49,111,8735,2003,0.0,38483.0,0.218336,0.376869,COL,ITA,830250
2830757,52,111,8735,2003,0.0,9505.0,-0.193904,-0.5049680000000001,CRI,ITA,830250
2830758,54,111,8735,2003,0.0,3431.0,-0.391515,-0.8562120000000001,CUB,ITA,830250
2830759,58,111,8735,2003,0.0,75996.0,0.259992,0.068914,CYP,ITA,830250
2830760,59,111,8735,2003,17252.0,60926.0,1.555749,0.8662059999999999,CZE,ITA,830250
2830761,61,111,8735,2003,1280987.0,1858040.0,2.2821919999999998,-2.0985150000000004,DEU,ITA,830250
2830762,64,111,8735,2003,0.0,44256.0,1.309564,1.245596,DNK,ITA,830250
2830763,65,111,8735,2003,0.0,3832.0,-0.46264399999999994,-0.245034,DOM,ITA,830250
2830764,66,111,8735,2003,0.0,103204.0,-1.060727,-1.142594,DZA,ITA,830250
2830765,67,111,8735,2003,0.0,55460.0,-0.8689370000000001,-0.889767,ECU,ITA,830250
2830766,68,111,8735,2003,1929.0,63506.0,-0.292923,0.465433,EGY,ITA,830250
2830767,71,111,8735,2003,293564.0,1242936.0,0.960684,2.074792,ESP,ITA,830250
2830768,72,111,8735,2003,0.0,1094.0,0.5913010000000001,0.8489979999999999,EST,ITA,830250
2830769,74,111,8735,2003,0.0,44072.0,2.077889,0.942501,FIN,ITA,830250
2830770,77,111,8735,2003,213337.0,2974074.0,1.606606,0.7394149999999999,FRA,ITA,830250
2830771,78,111,8735,2003,0.0,264.0,-0.46422299999999994,-0.8072050000000001,FRO,ITA,830250
2830772,81,111,8735,2003,642278.0,528629.0,1.8712540000000002,0.706205,GBR,ITA,830250
2830773,90,111,8735,2003,1561.0,322902.0,0.364688,1.4823959999999998,GRC,ITA,830250
2830774,93,111,8735,2003,0.0,5603.0,-0.444162,0.145319,GTM,ITA,830250
2830775,97,111,8735,2003,20679.0,59468.0,0.494569,2.147062,HKG,ITA,830250
2830776,100,111,8735,2003,0.0,89388.0,0.568394,1.230759,HRV,ITA,830250
2830777,102,111,8735,2003,11676.0,87183.0,1.2003270000000001,1.091407,HUN,ITA,830250
2830778,103,111,8735,2003,1290.0,4191.0,-0.16802,1.7252990000000001,IDN,ITA,830250
2830779,104,111,8735,2003,38177.0,17954.0,0.33014099999999996,2.836003,IND,ITA,830250
2830780,106,111,8735,2003,0.0,39216.0,1.6396130000000002,0.220599,IRL,ITA,830250
2830781,107,111,8735,2003,0.0,33541.0,-0.552146,-0.8668520000000001,IRN,ITA,830250
2830782,109,111,8735,2003,0.0,20445.0,0.21902800000000003,-0.40818499999999996,ISL,ITA,830250
2830783,110,111,8735,2003,0.0,17460.0,1.157809,0.682195,ISR,ITA,830250
2830784,113,111,8735,2003,0.0,5149.0,0.12295,0.377031,JOR,ITA,830250
2830785,114,111,8735,2003,29922.0,60434.0,2.4686630000000003,0.48072600000000004,JPN,ITA,830250
2830786,115,111,8735,2003,0.0,7833.0,-0.156326,-0.62092,KAZ,ITA,830250
2830787,116,111,8735,2003,0.0,1242.0,-0.3531,0.582992,KEN,ITA,830250
2830788,121,111,8735,2003,22058.0,28561.0,1.2611709999999998,0.956308,KOR,ITA,830250
2830789,122,111,8735,2003,0.0,126058.0,-0.7943640000000001,-1.1529770000000001,KWT,ITA,830250
2830790,124,111,8735,2003,0.0,110174.0,0.261687,1.053856,LBN,ITA,830250
2830791,126,111,8735,2003,0.0,63454.0,-0.36075999999999997,-1.110575,LBY,ITA,830250
2830792,128,111,8735,2003,0.0,95639.0,-0.618057,0.101931,LKA,ITA,830250
2830793,130,111,8735,2003,0.0,130395.0,0.239608,0.517299,LTU,ITA,830250
2830794,131,111,8735,2003,0.0,4286.0,1.444996,1.063764,LUX,ITA,830250
2830795,132,111,8735,2003,0.0,15795.0,0.520772,0.5631689999999999,LVA,ITA,830250
2830796,134,111,8735,2003,0.0,16396.0,-0.6842050000000001,-0.217892,MAR,ITA,830250
2830797,135,111,8735,2003,0.0,3244.0,-0.005154,-0.26107199999999997,MDA,ITA,830250
2830798,136,111,8735,2003,0.0,834.0,-1.254758,-0.622696,MDG,ITA,830250
2830799,138,111,8735,2003,0.0,45539.0,0.862509,0.756684,MEX,ITA,830250
2830800,140,111,8735,2003,0.0,20302.0,-0.017632,0.225394,MKD,ITA,830250
2830801,142,111,8735,2003,0.0,13197.0,1.2138149999999999,-0.015687,MLT,ITA,830250
2830802,151,111,8735,2003,0.0,5571.0,-0.361514,-0.29839899999999997,MUS,ITA,830250
2830803,153,111,8735,2003,60160.0,56237.0,0.728804,0.2168,MYS,ITA,830250
2830804,156,111,8735,2003,0.0,12577.0,-0.344934,-0.776632,NCL,ITA,830250
2830805,157,111,8735,2003,0.0,2134.0,-0.199296,-0.578264,NER,ITA,830250
2830806,159,111,8735,2003,0.0,164185.0,-1.859176,-1.234236,NGA,ITA,830250
2830807,162,111,8735,2003,593915.0,214378.0,1.168453,1.7085709999999998,NLD,ITA,830250
2830808,163,111,8735,2003,0.0,75885.0,1.1500620000000001,0.258554,NOR,ITA,830250
2830809,166,111,8735,2003,0.0,44030.0,0.589619,0.997301,NZL,ITA,830250
2830810,167,111,8735,2003,0.0,27209.0,-1.434873,-1.188123,OMN,ITA,830250
2830811,168,111,8735,2003,0.0,21091.0,-0.6659689999999999,0.137924,PAK,ITA,830250
2830812,169,111,8735,2003,0.0,61645.0,-0.050386,-0.039619999999999995,PAN,ITA,830250
2830813,173,111,8735,2003,0.0,9506.0,-0.48627,0.371354,PER,ITA,830250
2830814,174,111,8735,2003,3319.0,16500.0,-0.065022,-0.195144,PHL,ITA,830250
2830815,177,111,8735,2003,12658.0,288546.0,0.966622,1.664838,POL,ITA,830250
2830816,179,111,8735,2003,184698.0,67265.0,0.471376,1.647303,PRT,ITA,830250
2830817,182,111,8735,2003,0.0,1386.0,-0.255707,-0.676557,PYF,ITA,830250
2830818,183,111,8735,2003,0.0,62193.0,-0.209042,-1.0565799999999999,QAT,ITA,830250
2830819,185,111,8735,2003,17684.0,174719.0,0.378379,1.0064620000000002,ROU,ITA,830250
2830820,186,111,8735,2003,6036.0,167610.0,1.072729,0.338355,RUS,ITA,830250
2830821,188,111,8735,2003,0.0,58732.0,0.202286,-0.714691,SAU,ITA,830250
2830822,189,111,8735,2003,0.0,1384.0,0.575326,1.627894,SCG,ITA,830250
2830823,191,111,8735,2003,0.0,20301.0,-0.25203600000000004,-0.25549299999999997,SEN,ITA,830250
2830824,192,111,8735,2003,0.0,65682.0,1.5080799999999999,0.720337,SGP,ITA,830250
2830825,197,111,8735,2003,0.0,83190.0,-0.251357,-0.189917,SLV,ITA,830250
2830826,206,111,8735,2003,55797.0,11031.0,1.22565,0.915518,SVK,ITA,830250
2830827,207,111,8735,2003,86711.0,55508.0,1.6459840000000001,1.014191,SVN,ITA,830250
2830828,208,111,8735,2003,44564.0,28379.0,2.099224,0.799982,SWE,ITA,830250
2830829,211,111,8735,2003,0.0,8958.0,-0.44341099999999994,-0.742566,SYC,ITA,830250
2830830,216,111,8735,2003,0.0,67700.0,0.43010699999999996,1.607408,THA,ITA,830250
2830831,222,111,8735,2003,0.0,1532.0,-0.16738,-0.9820969999999999,TTO,ITA,830250
2830832,223,111,8735,2003,0.0,83347.0,-0.14845999999999998,0.255092,TUN,ITA,830250
2830833,224,111,8735,2003,393761.0,399697.0,0.192802,1.9855060000000002,TUR,ITA,830250
2830834,227,111,8735,2003,0.0,4233.0,-0.895193,-0.712039,UGA,ITA,830250
2830835,228,111,8735,2003,0.0,11180.0,0.8929389999999999,0.956685,UKR,ITA,830250
2830836,230,111,8735,2003,0.0,2815.0,0.19792200000000001,0.243104,URY,ITA,830250
2830837,231,111,8735,2003,41897.0,632937.0,1.7789220000000001,0.064028,USA,ITA,830250
2830838,236,111,8735,2003,0.0,11870.0,0.277805,-0.783697,VEN,ITA,830250
2830839,239,111,8735,2003,10748.0,0.0,-0.633985,0.659696,VNM,ITA,830250
2830840,246,111,8735,2003,0.0,20692.0,0.477987,2.255395,ZAF,ITA,830250
2830841,249,111,8735,2003,326465.0,36515.0,1.5924040000000002,1.397843,TWN,ITA,830250
2830842,39,112,8735,2003,13462.0,0.0,0.9791540000000001,1.185081,CAN,JAM,830250
2830843,43,112,8735,2003,3562.0,0.0,0.579431,2.773139,CHN,JAM,830250
2830844,61,112,8735,2003,968.0,0.0,2.2821919999999998,-2.0985150000000004,DEU,JAM,830250
2830845,71,112,8735,2003,3010.0,0.0,0.960684,2.074792,ESP,JAM,830250
2830846,77,112,8735,2003,2569.0,0.0,1.606606,0.7394149999999999,FRA,JAM,830250
2830847,81,112,8735,2003,8909.0,0.0,1.8712540000000002,0.706205,GBR,JAM,830250
2830848,127,112,8735,2003,0.0,1723.0,0.318385,-0.342679,LCA,JAM,830250
2830849,169,112,8735,2003,3169.0,0.0,-0.050386,-0.039619999999999995,PAN,JAM,830250
2830850,231,112,8735,2003,64587.0,0.0,1.7789220000000001,0.064028,USA,JAM,830250
2830851,249,112,8735,2003,5770.0,0.0,1.5924040000000002,1.397843,TWN,JAM,830250
2830852,7,114,8735,2003,0.0,164657.0,0.049637,-0.502691,ARE,JPN,830250
2830853,8,114,8735,2003,0.0,1775.0,0.302073,0.49069700000000005,ARG,JPN,830250
2830854,14,114,8735,2003,51121.0,420263.0,0.316879,0.9409489999999999,AUS,JPN,830250
2830855,15,114,8735,2003,33086.0,36748.0,1.834977,0.408096,AUT,JPN,830250
2830856,18,114,8735,2003,0.0,22496.0,1.361682,1.39536,BEL,JPN,830250
2830857,34,114,8735,2003,0.0,2536.0,-1.342738,-0.978633,BRN,JPN,830250
2830858,39,114,8735,2003,34778.0,609543.0,0.9791540000000001,1.185081,CAN,JPN,830250
2830859,41,114,8735,2003,10221.0,644076.0,2.151037,0.711217,CHE,JPN,830250
2830860,43,114,8735,2003,6599296.0,2246248.0,0.579431,2.773139,CHN,JPN,830250
2830861,54,114,8735,2003,0.0,1172.0,-0.391515,-0.8562120000000001,CUB,JPN,830250
2830862,58,114,8735,2003,0.0,8587.0,0.259992,0.068914,CYP,JPN,830250
2830863,59,114,8735,2003,1543.0,33281.0,1.555749,0.8662059999999999,CZE,JPN,830250
2830864,61,114,8735,2003,269733.0,379238.0,2.2821919999999998,-2.0985150000000004,DEU,JPN,830250
2830865,64,114,8735,2003,11536.0,0.0,1.309564,1.245596,DNK,JPN,830250
2830866,65,114,8735,2003,0.0,3099.0,-0.46264399999999994,-0.245034,DOM,JPN,830250
2830867,66,114,8735,2003,0.0,1058.0,-1.060727,-1.142594,DZA,JPN,830250
2830868,67,114,8735,2003,0.0,10563.0,-0.8689370000000001,-0.889767,ECU,JPN,830250
2830869,68,114,8735,2003,0.0,7756.0,-0.292923,0.465433,EGY,JPN,830250
2830870,71,114,8735,2003,11014.0,52468.0,0.960684,2.074792,ESP,JPN,830250
2830871,72,114,8735,2003,0.0,5836.0,0.5913010000000001,0.8489979999999999,EST,JPN,830250
2830872,74,114,8735,2003,5245.0,7892.0,2.077889,0.942501,FIN,JPN,830250
2830873,77,114,8735,2003,38559.0,106409.0,1.606606,0.7394149999999999,FRA,JPN,830250
2830874,81,114,8735,2003,89985.0,288221.0,1.8712540000000002,0.706205,GBR,JPN,830250
2830875,90,114,8735,2003,0.0,3613.0,0.364688,1.4823959999999998,GRC,JPN,830250
2830876,95,114,8735,2003,0.0,4820.0,-0.139991,-0.570695,GUM,JPN,830250
2830877,97,114,8735,2003,69341.0,671034.0,0.494569,2.147062,HKG,JPN,830250
2830878,103,114,8735,2003,166360.0,220721.0,-0.16802,1.7252990000000001,IDN,JPN,830250
2830879,104,114,8735,2003,44647.0,78483.0,0.33014099999999996,2.836003,IND,JPN,830250
2830880,106,114,8735,2003,0.0,4085.0,1.6396130000000002,0.220599,IRL,JPN,830250
2830881,107,114,8735,2003,0.0,1812.0,-0.552146,-0.8668520000000001,IRN,JPN,830250
2830882,111,114,8735,2003,60434.0,29922.0,1.399734,1.044608,ITA,JPN,830250
2830883,113,114,8735,2003,0.0,2340.0,0.12295,0.377031,JOR,JPN,830250
2830884,115,114,8735,2003,0.0,905.0,-0.156326,-0.62092,KAZ,JPN,830250
2830885,121,114,8735,2003,637362.0,143674.0,1.2611709999999998,0.956308,KOR,JPN,830250
2830886,122,114,8735,2003,0.0,64208.0,-0.7943640000000001,-1.1529770000000001,KWT,JPN,830250
2830887,124,114,8735,2003,0.0,3060.0,0.261687,1.053856,LBN,JPN,830250
2830888,126,114,8735,2003,0.0,2752.0,-0.36075999999999997,-1.110575,LBY,JPN,830250
2830889,128,114,8735,2003,0.0,3508.0,-0.618057,0.101931,LKA,JPN,830250
2830890,135,114,8735,2003,0.0,2472.0,-0.005154,-0.26107199999999997,MDA,JPN,830250
2830891,137,114,8735,2003,0.0,1609.0,-1.201352,-1.031892,MDV,JPN,830250
2830892,138,114,8735,2003,0.0,142824.0,0.862509,0.756684,MEX,JPN,830250
2830893,145,114,8735,2003,0.0,10038.0,-0.9747620000000001,-1.026308,MNG,JPN,830250
2830894,153,114,8735,2003,336333.0,130473.0,0.728804,0.2168,MYS,JPN,830250
2830895,159,114,8735,2003,0.0,8187.0,-1.859176,-1.234236,NGA,JPN,830250
2830896,162,114,8735,2003,68286.0,71688.0,1.168453,1.7085709999999998,NLD,JPN,830250
2830897,163,114,8735,2003,10834.0,6279.0,1.1500620000000001,0.258554,NOR,JPN,830250
2830898,166,114,8735,2003,0.0,17662.0,0.589619,0.997301,NZL,JPN,830250
2830899,168,114,8735,2003,0.0,1842.0,-0.6659689999999999,0.137924,PAK,JPN,830250
2830900,174,114,8735,2003,124375.0,79042.0,-0.065022,-0.195144,PHL,JPN,830250
2830901,176,114,8735,2003,0.0,1022.0,-1.7997330000000002,-1.2110049999999999,PNG,JPN,830250
2830902,177,114,8735,2003,0.0,17952.0,0.966622,1.664838,POL,JPN,830250
2830903,179,114,8735,2003,11033.0,0.0,0.471376,1.647303,PRT,JPN,830250
2830904,186,114,8735,2003,0.0,56170.0,1.072729,0.338355,RUS,JPN,830250
2830905,188,114,8735,2003,0.0,12179.0,0.202286,-0.714691,SAU,JPN,830250
2830906,192,114,8735,2003,5015.0,375051.0,1.5080799999999999,0.720337,SGP,JPN,830250
2830907,206,114,8735,2003,0.0,3296.0,1.22565,0.915518,SVK,JPN,830250
2830908,207,114,8735,2003,0.0,897.0,1.6459840000000001,1.014191,SVN,JPN,830250
2830909,208,114,8735,2003,8452.0,43341.0,2.099224,0.799982,SWE,JPN,830250
2830910,216,114,8735,2003,270485.0,361865.0,0.43010699999999996,1.607408,THA,JPN,830250
2830911,224,114,8735,2003,0.0,134114.0,0.192802,1.9855060000000002,TUR,JPN,830250
2830912,226,114,8735,2003,0.0,1762.0,-1.225217,-0.43662399999999996,TZA,JPN,830250
2830913,231,114,8735,2003,580536.0,5984620.0,1.7789220000000001,0.064028,USA,JPN,830250
2830914,236,114,8735,2003,0.0,12050.0,0.277805,-0.783697,VEN,JPN,830250
2830915,239,114,8735,2003,140945.0,75463.0,-0.633985,0.659696,VNM,JPN,830250
2830916,246,114,8735,2003,0.0,2677.0,0.477987,2.255395,ZAF,JPN,830250
2830917,249,114,8735,2003,2672028.0,119251.0,1.5924040000000002,1.397843,TWN,JPN,830250
2830918,14,121,8735,2003,6398.0,136386.0,0.316879,0.9409489999999999,AUS,KOR,830250
2830919,15,121,8735,2003,2676.0,0.0,1.834977,0.408096,AUT,KOR,830250
2830920,18,121,8735,2003,0.0,10413.0,1.361682,1.39536,BEL,KOR,830250
2830921,32,121,8735,2003,0.0,4844.0,0.660576,1.118876,BRA,KOR,830250
2830922,39,121,8735,2003,8196.0,16410.0,0.9791540000000001,1.185081,CAN,KOR,830250
2830923,41,121,8735,2003,1677.0,0.0,2.151037,0.711217,CHE,KOR,830250
2830924,42,121,8735,2003,0.0,5740.0,-0.06375900000000001,-0.156808,CHL,KOR,830250
2830925,43,121,8735,2003,670050.0,91204.0,0.579431,2.773139,CHN,KOR,830250
2830926,59,121,8735,2003,0.0,2577.0,1.555749,0.8662059999999999,CZE,KOR,830250
2830927,61,121,8735,2003,59075.0,24717.0,2.2821919999999998,-2.0985150000000004,DEU,KOR,830250
2830928,67,121,8735,2003,0.0,898.0,-0.8689370000000001,-0.889767,ECU,KOR,830250
2830929,71,121,8735,2003,1936.0,1217.0,0.960684,2.074792,ESP,KOR,830250
2830930,74,121,8735,2003,0.0,2195.0,2.077889,0.942501,FIN,KOR,830250
2830931,77,121,8735,2003,114312.0,9723.0,1.606606,0.7394149999999999,FRA,KOR,830250
2830932,81,121,8735,2003,32828.0,62503.0,1.8712540000000002,0.706205,GBR,KOR,830250
2830933,97,121,8735,2003,11083.0,9022.0,0.494569,2.147062,HKG,KOR,830250
2830934,103,121,8735,2003,0.0,5236.0,-0.16802,1.7252990000000001,IDN,KOR,830250
2830935,104,121,8735,2003,1242.0,527098.0,0.33014099999999996,2.836003,IND,KOR,830250
2830936,106,121,8735,2003,1461.0,0.0,1.6396130000000002,0.220599,IRL,KOR,830250
2830937,110,121,8735,2003,0.0,3802.0,1.157809,0.682195,ISR,KOR,830250
2830938,111,121,8735,2003,28561.0,22058.0,1.399734,1.044608,ITA,KOR,830250
2830939,114,121,8735,2003,143674.0,637362.0,2.4686630000000003,0.48072600000000004,JPN,KOR,830250
2830940,116,121,8735,2003,0.0,954.0,-0.3531,0.582992,KEN,KOR,830250
2830941,124,121,8735,2003,0.0,10375.0,0.261687,1.053856,LBN,KOR,830250
2830942,138,121,8735,2003,2822.0,113542.0,0.862509,0.756684,MEX,KOR,830250
2830943,145,121,8735,2003,0.0,2621.0,-0.9747620000000001,-1.026308,MNG,KOR,830250
2830944,153,121,8735,2003,135936.0,9999.0,0.728804,0.2168,MYS,KOR,830250
2830945,162,121,8735,2003,84866.0,17688.0,1.168453,1.7085709999999998,NLD,KOR,830250
2830946,163,121,8735,2003,9569.0,0.0,1.1500620000000001,0.258554,NOR,KOR,830250
2830947,166,121,8735,2003,0.0,33818.0,0.589619,0.997301,NZL,KOR,830250
2830948,173,121,8735,2003,0.0,7791.0,-0.48627,0.371354,PER,KOR,830250
2830949,174,121,8735,2003,0.0,3338.0,-0.065022,-0.195144,PHL,KOR,830250
2830950,186,121,8735,2003,0.0,68257.0,1.072729,0.338355,RUS,KOR,830250
2830951,188,121,8735,2003,0.0,24471.0,0.202286,-0.714691,SAU,KOR,830250
2830952,192,121,8735,2003,21420.0,39434.0,1.5080799999999999,0.720337,SGP,KOR,830250
2830953,208,121,8735,2003,0.0,35008.0,2.099224,0.799982,SWE,KOR,830250
2830954,216,121,8735,2003,8847.0,0.0,0.43010699999999996,1.607408,THA,KOR,830250
2830955,231,121,8735,2003,195460.0,2054012.0,1.7789220000000001,0.064028,USA,KOR,830250
2830956,239,121,8735,2003,0.0,1534.0,-0.633985,0.659696,VNM,KOR,830250
2830957,246,121,8735,2003,0.0,7132.0,0.477987,2.255395,ZAF,KOR,830250
2830958,249,121,8735,2003,21909.0,5248.0,1.5924040000000002,1.397843,TWN,KOR,830250
2830959,15,124,8735,2003,7619.0,0.0,1.834977,0.408096,AUT,LBN,830250
2830960,23,124,8735,2003,1738.0,0.0,0.43308599999999997,1.7104099999999998,BGR,LBN,830250
2830961,32,124,8735,2003,25527.0,0.0,0.660576,1.118876,BRA,LBN,830250
2830962,43,124,8735,2003,33079.0,0.0,0.579431,2.773139,CHN,LBN,830250
2830963,61,124,8735,2003,44679.0,0.0,2.2821919999999998,-2.0985150000000004,DEU,LBN,830250
2830964,71,124,8735,2003,9543.0,0.0,0.960684,2.074792,ESP,LBN,830250
2830965,77,124,8735,2003,72134.0,0.0,1.606606,0.7394149999999999,FRA,LBN,830250
2830966,81,124,8735,2003,2871.0,0.0,1.8712540000000002,0.706205,GBR,LBN,830250
2830967,97,124,8735,2003,6436.0,0.0,0.494569,2.147062,HKG,LBN,830250
2830968,107,124,8735,2003,1687.0,0.0,-0.552146,-0.8668520000000001,IRN,LBN,830250
2830969,111,124,8735,2003,110174.0,0.0,1.399734,1.044608,ITA,LBN,830250
2830970,113,124,8735,2003,0.0,1249.0,0.12295,0.377031,JOR,LBN,830250
2830971,114,124,8735,2003,3060.0,0.0,2.4686630000000003,0.48072600000000004,JPN,LBN,830250
2830972,121,124,8735,2003,10375.0,0.0,1.2611709999999998,0.956308,KOR,LBN,830250
2830973,159,124,8735,2003,0.0,2838.0,-1.859176,-1.234236,NGA,LBN,830250
2830974,162,124,8735,2003,1042.0,0.0,1.168453,1.7085709999999998,NLD,LBN,830250
2830975,174,124,8735,2003,2822.0,0.0,-0.065022,-0.195144,PHL,LBN,830250
2830976,188,124,8735,2003,0.0,65564.0,0.202286,-0.714691,SAU,LBN,830250
2830977,216,124,8735,2003,1182.0,0.0,0.43010699999999996,1.607408,THA,LBN,830250
2830978,224,124,8735,2003,9270.0,0.0,0.192802,1.9855060000000002,TUR,LBN,830250
2830979,231,124,8735,2003,5290.0,0.0,1.7789220000000001,0.064028,USA,LBN,830250
2830980,249,124,8735,2003,13562.0,0.0,1.5924040000000002,1.397843,TWN,LBN,830250
2830981,14,128,8735,2003,1115.0,5348.0,0.316879,0.9409489999999999,AUS,LKA,830250
2830982,43,128,8735,2003,8722.0,0.0,0.579431,2.773139,CHN,LKA,830250
2830983,61,128,8735,2003,26008.0,4394.0,2.2821919999999998,-2.0985150000000004,DEU,LKA,830250
2830984,104,128,8735,2003,7674.0,0.0,0.33014099999999996,2.836003,IND,LKA,830250
2830985,111,128,8735,2003,95639.0,0.0,1.399734,1.044608,ITA,LKA,830250
2830986,114,128,8735,2003,3508.0,0.0,2.4686630000000003,0.48072600000000004,JPN,LKA,830250
2830987,137,128,8735,2003,0.0,8670.0,-1.201352,-1.031892,MDV,LKA,830250
2830988,153,128,8735,2003,7583.0,0.0,0.728804,0.2168,MYS,LKA,830250
2830989,162,128,8735,2003,7084.0,0.0,1.168453,1.7085709999999998,NLD,LKA,830250
2830990,192,128,8735,2003,2938.0,0.0,1.5080799999999999,0.720337,SGP,LKA,830250
2830991,216,128,8735,2003,4510.0,0.0,0.43010699999999996,1.607408,THA,LKA,830250
2830992,249,128,8735,2003,4446.0,0.0,1.5924040000000002,1.397843,TWN,LKA,830250
2830993,8,138,8735,2003,75938.0,0.0,0.302073,0.49069700000000005,ARG,MEX,830250
2830994,14,138,8735,2003,0.0,28904.0,0.316879,0.9409489999999999,AUS,MEX,830250
2830995,15,138,8735,2003,8205.0,0.0,1.834977,0.408096,AUT,MEX,830250
2830996,22,138,8735,2003,0.0,3162.0,-1.168404,-1.035782,BGD,MEX,830250
2830997,32,138,8735,2003,371554.0,3979.0,0.660576,1.118876,BRA,MEX,830250
2830998,39,138,8735,2003,8319.0,122211.0,0.9791540000000001,1.185081,CAN,MEX,830250
2830999,41,138,8735,2003,1182.0,0.0,2.151037,0.711217,CHE,MEX,830250
2831000,42,138,8735,2003,0.0,2739.0,-0.06375900000000001,-0.156808,CHL,MEX,830250
2831001,43,138,8735,2003,405753.0,0.0,0.579431,2.773139,CHN,MEX,830250
2831002,49,138,8735,2003,24994.0,0.0,0.218336,0.376869,COL,MEX,830250
2831003,52,138,8735,2003,0.0,41480.0,-0.193904,-0.5049680000000001,CRI,MEX,830250
2831004,54,138,8735,2003,0.0,6114.0,-0.391515,-0.8562120000000001,CUB,MEX,830250
2831005,59,138,8735,2003,218406.0,0.0,1.555749,0.8662059999999999,CZE,MEX,830250
2831006,61,138,8735,2003,70628.0,4733.0,2.2821919999999998,-2.0985150000000004,DEU,MEX,830250
2831007,64,138,8735,2003,4515.0,0.0,1.309564,1.245596,DNK,MEX,830250
2831008,65,138,8735,2003,0.0,15521.0,-0.46264399999999994,-0.245034,DOM,MEX,830250
2831009,71,138,8735,2003,161518.0,6904.0,0.960684,2.074792,ESP,MEX,830250
2831010,77,138,8735,2003,8044.0,0.0,1.606606,0.7394149999999999,FRA,MEX,830250
2831011,81,138,8735,2003,14567.0,1311.0,1.8712540000000002,0.706205,GBR,MEX,830250
2831012,90,138,8735,2003,840.0,0.0,0.364688,1.4823959999999998,GRC,MEX,830250
2831013,93,138,8735,2003,0.0,26416.0,-0.444162,0.145319,GTM,MEX,830250
2831014,97,138,8735,2003,6618.0,0.0,0.494569,2.147062,HKG,MEX,830250
2831015,99,138,8735,2003,0.0,8762.0,-0.733546,-0.568585,HND,MEX,830250
2831016,103,138,8735,2003,1449.0,0.0,-0.16802,1.7252990000000001,IDN,MEX,830250
2831017,104,138,8735,2003,4790.0,0.0,0.33014099999999996,2.836003,IND,MEX,830250
2831018,111,138,8735,2003,45539.0,0.0,1.399734,1.044608,ITA,MEX,830250
2831019,114,138,8735,2003,142824.0,0.0,2.4686630000000003,0.48072600000000004,JPN,MEX,830250
2831020,121,138,8735,2003,113542.0,2822.0,1.2611709999999998,0.956308,KOR,MEX,830250
2831021,153,138,8735,2003,9577.0,112257.0,0.728804,0.2168,MYS,MEX,830250
2831022,160,138,8735,2003,0.0,7140.0,-0.8661459999999999,-0.8661690000000001,NIC,MEX,830250
2831023,169,138,8735,2003,0.0,3923.0,-0.050386,-0.039619999999999995,PAN,MEX,830250
2831024,178,138,8735,2003,4085.0,0.0,0.7060420000000001,0.7718,PRK,MEX,830250
2831025,179,138,8735,2003,2606.0,0.0,0.471376,1.647303,PRT,MEX,830250
2831026,188,138,8735,2003,0.0,2312.0,0.202286,-0.714691,SAU,MEX,830250
2831027,192,138,8735,2003,10499.0,3718.0,1.5080799999999999,0.720337,SGP,MEX,830250
2831028,197,138,8735,2003,0.0,5070.0,-0.251357,-0.189917,SLV,MEX,830250
2831029,208,138,8735,2003,1059.0,0.0,2.099224,0.799982,SWE,MEX,830250
2831030,216,138,8735,2003,5389.0,2573.0,0.43010699999999996,1.607408,THA,MEX,830250
2831031,224,138,8735,2003,5809.0,0.0,0.192802,1.9855060000000002,TUR,MEX,830250
2831032,231,138,8735,2003,4927722.0,10017500.0,1.7789220000000001,0.064028,USA,MEX,830250
2831033,236,138,8735,2003,0.0,1380.0,0.277805,-0.783697,VEN,MEX,830250
2831034,239,138,8735,2003,961.0,0.0,-0.633985,0.659696,VNM,MEX,830250
2831035,249,138,8735,2003,132322.0,0.0,1.5924040000000002,1.397843,TWN,MEX,830250
2831036,250,138,8735,2003,55087.0,0.0,0.45951499999999995,-0.2312,ANS,MEX,830250
2831037,7,153,8735,2003,0.0,68611.0,0.049637,-0.502691,ARE,MYS,830250
2831038,14,153,8735,2003,9769.0,211258.0,0.316879,0.9409489999999999,AUS,MYS,830250
2831039,15,153,8735,2003,10322.0,0.0,1.834977,0.408096,AUT,MYS,830250
2831040,18,153,8735,2003,2051.0,0.0,1.361682,1.39536,BEL,MYS,830250
2831041,23,153,8735,2003,1142.0,1658.0,0.43308599999999997,1.7104099999999998,BGR,MYS,830250
2831042,32,153,8735,2003,1839.0,0.0,0.660576,1.118876,BRA,MYS,830250
2831043,33,153,8735,2003,0.0,4250.0,0.744166,0.074191,BRB,MYS,830250
2831044,34,153,8735,2003,46.0,73987.0,-1.342738,-0.978633,BRN,MYS,830250
2831045,39,153,8735,2003,20799.0,8640.0,0.9791540000000001,1.185081,CAN,MYS,830250
2831046,41,153,8735,2003,12507.0,0.0,2.151037,0.711217,CHE,MYS,830250
2831047,43,153,8735,2003,367378.0,26603.0,0.579431,2.773139,CHN,MYS,830250
2831048,44,153,8735,2003,0.0,1187.0,-0.699928,-0.723739,CIV,MYS,830250
2831049,59,153,8735,2003,46911.0,0.0,1.555749,0.8662059999999999,CZE,MYS,830250
2831050,61,153,8735,2003,23484.0,58017.0,2.2821919999999998,-2.0985150000000004,DEU,MYS,830250
2831051,71,153,8735,2003,3516.0,4772.0,0.960684,2.074792,ESP,MYS,830250
2831052,75,153,8735,2003,0.0,851.0,-0.6865640000000001,-0.326977,FJI,MYS,830250
2831053,77,153,8735,2003,16023.0,0.0,1.606606,0.7394149999999999,FRA,MYS,830250
2831054,81,153,8735,2003,131498.0,3138.0,1.8712540000000002,0.706205,GBR,MYS,830250
2831055,90,153,8735,2003,0.0,6798.0,0.364688,1.4823959999999998,GRC,MYS,830250
2831056,97,153,8735,2003,312872.0,205586.0,0.494569,2.147062,HKG,MYS,830250
2831057,103,153,8735,2003,10318.0,42487.0,-0.16802,1.7252990000000001,IDN,MYS,830250
2831058,104,153,8735,2003,4293.0,5955.0,0.33014099999999996,2.836003,IND,MYS,830250
2831059,106,153,8735,2003,3647.0,0.0,1.6396130000000002,0.220599,IRL,MYS,830250
2831060,111,153,8735,2003,56237.0,60160.0,1.399734,1.044608,ITA,MYS,830250
2831061,113,153,8735,2003,0.0,49585.0,0.12295,0.377031,JOR,MYS,830250
2831062,114,153,8735,2003,130473.0,336333.0,2.4686630000000003,0.48072600000000004,JPN,MYS,830250
2831063,116,153,8735,2003,0.0,2169.0,-0.3531,0.582992,KEN,MYS,830250
2831064,118,153,8735,2003,0.0,1171.0,-1.0165620000000002,-1.060454,KHM,MYS,830250
2831065,121,153,8735,2003,9999.0,135936.0,1.2611709999999998,0.956308,KOR,MYS,830250
2831066,128,153,8735,2003,0.0,7583.0,-0.618057,0.101931,LKA,MYS,830250
2831067,130,153,8735,2003,38782.0,0.0,0.239608,0.517299,LTU,MYS,830250
2831068,137,153,8735,2003,0.0,1376.0,-1.201352,-1.031892,MDV,MYS,830250
2831069,138,153,8735,2003,112257.0,9577.0,0.862509,0.756684,MEX,MYS,830250
2831070,162,153,8735,2003,26948.0,24275.0,1.168453,1.7085709999999998,NLD,MYS,830250
2831071,163,153,8735,2003,1350.0,0.0,1.1500620000000001,0.258554,NOR,MYS,830250
2831072,166,153,8735,2003,0.0,9556.0,0.589619,0.997301,NZL,MYS,830250
2831073,168,153,8735,2003,0.0,16463.0,-0.6659689999999999,0.137924,PAK,MYS,830250
2831074,174,153,8735,2003,650808.0,61877.0,-0.065022,-0.195144,PHL,MYS,830250
2831075,176,153,8735,2003,0.0,6261.0,-1.7997330000000002,-1.2110049999999999,PNG,MYS,830250
2831076,179,153,8735,2003,32049.0,0.0,0.471376,1.647303,PRT,MYS,830250
2831077,183,153,8735,2003,0.0,120929.0,-0.209042,-1.0565799999999999,QAT,MYS,830250
2831078,185,153,8735,2003,8709.0,0.0,0.378379,1.0064620000000002,ROU,MYS,830250
2831079,188,153,8735,2003,0.0,12818.0,0.202286,-0.714691,SAU,MYS,830250
2831080,192,153,8735,2003,1545859.0,1667944.0,1.5080799999999999,0.720337,SGP,MYS,830250
2831081,206,153,8735,2003,5342.0,0.0,1.22565,0.915518,SVK,MYS,830250
2831082,208,153,8735,2003,13405.0,0.0,2.099224,0.799982,SWE,MYS,830250
2831083,216,153,8735,2003,399670.0,3985.0,0.43010699999999996,1.607408,THA,MYS,830250
2831084,224,153,8735,2003,52162.0,0.0,0.192802,1.9855060000000002,TUR,MYS,830250
2831085,231,153,8735,2003,418803.0,154136.0,1.7789220000000001,0.064028,USA,MYS,830250
2831086,239,153,8735,2003,73724.0,7937.0,-0.633985,0.659696,VNM,MYS,830250
2831087,246,153,8735,2003,0.0,1548.0,0.477987,2.255395,ZAF,MYS,830250
2831088,249,153,8735,2003,732036.0,9615.0,1.5924040000000002,1.397843,TWN,MYS,830250
2831089,0,162,8735,2003,0.0,4524.0,-0.13006600000000001,-0.783431,ABW,NLD,830250
2831090,6,162,8735,2003,0.0,10179.0,0.108903,-0.650137,ANT,NLD,830250
2831091,14,162,8735,2003,6920.0,295486.0,0.316879,0.9409489999999999,AUS,NLD,830250
2831092,15,162,8735,2003,876989.0,259480.0,1.834977,0.408096,AUT,NLD,830250
2831093,18,162,8735,2003,2101714.0,2249880.0,1.361682,1.39536,BEL,NLD,830250
2831094,28,162,8735,2003,0.0,2083.0,0.847358,0.9307719999999999,BLR,NLD,830250
2831095,39,162,8735,2003,55478.0,32622.0,0.9791540000000001,1.185081,CAN,NLD,830250
2831096,41,162,8735,2003,31633.0,30495.0,2.151037,0.711217,CHE,NLD,830250
2831097,42,162,8735,2003,0.0,1861.0,-0.06375900000000001,-0.156808,CHL,NLD,830250
2831098,43,162,8735,2003,1813686.0,19308.0,0.579431,2.773139,CHN,NLD,830250
2831099,54,162,8735,2003,0.0,5413.0,-0.391515,-0.8562120000000001,CUB,NLD,830250
2831100,58,162,8735,2003,0.0,4336.0,0.259992,0.068914,CYP,NLD,830250
2831101,59,162,8735,2003,166850.0,15102.0,1.555749,0.8662059999999999,CZE,NLD,830250
2831102,61,162,8735,2003,3949930.0,1700024.0,2.2821919999999998,-2.0985150000000004,DEU,NLD,830250
2831103,64,162,8735,2003,38301.0,165884.0,1.309564,1.245596,DNK,NLD,830250
2831104,71,162,8735,2003,211208.0,448960.0,0.960684,2.074792,ESP,NLD,830250
2831105,72,162,8735,2003,0.0,11950.0,0.5913010000000001,0.8489979999999999,EST,NLD,830250
2831106,74,162,8735,2003,6487.0,96736.0,2.077889,0.942501,FIN,NLD,830250
2831107,77,162,8735,2003,79225.0,1294028.0,1.606606,0.7394149999999999,FRA,NLD,830250
2831108,80,162,8735,2003,0.0,1769.0,-0.92745,-1.138466,GAB,NLD,830250
2831109,81,162,8735,2003,117466.0,1365402.0,1.8712540000000002,0.706205,GBR,NLD,830250
2831110,90,162,8735,2003,3497.0,32719.0,0.364688,1.4823959999999998,GRC,NLD,830250
2831111,93,162,8735,2003,0.0,5443.0,-0.444162,0.145319,GTM,NLD,830250
2831112,97,162,8735,2003,57167.0,0.0,0.494569,2.147062,HKG,NLD,830250
2831113,100,162,8735,2003,0.0,3365.0,0.568394,1.230759,HRV,NLD,830250
2831114,102,162,8735,2003,0.0,2935.0,1.2003270000000001,1.091407,HUN,NLD,830250
2831115,103,162,8735,2003,35948.0,0.0,-0.16802,1.7252990000000001,IDN,NLD,830250
2831116,104,162,8735,2003,249746.0,5281.0,0.33014099999999996,2.836003,IND,NLD,830250
2831117,106,162,8735,2003,0.0,31085.0,1.6396130000000002,0.220599,IRL,NLD,830250
2831118,109,162,8735,2003,0.0,1020.0,0.21902800000000003,-0.40818499999999996,ISL,NLD,830250
2831119,110,162,8735,2003,58954.0,37285.0,1.157809,0.682195,ISR,NLD,830250
2831120,111,162,8735,2003,214378.0,593915.0,1.399734,1.044608,ITA,NLD,830250
2831121,114,162,8735,2003,71688.0,68286.0,2.4686630000000003,0.48072600000000004,JPN,NLD,830250
2831122,115,162,8735,2003,0.0,12212.0,-0.156326,-0.62092,KAZ,NLD,830250
2831123,116,162,8735,2003,0.0,1519.0,-0.3531,0.582992,KEN,NLD,830250
2831124,121,162,8735,2003,17688.0,84866.0,1.2611709999999998,0.956308,KOR,NLD,830250
2831125,124,162,8735,2003,0.0,1042.0,0.261687,1.053856,LBN,NLD,830250
2831126,128,162,8735,2003,0.0,7084.0,-0.618057,0.101931,LKA,NLD,830250
2831127,131,162,8735,2003,0.0,41575.0,1.444996,1.063764,LUX,NLD,830250
2831128,132,162,8735,2003,0.0,13620.0,0.520772,0.5631689999999999,LVA,NLD,830250
2831129,133,162,8735,2003,2649.0,0.0,-0.294516,-0.413828,MAC,NLD,830250
2831130,134,162,8735,2003,0.0,7291.0,-0.6842050000000001,-0.217892,MAR,NLD,830250
2831131,153,162,8735,2003,24275.0,26948.0,0.728804,0.2168,MYS,NLD,830250
2831132,163,162,8735,2003,0.0,13491.0,1.1500620000000001,0.258554,NOR,NLD,830250
2831133,166,162,8735,2003,0.0,87637.0,0.589619,0.997301,NZL,NLD,830250
2831134,168,162,8735,2003,2018.0,0.0,-0.6659689999999999,0.137924,PAK,NLD,830250
2831135,174,162,8735,2003,217662.0,0.0,-0.065022,-0.195144,PHL,NLD,830250
2831136,176,162,8735,2003,0.0,2244.0,-1.7997330000000002,-1.2110049999999999,PNG,NLD,830250
2831137,177,162,8735,2003,120054.0,4724.0,0.966622,1.664838,POL,NLD,830250
2831138,179,162,8735,2003,126196.0,56907.0,0.471376,1.647303,PRT,NLD,830250
2831139,183,162,8735,2003,0.0,22214.0,-0.209042,-1.0565799999999999,QAT,NLD,830250
2831140,185,162,8735,2003,2227.0,28593.0,0.378379,1.0064620000000002,ROU,NLD,830250
2831141,186,162,8735,2003,0.0,51306.0,1.072729,0.338355,RUS,NLD,830250
2831142,188,162,8735,2003,0.0,3405.0,0.202286,-0.714691,SAU,NLD,830250
2831143,189,162,8735,2003,22039.0,0.0,0.575326,1.627894,SCG,NLD,830250
2831144,190,162,8735,2003,0.0,1878.0,-1.3535059999999999,-1.1701409999999999,SDN,NLD,830250
2831145,192,162,8735,2003,0.0,17219.0,1.5080799999999999,0.720337,SGP,NLD,830250
2831146,206,162,8735,2003,34816.0,2129.0,1.22565,0.915518,SVK,NLD,830250
2831147,207,162,8735,2003,322558.0,2555.0,1.6459840000000001,1.014191,SVN,NLD,830250
2831148,208,162,8735,2003,333147.0,199287.0,2.099224,0.799982,SWE,NLD,830250
2831149,214,162,8735,2003,0.0,1131.0,-0.263238,-0.6801189999999999,TCD,NLD,830250
2831150,216,162,8735,2003,1062.0,9752.0,0.43010699999999996,1.607408,THA,NLD,830250
2831151,224,162,8735,2003,14322.0,412006.0,0.192802,1.9855060000000002,TUR,NLD,830250
2831152,228,162,8735,2003,0.0,49448.0,0.8929389999999999,0.956685,UKR,NLD,830250
2831153,231,162,8735,2003,696207.0,177696.0,1.7789220000000001,0.064028,USA,NLD,830250
2831154,239,162,8735,2003,25449.0,1191.0,-0.633985,0.659696,VNM,NLD,830250
2831155,246,162,8735,2003,0.0,1138.0,0.477987,2.255395,ZAF,NLD,830250
2831156,249,162,8735,2003,293648.0,1468.0,1.5924040000000002,1.397843,TWN,NLD,830250
2831157,14,163,8735,2003,2230.0,4179.0,0.316879,0.9409489999999999,AUS,NOR,830250
2831158,15,163,8735,2003,55963.0,0.0,1.834977,0.408096,AUT,NOR,830250
2831159,39,163,8735,2003,0.0,5844.0,0.9791540000000001,1.185081,CAN,NOR,830250
2831160,41,163,8735,2003,6708.0,0.0,2.151037,0.711217,CHE,NOR,830250
2831161,43,163,8735,2003,152555.0,6067.0,0.579431,2.773139,CHN,NOR,830250
2831162,59,163,8735,2003,85171.0,0.0,1.555749,0.8662059999999999,CZE,NOR,830250
2831163,61,163,8735,2003,178498.0,0.0,2.2821919999999998,-2.0985150000000004,DEU,NOR,830250
2831164,64,163,8735,2003,213083.0,8260.0,1.309564,1.245596,DNK,NOR,830250
2831165,71,163,8735,2003,8576.0,0.0,0.960684,2.074792,ESP,NOR,830250
2831166,74,163,8735,2003,9193.0,0.0,2.077889,0.942501,FIN,NOR,830250
2831167,77,163,8735,2003,1450.0,1058.0,1.606606,0.7394149999999999,FRA,NOR,830250
2831168,81,163,8735,2003,87908.0,1283.0,1.8712540000000002,0.706205,GBR,NOR,830250
2831169,97,163,8735,2003,4396.0,293095.0,0.494569,2.147062,HKG,NOR,830250
2831170,104,163,8735,2003,8026.0,0.0,0.33014099999999996,2.836003,IND,NOR,830250
2831171,106,163,8735,2003,0.0,3774.0,1.6396130000000002,0.220599,IRL,NOR,830250
2831172,109,163,8735,2003,0.0,2462.0,0.21902800000000003,-0.40818499999999996,ISL,NOR,830250
2831173,111,163,8735,2003,75885.0,0.0,1.399734,1.044608,ITA,NOR,830250
2831174,114,163,8735,2003,6279.0,10834.0,2.4686630000000003,0.48072600000000004,JPN,NOR,830250
2831175,116,163,8735,2003,0.0,6957.0,-0.3531,0.582992,KEN,NOR,830250
2831176,121,163,8735,2003,0.0,9569.0,1.2611709999999998,0.956308,KOR,NOR,830250
2831177,130,163,8735,2003,67066.0,0.0,0.239608,0.517299,LTU,NOR,830250
2831178,131,163,8735,2003,5140.0,0.0,1.444996,1.063764,LUX,NOR,830250
2831179,153,163,8735,2003,0.0,1350.0,0.728804,0.2168,MYS,NOR,830250
2831180,159,163,8735,2003,0.0,1453.0,-1.859176,-1.234236,NGA,NOR,830250
2831181,162,163,8735,2003,13491.0,0.0,1.168453,1.7085709999999998,NLD,NOR,830250
2831182,177,163,8735,2003,45141.0,25434.0,0.966622,1.664838,POL,NOR,830250
2831183,179,163,8735,2003,35722.0,0.0,0.471376,1.647303,PRT,NOR,830250
2831184,183,163,8735,2003,0.0,28984.0,-0.209042,-1.0565799999999999,QAT,NOR,830250
2831185,185,163,8735,2003,24937.0,0.0,0.378379,1.0064620000000002,ROU,NOR,830250
2831186,186,163,8735,2003,2433.0,0.0,1.072729,0.338355,RUS,NOR,830250
2831187,206,163,8735,2003,38200.0,0.0,1.22565,0.915518,SVK,NOR,830250
2831188,208,163,8735,2003,2767741.0,47045.0,2.099224,0.799982,SWE,NOR,830250
2831189,216,163,8735,2003,1403.0,0.0,0.43010699999999996,1.607408,THA,NOR,830250
2831190,224,163,8735,2003,132956.0,0.0,0.192802,1.9855060000000002,TUR,NOR,830250
2831191,228,163,8735,2003,3557.0,0.0,0.8929389999999999,0.956685,UKR,NOR,830250
2831192,231,163,8735,2003,3618.0,27859.0,1.7789220000000001,0.064028,USA,NOR,830250
2831193,239,163,8735,2003,36387.0,0.0,-0.633985,0.659696,VNM,NOR,830250
2831194,249,163,8735,2003,59963.0,0.0,1.5924040000000002,1.397843,TWN,NOR,830250
2831195,10,166,8735,2003,0.0,3854.0,1.0088139999999999,0.096969,ASM,NZL,830250
2831196,14,166,8735,2003,167975.0,474845.0,0.316879,0.9409489999999999,AUS,NZL,830250
2831197,15,166,8735,2003,3309.0,0.0,1.834977,0.408096,AUT,NZL,830250
2831198,32,166,8735,2003,16765.0,0.0,0.660576,1.118876,BRA,NZL,830250
2831199,39,166,8735,2003,3722.0,0.0,0.9791540000000001,1.185081,CAN,NZL,830250
2831200,43,166,8735,2003,87831.0,0.0,0.579431,2.773139,CHN,NZL,830250
2831201,48,166,8735,2003,0.0,8315.0,0.327914,-0.466681,COK,NZL,830250
2831202,59,166,8735,2003,11023.0,0.0,1.555749,0.8662059999999999,CZE,NZL,830250
2831203,61,166,8735,2003,23442.0,0.0,2.2821919999999998,-2.0985150000000004,DEU,NZL,830250
2831204,64,166,8735,2003,892.0,0.0,1.309564,1.245596,DNK,NZL,830250
2831205,71,166,8735,2003,24488.0,8211.0,0.960684,2.074792,ESP,NZL,830250
2831206,75,166,8735,2003,0.0,4451.0,-0.6865640000000001,-0.326977,FJI,NZL,830250
2831207,77,166,8735,2003,32412.0,0.0,1.606606,0.7394149999999999,FRA,NZL,830250
2831208,81,166,8735,2003,243553.0,0.0,1.8712540000000002,0.706205,GBR,NZL,830250
2831209,97,166,8735,2003,53580.0,3237.0,0.494569,2.147062,HKG,NZL,830250
2831210,103,166,8735,2003,4347.0,0.0,-0.16802,1.7252990000000001,IDN,NZL,830250
2831211,104,166,8735,2003,80095.0,0.0,0.33014099999999996,2.836003,IND,NZL,830250
2831212,106,166,8735,2003,1514.0,0.0,1.6396130000000002,0.220599,IRL,NZL,830250
2831213,111,166,8735,2003,44030.0,0.0,1.399734,1.044608,ITA,NZL,830250
2831214,114,166,8735,2003,17662.0,0.0,2.4686630000000003,0.48072600000000004,JPN,NZL,830250
2831215,121,166,8735,2003,33818.0,0.0,1.2611709999999998,0.956308,KOR,NZL,830250
2831216,137,166,8735,2003,0.0,7800.0,-1.201352,-1.031892,MDV,NZL,830250
2831217,153,166,8735,2003,9556.0,0.0,0.728804,0.2168,MYS,NZL,830250
2831218,156,166,8735,2003,0.0,945.0,-0.344934,-0.776632,NCL,NZL,830250
2831219,162,166,8735,2003,87637.0,0.0,1.168453,1.7085709999999998,NLD,NZL,830250
2831220,174,166,8735,2003,892.0,2477.0,-0.065022,-0.195144,PHL,NZL,830250
2831221,192,166,8735,2003,2738.0,2623.0,1.5080799999999999,0.720337,SGP,NZL,830250
2831222,212,166,8735,2003,2288.0,0.0,-0.868749,-0.326322,SYR,NZL,830250
2831223,216,166,8735,2003,54298.0,0.0,0.43010699999999996,1.607408,THA,NZL,830250
2831224,221,166,8735,2003,0.0,4973.0,-0.8467379999999999,-0.815816,TON,NZL,830250
2831225,231,166,8735,2003,52471.0,15276.0,1.7789220000000001,0.064028,USA,NZL,830250
2831226,240,166,8735,2003,0.0,1274.0,-0.916386,-0.784439,VUT,NZL,830250
2831227,242,166,8735,2003,0.0,1404.0,-0.304377,-0.620659,WSM,NZL,830250
2831228,249,166,8735,2003,16659.0,0.0,1.5924040000000002,1.397843,TWN,NZL,830250
2831229,250,166,8735,2003,2718.0,0.0,0.45951499999999995,-0.2312,ANS,NZL,830250
2831230,8,169,8735,2003,1054.0,0.0,0.302073,0.49069700000000005,ARG,PAN,830250
2831231,32,169,8735,2003,6570.0,0.0,0.660576,1.118876,BRA,PAN,830250
2831232,43,169,8735,2003,24442.0,0.0,0.579431,2.773139,CHN,PAN,830250
2831233,49,169,8735,2003,6904.0,0.0,0.218336,0.376869,COL,PAN,830250
2831234,52,169,8735,2003,2916.0,4540.0,-0.193904,-0.5049680000000001,CRI,PAN,830250
2831235,54,169,8735,2003,0.0,2831.0,-0.391515,-0.8562120000000001,CUB,PAN,830250
2831236,67,169,8735,2003,8408.0,1824.0,-0.8689370000000001,-0.889767,ECU,PAN,830250
2831237,71,169,8735,2003,29607.0,0.0,0.960684,2.074792,ESP,PAN,830250
2831238,93,169,8735,2003,0.0,7550.0,-0.444162,0.145319,GTM,PAN,830250
2831239,99,169,8735,2003,0.0,5884.0,-0.733546,-0.568585,HND,PAN,830250
2831240,111,169,8735,2003,61645.0,0.0,1.399734,1.044608,ITA,PAN,830250
2831241,112,169,8735,2003,0.0,3169.0,-0.6684140000000001,-0.915817,JAM,PAN,830250
2831242,138,169,8735,2003,3923.0,0.0,0.862509,0.756684,MEX,PAN,830250
2831243,160,169,8735,2003,0.0,1258.0,-0.8661459999999999,-0.8661690000000001,NIC,PAN,830250
2831244,197,169,8735,2003,0.0,8482.0,-0.251357,-0.189917,SLV,PAN,830250
2831245,231,169,8735,2003,69382.0,0.0,1.7789220000000001,0.064028,USA,PAN,830250
2831246,236,169,8735,2003,0.0,3528.0,0.277805,-0.783697,VEN,PAN,830250
2831247,249,169,8735,2003,1155.0,0.0,1.5924040000000002,1.397843,TWN,PAN,830250
2831248,250,169,8735,2003,335933.0,2003.0,0.45951499999999995,-0.2312,ANS,PAN,830250
2831249,8,173,8735,2003,65357.0,0.0,0.302073,0.49069700000000005,ARG,PER,830250
2831250,32,173,8735,2003,1870.0,0.0,0.660576,1.118876,BRA,PER,830250
2831251,39,173,8735,2003,0.0,1767.0,0.9791540000000001,1.185081,CAN,PER,830250
2831252,42,173,8735,2003,53682.0,0.0,-0.06375900000000001,-0.156808,CHL,PER,830250
2831253,43,173,8735,2003,17308.0,0.0,0.579431,2.773139,CHN,PER,830250
2831254,49,173,8735,2003,1265.0,0.0,0.218336,0.376869,COL,PER,830250
2831255,61,173,8735,2003,2740.0,0.0,2.2821919999999998,-2.0985150000000004,DEU,PER,830250
2831256,67,173,8735,2003,38995.0,0.0,-0.8689370000000001,-0.889767,ECU,PER,830250
2831257,71,173,8735,2003,16051.0,0.0,0.960684,2.074792,ESP,PER,830250
2831258,74,173,8735,2003,2089.0,0.0,2.077889,0.942501,FIN,PER,830250
2831259,97,173,8735,2003,1169.0,0.0,0.494569,2.147062,HKG,PER,830250
2831260,111,173,8735,2003,9506.0,0.0,1.399734,1.044608,ITA,PER,830250
2831261,121,173,8735,2003,7791.0,0.0,1.2611709999999998,0.956308,KOR,PER,830250
2831262,216,173,8735,2003,1279.0,0.0,0.43010699999999996,1.607408,THA,PER,830250
2831263,231,173,8735,2003,26923.0,0.0,1.7789220000000001,0.064028,USA,PER,830250
2831264,249,173,8735,2003,9462.0,0.0,1.5924040000000002,1.397843,TWN,PER,830250
2831265,250,173,8735,2003,2894.0,0.0,0.45951499999999995,-0.2312,ANS,PER,830250
2831266,7,174,8735,2003,0.0,4554.0,0.049637,-0.502691,ARE,PHL,830250
2831267,14,174,8735,2003,3059.0,9681.0,0.316879,0.9409489999999999,AUS,PHL,830250
2831268,39,174,8735,2003,0.0,1448.0,0.9791540000000001,1.185081,CAN,PHL,830250
2831269,43,174,8735,2003,242313.0,12638.0,0.579431,2.773139,CHN,PHL,830250
2831270,61,174,8735,2003,4677.0,36432.0,2.2821919999999998,-2.0985150000000004,DEU,PHL,830250
2831271,71,174,8735,2003,2960.0,14451.0,0.960684,2.074792,ESP,PHL,830250
2831272,77,174,8735,2003,0.0,33795.0,1.606606,0.7394149999999999,FRA,PHL,830250
2831273,81,174,8735,2003,5606.0,4092.0,1.8712540000000002,0.706205,GBR,PHL,830250
2831274,97,174,8735,2003,140851.0,0.0,0.494569,2.147062,HKG,PHL,830250
2831275,111,174,8735,2003,16500.0,3319.0,1.399734,1.044608,ITA,PHL,830250
2831276,114,174,8735,2003,79042.0,124375.0,2.4686630000000003,0.48072600000000004,JPN,PHL,830250
2831277,121,174,8735,2003,3338.0,0.0,1.2611709999999998,0.956308,KOR,PHL,830250
2831278,122,174,8735,2003,0.0,10596.0,-0.7943640000000001,-1.1529770000000001,KWT,PHL,830250
2831279,124,174,8735,2003,0.0,2822.0,0.261687,1.053856,LBN,PHL,830250
2831280,153,174,8735,2003,61877.0,650808.0,0.728804,0.2168,MYS,PHL,830250
2831281,162,174,8735,2003,0.0,217662.0,1.168453,1.7085709999999998,NLD,PHL,830250
2831282,166,174,8735,2003,2477.0,892.0,0.589619,0.997301,NZL,PHL,830250
2831283,186,174,8735,2003,0.0,2618.0,1.072729,0.338355,RUS,PHL,830250
2831284,188,174,8735,2003,0.0,4275.0,0.202286,-0.714691,SAU,PHL,830250
2831285,192,174,8735,2003,59618.0,1126.0,1.5080799999999999,0.720337,SGP,PHL,830250
2831286,208,174,8735,2003,82529.0,0.0,2.099224,0.799982,SWE,PHL,830250
2831287,216,174,8735,2003,5534.0,0.0,0.43010699999999996,1.607408,THA,PHL,830250
2831288,224,174,8735,2003,1759.0,0.0,0.192802,1.9855060000000002,TUR,PHL,830250
2831289,231,174,8735,2003,25005.0,143296.0,1.7789220000000001,0.064028,USA,PHL,830250
2831290,249,174,8735,2003,71318.0,1499.0,1.5924040000000002,1.397843,TWN,PHL,830250
2831291,2,179,8735,2003,0.0,19521.0,-1.8762919999999998,-1.176541,AGO,PRT,830250
2831292,6,179,8735,2003,0.0,1579.0,0.108903,-0.650137,ANT,PRT,830250
2831293,14,179,8735,2003,1146.0,17273.0,0.316879,0.9409489999999999,AUS,PRT,830250
2831294,15,179,8735,2003,39537.0,19481.0,1.834977,0.408096,AUT,PRT,830250
2831295,18,179,8735,2003,41463.0,14903.0,1.361682,1.39536,BEL,PRT,830250
2831296,32,179,8735,2003,3231.0,0.0,0.660576,1.118876,BRA,PRT,830250
2831297,39,179,8735,2003,1653.0,12698.0,0.9791540000000001,1.185081,CAN,PRT,830250
2831298,41,179,8735,2003,3080.0,0.0,2.151037,0.711217,CHE,PRT,830250
2831299,43,179,8735,2003,51860.0,2629.0,0.579431,2.773139,CHN,PRT,830250
2831300,51,179,8735,2003,0.0,2897.0,0.070649,-0.541279,CPV,PRT,830250
2831301,59,179,8735,2003,0.0,5469.0,1.555749,0.8662059999999999,CZE,PRT,830250
2831302,61,179,8735,2003,273163.0,172658.0,2.2821919999999998,-2.0985150000000004,DEU,PRT,830250
2831303,64,179,8735,2003,6053.0,3191.0,1.309564,1.245596,DNK,PRT,830250
2831304,66,179,8735,2003,0.0,5525.0,-1.060727,-1.142594,DZA,PRT,830250
2831305,71,179,8735,2003,1086145.0,245721.0,0.960684,2.074792,ESP,PRT,830250
2831306,73,179,8735,2003,0.0,1649.0,-1.1145559999999999,-0.9599620000000001,ETH,PRT,830250
2831307,74,179,8735,2003,0.0,6819.0,2.077889,0.942501,FIN,PRT,830250
2831308,77,179,8735,2003,181837.0,194922.0,1.606606,0.7394149999999999,FRA,PRT,830250
2831309,81,179,8735,2003,16037.0,72350.0,1.8712540000000002,0.706205,GBR,PRT,830250
2831310,102,179,8735,2003,0.0,7210.0,1.2003270000000001,1.091407,HUN,PRT,830250
2831311,104,179,8735,2003,5074.0,0.0,0.33014099999999996,2.836003,IND,PRT,830250
2831312,109,179,8735,2003,0.0,1576.0,0.21902800000000003,-0.40818499999999996,ISL,PRT,830250
2831313,111,179,8735,2003,67265.0,184698.0,1.399734,1.044608,ITA,PRT,830250
2831314,114,179,8735,2003,0.0,11033.0,2.4686630000000003,0.48072600000000004,JPN,PRT,830250
2831315,134,179,8735,2003,0.0,921.0,-0.6842050000000001,-0.217892,MAR,PRT,830250
2831316,138,179,8735,2003,0.0,2606.0,0.862509,0.756684,MEX,PRT,830250
2831317,153,179,8735,2003,0.0,32049.0,0.728804,0.2168,MYS,PRT,830250
2831318,162,179,8735,2003,56907.0,126196.0,1.168453,1.7085709999999998,NLD,PRT,830250
2831319,163,179,8735,2003,0.0,35722.0,1.1500620000000001,0.258554,NOR,PRT,830250
2831320,183,179,8735,2003,0.0,21443.0,-0.209042,-1.0565799999999999,QAT,PRT,830250
2831321,185,179,8735,2003,0.0,6031.0,0.378379,1.0064620000000002,ROU,PRT,830250
2831322,186,179,8735,2003,0.0,6308.0,1.072729,0.338355,RUS,PRT,830250
2831323,188,179,8735,2003,0.0,2580.0,0.202286,-0.714691,SAU,PRT,830250
2831324,192,179,8735,2003,0.0,17959.0,1.5080799999999999,0.720337,SGP,PRT,830250
2831325,206,179,8735,2003,0.0,1093.0,1.22565,0.915518,SVK,PRT,830250
2831326,208,179,8735,2003,10981.0,73057.0,2.099224,0.799982,SWE,PRT,830250
2831327,223,179,8735,2003,0.0,2123.0,-0.14845999999999998,0.255092,TUN,PRT,830250
2831328,224,179,8735,2003,9180.0,0.0,0.192802,1.9855060000000002,TUR,PRT,830250
2831329,231,179,8735,2003,13889.0,304360.0,1.7789220000000001,0.064028,USA,PRT,830250
2831330,249,179,8735,2003,17697.0,0.0,1.5924040000000002,1.397843,TWN,PRT,830250
2831331,8,180,8735,2003,14039.0,0.0,0.302073,0.49069700000000005,ARG,PRY,830250
2831332,32,180,8735,2003,11847.0,0.0,0.660576,1.118876,BRA,PRY,830250
2831333,43,180,8735,2003,1540.0,0.0,0.579431,2.773139,CHN,PRY,830250
2831334,7,190,8735,2003,7903.0,0.0,0.049637,-0.502691,ARE,SDN,830250
2831335,104,190,8735,2003,4437.0,0.0,0.33014099999999996,2.836003,IND,SDN,830250
2831336,162,190,8735,2003,1878.0,0.0,1.168453,1.7085709999999998,NLD,SDN,830250
2831337,188,190,8735,2003,1162.0,0.0,0.202286,-0.714691,SAU,SDN,830250
2831338,224,190,8735,2003,4366.0,0.0,0.192802,1.9855060000000002,TUR,SDN,830250
2831339,32,197,8735,2003,2834.0,0.0,0.660576,1.118876,BRA,SLV,830250
2831340,43,197,8735,2003,3655.0,0.0,0.579431,2.773139,CHN,SLV,830250
2831341,52,197,8735,2003,2270.0,0.0,-0.193904,-0.5049680000000001,CRI,SLV,830250
2831342,61,197,8735,2003,1805.0,0.0,2.2821919999999998,-2.0985150000000004,DEU,SLV,830250
2831343,65,197,8735,2003,0.0,19777.0,-0.46264399999999994,-0.245034,DOM,SLV,830250
2831344,71,197,8735,2003,6717.0,0.0,0.960684,2.074792,ESP,SLV,830250
2831345,93,197,8735,2003,5797.0,0.0,-0.444162,0.145319,GTM,SLV,830250
2831346,111,197,8735,2003,83190.0,0.0,1.399734,1.044608,ITA,SLV,830250
2831347,138,197,8735,2003,5070.0,0.0,0.862509,0.756684,MEX,SLV,830250
2831348,160,197,8735,2003,1814.0,1084.0,-0.8661459999999999,-0.8661690000000001,NIC,SLV,830250
2831349,169,197,8735,2003,8482.0,0.0,-0.050386,-0.039619999999999995,PAN,SLV,830250
2831350,231,197,8735,2003,5668.0,0.0,1.7789220000000001,0.064028,USA,SLV,830250
2831351,249,197,8735,2003,60371.0,0.0,1.5924040000000002,1.397843,TWN,SLV,830250
2831352,61,205,8735,2003,4404.0,0.0,2.2821919999999998,-2.0985150000000004,DEU,SUR,830250
2831353,7,208,8735,2003,0.0,181991.0,0.049637,-0.502691,ARE,SWE,830250
2831354,14,208,8735,2003,0.0,162463.0,0.316879,0.9409489999999999,AUS,SWE,830250
2831355,15,208,8735,2003,1897871.0,99970.0,1.834977,0.408096,AUT,SWE,830250
2831356,16,208,8735,2003,0.0,1445.0,-0.304606,-0.975453,AZE,SWE,830250
2831357,18,208,8735,2003,3204.0,12444.0,1.361682,1.39536,BEL,SWE,830250
2831358,23,208,8735,2003,131035.0,0.0,0.43308599999999997,1.7104099999999998,BGR,SWE,830250
2831359,33,208,8735,2003,0.0,11554.0,0.744166,0.074191,BRB,SWE,830250
2831360,39,208,8735,2003,13284.0,11109.0,0.9791540000000001,1.185081,CAN,SWE,830250
2831361,41,208,8735,2003,17936.0,20743.0,2.151037,0.711217,CHE,SWE,830250
2831362,43,208,8735,2003,2082970.0,3599.0,0.579431,2.773139,CHN,SWE,830250
2831363,58,208,8735,2003,0.0,2559.0,0.259992,0.068914,CYP,SWE,830250
2831364,59,208,8735,2003,497972.0,19366.0,1.555749,0.8662059999999999,CZE,SWE,830250
2831365,61,208,8735,2003,695015.0,132824.0,2.2821919999999998,-2.0985150000000004,DEU,SWE,830250
2831366,64,208,8735,2003,638447.0,1337041.0,1.309564,1.245596,DNK,SWE,830250
2831367,71,208,8735,2003,159048.0,541328.0,0.960684,2.074792,ESP,SWE,830250
2831368,72,208,8735,2003,48957.0,6327.0,0.5913010000000001,0.8489979999999999,EST,SWE,830250
2831369,74,208,8735,2003,3208070.0,1344336.0,2.077889,0.942501,FIN,SWE,830250
2831370,77,208,8735,2003,23885.0,649907.0,1.606606,0.7394149999999999,FRA,SWE,830250
2831371,78,208,8735,2003,0.0,3128.0,-0.46422299999999994,-0.8072050000000001,FRO,SWE,830250
2831372,81,208,8735,2003,68983.0,1253879.0,1.8712540000000002,0.706205,GBR,SWE,830250
2831373,90,208,8735,2003,0.0,143523.0,0.364688,1.4823959999999998,GRC,SWE,830250
2831374,96,208,8735,2003,0.0,1805.0,-0.59035,-0.7361340000000001,GUY,SWE,830250
2831375,97,208,8735,2003,43270.0,3160.0,0.494569,2.147062,HKG,SWE,830250
2831376,100,208,8735,2003,0.0,1841.0,0.568394,1.230759,HRV,SWE,830250
2831377,102,208,8735,2003,0.0,25184.0,1.2003270000000001,1.091407,HUN,SWE,830250
2831378,103,208,8735,2003,1199.0,0.0,-0.16802,1.7252990000000001,IDN,SWE,830250
2831379,104,208,8735,2003,236557.0,206528.0,0.33014099999999996,2.836003,IND,SWE,830250
2831380,106,208,8735,2003,0.0,119846.0,1.6396130000000002,0.220599,IRL,SWE,830250
2831381,109,208,8735,2003,0.0,77050.0,0.21902800000000003,-0.40818499999999996,ISL,SWE,830250
2831382,110,208,8735,2003,0.0,192269.0,1.157809,0.682195,ISR,SWE,830250
2831383,111,208,8735,2003,28379.0,44564.0,1.399734,1.044608,ITA,SWE,830250
2831384,114,208,8735,2003,43341.0,8452.0,2.4686630000000003,0.48072600000000004,JPN,SWE,830250
2831385,116,208,8735,2003,0.0,2587.0,-0.3531,0.582992,KEN,SWE,830250
2831386,121,208,8735,2003,35008.0,0.0,1.2611709999999998,0.956308,KOR,SWE,830250
2831387,122,208,8735,2003,0.0,53596.0,-0.7943640000000001,-1.1529770000000001,KWT,SWE,830250
2831388,130,208,8735,2003,296011.0,8387.0,0.239608,0.517299,LTU,SWE,830250
2831389,132,208,8735,2003,2511.0,2127.0,0.520772,0.5631689999999999,LVA,SWE,830250
2831390,138,208,8735,2003,0.0,1059.0,0.862509,0.756684,MEX,SWE,830250
2831391,153,208,8735,2003,0.0,13405.0,0.728804,0.2168,MYS,SWE,830250
2831392,156,208,8735,2003,0.0,1003.0,-0.344934,-0.776632,NCL,SWE,830250
2831393,162,208,8735,2003,199287.0,333147.0,1.168453,1.7085709999999998,NLD,SWE,830250
2831394,163,208,8735,2003,47045.0,2767741.0,1.1500620000000001,0.258554,NOR,SWE,830250
2831395,174,208,8735,2003,0.0,82529.0,-0.065022,-0.195144,PHL,SWE,830250
2831396,177,208,8735,2003,209105.0,58263.0,0.966622,1.664838,POL,SWE,830250
2831397,179,208,8735,2003,73057.0,10981.0,0.471376,1.647303,PRT,SWE,830250
2831398,185,208,8735,2003,127365.0,2234.0,0.378379,1.0064620000000002,ROU,SWE,830250
2831399,186,208,8735,2003,0.0,3550.0,1.072729,0.338355,RUS,SWE,830250
2831400,188,208,8735,2003,0.0,213882.0,0.202286,-0.714691,SAU,SWE,830250
2831401,189,208,8735,2003,0.0,1861.0,0.575326,1.627894,SCG,SWE,830250
2831402,192,208,8735,2003,0.0,2174.0,1.5080799999999999,0.720337,SGP,SWE,830250
2831403,206,208,8735,2003,151627.0,6573.0,1.22565,0.915518,SVK,SWE,830250
2831404,207,208,8735,2003,0.0,3221.0,1.6459840000000001,1.014191,SVN,SWE,830250
2831405,216,208,8735,2003,9432.0,0.0,0.43010699999999996,1.607408,THA,SWE,830250
2831406,222,208,8735,2003,0.0,800.0,-0.16738,-0.9820969999999999,TTO,SWE,830250
2831407,224,208,8735,2003,822644.0,3278.0,0.192802,1.9855060000000002,TUR,SWE,830250
2831408,228,208,8735,2003,33025.0,2378.0,0.8929389999999999,0.956685,UKR,SWE,830250
2831409,231,208,8735,2003,49120.0,612275.0,1.7789220000000001,0.064028,USA,SWE,830250
2831410,239,208,8735,2003,102347.0,0.0,-0.633985,0.659696,VNM,SWE,830250
2831411,246,208,8735,2003,0.0,5005.0,0.477987,2.255395,ZAF,SWE,830250
2831412,249,208,8735,2003,586554.0,0.0,1.5924040000000002,1.397843,TWN,SWE,830250
2831413,7,216,8735,2003,0.0,5364.0,0.049637,-0.502691,ARE,THA,830250
2831414,14,216,8735,2003,3070.0,109598.0,0.316879,0.9409489999999999,AUS,THA,830250
2831415,15,216,8735,2003,0.0,10969.0,1.834977,0.408096,AUT,THA,830250
2831416,18,216,8735,2003,0.0,8653.0,1.361682,1.39536,BEL,THA,830250
2831417,32,216,8735,2003,0.0,5372.0,0.660576,1.118876,BRA,THA,830250
2831418,34,216,8735,2003,0.0,2521.0,-1.342738,-0.978633,BRN,THA,830250
2831419,37,216,8735,2003,0.0,1121.0,-0.517317,-1.1125770000000001,BWA,THA,830250
2831420,39,216,8735,2003,1256.0,75284.0,0.9791540000000001,1.185081,CAN,THA,830250
2831421,41,216,8735,2003,0.0,4149.0,2.151037,0.711217,CHE,THA,830250
2831422,42,216,8735,2003,0.0,17087.0,-0.06375900000000001,-0.156808,CHL,THA,830250
2831423,43,216,8735,2003,59211.0,0.0,0.579431,2.773139,CHN,THA,830250
2831424,58,216,8735,2003,0.0,1502.0,0.259992,0.068914,CYP,THA,830250
2831425,59,216,8735,2003,0.0,1922.0,1.555749,0.8662059999999999,CZE,THA,830250
2831426,61,216,8735,2003,49800.0,45285.0,2.2821919999999998,-2.0985150000000004,DEU,THA,830250
2831427,64,216,8735,2003,0.0,17552.0,1.309564,1.245596,DNK,THA,830250
2831428,66,216,8735,2003,0.0,2111.0,-1.060727,-1.142594,DZA,THA,830250
2831429,68,216,8735,2003,0.0,12564.0,-0.292923,0.465433,EGY,THA,830250
2831430,71,216,8735,2003,12016.0,64425.0,0.960684,2.074792,ESP,THA,830250
2831431,72,216,8735,2003,0.0,37339.0,0.5913010000000001,0.8489979999999999,EST,THA,830250
2831432,74,216,8735,2003,0.0,1721.0,2.077889,0.942501,FIN,THA,830250
2831433,75,216,8735,2003,0.0,4445.0,-0.6865640000000001,-0.326977,FJI,THA,830250
2831434,77,216,8735,2003,69456.0,91009.0,1.606606,0.7394149999999999,FRA,THA,830250
2831435,81,216,8735,2003,0.0,12311.0,1.8712540000000002,0.706205,GBR,THA,830250
2831436,97,216,8735,2003,8710.0,3866.0,0.494569,2.147062,HKG,THA,830250
2831437,102,216,8735,2003,0.0,3409.0,1.2003270000000001,1.091407,HUN,THA,830250
2831438,103,216,8735,2003,0.0,1394.0,-0.16802,1.7252990000000001,IDN,THA,830250
2831439,104,216,8735,2003,0.0,20588.0,0.33014099999999996,2.836003,IND,THA,830250
2831440,106,216,8735,2003,6675.0,0.0,1.6396130000000002,0.220599,IRL,THA,830250
2831441,109,216,8735,2003,0.0,1764.0,0.21902800000000003,-0.40818499999999996,ISL,THA,830250
2831442,110,216,8735,2003,0.0,6996.0,1.157809,0.682195,ISR,THA,830250
2831443,111,216,8735,2003,67700.0,0.0,1.399734,1.044608,ITA,THA,830250
2831444,114,216,8735,2003,361865.0,270485.0,2.4686630000000003,0.48072600000000004,JPN,THA,830250
2831445,118,216,8735,2003,0.0,6453.0,-1.0165620000000002,-1.060454,KHM,THA,830250
2831446,121,216,8735,2003,0.0,8847.0,1.2611709999999998,0.956308,KOR,THA,830250
2831447,124,216,8735,2003,0.0,1182.0,0.261687,1.053856,LBN,THA,830250
2831448,128,216,8735,2003,0.0,4510.0,-0.618057,0.101931,LKA,THA,830250
2831449,130,216,8735,2003,0.0,7418.0,0.239608,0.517299,LTU,THA,830250
2831450,132,216,8735,2003,0.0,3052.0,0.520772,0.5631689999999999,LVA,THA,830250
2831451,137,216,8735,2003,0.0,4727.0,-1.201352,-1.031892,MDV,THA,830250
2831452,138,216,8735,2003,2573.0,5389.0,0.862509,0.756684,MEX,THA,830250
2831453,153,216,8735,2003,3985.0,399670.0,0.728804,0.2168,MYS,THA,830250
2831454,162,216,8735,2003,9752.0,1062.0,1.168453,1.7085709999999998,NLD,THA,830250
2831455,163,216,8735,2003,0.0,1403.0,1.1500620000000001,0.258554,NOR,THA,830250
2831456,166,216,8735,2003,0.0,54298.0,0.589619,0.997301,NZL,THA,830250
2831457,173,216,8735,2003,0.0,1279.0,-0.48627,0.371354,PER,THA,830250
2831458,174,216,8735,2003,0.0,5534.0,-0.065022,-0.195144,PHL,THA,830250
2831459,183,216,8735,2003,0.0,1273.0,-0.209042,-1.0565799999999999,QAT,THA,830250
2831460,186,216,8735,2003,0.0,6554.0,1.072729,0.338355,RUS,THA,830250
2831461,188,216,8735,2003,0.0,4208.0,0.202286,-0.714691,SAU,THA,830250
2831462,192,216,8735,2003,55348.0,8173.0,1.5080799999999999,0.720337,SGP,THA,830250
2831463,206,216,8735,2003,0.0,1275.0,1.22565,0.915518,SVK,THA,830250
2831464,208,216,8735,2003,0.0,9432.0,2.099224,0.799982,SWE,THA,830250
2831465,231,216,8735,2003,95953.0,1160504.0,1.7789220000000001,0.064028,USA,THA,830250
2831466,249,216,8735,2003,105161.0,5544.0,1.5924040000000002,1.397843,TWN,THA,830250
2831467,8,222,8735,2003,858.0,0.0,0.302073,0.49069700000000005,ARG,TTO,830250
2831468,32,222,8735,2003,2679.0,0.0,0.660576,1.118876,BRA,TTO,830250
2831469,39,222,8735,2003,53416.0,0.0,0.9791540000000001,1.185081,CAN,TTO,830250
2831470,43,222,8735,2003,10828.0,0.0,0.579431,2.773139,CHN,TTO,830250
2831471,61,222,8735,2003,2065.0,0.0,2.2821919999999998,-2.0985150000000004,DEU,TTO,830250
2831472,81,222,8735,2003,171480.0,0.0,1.8712540000000002,0.706205,GBR,TTO,830250
2831473,111,222,8735,2003,1532.0,0.0,1.399734,1.044608,ITA,TTO,830250
2831474,127,222,8735,2003,0.0,776.0,0.318385,-0.342679,LCA,TTO,830250
2831475,208,222,8735,2003,800.0,0.0,2.099224,0.799982,SWE,TTO,830250
2831476,231,222,8735,2003,121976.0,0.0,1.7789220000000001,0.064028,USA,TTO,830250
2831477,236,222,8735,2003,3269.0,0.0,0.277805,-0.783697,VEN,TTO,830250
2831478,249,222,8735,2003,27976.0,0.0,1.5924040000000002,1.397843,TWN,TTO,830250
2831479,4,224,8735,2003,0.0,9789.0,-0.053595000000000004,0.166034,ALB,TUR,830250
2831480,7,224,8735,2003,0.0,5472.0,0.049637,-0.502691,ARE,TUR,830250
2831481,9,224,8735,2003,0.0,6455.0,0.497521,-0.305788,ARM,TUR,830250
2831482,14,224,8735,2003,1368.0,8214.0,0.316879,0.9409489999999999,AUS,TUR,830250
2831483,15,224,8735,2003,10714.0,14309.0,1.834977,0.408096,AUT,TUR,830250
2831484,16,224,8735,2003,0.0,67512.0,-0.304606,-0.975453,AZE,TUR,830250
2831485,18,224,8735,2003,1187.0,175701.0,1.361682,1.39536,BEL,TUR,830250
2831486,23,224,8735,2003,0.0,343210.0,0.43308599999999997,1.7104099999999998,BGR,TUR,830250
2831487,24,224,8735,2003,0.0,796.0,-0.10968800000000001,-1.041032,BHR,TUR,830250
2831488,26,224,8735,2003,0.0,4508.0,0.195667,0.347011,BIH,TUR,830250
2831489,39,224,8735,2003,0.0,23979.0,0.9791540000000001,1.185081,CAN,TUR,830250
2831490,41,224,8735,2003,2060.0,0.0,2.151037,0.711217,CHE,TUR,830250
2831491,42,224,8735,2003,0.0,5399.0,-0.06375900000000001,-0.156808,CHL,TUR,830250
2831492,43,224,8735,2003,33803.0,3689.0,0.579431,2.773139,CHN,TUR,830250
2831493,49,224,8735,2003,0.0,1617.0,0.218336,0.376869,COL,TUR,830250
2831494,58,224,8735,2003,0.0,21830.0,0.259992,0.068914,CYP,TUR,830250
2831495,59,224,8735,2003,12545.0,5919.0,1.555749,0.8662059999999999,CZE,TUR,830250
2831496,61,224,8735,2003,124403.0,338505.0,2.2821919999999998,-2.0985150000000004,DEU,TUR,830250
2831497,64,224,8735,2003,823.0,8429.0,1.309564,1.245596,DNK,TUR,830250
2831498,66,224,8735,2003,0.0,58644.0,-1.060727,-1.142594,DZA,TUR,830250
2831499,68,224,8735,2003,0.0,8186.0,-0.292923,0.465433,EGY,TUR,830250
2831500,71,224,8735,2003,1693.0,62590.0,0.960684,2.074792,ESP,TUR,830250
2831501,72,224,8735,2003,0.0,4854.0,0.5913010000000001,0.8489979999999999,EST,TUR,830250
2831502,73,224,8735,2003,0.0,919.0,-1.1145559999999999,-0.9599620000000001,ETH,TUR,830250
2831503,74,224,8735,2003,0.0,56269.0,2.077889,0.942501,FIN,TUR,830250
2831504,77,224,8735,2003,19550.0,112159.0,1.606606,0.7394149999999999,FRA,TUR,830250
2831505,81,224,8735,2003,2805.0,347124.0,1.8712540000000002,0.706205,GBR,TUR,830250
2831506,82,224,8735,2003,0.0,29689.0,0.595485,-0.25939,GEO,TUR,830250
2831507,83,224,8735,2003,0.0,835.0,-1.074188,-0.7127319999999999,GHA,TUR,830250
2831508,90,224,8735,2003,9418.0,38760.0,0.364688,1.4823959999999998,GRC,TUR,830250
2831509,93,224,8735,2003,0.0,4335.0,-0.444162,0.145319,GTM,TUR,830250
2831510,97,224,8735,2003,12272.0,0.0,0.494569,2.147062,HKG,TUR,830250
2831511,100,224,8735,2003,0.0,8382.0,0.568394,1.230759,HRV,TUR,830250
2831512,102,224,8735,2003,3527.0,31244.0,1.2003270000000001,1.091407,HUN,TUR,830250
2831513,104,224,8735,2003,5151.0,0.0,0.33014099999999996,2.836003,IND,TUR,830250
2831514,106,224,8735,2003,0.0,4255.0,1.6396130000000002,0.220599,IRL,TUR,830250
2831515,107,224,8735,2003,0.0,48885.0,-0.552146,-0.8668520000000001,IRN,TUR,830250
2831516,108,224,8735,2003,0.0,47811.0,-0.398557,-0.774153,IRQ,TUR,830250
2831517,109,224,8735,2003,0.0,8462.0,0.21902800000000003,-0.40818499999999996,ISL,TUR,830250
2831518,110,224,8735,2003,0.0,41854.0,1.157809,0.682195,ISR,TUR,830250
2831519,111,224,8735,2003,399697.0,393761.0,1.399734,1.044608,ITA,TUR,830250
2831520,113,224,8735,2003,0.0,19744.0,0.12295,0.377031,JOR,TUR,830250
2831521,114,224,8735,2003,134114.0,0.0,2.4686630000000003,0.48072600000000004,JPN,TUR,830250
2831522,115,224,8735,2003,0.0,39108.0,-0.156326,-0.62092,KAZ,TUR,830250
2831523,117,224,8735,2003,0.0,1047.0,0.25359699999999996,0.24101199999999998,KGZ,TUR,830250
2831524,122,224,8735,2003,0.0,3186.0,-0.7943640000000001,-1.1529770000000001,KWT,TUR,830250
2831525,124,224,8735,2003,0.0,9270.0,0.261687,1.053856,LBN,TUR,830250
2831526,126,224,8735,2003,0.0,40006.0,-0.36075999999999997,-1.110575,LBY,TUR,830250
2831527,130,224,8735,2003,0.0,1069.0,0.239608,0.517299,LTU,TUR,830250
2831528,132,224,8735,2003,0.0,3334.0,0.520772,0.5631689999999999,LVA,TUR,830250
2831529,134,224,8735,2003,0.0,2303.0,-0.6842050000000001,-0.217892,MAR,TUR,830250
2831530,135,224,8735,2003,0.0,1575.0,-0.005154,-0.26107199999999997,MDA,TUR,830250
2831531,138,224,8735,2003,0.0,5809.0,0.862509,0.756684,MEX,TUR,830250
2831532,140,224,8735,2003,0.0,55578.0,-0.017632,0.225394,MKD,TUR,830250
2831533,153,224,8735,2003,0.0,52162.0,0.728804,0.2168,MYS,TUR,830250
2831534,162,224,8735,2003,412006.0,14322.0,1.168453,1.7085709999999998,NLD,TUR,830250
2831535,163,224,8735,2003,0.0,132956.0,1.1500620000000001,0.258554,NOR,TUR,830250
2831536,174,224,8735,2003,0.0,1759.0,-0.065022,-0.195144,PHL,TUR,830250
2831537,177,224,8735,2003,0.0,95417.0,0.966622,1.664838,POL,TUR,830250
2831538,179,224,8735,2003,0.0,9180.0,0.471376,1.647303,PRT,TUR,830250
2831539,183,224,8735,2003,0.0,9938.0,-0.209042,-1.0565799999999999,QAT,TUR,830250
2831540,185,224,8735,2003,7098.0,486782.0,0.378379,1.0064620000000002,ROU,TUR,830250
2831541,186,224,8735,2003,0.0,573925.0,1.072729,0.338355,RUS,TUR,830250
2831542,188,224,8735,2003,0.0,38257.0,0.202286,-0.714691,SAU,TUR,830250
2831543,189,224,8735,2003,0.0,93469.0,0.575326,1.627894,SCG,TUR,830250
2831544,190,224,8735,2003,0.0,4366.0,-1.3535059999999999,-1.1701409999999999,SDN,TUR,830250
2831545,206,224,8735,2003,1222.0,7530.0,1.22565,0.915518,SVK,TUR,830250
2831546,207,224,8735,2003,0.0,11971.0,1.6459840000000001,1.014191,SVN,TUR,830250
2831547,208,224,8735,2003,3278.0,822644.0,2.099224,0.799982,SWE,TUR,830250
2831548,217,224,8735,2003,0.0,1016.0,-0.6187520000000001,-1.0438969999999999,TJK,TUR,830250
2831549,219,224,8735,2003,0.0,32456.0,-1.223295,-1.250217,TKM,TUR,830250
2831550,228,224,8735,2003,0.0,13316.0,0.8929389999999999,0.956685,UKR,TUR,830250
2831551,231,224,8735,2003,24134.0,61742.0,1.7789220000000001,0.064028,USA,TUR,830250
2831552,232,224,8735,2003,0.0,26405.0,-0.285978,-0.703334,UZB,TUR,830250
2831553,246,224,8735,2003,0.0,2335.0,0.477987,2.255395,ZAF,TUR,830250
2831554,249,224,8735,2003,12498.0,5376.0,1.5924040000000002,1.397843,TWN,TUR,830250
2831555,250,224,8735,2003,0.0,7178.0,0.45951499999999995,-0.2312,ANS,TUR,830250
2831556,8,230,8735,2003,19512.0,0.0,0.302073,0.49069700000000005,ARG,URY,830250
2831557,14,230,8735,2003,7248.0,0.0,0.316879,0.9409489999999999,AUS,URY,830250
2831558,32,230,8735,2003,24587.0,0.0,0.660576,1.118876,BRA,URY,830250
2831559,43,230,8735,2003,1170.0,0.0,0.579431,2.773139,CHN,URY,830250
2831560,61,230,8735,2003,4346.0,0.0,2.2821919999999998,-2.0985150000000004,DEU,URY,830250
2831561,71,230,8735,2003,14436.0,0.0,0.960684,2.074792,ESP,URY,830250
2831562,97,230,8735,2003,6431.0,0.0,0.494569,2.147062,HKG,URY,830250
2831563,111,230,8735,2003,2815.0,0.0,1.399734,1.044608,ITA,URY,830250
2831564,231,230,8735,2003,20878.0,0.0,1.7789220000000001,0.064028,USA,URY,830250
2831565,0,231,8735,2003,0.0,14240.0,-0.13006600000000001,-0.783431,ABW,USA,830250
2831566,6,231,8735,2003,0.0,353530.0,0.108903,-0.650137,ANT,USA,830250
2831567,7,231,8735,2003,0.0,107786.0,0.049637,-0.502691,ARE,USA,830250
2831568,8,231,8735,2003,133054.0,10258.0,0.302073,0.49069700000000005,ARG,USA,830250
2831569,14,231,8735,2003,88424.0,654045.0,0.316879,0.9409489999999999,AUS,USA,830250
2831570,15,231,8735,2003,17684.0,39295.0,1.834977,0.408096,AUT,USA,830250
2831571,18,231,8735,2003,28135.0,134721.0,1.361682,1.39536,BEL,USA,830250
2831572,22,231,8735,2003,5477.0,3845.0,-1.168404,-1.035782,BGD,USA,830250
2831573,23,231,8735,2003,60723.0,0.0,0.43308599999999997,1.7104099999999998,BGR,USA,830250
2831574,24,231,8735,2003,0.0,3375.0,-0.10968800000000001,-1.041032,BHR,USA,830250
2831575,25,231,8735,2003,1145.0,32425.0,0.614422,-0.40984,BHS,USA,830250
2831576,29,231,8735,2003,0.0,7616.0,-0.543555,-0.7596,BLZ,USA,830250
2831577,30,231,8735,2003,0.0,7457.0,0.9966459999999999,-0.5183270000000001,BMU,USA,830250
2831578,31,231,8735,2003,3482.0,4495.0,-0.787995,-0.7228899999999999,BOL,USA,830250
2831579,32,231,8735,2003,647430.0,90835.0,0.660576,1.118876,BRA,USA,830250
2831580,33,231,8735,2003,0.0,36507.0,0.744166,0.074191,BRB,USA,830250
2831581,34,231,8735,2003,0.0,823.0,-1.342738,-0.978633,BRN,USA,830250
2831582,37,231,8735,2003,0.0,1386.0,-0.517317,-1.1125770000000001,BWA,USA,830250
2831583,39,231,8735,2003,9672337.0,33942900.0,0.9791540000000001,1.185081,CAN,USA,830250
2831584,41,231,8735,2003,186748.0,20482.0,2.151037,0.711217,CHE,USA,830250
2831585,42,231,8735,2003,6147.0,18088.0,-0.06375900000000001,-0.156808,CHL,USA,830250
2831586,43,231,8735,2003,98859472.0,280751.0,0.579431,2.773139,CHN,USA,830250
2831587,49,231,8735,2003,527204.0,35354.0,0.218336,0.376869,COL,USA,830250
2831588,52,231,8735,2003,0.0,323100.0,-0.193904,-0.5049680000000001,CRI,USA,830250
2831589,57,231,8735,2003,0.0,24095.0,0.308768,-0.690944,CYM,USA,830250
2831590,58,231,8735,2003,0.0,2360.0,0.259992,0.068914,CYP,USA,830250
2831591,59,231,8735,2003,164847.0,5048.0,1.555749,0.8662059999999999,CZE,USA,830250
2831592,61,231,8735,2003,2075854.0,4017443.0,2.2821919999999998,-2.0985150000000004,DEU,USA,830250
2831593,63,231,8735,2003,0.0,2993.0,0.11903299999999999,-0.21768200000000001,DMA,USA,830250
2831594,64,231,8735,2003,92760.0,2875.0,1.309564,1.245596,DNK,USA,830250
2831595,65,231,8735,2003,2741.0,104482.0,-0.46264399999999994,-0.245034,DOM,USA,830250
2831596,67,231,8735,2003,0.0,11633.0,-0.8689370000000001,-0.889767,ECU,USA,830250
2831597,68,231,8735,2003,0.0,10716.0,-0.292923,0.465433,EGY,USA,830250
2831598,71,231,8735,2003,94272.0,19646.0,0.960684,2.074792,ESP,USA,830250
2831599,74,231,8735,2003,126648.0,2471.0,2.077889,0.942501,FIN,USA,830250
2831600,77,231,8735,2003,132657.0,279724.0,1.606606,0.7394149999999999,FRA,USA,830250
2831601,79,231,8735,2003,0.0,7684.0,-1.370191,-1.028812,FSM,USA,830250
2831602,81,231,8735,2003,2062447.0,2761278.0,1.8712540000000002,0.706205,GBR,USA,830250
2831603,83,231,8735,2003,0.0,3467.0,-1.074188,-0.7127319999999999,GHA,USA,830250
2831604,90,231,8735,2003,0.0,121031.0,0.364688,1.4823959999999998,GRC,USA,830250
2831605,91,231,8735,2003,0.0,9689.0,0.3936,-0.258355,GRD,USA,830250
2831606,93,231,8735,2003,9626.0,109521.0,-0.444162,0.145319,GTM,USA,830250
2831607,96,231,8735,2003,0.0,25729.0,-0.59035,-0.7361340000000001,GUY,USA,830250
2831608,97,231,8735,2003,1833769.0,75453.0,0.494569,2.147062,HKG,USA,830250
2831609,99,231,8735,2003,0.0,38289.0,-0.733546,-0.568585,HND,USA,830250
2831610,102,231,8735,2003,0.0,110376.0,1.2003270000000001,1.091407,HUN,USA,830250
2831611,103,231,8735,2003,616388.0,23911.0,-0.16802,1.7252990000000001,IDN,USA,830250
2831612,104,231,8735,2003,2409982.0,29522.0,0.33014099999999996,2.836003,IND,USA,830250
2831613,106,231,8735,2003,12495.0,608018.0,1.6396130000000002,0.220599,IRL,USA,830250
2831614,109,231,8735,2003,0.0,6065.0,0.21902800000000003,-0.40818499999999996,ISL,USA,830250
2831615,110,231,8735,2003,6714948.0,53187.0,1.157809,0.682195,ISR,USA,830250
2831616,111,231,8735,2003,632937.0,41897.0,1.399734,1.044608,ITA,USA,830250
2831617,112,231,8735,2003,0.0,64587.0,-0.6684140000000001,-0.915817,JAM,USA,830250
2831618,113,231,8735,2003,0.0,2130.0,0.12295,0.377031,JOR,USA,830250
2831619,114,231,8735,2003,5984620.0,580536.0,2.4686630000000003,0.48072600000000004,JPN,USA,830250
2831620,115,231,8735,2003,0.0,3484.0,-0.156326,-0.62092,KAZ,USA,830250
2831621,116,231,8735,2003,0.0,2330.0,-0.3531,0.582992,KEN,USA,830250
2831622,117,231,8735,2003,0.0,694.0,0.25359699999999996,0.24101199999999998,KGZ,USA,830250
2831623,120,231,8735,2003,0.0,3571.0,0.555154,-0.405962,KNA,USA,830250
2831624,121,231,8735,2003,2054012.0,195460.0,1.2611709999999998,0.956308,KOR,USA,830250
2831625,122,231,8735,2003,0.0,36669.0,-0.7943640000000001,-1.1529770000000001,KWT,USA,830250
2831626,124,231,8735,2003,0.0,5290.0,0.261687,1.053856,LBN,USA,830250
2831627,127,231,8735,2003,0.0,19439.0,0.318385,-0.342679,LCA,USA,830250
2831628,130,231,8735,2003,37941.0,0.0,0.239608,0.517299,LTU,USA,830250
2831629,138,231,8735,2003,10017500.0,4927722.0,0.862509,0.756684,MEX,USA,830250
2831630,151,231,8735,2003,0.0,4469.0,-0.361514,-0.29839899999999997,MUS,USA,830250
2831631,153,231,8735,2003,154136.0,418803.0,0.728804,0.2168,MYS,USA,830250
2831632,160,231,8735,2003,0.0,8961.0,-0.8661459999999999,-0.8661690000000001,NIC,USA,830250
2831633,162,231,8735,2003,177696.0,696207.0,1.168453,1.7085709999999998,NLD,USA,830250
2831634,163,231,8735,2003,27859.0,3618.0,1.1500620000000001,0.258554,NOR,USA,830250
2831635,166,231,8735,2003,15276.0,52471.0,0.589619,0.997301,NZL,USA,830250
2831636,168,231,8735,2003,2760.0,0.0,-0.6659689999999999,0.137924,PAK,USA,830250
2831637,169,231,8735,2003,0.0,69382.0,-0.050386,-0.039619999999999995,PAN,USA,830250
2831638,173,231,8735,2003,0.0,26923.0,-0.48627,0.371354,PER,USA,830250
2831639,174,231,8735,2003,143296.0,25005.0,-0.065022,-0.195144,PHL,USA,830250
2831640,176,231,8735,2003,0.0,2759.0,-1.7997330000000002,-1.2110049999999999,PNG,USA,830250
2831641,177,231,8735,2003,43843.0,3178.0,0.966622,1.664838,POL,USA,830250
2831642,179,231,8735,2003,304360.0,13889.0,0.471376,1.647303,PRT,USA,830250
2831643,182,231,8735,2003,0.0,1810.0,-0.255707,-0.676557,PYF,USA,830250
2831644,183,231,8735,2003,0.0,14754.0,-0.209042,-1.0565799999999999,QAT,USA,830250
2831645,185,231,8735,2003,1710.0,10231.0,0.378379,1.0064620000000002,ROU,USA,830250
2831646,186,231,8735,2003,106408.0,14630.0,1.072729,0.338355,RUS,USA,830250
2831647,188,231,8735,2003,7322.0,80387.0,0.202286,-0.714691,SAU,USA,830250
2831648,192,231,8735,2003,909708.0,533326.0,1.5080799999999999,0.720337,SGP,USA,830250
2831649,197,231,8735,2003,0.0,5668.0,-0.251357,-0.189917,SLV,USA,830250
2831650,206,231,8735,2003,141683.0,0.0,1.22565,0.915518,SVK,USA,830250
2831651,207,231,8735,2003,0.0,2427.0,1.6459840000000001,1.014191,SVN,USA,830250
2831652,208,231,8735,2003,612275.0,49120.0,2.099224,0.799982,SWE,USA,830250
2831653,209,231,8735,2003,42598.0,0.0,0.399541,-0.23342600000000002,SWZ,USA,830250
2831654,216,231,8735,2003,1160504.0,95953.0,0.43010699999999996,1.607408,THA,USA,830250
2831655,218,231,8735,2003,9691.0,0.0,0.244606,-0.038999,TKL,USA,830250
2831656,222,231,8735,2003,0.0,121976.0,-0.16738,-0.9820969999999999,TTO,USA,830250
2831657,224,231,8735,2003,61742.0,24134.0,0.192802,1.9855060000000002,TUR,USA,830250
2831658,227,231,8735,2003,0.0,773.0,-0.895193,-0.712039,UGA,USA,830250
2831659,228,231,8735,2003,0.0,4052.0,0.8929389999999999,0.956685,UKR,USA,830250
2831660,230,231,8735,2003,0.0,20878.0,0.19792200000000001,0.243104,URY,USA,830250
2831661,234,231,8735,2003,0.0,32389.0,-0.355758,-0.679181,VCT,USA,830250
2831662,236,231,8735,2003,7935.0,4866.0,0.277805,-0.783697,VEN,USA,830250
2831663,237,231,8735,2003,131768.0,4000.0,0.685109,-0.20824299999999998,VGB,USA,830250
2831664,239,231,8735,2003,68953.0,2093.0,-0.633985,0.659696,VNM,USA,830250
2831665,242,231,8735,2003,0.0,1051.0,-0.304377,-0.620659,WSM,USA,830250
2831666,246,231,8735,2003,3885.0,25772.0,0.477987,2.255395,ZAF,USA,830250
2831667,249,231,8735,2003,41412052.0,129796.0,1.5924040000000002,1.397843,TWN,USA,830250
2831668,18,236,8735,2003,5169.0,0.0,1.361682,1.39536,BEL,VEN,830250
2831669,39,236,8735,2003,1554.0,0.0,0.9791540000000001,1.185081,CAN,VEN,830250
2831670,43,236,8735,2003,17814.0,0.0,0.579431,2.773139,CHN,VEN,830250
2831671,49,236,8735,2003,17818.0,987.0,0.218336,0.376869,COL,VEN,830250
2831672,52,236,8735,2003,0.0,1401.0,-0.193904,-0.5049680000000001,CRI,VEN,830250
2831673,54,236,8735,2003,0.0,4888.0,-0.391515,-0.8562120000000001,CUB,VEN,830250
2831674,61,236,8735,2003,848.0,0.0,2.2821919999999998,-2.0985150000000004,DEU,VEN,830250
2831675,71,236,8735,2003,27315.0,1685.0,0.960684,2.074792,ESP,VEN,830250
2831676,77,236,8735,2003,3302.0,0.0,1.606606,0.7394149999999999,FRA,VEN,830250
2831677,81,236,8735,2003,1053.0,0.0,1.8712540000000002,0.706205,GBR,VEN,830250
2831678,97,236,8735,2003,12500.0,0.0,0.494569,2.147062,HKG,VEN,830250
2831679,100,236,8735,2003,6983.0,0.0,0.568394,1.230759,HRV,VEN,830250
2831680,104,236,8735,2003,900.0,0.0,0.33014099999999996,2.836003,IND,VEN,830250
2831681,111,236,8735,2003,11870.0,0.0,1.399734,1.044608,ITA,VEN,830250
2831682,114,236,8735,2003,12050.0,0.0,2.4686630000000003,0.48072600000000004,JPN,VEN,830250
2831683,138,236,8735,2003,1380.0,0.0,0.862509,0.756684,MEX,VEN,830250
2831684,169,236,8735,2003,3528.0,0.0,-0.050386,-0.039619999999999995,PAN,VEN,830250
2831685,222,236,8735,2003,0.0,3269.0,-0.16738,-0.9820969999999999,TTO,VEN,830250
2831686,231,236,8735,2003,4866.0,7935.0,1.7789220000000001,0.064028,USA,VEN,830250
2831687,249,236,8735,2003,36950.0,0.0,1.5924040000000002,1.397843,TWN,VEN,830250
2831688,250,236,8735,2003,1984.0,0.0,0.45951499999999995,-0.2312,ANS,VEN,830250
2831689,231,237,8735,2003,4000.0,131768.0,1.7789220000000001,0.064028,USA,VGB,830250
2831690,2,246,8735,2003,0.0,6845.0,-1.8762919999999998,-1.176541,AGO,ZAF,830250
2831691,7,246,8735,2003,0.0,9533.0,0.049637,-0.502691,ARE,ZAF,830250
2831692,14,246,8735,2003,1596.0,10735.0,0.316879,0.9409489999999999,AUS,ZAF,830250
2831693,15,246,8735,2003,1635.0,0.0,1.834977,0.408096,AUT,ZAF,830250
2831694,37,246,8735,2003,233.0,551180.0,-0.517317,-1.1125770000000001,BWA,ZAF,830250
2831695,39,246,8735,2003,1493.0,27465.0,0.9791540000000001,1.185081,CAN,ZAF,830250
2831696,43,246,8735,2003,193409.0,0.0,0.579431,2.773139,CHN,ZAF,830250
2831697,46,246,8735,2003,0.0,2541.0,-1.366232,-1.0778860000000001,COD,ZAF,830250
2831698,59,246,8735,2003,0.0,2352.0,1.555749,0.8662059999999999,CZE,ZAF,830250
2831699,61,246,8735,2003,87893.0,14860.0,2.2821919999999998,-2.0985150000000004,DEU,ZAF,830250
2831700,71,246,8735,2003,0.0,2257.0,0.960684,2.074792,ESP,ZAF,830250
2831701,77,246,8735,2003,3087.0,0.0,1.606606,0.7394149999999999,FRA,ZAF,830250
2831702,81,246,8735,2003,88445.0,160408.0,1.8712540000000002,0.706205,GBR,ZAF,830250
2831703,83,246,8735,2003,0.0,69289.0,-1.074188,-0.7127319999999999,GHA,ZAF,830250
2831704,97,246,8735,2003,19227.0,0.0,0.494569,2.147062,HKG,ZAF,830250
2831705,103,246,8735,2003,0.0,3453.0,-0.16802,1.7252990000000001,IDN,ZAF,830250
2831706,104,246,8735,2003,7454.0,0.0,0.33014099999999996,2.836003,IND,ZAF,830250
2831707,106,246,8735,2003,0.0,27646.0,1.6396130000000002,0.220599,IRL,ZAF,830250
2831708,110,246,8735,2003,796.0,0.0,1.157809,0.682195,ISR,ZAF,830250
2831709,111,246,8735,2003,20692.0,0.0,1.399734,1.044608,ITA,ZAF,830250
2831710,114,246,8735,2003,2677.0,0.0,2.4686630000000003,0.48072600000000004,JPN,ZAF,830250
2831711,116,246,8735,2003,0.0,6965.0,-0.3531,0.582992,KEN,ZAF,830250
2831712,121,246,8735,2003,7132.0,0.0,1.2611709999999998,0.956308,KOR,ZAF,830250
2831713,136,246,8735,2003,0.0,991.0,-1.254758,-0.622696,MDG,ZAF,830250
2831714,147,246,8735,2003,0.0,11588.0,-1.188243,-1.123693,MOZ,ZAF,830250
2831715,151,246,8735,2003,0.0,9306.0,-0.361514,-0.29839899999999997,MUS,ZAF,830250
2831716,152,246,8735,2003,0.0,11870.0,-1.48079,-1.235645,MWI,ZAF,830250
2831717,153,246,8735,2003,1548.0,0.0,0.728804,0.2168,MYS,ZAF,830250
2831718,155,246,8735,2003,149.0,131905.0,-0.24004499999999998,-0.39565900000000004,NAM,ZAF,830250
2831719,159,246,8735,2003,0.0,8386.0,-1.859176,-1.234236,NGA,ZAF,830250
2831720,162,246,8735,2003,1138.0,0.0,1.168453,1.7085709999999998,NLD,ZAF,830250
2831721,183,246,8735,2003,0.0,18559.0,-0.209042,-1.0565799999999999,QAT,ZAF,830250
2831722,185,246,8735,2003,0.0,4056.0,0.378379,1.0064620000000002,ROU,ZAF,830250
2831723,192,246,8735,2003,0.0,15577.0,1.5080799999999999,0.720337,SGP,ZAF,830250
2831724,208,246,8735,2003,5005.0,0.0,2.099224,0.799982,SWE,ZAF,830250
2831725,209,246,8735,2003,0.0,167158.0,0.399541,-0.23342600000000002,SWZ,ZAF,830250
2831726,211,246,8735,2003,0.0,2030.0,-0.44341099999999994,-0.742566,SYC,ZAF,830250
2831727,212,246,8735,2003,0.0,8743.0,-0.868749,-0.326322,SYR,ZAF,830250
2831728,224,246,8735,2003,2335.0,0.0,0.192802,1.9855060000000002,TUR,ZAF,830250
2831729,226,246,8735,2003,0.0,4133.0,-1.225217,-0.43662399999999996,TZA,ZAF,830250
2831730,227,246,8735,2003,0.0,5452.0,-0.895193,-0.712039,UGA,ZAF,830250
2831731,231,246,8735,2003,25772.0,3885.0,1.7789220000000001,0.064028,USA,ZAF,830250
2831732,247,246,8735,2003,0.0,35935.0,-0.678149,-0.5919449999999999,ZMB,ZAF,830250
2831733,248,246,8735,2003,0.0,25600.0,-0.366539,-0.18906199999999998,ZWE,ZAF,830250
2831734,249,246,8735,2003,16239.0,0.0,1.5924040000000002,1.397843,TWN,ZAF,830250
2831735,7,249,8735,2003,0.0,81804.0,0.049637,-0.502691,ARE,TWN,830250
2831736,8,249,8735,2003,0.0,1032.0,0.302073,0.49069700000000005,ARG,TWN,830250
2831737,14,249,8735,2003,3095.0,1143081.0,0.316879,0.9409489999999999,AUS,TWN,830250
2831738,15,249,8735,2003,0.0,57954.0,1.834977,0.408096,AUT,TWN,830250
2831739,18,249,8735,2003,0.0,461922.0,1.361682,1.39536,BEL,TWN,830250
2831740,23,249,8735,2003,0.0,2729.0,0.43308599999999997,1.7104099999999998,BGR,TWN,830250
2831741,26,249,8735,2003,0.0,2364.0,0.195667,0.347011,BIH,TWN,830250
2831742,32,249,8735,2003,0.0,22819.0,0.660576,1.118876,BRA,TWN,830250
2831743,33,249,8735,2003,0.0,2208.0,0.744166,0.074191,BRB,TWN,830250
2831744,34,249,8735,2003,0.0,1845.0,-1.342738,-0.978633,BRN,TWN,830250
2831745,37,249,8735,2003,0.0,1812.0,-0.517317,-1.1125770000000001,BWA,TWN,830250
2831746,39,249,8735,2003,14998.0,2164580.0,0.9791540000000001,1.185081,CAN,TWN,830250
2831747,41,249,8735,2003,12962.0,70049.0,2.151037,0.711217,CHE,TWN,830250
2831748,42,249,8735,2003,0.0,36075.0,-0.06375900000000001,-0.156808,CHL,TWN,830250
2831749,43,249,8735,2003,618098.0,518791.0,0.579431,2.773139,CHN,TWN,830250
2831750,44,249,8735,2003,0.0,2262.0,-0.699928,-0.723739,CIV,TWN,830250
2831751,49,249,8735,2003,0.0,8456.0,0.218336,0.376869,COL,TWN,830250
2831752,52,249,8735,2003,0.0,22617.0,-0.193904,-0.5049680000000001,CRI,TWN,830250
2831753,58,249,8735,2003,0.0,5191.0,0.259992,0.068914,CYP,TWN,830250
2831754,59,249,8735,2003,8025.0,189398.0,1.555749,0.8662059999999999,CZE,TWN,830250
2831755,61,249,8735,2003,21515.0,3841141.0,2.2821919999999998,-2.0985150000000004,DEU,TWN,830250
2831756,64,249,8735,2003,1044.0,9997.0,1.309564,1.245596,DNK,TWN,830250
2831757,67,249,8735,2003,0.0,41274.0,-0.8689370000000001,-0.889767,ECU,TWN,830250
2831758,68,249,8735,2003,0.0,10612.0,-0.292923,0.465433,EGY,TWN,830250
2831759,71,249,8735,2003,1007.0,651407.0,0.960684,2.074792,ESP,TWN,830250
2831760,72,249,8735,2003,0.0,3479.0,0.5913010000000001,0.8489979999999999,EST,TWN,830250
2831761,73,249,8735,2003,0.0,3787.0,-1.1145559999999999,-0.9599620000000001,ETH,TWN,830250
2831762,74,249,8735,2003,0.0,13911.0,2.077889,0.942501,FIN,TWN,830250
2831763,75,249,8735,2003,0.0,5972.0,-0.6865640000000001,-0.326977,FJI,TWN,830250
2831764,77,249,8735,2003,3156.0,638932.0,1.606606,0.7394149999999999,FRA,TWN,830250
2831765,81,249,8735,2003,4566.0,2237694.0,1.8712540000000002,0.706205,GBR,TWN,830250
2831766,83,249,8735,2003,0.0,4156.0,-1.074188,-0.7127319999999999,GHA,TWN,830250
2831767,90,249,8735,2003,0.0,9088.0,0.364688,1.4823959999999998,GRC,TWN,830250
2831768,96,249,8735,2003,0.0,641.0,-0.59035,-0.7361340000000001,GUY,TWN,830250
2831769,97,249,8735,2003,8204.0,166307.0,0.494569,2.147062,HKG,TWN,830250
2831770,99,249,8735,2003,0.0,13991.0,-0.733546,-0.568585,HND,TWN,830250
2831771,100,249,8735,2003,0.0,29430.0,0.568394,1.230759,HRV,TWN,830250
2831772,102,249,8735,2003,0.0,7267.0,1.2003270000000001,1.091407,HUN,TWN,830250
2831773,103,249,8735,2003,0.0,26224.0,-0.16802,1.7252990000000001,IDN,TWN,830250
2831774,104,249,8735,2003,2959.0,2332.0,0.33014099999999996,2.836003,IND,TWN,830250
2831775,106,249,8735,2003,0.0,40822.0,1.6396130000000002,0.220599,IRL,TWN,830250
2831776,107,249,8735,2003,0.0,4365.0,-0.552146,-0.8668520000000001,IRN,TWN,830250
2831777,109,249,8735,2003,0.0,907.0,0.21902800000000003,-0.40818499999999996,ISL,TWN,830250
2831778,110,249,8735,2003,0.0,30465.0,1.157809,0.682195,ISR,TWN,830250
2831779,111,249,8735,2003,36515.0,326465.0,1.399734,1.044608,ITA,TWN,830250
2831780,112,249,8735,2003,0.0,5770.0,-0.6684140000000001,-0.915817,JAM,TWN,830250
2831781,113,249,8735,2003,0.0,14201.0,0.12295,0.377031,JOR,TWN,830250
2831782,114,249,8735,2003,119251.0,2672028.0,2.4686630000000003,0.48072600000000004,JPN,TWN,830250
2831783,115,249,8735,2003,0.0,8243.0,-0.156326,-0.62092,KAZ,TWN,830250
2831784,116,249,8735,2003,0.0,1990.0,-0.3531,0.582992,KEN,TWN,830250
2831785,118,249,8735,2003,0.0,1882.0,-1.0165620000000002,-1.060454,KHM,TWN,830250
2831786,121,249,8735,2003,5248.0,21909.0,1.2611709999999998,0.956308,KOR,TWN,830250
2831787,122,249,8735,2003,0.0,119735.0,-0.7943640000000001,-1.1529770000000001,KWT,TWN,830250
2831788,124,249,8735,2003,0.0,13562.0,0.261687,1.053856,LBN,TWN,830250
2831789,128,249,8735,2003,0.0,4446.0,-0.618057,0.101931,LKA,TWN,830250
2831790,130,249,8735,2003,1626.0,8988.0,0.239608,0.517299,LTU,TWN,830250
2831791,133,249,8735,2003,0.0,2356.0,-0.294516,-0.413828,MAC,TWN,830250
2831792,134,249,8735,2003,0.0,27135.0,-0.6842050000000001,-0.217892,MAR,TWN,830250
2831793,138,249,8735,2003,0.0,132322.0,0.862509,0.756684,MEX,TWN,830250
2831794,151,249,8735,2003,0.0,3741.0,-0.361514,-0.29839899999999997,MUS,TWN,830250
2831795,153,249,8735,2003,9615.0,732036.0,0.728804,0.2168,MYS,TWN,830250
2831796,159,249,8735,2003,0.0,3342.0,-1.859176,-1.234236,NGA,TWN,830250
2831797,160,249,8735,2003,0.0,29846.0,-0.8661459999999999,-0.8661690000000001,NIC,TWN,830250
2831798,162,249,8735,2003,1468.0,293648.0,1.168453,1.7085709999999998,NLD,TWN,830250
2831799,163,249,8735,2003,0.0,59963.0,1.1500620000000001,0.258554,NOR,TWN,830250
2831800,166,249,8735,2003,0.0,16659.0,0.589619,0.997301,NZL,TWN,830250
2831801,168,249,8735,2003,0.0,5326.0,-0.6659689999999999,0.137924,PAK,TWN,830250
2831802,169,249,8735,2003,0.0,1155.0,-0.050386,-0.039619999999999995,PAN,TWN,830250
2831803,173,249,8735,2003,0.0,9462.0,-0.48627,0.371354,PER,TWN,830250
2831804,174,249,8735,2003,1499.0,71318.0,-0.065022,-0.195144,PHL,TWN,830250
2831805,176,249,8735,2003,0.0,2889.0,-1.7997330000000002,-1.2110049999999999,PNG,TWN,830250
2831806,177,249,8735,2003,0.0,381145.0,0.966622,1.664838,POL,TWN,830250
2831807,179,249,8735,2003,0.0,17697.0,0.471376,1.647303,PRT,TWN,830250
2831808,183,249,8735,2003,0.0,10268.0,-0.209042,-1.0565799999999999,QAT,TWN,830250
2831809,185,249,8735,2003,2959.0,55195.0,0.378379,1.0064620000000002,ROU,TWN,830250
2831810,186,249,8735,2003,0.0,242071.0,1.072729,0.338355,RUS,TWN,830250
2831811,188,249,8735,2003,0.0,223663.0,0.202286,-0.714691,SAU,TWN,830250
2831812,192,249,8735,2003,25293.0,49076.0,1.5080799999999999,0.720337,SGP,TWN,830250
2831813,197,249,8735,2003,0.0,60371.0,-0.251357,-0.189917,SLV,TWN,830250
2831814,206,249,8735,2003,3960.0,6572.0,1.22565,0.915518,SVK,TWN,830250
2831815,207,249,8735,2003,0.0,3404.0,1.6459840000000001,1.014191,SVN,TWN,830250
2831816,208,249,8735,2003,0.0,586554.0,2.099224,0.799982,SWE,TWN,830250
2831817,212,249,8735,2003,0.0,4365.0,-0.868749,-0.326322,SYR,TWN,830250
2831818,216,249,8735,2003,5544.0,105161.0,0.43010699999999996,1.607408,THA,TWN,830250
2831819,222,249,8735,2003,0.0,27976.0,-0.16738,-0.9820969999999999,TTO,TWN,830250
2831820,223,249,8735,2003,0.0,16914.0,-0.14845999999999998,0.255092,TUN,TWN,830250
2831821,224,249,8735,2003,5376.0,12498.0,0.192802,1.9855060000000002,TUR,TWN,830250
2831822,228,249,8735,2003,0.0,12448.0,0.8929389999999999,0.956685,UKR,TWN,830250
2831823,231,249,8735,2003,129796.0,41412052.0,1.7789220000000001,0.064028,USA,TWN,830250
2831824,236,249,8735,2003,0.0,36950.0,0.277805,-0.783697,VEN,TWN,830250
2831825,239,249,8735,2003,16650.0,21860.0,-0.633985,0.659696,VNM,TWN,830250
2831826,246,249,8735,2003,0.0,16239.0,0.477987,2.255395,ZAF,TWN,830250
2831827,250,249,8735,2003,4121.0,2083.0,0.45951499999999995,-0.2312,ANS,TWN,830250
2831828,15,14,8735,2003,16837.0,0.0,1.834977,0.408096,AUT,AUS,830250
2831829,18,14,8735,2003,38940.0,7373.0,1.361682,1.39536,BEL,AUS,830250
2831830,32,14,8735,2003,33542.0,0.0,0.660576,1.118876,BRA,AUS,830250
2831831,34,14,8735,2003,0.0,2581.0,-1.342738,-0.978633,BRN,AUS,830250
2831832,39,14,8735,2003,61465.0,4752.0,0.9791540000000001,1.185081,CAN,AUS,830250
2831833,41,14,8735,2003,13030.0,0.0,2.151037,0.711217,CHE,AUS,830250
2831834,43,14,8735,2003,2160510.0,9919.0,0.579431,2.773139,CHN,AUS,830250
2831835,59,14,8735,2003,49163.0,0.0,1.555749,0.8662059999999999,CZE,AUS,830250
2831836,61,14,8735,2003,192628.0,4573.0,2.2821919999999998,-2.0985150000000004,DEU,AUS,830250
2831837,64,14,8735,2003,103375.0,0.0,1.309564,1.245596,DNK,AUS,830250
2831838,71,14,8735,2003,370451.0,27032.0,0.960684,2.074792,ESP,AUS,830250
2831839,74,14,8735,2003,4548.0,0.0,2.077889,0.942501,FIN,AUS,830250
2831840,75,14,8735,2003,0.0,16775.0,-0.6865640000000001,-0.326977,FJI,AUS,830250
2831841,77,14,8735,2003,76021.0,5037.0,1.606606,0.7394149999999999,FRA,AUS,830250
2831842,81,14,8735,2003,261664.0,204941.0,1.8712540000000002,0.706205,GBR,AUS,830250
2831843,83,14,8735,2003,0.0,2993.0,-1.074188,-0.7127319999999999,GHA,AUS,830250
2831844,97,14,8735,2003,181061.0,13489.0,0.494569,2.147062,HKG,AUS,830250
2831845,102,14,8735,2003,3291.0,0.0,1.2003270000000001,1.091407,HUN,AUS,830250
2831846,103,14,8735,2003,45818.0,91837.0,-0.16802,1.7252990000000001,IDN,AUS,830250
2831847,104,14,8735,2003,122109.0,5402.0,0.33014099999999996,2.836003,IND,AUS,830250
2831848,106,14,8735,2003,19185.0,0.0,1.6396130000000002,0.220599,IRL,AUS,830250
2831849,110,14,8735,2003,3633.0,0.0,1.157809,0.682195,ISR,AUS,830250
2831850,111,14,8735,2003,33156.0,0.0,1.399734,1.044608,ITA,AUS,830250
2831851,114,14,8735,2003,420263.0,51121.0,2.4686630000000003,0.48072600000000004,JPN,AUS,830250
2831852,121,14,8735,2003,136386.0,6398.0,1.2611709999999998,0.956308,KOR,AUS,830250
2831853,128,14,8735,2003,5348.0,1115.0,-0.618057,0.101931,LKA,AUS,830250
2831854,130,14,8735,2003,1304.0,0.0,0.239608,0.517299,LTU,AUS,830250
2831855,134,14,8735,2003,1425.0,0.0,-0.6842050000000001,-0.217892,MAR,AUS,830250
2831856,138,14,8735,2003,28904.0,0.0,0.862509,0.756684,MEX,AUS,830250
2831857,143,14,8735,2003,0.0,3015.0,-1.435123,-1.0948,MMR,AUS,830250
2831858,145,14,8735,2003,0.0,3675.0,-0.9747620000000001,-1.026308,MNG,AUS,830250
2831859,153,14,8735,2003,211258.0,9769.0,0.728804,0.2168,MYS,AUS,830250
2831860,156,14,8735,2003,0.0,3135.0,-0.344934,-0.776632,NCL,AUS,830250
2831861,162,14,8735,2003,295486.0,6920.0,1.168453,1.7085709999999998,NLD,AUS,830250
2831862,163,14,8735,2003,4179.0,2230.0,1.1500620000000001,0.258554,NOR,AUS,830250
2831863,166,14,8735,2003,474845.0,167975.0,0.589619,0.997301,NZL,AUS,830250
2831864,174,14,8735,2003,9681.0,3059.0,-0.065022,-0.195144,PHL,AUS,830250
2831865,176,14,8735,2003,14173.0,1573.0,-1.7997330000000002,-1.2110049999999999,PNG,AUS,830250
2831866,179,14,8735,2003,17273.0,1146.0,0.471376,1.647303,PRT,AUS,830250
2831867,182,14,8735,2003,0.0,1422.0,-0.255707,-0.676557,PYF,AUS,830250
2831868,183,14,8735,2003,0.0,5044.0,-0.209042,-1.0565799999999999,QAT,AUS,830250
2831869,185,14,8735,2003,952.0,0.0,0.378379,1.0064620000000002,ROU,AUS,830250
2831870,188,14,8735,2003,0.0,1586.0,0.202286,-0.714691,SAU,AUS,830250
2831871,192,14,8735,2003,94710.0,26860.0,1.5080799999999999,0.720337,SGP,AUS,830250
2831872,206,14,8735,2003,7451.0,0.0,1.22565,0.915518,SVK,AUS,830250
2831873,208,14,8735,2003,162463.0,0.0,2.099224,0.799982,SWE,AUS,830250
2831874,216,14,8735,2003,109598.0,3070.0,0.43010699999999996,1.607408,THA,AUS,830250
2831875,224,14,8735,2003,8214.0,1368.0,0.192802,1.9855060000000002,TUR,AUS,830250
2831876,230,14,8735,2003,0.0,7248.0,0.19792200000000001,0.243104,URY,AUS,830250
2831877,231,14,8735,2003,654045.0,88424.0,1.7789220000000001,0.064028,USA,AUS,830250
2831878,239,14,8735,2003,8672.0,0.0,-0.633985,0.659696,VNM,AUS,830250
2831879,242,14,8735,2003,0.0,1584.0,-0.304377,-0.620659,WSM,AUS,830250
2831880,246,14,8735,2003,10735.0,1596.0,0.477987,2.255395,ZAF,AUS,830250
2831881,249,14,8735,2003,1143081.0,3095.0,1.5924040000000002,1.397843,TWN,AUS,830250
2831882,43,16,8735,2003,9070.0,0.0,0.579431,2.773139,CHN,AZE,830250
2831883,61,16,8735,2003,5654.0,0.0,2.2821919999999998,-2.0985150000000004,DEU,AZE,830250
2831884,81,16,8735,2003,73341.0,0.0,1.8712540000000002,0.706205,GBR,AZE,830250
2831885,107,16,8735,2003,56861.0,0.0,-0.552146,-0.8668520000000001,IRN,AZE,830250
2831886,208,16,8735,2003,1445.0,0.0,2.099224,0.799982,SWE,AZE,830250
2831887,224,16,8735,2003,67512.0,0.0,0.192802,1.9855060000000002,TUR,AZE,830250
2831888,15,23,8735,2003,10263.0,73408.0,1.834977,0.408096,AUT,BGR,830250
2831889,18,23,8735,2003,2152.0,0.0,1.361682,1.39536,BEL,BGR,830250
2831890,39,23,8735,2003,0.0,21456.0,0.9791540000000001,1.185081,CAN,BGR,830250
2831891,41,23,8735,2003,1079.0,4484.0,2.151037,0.711217,CHE,BGR,830250
2831892,43,23,8735,2003,30085.0,0.0,0.579431,2.773139,CHN,BGR,830250
2831893,59,23,8735,2003,2395.0,3435.0,1.555749,0.8662059999999999,CZE,BGR,830250
2831894,61,23,8735,2003,43401.0,26778.0,2.2821919999999998,-2.0985150000000004,DEU,BGR,830250
2831895,77,23,8735,2003,42559.0,48800.0,1.606606,0.7394149999999999,FRA,BGR,830250
2831896,90,23,8735,2003,1975.0,2949.0,0.364688,1.4823959999999998,GRC,BGR,830250
2831897,102,23,8735,2003,0.0,8311.0,1.2003270000000001,1.091407,HUN,BGR,830250
2831898,111,23,8735,2003,5619.0,0.0,1.399734,1.044608,ITA,BGR,830250
2831899,122,23,8735,2003,0.0,2146.0,-0.7943640000000001,-1.1529770000000001,KWT,BGR,830250
2831900,124,23,8735,2003,0.0,1738.0,0.261687,1.053856,LBN,BGR,830250
2831901,130,23,8735,2003,0.0,760.0,0.239608,0.517299,LTU,BGR,830250
2831902,153,23,8735,2003,1658.0,1142.0,0.728804,0.2168,MYS,BGR,830250
2831903,177,23,8735,2003,6755.0,0.0,0.966622,1.664838,POL,BGR,830250
2831904,183,23,8735,2003,0.0,1412.0,-0.209042,-1.0565799999999999,QAT,BGR,830250
2831905,185,23,8735,2003,2876.0,3947.0,0.378379,1.0064620000000002,ROU,BGR,830250
2831906,186,23,8735,2003,0.0,57615.0,1.072729,0.338355,RUS,BGR,830250
2831907,189,23,8735,2003,0.0,4261.0,0.575326,1.627894,SCG,BGR,830250
2831908,206,23,8735,2003,0.0,3541.0,1.22565,0.915518,SVK,BGR,830250
2831909,208,23,8735,2003,0.0,131035.0,2.099224,0.799982,SWE,BGR,830250
2831910,224,23,8735,2003,343210.0,0.0,0.192802,1.9855060000000002,TUR,BGR,830250
2831911,231,23,8735,2003,0.0,60723.0,1.7789220000000001,0.064028,USA,BGR,830250
2831912,249,23,8735,2003,2729.0,0.0,1.5924040000000002,1.397843,TWN,BGR,830250
2831913,15,26,8735,2003,22202.0,0.0,1.834977,0.408096,AUT,BIH,830250
2831914,18,26,8735,2003,1415.0,0.0,1.361682,1.39536,BEL,BIH,830250
2831915,43,26,8735,2003,867.0,0.0,0.579431,2.773139,CHN,BIH,830250
2831916,59,26,8735,2003,1078.0,0.0,1.555749,0.8662059999999999,CZE,BIH,830250
2831917,61,26,8735,2003,89503.0,8045.0,2.2821919999999998,-2.0985150000000004,DEU,BIH,830250
2831918,100,26,8735,2003,20792.0,0.0,0.568394,1.230759,HRV,BIH,830250
2831919,102,26,8735,2003,2912.0,0.0,1.2003270000000001,1.091407,HUN,BIH,830250
2831920,111,26,8735,2003,831161.0,1920.0,1.399734,1.044608,ITA,BIH,830250
2831921,185,26,8735,2003,1318.0,0.0,0.378379,1.0064620000000002,ROU,BIH,830250
2831922,189,26,8735,2003,1093.0,0.0,0.575326,1.627894,SCG,BIH,830250
2831923,207,26,8735,2003,18445.0,0.0,1.6459840000000001,1.014191,SVN,BIH,830250
2831924,224,26,8735,2003,4508.0,0.0,0.192802,1.9855060000000002,TUR,BIH,830250
2831925,249,26,8735,2003,2364.0,0.0,1.5924040000000002,1.397843,TWN,BIH,830250
2831926,250,26,8735,2003,330.0,219.0,0.45951499999999995,-0.2312,ANS,BIH,830250
2831927,43,28,8735,2003,3085.0,0.0,0.579431,2.773139,CHN,BLR,830250
2831928,59,28,8735,2003,1170.0,0.0,1.555749,0.8662059999999999,CZE,BLR,830250
2831929,61,28,8735,2003,19446.0,0.0,2.2821919999999998,-2.0985150000000004,DEU,BLR,830250
2831930,72,28,8735,2003,802.0,4145.0,0.5913010000000001,0.8489979999999999,EST,BLR,830250
2831931,111,28,8735,2003,11454.0,0.0,1.399734,1.044608,ITA,BLR,830250
2831932,130,28,8735,2003,959.0,31120.0,0.239608,0.517299,LTU,BLR,830250
2831933,162,28,8735,2003,2083.0,0.0,1.168453,1.7085709999999998,NLD,BLR,830250
2831934,177,28,8735,2003,45750.0,36818.0,0.966622,1.664838,POL,BLR,830250
2831935,186,28,8735,2003,14939.0,14120.0,1.072729,0.338355,RUS,BLR,830250
2831936,14,59,8735,2003,0.0,49163.0,0.316879,0.9409489999999999,AUS,CZE,830250
2831937,15,59,8735,2003,246157.0,144496.0,1.834977,0.408096,AUT,CZE,830250
2831938,18,59,8735,2003,1773.0,150666.0,1.361682,1.39536,BEL,CZE,830250
2831939,23,59,8735,2003,3435.0,2395.0,0.43308599999999997,1.7104099999999998,BGR,CZE,830250
2831940,26,59,8735,2003,0.0,1078.0,0.195667,0.347011,BIH,CZE,830250
2831941,28,59,8735,2003,0.0,1170.0,0.847358,0.9307719999999999,BLR,CZE,830250
2831942,39,59,8735,2003,2426.0,97507.0,0.9791540000000001,1.185081,CAN,CZE,830250
2831943,41,59,8735,2003,7655.0,7904.0,2.151037,0.711217,CHE,CZE,830250
2831944,43,59,8735,2003,44077.0,40978.0,0.579431,2.773139,CHN,CZE,830250
2831945,61,59,8735,2003,577555.0,1058448.0,2.2821919999999998,-2.0985150000000004,DEU,CZE,830250
2831946,64,59,8735,2003,9948.0,1066.0,1.309564,1.245596,DNK,CZE,830250
2831947,71,59,8735,2003,22411.0,52449.0,0.960684,2.074792,ESP,CZE,830250
2831948,72,59,8735,2003,0.0,1580.0,0.5913010000000001,0.8489979999999999,EST,CZE,830250
2831949,74,59,8735,2003,0.0,27740.0,2.077889,0.942501,FIN,CZE,830250
2831950,77,59,8735,2003,5368.0,341057.0,1.606606,0.7394149999999999,FRA,CZE,830250
2831951,81,59,8735,2003,3906.0,303089.0,1.8712540000000002,0.706205,GBR,CZE,830250
2831952,97,59,8735,2003,247456.0,0.0,0.494569,2.147062,HKG,CZE,830250
2831953,100,59,8735,2003,0.0,1782.0,0.568394,1.230759,HRV,CZE,830250
2831954,102,59,8735,2003,2200.0,21554.0,1.2003270000000001,1.091407,HUN,CZE,830250
2831955,104,59,8735,2003,2397.0,0.0,0.33014099999999996,2.836003,IND,CZE,830250
2831956,109,59,8735,2003,0.0,2249.0,0.21902800000000003,-0.40818499999999996,ISL,CZE,830250
2831957,111,59,8735,2003,60926.0,17252.0,1.399734,1.044608,ITA,CZE,830250
2831958,114,59,8735,2003,33281.0,1543.0,2.4686630000000003,0.48072600000000004,JPN,CZE,830250
2831959,115,59,8735,2003,0.0,1934.0,-0.156326,-0.62092,KAZ,CZE,830250
2831960,121,59,8735,2003,2577.0,0.0,1.2611709999999998,0.956308,KOR,CZE,830250
2831961,130,59,8735,2003,4312.0,2242.0,0.239608,0.517299,LTU,CZE,830250
2831962,132,59,8735,2003,0.0,4407.0,0.520772,0.5631689999999999,LVA,CZE,830250
2831963,135,59,8735,2003,0.0,1084.0,-0.005154,-0.26107199999999997,MDA,CZE,830250
2831964,138,59,8735,2003,0.0,218406.0,0.862509,0.756684,MEX,CZE,830250
2831965,153,59,8735,2003,0.0,46911.0,0.728804,0.2168,MYS,CZE,830250
2831966,162,59,8735,2003,15102.0,166850.0,1.168453,1.7085709999999998,NLD,CZE,830250
2831967,163,59,8735,2003,0.0,85171.0,1.1500620000000001,0.258554,NOR,CZE,830250
2831968,166,59,8735,2003,0.0,11023.0,0.589619,0.997301,NZL,CZE,830250
2831969,177,59,8735,2003,184652.0,128656.0,0.966622,1.664838,POL,CZE,830250
2831970,178,59,8735,2003,1238.0,0.0,0.7060420000000001,0.7718,PRK,CZE,830250
2831971,179,59,8735,2003,5469.0,0.0,0.471376,1.647303,PRT,CZE,830250
2831972,185,59,8735,2003,9853.0,9011.0,0.378379,1.0064620000000002,ROU,CZE,830250
2831973,186,59,8735,2003,0.0,101911.0,1.072729,0.338355,RUS,CZE,830250
2831974,188,59,8735,2003,0.0,3485.0,0.202286,-0.714691,SAU,CZE,830250
2831975,189,59,8735,2003,3060.0,1870.0,0.575326,1.627894,SCG,CZE,830250
2831976,206,59,8735,2003,145991.0,286070.0,1.22565,0.915518,SVK,CZE,830250
2831977,207,59,8735,2003,7733.0,3256.0,1.6459840000000001,1.014191,SVN,CZE,830250
2831978,208,59,8735,2003,19366.0,497972.0,2.099224,0.799982,SWE,CZE,830250
2831979,216,59,8735,2003,1922.0,0.0,0.43010699999999996,1.607408,THA,CZE,830250
2831980,224,59,8735,2003,5919.0,12545.0,0.192802,1.9855060000000002,TUR,CZE,830250
2831981,228,59,8735,2003,0.0,1762.0,0.8929389999999999,0.956685,UKR,CZE,830250
2831982,231,59,8735,2003,5048.0,164847.0,1.7789220000000001,0.064028,USA,CZE,830250
2831983,246,59,8735,2003,2352.0,0.0,0.477987,2.255395,ZAF,CZE,830250
2831984,249,59,8735,2003,189398.0,8025.0,1.5924040000000002,1.397843,TWN,CZE,830250
2831985,39,68,8735,2003,3473.0,0.0,0.9791540000000001,1.185081,CAN,EGY,830250
2831986,43,68,8735,2003,65822.0,0.0,0.579431,2.773139,CHN,EGY,830250
2831987,61,68,8735,2003,6760.0,0.0,2.2821919999999998,-2.0985150000000004,DEU,EGY,830250
2831988,66,68,8735,2003,0.0,7263.0,-1.060727,-1.142594,DZA,EGY,830250
2831989,71,68,8735,2003,36716.0,0.0,0.960684,2.074792,ESP,EGY,830250
2831990,77,68,8735,2003,3443.0,0.0,1.606606,0.7394149999999999,FRA,EGY,830250
2831991,111,68,8735,2003,63506.0,1929.0,1.399734,1.044608,ITA,EGY,830250
2831992,113,68,8735,2003,0.0,4247.0,0.12295,0.377031,JOR,EGY,830250
2831993,114,68,8735,2003,7756.0,0.0,2.4686630000000003,0.48072600000000004,JPN,EGY,830250
2831994,188,68,8735,2003,0.0,3688.0,0.202286,-0.714691,SAU,EGY,830250
2831995,216,68,8735,2003,12564.0,0.0,0.43010699999999996,1.607408,THA,EGY,830250
2831996,224,68,8735,2003,8186.0,0.0,0.192802,1.9855060000000002,TUR,EGY,830250
2831997,231,68,8735,2003,10716.0,0.0,1.7789220000000001,0.064028,USA,EGY,830250
2831998,249,68,8735,2003,10612.0,0.0,1.5924040000000002,1.397843,TWN,EGY,830250
2831999,8,74,8735,2003,0.0,3562.0,0.302073,0.49069700000000005,ARG,FIN,830250
2832000,14,74,8735,2003,0.0,4548.0,0.316879,0.9409489999999999,AUS,FIN,830250
2832001,15,74,8735,2003,75624.0,0.0,1.834977,0.408096,AUT,FIN,830250
2832002,18,74,8735,2003,1128.0,11968.0,1.361682,1.39536,BEL,FIN,830250
2832003,39,74,8735,2003,0.0,2112.0,0.9791540000000001,1.185081,CAN,FIN,830250
2832004,41,74,8735,2003,21370.0,1545.0,2.151037,0.711217,CHE,FIN,830250
2832005,43,74,8735,2003,136816.0,0.0,0.579431,2.773139,CHN,FIN,830250
2832006,59,74,8735,2003,27740.0,0.0,1.555749,0.8662059999999999,CZE,FIN,830250
2832007,61,74,8735,2003,184960.0,66042.0,2.2821919999999998,-2.0985150000000004,DEU,FIN,830250
2832008,64,74,8735,2003,32961.0,320856.0,1.309564,1.245596,DNK,FIN,830250
2832009,71,74,8735,2003,23778.0,6160.0,0.960684,2.074792,ESP,FIN,830250
2832010,72,74,8735,2003,70180.0,397040.0,0.5913010000000001,0.8489979999999999,EST,FIN,830250
2832011,77,74,8735,2003,2191.0,23940.0,1.606606,0.7394149999999999,FRA,FIN,830250
2832012,78,74,8735,2003,0.0,405.0,-0.46422299999999994,-0.8072050000000001,FRO,FIN,830250
2832013,81,74,8735,2003,24186.0,924638.0,1.8712540000000002,0.706205,GBR,FIN,830250
2832014,93,74,8735,2003,0.0,597.0,-0.444162,0.145319,GTM,FIN,830250
2832015,97,74,8735,2003,12131.0,0.0,0.494569,2.147062,HKG,FIN,830250
2832016,102,74,8735,2003,937.0,0.0,1.2003270000000001,1.091407,HUN,FIN,830250
2832017,104,74,8735,2003,27669.0,0.0,0.33014099999999996,2.836003,IND,FIN,830250
2832018,111,74,8735,2003,44072.0,0.0,1.399734,1.044608,ITA,FIN,830250
2832019,114,74,8735,2003,7892.0,5245.0,2.4686630000000003,0.48072600000000004,JPN,FIN,830250
2832020,121,74,8735,2003,2195.0,0.0,1.2611709999999998,0.956308,KOR,FIN,830250
2832021,130,74,8735,2003,18877.0,3496.0,0.239608,0.517299,LTU,FIN,830250
2832022,132,74,8735,2003,0.0,6084.0,0.520772,0.5631689999999999,LVA,FIN,830250
2832023,162,74,8735,2003,96736.0,6487.0,1.168453,1.7085709999999998,NLD,FIN,830250
2832024,163,74,8735,2003,0.0,9193.0,1.1500620000000001,0.258554,NOR,FIN,830250
2832025,173,74,8735,2003,0.0,2089.0,-0.48627,0.371354,PER,FIN,830250
2832026,177,74,8735,2003,17318.0,0.0,0.966622,1.664838,POL,FIN,830250
2832027,179,74,8735,2003,6819.0,0.0,0.471376,1.647303,PRT,FIN,830250
2832028,185,74,8735,2003,4231.0,0.0,0.378379,1.0064620000000002,ROU,FIN,830250
2832029,186,74,8735,2003,10241.0,37564.0,1.072729,0.338355,RUS,FIN,830250
2832030,188,74,8735,2003,0.0,3253.0,0.202286,-0.714691,SAU,FIN,830250
2832031,206,74,8735,2003,79829.0,0.0,1.22565,0.915518,SVK,FIN,830250
2832032,208,74,8735,2003,1344336.0,3208070.0,2.099224,0.799982,SWE,FIN,830250
2832033,216,74,8735,2003,1721.0,0.0,0.43010699999999996,1.607408,THA,FIN,830250
2832034,224,74,8735,2003,56269.0,0.0,0.192802,1.9855060000000002,TUR,FIN,830250
2832035,228,74,8735,2003,2177.0,3807.0,0.8929389999999999,0.956685,UKR,FIN,830250
2832036,231,74,8735,2003,2471.0,126648.0,1.7789220000000001,0.064028,USA,FIN,830250
2832037,239,74,8735,2003,5686.0,0.0,-0.633985,0.659696,VNM,FIN,830250
2832038,249,74,8735,2003,13911.0,0.0,1.5924040000000002,1.397843,TWN,FIN,830250
2832039,7,83,8735,2003,4665.0,0.0,0.049637,-0.502691,ARE,GHA,830250
2832040,14,83,8735,2003,2993.0,0.0,0.316879,0.9409489999999999,AUS,GHA,830250
2832041,18,83,8735,2003,772.0,0.0,1.361682,1.39536,BEL,GHA,830250
2832042,39,83,8735,2003,2462.0,0.0,0.9791540000000001,1.185081,CAN,GHA,830250
2832043,43,83,8735,2003,10248.0,0.0,0.579431,2.773139,CHN,GHA,830250
2832044,61,83,8735,2003,1765.0,0.0,2.2821919999999998,-2.0985150000000004,DEU,GHA,830250
2832045,64,83,8735,2003,2376.0,0.0,1.309564,1.245596,DNK,GHA,830250
2832046,77,83,8735,2003,4550.0,0.0,1.606606,0.7394149999999999,FRA,GHA,830250
2832047,81,83,8735,2003,14340.0,0.0,1.8712540000000002,0.706205,GBR,GHA,830250
2832048,97,83,8735,2003,9108.0,0.0,0.494569,2.147062,HKG,GHA,830250
2832049,215,83,8735,2003,0.0,1977.0,-0.5058590000000001,-0.520586,TGO,GHA,830250
2832050,224,83,8735,2003,835.0,0.0,0.192802,1.9855060000000002,TUR,GHA,830250
2832051,231,83,8735,2003,3467.0,0.0,1.7789220000000001,0.064028,USA,GHA,830250
2832052,246,83,8735,2003,69289.0,0.0,0.477987,2.255395,ZAF,GHA,830250
2832053,249,83,8735,2003,4156.0,0.0,1.5924040000000002,1.397843,TWN,GHA,830250
2832054,15,93,8735,2003,8823.0,0.0,1.834977,0.408096,AUT,GTM,830250
2832055,29,93,8735,2003,0.0,1916.0,-0.543555,-0.7596,BLZ,GTM,830250
2832056,32,93,8735,2003,6128.0,0.0,0.660576,1.118876,BRA,GTM,830250
2832057,42,93,8735,2003,1008.0,0.0,-0.06375900000000001,-0.156808,CHL,GTM,830250
2832058,43,93,8735,2003,6859.0,0.0,0.579431,2.773139,CHN,GTM,830250
2832059,49,93,8735,2003,2032.0,0.0,0.218336,0.376869,COL,GTM,830250
2832060,52,93,8735,2003,282415.0,0.0,-0.193904,-0.5049680000000001,CRI,GTM,830250
2832061,61,93,8735,2003,11015.0,0.0,2.2821919999999998,-2.0985150000000004,DEU,GTM,830250
2832062,71,93,8735,2003,12076.0,0.0,0.960684,2.074792,ESP,GTM,830250
2832063,74,93,8735,2003,597.0,0.0,2.077889,0.942501,FIN,GTM,830250
2832064,77,93,8735,2003,3323.0,0.0,1.606606,0.7394149999999999,FRA,GTM,830250
2832065,97,93,8735,2003,2188.0,0.0,0.494569,2.147062,HKG,GTM,830250
2832066,99,93,8735,2003,0.0,1556.0,-0.733546,-0.568585,HND,GTM,830250
2832067,111,93,8735,2003,5603.0,0.0,1.399734,1.044608,ITA,GTM,830250
2832068,138,93,8735,2003,26416.0,0.0,0.862509,0.756684,MEX,GTM,830250
2832069,162,93,8735,2003,5443.0,0.0,1.168453,1.7085709999999998,NLD,GTM,830250
2832070,169,93,8735,2003,7550.0,0.0,-0.050386,-0.039619999999999995,PAN,GTM,830250
2832071,197,93,8735,2003,0.0,5797.0,-0.251357,-0.189917,SLV,GTM,830250
2832072,224,93,8735,2003,4335.0,0.0,0.192802,1.9855060000000002,TUR,GTM,830250
2832073,231,93,8735,2003,109521.0,9626.0,1.7789220000000001,0.064028,USA,GTM,830250
2832074,15,100,8735,2003,198880.0,1148.0,1.834977,0.408096,AUT,HRV,830250
2832075,18,100,8735,2003,12478.0,0.0,1.361682,1.39536,BEL,HRV,830250
2832076,26,100,8735,2003,0.0,20792.0,0.195667,0.347011,BIH,HRV,830250
2832077,41,100,8735,2003,818.0,0.0,2.151037,0.711217,CHE,HRV,830250
2832078,43,100,8735,2003,4367.0,0.0,0.579431,2.773139,CHN,HRV,830250
2832079,59,100,8735,2003,1782.0,0.0,1.555749,0.8662059999999999,CZE,HRV,830250
2832080,61,100,8735,2003,194365.0,2850.0,2.2821919999999998,-2.0985150000000004,DEU,HRV,830250
2832081,64,100,8735,2003,19199.0,0.0,1.309564,1.245596,DNK,HRV,830250
2832082,71,100,8735,2003,20424.0,0.0,0.960684,2.074792,ESP,HRV,830250
2832083,102,100,8735,2003,110345.0,0.0,1.2003270000000001,1.091407,HUN,HRV,830250
2832084,111,100,8735,2003,89388.0,0.0,1.399734,1.044608,ITA,HRV,830250
2832085,162,100,8735,2003,3365.0,0.0,1.168453,1.7085709999999998,NLD,HRV,830250
2832086,177,100,8735,2003,1890.0,0.0,0.966622,1.664838,POL,HRV,830250
2832087,188,100,8735,2003,0.0,1398.0,0.202286,-0.714691,SAU,HRV,830250
2832088,189,100,8735,2003,0.0,7205.0,0.575326,1.627894,SCG,HRV,830250
2832089,206,100,8735,2003,9510.0,0.0,1.22565,0.915518,SVK,HRV,830250
2832090,207,100,8735,2003,49338.0,1803.0,1.6459840000000001,1.014191,SVN,HRV,830250
2832091,208,100,8735,2003,1841.0,0.0,2.099224,0.799982,SWE,HRV,830250
2832092,224,100,8735,2003,8382.0,0.0,0.192802,1.9855060000000002,TUR,HRV,830250
2832093,236,100,8735,2003,0.0,6983.0,0.277805,-0.783697,VEN,HRV,830250
2832094,249,100,8735,2003,29430.0,0.0,1.5924040000000002,1.397843,TWN,HRV,830250
2832095,14,102,8735,2003,0.0,3291.0,0.316879,0.9409489999999999,AUS,HUN,830250
2832096,15,102,8735,2003,194681.0,129677.0,1.834977,0.408096,AUT,HUN,830250
2832097,18,102,8735,2003,3283.0,0.0,1.361682,1.39536,BEL,HUN,830250
2832098,23,102,8735,2003,8311.0,0.0,0.43308599999999997,1.7104099999999998,BGR,HUN,830250
2832099,26,102,8735,2003,0.0,2912.0,0.195667,0.347011,BIH,HUN,830250
2832100,39,102,8735,2003,0.0,1772.0,0.9791540000000001,1.185081,CAN,HUN,830250
2832101,41,102,8735,2003,15358.0,14540.0,2.151037,0.711217,CHE,HUN,830250
2832102,43,102,8735,2003,40672.0,0.0,0.579431,2.773139,CHN,HUN,830250
2832103,59,102,8735,2003,21554.0,2200.0,1.555749,0.8662059999999999,CZE,HUN,830250
2832104,61,102,8735,2003,404602.0,634841.0,2.2821919999999998,-2.0985150000000004,DEU,HUN,830250
2832105,71,102,8735,2003,203427.0,0.0,0.960684,2.074792,ESP,HUN,830250
2832106,74,102,8735,2003,0.0,937.0,2.077889,0.942501,FIN,HUN,830250
2832107,77,102,8735,2003,17445.0,0.0,1.606606,0.7394149999999999,FRA,HUN,830250
2832108,81,102,8735,2003,69483.0,11851.0,1.8712540000000002,0.706205,GBR,HUN,830250
2832109,90,102,8735,2003,871.0,0.0,0.364688,1.4823959999999998,GRC,HUN,830250
2832110,100,102,8735,2003,0.0,110345.0,0.568394,1.230759,HRV,HUN,830250
2832111,104,102,8735,2003,3027.0,0.0,0.33014099999999996,2.836003,IND,HUN,830250
2832112,106,102,8735,2003,27986.0,0.0,1.6396130000000002,0.220599,IRL,HUN,830250
2832113,109,102,8735,2003,0.0,3946.0,0.21902800000000003,-0.40818499999999996,ISL,HUN,830250
2832114,111,102,8735,2003,87183.0,11676.0,1.399734,1.044608,ITA,HUN,830250
2832115,130,102,8735,2003,5573.0,1138.0,0.239608,0.517299,LTU,HUN,830250
2832116,162,102,8735,2003,2935.0,0.0,1.168453,1.7085709999999998,NLD,HUN,830250
2832117,177,102,8735,2003,190077.0,94541.0,0.966622,1.664838,POL,HUN,830250
2832118,179,102,8735,2003,7210.0,0.0,0.471376,1.647303,PRT,HUN,830250
2832119,185,102,8735,2003,6969.0,99741.0,0.378379,1.0064620000000002,ROU,HUN,830250
2832120,188,102,8735,2003,0.0,1975.0,0.202286,-0.714691,SAU,HUN,830250
2832121,189,102,8735,2003,0.0,7000.0,0.575326,1.627894,SCG,HUN,830250
2832122,206,102,8735,2003,23889.0,51310.0,1.22565,0.915518,SVK,HUN,830250
2832123,207,102,8735,2003,1326.0,1119.0,1.6459840000000001,1.014191,SVN,HUN,830250
2832124,208,102,8735,2003,25184.0,0.0,2.099224,0.799982,SWE,HUN,830250
2832125,216,102,8735,2003,3409.0,0.0,0.43010699999999996,1.607408,THA,HUN,830250
2832126,224,102,8735,2003,31244.0,3527.0,0.192802,1.9855060000000002,TUR,HUN,830250
2832127,228,102,8735,2003,0.0,1070.0,0.8929389999999999,0.956685,UKR,HUN,830250
2832128,231,102,8735,2003,110376.0,0.0,1.7789220000000001,0.064028,USA,HUN,830250
2832129,239,102,8735,2003,1230.0,0.0,-0.633985,0.659696,VNM,HUN,830250
2832130,249,102,8735,2003,7267.0,0.0,1.5924040000000002,1.397843,TWN,HUN,830250
2832131,1,107,8735,2003,0.0,9479.0,-0.421205,-0.602704,AFG,IRN,830250
2832132,7,107,8735,2003,17300.0,0.0,0.049637,-0.502691,ARE,IRN,830250
2832133,15,107,8735,2003,1365.0,2897.0,1.834977,0.408096,AUT,IRN,830250
2832134,16,107,8735,2003,0.0,56861.0,-0.304606,-0.975453,AZE,IRN,830250
2832135,41,107,8735,2003,3278.0,0.0,2.151037,0.711217,CHE,IRN,830250
2832136,43,107,8735,2003,11705.0,0.0,0.579431,2.773139,CHN,IRN,830250
2832137,61,107,8735,2003,7382.0,976.0,2.2821919999999998,-2.0985150000000004,DEU,IRN,830250
2832138,97,107,8735,2003,1555.0,0.0,0.494569,2.147062,HKG,IRN,830250
2832139,108,107,8735,2003,3392.0,6141.0,-0.398557,-0.774153,IRQ,IRN,830250
2832140,111,107,8735,2003,33541.0,0.0,1.399734,1.044608,ITA,IRN,830250
2832141,114,107,8735,2003,1812.0,0.0,2.4686630000000003,0.48072600000000004,JPN,IRN,830250
2832142,115,107,8735,2003,0.0,11753.0,-0.156326,-0.62092,KAZ,IRN,830250
2832143,124,107,8735,2003,0.0,1687.0,0.261687,1.053856,LBN,IRN,830250
2832144,219,107,8735,2003,0.0,1112.0,-1.223295,-1.250217,TKM,IRN,830250
2832145,224,107,8735,2003,48885.0,0.0,0.192802,1.9855060000000002,TUR,IRN,830250
2832146,232,107,8735,2003,0.0,1949.0,-0.285978,-0.703334,UZB,IRN,830250
2832147,249,107,8735,2003,4365.0,0.0,1.5924040000000002,1.397843,TWN,IRN,830250
2832148,43,113,8735,2003,22105.0,0.0,0.579431,2.773139,CHN,JOR,830250
2832149,61,113,8735,2003,14472.0,0.0,2.2821919999999998,-2.0985150000000004,DEU,JOR,830250
2832150,68,113,8735,2003,4247.0,0.0,-0.292923,0.465433,EGY,JOR,830250
2832151,71,113,8735,2003,3434.0,0.0,0.960684,2.074792,ESP,JOR,830250
2832152,81,113,8735,2003,8893.0,0.0,1.8712540000000002,0.706205,GBR,JOR,830250
2832153,111,113,8735,2003,5149.0,0.0,1.399734,1.044608,ITA,JOR,830250
2832154,114,113,8735,2003,2340.0,0.0,2.4686630000000003,0.48072600000000004,JPN,JOR,830250
2832155,122,113,8735,2003,0.0,10066.0,-0.7943640000000001,-1.1529770000000001,KWT,JOR,830250
2832156,124,113,8735,2003,1249.0,0.0,0.261687,1.053856,LBN,JOR,830250
2832157,153,113,8735,2003,49585.0,0.0,0.728804,0.2168,MYS,JOR,830250
2832158,188,113,8735,2003,0.0,4298.0,0.202286,-0.714691,SAU,JOR,830250
2832159,212,113,8735,2003,907.0,0.0,-0.868749,-0.326322,SYR,JOR,830250
2832160,224,113,8735,2003,19744.0,0.0,0.192802,1.9855060000000002,TUR,JOR,830250
2832161,231,113,8735,2003,2130.0,0.0,1.7789220000000001,0.064028,USA,JOR,830250
2832162,249,113,8735,2003,14201.0,0.0,1.5924040000000002,1.397843,TWN,JOR,830250
2832163,18,115,8735,2003,4794.0,0.0,1.361682,1.39536,BEL,KAZ,830250
2832164,43,115,8735,2003,42795.0,0.0,0.579431,2.773139,CHN,KAZ,830250
2832165,59,115,8735,2003,1934.0,0.0,1.555749,0.8662059999999999,CZE,KAZ,830250
2832166,61,115,8735,2003,63324.0,0.0,2.2821919999999998,-2.0985150000000004,DEU,KAZ,830250
2832167,71,115,8735,2003,8209.0,0.0,0.960684,2.074792,ESP,KAZ,830250
2832168,77,115,8735,2003,1262.0,0.0,1.606606,0.7394149999999999,FRA,KAZ,830250
2832169,107,115,8735,2003,11753.0,0.0,-0.552146,-0.8668520000000001,IRN,KAZ,830250
2832170,111,115,8735,2003,7833.0,0.0,1.399734,1.044608,ITA,KAZ,830250
2832171,114,115,8735,2003,905.0,0.0,2.4686630000000003,0.48072600000000004,JPN,KAZ,830250
2832172,162,115,8735,2003,12212.0,0.0,1.168453,1.7085709999999998,NLD,KAZ,830250
2832173,177,115,8735,2003,41727.0,0.0,0.966622,1.664838,POL,KAZ,830250
2832174,186,115,8735,2003,10147.0,0.0,1.072729,0.338355,RUS,KAZ,830250
2832175,224,115,8735,2003,39108.0,0.0,0.192802,1.9855060000000002,TUR,KAZ,830250
2832176,231,115,8735,2003,3484.0,0.0,1.7789220000000001,0.064028,USA,KAZ,830250
2832177,249,115,8735,2003,8243.0,0.0,1.5924040000000002,1.397843,TWN,KAZ,830250
2832178,7,116,8735,2003,2495.0,0.0,0.049637,-0.502691,ARE,KEN,830250
2832179,43,116,8735,2003,30491.0,0.0,0.579431,2.773139,CHN,KEN,830250
2832180,61,116,8735,2003,895.0,0.0,2.2821919999999998,-2.0985150000000004,DEU,KEN,830250
2832181,71,116,8735,2003,1673.0,0.0,0.960684,2.074792,ESP,KEN,830250
2832182,81,116,8735,2003,10843.0,0.0,1.8712540000000002,0.706205,GBR,KEN,830250
2832183,104,116,8735,2003,13209.0,0.0,0.33014099999999996,2.836003,IND,KEN,830250
2832184,111,116,8735,2003,1242.0,0.0,1.399734,1.044608,ITA,KEN,830250
2832185,121,116,8735,2003,954.0,0.0,1.2611709999999998,0.956308,KOR,KEN,830250
2832186,153,116,8735,2003,2169.0,0.0,0.728804,0.2168,MYS,KEN,830250
2832187,162,116,8735,2003,1519.0,0.0,1.168453,1.7085709999999998,NLD,KEN,830250
2832188,163,116,8735,2003,6957.0,0.0,1.1500620000000001,0.258554,NOR,KEN,830250
2832189,187,116,8735,2003,0.0,1516.0,-0.99513,-0.852476,RWA,KEN,830250
2832190,208,116,8735,2003,2587.0,0.0,2.099224,0.799982,SWE,KEN,830250
2832191,226,116,8735,2003,0.0,1219.0,-1.225217,-0.43662399999999996,TZA,KEN,830250
2832192,227,116,8735,2003,0.0,4395.0,-0.895193,-0.712039,UGA,KEN,830250
2832193,231,116,8735,2003,2330.0,0.0,1.7789220000000001,0.064028,USA,KEN,830250
2832194,246,116,8735,2003,6965.0,0.0,0.477987,2.255395,ZAF,KEN,830250
2832195,249,116,8735,2003,1990.0,0.0,1.5924040000000002,1.397843,TWN,KEN,830250
2832196,250,116,8735,2003,13717.0,0.0,0.45951499999999995,-0.2312,ANS,KEN,830250
2832197,7,117,8735,2003,3039.0,0.0,0.049637,-0.502691,ARE,KGZ,830250
2832198,43,117,8735,2003,1897.0,0.0,0.579431,2.773139,CHN,KGZ,830250
2832199,61,117,8735,2003,1858.0,0.0,2.2821919999999998,-2.0985150000000004,DEU,KGZ,830250
2832200,177,117,8735,2003,1175.0,0.0,0.966622,1.664838,POL,KGZ,830250
2832201,224,117,8735,2003,1047.0,0.0,0.192802,1.9855060000000002,TUR,KGZ,830250
2832202,231,117,8735,2003,694.0,0.0,1.7789220000000001,0.064028,USA,KGZ,830250
2832203,7,122,8735,2003,7581.0,0.0,0.049637,-0.502691,ARE,KWT,830250
2832204,15,122,8735,2003,1100.0,0.0,1.834977,0.408096,AUT,KWT,830250
2832205,22,122,8735,2003,1609.0,0.0,-1.168404,-1.035782,BGD,KWT,830250
2832206,23,122,8735,2003,2146.0,0.0,0.43308599999999997,1.7104099999999998,BGR,KWT,830250
2832207,41,122,8735,2003,16731.0,0.0,2.151037,0.711217,CHE,KWT,830250
2832208,43,122,8735,2003,47852.0,0.0,0.579431,2.773139,CHN,KWT,830250
2832209,61,122,8735,2003,32304.0,0.0,2.2821919999999998,-2.0985150000000004,DEU,KWT,830250
2832210,64,122,8735,2003,2997.0,0.0,1.309564,1.245596,DNK,KWT,830250
2832211,71,122,8735,2003,1472.0,0.0,0.960684,2.074792,ESP,KWT,830250
2832212,77,122,8735,2003,4230.0,0.0,1.606606,0.7394149999999999,FRA,KWT,830250
2832213,81,122,8735,2003,16856.0,0.0,1.8712540000000002,0.706205,GBR,KWT,830250
2832214,97,122,8735,2003,11205.0,0.0,0.494569,2.147062,HKG,KWT,830250
2832215,104,122,8735,2003,4344.0,0.0,0.33014099999999996,2.836003,IND,KWT,830250
2832216,111,122,8735,2003,126058.0,0.0,1.399734,1.044608,ITA,KWT,830250
2832217,113,122,8735,2003,10066.0,0.0,0.12295,0.377031,JOR,KWT,830250
2832218,114,122,8735,2003,64208.0,0.0,2.4686630000000003,0.48072600000000004,JPN,KWT,830250
2832219,174,122,8735,2003,10596.0,0.0,-0.065022,-0.195144,PHL,KWT,830250
2832220,188,122,8735,2003,7762.0,0.0,0.202286,-0.714691,SAU,KWT,830250
2832221,208,122,8735,2003,53596.0,0.0,2.099224,0.799982,SWE,KWT,830250
2832222,224,122,8735,2003,3186.0,0.0,0.192802,1.9855060000000002,TUR,KWT,830250
2832223,231,122,8735,2003,36669.0,0.0,1.7789220000000001,0.064028,USA,KWT,830250
2832224,249,122,8735,2003,119735.0,0.0,1.5924040000000002,1.397843,TWN,KWT,830250
2832225,15,132,8735,2003,3662.0,0.0,1.834977,0.408096,AUT,LVA,830250
2832226,18,132,8735,2003,0.0,35689.0,1.361682,1.39536,BEL,LVA,830250
2832227,43,132,8735,2003,14935.0,0.0,0.579431,2.773139,CHN,LVA,830250
2832228,59,132,8735,2003,4407.0,0.0,1.555749,0.8662059999999999,CZE,LVA,830250
2832229,61,132,8735,2003,125545.0,5955.0,2.2821919999999998,-2.0985150000000004,DEU,LVA,830250
2832230,64,132,8735,2003,3539.0,16136.0,1.309564,1.245596,DNK,LVA,830250
2832231,71,132,8735,2003,16881.0,0.0,0.960684,2.074792,ESP,LVA,830250
2832232,72,132,8735,2003,28914.0,9903.0,0.5913010000000001,0.8489979999999999,EST,LVA,830250
2832233,74,132,8735,2003,6084.0,0.0,2.077889,0.942501,FIN,LVA,830250
2832234,81,132,8735,2003,4977.0,0.0,1.8712540000000002,0.706205,GBR,LVA,830250
2832235,97,132,8735,2003,11880.0,0.0,0.494569,2.147062,HKG,LVA,830250
2832236,111,132,8735,2003,15795.0,0.0,1.399734,1.044608,ITA,LVA,830250
2832237,130,132,8735,2003,6024.0,1320.0,0.239608,0.517299,LTU,LVA,830250
2832238,162,132,8735,2003,13620.0,0.0,1.168453,1.7085709999999998,NLD,LVA,830250
2832239,177,132,8735,2003,122969.0,0.0,0.966622,1.664838,POL,LVA,830250
2832240,186,132,8735,2003,0.0,3079.0,1.072729,0.338355,RUS,LVA,830250
2832241,208,132,8735,2003,2127.0,2511.0,2.099224,0.799982,SWE,LVA,830250
2832242,216,132,8735,2003,3052.0,0.0,0.43010699999999996,1.607408,THA,LVA,830250
2832243,224,132,8735,2003,3334.0,0.0,0.192802,1.9855060000000002,TUR,LVA,830250
2832244,61,167,8735,2003,2983.0,0.0,2.2821919999999998,-2.0985150000000004,DEU,OMN,830250
2832245,81,167,8735,2003,10344.0,0.0,1.8712540000000002,0.706205,GBR,OMN,830250
2832246,104,167,8735,2003,5233.0,0.0,0.33014099999999996,2.836003,IND,OMN,830250
2832247,111,167,8735,2003,27209.0,0.0,1.399734,1.044608,ITA,OMN,830250
2832248,228,167,8735,2003,0.0,255.0,0.8929389999999999,0.956685,UKR,OMN,830250
2832249,43,168,8735,2003,3614.0,0.0,0.579431,2.773139,CHN,PAK,830250
2832250,61,168,8735,2003,1769.0,0.0,2.2821919999999998,-2.0985150000000004,DEU,PAK,830250
2832251,77,168,8735,2003,0.0,3345.0,1.606606,0.7394149999999999,FRA,PAK,830250
2832252,103,168,8735,2003,1605.0,0.0,-0.16802,1.7252990000000001,IDN,PAK,830250
2832253,111,168,8735,2003,21091.0,0.0,1.399734,1.044608,ITA,PAK,830250
2832254,114,168,8735,2003,1842.0,0.0,2.4686630000000003,0.48072600000000004,JPN,PAK,830250
2832255,151,168,8735,2003,0.0,1358.0,-0.361514,-0.29839899999999997,MUS,PAK,830250
2832256,153,168,8735,2003,16463.0,0.0,0.728804,0.2168,MYS,PAK,830250
2832257,162,168,8735,2003,0.0,2018.0,1.168453,1.7085709999999998,NLD,PAK,830250
2832258,188,168,8735,2003,0.0,1492.0,0.202286,-0.714691,SAU,PAK,830250
2832259,231,168,8735,2003,0.0,2760.0,1.7789220000000001,0.064028,USA,PAK,830250
2832260,249,168,8735,2003,5326.0,0.0,1.5924040000000002,1.397843,TWN,PAK,830250
2832261,14,176,8735,2003,1573.0,14173.0,0.316879,0.9409489999999999,AUS,PNG,830250
2832262,104,176,8735,2003,1171.0,0.0,0.33014099999999996,2.836003,IND,PNG,830250
2832263,114,176,8735,2003,1022.0,0.0,2.4686630000000003,0.48072600000000004,JPN,PNG,830250
2832264,153,176,8735,2003,6261.0,0.0,0.728804,0.2168,MYS,PNG,830250
2832265,162,176,8735,2003,2244.0,0.0,1.168453,1.7085709999999998,NLD,PNG,830250
2832266,192,176,8735,2003,8982.0,0.0,1.5080799999999999,0.720337,SGP,PNG,830250
2832267,231,176,8735,2003,2759.0,0.0,1.7789220000000001,0.064028,USA,PNG,830250
2832268,249,176,8735,2003,2889.0,0.0,1.5924040000000002,1.397843,TWN,PNG,830250
2832269,15,177,8735,2003,292566.0,50606.0,1.834977,0.408096,AUT,POL,830250
2832270,18,177,8735,2003,363468.0,48627.0,1.361682,1.39536,BEL,POL,830250
2832271,23,177,8735,2003,0.0,6755.0,0.43308599999999997,1.7104099999999998,BGR,POL,830250
2832272,28,177,8735,2003,36818.0,45750.0,0.847358,0.9307719999999999,BLR,POL,830250
2832273,39,177,8735,2003,24269.0,186844.0,0.9791540000000001,1.185081,CAN,POL,830250
2832274,41,177,8735,2003,0.0,7244.0,2.151037,0.711217,CHE,POL,830250
2832275,43,177,8735,2003,487232.0,973.0,0.579431,2.773139,CHN,POL,830250
2832276,59,177,8735,2003,128656.0,184652.0,1.555749,0.8662059999999999,CZE,POL,830250
2832277,61,177,8735,2003,663920.0,918935.0,2.2821919999999998,-2.0985150000000004,DEU,POL,830250
2832278,64,177,8735,2003,12724.0,51755.0,1.309564,1.245596,DNK,POL,830250
2832279,71,177,8735,2003,121059.0,4570.0,0.960684,2.074792,ESP,POL,830250
2832280,72,177,8735,2003,0.0,13049.0,0.5913010000000001,0.8489979999999999,EST,POL,830250
2832281,74,177,8735,2003,0.0,17318.0,2.077889,0.942501,FIN,POL,830250
2832282,77,177,8735,2003,3171.0,403467.0,1.606606,0.7394149999999999,FRA,POL,830250
2832283,81,177,8735,2003,37386.0,22376.0,1.8712540000000002,0.706205,GBR,POL,830250
2832284,82,177,8735,2003,0.0,1079.0,0.595485,-0.25939,GEO,POL,830250
2832285,90,177,8735,2003,0.0,3229.0,0.364688,1.4823959999999998,GRC,POL,830250
2832286,97,177,8735,2003,23300.0,0.0,0.494569,2.147062,HKG,POL,830250
2832287,100,177,8735,2003,0.0,1890.0,0.568394,1.230759,HRV,POL,830250
2832288,102,177,8735,2003,94541.0,190077.0,1.2003270000000001,1.091407,HUN,POL,830250
2832289,106,177,8735,2003,1039.0,5724.0,1.6396130000000002,0.220599,IRL,POL,830250
2832290,111,177,8735,2003,288546.0,12658.0,1.399734,1.044608,ITA,POL,830250
2832291,114,177,8735,2003,17952.0,0.0,2.4686630000000003,0.48072600000000004,JPN,POL,830250
2832292,115,177,8735,2003,0.0,41727.0,-0.156326,-0.62092,KAZ,POL,830250
2832293,117,177,8735,2003,0.0,1175.0,0.25359699999999996,0.24101199999999998,KGZ,POL,830250
2832294,130,177,8735,2003,0.0,310718.0,0.239608,0.517299,LTU,POL,830250
2832295,132,177,8735,2003,0.0,122969.0,0.520772,0.5631689999999999,LVA,POL,830250
2832296,135,177,8735,2003,0.0,1184.0,-0.005154,-0.26107199999999997,MDA,POL,830250
2832297,140,177,8735,2003,0.0,786.0,-0.017632,0.225394,MKD,POL,830250
2832298,162,177,8735,2003,4724.0,120054.0,1.168453,1.7085709999999998,NLD,POL,830250
2832299,163,177,8735,2003,25434.0,45141.0,1.1500620000000001,0.258554,NOR,POL,830250
2832300,185,177,8735,2003,0.0,314917.0,0.378379,1.0064620000000002,ROU,POL,830250
2832301,186,177,8735,2003,0.0,335550.0,1.072729,0.338355,RUS,POL,830250
2832302,188,177,8735,2003,0.0,3672.0,0.202286,-0.714691,SAU,POL,830250
2832303,192,177,8735,2003,0.0,1402.0,1.5080799999999999,0.720337,SGP,POL,830250
2832304,206,177,8735,2003,80753.0,195559.0,1.22565,0.915518,SVK,POL,830250
2832305,207,177,8735,2003,0.0,1653.0,1.6459840000000001,1.014191,SVN,POL,830250
2832306,208,177,8735,2003,58263.0,209105.0,2.099224,0.799982,SWE,POL,830250
2832307,224,177,8735,2003,95417.0,0.0,0.192802,1.9855060000000002,TUR,POL,830250
2832308,228,177,8735,2003,0.0,641010.0,0.8929389999999999,0.956685,UKR,POL,830250
2832309,231,177,8735,2003,3178.0,43843.0,1.7789220000000001,0.064028,USA,POL,830250
2832310,249,177,8735,2003,381145.0,0.0,1.5924040000000002,1.397843,TWN,POL,830250
2832311,7,183,8735,2003,4140.0,6262.0,0.049637,-0.502691,ARE,QAT,830250
2832312,14,183,8735,2003,5044.0,0.0,0.316879,0.9409489999999999,AUS,QAT,830250
2832313,15,183,8735,2003,2610.0,0.0,1.834977,0.408096,AUT,QAT,830250
2832314,18,183,8735,2003,2591.0,0.0,1.361682,1.39536,BEL,QAT,830250
2832315,23,183,8735,2003,1412.0,0.0,0.43308599999999997,1.7104099999999998,BGR,QAT,830250
2832316,43,183,8735,2003,3885.0,0.0,0.579431,2.773139,CHN,QAT,830250
2832317,61,183,8735,2003,1615.0,0.0,2.2821919999999998,-2.0985150000000004,DEU,QAT,830250
2832318,71,183,8735,2003,5954.0,0.0,0.960684,2.074792,ESP,QAT,830250
2832319,77,183,8735,2003,5388.0,0.0,1.606606,0.7394149999999999,FRA,QAT,830250
2832320,81,183,8735,2003,11268.0,0.0,1.8712540000000002,0.706205,GBR,QAT,830250
2832321,97,183,8735,2003,1425.0,0.0,0.494569,2.147062,HKG,QAT,830250
2832322,104,183,8735,2003,11846.0,0.0,0.33014099999999996,2.836003,IND,QAT,830250
2832323,111,183,8735,2003,62193.0,0.0,1.399734,1.044608,ITA,QAT,830250
2832324,153,183,8735,2003,120929.0,0.0,0.728804,0.2168,MYS,QAT,830250
2832325,162,183,8735,2003,22214.0,0.0,1.168453,1.7085709999999998,NLD,QAT,830250
2832326,163,183,8735,2003,28984.0,0.0,1.1500620000000001,0.258554,NOR,QAT,830250
2832327,179,183,8735,2003,21443.0,0.0,0.471376,1.647303,PRT,QAT,830250
2832328,188,183,8735,2003,5416.0,0.0,0.202286,-0.714691,SAU,QAT,830250
2832329,192,183,8735,2003,3432.0,0.0,1.5080799999999999,0.720337,SGP,QAT,830250
2832330,216,183,8735,2003,1273.0,0.0,0.43010699999999996,1.607408,THA,QAT,830250
2832331,224,183,8735,2003,9938.0,0.0,0.192802,1.9855060000000002,TUR,QAT,830250
2832332,231,183,8735,2003,14754.0,0.0,1.7789220000000001,0.064028,USA,QAT,830250
2832333,246,183,8735,2003,18559.0,0.0,0.477987,2.255395,ZAF,QAT,830250
2832334,249,183,8735,2003,10268.0,0.0,1.5924040000000002,1.397843,TWN,QAT,830250
2832335,8,185,8735,2003,1284.0,0.0,0.302073,0.49069700000000005,ARG,ROU,830250
2832336,14,185,8735,2003,0.0,952.0,0.316879,0.9409489999999999,AUS,ROU,830250
2832337,15,185,8735,2003,33991.0,39742.0,1.834977,0.408096,AUT,ROU,830250
2832338,18,185,8735,2003,1210.0,14899.0,1.361682,1.39536,BEL,ROU,830250
2832339,23,185,8735,2003,3947.0,2876.0,0.43308599999999997,1.7104099999999998,BGR,ROU,830250
2832340,26,185,8735,2003,0.0,1318.0,0.195667,0.347011,BIH,ROU,830250
2832341,39,185,8735,2003,0.0,11677.0,0.9791540000000001,1.185081,CAN,ROU,830250
2832342,41,185,8735,2003,1541.0,0.0,2.151037,0.711217,CHE,ROU,830250
2832343,43,185,8735,2003,21518.0,13105.0,0.579431,2.773139,CHN,ROU,830250
2832344,58,185,8735,2003,0.0,2217.0,0.259992,0.068914,CYP,ROU,830250
2832345,59,185,8735,2003,9011.0,9853.0,1.555749,0.8662059999999999,CZE,ROU,830250
2832346,61,185,8735,2003,210114.0,1834379.0,2.2821919999999998,-2.0985150000000004,DEU,ROU,830250
2832347,64,185,8735,2003,1062.0,0.0,1.309564,1.245596,DNK,ROU,830250
2832348,71,185,8735,2003,2753.0,8188.0,0.960684,2.074792,ESP,ROU,830250
2832349,74,185,8735,2003,0.0,4231.0,2.077889,0.942501,FIN,ROU,830250
2832350,77,185,8735,2003,9472.0,74859.0,1.606606,0.7394149999999999,FRA,ROU,830250
2832351,81,185,8735,2003,21133.0,36825.0,1.8712540000000002,0.706205,GBR,ROU,830250
2832352,90,185,8735,2003,1709.0,0.0,0.364688,1.4823959999999998,GRC,ROU,830250
2832353,97,185,8735,2003,10510.0,0.0,0.494569,2.147062,HKG,ROU,830250
2832354,102,185,8735,2003,99741.0,6969.0,1.2003270000000001,1.091407,HUN,ROU,830250
2832355,110,185,8735,2003,1527.0,0.0,1.157809,0.682195,ISR,ROU,830250
2832356,111,185,8735,2003,174719.0,17684.0,1.399734,1.044608,ITA,ROU,830250
2832357,135,185,8735,2003,0.0,2221.0,-0.005154,-0.26107199999999997,MDA,ROU,830250
2832358,140,185,8735,2003,0.0,2249.0,-0.017632,0.225394,MKD,ROU,830250
2832359,153,185,8735,2003,0.0,8709.0,0.728804,0.2168,MYS,ROU,830250
2832360,162,185,8735,2003,28593.0,2227.0,1.168453,1.7085709999999998,NLD,ROU,830250
2832361,163,185,8735,2003,0.0,24937.0,1.1500620000000001,0.258554,NOR,ROU,830250
2832362,177,185,8735,2003,314917.0,0.0,0.966622,1.664838,POL,ROU,830250
2832363,179,185,8735,2003,6031.0,0.0,0.471376,1.647303,PRT,ROU,830250
2832364,186,185,8735,2003,0.0,31153.0,1.072729,0.338355,RUS,ROU,830250
2832365,188,185,8735,2003,0.0,2572.0,0.202286,-0.714691,SAU,ROU,830250
2832366,189,185,8735,2003,5715.0,4385.0,0.575326,1.627894,SCG,ROU,830250
2832367,206,185,8735,2003,0.0,3728.0,1.22565,0.915518,SVK,ROU,830250
2832368,208,185,8735,2003,2234.0,127365.0,2.099224,0.799982,SWE,ROU,830250
2832369,224,185,8735,2003,486782.0,7098.0,0.192802,1.9855060000000002,TUR,ROU,830250
2832370,231,185,8735,2003,10231.0,1710.0,1.7789220000000001,0.064028,USA,ROU,830250
2832371,246,185,8735,2003,4056.0,0.0,0.477987,2.255395,ZAF,ROU,830250
2832372,249,185,8735,2003,55195.0,2959.0,1.5924040000000002,1.397843,TWN,ROU,830250
2832373,250,185,8735,2003,34433.0,0.0,0.45951499999999995,-0.2312,ANS,ROU,830250
2832374,15,186,8735,2003,21398.0,0.0,1.834977,0.408096,AUT,RUS,830250
2832375,18,186,8735,2003,18202.0,0.0,1.361682,1.39536,BEL,RUS,830250
2832376,23,186,8735,2003,57615.0,0.0,0.43308599999999997,1.7104099999999998,BGR,RUS,830250
2832377,28,186,8735,2003,14120.0,14939.0,0.847358,0.9307719999999999,BLR,RUS,830250
2832378,39,186,8735,2003,9409.0,0.0,0.9791540000000001,1.185081,CAN,RUS,830250
2832379,41,186,8735,2003,19496.0,0.0,2.151037,0.711217,CHE,RUS,830250
2832380,43,186,8735,2003,670322.0,0.0,0.579431,2.773139,CHN,RUS,830250
2832381,59,186,8735,2003,101911.0,0.0,1.555749,0.8662059999999999,CZE,RUS,830250
2832382,61,186,8735,2003,2344959.0,0.0,2.2821919999999998,-2.0985150000000004,DEU,RUS,830250
2832383,64,186,8735,2003,7071.0,0.0,1.309564,1.245596,DNK,RUS,830250
2832384,71,186,8735,2003,282885.0,0.0,0.960684,2.074792,ESP,RUS,830250
2832385,72,186,8735,2003,19507.0,1897.0,0.5913010000000001,0.8489979999999999,EST,RUS,830250
2832386,74,186,8735,2003,37564.0,10241.0,2.077889,0.942501,FIN,RUS,830250
2832387,77,186,8735,2003,53198.0,0.0,1.606606,0.7394149999999999,FRA,RUS,830250
2832388,81,186,8735,2003,3917.0,0.0,1.8712540000000002,0.706205,GBR,RUS,830250
2832389,104,186,8735,2003,5875.0,0.0,0.33014099999999996,2.836003,IND,RUS,830250
2832390,111,186,8735,2003,167610.0,6036.0,1.399734,1.044608,ITA,RUS,830250
2832391,114,186,8735,2003,56170.0,0.0,2.4686630000000003,0.48072600000000004,JPN,RUS,830250
2832392,115,186,8735,2003,0.0,10147.0,-0.156326,-0.62092,KAZ,RUS,830250
2832393,121,186,8735,2003,68257.0,0.0,1.2611709999999998,0.956308,KOR,RUS,830250
2832394,130,186,8735,2003,13347.0,8793.0,0.239608,0.517299,LTU,RUS,830250
2832395,132,186,8735,2003,3079.0,0.0,0.520772,0.5631689999999999,LVA,RUS,830250
2832396,145,186,8735,2003,0.0,3337.0,-0.9747620000000001,-1.026308,MNG,RUS,830250
2832397,162,186,8735,2003,51306.0,0.0,1.168453,1.7085709999999998,NLD,RUS,830250
2832398,163,186,8735,2003,0.0,2433.0,1.1500620000000001,0.258554,NOR,RUS,830250
2832399,174,186,8735,2003,2618.0,0.0,-0.065022,-0.195144,PHL,RUS,830250
2832400,177,186,8735,2003,335550.0,0.0,0.966622,1.664838,POL,RUS,830250
2832401,178,186,8735,2003,12294.0,0.0,0.7060420000000001,0.7718,PRK,RUS,830250
2832402,179,186,8735,2003,6308.0,0.0,0.471376,1.647303,PRT,RUS,830250
2832403,185,186,8735,2003,31153.0,0.0,0.378379,1.0064620000000002,ROU,RUS,830250
2832404,206,186,8735,2003,78229.0,0.0,1.22565,0.915518,SVK,RUS,830250
2832405,208,186,8735,2003,3550.0,0.0,2.099224,0.799982,SWE,RUS,830250
2832406,212,186,8735,2003,21331.0,0.0,-0.868749,-0.326322,SYR,RUS,830250
2832407,216,186,8735,2003,6554.0,0.0,0.43010699999999996,1.607408,THA,RUS,830250
2832408,224,186,8735,2003,573925.0,0.0,0.192802,1.9855060000000002,TUR,RUS,830250
2832409,228,186,8735,2003,1210.0,2474.0,0.8929389999999999,0.956685,UKR,RUS,830250
2832410,231,186,8735,2003,14630.0,106408.0,1.7789220000000001,0.064028,USA,RUS,830250
2832411,239,186,8735,2003,26488.0,0.0,-0.633985,0.659696,VNM,RUS,830250
2832412,249,186,8735,2003,242071.0,0.0,1.5924040000000002,1.397843,TWN,RUS,830250
2832413,4,188,8735,2003,0.0,941.0,-0.053595000000000004,0.166034,ALB,SAU,830250
2832414,7,188,8735,2003,5740.0,149927.0,0.049637,-0.502691,ARE,SAU,830250
2832415,14,188,8735,2003,1586.0,0.0,0.316879,0.9409489999999999,AUS,SAU,830250
2832416,15,188,8735,2003,1333.0,0.0,1.834977,0.408096,AUT,SAU,830250
2832417,18,188,8735,2003,17879.0,0.0,1.361682,1.39536,BEL,SAU,830250
2832418,24,188,8735,2003,6701.0,5071.0,-0.10968800000000001,-1.041032,BHR,SAU,830250
2832419,39,188,8735,2003,9001.0,0.0,0.9791540000000001,1.185081,CAN,SAU,830250
2832420,43,188,8735,2003,382040.0,0.0,0.579431,2.773139,CHN,SAU,830250
2832421,59,188,8735,2003,3485.0,0.0,1.555749,0.8662059999999999,CZE,SAU,830250
2832422,61,188,8735,2003,99917.0,0.0,2.2821919999999998,-2.0985150000000004,DEU,SAU,830250
2832423,64,188,8735,2003,2186.0,0.0,1.309564,1.245596,DNK,SAU,830250
2832424,68,188,8735,2003,3688.0,0.0,-0.292923,0.465433,EGY,SAU,830250
2832425,71,188,8735,2003,105009.0,1549.0,0.960684,2.074792,ESP,SAU,830250
2832426,73,188,8735,2003,0.0,1374.0,-1.1145559999999999,-0.9599620000000001,ETH,SAU,830250
2832427,74,188,8735,2003,3253.0,0.0,2.077889,0.942501,FIN,SAU,830250
2832428,77,188,8735,2003,115913.0,0.0,1.606606,0.7394149999999999,FRA,SAU,830250
2832429,81,188,8735,2003,3659.0,0.0,1.8712540000000002,0.706205,GBR,SAU,830250
2832430,90,188,8735,2003,755.0,0.0,0.364688,1.4823959999999998,GRC,SAU,830250
2832431,97,188,8735,2003,65316.0,0.0,0.494569,2.147062,HKG,SAU,830250
2832432,100,188,8735,2003,1398.0,0.0,0.568394,1.230759,HRV,SAU,830250
2832433,102,188,8735,2003,1975.0,0.0,1.2003270000000001,1.091407,HUN,SAU,830250
2832434,103,188,8735,2003,4191.0,0.0,-0.16802,1.7252990000000001,IDN,SAU,830250
2832435,104,188,8735,2003,25251.0,0.0,0.33014099999999996,2.836003,IND,SAU,830250
2832436,111,188,8735,2003,58732.0,0.0,1.399734,1.044608,ITA,SAU,830250
2832437,113,188,8735,2003,4298.0,0.0,0.12295,0.377031,JOR,SAU,830250
2832438,114,188,8735,2003,12179.0,0.0,2.4686630000000003,0.48072600000000004,JPN,SAU,830250
2832439,121,188,8735,2003,24471.0,0.0,1.2611709999999998,0.956308,KOR,SAU,830250
2832440,122,188,8735,2003,0.0,7762.0,-0.7943640000000001,-1.1529770000000001,KWT,SAU,830250
2832441,124,188,8735,2003,65564.0,0.0,0.261687,1.053856,LBN,SAU,830250
2832442,138,188,8735,2003,2312.0,0.0,0.862509,0.756684,MEX,SAU,830250
2832443,153,188,8735,2003,12818.0,0.0,0.728804,0.2168,MYS,SAU,830250
2832444,162,188,8735,2003,3405.0,0.0,1.168453,1.7085709999999998,NLD,SAU,830250
2832445,168,188,8735,2003,1492.0,0.0,-0.6659689999999999,0.137924,PAK,SAU,830250
2832446,174,188,8735,2003,4275.0,0.0,-0.065022,-0.195144,PHL,SAU,830250
2832447,177,188,8735,2003,3672.0,0.0,0.966622,1.664838,POL,SAU,830250
2832448,179,188,8735,2003,2580.0,0.0,0.471376,1.647303,PRT,SAU,830250
2832449,183,188,8735,2003,0.0,5416.0,-0.209042,-1.0565799999999999,QAT,SAU,830250
2832450,185,188,8735,2003,2572.0,0.0,0.378379,1.0064620000000002,ROU,SAU,830250
2832451,190,188,8735,2003,0.0,1162.0,-1.3535059999999999,-1.1701409999999999,SDN,SAU,830250
2832452,208,188,8735,2003,213882.0,0.0,2.099224,0.799982,SWE,SAU,830250
2832453,212,188,8735,2003,5042.0,0.0,-0.868749,-0.326322,SYR,SAU,830250
2832454,216,188,8735,2003,4208.0,0.0,0.43010699999999996,1.607408,THA,SAU,830250
2832455,224,188,8735,2003,38257.0,0.0,0.192802,1.9855060000000002,TUR,SAU,830250
2832456,228,188,8735,2003,1730.0,0.0,0.8929389999999999,0.956685,UKR,SAU,830250
2832457,231,188,8735,2003,80387.0,7322.0,1.7789220000000001,0.064028,USA,SAU,830250
2832458,249,188,8735,2003,223663.0,0.0,1.5924040000000002,1.397843,TWN,SAU,830250
2832459,250,188,8735,2003,4982.0,0.0,0.45951499999999995,-0.2312,ANS,SAU,830250
2832460,14,192,8735,2003,26860.0,94710.0,0.316879,0.9409489999999999,AUS,SGP,830250
2832461,15,192,8735,2003,2349.0,0.0,1.834977,0.408096,AUT,SGP,830250
2832462,18,192,8735,2003,1157.0,0.0,1.361682,1.39536,BEL,SGP,830250
2832463,34,192,8735,2003,0.0,1558.0,-1.342738,-0.978633,BRN,SGP,830250
2832464,39,192,8735,2003,73777.0,3274.0,0.9791540000000001,1.185081,CAN,SGP,830250
2832465,41,192,8735,2003,3511.0,0.0,2.151037,0.711217,CHE,SGP,830250
2832466,43,192,8735,2003,202884.0,21259.0,0.579431,2.773139,CHN,SGP,830250
2832467,61,192,8735,2003,182236.0,0.0,2.2821919999999998,-2.0985150000000004,DEU,SGP,830250
2832468,71,192,8735,2003,10194.0,0.0,0.960684,2.074792,ESP,SGP,830250
2832469,75,192,8735,2003,0.0,25307.0,-0.6865640000000001,-0.326977,FJI,SGP,830250
2832470,77,192,8735,2003,0.0,2638.0,1.606606,0.7394149999999999,FRA,SGP,830250
2832471,81,192,8735,2003,39668.0,371804.0,1.8712540000000002,0.706205,GBR,SGP,830250
2832472,97,192,8735,2003,14252.0,433464.0,0.494569,2.147062,HKG,SGP,830250
2832473,103,192,8735,2003,0.0,48381.0,-0.16802,1.7252990000000001,IDN,SGP,830250
2832474,104,192,8735,2003,1092.0,31082.0,0.33014099999999996,2.836003,IND,SGP,830250
2832475,106,192,8735,2003,7947.0,1174.0,1.6396130000000002,0.220599,IRL,SGP,830250
2832476,111,192,8735,2003,65682.0,0.0,1.399734,1.044608,ITA,SGP,830250
2832477,114,192,8735,2003,375051.0,5015.0,2.4686630000000003,0.48072600000000004,JPN,SGP,830250
2832478,118,192,8735,2003,0.0,2949.0,-1.0165620000000002,-1.060454,KHM,SGP,830250
2832479,121,192,8735,2003,39434.0,21420.0,1.2611709999999998,0.956308,KOR,SGP,830250
2832480,128,192,8735,2003,0.0,2938.0,-0.618057,0.101931,LKA,SGP,830250
2832481,137,192,8735,2003,0.0,11706.0,-1.201352,-1.031892,MDV,SGP,830250
2832482,138,192,8735,2003,3718.0,10499.0,0.862509,0.756684,MEX,SGP,830250
2832483,151,192,8735,2003,0.0,3566.0,-0.361514,-0.29839899999999997,MUS,SGP,830250
2832484,153,192,8735,2003,1667944.0,1545859.0,0.728804,0.2168,MYS,SGP,830250
2832485,159,192,8735,2003,0.0,2853.0,-1.859176,-1.234236,NGA,SGP,830250
2832486,162,192,8735,2003,17219.0,0.0,1.168453,1.7085709999999998,NLD,SGP,830250
2832487,166,192,8735,2003,2623.0,2738.0,0.589619,0.997301,NZL,SGP,830250
2832488,174,192,8735,2003,1126.0,59618.0,-0.065022,-0.195144,PHL,SGP,830250
2832489,176,192,8735,2003,0.0,8982.0,-1.7997330000000002,-1.2110049999999999,PNG,SGP,830250
2832490,177,192,8735,2003,1402.0,0.0,0.966622,1.664838,POL,SGP,830250
2832491,179,192,8735,2003,17959.0,0.0,0.471376,1.647303,PRT,SGP,830250
2832492,183,192,8735,2003,0.0,3432.0,-0.209042,-1.0565799999999999,QAT,SGP,830250
2832493,208,192,8735,2003,2174.0,0.0,2.099224,0.799982,SWE,SGP,830250
2832494,211,192,8735,2003,0.0,3584.0,-0.44341099999999994,-0.742566,SYC,SGP,830250
2832495,216,192,8735,2003,8173.0,55348.0,0.43010699999999996,1.607408,THA,SGP,830250
2832496,231,192,8735,2003,533326.0,909708.0,1.7789220000000001,0.064028,USA,SGP,830250
2832497,239,192,8735,2003,28092.0,35106.0,-0.633985,0.659696,VNM,SGP,830250
2832498,246,192,8735,2003,15577.0,0.0,0.477987,2.255395,ZAF,SGP,830250
2832499,249,192,8735,2003,49076.0,25293.0,1.5924040000000002,1.397843,TWN,SGP,830250
2832500,14,206,8735,2003,0.0,7451.0,0.316879,0.9409489999999999,AUS,SVK,830250
2832501,15,206,8735,2003,50723.0,588929.0,1.834977,0.408096,AUT,SVK,830250
2832502,18,206,8735,2003,5143.0,10922.0,1.361682,1.39536,BEL,SVK,830250
2832503,23,206,8735,2003,3541.0,0.0,0.43308599999999997,1.7104099999999998,BGR,SVK,830250
2832504,39,206,8735,2003,0.0,38558.0,0.9791540000000001,1.185081,CAN,SVK,830250
2832505,41,206,8735,2003,1720.0,5698.0,2.151037,0.711217,CHE,SVK,830250
2832506,43,206,8735,2003,61756.0,18195.0,0.579431,2.773139,CHN,SVK,830250
2832507,59,206,8735,2003,286070.0,145991.0,1.555749,0.8662059999999999,CZE,SVK,830250
2832508,61,206,8735,2003,23718.0,874294.0,2.2821919999999998,-2.0985150000000004,DEU,SVK,830250
2832509,64,206,8735,2003,1034.0,0.0,1.309564,1.245596,DNK,SVK,830250
2832510,71,206,8735,2003,24366.0,23670.0,0.960684,2.074792,ESP,SVK,830250
2832511,74,206,8735,2003,0.0,79829.0,2.077889,0.942501,FIN,SVK,830250
2832512,77,206,8735,2003,23235.0,121552.0,1.606606,0.7394149999999999,FRA,SVK,830250
2832513,81,206,8735,2003,2055.0,180116.0,1.8712540000000002,0.706205,GBR,SVK,830250
2832514,100,206,8735,2003,0.0,9510.0,0.568394,1.230759,HRV,SVK,830250
2832515,102,206,8735,2003,51310.0,23889.0,1.2003270000000001,1.091407,HUN,SVK,830250
2832516,109,206,8735,2003,0.0,797.0,0.21902800000000003,-0.40818499999999996,ISL,SVK,830250
2832517,111,206,8735,2003,11031.0,55797.0,1.399734,1.044608,ITA,SVK,830250
2832518,114,206,8735,2003,3296.0,0.0,2.4686630000000003,0.48072600000000004,JPN,SVK,830250
2832519,130,206,8735,2003,2365.0,0.0,0.239608,0.517299,LTU,SVK,830250
2832520,153,206,8735,2003,0.0,5342.0,0.728804,0.2168,MYS,SVK,830250
2832521,162,206,8735,2003,2129.0,34816.0,1.168453,1.7085709999999998,NLD,SVK,830250
2832522,163,206,8735,2003,0.0,38200.0,1.1500620000000001,0.258554,NOR,SVK,830250
2832523,177,206,8735,2003,195559.0,80753.0,0.966622,1.664838,POL,SVK,830250
2832524,179,206,8735,2003,1093.0,0.0,0.471376,1.647303,PRT,SVK,830250
2832525,185,206,8735,2003,3728.0,0.0,0.378379,1.0064620000000002,ROU,SVK,830250
2832526,186,206,8735,2003,0.0,78229.0,1.072729,0.338355,RUS,SVK,830250
2832527,207,206,8735,2003,1973.0,19127.0,1.6459840000000001,1.014191,SVN,SVK,830250
2832528,208,206,8735,2003,6573.0,151627.0,2.099224,0.799982,SWE,SVK,830250
2832529,216,206,8735,2003,1275.0,0.0,0.43010699999999996,1.607408,THA,SVK,830250
2832530,224,206,8735,2003,7530.0,1222.0,0.192802,1.9855060000000002,TUR,SVK,830250
2832531,228,206,8735,2003,0.0,2360.0,0.8929389999999999,0.956685,UKR,SVK,830250
2832532,231,206,8735,2003,0.0,141683.0,1.7789220000000001,0.064028,USA,SVK,830250
2832533,249,206,8735,2003,6572.0,3960.0,1.5924040000000002,1.397843,TWN,SVK,830250
2832534,15,207,8735,2003,98305.0,3403.0,1.834977,0.408096,AUT,SVN,830250
2832535,26,207,8735,2003,0.0,18445.0,0.195667,0.347011,BIH,SVN,830250
2832536,41,207,8735,2003,2707.0,10110.0,2.151037,0.711217,CHE,SVN,830250
2832537,43,207,8735,2003,5175.0,0.0,0.579431,2.773139,CHN,SVN,830250
2832538,59,207,8735,2003,3256.0,7733.0,1.555749,0.8662059999999999,CZE,SVN,830250
2832539,61,207,8735,2003,214335.0,22575.0,2.2821919999999998,-2.0985150000000004,DEU,SVN,830250
2832540,64,207,8735,2003,2844.0,0.0,1.309564,1.245596,DNK,SVN,830250
2832541,71,207,8735,2003,2518.0,0.0,0.960684,2.074792,ESP,SVN,830250
2832542,77,207,8735,2003,2563.0,36210.0,1.606606,0.7394149999999999,FRA,SVN,830250
2832543,100,207,8735,2003,1803.0,49338.0,0.568394,1.230759,HRV,SVN,830250
2832544,102,207,8735,2003,1119.0,1326.0,1.2003270000000001,1.091407,HUN,SVN,830250
2832545,104,207,8735,2003,655.0,0.0,0.33014099999999996,2.836003,IND,SVN,830250
2832546,106,207,8735,2003,10852.0,0.0,1.6396130000000002,0.220599,IRL,SVN,830250
2832547,111,207,8735,2003,55508.0,86711.0,1.399734,1.044608,ITA,SVN,830250
2832548,114,207,8735,2003,897.0,0.0,2.4686630000000003,0.48072600000000004,JPN,SVN,830250
2832549,140,207,8735,2003,1623.0,5266.0,-0.017632,0.225394,MKD,SVN,830250
2832550,162,207,8735,2003,2555.0,322558.0,1.168453,1.7085709999999998,NLD,SVN,830250
2832551,177,207,8735,2003,1653.0,0.0,0.966622,1.664838,POL,SVN,830250
2832552,189,207,8735,2003,1093.0,2475.0,0.575326,1.627894,SCG,SVN,830250
2832553,198,207,8735,2003,2296.0,0.0,1.147666,0.167516,SMR,SVN,830250
2832554,206,207,8735,2003,19127.0,1973.0,1.22565,0.915518,SVK,SVN,830250
2832555,208,207,8735,2003,3221.0,0.0,2.099224,0.799982,SWE,SVN,830250
2832556,224,207,8735,2003,11971.0,0.0,0.192802,1.9855060000000002,TUR,SVN,830250
2832557,231,207,8735,2003,2427.0,0.0,1.7789220000000001,0.064028,USA,SVN,830250
2832558,249,207,8735,2003,3404.0,0.0,1.5924040000000002,1.397843,TWN,SVN,830250
2832559,39,212,8735,2003,0.0,1489.0,0.9791540000000001,1.185081,CAN,SYR,830250
2832560,43,212,8735,2003,30505.0,0.0,0.579431,2.773139,CHN,SYR,830250
2832561,61,212,8735,2003,14088.0,0.0,2.2821919999999998,-2.0985150000000004,DEU,SYR,830250
2832562,66,212,8735,2003,0.0,6091.0,-1.060727,-1.142594,DZA,SYR,830250
2832563,90,212,8735,2003,2933.0,0.0,0.364688,1.4823959999999998,GRC,SYR,830250
2832564,97,212,8735,2003,6728.0,0.0,0.494569,2.147062,HKG,SYR,830250
2832565,113,212,8735,2003,0.0,907.0,0.12295,0.377031,JOR,SYR,830250
2832566,166,212,8735,2003,0.0,2288.0,0.589619,0.997301,NZL,SYR,830250
2832567,186,212,8735,2003,0.0,21331.0,1.072729,0.338355,RUS,SYR,830250
2832568,188,212,8735,2003,0.0,5042.0,0.202286,-0.714691,SAU,SYR,830250
2832569,246,212,8735,2003,8743.0,0.0,0.477987,2.255395,ZAF,SYR,830250
2832570,249,212,8735,2003,4365.0,0.0,1.5924040000000002,1.397843,TWN,SYR,830250
2832571,250,212,8735,2003,1840.0,0.0,0.45951499999999995,-0.2312,ANS,SYR,830250
2832572,43,223,8735,2003,10672.0,0.0,0.579431,2.773139,CHN,TUN,830250
2832573,61,223,8735,2003,10536.0,0.0,2.2821919999999998,-2.0985150000000004,DEU,TUN,830250
2832574,71,223,8735,2003,18613.0,4210.0,0.960684,2.074792,ESP,TUN,830250
2832575,77,223,8735,2003,121255.0,174142.0,1.606606,0.7394149999999999,FRA,TUN,830250
2832576,104,223,8735,2003,4508.0,0.0,0.33014099999999996,2.836003,IND,TUN,830250
2832577,111,223,8735,2003,83347.0,0.0,1.399734,1.044608,ITA,TUN,830250
2832578,179,223,8735,2003,2123.0,0.0,0.471376,1.647303,PRT,TUN,830250
2832579,249,223,8735,2003,16914.0,0.0,1.5924040000000002,1.397843,TWN,TUN,830250
2832580,15,228,8735,2003,2567.0,2620.0,1.834977,0.408096,AUT,UKR,830250
2832581,18,228,8735,2003,6769.0,0.0,1.361682,1.39536,BEL,UKR,830250
2832582,39,228,8735,2003,0.0,6132.0,0.9791540000000001,1.185081,CAN,UKR,830250
2832583,41,228,8735,2003,2286.0,0.0,2.151037,0.711217,CHE,UKR,830250
2832584,43,228,8735,2003,37525.0,0.0,0.579431,2.773139,CHN,UKR,830250
2832585,59,228,8735,2003,1762.0,0.0,1.555749,0.8662059999999999,CZE,UKR,830250
2832586,61,228,8735,2003,184512.0,3484.0,2.2821919999999998,-2.0985150000000004,DEU,UKR,830250
2832587,64,228,8735,2003,1590.0,0.0,1.309564,1.245596,DNK,UKR,830250
2832588,71,228,8735,2003,4003.0,5582.0,0.960684,2.074792,ESP,UKR,830250
2832589,72,228,8735,2003,9281.0,0.0,0.5913010000000001,0.8489979999999999,EST,UKR,830250
2832590,74,228,8735,2003,3807.0,2177.0,2.077889,0.942501,FIN,UKR,830250
2832591,77,228,8735,2003,2579.0,40007.0,1.606606,0.7394149999999999,FRA,UKR,830250
2832592,81,228,8735,2003,1679.0,0.0,1.8712540000000002,0.706205,GBR,UKR,830250
2832593,97,228,8735,2003,641.0,0.0,0.494569,2.147062,HKG,UKR,830250
2832594,102,228,8735,2003,1070.0,0.0,1.2003270000000001,1.091407,HUN,UKR,830250
2832595,110,228,8735,2003,7012.0,0.0,1.157809,0.682195,ISR,UKR,830250
2832596,111,228,8735,2003,11180.0,0.0,1.399734,1.044608,ITA,UKR,830250
2832597,130,228,8735,2003,3053.0,0.0,0.239608,0.517299,LTU,UKR,830250
2832598,162,228,8735,2003,49448.0,0.0,1.168453,1.7085709999999998,NLD,UKR,830250
2832599,163,228,8735,2003,0.0,3557.0,1.1500620000000001,0.258554,NOR,UKR,830250
2832600,167,228,8735,2003,255.0,0.0,-1.434873,-1.188123,OMN,UKR,830250
2832601,177,228,8735,2003,641010.0,0.0,0.966622,1.664838,POL,UKR,830250
2832602,186,228,8735,2003,2474.0,1210.0,1.072729,0.338355,RUS,UKR,830250
2832603,188,228,8735,2003,0.0,1730.0,0.202286,-0.714691,SAU,UKR,830250
2832604,206,228,8735,2003,2360.0,0.0,1.22565,0.915518,SVK,UKR,830250
2832605,208,228,8735,2003,2378.0,33025.0,2.099224,0.799982,SWE,UKR,830250
2832606,224,228,8735,2003,13316.0,0.0,0.192802,1.9855060000000002,TUR,UKR,830250
2832607,231,228,8735,2003,4052.0,0.0,1.7789220000000001,0.064028,USA,UKR,830250
2832608,249,228,8735,2003,12448.0,0.0,1.5924040000000002,1.397843,TWN,UKR,830250
2832609,43,19,8735,2003,19668.0,0.0,0.579431,2.773139,CHN,BEN,830250
2832610,64,19,8735,2003,1926.0,0.0,1.309564,1.245596,DNK,BEN,830250
2832611,71,19,8735,2003,3569.0,0.0,0.960684,2.074792,ESP,BEN,830250
2832612,7,37,8735,2003,476.0,0.0,0.049637,-0.502691,ARE,BWA,830250
2832613,81,37,8735,2003,901.0,0.0,1.8712540000000002,0.706205,GBR,BWA,830250
2832614,216,37,8735,2003,1121.0,0.0,0.43010699999999996,1.607408,THA,BWA,830250
2832615,231,37,8735,2003,1386.0,0.0,1.7789220000000001,0.064028,USA,BWA,830250
2832616,246,37,8735,2003,551180.0,233.0,0.477987,2.255395,ZAF,BWA,830250
2832617,249,37,8735,2003,1812.0,0.0,1.5924040000000002,1.397843,TWN,BWA,830250
2832618,43,44,8735,2003,3638.0,0.0,0.579431,2.773139,CHN,CIV,830250
2832619,61,44,8735,2003,11615.0,0.0,2.2821919999999998,-2.0985150000000004,DEU,CIV,830250
2832620,77,44,8735,2003,892.0,0.0,1.606606,0.7394149999999999,FRA,CIV,830250
2832621,111,44,8735,2003,3434.0,0.0,1.399734,1.044608,ITA,CIV,830250
2832622,153,44,8735,2003,1187.0,0.0,0.728804,0.2168,MYS,CIV,830250
2832623,249,44,8735,2003,2262.0,0.0,1.5924040000000002,1.397843,TWN,CIV,830250
2832624,61,45,8735,2003,2069.0,0.0,2.2821919999999998,-2.0985150000000004,DEU,CMR,830250
2832625,71,45,8735,2003,3686.0,0.0,0.960684,2.074792,ESP,CMR,830250
2832626,77,45,8735,2003,72332.0,0.0,1.606606,0.7394149999999999,FRA,CMR,830250
2832627,15,58,8735,2003,2694.0,0.0,1.834977,0.408096,AUT,CYP,830250
2832628,18,58,8735,2003,3713.0,0.0,1.361682,1.39536,BEL,CYP,830250
2832629,43,58,8735,2003,10325.0,0.0,0.579431,2.773139,CHN,CYP,830250
2832630,61,58,8735,2003,16685.0,0.0,2.2821919999999998,-2.0985150000000004,DEU,CYP,830250
2832631,71,58,8735,2003,14582.0,0.0,0.960684,2.074792,ESP,CYP,830250
2832632,77,58,8735,2003,25174.0,0.0,1.606606,0.7394149999999999,FRA,CYP,830250
2832633,81,58,8735,2003,22838.0,0.0,1.8712540000000002,0.706205,GBR,CYP,830250
2832634,90,58,8735,2003,5081.0,0.0,0.364688,1.4823959999999998,GRC,CYP,830250
2832635,97,58,8735,2003,6311.0,0.0,0.494569,2.147062,HKG,CYP,830250
2832636,104,58,8735,2003,1317.0,0.0,0.33014099999999996,2.836003,IND,CYP,830250
2832637,106,58,8735,2003,3165.0,0.0,1.6396130000000002,0.220599,IRL,CYP,830250
2832638,110,58,8735,2003,47067.0,0.0,1.157809,0.682195,ISR,CYP,830250
2832639,111,58,8735,2003,75996.0,0.0,1.399734,1.044608,ITA,CYP,830250
2832640,114,58,8735,2003,8587.0,0.0,2.4686630000000003,0.48072600000000004,JPN,CYP,830250
2832641,162,58,8735,2003,4336.0,0.0,1.168453,1.7085709999999998,NLD,CYP,830250
2832642,185,58,8735,2003,2217.0,0.0,0.378379,1.0064620000000002,ROU,CYP,830250
2832643,208,58,8735,2003,2559.0,0.0,2.099224,0.799982,SWE,CYP,830250
2832644,216,58,8735,2003,1502.0,0.0,0.43010699999999996,1.607408,THA,CYP,830250
2832645,224,58,8735,2003,21830.0,0.0,0.192802,1.9855060000000002,TUR,CYP,830250
2832646,231,58,8735,2003,2360.0,0.0,1.7789220000000001,0.064028,USA,CYP,830250
2832647,249,58,8735,2003,5191.0,0.0,1.5924040000000002,1.397843,TWN,CYP,830250
2832648,15,72,8735,2003,1738.0,0.0,1.834977,0.408096,AUT,EST,830250
2832649,28,72,8735,2003,4145.0,802.0,0.847358,0.9307719999999999,BLR,EST,830250
2832650,43,72,8735,2003,2824.0,0.0,0.579431,2.773139,CHN,EST,830250
2832651,59,72,8735,2003,1580.0,0.0,1.555749,0.8662059999999999,CZE,EST,830250
2832652,61,72,8735,2003,111119.0,0.0,2.2821919999999998,-2.0985150000000004,DEU,EST,830250
2832653,64,72,8735,2003,3326.0,9150.0,1.309564,1.245596,DNK,EST,830250
2832654,74,72,8735,2003,397040.0,70180.0,2.077889,0.942501,FIN,EST,830250
2832655,111,72,8735,2003,1094.0,0.0,1.399734,1.044608,ITA,EST,830250
2832656,114,72,8735,2003,5836.0,0.0,2.4686630000000003,0.48072600000000004,JPN,EST,830250
2832657,130,72,8735,2003,0.0,49210.0,0.239608,0.517299,LTU,EST,830250
2832658,132,72,8735,2003,9903.0,28914.0,0.520772,0.5631689999999999,LVA,EST,830250
2832659,162,72,8735,2003,11950.0,0.0,1.168453,1.7085709999999998,NLD,EST,830250
2832660,177,72,8735,2003,13049.0,0.0,0.966622,1.664838,POL,EST,830250
2832661,186,72,8735,2003,1897.0,19507.0,1.072729,0.338355,RUS,EST,830250
2832662,208,72,8735,2003,6327.0,48957.0,2.099224,0.799982,SWE,EST,830250
2832663,216,72,8735,2003,37339.0,0.0,0.43010699999999996,1.607408,THA,EST,830250
2832664,224,72,8735,2003,4854.0,0.0,0.192802,1.9855060000000002,TUR,EST,830250
2832665,228,72,8735,2003,0.0,9281.0,0.8929389999999999,0.956685,UKR,EST,830250
2832666,249,72,8735,2003,3479.0,0.0,1.5924040000000002,1.397843,TWN,EST,830250
2832667,250,72,8735,2003,205853.0,0.0,0.45951499999999995,-0.2312,ANS,EST,830250
2832668,43,80,8735,2003,714.0,0.0,0.579431,2.773139,CHN,GAB,830250
2832669,61,80,8735,2003,850.0,0.0,2.2821919999999998,-2.0985150000000004,DEU,GAB,830250
2832670,77,80,8735,2003,6452.0,0.0,1.606606,0.7394149999999999,FRA,GAB,830250
2832671,162,80,8735,2003,1769.0,0.0,1.168453,1.7085709999999998,NLD,GAB,830250
2832672,43,118,8735,2003,1780.0,0.0,0.579431,2.773139,CHN,KHM,830250
2832673,61,118,8735,2003,13444.0,0.0,2.2821919999999998,-2.0985150000000004,DEU,KHM,830250
2832674,153,118,8735,2003,1171.0,0.0,0.728804,0.2168,MYS,KHM,830250
2832675,192,118,8735,2003,2949.0,0.0,1.5080799999999999,0.720337,SGP,KHM,830250
2832676,216,118,8735,2003,6453.0,0.0,0.43010699999999996,1.607408,THA,KHM,830250
2832677,249,118,8735,2003,1882.0,0.0,1.5924040000000002,1.397843,TWN,KHM,830250
2832678,14,130,8735,2003,0.0,1304.0,0.316879,0.9409489999999999,AUS,LTU,830250
2832679,15,130,8735,2003,0.0,19851.0,1.834977,0.408096,AUT,LTU,830250
2832680,18,130,8735,2003,8954.0,52053.0,1.361682,1.39536,BEL,LTU,830250
2832681,23,130,8735,2003,760.0,0.0,0.43308599999999997,1.7104099999999998,BGR,LTU,830250
2832682,28,130,8735,2003,31120.0,959.0,0.847358,0.9307719999999999,BLR,LTU,830250
2832683,39,130,8735,2003,0.0,14781.0,0.9791540000000001,1.185081,CAN,LTU,830250
2832684,41,130,8735,2003,0.0,1872.0,2.151037,0.711217,CHE,LTU,830250
2832685,43,130,8735,2003,6344.0,11068.0,0.579431,2.773139,CHN,LTU,830250
2832686,59,130,8735,2003,2242.0,4312.0,1.555749,0.8662059999999999,CZE,LTU,830250
2832687,61,130,8735,2003,150034.0,38287.0,2.2821919999999998,-2.0985150000000004,DEU,LTU,830250
2832688,64,130,8735,2003,26484.0,39713.0,1.309564,1.245596,DNK,LTU,830250
2832689,71,130,8735,2003,4824.0,9346.0,0.960684,2.074792,ESP,LTU,830250
2832690,72,130,8735,2003,49210.0,0.0,0.5913010000000001,0.8489979999999999,EST,LTU,830250
2832691,74,130,8735,2003,3496.0,18877.0,2.077889,0.942501,FIN,LTU,830250
2832692,77,130,8735,2003,0.0,8769.0,1.606606,0.7394149999999999,FRA,LTU,830250
2832693,81,130,8735,2003,0.0,22456.0,1.8712540000000002,0.706205,GBR,LTU,830250
2832694,102,130,8735,2003,1138.0,5573.0,1.2003270000000001,1.091407,HUN,LTU,830250
2832695,109,130,8735,2003,0.0,2165.0,0.21902800000000003,-0.40818499999999996,ISL,LTU,830250
2832696,111,130,8735,2003,130395.0,0.0,1.399734,1.044608,ITA,LTU,830250
2832697,132,130,8735,2003,1320.0,6024.0,0.520772,0.5631689999999999,LVA,LTU,830250
2832698,153,130,8735,2003,0.0,38782.0,0.728804,0.2168,MYS,LTU,830250
2832699,163,130,8735,2003,0.0,67066.0,1.1500620000000001,0.258554,NOR,LTU,830250
2832700,177,130,8735,2003,310718.0,0.0,0.966622,1.664838,POL,LTU,830250
2832701,186,130,8735,2003,8793.0,13347.0,1.072729,0.338355,RUS,LTU,830250
2832702,206,130,8735,2003,0.0,2365.0,1.22565,0.915518,SVK,LTU,830250
2832703,208,130,8735,2003,8387.0,296011.0,2.099224,0.799982,SWE,LTU,830250
2832704,216,130,8735,2003,7418.0,0.0,0.43010699999999996,1.607408,THA,LTU,830250
2832705,224,130,8735,2003,1069.0,0.0,0.192802,1.9855060000000002,TUR,LTU,830250
2832706,228,130,8735,2003,0.0,3053.0,0.8929389999999999,0.956685,UKR,LTU,830250
2832707,231,130,8735,2003,0.0,37941.0,1.7789220000000001,0.064028,USA,LTU,830250
2832708,249,130,8735,2003,8988.0,1626.0,1.5924040000000002,1.397843,TWN,LTU,830250
2832709,18,131,8735,2003,103100.0,3375.0,1.361682,1.39536,BEL,LUX,830250
2832710,41,131,8735,2003,4665.0,27046.0,2.151037,0.711217,CHE,LUX,830250
2832711,61,131,8735,2003,577936.0,9558.0,2.2821919999999998,-2.0985150000000004,DEU,LUX,830250
2832712,64,131,8735,2003,1868.0,0.0,1.309564,1.245596,DNK,LUX,830250
2832713,77,131,8735,2003,27379.0,1089.0,1.606606,0.7394149999999999,FRA,LUX,830250
2832714,81,131,8735,2003,3085.0,0.0,1.8712540000000002,0.706205,GBR,LUX,830250
2832715,111,131,8735,2003,4286.0,0.0,1.399734,1.044608,ITA,LUX,830250
2832716,162,131,8735,2003,41575.0,0.0,1.168453,1.7085709999999998,NLD,LUX,830250
2832717,163,131,8735,2003,0.0,5140.0,1.1500620000000001,0.258554,NOR,LUX,830250
2832718,14,134,8735,2003,0.0,1425.0,0.316879,0.9409489999999999,AUS,MAR,830250
2832719,15,134,8735,2003,16076.0,0.0,1.834977,0.408096,AUT,MAR,830250
2832720,41,134,8735,2003,930.0,0.0,2.151037,0.711217,CHE,MAR,830250
2832721,43,134,8735,2003,89493.0,0.0,0.579431,2.773139,CHN,MAR,830250
2832722,61,134,8735,2003,20975.0,0.0,2.2821919999999998,-2.0985150000000004,DEU,MAR,830250
2832723,71,134,8735,2003,26951.0,150233.0,0.960684,2.074792,ESP,MAR,830250
2832724,77,134,8735,2003,5019.0,438439.0,1.606606,0.7394149999999999,FRA,MAR,830250
2832725,85,134,8735,2003,0.0,3995.0,-2.14752,-1.250048,GIN,MAR,830250
2832726,97,134,8735,2003,5101.0,0.0,0.494569,2.147062,HKG,MAR,830250
2832727,104,134,8735,2003,4264.0,0.0,0.33014099999999996,2.836003,IND,MAR,830250
2832728,111,134,8735,2003,16396.0,0.0,1.399734,1.044608,ITA,MAR,830250
2832729,162,134,8735,2003,7291.0,0.0,1.168453,1.7085709999999998,NLD,MAR,830250
2832730,179,134,8735,2003,921.0,0.0,0.471376,1.647303,PRT,MAR,830250
2832731,224,134,8735,2003,2303.0,0.0,0.192802,1.9855060000000002,TUR,MAR,830250
2832732,249,134,8735,2003,27135.0,0.0,1.5924040000000002,1.397843,TWN,MAR,830250
2832733,250,134,8735,2003,0.0,3453.0,0.45951499999999995,-0.2312,ANS,MAR,830250
2832734,15,135,8735,2003,1067.0,0.0,1.834977,0.408096,AUT,MDA,830250
2832735,18,135,8735,2003,3297.0,0.0,1.361682,1.39536,BEL,MDA,830250
2832736,43,135,8735,2003,615.0,0.0,0.579431,2.773139,CHN,MDA,830250
2832737,59,135,8735,2003,1084.0,0.0,1.555749,0.8662059999999999,CZE,MDA,830250
2832738,81,135,8735,2003,3521.0,0.0,1.8712540000000002,0.706205,GBR,MDA,830250
2832739,111,135,8735,2003,3244.0,0.0,1.399734,1.044608,ITA,MDA,830250
2832740,114,135,8735,2003,2472.0,0.0,2.4686630000000003,0.48072600000000004,JPN,MDA,830250
2832741,177,135,8735,2003,1184.0,0.0,0.966622,1.664838,POL,MDA,830250
2832742,185,135,8735,2003,2221.0,0.0,0.378379,1.0064620000000002,ROU,MDA,830250
2832743,224,135,8735,2003,1575.0,0.0,0.192802,1.9855060000000002,TUR,MDA,830250
2832744,39,142,8735,2003,1634.0,0.0,0.9791540000000001,1.185081,CAN,MLT,830250
2832745,43,142,8735,2003,6561.0,0.0,0.579431,2.773139,CHN,MLT,830250
2832746,61,142,8735,2003,6632.0,0.0,2.2821919999999998,-2.0985150000000004,DEU,MLT,830250
2832747,71,142,8735,2003,17894.0,0.0,0.960684,2.074792,ESP,MLT,830250
2832748,77,142,8735,2003,8023.0,0.0,1.606606,0.7394149999999999,FRA,MLT,830250
2832749,81,142,8735,2003,34295.0,0.0,1.8712540000000002,0.706205,GBR,MLT,830250
2832750,111,142,8735,2003,13197.0,0.0,1.399734,1.044608,ITA,MLT,830250
2832751,126,142,8735,2003,0.0,1025.0,-0.36075999999999997,-1.110575,LBY,MLT,830250
2832752,43,147,8735,2003,1181.0,0.0,0.579431,2.773139,CHN,MOZ,830250
2832753,61,147,8735,2003,2474.0,0.0,2.2821919999999998,-2.0985150000000004,DEU,MOZ,830250
2832754,246,147,8735,2003,11588.0,0.0,0.477987,2.255395,ZAF,MOZ,830250
2832755,61,155,8735,2003,831.0,0.0,2.2821919999999998,-2.0985150000000004,DEU,NAM,830250
2832756,246,155,8735,2003,131905.0,149.0,0.477987,2.255395,ZAF,NAM,830250
2832757,43,159,8735,2003,22094.0,0.0,0.579431,2.773139,CHN,NGA,830250
2832758,61,159,8735,2003,820.0,0.0,2.2821919999999998,-2.0985150000000004,DEU,NGA,830250
2832759,77,159,8735,2003,6117.0,0.0,1.606606,0.7394149999999999,FRA,NGA,830250
2832760,111,159,8735,2003,164185.0,0.0,1.399734,1.044608,ITA,NGA,830250
2832761,114,159,8735,2003,8187.0,0.0,2.4686630000000003,0.48072600000000004,JPN,NGA,830250
2832762,124,159,8735,2003,2838.0,0.0,0.261687,1.053856,LBN,NGA,830250
2832763,163,159,8735,2003,1453.0,0.0,1.1500620000000001,0.258554,NOR,NGA,830250
2832764,192,159,8735,2003,2853.0,0.0,1.5080799999999999,0.720337,SGP,NGA,830250
2832765,246,159,8735,2003,8386.0,0.0,0.477987,2.255395,ZAF,NGA,830250
2832766,249,159,8735,2003,3342.0,0.0,1.5924040000000002,1.397843,TWN,NGA,830250
2832767,43,191,8735,2003,6411.0,0.0,0.579431,2.773139,CHN,SEN,830250
2832768,61,191,8735,2003,1639.0,0.0,2.2821919999999998,-2.0985150000000004,DEU,SEN,830250
2832769,77,191,8735,2003,4927.0,0.0,1.606606,0.7394149999999999,FRA,SEN,830250
2832770,111,191,8735,2003,20301.0,0.0,1.399734,1.044608,ITA,SEN,830250
2832771,41,215,8735,2003,1235.0,0.0,2.151037,0.711217,CHE,TGO,830250
2832772,83,215,8735,2003,1977.0,0.0,-1.074188,-0.7127319999999999,GHA,TGO,830250
2832773,43,226,8735,2003,5413.0,0.0,0.579431,2.773139,CHN,TZA,830250
2832774,97,226,8735,2003,1205.0,0.0,0.494569,2.147062,HKG,TZA,830250
2832775,104,226,8735,2003,5108.0,0.0,0.33014099999999996,2.836003,IND,TZA,830250
2832776,114,226,8735,2003,1762.0,0.0,2.4686630000000003,0.48072600000000004,JPN,TZA,830250
2832777,116,226,8735,2003,1219.0,0.0,-0.3531,0.582992,KEN,TZA,830250
2832778,246,226,8735,2003,4133.0,0.0,0.477987,2.255395,ZAF,TZA,830250
2832779,14,239,8735,2003,0.0,8672.0,0.316879,0.9409489999999999,AUS,VNM,830250
2832780,15,239,8735,2003,0.0,16200.0,1.834977,0.408096,AUT,VNM,830250
2832781,18,239,8735,2003,0.0,13569.0,1.361682,1.39536,BEL,VNM,830250
2832782,39,239,8735,2003,0.0,30599.0,0.9791540000000001,1.185081,CAN,VNM,830250
2832783,41,239,8735,2003,0.0,5496.0,2.151037,0.711217,CHE,VNM,830250
2832784,43,239,8735,2003,98075.0,2360.0,0.579431,2.773139,CHN,VNM,830250
2832785,61,239,8735,2003,14005.0,92060.0,2.2821919999999998,-2.0985150000000004,DEU,VNM,830250
2832786,71,239,8735,2003,0.0,15947.0,0.960684,2.074792,ESP,VNM,830250
2832787,74,239,8735,2003,0.0,5686.0,2.077889,0.942501,FIN,VNM,830250
2832788,77,239,8735,2003,1887.0,95531.0,1.606606,0.7394149999999999,FRA,VNM,830250
2832789,81,239,8735,2003,19503.0,42264.0,1.8712540000000002,0.706205,GBR,VNM,830250
2832790,102,239,8735,2003,0.0,1230.0,1.2003270000000001,1.091407,HUN,VNM,830250
2832791,103,239,8735,2003,982.0,0.0,-0.16802,1.7252990000000001,IDN,VNM,830250
2832792,109,239,8735,2003,0.0,685.0,0.21902800000000003,-0.40818499999999996,ISL,VNM,830250
2832793,111,239,8735,2003,0.0,10748.0,1.399734,1.044608,ITA,VNM,830250
2832794,114,239,8735,2003,75463.0,140945.0,2.4686630000000003,0.48072600000000004,JPN,VNM,830250
2832795,121,239,8735,2003,1534.0,0.0,1.2611709999999998,0.956308,KOR,VNM,830250
2832796,138,239,8735,2003,0.0,961.0,0.862509,0.756684,MEX,VNM,830250
2832797,153,239,8735,2003,7937.0,73724.0,0.728804,0.2168,MYS,VNM,830250
2832798,162,239,8735,2003,1191.0,25449.0,1.168453,1.7085709999999998,NLD,VNM,830250
2832799,163,239,8735,2003,0.0,36387.0,1.1500620000000001,0.258554,NOR,VNM,830250
2832800,186,239,8735,2003,0.0,26488.0,1.072729,0.338355,RUS,VNM,830250
2832801,192,239,8735,2003,35106.0,28092.0,1.5080799999999999,0.720337,SGP,VNM,830250
2832802,208,239,8735,2003,0.0,102347.0,2.099224,0.799982,SWE,VNM,830250
2832803,231,239,8735,2003,2093.0,68953.0,1.7789220000000001,0.064028,USA,VNM,830250
2832804,249,239,8735,2003,21860.0,16650.0,1.5924040000000002,1.397843,TWN,VNM,830250
2832805,246,247,8735,2003,35935.0,0.0,0.477987,2.255395,ZAF,ZMB,830250
2832806,39,120,8735,2003,5375.0,0.0,0.9791540000000001,1.185081,CAN,KNA,830250
2832807,43,120,8735,2003,582.0,0.0,0.579431,2.773139,CHN,KNA,830250
2832808,231,120,8735,2003,3571.0,0.0,1.7789220000000001,0.064028,USA,KNA,830250
2832809,43,127,8735,2003,441.0,0.0,0.579431,2.773139,CHN,LCA,830250
2832810,81,127,8735,2003,1473.0,0.0,1.8712540000000002,0.706205,GBR,LCA,830250
2832811,112,127,8735,2003,1723.0,0.0,-0.6684140000000001,-0.915817,JAM,LCA,830250
2832812,222,127,8735,2003,776.0,0.0,-0.16738,-0.9820969999999999,TTO,LCA,830250
2832813,231,127,8735,2003,19439.0,0.0,1.7789220000000001,0.064028,USA,LCA,830250
2832814,166,48,8735,2003,8315.0,0.0,0.589619,0.997301,NZL,COK,830250
2832815,43,63,8735,2003,3028.0,0.0,0.579431,2.773139,CHN,DMA,830250
2832816,61,63,8735,2003,3159.0,0.0,2.2821919999999998,-2.0985150000000004,DEU,DMA,830250
2832817,81,63,8735,2003,1384.0,0.0,1.8712540000000002,0.706205,GBR,DMA,830250
2832818,231,63,8735,2003,2993.0,0.0,1.7789220000000001,0.064028,USA,DMA,830250
2832819,7,66,8735,2003,15136.0,0.0,0.049637,-0.502691,ARE,DZA,830250
2832820,43,66,8735,2003,45662.0,0.0,0.579431,2.773139,CHN,DZA,830250
2832821,61,66,8735,2003,869.0,0.0,2.2821919999999998,-2.0985150000000004,DEU,DZA,830250
2832822,68,66,8735,2003,7263.0,0.0,-0.292923,0.465433,EGY,DZA,830250
2832823,71,66,8735,2003,11054.0,0.0,0.960684,2.074792,ESP,DZA,830250
2832824,77,66,8735,2003,4536.0,0.0,1.606606,0.7394149999999999,FRA,DZA,830250
2832825,81,66,8735,2003,4016.0,0.0,1.8712540000000002,0.706205,GBR,DZA,830250
2832826,97,66,8735,2003,4820.0,0.0,0.494569,2.147062,HKG,DZA,830250
2832827,104,66,8735,2003,3238.0,0.0,0.33014099999999996,2.836003,IND,DZA,830250
2832828,111,66,8735,2003,103204.0,0.0,1.399734,1.044608,ITA,DZA,830250
2832829,114,66,8735,2003,1058.0,0.0,2.4686630000000003,0.48072600000000004,JPN,DZA,830250
2832830,179,66,8735,2003,5525.0,0.0,0.471376,1.647303,PRT,DZA,830250
2832831,212,66,8735,2003,6091.0,0.0,-0.868749,-0.326322,SYR,DZA,830250
2832832,216,66,8735,2003,2111.0,0.0,0.43010699999999996,1.607408,THA,DZA,830250
2832833,224,66,8735,2003,58644.0,0.0,0.192802,1.9855060000000002,TUR,DZA,830250
2832834,250,66,8735,2003,1381.0,0.0,0.45951499999999995,-0.2312,ANS,DZA,830250
2832835,61,82,8735,2003,42453.0,0.0,2.2821919999999998,-2.0985150000000004,DEU,GEO,830250
2832836,64,82,8735,2003,815.0,0.0,1.309564,1.245596,DNK,GEO,830250
2832837,177,82,8735,2003,1079.0,0.0,0.966622,1.664838,POL,GEO,830250
2832838,224,82,8735,2003,29689.0,0.0,0.192802,1.9855060000000002,TUR,GEO,830250
2832839,107,108,8735,2003,6141.0,3392.0,-0.552146,-0.8668520000000001,IRN,IRQ,830250
2832840,224,108,8735,2003,47811.0,0.0,0.192802,1.9855060000000002,TUR,IRQ,830250
2832841,15,109,8735,2003,10981.0,0.0,1.834977,0.408096,AUT,ISL,830250
2832842,18,109,8735,2003,12551.0,0.0,1.361682,1.39536,BEL,ISL,830250
2832843,41,109,8735,2003,5284.0,0.0,2.151037,0.711217,CHE,ISL,830250
2832844,43,109,8735,2003,35291.0,0.0,0.579431,2.773139,CHN,ISL,830250
2832845,59,109,8735,2003,2249.0,0.0,1.555749,0.8662059999999999,CZE,ISL,830250
2832846,61,109,8735,2003,28153.0,0.0,2.2821919999999998,-2.0985150000000004,DEU,ISL,830250
2832847,64,109,8735,2003,53855.0,4119.0,1.309564,1.245596,DNK,ISL,830250
2832848,71,109,8735,2003,4780.0,0.0,0.960684,2.074792,ESP,ISL,830250
2832849,81,109,8735,2003,2388.0,0.0,1.8712540000000002,0.706205,GBR,ISL,830250
2832850,102,109,8735,2003,3946.0,0.0,1.2003270000000001,1.091407,HUN,ISL,830250
2832851,104,109,8735,2003,795.0,0.0,0.33014099999999996,2.836003,IND,ISL,830250
2832852,106,109,8735,2003,2808.0,0.0,1.6396130000000002,0.220599,IRL,ISL,830250
2832853,111,109,8735,2003,20445.0,0.0,1.399734,1.044608,ITA,ISL,830250
2832854,130,109,8735,2003,2165.0,0.0,0.239608,0.517299,LTU,ISL,830250
2832855,162,109,8735,2003,1020.0,0.0,1.168453,1.7085709999999998,NLD,ISL,830250
2832856,163,109,8735,2003,2462.0,0.0,1.1500620000000001,0.258554,NOR,ISL,830250
2832857,179,109,8735,2003,1576.0,0.0,0.471376,1.647303,PRT,ISL,830250
2832858,206,109,8735,2003,797.0,0.0,1.22565,0.915518,SVK,ISL,830250
2832859,208,109,8735,2003,77050.0,0.0,2.099224,0.799982,SWE,ISL,830250
2832860,216,109,8735,2003,1764.0,0.0,0.43010699999999996,1.607408,THA,ISL,830250
2832861,224,109,8735,2003,8462.0,0.0,0.192802,1.9855060000000002,TUR,ISL,830250
2832862,231,109,8735,2003,6065.0,0.0,1.7789220000000001,0.064028,USA,ISL,830250
2832863,239,109,8735,2003,685.0,0.0,-0.633985,0.659696,VNM,ISL,830250
2832864,249,109,8735,2003,907.0,0.0,1.5924040000000002,1.397843,TWN,ISL,830250
2832865,18,140,8735,2003,21647.0,0.0,1.361682,1.39536,BEL,MKD,830250
2832866,43,140,8735,2003,2677.0,0.0,0.579431,2.773139,CHN,MKD,830250
2832867,61,140,8735,2003,6786.0,0.0,2.2821919999999998,-2.0985150000000004,DEU,MKD,830250
2832868,90,140,8735,2003,3770.0,0.0,0.364688,1.4823959999999998,GRC,MKD,830250
2832869,111,140,8735,2003,20302.0,0.0,1.399734,1.044608,ITA,MKD,830250
2832870,177,140,8735,2003,786.0,0.0,0.966622,1.664838,POL,MKD,830250
2832871,185,140,8735,2003,2249.0,0.0,0.378379,1.0064620000000002,ROU,MKD,830250
2832872,207,140,8735,2003,5266.0,1623.0,1.6459840000000001,1.014191,SVN,MKD,830250
2832873,224,140,8735,2003,55578.0,0.0,0.192802,1.9855060000000002,TUR,MKD,830250
2832874,43,164,8735,2003,3656.0,0.0,0.579431,2.773139,CHN,NPL,830250
2832875,104,164,8735,2003,2927.0,0.0,0.33014099999999996,2.836003,IND,NPL,830250
2832876,41,178,8735,2003,0.0,73919.0,2.151037,0.711217,CHE,PRK,830250
2832877,43,178,8735,2003,129766.0,0.0,0.579431,2.773139,CHN,PRK,830250
2832878,59,178,8735,2003,0.0,1238.0,1.555749,0.8662059999999999,CZE,PRK,830250
2832879,61,178,8735,2003,5125.0,258408.0,2.2821919999999998,-2.0985150000000004,DEU,PRK,830250
2832880,138,178,8735,2003,0.0,4085.0,0.862509,0.756684,MEX,PRK,830250
2832881,186,178,8735,2003,0.0,12294.0,1.072729,0.338355,RUS,PRK,830250
2832882,116,187,8735,2003,1516.0,0.0,-0.3531,0.582992,KEN,RWA,830250
2832883,15,189,8735,2003,5677.0,0.0,1.834977,0.408096,AUT,SCG,830250
2832884,23,189,8735,2003,4261.0,0.0,0.43308599999999997,1.7104099999999998,BGR,SCG,830250
2832885,26,189,8735,2003,0.0,1093.0,0.195667,0.347011,BIH,SCG,830250
2832886,59,189,8735,2003,1870.0,3060.0,1.555749,0.8662059999999999,CZE,SCG,830250
2832887,61,189,8735,2003,48729.0,0.0,2.2821919999999998,-2.0985150000000004,DEU,SCG,830250
2832888,90,189,8735,2003,1009.0,0.0,0.364688,1.4823959999999998,GRC,SCG,830250
2832889,100,189,8735,2003,7205.0,0.0,0.568394,1.230759,HRV,SCG,830250
2832890,102,189,8735,2003,7000.0,0.0,1.2003270000000001,1.091407,HUN,SCG,830250
2832891,111,189,8735,2003,1384.0,0.0,1.399734,1.044608,ITA,SCG,830250
2832892,162,189,8735,2003,0.0,22039.0,1.168453,1.7085709999999998,NLD,SCG,830250
2832893,185,189,8735,2003,4385.0,5715.0,0.378379,1.0064620000000002,ROU,SCG,830250
2832894,207,189,8735,2003,2475.0,1093.0,1.6459840000000001,1.014191,SVN,SCG,830250
2832895,208,189,8735,2003,1861.0,0.0,2.099224,0.799982,SWE,SCG,830250
2832896,224,189,8735,2003,93469.0,0.0,0.192802,1.9855060000000002,TUR,SCG,830250
2832897,39,209,8735,2003,0.0,1148.0,0.9791540000000001,1.185081,CAN,SWZ,830250
2832898,61,209,8735,2003,74718.0,0.0,2.2821919999999998,-2.0985150000000004,DEU,SWZ,830250
2832899,231,209,8735,2003,0.0,42598.0,1.7789220000000001,0.064028,USA,SWZ,830250
2832900,246,209,8735,2003,167158.0,0.0,0.477987,2.255395,ZAF,SWZ,830250
2832901,107,219,8735,2003,1112.0,0.0,-0.552146,-0.8668520000000001,IRN,TKM,830250
2832902,224,219,8735,2003,32456.0,0.0,0.192802,1.9855060000000002,TUR,TKM,830250
2832903,8,250,8735,2003,0.0,10774.0,0.302073,0.49069700000000005,ARG,ANS,830250
2832904,26,250,8735,2003,219.0,330.0,0.195667,0.347011,BIH,ANS,830250
2832905,31,250,8735,2003,0.0,1551.0,-0.787995,-0.7228899999999999,BOL,ANS,830250
2832906,42,250,8735,2003,0.0,3795.0,-0.06375900000000001,-0.156808,CHL,ANS,830250
2832907,49,250,8735,2003,0.0,2348.0,0.218336,0.376869,COL,ANS,830250
2832908,61,250,8735,2003,38146.0,0.0,2.2821919999999998,-2.0985150000000004,DEU,ANS,830250
2832909,66,250,8735,2003,0.0,1381.0,-1.060727,-1.142594,DZA,ANS,830250
2832910,72,250,8735,2003,0.0,205853.0,0.5913010000000001,0.8489979999999999,EST,ANS,830250
2832911,77,250,8735,2003,0.0,6704.0,1.606606,0.7394149999999999,FRA,ANS,830250
2832912,97,250,8735,2003,3023.0,0.0,0.494569,2.147062,HKG,ANS,830250
2832913,116,250,8735,2003,0.0,13717.0,-0.3531,0.582992,KEN,ANS,830250
2832914,134,250,8735,2003,3453.0,0.0,-0.6842050000000001,-0.217892,MAR,ANS,830250
2832915,136,250,8735,2003,0.0,2398.0,-1.254758,-0.622696,MDG,ANS,830250
2832916,138,250,8735,2003,0.0,55087.0,0.862509,0.756684,MEX,ANS,830250
2832917,166,250,8735,2003,0.0,2718.0,0.589619,0.997301,NZL,ANS,830250
2832918,169,250,8735,2003,2003.0,335933.0,-0.050386,-0.039619999999999995,PAN,ANS,830250
2832919,173,250,8735,2003,0.0,2894.0,-0.48627,0.371354,PER,ANS,830250
2832920,185,250,8735,2003,0.0,34433.0,0.378379,1.0064620000000002,ROU,ANS,830250
2832921,188,250,8735,2003,0.0,4982.0,0.202286,-0.714691,SAU,ANS,830250
2832922,212,250,8735,2003,0.0,1840.0,-0.868749,-0.326322,SYR,ANS,830250
2832923,224,250,8735,2003,7178.0,0.0,0.192802,1.9855060000000002,TUR,ANS,830250
2832924,236,250,8735,2003,0.0,1984.0,0.277805,-0.783697,VEN,ANS,830250
2832925,249,250,8735,2003,2083.0,4121.0,1.5924040000000002,1.397843,TWN,ANS,830250
2832926,43,133,8735,2003,9704.0,0.0,0.579431,2.773139,CHN,MAC,830250
2832927,97,133,8735,2003,19632.0,6905.0,0.494569,2.147062,HKG,MAC,830250
2832928,162,133,8735,2003,0.0,2649.0,1.168453,1.7085709999999998,NLD,MAC,830250
2832929,249,133,8735,2003,2356.0,0.0,1.5924040000000002,1.397843,TWN,MAC,830250
2832930,43,148,8735,2003,3226.0,0.0,0.579431,2.773139,CHN,MRT,830250
2832931,61,0,8735,2003,1011.0,0.0,2.2821919999999998,-2.0985150000000004,DEU,ABW,830250
2832932,162,0,8735,2003,4524.0,0.0,1.168453,1.7085709999999998,NLD,ABW,830250
2832933,231,0,8735,2003,14240.0,0.0,1.7789220000000001,0.064028,USA,ABW,830250
2832934,43,29,8735,2003,907.0,0.0,0.579431,2.773139,CHN,BLZ,830250
2832935,93,29,8735,2003,1916.0,0.0,-0.444162,0.145319,GTM,BLZ,830250
2832936,231,29,8735,2003,7616.0,0.0,1.7789220000000001,0.064028,USA,BLZ,830250
2832937,8,31,8735,2003,24627.0,0.0,0.302073,0.49069700000000005,ARG,BOL,830250
2832938,32,31,8735,2003,11997.0,0.0,0.660576,1.118876,BRA,BOL,830250
2832939,42,31,8735,2003,79625.0,0.0,-0.06375900000000001,-0.156808,CHL,BOL,830250
2832940,43,31,8735,2003,4484.0,0.0,0.579431,2.773139,CHN,BOL,830250
2832941,71,31,8735,2003,3370.0,0.0,0.960684,2.074792,ESP,BOL,830250
2832942,231,31,8735,2003,4495.0,3482.0,1.7789220000000001,0.064028,USA,BOL,830250
2832943,250,31,8735,2003,1551.0,0.0,0.45951499999999995,-0.2312,ANS,BOL,830250
2832944,43,136,8735,2003,3318.0,0.0,0.579431,2.773139,CHN,MDG,830250
2832945,77,136,8735,2003,109009.0,205344.0,1.606606,0.7394149999999999,FRA,MDG,830250
2832946,111,136,8735,2003,834.0,0.0,1.399734,1.044608,ITA,MDG,830250
2832947,246,136,8735,2003,991.0,0.0,0.477987,2.255395,ZAF,MDG,830250
2832948,250,136,8735,2003,2398.0,0.0,0.45951499999999995,-0.2312,ANS,MDG,830250
2832949,43,160,8735,2003,19690.0,0.0,0.579431,2.773139,CHN,NIC,830250
2832950,49,160,8735,2003,1658.0,0.0,0.218336,0.376869,COL,NIC,830250
2832951,71,160,8735,2003,3781.0,0.0,0.960684,2.074792,ESP,NIC,830250
2832952,77,160,8735,2003,780.0,0.0,1.606606,0.7394149999999999,FRA,NIC,830250
2832953,99,160,8735,2003,2479.0,0.0,-0.733546,-0.568585,HND,NIC,830250
2832954,138,160,8735,2003,7140.0,0.0,0.862509,0.756684,MEX,NIC,830250
2832955,169,160,8735,2003,1258.0,0.0,-0.050386,-0.039619999999999995,PAN,NIC,830250
2832956,197,160,8735,2003,1084.0,1814.0,-0.251357,-0.189917,SLV,NIC,830250
2832957,231,160,8735,2003,8961.0,0.0,1.7789220000000001,0.064028,USA,NIC,830250
2832958,249,160,8735,2003,29846.0,0.0,1.5924040000000002,1.397843,TWN,NIC,830250
2832959,14,182,8735,2003,1422.0,0.0,0.316879,0.9409489999999999,AUS,PYF,830250
2832960,43,182,8735,2003,380.0,0.0,0.579431,2.773139,CHN,PYF,830250
2832961,61,182,8735,2003,792.0,0.0,2.2821919999999998,-2.0985150000000004,DEU,PYF,830250
2832962,71,182,8735,2003,3282.0,0.0,0.960684,2.074792,ESP,PYF,830250
2832963,77,182,8735,2003,12274.0,0.0,1.606606,0.7394149999999999,FRA,PYF,830250
2832964,111,182,8735,2003,1386.0,0.0,1.399734,1.044608,ITA,PYF,830250
2832965,231,182,8735,2003,1810.0,0.0,1.7789220000000001,0.064028,USA,PYF,830250
2832966,61,234,8735,2003,2879.0,0.0,2.2821919999999998,-2.0985150000000004,DEU,VCT,830250
2832967,81,234,8735,2003,5616.0,0.0,1.8712540000000002,0.706205,GBR,VCT,830250
2832968,231,234,8735,2003,32389.0,0.0,1.7789220000000001,0.064028,USA,VCT,830250
2832969,43,1,8735,2003,6951.0,0.0,0.579431,2.773139,CHN,AFG,830250
2832970,107,1,8735,2003,9479.0,0.0,-0.552146,-0.8668520000000001,IRN,AFG,830250
2832971,18,4,8735,2003,0.0,1771.0,1.361682,1.39536,BEL,ALB,830250
2832972,43,4,8735,2003,35811.0,0.0,0.579431,2.773139,CHN,ALB,830250
2832973,90,4,8735,2003,2103.0,0.0,0.364688,1.4823959999999998,GRC,ALB,830250
2832974,111,4,8735,2003,2435.0,4895.0,1.399734,1.044608,ITA,ALB,830250
2832975,188,4,8735,2003,941.0,0.0,0.202286,-0.714691,SAU,ALB,830250
2832976,224,4,8735,2003,9789.0,0.0,0.192802,1.9855060000000002,TUR,ALB,830250
2832977,77,5,8735,2003,7835.0,0.0,1.606606,0.7394149999999999,FRA,AND,830250
2832978,7,9,8735,2003,2065.0,0.0,0.049637,-0.502691,ARE,ARM,830250
2832979,61,9,8735,2003,1911.0,0.0,2.2821919999999998,-2.0985150000000004,DEU,ARM,830250
2832980,111,9,8735,2003,5310.0,0.0,1.399734,1.044608,ITA,ARM,830250
2832981,224,9,8735,2003,6455.0,0.0,0.192802,1.9855060000000002,TUR,ARM,830250
2832982,77,21,8735,2003,1061.0,0.0,1.606606,0.7394149999999999,FRA,BFA,830250
2832983,39,24,8735,2003,2433.0,0.0,0.9791540000000001,1.185081,CAN,BHR,830250
2832984,43,24,8735,2003,51016.0,0.0,0.579431,2.773139,CHN,BHR,830250
2832985,61,24,8735,2003,2849.0,0.0,2.2821919999999998,-2.0985150000000004,DEU,BHR,830250
2832986,64,24,8735,2003,2950.0,0.0,1.309564,1.245596,DNK,BHR,830250
2832987,81,24,8735,2003,7723.0,0.0,1.8712540000000002,0.706205,GBR,BHR,830250
2832988,104,24,8735,2003,3496.0,0.0,0.33014099999999996,2.836003,IND,BHR,830250
2832989,111,24,8735,2003,7158.0,0.0,1.399734,1.044608,ITA,BHR,830250
2832990,188,24,8735,2003,5071.0,6701.0,0.202286,-0.714691,SAU,BHR,830250
2832991,224,24,8735,2003,796.0,0.0,0.192802,1.9855060000000002,TUR,BHR,830250
2832992,231,24,8735,2003,3375.0,0.0,1.7789220000000001,0.064028,USA,BHR,830250
2832993,14,34,8735,2003,2581.0,0.0,0.316879,0.9409489999999999,AUS,BRN,830250
2832994,43,34,8735,2003,771.0,0.0,0.579431,2.773139,CHN,BRN,830250
2832995,81,34,8735,2003,1487.0,0.0,1.8712540000000002,0.706205,GBR,BRN,830250
2832996,97,34,8735,2003,1570.0,0.0,0.494569,2.147062,HKG,BRN,830250
2832997,111,34,8735,2003,943.0,0.0,1.399734,1.044608,ITA,BRN,830250
2832998,114,34,8735,2003,2536.0,0.0,2.4686630000000003,0.48072600000000004,JPN,BRN,830250
2832999,153,34,8735,2003,73987.0,46.0,0.728804,0.2168,MYS,BRN,830250
2833000,192,34,8735,2003,1558.0,0.0,1.5080799999999999,0.720337,SGP,BRN,830250
2833001,216,34,8735,2003,2521.0,0.0,0.43010699999999996,1.607408,THA,BRN,830250
2833002,231,34,8735,2003,823.0,0.0,1.7789220000000001,0.064028,USA,BRN,830250
2833003,249,34,8735,2003,1845.0,0.0,1.5924040000000002,1.397843,TWN,BRN,830250
2833004,7,69,8735,2003,1085.0,0.0,0.049637,-0.502691,ARE,ERI,830250
2833005,43,73,8735,2003,4331.0,0.0,0.579431,2.773139,CHN,ETH,830250
2833006,179,73,8735,2003,1649.0,0.0,0.471376,1.647303,PRT,ETH,830250
2833007,188,73,8735,2003,1374.0,0.0,0.202286,-0.714691,SAU,ETH,830250
2833008,224,73,8735,2003,919.0,0.0,0.192802,1.9855060000000002,TUR,ETH,830250
2833009,249,73,8735,2003,3787.0,0.0,1.5924040000000002,1.397843,TWN,ETH,830250
2833010,14,75,8735,2003,16775.0,0.0,0.316879,0.9409489999999999,AUS,FJI,830250
2833011,43,75,8735,2003,1439.0,0.0,0.579431,2.773139,CHN,FJI,830250
2833012,97,75,8735,2003,1636.0,0.0,0.494569,2.147062,HKG,FJI,830250
2833013,153,75,8735,2003,851.0,0.0,0.728804,0.2168,MYS,FJI,830250
2833014,166,75,8735,2003,4451.0,0.0,0.589619,0.997301,NZL,FJI,830250
2833015,192,75,8735,2003,25307.0,0.0,1.5080799999999999,0.720337,SGP,FJI,830250
2833016,216,75,8735,2003,4445.0,0.0,0.43010699999999996,1.607408,THA,FJI,830250
2833017,249,75,8735,2003,5972.0,0.0,1.5924040000000002,1.397843,TWN,FJI,830250
2833018,81,87,8735,2003,2865.0,0.0,1.8712540000000002,0.706205,GBR,GMB,830250
2833019,81,126,8735,2003,1634.0,0.0,1.8712540000000002,0.706205,GBR,LBY,830250
2833020,111,126,8735,2003,63454.0,0.0,1.399734,1.044608,ITA,LBY,830250
2833021,114,126,8735,2003,2752.0,0.0,2.4686630000000003,0.48072600000000004,JPN,LBY,830250
2833022,142,126,8735,2003,1025.0,0.0,1.2138149999999999,-0.015687,MLT,LBY,830250
2833023,224,126,8735,2003,40006.0,0.0,0.192802,1.9855060000000002,TUR,LBY,830250
2833024,61,137,8735,2003,5704.0,0.0,2.2821919999999998,-2.0985150000000004,DEU,MDV,830250
2833025,104,137,8735,2003,4147.0,0.0,0.33014099999999996,2.836003,IND,MDV,830250
2833026,114,137,8735,2003,1609.0,0.0,2.4686630000000003,0.48072600000000004,JPN,MDV,830250
2833027,128,137,8735,2003,8670.0,0.0,-0.618057,0.101931,LKA,MDV,830250
2833028,153,137,8735,2003,1376.0,0.0,0.728804,0.2168,MYS,MDV,830250
2833029,166,137,8735,2003,7800.0,0.0,0.589619,0.997301,NZL,MDV,830250
2833030,192,137,8735,2003,11706.0,0.0,1.5080799999999999,0.720337,SGP,MDV,830250
2833031,216,137,8735,2003,4727.0,0.0,0.43010699999999996,1.607408,THA,MDV,830250
2833032,77,141,8735,2003,4290.0,0.0,1.606606,0.7394149999999999,FRA,MLI,830250
2833033,14,145,8735,2003,3675.0,0.0,0.316879,0.9409489999999999,AUS,MNG,830250
2833034,43,145,8735,2003,1637.0,0.0,0.579431,2.773139,CHN,MNG,830250
2833035,61,145,8735,2003,2555.0,0.0,2.2821919999999998,-2.0985150000000004,DEU,MNG,830250
2833036,114,145,8735,2003,10038.0,0.0,2.4686630000000003,0.48072600000000004,JPN,MNG,830250
2833037,121,145,8735,2003,2621.0,0.0,1.2611709999999998,0.956308,KOR,MNG,830250
2833038,186,145,8735,2003,3337.0,0.0,1.072729,0.338355,RUS,MNG,830250
2833039,43,151,8735,2003,11657.0,0.0,0.579431,2.773139,CHN,MUS,830250
2833040,61,151,8735,2003,3575.0,0.0,2.2821919999999998,-2.0985150000000004,DEU,MUS,830250
2833041,71,151,8735,2003,3557.0,0.0,0.960684,2.074792,ESP,MUS,830250
2833042,77,151,8735,2003,10017.0,0.0,1.606606,0.7394149999999999,FRA,MUS,830250
2833043,81,151,8735,2003,8248.0,0.0,1.8712540000000002,0.706205,GBR,MUS,830250
2833044,97,151,8735,2003,6286.0,0.0,0.494569,2.147062,HKG,MUS,830250
2833045,104,151,8735,2003,4340.0,0.0,0.33014099999999996,2.836003,IND,MUS,830250
2833046,111,151,8735,2003,5571.0,0.0,1.399734,1.044608,ITA,MUS,830250
2833047,168,151,8735,2003,1358.0,0.0,-0.6659689999999999,0.137924,PAK,MUS,830250
2833048,192,151,8735,2003,3566.0,0.0,1.5080799999999999,0.720337,SGP,MUS,830250
2833049,211,151,8735,2003,0.0,2804.0,-0.44341099999999994,-0.742566,SYC,MUS,830250
2833050,231,151,8735,2003,4469.0,0.0,1.7789220000000001,0.064028,USA,MUS,830250
2833051,246,151,8735,2003,9306.0,0.0,0.477987,2.255395,ZAF,MUS,830250
2833052,249,151,8735,2003,3741.0,0.0,1.5924040000000002,1.397843,TWN,MUS,830250
2833053,246,152,8735,2003,11870.0,0.0,0.477987,2.255395,ZAF,MWI,830250
2833054,77,154,8735,2003,2106.0,0.0,1.606606,0.7394149999999999,FRA,MYT,830250
2833055,7,157,8735,2003,908.0,0.0,0.049637,-0.502691,ARE,NER,830250
2833056,77,157,8735,2003,2357.0,0.0,1.606606,0.7394149999999999,FRA,NER,830250
2833057,111,157,8735,2003,2134.0,0.0,1.399734,1.044608,ITA,NER,830250
2833058,61,211,8735,2003,1595.0,0.0,2.2821919999999998,-2.0985150000000004,DEU,SYC,830250
2833059,77,211,8735,2003,1305.0,0.0,1.606606,0.7394149999999999,FRA,SYC,830250
2833060,81,211,8735,2003,1891.0,0.0,1.8712540000000002,0.706205,GBR,SYC,830250
2833061,111,211,8735,2003,8958.0,0.0,1.399734,1.044608,ITA,SYC,830250
2833062,151,211,8735,2003,2804.0,0.0,-0.361514,-0.29839899999999997,MUS,SYC,830250
2833063,192,211,8735,2003,3584.0,0.0,1.5080799999999999,0.720337,SGP,SYC,830250
2833064,246,211,8735,2003,2030.0,0.0,0.477987,2.255395,ZAF,SYC,830250
2833065,7,227,8735,2003,1488.0,0.0,0.049637,-0.502691,ARE,UGA,830250
2833066,61,227,8735,2003,2730.0,0.0,2.2821919999999998,-2.0985150000000004,DEU,UGA,830250
2833067,81,227,8735,2003,5863.0,0.0,1.8712540000000002,0.706205,GBR,UGA,830250
2833068,104,227,8735,2003,2718.0,0.0,0.33014099999999996,2.836003,IND,UGA,830250
2833069,111,227,8735,2003,4233.0,0.0,1.399734,1.044608,ITA,UGA,830250
2833070,116,227,8735,2003,4395.0,0.0,-0.3531,0.582992,KEN,UGA,830250
2833071,231,227,8735,2003,773.0,0.0,1.7789220000000001,0.064028,USA,UGA,830250
2833072,246,227,8735,2003,5452.0,0.0,0.477987,2.255395,ZAF,UGA,830250
2833073,43,243,8735,2003,9362.0,0.0,0.579431,2.773139,CHN,YEM,830250
2833074,65,243,8735,2003,0.0,1067.0,-0.46264399999999994,-0.245034,DOM,YEM,830250
2833075,32,2,8735,2003,5065.0,0.0,0.660576,1.118876,BRA,AGO,830250
2833076,179,2,8735,2003,19521.0,0.0,0.471376,1.647303,PRT,AGO,830250
2833077,246,2,8735,2003,6845.0,0.0,0.477987,2.255395,ZAF,AGO,830250
2833078,246,46,8735,2003,2541.0,0.0,0.477987,2.255395,ZAF,COD,830250
2833079,43,47,8735,2003,1171.0,0.0,0.579431,2.773139,CHN,COG,830250
2833080,179,51,8735,2003,2897.0,0.0,0.471376,1.647303,PRT,CPV,830250
2833081,43,78,8735,2003,5030.0,0.0,0.579431,2.773139,CHN,FRO,830250
2833082,61,78,8735,2003,654.0,0.0,2.2821919999999998,-2.0985150000000004,DEU,FRO,830250
2833083,64,78,8735,2003,132934.0,0.0,1.309564,1.245596,DNK,FRO,830250
2833084,74,78,8735,2003,405.0,0.0,2.077889,0.942501,FIN,FRO,830250
2833085,104,78,8735,2003,318.0,0.0,0.33014099999999996,2.836003,IND,FRO,830250
2833086,111,78,8735,2003,264.0,0.0,1.399734,1.044608,ITA,FRO,830250
2833087,208,78,8735,2003,3128.0,0.0,2.099224,0.799982,SWE,FRO,830250
2833088,134,85,8735,2003,3995.0,0.0,-0.6842050000000001,-0.217892,MAR,GIN,830250
2833089,81,89,8735,2003,22587.0,0.0,1.8712540000000002,0.706205,GBR,GNQ,830250
2833090,39,91,8735,2003,867.0,0.0,0.9791540000000001,1.185081,CAN,GRD,830250
2833091,61,91,8735,2003,1440.0,0.0,2.2821919999999998,-2.0985150000000004,DEU,GRD,830250
2833092,81,91,8735,2003,2035.0,0.0,1.8712540000000002,0.706205,GBR,GRD,830250
2833093,231,91,8735,2003,9689.0,0.0,1.7789220000000001,0.064028,USA,GRD,830250
2833094,14,143,8735,2003,3015.0,0.0,0.316879,0.9409489999999999,AUS,MMR,830250
2833095,43,143,8735,2003,1979.0,0.0,0.579431,2.773139,CHN,MMR,830250
2833096,14,156,8735,2003,3135.0,0.0,0.316879,0.9409489999999999,AUS,NCL,830250
2833097,61,156,8735,2003,900.0,0.0,2.2821919999999998,-2.0985150000000004,DEU,NCL,830250
2833098,71,156,8735,2003,1322.0,0.0,0.960684,2.074792,ESP,NCL,830250
2833099,77,156,8735,2003,2241.0,0.0,1.606606,0.7394149999999999,FRA,NCL,830250
2833100,111,156,8735,2003,12577.0,0.0,1.399734,1.044608,ITA,NCL,830250
2833101,166,156,8735,2003,945.0,0.0,0.589619,0.997301,NZL,NCL,830250
2833102,208,156,8735,2003,1003.0,0.0,2.099224,0.799982,SWE,NCL,830250
2833103,39,196,8735,2003,3119.0,0.0,0.9791540000000001,1.185081,CAN,SLE,830250
2833104,61,196,8735,2003,14170.0,0.0,2.2821919999999998,-2.0985150000000004,DEU,SLE,830250
2833105,64,196,8735,2003,10414.0,0.0,1.309564,1.245596,DNK,SLE,830250
2833106,77,214,8735,2003,6791.0,0.0,1.606606,0.7394149999999999,FRA,TCD,830250
2833107,162,214,8735,2003,1131.0,0.0,1.168453,1.7085709999999998,NLD,TCD,830250
2833108,224,217,8735,2003,1016.0,0.0,0.192802,1.9855060000000002,TUR,TJK,830250
2833109,43,232,8735,2003,3359.0,0.0,0.579431,2.773139,CHN,UZB,830250
2833110,61,232,8735,2003,5045.0,0.0,2.2821919999999998,-2.0985150000000004,DEU,UZB,830250
2833111,107,232,8735,2003,1949.0,0.0,-0.552146,-0.8668520000000001,IRN,UZB,830250
2833112,224,232,8735,2003,26405.0,0.0,0.192802,1.9855060000000002,TUR,UZB,830250
2833113,41,79,8735,2003,2193.0,0.0,2.151037,0.711217,CHE,FSM,830250
2833114,231,79,8735,2003,7684.0,0.0,1.7789220000000001,0.064028,USA,FSM,830250
2833115,166,221,8735,2003,4973.0,0.0,0.589619,0.997301,NZL,TON,830250
2833116,14,242,8735,2003,1584.0,0.0,0.316879,0.9409489999999999,AUS,WSM,830250
2833117,166,242,8735,2003,1404.0,0.0,0.589619,0.997301,NZL,WSM,830250
2833118,231,242,8735,2003,1051.0,0.0,1.7789220000000001,0.064028,USA,WSM,830250
2833119,67,10,8735,2003,0.0,2031.0,-0.8689370000000001,-0.889767,ECU,ASM,830250
2833120,166,10,8735,2003,3854.0,0.0,0.589619,0.997301,NZL,ASM,830250
2833121,43,30,8735,2003,5042.0,0.0,0.579431,2.773139,CHN,BMU,830250
2833122,231,30,8735,2003,7457.0,0.0,1.7789220000000001,0.064028,USA,BMU,830250
2833123,231,57,8735,2003,24095.0,0.0,1.7789220000000001,0.064028,USA,CYM,830250
2833124,61,84,8735,2003,2002.0,0.0,2.2821919999999998,-2.0985150000000004,DEU,GIB,830250
2833125,71,84,8735,2003,3816.0,0.0,0.960684,2.074792,ESP,GIB,830250
2833126,64,92,8735,2003,3331.0,0.0,1.309564,1.245596,DNK,GRL,830250
2833127,114,95,8735,2003,4820.0,0.0,2.4686630000000003,0.48072600000000004,JPN,GUM,830250
2833128,61,129,8735,2003,1831.0,0.0,2.2821919999999998,-2.0985150000000004,DEU,LSO,830250
2833129,166,240,8735,2003,1274.0,0.0,0.589619,0.997301,NZL,VUT,830250
2833130,246,248,8735,2003,25600.0,0.0,0.477987,2.255395,ZAF,ZWE,830250
2833131,231,218,8735,2003,0.0,9691.0,1.7789220000000001,0.064028,USA,TKL,830250
2833132,207,198,8735,2003,0.0,2296.0,1.6459840000000001,1.014191,SVN,SMR,830250
2833133,39,213,8735,2003,4068.0,0.0,0.9791540000000001,1.185081,CAN,TCA,830250
2833134,32,6,8744,2003,6251.0,0.0,0.660576,1.118876,BRA,ANT,830629
2833135,39,6,8744,2003,4651.0,0.0,0.9791540000000001,1.185081,CAN,ANT,830629
2833136,61,6,8744,2003,73658.0,0.0,2.2821919999999998,-2.0985150000000004,DEU,ANT,830629
2833137,77,6,8744,2003,6791.0,0.0,1.606606,0.7394149999999999,FRA,ANT,830629
2833138,111,6,8744,2003,0.0,1758.0,1.399734,1.044608,ITA,ANT,830629
2833139,134,6,8744,2003,3143.0,0.0,-0.6842050000000001,-0.217892,MAR,ANT,830629
2833140,138,6,8744,2003,2804.0,0.0,0.862509,0.756684,MEX,ANT,830629
2833141,162,6,8744,2003,21490.0,2763.0,1.168453,1.7085709999999998,NLD,ANT,830629
2833142,231,6,8744,2003,20750.0,0.0,1.7789220000000001,0.064028,USA,ANT,830629
2833143,9,7,8744,2003,0.0,1766.0,0.497521,-0.305788,ARM,ARE,830629
2833144,14,7,8744,2003,8441.0,6281.0,0.316879,0.9409489999999999,AUS,ARE,830629
2833145,15,7,8744,2003,60827.0,39199.0,1.834977,0.408096,AUT,ARE,830629
2833146,16,7,8744,2003,0.0,6261.0,-0.304606,-0.975453,AZE,ARE,830629
2833147,18,7,8744,2003,5026.0,0.0,1.361682,1.39536,BEL,ARE,830629
2833148,24,7,8744,2003,0.0,30931.0,-0.10968800000000001,-1.041032,BHR,ARE,830629
2833149,28,7,8744,2003,661.0,0.0,0.847358,0.9307719999999999,BLR,ARE,830629
2833150,39,7,8744,2003,3202.0,0.0,0.9791540000000001,1.185081,CAN,ARE,830629
2833151,41,7,8744,2003,3409.0,0.0,2.151037,0.711217,CHE,ARE,830629
2833152,43,7,8744,2003,1200867.0,0.0,0.579431,2.773139,CHN,ARE,830629
2833153,59,7,8744,2003,49221.0,0.0,1.555749,0.8662059999999999,CZE,ARE,830629
2833154,61,7,8744,2003,77627.0,5795.0,2.2821919999999998,-2.0985150000000004,DEU,ARE,830629
2833155,68,7,8744,2003,101016.0,925.0,-0.292923,0.465433,EGY,ARE,830629
2833156,71,7,8744,2003,427519.0,1309.0,0.960684,2.074792,ESP,ARE,830629
2833157,77,7,8744,2003,23746.0,1853.0,1.606606,0.7394149999999999,FRA,ARE,830629
2833158,81,7,8744,2003,307186.0,0.0,1.8712540000000002,0.706205,GBR,ARE,830629
2833159,90,7,8744,2003,6637.0,0.0,0.364688,1.4823959999999998,GRC,ARE,830629
2833160,97,7,8744,2003,387288.0,2329.0,0.494569,2.147062,HKG,ARE,830629
2833161,103,7,8744,2003,3649.0,0.0,-0.16802,1.7252990000000001,IDN,ARE,830629
2833162,104,7,8744,2003,35942.0,0.0,0.33014099999999996,2.836003,IND,ARE,830629
2833163,107,7,8744,2003,0.0,55079.0,-0.552146,-0.8668520000000001,IRN,ARE,830629
2833164,111,7,8744,2003,929812.0,5306.0,1.399734,1.044608,ITA,ARE,830629
2833165,114,7,8744,2003,3080.0,0.0,2.4686630000000003,0.48072600000000004,JPN,ARE,830629
2833166,121,7,8744,2003,0.0,1133.0,1.2611709999999998,0.956308,KOR,ARE,830629
2833167,122,7,8744,2003,1506.0,24670.0,-0.7943640000000001,-1.1529770000000001,KWT,ARE,830629
2833168,124,7,8744,2003,249270.0,1876.0,0.261687,1.053856,LBN,ARE,830629
2833169,128,7,8744,2003,8314.0,2020.0,-0.618057,0.101931,LKA,ARE,830629
2833170,132,7,8744,2003,0.0,6165.0,0.520772,0.5631689999999999,LVA,ARE,830629
2833171,134,7,8744,2003,13884.0,0.0,-0.6842050000000001,-0.217892,MAR,ARE,830629
2833172,141,7,8744,2003,0.0,1119.0,-0.786411,-0.879049,MLI,ARE,830629
2833173,162,7,8744,2003,1122.0,0.0,1.168453,1.7085709999999998,NLD,ARE,830629
2833174,166,7,8744,2003,1135.0,0.0,0.589619,0.997301,NZL,ARE,830629
2833175,174,7,8744,2003,142454.0,0.0,-0.065022,-0.195144,PHL,ARE,830629
2833176,179,7,8744,2003,9322.0,0.0,0.471376,1.647303,PRT,ARE,830629
2833177,183,7,8744,2003,5750.0,12184.0,-0.209042,-1.0565799999999999,QAT,ARE,830629
2833178,187,7,8744,2003,0.0,1102.0,-0.99513,-0.852476,RWA,ARE,830629
2833179,188,7,8744,2003,4703.0,1272.0,0.202286,-0.714691,SAU,ARE,830629
2833180,192,7,8744,2003,53176.0,0.0,1.5080799999999999,0.720337,SGP,ARE,830629
2833181,208,7,8744,2003,6074.0,1785.0,2.099224,0.799982,SWE,ARE,830629
2833182,211,7,8744,2003,0.0,492.0,-0.44341099999999994,-0.742566,SYC,ARE,830629
2833183,212,7,8744,2003,1649.0,0.0,-0.868749,-0.326322,SYR,ARE,830629
2833184,216,7,8744,2003,48070.0,0.0,0.43010699999999996,1.607408,THA,ARE,830629
2833185,223,7,8744,2003,0.0,3022.0,-0.14845999999999998,0.255092,TUN,ARE,830629
2833186,224,7,8744,2003,12207.0,0.0,0.192802,1.9855060000000002,TUR,ARE,830629
2833187,231,7,8744,2003,33623.0,0.0,1.7789220000000001,0.064028,USA,ARE,830629
2833188,246,7,8744,2003,0.0,8267.0,0.477987,2.255395,ZAF,ARE,830629
2833189,249,7,8744,2003,39406.0,0.0,1.5924040000000002,1.397843,TWN,ARE,830629
2833190,14,8,8744,2003,0.0,7714.0,0.316879,0.9409489999999999,AUS,ARG,830629
2833191,15,8,8744,2003,2151.0,0.0,1.834977,0.408096,AUT,ARG,830629
2833192,31,8,8744,2003,0.0,1551.0,-0.787995,-0.7228899999999999,BOL,ARG,830629
2833193,32,8,8744,2003,2428.0,2420.0,0.660576,1.118876,BRA,ARG,830629
2833194,39,8,8744,2003,0.0,2497.0,0.9791540000000001,1.185081,CAN,ARG,830629
2833195,42,8,8744,2003,0.0,16714.0,-0.06375900000000001,-0.156808,CHL,ARG,830629
2833196,43,8,8744,2003,85562.0,0.0,0.579431,2.773139,CHN,ARG,830629
2833197,61,8,8744,2003,928.0,0.0,2.2821919999999998,-2.0985150000000004,DEU,ARG,830629
2833198,68,8,8744,2003,1490.0,0.0,-0.292923,0.465433,EGY,ARG,830629
2833199,71,8,8744,2003,14007.0,31899.0,0.960684,2.074792,ESP,ARG,830629
2833200,77,8,8744,2003,0.0,1546.0,1.606606,0.7394149999999999,FRA,ARG,830629
2833201,81,8,8744,2003,45699.0,25017.0,1.8712540000000002,0.706205,GBR,ARG,830629
2833202,97,8,8744,2003,2092.0,0.0,0.494569,2.147062,HKG,ARG,830629
2833203,103,8,8744,2003,1293.0,0.0,-0.16802,1.7252990000000001,IDN,ARG,830629
2833204,104,8,8744,2003,7889.0,0.0,0.33014099999999996,2.836003,IND,ARG,830629
2833205,111,8,8744,2003,28808.0,2675.0,1.399734,1.044608,ITA,ARG,830629
2833206,122,8,8744,2003,0.0,1916.0,-0.7943640000000001,-1.1529770000000001,KWT,ARG,830629
2833207,138,8,8744,2003,1878.0,0.0,0.862509,0.756684,MEX,ARG,830629
2833208,160,8,8744,2003,0.0,1326.0,-0.8661459999999999,-0.8661690000000001,NIC,ARG,830629
2833209,169,8,8744,2003,0.0,1437.0,-0.050386,-0.039619999999999995,PAN,ARG,830629
2833210,231,8,8744,2003,7858.0,94416.0,1.7789220000000001,0.064028,USA,ARG,830629
2833211,250,8,8744,2003,6536.0,0.0,0.45951499999999995,-0.2312,ANS,ARG,830629
2833212,7,15,8744,2003,39199.0,60827.0,0.049637,-0.502691,ARE,AUT,830629
2833213,8,15,8744,2003,0.0,2151.0,0.302073,0.49069700000000005,ARG,AUT,830629
2833214,14,15,8744,2003,0.0,24609.0,0.316879,0.9409489999999999,AUS,AUT,830629
2833215,18,15,8744,2003,41670.0,13328.0,1.361682,1.39536,BEL,AUT,830629
2833216,23,15,8744,2003,4906.0,18658.0,0.43308599999999997,1.7104099999999998,BGR,AUT,830629
2833217,24,15,8744,2003,0.0,5627.0,-0.10968800000000001,-1.041032,BHR,AUT,830629
2833218,26,15,8744,2003,0.0,5887.0,0.195667,0.347011,BIH,AUT,830629
2833219,39,15,8744,2003,2339.0,18302.0,0.9791540000000001,1.185081,CAN,AUT,830629
2833220,41,15,8744,2003,107414.0,914596.0,2.151037,0.711217,CHE,AUT,830629
2833221,42,15,8744,2003,804.0,0.0,-0.06375900000000001,-0.156808,CHL,AUT,830629
2833222,43,15,8744,2003,407722.0,0.0,0.579431,2.773139,CHN,AUT,830629
2833223,58,15,8744,2003,0.0,1637.0,0.259992,0.068914,CYP,AUT,830629
2833224,59,15,8744,2003,51189.0,72991.0,1.555749,0.8662059999999999,CZE,AUT,830629
2833225,61,15,8744,2003,3630090.0,4106351.0,2.2821919999999998,-2.0985150000000004,DEU,AUT,830629
2833226,64,15,8744,2003,5480.0,1202.0,1.309564,1.245596,DNK,AUT,830629
2833227,68,15,8744,2003,2209.0,0.0,-0.292923,0.465433,EGY,AUT,830629
2833228,71,15,8744,2003,165053.0,3870.0,0.960684,2.074792,ESP,AUT,830629
2833229,77,15,8744,2003,229718.0,22003.0,1.606606,0.7394149999999999,FRA,AUT,830629
2833230,81,15,8744,2003,15507.0,4273.0,1.8712540000000002,0.706205,GBR,AUT,830629
2833231,90,15,8744,2003,0.0,13837.0,0.364688,1.4823959999999998,GRC,AUT,830629
2833232,97,15,8744,2003,2123120.0,6654.0,0.494569,2.147062,HKG,AUT,830629
2833233,100,15,8744,2003,0.0,42584.0,0.568394,1.230759,HRV,AUT,830629
2833234,102,15,8744,2003,32894.0,50012.0,1.2003270000000001,1.091407,HUN,AUT,830629
2833235,103,15,8744,2003,10955.0,0.0,-0.16802,1.7252990000000001,IDN,AUT,830629
2833236,104,15,8744,2003,267548.0,23103.0,0.33014099999999996,2.836003,IND,AUT,830629
2833237,106,15,8744,2003,0.0,912.0,1.6396130000000002,0.220599,IRL,AUT,830629
2833238,107,15,8744,2003,1445.0,0.0,-0.552146,-0.8668520000000001,IRN,AUT,830629
2833239,110,15,8744,2003,1045.0,3903.0,1.157809,0.682195,ISR,AUT,830629
2833240,111,15,8744,2003,2288326.0,215565.0,1.399734,1.044608,ITA,AUT,830629
2833241,114,15,8744,2003,6023.0,24325.0,2.4686630000000003,0.48072600000000004,JPN,AUT,830629
2833242,121,15,8744,2003,6756.0,1614.0,1.2611709999999998,0.956308,KOR,AUT,830629
2833243,122,15,8744,2003,0.0,1901.0,-0.7943640000000001,-1.1529770000000001,KWT,AUT,830629
2833244,128,15,8744,2003,3748.0,0.0,-0.618057,0.101931,LKA,AUT,830629
2833245,134,15,8744,2003,10028.0,0.0,-0.6842050000000001,-0.217892,MAR,AUT,830629
2833246,135,15,8744,2003,0.0,19736.0,-0.005154,-0.26107199999999997,MDA,AUT,830629
2833247,138,15,8744,2003,0.0,1897.0,0.862509,0.756684,MEX,AUT,830629
2833248,151,15,8744,2003,14332.0,0.0,-0.361514,-0.29839899999999997,MUS,AUT,830629
2833249,160,15,8744,2003,0.0,2137.0,-0.8661459999999999,-0.8661690000000001,NIC,AUT,830629
2833250,162,15,8744,2003,572234.0,8886.0,1.168453,1.7085709999999998,NLD,AUT,830629
2833251,163,15,8744,2003,0.0,6438.0,1.1500620000000001,0.258554,NOR,AUT,830629
2833252,164,15,8744,2003,7762.0,0.0,-0.26353899999999997,1.351717,NPL,AUT,830629
2833253,166,15,8744,2003,3931.0,996.0,0.589619,0.997301,NZL,AUT,830629
2833254,174,15,8744,2003,37307.0,0.0,-0.065022,-0.195144,PHL,AUT,830629
2833255,177,15,8744,2003,88154.0,4774.0,0.966622,1.664838,POL,AUT,830629
2833256,179,15,8744,2003,20919.0,6318.0,0.471376,1.647303,PRT,AUT,830629
2833257,183,15,8744,2003,0.0,3925.0,-0.209042,-1.0565799999999999,QAT,AUT,830629
2833258,185,15,8744,2003,17723.0,1259.0,0.378379,1.0064620000000002,ROU,AUT,830629
2833259,186,15,8744,2003,8015.0,20578.0,1.072729,0.338355,RUS,AUT,830629
2833260,188,15,8744,2003,0.0,1577.0,0.202286,-0.714691,SAU,AUT,830629
2833261,189,15,8744,2003,0.0,7254.0,0.575326,1.627894,SCG,AUT,830629
2833262,192,15,8744,2003,30194.0,0.0,1.5080799999999999,0.720337,SGP,AUT,830629
2833263,206,15,8744,2003,13524.0,20778.0,1.22565,0.915518,SVK,AUT,830629
2833264,207,15,8744,2003,11135.0,28680.0,1.6459840000000001,1.014191,SVN,AUT,830629
2833265,208,15,8744,2003,1470.0,6818.0,2.099224,0.799982,SWE,AUT,830629
2833266,216,15,8744,2003,26284.0,2673.0,0.43010699999999996,1.607408,THA,AUT,830629
2833267,224,15,8744,2003,44061.0,970.0,0.192802,1.9855060000000002,TUR,AUT,830629
2833268,228,15,8744,2003,929.0,0.0,0.8929389999999999,0.956685,UKR,AUT,830629
2833269,231,15,8744,2003,60064.0,345861.0,1.7789220000000001,0.064028,USA,AUT,830629
2833270,239,15,8744,2003,46572.0,0.0,-0.633985,0.659696,VNM,AUT,830629
2833271,246,15,8744,2003,4429.0,2817.0,0.477987,2.255395,ZAF,AUT,830629
2833272,249,15,8744,2003,53287.0,0.0,1.5924040000000002,1.397843,TWN,AUT,830629
2833273,7,18,8744,2003,0.0,5026.0,0.049637,-0.502691,ARE,BEL,830629
2833274,14,18,8744,2003,0.0,73090.0,0.316879,0.9409489999999999,AUS,BEL,830629
2833275,15,18,8744,2003,13328.0,41670.0,1.834977,0.408096,AUT,BEL,830629
2833276,23,18,8744,2003,224908.0,0.0,0.43308599999999997,1.7104099999999998,BGR,BEL,830629
2833277,26,18,8744,2003,0.0,3308.0,0.195667,0.347011,BIH,BEL,830629
2833278,32,18,8744,2003,0.0,11205.0,0.660576,1.118876,BRA,BEL,830629
2833279,39,18,8744,2003,0.0,65099.0,0.9791540000000001,1.185081,CAN,BEL,830629
2833280,41,18,8744,2003,10822.0,107744.0,2.151037,0.711217,CHE,BEL,830629
2833281,42,18,8744,2003,0.0,4438.0,-0.06375900000000001,-0.156808,CHL,BEL,830629
2833282,43,18,8744,2003,3159386.0,0.0,0.579431,2.773139,CHN,BEL,830629
2833283,44,18,8744,2003,0.0,914.0,-0.699928,-0.723739,CIV,BEL,830629
2833284,45,18,8744,2003,8959.0,0.0,-1.254788,-1.10897,CMR,BEL,830629
2833285,52,18,8744,2003,0.0,943.0,-0.193904,-0.5049680000000001,CRI,BEL,830629
2833286,58,18,8744,2003,0.0,20782.0,0.259992,0.068914,CYP,BEL,830629
2833287,59,18,8744,2003,12921.0,1835.0,1.555749,0.8662059999999999,CZE,BEL,830629
2833288,61,18,8744,2003,1167548.0,454570.0,2.2821919999999998,-2.0985150000000004,DEU,BEL,830629
2833289,64,18,8744,2003,12855.0,31827.0,1.309564,1.245596,DNK,BEL,830629
2833290,66,18,8744,2003,0.0,3401.0,-1.060727,-1.142594,DZA,BEL,830629
2833291,68,18,8744,2003,16407.0,0.0,-0.292923,0.465433,EGY,BEL,830629
2833292,71,18,8744,2003,273422.0,129222.0,0.960684,2.074792,ESP,BEL,830629
2833293,74,18,8744,2003,0.0,16068.0,2.077889,0.942501,FIN,BEL,830629
2833294,77,18,8744,2003,2470646.0,3515510.0,1.606606,0.7394149999999999,FRA,BEL,830629
2833295,81,18,8744,2003,51861.0,155812.0,1.8712540000000002,0.706205,GBR,BEL,830629
2833296,83,18,8744,2003,0.0,3046.0,-1.074188,-0.7127319999999999,GHA,BEL,830629
2833297,90,18,8744,2003,0.0,24613.0,0.364688,1.4823959999999998,GRC,BEL,830629
2833298,97,18,8744,2003,204338.0,8681.0,0.494569,2.147062,HKG,BEL,830629
2833299,101,18,8744,2003,11081.0,0.0,-1.3761290000000002,-1.006346,HTI,BEL,830629
2833300,102,18,8744,2003,8234.0,970.0,1.2003270000000001,1.091407,HUN,BEL,830629
2833301,103,18,8744,2003,67228.0,0.0,-0.16802,1.7252990000000001,IDN,BEL,830629
2833302,104,18,8744,2003,1558073.0,4159.0,0.33014099999999996,2.836003,IND,BEL,830629
2833303,106,18,8744,2003,0.0,27382.0,1.6396130000000002,0.220599,IRL,BEL,830629
2833304,109,18,8744,2003,0.0,4432.0,0.21902800000000003,-0.40818499999999996,ISL,BEL,830629
2833305,110,18,8744,2003,6714.0,10624.0,1.157809,0.682195,ISR,BEL,830629
2833306,111,18,8744,2003,980221.0,51741.0,1.399734,1.044608,ITA,BEL,830629
2833307,114,18,8744,2003,116036.0,45490.0,2.4686630000000003,0.48072600000000004,JPN,BEL,830629
2833308,121,18,8744,2003,0.0,4235.0,1.2611709999999998,0.956308,KOR,BEL,830629
2833309,122,18,8744,2003,0.0,2619.0,-0.7943640000000001,-1.1529770000000001,KWT,BEL,830629
2833310,124,18,8744,2003,0.0,17708.0,0.261687,1.053856,LBN,BEL,830629
2833311,128,18,8744,2003,6088.0,0.0,-0.618057,0.101931,LKA,BEL,830629
2833312,130,18,8744,2003,0.0,1020.0,0.239608,0.517299,LTU,BEL,830629
2833313,131,18,8744,2003,2147.0,218905.0,1.444996,1.063764,LUX,BEL,830629
2833314,132,18,8744,2003,3085.0,6313.0,0.520772,0.5631689999999999,LVA,BEL,830629
2833315,134,18,8744,2003,106873.0,3040.0,-0.6842050000000001,-0.217892,MAR,BEL,830629
2833316,138,18,8744,2003,10285.0,1431.0,0.862509,0.756684,MEX,BEL,830629
2833317,141,18,8744,2003,1386.0,0.0,-0.786411,-0.879049,MLI,BEL,830629
2833318,142,18,8744,2003,2237.0,1761.0,1.2138149999999999,-0.015687,MLT,BEL,830629
2833319,147,18,8744,2003,0.0,1721.0,-1.188243,-1.123693,MOZ,BEL,830629
2833320,162,18,8744,2003,2530266.0,1668418.0,1.168453,1.7085709999999998,NLD,BEL,830629
2833321,163,18,8744,2003,0.0,4737.0,1.1500620000000001,0.258554,NOR,BEL,830629
2833322,164,18,8744,2003,6408.0,0.0,-0.26353899999999997,1.351717,NPL,BEL,830629
2833323,166,18,8744,2003,0.0,3124.0,0.589619,0.997301,NZL,BEL,830629
2833324,168,18,8744,2003,2706.0,0.0,-0.6659689999999999,0.137924,PAK,BEL,830629
2833325,174,18,8744,2003,73205.0,0.0,-0.065022,-0.195144,PHL,BEL,830629
2833326,177,18,8744,2003,90995.0,88445.0,0.966622,1.664838,POL,BEL,830629
2833327,179,18,8744,2003,24456.0,56437.0,0.471376,1.647303,PRT,BEL,830629
2833328,185,18,8744,2003,7843.0,12991.0,0.378379,1.0064620000000002,ROU,BEL,830629
2833329,186,18,8744,2003,0.0,40470.0,1.072729,0.338355,RUS,BEL,830629
2833330,187,18,8744,2003,0.0,2739.0,-0.99513,-0.852476,RWA,BEL,830629
2833331,188,18,8744,2003,3349.0,30677.0,0.202286,-0.714691,SAU,BEL,830629
2833332,191,18,8744,2003,2459.0,997.0,-0.25203600000000004,-0.25549299999999997,SEN,BEL,830629
2833333,192,18,8744,2003,0.0,8826.0,1.5080799999999999,0.720337,SGP,BEL,830629
2833334,206,18,8744,2003,0.0,1562.0,1.22565,0.915518,SVK,BEL,830629
2833335,207,18,8744,2003,0.0,6110.0,1.6459840000000001,1.014191,SVN,BEL,830629
2833336,208,18,8744,2003,10165.0,37460.0,2.099224,0.799982,SWE,BEL,830629
2833337,213,18,8744,2003,0.0,1054.0,0.306975,-0.288514,TCA,BEL,830629
2833338,216,18,8744,2003,571436.0,8024.0,0.43010699999999996,1.607408,THA,BEL,830629
2833339,224,18,8744,2003,161232.0,21460.0,0.192802,1.9855060000000002,TUR,BEL,830629
2833340,228,18,8744,2003,0.0,5661.0,0.8929389999999999,0.956685,UKR,BEL,830629
2833341,231,18,8744,2003,209238.0,221390.0,1.7789220000000001,0.064028,USA,BEL,830629
2833342,239,18,8744,2003,1652865.0,0.0,-0.633985,0.659696,VNM,BEL,830629
2833343,246,18,8744,2003,4076.0,7163.0,0.477987,2.255395,ZAF,BEL,830629
2833344,248,18,8744,2003,2524.0,0.0,-0.366539,-0.18906199999999998,ZWE,BEL,830629
2833345,249,18,8744,2003,111477.0,2029.0,1.5924040000000002,1.397843,TWN,BEL,830629
2833346,14,22,8744,2003,0.0,3090.0,0.316879,0.9409489999999999,AUS,BGD,830629
2833347,43,22,8744,2003,32855.0,0.0,0.579431,2.773139,CHN,BGD,830629
2833348,64,22,8744,2003,0.0,7271.0,1.309564,1.245596,DNK,BGD,830629
2833349,71,22,8744,2003,3478.0,0.0,0.960684,2.074792,ESP,BGD,830629
2833350,77,22,8744,2003,0.0,37714.0,1.606606,0.7394149999999999,FRA,BGD,830629
2833351,81,22,8744,2003,0.0,3713.0,1.8712540000000002,0.706205,GBR,BGD,830629
2833352,111,22,8744,2003,2961.0,20534.0,1.399734,1.044608,ITA,BGD,830629
2833353,114,22,8744,2003,10135.0,0.0,2.4686630000000003,0.48072600000000004,JPN,BGD,830629
2833354,138,22,8744,2003,0.0,5946.0,0.862509,0.756684,MEX,BGD,830629
2833355,162,22,8744,2003,0.0,6007.0,1.168453,1.7085709999999998,NLD,BGD,830629
2833356,216,22,8744,2003,4042.0,0.0,0.43010699999999996,1.607408,THA,BGD,830629
2833357,231,22,8744,2003,0.0,2520.0,1.7789220000000001,0.064028,USA,BGD,830629
2833358,249,22,8744,2003,30335.0,0.0,1.5924040000000002,1.397843,TWN,BGD,830629
2833359,39,25,8744,2003,2031.0,0.0,0.9791540000000001,1.185081,CAN,BHS,830629
2833360,41,25,8744,2003,0.0,1206.0,2.151037,0.711217,CHE,BHS,830629
2833361,61,25,8744,2003,19407.0,0.0,2.2821919999999998,-2.0985150000000004,DEU,BHS,830629
2833362,77,25,8744,2003,4501.0,0.0,1.606606,0.7394149999999999,FRA,BHS,830629
2833363,81,25,8744,2003,7750.0,0.0,1.8712540000000002,0.706205,GBR,BHS,830629
2833364,102,25,8744,2003,7000.0,0.0,1.2003270000000001,1.091407,HUN,BHS,830629
2833365,111,25,8744,2003,24666.0,0.0,1.399734,1.044608,ITA,BHS,830629
2833366,138,25,8744,2003,1631.0,0.0,0.862509,0.756684,MEX,BHS,830629
2833367,231,25,8744,2003,34662.0,1272.0,1.7789220000000001,0.064028,USA,BHS,830629
2833368,246,25,8744,2003,930.0,0.0,0.477987,2.255395,ZAF,BHS,830629
2833369,2,32,8744,2003,0.0,4587.0,-1.8762919999999998,-1.176541,AGO,BRA,830629
2833370,6,32,8744,2003,0.0,6251.0,0.108903,-0.650137,ANT,BRA,830629
2833371,8,32,8744,2003,2420.0,2428.0,0.302073,0.49069700000000005,ARG,BRA,830629
2833372,18,32,8744,2003,11205.0,0.0,1.361682,1.39536,BEL,BRA,830629
2833373,31,32,8744,2003,0.0,17314.0,-0.787995,-0.7228899999999999,BOL,BRA,830629
2833374,42,32,8744,2003,0.0,8109.0,-0.06375900000000001,-0.156808,CHL,BRA,830629
2833375,43,32,8744,2003,103984.0,2586.0,0.579431,2.773139,CHN,BRA,830629
2833376,49,32,8744,2003,1626.0,0.0,0.218336,0.376869,COL,BRA,830629
2833377,61,32,8744,2003,12106.0,4773.0,2.2821919999999998,-2.0985150000000004,DEU,BRA,830629
2833378,71,32,8744,2003,11857.0,10739.0,0.960684,2.074792,ESP,BRA,830629
2833379,77,32,8744,2003,229487.0,13110.0,1.606606,0.7394149999999999,FRA,BRA,830629
2833380,81,32,8744,2003,1851.0,7116.0,1.8712540000000002,0.706205,GBR,BRA,830629
2833381,90,32,8744,2003,2115.0,0.0,0.364688,1.4823959999999998,GRC,BRA,830629
2833382,96,32,8744,2003,0.0,1237.0,-0.59035,-0.7361340000000001,GUY,BRA,830629
2833383,97,32,8744,2003,25766.0,0.0,0.494569,2.147062,HKG,BRA,830629
2833384,103,32,8744,2003,3853.0,0.0,-0.16802,1.7252990000000001,IDN,BRA,830629
2833385,104,32,8744,2003,59619.0,0.0,0.33014099999999996,2.836003,IND,BRA,830629
2833386,110,32,8744,2003,0.0,13354.0,1.157809,0.682195,ISR,BRA,830629
2833387,111,32,8744,2003,153199.0,9820.0,1.399734,1.044608,ITA,BRA,830629
2833388,114,32,8744,2003,0.0,57792.0,2.4686630000000003,0.48072600000000004,JPN,BRA,830629
2833389,122,32,8744,2003,0.0,2259.0,-0.7943640000000001,-1.1529770000000001,KWT,BRA,830629
2833390,124,32,8744,2003,0.0,5287.0,0.261687,1.053856,LBN,BRA,830629
2833391,138,32,8744,2003,1065.0,0.0,0.862509,0.756684,MEX,BRA,830629
2833392,162,32,8744,2003,0.0,2216.0,1.168453,1.7085709999999998,NLD,BRA,830629
2833393,169,32,8744,2003,2767.0,0.0,-0.050386,-0.039619999999999995,PAN,BRA,830629
2833394,173,32,8744,2003,0.0,5149.0,-0.48627,0.371354,PER,BRA,830629
2833395,174,32,8744,2003,2338.0,0.0,-0.065022,-0.195144,PHL,BRA,830629
2833396,179,32,8744,2003,7091.0,15480.0,0.471376,1.647303,PRT,BRA,830629
2833397,180,32,8744,2003,0.0,1505.0,-0.607733,-0.8577879999999999,PRY,BRA,830629
2833398,192,32,8744,2003,9117.0,0.0,1.5080799999999999,0.720337,SGP,BRA,830629
2833399,197,32,8744,2003,0.0,5673.0,-0.251357,-0.189917,SLV,BRA,830629
2833400,205,32,8744,2003,0.0,4515.0,-0.896925,-0.88623,SUR,BRA,830629
2833401,208,32,8744,2003,11375.0,0.0,2.099224,0.799982,SWE,BRA,830629
2833402,216,32,8744,2003,3779.0,0.0,0.43010699999999996,1.607408,THA,BRA,830629
2833403,224,32,8744,2003,0.0,6235.0,0.192802,1.9855060000000002,TUR,BRA,830629
2833404,230,32,8744,2003,0.0,1417.0,0.19792200000000001,0.243104,URY,BRA,830629
2833405,231,32,8744,2003,16600.0,72542.0,1.7789220000000001,0.064028,USA,BRA,830629
2833406,246,32,8744,2003,3383.0,3144.0,0.477987,2.255395,ZAF,BRA,830629
2833407,249,32,8744,2003,3592.0,0.0,1.5924040000000002,1.397843,TWN,BRA,830629
2833408,39,33,8744,2003,1966.0,0.0,0.9791540000000001,1.185081,CAN,BRB,830629
2833409,43,33,8744,2003,10220.0,0.0,0.579431,2.773139,CHN,BRB,830629
2833410,61,33,8744,2003,2492.0,0.0,2.2821919999999998,-2.0985150000000004,DEU,BRB,830629
2833411,77,33,8744,2003,5623.0,0.0,1.606606,0.7394149999999999,FRA,BRB,830629
2833412,81,33,8744,2003,20799.0,0.0,1.8712540000000002,0.706205,GBR,BRB,830629
2833413,103,33,8744,2003,642.0,0.0,-0.16802,1.7252990000000001,IDN,BRB,830629
2833414,104,33,8744,2003,1130.0,0.0,0.33014099999999996,2.836003,IND,BRB,830629
2833415,120,33,8744,2003,0.0,13792.0,0.555154,-0.405962,KNA,BRB,830629
2833416,153,33,8744,2003,1094.0,0.0,0.728804,0.2168,MYS,BRB,830629
2833417,174,33,8744,2003,10823.0,0.0,-0.065022,-0.195144,PHL,BRB,830629
2833418,216,33,8744,2003,5620.0,0.0,0.43010699999999996,1.607408,THA,BRB,830629
2833419,222,33,8744,2003,1787.0,0.0,-0.16738,-0.9820969999999999,TTO,BRB,830629
2833420,231,33,8744,2003,60529.0,0.0,1.7789220000000001,0.064028,USA,BRB,830629
2833421,249,33,8744,2003,2629.0,0.0,1.5924040000000002,1.397843,TWN,BRB,830629
2833422,6,39,8744,2003,0.0,4651.0,0.108903,-0.650137,ANT,CAN,830629
2833423,7,39,8744,2003,0.0,3202.0,0.049637,-0.502691,ARE,CAN,830629
2833424,8,39,8744,2003,2497.0,0.0,0.302073,0.49069700000000005,ARG,CAN,830629
2833425,14,39,8744,2003,0.0,57919.0,0.316879,0.9409489999999999,AUS,CAN,830629
2833426,15,39,8744,2003,18302.0,2339.0,1.834977,0.408096,AUT,CAN,830629
2833427,18,39,8744,2003,65099.0,0.0,1.361682,1.39536,BEL,CAN,830629
2833428,23,39,8744,2003,928.0,0.0,0.43308599999999997,1.7104099999999998,BGR,CAN,830629
2833429,25,39,8744,2003,0.0,2031.0,0.614422,-0.40984,BHS,CAN,830629
2833430,29,39,8744,2003,0.0,889.0,-0.543555,-0.7596,BLZ,CAN,830629
2833431,33,39,8744,2003,0.0,1966.0,0.744166,0.074191,BRB,CAN,830629
2833432,41,39,8744,2003,23093.0,22705.0,2.151037,0.711217,CHE,CAN,830629
2833433,43,39,8744,2003,6708794.0,9718.0,0.579431,2.773139,CHN,CAN,830629
2833434,49,39,8744,2003,1855.0,0.0,0.218336,0.376869,COL,CAN,830629
2833435,54,39,8744,2003,0.0,2947.0,-0.391515,-0.8562120000000001,CUB,CAN,830629
2833436,59,39,8744,2003,16945.0,0.0,1.555749,0.8662059999999999,CZE,CAN,830629
2833437,61,39,8744,2003,123630.0,5103.0,2.2821919999999998,-2.0985150000000004,DEU,CAN,830629
2833438,64,39,8744,2003,6835.0,0.0,1.309564,1.245596,DNK,CAN,830629
2833439,68,39,8744,2003,4028.0,0.0,-0.292923,0.465433,EGY,CAN,830629
2833440,71,39,8744,2003,177400.0,2917.0,0.960684,2.074792,ESP,CAN,830629
2833441,74,39,8744,2003,0.0,1125.0,2.077889,0.942501,FIN,CAN,830629
2833442,77,39,8744,2003,185643.0,10324.0,1.606606,0.7394149999999999,FRA,CAN,830629
2833443,81,39,8744,2003,96750.0,114891.0,1.8712540000000002,0.706205,GBR,CAN,830629
2833444,83,39,8744,2003,1707.0,0.0,-1.074188,-0.7127319999999999,GHA,CAN,830629
2833445,90,39,8744,2003,26442.0,0.0,0.364688,1.4823959999999998,GRC,CAN,830629
2833446,93,39,8744,2003,0.0,7815.0,-0.444162,0.145319,GTM,CAN,830629
2833447,96,39,8744,2003,0.0,13378.0,-0.59035,-0.7361340000000001,GUY,CAN,830629
2833448,97,39,8744,2003,397590.0,6311.0,0.494569,2.147062,HKG,CAN,830629
2833449,99,39,8744,2003,4815.0,800.0,-0.733546,-0.568585,HND,CAN,830629
2833450,101,39,8744,2003,21262.0,0.0,-1.3761290000000002,-1.006346,HTI,CAN,830629
2833451,102,39,8744,2003,3399.0,0.0,1.2003270000000001,1.091407,HUN,CAN,830629
2833452,103,39,8744,2003,425936.0,0.0,-0.16802,1.7252990000000001,IDN,CAN,830629
2833453,104,39,8744,2003,1332579.0,0.0,0.33014099999999996,2.836003,IND,CAN,830629
2833454,106,39,8744,2003,30783.0,0.0,1.6396130000000002,0.220599,IRL,CAN,830629
2833455,110,39,8744,2003,37367.0,7684.0,1.157809,0.682195,ISR,CAN,830629
2833456,111,39,8744,2003,1900609.0,9097.0,1.399734,1.044608,ITA,CAN,830629
2833457,114,39,8744,2003,32081.0,8589.0,2.4686630000000003,0.48072600000000004,JPN,CAN,830629
2833458,117,39,8744,2003,499.0,0.0,0.25359699999999996,0.24101199999999998,KGZ,CAN,830629
2833459,121,39,8744,2003,24761.0,3123.0,1.2611709999999998,0.956308,KOR,CAN,830629
2833460,122,39,8744,2003,0.0,7143.0,-0.7943640000000001,-1.1529770000000001,KWT,CAN,830629
2833461,130,39,8744,2003,1541.0,0.0,0.239608,0.517299,LTU,CAN,830629
2833462,134,39,8744,2003,5405.0,0.0,-0.6842050000000001,-0.217892,MAR,CAN,830629
2833463,138,39,8744,2003,268692.0,26803.0,0.862509,0.756684,MEX,CAN,830629
2833464,143,39,8744,2003,1451.0,0.0,-1.435123,-1.0948,MMR,CAN,830629
2833465,153,39,8744,2003,19090.0,8546.0,0.728804,0.2168,MYS,CAN,830629
2833466,157,39,8744,2003,1842.0,0.0,-0.199296,-0.578264,NER,CAN,830629
2833467,160,39,8744,2003,1089.0,0.0,-0.8661459999999999,-0.8661690000000001,NIC,CAN,830629
2833468,162,39,8744,2003,145519.0,3482.0,1.168453,1.7085709999999998,NLD,CAN,830629
2833469,164,39,8744,2003,13624.0,0.0,-0.26353899999999997,1.351717,NPL,CAN,830629
2833470,166,39,8744,2003,13535.0,1357.0,0.589619,0.997301,NZL,CAN,830629
2833471,168,39,8744,2003,2242.0,0.0,-0.6659689999999999,0.137924,PAK,CAN,830629
2833472,174,39,8744,2003,168981.0,0.0,-0.065022,-0.195144,PHL,CAN,830629
2833473,177,39,8744,2003,22564.0,0.0,0.966622,1.664838,POL,CAN,830629
2833474,179,39,8744,2003,36338.0,57088.0,0.471376,1.647303,PRT,CAN,830629
2833475,185,39,8744,2003,54213.0,0.0,0.378379,1.0064620000000002,ROU,CAN,830629
2833476,186,39,8744,2003,0.0,15108.0,1.072729,0.338355,RUS,CAN,830629
2833477,188,39,8744,2003,0.0,2935.0,0.202286,-0.714691,SAU,CAN,830629
2833478,192,39,8744,2003,1294.0,1127.0,1.5080799999999999,0.720337,SGP,CAN,830629
2833479,208,39,8744,2003,1752.0,0.0,2.099224,0.799982,SWE,CAN,830629
2833480,216,39,8744,2003,505634.0,2590.0,0.43010699999999996,1.607408,THA,CAN,830629
2833481,222,39,8744,2003,0.0,1277.0,-0.16738,-0.9820969999999999,TTO,CAN,830629
2833482,224,39,8744,2003,13719.0,0.0,0.192802,1.9855060000000002,TUR,CAN,830629
2833483,228,39,8744,2003,0.0,4855.0,0.8929389999999999,0.956685,UKR,CAN,830629
2833484,231,39,8744,2003,6160338.0,2737487.0,1.7789220000000001,0.064028,USA,CAN,830629
2833485,239,39,8744,2003,29259.0,0.0,-0.633985,0.659696,VNM,CAN,830629
2833486,246,39,8744,2003,7322.0,2499.0,0.477987,2.255395,ZAF,CAN,830629
2833487,248,39,8744,2003,1282.0,0.0,-0.366539,-0.18906199999999998,ZWE,CAN,830629
2833488,249,39,8744,2003,473217.0,1900.0,1.5924040000000002,1.397843,TWN,CAN,830629
2833489,7,41,8744,2003,0.0,3409.0,0.049637,-0.502691,ARE,CHE,830629
2833490,14,41,8744,2003,5895.0,22513.0,0.316879,0.9409489999999999,AUS,CHE,830629
2833491,15,41,8744,2003,914596.0,107414.0,1.834977,0.408096,AUT,CHE,830629
2833492,18,41,8744,2003,107744.0,10822.0,1.361682,1.39536,BEL,CHE,830629
2833493,21,41,8744,2003,3060.0,0.0,-0.9365690000000001,-0.9699409999999999,BFA,CHE,830629
2833494,23,41,8744,2003,0.0,913.0,0.43308599999999997,1.7104099999999998,BGR,CHE,830629
2833495,24,41,8744,2003,0.0,3799.0,-0.10968800000000001,-1.041032,BHR,CHE,830629
2833496,25,41,8744,2003,1206.0,0.0,0.614422,-0.40984,BHS,CHE,830629
2833497,39,41,8744,2003,22705.0,23093.0,0.9791540000000001,1.185081,CAN,CHE,830629
2833498,43,41,8744,2003,344279.0,9753.0,0.579431,2.773139,CHN,CHE,830629
2833499,58,41,8744,2003,0.0,1766.0,0.259992,0.068914,CYP,CHE,830629
2833500,59,41,8744,2003,32509.0,20632.0,1.555749,0.8662059999999999,CZE,CHE,830629
2833501,61,41,8744,2003,3974132.0,329886.0,2.2821919999999998,-2.0985150000000004,DEU,CHE,830629
2833502,64,41,8744,2003,72586.0,74882.0,1.309564,1.245596,DNK,CHE,830629
2833503,68,41,8744,2003,3110.0,0.0,-0.292923,0.465433,EGY,CHE,830629
2833504,71,41,8744,2003,192952.0,23214.0,0.960684,2.074792,ESP,CHE,830629
2833505,74,41,8744,2003,1408.0,2510.0,2.077889,0.942501,FIN,CHE,830629
2833506,77,41,8744,2003,774486.0,56182.0,1.606606,0.7394149999999999,FRA,CHE,830629
2833507,81,41,8744,2003,46864.0,66832.0,1.8712540000000002,0.706205,GBR,CHE,830629
2833508,90,41,8744,2003,0.0,15304.0,0.364688,1.4823959999999998,GRC,CHE,830629
2833509,97,41,8744,2003,278634.0,25697.0,0.494569,2.147062,HKG,CHE,830629
2833510,102,41,8744,2003,13681.0,1397.0,1.2003270000000001,1.091407,HUN,CHE,830629
2833511,103,41,8744,2003,18328.0,0.0,-0.16802,1.7252990000000001,IDN,CHE,830629
2833512,104,41,8744,2003,1027722.0,3466.0,0.33014099999999996,2.836003,IND,CHE,830629
2833513,106,41,8744,2003,886.0,7400.0,1.6396130000000002,0.220599,IRL,CHE,830629
2833514,110,41,8744,2003,14077.0,8424.0,1.157809,0.682195,ISR,CHE,830629
2833515,111,41,8744,2003,2099192.0,478112.0,1.399734,1.044608,ITA,CHE,830629
2833516,114,41,8744,2003,22365.0,30407.0,2.4686630000000003,0.48072600000000004,JPN,CHE,830629
2833517,121,41,8744,2003,19920.0,2999.0,1.2611709999999998,0.956308,KOR,CHE,830629
2833518,122,41,8744,2003,0.0,8649.0,-0.7943640000000001,-1.1529770000000001,KWT,CHE,830629
2833519,124,41,8744,2003,1361.0,1136.0,0.261687,1.053856,LBN,CHE,830629
2833520,128,41,8744,2003,1393.0,0.0,-0.618057,0.101931,LKA,CHE,830629
2833521,130,41,8744,2003,587.0,0.0,0.239608,0.517299,LTU,CHE,830629
2833522,131,41,8744,2003,7978.0,0.0,1.444996,1.063764,LUX,CHE,830629
2833523,134,41,8744,2003,23171.0,0.0,-0.6842050000000001,-0.217892,MAR,CHE,830629
2833524,136,41,8744,2003,1610.0,0.0,-1.254758,-0.622696,MDG,CHE,830629
2833525,138,41,8744,2003,17315.0,3049.0,0.862509,0.756684,MEX,CHE,830629
2833526,142,41,8744,2003,0.0,2674.0,1.2138149999999999,-0.015687,MLT,CHE,830629
2833527,143,41,8744,2003,2123.0,0.0,-1.435123,-1.0948,MMR,CHE,830629
2833528,151,41,8744,2003,1774.0,0.0,-0.361514,-0.29839899999999997,MUS,CHE,830629
2833529,153,41,8744,2003,4673.0,0.0,0.728804,0.2168,MYS,CHE,830629
2833530,162,41,8744,2003,1244006.0,69396.0,1.168453,1.7085709999999998,NLD,CHE,830629
2833531,163,41,8744,2003,0.0,9715.0,1.1500620000000001,0.258554,NOR,CHE,830629
2833532,164,41,8744,2003,26940.0,0.0,-0.26353899999999997,1.351717,NPL,CHE,830629
2833533,166,41,8744,2003,0.0,1570.0,0.589619,0.997301,NZL,CHE,830629
2833534,174,41,8744,2003,92797.0,1988.0,-0.065022,-0.195144,PHL,CHE,830629
2833535,177,41,8744,2003,120739.0,0.0,0.966622,1.664838,POL,CHE,830629
2833536,179,41,8744,2003,18135.0,2330.0,0.471376,1.647303,PRT,CHE,830629
2833537,183,41,8744,2003,0.0,26539.0,-0.209042,-1.0565799999999999,QAT,CHE,830629
2833538,185,41,8744,2003,1177.0,0.0,0.378379,1.0064620000000002,ROU,CHE,830629
2833539,186,41,8744,2003,0.0,12630.0,1.072729,0.338355,RUS,CHE,830629
2833540,188,41,8744,2003,0.0,6315.0,0.202286,-0.714691,SAU,CHE,830629
2833541,192,41,8744,2003,0.0,20210.0,1.5080799999999999,0.720337,SGP,CHE,830629
2833542,206,41,8744,2003,3699.0,0.0,1.22565,0.915518,SVK,CHE,830629
2833543,207,41,8744,2003,2543.0,0.0,1.6459840000000001,1.014191,SVN,CHE,830629
2833544,208,41,8744,2003,14297.0,2629.0,2.099224,0.799982,SWE,CHE,830629
2833545,212,41,8744,2003,1291.0,0.0,-0.868749,-0.326322,SYR,CHE,830629
2833546,215,41,8744,2003,1955.0,0.0,-0.5058590000000001,-0.520586,TGO,CHE,830629
2833547,216,41,8744,2003,48266.0,2916.0,0.43010699999999996,1.607408,THA,CHE,830629
2833548,223,41,8744,2003,0.0,6631.0,-0.14845999999999998,0.255092,TUN,CHE,830629
2833549,224,41,8744,2003,28366.0,0.0,0.192802,1.9855060000000002,TUR,CHE,830629
2833550,231,41,8744,2003,128961.0,837812.0,1.7789220000000001,0.064028,USA,CHE,830629
2833551,239,41,8744,2003,606130.0,0.0,-0.633985,0.659696,VNM,CHE,830629
2833552,246,41,8744,2003,15288.0,4960.0,0.477987,2.255395,ZAF,CHE,830629
2833553,249,41,8744,2003,36596.0,16218.0,1.5924040000000002,1.397843,TWN,CHE,830629
2833554,8,42,8744,2003,16714.0,0.0,0.302073,0.49069700000000005,ARG,CHL,830629
2833555,15,42,8744,2003,0.0,804.0,1.834977,0.408096,AUT,CHL,830629
2833556,18,42,8744,2003,4438.0,0.0,1.361682,1.39536,BEL,CHL,830629
2833557,23,42,8744,2003,1003.0,0.0,0.43308599999999997,1.7104099999999998,BGR,CHL,830629
2833558,31,42,8744,2003,1372.0,24663.0,-0.787995,-0.7228899999999999,BOL,CHL,830629
2833559,32,42,8744,2003,8109.0,0.0,0.660576,1.118876,BRA,CHL,830629
2833560,43,42,8744,2003,200443.0,0.0,0.579431,2.773139,CHN,CHL,830629
2833561,61,42,8744,2003,6298.0,2461.0,2.2821919999999998,-2.0985150000000004,DEU,CHL,830629
2833562,67,42,8744,2003,0.0,8458.0,-0.8689370000000001,-0.889767,ECU,CHL,830629
2833563,68,42,8744,2003,3147.0,0.0,-0.292923,0.465433,EGY,CHL,830629
2833564,71,42,8744,2003,79255.0,6194.0,0.960684,2.074792,ESP,CHL,830629
2833565,77,42,8744,2003,5232.0,0.0,1.606606,0.7394149999999999,FRA,CHL,830629
2833566,81,42,8744,2003,25886.0,2876.0,1.8712540000000002,0.706205,GBR,CHL,830629
2833567,90,42,8744,2003,0.0,2524.0,0.364688,1.4823959999999998,GRC,CHL,830629
2833568,97,42,8744,2003,48508.0,0.0,0.494569,2.147062,HKG,CHL,830629
2833569,103,42,8744,2003,1799.0,0.0,-0.16802,1.7252990000000001,IDN,CHL,830629
2833570,104,42,8744,2003,172462.0,0.0,0.33014099999999996,2.836003,IND,CHL,830629
2833571,110,42,8744,2003,1042.0,0.0,1.157809,0.682195,ISR,CHL,830629
2833572,111,42,8744,2003,205389.0,0.0,1.399734,1.044608,ITA,CHL,830629
2833573,134,42,8744,2003,7005.0,0.0,-0.6842050000000001,-0.217892,MAR,CHL,830629
2833574,138,42,8744,2003,11814.0,0.0,0.862509,0.756684,MEX,CHL,830629
2833575,160,42,8744,2003,0.0,6107.0,-0.8661459999999999,-0.8661690000000001,NIC,CHL,830629
2833576,162,42,8744,2003,27076.0,1072.0,1.168453,1.7085709999999998,NLD,CHL,830629
2833577,169,42,8744,2003,6501.0,0.0,-0.050386,-0.039619999999999995,PAN,CHL,830629
2833578,173,42,8744,2003,22305.0,0.0,-0.48627,0.371354,PER,CHL,830629
2833579,174,42,8744,2003,2417.0,0.0,-0.065022,-0.195144,PHL,CHL,830629
2833580,180,42,8744,2003,0.0,4874.0,-0.607733,-0.8577879999999999,PRY,CHL,830629
2833581,216,42,8744,2003,11736.0,0.0,0.43010699999999996,1.607408,THA,CHL,830629
2833582,231,42,8744,2003,23373.0,90825.0,1.7789220000000001,0.064028,USA,CHL,830629
2833583,249,42,8744,2003,40290.0,0.0,1.5924040000000002,1.397843,TWN,CHL,830629
2833584,250,42,8744,2003,4784.0,0.0,0.45951499999999995,-0.2312,ANS,CHL,830629
2833585,2,43,8744,2003,0.0,6502.0,-1.8762919999999998,-1.176541,AGO,CHN,830629
2833586,5,43,8744,2003,0.0,574.0,1.0901319999999999,0.618693,AND,CHN,830629
2833587,7,43,8744,2003,0.0,1200867.0,0.049637,-0.502691,ARE,CHN,830629
2833588,8,43,8744,2003,0.0,85562.0,0.302073,0.49069700000000005,ARG,CHN,830629
2833589,14,43,8744,2003,0.0,2542660.0,0.316879,0.9409489999999999,AUS,CHN,830629
2833590,15,43,8744,2003,0.0,407722.0,1.834977,0.408096,AUT,CHN,830629
2833591,16,43,8744,2003,0.0,55986.0,-0.304606,-0.975453,AZE,CHN,830629
2833592,18,43,8744,2003,0.0,3159386.0,1.361682,1.39536,BEL,CHN,830629
2833593,22,43,8744,2003,0.0,32855.0,-1.168404,-1.035782,BGD,CHN,830629
2833594,23,43,8744,2003,0.0,13866.0,0.43308599999999997,1.7104099999999998,BGR,CHN,830629
2833595,24,43,8744,2003,0.0,15681.0,-0.10968800000000001,-1.041032,BHR,CHN,830629
2833596,26,43,8744,2003,0.0,2927.0,0.195667,0.347011,BIH,CHN,830629
2833597,28,43,8744,2003,0.0,656.0,0.847358,0.9307719999999999,BLR,CHN,830629
2833598,31,43,8744,2003,0.0,542.0,-0.787995,-0.7228899999999999,BOL,CHN,830629
2833599,32,43,8744,2003,2586.0,103984.0,0.660576,1.118876,BRA,CHN,830629
2833600,33,43,8744,2003,0.0,10220.0,0.744166,0.074191,BRB,CHN,830629
2833601,34,43,8744,2003,0.0,3487.0,-1.342738,-0.978633,BRN,CHN,830629
2833602,39,43,8744,2003,9718.0,6708794.0,0.9791540000000001,1.185081,CAN,CHN,830629
2833603,41,43,8744,2003,9753.0,344279.0,2.151037,0.711217,CHE,CHN,830629
2833604,42,43,8744,2003,0.0,200443.0,-0.06375900000000001,-0.156808,CHL,CHN,830629
2833605,47,43,8744,2003,0.0,17551.0,-1.6789619999999998,-1.182557,COG,CHN,830629
2833606,49,43,8744,2003,0.0,73926.0,0.218336,0.376869,COL,CHN,830629
2833607,52,43,8744,2003,0.0,21432.0,-0.193904,-0.5049680000000001,CRI,CHN,830629
2833608,54,43,8744,2003,0.0,3108.0,-0.391515,-0.8562120000000001,CUB,CHN,830629
2833609,58,43,8744,2003,0.0,117885.0,0.259992,0.068914,CYP,CHN,830629
2833610,59,43,8744,2003,0.0,126740.0,1.555749,0.8662059999999999,CZE,CHN,830629
2833611,61,43,8744,2003,23307.0,19496688.0,2.2821919999999998,-2.0985150000000004,DEU,CHN,830629
2833612,63,43,8744,2003,0.0,1314.0,0.11903299999999999,-0.21768200000000001,DMA,CHN,830629
2833613,64,43,8744,2003,19899.0,996538.0,1.309564,1.245596,DNK,CHN,830629
2833614,65,43,8744,2003,0.0,25128.0,-0.46264399999999994,-0.245034,DOM,CHN,830629
2833615,66,43,8744,2003,0.0,27411.0,-1.060727,-1.142594,DZA,CHN,830629
2833616,67,43,8744,2003,0.0,41166.0,-0.8689370000000001,-0.889767,ECU,CHN,830629
2833617,68,43,8744,2003,0.0,144289.0,-0.292923,0.465433,EGY,CHN,830629
2833618,71,43,8744,2003,98967.0,8590277.0,0.960684,2.074792,ESP,CHN,830629
2833619,72,43,8744,2003,0.0,29207.0,0.5913010000000001,0.8489979999999999,EST,CHN,830629
2833620,73,43,8744,2003,0.0,2582.0,-1.1145559999999999,-0.9599620000000001,ETH,CHN,830629
2833621,74,43,8744,2003,0.0,361412.0,2.077889,0.942501,FIN,CHN,830629
2833622,77,43,8744,2003,7573.0,5405538.0,1.606606,0.7394149999999999,FRA,CHN,830629
2833623,78,43,8744,2003,0.0,7982.0,-0.46422299999999994,-0.8072050000000001,FRO,CHN,830629
2833624,80,43,8744,2003,0.0,1278.0,-0.92745,-1.138466,GAB,CHN,830629
2833625,81,43,8744,2003,16032.0,8657622.0,1.8712540000000002,0.706205,GBR,CHN,830629
2833626,83,43,8744,2003,0.0,1879.0,-1.074188,-0.7127319999999999,GHA,CHN,830629
2833627,90,43,8744,2003,0.0,1375220.0,0.364688,1.4823959999999998,GRC,CHN,830629
2833628,92,43,8744,2003,0.0,454.0,-0.764655,-0.8684200000000001,GRL,CHN,830629
2833629,93,43,8744,2003,0.0,11789.0,-0.444162,0.145319,GTM,CHN,830629
2833630,97,43,8744,2003,291320.0,37036900.0,0.494569,2.147062,HKG,CHN,830629
2833631,99,43,8744,2003,0.0,3810.0,-0.733546,-0.568585,HND,CHN,830629
2833632,100,43,8744,2003,0.0,20907.0,0.568394,1.230759,HRV,CHN,830629
2833633,102,43,8744,2003,0.0,115914.0,1.2003270000000001,1.091407,HUN,CHN,830629
2833634,103,43,8744,2003,3223.0,147813.0,-0.16802,1.7252990000000001,IDN,CHN,830629
2833635,104,43,8744,2003,12530.0,95978.0,0.33014099999999996,2.836003,IND,CHN,830629
2833636,106,43,8744,2003,1739.0,84515.0,1.6396130000000002,0.220599,IRL,CHN,830629
2833637,107,43,8744,2003,0.0,24001.0,-0.552146,-0.8668520000000001,IRN,CHN,830629
2833638,108,43,8744,2003,0.0,1980.0,-0.398557,-0.774153,IRQ,CHN,830629
2833639,109,43,8744,2003,0.0,1197.0,0.21902800000000003,-0.40818499999999996,ISL,CHN,830629
2833640,110,43,8744,2003,1287.0,835112.0,1.157809,0.682195,ISR,CHN,830629
2833641,111,43,8744,2003,48121.0,3799479.0,1.399734,1.044608,ITA,CHN,830629
2833642,112,43,8744,2003,0.0,4243.0,-0.6684140000000001,-0.915817,JAM,CHN,830629
2833643,113,43,8744,2003,0.0,12180.0,0.12295,0.377031,JOR,CHN,830629
2833644,114,43,8744,2003,73150.0,7737490.0,2.4686630000000003,0.48072600000000004,JPN,CHN,830629
2833645,115,43,8744,2003,0.0,27261.0,-0.156326,-0.62092,KAZ,CHN,830629
2833646,116,43,8744,2003,0.0,13945.0,-0.3531,0.582992,KEN,CHN,830629
2833647,121,43,8744,2003,254906.0,1212969.0,1.2611709999999998,0.956308,KOR,CHN,830629
2833648,122,43,8744,2003,0.0,115064.0,-0.7943640000000001,-1.1529770000000001,KWT,CHN,830629
2833649,124,43,8744,2003,0.0,169995.0,0.261687,1.053856,LBN,CHN,830629
2833650,126,43,8744,2003,0.0,7767.0,-0.36075999999999997,-1.110575,LBY,CHN,830629
2833651,128,43,8744,2003,0.0,61155.0,-0.618057,0.101931,LKA,CHN,830629
2833652,130,43,8744,2003,0.0,29365.0,0.239608,0.517299,LTU,CHN,830629
2833653,131,43,8744,2003,0.0,8453.0,1.444996,1.063764,LUX,CHN,830629
2833654,132,43,8744,2003,0.0,26115.0,0.520772,0.5631689999999999,LVA,CHN,830629
2833655,133,43,8744,2003,1595.0,74812.0,-0.294516,-0.413828,MAC,CHN,830629
2833656,134,43,8744,2003,0.0,25609.0,-0.6842050000000001,-0.217892,MAR,CHN,830629
2833657,136,43,8744,2003,0.0,3835.0,-1.254758,-0.622696,MDG,CHN,830629
2833658,138,43,8744,2003,1332.0,963873.0,0.862509,0.756684,MEX,CHN,830629
2833659,140,43,8744,2003,0.0,3194.0,-0.017632,0.225394,MKD,CHN,830629
2833660,142,43,8744,2003,0.0,16350.0,1.2138149999999999,-0.015687,MLT,CHN,830629
2833661,148,43,8744,2003,0.0,8811.0,-1.069232,-1.184061,MRT,CHN,830629
2833662,151,43,8744,2003,0.0,5988.0,-0.361514,-0.29839899999999997,MUS,CHN,830629
2833663,153,43,8744,2003,164013.0,262590.0,0.728804,0.2168,MYS,CHN,830629
2833664,154,43,8744,2003,0.0,552.0,0.8645370000000001,-0.101347,MYT,CHN,830629
2833665,156,43,8744,2003,0.0,2653.0,-0.344934,-0.776632,NCL,CHN,830629
2833666,159,43,8744,2003,0.0,5949.0,-1.859176,-1.234236,NGA,CHN,830629
2833667,160,43,8744,2003,0.0,6523.0,-0.8661459999999999,-0.8661690000000001,NIC,CHN,830629
2833668,162,43,8744,2003,4366.0,8620439.0,1.168453,1.7085709999999998,NLD,CHN,830629
2833669,163,43,8744,2003,0.0,432062.0,1.1500620000000001,0.258554,NOR,CHN,830629
2833670,164,43,8744,2003,50858.0,1836.0,-0.26353899999999997,1.351717,NPL,CHN,830629
2833671,166,43,8744,2003,0.0,454359.0,0.589619,0.997301,NZL,CHN,830629
2833672,168,43,8744,2003,8026.0,41461.0,-0.6659689999999999,0.137924,PAK,CHN,830629
2833673,169,43,8744,2003,0.0,193991.0,-0.050386,-0.039619999999999995,PAN,CHN,830629
2833674,173,43,8744,2003,0.0,14785.0,-0.48627,0.371354,PER,CHN,830629
2833675,174,43,8744,2003,1966.0,157773.0,-0.065022,-0.195144,PHL,CHN,830629
2833676,176,43,8744,2003,0.0,8337.0,-1.7997330000000002,-1.2110049999999999,PNG,CHN,830629
2833677,177,43,8744,2003,0.0,458929.0,0.966622,1.664838,POL,CHN,830629
2833678,178,43,8744,2003,0.0,12052.0,0.7060420000000001,0.7718,PRK,CHN,830629
2833679,179,43,8744,2003,0.0,270981.0,0.471376,1.647303,PRT,CHN,830629
2833680,180,43,8744,2003,0.0,23826.0,-0.607733,-0.8577879999999999,PRY,CHN,830629
2833681,182,43,8744,2003,0.0,4038.0,-0.255707,-0.676557,PYF,CHN,830629
2833682,183,43,8744,2003,0.0,38677.0,-0.209042,-1.0565799999999999,QAT,CHN,830629
2833683,185,43,8744,2003,0.0,49581.0,0.378379,1.0064620000000002,ROU,CHN,830629
2833684,186,43,8744,2003,0.0,497252.0,1.072729,0.338355,RUS,CHN,830629
2833685,188,43,8744,2003,0.0,859709.0,0.202286,-0.714691,SAU,CHN,830629
2833686,189,43,8744,2003,0.0,25372.0,0.575326,1.627894,SCG,CHN,830629
2833687,190,43,8744,2003,0.0,7641.0,-1.3535059999999999,-1.1701409999999999,SDN,CHN,830629
2833688,192,43,8744,2003,7898.0,1764946.0,1.5080799999999999,0.720337,SGP,CHN,830629
2833689,197,43,8744,2003,0.0,13440.0,-0.251357,-0.189917,SLV,CHN,830629
2833690,198,43,8744,2003,0.0,5054.0,1.147666,0.167516,SMR,CHN,830629
2833691,205,43,8744,2003,0.0,2275.0,-0.896925,-0.88623,SUR,CHN,830629
2833692,206,43,8744,2003,0.0,4214.0,1.22565,0.915518,SVK,CHN,830629
2833693,207,43,8744,2003,0.0,113355.0,1.6459840000000001,1.014191,SVN,CHN,830629
2833694,208,43,8744,2003,5619.0,817947.0,2.099224,0.799982,SWE,CHN,830629
2833695,212,43,8744,2003,0.0,2322.0,-0.868749,-0.326322,SYR,CHN,830629
2833696,216,43,8744,2003,83720.0,88527.0,0.43010699999999996,1.607408,THA,CHN,830629
2833697,222,43,8744,2003,0.0,10309.0,-0.16738,-0.9820969999999999,TTO,CHN,830629
2833698,223,43,8744,2003,0.0,10110.0,-0.14845999999999998,0.255092,TUN,CHN,830629
2833699,224,43,8744,2003,0.0,581736.0,0.192802,1.9855060000000002,TUR,CHN,830629
2833700,226,43,8744,2003,0.0,4044.0,-1.225217,-0.43662399999999996,TZA,CHN,830629
2833701,228,43,8744,2003,0.0,33512.0,0.8929389999999999,0.956685,UKR,CHN,830629
2833702,230,43,8744,2003,0.0,7551.0,0.19792200000000001,0.243104,URY,CHN,830629
2833703,231,43,8744,2003,82226.0,183071856.0,1.7789220000000001,0.064028,USA,CHN,830629
2833704,236,43,8744,2003,0.0,26670.0,0.277805,-0.783697,VEN,CHN,830629
2833705,239,43,8744,2003,1247.0,78361.0,-0.633985,0.659696,VNM,CHN,830629
2833706,243,43,8744,2003,0.0,3408.0,-1.453584,-1.257815,YEM,CHN,830629
2833707,246,43,8744,2003,5632.0,216386.0,0.477987,2.255395,ZAF,CHN,830629
2833708,247,43,8744,2003,0.0,1219.0,-0.678149,-0.5919449999999999,ZMB,CHN,830629
2833709,249,43,8744,2003,131672.0,1956101.0,1.5924040000000002,1.397843,TWN,CHN,830629
2833710,14,49,8744,2003,0.0,1806.0,0.316879,0.9409489999999999,AUS,COL,830629
2833711,31,49,8744,2003,0.0,1763.0,-0.787995,-0.7228899999999999,BOL,COL,830629
2833712,32,49,8744,2003,0.0,1626.0,0.660576,1.118876,BRA,COL,830629
2833713,39,49,8744,2003,0.0,1855.0,0.9791540000000001,1.185081,CAN,COL,830629
2833714,43,49,8744,2003,73926.0,0.0,0.579431,2.773139,CHN,COL,830629
2833715,52,49,8744,2003,0.0,3678.0,-0.193904,-0.5049680000000001,CRI,COL,830629
2833716,61,49,8744,2003,4359.0,8719.0,2.2821919999999998,-2.0985150000000004,DEU,COL,830629
2833717,65,49,8744,2003,0.0,14986.0,-0.46264399999999994,-0.245034,DOM,COL,830629
2833718,67,49,8744,2003,0.0,10952.0,-0.8689370000000001,-0.889767,ECU,COL,830629
2833719,71,49,8744,2003,127660.0,21581.0,0.960684,2.074792,ESP,COL,830629
2833720,77,49,8744,2003,0.0,3046.0,1.606606,0.7394149999999999,FRA,COL,830629
2833721,93,49,8744,2003,0.0,3925.0,-0.444162,0.145319,GTM,COL,830629
2833722,97,49,8744,2003,8044.0,0.0,0.494569,2.147062,HKG,COL,830629
2833723,99,49,8744,2003,0.0,1987.0,-0.733546,-0.568585,HND,COL,830629
2833724,103,49,8744,2003,1944.0,0.0,-0.16802,1.7252990000000001,IDN,COL,830629
2833725,104,49,8744,2003,23167.0,0.0,0.33014099999999996,2.836003,IND,COL,830629
2833726,111,49,8744,2003,46876.0,5442.0,1.399734,1.044608,ITA,COL,830629
2833727,114,49,8744,2003,0.0,3311.0,2.4686630000000003,0.48072600000000004,JPN,COL,830629
2833728,134,49,8744,2003,887.0,0.0,-0.6842050000000001,-0.217892,MAR,COL,830629
2833729,138,49,8744,2003,7183.0,20711.0,0.862509,0.756684,MEX,COL,830629
2833730,162,49,8744,2003,0.0,14164.0,1.168453,1.7085709999999998,NLD,COL,830629
2833731,169,49,8744,2003,0.0,28401.0,-0.050386,-0.039619999999999995,PAN,COL,830629
2833732,178,49,8744,2003,5185.0,0.0,0.7060420000000001,0.7718,PRK,COL,830629
2833733,179,49,8744,2003,852.0,0.0,0.471376,1.647303,PRT,COL,830629
2833734,197,49,8744,2003,0.0,899.0,-0.251357,-0.189917,SLV,COL,830629
2833735,216,49,8744,2003,1829.0,0.0,0.43010699999999996,1.607408,THA,COL,830629
2833736,231,49,8744,2003,95924.0,377000.0,1.7789220000000001,0.064028,USA,COL,830629
2833737,236,49,8744,2003,0.0,1975.0,0.277805,-0.783697,VEN,COL,830629
2833738,246,49,8744,2003,970.0,0.0,0.477987,2.255395,ZAF,COL,830629
2833739,249,49,8744,2003,6366.0,0.0,1.5924040000000002,1.397843,TWN,COL,830629
2833740,250,49,8744,2003,11921.0,0.0,0.45951499999999995,-0.2312,ANS,COL,830629
2833741,18,52,8744,2003,943.0,0.0,1.361682,1.39536,BEL,CRI,830629
2833742,43,52,8744,2003,21432.0,0.0,0.579431,2.773139,CHN,CRI,830629
2833743,49,52,8744,2003,3678.0,0.0,0.218336,0.376869,COL,CRI,830629
2833744,61,52,8744,2003,2726.0,0.0,2.2821919999999998,-2.0985150000000004,DEU,CRI,830629
2833745,67,52,8744,2003,2748.0,0.0,-0.8689370000000001,-0.889767,ECU,CRI,830629
2833746,71,52,8744,2003,3507.0,0.0,0.960684,2.074792,ESP,CRI,830629
2833747,97,52,8744,2003,19485.0,0.0,0.494569,2.147062,HKG,CRI,830629
2833748,103,52,8744,2003,3418.0,0.0,-0.16802,1.7252990000000001,IDN,CRI,830629
2833749,104,52,8744,2003,7255.0,0.0,0.33014099999999996,2.836003,IND,CRI,830629
2833750,111,52,8744,2003,20509.0,0.0,1.399734,1.044608,ITA,CRI,830629
2833751,121,52,8744,2003,2953.0,0.0,1.2611709999999998,0.956308,KOR,CRI,830629
2833752,122,52,8744,2003,0.0,1582.0,-0.7943640000000001,-1.1529770000000001,KWT,CRI,830629
2833753,134,52,8744,2003,1868.0,0.0,-0.6842050000000001,-0.217892,MAR,CRI,830629
2833754,138,52,8744,2003,85226.0,0.0,0.862509,0.756684,MEX,CRI,830629
2833755,160,52,8744,2003,4347.0,0.0,-0.8661459999999999,-0.8661690000000001,NIC,CRI,830629
2833756,162,52,8744,2003,7034.0,0.0,1.168453,1.7085709999999998,NLD,CRI,830629
2833757,169,52,8744,2003,11011.0,4317.0,-0.050386,-0.039619999999999995,PAN,CRI,830629
2833758,174,52,8744,2003,1706.0,0.0,-0.065022,-0.195144,PHL,CRI,830629
2833759,231,52,8744,2003,34486.0,0.0,1.7789220000000001,0.064028,USA,CRI,830629
2833760,236,52,8744,2003,1251.0,0.0,0.277805,-0.783697,VEN,CRI,830629
2833761,249,52,8744,2003,20865.0,0.0,1.5924040000000002,1.397843,TWN,CRI,830629
2833762,39,54,8744,2003,2947.0,0.0,0.9791540000000001,1.185081,CAN,CUB,830629
2833763,43,54,8744,2003,3108.0,0.0,0.579431,2.773139,CHN,CUB,830629
2833764,64,54,8744,2003,0.0,486.0,1.309564,1.245596,DNK,CUB,830629
2833765,71,54,8744,2003,6789.0,8606.0,0.960684,2.074792,ESP,CUB,830629
2833766,111,54,8744,2003,7281.0,0.0,1.399734,1.044608,ITA,CUB,830629
2833767,0,61,8744,2003,0.0,23246.0,-0.13006600000000001,-0.783431,ABW,DEU,830629
2833768,6,61,8744,2003,0.0,73658.0,0.108903,-0.650137,ANT,DEU,830629
2833769,7,61,8744,2003,5795.0,77627.0,0.049637,-0.502691,ARE,DEU,830629
2833770,8,61,8744,2003,0.0,928.0,0.302073,0.49069700000000005,ARG,DEU,830629
2833771,9,61,8744,2003,4645.0,7660.0,0.497521,-0.305788,ARM,DEU,830629
2833772,13,61,8744,2003,0.0,7286.0,0.014283,-0.564587,ATG,DEU,830629
2833773,14,61,8744,2003,8018.0,144395.0,0.316879,0.9409489999999999,AUS,DEU,830629
2833774,15,61,8744,2003,4106351.0,3630090.0,1.834977,0.408096,AUT,DEU,830629
2833775,18,61,8744,2003,454570.0,1167548.0,1.361682,1.39536,BEL,DEU,830629
2833776,19,61,8744,2003,914.0,0.0,-1.150888,-0.956203,BEN,DEU,830629
2833777,21,61,8744,2003,4213.0,0.0,-0.9365690000000001,-0.9699409999999999,BFA,DEU,830629
2833778,23,61,8744,2003,25080.0,31615.0,0.43308599999999997,1.7104099999999998,BGR,DEU,830629
2833779,24,61,8744,2003,6105.0,2807.0,-0.10968800000000001,-1.041032,BHR,DEU,830629
2833780,25,61,8744,2003,0.0,19407.0,0.614422,-0.40984,BHS,DEU,830629
2833781,26,61,8744,2003,0.0,14596.0,0.195667,0.347011,BIH,DEU,830629
2833782,28,61,8744,2003,0.0,3890.0,0.847358,0.9307719999999999,BLR,DEU,830629
2833783,30,61,8744,2003,0.0,26086.0,0.9966459999999999,-0.5183270000000001,BMU,DEU,830629
2833784,31,61,8744,2003,0.0,30911.0,-0.787995,-0.7228899999999999,BOL,DEU,830629
2833785,32,61,8744,2003,4773.0,12106.0,0.660576,1.118876,BRA,DEU,830629
2833786,33,61,8744,2003,0.0,2492.0,0.744166,0.074191,BRB,DEU,830629
2833787,34,61,8744,2003,0.0,12960.0,-1.342738,-0.978633,BRN,DEU,830629
2833788,39,61,8744,2003,5103.0,123630.0,0.9791540000000001,1.185081,CAN,DEU,830629
2833789,41,61,8744,2003,329886.0,3974132.0,2.151037,0.711217,CHE,DEU,830629
2833790,42,61,8744,2003,2461.0,6298.0,-0.06375900000000001,-0.156808,CHL,DEU,830629
2833791,43,61,8744,2003,19496688.0,23307.0,0.579431,2.773139,CHN,DEU,830629
2833792,45,61,8744,2003,5717.0,0.0,-1.254788,-1.10897,CMR,DEU,830629
2833793,49,61,8744,2003,8719.0,4359.0,0.218336,0.376869,COL,DEU,830629
2833794,51,61,8744,2003,0.0,2242.0,0.070649,-0.541279,CPV,DEU,830629
2833795,52,61,8744,2003,0.0,2726.0,-0.193904,-0.5049680000000001,CRI,DEU,830629
2833796,57,61,8744,2003,0.0,9011.0,0.308768,-0.690944,CYM,DEU,830629
2833797,58,61,8744,2003,0.0,40227.0,0.259992,0.068914,CYP,DEU,830629
2833798,59,61,8744,2003,1392264.0,571217.0,1.555749,0.8662059999999999,CZE,DEU,830629
2833799,64,61,8744,2003,650454.0,223790.0,1.309564,1.245596,DNK,DEU,830629
2833800,65,61,8744,2003,0.0,8513.0,-0.46264399999999994,-0.245034,DOM,DEU,830629
2833801,66,61,8744,2003,0.0,16152.0,-1.060727,-1.142594,DZA,DEU,830629
2833802,67,61,8744,2003,0.0,5371.0,-0.8689370000000001,-0.889767,ECU,DEU,830629
2833803,68,61,8744,2003,50925.0,0.0,-0.292923,0.465433,EGY,DEU,830629
2833804,71,61,8744,2003,1468568.0,615917.0,0.960684,2.074792,ESP,DEU,830629
2833805,72,61,8744,2003,0.0,10915.0,0.5913010000000001,0.8489979999999999,EST,DEU,830629
2833806,74,61,8744,2003,0.0,331140.0,2.077889,0.942501,FIN,DEU,830629
2833807,77,61,8744,2003,1255884.0,2363982.0,1.606606,0.7394149999999999,FRA,DEU,830629
2833808,80,61,8744,2003,0.0,1264.0,-0.92745,-1.138466,GAB,DEU,830629
2833809,81,61,8744,2003,249365.0,1065664.0,1.8712540000000002,0.706205,GBR,DEU,830629
2833810,82,61,8744,2003,923.0,0.0,0.595485,-0.25939,GEO,DEU,830629
2833811,83,61,8744,2003,12240.0,11476.0,-1.074188,-0.7127319999999999,GHA,DEU,830629
2833812,84,61,8744,2003,0.0,2002.0,1.133606,-0.176782,GIB,DEU,830629
2833813,90,61,8744,2003,1178.0,84287.0,0.364688,1.4823959999999998,GRC,DEU,830629
2833814,93,61,8744,2003,0.0,4238.0,-0.444162,0.145319,GTM,DEU,830629
2833815,97,61,8744,2003,2765464.0,174987.0,0.494569,2.147062,HKG,DEU,830629
2833816,100,61,8744,2003,3786.0,51758.0,0.568394,1.230759,HRV,DEU,830629
2833817,101,61,8744,2003,8955.0,0.0,-1.3761290000000002,-1.006346,HTI,DEU,830629
2833818,102,61,8744,2003,87871.0,221911.0,1.2003270000000001,1.091407,HUN,DEU,830629
2833819,103,61,8744,2003,678537.0,7121.0,-0.16802,1.7252990000000001,IDN,DEU,830629
2833820,104,61,8744,2003,7672174.0,6369.0,0.33014099999999996,2.836003,IND,DEU,830629
2833821,106,61,8744,2003,0.0,100808.0,1.6396130000000002,0.220599,IRL,DEU,830629
2833822,107,61,8744,2003,11714.0,15683.0,-0.552146,-0.8668520000000001,IRN,DEU,830629
2833823,109,61,8744,2003,3633.0,67744.0,0.21902800000000003,-0.40818499999999996,ISL,DEU,830629
2833824,110,61,8744,2003,17131.0,23434.0,1.157809,0.682195,ISR,DEU,830629
2833825,111,61,8744,2003,5461822.0,1266270.0,1.399734,1.044608,ITA,DEU,830629
2833826,112,61,8744,2003,0.0,7747.0,-0.6684140000000001,-0.915817,JAM,DEU,830629
2833827,113,61,8744,2003,0.0,3621.0,0.12295,0.377031,JOR,DEU,830629
2833828,114,61,8744,2003,50681.0,677443.0,2.4686630000000003,0.48072600000000004,JPN,DEU,830629
2833829,115,61,8744,2003,0.0,10721.0,-0.156326,-0.62092,KAZ,DEU,830629
2833830,116,61,8744,2003,1442.0,0.0,-0.3531,0.582992,KEN,DEU,830629
2833831,121,61,8744,2003,70481.0,66257.0,1.2611709999999998,0.956308,KOR,DEU,830629
2833832,122,61,8744,2003,0.0,14002.0,-0.7943640000000001,-1.1529770000000001,KWT,DEU,830629
2833833,123,61,8744,2003,1603.0,0.0,-1.251741,-1.14364,LAO,DEU,830629
2833834,124,61,8744,2003,0.0,43719.0,0.261687,1.053856,LBN,DEU,830629
2833835,126,61,8744,2003,0.0,2009.0,-0.36075999999999997,-1.110575,LBY,DEU,830629
2833836,128,61,8744,2003,3403.0,38144.0,-0.618057,0.101931,LKA,DEU,830629
2833837,129,61,8744,2003,0.0,6407.0,-1.405425,-1.046031,LSO,DEU,830629
2833838,130,61,8744,2003,6609.0,46096.0,0.239608,0.517299,LTU,DEU,830629
2833839,131,61,8744,2003,13182.0,179393.0,1.444996,1.063764,LUX,DEU,830629
2833840,132,61,8744,2003,0.0,48447.0,0.520772,0.5631689999999999,LVA,DEU,830629
2833841,133,61,8744,2003,0.0,6578.0,-0.294516,-0.413828,MAC,DEU,830629
2833842,134,61,8744,2003,321145.0,3650.0,-0.6842050000000001,-0.217892,MAR,DEU,830629
2833843,135,61,8744,2003,0.0,2809.0,-0.005154,-0.26107199999999997,MDA,DEU,830629
2833844,136,61,8744,2003,17872.0,0.0,-1.254758,-0.622696,MDG,DEU,830629
2833845,137,61,8744,2003,0.0,8149.0,-1.201352,-1.031892,MDV,DEU,830629
2833846,138,61,8744,2003,102908.0,32329.0,0.862509,0.756684,MEX,DEU,830629
2833847,140,61,8744,2003,0.0,10664.0,-0.017632,0.225394,MKD,DEU,830629
2833848,141,61,8744,2003,4547.0,0.0,-0.786411,-0.879049,MLI,DEU,830629
2833849,142,61,8744,2003,0.0,37898.0,1.2138149999999999,-0.015687,MLT,DEU,830629
2833850,143,61,8744,2003,9684.0,0.0,-1.435123,-1.0948,MMR,DEU,830629
2833851,145,61,8744,2003,1589.0,0.0,-0.9747620000000001,-1.026308,MNG,DEU,830629
2833852,146,61,8744,2003,0.0,1005.0,-0.370942,-0.685771,MNP,DEU,830629
2833853,153,61,8744,2003,12944.0,5029.0,0.728804,0.2168,MYS,DEU,830629
2833854,155,61,8744,2003,1514.0,0.0,-0.24004499999999998,-0.39565900000000004,NAM,DEU,830629
2833855,159,61,8744,2003,0.0,17212.0,-1.859176,-1.234236,NGA,DEU,830629
2833856,162,61,8744,2003,9873074.0,2229414.0,1.168453,1.7085709999999998,NLD,DEU,830629
2833857,163,61,8744,2003,4951.0,143438.0,1.1500620000000001,0.258554,NOR,DEU,830629
2833858,164,61,8744,2003,198275.0,0.0,-0.26353899999999997,1.351717,NPL,DEU,830629
2833859,166,61,8744,2003,1539.0,9357.0,0.589619,0.997301,NZL,DEU,830629
2833860,168,61,8744,2003,26368.0,884.0,-0.6659689999999999,0.137924,PAK,DEU,830629
2833861,169,61,8744,2003,0.0,2854.0,-0.050386,-0.039619999999999995,PAN,DEU,830629
2833862,173,61,8744,2003,1548.0,0.0,-0.48627,0.371354,PER,DEU,830629
2833863,174,61,8744,2003,1253348.0,28947.0,-0.065022,-0.195144,PHL,DEU,830629
2833864,177,61,8744,2003,5573238.0,380140.0,0.966622,1.664838,POL,DEU,830629
2833865,178,61,8744,2003,0.0,6150.0,0.7060420000000001,0.7718,PRK,DEU,830629
2833866,179,61,8744,2003,20289.0,210562.0,0.471376,1.647303,PRT,DEU,830629
2833867,182,61,8744,2003,0.0,1583.0,-0.255707,-0.676557,PYF,DEU,830629
2833868,183,61,8744,2003,0.0,3314.0,-0.209042,-1.0565799999999999,QAT,DEU,830629
2833869,185,61,8744,2003,292662.0,210896.0,0.378379,1.0064620000000002,ROU,DEU,830629
2833870,186,61,8744,2003,5498.0,613349.0,1.072729,0.338355,RUS,DEU,830629
2833871,188,61,8744,2003,0.0,83464.0,0.202286,-0.714691,SAU,DEU,830629
2833872,189,61,8744,2003,41458.0,76140.0,0.575326,1.627894,SCG,DEU,830629
2833873,192,61,8744,2003,10907.0,44116.0,1.5080799999999999,0.720337,SGP,DEU,830629
2833874,196,61,8744,2003,0.0,6073.0,0.129923,-0.19926300000000002,SLE,DEU,830629
2833875,197,61,8744,2003,3980.0,0.0,-0.251357,-0.189917,SLV,DEU,830629
2833876,199,61,8744,2003,5066.0,0.0,-0.319096,-0.649003,SOM,DEU,830629
2833877,206,61,8744,2003,1358097.0,61076.0,1.22565,0.915518,SVK,DEU,830629
2833878,207,61,8744,2003,90709.0,29103.0,1.6459840000000001,1.014191,SVN,DEU,830629
2833879,208,61,8744,2003,77185.0,247978.0,2.099224,0.799982,SWE,DEU,830629
2833880,211,61,8744,2003,0.0,1595.0,-0.44341099999999994,-0.742566,SYC,DEU,830629
2833881,212,61,8744,2003,3471.0,2818.0,-0.868749,-0.326322,SYR,DEU,830629
2833882,215,61,8744,2003,6103.0,0.0,-0.5058590000000001,-0.520586,TGO,DEU,830629
2833883,216,61,8744,2003,1855084.0,5663.0,0.43010699999999996,1.607408,THA,DEU,830629
2833884,222,61,8744,2003,0.0,10183.0,-0.16738,-0.9820969999999999,TTO,DEU,830629
2833885,223,61,8744,2003,3582.0,8596.0,-0.14845999999999998,0.255092,TUN,DEU,830629
2833886,224,61,8744,2003,684200.0,103234.0,0.192802,1.9855060000000002,TUR,DEU,830629
2833887,226,61,8744,2003,0.0,2431.0,-1.225217,-0.43662399999999996,TZA,DEU,830629
2833888,228,61,8744,2003,2257.0,90766.0,0.8929389999999999,0.956685,UKR,DEU,830629
2833889,230,61,8744,2003,1585.0,869.0,0.19792200000000001,0.243104,URY,DEU,830629
2833890,231,61,8744,2003,537160.0,1323049.0,1.7789220000000001,0.064028,USA,DEU,830629
2833891,236,61,8744,2003,0.0,47437.0,0.277805,-0.783697,VEN,DEU,830629
2833892,239,61,8744,2003,1305995.0,0.0,-0.633985,0.659696,VNM,DEU,830629
2833893,243,61,8744,2003,0.0,1017.0,-1.453584,-1.257815,YEM,DEU,830629
2833894,246,61,8744,2003,61085.0,21725.0,0.477987,2.255395,ZAF,DEU,830629
2833895,248,61,8744,2003,64289.0,0.0,-0.366539,-0.18906199999999998,ZWE,DEU,830629
2833896,249,61,8744,2003,3622356.0,62700.0,1.5924040000000002,1.397843,TWN,DEU,830629
2833897,250,61,8744,2003,0.0,49590.0,0.45951499999999995,-0.2312,ANS,DEU,830629
2833898,14,64,8744,2003,0.0,1939.0,0.316879,0.9409489999999999,AUS,DNK,830629
2833899,15,64,8744,2003,1202.0,5480.0,1.834977,0.408096,AUT,DNK,830629
2833900,18,64,8744,2003,31827.0,12855.0,1.361682,1.39536,BEL,DNK,830629
2833901,22,64,8744,2003,7271.0,0.0,-1.168404,-1.035782,BGD,DNK,830629
2833902,23,64,8744,2003,6323.0,0.0,0.43308599999999997,1.7104099999999998,BGR,DNK,830629
2833903,24,64,8744,2003,0.0,1366.0,-0.10968800000000001,-1.041032,BHR,DNK,830629
2833904,39,64,8744,2003,0.0,6835.0,0.9791540000000001,1.185081,CAN,DNK,830629
2833905,41,64,8744,2003,74882.0,72586.0,2.151037,0.711217,CHE,DNK,830629
2833906,43,64,8744,2003,996538.0,19899.0,0.579431,2.773139,CHN,DNK,830629
2833907,54,64,8744,2003,486.0,0.0,-0.391515,-0.8562120000000001,CUB,DNK,830629
2833908,58,64,8744,2003,0.0,2730.0,0.259992,0.068914,CYP,DNK,830629
2833909,59,64,8744,2003,94220.0,2181.0,1.555749,0.8662059999999999,CZE,DNK,830629
2833910,61,64,8744,2003,223790.0,650454.0,2.2821919999999998,-2.0985150000000004,DEU,DNK,830629
2833911,68,64,8744,2003,6144.0,0.0,-0.292923,0.465433,EGY,DNK,830629
2833912,71,64,8744,2003,91222.0,33418.0,0.960684,2.074792,ESP,DNK,830629
2833913,72,64,8744,2003,0.0,1534.0,0.5913010000000001,0.8489979999999999,EST,DNK,830629
2833914,74,64,8744,2003,1319.0,188573.0,2.077889,0.942501,FIN,DNK,830629
2833915,77,64,8744,2003,95695.0,69917.0,1.606606,0.7394149999999999,FRA,DNK,830629
2833916,78,64,8744,2003,0.0,34105.0,-0.46422299999999994,-0.8072050000000001,FRO,DNK,830629
2833917,81,64,8744,2003,48509.0,190275.0,1.8712540000000002,0.706205,GBR,DNK,830629
2833918,90,64,8744,2003,0.0,11462.0,0.364688,1.4823959999999998,GRC,DNK,830629
2833919,92,64,8744,2003,0.0,25821.0,-0.764655,-0.8684200000000001,GRL,DNK,830629
2833920,93,64,8744,2003,0.0,1017.0,-0.444162,0.145319,GTM,DNK,830629
2833921,97,64,8744,2003,102714.0,0.0,0.494569,2.147062,HKG,DNK,830629
2833922,102,64,8744,2003,939.0,0.0,1.2003270000000001,1.091407,HUN,DNK,830629
2833923,103,64,8744,2003,19119.0,0.0,-0.16802,1.7252990000000001,IDN,DNK,830629
2833924,104,64,8744,2003,2185366.0,0.0,0.33014099999999996,2.836003,IND,DNK,830629
2833925,106,64,8744,2003,0.0,20606.0,1.6396130000000002,0.220599,IRL,DNK,830629
2833926,109,64,8744,2003,0.0,21641.0,0.21902800000000003,-0.40818499999999996,ISL,DNK,830629
2833927,110,64,8744,2003,0.0,10859.0,1.157809,0.682195,ISR,DNK,830629
2833928,111,64,8744,2003,152115.0,15740.0,1.399734,1.044608,ITA,DNK,830629
2833929,114,64,8744,2003,7750.0,21327.0,2.4686630000000003,0.48072600000000004,JPN,DNK,830629
2833930,122,64,8744,2003,0.0,1826.0,-0.7943640000000001,-1.1529770000000001,KWT,DNK,830629
2833931,124,64,8744,2003,0.0,1150.0,0.261687,1.053856,LBN,DNK,830629
2833932,132,64,8744,2003,1805.0,5058.0,0.520772,0.5631689999999999,LVA,DNK,830629
2833933,134,64,8744,2003,15212.0,0.0,-0.6842050000000001,-0.217892,MAR,DNK,830629
2833934,138,64,8744,2003,1151.0,945.0,0.862509,0.756684,MEX,DNK,830629
2833935,162,64,8744,2003,525022.0,10303.0,1.168453,1.7085709999999998,NLD,DNK,830629
2833936,163,64,8744,2003,9229.0,2418774.0,1.1500620000000001,0.258554,NOR,DNK,830629
2833937,164,64,8744,2003,4117.0,0.0,-0.26353899999999997,1.351717,NPL,DNK,830629
2833938,174,64,8744,2003,18759.0,0.0,-0.065022,-0.195144,PHL,DNK,830629
2833939,177,64,8744,2003,43224.0,9737.0,0.966622,1.664838,POL,DNK,830629
2833940,179,64,8744,2003,0.0,8653.0,0.471376,1.647303,PRT,DNK,830629
2833941,186,64,8744,2003,6456.0,14453.0,1.072729,0.338355,RUS,DNK,830629
2833942,188,64,8744,2003,0.0,2653.0,0.202286,-0.714691,SAU,DNK,830629
2833943,192,64,8744,2003,2656.0,0.0,1.5080799999999999,0.720337,SGP,DNK,830629
2833944,206,64,8744,2003,1072.0,0.0,1.22565,0.915518,SVK,DNK,830629
2833945,208,64,8744,2003,182561.0,1205854.0,2.099224,0.799982,SWE,DNK,830629
2833946,216,64,8744,2003,158227.0,0.0,0.43010699999999996,1.607408,THA,DNK,830629
2833947,224,64,8744,2003,60597.0,2069.0,0.192802,1.9855060000000002,TUR,DNK,830629
2833948,231,64,8744,2003,8658.0,42972.0,1.7789220000000001,0.064028,USA,DNK,830629
2833949,239,64,8744,2003,388247.0,0.0,-0.633985,0.659696,VNM,DNK,830629
2833950,246,64,8744,2003,1380.0,0.0,0.477987,2.255395,ZAF,DNK,830629
2833951,249,64,8744,2003,49291.0,0.0,1.5924040000000002,1.397843,TWN,DNK,830629
2833952,250,64,8744,2003,3415.0,0.0,0.45951499999999995,-0.2312,ANS,DNK,830629
2833953,43,65,8744,2003,25128.0,0.0,0.579431,2.773139,CHN,DOM,830629
2833954,49,65,8744,2003,14986.0,0.0,0.218336,0.376869,COL,DOM,830629
2833955,61,65,8744,2003,8513.0,0.0,2.2821919999999998,-2.0985150000000004,DEU,DOM,830629
2833956,71,65,8744,2003,34207.0,0.0,0.960684,2.074792,ESP,DOM,830629
2833957,77,65,8744,2003,2663.0,0.0,1.606606,0.7394149999999999,FRA,DOM,830629
2833958,97,65,8744,2003,9415.0,0.0,0.494569,2.147062,HKG,DOM,830629
2833959,103,65,8744,2003,2563.0,0.0,-0.16802,1.7252990000000001,IDN,DOM,830629
2833960,104,65,8744,2003,36621.0,0.0,0.33014099999999996,2.836003,IND,DOM,830629
2833961,111,65,8744,2003,55930.0,0.0,1.399734,1.044608,ITA,DOM,830629
2833962,138,65,8744,2003,2545.0,64367.0,0.862509,0.756684,MEX,DOM,830629
2833963,169,65,8744,2003,7724.0,0.0,-0.050386,-0.039619999999999995,PAN,DOM,830629
2833964,174,65,8744,2003,2662.0,0.0,-0.065022,-0.195144,PHL,DOM,830629
2833965,197,65,8744,2003,54501.0,0.0,-0.251357,-0.189917,SLV,DOM,830629
2833966,231,65,8744,2003,33235.0,18025.0,1.7789220000000001,0.064028,USA,DOM,830629
2833967,42,67,8744,2003,8458.0,0.0,-0.06375900000000001,-0.156808,CHL,ECU,830629
2833968,43,67,8744,2003,41166.0,0.0,0.579431,2.773139,CHN,ECU,830629
2833969,49,67,8744,2003,10952.0,0.0,0.218336,0.376869,COL,ECU,830629
2833970,52,67,8744,2003,0.0,2748.0,-0.193904,-0.5049680000000001,CRI,ECU,830629
2833971,61,67,8744,2003,5371.0,0.0,2.2821919999999998,-2.0985150000000004,DEU,ECU,830629
2833972,71,67,8744,2003,1485.0,4894.0,0.960684,2.074792,ESP,ECU,830629
2833973,77,67,8744,2003,7320.0,0.0,1.606606,0.7394149999999999,FRA,ECU,830629
2833974,97,67,8744,2003,1784.0,0.0,0.494569,2.147062,HKG,ECU,830629
2833975,103,67,8744,2003,1300.0,0.0,-0.16802,1.7252990000000001,IDN,ECU,830629
2833976,104,67,8744,2003,3849.0,0.0,0.33014099999999996,2.836003,IND,ECU,830629
2833977,111,67,8744,2003,52666.0,0.0,1.399734,1.044608,ITA,ECU,830629
2833978,162,67,8744,2003,1812.0,0.0,1.168453,1.7085709999999998,NLD,ECU,830629
2833979,169,67,8744,2003,2721.0,0.0,-0.050386,-0.039619999999999995,PAN,ECU,830629
2833980,174,67,8744,2003,5004.0,0.0,-0.065022,-0.195144,PHL,ECU,830629
2833981,179,67,8744,2003,995.0,0.0,0.471376,1.647303,PRT,ECU,830629
2833982,216,67,8744,2003,5017.0,0.0,0.43010699999999996,1.607408,THA,ECU,830629
2833983,231,67,8744,2003,117911.0,6931.0,1.7789220000000001,0.064028,USA,ECU,830629
2833984,239,67,8744,2003,5345.0,0.0,-0.633985,0.659696,VNM,ECU,830629
2833985,249,67,8744,2003,3218.0,0.0,1.5924040000000002,1.397843,TWN,ECU,830629
2833986,2,71,8744,2003,0.0,23653.0,-1.8762919999999998,-1.176541,AGO,ESP,830629
2833987,4,71,8744,2003,0.0,1947.0,-0.053595000000000004,0.166034,ALB,ESP,830629
2833988,5,71,8744,2003,7358.0,898704.0,1.0901319999999999,0.618693,AND,ESP,830629
2833989,7,71,8744,2003,1309.0,427519.0,0.049637,-0.502691,ARE,ESP,830629
2833990,8,71,8744,2003,31899.0,14007.0,0.302073,0.49069700000000005,ARG,ESP,830629
2833991,9,71,8744,2003,0.0,8011.0,0.497521,-0.305788,ARM,ESP,830629
2833992,14,71,8744,2003,8965.0,108333.0,0.316879,0.9409489999999999,AUS,ESP,830629
2833993,15,71,8744,2003,3870.0,165053.0,1.834977,0.408096,AUT,ESP,830629
2833994,16,71,8744,2003,0.0,4112.0,-0.304606,-0.975453,AZE,ESP,830629
2833995,18,71,8744,2003,129222.0,273422.0,1.361682,1.39536,BEL,ESP,830629
2833996,21,71,8744,2003,4537.0,0.0,-0.9365690000000001,-0.9699409999999999,BFA,ESP,830629
2833997,22,71,8744,2003,0.0,3478.0,-1.168404,-1.035782,BGD,ESP,830629
2833998,23,71,8744,2003,1462.0,49040.0,0.43308599999999997,1.7104099999999998,BGR,ESP,830629
2833999,24,71,8744,2003,0.0,120340.0,-0.10968800000000001,-1.041032,BHR,ESP,830629
2834000,26,71,8744,2003,0.0,3471.0,0.195667,0.347011,BIH,ESP,830629
2834001,28,71,8744,2003,1975.0,0.0,0.847358,0.9307719999999999,BLR,ESP,830629
2834002,31,71,8744,2003,0.0,5735.0,-0.787995,-0.7228899999999999,BOL,ESP,830629
2834003,32,71,8744,2003,10739.0,11857.0,0.660576,1.118876,BRA,ESP,830629
2834004,39,71,8744,2003,2917.0,177400.0,0.9791540000000001,1.185081,CAN,ESP,830629
2834005,41,71,8744,2003,23214.0,192952.0,2.151037,0.711217,CHE,ESP,830629
2834006,42,71,8744,2003,6194.0,79255.0,-0.06375900000000001,-0.156808,CHL,ESP,830629
2834007,43,71,8744,2003,8590277.0,98967.0,0.579431,2.773139,CHN,ESP,830629
2834008,44,71,8744,2003,0.0,21418.0,-0.699928,-0.723739,CIV,ESP,830629
2834009,45,71,8744,2003,33347.0,0.0,-1.254788,-1.10897,CMR,ESP,830629
2834010,49,71,8744,2003,21581.0,127660.0,0.218336,0.376869,COL,ESP,830629
2834011,52,71,8744,2003,0.0,3507.0,-0.193904,-0.5049680000000001,CRI,ESP,830629
2834012,54,71,8744,2003,8606.0,6789.0,-0.391515,-0.8562120000000001,CUB,ESP,830629
2834013,58,71,8744,2003,0.0,154048.0,0.259992,0.068914,CYP,ESP,830629
2834014,59,71,8744,2003,2731.0,298318.0,1.555749,0.8662059999999999,CZE,ESP,830629
2834015,61,71,8744,2003,615917.0,1468568.0,2.2821919999999998,-2.0985150000000004,DEU,ESP,830629
2834016,64,71,8744,2003,33418.0,91222.0,1.309564,1.245596,DNK,ESP,830629
2834017,65,71,8744,2003,0.0,34207.0,-0.46264399999999994,-0.245034,DOM,ESP,830629
2834018,66,71,8744,2003,0.0,152202.0,-1.060727,-1.142594,DZA,ESP,830629
2834019,67,71,8744,2003,4894.0,1485.0,-0.8689370000000001,-0.889767,ECU,ESP,830629
2834020,68,71,8744,2003,23444.0,5758.0,-0.292923,0.465433,EGY,ESP,830629
2834021,72,71,8744,2003,3900.0,55638.0,0.5913010000000001,0.8489979999999999,EST,ESP,830629
2834022,73,71,8744,2003,4122.0,2946.0,-1.1145559999999999,-0.9599620000000001,ETH,ESP,830629
2834023,74,71,8744,2003,11454.0,175847.0,2.077889,0.942501,FIN,ESP,830629
2834024,77,71,8744,2003,1134028.0,3714255.0,1.606606,0.7394149999999999,FRA,ESP,830629
2834025,80,71,8744,2003,0.0,1104.0,-0.92745,-1.138466,GAB,ESP,830629
2834026,81,71,8744,2003,795771.0,1315309.0,1.8712540000000002,0.706205,GBR,ESP,830629
2834027,82,71,8744,2003,0.0,6074.0,0.595485,-0.25939,GEO,ESP,830629
2834028,84,71,8744,2003,0.0,21518.0,1.133606,-0.176782,GIB,ESP,830629
2834029,85,71,8744,2003,1585.0,0.0,-2.14752,-1.250048,GIN,ESP,830629
2834030,89,71,8744,2003,0.0,1752.0,-2.4406529999999997,-0.821155,GNQ,ESP,830629
2834031,90,71,8744,2003,0.0,407366.0,0.364688,1.4823959999999998,GRC,ESP,830629
2834032,93,71,8744,2003,4298.0,12710.0,-0.444162,0.145319,GTM,ESP,830629
2834033,97,71,8744,2003,339798.0,61598.0,0.494569,2.147062,HKG,ESP,830629
2834034,99,71,8744,2003,0.0,4359.0,-0.733546,-0.568585,HND,ESP,830629
2834035,100,71,8744,2003,0.0,37097.0,0.568394,1.230759,HRV,ESP,830629
2834036,102,71,8744,2003,11487.0,183836.0,1.2003270000000001,1.091407,HUN,ESP,830629
2834037,103,71,8744,2003,230351.0,59638.0,-0.16802,1.7252990000000001,IDN,ESP,830629
2834038,104,71,8744,2003,6529878.0,86414.0,0.33014099999999996,2.836003,IND,ESP,830629
2834039,106,71,8744,2003,0.0,102172.0,1.6396130000000002,0.220599,IRL,ESP,830629
2834040,107,71,8744,2003,8486.0,0.0,-0.552146,-0.8668520000000001,IRN,ESP,830629
2834041,109,71,8744,2003,0.0,13542.0,0.21902800000000003,-0.40818499999999996,ISL,ESP,830629
2834042,110,71,8744,2003,2661.0,79193.0,1.157809,0.682195,ISR,ESP,830629
2834043,111,71,8744,2003,4371642.0,1239499.0,1.399734,1.044608,ITA,ESP,830629
2834044,112,71,8744,2003,0.0,7137.0,-0.6684140000000001,-0.915817,JAM,ESP,830629
2834045,113,71,8744,2003,0.0,51976.0,0.12295,0.377031,JOR,ESP,830629
2834046,114,71,8744,2003,174086.0,322777.0,2.4686630000000003,0.48072600000000004,JPN,ESP,830629
2834047,115,71,8744,2003,0.0,28850.0,-0.156326,-0.62092,KAZ,ESP,830629
2834048,116,71,8744,2003,4061.0,0.0,-0.3531,0.582992,KEN,ESP,830629
2834049,121,71,8744,2003,23155.0,20939.0,1.2611709999999998,0.956308,KOR,ESP,830629
2834050,122,71,8744,2003,0.0,58355.0,-0.7943640000000001,-1.1529770000000001,KWT,ESP,830629
2834051,124,71,8744,2003,2131.0,124275.0,0.261687,1.053856,LBN,ESP,830629
2834052,128,71,8744,2003,1260.0,0.0,-0.618057,0.101931,LKA,ESP,830629
2834053,130,71,8744,2003,0.0,57542.0,0.239608,0.517299,LTU,ESP,830629
2834054,131,71,8744,2003,0.0,16644.0,1.444996,1.063764,LUX,ESP,830629
2834055,132,71,8744,2003,0.0,24024.0,0.520772,0.5631689999999999,LVA,ESP,830629
2834056,134,71,8744,2003,346978.0,189505.0,-0.6842050000000001,-0.217892,MAR,ESP,830629
2834057,138,71,8744,2003,70362.0,432137.0,0.862509,0.756684,MEX,ESP,830629
2834058,141,71,8744,2003,1201.0,0.0,-0.786411,-0.879049,MLI,ESP,830629
2834059,142,71,8744,2003,0.0,84650.0,1.2138149999999999,-0.015687,MLT,ESP,830629
2834060,143,71,8744,2003,3800.0,0.0,-1.435123,-1.0948,MMR,ESP,830629
2834061,151,71,8744,2003,0.0,2834.0,-0.361514,-0.29839899999999997,MUS,ESP,830629
2834062,153,71,8744,2003,2053.0,2022.0,0.728804,0.2168,MYS,ESP,830629
2834063,156,71,8744,2003,0.0,3751.0,-0.344934,-0.776632,NCL,ESP,830629
2834064,159,71,8744,2003,0.0,27449.0,-1.859176,-1.234236,NGA,ESP,830629
2834065,162,71,8744,2003,694046.0,521771.0,1.168453,1.7085709999999998,NLD,ESP,830629
2834066,163,71,8744,2003,0.0,34700.0,1.1500620000000001,0.258554,NOR,ESP,830629
2834067,164,71,8744,2003,20239.0,0.0,-0.26353899999999997,1.351717,NPL,ESP,830629
2834068,166,71,8744,2003,2813.0,15082.0,0.589619,0.997301,NZL,ESP,830629
2834069,167,71,8744,2003,0.0,574.0,-1.434873,-1.188123,OMN,ESP,830629
2834070,168,71,8744,2003,33080.0,4372.0,-0.6659689999999999,0.137924,PAK,ESP,830629
2834071,169,71,8744,2003,0.0,4938.0,-0.050386,-0.039619999999999995,PAN,ESP,830629
2834072,173,71,8744,2003,12011.0,3234.0,-0.48627,0.371354,PER,ESP,830629
2834073,174,71,8744,2003,229306.0,14036.0,-0.065022,-0.195144,PHL,ESP,830629
2834074,177,71,8744,2003,54472.0,145987.0,0.966622,1.664838,POL,ESP,830629
2834075,179,71,8744,2003,458022.0,3964093.0,0.471376,1.647303,PRT,ESP,830629
2834076,180,71,8744,2003,0.0,13079.0,-0.607733,-0.8577879999999999,PRY,ESP,830629
2834077,183,71,8744,2003,0.0,12335.0,-0.209042,-1.0565799999999999,QAT,ESP,830629
2834078,185,71,8744,2003,6474.0,55697.0,0.378379,1.0064620000000002,ROU,ESP,830629
2834079,186,71,8744,2003,0.0,937833.0,1.072729,0.338355,RUS,ESP,830629
2834080,188,71,8744,2003,20718.0,140540.0,0.202286,-0.714691,SAU,ESP,830629
2834081,189,71,8744,2003,1577.0,5370.0,0.575326,1.627894,SCG,ESP,830629
2834082,191,71,8744,2003,2043.0,2018.0,-0.25203600000000004,-0.25549299999999997,SEN,ESP,830629
2834083,192,71,8744,2003,0.0,44953.0,1.5080799999999999,0.720337,SGP,ESP,830629
2834084,197,71,8744,2003,0.0,1198.0,-0.251357,-0.189917,SLV,ESP,830629
2834085,206,71,8744,2003,0.0,12474.0,1.22565,0.915518,SVK,ESP,830629
2834086,207,71,8744,2003,0.0,158156.0,1.6459840000000001,1.014191,SVN,ESP,830629
2834087,208,71,8744,2003,28738.0,97952.0,2.099224,0.799982,SWE,ESP,830629
2834088,211,71,8744,2003,0.0,1021.0,-0.44341099999999994,-0.742566,SYC,ESP,830629
2834089,212,71,8744,2003,2117.0,10579.0,-0.868749,-0.326322,SYR,ESP,830629
2834090,215,71,8744,2003,3385.0,0.0,-0.5058590000000001,-0.520586,TGO,ESP,830629
2834091,216,71,8744,2003,719870.0,30742.0,0.43010699999999996,1.607408,THA,ESP,830629
2834092,219,71,8744,2003,0.0,9323.0,-1.223295,-1.250217,TKM,ESP,830629
2834093,223,71,8744,2003,0.0,26089.0,-0.14845999999999998,0.255092,TUN,ESP,830629
2834094,224,71,8744,2003,340734.0,61967.0,0.192802,1.9855060000000002,TUR,ESP,830629
2834095,228,71,8744,2003,2388.0,232585.0,0.8929389999999999,0.956685,UKR,ESP,830629
2834096,230,71,8744,2003,5480.0,8712.0,0.19792200000000001,0.243104,URY,ESP,830629
2834097,231,71,8744,2003,115802.0,1640964.0,1.7789220000000001,0.064028,USA,ESP,830629
2834098,232,71,8744,2003,0.0,2838.0,-0.285978,-0.703334,UZB,ESP,830629
2834099,236,71,8744,2003,5822.0,35821.0,0.277805,-0.783697,VEN,ESP,830629
2834100,239,71,8744,2003,117565.0,6354.0,-0.633985,0.659696,VNM,ESP,830629
2834101,246,71,8744,2003,6530.0,23731.0,0.477987,2.255395,ZAF,ESP,830629
2834102,248,71,8744,2003,2303.0,0.0,-0.366539,-0.18906199999999998,ZWE,ESP,830629
2834103,249,71,8744,2003,346106.0,546603.0,1.5924040000000002,1.397843,TWN,ESP,830629
2834104,4,77,8744,2003,4114.0,0.0,-0.053595000000000004,0.166034,ALB,FRA,830629
2834105,5,77,8744,2003,17147.0,80588.0,1.0901319999999999,0.618693,AND,FRA,830629
2834106,6,77,8744,2003,0.0,6791.0,0.108903,-0.650137,ANT,FRA,830629
2834107,7,77,8744,2003,1853.0,23746.0,0.049637,-0.502691,ARE,FRA,830629
2834108,8,77,8744,2003,1546.0,0.0,0.302073,0.49069700000000005,ARG,FRA,830629
2834109,14,77,8744,2003,1546.0,87372.0,0.316879,0.9409489999999999,AUS,FRA,830629
2834110,15,77,8744,2003,22003.0,229718.0,1.834977,0.408096,AUT,FRA,830629
2834111,18,77,8744,2003,3515510.0,2470646.0,1.361682,1.39536,BEL,FRA,830629
2834112,19,77,8744,2003,6653.0,29462.0,-1.150888,-0.956203,BEN,FRA,830629
2834113,21,77,8744,2003,58181.0,23349.0,-0.9365690000000001,-0.9699409999999999,BFA,FRA,830629
2834114,22,77,8744,2003,37714.0,0.0,-1.168404,-1.035782,BGD,FRA,830629
2834115,23,77,8744,2003,6984.0,19321.0,0.43308599999999997,1.7104099999999998,BGR,FRA,830629
2834116,24,77,8744,2003,0.0,6592.0,-0.10968800000000001,-1.041032,BHR,FRA,830629
2834117,25,77,8744,2003,0.0,4501.0,0.614422,-0.40984,BHS,FRA,830629
2834118,30,77,8744,2003,0.0,14714.0,0.9966459999999999,-0.5183270000000001,BMU,FRA,830629
2834119,31,77,8744,2003,0.0,877.0,-0.787995,-0.7228899999999999,BOL,FRA,830629
2834120,32,77,8744,2003,13110.0,229487.0,0.660576,1.118876,BRA,FRA,830629
2834121,33,77,8744,2003,0.0,5623.0,0.744166,0.074191,BRB,FRA,830629
2834122,38,77,8744,2003,0.0,2423.0,-1.342769,-0.905425,CAF,FRA,830629
2834123,39,77,8744,2003,10324.0,185643.0,0.9791540000000001,1.185081,CAN,FRA,830629
2834124,41,77,8744,2003,56182.0,774486.0,2.151037,0.711217,CHE,FRA,830629
2834125,42,77,8744,2003,0.0,5232.0,-0.06375900000000001,-0.156808,CHL,FRA,830629
2834126,43,77,8744,2003,5405538.0,7573.0,0.579431,2.773139,CHN,FRA,830629
2834127,44,77,8744,2003,6646.0,19840.0,-0.699928,-0.723739,CIV,FRA,830629
2834128,45,77,8744,2003,2658.0,48674.0,-1.254788,-1.10897,CMR,FRA,830629
2834129,46,77,8744,2003,0.0,1132.0,-1.366232,-1.0778860000000001,COD,FRA,830629
2834130,47,77,8744,2003,0.0,5659.0,-1.6789619999999998,-1.182557,COG,FRA,830629
2834131,49,77,8744,2003,3046.0,0.0,0.218336,0.376869,COL,FRA,830629
2834132,51,77,8744,2003,0.0,873.0,0.070649,-0.541279,CPV,FRA,830629
2834133,58,77,8744,2003,0.0,105986.0,0.259992,0.068914,CYP,FRA,830629
2834134,59,77,8744,2003,4585.0,15023.0,1.555749,0.8662059999999999,CZE,FRA,830629
2834135,61,77,8744,2003,2363982.0,1255884.0,2.2821919999999998,-2.0985150000000004,DEU,FRA,830629
2834136,62,77,8744,2003,0.0,13582.0,-0.41648500000000005,-0.5408350000000001,DJI,FRA,830629
2834137,64,77,8744,2003,69917.0,95695.0,1.309564,1.245596,DNK,FRA,830629
2834138,65,77,8744,2003,0.0,2663.0,-0.46264399999999994,-0.245034,DOM,FRA,830629
2834139,66,77,8744,2003,1053.0,67704.0,-1.060727,-1.142594,DZA,FRA,830629
2834140,67,77,8744,2003,0.0,7320.0,-0.8689370000000001,-0.889767,ECU,FRA,830629
2834141,68,77,8744,2003,21942.0,95886.0,-0.292923,0.465433,EGY,FRA,830629
2834142,71,77,8744,2003,3714255.0,1134028.0,0.960684,2.074792,ESP,FRA,830629
2834143,74,77,8744,2003,0.0,252205.0,2.077889,0.942501,FIN,FRA,830629
2834144,80,77,8744,2003,94378.0,151171.0,-0.92745,-1.138466,GAB,FRA,830629
2834145,81,77,8744,2003,1553503.0,861596.0,1.8712540000000002,0.706205,GBR,FRA,830629
2834146,83,77,8744,2003,0.0,2729.0,-1.074188,-0.7127319999999999,GHA,FRA,830629
2834147,89,77,8744,2003,0.0,2264.0,-2.4406529999999997,-0.821155,GNQ,FRA,830629
2834148,90,77,8744,2003,0.0,177123.0,0.364688,1.4823959999999998,GRC,FRA,830629
2834149,91,77,8744,2003,0.0,1597.0,0.3936,-0.258355,GRD,FRA,830629
2834150,97,77,8744,2003,302233.0,89535.0,0.494569,2.147062,HKG,FRA,830629
2834151,99,77,8744,2003,1707.0,1823.0,-0.733546,-0.568585,HND,FRA,830629
2834152,100,77,8744,2003,0.0,4073.0,0.568394,1.230759,HRV,FRA,830629
2834153,101,77,8744,2003,19415.0,15846.0,-1.3761290000000002,-1.006346,HTI,FRA,830629
2834154,102,77,8744,2003,36423.0,31927.0,1.2003270000000001,1.091407,HUN,FRA,830629
2834155,103,77,8744,2003,225722.0,0.0,-0.16802,1.7252990000000001,IDN,FRA,830629
2834156,104,77,8744,2003,974546.0,2004.0,0.33014099999999996,2.836003,IND,FRA,830629
2834157,106,77,8744,2003,0.0,125646.0,1.6396130000000002,0.220599,IRL,FRA,830629
2834158,107,77,8744,2003,0.0,17488.0,-0.552146,-0.8668520000000001,IRN,FRA,830629
2834159,109,77,8744,2003,0.0,40663.0,0.21902800000000003,-0.40818499999999996,ISL,FRA,830629
2834160,110,77,8744,2003,19638.0,26939.0,1.157809,0.682195,ISR,FRA,830629
2834161,111,77,8744,2003,11142651.0,1388616.0,1.399734,1.044608,ITA,FRA,830629
2834162,113,77,8744,2003,0.0,7863.0,0.12295,0.377031,JOR,FRA,830629
2834163,114,77,8744,2003,60056.0,514869.0,2.4686630000000003,0.48072600000000004,JPN,FRA,830629
2834164,116,77,8744,2003,10499.0,0.0,-0.3531,0.582992,KEN,FRA,830629
2834165,121,77,8744,2003,18562.0,57590.0,1.2611709999999998,0.956308,KOR,FRA,830629
2834166,122,77,8744,2003,0.0,15971.0,-0.7943640000000001,-1.1529770000000001,KWT,FRA,830629
2834167,124,77,8744,2003,17766.0,58991.0,0.261687,1.053856,LBN,FRA,830629
2834168,129,77,8744,2003,10894.0,0.0,-1.405425,-1.046031,LSO,FRA,830629
2834169,130,77,8744,2003,0.0,5280.0,0.239608,0.517299,LTU,FRA,830629
2834170,131,77,8744,2003,11977.0,135799.0,1.444996,1.063764,LUX,FRA,830629
2834171,132,77,8744,2003,3060.0,18781.0,0.520772,0.5631689999999999,LVA,FRA,830629
2834172,134,77,8744,2003,1122325.0,271284.0,-0.6842050000000001,-0.217892,MAR,FRA,830629
2834173,136,77,8744,2003,32820.0,48138.0,-1.254758,-0.622696,MDG,FRA,830629
2834174,138,77,8744,2003,23403.0,10777.0,0.862509,0.756684,MEX,FRA,830629
2834175,141,77,8744,2003,3762.0,0.0,-0.786411,-0.879049,MLI,FRA,830629
2834176,142,77,8744,2003,0.0,1912.0,1.2138149999999999,-0.015687,MLT,FRA,830629
2834177,143,77,8744,2003,4528.0,0.0,-1.435123,-1.0948,MMR,FRA,830629
2834178,145,77,8744,2003,2405.0,0.0,-0.9747620000000001,-1.026308,MNG,FRA,830629
2834179,148,77,8744,2003,0.0,17328.0,-1.069232,-1.184061,MRT,FRA,830629
2834180,151,77,8744,2003,27672.0,1668.0,-0.361514,-0.29839899999999997,MUS,FRA,830629
2834181,153,77,8744,2003,1106.0,0.0,0.728804,0.2168,MYS,FRA,830629
2834182,154,77,8744,2003,0.0,9474.0,0.8645370000000001,-0.101347,MYT,FRA,830629
2834183,156,77,8744,2003,0.0,63848.0,-0.344934,-0.776632,NCL,FRA,830629
2834184,157,77,8744,2003,0.0,1201.0,-0.199296,-0.578264,NER,FRA,830629
2834185,159,77,8744,2003,2115.0,0.0,-1.859176,-1.234236,NGA,FRA,830629
2834186,162,77,8744,2003,3392172.0,504105.0,1.168453,1.7085709999999998,NLD,FRA,830629
2834187,163,77,8744,2003,4233.0,11514.0,1.1500620000000001,0.258554,NOR,FRA,830629
2834188,164,77,8744,2003,89393.0,0.0,-0.26353899999999997,1.351717,NPL,FRA,830629
2834189,166,77,8744,2003,0.0,8555.0,0.589619,0.997301,NZL,FRA,830629
2834190,167,77,8744,2003,0.0,5463.0,-1.434873,-1.188123,OMN,FRA,830629
2834191,168,77,8744,2003,24253.0,5924.0,-0.6659689999999999,0.137924,PAK,FRA,830629
2834192,174,77,8744,2003,242170.0,0.0,-0.065022,-0.195144,PHL,FRA,830629
2834193,177,77,8744,2003,215662.0,44431.0,0.966622,1.664838,POL,FRA,830629
2834194,178,77,8744,2003,2727.0,0.0,0.7060420000000001,0.7718,PRK,FRA,830629
2834195,179,77,8744,2003,432493.0,483188.0,0.471376,1.647303,PRT,FRA,830629
2834196,182,77,8744,2003,0.0,88152.0,-0.255707,-0.676557,PYF,FRA,830629
2834197,183,77,8744,2003,1339.0,4759.0,-0.209042,-1.0565799999999999,QAT,FRA,830629
2834198,185,77,8744,2003,54900.0,15121.0,0.378379,1.0064620000000002,ROU,FRA,830629
2834199,186,77,8744,2003,4956.0,201049.0,1.072729,0.338355,RUS,FRA,830629
2834200,187,77,8744,2003,0.0,13376.0,-0.99513,-0.852476,RWA,FRA,830629
2834201,188,77,8744,2003,0.0,445589.0,0.202286,-0.714691,SAU,FRA,830629
2834202,191,77,8744,2003,43806.0,69549.0,-0.25203600000000004,-0.25549299999999997,SEN,FRA,830629
2834203,192,77,8744,2003,7034.0,6458.0,1.5080799999999999,0.720337,SGP,FRA,830629
2834204,197,77,8744,2003,0.0,1644.0,-0.251357,-0.189917,SLV,FRA,830629
2834205,200,77,8744,2003,0.0,79230.0,0.677331,-0.645223,SPM,FRA,830629
2834206,203,77,8744,2003,27872.0,0.0,1.046084,-0.183027,STP,FRA,830629
2834207,206,77,8744,2003,0.0,10574.0,1.22565,0.915518,SVK,FRA,830629
2834208,207,77,8744,2003,0.0,16669.0,1.6459840000000001,1.014191,SVN,FRA,830629
2834209,208,77,8744,2003,3638.0,130311.0,2.099224,0.799982,SWE,FRA,830629
2834210,212,77,8744,2003,4463.0,19613.0,-0.868749,-0.326322,SYR,FRA,830629
2834211,214,77,8744,2003,0.0,2264.0,-0.263238,-0.6801189999999999,TCD,FRA,830629
2834212,215,77,8744,2003,5422.0,7278.0,-0.5058590000000001,-0.520586,TGO,FRA,830629
2834213,216,77,8744,2003,642575.0,64842.0,0.43010699999999996,1.607408,THA,FRA,830629
2834214,219,77,8744,2003,0.0,1132.0,-1.223295,-1.250217,TKM,FRA,830629
2834215,222,77,8744,2003,27063.0,0.0,-0.16738,-0.9820969999999999,TTO,FRA,830629
2834216,223,77,8744,2003,130370.0,31897.0,-0.14845999999999998,0.255092,TUN,FRA,830629
2834217,224,77,8744,2003,826822.0,189289.0,0.192802,1.9855060000000002,TUR,FRA,830629
2834218,228,77,8744,2003,5774.0,9362.0,0.8929389999999999,0.956685,UKR,FRA,830629
2834219,230,77,8744,2003,1723.0,0.0,0.19792200000000001,0.243104,URY,FRA,830629
2834220,231,77,8744,2003,150746.0,5775406.0,1.7789220000000001,0.064028,USA,FRA,830629
2834221,236,77,8744,2003,0.0,2027.0,0.277805,-0.783697,VEN,FRA,830629
2834222,239,77,8744,2003,183363.0,0.0,-0.633985,0.659696,VNM,FRA,830629
2834223,241,77,8744,2003,0.0,1305.0,0.200787,-0.775126,WLF,FRA,830629
2834224,246,77,8744,2003,6079.0,76591.0,0.477987,2.255395,ZAF,FRA,830629
2834225,249,77,8744,2003,352153.0,277559.0,1.5924040000000002,1.397843,TWN,FRA,830629
2834226,0,81,8744,2003,0.0,1469.0,-0.13006600000000001,-0.783431,ABW,GBR,830629
2834227,7,81,8744,2003,0.0,307186.0,0.049637,-0.502691,ARE,GBR,830629
2834228,8,81,8744,2003,25017.0,45699.0,0.302073,0.49069700000000005,ARG,GBR,830629
2834229,13,81,8744,2003,0.0,3464.0,0.014283,-0.564587,ATG,GBR,830629
2834230,14,81,8744,2003,37006.0,303839.0,0.316879,0.9409489999999999,AUS,GBR,830629
2834231,15,81,8744,2003,4273.0,15507.0,1.834977,0.408096,AUT,GBR,830629
2834232,18,81,8744,2003,155812.0,51861.0,1.361682,1.39536,BEL,GBR,830629
2834233,22,81,8744,2003,3713.0,0.0,-1.168404,-1.035782,BGD,GBR,830629
2834234,23,81,8744,2003,12425.0,26815.0,0.43308599999999997,1.7104099999999998,BGR,GBR,830629
2834235,24,81,8744,2003,0.0,10259.0,-0.10968800000000001,-1.041032,BHR,GBR,830629
2834236,25,81,8744,2003,0.0,7750.0,0.614422,-0.40984,BHS,GBR,830629
2834237,26,81,8744,2003,0.0,1416.0,0.195667,0.347011,BIH,GBR,830629
2834238,29,81,8744,2003,0.0,5537.0,-0.543555,-0.7596,BLZ,GBR,830629
2834239,30,81,8744,2003,0.0,5812.0,0.9966459999999999,-0.5183270000000001,BMU,GBR,830629
2834240,32,81,8744,2003,7116.0,1851.0,0.660576,1.118876,BRA,GBR,830629
2834241,33,81,8744,2003,0.0,20799.0,0.744166,0.074191,BRB,GBR,830629
2834242,39,81,8744,2003,114891.0,96750.0,0.9791540000000001,1.185081,CAN,GBR,830629
2834243,41,81,8744,2003,66832.0,46864.0,2.151037,0.711217,CHE,GBR,830629
2834244,42,81,8744,2003,2876.0,25886.0,-0.06375900000000001,-0.156808,CHL,GBR,830629
2834245,43,81,8744,2003,8657622.0,16032.0,0.579431,2.773139,CHN,GBR,830629
2834246,57,81,8744,2003,0.0,21080.0,0.308768,-0.690944,CYM,GBR,830629
2834247,58,81,8744,2003,0.0,15161.0,0.259992,0.068914,CYP,GBR,830629
2834248,59,81,8744,2003,38863.0,1588.0,1.555749,0.8662059999999999,CZE,GBR,830629
2834249,61,81,8744,2003,1065664.0,249365.0,2.2821919999999998,-2.0985150000000004,DEU,GBR,830629
2834250,63,81,8744,2003,0.0,5793.0,0.11903299999999999,-0.21768200000000001,DMA,GBR,830629
2834251,64,81,8744,2003,190275.0,48509.0,1.309564,1.245596,DNK,GBR,830629
2834252,66,81,8744,2003,0.0,886.0,-1.060727,-1.142594,DZA,GBR,830629
2834253,68,81,8744,2003,8273.0,1117.0,-0.292923,0.465433,EGY,GBR,830629
2834254,71,81,8744,2003,1315309.0,795771.0,0.960684,2.074792,ESP,GBR,830629
2834255,72,81,8744,2003,1843.0,1582.0,0.5913010000000001,0.8489979999999999,EST,GBR,830629
2834256,74,81,8744,2003,0.0,26784.0,2.077889,0.942501,FIN,GBR,830629
2834257,77,81,8744,2003,861596.0,1553503.0,1.606606,0.7394149999999999,FRA,GBR,830629
2834258,78,81,8744,2003,0.0,935.0,-0.46422299999999994,-0.8072050000000001,FRO,GBR,830629
2834259,83,81,8744,2003,0.0,1224.0,-1.074188,-0.7127319999999999,GHA,GBR,830629
2834260,84,81,8744,2003,0.0,32257.0,1.133606,-0.176782,GIB,GBR,830629
2834261,90,81,8744,2003,2604.0,46915.0,0.364688,1.4823959999999998,GRC,GBR,830629
2834262,92,81,8744,2003,0.0,1085.0,-0.764655,-0.8684200000000001,GRL,GBR,830629
2834263,97,81,8744,2003,860090.0,71303.0,0.494569,2.147062,HKG,GBR,830629
2834264,100,81,8744,2003,0.0,50443.0,0.568394,1.230759,HRV,GBR,830629
2834265,102,81,8744,2003,1876.0,6966.0,1.2003270000000001,1.091407,HUN,GBR,830629
2834266,103,81,8744,2003,262194.0,0.0,-0.16802,1.7252990000000001,IDN,GBR,830629
2834267,104,81,8744,2003,7868085.0,5544.0,0.33014099999999996,2.836003,IND,GBR,830629
2834268,106,81,8744,2003,36751.0,2955292.0,1.6396130000000002,0.220599,IRL,GBR,830629
2834269,107,81,8744,2003,12723.0,0.0,-0.552146,-0.8668520000000001,IRN,GBR,830629
2834270,109,81,8744,2003,0.0,36082.0,0.21902800000000003,-0.40818499999999996,ISL,GBR,830629
2834271,110,81,8744,2003,23139.0,23663.0,1.157809,0.682195,ISR,GBR,830629
2834272,111,81,8744,2003,1552384.0,363650.0,1.399734,1.044608,ITA,GBR,830629
2834273,112,81,8744,2003,0.0,7290.0,-0.6684140000000001,-0.915817,JAM,GBR,830629
2834274,113,81,8744,2003,0.0,2133.0,0.12295,0.377031,JOR,GBR,830629
2834275,114,81,8744,2003,72158.0,736940.0,2.4686630000000003,0.48072600000000004,JPN,GBR,830629
2834276,116,81,8744,2003,2501.0,8898.0,-0.3531,0.582992,KEN,GBR,830629
2834277,120,81,8744,2003,0.0,11093.0,0.555154,-0.405962,KNA,GBR,830629
2834278,121,81,8744,2003,195085.0,11218.0,1.2611709999999998,0.956308,KOR,GBR,830629
2834279,122,81,8744,2003,1280.0,14889.0,-0.7943640000000001,-1.1529770000000001,KWT,GBR,830629
2834280,124,81,8744,2003,8913.0,27009.0,0.261687,1.053856,LBN,GBR,830629
2834281,127,81,8744,2003,0.0,2172.0,0.318385,-0.342679,LCA,GBR,830629
2834282,128,81,8744,2003,40276.0,9798.0,-0.618057,0.101931,LKA,GBR,830629
2834283,131,81,8744,2003,0.0,1578.0,1.444996,1.063764,LUX,GBR,830629
2834284,132,81,8744,2003,0.0,5307.0,0.520772,0.5631689999999999,LVA,GBR,830629
2834285,133,81,8744,2003,0.0,5056.0,-0.294516,-0.413828,MAC,GBR,830629
2834286,134,81,8744,2003,20377.0,0.0,-0.6842050000000001,-0.217892,MAR,GBR,830629
2834287,138,81,8744,2003,85740.0,6396.0,0.862509,0.756684,MEX,GBR,830629
2834288,142,81,8744,2003,0.0,52922.0,1.2138149999999999,-0.015687,MLT,GBR,830629
2834289,151,81,8744,2003,3103.0,14417.0,-0.361514,-0.29839899999999997,MUS,GBR,830629
2834290,153,81,8744,2003,15913.0,40358.0,0.728804,0.2168,MYS,GBR,830629
2834291,159,81,8744,2003,0.0,4306.0,-1.859176,-1.234236,NGA,GBR,830629
2834292,162,81,8744,2003,1513454.0,89883.0,1.168453,1.7085709999999998,NLD,GBR,830629
2834293,163,81,8744,2003,0.0,32419.0,1.1500620000000001,0.258554,NOR,GBR,830629
2834294,164,81,8744,2003,21952.0,0.0,-0.26353899999999997,1.351717,NPL,GBR,830629
2834295,166,81,8744,2003,2169.0,9019.0,0.589619,0.997301,NZL,GBR,830629
2834296,167,81,8744,2003,0.0,3172.0,-1.434873,-1.188123,OMN,GBR,830629
2834297,168,81,8744,2003,76366.0,912.0,-0.6659689999999999,0.137924,PAK,GBR,830629
2834298,174,81,8744,2003,121365.0,1345.0,-0.065022,-0.195144,PHL,GBR,830629
2834299,177,81,8744,2003,284647.0,18762.0,0.966622,1.664838,POL,GBR,830629
2834300,179,81,8744,2003,47960.0,30208.0,0.471376,1.647303,PRT,GBR,830629
2834301,183,81,8744,2003,0.0,13887.0,-0.209042,-1.0565799999999999,QAT,GBR,830629
2834302,186,81,8744,2003,0.0,110081.0,1.072729,0.338355,RUS,GBR,830629
2834303,188,81,8744,2003,3028.0,10519.0,0.202286,-0.714691,SAU,GBR,830629
2834304,191,81,8744,2003,1616.0,0.0,-0.25203600000000004,-0.25549299999999997,SEN,GBR,830629
2834305,192,81,8744,2003,12505.0,41760.0,1.5080799999999999,0.720337,SGP,GBR,830629
2834306,206,81,8744,2003,7310.0,4027.0,1.22565,0.915518,SVK,GBR,830629
2834307,208,81,8744,2003,12875.0,41056.0,2.099224,0.799982,SWE,GBR,830629
2834308,211,81,8744,2003,0.0,1523.0,-0.44341099999999994,-0.742566,SYC,GBR,830629
2834309,212,81,8744,2003,3126.0,0.0,-0.868749,-0.326322,SYR,GBR,830629
2834310,216,81,8744,2003,1372923.0,3184.0,0.43010699999999996,1.607408,THA,GBR,830629
2834311,222,81,8744,2003,0.0,3008.0,-0.16738,-0.9820969999999999,TTO,GBR,830629
2834312,223,81,8744,2003,0.0,1677.0,-0.14845999999999998,0.255092,TUN,GBR,830629
2834313,224,81,8744,2003,184020.0,8539.0,0.192802,1.9855060000000002,TUR,GBR,830629
2834314,227,81,8744,2003,0.0,2327.0,-0.895193,-0.712039,UGA,GBR,830629
2834315,231,81,8744,2003,749988.0,2475175.0,1.7789220000000001,0.064028,USA,GBR,830629
2834316,234,81,8744,2003,0.0,1379.0,-0.355758,-0.679181,VCT,GBR,830629
2834317,236,81,8744,2003,2779.0,0.0,0.277805,-0.783697,VEN,GBR,830629
2834318,239,81,8744,2003,243299.0,0.0,-0.633985,0.659696,VNM,GBR,830629
2834319,246,81,8744,2003,149187.0,99267.0,0.477987,2.255395,ZAF,GBR,830629
2834320,248,81,8744,2003,14211.0,0.0,-0.366539,-0.18906199999999998,ZWE,GBR,830629
2834321,249,81,8744,2003,895118.0,21582.0,1.5924040000000002,1.397843,TWN,GBR,830629
2834322,4,90,8744,2003,0.0,2055.0,-0.053595000000000004,0.166034,ALB,GRC,830629
2834323,7,90,8744,2003,0.0,6637.0,0.049637,-0.502691,ARE,GRC,830629
2834324,14,90,8744,2003,4743.0,4997.0,0.316879,0.9409489999999999,AUS,GRC,830629
2834325,15,90,8744,2003,13837.0,0.0,1.834977,0.408096,AUT,GRC,830629
2834326,18,90,8744,2003,24613.0,0.0,1.361682,1.39536,BEL,GRC,830629
2834327,23,90,8744,2003,13207.0,5746.0,0.43308599999999997,1.7104099999999998,BGR,GRC,830629
2834328,32,90,8744,2003,0.0,2115.0,0.660576,1.118876,BRA,GRC,830629
2834329,39,90,8744,2003,0.0,26442.0,0.9791540000000001,1.185081,CAN,GRC,830629
2834330,41,90,8744,2003,15304.0,0.0,2.151037,0.711217,CHE,GRC,830629
2834331,42,90,8744,2003,2524.0,0.0,-0.06375900000000001,-0.156808,CHL,GRC,830629
2834332,43,90,8744,2003,1375220.0,0.0,0.579431,2.773139,CHN,GRC,830629
2834333,46,90,8744,2003,2725.0,0.0,-1.366232,-1.0778860000000001,COD,GRC,830629
2834334,58,90,8744,2003,20320.0,69401.0,0.259992,0.068914,CYP,GRC,830629
2834335,61,90,8744,2003,84287.0,1178.0,2.2821919999999998,-2.0985150000000004,DEU,GRC,830629
2834336,64,90,8744,2003,11462.0,0.0,1.309564,1.245596,DNK,GRC,830629
2834337,68,90,8744,2003,26767.0,0.0,-0.292923,0.465433,EGY,GRC,830629
2834338,71,90,8744,2003,407366.0,0.0,0.960684,2.074792,ESP,GRC,830629
2834339,77,90,8744,2003,177123.0,0.0,1.606606,0.7394149999999999,FRA,GRC,830629
2834340,81,90,8744,2003,46915.0,2604.0,1.8712540000000002,0.706205,GBR,GRC,830629
2834341,97,90,8744,2003,38581.0,0.0,0.494569,2.147062,HKG,GRC,830629
2834342,103,90,8744,2003,56634.0,0.0,-0.16802,1.7252990000000001,IDN,GRC,830629
2834343,104,90,8744,2003,165137.0,0.0,0.33014099999999996,2.836003,IND,GRC,830629
2834344,106,90,8744,2003,9924.0,0.0,1.6396130000000002,0.220599,IRL,GRC,830629
2834345,110,90,8744,2003,0.0,62036.0,1.157809,0.682195,ISR,GRC,830629
2834346,111,90,8744,2003,1635334.0,6481.0,1.399734,1.044608,ITA,GRC,830629
2834347,114,90,8744,2003,20360.0,6807.0,2.4686630000000003,0.48072600000000004,JPN,GRC,830629
2834348,122,90,8744,2003,0.0,30434.0,-0.7943640000000001,-1.1529770000000001,KWT,GRC,830629
2834349,124,90,8744,2003,0.0,11301.0,0.261687,1.053856,LBN,GRC,830629
2834350,131,90,8744,2003,3283.0,0.0,1.444996,1.063764,LUX,GRC,830629
2834351,134,90,8744,2003,27316.0,0.0,-0.6842050000000001,-0.217892,MAR,GRC,830629
2834352,140,90,8744,2003,0.0,179650.0,-0.017632,0.225394,MKD,GRC,830629
2834353,162,90,8744,2003,113534.0,0.0,1.168453,1.7085709999999998,NLD,GRC,830629
2834354,168,90,8744,2003,5743.0,0.0,-0.6659689999999999,0.137924,PAK,GRC,830629
2834355,174,90,8744,2003,34115.0,0.0,-0.065022,-0.195144,PHL,GRC,830629
2834356,177,90,8744,2003,6815.0,0.0,0.966622,1.664838,POL,GRC,830629
2834357,179,90,8744,2003,119560.0,1481.0,0.471376,1.647303,PRT,GRC,830629
2834358,185,90,8744,2003,11058.0,23348.0,0.378379,1.0064620000000002,ROU,GRC,830629
2834359,186,90,8744,2003,12417.0,9187.0,1.072729,0.338355,RUS,GRC,830629
2834360,189,90,8744,2003,0.0,112728.0,0.575326,1.627894,SCG,GRC,830629
2834361,208,90,8744,2003,7303.0,0.0,2.099224,0.799982,SWE,GRC,830629
2834362,216,90,8744,2003,47988.0,0.0,0.43010699999999996,1.607408,THA,GRC,830629
2834363,224,90,8744,2003,138635.0,23543.0,0.192802,1.9855060000000002,TUR,GRC,830629
2834364,231,90,8744,2003,6681.0,91573.0,1.7789220000000001,0.064028,USA,GRC,830629
2834365,239,90,8744,2003,8634.0,0.0,-0.633985,0.659696,VNM,GRC,830629
2834366,249,90,8744,2003,42382.0,0.0,1.5924040000000002,1.397843,TWN,GRC,830629
2834367,250,90,8744,2003,0.0,2036.0,0.45951499999999995,-0.2312,ANS,GRC,830629
2834368,32,96,8744,2003,1237.0,0.0,0.660576,1.118876,BRA,GUY,830629
2834369,39,96,8744,2003,13378.0,0.0,0.9791540000000001,1.185081,CAN,GUY,830629
2834370,162,96,8744,2003,905.0,0.0,1.168453,1.7085709999999998,NLD,GUY,830629
2834371,231,96,8744,2003,13181.0,0.0,1.7789220000000001,0.064028,USA,GUY,830629
2834372,249,96,8744,2003,1816.0,0.0,1.5924040000000002,1.397843,TWN,GUY,830629
2834373,7,97,8744,2003,2329.0,387288.0,0.049637,-0.502691,ARE,HKG,830629
2834374,8,97,8744,2003,0.0,2092.0,0.302073,0.49069700000000005,ARG,HKG,830629
2834375,14,97,8744,2003,24077.0,251165.0,0.316879,0.9409489999999999,AUS,HKG,830629
2834376,15,97,8744,2003,6654.0,2123120.0,1.834977,0.408096,AUT,HKG,830629
2834377,18,97,8744,2003,8681.0,204338.0,1.361682,1.39536,BEL,HKG,830629
2834378,23,97,8744,2003,0.0,7210.0,0.43308599999999997,1.7104099999999998,BGR,HKG,830629
2834379,24,97,8744,2003,0.0,28360.0,-0.10968800000000001,-1.041032,BHR,HKG,830629
2834380,31,97,8744,2003,0.0,2036.0,-0.787995,-0.7228899999999999,BOL,HKG,830629
2834381,32,97,8744,2003,0.0,25766.0,0.660576,1.118876,BRA,HKG,830629
2834382,39,97,8744,2003,6311.0,397590.0,0.9791540000000001,1.185081,CAN,HKG,830629
2834383,41,97,8744,2003,25697.0,278634.0,2.151037,0.711217,CHE,HKG,830629
2834384,42,97,8744,2003,0.0,48508.0,-0.06375900000000001,-0.156808,CHL,HKG,830629
2834385,43,97,8744,2003,37036900.0,291320.0,0.579431,2.773139,CHN,HKG,830629
2834386,49,97,8744,2003,0.0,8044.0,0.218336,0.376869,COL,HKG,830629
2834387,52,97,8744,2003,0.0,19485.0,-0.193904,-0.5049680000000001,CRI,HKG,830629
2834388,58,97,8744,2003,0.0,33122.0,0.259992,0.068914,CYP,HKG,830629
2834389,59,97,8744,2003,2859.0,4317.0,1.555749,0.8662059999999999,CZE,HKG,830629
2834390,61,97,8744,2003,174987.0,2765464.0,2.2821919999999998,-2.0985150000000004,DEU,HKG,830629
2834391,64,97,8744,2003,0.0,102714.0,1.309564,1.245596,DNK,HKG,830629
2834392,65,97,8744,2003,0.0,9415.0,-0.46264399999999994,-0.245034,DOM,HKG,830629
2834393,66,97,8744,2003,0.0,1144.0,-1.060727,-1.142594,DZA,HKG,830629
2834394,67,97,8744,2003,0.0,1784.0,-0.8689370000000001,-0.889767,ECU,HKG,830629
2834395,68,97,8744,2003,0.0,48085.0,-0.292923,0.465433,EGY,HKG,830629
2834396,71,97,8744,2003,61598.0,339798.0,0.960684,2.074792,ESP,HKG,830629
2834397,72,97,8744,2003,0.0,2077.0,0.5913010000000001,0.8489979999999999,EST,HKG,830629
2834398,74,97,8744,2003,0.0,64696.0,2.077889,0.942501,FIN,HKG,830629
2834399,77,97,8744,2003,89535.0,302233.0,1.606606,0.7394149999999999,FRA,HKG,830629
2834400,81,97,8744,2003,71303.0,860090.0,1.8712540000000002,0.706205,GBR,HKG,830629
2834401,90,97,8744,2003,0.0,38581.0,0.364688,1.4823959999999998,GRC,HKG,830629
2834402,92,97,8744,2003,0.0,436.0,-0.764655,-0.8684200000000001,GRL,HKG,830629
2834403,93,97,8744,2003,0.0,7004.0,-0.444162,0.145319,GTM,HKG,830629
2834404,95,97,8744,2003,0.0,61599.0,-0.139991,-0.570695,GUM,HKG,830629
2834405,99,97,8744,2003,0.0,1257.0,-0.733546,-0.568585,HND,HKG,830629
2834406,100,97,8744,2003,0.0,15692.0,0.568394,1.230759,HRV,HKG,830629
2834407,102,97,8744,2003,0.0,28998.0,1.2003270000000001,1.091407,HUN,HKG,830629
2834408,103,97,8744,2003,12543.0,29909.0,-0.16802,1.7252990000000001,IDN,HKG,830629
2834409,104,97,8744,2003,82128.0,15551.0,0.33014099999999996,2.836003,IND,HKG,830629
2834410,106,97,8744,2003,0.0,55056.0,1.6396130000000002,0.220599,IRL,HKG,830629
2834411,109,97,8744,2003,0.0,2463.0,0.21902800000000003,-0.40818499999999996,ISL,HKG,830629
2834412,110,97,8744,2003,0.0,570644.0,1.157809,0.682195,ISR,HKG,830629
2834413,111,97,8744,2003,614374.0,73924.0,1.399734,1.044608,ITA,HKG,830629
2834414,113,97,8744,2003,0.0,9340.0,0.12295,0.377031,JOR,HKG,830629
2834415,114,97,8744,2003,197092.0,185735.0,2.4686630000000003,0.48072600000000004,JPN,HKG,830629
2834416,116,97,8744,2003,0.0,24139.0,-0.3531,0.582992,KEN,HKG,830629
2834417,121,97,8744,2003,41975.0,446062.0,1.2611709999999998,0.956308,KOR,HKG,830629
2834418,122,97,8744,2003,0.0,27724.0,-0.7943640000000001,-1.1529770000000001,KWT,HKG,830629
2834419,124,97,8744,2003,0.0,41791.0,0.261687,1.053856,LBN,HKG,830629
2834420,128,97,8744,2003,0.0,14779.0,-0.618057,0.101931,LKA,HKG,830629
2834421,131,97,8744,2003,0.0,1624.0,1.444996,1.063764,LUX,HKG,830629
2834422,132,97,8744,2003,0.0,4150.0,0.520772,0.5631689999999999,LVA,HKG,830629
2834423,133,97,8744,2003,1688.0,41410.0,-0.294516,-0.413828,MAC,HKG,830629
2834424,134,97,8744,2003,0.0,10037.0,-0.6842050000000001,-0.217892,MAR,HKG,830629
2834425,138,97,8744,2003,0.0,36541.0,0.862509,0.756684,MEX,HKG,830629
2834426,142,97,8744,2003,0.0,120499.0,1.2138149999999999,-0.015687,MLT,HKG,830629
2834427,153,97,8744,2003,41455.0,120991.0,0.728804,0.2168,MYS,HKG,830629
2834428,159,97,8744,2003,0.0,2376.0,-1.859176,-1.234236,NGA,HKG,830629
2834429,162,97,8744,2003,3729.0,572683.0,1.168453,1.7085709999999998,NLD,HKG,830629
2834430,163,97,8744,2003,0.0,86284.0,1.1500620000000001,0.258554,NOR,HKG,830629
2834431,164,97,8744,2003,8320.0,0.0,-0.26353899999999997,1.351717,NPL,HKG,830629
2834432,166,97,8744,2003,1359.0,61722.0,0.589619,0.997301,NZL,HKG,830629
2834433,168,97,8744,2003,0.0,3819.0,-0.6659689999999999,0.137924,PAK,HKG,830629
2834434,169,97,8744,2003,0.0,404264.0,-0.050386,-0.039619999999999995,PAN,HKG,830629
2834435,173,97,8744,2003,0.0,21677.0,-0.48627,0.371354,PER,HKG,830629
2834436,174,97,8744,2003,39575.0,98961.0,-0.065022,-0.195144,PHL,HKG,830629
2834437,177,97,8744,2003,0.0,117022.0,0.966622,1.664838,POL,HKG,830629
2834438,179,97,8744,2003,0.0,37897.0,0.471376,1.647303,PRT,HKG,830629
2834439,182,97,8744,2003,0.0,5608.0,-0.255707,-0.676557,PYF,HKG,830629
2834440,183,97,8744,2003,0.0,15743.0,-0.209042,-1.0565799999999999,QAT,HKG,830629
2834441,185,97,8744,2003,0.0,41389.0,0.378379,1.0064620000000002,ROU,HKG,830629
2834442,186,97,8744,2003,0.0,25597.0,1.072729,0.338355,RUS,HKG,830629
2834443,188,97,8744,2003,26051.0,138091.0,0.202286,-0.714691,SAU,HKG,830629
2834444,192,97,8744,2003,47343.0,414743.0,1.5080799999999999,0.720337,SGP,HKG,830629
2834445,197,97,8744,2003,0.0,1514.0,-0.251357,-0.189917,SLV,HKG,830629
2834446,206,97,8744,2003,0.0,2205.0,1.22565,0.915518,SVK,HKG,830629
2834447,207,97,8744,2003,0.0,4895.0,1.6459840000000001,1.014191,SVN,HKG,830629
2834448,208,97,8744,2003,0.0,180758.0,2.099224,0.799982,SWE,HKG,830629
2834449,216,97,8744,2003,140517.0,44575.0,0.43010699999999996,1.607408,THA,HKG,830629
2834450,223,97,8744,2003,0.0,4106.0,-0.14845999999999998,0.255092,TUN,HKG,830629
2834451,224,97,8744,2003,2995.0,8216.0,0.192802,1.9855060000000002,TUR,HKG,830629
2834452,228,97,8744,2003,3028.0,1849.0,0.8929389999999999,0.956685,UKR,HKG,830629
2834453,231,97,8744,2003,117109.0,2580805.0,1.7789220000000001,0.064028,USA,HKG,830629
2834454,236,97,8744,2003,0.0,19163.0,0.277805,-0.783697,VEN,HKG,830629
2834455,239,97,8744,2003,0.0,8250.0,-0.633985,0.659696,VNM,HKG,830629
2834456,246,97,8744,2003,4316.0,133272.0,0.477987,2.255395,ZAF,HKG,830629
2834457,249,97,8744,2003,387952.0,110560.0,1.5924040000000002,1.397843,TWN,HKG,830629
2834458,250,97,8744,2003,0.0,2252.0,0.45951499999999995,-0.2312,ANS,HKG,830629
2834459,39,99,8744,2003,800.0,4815.0,0.9791540000000001,1.185081,CAN,HND,830629
2834460,43,99,8744,2003,3810.0,0.0,0.579431,2.773139,CHN,HND,830629
2834461,49,99,8744,2003,1987.0,0.0,0.218336,0.376869,COL,HND,830629
2834462,71,99,8744,2003,4359.0,0.0,0.960684,2.074792,ESP,HND,830629
2834463,77,99,8744,2003,1823.0,1707.0,1.606606,0.7394149999999999,FRA,HND,830629
2834464,93,99,8744,2003,2362.0,0.0,-0.444162,0.145319,GTM,HND,830629
2834465,97,99,8744,2003,1257.0,0.0,0.494569,2.147062,HKG,HND,830629
2834466,111,99,8744,2003,5899.0,0.0,1.399734,1.044608,ITA,HND,830629
2834467,138,99,8744,2003,4990.0,0.0,0.862509,0.756684,MEX,HND,830629
2834468,169,99,8744,2003,25046.0,0.0,-0.050386,-0.039619999999999995,PAN,HND,830629
2834469,197,99,8744,2003,7996.0,0.0,-0.251357,-0.189917,SLV,HND,830629
2834470,208,99,8744,2003,756.0,0.0,2.099224,0.799982,SWE,HND,830629
2834471,231,99,8744,2003,41469.0,462379.0,1.7789220000000001,0.064028,USA,HND,830629
2834472,236,99,8744,2003,836.0,0.0,0.277805,-0.783697,VEN,HND,830629
2834473,7,103,8744,2003,0.0,3649.0,0.049637,-0.502691,ARE,IDN,830629
2834474,8,103,8744,2003,0.0,1293.0,0.302073,0.49069700000000005,ARG,IDN,830629
2834475,14,103,8744,2003,0.0,273276.0,0.316879,0.9409489999999999,AUS,IDN,830629
2834476,15,103,8744,2003,0.0,10955.0,1.834977,0.408096,AUT,IDN,830629
2834477,18,103,8744,2003,0.0,67228.0,1.361682,1.39536,BEL,IDN,830629
2834478,29,103,8744,2003,0.0,2199.0,-0.543555,-0.7596,BLZ,IDN,830629
2834479,31,103,8744,2003,0.0,26745.0,-0.787995,-0.7228899999999999,BOL,IDN,830629
2834480,32,103,8744,2003,0.0,3853.0,0.660576,1.118876,BRA,IDN,830629
2834481,33,103,8744,2003,0.0,642.0,0.744166,0.074191,BRB,IDN,830629
2834482,39,103,8744,2003,0.0,425936.0,0.9791540000000001,1.185081,CAN,IDN,830629
2834483,41,103,8744,2003,0.0,18328.0,2.151037,0.711217,CHE,IDN,830629
2834484,42,103,8744,2003,0.0,1799.0,-0.06375900000000001,-0.156808,CHL,IDN,830629
2834485,43,103,8744,2003,147813.0,3223.0,0.579431,2.773139,CHN,IDN,830629
2834486,49,103,8744,2003,0.0,1944.0,0.218336,0.376869,COL,IDN,830629
2834487,52,103,8744,2003,0.0,3418.0,-0.193904,-0.5049680000000001,CRI,IDN,830629
2834488,58,103,8744,2003,0.0,1179.0,0.259992,0.068914,CYP,IDN,830629
2834489,59,103,8744,2003,0.0,4040.0,1.555749,0.8662059999999999,CZE,IDN,830629
2834490,61,103,8744,2003,7121.0,678537.0,2.2821919999999998,-2.0985150000000004,DEU,IDN,830629
2834491,64,103,8744,2003,0.0,19119.0,1.309564,1.245596,DNK,IDN,830629
2834492,65,103,8744,2003,0.0,2563.0,-0.46264399999999994,-0.245034,DOM,IDN,830629
2834493,67,103,8744,2003,0.0,1300.0,-0.8689370000000001,-0.889767,ECU,IDN,830629
2834494,71,103,8744,2003,59638.0,230351.0,0.960684,2.074792,ESP,IDN,830629
2834495,74,103,8744,2003,0.0,5523.0,2.077889,0.942501,FIN,IDN,830629
2834496,77,103,8744,2003,0.0,225722.0,1.606606,0.7394149999999999,FRA,IDN,830629
2834497,81,103,8744,2003,0.0,262194.0,1.8712540000000002,0.706205,GBR,IDN,830629
2834498,90,103,8744,2003,0.0,56634.0,0.364688,1.4823959999999998,GRC,IDN,830629
2834499,97,103,8744,2003,29909.0,12543.0,0.494569,2.147062,HKG,IDN,830629
2834500,100,103,8744,2003,0.0,3211.0,0.568394,1.230759,HRV,IDN,830629
2834501,102,103,8744,2003,0.0,5443.0,1.2003270000000001,1.091407,HUN,IDN,830629
2834502,104,103,8744,2003,1457.0,0.0,0.33014099999999996,2.836003,IND,IDN,830629
2834503,106,103,8744,2003,0.0,8586.0,1.6396130000000002,0.220599,IRL,IDN,830629
2834504,111,103,8744,2003,22304.0,194155.0,1.399734,1.044608,ITA,IDN,830629
2834505,114,103,8744,2003,18232.0,211670.0,2.4686630000000003,0.48072600000000004,JPN,IDN,830629
2834506,121,103,8744,2003,0.0,3799.0,1.2611709999999998,0.956308,KOR,IDN,830629
2834507,122,103,8744,2003,0.0,6434.0,-0.7943640000000001,-1.1529770000000001,KWT,IDN,830629
2834508,124,103,8744,2003,0.0,6768.0,0.261687,1.053856,LBN,IDN,830629
2834509,127,103,8744,2003,0.0,5945.0,0.318385,-0.342679,LCA,IDN,830629
2834510,128,103,8744,2003,0.0,4272.0,-0.618057,0.101931,LKA,IDN,830629
2834511,130,103,8744,2003,0.0,3627.0,0.239608,0.517299,LTU,IDN,830629
2834512,131,103,8744,2003,0.0,516.0,1.444996,1.063764,LUX,IDN,830629
2834513,136,103,8744,2003,0.0,859.0,-1.254758,-0.622696,MDG,IDN,830629
2834514,138,103,8744,2003,0.0,20006.0,0.862509,0.756684,MEX,IDN,830629
2834515,142,103,8744,2003,0.0,1426.0,1.2138149999999999,-0.015687,MLT,IDN,830629
2834516,151,103,8744,2003,0.0,12416.0,-0.361514,-0.29839899999999997,MUS,IDN,830629
2834517,153,103,8744,2003,67974.0,7110.0,0.728804,0.2168,MYS,IDN,830629
2834518,156,103,8744,2003,0.0,2259.0,-0.344934,-0.776632,NCL,IDN,830629
2834519,162,103,8744,2003,0.0,650460.0,1.168453,1.7085709999999998,NLD,IDN,830629
2834520,163,103,8744,2003,0.0,6634.0,1.1500620000000001,0.258554,NOR,IDN,830629
2834521,166,103,8744,2003,0.0,21631.0,0.589619,0.997301,NZL,IDN,830629
2834522,173,103,8744,2003,0.0,1503.0,-0.48627,0.371354,PER,IDN,830629
2834523,174,103,8744,2003,4103.0,2630.0,-0.065022,-0.195144,PHL,IDN,830629
2834524,176,103,8744,2003,0.0,7668.0,-1.7997330000000002,-1.2110049999999999,PNG,IDN,830629
2834525,177,103,8744,2003,0.0,1075.0,0.966622,1.664838,POL,IDN,830629
2834526,179,103,8744,2003,0.0,3744.0,0.471376,1.647303,PRT,IDN,830629
2834527,182,103,8744,2003,0.0,3283.0,-0.255707,-0.676557,PYF,IDN,830629
2834528,183,103,8744,2003,0.0,3638.0,-0.209042,-1.0565799999999999,QAT,IDN,830629
2834529,186,103,8744,2003,0.0,32440.0,1.072729,0.338355,RUS,IDN,830629
2834530,188,103,8744,2003,0.0,4136.0,0.202286,-0.714691,SAU,IDN,830629
2834531,192,103,8744,2003,83191.0,26989.0,1.5080799999999999,0.720337,SGP,IDN,830629
2834532,206,103,8744,2003,0.0,250.0,1.22565,0.915518,SVK,IDN,830629
2834533,207,103,8744,2003,0.0,918.0,1.6459840000000001,1.014191,SVN,IDN,830629
2834534,208,103,8744,2003,0.0,155067.0,2.099224,0.799982,SWE,IDN,830629
2834535,216,103,8744,2003,8967.0,1995.0,0.43010699999999996,1.607408,THA,IDN,830629
2834536,224,103,8744,2003,0.0,4383.0,0.192802,1.9855060000000002,TUR,IDN,830629
2834537,228,103,8744,2003,0.0,6003.0,0.8929389999999999,0.956685,UKR,IDN,830629
2834538,231,103,8744,2003,17437.0,2768815.0,1.7789220000000001,0.064028,USA,IDN,830629
2834539,237,103,8744,2003,0.0,1691.0,0.685109,-0.20824299999999998,VGB,IDN,830629
2834540,246,103,8744,2003,0.0,26453.0,0.477987,2.255395,ZAF,IDN,830629
2834541,249,103,8744,2003,27744.0,24373.0,1.5924040000000002,1.397843,TWN,IDN,830629
2834542,7,104,8744,2003,0.0,35942.0,0.049637,-0.502691,ARE,IND,830629
2834543,8,104,8744,2003,0.0,7889.0,0.302073,0.49069700000000005,ARG,IND,830629
2834544,14,104,8744,2003,4309.0,200170.0,0.316879,0.9409489999999999,AUS,IND,830629
2834545,15,104,8744,2003,23103.0,267548.0,1.834977,0.408096,AUT,IND,830629
2834546,18,104,8744,2003,4159.0,1558073.0,1.361682,1.39536,BEL,IND,830629
2834547,23,104,8744,2003,0.0,17069.0,0.43308599999999997,1.7104099999999998,BGR,IND,830629
2834548,24,104,8744,2003,0.0,18782.0,-0.10968800000000001,-1.041032,BHR,IND,830629
2834549,32,104,8744,2003,0.0,59619.0,0.660576,1.118876,BRA,IND,830629
2834550,33,104,8744,2003,0.0,1130.0,0.744166,0.074191,BRB,IND,830629
2834551,39,104,8744,2003,0.0,1332579.0,0.9791540000000001,1.185081,CAN,IND,830629
2834552,41,104,8744,2003,3466.0,1027722.0,2.151037,0.711217,CHE,IND,830629
2834553,42,104,8744,2003,0.0,172462.0,-0.06375900000000001,-0.156808,CHL,IND,830629
2834554,43,104,8744,2003,95978.0,12530.0,0.579431,2.773139,CHN,IND,830629
2834555,49,104,8744,2003,0.0,23167.0,0.218336,0.376869,COL,IND,830629
2834556,52,104,8744,2003,0.0,7255.0,-0.193904,-0.5049680000000001,CRI,IND,830629
2834557,58,104,8744,2003,0.0,36546.0,0.259992,0.068914,CYP,IND,830629
2834558,59,104,8744,2003,0.0,65466.0,1.555749,0.8662059999999999,CZE,IND,830629
2834559,61,104,8744,2003,6369.0,7672174.0,2.2821919999999998,-2.0985150000000004,DEU,IND,830629
2834560,64,104,8744,2003,0.0,2185366.0,1.309564,1.245596,DNK,IND,830629
2834561,65,104,8744,2003,0.0,36621.0,-0.46264399999999994,-0.245034,DOM,IND,830629
2834562,66,104,8744,2003,0.0,1013.0,-1.060727,-1.142594,DZA,IND,830629
2834563,67,104,8744,2003,0.0,3849.0,-0.8689370000000001,-0.889767,ECU,IND,830629
2834564,68,104,8744,2003,0.0,10127.0,-0.292923,0.465433,EGY,IND,830629
2834565,71,104,8744,2003,86414.0,6529878.0,0.960684,2.074792,ESP,IND,830629
2834566,72,104,8744,2003,0.0,4691.0,0.5913010000000001,0.8489979999999999,EST,IND,830629
2834567,73,104,8744,2003,0.0,1887.0,-1.1145559999999999,-0.9599620000000001,ETH,IND,830629
2834568,74,104,8744,2003,0.0,140965.0,2.077889,0.942501,FIN,IND,830629
2834569,75,104,8744,2003,0.0,50182.0,-0.6865640000000001,-0.326977,FJI,IND,830629
2834570,77,104,8744,2003,2004.0,974546.0,1.606606,0.7394149999999999,FRA,IND,830629
2834571,78,104,8744,2003,0.0,782.0,-0.46422299999999994,-0.8072050000000001,FRO,IND,830629
2834572,81,104,8744,2003,5544.0,7868085.0,1.8712540000000002,0.706205,GBR,IND,830629
2834573,90,104,8744,2003,0.0,165137.0,0.364688,1.4823959999999998,GRC,IND,830629
2834574,93,104,8744,2003,0.0,17577.0,-0.444162,0.145319,GTM,IND,830629
2834575,97,104,8744,2003,15551.0,82128.0,0.494569,2.147062,HKG,IND,830629
2834576,100,104,8744,2003,0.0,8738.0,0.568394,1.230759,HRV,IND,830629
2834577,102,104,8744,2003,0.0,77483.0,1.2003270000000001,1.091407,HUN,IND,830629
2834578,103,104,8744,2003,0.0,1457.0,-0.16802,1.7252990000000001,IDN,IND,830629
2834579,106,104,8744,2003,0.0,223542.0,1.6396130000000002,0.220599,IRL,IND,830629
2834580,109,104,8744,2003,0.0,6945.0,0.21902800000000003,-0.40818499999999996,ISL,IND,830629
2834581,110,104,8744,2003,0.0,459250.0,1.157809,0.682195,ISR,IND,830629
2834582,111,104,8744,2003,17050.0,1376148.0,1.399734,1.044608,ITA,IND,830629
2834583,113,104,8744,2003,0.0,54543.0,0.12295,0.377031,JOR,IND,830629
2834584,114,104,8744,2003,18571.0,390002.0,2.4686630000000003,0.48072600000000004,JPN,IND,830629
2834585,116,104,8744,2003,0.0,1218.0,-0.3531,0.582992,KEN,IND,830629
2834586,117,104,8744,2003,0.0,1801.0,0.25359699999999996,0.24101199999999998,KGZ,IND,830629
2834587,121,104,8744,2003,0.0,61521.0,1.2611709999999998,0.956308,KOR,IND,830629
2834588,122,104,8744,2003,4303.0,212031.0,-0.7943640000000001,-1.1529770000000001,KWT,IND,830629
2834589,124,104,8744,2003,0.0,52257.0,0.261687,1.053856,LBN,IND,830629
2834590,127,104,8744,2003,0.0,1794.0,0.318385,-0.342679,LCA,IND,830629
2834591,128,104,8744,2003,0.0,9758.0,-0.618057,0.101931,LKA,IND,830629
2834592,130,104,8744,2003,0.0,16309.0,0.239608,0.517299,LTU,IND,830629
2834593,131,104,8744,2003,0.0,13492.0,1.444996,1.063764,LUX,IND,830629
2834594,132,104,8744,2003,0.0,9752.0,0.520772,0.5631689999999999,LVA,IND,830629
2834595,134,104,8744,2003,0.0,26795.0,-0.6842050000000001,-0.217892,MAR,IND,830629
2834596,138,104,8744,2003,0.0,81815.0,0.862509,0.756684,MEX,IND,830629
2834597,142,104,8744,2003,0.0,7627.0,1.2138149999999999,-0.015687,MLT,IND,830629
2834598,145,104,8744,2003,0.0,5967.0,-0.9747620000000001,-1.026308,MNG,IND,830629
2834599,151,104,8744,2003,749.0,161593.0,-0.361514,-0.29839899999999997,MUS,IND,830629
2834600,153,104,8744,2003,0.0,38722.0,0.728804,0.2168,MYS,IND,830629
2834601,156,104,8744,2003,0.0,9102.0,-0.344934,-0.776632,NCL,IND,830629
2834602,162,104,8744,2003,1022.0,8167352.0,1.168453,1.7085709999999998,NLD,IND,830629
2834603,163,104,8744,2003,0.0,225284.0,1.1500620000000001,0.258554,NOR,IND,830629
2834604,164,104,8744,2003,118064.0,37564.0,-0.26353899999999997,1.351717,NPL,IND,830629
2834605,166,104,8744,2003,0.0,167983.0,0.589619,0.997301,NZL,IND,830629
2834606,173,104,8744,2003,0.0,20473.0,-0.48627,0.371354,PER,IND,830629
2834607,177,104,8744,2003,0.0,253468.0,0.966622,1.664838,POL,IND,830629
2834608,179,104,8744,2003,1675.0,491309.0,0.471376,1.647303,PRT,IND,830629
2834609,183,104,8744,2003,0.0,33300.0,-0.209042,-1.0565799999999999,QAT,IND,830629
2834610,185,104,8744,2003,0.0,36018.0,0.378379,1.0064620000000002,ROU,IND,830629
2834611,186,104,8744,2003,0.0,191396.0,1.072729,0.338355,RUS,IND,830629
2834612,188,104,8744,2003,0.0,227720.0,0.202286,-0.714691,SAU,IND,830629
2834613,192,104,8744,2003,9654.0,112633.0,1.5080799999999999,0.720337,SGP,IND,830629
2834614,206,104,8744,2003,0.0,5328.0,1.22565,0.915518,SVK,IND,830629
2834615,207,104,8744,2003,0.0,15175.0,1.6459840000000001,1.014191,SVN,IND,830629
2834616,208,104,8744,2003,0.0,713933.0,2.099224,0.799982,SWE,IND,830629
2834617,216,104,8744,2003,32522.0,18417.0,0.43010699999999996,1.607408,THA,IND,830629
2834618,222,104,8744,2003,0.0,16482.0,-0.16738,-0.9820969999999999,TTO,IND,830629
2834619,223,104,8744,2003,0.0,5220.0,-0.14845999999999998,0.255092,TUN,IND,830629
2834620,224,104,8744,2003,0.0,114450.0,0.192802,1.9855060000000002,TUR,IND,830629
2834621,226,104,8744,2003,0.0,1349.0,-1.225217,-0.43662399999999996,TZA,IND,830629
2834622,228,104,8744,2003,0.0,19891.0,0.8929389999999999,0.956685,UKR,IND,830629
2834623,231,104,8744,2003,7348.0,20311000.0,1.7789220000000001,0.064028,USA,IND,830629
2834624,236,104,8744,2003,0.0,13581.0,0.277805,-0.783697,VEN,IND,830629
2834625,246,104,8744,2003,1166.0,668450.0,0.477987,2.255395,ZAF,IND,830629
2834626,249,104,8744,2003,0.0,56940.0,1.5924040000000002,1.397843,TWN,IND,830629
2834627,15,106,8744,2003,912.0,0.0,1.834977,0.408096,AUT,IRL,830629
2834628,18,106,8744,2003,27382.0,0.0,1.361682,1.39536,BEL,IRL,830629
2834629,39,106,8744,2003,0.0,30783.0,0.9791540000000001,1.185081,CAN,IRL,830629
2834630,41,106,8744,2003,7400.0,886.0,2.151037,0.711217,CHE,IRL,830629
2834631,43,106,8744,2003,84515.0,1739.0,0.579431,2.773139,CHN,IRL,830629
2834632,61,106,8744,2003,100808.0,0.0,2.2821919999999998,-2.0985150000000004,DEU,IRL,830629
2834633,64,106,8744,2003,20606.0,0.0,1.309564,1.245596,DNK,IRL,830629
2834634,71,106,8744,2003,102172.0,0.0,0.960684,2.074792,ESP,IRL,830629
2834635,77,106,8744,2003,125646.0,0.0,1.606606,0.7394149999999999,FRA,IRL,830629
2834636,81,106,8744,2003,2955292.0,36751.0,1.8712540000000002,0.706205,GBR,IRL,830629
2834637,90,106,8744,2003,0.0,9924.0,0.364688,1.4823959999999998,GRC,IRL,830629
2834638,97,106,8744,2003,55056.0,0.0,0.494569,2.147062,HKG,IRL,830629
2834639,103,106,8744,2003,8586.0,0.0,-0.16802,1.7252990000000001,IDN,IRL,830629
2834640,104,106,8744,2003,223542.0,0.0,0.33014099999999996,2.836003,IND,IRL,830629
2834641,110,106,8744,2003,0.0,19479.0,1.157809,0.682195,ISR,IRL,830629
2834642,111,106,8744,2003,291258.0,0.0,1.399734,1.044608,ITA,IRL,830629
2834643,138,106,8744,2003,1541.0,0.0,0.862509,0.756684,MEX,IRL,830629
2834644,162,106,8744,2003,162738.0,0.0,1.168453,1.7085709999999998,NLD,IRL,830629
2834645,163,106,8744,2003,0.0,2205.0,1.1500620000000001,0.258554,NOR,IRL,830629
2834646,164,106,8744,2003,1864.0,0.0,-0.26353899999999997,1.351717,NPL,IRL,830629
2834647,166,106,8744,2003,0.0,1175.0,0.589619,0.997301,NZL,IRL,830629
2834648,168,106,8744,2003,7743.0,0.0,-0.6659689999999999,0.137924,PAK,IRL,830629
2834649,174,106,8744,2003,1163.0,0.0,-0.065022,-0.195144,PHL,IRL,830629
2834650,177,106,8744,2003,1907.0,0.0,0.966622,1.664838,POL,IRL,830629
2834651,179,106,8744,2003,851.0,0.0,0.471376,1.647303,PRT,IRL,830629
2834652,186,106,8744,2003,0.0,3006.0,1.072729,0.338355,RUS,IRL,830629
2834653,192,106,8744,2003,1216.0,0.0,1.5080799999999999,0.720337,SGP,IRL,830629
2834654,216,106,8744,2003,27030.0,0.0,0.43010699999999996,1.607408,THA,IRL,830629
2834655,231,106,8744,2003,19602.0,221139.0,1.7789220000000001,0.064028,USA,IRL,830629
2834656,246,106,8744,2003,12260.0,0.0,0.477987,2.255395,ZAF,IRL,830629
2834657,249,106,8744,2003,10806.0,0.0,1.5924040000000002,1.397843,TWN,IRL,830629
2834658,14,110,8744,2003,0.0,1665.0,0.316879,0.9409489999999999,AUS,ISR,830629
2834659,15,110,8744,2003,3903.0,1045.0,1.834977,0.408096,AUT,ISR,830629
2834660,18,110,8744,2003,10624.0,6714.0,1.361682,1.39536,BEL,ISR,830629
2834661,23,110,8744,2003,10159.0,0.0,0.43308599999999997,1.7104099999999998,BGR,ISR,830629
2834662,32,110,8744,2003,13354.0,0.0,0.660576,1.118876,BRA,ISR,830629
2834663,39,110,8744,2003,7684.0,37367.0,0.9791540000000001,1.185081,CAN,ISR,830629
2834664,41,110,8744,2003,8424.0,14077.0,2.151037,0.711217,CHE,ISR,830629
2834665,42,110,8744,2003,0.0,1042.0,-0.06375900000000001,-0.156808,CHL,ISR,830629
2834666,43,110,8744,2003,835112.0,1287.0,0.579431,2.773139,CHN,ISR,830629
2834667,58,110,8744,2003,0.0,2480.0,0.259992,0.068914,CYP,ISR,830629
2834668,61,110,8744,2003,23434.0,17131.0,2.2821919999999998,-2.0985150000000004,DEU,ISR,830629
2834669,64,110,8744,2003,10859.0,0.0,1.309564,1.245596,DNK,ISR,830629
2834670,68,110,8744,2003,10545.0,0.0,-0.292923,0.465433,EGY,ISR,830629
2834671,71,110,8744,2003,79193.0,2661.0,0.960684,2.074792,ESP,ISR,830629
2834672,77,110,8744,2003,26939.0,19638.0,1.606606,0.7394149999999999,FRA,ISR,830629
2834673,81,110,8744,2003,23663.0,23139.0,1.8712540000000002,0.706205,GBR,ISR,830629
2834674,90,110,8744,2003,62036.0,0.0,0.364688,1.4823959999999998,GRC,ISR,830629
2834675,97,110,8744,2003,570644.0,0.0,0.494569,2.147062,HKG,ISR,830629
2834676,104,110,8744,2003,459250.0,0.0,0.33014099999999996,2.836003,IND,ISR,830629
2834677,106,110,8744,2003,19479.0,0.0,1.6396130000000002,0.220599,IRL,ISR,830629
2834678,111,110,8744,2003,670756.0,170573.0,1.399734,1.044608,ITA,ISR,830629
2834679,114,110,8744,2003,972.0,35485.0,2.4686630000000003,0.48072600000000004,JPN,ISR,830629
2834680,121,110,8744,2003,950.0,0.0,1.2611709999999998,0.956308,KOR,ISR,830629
2834681,134,110,8744,2003,6144.0,0.0,-0.6842050000000001,-0.217892,MAR,ISR,830629
2834682,138,110,8744,2003,3617.0,0.0,0.862509,0.756684,MEX,ISR,830629
2834683,162,110,8744,2003,42901.0,26624.0,1.168453,1.7085709999999998,NLD,ISR,830629
2834684,174,110,8744,2003,22419.0,0.0,-0.065022,-0.195144,PHL,ISR,830629
2834685,179,110,8744,2003,12959.0,3306.0,0.471376,1.647303,PRT,ISR,830629
2834686,185,110,8744,2003,43446.0,17704.0,0.378379,1.0064620000000002,ROU,ISR,830629
2834687,186,110,8744,2003,0.0,3913.0,1.072729,0.338355,RUS,ISR,830629
2834688,206,110,8744,2003,766.0,980.0,1.22565,0.915518,SVK,ISR,830629
2834689,208,110,8744,2003,3695.0,0.0,2.099224,0.799982,SWE,ISR,830629
2834690,216,110,8744,2003,17813.0,0.0,0.43010699999999996,1.607408,THA,ISR,830629
2834691,224,110,8744,2003,75823.0,14699.0,0.192802,1.9855060000000002,TUR,ISR,830629
2834692,231,110,8744,2003,60925.0,39400.0,1.7789220000000001,0.064028,USA,ISR,830629
2834693,246,110,8744,2003,10122.0,3925.0,0.477987,2.255395,ZAF,ISR,830629
2834694,249,110,8744,2003,20782.0,0.0,1.5924040000000002,1.397843,TWN,ISR,830629
2834695,1,111,8744,2003,0.0,9686.0,-0.421205,-0.602704,AFG,ITA,830629
2834696,2,111,8744,2003,0.0,20030.0,-1.8762919999999998,-1.176541,AGO,ITA,830629
2834697,4,111,8744,2003,0.0,14992.0,-0.053595000000000004,0.166034,ALB,ITA,830629
2834698,5,111,8744,2003,0.0,27867.0,1.0901319999999999,0.618693,AND,ITA,830629
2834699,6,111,8744,2003,1758.0,0.0,0.108903,-0.650137,ANT,ITA,830629
2834700,7,111,8744,2003,5306.0,929812.0,0.049637,-0.502691,ARE,ITA,830629
2834701,8,111,8744,2003,2675.0,28808.0,0.302073,0.49069700000000005,ARG,ITA,830629
2834702,9,111,8744,2003,0.0,316775.0,0.497521,-0.305788,ARM,ITA,830629
2834703,14,111,8744,2003,0.0,589227.0,0.316879,0.9409489999999999,AUS,ITA,830629
2834704,15,111,8744,2003,215565.0,2288326.0,1.834977,0.408096,AUT,ITA,830629
2834705,16,111,8744,2003,0.0,26867.0,-0.304606,-0.975453,AZE,ITA,830629
2834706,18,111,8744,2003,51741.0,980221.0,1.361682,1.39536,BEL,ITA,830629
2834707,19,111,8744,2003,0.0,11847.0,-1.150888,-0.956203,BEN,ITA,830629
2834708,22,111,8744,2003,20534.0,2961.0,-1.168404,-1.035782,BGD,ITA,830629
2834709,23,111,8744,2003,0.0,83856.0,0.43308599999999997,1.7104099999999998,BGR,ITA,830629
2834710,24,111,8744,2003,0.0,96141.0,-0.10968800000000001,-1.041032,BHR,ITA,830629
2834711,25,111,8744,2003,0.0,24666.0,0.614422,-0.40984,BHS,ITA,830629
2834712,26,111,8744,2003,0.0,190828.0,0.195667,0.347011,BIH,ITA,830629
2834713,28,111,8744,2003,0.0,4780.0,0.847358,0.9307719999999999,BLR,ITA,830629
2834714,30,111,8744,2003,0.0,15670.0,0.9966459999999999,-0.5183270000000001,BMU,ITA,830629
2834715,31,111,8744,2003,0.0,2791.0,-0.787995,-0.7228899999999999,BOL,ITA,830629
2834716,32,111,8744,2003,9820.0,153199.0,0.660576,1.118876,BRA,ITA,830629
2834717,39,111,8744,2003,9097.0,1900609.0,0.9791540000000001,1.185081,CAN,ITA,830629
2834718,41,111,8744,2003,478112.0,2099192.0,2.151037,0.711217,CHE,ITA,830629
2834719,42,111,8744,2003,0.0,205389.0,-0.06375900000000001,-0.156808,CHL,ITA,830629
2834720,43,111,8744,2003,3799479.0,48121.0,0.579431,2.773139,CHN,ITA,830629
2834721,44,111,8744,2003,0.0,11030.0,-0.699928,-0.723739,CIV,ITA,830629
2834722,45,111,8744,2003,0.0,3695.0,-1.254788,-1.10897,CMR,ITA,830629
2834723,47,111,8744,2003,0.0,1651.0,-1.6789619999999998,-1.182557,COG,ITA,830629
2834724,49,111,8744,2003,5442.0,46876.0,0.218336,0.376869,COL,ITA,830629
2834725,52,111,8744,2003,0.0,20509.0,-0.193904,-0.5049680000000001,CRI,ITA,830629
2834726,54,111,8744,2003,0.0,7281.0,-0.391515,-0.8562120000000001,CUB,ITA,830629
2834727,57,111,8744,2003,0.0,18083.0,0.308768,-0.690944,CYM,ITA,830629
2834728,58,111,8744,2003,0.0,147489.0,0.259992,0.068914,CYP,ITA,830629
2834729,59,111,8744,2003,7228.0,401668.0,1.555749,0.8662059999999999,CZE,ITA,830629
2834730,61,111,8744,2003,1266270.0,5461822.0,2.2821919999999998,-2.0985150000000004,DEU,ITA,830629
2834731,64,111,8744,2003,15740.0,152115.0,1.309564,1.245596,DNK,ITA,830629
2834732,65,111,8744,2003,0.0,55930.0,-0.46264399999999994,-0.245034,DOM,ITA,830629
2834733,66,111,8744,2003,0.0,32872.0,-1.060727,-1.142594,DZA,ITA,830629
2834734,67,111,8744,2003,0.0,52666.0,-0.8689370000000001,-0.889767,ECU,ITA,830629
2834735,68,111,8744,2003,4074.0,45332.0,-0.292923,0.465433,EGY,ITA,830629
2834736,69,111,8744,2003,0.0,8392.0,-0.105591,-0.247614,ERI,ITA,830629
2834737,71,111,8744,2003,1239499.0,4371642.0,0.960684,2.074792,ESP,ITA,830629
2834738,72,111,8744,2003,0.0,76233.0,0.5913010000000001,0.8489979999999999,EST,ITA,830629
2834739,73,111,8744,2003,0.0,11998.0,-1.1145559999999999,-0.9599620000000001,ETH,ITA,830629
2834740,74,111,8744,2003,3337.0,937584.0,2.077889,0.942501,FIN,ITA,830629
2834741,77,111,8744,2003,1388616.0,11142651.0,1.606606,0.7394149999999999,FRA,ITA,830629
2834742,81,111,8744,2003,363650.0,1552384.0,1.8712540000000002,0.706205,GBR,ITA,830629
2834743,82,111,8744,2003,0.0,3782.0,0.595485,-0.25939,GEO,ITA,830629
2834744,83,111,8744,2003,5752.0,2530.0,-1.074188,-0.7127319999999999,GHA,ITA,830629
2834745,90,111,8744,2003,6481.0,1635334.0,0.364688,1.4823959999999998,GRC,ITA,830629
2834746,93,111,8744,2003,0.0,12546.0,-0.444162,0.145319,GTM,ITA,830629
2834747,97,111,8744,2003,73924.0,614374.0,0.494569,2.147062,HKG,ITA,830629
2834748,99,111,8744,2003,0.0,5899.0,-0.733546,-0.568585,HND,ITA,830629
2834749,100,111,8744,2003,1444.0,902915.0,0.568394,1.230759,HRV,ITA,830629
2834750,102,111,8744,2003,0.0,664548.0,1.2003270000000001,1.091407,HUN,ITA,830629
2834751,103,111,8744,2003,194155.0,22304.0,-0.16802,1.7252990000000001,IDN,ITA,830629
2834752,104,111,8744,2003,1376148.0,17050.0,0.33014099999999996,2.836003,IND,ITA,830629
2834753,106,111,8744,2003,0.0,291258.0,1.6396130000000002,0.220599,IRL,ITA,830629
2834754,107,111,8744,2003,0.0,34762.0,-0.552146,-0.8668520000000001,IRN,ITA,830629
2834755,109,111,8744,2003,0.0,32639.0,0.21902800000000003,-0.40818499999999996,ISL,ITA,830629
2834756,110,111,8744,2003,170573.0,670756.0,1.157809,0.682195,ISR,ITA,830629
2834757,112,111,8744,2003,0.0,858.0,-0.6684140000000001,-0.915817,JAM,ITA,830629
2834758,113,111,8744,2003,0.0,64540.0,0.12295,0.377031,JOR,ITA,830629
2834759,114,111,8744,2003,17385.0,889631.0,2.4686630000000003,0.48072600000000004,JPN,ITA,830629
2834760,115,111,8744,2003,0.0,146814.0,-0.156326,-0.62092,KAZ,ITA,830629
2834761,116,111,8744,2003,1193.0,38356.0,-0.3531,0.582992,KEN,ITA,830629
2834762,121,111,8744,2003,0.0,608695.0,1.2611709999999998,0.956308,KOR,ITA,830629
2834763,122,111,8744,2003,0.0,414517.0,-0.7943640000000001,-1.1529770000000001,KWT,ITA,830629
2834764,124,111,8744,2003,0.0,538132.0,0.261687,1.053856,LBN,ITA,830629
2834765,126,111,8744,2003,0.0,37393.0,-0.36075999999999997,-1.110575,LBY,ITA,830629
2834766,130,111,8744,2003,0.0,100269.0,0.239608,0.517299,LTU,ITA,830629
2834767,131,111,8744,2003,0.0,78746.0,1.444996,1.063764,LUX,ITA,830629
2834768,132,111,8744,2003,0.0,163477.0,0.520772,0.5631689999999999,LVA,ITA,830629
2834769,133,111,8744,2003,0.0,15597.0,-0.294516,-0.413828,MAC,ITA,830629
2834770,134,111,8744,2003,92652.0,124266.0,-0.6842050000000001,-0.217892,MAR,ITA,830629
2834771,135,111,8744,2003,0.0,2689.0,-0.005154,-0.26107199999999997,MDA,ITA,830629
2834772,136,111,8744,2003,28911.0,11838.0,-1.254758,-0.622696,MDG,ITA,830629
2834773,137,111,8744,2003,0.0,23906.0,-1.201352,-1.031892,MDV,ITA,830629
2834774,138,111,8744,2003,50414.0,349189.0,0.862509,0.756684,MEX,ITA,830629
2834775,140,111,8744,2003,0.0,4309.0,-0.017632,0.225394,MKD,ITA,830629
2834776,142,111,8744,2003,0.0,265874.0,1.2138149999999999,-0.015687,MLT,ITA,830629
2834777,143,111,8744,2003,7166.0,0.0,-1.435123,-1.0948,MMR,ITA,830629
2834778,147,111,8744,2003,2226.0,0.0,-1.188243,-1.123693,MOZ,ITA,830629
2834779,151,111,8744,2003,0.0,1861.0,-0.361514,-0.29839899999999997,MUS,ITA,830629
2834780,153,111,8744,2003,881.0,15033.0,0.728804,0.2168,MYS,ITA,830629
2834781,155,111,8744,2003,0.0,2331.0,-0.24004499999999998,-0.39565900000000004,NAM,ITA,830629
2834782,156,111,8744,2003,0.0,17376.0,-0.344934,-0.776632,NCL,ITA,830629
2834783,159,111,8744,2003,5900.0,48611.0,-1.859176,-1.234236,NGA,ITA,830629
2834784,162,111,8744,2003,551624.0,1148092.0,1.168453,1.7085709999999998,NLD,ITA,830629
2834785,163,111,8744,2003,13042.0,715205.0,1.1500620000000001,0.258554,NOR,ITA,830629
2834786,164,111,8744,2003,32836.0,0.0,-0.26353899999999997,1.351717,NPL,ITA,830629
2834787,166,111,8744,2003,0.0,94798.0,0.589619,0.997301,NZL,ITA,830629
2834788,167,111,8744,2003,0.0,16773.0,-1.434873,-1.188123,OMN,ITA,830629
2834789,168,111,8744,2003,41852.0,0.0,-0.6659689999999999,0.137924,PAK,ITA,830629
2834790,169,111,8744,2003,0.0,32726.0,-0.050386,-0.039619999999999995,PAN,ITA,830629
2834791,173,111,8744,2003,1012.0,67826.0,-0.48627,0.371354,PER,ITA,830629
2834792,174,111,8744,2003,142415.0,35726.0,-0.065022,-0.195144,PHL,ITA,830629
2834793,177,111,8744,2003,34691.0,2204209.0,0.966622,1.664838,POL,ITA,830629
2834794,179,111,8744,2003,27437.0,2162397.0,0.471376,1.647303,PRT,ITA,830629
2834795,180,111,8744,2003,0.0,2508.0,-0.607733,-0.8577879999999999,PRY,ITA,830629
2834796,182,111,8744,2003,0.0,14586.0,-0.255707,-0.676557,PYF,ITA,830629
2834797,183,111,8744,2003,7709.0,27886.0,-0.209042,-1.0565799999999999,QAT,ITA,830629
2834798,185,111,8744,2003,18548.0,358555.0,0.378379,1.0064620000000002,ROU,ITA,830629
2834799,186,111,8744,2003,9338.0,1774067.0,1.072729,0.338355,RUS,ITA,830629
2834800,188,111,8744,2003,67062.0,1572408.0,0.202286,-0.714691,SAU,ITA,830629
2834801,189,111,8744,2003,0.0,82370.0,0.575326,1.627894,SCG,ITA,830629
2834802,190,111,8744,2003,0.0,20355.0,-1.3535059999999999,-1.1701409999999999,SDN,ITA,830629
2834803,191,111,8744,2003,0.0,13921.0,-0.25203600000000004,-0.25549299999999997,SEN,ITA,830629
2834804,192,111,8744,2003,0.0,110006.0,1.5080799999999999,0.720337,SGP,ITA,830629
2834805,197,111,8744,2003,0.0,30268.0,-0.251357,-0.189917,SLV,ITA,830629
2834806,206,111,8744,2003,2893.0,139339.0,1.22565,0.915518,SVK,ITA,830629
2834807,207,111,8744,2003,5465.0,372416.0,1.6459840000000001,1.014191,SVN,ITA,830629
2834808,208,111,8744,2003,25379.0,1031284.0,2.099224,0.799982,SWE,ITA,830629
2834809,211,111,8744,2003,0.0,17974.0,-0.44341099999999994,-0.742566,SYC,ITA,830629
2834810,212,111,8744,2003,0.0,16507.0,-0.868749,-0.326322,SYR,ITA,830629
2834811,215,111,8744,2003,1574.0,933.0,-0.5058590000000001,-0.520586,TGO,ITA,830629
2834812,216,111,8744,2003,768795.0,30383.0,0.43010699999999996,1.607408,THA,ITA,830629
2834813,219,111,8744,2003,0.0,2264.0,-1.223295,-1.250217,TKM,ITA,830629
2834814,222,111,8744,2003,0.0,3200.0,-0.16738,-0.9820969999999999,TTO,ITA,830629
2834815,223,111,8744,2003,3501.0,30126.0,-0.14845999999999998,0.255092,TUN,ITA,830629
2834816,224,111,8744,2003,1356615.0,213533.0,0.192802,1.9855060000000002,TUR,ITA,830629
2834817,226,111,8744,2003,0.0,16959.0,-1.225217,-0.43662399999999996,TZA,ITA,830629
2834818,227,111,8744,2003,5226.0,14502.0,-0.895193,-0.712039,UGA,ITA,830629
2834819,228,111,8744,2003,0.0,677029.0,0.8929389999999999,0.956685,UKR,ITA,830629
2834820,230,111,8744,2003,0.0,14405.0,0.19792200000000001,0.243104,URY,ITA,830629
2834821,231,111,8744,2003,304967.0,6280419.0,1.7789220000000001,0.064028,USA,ITA,830629
2834822,236,111,8744,2003,0.0,76083.0,0.277805,-0.783697,VEN,ITA,830629
2834823,239,111,8744,2003,155779.0,0.0,-0.633985,0.659696,VNM,ITA,830629
2834824,243,111,8744,2003,0.0,14334.0,-1.453584,-1.257815,YEM,ITA,830629
2834825,246,111,8744,2003,14199.0,60075.0,0.477987,2.255395,ZAF,ITA,830629
2834826,247,111,8744,2003,0.0,933.0,-0.678149,-0.5919449999999999,ZMB,ITA,830629
2834827,249,111,8744,2003,20756.0,269011.0,1.5924040000000002,1.397843,TWN,ITA,830629
2834828,250,111,8744,2003,0.0,99481.0,0.45951499999999995,-0.2312,ANS,ITA,830629
2834829,43,112,8744,2003,4243.0,0.0,0.579431,2.773139,CHN,JAM,830629
2834830,61,112,8744,2003,7747.0,0.0,2.2821919999999998,-2.0985150000000004,DEU,JAM,830629
2834831,71,112,8744,2003,7137.0,0.0,0.960684,2.074792,ESP,JAM,830629
2834832,81,112,8744,2003,7290.0,0.0,1.8712540000000002,0.706205,GBR,JAM,830629
2834833,111,112,8744,2003,858.0,0.0,1.399734,1.044608,ITA,JAM,830629
2834834,138,112,8744,2003,1865.0,0.0,0.862509,0.756684,MEX,JAM,830629
2834835,169,112,8744,2003,3521.0,0.0,-0.050386,-0.039619999999999995,PAN,JAM,830629
2834836,179,112,8744,2003,798.0,0.0,0.471376,1.647303,PRT,JAM,830629
2834837,231,112,8744,2003,111395.0,0.0,1.7789220000000001,0.064028,USA,JAM,830629
2834838,249,112,8744,2003,1975.0,0.0,1.5924040000000002,1.397843,TWN,JAM,830629
2834839,7,114,8744,2003,0.0,3080.0,0.049637,-0.502691,ARE,JPN,830629
2834840,14,114,8744,2003,11000.0,14145.0,0.316879,0.9409489999999999,AUS,JPN,830629
2834841,15,114,8744,2003,24325.0,6023.0,1.834977,0.408096,AUT,JPN,830629
2834842,18,114,8744,2003,45490.0,116036.0,1.361682,1.39536,BEL,JPN,830629
2834843,22,114,8744,2003,0.0,10135.0,-1.168404,-1.035782,BGD,JPN,830629
2834844,24,114,8744,2003,0.0,11791.0,-0.10968800000000001,-1.041032,BHR,JPN,830629
2834845,32,114,8744,2003,57792.0,0.0,0.660576,1.118876,BRA,JPN,830629
2834846,39,114,8744,2003,8589.0,32081.0,0.9791540000000001,1.185081,CAN,JPN,830629
2834847,41,114,8744,2003,30407.0,22365.0,2.151037,0.711217,CHE,JPN,830629
2834848,43,114,8744,2003,7737490.0,73150.0,0.579431,2.773139,CHN,JPN,830629
2834849,49,114,8744,2003,3311.0,0.0,0.218336,0.376869,COL,JPN,830629
2834850,59,114,8744,2003,5794.0,0.0,1.555749,0.8662059999999999,CZE,JPN,830629
2834851,61,114,8744,2003,677443.0,50681.0,2.2821919999999998,-2.0985150000000004,DEU,JPN,830629
2834852,64,114,8744,2003,21327.0,7750.0,1.309564,1.245596,DNK,JPN,830629
2834853,66,114,8744,2003,0.0,2720.0,-1.060727,-1.142594,DZA,JPN,830629
2834854,68,114,8744,2003,4525.0,0.0,-0.292923,0.465433,EGY,JPN,830629
2834855,71,114,8744,2003,322777.0,174086.0,0.960684,2.074792,ESP,JPN,830629
2834856,75,114,8744,2003,0.0,1763.0,-0.6865640000000001,-0.326977,FJI,JPN,830629
2834857,77,114,8744,2003,514869.0,60056.0,1.606606,0.7394149999999999,FRA,JPN,830629
2834858,81,114,8744,2003,736940.0,72158.0,1.8712540000000002,0.706205,GBR,JPN,830629
2834859,83,114,8744,2003,4431.0,0.0,-1.074188,-0.7127319999999999,GHA,JPN,830629
2834860,90,114,8744,2003,6807.0,20360.0,0.364688,1.4823959999999998,GRC,JPN,830629
2834861,97,114,8744,2003,185735.0,197092.0,0.494569,2.147062,HKG,JPN,830629
2834862,101,114,8744,2003,1459.0,0.0,-1.3761290000000002,-1.006346,HTI,JPN,830629
2834863,102,114,8744,2003,9426.0,1453.0,1.2003270000000001,1.091407,HUN,JPN,830629
2834864,103,114,8744,2003,211670.0,18232.0,-0.16802,1.7252990000000001,IDN,JPN,830629
2834865,104,114,8744,2003,390002.0,18571.0,0.33014099999999996,2.836003,IND,JPN,830629
2834866,110,114,8744,2003,35485.0,972.0,1.157809,0.682195,ISR,JPN,830629
2834867,111,114,8744,2003,889631.0,17385.0,1.399734,1.044608,ITA,JPN,830629
2834868,121,114,8744,2003,175932.0,42604.0,1.2611709999999998,0.956308,KOR,JPN,830629
2834869,122,114,8744,2003,1327.0,103419.0,-0.7943640000000001,-1.1529770000000001,KWT,JPN,830629
2834870,134,114,8744,2003,6527.0,0.0,-0.6842050000000001,-0.217892,MAR,JPN,830629
2834871,138,114,8744,2003,3742.0,10144.0,0.862509,0.756684,MEX,JPN,830629
2834872,142,114,8744,2003,0.0,1743.0,1.2138149999999999,-0.015687,MLT,JPN,830629
2834873,143,114,8744,2003,2680.0,2475.0,-1.435123,-1.0948,MMR,JPN,830629
2834874,153,114,8744,2003,13348.0,21085.0,0.728804,0.2168,MYS,JPN,830629
2834875,162,114,8744,2003,156460.0,6765.0,1.168453,1.7085709999999998,NLD,JPN,830629
2834876,163,114,8744,2003,2623.0,1177.0,1.1500620000000001,0.258554,NOR,JPN,830629
2834877,164,114,8744,2003,18472.0,0.0,-0.26353899999999997,1.351717,NPL,JPN,830629
2834878,166,114,8744,2003,13694.0,0.0,0.589619,0.997301,NZL,JPN,830629
2834879,174,114,8744,2003,456785.0,40182.0,-0.065022,-0.195144,PHL,JPN,830629
2834880,177,114,8744,2003,5220.0,0.0,0.966622,1.664838,POL,JPN,830629
2834881,179,114,8744,2003,8000.0,3118.0,0.471376,1.647303,PRT,JPN,830629
2834882,180,114,8744,2003,0.0,6437.0,-0.607733,-0.8577879999999999,PRY,JPN,830629
2834883,183,114,8744,2003,0.0,1660.0,-0.209042,-1.0565799999999999,QAT,JPN,830629
2834884,186,114,8744,2003,0.0,2348.0,1.072729,0.338355,RUS,JPN,830629
2834885,188,114,8744,2003,0.0,45644.0,0.202286,-0.714691,SAU,JPN,830629
2834886,192,114,8744,2003,49558.0,34057.0,1.5080799999999999,0.720337,SGP,JPN,830629
2834887,208,114,8744,2003,4192.0,0.0,2.099224,0.799982,SWE,JPN,830629
2834888,216,114,8744,2003,409161.0,84973.0,0.43010699999999996,1.607408,THA,JPN,830629
2834889,222,114,8744,2003,0.0,1061.0,-0.16738,-0.9820969999999999,TTO,JPN,830629
2834890,224,114,8744,2003,33304.0,0.0,0.192802,1.9855060000000002,TUR,JPN,830629
2834891,226,114,8744,2003,0.0,899.0,-1.225217,-0.43662399999999996,TZA,JPN,830629
2834892,231,114,8744,2003,330803.0,337415.0,1.7789220000000001,0.064028,USA,JPN,830629
2834893,239,114,8744,2003,31402.0,349284.0,-0.633985,0.659696,VNM,JPN,830629
2834894,246,114,8744,2003,11123.0,2428.0,0.477987,2.255395,ZAF,JPN,830629
2834895,249,114,8744,2003,501736.0,211573.0,1.5924040000000002,1.397843,TWN,JPN,830629
2834896,7,121,8744,2003,1133.0,0.0,0.049637,-0.502691,ARE,KOR,830629
2834897,14,121,8744,2003,4369.0,30361.0,0.316879,0.9409489999999999,AUS,KOR,830629
2834898,15,121,8744,2003,1614.0,6756.0,1.834977,0.408096,AUT,KOR,830629
2834899,16,121,8744,2003,0.0,952.0,-0.304606,-0.975453,AZE,KOR,830629
2834900,18,121,8744,2003,4235.0,0.0,1.361682,1.39536,BEL,KOR,830629
2834901,24,121,8744,2003,0.0,17797.0,-0.10968800000000001,-1.041032,BHR,KOR,830629
2834902,39,121,8744,2003,3123.0,24761.0,0.9791540000000001,1.185081,CAN,KOR,830629
2834903,41,121,8744,2003,2999.0,19920.0,2.151037,0.711217,CHE,KOR,830629
2834904,43,121,8744,2003,1212969.0,254906.0,0.579431,2.773139,CHN,KOR,830629
2834905,52,121,8744,2003,0.0,2953.0,-0.193904,-0.5049680000000001,CRI,KOR,830629
2834906,61,121,8744,2003,66257.0,70481.0,2.2821919999999998,-2.0985150000000004,DEU,KOR,830629
2834907,68,121,8744,2003,3771.0,3615.0,-0.292923,0.465433,EGY,KOR,830629
2834908,71,121,8744,2003,20939.0,23155.0,0.960684,2.074792,ESP,KOR,830629
2834909,77,121,8744,2003,57590.0,18562.0,1.606606,0.7394149999999999,FRA,KOR,830629
2834910,81,121,8744,2003,11218.0,195085.0,1.8712540000000002,0.706205,GBR,KOR,830629
2834911,97,121,8744,2003,446062.0,41975.0,0.494569,2.147062,HKG,KOR,830629
2834912,103,121,8744,2003,3799.0,0.0,-0.16802,1.7252990000000001,IDN,KOR,830629
2834913,104,121,8744,2003,61521.0,0.0,0.33014099999999996,2.836003,IND,KOR,830629
2834914,110,121,8744,2003,0.0,950.0,1.157809,0.682195,ISR,KOR,830629
2834915,111,121,8744,2003,608695.0,0.0,1.399734,1.044608,ITA,KOR,830629
2834916,114,121,8744,2003,42604.0,175932.0,2.4686630000000003,0.48072600000000004,JPN,KOR,830629
2834917,122,121,8744,2003,0.0,79112.0,-0.7943640000000001,-1.1529770000000001,KWT,KOR,830629
2834918,124,121,8744,2003,0.0,1214.0,0.261687,1.053856,LBN,KOR,830629
2834919,138,121,8744,2003,0.0,9414.0,0.862509,0.756684,MEX,KOR,830629
2834920,143,121,8744,2003,2914.0,0.0,-1.435123,-1.0948,MMR,KOR,830629
2834921,145,121,8744,2003,0.0,1994.0,-0.9747620000000001,-1.026308,MNG,KOR,830629
2834922,162,121,8744,2003,5909.0,4422.0,1.168453,1.7085709999999998,NLD,KOR,830629
2834923,166,121,8744,2003,6846.0,0.0,0.589619,0.997301,NZL,KOR,830629
2834924,174,121,8744,2003,29745.0,1545.0,-0.065022,-0.195144,PHL,KOR,830629
2834925,179,121,8744,2003,7559.0,1135.0,0.471376,1.647303,PRT,KOR,830629
2834926,183,121,8744,2003,0.0,10678.0,-0.209042,-1.0565799999999999,QAT,KOR,830629
2834927,186,121,8744,2003,0.0,23480.0,1.072729,0.338355,RUS,KOR,830629
2834928,188,121,8744,2003,0.0,31297.0,0.202286,-0.714691,SAU,KOR,830629
2834929,192,121,8744,2003,13345.0,13865.0,1.5080799999999999,0.720337,SGP,KOR,830629
2834930,208,121,8744,2003,2209.0,0.0,2.099224,0.799982,SWE,KOR,830629
2834931,216,121,8744,2003,13540.0,26187.0,0.43010699999999996,1.607408,THA,KOR,830629
2834932,224,121,8744,2003,1488.0,0.0,0.192802,1.9855060000000002,TUR,KOR,830629
2834933,231,121,8744,2003,43800.0,1035825.0,1.7789220000000001,0.064028,USA,KOR,830629
2834934,239,121,8744,2003,20315.0,0.0,-0.633985,0.659696,VNM,KOR,830629
2834935,249,121,8744,2003,21392.0,7929.0,1.5924040000000002,1.397843,TWN,KOR,830629
2834936,2,124,8744,2003,0.0,1909.0,-1.8762919999999998,-1.176541,AGO,LBN,830629
2834937,7,124,8744,2003,1876.0,249270.0,0.049637,-0.502691,ARE,LBN,830629
2834938,18,124,8744,2003,17708.0,0.0,1.361682,1.39536,BEL,LBN,830629
2834939,24,124,8744,2003,0.0,13380.0,-0.10968800000000001,-1.041032,BHR,LBN,830629
2834940,32,124,8744,2003,5287.0,0.0,0.660576,1.118876,BRA,LBN,830629
2834941,41,124,8744,2003,1136.0,1361.0,2.151037,0.711217,CHE,LBN,830629
2834942,43,124,8744,2003,169995.0,0.0,0.579431,2.773139,CHN,LBN,830629
2834943,58,124,8744,2003,0.0,1620.0,0.259992,0.068914,CYP,LBN,830629
2834944,61,124,8744,2003,43719.0,0.0,2.2821919999999998,-2.0985150000000004,DEU,LBN,830629
2834945,64,124,8744,2003,1150.0,0.0,1.309564,1.245596,DNK,LBN,830629
2834946,68,124,8744,2003,17246.0,5249.0,-0.292923,0.465433,EGY,LBN,830629
2834947,69,124,8744,2003,0.0,2126.0,-0.105591,-0.247614,ERI,LBN,830629
2834948,71,124,8744,2003,124275.0,2131.0,0.960684,2.074792,ESP,LBN,830629
2834949,77,124,8744,2003,58991.0,17766.0,1.606606,0.7394149999999999,FRA,LBN,830629
2834950,81,124,8744,2003,27009.0,8913.0,1.8712540000000002,0.706205,GBR,LBN,830629
2834951,90,124,8744,2003,11301.0,0.0,0.364688,1.4823959999999998,GRC,LBN,830629
2834952,97,124,8744,2003,41791.0,0.0,0.494569,2.147062,HKG,LBN,830629
2834953,102,124,8744,2003,3481.0,0.0,1.2003270000000001,1.091407,HUN,LBN,830629
2834954,103,124,8744,2003,6768.0,0.0,-0.16802,1.7252990000000001,IDN,LBN,830629
2834955,104,124,8744,2003,52257.0,0.0,0.33014099999999996,2.836003,IND,LBN,830629
2834956,111,124,8744,2003,538132.0,0.0,1.399734,1.044608,ITA,LBN,830629
2834957,113,124,8744,2003,0.0,3673.0,0.12295,0.377031,JOR,LBN,830629
2834958,121,124,8744,2003,1214.0,0.0,1.2611709999999998,0.956308,KOR,LBN,830629
2834959,122,124,8744,2003,3740.0,22552.0,-0.7943640000000001,-1.1529770000000001,KWT,LBN,830629
2834960,138,124,8744,2003,30270.0,0.0,0.862509,0.756684,MEX,LBN,830629
2834961,162,124,8744,2003,14524.0,0.0,1.168453,1.7085709999999998,NLD,LBN,830629
2834962,167,124,8744,2003,0.0,6281.0,-1.434873,-1.188123,OMN,LBN,830629
2834963,174,124,8744,2003,12972.0,0.0,-0.065022,-0.195144,PHL,LBN,830629
2834964,177,124,8744,2003,663.0,0.0,0.966622,1.664838,POL,LBN,830629
2834965,179,124,8744,2003,3496.0,0.0,0.471376,1.647303,PRT,LBN,830629
2834966,183,124,8744,2003,0.0,12904.0,-0.209042,-1.0565799999999999,QAT,LBN,830629
2834967,185,124,8744,2003,2606.0,0.0,0.378379,1.0064620000000002,ROU,LBN,830629
2834968,186,124,8744,2003,2549.0,0.0,1.072729,0.338355,RUS,LBN,830629
2834969,188,124,8744,2003,1922.0,20216.0,0.202286,-0.714691,SAU,LBN,830629
2834970,208,124,8744,2003,0.0,1750.0,2.099224,0.799982,SWE,LBN,830629
2834971,212,124,8744,2003,20518.0,0.0,-0.868749,-0.326322,SYR,LBN,830629
2834972,216,124,8744,2003,47971.0,0.0,0.43010699999999996,1.607408,THA,LBN,830629
2834973,224,124,8744,2003,1958.0,2012.0,0.192802,1.9855060000000002,TUR,LBN,830629
2834974,228,124,8744,2003,2649.0,2410.0,0.8929389999999999,0.956685,UKR,LBN,830629
2834975,231,124,8744,2003,8089.0,1766.0,1.7789220000000001,0.064028,USA,LBN,830629
2834976,239,124,8744,2003,2459.0,0.0,-0.633985,0.659696,VNM,LBN,830629
2834977,243,124,8744,2003,14156.0,0.0,-1.453584,-1.257815,YEM,LBN,830629
2834978,249,124,8744,2003,14691.0,0.0,1.5924040000000002,1.397843,TWN,LBN,830629
2834979,250,124,8744,2003,1155.0,4746.0,0.45951499999999995,-0.2312,ANS,LBN,830629
2834980,7,128,8744,2003,2020.0,8314.0,0.049637,-0.502691,ARE,LKA,830629
2834981,14,128,8744,2003,0.0,2107.0,0.316879,0.9409489999999999,AUS,LKA,830629
2834982,15,128,8744,2003,0.0,3748.0,1.834977,0.408096,AUT,LKA,830629
2834983,18,128,8744,2003,0.0,6088.0,1.361682,1.39536,BEL,LKA,830629
2834984,28,128,8744,2003,0.0,2151.0,0.847358,0.9307719999999999,BLR,LKA,830629
2834985,41,128,8744,2003,0.0,1393.0,2.151037,0.711217,CHE,LKA,830629
2834986,43,128,8744,2003,61155.0,0.0,0.579431,2.773139,CHN,LKA,830629
2834987,59,128,8744,2003,0.0,688.0,1.555749,0.8662059999999999,CZE,LKA,830629
2834988,61,128,8744,2003,38144.0,3403.0,2.2821919999999998,-2.0985150000000004,DEU,LKA,830629
2834989,71,128,8744,2003,0.0,1260.0,0.960684,2.074792,ESP,LKA,830629
2834990,81,128,8744,2003,9798.0,40276.0,1.8712540000000002,0.706205,GBR,LKA,830629
2834991,97,128,8744,2003,14779.0,0.0,0.494569,2.147062,HKG,LKA,830629
2834992,103,128,8744,2003,4272.0,0.0,-0.16802,1.7252990000000001,IDN,LKA,830629
2834993,104,128,8744,2003,9758.0,0.0,0.33014099999999996,2.836003,IND,LKA,830629
2834994,107,128,8744,2003,0.0,1151.0,-0.552146,-0.8668520000000001,IRN,LKA,830629
2834995,113,128,8744,2003,0.0,5305.0,0.12295,0.377031,JOR,LKA,830629
2834996,122,128,8744,2003,0.0,6235.0,-0.7943640000000001,-1.1529770000000001,KWT,LKA,830629
2834997,132,128,8744,2003,0.0,1074.0,0.520772,0.5631689999999999,LVA,LKA,830629
2834998,138,128,8744,2003,0.0,5540.0,0.862509,0.756684,MEX,LKA,830629
2834999,177,128,8744,2003,0.0,917.0,0.966622,1.664838,POL,LKA,830629
2835000,186,128,8744,2003,0.0,41919.0,1.072729,0.338355,RUS,LKA,830629
2835001,192,128,8744,2003,0.0,1201.0,1.5080799999999999,0.720337,SGP,LKA,830629
2835002,216,128,8744,2003,1455.0,0.0,0.43010699999999996,1.607408,THA,LKA,830629
2835003,224,128,8744,2003,0.0,14751.0,0.192802,1.9855060000000002,TUR,LKA,830629
2835004,228,128,8744,2003,0.0,5632.0,0.8929389999999999,0.956685,UKR,LKA,830629
2835005,249,128,8744,2003,87444.0,0.0,1.5924040000000002,1.397843,TWN,LKA,830629
2835006,6,138,8744,2003,0.0,2804.0,0.108903,-0.650137,ANT,MEX,830629
2835007,8,138,8744,2003,0.0,1878.0,0.302073,0.49069700000000005,ARG,MEX,830629
2835008,13,138,8744,2003,0.0,1582.0,0.014283,-0.564587,ATG,MEX,830629
2835009,14,138,8744,2003,1505.0,4061.0,0.316879,0.9409489999999999,AUS,MEX,830629
2835010,15,138,8744,2003,1897.0,0.0,1.834977,0.408096,AUT,MEX,830629
2835011,18,138,8744,2003,1431.0,10285.0,1.361682,1.39536,BEL,MEX,830629
2835012,22,138,8744,2003,5946.0,0.0,-1.168404,-1.035782,BGD,MEX,830629
2835013,25,138,8744,2003,0.0,1631.0,0.614422,-0.40984,BHS,MEX,830629
2835014,29,138,8744,2003,0.0,1150.0,-0.543555,-0.7596,BLZ,MEX,830629
2835015,30,138,8744,2003,0.0,1042.0,0.9966459999999999,-0.5183270000000001,BMU,MEX,830629
2835016,31,138,8744,2003,0.0,1285.0,-0.787995,-0.7228899999999999,BOL,MEX,830629
2835017,32,138,8744,2003,0.0,1065.0,0.660576,1.118876,BRA,MEX,830629
2835018,39,138,8744,2003,26803.0,268692.0,0.9791540000000001,1.185081,CAN,MEX,830629
2835019,41,138,8744,2003,3049.0,17315.0,2.151037,0.711217,CHE,MEX,830629
2835020,42,138,8744,2003,0.0,11814.0,-0.06375900000000001,-0.156808,CHL,MEX,830629
2835021,43,138,8744,2003,963873.0,1332.0,0.579431,2.773139,CHN,MEX,830629
2835022,49,138,8744,2003,20711.0,7183.0,0.218336,0.376869,COL,MEX,830629
2835023,52,138,8744,2003,0.0,85226.0,-0.193904,-0.5049680000000001,CRI,MEX,830629
2835024,61,138,8744,2003,32329.0,102908.0,2.2821919999999998,-2.0985150000000004,DEU,MEX,830629
2835025,64,138,8744,2003,945.0,1151.0,1.309564,1.245596,DNK,MEX,830629
2835026,65,138,8744,2003,64367.0,2545.0,-0.46264399999999994,-0.245034,DOM,MEX,830629
2835027,68,138,8744,2003,1454.0,0.0,-0.292923,0.465433,EGY,MEX,830629
2835028,71,138,8744,2003,432137.0,70362.0,0.960684,2.074792,ESP,MEX,830629
2835029,74,138,8744,2003,0.0,14069.0,2.077889,0.942501,FIN,MEX,830629
2835030,77,138,8744,2003,10777.0,23403.0,1.606606,0.7394149999999999,FRA,MEX,830629
2835031,81,138,8744,2003,6396.0,85740.0,1.8712540000000002,0.706205,GBR,MEX,830629
2835032,91,138,8744,2003,0.0,711.0,0.3936,-0.258355,GRD,MEX,830629
2835033,93,138,8744,2003,0.0,26103.0,-0.444162,0.145319,GTM,MEX,830629
2835034,97,138,8744,2003,36541.0,0.0,0.494569,2.147062,HKG,MEX,830629
2835035,99,138,8744,2003,0.0,4990.0,-0.733546,-0.568585,HND,MEX,830629
2835036,103,138,8744,2003,20006.0,0.0,-0.16802,1.7252990000000001,IDN,MEX,830629
2835037,104,138,8744,2003,81815.0,0.0,0.33014099999999996,2.836003,IND,MEX,830629
2835038,106,138,8744,2003,0.0,1541.0,1.6396130000000002,0.220599,IRL,MEX,830629
2835039,110,138,8744,2003,0.0,3617.0,1.157809,0.682195,ISR,MEX,830629
2835040,111,138,8744,2003,349189.0,50414.0,1.399734,1.044608,ITA,MEX,830629
2835041,112,138,8744,2003,0.0,1865.0,-0.6684140000000001,-0.915817,JAM,MEX,830629
2835042,114,138,8744,2003,10144.0,3742.0,2.4686630000000003,0.48072600000000004,JPN,MEX,830629
2835043,121,138,8744,2003,9414.0,0.0,1.2611709999999998,0.956308,KOR,MEX,830629
2835044,122,138,8744,2003,0.0,817.0,-0.7943640000000001,-1.1529770000000001,KWT,MEX,830629
2835045,124,138,8744,2003,0.0,30270.0,0.261687,1.053856,LBN,MEX,830629
2835046,128,138,8744,2003,5540.0,0.0,-0.618057,0.101931,LKA,MEX,830629
2835047,134,138,8744,2003,1663.0,0.0,-0.6842050000000001,-0.217892,MAR,MEX,830629
2835048,160,138,8744,2003,23902.0,1684.0,-0.8661459999999999,-0.8661690000000001,NIC,MEX,830629
2835049,162,138,8744,2003,10758.0,59444.0,1.168453,1.7085709999999998,NLD,MEX,830629
2835050,166,138,8744,2003,0.0,10860.0,0.589619,0.997301,NZL,MEX,830629
2835051,169,138,8744,2003,0.0,9335.0,-0.050386,-0.039619999999999995,PAN,MEX,830629
2835052,173,138,8744,2003,4102.0,2104.0,-0.48627,0.371354,PER,MEX,830629
2835053,174,138,8744,2003,10882.0,0.0,-0.065022,-0.195144,PHL,MEX,830629
2835054,177,138,8744,2003,4677.0,0.0,0.966622,1.664838,POL,MEX,830629
2835055,179,138,8744,2003,3092.0,20053.0,0.471376,1.647303,PRT,MEX,830629
2835056,186,138,8744,2003,0.0,1271.0,1.072729,0.338355,RUS,MEX,830629
2835057,192,138,8744,2003,1573.0,0.0,1.5080799999999999,0.720337,SGP,MEX,830629
2835058,197,138,8744,2003,0.0,7491.0,-0.251357,-0.189917,SLV,MEX,830629
2835059,213,138,8744,2003,0.0,1022.0,0.306975,-0.288514,TCA,MEX,830629
2835060,216,138,8744,2003,13261.0,0.0,0.43010699999999996,1.607408,THA,MEX,830629
2835061,222,138,8744,2003,0.0,2645.0,-0.16738,-0.9820969999999999,TTO,MEX,830629
2835062,224,138,8744,2003,0.0,2439.0,0.192802,1.9855060000000002,TUR,MEX,830629
2835063,230,138,8744,2003,0.0,2467.0,0.19792200000000001,0.243104,URY,MEX,830629
2835064,231,138,8744,2003,1108971.0,14411239.0,1.7789220000000001,0.064028,USA,MEX,830629
2835065,236,138,8744,2003,0.0,3222.0,0.277805,-0.783697,VEN,MEX,830629
2835066,239,138,8744,2003,38632.0,0.0,-0.633985,0.659696,VNM,MEX,830629
2835067,246,138,8744,2003,0.0,30388.0,0.477987,2.255395,ZAF,MEX,830629
2835068,249,138,8744,2003,59021.0,0.0,1.5924040000000002,1.397843,TWN,MEX,830629
2835069,250,138,8744,2003,1080.0,15400.0,0.45951499999999995,-0.2312,ANS,MEX,830629
2835070,14,153,8744,2003,2683.0,87490.0,0.316879,0.9409489999999999,AUS,MYS,830629
2835071,33,153,8744,2003,0.0,1094.0,0.744166,0.074191,BRB,MYS,830629
2835072,34,153,8744,2003,0.0,12334.0,-1.342738,-0.978633,BRN,MYS,830629
2835073,39,153,8744,2003,8546.0,19090.0,0.9791540000000001,1.185081,CAN,MYS,830629
2835074,41,153,8744,2003,0.0,4673.0,2.151037,0.711217,CHE,MYS,830629
2835075,43,153,8744,2003,262590.0,164013.0,0.579431,2.773139,CHN,MYS,830629
2835076,61,153,8744,2003,5029.0,12944.0,2.2821919999999998,-2.0985150000000004,DEU,MYS,830629
2835077,68,153,8744,2003,1901.0,0.0,-0.292923,0.465433,EGY,MYS,830629
2835078,71,153,8744,2003,2022.0,2053.0,0.960684,2.074792,ESP,MYS,830629
2835079,77,153,8744,2003,0.0,1106.0,1.606606,0.7394149999999999,FRA,MYS,830629
2835080,81,153,8744,2003,40358.0,15913.0,1.8712540000000002,0.706205,GBR,MYS,830629
2835081,97,153,8744,2003,120991.0,41455.0,0.494569,2.147062,HKG,MYS,830629
2835082,103,153,8744,2003,7110.0,67974.0,-0.16802,1.7252990000000001,IDN,MYS,830629
2835083,104,153,8744,2003,38722.0,0.0,0.33014099999999996,2.836003,IND,MYS,830629
2835084,111,153,8744,2003,15033.0,881.0,1.399734,1.044608,ITA,MYS,830629
2835085,114,153,8744,2003,21085.0,13348.0,2.4686630000000003,0.48072600000000004,JPN,MYS,830629
2835086,118,153,8744,2003,2087.0,0.0,-1.0165620000000002,-1.060454,KHM,MYS,830629
2835087,122,153,8744,2003,0.0,2475.0,-0.7943640000000001,-1.1529770000000001,KWT,MYS,830629
2835088,137,153,8744,2003,0.0,3456.0,-1.201352,-1.031892,MDV,MYS,830629
2835089,142,153,8744,2003,0.0,6197.0,1.2138149999999999,-0.015687,MLT,MYS,830629
2835090,162,153,8744,2003,0.0,8282.0,1.168453,1.7085709999999998,NLD,MYS,830629
2835091,163,153,8744,2003,0.0,21051.0,1.1500620000000001,0.258554,NOR,MYS,830629
2835092,164,153,8744,2003,5667.0,0.0,-0.26353899999999997,1.351717,NPL,MYS,830629
2835093,166,153,8744,2003,0.0,2014.0,0.589619,0.997301,NZL,MYS,830629
2835094,174,153,8744,2003,14493.0,4486.0,-0.065022,-0.195144,PHL,MYS,830629
2835095,176,153,8744,2003,0.0,2980.0,-1.7997330000000002,-1.2110049999999999,PNG,MYS,830629
2835096,188,153,8744,2003,0.0,11845.0,0.202286,-0.714691,SAU,MYS,830629
2835097,192,153,8744,2003,34898.0,421969.0,1.5080799999999999,0.720337,SGP,MYS,830629
2835098,206,153,8744,2003,0.0,809.0,1.22565,0.915518,SVK,MYS,830629
2835099,216,153,8744,2003,63241.0,2663.0,0.43010699999999996,1.607408,THA,MYS,830629
2835100,224,153,8744,2003,1129.0,1147.0,0.192802,1.9855060000000002,TUR,MYS,830629
2835101,231,153,8744,2003,30901.0,78840.0,1.7789220000000001,0.064028,USA,MYS,830629
2835102,239,153,8744,2003,0.0,18428.0,-0.633985,0.659696,VNM,MYS,830629
2835103,249,153,8744,2003,38417.0,4423.0,1.5924040000000002,1.397843,TWN,MYS,830629
2835104,6,162,8744,2003,2763.0,21490.0,0.108903,-0.650137,ANT,NLD,830629
2835105,7,162,8744,2003,0.0,1122.0,0.049637,-0.502691,ARE,NLD,830629
2835106,14,162,8744,2003,1153.0,54650.0,0.316879,0.9409489999999999,AUS,NLD,830629
2835107,15,162,8744,2003,8886.0,572234.0,1.834977,0.408096,AUT,NLD,830629
2835108,18,162,8744,2003,1668418.0,2530266.0,1.361682,1.39536,BEL,NLD,830629
2835109,19,162,8744,2003,548.0,0.0,-1.150888,-0.956203,BEN,NLD,830629
2835110,22,162,8744,2003,6007.0,0.0,-1.168404,-1.035782,BGD,NLD,830629
2835111,23,162,8744,2003,93390.0,12893.0,0.43308599999999997,1.7104099999999998,BGR,NLD,830629
2835112,24,162,8744,2003,0.0,16270.0,-0.10968800000000001,-1.041032,BHR,NLD,830629
2835113,26,162,8744,2003,0.0,16930.0,0.195667,0.347011,BIH,NLD,830629
2835114,28,162,8744,2003,0.0,4178.0,0.847358,0.9307719999999999,BLR,NLD,830629
2835115,30,162,8744,2003,0.0,2262.0,0.9966459999999999,-0.5183270000000001,BMU,NLD,830629
2835116,32,162,8744,2003,2216.0,0.0,0.660576,1.118876,BRA,NLD,830629
2835117,39,162,8744,2003,3482.0,145519.0,0.9791540000000001,1.185081,CAN,NLD,830629
2835118,41,162,8744,2003,69396.0,1244006.0,2.151037,0.711217,CHE,NLD,830629
2835119,42,162,8744,2003,1072.0,27076.0,-0.06375900000000001,-0.156808,CHL,NLD,830629
2835120,43,162,8744,2003,8620439.0,4366.0,0.579431,2.773139,CHN,NLD,830629
2835121,49,162,8744,2003,14164.0,0.0,0.218336,0.376869,COL,NLD,830629
2835122,52,162,8744,2003,0.0,7034.0,-0.193904,-0.5049680000000001,CRI,NLD,830629
2835123,58,162,8744,2003,0.0,10555.0,0.259992,0.068914,CYP,NLD,830629
2835124,59,162,8744,2003,22638.0,384100.0,1.555749,0.8662059999999999,CZE,NLD,830629
2835125,61,162,8744,2003,2229414.0,9873074.0,2.2821919999999998,-2.0985150000000004,DEU,NLD,830629
2835126,64,162,8744,2003,10303.0,525022.0,1.309564,1.245596,DNK,NLD,830629
2835127,67,162,8744,2003,0.0,1812.0,-0.8689370000000001,-0.889767,ECU,NLD,830629
2835128,68,162,8744,2003,20214.0,0.0,-0.292923,0.465433,EGY,NLD,830629
2835129,71,162,8744,2003,521771.0,694046.0,0.960684,2.074792,ESP,NLD,830629
2835130,72,162,8744,2003,33712.0,13056.0,0.5913010000000001,0.8489979999999999,EST,NLD,830629
2835131,74,162,8744,2003,0.0,255430.0,2.077889,0.942501,FIN,NLD,830629
2835132,77,162,8744,2003,504105.0,3392172.0,1.606606,0.7394149999999999,FRA,NLD,830629
2835133,81,162,8744,2003,89883.0,1513454.0,1.8712540000000002,0.706205,GBR,NLD,830629
2835134,82,162,8744,2003,13751.0,0.0,0.595485,-0.25939,GEO,NLD,830629
2835135,83,162,8744,2003,2186.0,0.0,-1.074188,-0.7127319999999999,GHA,NLD,830629
2835136,90,162,8744,2003,0.0,113534.0,0.364688,1.4823959999999998,GRC,NLD,830629
2835137,96,162,8744,2003,0.0,905.0,-0.59035,-0.7361340000000001,GUY,NLD,830629
2835138,97,162,8744,2003,572683.0,3729.0,0.494569,2.147062,HKG,NLD,830629
2835139,100,162,8744,2003,41279.0,28100.0,0.568394,1.230759,HRV,NLD,830629
2835140,102,162,8744,2003,54822.0,156647.0,1.2003270000000001,1.091407,HUN,NLD,830629
2835141,103,162,8744,2003,650460.0,0.0,-0.16802,1.7252990000000001,IDN,NLD,830629
2835142,104,162,8744,2003,8167352.0,1022.0,0.33014099999999996,2.836003,IND,NLD,830629
2835143,106,162,8744,2003,0.0,162738.0,1.6396130000000002,0.220599,IRL,NLD,830629
2835144,107,162,8744,2003,6705.0,0.0,-0.552146,-0.8668520000000001,IRN,NLD,830629
2835145,109,162,8744,2003,0.0,32631.0,0.21902800000000003,-0.40818499999999996,ISL,NLD,830629
2835146,110,162,8744,2003,26624.0,42901.0,1.157809,0.682195,ISR,NLD,830629
2835147,111,162,8744,2003,1148092.0,551624.0,1.399734,1.044608,ITA,NLD,830629
2835148,114,162,8744,2003,6765.0,156460.0,2.4686630000000003,0.48072600000000004,JPN,NLD,830629
2835149,121,162,8744,2003,4422.0,5909.0,1.2611709999999998,0.956308,KOR,NLD,830629
2835150,122,162,8744,2003,0.0,5992.0,-0.7943640000000001,-1.1529770000000001,KWT,NLD,830629
2835151,124,162,8744,2003,0.0,14524.0,0.261687,1.053856,LBN,NLD,830629
2835152,130,162,8744,2003,0.0,34748.0,0.239608,0.517299,LTU,NLD,830629
2835153,131,162,8744,2003,0.0,253015.0,1.444996,1.063764,LUX,NLD,830629
2835154,132,162,8744,2003,0.0,35723.0,0.520772,0.5631689999999999,LVA,NLD,830629
2835155,134,162,8744,2003,39763.0,0.0,-0.6842050000000001,-0.217892,MAR,NLD,830629
2835156,136,162,8744,2003,6656.0,0.0,-1.254758,-0.622696,MDG,NLD,830629
2835157,138,162,8744,2003,59444.0,10758.0,0.862509,0.756684,MEX,NLD,830629
2835158,140,162,8744,2003,0.0,2192.0,-0.017632,0.225394,MKD,NLD,830629
2835159,142,162,8744,2003,0.0,14164.0,1.2138149999999999,-0.015687,MLT,NLD,830629
2835160,143,162,8744,2003,6366.0,0.0,-1.435123,-1.0948,MMR,NLD,830629
2835161,151,162,8744,2003,0.0,1557.0,-0.361514,-0.29839899999999997,MUS,NLD,830629
2835162,153,162,8744,2003,8282.0,0.0,0.728804,0.2168,MYS,NLD,830629
2835163,157,162,8744,2003,831.0,0.0,-0.199296,-0.578264,NER,NLD,830629
2835164,163,162,8744,2003,1064.0,685778.0,1.1500620000000001,0.258554,NOR,NLD,830629
2835165,164,162,8744,2003,38760.0,0.0,-0.26353899999999997,1.351717,NPL,NLD,830629
2835166,166,162,8744,2003,1480.0,13606.0,0.589619,0.997301,NZL,NLD,830629
2835167,168,162,8744,2003,92850.0,0.0,-0.6659689999999999,0.137924,PAK,NLD,830629
2835168,173,162,8744,2003,0.0,6902.0,-0.48627,0.371354,PER,NLD,830629
2835169,174,162,8744,2003,118874.0,13558.0,-0.065022,-0.195144,PHL,NLD,830629
2835170,177,162,8744,2003,247275.0,125110.0,0.966622,1.664838,POL,NLD,830629
2835171,179,162,8744,2003,2392.0,556781.0,0.471376,1.647303,PRT,NLD,830629
2835172,185,162,8744,2003,1548558.0,62546.0,0.378379,1.0064620000000002,ROU,NLD,830629
2835173,186,162,8744,2003,0.0,277168.0,1.072729,0.338355,RUS,NLD,830629
2835174,188,162,8744,2003,0.0,2259.0,0.202286,-0.714691,SAU,NLD,830629
2835175,189,162,8744,2003,66119.0,2262.0,0.575326,1.627894,SCG,NLD,830629
2835176,192,162,8744,2003,11283.0,3643.0,1.5080799999999999,0.720337,SGP,NLD,830629
2835177,205,162,8744,2003,0.0,2126.0,-0.896925,-0.88623,SUR,NLD,830629
2835178,206,162,8744,2003,1032.0,62878.0,1.22565,0.915518,SVK,NLD,830629
2835179,207,162,8744,2003,0.0,45481.0,1.6459840000000001,1.014191,SVN,NLD,830629
2835180,208,162,8744,2003,25862.0,210262.0,2.099224,0.799982,SWE,NLD,830629
2835181,216,162,8744,2003,1078767.0,5563.0,0.43010699999999996,1.607408,THA,NLD,830629
2835182,223,162,8744,2003,0.0,3138.0,-0.14845999999999998,0.255092,TUN,NLD,830629
2835183,224,162,8744,2003,316170.0,60322.0,0.192802,1.9855060000000002,TUR,NLD,830629
2835184,228,162,8744,2003,3624.0,95354.0,0.8929389999999999,0.956685,UKR,NLD,830629
2835185,231,162,8744,2003,472922.0,611602.0,1.7789220000000001,0.064028,USA,NLD,830629
2835186,239,162,8744,2003,7019744.0,0.0,-0.633985,0.659696,VNM,NLD,830629
2835187,246,162,8744,2003,27317.0,46279.0,0.477987,2.255395,ZAF,NLD,830629
2835188,248,162,8744,2003,10033.0,0.0,-0.366539,-0.18906199999999998,ZWE,NLD,830629
2835189,249,162,8744,2003,317425.0,7425.0,1.5924040000000002,1.397843,TWN,NLD,830629
2835190,15,163,8744,2003,6438.0,0.0,1.834977,0.408096,AUT,NOR,830629
2835191,18,163,8744,2003,4737.0,0.0,1.361682,1.39536,BEL,NOR,830629
2835192,41,163,8744,2003,9715.0,0.0,2.151037,0.711217,CHE,NOR,830629
2835193,43,163,8744,2003,432062.0,0.0,0.579431,2.773139,CHN,NOR,830629
2835194,59,163,8744,2003,5777.0,0.0,1.555749,0.8662059999999999,CZE,NOR,830629
2835195,61,163,8744,2003,143438.0,4951.0,2.2821919999999998,-2.0985150000000004,DEU,NOR,830629
2835196,64,163,8744,2003,2418774.0,9229.0,1.309564,1.245596,DNK,NOR,830629
2835197,68,163,8744,2003,2842.0,0.0,-0.292923,0.465433,EGY,NOR,830629
2835198,71,163,8744,2003,34700.0,0.0,0.960684,2.074792,ESP,NOR,830629
2835199,72,163,8744,2003,13552.0,0.0,0.5913010000000001,0.8489979999999999,EST,NOR,830629
2835200,74,163,8744,2003,7354.0,1935.0,2.077889,0.942501,FIN,NOR,830629
2835201,77,163,8744,2003,11514.0,4233.0,1.606606,0.7394149999999999,FRA,NOR,830629
2835202,81,163,8744,2003,32419.0,0.0,1.8712540000000002,0.706205,GBR,NOR,830629
2835203,97,163,8744,2003,86284.0,0.0,0.494569,2.147062,HKG,NOR,830629
2835204,103,163,8744,2003,6634.0,0.0,-0.16802,1.7252990000000001,IDN,NOR,830629
2835205,104,163,8744,2003,225284.0,0.0,0.33014099999999996,2.836003,IND,NOR,830629
2835206,106,163,8744,2003,2205.0,0.0,1.6396130000000002,0.220599,IRL,NOR,830629
2835207,109,163,8744,2003,0.0,1308.0,0.21902800000000003,-0.40818499999999996,ISL,NOR,830629
2835208,111,163,8744,2003,715205.0,13042.0,1.399734,1.044608,ITA,NOR,830629
2835209,114,163,8744,2003,1177.0,2623.0,2.4686630000000003,0.48072600000000004,JPN,NOR,830629
2835210,130,163,8744,2003,2021.0,0.0,0.239608,0.517299,LTU,NOR,830629
2835211,132,163,8744,2003,3694.0,0.0,0.520772,0.5631689999999999,LVA,NOR,830629
2835212,134,163,8744,2003,12247.0,0.0,-0.6842050000000001,-0.217892,MAR,NOR,830629
2835213,153,163,8744,2003,21051.0,0.0,0.728804,0.2168,MYS,NOR,830629
2835214,162,163,8744,2003,685778.0,1064.0,1.168453,1.7085709999999998,NLD,NOR,830629
2835215,164,163,8744,2003,1031.0,0.0,-0.26353899999999997,1.351717,NPL,NOR,830629
2835216,174,163,8744,2003,16606.0,0.0,-0.065022,-0.195144,PHL,NOR,830629
2835217,177,163,8744,2003,19945.0,0.0,0.966622,1.664838,POL,NOR,830629
2835218,185,163,8744,2003,29564.0,0.0,0.378379,1.0064620000000002,ROU,NOR,830629
2835219,208,163,8744,2003,1008483.0,36832.0,2.099224,0.799982,SWE,NOR,830629
2835220,216,163,8744,2003,26883.0,0.0,0.43010699999999996,1.607408,THA,NOR,830629
2835221,224,163,8744,2003,139886.0,0.0,0.192802,1.9855060000000002,TUR,NOR,830629
2835222,231,163,8744,2003,10536.0,14609.0,1.7789220000000001,0.064028,USA,NOR,830629
2835223,239,163,8744,2003,54483.0,0.0,-0.633985,0.659696,VNM,NOR,830629
2835224,249,163,8744,2003,47546.0,0.0,1.5924040000000002,1.397843,TWN,NOR,830629
2835225,7,166,8744,2003,0.0,1135.0,0.049637,-0.502691,ARE,NZL,830629
2835226,14,166,8744,2003,171251.0,96771.0,0.316879,0.9409489999999999,AUS,NZL,830629
2835227,15,166,8744,2003,996.0,3931.0,1.834977,0.408096,AUT,NZL,830629
2835228,18,166,8744,2003,3124.0,0.0,1.361682,1.39536,BEL,NZL,830629
2835229,39,166,8744,2003,1357.0,13535.0,0.9791540000000001,1.185081,CAN,NZL,830629
2835230,41,166,8744,2003,1570.0,0.0,2.151037,0.711217,CHE,NZL,830629
2835231,43,166,8744,2003,454359.0,0.0,0.579431,2.773139,CHN,NZL,830629
2835232,61,166,8744,2003,9357.0,1539.0,2.2821919999999998,-2.0985150000000004,DEU,NZL,830629
2835233,68,166,8744,2003,2044.0,0.0,-0.292923,0.465433,EGY,NZL,830629
2835234,71,166,8744,2003,15082.0,2813.0,0.960684,2.074792,ESP,NZL,830629
2835235,75,166,8744,2003,0.0,7043.0,-0.6865640000000001,-0.326977,FJI,NZL,830629
2835236,77,166,8744,2003,8555.0,0.0,1.606606,0.7394149999999999,FRA,NZL,830629
2835237,81,166,8744,2003,9019.0,2169.0,1.8712540000000002,0.706205,GBR,NZL,830629
2835238,97,166,8744,2003,61722.0,1359.0,0.494569,2.147062,HKG,NZL,830629
2835239,103,166,8744,2003,21631.0,0.0,-0.16802,1.7252990000000001,IDN,NZL,830629
2835240,104,166,8744,2003,167983.0,0.0,0.33014099999999996,2.836003,IND,NZL,830629
2835241,106,166,8744,2003,1175.0,0.0,1.6396130000000002,0.220599,IRL,NZL,830629
2835242,111,166,8744,2003,94798.0,0.0,1.399734,1.044608,ITA,NZL,830629
2835243,114,166,8744,2003,0.0,13694.0,2.4686630000000003,0.48072600000000004,JPN,NZL,830629
2835244,121,166,8744,2003,0.0,6846.0,1.2611709999999998,0.956308,KOR,NZL,830629
2835245,122,166,8744,2003,0.0,972.0,-0.7943640000000001,-1.1529770000000001,KWT,NZL,830629
2835246,134,166,8744,2003,1897.0,0.0,-0.6842050000000001,-0.217892,MAR,NZL,830629
2835247,138,166,8744,2003,10860.0,0.0,0.862509,0.756684,MEX,NZL,830629
2835248,153,166,8744,2003,2014.0,0.0,0.728804,0.2168,MYS,NZL,830629
2835249,156,166,8744,2003,0.0,6575.0,-0.344934,-0.776632,NCL,NZL,830629
2835250,162,166,8744,2003,13606.0,1480.0,1.168453,1.7085709999999998,NLD,NZL,830629
2835251,164,166,8744,2003,1645.0,0.0,-0.26353899999999997,1.351717,NPL,NZL,830629
2835252,174,166,8744,2003,17454.0,0.0,-0.065022,-0.195144,PHL,NZL,830629
2835253,182,166,8744,2003,0.0,5680.0,-0.255707,-0.676557,PYF,NZL,830629
2835254,192,166,8744,2003,3907.0,5471.0,1.5080799999999999,0.720337,SGP,NZL,830629
2835255,216,166,8744,2003,39150.0,1265.0,0.43010699999999996,1.607408,THA,NZL,830629
2835256,231,166,8744,2003,6018.0,5113.0,1.7789220000000001,0.064028,USA,NZL,830629
2835257,239,166,8744,2003,44373.0,0.0,-0.633985,0.659696,VNM,NZL,830629
2835258,246,166,8744,2003,2381.0,0.0,0.477987,2.255395,ZAF,NZL,830629
2835259,248,166,8744,2003,6614.0,0.0,-0.366539,-0.18906199999999998,ZWE,NZL,830629
2835260,249,166,8744,2003,55555.0,0.0,1.5924040000000002,1.397843,TWN,NZL,830629
2835261,8,169,8744,2003,1437.0,0.0,0.302073,0.49069700000000005,ARG,PAN,830629
2835262,29,169,8744,2003,0.0,36.0,-0.543555,-0.7596,BLZ,PAN,830629
2835263,32,169,8744,2003,0.0,2767.0,0.660576,1.118876,BRA,PAN,830629
2835264,42,169,8744,2003,0.0,6501.0,-0.06375900000000001,-0.156808,CHL,PAN,830629
2835265,43,169,8744,2003,193991.0,0.0,0.579431,2.773139,CHN,PAN,830629
2835266,49,169,8744,2003,28401.0,0.0,0.218336,0.376869,COL,PAN,830629
2835267,52,169,8744,2003,4317.0,11011.0,-0.193904,-0.5049680000000001,CRI,PAN,830629
2835268,61,169,8744,2003,2854.0,0.0,2.2821919999999998,-2.0985150000000004,DEU,PAN,830629
2835269,65,169,8744,2003,0.0,7724.0,-0.46264399999999994,-0.245034,DOM,PAN,830629
2835270,67,169,8744,2003,0.0,2721.0,-0.8689370000000001,-0.889767,ECU,PAN,830629
2835271,71,169,8744,2003,4938.0,0.0,0.960684,2.074792,ESP,PAN,830629
2835272,93,169,8744,2003,2333.0,25027.0,-0.444162,0.145319,GTM,PAN,830629
2835273,97,169,8744,2003,404264.0,0.0,0.494569,2.147062,HKG,PAN,830629
2835274,99,169,8744,2003,0.0,25046.0,-0.733546,-0.568585,HND,PAN,830629
2835275,111,169,8744,2003,32726.0,0.0,1.399734,1.044608,ITA,PAN,830629
2835276,112,169,8744,2003,0.0,3521.0,-0.6684140000000001,-0.915817,JAM,PAN,830629
2835277,138,169,8744,2003,9335.0,0.0,0.862509,0.756684,MEX,PAN,830629
2835278,173,169,8744,2003,6801.0,1281.0,-0.48627,0.371354,PER,PAN,830629
2835279,197,169,8744,2003,0.0,16317.0,-0.251357,-0.189917,SLV,PAN,830629
2835280,231,169,8744,2003,2498.0,0.0,1.7789220000000001,0.064028,USA,PAN,830629
2835281,236,169,8744,2003,2322.0,15668.0,0.277805,-0.783697,VEN,PAN,830629
2835282,249,169,8744,2003,16637.0,0.0,1.5924040000000002,1.397843,TWN,PAN,830629
2835283,250,169,8744,2003,70205.0,0.0,0.45951499999999995,-0.2312,ANS,PAN,830629
2835284,32,173,8744,2003,5149.0,0.0,0.660576,1.118876,BRA,PER,830629
2835285,42,173,8744,2003,0.0,22305.0,-0.06375900000000001,-0.156808,CHL,PER,830629
2835286,43,173,8744,2003,14785.0,0.0,0.579431,2.773139,CHN,PER,830629
2835287,61,173,8744,2003,0.0,1548.0,2.2821919999999998,-2.0985150000000004,DEU,PER,830629
2835288,68,173,8744,2003,1918.0,0.0,-0.292923,0.465433,EGY,PER,830629
2835289,71,173,8744,2003,3234.0,12011.0,0.960684,2.074792,ESP,PER,830629
2835290,93,173,8744,2003,0.0,966.0,-0.444162,0.145319,GTM,PER,830629
2835291,97,173,8744,2003,21677.0,0.0,0.494569,2.147062,HKG,PER,830629
2835292,103,173,8744,2003,1503.0,0.0,-0.16802,1.7252990000000001,IDN,PER,830629
2835293,104,173,8744,2003,20473.0,0.0,0.33014099999999996,2.836003,IND,PER,830629
2835294,111,173,8744,2003,67826.0,1012.0,1.399734,1.044608,ITA,PER,830629
2835295,138,173,8744,2003,2104.0,4102.0,0.862509,0.756684,MEX,PER,830629
2835296,162,173,8744,2003,6902.0,0.0,1.168453,1.7085709999999998,NLD,PER,830629
2835297,169,173,8744,2003,1281.0,6801.0,-0.050386,-0.039619999999999995,PAN,PER,830629
2835298,174,173,8744,2003,4273.0,0.0,-0.065022,-0.195144,PHL,PER,830629
2835299,230,173,8744,2003,0.0,960.0,0.19792200000000001,0.243104,URY,PER,830629
2835300,231,173,8744,2003,9028.0,7548.0,1.7789220000000001,0.064028,USA,PER,830629
2835301,7,174,8744,2003,0.0,142454.0,0.049637,-0.502691,ARE,PHL,830629
2835302,14,174,8744,2003,3791.0,95641.0,0.316879,0.9409489999999999,AUS,PHL,830629
2835303,15,174,8744,2003,0.0,37307.0,1.834977,0.408096,AUT,PHL,830629
2835304,18,174,8744,2003,0.0,73205.0,1.361682,1.39536,BEL,PHL,830629
2835305,24,174,8744,2003,0.0,1704.0,-0.10968800000000001,-1.041032,BHR,PHL,830629
2835306,32,174,8744,2003,0.0,2338.0,0.660576,1.118876,BRA,PHL,830629
2835307,33,174,8744,2003,0.0,10823.0,0.744166,0.074191,BRB,PHL,830629
2835308,39,174,8744,2003,0.0,168981.0,0.9791540000000001,1.185081,CAN,PHL,830629
2835309,41,174,8744,2003,1988.0,92797.0,2.151037,0.711217,CHE,PHL,830629
2835310,42,174,8744,2003,0.0,2417.0,-0.06375900000000001,-0.156808,CHL,PHL,830629
2835311,43,174,8744,2003,157773.0,1966.0,0.579431,2.773139,CHN,PHL,830629
2835312,52,174,8744,2003,0.0,1706.0,-0.193904,-0.5049680000000001,CRI,PHL,830629
2835313,58,174,8744,2003,0.0,2158.0,0.259992,0.068914,CYP,PHL,830629
2835314,59,174,8744,2003,0.0,10053.0,1.555749,0.8662059999999999,CZE,PHL,830629
2835315,61,174,8744,2003,28947.0,1253348.0,2.2821919999999998,-2.0985150000000004,DEU,PHL,830629
2835316,64,174,8744,2003,0.0,18759.0,1.309564,1.245596,DNK,PHL,830629
2835317,65,174,8744,2003,0.0,2662.0,-0.46264399999999994,-0.245034,DOM,PHL,830629
2835318,67,174,8744,2003,0.0,5004.0,-0.8689370000000001,-0.889767,ECU,PHL,830629
2835319,71,174,8744,2003,14036.0,229306.0,0.960684,2.074792,ESP,PHL,830629
2835320,74,174,8744,2003,0.0,1265.0,2.077889,0.942501,FIN,PHL,830629
2835321,77,174,8744,2003,0.0,242170.0,1.606606,0.7394149999999999,FRA,PHL,830629
2835322,81,174,8744,2003,1345.0,121365.0,1.8712540000000002,0.706205,GBR,PHL,830629
2835323,90,174,8744,2003,0.0,34115.0,0.364688,1.4823959999999998,GRC,PHL,830629
2835324,95,174,8744,2003,0.0,14550.0,-0.139991,-0.570695,GUM,PHL,830629
2835325,97,174,8744,2003,98961.0,39575.0,0.494569,2.147062,HKG,PHL,830629
2835326,100,174,8744,2003,0.0,3761.0,0.568394,1.230759,HRV,PHL,830629
2835327,102,174,8744,2003,0.0,1207.0,1.2003270000000001,1.091407,HUN,PHL,830629
2835328,103,174,8744,2003,2630.0,4103.0,-0.16802,1.7252990000000001,IDN,PHL,830629
2835329,106,174,8744,2003,0.0,1163.0,1.6396130000000002,0.220599,IRL,PHL,830629
2835330,107,174,8744,2003,0.0,3079.0,-0.552146,-0.8668520000000001,IRN,PHL,830629
2835331,110,174,8744,2003,0.0,22419.0,1.157809,0.682195,ISR,PHL,830629
2835332,111,174,8744,2003,35726.0,142415.0,1.399734,1.044608,ITA,PHL,830629
2835333,114,174,8744,2003,40182.0,456785.0,2.4686630000000003,0.48072600000000004,JPN,PHL,830629
2835334,121,174,8744,2003,1545.0,29745.0,1.2611709999999998,0.956308,KOR,PHL,830629
2835335,122,174,8744,2003,1346.0,26155.0,-0.7943640000000001,-1.1529770000000001,KWT,PHL,830629
2835336,124,174,8744,2003,0.0,12972.0,0.261687,1.053856,LBN,PHL,830629
2835337,131,174,8744,2003,0.0,16465.0,1.444996,1.063764,LUX,PHL,830629
2835338,132,174,8744,2003,0.0,3166.0,0.520772,0.5631689999999999,LVA,PHL,830629
2835339,133,174,8744,2003,0.0,412.0,-0.294516,-0.413828,MAC,PHL,830629
2835340,138,174,8744,2003,0.0,10882.0,0.862509,0.756684,MEX,PHL,830629
2835341,142,174,8744,2003,0.0,5236.0,1.2138149999999999,-0.015687,MLT,PHL,830629
2835342,153,174,8744,2003,4486.0,14493.0,0.728804,0.2168,MYS,PHL,830629
2835343,156,174,8744,2003,0.0,506.0,-0.344934,-0.776632,NCL,PHL,830629
2835344,157,174,8744,2003,0.0,8124.0,-0.199296,-0.578264,NER,PHL,830629
2835345,159,174,8744,2003,0.0,2667.0,-1.859176,-1.234236,NGA,PHL,830629
2835346,162,174,8744,2003,13558.0,118874.0,1.168453,1.7085709999999998,NLD,PHL,830629
2835347,163,174,8744,2003,0.0,16606.0,1.1500620000000001,0.258554,NOR,PHL,830629
2835348,166,174,8744,2003,0.0,17454.0,0.589619,0.997301,NZL,PHL,830629
2835349,173,174,8744,2003,0.0,4273.0,-0.48627,0.371354,PER,PHL,830629
2835350,177,174,8744,2003,0.0,29992.0,0.966622,1.664838,POL,PHL,830629
2835351,179,174,8744,2003,0.0,9237.0,0.471376,1.647303,PRT,PHL,830629
2835352,183,174,8744,2003,0.0,2658.0,-0.209042,-1.0565799999999999,QAT,PHL,830629
2835353,186,174,8744,2003,0.0,14449.0,1.072729,0.338355,RUS,PHL,830629
2835354,188,174,8744,2003,0.0,120119.0,0.202286,-0.714691,SAU,PHL,830629
2835355,192,174,8744,2003,998.0,47871.0,1.5080799999999999,0.720337,SGP,PHL,830629
2835356,207,174,8744,2003,0.0,1732.0,1.6459840000000001,1.014191,SVN,PHL,830629
2835357,208,174,8744,2003,0.0,8051.0,2.099224,0.799982,SWE,PHL,830629
2835358,209,174,8744,2003,0.0,2525.0,0.399541,-0.23342600000000002,SWZ,PHL,830629
2835359,216,174,8744,2003,22094.0,6763.0,0.43010699999999996,1.607408,THA,PHL,830629
2835360,224,174,8744,2003,0.0,6059.0,0.192802,1.9855060000000002,TUR,PHL,830629
2835361,231,174,8744,2003,4781.0,5103336.0,1.7789220000000001,0.064028,USA,PHL,830629
2835362,236,174,8744,2003,0.0,2028.0,0.277805,-0.783697,VEN,PHL,830629
2835363,239,174,8744,2003,37570.0,0.0,-0.633985,0.659696,VNM,PHL,830629
2835364,246,174,8744,2003,0.0,6462.0,0.477987,2.255395,ZAF,PHL,830629
2835365,249,174,8744,2003,15476.0,27947.0,1.5924040000000002,1.397843,TWN,PHL,830629
2835366,2,179,8744,2003,0.0,225610.0,-1.8762919999999998,-1.176541,AGO,PRT,830629
2835367,5,179,8744,2003,0.0,18488.0,1.0901319999999999,0.618693,AND,PRT,830629
2835368,7,179,8744,2003,0.0,9322.0,0.049637,-0.502691,ARE,PRT,830629
2835369,14,179,8744,2003,0.0,5878.0,0.316879,0.9409489999999999,AUS,PRT,830629
2835370,15,179,8744,2003,6318.0,20919.0,1.834977,0.408096,AUT,PRT,830629
2835371,18,179,8744,2003,56437.0,24456.0,1.361682,1.39536,BEL,PRT,830629
2835372,32,179,8744,2003,15480.0,7091.0,0.660576,1.118876,BRA,PRT,830629
2835373,39,179,8744,2003,57088.0,36338.0,0.9791540000000001,1.185081,CAN,PRT,830629
2835374,41,179,8744,2003,2330.0,18135.0,2.151037,0.711217,CHE,PRT,830629
2835375,43,179,8744,2003,270981.0,0.0,0.579431,2.773139,CHN,PRT,830629
2835376,49,179,8744,2003,0.0,852.0,0.218336,0.376869,COL,PRT,830629
2835377,51,179,8744,2003,0.0,47807.0,0.070649,-0.541279,CPV,PRT,830629
2835378,61,179,8744,2003,210562.0,20289.0,2.2821919999999998,-2.0985150000000004,DEU,PRT,830629
2835379,64,179,8744,2003,8653.0,0.0,1.309564,1.245596,DNK,PRT,830629
2835380,67,179,8744,2003,0.0,995.0,-0.8689370000000001,-0.889767,ECU,PRT,830629
2835381,68,179,8744,2003,1098.0,9620.0,-0.292923,0.465433,EGY,PRT,830629
2835382,71,179,8744,2003,3964093.0,458022.0,0.960684,2.074792,ESP,PRT,830629
2835383,74,179,8744,2003,0.0,9012.0,2.077889,0.942501,FIN,PRT,830629
2835384,77,179,8744,2003,483188.0,432493.0,1.606606,0.7394149999999999,FRA,PRT,830629
2835385,81,179,8744,2003,30208.0,47960.0,1.8712540000000002,0.706205,GBR,PRT,830629
2835386,85,179,8744,2003,0.0,1322.0,-2.14752,-1.250048,GIN,PRT,830629
2835387,90,179,8744,2003,1481.0,119560.0,0.364688,1.4823959999999998,GRC,PRT,830629
2835388,97,179,8744,2003,37897.0,0.0,0.494569,2.147062,HKG,PRT,830629
2835389,103,179,8744,2003,3744.0,0.0,-0.16802,1.7252990000000001,IDN,PRT,830629
2835390,104,179,8744,2003,491309.0,1675.0,0.33014099999999996,2.836003,IND,PRT,830629
2835391,106,179,8744,2003,0.0,851.0,1.6396130000000002,0.220599,IRL,PRT,830629
2835392,110,179,8744,2003,3306.0,12959.0,1.157809,0.682195,ISR,PRT,830629
2835393,111,179,8744,2003,2162397.0,27437.0,1.399734,1.044608,ITA,PRT,830629
2835394,112,179,8744,2003,0.0,798.0,-0.6684140000000001,-0.915817,JAM,PRT,830629
2835395,114,179,8744,2003,3118.0,8000.0,2.4686630000000003,0.48072600000000004,JPN,PRT,830629
2835396,121,179,8744,2003,1135.0,7559.0,1.2611709999999998,0.956308,KOR,PRT,830629
2835397,122,179,8744,2003,0.0,12717.0,-0.7943640000000001,-1.1529770000000001,KWT,PRT,830629
2835398,124,179,8744,2003,0.0,3496.0,0.261687,1.053856,LBN,PRT,830629
2835399,130,179,8744,2003,0.0,9700.0,0.239608,0.517299,LTU,PRT,830629
2835400,134,179,8744,2003,11189.0,4581.0,-0.6842050000000001,-0.217892,MAR,PRT,830629
2835401,138,179,8744,2003,20053.0,3092.0,0.862509,0.756684,MEX,PRT,830629
2835402,142,179,8744,2003,0.0,1528.0,1.2138149999999999,-0.015687,MLT,PRT,830629
2835403,147,179,8744,2003,0.0,6665.0,-1.188243,-1.123693,MOZ,PRT,830629
2835404,159,179,8744,2003,0.0,5099.0,-1.859176,-1.234236,NGA,PRT,830629
2835405,162,179,8744,2003,556781.0,2392.0,1.168453,1.7085709999999998,NLD,PRT,830629
2835406,164,179,8744,2003,1717.0,0.0,-0.26353899999999997,1.351717,NPL,PRT,830629
2835407,168,179,8744,2003,13011.0,0.0,-0.6659689999999999,0.137924,PAK,PRT,830629
2835408,174,179,8744,2003,9237.0,0.0,-0.065022,-0.195144,PHL,PRT,830629
2835409,177,179,8744,2003,0.0,10514.0,0.966622,1.664838,POL,PRT,830629
2835410,186,179,8744,2003,0.0,3981.0,1.072729,0.338355,RUS,PRT,830629
2835411,188,179,8744,2003,0.0,1502.0,0.202286,-0.714691,SAU,PRT,830629
2835412,203,179,8744,2003,0.0,5171.0,1.046084,-0.183027,STP,PRT,830629
2835413,208,179,8744,2003,1485.0,12505.0,2.099224,0.799982,SWE,PRT,830629
2835414,215,179,8744,2003,0.0,2785.0,-0.5058590000000001,-0.520586,TGO,PRT,830629
2835415,216,179,8744,2003,23900.0,0.0,0.43010699999999996,1.607408,THA,PRT,830629
2835416,224,179,8744,2003,34638.0,5283.0,0.192802,1.9855060000000002,TUR,PRT,830629
2835417,228,179,8744,2003,0.0,832.0,0.8929389999999999,0.956685,UKR,PRT,830629
2835418,230,179,8744,2003,1456.0,0.0,0.19792200000000001,0.243104,URY,PRT,830629
2835419,231,179,8744,2003,30078.0,43543.0,1.7789220000000001,0.064028,USA,PRT,830629
2835420,236,179,8744,2003,0.0,12535.0,0.277805,-0.783697,VEN,PRT,830629
2835421,239,179,8744,2003,2633.0,0.0,-0.633985,0.659696,VNM,PRT,830629
2835422,246,179,8744,2003,37306.0,0.0,0.477987,2.255395,ZAF,PRT,830629
2835423,249,179,8744,2003,3328.0,5760.0,1.5924040000000002,1.397843,TWN,PRT,830629
2835424,31,180,8744,2003,0.0,4337.0,-0.787995,-0.7228899999999999,BOL,PRY,830629
2835425,32,180,8744,2003,1505.0,0.0,0.660576,1.118876,BRA,PRY,830629
2835426,42,180,8744,2003,4874.0,0.0,-0.06375900000000001,-0.156808,CHL,PRY,830629
2835427,43,180,8744,2003,23826.0,0.0,0.579431,2.773139,CHN,PRY,830629
2835428,71,180,8744,2003,13079.0,0.0,0.960684,2.074792,ESP,PRY,830629
2835429,111,180,8744,2003,2508.0,0.0,1.399734,1.044608,ITA,PRY,830629
2835430,114,180,8744,2003,6437.0,0.0,2.4686630000000003,0.48072600000000004,JPN,PRY,830629
2835431,43,190,8744,2003,7641.0,0.0,0.579431,2.773139,CHN,SDN,830629
2835432,68,190,8744,2003,933.0,0.0,-0.292923,0.465433,EGY,SDN,830629
2835433,111,190,8744,2003,20355.0,0.0,1.399734,1.044608,ITA,SDN,830629
2835434,134,190,8744,2003,1493.0,0.0,-0.6842050000000001,-0.217892,MAR,SDN,830629
2835435,32,197,8744,2003,5673.0,0.0,0.660576,1.118876,BRA,SLV,830629
2835436,43,197,8744,2003,13440.0,0.0,0.579431,2.773139,CHN,SLV,830629
2835437,49,197,8744,2003,899.0,0.0,0.218336,0.376869,COL,SLV,830629
2835438,61,197,8744,2003,0.0,3980.0,2.2821919999999998,-2.0985150000000004,DEU,SLV,830629
2835439,65,197,8744,2003,0.0,54501.0,-0.46264399999999994,-0.245034,DOM,SLV,830629
2835440,71,197,8744,2003,1198.0,0.0,0.960684,2.074792,ESP,SLV,830629
2835441,77,197,8744,2003,1644.0,0.0,1.606606,0.7394149999999999,FRA,SLV,830629
2835442,93,197,8744,2003,5209.0,12376.0,-0.444162,0.145319,GTM,SLV,830629
2835443,97,197,8744,2003,1514.0,0.0,0.494569,2.147062,HKG,SLV,830629
2835444,99,197,8744,2003,0.0,7996.0,-0.733546,-0.568585,HND,SLV,830629
2835445,111,197,8744,2003,30268.0,0.0,1.399734,1.044608,ITA,SLV,830629
2835446,138,197,8744,2003,7491.0,0.0,0.862509,0.756684,MEX,SLV,830629
2835447,160,197,8744,2003,0.0,1633.0,-0.8661459999999999,-0.8661690000000001,NIC,SLV,830629
2835448,169,197,8744,2003,16317.0,0.0,-0.050386,-0.039619999999999995,PAN,SLV,830629
2835449,231,197,8744,2003,75148.0,50830.0,1.7789220000000001,0.064028,USA,SLV,830629
2835450,249,197,8744,2003,2098.0,0.0,1.5924040000000002,1.397843,TWN,SLV,830629
2835451,32,205,8744,2003,4515.0,0.0,0.660576,1.118876,BRA,SUR,830629
2835452,43,205,8744,2003,2275.0,0.0,0.579431,2.773139,CHN,SUR,830629
2835453,162,205,8744,2003,2126.0,0.0,1.168453,1.7085709999999998,NLD,SUR,830629
2835454,231,205,8744,2003,18284.0,0.0,1.7789220000000001,0.064028,USA,SUR,830629
2835455,7,208,8744,2003,1785.0,6074.0,0.049637,-0.502691,ARE,SWE,830629
2835456,14,208,8744,2003,0.0,3799.0,0.316879,0.9409489999999999,AUS,SWE,830629
2835457,15,208,8744,2003,6818.0,1470.0,1.834977,0.408096,AUT,SWE,830629
2835458,18,208,8744,2003,37460.0,10165.0,1.361682,1.39536,BEL,SWE,830629
2835459,23,208,8744,2003,9222.0,0.0,0.43308599999999997,1.7104099999999998,BGR,SWE,830629
2835460,32,208,8744,2003,0.0,11375.0,0.660576,1.118876,BRA,SWE,830629
2835461,39,208,8744,2003,0.0,1752.0,0.9791540000000001,1.185081,CAN,SWE,830629
2835462,41,208,8744,2003,2629.0,14297.0,2.151037,0.711217,CHE,SWE,830629
2835463,43,208,8744,2003,817947.0,5619.0,0.579431,2.773139,CHN,SWE,830629
2835464,58,208,8744,2003,0.0,850.0,0.259992,0.068914,CYP,SWE,830629
2835465,59,208,8744,2003,26973.0,2625.0,1.555749,0.8662059999999999,CZE,SWE,830629
2835466,61,208,8744,2003,247978.0,77185.0,2.2821919999999998,-2.0985150000000004,DEU,SWE,830629
2835467,64,208,8744,2003,1205854.0,182561.0,1.309564,1.245596,DNK,SWE,830629
2835468,68,208,8744,2003,3429.0,0.0,-0.292923,0.465433,EGY,SWE,830629
2835469,71,208,8744,2003,97952.0,28738.0,0.960684,2.074792,ESP,SWE,830629
2835470,72,208,8744,2003,69387.0,16190.0,0.5913010000000001,0.8489979999999999,EST,SWE,830629
2835471,74,208,8744,2003,26067.0,441082.0,2.077889,0.942501,FIN,SWE,830629
2835472,77,208,8744,2003,130311.0,3638.0,1.606606,0.7394149999999999,FRA,SWE,830629
2835473,78,208,8744,2003,0.0,907.0,-0.46422299999999994,-0.8072050000000001,FRO,SWE,830629
2835474,81,208,8744,2003,41056.0,12875.0,1.8712540000000002,0.706205,GBR,SWE,830629
2835475,90,208,8744,2003,0.0,7303.0,0.364688,1.4823959999999998,GRC,SWE,830629
2835476,97,208,8744,2003,180758.0,0.0,0.494569,2.147062,HKG,SWE,830629
2835477,99,208,8744,2003,0.0,756.0,-0.733546,-0.568585,HND,SWE,830629
2835478,102,208,8744,2003,1189.0,0.0,1.2003270000000001,1.091407,HUN,SWE,830629
2835479,103,208,8744,2003,155067.0,0.0,-0.16802,1.7252990000000001,IDN,SWE,830629
2835480,104,208,8744,2003,713933.0,0.0,0.33014099999999996,2.836003,IND,SWE,830629
2835481,107,208,8744,2003,4295.0,0.0,-0.552146,-0.8668520000000001,IRN,SWE,830629
2835482,109,208,8744,2003,0.0,15090.0,0.21902800000000003,-0.40818499999999996,ISL,SWE,830629
2835483,110,208,8744,2003,0.0,3695.0,1.157809,0.682195,ISR,SWE,830629
2835484,111,208,8744,2003,1031284.0,25379.0,1.399734,1.044608,ITA,SWE,830629
2835485,114,208,8744,2003,0.0,4192.0,2.4686630000000003,0.48072600000000004,JPN,SWE,830629
2835486,121,208,8744,2003,0.0,2209.0,1.2611709999999998,0.956308,KOR,SWE,830629
2835487,122,208,8744,2003,0.0,1265.0,-0.7943640000000001,-1.1529770000000001,KWT,SWE,830629
2835488,124,208,8744,2003,1750.0,0.0,0.261687,1.053856,LBN,SWE,830629
2835489,130,208,8744,2003,48665.0,8240.0,0.239608,0.517299,LTU,SWE,830629
2835490,132,208,8744,2003,0.0,5701.0,0.520772,0.5631689999999999,LVA,SWE,830629
2835491,134,208,8744,2003,2408.0,1192.0,-0.6842050000000001,-0.217892,MAR,SWE,830629
2835492,162,208,8744,2003,210262.0,25862.0,1.168453,1.7085709999999998,NLD,SWE,830629
2835493,163,208,8744,2003,36832.0,1008483.0,1.1500620000000001,0.258554,NOR,SWE,830629
2835494,168,208,8744,2003,15232.0,0.0,-0.6659689999999999,0.137924,PAK,SWE,830629
2835495,174,208,8744,2003,8051.0,0.0,-0.065022,-0.195144,PHL,SWE,830629
2835496,177,208,8744,2003,103319.0,12456.0,0.966622,1.664838,POL,SWE,830629
2835497,179,208,8744,2003,12505.0,1485.0,0.471376,1.647303,PRT,SWE,830629
2835498,186,208,8744,2003,0.0,59038.0,1.072729,0.338355,RUS,SWE,830629
2835499,188,208,8744,2003,0.0,5101.0,0.202286,-0.714691,SAU,SWE,830629
2835500,192,208,8744,2003,3624.0,1945.0,1.5080799999999999,0.720337,SGP,SWE,830629
2835501,216,208,8744,2003,59646.0,1325.0,0.43010699999999996,1.607408,THA,SWE,830629
2835502,224,208,8744,2003,90028.0,1093.0,0.192802,1.9855060000000002,TUR,SWE,830629
2835503,231,208,8744,2003,18797.0,87577.0,1.7789220000000001,0.064028,USA,SWE,830629
2835504,239,208,8744,2003,353890.0,0.0,-0.633985,0.659696,VNM,SWE,830629
2835505,246,208,8744,2003,0.0,899.0,0.477987,2.255395,ZAF,SWE,830629
2835506,249,208,8744,2003,60251.0,1045.0,1.5924040000000002,1.397843,TWN,SWE,830629
2835507,7,216,8744,2003,0.0,48070.0,0.049637,-0.502691,ARE,THA,830629
2835508,14,216,8744,2003,1992.0,415911.0,0.316879,0.9409489999999999,AUS,THA,830629
2835509,15,216,8744,2003,2673.0,26284.0,1.834977,0.408096,AUT,THA,830629
2835510,18,216,8744,2003,8024.0,571436.0,1.361682,1.39536,BEL,THA,830629
2835511,22,216,8744,2003,0.0,4042.0,-1.168404,-1.035782,BGD,THA,830629
2835512,23,216,8744,2003,0.0,2565.0,0.43308599999999997,1.7104099999999998,BGR,THA,830629
2835513,24,216,8744,2003,0.0,33093.0,-0.10968800000000001,-1.041032,BHR,THA,830629
2835514,26,216,8744,2003,0.0,1769.0,0.195667,0.347011,BIH,THA,830629
2835515,32,216,8744,2003,0.0,3779.0,0.660576,1.118876,BRA,THA,830629
2835516,33,216,8744,2003,0.0,5620.0,0.744166,0.074191,BRB,THA,830629
2835517,39,216,8744,2003,2590.0,505634.0,0.9791540000000001,1.185081,CAN,THA,830629
2835518,41,216,8744,2003,2916.0,48266.0,2.151037,0.711217,CHE,THA,830629
2835519,42,216,8744,2003,0.0,11736.0,-0.06375900000000001,-0.156808,CHL,THA,830629
2835520,43,216,8744,2003,88527.0,83720.0,0.579431,2.773139,CHN,THA,830629
2835521,49,216,8744,2003,0.0,1829.0,0.218336,0.376869,COL,THA,830629
2835522,58,216,8744,2003,0.0,1843.0,0.259992,0.068914,CYP,THA,830629
2835523,59,216,8744,2003,0.0,5337.0,1.555749,0.8662059999999999,CZE,THA,830629
2835524,61,216,8744,2003,5663.0,1855084.0,2.2821919999999998,-2.0985150000000004,DEU,THA,830629
2835525,64,216,8744,2003,0.0,158227.0,1.309564,1.245596,DNK,THA,830629
2835526,66,216,8744,2003,0.0,3072.0,-1.060727,-1.142594,DZA,THA,830629
2835527,67,216,8744,2003,0.0,5017.0,-0.8689370000000001,-0.889767,ECU,THA,830629
2835528,68,216,8744,2003,0.0,28669.0,-0.292923,0.465433,EGY,THA,830629
2835529,71,216,8744,2003,30742.0,719870.0,0.960684,2.074792,ESP,THA,830629
2835530,74,216,8744,2003,0.0,193099.0,2.077889,0.942501,FIN,THA,830629
2835531,77,216,8744,2003,64842.0,642575.0,1.606606,0.7394149999999999,FRA,THA,830629
2835532,81,216,8744,2003,3184.0,1372923.0,1.8712540000000002,0.706205,GBR,THA,830629
2835533,90,216,8744,2003,0.0,47988.0,0.364688,1.4823959999999998,GRC,THA,830629
2835534,97,216,8744,2003,44575.0,140517.0,0.494569,2.147062,HKG,THA,830629
2835535,102,216,8744,2003,0.0,7809.0,1.2003270000000001,1.091407,HUN,THA,830629
2835536,103,216,8744,2003,1995.0,8967.0,-0.16802,1.7252990000000001,IDN,THA,830629
2835537,104,216,8744,2003,18417.0,32522.0,0.33014099999999996,2.836003,IND,THA,830629
2835538,106,216,8744,2003,0.0,27030.0,1.6396130000000002,0.220599,IRL,THA,830629
2835539,107,216,8744,2003,0.0,37849.0,-0.552146,-0.8668520000000001,IRN,THA,830629
2835540,110,216,8744,2003,0.0,17813.0,1.157809,0.682195,ISR,THA,830629
2835541,111,216,8744,2003,30383.0,768795.0,1.399734,1.044608,ITA,THA,830629
2835542,113,216,8744,2003,0.0,7809.0,0.12295,0.377031,JOR,THA,830629
2835543,114,216,8744,2003,84973.0,409161.0,2.4686630000000003,0.48072600000000004,JPN,THA,830629
2835544,116,216,8744,2003,0.0,6618.0,-0.3531,0.582992,KEN,THA,830629
2835545,121,216,8744,2003,26187.0,13540.0,1.2611709999999998,0.956308,KOR,THA,830629
2835546,122,216,8744,2003,0.0,14706.0,-0.7943640000000001,-1.1529770000000001,KWT,THA,830629
2835547,124,216,8744,2003,0.0,47971.0,0.261687,1.053856,LBN,THA,830629
2835548,128,216,8744,2003,0.0,1455.0,-0.618057,0.101931,LKA,THA,830629
2835549,130,216,8744,2003,0.0,1185.0,0.239608,0.517299,LTU,THA,830629
2835550,131,216,8744,2003,0.0,5093.0,1.444996,1.063764,LUX,THA,830629
2835551,133,216,8744,2003,0.0,2139.0,-0.294516,-0.413828,MAC,THA,830629
2835552,134,216,8744,2003,0.0,35544.0,-0.6842050000000001,-0.217892,MAR,THA,830629
2835553,137,216,8744,2003,0.0,1335.0,-1.201352,-1.031892,MDV,THA,830629
2835554,138,216,8744,2003,0.0,13261.0,0.862509,0.756684,MEX,THA,830629
2835555,142,216,8744,2003,0.0,1053.0,1.2138149999999999,-0.015687,MLT,THA,830629
2835556,143,216,8744,2003,1022.0,11852.0,-1.435123,-1.0948,MMR,THA,830629
2835557,151,216,8744,2003,0.0,858.0,-0.361514,-0.29839899999999997,MUS,THA,830629
2835558,153,216,8744,2003,2663.0,63241.0,0.728804,0.2168,MYS,THA,830629
2835559,156,216,8744,2003,0.0,5822.0,-0.344934,-0.776632,NCL,THA,830629
2835560,157,216,8744,2003,0.0,503.0,-0.199296,-0.578264,NER,THA,830629
2835561,162,216,8744,2003,5563.0,1078767.0,1.168453,1.7085709999999998,NLD,THA,830629
2835562,163,216,8744,2003,0.0,26883.0,1.1500620000000001,0.258554,NOR,THA,830629
2835563,164,216,8744,2003,2139.0,3986.0,-0.26353899999999997,1.351717,NPL,THA,830629
2835564,166,216,8744,2003,1265.0,39150.0,0.589619,0.997301,NZL,THA,830629
2835565,168,216,8744,2003,1395.0,1199.0,-0.6659689999999999,0.137924,PAK,THA,830629
2835566,174,216,8744,2003,6763.0,22094.0,-0.065022,-0.195144,PHL,THA,830629
2835567,177,216,8744,2003,0.0,6805.0,0.966622,1.664838,POL,THA,830629
2835568,178,216,8744,2003,0.0,2135.0,0.7060420000000001,0.7718,PRK,THA,830629
2835569,179,216,8744,2003,0.0,23900.0,0.471376,1.647303,PRT,THA,830629
2835570,182,216,8744,2003,0.0,2487.0,-0.255707,-0.676557,PYF,THA,830629
2835571,183,216,8744,2003,0.0,3293.0,-0.209042,-1.0565799999999999,QAT,THA,830629
2835572,185,216,8744,2003,0.0,1092.0,0.378379,1.0064620000000002,ROU,THA,830629
2835573,186,216,8744,2003,0.0,45037.0,1.072729,0.338355,RUS,THA,830629
2835574,188,216,8744,2003,0.0,4885.0,0.202286,-0.714691,SAU,THA,830629
2835575,192,216,8744,2003,6513.0,145170.0,1.5080799999999999,0.720337,SGP,THA,830629
2835576,207,216,8744,2003,0.0,8190.0,1.6459840000000001,1.014191,SVN,THA,830629
2835577,208,216,8744,2003,1325.0,59646.0,2.099224,0.799982,SWE,THA,830629
2835578,211,216,8744,2003,0.0,1033.0,-0.44341099999999994,-0.742566,SYC,THA,830629
2835579,224,216,8744,2003,0.0,17120.0,0.192802,1.9855060000000002,TUR,THA,830629
2835580,228,216,8744,2003,0.0,8268.0,0.8929389999999999,0.956685,UKR,THA,830629
2835581,230,216,8744,2003,0.0,8186.0,0.19792200000000001,0.243104,URY,THA,830629
2835582,231,216,8744,2003,48822.0,14044372.0,1.7789220000000001,0.064028,USA,THA,830629
2835583,239,216,8744,2003,0.0,1205.0,-0.633985,0.659696,VNM,THA,830629
2835584,246,216,8744,2003,0.0,66227.0,0.477987,2.255395,ZAF,THA,830629
2835585,249,216,8744,2003,10286.0,69820.0,1.5924040000000002,1.397843,TWN,THA,830629
2835586,250,216,8744,2003,0.0,19761.0,0.45951499999999995,-0.2312,ANS,THA,830629
2835587,33,222,8744,2003,0.0,1787.0,0.744166,0.074191,BRB,TTO,830629
2835588,39,222,8744,2003,1277.0,0.0,0.9791540000000001,1.185081,CAN,TTO,830629
2835589,43,222,8744,2003,10309.0,0.0,0.579431,2.773139,CHN,TTO,830629
2835590,61,222,8744,2003,10183.0,0.0,2.2821919999999998,-2.0985150000000004,DEU,TTO,830629
2835591,77,222,8744,2003,0.0,27063.0,1.606606,0.7394149999999999,FRA,TTO,830629
2835592,81,222,8744,2003,3008.0,0.0,1.8712540000000002,0.706205,GBR,TTO,830629
2835593,91,222,8744,2003,0.0,917.0,0.3936,-0.258355,GRD,TTO,830629
2835594,104,222,8744,2003,16482.0,0.0,0.33014099999999996,2.836003,IND,TTO,830629
2835595,111,222,8744,2003,3200.0,0.0,1.399734,1.044608,ITA,TTO,830629
2835596,114,222,8744,2003,1061.0,0.0,2.4686630000000003,0.48072600000000004,JPN,TTO,830629
2835597,138,222,8744,2003,2645.0,0.0,0.862509,0.756684,MEX,TTO,830629
2835598,231,222,8744,2003,36965.0,0.0,1.7789220000000001,0.064028,USA,TTO,830629
2835599,249,222,8744,2003,6482.0,0.0,1.5924040000000002,1.397843,TWN,TTO,830629
2835600,250,222,8744,2003,2599.0,0.0,0.45951499999999995,-0.2312,ANS,TTO,830629
2835601,4,224,8744,2003,0.0,918.0,-0.053595000000000004,0.166034,ALB,TUR,830629
2835602,7,224,8744,2003,0.0,12207.0,0.049637,-0.502691,ARE,TUR,830629
2835603,14,224,8744,2003,0.0,4967.0,0.316879,0.9409489999999999,AUS,TUR,830629
2835604,15,224,8744,2003,970.0,44061.0,1.834977,0.408096,AUT,TUR,830629
2835605,16,224,8744,2003,0.0,1981.0,-0.304606,-0.975453,AZE,TUR,830629
2835606,18,224,8744,2003,21460.0,161232.0,1.361682,1.39536,BEL,TUR,830629
2835607,23,224,8744,2003,0.0,13715.0,0.43308599999999997,1.7104099999999998,BGR,TUR,830629
2835608,32,224,8744,2003,6235.0,0.0,0.660576,1.118876,BRA,TUR,830629
2835609,39,224,8744,2003,0.0,13719.0,0.9791540000000001,1.185081,CAN,TUR,830629
2835610,41,224,8744,2003,0.0,28366.0,2.151037,0.711217,CHE,TUR,830629
2835611,43,224,8744,2003,581736.0,0.0,0.579431,2.773139,CHN,TUR,830629
2835612,56,224,8744,2003,0.0,19252.0,1.019324,-0.439778,CXR,TUR,830629
2835613,58,224,8744,2003,0.0,13835.0,0.259992,0.068914,CYP,TUR,830629
2835614,59,224,8744,2003,0.0,1944.0,1.555749,0.8662059999999999,CZE,TUR,830629
2835615,61,224,8744,2003,103234.0,684200.0,2.2821919999999998,-2.0985150000000004,DEU,TUR,830629
2835616,64,224,8744,2003,2069.0,60597.0,1.309564,1.245596,DNK,TUR,830629
2835617,66,224,8744,2003,0.0,4839.0,-1.060727,-1.142594,DZA,TUR,830629
2835618,68,224,8744,2003,5079.0,0.0,-0.292923,0.465433,EGY,TUR,830629
2835619,71,224,8744,2003,61967.0,340734.0,0.960684,2.074792,ESP,TUR,830629
2835620,74,224,8744,2003,0.0,35570.0,2.077889,0.942501,FIN,TUR,830629
2835621,77,224,8744,2003,189289.0,826822.0,1.606606,0.7394149999999999,FRA,TUR,830629
2835622,81,224,8744,2003,8539.0,184020.0,1.8712540000000002,0.706205,GBR,TUR,830629
2835623,90,224,8744,2003,23543.0,138635.0,0.364688,1.4823959999999998,GRC,TUR,830629
2835624,97,224,8744,2003,8216.0,2995.0,0.494569,2.147062,HKG,TUR,830629
2835625,100,224,8744,2003,0.0,1740.0,0.568394,1.230759,HRV,TUR,830629
2835626,102,224,8744,2003,0.0,23209.0,1.2003270000000001,1.091407,HUN,TUR,830629
2835627,103,224,8744,2003,4383.0,0.0,-0.16802,1.7252990000000001,IDN,TUR,830629
2835628,104,224,8744,2003,114450.0,0.0,0.33014099999999996,2.836003,IND,TUR,830629
2835629,107,224,8744,2003,1382.0,7854.0,-0.552146,-0.8668520000000001,IRN,TUR,830629
2835630,108,224,8744,2003,0.0,1021.0,-0.398557,-0.774153,IRQ,TUR,830629
2835631,110,224,8744,2003,14699.0,75823.0,1.157809,0.682195,ISR,TUR,830629
2835632,111,224,8744,2003,213533.0,1356615.0,1.399734,1.044608,ITA,TUR,830629
2835633,113,224,8744,2003,0.0,7004.0,0.12295,0.377031,JOR,TUR,830629
2835634,114,224,8744,2003,0.0,33304.0,2.4686630000000003,0.48072600000000004,JPN,TUR,830629
2835635,115,224,8744,2003,0.0,12223.0,-0.156326,-0.62092,KAZ,TUR,830629
2835636,116,224,8744,2003,2266.0,0.0,-0.3531,0.582992,KEN,TUR,830629
2835637,117,224,8744,2003,0.0,1233.0,0.25359699999999996,0.24101199999999998,KGZ,TUR,830629
2835638,121,224,8744,2003,0.0,1488.0,1.2611709999999998,0.956308,KOR,TUR,830629
2835639,122,224,8744,2003,0.0,25511.0,-0.7943640000000001,-1.1529770000000001,KWT,TUR,830629
2835640,124,224,8744,2003,2012.0,1958.0,0.261687,1.053856,LBN,TUR,830629
2835641,126,224,8744,2003,0.0,8725.0,-0.36075999999999997,-1.110575,LBY,TUR,830629
2835642,128,224,8744,2003,14751.0,0.0,-0.618057,0.101931,LKA,TUR,830629
2835643,134,224,8744,2003,0.0,4316.0,-0.6842050000000001,-0.217892,MAR,TUR,830629
2835644,135,224,8744,2003,0.0,1005.0,-0.005154,-0.26107199999999997,MDA,TUR,830629
2835645,138,224,8744,2003,2439.0,0.0,0.862509,0.756684,MEX,TUR,830629
2835646,140,224,8744,2003,0.0,1281.0,-0.017632,0.225394,MKD,TUR,830629
2835647,142,224,8744,2003,0.0,3707.0,1.2138149999999999,-0.015687,MLT,TUR,830629
2835648,153,224,8744,2003,1147.0,1129.0,0.728804,0.2168,MYS,TUR,830629
2835649,162,224,8744,2003,60322.0,316170.0,1.168453,1.7085709999999998,NLD,TUR,830629
2835650,163,224,8744,2003,0.0,139886.0,1.1500620000000001,0.258554,NOR,TUR,830629
2835651,168,224,8744,2003,8560.0,0.0,-0.6659689999999999,0.137924,PAK,TUR,830629
2835652,174,224,8744,2003,6059.0,0.0,-0.065022,-0.195144,PHL,TUR,830629
2835653,177,224,8744,2003,5806.0,3506.0,0.966622,1.664838,POL,TUR,830629
2835654,179,224,8744,2003,5283.0,34638.0,0.471376,1.647303,PRT,TUR,830629
2835655,183,224,8744,2003,0.0,531.0,-0.209042,-1.0565799999999999,QAT,TUR,830629
2835656,185,224,8744,2003,0.0,3115.0,0.378379,1.0064620000000002,ROU,TUR,830629
2835657,186,224,8744,2003,0.0,6638.0,1.072729,0.338355,RUS,TUR,830629
2835658,188,224,8744,2003,0.0,6721.0,0.202286,-0.714691,SAU,TUR,830629
2835659,189,224,8744,2003,0.0,9739.0,0.575326,1.627894,SCG,TUR,830629
2835660,192,224,8744,2003,0.0,1863.0,1.5080799999999999,0.720337,SGP,TUR,830629
2835661,206,224,8744,2003,0.0,1323.0,1.22565,0.915518,SVK,TUR,830629
2835662,208,224,8744,2003,1093.0,90028.0,2.099224,0.799982,SWE,TUR,830629
2835663,216,224,8744,2003,17120.0,0.0,0.43010699999999996,1.607408,THA,TUR,830629
2835664,219,224,8744,2003,0.0,6162.0,-1.223295,-1.250217,TKM,TUR,830629
2835665,223,224,8744,2003,0.0,2941.0,-0.14845999999999998,0.255092,TUN,TUR,830629
2835666,226,224,8744,2003,0.0,1205.0,-1.225217,-0.43662399999999996,TZA,TUR,830629
2835667,228,224,8744,2003,0.0,4080.0,0.8929389999999999,0.956685,UKR,TUR,830629
2835668,231,224,8744,2003,76461.0,4634206.0,1.7789220000000001,0.064028,USA,TUR,830629
2835669,232,224,8744,2003,0.0,1266.0,-0.285978,-0.703334,UZB,TUR,830629
2835670,239,224,8744,2003,3977.0,0.0,-0.633985,0.659696,VNM,TUR,830629
2835671,249,224,8744,2003,6433.0,0.0,1.5924040000000002,1.397843,TWN,TUR,830629
2835672,250,224,8744,2003,0.0,27766.0,0.45951499999999995,-0.2312,ANS,TUR,830629
2835673,32,230,8744,2003,1417.0,0.0,0.660576,1.118876,BRA,URY,830629
2835674,43,230,8744,2003,7551.0,0.0,0.579431,2.773139,CHN,URY,830629
2835675,61,230,8744,2003,869.0,1585.0,2.2821919999999998,-2.0985150000000004,DEU,URY,830629
2835676,71,230,8744,2003,8712.0,5480.0,0.960684,2.074792,ESP,URY,830629
2835677,77,230,8744,2003,0.0,1723.0,1.606606,0.7394149999999999,FRA,URY,830629
2835678,111,230,8744,2003,14405.0,0.0,1.399734,1.044608,ITA,URY,830629
2835679,138,230,8744,2003,2467.0,0.0,0.862509,0.756684,MEX,URY,830629
2835680,173,230,8744,2003,960.0,0.0,-0.48627,0.371354,PER,URY,830629
2835681,179,230,8744,2003,0.0,1456.0,0.471376,1.647303,PRT,URY,830629
2835682,216,230,8744,2003,8186.0,0.0,0.43010699999999996,1.607408,THA,URY,830629
2835683,231,230,8744,2003,10098.0,3245.0,1.7789220000000001,0.064028,USA,URY,830629
2835684,0,231,8744,2003,0.0,9000.0,-0.13006600000000001,-0.783431,ABW,USA,830629
2835685,5,231,8744,2003,702.0,0.0,1.0901319999999999,0.618693,AND,USA,830629
2835686,6,231,8744,2003,0.0,20750.0,0.108903,-0.650137,ANT,USA,830629
2835687,7,231,8744,2003,0.0,33623.0,0.049637,-0.502691,ARE,USA,830629
2835688,8,231,8744,2003,94416.0,7858.0,0.302073,0.49069700000000005,ARG,USA,830629
2835689,13,231,8744,2003,0.0,16119.0,0.014283,-0.564587,ATG,USA,830629
2835690,14,231,8744,2003,56518.0,161466.0,0.316879,0.9409489999999999,AUS,USA,830629
2835691,15,231,8744,2003,345861.0,60064.0,1.834977,0.408096,AUT,USA,830629
2835692,16,231,8744,2003,258.0,0.0,-0.304606,-0.975453,AZE,USA,830629
2835693,18,231,8744,2003,221390.0,209238.0,1.361682,1.39536,BEL,USA,830629
2835694,22,231,8744,2003,2520.0,0.0,-1.168404,-1.035782,BGD,USA,830629
2835695,23,231,8744,2003,57973.0,2417.0,0.43308599999999997,1.7104099999999998,BGR,USA,830629
2835696,24,231,8744,2003,0.0,9884.0,-0.10968800000000001,-1.041032,BHR,USA,830629
2835697,25,231,8744,2003,1272.0,34662.0,0.614422,-0.40984,BHS,USA,830629
2835698,29,231,8744,2003,0.0,19046.0,-0.543555,-0.7596,BLZ,USA,830629
2835699,30,231,8744,2003,0.0,24229.0,0.9966459999999999,-0.5183270000000001,BMU,USA,830629
2835700,31,231,8744,2003,0.0,9461.0,-0.787995,-0.7228899999999999,BOL,USA,830629
2835701,32,231,8744,2003,72542.0,16600.0,0.660576,1.118876,BRA,USA,830629
2835702,33,231,8744,2003,0.0,60529.0,0.744166,0.074191,BRB,USA,830629
2835703,39,231,8744,2003,2737487.0,6160338.0,0.9791540000000001,1.185081,CAN,USA,830629
2835704,41,231,8744,2003,837812.0,128961.0,2.151037,0.711217,CHE,USA,830629
2835705,42,231,8744,2003,90825.0,23373.0,-0.06375900000000001,-0.156808,CHL,USA,830629
2835706,43,231,8744,2003,183071856.0,82226.0,0.579431,2.773139,CHN,USA,830629
2835707,45,231,8744,2003,14325.0,0.0,-1.254788,-1.10897,CMR,USA,830629
2835708,49,231,8744,2003,377000.0,95924.0,0.218336,0.376869,COL,USA,830629
2835709,52,231,8744,2003,0.0,34486.0,-0.193904,-0.5049680000000001,CRI,USA,830629
2835710,57,231,8744,2003,0.0,18226.0,0.308768,-0.690944,CYM,USA,830629
2835711,58,231,8744,2003,0.0,2801.0,0.259992,0.068914,CYP,USA,830629
2835712,59,231,8744,2003,61469.0,4606.0,1.555749,0.8662059999999999,CZE,USA,830629
2835713,61,231,8744,2003,1323049.0,537160.0,2.2821919999999998,-2.0985150000000004,DEU,USA,830629
2835714,63,231,8744,2003,0.0,1682.0,0.11903299999999999,-0.21768200000000001,DMA,USA,830629
2835715,64,231,8744,2003,42972.0,8658.0,1.309564,1.245596,DNK,USA,830629
2835716,65,231,8744,2003,18025.0,33235.0,-0.46264399999999994,-0.245034,DOM,USA,830629
2835717,67,231,8744,2003,6931.0,117911.0,-0.8689370000000001,-0.889767,ECU,USA,830629
2835718,68,231,8744,2003,38252.0,0.0,-0.292923,0.465433,EGY,USA,830629
2835719,71,231,8744,2003,1640964.0,115802.0,0.960684,2.074792,ESP,USA,830629
2835720,74,231,8744,2003,985.0,17717.0,2.077889,0.942501,FIN,USA,830629
2835721,77,231,8744,2003,5775406.0,150746.0,1.606606,0.7394149999999999,FRA,USA,830629
2835722,81,231,8744,2003,2475175.0,749988.0,1.8712540000000002,0.706205,GBR,USA,830629
2835723,82,231,8744,2003,0.0,155449.0,0.595485,-0.25939,GEO,USA,830629
2835724,90,231,8744,2003,91573.0,6681.0,0.364688,1.4823959999999998,GRC,USA,830629
2835725,91,231,8744,2003,0.0,3116.0,0.3936,-0.258355,GRD,USA,830629
2835726,93,231,8744,2003,8101.0,17180.0,-0.444162,0.145319,GTM,USA,830629
2835727,96,231,8744,2003,0.0,13181.0,-0.59035,-0.7361340000000001,GUY,USA,830629
2835728,97,231,8744,2003,2580805.0,117109.0,0.494569,2.147062,HKG,USA,830629
2835729,99,231,8744,2003,462379.0,41469.0,-0.733546,-0.568585,HND,USA,830629
2835730,100,231,8744,2003,0.0,1468.0,0.568394,1.230759,HRV,USA,830629
2835731,101,231,8744,2003,1093580.0,7098.0,-1.3761290000000002,-1.006346,HTI,USA,830629
2835732,102,231,8744,2003,17363.0,2126.0,1.2003270000000001,1.091407,HUN,USA,830629
2835733,103,231,8744,2003,2768815.0,17437.0,-0.16802,1.7252990000000001,IDN,USA,830629
2835734,104,231,8744,2003,20311000.0,7348.0,0.33014099999999996,2.836003,IND,USA,830629
2835735,106,231,8744,2003,221139.0,19602.0,1.6396130000000002,0.220599,IRL,USA,830629
2835736,109,231,8744,2003,0.0,6705.0,0.21902800000000003,-0.40818499999999996,ISL,USA,830629
2835737,110,231,8744,2003,39400.0,60925.0,1.157809,0.682195,ISR,USA,830629
2835738,111,231,8744,2003,6280419.0,304967.0,1.399734,1.044608,ITA,USA,830629
2835739,112,231,8744,2003,0.0,111395.0,-0.6684140000000001,-0.915817,JAM,USA,830629
2835740,114,231,8744,2003,337415.0,330803.0,2.4686630000000003,0.48072600000000004,JPN,USA,830629
2835741,115,231,8744,2003,0.0,1325.0,-0.156326,-0.62092,KAZ,USA,830629
2835742,116,231,8744,2003,34141.0,7904.0,-0.3531,0.582992,KEN,USA,830629
2835743,120,231,8744,2003,0.0,11892.0,0.555154,-0.405962,KNA,USA,830629
2835744,121,231,8744,2003,1035825.0,43800.0,1.2611709999999998,0.956308,KOR,USA,830629
2835745,122,231,8744,2003,3800.0,48089.0,-0.7943640000000001,-1.1529770000000001,KWT,USA,830629
2835746,124,231,8744,2003,1766.0,8089.0,0.261687,1.053856,LBN,USA,830629
2835747,127,231,8744,2003,2205.0,12428.0,0.318385,-0.342679,LCA,USA,830629
2835748,132,231,8744,2003,0.0,6424.0,0.520772,0.5631689999999999,LVA,USA,830629
2835749,133,231,8744,2003,5351.0,0.0,-0.294516,-0.413828,MAC,USA,830629
2835750,134,231,8744,2003,30047.0,1947.0,-0.6842050000000001,-0.217892,MAR,USA,830629
2835751,138,231,8744,2003,14411239.0,1108971.0,0.862509,0.756684,MEX,USA,830629
2835752,141,231,8744,2003,11467.0,0.0,-0.786411,-0.879049,MLI,USA,830629
2835753,142,231,8744,2003,0.0,3252.0,1.2138149999999999,-0.015687,MLT,USA,830629
2835754,143,231,8744,2003,6714.0,0.0,-1.435123,-1.0948,MMR,USA,830629
2835755,145,231,8744,2003,0.0,5067.0,-0.9747620000000001,-1.026308,MNG,USA,830629
2835756,152,231,8744,2003,0.0,689.0,-1.48079,-1.235645,MWI,USA,830629
2835757,153,231,8744,2003,78840.0,30901.0,0.728804,0.2168,MYS,USA,830629
2835758,155,231,8744,2003,0.0,5129.0,-0.24004499999999998,-0.39565900000000004,NAM,USA,830629
2835759,159,231,8744,2003,4539.0,0.0,-1.859176,-1.234236,NGA,USA,830629
2835760,160,231,8744,2003,0.0,5465.0,-0.8661459999999999,-0.8661690000000001,NIC,USA,830629
2835761,162,231,8744,2003,611602.0,472922.0,1.168453,1.7085709999999998,NLD,USA,830629
2835762,163,231,8744,2003,14609.0,10536.0,1.1500620000000001,0.258554,NOR,USA,830629
2835763,164,231,8744,2003,107197.0,0.0,-0.26353899999999997,1.351717,NPL,USA,830629
2835764,166,231,8744,2003,5113.0,6018.0,0.589619,0.997301,NZL,USA,830629
2835765,168,231,8744,2003,39776.0,0.0,-0.6659689999999999,0.137924,PAK,USA,830629
2835766,169,231,8744,2003,0.0,2498.0,-0.050386,-0.039619999999999995,PAN,USA,830629
2835767,173,231,8744,2003,7548.0,9028.0,-0.48627,0.371354,PER,USA,830629
2835768,174,231,8744,2003,5103336.0,4781.0,-0.065022,-0.195144,PHL,USA,830629
2835769,177,231,8744,2003,472108.0,0.0,0.966622,1.664838,POL,USA,830629
2835770,179,231,8744,2003,43543.0,30078.0,0.471376,1.647303,PRT,USA,830629
2835771,182,231,8744,2003,2163.0,4284.0,-0.255707,-0.676557,PYF,USA,830629
2835772,183,231,8744,2003,0.0,8963.0,-0.209042,-1.0565799999999999,QAT,USA,830629
2835773,185,231,8744,2003,72778.0,5899.0,0.378379,1.0064620000000002,ROU,USA,830629
2835774,186,231,8744,2003,14292.0,29448.0,1.072729,0.338355,RUS,USA,830629
2835775,188,231,8744,2003,7301.0,7344.0,0.202286,-0.714691,SAU,USA,830629
2835776,192,231,8744,2003,224780.0,21979.0,1.5080799999999999,0.720337,SGP,USA,830629
2835777,197,231,8744,2003,50830.0,75148.0,-0.251357,-0.189917,SLV,USA,830629
2835778,205,231,8744,2003,0.0,18284.0,-0.896925,-0.88623,SUR,USA,830629
2835779,206,231,8744,2003,45496.0,1650.0,1.22565,0.915518,SVK,USA,830629
2835780,208,231,8744,2003,87577.0,18797.0,2.099224,0.799982,SWE,USA,830629
2835781,212,231,8744,2003,2428.0,0.0,-0.868749,-0.326322,SYR,USA,830629
2835782,213,231,8744,2003,0.0,1897.0,0.306975,-0.288514,TCA,USA,830629
2835783,216,231,8744,2003,14044372.0,48822.0,0.43010699999999996,1.607408,THA,USA,830629
2835784,222,231,8744,2003,0.0,36965.0,-0.16738,-0.9820969999999999,TTO,USA,830629
2835785,224,231,8744,2003,4634206.0,76461.0,0.192802,1.9855060000000002,TUR,USA,830629
2835786,226,231,8744,2003,2954.0,5379.0,-1.225217,-0.43662399999999996,TZA,USA,830629
2835787,228,231,8744,2003,0.0,840.0,0.8929389999999999,0.956685,UKR,USA,830629
2835788,230,231,8744,2003,3245.0,10098.0,0.19792200000000001,0.243104,URY,USA,830629
2835789,234,231,8744,2003,0.0,3145.0,-0.355758,-0.679181,VCT,USA,830629
2835790,236,231,8744,2003,141153.0,48454.0,0.277805,-0.783697,VEN,USA,830629
2835791,237,231,8744,2003,0.0,3506.0,0.685109,-0.20824299999999998,VGB,USA,830629
2835792,239,231,8744,2003,428416.0,0.0,-0.633985,0.659696,VNM,USA,830629
2835793,246,231,8744,2003,286331.0,27905.0,0.477987,2.255395,ZAF,USA,830629
2835794,247,231,8744,2003,0.0,1149.0,-0.678149,-0.5919449999999999,ZMB,USA,830629
2835795,249,231,8744,2003,5310968.0,28653.0,1.5924040000000002,1.397843,TWN,USA,830629
2835796,43,236,8744,2003,26670.0,0.0,0.579431,2.773139,CHN,VEN,830629
2835797,49,236,8744,2003,1975.0,0.0,0.218336,0.376869,COL,VEN,830629
2835798,52,236,8744,2003,0.0,1251.0,-0.193904,-0.5049680000000001,CRI,VEN,830629
2835799,61,236,8744,2003,47437.0,0.0,2.2821919999999998,-2.0985150000000004,DEU,VEN,830629
2835800,71,236,8744,2003,35821.0,5822.0,0.960684,2.074792,ESP,VEN,830629
2835801,77,236,8744,2003,2027.0,0.0,1.606606,0.7394149999999999,FRA,VEN,830629
2835802,81,236,8744,2003,0.0,2779.0,1.8712540000000002,0.706205,GBR,VEN,830629
2835803,97,236,8744,2003,19163.0,0.0,0.494569,2.147062,HKG,VEN,830629
2835804,99,236,8744,2003,0.0,836.0,-0.733546,-0.568585,HND,VEN,830629
2835805,104,236,8744,2003,13581.0,0.0,0.33014099999999996,2.836003,IND,VEN,830629
2835806,111,236,8744,2003,76083.0,0.0,1.399734,1.044608,ITA,VEN,830629
2835807,134,236,8744,2003,2529.0,0.0,-0.6842050000000001,-0.217892,MAR,VEN,830629
2835808,138,236,8744,2003,3222.0,0.0,0.862509,0.756684,MEX,VEN,830629
2835809,169,236,8744,2003,15668.0,2322.0,-0.050386,-0.039619999999999995,PAN,VEN,830629
2835810,174,236,8744,2003,2028.0,0.0,-0.065022,-0.195144,PHL,VEN,830629
2835811,177,236,8744,2003,5763.0,0.0,0.966622,1.664838,POL,VEN,830629
2835812,179,236,8744,2003,12535.0,0.0,0.471376,1.647303,PRT,VEN,830629
2835813,231,236,8744,2003,48454.0,141153.0,1.7789220000000001,0.064028,USA,VEN,830629
2835814,249,236,8744,2003,3974.0,0.0,1.5924040000000002,1.397843,TWN,VEN,830629
2835815,250,236,8744,2003,2583.0,0.0,0.45951499999999995,-0.2312,ANS,VEN,830629
2835816,103,237,8744,2003,1691.0,0.0,-0.16802,1.7252990000000001,IDN,VGB,830629
2835817,231,237,8744,2003,3506.0,0.0,1.7789220000000001,0.064028,USA,VGB,830629
2835818,2,246,8744,2003,0.0,34335.0,-1.8762919999999998,-1.176541,AGO,ZAF,830629
2835819,7,246,8744,2003,8267.0,0.0,0.049637,-0.502691,ARE,ZAF,830629
2835820,14,246,8744,2003,57392.0,52192.0,0.316879,0.9409489999999999,AUS,ZAF,830629
2835821,15,246,8744,2003,2817.0,4429.0,1.834977,0.408096,AUT,ZAF,830629
2835822,18,246,8744,2003,7163.0,4076.0,1.361682,1.39536,BEL,ZAF,830629
2835823,25,246,8744,2003,0.0,930.0,0.614422,-0.40984,BHS,ZAF,830629
2835824,32,246,8744,2003,3144.0,3383.0,0.660576,1.118876,BRA,ZAF,830629
2835825,37,246,8744,2003,866.0,87599.0,-0.517317,-1.1125770000000001,BWA,ZAF,830629
2835826,39,246,8744,2003,2499.0,7322.0,0.9791540000000001,1.185081,CAN,ZAF,830629
2835827,41,246,8744,2003,4960.0,15288.0,2.151037,0.711217,CHE,ZAF,830629
2835828,43,246,8744,2003,216386.0,5632.0,0.579431,2.773139,CHN,ZAF,830629
2835829,44,246,8744,2003,0.0,1927.0,-0.699928,-0.723739,CIV,ZAF,830629
2835830,49,246,8744,2003,0.0,970.0,0.218336,0.376869,COL,ZAF,830629
2835831,58,246,8744,2003,0.0,2142.0,0.259992,0.068914,CYP,ZAF,830629
2835832,59,246,8744,2003,0.0,3154.0,1.555749,0.8662059999999999,CZE,ZAF,830629
2835833,61,246,8744,2003,21725.0,61085.0,2.2821919999999998,-2.0985150000000004,DEU,ZAF,830629
2835834,64,246,8744,2003,0.0,1380.0,1.309564,1.245596,DNK,ZAF,830629
2835835,68,246,8744,2003,4496.0,0.0,-0.292923,0.465433,EGY,ZAF,830629
2835836,71,246,8744,2003,23731.0,6530.0,0.960684,2.074792,ESP,ZAF,830629
2835837,77,246,8744,2003,76591.0,6079.0,1.606606,0.7394149999999999,FRA,ZAF,830629
2835838,80,246,8744,2003,0.0,2185.0,-0.92745,-1.138466,GAB,ZAF,830629
2835839,81,246,8744,2003,99267.0,149187.0,1.8712540000000002,0.706205,GBR,ZAF,830629
2835840,83,246,8744,2003,0.0,1547.0,-1.074188,-0.7127319999999999,GHA,ZAF,830629
2835841,97,246,8744,2003,133272.0,4316.0,0.494569,2.147062,HKG,ZAF,830629
2835842,103,246,8744,2003,26453.0,0.0,-0.16802,1.7252990000000001,IDN,ZAF,830629
2835843,104,246,8744,2003,668450.0,1166.0,0.33014099999999996,2.836003,IND,ZAF,830629
2835844,106,246,8744,2003,0.0,12260.0,1.6396130000000002,0.220599,IRL,ZAF,830629
2835845,110,246,8744,2003,3925.0,10122.0,1.157809,0.682195,ISR,ZAF,830629
2835846,111,246,8744,2003,60075.0,14199.0,1.399734,1.044608,ITA,ZAF,830629
2835847,114,246,8744,2003,2428.0,11123.0,2.4686630000000003,0.48072600000000004,JPN,ZAF,830629
2835848,116,246,8744,2003,0.0,1389.0,-0.3531,0.582992,KEN,ZAF,830629
2835849,134,246,8744,2003,4548.0,0.0,-0.6842050000000001,-0.217892,MAR,ZAF,830629
2835850,136,246,8744,2003,1636.0,0.0,-1.254758,-0.622696,MDG,ZAF,830629
2835851,138,246,8744,2003,30388.0,0.0,0.862509,0.756684,MEX,ZAF,830629
2835852,147,246,8744,2003,0.0,3494.0,-1.188243,-1.123693,MOZ,ZAF,830629
2835853,151,246,8744,2003,0.0,5409.0,-0.361514,-0.29839899999999997,MUS,ZAF,830629
2835854,152,246,8744,2003,0.0,4438.0,-1.48079,-1.235645,MWI,ZAF,830629
2835855,155,246,8744,2003,0.0,17616.0,-0.24004499999999998,-0.39565900000000004,NAM,ZAF,830629
2835856,159,246,8744,2003,0.0,127444.0,-1.859176,-1.234236,NGA,ZAF,830629
2835857,162,246,8744,2003,46279.0,27317.0,1.168453,1.7085709999999998,NLD,ZAF,830629
2835858,164,246,8744,2003,1130.0,0.0,-0.26353899999999997,1.351717,NPL,ZAF,830629
2835859,166,246,8744,2003,0.0,2381.0,0.589619,0.997301,NZL,ZAF,830629
2835860,174,246,8744,2003,6462.0,0.0,-0.065022,-0.195144,PHL,ZAF,830629
2835861,179,246,8744,2003,0.0,37306.0,0.471376,1.647303,PRT,ZAF,830629
2835862,206,246,8744,2003,0.0,551.0,1.22565,0.915518,SVK,ZAF,830629
2835863,208,246,8744,2003,899.0,0.0,2.099224,0.799982,SWE,ZAF,830629
2835864,209,246,8744,2003,363.0,5581.0,0.399541,-0.23342600000000002,SWZ,ZAF,830629
2835865,216,246,8744,2003,66227.0,0.0,0.43010699999999996,1.607408,THA,ZAF,830629
2835866,226,246,8744,2003,0.0,1002.0,-1.225217,-0.43662399999999996,TZA,ZAF,830629
2835867,227,246,8744,2003,0.0,4393.0,-0.895193,-0.712039,UGA,ZAF,830629
2835868,231,246,8744,2003,27905.0,286331.0,1.7789220000000001,0.064028,USA,ZAF,830629
2835869,239,246,8744,2003,11023.0,0.0,-0.633985,0.659696,VNM,ZAF,830629
2835870,247,246,8744,2003,0.0,9296.0,-0.678149,-0.5919449999999999,ZMB,ZAF,830629
2835871,248,246,8744,2003,55323.0,4852.0,-0.366539,-0.18906199999999998,ZWE,ZAF,830629
2835872,249,246,8744,2003,17949.0,2372.0,1.5924040000000002,1.397843,TWN,ZAF,830629
2835873,7,249,8744,2003,0.0,39406.0,0.049637,-0.502691,ARE,TWN,830629
2835874,14,249,8744,2003,0.0,232899.0,0.316879,0.9409489999999999,AUS,TWN,830629
2835875,15,249,8744,2003,0.0,53287.0,1.834977,0.408096,AUT,TWN,830629
2835876,16,249,8744,2003,0.0,30771.0,-0.304606,-0.975453,AZE,TWN,830629
2835877,18,249,8744,2003,2029.0,111477.0,1.361682,1.39536,BEL,TWN,830629
2835878,22,249,8744,2003,0.0,30335.0,-1.168404,-1.035782,BGD,TWN,830629
2835879,23,249,8744,2003,1085.0,2048.0,0.43308599999999997,1.7104099999999998,BGR,TWN,830629
2835880,24,249,8744,2003,0.0,11620.0,-0.10968800000000001,-1.041032,BHR,TWN,830629
2835881,30,249,8744,2003,0.0,2164.0,0.9966459999999999,-0.5183270000000001,BMU,TWN,830629
2835882,32,249,8744,2003,0.0,3592.0,0.660576,1.118876,BRA,TWN,830629
2835883,33,249,8744,2003,0.0,2629.0,0.744166,0.074191,BRB,TWN,830629
2835884,39,249,8744,2003,1900.0,473217.0,0.9791540000000001,1.185081,CAN,TWN,830629
2835885,41,249,8744,2003,16218.0,36596.0,2.151037,0.711217,CHE,TWN,830629
2835886,42,249,8744,2003,0.0,40290.0,-0.06375900000000001,-0.156808,CHL,TWN,830629
2835887,43,249,8744,2003,1956101.0,131672.0,0.579431,2.773139,CHN,TWN,830629
2835888,49,249,8744,2003,0.0,6366.0,0.218336,0.376869,COL,TWN,830629
2835889,52,249,8744,2003,0.0,20865.0,-0.193904,-0.5049680000000001,CRI,TWN,830629
2835890,58,249,8744,2003,0.0,2699.0,0.259992,0.068914,CYP,TWN,830629
2835891,59,249,8744,2003,0.0,17473.0,1.555749,0.8662059999999999,CZE,TWN,830629
2835892,61,249,8744,2003,62700.0,3622356.0,2.2821919999999998,-2.0985150000000004,DEU,TWN,830629
2835893,63,249,8744,2003,0.0,2073.0,0.11903299999999999,-0.21768200000000001,DMA,TWN,830629
2835894,64,249,8744,2003,0.0,49291.0,1.309564,1.245596,DNK,TWN,830629
2835895,67,249,8744,2003,0.0,3218.0,-0.8689370000000001,-0.889767,ECU,TWN,830629
2835896,68,249,8744,2003,2508.0,1964.0,-0.292923,0.465433,EGY,TWN,830629
2835897,71,249,8744,2003,546603.0,346106.0,0.960684,2.074792,ESP,TWN,830629
2835898,72,249,8744,2003,0.0,2839.0,0.5913010000000001,0.8489979999999999,EST,TWN,830629
2835899,74,249,8744,2003,0.0,70051.0,2.077889,0.942501,FIN,TWN,830629
2835900,77,249,8744,2003,277559.0,352153.0,1.606606,0.7394149999999999,FRA,TWN,830629
2835901,81,249,8744,2003,21582.0,895118.0,1.8712540000000002,0.706205,GBR,TWN,830629
2835902,90,249,8744,2003,0.0,42382.0,0.364688,1.4823959999999998,GRC,TWN,830629
2835903,96,249,8744,2003,0.0,1816.0,-0.59035,-0.7361340000000001,GUY,TWN,830629
2835904,97,249,8744,2003,110560.0,387952.0,0.494569,2.147062,HKG,TWN,830629
2835905,100,249,8744,2003,0.0,2050.0,0.568394,1.230759,HRV,TWN,830629
2835906,102,249,8744,2003,0.0,33106.0,1.2003270000000001,1.091407,HUN,TWN,830629
2835907,103,249,8744,2003,24373.0,27744.0,-0.16802,1.7252990000000001,IDN,TWN,830629
2835908,104,249,8744,2003,56940.0,0.0,0.33014099999999996,2.836003,IND,TWN,830629
2835909,106,249,8744,2003,0.0,10806.0,1.6396130000000002,0.220599,IRL,TWN,830629
2835910,109,249,8744,2003,0.0,1805.0,0.21902800000000003,-0.40818499999999996,ISL,TWN,830629
2835911,110,249,8744,2003,0.0,20782.0,1.157809,0.682195,ISR,TWN,830629
2835912,111,249,8744,2003,269011.0,20756.0,1.399734,1.044608,ITA,TWN,830629
2835913,112,249,8744,2003,0.0,1975.0,-0.6684140000000001,-0.915817,JAM,TWN,830629
2835914,114,249,8744,2003,211573.0,501736.0,2.4686630000000003,0.48072600000000004,JPN,TWN,830629
2835915,116,249,8744,2003,0.0,1294.0,-0.3531,0.582992,KEN,TWN,830629
2835916,118,249,8744,2003,0.0,14575.0,-1.0165620000000002,-1.060454,KHM,TWN,830629
2835917,121,249,8744,2003,7929.0,21392.0,1.2611709999999998,0.956308,KOR,TWN,830629
2835918,122,249,8744,2003,0.0,11092.0,-0.7943640000000001,-1.1529770000000001,KWT,TWN,830629
2835919,124,249,8744,2003,0.0,14691.0,0.261687,1.053856,LBN,TWN,830629
2835920,128,249,8744,2003,0.0,87444.0,-0.618057,0.101931,LKA,TWN,830629
2835921,132,249,8744,2003,0.0,5488.0,0.520772,0.5631689999999999,LVA,TWN,830629
2835922,133,249,8744,2003,0.0,1354.0,-0.294516,-0.413828,MAC,TWN,830629
2835923,138,249,8744,2003,0.0,59021.0,0.862509,0.756684,MEX,TWN,830629
2835924,140,249,8744,2003,0.0,1239.0,-0.017632,0.225394,MKD,TWN,830629
2835925,142,249,8744,2003,0.0,12797.0,1.2138149999999999,-0.015687,MLT,TWN,830629
2835926,143,249,8744,2003,1483.0,0.0,-1.435123,-1.0948,MMR,TWN,830629
2835927,153,249,8744,2003,4423.0,38417.0,0.728804,0.2168,MYS,TWN,830629
2835928,160,249,8744,2003,0.0,2322.0,-0.8661459999999999,-0.8661690000000001,NIC,TWN,830629
2835929,162,249,8744,2003,7425.0,317425.0,1.168453,1.7085709999999998,NLD,TWN,830629
2835930,163,249,8744,2003,0.0,47546.0,1.1500620000000001,0.258554,NOR,TWN,830629
2835931,164,249,8744,2003,66288.0,0.0,-0.26353899999999997,1.351717,NPL,TWN,830629
2835932,166,249,8744,2003,0.0,55555.0,0.589619,0.997301,NZL,TWN,830629
2835933,167,249,8744,2003,0.0,1074.0,-1.434873,-1.188123,OMN,TWN,830629
2835934,168,249,8744,2003,5095.0,0.0,-0.6659689999999999,0.137924,PAK,TWN,830629
2835935,169,249,8744,2003,0.0,16637.0,-0.050386,-0.039619999999999995,PAN,TWN,830629
2835936,174,249,8744,2003,27947.0,15476.0,-0.065022,-0.195144,PHL,TWN,830629
2835937,175,249,8744,2003,0.0,2395.0,-0.478426,-0.85765,PLW,TWN,830629
2835938,177,249,8744,2003,0.0,2020.0,0.966622,1.664838,POL,TWN,830629
2835939,179,249,8744,2003,5760.0,3328.0,0.471376,1.647303,PRT,TWN,830629
2835940,183,249,8744,2003,0.0,2648.0,-0.209042,-1.0565799999999999,QAT,TWN,830629
2835941,185,249,8744,2003,0.0,18789.0,0.378379,1.0064620000000002,ROU,TWN,830629
2835942,186,249,8744,2003,0.0,57766.0,1.072729,0.338355,RUS,TWN,830629
2835943,188,249,8744,2003,0.0,184221.0,0.202286,-0.714691,SAU,TWN,830629
2835944,192,249,8744,2003,39777.0,82154.0,1.5080799999999999,0.720337,SGP,TWN,830629
2835945,197,249,8744,2003,0.0,2098.0,-0.251357,-0.189917,SLV,TWN,830629
2835946,207,249,8744,2003,0.0,1485.0,1.6459840000000001,1.014191,SVN,TWN,830629
2835947,208,249,8744,2003,1045.0,60251.0,2.099224,0.799982,SWE,TWN,830629
2835948,212,249,8744,2003,0.0,3005.0,-0.868749,-0.326322,SYR,TWN,830629
2835949,216,249,8744,2003,69820.0,10286.0,0.43010699999999996,1.607408,THA,TWN,830629
2835950,222,249,8744,2003,0.0,6482.0,-0.16738,-0.9820969999999999,TTO,TWN,830629
2835951,223,249,8744,2003,0.0,3400.0,-0.14845999999999998,0.255092,TUN,TWN,830629
2835952,224,249,8744,2003,0.0,6433.0,0.192802,1.9855060000000002,TUR,TWN,830629
2835953,228,249,8744,2003,0.0,16795.0,0.8929389999999999,0.956685,UKR,TWN,830629
2835954,231,249,8744,2003,28653.0,5310968.0,1.7789220000000001,0.064028,USA,TWN,830629
2835955,236,249,8744,2003,0.0,3974.0,0.277805,-0.783697,VEN,TWN,830629
2835956,239,249,8744,2003,14884.0,1662.0,-0.633985,0.659696,VNM,TWN,830629
2835957,246,249,8744,2003,2372.0,17949.0,0.477987,2.255395,ZAF,TWN,830629
2835958,250,249,8744,2003,2425.0,0.0,0.45951499999999995,-0.2312,ANS,TWN,830629
2835959,7,14,8744,2003,6281.0,8441.0,0.049637,-0.502691,ARE,AUS,830629
2835960,8,14,8744,2003,7714.0,0.0,0.302073,0.49069700000000005,ARG,AUS,830629
2835961,15,14,8744,2003,24609.0,0.0,1.834977,0.408096,AUT,AUS,830629
2835962,18,14,8744,2003,73090.0,0.0,1.361682,1.39536,BEL,AUS,830629
2835963,22,14,8744,2003,3090.0,0.0,-1.168404,-1.035782,BGD,AUS,830629
2835964,23,14,8744,2003,9379.0,0.0,0.43308599999999997,1.7104099999999998,BGR,AUS,830629
2835965,34,14,8744,2003,0.0,1420.0,-1.342738,-0.978633,BRN,AUS,830629
2835966,39,14,8744,2003,57919.0,0.0,0.9791540000000001,1.185081,CAN,AUS,830629
2835967,41,14,8744,2003,22513.0,5895.0,2.151037,0.711217,CHE,AUS,830629
2835968,43,14,8744,2003,2542660.0,0.0,0.579431,2.773139,CHN,AUS,830629
2835969,49,14,8744,2003,1806.0,0.0,0.218336,0.376869,COL,AUS,830629
2835970,61,14,8744,2003,144395.0,8018.0,2.2821919999999998,-2.0985150000000004,DEU,AUS,830629
2835971,64,14,8744,2003,1939.0,0.0,1.309564,1.245596,DNK,AUS,830629
2835972,68,14,8744,2003,3238.0,0.0,-0.292923,0.465433,EGY,AUS,830629
2835973,71,14,8744,2003,108333.0,8965.0,0.960684,2.074792,ESP,AUS,830629
2835974,73,14,8744,2003,1130.0,0.0,-1.1145559999999999,-0.9599620000000001,ETH,AUS,830629
2835975,75,14,8744,2003,0.0,10856.0,-0.6865640000000001,-0.326977,FJI,AUS,830629
2835976,77,14,8744,2003,87372.0,1546.0,1.606606,0.7394149999999999,FRA,AUS,830629
2835977,81,14,8744,2003,303839.0,37006.0,1.8712540000000002,0.706205,GBR,AUS,830629
2835978,90,14,8744,2003,4997.0,4743.0,0.364688,1.4823959999999998,GRC,AUS,830629
2835979,97,14,8744,2003,251165.0,24077.0,0.494569,2.147062,HKG,AUS,830629
2835980,102,14,8744,2003,16356.0,0.0,1.2003270000000001,1.091407,HUN,AUS,830629
2835981,103,14,8744,2003,273276.0,0.0,-0.16802,1.7252990000000001,IDN,AUS,830629
2835982,104,14,8744,2003,200170.0,4309.0,0.33014099999999996,2.836003,IND,AUS,830629
2835983,110,14,8744,2003,1665.0,0.0,1.157809,0.682195,ISR,AUS,830629
2835984,111,14,8744,2003,589227.0,0.0,1.399734,1.044608,ITA,AUS,830629
2835985,114,14,8744,2003,14145.0,11000.0,2.4686630000000003,0.48072600000000004,JPN,AUS,830629
2835986,118,14,8744,2003,3313.0,0.0,-1.0165620000000002,-1.060454,KHM,AUS,830629
2835987,121,14,8744,2003,30361.0,4369.0,1.2611709999999998,0.956308,KOR,AUS,830629
2835988,122,14,8744,2003,0.0,2905.0,-0.7943640000000001,-1.1529770000000001,KWT,AUS,830629
2835989,128,14,8744,2003,2107.0,0.0,-0.618057,0.101931,LKA,AUS,830629
2835990,134,14,8744,2003,6402.0,0.0,-0.6842050000000001,-0.217892,MAR,AUS,830629
2835991,138,14,8744,2003,4061.0,1505.0,0.862509,0.756684,MEX,AUS,830629
2835992,143,14,8744,2003,1226.0,0.0,-1.435123,-1.0948,MMR,AUS,830629
2835993,151,14,8744,2003,0.0,3280.0,-0.361514,-0.29839899999999997,MUS,AUS,830629
2835994,153,14,8744,2003,87490.0,2683.0,0.728804,0.2168,MYS,AUS,830629
2835995,156,14,8744,2003,0.0,8618.0,-0.344934,-0.776632,NCL,AUS,830629
2835996,162,14,8744,2003,54650.0,1153.0,1.168453,1.7085709999999998,NLD,AUS,830629
2835997,164,14,8744,2003,24209.0,0.0,-0.26353899999999997,1.351717,NPL,AUS,830629
2835998,166,14,8744,2003,96771.0,171251.0,0.589619,0.997301,NZL,AUS,830629
2835999,168,14,8744,2003,1878.0,0.0,-0.6659689999999999,0.137924,PAK,AUS,830629
2836000,174,14,8744,2003,95641.0,3791.0,-0.065022,-0.195144,PHL,AUS,830629
2836001,176,14,8744,2003,0.0,9991.0,-1.7997330000000002,-1.2110049999999999,PNG,AUS,830629
2836002,179,14,8744,2003,5878.0,0.0,0.471376,1.647303,PRT,AUS,830629
2836003,182,14,8744,2003,0.0,2081.0,-0.255707,-0.676557,PYF,AUS,830629
2836004,192,14,8744,2003,23124.0,17578.0,1.5080799999999999,0.720337,SGP,AUS,830629
2836005,208,14,8744,2003,3799.0,0.0,2.099224,0.799982,SWE,AUS,830629
2836006,212,14,8744,2003,1532.0,0.0,-0.868749,-0.326322,SYR,AUS,830629
2836007,216,14,8744,2003,415911.0,1992.0,0.43010699999999996,1.607408,THA,AUS,830629
2836008,220,14,8744,2003,0.0,1611.0,1.21882,-0.118529,TLS,AUS,830629
2836009,223,14,8744,2003,2498.0,0.0,-0.14845999999999998,0.255092,TUN,AUS,830629
2836010,224,14,8744,2003,4967.0,0.0,0.192802,1.9855060000000002,TUR,AUS,830629
2836011,231,14,8744,2003,161466.0,56518.0,1.7789220000000001,0.064028,USA,AUS,830629
2836012,239,14,8744,2003,88660.0,0.0,-0.633985,0.659696,VNM,AUS,830629
2836013,246,14,8744,2003,52192.0,57392.0,0.477987,2.255395,ZAF,AUS,830629
2836014,248,14,8744,2003,89086.0,0.0,-0.366539,-0.18906199999999998,ZWE,AUS,830629
2836015,249,14,8744,2003,232899.0,0.0,1.5924040000000002,1.397843,TWN,AUS,830629
2836016,7,16,8744,2003,6261.0,0.0,0.049637,-0.502691,ARE,AZE,830629
2836017,43,16,8744,2003,55986.0,0.0,0.579431,2.773139,CHN,AZE,830629
2836018,71,16,8744,2003,4112.0,0.0,0.960684,2.074792,ESP,AZE,830629
2836019,111,16,8744,2003,26867.0,0.0,1.399734,1.044608,ITA,AZE,830629
2836020,121,16,8744,2003,952.0,0.0,1.2611709999999998,0.956308,KOR,AZE,830629
2836021,224,16,8744,2003,1981.0,0.0,0.192802,1.9855060000000002,TUR,AZE,830629
2836022,231,16,8744,2003,0.0,258.0,1.7789220000000001,0.064028,USA,AZE,830629
2836023,249,16,8744,2003,30771.0,0.0,1.5924040000000002,1.397843,TWN,AZE,830629
2836024,14,23,8744,2003,0.0,9379.0,0.316879,0.9409489999999999,AUS,BGR,830629
2836025,15,23,8744,2003,18658.0,4906.0,1.834977,0.408096,AUT,BGR,830629
2836026,18,23,8744,2003,0.0,224908.0,1.361682,1.39536,BEL,BGR,830629
2836027,39,23,8744,2003,0.0,928.0,0.9791540000000001,1.185081,CAN,BGR,830629
2836028,41,23,8744,2003,913.0,0.0,2.151037,0.711217,CHE,BGR,830629
2836029,42,23,8744,2003,0.0,1003.0,-0.06375900000000001,-0.156808,CHL,BGR,830629
2836030,43,23,8744,2003,13866.0,0.0,0.579431,2.773139,CHN,BGR,830629
2836031,61,23,8744,2003,31615.0,25080.0,2.2821919999999998,-2.0985150000000004,DEU,BGR,830629
2836032,64,23,8744,2003,0.0,6323.0,1.309564,1.245596,DNK,BGR,830629
2836033,71,23,8744,2003,49040.0,1462.0,0.960684,2.074792,ESP,BGR,830629
2836034,77,23,8744,2003,19321.0,6984.0,1.606606,0.7394149999999999,FRA,BGR,830629
2836035,81,23,8744,2003,26815.0,12425.0,1.8712540000000002,0.706205,GBR,BGR,830629
2836036,90,23,8744,2003,5746.0,13207.0,0.364688,1.4823959999999998,GRC,BGR,830629
2836037,97,23,8744,2003,7210.0,0.0,0.494569,2.147062,HKG,BGR,830629
2836038,102,23,8744,2003,2324.0,0.0,1.2003270000000001,1.091407,HUN,BGR,830629
2836039,104,23,8744,2003,17069.0,0.0,0.33014099999999996,2.836003,IND,BGR,830629
2836040,110,23,8744,2003,0.0,10159.0,1.157809,0.682195,ISR,BGR,830629
2836041,111,23,8744,2003,83856.0,0.0,1.399734,1.044608,ITA,BGR,830629
2836042,122,23,8744,2003,0.0,1801.0,-0.7943640000000001,-1.1529770000000001,KWT,BGR,830629
2836043,140,23,8744,2003,0.0,1201.0,-0.017632,0.225394,MKD,BGR,830629
2836044,162,23,8744,2003,12893.0,93390.0,1.168453,1.7085709999999998,NLD,BGR,830629
2836045,189,23,8744,2003,0.0,45791.0,0.575326,1.627894,SCG,BGR,830629
2836046,206,23,8744,2003,0.0,1988.0,1.22565,0.915518,SVK,BGR,830629
2836047,208,23,8744,2003,0.0,9222.0,2.099224,0.799982,SWE,BGR,830629
2836048,216,23,8744,2003,2565.0,0.0,0.43010699999999996,1.607408,THA,BGR,830629
2836049,224,23,8744,2003,13715.0,0.0,0.192802,1.9855060000000002,TUR,BGR,830629
2836050,231,23,8744,2003,2417.0,57973.0,1.7789220000000001,0.064028,USA,BGR,830629
2836051,249,23,8744,2003,2048.0,1085.0,1.5924040000000002,1.397843,TWN,BGR,830629
2836052,15,26,8744,2003,5887.0,0.0,1.834977,0.408096,AUT,BIH,830629
2836053,18,26,8744,2003,3308.0,0.0,1.361682,1.39536,BEL,BIH,830629
2836054,43,26,8744,2003,2927.0,0.0,0.579431,2.773139,CHN,BIH,830629
2836055,59,26,8744,2003,2649.0,2866.0,1.555749,0.8662059999999999,CZE,BIH,830629
2836056,61,26,8744,2003,14596.0,0.0,2.2821919999999998,-2.0985150000000004,DEU,BIH,830629
2836057,71,26,8744,2003,3471.0,0.0,0.960684,2.074792,ESP,BIH,830629
2836058,81,26,8744,2003,1416.0,0.0,1.8712540000000002,0.706205,GBR,BIH,830629
2836059,100,26,8744,2003,9162.0,0.0,0.568394,1.230759,HRV,BIH,830629
2836060,102,26,8744,2003,1915.0,0.0,1.2003270000000001,1.091407,HUN,BIH,830629
2836061,111,26,8744,2003,190828.0,0.0,1.399734,1.044608,ITA,BIH,830629
2836062,162,26,8744,2003,16930.0,0.0,1.168453,1.7085709999999998,NLD,BIH,830629
2836063,189,26,8744,2003,0.0,4825.0,0.575326,1.627894,SCG,BIH,830629
2836064,207,26,8744,2003,2202.0,0.0,1.6459840000000001,1.014191,SVN,BIH,830629
2836065,216,26,8744,2003,1769.0,0.0,0.43010699999999996,1.607408,THA,BIH,830629
2836066,250,26,8744,2003,30.0,0.0,0.45951499999999995,-0.2312,ANS,BIH,830629
2836067,7,28,8744,2003,0.0,661.0,0.049637,-0.502691,ARE,BLR,830629
2836068,43,28,8744,2003,656.0,0.0,0.579431,2.773139,CHN,BLR,830629
2836069,61,28,8744,2003,3890.0,0.0,2.2821919999999998,-2.0985150000000004,DEU,BLR,830629
2836070,71,28,8744,2003,0.0,1975.0,0.960684,2.074792,ESP,BLR,830629
2836071,111,28,8744,2003,4780.0,0.0,1.399734,1.044608,ITA,BLR,830629
2836072,128,28,8744,2003,2151.0,0.0,-0.618057,0.101931,LKA,BLR,830629
2836073,130,28,8744,2003,9315.0,0.0,0.239608,0.517299,LTU,BLR,830629
2836074,162,28,8744,2003,4178.0,0.0,1.168453,1.7085709999999998,NLD,BLR,830629
2836075,186,28,8744,2003,20393.0,40628.0,1.072729,0.338355,RUS,BLR,830629
2836076,7,59,8744,2003,0.0,49221.0,0.049637,-0.502691,ARE,CZE,830629
2836077,15,59,8744,2003,72991.0,51189.0,1.834977,0.408096,AUT,CZE,830629
2836078,18,59,8744,2003,1835.0,12921.0,1.361682,1.39536,BEL,CZE,830629
2836079,26,59,8744,2003,2866.0,2649.0,0.195667,0.347011,BIH,CZE,830629
2836080,39,59,8744,2003,0.0,16945.0,0.9791540000000001,1.185081,CAN,CZE,830629
2836081,41,59,8744,2003,20632.0,32509.0,2.151037,0.711217,CHE,CZE,830629
2836082,43,59,8744,2003,126740.0,0.0,0.579431,2.773139,CHN,CZE,830629
2836083,61,59,8744,2003,571217.0,1392264.0,2.2821919999999998,-2.0985150000000004,DEU,CZE,830629
2836084,64,59,8744,2003,2181.0,94220.0,1.309564,1.245596,DNK,CZE,830629
2836085,68,59,8744,2003,2914.0,0.0,-0.292923,0.465433,EGY,CZE,830629
2836086,71,59,8744,2003,298318.0,2731.0,0.960684,2.074792,ESP,CZE,830629
2836087,77,59,8744,2003,15023.0,4585.0,1.606606,0.7394149999999999,FRA,CZE,830629
2836088,81,59,8744,2003,1588.0,38863.0,1.8712540000000002,0.706205,GBR,CZE,830629
2836089,97,59,8744,2003,4317.0,2859.0,0.494569,2.147062,HKG,CZE,830629
2836090,100,59,8744,2003,0.0,2739.0,0.568394,1.230759,HRV,CZE,830629
2836091,102,59,8744,2003,6203.0,3531.0,1.2003270000000001,1.091407,HUN,CZE,830629
2836092,103,59,8744,2003,4040.0,0.0,-0.16802,1.7252990000000001,IDN,CZE,830629
2836093,104,59,8744,2003,65466.0,0.0,0.33014099999999996,2.836003,IND,CZE,830629
2836094,111,59,8744,2003,401668.0,7228.0,1.399734,1.044608,ITA,CZE,830629
2836095,114,59,8744,2003,0.0,5794.0,2.4686630000000003,0.48072600000000004,JPN,CZE,830629
2836096,128,59,8744,2003,688.0,0.0,-0.618057,0.101931,LKA,CZE,830629
2836097,162,59,8744,2003,384100.0,22638.0,1.168453,1.7085709999999998,NLD,CZE,830629
2836098,163,59,8744,2003,0.0,5777.0,1.1500620000000001,0.258554,NOR,CZE,830629
2836099,174,59,8744,2003,10053.0,0.0,-0.065022,-0.195144,PHL,CZE,830629
2836100,177,59,8744,2003,18336.0,18550.0,0.966622,1.664838,POL,CZE,830629
2836101,185,59,8744,2003,2054.0,0.0,0.378379,1.0064620000000002,ROU,CZE,830629
2836102,186,59,8744,2003,1134.0,2861.0,1.072729,0.338355,RUS,CZE,830629
2836103,206,59,8744,2003,50012.0,153849.0,1.22565,0.915518,SVK,CZE,830629
2836104,208,59,8744,2003,2625.0,26973.0,2.099224,0.799982,SWE,CZE,830629
2836105,216,59,8744,2003,5337.0,0.0,0.43010699999999996,1.607408,THA,CZE,830629
2836106,224,59,8744,2003,1944.0,0.0,0.192802,1.9855060000000002,TUR,CZE,830629
2836107,228,59,8744,2003,0.0,1761.0,0.8929389999999999,0.956685,UKR,CZE,830629
2836108,231,59,8744,2003,4606.0,61469.0,1.7789220000000001,0.064028,USA,CZE,830629
2836109,239,59,8744,2003,45129.0,0.0,-0.633985,0.659696,VNM,CZE,830629
2836110,246,59,8744,2003,3154.0,0.0,0.477987,2.255395,ZAF,CZE,830629
2836111,249,59,8744,2003,17473.0,0.0,1.5924040000000002,1.397843,TWN,CZE,830629
2836112,7,68,8744,2003,925.0,101016.0,0.049637,-0.502691,ARE,EGY,830629
2836113,8,68,8744,2003,0.0,1490.0,0.302073,0.49069700000000005,ARG,EGY,830629
2836114,14,68,8744,2003,0.0,3238.0,0.316879,0.9409489999999999,AUS,EGY,830629
2836115,15,68,8744,2003,0.0,2209.0,1.834977,0.408096,AUT,EGY,830629
2836116,18,68,8744,2003,0.0,16407.0,1.361682,1.39536,BEL,EGY,830629
2836117,24,68,8744,2003,0.0,50164.0,-0.10968800000000001,-1.041032,BHR,EGY,830629
2836118,39,68,8744,2003,0.0,4028.0,0.9791540000000001,1.185081,CAN,EGY,830629
2836119,41,68,8744,2003,0.0,3110.0,2.151037,0.711217,CHE,EGY,830629
2836120,42,68,8744,2003,0.0,3147.0,-0.06375900000000001,-0.156808,CHL,EGY,830629
2836121,43,68,8744,2003,144289.0,0.0,0.579431,2.773139,CHN,EGY,830629
2836122,58,68,8744,2003,0.0,2197.0,0.259992,0.068914,CYP,EGY,830629
2836123,59,68,8744,2003,0.0,2914.0,1.555749,0.8662059999999999,CZE,EGY,830629
2836124,61,68,8744,2003,0.0,50925.0,2.2821919999999998,-2.0985150000000004,DEU,EGY,830629
2836125,64,68,8744,2003,0.0,6144.0,1.309564,1.245596,DNK,EGY,830629
2836126,66,68,8744,2003,0.0,1036.0,-1.060727,-1.142594,DZA,EGY,830629
2836127,71,68,8744,2003,5758.0,23444.0,0.960684,2.074792,ESP,EGY,830629
2836128,72,68,8744,2003,0.0,759.0,0.5913010000000001,0.8489979999999999,EST,EGY,830629
2836129,73,68,8744,2003,0.0,1432.0,-1.1145559999999999,-0.9599620000000001,ETH,EGY,830629
2836130,74,68,8744,2003,0.0,2134.0,2.077889,0.942501,FIN,EGY,830629
2836131,77,68,8744,2003,95886.0,21942.0,1.606606,0.7394149999999999,FRA,EGY,830629
2836132,81,68,8744,2003,1117.0,8273.0,1.8712540000000002,0.706205,GBR,EGY,830629
2836133,90,68,8744,2003,0.0,26767.0,0.364688,1.4823959999999998,GRC,EGY,830629
2836134,97,68,8744,2003,48085.0,0.0,0.494569,2.147062,HKG,EGY,830629
2836135,104,68,8744,2003,10127.0,0.0,0.33014099999999996,2.836003,IND,EGY,830629
2836136,110,68,8744,2003,0.0,10545.0,1.157809,0.682195,ISR,EGY,830629
2836137,111,68,8744,2003,45332.0,4074.0,1.399734,1.044608,ITA,EGY,830629
2836138,114,68,8744,2003,0.0,4525.0,2.4686630000000003,0.48072600000000004,JPN,EGY,830629
2836139,116,68,8744,2003,0.0,1732.0,-0.3531,0.582992,KEN,EGY,830629
2836140,121,68,8744,2003,3615.0,3771.0,1.2611709999999998,0.956308,KOR,EGY,830629
2836141,122,68,8744,2003,650.0,25562.0,-0.7943640000000001,-1.1529770000000001,KWT,EGY,830629
2836142,124,68,8744,2003,5249.0,17246.0,0.261687,1.053856,LBN,EGY,830629
2836143,126,68,8744,2003,0.0,9777.0,-0.36075999999999997,-1.110575,LBY,EGY,830629
2836144,130,68,8744,2003,0.0,3880.0,0.239608,0.517299,LTU,EGY,830629
2836145,134,68,8744,2003,0.0,3536.0,-0.6842050000000001,-0.217892,MAR,EGY,830629
2836146,136,68,8744,2003,0.0,1144.0,-1.254758,-0.622696,MDG,EGY,830629
2836147,138,68,8744,2003,0.0,1454.0,0.862509,0.756684,MEX,EGY,830629
2836148,142,68,8744,2003,0.0,8091.0,1.2138149999999999,-0.015687,MLT,EGY,830629
2836149,153,68,8744,2003,0.0,1901.0,0.728804,0.2168,MYS,EGY,830629
2836150,159,68,8744,2003,0.0,3940.0,-1.859176,-1.234236,NGA,EGY,830629
2836151,162,68,8744,2003,0.0,20214.0,1.168453,1.7085709999999998,NLD,EGY,830629
2836152,163,68,8744,2003,0.0,2842.0,1.1500620000000001,0.258554,NOR,EGY,830629
2836153,166,68,8744,2003,0.0,2044.0,0.589619,0.997301,NZL,EGY,830629
2836154,167,68,8744,2003,0.0,1273.0,-1.434873,-1.188123,OMN,EGY,830629
2836155,168,68,8744,2003,0.0,2519.0,-0.6659689999999999,0.137924,PAK,EGY,830629
2836156,173,68,8744,2003,0.0,1918.0,-0.48627,0.371354,PER,EGY,830629
2836157,177,68,8744,2003,0.0,2725.0,0.966622,1.664838,POL,EGY,830629
2836158,179,68,8744,2003,9620.0,1098.0,0.471376,1.647303,PRT,EGY,830629
2836159,181,68,8744,2003,0.0,14006.0,0.657296,0.220183,PSE,EGY,830629
2836160,183,68,8744,2003,1685.0,17374.0,-0.209042,-1.0565799999999999,QAT,EGY,830629
2836161,186,68,8744,2003,0.0,3948.0,1.072729,0.338355,RUS,EGY,830629
2836162,188,68,8744,2003,0.0,46529.0,0.202286,-0.714691,SAU,EGY,830629
2836163,190,68,8744,2003,0.0,933.0,-1.3535059999999999,-1.1701409999999999,SDN,EGY,830629
2836164,208,68,8744,2003,0.0,3429.0,2.099224,0.799982,SWE,EGY,830629
2836165,216,68,8744,2003,28669.0,0.0,0.43010699999999996,1.607408,THA,EGY,830629
2836166,223,68,8744,2003,0.0,12770.0,-0.14845999999999998,0.255092,TUN,EGY,830629
2836167,224,68,8744,2003,0.0,5079.0,0.192802,1.9855060000000002,TUR,EGY,830629
2836168,226,68,8744,2003,0.0,1683.0,-1.225217,-0.43662399999999996,TZA,EGY,830629
2836169,231,68,8744,2003,0.0,38252.0,1.7789220000000001,0.064028,USA,EGY,830629
2836170,243,68,8744,2003,0.0,4132.0,-1.453584,-1.257815,YEM,EGY,830629
2836171,246,68,8744,2003,0.0,4496.0,0.477987,2.255395,ZAF,EGY,830629
2836172,249,68,8744,2003,1964.0,2508.0,1.5924040000000002,1.397843,TWN,EGY,830629
2836173,250,68,8744,2003,0.0,11532.0,0.45951499999999995,-0.2312,ANS,EGY,830629
2836174,18,74,8744,2003,16068.0,0.0,1.361682,1.39536,BEL,FIN,830629
2836175,39,74,8744,2003,1125.0,0.0,0.9791540000000001,1.185081,CAN,FIN,830629
2836176,41,74,8744,2003,2510.0,1408.0,2.151037,0.711217,CHE,FIN,830629
2836177,43,74,8744,2003,361412.0,0.0,0.579431,2.773139,CHN,FIN,830629
2836178,61,74,8744,2003,331140.0,0.0,2.2821919999999998,-2.0985150000000004,DEU,FIN,830629
2836179,64,74,8744,2003,188573.0,1319.0,1.309564,1.245596,DNK,FIN,830629
2836180,68,74,8744,2003,2134.0,0.0,-0.292923,0.465433,EGY,FIN,830629
2836181,71,74,8744,2003,175847.0,11454.0,0.960684,2.074792,ESP,FIN,830629
2836182,72,74,8744,2003,16309.0,26232.0,0.5913010000000001,0.8489979999999999,EST,FIN,830629
2836183,77,74,8744,2003,252205.0,0.0,1.606606,0.7394149999999999,FRA,FIN,830629
2836184,81,74,8744,2003,26784.0,0.0,1.8712540000000002,0.706205,GBR,FIN,830629
2836185,97,74,8744,2003,64696.0,0.0,0.494569,2.147062,HKG,FIN,830629
2836186,102,74,8744,2003,937.0,0.0,1.2003270000000001,1.091407,HUN,FIN,830629
2836187,103,74,8744,2003,5523.0,0.0,-0.16802,1.7252990000000001,IDN,FIN,830629
2836188,104,74,8744,2003,140965.0,0.0,0.33014099999999996,2.836003,IND,FIN,830629
2836189,109,74,8744,2003,0.0,2767.0,0.21902800000000003,-0.40818499999999996,ISL,FIN,830629
2836190,111,74,8744,2003,937584.0,3337.0,1.399734,1.044608,ITA,FIN,830629
2836191,130,74,8744,2003,0.0,1625.0,0.239608,0.517299,LTU,FIN,830629
2836192,132,74,8744,2003,1690.0,12597.0,0.520772,0.5631689999999999,LVA,FIN,830629
2836193,138,74,8744,2003,14069.0,0.0,0.862509,0.756684,MEX,FIN,830629
2836194,162,74,8744,2003,255430.0,0.0,1.168453,1.7085709999999998,NLD,FIN,830629
2836195,163,74,8744,2003,1935.0,7354.0,1.1500620000000001,0.258554,NOR,FIN,830629
2836196,164,74,8744,2003,27621.0,0.0,-0.26353899999999997,1.351717,NPL,FIN,830629
2836197,174,74,8744,2003,1265.0,0.0,-0.065022,-0.195144,PHL,FIN,830629
2836198,177,74,8744,2003,4150.0,0.0,0.966622,1.664838,POL,FIN,830629
2836199,179,74,8744,2003,9012.0,0.0,0.471376,1.647303,PRT,FIN,830629
2836200,186,74,8744,2003,0.0,97007.0,1.072729,0.338355,RUS,FIN,830629
2836201,207,74,8744,2003,13557.0,0.0,1.6459840000000001,1.014191,SVN,FIN,830629
2836202,208,74,8744,2003,441082.0,26067.0,2.099224,0.799982,SWE,FIN,830629
2836203,216,74,8744,2003,193099.0,0.0,0.43010699999999996,1.607408,THA,FIN,830629
2836204,224,74,8744,2003,35570.0,0.0,0.192802,1.9855060000000002,TUR,FIN,830629
2836205,228,74,8744,2003,2494.0,0.0,0.8929389999999999,0.956685,UKR,FIN,830629
2836206,231,74,8744,2003,17717.0,985.0,1.7789220000000001,0.064028,USA,FIN,830629
2836207,239,74,8744,2003,21665.0,0.0,-0.633985,0.659696,VNM,FIN,830629
2836208,249,74,8744,2003,70051.0,0.0,1.5924040000000002,1.397843,TWN,FIN,830629
2836209,18,83,8744,2003,3046.0,0.0,1.361682,1.39536,BEL,GHA,830629
2836210,39,83,8744,2003,0.0,1707.0,0.9791540000000001,1.185081,CAN,GHA,830629
2836211,43,83,8744,2003,1879.0,0.0,0.579431,2.773139,CHN,GHA,830629
2836212,61,83,8744,2003,11476.0,12240.0,2.2821919999999998,-2.0985150000000004,DEU,GHA,830629
2836213,77,83,8744,2003,2729.0,0.0,1.606606,0.7394149999999999,FRA,GHA,830629
2836214,81,83,8744,2003,1224.0,0.0,1.8712540000000002,0.706205,GBR,GHA,830629
2836215,111,83,8744,2003,2530.0,5752.0,1.399734,1.044608,ITA,GHA,830629
2836216,114,83,8744,2003,0.0,4431.0,2.4686630000000003,0.48072600000000004,JPN,GHA,830629
2836217,162,83,8744,2003,0.0,2186.0,1.168453,1.7085709999999998,NLD,GHA,830629
2836218,246,83,8744,2003,1547.0,0.0,0.477987,2.255395,ZAF,GHA,830629
2836219,250,83,8744,2003,1298.0,0.0,0.45951499999999995,-0.2312,ANS,GHA,830629
2836220,39,93,8744,2003,7815.0,0.0,0.9791540000000001,1.185081,CAN,GTM,830629
2836221,43,93,8744,2003,11789.0,0.0,0.579431,2.773139,CHN,GTM,830629
2836222,49,93,8744,2003,3925.0,0.0,0.218336,0.376869,COL,GTM,830629
2836223,61,93,8744,2003,4238.0,0.0,2.2821919999999998,-2.0985150000000004,DEU,GTM,830629
2836224,64,93,8744,2003,1017.0,0.0,1.309564,1.245596,DNK,GTM,830629
2836225,71,93,8744,2003,12710.0,4298.0,0.960684,2.074792,ESP,GTM,830629
2836226,97,93,8744,2003,7004.0,0.0,0.494569,2.147062,HKG,GTM,830629
2836227,99,93,8744,2003,0.0,2362.0,-0.733546,-0.568585,HND,GTM,830629
2836228,104,93,8744,2003,17577.0,0.0,0.33014099999999996,2.836003,IND,GTM,830629
2836229,111,93,8744,2003,12546.0,0.0,1.399734,1.044608,ITA,GTM,830629
2836230,138,93,8744,2003,26103.0,0.0,0.862509,0.756684,MEX,GTM,830629
2836231,169,93,8744,2003,25027.0,2333.0,-0.050386,-0.039619999999999995,PAN,GTM,830629
2836232,173,93,8744,2003,966.0,0.0,-0.48627,0.371354,PER,GTM,830629
2836233,197,93,8744,2003,12376.0,5209.0,-0.251357,-0.189917,SLV,GTM,830629
2836234,231,93,8744,2003,17180.0,8101.0,1.7789220000000001,0.064028,USA,GTM,830629
2836235,250,93,8744,2003,4163.0,1480.0,0.45951499999999995,-0.2312,ANS,GTM,830629
2836236,15,100,8744,2003,42584.0,0.0,1.834977,0.408096,AUT,HRV,830629
2836237,26,100,8744,2003,0.0,9162.0,0.195667,0.347011,BIH,HRV,830629
2836238,43,100,8744,2003,20907.0,0.0,0.579431,2.773139,CHN,HRV,830629
2836239,59,100,8744,2003,2739.0,0.0,1.555749,0.8662059999999999,CZE,HRV,830629
2836240,61,100,8744,2003,51758.0,3786.0,2.2821919999999998,-2.0985150000000004,DEU,HRV,830629
2836241,71,100,8744,2003,37097.0,0.0,0.960684,2.074792,ESP,HRV,830629
2836242,77,100,8744,2003,4073.0,0.0,1.606606,0.7394149999999999,FRA,HRV,830629
2836243,81,100,8744,2003,50443.0,0.0,1.8712540000000002,0.706205,GBR,HRV,830629
2836244,97,100,8744,2003,15692.0,0.0,0.494569,2.147062,HKG,HRV,830629
2836245,102,100,8744,2003,5305.0,0.0,1.2003270000000001,1.091407,HUN,HRV,830629
2836246,103,100,8744,2003,3211.0,0.0,-0.16802,1.7252990000000001,IDN,HRV,830629
2836247,104,100,8744,2003,8738.0,0.0,0.33014099999999996,2.836003,IND,HRV,830629
2836248,111,100,8744,2003,902915.0,1444.0,1.399734,1.044608,ITA,HRV,830629
2836249,162,100,8744,2003,28100.0,41279.0,1.168453,1.7085709999999998,NLD,HRV,830629
2836250,174,100,8744,2003,3761.0,0.0,-0.065022,-0.195144,PHL,HRV,830629
2836251,177,100,8744,2003,5818.0,0.0,0.966622,1.664838,POL,HRV,830629
2836252,207,100,8744,2003,29377.0,1469.0,1.6459840000000001,1.014191,SVN,HRV,830629
2836253,224,100,8744,2003,1740.0,0.0,0.192802,1.9855060000000002,TUR,HRV,830629
2836254,231,100,8744,2003,1468.0,0.0,1.7789220000000001,0.064028,USA,HRV,830629
2836255,249,100,8744,2003,2050.0,0.0,1.5924040000000002,1.397843,TWN,HRV,830629
2836256,14,102,8744,2003,0.0,16356.0,0.316879,0.9409489999999999,AUS,HUN,830629
2836257,15,102,8744,2003,50012.0,32894.0,1.834977,0.408096,AUT,HUN,830629
2836258,18,102,8744,2003,970.0,8234.0,1.361682,1.39536,BEL,HUN,830629
2836259,23,102,8744,2003,0.0,2324.0,0.43308599999999997,1.7104099999999998,BGR,HUN,830629
2836260,25,102,8744,2003,0.0,7000.0,0.614422,-0.40984,BHS,HUN,830629
2836261,26,102,8744,2003,0.0,1915.0,0.195667,0.347011,BIH,HUN,830629
2836262,39,102,8744,2003,0.0,3399.0,0.9791540000000001,1.185081,CAN,HUN,830629
2836263,41,102,8744,2003,1397.0,13681.0,2.151037,0.711217,CHE,HUN,830629
2836264,43,102,8744,2003,115914.0,0.0,0.579431,2.773139,CHN,HUN,830629
2836265,59,102,8744,2003,3531.0,6203.0,1.555749,0.8662059999999999,CZE,HUN,830629
2836266,61,102,8744,2003,221911.0,87871.0,2.2821919999999998,-2.0985150000000004,DEU,HUN,830629
2836267,64,102,8744,2003,0.0,939.0,1.309564,1.245596,DNK,HUN,830629
2836268,71,102,8744,2003,183836.0,11487.0,0.960684,2.074792,ESP,HUN,830629
2836269,74,102,8744,2003,0.0,937.0,2.077889,0.942501,FIN,HUN,830629
2836270,77,102,8744,2003,31927.0,36423.0,1.606606,0.7394149999999999,FRA,HUN,830629
2836271,81,102,8744,2003,6966.0,1876.0,1.8712540000000002,0.706205,GBR,HUN,830629
2836272,97,102,8744,2003,28998.0,0.0,0.494569,2.147062,HKG,HUN,830629
2836273,100,102,8744,2003,0.0,5305.0,0.568394,1.230759,HRV,HUN,830629
2836274,103,102,8744,2003,5443.0,0.0,-0.16802,1.7252990000000001,IDN,HUN,830629
2836275,104,102,8744,2003,77483.0,0.0,0.33014099999999996,2.836003,IND,HUN,830629
2836276,111,102,8744,2003,664548.0,0.0,1.399734,1.044608,ITA,HUN,830629
2836277,114,102,8744,2003,1453.0,9426.0,2.4686630000000003,0.48072600000000004,JPN,HUN,830629
2836278,124,102,8744,2003,0.0,3481.0,0.261687,1.053856,LBN,HUN,830629
2836279,130,102,8744,2003,0.0,1112.0,0.239608,0.517299,LTU,HUN,830629
2836280,132,102,8744,2003,0.0,1047.0,0.520772,0.5631689999999999,LVA,HUN,830629
2836281,134,102,8744,2003,3181.0,0.0,-0.6842050000000001,-0.217892,MAR,HUN,830629
2836282,162,102,8744,2003,156647.0,54822.0,1.168453,1.7085709999999998,NLD,HUN,830629
2836283,164,102,8744,2003,1778.0,0.0,-0.26353899999999997,1.351717,NPL,HUN,830629
2836284,174,102,8744,2003,1207.0,0.0,-0.065022,-0.195144,PHL,HUN,830629
2836285,177,102,8744,2003,18741.0,1917.0,0.966622,1.664838,POL,HUN,830629
2836286,185,102,8744,2003,41472.0,20496.0,0.378379,1.0064620000000002,ROU,HUN,830629
2836287,186,102,8744,2003,0.0,940.0,1.072729,0.338355,RUS,HUN,830629
2836288,189,102,8744,2003,0.0,2000.0,0.575326,1.627894,SCG,HUN,830629
2836289,206,102,8744,2003,0.0,3932.0,1.22565,0.915518,SVK,HUN,830629
2836290,207,102,8744,2003,0.0,1038.0,1.6459840000000001,1.014191,SVN,HUN,830629
2836291,208,102,8744,2003,0.0,1189.0,2.099224,0.799982,SWE,HUN,830629
2836292,216,102,8744,2003,7809.0,0.0,0.43010699999999996,1.607408,THA,HUN,830629
2836293,224,102,8744,2003,23209.0,0.0,0.192802,1.9855060000000002,TUR,HUN,830629
2836294,228,102,8744,2003,0.0,3763.0,0.8929389999999999,0.956685,UKR,HUN,830629
2836295,231,102,8744,2003,2126.0,17363.0,1.7789220000000001,0.064028,USA,HUN,830629
2836296,239,102,8744,2003,1845.0,0.0,-0.633985,0.659696,VNM,HUN,830629
2836297,249,102,8744,2003,33106.0,0.0,1.5924040000000002,1.397843,TWN,HUN,830629
2836298,7,107,8744,2003,55079.0,0.0,0.049637,-0.502691,ARE,IRN,830629
2836299,15,107,8744,2003,0.0,1445.0,1.834977,0.408096,AUT,IRN,830629
2836300,43,107,8744,2003,24001.0,0.0,0.579431,2.773139,CHN,IRN,830629
2836301,61,107,8744,2003,15683.0,11714.0,2.2821919999999998,-2.0985150000000004,DEU,IRN,830629
2836302,71,107,8744,2003,0.0,8486.0,0.960684,2.074792,ESP,IRN,830629
2836303,77,107,8744,2003,17488.0,0.0,1.606606,0.7394149999999999,FRA,IRN,830629
2836304,81,107,8744,2003,0.0,12723.0,1.8712540000000002,0.706205,GBR,IRN,830629
2836305,111,107,8744,2003,34762.0,0.0,1.399734,1.044608,ITA,IRN,830629
2836306,122,107,8744,2003,0.0,21140.0,-0.7943640000000001,-1.1529770000000001,KWT,IRN,830629
2836307,128,107,8744,2003,1151.0,0.0,-0.618057,0.101931,LKA,IRN,830629
2836308,162,107,8744,2003,0.0,6705.0,1.168453,1.7085709999999998,NLD,IRN,830629
2836309,174,107,8744,2003,3079.0,0.0,-0.065022,-0.195144,PHL,IRN,830629
2836310,183,107,8744,2003,0.0,11760.0,-0.209042,-1.0565799999999999,QAT,IRN,830629
2836311,208,107,8744,2003,0.0,4295.0,2.099224,0.799982,SWE,IRN,830629
2836312,216,107,8744,2003,37849.0,0.0,0.43010699999999996,1.607408,THA,IRN,830629
2836313,224,107,8744,2003,7854.0,1382.0,0.192802,1.9855060000000002,TUR,IRN,830629
2836314,43,113,8744,2003,12180.0,0.0,0.579431,2.773139,CHN,JOR,830629
2836315,61,113,8744,2003,3621.0,0.0,2.2821919999999998,-2.0985150000000004,DEU,JOR,830629
2836316,71,113,8744,2003,51976.0,0.0,0.960684,2.074792,ESP,JOR,830629
2836317,77,113,8744,2003,7863.0,0.0,1.606606,0.7394149999999999,FRA,JOR,830629
2836318,81,113,8744,2003,2133.0,0.0,1.8712540000000002,0.706205,GBR,JOR,830629
2836319,97,113,8744,2003,9340.0,0.0,0.494569,2.147062,HKG,JOR,830629
2836320,104,113,8744,2003,54543.0,0.0,0.33014099999999996,2.836003,IND,JOR,830629
2836321,111,113,8744,2003,64540.0,0.0,1.399734,1.044608,ITA,JOR,830629
2836322,122,113,8744,2003,0.0,1981.0,-0.7943640000000001,-1.1529770000000001,KWT,JOR,830629
2836323,124,113,8744,2003,3673.0,0.0,0.261687,1.053856,LBN,JOR,830629
2836324,128,113,8744,2003,5305.0,0.0,-0.618057,0.101931,LKA,JOR,830629
2836325,183,113,8744,2003,907.0,0.0,-0.209042,-1.0565799999999999,QAT,JOR,830629
2836326,212,113,8744,2003,9815.0,0.0,-0.868749,-0.326322,SYR,JOR,830629
2836327,216,113,8744,2003,7809.0,0.0,0.43010699999999996,1.607408,THA,JOR,830629
2836328,224,113,8744,2003,7004.0,0.0,0.192802,1.9855060000000002,TUR,JOR,830629
2836329,43,115,8744,2003,27261.0,0.0,0.579431,2.773139,CHN,KAZ,830629
2836330,61,115,8744,2003,10721.0,0.0,2.2821919999999998,-2.0985150000000004,DEU,KAZ,830629
2836331,71,115,8744,2003,28850.0,0.0,0.960684,2.074792,ESP,KAZ,830629
2836332,111,115,8744,2003,146814.0,0.0,1.399734,1.044608,ITA,KAZ,830629
2836333,186,115,8744,2003,20603.0,0.0,1.072729,0.338355,RUS,KAZ,830629
2836334,224,115,8744,2003,12223.0,0.0,0.192802,1.9855060000000002,TUR,KAZ,830629
2836335,231,115,8744,2003,1325.0,0.0,1.7789220000000001,0.064028,USA,KAZ,830629
2836336,24,116,8744,2003,0.0,862.0,-0.10968800000000001,-1.041032,BHR,KEN,830629
2836337,43,116,8744,2003,13945.0,0.0,0.579431,2.773139,CHN,KEN,830629
2836338,61,116,8744,2003,0.0,1442.0,2.2821919999999998,-2.0985150000000004,DEU,KEN,830629
2836339,68,116,8744,2003,1732.0,0.0,-0.292923,0.465433,EGY,KEN,830629
2836340,71,116,8744,2003,0.0,4061.0,0.960684,2.074792,ESP,KEN,830629
2836341,77,116,8744,2003,0.0,10499.0,1.606606,0.7394149999999999,FRA,KEN,830629
2836342,81,116,8744,2003,8898.0,2501.0,1.8712540000000002,0.706205,GBR,KEN,830629
2836343,97,116,8744,2003,24139.0,0.0,0.494569,2.147062,HKG,KEN,830629
2836344,104,116,8744,2003,1218.0,0.0,0.33014099999999996,2.836003,IND,KEN,830629
2836345,111,116,8744,2003,38356.0,1193.0,1.399734,1.044608,ITA,KEN,830629
2836346,151,116,8744,2003,0.0,1109.0,-0.361514,-0.29839899999999997,MUS,KEN,830629
2836347,216,116,8744,2003,6618.0,0.0,0.43010699999999996,1.607408,THA,KEN,830629
2836348,224,116,8744,2003,0.0,2266.0,0.192802,1.9855060000000002,TUR,KEN,830629
2836349,226,116,8744,2003,0.0,28870.0,-1.225217,-0.43662399999999996,TZA,KEN,830629
2836350,231,116,8744,2003,7904.0,34141.0,1.7789220000000001,0.064028,USA,KEN,830629
2836351,246,116,8744,2003,1389.0,0.0,0.477987,2.255395,ZAF,KEN,830629
2836352,249,116,8744,2003,1294.0,0.0,1.5924040000000002,1.397843,TWN,KEN,830629
2836353,39,117,8744,2003,0.0,499.0,0.9791540000000001,1.185081,CAN,KGZ,830629
2836354,104,117,8744,2003,1801.0,0.0,0.33014099999999996,2.836003,IND,KGZ,830629
2836355,224,117,8744,2003,1233.0,0.0,0.192802,1.9855060000000002,TUR,KGZ,830629
2836356,7,122,8744,2003,24670.0,1506.0,0.049637,-0.502691,ARE,KWT,830629
2836357,8,122,8744,2003,1916.0,0.0,0.302073,0.49069700000000005,ARG,KWT,830629
2836358,14,122,8744,2003,2905.0,0.0,0.316879,0.9409489999999999,AUS,KWT,830629
2836359,15,122,8744,2003,1901.0,0.0,1.834977,0.408096,AUT,KWT,830629
2836360,18,122,8744,2003,2619.0,0.0,1.361682,1.39536,BEL,KWT,830629
2836361,23,122,8744,2003,1801.0,0.0,0.43308599999999997,1.7104099999999998,BGR,KWT,830629
2836362,32,122,8744,2003,2259.0,0.0,0.660576,1.118876,BRA,KWT,830629
2836363,39,122,8744,2003,7143.0,0.0,0.9791540000000001,1.185081,CAN,KWT,830629
2836364,41,122,8744,2003,8649.0,0.0,2.151037,0.711217,CHE,KWT,830629
2836365,43,122,8744,2003,115064.0,0.0,0.579431,2.773139,CHN,KWT,830629
2836366,52,122,8744,2003,1582.0,0.0,-0.193904,-0.5049680000000001,CRI,KWT,830629
2836367,61,122,8744,2003,14002.0,0.0,2.2821919999999998,-2.0985150000000004,DEU,KWT,830629
2836368,64,122,8744,2003,1826.0,0.0,1.309564,1.245596,DNK,KWT,830629
2836369,68,122,8744,2003,25562.0,650.0,-0.292923,0.465433,EGY,KWT,830629
2836370,71,122,8744,2003,58355.0,0.0,0.960684,2.074792,ESP,KWT,830629
2836371,77,122,8744,2003,15971.0,0.0,1.606606,0.7394149999999999,FRA,KWT,830629
2836372,81,122,8744,2003,14889.0,1280.0,1.8712540000000002,0.706205,GBR,KWT,830629
2836373,90,122,8744,2003,30434.0,0.0,0.364688,1.4823959999999998,GRC,KWT,830629
2836374,97,122,8744,2003,27724.0,0.0,0.494569,2.147062,HKG,KWT,830629
2836375,103,122,8744,2003,6434.0,0.0,-0.16802,1.7252990000000001,IDN,KWT,830629
2836376,104,122,8744,2003,212031.0,4303.0,0.33014099999999996,2.836003,IND,KWT,830629
2836377,107,122,8744,2003,21140.0,0.0,-0.552146,-0.8668520000000001,IRN,KWT,830629
2836378,108,122,8744,2003,0.0,2531.0,-0.398557,-0.774153,IRQ,KWT,830629
2836379,111,122,8744,2003,414517.0,0.0,1.399734,1.044608,ITA,KWT,830629
2836380,113,122,8744,2003,1981.0,0.0,0.12295,0.377031,JOR,KWT,830629
2836381,114,122,8744,2003,103419.0,1327.0,2.4686630000000003,0.48072600000000004,JPN,KWT,830629
2836382,121,122,8744,2003,79112.0,0.0,1.2611709999999998,0.956308,KOR,KWT,830629
2836383,124,122,8744,2003,22552.0,3740.0,0.261687,1.053856,LBN,KWT,830629
2836384,128,122,8744,2003,6235.0,0.0,-0.618057,0.101931,LKA,KWT,830629
2836385,130,122,8744,2003,4525.0,0.0,0.239608,0.517299,LTU,KWT,830629
2836386,132,122,8744,2003,653.0,0.0,0.520772,0.5631689999999999,LVA,KWT,830629
2836387,133,122,8744,2003,1355.0,0.0,-0.294516,-0.413828,MAC,KWT,830629
2836388,134,122,8744,2003,2065.0,0.0,-0.6842050000000001,-0.217892,MAR,KWT,830629
2836389,138,122,8744,2003,817.0,0.0,0.862509,0.756684,MEX,KWT,830629
2836390,153,122,8744,2003,2475.0,0.0,0.728804,0.2168,MYS,KWT,830629
2836391,162,122,8744,2003,5992.0,0.0,1.168453,1.7085709999999998,NLD,KWT,830629
2836392,166,122,8744,2003,972.0,0.0,0.589619,0.997301,NZL,KWT,830629
2836393,168,122,8744,2003,20149.0,0.0,-0.6659689999999999,0.137924,PAK,KWT,830629
2836394,174,122,8744,2003,26155.0,1346.0,-0.065022,-0.195144,PHL,KWT,830629
2836395,177,122,8744,2003,3763.0,0.0,0.966622,1.664838,POL,KWT,830629
2836396,179,122,8744,2003,12717.0,0.0,0.471376,1.647303,PRT,KWT,830629
2836397,185,122,8744,2003,1915.0,0.0,0.378379,1.0064620000000002,ROU,KWT,830629
2836398,188,122,8744,2003,2040.0,7576.0,0.202286,-0.714691,SAU,KWT,830629
2836399,206,122,8744,2003,3223.0,0.0,1.22565,0.915518,SVK,KWT,830629
2836400,208,122,8744,2003,1265.0,0.0,2.099224,0.799982,SWE,KWT,830629
2836401,212,122,8744,2003,28182.0,0.0,-0.868749,-0.326322,SYR,KWT,830629
2836402,216,122,8744,2003,14706.0,0.0,0.43010699999999996,1.607408,THA,KWT,830629
2836403,223,122,8744,2003,1497.0,0.0,-0.14845999999999998,0.255092,TUN,KWT,830629
2836404,224,122,8744,2003,25511.0,0.0,0.192802,1.9855060000000002,TUR,KWT,830629
2836405,228,122,8744,2003,1022.0,0.0,0.8929389999999999,0.956685,UKR,KWT,830629
2836406,231,122,8744,2003,48089.0,3800.0,1.7789220000000001,0.064028,USA,KWT,830629
2836407,239,122,8744,2003,9063.0,0.0,-0.633985,0.659696,VNM,KWT,830629
2836408,249,122,8744,2003,11092.0,0.0,1.5924040000000002,1.397843,TWN,KWT,830629
2836409,7,132,8744,2003,6165.0,0.0,0.049637,-0.502691,ARE,LVA,830629
2836410,18,132,8744,2003,6313.0,3085.0,1.361682,1.39536,BEL,LVA,830629
2836411,43,132,8744,2003,26115.0,0.0,0.579431,2.773139,CHN,LVA,830629
2836412,61,132,8744,2003,48447.0,0.0,2.2821919999999998,-2.0985150000000004,DEU,LVA,830629
2836413,64,132,8744,2003,5058.0,1805.0,1.309564,1.245596,DNK,LVA,830629
2836414,71,132,8744,2003,24024.0,0.0,0.960684,2.074792,ESP,LVA,830629
2836415,72,132,8744,2003,1105.0,2559.0,0.5913010000000001,0.8489979999999999,EST,LVA,830629
2836416,74,132,8744,2003,12597.0,1690.0,2.077889,0.942501,FIN,LVA,830629
2836417,77,132,8744,2003,18781.0,3060.0,1.606606,0.7394149999999999,FRA,LVA,830629
2836418,81,132,8744,2003,5307.0,0.0,1.8712540000000002,0.706205,GBR,LVA,830629
2836419,97,132,8744,2003,4150.0,0.0,0.494569,2.147062,HKG,LVA,830629
2836420,102,132,8744,2003,1047.0,0.0,1.2003270000000001,1.091407,HUN,LVA,830629
2836421,104,132,8744,2003,9752.0,0.0,0.33014099999999996,2.836003,IND,LVA,830629
2836422,111,132,8744,2003,163477.0,0.0,1.399734,1.044608,ITA,LVA,830629
2836423,122,132,8744,2003,0.0,653.0,-0.7943640000000001,-1.1529770000000001,KWT,LVA,830629
2836424,128,132,8744,2003,1074.0,0.0,-0.618057,0.101931,LKA,LVA,830629
2836425,130,132,8744,2003,13865.0,1913.0,0.239608,0.517299,LTU,LVA,830629
2836426,162,132,8744,2003,35723.0,0.0,1.168453,1.7085709999999998,NLD,LVA,830629
2836427,163,132,8744,2003,0.0,3694.0,1.1500620000000001,0.258554,NOR,LVA,830629
2836428,174,132,8744,2003,3166.0,0.0,-0.065022,-0.195144,PHL,LVA,830629
2836429,177,132,8744,2003,50386.0,0.0,0.966622,1.664838,POL,LVA,830629
2836430,208,132,8744,2003,5701.0,0.0,2.099224,0.799982,SWE,LVA,830629
2836431,231,132,8744,2003,6424.0,0.0,1.7789220000000001,0.064028,USA,LVA,830629
2836432,249,132,8744,2003,5488.0,0.0,1.5924040000000002,1.397843,TWN,LVA,830629
2836433,250,132,8744,2003,1533.0,0.0,0.45951499999999995,-0.2312,ANS,LVA,830629
2836434,68,167,8744,2003,1273.0,0.0,-0.292923,0.465433,EGY,OMN,830629
2836435,71,167,8744,2003,574.0,0.0,0.960684,2.074792,ESP,OMN,830629
2836436,77,167,8744,2003,5463.0,0.0,1.606606,0.7394149999999999,FRA,OMN,830629
2836437,81,167,8744,2003,3172.0,0.0,1.8712540000000002,0.706205,GBR,OMN,830629
2836438,111,167,8744,2003,16773.0,0.0,1.399734,1.044608,ITA,OMN,830629
2836439,124,167,8744,2003,6281.0,0.0,0.261687,1.053856,LBN,OMN,830629
2836440,188,167,8744,2003,0.0,38437.0,0.202286,-0.714691,SAU,OMN,830629
2836441,249,167,8744,2003,1074.0,0.0,1.5924040000000002,1.397843,TWN,OMN,830629
2836442,14,168,8744,2003,0.0,1878.0,0.316879,0.9409489999999999,AUS,PAK,830629
2836443,18,168,8744,2003,0.0,2706.0,1.361682,1.39536,BEL,PAK,830629
2836444,24,168,8744,2003,0.0,29466.0,-0.10968800000000001,-1.041032,BHR,PAK,830629
2836445,39,168,8744,2003,0.0,2242.0,0.9791540000000001,1.185081,CAN,PAK,830629
2836446,43,168,8744,2003,41461.0,8026.0,0.579431,2.773139,CHN,PAK,830629
2836447,61,168,8744,2003,884.0,26368.0,2.2821919999999998,-2.0985150000000004,DEU,PAK,830629
2836448,68,168,8744,2003,2519.0,0.0,-0.292923,0.465433,EGY,PAK,830629
2836449,71,168,8744,2003,4372.0,33080.0,0.960684,2.074792,ESP,PAK,830629
2836450,77,168,8744,2003,5924.0,24253.0,1.606606,0.7394149999999999,FRA,PAK,830629
2836451,81,168,8744,2003,912.0,76366.0,1.8712540000000002,0.706205,GBR,PAK,830629
2836452,90,168,8744,2003,0.0,5743.0,0.364688,1.4823959999999998,GRC,PAK,830629
2836453,97,168,8744,2003,3819.0,0.0,0.494569,2.147062,HKG,PAK,830629
2836454,106,168,8744,2003,0.0,7743.0,1.6396130000000002,0.220599,IRL,PAK,830629
2836455,111,168,8744,2003,0.0,41852.0,1.399734,1.044608,ITA,PAK,830629
2836456,122,168,8744,2003,0.0,20149.0,-0.7943640000000001,-1.1529770000000001,KWT,PAK,830629
2836457,151,168,8744,2003,0.0,1322.0,-0.361514,-0.29839899999999997,MUS,PAK,830629
2836458,162,168,8744,2003,0.0,92850.0,1.168453,1.7085709999999998,NLD,PAK,830629
2836459,179,168,8744,2003,0.0,13011.0,0.471376,1.647303,PRT,PAK,830629
2836460,183,168,8744,2003,0.0,2908.0,-0.209042,-1.0565799999999999,QAT,PAK,830629
2836461,185,168,8744,2003,0.0,978.0,0.378379,1.0064620000000002,ROU,PAK,830629
2836462,188,168,8744,2003,0.0,13391.0,0.202286,-0.714691,SAU,PAK,830629
2836463,192,168,8744,2003,0.0,4719.0,1.5080799999999999,0.720337,SGP,PAK,830629
2836464,206,168,8744,2003,0.0,542.0,1.22565,0.915518,SVK,PAK,830629
2836465,208,168,8744,2003,0.0,15232.0,2.099224,0.799982,SWE,PAK,830629
2836466,216,168,8744,2003,1199.0,1395.0,0.43010699999999996,1.607408,THA,PAK,830629
2836467,224,168,8744,2003,0.0,8560.0,0.192802,1.9855060000000002,TUR,PAK,830629
2836468,226,168,8744,2003,0.0,10079.0,-1.225217,-0.43662399999999996,TZA,PAK,830629
2836469,231,168,8744,2003,0.0,39776.0,1.7789220000000001,0.064028,USA,PAK,830629
2836470,249,168,8744,2003,0.0,5095.0,1.5924040000000002,1.397843,TWN,PAK,830629
2836471,14,176,8744,2003,9991.0,0.0,0.316879,0.9409489999999999,AUS,PNG,830629
2836472,43,176,8744,2003,8337.0,0.0,0.579431,2.773139,CHN,PNG,830629
2836473,103,176,8744,2003,7668.0,0.0,-0.16802,1.7252990000000001,IDN,PNG,830629
2836474,153,176,8744,2003,2980.0,0.0,0.728804,0.2168,MYS,PNG,830629
2836475,192,176,8744,2003,5717.0,0.0,1.5080799999999999,0.720337,SGP,PNG,830629
2836476,15,177,8744,2003,4774.0,88154.0,1.834977,0.408096,AUT,POL,830629
2836477,18,177,8744,2003,88445.0,90995.0,1.361682,1.39536,BEL,POL,830629
2836478,39,177,8744,2003,0.0,22564.0,0.9791540000000001,1.185081,CAN,POL,830629
2836479,41,177,8744,2003,0.0,120739.0,2.151037,0.711217,CHE,POL,830629
2836480,43,177,8744,2003,458929.0,0.0,0.579431,2.773139,CHN,POL,830629
2836481,59,177,8744,2003,18550.0,18336.0,1.555749,0.8662059999999999,CZE,POL,830629
2836482,61,177,8744,2003,380140.0,5573238.0,2.2821919999999998,-2.0985150000000004,DEU,POL,830629
2836483,64,177,8744,2003,9737.0,43224.0,1.309564,1.245596,DNK,POL,830629
2836484,68,177,8744,2003,2725.0,0.0,-0.292923,0.465433,EGY,POL,830629
2836485,71,177,8744,2003,145987.0,54472.0,0.960684,2.074792,ESP,POL,830629
2836486,72,177,8744,2003,0.0,4411.0,0.5913010000000001,0.8489979999999999,EST,POL,830629
2836487,74,177,8744,2003,0.0,4150.0,2.077889,0.942501,FIN,POL,830629
2836488,77,177,8744,2003,44431.0,215662.0,1.606606,0.7394149999999999,FRA,POL,830629
2836489,81,177,8744,2003,18762.0,284647.0,1.8712540000000002,0.706205,GBR,POL,830629
2836490,90,177,8744,2003,0.0,6815.0,0.364688,1.4823959999999998,GRC,POL,830629
2836491,97,177,8744,2003,117022.0,0.0,0.494569,2.147062,HKG,POL,830629
2836492,100,177,8744,2003,0.0,5818.0,0.568394,1.230759,HRV,POL,830629
2836493,102,177,8744,2003,1917.0,18741.0,1.2003270000000001,1.091407,HUN,POL,830629
2836494,103,177,8744,2003,1075.0,0.0,-0.16802,1.7252990000000001,IDN,POL,830629
2836495,104,177,8744,2003,253468.0,0.0,0.33014099999999996,2.836003,IND,POL,830629
2836496,106,177,8744,2003,0.0,1907.0,1.6396130000000002,0.220599,IRL,POL,830629
2836497,111,177,8744,2003,2204209.0,34691.0,1.399734,1.044608,ITA,POL,830629
2836498,114,177,8744,2003,0.0,5220.0,2.4686630000000003,0.48072600000000004,JPN,POL,830629
2836499,122,177,8744,2003,0.0,3763.0,-0.7943640000000001,-1.1529770000000001,KWT,POL,830629
2836500,124,177,8744,2003,0.0,663.0,0.261687,1.053856,LBN,POL,830629
2836501,128,177,8744,2003,917.0,0.0,-0.618057,0.101931,LKA,POL,830629
2836502,130,177,8744,2003,0.0,86103.0,0.239608,0.517299,LTU,POL,830629
2836503,132,177,8744,2003,0.0,50386.0,0.520772,0.5631689999999999,LVA,POL,830629
2836504,135,177,8744,2003,0.0,80614.0,-0.005154,-0.26107199999999997,MDA,POL,830629
2836505,138,177,8744,2003,0.0,4677.0,0.862509,0.756684,MEX,POL,830629
2836506,162,177,8744,2003,125110.0,247275.0,1.168453,1.7085709999999998,NLD,POL,830629
2836507,163,177,8744,2003,0.0,19945.0,1.1500620000000001,0.258554,NOR,POL,830629
2836508,174,177,8744,2003,29992.0,0.0,-0.065022,-0.195144,PHL,POL,830629
2836509,179,177,8744,2003,10514.0,0.0,0.471376,1.647303,PRT,POL,830629
2836510,186,177,8744,2003,0.0,105188.0,1.072729,0.338355,RUS,POL,830629
2836511,206,177,8744,2003,0.0,39833.0,1.22565,0.915518,SVK,POL,830629
2836512,207,177,8744,2003,0.0,9108.0,1.6459840000000001,1.014191,SVN,POL,830629
2836513,208,177,8744,2003,12456.0,103319.0,2.099224,0.799982,SWE,POL,830629
2836514,216,177,8744,2003,6805.0,0.0,0.43010699999999996,1.607408,THA,POL,830629
2836515,224,177,8744,2003,3506.0,5806.0,0.192802,1.9855060000000002,TUR,POL,830629
2836516,228,177,8744,2003,0.0,362026.0,0.8929389999999999,0.956685,UKR,POL,830629
2836517,231,177,8744,2003,0.0,472108.0,1.7789220000000001,0.064028,USA,POL,830629
2836518,236,177,8744,2003,0.0,5763.0,0.277805,-0.783697,VEN,POL,830629
2836519,249,177,8744,2003,2020.0,0.0,1.5924040000000002,1.397843,TWN,POL,830629
2836520,7,183,8744,2003,12184.0,5750.0,0.049637,-0.502691,ARE,QAT,830629
2836521,15,183,8744,2003,3925.0,0.0,1.834977,0.408096,AUT,QAT,830629
2836522,24,183,8744,2003,15680.0,0.0,-0.10968800000000001,-1.041032,BHR,QAT,830629
2836523,41,183,8744,2003,26539.0,0.0,2.151037,0.711217,CHE,QAT,830629
2836524,43,183,8744,2003,38677.0,0.0,0.579431,2.773139,CHN,QAT,830629
2836525,61,183,8744,2003,3314.0,0.0,2.2821919999999998,-2.0985150000000004,DEU,QAT,830629
2836526,68,183,8744,2003,17374.0,1685.0,-0.292923,0.465433,EGY,QAT,830629
2836527,71,183,8744,2003,12335.0,0.0,0.960684,2.074792,ESP,QAT,830629
2836528,77,183,8744,2003,4759.0,1339.0,1.606606,0.7394149999999999,FRA,QAT,830629
2836529,81,183,8744,2003,13887.0,0.0,1.8712540000000002,0.706205,GBR,QAT,830629
2836530,97,183,8744,2003,15743.0,0.0,0.494569,2.147062,HKG,QAT,830629
2836531,103,183,8744,2003,3638.0,0.0,-0.16802,1.7252990000000001,IDN,QAT,830629
2836532,104,183,8744,2003,33300.0,0.0,0.33014099999999996,2.836003,IND,QAT,830629
2836533,107,183,8744,2003,11760.0,0.0,-0.552146,-0.8668520000000001,IRN,QAT,830629
2836534,111,183,8744,2003,27886.0,7709.0,1.399734,1.044608,ITA,QAT,830629
2836535,113,183,8744,2003,0.0,907.0,0.12295,0.377031,JOR,QAT,830629
2836536,114,183,8744,2003,1660.0,0.0,2.4686630000000003,0.48072600000000004,JPN,QAT,830629
2836537,121,183,8744,2003,10678.0,0.0,1.2611709999999998,0.956308,KOR,QAT,830629
2836538,124,183,8744,2003,12904.0,0.0,0.261687,1.053856,LBN,QAT,830629
2836539,130,183,8744,2003,8737.0,0.0,0.239608,0.517299,LTU,QAT,830629
2836540,168,183,8744,2003,2908.0,0.0,-0.6659689999999999,0.137924,PAK,QAT,830629
2836541,174,183,8744,2003,2658.0,0.0,-0.065022,-0.195144,PHL,QAT,830629
2836542,188,183,8744,2003,0.0,15697.0,0.202286,-0.714691,SAU,QAT,830629
2836543,192,183,8744,2003,2935.0,0.0,1.5080799999999999,0.720337,SGP,QAT,830629
2836544,212,183,8744,2003,36375.0,0.0,-0.868749,-0.326322,SYR,QAT,830629
2836545,216,183,8744,2003,3293.0,0.0,0.43010699999999996,1.607408,THA,QAT,830629
2836546,224,183,8744,2003,531.0,0.0,0.192802,1.9855060000000002,TUR,QAT,830629
2836547,231,183,8744,2003,8963.0,0.0,1.7789220000000001,0.064028,USA,QAT,830629
2836548,243,183,8744,2003,17631.0,0.0,-1.453584,-1.257815,YEM,QAT,830629
2836549,249,183,8744,2003,2648.0,0.0,1.5924040000000002,1.397843,TWN,QAT,830629
2836550,15,185,8744,2003,1259.0,17723.0,1.834977,0.408096,AUT,ROU,830629
2836551,18,185,8744,2003,12991.0,7843.0,1.361682,1.39536,BEL,ROU,830629
2836552,39,185,8744,2003,0.0,54213.0,0.9791540000000001,1.185081,CAN,ROU,830629
2836553,41,185,8744,2003,0.0,1177.0,2.151037,0.711217,CHE,ROU,830629
2836554,43,185,8744,2003,49581.0,0.0,0.579431,2.773139,CHN,ROU,830629
2836555,59,185,8744,2003,0.0,2054.0,1.555749,0.8662059999999999,CZE,ROU,830629
2836556,61,185,8744,2003,210896.0,292662.0,2.2821919999999998,-2.0985150000000004,DEU,ROU,830629
2836557,71,185,8744,2003,55697.0,6474.0,0.960684,2.074792,ESP,ROU,830629
2836558,72,185,8744,2003,0.0,744.0,0.5913010000000001,0.8489979999999999,EST,ROU,830629
2836559,77,185,8744,2003,15121.0,54900.0,1.606606,0.7394149999999999,FRA,ROU,830629
2836560,90,185,8744,2003,23348.0,11058.0,0.364688,1.4823959999999998,GRC,ROU,830629
2836561,97,185,8744,2003,41389.0,0.0,0.494569,2.147062,HKG,ROU,830629
2836562,102,185,8744,2003,20496.0,41472.0,1.2003270000000001,1.091407,HUN,ROU,830629
2836563,104,185,8744,2003,36018.0,0.0,0.33014099999999996,2.836003,IND,ROU,830629
2836564,109,185,8744,2003,0.0,143.0,0.21902800000000003,-0.40818499999999996,ISL,ROU,830629
2836565,110,185,8744,2003,17704.0,43446.0,1.157809,0.682195,ISR,ROU,830629
2836566,111,185,8744,2003,358555.0,18548.0,1.399734,1.044608,ITA,ROU,830629
2836567,122,185,8744,2003,0.0,1915.0,-0.7943640000000001,-1.1529770000000001,KWT,ROU,830629
2836568,124,185,8744,2003,0.0,2606.0,0.261687,1.053856,LBN,ROU,830629
2836569,135,185,8744,2003,0.0,2147.0,-0.005154,-0.26107199999999997,MDA,ROU,830629
2836570,162,185,8744,2003,62546.0,1548558.0,1.168453,1.7085709999999998,NLD,ROU,830629
2836571,163,185,8744,2003,0.0,29564.0,1.1500620000000001,0.258554,NOR,ROU,830629
2836572,168,185,8744,2003,978.0,0.0,-0.6659689999999999,0.137924,PAK,ROU,830629
2836573,216,185,8744,2003,1092.0,0.0,0.43010699999999996,1.607408,THA,ROU,830629
2836574,224,185,8744,2003,3115.0,0.0,0.192802,1.9855060000000002,TUR,ROU,830629
2836575,228,185,8744,2003,2437.0,3066.0,0.8929389999999999,0.956685,UKR,ROU,830629
2836576,231,185,8744,2003,5899.0,72778.0,1.7789220000000001,0.064028,USA,ROU,830629
2836577,239,185,8744,2003,1578.0,0.0,-0.633985,0.659696,VNM,ROU,830629
2836578,249,185,8744,2003,18789.0,0.0,1.5924040000000002,1.397843,TWN,ROU,830629
2836579,250,185,8744,2003,24881.0,0.0,0.45951499999999995,-0.2312,ANS,ROU,830629
2836580,9,186,8744,2003,0.0,2283.0,0.497521,-0.305788,ARM,RUS,830629
2836581,15,186,8744,2003,20578.0,8015.0,1.834977,0.408096,AUT,RUS,830629
2836582,18,186,8744,2003,40470.0,0.0,1.361682,1.39536,BEL,RUS,830629
2836583,28,186,8744,2003,40628.0,20393.0,0.847358,0.9307719999999999,BLR,RUS,830629
2836584,39,186,8744,2003,15108.0,0.0,0.9791540000000001,1.185081,CAN,RUS,830629
2836585,41,186,8744,2003,12630.0,0.0,2.151037,0.711217,CHE,RUS,830629
2836586,43,186,8744,2003,497252.0,0.0,0.579431,2.773139,CHN,RUS,830629
2836587,59,186,8744,2003,2861.0,1134.0,1.555749,0.8662059999999999,CZE,RUS,830629
2836588,61,186,8744,2003,613349.0,5498.0,2.2821919999999998,-2.0985150000000004,DEU,RUS,830629
2836589,64,186,8744,2003,14453.0,6456.0,1.309564,1.245596,DNK,RUS,830629
2836590,68,186,8744,2003,3948.0,0.0,-0.292923,0.465433,EGY,RUS,830629
2836591,71,186,8744,2003,937833.0,0.0,0.960684,2.074792,ESP,RUS,830629
2836592,72,186,8744,2003,1621.0,1635.0,0.5913010000000001,0.8489979999999999,EST,RUS,830629
2836593,74,186,8744,2003,97007.0,0.0,2.077889,0.942501,FIN,RUS,830629
2836594,77,186,8744,2003,201049.0,4956.0,1.606606,0.7394149999999999,FRA,RUS,830629
2836595,81,186,8744,2003,110081.0,0.0,1.8712540000000002,0.706205,GBR,RUS,830629
2836596,90,186,8744,2003,9187.0,12417.0,0.364688,1.4823959999999998,GRC,RUS,830629
2836597,97,186,8744,2003,25597.0,0.0,0.494569,2.147062,HKG,RUS,830629
2836598,102,186,8744,2003,940.0,0.0,1.2003270000000001,1.091407,HUN,RUS,830629
2836599,103,186,8744,2003,32440.0,0.0,-0.16802,1.7252990000000001,IDN,RUS,830629
2836600,104,186,8744,2003,191396.0,0.0,0.33014099999999996,2.836003,IND,RUS,830629
2836601,106,186,8744,2003,3006.0,0.0,1.6396130000000002,0.220599,IRL,RUS,830629
2836602,110,186,8744,2003,3913.0,0.0,1.157809,0.682195,ISR,RUS,830629
2836603,111,186,8744,2003,1774067.0,9338.0,1.399734,1.044608,ITA,RUS,830629
2836604,114,186,8744,2003,2348.0,0.0,2.4686630000000003,0.48072600000000004,JPN,RUS,830629
2836605,115,186,8744,2003,0.0,20603.0,-0.156326,-0.62092,KAZ,RUS,830629
2836606,121,186,8744,2003,23480.0,0.0,1.2611709999999998,0.956308,KOR,RUS,830629
2836607,124,186,8744,2003,0.0,2549.0,0.261687,1.053856,LBN,RUS,830629
2836608,128,186,8744,2003,41919.0,0.0,-0.618057,0.101931,LKA,RUS,830629
2836609,130,186,8744,2003,1053.0,5101.0,0.239608,0.517299,LTU,RUS,830629
2836610,134,186,8744,2003,8995.0,0.0,-0.6842050000000001,-0.217892,MAR,RUS,830629
2836611,138,186,8744,2003,1271.0,0.0,0.862509,0.756684,MEX,RUS,830629
2836612,162,186,8744,2003,277168.0,0.0,1.168453,1.7085709999999998,NLD,RUS,830629
2836613,174,186,8744,2003,14449.0,0.0,-0.065022,-0.195144,PHL,RUS,830629
2836614,177,186,8744,2003,105188.0,0.0,0.966622,1.664838,POL,RUS,830629
2836615,178,186,8744,2003,4967.0,0.0,0.7060420000000001,0.7718,PRK,RUS,830629
2836616,179,186,8744,2003,3981.0,0.0,0.471376,1.647303,PRT,RUS,830629
2836617,206,186,8744,2003,0.0,2004.0,1.22565,0.915518,SVK,RUS,830629
2836618,207,186,8744,2003,11886.0,0.0,1.6459840000000001,1.014191,SVN,RUS,830629
2836619,208,186,8744,2003,59038.0,0.0,2.099224,0.799982,SWE,RUS,830629
2836620,216,186,8744,2003,45037.0,0.0,0.43010699999999996,1.607408,THA,RUS,830629
2836621,224,186,8744,2003,6638.0,0.0,0.192802,1.9855060000000002,TUR,RUS,830629
2836622,228,186,8744,2003,2177.0,4155.0,0.8929389999999999,0.956685,UKR,RUS,830629
2836623,231,186,8744,2003,29448.0,14292.0,1.7789220000000001,0.064028,USA,RUS,830629
2836624,239,186,8744,2003,9135.0,0.0,-0.633985,0.659696,VNM,RUS,830629
2836625,249,186,8744,2003,57766.0,0.0,1.5924040000000002,1.397843,TWN,RUS,830629
2836626,250,186,8744,2003,0.0,11710.0,0.45951499999999995,-0.2312,ANS,RUS,830629
2836627,7,188,8744,2003,1272.0,4703.0,0.049637,-0.502691,ARE,SAU,830629
2836628,15,188,8744,2003,1577.0,0.0,1.834977,0.408096,AUT,SAU,830629
2836629,18,188,8744,2003,30677.0,3349.0,1.361682,1.39536,BEL,SAU,830629
2836630,24,188,8744,2003,840.0,0.0,-0.10968800000000001,-1.041032,BHR,SAU,830629
2836631,39,188,8744,2003,2935.0,0.0,0.9791540000000001,1.185081,CAN,SAU,830629
2836632,41,188,8744,2003,6315.0,0.0,2.151037,0.711217,CHE,SAU,830629
2836633,43,188,8744,2003,859709.0,0.0,0.579431,2.773139,CHN,SAU,830629
2836634,61,188,8744,2003,83464.0,0.0,2.2821919999999998,-2.0985150000000004,DEU,SAU,830629
2836635,64,188,8744,2003,2653.0,0.0,1.309564,1.245596,DNK,SAU,830629
2836636,68,188,8744,2003,46529.0,0.0,-0.292923,0.465433,EGY,SAU,830629
2836637,71,188,8744,2003,140540.0,20718.0,0.960684,2.074792,ESP,SAU,830629
2836638,73,188,8744,2003,0.0,5535.0,-1.1145559999999999,-0.9599620000000001,ETH,SAU,830629
2836639,77,188,8744,2003,445589.0,0.0,1.606606,0.7394149999999999,FRA,SAU,830629
2836640,81,188,8744,2003,10519.0,3028.0,1.8712540000000002,0.706205,GBR,SAU,830629
2836641,97,188,8744,2003,138091.0,26051.0,0.494569,2.147062,HKG,SAU,830629
2836642,103,188,8744,2003,4136.0,0.0,-0.16802,1.7252990000000001,IDN,SAU,830629
2836643,104,188,8744,2003,227720.0,0.0,0.33014099999999996,2.836003,IND,SAU,830629
2836644,111,188,8744,2003,1572408.0,67062.0,1.399734,1.044608,ITA,SAU,830629
2836645,114,188,8744,2003,45644.0,0.0,2.4686630000000003,0.48072600000000004,JPN,SAU,830629
2836646,121,188,8744,2003,31297.0,0.0,1.2611709999999998,0.956308,KOR,SAU,830629
2836647,122,188,8744,2003,7576.0,2040.0,-0.7943640000000001,-1.1529770000000001,KWT,SAU,830629
2836648,124,188,8744,2003,20216.0,1922.0,0.261687,1.053856,LBN,SAU,830629
2836649,134,188,8744,2003,12140.0,88610.0,-0.6842050000000001,-0.217892,MAR,SAU,830629
2836650,153,188,8744,2003,11845.0,0.0,0.728804,0.2168,MYS,SAU,830629
2836651,162,188,8744,2003,2259.0,0.0,1.168453,1.7085709999999998,NLD,SAU,830629
2836652,167,188,8744,2003,38437.0,0.0,-1.434873,-1.188123,OMN,SAU,830629
2836653,168,188,8744,2003,13391.0,0.0,-0.6659689999999999,0.137924,PAK,SAU,830629
2836654,174,188,8744,2003,120119.0,0.0,-0.065022,-0.195144,PHL,SAU,830629
2836655,179,188,8744,2003,1502.0,0.0,0.471376,1.647303,PRT,SAU,830629
2836656,183,188,8744,2003,15697.0,0.0,-0.209042,-1.0565799999999999,QAT,SAU,830629
2836657,192,188,8744,2003,6908.0,1681.0,1.5080799999999999,0.720337,SGP,SAU,830629
2836658,208,188,8744,2003,5101.0,0.0,2.099224,0.799982,SWE,SAU,830629
2836659,212,188,8744,2003,2060.0,0.0,-0.868749,-0.326322,SYR,SAU,830629
2836660,216,188,8744,2003,4885.0,0.0,0.43010699999999996,1.607408,THA,SAU,830629
2836661,224,188,8744,2003,6721.0,0.0,0.192802,1.9855060000000002,TUR,SAU,830629
2836662,231,188,8744,2003,7344.0,7301.0,1.7789220000000001,0.064028,USA,SAU,830629
2836663,249,188,8744,2003,184221.0,0.0,1.5924040000000002,1.397843,TWN,SAU,830629
2836664,250,188,8744,2003,77270.0,0.0,0.45951499999999995,-0.2312,ANS,SAU,830629
2836665,7,192,8744,2003,0.0,53176.0,0.049637,-0.502691,ARE,SGP,830629
2836666,14,192,8744,2003,17578.0,23124.0,0.316879,0.9409489999999999,AUS,SGP,830629
2836667,15,192,8744,2003,0.0,30194.0,1.834977,0.408096,AUT,SGP,830629
2836668,18,192,8744,2003,8826.0,0.0,1.361682,1.39536,BEL,SGP,830629
2836669,24,192,8744,2003,0.0,5649.0,-0.10968800000000001,-1.041032,BHR,SGP,830629
2836670,32,192,8744,2003,0.0,9117.0,0.660576,1.118876,BRA,SGP,830629
2836671,34,192,8744,2003,0.0,22164.0,-1.342738,-0.978633,BRN,SGP,830629
2836672,39,192,8744,2003,1127.0,1294.0,0.9791540000000001,1.185081,CAN,SGP,830629
2836673,41,192,8744,2003,20210.0,0.0,2.151037,0.711217,CHE,SGP,830629
2836674,43,192,8744,2003,1764946.0,7898.0,0.579431,2.773139,CHN,SGP,830629
2836675,61,192,8744,2003,44116.0,10907.0,2.2821919999999998,-2.0985150000000004,DEU,SGP,830629
2836676,64,192,8744,2003,0.0,2656.0,1.309564,1.245596,DNK,SGP,830629
2836677,71,192,8744,2003,44953.0,0.0,0.960684,2.074792,ESP,SGP,830629
2836678,77,192,8744,2003,6458.0,7034.0,1.606606,0.7394149999999999,FRA,SGP,830629
2836679,81,192,8744,2003,41760.0,12505.0,1.8712540000000002,0.706205,GBR,SGP,830629
2836680,97,192,8744,2003,414743.0,47343.0,0.494569,2.147062,HKG,SGP,830629
2836681,103,192,8744,2003,26989.0,83191.0,-0.16802,1.7252990000000001,IDN,SGP,830629
2836682,104,192,8744,2003,112633.0,9654.0,0.33014099999999996,2.836003,IND,SGP,830629
2836683,106,192,8744,2003,0.0,1216.0,1.6396130000000002,0.220599,IRL,SGP,830629
2836684,111,192,8744,2003,110006.0,0.0,1.399734,1.044608,ITA,SGP,830629
2836685,114,192,8744,2003,34057.0,49558.0,2.4686630000000003,0.48072600000000004,JPN,SGP,830629
2836686,118,192,8744,2003,0.0,1338.0,-1.0165620000000002,-1.060454,KHM,SGP,830629
2836687,121,192,8744,2003,13865.0,13345.0,1.2611709999999998,0.956308,KOR,SGP,830629
2836688,128,192,8744,2003,1201.0,0.0,-0.618057,0.101931,LKA,SGP,830629
2836689,131,192,8744,2003,1901.0,0.0,1.444996,1.063764,LUX,SGP,830629
2836690,137,192,8744,2003,0.0,2053.0,-1.201352,-1.031892,MDV,SGP,830629
2836691,138,192,8744,2003,0.0,1573.0,0.862509,0.756684,MEX,SGP,830629
2836692,143,192,8744,2003,1845.0,0.0,-1.435123,-1.0948,MMR,SGP,830629
2836693,153,192,8744,2003,421969.0,34898.0,0.728804,0.2168,MYS,SGP,830629
2836694,162,192,8744,2003,3643.0,11283.0,1.168453,1.7085709999999998,NLD,SGP,830629
2836695,164,192,8744,2003,15591.0,0.0,-0.26353899999999997,1.351717,NPL,SGP,830629
2836696,166,192,8744,2003,5471.0,3907.0,0.589619,0.997301,NZL,SGP,830629
2836697,168,192,8744,2003,4719.0,0.0,-0.6659689999999999,0.137924,PAK,SGP,830629
2836698,174,192,8744,2003,47871.0,998.0,-0.065022,-0.195144,PHL,SGP,830629
2836699,176,192,8744,2003,0.0,5717.0,-1.7997330000000002,-1.2110049999999999,PNG,SGP,830629
2836700,183,192,8744,2003,0.0,2935.0,-0.209042,-1.0565799999999999,QAT,SGP,830629
2836701,188,192,8744,2003,1681.0,6908.0,0.202286,-0.714691,SAU,SGP,830629
2836702,208,192,8744,2003,1945.0,3624.0,2.099224,0.799982,SWE,SGP,830629
2836703,216,192,8744,2003,145170.0,6513.0,0.43010699999999996,1.607408,THA,SGP,830629
2836704,224,192,8744,2003,1863.0,0.0,0.192802,1.9855060000000002,TUR,SGP,830629
2836705,231,192,8744,2003,21979.0,224780.0,1.7789220000000001,0.064028,USA,SGP,830629
2836706,239,192,8744,2003,12971.0,61726.0,-0.633985,0.659696,VNM,SGP,830629
2836707,249,192,8744,2003,82154.0,39777.0,1.5924040000000002,1.397843,TWN,SGP,830629
2836708,250,192,8744,2003,0.0,1252.0,0.45951499999999995,-0.2312,ANS,SGP,830629
2836709,15,206,8744,2003,20778.0,13524.0,1.834977,0.408096,AUT,SVK,830629
2836710,18,206,8744,2003,1562.0,0.0,1.361682,1.39536,BEL,SVK,830629
2836711,23,206,8744,2003,1988.0,0.0,0.43308599999999997,1.7104099999999998,BGR,SVK,830629
2836712,41,206,8744,2003,0.0,3699.0,2.151037,0.711217,CHE,SVK,830629
2836713,43,206,8744,2003,4214.0,0.0,0.579431,2.773139,CHN,SVK,830629
2836714,59,206,8744,2003,153849.0,50012.0,1.555749,0.8662059999999999,CZE,SVK,830629
2836715,61,206,8744,2003,61076.0,1358097.0,2.2821919999999998,-2.0985150000000004,DEU,SVK,830629
2836716,64,206,8744,2003,0.0,1072.0,1.309564,1.245596,DNK,SVK,830629
2836717,71,206,8744,2003,12474.0,0.0,0.960684,2.074792,ESP,SVK,830629
2836718,77,206,8744,2003,10574.0,0.0,1.606606,0.7394149999999999,FRA,SVK,830629
2836719,81,206,8744,2003,4027.0,7310.0,1.8712540000000002,0.706205,GBR,SVK,830629
2836720,97,206,8744,2003,2205.0,0.0,0.494569,2.147062,HKG,SVK,830629
2836721,102,206,8744,2003,3932.0,0.0,1.2003270000000001,1.091407,HUN,SVK,830629
2836722,103,206,8744,2003,250.0,0.0,-0.16802,1.7252990000000001,IDN,SVK,830629
2836723,104,206,8744,2003,5328.0,0.0,0.33014099999999996,2.836003,IND,SVK,830629
2836724,110,206,8744,2003,980.0,766.0,1.157809,0.682195,ISR,SVK,830629
2836725,111,206,8744,2003,139339.0,2893.0,1.399734,1.044608,ITA,SVK,830629
2836726,122,206,8744,2003,0.0,3223.0,-0.7943640000000001,-1.1529770000000001,KWT,SVK,830629
2836727,130,206,8744,2003,0.0,1333.0,0.239608,0.517299,LTU,SVK,830629
2836728,153,206,8744,2003,809.0,0.0,0.728804,0.2168,MYS,SVK,830629
2836729,162,206,8744,2003,62878.0,1032.0,1.168453,1.7085709999999998,NLD,SVK,830629
2836730,168,206,8744,2003,542.0,0.0,-0.6659689999999999,0.137924,PAK,SVK,830629
2836731,177,206,8744,2003,39833.0,0.0,0.966622,1.664838,POL,SVK,830629
2836732,186,206,8744,2003,2004.0,0.0,1.072729,0.338355,RUS,SVK,830629
2836733,207,206,8744,2003,0.0,1722.0,1.6459840000000001,1.014191,SVN,SVK,830629
2836734,224,206,8744,2003,1323.0,0.0,0.192802,1.9855060000000002,TUR,SVK,830629
2836735,231,206,8744,2003,1650.0,45496.0,1.7789220000000001,0.064028,USA,SVK,830629
2836736,246,206,8744,2003,551.0,0.0,0.477987,2.255395,ZAF,SVK,830629
2836737,15,207,8744,2003,28680.0,11135.0,1.834977,0.408096,AUT,SVN,830629
2836738,18,207,8744,2003,6110.0,0.0,1.361682,1.39536,BEL,SVN,830629
2836739,26,207,8744,2003,0.0,2202.0,0.195667,0.347011,BIH,SVN,830629
2836740,41,207,8744,2003,0.0,2543.0,2.151037,0.711217,CHE,SVN,830629
2836741,43,207,8744,2003,113355.0,0.0,0.579431,2.773139,CHN,SVN,830629
2836742,61,207,8744,2003,29103.0,90709.0,2.2821919999999998,-2.0985150000000004,DEU,SVN,830629
2836743,71,207,8744,2003,158156.0,0.0,0.960684,2.074792,ESP,SVN,830629
2836744,74,207,8744,2003,0.0,13557.0,2.077889,0.942501,FIN,SVN,830629
2836745,75,207,8744,2003,853.0,0.0,-0.6865640000000001,-0.326977,FJI,SVN,830629
2836746,77,207,8744,2003,16669.0,0.0,1.606606,0.7394149999999999,FRA,SVN,830629
2836747,97,207,8744,2003,4895.0,0.0,0.494569,2.147062,HKG,SVN,830629
2836748,100,207,8744,2003,1469.0,29377.0,0.568394,1.230759,HRV,SVN,830629
2836749,102,207,8744,2003,1038.0,0.0,1.2003270000000001,1.091407,HUN,SVN,830629
2836750,103,207,8744,2003,918.0,0.0,-0.16802,1.7252990000000001,IDN,SVN,830629
2836751,104,207,8744,2003,15175.0,0.0,0.33014099999999996,2.836003,IND,SVN,830629
2836752,111,207,8744,2003,372416.0,5465.0,1.399734,1.044608,ITA,SVN,830629
2836753,140,207,8744,2003,0.0,6351.0,-0.017632,0.225394,MKD,SVN,830629
2836754,162,207,8744,2003,45481.0,0.0,1.168453,1.7085709999999998,NLD,SVN,830629
2836755,174,207,8744,2003,1732.0,0.0,-0.065022,-0.195144,PHL,SVN,830629
2836756,177,207,8744,2003,9108.0,0.0,0.966622,1.664838,POL,SVN,830629
2836757,186,207,8744,2003,0.0,11886.0,1.072729,0.338355,RUS,SVN,830629
2836758,206,207,8744,2003,1722.0,0.0,1.22565,0.915518,SVK,SVN,830629
2836759,216,207,8744,2003,8190.0,0.0,0.43010699999999996,1.607408,THA,SVN,830629
2836760,239,207,8744,2003,925.0,0.0,-0.633985,0.659696,VNM,SVN,830629
2836761,249,207,8744,2003,1485.0,0.0,1.5924040000000002,1.397843,TWN,SVN,830629
2836762,7,212,8744,2003,0.0,1649.0,0.049637,-0.502691,ARE,SYR,830629
2836763,14,212,8744,2003,0.0,1532.0,0.316879,0.9409489999999999,AUS,SYR,830629
2836764,24,212,8744,2003,0.0,3951.0,-0.10968800000000001,-1.041032,BHR,SYR,830629
2836765,41,212,8744,2003,0.0,1291.0,2.151037,0.711217,CHE,SYR,830629
2836766,43,212,8744,2003,2322.0,0.0,0.579431,2.773139,CHN,SYR,830629
2836767,58,212,8744,2003,0.0,7737.0,0.259992,0.068914,CYP,SYR,830629
2836768,61,212,8744,2003,2818.0,3471.0,2.2821919999999998,-2.0985150000000004,DEU,SYR,830629
2836769,66,212,8744,2003,0.0,2203.0,-1.060727,-1.142594,DZA,SYR,830629
2836770,71,212,8744,2003,10579.0,2117.0,0.960684,2.074792,ESP,SYR,830629
2836771,77,212,8744,2003,19613.0,4463.0,1.606606,0.7394149999999999,FRA,SYR,830629
2836772,81,212,8744,2003,0.0,3126.0,1.8712540000000002,0.706205,GBR,SYR,830629
2836773,111,212,8744,2003,16507.0,0.0,1.399734,1.044608,ITA,SYR,830629
2836774,113,212,8744,2003,0.0,9815.0,0.12295,0.377031,JOR,SYR,830629
2836775,122,212,8744,2003,0.0,28182.0,-0.7943640000000001,-1.1529770000000001,KWT,SYR,830629
2836776,124,212,8744,2003,0.0,20518.0,0.261687,1.053856,LBN,SYR,830629
2836777,126,212,8744,2003,0.0,1757.0,-0.36075999999999997,-1.110575,LBY,SYR,830629
2836778,134,212,8744,2003,0.0,1335.0,-0.6842050000000001,-0.217892,MAR,SYR,830629
2836779,183,212,8744,2003,0.0,36375.0,-0.209042,-1.0565799999999999,QAT,SYR,830629
2836780,188,212,8744,2003,0.0,2060.0,0.202286,-0.714691,SAU,SYR,830629
2836781,231,212,8744,2003,0.0,2428.0,1.7789220000000001,0.064028,USA,SYR,830629
2836782,249,212,8744,2003,3005.0,0.0,1.5924040000000002,1.397843,TWN,SYR,830629
2836783,250,212,8744,2003,1070.0,1673.0,0.45951499999999995,-0.2312,ANS,SYR,830629
2836784,7,223,8744,2003,3022.0,0.0,0.049637,-0.502691,ARE,TUN,830629
2836785,14,223,8744,2003,0.0,2498.0,0.316879,0.9409489999999999,AUS,TUN,830629
2836786,41,223,8744,2003,6631.0,0.0,2.151037,0.711217,CHE,TUN,830629
2836787,43,223,8744,2003,10110.0,0.0,0.579431,2.773139,CHN,TUN,830629
2836788,61,223,8744,2003,8596.0,3582.0,2.2821919999999998,-2.0985150000000004,DEU,TUN,830629
2836789,68,223,8744,2003,12770.0,0.0,-0.292923,0.465433,EGY,TUN,830629
2836790,71,223,8744,2003,26089.0,0.0,0.960684,2.074792,ESP,TUN,830629
2836791,77,223,8744,2003,31897.0,130370.0,1.606606,0.7394149999999999,FRA,TUN,830629
2836792,81,223,8744,2003,1677.0,0.0,1.8712540000000002,0.706205,GBR,TUN,830629
2836793,97,223,8744,2003,4106.0,0.0,0.494569,2.147062,HKG,TUN,830629
2836794,104,223,8744,2003,5220.0,0.0,0.33014099999999996,2.836003,IND,TUN,830629
2836795,111,223,8744,2003,30126.0,3501.0,1.399734,1.044608,ITA,TUN,830629
2836796,122,223,8744,2003,0.0,1497.0,-0.7943640000000001,-1.1529770000000001,KWT,TUN,830629
2836797,134,223,8744,2003,6307.0,0.0,-0.6842050000000001,-0.217892,MAR,TUN,830629
2836798,162,223,8744,2003,3138.0,0.0,1.168453,1.7085709999999998,NLD,TUN,830629
2836799,224,223,8744,2003,2941.0,0.0,0.192802,1.9855060000000002,TUR,TUN,830629
2836800,249,223,8744,2003,3400.0,0.0,1.5924040000000002,1.397843,TWN,TUN,830629
2836801,15,228,8744,2003,0.0,929.0,1.834977,0.408096,AUT,UKR,830629
2836802,18,228,8744,2003,5661.0,0.0,1.361682,1.39536,BEL,UKR,830629
2836803,39,228,8744,2003,4855.0,0.0,0.9791540000000001,1.185081,CAN,UKR,830629
2836804,43,228,8744,2003,33512.0,0.0,0.579431,2.773139,CHN,UKR,830629
2836805,58,228,8744,2003,1435.0,0.0,0.259992,0.068914,CYP,UKR,830629
2836806,59,228,8744,2003,1761.0,0.0,1.555749,0.8662059999999999,CZE,UKR,830629
2836807,61,228,8744,2003,90766.0,2257.0,2.2821919999999998,-2.0985150000000004,DEU,UKR,830629
2836808,71,228,8744,2003,232585.0,2388.0,0.960684,2.074792,ESP,UKR,830629
2836809,74,228,8744,2003,0.0,2494.0,2.077889,0.942501,FIN,UKR,830629
2836810,77,228,8744,2003,9362.0,5774.0,1.606606,0.7394149999999999,FRA,UKR,830629
2836811,97,228,8744,2003,1849.0,3028.0,0.494569,2.147062,HKG,UKR,830629
2836812,102,228,8744,2003,3763.0,0.0,1.2003270000000001,1.091407,HUN,UKR,830629
2836813,103,228,8744,2003,6003.0,0.0,-0.16802,1.7252990000000001,IDN,UKR,830629
2836814,104,228,8744,2003,19891.0,0.0,0.33014099999999996,2.836003,IND,UKR,830629
2836815,111,228,8744,2003,677029.0,0.0,1.399734,1.044608,ITA,UKR,830629
2836816,122,228,8744,2003,0.0,1022.0,-0.7943640000000001,-1.1529770000000001,KWT,UKR,830629
2836817,124,228,8744,2003,2410.0,2649.0,0.261687,1.053856,LBN,UKR,830629
2836818,128,228,8744,2003,5632.0,0.0,-0.618057,0.101931,LKA,UKR,830629
2836819,134,228,8744,2003,3929.0,0.0,-0.6842050000000001,-0.217892,MAR,UKR,830629
2836820,162,228,8744,2003,95354.0,3624.0,1.168453,1.7085709999999998,NLD,UKR,830629
2836821,177,228,8744,2003,362026.0,0.0,0.966622,1.664838,POL,UKR,830629
2836822,179,228,8744,2003,832.0,0.0,0.471376,1.647303,PRT,UKR,830629
2836823,185,228,8744,2003,3066.0,2437.0,0.378379,1.0064620000000002,ROU,UKR,830629
2836824,186,228,8744,2003,4155.0,2177.0,1.072729,0.338355,RUS,UKR,830629
2836825,216,228,8744,2003,8268.0,0.0,0.43010699999999996,1.607408,THA,UKR,830629
2836826,224,228,8744,2003,4080.0,0.0,0.192802,1.9855060000000002,TUR,UKR,830629
2836827,231,228,8744,2003,840.0,0.0,1.7789220000000001,0.064028,USA,UKR,830629
2836828,239,228,8744,2003,1091.0,0.0,-0.633985,0.659696,VNM,UKR,830629
2836829,249,228,8744,2003,16795.0,0.0,1.5924040000000002,1.397843,TWN,UKR,830629
2836830,44,19,8744,2003,32324.0,0.0,-0.699928,-0.723739,CIV,BEN,830629
2836831,61,19,8744,2003,0.0,914.0,2.2821919999999998,-2.0985150000000004,DEU,BEN,830629
2836832,77,19,8744,2003,29462.0,6653.0,1.606606,0.7394149999999999,FRA,BEN,830629
2836833,111,19,8744,2003,11847.0,0.0,1.399734,1.044608,ITA,BEN,830629
2836834,162,19,8744,2003,0.0,548.0,1.168453,1.7085709999999998,NLD,BEN,830629
2836835,246,37,8744,2003,87599.0,866.0,0.477987,2.255395,ZAF,BWA,830629
2836836,18,44,8744,2003,914.0,0.0,1.361682,1.39536,BEL,CIV,830629
2836837,19,44,8744,2003,0.0,32324.0,-1.150888,-0.956203,BEN,CIV,830629
2836838,71,44,8744,2003,21418.0,0.0,0.960684,2.074792,ESP,CIV,830629
2836839,77,44,8744,2003,19840.0,6646.0,1.606606,0.7394149999999999,FRA,CIV,830629
2836840,111,44,8744,2003,11030.0,0.0,1.399734,1.044608,ITA,CIV,830629
2836841,246,44,8744,2003,1927.0,0.0,0.477987,2.255395,ZAF,CIV,830629
2836842,18,45,8744,2003,0.0,8959.0,1.361682,1.39536,BEL,CMR,830629
2836843,61,45,8744,2003,0.0,5717.0,2.2821919999999998,-2.0985150000000004,DEU,CMR,830629
2836844,71,45,8744,2003,0.0,33347.0,0.960684,2.074792,ESP,CMR,830629
2836845,77,45,8744,2003,48674.0,2658.0,1.606606,0.7394149999999999,FRA,CMR,830629
2836846,111,45,8744,2003,3695.0,0.0,1.399734,1.044608,ITA,CMR,830629
2836847,231,45,8744,2003,0.0,14325.0,1.7789220000000001,0.064028,USA,CMR,830629
2836848,15,58,8744,2003,1637.0,0.0,1.834977,0.408096,AUT,CYP,830629
2836849,18,58,8744,2003,20782.0,0.0,1.361682,1.39536,BEL,CYP,830629
2836850,41,58,8744,2003,1766.0,0.0,2.151037,0.711217,CHE,CYP,830629
2836851,43,58,8744,2003,117885.0,0.0,0.579431,2.773139,CHN,CYP,830629
2836852,61,58,8744,2003,40227.0,0.0,2.2821919999999998,-2.0985150000000004,DEU,CYP,830629
2836853,64,58,8744,2003,2730.0,0.0,1.309564,1.245596,DNK,CYP,830629
2836854,68,58,8744,2003,2197.0,0.0,-0.292923,0.465433,EGY,CYP,830629
2836855,71,58,8744,2003,154048.0,0.0,0.960684,2.074792,ESP,CYP,830629
2836856,77,58,8744,2003,105986.0,0.0,1.606606,0.7394149999999999,FRA,CYP,830629
2836857,81,58,8744,2003,15161.0,0.0,1.8712540000000002,0.706205,GBR,CYP,830629
2836858,90,58,8744,2003,69401.0,20320.0,0.364688,1.4823959999999998,GRC,CYP,830629
2836859,97,58,8744,2003,33122.0,0.0,0.494569,2.147062,HKG,CYP,830629
2836860,103,58,8744,2003,1179.0,0.0,-0.16802,1.7252990000000001,IDN,CYP,830629
2836861,104,58,8744,2003,36546.0,0.0,0.33014099999999996,2.836003,IND,CYP,830629
2836862,110,58,8744,2003,2480.0,0.0,1.157809,0.682195,ISR,CYP,830629
2836863,111,58,8744,2003,147489.0,0.0,1.399734,1.044608,ITA,CYP,830629
2836864,124,58,8744,2003,1620.0,0.0,0.261687,1.053856,LBN,CYP,830629
2836865,134,58,8744,2003,1813.0,0.0,-0.6842050000000001,-0.217892,MAR,CYP,830629
2836866,162,58,8744,2003,10555.0,0.0,1.168453,1.7085709999999998,NLD,CYP,830629
2836867,174,58,8744,2003,2158.0,0.0,-0.065022,-0.195144,PHL,CYP,830629
2836868,208,58,8744,2003,850.0,0.0,2.099224,0.799982,SWE,CYP,830629
2836869,212,58,8744,2003,7737.0,0.0,-0.868749,-0.326322,SYR,CYP,830629
2836870,216,58,8744,2003,1843.0,0.0,0.43010699999999996,1.607408,THA,CYP,830629
2836871,224,58,8744,2003,13835.0,0.0,0.192802,1.9855060000000002,TUR,CYP,830629
2836872,228,58,8744,2003,0.0,1435.0,0.8929389999999999,0.956685,UKR,CYP,830629
2836873,231,58,8744,2003,2801.0,0.0,1.7789220000000001,0.064028,USA,CYP,830629
2836874,239,58,8744,2003,1964.0,0.0,-0.633985,0.659696,VNM,CYP,830629
2836875,246,58,8744,2003,2142.0,0.0,0.477987,2.255395,ZAF,CYP,830629
2836876,249,58,8744,2003,2699.0,0.0,1.5924040000000002,1.397843,TWN,CYP,830629
2836877,43,72,8744,2003,29207.0,0.0,0.579431,2.773139,CHN,EST,830629
2836878,61,72,8744,2003,10915.0,0.0,2.2821919999999998,-2.0985150000000004,DEU,EST,830629
2836879,64,72,8744,2003,1534.0,0.0,1.309564,1.245596,DNK,EST,830629
2836880,68,72,8744,2003,759.0,0.0,-0.292923,0.465433,EGY,EST,830629
2836881,71,72,8744,2003,55638.0,3900.0,0.960684,2.074792,ESP,EST,830629
2836882,74,72,8744,2003,26232.0,16309.0,2.077889,0.942501,FIN,EST,830629
2836883,81,72,8744,2003,1582.0,1843.0,1.8712540000000002,0.706205,GBR,EST,830629
2836884,97,72,8744,2003,2077.0,0.0,0.494569,2.147062,HKG,EST,830629
2836885,104,72,8744,2003,4691.0,0.0,0.33014099999999996,2.836003,IND,EST,830629
2836886,111,72,8744,2003,76233.0,0.0,1.399734,1.044608,ITA,EST,830629
2836887,130,72,8744,2003,10788.0,0.0,0.239608,0.517299,LTU,EST,830629
2836888,132,72,8744,2003,2559.0,1105.0,0.520772,0.5631689999999999,LVA,EST,830629
2836889,162,72,8744,2003,13056.0,33712.0,1.168453,1.7085709999999998,NLD,EST,830629
2836890,163,72,8744,2003,0.0,13552.0,1.1500620000000001,0.258554,NOR,EST,830629
2836891,177,72,8744,2003,4411.0,0.0,0.966622,1.664838,POL,EST,830629
2836892,185,72,8744,2003,744.0,0.0,0.378379,1.0064620000000002,ROU,EST,830629
2836893,186,72,8744,2003,1635.0,1621.0,1.072729,0.338355,RUS,EST,830629
2836894,208,72,8744,2003,16190.0,69387.0,2.099224,0.799982,SWE,EST,830629
2836895,239,72,8744,2003,1425.0,0.0,-0.633985,0.659696,VNM,EST,830629
2836896,249,72,8744,2003,2839.0,0.0,1.5924040000000002,1.397843,TWN,EST,830629
2836897,250,72,8744,2003,52095.0,0.0,0.45951499999999995,-0.2312,ANS,EST,830629
2836898,43,80,8744,2003,1278.0,0.0,0.579431,2.773139,CHN,GAB,830629
2836899,61,80,8744,2003,1264.0,0.0,2.2821919999999998,-2.0985150000000004,DEU,GAB,830629
2836900,71,80,8744,2003,1104.0,0.0,0.960684,2.074792,ESP,GAB,830629
2836901,77,80,8744,2003,151171.0,94378.0,1.606606,0.7394149999999999,FRA,GAB,830629
2836902,134,80,8744,2003,10885.0,0.0,-0.6842050000000001,-0.217892,MAR,GAB,830629
2836903,246,80,8744,2003,2185.0,0.0,0.477987,2.255395,ZAF,GAB,830629
2836904,14,118,8744,2003,0.0,3313.0,0.316879,0.9409489999999999,AUS,KHM,830629
2836905,153,118,8744,2003,0.0,2087.0,0.728804,0.2168,MYS,KHM,830629
2836906,192,118,8744,2003,1338.0,0.0,1.5080799999999999,0.720337,SGP,KHM,830629
2836907,249,118,8744,2003,14575.0,0.0,1.5924040000000002,1.397843,TWN,KHM,830629
2836908,18,130,8744,2003,1020.0,0.0,1.361682,1.39536,BEL,LTU,830629
2836909,28,130,8744,2003,0.0,9315.0,0.847358,0.9307719999999999,BLR,LTU,830629
2836910,39,130,8744,2003,0.0,1541.0,0.9791540000000001,1.185081,CAN,LTU,830629
2836911,41,130,8744,2003,0.0,587.0,2.151037,0.711217,CHE,LTU,830629
2836912,43,130,8744,2003,29365.0,0.0,0.579431,2.773139,CHN,LTU,830629
2836913,61,130,8744,2003,46096.0,6609.0,2.2821919999999998,-2.0985150000000004,DEU,LTU,830629
2836914,68,130,8744,2003,3880.0,0.0,-0.292923,0.465433,EGY,LTU,830629
2836915,71,130,8744,2003,57542.0,0.0,0.960684,2.074792,ESP,LTU,830629
2836916,72,130,8744,2003,0.0,10788.0,0.5913010000000001,0.8489979999999999,EST,LTU,830629
2836917,74,130,8744,2003,1625.0,0.0,2.077889,0.942501,FIN,LTU,830629
2836918,77,130,8744,2003,5280.0,0.0,1.606606,0.7394149999999999,FRA,LTU,830629
2836919,102,130,8744,2003,1112.0,0.0,1.2003270000000001,1.091407,HUN,LTU,830629
2836920,103,130,8744,2003,3627.0,0.0,-0.16802,1.7252990000000001,IDN,LTU,830629
2836921,104,130,8744,2003,16309.0,0.0,0.33014099999999996,2.836003,IND,LTU,830629
2836922,111,130,8744,2003,100269.0,0.0,1.399734,1.044608,ITA,LTU,830629
2836923,122,130,8744,2003,0.0,4525.0,-0.7943640000000001,-1.1529770000000001,KWT,LTU,830629
2836924,132,130,8744,2003,1913.0,13865.0,0.520772,0.5631689999999999,LVA,LTU,830629
2836925,162,130,8744,2003,34748.0,0.0,1.168453,1.7085709999999998,NLD,LTU,830629
2836926,163,130,8744,2003,0.0,2021.0,1.1500620000000001,0.258554,NOR,LTU,830629
2836927,177,130,8744,2003,86103.0,0.0,0.966622,1.664838,POL,LTU,830629
2836928,179,130,8744,2003,9700.0,0.0,0.471376,1.647303,PRT,LTU,830629
2836929,183,130,8744,2003,0.0,8737.0,-0.209042,-1.0565799999999999,QAT,LTU,830629
2836930,186,130,8744,2003,5101.0,1053.0,1.072729,0.338355,RUS,LTU,830629
2836931,206,130,8744,2003,1333.0,0.0,1.22565,0.915518,SVK,LTU,830629
2836932,208,130,8744,2003,8240.0,48665.0,2.099224,0.799982,SWE,LTU,830629
2836933,216,130,8744,2003,1185.0,0.0,0.43010699999999996,1.607408,THA,LTU,830629
2836934,18,131,8744,2003,218905.0,2147.0,1.361682,1.39536,BEL,LUX,830629
2836935,41,131,8744,2003,0.0,7978.0,2.151037,0.711217,CHE,LUX,830629
2836936,43,131,8744,2003,8453.0,0.0,0.579431,2.773139,CHN,LUX,830629
2836937,61,131,8744,2003,179393.0,13182.0,2.2821919999999998,-2.0985150000000004,DEU,LUX,830629
2836938,71,131,8744,2003,16644.0,0.0,0.960684,2.074792,ESP,LUX,830629
2836939,77,131,8744,2003,135799.0,11977.0,1.606606,0.7394149999999999,FRA,LUX,830629
2836940,81,131,8744,2003,1578.0,0.0,1.8712540000000002,0.706205,GBR,LUX,830629
2836941,90,131,8744,2003,0.0,3283.0,0.364688,1.4823959999999998,GRC,LUX,830629
2836942,97,131,8744,2003,1624.0,0.0,0.494569,2.147062,HKG,LUX,830629
2836943,103,131,8744,2003,516.0,0.0,-0.16802,1.7252990000000001,IDN,LUX,830629
2836944,104,131,8744,2003,13492.0,0.0,0.33014099999999996,2.836003,IND,LUX,830629
2836945,111,131,8744,2003,78746.0,0.0,1.399734,1.044608,ITA,LUX,830629
2836946,162,131,8744,2003,253015.0,0.0,1.168453,1.7085709999999998,NLD,LUX,830629
2836947,174,131,8744,2003,16465.0,0.0,-0.065022,-0.195144,PHL,LUX,830629
2836948,192,131,8744,2003,0.0,1901.0,1.5080799999999999,0.720337,SGP,LUX,830629
2836949,216,131,8744,2003,5093.0,0.0,0.43010699999999996,1.607408,THA,LUX,830629
2836950,6,134,8744,2003,0.0,3143.0,0.108903,-0.650137,ANT,MAR,830629
2836951,7,134,8744,2003,0.0,13884.0,0.049637,-0.502691,ARE,MAR,830629
2836952,14,134,8744,2003,0.0,6402.0,0.316879,0.9409489999999999,AUS,MAR,830629
2836953,15,134,8744,2003,0.0,10028.0,1.834977,0.408096,AUT,MAR,830629
2836954,18,134,8744,2003,3040.0,106873.0,1.361682,1.39536,BEL,MAR,830629
2836955,24,134,8744,2003,0.0,5362.0,-0.10968800000000001,-1.041032,BHR,MAR,830629
2836956,39,134,8744,2003,0.0,5405.0,0.9791540000000001,1.185081,CAN,MAR,830629
2836957,41,134,8744,2003,0.0,23171.0,2.151037,0.711217,CHE,MAR,830629
2836958,42,134,8744,2003,0.0,7005.0,-0.06375900000000001,-0.156808,CHL,MAR,830629
2836959,43,134,8744,2003,25609.0,0.0,0.579431,2.773139,CHN,MAR,830629
2836960,49,134,8744,2003,0.0,887.0,0.218336,0.376869,COL,MAR,830629
2836961,52,134,8744,2003,0.0,1868.0,-0.193904,-0.5049680000000001,CRI,MAR,830629
2836962,58,134,8744,2003,0.0,1813.0,0.259992,0.068914,CYP,MAR,830629
2836963,61,134,8744,2003,3650.0,321145.0,2.2821919999999998,-2.0985150000000004,DEU,MAR,830629
2836964,64,134,8744,2003,0.0,15212.0,1.309564,1.245596,DNK,MAR,830629
2836965,66,134,8744,2003,0.0,17620.0,-1.060727,-1.142594,DZA,MAR,830629
2836966,68,134,8744,2003,3536.0,0.0,-0.292923,0.465433,EGY,MAR,830629
2836967,71,134,8744,2003,189505.0,346978.0,0.960684,2.074792,ESP,MAR,830629
2836968,77,134,8744,2003,271284.0,1122325.0,1.606606,0.7394149999999999,FRA,MAR,830629
2836969,80,134,8744,2003,0.0,10885.0,-0.92745,-1.138466,GAB,MAR,830629
2836970,81,134,8744,2003,0.0,20377.0,1.8712540000000002,0.706205,GBR,MAR,830629
2836971,90,134,8744,2003,0.0,27316.0,0.364688,1.4823959999999998,GRC,MAR,830629
2836972,97,134,8744,2003,10037.0,0.0,0.494569,2.147062,HKG,MAR,830629
2836973,102,134,8744,2003,0.0,3181.0,1.2003270000000001,1.091407,HUN,MAR,830629
2836974,104,134,8744,2003,26795.0,0.0,0.33014099999999996,2.836003,IND,MAR,830629
2836975,110,134,8744,2003,0.0,6144.0,1.157809,0.682195,ISR,MAR,830629
2836976,111,134,8744,2003,124266.0,92652.0,1.399734,1.044608,ITA,MAR,830629
2836977,114,134,8744,2003,0.0,6527.0,2.4686630000000003,0.48072600000000004,JPN,MAR,830629
2836978,122,134,8744,2003,0.0,2065.0,-0.7943640000000001,-1.1529770000000001,KWT,MAR,830629
2836979,126,134,8744,2003,0.0,10562.0,-0.36075999999999997,-1.110575,LBY,MAR,830629
2836980,138,134,8744,2003,0.0,1663.0,0.862509,0.756684,MEX,MAR,830629
2836981,142,134,8744,2003,0.0,6416.0,1.2138149999999999,-0.015687,MLT,MAR,830629
2836982,151,134,8744,2003,0.0,4822.0,-0.361514,-0.29839899999999997,MUS,MAR,830629
2836983,162,134,8744,2003,0.0,39763.0,1.168453,1.7085709999999998,NLD,MAR,830629
2836984,163,134,8744,2003,0.0,12247.0,1.1500620000000001,0.258554,NOR,MAR,830629
2836985,166,134,8744,2003,0.0,1897.0,0.589619,0.997301,NZL,MAR,830629
2836986,179,134,8744,2003,4581.0,11189.0,0.471376,1.647303,PRT,MAR,830629
2836987,186,134,8744,2003,0.0,8995.0,1.072729,0.338355,RUS,MAR,830629
2836988,188,134,8744,2003,88610.0,12140.0,0.202286,-0.714691,SAU,MAR,830629
2836989,190,134,8744,2003,0.0,1493.0,-1.3535059999999999,-1.1701409999999999,SDN,MAR,830629
2836990,191,134,8744,2003,0.0,1562.0,-0.25203600000000004,-0.25549299999999997,SEN,MAR,830629
2836991,208,134,8744,2003,1192.0,2408.0,2.099224,0.799982,SWE,MAR,830629
2836992,212,134,8744,2003,1335.0,0.0,-0.868749,-0.326322,SYR,MAR,830629
2836993,216,134,8744,2003,35544.0,0.0,0.43010699999999996,1.607408,THA,MAR,830629
2836994,223,134,8744,2003,0.0,6307.0,-0.14845999999999998,0.255092,TUN,MAR,830629
2836995,224,134,8744,2003,4316.0,0.0,0.192802,1.9855060000000002,TUR,MAR,830629
2836996,228,134,8744,2003,0.0,3929.0,0.8929389999999999,0.956685,UKR,MAR,830629
2836997,231,134,8744,2003,1947.0,30047.0,1.7789220000000001,0.064028,USA,MAR,830629
2836998,236,134,8744,2003,0.0,2529.0,0.277805,-0.783697,VEN,MAR,830629
2836999,246,134,8744,2003,0.0,4548.0,0.477987,2.255395,ZAF,MAR,830629
2837000,250,134,8744,2003,0.0,10506.0,0.45951499999999995,-0.2312,ANS,MAR,830629
2837001,15,135,8744,2003,19736.0,0.0,1.834977,0.408096,AUT,MDA,830629
2837002,61,135,8744,2003,2809.0,0.0,2.2821919999999998,-2.0985150000000004,DEU,MDA,830629
2837003,111,135,8744,2003,2689.0,0.0,1.399734,1.044608,ITA,MDA,830629
2837004,177,135,8744,2003,80614.0,0.0,0.966622,1.664838,POL,MDA,830629
2837005,185,135,8744,2003,2147.0,0.0,0.378379,1.0064620000000002,ROU,MDA,830629
2837006,224,135,8744,2003,1005.0,0.0,0.192802,1.9855060000000002,TUR,MDA,830629
2837007,18,142,8744,2003,1761.0,2237.0,1.361682,1.39536,BEL,MLT,830629
2837008,41,142,8744,2003,2674.0,0.0,2.151037,0.711217,CHE,MLT,830629
2837009,43,142,8744,2003,16350.0,0.0,0.579431,2.773139,CHN,MLT,830629
2837010,61,142,8744,2003,37898.0,0.0,2.2821919999999998,-2.0985150000000004,DEU,MLT,830629
2837011,68,142,8744,2003,8091.0,0.0,-0.292923,0.465433,EGY,MLT,830629
2837012,71,142,8744,2003,84650.0,0.0,0.960684,2.074792,ESP,MLT,830629
2837013,77,142,8744,2003,1912.0,0.0,1.606606,0.7394149999999999,FRA,MLT,830629
2837014,81,142,8744,2003,52922.0,0.0,1.8712540000000002,0.706205,GBR,MLT,830629
2837015,97,142,8744,2003,120499.0,0.0,0.494569,2.147062,HKG,MLT,830629
2837016,103,142,8744,2003,1426.0,0.0,-0.16802,1.7252990000000001,IDN,MLT,830629
2837017,104,142,8744,2003,7627.0,0.0,0.33014099999999996,2.836003,IND,MLT,830629
2837018,111,142,8744,2003,265874.0,0.0,1.399734,1.044608,ITA,MLT,830629
2837019,114,142,8744,2003,1743.0,0.0,2.4686630000000003,0.48072600000000004,JPN,MLT,830629
2837020,134,142,8744,2003,6416.0,0.0,-0.6842050000000001,-0.217892,MAR,MLT,830629
2837021,153,142,8744,2003,6197.0,0.0,0.728804,0.2168,MYS,MLT,830629
2837022,162,142,8744,2003,14164.0,0.0,1.168453,1.7085709999999998,NLD,MLT,830629
2837023,174,142,8744,2003,5236.0,0.0,-0.065022,-0.195144,PHL,MLT,830629
2837024,179,142,8744,2003,1528.0,0.0,0.471376,1.647303,PRT,MLT,830629
2837025,216,142,8744,2003,1053.0,0.0,0.43010699999999996,1.607408,THA,MLT,830629
2837026,224,142,8744,2003,3707.0,0.0,0.192802,1.9855060000000002,TUR,MLT,830629
2837027,231,142,8744,2003,3252.0,0.0,1.7789220000000001,0.064028,USA,MLT,830629
2837028,239,142,8744,2003,513.0,0.0,-0.633985,0.659696,VNM,MLT,830629
2837029,249,142,8744,2003,12797.0,0.0,1.5924040000000002,1.397843,TWN,MLT,830629
2837030,18,147,8744,2003,1721.0,0.0,1.361682,1.39536,BEL,MOZ,830629
2837031,111,147,8744,2003,0.0,2226.0,1.399734,1.044608,ITA,MOZ,830629
2837032,179,147,8744,2003,6665.0,0.0,0.471376,1.647303,PRT,MOZ,830629
2837033,246,147,8744,2003,3494.0,0.0,0.477987,2.255395,ZAF,MOZ,830629
2837034,2,155,8744,2003,0.0,2594.0,-1.8762919999999998,-1.176541,AGO,NAM,830629
2837035,61,155,8744,2003,0.0,1514.0,2.2821919999999998,-2.0985150000000004,DEU,NAM,830629
2837036,111,155,8744,2003,2331.0,0.0,1.399734,1.044608,ITA,NAM,830629
2837037,231,155,8744,2003,5129.0,0.0,1.7789220000000001,0.064028,USA,NAM,830629
2837038,246,155,8744,2003,17616.0,0.0,0.477987,2.255395,ZAF,NAM,830629
2837039,248,155,8744,2003,1928.0,0.0,-0.366539,-0.18906199999999998,ZWE,NAM,830629
2837040,43,159,8744,2003,5949.0,0.0,0.579431,2.773139,CHN,NGA,830629
2837041,61,159,8744,2003,17212.0,0.0,2.2821919999999998,-2.0985150000000004,DEU,NGA,830629
2837042,68,159,8744,2003,3940.0,0.0,-0.292923,0.465433,EGY,NGA,830629
2837043,71,159,8744,2003,27449.0,0.0,0.960684,2.074792,ESP,NGA,830629
2837044,77,159,8744,2003,0.0,2115.0,1.606606,0.7394149999999999,FRA,NGA,830629
2837045,81,159,8744,2003,4306.0,0.0,1.8712540000000002,0.706205,GBR,NGA,830629
2837046,97,159,8744,2003,2376.0,0.0,0.494569,2.147062,HKG,NGA,830629
2837047,111,159,8744,2003,48611.0,5900.0,1.399734,1.044608,ITA,NGA,830629
2837048,174,159,8744,2003,2667.0,0.0,-0.065022,-0.195144,PHL,NGA,830629
2837049,179,159,8744,2003,5099.0,0.0,0.471376,1.647303,PRT,NGA,830629
2837050,231,159,8744,2003,0.0,4539.0,1.7789220000000001,0.064028,USA,NGA,830629
2837051,246,159,8744,2003,127444.0,0.0,0.477987,2.255395,ZAF,NGA,830629
2837052,18,191,8744,2003,997.0,2459.0,1.361682,1.39536,BEL,SEN,830629
2837053,71,191,8744,2003,2018.0,2043.0,0.960684,2.074792,ESP,SEN,830629
2837054,77,191,8744,2003,69549.0,43806.0,1.606606,0.7394149999999999,FRA,SEN,830629
2837055,81,191,8744,2003,0.0,1616.0,1.8712540000000002,0.706205,GBR,SEN,830629
2837056,111,191,8744,2003,13921.0,0.0,1.399734,1.044608,ITA,SEN,830629
2837057,134,191,8744,2003,1562.0,0.0,-0.6842050000000001,-0.217892,MAR,SEN,830629
2837058,77,203,8744,2003,0.0,27872.0,1.606606,0.7394149999999999,FRA,STP,830629
2837059,179,203,8744,2003,5171.0,0.0,0.471376,1.647303,PRT,STP,830629
2837060,41,215,8744,2003,0.0,1955.0,2.151037,0.711217,CHE,TGO,830629
2837061,61,215,8744,2003,0.0,6103.0,2.2821919999999998,-2.0985150000000004,DEU,TGO,830629
2837062,71,215,8744,2003,0.0,3385.0,0.960684,2.074792,ESP,TGO,830629
2837063,77,215,8744,2003,7278.0,5422.0,1.606606,0.7394149999999999,FRA,TGO,830629
2837064,111,215,8744,2003,933.0,1574.0,1.399734,1.044608,ITA,TGO,830629
2837065,179,215,8744,2003,2785.0,0.0,0.471376,1.647303,PRT,TGO,830629
2837066,43,226,8744,2003,4044.0,0.0,0.579431,2.773139,CHN,TZA,830629
2837067,61,226,8744,2003,2431.0,0.0,2.2821919999999998,-2.0985150000000004,DEU,TZA,830629
2837068,68,226,8744,2003,1683.0,0.0,-0.292923,0.465433,EGY,TZA,830629
2837069,104,226,8744,2003,1349.0,0.0,0.33014099999999996,2.836003,IND,TZA,830629
2837070,111,226,8744,2003,16959.0,0.0,1.399734,1.044608,ITA,TZA,830629
2837071,114,226,8744,2003,899.0,0.0,2.4686630000000003,0.48072600000000004,JPN,TZA,830629
2837072,116,226,8744,2003,28870.0,0.0,-0.3531,0.582992,KEN,TZA,830629
2837073,168,226,8744,2003,10079.0,0.0,-0.6659689999999999,0.137924,PAK,TZA,830629
2837074,224,226,8744,2003,1205.0,0.0,0.192802,1.9855060000000002,TUR,TZA,830629
2837075,231,226,8744,2003,5379.0,2954.0,1.7789220000000001,0.064028,USA,TZA,830629
2837076,246,226,8744,2003,1002.0,0.0,0.477987,2.255395,ZAF,TZA,830629
2837077,14,239,8744,2003,0.0,88660.0,0.316879,0.9409489999999999,AUS,VNM,830629
2837078,15,239,8744,2003,0.0,46572.0,1.834977,0.408096,AUT,VNM,830629
2837079,18,239,8744,2003,0.0,1652865.0,1.361682,1.39536,BEL,VNM,830629
2837080,34,239,8744,2003,0.0,1022.0,-1.342738,-0.978633,BRN,VNM,830629
2837081,39,239,8744,2003,0.0,29259.0,0.9791540000000001,1.185081,CAN,VNM,830629
2837082,41,239,8744,2003,0.0,606130.0,2.151037,0.711217,CHE,VNM,830629
2837083,43,239,8744,2003,78361.0,1247.0,0.579431,2.773139,CHN,VNM,830629
2837084,58,239,8744,2003,0.0,1964.0,0.259992,0.068914,CYP,VNM,830629
2837085,59,239,8744,2003,0.0,45129.0,1.555749,0.8662059999999999,CZE,VNM,830629
2837086,61,239,8744,2003,0.0,1305995.0,2.2821919999999998,-2.0985150000000004,DEU,VNM,830629
2837087,64,239,8744,2003,0.0,388247.0,1.309564,1.245596,DNK,VNM,830629
2837088,67,239,8744,2003,0.0,5345.0,-0.8689370000000001,-0.889767,ECU,VNM,830629
2837089,71,239,8744,2003,6354.0,117565.0,0.960684,2.074792,ESP,VNM,830629
2837090,72,239,8744,2003,0.0,1425.0,0.5913010000000001,0.8489979999999999,EST,VNM,830629
2837091,74,239,8744,2003,0.0,21665.0,2.077889,0.942501,FIN,VNM,830629
2837092,77,239,8744,2003,0.0,183363.0,1.606606,0.7394149999999999,FRA,VNM,830629
2837093,81,239,8744,2003,0.0,243299.0,1.8712540000000002,0.706205,GBR,VNM,830629
2837094,90,239,8744,2003,0.0,8634.0,0.364688,1.4823959999999998,GRC,VNM,830629
2837095,97,239,8744,2003,8250.0,0.0,0.494569,2.147062,HKG,VNM,830629
2837096,102,239,8744,2003,0.0,1845.0,1.2003270000000001,1.091407,HUN,VNM,830629
2837097,109,239,8744,2003,0.0,1685.0,0.21902800000000003,-0.40818499999999996,ISL,VNM,830629
2837098,111,239,8744,2003,0.0,155779.0,1.399734,1.044608,ITA,VNM,830629
2837099,114,239,8744,2003,349284.0,31402.0,2.4686630000000003,0.48072600000000004,JPN,VNM,830629
2837100,121,239,8744,2003,0.0,20315.0,1.2611709999999998,0.956308,KOR,VNM,830629
2837101,122,239,8744,2003,0.0,9063.0,-0.7943640000000001,-1.1529770000000001,KWT,VNM,830629
2837102,124,239,8744,2003,0.0,2459.0,0.261687,1.053856,LBN,VNM,830629
2837103,138,239,8744,2003,0.0,38632.0,0.862509,0.756684,MEX,VNM,830629
2837104,142,239,8744,2003,0.0,513.0,1.2138149999999999,-0.015687,MLT,VNM,830629
2837105,153,239,8744,2003,18428.0,0.0,0.728804,0.2168,MYS,VNM,830629
2837106,162,239,8744,2003,0.0,7019744.0,1.168453,1.7085709999999998,NLD,VNM,830629
2837107,163,239,8744,2003,0.0,54483.0,1.1500620000000001,0.258554,NOR,VNM,830629
2837108,166,239,8744,2003,0.0,44373.0,0.589619,0.997301,NZL,VNM,830629
2837109,174,239,8744,2003,0.0,37570.0,-0.065022,-0.195144,PHL,VNM,830629
2837110,179,239,8744,2003,0.0,2633.0,0.471376,1.647303,PRT,VNM,830629
2837111,185,239,8744,2003,0.0,1578.0,0.378379,1.0064620000000002,ROU,VNM,830629
2837112,186,239,8744,2003,0.0,9135.0,1.072729,0.338355,RUS,VNM,830629
2837113,192,239,8744,2003,61726.0,12971.0,1.5080799999999999,0.720337,SGP,VNM,830629
2837114,207,239,8744,2003,0.0,925.0,1.6459840000000001,1.014191,SVN,VNM,830629
2837115,208,239,8744,2003,0.0,353890.0,2.099224,0.799982,SWE,VNM,830629
2837116,216,239,8744,2003,1205.0,0.0,0.43010699999999996,1.607408,THA,VNM,830629
2837117,224,239,8744,2003,0.0,3977.0,0.192802,1.9855060000000002,TUR,VNM,830629
2837118,228,239,8744,2003,0.0,1091.0,0.8929389999999999,0.956685,UKR,VNM,830629
2837119,231,239,8744,2003,0.0,428416.0,1.7789220000000001,0.064028,USA,VNM,830629
2837120,246,239,8744,2003,0.0,11023.0,0.477987,2.255395,ZAF,VNM,830629
2837121,249,239,8744,2003,1662.0,14884.0,1.5924040000000002,1.397843,TWN,VNM,830629
2837122,43,247,8744,2003,1219.0,0.0,0.579431,2.773139,CHN,ZMB,830629
2837123,111,247,8744,2003,933.0,0.0,1.399734,1.044608,ITA,ZMB,830629
2837124,231,247,8744,2003,1149.0,0.0,1.7789220000000001,0.064028,USA,ZMB,830629
2837125,246,247,8744,2003,9296.0,0.0,0.477987,2.255395,ZAF,ZMB,830629
2837126,61,13,8744,2003,7286.0,0.0,2.2821919999999998,-2.0985150000000004,DEU,ATG,830629
2837127,81,13,8744,2003,3464.0,0.0,1.8712540000000002,0.706205,GBR,ATG,830629
2837128,138,13,8744,2003,1582.0,0.0,0.862509,0.756684,MEX,ATG,830629
2837129,231,13,8744,2003,16119.0,0.0,1.7789220000000001,0.064028,USA,ATG,830629
2837130,33,120,8744,2003,13792.0,0.0,0.744166,0.074191,BRB,KNA,830629
2837131,81,120,8744,2003,11093.0,0.0,1.8712540000000002,0.706205,GBR,KNA,830629
2837132,231,120,8744,2003,11892.0,0.0,1.7789220000000001,0.064028,USA,KNA,830629
2837133,63,127,8744,2003,0.0,2065.0,0.11903299999999999,-0.21768200000000001,DMA,LCA,830629
2837134,81,127,8744,2003,2172.0,0.0,1.8712540000000002,0.706205,GBR,LCA,830629
2837135,103,127,8744,2003,5945.0,0.0,-0.16802,1.7252990000000001,IDN,LCA,830629
2837136,104,127,8744,2003,1794.0,0.0,0.33014099999999996,2.836003,IND,LCA,830629
2837137,231,127,8744,2003,12428.0,2205.0,1.7789220000000001,0.064028,USA,LCA,830629
2837138,43,63,8744,2003,1314.0,0.0,0.579431,2.773139,CHN,DMA,830629
2837139,81,63,8744,2003,5793.0,0.0,1.8712540000000002,0.706205,GBR,DMA,830629
2837140,127,63,8744,2003,2065.0,0.0,0.318385,-0.342679,LCA,DMA,830629
2837141,231,63,8744,2003,1682.0,0.0,1.7789220000000001,0.064028,USA,DMA,830629
2837142,249,63,8744,2003,2073.0,0.0,1.5924040000000002,1.397843,TWN,DMA,830629
2837143,18,66,8744,2003,3401.0,0.0,1.361682,1.39536,BEL,DZA,830629
2837144,43,66,8744,2003,27411.0,0.0,0.579431,2.773139,CHN,DZA,830629
2837145,61,66,8744,2003,16152.0,0.0,2.2821919999999998,-2.0985150000000004,DEU,DZA,830629
2837146,68,66,8744,2003,1036.0,0.0,-0.292923,0.465433,EGY,DZA,830629
2837147,71,66,8744,2003,152202.0,0.0,0.960684,2.074792,ESP,DZA,830629
2837148,77,66,8744,2003,67704.0,1053.0,1.606606,0.7394149999999999,FRA,DZA,830629
2837149,81,66,8744,2003,886.0,0.0,1.8712540000000002,0.706205,GBR,DZA,830629
2837150,97,66,8744,2003,1144.0,0.0,0.494569,2.147062,HKG,DZA,830629
2837151,104,66,8744,2003,1013.0,0.0,0.33014099999999996,2.836003,IND,DZA,830629
2837152,111,66,8744,2003,32872.0,0.0,1.399734,1.044608,ITA,DZA,830629
2837153,114,66,8744,2003,2720.0,0.0,2.4686630000000003,0.48072600000000004,JPN,DZA,830629
2837154,134,66,8744,2003,17620.0,0.0,-0.6842050000000001,-0.217892,MAR,DZA,830629
2837155,212,66,8744,2003,2203.0,0.0,-0.868749,-0.326322,SYR,DZA,830629
2837156,216,66,8744,2003,3072.0,0.0,0.43010699999999996,1.607408,THA,DZA,830629
2837157,224,66,8744,2003,4839.0,0.0,0.192802,1.9855060000000002,TUR,DZA,830629
2837158,61,82,8744,2003,0.0,923.0,2.2821919999999998,-2.0985150000000004,DEU,GEO,830629
2837159,71,82,8744,2003,6074.0,0.0,0.960684,2.074792,ESP,GEO,830629
2837160,111,82,8744,2003,3782.0,0.0,1.399734,1.044608,ITA,GEO,830629
2837161,162,82,8744,2003,0.0,13751.0,1.168453,1.7085709999999998,NLD,GEO,830629
2837162,231,82,8744,2003,155449.0,0.0,1.7789220000000001,0.064028,USA,GEO,830629
2837163,43,108,8744,2003,1980.0,0.0,0.579431,2.773139,CHN,IRQ,830629
2837164,122,108,8744,2003,2531.0,0.0,-0.7943640000000001,-1.1529770000000001,KWT,IRQ,830629
2837165,224,108,8744,2003,1021.0,0.0,0.192802,1.9855060000000002,TUR,IRQ,830629
2837166,18,109,8744,2003,4432.0,0.0,1.361682,1.39536,BEL,ISL,830629
2837167,43,109,8744,2003,1197.0,0.0,0.579431,2.773139,CHN,ISL,830629
2837168,61,109,8744,2003,67744.0,3633.0,2.2821919999999998,-2.0985150000000004,DEU,ISL,830629
2837169,64,109,8744,2003,21641.0,0.0,1.309564,1.245596,DNK,ISL,830629
2837170,71,109,8744,2003,13542.0,0.0,0.960684,2.074792,ESP,ISL,830629
2837171,74,109,8744,2003,2767.0,0.0,2.077889,0.942501,FIN,ISL,830629
2837172,77,109,8744,2003,40663.0,0.0,1.606606,0.7394149999999999,FRA,ISL,830629
2837173,81,109,8744,2003,36082.0,0.0,1.8712540000000002,0.706205,GBR,ISL,830629
2837174,97,109,8744,2003,2463.0,0.0,0.494569,2.147062,HKG,ISL,830629
2837175,104,109,8744,2003,6945.0,0.0,0.33014099999999996,2.836003,IND,ISL,830629
2837176,111,109,8744,2003,32639.0,0.0,1.399734,1.044608,ITA,ISL,830629
2837177,162,109,8744,2003,32631.0,0.0,1.168453,1.7085709999999998,NLD,ISL,830629
2837178,163,109,8744,2003,1308.0,0.0,1.1500620000000001,0.258554,NOR,ISL,830629
2837179,185,109,8744,2003,143.0,0.0,0.378379,1.0064620000000002,ROU,ISL,830629
2837180,208,109,8744,2003,15090.0,0.0,2.099224,0.799982,SWE,ISL,830629
2837181,231,109,8744,2003,6705.0,0.0,1.7789220000000001,0.064028,USA,ISL,830629
2837182,239,109,8744,2003,1685.0,0.0,-0.633985,0.659696,VNM,ISL,830629
2837183,249,109,8744,2003,1805.0,0.0,1.5924040000000002,1.397843,TWN,ISL,830629
2837184,23,140,8744,2003,1201.0,0.0,0.43308599999999997,1.7104099999999998,BGR,MKD,830629
2837185,43,140,8744,2003,3194.0,0.0,0.579431,2.773139,CHN,MKD,830629
2837186,61,140,8744,2003,10664.0,0.0,2.2821919999999998,-2.0985150000000004,DEU,MKD,830629
2837187,90,140,8744,2003,179650.0,0.0,0.364688,1.4823959999999998,GRC,MKD,830629
2837188,111,140,8744,2003,4309.0,0.0,1.399734,1.044608,ITA,MKD,830629
2837189,162,140,8744,2003,2192.0,0.0,1.168453,1.7085709999999998,NLD,MKD,830629
2837190,189,140,8744,2003,3357.0,2157.0,0.575326,1.627894,SCG,MKD,830629
2837191,207,140,8744,2003,6351.0,0.0,1.6459840000000001,1.014191,SVN,MKD,830629
2837192,224,140,8744,2003,1281.0,0.0,0.192802,1.9855060000000002,TUR,MKD,830629
2837193,249,140,8744,2003,1239.0,0.0,1.5924040000000002,1.397843,TWN,MKD,830629
2837194,14,164,8744,2003,0.0,24209.0,0.316879,0.9409489999999999,AUS,NPL,830629
2837195,15,164,8744,2003,0.0,7762.0,1.834977,0.408096,AUT,NPL,830629
2837196,18,164,8744,2003,0.0,6408.0,1.361682,1.39536,BEL,NPL,830629
2837197,39,164,8744,2003,0.0,13624.0,0.9791540000000001,1.185081,CAN,NPL,830629
2837198,41,164,8744,2003,0.0,26940.0,2.151037,0.711217,CHE,NPL,830629
2837199,43,164,8744,2003,1836.0,50858.0,0.579431,2.773139,CHN,NPL,830629
2837200,61,164,8744,2003,0.0,198275.0,2.2821919999999998,-2.0985150000000004,DEU,NPL,830629
2837201,64,164,8744,2003,0.0,4117.0,1.309564,1.245596,DNK,NPL,830629
2837202,71,164,8744,2003,0.0,20239.0,0.960684,2.074792,ESP,NPL,830629
2837203,74,164,8744,2003,0.0,27621.0,2.077889,0.942501,FIN,NPL,830629
2837204,77,164,8744,2003,0.0,89393.0,1.606606,0.7394149999999999,FRA,NPL,830629
2837205,81,164,8744,2003,0.0,21952.0,1.8712540000000002,0.706205,GBR,NPL,830629
2837206,97,164,8744,2003,0.0,8320.0,0.494569,2.147062,HKG,NPL,830629
2837207,102,164,8744,2003,0.0,1778.0,1.2003270000000001,1.091407,HUN,NPL,830629
2837208,104,164,8744,2003,37564.0,118064.0,0.33014099999999996,2.836003,IND,NPL,830629
2837209,106,164,8744,2003,0.0,1864.0,1.6396130000000002,0.220599,IRL,NPL,830629
2837210,111,164,8744,2003,0.0,32836.0,1.399734,1.044608,ITA,NPL,830629
2837211,114,164,8744,2003,0.0,18472.0,2.4686630000000003,0.48072600000000004,JPN,NPL,830629
2837212,153,164,8744,2003,0.0,5667.0,0.728804,0.2168,MYS,NPL,830629
2837213,162,164,8744,2003,0.0,38760.0,1.168453,1.7085709999999998,NLD,NPL,830629
2837214,163,164,8744,2003,0.0,1031.0,1.1500620000000001,0.258554,NOR,NPL,830629
2837215,166,164,8744,2003,0.0,1645.0,0.589619,0.997301,NZL,NPL,830629
2837216,179,164,8744,2003,0.0,1717.0,0.471376,1.647303,PRT,NPL,830629
2837217,192,164,8744,2003,0.0,15591.0,1.5080799999999999,0.720337,SGP,NPL,830629
2837218,216,164,8744,2003,3986.0,2139.0,0.43010699999999996,1.607408,THA,NPL,830629
2837219,231,164,8744,2003,0.0,107197.0,1.7789220000000001,0.064028,USA,NPL,830629
2837220,246,164,8744,2003,0.0,1130.0,0.477987,2.255395,ZAF,NPL,830629
2837221,249,164,8744,2003,0.0,66288.0,1.5924040000000002,1.397843,TWN,NPL,830629
2837222,250,164,8744,2003,0.0,5297.0,0.45951499999999995,-0.2312,ANS,NPL,830629
2837223,43,178,8744,2003,12052.0,0.0,0.579431,2.773139,CHN,PRK,830629
2837224,49,178,8744,2003,0.0,5185.0,0.218336,0.376869,COL,PRK,830629
2837225,61,178,8744,2003,6150.0,0.0,2.2821919999999998,-2.0985150000000004,DEU,PRK,830629
2837226,77,178,8744,2003,0.0,2727.0,1.606606,0.7394149999999999,FRA,PRK,830629
2837227,186,178,8744,2003,0.0,4967.0,1.072729,0.338355,RUS,PRK,830629
2837228,216,178,8744,2003,2135.0,0.0,0.43010699999999996,1.607408,THA,PRK,830629
2837229,7,187,8744,2003,1102.0,0.0,0.049637,-0.502691,ARE,RWA,830629
2837230,18,187,8744,2003,2739.0,0.0,1.361682,1.39536,BEL,RWA,830629
2837231,77,187,8744,2003,13376.0,0.0,1.606606,0.7394149999999999,FRA,RWA,830629
2837232,15,189,8744,2003,7254.0,0.0,1.834977,0.408096,AUT,SCG,830629
2837233,23,189,8744,2003,45791.0,0.0,0.43308599999999997,1.7104099999999998,BGR,SCG,830629
2837234,26,189,8744,2003,4825.0,0.0,0.195667,0.347011,BIH,SCG,830629
2837235,43,189,8744,2003,25372.0,0.0,0.579431,2.773139,CHN,SCG,830629
2837236,61,189,8744,2003,76140.0,41458.0,2.2821919999999998,-2.0985150000000004,DEU,SCG,830629
2837237,71,189,8744,2003,5370.0,1577.0,0.960684,2.074792,ESP,SCG,830629
2837238,90,189,8744,2003,112728.0,0.0,0.364688,1.4823959999999998,GRC,SCG,830629
2837239,102,189,8744,2003,2000.0,0.0,1.2003270000000001,1.091407,HUN,SCG,830629
2837240,111,189,8744,2003,82370.0,0.0,1.399734,1.044608,ITA,SCG,830629
2837241,140,189,8744,2003,2157.0,3357.0,-0.017632,0.225394,MKD,SCG,830629
2837242,162,189,8744,2003,2262.0,66119.0,1.168453,1.7085709999999998,NLD,SCG,830629
2837243,224,189,8744,2003,9739.0,0.0,0.192802,1.9855060000000002,TUR,SCG,830629
2837244,174,209,8744,2003,2525.0,0.0,-0.065022,-0.195144,PHL,SWZ,830629
2837245,246,209,8744,2003,5581.0,363.0,0.477987,2.255395,ZAF,SWZ,830629
2837246,71,219,8744,2003,9323.0,0.0,0.960684,2.074792,ESP,TKM,830629
2837247,77,219,8744,2003,1132.0,0.0,1.606606,0.7394149999999999,FRA,TKM,830629
2837248,111,219,8744,2003,2264.0,0.0,1.399734,1.044608,ITA,TKM,830629
2837249,224,219,8744,2003,6162.0,0.0,0.192802,1.9855060000000002,TUR,TKM,830629
2837250,8,250,8744,2003,0.0,6536.0,0.302073,0.49069700000000005,ARG,ANS,830629
2837251,26,250,8744,2003,0.0,30.0,0.195667,0.347011,BIH,ANS,830629
2837252,31,250,8744,2003,0.0,1177.0,-0.787995,-0.7228899999999999,BOL,ANS,830629
2837253,42,250,8744,2003,0.0,4784.0,-0.06375900000000001,-0.156808,CHL,ANS,830629
2837254,49,250,8744,2003,0.0,11921.0,0.218336,0.376869,COL,ANS,830629
2837255,61,250,8744,2003,49590.0,0.0,2.2821919999999998,-2.0985150000000004,DEU,ANS,830629
2837256,64,250,8744,2003,0.0,3415.0,1.309564,1.245596,DNK,ANS,830629
2837257,68,250,8744,2003,11532.0,0.0,-0.292923,0.465433,EGY,ANS,830629
2837258,72,250,8744,2003,0.0,52095.0,0.5913010000000001,0.8489979999999999,EST,ANS,830629
2837259,83,250,8744,2003,0.0,1298.0,-1.074188,-0.7127319999999999,GHA,ANS,830629
2837260,90,250,8744,2003,2036.0,0.0,0.364688,1.4823959999999998,GRC,ANS,830629
2837261,93,250,8744,2003,1480.0,4163.0,-0.444162,0.145319,GTM,ANS,830629
2837262,97,250,8744,2003,2252.0,0.0,0.494569,2.147062,HKG,ANS,830629
2837263,111,250,8744,2003,99481.0,0.0,1.399734,1.044608,ITA,ANS,830629
2837264,124,250,8744,2003,4746.0,1155.0,0.261687,1.053856,LBN,ANS,830629
2837265,132,250,8744,2003,0.0,1533.0,0.520772,0.5631689999999999,LVA,ANS,830629
2837266,134,250,8744,2003,10506.0,0.0,-0.6842050000000001,-0.217892,MAR,ANS,830629
2837267,138,250,8744,2003,15400.0,1080.0,0.862509,0.756684,MEX,ANS,830629
2837268,164,250,8744,2003,5297.0,0.0,-0.26353899999999997,1.351717,NPL,ANS,830629
2837269,169,250,8744,2003,0.0,70205.0,-0.050386,-0.039619999999999995,PAN,ANS,830629
2837270,182,250,8744,2003,0.0,3655.0,-0.255707,-0.676557,PYF,ANS,830629
2837271,185,250,8744,2003,0.0,24881.0,0.378379,1.0064620000000002,ROU,ANS,830629
2837272,186,250,8744,2003,11710.0,0.0,1.072729,0.338355,RUS,ANS,830629
2837273,188,250,8744,2003,0.0,77270.0,0.202286,-0.714691,SAU,ANS,830629
2837274,192,250,8744,2003,1252.0,0.0,1.5080799999999999,0.720337,SGP,ANS,830629
2837275,212,250,8744,2003,1673.0,1070.0,-0.868749,-0.326322,SYR,ANS,830629
2837276,216,250,8744,2003,19761.0,0.0,0.43010699999999996,1.607408,THA,ANS,830629
2837277,222,250,8744,2003,0.0,2599.0,-0.16738,-0.9820969999999999,TTO,ANS,830629
2837278,224,250,8744,2003,27766.0,0.0,0.192802,1.9855060000000002,TUR,ANS,830629
2837279,236,250,8744,2003,0.0,2583.0,0.277805,-0.783697,VEN,ANS,830629
2837280,249,250,8744,2003,0.0,2425.0,1.5924040000000002,1.397843,TWN,ANS,830629
2837281,43,133,8744,2003,74812.0,1595.0,0.579431,2.773139,CHN,MAC,830629
2837282,61,133,8744,2003,6578.0,0.0,2.2821919999999998,-2.0985150000000004,DEU,MAC,830629
2837283,81,133,8744,2003,5056.0,0.0,1.8712540000000002,0.706205,GBR,MAC,830629
2837284,97,133,8744,2003,41410.0,1688.0,0.494569,2.147062,HKG,MAC,830629
2837285,111,133,8744,2003,15597.0,0.0,1.399734,1.044608,ITA,MAC,830629
2837286,122,133,8744,2003,0.0,1355.0,-0.7943640000000001,-1.1529770000000001,KWT,MAC,830629
2837287,174,133,8744,2003,412.0,0.0,-0.065022,-0.195144,PHL,MAC,830629
2837288,216,133,8744,2003,2139.0,0.0,0.43010699999999996,1.607408,THA,MAC,830629
2837289,231,133,8744,2003,0.0,5351.0,1.7789220000000001,0.064028,USA,MAC,830629
2837290,249,133,8744,2003,1354.0,0.0,1.5924040000000002,1.397843,TWN,MAC,830629
2837291,43,148,8744,2003,8811.0,0.0,0.579431,2.773139,CHN,MRT,830629
2837292,77,148,8744,2003,17328.0,0.0,1.606606,0.7394149999999999,FRA,MRT,830629
2837293,61,0,8744,2003,23246.0,0.0,2.2821919999999998,-2.0985150000000004,DEU,ABW,830629
2837294,81,0,8744,2003,1469.0,0.0,1.8712540000000002,0.706205,GBR,ABW,830629
2837295,231,0,8744,2003,9000.0,0.0,1.7789220000000001,0.064028,USA,ABW,830629
2837296,39,29,8744,2003,889.0,0.0,0.9791540000000001,1.185081,CAN,BLZ,830629
2837297,81,29,8744,2003,5537.0,0.0,1.8712540000000002,0.706205,GBR,BLZ,830629
2837298,103,29,8744,2003,2199.0,0.0,-0.16802,1.7252990000000001,IDN,BLZ,830629
2837299,138,29,8744,2003,1150.0,0.0,0.862509,0.756684,MEX,BLZ,830629
2837300,169,29,8744,2003,36.0,0.0,-0.050386,-0.039619999999999995,PAN,BLZ,830629
2837301,231,29,8744,2003,19046.0,0.0,1.7789220000000001,0.064028,USA,BLZ,830629
2837302,8,31,8744,2003,1551.0,0.0,0.302073,0.49069700000000005,ARG,BOL,830629
2837303,32,31,8744,2003,17314.0,0.0,0.660576,1.118876,BRA,BOL,830629
2837304,42,31,8744,2003,24663.0,1372.0,-0.06375900000000001,-0.156808,CHL,BOL,830629
2837305,43,31,8744,2003,542.0,0.0,0.579431,2.773139,CHN,BOL,830629
2837306,49,31,8744,2003,1763.0,0.0,0.218336,0.376869,COL,BOL,830629
2837307,61,31,8744,2003,30911.0,0.0,2.2821919999999998,-2.0985150000000004,DEU,BOL,830629
2837308,71,31,8744,2003,5735.0,0.0,0.960684,2.074792,ESP,BOL,830629
2837309,77,31,8744,2003,877.0,0.0,1.606606,0.7394149999999999,FRA,BOL,830629
2837310,97,31,8744,2003,2036.0,0.0,0.494569,2.147062,HKG,BOL,830629
2837311,103,31,8744,2003,26745.0,0.0,-0.16802,1.7252990000000001,IDN,BOL,830629
2837312,111,31,8744,2003,2791.0,0.0,1.399734,1.044608,ITA,BOL,830629
2837313,138,31,8744,2003,1285.0,0.0,0.862509,0.756684,MEX,BOL,830629
2837314,180,31,8744,2003,4337.0,0.0,-0.607733,-0.8577879999999999,PRY,BOL,830629
2837315,231,31,8744,2003,9461.0,0.0,1.7789220000000001,0.064028,USA,BOL,830629
2837316,250,31,8744,2003,1177.0,0.0,0.45951499999999995,-0.2312,ANS,BOL,830629
2837317,41,136,8744,2003,0.0,1610.0,2.151037,0.711217,CHE,MDG,830629
2837318,43,136,8744,2003,3835.0,0.0,0.579431,2.773139,CHN,MDG,830629
2837319,61,136,8744,2003,0.0,17872.0,2.2821919999999998,-2.0985150000000004,DEU,MDG,830629
2837320,68,136,8744,2003,1144.0,0.0,-0.292923,0.465433,EGY,MDG,830629
2837321,77,136,8744,2003,48138.0,32820.0,1.606606,0.7394149999999999,FRA,MDG,830629
2837322,103,136,8744,2003,859.0,0.0,-0.16802,1.7252990000000001,IDN,MDG,830629
2837323,111,136,8744,2003,11838.0,28911.0,1.399734,1.044608,ITA,MDG,830629
2837324,162,136,8744,2003,0.0,6656.0,1.168453,1.7085709999999998,NLD,MDG,830629
2837325,246,136,8744,2003,0.0,1636.0,0.477987,2.255395,ZAF,MDG,830629
2837326,8,160,8744,2003,1326.0,0.0,0.302073,0.49069700000000005,ARG,NIC,830629
2837327,15,160,8744,2003,2137.0,0.0,1.834977,0.408096,AUT,NIC,830629
2837328,39,160,8744,2003,0.0,1089.0,0.9791540000000001,1.185081,CAN,NIC,830629
2837329,42,160,8744,2003,6107.0,0.0,-0.06375900000000001,-0.156808,CHL,NIC,830629
2837330,43,160,8744,2003,6523.0,0.0,0.579431,2.773139,CHN,NIC,830629
2837331,52,160,8744,2003,0.0,4347.0,-0.193904,-0.5049680000000001,CRI,NIC,830629
2837332,138,160,8744,2003,1684.0,23902.0,0.862509,0.756684,MEX,NIC,830629
2837333,197,160,8744,2003,1633.0,0.0,-0.251357,-0.189917,SLV,NIC,830629
2837334,231,160,8744,2003,5465.0,0.0,1.7789220000000001,0.064028,USA,NIC,830629
2837335,249,160,8744,2003,2322.0,0.0,1.5924040000000002,1.397843,TWN,NIC,830629
2837336,14,182,8744,2003,2081.0,0.0,0.316879,0.9409489999999999,AUS,PYF,830629
2837337,43,182,8744,2003,4038.0,0.0,0.579431,2.773139,CHN,PYF,830629
2837338,61,182,8744,2003,1583.0,0.0,2.2821919999999998,-2.0985150000000004,DEU,PYF,830629
2837339,77,182,8744,2003,88152.0,0.0,1.606606,0.7394149999999999,FRA,PYF,830629
2837340,97,182,8744,2003,5608.0,0.0,0.494569,2.147062,HKG,PYF,830629
2837341,103,182,8744,2003,3283.0,0.0,-0.16802,1.7252990000000001,IDN,PYF,830629
2837342,111,182,8744,2003,14586.0,0.0,1.399734,1.044608,ITA,PYF,830629
2837343,166,182,8744,2003,5680.0,0.0,0.589619,0.997301,NZL,PYF,830629
2837344,216,182,8744,2003,2487.0,0.0,0.43010699999999996,1.607408,THA,PYF,830629
2837345,231,182,8744,2003,4284.0,2163.0,1.7789220000000001,0.064028,USA,PYF,830629
2837346,250,182,8744,2003,3655.0,0.0,0.45951499999999995,-0.2312,ANS,PYF,830629
2837347,81,234,8744,2003,1379.0,0.0,1.8712540000000002,0.706205,GBR,VCT,830629
2837348,231,234,8744,2003,3145.0,0.0,1.7789220000000001,0.064028,USA,VCT,830629
2837349,111,1,8744,2003,9686.0,0.0,1.399734,1.044608,ITA,AFG,830629
2837350,71,4,8744,2003,1947.0,0.0,0.960684,2.074792,ESP,ALB,830629
2837351,77,4,8744,2003,0.0,4114.0,1.606606,0.7394149999999999,FRA,ALB,830629
2837352,90,4,8744,2003,2055.0,0.0,0.364688,1.4823959999999998,GRC,ALB,830629
2837353,111,4,8744,2003,14992.0,0.0,1.399734,1.044608,ITA,ALB,830629
2837354,224,4,8744,2003,918.0,0.0,0.192802,1.9855060000000002,TUR,ALB,830629
2837355,43,5,8744,2003,574.0,0.0,0.579431,2.773139,CHN,AND,830629
2837356,71,5,8744,2003,898704.0,7358.0,0.960684,2.074792,ESP,AND,830629
2837357,77,5,8744,2003,80588.0,17147.0,1.606606,0.7394149999999999,FRA,AND,830629
2837358,111,5,8744,2003,27867.0,0.0,1.399734,1.044608,ITA,AND,830629
2837359,179,5,8744,2003,18488.0,0.0,0.471376,1.647303,PRT,AND,830629
2837360,231,5,8744,2003,0.0,702.0,1.7789220000000001,0.064028,USA,AND,830629
2837361,7,9,8744,2003,1766.0,0.0,0.049637,-0.502691,ARE,ARM,830629
2837362,61,9,8744,2003,7660.0,4645.0,2.2821919999999998,-2.0985150000000004,DEU,ARM,830629
2837363,71,9,8744,2003,8011.0,0.0,0.960684,2.074792,ESP,ARM,830629
2837364,111,9,8744,2003,316775.0,0.0,1.399734,1.044608,ITA,ARM,830629
2837365,186,9,8744,2003,2283.0,0.0,1.072729,0.338355,RUS,ARM,830629
2837366,41,21,8744,2003,0.0,3060.0,2.151037,0.711217,CHE,BFA,830629
2837367,61,21,8744,2003,0.0,4213.0,2.2821919999999998,-2.0985150000000004,DEU,BFA,830629
2837368,71,21,8744,2003,0.0,4537.0,0.960684,2.074792,ESP,BFA,830629
2837369,77,21,8744,2003,23349.0,58181.0,1.606606,0.7394149999999999,FRA,BFA,830629
2837370,7,24,8744,2003,30931.0,0.0,0.049637,-0.502691,ARE,BHR,830629
2837371,15,24,8744,2003,5627.0,0.0,1.834977,0.408096,AUT,BHR,830629
2837372,41,24,8744,2003,3799.0,0.0,2.151037,0.711217,CHE,BHR,830629
2837373,43,24,8744,2003,15681.0,0.0,0.579431,2.773139,CHN,BHR,830629
2837374,61,24,8744,2003,2807.0,6105.0,2.2821919999999998,-2.0985150000000004,DEU,BHR,830629
2837375,64,24,8744,2003,1366.0,0.0,1.309564,1.245596,DNK,BHR,830629
2837376,68,24,8744,2003,50164.0,0.0,-0.292923,0.465433,EGY,BHR,830629
2837377,71,24,8744,2003,120340.0,0.0,0.960684,2.074792,ESP,BHR,830629
2837378,77,24,8744,2003,6592.0,0.0,1.606606,0.7394149999999999,FRA,BHR,830629
2837379,81,24,8744,2003,10259.0,0.0,1.8712540000000002,0.706205,GBR,BHR,830629
2837380,97,24,8744,2003,28360.0,0.0,0.494569,2.147062,HKG,BHR,830629
2837381,104,24,8744,2003,18782.0,0.0,0.33014099999999996,2.836003,IND,BHR,830629
2837382,111,24,8744,2003,96141.0,0.0,1.399734,1.044608,ITA,BHR,830629
2837383,114,24,8744,2003,11791.0,0.0,2.4686630000000003,0.48072600000000004,JPN,BHR,830629
2837384,116,24,8744,2003,862.0,0.0,-0.3531,0.582992,KEN,BHR,830629
2837385,121,24,8744,2003,17797.0,0.0,1.2611709999999998,0.956308,KOR,BHR,830629
2837386,124,24,8744,2003,13380.0,0.0,0.261687,1.053856,LBN,BHR,830629
2837387,134,24,8744,2003,5362.0,0.0,-0.6842050000000001,-0.217892,MAR,BHR,830629
2837388,162,24,8744,2003,16270.0,0.0,1.168453,1.7085709999999998,NLD,BHR,830629
2837389,168,24,8744,2003,29466.0,0.0,-0.6659689999999999,0.137924,PAK,BHR,830629
2837390,174,24,8744,2003,1704.0,0.0,-0.065022,-0.195144,PHL,BHR,830629
2837391,183,24,8744,2003,0.0,15680.0,-0.209042,-1.0565799999999999,QAT,BHR,830629
2837392,188,24,8744,2003,0.0,840.0,0.202286,-0.714691,SAU,BHR,830629
2837393,192,24,8744,2003,5649.0,0.0,1.5080799999999999,0.720337,SGP,BHR,830629
2837394,212,24,8744,2003,3951.0,0.0,-0.868749,-0.326322,SYR,BHR,830629
2837395,216,24,8744,2003,33093.0,0.0,0.43010699999999996,1.607408,THA,BHR,830629
2837396,231,24,8744,2003,9884.0,0.0,1.7789220000000001,0.064028,USA,BHR,830629
2837397,249,24,8744,2003,11620.0,0.0,1.5924040000000002,1.397843,TWN,BHR,830629
2837398,14,34,8744,2003,1420.0,0.0,0.316879,0.9409489999999999,AUS,BRN,830629
2837399,43,34,8744,2003,3487.0,0.0,0.579431,2.773139,CHN,BRN,830629
2837400,61,34,8744,2003,12960.0,0.0,2.2821919999999998,-2.0985150000000004,DEU,BRN,830629
2837401,153,34,8744,2003,12334.0,0.0,0.728804,0.2168,MYS,BRN,830629
2837402,192,34,8744,2003,22164.0,0.0,1.5080799999999999,0.720337,SGP,BRN,830629
2837403,239,34,8744,2003,1022.0,0.0,-0.633985,0.659696,VNM,BRN,830629
2837404,77,62,8744,2003,13582.0,0.0,1.606606,0.7394149999999999,FRA,DJI,830629
2837405,111,69,8744,2003,8392.0,0.0,1.399734,1.044608,ITA,ERI,830629
2837406,124,69,8744,2003,2126.0,0.0,0.261687,1.053856,LBN,ERI,830629
2837407,14,73,8744,2003,0.0,1130.0,0.316879,0.9409489999999999,AUS,ETH,830629
2837408,43,73,8744,2003,2582.0,0.0,0.579431,2.773139,CHN,ETH,830629
2837409,68,73,8744,2003,1432.0,0.0,-0.292923,0.465433,EGY,ETH,830629
2837410,71,73,8744,2003,2946.0,4122.0,0.960684,2.074792,ESP,ETH,830629
2837411,104,73,8744,2003,1887.0,0.0,0.33014099999999996,2.836003,IND,ETH,830629
2837412,111,73,8744,2003,11998.0,0.0,1.399734,1.044608,ITA,ETH,830629
2837413,188,73,8744,2003,5535.0,0.0,0.202286,-0.714691,SAU,ETH,830629
2837414,14,75,8744,2003,10856.0,0.0,0.316879,0.9409489999999999,AUS,FJI,830629
2837415,104,75,8744,2003,50182.0,0.0,0.33014099999999996,2.836003,IND,FJI,830629
2837416,114,75,8744,2003,1763.0,0.0,2.4686630000000003,0.48072600000000004,JPN,FJI,830629
2837417,166,75,8744,2003,7043.0,0.0,0.589619,0.997301,NZL,FJI,830629
2837418,207,75,8744,2003,0.0,853.0,1.6459840000000001,1.014191,SVN,FJI,830629
2837419,43,126,8744,2003,7767.0,0.0,0.579431,2.773139,CHN,LBY,830629
2837420,61,126,8744,2003,2009.0,0.0,2.2821919999999998,-2.0985150000000004,DEU,LBY,830629
2837421,68,126,8744,2003,9777.0,0.0,-0.292923,0.465433,EGY,LBY,830629
2837422,111,126,8744,2003,37393.0,0.0,1.399734,1.044608,ITA,LBY,830629
2837423,134,126,8744,2003,10562.0,0.0,-0.6842050000000001,-0.217892,MAR,LBY,830629
2837424,212,126,8744,2003,1757.0,0.0,-0.868749,-0.326322,SYR,LBY,830629
2837425,224,126,8744,2003,8725.0,0.0,0.192802,1.9855060000000002,TUR,LBY,830629
2837426,61,137,8744,2003,8149.0,0.0,2.2821919999999998,-2.0985150000000004,DEU,MDV,830629
2837427,111,137,8744,2003,23906.0,0.0,1.399734,1.044608,ITA,MDV,830629
2837428,153,137,8744,2003,3456.0,0.0,0.728804,0.2168,MYS,MDV,830629
2837429,192,137,8744,2003,2053.0,0.0,1.5080799999999999,0.720337,SGP,MDV,830629
2837430,216,137,8744,2003,1335.0,0.0,0.43010699999999996,1.607408,THA,MDV,830629
2837431,7,141,8744,2003,1119.0,0.0,0.049637,-0.502691,ARE,MLI,830629
2837432,18,141,8744,2003,0.0,1386.0,1.361682,1.39536,BEL,MLI,830629
2837433,61,141,8744,2003,0.0,4547.0,2.2821919999999998,-2.0985150000000004,DEU,MLI,830629
2837434,71,141,8744,2003,0.0,1201.0,0.960684,2.074792,ESP,MLI,830629
2837435,77,141,8744,2003,0.0,3762.0,1.606606,0.7394149999999999,FRA,MLI,830629
2837436,231,141,8744,2003,0.0,11467.0,1.7789220000000001,0.064028,USA,MLI,830629
2837437,61,145,8744,2003,0.0,1589.0,2.2821919999999998,-2.0985150000000004,DEU,MNG,830629
2837438,77,145,8744,2003,0.0,2405.0,1.606606,0.7394149999999999,FRA,MNG,830629
2837439,104,145,8744,2003,5967.0,0.0,0.33014099999999996,2.836003,IND,MNG,830629
2837440,121,145,8744,2003,1994.0,0.0,1.2611709999999998,0.956308,KOR,MNG,830629
2837441,231,145,8744,2003,5067.0,0.0,1.7789220000000001,0.064028,USA,MNG,830629
2837442,14,151,8744,2003,3280.0,0.0,0.316879,0.9409489999999999,AUS,MUS,830629
2837443,15,151,8744,2003,0.0,14332.0,1.834977,0.408096,AUT,MUS,830629
2837444,41,151,8744,2003,0.0,1774.0,2.151037,0.711217,CHE,MUS,830629
2837445,43,151,8744,2003,5988.0,0.0,0.579431,2.773139,CHN,MUS,830629
2837446,71,151,8744,2003,2834.0,0.0,0.960684,2.074792,ESP,MUS,830629
2837447,77,151,8744,2003,1668.0,27672.0,1.606606,0.7394149999999999,FRA,MUS,830629
2837448,81,151,8744,2003,14417.0,3103.0,1.8712540000000002,0.706205,GBR,MUS,830629
2837449,103,151,8744,2003,12416.0,0.0,-0.16802,1.7252990000000001,IDN,MUS,830629
2837450,104,151,8744,2003,161593.0,749.0,0.33014099999999996,2.836003,IND,MUS,830629
2837451,111,151,8744,2003,1861.0,0.0,1.399734,1.044608,ITA,MUS,830629
2837452,116,151,8744,2003,1109.0,0.0,-0.3531,0.582992,KEN,MUS,830629
2837453,134,151,8744,2003,4822.0,0.0,-0.6842050000000001,-0.217892,MAR,MUS,830629
2837454,162,151,8744,2003,1557.0,0.0,1.168453,1.7085709999999998,NLD,MUS,830629
2837455,168,151,8744,2003,1322.0,0.0,-0.6659689999999999,0.137924,PAK,MUS,830629
2837456,216,151,8744,2003,858.0,0.0,0.43010699999999996,1.607408,THA,MUS,830629
2837457,246,151,8744,2003,5409.0,0.0,0.477987,2.255395,ZAF,MUS,830629
2837458,231,152,8744,2003,689.0,0.0,1.7789220000000001,0.064028,USA,MWI,830629
2837459,246,152,8744,2003,4438.0,0.0,0.477987,2.255395,ZAF,MWI,830629
2837460,43,154,8744,2003,552.0,0.0,0.579431,2.773139,CHN,MYT,830629
2837461,77,154,8744,2003,9474.0,0.0,1.606606,0.7394149999999999,FRA,MYT,830629
2837462,39,157,8744,2003,0.0,1842.0,0.9791540000000001,1.185081,CAN,NER,830629
2837463,77,157,8744,2003,1201.0,0.0,1.606606,0.7394149999999999,FRA,NER,830629
2837464,162,157,8744,2003,0.0,831.0,1.168453,1.7085709999999998,NLD,NER,830629
2837465,174,157,8744,2003,8124.0,0.0,-0.065022,-0.195144,PHL,NER,830629
2837466,216,157,8744,2003,503.0,0.0,0.43010699999999996,1.607408,THA,NER,830629
2837467,61,199,8744,2003,0.0,5066.0,2.2821919999999998,-2.0985150000000004,DEU,SOM,830629
2837468,7,211,8744,2003,492.0,0.0,0.049637,-0.502691,ARE,SYC,830629
2837469,61,211,8744,2003,1595.0,0.0,2.2821919999999998,-2.0985150000000004,DEU,SYC,830629
2837470,71,211,8744,2003,1021.0,0.0,0.960684,2.074792,ESP,SYC,830629
2837471,81,211,8744,2003,1523.0,0.0,1.8712540000000002,0.706205,GBR,SYC,830629
2837472,111,211,8744,2003,17974.0,0.0,1.399734,1.044608,ITA,SYC,830629
2837473,216,211,8744,2003,1033.0,0.0,0.43010699999999996,1.607408,THA,SYC,830629
2837474,81,227,8744,2003,2327.0,0.0,1.8712540000000002,0.706205,GBR,UGA,830629
2837475,111,227,8744,2003,14502.0,5226.0,1.399734,1.044608,ITA,UGA,830629
2837476,246,227,8744,2003,4393.0,0.0,0.477987,2.255395,ZAF,UGA,830629
2837477,43,243,8744,2003,3408.0,0.0,0.579431,2.773139,CHN,YEM,830629
2837478,61,243,8744,2003,1017.0,0.0,2.2821919999999998,-2.0985150000000004,DEU,YEM,830629
2837479,68,243,8744,2003,4132.0,0.0,-0.292923,0.465433,EGY,YEM,830629
2837480,111,243,8744,2003,14334.0,0.0,1.399734,1.044608,ITA,YEM,830629
2837481,124,243,8744,2003,0.0,14156.0,0.261687,1.053856,LBN,YEM,830629
2837482,183,243,8744,2003,0.0,17631.0,-0.209042,-1.0565799999999999,QAT,YEM,830629
2837483,32,2,8744,2003,4587.0,0.0,0.660576,1.118876,BRA,AGO,830629
2837484,43,2,8744,2003,6502.0,0.0,0.579431,2.773139,CHN,AGO,830629
2837485,71,2,8744,2003,23653.0,0.0,0.960684,2.074792,ESP,AGO,830629
2837486,111,2,8744,2003,20030.0,0.0,1.399734,1.044608,ITA,AGO,830629
2837487,124,2,8744,2003,1909.0,0.0,0.261687,1.053856,LBN,AGO,830629
2837488,155,2,8744,2003,2594.0,0.0,-0.24004499999999998,-0.39565900000000004,NAM,AGO,830629
2837489,179,2,8744,2003,225610.0,0.0,0.471376,1.647303,PRT,AGO,830629
2837490,246,2,8744,2003,34335.0,0.0,0.477987,2.255395,ZAF,AGO,830629
2837491,77,46,8744,2003,1132.0,0.0,1.606606,0.7394149999999999,FRA,COD,830629
2837492,90,46,8744,2003,0.0,2725.0,0.364688,1.4823959999999998,GRC,COD,830629
2837493,43,47,8744,2003,17551.0,0.0,0.579431,2.773139,CHN,COG,830629
2837494,77,47,8744,2003,5659.0,0.0,1.606606,0.7394149999999999,FRA,COG,830629
2837495,111,47,8744,2003,1651.0,0.0,1.399734,1.044608,ITA,COG,830629
2837496,61,51,8744,2003,2242.0,0.0,2.2821919999999998,-2.0985150000000004,DEU,CPV,830629
2837497,77,51,8744,2003,873.0,0.0,1.606606,0.7394149999999999,FRA,CPV,830629
2837498,179,51,8744,2003,47807.0,0.0,0.471376,1.647303,PRT,CPV,830629
2837499,43,78,8744,2003,7982.0,0.0,0.579431,2.773139,CHN,FRO,830629
2837500,64,78,8744,2003,34105.0,0.0,1.309564,1.245596,DNK,FRO,830629
2837501,81,78,8744,2003,935.0,0.0,1.8712540000000002,0.706205,GBR,FRO,830629
2837502,104,78,8744,2003,782.0,0.0,0.33014099999999996,2.836003,IND,FRO,830629
2837503,208,78,8744,2003,907.0,0.0,2.099224,0.799982,SWE,FRO,830629
2837504,71,85,8744,2003,0.0,1585.0,0.960684,2.074792,ESP,GIN,830629
2837505,179,85,8744,2003,1322.0,0.0,0.471376,1.647303,PRT,GIN,830629
2837506,71,89,8744,2003,1752.0,0.0,0.960684,2.074792,ESP,GNQ,830629
2837507,77,89,8744,2003,2264.0,0.0,1.606606,0.7394149999999999,FRA,GNQ,830629
2837508,77,91,8744,2003,1597.0,0.0,1.606606,0.7394149999999999,FRA,GRD,830629
2837509,138,91,8744,2003,711.0,0.0,0.862509,0.756684,MEX,GRD,830629
2837510,222,91,8744,2003,917.0,0.0,-0.16738,-0.9820969999999999,TTO,GRD,830629
2837511,231,91,8744,2003,3116.0,0.0,1.7789220000000001,0.064028,USA,GRD,830629
2837512,18,101,8744,2003,0.0,11081.0,1.361682,1.39536,BEL,HTI,830629
2837513,39,101,8744,2003,0.0,21262.0,0.9791540000000001,1.185081,CAN,HTI,830629
2837514,61,101,8744,2003,0.0,8955.0,2.2821919999999998,-2.0985150000000004,DEU,HTI,830629
2837515,77,101,8744,2003,15846.0,19415.0,1.606606,0.7394149999999999,FRA,HTI,830629
2837516,114,101,8744,2003,0.0,1459.0,2.4686630000000003,0.48072600000000004,JPN,HTI,830629
2837517,231,101,8744,2003,7098.0,1093580.0,1.7789220000000001,0.064028,USA,HTI,830629
2837518,14,143,8744,2003,0.0,1226.0,0.316879,0.9409489999999999,AUS,MMR,830629
2837519,39,143,8744,2003,0.0,1451.0,0.9791540000000001,1.185081,CAN,MMR,830629
2837520,41,143,8744,2003,0.0,2123.0,2.151037,0.711217,CHE,MMR,830629
2837521,61,143,8744,2003,0.0,9684.0,2.2821919999999998,-2.0985150000000004,DEU,MMR,830629
2837522,71,143,8744,2003,0.0,3800.0,0.960684,2.074792,ESP,MMR,830629
2837523,77,143,8744,2003,0.0,4528.0,1.606606,0.7394149999999999,FRA,MMR,830629
2837524,111,143,8744,2003,0.0,7166.0,1.399734,1.044608,ITA,MMR,830629
2837525,114,143,8744,2003,2475.0,2680.0,2.4686630000000003,0.48072600000000004,JPN,MMR,830629
2837526,121,143,8744,2003,0.0,2914.0,1.2611709999999998,0.956308,KOR,MMR,830629
2837527,162,143,8744,2003,0.0,6366.0,1.168453,1.7085709999999998,NLD,MMR,830629
2837528,192,143,8744,2003,0.0,1845.0,1.5080799999999999,0.720337,SGP,MMR,830629
2837529,216,143,8744,2003,11852.0,1022.0,0.43010699999999996,1.607408,THA,MMR,830629
2837530,231,143,8744,2003,0.0,6714.0,1.7789220000000001,0.064028,USA,MMR,830629
2837531,249,143,8744,2003,0.0,1483.0,1.5924040000000002,1.397843,TWN,MMR,830629
2837532,14,156,8744,2003,8618.0,0.0,0.316879,0.9409489999999999,AUS,NCL,830629
2837533,43,156,8744,2003,2653.0,0.0,0.579431,2.773139,CHN,NCL,830629
2837534,71,156,8744,2003,3751.0,0.0,0.960684,2.074792,ESP,NCL,830629
2837535,77,156,8744,2003,63848.0,0.0,1.606606,0.7394149999999999,FRA,NCL,830629
2837536,103,156,8744,2003,2259.0,0.0,-0.16802,1.7252990000000001,IDN,NCL,830629
2837537,104,156,8744,2003,9102.0,0.0,0.33014099999999996,2.836003,IND,NCL,830629
2837538,111,156,8744,2003,17376.0,0.0,1.399734,1.044608,ITA,NCL,830629
2837539,166,156,8744,2003,6575.0,0.0,0.589619,0.997301,NZL,NCL,830629
2837540,174,156,8744,2003,506.0,0.0,-0.065022,-0.195144,PHL,NCL,830629
2837541,216,156,8744,2003,5822.0,0.0,0.43010699999999996,1.607408,THA,NCL,830629
2837542,240,156,8744,2003,0.0,1758.0,-0.916386,-0.784439,VUT,NCL,830629
2837543,68,181,8744,2003,14006.0,0.0,-0.292923,0.465433,EGY,PSE,830629
2837544,61,196,8744,2003,6073.0,0.0,2.2821919999999998,-2.0985150000000004,DEU,SLE,830629
2837545,77,214,8744,2003,2264.0,0.0,1.606606,0.7394149999999999,FRA,TCD,830629
2837546,14,220,8744,2003,1611.0,0.0,0.316879,0.9409489999999999,AUS,TLS,830629
2837547,71,232,8744,2003,2838.0,0.0,0.960684,2.074792,ESP,UZB,830629
2837548,224,232,8744,2003,1266.0,0.0,0.192802,1.9855060000000002,TUR,UZB,830629
2837549,61,30,8744,2003,26086.0,0.0,2.2821919999999998,-2.0985150000000004,DEU,BMU,830629
2837550,77,30,8744,2003,14714.0,0.0,1.606606,0.7394149999999999,FRA,BMU,830629
2837551,81,30,8744,2003,5812.0,0.0,1.8712540000000002,0.706205,GBR,BMU,830629
2837552,111,30,8744,2003,15670.0,0.0,1.399734,1.044608,ITA,BMU,830629
2837553,138,30,8744,2003,1042.0,0.0,0.862509,0.756684,MEX,BMU,830629
2837554,162,30,8744,2003,2262.0,0.0,1.168453,1.7085709999999998,NLD,BMU,830629
2837555,231,30,8744,2003,24229.0,0.0,1.7789220000000001,0.064028,USA,BMU,830629
2837556,249,30,8744,2003,2164.0,0.0,1.5924040000000002,1.397843,TWN,BMU,830629
2837557,224,56,8744,2003,19252.0,0.0,0.192802,1.9855060000000002,TUR,CXR,830629
2837558,61,57,8744,2003,9011.0,0.0,2.2821919999999998,-2.0985150000000004,DEU,CYM,830629
2837559,81,57,8744,2003,21080.0,0.0,1.8712540000000002,0.706205,GBR,CYM,830629
2837560,111,57,8744,2003,18083.0,0.0,1.399734,1.044608,ITA,CYM,830629
2837561,231,57,8744,2003,18226.0,0.0,1.7789220000000001,0.064028,USA,CYM,830629
2837562,61,84,8744,2003,2002.0,0.0,2.2821919999999998,-2.0985150000000004,DEU,GIB,830629
2837563,71,84,8744,2003,21518.0,0.0,0.960684,2.074792,ESP,GIB,830629
2837564,81,84,8744,2003,32257.0,0.0,1.8712540000000002,0.706205,GBR,GIB,830629
2837565,43,92,8744,2003,454.0,0.0,0.579431,2.773139,CHN,GRL,830629
2837566,64,92,8744,2003,25821.0,0.0,1.309564,1.245596,DNK,GRL,830629
2837567,81,92,8744,2003,1085.0,0.0,1.8712540000000002,0.706205,GBR,GRL,830629
2837568,97,92,8744,2003,436.0,0.0,0.494569,2.147062,HKG,GRL,830629
2837569,97,95,8744,2003,61599.0,0.0,0.494569,2.147062,HKG,GUM,830629
2837570,174,95,8744,2003,14550.0,0.0,-0.065022,-0.195144,PHL,GUM,830629
2837571,61,123,8744,2003,0.0,1603.0,2.2821919999999998,-2.0985150000000004,DEU,LAO,830629
2837572,61,129,8744,2003,6407.0,0.0,2.2821919999999998,-2.0985150000000004,DEU,LSO,830629
2837573,77,129,8744,2003,0.0,10894.0,1.606606,0.7394149999999999,FRA,LSO,830629
2837574,61,146,8744,2003,1005.0,0.0,2.2821919999999998,-2.0985150000000004,DEU,MNP,830629
2837575,249,175,8744,2003,2395.0,0.0,1.5924040000000002,1.397843,TWN,PLW,830629
2837576,156,240,8744,2003,1758.0,0.0,-0.344934,-0.776632,NCL,VUT,830629
2837577,77,241,8744,2003,1305.0,0.0,1.606606,0.7394149999999999,FRA,WLF,830629
2837578,14,248,8744,2003,0.0,89086.0,0.316879,0.9409489999999999,AUS,ZWE,830629
2837579,18,248,8744,2003,0.0,2524.0,1.361682,1.39536,BEL,ZWE,830629
2837580,39,248,8744,2003,0.0,1282.0,0.9791540000000001,1.185081,CAN,ZWE,830629
2837581,61,248,8744,2003,0.0,64289.0,2.2821919999999998,-2.0985150000000004,DEU,ZWE,830629
2837582,71,248,8744,2003,0.0,2303.0,0.960684,2.074792,ESP,ZWE,830629
2837583,81,248,8744,2003,0.0,14211.0,1.8712540000000002,0.706205,GBR,ZWE,830629
2837584,155,248,8744,2003,0.0,1928.0,-0.24004499999999998,-0.39565900000000004,NAM,ZWE,830629
2837585,162,248,8744,2003,0.0,10033.0,1.168453,1.7085709999999998,NLD,ZWE,830629
2837586,166,248,8744,2003,0.0,6614.0,0.589619,0.997301,NZL,ZWE,830629
2837587,246,248,8744,2003,4852.0,55323.0,0.477987,2.255395,ZAF,ZWE,830629
2837588,77,38,8744,2003,2423.0,0.0,1.606606,0.7394149999999999,FRA,CAF,830629
2837589,43,198,8744,2003,5054.0,0.0,0.579431,2.773139,CHN,SMR,830629
2837590,77,200,8744,2003,79230.0,0.0,1.606606,0.7394149999999999,FRA,SPM,830629
2837591,18,213,8744,2003,1054.0,0.0,1.361682,1.39536,BEL,TCA,830629
2837592,138,213,8744,2003,1022.0,0.0,0.862509,0.756684,MEX,TCA,830629
2837593,231,213,8744,2003,1897.0,0.0,1.7789220000000001,0.064028,USA,TCA,830629
2837594,32,6,8813,2003,2751.0,0.0,0.660576,1.118876,BRA,ANT,841330
2837595,61,6,8813,2003,15135.0,0.0,2.2821919999999998,-2.0985150000000004,DEU,ANT,841330
2837596,67,6,8813,2003,0.0,14004.0,-0.8689370000000001,-0.889767,ECU,ANT,841330
2837597,81,6,8813,2003,4320.0,0.0,1.8712540000000002,0.706205,GBR,ANT,841330
2837598,114,6,8813,2003,40323.0,0.0,2.4686630000000003,0.48072600000000004,JPN,ANT,841330
2837599,162,6,8813,2003,3393.0,0.0,1.168453,1.7085709999999998,NLD,ANT,841330
2837600,216,6,8813,2003,0.0,2825.0,0.43010699999999996,1.607408,THA,ANT,841330
2837601,231,6,8813,2003,54632.0,2483.0,1.7789220000000001,0.064028,USA,ANT,841330
2837602,8,7,8813,2003,82022.0,0.0,0.302073,0.49069700000000005,ARG,ARE,841330
2837603,14,7,8813,2003,83961.0,2062.0,0.316879,0.9409489999999999,AUS,ARE,841330
2837604,16,7,8813,2003,0.0,2861.0,-0.304606,-0.975453,AZE,ARE,841330
2837605,18,7,8813,2003,214304.0,2520.0,1.361682,1.39536,BEL,ARE,841330
2837606,19,7,8813,2003,488.0,0.0,-1.150888,-0.956203,BEN,ARE,841330
2837607,23,7,8813,2003,0.0,8406.0,0.43308599999999997,1.7104099999999998,BGR,ARE,841330
2837608,26,7,8813,2003,190732.0,0.0,0.195667,0.347011,BIH,ARE,841330
2837609,32,7,8813,2003,74281.0,0.0,0.660576,1.118876,BRA,ARE,841330
2837610,37,7,8813,2003,0.0,603.0,-0.517317,-1.1125770000000001,BWA,ARE,841330
2837611,39,7,8813,2003,4135.0,0.0,0.9791540000000001,1.185081,CAN,ARE,841330
2837612,41,7,8813,2003,13409.0,0.0,2.151037,0.711217,CHE,ARE,841330
2837613,43,7,8813,2003,1694412.0,0.0,0.579431,2.773139,CHN,ARE,841330
2837614,45,7,8813,2003,0.0,33918.0,-1.254788,-1.10897,CMR,ARE,841330
2837615,58,7,8813,2003,0.0,5794.0,0.259992,0.068914,CYP,ARE,841330
2837616,61,7,8813,2003,3886376.0,4139.0,2.2821919999999998,-2.0985150000000004,DEU,ARE,841330
2837617,64,7,8813,2003,1103.0,6461.0,1.309564,1.245596,DNK,ARE,841330
2837618,66,7,8813,2003,0.0,58681.0,-1.060727,-1.142594,DZA,ARE,841330
2837619,68,7,8813,2003,0.0,64762.0,-0.292923,0.465433,EGY,ARE,841330
2837620,69,7,8813,2003,0.0,1638.0,-0.105591,-0.247614,ERI,ARE,841330
2837621,71,7,8813,2003,69124.0,5728.0,0.960684,2.074792,ESP,ARE,841330
2837622,73,7,8813,2003,0.0,14058.0,-1.1145559999999999,-0.9599620000000001,ETH,ARE,841330
2837623,74,7,8813,2003,12230.0,0.0,2.077889,0.942501,FIN,ARE,841330
2837624,77,7,8813,2003,619658.0,0.0,1.606606,0.7394149999999999,FRA,ARE,841330
2837625,80,7,8813,2003,0.0,3983.0,-0.92745,-1.138466,GAB,ARE,841330
2837626,81,7,8813,2003,138081.0,166796.0,1.8712540000000002,0.706205,GBR,ARE,841330
2837627,83,7,8813,2003,0.0,6307.0,-1.074188,-0.7127319999999999,GHA,ARE,841330
2837628,90,7,8813,2003,39578.0,0.0,0.364688,1.4823959999999998,GRC,ARE,841330
2837629,97,7,8813,2003,0.0,253827.0,0.494569,2.147062,HKG,ARE,841330
2837630,102,7,8813,2003,915.0,0.0,1.2003270000000001,1.091407,HUN,ARE,841330
2837631,104,7,8813,2003,289895.0,32669.0,0.33014099999999996,2.836003,IND,ARE,841330
2837632,106,7,8813,2003,3881.0,0.0,1.6396130000000002,0.220599,IRL,ARE,841330
2837633,107,7,8813,2003,695.0,1995569.0,-0.552146,-0.8668520000000001,IRN,ARE,841330
2837634,111,7,8813,2003,2406900.0,0.0,1.399734,1.044608,ITA,ARE,841330
2837635,114,7,8813,2003,13535445.0,0.0,2.4686630000000003,0.48072600000000004,JPN,ARE,841330
2837636,115,7,8813,2003,5209.0,29619.0,-0.156326,-0.62092,KAZ,ARE,841330
2837637,116,7,8813,2003,0.0,45601.0,-0.3531,0.582992,KEN,ARE,841330
2837638,121,7,8813,2003,545550.0,0.0,1.2611709999999998,0.956308,KOR,ARE,841330
2837639,122,7,8813,2003,47195.0,0.0,-0.7943640000000001,-1.1529770000000001,KWT,ARE,841330
2837640,124,7,8813,2003,1949.0,0.0,0.261687,1.053856,LBN,ARE,841330
2837641,128,7,8813,2003,0.0,23355.0,-0.618057,0.101931,LKA,ARE,841330
2837642,131,7,8813,2003,7948.0,8184.0,1.444996,1.063764,LUX,ARE,841330
2837643,135,7,8813,2003,0.0,1143.0,-0.005154,-0.26107199999999997,MDA,ARE,841330
2837644,136,7,8813,2003,0.0,1409.0,-1.254758,-0.622696,MDG,ARE,841330
2837645,141,7,8813,2003,0.0,26754.0,-0.786411,-0.879049,MLI,ARE,841330
2837646,147,7,8813,2003,0.0,5350.0,-1.188243,-1.123693,MOZ,ARE,841330
2837647,152,7,8813,2003,0.0,3735.0,-1.48079,-1.235645,MWI,ARE,841330
2837648,154,7,8813,2003,0.0,387.0,0.8645370000000001,-0.101347,MYT,ARE,841330
2837649,159,7,8813,2003,0.0,43001.0,-1.859176,-1.234236,NGA,ARE,841330
2837650,162,7,8813,2003,85298.0,7905.0,1.168453,1.7085709999999998,NLD,ARE,841330
2837651,166,7,8813,2003,0.0,2166.0,0.589619,0.997301,NZL,ARE,841330
2837652,167,7,8813,2003,33511.0,0.0,-1.434873,-1.188123,OMN,ARE,841330
2837653,168,7,8813,2003,49229.0,1234.0,-0.6659689999999999,0.137924,PAK,ARE,841330
2837654,183,7,8813,2003,7189.0,18151.0,-0.209042,-1.0565799999999999,QAT,ARE,841330
2837655,185,7,8813,2003,34698.0,0.0,0.378379,1.0064620000000002,ROU,ARE,841330
2837656,186,7,8813,2003,81005.0,0.0,1.072729,0.338355,RUS,ARE,841330
2837657,187,7,8813,2003,0.0,5967.0,-0.99513,-0.852476,RWA,ARE,841330
2837658,188,7,8813,2003,0.0,2393.0,0.202286,-0.714691,SAU,ARE,841330
2837659,192,7,8813,2003,443870.0,3604.0,1.5080799999999999,0.720337,SGP,ARE,841330
2837660,208,7,8813,2003,193520.0,0.0,2.099224,0.799982,SWE,ARE,841330
2837661,211,7,8813,2003,0.0,4989.0,-0.44341099999999994,-0.742566,SYC,ARE,841330
2837662,212,7,8813,2003,1089.0,0.0,-0.868749,-0.326322,SYR,ARE,841330
2837663,216,7,8813,2003,16652.0,1963.0,0.43010699999999996,1.607408,THA,ARE,841330
2837664,224,7,8813,2003,64647.0,7446.0,0.192802,1.9855060000000002,TUR,ARE,841330
2837665,226,7,8813,2003,0.0,9212.0,-1.225217,-0.43662399999999996,TZA,ARE,841330
2837666,227,7,8813,2003,0.0,31484.0,-0.895193,-0.712039,UGA,ARE,841330
2837667,231,7,8813,2003,3074125.0,0.0,1.7789220000000001,0.064028,USA,ARE,841330
2837668,239,7,8813,2003,0.0,4627.0,-0.633985,0.659696,VNM,ARE,841330
2837669,246,7,8813,2003,0.0,33762.0,0.477987,2.255395,ZAF,ARE,841330
2837670,249,7,8813,2003,1228.0,0.0,1.5924040000000002,1.397843,TWN,ARE,841330
2837671,7,8,8813,2003,0.0,82022.0,0.049637,-0.502691,ARE,ARG,841330
2837672,14,8,8813,2003,0.0,7012.0,0.316879,0.9409489999999999,AUS,ARG,841330
2837673,15,8,8813,2003,9127.0,0.0,1.834977,0.408096,AUT,ARG,841330
2837674,18,8,8813,2003,80751.0,4108.0,1.361682,1.39536,BEL,ARG,841330
2837675,23,8,8813,2003,0.0,1927.0,0.43308599999999997,1.7104099999999998,BGR,ARG,841330
2837676,29,8,8813,2003,0.0,2653.0,-0.543555,-0.7596,BLZ,ARG,841330
2837677,31,8,8813,2003,0.0,7340.0,-0.787995,-0.7228899999999999,BOL,ARG,841330
2837678,32,8,8813,2003,9995917.0,6068302.0,0.660576,1.118876,BRA,ARG,841330
2837679,39,8,8813,2003,6228.0,3613.0,0.9791540000000001,1.185081,CAN,ARG,841330
2837680,42,8,8813,2003,7438.0,301255.0,-0.06375900000000001,-0.156808,CHL,ARG,841330
2837681,43,8,8813,2003,10800.0,0.0,0.579431,2.773139,CHN,ARG,841330
2837682,49,8,8813,2003,0.0,125331.0,0.218336,0.376869,COL,ARG,841330
2837683,52,8,8813,2003,0.0,2398.0,-0.193904,-0.5049680000000001,CRI,ARG,841330
2837684,54,8,8813,2003,0.0,28707.0,-0.391515,-0.8562120000000001,CUB,ARG,841330
2837685,59,8,8813,2003,18000.0,0.0,1.555749,0.8662059999999999,CZE,ARG,841330
2837686,61,8,8813,2003,1746243.0,177406.0,2.2821919999999998,-2.0985150000000004,DEU,ARG,841330
2837687,64,8,8813,2003,5709.0,13424.0,1.309564,1.245596,DNK,ARG,841330
2837688,66,8,8813,2003,0.0,104504.0,-1.060727,-1.142594,DZA,ARG,841330
2837689,67,8,8813,2003,53795.0,29150.0,-0.8689370000000001,-0.889767,ECU,ARG,841330
2837690,68,8,8813,2003,0.0,101157.0,-0.292923,0.465433,EGY,ARG,841330
2837691,71,8,8813,2003,42108.0,62162.0,0.960684,2.074792,ESP,ARG,841330
2837692,74,8,8813,2003,1572.0,0.0,2.077889,0.942501,FIN,ARG,841330
2837693,77,8,8813,2003,1658623.0,3394589.0,1.606606,0.7394149999999999,FRA,ARG,841330
2837694,81,8,8813,2003,20374.0,39740.0,1.8712540000000002,0.706205,GBR,ARG,841330
2837695,93,8,8813,2003,0.0,3635.0,-0.444162,0.145319,GTM,ARG,841330
2837696,99,8,8813,2003,0.0,4692.0,-0.733546,-0.568585,HND,ARG,841330
2837697,100,8,8813,2003,0.0,5717.0,0.568394,1.230759,HRV,ARG,841330
2837698,102,8,8813,2003,193170.0,2857.0,1.2003270000000001,1.091407,HUN,ARG,841330
2837699,104,8,8813,2003,37707.0,2245.0,0.33014099999999996,2.836003,IND,ARG,841330
2837700,110,8,8813,2003,0.0,5075.0,1.157809,0.682195,ISR,ARG,841330
2837701,111,8,8813,2003,668965.0,130809.0,1.399734,1.044608,ITA,ARG,841330
2837702,114,8,8813,2003,3359565.0,3492.0,2.4686630000000003,0.48072600000000004,JPN,ARG,841330
2837703,121,8,8813,2003,36196.0,0.0,1.2611709999999998,0.956308,KOR,ARG,841330
2837704,122,8,8813,2003,0.0,2497.0,-0.7943640000000001,-1.1529770000000001,KWT,ARG,841330
2837705,126,8,8813,2003,0.0,10001.0,-0.36075999999999997,-1.110575,LBY,ARG,841330
2837706,134,8,8813,2003,0.0,19635.0,-0.6842050000000001,-0.217892,MAR,ARG,841330
2837707,138,8,8813,2003,50021.0,1360889.0,0.862509,0.756684,MEX,ARG,841330
2837708,140,8,8813,2003,0.0,578.0,-0.017632,0.225394,MKD,ARG,841330
2837709,159,8,8813,2003,0.0,33750.0,-1.859176,-1.234236,NGA,ARG,841330
2837710,160,8,8813,2003,0.0,1221.0,-0.8661459999999999,-0.8661690000000001,NIC,ARG,841330
2837711,162,8,8813,2003,19525.0,4889.0,1.168453,1.7085709999999998,NLD,ARG,841330
2837712,163,8,8813,2003,2412.0,0.0,1.1500620000000001,0.258554,NOR,ARG,841330
2837713,173,8,8813,2003,0.0,12221.0,-0.48627,0.371354,PER,ARG,841330
2837714,179,8,8813,2003,0.0,8628.0,0.471376,1.647303,PRT,ARG,841330
2837715,180,8,8813,2003,0.0,29786.0,-0.607733,-0.8577879999999999,PRY,ARG,841330
2837716,185,8,8813,2003,827.0,0.0,0.378379,1.0064620000000002,ROU,ARG,841330
2837717,192,8,8813,2003,0.0,5059.0,1.5080799999999999,0.720337,SGP,ARG,841330
2837718,197,8,8813,2003,0.0,956.0,-0.251357,-0.189917,SLV,ARG,841330
2837719,206,8,8813,2003,976.0,0.0,1.22565,0.915518,SVK,ARG,841330
2837720,207,8,8813,2003,0.0,1376.0,1.6459840000000001,1.014191,SVN,ARG,841330
2837721,208,8,8813,2003,10713.0,13224.0,2.099224,0.799982,SWE,ARG,841330
2837722,212,8,8813,2003,0.0,19350.0,-0.868749,-0.326322,SYR,ARG,841330
2837723,216,8,8813,2003,847.0,0.0,0.43010699999999996,1.607408,THA,ARG,841330
2837724,223,8,8813,2003,0.0,9357.0,-0.14845999999999998,0.255092,TUN,ARG,841330
2837725,224,8,8813,2003,7301.0,14091.0,0.192802,1.9855060000000002,TUR,ARG,841330
2837726,230,8,8813,2003,2869.0,177151.0,0.19792200000000001,0.243104,URY,ARG,841330
2837727,231,8,8813,2003,809958.0,673871.0,1.7789220000000001,0.064028,USA,ARG,841330
2837728,236,8,8813,2003,0.0,57179.0,0.277805,-0.783697,VEN,ARG,841330
2837729,246,8,8813,2003,1101.0,107509.0,0.477987,2.255395,ZAF,ARG,841330
2837730,249,8,8813,2003,28406.0,0.0,1.5924040000000002,1.397843,TWN,ARG,841330
2837731,250,8,8813,2003,2471641.0,139491.0,0.45951499999999995,-0.2312,ANS,ARG,841330
2837732,4,15,8813,2003,0.0,1232.0,-0.053595000000000004,0.166034,ALB,AUT,841330
2837733,8,15,8813,2003,0.0,9127.0,0.302073,0.49069700000000005,ARG,AUT,841330
2837734,14,15,8813,2003,23618.0,49927.0,0.316879,0.9409489999999999,AUS,AUT,841330
2837735,18,15,8813,2003,1258584.0,392755.0,1.361682,1.39536,BEL,AUT,841330
2837736,23,15,8813,2003,0.0,92924.0,0.43308599999999997,1.7104099999999998,BGR,AUT,841330
2837737,24,15,8813,2003,0.0,1129.0,-0.10968800000000001,-1.041032,BHR,AUT,841330
2837738,26,15,8813,2003,2120.0,10569.0,0.195667,0.347011,BIH,AUT,841330
2837739,28,15,8813,2003,0.0,6695.0,0.847358,0.9307719999999999,BLR,AUT,841330
2837740,32,15,8813,2003,35429.0,793631.0,0.660576,1.118876,BRA,AUT,841330
2837741,39,15,8813,2003,32760.0,204746.0,0.9791540000000001,1.185081,CAN,AUT,841330
2837742,41,15,8813,2003,133145.0,1113714.0,2.151037,0.711217,CHE,AUT,841330
2837743,43,15,8813,2003,11576.0,612408.0,0.579431,2.773139,CHN,AUT,841330
2837744,45,15,8813,2003,0.0,645.0,-1.254788,-1.10897,CMR,AUT,841330
2837745,49,15,8813,2003,0.0,3895.0,0.218336,0.376869,COL,AUT,841330
2837746,58,15,8813,2003,0.0,3902.0,0.259992,0.068914,CYP,AUT,841330
2837747,59,15,8813,2003,49296292.0,696918.0,1.555749,0.8662059999999999,CZE,AUT,841330
2837748,61,15,8813,2003,18180660.0,39691832.0,2.2821919999999998,-2.0985150000000004,DEU,AUT,841330
2837749,64,15,8813,2003,0.0,57198.0,1.309564,1.245596,DNK,AUT,841330
2837750,66,15,8813,2003,0.0,3317.0,-1.060727,-1.142594,DZA,AUT,841330
2837751,67,15,8813,2003,0.0,2493.0,-0.8689370000000001,-0.889767,ECU,AUT,841330
2837752,68,15,8813,2003,0.0,2239.0,-0.292923,0.465433,EGY,AUT,841330
2837753,71,15,8813,2003,178175.0,244999.0,0.960684,2.074792,ESP,AUT,841330
2837754,72,15,8813,2003,0.0,7470.0,0.5913010000000001,0.8489979999999999,EST,AUT,841330
2837755,73,15,8813,2003,0.0,2023.0,-1.1145559999999999,-0.9599620000000001,ETH,AUT,841330
2837756,74,15,8813,2003,16931.0,1919404.0,2.077889,0.942501,FIN,AUT,841330
2837757,77,15,8813,2003,16816472.0,1675804.0,1.606606,0.7394149999999999,FRA,AUT,841330
2837758,80,15,8813,2003,0.0,35231.0,-0.92745,-1.138466,GAB,AUT,841330
2837759,81,15,8813,2003,175239.0,930854.0,1.8712540000000002,0.706205,GBR,AUT,841330
2837760,82,15,8813,2003,6648.0,0.0,0.595485,-0.25939,GEO,AUT,841330
2837761,83,15,8813,2003,0.0,12082.0,-1.074188,-0.7127319999999999,GHA,AUT,841330
2837762,90,15,8813,2003,0.0,10623.0,0.364688,1.4823959999999998,GRC,AUT,841330
2837763,97,15,8813,2003,0.0,281903.0,0.494569,2.147062,HKG,AUT,841330
2837764,100,15,8813,2003,14955.0,360950.0,0.568394,1.230759,HRV,AUT,841330
2837765,102,15,8813,2003,77977.0,5033344.0,1.2003270000000001,1.091407,HUN,AUT,841330
2837766,103,15,8813,2003,3903.0,2340.0,-0.16802,1.7252990000000001,IDN,AUT,841330
2837767,104,15,8813,2003,35032.0,40360.0,0.33014099999999996,2.836003,IND,AUT,841330
2837768,106,15,8813,2003,0.0,1328.0,1.6396130000000002,0.220599,IRL,AUT,841330
2837769,107,15,8813,2003,0.0,41116.0,-0.552146,-0.8668520000000001,IRN,AUT,841330
2837770,109,15,8813,2003,0.0,27090.0,0.21902800000000003,-0.40818499999999996,ISL,AUT,841330
2837771,110,15,8813,2003,0.0,2811.0,1.157809,0.682195,ISR,AUT,841330
2837772,111,15,8813,2003,8450195.0,7522272.0,1.399734,1.044608,ITA,AUT,841330
2837773,112,15,8813,2003,0.0,54828.0,-0.6684140000000001,-0.915817,JAM,AUT,841330
2837774,114,15,8813,2003,490816.0,898783.0,2.4686630000000003,0.48072600000000004,JPN,AUT,841330
2837775,115,15,8813,2003,0.0,6928.0,-0.156326,-0.62092,KAZ,AUT,841330
2837776,116,15,8813,2003,0.0,2385.0,-0.3531,0.582992,KEN,AUT,841330
2837777,121,15,8813,2003,128579.0,43390.0,1.2611709999999998,0.956308,KOR,AUT,841330
2837778,122,15,8813,2003,0.0,13646.0,-0.7943640000000001,-1.1529770000000001,KWT,AUT,841330
2837779,124,15,8813,2003,0.0,22217.0,0.261687,1.053856,LBN,AUT,841330
2837780,130,15,8813,2003,0.0,1418.0,0.239608,0.517299,LTU,AUT,841330
2837781,132,15,8813,2003,0.0,9259.0,0.520772,0.5631689999999999,LVA,AUT,841330
2837782,134,15,8813,2003,0.0,23142.0,-0.6842050000000001,-0.217892,MAR,AUT,841330
2837783,135,15,8813,2003,0.0,3439.0,-0.005154,-0.26107199999999997,MDA,AUT,841330
2837784,138,15,8813,2003,2458.0,217331.0,0.862509,0.756684,MEX,AUT,841330
2837785,140,15,8813,2003,0.0,3718.0,-0.017632,0.225394,MKD,AUT,841330
2837786,142,15,8813,2003,0.0,1257.0,1.2138149999999999,-0.015687,MLT,AUT,841330
2837787,153,15,8813,2003,0.0,891.0,0.728804,0.2168,MYS,AUT,841330
2837788,156,15,8813,2003,0.0,9445.0,-0.344934,-0.776632,NCL,AUT,841330
2837789,159,15,8813,2003,0.0,73098.0,-1.859176,-1.234236,NGA,AUT,841330
2837790,162,15,8813,2003,469532.0,193875.0,1.168453,1.7085709999999998,NLD,AUT,841330
2837791,163,15,8813,2003,8913.0,10551.0,1.1500620000000001,0.258554,NOR,AUT,841330
2837792,166,15,8813,2003,0.0,29148.0,0.589619,0.997301,NZL,AUT,841330
2837793,167,15,8813,2003,0.0,4914.0,-1.434873,-1.188123,OMN,AUT,841330
2837794,168,15,8813,2003,0.0,7943.0,-0.6659689999999999,0.137924,PAK,AUT,841330
2837795,173,15,8813,2003,0.0,33180.0,-0.48627,0.371354,PER,AUT,841330
2837796,174,15,8813,2003,0.0,31314.0,-0.065022,-0.195144,PHL,AUT,841330
2837797,177,15,8813,2003,5020.0,33152.0,0.966622,1.664838,POL,AUT,841330
2837798,179,15,8813,2003,8577.0,1415.0,0.471376,1.647303,PRT,AUT,841330
2837799,185,15,8813,2003,8484.0,327940.0,0.378379,1.0064620000000002,ROU,AUT,841330
2837800,186,15,8813,2003,0.0,37012.0,1.072729,0.338355,RUS,AUT,841330
2837801,188,15,8813,2003,0.0,19002.0,0.202286,-0.714691,SAU,AUT,841330
2837802,189,15,8813,2003,0.0,52640.0,0.575326,1.627894,SCG,AUT,841330
2837803,192,15,8813,2003,1258.0,1703.0,1.5080799999999999,0.720337,SGP,AUT,841330
2837804,196,15,8813,2003,0.0,27879.0,0.129923,-0.19926300000000002,SLE,AUT,841330
2837805,206,15,8813,2003,33192.0,356726.0,1.22565,0.915518,SVK,AUT,841330
2837806,207,15,8813,2003,14510.0,441753.0,1.6459840000000001,1.014191,SVN,AUT,841330
2837807,208,15,8813,2003,177200.0,288361.0,2.099224,0.799982,SWE,AUT,841330
2837808,212,15,8813,2003,0.0,1508.0,-0.868749,-0.326322,SYR,AUT,841330
2837809,216,15,8813,2003,3190.0,15431.0,0.43010699999999996,1.607408,THA,AUT,841330
2837810,223,15,8813,2003,0.0,3087.0,-0.14845999999999998,0.255092,TUN,AUT,841330
2837811,224,15,8813,2003,8515.0,35999.0,0.192802,1.9855060000000002,TUR,AUT,841330
2837812,226,15,8813,2003,0.0,767.0,-1.225217,-0.43662399999999996,TZA,AUT,841330
2837813,228,15,8813,2003,0.0,8141.0,0.8929389999999999,0.956685,UKR,AUT,841330
2837814,231,15,8813,2003,479724.0,12841724.0,1.7789220000000001,0.064028,USA,AUT,841330
2837815,236,15,8813,2003,0.0,13926.0,0.277805,-0.783697,VEN,AUT,841330
2837816,239,15,8813,2003,4611.0,4476.0,-0.633985,0.659696,VNM,AUT,841330
2837817,246,15,8813,2003,0.0,35280.0,0.477987,2.255395,ZAF,AUT,841330
2837818,249,15,8813,2003,5400.0,94256.0,1.5924040000000002,1.397843,TWN,AUT,841330
2837819,2,18,8813,2003,0.0,26070.0,-1.8762919999999998,-1.176541,AGO,BEL,841330
2837820,4,18,8813,2003,0.0,6479.0,-0.053595000000000004,0.166034,ALB,BEL,841330
2837821,7,18,8813,2003,2520.0,214304.0,0.049637,-0.502691,ARE,BEL,841330
2837822,8,18,8813,2003,4108.0,80751.0,0.302073,0.49069700000000005,ARG,BEL,841330
2837823,14,18,8813,2003,6747.0,400697.0,0.316879,0.9409489999999999,AUS,BEL,841330
2837824,15,18,8813,2003,392755.0,1258584.0,1.834977,0.408096,AUT,BEL,841330
2837825,16,18,8813,2003,0.0,2666.0,-0.304606,-0.975453,AZE,BEL,841330
2837826,17,18,8813,2003,0.0,5278.0,-0.550138,-0.759304,BDI,BEL,841330
2837827,19,18,8813,2003,0.0,1923.0,-1.150888,-0.956203,BEN,BEL,841330
2837828,21,18,8813,2003,0.0,17516.0,-0.9365690000000001,-0.9699409999999999,BFA,BEL,841330
2837829,22,18,8813,2003,0.0,17261.0,-1.168404,-1.035782,BGD,BEL,841330
2837830,23,18,8813,2003,0.0,17340.0,0.43308599999999997,1.7104099999999998,BGR,BEL,841330
2837831,24,18,8813,2003,0.0,8860.0,-0.10968800000000001,-1.041032,BHR,BEL,841330
2837832,26,18,8813,2003,2841.0,5734.0,0.195667,0.347011,BIH,BEL,841330
2837833,28,18,8813,2003,0.0,1390.0,0.847358,0.9307719999999999,BLR,BEL,841330
2837834,31,18,8813,2003,0.0,933.0,-0.787995,-0.7228899999999999,BOL,BEL,841330
2837835,32,18,8813,2003,79532.0,466552.0,0.660576,1.118876,BRA,BEL,841330
2837836,39,18,8813,2003,51513.0,26715.0,0.9791540000000001,1.185081,CAN,BEL,841330
2837837,41,18,8813,2003,28029.0,330696.0,2.151037,0.711217,CHE,BEL,841330
2837838,42,18,8813,2003,0.0,30865.0,-0.06375900000000001,-0.156808,CHL,BEL,841330
2837839,43,18,8813,2003,71672.0,179577.0,0.579431,2.773139,CHN,BEL,841330
2837840,44,18,8813,2003,1870.0,1007.0,-0.699928,-0.723739,CIV,BEL,841330
2837841,45,18,8813,2003,0.0,38094.0,-1.254788,-1.10897,CMR,BEL,841330
2837842,46,18,8813,2003,1053.0,21336.0,-1.366232,-1.0778860000000001,COD,BEL,841330
2837843,47,18,8813,2003,0.0,1020.0,-1.6789619999999998,-1.182557,COG,BEL,841330
2837844,49,18,8813,2003,0.0,18198.0,0.218336,0.376869,COL,BEL,841330
2837845,51,18,8813,2003,0.0,3435.0,0.070649,-0.541279,CPV,BEL,841330
2837846,52,18,8813,2003,0.0,2156.0,-0.193904,-0.5049680000000001,CRI,BEL,841330
2837847,54,18,8813,2003,0.0,43698.0,-0.391515,-0.8562120000000001,CUB,BEL,841330
2837848,58,18,8813,2003,0.0,4544.0,0.259992,0.068914,CYP,BEL,841330
2837849,59,18,8813,2003,4494689.0,104103.0,1.555749,0.8662059999999999,CZE,BEL,841330
2837850,61,18,8813,2003,25617734.0,8228508.0,2.2821919999999998,-2.0985150000000004,DEU,BEL,841330
2837851,64,18,8813,2003,304812.0,1085225.0,1.309564,1.245596,DNK,BEL,841330
2837852,65,18,8813,2003,0.0,5781.0,-0.46264399999999994,-0.245034,DOM,BEL,841330
2837853,66,18,8813,2003,0.0,52642.0,-1.060727,-1.142594,DZA,BEL,841330
2837854,67,18,8813,2003,0.0,2498.0,-0.8689370000000001,-0.889767,ECU,BEL,841330
2837855,68,18,8813,2003,5419.0,58993.0,-0.292923,0.465433,EGY,BEL,841330
2837856,71,18,8813,2003,300093.0,3814005.0,0.960684,2.074792,ESP,BEL,841330
2837857,72,18,8813,2003,1234.0,51523.0,0.5913010000000001,0.8489979999999999,EST,BEL,841330
2837858,73,18,8813,2003,0.0,42943.0,-1.1145559999999999,-0.9599620000000001,ETH,BEL,841330
2837859,74,18,8813,2003,61544.0,1162270.0,2.077889,0.942501,FIN,BEL,841330
2837860,77,18,8813,2003,17146150.0,10621880.0,1.606606,0.7394149999999999,FRA,BEL,841330
2837861,80,18,8813,2003,0.0,37073.0,-0.92745,-1.138466,GAB,BEL,841330
2837862,81,18,8813,2003,2162766.0,6716915.0,1.8712540000000002,0.706205,GBR,BEL,841330
2837863,82,18,8813,2003,0.0,1489.0,0.595485,-0.25939,GEO,BEL,841330
2837864,83,18,8813,2003,1225.0,6353.0,-1.074188,-0.7127319999999999,GHA,BEL,841330
2837865,85,18,8813,2003,93037.0,19752.0,-2.14752,-1.250048,GIN,BEL,841330
2837866,89,18,8813,2003,0.0,4513.0,-2.4406529999999997,-0.821155,GNQ,BEL,841330
2837867,90,18,8813,2003,17350.0,933766.0,0.364688,1.4823959999999998,GRC,BEL,841330
2837868,92,18,8813,2003,0.0,232.0,-0.764655,-0.8684200000000001,GRL,BEL,841330
2837869,93,18,8813,2003,0.0,1921.0,-0.444162,0.145319,GTM,BEL,841330
2837870,97,18,8813,2003,0.0,9216.0,0.494569,2.147062,HKG,BEL,841330
2837871,100,18,8813,2003,58415.0,25602.0,0.568394,1.230759,HRV,BEL,841330
2837872,102,18,8813,2003,22185594.0,40113.0,1.2003270000000001,1.091407,HUN,BEL,841330
2837873,103,18,8813,2003,0.0,6452.0,-0.16802,1.7252990000000001,IDN,BEL,841330
2837874,104,18,8813,2003,151333.0,45464.0,0.33014099999999996,2.836003,IND,BEL,841330
2837875,106,18,8813,2003,89399.0,526479.0,1.6396130000000002,0.220599,IRL,BEL,841330
2837876,107,18,8813,2003,0.0,67131.0,-0.552146,-0.8668520000000001,IRN,BEL,841330
2837877,108,18,8813,2003,0.0,46977.0,-0.398557,-0.774153,IRQ,BEL,841330
2837878,109,18,8813,2003,0.0,3095.0,0.21902800000000003,-0.40818499999999996,ISL,BEL,841330
2837879,110,18,8813,2003,1441.0,218229.0,1.157809,0.682195,ISR,BEL,841330
2837880,111,18,8813,2003,4564886.0,4223526.0,1.399734,1.044608,ITA,BEL,841330
2837881,112,18,8813,2003,0.0,8526.0,-0.6684140000000001,-0.915817,JAM,BEL,841330
2837882,113,18,8813,2003,0.0,40093.0,0.12295,0.377031,JOR,BEL,841330
2837883,114,18,8813,2003,5547354.0,98676.0,2.4686630000000003,0.48072600000000004,JPN,BEL,841330
2837884,115,18,8813,2003,23643.0,5836.0,-0.156326,-0.62092,KAZ,BEL,841330
2837885,116,18,8813,2003,0.0,6077.0,-0.3531,0.582992,KEN,BEL,841330
2837886,121,18,8813,2003,1400690.0,58723.0,1.2611709999999998,0.956308,KOR,BEL,841330
2837887,122,18,8813,2003,0.0,20901.0,-0.7943640000000001,-1.1529770000000001,KWT,BEL,841330
2837888,124,18,8813,2003,4136.0,27078.0,0.261687,1.053856,LBN,BEL,841330
2837889,126,18,8813,2003,0.0,6810.0,-0.36075999999999997,-1.110575,LBY,BEL,841330
2837890,128,18,8813,2003,0.0,45370.0,-0.618057,0.101931,LKA,BEL,841330
2837891,130,18,8813,2003,1342.0,28950.0,0.239608,0.517299,LTU,BEL,841330
2837892,131,18,8813,2003,15490.0,492585.0,1.444996,1.063764,LUX,BEL,841330
2837893,132,18,8813,2003,0.0,25480.0,0.520772,0.5631689999999999,LVA,BEL,841330
2837894,134,18,8813,2003,13434.0,72281.0,-0.6842050000000001,-0.217892,MAR,BEL,841330
2837895,136,18,8813,2003,0.0,1697.0,-1.254758,-0.622696,MDG,BEL,841330
2837896,137,18,8813,2003,0.0,5609.0,-1.201352,-1.031892,MDV,BEL,841330
2837897,138,18,8813,2003,1918742.0,174199.0,0.862509,0.756684,MEX,BEL,841330
2837898,140,18,8813,2003,1730.0,0.0,-0.017632,0.225394,MKD,BEL,841330
2837899,141,18,8813,2003,0.0,1661.0,-0.786411,-0.879049,MLI,BEL,841330
2837900,142,18,8813,2003,0.0,2829.0,1.2138149999999999,-0.015687,MLT,BEL,841330
2837901,145,18,8813,2003,1128.0,31708.0,-0.9747620000000001,-1.026308,MNG,BEL,841330
2837902,148,18,8813,2003,0.0,27117.0,-1.069232,-1.184061,MRT,BEL,841330
2837903,151,18,8813,2003,0.0,985.0,-0.361514,-0.29839899999999997,MUS,BEL,841330
2837904,153,18,8813,2003,0.0,14378.0,0.728804,0.2168,MYS,BEL,841330
2837905,156,18,8813,2003,0.0,2585.0,-0.344934,-0.776632,NCL,BEL,841330
2837906,159,18,8813,2003,3244.0,9784.0,-1.859176,-1.234236,NGA,BEL,841330
2837907,162,18,8813,2003,4172796.0,6043012.0,1.168453,1.7085709999999998,NLD,BEL,841330
2837908,163,18,8813,2003,110322.0,571818.0,1.1500620000000001,0.258554,NOR,BEL,841330
2837909,166,18,8813,2003,8116.0,19980.0,0.589619,0.997301,NZL,BEL,841330
2837910,167,18,8813,2003,0.0,4142.0,-1.434873,-1.188123,OMN,BEL,841330
2837911,169,18,8813,2003,0.0,3276.0,-0.050386,-0.039619999999999995,PAN,BEL,841330
2837912,173,18,8813,2003,0.0,174269.0,-0.48627,0.371354,PER,BEL,841330
2837913,177,18,8813,2003,1808501.0,1056139.0,0.966622,1.664838,POL,BEL,841330
2837914,178,18,8813,2003,0.0,14630.0,0.7060420000000001,0.7718,PRK,BEL,841330
2837915,179,18,8813,2003,54538.0,792366.0,0.471376,1.647303,PRT,BEL,841330
2837916,180,18,8813,2003,0.0,828.0,-0.607733,-0.8577879999999999,PRY,BEL,841330
2837917,182,18,8813,2003,0.0,14265.0,-0.255707,-0.676557,PYF,BEL,841330
2837918,183,18,8813,2003,0.0,6600.0,-0.209042,-1.0565799999999999,QAT,BEL,841330
2837919,185,18,8813,2003,2064.0,89905.0,0.378379,1.0064620000000002,ROU,BEL,841330
2837920,186,18,8813,2003,3256.0,138520.0,1.072729,0.338355,RUS,BEL,841330
2837921,187,18,8813,2003,0.0,3593.0,-0.99513,-0.852476,RWA,BEL,841330
2837922,188,18,8813,2003,2249.0,365706.0,0.202286,-0.714691,SAU,BEL,841330
2837923,189,18,8813,2003,0.0,34550.0,0.575326,1.627894,SCG,BEL,841330
2837924,191,18,8813,2003,4862.0,2428.0,-0.25203600000000004,-0.25549299999999997,SEN,BEL,841330
2837925,192,18,8813,2003,1503.0,375707.0,1.5080799999999999,0.720337,SGP,BEL,841330
2837926,205,18,8813,2003,0.0,1109.0,-0.896925,-0.88623,SUR,BEL,841330
2837927,206,18,8813,2003,17334.0,21896.0,1.22565,0.915518,SVK,BEL,841330
2837928,207,18,8813,2003,0.0,3635.0,1.6459840000000001,1.014191,SVN,BEL,841330
2837929,208,18,8813,2003,5462059.0,2108402.0,2.099224,0.799982,SWE,BEL,841330
2837930,211,18,8813,2003,0.0,2132.0,-0.44341099999999994,-0.742566,SYC,BEL,841330
2837931,212,18,8813,2003,0.0,18090.0,-0.868749,-0.326322,SYR,BEL,841330
2837932,214,18,8813,2003,0.0,1132.0,-0.263238,-0.6801189999999999,TCD,BEL,841330
2837933,215,18,8813,2003,0.0,1286.0,-0.5058590000000001,-0.520586,TGO,BEL,841330
2837934,216,18,8813,2003,27135.0,12768.0,0.43010699999999996,1.607408,THA,BEL,841330
2837935,219,18,8813,2003,0.0,3288.0,-1.223295,-1.250217,TKM,BEL,841330
2837936,222,18,8813,2003,0.0,690.0,-0.16738,-0.9820969999999999,TTO,BEL,841330
2837937,223,18,8813,2003,2166.0,31830.0,-0.14845999999999998,0.255092,TUN,BEL,841330
2837938,224,18,8813,2003,262742.0,237040.0,0.192802,1.9855060000000002,TUR,BEL,841330
2837939,226,18,8813,2003,5326.0,9040.0,-1.225217,-0.43662399999999996,TZA,BEL,841330
2837940,227,18,8813,2003,0.0,6360.0,-0.895193,-0.712039,UGA,BEL,841330
2837941,228,18,8813,2003,3915.0,227909.0,0.8929389999999999,0.956685,UKR,BEL,841330
2837942,230,18,8813,2003,0.0,3759.0,0.19792200000000001,0.243104,URY,BEL,841330
2837943,231,18,8813,2003,20823030.0,2174746.0,1.7789220000000001,0.064028,USA,BEL,841330
2837944,232,18,8813,2003,0.0,3207.0,-0.285978,-0.703334,UZB,BEL,841330
2837945,236,18,8813,2003,0.0,9209.0,0.277805,-0.783697,VEN,BEL,841330
2837946,239,18,8813,2003,4952.0,2152.0,-0.633985,0.659696,VNM,BEL,841330
2837947,243,18,8813,2003,0.0,27915.0,-1.453584,-1.257815,YEM,BEL,841330
2837948,246,18,8813,2003,21395.0,246871.0,0.477987,2.255395,ZAF,BEL,841330
2837949,249,18,8813,2003,61747.0,15804.0,1.5924040000000002,1.397843,TWN,BEL,841330
2837950,18,22,8813,2003,17261.0,0.0,1.361682,1.39536,BEL,BGD,841330
2837951,43,22,8813,2003,44022.0,0.0,0.579431,2.773139,CHN,BGD,841330
2837952,61,22,8813,2003,3234.0,0.0,2.2821919999999998,-2.0985150000000004,DEU,BGD,841330
2837953,64,22,8813,2003,3263.0,0.0,1.309564,1.245596,DNK,BGD,841330
2837954,74,22,8813,2003,9822.0,0.0,2.077889,0.942501,FIN,BGD,841330
2837955,77,22,8813,2003,2045.0,0.0,1.606606,0.7394149999999999,FRA,BGD,841330
2837956,81,22,8813,2003,5284.0,0.0,1.8712540000000002,0.706205,GBR,BGD,841330
2837957,104,22,8813,2003,64226.0,0.0,0.33014099999999996,2.836003,IND,BGD,841330
2837958,111,22,8813,2003,12119.0,0.0,1.399734,1.044608,ITA,BGD,841330
2837959,114,22,8813,2003,46560.0,0.0,2.4686630000000003,0.48072600000000004,JPN,BGD,841330
2837960,121,22,8813,2003,12922.0,0.0,1.2611709999999998,0.956308,KOR,BGD,841330
2837961,162,22,8813,2003,1683.0,0.0,1.168453,1.7085709999999998,NLD,BGD,841330
2837962,168,22,8813,2003,2599.0,0.0,-0.6659689999999999,0.137924,PAK,BGD,841330
2837963,192,22,8813,2003,9129.0,0.0,1.5080799999999999,0.720337,SGP,BGD,841330
2837964,228,22,8813,2003,2494.0,0.0,0.8929389999999999,0.956685,UKR,BGD,841330
2837965,231,22,8813,2003,10188.0,0.0,1.7789220000000001,0.064028,USA,BGD,841330
2837966,249,22,8813,2003,2509.0,0.0,1.5924040000000002,1.397843,TWN,BGD,841330
2837967,33,25,8813,2003,2441.0,0.0,0.744166,0.074191,BRB,BHS,841330
2837968,41,25,8813,2003,1799.0,0.0,2.151037,0.711217,CHE,BHS,841330
2837969,59,25,8813,2003,5911.0,0.0,1.555749,0.8662059999999999,CZE,BHS,841330
2837970,114,25,8813,2003,45454.0,0.0,2.4686630000000003,0.48072600000000004,JPN,BHS,841330
2837971,121,25,8813,2003,1652.0,0.0,1.2611709999999998,0.956308,KOR,BHS,841330
2837972,162,25,8813,2003,1782.0,0.0,1.168453,1.7085709999999998,NLD,BHS,841330
2837973,231,25,8813,2003,62723.0,54469.0,1.7789220000000001,0.064028,USA,BHS,841330
2837974,250,25,8813,2003,9490.0,0.0,0.45951499999999995,-0.2312,ANS,BHS,841330
2837975,0,32,8813,2003,0.0,3154.0,-0.13006600000000001,-0.783431,ABW,BRA,841330
2837976,2,32,8813,2003,0.0,121192.0,-1.8762919999999998,-1.176541,AGO,BRA,841330
2837977,6,32,8813,2003,0.0,2751.0,0.108903,-0.650137,ANT,BRA,841330
2837978,7,32,8813,2003,0.0,74281.0,0.049637,-0.502691,ARE,BRA,841330
2837979,8,32,8813,2003,6068302.0,9995917.0,0.302073,0.49069700000000005,ARG,BRA,841330
2837980,14,32,8813,2003,6867.0,32443.0,0.316879,0.9409489999999999,AUS,BRA,841330
2837981,15,32,8813,2003,793631.0,35429.0,1.834977,0.408096,AUT,BRA,841330
2837982,18,32,8813,2003,466552.0,79532.0,1.361682,1.39536,BEL,BRA,841330
2837983,23,32,8813,2003,0.0,4358.0,0.43308599999999997,1.7104099999999998,BGR,BRA,841330
2837984,24,32,8813,2003,0.0,3845.0,-0.10968800000000001,-1.041032,BHR,BRA,841330
2837985,31,32,8813,2003,4515.0,163489.0,-0.787995,-0.7228899999999999,BOL,BRA,841330
2837986,33,32,8813,2003,0.0,7741.0,0.744166,0.074191,BRB,BRA,841330
2837987,38,32,8813,2003,0.0,2840.0,-1.342769,-0.905425,CAF,BRA,841330
2837988,39,32,8813,2003,4913.0,8521.0,0.9791540000000001,1.185081,CAN,BRA,841330
2837989,41,32,8813,2003,85261.0,1380.0,2.151037,0.711217,CHE,BRA,841330
2837990,42,32,8813,2003,1155.0,1145294.0,-0.06375900000000001,-0.156808,CHL,BRA,841330
2837991,43,32,8813,2003,341120.0,21849616.0,0.579431,2.773139,CHN,BRA,841330
2837992,45,32,8813,2003,0.0,3370.0,-1.254788,-1.10897,CMR,BRA,841330
2837993,49,32,8813,2003,0.0,406028.0,0.218336,0.376869,COL,BRA,841330
2837994,52,32,8813,2003,0.0,62578.0,-0.193904,-0.5049680000000001,CRI,BRA,841330
2837995,54,32,8813,2003,0.0,102191.0,-0.391515,-0.8562120000000001,CUB,BRA,841330
2837996,59,32,8813,2003,666716.0,10267.0,1.555749,0.8662059999999999,CZE,BRA,841330
2837997,61,32,8813,2003,9310258.0,19209764.0,2.2821919999999998,-2.0985150000000004,DEU,BRA,841330
2837998,64,32,8813,2003,3309.0,43540.0,1.309564,1.245596,DNK,BRA,841330
2837999,65,32,8813,2003,0.0,38690.0,-0.46264399999999994,-0.245034,DOM,BRA,841330
2838000,66,32,8813,2003,0.0,6260.0,-1.060727,-1.142594,DZA,BRA,841330
2838001,67,32,8813,2003,0.0,324070.0,-0.8689370000000001,-0.889767,ECU,BRA,841330
2838002,68,32,8813,2003,0.0,46971.0,-0.292923,0.465433,EGY,BRA,841330
2838003,71,32,8813,2003,417462.0,15877.0,0.960684,2.074792,ESP,BRA,841330
2838004,73,32,8813,2003,0.0,851.0,-1.1145559999999999,-0.9599620000000001,ETH,BRA,841330
2838005,74,32,8813,2003,121229.0,26737.0,2.077889,0.942501,FIN,BRA,841330
2838006,77,32,8813,2003,3124575.0,74085.0,1.606606,0.7394149999999999,FRA,BRA,841330
2838007,81,32,8813,2003,335964.0,3527866.0,1.8712540000000002,0.706205,GBR,BRA,841330
2838008,90,32,8813,2003,2904.0,76485.0,0.364688,1.4823959999999998,GRC,BRA,841330
2838009,93,32,8813,2003,0.0,108361.0,-0.444162,0.145319,GTM,BRA,841330
2838010,96,32,8813,2003,0.0,4104.0,-0.59035,-0.7361340000000001,GUY,BRA,841330
2838011,97,32,8813,2003,0.0,74890.0,0.494569,2.147062,HKG,BRA,841330
2838012,99,32,8813,2003,0.0,16566.0,-0.733546,-0.568585,HND,BRA,841330
2838013,100,32,8813,2003,0.0,7352.0,0.568394,1.230759,HRV,BRA,841330
2838014,102,32,8813,2003,361328.0,8670.0,1.2003270000000001,1.091407,HUN,BRA,841330
2838015,103,32,8813,2003,0.0,2184.0,-0.16802,1.7252990000000001,IDN,BRA,841330
2838016,104,32,8813,2003,36930.0,659556.0,0.33014099999999996,2.836003,IND,BRA,841330
2838017,108,32,8813,2003,0.0,3967.0,-0.398557,-0.774153,IRQ,BRA,841330
2838018,109,32,8813,2003,0.0,871.0,0.21902800000000003,-0.40818499999999996,ISL,BRA,841330
2838019,110,32,8813,2003,0.0,954.0,1.157809,0.682195,ISR,BRA,841330
2838020,111,32,8813,2003,1024620.0,66223.0,1.399734,1.044608,ITA,BRA,841330
2838021,112,32,8813,2003,0.0,7369.0,-0.6684140000000001,-0.915817,JAM,BRA,841330
2838022,113,32,8813,2003,0.0,21398.0,0.12295,0.377031,JOR,BRA,841330
2838023,114,32,8813,2003,3460002.0,8229.0,2.4686630000000003,0.48072600000000004,JPN,BRA,841330
2838024,121,32,8813,2003,42686.0,10690.0,1.2611709999999998,0.956308,KOR,BRA,841330
2838025,122,32,8813,2003,0.0,7639.0,-0.7943640000000001,-1.1529770000000001,KWT,BRA,841330
2838026,124,32,8813,2003,0.0,5320.0,0.261687,1.053856,LBN,BRA,841330
2838027,134,32,8813,2003,0.0,7121.0,-0.6842050000000001,-0.217892,MAR,BRA,841330
2838028,138,32,8813,2003,309304.0,3213208.0,0.862509,0.756684,MEX,BRA,841330
2838029,142,32,8813,2003,0.0,2392.0,1.2138149999999999,-0.015687,MLT,BRA,841330
2838030,147,32,8813,2003,0.0,1487.0,-1.188243,-1.123693,MOZ,BRA,841330
2838031,148,32,8813,2003,0.0,6308.0,-1.069232,-1.184061,MRT,BRA,841330
2838032,151,32,8813,2003,0.0,1141.0,-0.361514,-0.29839899999999997,MUS,BRA,841330
2838033,153,32,8813,2003,0.0,23147.0,0.728804,0.2168,MYS,BRA,841330
2838034,159,32,8813,2003,0.0,158499.0,-1.859176,-1.234236,NGA,BRA,841330
2838035,160,32,8813,2003,0.0,34087.0,-0.8661459999999999,-0.8661690000000001,NIC,BRA,841330
2838036,162,32,8813,2003,9293.0,0.0,1.168453,1.7085709999999998,NLD,BRA,841330
2838037,163,32,8813,2003,143108.0,4469.0,1.1500620000000001,0.258554,NOR,BRA,841330
2838038,166,32,8813,2003,0.0,1954.0,0.589619,0.997301,NZL,BRA,841330
2838039,167,32,8813,2003,0.0,1772.0,-1.434873,-1.188123,OMN,BRA,841330
2838040,168,32,8813,2003,0.0,2362.0,-0.6659689999999999,0.137924,PAK,BRA,841330
2838041,169,32,8813,2003,0.0,8294.0,-0.050386,-0.039619999999999995,PAN,BRA,841330
2838042,173,32,8813,2003,0.0,245324.0,-0.48627,0.371354,PER,BRA,841330
2838043,174,32,8813,2003,10218.0,2458.0,-0.065022,-0.195144,PHL,BRA,841330
2838044,177,32,8813,2003,101922.0,2215.0,0.966622,1.664838,POL,BRA,841330
2838045,178,32,8813,2003,1620.0,13970.0,0.7060420000000001,0.7718,PRK,BRA,841330
2838046,179,32,8813,2003,2649.0,2538.0,0.471376,1.647303,PRT,BRA,841330
2838047,180,32,8813,2003,0.0,332931.0,-0.607733,-0.8577879999999999,PRY,BRA,841330
2838048,183,32,8813,2003,0.0,2428.0,-0.209042,-1.0565799999999999,QAT,BRA,841330
2838049,185,32,8813,2003,0.0,11106.0,0.378379,1.0064620000000002,ROU,BRA,841330
2838050,186,32,8813,2003,12201.0,12361.0,1.072729,0.338355,RUS,BRA,841330
2838051,188,32,8813,2003,0.0,27286.0,0.202286,-0.714691,SAU,BRA,841330
2838052,192,32,8813,2003,0.0,54358.0,1.5080799999999999,0.720337,SGP,BRA,841330
2838053,197,32,8813,2003,0.0,20527.0,-0.251357,-0.189917,SLV,BRA,841330
2838054,205,32,8813,2003,0.0,4889.0,-0.896925,-0.88623,SUR,BRA,841330
2838055,206,32,8813,2003,0.0,872.0,1.22565,0.915518,SVK,BRA,841330
2838056,207,32,8813,2003,0.0,4917.0,1.6459840000000001,1.014191,SVN,BRA,841330
2838057,208,32,8813,2003,1150722.0,43834.0,2.099224,0.799982,SWE,BRA,841330
2838058,212,32,8813,2003,0.0,44239.0,-0.868749,-0.326322,SYR,BRA,841330
2838059,216,32,8813,2003,431126.0,10725.0,0.43010699999999996,1.607408,THA,BRA,841330
2838060,222,32,8813,2003,0.0,9042.0,-0.16738,-0.9820969999999999,TTO,BRA,841330
2838061,223,32,8813,2003,0.0,10695.0,-0.14845999999999998,0.255092,TUN,BRA,841330
2838062,224,32,8813,2003,800984.0,1615227.0,0.192802,1.9855060000000002,TUR,BRA,841330
2838063,227,32,8813,2003,0.0,9529.0,-0.895193,-0.712039,UGA,BRA,841330
2838064,228,32,8813,2003,0.0,1239.0,0.8929389999999999,0.956685,UKR,BRA,841330
2838065,230,32,8813,2003,5524.0,184922.0,0.19792200000000001,0.243104,URY,BRA,841330
2838066,231,32,8813,2003,2830764.0,22572374.0,1.7789220000000001,0.064028,USA,BRA,841330
2838067,236,32,8813,2003,0.0,573014.0,0.277805,-0.783697,VEN,BRA,841330
2838068,243,32,8813,2003,0.0,3428.0,-1.453584,-1.257815,YEM,BRA,841330
2838069,246,32,8813,2003,0.0,2969233.0,0.477987,2.255395,ZAF,BRA,841330
2838070,247,32,8813,2003,0.0,1426.0,-0.678149,-0.5919449999999999,ZMB,BRA,841330
2838071,249,32,8813,2003,7101.0,4317.0,1.5924040000000002,1.397843,TWN,BRA,841330
2838072,25,33,8813,2003,0.0,2441.0,0.614422,-0.40984,BHS,BRB,841330
2838073,32,33,8813,2003,7741.0,0.0,0.660576,1.118876,BRA,BRB,841330
2838074,39,33,8813,2003,2478.0,0.0,0.9791540000000001,1.185081,CAN,BRB,841330
2838075,59,33,8813,2003,3372.0,0.0,1.555749,0.8662059999999999,CZE,BRB,841330
2838076,61,33,8813,2003,3323.0,0.0,2.2821919999999998,-2.0985150000000004,DEU,BRB,841330
2838077,64,33,8813,2003,3452.0,0.0,1.309564,1.245596,DNK,BRB,841330
2838078,77,33,8813,2003,3239.0,0.0,1.606606,0.7394149999999999,FRA,BRB,841330
2838079,81,33,8813,2003,69058.0,0.0,1.8712540000000002,0.706205,GBR,BRB,841330
2838080,93,33,8813,2003,907.0,0.0,-0.444162,0.145319,GTM,BRB,841330
2838081,111,33,8813,2003,3023.0,0.0,1.399734,1.044608,ITA,BRB,841330
2838082,114,33,8813,2003,51941.0,0.0,2.4686630000000003,0.48072600000000004,JPN,BRB,841330
2838083,121,33,8813,2003,21427.0,0.0,1.2611709999999998,0.956308,KOR,BRB,841330
2838084,138,33,8813,2003,1774.0,0.0,0.862509,0.756684,MEX,BRB,841330
2838085,162,33,8813,2003,759.0,0.0,1.168453,1.7085709999999998,NLD,BRB,841330
2838086,169,33,8813,2003,157.0,0.0,-0.050386,-0.039619999999999995,PAN,BRB,841330
2838087,222,33,8813,2003,1347.0,0.0,-0.16738,-0.9820969999999999,TTO,BRB,841330
2838088,231,33,8813,2003,32199.0,14719.0,1.7789220000000001,0.064028,USA,BRB,841330
2838089,237,33,8813,2003,0.0,1764.0,0.685109,-0.20824299999999998,VGB,BRB,841330
2838090,7,39,8813,2003,0.0,4135.0,0.049637,-0.502691,ARE,CAN,841330
2838091,8,39,8813,2003,3613.0,6228.0,0.302073,0.49069700000000005,ARG,CAN,841330
2838092,14,39,8813,2003,14312.0,233386.0,0.316879,0.9409489999999999,AUS,CAN,841330
2838093,15,39,8813,2003,204746.0,32760.0,1.834977,0.408096,AUT,CAN,841330
2838094,16,39,8813,2003,0.0,8439.0,-0.304606,-0.975453,AZE,CAN,841330
2838095,18,39,8813,2003,26715.0,51513.0,1.361682,1.39536,BEL,CAN,841330
2838096,28,39,8813,2003,999.0,1104.0,0.847358,0.9307719999999999,BLR,CAN,841330
2838097,29,39,8813,2003,0.0,1173.0,-0.543555,-0.7596,BLZ,CAN,841330
2838098,31,39,8813,2003,0.0,5100.0,-0.787995,-0.7228899999999999,BOL,CAN,841330
2838099,32,39,8813,2003,8521.0,4913.0,0.660576,1.118876,BRA,CAN,841330
2838100,33,39,8813,2003,0.0,2478.0,0.744166,0.074191,BRB,CAN,841330
2838101,37,39,8813,2003,0.0,1524.0,-0.517317,-1.1125770000000001,BWA,CAN,841330
2838102,41,39,8813,2003,36188.0,17421.0,2.151037,0.711217,CHE,CAN,841330
2838103,42,39,8813,2003,0.0,34145.0,-0.06375900000000001,-0.156808,CHL,CAN,841330
2838104,43,39,8813,2003,1485342.0,576764.0,0.579431,2.773139,CHN,CAN,841330
2838105,45,39,8813,2003,0.0,18880.0,-1.254788,-1.10897,CMR,CAN,841330
2838106,49,39,8813,2003,0.0,49120.0,0.218336,0.376869,COL,CAN,841330
2838107,52,39,8813,2003,0.0,27028.0,-0.193904,-0.5049680000000001,CRI,CAN,841330
2838108,54,39,8813,2003,1979.0,195290.0,-0.391515,-0.8562120000000001,CUB,CAN,841330
2838109,58,39,8813,2003,0.0,1851.0,0.259992,0.068914,CYP,CAN,841330
2838110,59,39,8813,2003,168042.0,9215.0,1.555749,0.8662059999999999,CZE,CAN,841330
2838111,61,39,8813,2003,1883026.0,35854.0,2.2821919999999998,-2.0985150000000004,DEU,CAN,841330
2838112,63,39,8813,2003,0.0,910.0,0.11903299999999999,-0.21768200000000001,DMA,CAN,841330
2838113,64,39,8813,2003,25949.0,3289.0,1.309564,1.245596,DNK,CAN,841330
2838114,65,39,8813,2003,0.0,12129.0,-0.46264399999999994,-0.245034,DOM,CAN,841330
2838115,66,39,8813,2003,0.0,54274.0,-1.060727,-1.142594,DZA,CAN,841330
2838116,67,39,8813,2003,5493.0,16161.0,-0.8689370000000001,-0.889767,ECU,CAN,841330
2838117,68,39,8813,2003,0.0,3390.0,-0.292923,0.465433,EGY,CAN,841330
2838118,71,39,8813,2003,9130.0,86270.0,0.960684,2.074792,ESP,CAN,841330
2838119,74,39,8813,2003,35849.0,149759.0,2.077889,0.942501,FIN,CAN,841330
2838120,77,39,8813,2003,176608.0,24322.0,1.606606,0.7394149999999999,FRA,CAN,841330
2838121,80,39,8813,2003,0.0,504.0,-0.92745,-1.138466,GAB,CAN,841330
2838122,81,39,8813,2003,91533.0,86747.0,1.8712540000000002,0.706205,GBR,CAN,841330
2838123,83,39,8813,2003,0.0,7736.0,-1.074188,-0.7127319999999999,GHA,CAN,841330
2838124,85,39,8813,2003,0.0,4081.0,-2.14752,-1.250048,GIN,CAN,841330
2838125,93,39,8813,2003,0.0,5644.0,-0.444162,0.145319,GTM,CAN,841330
2838126,96,39,8813,2003,1212.0,2594.0,-0.59035,-0.7361340000000001,GUY,CAN,841330
2838127,97,39,8813,2003,0.0,5839.0,0.494569,2.147062,HKG,CAN,841330
2838128,99,39,8813,2003,0.0,1007.0,-0.733546,-0.568585,HND,CAN,841330
2838129,102,39,8813,2003,214890.0,19969.0,1.2003270000000001,1.091407,HUN,CAN,841330
2838130,103,39,8813,2003,1477.0,23495.0,-0.16802,1.7252990000000001,IDN,CAN,841330
2838131,104,39,8813,2003,92739.0,25601.0,0.33014099999999996,2.836003,IND,CAN,841330
2838132,106,39,8813,2003,33577.0,121994.0,1.6396130000000002,0.220599,IRL,CAN,841330
2838133,109,39,8813,2003,3607.0,2380.0,0.21902800000000003,-0.40818499999999996,ISL,CAN,841330
2838134,110,39,8813,2003,42126.0,3493.0,1.157809,0.682195,ISR,CAN,841330
2838135,111,39,8813,2003,60370.0,54465.0,1.399734,1.044608,ITA,CAN,841330
2838136,112,39,8813,2003,7953.0,4231.0,-0.6684140000000001,-0.915817,JAM,CAN,841330
2838137,113,39,8813,2003,803.0,0.0,0.12295,0.377031,JOR,CAN,841330
2838138,114,39,8813,2003,4579772.0,256625.0,2.4686630000000003,0.48072600000000004,JPN,CAN,841330
2838139,115,39,8813,2003,0.0,1295.0,-0.156326,-0.62092,KAZ,CAN,841330
2838140,116,39,8813,2003,0.0,2086.0,-0.3531,0.582992,KEN,CAN,841330
2838141,120,39,8813,2003,0.0,3925.0,0.555154,-0.405962,KNA,CAN,841330
2838142,121,39,8813,2003,59442.0,30535.0,1.2611709999999998,0.956308,KOR,CAN,841330
2838143,122,39,8813,2003,0.0,9730.0,-0.7943640000000001,-1.1529770000000001,KWT,CAN,841330
2838144,124,39,8813,2003,0.0,9288.0,0.261687,1.053856,LBN,CAN,841330
2838145,134,39,8813,2003,0.0,20828.0,-0.6842050000000001,-0.217892,MAR,CAN,841330
2838146,137,39,8813,2003,11251.0,0.0,-1.201352,-1.031892,MDV,CAN,841330
2838147,138,39,8813,2003,25332038.0,330198.0,0.862509,0.756684,MEX,CAN,841330
2838148,153,39,8813,2003,5271.0,11755.0,0.728804,0.2168,MYS,CAN,841330
2838149,156,39,8813,2003,0.0,957.0,-0.344934,-0.776632,NCL,CAN,841330
2838150,157,39,8813,2003,0.0,6419.0,-0.199296,-0.578264,NER,CAN,841330
2838151,159,39,8813,2003,0.0,4787.0,-1.859176,-1.234236,NGA,CAN,841330
2838152,162,39,8813,2003,21603.0,254596.0,1.168453,1.7085709999999998,NLD,CAN,841330
2838153,163,39,8813,2003,36357.0,4078.0,1.1500620000000001,0.258554,NOR,CAN,841330
2838154,166,39,8813,2003,11989.0,9481.0,0.589619,0.997301,NZL,CAN,841330
2838155,167,39,8813,2003,0.0,4699.0,-1.434873,-1.188123,OMN,CAN,841330
2838156,169,39,8813,2003,0.0,4335.0,-0.050386,-0.039619999999999995,PAN,CAN,841330
2838157,173,39,8813,2003,0.0,30260.0,-0.48627,0.371354,PER,CAN,841330
2838158,174,39,8813,2003,0.0,1366.0,-0.065022,-0.195144,PHL,CAN,841330
2838159,176,39,8813,2003,0.0,1751.0,-1.7997330000000002,-1.2110049999999999,PNG,CAN,841330
2838160,177,39,8813,2003,56705.0,6292.0,0.966622,1.664838,POL,CAN,841330
2838161,179,39,8813,2003,6595.0,12225.0,0.471376,1.647303,PRT,CAN,841330
2838162,182,39,8813,2003,0.0,2597.0,-0.255707,-0.676557,PYF,CAN,841330
2838163,185,39,8813,2003,0.0,148713.0,0.378379,1.0064620000000002,ROU,CAN,841330
2838164,186,39,8813,2003,4017.0,21202.0,1.072729,0.338355,RUS,CAN,841330
2838165,188,39,8813,2003,0.0,65805.0,0.202286,-0.714691,SAU,CAN,841330
2838166,190,39,8813,2003,0.0,1248.0,-1.3535059999999999,-1.1701409999999999,SDN,CAN,841330
2838167,192,39,8813,2003,4119.0,1906.0,1.5080799999999999,0.720337,SGP,CAN,841330
2838168,197,39,8813,2003,0.0,1847.0,-0.251357,-0.189917,SLV,CAN,841330
2838169,200,39,8813,2003,0.0,1095.0,0.677331,-0.645223,SPM,CAN,841330
2838170,206,39,8813,2003,0.0,915.0,1.22565,0.915518,SVK,CAN,841330
2838171,207,39,8813,2003,0.0,1048.0,1.6459840000000001,1.014191,SVN,CAN,841330
2838172,208,39,8813,2003,146531.0,24262.0,2.099224,0.799982,SWE,CAN,841330
2838173,216,39,8813,2003,0.0,74337.0,0.43010699999999996,1.607408,THA,CAN,841330
2838174,222,39,8813,2003,19390.0,2137.0,-0.16738,-0.9820969999999999,TTO,CAN,841330
2838175,223,39,8813,2003,0.0,29887.0,-0.14845999999999998,0.255092,TUN,CAN,841330
2838176,224,39,8813,2003,33621.0,35062.0,0.192802,1.9855060000000002,TUR,CAN,841330
2838177,226,39,8813,2003,0.0,2780.0,-1.225217,-0.43662399999999996,TZA,CAN,841330
2838178,228,39,8813,2003,0.0,1292.0,0.8929389999999999,0.956685,UKR,CAN,841330
2838179,231,39,8813,2003,234972288.0,170772496.0,1.7789220000000001,0.064028,USA,CAN,841330
2838180,236,39,8813,2003,0.0,219664.0,0.277805,-0.783697,VEN,CAN,841330
2838181,246,39,8813,2003,14980.0,54809.0,0.477987,2.255395,ZAF,CAN,841330
2838182,249,39,8813,2003,109689.0,2371.0,1.5924040000000002,1.397843,TWN,CAN,841330
2838183,7,41,8813,2003,0.0,13409.0,0.049637,-0.502691,ARE,CHE,841330
2838184,14,41,8813,2003,0.0,13978.0,0.316879,0.9409489999999999,AUS,CHE,841330
2838185,15,41,8813,2003,1113714.0,133145.0,1.834977,0.408096,AUT,CHE,841330
2838186,18,41,8813,2003,330696.0,28029.0,1.361682,1.39536,BEL,CHE,841330
2838187,23,41,8813,2003,0.0,2872.0,0.43308599999999997,1.7104099999999998,BGR,CHE,841330
2838188,25,41,8813,2003,0.0,1799.0,0.614422,-0.40984,BHS,CHE,841330
2838189,31,41,8813,2003,0.0,846.0,-0.787995,-0.7228899999999999,BOL,CHE,841330
2838190,32,41,8813,2003,1380.0,85261.0,0.660576,1.118876,BRA,CHE,841330
2838191,34,41,8813,2003,0.0,4935.0,-1.342738,-0.978633,BRN,CHE,841330
2838192,37,41,8813,2003,0.0,11533.0,-0.517317,-1.1125770000000001,BWA,CHE,841330
2838193,39,41,8813,2003,17421.0,36188.0,0.9791540000000001,1.185081,CAN,CHE,841330
2838194,42,41,8813,2003,0.0,5304.0,-0.06375900000000001,-0.156808,CHL,CHE,841330
2838195,43,41,8813,2003,3563.0,86967.0,0.579431,2.773139,CHN,CHE,841330
2838196,49,41,8813,2003,0.0,10012.0,0.218336,0.376869,COL,CHE,841330
2838197,52,41,8813,2003,0.0,1120.0,-0.193904,-0.5049680000000001,CRI,CHE,841330
2838198,58,41,8813,2003,0.0,4283.0,0.259992,0.068914,CYP,CHE,841330
2838199,59,41,8813,2003,21601.0,7417.0,1.555749,0.8662059999999999,CZE,CHE,841330
2838200,61,41,8813,2003,12922250.0,2875962.0,2.2821919999999998,-2.0985150000000004,DEU,CHE,841330
2838201,64,41,8813,2003,22216.0,14048.0,1.309564,1.245596,DNK,CHE,841330
2838202,65,41,8813,2003,0.0,2530.0,-0.46264399999999994,-0.245034,DOM,CHE,841330
2838203,66,41,8813,2003,0.0,6960.0,-1.060727,-1.142594,DZA,CHE,841330
2838204,68,41,8813,2003,0.0,2000.0,-0.292923,0.465433,EGY,CHE,841330
2838205,71,41,8813,2003,78954.0,93938.0,0.960684,2.074792,ESP,CHE,841330
2838206,73,41,8813,2003,0.0,646.0,-1.1145559999999999,-0.9599620000000001,ETH,CHE,841330
2838207,74,41,8813,2003,1674.0,17502.0,2.077889,0.942501,FIN,CHE,841330
2838208,77,41,8813,2003,348779.0,660634.0,1.606606,0.7394149999999999,FRA,CHE,841330
2838209,81,41,8813,2003,224852.0,207983.0,1.8712540000000002,0.706205,GBR,CHE,841330
2838210,90,41,8813,2003,15495.0,2147.0,0.364688,1.4823959999999998,GRC,CHE,841330
2838211,91,41,8813,2003,0.0,666.0,0.3936,-0.258355,GRD,CHE,841330
2838212,93,41,8813,2003,0.0,1616.0,-0.444162,0.145319,GTM,CHE,841330
2838213,100,41,8813,2003,1373.0,17296.0,0.568394,1.230759,HRV,CHE,841330
2838214,102,41,8813,2003,11126.0,27691.0,1.2003270000000001,1.091407,HUN,CHE,841330
2838215,103,41,8813,2003,0.0,4567.0,-0.16802,1.7252990000000001,IDN,CHE,841330
2838216,104,41,8813,2003,5744.0,24493.0,0.33014099999999996,2.836003,IND,CHE,841330
2838217,106,41,8813,2003,95507.0,37627.0,1.6396130000000002,0.220599,IRL,CHE,841330
2838218,109,41,8813,2003,0.0,1168.0,0.21902800000000003,-0.40818499999999996,ISL,CHE,841330
2838219,111,41,8813,2003,2142376.0,1789575.0,1.399734,1.044608,ITA,CHE,841330
2838220,112,41,8813,2003,0.0,10953.0,-0.6684140000000001,-0.915817,JAM,CHE,841330
2838221,114,41,8813,2003,235010.0,405466.0,2.4686630000000003,0.48072600000000004,JPN,CHE,841330
2838222,116,41,8813,2003,0.0,2961.0,-0.3531,0.582992,KEN,CHE,841330
2838223,121,41,8813,2003,41316.0,4001.0,1.2611709999999998,0.956308,KOR,CHE,841330
2838224,122,41,8813,2003,0.0,6931.0,-0.7943640000000001,-1.1529770000000001,KWT,CHE,841330
2838225,124,41,8813,2003,0.0,800.0,0.261687,1.053856,LBN,CHE,841330
2838226,126,41,8813,2003,0.0,8202.0,-0.36075999999999997,-1.110575,LBY,CHE,841330
2838227,128,41,8813,2003,0.0,1569.0,-0.618057,0.101931,LKA,CHE,841330
2838228,130,41,8813,2003,0.0,879.0,0.239608,0.517299,LTU,CHE,841330
2838229,131,41,8813,2003,0.0,8500.0,1.444996,1.063764,LUX,CHE,841330
2838230,133,41,8813,2003,0.0,8555.0,-0.294516,-0.413828,MAC,CHE,841330
2838231,134,41,8813,2003,0.0,1319.0,-0.6842050000000001,-0.217892,MAR,CHE,841330
2838232,138,41,8813,2003,8130.0,38200.0,0.862509,0.756684,MEX,CHE,841330
2838233,140,41,8813,2003,0.0,2791.0,-0.017632,0.225394,MKD,CHE,841330
2838234,151,41,8813,2003,0.0,11892.0,-0.361514,-0.29839899999999997,MUS,CHE,841330
2838235,153,41,8813,2003,0.0,6662.0,0.728804,0.2168,MYS,CHE,841330
2838236,156,41,8813,2003,0.0,395.0,-0.344934,-0.776632,NCL,CHE,841330
2838237,162,41,8813,2003,225684.0,27351.0,1.168453,1.7085709999999998,NLD,CHE,841330
2838238,163,41,8813,2003,0.0,32856.0,1.1500620000000001,0.258554,NOR,CHE,841330
2838239,166,41,8813,2003,1404.0,4456.0,0.589619,0.997301,NZL,CHE,841330
2838240,167,41,8813,2003,0.0,7766.0,-1.434873,-1.188123,OMN,CHE,841330
2838241,173,41,8813,2003,0.0,10077.0,-0.48627,0.371354,PER,CHE,841330
2838242,177,41,8813,2003,64067.0,114152.0,0.966622,1.664838,POL,CHE,841330
2838243,179,41,8813,2003,2686.0,3061.0,0.471376,1.647303,PRT,CHE,841330
2838244,182,41,8813,2003,0.0,3217.0,-0.255707,-0.676557,PYF,CHE,841330
2838245,185,41,8813,2003,12338.0,0.0,0.378379,1.0064620000000002,ROU,CHE,841330
2838246,186,41,8813,2003,0.0,9730.0,1.072729,0.338355,RUS,CHE,841330
2838247,188,41,8813,2003,42749.0,39041.0,0.202286,-0.714691,SAU,CHE,841330
2838248,192,41,8813,2003,11106.0,5662.0,1.5080799999999999,0.720337,SGP,CHE,841330
2838249,197,41,8813,2003,0.0,7486.0,-0.251357,-0.189917,SLV,CHE,841330
2838250,206,41,8813,2003,1376.0,1794.0,1.22565,0.915518,SVK,CHE,841330
2838251,207,41,8813,2003,0.0,16701.0,1.6459840000000001,1.014191,SVN,CHE,841330
2838252,208,41,8813,2003,135740.0,36391.0,2.099224,0.799982,SWE,CHE,841330
2838253,211,41,8813,2003,0.0,11895.0,-0.44341099999999994,-0.742566,SYC,CHE,841330
2838254,216,41,8813,2003,0.0,55183.0,0.43010699999999996,1.607408,THA,CHE,841330
2838255,223,41,8813,2003,0.0,1236.0,-0.14845999999999998,0.255092,TUN,CHE,841330
2838256,224,41,8813,2003,0.0,5528.0,0.192802,1.9855060000000002,TUR,CHE,841330
2838257,227,41,8813,2003,0.0,863.0,-0.895193,-0.712039,UGA,CHE,841330
2838258,228,41,8813,2003,0.0,7554.0,0.8929389999999999,0.956685,UKR,CHE,841330
2838259,231,41,8813,2003,5857782.0,1374890.0,1.7789220000000001,0.064028,USA,CHE,841330
2838260,236,41,8813,2003,0.0,12064.0,0.277805,-0.783697,VEN,CHE,841330
2838261,246,41,8813,2003,0.0,15801.0,0.477987,2.255395,ZAF,CHE,841330
2838262,249,41,8813,2003,908.0,3104.0,1.5924040000000002,1.397843,TWN,CHE,841330
2838263,8,42,8813,2003,301255.0,7438.0,0.302073,0.49069700000000005,ARG,CHL,841330
2838264,14,42,8813,2003,0.0,1461.0,0.316879,0.9409489999999999,AUS,CHL,841330
2838265,18,42,8813,2003,30865.0,0.0,1.361682,1.39536,BEL,CHL,841330
2838266,31,42,8813,2003,0.0,18924.0,-0.787995,-0.7228899999999999,BOL,CHL,841330
2838267,32,42,8813,2003,1145294.0,1155.0,0.660576,1.118876,BRA,CHL,841330
2838268,39,42,8813,2003,34145.0,0.0,0.9791540000000001,1.185081,CAN,CHL,841330
2838269,41,42,8813,2003,5304.0,0.0,2.151037,0.711217,CHE,CHL,841330
2838270,43,42,8813,2003,261671.0,0.0,0.579431,2.773139,CHN,CHL,841330
2838271,49,42,8813,2003,5628.0,14301.0,0.218336,0.376869,COL,CHL,841330
2838272,59,42,8813,2003,6233.0,0.0,1.555749,0.8662059999999999,CZE,CHL,841330
2838273,61,42,8813,2003,337106.0,0.0,2.2821919999999998,-2.0985150000000004,DEU,CHL,841330
2838274,64,42,8813,2003,3780.0,0.0,1.309564,1.245596,DNK,CHL,841330
2838275,71,42,8813,2003,583456.0,1149.0,0.960684,2.074792,ESP,CHL,841330
2838276,74,42,8813,2003,2759.0,0.0,2.077889,0.942501,FIN,CHL,841330
2838277,77,42,8813,2003,32689.0,6021.0,1.606606,0.7394149999999999,FRA,CHL,841330
2838278,81,42,8813,2003,18489.0,1079.0,1.8712540000000002,0.706205,GBR,CHL,841330
2838279,97,42,8813,2003,2284.0,0.0,0.494569,2.147062,HKG,CHL,841330
2838280,102,42,8813,2003,1221.0,0.0,1.2003270000000001,1.091407,HUN,CHL,841330
2838281,104,42,8813,2003,4658.0,0.0,0.33014099999999996,2.836003,IND,CHL,841330
2838282,111,42,8813,2003,81004.0,0.0,1.399734,1.044608,ITA,CHL,841330
2838283,114,42,8813,2003,1431523.0,2553.0,2.4686630000000003,0.48072600000000004,JPN,CHL,841330
2838284,121,42,8813,2003,793314.0,1876.0,1.2611709999999998,0.956308,KOR,CHL,841330
2838285,132,42,8813,2003,0.0,4583.0,0.520772,0.5631689999999999,LVA,CHL,841330
2838286,138,42,8813,2003,74632.0,9617.0,0.862509,0.756684,MEX,CHL,841330
2838287,162,42,8813,2003,326178.0,0.0,1.168453,1.7085709999999998,NLD,CHL,841330
2838288,163,42,8813,2003,4319.0,0.0,1.1500620000000001,0.258554,NOR,CHL,841330
2838289,173,42,8813,2003,2623.0,25010.0,-0.48627,0.371354,PER,CHL,841330
2838290,177,42,8813,2003,9188.0,0.0,0.966622,1.664838,POL,CHL,841330
2838291,180,42,8813,2003,0.0,8360.0,-0.607733,-0.8577879999999999,PRY,CHL,841330
2838292,185,42,8813,2003,2085.0,0.0,0.378379,1.0064620000000002,ROU,CHL,841330
2838293,186,42,8813,2003,8790.0,0.0,1.072729,0.338355,RUS,CHL,841330
2838294,207,42,8813,2003,916.0,0.0,1.6459840000000001,1.014191,SVN,CHL,841330
2838295,208,42,8813,2003,15433.0,12218.0,2.099224,0.799982,SWE,CHL,841330
2838296,224,42,8813,2003,24379.0,0.0,0.192802,1.9855060000000002,TUR,CHL,841330
2838297,231,42,8813,2003,3648816.0,1197116.0,1.7789220000000001,0.064028,USA,CHL,841330
2838298,236,42,8813,2003,0.0,5690.0,0.277805,-0.783697,VEN,CHL,841330
2838299,246,42,8813,2003,6417.0,0.0,0.477987,2.255395,ZAF,CHL,841330
2838300,249,42,8813,2003,114773.0,0.0,1.5924040000000002,1.397843,TWN,CHL,841330
2838301,250,42,8813,2003,146165.0,0.0,0.45951499999999995,-0.2312,ANS,CHL,841330
2838302,4,43,8813,2003,0.0,1597.0,-0.053595000000000004,0.166034,ALB,CHN,841330
2838303,7,43,8813,2003,0.0,1694412.0,0.049637,-0.502691,ARE,CHN,841330
2838304,8,43,8813,2003,0.0,10800.0,0.302073,0.49069700000000005,ARG,CHN,841330
2838305,14,43,8813,2003,27043.0,386113.0,0.316879,0.9409489999999999,AUS,CHN,841330
2838306,15,43,8813,2003,612408.0,11576.0,1.834977,0.408096,AUT,CHN,841330
2838307,18,43,8813,2003,179577.0,71672.0,1.361682,1.39536,BEL,CHN,841330
2838308,19,43,8813,2003,0.0,18156.0,-1.150888,-0.956203,BEN,CHN,841330
2838309,22,43,8813,2003,0.0,44022.0,-1.168404,-1.035782,BGD,CHN,841330
2838310,23,43,8813,2003,0.0,17184.0,0.43308599999999997,1.7104099999999998,BGR,CHN,841330
2838311,24,43,8813,2003,0.0,5677.0,-0.10968800000000001,-1.041032,BHR,CHN,841330
2838312,26,43,8813,2003,23742.0,709.0,0.195667,0.347011,BIH,CHN,841330
2838313,28,43,8813,2003,16213.0,1406.0,0.847358,0.9307719999999999,BLR,CHN,841330
2838314,29,43,8813,2003,0.0,2502.0,-0.543555,-0.7596,BLZ,CHN,841330
2838315,31,43,8813,2003,0.0,2948.0,-0.787995,-0.7228899999999999,BOL,CHN,841330
2838316,32,43,8813,2003,21849616.0,341120.0,0.660576,1.118876,BRA,CHN,841330
2838317,37,43,8813,2003,0.0,18465.0,-0.517317,-1.1125770000000001,BWA,CHN,841330
2838318,38,43,8813,2003,0.0,46904.0,-1.342769,-0.905425,CAF,CHN,841330
2838319,39,43,8813,2003,576764.0,1485342.0,0.9791540000000001,1.185081,CAN,CHN,841330
2838320,41,43,8813,2003,86967.0,3563.0,2.151037,0.711217,CHE,CHN,841330
2838321,42,43,8813,2003,0.0,261671.0,-0.06375900000000001,-0.156808,CHL,CHN,841330
2838322,44,43,8813,2003,0.0,4226.0,-0.699928,-0.723739,CIV,CHN,841330
2838323,45,43,8813,2003,0.0,23501.0,-1.254788,-1.10897,CMR,CHN,841330
2838324,47,43,8813,2003,0.0,4104.0,-1.6789619999999998,-1.182557,COG,CHN,841330
2838325,49,43,8813,2003,0.0,159671.0,0.218336,0.376869,COL,CHN,841330
2838326,52,43,8813,2003,0.0,5124.0,-0.193904,-0.5049680000000001,CRI,CHN,841330
2838327,54,43,8813,2003,0.0,6385.0,-0.391515,-0.8562120000000001,CUB,CHN,841330
2838328,58,43,8813,2003,0.0,2741.0,0.259992,0.068914,CYP,CHN,841330
2838329,59,43,8813,2003,41637.0,24724.0,1.555749,0.8662059999999999,CZE,CHN,841330
2838330,61,43,8813,2003,45852680.0,228798.0,2.2821919999999998,-2.0985150000000004,DEU,CHN,841330
2838331,64,43,8813,2003,273432.0,48639.0,1.309564,1.245596,DNK,CHN,841330
2838332,65,43,8813,2003,0.0,33118.0,-0.46264399999999994,-0.245034,DOM,CHN,841330
2838333,66,43,8813,2003,0.0,193684.0,-1.060727,-1.142594,DZA,CHN,841330
2838334,67,43,8813,2003,0.0,9898.0,-0.8689370000000001,-0.889767,ECU,CHN,841330
2838335,68,43,8813,2003,0.0,21833.0,-0.292923,0.465433,EGY,CHN,841330
2838336,71,43,8813,2003,49141.0,19490.0,0.960684,2.074792,ESP,CHN,841330
2838337,72,43,8813,2003,0.0,2300.0,0.5913010000000001,0.8489979999999999,EST,CHN,841330
2838338,73,43,8813,2003,0.0,2354.0,-1.1145559999999999,-0.9599620000000001,ETH,CHN,841330
2838339,74,43,8813,2003,32462.0,60687.0,2.077889,0.942501,FIN,CHN,841330
2838340,75,43,8813,2003,0.0,3471.0,-0.6865640000000001,-0.326977,FJI,CHN,841330
2838341,77,43,8813,2003,6633512.0,76144.0,1.606606,0.7394149999999999,FRA,CHN,841330
2838342,81,43,8813,2003,252970.0,248640.0,1.8712540000000002,0.706205,GBR,CHN,841330
2838343,83,43,8813,2003,0.0,4817.0,-1.074188,-0.7127319999999999,GHA,CHN,841330
2838344,90,43,8813,2003,0.0,16293.0,0.364688,1.4823959999999998,GRC,CHN,841330
2838345,93,43,8813,2003,0.0,9812.0,-0.444162,0.145319,GTM,CHN,841330
2838346,96,43,8813,2003,0.0,8880.0,-0.59035,-0.7361340000000001,GUY,CHN,841330
2838347,97,43,8813,2003,239652.0,341805.0,0.494569,2.147062,HKG,CHN,841330
2838348,99,43,8813,2003,0.0,3538.0,-0.733546,-0.568585,HND,CHN,841330
2838349,100,43,8813,2003,0.0,3777.0,0.568394,1.230759,HRV,CHN,841330
2838350,102,43,8813,2003,205664.0,82675.0,1.2003270000000001,1.091407,HUN,CHN,841330
2838351,103,43,8813,2003,0.0,529010.0,-0.16802,1.7252990000000001,IDN,CHN,841330
2838352,104,43,8813,2003,534928.0,67850.0,0.33014099999999996,2.836003,IND,CHN,841330
2838353,106,43,8813,2003,5062.0,5517.0,1.6396130000000002,0.220599,IRL,CHN,841330
2838354,107,43,8813,2003,0.0,38749.0,-0.552146,-0.8668520000000001,IRN,CHN,841330
2838355,109,43,8813,2003,0.0,1116.0,0.21902800000000003,-0.40818499999999996,ISL,CHN,841330
2838356,110,43,8813,2003,0.0,146862.0,1.157809,0.682195,ISR,CHN,841330
2838357,111,43,8813,2003,1457605.0,535940.0,1.399734,1.044608,ITA,CHN,841330
2838358,112,43,8813,2003,0.0,1875.0,-0.6684140000000001,-0.915817,JAM,CHN,841330
2838359,113,43,8813,2003,0.0,28950.0,0.12295,0.377031,JOR,CHN,841330
2838360,114,43,8813,2003,36349632.0,1021062.0,2.4686630000000003,0.48072600000000004,JPN,CHN,841330
2838361,115,43,8813,2003,0.0,1699.0,-0.156326,-0.62092,KAZ,CHN,841330
2838362,116,43,8813,2003,0.0,11508.0,-0.3531,0.582992,KEN,CHN,841330
2838363,118,43,8813,2003,0.0,3540.0,-1.0165620000000002,-1.060454,KHM,CHN,841330
2838364,121,43,8813,2003,4463439.0,344147.0,1.2611709999999998,0.956308,KOR,CHN,841330
2838365,122,43,8813,2003,0.0,319059.0,-0.7943640000000001,-1.1529770000000001,KWT,CHN,841330
2838366,124,43,8813,2003,0.0,28289.0,0.261687,1.053856,LBN,CHN,841330
2838367,126,43,8813,2003,0.0,8759.0,-0.36075999999999997,-1.110575,LBY,CHN,841330
2838368,128,43,8813,2003,0.0,32903.0,-0.618057,0.101931,LKA,CHN,841330
2838369,130,43,8813,2003,1373.0,17610.0,0.239608,0.517299,LTU,CHN,841330
2838370,132,43,8813,2003,0.0,9956.0,0.520772,0.5631689999999999,LVA,CHN,841330
2838371,134,43,8813,2003,0.0,6903.0,-0.6842050000000001,-0.217892,MAR,CHN,841330
2838372,135,43,8813,2003,0.0,1990.0,-0.005154,-0.26107199999999997,MDA,CHN,841330
2838373,136,43,8813,2003,0.0,11116.0,-1.254758,-0.622696,MDG,CHN,841330
2838374,138,43,8813,2003,4283824.0,479124.0,0.862509,0.756684,MEX,CHN,841330
2838375,141,43,8813,2003,0.0,3588.0,-0.786411,-0.879049,MLI,CHN,841330
2838376,142,43,8813,2003,0.0,1945.0,1.2138149999999999,-0.015687,MLT,CHN,841330
2838377,143,43,8813,2003,0.0,166715.0,-1.435123,-1.0948,MMR,CHN,841330
2838378,145,43,8813,2003,0.0,1573.0,-0.9747620000000001,-1.026308,MNG,CHN,841330
2838379,147,43,8813,2003,0.0,3572.0,-1.188243,-1.123693,MOZ,CHN,841330
2838380,152,43,8813,2003,0.0,1598.0,-1.48079,-1.235645,MWI,CHN,841330
2838381,153,43,8813,2003,7025.0,431294.0,0.728804,0.2168,MYS,CHN,841330
2838382,159,43,8813,2003,0.0,951512.0,-1.859176,-1.234236,NGA,CHN,841330
2838383,160,43,8813,2003,0.0,18251.0,-0.8661459999999999,-0.8661690000000001,NIC,CHN,841330
2838384,162,43,8813,2003,17399.0,22247.0,1.168453,1.7085709999999998,NLD,CHN,841330
2838385,163,43,8813,2003,1241685.0,7432.0,1.1500620000000001,0.258554,NOR,CHN,841330
2838386,164,43,8813,2003,0.0,969.0,-0.26353899999999997,1.351717,NPL,CHN,841330
2838387,166,43,8813,2003,0.0,39555.0,0.589619,0.997301,NZL,CHN,841330
2838388,168,43,8813,2003,0.0,151117.0,-0.6659689999999999,0.137924,PAK,CHN,841330
2838389,169,43,8813,2003,0.0,109499.0,-0.050386,-0.039619999999999995,PAN,CHN,841330
2838390,173,43,8813,2003,0.0,42515.0,-0.48627,0.371354,PER,CHN,841330
2838391,174,43,8813,2003,2286.0,300342.0,-0.065022,-0.195144,PHL,CHN,841330
2838392,177,43,8813,2003,0.0,141832.0,0.966622,1.664838,POL,CHN,841330
2838393,178,43,8813,2003,0.0,25929.0,0.7060420000000001,0.7718,PRK,CHN,841330
2838394,179,43,8813,2003,0.0,1247.0,0.471376,1.647303,PRT,CHN,841330
2838395,180,43,8813,2003,0.0,6302.0,-0.607733,-0.8577879999999999,PRY,CHN,841330
2838396,185,43,8813,2003,0.0,4939.0,0.378379,1.0064620000000002,ROU,CHN,841330
2838397,186,43,8813,2003,104940.0,8238.0,1.072729,0.338355,RUS,CHN,841330
2838398,187,43,8813,2003,0.0,2492.0,-0.99513,-0.852476,RWA,CHN,841330
2838399,188,43,8813,2003,0.0,95650.0,0.202286,-0.714691,SAU,CHN,841330
2838400,190,43,8813,2003,0.0,39637.0,-1.3535059999999999,-1.1701409999999999,SDN,CHN,841330
2838401,191,43,8813,2003,0.0,1582.0,-0.25203600000000004,-0.25549299999999997,SEN,CHN,841330
2838402,192,43,8813,2003,953591.0,306344.0,1.5080799999999999,0.720337,SGP,CHN,841330
2838403,196,43,8813,2003,0.0,2607.0,0.129923,-0.19926300000000002,SLE,CHN,841330
2838404,197,43,8813,2003,0.0,4152.0,-0.251357,-0.189917,SLV,CHN,841330
2838405,205,43,8813,2003,0.0,6858.0,-0.896925,-0.88623,SUR,CHN,841330
2838406,206,43,8813,2003,0.0,27858.0,1.22565,0.915518,SVK,CHN,841330
2838407,207,43,8813,2003,0.0,2950.0,1.6459840000000001,1.014191,SVN,CHN,841330
2838408,208,43,8813,2003,114504.0,19893.0,2.099224,0.799982,SWE,CHN,841330
2838409,212,43,8813,2003,0.0,68433.0,-0.868749,-0.326322,SYR,CHN,841330
2838410,216,43,8813,2003,1097.0,352536.0,0.43010699999999996,1.607408,THA,CHN,841330
2838411,222,43,8813,2003,0.0,3096.0,-0.16738,-0.9820969999999999,TTO,CHN,841330
2838412,223,43,8813,2003,0.0,51631.0,-0.14845999999999998,0.255092,TUN,CHN,841330
2838413,224,43,8813,2003,11871.0,450352.0,0.192802,1.9855060000000002,TUR,CHN,841330
2838414,226,43,8813,2003,0.0,4981.0,-1.225217,-0.43662399999999996,TZA,CHN,841330
2838415,228,43,8813,2003,11104.0,5104.0,0.8929389999999999,0.956685,UKR,CHN,841330
2838416,230,43,8813,2003,0.0,35010.0,0.19792200000000001,0.243104,URY,CHN,841330
2838417,231,43,8813,2003,6009502.0,12215241.0,1.7789220000000001,0.064028,USA,CHN,841330
2838418,236,43,8813,2003,0.0,21059.0,0.277805,-0.783697,VEN,CHN,841330
2838419,239,43,8813,2003,0.0,80015.0,-0.633985,0.659696,VNM,CHN,841330
2838420,243,43,8813,2003,0.0,21338.0,-1.453584,-1.257815,YEM,CHN,841330
2838421,246,43,8813,2003,58246.0,1694435.0,0.477987,2.255395,ZAF,CHN,841330
2838422,249,43,8813,2003,5819348.0,242131.0,1.5924040000000002,1.397843,TWN,CHN,841330
2838423,8,49,8813,2003,125331.0,0.0,0.302073,0.49069700000000005,ARG,COL,841330
2838424,15,49,8813,2003,3895.0,0.0,1.834977,0.408096,AUT,COL,841330
2838425,18,49,8813,2003,18198.0,0.0,1.361682,1.39536,BEL,COL,841330
2838426,31,49,8813,2003,0.0,5830.0,-0.787995,-0.7228899999999999,BOL,COL,841330
2838427,32,49,8813,2003,406028.0,0.0,0.660576,1.118876,BRA,COL,841330
2838428,39,49,8813,2003,49120.0,0.0,0.9791540000000001,1.185081,CAN,COL,841330
2838429,41,49,8813,2003,10012.0,0.0,2.151037,0.711217,CHE,COL,841330
2838430,42,49,8813,2003,14301.0,5628.0,-0.06375900000000001,-0.156808,CHL,COL,841330
2838431,43,49,8813,2003,159671.0,0.0,0.579431,2.773139,CHN,COL,841330
2838432,59,49,8813,2003,14202.0,0.0,1.555749,0.8662059999999999,CZE,COL,841330
2838433,61,49,8813,2003,117044.0,0.0,2.2821919999999998,-2.0985150000000004,DEU,COL,841330
2838434,64,49,8813,2003,2511.0,0.0,1.309564,1.245596,DNK,COL,841330
2838435,67,49,8813,2003,21702.0,6211.0,-0.8689370000000001,-0.889767,ECU,COL,841330
2838436,71,49,8813,2003,242300.0,0.0,0.960684,2.074792,ESP,COL,841330
2838437,77,49,8813,2003,123627.0,0.0,1.606606,0.7394149999999999,FRA,COL,841330
2838438,81,49,8813,2003,22081.0,0.0,1.8712540000000002,0.706205,GBR,COL,841330
2838439,97,49,8813,2003,5876.0,0.0,0.494569,2.147062,HKG,COL,841330
2838440,104,49,8813,2003,6803.0,0.0,0.33014099999999996,2.836003,IND,COL,841330
2838441,110,49,8813,2003,40252.0,0.0,1.157809,0.682195,ISR,COL,841330
2838442,111,49,8813,2003,71555.0,1593.0,1.399734,1.044608,ITA,COL,841330
2838443,114,49,8813,2003,1370171.0,0.0,2.4686630000000003,0.48072600000000004,JPN,COL,841330
2838444,121,49,8813,2003,209368.0,0.0,1.2611709999999998,0.956308,KOR,COL,841330
2838445,138,49,8813,2003,62021.0,8817.0,0.862509,0.756684,MEX,COL,841330
2838446,162,49,8813,2003,91626.0,0.0,1.168453,1.7085709999999998,NLD,COL,841330
2838447,169,49,8813,2003,2124.0,14609.0,-0.050386,-0.039619999999999995,PAN,COL,841330
2838448,173,49,8813,2003,4619.0,0.0,-0.48627,0.371354,PER,COL,841330
2838449,177,49,8813,2003,27454.0,0.0,0.966622,1.664838,POL,COL,841330
2838450,178,49,8813,2003,7183.0,0.0,0.7060420000000001,0.7718,PRK,COL,841330
2838451,185,49,8813,2003,7432.0,0.0,0.378379,1.0064620000000002,ROU,COL,841330
2838452,186,49,8813,2003,4979.0,0.0,1.072729,0.338355,RUS,COL,841330
2838453,197,49,8813,2003,0.0,1300.0,-0.251357,-0.189917,SLV,COL,841330
2838454,208,49,8813,2003,1909.0,3955.0,2.099224,0.799982,SWE,COL,841330
2838455,216,49,8813,2003,55385.0,0.0,0.43010699999999996,1.607408,THA,COL,841330
2838456,224,49,8813,2003,13707.0,0.0,0.192802,1.9855060000000002,TUR,COL,841330
2838457,231,49,8813,2003,1282003.0,1209924.0,1.7789220000000001,0.064028,USA,COL,841330
2838458,236,49,8813,2003,3922.0,7867.0,0.277805,-0.783697,VEN,COL,841330
2838459,249,49,8813,2003,53906.0,0.0,1.5924040000000002,1.397843,TWN,COL,841330
2838460,250,49,8813,2003,364790.0,0.0,0.45951499999999995,-0.2312,ANS,COL,841330
2838461,8,52,8813,2003,2398.0,0.0,0.302073,0.49069700000000005,ARG,CRI,841330
2838462,18,52,8813,2003,2156.0,0.0,1.361682,1.39536,BEL,CRI,841330
2838463,32,52,8813,2003,62578.0,0.0,0.660576,1.118876,BRA,CRI,841330
2838464,39,52,8813,2003,27028.0,0.0,0.9791540000000001,1.185081,CAN,CRI,841330
2838465,41,52,8813,2003,1120.0,0.0,2.151037,0.711217,CHE,CRI,841330
2838466,43,52,8813,2003,5124.0,0.0,0.579431,2.773139,CHN,CRI,841330
2838467,61,52,8813,2003,87316.0,0.0,2.2821919999999998,-2.0985150000000004,DEU,CRI,841330
2838468,64,52,8813,2003,15066.0,0.0,1.309564,1.245596,DNK,CRI,841330
2838469,67,52,8813,2003,1569.0,0.0,-0.8689370000000001,-0.889767,ECU,CRI,841330
2838470,71,52,8813,2003,3163.0,0.0,0.960684,2.074792,ESP,CRI,841330
2838471,77,52,8813,2003,9822.0,0.0,1.606606,0.7394149999999999,FRA,CRI,841330
2838472,81,52,8813,2003,27186.0,0.0,1.8712540000000002,0.706205,GBR,CRI,841330
2838473,93,52,8813,2003,3075.0,0.0,-0.444162,0.145319,GTM,CRI,841330
2838474,106,52,8813,2003,1915.0,0.0,1.6396130000000002,0.220599,IRL,CRI,841330
2838475,111,52,8813,2003,5227.0,0.0,1.399734,1.044608,ITA,CRI,841330
2838476,114,52,8813,2003,483391.0,0.0,2.4686630000000003,0.48072600000000004,JPN,CRI,841330
2838477,121,52,8813,2003,48655.0,0.0,1.2611709999999998,0.956308,KOR,CRI,841330
2838478,138,52,8813,2003,16336.0,0.0,0.862509,0.756684,MEX,CRI,841330
2838479,160,52,8813,2003,0.0,1837.0,-0.8661459999999999,-0.8661690000000001,NIC,CRI,841330
2838480,169,52,8813,2003,42825.0,3448.0,-0.050386,-0.039619999999999995,PAN,CRI,841330
2838481,185,52,8813,2003,1319.0,0.0,0.378379,1.0064620000000002,ROU,CRI,841330
2838482,208,52,8813,2003,2058.0,0.0,2.099224,0.799982,SWE,CRI,841330
2838483,231,52,8813,2003,228808.0,9752.0,1.7789220000000001,0.064028,USA,CRI,841330
2838484,249,52,8813,2003,113605.0,0.0,1.5924040000000002,1.397843,TWN,CRI,841330
2838485,8,54,8813,2003,28707.0,0.0,0.302073,0.49069700000000005,ARG,CUB,841330
2838486,18,54,8813,2003,43698.0,0.0,1.361682,1.39536,BEL,CUB,841330
2838487,23,54,8813,2003,672.0,0.0,0.43308599999999997,1.7104099999999998,BGR,CUB,841330
2838488,28,54,8813,2003,5004.0,0.0,0.847358,0.9307719999999999,BLR,CUB,841330
2838489,32,54,8813,2003,102191.0,0.0,0.660576,1.118876,BRA,CUB,841330
2838490,39,54,8813,2003,195290.0,1979.0,0.9791540000000001,1.185081,CAN,CUB,841330
2838491,43,54,8813,2003,6385.0,0.0,0.579431,2.773139,CHN,CUB,841330
2838492,59,54,8813,2003,5316.0,0.0,1.555749,0.8662059999999999,CZE,CUB,841330
2838493,61,54,8813,2003,57360.0,2960.0,2.2821919999999998,-2.0985150000000004,DEU,CUB,841330
2838494,62,54,8813,2003,2443.0,0.0,-0.41648500000000005,-0.5408350000000001,DJI,CUB,841330
2838495,65,54,8813,2003,3471.0,0.0,-0.46264399999999994,-0.245034,DOM,CUB,841330
2838496,71,54,8813,2003,135392.0,1449.0,0.960684,2.074792,ESP,CUB,841330
2838497,77,54,8813,2003,391655.0,0.0,1.606606,0.7394149999999999,FRA,CUB,841330
2838498,81,54,8813,2003,2762.0,0.0,1.8712540000000002,0.706205,GBR,CUB,841330
2838499,111,54,8813,2003,2077.0,0.0,1.399734,1.044608,ITA,CUB,841330
2838500,114,54,8813,2003,56852.0,0.0,2.4686630000000003,0.48072600000000004,JPN,CUB,841330
2838501,121,54,8813,2003,29043.0,0.0,1.2611709999999998,0.956308,KOR,CUB,841330
2838502,138,54,8813,2003,15928.0,0.0,0.862509,0.756684,MEX,CUB,841330
2838503,162,54,8813,2003,15560.0,0.0,1.168453,1.7085709999999998,NLD,CUB,841330
2838504,169,54,8813,2003,30910.0,884.0,-0.050386,-0.039619999999999995,PAN,CUB,841330
2838505,177,54,8813,2003,2193.0,0.0,0.966622,1.664838,POL,CUB,841330
2838506,178,54,8813,2003,4868.0,0.0,0.7060420000000001,0.7718,PRK,CUB,841330
2838507,179,54,8813,2003,2207.0,0.0,0.471376,1.647303,PRT,CUB,841330
2838508,186,54,8813,2003,251328.0,0.0,1.072729,0.338355,RUS,CUB,841330
2838509,208,54,8813,2003,14050.0,0.0,2.099224,0.799982,SWE,CUB,841330
2838510,228,54,8813,2003,16801.0,0.0,0.8929389999999999,0.956685,UKR,CUB,841330
2838511,236,54,8813,2003,7164.0,0.0,0.277805,-0.783697,VEN,CUB,841330
2838512,249,54,8813,2003,8812.0,0.0,1.5924040000000002,1.397843,TWN,CUB,841330
2838513,0,61,8813,2003,0.0,4043.0,-0.13006600000000001,-0.783431,ABW,DEU,841330
2838514,1,61,8813,2003,3418.0,5186.0,-0.421205,-0.602704,AFG,DEU,841330
2838515,2,61,8813,2003,0.0,8043.0,-1.8762919999999998,-1.176541,AGO,DEU,841330
2838516,4,61,8813,2003,0.0,41031.0,-0.053595000000000004,0.166034,ALB,DEU,841330
2838517,5,61,8813,2003,0.0,771.0,1.0901319999999999,0.618693,AND,DEU,841330
2838518,6,61,8813,2003,0.0,15135.0,0.108903,-0.650137,ANT,DEU,841330
2838519,7,61,8813,2003,4139.0,3886376.0,0.049637,-0.502691,ARE,DEU,841330
2838520,8,61,8813,2003,177406.0,1746243.0,0.302073,0.49069700000000005,ARG,DEU,841330
2838521,9,61,8813,2003,2709.0,3833.0,0.497521,-0.305788,ARM,DEU,841330
2838522,14,61,8813,2003,35991.0,3380039.0,0.316879,0.9409489999999999,AUS,DEU,841330
2838523,15,61,8813,2003,39691832.0,18180660.0,1.834977,0.408096,AUT,DEU,841330
2838524,16,61,8813,2003,0.0,32062.0,-0.304606,-0.975453,AZE,DEU,841330
2838525,17,61,8813,2003,0.0,3066.0,-0.550138,-0.759304,BDI,DEU,841330
2838526,18,61,8813,2003,8228508.0,25617734.0,1.361682,1.39536,BEL,DEU,841330
2838527,19,61,8813,2003,0.0,1823.0,-1.150888,-0.956203,BEN,DEU,841330
2838528,21,61,8813,2003,0.0,4275.0,-0.9365690000000001,-0.9699409999999999,BFA,DEU,841330
2838529,22,61,8813,2003,0.0,3234.0,-1.168404,-1.035782,BGD,DEU,841330
2838530,23,61,8813,2003,13828.0,722351.0,0.43308599999999997,1.7104099999999998,BGR,DEU,841330
2838531,24,61,8813,2003,0.0,97290.0,-0.10968800000000001,-1.041032,BHR,DEU,841330
2838532,26,61,8813,2003,657951.0,110973.0,0.195667,0.347011,BIH,DEU,841330
2838533,28,61,8813,2003,21437.0,1638956.0,0.847358,0.9307719999999999,BLR,DEU,841330
2838534,30,61,8813,2003,0.0,4013.0,0.9966459999999999,-0.5183270000000001,BMU,DEU,841330
2838535,31,61,8813,2003,0.0,13769.0,-0.787995,-0.7228899999999999,BOL,DEU,841330
2838536,32,61,8813,2003,19209764.0,9310258.0,0.660576,1.118876,BRA,DEU,841330
2838537,33,61,8813,2003,0.0,3323.0,0.744166,0.074191,BRB,DEU,841330
2838538,34,61,8813,2003,647.0,13346.0,-1.342738,-0.978633,BRN,DEU,841330
2838539,39,61,8813,2003,35854.0,1883026.0,0.9791540000000001,1.185081,CAN,DEU,841330
2838540,41,61,8813,2003,2875962.0,12922250.0,2.151037,0.711217,CHE,DEU,841330
2838541,42,61,8813,2003,0.0,337106.0,-0.06375900000000001,-0.156808,CHL,DEU,841330
2838542,43,61,8813,2003,228798.0,45852680.0,0.579431,2.773139,CHN,DEU,841330
2838543,44,61,8813,2003,0.0,42912.0,-0.699928,-0.723739,CIV,DEU,841330
2838544,45,61,8813,2003,0.0,8174.0,-1.254788,-1.10897,CMR,DEU,841330
2838545,46,61,8813,2003,0.0,29874.0,-1.366232,-1.0778860000000001,COD,DEU,841330
2838546,47,61,8813,2003,0.0,4041.0,-1.6789619999999998,-1.182557,COG,DEU,841330
2838547,49,61,8813,2003,0.0,117044.0,0.218336,0.376869,COL,DEU,841330
2838548,51,61,8813,2003,0.0,15995.0,0.070649,-0.541279,CPV,DEU,841330
2838549,52,61,8813,2003,0.0,87316.0,-0.193904,-0.5049680000000001,CRI,DEU,841330
2838550,54,61,8813,2003,2960.0,57360.0,-0.391515,-0.8562120000000001,CUB,DEU,841330
2838551,57,61,8813,2003,0.0,4005.0,0.308768,-0.690944,CYM,DEU,841330
2838552,58,61,8813,2003,0.0,206069.0,0.259992,0.068914,CYP,DEU,841330
2838553,59,61,8813,2003,339751552.0,92712920.0,1.555749,0.8662059999999999,CZE,DEU,841330
2838554,64,61,8813,2003,266513.0,3346034.0,1.309564,1.245596,DNK,DEU,841330
2838555,65,61,8813,2003,0.0,71174.0,-0.46264399999999994,-0.245034,DOM,DEU,841330
2838556,66,61,8813,2003,0.0,808537.0,-1.060727,-1.142594,DZA,DEU,841330
2838557,67,61,8813,2003,0.0,91223.0,-0.8689370000000001,-0.889767,ECU,DEU,841330
2838558,68,61,8813,2003,96287.0,1099086.0,-0.292923,0.465433,EGY,DEU,841330
2838559,69,61,8813,2003,0.0,12423.0,-0.105591,-0.247614,ERI,DEU,841330
2838560,71,61,8813,2003,6910787.0,102448424.0,0.960684,2.074792,ESP,DEU,841330
2838561,72,61,8813,2003,13497.0,245126.0,0.5913010000000001,0.8489979999999999,EST,DEU,841330
2838562,73,61,8813,2003,0.0,44810.0,-1.1145559999999999,-0.9599620000000001,ETH,DEU,841330
2838563,74,61,8813,2003,119534.0,14062481.0,2.077889,0.942501,FIN,DEU,841330
2838564,75,61,8813,2003,0.0,1052.0,-0.6865640000000001,-0.326977,FJI,DEU,841330
2838565,77,61,8813,2003,188688752.0,207823264.0,1.606606,0.7394149999999999,FRA,DEU,841330
2838566,78,61,8813,2003,0.0,11971.0,-0.46422299999999994,-0.8072050000000001,FRO,DEU,841330
2838567,80,61,8813,2003,0.0,62868.0,-0.92745,-1.138466,GAB,DEU,841330
2838568,81,61,8813,2003,20889992.0,167096960.0,1.8712540000000002,0.706205,GBR,DEU,841330
2838569,82,61,8813,2003,0.0,2837.0,0.595485,-0.25939,GEO,DEU,841330
2838570,83,61,8813,2003,0.0,73286.0,-1.074188,-0.7127319999999999,GHA,DEU,841330
2838571,84,61,8813,2003,0.0,90089.0,1.133606,-0.176782,GIB,DEU,841330
2838572,85,61,8813,2003,0.0,6096.0,-2.14752,-1.250048,GIN,DEU,841330
2838573,87,61,8813,2003,0.0,283.0,-0.230541,-0.275663,GMB,DEU,841330
2838574,90,61,8813,2003,69880.0,3743696.0,0.364688,1.4823959999999998,GRC,DEU,841330
2838575,91,61,8813,2003,0.0,2608.0,0.3936,-0.258355,GRD,DEU,841330
2838576,92,61,8813,2003,0.0,1044.0,-0.764655,-0.8684200000000001,GRL,DEU,841330
2838577,93,61,8813,2003,0.0,151680.0,-0.444162,0.145319,GTM,DEU,841330
2838578,96,61,8813,2003,0.0,1291.0,-0.59035,-0.7361340000000001,GUY,DEU,841330
2838579,97,61,8813,2003,17543.0,1510370.0,0.494569,2.147062,HKG,DEU,841330
2838580,99,61,8813,2003,0.0,4043.0,-0.733546,-0.568585,HND,DEU,841330
2838581,100,61,8813,2003,2948.0,473986.0,0.568394,1.230759,HRV,DEU,841330
2838582,101,61,8813,2003,0.0,2007.0,-1.3761290000000002,-1.006346,HTI,DEU,841330
2838583,102,61,8813,2003,14135581.0,15972436.0,1.2003270000000001,1.091407,HUN,DEU,841330
2838584,103,61,8813,2003,17149.0,261702.0,-0.16802,1.7252990000000001,IDN,DEU,841330
2838585,104,61,8813,2003,24145816.0,1282233.0,0.33014099999999996,2.836003,IND,DEU,841330
2838586,106,61,8813,2003,128106.0,462224.0,1.6396130000000002,0.220599,IRL,DEU,841330
2838587,107,61,8813,2003,0.0,6831527.0,-0.552146,-0.8668520000000001,IRN,DEU,841330
2838588,108,61,8813,2003,0.0,42272.0,-0.398557,-0.774153,IRQ,DEU,841330
2838589,109,61,8813,2003,0.0,99417.0,0.21902800000000003,-0.40818499999999996,ISL,DEU,841330
2838590,110,61,8813,2003,7118.0,752703.0,1.157809,0.682195,ISR,DEU,841330
2838591,111,61,8813,2003,102605608.0,114951616.0,1.399734,1.044608,ITA,DEU,841330
2838592,112,61,8813,2003,8838.0,11643.0,-0.6684140000000001,-0.915817,JAM,DEU,841330
2838593,113,61,8813,2003,0.0,1426189.0,0.12295,0.377031,JOR,DEU,841330
2838594,114,61,8813,2003,13643675.0,6112788.0,2.4686630000000003,0.48072600000000004,JPN,DEU,841330
2838595,115,61,8813,2003,0.0,204783.0,-0.156326,-0.62092,KAZ,DEU,841330
2838596,116,61,8813,2003,0.0,41212.0,-0.3531,0.582992,KEN,DEU,841330
2838597,117,61,8813,2003,0.0,3716.0,0.25359699999999996,0.24101199999999998,KGZ,DEU,841330
2838598,121,61,8813,2003,1736136.0,128354944.0,1.2611709999999998,0.956308,KOR,DEU,841330
2838599,122,61,8813,2003,6019.0,736874.0,-0.7943640000000001,-1.1529770000000001,KWT,DEU,841330
2838600,124,61,8813,2003,2534.0,1683955.0,0.261687,1.053856,LBN,DEU,841330
2838601,125,61,8813,2003,0.0,27014.0,0.026117,-1.03888,LBR,DEU,841330
2838602,126,61,8813,2003,8285.0,492151.0,-0.36075999999999997,-1.110575,LBY,DEU,841330
2838603,128,61,8813,2003,0.0,18223.0,-0.618057,0.101931,LKA,DEU,841330
2838604,130,61,8813,2003,6068.0,337606.0,0.239608,0.517299,LTU,DEU,841330
2838605,131,61,8813,2003,11470.0,440240.0,1.444996,1.063764,LUX,DEU,841330
2838606,132,61,8813,2003,999.0,162156.0,0.520772,0.5631689999999999,LVA,DEU,841330
2838607,133,61,8813,2003,0.0,20675.0,-0.294516,-0.413828,MAC,DEU,841330
2838608,134,61,8813,2003,17161.0,440795.0,-0.6842050000000001,-0.217892,MAR,DEU,841330
2838609,135,61,8813,2003,0.0,56201.0,-0.005154,-0.26107199999999997,MDA,DEU,841330
2838610,136,61,8813,2003,0.0,54819.0,-1.254758,-0.622696,MDG,DEU,841330
2838611,138,61,8813,2003,1372930.0,8359770.0,0.862509,0.756684,MEX,DEU,841330
2838612,140,61,8813,2003,0.0,29113.0,-0.017632,0.225394,MKD,DEU,841330
2838613,141,61,8813,2003,0.0,5219.0,-0.786411,-0.879049,MLI,DEU,841330
2838614,142,61,8813,2003,0.0,32213.0,1.2138149999999999,-0.015687,MLT,DEU,841330
2838615,143,61,8813,2003,0.0,3091.0,-1.435123,-1.0948,MMR,DEU,841330
2838616,145,61,8813,2003,0.0,6526.0,-0.9747620000000001,-1.026308,MNG,DEU,841330
2838617,147,61,8813,2003,0.0,1650.0,-1.188243,-1.123693,MOZ,DEU,841330
2838618,148,61,8813,2003,0.0,33156.0,-1.069232,-1.184061,MRT,DEU,841330
2838619,151,61,8813,2003,0.0,42063.0,-0.361514,-0.29839899999999997,MUS,DEU,841330
2838620,153,61,8813,2003,43341.0,1867660.0,0.728804,0.2168,MYS,DEU,841330
2838621,154,61,8813,2003,0.0,22169.0,0.8645370000000001,-0.101347,MYT,DEU,841330
2838622,155,61,8813,2003,2025.0,6668.0,-0.24004499999999998,-0.39565900000000004,NAM,DEU,841330
2838623,156,61,8813,2003,15514.0,6298.0,-0.344934,-0.776632,NCL,DEU,841330
2838624,157,61,8813,2003,0.0,3711.0,-0.199296,-0.578264,NER,DEU,841330
2838625,159,61,8813,2003,2558.0,612225.0,-1.859176,-1.234236,NGA,DEU,841330
2838626,160,61,8813,2003,0.0,851.0,-0.8661459999999999,-0.8661690000000001,NIC,DEU,841330
2838627,162,61,8813,2003,2711641.0,21778902.0,1.168453,1.7085709999999998,NLD,DEU,841330
2838628,163,61,8813,2003,65732.0,2927491.0,1.1500620000000001,0.258554,NOR,DEU,841330
2838629,164,61,8813,2003,0.0,1399.0,-0.26353899999999997,1.351717,NPL,DEU,841330
2838630,166,61,8813,2003,20315.0,105868.0,0.589619,0.997301,NZL,DEU,841330
2838631,167,61,8813,2003,0.0,1147500.0,-1.434873,-1.188123,OMN,DEU,841330
2838632,168,61,8813,2003,0.0,10613.0,-0.6659689999999999,0.137924,PAK,DEU,841330
2838633,169,61,8813,2003,0.0,46608.0,-0.050386,-0.039619999999999995,PAN,DEU,841330
2838634,171,61,8813,2003,0.0,243462.0,0.510894,-0.473526,PCN,DEU,841330
2838635,173,61,8813,2003,0.0,106164.0,-0.48627,0.371354,PER,DEU,841330
2838636,174,61,8813,2003,498421.0,11166.0,-0.065022,-0.195144,PHL,DEU,841330
2838637,177,61,8813,2003,10942071.0,237588880.0,0.966622,1.664838,POL,DEU,841330
2838638,178,61,8813,2003,0.0,57399.0,0.7060420000000001,0.7718,PRK,DEU,841330
2838639,179,61,8813,2003,486903.0,1251488.0,0.471376,1.647303,PRT,DEU,841330
2838640,180,61,8813,2003,0.0,66161.0,-0.607733,-0.8577879999999999,PRY,DEU,841330
2838641,181,61,8813,2003,0.0,9011.0,0.657296,0.220183,PSE,DEU,841330
2838642,182,61,8813,2003,0.0,7915.0,-0.255707,-0.676557,PYF,DEU,841330
2838643,183,61,8813,2003,0.0,55084.0,-0.209042,-1.0565799999999999,QAT,DEU,841330
2838644,185,61,8813,2003,46304.0,888519.0,0.378379,1.0064620000000002,ROU,DEU,841330
2838645,186,61,8813,2003,74518.0,11284201.0,1.072729,0.338355,RUS,DEU,841330
2838646,187,61,8813,2003,0.0,1736.0,-0.99513,-0.852476,RWA,DEU,841330
2838647,188,61,8813,2003,47603.0,2361197.0,0.202286,-0.714691,SAU,DEU,841330
2838648,189,61,8813,2003,24184.0,215222.0,0.575326,1.627894,SCG,DEU,841330
2838649,190,61,8813,2003,0.0,241951.0,-1.3535059999999999,-1.1701409999999999,SDN,DEU,841330
2838650,191,61,8813,2003,0.0,22934.0,-0.25203600000000004,-0.25549299999999997,SEN,DEU,841330
2838651,192,61,8813,2003,21999.0,8949332.0,1.5080799999999999,0.720337,SGP,DEU,841330
2838652,195,61,8813,2003,0.0,20194.0,-1.342629,-0.900968,SLB,DEU,841330
2838653,197,61,8813,2003,0.0,37920.0,-0.251357,-0.189917,SLV,DEU,841330
2838654,205,61,8813,2003,1296.0,3070.0,-0.896925,-0.88623,SUR,DEU,841330
2838655,206,61,8813,2003,28244.0,5299814.0,1.22565,0.915518,SVK,DEU,841330
2838656,207,61,8813,2003,62565.0,414365.0,1.6459840000000001,1.014191,SVN,DEU,841330
2838657,208,61,8813,2003,776531.0,51630972.0,2.099224,0.799982,SWE,DEU,841330
2838658,211,61,8813,2003,0.0,4786.0,-0.44341099999999994,-0.742566,SYC,DEU,841330
2838659,212,61,8813,2003,0.0,616724.0,-0.868749,-0.326322,SYR,DEU,841330
2838660,215,61,8813,2003,0.0,9314.0,-0.5058590000000001,-0.520586,TGO,DEU,841330
2838661,216,61,8813,2003,12076.0,769097.0,0.43010699999999996,1.607408,THA,DEU,841330
2838662,217,61,8813,2003,0.0,2015.0,-0.6187520000000001,-1.0438969999999999,TJK,DEU,841330
2838663,219,61,8813,2003,0.0,62379.0,-1.223295,-1.250217,TKM,DEU,841330
2838664,222,61,8813,2003,0.0,43650.0,-0.16738,-0.9820969999999999,TTO,DEU,841330
2838665,223,61,8813,2003,0.0,693723.0,-0.14845999999999998,0.255092,TUN,DEU,841330
2838666,224,61,8813,2003,121282.0,20070138.0,0.192802,1.9855060000000002,TUR,DEU,841330
2838667,226,61,8813,2003,0.0,11716.0,-1.225217,-0.43662399999999996,TZA,DEU,841330
2838668,227,61,8813,2003,2931.0,6355.0,-0.895193,-0.712039,UGA,DEU,841330
2838669,228,61,8813,2003,17111.0,2658441.0,0.8929389999999999,0.956685,UKR,DEU,841330
2838670,230,61,8813,2003,0.0,17424.0,0.19792200000000001,0.243104,URY,DEU,841330
2838671,231,61,8813,2003,15572169.0,96720016.0,1.7789220000000001,0.064028,USA,DEU,841330
2838672,232,61,8813,2003,0.0,27243.0,-0.285978,-0.703334,UZB,DEU,841330
2838673,234,61,8813,2003,0.0,1278.0,-0.355758,-0.679181,VCT,DEU,841330
2838674,236,61,8813,2003,0.0,127466.0,0.277805,-0.783697,VEN,DEU,841330
2838675,239,61,8813,2003,0.0,66910.0,-0.633985,0.659696,VNM,DEU,841330
2838676,242,61,8813,2003,0.0,1046.0,-0.304377,-0.620659,WSM,DEU,841330
2838677,243,61,8813,2003,0.0,31514.0,-1.453584,-1.257815,YEM,DEU,841330
2838678,246,61,8813,2003,242642.0,5704392.0,0.477987,2.255395,ZAF,DEU,841330
2838679,247,61,8813,2003,0.0,12469.0,-0.678149,-0.5919449999999999,ZMB,DEU,841330
2838680,248,61,8813,2003,0.0,78575.0,-0.366539,-0.18906199999999998,ZWE,DEU,841330
2838681,249,61,8813,2003,52948.0,1507566.0,1.5924040000000002,1.397843,TWN,DEU,841330
2838682,250,61,8813,2003,31443.0,237594.0,0.45951499999999995,-0.2312,ANS,DEU,841330
2838683,7,64,8813,2003,6461.0,1103.0,0.049637,-0.502691,ARE,DNK,841330
2838684,8,64,8813,2003,13424.0,5709.0,0.302073,0.49069700000000005,ARG,DNK,841330
2838685,14,64,8813,2003,1025.0,64292.0,0.316879,0.9409489999999999,AUS,DNK,841330
2838686,15,64,8813,2003,57198.0,0.0,1.834977,0.408096,AUT,DNK,841330
2838687,18,64,8813,2003,1085225.0,304812.0,1.361682,1.39536,BEL,DNK,841330
2838688,21,64,8813,2003,0.0,1720.0,-0.9365690000000001,-0.9699409999999999,BFA,DNK,841330
2838689,22,64,8813,2003,0.0,3263.0,-1.168404,-1.035782,BGD,DNK,841330
2838690,23,64,8813,2003,0.0,5759.0,0.43308599999999997,1.7104099999999998,BGR,DNK,841330
2838691,26,64,8813,2003,0.0,1132.0,0.195667,0.347011,BIH,DNK,841330
2838692,32,64,8813,2003,43540.0,3309.0,0.660576,1.118876,BRA,DNK,841330
2838693,33,64,8813,2003,0.0,3452.0,0.744166,0.074191,BRB,DNK,841330
2838694,39,64,8813,2003,3289.0,25949.0,0.9791540000000001,1.185081,CAN,DNK,841330
2838695,41,64,8813,2003,14048.0,22216.0,2.151037,0.711217,CHE,DNK,841330
2838696,42,64,8813,2003,0.0,3780.0,-0.06375900000000001,-0.156808,CHL,DNK,841330
2838697,43,64,8813,2003,48639.0,273432.0,0.579431,2.773139,CHN,DNK,841330
2838698,49,64,8813,2003,0.0,2511.0,0.218336,0.376869,COL,DNK,841330
2838699,52,64,8813,2003,0.0,15066.0,-0.193904,-0.5049680000000001,CRI,DNK,841330
2838700,58,64,8813,2003,0.0,1159.0,0.259992,0.068914,CYP,DNK,841330
2838701,59,64,8813,2003,25949.0,4245.0,1.555749,0.8662059999999999,CZE,DNK,841330
2838702,61,64,8813,2003,3346034.0,266513.0,2.2821919999999998,-2.0985150000000004,DEU,DNK,841330
2838703,66,64,8813,2003,0.0,32492.0,-1.060727,-1.142594,DZA,DNK,841330
2838704,68,64,8813,2003,0.0,1389.0,-0.292923,0.465433,EGY,DNK,841330
2838705,71,64,8813,2003,165143.0,6111.0,0.960684,2.074792,ESP,DNK,841330
2838706,72,64,8813,2003,69886.0,3835.0,0.5913010000000001,0.8489979999999999,EST,DNK,841330
2838707,73,64,8813,2003,0.0,1548.0,-1.1145559999999999,-0.9599620000000001,ETH,DNK,841330
2838708,74,64,8813,2003,46457.0,72201.0,2.077889,0.942501,FIN,DNK,841330
2838709,77,64,8813,2003,1054967.0,53688.0,1.606606,0.7394149999999999,FRA,DNK,841330
2838710,78,64,8813,2003,0.0,26036.0,-0.46422299999999994,-0.8072050000000001,FRO,DNK,841330
2838711,81,64,8813,2003,339736.0,89868.0,1.8712540000000002,0.706205,GBR,DNK,841330
2838712,83,64,8813,2003,0.0,11897.0,-1.074188,-0.7127319999999999,GHA,DNK,841330
2838713,87,64,8813,2003,0.0,3998.0,-0.230541,-0.275663,GMB,DNK,841330
2838714,90,64,8813,2003,0.0,3979.0,0.364688,1.4823959999999998,GRC,DNK,841330
2838715,92,64,8813,2003,0.0,46576.0,-0.764655,-0.8684200000000001,GRL,DNK,841330
2838716,100,64,8813,2003,0.0,294908.0,0.568394,1.230759,HRV,DNK,841330
2838717,102,64,8813,2003,0.0,2443.0,1.2003270000000001,1.091407,HUN,DNK,841330
2838718,103,64,8813,2003,0.0,3353.0,-0.16802,1.7252990000000001,IDN,DNK,841330
2838719,104,64,8813,2003,3358.0,126525.0,0.33014099999999996,2.836003,IND,DNK,841330
2838720,106,64,8813,2003,15713.0,0.0,1.6396130000000002,0.220599,IRL,DNK,841330
2838721,107,64,8813,2003,0.0,25015.0,-0.552146,-0.8668520000000001,IRN,DNK,841330
2838722,109,64,8813,2003,0.0,21191.0,0.21902800000000003,-0.40818499999999996,ISL,DNK,841330
2838723,110,64,8813,2003,0.0,6116.0,1.157809,0.682195,ISR,DNK,841330
2838724,111,64,8813,2003,988127.0,54754.0,1.399734,1.044608,ITA,DNK,841330
2838725,112,64,8813,2003,0.0,5679.0,-0.6684140000000001,-0.915817,JAM,DNK,841330
2838726,114,64,8813,2003,99370.0,2213808.0,2.4686630000000003,0.48072600000000004,JPN,DNK,841330
2838727,115,64,8813,2003,0.0,6741.0,-0.156326,-0.62092,KAZ,DNK,841330
2838728,116,64,8813,2003,0.0,8242.0,-0.3531,0.582992,KEN,DNK,841330
2838729,121,64,8813,2003,2435.0,445265.0,1.2611709999999998,0.956308,KOR,DNK,841330
2838730,122,64,8813,2003,0.0,61008.0,-0.7943640000000001,-1.1529770000000001,KWT,DNK,841330
2838731,124,64,8813,2003,0.0,9928.0,0.261687,1.053856,LBN,DNK,841330
2838732,130,64,8813,2003,0.0,6087.0,0.239608,0.517299,LTU,DNK,841330
2838733,131,64,8813,2003,4628.0,0.0,1.444996,1.063764,LUX,DNK,841330
2838734,134,64,8813,2003,0.0,878.0,-0.6842050000000001,-0.217892,MAR,DNK,841330
2838735,136,64,8813,2003,0.0,4548.0,-1.254758,-0.622696,MDG,DNK,841330
2838736,138,64,8813,2003,0.0,32195.0,0.862509,0.756684,MEX,DNK,841330
2838737,140,64,8813,2003,0.0,3795.0,-0.017632,0.225394,MKD,DNK,841330
2838738,142,64,8813,2003,0.0,1957.0,1.2138149999999999,-0.015687,MLT,DNK,841330
2838739,153,64,8813,2003,0.0,2539.0,0.728804,0.2168,MYS,DNK,841330
2838740,156,64,8813,2003,0.0,2132.0,-0.344934,-0.776632,NCL,DNK,841330
2838741,159,64,8813,2003,0.0,1766.0,-1.859176,-1.234236,NGA,DNK,841330
2838742,162,64,8813,2003,531449.0,32907.0,1.168453,1.7085709999999998,NLD,DNK,841330
2838743,163,64,8813,2003,59419.0,107154.0,1.1500620000000001,0.258554,NOR,DNK,841330
2838744,166,64,8813,2003,0.0,1058.0,0.589619,0.997301,NZL,DNK,841330
2838745,173,64,8813,2003,0.0,13669.0,-0.48627,0.371354,PER,DNK,841330
2838746,177,64,8813,2003,9060.0,310690.0,0.966622,1.664838,POL,DNK,841330
2838747,179,64,8813,2003,0.0,40710.0,0.471376,1.647303,PRT,DNK,841330
2838748,182,64,8813,2003,0.0,1855.0,-0.255707,-0.676557,PYF,DNK,841330
2838749,183,64,8813,2003,0.0,915.0,-0.209042,-1.0565799999999999,QAT,DNK,841330
2838750,185,64,8813,2003,1161.0,6807.0,0.378379,1.0064620000000002,ROU,DNK,841330
2838751,186,64,8813,2003,0.0,20527.0,1.072729,0.338355,RUS,DNK,841330
2838752,188,64,8813,2003,0.0,84962.0,0.202286,-0.714691,SAU,DNK,841330
2838753,190,64,8813,2003,0.0,12007.0,-1.3535059999999999,-1.1701409999999999,SDN,DNK,841330
2838754,192,64,8813,2003,1419.0,65748.0,1.5080799999999999,0.720337,SGP,DNK,841330
2838755,206,64,8813,2003,10441.0,1721.0,1.22565,0.915518,SVK,DNK,841330
2838756,207,64,8813,2003,35858.0,0.0,1.6459840000000001,1.014191,SVN,DNK,841330
2838757,208,64,8813,2003,1096249.0,193944.0,2.099224,0.799982,SWE,DNK,841330
2838758,212,64,8813,2003,0.0,6289.0,-0.868749,-0.326322,SYR,DNK,841330
2838759,216,64,8813,2003,0.0,8693.0,0.43010699999999996,1.607408,THA,DNK,841330
2838760,223,64,8813,2003,0.0,683.0,-0.14845999999999998,0.255092,TUN,DNK,841330
2838761,224,64,8813,2003,9351.0,429007.0,0.192802,1.9855060000000002,TUR,DNK,841330
2838762,226,64,8813,2003,0.0,9882.0,-1.225217,-0.43662399999999996,TZA,DNK,841330
2838763,227,64,8813,2003,0.0,7821.0,-0.895193,-0.712039,UGA,DNK,841330
2838764,228,64,8813,2003,0.0,7891.0,0.8929389999999999,0.956685,UKR,DNK,841330
2838765,231,64,8813,2003,151673.0,76610.0,1.7789220000000001,0.064028,USA,DNK,841330
2838766,236,64,8813,2003,0.0,8800.0,0.277805,-0.783697,VEN,DNK,841330
2838767,239,64,8813,2003,0.0,90654.0,-0.633985,0.659696,VNM,DNK,841330
2838768,246,64,8813,2003,0.0,5762.0,0.477987,2.255395,ZAF,DNK,841330
2838769,247,64,8813,2003,0.0,837.0,-0.678149,-0.5919449999999999,ZMB,DNK,841330
2838770,249,64,8813,2003,11249.0,869452.0,1.5924040000000002,1.397843,TWN,DNK,841330
2838771,18,65,8813,2003,5781.0,0.0,1.361682,1.39536,BEL,DOM,841330
2838772,32,65,8813,2003,38690.0,0.0,0.660576,1.118876,BRA,DOM,841330
2838773,39,65,8813,2003,12129.0,0.0,0.9791540000000001,1.185081,CAN,DOM,841330
2838774,41,65,8813,2003,2530.0,0.0,2.151037,0.711217,CHE,DOM,841330
2838775,43,65,8813,2003,33118.0,0.0,0.579431,2.773139,CHN,DOM,841330
2838776,54,65,8813,2003,0.0,3471.0,-0.391515,-0.8562120000000001,CUB,DOM,841330
2838777,59,65,8813,2003,2460.0,0.0,1.555749,0.8662059999999999,CZE,DOM,841330
2838778,61,65,8813,2003,71174.0,0.0,2.2821919999999998,-2.0985150000000004,DEU,DOM,841330
2838779,71,65,8813,2003,5680.0,0.0,0.960684,2.074792,ESP,DOM,841330
2838780,74,65,8813,2003,102840.0,0.0,2.077889,0.942501,FIN,DOM,841330
2838781,77,65,8813,2003,15092.0,0.0,1.606606,0.7394149999999999,FRA,DOM,841330
2838782,81,65,8813,2003,9989.0,0.0,1.8712540000000002,0.706205,GBR,DOM,841330
2838783,97,65,8813,2003,6789.0,0.0,0.494569,2.147062,HKG,DOM,841330
2838784,111,65,8813,2003,3433.0,0.0,1.399734,1.044608,ITA,DOM,841330
2838785,114,65,8813,2003,460269.0,0.0,2.4686630000000003,0.48072600000000004,JPN,DOM,841330
2838786,121,65,8813,2003,14367.0,0.0,1.2611709999999998,0.956308,KOR,DOM,841330
2838787,138,65,8813,2003,4856.0,0.0,0.862509,0.756684,MEX,DOM,841330
2838788,162,65,8813,2003,0.0,95125.0,1.168453,1.7085709999999998,NLD,DOM,841330
2838789,169,65,8813,2003,6703.0,0.0,-0.050386,-0.039619999999999995,PAN,DOM,841330
2838790,208,65,8813,2003,14263.0,0.0,2.099224,0.799982,SWE,DOM,841330
2838791,231,65,8813,2003,20149.0,65807.0,1.7789220000000001,0.064028,USA,DOM,841330
2838792,249,65,8813,2003,3212.0,0.0,1.5924040000000002,1.397843,TWN,DOM,841330
2838793,250,65,8813,2003,2139.0,0.0,0.45951499999999995,-0.2312,ANS,DOM,841330
2838794,6,67,8813,2003,14004.0,0.0,0.108903,-0.650137,ANT,ECU,841330
2838795,8,67,8813,2003,29150.0,53795.0,0.302073,0.49069700000000005,ARG,ECU,841330
2838796,15,67,8813,2003,2493.0,0.0,1.834977,0.408096,AUT,ECU,841330
2838797,18,67,8813,2003,2498.0,0.0,1.361682,1.39536,BEL,ECU,841330
2838798,28,67,8813,2003,1318.0,0.0,0.847358,0.9307719999999999,BLR,ECU,841330
2838799,32,67,8813,2003,324070.0,0.0,0.660576,1.118876,BRA,ECU,841330
2838800,39,67,8813,2003,16161.0,5493.0,0.9791540000000001,1.185081,CAN,ECU,841330
2838801,43,67,8813,2003,9898.0,0.0,0.579431,2.773139,CHN,ECU,841330
2838802,49,67,8813,2003,6211.0,21702.0,0.218336,0.376869,COL,ECU,841330
2838803,52,67,8813,2003,0.0,1569.0,-0.193904,-0.5049680000000001,CRI,ECU,841330
2838804,59,67,8813,2003,10193.0,0.0,1.555749,0.8662059999999999,CZE,ECU,841330
2838805,61,67,8813,2003,91223.0,0.0,2.2821919999999998,-2.0985150000000004,DEU,ECU,841330
2838806,71,67,8813,2003,60626.0,1535.0,0.960684,2.074792,ESP,ECU,841330
2838807,72,67,8813,2003,0.0,1584.0,0.5913010000000001,0.8489979999999999,EST,ECU,841330
2838808,74,67,8813,2003,11122.0,0.0,2.077889,0.942501,FIN,ECU,841330
2838809,77,67,8813,2003,6081.0,0.0,1.606606,0.7394149999999999,FRA,ECU,841330
2838810,81,67,8813,2003,12924.0,0.0,1.8712540000000002,0.706205,GBR,ECU,841330
2838811,97,67,8813,2003,3109.0,0.0,0.494569,2.147062,HKG,ECU,841330
2838812,102,67,8813,2003,5886.0,0.0,1.2003270000000001,1.091407,HUN,ECU,841330
2838813,104,67,8813,2003,789.0,0.0,0.33014099999999996,2.836003,IND,ECU,841330
2838814,111,67,8813,2003,17577.0,0.0,1.399734,1.044608,ITA,ECU,841330
2838815,114,67,8813,2003,1827158.0,0.0,2.4686630000000003,0.48072600000000004,JPN,ECU,841330
2838816,121,67,8813,2003,45486.0,0.0,1.2611709999999998,0.956308,KOR,ECU,841330
2838817,138,67,8813,2003,55744.0,0.0,0.862509,0.756684,MEX,ECU,841330
2838818,162,67,8813,2003,38830.0,0.0,1.168453,1.7085709999999998,NLD,ECU,841330
2838819,169,67,8813,2003,7503.0,0.0,-0.050386,-0.039619999999999995,PAN,ECU,841330
2838820,173,67,8813,2003,0.0,2161.0,-0.48627,0.371354,PER,ECU,841330
2838821,177,67,8813,2003,9024.0,0.0,0.966622,1.664838,POL,ECU,841330
2838822,185,67,8813,2003,998.0,0.0,0.378379,1.0064620000000002,ROU,ECU,841330
2838823,186,67,8813,2003,26482.0,0.0,1.072729,0.338355,RUS,ECU,841330
2838824,206,67,8813,2003,1961.0,0.0,1.22565,0.915518,SVK,ECU,841330
2838825,208,67,8813,2003,2355.0,731.0,2.099224,0.799982,SWE,ECU,841330
2838826,216,67,8813,2003,94788.0,0.0,0.43010699999999996,1.607408,THA,ECU,841330
2838827,224,67,8813,2003,543.0,0.0,0.192802,1.9855060000000002,TUR,ECU,841330
2838828,231,67,8813,2003,642810.0,27197.0,1.7789220000000001,0.064028,USA,ECU,841330
2838829,246,67,8813,2003,0.0,4717.0,0.477987,2.255395,ZAF,ECU,841330
2838830,249,67,8813,2003,15509.0,0.0,1.5924040000000002,1.397843,TWN,ECU,841330
2838831,250,67,8813,2003,0.0,2537.0,0.45951499999999995,-0.2312,ANS,ECU,841330
2838832,5,71,8813,2003,2959.0,81354.0,1.0901319999999999,0.618693,AND,ESP,841330
2838833,7,71,8813,2003,5728.0,69124.0,0.049637,-0.502691,ARE,ESP,841330
2838834,8,71,8813,2003,62162.0,42108.0,0.302073,0.49069700000000005,ARG,ESP,841330
2838835,14,71,8813,2003,0.0,89600.0,0.316879,0.9409489999999999,AUS,ESP,841330
2838836,15,71,8813,2003,244999.0,178175.0,1.834977,0.408096,AUT,ESP,841330
2838837,18,71,8813,2003,3814005.0,300093.0,1.361682,1.39536,BEL,ESP,841330
2838838,21,71,8813,2003,0.0,1107.0,-0.9365690000000001,-0.9699409999999999,BFA,ESP,841330
2838839,23,71,8813,2003,10228.0,124329.0,0.43308599999999997,1.7104099999999998,BGR,ESP,841330
2838840,26,71,8813,2003,29979.0,77013.0,0.195667,0.347011,BIH,ESP,841330
2838841,28,71,8813,2003,0.0,213674.0,0.847358,0.9307719999999999,BLR,ESP,841330
2838842,31,71,8813,2003,0.0,3013.0,-0.787995,-0.7228899999999999,BOL,ESP,841330
2838843,32,71,8813,2003,15877.0,417462.0,0.660576,1.118876,BRA,ESP,841330
2838844,39,71,8813,2003,86270.0,9130.0,0.9791540000000001,1.185081,CAN,ESP,841330
2838845,41,71,8813,2003,93938.0,78954.0,2.151037,0.711217,CHE,ESP,841330
2838846,42,71,8813,2003,1149.0,583456.0,-0.06375900000000001,-0.156808,CHL,ESP,841330
2838847,43,71,8813,2003,19490.0,49141.0,0.579431,2.773139,CHN,ESP,841330
2838848,44,71,8813,2003,0.0,3785.0,-0.699928,-0.723739,CIV,ESP,841330
2838849,45,71,8813,2003,0.0,6645.0,-1.254788,-1.10897,CMR,ESP,841330
2838850,49,71,8813,2003,0.0,242300.0,0.218336,0.376869,COL,ESP,841330
2838851,52,71,8813,2003,0.0,3163.0,-0.193904,-0.5049680000000001,CRI,ESP,841330
2838852,54,71,8813,2003,1449.0,135392.0,-0.391515,-0.8562120000000001,CUB,ESP,841330
2838853,58,71,8813,2003,0.0,6226.0,0.259992,0.068914,CYP,ESP,841330
2838854,59,71,8813,2003,4759894.0,251475.0,1.555749,0.8662059999999999,CZE,ESP,841330
2838855,61,71,8813,2003,102448424.0,6910787.0,2.2821919999999998,-2.0985150000000004,DEU,ESP,841330
2838856,64,71,8813,2003,6111.0,165143.0,1.309564,1.245596,DNK,ESP,841330
2838857,65,71,8813,2003,0.0,5680.0,-0.46264399999999994,-0.245034,DOM,ESP,841330
2838858,66,71,8813,2003,13586.0,263283.0,-1.060727,-1.142594,DZA,ESP,841330
2838859,67,71,8813,2003,1535.0,60626.0,-0.8689370000000001,-0.889767,ECU,ESP,841330
2838860,68,71,8813,2003,0.0,38533.0,-0.292923,0.465433,EGY,ESP,841330
2838861,72,71,8813,2003,0.0,41204.0,0.5913010000000001,0.8489979999999999,EST,ESP,841330
2838862,73,71,8813,2003,0.0,2259.0,-1.1145559999999999,-0.9599620000000001,ETH,ESP,841330
2838863,74,71,8813,2003,26404.0,188587.0,2.077889,0.942501,FIN,ESP,841330
2838864,77,71,8813,2003,33288246.0,39691812.0,1.606606,0.7394149999999999,FRA,ESP,841330
2838865,80,71,8813,2003,0.0,2954.0,-0.92745,-1.138466,GAB,ESP,841330
2838866,81,71,8813,2003,12304417.0,84229656.0,1.8712540000000002,0.706205,GBR,ESP,841330
2838867,83,71,8813,2003,0.0,933.0,-1.074188,-0.7127319999999999,GHA,ESP,841330
2838868,84,71,8813,2003,4290.0,14966.0,1.133606,-0.176782,GIB,ESP,841330
2838869,85,71,8813,2003,0.0,3758.0,-2.14752,-1.250048,GIN,ESP,841330
2838870,89,71,8813,2003,11127.0,5706.0,-2.4406529999999997,-0.821155,GNQ,ESP,841330
2838871,90,71,8813,2003,0.0,236320.0,0.364688,1.4823959999999998,GRC,ESP,841330
2838872,93,71,8813,2003,2828.0,2020.0,-0.444162,0.145319,GTM,ESP,841330
2838873,97,71,8813,2003,2800.0,2914.0,0.494569,2.147062,HKG,ESP,841330
2838874,99,71,8813,2003,0.0,4391.0,-0.733546,-0.568585,HND,ESP,841330
2838875,100,71,8813,2003,0.0,48303.0,0.568394,1.230759,HRV,ESP,841330
2838876,102,71,8813,2003,1202566.0,591509.0,1.2003270000000001,1.091407,HUN,ESP,841330
2838877,103,71,8813,2003,0.0,73915.0,-0.16802,1.7252990000000001,IDN,ESP,841330
2838878,104,71,8813,2003,182995.0,6365.0,0.33014099999999996,2.836003,IND,ESP,841330
2838879,106,71,8813,2003,0.0,22191.0,1.6396130000000002,0.220599,IRL,ESP,841330
2838880,107,71,8813,2003,0.0,4113.0,-0.552146,-0.8668520000000001,IRN,ESP,841330
2838881,109,71,8813,2003,0.0,2219.0,0.21902800000000003,-0.40818499999999996,ISL,ESP,841330
2838882,110,71,8813,2003,12228.0,275641.0,1.157809,0.682195,ISR,ESP,841330
2838883,111,71,8813,2003,5925934.0,2483870.0,1.399734,1.044608,ITA,ESP,841330
2838884,113,71,8813,2003,0.0,17073.0,0.12295,0.377031,JOR,ESP,841330
2838885,114,71,8813,2003,1940565.0,22449.0,2.4686630000000003,0.48072600000000004,JPN,ESP,841330
2838886,115,71,8813,2003,0.0,3983.0,-0.156326,-0.62092,KAZ,ESP,841330
2838887,116,71,8813,2003,0.0,9450.0,-0.3531,0.582992,KEN,ESP,841330
2838888,117,71,8813,2003,0.0,7214.0,0.25359699999999996,0.24101199999999998,KGZ,ESP,841330
2838889,121,71,8813,2003,343188.0,73520.0,1.2611709999999998,0.956308,KOR,ESP,841330
2838890,122,71,8813,2003,0.0,73543.0,-0.7943640000000001,-1.1529770000000001,KWT,ESP,841330
2838891,124,71,8813,2003,0.0,119306.0,0.261687,1.053856,LBN,ESP,841330
2838892,125,71,8813,2003,1187.0,0.0,0.026117,-1.03888,LBR,ESP,841330
2838893,130,71,8813,2003,8803.0,162240.0,0.239608,0.517299,LTU,ESP,841330
2838894,131,71,8813,2003,0.0,10094.0,1.444996,1.063764,LUX,ESP,841330
2838895,132,71,8813,2003,0.0,20479.0,0.520772,0.5631689999999999,LVA,ESP,841330
2838896,134,71,8813,2003,0.0,554091.0,-0.6842050000000001,-0.217892,MAR,ESP,841330
2838897,135,71,8813,2003,0.0,3335.0,-0.005154,-0.26107199999999997,MDA,ESP,841330
2838898,136,71,8813,2003,12867.0,1110.0,-1.254758,-0.622696,MDG,ESP,841330
2838899,138,71,8813,2003,3325.0,684590.0,0.862509,0.756684,MEX,ESP,841330
2838900,140,71,8813,2003,0.0,2777.0,-0.017632,0.225394,MKD,ESP,841330
2838901,141,71,8813,2003,0.0,3087.0,-0.786411,-0.879049,MLI,ESP,841330
2838902,142,71,8813,2003,0.0,26132.0,1.2138149999999999,-0.015687,MLT,ESP,841330
2838903,147,71,8813,2003,0.0,13569.0,-1.188243,-1.123693,MOZ,ESP,841330
2838904,148,71,8813,2003,730.0,3808.0,-1.069232,-1.184061,MRT,ESP,841330
2838905,151,71,8813,2003,0.0,8940.0,-0.361514,-0.29839899999999997,MUS,ESP,841330
2838906,153,71,8813,2003,0.0,69210.0,0.728804,0.2168,MYS,ESP,841330
2838907,154,71,8813,2003,0.0,1172.0,0.8645370000000001,-0.101347,MYT,ESP,841330
2838908,155,71,8813,2003,0.0,33541.0,-0.24004499999999998,-0.39565900000000004,NAM,ESP,841330
2838909,156,71,8813,2003,0.0,6504.0,-0.344934,-0.776632,NCL,ESP,841330
2838910,160,71,8813,2003,0.0,3437.0,-0.8661459999999999,-0.8661690000000001,NIC,ESP,841330
2838911,162,71,8813,2003,2591824.0,748460.0,1.168453,1.7085709999999998,NLD,ESP,841330
2838912,163,71,8813,2003,5012986.0,2419.0,1.1500620000000001,0.258554,NOR,ESP,841330
2838913,166,71,8813,2003,0.0,7677.0,0.589619,0.997301,NZL,ESP,841330
2838914,168,71,8813,2003,0.0,25857.0,-0.6659689999999999,0.137924,PAK,ESP,841330
2838915,173,71,8813,2003,2313.0,3193.0,-0.48627,0.371354,PER,ESP,841330
2838916,177,71,8813,2003,96012.0,805342.0,0.966622,1.664838,POL,ESP,841330
2838917,179,71,8813,2003,49330.0,3048169.0,0.471376,1.647303,PRT,ESP,841330
2838918,180,71,8813,2003,0.0,4386.0,-0.607733,-0.8577879999999999,PRY,ESP,841330
2838919,182,71,8813,2003,0.0,1487.0,-0.255707,-0.676557,PYF,ESP,841330
2838920,183,71,8813,2003,4374.0,0.0,-0.209042,-1.0565799999999999,QAT,ESP,841330
2838921,185,71,8813,2003,2244.0,62917.0,0.378379,1.0064620000000002,ROU,ESP,841330
2838922,186,71,8813,2003,15759.0,373608.0,1.072729,0.338355,RUS,ESP,841330
2838923,188,71,8813,2003,10232.0,15352.0,0.202286,-0.714691,SAU,ESP,841330
2838924,190,71,8813,2003,0.0,771.0,-1.3535059999999999,-1.1701409999999999,SDN,ESP,841330
2838925,191,71,8813,2003,0.0,11827.0,-0.25203600000000004,-0.25549299999999997,SEN,ESP,841330
2838926,192,71,8813,2003,3375.0,28906.0,1.5080799999999999,0.720337,SGP,ESP,841330
2838927,197,71,8813,2003,0.0,2018.0,-0.251357,-0.189917,SLV,ESP,841330
2838928,206,71,8813,2003,0.0,36467.0,1.22565,0.915518,SVK,ESP,841330
2838929,207,71,8813,2003,2039.0,50137.0,1.6459840000000001,1.014191,SVN,ESP,841330
2838930,208,71,8813,2003,517767.0,65775.0,2.099224,0.799982,SWE,ESP,841330
2838931,212,71,8813,2003,0.0,19084.0,-0.868749,-0.326322,SYR,ESP,841330
2838932,216,71,8813,2003,0.0,9623.0,0.43010699999999996,1.607408,THA,ESP,841330
2838933,223,71,8813,2003,0.0,456772.0,-0.14845999999999998,0.255092,TUN,ESP,841330
2838934,224,71,8813,2003,47060.0,128797.0,0.192802,1.9855060000000002,TUR,ESP,841330
2838935,226,71,8813,2003,0.0,1312.0,-1.225217,-0.43662399999999996,TZA,ESP,841330
2838936,228,71,8813,2003,3770.0,61172.0,0.8929389999999999,0.956685,UKR,ESP,841330
2838937,230,71,8813,2003,0.0,10924.0,0.19792200000000001,0.243104,URY,ESP,841330
2838938,231,71,8813,2003,530439.0,2452168.0,1.7789220000000001,0.064028,USA,ESP,841330
2838939,236,71,8813,2003,0.0,143370.0,0.277805,-0.783697,VEN,ESP,841330
2838940,246,71,8813,2003,3065.0,435768.0,0.477987,2.255395,ZAF,ESP,841330
2838941,249,71,8813,2003,60497.0,69376.0,1.5924040000000002,1.397843,TWN,ESP,841330
2838942,250,71,8813,2003,0.0,1422.0,0.45951499999999995,-0.2312,ANS,ESP,841330
2838943,2,77,8813,2003,0.0,36220.0,-1.8762919999999998,-1.176541,AGO,FRA,841330
2838944,5,77,8813,2003,0.0,22385.0,1.0901319999999999,0.618693,AND,FRA,841330
2838945,7,77,8813,2003,0.0,619658.0,0.049637,-0.502691,ARE,FRA,841330
2838946,8,77,8813,2003,3394589.0,1658623.0,0.302073,0.49069700000000005,ARG,FRA,841330
2838947,14,77,8813,2003,29581.0,273319.0,0.316879,0.9409489999999999,AUS,FRA,841330
2838948,15,77,8813,2003,1675804.0,16816472.0,1.834977,0.408096,AUT,FRA,841330
2838949,16,77,8813,2003,25294.0,3492.0,-0.304606,-0.975453,AZE,FRA,841330
2838950,18,77,8813,2003,10621880.0,17146150.0,1.361682,1.39536,BEL,FRA,841330
2838951,19,77,8813,2003,0.0,16738.0,-1.150888,-0.956203,BEN,FRA,841330
2838952,21,77,8813,2003,0.0,5529.0,-0.9365690000000001,-0.9699409999999999,BFA,FRA,841330
2838953,22,77,8813,2003,0.0,2045.0,-1.168404,-1.035782,BGD,FRA,841330
2838954,23,77,8813,2003,0.0,5570.0,0.43308599999999997,1.7104099999999998,BGR,FRA,841330
2838955,24,77,8813,2003,0.0,2878.0,-0.10968800000000001,-1.041032,BHR,FRA,841330
2838956,26,77,8813,2003,1052.0,35583.0,0.195667,0.347011,BIH,FRA,841330
2838957,28,77,8813,2003,0.0,923.0,0.847358,0.9307719999999999,BLR,FRA,841330
2838958,30,77,8813,2003,0.0,2264.0,0.9966459999999999,-0.5183270000000001,BMU,FRA,841330
2838959,31,77,8813,2003,0.0,14895.0,-0.787995,-0.7228899999999999,BOL,FRA,841330
2838960,32,77,8813,2003,74085.0,3124575.0,0.660576,1.118876,BRA,FRA,841330
2838961,33,77,8813,2003,0.0,3239.0,0.744166,0.074191,BRB,FRA,841330
2838962,38,77,8813,2003,0.0,3717.0,-1.342769,-0.905425,CAF,FRA,841330
2838963,39,77,8813,2003,24322.0,176608.0,0.9791540000000001,1.185081,CAN,FRA,841330
2838964,41,77,8813,2003,660634.0,348779.0,2.151037,0.711217,CHE,FRA,841330
2838965,42,77,8813,2003,6021.0,32689.0,-0.06375900000000001,-0.156808,CHL,FRA,841330
2838966,43,77,8813,2003,76144.0,6633512.0,0.579431,2.773139,CHN,FRA,841330
2838967,44,77,8813,2003,7068.0,61911.0,-0.699928,-0.723739,CIV,FRA,841330
2838968,45,77,8813,2003,8698.0,94194.0,-1.254788,-1.10897,CMR,FRA,841330
2838969,47,77,8813,2003,0.0,79230.0,-1.6789619999999998,-1.182557,COG,FRA,841330
2838970,49,77,8813,2003,0.0,123627.0,0.218336,0.376869,COL,FRA,841330
2838971,50,77,8813,2003,0.0,8014.0,-0.675377,-0.791014,COM,FRA,841330
2838972,51,77,8813,2003,0.0,24092.0,0.070649,-0.541279,CPV,FRA,841330
2838973,52,77,8813,2003,0.0,9822.0,-0.193904,-0.5049680000000001,CRI,FRA,841330
2838974,54,77,8813,2003,0.0,391655.0,-0.391515,-0.8562120000000001,CUB,FRA,841330
2838975,57,77,8813,2003,0.0,2264.0,0.308768,-0.690944,CYM,FRA,841330
2838976,58,77,8813,2003,0.0,265189.0,0.259992,0.068914,CYP,FRA,841330
2838977,59,77,8813,2003,46334016.0,1829618.0,1.555749,0.8662059999999999,CZE,FRA,841330
2838978,61,77,8813,2003,207823264.0,188688752.0,2.2821919999999998,-2.0985150000000004,DEU,FRA,841330
2838979,62,77,8813,2003,0.0,14714.0,-0.41648500000000005,-0.5408350000000001,DJI,FRA,841330
2838980,64,77,8813,2003,53688.0,1054967.0,1.309564,1.245596,DNK,FRA,841330
2838981,65,77,8813,2003,0.0,15092.0,-0.46264399999999994,-0.245034,DOM,FRA,841330
2838982,66,77,8813,2003,26806.0,3196312.0,-1.060727,-1.142594,DZA,FRA,841330
2838983,67,77,8813,2003,0.0,6081.0,-0.8689370000000001,-0.889767,ECU,FRA,841330
2838984,68,77,8813,2003,0.0,176595.0,-0.292923,0.465433,EGY,FRA,841330
2838985,69,77,8813,2003,0.0,21556.0,-0.105591,-0.247614,ERI,FRA,841330
2838986,71,77,8813,2003,39691812.0,33288246.0,0.960684,2.074792,ESP,FRA,841330
2838987,72,77,8813,2003,0.0,10676.0,0.5913010000000001,0.8489979999999999,EST,FRA,841330
2838988,73,77,8813,2003,0.0,881.0,-1.1145559999999999,-0.9599620000000001,ETH,FRA,841330
2838989,74,77,8813,2003,119082.0,541388.0,2.077889,0.942501,FIN,FRA,841330
2838990,78,77,8813,2003,0.0,494.0,-0.46422299999999994,-0.8072050000000001,FRO,FRA,841330
2838991,80,77,8813,2003,3247.0,90114.0,-0.92745,-1.138466,GAB,FRA,841330
2838992,81,77,8813,2003,29745998.0,36548960.0,1.8712540000000002,0.706205,GBR,FRA,841330
2838993,82,77,8813,2003,0.0,3562.0,0.595485,-0.25939,GEO,FRA,841330
2838994,83,77,8813,2003,0.0,1011.0,-1.074188,-0.7127319999999999,GHA,FRA,841330
2838995,85,77,8813,2003,0.0,61121.0,-2.14752,-1.250048,GIN,FRA,841330
2838996,89,77,8813,2003,0.0,5659.0,-2.4406529999999997,-0.821155,GNQ,FRA,841330
2838997,90,77,8813,2003,572268.0,2726572.0,0.364688,1.4823959999999998,GRC,FRA,841330
2838998,91,77,8813,2003,0.0,1734.0,0.3936,-0.258355,GRD,FRA,841330
2838999,93,77,8813,2003,0.0,2307.0,-0.444162,0.145319,GTM,FRA,841330
2839000,96,77,8813,2003,0.0,3814.0,-0.59035,-0.7361340000000001,GUY,FRA,841330
2839001,97,77,8813,2003,11180.0,555302.0,0.494569,2.147062,HKG,FRA,841330
2839002,99,77,8813,2003,0.0,5466.0,-0.733546,-0.568585,HND,FRA,841330
2839003,100,77,8813,2003,50854.0,15688.0,0.568394,1.230759,HRV,FRA,841330
2839004,102,77,8813,2003,19632590.0,1469758.0,1.2003270000000001,1.091407,HUN,FRA,841330
2839005,103,77,8813,2003,2584.0,24581.0,-0.16802,1.7252990000000001,IDN,FRA,841330
2839006,104,77,8813,2003,411988.0,558556.0,0.33014099999999996,2.836003,IND,FRA,841330
2839007,106,77,8813,2003,323542.0,214119.0,1.6396130000000002,0.220599,IRL,FRA,841330
2839008,107,77,8813,2003,0.0,5217538.0,-0.552146,-0.8668520000000001,IRN,FRA,841330
2839009,108,77,8813,2003,0.0,21505.0,-0.398557,-0.774153,IRQ,FRA,841330
2839010,109,77,8813,2003,0.0,2905.0,0.21902800000000003,-0.40818499999999996,ISL,FRA,841330
2839011,110,77,8813,2003,1528840.0,994437.0,1.157809,0.682195,ISR,FRA,841330
2839012,111,77,8813,2003,206916112.0,31216608.0,1.399734,1.044608,ITA,FRA,841330
2839013,112,77,8813,2003,14291.0,1050.0,-0.6684140000000001,-0.915817,JAM,FRA,841330
2839014,113,77,8813,2003,0.0,28790.0,0.12295,0.377031,JOR,FRA,841330
2839015,114,77,8813,2003,18348970.0,573914.0,2.4686630000000003,0.48072600000000004,JPN,FRA,841330
2839016,115,77,8813,2003,975.0,23498.0,-0.156326,-0.62092,KAZ,FRA,841330
2839017,116,77,8813,2003,2242.0,6773.0,-0.3531,0.582992,KEN,FRA,841330
2839018,120,77,8813,2003,0.0,1260.0,0.555154,-0.405962,KNA,FRA,841330
2839019,121,77,8813,2003,225605.0,21490486.0,1.2611709999999998,0.956308,KOR,FRA,841330
2839020,122,77,8813,2003,0.0,52645.0,-0.7943640000000001,-1.1529770000000001,KWT,FRA,841330
2839021,124,77,8813,2003,0.0,92695.0,0.261687,1.053856,LBN,FRA,841330
2839022,125,77,8813,2003,0.0,11319.0,0.026117,-1.03888,LBR,FRA,841330
2839023,126,77,8813,2003,0.0,151670.0,-0.36075999999999997,-1.110575,LBY,FRA,841330
2839024,128,77,8813,2003,0.0,11724.0,-0.618057,0.101931,LKA,FRA,841330
2839025,130,77,8813,2003,0.0,4293.0,0.239608,0.517299,LTU,FRA,841330
2839026,131,77,8813,2003,19598.0,65710.0,1.444996,1.063764,LUX,FRA,841330
2839027,132,77,8813,2003,1020.0,10469.0,0.520772,0.5631689999999999,LVA,FRA,841330
2839028,134,77,8813,2003,4424.0,1370391.0,-0.6842050000000001,-0.217892,MAR,FRA,841330
2839029,135,77,8813,2003,0.0,1703.0,-0.005154,-0.26107199999999997,MDA,FRA,841330
2839030,136,77,8813,2003,14685.0,74000.0,-1.254758,-0.622696,MDG,FRA,841330
2839031,138,77,8813,2003,416520.0,1796542.0,0.862509,0.756684,MEX,FRA,841330
2839032,140,77,8813,2003,0.0,6170.0,-0.017632,0.225394,MKD,FRA,841330
2839033,141,77,8813,2003,0.0,18746.0,-0.786411,-0.879049,MLI,FRA,841330
2839034,142,77,8813,2003,0.0,7020.0,1.2138149999999999,-0.015687,MLT,FRA,841330
2839035,145,77,8813,2003,0.0,1002.0,-0.9747620000000001,-1.026308,MNG,FRA,841330
2839036,147,77,8813,2003,0.0,2500.0,-1.188243,-1.123693,MOZ,FRA,841330
2839037,148,77,8813,2003,0.0,42864.0,-1.069232,-1.184061,MRT,FRA,841330
2839038,151,77,8813,2003,0.0,53135.0,-0.361514,-0.29839899999999997,MUS,FRA,841330
2839039,152,77,8813,2003,0.0,3369.0,-1.48079,-1.235645,MWI,FRA,841330
2839040,153,77,8813,2003,54201.0,23443.0,0.728804,0.2168,MYS,FRA,841330
2839041,154,77,8813,2003,1399.0,15790.0,0.8645370000000001,-0.101347,MYT,FRA,841330
2839042,156,77,8813,2003,2204.0,108655.0,-0.344934,-0.776632,NCL,FRA,841330
2839043,157,77,8813,2003,11316.0,18022.0,-0.199296,-0.578264,NER,FRA,841330
2839044,159,77,8813,2003,17974.0,528991.0,-1.859176,-1.234236,NGA,FRA,841330
2839045,160,77,8813,2003,0.0,2073.0,-0.8661459999999999,-0.8661690000000001,NIC,FRA,841330
2839046,162,77,8813,2003,4195264.0,2399082.0,1.168453,1.7085709999999998,NLD,FRA,841330
2839047,163,77,8813,2003,49158.0,1119580.0,1.1500620000000001,0.258554,NOR,FRA,841330
2839048,166,77,8813,2003,0.0,3555.0,0.589619,0.997301,NZL,FRA,841330
2839049,167,77,8813,2003,0.0,2186.0,-1.434873,-1.188123,OMN,FRA,841330
2839050,168,77,8813,2003,0.0,10833.0,-0.6659689999999999,0.137924,PAK,FRA,841330
2839051,169,77,8813,2003,0.0,29118.0,-0.050386,-0.039619999999999995,PAN,FRA,841330
2839052,173,77,8813,2003,1644.0,5018.0,-0.48627,0.371354,PER,FRA,841330
2839053,177,77,8813,2003,5596910.0,7900817.0,0.966622,1.664838,POL,FRA,841330
2839054,179,77,8813,2003,4273020.0,2010348.0,0.471376,1.647303,PRT,FRA,841330
2839055,180,77,8813,2003,0.0,996.0,-0.607733,-0.8577879999999999,PRY,FRA,841330
2839056,182,77,8813,2003,7682.0,63603.0,-0.255707,-0.676557,PYF,FRA,841330
2839057,183,77,8813,2003,0.0,38823.0,-0.209042,-1.0565799999999999,QAT,FRA,841330
2839058,185,77,8813,2003,14550.0,1124544.0,0.378379,1.0064620000000002,ROU,FRA,841330
2839059,186,77,8813,2003,3264.0,125791.0,1.072729,0.338355,RUS,FRA,841330
2839060,188,77,8813,2003,0.0,72400.0,0.202286,-0.714691,SAU,FRA,841330
2839061,189,77,8813,2003,0.0,11319.0,0.575326,1.627894,SCG,FRA,841330
2839062,190,77,8813,2003,0.0,54339.0,-1.3535059999999999,-1.1701409999999999,SDN,FRA,841330
2839063,191,77,8813,2003,0.0,29231.0,-0.25203600000000004,-0.25549299999999997,SEN,FRA,841330
2839064,192,77,8813,2003,59293.0,913855.0,1.5080799999999999,0.720337,SGP,FRA,841330
2839065,196,77,8813,2003,0.0,13582.0,0.129923,-0.19926300000000002,SLE,FRA,841330
2839066,197,77,8813,2003,0.0,2175.0,-0.251357,-0.189917,SLV,FRA,841330
2839067,200,77,8813,2003,0.0,26033.0,0.677331,-0.645223,SPM,FRA,841330
2839068,206,77,8813,2003,22564.0,139694.0,1.22565,0.915518,SVK,FRA,841330
2839069,207,77,8813,2003,16585.0,334597.0,1.6459840000000001,1.014191,SVN,FRA,841330
2839070,208,77,8813,2003,1437464.0,5090416.0,2.099224,0.799982,SWE,FRA,841330
2839071,211,77,8813,2003,0.0,1954.0,-0.44341099999999994,-0.742566,SYC,FRA,841330
2839072,212,77,8813,2003,0.0,89282.0,-0.868749,-0.326322,SYR,FRA,841330
2839073,214,77,8813,2003,0.0,35088.0,-0.263238,-0.6801189999999999,TCD,FRA,841330
2839074,215,77,8813,2003,0.0,5220.0,-0.5058590000000001,-0.520586,TGO,FRA,841330
2839075,216,77,8813,2003,0.0,54529.0,0.43010699999999996,1.607408,THA,FRA,841330
2839076,219,77,8813,2003,8748.0,32824.0,-1.223295,-1.250217,TKM,FRA,841330
2839077,221,77,8813,2003,0.0,653.0,-0.8467379999999999,-0.815816,TON,FRA,841330
2839078,222,77,8813,2003,0.0,12369.0,-0.16738,-0.9820969999999999,TTO,FRA,841330
2839079,223,77,8813,2003,27408.0,639424.0,-0.14845999999999998,0.255092,TUN,FRA,841330
2839080,224,77,8813,2003,141957.0,4413602.0,0.192802,1.9855060000000002,TUR,FRA,841330
2839081,226,77,8813,2003,0.0,2165.0,-1.225217,-0.43662399999999996,TZA,FRA,841330
2839082,228,77,8813,2003,1948.0,22981.0,0.8929389999999999,0.956685,UKR,FRA,841330
2839083,230,77,8813,2003,0.0,22915.0,0.19792200000000001,0.243104,URY,FRA,841330
2839084,231,77,8813,2003,40601736.0,5183132.0,1.7789220000000001,0.064028,USA,FRA,841330
2839085,232,77,8813,2003,0.0,21505.0,-0.285978,-0.703334,UZB,FRA,841330
2839086,234,77,8813,2003,0.0,6009.0,-0.355758,-0.679181,VCT,FRA,841330
2839087,236,77,8813,2003,0.0,22745.0,0.277805,-0.783697,VEN,FRA,841330
2839088,239,77,8813,2003,0.0,65971.0,-0.633985,0.659696,VNM,FRA,841330
2839089,243,77,8813,2003,0.0,2264.0,-1.453584,-1.257815,YEM,FRA,841330
2839090,246,77,8813,2003,13809.0,373516.0,0.477987,2.255395,ZAF,FRA,841330
2839091,248,77,8813,2003,0.0,10187.0,-0.366539,-0.18906199999999998,ZWE,FRA,841330
2839092,249,77,8813,2003,319974.0,172533.0,1.5924040000000002,1.397843,TWN,FRA,841330
2839093,250,77,8813,2003,1177920.0,0.0,0.45951499999999995,-0.2312,ANS,FRA,841330
2839094,4,81,8813,2003,0.0,1364.0,-0.053595000000000004,0.166034,ALB,GBR,841330
2839095,6,81,8813,2003,0.0,4320.0,0.108903,-0.650137,ANT,GBR,841330
2839096,7,81,8813,2003,166796.0,138081.0,0.049637,-0.502691,ARE,GBR,841330
2839097,8,81,8813,2003,39740.0,20374.0,0.302073,0.49069700000000005,ARG,GBR,841330
2839098,9,81,8813,2003,0.0,8594.0,0.497521,-0.305788,ARM,GBR,841330
2839099,14,81,8813,2003,121805.0,693842.0,0.316879,0.9409489999999999,AUS,GBR,841330
2839100,15,81,8813,2003,930854.0,175239.0,1.834977,0.408096,AUT,GBR,841330
2839101,16,81,8813,2003,0.0,93258.0,-0.304606,-0.975453,AZE,GBR,841330
2839102,18,81,8813,2003,6716915.0,2162766.0,1.361682,1.39536,BEL,GBR,841330
2839103,22,81,8813,2003,0.0,5284.0,-1.168404,-1.035782,BGD,GBR,841330
2839104,23,81,8813,2003,14877.0,43543.0,0.43308599999999997,1.7104099999999998,BGR,GBR,841330
2839105,24,81,8813,2003,0.0,1290.0,-0.10968800000000001,-1.041032,BHR,GBR,841330
2839106,26,81,8813,2003,1950.0,3256.0,0.195667,0.347011,BIH,GBR,841330
2839107,28,81,8813,2003,0.0,12233.0,0.847358,0.9307719999999999,BLR,GBR,841330
2839108,29,81,8813,2003,0.0,15478.0,-0.543555,-0.7596,BLZ,GBR,841330
2839109,31,81,8813,2003,0.0,8678.0,-0.787995,-0.7228899999999999,BOL,GBR,841330
2839110,32,81,8813,2003,3527866.0,335964.0,0.660576,1.118876,BRA,GBR,841330
2839111,33,81,8813,2003,0.0,69058.0,0.744166,0.074191,BRB,GBR,841330
2839112,34,81,8813,2003,3724.0,1244.0,-1.342738,-0.978633,BRN,GBR,841330
2839113,37,81,8813,2003,0.0,18608.0,-0.517317,-1.1125770000000001,BWA,GBR,841330
2839114,39,81,8813,2003,86747.0,91533.0,0.9791540000000001,1.185081,CAN,GBR,841330
2839115,41,81,8813,2003,207983.0,224852.0,2.151037,0.711217,CHE,GBR,841330
2839116,42,81,8813,2003,1079.0,18489.0,-0.06375900000000001,-0.156808,CHL,GBR,841330
2839117,43,81,8813,2003,248640.0,252970.0,0.579431,2.773139,CHN,GBR,841330
2839118,45,81,8813,2003,0.0,23053.0,-1.254788,-1.10897,CMR,GBR,841330
2839119,49,81,8813,2003,0.0,22081.0,0.218336,0.376869,COL,GBR,841330
2839120,51,81,8813,2003,0.0,7701.0,0.070649,-0.541279,CPV,GBR,841330
2839121,52,81,8813,2003,0.0,27186.0,-0.193904,-0.5049680000000001,CRI,GBR,841330
2839122,54,81,8813,2003,0.0,2762.0,-0.391515,-0.8562120000000001,CUB,GBR,841330
2839123,58,81,8813,2003,1669.0,6303.0,0.259992,0.068914,CYP,GBR,841330
2839124,59,81,8813,2003,6120679.0,195544.0,1.555749,0.8662059999999999,CZE,GBR,841330
2839125,61,81,8813,2003,167096960.0,20889992.0,2.2821919999999998,-2.0985150000000004,DEU,GBR,841330
2839126,63,81,8813,2003,0.0,5548.0,0.11903299999999999,-0.21768200000000001,DMA,GBR,841330
2839127,64,81,8813,2003,89868.0,339736.0,1.309564,1.245596,DNK,GBR,841330
2839128,65,81,8813,2003,0.0,9989.0,-0.46264399999999994,-0.245034,DOM,GBR,841330
2839129,66,81,8813,2003,0.0,217375.0,-1.060727,-1.142594,DZA,GBR,841330
2839130,67,81,8813,2003,0.0,12924.0,-0.8689370000000001,-0.889767,ECU,GBR,841330
2839131,68,81,8813,2003,0.0,1106465.0,-0.292923,0.465433,EGY,GBR,841330
2839132,69,81,8813,2003,0.0,2591.0,-0.105591,-0.247614,ERI,GBR,841330
2839133,71,81,8813,2003,84229656.0,12304417.0,0.960684,2.074792,ESP,GBR,841330
2839134,72,81,8813,2003,3357.0,93641.0,0.5913010000000001,0.8489979999999999,EST,GBR,841330
2839135,73,81,8813,2003,0.0,6343.0,-1.1145559999999999,-0.9599620000000001,ETH,GBR,841330
2839136,74,81,8813,2003,151588.0,267053.0,2.077889,0.942501,FIN,GBR,841330
2839137,75,81,8813,2003,0.0,1494.0,-0.6865640000000001,-0.326977,FJI,GBR,841330
2839138,77,81,8813,2003,36548960.0,29745998.0,1.606606,0.7394149999999999,FRA,GBR,841330
2839139,78,81,8813,2003,0.0,3814.0,-0.46422299999999994,-0.8072050000000001,FRO,GBR,841330
2839140,80,81,8813,2003,0.0,31354.0,-0.92745,-1.138466,GAB,GBR,841330
2839141,83,81,8813,2003,1968.0,1312.0,-1.074188,-0.7127319999999999,GHA,GBR,841330
2839142,84,81,8813,2003,5507.0,34407.0,1.133606,-0.176782,GIB,GBR,841330
2839143,87,81,8813,2003,0.0,2454.0,-0.230541,-0.275663,GMB,GBR,841330
2839144,90,81,8813,2003,0.0,331039.0,0.364688,1.4823959999999998,GRC,GBR,841330
2839145,91,81,8813,2003,0.0,1767.0,0.3936,-0.258355,GRD,GBR,841330
2839146,92,81,8813,2003,0.0,790.0,-0.764655,-0.8684200000000001,GRL,GBR,841330
2839147,93,81,8813,2003,3869.0,25960.0,-0.444162,0.145319,GTM,GBR,841330
2839148,96,81,8813,2003,0.0,57361.0,-0.59035,-0.7361340000000001,GUY,GBR,841330
2839149,97,81,8813,2003,6503.0,53278.0,0.494569,2.147062,HKG,GBR,841330
2839150,99,81,8813,2003,0.0,17194.0,-0.733546,-0.568585,HND,GBR,841330
2839151,100,81,8813,2003,941.0,189062.0,0.568394,1.230759,HRV,GBR,841330
2839152,102,81,8813,2003,5833888.0,10321.0,1.2003270000000001,1.091407,HUN,GBR,841330
2839153,103,81,8813,2003,0.0,28250.0,-0.16802,1.7252990000000001,IDN,GBR,841330
2839154,104,81,8813,2003,1084672.0,525002.0,0.33014099999999996,2.836003,IND,GBR,841330
2839155,106,81,8813,2003,51160.0,2404259.0,1.6396130000000002,0.220599,IRL,GBR,841330
2839156,107,81,8813,2003,0.0,58555.0,-0.552146,-0.8668520000000001,IRN,GBR,841330
2839157,109,81,8813,2003,1934.0,72457.0,0.21902800000000003,-0.40818499999999996,ISL,GBR,841330
2839158,110,81,8813,2003,0.0,48655.0,1.157809,0.682195,ISR,GBR,841330
2839159,111,81,8813,2003,7029286.0,5611122.0,1.399734,1.044608,ITA,GBR,841330
2839160,112,81,8813,2003,0.0,94012.0,-0.6684140000000001,-0.915817,JAM,GBR,841330
2839161,113,81,8813,2003,0.0,4353.0,0.12295,0.377031,JOR,GBR,841330
2839162,114,81,8813,2003,30506588.0,386629.0,2.4686630000000003,0.48072600000000004,JPN,GBR,841330
2839163,115,81,8813,2003,12964.0,8710.0,-0.156326,-0.62092,KAZ,GBR,841330
2839164,116,81,8813,2003,0.0,8212.0,-0.3531,0.582992,KEN,GBR,841330
2839165,120,81,8813,2003,0.0,5766.0,0.555154,-0.405962,KNA,GBR,841330
2839166,121,81,8813,2003,375736.0,194873.0,1.2611709999999998,0.956308,KOR,GBR,841330
2839167,122,81,8813,2003,1164.0,4713.0,-0.7943640000000001,-1.1529770000000001,KWT,GBR,841330
2839168,124,81,8813,2003,1898.0,81295.0,0.261687,1.053856,LBN,GBR,841330
2839169,126,81,8813,2003,0.0,557417.0,-0.36075999999999997,-1.110575,LBY,GBR,841330
2839170,127,81,8813,2003,2840.0,34033.0,0.318385,-0.342679,LCA,GBR,841330
2839171,128,81,8813,2003,1348.0,29421.0,-0.618057,0.101931,LKA,GBR,841330
2839172,130,81,8813,2003,2854.0,4136.0,0.239608,0.517299,LTU,GBR,841330
2839173,131,81,8813,2003,27004.0,177294.0,1.444996,1.063764,LUX,GBR,841330
2839174,132,81,8813,2003,0.0,17995.0,0.520772,0.5631689999999999,LVA,GBR,841330
2839175,134,81,8813,2003,0.0,17127.0,-0.6842050000000001,-0.217892,MAR,GBR,841330
2839176,136,81,8813,2003,1773.0,21767.0,-1.254758,-0.622696,MDG,GBR,841330
2839177,138,81,8813,2003,21816.0,326103.0,0.862509,0.756684,MEX,GBR,841330
2839178,140,81,8813,2003,0.0,12781.0,-0.017632,0.225394,MKD,GBR,841330
2839179,141,81,8813,2003,0.0,106797.0,-0.786411,-0.879049,MLI,GBR,841330
2839180,142,81,8813,2003,2211.0,36587.0,1.2138149999999999,-0.015687,MLT,GBR,841330
2839181,145,81,8813,2003,0.0,1450.0,-0.9747620000000001,-1.026308,MNG,GBR,841330
2839182,147,81,8813,2003,0.0,2490.0,-1.188243,-1.123693,MOZ,GBR,841330
2839183,148,81,8813,2003,0.0,2895.0,-1.069232,-1.184061,MRT,GBR,841330
2839184,149,81,8813,2003,0.0,711.0,0.383768,-0.320867,MSR,GBR,841330
2839185,151,81,8813,2003,0.0,47689.0,-0.361514,-0.29839899999999997,MUS,GBR,841330
2839186,152,81,8813,2003,0.0,7968.0,-1.48079,-1.235645,MWI,GBR,841330
2839187,153,81,8813,2003,6719.0,167375.0,0.728804,0.2168,MYS,GBR,841330
2839188,156,81,8813,2003,0.0,22050.0,-0.344934,-0.776632,NCL,GBR,841330
2839189,159,81,8813,2003,0.0,710843.0,-1.859176,-1.234236,NGA,GBR,841330
2839190,160,81,8813,2003,0.0,1817.0,-0.8661459999999999,-0.8661690000000001,NIC,GBR,841330
2839191,162,81,8813,2003,4081802.0,1905144.0,1.168453,1.7085709999999998,NLD,GBR,841330
2839192,163,81,8813,2003,188614.0,528548.0,1.1500620000000001,0.258554,NOR,GBR,841330
2839193,166,81,8813,2003,107221.0,24218.0,0.589619,0.997301,NZL,GBR,841330
2839194,167,81,8813,2003,12402.0,0.0,-1.434873,-1.188123,OMN,GBR,841330
2839195,168,81,8813,2003,0.0,77411.0,-0.6659689999999999,0.137924,PAK,GBR,841330
2839196,169,81,8813,2003,0.0,3200.0,-0.050386,-0.039619999999999995,PAN,GBR,841330
2839197,173,81,8813,2003,2501.0,15532.0,-0.48627,0.371354,PER,GBR,841330
2839198,174,81,8813,2003,0.0,10845.0,-0.065022,-0.195144,PHL,GBR,841330
2839199,177,81,8813,2003,5272055.0,1837098.0,0.966622,1.664838,POL,GBR,841330
2839200,179,81,8813,2003,1327806.0,459603.0,0.471376,1.647303,PRT,GBR,841330
2839201,180,81,8813,2003,0.0,10282.0,-0.607733,-0.8577879999999999,PRY,GBR,841330
2839202,182,81,8813,2003,0.0,2955.0,-0.255707,-0.676557,PYF,GBR,841330
2839203,183,81,8813,2003,0.0,28106.0,-0.209042,-1.0565799999999999,QAT,GBR,841330
2839204,185,81,8813,2003,0.0,330765.0,0.378379,1.0064620000000002,ROU,GBR,841330
2839205,186,81,8813,2003,0.0,25804.0,1.072729,0.338355,RUS,GBR,841330
2839206,188,81,8813,2003,0.0,36025.0,0.202286,-0.714691,SAU,GBR,841330
2839207,190,81,8813,2003,0.0,13668.0,-1.3535059999999999,-1.1701409999999999,SDN,GBR,841330
2839208,191,81,8813,2003,0.0,1906.0,-0.25203600000000004,-0.25549299999999997,SEN,GBR,841330
2839209,192,81,8813,2003,2457.0,414473.0,1.5080799999999999,0.720337,SGP,GBR,841330
2839210,196,81,8813,2003,0.0,4329.0,0.129923,-0.19926300000000002,SLE,GBR,841330
2839211,197,81,8813,2003,0.0,4016.0,-0.251357,-0.189917,SLV,GBR,841330
2839212,206,81,8813,2003,15794.0,2554.0,1.22565,0.915518,SVK,GBR,841330
2839213,207,81,8813,2003,341545.0,18514.0,1.6459840000000001,1.014191,SVN,GBR,841330
2839214,208,81,8813,2003,1186092.0,6003044.0,2.099224,0.799982,SWE,GBR,841330
2839215,211,81,8813,2003,0.0,29696.0,-0.44341099999999994,-0.742566,SYC,GBR,841330
2839216,216,81,8813,2003,35073.0,288857.0,0.43010699999999996,1.607408,THA,GBR,841330
2839217,222,81,8813,2003,0.0,9023.0,-0.16738,-0.9820969999999999,TTO,GBR,841330
2839218,223,81,8813,2003,8519.0,210551.0,-0.14845999999999998,0.255092,TUN,GBR,841330
2839219,224,81,8813,2003,562863.0,539238.0,0.192802,1.9855060000000002,TUR,GBR,841330
2839220,226,81,8813,2003,0.0,12637.0,-1.225217,-0.43662399999999996,TZA,GBR,841330
2839221,227,81,8813,2003,0.0,58305.0,-0.895193,-0.712039,UGA,GBR,841330
2839222,228,81,8813,2003,647.0,20647.0,0.8929389999999999,0.956685,UKR,GBR,841330
2839223,230,81,8813,2003,0.0,11701.0,0.19792200000000001,0.243104,URY,GBR,841330
2839224,231,81,8813,2003,11773587.0,22717314.0,1.7789220000000001,0.064028,USA,GBR,841330
2839225,234,81,8813,2003,0.0,860.0,-0.355758,-0.679181,VCT,GBR,841330
2839226,236,81,8813,2003,0.0,71521.0,0.277805,-0.783697,VEN,GBR,841330
2839227,237,81,8813,2003,0.0,25882.0,0.685109,-0.20824299999999998,VGB,GBR,841330
2839228,239,81,8813,2003,0.0,24870.0,-0.633985,0.659696,VNM,GBR,841330
2839229,242,81,8813,2003,0.0,712.0,-0.304377,-0.620659,WSM,GBR,841330
2839230,243,81,8813,2003,0.0,1191.0,-1.453584,-1.257815,YEM,GBR,841330
2839231,246,81,8813,2003,51929.0,177060.0,0.477987,2.255395,ZAF,GBR,841330
2839232,247,81,8813,2003,0.0,12430.0,-0.678149,-0.5919449999999999,ZMB,GBR,841330
2839233,249,81,8813,2003,602922.0,8549.0,1.5924040000000002,1.397843,TWN,GBR,841330
2839234,4,90,8813,2003,0.0,46814.0,-0.053595000000000004,0.166034,ALB,GRC,841330
2839235,7,90,8813,2003,0.0,39578.0,0.049637,-0.502691,ARE,GRC,841330
2839236,15,90,8813,2003,10623.0,0.0,1.834977,0.408096,AUT,GRC,841330
2839237,18,90,8813,2003,933766.0,17350.0,1.361682,1.39536,BEL,GRC,841330
2839238,23,90,8813,2003,1583.0,22285.0,0.43308599999999997,1.7104099999999998,BGR,GRC,841330
2839239,26,90,8813,2003,17098.0,0.0,0.195667,0.347011,BIH,GRC,841330
2839240,28,90,8813,2003,4722.0,0.0,0.847358,0.9307719999999999,BLR,GRC,841330
2839241,32,90,8813,2003,76485.0,2904.0,0.660576,1.118876,BRA,GRC,841330
2839242,41,90,8813,2003,2147.0,15495.0,2.151037,0.711217,CHE,GRC,841330
2839243,43,90,8813,2003,16293.0,0.0,0.579431,2.773139,CHN,GRC,841330
2839244,58,90,8813,2003,57717.0,72143.0,0.259992,0.068914,CYP,GRC,841330
2839245,59,90,8813,2003,51675.0,0.0,1.555749,0.8662059999999999,CZE,GRC,841330
2839246,61,90,8813,2003,3743696.0,69880.0,2.2821919999999998,-2.0985150000000004,DEU,GRC,841330
2839247,64,90,8813,2003,3979.0,0.0,1.309564,1.245596,DNK,GRC,841330
2839248,68,90,8813,2003,0.0,12238.0,-0.292923,0.465433,EGY,GRC,841330
2839249,71,90,8813,2003,236320.0,0.0,0.960684,2.074792,ESP,GRC,841330
2839250,73,90,8813,2003,0.0,1342.0,-1.1145559999999999,-0.9599620000000001,ETH,GRC,841330
2839251,74,90,8813,2003,3287.0,0.0,2.077889,0.942501,FIN,GRC,841330
2839252,77,90,8813,2003,2726572.0,572268.0,1.606606,0.7394149999999999,FRA,GRC,841330
2839253,81,90,8813,2003,331039.0,0.0,1.8712540000000002,0.706205,GBR,GRC,841330
2839254,82,90,8813,2003,0.0,1500.0,0.595485,-0.25939,GEO,GRC,841330
2839255,97,90,8813,2003,0.0,3059.0,0.494569,2.147062,HKG,GRC,841330
2839256,100,90,8813,2003,2785.0,0.0,0.568394,1.230759,HRV,GRC,841330
2839257,102,90,8813,2003,171575.0,871.0,1.2003270000000001,1.091407,HUN,GRC,841330
2839258,104,90,8813,2003,13558.0,0.0,0.33014099999999996,2.836003,IND,GRC,841330
2839259,111,90,8813,2003,2501642.0,4879.0,1.399734,1.044608,ITA,GRC,841330
2839260,114,90,8813,2003,1172224.0,0.0,2.4686630000000003,0.48072600000000004,JPN,GRC,841330
2839261,121,90,8813,2003,22464.0,0.0,1.2611709999999998,0.956308,KOR,GRC,841330
2839262,124,90,8813,2003,0.0,1288.0,0.261687,1.053856,LBN,GRC,841330
2839263,136,90,8813,2003,848.0,0.0,-1.254758,-0.622696,MDG,GRC,841330
2839264,138,90,8813,2003,0.0,897.0,0.862509,0.756684,MEX,GRC,841330
2839265,140,90,8813,2003,0.0,5940.0,-0.017632,0.225394,MKD,GRC,841330
2839266,159,90,8813,2003,0.0,25676.0,-1.859176,-1.234236,NGA,GRC,841330
2839267,162,90,8813,2003,421276.0,102694.0,1.168453,1.7085709999999998,NLD,GRC,841330
2839268,177,90,8813,2003,642714.0,0.0,0.966622,1.664838,POL,GRC,841330
2839269,185,90,8813,2003,67335.0,16917.0,0.378379,1.0064620000000002,ROU,GRC,841330
2839270,186,90,8813,2003,45977.0,0.0,1.072729,0.338355,RUS,GRC,841330
2839271,189,90,8813,2003,112614.0,0.0,0.575326,1.627894,SCG,GRC,841330
2839272,190,90,8813,2003,0.0,30952.0,-1.3535059999999999,-1.1701409999999999,SDN,GRC,841330
2839273,192,90,8813,2003,1963.0,0.0,1.5080799999999999,0.720337,SGP,GRC,841330
2839274,207,90,8813,2003,1983.0,0.0,1.6459840000000001,1.014191,SVN,GRC,841330
2839275,208,90,8813,2003,83707.0,0.0,2.099224,0.799982,SWE,GRC,841330
2839276,212,90,8813,2003,0.0,1242.0,-0.868749,-0.326322,SYR,GRC,841330
2839277,224,90,8813,2003,39405.0,2970.0,0.192802,1.9855060000000002,TUR,GRC,841330
2839278,228,90,8813,2003,778.0,0.0,0.8929389999999999,0.956685,UKR,GRC,841330
2839279,231,90,8813,2003,98116.0,0.0,1.7789220000000001,0.064028,USA,GRC,841330
2839280,249,90,8813,2003,13871.0,0.0,1.5924040000000002,1.397843,TWN,GRC,841330
2839281,250,90,8813,2003,0.0,43674.0,0.45951499999999995,-0.2312,ANS,GRC,841330
2839282,32,96,8813,2003,4104.0,0.0,0.660576,1.118876,BRA,GUY,841330
2839283,39,96,8813,2003,2594.0,1212.0,0.9791540000000001,1.185081,CAN,GUY,841330
2839284,43,96,8813,2003,8880.0,0.0,0.579431,2.773139,CHN,GUY,841330
2839285,61,96,8813,2003,1291.0,0.0,2.2821919999999998,-2.0985150000000004,DEU,GUY,841330
2839286,77,96,8813,2003,3814.0,0.0,1.606606,0.7394149999999999,FRA,GUY,841330
2839287,81,96,8813,2003,57361.0,0.0,1.8712540000000002,0.706205,GBR,GUY,841330
2839288,104,96,8813,2003,2812.0,0.0,0.33014099999999996,2.836003,IND,GUY,841330
2839289,111,96,8813,2003,3862.0,0.0,1.399734,1.044608,ITA,GUY,841330
2839290,114,96,8813,2003,9174.0,0.0,2.4686630000000003,0.48072600000000004,JPN,GUY,841330
2839291,121,96,8813,2003,1213.0,0.0,1.2611709999999998,0.956308,KOR,GUY,841330
2839292,162,96,8813,2003,969.0,0.0,1.168453,1.7085709999999998,NLD,GUY,841330
2839293,169,96,8813,2003,826.0,0.0,-0.050386,-0.039619999999999995,PAN,GUY,841330
2839294,205,96,8813,2003,0.0,1428.0,-0.896925,-0.88623,SUR,GUY,841330
2839295,222,96,8813,2003,0.0,1208.0,-0.16738,-0.9820969999999999,TTO,GUY,841330
2839296,231,96,8813,2003,258350.0,41566.0,1.7789220000000001,0.064028,USA,GUY,841330
2839297,7,97,8813,2003,253827.0,0.0,0.049637,-0.502691,ARE,HKG,841330
2839298,14,97,8813,2003,141541.0,1280.0,0.316879,0.9409489999999999,AUS,HKG,841330
2839299,15,97,8813,2003,281903.0,0.0,1.834977,0.408096,AUT,HKG,841330
2839300,18,97,8813,2003,9216.0,0.0,1.361682,1.39536,BEL,HKG,841330
2839301,32,97,8813,2003,74890.0,0.0,0.660576,1.118876,BRA,HKG,841330
2839302,39,97,8813,2003,5839.0,0.0,0.9791540000000001,1.185081,CAN,HKG,841330
2839303,42,97,8813,2003,0.0,2284.0,-0.06375900000000001,-0.156808,CHL,HKG,841330
2839304,43,97,8813,2003,341805.0,239652.0,0.579431,2.773139,CHN,HKG,841330
2839305,49,97,8813,2003,0.0,5876.0,0.218336,0.376869,COL,HKG,841330
2839306,61,97,8813,2003,1510370.0,17543.0,2.2821919999999998,-2.0985150000000004,DEU,HKG,841330
2839307,65,97,8813,2003,0.0,6789.0,-0.46264399999999994,-0.245034,DOM,HKG,841330
2839308,66,97,8813,2003,0.0,82382.0,-1.060727,-1.142594,DZA,HKG,841330
2839309,67,97,8813,2003,0.0,3109.0,-0.8689370000000001,-0.889767,ECU,HKG,841330
2839310,68,97,8813,2003,0.0,10073.0,-0.292923,0.465433,EGY,HKG,841330
2839311,71,97,8813,2003,2914.0,2800.0,0.960684,2.074792,ESP,HKG,841330
2839312,74,97,8813,2003,6839.0,16338.0,2.077889,0.942501,FIN,HKG,841330
2839313,77,97,8813,2003,555302.0,11180.0,1.606606,0.7394149999999999,FRA,HKG,841330
2839314,81,97,8813,2003,53278.0,6503.0,1.8712540000000002,0.706205,GBR,HKG,841330
2839315,90,97,8813,2003,3059.0,0.0,0.364688,1.4823959999999998,GRC,HKG,841330
2839316,93,97,8813,2003,0.0,20248.0,-0.444162,0.145319,GTM,HKG,841330
2839317,102,97,8813,2003,0.0,966.0,1.2003270000000001,1.091407,HUN,HKG,841330
2839318,103,97,8813,2003,0.0,4533.0,-0.16802,1.7252990000000001,IDN,HKG,841330
2839319,104,97,8813,2003,68015.0,9821.0,0.33014099999999996,2.836003,IND,HKG,841330
2839320,106,97,8813,2003,3697.0,0.0,1.6396130000000002,0.220599,IRL,HKG,841330
2839321,110,97,8813,2003,0.0,7904.0,1.157809,0.682195,ISR,HKG,841330
2839322,111,97,8813,2003,209687.0,0.0,1.399734,1.044608,ITA,HKG,841330
2839323,114,97,8813,2003,3887220.0,3185.0,2.4686630000000003,0.48072600000000004,JPN,HKG,841330
2839324,116,97,8813,2003,15987.0,0.0,-0.3531,0.582992,KEN,HKG,841330
2839325,121,97,8813,2003,43926.0,62953.0,1.2611709999999998,0.956308,KOR,HKG,841330
2839326,122,97,8813,2003,78434.0,0.0,-0.7943640000000001,-1.1529770000000001,KWT,HKG,841330
2839327,133,97,8813,2003,0.0,1679.0,-0.294516,-0.413828,MAC,HKG,841330
2839328,153,97,8813,2003,5767.0,6930.0,0.728804,0.2168,MYS,HKG,841330
2839329,162,97,8813,2003,3200.0,1359.0,1.168453,1.7085709999999998,NLD,HKG,841330
2839330,163,97,8813,2003,185358.0,35239.0,1.1500620000000001,0.258554,NOR,HKG,841330
2839331,166,97,8813,2003,0.0,2528.0,0.589619,0.997301,NZL,HKG,841330
2839332,168,97,8813,2003,0.0,14671.0,-0.6659689999999999,0.137924,PAK,HKG,841330
2839333,169,97,8813,2003,0.0,6248.0,-0.050386,-0.039619999999999995,PAN,HKG,841330
2839334,174,97,8813,2003,0.0,6360.0,-0.065022,-0.195144,PHL,HKG,841330
2839335,179,97,8813,2003,16144.0,0.0,0.471376,1.647303,PRT,HKG,841330
2839336,183,97,8813,2003,0.0,814.0,-0.209042,-1.0565799999999999,QAT,HKG,841330
2839337,186,97,8813,2003,161923.0,0.0,1.072729,0.338355,RUS,HKG,841330
2839338,188,97,8813,2003,0.0,2741.0,0.202286,-0.714691,SAU,HKG,841330
2839339,192,97,8813,2003,996488.0,57831.0,1.5080799999999999,0.720337,SGP,HKG,841330
2839340,197,97,8813,2003,0.0,814.0,-0.251357,-0.189917,SLV,HKG,841330
2839341,208,97,8813,2003,126555.0,69405.0,2.099224,0.799982,SWE,HKG,841330
2839342,216,97,8813,2003,117618.0,10660.0,0.43010699999999996,1.607408,THA,HKG,841330
2839343,224,97,8813,2003,1143.0,12489.0,0.192802,1.9855060000000002,TUR,HKG,841330
2839344,231,97,8813,2003,328041.0,50527.0,1.7789220000000001,0.064028,USA,HKG,841330
2839345,236,97,8813,2003,0.0,959.0,0.277805,-0.783697,VEN,HKG,841330
2839346,239,97,8813,2003,0.0,3159.0,-0.633985,0.659696,VNM,HKG,841330
2839347,246,97,8813,2003,9033.0,37102.0,0.477987,2.255395,ZAF,HKG,841330
2839348,249,97,8813,2003,34846.0,9995.0,1.5924040000000002,1.397843,TWN,HKG,841330
2839349,8,99,8813,2003,4692.0,0.0,0.302073,0.49069700000000005,ARG,HND,841330
2839350,32,99,8813,2003,16566.0,0.0,0.660576,1.118876,BRA,HND,841330
2839351,39,99,8813,2003,1007.0,0.0,0.9791540000000001,1.185081,CAN,HND,841330
2839352,43,99,8813,2003,3538.0,0.0,0.579431,2.773139,CHN,HND,841330
2839353,61,99,8813,2003,4043.0,0.0,2.2821919999999998,-2.0985150000000004,DEU,HND,841330
2839354,71,99,8813,2003,4391.0,0.0,0.960684,2.074792,ESP,HND,841330
2839355,77,99,8813,2003,5466.0,0.0,1.606606,0.7394149999999999,FRA,HND,841330
2839356,81,99,8813,2003,17194.0,0.0,1.8712540000000002,0.706205,GBR,HND,841330
2839357,93,99,8813,2003,12609.0,0.0,-0.444162,0.145319,GTM,HND,841330
2839358,104,99,8813,2003,944.0,0.0,0.33014099999999996,2.836003,IND,HND,841330
2839359,111,99,8813,2003,4040.0,0.0,1.399734,1.044608,ITA,HND,841330
2839360,114,99,8813,2003,164830.0,0.0,2.4686630000000003,0.48072600000000004,JPN,HND,841330
2839361,121,99,8813,2003,3430.0,0.0,1.2611709999999998,0.956308,KOR,HND,841330
2839362,138,99,8813,2003,7190.0,6662.0,0.862509,0.756684,MEX,HND,841330
2839363,160,99,8813,2003,1034.0,0.0,-0.8661459999999999,-0.8661690000000001,NIC,HND,841330
2839364,169,99,8813,2003,99749.0,0.0,-0.050386,-0.039619999999999995,PAN,HND,841330
2839365,178,99,8813,2003,7005.0,0.0,0.7060420000000001,0.7718,PRK,HND,841330
2839366,185,99,8813,2003,2331.0,0.0,0.378379,1.0064620000000002,ROU,HND,841330
2839367,197,99,8813,2003,1476.0,0.0,-0.251357,-0.189917,SLV,HND,841330
2839368,216,99,8813,2003,8459.0,0.0,0.43010699999999996,1.607408,THA,HND,841330
2839369,231,99,8813,2003,657711.0,64174.0,1.7789220000000001,0.064028,USA,HND,841330
2839370,249,99,8813,2003,13573.0,0.0,1.5924040000000002,1.397843,TWN,HND,841330
2839371,250,99,8813,2003,1365.0,0.0,0.45951499999999995,-0.2312,ANS,HND,841330
2839372,14,103,8813,2003,141270.0,3730.0,0.316879,0.9409489999999999,AUS,IDN,841330
2839373,15,103,8813,2003,2340.0,3903.0,1.834977,0.408096,AUT,IDN,841330
2839374,18,103,8813,2003,6452.0,0.0,1.361682,1.39536,BEL,IDN,841330
2839375,32,103,8813,2003,2184.0,0.0,0.660576,1.118876,BRA,IDN,841330
2839376,39,103,8813,2003,23495.0,1477.0,0.9791540000000001,1.185081,CAN,IDN,841330
2839377,41,103,8813,2003,4567.0,0.0,2.151037,0.711217,CHE,IDN,841330
2839378,43,103,8813,2003,529010.0,0.0,0.579431,2.773139,CHN,IDN,841330
2839379,59,103,8813,2003,8122.0,0.0,1.555749,0.8662059999999999,CZE,IDN,841330
2839380,61,103,8813,2003,261702.0,17149.0,2.2821919999999998,-2.0985150000000004,DEU,IDN,841330
2839381,64,103,8813,2003,3353.0,0.0,1.309564,1.245596,DNK,IDN,841330
2839382,71,103,8813,2003,73915.0,0.0,0.960684,2.074792,ESP,IDN,841330
2839383,77,103,8813,2003,24581.0,2584.0,1.606606,0.7394149999999999,FRA,IDN,841330
2839384,81,103,8813,2003,28250.0,0.0,1.8712540000000002,0.706205,GBR,IDN,841330
2839385,97,103,8813,2003,4533.0,0.0,0.494569,2.147062,HKG,IDN,841330
2839386,104,103,8813,2003,347212.0,22481.0,0.33014099999999996,2.836003,IND,IDN,841330
2839387,111,103,8813,2003,32721.0,0.0,1.399734,1.044608,ITA,IDN,841330
2839388,114,103,8813,2003,42368212.0,7064.0,2.4686630000000003,0.48072600000000004,JPN,IDN,841330
2839389,121,103,8813,2003,34285.0,0.0,1.2611709999999998,0.956308,KOR,IDN,841330
2839390,122,103,8813,2003,0.0,1070.0,-0.7943640000000001,-1.1529770000000001,KWT,IDN,841330
2839391,128,103,8813,2003,0.0,2278.0,-0.618057,0.101931,LKA,IDN,841330
2839392,153,103,8813,2003,63885.0,26445.0,0.728804,0.2168,MYS,IDN,841330
2839393,159,103,8813,2003,0.0,69931.0,-1.859176,-1.234236,NGA,IDN,841330
2839394,162,103,8813,2003,5798.0,0.0,1.168453,1.7085709999999998,NLD,IDN,841330
2839395,166,103,8813,2003,1804.0,0.0,0.589619,0.997301,NZL,IDN,841330
2839396,168,103,8813,2003,9505.0,0.0,-0.6659689999999999,0.137924,PAK,IDN,841330
2839397,174,103,8813,2003,217651.0,4088.0,-0.065022,-0.195144,PHL,IDN,841330
2839398,186,103,8813,2003,5793.0,0.0,1.072729,0.338355,RUS,IDN,841330
2839399,192,103,8813,2003,1701985.0,62474.0,1.5080799999999999,0.720337,SGP,IDN,841330
2839400,208,103,8813,2003,20563.0,17069.0,2.099224,0.799982,SWE,IDN,841330
2839401,216,103,8813,2003,5073331.0,6653.0,0.43010699999999996,1.607408,THA,IDN,841330
2839402,223,103,8813,2003,0.0,1495.0,-0.14845999999999998,0.255092,TUN,IDN,841330
2839403,231,103,8813,2003,45848.0,48874.0,1.7789220000000001,0.064028,USA,IDN,841330
2839404,246,103,8813,2003,0.0,922.0,0.477987,2.255395,ZAF,IDN,841330
2839405,249,103,8813,2003,98978.0,0.0,1.5924040000000002,1.397843,TWN,IDN,841330
2839406,7,104,8813,2003,32669.0,289895.0,0.049637,-0.502691,ARE,IND,841330
2839407,8,104,8813,2003,2245.0,37707.0,0.302073,0.49069700000000005,ARG,IND,841330
2839408,14,104,8813,2003,29093.0,284373.0,0.316879,0.9409489999999999,AUS,IND,841330
2839409,15,104,8813,2003,40360.0,35032.0,1.834977,0.408096,AUT,IND,841330
2839410,18,104,8813,2003,45464.0,151333.0,1.361682,1.39536,BEL,IND,841330
2839411,22,104,8813,2003,0.0,64226.0,-1.168404,-1.035782,BGD,IND,841330
2839412,23,104,8813,2003,0.0,1456.0,0.43308599999999997,1.7104099999999998,BGR,IND,841330
2839413,24,104,8813,2003,0.0,3385.0,-0.10968800000000001,-1.041032,BHR,IND,841330
2839414,32,104,8813,2003,659556.0,36930.0,0.660576,1.118876,BRA,IND,841330
2839415,37,104,8813,2003,0.0,7700.0,-0.517317,-1.1125770000000001,BWA,IND,841330
2839416,39,104,8813,2003,25601.0,92739.0,0.9791540000000001,1.185081,CAN,IND,841330
2839417,41,104,8813,2003,24493.0,5744.0,2.151037,0.711217,CHE,IND,841330
2839418,42,104,8813,2003,0.0,4658.0,-0.06375900000000001,-0.156808,CHL,IND,841330
2839419,43,104,8813,2003,67850.0,534928.0,0.579431,2.773139,CHN,IND,841330
2839420,44,104,8813,2003,0.0,3704.0,-0.699928,-0.723739,CIV,IND,841330
2839421,49,104,8813,2003,0.0,6803.0,0.218336,0.376869,COL,IND,841330
2839422,58,104,8813,2003,0.0,1934.0,0.259992,0.068914,CYP,IND,841330
2839423,59,104,8813,2003,286956.0,18283.0,1.555749,0.8662059999999999,CZE,IND,841330
2839424,61,104,8813,2003,1282233.0,24145816.0,2.2821919999999998,-2.0985150000000004,DEU,IND,841330
2839425,64,104,8813,2003,126525.0,3358.0,1.309564,1.245596,DNK,IND,841330
2839426,66,104,8813,2003,0.0,60317.0,-1.060727,-1.142594,DZA,IND,841330
2839427,67,104,8813,2003,0.0,789.0,-0.8689370000000001,-0.889767,ECU,IND,841330
2839428,68,104,8813,2003,0.0,186247.0,-0.292923,0.465433,EGY,IND,841330
2839429,71,104,8813,2003,6365.0,182995.0,0.960684,2.074792,ESP,IND,841330
2839430,73,104,8813,2003,0.0,9892.0,-1.1145559999999999,-0.9599620000000001,ETH,IND,841330
2839431,74,104,8813,2003,45141.0,3940.0,2.077889,0.942501,FIN,IND,841330
2839432,77,104,8813,2003,558556.0,411988.0,1.606606,0.7394149999999999,FRA,IND,841330
2839433,81,104,8813,2003,525002.0,1084672.0,1.8712540000000002,0.706205,GBR,IND,841330
2839434,83,104,8813,2003,0.0,17924.0,-1.074188,-0.7127319999999999,GHA,IND,841330
2839435,90,104,8813,2003,0.0,13558.0,0.364688,1.4823959999999998,GRC,IND,841330
2839436,96,104,8813,2003,0.0,2812.0,-0.59035,-0.7361340000000001,GUY,IND,841330
2839437,97,104,8813,2003,9821.0,68015.0,0.494569,2.147062,HKG,IND,841330
2839438,99,104,8813,2003,0.0,944.0,-0.733546,-0.568585,HND,IND,841330
2839439,100,104,8813,2003,0.0,1043.0,0.568394,1.230759,HRV,IND,841330
2839440,102,104,8813,2003,0.0,4212.0,1.2003270000000001,1.091407,HUN,IND,841330
2839441,103,104,8813,2003,22481.0,347212.0,-0.16802,1.7252990000000001,IDN,IND,841330
2839442,106,104,8813,2003,0.0,133268.0,1.6396130000000002,0.220599,IRL,IND,841330
2839443,107,104,8813,2003,0.0,8880.0,-0.552146,-0.8668520000000001,IRN,IND,841330
2839444,108,104,8813,2003,0.0,1185.0,-0.398557,-0.774153,IRQ,IND,841330
2839445,109,104,8813,2003,0.0,699.0,0.21902800000000003,-0.40818499999999996,ISL,IND,841330
2839446,110,104,8813,2003,3448.0,19621.0,1.157809,0.682195,ISR,IND,841330
2839447,111,104,8813,2003,1098966.0,1129574.0,1.399734,1.044608,ITA,IND,841330
2839448,113,104,8813,2003,0.0,34567.0,0.12295,0.377031,JOR,IND,841330
2839449,114,104,8813,2003,2863618.0,125060.0,2.4686630000000003,0.48072600000000004,JPN,IND,841330
2839450,116,104,8813,2003,0.0,6880.0,-0.3531,0.582992,KEN,IND,841330
2839451,121,104,8813,2003,539770.0,69092.0,1.2611709999999998,0.956308,KOR,IND,841330
2839452,122,104,8813,2003,1963.0,36364.0,-0.7943640000000001,-1.1529770000000001,KWT,IND,841330
2839453,124,104,8813,2003,0.0,1562.0,0.261687,1.053856,LBN,IND,841330
2839454,128,104,8813,2003,0.0,287875.0,-0.618057,0.101931,LKA,IND,841330
2839455,130,104,8813,2003,0.0,820.0,0.239608,0.517299,LTU,IND,841330
2839456,132,104,8813,2003,0.0,14844.0,0.520772,0.5631689999999999,LVA,IND,841330
2839457,134,104,8813,2003,0.0,9485.0,-0.6842050000000001,-0.217892,MAR,IND,841330
2839458,136,104,8813,2003,0.0,2561.0,-1.254758,-0.622696,MDG,IND,841330
2839459,137,104,8813,2003,0.0,5323.0,-1.201352,-1.031892,MDV,IND,841330
2839460,138,104,8813,2003,1741.0,50231.0,0.862509,0.756684,MEX,IND,841330
2839461,141,104,8813,2003,0.0,51201.0,-0.786411,-0.879049,MLI,IND,841330
2839462,142,104,8813,2003,0.0,1851.0,1.2138149999999999,-0.015687,MLT,IND,841330
2839463,147,104,8813,2003,0.0,934.0,-1.188243,-1.123693,MOZ,IND,841330
2839464,151,104,8813,2003,0.0,8991.0,-0.361514,-0.29839899999999997,MUS,IND,841330
2839465,152,104,8813,2003,0.0,35676.0,-1.48079,-1.235645,MWI,IND,841330
2839466,153,104,8813,2003,6111.0,13077.0,0.728804,0.2168,MYS,IND,841330
2839467,159,104,8813,2003,0.0,88813.0,-1.859176,-1.234236,NGA,IND,841330
2839468,162,104,8813,2003,19555.0,251005.0,1.168453,1.7085709999999998,NLD,IND,841330
2839469,163,104,8813,2003,5744.0,2518.0,1.1500620000000001,0.258554,NOR,IND,841330
2839470,164,104,8813,2003,0.0,91572.0,-0.26353899999999997,1.351717,NPL,IND,841330
2839471,166,104,8813,2003,0.0,1370.0,0.589619,0.997301,NZL,IND,841330
2839472,167,104,8813,2003,0.0,214096.0,-1.434873,-1.188123,OMN,IND,841330
2839473,169,104,8813,2003,0.0,2505.0,-0.050386,-0.039619999999999995,PAN,IND,841330
2839474,173,104,8813,2003,0.0,5076.0,-0.48627,0.371354,PER,IND,841330
2839475,174,104,8813,2003,0.0,29670.0,-0.065022,-0.195144,PHL,IND,841330
2839476,177,104,8813,2003,178588.0,57547.0,0.966622,1.664838,POL,IND,841330
2839477,179,104,8813,2003,0.0,1177.0,0.471376,1.647303,PRT,IND,841330
2839478,180,104,8813,2003,0.0,2782.0,-0.607733,-0.8577879999999999,PRY,IND,841330
2839479,183,104,8813,2003,0.0,21055.0,-0.209042,-1.0565799999999999,QAT,IND,841330
2839480,185,104,8813,2003,0.0,5742.0,0.378379,1.0064620000000002,ROU,IND,841330
2839481,186,104,8813,2003,2175568.0,9507.0,1.072729,0.338355,RUS,IND,841330
2839482,188,104,8813,2003,0.0,52133.0,0.202286,-0.714691,SAU,IND,841330
2839483,189,104,8813,2003,1733.0,0.0,0.575326,1.627894,SCG,IND,841330
2839484,190,104,8813,2003,0.0,8331.0,-1.3535059999999999,-1.1701409999999999,SDN,IND,841330
2839485,192,104,8813,2003,356072.0,58991.0,1.5080799999999999,0.720337,SGP,IND,841330
2839486,205,104,8813,2003,0.0,989.0,-0.896925,-0.88623,SUR,IND,841330
2839487,206,104,8813,2003,2420.0,0.0,1.22565,0.915518,SVK,IND,841330
2839488,207,104,8813,2003,3761.0,4245.0,1.6459840000000001,1.014191,SVN,IND,841330
2839489,208,104,8813,2003,169578.0,997.0,2.099224,0.799982,SWE,IND,841330
2839490,212,104,8813,2003,0.0,119530.0,-0.868749,-0.326322,SYR,IND,841330
2839491,215,104,8813,2003,0.0,16882.0,-0.5058590000000001,-0.520586,TGO,IND,841330
2839492,216,104,8813,2003,1001576.0,56477.0,0.43010699999999996,1.607408,THA,IND,841330
2839493,222,104,8813,2003,0.0,2367.0,-0.16738,-0.9820969999999999,TTO,IND,841330
2839494,223,104,8813,2003,0.0,7871.0,-0.14845999999999998,0.255092,TUN,IND,841330
2839495,224,104,8813,2003,5674.0,218651.0,0.192802,1.9855060000000002,TUR,IND,841330
2839496,226,104,8813,2003,0.0,1527199.0,-1.225217,-0.43662399999999996,TZA,IND,841330
2839497,227,104,8813,2003,0.0,4285.0,-0.895193,-0.712039,UGA,IND,841330
2839498,228,104,8813,2003,150567.0,5763.0,0.8929389999999999,0.956685,UKR,IND,841330
2839499,231,104,8813,2003,1720341.0,3726244.0,1.7789220000000001,0.064028,USA,IND,841330
2839500,236,104,8813,2003,0.0,6178.0,0.277805,-0.783697,VEN,IND,841330
2839501,239,104,8813,2003,0.0,396898.0,-0.633985,0.659696,VNM,IND,841330
2839502,243,104,8813,2003,0.0,15452.0,-1.453584,-1.257815,YEM,IND,841330
2839503,246,104,8813,2003,0.0,120270.0,0.477987,2.255395,ZAF,IND,841330
2839504,247,104,8813,2003,0.0,19662.0,-0.678149,-0.5919449999999999,ZMB,IND,841330
2839505,249,104,8813,2003,40204.0,23951.0,1.5924040000000002,1.397843,TWN,IND,841330
2839506,250,104,8813,2003,80260.0,8957.0,0.45951499999999995,-0.2312,ANS,IND,841330
2839507,7,106,8813,2003,0.0,3881.0,0.049637,-0.502691,ARE,IRL,841330
2839508,14,106,8813,2003,100625.0,2942.0,0.316879,0.9409489999999999,AUS,IRL,841330
2839509,15,106,8813,2003,1328.0,0.0,1.834977,0.408096,AUT,IRL,841330
2839510,18,106,8813,2003,526479.0,89399.0,1.361682,1.39536,BEL,IRL,841330
2839511,23,106,8813,2003,0.0,2860.0,0.43308599999999997,1.7104099999999998,BGR,IRL,841330
2839512,28,106,8813,2003,0.0,1470.0,0.847358,0.9307719999999999,BLR,IRL,841330
2839513,39,106,8813,2003,121994.0,33577.0,0.9791540000000001,1.185081,CAN,IRL,841330
2839514,41,106,8813,2003,37627.0,95507.0,2.151037,0.711217,CHE,IRL,841330
2839515,43,106,8813,2003,5517.0,5062.0,0.579431,2.773139,CHN,IRL,841330
2839516,52,106,8813,2003,0.0,1915.0,-0.193904,-0.5049680000000001,CRI,IRL,841330
2839517,59,106,8813,2003,20437.0,79410.0,1.555749,0.8662059999999999,CZE,IRL,841330
2839518,61,106,8813,2003,462224.0,128106.0,2.2821919999999998,-2.0985150000000004,DEU,IRL,841330
2839519,64,106,8813,2003,0.0,15713.0,1.309564,1.245596,DNK,IRL,841330
2839520,71,106,8813,2003,22191.0,0.0,0.960684,2.074792,ESP,IRL,841330
2839521,74,106,8813,2003,0.0,34068.0,2.077889,0.942501,FIN,IRL,841330
2839522,77,106,8813,2003,214119.0,323542.0,1.606606,0.7394149999999999,FRA,IRL,841330
2839523,81,106,8813,2003,2404259.0,51160.0,1.8712540000000002,0.706205,GBR,IRL,841330
2839524,97,106,8813,2003,0.0,3697.0,0.494569,2.147062,HKG,IRL,841330
2839525,100,106,8813,2003,0.0,4167.0,0.568394,1.230759,HRV,IRL,841330
2839526,102,106,8813,2003,0.0,1592.0,1.2003270000000001,1.091407,HUN,IRL,841330
2839527,104,106,8813,2003,133268.0,0.0,0.33014099999999996,2.836003,IND,IRL,841330
2839528,110,106,8813,2003,0.0,284273.0,1.157809,0.682195,ISR,IRL,841330
2839529,111,106,8813,2003,211065.0,0.0,1.399734,1.044608,ITA,IRL,841330
2839530,114,106,8813,2003,161326.0,8712.0,2.4686630000000003,0.48072600000000004,JPN,IRL,841330
2839531,121,106,8813,2003,10593.0,0.0,1.2611709999999998,0.956308,KOR,IRL,841330
2839532,122,106,8813,2003,0.0,23106.0,-0.7943640000000001,-1.1529770000000001,KWT,IRL,841330
2839533,124,106,8813,2003,0.0,1537.0,0.261687,1.053856,LBN,IRL,841330
2839534,130,106,8813,2003,0.0,8177.0,0.239608,0.517299,LTU,IRL,841330
2839535,132,106,8813,2003,0.0,2232.0,0.520772,0.5631689999999999,LVA,IRL,841330
2839536,134,106,8813,2003,0.0,889.0,-0.6842050000000001,-0.217892,MAR,IRL,841330
2839537,138,106,8813,2003,0.0,14342.0,0.862509,0.756684,MEX,IRL,841330
2839538,153,106,8813,2003,0.0,4362.0,0.728804,0.2168,MYS,IRL,841330
2839539,162,106,8813,2003,374767.0,83031.0,1.168453,1.7085709999999998,NLD,IRL,841330
2839540,163,106,8813,2003,1624.0,6724.0,1.1500620000000001,0.258554,NOR,IRL,841330
2839541,166,106,8813,2003,0.0,4394.0,0.589619,0.997301,NZL,IRL,841330
2839542,177,106,8813,2003,0.0,15009.0,0.966622,1.664838,POL,IRL,841330
2839543,185,106,8813,2003,0.0,6192.0,0.378379,1.0064620000000002,ROU,IRL,841330
2839544,186,106,8813,2003,0.0,1325.0,1.072729,0.338355,RUS,IRL,841330
2839545,206,106,8813,2003,0.0,31810.0,1.22565,0.915518,SVK,IRL,841330
2839546,207,106,8813,2003,0.0,1686.0,1.6459840000000001,1.014191,SVN,IRL,841330
2839547,208,106,8813,2003,36703.0,16021.0,2.099224,0.799982,SWE,IRL,841330
2839548,224,106,8813,2003,40570.0,7811.0,0.192802,1.9855060000000002,TUR,IRL,841330
2839549,228,106,8813,2003,0.0,9668.0,0.8929389999999999,0.956685,UKR,IRL,841330
2839550,231,106,8813,2003,48295.0,1224671.0,1.7789220000000001,0.064028,USA,IRL,841330
2839551,246,106,8813,2003,0.0,39966.0,0.477987,2.255395,ZAF,IRL,841330
2839552,249,106,8813,2003,0.0,1278.0,1.5924040000000002,1.397843,TWN,IRL,841330
2839553,250,106,8813,2003,0.0,5117884.0,0.45951499999999995,-0.2312,ANS,IRL,841330
2839554,8,110,8813,2003,5075.0,0.0,0.302073,0.49069700000000005,ARG,ISR,841330
2839555,15,110,8813,2003,2811.0,0.0,1.834977,0.408096,AUT,ISR,841330
2839556,18,110,8813,2003,218229.0,1441.0,1.361682,1.39536,BEL,ISR,841330
2839557,32,110,8813,2003,954.0,0.0,0.660576,1.118876,BRA,ISR,841330
2839558,37,110,8813,2003,0.0,6208.0,-0.517317,-1.1125770000000001,BWA,ISR,841330
2839559,39,110,8813,2003,3493.0,42126.0,0.9791540000000001,1.185081,CAN,ISR,841330
2839560,43,110,8813,2003,146862.0,0.0,0.579431,2.773139,CHN,ISR,841330
2839561,49,110,8813,2003,0.0,40252.0,0.218336,0.376869,COL,ISR,841330
2839562,58,110,8813,2003,0.0,10278.0,0.259992,0.068914,CYP,ISR,841330
2839563,59,110,8813,2003,7113.0,15550.0,1.555749,0.8662059999999999,CZE,ISR,841330
2839564,61,110,8813,2003,752703.0,7118.0,2.2821919999999998,-2.0985150000000004,DEU,ISR,841330
2839565,64,110,8813,2003,6116.0,0.0,1.309564,1.245596,DNK,ISR,841330
2839566,71,110,8813,2003,275641.0,12228.0,0.960684,2.074792,ESP,ISR,841330
2839567,74,110,8813,2003,3716.0,0.0,2.077889,0.942501,FIN,ISR,841330
2839568,77,110,8813,2003,994437.0,1528840.0,1.606606,0.7394149999999999,FRA,ISR,841330
2839569,81,110,8813,2003,48655.0,0.0,1.8712540000000002,0.706205,GBR,ISR,841330
2839570,97,110,8813,2003,7904.0,0.0,0.494569,2.147062,HKG,ISR,841330
2839571,104,110,8813,2003,19621.0,3448.0,0.33014099999999996,2.836003,IND,ISR,841330
2839572,106,110,8813,2003,284273.0,0.0,1.6396130000000002,0.220599,IRL,ISR,841330
2839573,111,110,8813,2003,400968.0,10316.0,1.399734,1.044608,ITA,ISR,841330
2839574,114,110,8813,2003,1416626.0,3077.0,2.4686630000000003,0.48072600000000004,JPN,ISR,841330
2839575,116,110,8813,2003,0.0,5920.0,-0.3531,0.582992,KEN,ISR,841330
2839576,121,110,8813,2003,74959.0,0.0,1.2611709999999998,0.956308,KOR,ISR,841330
2839577,138,110,8813,2003,1083.0,0.0,0.862509,0.756684,MEX,ISR,841330
2839578,145,110,8813,2003,0.0,2596.0,-0.9747620000000001,-1.026308,MNG,ISR,841330
2839579,162,110,8813,2003,97473.0,951.0,1.168453,1.7085709999999998,NLD,ISR,841330
2839580,185,110,8813,2003,1814.0,0.0,0.378379,1.0064620000000002,ROU,ISR,841330
2839581,186,110,8813,2003,1957.0,0.0,1.072729,0.338355,RUS,ISR,841330
2839582,192,110,8813,2003,11315.0,0.0,1.5080799999999999,0.720337,SGP,ISR,841330
2839583,208,110,8813,2003,54717.0,0.0,2.099224,0.799982,SWE,ISR,841330
2839584,211,110,8813,2003,0.0,852.0,-0.44341099999999994,-0.742566,SYC,ISR,841330
2839585,224,110,8813,2003,47966.0,0.0,0.192802,1.9855060000000002,TUR,ISR,841330
2839586,231,110,8813,2003,399086.0,615015.0,1.7789220000000001,0.064028,USA,ISR,841330
2839587,246,110,8813,2003,0.0,1268.0,0.477987,2.255395,ZAF,ISR,841330
2839588,249,110,8813,2003,15056.0,0.0,1.5924040000000002,1.397843,TWN,ISR,841330
2839589,4,111,8813,2003,0.0,61833.0,-0.053595000000000004,0.166034,ALB,ITA,841330
2839590,7,111,8813,2003,0.0,2406900.0,0.049637,-0.502691,ARE,ITA,841330
2839591,8,111,8813,2003,130809.0,668965.0,0.302073,0.49069700000000005,ARG,ITA,841330
2839592,14,111,8813,2003,27322.0,232443.0,0.316879,0.9409489999999999,AUS,ITA,841330
2839593,15,111,8813,2003,7522272.0,8450195.0,1.834977,0.408096,AUT,ITA,841330
2839594,18,111,8813,2003,4223526.0,4564886.0,1.361682,1.39536,BEL,ITA,841330
2839595,19,111,8813,2003,0.0,128810.0,-1.150888,-0.956203,BEN,ITA,841330
2839596,21,111,8813,2003,0.0,14151.0,-0.9365690000000001,-0.9699409999999999,BFA,ITA,841330
2839597,22,111,8813,2003,0.0,12119.0,-1.168404,-1.035782,BGD,ITA,841330
2839598,23,111,8813,2003,26984.0,153293.0,0.43308599999999997,1.7104099999999998,BGR,ITA,841330
2839599,24,111,8813,2003,0.0,32469.0,-0.10968800000000001,-1.041032,BHR,ITA,841330
2839600,26,111,8813,2003,400778.0,46250.0,0.195667,0.347011,BIH,ITA,841330
2839601,28,111,8813,2003,0.0,131394.0,0.847358,0.9307719999999999,BLR,ITA,841330
2839602,31,111,8813,2003,0.0,8354.0,-0.787995,-0.7228899999999999,BOL,ITA,841330
2839603,32,111,8813,2003,66223.0,1024620.0,0.660576,1.118876,BRA,ITA,841330
2839604,33,111,8813,2003,0.0,3023.0,0.744166,0.074191,BRB,ITA,841330
2839605,34,111,8813,2003,0.0,2510.0,-1.342738,-0.978633,BRN,ITA,841330
2839606,37,111,8813,2003,0.0,2553.0,-0.517317,-1.1125770000000001,BWA,ITA,841330
2839607,39,111,8813,2003,54465.0,60370.0,0.9791540000000001,1.185081,CAN,ITA,841330
2839608,41,111,8813,2003,1789575.0,2142376.0,2.151037,0.711217,CHE,ITA,841330
2839609,42,111,8813,2003,0.0,81004.0,-0.06375900000000001,-0.156808,CHL,ITA,841330
2839610,43,111,8813,2003,535940.0,1457605.0,0.579431,2.773139,CHN,ITA,841330
2839611,44,111,8813,2003,0.0,24148.0,-0.699928,-0.723739,CIV,ITA,841330
2839612,45,111,8813,2003,19689.0,77198.0,-1.254788,-1.10897,CMR,ITA,841330
2839613,49,111,8813,2003,1593.0,71555.0,0.218336,0.376869,COL,ITA,841330
2839614,51,111,8813,2003,0.0,5940.0,0.070649,-0.541279,CPV,ITA,841330
2839615,52,111,8813,2003,0.0,5227.0,-0.193904,-0.5049680000000001,CRI,ITA,841330
2839616,54,111,8813,2003,0.0,2077.0,-0.391515,-0.8562120000000001,CUB,ITA,841330
2839617,58,111,8813,2003,0.0,297611.0,0.259992,0.068914,CYP,ITA,841330
2839618,59,111,8813,2003,25965070.0,1535702.0,1.555749,0.8662059999999999,CZE,ITA,841330
2839619,61,111,8813,2003,114951616.0,102605608.0,2.2821919999999998,-2.0985150000000004,DEU,ITA,841330
2839620,62,111,8813,2003,0.0,3098.0,-0.41648500000000005,-0.5408350000000001,DJI,ITA,841330
2839621,64,111,8813,2003,54754.0,988127.0,1.309564,1.245596,DNK,ITA,841330
2839622,65,111,8813,2003,0.0,3433.0,-0.46264399999999994,-0.245034,DOM,ITA,841330
2839623,66,111,8813,2003,0.0,652752.0,-1.060727,-1.142594,DZA,ITA,841330
2839624,67,111,8813,2003,0.0,17577.0,-0.8689370000000001,-0.889767,ECU,ITA,841330
2839625,68,111,8813,2003,0.0,2479247.0,-0.292923,0.465433,EGY,ITA,841330
2839626,69,111,8813,2003,0.0,1605.0,-0.105591,-0.247614,ERI,ITA,841330
2839627,71,111,8813,2003,2483870.0,5925934.0,0.960684,2.074792,ESP,ITA,841330
2839628,72,111,8813,2003,0.0,27040.0,0.5913010000000001,0.8489979999999999,EST,ITA,841330
2839629,73,111,8813,2003,0.0,115706.0,-1.1145559999999999,-0.9599620000000001,ETH,ITA,841330
2839630,74,111,8813,2003,37835.0,1365969.0,2.077889,0.942501,FIN,ITA,841330
2839631,77,111,8813,2003,31216608.0,206916112.0,1.606606,0.7394149999999999,FRA,ITA,841330
2839632,78,111,8813,2003,0.0,1224.0,-0.46422299999999994,-0.8072050000000001,FRO,ITA,841330
2839633,80,111,8813,2003,0.0,4628.0,-0.92745,-1.138466,GAB,ITA,841330
2839634,81,111,8813,2003,5611122.0,7029286.0,1.8712540000000002,0.706205,GBR,ITA,841330
2839635,83,111,8813,2003,0.0,59443.0,-1.074188,-0.7127319999999999,GHA,ITA,841330
2839636,90,111,8813,2003,4879.0,2501642.0,0.364688,1.4823959999999998,GRC,ITA,841330
2839637,93,111,8813,2003,0.0,20875.0,-0.444162,0.145319,GTM,ITA,841330
2839638,96,111,8813,2003,0.0,3862.0,-0.59035,-0.7361340000000001,GUY,ITA,841330
2839639,97,111,8813,2003,0.0,209687.0,0.494569,2.147062,HKG,ITA,841330
2839640,99,111,8813,2003,0.0,4040.0,-0.733546,-0.568585,HND,ITA,841330
2839641,100,111,8813,2003,4634.0,254982.0,0.568394,1.230759,HRV,ITA,841330
2839642,102,111,8813,2003,36111.0,2859969.0,1.2003270000000001,1.091407,HUN,ITA,841330
2839643,103,111,8813,2003,0.0,32721.0,-0.16802,1.7252990000000001,IDN,ITA,841330
2839644,104,111,8813,2003,1129574.0,1098966.0,0.33014099999999996,2.836003,IND,ITA,841330
2839645,106,111,8813,2003,0.0,211065.0,1.6396130000000002,0.220599,IRL,ITA,841330
2839646,107,111,8813,2003,0.0,139090.0,-0.552146,-0.8668520000000001,IRN,ITA,841330
2839647,108,111,8813,2003,0.0,635191.0,-0.398557,-0.774153,IRQ,ITA,841330
2839648,109,111,8813,2003,0.0,9787.0,0.21902800000000003,-0.40818499999999996,ISL,ITA,841330
2839649,110,111,8813,2003,10316.0,400968.0,1.157809,0.682195,ISR,ITA,841330
2839650,112,111,8813,2003,0.0,984.0,-0.6684140000000001,-0.915817,JAM,ITA,841330
2839651,113,111,8813,2003,0.0,120202.0,0.12295,0.377031,JOR,ITA,841330
2839652,114,111,8813,2003,10894547.0,1056979.0,2.4686630000000003,0.48072600000000004,JPN,ITA,841330
2839653,115,111,8813,2003,11572.0,60595.0,-0.156326,-0.62092,KAZ,ITA,841330
2839654,116,111,8813,2003,0.0,10998.0,-0.3531,0.582992,KEN,ITA,841330
2839655,117,111,8813,2003,0.0,5523.0,0.25359699999999996,0.24101199999999998,KGZ,ITA,841330
2839656,121,111,8813,2003,350222.0,780106.0,1.2611709999999998,0.956308,KOR,ITA,841330
2839657,122,111,8813,2003,0.0,50626.0,-0.7943640000000001,-1.1529770000000001,KWT,ITA,841330
2839658,124,111,8813,2003,0.0,236993.0,0.261687,1.053856,LBN,ITA,841330
2839659,126,111,8813,2003,0.0,260986.0,-0.36075999999999997,-1.110575,LBY,ITA,841330
2839660,128,111,8813,2003,0.0,24285.0,-0.618057,0.101931,LKA,ITA,841330
2839661,130,111,8813,2003,0.0,61805.0,0.239608,0.517299,LTU,ITA,841330
2839662,131,111,8813,2003,0.0,1732.0,1.444996,1.063764,LUX,ITA,841330
2839663,132,111,8813,2003,0.0,65339.0,0.520772,0.5631689999999999,LVA,ITA,841330
2839664,134,111,8813,2003,0.0,567092.0,-0.6842050000000001,-0.217892,MAR,ITA,841330
2839665,135,111,8813,2003,0.0,7120.0,-0.005154,-0.26107199999999997,MDA,ITA,841330
2839666,136,111,8813,2003,0.0,1076.0,-1.254758,-0.622696,MDG,ITA,841330
2839667,138,111,8813,2003,7042.0,460267.0,0.862509,0.756684,MEX,ITA,841330
2839668,140,111,8813,2003,3958.0,159976.0,-0.017632,0.225394,MKD,ITA,841330
2839669,142,111,8813,2003,5523.0,90364.0,1.2138149999999999,-0.015687,MLT,ITA,841330
2839670,143,111,8813,2003,0.0,11585.0,-1.435123,-1.0948,MMR,ITA,841330
2839671,147,111,8813,2003,0.0,30432.0,-1.188243,-1.123693,MOZ,ITA,841330
2839672,148,111,8813,2003,0.0,4110.0,-1.069232,-1.184061,MRT,ITA,841330
2839673,151,111,8813,2003,0.0,8287.0,-0.361514,-0.29839899999999997,MUS,ITA,841330
2839674,152,111,8813,2003,0.0,2418.0,-1.48079,-1.235645,MWI,ITA,841330
2839675,153,111,8813,2003,0.0,206920.0,0.728804,0.2168,MYS,ITA,841330
2839676,154,111,8813,2003,0.0,4093.0,0.8645370000000001,-0.101347,MYT,ITA,841330
2839677,156,111,8813,2003,0.0,7485.0,-0.344934,-0.776632,NCL,ITA,841330
2839678,157,111,8813,2003,0.0,1919.0,-0.199296,-0.578264,NER,ITA,841330
2839679,159,111,8813,2003,0.0,60105.0,-1.859176,-1.234236,NGA,ITA,841330
2839680,160,111,8813,2003,0.0,10163.0,-0.8661459999999999,-0.8661690000000001,NIC,ITA,841330
2839681,162,111,8813,2003,3374855.0,5234579.0,1.168453,1.7085709999999998,NLD,ITA,841330
2839682,163,111,8813,2003,10324.0,340322.0,1.1500620000000001,0.258554,NOR,ITA,841330
2839683,166,111,8813,2003,0.0,111875.0,0.589619,0.997301,NZL,ITA,841330
2839684,167,111,8813,2003,0.0,80748.0,-1.434873,-1.188123,OMN,ITA,841330
2839685,168,111,8813,2003,0.0,41708.0,-0.6659689999999999,0.137924,PAK,ITA,841330
2839686,169,111,8813,2003,0.0,92293.0,-0.050386,-0.039619999999999995,PAN,ITA,841330
2839687,173,111,8813,2003,1511.0,44192.0,-0.48627,0.371354,PER,ITA,841330
2839688,174,111,8813,2003,0.0,33490.0,-0.065022,-0.195144,PHL,ITA,841330
2839689,177,111,8813,2003,62643.0,2665173.0,0.966622,1.664838,POL,ITA,841330
2839690,179,111,8813,2003,2468.0,2234175.0,0.471376,1.647303,PRT,ITA,841330
2839691,180,111,8813,2003,0.0,9330.0,-0.607733,-0.8577879999999999,PRY,ITA,841330
2839692,182,111,8813,2003,0.0,6628.0,-0.255707,-0.676557,PYF,ITA,841330
2839693,183,111,8813,2003,0.0,282847.0,-0.209042,-1.0565799999999999,QAT,ITA,841330
2839694,185,111,8813,2003,38971.0,2448039.0,0.378379,1.0064620000000002,ROU,ITA,841330
2839695,186,111,8813,2003,19904.0,530955.0,1.072729,0.338355,RUS,ITA,841330
2839696,188,111,8813,2003,2732.0,85887.0,0.202286,-0.714691,SAU,ITA,841330
2839697,189,111,8813,2003,45216.0,355017.0,0.575326,1.627894,SCG,ITA,841330
2839698,191,111,8813,2003,0.0,34045.0,-0.25203600000000004,-0.25549299999999997,SEN,ITA,841330
2839699,192,111,8813,2003,36951.0,561976.0,1.5080799999999999,0.720337,SGP,ITA,841330
2839700,197,111,8813,2003,0.0,14205.0,-0.251357,-0.189917,SLV,ITA,841330
2839701,199,111,8813,2003,0.0,15185.0,-0.319096,-0.649003,SOM,ITA,841330
2839702,206,111,8813,2003,7514.0,25087.0,1.22565,0.915518,SVK,ITA,841330
2839703,207,111,8813,2003,20478.0,398278.0,1.6459840000000001,1.014191,SVN,ITA,841330
2839704,208,111,8813,2003,1127913.0,1662508.0,2.099224,0.799982,SWE,ITA,841330
2839705,211,111,8813,2003,0.0,20390.0,-0.44341099999999994,-0.742566,SYC,ITA,841330
2839706,212,111,8813,2003,0.0,21035.0,-0.868749,-0.326322,SYR,ITA,841330
2839707,214,111,8813,2003,0.0,210261.0,-0.263238,-0.6801189999999999,TCD,ITA,841330
2839708,215,111,8813,2003,0.0,9098.0,-0.5058590000000001,-0.520586,TGO,ITA,841330
2839709,216,111,8813,2003,75196.0,116816.0,0.43010699999999996,1.607408,THA,ITA,841330
2839710,222,111,8813,2003,0.0,60223.0,-0.16738,-0.9820969999999999,TTO,ITA,841330
2839711,223,111,8813,2003,0.0,900075.0,-0.14845999999999998,0.255092,TUN,ITA,841330
2839712,224,111,8813,2003,49156.0,1340562.0,0.192802,1.9855060000000002,TUR,ITA,841330
2839713,226,111,8813,2003,0.0,1767.0,-1.225217,-0.43662399999999996,TZA,ITA,841330
2839714,227,111,8813,2003,1656.0,771.0,-0.895193,-0.712039,UGA,ITA,841330
2839715,228,111,8813,2003,0.0,17133.0,0.8929389999999999,0.956685,UKR,ITA,841330
2839716,230,111,8813,2003,0.0,31642.0,0.19792200000000001,0.243104,URY,ITA,841330
2839717,231,111,8813,2003,1177701.0,3642071.0,1.7789220000000001,0.064028,USA,ITA,841330
2839718,236,111,8813,2003,0.0,99510.0,0.277805,-0.783697,VEN,ITA,841330
2839719,239,111,8813,2003,0.0,72136.0,-0.633985,0.659696,VNM,ITA,841330
2839720,243,111,8813,2003,0.0,1734.0,-1.453584,-1.257815,YEM,ITA,841330
2839721,246,111,8813,2003,0.0,1695963.0,0.477987,2.255395,ZAF,ITA,841330
2839722,247,111,8813,2003,0.0,1335.0,-0.678149,-0.5919449999999999,ZMB,ITA,841330
2839723,248,111,8813,2003,0.0,1740.0,-0.366539,-0.18906199999999998,ZWE,ITA,841330
2839724,249,111,8813,2003,105223.0,6445078.0,1.5924040000000002,1.397843,TWN,ITA,841330
2839725,250,111,8813,2003,3160.0,13403.0,0.45951499999999995,-0.2312,ANS,ITA,841330
2839726,15,112,8813,2003,54828.0,0.0,1.834977,0.408096,AUT,JAM,841330
2839727,18,112,8813,2003,8526.0,0.0,1.361682,1.39536,BEL,JAM,841330
2839728,29,112,8813,2003,0.0,4710.0,-0.543555,-0.7596,BLZ,JAM,841330
2839729,32,112,8813,2003,7369.0,0.0,0.660576,1.118876,BRA,JAM,841330
2839730,39,112,8813,2003,4231.0,7953.0,0.9791540000000001,1.185081,CAN,JAM,841330
2839731,41,112,8813,2003,10953.0,0.0,2.151037,0.711217,CHE,JAM,841330
2839732,43,112,8813,2003,1875.0,0.0,0.579431,2.773139,CHN,JAM,841330
2839733,61,112,8813,2003,11643.0,8838.0,2.2821919999999998,-2.0985150000000004,DEU,JAM,841330
2839734,64,112,8813,2003,5679.0,0.0,1.309564,1.245596,DNK,JAM,841330
2839735,74,112,8813,2003,9467.0,0.0,2.077889,0.942501,FIN,JAM,841330
2839736,77,112,8813,2003,1050.0,14291.0,1.606606,0.7394149999999999,FRA,JAM,841330
2839737,81,112,8813,2003,94012.0,0.0,1.8712540000000002,0.706205,GBR,JAM,841330
2839738,111,112,8813,2003,984.0,0.0,1.399734,1.044608,ITA,JAM,841330
2839739,114,112,8813,2003,168119.0,0.0,2.4686630000000003,0.48072600000000004,JPN,JAM,841330
2839740,121,112,8813,2003,11800.0,0.0,1.2611709999999998,0.956308,KOR,JAM,841330
2839741,138,112,8813,2003,3639.0,0.0,0.862509,0.756684,MEX,JAM,841330
2839742,162,112,8813,2003,37951.0,0.0,1.168453,1.7085709999999998,NLD,JAM,841330
2839743,169,112,8813,2003,53730.0,0.0,-0.050386,-0.039619999999999995,PAN,JAM,841330
2839744,178,112,8813,2003,2341.0,0.0,0.7060420000000001,0.7718,PRK,JAM,841330
2839745,192,112,8813,2003,32684.0,0.0,1.5080799999999999,0.720337,SGP,JAM,841330
2839746,208,112,8813,2003,2865.0,0.0,2.099224,0.799982,SWE,JAM,841330
2839747,231,112,8813,2003,165729.0,13631.0,1.7789220000000001,0.064028,USA,JAM,841330
2839748,249,112,8813,2003,1234.0,0.0,1.5924040000000002,1.397843,TWN,JAM,841330
2839749,1,114,8813,2003,0.0,9146.0,-0.421205,-0.602704,AFG,JPN,841330
2839750,2,114,8813,2003,0.0,9968.0,-1.8762919999999998,-1.176541,AGO,JPN,841330
2839751,4,114,8813,2003,0.0,2205.0,-0.053595000000000004,0.166034,ALB,JPN,841330
2839752,6,114,8813,2003,0.0,40323.0,0.108903,-0.650137,ANT,JPN,841330
2839753,7,114,8813,2003,0.0,13535445.0,0.049637,-0.502691,ARE,JPN,841330
2839754,8,114,8813,2003,3492.0,3359565.0,0.302073,0.49069700000000005,ARG,JPN,841330
2839755,13,114,8813,2003,0.0,1800.0,0.014283,-0.564587,ATG,JPN,841330
2839756,14,114,8813,2003,84183.0,15152563.0,0.316879,0.9409489999999999,AUS,JPN,841330
2839757,15,114,8813,2003,898783.0,490816.0,1.834977,0.408096,AUT,JPN,841330
2839758,16,114,8813,2003,0.0,1171.0,-0.304606,-0.975453,AZE,JPN,841330
2839759,17,114,8813,2003,0.0,2435.0,-0.550138,-0.759304,BDI,JPN,841330
2839760,18,114,8813,2003,98676.0,5547354.0,1.361682,1.39536,BEL,JPN,841330
2839761,19,114,8813,2003,0.0,5364.0,-1.150888,-0.956203,BEN,JPN,841330
2839762,21,114,8813,2003,0.0,1427.0,-0.9365690000000001,-0.9699409999999999,BFA,JPN,841330
2839763,22,114,8813,2003,0.0,46560.0,-1.168404,-1.035782,BGD,JPN,841330
2839764,23,114,8813,2003,0.0,4342.0,0.43308599999999997,1.7104099999999998,BGR,JPN,841330
2839765,24,114,8813,2003,0.0,547680.0,-0.10968800000000001,-1.041032,BHR,JPN,841330
2839766,25,114,8813,2003,0.0,45454.0,0.614422,-0.40984,BHS,JPN,841330
2839767,26,114,8813,2003,0.0,334.0,0.195667,0.347011,BIH,JPN,841330
2839768,28,114,8813,2003,0.0,14166.0,0.847358,0.9307719999999999,BLR,JPN,841330
2839769,29,114,8813,2003,0.0,26952.0,-0.543555,-0.7596,BLZ,JPN,841330
2839770,30,114,8813,2003,0.0,4560.0,0.9966459999999999,-0.5183270000000001,BMU,JPN,841330
2839771,31,114,8813,2003,0.0,115715.0,-0.787995,-0.7228899999999999,BOL,JPN,841330
2839772,32,114,8813,2003,8229.0,3460002.0,0.660576,1.118876,BRA,JPN,841330
2839773,33,114,8813,2003,0.0,51941.0,0.744166,0.074191,BRB,JPN,841330
2839774,34,114,8813,2003,0.0,1737.0,-1.342738,-0.978633,BRN,JPN,841330
2839775,37,114,8813,2003,0.0,17085.0,-0.517317,-1.1125770000000001,BWA,JPN,841330
2839776,39,114,8813,2003,256625.0,4579772.0,0.9791540000000001,1.185081,CAN,JPN,841330
2839777,41,114,8813,2003,405466.0,235010.0,2.151037,0.711217,CHE,JPN,841330
2839778,42,114,8813,2003,2553.0,1431523.0,-0.06375900000000001,-0.156808,CHL,JPN,841330
2839779,43,114,8813,2003,1021062.0,36349632.0,0.579431,2.773139,CHN,JPN,841330
2839780,44,114,8813,2003,0.0,2223.0,-0.699928,-0.723739,CIV,JPN,841330
2839781,45,114,8813,2003,0.0,3813.0,-1.254788,-1.10897,CMR,JPN,841330
2839782,46,114,8813,2003,0.0,22714.0,-1.366232,-1.0778860000000001,COD,JPN,841330
2839783,47,114,8813,2003,0.0,4205.0,-1.6789619999999998,-1.182557,COG,JPN,841330
2839784,49,114,8813,2003,0.0,1370171.0,0.218336,0.376869,COL,JPN,841330
2839785,52,114,8813,2003,0.0,483391.0,-0.193904,-0.5049680000000001,CRI,JPN,841330
2839786,54,114,8813,2003,0.0,56852.0,-0.391515,-0.8562120000000001,CUB,JPN,841330
2839787,57,114,8813,2003,0.0,2518.0,0.308768,-0.690944,CYM,JPN,841330
2839788,58,114,8813,2003,0.0,329371.0,0.259992,0.068914,CYP,JPN,841330
2839789,59,114,8813,2003,16788486.0,97098.0,1.555749,0.8662059999999999,CZE,JPN,841330
2839790,61,114,8813,2003,6112788.0,13643675.0,2.2821919999999998,-2.0985150000000004,DEU,JPN,841330
2839791,62,114,8813,2003,0.0,4932.0,-0.41648500000000005,-0.5408350000000001,DJI,JPN,841330
2839792,63,114,8813,2003,0.0,2059.0,0.11903299999999999,-0.21768200000000001,DMA,JPN,841330
2839793,64,114,8813,2003,2213808.0,99370.0,1.309564,1.245596,DNK,JPN,841330
2839794,65,114,8813,2003,0.0,460269.0,-0.46264399999999994,-0.245034,DOM,JPN,841330
2839795,66,114,8813,2003,0.0,104440.0,-1.060727,-1.142594,DZA,JPN,841330
2839796,67,114,8813,2003,0.0,1827158.0,-0.8689370000000001,-0.889767,ECU,JPN,841330
2839797,68,114,8813,2003,0.0,1688144.0,-0.292923,0.465433,EGY,JPN,841330
2839798,69,114,8813,2003,0.0,11327.0,-0.105591,-0.247614,ERI,JPN,841330
2839799,71,114,8813,2003,22449.0,1940565.0,0.960684,2.074792,ESP,JPN,841330
2839800,72,114,8813,2003,0.0,43259.0,0.5913010000000001,0.8489979999999999,EST,JPN,841330
2839801,73,114,8813,2003,0.0,106756.0,-1.1145559999999999,-0.9599620000000001,ETH,JPN,841330
2839802,74,114,8813,2003,9768.0,486283.0,2.077889,0.942501,FIN,JPN,841330
2839803,75,114,8813,2003,0.0,79431.0,-0.6865640000000001,-0.326977,FJI,JPN,841330
2839804,77,114,8813,2003,573914.0,18348970.0,1.606606,0.7394149999999999,FRA,JPN,841330
2839805,78,114,8813,2003,0.0,7843.0,-0.46422299999999994,-0.8072050000000001,FRO,JPN,841330
2839806,79,114,8813,2003,0.0,22332.0,-1.370191,-1.028812,FSM,JPN,841330
2839807,80,114,8813,2003,0.0,22366.0,-0.92745,-1.138466,GAB,JPN,841330
2839808,81,114,8813,2003,386629.0,30506588.0,1.8712540000000002,0.706205,GBR,JPN,841330
2839809,82,114,8813,2003,0.0,2366.0,0.595485,-0.25939,GEO,JPN,841330
2839810,83,114,8813,2003,0.0,20400.0,-1.074188,-0.7127319999999999,GHA,JPN,841330
2839811,85,114,8813,2003,0.0,4768.0,-2.14752,-1.250048,GIN,JPN,841330
2839812,88,114,8813,2003,0.0,8764.0,0.24509499999999998,-0.612725,GNB,JPN,841330
2839813,90,114,8813,2003,0.0,1172224.0,0.364688,1.4823959999999998,GRC,JPN,841330
2839814,91,114,8813,2003,0.0,4325.0,0.3936,-0.258355,GRD,JPN,841330
2839815,92,114,8813,2003,0.0,831.0,-0.764655,-0.8684200000000001,GRL,JPN,841330
2839816,93,114,8813,2003,0.0,1015031.0,-0.444162,0.145319,GTM,JPN,841330
2839817,95,114,8813,2003,0.0,27568.0,-0.139991,-0.570695,GUM,JPN,841330
2839818,96,114,8813,2003,0.0,9174.0,-0.59035,-0.7361340000000001,GUY,JPN,841330
2839819,97,114,8813,2003,3185.0,3887220.0,0.494569,2.147062,HKG,JPN,841330
2839820,99,114,8813,2003,0.0,164830.0,-0.733546,-0.568585,HND,JPN,841330
2839821,100,114,8813,2003,0.0,36770.0,0.568394,1.230759,HRV,JPN,841330
2839822,101,114,8813,2003,0.0,43689.0,-1.3761290000000002,-1.006346,HTI,JPN,841330
2839823,102,114,8813,2003,6523646.0,30062.0,1.2003270000000001,1.091407,HUN,JPN,841330
2839824,103,114,8813,2003,7064.0,42368212.0,-0.16802,1.7252990000000001,IDN,JPN,841330
2839825,104,114,8813,2003,125060.0,2863618.0,0.33014099999999996,2.836003,IND,JPN,841330
2839826,106,114,8813,2003,8712.0,161326.0,1.6396130000000002,0.220599,IRL,JPN,841330
2839827,107,114,8813,2003,0.0,408603.0,-0.552146,-0.8668520000000001,IRN,JPN,841330
2839828,108,114,8813,2003,0.0,58165.0,-0.398557,-0.774153,IRQ,JPN,841330
2839829,109,114,8813,2003,0.0,57293.0,0.21902800000000003,-0.40818499999999996,ISL,JPN,841330
2839830,110,114,8813,2003,3077.0,1416626.0,1.157809,0.682195,ISR,JPN,841330
2839831,111,114,8813,2003,1056979.0,10894547.0,1.399734,1.044608,ITA,JPN,841330
2839832,112,114,8813,2003,0.0,168119.0,-0.6684140000000001,-0.915817,JAM,JPN,841330
2839833,113,114,8813,2003,2022.0,1019525.0,0.12295,0.377031,JOR,JPN,841330
2839834,115,114,8813,2003,0.0,9537.0,-0.156326,-0.62092,KAZ,JPN,841330
2839835,116,114,8813,2003,0.0,316675.0,-0.3531,0.582992,KEN,JPN,841330
2839836,118,114,8813,2003,0.0,13318.0,-1.0165620000000002,-1.060454,KHM,JPN,841330
2839837,120,114,8813,2003,0.0,2437.0,0.555154,-0.405962,KNA,JPN,841330
2839838,121,114,8813,2003,1554477.0,77590576.0,1.2611709999999998,0.956308,KOR,JPN,841330
2839839,122,114,8813,2003,3472.0,932390.0,-0.7943640000000001,-1.1529770000000001,KWT,JPN,841330
2839840,124,114,8813,2003,0.0,535172.0,0.261687,1.053856,LBN,JPN,841330
2839841,125,114,8813,2003,0.0,70946.0,0.026117,-1.03888,LBR,JPN,841330
2839842,126,114,8813,2003,0.0,219163.0,-0.36075999999999997,-1.110575,LBY,JPN,841330
2839843,127,114,8813,2003,0.0,15498.0,0.318385,-0.342679,LCA,JPN,841330
2839844,128,114,8813,2003,0.0,155810.0,-0.618057,0.101931,LKA,JPN,841330
2839845,130,114,8813,2003,0.0,12202.0,0.239608,0.517299,LTU,JPN,841330
2839846,133,114,8813,2003,0.0,24883.0,-0.294516,-0.413828,MAC,JPN,841330
2839847,134,114,8813,2003,0.0,282304.0,-0.6842050000000001,-0.217892,MAR,JPN,841330
2839848,135,114,8813,2003,0.0,879.0,-0.005154,-0.26107199999999997,MDA,JPN,841330
2839849,136,114,8813,2003,0.0,6446.0,-1.254758,-0.622696,MDG,JPN,841330
2839850,137,114,8813,2003,0.0,4188.0,-1.201352,-1.031892,MDV,JPN,841330
2839851,138,114,8813,2003,42981.0,3186866.0,0.862509,0.756684,MEX,JPN,841330
2839852,139,114,8813,2003,0.0,1869.0,-1.7295669999999999,-0.926291,MHL,JPN,841330
2839853,140,114,8813,2003,0.0,1280.0,-0.017632,0.225394,MKD,JPN,841330
2839854,142,114,8813,2003,0.0,23579.0,1.2138149999999999,-0.015687,MLT,JPN,841330
2839855,143,114,8813,2003,0.0,13101.0,-1.435123,-1.0948,MMR,JPN,841330
2839856,145,114,8813,2003,0.0,53424.0,-0.9747620000000001,-1.026308,MNG,JPN,841330
2839857,146,114,8813,2003,0.0,86876.0,-0.370942,-0.685771,MNP,JPN,841330
2839858,147,114,8813,2003,0.0,12252.0,-1.188243,-1.123693,MOZ,JPN,841330
2839859,151,114,8813,2003,0.0,9626.0,-0.361514,-0.29839899999999997,MUS,JPN,841330
2839860,152,114,8813,2003,0.0,21252.0,-1.48079,-1.235645,MWI,JPN,841330
2839861,153,114,8813,2003,747628.0,10617100.0,0.728804,0.2168,MYS,JPN,841330
2839862,154,114,8813,2003,0.0,2568.0,0.8645370000000001,-0.101347,MYT,JPN,841330
2839863,155,114,8813,2003,0.0,788.0,-0.24004499999999998,-0.39565900000000004,NAM,JPN,841330
2839864,156,114,8813,2003,0.0,34441.0,-0.344934,-0.776632,NCL,JPN,841330
2839865,157,114,8813,2003,0.0,507.0,-0.199296,-0.578264,NER,JPN,841330
2839866,159,114,8813,2003,0.0,521448.0,-1.859176,-1.234236,NGA,JPN,841330
2839867,160,114,8813,2003,0.0,10848.0,-0.8661459999999999,-0.8661690000000001,NIC,JPN,841330
2839868,162,114,8813,2003,38963.0,33996452.0,1.168453,1.7085709999999998,NLD,JPN,841330
2839869,163,114,8813,2003,49140.0,177501.0,1.1500620000000001,0.258554,NOR,JPN,841330
2839870,164,114,8813,2003,0.0,2757.0,-0.26353899999999997,1.351717,NPL,JPN,841330
2839871,166,114,8813,2003,2204.0,1865405.0,0.589619,0.997301,NZL,JPN,841330
2839872,167,114,8813,2003,0.0,2210699.0,-1.434873,-1.188123,OMN,JPN,841330
2839873,168,114,8813,2003,1133.0,3224283.0,-0.6659689999999999,0.137924,PAK,JPN,841330
2839874,169,114,8813,2003,0.0,2137956.0,-0.050386,-0.039619999999999995,PAN,JPN,841330
2839875,173,114,8813,2003,0.0,557519.0,-0.48627,0.371354,PER,JPN,841330
2839876,174,114,8813,2003,5640492.0,5913312.0,-0.065022,-0.195144,PHL,JPN,841330
2839877,176,114,8813,2003,0.0,6957.0,-1.7997330000000002,-1.2110049999999999,PNG,JPN,841330
2839878,177,114,8813,2003,0.0,366875.0,0.966622,1.664838,POL,JPN,841330
2839879,178,114,8813,2003,0.0,72668.0,0.7060420000000001,0.7718,PRK,JPN,841330
2839880,179,114,8813,2003,0.0,704606.0,0.471376,1.647303,PRT,JPN,841330
2839881,180,114,8813,2003,0.0,70157.0,-0.607733,-0.8577879999999999,PRY,JPN,841330
2839882,182,114,8813,2003,0.0,36584.0,-0.255707,-0.676557,PYF,JPN,841330
2839883,183,114,8813,2003,0.0,430946.0,-0.209042,-1.0565799999999999,QAT,JPN,841330
2839884,185,114,8813,2003,0.0,4865.0,0.378379,1.0064620000000002,ROU,JPN,841330
2839885,186,114,8813,2003,0.0,1014410.0,1.072729,0.338355,RUS,JPN,841330
2839886,187,114,8813,2003,0.0,3417.0,-0.99513,-0.852476,RWA,JPN,841330
2839887,188,114,8813,2003,0.0,7189275.0,0.202286,-0.714691,SAU,JPN,841330
2839888,189,114,8813,2003,0.0,4647.0,0.575326,1.627894,SCG,JPN,841330
2839889,190,114,8813,2003,0.0,37623.0,-1.3535059999999999,-1.1701409999999999,SDN,JPN,841330
2839890,191,114,8813,2003,0.0,9175.0,-0.25203600000000004,-0.25549299999999997,SEN,JPN,841330
2839891,192,114,8813,2003,39406.0,9056232.0,1.5080799999999999,0.720337,SGP,JPN,841330
2839892,195,114,8813,2003,0.0,18950.0,-1.342629,-0.900968,SLB,JPN,841330
2839893,197,114,8813,2003,0.0,471186.0,-0.251357,-0.189917,SLV,JPN,841330
2839894,205,114,8813,2003,0.0,26876.0,-0.896925,-0.88623,SUR,JPN,841330
2839895,206,114,8813,2003,0.0,29706.0,1.22565,0.915518,SVK,JPN,841330
2839896,207,114,8813,2003,0.0,53408.0,1.6459840000000001,1.014191,SVN,JPN,841330
2839897,208,114,8813,2003,577926.0,244193.0,2.099224,0.799982,SWE,JPN,841330
2839898,211,114,8813,2003,0.0,6950.0,-0.44341099999999994,-0.742566,SYC,JPN,841330
2839899,212,114,8813,2003,0.0,301276.0,-0.868749,-0.326322,SYR,JPN,841330
2839900,215,114,8813,2003,0.0,3090.0,-0.5058590000000001,-0.520586,TGO,JPN,841330
2839901,216,114,8813,2003,864729.0,81252904.0,0.43010699999999996,1.607408,THA,JPN,841330
2839902,222,114,8813,2003,0.0,270617.0,-0.16738,-0.9820969999999999,TTO,JPN,841330
2839903,223,114,8813,2003,0.0,114491.0,-0.14845999999999998,0.255092,TUN,JPN,841330
2839904,224,114,8813,2003,23506.0,1311430.0,0.192802,1.9855060000000002,TUR,JPN,841330
2839905,226,114,8813,2003,0.0,2832.0,-1.225217,-0.43662399999999996,TZA,JPN,841330
2839906,227,114,8813,2003,0.0,7603.0,-0.895193,-0.712039,UGA,JPN,841330
2839907,228,114,8813,2003,0.0,42800.0,0.8929389999999999,0.956685,UKR,JPN,841330
2839908,230,114,8813,2003,0.0,49375.0,0.19792200000000001,0.243104,URY,JPN,841330
2839909,231,114,8813,2003,24586360.0,134757088.0,1.7789220000000001,0.064028,USA,JPN,841330
2839910,232,114,8813,2003,0.0,1895.0,-0.285978,-0.703334,UZB,JPN,841330
2839911,234,114,8813,2003,0.0,2355.0,-0.355758,-0.679181,VCT,JPN,841330
2839912,236,114,8813,2003,0.0,697153.0,0.277805,-0.783697,VEN,JPN,841330
2839913,237,114,8813,2003,0.0,2717.0,0.685109,-0.20824299999999998,VGB,JPN,841330
2839914,239,114,8813,2003,0.0,188600.0,-0.633985,0.659696,VNM,JPN,841330
2839915,242,114,8813,2003,0.0,2103.0,-0.304377,-0.620659,WSM,JPN,841330
2839916,243,114,8813,2003,0.0,410092.0,-1.453584,-1.257815,YEM,JPN,841330
2839917,246,114,8813,2003,0.0,6271260.0,0.477987,2.255395,ZAF,JPN,841330
2839918,247,114,8813,2003,0.0,7892.0,-0.678149,-0.5919449999999999,ZMB,JPN,841330
2839919,248,114,8813,2003,0.0,81572.0,-0.366539,-0.18906199999999998,ZWE,JPN,841330
2839920,249,114,8813,2003,387093.0,22189410.0,1.5924040000000002,1.397843,TWN,JPN,841330
2839921,250,114,8813,2003,0.0,37952.0,0.45951499999999995,-0.2312,ANS,JPN,841330
2839922,7,121,8813,2003,0.0,545550.0,0.049637,-0.502691,ARE,KOR,841330
2839923,8,121,8813,2003,0.0,36196.0,0.302073,0.49069700000000005,ARG,KOR,841330
2839924,14,121,8813,2003,20274.0,651614.0,0.316879,0.9409489999999999,AUS,KOR,841330
2839925,15,121,8813,2003,43390.0,128579.0,1.834977,0.408096,AUT,KOR,841330
2839926,16,121,8813,2003,0.0,1146.0,-0.304606,-0.975453,AZE,KOR,841330
2839927,18,121,8813,2003,58723.0,1400690.0,1.361682,1.39536,BEL,KOR,841330
2839928,22,121,8813,2003,0.0,12922.0,-1.168404,-1.035782,BGD,KOR,841330
2839929,23,121,8813,2003,0.0,29246.0,0.43308599999999997,1.7104099999999998,BGR,KOR,841330
2839930,24,121,8813,2003,0.0,4882.0,-0.10968800000000001,-1.041032,BHR,KOR,841330
2839931,25,121,8813,2003,0.0,1652.0,0.614422,-0.40984,BHS,KOR,841330
2839932,26,121,8813,2003,0.0,3013.0,0.195667,0.347011,BIH,KOR,841330
2839933,32,121,8813,2003,10690.0,42686.0,0.660576,1.118876,BRA,KOR,841330
2839934,33,121,8813,2003,0.0,21427.0,0.744166,0.074191,BRB,KOR,841330
2839935,34,121,8813,2003,0.0,8335.0,-1.342738,-0.978633,BRN,KOR,841330
2839936,37,121,8813,2003,0.0,16362.0,-0.517317,-1.1125770000000001,BWA,KOR,841330
2839937,39,121,8813,2003,30535.0,59442.0,0.9791540000000001,1.185081,CAN,KOR,841330
2839938,41,121,8813,2003,4001.0,41316.0,2.151037,0.711217,CHE,KOR,841330
2839939,42,121,8813,2003,1876.0,793314.0,-0.06375900000000001,-0.156808,CHL,KOR,841330
2839940,43,121,8813,2003,344147.0,4463439.0,0.579431,2.773139,CHN,KOR,841330
2839941,44,121,8813,2003,0.0,36560.0,-0.699928,-0.723739,CIV,KOR,841330
2839942,45,121,8813,2003,0.0,1886.0,-1.254788,-1.10897,CMR,KOR,841330
2839943,49,121,8813,2003,0.0,209368.0,0.218336,0.376869,COL,KOR,841330
2839944,52,121,8813,2003,0.0,48655.0,-0.193904,-0.5049680000000001,CRI,KOR,841330
2839945,54,121,8813,2003,0.0,29043.0,-0.391515,-0.8562120000000001,CUB,KOR,841330
2839946,58,121,8813,2003,0.0,7429.0,0.259992,0.068914,CYP,KOR,841330
2839947,59,121,8813,2003,6681184.0,18760.0,1.555749,0.8662059999999999,CZE,KOR,841330
2839948,61,121,8813,2003,128354944.0,1736136.0,2.2821919999999998,-2.0985150000000004,DEU,KOR,841330
2839949,63,121,8813,2003,0.0,11297.0,0.11903299999999999,-0.21768200000000001,DMA,KOR,841330
2839950,64,121,8813,2003,445265.0,2435.0,1.309564,1.245596,DNK,KOR,841330
2839951,65,121,8813,2003,0.0,14367.0,-0.46264399999999994,-0.245034,DOM,KOR,841330
2839952,66,121,8813,2003,0.0,279008.0,-1.060727,-1.142594,DZA,KOR,841330
2839953,67,121,8813,2003,0.0,45486.0,-0.8689370000000001,-0.889767,ECU,KOR,841330
2839954,68,121,8813,2003,0.0,93520.0,-0.292923,0.465433,EGY,KOR,841330
2839955,71,121,8813,2003,73520.0,343188.0,0.960684,2.074792,ESP,KOR,841330
2839956,72,121,8813,2003,0.0,14444.0,0.5913010000000001,0.8489979999999999,EST,KOR,841330
2839957,73,121,8813,2003,0.0,24521.0,-1.1145559999999999,-0.9599620000000001,ETH,KOR,841330
2839958,74,121,8813,2003,7891.0,1298.0,2.077889,0.942501,FIN,KOR,841330
2839959,75,121,8813,2003,0.0,2284.0,-0.6865640000000001,-0.326977,FJI,KOR,841330
2839960,77,121,8813,2003,21490486.0,225605.0,1.606606,0.7394149999999999,FRA,KOR,841330
2839961,78,121,8813,2003,0.0,247.0,-0.46422299999999994,-0.8072050000000001,FRO,KOR,841330
2839962,81,121,8813,2003,194873.0,375736.0,1.8712540000000002,0.706205,GBR,KOR,841330
2839963,83,121,8813,2003,0.0,7127.0,-1.074188,-0.7127319999999999,GHA,KOR,841330
2839964,85,121,8813,2003,0.0,4614.0,-2.14752,-1.250048,GIN,KOR,841330
2839965,90,121,8813,2003,0.0,22464.0,0.364688,1.4823959999999998,GRC,KOR,841330
2839966,93,121,8813,2003,0.0,98977.0,-0.444162,0.145319,GTM,KOR,841330
2839967,96,121,8813,2003,0.0,1213.0,-0.59035,-0.7361340000000001,GUY,KOR,841330
2839968,97,121,8813,2003,62953.0,43926.0,0.494569,2.147062,HKG,KOR,841330
2839969,99,121,8813,2003,0.0,3430.0,-0.733546,-0.568585,HND,KOR,841330
2839970,100,121,8813,2003,0.0,31106.0,0.568394,1.230759,HRV,KOR,841330
2839971,102,121,8813,2003,0.0,63660.0,1.2003270000000001,1.091407,HUN,KOR,841330
2839972,103,121,8813,2003,0.0,34285.0,-0.16802,1.7252990000000001,IDN,KOR,841330
2839973,104,121,8813,2003,69092.0,539770.0,0.33014099999999996,2.836003,IND,KOR,841330
2839974,106,121,8813,2003,0.0,10593.0,1.6396130000000002,0.220599,IRL,KOR,841330
2839975,107,121,8813,2003,0.0,519646.0,-0.552146,-0.8668520000000001,IRN,KOR,841330
2839976,109,121,8813,2003,0.0,11302.0,0.21902800000000003,-0.40818499999999996,ISL,KOR,841330
2839977,110,121,8813,2003,0.0,74959.0,1.157809,0.682195,ISR,KOR,841330
2839978,111,121,8813,2003,780106.0,350222.0,1.399734,1.044608,ITA,KOR,841330
2839979,112,121,8813,2003,0.0,11800.0,-0.6684140000000001,-0.915817,JAM,KOR,841330
2839980,113,121,8813,2003,0.0,155371.0,0.12295,0.377031,JOR,KOR,841330
2839981,114,121,8813,2003,77590576.0,1554477.0,2.4686630000000003,0.48072600000000004,JPN,KOR,841330
2839982,115,121,8813,2003,0.0,3685.0,-0.156326,-0.62092,KAZ,KOR,841330
2839983,116,121,8813,2003,0.0,24977.0,-0.3531,0.582992,KEN,KOR,841330
2839984,122,121,8813,2003,0.0,12879.0,-0.7943640000000001,-1.1529770000000001,KWT,KOR,841330
2839985,124,121,8813,2003,0.0,47437.0,0.261687,1.053856,LBN,KOR,841330
2839986,126,121,8813,2003,0.0,45706.0,-0.36075999999999997,-1.110575,LBY,KOR,841330
2839987,127,121,8813,2003,0.0,1291.0,0.318385,-0.342679,LCA,KOR,841330
2839988,128,121,8813,2003,0.0,2643.0,-0.618057,0.101931,LKA,KOR,841330
2839989,130,121,8813,2003,0.0,5687.0,0.239608,0.517299,LTU,KOR,841330
2839990,131,121,8813,2003,44276.0,0.0,1.444996,1.063764,LUX,KOR,841330
2839991,134,121,8813,2003,0.0,53346.0,-0.6842050000000001,-0.217892,MAR,KOR,841330
2839992,136,121,8813,2003,0.0,2759.0,-1.254758,-0.622696,MDG,KOR,841330
2839993,138,121,8813,2003,12145.0,372628.0,0.862509,0.756684,MEX,KOR,841330
2839994,140,121,8813,2003,0.0,4933.0,-0.017632,0.225394,MKD,KOR,841330
2839995,142,121,8813,2003,0.0,7675.0,1.2138149999999999,-0.015687,MLT,KOR,841330
2839996,143,121,8813,2003,0.0,4039.0,-1.435123,-1.0948,MMR,KOR,841330
2839997,145,121,8813,2003,2993.0,4907.0,-0.9747620000000001,-1.026308,MNG,KOR,841330
2839998,147,121,8813,2003,0.0,4302.0,-1.188243,-1.123693,MOZ,KOR,841330
