21309999,8,61,112,1980.0,2252437.0,131928.0,0.23432199999999997,1.047671,ARG,DEU,21
21310000,8,61,112,1981.0,796663.0,3025.0,0.313835,0.8986649999999999,ARG,DEU,21
21310001,8,61,112,1982.0,375248.0,0.0,0.246135,0.7669060000000001,ARG,DEU,21
21310002,8,61,112,1983.0,290076.0,0.0,0.045672000000000004,0.159716,ARG,DEU,21
21310003,8,61,112,1984.0,273646.0,0.0,0.048035,0.19725399999999998,ARG,DEU,21
21310004,8,61,112,1985.0,162790.0,15373.0,-0.085315,0.155327,ARG,DEU,21
21310005,8,61,112,1986.0,379241.0,310180.0,0.05454199999999999,0.352452,ARG,DEU,21
21310006,8,61,112,1987.0,1005568.0,72468.0,0.153722,0.688191,ARG,DEU,21
21310007,8,61,112,1988.0,472403.0,51697.0,0.071271,0.78496,ARG,DEU,21
21310008,8,61,112,1989.0,120814.0,53340.0,0.234641,0.985326,ARG,DEU,21
21310009,8,61,112,1990.0,160012.0,234881.0,0.079391,0.81503,ARG,DEU,21
21310010,8,61,112,1991.0,123387.0,422838.0,0.11498,0.566391,ARG,DEU,21
21310011,8,61,112,1992.0,407475.0,305384.0,0.043179,0.553408,ARG,DEU,21
21310012,8,61,112,1994.0,312946.0,0.0,0.011663,0.49076899999999996,ARG,DEU,21
21310013,8,61,112,1995.0,789249.0,0.0,0.201849,1.022644,ARG,DEU,21
21310014,8,61,112,1997.0,696880.0,156517.0,0.072589,0.965456,ARG,DEU,21
21310015,8,61,112,1998.0,396101.0,356627.0,0.051266,0.7827189999999999,ARG,DEU,21
21310016,8,61,112,1999.0,273452.0,63813.0,0.096776,0.797369,ARG,DEU,21
21310017,8,61,112,2000.0,343328.0,0.0,0.140533,0.888049,ARG,DEU,21
21310018,8,61,112,2002.0,665689.0,457211.0,0.045376,0.71768,ARG,DEU,21
21310019,8,61,112,1973.0,4963618.0,7637.0,0.191245,0.47102,ARG,DEU,21
21310020,8,61,112,1975.0,4385326.0,0.0,0.43757299999999993,0.8331540000000001,ARG,DEU,21
21310021,8,61,112,1996.0,800141.0,325103.0,0.007199,0.805707,ARG,DEU,21
21310022,8,61,112,1970.0,4152336.0,20425.0,0.000177,0.008167,ARG,DEU,21
21310023,8,61,112,1979.0,2178283.0,82003.0,0.330959,0.9019870000000001,ARG,DEU,21
21310024,8,61,112,1974.0,3827472.0,0.0,0.36104200000000003,0.660953,ARG,DEU,21
21310025,8,61,112,1969.0,6836441.0,31407.0,0.199094,0.23731300000000002,ARG,DEU,21
21310026,8,61,112,1962.0,8486169.0,0.0,-0.27565,-0.526755,ARG,DEU,21
21310027,8,61,112,1963.0,8485237.0,27669.0,-0.262306,-0.570354,ARG,DEU,21
21310028,8,61,112,1964.0,5966537.0,3053.0,0.22790100000000002,-0.066322,ARG,DEU,21
21310029,8,61,112,1968.0,4998726.0,9877.0,0.148111,0.088328,ARG,DEU,21
21310030,8,61,112,1971.0,3547512.0,25085.0,0.0024230000000000002,0.084024,ARG,DEU,21
21310031,8,61,112,1972.0,4993248.0,0.0,0.09891,0.403972,ARG,DEU,21
21310032,8,61,112,1978.0,2150730.0,0.0,0.325656,1.077012,ARG,DEU,21
21310033,8,61,112,1976.0,8093850.0,3297.0,0.38905100000000004,0.93515,ARG,DEU,21
21310034,8,61,112,1977.0,3014612.0,0.0,0.337935,1.013686,ARG,DEU,21
21310035,14,61,112,2005.0,275159.0,0.0,-0.136324,0.442158,AUS,DEU,21
21310036,14,61,112,2001.0,1475156.0,0.0,-0.12189000000000001,0.7281770000000001,AUS,DEU,21
21310037,14,61,112,2004.0,1294390.0,0.0,-0.198735,0.81543,AUS,DEU,21
21310038,14,61,112,1998.0,2906779.0,0.0,0.023046,0.778283,AUS,DEU,21
21310039,14,61,112,1999.0,2031741.0,0.0,-0.06909,0.80382,AUS,DEU,21
21310040,14,61,112,2003.0,2043319.0,4557.0,-0.01927,0.787129,AUS,DEU,21
21310041,14,61,112,2007.0,1698792.0,0.0,-0.099254,0.459909,AUS,DEU,21
21310042,14,61,112,2008.0,3869852.0,0.0,-0.397162,0.034979,AUS,DEU,21
21310043,14,61,112,2009.0,1947199.0,0.0,-0.358236,0.139989,AUS,DEU,21
21310044,14,61,112,2010.0,1381257.0,0.0,-0.477523,-0.035064,AUS,DEU,21
21310045,14,61,112,2011.0,2004869.0,0.0,-0.41334399999999993,-0.095997,AUS,DEU,21
21310046,14,61,112,2012.0,1845320.0,0.0,-0.537197,-0.22305300000000003,AUS,DEU,21
21310047,14,61,112,2013.0,2751586.0,0.0,-0.63369,-0.276328,AUS,DEU,21
21310048,14,61,112,2014.0,3739054.0,0.0,-0.587779,-0.29813,AUS,DEU,21
21310049,14,61,112,2015.0,1232188.0,0.0,-0.480241,-0.046308999999999996,AUS,DEU,21
21310050,14,61,112,2016.0,1493793.0,124710.0,-0.585613,-0.245365,AUS,DEU,21
21310051,14,61,112,2017.0,395235.0,51104.0,-0.598537,-0.23571,AUS,DEU,21
21310052,14,61,112,1971.0,5131080.0,2006.0,0.019735,0.02329,AUS,DEU,21
21310053,14,61,112,1972.0,11275185.0,0.0,-0.011342,0.078894,AUS,DEU,21
21310054,14,61,112,1974.0,8455935.0,12326.0,0.102724,0.198399,AUS,DEU,21
21310055,14,61,112,1979.0,29285715.0,17903.0,0.09590599999999999,0.559419,AUS,DEU,21
21310056,14,61,112,2018.0,1174709.0,218661.0,-0.5578930000000001,-0.15666300000000002,AUS,DEU,21
21310057,14,61,112,2019.0,745608.0,374785.0,-0.479483,-0.31040999999999996,AUS,DEU,21
21310058,14,61,112,1969.0,4514006.0,1063.0,0.111699,-0.04987,AUS,DEU,21
21310059,14,61,112,1973.0,13682360.0,89136.0,-0.12833599999999998,-0.058471,AUS,DEU,21
21310060,14,61,112,1990.0,7545308.0,2004.0,-0.10606600000000001,0.23220300000000002,AUS,DEU,21
21310061,14,61,112,1992.0,3947709.0,0.0,0.083812,0.637224,AUS,DEU,21
21310062,14,61,112,1994.0,5549306.0,3009.0,0.150284,0.738228,AUS,DEU,21
21310063,14,61,112,1995.0,6882122.0,1910.0,0.11059100000000001,0.693473,AUS,DEU,21
21310064,14,61,112,2006.0,482743.0,1964.0,-0.183265,0.564314,AUS,DEU,21
21310065,14,61,112,2020.0,505093.0,615628.0,-0.523888,-0.29143600000000003,AUS,DEU,21
21310066,14,61,112,1996.0,7709497.0,29250.0,0.025253,0.6428189999999999,AUS,DEU,21
21310067,14,61,112,2002.0,830552.0,0.0,-0.052462,0.759617,AUS,DEU,21
21310068,14,61,112,1981.0,12771829.0,9608.0,0.073939,0.704983,AUS,DEU,21
21310069,14,61,112,1997.0,3627188.0,26579.0,-0.033861,0.647668,AUS,DEU,21
21310070,14,61,112,1984.0,6569608.0,35633.0,0.14916500000000002,0.353543,AUS,DEU,21
21310071,14,61,112,1980.0,20016771.0,18786.0,0.115151,0.53764,AUS,DEU,21
21310072,14,61,112,1991.0,4309793.0,2167.0,0.081934,0.515451,AUS,DEU,21
21310073,14,61,112,1975.0,10373654.0,1061.0,-0.007193000000000001,0.31486,AUS,DEU,21
21310074,14,61,112,1982.0,8842572.0,7966.0,-0.045926999999999996,0.485706,AUS,DEU,21
21310075,14,61,112,1983.0,6953401.0,2189.0,0.094068,0.551489,AUS,DEU,21
21310076,14,61,112,1985.0,6789595.0,0.0,0.023471000000000002,0.23764699999999997,AUS,DEU,21
21310077,14,61,112,1986.0,10840881.0,9567.0,-0.071604,0.19330999999999998,AUS,DEU,21
21310078,14,61,112,1987.0,11060796.0,7644.0,0.113347,0.380457,AUS,DEU,21
21310079,14,61,112,1988.0,9988120.0,18529.0,0.004738,0.599427,AUS,DEU,21
21310080,14,61,112,1989.0,10297087.0,14999.0,0.075613,0.524821,AUS,DEU,21
21310081,14,61,112,2000.0,1458990.0,0.0,0.039636000000000005,1.001203,AUS,DEU,21
21310082,14,61,112,1963.0,2195899.0,1011.0,0.200155,-0.14443599999999998,AUS,DEU,21
21310083,14,61,112,1967.0,2377762.0,0.0,0.24582600000000002,-0.050793,AUS,DEU,21
21310084,14,61,112,1993.0,3660861.0,0.0,0.14340999999999998,0.673521,AUS,DEU,21
21310085,14,61,112,1970.0,6636523.0,1066.0,0.012313,-0.13783800000000002,AUS,DEU,21
21310086,14,61,112,1966.0,3629399.0,13851.0,0.455635,0.253223,AUS,DEU,21
21310087,14,61,112,1964.0,3159554.0,0.0,0.318204,-0.167216,AUS,DEU,21
21310088,14,61,112,1965.0,3537450.0,0.0,0.25408200000000003,-0.186932,AUS,DEU,21
21310089,14,61,112,1968.0,2822468.0,0.0,0.215398,0.115257,AUS,DEU,21
21310090,14,61,112,1962.0,1909485.0,6194.0,0.100563,-0.259536,AUS,DEU,21
21310091,14,61,112,1978.0,28610797.0,28836.0,0.158999,0.59919,AUS,DEU,21
21310092,14,61,112,1976.0,19741696.0,1098.0,0.032161,0.202079,AUS,DEU,21
21310093,14,61,112,1977.0,28267720.0,29079.0,0.13856,0.39048499999999997,AUS,DEU,21
21310094,15,61,112,2016.0,54950923.0,14222984.0,1.743944,-0.051155,AUT,DEU,21
21310095,15,61,112,1997.0,25027702.0,55215316.0,1.904005,0.445169,AUT,DEU,21
21310096,15,61,112,2005.0,27184833.0,17064084.0,1.884941,-0.037591,AUT,DEU,21
21310097,15,61,112,1995.0,22813690.0,42076392.0,2.066799,0.43970299999999995,AUT,DEU,21
21310098,15,61,112,1996.0,25668577.0,41682678.0,2.012626,0.395525,AUT,DEU,21
21310099,15,61,112,1999.0,34775254.0,84367266.0,1.8405310000000001,0.5337350000000001,AUT,DEU,21
21310100,15,61,112,2000.0,30411009.0,63237520.0,1.823798,0.465513,AUT,DEU,21
21310101,15,61,112,2011.0,48986668.0,50728198.0,1.7686689999999998,-0.714754,AUT,DEU,21
21310102,15,61,112,2003.0,27080407.0,33528172.0,1.931225,0.2033,AUT,DEU,21
21310103,15,61,112,2004.0,28577985.0,15101410.0,1.958949,0.209296,AUT,DEU,21
21310104,15,61,112,2006.0,39383658.0,26621906.0,1.772588,-0.008943000000000001,AUT,DEU,21
21310105,15,61,112,2007.0,34869747.0,21997205.0,1.787666,-0.678863,AUT,DEU,21
21310106,15,61,112,2008.0,31818142.0,20847747.0,1.7179959999999999,-0.8444709999999999,AUT,DEU,21
21310107,15,61,112,2009.0,31144518.0,18795093.0,1.746436,-0.6186619999999999,AUT,DEU,21
21310108,15,61,112,2010.0,47163361.0,46052474.0,1.8190060000000001,-0.6441439999999999,AUT,DEU,21
21310109,15,61,112,2012.0,51501495.0,31348287.0,1.710955,-0.8860399999999999,AUT,DEU,21
21310110,15,61,112,2013.0,60890467.0,46592683.0,1.855434,-1.06494,AUT,DEU,21
21310111,15,61,112,2014.0,58774276.0,31401597.0,1.782532,-0.84455,AUT,DEU,21
21310112,15,61,112,2015.0,53409198.0,20188231.0,1.85844,-0.537455,AUT,DEU,21
21310113,15,61,112,2017.0,17304616.0,1208748.0,1.722766,-0.077938,AUT,DEU,21
21310114,15,61,112,2018.0,8797681.0,1593096.0,1.798687,-0.557271,AUT,DEU,21
21310115,15,61,112,2019.0,5057329.0,805019.0,1.7627810000000002,-0.256891,AUT,DEU,21
21310116,15,61,112,2020.0,5473879.0,1719319.0,1.695555,-0.14757699999999999,AUT,DEU,21
21310117,15,61,112,1998.0,25557865.0,66661579.0,1.878212,0.373222,AUT,DEU,21
21310118,15,61,112,1994.0,23742797.0,41609190.0,2.023375,0.591611,AUT,DEU,21
21310119,15,61,112,2002.0,31451580.0,49849429.0,1.866997,0.400527,AUT,DEU,21
21310120,15,61,112,2001.0,38925498.0,53416433.0,1.8987740000000002,0.45922700000000005,AUT,DEU,21
21310121,15,61,112,1972.0,4603837.0,5441849.0,2.010827,1.109112,AUT,DEU,21
21310122,15,61,112,1986.0,19643711.0,38188548.0,1.966492,1.209025,AUT,DEU,21
21310123,15,61,112,1968.0,3216954.0,2807882.0,1.94925,1.6721810000000001,AUT,DEU,21
21310124,15,61,112,1969.0,3496073.0,3280624.0,2.046971,1.612715,AUT,DEU,21
21310125,15,61,112,1985.0,17725714.0,28689212.0,1.8110509999999997,0.8526870000000001,AUT,DEU,21
21310126,15,61,112,1973.0,5083524.0,5065131.0,2.003425,0.975582,AUT,DEU,21
21310127,15,61,112,1974.0,4851483.0,3089889.0,1.6841439999999999,0.107597,AUT,DEU,21
21310128,15,61,112,1978.0,10739748.0,5115229.0,1.8295560000000002,1.026969,AUT,DEU,21
21310129,15,61,112,1979.0,14055983.0,9556993.0,1.6914310000000001,0.975253,AUT,DEU,21
21310130,15,61,112,1980.0,9349492.0,12288594.0,1.560632,0.525413,AUT,DEU,21
21310131,15,61,112,1984.0,14682677.0,25806778.0,1.702559,0.743392,AUT,DEU,21
21310132,15,61,112,1987.0,25472393.0,34167741.0,1.8749349999999998,1.286508,AUT,DEU,21
21310133,15,61,112,1988.0,29319197.0,36756570.0,1.8688369999999999,1.0031459999999999,AUT,DEU,21
21310134,15,61,112,1971.0,2862118.0,3336166.0,1.984568,0.9571209999999999,AUT,DEU,21
21310135,15,61,112,1975.0,3858035.0,2753687.0,1.845171,-0.25403400000000004,AUT,DEU,21
21310136,15,61,112,1981.0,8230766.0,6875237.0,1.5699100000000001,0.303125,AUT,DEU,21
21310137,15,61,112,1963.0,1373369.0,3587629.0,2.054019,2.405647,AUT,DEU,21
21310138,15,61,112,1964.0,1710224.0,3574802.0,2.0803279999999997,2.370025,AUT,DEU,21
21310139,15,61,112,1965.0,1999120.0,3546679.0,2.128641,2.558615,AUT,DEU,21
21310140,15,61,112,1966.0,2588928.0,3969790.0,2.0353790000000003,2.0373229999999998,AUT,DEU,21
21310141,15,61,112,1967.0,2829532.0,2455162.0,2.062091,1.739353,AUT,DEU,21
21310142,15,61,112,1970.0,3009543.0,2738095.0,2.025504,1.479027,AUT,DEU,21
21310143,15,61,112,1982.0,10013144.0,12221772.0,1.6774360000000001,0.376798,AUT,DEU,21
21310144,15,61,112,1983.0,9562207.0,19124666.0,1.6920009999999999,0.7196020000000001,AUT,DEU,21
21310145,15,61,112,1989.0,26604705.0,39350996.0,1.9229009999999997,0.8210799999999999,AUT,DEU,21
21310146,15,61,112,1990.0,28098911.0,34066301.0,2.0186759999999997,0.9121309999999999,AUT,DEU,21
21310147,15,61,112,1992.0,25472828.0,30150873.0,1.975207,0.669388,AUT,DEU,21
21310148,15,61,112,1991.0,18573548.0,20460984.0,1.996156,0.975916,AUT,DEU,21
21310149,15,61,112,1993.0,20272617.0,29375592.0,1.998111,0.504157,AUT,DEU,21
21310150,15,61,112,1962.0,1874728.0,3121955.0,2.045399,2.510272,AUT,DEU,21
21310151,15,61,112,1976.0,5310821.0,7492831.0,1.720419,0.43151300000000004,AUT,DEU,21
21310152,15,61,112,1977.0,7212340.0,8175649.0,1.5852600000000001,-0.239042,AUT,DEU,21
21310153,16,61,112,2020.0,1128.0,0.0,-1.242085,-1.335858,AZE,DEU,21
21310154,17,61,112,2006.0,41303.0,0.0,-0.139211,-0.558193,BDI,DEU,21
21310155,17,61,112,2007.0,33063.0,0.0,-0.233587,-0.609957,BDI,DEU,21
21310156,17,61,112,1995.0,0.0,12245.0,-1.58388,-0.9716899999999999,BDI,DEU,21
21310157,17,61,112,2002.0,5731.0,0.0,-0.399212,-0.67657,BDI,DEU,21
21310158,17,61,112,1973.0,19332.0,0.0,-1.1769450000000001,-0.822684,BDI,DEU,21
21310159,17,61,112,1972.0,1820.0,0.0,-1.404302,-0.648108,BDI,DEU,21
21310160,17,61,112,1976.0,9068.0,0.0,-0.870943,-0.528018,BDI,DEU,21
21310161,17,61,112,1962.0,11138.0,0.0,-1.461755,-0.5580350000000001,BDI,DEU,21
21310162,17,61,112,1964.0,8161.0,0.0,-1.449044,-0.439957,BDI,DEU,21
21310163,17,61,112,1965.0,4740.0,0.0,-0.48082700000000006,-0.382538,BDI,DEU,21
21310164,17,61,112,1969.0,37274.0,0.0,-1.295139,-0.749128,BDI,DEU,21
21310165,17,61,112,1970.0,19726.0,0.0,-0.703408,-0.662579,BDI,DEU,21
21310166,18,61,112,2016.0,6333504.0,7379395.0,1.2947110000000002,1.113058,BEL,DEU,21
21310167,18,61,112,2017.0,27709.0,507087.0,1.2396969999999998,1.1699760000000001,BEL,DEU,21
21310168,18,61,112,2018.0,45451.0,57311.0,1.244674,1.1368969999999998,BEL,DEU,21
21310169,18,61,112,2019.0,25462.0,778886.0,1.187591,1.2584870000000001,BEL,DEU,21
21310170,18,61,112,2020.0,40474.0,40045.0,1.1330120000000001,1.331307,BEL,DEU,21
21310171,18,61,112,1993.0,2093829.0,8953825.0,1.5457040000000002,1.4449379999999998,BEL,DEU,21
21310172,18,61,112,1994.0,4042441.0,9885732.0,1.481468,1.5816299999999999,BEL,DEU,21
21310173,18,61,112,1995.0,6352311.0,10485432.0,1.565464,1.38388,BEL,DEU,21
21310174,18,61,112,1996.0,8286804.0,9990406.0,1.5604850000000001,1.30819,BEL,DEU,21
21310175,18,61,112,2003.0,1570973.0,1809890.0,1.3965020000000001,1.345869,BEL,DEU,21
21310176,18,61,112,2007.0,3559247.0,905655.0,1.137469,1.307238,BEL,DEU,21
21310177,18,61,112,2009.0,1592966.0,2012851.0,1.2113450000000001,1.057143,BEL,DEU,21
21310178,18,61,112,2010.0,4422758.0,2576932.0,1.1759540000000002,1.181653,BEL,DEU,21
21310179,18,61,112,2011.0,8624003.0,5324951.0,1.13059,1.329762,BEL,DEU,21
21310180,18,61,112,2012.0,5062930.0,4685798.0,1.06425,1.369205,BEL,DEU,21
21310181,18,61,112,2013.0,7784868.0,3116630.0,1.198491,1.117268,BEL,DEU,21
21310182,18,61,112,2014.0,7650933.0,3327890.0,1.182934,1.1967139999999998,BEL,DEU,21
21310183,18,61,112,2015.0,7357392.0,3867601.0,1.312864,0.9788950000000001,BEL,DEU,21
21310184,18,61,112,1991.0,2671653.0,5434869.0,1.542643,1.739768,BEL,DEU,21
21310185,18,61,112,1992.0,5330054.0,10656386.0,1.449085,1.622957,BEL,DEU,21
21310186,18,61,112,1997.0,4874574.0,7453992.0,1.470183,1.312167,BEL,DEU,21
21310187,18,61,112,2000.0,1705778.0,1671389.0,1.382578,1.406981,BEL,DEU,21
21310188,18,61,112,2001.0,2655816.0,1450759.0,1.425483,1.3072409999999999,BEL,DEU,21
21310189,18,61,112,2002.0,1573220.0,1450998.0,1.424339,1.372755,BEL,DEU,21
21310190,18,61,112,2004.0,2430314.0,947067.0,1.242665,1.541444,BEL,DEU,21
21310191,18,61,112,2005.0,1067521.0,599720.0,1.2539719999999999,1.3787459999999998,BEL,DEU,21
21310192,18,61,112,2006.0,2722067.0,1031351.0,1.234224,1.308065,BEL,DEU,21
21310193,18,61,112,2008.0,3248033.0,2573828.0,1.177315,1.140815,BEL,DEU,21
21310194,18,61,112,1998.0,4512776.0,5041049.0,1.429865,1.329693,BEL,DEU,21
21310195,18,61,112,1999.0,3492012.0,5067165.0,1.4232719999999999,1.311186,BEL,DEU,21
21310196,18,61,112,1968.0,2857143.0,6463522.0,1.529065,2.472506,BEL,DEU,21
21310197,18,61,112,1969.0,3870571.0,9865741.0,1.558182,2.5095509999999996,BEL,DEU,21
21310198,18,61,112,1970.0,3148910.0,11860312.0,1.5717430000000001,2.276796,BEL,DEU,21
21310199,18,61,112,1971.0,2961420.0,12019666.0,1.495689,2.262083,BEL,DEU,21
21310200,18,61,112,1972.0,4316483.0,11779716.0,1.5809819999999999,2.273831,BEL,DEU,21
21310201,18,61,112,1973.0,6918637.0,15356060.0,1.617181,2.131417,BEL,DEU,21
21310202,18,61,112,1974.0,5142145.0,12730966.0,1.38634,1.794044,BEL,DEU,21
21310203,18,61,112,1978.0,10752390.0,15524517.0,1.5812,1.731109,BEL,DEU,21
21310204,18,61,112,1979.0,13564991.0,21338230.0,1.48668,1.842152,BEL,DEU,21
21310205,18,61,112,1986.0,16443065.0,13445480.0,1.455742,2.022887,BEL,DEU,21
21310206,18,61,112,1987.0,14771704.0,18202870.0,1.4290200000000002,1.870408,BEL,DEU,21
21310207,18,61,112,1980.0,10009885.0,21574259.0,1.361474,1.655957,BEL,DEU,21
21310208,18,61,112,1981.0,9626511.0,18857201.0,1.3510309999999999,1.5635370000000002,BEL,DEU,21
21310209,18,61,112,1982.0,8433096.0,10655128.0,1.344484,1.731539,BEL,DEU,21
21310210,18,61,112,1983.0,10446508.0,7031364.0,1.371523,1.816687,BEL,DEU,21
21310211,18,61,112,1984.0,13177907.0,9006958.0,1.429893,1.7038919999999997,BEL,DEU,21
21310212,18,61,112,1985.0,12809329.0,9144354.0,1.4597870000000002,1.817793,BEL,DEU,21
21310213,18,61,112,1988.0,14528852.0,16555866.0,1.4461,1.711466,BEL,DEU,21
21310214,18,61,112,1989.0,8513540.0,10382389.0,1.40839,1.7769849999999998,BEL,DEU,21
21310215,18,61,112,1990.0,9623629.0,6569966.0,1.448885,1.8094419999999998,BEL,DEU,21
21310216,18,61,112,1975.0,4416528.0,13918305.0,1.435066,1.664654,BEL,DEU,21
21310217,18,61,112,1962.0,3246504.0,3903304.0,1.67575,2.613793,BEL,DEU,21
21310218,18,61,112,1963.0,3076024.0,3617094.0,1.605264,2.751802,BEL,DEU,21
21310219,18,61,112,1964.0,3771205.0,3226340.0,1.601512,2.7461889999999998,BEL,DEU,21
21310220,18,61,112,1965.0,4155441.0,5089469.0,1.6468479999999999,2.740453,BEL,DEU,21
21310221,18,61,112,1966.0,3094696.0,8006063.0,1.564819,2.587675,BEL,DEU,21
21310222,18,61,112,1967.0,3001331.0,6891552.0,1.4808780000000001,2.584445,BEL,DEU,21
21310223,18,61,112,1976.0,7585823.0,15125187.0,1.4676559999999998,1.6875950000000002,BEL,DEU,21
21310224,18,61,112,1977.0,9260309.0,14036366.0,1.352744,1.3407799999999999,BEL,DEU,21
21310225,19,61,112,2017.0,0.0,11485.0,-0.567589,-0.694574,BEN,DEU,21
21310226,19,61,112,2018.0,0.0,20460.0,-0.775822,-0.800248,BEN,DEU,21
21310227,19,61,112,1968.0,3472.0,0.0,-0.820837,-0.669663,BEN,DEU,21
21310228,19,61,112,1969.0,13596.0,0.0,-0.8304299999999999,-0.705113,BEN,DEU,21
21310229,21,61,112,1971.0,3210.0,0.0,-0.45178900000000005,-0.710649,BFA,DEU,21
21310230,21,61,112,1978.0,17981.0,0.0,-0.08244800000000001,-0.5232289999999999,BFA,DEU,21
21310231,21,61,112,1979.0,14286.0,0.0,-0.130998,-0.47266800000000003,BFA,DEU,21
21310232,21,61,112,1975.0,1582.0,0.0,-0.107976,-0.488692,BFA,DEU,21
21310233,21,61,112,1970.0,3417.0,0.0,-0.321731,-0.576625,BFA,DEU,21
21310234,22,61,112,2011.0,0.0,77929.0,-0.7796649999999999,-0.8552770000000001,BGD,DEU,21
21310235,22,61,112,2018.0,0.0,26149.0,-0.9003549999999999,-1.1066610000000001,BGD,DEU,21
21310236,22,61,112,1998.0,13622.0,0.0,-0.762826,-0.907676,BGD,DEU,21
21310237,22,61,112,2019.0,0.0,118377.0,-0.884016,-1.110503,BGD,DEU,21
21310238,22,61,112,2007.0,3356.0,6369.0,-0.593223,-0.6573060000000001,BGD,DEU,21
21310239,22,61,112,2008.0,0.0,5253.0,-0.5979479999999999,-0.74946,BGD,DEU,21
21310240,22,61,112,1978.0,94713.0,0.0,-0.632162,-0.860944,BGD,DEU,21
21310241,22,61,112,1979.0,582061.0,0.0,-0.608768,-0.834782,BGD,DEU,21
21310242,22,61,112,1980.0,20147.0,0.0,-0.318323,-0.717396,BGD,DEU,21
21310243,22,61,112,1981.0,5074.0,0.0,-0.395923,-0.8524079999999999,BGD,DEU,21
21310244,22,61,112,1982.0,132247.0,0.0,-0.498079,-0.808825,BGD,DEU,21
21310245,22,61,112,1983.0,10071.0,0.0,-0.538579,-0.846601,BGD,DEU,21
21310246,22,61,112,1984.0,23455.0,0.0,-0.582716,-0.8650959999999999,BGD,DEU,21
21310247,22,61,112,1988.0,11482.0,0.0,-0.7715770000000001,-0.9970549999999999,BGD,DEU,21
21310248,22,61,112,1995.0,35415.0,0.0,-0.579547,-0.765588,BGD,DEU,21
21310249,22,61,112,2010.0,12800.0,0.0,-0.858957,-0.8876799999999999,BGD,DEU,21
21310250,22,61,112,2017.0,0.0,24700.0,-1.007846,-1.112069,BGD,DEU,21
21310251,22,61,112,1972.0,43279.0,0.0,-0.8689610000000001,-0.734313,BGD,DEU,21
21310252,22,61,112,1973.0,35661.0,0.0,-0.585709,-0.756724,BGD,DEU,21
21310253,22,61,112,1974.0,29227.0,0.0,-0.403318,-0.734943,BGD,DEU,21
21310254,22,61,112,1975.0,134505.0,0.0,-0.5924520000000001,-0.824886,BGD,DEU,21
21310255,23,61,112,2000.0,748710.0,23515.0,0.47338800000000003,1.7633599999999998,BGR,DEU,21
21310256,23,61,112,2011.0,0.0,57309.0,0.62812,1.6978799999999998,BGR,DEU,21
21310257,23,61,112,2016.0,1012.0,0.0,0.509062,1.804648,BGR,DEU,21
21310258,23,61,112,1999.0,195093.0,1081.0,0.42093800000000003,1.8967630000000002,BGR,DEU,21
21310259,23,61,112,2013.0,127107.0,4352.0,0.622325,1.5506229999999999,BGR,DEU,21
21310260,23,61,112,2017.0,0.0,63965.0,0.563342,1.744989,BGR,DEU,21
21310261,23,61,112,2018.0,14166.0,0.0,0.516917,1.915288,BGR,DEU,21
21310262,23,61,112,2007.0,111897.0,0.0,0.46423000000000003,1.7318240000000003,BGR,DEU,21
21310263,23,61,112,2008.0,262616.0,39787.0,0.472217,1.800644,BGR,DEU,21
21310264,23,61,112,2009.0,15044.0,0.0,0.489092,1.7726549999999999,BGR,DEU,21
21310265,23,61,112,2010.0,81561.0,0.0,0.478274,1.682027,BGR,DEU,21
21310266,23,61,112,1992.0,138138.0,78561.0,0.503161,1.871616,BGR,DEU,21
21310267,23,61,112,1996.0,116904.0,71866.0,0.510789,1.749248,BGR,DEU,21
21310268,23,61,112,1998.0,24116.0,2982.0,0.520346,1.747118,BGR,DEU,21
21310269,23,61,112,1997.0,26182.0,5517.0,0.523226,1.4133959999999999,BGR,DEU,21
21310270,23,61,112,1973.0,242402.0,0.0,0.837123,1.452292,BGR,DEU,21
21310271,23,61,112,2012.0,36148.0,1606.0,0.601161,1.594487,BGR,DEU,21
21310272,23,61,112,2004.0,399684.0,0.0,0.390627,1.631006,BGR,DEU,21
21310273,23,61,112,2001.0,517369.0,224999.0,0.46429799999999993,1.7500380000000002,BGR,DEU,21
21310274,23,61,112,2002.0,545611.0,176718.0,0.468058,1.644037,BGR,DEU,21
21310275,23,61,112,2003.0,462260.0,27370.0,0.43313599999999997,1.7457740000000002,BGR,DEU,21
21310276,23,61,112,2006.0,246469.0,0.0,0.490234,1.581841,BGR,DEU,21
21310277,23,61,112,1975.0,207422.0,0.0,0.735626,1.189817,BGR,DEU,21
21310278,23,61,112,1974.0,221768.0,0.0,0.751269,1.5170350000000001,BGR,DEU,21
21310279,23,61,112,2005.0,834817.0,0.0,0.399413,1.63547,BGR,DEU,21
21310280,23,61,112,2014.0,652539.0,9437.0,0.611912,1.594597,BGR,DEU,21
21310281,23,61,112,1964.0,68783.0,3206.0,0.654594,0.280685,BGR,DEU,21
21310282,23,61,112,1985.0,193205.0,4791985.0,0.920301,1.766372,BGR,DEU,21
21310283,23,61,112,1962.0,15126.0,0.0,0.395243,0.09747,BGR,DEU,21
21310284,23,61,112,1979.0,759696.0,0.0,0.6684359999999999,1.319583,BGR,DEU,21
21310285,23,61,112,1980.0,496819.0,185133.0,0.8465600000000001,1.336106,BGR,DEU,21
21310286,23,61,112,1981.0,601061.0,325803.0,0.807499,1.264009,BGR,DEU,21
21310287,23,61,112,1993.0,187512.0,1015.0,0.413613,1.595477,BGR,DEU,21
21310288,23,61,112,1991.0,224184.0,9050.0,0.507517,1.477128,BGR,DEU,21
21310289,23,61,112,1963.0,10380.0,235951.0,0.262402,-0.002102,BGR,DEU,21
21310290,23,61,112,1966.0,73028.0,60349.0,0.732362,0.925639,BGR,DEU,21
21310291,23,61,112,1971.0,79615.0,1010.0,0.65271,1.027758,BGR,DEU,21
21310292,23,61,112,1983.0,39638.0,4424602.0,0.833025,1.489354,BGR,DEU,21
21310293,23,61,112,1988.0,12288.0,7069000.0,0.6558579999999999,1.48212,BGR,DEU,21
21310294,23,61,112,1994.0,165755.0,578724.0,0.39016799999999996,1.6872169999999997,BGR,DEU,21
21310295,23,61,112,1995.0,27333.0,191394.0,0.349569,1.401569,BGR,DEU,21
21310296,23,61,112,1989.0,3761.0,6161000.0,0.899958,1.462012,BGR,DEU,21
21310297,23,61,112,1987.0,10305.0,8700000.0,0.6340859999999999,1.289817,BGR,DEU,21
21310298,23,61,112,1986.0,236672.0,5791000.0,0.7127359999999999,1.232422,BGR,DEU,21
21310299,23,61,112,1984.0,290279.0,5202266.0,0.868516,1.669132,BGR,DEU,21
21310300,23,61,112,1990.0,146586.0,2238000.0,0.779882,1.7314880000000001,BGR,DEU,21
21310301,23,61,112,1969.0,51163.0,6316.0,0.774813,0.994667,BGR,DEU,21
21310302,23,61,112,1972.0,140625.0,4201.0,0.705543,1.106487,BGR,DEU,21
21310303,23,61,112,1965.0,53598.0,0.0,0.731862,0.39015700000000003,BGR,DEU,21
21310304,23,61,112,1968.0,54617.0,0.0,0.581187,0.53879,BGR,DEU,21
21310305,23,61,112,1970.0,21550.0,0.0,0.761159,1.2117069999999999,BGR,DEU,21
21310306,23,61,112,1982.0,0.0,3334823.0,0.876332,1.363445,BGR,DEU,21
21310307,23,61,112,1978.0,635204.0,3029.0,0.75926,1.107633,BGR,DEU,21
21310308,23,61,112,1977.0,273613.0,0.0,0.697071,1.217156,BGR,DEU,21
21310309,23,61,112,1976.0,277431.0,4237.0,0.617721,0.9375190000000001,BGR,DEU,21
21310310,24,61,112,2016.0,0.0,1419.0,0.23993299999999998,-0.5320199999999999,BHR,DEU,21
21310311,24,61,112,2019.0,0.0,1574.0,0.159606,-0.774204,BHR,DEU,21
21310312,24,61,112,2011.0,0.0,1341.0,-0.289197,-0.983239,BHR,DEU,21
21310313,24,61,112,2001.0,0.0,1208.0,-0.11648499999999999,-1.101653,BHR,DEU,21
21310314,24,61,112,2005.0,22570.0,0.0,-0.200434,-1.084877,BHR,DEU,21
21310315,24,61,112,1992.0,22475.0,0.0,0.047396,-0.554517,BHR,DEU,21
21310316,26,61,112,2008.0,18314.0,78679.0,0.6205890000000001,1.059939,BIH,DEU,21
21310317,26,61,112,2009.0,26827.0,0.0,0.6194189999999999,0.94309,BIH,DEU,21
21310318,26,61,112,2010.0,191068.0,0.0,0.582083,1.09815,BIH,DEU,21
21310319,26,61,112,2012.0,1804812.0,3060422.0,0.6672520000000001,1.16153,BIH,DEU,21
21310320,26,61,112,2013.0,1130664.0,3122174.0,0.723658,0.9271879999999999,BIH,DEU,21
21310321,26,61,112,2014.0,150927.0,409701.0,0.737556,0.9815530000000001,BIH,DEU,21
21310322,26,61,112,2017.0,0.0,71349.0,0.584825,0.9219,BIH,DEU,21
21310323,26,61,112,2003.0,287817.0,0.0,0.210686,0.33253699999999997,BIH,DEU,21
21310324,26,61,112,2007.0,26333.0,254500.0,0.65154,0.798512,BIH,DEU,21
21310325,26,61,112,2011.0,1321306.0,2563090.0,0.66582,1.033008,BIH,DEU,21
21310326,26,61,112,2020.0,10303.0,0.0,0.70252,0.97424,BIH,DEU,21
21310327,26,61,112,2015.0,42830.0,1675.0,0.5315340000000001,0.992734,BIH,DEU,21
21310328,26,61,112,2016.0,201941.0,1095453.0,0.693416,0.8723540000000001,BIH,DEU,21
21310329,26,61,112,2006.0,295894.0,0.0,0.543053,0.68971,BIH,DEU,21
21310330,26,61,112,2002.0,425838.0,0.0,0.223543,0.44595100000000004,BIH,DEU,21
21310331,26,61,112,2005.0,261715.0,0.0,0.453979,0.66193,BIH,DEU,21
21310332,26,61,112,2004.0,349810.0,0.0,0.45637,0.6154470000000001,BIH,DEU,21
21310333,26,61,112,1996.0,0.0,78552.0,0.5718949999999999,0.991791,BIH,DEU,21
21310334,26,61,112,1997.0,0.0,2980.0,0.517231,0.321515,BIH,DEU,21
21310335,26,61,112,2000.0,1778580.0,0.0,0.167776,0.32192,BIH,DEU,21
21310336,26,61,112,2001.0,1700950.0,0.0,0.263644,0.44197,BIH,DEU,21
21310337,26,61,112,1999.0,432779.0,0.0,0.47211000000000003,0.43964,BIH,DEU,21
21310338,26,61,112,1995.0,0.0,121434.0,0.38254,0.28984,BIH,DEU,21
21310339,28,61,112,2002.0,1399867.0,39800.0,0.865742,1.1823860000000002,BLR,DEU,21
21310340,28,61,112,2003.0,1221353.0,0.0,0.8788790000000001,1.090157,BLR,DEU,21
21310341,28,61,112,2004.0,1313780.0,0.0,0.9384239999999999,0.9708690000000001,BLR,DEU,21
21310342,28,61,112,2009.0,518799.0,0.0,1.018807,0.7667229999999999,BLR,DEU,21
21310343,28,61,112,1999.0,579050.0,0.0,0.9410959999999999,1.411715,BLR,DEU,21
21310344,28,61,112,2008.0,33461.0,0.0,0.923211,0.641368,BLR,DEU,21
21310345,28,61,112,2010.0,798149.0,0.0,0.962974,0.810905,BLR,DEU,21
21310346,28,61,112,1998.0,703837.0,38050.0,1.00112,1.3797190000000001,BLR,DEU,21
21310347,28,61,112,2000.0,787818.0,35991.0,0.7323649999999999,1.1536170000000001,BLR,DEU,21
21310348,28,61,112,2001.0,541920.0,0.0,0.78008,1.232713,BLR,DEU,21
21310349,28,61,112,2005.0,528009.0,0.0,0.9785209999999999,0.716094,BLR,DEU,21
21310350,28,61,112,2006.0,808763.0,0.0,0.948306,0.702786,BLR,DEU,21
21310351,28,61,112,2007.0,61851.0,0.0,1.052553,0.614154,BLR,DEU,21
21310352,28,61,112,2011.0,674561.0,0.0,0.963289,0.672477,BLR,DEU,21
21310353,28,61,112,2012.0,201122.0,0.0,1.0976059999999999,0.861051,BLR,DEU,21
21310354,28,61,112,2013.0,248143.0,0.0,1.183522,0.934159,BLR,DEU,21
21310355,28,61,112,2014.0,153482.0,0.0,0.929114,0.7313069999999999,BLR,DEU,21
21310356,28,61,112,2015.0,78413.0,0.0,0.79289,0.633443,BLR,DEU,21
21310357,28,61,112,1996.0,746188.0,91744.0,0.785274,1.0126899999999999,BLR,DEU,21
21310358,28,61,112,1997.0,627793.0,27489.0,0.716832,0.706486,BLR,DEU,21
21310359,28,61,112,1995.0,701690.0,864893.0,0.494853,0.51927,BLR,DEU,21
21310360,28,61,112,1993.0,391736.0,0.0,0.47951099999999997,0.483498,BLR,DEU,21
21310361,28,61,112,1994.0,911075.0,46960.0,0.552755,0.6165729999999999,BLR,DEU,21
21310362,28,61,112,1992.0,320513.0,0.0,0.6011380000000001,0.450072,BLR,DEU,21
21310363,29,61,112,1972.0,4760.0,0.0,0.215031,-0.505208,BLZ,DEU,21
21310364,29,61,112,1974.0,73855.0,0.0,0.07061,-0.620073,BLZ,DEU,21
21310365,29,61,112,1975.0,31813.0,0.0,-0.30272,-0.676158,BLZ,DEU,21
21310366,29,61,112,1980.0,17740.0,0.0,-0.678374,-0.6389670000000001,BLZ,DEU,21
21310367,29,61,112,1978.0,50367.0,0.0,-0.669493,-0.675035,BLZ,DEU,21
21310368,29,61,112,1979.0,58000.0,0.0,-0.8432649999999999,-0.8384940000000001,BLZ,DEU,21
21310369,30,61,112,1963.0,4297.0,0.0,1.8477240000000001,1.182714,BMU,DEU,21
21310370,30,61,112,1964.0,19699.0,0.0,1.714176,1.271644,BMU,DEU,21
21310371,30,61,112,1968.0,2433.0,0.0,0.873251,0.188419,BMU,DEU,21
21310372,30,61,112,1969.0,3619.0,0.0,0.8278139999999999,0.195477,BMU,DEU,21
21310373,30,61,112,1970.0,2195.0,0.0,0.749025,0.082527,BMU,DEU,21
21310374,31,61,112,2017.0,65274.0,0.0,-1.032957,-0.9679840000000001,BOL,DEU,21
21310375,31,61,112,2018.0,40564.0,0.0,-1.069519,-0.942264,BOL,DEU,21
21310376,31,61,112,2016.0,61799.0,0.0,-1.009709,-0.986669,BOL,DEU,21
21310377,31,61,112,1985.0,1086403.0,0.0,-1.1953479999999999,-0.896711,BOL,DEU,21
21310378,31,61,112,2004.0,27355.0,0.0,-0.841087,-0.770059,BOL,DEU,21
21310379,31,61,112,1998.0,20438.0,0.0,-0.533615,-0.605431,BOL,DEU,21
21310380,31,61,112,2000.0,26138.0,0.0,-0.400861,-0.41780900000000004,BOL,DEU,21
21310381,31,61,112,2001.0,0.0,1001.0,-0.614885,-0.5022770000000001,BOL,DEU,21
21310382,31,61,112,1963.0,85944.0,0.0,-0.282009,-0.485588,BOL,DEU,21
21310383,31,61,112,1964.0,38569.0,0.0,0.09676699999999999,-0.350853,BOL,DEU,21
21310384,31,61,112,1973.0,188787.0,0.0,-0.748661,-0.654323,BOL,DEU,21
21310385,31,61,112,1974.0,203643.0,0.0,-0.7194550000000001,-0.603455,BOL,DEU,21
21310386,31,61,112,1975.0,383204.0,0.0,-0.767249,-0.567237,BOL,DEU,21
21310387,31,61,112,1978.0,1050476.0,0.0,-0.49713100000000005,-0.689261,BOL,DEU,21
21310388,31,61,112,1979.0,340052.0,0.0,-0.5119640000000001,-0.693108,BOL,DEU,21
21310389,31,61,112,2005.0,121907.0,0.0,-0.876309,-0.757614,BOL,DEU,21
21310390,31,61,112,1987.0,55343.0,0.0,-0.9095690000000001,-0.867351,BOL,DEU,21
21310391,31,61,112,1962.0,48320.0,0.0,-0.136485,-0.461491,BOL,DEU,21
21310392,31,61,112,1965.0,45570.0,0.0,-0.36068,-0.532568,BOL,DEU,21
21310393,31,61,112,1966.0,47732.0,0.0,-0.413228,-0.615541,BOL,DEU,21
21310394,31,61,112,1967.0,76334.0,0.0,-0.620857,-0.668697,BOL,DEU,21
21310395,31,61,112,1968.0,12787.0,0.0,-0.8851379999999999,-0.772063,BOL,DEU,21
21310396,31,61,112,1969.0,39456.0,0.0,-0.835895,-0.76084,BOL,DEU,21
21310397,31,61,112,1970.0,180666.0,0.0,-0.672938,-0.750102,BOL,DEU,21
21310398,31,61,112,1971.0,131436.0,0.0,-0.578729,-0.640841,BOL,DEU,21
21310399,31,61,112,1972.0,133328.0,0.0,-0.743595,-0.665672,BOL,DEU,21
21310400,31,61,112,1980.0,334107.0,0.0,-0.592318,-0.673014,BOL,DEU,21
21310401,31,61,112,1981.0,153140.0,0.0,-0.337946,-0.517889,BOL,DEU,21
21310402,31,61,112,1982.0,189536.0,0.0,-0.259756,-0.48276899999999995,BOL,DEU,21
21310403,31,61,112,1983.0,240968.0,0.0,-0.871481,-0.839511,BOL,DEU,21
21310404,31,61,112,1984.0,522250.0,0.0,-0.937535,-0.856632,BOL,DEU,21
21310405,31,61,112,1986.0,512793.0,0.0,-1.1576229999999998,-0.969939,BOL,DEU,21
21310406,31,61,112,1988.0,133813.0,0.0,-1.044369,-0.9789370000000001,BOL,DEU,21
21310407,31,61,112,1989.0,36207.0,0.0,-1.0112780000000001,-0.8708950000000001,BOL,DEU,21
21310408,31,61,112,1990.0,50967.0,4792.0,-0.952515,-0.816261,BOL,DEU,21
21310409,32,61,112,2009.0,124230.0,0.0,0.296808,1.313037,BRA,DEU,21
21310410,32,61,112,2010.0,144091.0,0.0,0.441241,0.953598,BRA,DEU,21
21310411,32,61,112,2011.0,181635.0,0.0,0.376133,0.9917309999999999,BRA,DEU,21
21310412,32,61,112,2012.0,171045.0,0.0,0.340455,0.9006790000000001,BRA,DEU,21
21310413,32,61,112,2014.0,142558.0,0.0,0.23286700000000002,0.968366,BRA,DEU,21
21310414,32,61,112,2016.0,141642.0,0.0,0.284988,1.031028,BRA,DEU,21
21310415,32,61,112,1994.0,439430.0,395457.0,0.634626,1.468692,BRA,DEU,21
21310416,32,61,112,1995.0,783142.0,108309.0,0.840124,1.3777620000000002,BRA,DEU,21
21310417,32,61,112,1996.0,210655.0,69367.0,0.8087340000000001,1.370183,BRA,DEU,21
21310418,32,61,112,2000.0,337215.0,3157.0,0.853466,1.28277,BRA,DEU,21
21310419,32,61,112,2001.0,452076.0,29598.0,0.658473,1.328637,BRA,DEU,21
21310420,32,61,112,2002.0,854983.0,36022.0,0.631343,1.249344,BRA,DEU,21
21310421,32,61,112,2003.0,536874.0,6650.0,0.636739,1.422593,BRA,DEU,21
21310422,32,61,112,2004.0,159363.0,0.0,0.504233,1.567879,BRA,DEU,21
21310423,32,61,112,2005.0,151906.0,0.0,0.659417,1.464387,BRA,DEU,21
21310424,32,61,112,2006.0,224377.0,82307.0,0.622959,1.413527,BRA,DEU,21
21310425,32,61,112,2007.0,300786.0,0.0,0.51831,1.614108,BRA,DEU,21
21310426,32,61,112,2008.0,173291.0,2955.0,0.385655,1.418048,BRA,DEU,21
21310427,32,61,112,2013.0,264724.0,0.0,0.2804,0.649729,BRA,DEU,21
21310428,32,61,112,2015.0,210260.0,0.0,0.199345,1.110105,BRA,DEU,21
21310429,32,61,112,2017.0,147945.0,0.0,0.103119,0.808438,BRA,DEU,21
21310430,32,61,112,2018.0,129978.0,0.0,0.166542,0.718965,BRA,DEU,21
21310431,32,61,112,2019.0,106676.0,0.0,0.101636,0.802085,BRA,DEU,21
21310432,32,61,112,2020.0,45623.0,0.0,0.034564,0.6932149999999999,BRA,DEU,21
21310433,32,61,112,1993.0,305986.0,27963.0,0.7104239999999999,1.5236299999999998,BRA,DEU,21
21310434,32,61,112,1973.0,5469195.0,1150602.0,-0.23999,-0.170735,BRA,DEU,21
21310435,32,61,112,1990.0,83080.0,62220.0,0.576448,1.258768,BRA,DEU,21
21310436,32,61,112,1991.0,266363.0,83992.0,0.664515,1.463241,BRA,DEU,21
21310437,32,61,112,1997.0,191407.0,18768.0,0.805759,1.249182,BRA,DEU,21
21310438,32,61,112,1998.0,196402.0,65701.0,0.820327,1.213283,BRA,DEU,21
21310439,32,61,112,1972.0,7560728.0,3118.0,-0.33731300000000003,-0.271623,BRA,DEU,21
21310440,32,61,112,1988.0,192531.0,0.0,0.456107,1.463359,BRA,DEU,21
21310441,32,61,112,1989.0,245251.0,3043.0,0.497179,1.211335,BRA,DEU,21
21310442,32,61,112,1975.0,4227957.0,13838.0,0.09979,0.640738,BRA,DEU,21
21310443,32,61,112,1999.0,195223.0,268580.0,0.624962,1.313926,BRA,DEU,21
21310444,32,61,112,1968.0,5912844.0,0.0,-0.325932,-0.334875,BRA,DEU,21
21310445,32,61,112,1969.0,9324521.0,5711.0,-0.407315,-0.42036899999999994,BRA,DEU,21
21310446,32,61,112,1971.0,7059483.0,13520.0,-0.326897,-0.229088,BRA,DEU,21
21310447,32,61,112,1981.0,1666425.0,0.0,0.536752,1.771255,BRA,DEU,21
21310448,32,61,112,1986.0,254961.0,67267.0,0.5119,1.4109459999999998,BRA,DEU,21
21310449,32,61,112,1992.0,154216.0,1006.0,0.685144,1.5676709999999998,BRA,DEU,21
21310450,32,61,112,1970.0,7424838.0,4721.0,-0.405434,-0.331689,BRA,DEU,21
21310451,32,61,112,1974.0,3543250.0,264472.0,0.236576,0.69191,BRA,DEU,21
21310452,32,61,112,1980.0,3643769.0,0.0,0.424613,1.624197,BRA,DEU,21
21310453,32,61,112,1983.0,788641.0,11717.0,0.299189,1.09144,BRA,DEU,21
21310454,32,61,112,1984.0,744771.0,0.0,0.41430500000000003,1.122191,BRA,DEU,21
21310455,32,61,112,1985.0,224956.0,56284.0,0.379884,1.228176,BRA,DEU,21
21310456,32,61,112,1987.0,125949.0,166974.0,0.467053,1.22007,BRA,DEU,21
21310457,32,61,112,1967.0,5385241.0,0.0,-0.254824,-0.28212800000000005,BRA,DEU,21
21310458,32,61,112,1966.0,5924353.0,0.0,-0.608424,-0.414576,BRA,DEU,21
21310459,32,61,112,1962.0,2053669.0,0.0,-0.590797,-0.530668,BRA,DEU,21
21310460,32,61,112,1964.0,3950006.0,0.0,-0.6443720000000001,-0.643979,BRA,DEU,21
21310461,32,61,112,1965.0,5914644.0,0.0,-0.501256,-0.47131999999999996,BRA,DEU,21
21310462,32,61,112,1963.0,3366972.0,0.0,-0.862869,-0.679099,BRA,DEU,21
21310463,32,61,112,1979.0,5051549.0,0.0,0.37035,1.456128,BRA,DEU,21
21310464,32,61,112,1982.0,605035.0,0.0,0.5556479999999999,1.630923,BRA,DEU,21
21310465,32,61,112,1976.0,4570529.0,15200.0,0.065736,0.56512,BRA,DEU,21
21310466,32,61,112,1977.0,3807597.0,0.0,0.07940499999999999,0.7307239999999999,BRA,DEU,21
21310467,32,61,112,1978.0,4395037.0,0.0,0.07929,0.8570700000000001,BRA,DEU,21
21310468,34,61,112,2016.0,0.0,5938.0,-1.082406,-0.9169309999999999,BRN,DEU,21
21310469,37,61,112,2007.0,1074.0,0.0,-0.818487,-1.2154909999999999,BWA,DEU,21
21310470,37,61,112,2013.0,29986.0,3337.0,-0.677782,-1.0888149999999999,BWA,DEU,21
21310471,37,61,112,2014.0,3569.0,0.0,-0.7467630000000001,-1.1369690000000001,BWA,DEU,21
21310472,37,61,112,2016.0,3174.0,0.0,-0.9498989999999999,-1.2495319999999999,BWA,DEU,21
21310473,37,61,112,2019.0,2688.0,0.0,-0.813127,-1.22284,BWA,DEU,21
21310474,37,61,112,2002.0,29099.0,0.0,-0.164526,-1.04616,BWA,DEU,21
21310475,37,61,112,2004.0,2152.0,0.0,-0.435159,-1.150519,BWA,DEU,21
21310476,37,61,112,2009.0,2237.0,0.0,0.204283,-0.49326499999999995,BWA,DEU,21
21310477,37,61,112,2010.0,1564.0,0.0,-0.43035,-0.945886,BWA,DEU,21
21310478,37,61,112,2020.0,3036.0,0.0,-0.963326,-1.232276,BWA,DEU,21
21310479,37,61,112,2001.0,1370.0,0.0,-0.470005,-1.180158,BWA,DEU,21
21310480,38,61,112,1989.0,1704.0,0.0,-0.9724790000000001,-0.792321,CAF,DEU,21
21310481,38,61,112,1965.0,864.0,0.0,-1.296024,-0.719761,CAF,DEU,21
21310482,38,61,112,1981.0,151108.0,0.0,-1.407935,-0.686979,CAF,DEU,21
21310483,38,61,112,1971.0,23436.0,0.0,-0.737808,-0.658191,CAF,DEU,21
21310484,38,61,112,1973.0,64837.0,0.0,-1.280043,-0.7965439999999999,CAF,DEU,21
21310485,38,61,112,1970.0,2572.0,0.0,-0.9203680000000001,-0.7290989999999999,CAF,DEU,21
21310486,39,61,112,2001.0,7083734.0,84559.0,0.8899729999999999,1.3778299999999999,CAN,DEU,21
21310487,39,61,112,2002.0,5834526.0,2689530.0,0.9672360000000001,1.389981,CAN,DEU,21
21310488,39,61,112,2003.0,7385759.0,103344.0,0.9170790000000001,1.444739,CAN,DEU,21
21310489,39,61,112,2004.0,8835214.0,1743750.0,0.781591,1.365966,CAN,DEU,21
21310490,39,61,112,2005.0,10035624.0,2090252.0,0.8817450000000001,1.222587,CAN,DEU,21
21310491,39,61,112,2006.0,15805325.0,4672294.0,0.806511,1.466573,CAN,DEU,21
21310492,39,61,112,2007.0,13888685.0,7504080.0,0.677078,1.371833,CAN,DEU,21
21310493,39,61,112,2008.0,8969936.0,5743145.0,0.608796,1.235243,CAN,DEU,21
21310494,39,61,112,2009.0,2729020.0,5305716.0,0.671041,1.481306,CAN,DEU,21
21310495,39,61,112,2010.0,5827000.0,8133202.0,0.631696,1.3282459999999998,CAN,DEU,21
21310496,39,61,112,2011.0,9566154.0,66044.0,0.574688,1.360723,CAN,DEU,21
21310497,39,61,112,2012.0,10260955.0,15748.0,0.630575,1.28653,CAN,DEU,21
21310498,39,61,112,2013.0,18876937.0,5070597.0,0.599305,1.193591,CAN,DEU,21
21310499,39,61,112,2014.0,19086255.0,2527638.0,0.6145430000000001,1.1815360000000001,CAN,DEU,21
21310500,39,61,112,2015.0,5166765.0,6892.0,0.576548,1.458122,CAN,DEU,21
21310501,39,61,112,2016.0,5324952.0,6087.0,0.541041,1.328065,CAN,DEU,21
21310502,39,61,112,2017.0,6302325.0,0.0,0.661032,1.331443,CAN,DEU,21
21310503,39,61,112,2018.0,6663616.0,0.0,0.60854,1.475283,CAN,DEU,21
21310504,39,61,112,2019.0,7510210.0,2886.0,0.668167,1.395249,CAN,DEU,21
21310505,39,61,112,2020.0,786017.0,0.0,0.56684,1.419845,CAN,DEU,21
21310506,39,61,112,2000.0,4064523.0,171246.0,1.069101,1.284017,CAN,DEU,21
21310507,39,61,112,1969.0,6101276.0,107399.0,0.70765,0.9508,CAN,DEU,21
21310508,39,61,112,1970.0,5662924.0,31231.0,0.673338,0.860374,CAN,DEU,21
21310509,39,61,112,1972.0,8985144.0,106324.0,0.7159800000000001,0.9742540000000001,CAN,DEU,21
21310510,39,61,112,1974.0,6032953.0,219903.0,0.495249,0.925809,CAN,DEU,21
21310511,39,61,112,1975.0,7268750.0,179581.0,0.404699,0.8249360000000001,CAN,DEU,21
21310512,39,61,112,1978.0,9294971.0,609805.0,0.793383,1.310916,CAN,DEU,21
21310513,39,61,112,1999.0,3066689.0,116032.0,0.9524950000000001,1.2560149999999999,CAN,DEU,21
21310514,39,61,112,1967.0,4719547.0,67208.0,0.6791470000000001,0.776475,CAN,DEU,21
21310515,39,61,112,1968.0,5842642.0,33519.0,0.6867270000000001,0.846297,CAN,DEU,21
21310516,39,61,112,1971.0,4990805.0,115530.0,0.543049,0.772374,CAN,DEU,21
21310517,39,61,112,1973.0,7122724.0,82522.0,0.42271000000000003,0.632899,CAN,DEU,21
21310518,39,61,112,1991.0,3676445.0,98507.0,0.808699,1.087207,CAN,DEU,21
21310519,39,61,112,1995.0,1993899.0,270261.0,0.975289,1.135701,CAN,DEU,21
21310520,39,61,112,1997.0,5412396.0,64776.0,0.928586,1.3413389999999998,CAN,DEU,21
21310521,39,61,112,1979.0,18211395.0,354413.0,0.756833,1.349624,CAN,DEU,21
21310522,39,61,112,1981.0,14273827.0,122247.0,0.745727,1.587553,CAN,DEU,21
21310523,39,61,112,1982.0,15739868.0,73161.0,0.780337,1.623949,CAN,DEU,21
21310524,39,61,112,1983.0,12573309.0,143605.0,0.708508,1.543279,CAN,DEU,21
21310525,39,61,112,1984.0,10439665.0,313611.0,0.81261,1.285068,CAN,DEU,21
21310526,39,61,112,1985.0,9717020.0,304049.0,0.872873,1.286843,CAN,DEU,21
21310527,39,61,112,1987.0,16208513.0,61201.0,0.8812409999999999,1.3540299999999998,CAN,DEU,21
21310528,39,61,112,1989.0,7285055.0,134672.0,0.7961729999999999,1.09309,CAN,DEU,21
21310529,39,61,112,1994.0,3837040.0,72891.0,0.9270709999999999,1.126737,CAN,DEU,21
21310530,39,61,112,1996.0,2797636.0,63963.0,0.970932,1.111111,CAN,DEU,21
21310531,39,61,112,1998.0,8068840.0,200851.0,0.9233040000000001,1.309692,CAN,DEU,21
21310532,39,61,112,1980.0,19887940.0,205221.0,0.704567,1.4515790000000002,CAN,DEU,21
21310533,39,61,112,1988.0,15560722.0,180790.0,0.8190810000000001,1.1273030000000002,CAN,DEU,21
21310534,39,61,112,1990.0,4983747.0,114358.0,0.804563,1.115479,CAN,DEU,21
21310535,39,61,112,1993.0,2475147.0,123472.0,0.8763719999999999,1.213496,CAN,DEU,21
21310536,39,61,112,1992.0,4662919.0,78163.0,0.74703,1.096791,CAN,DEU,21
21310537,39,61,112,1986.0,13212600.0,156035.0,0.799175,1.262781,CAN,DEU,21
21310538,39,61,112,1963.0,2823321.0,57778.0,0.586152,0.75012,CAN,DEU,21
21310539,39,61,112,1965.0,6497583.0,36712.0,0.648151,0.797301,CAN,DEU,21
21310540,39,61,112,1966.0,7274652.0,25809.0,0.752869,0.8454440000000001,CAN,DEU,21
21310541,39,61,112,1962.0,4002326.0,21068.0,0.6937800000000001,0.607572,CAN,DEU,21
21310542,39,61,112,1964.0,5476888.0,97211.0,0.728521,0.870792,CAN,DEU,21
21310543,39,61,112,1977.0,11821087.0,594295.0,0.564291,1.1527889999999998,CAN,DEU,21
21310544,39,61,112,1976.0,9286172.0,569998.0,0.6165609999999999,0.972507,CAN,DEU,21
21310545,41,61,112,2015.0,1592432.0,261649.0,2.261352,0.816764,CHE,DEU,21
21310546,41,61,112,2014.0,2257111.0,300290.0,2.027022,0.780257,CHE,DEU,21
21310547,41,61,112,2006.0,8939143.0,7412353.0,2.038668,0.46319,CHE,DEU,21
21310548,41,61,112,2007.0,6006603.0,5516744.0,1.979164,0.29541999999999996,CHE,DEU,21
21310549,41,61,112,2008.0,3916779.0,1784974.0,1.980661,0.504308,CHE,DEU,21
21310550,41,61,112,2010.0,881927.0,48568.0,2.136332,0.5302279999999999,CHE,DEU,21
21310551,41,61,112,2012.0,1316004.0,61667.0,2.0265150000000003,0.6496689999999999,CHE,DEU,21
21310552,41,61,112,2013.0,1589407.0,129742.0,2.0899229999999998,0.661667,CHE,DEU,21
21310553,41,61,112,2005.0,8090370.0,3032679.0,2.122208,0.615961,CHE,DEU,21
21310554,41,61,112,2009.0,2839488.0,470335.0,2.0153220000000003,0.5676829999999999,CHE,DEU,21
21310555,41,61,112,2011.0,1494492.0,128060.0,2.102055,0.548054,CHE,DEU,21
21310556,41,61,112,2016.0,1318223.0,63246.0,2.328616,0.832224,CHE,DEU,21
21310557,41,61,112,2017.0,333730.0,44316.0,2.2443459999999997,0.836363,CHE,DEU,21
21310558,41,61,112,2018.0,129092.0,65136.0,2.173252,0.861742,CHE,DEU,21
21310559,41,61,112,2019.0,123063.0,138540.0,2.172555,0.770567,CHE,DEU,21
21310560,41,61,112,2020.0,55430.0,133924.0,2.139732,0.906457,CHE,DEU,21
21310561,41,61,112,2002.0,8512823.0,2298999.0,2.205507,0.831836,CHE,DEU,21
21310562,41,61,112,2003.0,7625874.0,1728329.0,2.1943770000000002,0.715042,CHE,DEU,21
21310563,41,61,112,2004.0,7101520.0,2623432.0,2.234603,0.551975,CHE,DEU,21
21310564,41,61,112,1999.0,14108882.0,2695694.0,2.2417740000000004,0.764921,CHE,DEU,21
21310565,41,61,112,2000.0,11857119.0,1721301.0,2.268929,0.538191,CHE,DEU,21
21310566,41,61,112,2001.0,9197854.0,1456352.0,2.161588,0.8069890000000001,CHE,DEU,21
21310567,41,61,112,1973.0,6911768.0,3904400.0,2.271348,1.7570270000000001,CHE,DEU,21
21310568,41,61,112,1974.0,4568000.0,4172644.0,1.8843419999999997,1.3649790000000002,CHE,DEU,21
21310569,41,61,112,1988.0,28753134.0,2927449.0,2.138445,1.0137120000000002,CHE,DEU,21
21310570,41,61,112,1964.0,2698077.0,1692614.0,2.339324,2.1829650000000003,CHE,DEU,21
21310571,41,61,112,1965.0,2482045.0,1925852.0,2.399414,2.2596220000000002,CHE,DEU,21
21310572,41,61,112,1966.0,2580835.0,2613276.0,2.271274,2.228228,CHE,DEU,21
21310573,41,61,112,1967.0,2438404.0,2524421.0,2.232551,2.121041,CHE,DEU,21
21310574,41,61,112,1968.0,2973876.0,1918246.0,2.1128139999999997,2.181377,CHE,DEU,21
21310575,41,61,112,1969.0,3252605.0,2424141.0,2.225965,2.192022,CHE,DEU,21
21310576,41,61,112,1970.0,2762258.0,2200693.0,2.1918330000000004,1.847141,CHE,DEU,21
21310577,41,61,112,1971.0,2834982.0,1641562.0,2.242028,1.9425029999999999,CHE,DEU,21
21310578,41,61,112,1972.0,4487703.0,3706815.0,2.219306,1.9649020000000001,CHE,DEU,21
21310579,41,61,112,1975.0,3672745.0,3033343.0,2.0423720000000003,0.927861,CHE,DEU,21
21310580,41,61,112,1962.0,4980069.0,2342666.0,2.3319400000000003,2.325868,CHE,DEU,21
21310581,41,61,112,1963.0,2180347.0,1228473.0,2.275444,2.087927,CHE,DEU,21
21310582,41,61,112,1977.0,6876470.0,3723339.0,1.703888,1.3558629999999998,CHE,DEU,21
21310583,41,61,112,1978.0,8953366.0,7676171.0,2.026237,1.442742,CHE,DEU,21
21310584,41,61,112,1979.0,15988961.0,10425562.0,1.977282,1.176197,CHE,DEU,21
21310585,41,61,112,1980.0,16996244.0,6282426.0,1.756056,1.016284,CHE,DEU,21
21310586,41,61,112,1981.0,9746647.0,4815854.0,1.7692029999999999,0.770696,CHE,DEU,21
21310587,41,61,112,1982.0,13645108.0,5861430.0,1.87811,0.862556,CHE,DEU,21
21310588,41,61,112,1983.0,17445444.0,4839822.0,1.885277,0.886065,CHE,DEU,21
21310589,41,61,112,1984.0,20026508.0,5601208.0,1.908664,0.8874540000000001,CHE,DEU,21
21310590,41,61,112,1985.0,27714184.0,3716060.0,2.013169,0.9716879999999999,CHE,DEU,21
21310591,41,61,112,1986.0,25254275.0,3262994.0,2.243011,1.120316,CHE,DEU,21
21310592,41,61,112,1987.0,36246430.0,4273953.0,2.1858619999999997,1.3187200000000001,CHE,DEU,21
21310593,41,61,112,1991.0,15885809.0,1956763.0,2.326288,1.134439,CHE,DEU,21
21310594,41,61,112,1993.0,15334693.0,1854909.0,2.2766290000000002,0.952183,CHE,DEU,21
21310595,41,61,112,1998.0,22204313.0,4312101.0,2.265613,0.668929,CHE,DEU,21
21310596,41,61,112,1976.0,5163684.0,3722476.0,1.905399,1.515878,CHE,DEU,21
21310597,41,61,112,1989.0,24644425.0,2692139.0,2.1608680000000002,1.076476,CHE,DEU,21
21310598,41,61,112,1990.0,26649872.0,2908487.0,2.297446,1.0863610000000001,CHE,DEU,21
21310599,41,61,112,1992.0,16943467.0,2866714.0,2.24952,1.014945,CHE,DEU,21
21310600,41,61,112,1994.0,16325480.0,3490123.0,2.343897,0.883555,CHE,DEU,21
21310601,41,61,112,1996.0,18258575.0,3070768.0,2.344337,0.709607,CHE,DEU,21
21310602,41,61,112,1995.0,20099521.0,6191011.0,2.274838,0.826426,CHE,DEU,21
21310603,41,61,112,1997.0,22779203.0,2266557.0,2.327788,0.682804,CHE,DEU,21
21310604,42,61,112,2005.0,56508.0,1404.0,-0.15283,-0.43087,CHL,DEU,21
21310605,42,61,112,2006.0,95001.0,0.0,-0.193151,-0.46637,CHL,DEU,21
21310606,42,61,112,2007.0,201234.0,0.0,-0.193152,-0.46857299999999996,CHL,DEU,21
21310607,42,61,112,2008.0,145101.0,0.0,-0.173267,-0.23228000000000001,CHL,DEU,21
21310608,42,61,112,2009.0,55509.0,1011.0,-0.205249,-0.382377,CHL,DEU,21
21310609,42,61,112,2010.0,57716.0,0.0,-0.27612600000000004,-0.417476,CHL,DEU,21
21310610,42,61,112,2017.0,28789.0,0.0,-0.282983,-0.33351,CHL,DEU,21
21310611,42,61,112,2015.0,94195.0,0.0,-0.259994,-0.343327,CHL,DEU,21
21310612,42,61,112,2016.0,18752.0,0.0,-0.162923,-0.20607199999999998,CHL,DEU,21
21310613,42,61,112,2018.0,198069.0,0.0,-0.24325300000000002,-0.350271,CHL,DEU,21
21310614,42,61,112,2019.0,58357.0,0.0,-0.22908499999999998,-0.363863,CHL,DEU,21
21310615,42,61,112,2000.0,28380.0,0.0,-0.011509,0.0031190000000000002,CHL,DEU,21
21310616,42,61,112,2001.0,42159.0,0.0,-0.148124,0.074033,CHL,DEU,21
21310617,42,61,112,2002.0,128403.0,0.0,-0.079201,-0.11449200000000001,CHL,DEU,21
21310618,42,61,112,2003.0,72332.0,0.0,-0.122101,-0.151524,CHL,DEU,21
21310619,42,61,112,1997.0,120036.0,0.0,-0.06841799999999999,-0.21526199999999998,CHL,DEU,21
21310620,42,61,112,1996.0,39431.0,0.0,-0.161334,-0.301695,CHL,DEU,21
21310621,42,61,112,1999.0,10347.0,0.0,-0.132747,-0.065962,CHL,DEU,21
21310622,42,61,112,1993.0,20872.0,0.0,-0.091697,-0.236025,CHL,DEU,21
21310623,42,61,112,1992.0,20092.0,0.0,-0.188106,-0.360151,CHL,DEU,21
21310624,42,61,112,1994.0,21439.0,0.0,-0.09350900000000001,-0.264108,CHL,DEU,21
21310625,42,61,112,1995.0,15725.0,0.0,-0.267032,-0.341987,CHL,DEU,21
21310626,42,61,112,2004.0,84489.0,0.0,-0.24101399999999998,-0.303103,CHL,DEU,21
21310627,42,61,112,1988.0,11003.0,992.0,-0.304691,-0.41057899999999997,CHL,DEU,21
21310628,42,61,112,1989.0,1917.0,0.0,-0.22406900000000002,-0.38914499999999996,CHL,DEU,21
21310629,42,61,112,1991.0,16324.0,41254.0,-0.15565199999999998,-0.29465399999999997,CHL,DEU,21
21310630,42,61,112,1975.0,184009.0,0.0,0.289275,0.111279,CHL,DEU,21
21310631,42,61,112,1990.0,5355.0,0.0,-0.316639,-0.486444,CHL,DEU,21
21310632,42,61,112,1998.0,71097.0,0.0,-0.138389,-0.187388,CHL,DEU,21
21310633,42,61,112,1987.0,279874.0,0.0,-0.243939,-0.387758,CHL,DEU,21
21310634,42,61,112,1984.0,69821.0,0.0,-0.075954,-0.441989,CHL,DEU,21
21310635,42,61,112,1986.0,123680.0,0.0,-0.345065,-0.323748,CHL,DEU,21
21310636,42,61,112,1962.0,15646.0,4864.0,0.036811,-0.448679,CHL,DEU,21
21310637,42,61,112,1964.0,104840.0,0.0,0.28925300000000004,-0.195452,CHL,DEU,21
21310638,42,61,112,1969.0,174381.0,0.0,-0.204457,-0.6585439999999999,CHL,DEU,21
21310639,42,61,112,1982.0,109788.0,0.0,-0.21456799999999998,-0.5987819999999999,CHL,DEU,21
21310640,42,61,112,1983.0,141216.0,0.0,-0.359955,-0.63049,CHL,DEU,21
21310641,42,61,112,1985.0,202181.0,0.0,-0.290377,-0.530487,CHL,DEU,21
21310642,42,61,112,1968.0,146881.0,0.0,0.042475,-0.45777299999999993,CHL,DEU,21
21310643,42,61,112,1963.0,33837.0,0.0,0.070493,-0.271895,CHL,DEU,21
21310644,42,61,112,1965.0,80932.0,0.0,0.030341000000000003,-0.36913,CHL,DEU,21
21310645,42,61,112,1966.0,47376.0,0.0,0.30167,-0.281746,CHL,DEU,21
21310646,42,61,112,1967.0,123451.0,0.0,0.049405000000000004,-0.423741,CHL,DEU,21
21310647,42,61,112,1970.0,232669.0,0.0,-0.18036300000000002,-0.639107,CHL,DEU,21
21310648,42,61,112,1971.0,143989.0,0.0,-0.231579,-0.6383479999999999,CHL,DEU,21
21310649,42,61,112,1972.0,27060.0,0.0,-0.063524,-0.564652,CHL,DEU,21
21310650,42,61,112,1973.0,1053.0,0.0,-0.39045100000000005,-0.728144,CHL,DEU,21
21310651,42,61,112,1974.0,145511.0,0.0,-0.11321099999999999,-0.621097,CHL,DEU,21
21310652,42,61,112,1981.0,133087.0,0.0,-0.168017,-0.46251000000000003,CHL,DEU,21
21310653,42,61,112,1976.0,1273339.0,0.0,0.08261900000000001,-0.152784,CHL,DEU,21
21310654,42,61,112,1977.0,1178971.0,0.0,0.179338,0.056011,CHL,DEU,21
21310655,42,61,112,1978.0,999389.0,0.0,0.165497,-0.14115899999999998,CHL,DEU,21
21310656,42,61,112,1979.0,1306708.0,0.0,-0.085145,-0.385461,CHL,DEU,21
21310657,42,61,112,1980.0,356944.0,0.0,-0.037381,-0.494042,CHL,DEU,21
21310658,43,61,112,1994.0,881502.0,2518770.0,0.238977,2.174676,CHN,DEU,21
21310659,43,61,112,1995.0,457157.0,3310058.0,0.31854899999999997,2.413914,CHN,DEU,21
21310660,43,61,112,1996.0,1010894.0,1574074.0,0.383975,2.197461,CHN,DEU,21
21310661,43,61,112,1997.0,2117176.0,2492308.0,0.380294,2.389738,CHN,DEU,21
21310662,43,61,112,1998.0,850337.0,520309.0,0.339414,2.3927169999999998,CHN,DEU,21
21310663,43,61,112,1999.0,521930.0,1584330.0,0.388705,2.3197919999999996,CHN,DEU,21
21310664,43,61,112,2000.0,418415.0,2909442.0,0.43423,2.461961,CHN,DEU,21
21310665,43,61,112,2001.0,420758.0,4907955.0,0.535502,2.28778,CHN,DEU,21
21310666,43,61,112,2002.0,335913.0,9585502.0,0.6181220000000001,1.9636759999999998,CHN,DEU,21
21310667,43,61,112,2003.0,447329.0,10309525.0,0.643677,2.033847,CHN,DEU,21
21310668,43,61,112,2004.0,364306.0,27089240.0,0.710603,2.017234,CHN,DEU,21
21310669,43,61,112,2005.0,487361.0,15665220.0,0.757865,1.9117669999999998,CHN,DEU,21
21310670,43,61,112,2007.0,87159.0,18879734.0,0.904272,1.537654,CHN,DEU,21
21310671,43,61,112,2008.0,109099.0,27981566.0,0.988158,1.443506,CHN,DEU,21
21310672,43,61,112,2012.0,990336.0,57248869.0,1.2170590000000001,0.584412,CHN,DEU,21
21310673,43,61,112,2013.0,1804941.0,13718723.0,1.24864,0.667713,CHN,DEU,21
21310674,43,61,112,2009.0,142154.0,28172122.0,0.9740489999999999,1.416985,CHN,DEU,21
21310675,43,61,112,2010.0,180300.0,40093865.0,1.047792,1.3791280000000001,CHN,DEU,21
21310676,43,61,112,1989.0,1547819.0,187179.0,0.37919899999999995,2.377084,CHN,DEU,21
21310677,43,61,112,2011.0,676218.0,62329460.0,1.185758,1.021932,CHN,DEU,21
21310678,43,61,112,2014.0,859988.0,19604896.0,1.316443,0.35039899999999996,CHN,DEU,21
21310679,43,61,112,2015.0,628050.0,26026326.0,1.251258,1.091683,CHN,DEU,21
21310680,43,61,112,2016.0,356593.0,27445660.0,1.249079,1.151045,CHN,DEU,21
21310681,43,61,112,2017.0,530727.0,2277990.0,1.2888030000000001,0.9250700000000001,CHN,DEU,21
21310682,43,61,112,2018.0,1042159.0,2351865.0,1.378018,0.513572,CHN,DEU,21
21310683,43,61,112,2019.0,1041813.0,1496335.0,1.3612,0.49938299999999997,CHN,DEU,21
21310684,43,61,112,2020.0,938739.0,485196.0,1.2995780000000001,0.625046,CHN,DEU,21
21310685,43,61,112,1990.0,1580887.0,126567.0,0.390967,2.1667650000000003,CHN,DEU,21
21310686,43,61,112,1992.0,1486899.0,157280.0,0.269411,1.920075,CHN,DEU,21
21310687,43,61,112,1993.0,1341719.0,1998884.0,0.20543000000000003,2.000367,CHN,DEU,21
21310688,43,61,112,1988.0,3040861.0,469243.0,0.26593,2.229884,CHN,DEU,21
21310689,43,61,112,1991.0,1297848.0,175173.0,0.260673,2.121238,CHN,DEU,21
21310690,43,61,112,2006.0,240543.0,22578046.0,0.842242,1.7392740000000002,CHN,DEU,21
21310691,43,61,112,1962.0,1917382.0,0.0,0.795475,1.069191,CHN,DEU,21
21310692,43,61,112,1963.0,4886190.0,0.0,0.661567,1.2059309999999999,CHN,DEU,21
21310693,43,61,112,1965.0,9067153.0,0.0,0.5929479999999999,1.423453,CHN,DEU,21
21310694,43,61,112,1966.0,10718980.0,0.0,0.6190100000000001,1.541916,CHN,DEU,21
21310695,43,61,112,1967.0,5545932.0,0.0,0.684305,1.7030919999999998,CHN,DEU,21
21310696,43,61,112,1969.0,8824022.0,0.0,0.5972390000000001,1.7591139999999998,CHN,DEU,21
21310697,43,61,112,1972.0,5661125.0,0.0,0.490267,1.847796,CHN,DEU,21
21310698,43,61,112,1973.0,5863669.0,0.0,0.487712,1.7118080000000002,CHN,DEU,21
21310699,43,61,112,1974.0,5598300.0,0.0,0.43914899999999996,1.8291439999999999,CHN,DEU,21
21310700,43,61,112,1975.0,5431148.0,0.0,0.39986700000000003,2.007719,CHN,DEU,21
21310701,43,61,112,1987.0,3717637.0,394262.0,0.266467,2.073566,CHN,DEU,21
21310702,43,61,112,1964.0,6376299.0,0.0,0.5926359999999999,1.334841,CHN,DEU,21
21310703,43,61,112,1968.0,5864890.0,0.0,0.610282,1.61494,CHN,DEU,21
21310704,43,61,112,1985.0,8240757.0,35913.0,0.302398,2.052993,CHN,DEU,21
21310705,43,61,112,1971.0,6477387.0,0.0,0.551566,1.636164,CHN,DEU,21
21310706,43,61,112,1980.0,11364340.0,0.0,0.49464300000000005,2.385519,CHN,DEU,21
21310707,43,61,112,1981.0,7838207.0,0.0,0.543774,2.4874560000000003,CHN,DEU,21
21310708,43,61,112,1982.0,6642891.0,0.0,0.44420699999999996,2.338003,CHN,DEU,21
21310709,43,61,112,1983.0,8117321.0,10199.0,0.468343,2.415871,CHN,DEU,21
21310710,43,61,112,1970.0,7222184.0,0.0,0.605354,1.632766,CHN,DEU,21
21310711,43,61,112,1986.0,6037592.0,171962.0,0.186622,2.003123,CHN,DEU,21
21310712,43,61,112,1984.0,7488643.0,24179.0,0.42430100000000004,2.299116,CHN,DEU,21
21310713,43,61,112,1979.0,9942729.0,6036.0,0.474163,2.2404349999999997,CHN,DEU,21
21310714,43,61,112,1976.0,7475682.0,0.0,0.46347299999999997,2.24874,CHN,DEU,21
21310715,43,61,112,1977.0,8677253.0,0.0,0.460404,2.372241,CHN,DEU,21
21310716,43,61,112,1978.0,11482415.0,189652.0,0.46112600000000004,2.120301,CHN,DEU,21
21310717,44,61,112,1996.0,0.0,1267.0,-0.890915,-0.8165399999999999,CIV,DEU,21
21310718,44,61,112,1972.0,24148.0,0.0,-0.671687,-0.692092,CIV,DEU,21
21310719,44,61,112,1976.0,9013.0,0.0,-0.403831,-0.494458,CIV,DEU,21
21310720,44,61,112,1989.0,0.0,5012.0,-0.992875,-0.767184,CIV,DEU,21
21310721,45,61,112,1986.0,0.0,10168.0,-0.8327700000000001,-0.6851649999999999,CMR,DEU,21
21310722,45,61,112,2002.0,0.0,63120.0,-1.188713,-1.109944,CMR,DEU,21
21310723,45,61,112,2003.0,0.0,138507.0,-1.2449620000000001,-1.099108,CMR,DEU,21
21310724,45,61,112,2013.0,0.0,2227.0,-0.93575,-1.003851,CMR,DEU,21
21310725,45,61,112,1995.0,18390.0,0.0,-1.1125690000000001,-1.034943,CMR,DEU,21
21310726,45,61,112,2008.0,0.0,18675.0,-0.925349,-1.047988,CMR,DEU,21
21310727,45,61,112,2012.0,0.0,3158.0,-1.018794,-1.013026,CMR,DEU,21
21310728,45,61,112,1991.0,1753.0,0.0,-1.77045,-1.09324,CMR,DEU,21
21310729,45,61,112,1989.0,2593971.0,0.0,-0.936464,-0.737517,CMR,DEU,21
21310730,45,61,112,1973.0,4860.0,0.0,-0.570257,-0.620671,CMR,DEU,21
21310731,45,61,112,1962.0,3521.0,0.0,-0.8142159999999999,-0.508935,CMR,DEU,21
21310732,45,61,112,1974.0,10104.0,0.0,-0.6248060000000001,-0.690529,CMR,DEU,21
21310733,45,61,112,1975.0,9146.0,1046.0,-0.431638,-0.436277,CMR,DEU,21
21310734,45,61,112,1980.0,29184.0,0.0,-1.684816,-0.8437120000000001,CMR,DEU,21
21310735,46,61,112,1965.0,35407.0,0.0,-0.710277,-0.577643,COD,DEU,21
21310736,46,61,112,1973.0,15504.0,0.0,-0.9844709999999999,-0.6914359999999999,COD,DEU,21
21310737,46,61,112,2020.0,0.0,1714.0,-1.2677120000000002,-1.146566,COD,DEU,21
21310738,46,61,112,1962.0,10997.0,0.0,-0.78585,-0.56805,COD,DEU,21
21310739,46,61,112,1970.0,3527.0,0.0,-1.39944,-0.706697,COD,DEU,21
21310740,46,61,112,1971.0,4530.0,0.0,-1.16333,-0.708263,COD,DEU,21
21310741,46,61,112,1972.0,12175.0,0.0,-0.980981,-0.697183,COD,DEU,21
21310742,46,61,112,1974.0,2965.0,0.0,-0.9840639999999999,-0.679595,COD,DEU,21
21310743,46,61,112,1969.0,144253.0,0.0,-1.2839180000000001,-0.691786,COD,DEU,21
21310744,46,61,112,1978.0,5473.0,0.0,-1.229891,-0.767533,COD,DEU,21
21310745,46,61,112,1964.0,58475.0,0.0,-0.989226,-0.612887,COD,DEU,21
21310746,46,61,112,1966.0,33992.0,0.0,-0.8056300000000001,-0.614291,COD,DEU,21
21310747,46,61,112,1967.0,16014.0,0.0,-1.016131,-0.634667,COD,DEU,21
21310748,46,61,112,1968.0,24830.0,0.0,-1.2018229999999999,-0.6680229999999999,COD,DEU,21
21310749,47,61,112,1980.0,6142.0,0.0,-1.7505650000000001,-0.779971,COG,DEU,21
21310750,47,61,112,1973.0,8357.0,0.0,-1.1036350000000001,-0.7935800000000001,COG,DEU,21
21310751,47,61,112,1964.0,3596.0,0.0,-1.230536,-0.675128,COG,DEU,21
21310752,47,61,112,1974.0,2754.0,0.0,-1.03709,-0.707957,COG,DEU,21
21310753,47,61,112,1979.0,6748.0,0.0,-1.522053,-0.831723,COG,DEU,21
21310754,47,61,112,1969.0,7209.0,0.0,-1.0517239999999999,-0.743142,COG,DEU,21
21310755,47,61,112,1966.0,14451.0,0.0,-1.181578,-0.797863,COG,DEU,21
21310756,47,61,112,1967.0,17294.0,0.0,-0.970413,-0.757981,COG,DEU,21
21310757,47,61,112,1968.0,12563.0,0.0,-1.0615450000000002,-0.736701,COG,DEU,21
21310758,47,61,112,1970.0,15230.0,0.0,-1.2092129999999999,-0.8446799999999999,COG,DEU,21
21310759,47,61,112,1971.0,8104.0,0.0,-0.9411219999999999,-0.728664,COG,DEU,21
21310760,47,61,112,1972.0,5420.0,0.0,-0.75941,-0.6837949999999999,COG,DEU,21
21310761,48,61,112,1986.0,26343.0,0.0,0.146265,-0.497917,COK,DEU,21
21310762,48,61,112,1987.0,7425.0,0.0,0.057826,-0.6393979999999999,COK,DEU,21
21310763,48,61,112,1982.0,30700.0,0.0,0.132653,-0.500452,COK,DEU,21
21310764,48,61,112,1983.0,18466.0,0.0,0.032633999999999996,-0.57727,COK,DEU,21
21310765,49,61,112,1994.0,111549.0,0.0,-0.065624,0.127881,COL,DEU,21
21310766,49,61,112,1995.0,85426.0,0.0,0.050431000000000004,0.16347899999999999,COL,DEU,21
21310767,49,61,112,1996.0,24321.0,0.0,0.070101,0.08847999999999999,COL,DEU,21
21310768,49,61,112,1999.0,74646.0,0.0,0.055667999999999995,0.10688399999999999,COL,DEU,21
21310769,49,61,112,2000.0,44832.0,0.0,0.12351400000000001,0.255517,COL,DEU,21
21310770,49,61,112,2007.0,35057.0,0.0,0.18592,0.6842050000000001,COL,DEU,21
21310771,49,61,112,2008.0,1285.0,0.0,0.250208,0.546823,COL,DEU,21
21310772,49,61,112,2013.0,86442.0,0.0,0.034491,-0.36975,COL,DEU,21
21310773,49,61,112,2019.0,767973.0,0.0,0.062157000000000004,-0.12401400000000001,COL,DEU,21
21310774,49,61,112,1997.0,22450.0,0.0,0.023456,0.057771,COL,DEU,21
21310775,49,61,112,1998.0,49673.0,0.0,0.045649,0.11751400000000001,COL,DEU,21
21310776,49,61,112,2001.0,21562.0,0.0,0.3378,0.479951,COL,DEU,21
21310777,49,61,112,2002.0,30929.0,0.0,0.219861,0.45238999999999996,COL,DEU,21
21310778,49,61,112,2003.0,25366.0,0.0,0.126431,0.417651,COL,DEU,21
21310779,49,61,112,2004.0,4775.0,0.0,0.044706,0.514304,COL,DEU,21
21310780,49,61,112,1993.0,84608.0,25752.0,-0.052613,0.071123,COL,DEU,21
21310781,49,61,112,2006.0,68136.0,0.0,0.162228,0.550616,COL,DEU,21
21310782,49,61,112,2018.0,2455.0,0.0,0.144073,-0.10276199999999999,COL,DEU,21
21310783,49,61,112,2020.0,385614.0,0.0,-0.057902999999999996,0.12629100000000001,COL,DEU,21
21310784,49,61,112,1991.0,16071.0,0.0,0.029939999999999998,0.25550300000000004,COL,DEU,21
21310785,49,61,112,1964.0,456166.0,0.0,-0.157889,-0.460271,COL,DEU,21
21310786,49,61,112,1968.0,951490.0,0.0,-0.179843,-0.5681729999999999,COL,DEU,21
21310787,49,61,112,1969.0,1078504.0,0.0,-0.102576,-0.44958100000000006,COL,DEU,21
21310788,49,61,112,1970.0,1162304.0,0.0,-0.157524,-0.6068479999999999,COL,DEU,21
21310789,49,61,112,1971.0,2407778.0,0.0,-0.114488,-0.492489,COL,DEU,21
21310790,49,61,112,1972.0,4923092.0,0.0,-0.09930399999999999,-0.394474,COL,DEU,21
21310791,49,61,112,1973.0,3221887.0,0.0,0.33278800000000003,-0.12771400000000002,COL,DEU,21
21310792,49,61,112,1974.0,1516091.0,0.0,0.6161949999999999,0.392124,COL,DEU,21
21310793,49,61,112,1975.0,1752960.0,0.0,0.530112,0.24711599999999997,COL,DEU,21
21310794,49,61,112,1979.0,143058.0,0.0,0.10822899999999999,-0.2187,COL,DEU,21
21310795,49,61,112,1980.0,337530.0,0.0,0.247827,0.034868,COL,DEU,21
21310796,49,61,112,1983.0,12961.0,0.0,0.19283599999999998,-0.200476,COL,DEU,21
21310797,49,61,112,1989.0,5009.0,0.0,-0.06450700000000001,-0.188868,COL,DEU,21
21310798,49,61,112,1963.0,251039.0,0.0,-0.7662399999999999,-0.611683,COL,DEU,21
21310799,49,61,112,1965.0,488056.0,0.0,0.07001399999999999,-0.335624,COL,DEU,21
21310800,49,61,112,1966.0,603344.0,0.0,0.20125099999999999,-0.332512,COL,DEU,21
21310801,49,61,112,1967.0,772691.0,0.0,0.165951,-0.382833,COL,DEU,21
21310802,49,61,112,1978.0,440508.0,0.0,0.154415,-0.23782399999999998,COL,DEU,21
21310803,49,61,112,1981.0,39607.0,0.0,0.487575,0.437504,COL,DEU,21
21310804,49,61,112,1962.0,127309.0,0.0,-0.547891,-0.517496,COL,DEU,21
21310805,49,61,112,1977.0,363422.0,0.0,0.22576,-0.228427,COL,DEU,21
21310806,49,61,112,1976.0,1886594.0,1722.0,0.251498,0.020392,COL,DEU,21
21310807,52,61,112,2008.0,126672.0,1127.0,0.102978,-0.154002,CRI,DEU,21
21310808,52,61,112,2009.0,93483.0,0.0,0.054242,-0.44236400000000003,CRI,DEU,21
21310809,52,61,112,2019.0,104142.0,0.0,0.398784,0.287704,CRI,DEU,21
21310810,52,61,112,2020.0,204842.0,0.0,0.303377,0.071752,CRI,DEU,21
21310811,52,61,112,2005.0,9326.0,0.0,0.073229,-0.25491199999999997,CRI,DEU,21
21310812,52,61,112,2007.0,56410.0,0.0,0.093189,-0.19225899999999999,CRI,DEU,21
21310813,52,61,112,1973.0,116174.0,0.0,0.754578,0.387265,CRI,DEU,21
21310814,52,61,112,1989.0,245925.0,0.0,0.038611,0.17060799999999998,CRI,DEU,21
21310815,52,61,112,1965.0,1794.0,0.0,0.9343940000000001,0.380329,CRI,DEU,21
21310816,52,61,112,1968.0,5367.0,0.0,0.926132,0.544143,CRI,DEU,21
21310817,52,61,112,1975.0,5967.0,0.0,0.68308,0.356631,CRI,DEU,21
21310818,52,61,112,1990.0,0.0,1183.0,0.039152,0.178811,CRI,DEU,21
21310819,52,61,112,1969.0,1775.0,0.0,0.923969,0.5765,CRI,DEU,21
21310820,52,61,112,1972.0,46601.0,0.0,0.804975,0.373239,CRI,DEU,21
21310821,53,61,112,1973.0,475657.0,771306.0,1.549217,2.6032669999999998,CSK,DEU,21
21310822,53,61,112,1987.0,834924.0,3741000.0,1.774518,2.00953,CSK,DEU,21
21310823,53,61,112,1988.0,707577.0,4741000.0,1.716794,1.946664,CSK,DEU,21
21310824,53,61,112,1962.0,158696.0,22510.0,1.6786400000000001,2.879312,CSK,DEU,21
21310825,53,61,112,1963.0,184005.0,66010.0,1.7978830000000001,3.034735,CSK,DEU,21
21310826,53,61,112,1964.0,238056.0,23626.0,1.792717,2.919219,CSK,DEU,21
21310827,53,61,112,1965.0,101167.0,6360.0,1.8258290000000001,2.861214,CSK,DEU,21
21310828,53,61,112,1966.0,128814.0,103567.0,1.7615939999999999,2.771267,CSK,DEU,21
21310829,53,61,112,1967.0,61830.0,9747.0,1.685491,2.778763,CSK,DEU,21
21310830,53,61,112,1968.0,224984.0,0.0,1.6086129999999998,2.804711,CSK,DEU,21
21310831,53,61,112,1969.0,392772.0,146015.0,1.6685599999999998,2.84612,CSK,DEU,21
21310832,53,61,112,1971.0,243513.0,751348.0,1.7241369999999998,2.76252,CSK,DEU,21
21310833,53,61,112,1972.0,519578.0,1114863.0,1.716074,2.538949,CSK,DEU,21
21310834,53,61,112,1974.0,578158.0,1105390.0,1.296678,2.116386,CSK,DEU,21
21310835,53,61,112,1975.0,278437.0,1187974.0,1.338394,2.0545430000000002,CSK,DEU,21
21310836,53,61,112,1982.0,82000.0,2622196.0,1.642269,1.3673959999999998,CSK,DEU,21
21310837,53,61,112,1983.0,75594.0,2214918.0,1.605309,1.517973,CSK,DEU,21
21310838,53,61,112,1984.0,311174.0,3337772.0,1.632743,1.7759639999999999,CSK,DEU,21
21310839,53,61,112,1985.0,2542465.0,3500469.0,1.591434,1.748286,CSK,DEU,21
21310840,53,61,112,1986.0,1684000.0,4594000.0,1.686079,2.0061869999999997,CSK,DEU,21
21310841,53,61,112,1970.0,164092.0,791412.0,1.5614860000000002,2.788408,CSK,DEU,21
21310842,53,61,112,1989.0,961846.0,7695000.0,1.5575,1.883823,CSK,DEU,21
21310843,53,61,112,1990.0,562781.0,5692000.0,1.4753370000000001,1.984316,CSK,DEU,21
21310844,53,61,112,1978.0,281966.0,2559265.0,1.3072219999999999,1.8662860000000001,CSK,DEU,21
21310845,53,61,112,1979.0,213972.0,7115151.0,1.353579,2.028156,CSK,DEU,21
21310846,53,61,112,1980.0,178869.0,3069007.0,1.3191959999999998,1.5017280000000002,CSK,DEU,21
21310847,53,61,112,1981.0,162658.0,2130402.0,1.2791649999999999,1.4439549999999999,CSK,DEU,21
21310848,53,61,112,1991.0,1799923.0,6125447.0,1.2325709999999999,2.212502,CSK,DEU,21
21310849,53,61,112,1992.0,5226967.0,3916107.0,1.116966,2.225331,CSK,DEU,21
21310850,53,61,112,1976.0,480817.0,2588488.0,1.1948290000000001,2.2727060000000003,CSK,DEU,21
21310851,53,61,112,1977.0,176391.0,2445720.0,1.167296,1.942533,CSK,DEU,21
21310852,54,61,112,2006.0,0.0,30508.0,0.207314,-0.473224,CUB,DEU,21
21310853,54,61,112,1963.0,1808.0,0.0,-0.325073,-0.478512,CUB,DEU,21
21310854,54,61,112,1962.0,158161.0,0.0,-0.379023,-0.459929,CUB,DEU,21
21310855,58,61,112,2018.0,8734.0,0.0,0.180009,-0.26353200000000004,CYP,DEU,21
21310856,58,61,112,1997.0,0.0,34806.0,0.45144700000000004,0.46707600000000005,CYP,DEU,21
21310857,58,61,112,1991.0,150008.0,29088.0,0.44266000000000005,0.448676,CYP,DEU,21
21310858,58,61,112,1985.0,27948.0,995.0,0.48616800000000004,0.43160699999999996,CYP,DEU,21
21310859,58,61,112,1990.0,497228.0,1021.0,0.34024899999999997,0.438296,CYP,DEU,21
21310860,58,61,112,2009.0,0.0,1053.0,0.9030520000000001,0.6764100000000001,CYP,DEU,21
21310861,58,61,112,2000.0,39485.0,0.0,0.264835,0.268755,CYP,DEU,21
21310862,58,61,112,2020.0,0.0,6426.0,0.421867,-0.17156400000000002,CYP,DEU,21
21310863,58,61,112,1979.0,5738.0,0.0,0.377919,0.048004000000000005,CYP,DEU,21
21310864,58,61,112,1989.0,192983.0,2001.0,0.519131,0.680182,CYP,DEU,21
21310865,58,61,112,1992.0,17470.0,0.0,0.471516,0.668776,CYP,DEU,21
21310866,58,61,112,1993.0,78954.0,6922.0,0.580024,0.537754,CYP,DEU,21
21310867,58,61,112,1998.0,0.0,188508.0,0.37196399999999996,0.384417,CYP,DEU,21
21310868,58,61,112,1972.0,0.0,1018.0,0.349447,-0.253012,CYP,DEU,21
21310869,58,61,112,1981.0,25480.0,0.0,0.554236,0.5848760000000001,CYP,DEU,21
21310870,58,61,112,1978.0,7012.0,0.0,0.45756,0.114176,CYP,DEU,21
21310871,58,61,112,1971.0,2724.0,0.0,0.266353,-0.404526,CYP,DEU,21
21310872,59,61,112,2000.0,7263360.0,882401.0,1.526256,0.9255639999999999,CZE,DEU,21
21310873,59,61,112,2013.0,30399475.0,16327434.0,1.829509,-0.41787700000000005,CZE,DEU,21
21310874,59,61,112,2007.0,7355274.0,8059263.0,1.661947,-0.284736,CZE,DEU,21
21310875,59,61,112,2014.0,27081210.0,18528234.0,1.761204,-0.148263,CZE,DEU,21
21310876,59,61,112,2019.0,680143.0,159768.0,1.7903779999999998,0.10644100000000001,CZE,DEU,21
21310877,59,61,112,2006.0,7489647.0,4954533.0,1.6478549999999998,0.095131,CZE,DEU,21
21310878,59,61,112,2011.0,15078458.0,5848142.0,1.7717619999999998,-0.315625,CZE,DEU,21
21310879,59,61,112,2015.0,26462933.0,7876445.0,1.812925,0.13373,CZE,DEU,21
21310880,59,61,112,2001.0,9226472.0,1771455.0,1.56908,0.860384,CZE,DEU,21
21310881,59,61,112,2012.0,15463939.0,13064583.0,1.7368299999999999,-0.651329,CZE,DEU,21
21310882,59,61,112,2004.0,5581325.0,1485800.0,1.612543,0.607495,CZE,DEU,21
21310883,59,61,112,2016.0,23512276.0,5049347.0,1.818585,0.341356,CZE,DEU,21
21310884,59,61,112,1998.0,9312683.0,2042775.0,1.505737,0.8389909999999999,CZE,DEU,21
21310885,59,61,112,1999.0,8686374.0,1416270.0,1.4655790000000002,1.0322120000000001,CZE,DEU,21
21310886,59,61,112,2002.0,7998650.0,1349478.0,1.5835139999999999,0.9563010000000001,CZE,DEU,21
21310887,59,61,112,2003.0,5786283.0,1237348.0,1.6742110000000001,0.569922,CZE,DEU,21
21310888,59,61,112,2009.0,5248445.0,3878392.0,1.679038,-0.129397,CZE,DEU,21
21310889,59,61,112,2010.0,9042155.0,8250539.0,1.770959,-0.060892999999999996,CZE,DEU,21
21310890,59,61,112,1993.0,7729819.0,640942.0,1.2642,1.746371,CZE,DEU,21
21310891,59,61,112,2005.0,4421670.0,2594919.0,1.625005,0.447671,CZE,DEU,21
21310892,59,61,112,2018.0,586921.0,649886.0,1.8018669999999999,0.022382,CZE,DEU,21
21310893,59,61,112,1997.0,7426863.0,2199661.0,1.450452,1.031814,CZE,DEU,21
21310894,59,61,112,2017.0,203917.0,1203821.0,1.8494680000000001,0.150088,CZE,DEU,21
21310895,59,61,112,2020.0,153636.0,160297.0,1.779952,0.16428099999999998,CZE,DEU,21
21310896,59,61,112,1995.0,7131527.0,3986304.0,1.4096600000000001,1.239983,CZE,DEU,21
21310897,59,61,112,2008.0,8684652.0,5507175.0,1.643978,-0.24086300000000002,CZE,DEU,21
21310898,59,61,112,1994.0,8982768.0,3248479.0,1.421819,1.269007,CZE,DEU,21
21310899,59,61,112,1996.0,4053427.0,5604242.0,1.412088,1.171914,CZE,DEU,21
21310900,62,61,112,2018.0,0.0,7098.0,-0.266256,-0.608169,DJI,DEU,21
21310901,62,61,112,1988.0,21492.0,0.0,0.631275,0.574695,DJI,DEU,21
21310902,62,61,112,1989.0,63053.0,3957.0,0.966327,0.860094,DJI,DEU,21
21310903,62,61,112,1991.0,54812.0,0.0,0.5840310000000001,1.005599,DJI,DEU,21
21310904,62,61,112,1984.0,2625.0,0.0,0.288394,-0.24690700000000002,DJI,DEU,21
21310905,62,61,112,2000.0,0.0,36338.0,-0.108877,-0.305752,DJI,DEU,21
21310906,64,61,112,1989.0,86602159.0,6655690.0,1.582175,1.569325,DNK,DEU,21
21310907,64,61,112,1990.0,59985261.0,3701063.0,1.687973,1.557006,DNK,DEU,21
21310908,64,61,112,1991.0,80030278.0,7115093.0,1.6556400000000002,1.565383,DNK,DEU,21
21310909,64,61,112,1992.0,75223311.0,3100779.0,1.696464,1.365743,DNK,DEU,21
21310910,64,61,112,1993.0,43071995.0,1605843.0,1.6421119999999998,1.364214,DNK,DEU,21
21310911,64,61,112,1994.0,38127089.0,1299247.0,1.581223,1.4248450000000001,DNK,DEU,21
21310912,64,61,112,1995.0,30040176.0,1320188.0,1.503884,1.5113889999999999,DNK,DEU,21
21310913,64,61,112,1996.0,59384733.0,4551594.0,1.416927,1.401766,DNK,DEU,21
21310914,64,61,112,1997.0,43067391.0,11038339.0,1.422606,1.395373,DNK,DEU,21
21310915,64,61,112,1998.0,29875691.0,5186801.0,1.33359,1.4028479999999999,DNK,DEU,21
21310916,64,61,112,1999.0,25241530.0,827012.0,1.410765,1.344786,DNK,DEU,21
21310917,64,61,112,2000.0,18705752.0,7089757.0,1.312843,1.4304370000000002,DNK,DEU,21
21310918,64,61,112,2001.0,15459163.0,9118834.0,1.356327,1.3288309999999999,DNK,DEU,21
21310919,64,61,112,2002.0,15362375.0,9979959.0,1.344708,1.321135,DNK,DEU,21
21310920,64,61,112,2003.0,16664723.0,8427439.0,1.343559,1.269764,DNK,DEU,21
21310921,64,61,112,2004.0,26557587.0,13282478.0,1.309074,1.2627979999999999,DNK,DEU,21
21310922,64,61,112,2005.0,25853984.0,16179477.0,1.30959,1.174674,DNK,DEU,21
21310923,64,61,112,2006.0,34291635.0,19039597.0,1.25209,1.133206,DNK,DEU,21
21310924,64,61,112,2007.0,28171253.0,19591807.0,1.236224,0.9855430000000001,DNK,DEU,21
21310925,64,61,112,2008.0,12269277.0,18600339.0,1.2796020000000001,0.8877649999999999,DNK,DEU,21
21310926,64,61,112,2009.0,6026059.0,8137393.0,1.328905,0.871136,DNK,DEU,21
21310927,64,61,112,2010.0,5113606.0,19802143.0,1.184863,1.164933,DNK,DEU,21
21310928,64,61,112,2011.0,8707686.0,23131239.0,1.178394,1.166879,DNK,DEU,21
21310929,64,61,112,2012.0,13611920.0,20695489.0,1.159478,1.053761,DNK,DEU,21
21310930,64,61,112,2013.0,15278737.0,29518479.0,1.190302,1.062991,DNK,DEU,21
21310931,64,61,112,2014.0,20090345.0,28084902.0,1.15411,1.160462,DNK,DEU,21
21310932,64,61,112,2015.0,15069941.0,23179773.0,1.142526,1.203298,DNK,DEU,21
21310933,64,61,112,2016.0,12392983.0,21623685.0,1.0572629999999998,1.4157540000000002,DNK,DEU,21
21310934,64,61,112,2017.0,5329780.0,293627.0,1.143276,1.242437,DNK,DEU,21
21310935,64,61,112,2018.0,2489671.0,346625.0,1.094761,1.337348,DNK,DEU,21
21310936,64,61,112,2020.0,277721.0,0.0,1.1190280000000001,1.1366290000000001,DNK,DEU,21
21310937,64,61,112,2019.0,491709.0,0.0,1.094496,1.283199,DNK,DEU,21
21310938,64,61,112,1962.0,5655666.0,785297.0,1.6905080000000001,2.83239,DNK,DEU,21
21310939,64,61,112,1964.0,9209842.0,1286005.0,1.62625,2.935863,DNK,DEU,21
21310940,64,61,112,1965.0,13536786.0,910215.0,1.7219900000000001,2.978298,DNK,DEU,21
21310941,64,61,112,1966.0,16072953.0,605425.0,1.5702200000000002,2.8322279999999997,DNK,DEU,21
21310942,64,61,112,1967.0,11922364.0,1382325.0,1.606079,2.800056,DNK,DEU,21
21310943,64,61,112,1968.0,23493039.0,999508.0,1.5995489999999999,2.6483209999999997,DNK,DEU,21
21310944,64,61,112,1969.0,26068325.0,1867768.0,1.620284,2.448705,DNK,DEU,21
21310945,64,61,112,1970.0,26138536.0,1685063.0,1.546352,2.518089,DNK,DEU,21
21310946,64,61,112,1971.0,28317041.0,2277937.0,1.5224870000000001,2.45498,DNK,DEU,21
21310947,64,61,112,1972.0,34159012.0,2165162.0,1.494816,2.368819,DNK,DEU,21
21310948,64,61,112,1973.0,43316620.0,2452504.0,1.452366,2.3274529999999998,DNK,DEU,21
21310949,64,61,112,1974.0,39972288.0,2377315.0,1.250675,2.121944,DNK,DEU,21
21310950,64,61,112,1976.0,56775792.0,2886631.0,1.333302,1.8720869999999998,DNK,DEU,21
21310951,64,61,112,1977.0,73567753.0,2656451.0,1.265108,1.649388,DNK,DEU,21
21310952,64,61,112,1978.0,81458752.0,3025728.0,1.47145,1.8771740000000001,DNK,DEU,21
21310953,64,61,112,1979.0,114846812.0,4309882.0,1.495303,1.7304950000000001,DNK,DEU,21
21310954,64,61,112,1983.0,88851818.0,2540361.0,1.40949,1.7753860000000001,DNK,DEU,21
21310955,64,61,112,1984.0,60252148.0,2275732.0,1.472334,1.685285,DNK,DEU,21
21310956,64,61,112,1985.0,79432073.0,2375167.0,1.4614340000000001,1.7990279999999998,DNK,DEU,21
21310957,64,61,112,1986.0,93860104.0,6289710.0,1.5491219999999999,1.788502,DNK,DEU,21
21310958,64,61,112,1987.0,111982162.0,4123528.0,1.566468,1.7916279999999998,DNK,DEU,21
21310959,64,61,112,1963.0,6121236.0,760911.0,1.625534,2.9884470000000003,DNK,DEU,21
21310960,64,61,112,1975.0,51300570.0,2218828.0,1.3746610000000001,1.9036560000000002,DNK,DEU,21
21310961,64,61,112,1980.0,142639866.0,4167902.0,1.355841,1.64885,DNK,DEU,21
21310962,64,61,112,1981.0,93728670.0,2422136.0,1.37955,1.55782,DNK,DEU,21
21310963,64,61,112,1982.0,102351704.0,1930634.0,1.357892,1.7284099999999998,DNK,DEU,21
21310964,64,61,112,1988.0,119904528.0,4125880.0,1.57124,1.636976,DNK,DEU,21
21310965,65,61,112,2006.0,0.0,473557.0,0.044542,0.178998,DOM,DEU,21
21310966,65,61,112,2010.0,13151.0,0.0,-0.19651300000000002,0.473103,DOM,DEU,21
21310967,65,61,112,2011.0,120029.0,0.0,-0.233523,0.43093100000000006,DOM,DEU,21
21310968,65,61,112,2012.0,200082.0,0.0,-0.08708300000000001,0.389521,DOM,DEU,21
21310969,65,61,112,2003.0,1486.0,0.0,-0.36733299999999997,-0.244125,DOM,DEU,21
21310970,65,61,112,1995.0,16148.0,0.0,-0.483878,-0.591176,DOM,DEU,21
21310971,65,61,112,1966.0,9247.0,0.0,-0.857246,-0.7229,DOM,DEU,21
21310972,65,61,112,1968.0,36097.0,0.0,-0.739667,-0.834332,DOM,DEU,21
21310973,65,61,112,1974.0,17153.0,0.0,0.07951,-0.499971,DOM,DEU,21
21310974,65,61,112,1969.0,2695.0,0.0,-0.476207,-0.674134,DOM,DEU,21
21310975,65,61,112,1962.0,2730.0,0.0,-0.473575,-0.492609,DOM,DEU,21
21310976,65,61,112,1989.0,0.0,6010.0,-0.26882,-0.450275,DOM,DEU,21
21310977,65,61,112,1991.0,3414.0,0.0,-0.5167229999999999,-0.7057770000000001,DOM,DEU,21
21310978,66,61,112,1977.0,1883.0,0.0,-0.743983,-0.627785,DZA,DEU,21
21310979,66,61,112,1975.0,0.0,59465.0,-0.970608,-0.580153,DZA,DEU,21
21310980,66,61,112,1973.0,92165.0,141510.0,-0.589377,-0.648706,DZA,DEU,21
21310981,66,61,112,1988.0,0.0,809596.0,0.307265,-0.662114,DZA,DEU,21
21310982,66,61,112,1987.0,0.0,980.0,-0.587799,-0.875919,DZA,DEU,21
21310983,66,61,112,1989.0,0.0,772673.0,0.085234,-0.790333,DZA,DEU,21
21310984,66,61,112,1963.0,176870.0,0.0,-0.36932600000000004,-0.654191,DZA,DEU,21
21310985,66,61,112,1964.0,15741.0,0.0,-0.19547,-0.533465,DZA,DEU,21
21310986,66,61,112,1965.0,77999.0,0.0,-0.45153999999999994,-0.61964,DZA,DEU,21
21310987,66,61,112,1966.0,92069.0,0.0,-0.191421,-0.48338000000000003,DZA,DEU,21
21310988,66,61,112,1967.0,175567.0,0.0,-0.6596420000000001,-0.664138,DZA,DEU,21
21310989,66,61,112,1968.0,83321.0,1037.0,-0.6151939999999999,-0.68092,DZA,DEU,21
21310990,66,61,112,1971.0,64094.0,0.0,-0.42629399999999995,-0.612192,DZA,DEU,21
21310991,66,61,112,1972.0,87490.0,0.0,-0.619567,-0.716837,DZA,DEU,21
21310992,66,61,112,1962.0,295662.0,0.0,-0.047583,-0.42472200000000004,DZA,DEU,21
21310993,66,61,112,1969.0,137615.0,57202.0,-0.23156300000000002,-0.523313,DZA,DEU,21
21310994,66,61,112,1970.0,2827.0,0.0,-0.38,-0.636467,DZA,DEU,21
21310995,67,61,112,2009.0,36480.0,0.0,-0.8419409999999999,-0.934737,ECU,DEU,21
21310996,67,61,112,2010.0,111001.0,0.0,-0.725422,-0.843463,ECU,DEU,21
21310997,67,61,112,2011.0,51364.0,0.0,-0.694541,-0.838952,ECU,DEU,21
21310998,67,61,112,2019.0,45455.0,2690.0,-1.093713,-1.116608,ECU,DEU,21
21310999,67,61,112,2020.0,103820.0,0.0,-1.0971229999999998,-1.105097,ECU,DEU,21
21311000,67,61,112,2006.0,101307.0,0.0,-0.9617209999999999,-0.936366,ECU,DEU,21
21311001,67,61,112,2007.0,195829.0,0.0,-0.7544649999999999,-0.843109,ECU,DEU,21
21311002,67,61,112,2003.0,11816.0,0.0,-0.8590209999999999,-0.765091,ECU,DEU,21
21311003,67,61,112,2008.0,141807.0,0.0,-0.742568,-0.923999,ECU,DEU,21
21311004,67,61,112,2004.0,44661.0,0.0,-0.990727,-0.9383090000000001,ECU,DEU,21
21311005,67,61,112,1980.0,41267.0,0.0,-0.714294,-0.765019,ECU,DEU,21
21311006,67,61,112,1984.0,8254.0,0.0,-0.941384,-0.8261620000000001,ECU,DEU,21
21311007,67,61,112,1983.0,4971.0,0.0,-1.1486,-0.932969,ECU,DEU,21
21311008,67,61,112,1975.0,231312.0,0.0,-0.765107,-0.7730779999999999,ECU,DEU,21
21311009,67,61,112,1962.0,171974.0,0.0,-0.089153,-0.401989,ECU,DEU,21
21311010,67,61,112,1963.0,226993.0,0.0,-0.28139000000000003,-0.431454,ECU,DEU,21
21311011,67,61,112,1964.0,185709.0,0.0,-0.597614,-0.681481,ECU,DEU,21
21311012,67,61,112,1965.0,178347.0,0.0,-0.46595699999999995,-0.689918,ECU,DEU,21
21311013,67,61,112,1967.0,292144.0,0.0,-0.598433,-0.735725,ECU,DEU,21
21311014,67,61,112,1968.0,201759.0,0.0,-0.5838800000000001,-0.767904,ECU,DEU,21
21311015,67,61,112,1969.0,168002.0,0.0,-0.567194,-0.795647,ECU,DEU,21
21311016,67,61,112,1971.0,258555.0,0.0,-0.8731540000000001,-0.931018,ECU,DEU,21
21311017,67,61,112,1966.0,235072.0,0.0,-0.43308800000000003,-0.646209,ECU,DEU,21
21311018,67,61,112,1970.0,227878.0,0.0,-0.809763,-0.900709,ECU,DEU,21
21311019,67,61,112,1972.0,249286.0,0.0,-0.833576,-0.867317,ECU,DEU,21
21311020,67,61,112,1973.0,258501.0,0.0,-0.875635,-0.845831,ECU,DEU,21
21311021,67,61,112,1974.0,237856.0,4407.0,-0.7345149999999999,-0.770166,ECU,DEU,21
21311022,67,61,112,1978.0,87969.0,0.0,-1.081951,-0.806211,ECU,DEU,21
21311023,67,61,112,1979.0,11142.0,0.0,-0.683078,-0.734974,ECU,DEU,21
21311024,67,61,112,1981.0,11638.0,0.0,-0.8977719999999999,-0.8244020000000001,ECU,DEU,21
21311025,67,61,112,1982.0,7392.0,0.0,-0.547312,-0.752739,ECU,DEU,21
21311026,68,61,112,2007.0,0.0,61057.0,-0.235285,0.627879,EGY,DEU,21
21311027,68,61,112,1990.0,26790.0,1046.0,-0.052487,-0.44934700000000005,EGY,DEU,21
21311028,68,61,112,2008.0,0.0,205024.0,-0.137844,0.9603309999999999,EGY,DEU,21
21311029,68,61,112,2009.0,1603.0,795755.0,-0.218081,1.504799,EGY,DEU,21
21311030,68,61,112,2010.0,0.0,1960717.0,-0.209963,1.194495,EGY,DEU,21
21311031,68,61,112,2011.0,0.0,239103.0,-0.192719,1.27566,EGY,DEU,21
21311032,68,61,112,2012.0,6954.0,524938.0,-0.145791,1.470876,EGY,DEU,21
21311033,68,61,112,2013.0,11263.0,0.0,-0.12015799999999999,1.793363,EGY,DEU,21
21311034,68,61,112,2019.0,0.0,97545.0,-0.146901,1.585033,EGY,DEU,21
21311035,68,61,112,1966.0,245798.0,0.0,0.085038,-0.450143,EGY,DEU,21
21311036,68,61,112,1985.0,1905.0,0.0,-0.5659489999999999,-0.8516,EGY,DEU,21
21311037,68,61,112,2003.0,15568.0,0.0,-0.315301,0.657809,EGY,DEU,21
21311038,68,61,112,1993.0,45066.0,0.0,-0.270739,-0.16044,EGY,DEU,21
21311039,68,61,112,1992.0,13272.0,38051.0,-0.102143,-0.17513499999999999,EGY,DEU,21
21311040,68,61,112,1986.0,62767.0,0.0,-0.32102600000000003,-0.723159,EGY,DEU,21
21311041,68,61,112,1971.0,42780.0,9367.0,0.192492,-0.374212,EGY,DEU,21
21311042,68,61,112,1972.0,12231.0,0.0,0.346578,-0.20881599999999997,EGY,DEU,21
21311043,68,61,112,1991.0,82285.0,0.0,-0.094932,-0.052403,EGY,DEU,21
21311044,68,61,112,1967.0,255294.0,0.0,-0.001443,-0.525115,EGY,DEU,21
21311045,68,61,112,1969.0,565216.0,0.0,0.20710599999999998,-0.281391,EGY,DEU,21
21311046,68,61,112,1970.0,344965.0,2275.0,0.16130999999999998,-0.303247,EGY,DEU,21
21311047,68,61,112,1973.0,20772.0,290935.0,0.29302399999999995,-0.327746,EGY,DEU,21
21311048,68,61,112,1974.0,96571.0,0.0,0.340277,-0.400991,EGY,DEU,21
21311049,68,61,112,1975.0,25079.0,0.0,0.233621,-0.245876,EGY,DEU,21
21311050,68,61,112,1981.0,0.0,38759.0,-0.449949,-0.862067,EGY,DEU,21
21311051,68,61,112,1989.0,26565.0,0.0,-0.16543,-0.5759029999999999,EGY,DEU,21
21311052,68,61,112,1962.0,37079.0,0.0,-0.181506,-0.54751,EGY,DEU,21
21311053,68,61,112,1978.0,5102.0,0.0,-0.309667,-0.7234109999999999,EGY,DEU,21
21311054,68,61,112,1979.0,2956.0,0.0,-0.19528800000000002,-0.6945680000000001,EGY,DEU,21
21311055,70,61,112,1970.0,15541.0,4119.0,-0.122026,-0.583248,ESH,DEU,21
21311056,71,61,112,1991.0,960846.0,8567444.0,1.240047,1.8942240000000001,ESP,DEU,21
21311057,71,61,112,1997.0,820303.0,9134857.0,1.068989,1.9429439999999998,ESP,DEU,21
21311058,71,61,112,2004.0,6371683.0,9370391.0,1.04057,1.789023,ESP,DEU,21
21311059,71,61,112,2010.0,8239395.0,3153659.0,0.992818,1.6100700000000001,ESP,DEU,21
21311060,71,61,112,2012.0,6711674.0,4999885.0,0.925701,1.8700189999999999,ESP,DEU,21
21311061,71,61,112,2013.0,5332841.0,5623218.0,0.955472,1.80005,ESP,DEU,21
21311062,71,61,112,2014.0,4812418.0,3569329.0,0.9574159999999999,1.787233,ESP,DEU,21
21311063,71,61,112,2015.0,3381196.0,2575067.0,0.893726,1.9827139999999999,ESP,DEU,21
21311064,71,61,112,1999.0,2610680.0,9708206.0,1.081651,1.834609,ESP,DEU,21
21311065,71,61,112,2000.0,3543091.0,11514745.0,1.158711,1.7613189999999999,ESP,DEU,21
21311066,71,61,112,2009.0,3586654.0,2777873.0,1.0229780000000002,1.347901,ESP,DEU,21
21311067,71,61,112,2011.0,3904185.0,4265707.0,0.9554520000000001,1.846371,ESP,DEU,21
21311068,71,61,112,2016.0,1288356.0,4117081.0,0.795006,2.203292,ESP,DEU,21
21311069,71,61,112,2017.0,583123.0,2080993.0,0.7720279999999999,2.434042,ESP,DEU,21
21311070,71,61,112,2018.0,2002265.0,1108430.0,0.851197,2.261012,ESP,DEU,21
21311071,71,61,112,2019.0,1186992.0,949934.0,0.799822,2.383539,ESP,DEU,21
21311072,71,61,112,2020.0,1436458.0,1109131.0,0.766163,2.268333,ESP,DEU,21
21311073,71,61,112,2001.0,3539468.0,14964225.0,1.1380350000000001,1.7870139999999999,ESP,DEU,21
21311074,71,61,112,2002.0,4678761.0,14591175.0,1.054108,1.9357349999999998,ESP,DEU,21
21311075,71,61,112,1989.0,596703.0,15489177.0,1.173997,1.9542689999999998,ESP,DEU,21
21311076,71,61,112,1990.0,1359956.0,10402212.0,1.214777,1.957139,ESP,DEU,21
21311077,71,61,112,1992.0,556548.0,9588123.0,1.301511,1.730441,ESP,DEU,21
21311078,71,61,112,2008.0,5846427.0,4022897.0,0.96614,1.618105,ESP,DEU,21
21311079,71,61,112,2005.0,8808276.0,7270080.0,1.053859,1.626516,ESP,DEU,21
21311080,71,61,112,2006.0,6967083.0,7463581.0,0.9909459999999999,1.785809,ESP,DEU,21
21311081,71,61,112,2007.0,6110857.0,3723995.0,1.0031809999999999,1.5022469999999999,ESP,DEU,21
21311082,71,61,112,1994.0,795909.0,12653324.0,1.254037,1.8126259999999998,ESP,DEU,21
21311083,71,61,112,1995.0,514095.0,8836714.0,1.2111370000000001,1.789998,ESP,DEU,21
21311084,71,61,112,1996.0,1078192.0,8065254.0,1.157591,1.795643,ESP,DEU,21
21311085,71,61,112,1998.0,1208215.0,9781148.0,1.049748,1.842801,ESP,DEU,21
21311086,71,61,112,2003.0,5206960.0,12496504.0,1.046206,1.869592,ESP,DEU,21
21311087,71,61,112,1993.0,556472.0,7218385.0,1.290443,1.7061099999999998,ESP,DEU,21
21311088,71,61,112,1985.0,205586.0,10111179.0,1.242168,1.9889720000000002,ESP,DEU,21
21311089,71,61,112,1973.0,508392.0,3291261.0,0.8936069999999999,1.755696,ESP,DEU,21
21311090,71,61,112,1978.0,461815.0,9073702.0,1.118999,2.2511189999999996,ESP,DEU,21
21311091,71,61,112,1979.0,707694.0,10839153.0,1.1771989999999999,2.1863189999999997,ESP,DEU,21
21311092,71,61,112,1981.0,576643.0,6918883.0,1.162348,1.961497,ESP,DEU,21
21311093,71,61,112,1982.0,552348.0,6376173.0,1.205171,1.9682669999999998,ESP,DEU,21
21311094,71,61,112,1983.0,487274.0,7652471.0,1.084614,2.08549,ESP,DEU,21
21311095,71,61,112,1984.0,367543.0,10302640.0,1.143494,2.017171,ESP,DEU,21
21311096,71,61,112,1980.0,961275.0,8965874.0,1.13714,2.045642,ESP,DEU,21
21311097,71,61,112,1986.0,370719.0,13007627.0,1.208836,2.051042,ESP,DEU,21
21311098,71,61,112,1987.0,891527.0,11778400.0,1.1571069999999999,2.103481,ESP,DEU,21
21311099,71,61,112,1988.0,1692587.0,10311220.0,1.11896,2.047666,ESP,DEU,21
21311100,71,61,112,1972.0,297922.0,2060597.0,0.9582149999999999,1.7064110000000001,ESP,DEU,21
21311101,71,61,112,1967.0,820516.0,93378.0,0.7215229999999999,1.200404,ESP,DEU,21
21311102,71,61,112,1969.0,726278.0,784876.0,1.081226,1.700386,ESP,DEU,21
21311103,71,61,112,1970.0,547103.0,775180.0,0.9979129999999999,1.7401209999999998,ESP,DEU,21
21311104,71,61,112,1971.0,262536.0,1633876.0,0.9618040000000001,1.789808,ESP,DEU,21
21311105,71,61,112,1975.0,452998.0,4915531.0,0.887158,2.1441830000000004,ESP,DEU,21
21311106,71,61,112,1962.0,1706891.0,50334.0,0.532313,0.44270299999999996,ESP,DEU,21
21311107,71,61,112,1966.0,1332676.0,171822.0,0.696233,1.012546,ESP,DEU,21
21311108,71,61,112,1968.0,506612.0,283704.0,0.781529,1.259275,ESP,DEU,21
21311109,71,61,112,1974.0,750954.0,3267437.0,0.888235,2.233851,ESP,DEU,21
21311110,71,61,112,1963.0,1661715.0,30386.0,0.44889799999999996,0.624797,ESP,DEU,21
21311111,71,61,112,1964.0,1752887.0,38012.0,0.604835,0.909892,ESP,DEU,21
21311112,71,61,112,1965.0,1362844.0,81132.0,0.710541,1.062915,ESP,DEU,21
21311113,71,61,112,1976.0,713053.0,4778945.0,0.903385,2.223263,ESP,DEU,21
21311114,71,61,112,1977.0,632926.0,8697017.0,0.8700459999999999,2.3332919999999997,ESP,DEU,21
21311115,72,61,112,2013.0,0.0,155936.0,0.923321,1.290016,EST,DEU,21
21311116,72,61,112,2014.0,51235.0,527298.0,1.022704,1.175645,EST,DEU,21
21311117,72,61,112,2015.0,89496.0,19939.0,0.973858,1.131766,EST,DEU,21
21311118,72,61,112,2016.0,47434.0,52958.0,0.958292,1.190173,EST,DEU,21
21311119,72,61,112,2004.0,0.0,435128.0,0.645741,1.035117,EST,DEU,21
21311120,72,61,112,1999.0,116857.0,0.0,0.524043,1.195208,EST,DEU,21
21311121,72,61,112,1997.0,69352.0,80400.0,0.45792,1.148099,EST,DEU,21
21311122,72,61,112,1996.0,98265.0,2493.0,0.445854,1.115429,EST,DEU,21
21311123,72,61,112,2011.0,569455.0,81708.0,1.011931,1.182236,EST,DEU,21
21311124,72,61,112,2012.0,42562.0,61660.0,0.8603,1.3146870000000002,EST,DEU,21
21311125,72,61,112,1998.0,188973.0,1922.0,0.520386,1.475875,EST,DEU,21
21311126,72,61,112,1995.0,112945.0,76610.0,0.52676,1.4011959999999999,EST,DEU,21
21311127,72,61,112,2007.0,122890.0,0.0,0.804185,1.324716,EST,DEU,21
21311128,72,61,112,2018.0,8386.0,0.0,0.957627,1.294173,EST,DEU,21
21311129,72,61,112,2008.0,130926.0,0.0,0.762949,1.6701869999999999,EST,DEU,21
21311130,72,61,112,2009.0,43914.0,1394.0,0.8222790000000001,1.347004,EST,DEU,21
21311131,72,61,112,2006.0,45042.0,15136.0,0.737979,1.1881950000000001,EST,DEU,21
21311132,72,61,112,2010.0,140011.0,15648.0,0.803516,1.352642,EST,DEU,21
21311133,72,61,112,2001.0,0.0,697423.0,0.53422,0.9372790000000001,EST,DEU,21
21311134,72,61,112,2002.0,217821.0,286846.0,0.576142,1.168563,EST,DEU,21
21311135,72,61,112,2003.0,3965.0,610340.0,0.6431939999999999,1.116969,EST,DEU,21
21311136,72,61,112,2005.0,105052.0,124563.0,0.744712,1.202391,EST,DEU,21
21311137,72,61,112,1992.0,45099.0,0.0,0.22019699999999998,0.0198,EST,DEU,21
21311138,72,61,112,1993.0,179640.0,0.0,0.19197999999999998,0.33518400000000004,EST,DEU,21
21311139,72,61,112,2000.0,33149.0,381358.0,0.353545,0.665942,EST,DEU,21
21311140,72,61,112,1994.0,427832.0,107003.0,0.27031900000000003,1.033541,EST,DEU,21
21311141,73,61,112,1999.0,16018.0,0.0,-1.131391,-1.121792,ETH,DEU,21
21311142,73,61,112,2005.0,94438.0,0.0,-1.141644,-0.917948,ETH,DEU,21
21311143,73,61,112,1982.0,4088022.0,0.0,-0.82811,-0.8644809999999999,ETH,DEU,21
21311144,73,61,112,2018.0,0.0,1294507.0,-0.663343,-0.384372,ETH,DEU,21
21311145,73,61,112,1997.0,19489.0,0.0,-1.141928,-1.187119,ETH,DEU,21
21311146,73,61,112,2017.0,0.0,173457.0,-0.874714,-0.58418,ETH,DEU,21
21311147,73,61,112,2007.0,17362.0,0.0,-1.011659,-0.811503,ETH,DEU,21
21311148,73,61,112,2004.0,78193.0,0.0,-1.202444,-0.8973120000000001,ETH,DEU,21
21311149,73,61,112,1989.0,601906.0,0.0,-0.9259299999999999,-0.9666,ETH,DEU,21
21311150,73,61,112,1990.0,5994629.0,0.0,-0.831623,-0.866266,ETH,DEU,21
21311151,73,61,112,1993.0,1753648.0,0.0,-0.828259,-1.04875,ETH,DEU,21
21311152,73,61,112,2006.0,102498.0,0.0,-1.129189,-0.953627,ETH,DEU,21
21311153,73,61,112,2001.0,34319.0,0.0,-1.010637,-0.8893280000000001,ETH,DEU,21
21311154,73,61,112,2002.0,87208.0,0.0,-1.289118,-1.0291540000000001,ETH,DEU,21
21311155,73,61,112,1975.0,1026949.0,0.0,-0.48789499999999997,-0.635949,ETH,DEU,21
21311156,73,61,112,1976.0,978980.0,0.0,-0.658507,-0.700235,ETH,DEU,21
21311157,73,61,112,1998.0,18518.0,0.0,-1.217424,-1.236122,ETH,DEU,21
21311158,73,61,112,1995.0,113247.0,0.0,-0.9904379999999999,-1.147924,ETH,DEU,21
21311159,73,61,112,2003.0,13371.0,0.0,-1.303143,-1.0157209999999999,ETH,DEU,21
21311160,73,61,112,1992.0,228137.0,0.0,-1.036482,-1.078446,ETH,DEU,21
21311161,73,61,112,1991.0,844294.0,0.0,-1.014659,-1.0170489999999999,ETH,DEU,21
21311162,73,61,112,1987.0,7195120.0,0.0,-0.8965069999999999,-0.856384,ETH,DEU,21
21311163,73,61,112,1983.0,3577619.0,0.0,-0.7503380000000001,-0.820846,ETH,DEU,21
21311164,73,61,112,1984.0,480545.0,0.0,-0.65484,-0.677473,ETH,DEU,21
21311165,73,61,112,1985.0,1745685.0,0.0,-0.6931510000000001,-0.739876,ETH,DEU,21
21311166,73,61,112,1988.0,617667.0,0.0,-0.856081,-0.896033,ETH,DEU,21
21311167,73,61,112,1986.0,7118628.0,0.0,-0.9103120000000001,-0.90074,ETH,DEU,21
21311168,73,61,112,1974.0,742822.0,0.0,-0.621166,-0.766253,ETH,DEU,21
21311169,73,61,112,1978.0,582908.0,0.0,-1.329817,-0.9309290000000001,ETH,DEU,21
21311170,73,61,112,1965.0,803607.0,0.0,-0.9608979999999999,-0.863766,ETH,DEU,21
21311171,73,61,112,1968.0,1457986.0,0.0,-0.8907879999999999,-0.983032,ETH,DEU,21
21311172,73,61,112,1971.0,1309413.0,0.0,-0.9625530000000001,-0.946401,ETH,DEU,21
21311173,73,61,112,1973.0,1673045.0,0.0,-0.878434,-0.916032,ETH,DEU,21
21311174,73,61,112,1966.0,1390530.0,0.0,-0.8217709999999999,-0.877967,ETH,DEU,21
21311175,73,61,112,1967.0,941064.0,0.0,-0.8681459999999999,-0.894583,ETH,DEU,21
21311176,73,61,112,1969.0,1877576.0,0.0,-0.818077,-0.8913129999999999,ETH,DEU,21
21311177,73,61,112,1970.0,1657042.0,0.0,-0.9101629999999999,-0.9685790000000001,ETH,DEU,21
21311178,73,61,112,1972.0,1322388.0,0.0,-0.914517,-0.8951129999999999,ETH,DEU,21
21311179,73,61,112,1977.0,411941.0,0.0,-0.773099,-0.813012,ETH,DEU,21
21311180,73,61,112,1979.0,1109216.0,0.0,-1.087081,-0.9283530000000001,ETH,DEU,21
21311181,73,61,112,1980.0,812746.0,0.0,-0.94619,-0.9208770000000001,ETH,DEU,21
21311182,73,61,112,1981.0,1016282.0,0.0,-0.769345,-0.837823,ETH,DEU,21
21311183,73,61,112,1996.0,18548.0,0.0,-1.072519,-1.169486,ETH,DEU,21
21311184,73,61,112,1994.0,80338.0,0.0,-0.919898,-1.111944,ETH,DEU,21
21311185,73,61,112,1963.0,798330.0,0.0,-0.648587,-0.7316520000000001,ETH,DEU,21
21311186,73,61,112,1964.0,869858.0,0.0,-0.9506100000000001,-0.910874,ETH,DEU,21
21311187,73,61,112,1962.0,1185594.0,0.0,-0.8421780000000001,-0.8226100000000001,ETH,DEU,21
21311188,74,61,112,1994.0,29469529.0,1304373.0,1.8981270000000001,1.24787,FIN,DEU,21
21311189,74,61,112,2005.0,13641813.0,5546870.0,1.961555,0.858849,FIN,DEU,21
21311190,74,61,112,2011.0,12131264.0,5155855.0,1.7162240000000002,0.903516,FIN,DEU,21
21311191,74,61,112,2012.0,9302100.0,5004893.0,1.5813700000000002,0.872251,FIN,DEU,21
21311192,74,61,112,1992.0,14616014.0,2366996.0,1.929661,1.3477,FIN,DEU,21
21311193,74,61,112,1993.0,14343847.0,1913410.0,1.842473,1.3741379999999999,FIN,DEU,21
21311194,74,61,112,1995.0,30791616.0,5049404.0,2.108075,1.099059,FIN,DEU,21
21311195,74,61,112,1996.0,39416650.0,984051.0,2.007619,1.016303,FIN,DEU,21
21311196,74,61,112,1997.0,28854368.0,1473121.0,1.991377,1.047477,FIN,DEU,21
21311197,74,61,112,1998.0,28003766.0,1175266.0,1.955559,0.9756879999999999,FIN,DEU,21
21311198,74,61,112,1999.0,12656955.0,2119670.0,1.9599389999999999,0.962261,FIN,DEU,21
21311199,74,61,112,2000.0,14291537.0,2283425.0,1.9705560000000002,0.874341,FIN,DEU,21
21311200,74,61,112,2001.0,10219115.0,742293.0,1.9661669999999998,1.000436,FIN,DEU,21
21311201,74,61,112,2006.0,17433838.0,6570271.0,1.8630220000000002,0.87172,FIN,DEU,21
21311202,74,61,112,2010.0,9369710.0,5126196.0,1.6940389999999999,0.946305,FIN,DEU,21
21311203,74,61,112,2014.0,9714699.0,1481862.0,1.591758,0.9737819999999999,FIN,DEU,21
21311204,74,61,112,2009.0,7913079.0,1456956.0,1.817984,0.808595,FIN,DEU,21
21311205,74,61,112,2007.0,18168902.0,3205537.0,1.845464,0.736017,FIN,DEU,21
21311206,74,61,112,2008.0,16491944.0,3867514.0,1.72795,0.837151,FIN,DEU,21
21311207,74,61,112,2017.0,6232745.0,157359.0,1.6562990000000002,0.94619,FIN,DEU,21
21311208,74,61,112,2019.0,1617692.0,82173.0,1.453063,1.008861,FIN,DEU,21
21311209,74,61,112,2020.0,737143.0,24442.0,1.4016469999999999,1.07154,FIN,DEU,21
21311210,74,61,112,2004.0,16505507.0,2304026.0,1.9662810000000002,1.018108,FIN,DEU,21
21311211,74,61,112,2013.0,16420198.0,3471459.0,1.700282,0.867677,FIN,DEU,21
21311212,74,61,112,2018.0,4556225.0,334120.0,1.561518,1.0198450000000001,FIN,DEU,21
21311213,74,61,112,2002.0,12328231.0,2455861.0,1.9545119999999998,1.047515,FIN,DEU,21
21311214,74,61,112,1989.0,17635465.0,2367228.0,1.82413,1.400048,FIN,DEU,21
21311215,74,61,112,1990.0,13242782.0,4825493.0,1.8661130000000001,1.410782,FIN,DEU,21
21311216,74,61,112,1991.0,14699749.0,2716213.0,1.94885,1.430433,FIN,DEU,21
21311217,74,61,112,1973.0,16930024.0,252973.0,1.286851,1.312499,FIN,DEU,21
21311218,74,61,112,1974.0,20638909.0,28757.0,1.2140520000000001,1.441429,FIN,DEU,21
21311219,74,61,112,1975.0,25487873.0,100020.0,1.346743,1.638866,FIN,DEU,21
21311220,74,61,112,1976.0,29822474.0,263949.0,1.414654,1.332183,FIN,DEU,21
21311221,74,61,112,1977.0,36234328.0,269481.0,1.2614370000000001,1.231442,FIN,DEU,21
21311222,74,61,112,1978.0,33120405.0,196675.0,1.429258,1.295421,FIN,DEU,21
21311223,74,61,112,1979.0,51826509.0,271565.0,1.401422,1.438568,FIN,DEU,21
21311224,74,61,112,1980.0,66135122.0,380009.0,1.3408579999999999,1.4248610000000002,FIN,DEU,21
21311225,74,61,112,1981.0,53669172.0,133578.0,1.26512,1.37789,FIN,DEU,21
21311226,74,61,112,1982.0,38833181.0,5000.0,1.494892,1.540117,FIN,DEU,21
21311227,74,61,112,1983.0,34653564.0,1315281.0,1.547773,1.662132,FIN,DEU,21
21311228,74,61,112,1984.0,36727734.0,1107933.0,1.490313,1.587169,FIN,DEU,21
21311229,74,61,112,1985.0,34844683.0,432588.0,1.7100950000000001,1.586964,FIN,DEU,21
21311230,74,61,112,1986.0,41044541.0,1233533.0,1.810314,1.5777370000000002,FIN,DEU,21
21311231,74,61,112,1987.0,52898584.0,4752297.0,1.804301,1.488441,FIN,DEU,21
21311232,74,61,112,1988.0,31378380.0,1013088.0,1.7362240000000002,1.461849,FIN,DEU,21
21311233,74,61,112,2015.0,5087794.0,801736.0,1.58637,1.0265389999999999,FIN,DEU,21
21311234,74,61,112,2016.0,4699341.0,1182066.0,1.621764,1.026393,FIN,DEU,21
21311235,74,61,112,1967.0,5290817.0,152373.0,1.455478,1.147373,FIN,DEU,21
21311236,74,61,112,2003.0,14209228.0,2779709.0,2.036308,0.9777889999999999,FIN,DEU,21
21311237,74,61,112,1964.0,3021255.0,142200.0,1.293779,0.751368,FIN,DEU,21
21311238,74,61,112,1963.0,2364065.0,90532.0,1.375939,0.807489,FIN,DEU,21
21311239,74,61,112,1965.0,5806524.0,101768.0,1.331217,0.73373,FIN,DEU,21
21311240,74,61,112,1966.0,5399084.0,159568.0,1.46879,1.201158,FIN,DEU,21
21311241,74,61,112,1972.0,18152911.0,103068.0,1.3664379999999998,1.336475,FIN,DEU,21
21311242,74,61,112,1962.0,2018065.0,52350.0,1.1255389999999998,0.31098000000000003,FIN,DEU,21
21311243,74,61,112,1968.0,8778222.0,43542.0,1.401928,1.205835,FIN,DEU,21
21311244,74,61,112,1969.0,9839207.0,78900.0,1.489982,1.369816,FIN,DEU,21
21311245,74,61,112,1970.0,10337120.0,31117.0,1.458573,1.416044,FIN,DEU,21
21311246,74,61,112,1971.0,13281110.0,25564.0,1.382261,1.410232,FIN,DEU,21
21311247,75,61,112,2008.0,42162.0,0.0,-0.585093,-0.162632,FJI,DEU,21
21311248,75,61,112,1988.0,0.0,691.0,-0.429071,-0.519613,FJI,DEU,21
21311249,75,61,112,1989.0,0.0,884.0,-0.31709699999999996,-0.496172,FJI,DEU,21
21311250,75,61,112,1990.0,0.0,1601.0,-0.31557399999999997,-0.378104,FJI,DEU,21
21311251,77,61,112,1991.0,7686325.0,9629895.0,1.7085,1.57273,FRA,DEU,21
21311252,77,61,112,1992.0,11010008.0,10599003.0,1.682766,1.2713430000000001,FRA,DEU,21
21311253,77,61,112,1994.0,9738808.0,8433616.0,1.695588,1.057641,FRA,DEU,21
21311254,77,61,112,1995.0,7298162.0,12502455.0,1.852554,0.414677,FRA,DEU,21
21311255,77,61,112,1997.0,11514324.0,7870815.0,1.6737630000000001,0.7499439999999999,FRA,DEU,21
21311256,77,61,112,2002.0,6062396.0,5995015.0,1.648526,0.6870430000000001,FRA,DEU,21
21311257,77,61,112,2003.0,7153439.0,6876255.0,1.634758,0.66581,FRA,DEU,21
21311258,77,61,112,2005.0,9150691.0,5124876.0,1.525785,0.543208,FRA,DEU,21
21311259,77,61,112,2011.0,24859947.0,8432922.0,1.464241,0.097453,FRA,DEU,21
21311260,77,61,112,2012.0,17824652.0,11364700.0,1.414721,0.07219600000000001,FRA,DEU,21
21311261,77,61,112,2013.0,20737963.0,12010310.0,1.5253299999999999,0.026146,FRA,DEU,21
21311262,77,61,112,2014.0,16184774.0,11708179.0,1.432323,0.43023,FRA,DEU,21
21311263,77,61,112,2017.0,413635.0,1097801.0,1.3874030000000002,0.8887719999999999,FRA,DEU,21
21311264,77,61,112,1993.0,7497415.0,5766411.0,1.7458349999999998,0.79503,FRA,DEU,21
21311265,77,61,112,1996.0,8939588.0,12931829.0,1.571365,1.187529,FRA,DEU,21
21311266,77,61,112,1998.0,10902531.0,6435753.0,1.653518,0.7599899999999999,FRA,DEU,21
21311267,77,61,112,1999.0,7719470.0,6504847.0,1.636221,0.682519,FRA,DEU,21
21311268,77,61,112,2000.0,10159209.0,6306598.0,1.644969,0.56481,FRA,DEU,21
21311269,77,61,112,2001.0,10493914.0,4986878.0,1.6143809999999998,0.626221,FRA,DEU,21
21311270,77,61,112,2004.0,10914349.0,5325605.0,1.57079,0.6776760000000001,FRA,DEU,21
21311271,77,61,112,2006.0,11454829.0,4515013.0,1.499686,0.16705699999999998,FRA,DEU,21
21311272,77,61,112,2007.0,14242313.0,4385696.0,1.413086,-0.07526000000000001,FRA,DEU,21
21311273,77,61,112,2008.0,14831868.0,4623189.0,1.488816,-0.452563,FRA,DEU,21
21311274,77,61,112,2009.0,8082085.0,4170009.0,1.527516,-0.306229,FRA,DEU,21
21311275,77,61,112,2010.0,20973599.0,7384340.0,1.5047760000000001,0.001199,FRA,DEU,21
21311276,77,61,112,2015.0,11043487.0,5950397.0,1.439999,0.764368,FRA,DEU,21
21311277,77,61,112,2016.0,15740711.0,4623622.0,1.490723,0.8471559999999999,FRA,DEU,21
21311278,77,61,112,1990.0,10714256.0,14931963.0,1.669715,1.508365,FRA,DEU,21
21311279,77,61,112,2019.0,651131.0,950250.0,1.293666,1.116506,FRA,DEU,21
21311280,77,61,112,2018.0,835990.0,797637.0,1.3578540000000001,0.9033700000000001,FRA,DEU,21
21311281,77,61,112,2020.0,509727.0,684667.0,1.2875159999999999,0.9690559999999999,FRA,DEU,21
21311282,77,61,112,1978.0,18632982.0,11041003.0,1.646955,0.9724659999999999,FRA,DEU,21
21311283,77,61,112,1962.0,7028656.0,1669883.0,1.846026,2.297136,FRA,DEU,21
21311284,77,61,112,1963.0,4646706.0,1963097.0,1.8066380000000002,2.178048,FRA,DEU,21
21311285,77,61,112,1966.0,5720942.0,4443126.0,1.789189,2.2593080000000003,FRA,DEU,21
21311286,77,61,112,1968.0,10075194.0,3416587.0,1.7160810000000002,1.713236,FRA,DEU,21
21311287,77,61,112,1969.0,8691281.0,2708891.0,1.8168810000000002,1.280003,FRA,DEU,21
21311288,77,61,112,1970.0,5866864.0,2670675.0,1.7668139999999999,1.386095,FRA,DEU,21
21311289,77,61,112,1971.0,6222874.0,2783358.0,1.7299959999999999,1.562786,FRA,DEU,21
21311290,77,61,112,1972.0,11204357.0,5087374.0,1.659743,1.8874959999999998,FRA,DEU,21
21311291,77,61,112,1973.0,12290265.0,7453170.0,1.6488599999999998,1.432863,FRA,DEU,21
21311292,77,61,112,1974.0,7226652.0,6031341.0,1.477955,-0.689535,FRA,DEU,21
21311293,77,61,112,1975.0,6996653.0,7359118.0,1.613889,-0.820149,FRA,DEU,21
21311294,77,61,112,1979.0,18352085.0,20342100.0,1.647521,0.415969,FRA,DEU,21
21311295,77,61,112,1980.0,10800095.0,18584135.0,1.498672,-0.30297399999999997,FRA,DEU,21
21311296,77,61,112,1982.0,7453391.0,8366829.0,1.572164,0.28068000000000004,FRA,DEU,21
21311297,77,61,112,1987.0,13305595.0,9020893.0,1.7136770000000001,1.574565,FRA,DEU,21
21311298,77,61,112,1965.0,6502778.0,2694458.0,1.965084,1.587269,FRA,DEU,21
21311299,77,61,112,1981.0,10410819.0,13349273.0,1.522777,-0.132459,FRA,DEU,21
21311300,77,61,112,1986.0,10730569.0,7859238.0,1.6510099999999999,1.772803,FRA,DEU,21
21311301,77,61,112,1989.0,10873592.0,12392394.0,1.5896549999999998,1.5629709999999999,FRA,DEU,21
21311302,77,61,112,1967.0,7382667.0,3129986.0,1.78608,1.9817189999999998,FRA,DEU,21
21311303,77,61,112,1983.0,13031393.0,7191191.0,1.568431,0.46635299999999996,FRA,DEU,21
21311304,77,61,112,1984.0,12407926.0,6569183.0,1.600737,0.828666,FRA,DEU,21
21311305,77,61,112,1985.0,11713797.0,6137179.0,1.644796,0.825614,FRA,DEU,21
21311306,77,61,112,1988.0,18980273.0,8180229.0,1.646985,1.580049,FRA,DEU,21
21311307,77,61,112,1964.0,6534721.0,2772612.0,1.864081,1.702066,FRA,DEU,21
21311308,77,61,112,1977.0,16603955.0,9667411.0,1.4281469999999998,-0.739484,FRA,DEU,21
21311309,77,61,112,1976.0,13475787.0,9658730.0,1.6000299999999998,-0.785133,FRA,DEU,21
21311310,78,61,112,2012.0,103003.0,0.0,-1.12875,-0.993714,FRO,DEU,21
21311311,78,61,112,2013.0,32239.0,0.0,-1.059294,-0.799578,FRO,DEU,21
21311312,78,61,112,2014.0,227496.0,0.0,-0.709982,-0.919632,FRO,DEU,21
21311313,78,61,112,2015.0,107716.0,0.0,-0.800412,-1.013209,FRO,DEU,21
21311314,78,61,112,2016.0,96496.0,0.0,-0.97739,-1.021066,FRO,DEU,21
21311315,78,61,112,2017.0,148285.0,0.0,-1.0046549999999999,-1.015204,FRO,DEU,21
21311316,78,61,112,2019.0,162450.0,0.0,-1.109746,-1.028203,FRO,DEU,21
21311317,78,61,112,2018.0,311905.0,0.0,-1.2035120000000001,-1.0473700000000001,FRO,DEU,21
21311318,78,61,112,2000.0,43821.0,0.0,-0.25500700000000004,-0.823207,FRO,DEU,21
21311319,78,61,112,2003.0,127460.0,0.0,-0.489885,-0.859408,FRO,DEU,21
21311320,78,61,112,2004.0,86705.0,0.0,-1.127967,-1.002561,FRO,DEU,21
21311321,78,61,112,2006.0,18271.0,0.0,-0.111228,-0.776069,FRO,DEU,21
21311322,78,61,112,1998.0,32524.0,0.0,-0.837411,-0.931372,FRO,DEU,21
21311323,78,61,112,2001.0,104863.0,0.0,-0.945048,-0.9974049999999999,FRO,DEU,21
21311324,78,61,112,2002.0,219843.0,0.0,-0.33811399999999997,-0.8092050000000001,FRO,DEU,21
21311325,78,61,112,2020.0,29843.0,0.0,-0.7002109999999999,-0.974929,FRO,DEU,21
21311326,78,61,112,1991.0,24999.0,0.0,-0.781026,-0.833951,FRO,DEU,21
21311327,78,61,112,1992.0,32973.0,1672.0,-0.51381,-0.8512059999999999,FRO,DEU,21
21311328,78,61,112,1994.0,62599.0,0.0,0.02044,-0.69496,FRO,DEU,21
21311329,78,61,112,1996.0,80008.0,0.0,-0.644187,-0.795554,FRO,DEU,21
21311330,78,61,112,1997.0,5051.0,0.0,-0.530698,-0.7939109999999999,FRO,DEU,21
21311331,78,61,112,1999.0,3499.0,0.0,-0.513829,-0.895782,FRO,DEU,21
21311332,78,61,112,2011.0,22582.0,0.0,-0.964918,-0.9707540000000001,FRO,DEU,21
21311333,78,61,112,1993.0,66925.0,0.0,-0.747529,-0.8880370000000001,FRO,DEU,21
21311334,78,61,112,1974.0,52091.0,0.0,-0.34162800000000004,-0.6068680000000001,FRO,DEU,21
21311335,78,61,112,1983.0,6000.0,0.0,-0.285141,-0.582308,FRO,DEU,21
21311336,78,61,112,1995.0,169121.0,0.0,-1.1819030000000001,-0.890518,FRO,DEU,21
21311337,81,61,112,1988.0,43067552.0,1075948.0,1.8213439999999999,1.159216,GBR,DEU,21
21311338,81,61,112,1991.0,5307683.0,2016976.0,1.9737060000000002,1.125521,GBR,DEU,21
21311339,81,61,112,1993.0,2222727.0,4172927.0,1.868148,1.0931,GBR,DEU,21
21311340,81,61,112,1994.0,3807431.0,8149422.0,1.9469439999999998,0.9958540000000001,GBR,DEU,21
21311341,81,61,112,1995.0,3998965.0,5463605.0,1.876209,1.117718,GBR,DEU,21
21311342,81,61,112,2004.0,1853329.0,709500.0,1.872987,0.734065,GBR,DEU,21
21311343,81,61,112,2014.0,5698589.0,1281244.0,1.542804,0.915499,GBR,DEU,21
21311344,81,61,112,2015.0,2614848.0,520227.0,1.6475689999999998,0.8981,GBR,DEU,21
21311345,81,61,112,1989.0,19504824.0,1303303.0,1.832586,1.199455,GBR,DEU,21
21311346,81,61,112,1990.0,8405805.0,1679014.0,1.977629,1.004624,GBR,DEU,21
21311347,81,61,112,1992.0,4025462.0,1714577.0,1.8901810000000001,0.9274030000000001,GBR,DEU,21
21311348,81,61,112,1996.0,4783134.0,9367724.0,1.948148,0.882453,GBR,DEU,21
21311349,81,61,112,1997.0,3743187.0,7073696.0,1.9742490000000001,0.7046359999999999,GBR,DEU,21
21311350,81,61,112,1998.0,2387698.0,3152776.0,2.000695,0.397047,GBR,DEU,21
21311351,81,61,112,1999.0,1811371.0,2586829.0,2.0135549999999998,0.749078,GBR,DEU,21
21311352,81,61,112,2000.0,917153.0,728545.0,2.099928,0.564025,GBR,DEU,21
21311353,81,61,112,2001.0,2622922.0,2440995.0,2.1068439999999997,0.658575,GBR,DEU,21
21311354,81,61,112,2002.0,1268287.0,396236.0,2.067395,0.7934359999999999,GBR,DEU,21
21311355,81,61,112,2003.0,1181230.0,1680831.0,1.9672990000000001,0.793304,GBR,DEU,21
21311356,81,61,112,2008.0,1012896.0,1150242.0,1.7116040000000001,0.286571,GBR,DEU,21
21311357,81,61,112,2013.0,4356016.0,649500.0,1.628465,0.77075,GBR,DEU,21
21311358,81,61,112,2005.0,1498342.0,1643133.0,1.828858,0.71685,GBR,DEU,21
21311359,81,61,112,2006.0,1644831.0,8003781.0,1.8509779999999998,0.674074,GBR,DEU,21
21311360,81,61,112,2007.0,1628278.0,7992541.0,1.6521099999999997,0.544978,GBR,DEU,21
21311361,81,61,112,2009.0,989126.0,1198372.0,1.6016219999999999,0.648858,GBR,DEU,21
21311362,81,61,112,2010.0,3196233.0,2013617.0,1.6026989999999999,0.8213229999999999,GBR,DEU,21
21311363,81,61,112,2011.0,3742805.0,502403.0,1.586516,0.8053739999999999,GBR,DEU,21
21311364,81,61,112,2012.0,3387202.0,483302.0,1.544653,0.776512,GBR,DEU,21
21311365,81,61,112,2016.0,6705198.0,457590.0,1.569616,1.048129,GBR,DEU,21
21311366,81,61,112,2017.0,1841428.0,56383.0,1.499843,1.120201,GBR,DEU,21
21311367,81,61,112,2018.0,881834.0,152492.0,1.481442,1.050259,GBR,DEU,21
21311368,81,61,112,2019.0,1586479.0,58891.0,1.5290620000000001,0.906005,GBR,DEU,21
21311369,81,61,112,2020.0,1180087.0,28566.0,1.540208,0.9229510000000001,GBR,DEU,21
21311370,81,61,112,1978.0,112030524.0,3636602.0,1.831127,-0.078639,GBR,DEU,21
21311371,81,61,112,1962.0,29746885.0,2311319.0,2.288769,0.619789,GBR,DEU,21
21311372,81,61,112,1963.0,35707426.0,1769188.0,2.2784470000000003,-0.302055,GBR,DEU,21
21311373,81,61,112,1964.0,27751709.0,2386897.0,2.2279299999999997,-0.315389,GBR,DEU,21
21311374,81,61,112,1965.0,37337278.0,2703250.0,2.347121,0.389156,GBR,DEU,21
21311375,81,61,112,1966.0,37182327.0,2455224.0,2.2795669999999997,0.23442800000000003,GBR,DEU,21
21311376,81,61,112,1967.0,29949848.0,1734173.0,2.170976,0.45509700000000003,GBR,DEU,21
21311377,81,61,112,1968.0,36779592.0,1730720.0,2.058025,0.677452,GBR,DEU,21
21311378,81,61,112,1969.0,43267969.0,1863704.0,2.109727,0.776883,GBR,DEU,21
21311379,81,61,112,1970.0,57638983.0,1704350.0,2.096027,0.26423,GBR,DEU,21
21311380,81,61,112,1971.0,71900108.0,1971765.0,2.1646669999999997,0.034970999999999995,GBR,DEU,21
21311381,81,61,112,1972.0,79339818.0,2824237.0,2.202226,-0.618205,GBR,DEU,21
21311382,81,61,112,1973.0,76328851.0,3435345.0,2.087637,0.165224,GBR,DEU,21
21311383,81,61,112,1975.0,101031343.0,1980860.0,1.8978270000000002,-2.19693,GBR,DEU,21
21311384,81,61,112,1983.0,59480714.0,1041559.0,1.7667669999999998,0.944868,GBR,DEU,21
21311385,81,61,112,1984.0,61256321.0,1497359.0,1.757537,1.1518549999999999,GBR,DEU,21
21311386,81,61,112,1985.0,58907854.0,1155104.0,1.8823169999999998,0.9483280000000001,GBR,DEU,21
21311387,81,61,112,1986.0,46507827.0,1832145.0,1.804693,1.67285,GBR,DEU,21
21311388,81,61,112,1987.0,55481431.0,1162723.0,1.892367,1.56269,GBR,DEU,21
21311389,81,61,112,1974.0,90421082.0,2142086.0,1.786298,-2.155852,GBR,DEU,21
21311390,81,61,112,1979.0,152424910.0,4594522.0,1.797477,-0.29938200000000004,GBR,DEU,21
21311391,81,61,112,1980.0,142005167.0,2223600.0,1.69192,-0.568465,GBR,DEU,21
21311392,81,61,112,1981.0,74725161.0,1347910.0,1.6853,-0.663841,GBR,DEU,21
21311393,81,61,112,1982.0,57182032.0,1228131.0,1.7869009999999999,0.13969600000000001,GBR,DEU,21
21311394,81,61,112,1977.0,113006514.0,3700608.0,1.58576,-2.09742,GBR,DEU,21
21311395,81,61,112,1976.0,120906717.0,3449450.0,1.851348,-2.808432,GBR,DEU,21
21311396,83,61,112,2000.0,5794.0,4159.0,-1.092586,-0.8195030000000001,GHA,DEU,21
21311397,83,61,112,2001.0,7621.0,9614.0,-0.7818689999999999,-0.645878,GHA,DEU,21
21311398,83,61,112,1996.0,0.0,1106.0,-1.037413,-1.019025,GHA,DEU,21
21311399,83,61,112,1999.0,0.0,1555.0,-1.0098610000000001,-0.8626149999999999,GHA,DEU,21
21311400,83,61,112,2003.0,12240.0,0.0,-1.085293,-0.7183930000000001,GHA,DEU,21
21311401,83,61,112,2011.0,0.0,26972.0,-0.5327569999999999,-0.410415,GHA,DEU,21
21311402,83,61,112,2010.0,0.0,4098.0,-0.782022,-0.600457,GHA,DEU,21
21311403,83,61,112,2016.0,0.0,1304486.0,-0.9026200000000001,-0.877508,GHA,DEU,21
21311404,83,61,112,2019.0,0.0,1540204.0,-0.853085,-0.813862,GHA,DEU,21
21311405,83,61,112,2002.0,5053.0,1843.0,-1.258567,-1.048266,GHA,DEU,21
21311406,83,61,112,2013.0,0.0,590594.0,-0.696971,-0.5807939999999999,GHA,DEU,21
21311407,83,61,112,2014.0,0.0,1488210.0,-1.1140299999999999,-1.0711700000000002,GHA,DEU,21
21311408,83,61,112,2015.0,0.0,2086196.0,-0.7681899999999999,-0.8035939999999999,GHA,DEU,21
21311409,83,61,112,2017.0,0.0,1164875.0,-0.910444,-0.906315,GHA,DEU,21
21311410,83,61,112,2018.0,0.0,1560620.0,-0.769089,-0.8389200000000001,GHA,DEU,21
21311411,83,61,112,2005.0,0.0,4389.0,-0.969983,-0.8392639999999999,GHA,DEU,21
21311412,83,61,112,2012.0,0.0,208525.0,-1.0541049999999998,-0.7275590000000001,GHA,DEU,21
21311413,83,61,112,1992.0,0.0,7230.0,-0.936314,-0.935839,GHA,DEU,21
21311414,83,61,112,1966.0,5430.0,0.0,-0.817617,-0.6557310000000001,GHA,DEU,21
21311415,83,61,112,1963.0,18059.0,0.0,-0.83125,-0.515917,GHA,DEU,21
21311416,83,61,112,2020.0,0.0,741364.0,-1.023832,-1.051811,GHA,DEU,21
21311417,83,61,112,1962.0,38584.0,0.0,-0.6426970000000001,-0.563059,GHA,DEU,21
21311418,83,61,112,1968.0,5147.0,0.0,-0.995481,-0.76246,GHA,DEU,21
21311419,83,61,112,1964.0,2735.0,0.0,-1.1054,-0.6172989999999999,GHA,DEU,21
21311420,83,61,112,1967.0,0.0,997.0,-0.747667,-0.629544,GHA,DEU,21
21311421,83,61,112,1969.0,3578.0,6601.0,-1.028614,-0.773636,GHA,DEU,21
21311422,83,61,112,1970.0,2967.0,11036.0,-0.90291,-0.752558,GHA,DEU,21
21311423,83,61,112,1971.0,0.0,3724.0,-0.948254,-0.880582,GHA,DEU,21
21311424,83,61,112,1972.0,16029.0,2828.0,-0.9683510000000001,-0.8512639999999999,GHA,DEU,21
21311425,83,61,112,1973.0,6468.0,0.0,-0.650116,-0.675914,GHA,DEU,21
21311426,83,61,112,1975.0,0.0,1044.0,-1.090083,-0.797323,GHA,DEU,21
21311427,83,61,112,1993.0,0.0,7591.0,-1.563115,-1.161376,GHA,DEU,21
21311428,83,61,112,1990.0,0.0,4198.0,-1.450862,-1.055084,GHA,DEU,21
21311429,85,61,112,2007.0,3445.0,0.0,-1.6940439999999999,-1.2213690000000001,GIN,DEU,21
21311430,85,61,112,1971.0,3635.0,0.0,-0.7482810000000001,-0.689605,GIN,DEU,21
21311431,85,61,112,2008.0,2546.0,0.0,-1.327895,-1.14246,GIN,DEU,21
21311432,85,61,112,1973.0,17697.0,0.0,-1.0725120000000001,-0.7836989999999999,GIN,DEU,21
21311433,85,61,112,2005.0,0.0,146096.0,-1.4877770000000001,-1.244964,GIN,DEU,21
21311434,85,61,112,2006.0,1730.0,0.0,-1.526825,-1.191811,GIN,DEU,21
21311435,85,61,112,2004.0,1664.0,0.0,-1.004077,-1.108018,GIN,DEU,21
21311436,85,61,112,2003.0,1698.0,0.0,-1.452742,-1.195308,GIN,DEU,21
21311437,85,61,112,2010.0,3328.0,0.0,-1.7216529999999999,-1.225199,GIN,DEU,21
21311438,86,61,112,1985.0,31069.0,0.0,0.928852,0.107823,GLP,DEU,21
21311439,87,61,112,2000.0,0.0,3938.0,-0.33173400000000003,-0.43841499999999994,GMB,DEU,21
21311440,87,61,112,1987.0,6132.0,0.0,-1.482346,-0.9837,GMB,DEU,21
21311441,90,61,112,2000.0,53179.0,6651431.0,0.26193,1.607656,GRC,DEU,21
21311442,90,61,112,2002.0,158716.0,5595365.0,0.20355399999999998,1.4130200000000002,GRC,DEU,21
21311443,90,61,112,2003.0,58687.0,5500169.0,0.30701100000000003,1.498953,GRC,DEU,21
21311444,90,61,112,1997.0,1278913.0,6743042.0,0.225904,1.291959,GRC,DEU,21
21311445,90,61,112,2001.0,280961.0,6233142.0,0.338607,1.506593,GRC,DEU,21
21311446,90,61,112,2010.0,334763.0,3252223.0,0.17188900000000001,1.662447,GRC,DEU,21
21311447,90,61,112,1996.0,257705.0,4391984.0,0.21841799999999997,1.081136,GRC,DEU,21
21311448,90,61,112,1998.0,476496.0,9697877.0,0.163609,1.342959,GRC,DEU,21
21311449,90,61,112,1999.0,62538.0,7787204.0,0.096901,1.2430729999999999,GRC,DEU,21
21311450,90,61,112,2006.0,559194.0,2803375.0,0.183748,1.582167,GRC,DEU,21
21311451,90,61,112,2007.0,335967.0,846130.0,0.28791100000000003,1.7558509999999998,GRC,DEU,21
21311452,90,61,112,2008.0,41857.0,1085907.0,0.296513,1.7993709999999998,GRC,DEU,21
21311453,90,61,112,2009.0,4452804.0,1448218.0,0.232498,1.7610810000000001,GRC,DEU,21
21311454,90,61,112,2011.0,858376.0,6768995.0,0.132787,1.579007,GRC,DEU,21
21311455,90,61,112,2012.0,1686511.0,4159839.0,0.161352,1.273024,GRC,DEU,21
21311456,90,61,112,2013.0,2651140.0,14674225.0,0.073442,0.9857899999999999,GRC,DEU,21
21311457,90,61,112,2014.0,760577.0,13383014.0,0.064193,0.955633,GRC,DEU,21
21311458,90,61,112,2018.0,498164.0,27110628.0,0.069841,0.922895,GRC,DEU,21
21311459,90,61,112,2019.0,81401.0,35591404.0,0.107647,1.047542,GRC,DEU,21
21311460,90,61,112,2004.0,1229485.0,2954617.0,0.298029,1.745886,GRC,DEU,21
21311461,90,61,112,2017.0,213154.0,17850534.0,0.10646300000000002,1.0936290000000002,GRC,DEU,21
21311462,90,61,112,1991.0,415908.0,3430034.0,0.126166,0.692792,GRC,DEU,21
21311463,90,61,112,2005.0,531436.0,2557368.0,0.241533,1.8994240000000002,GRC,DEU,21
21311464,90,61,112,1988.0,576103.0,2208532.0,0.13048900000000002,0.718539,GRC,DEU,21
21311465,90,61,112,1989.0,327337.0,1916076.0,0.208175,0.607425,GRC,DEU,21
21311466,90,61,112,1990.0,595011.0,3197357.0,0.177481,0.706531,GRC,DEU,21
21311467,90,61,112,1993.0,98269.0,3373704.0,0.157325,1.346108,GRC,DEU,21
21311468,90,61,112,1978.0,387239.0,274587.0,0.487051,0.9927889999999999,GRC,DEU,21
21311469,90,61,112,1968.0,1856319.0,73592.0,0.120538,-0.135025,GRC,DEU,21
21311470,90,61,112,1969.0,1262746.0,73258.0,0.42850600000000005,0.159075,GRC,DEU,21
21311471,90,61,112,1970.0,497700.0,64265.0,0.38159499999999996,0.203257,GRC,DEU,21
21311472,90,61,112,1971.0,214507.0,191478.0,0.373161,0.153613,GRC,DEU,21
21311473,90,61,112,1972.0,747598.0,737453.0,0.39712600000000003,0.398283,GRC,DEU,21
21311474,90,61,112,1973.0,1513732.0,244480.0,0.381687,0.432781,GRC,DEU,21
21311475,90,61,112,1974.0,1370012.0,137989.0,0.46443900000000005,0.499482,GRC,DEU,21
21311476,90,61,112,1975.0,195183.0,272833.0,0.431437,0.630989,GRC,DEU,21
21311477,90,61,112,1976.0,2584680.0,41472.0,0.399683,0.858771,GRC,DEU,21
21311478,90,61,112,1977.0,3054529.0,10978.0,0.46868000000000004,1.27459,GRC,DEU,21
21311479,90,61,112,1979.0,4131510.0,97467.0,0.341524,0.873782,GRC,DEU,21
21311480,90,61,112,1980.0,658655.0,366587.0,0.5494600000000001,0.7760560000000001,GRC,DEU,21
21311481,90,61,112,1981.0,1620765.0,647757.0,0.5192829999999999,1.028715,GRC,DEU,21
21311482,90,61,112,1994.0,251823.0,5581900.0,0.013961000000000001,0.763745,GRC,DEU,21
21311483,90,61,112,2015.0,1172332.0,5420189.0,0.018393,0.9372149999999999,GRC,DEU,21
21311484,90,61,112,2016.0,66977.0,11732895.0,0.053899,1.1259709999999998,GRC,DEU,21
21311485,90,61,112,2020.0,190621.0,6816612.0,0.247273,0.9634229999999999,GRC,DEU,21
21311486,90,61,112,1992.0,455862.0,3916475.0,0.139504,0.743678,GRC,DEU,21
21311487,90,61,112,1995.0,570710.0,3292707.0,0.15792899999999999,1.072461,GRC,DEU,21
21311488,90,61,112,1982.0,1058252.0,71696.0,0.462025,1.1408969999999998,GRC,DEU,21
21311489,90,61,112,1984.0,1787866.0,287565.0,0.5156029999999999,1.051108,GRC,DEU,21
21311490,90,61,112,1986.0,1088551.0,1842585.0,0.236051,0.9571149999999999,GRC,DEU,21
21311491,90,61,112,1987.0,196078.0,1552666.0,0.09904099999999999,0.568602,GRC,DEU,21
21311492,90,61,112,1964.0,2579701.0,2082.0,-0.008369,-0.451475,GRC,DEU,21
21311493,90,61,112,1985.0,1894411.0,672721.0,0.35673499999999997,1.0464,GRC,DEU,21
21311494,90,61,112,1962.0,2864581.0,9960.0,-0.1227,-0.407208,GRC,DEU,21
21311495,90,61,112,1963.0,2910989.0,17951.0,-0.090877,-0.385823,GRC,DEU,21
21311496,90,61,112,1965.0,1750118.0,7219.0,0.0025210000000000002,-0.33198099999999997,GRC,DEU,21
21311497,90,61,112,1966.0,1771577.0,114562.0,0.028057,-0.30861900000000003,GRC,DEU,21
21311498,90,61,112,1967.0,1447678.0,48264.0,0.004883,-0.335917,GRC,DEU,21
21311499,90,61,112,1983.0,1503403.0,2547725.0,0.40071,1.0659129999999999,GRC,DEU,21
21311500,92,61,112,2008.0,1306.0,0.0,-0.538852,-0.8589379999999999,GRL,DEU,21
21311501,92,61,112,1985.0,19709.0,0.0,-0.650476,-0.657779,GRL,DEU,21
21311502,92,61,112,1986.0,135682.0,0.0,-0.7832319999999999,-0.767081,GRL,DEU,21
21311503,92,61,112,1987.0,89958.0,0.0,-0.917027,-0.7587010000000001,GRL,DEU,21
21311504,92,61,112,1988.0,24986.0,0.0,-1.156583,-0.8311059999999999,GRL,DEU,21
21311505,92,61,112,1989.0,13276.0,0.0,-0.55482,-0.763544,GRL,DEU,21
21311506,92,61,112,1992.0,2720.0,0.0,-0.692587,-0.859656,GRL,DEU,21
21311507,92,61,112,2003.0,11437.0,0.0,-0.9910459999999999,-0.9836739999999999,GRL,DEU,21
21311508,92,61,112,1995.0,1413.0,0.0,-0.752426,-0.846908,GRL,DEU,21
21311509,92,61,112,1994.0,1561.0,0.0,-0.829066,-0.812105,GRL,DEU,21
21311510,92,61,112,1980.0,67526.0,0.0,-0.35552,-0.487933,GRL,DEU,21
21311511,92,61,112,1997.0,3220.0,0.0,-0.7822520000000001,-0.906492,GRL,DEU,21
21311512,92,61,112,2002.0,150472.0,0.0,-0.514411,-0.87766,GRL,DEU,21
21311513,92,61,112,1982.0,507273.0,0.0,0.210456,-0.259044,GRL,DEU,21
21311514,92,61,112,1981.0,30231.0,0.0,-0.172042,-0.454765,GRL,DEU,21
21311515,92,61,112,1983.0,232052.0,0.0,0.161696,-0.384666,GRL,DEU,21
21311516,92,61,112,2001.0,10446.0,0.0,-0.19784100000000002,-0.772099,GRL,DEU,21
21311517,92,61,112,1974.0,98691.0,0.0,-0.300845,-0.553983,GRL,DEU,21
21311518,92,61,112,1975.0,108804.0,0.0,-0.291661,-0.501268,GRL,DEU,21
21311519,92,61,112,1978.0,27050.0,0.0,-0.477092,-0.669838,GRL,DEU,21
21311520,92,61,112,1984.0,16802.0,0.0,0.023053,-0.478637,GRL,DEU,21
21311521,92,61,112,1979.0,47982.0,0.0,-0.207682,-0.5456989999999999,GRL,DEU,21
21311522,92,61,112,1973.0,107692.0,0.0,1.203566,0.016974,GRL,DEU,21
21311523,93,61,112,1992.0,0.0,1419.0,-0.031145999999999997,0.48874300000000004,GTM,DEU,21
21311524,93,61,112,2018.0,0.0,5256.0,-0.321177,0.6339090000000001,GTM,DEU,21
21311525,93,61,112,1974.0,0.0,1089.0,0.331445,0.10500999999999999,GTM,DEU,21
21311526,93,61,112,1964.0,2683.0,0.0,0.422702,-0.13245,GTM,DEU,21
21311527,93,61,112,1967.0,4916.0,0.0,0.512721,0.29994299999999996,GTM,DEU,21
21311528,94,61,112,1974.0,19942.0,0.0,-0.428196,-0.558318,GUF,DEU,21
21311529,94,61,112,1977.0,175645.0,0.0,0.490646,-0.12673299999999998,GUF,DEU,21
21311530,94,61,112,1978.0,156077.0,0.0,0.034770999999999996,-0.178272,GUF,DEU,21
21311531,94,61,112,1981.0,32101.0,0.0,0.014332,-0.28846700000000003,GUF,DEU,21
21311532,94,61,112,1982.0,53353.0,0.0,-0.161913,-0.46658999999999995,GUF,DEU,21
21311533,94,61,112,1983.0,107064.0,0.0,-0.266164,-0.467549,GUF,DEU,21
21311534,94,61,112,1984.0,9504.0,0.0,0.894518,0.108695,GUF,DEU,21
21311535,94,61,112,1985.0,36216.0,0.0,0.43202399999999996,-0.400353,GUF,DEU,21
21311536,94,61,112,1986.0,118387.0,0.0,0.643938,-0.30192399999999997,GUF,DEU,21
21311537,94,61,112,1973.0,70613.0,0.0,-0.43825699999999995,-0.637853,GUF,DEU,21
21311538,96,61,112,2005.0,3520.0,0.0,-0.532714,-0.683136,GUY,DEU,21
21311539,96,61,112,1971.0,1780.0,0.0,0.006441,-0.42498800000000003,GUY,DEU,21
21311540,96,61,112,1972.0,15199.0,0.0,0.179621,-0.27588,GUY,DEU,21
21311541,96,61,112,1984.0,53899.0,0.0,-0.013721,-0.48605699999999996,GUY,DEU,21
21311542,97,61,112,1990.0,284679.0,6127596.0,0.857824,1.566243,HKG,DEU,21
21311543,97,61,112,1991.0,97037.0,6693014.0,0.802905,1.642985,HKG,DEU,21
21311544,97,61,112,1992.0,109075.0,8014507.0,0.754112,1.911201,HKG,DEU,21
21311545,97,61,112,1995.0,228548.0,14762403.0,0.5372060000000001,1.6845279999999998,HKG,DEU,21
21311546,97,61,112,2009.0,139952.0,8091267.0,0.685573,1.199315,HKG,DEU,21
21311547,97,61,112,2014.0,128393.0,16608541.0,0.9198440000000001,1.257131,HKG,DEU,21
21311548,97,61,112,1993.0,26917.0,23253483.0,0.63574,1.8439419999999997,HKG,DEU,21
21311549,97,61,112,1994.0,454613.0,16873147.0,0.709601,2.076227,HKG,DEU,21
21311550,97,61,112,1996.0,153187.0,8899553.0,0.699041,1.8341720000000001,HKG,DEU,21
21311551,97,61,112,1997.0,68527.0,5254734.0,0.475945,1.7576919999999998,HKG,DEU,21
21311552,97,61,112,1998.0,182269.0,3804521.0,0.5166850000000001,1.671371,HKG,DEU,21
21311553,97,61,112,1999.0,24743.0,3168362.0,0.553521,1.504111,HKG,DEU,21
21311554,97,61,112,2000.0,374173.0,4178654.0,0.564112,1.776282,HKG,DEU,21
21311555,97,61,112,2001.0,85824.0,4812303.0,0.639538,1.5157610000000001,HKG,DEU,21
21311556,97,61,112,2002.0,494547.0,5505231.0,0.704932,1.291658,HKG,DEU,21
21311557,97,61,112,2003.0,30450.0,7967272.0,0.64249,1.2309379999999999,HKG,DEU,21
21311558,97,61,112,2004.0,72874.0,10235961.0,0.72816,1.403171,HKG,DEU,21
21311559,97,61,112,2011.0,1018.0,23944102.0,0.864772,1.1197139999999999,HKG,DEU,21
21311560,97,61,112,2013.0,8887.0,27730755.0,0.791401,1.249845,HKG,DEU,21
21311561,97,61,112,2015.0,445578.0,7247585.0,1.011511,1.2510059999999998,HKG,DEU,21
21311562,97,61,112,2016.0,47935.0,1152172.0,0.877619,1.0765790000000002,HKG,DEU,21
21311563,97,61,112,2017.0,278130.0,1177979.0,0.877065,1.1615520000000001,HKG,DEU,21
21311564,97,61,112,2018.0,181688.0,897172.0,0.8625149999999999,1.21001,HKG,DEU,21
21311565,97,61,112,2019.0,134081.0,838947.0,0.976556,1.2446270000000001,HKG,DEU,21
21311566,97,61,112,2005.0,230801.0,8802225.0,0.68858,1.266274,HKG,DEU,21
21311567,97,61,112,2006.0,394139.0,15669849.0,0.63347,1.276634,HKG,DEU,21
21311568,97,61,112,2007.0,33047.0,13971390.0,0.756476,1.286757,HKG,DEU,21
21311569,97,61,112,2008.0,43033.0,11636228.0,0.786315,1.316726,HKG,DEU,21
21311570,97,61,112,2010.0,198005.0,7967277.0,0.837134,1.189309,HKG,DEU,21
21311571,97,61,112,2012.0,37604.0,10023427.0,0.788308,1.029625,HKG,DEU,21
21311572,97,61,112,2020.0,46154.0,391999.0,1.086052,0.815938,HKG,DEU,21
21311573,97,61,112,1972.0,48278.0,15646.0,1.413254,1.2774290000000001,HKG,DEU,21
21311574,97,61,112,1975.0,0.0,31801.0,1.1337540000000002,1.247023,HKG,DEU,21
21311575,97,61,112,1963.0,38212.0,0.0,1.406142,1.7581639999999998,HKG,DEU,21
21311576,97,61,112,1964.0,29820.0,0.0,1.375108,1.553683,HKG,DEU,21
21311577,97,61,112,1968.0,42309.0,1038.0,1.397888,1.218178,HKG,DEU,21
21311578,97,61,112,1970.0,44410.0,19825.0,1.327474,1.209848,HKG,DEU,21
21311579,97,61,112,1986.0,102210.0,852228.0,0.986287,1.8016889999999999,HKG,DEU,21
21311580,97,61,112,1966.0,56688.0,2113.0,1.334047,1.540347,HKG,DEU,21
21311581,97,61,112,1987.0,190184.0,1240587.0,0.96283,1.5352059999999998,HKG,DEU,21
21311582,97,61,112,1965.0,41198.0,1999.0,1.484299,1.5623200000000002,HKG,DEU,21
21311583,97,61,112,1980.0,242728.0,390839.0,1.149419,1.326548,HKG,DEU,21
21311584,97,61,112,1981.0,96200.0,699291.0,1.041593,1.296638,HKG,DEU,21
21311585,97,61,112,1982.0,119016.0,415073.0,1.0447819999999999,1.5833549999999998,HKG,DEU,21
21311586,97,61,112,1983.0,211461.0,333577.0,1.068091,1.7522950000000002,HKG,DEU,21
21311587,97,61,112,1984.0,499390.0,784830.0,1.042478,1.688087,HKG,DEU,21
21311588,97,61,112,1985.0,148076.0,930399.0,0.9896809999999999,2.061391,HKG,DEU,21
21311589,97,61,112,1988.0,213719.0,3860835.0,0.920276,1.746432,HKG,DEU,21
21311590,97,61,112,1989.0,281844.0,4782258.0,0.8922379999999999,1.6984439999999998,HKG,DEU,21
21311591,97,61,112,1967.0,38973.0,0.0,1.491538,1.48129,HKG,DEU,21
21311592,97,61,112,1969.0,24273.0,4113.0,1.437077,1.1915870000000002,HKG,DEU,21
21311593,97,61,112,1971.0,32422.0,10919.0,1.4643760000000001,1.159238,HKG,DEU,21
21311594,97,61,112,1973.0,59166.0,38062.0,1.2994709999999998,1.267608,HKG,DEU,21
21311595,97,61,112,1974.0,62141.0,25287.0,1.137257,1.2639559999999999,HKG,DEU,21
21311596,97,61,112,1978.0,485207.0,133266.0,1.058458,1.293126,HKG,DEU,21
21311597,97,61,112,1979.0,29643.0,271055.0,1.0488110000000002,1.364157,HKG,DEU,21
21311598,97,61,112,1962.0,56256.0,0.0,1.418892,1.801016,HKG,DEU,21
21311599,97,61,112,1977.0,349111.0,26499.0,1.068986,1.246666,HKG,DEU,21
21311600,97,61,112,1976.0,60063.0,34036.0,1.05954,1.33828,HKG,DEU,21
21311601,99,61,112,2019.0,420453.0,0.0,-0.532816,-0.261911,HND,DEU,21
21311602,99,61,112,1993.0,0.0,4184.0,-0.532799,-0.5001770000000001,HND,DEU,21
21311603,99,61,112,2007.0,0.0,41468.0,-0.549499,-0.37743000000000004,HND,DEU,21
21311604,99,61,112,1997.0,0.0,4965.0,-0.7449319999999999,-0.50008,HND,DEU,21
21311605,99,61,112,1963.0,36853.0,0.0,-0.011484000000000001,-0.48390900000000003,HND,DEU,21
21311606,99,61,112,1965.0,37778.0,0.0,-0.430922,-0.673235,HND,DEU,21
21311607,99,61,112,1966.0,52401.0,0.0,-0.27612,-0.665231,HND,DEU,21
21311608,99,61,112,1967.0,49243.0,0.0,-0.078194,-0.47080900000000003,HND,DEU,21
21311609,99,61,112,1968.0,249994.0,0.0,-0.115754,-0.5740890000000001,HND,DEU,21
21311610,99,61,112,1969.0,127877.0,0.0,-0.141341,-0.5713229999999999,HND,DEU,21
21311611,99,61,112,1971.0,65649.0,0.0,-0.47721,-0.841176,HND,DEU,21
21311612,99,61,112,1974.0,10018.0,0.0,0.003073,-0.422889,HND,DEU,21
21311613,99,61,112,1973.0,76065.0,0.0,-0.168103,-0.654674,HND,DEU,21
21311614,99,61,112,1975.0,125463.0,0.0,-0.17757799999999999,-0.44617299999999993,HND,DEU,21
21311615,99,61,112,1964.0,67322.0,0.0,-0.022940000000000002,-0.506813,HND,DEU,21
21311616,99,61,112,1970.0,53347.0,0.0,0.213567,-0.27926799999999996,HND,DEU,21
21311617,99,61,112,2020.0,1305273.0,0.0,-0.646945,-0.36156,HND,DEU,21
21311618,99,61,112,1979.0,59508.0,0.0,-0.75717,-0.897575,HND,DEU,21
21311619,99,61,112,1978.0,86596.0,0.0,-0.815281,-0.8432350000000001,HND,DEU,21
21311620,99,61,112,1962.0,72696.0,0.0,-0.715421,-0.602779,HND,DEU,21
21311621,100,61,112,1993.0,56738.0,671155.0,0.746354,1.357292,HRV,DEU,21
21311622,100,61,112,2010.0,467083.0,0.0,0.863374,1.185418,HRV,DEU,21
21311623,100,61,112,2004.0,74492.0,1256421.0,0.744459,1.1994479999999998,HRV,DEU,21
21311624,100,61,112,1999.0,3670.0,82983.0,0.6760229999999999,1.2394100000000001,HRV,DEU,21
21311625,100,61,112,2003.0,1208323.0,1127991.0,0.6029909999999999,1.451705,HRV,DEU,21
21311626,100,61,112,2006.0,757225.0,3696599.0,0.866511,1.217552,HRV,DEU,21
21311627,100,61,112,2007.0,311137.0,2274924.0,0.842432,1.248211,HRV,DEU,21
21311628,100,61,112,2009.0,220262.0,0.0,0.9106690000000001,1.108959,HRV,DEU,21
21311629,100,61,112,1992.0,65894.0,21572.0,0.877872,1.726188,HRV,DEU,21
21311630,100,61,112,2012.0,1819398.0,54894.0,0.881764,1.149456,HRV,DEU,21
21311631,100,61,112,2008.0,77498.0,504963.0,0.919773,1.1982469999999998,HRV,DEU,21
21311632,100,61,112,2005.0,420627.0,1879303.0,0.782619,1.1784219999999999,HRV,DEU,21
21311633,100,61,112,2011.0,279220.0,0.0,0.943564,1.09591,HRV,DEU,21
21311634,100,61,112,2013.0,3669593.0,1551463.0,0.8737309999999999,1.276091,HRV,DEU,21
21311635,100,61,112,2018.0,34754.0,1488.0,0.8873559999999999,1.480788,HRV,DEU,21
21311636,100,61,112,2020.0,37165.0,0.0,0.80037,1.327511,HRV,DEU,21
21311637,100,61,112,2017.0,126521.0,2987.0,0.8933700000000001,1.4400469999999999,HRV,DEU,21
21311638,100,61,112,2019.0,61604.0,1380.0,0.871275,1.452933,HRV,DEU,21
21311639,100,61,112,2015.0,790656.0,2719412.0,0.7372449999999999,1.3948200000000002,HRV,DEU,21
21311640,100,61,112,2014.0,4898822.0,2717200.0,0.8627809999999999,1.3475549999999998,HRV,DEU,21
21311641,100,61,112,2016.0,401836.0,2667376.0,0.850619,1.39544,HRV,DEU,21
21311642,100,61,112,1994.0,230685.0,514695.0,0.714204,1.333908,HRV,DEU,21
21311643,100,61,112,1995.0,31405.0,28349.0,0.7808109999999999,1.570276,HRV,DEU,21
21311644,100,61,112,1996.0,66769.0,119027.0,0.739223,1.3032030000000001,HRV,DEU,21
21311645,100,61,112,1998.0,4222.0,113634.0,0.619815,1.2939379999999998,HRV,DEU,21
21311646,100,61,112,1997.0,11503.0,356037.0,0.61283,1.321775,HRV,DEU,21
21311647,100,61,112,2000.0,138806.0,462576.0,0.640015,1.1175899999999999,HRV,DEU,21
21311648,100,61,112,2001.0,411257.0,104997.0,0.6315729999999999,1.169338,HRV,DEU,21
21311649,100,61,112,2002.0,454819.0,682552.0,0.603546,1.273001,HRV,DEU,21
21311650,101,61,112,1963.0,29088.0,0.0,-0.115496,-0.47146099999999996,HTI,DEU,21
21311651,101,61,112,1973.0,94790.0,0.0,0.538515,0.179558,HTI,DEU,21
21311652,101,61,112,1997.0,4846.0,0.0,-0.6864100000000001,-0.687077,HTI,DEU,21
21311653,101,61,112,1964.0,16399.0,0.0,-0.100952,-0.45987,HTI,DEU,21
21311654,101,61,112,1972.0,53681.0,0.0,0.38566999999999996,-0.182196,HTI,DEU,21
21311655,101,61,112,2000.0,5711.0,0.0,-0.946832,-0.818751,HTI,DEU,21
21311656,101,61,112,1984.0,131872.0,0.0,0.294873,0.004251,HTI,DEU,21
21311657,101,61,112,1962.0,87634.0,0.0,0.125718,-0.337725,HTI,DEU,21
21311658,102,61,112,2009.0,1732249.0,21217.0,1.600751,0.723344,HUN,DEU,21
21311659,102,61,112,2016.0,7060644.0,1699144.0,1.7056069999999999,0.788768,HUN,DEU,21
21311660,102,61,112,2018.0,106811.0,5383.0,1.6983409999999999,0.693194,HUN,DEU,21
21311661,102,61,112,2019.0,31876.0,2680.0,1.622961,0.729688,HUN,DEU,21
21311662,102,61,112,2020.0,23650.0,229801.0,1.541669,0.8604440000000001,HUN,DEU,21
21311663,102,61,112,2017.0,87528.0,116335.0,1.6949029999999998,0.723915,HUN,DEU,21
21311664,102,61,112,2013.0,4406023.0,260337.0,1.6962560000000002,0.45460600000000007,HUN,DEU,21
21311665,102,61,112,2014.0,6737740.0,399905.0,1.713536,0.5681729999999999,HUN,DEU,21
21311666,102,61,112,2015.0,7253800.0,252239.0,1.704278,0.661207,HUN,DEU,21
21311667,102,61,112,2007.0,4925017.0,339762.0,1.484644,0.7410869999999999,HUN,DEU,21
21311668,102,61,112,2008.0,3408625.0,103521.0,1.501854,0.787406,HUN,DEU,21
21311669,102,61,112,1992.0,3240271.0,2939480.0,0.9144620000000001,2.157041,HUN,DEU,21
21311670,102,61,112,2003.0,3664196.0,37629.0,1.294374,1.0913540000000002,HUN,DEU,21
21311671,102,61,112,1994.0,2253899.0,10084767.0,0.933154,2.085317,HUN,DEU,21
21311672,102,61,112,2002.0,3404419.0,27592.0,1.232359,1.064425,HUN,DEU,21
21311673,102,61,112,2011.0,4162301.0,247504.0,1.632633,0.677295,HUN,DEU,21
21311674,102,61,112,2012.0,3161187.0,496837.0,1.61049,0.44614799999999993,HUN,DEU,21
21311675,102,61,112,1997.0,3059099.0,13203920.0,0.9121799999999999,1.55321,HUN,DEU,21
21311676,102,61,112,1965.0,37438.0,0.0,0.9820180000000001,1.025444,HUN,DEU,21
21311677,102,61,112,1975.0,185798.0,1122.0,0.8585709999999999,1.843562,HUN,DEU,21
21311678,102,61,112,1991.0,745147.0,5144524.0,0.84862,2.0006060000000003,HUN,DEU,21
21311679,102,61,112,1998.0,1146838.0,6595365.0,0.763876,1.449531,HUN,DEU,21
21311680,102,61,112,1999.0,1369898.0,1388337.0,0.7819699999999999,1.257141,HUN,DEU,21
21311681,102,61,112,2000.0,3542823.0,135568.0,1.047497,1.284513,HUN,DEU,21
21311682,102,61,112,2006.0,3385390.0,133142.0,1.469539,0.8546090000000001,HUN,DEU,21
21311683,102,61,112,2010.0,3158779.0,209587.0,1.650956,0.702108,HUN,DEU,21
21311684,102,61,112,2004.0,2672781.0,114008.0,1.3579370000000002,0.9993219999999999,HUN,DEU,21
21311685,102,61,112,2005.0,1660476.0,49721.0,1.452252,0.852698,HUN,DEU,21
21311686,102,61,112,1996.0,2362575.0,18716427.0,0.905526,1.887735,HUN,DEU,21
21311687,102,61,112,2001.0,3495451.0,52222.0,1.069245,1.2217069999999999,HUN,DEU,21
21311688,102,61,112,1978.0,1376905.0,8182213.0,0.884483,1.941055,HUN,DEU,21
21311689,102,61,112,1979.0,834922.0,7109820.0,0.876884,2.023565,HUN,DEU,21
21311690,102,61,112,1980.0,1081952.0,5839000.0,0.8865,1.9657779999999998,HUN,DEU,21
21311691,102,61,112,1995.0,3298829.0,13489506.0,0.9214620000000001,1.8206259999999999,HUN,DEU,21
21311692,102,61,112,1985.0,517949.0,2014560.0,0.8617030000000001,2.237431,HUN,DEU,21
21311693,102,61,112,1982.0,143728.0,2972294.0,0.861201,1.9751020000000001,HUN,DEU,21
21311694,102,61,112,1983.0,339830.0,5622796.0,0.841274,2.330509,HUN,DEU,21
21311695,102,61,112,1993.0,1352298.0,5759442.0,0.9893790000000001,1.959799,HUN,DEU,21
21311696,102,61,112,1964.0,46070.0,32898.0,0.9343530000000001,1.1023399999999999,HUN,DEU,21
21311697,102,61,112,1966.0,1941.0,0.0,1.024047,1.410479,HUN,DEU,21
21311698,102,61,112,1967.0,40135.0,5440.0,0.8780120000000001,0.814829,HUN,DEU,21
21311699,102,61,112,1968.0,13482.0,11942.0,0.9154209999999999,1.253378,HUN,DEU,21
21311700,102,61,112,1969.0,54498.0,2141.0,0.9107940000000001,1.380059,HUN,DEU,21
21311701,102,61,112,1970.0,1050.0,82339.0,0.8735879999999999,1.439144,HUN,DEU,21
21311702,102,61,112,1971.0,33137.0,0.0,0.8639760000000001,1.2125059999999999,HUN,DEU,21
21311703,102,61,112,1972.0,96637.0,135570.0,0.7343970000000001,0.963101,HUN,DEU,21
21311704,102,61,112,1973.0,125014.0,1075.0,0.754762,1.3832010000000001,HUN,DEU,21
21311705,102,61,112,1974.0,191096.0,32590.0,0.763267,1.904439,HUN,DEU,21
21311706,102,61,112,1987.0,432030.0,7411000.0,0.771037,1.990734,HUN,DEU,21
21311707,102,61,112,1984.0,1106343.0,4698763.0,0.870778,2.230491,HUN,DEU,21
21311708,102,61,112,1986.0,321886.0,5569000.0,0.793216,1.8689790000000002,HUN,DEU,21
21311709,102,61,112,1962.0,6683.0,1154009.0,1.1879870000000001,1.925054,HUN,DEU,21
21311710,102,61,112,1963.0,13452.0,651892.0,0.9711700000000001,1.5998569999999999,HUN,DEU,21
21311711,102,61,112,1988.0,323071.0,6838000.0,0.8619620000000001,1.997927,HUN,DEU,21
21311712,102,61,112,1990.0,802821.0,10319000.0,0.9499719999999999,2.020106,HUN,DEU,21
21311713,102,61,112,1981.0,683492.0,4297401.0,0.8667799999999999,2.0177099999999997,HUN,DEU,21
21311714,102,61,112,1989.0,375680.0,4475000.0,0.895382,2.063484,HUN,DEU,21
21311715,102,61,112,1976.0,196691.0,2808.0,0.833515,1.778013,HUN,DEU,21
21311716,102,61,112,1977.0,457524.0,5125906.0,0.905912,1.98143,HUN,DEU,21
21311717,103,61,112,2000.0,14738.0,223598.0,0.05846799999999999,1.577531,IDN,DEU,21
21311718,103,61,112,2019.0,258983.0,17922.0,-0.004408,1.646785,IDN,DEU,21
21311719,103,61,112,2020.0,1033038.0,9187.0,-0.073974,1.965191,IDN,DEU,21
21311720,103,61,112,2003.0,751442.0,406014.0,0.025965,1.8254810000000001,IDN,DEU,21
21311721,103,61,112,2017.0,0.0,733944.0,-0.072977,1.376847,IDN,DEU,21
21311722,103,61,112,2006.0,977924.0,399179.0,0.0036969999999999998,1.703498,IDN,DEU,21
21311723,103,61,112,2014.0,0.0,2865618.0,0.068135,1.672437,IDN,DEU,21
21311724,103,61,112,2009.0,0.0,1146131.0,-0.072777,1.4957200000000002,IDN,DEU,21
21311725,103,61,112,2010.0,190661.0,1067370.0,-0.071885,1.3853799999999998,IDN,DEU,21
21311726,103,61,112,2012.0,0.0,1821257.0,0.045694,1.635448,IDN,DEU,21
21311727,103,61,112,2013.0,1075.0,2157231.0,-0.006876999999999999,1.8336569999999999,IDN,DEU,21
21311728,103,61,112,2015.0,0.0,1136858.0,-0.01932,1.6612939999999998,IDN,DEU,21
21311729,103,61,112,2016.0,0.0,1705758.0,-0.013630000000000001,1.744404,IDN,DEU,21
21311730,103,61,112,2018.0,49306.0,53326.0,-0.0009939999999999999,1.417371,IDN,DEU,21
21311731,103,61,112,2005.0,1522298.0,294582.0,-0.07722799999999999,1.622116,IDN,DEU,21
21311732,103,61,112,1999.0,247302.0,387478.0,-0.03707,1.781111,IDN,DEU,21
21311733,103,61,112,2004.0,181543.0,131181.0,0.010095999999999999,1.7413779999999999,IDN,DEU,21
21311734,103,61,112,2008.0,562773.0,1207258.0,0.051556,1.544162,IDN,DEU,21
21311735,103,61,112,2001.0,4957.0,134190.0,0.039233,1.780659,IDN,DEU,21
21311736,103,61,112,2002.0,362621.0,75736.0,0.098182,1.7305840000000001,IDN,DEU,21
21311737,103,61,112,2011.0,88061.0,767631.0,0.044654,1.3076370000000002,IDN,DEU,21
21311738,103,61,112,1997.0,34893.0,1019921.0,-0.21049600000000002,1.318692,IDN,DEU,21
21311739,103,61,112,1998.0,105079.0,3507265.0,-0.253262,1.620942,IDN,DEU,21
21311740,103,61,112,2007.0,531512.0,683156.0,0.076632,1.853086,IDN,DEU,21
21311741,103,61,112,1989.0,116701.0,3467.0,-0.546808,0.079253,IDN,DEU,21
21311742,103,61,112,1985.0,2017147.0,0.0,-0.957784,-0.585755,IDN,DEU,21
21311743,103,61,112,1988.0,198253.0,0.0,-0.789136,-0.284654,IDN,DEU,21
21311744,103,61,112,1990.0,44222.0,0.0,-0.368679,0.300398,IDN,DEU,21
21311745,103,61,112,1994.0,21814.0,667681.0,-0.37045500000000003,0.804771,IDN,DEU,21
21311746,103,61,112,1993.0,5047.0,30678.0,-0.442924,0.920176,IDN,DEU,21
21311747,103,61,112,1995.0,5452.0,1019930.0,-0.351723,1.294671,IDN,DEU,21
21311748,103,61,112,1996.0,0.0,289774.0,-0.25952,1.343972,IDN,DEU,21
21311749,103,61,112,1986.0,293397.0,0.0,-0.896401,-0.521183,IDN,DEU,21
21311750,103,61,112,1987.0,353805.0,0.0,-0.862966,-0.431507,IDN,DEU,21
21311751,103,61,112,1971.0,1035108.0,0.0,-1.335787,-0.813966,IDN,DEU,21
21311752,103,61,112,1982.0,520796.0,0.0,-1.419316,-0.819937,IDN,DEU,21
21311753,103,61,112,1975.0,1812601.0,0.0,-1.5680479999999999,-0.820932,IDN,DEU,21
21311754,103,61,112,1981.0,1999006.0,0.0,-1.470968,-0.7933479999999999,IDN,DEU,21
21311755,103,61,112,1963.0,373585.0,0.0,-0.89084,-0.674392,IDN,DEU,21
21311756,103,61,112,1964.0,704804.0,0.0,-1.2893729999999999,-0.7173930000000001,IDN,DEU,21
21311757,103,61,112,1965.0,802342.0,0.0,-1.190719,-0.715521,IDN,DEU,21
21311758,103,61,112,1966.0,1480255.0,0.0,-1.184909,-0.743182,IDN,DEU,21
21311759,103,61,112,1967.0,2225709.0,0.0,-1.235225,-0.734278,IDN,DEU,21
21311760,103,61,112,1968.0,1756084.0,0.0,-1.210591,-0.7402310000000001,IDN,DEU,21
21311761,103,61,112,1969.0,2269874.0,0.0,-1.225654,-0.758401,IDN,DEU,21
21311762,103,61,112,1970.0,1140409.0,0.0,-1.354178,-0.799245,IDN,DEU,21
21311763,103,61,112,1972.0,2227102.0,0.0,-1.3241100000000001,-0.833234,IDN,DEU,21
21311764,103,61,112,1973.0,1856170.0,0.0,-1.358527,-0.8513069999999999,IDN,DEU,21
21311765,103,61,112,1974.0,1796394.0,0.0,-1.23709,-0.803635,IDN,DEU,21
21311766,103,61,112,1980.0,462861.0,0.0,-1.476248,-0.686409,IDN,DEU,21
21311767,103,61,112,1984.0,1234167.0,0.0,-0.977973,-0.54892,IDN,DEU,21
21311768,103,61,112,1983.0,1115911.0,0.0,-1.266959,-0.729001,IDN,DEU,21
21311769,103,61,112,1962.0,909054.0,0.0,-1.030219,-0.67023,IDN,DEU,21
21311770,103,61,112,1979.0,1791494.0,0.0,-1.4205510000000001,-0.8398260000000001,IDN,DEU,21
21311771,103,61,112,1976.0,2255815.0,0.0,-1.0020360000000001,-0.625822,IDN,DEU,21
21311772,103,61,112,1977.0,1714954.0,0.0,-1.286522,-0.73679,IDN,DEU,21
21311773,103,61,112,1978.0,1471142.0,0.0,-1.4716770000000001,-0.9137540000000001,IDN,DEU,21
21311774,104,61,112,2004.0,148125.0,6635485.0,0.20872,2.817307,IND,DEU,21
21311775,104,61,112,2009.0,461577.0,3335033.0,0.189371,2.48163,IND,DEU,21
21311776,104,61,112,2015.0,66977.0,1277512.0,0.23374499999999998,2.830277,IND,DEU,21
21311777,104,61,112,2017.0,97717.0,2807103.0,0.262126,2.8212040000000003,IND,DEU,21
21311778,104,61,112,2018.0,41747.0,870896.0,0.536561,2.450287,IND,DEU,21
21311779,104,61,112,2019.0,25767.0,685265.0,0.433709,2.64201,IND,DEU,21
21311780,104,61,112,2020.0,13714.0,611507.0,0.41626899999999994,2.9597849999999997,IND,DEU,21
21311781,104,61,112,2011.0,51122.0,5045762.0,0.208119,2.513252,IND,DEU,21
21311782,104,61,112,2016.0,140187.0,3584264.0,0.223813,2.787547,IND,DEU,21
21311783,104,61,112,2007.0,1518120.0,5623804.0,0.27449,2.811626,IND,DEU,21
21311784,104,61,112,2012.0,138245.0,4183536.0,0.24883200000000003,2.463711,IND,DEU,21
21311785,104,61,112,2013.0,71869.0,3339639.0,0.18186,2.647598,IND,DEU,21
21311786,104,61,112,2014.0,95625.0,1797318.0,0.236316,2.659173,IND,DEU,21
21311787,104,61,112,2010.0,137849.0,3398533.0,0.163603,2.471145,IND,DEU,21
21311788,104,61,112,2008.0,1322435.0,3239854.0,0.328291,2.96604,IND,DEU,21
21311789,104,61,112,2003.0,80983.0,4024413.0,0.306526,2.707274,IND,DEU,21
21311790,104,61,112,2005.0,162702.0,5509000.0,0.23850700000000002,2.717123,IND,DEU,21
21311791,104,61,112,2006.0,484144.0,4036279.0,0.202078,2.594677,IND,DEU,21
21311792,104,61,112,2000.0,0.0,3350083.0,0.323006,2.3446860000000003,IND,DEU,21
21311793,104,61,112,1975.0,2763656.0,2784.0,0.317298,1.146847,IND,DEU,21
21311794,104,61,112,1978.0,1596891.0,0.0,0.539744,1.414683,IND,DEU,21
21311795,104,61,112,1979.0,1914533.0,0.0,0.415861,1.650712,IND,DEU,21
21311796,104,61,112,1980.0,2146912.0,0.0,0.39205,1.618323,IND,DEU,21
21311797,104,61,112,1981.0,1270174.0,0.0,0.48179099999999997,1.82085,IND,DEU,21
21311798,104,61,112,1982.0,695753.0,0.0,0.239786,1.3706049999999999,IND,DEU,21
21311799,104,61,112,1983.0,210630.0,978.0,0.098381,0.942118,IND,DEU,21
21311800,104,61,112,1984.0,54825.0,18109.0,0.22881100000000001,1.098523,IND,DEU,21
21311801,104,61,112,1985.0,172048.0,0.0,0.196235,1.1820979999999999,IND,DEU,21
21311802,104,61,112,1986.0,130962.0,592045.0,0.111757,0.891807,IND,DEU,21
21311803,104,61,112,1987.0,233932.0,164638.0,0.227462,1.1684700000000001,IND,DEU,21
21311804,104,61,112,1988.0,17496.0,39224.0,0.199801,1.3901620000000001,IND,DEU,21
21311805,104,61,112,1990.0,4966.0,158998.0,0.320425,1.568666,IND,DEU,21
21311806,104,61,112,1991.0,20419.0,381361.0,0.21165100000000003,1.793425,IND,DEU,21
21311807,104,61,112,1989.0,1735.0,434088.0,0.156403,1.439072,IND,DEU,21
21311808,104,61,112,2002.0,9831.0,5136298.0,0.32974000000000003,2.376477,IND,DEU,21
21311809,104,61,112,1970.0,3360391.0,5669.0,0.072487,0.451657,IND,DEU,21
21311810,104,61,112,1972.0,4071234.0,8824.0,0.266958,0.561941,IND,DEU,21
21311811,104,61,112,1992.0,3399.0,367451.0,0.101094,1.6851180000000001,IND,DEU,21
21311812,104,61,112,1997.0,0.0,5663559.0,0.150788,2.027932,IND,DEU,21
21311813,104,61,112,2001.0,33720.0,2212495.0,0.382444,2.538934,IND,DEU,21
21311814,104,61,112,1993.0,0.0,1055215.0,-0.040976,1.6569450000000001,IND,DEU,21
21311815,104,61,112,1964.0,2028996.0,35188.0,0.140498,0.16888699999999998,IND,DEU,21
21311816,104,61,112,1965.0,2288614.0,27404.0,0.190441,0.17858800000000002,IND,DEU,21
21311817,104,61,112,1973.0,3795281.0,0.0,0.258108,0.616838,IND,DEU,21
21311818,104,61,112,1974.0,3380097.0,0.0,0.33256199999999997,0.7981550000000001,IND,DEU,21
21311819,104,61,112,1994.0,12679.0,3087540.0,0.025186,1.772895,IND,DEU,21
21311820,104,61,112,1995.0,6548.0,3301274.0,0.01404,1.850311,IND,DEU,21
21311821,104,61,112,1962.0,2187277.0,5707.0,0.198615,0.219928,IND,DEU,21
21311822,104,61,112,1963.0,2424049.0,10835.0,0.307498,0.38187,IND,DEU,21
21311823,104,61,112,1966.0,3075494.0,0.0,0.17943299999999998,0.123144,IND,DEU,21
21311824,104,61,112,1967.0,3017794.0,2073.0,0.066968,0.000591,IND,DEU,21
21311825,104,61,112,1968.0,3981377.0,0.0,0.1404,0.23993299999999998,IND,DEU,21
21311826,104,61,112,1969.0,3932779.0,1051.0,0.12667,0.26710100000000003,IND,DEU,21
21311827,104,61,112,1971.0,4086810.0,34480.0,0.28820999999999997,0.790629,IND,DEU,21
21311828,104,61,112,1996.0,5230.0,3077521.0,0.145769,1.983642,IND,DEU,21
21311829,104,61,112,1998.0,2607.0,7615960.0,0.23507600000000003,1.9966849999999998,IND,DEU,21
21311830,104,61,112,1999.0,2974.0,3672848.0,0.255682,2.051914,IND,DEU,21
21311831,104,61,112,1976.0,3396984.0,0.0,0.246308,1.0694780000000002,IND,DEU,21
21311832,104,61,112,1977.0,2304002.0,0.0,0.30897600000000003,1.179365,IND,DEU,21
21311833,106,61,112,1998.0,1625809.0,14278.0,1.563891,0.557487,IRL,DEU,21
21311834,106,61,112,1989.0,1607126.0,13172.0,1.431819,1.6028440000000002,IRL,DEU,21
21311835,106,61,112,1990.0,1238313.0,433974.0,1.3686639999999999,1.601638,IRL,DEU,21
21311836,106,61,112,1991.0,182617.0,0.0,1.458515,1.597335,IRL,DEU,21
21311837,106,61,112,1992.0,301229.0,18933.0,1.454172,1.397052,IRL,DEU,21
21311838,106,61,112,1993.0,33831.0,5699.0,1.406182,1.252259,IRL,DEU,21
21311839,106,61,112,1994.0,240565.0,289539.0,1.49633,1.1923059999999999,IRL,DEU,21
21311840,106,61,112,1995.0,222985.0,398041.0,1.33128,1.119522,IRL,DEU,21
21311841,106,61,112,1996.0,611236.0,179551.0,1.476369,1.049152,IRL,DEU,21
21311842,106,61,112,1997.0,1479038.0,24783.0,1.579974,1.018361,IRL,DEU,21
21311843,106,61,112,2002.0,4085171.0,32358.0,1.7939310000000002,0.219254,IRL,DEU,21
21311844,106,61,112,1999.0,523812.0,7263.0,1.6390529999999999,0.434187,IRL,DEU,21
21311845,106,61,112,2004.0,2115230.0,58435.0,1.498475,0.19050799999999998,IRL,DEU,21
21311846,106,61,112,2005.0,2835625.0,97105.0,1.510818,0.15796400000000002,IRL,DEU,21
21311847,106,61,112,2019.0,0.0,9709.0,1.346311,0.08135,IRL,DEU,21
21311848,106,61,112,2000.0,1565300.0,10538.0,1.647548,0.34018899999999996,IRL,DEU,21
21311849,106,61,112,2003.0,4138368.0,43664.0,1.606549,0.271095,IRL,DEU,21
21311850,106,61,112,2006.0,4619035.0,92996.0,1.501322,0.161375,IRL,DEU,21
21311851,106,61,112,2007.0,1728794.0,333304.0,1.258902,0.19405999999999998,IRL,DEU,21
21311852,106,61,112,2008.0,472255.0,52900.0,1.616759,0.313842,IRL,DEU,21
21311853,106,61,112,2011.0,3200636.0,12494.0,1.3108389999999999,0.416973,IRL,DEU,21
21311854,106,61,112,2016.0,597219.0,38334.0,1.320777,0.057924,IRL,DEU,21
21311855,106,61,112,2020.0,0.0,11742.0,1.347517,-0.054013,IRL,DEU,21
21311856,106,61,112,2018.0,0.0,1507.0,1.3647,0.094596,IRL,DEU,21
21311857,106,61,112,2014.0,4144036.0,5766964.0,1.3749790000000002,0.41131899999999993,IRL,DEU,21
21311858,106,61,112,1977.0,139507.0,2517.0,1.0669309999999999,1.7326290000000002,IRL,DEU,21
21311859,106,61,112,1978.0,1442521.0,9883.0,1.241455,2.019278,IRL,DEU,21
21311860,106,61,112,1979.0,3637271.0,25416.0,1.2035209999999998,1.984922,IRL,DEU,21
21311861,106,61,112,1980.0,4034192.0,31509.0,1.1750450000000001,1.8837840000000001,IRL,DEU,21
21311862,106,61,112,1981.0,1362618.0,55386.0,1.1687610000000002,1.7450029999999999,IRL,DEU,21
21311863,106,61,112,1982.0,2281032.0,0.0,1.196464,1.7925419999999999,IRL,DEU,21
21311864,106,61,112,1983.0,2425315.0,983.0,1.2106780000000001,1.870454,IRL,DEU,21
21311865,106,61,112,1985.0,3837301.0,0.0,1.387636,1.92661,IRL,DEU,21
21311866,106,61,112,1986.0,3497633.0,94456.0,1.432528,1.8014740000000002,IRL,DEU,21
21311867,106,61,112,1987.0,1771260.0,60386.0,1.444875,1.785686,IRL,DEU,21
21311868,106,61,112,1988.0,1892333.0,14144.0,1.392144,1.66136,IRL,DEU,21
21311869,106,61,112,2009.0,726192.0,2266.0,1.476167,0.182071,IRL,DEU,21
21311870,106,61,112,2010.0,2463395.0,25872.0,1.313718,0.320289,IRL,DEU,21
21311871,106,61,112,2012.0,2142334.0,63247.0,1.1761549999999998,0.279569,IRL,DEU,21
21311872,106,61,112,2015.0,540031.0,22667.0,1.3574979999999999,0.30526,IRL,DEU,21
21311873,106,61,112,2013.0,2996732.0,38994.0,1.32787,0.394579,IRL,DEU,21
21311874,106,61,112,1973.0,467867.0,16307.0,1.02512,2.048268,IRL,DEU,21
21311875,106,61,112,1974.0,341987.0,21555.0,1.049669,2.018593,IRL,DEU,21
21311876,106,61,112,1976.0,252393.0,0.0,1.124224,1.771824,IRL,DEU,21
21311877,106,61,112,1984.0,2096642.0,0.0,1.2627110000000001,1.863141,IRL,DEU,21
21311878,106,61,112,2001.0,3065537.0,26922.0,1.751955,0.210628,IRL,DEU,21
21311879,106,61,112,1975.0,138618.0,9451.0,1.024249,1.9186459999999999,IRL,DEU,21
21311880,106,61,112,1972.0,84564.0,2019.0,1.0786930000000001,1.8527799999999999,IRL,DEU,21
21311881,106,61,112,1970.0,104580.0,14468.0,1.0114040000000002,1.6679959999999998,IRL,DEU,21
21311882,106,61,112,1969.0,381237.0,16144.0,1.019945,1.368364,IRL,DEU,21
21311883,106,61,112,1971.0,45662.0,16695.0,1.0895219999999999,1.885416,IRL,DEU,21
21311884,106,61,112,1964.0,2741.0,1953.0,1.194336,1.368063,IRL,DEU,21
21311885,106,61,112,1963.0,26591.0,8197.0,1.00841,1.185389,IRL,DEU,21
21311886,106,61,112,1965.0,37843.0,3899.0,1.2583280000000001,1.46866,IRL,DEU,21
21311887,106,61,112,1966.0,91405.0,12467.0,1.140344,1.476546,IRL,DEU,21
21311888,106,61,112,1967.0,129121.0,4167.0,1.1038290000000002,1.361161,IRL,DEU,21
21311889,106,61,112,1968.0,99018.0,8058.0,1.054101,1.252786,IRL,DEU,21
21311890,106,61,112,1962.0,8685.0,6128.0,1.172661,1.215454,IRL,DEU,21
21311891,107,61,112,2000.0,77602.0,0.0,-0.8148770000000001,-1.040305,IRN,DEU,21
21311892,107,61,112,2002.0,13050.0,0.0,-0.665259,-0.840274,IRN,DEU,21
21311893,107,61,112,2010.0,174189.0,0.0,-0.652533,-0.8337200000000001,IRN,DEU,21
21311894,107,61,112,2016.0,56573.0,0.0,-0.408637,-0.340544,IRN,DEU,21
21311895,107,61,112,1963.0,1354086.0,11716.0,-0.41009799999999996,-0.585583,IRN,DEU,21
21311896,107,61,112,1964.0,721367.0,9433.0,-0.41108599999999995,-0.589431,IRN,DEU,21
21311897,107,61,112,1965.0,646493.0,0.0,-0.483706,-0.599962,IRN,DEU,21
21311898,107,61,112,1966.0,808517.0,2619.0,-0.568851,-0.659067,IRN,DEU,21
21311899,107,61,112,1967.0,520832.0,45876.0,-0.7533850000000001,-0.7051890000000001,IRN,DEU,21
21311900,107,61,112,1968.0,363236.0,26567.0,-0.731453,-0.764668,IRN,DEU,21
21311901,107,61,112,1970.0,211788.0,7265.0,-0.695179,-0.7469600000000001,IRN,DEU,21
21311902,107,61,112,1972.0,436997.0,27753.0,-0.835142,-0.724175,IRN,DEU,21
21311903,107,61,112,1973.0,843195.0,2479.0,-0.9837389999999999,-0.76788,IRN,DEU,21
21311904,107,61,112,1974.0,1065005.0,4813.0,-2.118092,-0.59177,IRN,DEU,21
21311905,107,61,112,2003.0,487111.0,0.0,-0.750112,-1.01989,IRN,DEU,21
21311906,107,61,112,2005.0,0.0,20183.0,-0.636587,-0.9648690000000001,IRN,DEU,21
21311907,107,61,112,2011.0,1129886.0,0.0,-0.9659200000000001,-0.9873870000000001,IRN,DEU,21
21311908,107,61,112,2013.0,155312.0,0.0,-0.23625100000000002,-0.256067,IRN,DEU,21
21311909,107,61,112,2014.0,232672.0,0.0,-0.47744899999999996,-0.429676,IRN,DEU,21
21311910,107,61,112,2015.0,94874.0,0.0,-0.189725,0.046002999999999995,IRN,DEU,21
21311911,107,61,112,1971.0,545433.0,23967.0,-0.7509680000000001,-0.721083,IRN,DEU,21
21311912,107,61,112,2009.0,81205.0,32505.0,-1.323253,-1.0889719999999998,IRN,DEU,21
21311913,107,61,112,1969.0,281019.0,8659.0,-0.682528,-0.748131,IRN,DEU,21
21311914,107,61,112,1975.0,1243945.0,53836.0,-2.038238,-0.614187,IRN,DEU,21
21311915,107,61,112,1999.0,44737.0,0.0,-0.899726,-1.1864780000000001,IRN,DEU,21
21311916,107,61,112,1962.0,502208.0,0.0,-0.913907,-0.6955520000000001,IRN,DEU,21
21311917,107,61,112,2012.0,296097.0,0.0,-1.06794,-0.993099,IRN,DEU,21
21311918,107,61,112,2007.0,0.0,21118.0,-0.827161,-0.98065,IRN,DEU,21
21311919,107,61,112,1995.0,12617.0,0.0,-0.795076,-1.079647,IRN,DEU,21
21311920,107,61,112,1982.0,71222.0,0.0,-0.948694,-0.811393,IRN,DEU,21
21311921,107,61,112,1983.0,91505.0,0.0,-1.3134620000000001,-0.8138310000000001,IRN,DEU,21
21311922,107,61,112,1980.0,1564972.0,0.0,-0.895202,-0.76684,IRN,DEU,21
21311923,107,61,112,1981.0,77908.0,0.0,-0.838517,-0.752366,IRN,DEU,21
21311924,107,61,112,1991.0,0.0,159480.0,-1.05049,-1.072884,IRN,DEU,21
21311925,107,61,112,1992.0,0.0,901688.0,-1.195108,-1.135155,IRN,DEU,21
21311926,107,61,112,1988.0,497537.0,0.0,-1.163358,-1.0771709999999999,IRN,DEU,21
21311927,107,61,112,1989.0,3751.0,0.0,-0.8905930000000001,-1.00755,IRN,DEU,21
21311928,107,61,112,1990.0,20591.0,0.0,-1.063192,-1.070738,IRN,DEU,21
21311929,107,61,112,1987.0,267847.0,0.0,-1.162514,-1.02646,IRN,DEU,21
21311930,107,61,112,1984.0,1785.0,0.0,-0.969959,-0.8599129999999999,IRN,DEU,21
21311931,107,61,112,1985.0,7771.0,0.0,-1.001685,-0.872569,IRN,DEU,21
21311932,107,61,112,1976.0,1209577.0,154979.0,-1.935759,-0.535729,IRN,DEU,21
21311933,107,61,112,1977.0,5199372.0,254839.0,-2.015409,-0.6156159999999999,IRN,DEU,21
21311934,107,61,112,1978.0,2837295.0,39331.0,-1.256348,-0.8338639999999999,IRN,DEU,21
21311935,107,61,112,1979.0,1739552.0,0.0,-1.074272,-0.8386120000000001,IRN,DEU,21
21311936,108,61,112,1972.0,37148.0,0.0,-0.858877,-0.659617,IRQ,DEU,21
21311937,108,61,112,1973.0,12491.0,0.0,-0.990534,-0.743896,IRQ,DEU,21
21311938,108,61,112,1974.0,14576.0,0.0,-1.447149,-0.44605900000000004,IRQ,DEU,21
21311939,108,61,112,1964.0,76215.0,0.0,-0.8249190000000001,-0.321725,IRQ,DEU,21
21311940,108,61,112,1965.0,133930.0,0.0,-0.84186,-0.377604,IRQ,DEU,21
21311941,108,61,112,1966.0,245772.0,0.0,-0.677716,-0.413113,IRQ,DEU,21
21311942,108,61,112,1968.0,16605.0,0.0,-0.935797,-0.522099,IRQ,DEU,21
21311943,108,61,112,1963.0,243153.0,0.0,-0.503066,-0.415983,IRQ,DEU,21
21311944,108,61,112,1967.0,170463.0,0.0,-0.914665,-0.541453,IRQ,DEU,21
21311945,108,61,112,1969.0,17498.0,0.0,-0.785899,-0.527582,IRQ,DEU,21
21311946,108,61,112,1979.0,8496.0,0.0,-1.473502,-0.453668,IRQ,DEU,21
21311947,108,61,112,1988.0,183662.0,0.0,-0.388666,-0.687445,IRQ,DEU,21
21311948,108,61,112,1978.0,15149.0,0.0,-1.714645,-0.535328,IRQ,DEU,21
21311949,108,61,112,1976.0,68179.0,0.0,-1.650196,-0.379011,IRQ,DEU,21
21311950,108,61,112,1977.0,3766.0,0.0,-2.127471,-0.46596800000000005,IRQ,DEU,21
21311951,108,61,112,1962.0,131225.0,0.0,-0.726273,-0.39796,IRQ,DEU,21
21311952,109,61,112,1974.0,256199.0,0.0,0.335125,-0.308267,ISL,DEU,21
21311953,109,61,112,1972.0,274522.0,0.0,0.34814,-0.364653,ISL,DEU,21
21311954,109,61,112,1973.0,207758.0,0.0,0.290414,-0.361644,ISL,DEU,21
21311955,109,61,112,1975.0,277492.0,3435.0,0.361824,-0.346448,ISL,DEU,21
21311956,109,61,112,1977.0,176192.0,0.0,0.23081100000000002,-0.475092,ISL,DEU,21
21311957,109,61,112,1970.0,317594.0,0.0,0.364904,-0.262734,ISL,DEU,21
21311958,109,61,112,1971.0,395545.0,0.0,0.12083900000000002,-0.37900100000000003,ISL,DEU,21
21311959,109,61,112,2017.0,889058.0,0.0,0.279223,-0.34883600000000003,ISL,DEU,21
21311960,109,61,112,2007.0,557351.0,0.0,0.104736,-0.366336,ISL,DEU,21
21311961,109,61,112,2012.0,1142730.0,0.0,0.20266800000000001,-0.203262,ISL,DEU,21
21311962,109,61,112,2013.0,1725887.0,0.0,0.284089,-0.164097,ISL,DEU,21
21311963,109,61,112,2014.0,1843794.0,0.0,0.130097,-0.313819,ISL,DEU,21
21311964,109,61,112,2015.0,1125519.0,0.0,0.20566199999999998,-0.5166689999999999,ISL,DEU,21
21311965,109,61,112,2009.0,478114.0,0.0,0.252143,-0.210652,ISL,DEU,21
21311966,109,61,112,2019.0,246050.0,0.0,0.416702,-0.22068400000000002,ISL,DEU,21
21311967,109,61,112,2010.0,367362.0,0.0,0.105099,-0.41916899999999996,ISL,DEU,21
21311968,109,61,112,2011.0,1514373.0,0.0,0.146537,-0.294022,ISL,DEU,21
21311969,109,61,112,2016.0,1674267.0,0.0,0.099623,-0.404352,ISL,DEU,21
21311970,109,61,112,2018.0,172833.0,0.0,0.161776,-0.293048,ISL,DEU,21
21311971,109,61,112,2004.0,271943.0,0.0,0.107901,-0.41223699999999996,ISL,DEU,21
21311972,109,61,112,2003.0,0.0,139887.0,0.266671,-0.41046800000000006,ISL,DEU,21
21311973,109,61,112,2008.0,787161.0,0.0,0.264519,-0.25590300000000005,ISL,DEU,21
21311974,109,61,112,1993.0,0.0,30915.0,0.048244,-0.500993,ISL,DEU,21
21311975,109,61,112,2020.0,113370.0,0.0,0.29827600000000004,-0.21413400000000002,ISL,DEU,21
21311976,109,61,112,1989.0,15997.0,38184.0,-0.083261,-0.6244609999999999,ISL,DEU,21
21311977,109,61,112,1990.0,28369.0,25248.0,-0.008551999999999999,-0.599178,ISL,DEU,21
21311978,109,61,112,1962.0,1030295.0,0.0,-0.21506,-0.56042,ISL,DEU,21
21311979,109,61,112,1963.0,1356108.0,968.0,0.06884900000000001,-0.48420799999999997,ISL,DEU,21
21311980,109,61,112,1964.0,963163.0,0.0,0.07183200000000001,-0.495705,ISL,DEU,21
21311981,109,61,112,1965.0,812740.0,3660.0,-0.030547,-0.48455,ISL,DEU,21
21311982,109,61,112,1966.0,794093.0,0.0,-0.078766,-0.48414700000000005,ISL,DEU,21
21311983,109,61,112,1967.0,405562.0,0.0,0.055875,-0.39217399999999997,ISL,DEU,21
21311984,109,61,112,1968.0,674688.0,0.0,0.282911,-0.326735,ISL,DEU,21
21311985,109,61,112,1969.0,323803.0,0.0,0.448646,-0.364207,ISL,DEU,21
21311986,109,61,112,1980.0,411738.0,0.0,0.281283,-0.316542,ISL,DEU,21
21311987,109,61,112,2000.0,3435.0,0.0,-0.070436,-0.5575439999999999,ISL,DEU,21
21311988,109,61,112,1981.0,87658.0,0.0,0.145203,-0.40742399999999995,ISL,DEU,21
21311989,109,61,112,1982.0,26232.0,0.0,0.14613099999999998,-0.4196,ISL,DEU,21
21311990,109,61,112,2006.0,693737.0,0.0,0.06816699999999999,-0.36412,ISL,DEU,21
21311991,109,61,112,2005.0,453745.0,0.0,0.213273,-0.41185,ISL,DEU,21
21311992,109,61,112,1997.0,0.0,3133.0,0.33665700000000004,-0.42348,ISL,DEU,21
21311993,109,61,112,1998.0,44693.0,0.0,-0.062625,-0.590518,ISL,DEU,21
21311994,109,61,112,1991.0,24913.0,56285.0,-0.078162,-0.479904,ISL,DEU,21
21311995,109,61,112,1995.0,0.0,1254.0,0.202241,-0.423059,ISL,DEU,21
21311996,109,61,112,1985.0,26314.0,39784.0,0.187125,-0.2782,ISL,DEU,21
21311997,109,61,112,1988.0,388564.0,111705.0,0.012167,-0.5386529999999999,ISL,DEU,21
21311998,109,61,112,1992.0,6493.0,53084.0,-0.076691,-0.630567,ISL,DEU,21
21311999,109,61,112,1979.0,407979.0,0.0,0.1725,-0.38531,ISL,DEU,21
21312000,109,61,112,1978.0,315277.0,2455.0,0.021804,-0.5039640000000001,ISL,DEU,21
21312001,109,61,112,1983.0,35009.0,4108.0,-0.059861000000000004,-0.530356,ISL,DEU,21
21312002,109,61,112,1984.0,15154.0,10829.0,0.132997,-0.43058,ISL,DEU,21
21312003,109,61,112,1986.0,51644.0,117110.0,-0.054988,-0.5435909999999999,ISL,DEU,21
21312004,109,61,112,1987.0,76864.0,40258.0,0.039143,-0.508159,ISL,DEU,21
21312005,110,61,112,1997.0,9459.0,15702.0,1.404901,1.072135,ISR,DEU,21
21312006,110,61,112,2016.0,0.0,1917.0,0.9932219999999999,0.7518819999999999,ISR,DEU,21
21312007,110,61,112,2003.0,241592.0,0.0,1.2380200000000001,0.875008,ISR,DEU,21
21312008,110,61,112,2020.0,0.0,2866.0,1.14571,1.010117,ISR,DEU,21
21312009,110,61,112,1998.0,34670.0,53787.0,1.285633,1.026542,ISR,DEU,21
21312010,110,61,112,2013.0,0.0,4800.0,1.0247629999999999,0.8261639999999999,ISR,DEU,21
21312011,110,61,112,2008.0,0.0,39987.0,1.0136290000000001,0.8821379999999999,ISR,DEU,21
21312012,110,61,112,2005.0,0.0,14775.0,1.3035649999999999,0.791546,ISR,DEU,21
21312013,110,61,112,2007.0,0.0,6691.0,0.941543,0.774671,ISR,DEU,21
21312014,110,61,112,2017.0,0.0,5775.0,1.158779,0.8909020000000001,ISR,DEU,21
21312015,110,61,112,2004.0,0.0,18333.0,1.252895,0.8662770000000001,ISR,DEU,21
21312016,110,61,112,2002.0,545305.0,0.0,1.257709,0.8318989999999999,ISR,DEU,21
21312017,110,61,112,2001.0,79235.0,19616.0,1.17675,0.900401,ISR,DEU,21
21312018,110,61,112,1994.0,0.0,15541.0,1.374142,1.23864,ISR,DEU,21
21312019,110,61,112,1995.0,27727.0,0.0,1.209314,1.10886,ISR,DEU,21
21312020,110,61,112,1996.0,8604.0,121578.0,1.159922,1.025777,ISR,DEU,21
21312021,110,61,112,1971.0,0.0,11876.0,0.8357530000000001,0.8589479999999999,ISR,DEU,21
21312022,110,61,112,1970.0,0.0,13259.0,1.037456,0.982367,ISR,DEU,21
21312023,110,61,112,1972.0,3871.0,85569.0,0.855844,0.797624,ISR,DEU,21
21312024,110,61,112,1973.0,2959.0,156571.0,0.793563,0.692054,ISR,DEU,21
21312025,110,61,112,1974.0,5277.0,814334.0,0.833578,1.173237,ISR,DEU,21
21312026,110,61,112,1962.0,0.0,6013.0,1.282199,1.243937,ISR,DEU,21
21312027,110,61,112,1969.0,1860.0,42253.0,0.959362,0.7913640000000001,ISR,DEU,21
21312028,110,61,112,2000.0,77370.0,0.0,1.4153870000000002,0.828117,ISR,DEU,21
21312029,110,61,112,1993.0,0.0,79447.0,1.395248,1.0915059999999999,ISR,DEU,21
21312030,110,61,112,1990.0,0.0,136345.0,1.247019,1.339646,ISR,DEU,21
21312031,110,61,112,1981.0,5130.0,36599.0,1.007167,1.238278,ISR,DEU,21
21312032,110,61,112,1983.0,0.0,6321.0,1.129649,1.3458809999999999,ISR,DEU,21
21312033,110,61,112,1987.0,24022.0,69054.0,1.252556,1.127185,ISR,DEU,21
21312034,110,61,112,1988.0,0.0,12515.0,1.335792,1.254102,ISR,DEU,21
21312035,110,61,112,1989.0,29787.0,45937.0,1.393693,1.323949,ISR,DEU,21
21312036,110,61,112,1991.0,0.0,197961.0,1.361392,1.2648979999999999,ISR,DEU,21
21312037,110,61,112,1963.0,0.0,15664.0,1.178854,1.17278,ISR,DEU,21
21312038,110,61,112,1964.0,0.0,24450.0,1.149641,1.217095,ISR,DEU,21
21312039,110,61,112,1965.0,0.0,21777.0,1.179715,1.108424,ISR,DEU,21
21312040,110,61,112,1966.0,0.0,56488.0,1.0452700000000001,0.7968350000000001,ISR,DEU,21
21312041,110,61,112,1967.0,0.0,38026.0,1.0005469999999999,0.883035,ISR,DEU,21
21312042,110,61,112,1986.0,0.0,108305.0,1.160508,1.118791,ISR,DEU,21
21312043,110,61,112,1975.0,4819.0,89863.0,0.9463469999999999,1.2375459999999998,ISR,DEU,21
21312044,110,61,112,1985.0,0.0,989.0,1.22975,1.346886,ISR,DEU,21
21312045,110,61,112,1982.0,0.0,45805.0,1.057921,1.3784299999999998,ISR,DEU,21
21312046,110,61,112,1968.0,0.0,36632.0,1.105346,0.8750629999999999,ISR,DEU,21
21312047,110,61,112,1992.0,0.0,125172.0,1.354362,1.3260530000000001,ISR,DEU,21
21312048,110,61,112,1980.0,16992.0,1000.0,0.9976389999999999,1.151031,ISR,DEU,21
21312049,110,61,112,1979.0,2002.0,988.0,0.956289,1.127865,ISR,DEU,21
21312050,110,61,112,1978.0,0.0,36619.0,0.9692790000000001,0.826285,ISR,DEU,21
21312051,110,61,112,1976.0,7636.0,75380.0,1.0597299999999998,1.3418430000000001,ISR,DEU,21
21312052,110,61,112,1977.0,0.0,166223.0,0.893641,1.064042,ISR,DEU,21
21312053,111,61,112,1988.0,10000581.0,107389568.0,1.730975,1.12053,ITA,DEU,21
21312054,111,61,112,1989.0,9699094.0,90262108.0,1.685014,1.1221780000000001,ITA,DEU,21
21312055,111,61,112,1990.0,9495356.0,116948251.0,1.7684220000000002,1.1535,ITA,DEU,21
21312056,111,61,112,1992.0,4701105.0,88052991.0,1.7819,0.981246,ITA,DEU,21
21312057,111,61,112,1997.0,3203719.0,56689375.0,1.596917,0.8313959999999999,ITA,DEU,21
21312058,111,61,112,2003.0,4317631.0,64898222.0,1.453316,0.9161159999999999,ITA,DEU,21
21312059,111,61,112,2005.0,7937381.0,99871768.0,1.463563,0.394074,ITA,DEU,21
21312060,111,61,112,2006.0,10725530.0,109787679.0,1.416017,0.161859,ITA,DEU,21
21312061,111,61,112,2007.0,10877200.0,105935126.0,1.4059469999999998,-0.257344,ITA,DEU,21
21312062,111,61,112,2008.0,7017390.0,114227473.0,1.3792790000000001,-0.261705,ITA,DEU,21
21312063,111,61,112,2009.0,7692070.0,70626072.0,1.392902,-0.171999,ITA,DEU,21
21312064,111,61,112,2010.0,14880617.0,96281305.0,1.416572,-0.054268,ITA,DEU,21
21312065,111,61,112,2011.0,17374476.0,122596448.0,1.41076,-0.277438,ITA,DEU,21
21312066,111,61,112,2012.0,17057462.0,104236171.0,1.396626,-0.43950500000000003,ITA,DEU,21
21312067,111,61,112,2013.0,17366663.0,140093474.0,1.419383,-0.304402,ITA,DEU,21
21312068,111,61,112,2014.0,21357608.0,128672424.0,1.476328,-0.293302,ITA,DEU,21
21312069,111,61,112,2015.0,15424755.0,123195359.0,1.439387,0.302892,ITA,DEU,21
21312070,111,61,112,2016.0,12408885.0,104682180.0,1.461526,0.316891,ITA,DEU,21
21312071,111,61,112,2017.0,7921426.0,28653528.0,1.4374559999999998,0.21079699999999998,ITA,DEU,21
21312072,111,61,112,2018.0,7837873.0,30265927.0,1.4594799999999999,0.05113,ITA,DEU,21
21312073,111,61,112,2019.0,6117559.0,32810667.0,1.3590440000000001,0.5138189999999999,ITA,DEU,21
21312074,111,61,112,2020.0,6890956.0,26247746.0,1.335323,0.45980299999999996,ITA,DEU,21
21312075,111,61,112,1993.0,2229466.0,85534837.0,1.7575290000000001,0.804057,ITA,DEU,21
21312076,111,61,112,1994.0,2222520.0,98897546.0,1.70082,0.976709,ITA,DEU,21
21312077,111,61,112,1995.0,3960834.0,84272877.0,1.650924,0.900234,ITA,DEU,21
21312078,111,61,112,1996.0,3423750.0,85169423.0,1.591442,0.875201,ITA,DEU,21
21312079,111,61,112,1998.0,3585160.0,54578106.0,1.559504,0.802303,ITA,DEU,21
21312080,111,61,112,1999.0,3816329.0,47314758.0,1.488427,0.926016,ITA,DEU,21
21312081,111,61,112,2000.0,3303700.0,43850388.0,1.51508,0.818283,ITA,DEU,21
21312082,111,61,112,2001.0,4418155.0,52486554.0,1.488545,0.8410610000000001,ITA,DEU,21
21312083,111,61,112,2002.0,7017911.0,74439779.0,1.3944219999999998,1.125362,ITA,DEU,21
21312084,111,61,112,2004.0,6830948.0,60952296.0,1.440372,0.676068,ITA,DEU,21
21312085,111,61,112,1991.0,5758570.0,99752724.0,1.7996849999999998,1.010109,ITA,DEU,21
21312086,111,61,112,1973.0,4116193.0,23194709.0,1.972735,1.037512,ITA,DEU,21
21312087,111,61,112,1962.0,4477774.0,5248229.0,1.9718330000000002,2.51966,ITA,DEU,21
21312088,111,61,112,1965.0,3313989.0,6150492.0,2.0409669999999998,2.302946,ITA,DEU,21
21312089,111,61,112,1966.0,2813632.0,8529855.0,1.952043,2.257403,ITA,DEU,21
21312090,111,61,112,1969.0,1966154.0,8869823.0,2.064301,1.562306,ITA,DEU,21
21312091,111,61,112,1977.0,2644758.0,47376265.0,1.491034,0.969419,ITA,DEU,21
21312092,111,61,112,1980.0,4775362.0,58394454.0,1.571277,0.20831,ITA,DEU,21
21312093,111,61,112,1975.0,2325057.0,25929369.0,1.790963,-0.633931,ITA,DEU,21
21312094,111,61,112,1983.0,6014148.0,59537553.0,1.688243,0.32974699999999996,ITA,DEU,21
21312095,111,61,112,1963.0,3349930.0,5854757.0,1.9434490000000002,2.354488,ITA,DEU,21
21312096,111,61,112,1964.0,3978715.0,4310788.0,1.970029,2.32685,ITA,DEU,21
21312097,111,61,112,1968.0,2626324.0,8496638.0,1.8991650000000002,1.865793,ITA,DEU,21
21312098,111,61,112,1970.0,2517185.0,10510948.0,2.01175,1.512494,ITA,DEU,21
21312099,111,61,112,1971.0,1597640.0,13217043.0,2.039661,1.10519,ITA,DEU,21
21312100,111,61,112,1979.0,4738937.0,97831703.0,1.618028,1.0887790000000002,ITA,DEU,21
21312101,111,61,112,1982.0,3134117.0,71939155.0,1.612258,0.335829,ITA,DEU,21
21312102,111,61,112,1984.0,4269574.0,86690834.0,1.662189,0.512061,ITA,DEU,21
21312103,111,61,112,1985.0,3182856.0,78052859.0,1.73984,0.802181,ITA,DEU,21
21312104,111,61,112,1967.0,2342664.0,9342735.0,1.9909290000000002,1.899921,ITA,DEU,21
21312105,111,61,112,1972.0,2287129.0,16219264.0,1.9394419999999999,1.579826,ITA,DEU,21
21312106,111,61,112,1974.0,3850846.0,23875183.0,1.661993,-0.225104,ITA,DEU,21
21312107,111,61,112,1978.0,4059486.0,70412121.0,1.6621380000000001,1.231837,ITA,DEU,21
21312108,111,61,112,1981.0,3646086.0,73752143.0,1.538904,0.084879,ITA,DEU,21
21312109,111,61,112,1986.0,2805096.0,93627650.0,1.822242,1.180374,ITA,DEU,21
21312110,111,61,112,1987.0,8350781.0,101556092.0,1.713453,1.458424,ITA,DEU,21
21312111,111,61,112,1976.0,2677726.0,47424643.0,1.7114169999999997,0.009824,ITA,DEU,21
21312112,112,61,112,1974.0,56351.0,0.0,0.351125,-0.239936,JAM,DEU,21
21312113,112,61,112,1969.0,2252.0,0.0,0.175792,-0.535303,JAM,DEU,21
21312114,112,61,112,1967.0,4912.0,0.0,0.195723,-0.576855,JAM,DEU,21
21312115,113,61,112,2014.0,9012.0,0.0,0.23508800000000002,0.47597,JOR,DEU,21
21312116,113,61,112,1987.0,3660.0,4975.0,0.813353,0.28421399999999997,JOR,DEU,21
21312117,113,61,112,1994.0,0.0,2068.0,0.9691629999999999,0.534539,JOR,DEU,21
21312118,113,61,112,1995.0,0.0,90563.0,0.696947,0.508714,JOR,DEU,21
21312119,113,61,112,2003.0,13388.0,0.0,0.119742,0.457762,JOR,DEU,21
21312120,113,61,112,1992.0,1480.0,0.0,0.716964,0.5323760000000001,JOR,DEU,21
21312121,113,61,112,1964.0,0.0,2079.0,0.491001,0.140779,JOR,DEU,21
21312122,113,61,112,1972.0,7659.0,0.0,0.324831,-0.033519,JOR,DEU,21
21312123,113,61,112,1973.0,0.0,41880.0,0.40568200000000004,-0.014041,JOR,DEU,21
21312124,114,61,112,2005.0,14992.0,1234689.0,2.648982,0.074001,JPN,DEU,21
21312125,114,61,112,2011.0,0.0,642490.0,2.352529,-0.418184,JPN,DEU,21
21312126,114,61,112,2012.0,0.0,1156178.0,2.325746,-0.8705649999999999,JPN,DEU,21
21312127,114,61,112,2009.0,0.0,711851.0,2.284744,-0.341893,JPN,DEU,21
21312128,114,61,112,2010.0,0.0,794472.0,2.435816,-0.302669,JPN,DEU,21
21312129,114,61,112,2014.0,4105.0,753034.0,2.297789,-0.58585,JPN,DEU,21
21312130,114,61,112,2015.0,0.0,586095.0,2.485208,-0.303642,JPN,DEU,21
21312131,114,61,112,2016.0,77088.0,121245.0,2.550074,-0.479725,JPN,DEU,21
21312132,114,61,112,2017.0,0.0,28644.0,2.4440779999999998,-0.46107700000000007,JPN,DEU,21
21312133,114,61,112,2000.0,0.0,1462268.0,2.8218240000000003,0.255803,JPN,DEU,21
21312134,114,61,112,2001.0,30258.0,1107267.0,2.674032,0.445636,JPN,DEU,21
21312135,114,61,112,2002.0,42818.0,486112.0,2.7747580000000003,0.43663199999999996,JPN,DEU,21
21312136,114,61,112,2003.0,0.0,3172757.0,2.675147,0.30545500000000003,JPN,DEU,21
21312137,114,61,112,2004.0,0.0,4329308.0,2.756136,0.15545,JPN,DEU,21
21312138,114,61,112,2006.0,0.0,955539.0,2.442213,-0.046222000000000006,JPN,DEU,21
21312139,114,61,112,2007.0,0.0,646362.0,2.305024,0.037929000000000004,JPN,DEU,21
21312140,114,61,112,2008.0,0.0,1200438.0,2.317756,-0.092927,JPN,DEU,21
21312141,114,61,112,1969.0,64642.0,118319.0,1.9296520000000001,2.2147919999999996,JPN,DEU,21
21312142,114,61,112,1970.0,63412.0,371760.0,1.9336740000000001,2.197542,JPN,DEU,21
21312143,114,61,112,1971.0,72666.0,401482.0,1.862756,2.170372,JPN,DEU,21
21312144,114,61,112,1972.0,76309.0,411203.0,2.026459,2.278375,JPN,DEU,21
21312145,114,61,112,1974.0,99054.0,731877.0,1.7789599999999999,1.66386,JPN,DEU,21
21312146,114,61,112,1975.0,0.0,794506.0,1.984416,1.39,JPN,DEU,21
21312147,114,61,112,1978.0,87607.0,317944.0,2.064061,1.7039259999999998,JPN,DEU,21
21312148,114,61,112,1979.0,446819.0,43144.0,2.0317369999999997,1.391941,JPN,DEU,21
21312149,114,61,112,1976.0,26886.0,259258.0,1.845602,1.728366,JPN,DEU,21
21312150,114,61,112,1977.0,76980.0,714652.0,1.7058099999999998,1.427063,JPN,DEU,21
21312151,114,61,112,1983.0,185040.0,127610.0,2.041198,1.0538319999999999,JPN,DEU,21
21312152,114,61,112,1989.0,22662.0,632139.0,2.348643,1.060689,JPN,DEU,21
21312153,114,61,112,1992.0,149577.0,713015.0,2.451698,0.875639,JPN,DEU,21
21312154,114,61,112,1988.0,139501.0,486601.0,2.401594,1.012665,JPN,DEU,21
21312155,114,61,112,1990.0,6241.0,141310.0,2.407913,1.0777079999999999,JPN,DEU,21
21312156,114,61,112,1991.0,25870.0,834345.0,2.447788,1.084934,JPN,DEU,21
21312157,114,61,112,1993.0,51445.0,7369783.0,2.501478,0.804914,JPN,DEU,21
21312158,114,61,112,1994.0,43587.0,4723567.0,2.753766,0.735503,JPN,DEU,21
21312159,114,61,112,2013.0,0.0,782467.0,2.333417,-0.818701,JPN,DEU,21
21312160,114,61,112,1962.0,23636.0,156562.0,2.091124,2.289679,JPN,DEU,21
21312161,114,61,112,1965.0,42967.0,404820.0,1.944695,2.444343,JPN,DEU,21
21312162,114,61,112,1966.0,32541.0,237190.0,1.88198,2.305387,JPN,DEU,21
21312163,114,61,112,1967.0,34635.0,243087.0,1.878785,2.322468,JPN,DEU,21
21312164,114,61,112,1973.0,53339.0,578688.0,2.1298220000000003,2.043215,JPN,DEU,21
21312165,114,61,112,1980.0,152870.0,75665.0,1.7941060000000002,1.153126,JPN,DEU,21
21312166,114,61,112,1981.0,0.0,131463.0,1.893759,0.7233890000000001,JPN,DEU,21
21312167,114,61,112,1982.0,48047.0,49090.0,2.03134,0.716025,JPN,DEU,21
21312168,114,61,112,1963.0,20472.0,704348.0,1.9171509999999998,2.3428720000000003,JPN,DEU,21
21312169,114,61,112,1964.0,10326.0,752841.0,1.8959720000000002,2.332291,JPN,DEU,21
21312170,114,61,112,1968.0,46012.0,147003.0,1.844871,2.2220470000000003,JPN,DEU,21
21312171,114,61,112,1984.0,0.0,143955.0,2.1470740000000004,0.9942190000000001,JPN,DEU,21
21312172,114,61,112,1985.0,7929.0,107709.0,2.261116,1.096217,JPN,DEU,21
21312173,114,61,112,1987.0,19459.0,313672.0,2.4350669999999996,1.265743,JPN,DEU,21
21312174,114,61,112,1995.0,40444.0,5097585.0,2.756992,0.69287,JPN,DEU,21
21312175,114,61,112,1996.0,133168.0,7913507.0,2.858869,0.477455,JPN,DEU,21
21312176,114,61,112,1997.0,77562.0,6085040.0,2.771316,0.545821,JPN,DEU,21
21312177,114,61,112,1998.0,8386.0,3071446.0,2.712293,0.508761,JPN,DEU,21
21312178,114,61,112,1986.0,240102.0,180678.0,2.441023,1.331998,JPN,DEU,21
21312179,114,61,112,1999.0,0.0,1463664.0,2.770339,0.431939,JPN,DEU,21
21312180,115,61,112,2004.0,1214650.0,0.0,-0.43987200000000004,-0.50862,KAZ,DEU,21
21312181,115,61,112,2005.0,58510.0,0.0,-0.270843,-0.552755,KAZ,DEU,21
21312182,115,61,112,2014.0,0.0,2129.0,-0.503438,-0.5477850000000001,KAZ,DEU,21
21312183,115,61,112,2020.0,5212.0,0.0,-0.332067,-0.40105799999999997,KAZ,DEU,21
21312184,115,61,112,2007.0,0.0,5295.0,-0.373721,-0.492806,KAZ,DEU,21
21312185,115,61,112,2000.0,806845.0,0.0,-0.16554100000000002,-0.70523,KAZ,DEU,21
21312186,115,61,112,2001.0,2269757.0,5639.0,-0.05773,-0.44668500000000005,KAZ,DEU,21
21312187,115,61,112,2002.0,1981762.0,0.0,-0.100361,-0.502468,KAZ,DEU,21
21312188,115,61,112,2003.0,1724462.0,0.0,-0.13421,-0.40886300000000003,KAZ,DEU,21
21312189,115,61,112,1999.0,42764.0,2312.0,-0.16708499999999998,-0.517546,KAZ,DEU,21
21312190,115,61,112,1995.0,137519.0,31184.0,0.052264,-0.342515,KAZ,DEU,21
21312191,115,61,112,1996.0,147002.0,4345.0,0.455772,0.16361099999999998,KAZ,DEU,21
21312192,115,61,112,1993.0,288194.0,0.0,-0.058046,-0.293719,KAZ,DEU,21
21312193,115,61,112,1994.0,622012.0,0.0,0.006261999999999999,-0.307358,KAZ,DEU,21
21312194,115,61,112,1992.0,497993.0,0.0,-0.084852,-0.5466260000000001,KAZ,DEU,21
21312195,116,61,112,2003.0,49392.0,0.0,-0.577454,0.152851,KEN,DEU,21
21312196,116,61,112,2004.0,85623.0,0.0,-0.565597,0.182375,KEN,DEU,21
21312197,116,61,112,2005.0,26098.0,0.0,-0.600859,0.38750300000000004,KEN,DEU,21
21312198,116,61,112,1986.0,30895.0,0.0,-0.260617,-0.146083,KEN,DEU,21
21312199,116,61,112,1987.0,7348.0,0.0,-0.128599,0.039367,KEN,DEU,21
21312200,116,61,112,1999.0,3855.0,0.0,-0.387891,0.2622,KEN,DEU,21
21312201,116,61,112,1997.0,0.0,2785.0,-0.363967,0.218183,KEN,DEU,21
21312202,116,61,112,1982.0,29248.0,0.0,-0.147702,-0.006664,KEN,DEU,21
21312203,116,61,112,1994.0,1687.0,0.0,-0.167524,0.304138,KEN,DEU,21
21312204,116,61,112,1980.0,56624.0,0.0,-0.061068,0.002159,KEN,DEU,21
21312205,116,61,112,1981.0,52252.0,0.0,-0.15535,-0.135259,KEN,DEU,21
21312206,116,61,112,1963.0,679862.0,0.0,-0.802007,-0.7357319999999999,KEN,DEU,21
21312207,116,61,112,1975.0,70241.0,0.0,-0.35387399999999997,-0.273845,KEN,DEU,21
21312208,116,61,112,1983.0,30300.0,0.0,-0.266223,-0.134687,KEN,DEU,21
21312209,116,61,112,1962.0,870657.0,0.0,-0.572801,-0.617742,KEN,DEU,21
21312210,116,61,112,1974.0,24930.0,0.0,-0.20061099999999998,-0.186074,KEN,DEU,21
21312211,116,61,112,1971.0,70322.0,0.0,-0.119521,0.044922000000000004,KEN,DEU,21
21312212,116,61,112,1964.0,249684.0,0.0,-0.59296,-0.6270640000000001,KEN,DEU,21
21312213,116,61,112,1965.0,483050.0,0.0,-0.440644,-0.451308,KEN,DEU,21
21312214,116,61,112,1967.0,100980.0,3135.0,-0.225152,-0.22525799999999999,KEN,DEU,21
21312215,116,61,112,1970.0,108313.0,0.0,-0.367231,-0.24619000000000002,KEN,DEU,21
21312216,116,61,112,1972.0,113663.0,0.0,-0.387623,-0.288682,KEN,DEU,21
21312217,116,61,112,1968.0,115335.0,0.0,-0.301844,-0.318616,KEN,DEU,21
21312218,116,61,112,1969.0,247076.0,0.0,-0.23558099999999998,-0.24234299999999998,KEN,DEU,21
21312219,116,61,112,1973.0,57745.0,0.0,-0.496364,-0.283339,KEN,DEU,21
21312220,116,61,112,1989.0,5117.0,0.0,-0.568276,-0.555495,KEN,DEU,21
21312221,116,61,112,1966.0,449707.0,0.0,-0.42591599999999996,-0.389405,KEN,DEU,21
21312222,116,61,112,1979.0,34083.0,0.0,-0.23346599999999998,-0.329313,KEN,DEU,21
21312223,116,61,112,1978.0,4543.0,0.0,-0.745205,-0.659203,KEN,DEU,21
21312224,116,61,112,1976.0,368463.0,0.0,0.166204,0.09261799999999999,KEN,DEU,21
21312225,116,61,112,1977.0,214379.0,0.0,-0.039849,-0.10412300000000001,KEN,DEU,21
21312226,117,61,112,2003.0,60039.0,0.0,-0.100481,0.427526,KGZ,DEU,21
21312227,117,61,112,2004.0,8864.0,0.0,-0.263776,0.503736,KGZ,DEU,21
21312228,117,61,112,2016.0,70468.0,0.0,0.20501100000000003,0.657593,KGZ,DEU,21
21312229,117,61,112,2002.0,111961.0,0.0,-0.094898,0.235639,KGZ,DEU,21
21312230,117,61,112,2000.0,0.0,18002.0,0.215581,0.343262,KGZ,DEU,21
21312231,117,61,112,2001.0,16699.0,151059.0,0.125827,0.431141,KGZ,DEU,21
21312232,117,61,112,2005.0,129628.0,0.0,-0.283401,0.284854,KGZ,DEU,21
21312233,117,61,112,2007.0,1111.0,0.0,0.021322,0.06686,KGZ,DEU,21
21312234,118,61,112,2006.0,101461.0,0.0,-0.841936,-1.038648,KHM,DEU,21
21312235,118,61,112,2019.0,0.0,82019.0,-0.47361800000000004,-0.43366800000000005,KHM,DEU,21
21312236,118,61,112,1965.0,38379.0,0.0,-1.017878,-0.784007,KHM,DEU,21
21312237,118,61,112,1967.0,51266.0,0.0,-0.710676,-0.8091109999999999,KHM,DEU,21
21312238,118,61,112,1969.0,38629.0,0.0,-0.854927,-0.891966,KHM,DEU,21
21312239,118,61,112,1970.0,4451.0,0.0,-1.069299,-0.9251370000000001,KHM,DEU,21
21312240,118,61,112,1973.0,25250.0,0.0,-1.124735,-0.95806,KHM,DEU,21
21312241,118,61,112,1964.0,22569.0,0.0,-0.8528290000000001,-0.699127,KHM,DEU,21
21312242,118,61,112,1966.0,41416.0,0.0,-0.977049,-0.811238,KHM,DEU,21
21312243,118,61,112,1963.0,998.0,0.0,-0.827234,-0.796343,KHM,DEU,21
21312244,118,61,112,1968.0,26601.0,0.0,-0.6683680000000001,-0.9116620000000001,KHM,DEU,21
21312245,120,61,112,2000.0,0.0,2212.0,0.774566,-0.46352299999999996,KNA,DEU,21
21312246,121,61,112,1992.0,7444.0,634553.0,0.778066,1.3011139999999999,KOR,DEU,21
21312247,121,61,112,2010.0,9738.0,391217.0,1.750156,0.7546390000000001,KOR,DEU,21
21312248,121,61,112,2004.0,39765.0,1551879.0,1.481275,0.7859,KOR,DEU,21
21312249,121,61,112,2005.0,3185.0,2113653.0,1.6829720000000001,0.8396809999999999,KOR,DEU,21
21312250,121,61,112,2006.0,24694.0,1645149.0,1.588589,0.799507,KOR,DEU,21
21312251,121,61,112,2007.0,26231.0,236516.0,1.565779,0.740676,KOR,DEU,21
21312252,121,61,112,2008.0,12291.0,39780.0,1.552706,0.75093,KOR,DEU,21
21312253,121,61,112,2009.0,10828.0,630541.0,1.6550619999999998,0.696643,KOR,DEU,21
21312254,121,61,112,2011.0,0.0,190285.0,1.7554029999999998,0.777291,KOR,DEU,21
21312255,121,61,112,2012.0,0.0,280176.0,1.839479,0.8272799999999999,KOR,DEU,21
21312256,121,61,112,2000.0,70212.0,8144114.0,1.248356,1.000666,KOR,DEU,21
21312257,121,61,112,2001.0,5414.0,5337494.0,1.436204,0.917057,KOR,DEU,21
21312258,121,61,112,1999.0,25788.0,4298110.0,1.157723,1.008632,KOR,DEU,21
21312259,121,61,112,2014.0,0.0,576882.0,1.9642650000000001,0.86425,KOR,DEU,21
21312260,121,61,112,2013.0,0.0,80176.0,1.817145,0.835414,KOR,DEU,21
21312261,121,61,112,2015.0,0.0,136224.0,2.09708,0.840759,KOR,DEU,21
21312262,121,61,112,2017.0,8837.0,0.0,2.1277470000000003,0.8218719999999999,KOR,DEU,21
21312263,121,61,112,2018.0,7657.0,0.0,2.139149,0.795045,KOR,DEU,21
21312264,121,61,112,2019.0,5186.0,234054.0,2.058557,0.671653,KOR,DEU,21
21312265,121,61,112,1996.0,9499.0,4041495.0,1.230793,1.0548959999999998,KOR,DEU,21
21312266,121,61,112,1997.0,166017.0,10278844.0,1.2642,1.164231,KOR,DEU,21
21312267,121,61,112,1998.0,190433.0,7751044.0,1.129848,1.117799,KOR,DEU,21
21312268,121,61,112,2002.0,25008.0,5808068.0,1.4172719999999999,0.8763139999999999,KOR,DEU,21
21312269,121,61,112,1995.0,24647.0,4490705.0,1.04025,1.105256,KOR,DEU,21
21312270,121,61,112,2003.0,0.0,1621686.0,1.367322,0.826994,KOR,DEU,21
21312271,121,61,112,1986.0,15737.0,12179.0,1.094639,1.359351,KOR,DEU,21
21312272,121,61,112,1987.0,127156.0,24044.0,0.941865,1.2841420000000001,KOR,DEU,21
21312273,121,61,112,1990.0,103226.0,3430852.0,0.9673940000000001,1.234911,KOR,DEU,21
21312274,121,61,112,1976.0,0.0,148844.0,0.8379049999999999,0.991268,KOR,DEU,21
21312275,121,61,112,1978.0,571543.0,273592.0,0.911078,1.141166,KOR,DEU,21
21312276,121,61,112,1979.0,539437.0,282060.0,0.878292,1.254742,KOR,DEU,21
21312277,121,61,112,1980.0,173242.0,295079.0,0.9213110000000001,1.38155,KOR,DEU,21
21312278,121,61,112,1981.0,222626.0,117765.0,0.998975,1.244219,KOR,DEU,21
21312279,121,61,112,1982.0,10600.0,21662.0,0.915739,1.2858379999999998,KOR,DEU,21
21312280,121,61,112,1983.0,46427.0,39833.0,0.966398,1.477349,KOR,DEU,21
21312281,121,61,112,1984.0,58077.0,0.0,0.983016,1.328462,KOR,DEU,21
21312282,121,61,112,1985.0,13908.0,4856.0,0.985474,1.260622,KOR,DEU,21
21312283,121,61,112,1988.0,36881.0,2917554.0,0.924156,1.228111,KOR,DEU,21
21312284,121,61,112,1989.0,49921.0,700078.0,0.8271719999999999,1.272148,KOR,DEU,21
21312285,121,61,112,1991.0,10917.0,277037.0,0.820436,1.14649,KOR,DEU,21
21312286,121,61,112,1993.0,992.0,710993.0,0.8651120000000001,1.184459,KOR,DEU,21
21312287,121,61,112,1994.0,10851.0,1989393.0,1.045089,1.294125,KOR,DEU,21
21312288,121,61,112,1975.0,19089.0,82073.0,0.913997,1.2467110000000001,KOR,DEU,21
21312289,121,61,112,1977.0,0.0,85928.0,0.8689889999999999,0.9320430000000001,KOR,DEU,21
21312290,121,61,112,1972.0,3127.0,0.0,0.9295950000000001,0.838656,KOR,DEU,21
21312291,121,61,112,1973.0,0.0,20664.0,0.9024,0.9399770000000001,KOR,DEU,21
21312292,121,61,112,1974.0,10473.0,226022.0,0.908618,1.274666,KOR,DEU,21
21312293,121,61,112,1964.0,5064.0,0.0,0.9296840000000001,0.73946,KOR,DEU,21
21312294,121,61,112,1971.0,14028.0,4146.0,0.804658,0.44236899999999996,KOR,DEU,21
21312295,121,61,112,1970.0,9143.0,0.0,0.89751,0.5277430000000001,KOR,DEU,21
21312296,121,61,112,1968.0,16565.0,0.0,0.992735,0.683944,KOR,DEU,21
21312297,121,61,112,1965.0,28243.0,0.0,1.067647,0.8054560000000001,KOR,DEU,21
21312298,121,61,112,1966.0,1946.0,0.0,0.902755,0.5558930000000001,KOR,DEU,21
21312299,121,61,112,1967.0,4747.0,0.0,1.0072450000000002,0.835391,KOR,DEU,21
21312300,122,61,112,2018.0,0.0,15672.0,-0.790523,-1.136525,KWT,DEU,21
21312301,122,61,112,2013.0,0.0,1421.0,-1.198985,-1.057248,KWT,DEU,21
21312302,122,61,112,2006.0,0.0,3946.0,-1.506818,-1.193717,KWT,DEU,21
21312303,122,61,112,1968.0,2753.0,0.0,-1.2088969999999999,-0.480887,KWT,DEU,21
21312304,122,61,112,1962.0,9650.0,0.0,-1.262043,-0.332635,KWT,DEU,21
21312305,122,61,112,1966.0,76504.0,0.0,-1.275245,-0.429989,KWT,DEU,21
21312306,122,61,112,1965.0,4096.0,0.0,-1.191132,-0.346238,KWT,DEU,21
21312307,122,61,112,1977.0,0.0,3102.0,-0.178481,-0.48500200000000004,KWT,DEU,21
21312308,123,61,112,2012.0,3616380.0,0.0,-0.874401,-0.737471,LAO,DEU,21
21312309,123,61,112,2013.0,779791.0,0.0,-0.907169,-0.587529,LAO,DEU,21
21312310,123,61,112,2011.0,2535931.0,0.0,-0.771778,-0.704928,LAO,DEU,21
21312311,123,61,112,2010.0,158907.0,0.0,-0.855188,-0.625066,LAO,DEU,21
21312312,124,61,112,2019.0,0.0,48677.0,0.256774,1.053684,LBN,DEU,21
21312313,124,61,112,2001.0,0.0,57063.0,0.09267,0.97731,LBN,DEU,21
21312314,124,61,112,1998.0,396367.0,0.0,0.246773,1.1761110000000001,LBN,DEU,21
21312315,124,61,112,2000.0,709852.0,0.0,0.139623,1.095387,LBN,DEU,21
21312316,124,61,112,1967.0,105244.0,0.0,0.576756,1.1986299999999999,LBN,DEU,21
21312317,124,61,112,1968.0,29283.0,2822.0,0.7129770000000001,1.136677,LBN,DEU,21
21312318,124,61,112,1969.0,22852.0,0.0,0.811828,1.4371120000000002,LBN,DEU,21
21312319,124,61,112,1970.0,16715.0,1041.0,0.6809149999999999,1.449958,LBN,DEU,21
21312320,124,61,112,1971.0,22847.0,0.0,0.6515989999999999,1.542378,LBN,DEU,21
21312321,124,61,112,1972.0,166967.0,7915.0,0.729617,1.621214,LBN,DEU,21
21312322,124,61,112,1973.0,97402.0,8838.0,0.785196,1.4693040000000002,LBN,DEU,21
21312323,124,61,112,2010.0,0.0,45849.0,0.47957,1.519688,LBN,DEU,21
21312324,124,61,112,2011.0,0.0,151042.0,0.388666,1.430916,LBN,DEU,21
21312325,124,61,112,2013.0,0.0,118420.0,0.37392800000000004,1.413136,LBN,DEU,21
21312326,124,61,112,2014.0,0.0,176813.0,0.32006799999999996,1.666039,LBN,DEU,21
21312327,124,61,112,2015.0,0.0,101642.0,0.362644,1.321749,LBN,DEU,21
21312328,124,61,112,2017.0,0.0,131458.0,0.437192,1.027289,LBN,DEU,21
21312329,124,61,112,2018.0,0.0,117924.0,0.37832899999999997,1.077452,LBN,DEU,21
21312330,124,61,112,1962.0,14037.0,2042.0,-0.377384,-0.554077,LBN,DEU,21
21312331,124,61,112,1963.0,25972.0,0.0,-0.005640999999999999,-0.196866,LBN,DEU,21
21312332,124,61,112,1964.0,92545.0,0.0,0.262315,0.074543,LBN,DEU,21
21312333,124,61,112,1965.0,65552.0,0.0,0.36086,0.44592200000000004,LBN,DEU,21
21312334,124,61,112,1975.0,14544.0,6462.0,0.853938,1.86267,LBN,DEU,21
21312335,124,61,112,1966.0,108284.0,5290.0,0.16389700000000001,0.208279,LBN,DEU,21
21312336,124,61,112,1974.0,81920.0,6451.0,0.828751,1.5832,LBN,DEU,21
21312337,124,61,112,1999.0,977858.0,0.0,0.17613299999999998,1.226906,LBN,DEU,21
21312338,124,61,112,2002.0,40861.0,18112.0,0.220906,1.470297,LBN,DEU,21
21312339,124,61,112,2008.0,0.0,60445.0,0.493317,1.691109,LBN,DEU,21
21312340,124,61,112,2012.0,0.0,135884.0,0.36778099999999997,1.3771010000000001,LBN,DEU,21
21312341,124,61,112,2009.0,0.0,54488.0,0.5290159999999999,1.462026,LBN,DEU,21
21312342,124,61,112,2005.0,0.0,1738.0,0.356404,1.618265,LBN,DEU,21
21312343,124,61,112,2016.0,0.0,62439.0,0.385417,1.139648,LBN,DEU,21
21312344,124,61,112,1991.0,419812.0,3001.0,0.13106700000000002,0.5419229999999999,LBN,DEU,21
21312345,124,61,112,1993.0,6650.0,4049.0,0.192831,0.693199,LBN,DEU,21
21312346,124,61,112,1992.0,155365.0,0.0,0.186135,0.800906,LBN,DEU,21
21312347,124,61,112,1986.0,44236.0,0.0,0.25219400000000003,0.30393200000000004,LBN,DEU,21
21312348,124,61,112,1987.0,35016.0,0.0,0.374494,0.418513,LBN,DEU,21
21312349,124,61,112,1988.0,375425.0,0.0,0.283427,0.32857800000000004,LBN,DEU,21
21312350,124,61,112,1989.0,292901.0,0.0,0.232258,0.3296,LBN,DEU,21
21312351,124,61,112,1990.0,180265.0,5271.0,0.267054,0.35041,LBN,DEU,21
21312352,124,61,112,1978.0,0.0,1003.0,1.020974,1.402068,LBN,DEU,21
21312353,125,61,112,1968.0,1819.0,0.0,-0.974225,-0.554678,LBR,DEU,21
21312354,125,61,112,1974.0,1840.0,0.0,-0.8303290000000001,-0.634096,LBR,DEU,21
21312355,126,61,112,1972.0,1903.0,0.0,-1.9185310000000002,-0.653383,LBY,DEU,21
21312356,126,61,112,1964.0,12745.0,0.0,-1.984105,-0.43160200000000004,LBY,DEU,21
21312357,126,61,112,1965.0,19198.0,0.0,-1.925611,-0.34824499999999997,LBY,DEU,21
21312358,126,61,112,1966.0,58372.0,0.0,-2.0045189999999997,-0.448705,LBY,DEU,21
21312359,126,61,112,1967.0,3928.0,0.0,-2.112734,-0.44233199999999995,LBY,DEU,21
21312360,126,61,112,1962.0,2063.0,0.0,-1.10775,-0.497796,LBY,DEU,21
21312361,128,61,112,1994.0,0.0,7354.0,-0.6352300000000001,-0.22471999999999998,LKA,DEU,21
21312362,128,61,112,1975.0,34490.0,0.0,-0.713276,-0.641407,LKA,DEU,21
21312363,128,61,112,1980.0,1236.0,0.0,-0.442021,-0.692367,LKA,DEU,21
21312364,128,61,112,1983.0,0.0,981.0,-0.35772,-0.441503,LKA,DEU,21
21312365,128,61,112,1991.0,0.0,1898.0,-0.47947799999999996,-0.321238,LKA,DEU,21
21312366,128,61,112,2019.0,0.0,8302.0,-0.225527,0.439567,LKA,DEU,21
21312367,128,61,112,1972.0,13560.0,0.0,-0.719833,-0.723834,LKA,DEU,21
21312368,128,61,112,1990.0,3469.0,0.0,-0.375779,-0.372001,LKA,DEU,21
21312369,128,61,112,1992.0,3333.0,0.0,-0.45780600000000005,-0.221948,LKA,DEU,21
21312370,128,61,112,1993.0,10175.0,18430.0,-0.49537200000000003,-0.22899499999999998,LKA,DEU,21
21312371,128,61,112,1969.0,990.0,0.0,-1.2026219999999999,-0.712356,LKA,DEU,21
21312372,128,61,112,1971.0,995.0,0.0,-1.144836,-0.753853,LKA,DEU,21
21312373,128,61,112,1965.0,1001.0,0.0,-0.7922100000000001,-0.455574,LKA,DEU,21
21312374,130,61,112,1997.0,311153.0,199338.0,0.360579,1.382816,LTU,DEU,21
21312375,130,61,112,2019.0,0.0,24784.0,0.7628739999999999,1.5376239999999999,LTU,DEU,21
21312376,130,61,112,2018.0,20484.0,491075.0,0.839052,1.5688790000000001,LTU,DEU,21
21312377,130,61,112,2007.0,278960.0,770697.0,0.566496,1.482193,LTU,DEU,21
21312378,130,61,112,2012.0,1146793.0,0.0,0.739945,1.217062,LTU,DEU,21
21312379,130,61,112,2013.0,954993.0,0.0,0.677986,1.29227,LTU,DEU,21
21312380,130,61,112,2014.0,772147.0,56352.0,0.679488,1.558981,LTU,DEU,21
21312381,130,61,112,2015.0,248151.0,23947.0,0.607102,1.478928,LTU,DEU,21
21312382,130,61,112,2016.0,69987.0,115724.0,0.6319130000000001,1.538765,LTU,DEU,21
21312383,130,61,112,2017.0,12085.0,492760.0,0.770556,1.555233,LTU,DEU,21
21312384,130,61,112,2020.0,0.0,198349.0,0.8551219999999999,1.3162399999999999,LTU,DEU,21
21312385,130,61,112,1996.0,559084.0,300444.0,0.360994,1.092575,LTU,DEU,21
21312386,130,61,112,2002.0,1319327.0,0.0,0.15796,0.855931,LTU,DEU,21
21312387,130,61,112,2008.0,139978.0,358221.0,0.5466489999999999,1.180161,LTU,DEU,21
21312388,130,61,112,2010.0,322284.0,266671.0,0.65664,1.368933,LTU,DEU,21
21312389,130,61,112,1994.0,3462340.0,114914.0,0.406962,1.445273,LTU,DEU,21
21312390,130,61,112,1998.0,0.0,113471.0,0.33196,0.954261,LTU,DEU,21
21312391,130,61,112,2011.0,3074365.0,97543.0,0.770476,1.117956,LTU,DEU,21
21312392,130,61,112,2009.0,566700.0,142820.0,0.576882,1.281147,LTU,DEU,21
21312393,130,61,112,2006.0,39282.0,27324.0,0.553669,1.252767,LTU,DEU,21
21312394,130,61,112,2005.0,75322.0,50332.0,0.394586,1.099291,LTU,DEU,21
21312395,130,61,112,2004.0,490019.0,59417.0,0.341521,0.7971560000000001,LTU,DEU,21
21312396,130,61,112,2001.0,341091.0,194978.0,0.21069699999999997,0.720384,LTU,DEU,21
21312397,130,61,112,2003.0,1656618.0,0.0,0.164117,0.807233,LTU,DEU,21
21312398,130,61,112,1992.0,379708.0,0.0,0.7271810000000001,0.482357,LTU,DEU,21
21312399,130,61,112,1993.0,666811.0,14000.0,0.06586,0.20737600000000003,LTU,DEU,21
21312400,130,61,112,1999.0,7251.0,182226.0,0.283669,0.807808,LTU,DEU,21
21312401,130,61,112,2000.0,38956.0,269793.0,0.22767199999999999,0.794208,LTU,DEU,21
21312402,130,61,112,1995.0,2783217.0,1925765.0,0.41947399999999996,1.3005790000000002,LTU,DEU,21
21312403,131,61,112,2004.0,1040504.0,2126.0,1.258828,1.079923,LUX,DEU,21
21312404,131,61,112,2019.0,0.0,8342.0,1.223907,1.334322,LUX,DEU,21
21312405,131,61,112,2018.0,0.0,21980.0,1.098797,1.390282,LUX,DEU,21
21312406,131,61,112,2017.0,0.0,110271.0,1.1461629999999998,1.434994,LUX,DEU,21
21312407,131,61,112,2020.0,0.0,6339.0,1.095269,1.490899,LUX,DEU,21
21312408,131,61,112,2014.0,1983929.0,0.0,1.093816,1.270669,LUX,DEU,21
21312409,131,61,112,2008.0,757268.0,0.0,1.242801,0.9785790000000001,LUX,DEU,21
21312410,131,61,112,2009.0,775758.0,115428.0,1.0728959999999998,1.065353,LUX,DEU,21
21312411,131,61,112,2015.0,1002104.0,2674.0,1.178679,1.4247379999999998,LUX,DEU,21
21312412,131,61,112,2011.0,1133441.0,50243.0,1.0520530000000001,1.266242,LUX,DEU,21
21312413,131,61,112,2012.0,1011813.0,32915.0,1.0163739999999999,1.178021,LUX,DEU,21
21312414,131,61,112,2013.0,1336009.0,0.0,1.0110190000000001,1.123226,LUX,DEU,21
21312415,131,61,112,2016.0,1290064.0,146627.0,1.217021,1.401214,LUX,DEU,21
21312416,131,61,112,2010.0,891123.0,83570.0,1.145982,1.1629530000000001,LUX,DEU,21
21312417,131,61,112,2002.0,1128216.0,56329.0,1.396249,1.153017,LUX,DEU,21
21312418,131,61,112,2005.0,762023.0,41581.0,1.417791,1.168456,LUX,DEU,21
21312419,131,61,112,2006.0,830138.0,21525.0,1.285123,0.999081,LUX,DEU,21
21312420,131,61,112,2007.0,1183084.0,3721.0,1.138331,1.049123,LUX,DEU,21
21312421,131,61,112,1999.0,1213825.0,412475.0,1.37206,1.2625790000000001,LUX,DEU,21
21312422,131,61,112,2000.0,1412715.0,94359.0,1.203242,1.0729790000000001,LUX,DEU,21
21312423,131,61,112,2001.0,1563538.0,25850.0,1.326753,1.2069530000000002,LUX,DEU,21
21312424,131,61,112,2003.0,1110681.0,42871.0,1.389402,1.0800040000000002,LUX,DEU,21
21312425,132,61,112,2014.0,0.0,150812.0,0.6501,1.35321,LVA,DEU,21
21312426,132,61,112,2015.0,10243.0,64515.0,0.505344,1.152542,LVA,DEU,21
21312427,132,61,112,2016.0,430127.0,0.0,0.46748199999999995,1.228024,LVA,DEU,21
21312428,132,61,112,2018.0,17355.0,0.0,0.6984560000000001,1.29918,LVA,DEU,21
21312429,132,61,112,2010.0,0.0,196807.0,0.602966,1.160796,LVA,DEU,21
21312430,132,61,112,2011.0,0.0,332516.0,0.736066,1.125155,LVA,DEU,21
21312431,132,61,112,2012.0,0.0,423992.0,0.704565,1.000552,LVA,DEU,21
21312432,132,61,112,2013.0,0.0,182417.0,0.652463,1.299917,LVA,DEU,21
21312433,132,61,112,1995.0,1134515.0,0.0,0.341138,0.62157,LVA,DEU,21
21312434,132,61,112,2003.0,279676.0,4097.0,0.43565699999999996,0.7667,LVA,DEU,21
21312435,132,61,112,1998.0,102071.0,14620.0,0.253542,0.6586,LVA,DEU,21
21312436,132,61,112,1999.0,0.0,8831.0,0.22477399999999997,0.49555200000000005,LVA,DEU,21
21312437,132,61,112,2009.0,0.0,124282.0,0.696343,1.1272209999999998,LVA,DEU,21
21312438,132,61,112,2002.0,84328.0,7897.0,0.41409799999999997,0.6281680000000001,LVA,DEU,21
21312439,132,61,112,2005.0,25788.0,0.0,0.538975,0.8716780000000001,LVA,DEU,21
21312440,132,61,112,1994.0,754664.0,0.0,0.34518899999999997,0.694659,LVA,DEU,21
21312441,132,61,112,1996.0,424114.0,0.0,0.255258,0.42505299999999996,LVA,DEU,21
21312442,132,61,112,1997.0,492295.0,30604.0,0.332958,0.51665,LVA,DEU,21
21312443,132,61,112,2004.0,270794.0,0.0,0.415001,0.8476809999999999,LVA,DEU,21
21312444,132,61,112,2006.0,0.0,2450.0,0.548453,1.027836,LVA,DEU,21
21312445,132,61,112,2008.0,0.0,269583.0,0.5873149999999999,1.322415,LVA,DEU,21
21312446,132,61,112,1993.0,1912481.0,0.0,-0.03573,0.014685,LVA,DEU,21
21312447,132,61,112,1992.0,834140.0,0.0,0.184303,0.022494999999999998,LVA,DEU,21
21312448,133,61,112,1992.0,0.0,77852.0,0.249034,-0.026864,MAC,DEU,21
21312449,133,61,112,1989.0,19088.0,33030.0,0.342584,-0.043294,MAC,DEU,21
21312450,133,61,112,1991.0,0.0,54161.0,0.238669,0.014938,MAC,DEU,21
21312451,133,61,112,1987.0,1191.0,0.0,0.44125299999999995,-0.051829999999999994,MAC,DEU,21
21312452,133,61,112,1988.0,0.0,2556.0,0.35184699999999997,0.124976,MAC,DEU,21
21312453,133,61,112,1994.0,0.0,48291.0,0.069787,-0.357614,MAC,DEU,21
21312454,133,61,112,2006.0,0.0,44367.0,0.120923,-0.266158,MAC,DEU,21
21312455,134,61,112,2009.0,0.0,20497.0,-0.36530300000000004,0.026182,MAR,DEU,21
21312456,134,61,112,1993.0,0.0,70694.0,-0.44961599999999996,-0.39958299999999997,MAR,DEU,21
21312457,134,61,112,2005.0,0.0,4048.0,-0.46966899999999995,-0.11890099999999999,MAR,DEU,21
21312458,134,61,112,1998.0,5520.0,0.0,-0.723358,-0.37241799999999997,MAR,DEU,21
21312459,134,61,112,1999.0,0.0,7379.0,-0.571919,-0.322212,MAR,DEU,21
21312460,134,61,112,2000.0,0.0,4564.0,-0.5460510000000001,-0.33865100000000004,MAR,DEU,21
21312461,134,61,112,2001.0,0.0,2494.0,-0.616006,-0.340127,MAR,DEU,21
21312462,134,61,112,2002.0,0.0,5550.0,-0.690226,-0.42557,MAR,DEU,21
21312463,134,61,112,1973.0,3146.0,0.0,-0.112721,-0.498479,MAR,DEU,21
21312464,134,61,112,1988.0,0.0,474087.0,-0.26086,-0.275192,MAR,DEU,21
21312465,134,61,112,1989.0,5948.0,222836.0,-0.219129,-0.252188,MAR,DEU,21
21312466,134,61,112,1990.0,0.0,172942.0,-0.254337,-0.290056,MAR,DEU,21
21312467,134,61,112,1991.0,11255.0,245161.0,-0.374686,-0.27405799999999997,MAR,DEU,21
21312468,134,61,112,1992.0,0.0,66931.0,-0.339711,-0.265987,MAR,DEU,21
21312469,134,61,112,1994.0,0.0,220076.0,-0.477728,-0.01807,MAR,DEU,21
21312470,134,61,112,1995.0,0.0,210141.0,-0.60149,-0.22498600000000002,MAR,DEU,21
21312471,134,61,112,1962.0,0.0,947.0,0.060686000000000004,-0.381916,MAR,DEU,21
21312472,134,61,112,1963.0,1326.0,3895.0,-0.068689,-0.469674,MAR,DEU,21
21312473,134,61,112,1967.0,3051.0,0.0,-0.267623,-0.621653,MAR,DEU,21
21312474,134,61,112,1974.0,0.0,1068.0,-0.012765,-0.511575,MAR,DEU,21
21312475,134,61,112,1983.0,0.0,5790.0,-0.016887,-0.45940600000000004,MAR,DEU,21
21312476,134,61,112,1986.0,0.0,173789.0,-0.24943,-0.532166,MAR,DEU,21
21312477,134,61,112,1987.0,0.0,64229.0,-0.33932199999999996,-0.5465,MAR,DEU,21
21312478,134,61,112,1972.0,16362.0,0.0,0.004924,-0.43478199999999995,MAR,DEU,21
21312479,135,61,112,1994.0,183637.0,119024.0,0.275007,0.149418,MDA,DEU,21
21312480,135,61,112,2003.0,1377733.0,21539.0,-0.081071,-0.063769,MDA,DEU,21
21312481,135,61,112,2005.0,538813.0,0.0,-0.12032000000000001,-0.069365,MDA,DEU,21
21312482,135,61,112,1995.0,124986.0,0.0,0.449866,0.32214299999999996,MDA,DEU,21
21312483,135,61,112,1996.0,0.0,2523.0,0.193705,0.10853,MDA,DEU,21
21312484,135,61,112,1998.0,3157.0,0.0,0.100742,-0.05809500000000001,MDA,DEU,21
21312485,135,61,112,1999.0,2711.0,0.0,-0.015653999999999998,0.27321,MDA,DEU,21
21312486,135,61,112,2002.0,55505.0,0.0,-0.017383000000000003,0.109124,MDA,DEU,21
21312487,135,61,112,2004.0,998622.0,0.0,-0.13031900000000002,-0.118591,MDA,DEU,21
21312488,136,61,112,1973.0,1908.0,0.0,-0.801009,-0.832255,MDG,DEU,21
21312489,136,61,112,1995.0,17496.0,0.0,-0.947465,-0.5842689999999999,MDG,DEU,21
21312490,136,61,112,1980.0,960.0,0.0,-0.971289,-0.9341020000000001,MDG,DEU,21
21312491,136,61,112,1967.0,3940.0,0.0,-0.52987,-0.716076,MDG,DEU,21
21312492,138,61,112,2004.0,36425.0,8923.0,1.183707,0.9043700000000001,MEX,DEU,21
21312493,138,61,112,2007.0,153332.0,9313.0,1.345688,0.584543,MEX,DEU,21
21312494,138,61,112,1993.0,1591.0,0.0,0.968867,0.8437520000000001,MEX,DEU,21
21312495,138,61,112,2000.0,30451.0,11685.0,0.9020379999999999,0.671139,MEX,DEU,21
21312496,138,61,112,2012.0,52355.0,57294.0,1.166986,0.662798,MEX,DEU,21
21312497,138,61,112,2013.0,65979.0,1666.0,1.2327219999999999,0.746108,MEX,DEU,21
21312498,138,61,112,2014.0,30161.0,0.0,1.292327,0.713879,MEX,DEU,21
21312499,138,61,112,2015.0,38452.0,116636.0,1.3519510000000001,0.641533,MEX,DEU,21
21312500,138,61,112,2016.0,33909.0,47240.0,1.393506,0.64152,MEX,DEU,21
21312501,138,61,112,1995.0,105864.0,684885.0,0.701416,1.037868,MEX,DEU,21
21312502,138,61,112,1996.0,93453.0,181509.0,0.88569,1.044068,MEX,DEU,21
21312503,138,61,112,2001.0,113596.0,2074.0,1.088661,0.680197,MEX,DEU,21
21312504,138,61,112,1997.0,67233.0,80111.0,0.7735350000000001,0.9161590000000001,MEX,DEU,21
21312505,138,61,112,1998.0,64559.0,41719.0,0.748267,0.834242,MEX,DEU,21
21312506,138,61,112,2002.0,33885.0,36872.0,1.2677129999999999,0.599314,MEX,DEU,21
21312507,138,61,112,2003.0,28771.0,32298.0,1.137143,0.732386,MEX,DEU,21
21312508,138,61,112,2005.0,108036.0,65671.0,1.346403,0.777366,MEX,DEU,21
21312509,138,61,112,2006.0,89439.0,164401.0,1.2996729999999999,0.655941,MEX,DEU,21
21312510,138,61,112,2008.0,119901.0,62532.0,1.227848,0.722715,MEX,DEU,21
21312511,138,61,112,2009.0,184636.0,28855.0,1.203611,0.6819930000000001,MEX,DEU,21
21312512,138,61,112,2010.0,144136.0,1258.0,1.25796,0.640552,MEX,DEU,21
21312513,138,61,112,2011.0,92866.0,0.0,1.031474,0.686634,MEX,DEU,21
21312514,138,61,112,1994.0,0.0,239779.0,1.0145629999999999,0.9349149999999999,MEX,DEU,21
21312515,138,61,112,1999.0,105845.0,0.0,0.9303469999999999,0.79602,MEX,DEU,21
21312516,138,61,112,2019.0,407490.0,0.0,1.316129,0.6125729999999999,MEX,DEU,21
21312517,138,61,112,2020.0,917232.0,0.0,1.215792,0.678531,MEX,DEU,21
21312518,138,61,112,2018.0,49357.0,0.0,1.272851,0.646359,MEX,DEU,21
21312519,138,61,112,2017.0,35471.0,0.0,1.348763,0.6145010000000001,MEX,DEU,21
21312520,138,61,112,1992.0,9776.0,0.0,0.9039370000000001,0.965842,MEX,DEU,21
21312521,138,61,112,1990.0,10621.0,0.0,0.852651,0.870721,MEX,DEU,21
21312522,138,61,112,1991.0,0.0,1426.0,0.833643,0.863466,MEX,DEU,21
21312523,138,61,112,1988.0,107060.0,0.0,0.878661,1.049591,MEX,DEU,21
21312524,138,61,112,1970.0,388583.0,2142.0,0.599816,1.2039360000000001,MEX,DEU,21
21312525,138,61,112,1987.0,66713.0,0.0,0.928841,0.8776229999999999,MEX,DEU,21
21312526,138,61,112,1963.0,155156.0,17990.0,0.057322000000000005,-0.048449,MEX,DEU,21
21312527,138,61,112,1971.0,285768.0,0.0,0.694692,1.631725,MEX,DEU,21
21312528,138,61,112,1964.0,224741.0,111161.0,0.32740199999999997,0.368216,MEX,DEU,21
21312529,138,61,112,1966.0,242032.0,0.0,0.296671,0.184462,MEX,DEU,21
21312530,138,61,112,1967.0,672119.0,59904.0,0.164634,0.08321100000000001,MEX,DEU,21
21312531,138,61,112,1968.0,1134254.0,51917.0,0.306611,0.36893000000000004,MEX,DEU,21
21312532,138,61,112,1969.0,517965.0,0.0,0.41125,0.7825840000000001,MEX,DEU,21
21312533,138,61,112,1972.0,438208.0,12968.0,0.6568430000000001,1.6043399999999999,MEX,DEU,21
21312534,138,61,112,1973.0,153211.0,0.0,0.7579060000000001,1.64432,MEX,DEU,21
21312535,138,61,112,1974.0,218817.0,56052.0,0.645679,1.6436130000000002,MEX,DEU,21
21312536,138,61,112,1975.0,378513.0,0.0,0.683904,1.757929,MEX,DEU,21
21312537,138,61,112,1982.0,128033.0,0.0,0.25311500000000003,0.038212,MEX,DEU,21
21312538,138,61,112,1962.0,162689.0,3082.0,0.16552,-0.09312100000000001,MEX,DEU,21
21312539,138,61,112,1986.0,77346.0,46097.0,0.805869,0.731842,MEX,DEU,21
21312540,138,61,112,1976.0,738268.0,103245.0,0.643543,2.056419,MEX,DEU,21
21312541,138,61,112,1965.0,156938.0,0.0,0.259986,0.043336,MEX,DEU,21
21312542,138,61,112,1978.0,1050909.0,0.0,0.614887,1.220836,MEX,DEU,21
21312543,138,61,112,1979.0,754860.0,0.0,0.478788,0.881078,MEX,DEU,21
21312544,138,61,112,1980.0,853940.0,0.0,0.17366900000000002,0.22654699999999997,MEX,DEU,21
21312545,138,61,112,1983.0,321823.0,0.0,0.46663000000000004,0.218744,MEX,DEU,21
21312546,138,61,112,1985.0,38719.0,0.0,0.479921,0.2904,MEX,DEU,21
21312547,138,61,112,1981.0,369826.0,0.0,0.290964,0.241825,MEX,DEU,21
21312548,138,61,112,1984.0,155060.0,0.0,0.51868,0.38679600000000003,MEX,DEU,21
21312549,138,61,112,1977.0,1165923.0,0.0,0.6877850000000001,1.6720279999999998,MEX,DEU,21
21312550,140,61,112,2008.0,0.0,4282.0,-0.064286,-0.035164999999999995,MKD,DEU,21
21312551,140,61,112,2012.0,42249.0,0.0,-0.08785599999999999,0.153128,MKD,DEU,21
21312552,140,61,112,1997.0,114397.0,174638.0,0.297389,0.735171,MKD,DEU,21
21312553,140,61,112,2010.0,11625.0,0.0,-0.09500800000000001,0.5715180000000001,MKD,DEU,21
21312554,140,61,112,2011.0,451876.0,0.0,-0.091852,0.245837,MKD,DEU,21
21312555,140,61,112,1995.0,0.0,1232771.0,0.397889,0.8246120000000001,MKD,DEU,21
21312556,140,61,112,1996.0,0.0,540162.0,0.36478,0.760475,MKD,DEU,21
21312557,140,61,112,1998.0,20246.0,224490.0,0.035436,0.563886,MKD,DEU,21
21312558,140,61,112,1999.0,0.0,12744.0,0.12855899999999998,0.362245,MKD,DEU,21
21312559,140,61,112,2000.0,135518.0,36602.0,0.159675,0.429424,MKD,DEU,21
21312560,140,61,112,2001.0,314763.0,0.0,0.085844,0.413947,MKD,DEU,21
21312561,140,61,112,2002.0,236185.0,0.0,-0.027727999999999996,0.41846400000000006,MKD,DEU,21
21312562,140,61,112,2003.0,1239.0,0.0,-0.19072,0.21450500000000003,MKD,DEU,21
21312563,140,61,112,2006.0,1961.0,1922.0,-0.098526,0.423279,MKD,DEU,21
21312564,140,61,112,2009.0,5286.0,13627.0,-0.16478800000000002,0.599934,MKD,DEU,21
21312565,140,61,112,1994.0,0.0,1722272.0,0.31500100000000003,0.584921,MKD,DEU,21
21312566,140,61,112,1993.0,69985.0,368607.0,0.367175,0.636579,MKD,DEU,21
21312567,141,61,112,2004.0,1629.0,0.0,-0.5807979999999999,-0.797311,MLI,DEU,21
21312568,141,61,112,2011.0,1475.0,0.0,-0.671389,-0.69868,MLI,DEU,21
21312569,141,61,112,2008.0,2994.0,0.0,-0.317121,-0.462038,MLI,DEU,21
21312570,141,61,112,1971.0,9112.0,0.0,-0.809425,-0.9098719999999999,MLI,DEU,21
21312571,141,61,112,1974.0,2242.0,0.0,-0.056343,-0.344277,MLI,DEU,21
21312572,141,61,112,2009.0,1929.0,0.0,-0.85783,-0.757447,MLI,DEU,21
21312573,141,61,112,1973.0,23399.0,0.0,-0.718575,-0.84791,MLI,DEU,21
21312574,141,61,112,1978.0,50104.0,0.0,-0.612568,-0.715916,MLI,DEU,21
21312575,141,61,112,1979.0,41404.0,0.0,-0.737966,-0.8526520000000001,MLI,DEU,21
21312576,142,61,112,2002.0,10718.0,10020.0,0.901235,-0.140261,MLT,DEU,21
21312577,142,61,112,2005.0,0.0,122912.0,1.2852270000000001,0.153449,MLT,DEU,21
21312578,142,61,112,1996.0,0.0,62463.0,1.245592,0.446754,MLT,DEU,21
21312579,142,61,112,1998.0,0.0,50407.0,1.057158,0.050761,MLT,DEU,21
21312580,142,61,112,1995.0,0.0,258025.0,0.799365,0.133745,MLT,DEU,21
21312581,142,61,112,2004.0,0.0,4819.0,1.2290379999999999,-0.025372,MLT,DEU,21
21312582,142,61,112,2001.0,0.0,29584.0,1.048708,-0.04453,MLT,DEU,21
21312583,142,61,112,2003.0,0.0,6632.0,1.151718,0.008945999999999999,MLT,DEU,21
21312584,142,61,112,2008.0,0.0,2189.0,0.8579180000000001,-0.23272800000000002,MLT,DEU,21
21312585,142,61,112,1992.0,0.0,25041.0,0.828211,0.29226599999999997,MLT,DEU,21
21312586,142,61,112,1993.0,4818.0,29302.0,0.6577569999999999,0.092062,MLT,DEU,21
21312587,142,61,112,1994.0,0.0,4457.0,0.9412219999999999,0.288028,MLT,DEU,21
21312588,142,61,112,1990.0,37498.0,88297.0,0.817028,0.41492399999999996,MLT,DEU,21
21312589,142,61,112,1991.0,0.0,6940.0,0.726128,0.274333,MLT,DEU,21
21312590,142,61,112,1999.0,10044.0,10457.0,1.010725,0.013572999999999998,MLT,DEU,21
21312591,142,61,112,1997.0,0.0,82481.0,1.1063180000000001,0.377209,MLT,DEU,21
21312592,142,61,112,1973.0,1074.0,0.0,1.228172,1.161741,MLT,DEU,21
21312593,142,61,112,1974.0,4495.0,5768.0,0.935966,0.8213729999999999,MLT,DEU,21
21312594,142,61,112,2000.0,0.0,12945.0,0.8771450000000001,-0.013614,MLT,DEU,21
21312595,142,61,112,1969.0,1890.0,989.0,1.3613309999999998,0.882164,MLT,DEU,21
21312596,142,61,112,1971.0,0.0,2754.0,1.567812,1.889177,MLT,DEU,21
21312597,142,61,112,1962.0,5947.0,0.0,1.600309,1.813036,MLT,DEU,21
21312598,142,61,112,1980.0,3000.0,0.0,1.046441,0.410362,MLT,DEU,21
21312599,142,61,112,1983.0,0.0,12000.0,0.979475,0.8618239999999999,MLT,DEU,21
21312600,142,61,112,1984.0,0.0,4033.0,1.052508,0.668014,MLT,DEU,21
21312601,142,61,112,1987.0,0.0,3003.0,1.1105450000000001,0.618648,MLT,DEU,21
21312602,142,61,112,1979.0,51025.0,0.0,1.0601040000000002,0.280713,MLT,DEU,21
21312603,143,61,112,2020.0,0.0,1696.0,-0.8549899999999999,-0.284576,MMR,DEU,21
21312604,143,61,112,1963.0,14430.0,0.0,-0.9995870000000001,-0.721353,MMR,DEU,21
21312605,143,61,112,1964.0,8078.0,0.0,-0.879342,-0.66,MMR,DEU,21
21312606,143,61,112,2004.0,0.0,37329.0,-1.048261,-0.828443,MMR,DEU,21
21312607,143,61,112,1962.0,3444.0,0.0,-0.781489,-0.642223,MMR,DEU,21
21312608,143,61,112,1967.0,24099.0,0.0,-1.001717,-0.792601,MMR,DEU,21
21312609,143,61,112,1966.0,39405.0,0.0,-0.998757,-0.697379,MMR,DEU,21
21312610,143,61,112,1973.0,6005.0,0.0,-0.813264,-0.734103,MMR,DEU,21
21312611,143,61,112,1988.0,21935.0,0.0,-1.11534,-0.874976,MMR,DEU,21
21312612,144,61,112,2006.0,0.0,167682.0,0.057147,-0.145592,MNE,DEU,21
21312613,144,61,112,2012.0,151398.0,0.0,0.028479,-0.045841,MNE,DEU,21
21312614,144,61,112,2013.0,48228.0,0.0,0.09597,-0.019953,MNE,DEU,21
21312615,145,61,112,2000.0,25097.0,0.0,-0.553764,-0.917977,MNG,DEU,21
21312616,145,61,112,1998.0,0.0,5672.0,-0.49914,-0.9194030000000001,MNG,DEU,21
21312617,145,61,112,2017.0,1484.0,0.0,-1.110506,-1.179734,MNG,DEU,21
21312618,145,61,112,2019.0,3690.0,0.0,-0.972248,-1.149567,MNG,DEU,21
21312619,145,61,112,2006.0,18737.0,0.0,-0.806932,-1.01265,MNG,DEU,21
21312620,145,61,112,2003.0,0.0,9404.0,-0.902598,-0.9985639999999999,MNG,DEU,21
21312621,145,61,112,2004.0,5453.0,0.0,-0.920198,-1.1059219999999998,MNG,DEU,21
21312622,145,61,112,1999.0,0.0,5940.0,-0.526119,-0.8697739999999999,MNG,DEU,21
21312623,145,61,112,2001.0,0.0,10609.0,-0.619765,-0.967515,MNG,DEU,21
21312624,145,61,112,1983.0,217901.0,0.0,-0.255313,-0.7259180000000001,MNG,DEU,21
21312625,145,61,112,1988.0,128241.0,0.0,-0.279121,-0.762368,MNG,DEU,21
21312626,145,61,112,1989.0,70407.0,0.0,-0.261712,-0.6903819999999999,MNG,DEU,21
21312627,145,61,112,1997.0,3432.0,6056.0,-0.569797,-0.9604370000000001,MNG,DEU,21
21312628,145,61,112,1965.0,69618.0,0.0,-0.397221,-0.441486,MNG,DEU,21
21312629,145,61,112,1964.0,1817.0,0.0,-0.432122,-0.433964,MNG,DEU,21
21312630,145,61,112,1966.0,32581.0,0.0,-0.784338,-0.543967,MNG,DEU,21
21312631,145,61,112,1967.0,2747.0,0.0,0.050195,-0.41804600000000003,MNG,DEU,21
21312632,145,61,112,1968.0,20970.0,0.0,-0.5432680000000001,-0.52315,MNG,DEU,21
21312633,145,61,112,1990.0,285847.0,0.0,-0.24129099999999998,-0.664096,MNG,DEU,21
21312634,145,61,112,1979.0,636785.0,0.0,0.242259,-0.49017700000000003,MNG,DEU,21
21312635,145,61,112,1981.0,516816.0,0.0,0.21225500000000003,-0.575855,MNG,DEU,21
21312636,145,61,112,1982.0,409602.0,0.0,-0.220317,-0.715514,MNG,DEU,21
21312637,145,61,112,1986.0,3235867.0,0.0,-0.570241,-0.8879969999999999,MNG,DEU,21
21312638,145,61,112,1996.0,138090.0,0.0,-0.279007,-0.948549,MNG,DEU,21
21312639,145,61,112,1978.0,677948.0,0.0,0.717354,-0.320617,MNG,DEU,21
21312640,145,61,112,1984.0,207315.0,0.0,-0.012858000000000001,-0.71931,MNG,DEU,21
21312641,145,61,112,1985.0,940803.0,0.0,-0.122912,-0.7399220000000001,MNG,DEU,21
21312642,145,61,112,1971.0,216379.0,0.0,-0.374927,-0.618291,MNG,DEU,21
21312643,145,61,112,1972.0,281049.0,0.0,0.5539890000000001,-0.567014,MNG,DEU,21
21312644,145,61,112,1974.0,576299.0,0.0,0.298708,-0.400987,MNG,DEU,21
21312645,145,61,112,1980.0,452890.0,0.0,0.374454,-0.406725,MNG,DEU,21
21312646,145,61,112,1987.0,7527955.0,0.0,-0.005908,-0.763862,MNG,DEU,21
21312647,145,61,112,1973.0,659246.0,0.0,0.14182899999999998,-0.7196819999999999,MNG,DEU,21
21312648,145,61,112,1975.0,302881.0,0.0,0.327332,-0.466466,MNG,DEU,21
21312649,145,61,112,1970.0,129937.0,0.0,-0.7403270000000001,-0.675342,MNG,DEU,21
21312650,145,61,112,1962.0,10038.0,0.0,-0.804663,-0.43588699999999997,MNG,DEU,21
21312651,145,61,112,1969.0,263522.0,0.0,-0.427935,-0.561242,MNG,DEU,21
21312652,147,61,112,2016.0,2093.0,0.0,-1.207606,-1.0223879999999999,MOZ,DEU,21
21312653,147,61,112,2012.0,3501.0,0.0,-1.274567,-1.045444,MOZ,DEU,21
21312654,147,61,112,2014.0,1922.0,0.0,-1.03106,-0.9325260000000001,MOZ,DEU,21
21312655,147,61,112,2007.0,5604.0,0.0,-1.457163,-1.165817,MOZ,DEU,21
21312656,147,61,112,2010.0,2278.0,0.0,-1.459845,-1.136655,MOZ,DEU,21
21312657,147,61,112,2018.0,2943.0,0.0,-1.253762,-1.0049,MOZ,DEU,21
21312658,147,61,112,2017.0,6563.0,0.0,-1.3967319999999999,-1.1603290000000002,MOZ,DEU,21
21312659,147,61,112,1969.0,10753.0,0.0,-0.684511,-0.630147,MOZ,DEU,21
21312660,147,61,112,1972.0,26626.0,0.0,-0.7430359999999999,-0.782154,MOZ,DEU,21
21312661,147,61,112,1973.0,4797.0,5240.0,-0.737795,-0.632993,MOZ,DEU,21
21312662,147,61,112,1974.0,5633.0,0.0,-0.58615,-0.691495,MOZ,DEU,21
21312663,147,61,112,2015.0,1290.0,0.0,-1.275013,-1.1228040000000001,MOZ,DEU,21
21312664,147,61,112,1968.0,8185.0,0.0,-0.859319,-0.818945,MOZ,DEU,21
21312665,147,61,112,1967.0,2760.0,0.0,-0.791833,-0.788809,MOZ,DEU,21
21312666,148,61,112,1974.0,2797.0,0.0,-0.39176700000000003,-0.652996,MRT,DEU,21
21312667,149,61,112,1974.0,13877.0,0.0,0.038005000000000004,-0.433126,MSR,DEU,21
21312668,151,61,112,2009.0,1214.0,0.0,-0.0442,0.199713,MUS,DEU,21
21312669,151,61,112,2012.0,0.0,11209.0,-0.101344,0.22300100000000003,MUS,DEU,21
21312670,151,61,112,2008.0,2995.0,0.0,-0.151571,-0.200682,MUS,DEU,21
21312671,151,61,112,2002.0,0.0,1022.0,-0.382062,-0.379224,MUS,DEU,21
21312672,151,61,112,1992.0,0.0,1425.0,-0.249558,-0.643201,MUS,DEU,21
21312673,151,61,112,1991.0,0.0,7398.0,-0.356145,-0.715591,MUS,DEU,21
21312674,151,61,112,1979.0,0.0,47287.0,0.306433,-0.5392520000000001,MUS,DEU,21
21312675,151,61,112,1980.0,0.0,41123.0,0.346748,-0.39459099999999997,MUS,DEU,21
21312676,152,61,112,2007.0,73445.0,0.0,-0.829742,-0.909758,MWI,DEU,21
21312677,152,61,112,1997.0,9002.0,0.0,-1.167342,-1.086488,MWI,DEU,21
21312678,152,61,112,2011.0,145244.0,0.0,-1.080622,-0.965384,MWI,DEU,21
21312679,152,61,112,2005.0,63520.0,0.0,-1.328354,-1.209611,MWI,DEU,21
21312680,152,61,112,2006.0,62167.0,0.0,-0.822168,-0.8834860000000001,MWI,DEU,21
21312681,152,61,112,2013.0,17665.0,0.0,-0.802763,-0.8101470000000001,MWI,DEU,21
21312682,152,61,112,2008.0,56794.0,0.0,-0.9438620000000001,-0.9185530000000001,MWI,DEU,21
21312683,152,61,112,2010.0,161043.0,0.0,-1.0239639999999999,-1.016241,MWI,DEU,21
21312684,152,61,112,2012.0,139435.0,0.0,-1.069049,-1.060096,MWI,DEU,21
21312685,152,61,112,2009.0,168540.0,0.0,-1.26152,-1.081146,MWI,DEU,21
21312686,152,61,112,1988.0,7940.0,0.0,-1.179462,-1.109059,MWI,DEU,21
21312687,152,61,112,1981.0,9798.0,0.0,-0.27115100000000003,-0.6605,MWI,DEU,21
21312688,153,61,112,2008.0,39075.0,127253.0,0.928428,0.48990100000000003,MYS,DEU,21
21312689,153,61,112,2016.0,101191.0,2021.0,1.091156,0.8383370000000001,MYS,DEU,21
21312690,153,61,112,2015.0,27571.0,64198.0,1.041984,0.773634,MYS,DEU,21
21312691,153,61,112,2002.0,1458418.0,14754.0,0.9987159999999999,0.26558200000000004,MYS,DEU,21
21312692,153,61,112,2011.0,1399889.0,313467.0,1.023615,0.6364770000000001,MYS,DEU,21
21312693,153,61,112,2012.0,1482557.0,3057683.0,0.93739,0.726329,MYS,DEU,21
21312694,153,61,112,2013.0,999618.0,0.0,0.924532,0.671334,MYS,DEU,21
21312695,153,61,112,2014.0,0.0,1550.0,0.995226,0.7797810000000001,MYS,DEU,21
21312696,153,61,112,2019.0,47220.0,37302.0,1.137286,0.711695,MYS,DEU,21
21312697,153,61,112,2017.0,175195.0,107511.0,1.022117,0.6711739999999999,MYS,DEU,21
21312698,153,61,112,2005.0,1482570.0,0.0,0.922459,0.21455300000000002,MYS,DEU,21
21312699,153,61,112,1990.0,82068.0,0.0,0.172319,0.274509,MYS,DEU,21
21312700,153,61,112,1992.0,0.0,193976.0,0.14268499999999998,0.370079,MYS,DEU,21
21312701,153,61,112,1994.0,0.0,60011.0,0.391369,0.337687,MYS,DEU,21
21312702,153,61,112,1996.0,17760.0,1278.0,0.5493640000000001,0.248484,MYS,DEU,21
21312703,153,61,112,2006.0,1703191.0,9379.0,0.9497270000000001,0.324179,MYS,DEU,21
21312704,153,61,112,2007.0,155560.0,56486.0,0.948463,0.33418600000000004,MYS,DEU,21
21312705,153,61,112,2010.0,764075.0,140987.0,0.8855870000000001,0.523093,MYS,DEU,21
21312706,153,61,112,1995.0,0.0,72643.0,0.42428699999999997,0.210883,MYS,DEU,21
21312707,153,61,112,1999.0,163506.0,0.0,0.81818,0.204866,MYS,DEU,21
21312708,153,61,112,2000.0,1561458.0,191289.0,0.789007,0.16084600000000002,MYS,DEU,21
21312709,153,61,112,2003.0,39351.0,0.0,1.106399,0.165321,MYS,DEU,21
21312710,153,61,112,2004.0,549186.0,0.0,1.250098,0.352379,MYS,DEU,21
21312711,153,61,112,2009.0,58997.0,94245.0,0.7363810000000001,0.57739,MYS,DEU,21
21312712,153,61,112,2018.0,41057.0,0.0,1.047185,0.732742,MYS,DEU,21
21312713,153,61,112,1991.0,0.0,48191.0,0.087548,0.23637800000000003,MYS,DEU,21
21312714,153,61,112,1993.0,3438.0,9812.0,0.276802,0.267217,MYS,DEU,21
21312715,153,61,112,1997.0,233279.0,46930.0,0.526754,0.33065700000000003,MYS,DEU,21
21312716,153,61,112,1998.0,131756.0,0.0,0.484235,0.05134299999999999,MYS,DEU,21
21312717,153,61,112,1981.0,0.0,1743.0,-0.011448999999999999,0.096506,MYS,DEU,21
21312718,153,61,112,2020.0,31254.0,30456.0,1.1176540000000001,0.711091,MYS,DEU,21
21312719,153,61,112,1980.0,0.0,4972.0,-0.23523899999999998,-0.037528,MYS,DEU,21
21312720,153,61,112,1985.0,0.0,22021.0,-0.002045,0.168149,MYS,DEU,21
21312721,153,61,112,2001.0,696933.0,60683.0,0.894191,0.310677,MYS,DEU,21
21312722,153,61,112,1966.0,115317.0,0.0,-0.46388900000000005,-0.5476949999999999,MYS,DEU,21
21312723,153,61,112,1975.0,40575.0,4207.0,0.18199500000000002,0.19133699999999998,MYS,DEU,21
21312724,153,61,112,1978.0,1754.0,2851.0,0.033495,0.046748000000000005,MYS,DEU,21
21312725,153,61,112,1979.0,13309.0,0.0,-0.22575,-0.128172,MYS,DEU,21
21312726,153,61,112,1982.0,47876.0,984.0,0.035615,0.177628,MYS,DEU,21
21312727,153,61,112,1988.0,0.0,1624.0,-0.055667999999999995,0.195692,MYS,DEU,21
21312728,153,61,112,1969.0,59052.0,0.0,-0.616386,-0.618805,MYS,DEU,21
21312729,153,61,112,1970.0,78584.0,0.0,-0.734046,-0.716222,MYS,DEU,21
21312730,153,61,112,1971.0,5273.0,0.0,-0.636547,-0.648471,MYS,DEU,21
21312731,153,61,112,1972.0,6182.0,0.0,-0.560161,-0.686025,MYS,DEU,21
21312732,153,61,112,1973.0,19743.0,0.0,-0.014421000000000002,-0.269755,MYS,DEU,21
21312733,153,61,112,1974.0,40209.0,1043.0,-0.230594,-0.402958,MYS,DEU,21
21312734,153,61,112,1983.0,114661.0,0.0,0.16255899999999998,0.21936799999999998,MYS,DEU,21
21312735,153,61,112,1984.0,7832.0,0.0,0.12648399999999999,0.172768,MYS,DEU,21
21312736,153,61,112,1968.0,45392.0,0.0,-0.530212,-0.618034,MYS,DEU,21
21312737,153,61,112,1964.0,218096.0,0.0,-0.632434,-0.5379689999999999,MYS,DEU,21
21312738,153,61,112,1965.0,125555.0,0.0,-0.503958,-0.53538,MYS,DEU,21
21312739,153,61,112,1967.0,274647.0,0.0,-0.426234,-0.6116510000000001,MYS,DEU,21
21312740,153,61,112,1976.0,47213.0,1438.0,0.162526,-0.042948,MYS,DEU,21
21312741,153,61,112,1977.0,76389.0,2540.0,0.285688,0.29785300000000003,MYS,DEU,21
21312742,155,61,112,2000.0,2039508.0,20883.0,-0.42796999999999996,-0.643361,NAM,DEU,21
21312743,155,61,112,2001.0,2411977.0,11911.0,-0.536003,-0.7165590000000001,NAM,DEU,21
21312744,155,61,112,2002.0,239445.0,25613.0,-0.137725,-0.361452,NAM,DEU,21
21312745,155,61,112,2003.0,1030306.0,0.0,-0.187027,-0.357388,NAM,DEU,21
21312746,155,61,112,2004.0,405003.0,6835.0,-0.408989,-0.462016,NAM,DEU,21
21312747,155,61,112,2005.0,272593.0,97284.0,-0.43010200000000004,-0.43786499999999995,NAM,DEU,21
21312748,155,61,112,2006.0,777769.0,0.0,-0.425389,-0.690279,NAM,DEU,21
21312749,155,61,112,2007.0,644831.0,0.0,-0.46289600000000003,-0.544578,NAM,DEU,21
21312750,155,61,112,2008.0,796361.0,23406.0,-0.07931,-0.23347600000000002,NAM,DEU,21
21312751,155,61,112,2009.0,401841.0,0.0,0.080358,0.177531,NAM,DEU,21
21312752,155,61,112,2010.0,858504.0,0.0,-0.713893,-0.746379,NAM,DEU,21
21312753,155,61,112,2011.0,1357768.0,0.0,-0.595352,-0.660176,NAM,DEU,21
21312754,155,61,112,2012.0,823293.0,0.0,-0.404252,-0.330913,NAM,DEU,21
21312755,155,61,112,2013.0,548109.0,2871.0,-0.316805,-0.38759099999999996,NAM,DEU,21
21312756,155,61,112,2014.0,242159.0,0.0,-0.5218020000000001,-0.502617,NAM,DEU,21
21312757,155,61,112,2015.0,172702.0,0.0,-0.379262,-0.574771,NAM,DEU,21
21312758,155,61,112,2016.0,211482.0,0.0,-0.506252,-0.8029350000000001,NAM,DEU,21
21312759,155,61,112,2017.0,193155.0,0.0,-0.501017,-0.716238,NAM,DEU,21
21312760,155,61,112,2018.0,410230.0,0.0,-0.45412600000000003,-0.673077,NAM,DEU,21
21312761,155,61,112,2019.0,144000.0,0.0,-0.24699200000000002,-0.569818,NAM,DEU,21
21312762,155,61,112,2020.0,62738.0,0.0,-0.529092,-0.6274489999999999,NAM,DEU,21
21312763,156,61,112,2004.0,44151.0,0.0,-0.279566,-0.860456,NCL,DEU,21
21312764,157,61,112,1977.0,89098.0,0.0,-0.170068,-0.427159,NER,DEU,21
21312765,157,61,112,1972.0,5668.0,0.0,-0.5284939999999999,-0.575063,NER,DEU,21
21312766,157,61,112,1968.0,6884.0,0.0,-0.621916,-0.715214,NER,DEU,21
21312767,157,61,112,1969.0,29414.0,0.0,-0.905949,-0.734705,NER,DEU,21
21312768,157,61,112,1970.0,11479.0,0.0,-0.9728399999999999,-0.860617,NER,DEU,21
21312769,157,61,112,1971.0,3679.0,0.0,-0.8275610000000001,-0.747424,NER,DEU,21
21312770,159,61,112,2015.0,6699.0,13250.0,-1.861028,-1.3094219999999999,NGA,DEU,21
21312771,159,61,112,2008.0,9501.0,4513.0,-1.778615,-1.157746,NGA,DEU,21
21312772,159,61,112,2009.0,0.0,16569.0,-1.6672770000000001,-1.211684,NGA,DEU,21
21312773,159,61,112,2010.0,2736.0,0.0,-1.901832,-1.294873,NGA,DEU,21
21312774,159,61,112,1997.0,0.0,3407.0,-1.8354990000000002,-1.246493,NGA,DEU,21
21312775,159,61,112,2007.0,14351.0,3030.0,-2.0977639999999997,-1.2535610000000001,NGA,DEU,21
21312776,159,61,112,2018.0,0.0,295482.0,-1.839074,-1.29837,NGA,DEU,21
21312777,159,61,112,2020.0,0.0,146734.0,-1.734357,-1.270669,NGA,DEU,21
21312778,159,61,112,1999.0,0.0,11516.0,-1.975043,-1.349625,NGA,DEU,21
21312779,159,61,112,2013.0,1359.0,22814.0,-1.679402,-1.14686,NGA,DEU,21
21312780,159,61,112,2019.0,69751.0,256957.0,-1.7790650000000001,-1.2846469999999999,NGA,DEU,21
21312781,159,61,112,1969.0,410530.0,1246.0,-1.29786,-0.7996300000000001,NGA,DEU,21
21312782,159,61,112,2017.0,0.0,216769.0,-1.784814,-1.310281,NGA,DEU,21
21312783,159,61,112,2011.0,0.0,1177.0,-1.870959,-1.21894,NGA,DEU,21
21312784,159,61,112,1991.0,0.0,3318.0,-1.4970430000000001,-1.0340690000000001,NGA,DEU,21
21312785,159,61,112,2012.0,0.0,38394.0,-1.616498,-1.174816,NGA,DEU,21
21312786,159,61,112,1964.0,1060792.0,0.0,-1.136649,-0.727962,NGA,DEU,21
21312787,159,61,112,1970.0,500704.0,0.0,-1.545118,-0.931257,NGA,DEU,21
21312788,159,61,112,1971.0,190446.0,0.0,-1.6915639999999998,-0.8931879999999999,NGA,DEU,21
21312789,159,61,112,1972.0,182698.0,0.0,-1.7500470000000001,-0.8320770000000001,NGA,DEU,21
21312790,159,61,112,1966.0,916355.0,0.0,-1.169983,-0.765738,NGA,DEU,21
21312791,159,61,112,1974.0,176095.0,2128.0,-1.401333,-0.767889,NGA,DEU,21
21312792,159,61,112,1975.0,89244.0,1119.0,-1.6496240000000002,-0.748165,NGA,DEU,21
21312793,159,61,112,1973.0,132457.0,0.0,-1.7040060000000001,-0.905192,NGA,DEU,21
21312794,159,61,112,1978.0,41403.0,0.0,-2.058504,-0.883114,NGA,DEU,21
21312795,159,61,112,1979.0,301848.0,0.0,-2.30652,-0.873491,NGA,DEU,21
21312796,159,61,112,1980.0,372331.0,0.0,-2.340704,-0.8543950000000001,NGA,DEU,21
21312797,159,61,112,1981.0,184250.0,1042.0,-2.104174,-0.857851,NGA,DEU,21
21312798,159,61,112,1977.0,42871.0,0.0,-1.31184,-0.65393,NGA,DEU,21
21312799,159,61,112,1967.0,764448.0,5966.0,-1.09407,-0.767981,NGA,DEU,21
21312800,159,61,112,1968.0,501572.0,0.0,-1.317379,-0.822881,NGA,DEU,21
21312801,159,61,112,1965.0,1052716.0,0.0,-1.106387,-0.725463,NGA,DEU,21
21312802,159,61,112,1962.0,465663.0,0.0,-1.137573,-0.7223470000000001,NGA,DEU,21
21312803,159,61,112,1963.0,570464.0,0.0,-1.046931,-0.6812729999999999,NGA,DEU,21
21312804,159,61,112,1976.0,154114.0,0.0,-1.377693,-0.586013,NGA,DEU,21
21312805,159,61,112,1982.0,62180.0,0.0,-2.1058209999999997,-0.918272,NGA,DEU,21
21312806,159,61,112,1996.0,0.0,548618.0,-1.9253069999999999,-1.247116,NGA,DEU,21
21312807,159,61,112,1993.0,0.0,5467.0,-2.1761049999999997,-1.18574,NGA,DEU,21
21312808,159,61,112,1984.0,1760.0,0.0,-2.068768,-0.881851,NGA,DEU,21
21312809,160,61,112,1999.0,1620.0,0.0,-0.8209299999999999,-0.669381,NIC,DEU,21
21312810,160,61,112,1972.0,214747.0,0.0,-0.06700199999999999,-0.238379,NIC,DEU,21
21312811,160,61,112,1966.0,423552.0,0.0,0.177704,-0.282645,NIC,DEU,21
21312812,160,61,112,1967.0,293612.0,0.0,0.162187,-0.32823,NIC,DEU,21
21312813,160,61,112,1969.0,433996.0,0.0,0.023059,-0.288263,NIC,DEU,21
21312814,160,61,112,1963.0,82858.0,0.0,-1.057869,-0.733887,NIC,DEU,21
21312815,160,61,112,1971.0,240987.0,0.0,0.21678699999999998,-0.085482,NIC,DEU,21
21312816,160,61,112,1975.0,608986.0,0.0,0.001542,-0.021287999999999998,NIC,DEU,21
21312817,160,61,112,1973.0,179751.0,0.0,-0.006933,-0.20422300000000002,NIC,DEU,21
21312818,160,61,112,1974.0,255545.0,0.0,0.159127,-0.005861,NIC,DEU,21
21312819,160,61,112,1970.0,315946.0,0.0,0.156778,0.004746,NIC,DEU,21
21312820,160,61,112,1964.0,117995.0,0.0,-0.222088,-0.47166499999999995,NIC,DEU,21
21312821,160,61,112,1965.0,125319.0,0.0,0.143597,-0.321781,NIC,DEU,21
21312822,160,61,112,1968.0,671788.0,0.0,0.141456,-0.299055,NIC,DEU,21
21312823,160,61,112,1991.0,75163.0,0.0,-0.48451099999999997,-0.456842,NIC,DEU,21
21312824,160,61,112,1979.0,100531.0,0.0,-0.786956,-0.929565,NIC,DEU,21
21312825,160,61,112,1978.0,28061.0,0.0,-0.845772,-0.890804,NIC,DEU,21
21312826,160,61,112,1962.0,37129.0,0.0,-1.075753,-0.701489,NIC,DEU,21
21312827,160,61,112,1977.0,42182.0,0.0,-0.28633600000000003,-0.670413,NIC,DEU,21
21312828,162,61,112,2009.0,11375333.0,31964408.0,1.101546,1.232905,NLD,DEU,21
21312829,162,61,112,2010.0,29108503.0,63625144.0,1.102171,1.253737,NLD,DEU,21
21312830,162,61,112,2011.0,42111718.0,80070745.0,0.995517,1.548989,NLD,DEU,21
21312831,162,61,112,2012.0,25787366.0,67717124.0,0.961975,1.517883,NLD,DEU,21
21312832,162,61,112,2013.0,26135092.0,74666674.0,1.012006,1.441545,NLD,DEU,21
21312833,162,61,112,2015.0,45692296.0,85193363.0,1.135062,1.338365,NLD,DEU,21
21312834,162,61,112,2016.0,36422877.0,79244450.0,1.132192,1.412512,NLD,DEU,21
21312835,162,61,112,2017.0,1892189.0,2548187.0,1.090805,1.452409,NLD,DEU,21
21312836,162,61,112,2018.0,894950.0,1202812.0,1.060964,1.491808,NLD,DEU,21
21312837,162,61,112,2019.0,1306421.0,765272.0,1.1094540000000002,1.335874,NLD,DEU,21
21312838,162,61,112,2020.0,1156155.0,556115.0,0.986038,1.540414,NLD,DEU,21
21312839,162,61,112,1989.0,40010502.0,48521550.0,1.402509,1.7133330000000002,NLD,DEU,21
21312840,162,61,112,1990.0,35637848.0,61361642.0,1.475375,1.697396,NLD,DEU,21
21312841,162,61,112,1991.0,20553295.0,67099949.0,1.4946840000000001,1.811405,NLD,DEU,21
21312842,162,61,112,1992.0,17848715.0,68391127.0,1.4315069999999999,1.7107450000000002,NLD,DEU,21
21312843,162,61,112,1993.0,22665199.0,50835952.0,1.452553,1.605166,NLD,DEU,21
21312844,162,61,112,1994.0,37591346.0,59078443.0,1.431846,1.608867,NLD,DEU,21
21312845,162,61,112,1995.0,45159995.0,56571215.0,1.403942,1.653311,NLD,DEU,21
21312846,162,61,112,1996.0,32256984.0,58672321.0,1.331177,1.6320430000000001,NLD,DEU,21
21312847,162,61,112,1997.0,27086050.0,60927644.0,1.327106,1.520932,NLD,DEU,21
21312848,162,61,112,1998.0,33452782.0,45204722.0,1.305919,1.497666,NLD,DEU,21
21312849,162,61,112,1999.0,35313423.0,46636703.0,1.4220540000000002,1.275317,NLD,DEU,21
21312850,162,61,112,2000.0,41264338.0,42097900.0,1.259257,1.595796,NLD,DEU,21
21312851,162,61,112,2001.0,38234374.0,49489897.0,1.299569,1.487015,NLD,DEU,21
21312852,162,61,112,2002.0,56598035.0,56006856.0,1.175777,1.667472,NLD,DEU,21
21312853,162,61,112,2003.0,34684560.0,47442258.0,1.241407,1.447459,NLD,DEU,21
21312854,162,61,112,2004.0,23626055.0,46103205.0,1.171327,1.6369799999999999,NLD,DEU,21
21312855,162,61,112,2005.0,36736780.0,43430203.0,1.0774059999999999,1.610825,NLD,DEU,21
21312856,162,61,112,2006.0,36703779.0,46861696.0,1.115718,1.4743680000000001,NLD,DEU,21
21312857,162,61,112,2007.0,49157574.0,48098207.0,0.9985809999999999,1.468116,NLD,DEU,21
21312858,162,61,112,2008.0,38888395.0,44341013.0,1.0692979999999999,1.311695,NLD,DEU,21
21312859,162,61,112,2014.0,59337728.0,97261906.0,1.08881,1.320941,NLD,DEU,21
21312860,162,61,112,1964.0,4894593.0,4134107.0,1.563843,3.03784,NLD,DEU,21
21312861,162,61,112,1968.0,8694968.0,7792582.0,1.4081620000000001,2.841383,NLD,DEU,21
21312862,162,61,112,1982.0,21587119.0,19598981.0,1.314926,1.8739720000000002,NLD,DEU,21
21312863,162,61,112,1983.0,22610708.0,19133520.0,1.281772,2.0243900000000004,NLD,DEU,21
21312864,162,61,112,1984.0,17012283.0,28389624.0,1.354452,1.957254,NLD,DEU,21
21312865,162,61,112,1986.0,24256065.0,45869283.0,1.480742,1.983198,NLD,DEU,21
21312866,162,61,112,1962.0,5212532.0,4544534.0,1.533548,2.937284,NLD,DEU,21
21312867,162,61,112,1963.0,4045626.0,4545225.0,1.489825,3.113276,NLD,DEU,21
21312868,162,61,112,1965.0,5459802.0,4966549.0,1.649933,3.145235,NLD,DEU,21
21312869,162,61,112,1966.0,6953690.0,8835207.0,1.509701,2.959854,NLD,DEU,21
21312870,162,61,112,1967.0,6403103.0,7806352.0,1.476428,3.057667,NLD,DEU,21
21312871,162,61,112,1969.0,8461403.0,6950638.0,1.415815,2.7428049999999997,NLD,DEU,21
21312872,162,61,112,1970.0,6914547.0,7985462.0,1.429006,2.563438,NLD,DEU,21
21312873,162,61,112,1971.0,5814820.0,7757571.0,1.3564690000000001,2.749828,NLD,DEU,21
21312874,162,61,112,1972.0,11156116.0,14076209.0,1.366963,2.705669,NLD,DEU,21
21312875,162,61,112,1973.0,12648197.0,17352421.0,1.380759,2.5777509999999997,NLD,DEU,21
21312876,162,61,112,1974.0,8065124.0,12207214.0,1.1901030000000001,2.348171,NLD,DEU,21
21312877,162,61,112,1975.0,7772096.0,9004107.0,1.248438,2.236579,NLD,DEU,21
21312878,162,61,112,1978.0,15069512.0,26350758.0,1.449735,2.0375330000000003,NLD,DEU,21
21312879,162,61,112,1979.0,22954785.0,31197052.0,1.3693170000000001,1.994645,NLD,DEU,21
21312880,162,61,112,1980.0,16543305.0,18206604.0,1.217013,1.957872,NLD,DEU,21
21312881,162,61,112,1987.0,23763895.0,51289284.0,1.47632,1.911861,NLD,DEU,21
21312882,162,61,112,1988.0,29436769.0,59322061.0,1.377961,1.784727,NLD,DEU,21
21312883,162,61,112,1981.0,16064708.0,16238254.0,1.219753,1.8593009999999999,NLD,DEU,21
21312884,162,61,112,1985.0,17064213.0,34410456.0,1.375418,2.034757,NLD,DEU,21
21312885,162,61,112,1976.0,11569858.0,16468848.0,1.309456,2.307354,NLD,DEU,21
21312886,162,61,112,1977.0,13605655.0,18567177.0,1.171244,2.2098139999999997,NLD,DEU,21
21312887,163,61,112,1993.0,1891508.0,16651.0,0.673673,0.091587,NOR,DEU,21
21312888,163,61,112,1994.0,2102786.0,2213.0,0.677984,0.073548,NOR,DEU,21
21312889,163,61,112,1995.0,3981145.0,49102.0,0.874725,0.283974,NOR,DEU,21
21312890,163,61,112,1996.0,5576833.0,115387.0,0.8207270000000001,0.043619,NOR,DEU,21
21312891,163,61,112,1997.0,4465057.0,132886.0,0.857735,0.061844,NOR,DEU,21
21312892,163,61,112,1998.0,4543523.0,328119.0,0.880834,0.21940900000000002,NOR,DEU,21
21312893,163,61,112,1999.0,3304595.0,100172.0,0.7915949999999999,0.048119,NOR,DEU,21
21312894,163,61,112,2000.0,2448197.0,0.0,0.6499050000000001,-0.177091,NOR,DEU,21
21312895,163,61,112,2001.0,1497083.0,6772.0,0.542366,-0.180336,NOR,DEU,21
21312896,163,61,112,2002.0,2392003.0,186615.0,0.689588,-0.007016,NOR,DEU,21
21312897,163,61,112,2003.0,2541477.0,6761.0,0.880567,0.090791,NOR,DEU,21
21312898,163,61,112,2005.0,4190988.0,5326.0,0.7313470000000001,-0.169473,NOR,DEU,21
21312899,163,61,112,1988.0,9382805.0,260608.0,1.119009,0.860124,NOR,DEU,21
21312900,163,61,112,1992.0,5926546.0,6000.0,0.877965,0.444983,NOR,DEU,21
21312901,163,61,112,2020.0,0.0,1101.0,0.69338,0.389574,NOR,DEU,21
21312902,163,61,112,2018.0,0.0,1610.0,0.359254,-0.059994000000000006,NOR,DEU,21
21312903,163,61,112,2008.0,2137144.0,295289.0,0.687366,-0.10496099999999998,NOR,DEU,21
21312904,163,61,112,2007.0,2085223.0,8428.0,0.6422939999999999,-0.063288,NOR,DEU,21
21312905,163,61,112,2009.0,50412.0,0.0,0.788151,0.110703,NOR,DEU,21
21312906,163,61,112,2013.0,95835.0,0.0,0.710901,0.062705,NOR,DEU,21
21312907,163,61,112,2014.0,141081.0,0.0,0.678424,0.137871,NOR,DEU,21
21312908,163,61,112,2016.0,85620.0,0.0,0.664183,0.206877,NOR,DEU,21
21312909,163,61,112,1972.0,12033402.0,696020.0,1.404788,1.779527,NOR,DEU,21
21312910,163,61,112,2015.0,13457.0,3892.0,0.867526,0.283342,NOR,DEU,21
21312911,163,61,112,1974.0,14255428.0,734028.0,1.2255850000000001,1.697141,NOR,DEU,21
21312912,163,61,112,1983.0,4152298.0,839587.0,0.9881200000000001,0.656795,NOR,DEU,21
21312913,163,61,112,1987.0,6758996.0,191626.0,1.074678,0.7944939999999999,NOR,DEU,21
21312914,163,61,112,2004.0,2981229.0,110989.0,0.731175,-0.0655,NOR,DEU,21
21312915,163,61,112,1970.0,10120222.0,339646.0,1.2290379999999999,1.668913,NOR,DEU,21
21312916,163,61,112,1971.0,11905300.0,369952.0,1.297569,1.870238,NOR,DEU,21
21312917,163,61,112,1973.0,11883949.0,870409.0,1.347887,1.77788,NOR,DEU,21
21312918,163,61,112,1975.0,14592203.0,607745.0,1.174116,1.610365,NOR,DEU,21
21312919,163,61,112,1976.0,13944869.0,629334.0,1.376782,1.32616,NOR,DEU,21
21312920,163,61,112,1977.0,9121829.0,1131555.0,1.13842,1.1624379999999999,NOR,DEU,21
21312921,163,61,112,1978.0,14025597.0,1340978.0,1.240006,1.1593959999999999,NOR,DEU,21
21312922,163,61,112,1979.0,20599088.0,2293227.0,1.113457,1.2216799999999999,NOR,DEU,21
21312923,163,61,112,1980.0,13667036.0,2453623.0,1.1544450000000002,1.159076,NOR,DEU,21
21312924,163,61,112,1981.0,8764835.0,1478761.0,1.104344,0.923651,NOR,DEU,21
21312925,163,61,112,1982.0,5867205.0,1115189.0,1.138012,0.887727,NOR,DEU,21
21312926,163,61,112,1984.0,2163270.0,1055914.0,1.031595,0.659077,NOR,DEU,21
21312927,163,61,112,1985.0,2394339.0,26442.0,1.013833,0.55561,NOR,DEU,21
21312928,163,61,112,1986.0,2157123.0,19145.0,1.032131,0.62498,NOR,DEU,21
21312929,163,61,112,1989.0,7895569.0,114879.0,1.077161,0.67269,NOR,DEU,21
21312930,163,61,112,1990.0,2614419.0,15874.0,0.845469,0.48140900000000003,NOR,DEU,21
21312931,163,61,112,1991.0,3128221.0,15610.0,0.9339430000000001,0.42701300000000003,NOR,DEU,21
21312932,163,61,112,2006.0,4014400.0,24211.0,0.621685,-0.280378,NOR,DEU,21
21312933,163,61,112,2010.0,71605.0,16312.0,0.626526,0.06847400000000001,NOR,DEU,21
21312934,163,61,112,2011.0,42680.0,432021.0,0.603197,-0.022862999999999998,NOR,DEU,21
21312935,163,61,112,2012.0,368754.0,68126.0,0.5462670000000001,-0.042712,NOR,DEU,21
21312936,163,61,112,1968.0,7496581.0,268773.0,1.258037,1.6438409999999999,NOR,DEU,21
21312937,163,61,112,1969.0,8439536.0,221399.0,1.3578569999999999,1.6963599999999999,NOR,DEU,21
21312938,163,61,112,1966.0,7774015.0,301441.0,1.301043,1.542461,NOR,DEU,21
21312939,163,61,112,1962.0,4361377.0,69897.0,1.365959,1.6586459999999998,NOR,DEU,21
21312940,163,61,112,1963.0,4794993.0,166078.0,1.2310530000000002,1.366435,NOR,DEU,21
21312941,163,61,112,1965.0,7947204.0,270424.0,1.216481,1.463149,NOR,DEU,21
21312942,163,61,112,1967.0,7509366.0,271848.0,1.339392,1.8153439999999998,NOR,DEU,21
21312943,163,61,112,1964.0,5689930.0,271677.0,1.3216809999999999,1.657054,NOR,DEU,21
21312944,164,61,112,2010.0,12738.0,0.0,-0.129615,0.671074,NPL,DEU,21
21312945,164,61,112,1994.0,82029.0,0.0,-0.517401,-0.5634819999999999,NPL,DEU,21
21312946,164,61,112,1982.0,203128.0,0.0,0.12216199999999999,-0.515917,NPL,DEU,21
21312947,164,61,112,1995.0,21507.0,0.0,-0.61263,-0.75079,NPL,DEU,21
21312948,164,61,112,1974.0,12001.0,0.0,-0.294079,-0.553629,NPL,DEU,21
21312949,164,61,112,1973.0,91077.0,0.0,-0.302563,-0.5163770000000001,NPL,DEU,21
21312950,164,61,112,1975.0,23326.0,0.0,-0.046018,-0.176036,NPL,DEU,21
21312951,164,61,112,1986.0,40907.0,0.0,-0.382291,-0.20439000000000002,NPL,DEU,21
21312952,164,61,112,1971.0,81041.0,0.0,-0.486012,-0.640524,NPL,DEU,21
21312953,164,61,112,1972.0,96955.0,0.0,-0.567638,-0.739313,NPL,DEU,21
21312954,164,61,112,1969.0,300128.0,0.0,0.149822,-0.303645,NPL,DEU,21
21312955,164,61,112,1970.0,209168.0,0.0,-0.313324,-0.569871,NPL,DEU,21
21312956,164,61,112,1968.0,2876.0,0.0,0.172179,-0.358408,NPL,DEU,21
21312957,166,61,112,2015.0,334314.0,0.0,0.165415,0.170774,NZL,DEU,21
21312958,166,61,112,1997.0,1118444.0,0.0,0.372052,0.764854,NZL,DEU,21
21312959,166,61,112,2001.0,397702.0,0.0,0.220307,0.689625,NZL,DEU,21
21312960,166,61,112,2002.0,171618.0,0.0,0.370673,0.7853829999999999,NZL,DEU,21
21312961,166,61,112,2003.0,392273.0,0.0,0.365665,1.038643,NZL,DEU,21
21312962,166,61,112,2004.0,166217.0,0.0,0.44099099999999997,0.968326,NZL,DEU,21
21312963,166,61,112,2005.0,217735.0,0.0,0.47451499999999996,0.825083,NZL,DEU,21
21312964,166,61,112,2006.0,234412.0,0.0,0.40442100000000003,0.821033,NZL,DEU,21
21312965,166,61,112,2007.0,297396.0,0.0,0.386121,0.851418,NZL,DEU,21
21312966,166,61,112,2008.0,399541.0,0.0,0.32311799999999996,0.701337,NZL,DEU,21
21312967,166,61,112,2009.0,445637.0,0.0,0.249389,0.789732,NZL,DEU,21
21312968,166,61,112,2010.0,165961.0,0.0,0.16702899999999998,0.744585,NZL,DEU,21
21312969,166,61,112,2011.0,187172.0,0.0,0.24326199999999998,0.674809,NZL,DEU,21
21312970,166,61,112,2012.0,422626.0,220226.0,0.21502399999999997,0.746456,NZL,DEU,21
21312971,166,61,112,2013.0,316486.0,70451.0,0.192237,0.429825,NZL,DEU,21
21312972,166,61,112,2014.0,423264.0,0.0,0.123649,0.26129,NZL,DEU,21
21312973,166,61,112,2016.0,286685.0,0.0,0.093306,0.194895,NZL,DEU,21
21312974,166,61,112,2017.0,291202.0,0.0,0.154926,0.10981500000000001,NZL,DEU,21
21312975,166,61,112,2018.0,132404.0,130567.0,0.113398,0.017740000000000002,NZL,DEU,21
21312976,166,61,112,2019.0,194594.0,2017.0,0.197511,0.08897000000000001,NZL,DEU,21
21312977,166,61,112,2020.0,214338.0,0.0,0.166909,-0.042323,NZL,DEU,21
21312978,166,61,112,1998.0,1461454.0,0.0,0.380205,0.772704,NZL,DEU,21
21312979,166,61,112,1986.0,1271248.0,992.0,0.5238189999999999,0.650493,NZL,DEU,21
21312980,166,61,112,1999.0,821049.0,13567.0,0.34283,0.787984,NZL,DEU,21
21312981,166,61,112,2000.0,400606.0,0.0,0.419671,0.809288,NZL,DEU,21
21312982,166,61,112,1993.0,810931.0,0.0,0.502268,0.591277,NZL,DEU,21
21312983,166,61,112,1990.0,624518.0,0.0,0.45746899999999996,0.453269,NZL,DEU,21
21312984,166,61,112,1991.0,651223.0,17795.0,0.50289,0.507516,NZL,DEU,21
21312985,166,61,112,1992.0,978127.0,0.0,0.41866000000000003,0.580581,NZL,DEU,21
21312986,166,61,112,1995.0,859168.0,0.0,0.50405,0.7742899999999999,NZL,DEU,21
21312987,166,61,112,1987.0,1429072.0,0.0,0.5235569999999999,0.464818,NZL,DEU,21
21312988,166,61,112,1988.0,1012983.0,0.0,0.444283,0.49882299999999996,NZL,DEU,21
21312989,166,61,112,1994.0,614736.0,0.0,0.477714,0.5929810000000001,NZL,DEU,21
21312990,166,61,112,1974.0,2186240.0,6547.0,0.356204,0.083901,NZL,DEU,21
21312991,166,61,112,1971.0,1315047.0,0.0,0.188851,-0.346439,NZL,DEU,21
21312992,166,61,112,1972.0,2546051.0,0.0,0.333073,-0.127549,NZL,DEU,21
21312993,166,61,112,1973.0,3092011.0,8946.0,0.339873,-0.102683,NZL,DEU,21
21312994,166,61,112,1996.0,853526.0,0.0,0.404233,0.6724640000000001,NZL,DEU,21
21312995,166,61,112,1967.0,1521986.0,0.0,0.100729,-0.48778299999999997,NZL,DEU,21
21312996,166,61,112,1963.0,2283984.0,0.0,0.188083,-0.40228200000000003,NZL,DEU,21
21312997,166,61,112,1964.0,2154868.0,0.0,0.274439,-0.37142800000000004,NZL,DEU,21
21312998,166,61,112,1965.0,1785612.0,0.0,0.22985300000000003,-0.370683,NZL,DEU,21
21312999,166,61,112,1966.0,2661919.0,0.0,0.062303,-0.462703,NZL,DEU,21
21313000,166,61,112,1968.0,1853272.0,0.0,0.184389,-0.451151,NZL,DEU,21
21313001,166,61,112,1969.0,1822611.0,0.0,0.19789600000000002,-0.43786,NZL,DEU,21
21313002,166,61,112,1970.0,1736887.0,0.0,0.246511,-0.32604299999999997,NZL,DEU,21
21313003,166,61,112,1975.0,1656108.0,0.0,0.357408,0.140699,NZL,DEU,21
21313004,166,61,112,1979.0,3892537.0,0.0,0.402935,0.065919,NZL,DEU,21
21313005,166,61,112,1980.0,5029413.0,0.0,0.439512,0.172763,NZL,DEU,21
21313006,166,61,112,1981.0,3164758.0,1999.0,0.525796,0.45058100000000006,NZL,DEU,21
21313007,166,61,112,1982.0,2154050.0,23226.0,0.5159600000000001,0.447417,NZL,DEU,21
21313008,166,61,112,1983.0,1633664.0,0.0,0.503468,0.505518,NZL,DEU,21
21313009,166,61,112,1984.0,1756907.0,0.0,0.662454,0.773026,NZL,DEU,21
21313010,166,61,112,1985.0,902479.0,978.0,0.5404359999999999,0.662651,NZL,DEU,21
21313011,166,61,112,1989.0,482765.0,9324.0,0.549917,0.5621649999999999,NZL,DEU,21
21313012,166,61,112,1978.0,3074379.0,0.0,0.61582,0.461726,NZL,DEU,21
21313013,166,61,112,1962.0,2676918.0,0.0,0.144044,-0.431704,NZL,DEU,21
21313014,167,61,112,2001.0,0.0,1031.0,-1.4727729999999999,-1.329588,OMN,DEU,21
21313015,167,61,112,2002.0,0.0,4657.0,-1.307058,-1.270916,OMN,DEU,21
21313016,167,61,112,2007.0,0.0,14078.0,-0.719648,-1.126694,OMN,DEU,21
21313017,167,61,112,1992.0,0.0,996.0,-0.906702,-1.0716709999999998,OMN,DEU,21
21313018,167,61,112,1972.0,48829.0,0.0,-1.369588,-0.6074729999999999,OMN,DEU,21
21313019,168,61,112,2015.0,0.0,44607.0,-0.747304,0.41020200000000007,PAK,DEU,21
21313020,168,61,112,2019.0,0.0,4591.0,-0.681465,0.5697909999999999,PAK,DEU,21
21313021,168,61,112,2020.0,0.0,19837.0,-0.48518900000000004,0.37107199999999996,PAK,DEU,21
21313022,168,61,112,2017.0,3452.0,13534.0,-0.737436,0.345773,PAK,DEU,21
21313023,168,61,112,2006.0,28279.0,267565.0,-0.500494,0.334983,PAK,DEU,21
21313024,168,61,112,2009.0,64346.0,306459.0,-0.47254399999999996,0.487605,PAK,DEU,21
21313025,168,61,112,2011.0,3142.0,370667.0,-0.588909,0.729988,PAK,DEU,21
21313026,168,61,112,1967.0,1639106.0,3910.0,0.311612,-0.138537,PAK,DEU,21
21313027,168,61,112,1968.0,2047374.0,4663.0,0.17055499999999998,-0.249302,PAK,DEU,21
21313028,168,61,112,1969.0,2059599.0,1039.0,0.012966,-0.396005,PAK,DEU,21
21313029,168,61,112,1970.0,3180277.0,8327.0,0.021556,-0.308079,PAK,DEU,21
21313030,168,61,112,1971.0,3724120.0,14899.0,-0.160556,-0.48263,PAK,DEU,21
21313031,168,61,112,1972.0,3782027.0,20246.0,-0.43372799999999995,-0.44441099999999994,PAK,DEU,21
21313032,168,61,112,1973.0,3992856.0,77892.0,0.01873,-0.305086,PAK,DEU,21
21313033,168,61,112,2003.0,65144.0,107584.0,-0.755575,0.185554,PAK,DEU,21
21313034,168,61,112,2004.0,10845.0,141488.0,-0.7489600000000001,0.22493200000000002,PAK,DEU,21
21313035,168,61,112,2005.0,18138.0,106740.0,-0.592712,0.279781,PAK,DEU,21
21313036,168,61,112,2007.0,4042.0,484954.0,-0.43098100000000006,0.42179700000000003,PAK,DEU,21
21313037,168,61,112,2008.0,10976.0,539152.0,-0.370515,0.533245,PAK,DEU,21
21313038,168,61,112,2010.0,74126.0,338404.0,-0.665989,0.380384,PAK,DEU,21
21313039,168,61,112,2012.0,97834.0,150050.0,-0.600346,0.474208,PAK,DEU,21
21313040,168,61,112,2013.0,4911.0,60841.0,-0.697224,0.501576,PAK,DEU,21
21313041,168,61,112,2014.0,0.0,234483.0,-0.595946,0.493716,PAK,DEU,21
21313042,168,61,112,2016.0,2548.0,25353.0,-0.7806810000000001,0.420241,PAK,DEU,21
21313043,168,61,112,1966.0,1881332.0,0.0,-0.36359600000000003,-0.573788,PAK,DEU,21
21313044,168,61,112,1975.0,4559038.0,29047.0,0.110694,-0.032957,PAK,DEU,21
21313045,168,61,112,1962.0,3028790.0,0.0,-0.236999,-0.480691,PAK,DEU,21
21313046,168,61,112,1974.0,4859156.0,137000.0,0.219621,0.079992,PAK,DEU,21
21313047,168,61,112,1983.0,822453.0,2955.0,-0.021206,-0.207681,PAK,DEU,21
21313048,168,61,112,1984.0,457884.0,127325.0,0.114021,0.22244899999999998,PAK,DEU,21
21313049,168,61,112,1985.0,202196.0,24014.0,-0.005036,0.11296800000000001,PAK,DEU,21
21313050,168,61,112,1986.0,81377.0,3776.0,-0.194998,-0.060502,PAK,DEU,21
21313051,168,61,112,1987.0,261604.0,27223.0,-0.38618600000000003,-0.35169,PAK,DEU,21
21313052,168,61,112,1988.0,91102.0,52074.0,-0.470154,-0.44697200000000004,PAK,DEU,21
21313053,168,61,112,1989.0,85821.0,82347.0,-0.479839,-0.31800500000000004,PAK,DEU,21
21313054,168,61,112,1990.0,13835.0,155930.0,-0.36949,-0.326391,PAK,DEU,21
21313055,168,61,112,1991.0,25787.0,263020.0,-0.524475,-0.415864,PAK,DEU,21
21313056,168,61,112,1992.0,19225.0,959775.0,-0.480152,-0.361705,PAK,DEU,21
21313057,168,61,112,1993.0,87433.0,595294.0,-0.48600699999999997,-0.374327,PAK,DEU,21
21313058,168,61,112,1964.0,1681135.0,5449.0,0.07381,-0.271313,PAK,DEU,21
21313059,168,61,112,1965.0,1919458.0,1509.0,-0.24541100000000002,-0.548148,PAK,DEU,21
21313060,168,61,112,1963.0,2161926.0,3963.0,-0.010725,-0.283225,PAK,DEU,21
21313061,168,61,112,1982.0,846560.0,6734.0,0.094251,0.012144,PAK,DEU,21
21313062,168,61,112,1999.0,0.0,75479.0,-0.8837450000000001,-0.541579,PAK,DEU,21
21313063,168,61,112,1996.0,0.0,114489.0,-0.759362,-0.541712,PAK,DEU,21
21313064,168,61,112,1995.0,0.0,163397.0,-0.77412,-0.44227700000000003,PAK,DEU,21
21313065,168,61,112,1997.0,0.0,85931.0,-0.844282,-0.602616,PAK,DEU,21
21313066,168,61,112,1998.0,0.0,131556.0,-0.856671,-0.63431,PAK,DEU,21
21313067,168,61,112,2000.0,4213.0,42756.0,-0.76763,-0.435066,PAK,DEU,21
21313068,168,61,112,2001.0,1667.0,31000.0,-0.741053,-0.41444,PAK,DEU,21
21313069,168,61,112,2002.0,0.0,177000.0,-0.7574069999999999,-0.403427,PAK,DEU,21
21313070,168,61,112,1980.0,7204370.0,0.0,0.094797,-0.127492,PAK,DEU,21
21313071,168,61,112,1981.0,3308079.0,5002.0,0.195185,0.075414,PAK,DEU,21
21313072,168,61,112,1979.0,8669501.0,2018.0,-0.043597000000000004,-0.275041,PAK,DEU,21
21313073,168,61,112,1978.0,6217097.0,0.0,-0.095573,-0.420112,PAK,DEU,21
21313074,168,61,112,1977.0,6689289.0,4284.0,0.048497000000000005,-0.202209,PAK,DEU,21
21313075,168,61,112,1994.0,80936.0,351769.0,-0.800819,-0.530763,PAK,DEU,21
21313076,168,61,112,1976.0,0.0,19426.0,0.13016,-0.17765799999999998,PAK,DEU,21
21313077,169,61,112,2016.0,0.0,3708.0,0.731258,0.649917,PAN,DEU,21
21313078,169,61,112,2011.0,34059.0,0.0,0.931114,1.1286559999999999,PAN,DEU,21
21313079,169,61,112,2012.0,27560.0,0.0,1.001878,1.18554,PAN,DEU,21
21313080,169,61,112,1994.0,3344.0,0.0,0.171441,0.0018969999999999998,PAN,DEU,21
21313081,169,61,112,2000.0,0.0,71711.0,0.107412,0.41455600000000004,PAN,DEU,21
21313082,169,61,112,2001.0,0.0,42551.0,0.17863800000000002,0.440159,PAN,DEU,21
21313083,169,61,112,2003.0,0.0,57071.0,-0.015635,0.13234500000000002,PAN,DEU,21
21313084,169,61,112,2004.0,0.0,40890.0,0.054997000000000004,0.440416,PAN,DEU,21
21313085,169,61,112,2005.0,0.0,56827.0,0.064649,0.401525,PAN,DEU,21
21313086,169,61,112,1980.0,285285.0,0.0,0.5238619999999999,0.144849,PAN,DEU,21
21313087,169,61,112,1970.0,6229.0,0.0,1.07986,0.504514,PAN,DEU,21
21313088,169,61,112,1964.0,11074.0,0.0,0.92519,0.299969,PAN,DEU,21
21313089,169,61,112,1965.0,12737.0,0.0,0.9317209999999999,0.31867399999999996,PAN,DEU,21
21313090,169,61,112,1966.0,7354.0,0.0,0.9093690000000001,0.44032200000000005,PAN,DEU,21
21313091,169,61,112,1975.0,8243.0,0.0,0.596325,0.302458,PAN,DEU,21
21313092,169,61,112,1969.0,4449.0,0.0,0.7664479999999999,0.171421,PAN,DEU,21
21313093,169,61,112,1971.0,81602.0,0.0,0.641183,-0.062375,PAN,DEU,21
21313094,169,61,112,1972.0,31001.0,0.0,0.531725,0.041184,PAN,DEU,21
21313095,169,61,112,1974.0,205244.0,0.0,0.675633,0.319402,PAN,DEU,21
21313096,169,61,112,1981.0,36466.0,0.0,0.49335500000000004,0.037426,PAN,DEU,21
21313097,169,61,112,1979.0,21338.0,0.0,-0.137244,-0.474404,PAN,DEU,21
21313098,169,61,112,1978.0,55403.0,0.0,0.116764,-0.27124699999999996,PAN,DEU,21
21313099,173,61,112,2006.0,74043.0,0.0,-0.523516,-0.15574100000000002,PER,DEU,21
21313100,173,61,112,2004.0,78318.0,0.0,-0.609837,0.13314,PER,DEU,21
21313101,173,61,112,2005.0,100551.0,0.0,-0.526764,0.148428,PER,DEU,21
21313102,173,61,112,2007.0,54881.0,0.0,-0.48878599999999994,-0.11071600000000001,PER,DEU,21
21313103,173,61,112,2009.0,27326.0,0.0,-0.48590900000000004,0.399889,PER,DEU,21
21313104,173,61,112,2010.0,34510.0,0.0,-0.639606,0.157111,PER,DEU,21
21313105,173,61,112,2011.0,329942.0,0.0,-0.533594,0.23686999999999997,PER,DEU,21
21313106,173,61,112,2012.0,434732.0,0.0,-0.47011499999999995,0.340251,PER,DEU,21
21313107,173,61,112,2013.0,138941.0,0.0,-0.640044,0.121772,PER,DEU,21
21313108,173,61,112,2014.0,76188.0,0.0,-0.617883,0.427092,PER,DEU,21
21313109,173,61,112,2015.0,28936.0,0.0,-0.743054,0.165409,PER,DEU,21
21313110,173,61,112,2020.0,43960.0,0.0,-0.8298620000000001,-0.274084,PER,DEU,21
21313111,173,61,112,1996.0,3592.0,0.0,-0.374308,-0.36733499999999997,PER,DEU,21
21313112,173,61,112,2000.0,2743.0,0.0,-0.390278,-0.018691,PER,DEU,21
21313113,173,61,112,2001.0,71441.0,0.0,-0.318071,0.116602,PER,DEU,21
21313114,173,61,112,2002.0,3722.0,0.0,-0.456603,0.030838,PER,DEU,21
21313115,173,61,112,2003.0,5482.0,0.0,-0.559925,0.20775500000000002,PER,DEU,21
21313116,173,61,112,1995.0,21888.0,0.0,-0.397938,-0.44838500000000003,PER,DEU,21
21313117,173,61,112,1994.0,2536.0,0.0,-0.47761800000000004,-0.48931499999999994,PER,DEU,21
21313118,173,61,112,1993.0,7887.0,964.0,-0.249092,-0.151275,PER,DEU,21
21313119,173,61,112,1987.0,4212.0,0.0,-0.07572899999999999,-0.255829,PER,DEU,21
21313120,173,61,112,1990.0,22425.0,0.0,-0.197195,-0.298442,PER,DEU,21
21313121,173,61,112,1997.0,38496.0,0.0,-0.603019,-0.365845,PER,DEU,21
21313122,173,61,112,1977.0,239410.0,0.0,-0.170163,-0.409171,PER,DEU,21
21313123,173,61,112,1974.0,1870279.0,0.0,-0.29020999999999997,-0.584622,PER,DEU,21
21313124,173,61,112,1984.0,40691.0,0.0,-0.11112999999999999,-0.199243,PER,DEU,21
21313125,173,61,112,1986.0,17870.0,0.0,-0.280296,-0.385429,PER,DEU,21
21313126,173,61,112,1970.0,1143572.0,0.0,-0.652362,-0.8563040000000001,PER,DEU,21
21313127,173,61,112,1992.0,18504.0,0.0,-0.286545,-0.264638,PER,DEU,21
21313128,173,61,112,1978.0,2031164.0,0.0,-0.123822,-0.355312,PER,DEU,21
21313129,173,61,112,1979.0,1043232.0,0.0,-0.0328,-0.138155,PER,DEU,21
21313130,173,61,112,1980.0,445557.0,0.0,-0.0009400000000000001,-0.210565,PER,DEU,21
21313131,173,61,112,1981.0,43237.0,11592.0,-0.135012,-0.261522,PER,DEU,21
21313132,173,61,112,1982.0,3810.0,35664.0,-0.180515,-0.18234,PER,DEU,21
21313133,173,61,112,1988.0,48482.0,0.0,-0.11088599999999998,-0.280107,PER,DEU,21
21313134,173,61,112,1983.0,64523.0,0.0,-0.15176800000000001,-0.260991,PER,DEU,21
21313135,173,61,112,1968.0,1334796.0,0.0,-0.676242,-0.815086,PER,DEU,21
21313136,173,61,112,1964.0,656848.0,0.0,-0.601869,-0.7638189999999999,PER,DEU,21
21313137,173,61,112,1962.0,441338.0,2849.0,-0.568804,-0.763366,PER,DEU,21
21313138,173,61,112,1963.0,549488.0,0.0,-0.671074,-0.786101,PER,DEU,21
21313139,173,61,112,1965.0,791679.0,0.0,-0.619697,-0.706357,PER,DEU,21
21313140,173,61,112,1966.0,912646.0,0.0,-0.545553,-0.746045,PER,DEU,21
21313141,173,61,112,1967.0,789118.0,0.0,-0.5949369999999999,-0.774655,PER,DEU,21
21313142,173,61,112,1969.0,1110211.0,0.0,-0.612333,-0.811268,PER,DEU,21
21313143,173,61,112,1971.0,1315420.0,0.0,-0.7457020000000001,-0.882229,PER,DEU,21
21313144,173,61,112,1972.0,1981508.0,0.0,-0.613971,-0.781961,PER,DEU,21
21313145,173,61,112,1973.0,2439149.0,0.0,-0.701576,-0.846441,PER,DEU,21
21313146,173,61,112,1975.0,1343048.0,0.0,-0.6794789999999999,-0.803597,PER,DEU,21
21313147,173,61,112,1976.0,122782.0,0.0,-0.21254499999999998,-0.484674,PER,DEU,21
21313148,174,61,112,2003.0,21845.0,7266.0,0.069077,-0.360142,PHL,DEU,21
21313149,174,61,112,1998.0,230154.0,6643.0,-0.11341199999999999,-0.14486300000000002,PHL,DEU,21
21313150,174,61,112,1999.0,0.0,72264.0,0.082401,-0.268975,PHL,DEU,21
21313151,174,61,112,2007.0,0.0,55282.0,0.324604,-0.273468,PHL,DEU,21
21313152,174,61,112,2001.0,2834.0,1669.0,0.153601,-0.174218,PHL,DEU,21
21313153,174,61,112,2011.0,0.0,96439.0,0.534425,0.43745500000000004,PHL,DEU,21
21313154,174,61,112,2017.0,0.0,4288.0,0.717074,0.224219,PHL,DEU,21
21313155,174,61,112,2019.0,0.0,24485.0,0.94176,0.327258,PHL,DEU,21
21313156,174,61,112,2002.0,11229.0,3424.0,0.29601,-0.232513,PHL,DEU,21
21313157,174,61,112,1997.0,48991.0,112723.0,0.044834,0.024782,PHL,DEU,21
21313158,174,61,112,1993.0,0.0,235424.0,-0.034595,0.76877,PHL,DEU,21
21313159,174,61,112,1994.0,0.0,36566.0,-0.12054300000000001,0.578707,PHL,DEU,21
21313160,174,61,112,1992.0,0.0,94176.0,-0.139761,0.772109,PHL,DEU,21
21313161,174,61,112,1991.0,0.0,666745.0,-0.11556,0.48110299999999995,PHL,DEU,21
21313162,174,61,112,1996.0,130542.0,45246.0,0.0020329999999999997,0.40715,PHL,DEU,21
21313163,174,61,112,1987.0,0.0,43353.0,-0.261178,0.184553,PHL,DEU,21
21313164,174,61,112,1988.0,1651.0,0.0,-0.254395,0.311732,PHL,DEU,21
21313165,174,61,112,1990.0,1650.0,389558.0,-0.0050869999999999995,0.538754,PHL,DEU,21
21313166,174,61,112,1975.0,0.0,3978.0,-0.032037,-0.434,PHL,DEU,21
21313167,174,61,112,1978.0,7416.0,0.0,0.09134400000000001,0.223412,PHL,DEU,21
21313168,174,61,112,1980.0,27800.0,0.0,-0.041616,0.173298,PHL,DEU,21
21313169,174,61,112,1982.0,29371.0,0.0,-0.060513,0.394084,PHL,DEU,21
21313170,174,61,112,1968.0,3563.0,0.0,-0.38509499999999997,-0.708784,PHL,DEU,21
21313171,174,61,112,1979.0,22169.0,0.0,-0.039714,0.290261,PHL,DEU,21
21313172,176,61,112,2019.0,133937.0,0.0,-1.554948,-1.249624,PNG,DEU,21
21313173,176,61,112,2018.0,639553.0,0.0,-1.7208310000000002,-1.2635370000000001,PNG,DEU,21
21313174,176,61,112,1987.0,999.0,0.0,-1.53827,-1.0059209999999998,PNG,DEU,21
21313175,176,61,112,1999.0,29178.0,0.0,-1.741423,-1.2804200000000001,PNG,DEU,21
21313176,177,61,112,2004.0,8074624.0,11766251.0,0.989568,1.49055,POL,DEU,21
21313177,177,61,112,2005.0,6118745.0,5620424.0,0.9698559999999999,1.529358,POL,DEU,21
21313178,177,61,112,2006.0,6105949.0,3018180.0,1.0576860000000001,1.283664,POL,DEU,21
21313179,177,61,112,2007.0,6003305.0,2143123.0,1.111433,0.899675,POL,DEU,21
21313180,177,61,112,2011.0,17111176.0,4951875.0,1.167547,0.9657610000000001,POL,DEU,21
21313181,177,61,112,2012.0,18498468.0,6399050.0,1.039598,1.145227,POL,DEU,21
21313182,177,61,112,2017.0,326661.0,3007848.0,1.212941,0.917751,POL,DEU,21
21313183,177,61,112,2018.0,601978.0,4047303.0,1.1323860000000001,1.1465040000000002,POL,DEU,21
21313184,177,61,112,2020.0,185017.0,4405883.0,1.016068,1.3125790000000002,POL,DEU,21
21313185,177,61,112,2000.0,4787112.0,15049264.0,0.9513659999999999,1.8445669999999998,POL,DEU,21
21313186,177,61,112,2014.0,16681250.0,28030593.0,1.1328690000000001,1.043185,POL,DEU,21
21313187,177,61,112,2015.0,6368696.0,7574903.0,1.1347200000000002,1.099324,POL,DEU,21
21313188,177,61,112,2016.0,8769956.0,8448261.0,1.1068959999999999,1.226985,POL,DEU,21
21313189,177,61,112,2019.0,502980.0,5631013.0,1.075218,1.276515,POL,DEU,21
21313190,177,61,112,2008.0,4874199.0,1318775.0,1.122615,0.9007709999999999,POL,DEU,21
21313191,177,61,112,2010.0,17401707.0,2114470.0,1.082829,1.112686,POL,DEU,21
21313192,177,61,112,1995.0,5439062.0,38469591.0,0.77193,1.827769,POL,DEU,21
21313193,177,61,112,2009.0,9017488.0,1048358.0,1.160528,0.780674,POL,DEU,21
21313194,177,61,112,2013.0,14871061.0,13746091.0,1.11341,0.975734,POL,DEU,21
21313195,177,61,112,1986.0,5830288.0,3669000.0,0.868196,1.576522,POL,DEU,21
21313196,177,61,112,1987.0,8180000.0,7154000.0,0.866993,1.740261,POL,DEU,21
21313197,177,61,112,1988.0,1874000.0,8391000.0,0.9390850000000001,1.970932,POL,DEU,21
21313198,177,61,112,1989.0,1493000.0,5974000.0,0.982982,1.9363650000000001,POL,DEU,21
21313199,177,61,112,1990.0,2497335.0,2873000.0,0.811962,2.0929029999999997,POL,DEU,21
21313200,177,61,112,1993.0,2814517.0,11914327.0,0.609556,1.8953740000000001,POL,DEU,21
21313201,177,61,112,1998.0,6922661.0,22846567.0,0.8262430000000001,1.948563,POL,DEU,21
21313202,177,61,112,1999.0,5017327.0,12098388.0,0.777591,2.0458689999999997,POL,DEU,21
21313203,177,61,112,2002.0,4373004.0,17014515.0,0.9449299999999999,1.655764,POL,DEU,21
21313204,177,61,112,2003.0,7556089.0,17451543.0,0.887648,1.737105,POL,DEU,21
21313205,177,61,112,1992.0,9637407.0,14934582.0,0.581166,2.070795,POL,DEU,21
21313206,177,61,112,1964.0,957329.0,0.0,0.9903420000000001,1.5049489999999999,POL,DEU,21
21313207,177,61,112,1966.0,1943266.0,0.0,1.015565,1.83408,POL,DEU,21
21313208,177,61,112,1967.0,1184143.0,34809.0,0.909492,1.7517189999999998,POL,DEU,21
21313209,177,61,112,1991.0,3209819.0,5554384.0,0.642942,1.969689,POL,DEU,21
21313210,177,61,112,1994.0,5152985.0,23483035.0,0.617047,1.86753,POL,DEU,21
21313211,177,61,112,1997.0,8448427.0,26123276.0,0.8447319999999999,2.000241,POL,DEU,21
21313212,177,61,112,1962.0,977911.0,199889.0,0.8417540000000001,1.081057,POL,DEU,21
21313213,177,61,112,1963.0,649005.0,1041.0,0.818412,1.280813,POL,DEU,21
21313214,177,61,112,1965.0,1582157.0,94374.0,1.012167,1.642553,POL,DEU,21
21313215,177,61,112,2001.0,6845032.0,19584278.0,0.983238,1.7436209999999999,POL,DEU,21
21313216,177,61,112,1970.0,1399731.0,11831.0,0.845599,1.7990009999999999,POL,DEU,21
21313217,177,61,112,1980.0,17471573.0,0.0,0.9697870000000001,1.454587,POL,DEU,21
21313218,177,61,112,1972.0,2255406.0,568360.0,0.771349,1.297994,POL,DEU,21
21313219,177,61,112,1974.0,4790407.0,10732.0,0.7719630000000001,1.613784,POL,DEU,21
21313220,177,61,112,1981.0,11512731.0,55089.0,1.00635,1.4824549999999999,POL,DEU,21
21313221,177,61,112,1982.0,6440761.0,233110.0,1.018641,1.551453,POL,DEU,21
21313222,177,61,112,1983.0,4799175.0,1157288.0,0.938982,1.437501,POL,DEU,21
21313223,177,61,112,1984.0,6353900.0,1582304.0,0.90205,1.627334,POL,DEU,21
21313224,177,61,112,1985.0,4989992.0,2400771.0,0.79225,1.607442,POL,DEU,21
21313225,177,61,112,1996.0,4875848.0,37220357.0,0.806283,1.92897,POL,DEU,21
21313226,177,61,112,1968.0,1405636.0,45378.0,0.9209379999999999,1.762821,POL,DEU,21
21313227,177,61,112,1975.0,5186859.0,48026.0,0.9139290000000001,1.75197,POL,DEU,21
21313228,177,61,112,1969.0,2583708.0,8697.0,0.84724,1.624759,POL,DEU,21
21313229,177,61,112,1971.0,1272219.0,284030.0,0.8294520000000001,1.636849,POL,DEU,21
21313230,177,61,112,1973.0,3545241.0,903978.0,0.8298399999999999,1.7223110000000001,POL,DEU,21
21313231,177,61,112,1978.0,11160125.0,0.0,0.9645530000000001,1.400792,POL,DEU,21
21313232,177,61,112,1977.0,9855777.0,0.0,0.726102,1.433144,POL,DEU,21
21313233,177,61,112,1979.0,18192399.0,0.0,0.8242139999999999,1.343961,POL,DEU,21
21313234,177,61,112,1976.0,8524087.0,0.0,0.691277,1.575056,POL,DEU,21
21313235,178,61,112,1996.0,68607.0,0.0,0.778948,1.1338979999999999,PRK,DEU,21
21313236,178,61,112,1998.0,49150.0,0.0,0.780888,1.0232299999999999,PRK,DEU,21
21313237,178,61,112,1966.0,2200.0,0.0,0.35775999999999997,-0.214754,PRK,DEU,21
21313238,178,61,112,1973.0,25717.0,0.0,0.13353900000000002,-0.587148,PRK,DEU,21
21313239,178,61,112,1974.0,44012.0,0.0,0.024103,-0.588809,PRK,DEU,21
21313240,178,61,112,1986.0,141521.0,0.0,0.49004899999999996,0.261418,PRK,DEU,21
21313241,178,61,112,1980.0,2975890.0,0.0,0.5090939999999999,0.301694,PRK,DEU,21
21313242,178,61,112,1981.0,1486578.0,0.0,0.633101,0.661334,PRK,DEU,21
21313243,178,61,112,1982.0,400649.0,0.0,0.44368599999999997,0.08848500000000001,PRK,DEU,21
21313244,178,61,112,1984.0,196402.0,0.0,0.276875,-0.199855,PRK,DEU,21
21313245,178,61,112,1988.0,56950.0,0.0,0.16773,0.157112,PRK,DEU,21
21313246,178,61,112,1968.0,8222.0,0.0,0.353216,-0.371603,PRK,DEU,21
21313247,178,61,112,1985.0,53542.0,0.0,0.299175,-0.15545,PRK,DEU,21
21313248,178,61,112,1987.0,347182.0,0.0,0.23673400000000003,-0.068288,PRK,DEU,21
21313249,178,61,112,1963.0,27091.0,0.0,-0.190444,-0.5512100000000001,PRK,DEU,21
21313250,178,61,112,1965.0,6350.0,0.0,0.017195,-0.46230699999999997,PRK,DEU,21
21313251,178,61,112,1970.0,41575.0,0.0,0.253087,-0.350779,PRK,DEU,21
21313252,178,61,112,1975.0,45254.0,0.0,0.10409500000000001,-0.41174799999999995,PRK,DEU,21
21313253,178,61,112,1979.0,1666686.0,0.0,0.661863,0.7512939999999999,PRK,DEU,21
21313254,178,61,112,1994.0,87302.0,51162.0,0.37399899999999997,0.496299,PRK,DEU,21
21313255,178,61,112,1969.0,8836.0,0.0,-0.023807,-0.5126109999999999,PRK,DEU,21
21313256,178,61,112,1983.0,133938.0,0.0,0.35278699999999996,0.020816,PRK,DEU,21
21313257,178,61,112,1997.0,262281.0,496593.0,0.734805,0.8720889999999999,PRK,DEU,21
21313258,178,61,112,1978.0,1185674.0,0.0,0.5369649999999999,0.475603,PRK,DEU,21
21313259,178,61,112,1971.0,1780.0,0.0,0.412638,-0.341358,PRK,DEU,21
21313260,178,61,112,1964.0,9879.0,0.0,0.360577,-0.46511899999999995,PRK,DEU,21
21313261,179,61,112,2019.0,96794.0,0.0,0.631051,2.1439060000000003,PRT,DEU,21
21313262,179,61,112,2020.0,103089.0,3742.0,0.757718,1.976851,PRT,DEU,21
21313263,179,61,112,2018.0,62541.0,165151.0,0.787381,1.959475,PRT,DEU,21
21313264,179,61,112,1991.0,117062.0,1949131.0,0.625169,1.031692,PRT,DEU,21
21313265,179,61,112,1995.0,150369.0,760724.0,0.403577,0.9753850000000001,PRT,DEU,21
21313266,179,61,112,1996.0,56714.0,933185.0,0.49924799999999997,0.9969520000000001,PRT,DEU,21
21313267,179,61,112,1998.0,29004.0,801695.0,0.524871,1.053276,PRT,DEU,21
21313268,179,61,112,2000.0,285291.0,329379.0,0.624078,1.342565,PRT,DEU,21
21313269,179,61,112,2002.0,3116764.0,773305.0,0.584956,1.377068,PRT,DEU,21
21313270,179,61,112,2003.0,3212370.0,521561.0,0.616167,1.48086,PRT,DEU,21
21313271,179,61,112,2008.0,26980.0,362135.0,0.753021,1.8003619999999998,PRT,DEU,21
21313272,179,61,112,2009.0,84232.0,463750.0,0.646568,2.07749,PRT,DEU,21
21313273,179,61,112,2010.0,274959.0,626923.0,0.6577729999999999,2.014923,PRT,DEU,21
21313274,179,61,112,2011.0,657771.0,1751053.0,0.6949810000000001,2.11536,PRT,DEU,21
21313275,179,61,112,2012.0,1670811.0,2517828.0,0.697799,2.122262,PRT,DEU,21
21313276,179,61,112,2013.0,991132.0,4216087.0,0.705087,2.2055580000000004,PRT,DEU,21
21313277,179,61,112,2014.0,1326442.0,3855257.0,0.763352,2.041559,PRT,DEU,21
21313278,179,61,112,2015.0,955951.0,2609704.0,0.7021930000000001,2.049657,PRT,DEU,21
21313279,179,61,112,2016.0,466640.0,3834625.0,0.661961,2.108517,PRT,DEU,21
21313280,179,61,112,2017.0,75632.0,19578.0,0.692908,2.05977,PRT,DEU,21
21313281,179,61,112,1992.0,167025.0,2123480.0,0.47505,0.8402860000000001,PRT,DEU,21
21313282,179,61,112,1997.0,34404.0,540492.0,0.496633,1.025231,PRT,DEU,21
21313283,179,61,112,1999.0,280954.0,764969.0,0.528767,1.055489,PRT,DEU,21
21313284,179,61,112,1989.0,45423.0,1303318.0,0.593712,1.078835,PRT,DEU,21
21313285,179,61,112,1990.0,35736.0,1900300.0,0.6643819999999999,0.9818879999999999,PRT,DEU,21
21313286,179,61,112,2006.0,3875.0,240689.0,0.695569,1.7476200000000002,PRT,DEU,21
21313287,179,61,112,1994.0,78160.0,696814.0,0.405329,0.877077,PRT,DEU,21
21313288,179,61,112,2001.0,608538.0,703294.0,0.688736,1.326716,PRT,DEU,21
21313289,179,61,112,1974.0,194806.0,238602.0,0.8763569999999999,1.60509,PRT,DEU,21
21313290,179,61,112,1972.0,52810.0,77604.0,1.043843,1.3522450000000001,PRT,DEU,21
21313291,179,61,112,1973.0,132784.0,299069.0,0.9738530000000001,1.569836,PRT,DEU,21
21313292,179,61,112,1987.0,43246.0,2268016.0,0.669415,1.162017,PRT,DEU,21
21313293,179,61,112,2005.0,281352.0,222157.0,0.6753170000000001,1.728788,PRT,DEU,21
21313294,179,61,112,1980.0,264047.0,198276.0,0.8280069999999999,1.397858,PRT,DEU,21
21313295,179,61,112,1986.0,9968.0,2054547.0,0.739594,1.312492,PRT,DEU,21
21313296,179,61,112,1962.0,153351.0,9378.0,1.1619190000000001,1.191164,PRT,DEU,21
21313297,179,61,112,1963.0,235808.0,11375.0,0.945623,1.018278,PRT,DEU,21
21313298,179,61,112,1964.0,267713.0,35425.0,0.943783,1.17645,PRT,DEU,21
21313299,179,61,112,1965.0,160695.0,28125.0,1.0314709999999998,1.0774569999999999,PRT,DEU,21
21313300,179,61,112,1966.0,148273.0,3322.0,0.9879389999999999,1.036558,PRT,DEU,21
21313301,179,61,112,1967.0,118606.0,19269.0,1.09038,1.235837,PRT,DEU,21
21313302,179,61,112,1968.0,147780.0,20721.0,1.014702,1.024988,PRT,DEU,21
21313303,179,61,112,1969.0,158749.0,32106.0,1.042138,1.4118959999999998,PRT,DEU,21
21313304,179,61,112,1970.0,89938.0,33072.0,0.987983,1.362111,PRT,DEU,21
21313305,179,61,112,1971.0,68872.0,34487.0,0.9233389999999999,1.184635,PRT,DEU,21
21313306,179,61,112,1975.0,34174.0,134413.0,0.878027,1.6630619999999998,PRT,DEU,21
21313307,179,61,112,1979.0,100185.0,0.0,0.921532,1.486767,PRT,DEU,21
21313308,179,61,112,1981.0,74297.0,560070.0,0.846601,1.403502,PRT,DEU,21
21313309,179,61,112,1982.0,23425.0,1347675.0,0.8351629999999999,1.464428,PRT,DEU,21
21313310,179,61,112,1984.0,0.0,4161473.0,0.861591,1.440189,PRT,DEU,21
21313311,179,61,112,1985.0,37896.0,3828444.0,0.794083,1.333284,PRT,DEU,21
21313312,179,61,112,1988.0,11210.0,1720751.0,0.619945,1.07776,PRT,DEU,21
21313313,179,61,112,1993.0,466434.0,1318230.0,0.512994,0.914219,PRT,DEU,21
21313314,179,61,112,2004.0,315435.0,343649.0,0.705075,1.7268729999999999,PRT,DEU,21
21313315,179,61,112,2007.0,0.0,359067.0,0.740271,1.650613,PRT,DEU,21
21313316,179,61,112,1983.0,28504.0,2030570.0,0.80371,1.4196229999999999,PRT,DEU,21
21313317,179,61,112,1978.0,50279.0,0.0,0.9204559999999999,1.019104,PRT,DEU,21
21313318,179,61,112,1977.0,90878.0,50351.0,0.8832629999999999,1.326202,PRT,DEU,21
21313319,179,61,112,1976.0,209025.0,68560.0,0.910998,1.4587290000000002,PRT,DEU,21
21313320,180,61,112,2006.0,34476.0,0.0,-0.49234399999999995,-0.547616,PRY,DEU,21
21313321,180,61,112,2002.0,38320.0,0.0,-0.733796,-0.9001530000000001,PRY,DEU,21
21313322,180,61,112,2003.0,0.0,89594.0,-0.771252,-0.79923,PRY,DEU,21
21313323,180,61,112,1991.0,76979.0,0.0,-0.9164530000000001,-0.8650120000000001,PRY,DEU,21
21313324,180,61,112,1996.0,8536.0,0.0,-0.667054,-0.648122,PRY,DEU,21
21313325,180,61,112,1984.0,2947206.0,0.0,-0.81294,-0.717248,PRY,DEU,21
21313326,180,61,112,1985.0,2053057.0,72273.0,-1.052534,-0.8578100000000001,PRY,DEU,21
21313327,180,61,112,1989.0,127368.0,0.0,-0.8826200000000001,-0.950842,PRY,DEU,21
21313328,180,61,112,1972.0,1498844.0,0.0,-0.502648,-0.67665,PRY,DEU,21
21313329,180,61,112,1973.0,1056723.0,0.0,-0.45026400000000005,-0.655399,PRY,DEU,21
21313330,180,61,112,1974.0,1527041.0,0.0,-0.28931399999999996,-0.5128510000000001,PRY,DEU,21
21313331,180,61,112,1993.0,140231.0,0.0,-0.709444,-0.797273,PRY,DEU,21
21313332,180,61,112,1986.0,818175.0,0.0,-0.967426,-0.8976639999999999,PRY,DEU,21
21313333,180,61,112,1987.0,557364.0,0.0,-0.805675,-0.784767,PRY,DEU,21
21313334,180,61,112,1965.0,248810.0,0.0,-0.647656,-0.716967,PRY,DEU,21
21313335,180,61,112,1962.0,323297.0,0.0,-0.79286,-0.782705,PRY,DEU,21
21313336,180,61,112,1963.0,205358.0,0.0,-0.923098,-0.781551,PRY,DEU,21
21313337,180,61,112,1964.0,255256.0,0.0,-0.8127840000000001,-0.817263,PRY,DEU,21
21313338,180,61,112,1966.0,481667.0,0.0,-0.68821,-0.739521,PRY,DEU,21
21313339,180,61,112,1967.0,408711.0,0.0,-0.548682,-0.733621,PRY,DEU,21
21313340,180,61,112,1968.0,597257.0,0.0,-0.605754,-0.77208,PRY,DEU,21
21313341,180,61,112,1969.0,362725.0,0.0,-0.712766,-0.8701209999999999,PRY,DEU,21
21313342,180,61,112,1970.0,386057.0,0.0,-0.595338,-0.765817,PRY,DEU,21
21313343,180,61,112,1971.0,560147.0,0.0,-0.48826,-0.712018,PRY,DEU,21
21313344,180,61,112,1975.0,1632191.0,0.0,-0.340994,-0.48443500000000006,PRY,DEU,21
21313345,180,61,112,1983.0,5906639.0,0.0,-0.806713,-0.733273,PRY,DEU,21
21313346,180,61,112,1978.0,12368375.0,0.0,-0.638079,-0.799724,PRY,DEU,21
21313347,180,61,112,1979.0,18198470.0,0.0,-0.822276,-0.9055620000000001,PRY,DEU,21
21313348,180,61,112,1980.0,16091589.0,29000.0,-0.737272,-0.8944979999999999,PRY,DEU,21
21313349,180,61,112,1981.0,7578761.0,0.0,-0.596561,-0.7638199999999999,PRY,DEU,21
21313350,180,61,112,1982.0,4641516.0,0.0,-0.827367,-0.7435229999999999,PRY,DEU,21
21313351,180,61,112,1988.0,239106.0,0.0,-0.699307,-0.8441719999999999,PRY,DEU,21
21313352,180,61,112,1990.0,124839.0,0.0,-0.8845569999999999,-0.937257,PRY,DEU,21
21313353,180,61,112,1994.0,194500.0,0.0,-0.7481939999999999,-0.767686,PRY,DEU,21
21313354,180,61,112,1995.0,37540.0,0.0,-0.307152,-0.46858,PRY,DEU,21
21313355,181,61,112,2000.0,23198.0,0.0,1.213069,0.699902,PSE,DEU,21
21313356,181,61,112,2001.0,200401.0,0.0,0.8021159999999999,0.278831,PSE,DEU,21
21313357,181,61,112,2002.0,49111.0,0.0,0.6237199999999999,-0.007998,PSE,DEU,21
21313358,183,61,112,2010.0,0.0,74351.0,-0.098978,-1.017981,QAT,DEU,21
21313359,183,61,112,2008.0,0.0,15220.0,-0.904284,-1.027534,QAT,DEU,21
21313360,183,61,112,2006.0,0.0,2867.0,-0.467699,-1.062471,QAT,DEU,21
21313361,183,61,112,2015.0,0.0,2793.0,-0.405932,-1.0315379999999998,QAT,DEU,21
21313362,183,61,112,1982.0,1783.0,0.0,0.833726,-0.558642,QAT,DEU,21
21313363,183,61,112,1981.0,0.0,3958.0,0.358542,-0.532443,QAT,DEU,21
21313364,185,61,112,2001.0,1330984.0,46613.0,0.465168,1.1029129999999998,ROU,DEU,21
21313365,185,61,112,2005.0,120570.0,256769.0,0.572481,1.30965,ROU,DEU,21
21313366,185,61,112,2006.0,1243755.0,109878.0,0.733232,1.2149,ROU,DEU,21
21313367,185,61,112,2007.0,3304341.0,451008.0,0.8974129999999999,1.161408,ROU,DEU,21
21313368,185,61,112,2008.0,2058140.0,185944.0,0.912438,1.235662,ROU,DEU,21
21313369,185,61,112,2009.0,269537.0,36705.0,0.958048,1.054473,ROU,DEU,21
21313370,185,61,112,2011.0,782219.0,187896.0,0.9713860000000001,1.2369299999999999,ROU,DEU,21
21313371,185,61,112,1994.0,146133.0,122929.0,0.5883550000000001,1.267986,ROU,DEU,21
21313372,185,61,112,1993.0,3949.0,298138.0,0.61353,1.398393,ROU,DEU,21
21313373,185,61,112,1996.0,24471.0,15690.0,0.612166,1.201016,ROU,DEU,21
21313374,185,61,112,2019.0,23295.0,1646648.0,1.209074,1.0316889999999999,ROU,DEU,21
21313375,185,61,112,2020.0,2161.0,1447498.0,1.273679,1.0322719999999999,ROU,DEU,21
21313376,185,61,112,1995.0,40839.0,202694.0,0.618572,1.29356,ROU,DEU,21
21313377,185,61,112,1998.0,46464.0,50312.0,0.558282,1.1410799999999999,ROU,DEU,21
21313378,185,61,112,2017.0,54731.0,303577.0,1.145161,1.095192,ROU,DEU,21
21313379,185,61,112,2018.0,30713.0,1530058.0,1.1458030000000001,1.194413,ROU,DEU,21
21313380,185,61,112,2016.0,163289.0,92345.0,1.176177,1.093489,ROU,DEU,21
21313381,185,61,112,2003.0,1469254.0,0.0,0.41359300000000004,1.205227,ROU,DEU,21
21313382,185,61,112,2004.0,464714.0,44408.0,0.53925,1.145066,ROU,DEU,21
21313383,185,61,112,2010.0,1086849.0,682761.0,0.8960459999999999,1.239232,ROU,DEU,21
21313384,185,61,112,2012.0,1392324.0,318685.0,0.952936,1.227809,ROU,DEU,21
21313385,185,61,112,2013.0,138224.0,1102892.0,1.05722,1.0968799999999999,ROU,DEU,21
21313386,185,61,112,2002.0,1186876.0,4858.0,0.549227,1.071998,ROU,DEU,21
21313387,185,61,112,2015.0,451622.0,215646.0,1.030485,1.1504159999999999,ROU,DEU,21
21313388,185,61,112,1975.0,246845.0,61547.0,0.743351,1.154855,ROU,DEU,21
21313389,185,61,112,1989.0,0.0,213001.0,1.126449,1.223457,ROU,DEU,21
21313390,185,61,112,1992.0,28755.0,78883.0,0.838817,1.358629,ROU,DEU,21
21313391,185,61,112,2014.0,415195.0,192570.0,1.0837940000000001,1.199571,ROU,DEU,21
21313392,185,61,112,1969.0,341805.0,195611.0,0.777215,0.9381649999999999,ROU,DEU,21
21313393,185,61,112,1972.0,646154.0,9354.0,0.855089,1.104644,ROU,DEU,21
21313394,185,61,112,1978.0,6884.0,8075.0,0.9384440000000001,1.210904,ROU,DEU,21
21313395,185,61,112,1980.0,0.0,339566.0,0.845167,1.053231,ROU,DEU,21
21313396,185,61,112,1985.0,81997.0,37306.0,0.927969,1.054916,ROU,DEU,21
21313397,185,61,112,1999.0,500179.0,38342.0,0.519841,1.11735,ROU,DEU,21
21313398,185,61,112,1997.0,119133.0,0.0,0.666251,1.31932,ROU,DEU,21
21313399,185,61,112,2000.0,1132887.0,16654.0,0.55594,1.054573,ROU,DEU,21
21313400,185,61,112,1990.0,118435.0,565000.0,1.118394,1.169108,ROU,DEU,21
21313401,185,61,112,1991.0,158624.0,31600.0,0.9573659999999999,1.3362459999999998,ROU,DEU,21
21313402,185,61,112,1974.0,570262.0,20400.0,0.710086,0.982367,ROU,DEU,21
21313403,185,61,112,1967.0,366318.0,56878.0,0.581341,0.752522,ROU,DEU,21
21313404,185,61,112,1986.0,190455.0,1324000.0,0.726671,0.707693,ROU,DEU,21
21313405,185,61,112,1966.0,690424.0,54110.0,0.6077560000000001,0.671251,ROU,DEU,21
21313406,185,61,112,1973.0,1019492.0,28293.0,0.788371,0.9743959999999999,ROU,DEU,21
21313407,185,61,112,1965.0,599198.0,0.0,0.7120890000000001,0.6539510000000001,ROU,DEU,21
21313408,185,61,112,1984.0,303600.0,0.0,0.8576809999999999,0.948685,ROU,DEU,21
21313409,185,61,112,1987.0,52902.0,2809000.0,0.8168880000000001,0.852075,ROU,DEU,21
21313410,185,61,112,1988.0,0.0,3006000.0,0.859057,0.9488629999999999,ROU,DEU,21
21313411,185,61,112,1968.0,335300.0,197775.0,0.7897609999999999,0.9959479999999999,ROU,DEU,21
21313412,185,61,112,1970.0,507001.0,0.0,0.8068569999999999,0.891278,ROU,DEU,21
21313413,185,61,112,1962.0,732408.0,59697.0,0.20831,-0.182125,ROU,DEU,21
21313414,185,61,112,1963.0,792964.0,0.0,0.2059,-0.071075,ROU,DEU,21
21313415,185,61,112,1964.0,547472.0,0.0,0.481124,0.187814,ROU,DEU,21
21313416,185,61,112,1971.0,519547.0,0.0,1.0355299999999998,1.5666129999999998,ROU,DEU,21
21313417,185,61,112,1977.0,136766.0,0.0,0.905818,1.61226,ROU,DEU,21
21313418,185,61,112,1976.0,121562.0,32552.0,0.704256,1.185071,ROU,DEU,21
21313419,186,61,112,2016.0,8127433.0,352123.0,0.086009,0.300039,RUS,DEU,21
21313420,186,61,112,2004.0,2909261.0,264571.0,0.422803,0.017524,RUS,DEU,21
21313421,186,61,112,2005.0,4681925.0,349982.0,0.553547,-0.04292,RUS,DEU,21
21313422,186,61,112,2017.0,14135355.0,0.0,0.07402,0.248236,RUS,DEU,21
21313423,186,61,112,2002.0,2381700.0,451586.0,0.6051449999999999,0.272307,RUS,DEU,21
21313424,186,61,112,2007.0,3259515.0,1167314.0,0.186805,-0.197179,RUS,DEU,21
21313425,186,61,112,1965.0,18009790.0,0.0,0.723283,0.71809,RUS,DEU,21
21313426,186,61,112,1996.0,7590924.0,296253.0,0.505247,0.349848,RUS,DEU,21
21313427,186,61,112,1997.0,5551704.0,1592716.0,0.572773,0.375446,RUS,DEU,21
21313428,186,61,112,1998.0,3915089.0,2637556.0,0.707259,0.670607,RUS,DEU,21
21313429,186,61,112,1999.0,1974746.0,1899077.0,0.537914,0.5083310000000001,RUS,DEU,21
21313430,186,61,112,2000.0,3995878.0,1261443.0,0.765547,0.369255,RUS,DEU,21
21313431,186,61,112,2001.0,2948984.0,705779.0,0.546271,0.195872,RUS,DEU,21
21313432,186,61,112,2003.0,2593807.0,97039.0,0.6624220000000001,0.269964,RUS,DEU,21
21313433,186,61,112,2008.0,3002199.0,71339.0,0.062097,-0.160422,RUS,DEU,21
21313434,186,61,112,2009.0,4306183.0,3117.0,0.048661,-0.159299,RUS,DEU,21
21313435,186,61,112,2012.0,6749145.0,277741.0,-0.123649,-0.218926,RUS,DEU,21
21313436,186,61,112,2013.0,7334447.0,390005.0,-0.08233,-0.267781,RUS,DEU,21
21313437,186,61,112,2018.0,14441254.0,0.0,-0.079971,0.11098599999999999,RUS,DEU,21
21313438,186,61,112,2020.0,6747277.0,0.0,0.200054,0.683451,RUS,DEU,21
21313439,186,61,112,1963.0,18647325.0,0.0,0.316475,0.086227,RUS,DEU,21
21313440,186,61,112,1967.0,16448756.0,0.0,0.57321,0.5290229999999999,RUS,DEU,21
21313441,186,61,112,1968.0,15282966.0,10617.0,0.429629,0.513075,RUS,DEU,21
21313442,186,61,112,1970.0,17274914.0,0.0,0.5546909999999999,0.945484,RUS,DEU,21
21313443,186,61,112,1971.0,17937754.0,0.0,0.42000600000000005,0.512301,RUS,DEU,21
21313444,186,61,112,1974.0,15333853.0,0.0,0.11698599999999999,0.21719499999999997,RUS,DEU,21
21313445,186,61,112,1975.0,17568730.0,0.0,0.076081,0.28271199999999996,RUS,DEU,21
21313446,186,61,112,1977.0,23661506.0,0.0,0.324585,0.364847,RUS,DEU,21
21313447,186,61,112,2006.0,5234726.0,147660.0,0.311252,-0.093895,RUS,DEU,21
21313448,186,61,112,2010.0,2315748.0,421538.0,0.15820499999999998,-0.27124299999999996,RUS,DEU,21
21313449,186,61,112,2011.0,4603312.0,313789.0,-0.001622,-0.305764,RUS,DEU,21
21313450,186,61,112,2014.0,5206448.0,2894602.0,-0.006737000000000001,-0.172237,RUS,DEU,21
21313451,186,61,112,2015.0,5309271.0,633424.0,0.12238199999999999,0.176852,RUS,DEU,21
21313452,186,61,112,2019.0,12200700.0,51635.0,0.095137,0.331148,RUS,DEU,21
21313453,186,61,112,1962.0,11364141.0,0.0,0.535564,0.195434,RUS,DEU,21
21313454,186,61,112,1964.0,13280077.0,0.0,0.726326,0.5256270000000001,RUS,DEU,21
21313455,186,61,112,1966.0,19163822.0,0.0,0.638421,0.33537,RUS,DEU,21
21313456,186,61,112,1969.0,19826179.0,0.0,0.332692,0.541614,RUS,DEU,21
21313457,186,61,112,1972.0,13769969.0,0.0,0.5114449999999999,0.641256,RUS,DEU,21
21313458,186,61,112,1973.0,17988374.0,0.0,0.32006999999999997,0.607798,RUS,DEU,21
21313459,186,61,112,1985.0,21927518.0,0.0,0.23856599999999997,0.0026190000000000002,RUS,DEU,21
21313460,186,61,112,1978.0,26574418.0,0.0,0.407516,0.170222,RUS,DEU,21
21313461,186,61,112,1979.0,33199207.0,1337181.0,0.25053800000000004,-0.11835599999999999,RUS,DEU,21
21313462,186,61,112,1980.0,28516539.0,1224348.0,0.317759,0.05992000000000001,RUS,DEU,21
21313463,186,61,112,1981.0,21799634.0,0.0,0.0231,-0.101239,RUS,DEU,21
21313464,186,61,112,1995.0,5284001.0,1110917.0,0.219904,0.308367,RUS,DEU,21
21313465,186,61,112,1991.0,14731032.0,230470.0,0.23904299999999998,0.214214,RUS,DEU,21
21313466,186,61,112,1993.0,6019296.0,75343.0,0.09869,0.325467,RUS,DEU,21
21313467,186,61,112,1992.0,11623013.0,12262.0,0.071799,0.14036099999999999,RUS,DEU,21
21313468,186,61,112,1976.0,42133952.0,0.0,0.35726399999999997,0.40202899999999997,RUS,DEU,21
21313469,186,61,112,1982.0,14116892.0,123038.0,0.169966,-0.20318699999999998,RUS,DEU,21
21313470,186,61,112,1983.0,14891980.0,199117.0,0.28366399999999997,-0.098122,RUS,DEU,21
21313471,186,61,112,1984.0,16179154.0,67338.0,0.34895,-0.136793,RUS,DEU,21
21313472,186,61,112,1986.0,17636985.0,0.0,0.194451,0.016276,RUS,DEU,21
21313473,186,61,112,1988.0,20905340.0,62000.0,0.23909299999999997,0.291064,RUS,DEU,21
21313474,186,61,112,1989.0,14655139.0,21000.0,0.35396,0.306404,RUS,DEU,21
21313475,186,61,112,1990.0,16017214.0,52000.0,0.20522800000000002,0.21904400000000002,RUS,DEU,21
21313476,186,61,112,1994.0,14498559.0,342643.0,0.08632000000000001,0.242823,RUS,DEU,21
21313477,186,61,112,1987.0,23423708.0,0.0,0.10450899999999999,-0.130158,RUS,DEU,21
21313478,187,61,112,2006.0,0.0,37892.0,0.190864,-0.346779,RWA,DEU,21
21313479,187,61,112,1996.0,0.0,3735.0,0.048038,-0.5664020000000001,RWA,DEU,21
21313480,187,61,112,1997.0,47246.0,0.0,-0.337464,-0.8656,RWA,DEU,21
21313481,187,61,112,2007.0,0.0,49123.0,-0.319211,-0.610769,RWA,DEU,21
21313482,187,61,112,1980.0,11758.0,0.0,-0.9378489999999999,-0.614466,RWA,DEU,21
21313483,187,61,112,1970.0,12081.0,0.0,-0.941947,-0.618055,RWA,DEU,21
21313484,188,61,112,2005.0,86519.0,8868.0,0.227278,-0.918508,SAU,DEU,21
21313485,188,61,112,2010.0,0.0,5519.0,0.18674200000000002,-0.827623,SAU,DEU,21
21313486,188,61,112,2008.0,0.0,4915.0,-0.8685149999999999,-0.96847,SAU,DEU,21
21313487,188,61,112,2004.0,84951.0,0.0,0.361324,-0.760732,SAU,DEU,21
21313488,188,61,112,1979.0,65561.0,1126.0,-2.538234,-0.670013,SAU,DEU,21
21313489,188,61,112,1993.0,21614.0,2370.0,0.621919,-0.684253,SAU,DEU,21
21313490,188,61,112,1996.0,0.0,11597.0,-0.200762,-1.0419610000000001,SAU,DEU,21
21313491,188,61,112,1974.0,0.0,10592.0,-2.591343,-0.517468,SAU,DEU,21
21313492,188,61,112,1985.0,17821.0,0.0,-0.290648,-0.7479210000000001,SAU,DEU,21
21313493,188,61,112,1972.0,46898.0,0.0,-1.439937,-0.60831,SAU,DEU,21
21313494,188,61,112,1984.0,30171.0,994.0,-0.797399,-0.725643,SAU,DEU,21
21313495,188,61,112,1986.0,6202.0,1037.0,-0.355175,-0.7725310000000001,SAU,DEU,21
21313496,188,61,112,1988.0,8855.0,0.0,0.181023,-0.6679470000000001,SAU,DEU,21
21313497,188,61,112,1992.0,159322.0,0.0,0.416315,-0.7342489999999999,SAU,DEU,21
21313498,188,61,112,1994.0,0.0,4953.0,0.331411,-0.802608,SAU,DEU,21
21313499,188,61,112,1995.0,0.0,14806.0,0.300643,-0.7885489999999999,SAU,DEU,21
21313500,188,61,112,1999.0,0.0,1326.0,0.217734,-0.7391840000000001,SAU,DEU,21
21313501,188,61,112,2003.0,39933.0,54497.0,0.24791100000000002,-0.801559,SAU,DEU,21
21313502,188,61,112,1973.0,17715.0,0.0,-1.8830740000000001,-0.634441,SAU,DEU,21
21313503,188,61,112,2002.0,7541.0,168083.0,0.048764,-0.903125,SAU,DEU,21
21313504,188,61,112,1969.0,42672.0,0.0,-1.1431799999999999,-0.462379,SAU,DEU,21
21313505,188,61,112,1967.0,65432.0,0.0,-1.5108489999999999,-0.436518,SAU,DEU,21
21313506,188,61,112,1968.0,30033.0,0.0,-1.510775,-0.48828699999999997,SAU,DEU,21
21313507,188,61,112,1965.0,63945.0,0.0,-0.734613,-0.307114,SAU,DEU,21
21313508,188,61,112,1966.0,43433.0,0.0,-1.053093,-0.38454699999999997,SAU,DEU,21
21313509,188,61,112,1963.0,51780.0,0.0,-1.418387,-0.334219,SAU,DEU,21
21313510,188,61,112,1964.0,52308.0,0.0,-1.3161909999999999,-0.322522,SAU,DEU,21
21313511,188,61,112,1962.0,38092.0,0.0,-1.262043,-0.332635,SAU,DEU,21
21313512,189,61,112,1992.0,390570.0,1157123.0,0.9474950000000001,2.442268,SCG,DEU,21
21313513,189,61,112,1998.0,135947.0,215509.0,0.591631,1.9495360000000002,SCG,DEU,21
21313514,189,61,112,2004.0,133001.0,776688.0,0.544686,2.418024,SCG,DEU,21
21313515,189,61,112,2001.0,563165.0,114362.0,0.38765,2.769588,SCG,DEU,21
21313516,189,61,112,2000.0,337699.0,241166.0,0.484573,2.767036,SCG,DEU,21
21313517,189,61,112,2002.0,993181.0,354248.0,0.523459,2.58657,SCG,DEU,21
21313518,189,61,112,2003.0,655561.0,499476.0,0.46711199999999997,2.1827810000000003,SCG,DEU,21
21313519,189,61,112,2005.0,50569.0,922239.0,0.520555,1.944405,SCG,DEU,21
21313520,189,61,112,1997.0,88202.0,413790.0,0.626724,1.7948549999999999,SCG,DEU,21
21313521,189,61,112,1999.0,226644.0,98318.0,0.470975,2.587854,SCG,DEU,21
21313522,189,61,112,1996.0,754021.0,1136471.0,0.699084,2.2900150000000004,SCG,DEU,21
21313523,190,61,112,2011.0,0.0,45911.0,-1.9301830000000002,-1.325842,SDN,DEU,21
21313524,190,61,112,1997.0,215438.0,0.0,-1.248538,-1.197904,SDN,DEU,21
21313525,190,61,112,2009.0,34912.0,0.0,-2.094564,-1.3970200000000002,SDN,DEU,21
21313526,190,61,112,1999.0,36920.0,0.0,-1.248432,-1.194591,SDN,DEU,21
21313527,190,61,112,1996.0,193055.0,0.0,-1.342853,-1.183092,SDN,DEU,21
21313528,190,61,112,1998.0,20254.0,0.0,-0.873128,-0.9515959999999999,SDN,DEU,21
21313529,190,61,112,2000.0,193172.0,0.0,-1.446942,-1.216142,SDN,DEU,21
21313530,190,61,112,2002.0,71805.0,0.0,-1.336665,-1.19919,SDN,DEU,21
21313531,190,61,112,2003.0,28269.0,0.0,-1.298216,-1.1938870000000001,SDN,DEU,21
21313532,190,61,112,2005.0,39253.0,0.0,-1.492413,-1.269306,SDN,DEU,21
21313533,190,61,112,2004.0,49987.0,0.0,-1.503552,-1.253193,SDN,DEU,21
21313534,190,61,112,1969.0,232972.0,0.0,-1.303416,-0.9319,SDN,DEU,21
21313535,190,61,112,1966.0,157979.0,0.0,-1.190201,-0.8691120000000001,SDN,DEU,21
21313536,190,61,112,1967.0,87931.0,0.0,-1.2184409999999999,-0.881192,SDN,DEU,21
21313537,190,61,112,1995.0,193538.0,0.0,-0.6951350000000001,-0.940327,SDN,DEU,21
21313538,190,61,112,1975.0,118179.0,0.0,-1.157901,-0.898517,SDN,DEU,21
21313539,190,61,112,1968.0,199653.0,0.0,-1.18039,-0.908206,SDN,DEU,21
21313540,190,61,112,1972.0,157166.0,0.0,-1.3547799999999999,-0.9342440000000001,SDN,DEU,21
21313541,190,61,112,1974.0,181277.0,0.0,-0.804729,-0.875218,SDN,DEU,21
21313542,190,61,112,1992.0,30402.0,0.0,-0.930193,-1.02726,SDN,DEU,21
21313543,190,61,112,1993.0,148698.0,0.0,-1.108491,-1.042635,SDN,DEU,21
21313544,190,61,112,2001.0,129169.0,0.0,-1.7142950000000001,-1.341016,SDN,DEU,21
21313545,190,61,112,1991.0,232517.0,0.0,-0.9406,-0.9364049999999999,SDN,DEU,21
21313546,190,61,112,1971.0,191828.0,0.0,-1.375243,-0.9691209999999999,SDN,DEU,21
21313547,190,61,112,1986.0,2664.0,0.0,-1.361119,-1.05695,SDN,DEU,21
21313548,190,61,112,1980.0,16541.0,0.0,-0.946818,-0.866403,SDN,DEU,21
21313549,190,61,112,1983.0,2664.0,0.0,-0.9413729999999999,-0.920055,SDN,DEU,21
21313550,190,61,112,1987.0,26285.0,0.0,-1.323763,-1.052445,SDN,DEU,21
21313551,190,61,112,1988.0,177749.0,0.0,-1.142579,-1.030532,SDN,DEU,21
21313552,190,61,112,1989.0,109309.0,0.0,-1.065491,-0.930419,SDN,DEU,21
21313553,190,61,112,1963.0,75378.0,0.0,-0.8505379999999999,-0.693693,SDN,DEU,21
21313554,190,61,112,1964.0,85774.0,0.0,-1.390569,-0.860024,SDN,DEU,21
21313555,190,61,112,1970.0,221125.0,0.0,-1.520378,-0.963227,SDN,DEU,21
21313556,190,61,112,1973.0,369912.0,0.0,-1.4007610000000001,-0.9762569999999999,SDN,DEU,21
21313557,190,61,112,1981.0,13587.0,0.0,-0.8598370000000001,-0.92599,SDN,DEU,21
21313558,190,61,112,1985.0,1850.0,0.0,-0.927787,-0.835478,SDN,DEU,21
21313559,190,61,112,1990.0,620823.0,0.0,-1.021495,-0.953471,SDN,DEU,21
21313560,190,61,112,1965.0,144137.0,0.0,-1.340652,-0.822845,SDN,DEU,21
21313561,190,61,112,1994.0,152227.0,0.0,-1.152679,-1.050158,SDN,DEU,21
21313562,190,61,112,1979.0,20517.0,0.0,-0.969759,-0.88289,SDN,DEU,21
21313563,190,61,112,1978.0,23892.0,0.0,-1.218791,-0.919903,SDN,DEU,21
21313564,190,61,112,1962.0,85461.0,0.0,-0.9824219999999999,-0.6792590000000001,SDN,DEU,21
21313565,191,61,112,1997.0,7299.0,0.0,-0.660837,-0.768874,SEN,DEU,21
21313566,191,61,112,2014.0,0.0,65335.0,-0.509239,0.002353,SEN,DEU,21
21313567,191,61,112,2011.0,0.0,360229.0,-0.760073,-0.437687,SEN,DEU,21
21313568,191,61,112,2012.0,0.0,80332.0,-0.379797,0.020130000000000002,SEN,DEU,21
21313569,191,61,112,2005.0,11647.0,0.0,-0.289572,0.017174000000000002,SEN,DEU,21
21313570,191,61,112,2010.0,0.0,240043.0,-0.5918939999999999,-0.178111,SEN,DEU,21
21313571,191,61,112,1974.0,3882.0,0.0,-0.016174,-0.46525,SEN,DEU,21
21313572,191,61,112,1968.0,12613.0,0.0,-0.380494,-0.698573,SEN,DEU,21
21313573,191,61,112,1970.0,4446.0,1855.0,-0.160236,-0.5380149999999999,SEN,DEU,21
21313574,191,61,112,1971.0,8047.0,0.0,-0.100347,-0.469422,SEN,DEU,21
21313575,191,61,112,1991.0,0.0,3328.0,-0.417256,-0.761483,SEN,DEU,21
21313576,192,61,112,2001.0,891893.0,30125.0,1.587064,0.639626,SGP,DEU,21
21313577,192,61,112,2014.0,2240228.0,0.0,1.750361,0.63849,SGP,DEU,21
21313578,192,61,112,2002.0,325583.0,45148.0,1.7077209999999998,0.683549,SGP,DEU,21
21313579,192,61,112,2011.0,4287390.0,0.0,1.8165060000000002,0.6853899999999999,SGP,DEU,21
21313580,192,61,112,2018.0,29266.0,0.0,1.870268,0.672214,SGP,DEU,21
21313581,192,61,112,2013.0,334330.0,0.0,1.844685,0.639379,SGP,DEU,21
21313582,192,61,112,1999.0,145688.0,57973.0,1.7426110000000001,0.514146,SGP,DEU,21
21313583,192,61,112,2000.0,424461.0,98047.0,1.5432860000000002,0.519856,SGP,DEU,21
21313584,192,61,112,2012.0,3484848.0,0.0,1.762134,0.583393,SGP,DEU,21
21313585,192,61,112,2015.0,2840765.0,0.0,1.883645,0.645237,SGP,DEU,21
21313586,192,61,112,2017.0,519249.0,0.0,1.8943720000000002,0.449316,SGP,DEU,21
21313587,192,61,112,2016.0,1455957.0,146172.0,2.0149340000000002,0.613009,SGP,DEU,21
21313588,192,61,112,2005.0,364425.0,0.0,1.734751,0.47802700000000004,SGP,DEU,21
21313589,192,61,112,2020.0,113966.0,0.0,1.871807,0.638979,SGP,DEU,21
21313590,192,61,112,1972.0,3382.0,0.0,0.46137100000000003,0.9252530000000001,SGP,DEU,21
21313591,192,61,112,1974.0,587439.0,0.0,0.689488,1.429749,SGP,DEU,21
21313592,192,61,112,1984.0,181174.0,12902.0,0.654335,1.170425,SGP,DEU,21
21313593,192,61,112,1985.0,15574.0,11106.0,0.673239,1.339357,SGP,DEU,21
21313594,192,61,112,1968.0,179859.0,0.0,0.34532199999999996,0.624988,SGP,DEU,21
21313595,192,61,112,1979.0,1487987.0,23130.0,0.418079,1.132749,SGP,DEU,21
21313596,192,61,112,1981.0,241572.0,8409.0,0.498993,1.2796,SGP,DEU,21
21313597,192,61,112,1986.0,82086.0,20178.0,0.666637,1.170133,SGP,DEU,21
21313598,192,61,112,1988.0,161526.0,19709.0,0.756944,1.207239,SGP,DEU,21
21313599,192,61,112,1991.0,33205.0,109726.0,0.901048,0.7597119999999999,SGP,DEU,21
21313600,192,61,112,1994.0,0.0,34493.0,1.175259,0.6461779999999999,SGP,DEU,21
21313601,192,61,112,2008.0,8539063.0,2595.0,1.913389,0.5324369999999999,SGP,DEU,21
21313602,192,61,112,2009.0,2355271.0,0.0,1.9798509999999998,0.5573140000000001,SGP,DEU,21
21313603,192,61,112,2010.0,827042.0,0.0,2.010565,0.564811,SGP,DEU,21
21313604,192,61,112,2019.0,57271.0,0.0,2.0131759999999996,0.638957,SGP,DEU,21
21313605,192,61,112,2003.0,1927380.0,0.0,1.7698479999999999,0.63539,SGP,DEU,21
21313606,192,61,112,2004.0,368981.0,0.0,1.804502,0.570084,SGP,DEU,21
21313607,192,61,112,2006.0,5704222.0,0.0,1.670134,0.43955600000000006,SGP,DEU,21
21313608,192,61,112,2007.0,685058.0,12413.0,1.6540990000000002,0.520069,SGP,DEU,21
21313609,192,61,112,1964.0,91764.0,0.0,0.67247,0.5715100000000001,SGP,DEU,21
21313610,192,61,112,1965.0,52580.0,0.0,0.543038,0.345846,SGP,DEU,21
21313611,192,61,112,1967.0,192073.0,0.0,0.406543,0.44961999999999996,SGP,DEU,21
21313612,192,61,112,1969.0,89036.0,0.0,0.255342,0.357131,SGP,DEU,21
21313613,192,61,112,1970.0,104956.0,0.0,0.39066300000000004,0.688601,SGP,DEU,21
21313614,192,61,112,1971.0,6644.0,0.0,0.540057,0.9167700000000001,SGP,DEU,21
21313615,192,61,112,1973.0,27692.0,3635.0,0.656068,1.318713,SGP,DEU,21
21313616,192,61,112,1975.0,253231.0,0.0,0.660647,1.370517,SGP,DEU,21
21313617,192,61,112,1983.0,437353.0,16928.0,0.626926,1.030408,SGP,DEU,21
21313618,192,61,112,1987.0,101453.0,17172.0,0.8519530000000001,1.0570950000000001,SGP,DEU,21
21313619,192,61,112,1992.0,95851.0,0.0,0.95691,0.892702,SGP,DEU,21
21313620,192,61,112,1995.0,25467.0,0.0,1.2015069999999999,0.46232,SGP,DEU,21
21313621,192,61,112,1982.0,222568.0,9582.0,0.569317,1.264116,SGP,DEU,21
21313622,192,61,112,1963.0,16325.0,0.0,1.01835,1.7443380000000002,SGP,DEU,21
21313623,192,61,112,1966.0,58550.0,0.0,0.483054,0.551268,SGP,DEU,21
21313624,192,61,112,1980.0,500561.0,32923.0,0.402977,1.237256,SGP,DEU,21
21313625,192,61,112,1989.0,106331.0,15027.0,0.8307559999999999,1.189067,SGP,DEU,21
21313626,192,61,112,1990.0,80697.0,5053.0,0.860663,0.915816,SGP,DEU,21
21313627,192,61,112,1993.0,0.0,7046.0,1.089315,0.740722,SGP,DEU,21
21313628,192,61,112,1996.0,6260.0,94930.0,1.288635,0.259061,SGP,DEU,21
21313629,192,61,112,1997.0,29092.0,173477.0,1.1946700000000001,0.30503600000000003,SGP,DEU,21
21313630,192,61,112,1998.0,40152.0,44850.0,1.460695,0.560563,SGP,DEU,21
21313631,192,61,112,1977.0,298517.0,0.0,0.667818,1.4533280000000002,SGP,DEU,21
21313632,192,61,112,1978.0,293262.0,0.0,0.746545,1.343492,SGP,DEU,21
21313633,192,61,112,1976.0,256486.0,0.0,0.750603,1.379759,SGP,DEU,21
21313634,194,61,112,2006.0,63900.0,0.0,1.622882,0.310727,SHN,DEU,21
21313635,195,61,112,1975.0,23601.0,0.0,-0.950894,-0.683146,SLB,DEU,21
21313636,195,61,112,1990.0,29099.0,0.0,-1.092991,-0.820757,SLB,DEU,21
21313637,196,61,112,1972.0,1827.0,0.0,-0.87654,-0.75707,SLE,DEU,21
21313638,196,61,112,2002.0,83623.0,0.0,0.29478899999999997,0.055865,SLE,DEU,21
21313639,197,61,112,1989.0,29732.0,0.0,0.46578400000000003,0.22569499999999998,SLV,DEU,21
21313640,197,61,112,1984.0,100003.0,0.0,-0.6402,-0.8707729999999999,SLV,DEU,21
21313641,197,61,112,1985.0,26004.0,0.0,-0.76413,-0.8949239999999999,SLV,DEU,21
21313642,197,61,112,1976.0,65273.0,0.0,0.028356,-0.462433,SLV,DEU,21
21313643,199,61,112,1969.0,99013.0,0.0,-0.308494,-0.652896,SOM,DEU,21
21313644,199,61,112,1974.0,117837.0,0.0,-0.171085,-0.528641,SOM,DEU,21
21313645,199,61,112,1994.0,66057.0,0.0,-0.290404,-0.647617,SOM,DEU,21
21313646,199,61,112,1966.0,52705.0,0.0,0.190833,-0.080305,SOM,DEU,21
21313647,199,61,112,1972.0,2824.0,0.0,-0.543715,-0.694749,SOM,DEU,21
21313648,199,61,112,1973.0,41372.0,0.0,-0.20059000000000002,-0.39157,SOM,DEU,21
21313649,199,61,112,1970.0,37044.0,0.0,-0.282085,-0.55985,SOM,DEU,21
21313650,199,61,112,1968.0,73069.0,0.0,-0.228271,-0.550886,SOM,DEU,21
21313651,199,61,112,1964.0,46295.0,0.0,-0.723217,-0.658697,SOM,DEU,21
21313652,199,61,112,1963.0,157588.0,0.0,-0.720167,-0.627073,SOM,DEU,21
21313653,199,61,112,1967.0,36248.0,0.0,-0.057724,-0.509019,SOM,DEU,21
21313654,200,61,112,1986.0,13000.0,0.0,0.617943,-0.48158999999999996,SPM,DEU,21
21313655,201,61,112,2017.0,0.0,1571.0,0.59312,1.535527,SRB,DEU,21
21313656,201,61,112,2016.0,1084815.0,67696.0,0.608136,1.38132,SRB,DEU,21
21313657,201,61,112,2018.0,0.0,1437.0,0.665772,1.552409,SRB,DEU,21
21313658,201,61,112,2005.0,0.0,867939.0,0.624201,1.4654280000000002,SRB,DEU,21
21313659,201,61,112,2006.0,49390.0,815757.0,0.581078,1.5831600000000001,SRB,DEU,21
21313660,201,61,112,2015.0,41311.0,0.0,0.5857439999999999,1.534638,SRB,DEU,21
21313661,201,61,112,2012.0,546660.0,4074047.0,0.696674,1.544065,SRB,DEU,21
21313662,201,61,112,2008.0,67945.0,973724.0,0.63955,1.548149,SRB,DEU,21
21313663,201,61,112,2010.0,91225.0,2611762.0,0.6007899999999999,1.589502,SRB,DEU,21
21313664,201,61,112,2014.0,69769.0,392134.0,0.6017979999999999,1.328124,SRB,DEU,21
21313665,201,61,112,2007.0,0.0,715748.0,0.745683,1.380002,SRB,DEU,21
21313666,201,61,112,2011.0,111526.0,3662932.0,0.624627,1.65478,SRB,DEU,21
21313667,201,61,112,2013.0,781896.0,1670149.0,0.609755,1.355304,SRB,DEU,21
21313668,201,61,112,2009.0,0.0,2715451.0,0.625128,1.486097,SRB,DEU,21
21313669,201,61,112,2020.0,25796.0,18225.0,0.690341,1.4072879999999999,SRB,DEU,21
21313670,205,61,112,2002.0,96858.0,0.0,-1.002898,-0.905595,SUR,DEU,21
21313671,205,61,112,1964.0,5429.0,0.0,-0.9094450000000001,-0.643358,SUR,DEU,21
21313672,205,61,112,1972.0,2383.0,0.0,-0.375329,-0.504363,SUR,DEU,21
21313673,205,61,112,1974.0,32189.0,0.0,-0.354184,-0.416542,SUR,DEU,21
21313674,205,61,112,1975.0,3401.0,0.0,-0.362835,-0.425757,SUR,DEU,21
21313675,205,61,112,1980.0,15185.0,0.0,-0.8891610000000001,-0.470596,SUR,DEU,21
21313676,205,61,112,1981.0,10538.0,0.0,-1.227673,-0.5888140000000001,SUR,DEU,21
21313677,205,61,112,1985.0,0.0,1000.0,-1.301204,-0.788419,SUR,DEU,21
21313678,205,61,112,1979.0,33193.0,0.0,-1.206457,-0.634969,SUR,DEU,21
21313679,205,61,112,1978.0,332426.0,0.0,-1.038745,-0.694217,SUR,DEU,21
21313680,206,61,112,2013.0,1522469.0,36502115.0,1.510052,0.7060310000000001,SVK,DEU,21
21313681,206,61,112,2018.0,28922.0,2617709.0,1.445669,0.9135850000000001,SVK,DEU,21
21313682,206,61,112,2011.0,667204.0,11120782.0,1.414456,0.804953,SVK,DEU,21
21313683,206,61,112,2008.0,361133.0,9435896.0,1.474019,0.684343,SVK,DEU,21
21313684,206,61,112,2014.0,1368866.0,43087835.0,1.525525,0.773486,SVK,DEU,21
21313685,206,61,112,2019.0,52840.0,12818647.0,1.457279,0.791451,SVK,DEU,21
21313686,206,61,112,2010.0,100919.0,5876344.0,1.4404780000000001,0.748727,SVK,DEU,21
21313687,206,61,112,2012.0,1663747.0,16492806.0,1.3586200000000002,0.805751,SVK,DEU,21
21313688,206,61,112,2020.0,11451.0,19231076.0,1.430035,0.8158350000000001,SVK,DEU,21
21313689,206,61,112,1997.0,2591156.0,6181565.0,1.265691,1.368739,SVK,DEU,21
21313690,206,61,112,2005.0,875104.0,17002835.0,1.257441,0.99556,SVK,DEU,21
21313691,206,61,112,1995.0,451377.0,12154797.0,1.3211600000000001,1.404751,SVK,DEU,21
21313692,206,61,112,2006.0,1664853.0,12738568.0,1.3569950000000002,0.8663290000000001,SVK,DEU,21
21313693,206,61,112,2007.0,1313321.0,5644559.0,1.398352,0.6960390000000001,SVK,DEU,21
21313694,206,61,112,2009.0,181039.0,2740443.0,1.417867,0.7569130000000001,SVK,DEU,21
21313695,206,61,112,2015.0,943740.0,40675490.0,1.488733,0.767641,SVK,DEU,21
21313696,206,61,112,2016.0,925321.0,23118384.0,1.446588,0.811076,SVK,DEU,21
21313697,206,61,112,2017.0,216297.0,3027366.0,1.484316,0.811826,SVK,DEU,21
21313698,206,61,112,1996.0,1572400.0,6891204.0,1.1978739999999999,1.426243,SVK,DEU,21
21313699,206,61,112,1998.0,2422940.0,9771192.0,1.167398,1.2558,SVK,DEU,21
21313700,206,61,112,1999.0,1972071.0,5654233.0,1.2448860000000002,1.172151,SVK,DEU,21
21313701,206,61,112,2000.0,2035513.0,9048014.0,1.3226360000000001,1.1967809999999999,SVK,DEU,21
21313702,206,61,112,2001.0,2879076.0,16127769.0,1.310591,1.195523,SVK,DEU,21
21313703,206,61,112,2002.0,3537652.0,18456738.0,1.269549,1.184774,SVK,DEU,21
21313704,206,61,112,2003.0,1973752.0,17559925.0,1.363933,0.9289569999999999,SVK,DEU,21
21313705,206,61,112,2004.0,635108.0,5900349.0,1.2683149999999999,0.9208620000000001,SVK,DEU,21
21313706,206,61,112,1994.0,1783975.0,5816222.0,1.1965,1.6523189999999999,SVK,DEU,21
21313707,206,61,112,1993.0,1769223.0,2976869.0,1.084148,1.798138,SVK,DEU,21
21313708,207,61,112,2018.0,1650522.0,114080.0,1.623183,0.7150850000000001,SVN,DEU,21
21313709,207,61,112,2019.0,1642294.0,36608.0,1.629788,0.7231479999999999,SVN,DEU,21
21313710,207,61,112,2007.0,3988361.0,27713.0,1.481507,0.576342,SVN,DEU,21
21313711,207,61,112,2008.0,2082094.0,1198.0,1.486167,0.532493,SVN,DEU,21
21313712,207,61,112,2010.0,2321075.0,962823.0,1.487275,0.699639,SVN,DEU,21
21313713,207,61,112,2011.0,2051494.0,1184029.0,1.526974,0.611721,SVN,DEU,21
21313714,207,61,112,2012.0,3314682.0,4790760.0,1.4933049999999999,0.58207,SVN,DEU,21
21313715,207,61,112,2014.0,7457203.0,563479.0,1.554693,0.633504,SVN,DEU,21
21313716,207,61,112,1992.0,136332.0,393430.0,1.3270629999999999,1.605534,SVN,DEU,21
21313717,207,61,112,1993.0,62407.0,391052.0,1.31269,1.554599,SVN,DEU,21
21313718,207,61,112,1994.0,302047.0,194580.0,1.431281,1.504549,SVN,DEU,21
21313719,207,61,112,2004.0,3484859.0,0.0,1.700677,0.829765,SVN,DEU,21
21313720,207,61,112,1995.0,602431.0,114609.0,1.4735770000000001,1.3664129999999999,SVN,DEU,21
21313721,207,61,112,1999.0,2241383.0,4739.0,1.47641,1.123027,SVN,DEU,21
21313722,207,61,112,2000.0,2501684.0,16865.0,1.485695,1.122069,SVN,DEU,21
21313723,207,61,112,1996.0,961071.0,79576.0,1.352015,1.396593,SVN,DEU,21
21313724,207,61,112,2003.0,1875118.0,19349.0,1.615782,0.9232950000000001,SVN,DEU,21
21313725,207,61,112,1997.0,2770363.0,7773.0,1.449492,1.253379,SVN,DEU,21
21313726,207,61,112,2002.0,1658544.0,0.0,1.469681,1.13303,SVN,DEU,21
21313727,207,61,112,2009.0,1941290.0,37756.0,1.5067629999999999,0.6367729999999999,SVN,DEU,21
21313728,207,61,112,2017.0,982744.0,211492.0,1.597178,0.753722,SVN,DEU,21
21313729,207,61,112,2006.0,6334932.0,65000.0,1.562187,0.612624,SVN,DEU,21
21313730,207,61,112,2005.0,6922615.0,99415.0,1.614618,0.74165,SVN,DEU,21
21313731,207,61,112,2016.0,7830293.0,1366143.0,1.7056200000000001,0.630058,SVN,DEU,21
21313732,207,61,112,2013.0,7002901.0,904414.0,1.55922,0.565874,SVN,DEU,21
21313733,207,61,112,2015.0,7969669.0,1455619.0,1.5925639999999999,0.647173,SVN,DEU,21
21313734,207,61,112,2020.0,2082048.0,575035.0,1.539549,0.8232780000000001,SVN,DEU,21
21313735,207,61,112,1998.0,1647992.0,100542.0,1.43127,1.171712,SVN,DEU,21
21313736,207,61,112,2001.0,1759027.0,3858.0,1.488089,1.0928360000000001,SVN,DEU,21
21313737,208,61,112,2011.0,499260.0,754095.0,1.776113,0.301014,SWE,DEU,21
21313738,208,61,112,2017.0,75587.0,18378.0,1.695113,0.6885060000000001,SWE,DEU,21
21313739,208,61,112,2002.0,2629436.0,813295.0,2.134,0.769413,SWE,DEU,21
21313740,208,61,112,2003.0,3558717.0,2089559.0,2.139853,0.750033,SWE,DEU,21
21313741,208,61,112,2004.0,2794577.0,2500430.0,2.105611,0.707843,SWE,DEU,21
21313742,208,61,112,2006.0,3247088.0,5095912.0,1.921461,0.478688,SWE,DEU,21
21313743,208,61,112,2008.0,1469023.0,645090.0,1.8179400000000001,0.301152,SWE,DEU,21
21313744,208,61,112,1996.0,1523713.0,1927101.0,2.186414,0.848194,SWE,DEU,21
21313745,208,61,112,1997.0,1700671.0,1358006.0,2.0806709999999997,0.9541219999999999,SWE,DEU,21
21313746,208,61,112,1998.0,1186096.0,743856.0,2.030484,0.861999,SWE,DEU,21
21313747,208,61,112,1999.0,1704357.0,863381.0,2.111011,0.783713,SWE,DEU,21
21313748,208,61,112,2000.0,3692602.0,264658.0,2.087984,0.811167,SWE,DEU,21
21313749,208,61,112,2001.0,3443229.0,244914.0,2.01685,0.8233159999999999,SWE,DEU,21
21313750,208,61,112,2007.0,1942750.0,3441624.0,1.830398,0.310369,SWE,DEU,21
21313751,208,61,112,2009.0,1503200.0,487659.0,1.8811950000000002,-0.058508000000000004,SWE,DEU,21
21313752,208,61,112,2010.0,1196538.0,1567865.0,1.815875,0.402764,SWE,DEU,21
21313753,208,61,112,2012.0,851977.0,4081889.0,1.721268,0.15675,SWE,DEU,21
21313754,208,61,112,2013.0,223529.0,286412.0,1.7851290000000002,0.182623,SWE,DEU,21
21313755,208,61,112,2014.0,1333644.0,2164684.0,1.7256330000000002,0.395804,SWE,DEU,21
21313756,208,61,112,2015.0,1080003.0,2056683.0,1.787031,0.527449,SWE,DEU,21
21313757,208,61,112,2016.0,694593.0,1909594.0,1.731295,0.679562,SWE,DEU,21
21313758,208,61,112,2018.0,57446.0,2599.0,1.7254209999999999,0.638757,SWE,DEU,21
21313759,208,61,112,2019.0,103198.0,2793.0,1.7247709999999998,0.6898770000000001,SWE,DEU,21
21313760,208,61,112,2020.0,0.0,1279.0,1.5926049999999998,0.870662,SWE,DEU,21
21313761,208,61,112,2005.0,3803027.0,5104149.0,1.9983650000000002,0.59864,SWE,DEU,21
21313762,208,61,112,1967.0,4867131.0,719238.0,2.1240099999999997,2.8551349999999998,SWE,DEU,21
21313763,208,61,112,1977.0,11435897.0,313790.0,1.5786950000000002,1.390976,SWE,DEU,21
21313764,208,61,112,1970.0,6105634.0,201062.0,2.1300470000000002,2.672669,SWE,DEU,21
21313765,208,61,112,1971.0,6103826.0,352194.0,2.190846,2.570859,SWE,DEU,21
21313766,208,61,112,1972.0,5660151.0,356951.0,2.083709,2.511567,SWE,DEU,21
21313767,208,61,112,1973.0,6251530.0,210556.0,2.103473,2.3276470000000002,SWE,DEU,21
21313768,208,61,112,1974.0,7469276.0,359188.0,1.7945509999999998,1.532433,SWE,DEU,21
21313769,208,61,112,1975.0,9048966.0,422539.0,1.971359,0.93884,SWE,DEU,21
21313770,208,61,112,1976.0,13869964.0,1483797.0,1.7900189999999998,1.5298049999999999,SWE,DEU,21
21313771,208,61,112,1978.0,13281166.0,507937.0,1.905032,1.65209,SWE,DEU,21
21313772,208,61,112,1979.0,11923123.0,1114033.0,1.8791060000000002,1.4971709999999998,SWE,DEU,21
21313773,208,61,112,1980.0,23162900.0,783724.0,1.7280119999999999,1.128417,SWE,DEU,21
21313774,208,61,112,1981.0,7199688.0,462805.0,1.729023,0.9804309999999999,SWE,DEU,21
21313775,208,61,112,1982.0,6282120.0,224506.0,1.805818,1.210293,SWE,DEU,21
21313776,208,61,112,1983.0,3484595.0,597680.0,1.839779,1.3607040000000001,SWE,DEU,21
21313777,208,61,112,1984.0,6249907.0,1007347.0,1.879359,1.3748850000000001,SWE,DEU,21
21313778,208,61,112,1985.0,7124466.0,1210188.0,2.013963,1.252299,SWE,DEU,21
21313779,208,61,112,1986.0,10252088.0,1232859.0,2.1597560000000002,1.491303,SWE,DEU,21
21313780,208,61,112,1987.0,6590406.0,2001737.0,2.166095,1.502119,SWE,DEU,21
21313781,208,61,112,1988.0,7628712.0,1635240.0,2.194509,1.183689,SWE,DEU,21
21313782,208,61,112,1989.0,4871105.0,1741099.0,2.145445,1.232055,SWE,DEU,21
21313783,208,61,112,1990.0,3211468.0,400273.0,2.122441,1.367907,SWE,DEU,21
21313784,208,61,112,1991.0,2386686.0,1255178.0,2.266982,1.2248459999999999,SWE,DEU,21
21313785,208,61,112,1992.0,1437414.0,1284366.0,2.2265900000000003,0.999178,SWE,DEU,21
21313786,208,61,112,1993.0,3087422.0,916641.0,2.191455,1.031967,SWE,DEU,21
21313787,208,61,112,1995.0,2473243.0,852887.0,2.291723,0.913976,SWE,DEU,21
21313788,208,61,112,1994.0,3228121.0,775977.0,2.26188,0.9602700000000001,SWE,DEU,21
21313789,208,61,112,1962.0,4933081.0,186190.0,2.204543,2.995212,SWE,DEU,21
21313790,208,61,112,1963.0,5296404.0,296409.0,2.146459,2.918374,SWE,DEU,21
21313791,208,61,112,1964.0,5693866.0,348506.0,2.145611,3.055655,SWE,DEU,21
21313792,208,61,112,1965.0,6896425.0,332189.0,2.159495,3.0655099999999997,SWE,DEU,21
21313793,208,61,112,1966.0,6527860.0,469848.0,2.237418,2.8724119999999997,SWE,DEU,21
21313794,208,61,112,1968.0,6434538.0,119998.0,1.968017,2.7641270000000002,SWE,DEU,21
21313795,208,61,112,1969.0,5927046.0,87089.0,2.073118,2.6611130000000003,SWE,DEU,21
21313796,212,61,112,1975.0,1032176.0,0.0,-0.06180599999999999,-0.437461,SYR,DEU,21
21313797,212,61,112,1979.0,555598.0,0.0,-0.02316,-0.564105,SYR,DEU,21
21313798,212,61,112,1982.0,923810.0,0.0,-0.046675,-0.540675,SYR,DEU,21
21313799,212,61,112,2003.0,20922.0,0.0,-0.8778090000000001,-0.22842600000000002,SYR,DEU,21
21313800,212,61,112,1977.0,715892.0,0.0,0.546988,0.410492,SYR,DEU,21
21313801,212,61,112,1965.0,112078.0,0.0,-0.228823,-0.565458,SYR,DEU,21
21313802,212,61,112,1984.0,32411.0,0.0,-0.06568500000000001,-0.515576,SYR,DEU,21
21313803,212,61,112,2014.0,75614.0,0.0,-0.22825,0.803708,SYR,DEU,21
21313804,212,61,112,2015.0,48574.0,0.0,-0.476728,0.013844,SYR,DEU,21
21313805,212,61,112,2004.0,18349.0,0.0,-0.698545,-0.111323,SYR,DEU,21
21313806,212,61,112,1990.0,20104.0,0.0,-0.22837,-0.505288,SYR,DEU,21
21313807,212,61,112,2016.0,41127.0,0.0,-0.78566,-0.006305,SYR,DEU,21
21313808,212,61,112,1981.0,523726.0,0.0,-0.018292,-0.45856,SYR,DEU,21
21313809,212,61,112,1999.0,0.0,1133.0,-0.9681049999999999,-0.795823,SYR,DEU,21
21313810,212,61,112,2002.0,24575.0,0.0,-1.07007,-0.560769,SYR,DEU,21
21313811,212,61,112,1992.0,104314.0,0.0,-0.566724,-0.602446,SYR,DEU,21
21313812,212,61,112,1996.0,63371.0,0.0,-1.096481,-1.0157260000000001,SYR,DEU,21
21313813,212,61,112,1980.0,1219147.0,0.0,0.203328,-0.347697,SYR,DEU,21
21313814,212,61,112,1978.0,781958.0,5262.0,0.23979499999999998,-0.217529,SYR,DEU,21
21313815,212,61,112,1974.0,885025.0,0.0,0.059787,-0.399023,SYR,DEU,21
21313816,212,61,112,1963.0,60196.0,0.0,-0.25196999999999997,-0.485785,SYR,DEU,21
21313817,212,61,112,1964.0,64923.0,0.0,0.063779,-0.41992799999999997,SYR,DEU,21
21313818,212,61,112,1966.0,69426.0,0.0,0.20764000000000002,-0.359902,SYR,DEU,21
21313819,212,61,112,1983.0,494076.0,0.0,0.09625700000000001,-0.401099,SYR,DEU,21
21313820,212,61,112,1985.0,756229.0,0.0,-0.429022,-0.765402,SYR,DEU,21
21313821,212,61,112,1986.0,904574.0,0.0,-0.292051,-0.6647850000000001,SYR,DEU,21
21313822,212,61,112,1987.0,166375.0,0.0,-0.362979,-0.675072,SYR,DEU,21
21313823,212,61,112,1989.0,34532.0,0.0,-0.062437,-0.377745,SYR,DEU,21
21313824,212,61,112,2017.0,164729.0,0.0,-0.65347,0.085392,SYR,DEU,21
21313825,212,61,112,1993.0,72684.0,0.0,-0.6564439999999999,-0.908626,SYR,DEU,21
21313826,212,61,112,2018.0,96277.0,0.0,-0.665828,-0.006848000000000001,SYR,DEU,21
21313827,212,61,112,2019.0,31850.0,0.0,-0.570662,0.186941,SYR,DEU,21
21313828,212,61,112,1991.0,9957.0,0.0,-0.631235,-0.709191,SYR,DEU,21
21313829,212,61,112,1962.0,52011.0,0.0,-0.7887890000000001,-0.613533,SYR,DEU,21
21313830,212,61,112,1967.0,82410.0,0.0,-0.268522,-0.698574,SYR,DEU,21
21313831,212,61,112,1968.0,82707.0,0.0,-0.14453,-0.669121,SYR,DEU,21
21313832,212,61,112,1970.0,223497.0,0.0,0.135574,-0.436292,SYR,DEU,21
21313833,212,61,112,1972.0,130108.0,0.0,0.001657,-0.50522,SYR,DEU,21
21313834,212,61,112,1973.0,404668.0,0.0,0.099539,-0.388374,SYR,DEU,21
21313835,212,61,112,1971.0,205925.0,0.0,0.082847,-0.600657,SYR,DEU,21
21313836,212,61,112,1994.0,79427.0,0.0,-0.685125,-0.907826,SYR,DEU,21
21313837,212,61,112,1995.0,154478.0,0.0,-0.837777,-0.952274,SYR,DEU,21
21313838,212,61,112,1969.0,150571.0,0.0,-0.148731,-0.632352,SYR,DEU,21
21313839,212,61,112,1988.0,204366.0,0.0,-0.300335,-0.673237,SYR,DEU,21
21313840,212,61,112,1976.0,1056550.0,0.0,0.5606180000000001,0.090945,SYR,DEU,21
21313841,214,61,112,1973.0,2648.0,0.0,-0.945315,-0.846152,TCD,DEU,21
21313842,214,61,112,1974.0,46033.0,0.0,-0.6310140000000001,-0.693297,TCD,DEU,21
21313843,214,61,112,1975.0,75263.0,0.0,-0.5271,-0.504279,TCD,DEU,21
21313844,214,61,112,2007.0,0.0,3031.0,-3.0613099999999998,-0.997619,TCD,DEU,21
21313845,214,61,112,2006.0,0.0,18228.0,-2.842809,-0.9798959999999999,TCD,DEU,21
21313846,214,61,112,1969.0,1860.0,0.0,-0.670136,-0.726297,TCD,DEU,21
21313847,215,61,112,2015.0,0.0,224974.0,-0.619449,-0.774299,TGO,DEU,21
21313848,215,61,112,2016.0,0.0,336452.0,-0.777506,-0.652105,TGO,DEU,21
21313849,215,61,112,2017.0,0.0,415273.0,-0.884833,-0.7139220000000001,TGO,DEU,21
21313850,215,61,112,2018.0,0.0,352736.0,-0.681426,-0.7010270000000001,TGO,DEU,21
21313851,215,61,112,2019.0,0.0,202701.0,-0.9927299999999999,-0.845593,TGO,DEU,21
21313852,215,61,112,2020.0,0.0,131289.0,-0.7853060000000001,-0.670995,TGO,DEU,21
21313853,215,61,112,2011.0,0.0,53768.0,-0.6122529999999999,-0.719808,TGO,DEU,21
21313854,215,61,112,2012.0,0.0,307462.0,-0.525578,-0.41306800000000005,TGO,DEU,21
21313855,215,61,112,2013.0,0.0,510500.0,-0.532095,-0.434276,TGO,DEU,21
21313856,215,61,112,2014.0,0.0,368972.0,-0.58937,-0.43368,TGO,DEU,21
21313857,215,61,112,1964.0,5484.0,0.0,-0.718773,-0.517584,TGO,DEU,21
21313858,215,61,112,1975.0,0.0,3375.0,-0.408819,-0.589052,TGO,DEU,21
21313859,215,61,112,1965.0,1807.0,0.0,-0.7062970000000001,-0.567462,TGO,DEU,21
21313860,216,61,112,2002.0,29794.0,9821144.0,0.513887,1.545967,THA,DEU,21
21313861,216,61,112,2003.0,31317.0,5956411.0,0.565552,1.554573,THA,DEU,21
21313862,216,61,112,2012.0,105585.0,4890010.0,1.015684,1.20697,THA,DEU,21
21313863,216,61,112,2013.0,3878.0,3459585.0,1.067287,1.2767110000000002,THA,DEU,21
21313864,216,61,112,2014.0,530979.0,2220514.0,1.111392,1.3500370000000002,THA,DEU,21
21313865,216,61,112,2015.0,0.0,1496305.0,1.258262,1.078091,THA,DEU,21
21313866,216,61,112,2016.0,0.0,1828677.0,1.3075860000000001,1.151426,THA,DEU,21
21313867,216,61,112,2018.0,1028.0,244588.0,1.188923,1.264666,THA,DEU,21
21313868,216,61,112,1996.0,105740.0,8295562.0,0.26155100000000003,1.146204,THA,DEU,21
21313869,216,61,112,1997.0,279008.0,12048898.0,0.216402,1.366618,THA,DEU,21
21313870,216,61,112,1998.0,3104.0,10728382.0,0.264865,1.275795,THA,DEU,21
21313871,216,61,112,2000.0,21830.0,3912928.0,0.505423,1.358217,THA,DEU,21
21313872,216,61,112,2004.0,46619.0,6591636.0,0.633501,1.4648290000000002,THA,DEU,21
21313873,216,61,112,2005.0,361285.0,7231730.0,0.6763060000000001,1.5179719999999999,THA,DEU,21
21313874,216,61,112,2006.0,17699.0,7051479.0,0.73283,1.419023,THA,DEU,21
21313875,216,61,112,2007.0,425983.0,6996274.0,0.8744709999999999,1.303316,THA,DEU,21
21313876,216,61,112,2008.0,40923.0,6424696.0,0.8565809999999999,1.377966,THA,DEU,21
21313877,216,61,112,2009.0,6193.0,4815145.0,0.891018,1.164574,THA,DEU,21
21313878,216,61,112,2010.0,1068.0,4966188.0,0.975297,1.292203,THA,DEU,21
21313879,216,61,112,2011.0,257311.0,3111636.0,1.0923049999999999,1.3365639999999999,THA,DEU,21
21313880,216,61,112,2019.0,0.0,348732.0,1.128318,1.301893,THA,DEU,21
21313881,216,61,112,1994.0,72960.0,892897.0,0.229846,1.497026,THA,DEU,21
21313882,216,61,112,1995.0,102954.0,5672865.0,0.249687,1.587885,THA,DEU,21
21313883,216,61,112,1999.0,64503.0,2311955.0,0.45096499999999995,1.384025,THA,DEU,21
21313884,216,61,112,2001.0,291794.0,2667848.0,0.49264600000000003,1.493471,THA,DEU,21
21313885,216,61,112,1984.0,406459.0,39664.0,0.073559,0.8899549999999999,THA,DEU,21
21313886,216,61,112,1989.0,133902.0,596850.0,-0.049782,1.32686,THA,DEU,21
21313887,216,61,112,1974.0,556794.0,0.0,-0.10386600000000001,0.054617,THA,DEU,21
21313888,216,61,112,1987.0,306730.0,82282.0,0.020794,1.238731,THA,DEU,21
21313889,216,61,112,1992.0,68115.0,4573645.0,0.109518,1.486578,THA,DEU,21
21313890,216,61,112,1972.0,452120.0,0.0,-0.570796,-0.372512,THA,DEU,21
21313891,216,61,112,1980.0,857266.0,25466.0,0.098687,0.8591190000000001,THA,DEU,21
21313892,216,61,112,1990.0,102973.0,1250033.0,0.200836,1.37097,THA,DEU,21
21313893,216,61,112,1993.0,136244.0,3293021.0,0.261627,1.732836,THA,DEU,21
21313894,216,61,112,1979.0,485745.0,91314.0,-0.049539,0.413142,THA,DEU,21
21313895,216,61,112,1971.0,339073.0,0.0,-0.767467,-0.557866,THA,DEU,21
21313896,216,61,112,1976.0,48757.0,0.0,-0.001103,0.158345,THA,DEU,21
21313897,216,61,112,1977.0,34354.0,0.0,0.13005799999999998,0.265905,THA,DEU,21
21313898,216,61,112,1978.0,168062.0,0.0,-0.144714,0.302669,THA,DEU,21
21313899,216,61,112,1982.0,332939.0,22719.0,-0.091787,0.697172,THA,DEU,21
21313900,216,61,112,1983.0,476877.0,4767.0,-0.031994,0.712533,THA,DEU,21
21313901,216,61,112,1985.0,333087.0,90084.0,-0.034093,1.256083,THA,DEU,21
21313902,216,61,112,1975.0,92702.0,4362.0,-0.16630699999999998,0.117874,THA,DEU,21
21313903,216,61,112,1991.0,101421.0,5675781.0,0.076699,1.530476,THA,DEU,21
21313904,216,61,112,1986.0,309071.0,43561.0,0.032975,1.1731280000000002,THA,DEU,21
21313905,216,61,112,1973.0,946629.0,0.0,-0.31605700000000003,-0.054589,THA,DEU,21
21313906,216,61,112,1981.0,528849.0,23132.0,-0.031606,0.648208,THA,DEU,21
21313907,216,61,112,1969.0,336234.0,0.0,-0.7171850000000001,-0.67983,THA,DEU,21
21313908,216,61,112,1967.0,204240.0,0.0,-0.692667,-0.669754,THA,DEU,21
21313909,216,61,112,1970.0,390722.0,0.0,-0.821758,-0.550586,THA,DEU,21
21313910,216,61,112,1968.0,214539.0,0.0,-0.59446,-0.7126439999999999,THA,DEU,21
21313911,216,61,112,1988.0,723108.0,161488.0,-0.056565,1.0134020000000001,THA,DEU,21
21313912,216,61,112,1962.0,54389.0,0.0,-0.6071449999999999,-0.660044,THA,DEU,21
21313913,216,61,112,1963.0,71667.0,0.0,-0.708303,-0.694411,THA,DEU,21
21313914,216,61,112,1964.0,192125.0,0.0,-0.686739,-0.6823140000000001,THA,DEU,21
21313915,216,61,112,1965.0,153549.0,0.0,-0.805642,-0.698878,THA,DEU,21
21313916,216,61,112,1966.0,165318.0,0.0,-0.873066,-0.7013659999999999,THA,DEU,21
21313917,217,61,112,2000.0,2575.0,0.0,-0.772083,-1.079553,TJK,DEU,21
21313918,219,61,112,2000.0,0.0,9110.0,-0.839936,-1.168236,TKM,DEU,21
21313919,219,61,112,2008.0,14794.0,0.0,-0.8857219999999999,-1.160242,TKM,DEU,21
21313920,219,61,112,2001.0,0.0,35000.0,-0.8917290000000001,-1.226342,TKM,DEU,21
21313921,219,61,112,1995.0,6287.0,0.0,-0.986367,-1.141659,TKM,DEU,21
21313922,219,61,112,2002.0,0.0,89000.0,-0.9178629999999999,-1.202212,TKM,DEU,21
21313923,222,61,112,2007.0,0.0,5752.0,-0.358668,-0.999964,TTO,DEU,21
21313924,223,61,112,2003.0,8955.0,342083.0,-0.132938,0.331202,TUN,DEU,21
21313925,223,61,112,2007.0,0.0,489515.0,0.225345,0.818671,TUN,DEU,21
21313926,223,61,112,2019.0,0.0,25203.0,0.36388200000000004,1.1146209999999999,TUN,DEU,21
21313927,223,61,112,2006.0,0.0,217298.0,0.140257,0.528918,TUN,DEU,21
21313928,223,61,112,2000.0,0.0,98617.0,-0.061203999999999995,0.149345,TUN,DEU,21
21313929,223,61,112,2002.0,0.0,93656.0,0.059876,0.369032,TUN,DEU,21
21313930,223,61,112,2005.0,0.0,3309.0,0.006732999999999999,0.512662,TUN,DEU,21
21313931,223,61,112,2010.0,1453.0,156968.0,0.281321,0.804611,TUN,DEU,21
21313932,223,61,112,2016.0,0.0,50070.0,0.27537399999999995,0.9474239999999999,TUN,DEU,21
21313933,223,61,112,2018.0,0.0,39512.0,0.39611799999999997,1.252702,TUN,DEU,21
21313934,223,61,112,1988.0,0.0,115936.0,0.170097,-0.121903,TUN,DEU,21
21313935,223,61,112,2017.0,0.0,32376.0,0.31342600000000004,1.071153,TUN,DEU,21
21313936,223,61,112,2004.0,0.0,77611.0,-0.125092,0.370625,TUN,DEU,21
21313937,223,61,112,2009.0,0.0,65357.0,0.20318699999999998,0.778366,TUN,DEU,21
21313938,223,61,112,2011.0,0.0,4984.0,0.44765600000000005,0.949735,TUN,DEU,21
21313939,223,61,112,2013.0,0.0,738950.0,0.40154,0.902177,TUN,DEU,21
21313940,223,61,112,2012.0,0.0,153190.0,0.509432,0.8157810000000001,TUN,DEU,21
21313941,223,61,112,2014.0,0.0,414880.0,0.45973800000000004,0.9595459999999999,TUN,DEU,21
21313942,223,61,112,2015.0,0.0,297461.0,0.242982,0.9483,TUN,DEU,21
21313943,223,61,112,1998.0,0.0,284655.0,-0.133603,-0.093303,TUN,DEU,21
21313944,223,61,112,1995.0,0.0,128793.0,-0.159849,-0.127666,TUN,DEU,21
21313945,223,61,112,1987.0,0.0,227958.0,0.061274,-0.22561199999999998,TUN,DEU,21
21313946,223,61,112,1981.0,0.0,6868.0,0.235777,-0.324826,TUN,DEU,21
21313947,223,61,112,1996.0,4284.0,120163.0,-0.250917,-0.057383,TUN,DEU,21
21313948,223,61,112,2020.0,0.0,23192.0,0.458344,0.490221,TUN,DEU,21
21313949,223,61,112,1999.0,1953.0,232895.0,-0.13388,-0.099342,TUN,DEU,21
21313950,223,61,112,1989.0,3781.0,406238.0,0.053207000000000004,-0.144543,TUN,DEU,21
21313951,223,61,112,1997.0,0.0,331797.0,-0.187276,-0.21877600000000003,TUN,DEU,21
21313952,223,61,112,1982.0,1175.0,76256.0,0.310189,-0.252371,TUN,DEU,21
21313953,223,61,112,1991.0,50633.0,78366.0,-0.0387,-0.18543900000000002,TUN,DEU,21
21313954,223,61,112,1975.0,0.0,22652.0,-0.077319,-0.5561010000000001,TUN,DEU,21
21313955,223,61,112,1985.0,0.0,66376.0,0.20037,-0.187873,TUN,DEU,21
21313956,223,61,112,1993.0,7516.0,6995.0,0.23820500000000003,0.114905,TUN,DEU,21
21313957,223,61,112,1983.0,0.0,87584.0,0.27019899999999997,-0.202803,TUN,DEU,21
21313958,223,61,112,1984.0,5323.0,57688.0,0.28833000000000003,-0.13594900000000001,TUN,DEU,21
21313959,223,61,112,1986.0,0.0,138493.0,0.210972,-0.177832,TUN,DEU,21
21313960,223,61,112,1990.0,16772.0,81931.0,0.168283,-0.031668,TUN,DEU,21
21313961,223,61,112,1992.0,23033.0,118255.0,0.14482,-0.13608,TUN,DEU,21
21313962,223,61,112,1994.0,86224.0,91241.0,-0.022034,0.020742,TUN,DEU,21
21313963,223,61,112,1979.0,0.0,34348.0,-0.077427,-0.56894,TUN,DEU,21
21313964,223,61,112,1978.0,0.0,25202.0,-0.053212999999999996,-0.65655,TUN,DEU,21
21313965,223,61,112,1977.0,0.0,3905.0,0.003972,-0.398296,TUN,DEU,21
21313966,223,61,112,1976.0,0.0,36282.0,-0.090634,-0.36735999999999996,TUN,DEU,21
21313967,224,61,112,2011.0,0.0,4837032.0,0.593858,2.247072,TUR,DEU,21
21313968,224,61,112,2017.0,17931.0,1259027.0,0.601079,2.126314,TUR,DEU,21
21313969,224,61,112,2018.0,24529.0,1324466.0,0.5883510000000001,2.357541,TUR,DEU,21
21313970,224,61,112,2005.0,9350.0,2740924.0,0.284484,2.10348,TUR,DEU,21
21313971,224,61,112,2012.0,12431.0,5387337.0,0.657573,1.969027,TUR,DEU,21
21313972,224,61,112,2014.0,11076.0,2530049.0,0.6641600000000001,2.091193,TUR,DEU,21
21313973,224,61,112,2015.0,9186.0,1550151.0,0.462588,2.330971,TUR,DEU,21
21313974,224,61,112,2019.0,14649.0,811875.0,0.601105,2.31712,TUR,DEU,21
21313975,224,61,112,2020.0,12710.0,602580.0,0.6274689999999999,2.401027,TUR,DEU,21
21313976,224,61,112,2007.0,16026.0,3578428.0,0.503181,1.830614,TUR,DEU,21
21313977,224,61,112,2010.0,192387.0,3050429.0,0.53661,2.161994,TUR,DEU,21
21313978,224,61,112,2016.0,365199.0,989787.0,0.460247,2.3790400000000003,TUR,DEU,21
21313979,224,61,112,1996.0,335132.0,5230507.0,0.07259700000000001,1.734291,TUR,DEU,21
21313980,224,61,112,2009.0,60114.0,1297505.0,0.47585900000000003,2.221056,TUR,DEU,21
21313981,224,61,112,1997.0,53153.0,3690419.0,0.154428,1.7573880000000002,TUR,DEU,21
21313982,224,61,112,1998.0,112047.0,1869012.0,0.076565,1.9950729999999999,TUR,DEU,21
21313983,224,61,112,1999.0,15443.0,791158.0,0.087761,2.0103869999999997,TUR,DEU,21
21313984,224,61,112,2000.0,12104.0,2180603.0,0.127924,2.039773,TUR,DEU,21
21313985,224,61,112,2001.0,28714.0,4643908.0,0.168219,1.989011,TUR,DEU,21
21313986,224,61,112,2008.0,15225.0,1893886.0,0.518795,1.8095869999999998,TUR,DEU,21
21313987,224,61,112,2013.0,234890.0,4447351.0,0.580016,2.394812,TUR,DEU,21
21313988,224,61,112,2006.0,38500.0,4051421.0,0.41471,2.138217,TUR,DEU,21
21313989,224,61,112,2002.0,25194.0,4720403.0,0.12982,1.8032650000000001,TUR,DEU,21
21313990,224,61,112,2003.0,3892.0,5761103.0,0.168739,2.0307020000000002,TUR,DEU,21
21313991,224,61,112,2004.0,83311.0,4801620.0,0.249065,1.910598,TUR,DEU,21
21313992,224,61,112,1993.0,377918.0,2088957.0,0.136823,1.201741,TUR,DEU,21
21313993,224,61,112,1986.0,68740.0,226321.0,0.238715,1.272334,TUR,DEU,21
21313994,224,61,112,1987.0,116946.0,1593635.0,0.349956,1.3341129999999999,TUR,DEU,21
21313995,224,61,112,1992.0,810836.0,1699772.0,0.160966,1.154796,TUR,DEU,21
21313996,224,61,112,1990.0,369236.0,2584061.0,0.19346300000000002,1.15759,TUR,DEU,21
21313997,224,61,112,1991.0,506561.0,2724701.0,0.176491,1.063823,TUR,DEU,21
21313998,224,61,112,1988.0,312982.0,683346.0,0.293668,1.444393,TUR,DEU,21
21313999,224,61,112,1989.0,378717.0,2420997.0,0.2823,1.370484,TUR,DEU,21
21314000,224,61,112,1994.0,322174.0,2126170.0,0.112102,1.2281030000000002,TUR,DEU,21
21314001,224,61,112,1995.0,178894.0,6436767.0,0.087476,1.433762,TUR,DEU,21
21314002,224,61,112,1985.0,155769.0,346180.0,0.503027,1.558179,TUR,DEU,21
21314003,224,61,112,1973.0,762611.0,0.0,-0.2763,-0.419703,TUR,DEU,21
21314004,224,61,112,1972.0,165612.0,0.0,-0.295095,-0.412603,TUR,DEU,21
21314005,224,61,112,1974.0,1518405.0,74585.0,-0.02222,-0.1287,TUR,DEU,21
21314006,224,61,112,1975.0,291637.0,0.0,-0.024065,-0.156576,TUR,DEU,21
21314007,224,61,112,1963.0,511123.0,8360.0,-0.7694300000000001,-0.891026,TUR,DEU,21
21314008,224,61,112,1964.0,287515.0,0.0,-0.601434,-0.826818,TUR,DEU,21
21314009,224,61,112,1965.0,467324.0,76388.0,-0.715468,-0.8576389999999999,TUR,DEU,21
21314010,224,61,112,1966.0,267780.0,34346.0,-0.68223,-0.7747189999999999,TUR,DEU,21
21314011,224,61,112,1967.0,160944.0,44234.0,-0.683027,-0.812673,TUR,DEU,21
21314012,224,61,112,1981.0,206078.0,19193.0,0.316265,1.008969,TUR,DEU,21
21314013,224,61,112,1969.0,265047.0,15707.0,-0.582622,-0.724567,TUR,DEU,21
21314014,224,61,112,1970.0,127025.0,0.0,-0.540301,-0.646709,TUR,DEU,21
21314015,224,61,112,1980.0,5004.0,57631.0,-0.006519,-0.044087,TUR,DEU,21
21314016,224,61,112,1968.0,152470.0,31588.0,-0.654801,-0.8012319999999999,TUR,DEU,21
21314017,224,61,112,1971.0,91428.0,42307.0,-0.443655,-0.521285,TUR,DEU,21
21314018,224,61,112,1983.0,75124.0,198036.0,0.45089399999999996,1.317159,TUR,DEU,21
21314019,224,61,112,1982.0,85070.0,34295.0,0.367544,1.44,TUR,DEU,21
21314020,224,61,112,1984.0,42038.0,257132.0,0.49907799999999997,1.555636,TUR,DEU,21
21314021,224,61,112,1979.0,0.0,2060.0,-0.154671,-0.302697,TUR,DEU,21
21314022,224,61,112,1962.0,673959.0,0.0,-0.704393,-0.8268139999999999,TUR,DEU,21
21314023,224,61,112,1978.0,58686.0,0.0,-0.092325,-0.181425,TUR,DEU,21
21314024,224,61,112,1977.0,58365.0,3246.0,0.057695,-0.002332,TUR,DEU,21
21314025,224,61,112,1976.0,494170.0,1056.0,-0.05837899999999999,-0.096572,TUR,DEU,21
21314026,226,61,112,2007.0,42387.0,0.0,-0.636533,1.177478,TZA,DEU,21
21314027,226,61,112,2002.0,28267.0,0.0,-1.234127,-0.421158,TZA,DEU,21
21314028,226,61,112,2015.0,13829.0,0.0,-0.883123,0.178398,TZA,DEU,21
21314029,226,61,112,2009.0,13596.0,0.0,-0.675493,0.906011,TZA,DEU,21
21314030,226,61,112,2008.0,10416.0,0.0,-0.619056,1.0712110000000001,TZA,DEU,21
21314031,226,61,112,2019.0,17874.0,0.0,-0.80374,0.826095,TZA,DEU,21
21314032,226,61,112,2005.0,89772.0,0.0,-0.9243629999999999,0.334876,TZA,DEU,21
21314033,226,61,112,2006.0,70204.0,0.0,-0.804761,0.6328729999999999,TZA,DEU,21
21314034,226,61,112,2012.0,76893.0,0.0,-0.490001,1.149681,TZA,DEU,21
21314035,226,61,112,1998.0,82841.0,0.0,-0.87775,-0.31080599999999997,TZA,DEU,21
21314036,226,61,112,2000.0,138201.0,0.0,-1.14198,-0.368647,TZA,DEU,21
21314037,226,61,112,2001.0,17285.0,0.0,-1.227071,-0.489829,TZA,DEU,21
21314038,226,61,112,2004.0,67608.0,0.0,-0.935327,0.362709,TZA,DEU,21
21314039,226,61,112,2014.0,53945.0,0.0,-0.909005,0.511175,TZA,DEU,21
21314040,226,61,112,2016.0,12897.0,3064.0,-1.01426,0.304263,TZA,DEU,21
21314041,226,61,112,2017.0,4241.0,0.0,-0.968485,0.137755,TZA,DEU,21
21314042,226,61,112,2018.0,46093.0,0.0,-0.12971300000000002,1.379649,TZA,DEU,21
21314043,226,61,112,2013.0,102059.0,0.0,-0.654655,0.903574,TZA,DEU,21
21314044,226,61,112,2010.0,45500.0,0.0,-0.697229,0.8367700000000001,TZA,DEU,21
21314045,226,61,112,2011.0,51596.0,0.0,-0.565697,0.6572,TZA,DEU,21
21314046,226,61,112,1991.0,29218.0,0.0,-0.690473,-0.485153,TZA,DEU,21
21314047,226,61,112,2020.0,8108.0,0.0,-0.9549770000000001,0.366631,TZA,DEU,21
21314048,226,61,112,2003.0,68856.0,0.0,-1.064147,-0.120847,TZA,DEU,21
21314049,226,61,112,1995.0,0.0,14378.0,-1.1531200000000001,-0.726414,TZA,DEU,21
21314050,226,61,112,1967.0,24776.0,0.0,-1.126079,-0.851517,TZA,DEU,21
21314051,226,61,112,1999.0,8524.0,0.0,-0.9353469999999999,-0.181074,TZA,DEU,21
21314052,226,61,112,1996.0,1710.0,0.0,-1.186121,-0.6688390000000001,TZA,DEU,21
21314053,226,61,112,1992.0,26171.0,0.0,-1.139271,-0.8235379999999999,TZA,DEU,21
21314054,226,61,112,1993.0,10449.0,0.0,-1.143402,-0.8633379999999999,TZA,DEU,21
21314055,226,61,112,1965.0,131795.0,0.0,-1.171635,-0.8359559999999999,TZA,DEU,21
21314056,226,61,112,1966.0,171609.0,0.0,-1.134931,-0.84375,TZA,DEU,21
21314057,226,61,112,1970.0,33445.0,0.0,-1.401716,-0.9273040000000001,TZA,DEU,21
21314058,226,61,112,1974.0,31358.0,0.0,-0.81957,-0.810703,TZA,DEU,21
21314059,226,61,112,1984.0,0.0,2008.0,-1.1892200000000002,-0.810085,TZA,DEU,21
21314060,226,61,112,1986.0,10327.0,0.0,-1.267982,-0.897809,TZA,DEU,21
21314061,226,61,112,1989.0,1698.0,0.0,-1.192104,-0.8403149999999999,TZA,DEU,21
21314062,226,61,112,1987.0,3426.0,0.0,-1.14869,-0.693876,TZA,DEU,21
21314063,226,61,112,1994.0,18456.0,0.0,-1.021406,-0.607304,TZA,DEU,21
21314064,226,61,112,1968.0,9990.0,0.0,-1.2084840000000001,-0.893344,TZA,DEU,21
21314065,226,61,112,1969.0,58124.0,0.0,-1.306431,-0.908064,TZA,DEU,21
21314066,226,61,112,1973.0,57891.0,0.0,-1.145851,-0.8987809999999999,TZA,DEU,21
21314067,226,61,112,1971.0,58340.0,0.0,-1.246843,-0.9062180000000001,TZA,DEU,21
21314068,226,61,112,1972.0,167205.0,0.0,-1.227233,-0.947585,TZA,DEU,21
21314069,226,61,112,1983.0,5204.0,0.0,-1.2268540000000001,-0.898126,TZA,DEU,21
21314070,226,61,112,1979.0,1002.0,0.0,-1.270455,-0.8800610000000001,TZA,DEU,21
21314071,226,61,112,1981.0,4001.0,0.0,-1.346527,-0.921618,TZA,DEU,21
21314072,226,61,112,1978.0,3623.0,0.0,-1.3754620000000002,-0.8418770000000001,TZA,DEU,21
21314073,227,61,112,2019.0,28878.0,0.0,-0.585248,0.345394,UGA,DEU,21
21314074,227,61,112,2007.0,0.0,1454.0,-0.6812090000000001,0.06817000000000001,UGA,DEU,21
21314075,227,61,112,2012.0,2444.0,0.0,-0.492733,0.4513,UGA,DEU,21
21314076,227,61,112,2020.0,1508.0,0.0,-0.470767,0.474152,UGA,DEU,21
21314077,227,61,112,1998.0,5406.0,0.0,-1.069061,-1.0150569999999999,UGA,DEU,21
21314078,227,61,112,1994.0,11716.0,0.0,-1.284715,-0.943994,UGA,DEU,21
21314079,227,61,112,1974.0,15635.0,0.0,-1.138462,-0.879007,UGA,DEU,21
21314080,227,61,112,1965.0,88600.0,0.0,-1.1968,-0.682126,UGA,DEU,21
21314081,227,61,112,1966.0,184420.0,0.0,-1.535841,-0.7482770000000001,UGA,DEU,21
21314082,227,61,112,1967.0,66456.0,0.0,-1.3175299999999999,-0.761778,UGA,DEU,21
21314083,227,61,112,1968.0,26331.0,0.0,-1.381566,-0.770883,UGA,DEU,21
21314084,227,61,112,1973.0,17526.0,0.0,-1.415892,-0.947044,UGA,DEU,21
21314085,227,61,112,1969.0,20796.0,0.0,-1.382204,-0.9532649999999999,UGA,DEU,21
21314086,227,61,112,1971.0,16237.0,0.0,-1.491473,-0.924457,UGA,DEU,21
21314087,227,61,112,1972.0,22814.0,0.0,-1.44194,-0.9380700000000001,UGA,DEU,21
21314088,227,61,112,1979.0,1814.0,0.0,-1.616689,-0.764964,UGA,DEU,21
21314089,228,61,112,2009.0,0.0,2101518.0,0.505844,1.1205829999999999,UKR,DEU,21
21314090,228,61,112,2010.0,0.0,2321574.0,0.469426,1.1556629999999999,UKR,DEU,21
21314091,228,61,112,2011.0,1447.0,3925590.0,0.48387700000000006,1.0707659999999999,UKR,DEU,21
21314092,228,61,112,2012.0,0.0,3218009.0,0.533547,1.159378,UKR,DEU,21
21314093,228,61,112,2013.0,0.0,4903815.0,0.535571,1.026263,UKR,DEU,21
21314094,228,61,112,2014.0,0.0,4733336.0,0.505369,1.07634,UKR,DEU,21
21314095,228,61,112,2015.0,428576.0,1543334.0,0.271595,0.965569,UKR,DEU,21
21314096,228,61,112,2016.0,0.0,1882706.0,0.240605,0.827153,UKR,DEU,21
21314097,228,61,112,2017.0,0.0,2828189.0,0.34780900000000003,1.076817,UKR,DEU,21
21314098,228,61,112,2018.0,0.0,1810595.0,0.3281,1.0037459999999998,UKR,DEU,21
21314099,228,61,112,2019.0,0.0,79056.0,0.263437,0.690283,UKR,DEU,21
21314100,228,61,112,2000.0,594537.0,4300500.0,0.622654,1.191971,UKR,DEU,21
21314101,228,61,112,2001.0,1447158.0,7796651.0,0.642888,1.267971,UKR,DEU,21
21314102,228,61,112,2002.0,717738.0,5554226.0,0.575372,1.131722,UKR,DEU,21
21314103,228,61,112,2003.0,574849.0,6836726.0,0.7578739999999999,1.2267379999999999,UKR,DEU,21
21314104,228,61,112,2004.0,46625.0,5708744.0,0.672848,1.172735,UKR,DEU,21
21314105,228,61,112,2006.0,1281134.0,3861379.0,0.598325,1.225485,UKR,DEU,21
21314106,228,61,112,2007.0,0.0,5377015.0,0.607204,1.319608,UKR,DEU,21
21314107,228,61,112,2008.0,0.0,5116471.0,0.49950600000000006,1.152203,UKR,DEU,21
21314108,228,61,112,1996.0,1393284.0,2383037.0,0.7582479999999999,1.1207340000000001,UKR,DEU,21
21314109,228,61,112,1997.0,1140707.0,2473836.0,0.7384539999999999,1.096947,UKR,DEU,21
21314110,228,61,112,1998.0,416181.0,3685113.0,0.70233,1.078307,UKR,DEU,21
21314111,228,61,112,1999.0,150415.0,2012680.0,0.418679,1.190914,UKR,DEU,21
21314112,228,61,112,2005.0,57291.0,5180896.0,0.59719,1.061772,UKR,DEU,21
21314113,228,61,112,1995.0,1621545.0,2114372.0,0.246721,0.397825,UKR,DEU,21
21314114,228,61,112,1993.0,195696.0,292715.0,0.336604,0.14291500000000001,UKR,DEU,21
21314115,228,61,112,1994.0,757322.0,1504858.0,0.247786,0.164404,UKR,DEU,21
21314116,228,61,112,1992.0,688616.0,2068.0,0.375148,0.23747,UKR,DEU,21
21314117,230,61,112,1993.0,47741.0,96113.0,0.38029,0.565832,URY,DEU,21
21314118,230,61,112,1999.0,77898.0,75402.0,0.156799,0.548928,URY,DEU,21
21314119,230,61,112,2006.0,20821.0,637581.0,0.047764999999999995,0.23831100000000002,URY,DEU,21
21314120,230,61,112,2007.0,132497.0,1893640.0,0.138324,0.395436,URY,DEU,21
21314121,230,61,112,2009.0,132476.0,0.0,0.115835,0.032341,URY,DEU,21
21314122,230,61,112,2010.0,286154.0,431718.0,0.05979299999999999,0.116557,URY,DEU,21
21314123,230,61,112,2011.0,346750.0,235742.0,0.10006699999999999,0.199222,URY,DEU,21
21314124,230,61,112,2012.0,258540.0,389808.0,0.013581000000000001,0.047302,URY,DEU,21
21314125,230,61,112,2018.0,23179.0,13291.0,0.016527,-0.250715,URY,DEU,21
21314126,230,61,112,2003.0,71372.0,25992.0,0.07285599999999999,0.29223299999999997,URY,DEU,21
21314127,230,61,112,2008.0,70811.0,3395086.0,0.168969,0.310508,URY,DEU,21
21314128,230,61,112,2015.0,214256.0,0.0,0.11081400000000001,-0.131145,URY,DEU,21
21314129,230,61,112,2016.0,32998.0,0.0,0.040088,-0.27858499999999997,URY,DEU,21
21314130,230,61,112,2014.0,302131.0,32578.0,0.155247,-0.091751,URY,DEU,21
21314131,230,61,112,2002.0,102797.0,1848615.0,0.048498,0.118565,URY,DEU,21
21314132,230,61,112,2004.0,64039.0,54298.0,-0.051583000000000004,0.145056,URY,DEU,21
21314133,230,61,112,2005.0,36195.0,52658.0,0.133955,0.391302,URY,DEU,21
21314134,230,61,112,2013.0,560325.0,150323.0,0.128825,0.02334,URY,DEU,21
21314135,230,61,112,2019.0,0.0,7538.0,-0.002587,-0.3514,URY,DEU,21
21314136,230,61,112,1996.0,519038.0,198986.0,0.182427,0.689738,URY,DEU,21
21314137,230,61,112,1997.0,107241.0,34323.0,0.080024,0.669226,URY,DEU,21
21314138,230,61,112,1983.0,400044.0,212892.0,0.555573,0.62283,URY,DEU,21
21314139,230,61,112,1984.0,227310.0,253554.0,0.5847680000000001,0.599594,URY,DEU,21
21314140,230,61,112,1986.0,225253.0,268723.0,0.44854499999999997,0.582731,URY,DEU,21
21314141,230,61,112,1989.0,24240.0,6397.0,0.383362,0.832535,URY,DEU,21
21314142,230,61,112,1990.0,19955.0,6948.0,0.44617399999999996,0.789651,URY,DEU,21
21314143,230,61,112,1991.0,76774.0,99745.0,0.30588899999999997,0.6653859999999999,URY,DEU,21
21314144,230,61,112,1998.0,87855.0,88137.0,0.12551099999999998,0.704669,URY,DEU,21
21314145,230,61,112,2000.0,3922.0,0.0,0.18688,0.575136,URY,DEU,21
21314146,230,61,112,2001.0,240699.0,108378.0,0.192313,0.401841,URY,DEU,21
21314147,230,61,112,1995.0,30612.0,33831.0,0.33923400000000004,0.608226,URY,DEU,21
21314148,230,61,112,1988.0,90264.0,341095.0,0.268929,0.6550199999999999,URY,DEU,21
21314149,230,61,112,1987.0,307845.0,90225.0,0.530251,0.800033,URY,DEU,21
21314150,230,61,112,1992.0,543644.0,0.0,0.242758,0.711781,URY,DEU,21
21314151,230,61,112,1994.0,0.0,109528.0,0.46247200000000005,0.597146,URY,DEU,21
21314152,230,61,112,1985.0,378153.0,21611.0,0.6373949999999999,0.648215,URY,DEU,21
21314153,230,61,112,1963.0,1646257.0,0.0,-0.07517,-0.430054,URY,DEU,21
21314154,230,61,112,1964.0,1818523.0,0.0,0.26116500000000004,-0.271814,URY,DEU,21
21314155,230,61,112,1965.0,1335632.0,0.0,0.65384,0.084632,URY,DEU,21
21314156,230,61,112,1966.0,1601284.0,0.0,0.285868,-0.139794,URY,DEU,21
21314157,230,61,112,1967.0,823632.0,0.0,0.49441499999999994,-0.026923000000000002,URY,DEU,21
21314158,230,61,112,1968.0,974770.0,0.0,0.418634,-0.177045,URY,DEU,21
21314159,230,61,112,1969.0,1434971.0,0.0,0.326435,-0.13111199999999998,URY,DEU,21
21314160,230,61,112,1970.0,997011.0,0.0,0.059664999999999996,-0.27726,URY,DEU,21
21314161,230,61,112,1971.0,426519.0,0.0,0.24810300000000002,-0.16614600000000002,URY,DEU,21
21314162,230,61,112,1972.0,312308.0,0.0,0.43773100000000004,-0.212248,URY,DEU,21
21314163,230,61,112,1974.0,366096.0,0.0,0.396582,0.27266799999999997,URY,DEU,21
21314164,230,61,112,1975.0,460978.0,0.0,0.430345,0.060844,URY,DEU,21
21314165,230,61,112,1962.0,1952374.0,0.0,0.10603199999999999,-0.316738,URY,DEU,21
21314166,230,61,112,1973.0,273268.0,0.0,0.169191,-0.378741,URY,DEU,21
21314167,230,61,112,1978.0,500488.0,0.0,0.5908,0.269518,URY,DEU,21
21314168,230,61,112,1979.0,1188055.0,481657.0,0.584521,0.476839,URY,DEU,21
21314169,230,61,112,1980.0,1560670.0,138000.0,0.708743,0.74807,URY,DEU,21
21314170,230,61,112,1981.0,1126521.0,963968.0,0.634564,0.616086,URY,DEU,21
21314171,230,61,112,1982.0,437446.0,34000.0,0.7262310000000001,0.712465,URY,DEU,21
21314172,231,61,112,1990.0,8729616.0,417070.0,1.537887,1.72997,USA,DEU,21
21314173,231,61,112,1991.0,10209699.0,2145294.0,1.6767419999999997,1.511651,USA,DEU,21
21314174,231,61,112,1992.0,9692737.0,210557.0,1.660693,1.289752,USA,DEU,21
21314175,231,61,112,1993.0,7689825.0,132585.0,1.7574319999999999,1.02585,USA,DEU,21
21314176,231,61,112,1994.0,8129047.0,464266.0,1.835279,0.860557,USA,DEU,21
21314177,231,61,112,1995.0,6533741.0,3344176.0,1.798775,0.910509,USA,DEU,21
21314178,231,61,112,1996.0,11604879.0,1938291.0,1.742391,1.003066,USA,DEU,21
21314179,231,61,112,1997.0,12373777.0,932824.0,1.875847,0.46257299999999996,USA,DEU,21
21314180,231,61,112,1999.0,8479341.0,463683.0,1.896707,0.37156,USA,DEU,21
21314181,231,61,112,2000.0,8248490.0,1110144.0,1.9869709999999998,0.021666,USA,DEU,21
21314182,231,61,112,2001.0,11585292.0,652420.0,1.96615,-0.12332699999999999,USA,DEU,21
21314183,231,61,112,2002.0,17621141.0,847276.0,1.853174,0.120986,USA,DEU,21
21314184,231,61,112,2003.0,19028737.0,671098.0,1.8209830000000002,0.085073,USA,DEU,21
21314185,231,61,112,2005.0,9121239.0,464731.0,1.7455470000000002,-0.418916,USA,DEU,21
21314186,231,61,112,2006.0,15476447.0,791176.0,1.616918,-0.429924,USA,DEU,21
21314187,231,61,112,2007.0,19201993.0,2039903.0,1.507629,-0.068172,USA,DEU,21
21314188,231,61,112,2008.0,25975360.0,1322535.0,1.494243,-0.340183,USA,DEU,21
21314189,231,61,112,2009.0,9020986.0,1368702.0,1.4675049999999998,-0.26011100000000004,USA,DEU,21
21314190,231,61,112,2010.0,14538131.0,1861476.0,1.564858,-0.667927,USA,DEU,21
21314191,231,61,112,2011.0,23831090.0,2236645.0,1.568274,-0.657708,USA,DEU,21
21314192,231,61,112,2012.0,14971443.0,347434.0,1.51134,-0.637794,USA,DEU,21
21314193,231,61,112,2013.0,29260134.0,3493324.0,1.612058,-0.8592989999999999,USA,DEU,21
21314194,231,61,112,2014.0,26948866.0,15051236.0,1.569577,-0.293173,USA,DEU,21
21314195,231,61,112,2015.0,11865591.0,12257217.0,1.721982,-0.516554,USA,DEU,21
21314196,231,61,112,2016.0,18471988.0,7836230.0,1.6991900000000002,-0.146044,USA,DEU,21
21314197,231,61,112,2017.0,17995414.0,6271484.0,1.536355,0.23775100000000002,USA,DEU,21
21314198,231,61,112,2018.0,18951572.0,4599.0,1.5527739999999999,0.288577,USA,DEU,21
21314199,231,61,112,2019.0,23526578.0,0.0,1.5760809999999998,0.19685,USA,DEU,21
21314200,231,61,112,2020.0,18426198.0,141933.0,1.4725629999999998,0.43318599999999996,USA,DEU,21
21314201,231,61,112,1998.0,15652271.0,519174.0,1.9350779999999999,0.29075100000000004,USA,DEU,21
21314202,231,61,112,2004.0,14426792.0,62830.0,1.818327,-0.17913900000000002,USA,DEU,21
21314203,231,61,112,1964.0,21571674.0,1984446.0,2.039541,1.8314990000000002,USA,DEU,21
21314204,231,61,112,1962.0,12756308.0,2020431.0,2.072395,1.7205400000000002,USA,DEU,21
21314205,231,61,112,1963.0,12304382.0,2021966.0,2.0341259999999997,1.416706,USA,DEU,21
21314206,231,61,112,1969.0,26191448.0,905929.0,1.9097669999999998,1.7483990000000003,USA,DEU,21
21314207,231,61,112,1972.0,23637386.0,816372.0,1.86454,1.841334,USA,DEU,21
21314208,231,61,112,1974.0,38806421.0,4023174.0,1.5575430000000001,0.946348,USA,DEU,21
21314209,231,61,112,1983.0,48424880.0,923752.0,1.500082,1.557107,USA,DEU,21
21314210,231,61,112,1965.0,25296269.0,1521924.0,2.066792,1.7441380000000002,USA,DEU,21
21314211,231,61,112,1966.0,27158116.0,1527062.0,2.018157,1.481471,USA,DEU,21
21314212,231,61,112,1967.0,18564187.0,917447.0,1.9634919999999998,1.826548,USA,DEU,21
21314213,231,61,112,1968.0,21380831.0,1077419.0,1.9577650000000002,1.500362,USA,DEU,21
21314214,231,61,112,1970.0,21533873.0,612396.0,1.792584,2.206141,USA,DEU,21
21314215,231,61,112,1971.0,19349574.0,534413.0,1.873357,1.848336,USA,DEU,21
21314216,231,61,112,1973.0,31752572.0,1310027.0,1.7948419999999998,2.026,USA,DEU,21
21314217,231,61,112,1975.0,33097459.0,1569164.0,1.626922,1.162917,USA,DEU,21
21314218,231,61,112,1978.0,53263073.0,1771132.0,1.610269,1.603343,USA,DEU,21
21314219,231,61,112,1979.0,89349707.0,2482414.0,1.539367,1.481471,USA,DEU,21
21314220,231,61,112,1982.0,60286047.0,1424760.0,1.496936,1.2591780000000001,USA,DEU,21
21314221,231,61,112,1985.0,36469694.0,926721.0,1.6386479999999999,1.518913,USA,DEU,21
21314222,231,61,112,1986.0,41127252.0,1967500.0,1.472246,1.942236,USA,DEU,21
21314223,231,61,112,1987.0,50291298.0,1292163.0,1.504178,1.820397,USA,DEU,21
21314224,231,61,112,1989.0,15596845.0,895543.0,1.4548530000000002,1.7360209999999998,USA,DEU,21
21314225,231,61,112,1980.0,99229496.0,1761581.0,1.4422549999999998,0.744779,USA,DEU,21
21314226,231,61,112,1984.0,50125151.0,873567.0,1.476898,1.614897,USA,DEU,21
21314227,231,61,112,1988.0,29920555.0,2434737.0,1.303966,1.922435,USA,DEU,21
21314228,231,61,112,1981.0,67635924.0,2353549.0,1.47046,0.8942190000000001,USA,DEU,21
21314229,231,61,112,1976.0,49753080.0,1273322.0,1.6694509999999998,0.32833,USA,DEU,21
21314230,231,61,112,1977.0,61145029.0,1555122.0,1.483956,-0.040362,USA,DEU,21
21314231,232,61,112,2010.0,0.0,25280.0,-0.497721,-0.591146,UZB,DEU,21
21314232,232,61,112,2006.0,252476.0,0.0,-0.508594,-0.7682720000000001,UZB,DEU,21
21314233,232,61,112,2001.0,0.0,9000.0,-0.395015,-0.7717649999999999,UZB,DEU,21
21314234,232,61,112,1996.0,79168.0,0.0,-0.139651,-0.670652,UZB,DEU,21
21314235,232,61,112,1993.0,3693.0,0.0,-0.407514,-0.991858,UZB,DEU,21
21314236,236,61,112,2000.0,36440.0,0.0,-0.12500999999999998,-0.8610610000000001,VEN,DEU,21
21314237,236,61,112,2009.0,240878.0,0.0,-0.834899,-1.136707,VEN,DEU,21
21314238,236,61,112,2011.0,676958.0,0.0,-1.6447669999999999,-1.176749,VEN,DEU,21
21314239,236,61,112,2012.0,1012180.0,81387.0,-1.6796689999999999,-1.168002,VEN,DEU,21
21314240,236,61,112,2013.0,598436.0,0.0,-1.281202,-1.094268,VEN,DEU,21
21314241,236,61,112,2014.0,2057956.0,0.0,-1.1668459999999998,-1.134262,VEN,DEU,21
21314242,236,61,112,2015.0,1028032.0,0.0,-1.335158,-1.261161,VEN,DEU,21
21314243,236,61,112,2017.0,968086.0,0.0,-1.191942,-1.245689,VEN,DEU,21
21314244,236,61,112,1998.0,106487.0,0.0,0.045495999999999995,-0.5727760000000001,VEN,DEU,21
21314245,236,61,112,2001.0,0.0,17583.0,-0.013877,-0.8582690000000001,VEN,DEU,21
21314246,236,61,112,2010.0,437068.0,0.0,-1.2999209999999999,-1.196332,VEN,DEU,21
21314247,236,61,112,2016.0,464470.0,0.0,-1.2837120000000002,-1.2503879999999998,VEN,DEU,21
21314248,236,61,112,2018.0,1677552.0,0.0,-1.180083,-1.23326,VEN,DEU,21
21314249,236,61,112,2019.0,384032.0,0.0,-1.432195,-1.297239,VEN,DEU,21
21314250,236,61,112,2020.0,352565.0,0.0,-1.373512,-1.2886440000000001,VEN,DEU,21
21314251,236,61,112,1973.0,118452.0,0.0,-0.985057,-0.59819,VEN,DEU,21
21314252,236,61,112,1974.0,47928.0,0.0,-1.086871,-0.440258,VEN,DEU,21
21314253,236,61,112,1963.0,46627.0,0.0,-0.411376,-0.31926,VEN,DEU,21
21314254,236,61,112,1971.0,51467.0,0.0,-0.9655290000000001,-0.651151,VEN,DEU,21
21314255,236,61,112,1972.0,185594.0,0.0,-1.005675,-0.624402,VEN,DEU,21
21314256,236,61,112,1975.0,152961.0,0.0,-1.8247490000000002,-0.5920310000000001,VEN,DEU,21
21314257,236,61,112,1991.0,99136.0,0.0,0.26127100000000003,-0.533752,VEN,DEU,21
21314258,236,61,112,1992.0,0.0,7435.0,-0.106385,-0.65975,VEN,DEU,21
21314259,236,61,112,1993.0,134466.0,0.0,-0.13730599999999998,-0.671726,VEN,DEU,21
21314260,236,61,112,1994.0,22301.0,0.0,0.04754,-0.6419159999999999,VEN,DEU,21
21314261,236,61,112,1969.0,0.0,1066.0,-0.559696,-0.497251,VEN,DEU,21
21314262,236,61,112,1977.0,27890.0,0.0,-1.027091,-0.485311,VEN,DEU,21
21314263,236,61,112,1978.0,336553.0,0.0,-0.393559,-0.642992,VEN,DEU,21
21314264,236,61,112,1987.0,0.0,245036.0,0.30843000000000004,-0.623317,VEN,DEU,21
21314265,236,61,112,1970.0,56651.0,0.0,-0.850909,-0.580477,VEN,DEU,21
21314266,236,61,112,1976.0,45179.0,0.0,-1.1656549999999999,-0.47540600000000005,VEN,DEU,21
21314267,236,61,112,1979.0,317567.0,0.0,-0.387356,-0.624206,VEN,DEU,21
21314268,239,61,112,2000.0,1430328.0,88739.0,-0.589009,0.518708,VNM,DEU,21
21314269,239,61,112,2001.0,216183.0,2154.0,-0.533978,0.503988,VNM,DEU,21
21314270,239,61,112,2002.0,436308.0,0.0,-0.44170699999999996,0.544708,VNM,DEU,21
21314271,239,61,112,2008.0,5179548.0,203679.0,-0.04149,1.043877,VNM,DEU,21
21314272,239,61,112,2010.0,2528688.0,270673.0,-0.096135,1.263142,VNM,DEU,21
21314273,239,61,112,2015.0,4305244.0,652161.0,-0.055202,0.807679,VNM,DEU,21
21314274,239,61,112,2016.0,2946560.0,44796.0,0.048214,0.6998810000000001,VNM,DEU,21
21314275,239,61,112,2018.0,1338696.0,21499.0,0.111848,0.915842,VNM,DEU,21
21314276,239,61,112,2019.0,7216186.0,18193.0,0.04444,0.8275049999999999,VNM,DEU,21
21314277,239,61,112,2013.0,3270430.0,1337018.0,0.009264,1.182368,VNM,DEU,21
21314278,239,61,112,2009.0,1610068.0,625892.0,-0.107678,0.824392,VNM,DEU,21
21314279,239,61,112,2011.0,4507594.0,317200.0,0.056153999999999996,1.242208,VNM,DEU,21
21314280,239,61,112,2005.0,2520114.0,92363.0,-0.49631499999999995,0.591896,VNM,DEU,21
21314281,239,61,112,2014.0,5757010.0,668458.0,0.135762,1.182052,VNM,DEU,21
21314282,239,61,112,2017.0,1273023.0,30764.0,-0.006548999999999999,0.7030420000000001,VNM,DEU,21
21314283,239,61,112,2012.0,2918012.0,1046137.0,0.0755,1.008183,VNM,DEU,21
21314284,239,61,112,2020.0,7954507.0,4845.0,0.176235,0.640389,VNM,DEU,21
21314285,239,61,112,2003.0,339400.0,13417.0,-0.5902930000000001,0.6113689999999999,VNM,DEU,21
21314286,239,61,112,2007.0,5007133.0,80920.0,-0.102532,1.0221870000000002,VNM,DEU,21
21314287,239,61,112,2004.0,1622777.0,0.0,-0.46875500000000003,0.734412,VNM,DEU,21
21314288,239,61,112,2006.0,2793389.0,284468.0,-0.089404,0.986066,VNM,DEU,21
21314289,239,61,112,1998.0,0.0,507829.0,-0.794171,0.000363,VNM,DEU,21
21314290,239,61,112,1995.0,0.0,69697.0,-0.9181549999999999,-0.320731,VNM,DEU,21
21314291,239,61,112,1996.0,0.0,1218726.0,-0.8099569999999999,-0.032258999999999996,VNM,DEU,21
21314292,239,61,112,1997.0,0.0,2528708.0,-0.67516,0.251436,VNM,DEU,21
21314293,239,61,112,1966.0,3635.0,0.0,0.059797,-0.37951799999999997,VNM,DEU,21
21314294,239,61,112,1980.0,70854.0,0.0,-0.33503,-0.643429,VNM,DEU,21
21314295,239,61,112,1994.0,0.0,36477.0,-0.9755010000000001,-0.245693,VNM,DEU,21
21314296,239,61,112,1979.0,20451.0,0.0,-0.278161,-0.46456099999999995,VNM,DEU,21
21314297,239,61,112,1984.0,90833.0,0.0,-0.672458,-0.631891,VNM,DEU,21
21314298,239,61,112,1981.0,25225.0,0.0,-0.314609,-0.600438,VNM,DEU,21
21314299,239,61,112,1982.0,13666.0,0.0,-0.661026,-0.7387779999999999,VNM,DEU,21
21314300,239,61,112,1983.0,35835.0,0.0,-0.846917,-0.7407239999999999,VNM,DEU,21
21314301,239,61,112,1978.0,52909.0,0.0,-0.37514400000000003,-0.609406,VNM,DEU,21
21314302,243,61,112,2012.0,2375.0,0.0,-1.180884,-1.22621,YEM,DEU,21
21314303,243,61,112,1975.0,101330.0,0.0,-0.137916,-0.540632,YEM,DEU,21
21314304,243,61,112,1976.0,184196.0,0.0,0.05595,-0.37900500000000004,YEM,DEU,21
21314305,243,61,112,1979.0,89061.0,193680.0,0.07904299999999999,-0.287341,YEM,DEU,21
21314306,243,61,112,2002.0,4223.0,0.0,-1.447637,-1.289748,YEM,DEU,21
21314307,243,61,112,2003.0,13250.0,0.0,-1.524805,-1.3379020000000001,YEM,DEU,21
21314308,243,61,112,1970.0,4544.0,0.0,-1.090508,-0.78888,YEM,DEU,21
21314309,243,61,112,1973.0,29184.0,0.0,0.021231,-0.491838,YEM,DEU,21
21314310,243,61,112,1989.0,626.0,0.0,-0.8201200000000001,-0.9472940000000001,YEM,DEU,21
21314311,243,61,112,1966.0,20911.0,0.0,-1.1421270000000001,-0.612783,YEM,DEU,21
21314312,243,61,112,1972.0,20414.0,0.0,-0.553762,-0.6527609999999999,YEM,DEU,21
21314313,243,61,112,1971.0,12748.0,0.0,-1.2022329999999999,-0.832217,YEM,DEU,21
21314314,243,61,112,1974.0,69773.0,0.0,-0.253687,-0.6647649999999999,YEM,DEU,21
21314315,244,61,112,1969.0,5617.0,0.0,-0.788668,-0.654939,YMD,DEU,21
21314316,244,61,112,1979.0,10088.0,0.0,-0.328288,-0.539565,YMD,DEU,21
21314317,244,61,112,1963.0,37531.0,0.0,-0.653795,-0.570244,YMD,DEU,21
21314318,244,61,112,1964.0,77951.0,0.0,-0.682629,-0.5825600000000001,YMD,DEU,21
21314319,244,61,112,1965.0,78073.0,0.0,-0.36344899999999997,-0.510121,YMD,DEU,21
21314320,244,61,112,1966.0,60160.0,0.0,-0.620889,-0.678404,YMD,DEU,21
21314321,244,61,112,1967.0,1928.0,0.0,-0.76727,-0.60338,YMD,DEU,21
21314322,244,61,112,1975.0,44471.0,0.0,-1.26899,-0.486752,YMD,DEU,21
21314323,244,61,112,1978.0,26601.0,0.0,0.9267,1.226961,YMD,DEU,21
21314324,244,61,112,1962.0,62785.0,0.0,-0.662876,-0.585045,YMD,DEU,21
21314325,245,61,112,1989.0,380543.0,2995533.0,1.039279,2.368432,YUG,DEU,21
21314326,245,61,112,1990.0,1024449.0,3232935.0,1.113732,2.405979,YUG,DEU,21
21314327,245,61,112,1974.0,454484.0,2010511.0,0.915594,2.630796,YUG,DEU,21
21314328,245,61,112,1975.0,322302.0,2179224.0,0.9792639999999999,2.488069,YUG,DEU,21
21314329,245,61,112,1988.0,53605.0,4724381.0,1.174104,2.284472,YUG,DEU,21
21314330,245,61,112,1973.0,915335.0,2135442.0,1.034921,2.6463349999999997,YUG,DEU,21
21314331,245,61,112,1985.0,23720.0,5311787.0,1.261052,2.157196,YUG,DEU,21
21314332,245,61,112,1972.0,677647.0,1842573.0,1.072339,2.4323900000000003,YUG,DEU,21
21314333,245,61,112,1978.0,469526.0,4466236.0,1.204844,2.432863,YUG,DEU,21
21314334,245,61,112,1979.0,324806.0,7277224.0,1.22966,2.556333,YUG,DEU,21
21314335,245,61,112,1980.0,267441.0,10135509.0,1.197748,1.9993310000000002,YUG,DEU,21
21314336,245,61,112,1981.0,184538.0,5817350.0,1.19791,1.757895,YUG,DEU,21
21314337,245,61,112,1970.0,238592.0,1124469.0,0.9660989999999999,2.360806,YUG,DEU,21
21314338,245,61,112,1991.0,590435.0,1018831.0,1.052453,2.3616479999999997,YUG,DEU,21
21314339,245,61,112,1966.0,86084.0,139923.0,1.107027,2.3320939999999997,YUG,DEU,21
21314340,245,61,112,1967.0,160827.0,710009.0,1.064486,2.0954919999999997,YUG,DEU,21
21314341,245,61,112,1968.0,731285.0,1462301.0,1.0230700000000001,2.3184560000000003,YUG,DEU,21
21314342,245,61,112,1969.0,753910.0,1253624.0,1.047799,2.2268790000000003,YUG,DEU,21
21314343,245,61,112,1971.0,422599.0,932312.0,1.106614,2.43735,YUG,DEU,21
21314344,245,61,112,1965.0,98872.0,41210.0,1.151327,2.068253,YUG,DEU,21
21314345,245,61,112,1962.0,97315.0,46252.0,1.16536,2.244831,YUG,DEU,21
21314346,245,61,112,1964.0,68244.0,3008.0,1.156097,2.14265,YUG,DEU,21
21314347,245,61,112,1963.0,75359.0,21293.0,1.0925049999999998,2.3452900000000003,YUG,DEU,21
21314348,245,61,112,1986.0,77058.0,5526883.0,1.03372,2.567397,YUG,DEU,21
21314349,245,61,112,1987.0,9057.0,6134870.0,0.992936,2.4820580000000003,YUG,DEU,21
21314350,245,61,112,1982.0,22984.0,6101940.0,1.2934940000000001,1.9006060000000002,YUG,DEU,21
21314351,245,61,112,1983.0,69778.0,7030890.0,1.244169,2.0957619999999997,YUG,DEU,21
21314352,245,61,112,1984.0,158149.0,5591972.0,1.315993,2.0474330000000003,YUG,DEU,21
21314353,245,61,112,1976.0,851921.0,4310614.0,1.004697,2.4051080000000002,YUG,DEU,21
21314354,245,61,112,1977.0,264464.0,7340038.0,1.089936,2.216946,YUG,DEU,21
21314355,246,61,112,2008.0,221887.0,0.0,0.133055,1.349216,ZAF,DEU,21
21314356,246,61,112,2009.0,181299.0,0.0,0.12679200000000002,1.8165349999999998,ZAF,DEU,21
21314357,246,61,112,2004.0,829302.0,0.0,0.29599699999999995,1.909018,ZAF,DEU,21
21314358,246,61,112,2010.0,265334.0,0.0,0.153813,1.626072,ZAF,DEU,21
21314359,246,61,112,2011.0,738038.0,0.0,-0.041062,1.647892,ZAF,DEU,21
21314360,246,61,112,2012.0,1118001.0,2984.0,0.06510099999999999,1.748521,ZAF,DEU,21
21314361,246,61,112,2018.0,223795.0,2501.0,-0.053311000000000004,1.45561,ZAF,DEU,21
21314362,246,61,112,2019.0,78805.0,0.0,0.009188,1.1810610000000001,ZAF,DEU,21
21314363,246,61,112,2020.0,128917.0,0.0,-0.147146,0.8898459999999999,ZAF,DEU,21
21314364,246,61,112,2005.0,459618.0,4232.0,0.24420100000000003,1.7617349999999998,ZAF,DEU,21
21314365,246,61,112,2017.0,286181.0,4821.0,-0.048668,1.283483,ZAF,DEU,21
21314366,246,61,112,1997.0,3105036.0,150427.0,0.29381199999999996,1.276557,ZAF,DEU,21
21314367,246,61,112,2002.0,326564.0,500341.0,0.32760500000000004,2.497746,ZAF,DEU,21
21314368,246,61,112,2003.0,282167.0,32786.0,0.368016,2.295644,ZAF,DEU,21
21314369,246,61,112,2014.0,2911537.0,0.0,0.156414,1.873848,ZAF,DEU,21
21314370,246,61,112,2015.0,1722808.0,8160.0,0.093921,1.7627400000000002,ZAF,DEU,21
21314371,246,61,112,2013.0,2278976.0,0.0,0.11624100000000001,1.574591,ZAF,DEU,21
21314372,246,61,112,2016.0,768848.0,0.0,-0.029618000000000002,1.426834,ZAF,DEU,21
21314373,246,61,112,2001.0,616252.0,1633600.0,0.249833,2.1142950000000003,ZAF,DEU,21
21314374,246,61,112,1996.0,2442310.0,372226.0,0.277171,1.489549,ZAF,DEU,21
21314375,246,61,112,1975.0,74248449.0,26229.0,-0.204077,0.21280900000000003,ZAF,DEU,21
21314376,246,61,112,1995.0,1941868.0,31513.0,0.30523,1.249918,ZAF,DEU,21
21314377,246,61,112,2007.0,569599.0,2867.0,0.10604200000000001,1.282859,ZAF,DEU,21
21314378,246,61,112,2006.0,318959.0,1177.0,0.18317,1.675934,ZAF,DEU,21
21314379,246,61,112,1994.0,2533474.0,217627.0,0.281213,1.268048,ZAF,DEU,21
21314380,246,61,112,1974.0,60604222.0,10516.0,-0.102042,0.454016,ZAF,DEU,21
21314381,246,61,112,1992.0,4866904.0,23320.0,0.236335,1.415622,ZAF,DEU,21
21314382,246,61,112,1993.0,2736977.0,25366.0,0.269296,1.202022,ZAF,DEU,21
21314383,246,61,112,1962.0,11680325.0,36181.0,-0.251436,-0.397173,ZAF,DEU,21
21314384,246,61,112,1969.0,28701887.0,45685.0,-0.40555399999999997,-0.441754,ZAF,DEU,21
21314385,246,61,112,1970.0,29572418.0,39422.0,-0.29643400000000003,-0.174902,ZAF,DEU,21
21314386,246,61,112,1971.0,40092335.0,13047.0,-0.285408,-0.146573,ZAF,DEU,21
21314387,246,61,112,1972.0,43535006.0,29072.0,-0.204493,-0.072782,ZAF,DEU,21
21314388,246,61,112,1973.0,53636259.0,52775.0,-0.349024,-0.13178399999999998,ZAF,DEU,21
21314389,246,61,112,1998.0,4471129.0,13307.0,0.344798,1.580124,ZAF,DEU,21
21314390,246,61,112,1999.0,1459586.0,62486.0,0.23824,1.711371,ZAF,DEU,21
21314391,246,61,112,2000.0,879197.0,116821.0,0.304739,2.2212709999999998,ZAF,DEU,21
21314392,246,61,112,1990.0,7498110.0,0.0,0.026262999999999998,0.547303,ZAF,DEU,21
21314393,246,61,112,1979.0,64207635.0,8881.0,-0.021409,0.761867,ZAF,DEU,21
21314394,246,61,112,1968.0,20647875.0,31244.0,-0.397811,-0.621199,ZAF,DEU,21
21314395,246,61,112,1982.0,15474924.0,20663.0,0.13367,0.832198,ZAF,DEU,21
21314396,246,61,112,1963.0,14201041.0,35980.0,-0.352962,-0.444208,ZAF,DEU,21
21314397,246,61,112,1964.0,15149559.0,39657.0,-0.31401599999999996,-0.400542,ZAF,DEU,21
21314398,246,61,112,1965.0,18449069.0,37214.0,-0.369921,-0.421292,ZAF,DEU,21
21314399,246,61,112,1966.0,19126635.0,27557.0,-0.28327600000000003,-0.44107799999999997,ZAF,DEU,21
21314400,246,61,112,1967.0,16289722.0,62761.0,-0.27574899999999997,-0.416142,ZAF,DEU,21
21314401,246,61,112,1981.0,26951301.0,32837.0,0.066643,0.8288409999999999,ZAF,DEU,21
21314402,246,61,112,1983.0,13447748.0,25471.0,0.001582,0.681299,ZAF,DEU,21
21314403,246,61,112,1980.0,61276424.0,988.0,0.031020999999999996,0.60774,ZAF,DEU,21
21314404,246,61,112,1991.0,5587867.0,46594.0,0.170166,0.599709,ZAF,DEU,21
21314405,246,61,112,1976.0,83667135.0,0.0,-0.003403,0.428487,ZAF,DEU,21
21314406,246,61,112,1977.0,66370331.0,76703.0,0.14260499999999998,0.5314989999999999,ZAF,DEU,21
21314407,246,61,112,1978.0,54651038.0,29350.0,0.07108099999999999,0.441457,ZAF,DEU,21
21314408,246,61,112,1984.0,11032426.0,0.0,0.200321,0.8715620000000001,ZAF,DEU,21
21314409,246,61,112,1985.0,12226624.0,0.0,0.097264,0.7663409999999999,ZAF,DEU,21
21314410,246,61,112,1986.0,9457488.0,6065.0,-0.183157,0.5836020000000001,ZAF,DEU,21
21314411,246,61,112,1987.0,12116572.0,6113.0,-0.12222899999999999,0.46593599999999996,ZAF,DEU,21
21314412,246,61,112,1988.0,9477558.0,6047.0,-0.14610499999999998,0.304117,ZAF,DEU,21
21314413,246,61,112,1989.0,5933614.0,37550.0,-0.064276,0.17919100000000002,ZAF,DEU,21
21314414,247,61,112,1995.0,17655.0,0.0,-0.6006279999999999,-0.874459,ZMB,DEU,21
21314415,247,61,112,1997.0,21882.0,0.0,-0.8659309999999999,-0.88536,ZMB,DEU,21
21314416,247,61,112,1998.0,13106.0,0.0,-0.5521010000000001,-0.525964,ZMB,DEU,21
21314417,247,61,112,2004.0,37007.0,0.0,-0.8752479999999999,-0.784285,ZMB,DEU,21
21314418,247,61,112,2007.0,2976.0,0.0,-0.495042,-0.8452360000000001,ZMB,DEU,21
21314419,247,61,112,2008.0,3754.0,0.0,-0.873492,-1.062296,ZMB,DEU,21
21314420,247,61,112,2009.0,2526.0,0.0,-0.911732,-0.905381,ZMB,DEU,21
21314421,247,61,112,2010.0,3549.0,0.0,-0.786367,-0.900474,ZMB,DEU,21
21314422,247,61,112,2011.0,10609.0,0.0,-0.746313,-0.92795,ZMB,DEU,21
21314423,247,61,112,2012.0,6598.0,0.0,-0.356518,-0.71057,ZMB,DEU,21
21314424,247,61,112,2013.0,1610.0,0.0,-0.293192,-0.42930100000000004,ZMB,DEU,21
21314425,247,61,112,2016.0,1360.0,0.0,-0.9308350000000001,-1.029968,ZMB,DEU,21
21314426,247,61,112,2017.0,2444.0,0.0,-0.763066,-0.9292530000000001,ZMB,DEU,21
21314427,247,61,112,2019.0,3048.0,0.0,-0.7991229999999999,-0.895366,ZMB,DEU,21
21314428,247,61,112,2020.0,4761.0,0.0,-0.8602989999999999,-1.028314,ZMB,DEU,21
21314429,247,61,112,1996.0,32137.0,0.0,-0.58634,-0.796772,ZMB,DEU,21
21314430,247,61,112,2006.0,1629.0,0.0,-0.8819040000000001,-0.990542,ZMB,DEU,21
21314431,247,61,112,1971.0,22093.0,0.0,-0.8803290000000001,-0.7895399999999999,ZMB,DEU,21
21314432,247,61,112,1977.0,2889.0,0.0,-0.22804499999999997,-0.614408,ZMB,DEU,21
21314433,247,61,112,1978.0,7974.0,0.0,-0.238686,-0.671235,ZMB,DEU,21
21314434,247,61,112,1974.0,1624.0,0.0,-0.23332199999999997,-0.612576,ZMB,DEU,21
21314435,247,61,112,1973.0,28180.0,0.0,-0.725982,-0.761084,ZMB,DEU,21
21314436,247,61,112,1975.0,8099.0,0.0,-0.37251300000000004,-0.572235,ZMB,DEU,21
21314437,247,61,112,1966.0,28847.0,0.0,-0.44382299999999997,-0.518706,ZMB,DEU,21
21314438,247,61,112,1972.0,3007.0,0.0,-0.713075,-0.756015,ZMB,DEU,21
21314439,247,61,112,1968.0,11713.0,0.0,-0.811549,-0.6721600000000001,ZMB,DEU,21
21314440,247,61,112,1979.0,4024.0,0.0,-0.419843,-0.6678729999999999,ZMB,DEU,21
21314441,247,61,112,1969.0,16093.0,0.0,-1.072877,-0.722125,ZMB,DEU,21
21314442,247,61,112,1965.0,11707.0,0.0,-0.8071689999999999,-0.574317,ZMB,DEU,21
21314443,247,61,112,1967.0,1212.0,0.0,-0.6833279999999999,-0.671985,ZMB,DEU,21
21314444,247,61,112,1988.0,2131.0,0.0,-0.5918140000000001,-0.922213,ZMB,DEU,21
21314445,248,61,112,2007.0,52119.0,0.0,-0.39417800000000003,-0.282351,ZWE,DEU,21
21314446,248,61,112,2010.0,78966.0,0.0,-0.767483,-0.670297,ZWE,DEU,21
21314447,248,61,112,2013.0,192056.0,0.0,-0.841968,-0.898121,ZWE,DEU,21
21314448,248,61,112,2009.0,39140.0,0.0,-0.628495,-0.501687,ZWE,DEU,21
21314449,248,61,112,2011.0,445430.0,0.0,-0.719587,-0.8101510000000001,ZWE,DEU,21
21314450,248,61,112,2012.0,287251.0,0.0,-0.812796,-0.747908,ZWE,DEU,21
21314451,248,61,112,1984.0,12214.0,0.0,0.103842,0.073048,ZWE,DEU,21
21314452,248,61,112,1985.0,13328.0,0.0,0.064484,0.098415,ZWE,DEU,21
21314453,248,61,112,1986.0,5906.0,0.0,-0.20153800000000002,-0.153358,ZWE,DEU,21
21314454,248,61,112,1992.0,13090.0,45663.0,-0.11168099999999999,0.143612,ZWE,DEU,21
21314455,248,61,112,1993.0,11408.0,141494.0,-0.140943,0.5122760000000001,ZWE,DEU,21
21314456,248,61,112,1994.0,9762.0,0.0,-0.382292,0.326316,ZWE,DEU,21
21314457,248,61,112,2000.0,1802.0,0.0,-0.43871899999999997,0.491989,ZWE,DEU,21
21314458,248,61,112,2002.0,3456.0,0.0,-0.36033000000000004,0.452182,ZWE,DEU,21
21314459,248,61,112,2004.0,44692.0,0.0,-0.44064799999999993,0.01704,ZWE,DEU,21
21314460,248,61,112,2005.0,8546.0,0.0,-0.45493199999999995,-0.028454000000000004,ZWE,DEU,21
21314461,248,61,112,2006.0,65008.0,0.0,-0.354477,-0.273037,ZWE,DEU,21
21314462,248,61,112,1990.0,23469.0,0.0,-0.10928900000000001,-0.068155,ZWE,DEU,21
21314463,248,61,112,1991.0,17164.0,0.0,-0.074879,-0.009847,ZWE,DEU,21
21314464,248,61,112,2008.0,110509.0,0.0,-0.428246,-0.47492,ZWE,DEU,21
21314465,248,61,112,2014.0,268022.0,0.0,-0.732781,-0.875713,ZWE,DEU,21
21314466,248,61,112,2015.0,246457.0,0.0,-0.8370860000000001,-0.974066,ZWE,DEU,21
21314467,248,61,112,2019.0,24843.0,0.0,-0.904069,-1.024506,ZWE,DEU,21
21314468,248,61,112,2017.0,417914.0,0.0,-1.101034,-1.107705,ZWE,DEU,21
21314469,248,61,112,2001.0,6888.0,0.0,-0.663155,-0.212796,ZWE,DEU,21
21314470,248,61,112,2016.0,1487659.0,0.0,-0.960175,-1.004593,ZWE,DEU,21
21314471,248,61,112,2018.0,278360.0,0.0,-1.071621,-1.112033,ZWE,DEU,21
21314472,248,61,112,2020.0,16499.0,0.0,-0.9586819999999999,-1.1310850000000001,ZWE,DEU,21
21314473,248,61,112,1996.0,2264.0,0.0,-0.46458999999999995,-0.273683,ZWE,DEU,21
21314474,248,61,112,1999.0,5751.0,0.0,-0.378081,0.080819,ZWE,DEU,21
21314475,248,61,112,1989.0,5979.0,0.0,-0.563277,-0.6714939999999999,ZWE,DEU,21
21314476,248,61,112,1998.0,1641.0,40732.0,-0.5156970000000001,-0.332532,ZWE,DEU,21
21314477,248,61,112,1965.0,101405.0,0.0,-0.530569,-0.730117,ZWE,DEU,21
21314478,248,61,112,1982.0,1722.0,0.0,-0.47458,-0.723526,ZWE,DEU,21
21314479,248,61,112,1988.0,12955.0,0.0,-0.44674200000000003,-0.640986,ZWE,DEU,21
21314480,248,61,112,1983.0,4298.0,0.0,-0.547225,-0.713026,ZWE,DEU,21
21314481,248,61,112,1966.0,256592.0,0.0,1.023067,1.0966790000000002,ZWE,DEU,21
21314482,248,61,112,2003.0,369457.0,0.0,-0.25345300000000004,-0.025785000000000002,ZWE,DEU,21
21314483,248,61,112,1970.0,24835.0,0.0,1.082139,0.6677029999999999,ZWE,DEU,21
21314484,248,61,112,1981.0,1753.0,0.0,-0.401055,-0.646131,ZWE,DEU,21
21314485,248,61,112,1987.0,2600.0,0.0,-0.404891,-0.5868800000000001,ZWE,DEU,21
21314486,249,61,112,2010.0,7629.0,162224.0,1.7498939999999998,1.027708,TWN,DEU,21
21314487,249,61,112,2012.0,68960.0,0.0,1.671686,0.9854729999999999,TWN,DEU,21
21314488,249,61,112,2006.0,0.0,117335.0,1.6683169999999998,1.230621,TWN,DEU,21
21314489,249,61,112,2007.0,0.0,184871.0,1.618424,1.09296,TWN,DEU,21
21314490,249,61,112,2015.0,0.0,5486.0,2.005274,1.3042690000000001,TWN,DEU,21
21314491,249,61,112,2001.0,115003.0,190196.0,1.7270020000000001,1.252843,TWN,DEU,21
21314492,249,61,112,2002.0,0.0,57617.0,1.9084720000000002,1.253714,TWN,DEU,21
21314493,249,61,112,2000.0,38627.0,67854.0,1.642139,1.2375639999999999,TWN,DEU,21
21314494,249,61,112,2004.0,0.0,402826.0,1.8844150000000002,1.257951,TWN,DEU,21
21314495,249,61,112,1989.0,1302063.0,0.0,1.245347,1.703782,TWN,DEU,21
21314496,249,61,112,1969.0,3130.0,0.0,1.314545,1.825704,TWN,DEU,21
21314497,249,61,112,1990.0,113364.0,398748.0,1.3199290000000001,1.74427,TWN,DEU,21
21314498,249,61,112,1991.0,724824.0,838342.0,1.339935,1.785738,TWN,DEU,21
21314499,249,61,112,1992.0,422464.0,207763.0,1.3694790000000001,1.6227559999999999,TWN,DEU,21
21314500,249,61,112,1998.0,17691.0,47098.0,1.457882,1.4925680000000001,TWN,DEU,21
21314501,249,61,112,1999.0,25621.0,56329.0,1.575558,1.3365719999999999,TWN,DEU,21
21314502,249,61,112,1994.0,231330.0,141834.0,1.638657,1.695454,TWN,DEU,21
21314503,249,61,112,1997.0,64242.0,108528.0,1.557128,1.434424,TWN,DEU,21
21314504,249,61,112,1993.0,305951.0,122654.0,1.500474,1.620057,TWN,DEU,21
21314505,249,61,112,1995.0,0.0,95102.0,1.494797,1.5116559999999999,TWN,DEU,21
21314506,249,61,112,1983.0,6819.0,0.0,1.131391,1.9262569999999999,TWN,DEU,21
21314507,249,61,112,1986.0,0.0,1021.0,1.2396129999999999,1.6809599999999998,TWN,DEU,21
21314508,249,61,112,1988.0,3345.0,26137.0,1.121225,1.782471,TWN,DEU,21
21314509,249,61,112,1987.0,0.0,96292.0,1.2953459999999999,1.688534,TWN,DEU,21
21314510,250,61,112,2009.0,0.0,46946.0,0.47304799999999997,-0.264652,ANS,DEU,21
21314511,250,61,112,1970.0,0.0,318049.0,0.6549699999999999,0.197153,ANS,DEU,21
21314512,250,61,112,1974.0,0.0,3610311.0,0.110116,0.21134499999999998,ANS,DEU,21
21314513,250,61,112,1975.0,0.0,1487672.0,0.25750500000000004,0.41504300000000005,ANS,DEU,21
21314514,250,61,112,1965.0,0.0,1678591.0,1.061515,0.128385,ANS,DEU,21
21314515,250,61,112,1967.0,0.0,1011185.0,0.790347,0.439097,ANS,DEU,21
21314516,250,61,112,1969.0,0.0,356013.0,0.662086,0.242439,ANS,DEU,21
21314517,250,61,112,1963.0,275627.0,0.0,-0.084131,-0.204178,ANS,DEU,21
21314518,250,61,112,1971.0,0.0,539941.0,0.740793,0.11133,ANS,DEU,21
21314519,250,61,112,1973.0,0.0,1543150.0,0.717793,0.525814,ANS,DEU,21
21314520,250,61,112,1964.0,154284.0,1279175.0,0.034675,-0.21648499999999998,ANS,DEU,21
21314521,250,61,112,1966.0,0.0,1529042.0,0.7935479999999999,0.182025,ANS,DEU,21
21314522,250,61,112,1968.0,0.0,901062.0,0.8133859999999999,0.47075900000000004,ANS,DEU,21
21314523,250,61,112,1972.0,0.0,1446195.0,0.840347,0.237871,ANS,DEU,21
21314524,250,61,112,1962.0,431931.0,0.0,-0.223586,-0.349045,ANS,DEU,21
21314525,250,61,112,1985.0,0.0,3541554.0,0.9177069999999999,1.0158559999999999,ANS,DEU,21
21314526,250,61,112,2007.0,0.0,1446590.0,0.619509,-0.335972,ANS,DEU,21
21314527,250,61,112,1979.0,0.0,156641.0,0.23351799999999998,0.021866,ANS,DEU,21
21314528,250,61,112,2003.0,0.0,7085.0,0.37784,-0.426752,ANS,DEU,21
21314529,250,61,112,1998.0,0.0,156000.0,1.196301,1.056316,ANS,DEU,21
21314530,250,61,112,1996.0,0.0,10737.0,1.153784,0.831677,ANS,DEU,21
21314531,250,61,112,1999.0,0.0,2177.0,1.141398,0.7875770000000001,ANS,DEU,21
21314532,250,61,112,1997.0,1440.0,15570.0,1.004537,0.782725,ANS,DEU,21
21314533,250,61,112,2000.0,0.0,3320.0,1.094325,-0.32521100000000003,ANS,DEU,21
21314534,250,61,112,2001.0,0.0,65000.0,0.947105,-0.529946,ANS,DEU,21
21314535,250,61,112,1995.0,0.0,10868.0,1.143615,0.960175,ANS,DEU,21
21314536,250,61,112,2006.0,0.0,1079364.0,0.202525,-0.46324499999999996,ANS,DEU,21
21314537,250,61,112,1993.0,4885.0,107792.0,1.129646,0.635549,ANS,DEU,21
21314538,250,61,112,1983.0,0.0,2029000.0,0.5154340000000001,0.449824,ANS,DEU,21
21314539,250,61,112,1984.0,0.0,4176000.0,0.71102,0.5664560000000001,ANS,DEU,21
21314540,250,61,112,1986.0,0.0,1802956.0,0.711729,1.1335709999999999,ANS,DEU,21
21314541,250,61,112,1988.0,2015.0,0.0,0.373583,0.43471499999999996,ANS,DEU,21
21314542,250,61,112,2002.0,4216.0,0.0,0.5979300000000001,-0.497816,ANS,DEU,21
21314543,250,61,112,2004.0,0.0,9135.0,0.46240200000000004,-0.406624,ANS,DEU,21
21314544,250,61,112,1994.0,0.0,3232.0,1.2408629999999998,0.893178,ANS,DEU,21
21314545,250,61,112,1987.0,0.0,2061966.0,0.656133,0.787391,ANS,DEU,21
21314546,250,61,112,1976.0,0.0,3017733.0,0.521724,0.353092,ANS,DEU,21
21314547,1,64,112,2010.0,877082.0,0.0,-0.095889,0.038069,AFG,DNK,21
21314548,1,64,112,1964.0,13585.0,0.0,-0.786243,-0.8761680000000001,AFG,DNK,21
21314549,1,64,112,2013.0,317484.0,0.0,-0.767212,-0.6506069999999999,AFG,DNK,21
21314550,1,64,112,2005.0,2885778.0,4005.0,-0.21395100000000003,-0.27226100000000003,AFG,DNK,21
21314551,1,64,112,2004.0,2148442.0,0.0,-0.8890309999999999,-0.773602,AFG,DNK,21
21314552,1,64,112,2006.0,5432342.0,0.0,-0.906723,-0.6810039999999999,AFG,DNK,21
21314553,1,64,112,2000.0,932090.0,0.0,-0.321246,-0.499699,AFG,DNK,21
21314554,1,64,112,2002.0,783557.0,0.0,-0.11885899999999999,-0.346093,AFG,DNK,21
21314555,1,64,112,2003.0,1526114.0,0.0,-0.6427109999999999,-0.678976,AFG,DNK,21
21314556,1,64,112,1998.0,3726006.0,0.0,-0.473204,-0.768925,AFG,DNK,21
21314557,1,64,112,1999.0,1992813.0,0.0,-0.23128800000000002,-0.6081989999999999,AFG,DNK,21
21314558,1,64,112,2001.0,1846386.0,0.0,0.110694,-0.372979,AFG,DNK,21
21314559,1,64,112,1972.0,987.0,0.0,-0.8629950000000001,-0.881224,AFG,DNK,21
21314560,1,64,112,1973.0,2548.0,0.0,-0.906999,-0.872303,AFG,DNK,21
21314561,1,64,112,1994.0,19034.0,0.0,-0.536479,-0.703022,AFG,DNK,21
21314562,1,64,112,1995.0,3028188.0,0.0,-0.34636999999999996,-0.5095390000000001,AFG,DNK,21
21314563,1,64,112,1996.0,4153.0,0.0,-0.760436,-0.864967,AFG,DNK,21
21314564,1,64,112,1997.0,2262831.0,0.0,-0.111577,-0.408047,AFG,DNK,21
21314565,1,64,112,1980.0,10700.0,0.0,0.015526,-0.660659,AFG,DNK,21
21314566,1,64,112,1986.0,2085.0,0.0,-0.9025280000000001,-0.844668,AFG,DNK,21
21314567,1,64,112,1963.0,28972.0,0.0,-0.930433,-0.8481639999999999,AFG,DNK,21
21314568,1,64,112,1966.0,5402.0,0.0,-0.913538,-0.8547040000000001,AFG,DNK,21
21314569,1,64,112,1962.0,16726.0,0.0,-0.629827,-0.6546350000000001,AFG,DNK,21
21314570,1,64,112,1976.0,13472.0,0.0,0.234596,-0.415975,AFG,DNK,21
21314571,4,64,112,2001.0,0.0,43419.0,-0.137138,0.120093,ALB,DNK,21
21314572,4,64,112,1995.0,0.0,93565.0,-0.486015,-0.37354699999999996,ALB,DNK,21
21314573,4,64,112,1980.0,16522.0,0.0,0.46242700000000003,0.135454,ALB,DNK,21
21314574,4,64,112,1981.0,0.0,52155.0,-0.027304000000000002,-0.38592,ALB,DNK,21
21314575,4,64,112,1977.0,2439.0,0.0,-0.015074,-0.6521170000000001,ALB,DNK,21
21314576,5,64,112,2008.0,0.0,4315.0,1.089322,1.0603040000000001,AND,DNK,21
21314577,5,64,112,2012.0,0.0,2947.0,0.968361,0.673964,AND,DNK,21
21314578,5,64,112,1980.0,0.0,77375.0,1.176125,0.6585770000000001,AND,DNK,21
21314579,6,64,112,1975.0,34634.0,0.0,-0.5661010000000001,-0.44354,ANT,DNK,21
21314580,7,64,112,2014.0,0.0,50765.0,-0.121018,-0.51841,ARE,DNK,21
21314581,7,64,112,2008.0,0.0,27875.0,-0.066826,-0.634125,ARE,DNK,21
21314582,7,64,112,2007.0,87225.0,0.0,-0.23537199999999997,-0.620794,ARE,DNK,21
21314583,7,64,112,2005.0,274700.0,0.0,-0.10233099999999999,-0.486178,ARE,DNK,21
21314584,7,64,112,2009.0,0.0,8725.0,-0.339638,-0.8333940000000001,ARE,DNK,21
21314585,7,64,112,2006.0,471269.0,0.0,-0.12063900000000001,-0.817929,ARE,DNK,21
21314586,7,64,112,2000.0,0.0,263505.0,-0.421385,-0.675566,ARE,DNK,21
21314587,7,64,112,2002.0,0.0,161900.0,-0.288838,-0.640049,ARE,DNK,21
21314588,7,64,112,1999.0,0.0,8347.0,-0.33226,-0.582719,ARE,DNK,21
21314589,7,64,112,2001.0,0.0,405004.0,-0.217259,-0.613042,ARE,DNK,21
21314590,8,64,112,2003.0,170725.0,0.0,0.045321,0.659799,ARG,DNK,21
21314591,8,64,112,2004.0,312319.0,0.0,-0.070845,0.879574,ARG,DNK,21
21314592,8,64,112,2005.0,255349.0,0.0,0.14709,0.947398,ARG,DNK,21
21314593,8,64,112,2006.0,232323.0,0.0,0.076917,1.06231,ARG,DNK,21
21314594,8,64,112,2007.0,5472.0,0.0,-0.044801,0.770332,ARG,DNK,21
21314595,8,64,112,2008.0,382119.0,0.0,0.096026,0.759927,ARG,DNK,21
21314596,8,64,112,2009.0,493893.0,0.0,0.138952,0.8575149999999999,ARG,DNK,21
21314597,8,64,112,2010.0,537538.0,0.0,0.052101,0.722831,ARG,DNK,21
21314598,8,64,112,2011.0,68999.0,0.0,-0.0037560000000000002,0.583338,ARG,DNK,21
21314599,8,64,112,2012.0,592796.0,0.0,-0.019015,0.548292,ARG,DNK,21
21314600,8,64,112,2013.0,1514207.0,0.0,0.042829,0.461002,ARG,DNK,21
21314601,8,64,112,2014.0,775947.0,0.0,-0.047848,0.48062,ARG,DNK,21
21314602,8,64,112,2015.0,111223.0,0.0,-0.14443499999999998,0.461733,ARG,DNK,21
21314603,8,64,112,2016.0,1149305.0,0.0,-0.334847,0.24145100000000003,ARG,DNK,21
21314604,8,64,112,2017.0,806702.0,0.0,-0.268441,0.337024,ARG,DNK,21
21314605,8,64,112,2018.0,781554.0,3366.0,-0.239502,0.297865,ARG,DNK,21
21314606,8,64,112,2019.0,508216.0,0.0,-0.25212199999999996,0.213536,ARG,DNK,21
21314607,8,64,112,2020.0,427342.0,0.0,-0.22448200000000001,0.082711,ARG,DNK,21
21314608,8,64,112,2001.0,362821.0,0.0,0.11289,0.916845,ARG,DNK,21
21314609,8,64,112,1993.0,0.0,27949.0,0.262499,0.690427,ARG,DNK,21
21314610,8,64,112,1965.0,135895.0,0.0,0.133389,-0.088328,ARG,DNK,21
21314611,8,64,112,1966.0,182882.0,0.0,-0.24274400000000002,-0.504053,ARG,DNK,21
21314612,8,64,112,1967.0,28979.0,0.0,0.165465,-0.064785,ARG,DNK,21
21314613,8,64,112,1980.0,0.0,191547.0,0.23432199999999997,1.047671,ARG,DNK,21
21314614,8,64,112,1981.0,13399.0,169461.0,0.313835,0.8986649999999999,ARG,DNK,21
21314615,8,64,112,1982.0,2876.0,0.0,0.246135,0.7669060000000001,ARG,DNK,21
21314616,8,64,112,1983.0,577687.0,172395.0,0.045672000000000004,0.159716,ARG,DNK,21
21314617,8,64,112,1984.0,102870.0,29072.0,0.048035,0.19725399999999998,ARG,DNK,21
21314618,8,64,112,1985.0,14237.0,0.0,-0.085315,0.155327,ARG,DNK,21
21314619,8,64,112,1986.0,22497.0,0.0,0.05454199999999999,0.352452,ARG,DNK,21
21314620,8,64,112,1987.0,0.0,219953.0,0.153722,0.688191,ARG,DNK,21
21314621,8,64,112,1988.0,4541.0,478998.0,0.071271,0.78496,ARG,DNK,21
21314622,8,64,112,1989.0,0.0,582554.0,0.234641,0.985326,ARG,DNK,21
21314623,8,64,112,1990.0,0.0,245811.0,0.079391,0.81503,ARG,DNK,21
21314624,8,64,112,1991.0,0.0,124443.0,0.11498,0.566391,ARG,DNK,21
21314625,8,64,112,1992.0,0.0,238221.0,0.043179,0.553408,ARG,DNK,21
21314626,8,64,112,1994.0,0.0,18973.0,0.011663,0.49076899999999996,ARG,DNK,21
21314627,8,64,112,1995.0,58003.0,0.0,0.201849,1.022644,ARG,DNK,21
21314628,8,64,112,1997.0,64405.0,37121.0,0.072589,0.965456,ARG,DNK,21
21314629,8,64,112,1998.0,0.0,180667.0,0.051266,0.7827189999999999,ARG,DNK,21
21314630,8,64,112,1999.0,9721.0,159271.0,0.096776,0.797369,ARG,DNK,21
21314631,8,64,112,2000.0,321442.0,0.0,0.140533,0.888049,ARG,DNK,21
21314632,8,64,112,2002.0,240980.0,0.0,0.045376,0.71768,ARG,DNK,21
21314633,8,64,112,1973.0,31278.0,19930.0,0.191245,0.47102,ARG,DNK,21
21314634,8,64,112,1975.0,44848.0,0.0,0.43757299999999993,0.8331540000000001,ARG,DNK,21
21314635,8,64,112,1996.0,4929.0,0.0,0.007199,0.805707,ARG,DNK,21
21314636,8,64,112,1970.0,3487.0,0.0,0.000177,0.008167,ARG,DNK,21
21314637,8,64,112,1979.0,32147.0,0.0,0.330959,0.9019870000000001,ARG,DNK,21
21314638,8,64,112,1969.0,18367.0,0.0,0.199094,0.23731300000000002,ARG,DNK,21
21314639,8,64,112,1962.0,186530.0,0.0,-0.27565,-0.526755,ARG,DNK,21
21314640,8,64,112,1963.0,107138.0,0.0,-0.262306,-0.570354,ARG,DNK,21
21314641,8,64,112,1964.0,135685.0,0.0,0.22790100000000002,-0.066322,ARG,DNK,21
21314642,8,64,112,1968.0,1138.0,0.0,0.148111,0.088328,ARG,DNK,21
21314643,8,64,112,1972.0,7587.0,0.0,0.09891,0.403972,ARG,DNK,21
21314644,8,64,112,1976.0,48471.0,0.0,0.38905100000000004,0.93515,ARG,DNK,21
21314645,8,64,112,1977.0,974.0,0.0,0.337935,1.013686,ARG,DNK,21
21314646,9,64,112,2020.0,0.0,341201.0,-0.242885,-0.7280760000000001,ARM,DNK,21
21314647,9,64,112,2018.0,71532.0,0.0,-0.42181499999999994,-0.663385,ARM,DNK,21
21314648,13,64,112,2008.0,6906.0,0.0,0.906905,0.186664,ATG,DNK,21
21314649,14,64,112,2005.0,23472.0,0.0,-0.136324,0.442158,AUS,DNK,21
21314650,14,64,112,2001.0,8852.0,0.0,-0.12189000000000001,0.7281770000000001,AUS,DNK,21
21314651,14,64,112,2004.0,17257.0,0.0,-0.198735,0.81543,AUS,DNK,21
21314652,14,64,112,1999.0,80835.0,765660.0,-0.06909,0.80382,AUS,DNK,21
21314653,14,64,112,2003.0,42252.0,7976.0,-0.01927,0.787129,AUS,DNK,21
21314654,14,64,112,2007.0,12003.0,0.0,-0.099254,0.459909,AUS,DNK,21
21314655,14,64,112,2008.0,40019.0,0.0,-0.397162,0.034979,AUS,DNK,21
21314656,14,64,112,2009.0,39586.0,0.0,-0.358236,0.139989,AUS,DNK,21
21314657,14,64,112,2010.0,0.0,2465.0,-0.477523,-0.035064,AUS,DNK,21
21314658,14,64,112,2011.0,0.0,3139.0,-0.41334399999999993,-0.095997,AUS,DNK,21
21314659,14,64,112,2012.0,0.0,3164.0,-0.537197,-0.22305300000000003,AUS,DNK,21
21314660,14,64,112,2013.0,0.0,1182.0,-0.63369,-0.276328,AUS,DNK,21
21314661,14,64,112,2015.0,9402.0,28367.0,-0.480241,-0.046308999999999996,AUS,DNK,21
21314662,14,64,112,2016.0,1603.0,27424.0,-0.585613,-0.245365,AUS,DNK,21
21314663,14,64,112,2017.0,0.0,32677.0,-0.598537,-0.23571,AUS,DNK,21
21314664,14,64,112,1971.0,75995.0,40025.0,0.019735,0.02329,AUS,DNK,21
21314665,14,64,112,1972.0,474911.0,103269.0,-0.011342,0.078894,AUS,DNK,21
21314666,14,64,112,1974.0,595464.0,170679.0,0.102724,0.198399,AUS,DNK,21
21314667,14,64,112,1979.0,1602248.0,282612.0,0.09590599999999999,0.559419,AUS,DNK,21
21314668,14,64,112,2018.0,0.0,37821.0,-0.5578930000000001,-0.15666300000000002,AUS,DNK,21
21314669,14,64,112,1969.0,141530.0,89945.0,0.111699,-0.04987,AUS,DNK,21
21314670,14,64,112,1973.0,1113812.0,179545.0,-0.12833599999999998,-0.058471,AUS,DNK,21
21314671,14,64,112,1990.0,12961.0,52114.0,-0.10606600000000001,0.23220300000000002,AUS,DNK,21
21314672,14,64,112,1992.0,81320.0,56929.0,0.083812,0.637224,AUS,DNK,21
21314673,14,64,112,1994.0,443201.0,0.0,0.150284,0.738228,AUS,DNK,21
21314674,14,64,112,1995.0,174983.0,0.0,0.11059100000000001,0.693473,AUS,DNK,21
21314675,14,64,112,2006.0,8331.0,0.0,-0.183265,0.564314,AUS,DNK,21
21314676,14,64,112,1996.0,197907.0,0.0,0.025253,0.6428189999999999,AUS,DNK,21
21314677,14,64,112,2002.0,20068.0,0.0,-0.052462,0.759617,AUS,DNK,21
21314678,14,64,112,1981.0,686053.0,295432.0,0.073939,0.704983,AUS,DNK,21
21314679,14,64,112,1997.0,51078.0,0.0,-0.033861,0.647668,AUS,DNK,21
21314680,14,64,112,1984.0,86190.0,220714.0,0.14916500000000002,0.353543,AUS,DNK,21
21314681,14,64,112,1980.0,1516450.0,288826.0,0.115151,0.53764,AUS,DNK,21
21314682,14,64,112,1991.0,291661.0,9146.0,0.081934,0.515451,AUS,DNK,21
21314683,14,64,112,1975.0,438164.0,150990.0,-0.007193000000000001,0.31486,AUS,DNK,21
21314684,14,64,112,1982.0,342458.0,291397.0,-0.045926999999999996,0.485706,AUS,DNK,21
21314685,14,64,112,1983.0,137874.0,388396.0,0.094068,0.551489,AUS,DNK,21
21314686,14,64,112,1985.0,90588.0,242170.0,0.023471000000000002,0.23764699999999997,AUS,DNK,21
21314687,14,64,112,1986.0,42638.0,428109.0,-0.071604,0.19330999999999998,AUS,DNK,21
21314688,14,64,112,1987.0,86229.0,622453.0,0.113347,0.380457,AUS,DNK,21
21314689,14,64,112,1988.0,13628.0,454759.0,0.004738,0.599427,AUS,DNK,21
21314690,14,64,112,1989.0,17759.0,238604.0,0.075613,0.524821,AUS,DNK,21
21314691,14,64,112,2000.0,67525.0,0.0,0.039636000000000005,1.001203,AUS,DNK,21
21314692,14,64,112,1963.0,84226.0,8234.0,0.200155,-0.14443599999999998,AUS,DNK,21
21314693,14,64,112,1967.0,79055.0,93775.0,0.24582600000000002,-0.050793,AUS,DNK,21
21314694,14,64,112,1993.0,196568.0,1558.0,0.14340999999999998,0.673521,AUS,DNK,21
21314695,14,64,112,1970.0,349890.0,40962.0,0.012313,-0.13783800000000002,AUS,DNK,21
21314696,14,64,112,1966.0,203593.0,108260.0,0.455635,0.253223,AUS,DNK,21
21314697,14,64,112,1964.0,103305.0,68408.0,0.318204,-0.167216,AUS,DNK,21
21314698,14,64,112,1965.0,63782.0,5018.0,0.25408200000000003,-0.186932,AUS,DNK,21
21314699,14,64,112,1968.0,86980.0,133000.0,0.215398,0.115257,AUS,DNK,21
21314700,14,64,112,1962.0,25253.0,12190.0,0.100563,-0.259536,AUS,DNK,21
21314701,14,64,112,1978.0,2775051.0,183004.0,0.158999,0.59919,AUS,DNK,21
21314702,14,64,112,1976.0,1089385.0,163872.0,0.032161,0.202079,AUS,DNK,21
21314703,14,64,112,1977.0,1532461.0,180679.0,0.13856,0.39048499999999997,AUS,DNK,21
21314704,15,64,112,2016.0,0.0,1574468.0,1.743944,-0.051155,AUT,DNK,21
21314705,15,64,112,1997.0,162663.0,2190442.0,1.904005,0.445169,AUT,DNK,21
21314706,15,64,112,2005.0,17137.0,742630.0,1.884941,-0.037591,AUT,DNK,21
21314707,15,64,112,1995.0,42834.0,456624.0,2.066799,0.43970299999999995,AUT,DNK,21
21314708,15,64,112,1996.0,44865.0,849909.0,2.012626,0.395525,AUT,DNK,21
21314709,15,64,112,1999.0,0.0,1850725.0,1.8405310000000001,0.5337350000000001,AUT,DNK,21
21314710,15,64,112,2000.0,32273.0,1487182.0,1.823798,0.465513,AUT,DNK,21
21314711,15,64,112,2011.0,33927.0,1042.0,1.7686689999999998,-0.714754,AUT,DNK,21
21314712,15,64,112,2003.0,2151.0,1525650.0,1.931225,0.2033,AUT,DNK,21
21314713,15,64,112,2004.0,9159.0,226413.0,1.958949,0.209296,AUT,DNK,21
21314714,15,64,112,2006.0,290047.0,859677.0,1.772588,-0.008943000000000001,AUT,DNK,21
21314715,15,64,112,2007.0,665769.0,801282.0,1.787666,-0.678863,AUT,DNK,21
21314716,15,64,112,2008.0,128446.0,611488.0,1.7179959999999999,-0.8444709999999999,AUT,DNK,21
21314717,15,64,112,2009.0,0.0,58533.0,1.746436,-0.6186619999999999,AUT,DNK,21
21314718,15,64,112,2010.0,4072.0,65424.0,1.8190060000000001,-0.6441439999999999,AUT,DNK,21
21314719,15,64,112,2012.0,0.0,6516.0,1.710955,-0.8860399999999999,AUT,DNK,21
21314720,15,64,112,2013.0,0.0,1686701.0,1.855434,-1.06494,AUT,DNK,21
21314721,15,64,112,2014.0,0.0,2877679.0,1.782532,-0.84455,AUT,DNK,21
21314722,15,64,112,2015.0,0.0,1657067.0,1.85844,-0.537455,AUT,DNK,21
21314723,15,64,112,2017.0,7344.0,233049.0,1.722766,-0.077938,AUT,DNK,21
21314724,15,64,112,2018.0,6294.0,0.0,1.798687,-0.557271,AUT,DNK,21
21314725,15,64,112,2020.0,10289.0,44893.0,1.695555,-0.14757699999999999,AUT,DNK,21
21314726,15,64,112,1998.0,37555.0,1211574.0,1.878212,0.373222,AUT,DNK,21
21314727,15,64,112,1994.0,41458.0,374562.0,2.023375,0.591611,AUT,DNK,21
21314728,15,64,112,2002.0,195856.0,1277289.0,1.866997,0.400527,AUT,DNK,21
21314729,15,64,112,2001.0,0.0,1492870.0,1.8987740000000002,0.45922700000000005,AUT,DNK,21
21314730,15,64,112,1972.0,39526.0,1398314.0,2.010827,1.109112,AUT,DNK,21
21314731,15,64,112,1986.0,2505.0,1521098.0,1.966492,1.209025,AUT,DNK,21
21314732,15,64,112,1968.0,8599.0,828340.0,1.94925,1.6721810000000001,AUT,DNK,21
21314733,15,64,112,1969.0,6096.0,741595.0,2.046971,1.612715,AUT,DNK,21
21314734,15,64,112,1985.0,0.0,1227634.0,1.8110509999999997,0.8526870000000001,AUT,DNK,21
21314735,15,64,112,1973.0,26612.0,1292654.0,2.003425,0.975582,AUT,DNK,21
21314736,15,64,112,1974.0,9827.0,1710732.0,1.6841439999999999,0.107597,AUT,DNK,21
21314737,15,64,112,1978.0,0.0,2645034.0,1.8295560000000002,1.026969,AUT,DNK,21
21314738,15,64,112,1979.0,114183.0,4413849.0,1.6914310000000001,0.975253,AUT,DNK,21
21314739,15,64,112,1980.0,70412.0,4710254.0,1.560632,0.525413,AUT,DNK,21
21314740,15,64,112,1984.0,19278.0,1579124.0,1.702559,0.743392,AUT,DNK,21
21314741,15,64,112,1987.0,6683.0,1565896.0,1.8749349999999998,1.286508,AUT,DNK,21
21314742,15,64,112,1988.0,34187.0,1778033.0,1.8688369999999999,1.0031459999999999,AUT,DNK,21
21314743,15,64,112,1971.0,0.0,985877.0,1.984568,0.9571209999999999,AUT,DNK,21
21314744,15,64,112,1975.0,0.0,1596362.0,1.845171,-0.25403400000000004,AUT,DNK,21
21314745,15,64,112,1981.0,9995.0,4187855.0,1.5699100000000001,0.303125,AUT,DNK,21
21314746,15,64,112,1963.0,82529.0,225133.0,2.054019,2.405647,AUT,DNK,21
21314747,15,64,112,1964.0,126654.0,93343.0,2.0803279999999997,2.370025,AUT,DNK,21
21314748,15,64,112,1965.0,155159.0,186546.0,2.128641,2.558615,AUT,DNK,21
21314749,15,64,112,1966.0,35362.0,420008.0,2.0353790000000003,2.0373229999999998,AUT,DNK,21
21314750,15,64,112,1967.0,37582.0,424175.0,2.062091,1.739353,AUT,DNK,21
21314751,15,64,112,1970.0,1241.0,1040684.0,2.025504,1.479027,AUT,DNK,21
21314752,15,64,112,1982.0,147344.0,3524502.0,1.6774360000000001,0.376798,AUT,DNK,21
21314753,15,64,112,1983.0,132196.0,3053259.0,1.6920009999999999,0.7196020000000001,AUT,DNK,21
21314754,15,64,112,1989.0,0.0,720720.0,1.9229009999999997,0.8210799999999999,AUT,DNK,21
21314755,15,64,112,1990.0,0.0,431628.0,2.0186759999999997,0.9121309999999999,AUT,DNK,21
21314756,15,64,112,1992.0,9295.0,524709.0,1.975207,0.669388,AUT,DNK,21
21314757,15,64,112,1991.0,4665.0,492416.0,1.996156,0.975916,AUT,DNK,21
21314758,15,64,112,1993.0,59028.0,157288.0,1.998111,0.504157,AUT,DNK,21
21314759,15,64,112,1962.0,0.0,176962.0,2.045399,2.510272,AUT,DNK,21
21314760,15,64,112,1976.0,4614.0,1891923.0,1.720419,0.43151300000000004,AUT,DNK,21
21314761,15,64,112,1977.0,2595.0,2395832.0,1.5852600000000001,-0.239042,AUT,DNK,21
21314762,18,64,112,2016.0,2997065.0,18539.0,1.2947110000000002,1.113058,BEL,DNK,21
21314763,18,64,112,2017.0,1930935.0,56909.0,1.2396969999999998,1.1699760000000001,BEL,DNK,21
21314764,18,64,112,2018.0,1352137.0,0.0,1.244674,1.1368969999999998,BEL,DNK,21
21314765,18,64,112,2019.0,291594.0,2554.0,1.187591,1.2584870000000001,BEL,DNK,21
21314766,18,64,112,2020.0,330361.0,0.0,1.1330120000000001,1.331307,BEL,DNK,21
21314767,18,64,112,1993.0,716884.0,738607.0,1.5457040000000002,1.4449379999999998,BEL,DNK,21
21314768,18,64,112,1994.0,533788.0,1327833.0,1.481468,1.5816299999999999,BEL,DNK,21
21314769,18,64,112,1995.0,612451.0,1288954.0,1.565464,1.38388,BEL,DNK,21
21314770,18,64,112,1996.0,1692385.0,1309409.0,1.5604850000000001,1.30819,BEL,DNK,21
21314771,18,64,112,2003.0,761051.0,62344.0,1.3965020000000001,1.345869,BEL,DNK,21
21314772,18,64,112,2007.0,1727092.0,52637.0,1.137469,1.307238,BEL,DNK,21
21314773,18,64,112,2009.0,3494986.0,0.0,1.2113450000000001,1.057143,BEL,DNK,21
21314774,18,64,112,2010.0,3737490.0,615250.0,1.1759540000000002,1.181653,BEL,DNK,21
21314775,18,64,112,2011.0,2955500.0,785296.0,1.13059,1.329762,BEL,DNK,21
21314776,18,64,112,2012.0,4383178.0,65089.0,1.06425,1.369205,BEL,DNK,21
21314777,18,64,112,2013.0,3697170.0,1056.0,1.198491,1.117268,BEL,DNK,21
21314778,18,64,112,2014.0,5736732.0,0.0,1.182934,1.1967139999999998,BEL,DNK,21
21314779,18,64,112,2015.0,4399424.0,4620.0,1.312864,0.9788950000000001,BEL,DNK,21
21314780,18,64,112,1991.0,587641.0,521591.0,1.542643,1.739768,BEL,DNK,21
21314781,18,64,112,1992.0,221507.0,861643.0,1.449085,1.622957,BEL,DNK,21
21314782,18,64,112,1997.0,1190357.0,2292469.0,1.470183,1.312167,BEL,DNK,21
21314783,18,64,112,2000.0,479391.0,243960.0,1.382578,1.406981,BEL,DNK,21
21314784,18,64,112,2001.0,924944.0,121973.0,1.425483,1.3072409999999999,BEL,DNK,21
21314785,18,64,112,2002.0,637890.0,242097.0,1.424339,1.372755,BEL,DNK,21
21314786,18,64,112,2004.0,1283896.0,1078.0,1.242665,1.541444,BEL,DNK,21
21314787,18,64,112,2005.0,1203960.0,0.0,1.2539719999999999,1.3787459999999998,BEL,DNK,21
21314788,18,64,112,2006.0,261478.0,1100.0,1.234224,1.308065,BEL,DNK,21
21314789,18,64,112,2008.0,1020869.0,86205.0,1.177315,1.140815,BEL,DNK,21
21314790,18,64,112,1998.0,411930.0,1034107.0,1.429865,1.329693,BEL,DNK,21
21314791,18,64,112,1999.0,634456.0,752216.0,1.4232719999999999,1.311186,BEL,DNK,21
21314792,18,64,112,1968.0,1106.0,2355402.0,1.529065,2.472506,BEL,DNK,21
21314793,18,64,112,1969.0,0.0,2357064.0,1.558182,2.5095509999999996,BEL,DNK,21
21314794,18,64,112,1970.0,2169.0,2043940.0,1.5717430000000001,2.276796,BEL,DNK,21
21314795,18,64,112,1971.0,1720.0,1224857.0,1.495689,2.262083,BEL,DNK,21
21314796,18,64,112,1972.0,7394.0,1515606.0,1.5809819999999999,2.273831,BEL,DNK,21
21314797,18,64,112,1973.0,64519.0,2140571.0,1.617181,2.131417,BEL,DNK,21
21314798,18,64,112,1974.0,14427.0,3080067.0,1.38634,1.794044,BEL,DNK,21
21314799,18,64,112,1978.0,436915.0,6005655.0,1.5812,1.731109,BEL,DNK,21
21314800,18,64,112,1979.0,156077.0,8561272.0,1.48668,1.842152,BEL,DNK,21
21314801,18,64,112,1986.0,11748.0,3685622.0,1.455742,2.022887,BEL,DNK,21
21314802,18,64,112,1987.0,15071.0,2355873.0,1.4290200000000002,1.870408,BEL,DNK,21
21314803,18,64,112,1980.0,97854.0,7105171.0,1.361474,1.655957,BEL,DNK,21
21314804,18,64,112,1981.0,42246.0,6849010.0,1.3510309999999999,1.5635370000000002,BEL,DNK,21
21314805,18,64,112,1982.0,14180.0,7039328.0,1.344484,1.731539,BEL,DNK,21
21314806,18,64,112,1983.0,12934.0,7610192.0,1.371523,1.816687,BEL,DNK,21
21314807,18,64,112,1984.0,4083.0,6965762.0,1.429893,1.7038919999999997,BEL,DNK,21
21314808,18,64,112,1985.0,18018.0,6746126.0,1.4597870000000002,1.817793,BEL,DNK,21
21314809,18,64,112,1988.0,117624.0,1650621.0,1.4461,1.711466,BEL,DNK,21
21314810,18,64,112,1989.0,497268.0,2311000.0,1.40839,1.7769849999999998,BEL,DNK,21
21314811,18,64,112,1990.0,102835.0,1558174.0,1.448885,1.8094419999999998,BEL,DNK,21
21314812,18,64,112,1975.0,9043.0,3662032.0,1.435066,1.664654,BEL,DNK,21
21314813,18,64,112,1962.0,17959.0,374604.0,1.67575,2.613793,BEL,DNK,21
21314814,18,64,112,1963.0,17092.0,394532.0,1.605264,2.751802,BEL,DNK,21
21314815,18,64,112,1964.0,3795.0,214604.0,1.601512,2.7461889999999998,BEL,DNK,21
21314816,18,64,112,1965.0,4171.0,318215.0,1.6468479999999999,2.740453,BEL,DNK,21
21314817,18,64,112,1966.0,11185.0,209216.0,1.564819,2.587675,BEL,DNK,21
21314818,18,64,112,1967.0,5245.0,924200.0,1.4808780000000001,2.584445,BEL,DNK,21
21314819,18,64,112,1976.0,289092.0,3623758.0,1.4676559999999998,1.6875950000000002,BEL,DNK,21
21314820,18,64,112,1977.0,187886.0,6690518.0,1.352744,1.3407799999999999,BEL,DNK,21
21314821,22,64,112,2002.0,0.0,1791.0,-0.9509,-1.113308,BGD,DNK,21
21314822,23,64,112,2000.0,3246.0,0.0,0.47338800000000003,1.7633599999999998,BGR,DNK,21
21314823,23,64,112,2015.0,169165.0,1262.0,0.469555,1.70135,BGR,DNK,21
21314824,23,64,112,2016.0,60110.0,0.0,0.509062,1.804648,BGR,DNK,21
21314825,23,64,112,2019.0,1965882.0,2626830.0,0.53485,2.000372,BGR,DNK,21
21314826,23,64,112,2020.0,567864.0,0.0,0.631703,1.798829,BGR,DNK,21
21314827,23,64,112,2017.0,1806645.0,4779.0,0.563342,1.744989,BGR,DNK,21
21314828,23,64,112,2018.0,6309546.0,4830042.0,0.516917,1.915288,BGR,DNK,21
21314829,23,64,112,1973.0,0.0,106415.0,0.837123,1.452292,BGR,DNK,21
21314830,23,64,112,2001.0,8569.0,0.0,0.46429799999999993,1.7500380000000002,BGR,DNK,21
21314831,23,64,112,2003.0,0.0,15648.0,0.43313599999999997,1.7457740000000002,BGR,DNK,21
21314832,23,64,112,1975.0,0.0,10135.0,0.735626,1.189817,BGR,DNK,21
21314833,23,64,112,1974.0,0.0,198999.0,0.751269,1.5170350000000001,BGR,DNK,21
21314834,23,64,112,2014.0,39341.0,12660.0,0.611912,1.594597,BGR,DNK,21
21314835,23,64,112,1985.0,0.0,578521.0,0.920301,1.766372,BGR,DNK,21
21314836,23,64,112,1979.0,76638.0,0.0,0.6684359999999999,1.319583,BGR,DNK,21
21314837,23,64,112,1981.0,0.0,518391.0,0.807499,1.264009,BGR,DNK,21
21314838,23,64,112,1966.0,0.0,15693.0,0.732362,0.925639,BGR,DNK,21
21314839,23,64,112,1967.0,0.0,17432.0,0.35336999999999996,-0.035302999999999994,BGR,DNK,21
21314840,23,64,112,1971.0,0.0,123610.0,0.65271,1.027758,BGR,DNK,21
21314841,23,64,112,1983.0,0.0,1130757.0,0.833025,1.489354,BGR,DNK,21
21314842,23,64,112,1988.0,13115.0,0.0,0.6558579999999999,1.48212,BGR,DNK,21
21314843,23,64,112,1994.0,0.0,3469.0,0.39016799999999996,1.6872169999999997,BGR,DNK,21
21314844,23,64,112,1995.0,0.0,3195.0,0.349569,1.401569,BGR,DNK,21
21314845,23,64,112,1989.0,140511.0,0.0,0.899958,1.462012,BGR,DNK,21
21314846,23,64,112,1987.0,11614.0,299852.0,0.6340859999999999,1.289817,BGR,DNK,21
21314847,23,64,112,1986.0,0.0,280535.0,0.7127359999999999,1.232422,BGR,DNK,21
21314848,23,64,112,1984.0,0.0,1584835.0,0.868516,1.669132,BGR,DNK,21
21314849,23,64,112,1972.0,0.0,50315.0,0.705543,1.106487,BGR,DNK,21
21314850,23,64,112,1965.0,0.0,27247.0,0.731862,0.39015700000000003,BGR,DNK,21
21314851,23,64,112,1970.0,0.0,32651.0,0.761159,1.2117069999999999,BGR,DNK,21
21314852,23,64,112,1978.0,0.0,39008.0,0.75926,1.107633,BGR,DNK,21
21314853,23,64,112,1977.0,0.0,7266.0,0.697071,1.217156,BGR,DNK,21
21314854,26,64,112,2008.0,67435.0,0.0,0.6205890000000001,1.059939,BIH,DNK,21
21314855,26,64,112,2010.0,0.0,95534.0,0.582083,1.09815,BIH,DNK,21
21314856,26,64,112,2012.0,2818.0,0.0,0.6672520000000001,1.16153,BIH,DNK,21
21314857,26,64,112,2013.0,16512.0,0.0,0.723658,0.9271879999999999,BIH,DNK,21
21314858,26,64,112,2014.0,179881.0,0.0,0.737556,0.9815530000000001,BIH,DNK,21
21314859,26,64,112,2017.0,78583.0,0.0,0.584825,0.9219,BIH,DNK,21
21314860,26,64,112,2018.0,55330.0,0.0,0.676528,0.8948299999999999,BIH,DNK,21
21314861,26,64,112,2003.0,43547.0,0.0,0.210686,0.33253699999999997,BIH,DNK,21
21314862,26,64,112,2019.0,59515.0,4598.0,0.744762,0.8829870000000001,BIH,DNK,21
21314863,26,64,112,2015.0,177363.0,0.0,0.5315340000000001,0.992734,BIH,DNK,21
21314864,26,64,112,2016.0,198102.0,17838.0,0.693416,0.8723540000000001,BIH,DNK,21
21314865,26,64,112,2005.0,1842.0,0.0,0.453979,0.66193,BIH,DNK,21
21314866,26,64,112,2004.0,84565.0,0.0,0.45637,0.6154470000000001,BIH,DNK,21
21314867,28,64,112,2020.0,0.0,260974.0,0.8343659999999999,1.145399,BLR,DNK,21
21314868,28,64,112,2002.0,0.0,1379886.0,0.865742,1.1823860000000002,BLR,DNK,21
21314869,28,64,112,2004.0,0.0,2209.0,0.9384239999999999,0.9708690000000001,BLR,DNK,21
21314870,28,64,112,2009.0,0.0,496716.0,1.018807,0.7667229999999999,BLR,DNK,21
21314871,28,64,112,1999.0,0.0,250326.0,0.9410959999999999,1.411715,BLR,DNK,21
21314872,28,64,112,2008.0,0.0,49878.0,0.923211,0.641368,BLR,DNK,21
21314873,28,64,112,1998.0,10485.0,711192.0,1.00112,1.3797190000000001,BLR,DNK,21
21314874,28,64,112,2001.0,0.0,682143.0,0.78008,1.232713,BLR,DNK,21
21314875,28,64,112,2005.0,1059.0,0.0,0.9785209999999999,0.716094,BLR,DNK,21
21314876,28,64,112,2007.0,0.0,326374.0,1.052553,0.614154,BLR,DNK,21
21314877,28,64,112,2011.0,0.0,173921.0,0.963289,0.672477,BLR,DNK,21
21314878,28,64,112,2017.0,0.0,103028.0,0.9188780000000001,0.9998819999999999,BLR,DNK,21
21314879,28,64,112,2018.0,0.0,180113.0,0.86016,1.034144,BLR,DNK,21
21314880,28,64,112,1997.0,5593.0,3004998.0,0.716832,0.706486,BLR,DNK,21
21314881,28,64,112,1995.0,0.0,29382.0,0.494853,0.51927,BLR,DNK,21
21314882,32,64,112,2000.0,13720.0,0.0,0.853466,1.28277,BRA,DNK,21
21314883,32,64,112,2003.0,5873.0,0.0,0.636739,1.422593,BRA,DNK,21
21314884,32,64,112,2004.0,7218.0,0.0,0.504233,1.567879,BRA,DNK,21
21314885,32,64,112,2005.0,14889.0,0.0,0.659417,1.464387,BRA,DNK,21
21314886,32,64,112,2006.0,5429.0,0.0,0.622959,1.413527,BRA,DNK,21
21314887,32,64,112,2007.0,14913.0,0.0,0.51831,1.614108,BRA,DNK,21
21314888,32,64,112,1993.0,2397.0,0.0,0.7104239999999999,1.5236299999999998,BRA,DNK,21
21314889,32,64,112,1973.0,10859.0,0.0,-0.23999,-0.170735,BRA,DNK,21
21314890,32,64,112,1990.0,0.0,25114.0,0.576448,1.258768,BRA,DNK,21
21314891,32,64,112,1991.0,0.0,50572.0,0.664515,1.463241,BRA,DNK,21
21314892,32,64,112,1998.0,13935.0,0.0,0.820327,1.213283,BRA,DNK,21
21314893,32,64,112,1988.0,0.0,161273.0,0.456107,1.463359,BRA,DNK,21
21314894,32,64,112,1989.0,0.0,64070.0,0.497179,1.211335,BRA,DNK,21
21314895,32,64,112,1975.0,0.0,28018.0,0.09979,0.640738,BRA,DNK,21
21314896,32,64,112,1999.0,10132.0,0.0,0.624962,1.313926,BRA,DNK,21
21314897,32,64,112,1969.0,29002.0,0.0,-0.407315,-0.42036899999999994,BRA,DNK,21
21314898,32,64,112,1971.0,6410.0,0.0,-0.326897,-0.229088,BRA,DNK,21
21314899,32,64,112,1981.0,3256.0,0.0,0.536752,1.771255,BRA,DNK,21
21314900,32,64,112,1992.0,0.0,36130.0,0.685144,1.5676709999999998,BRA,DNK,21
21314901,32,64,112,1970.0,17368.0,0.0,-0.405434,-0.331689,BRA,DNK,21
21314902,32,64,112,1980.0,32174.0,0.0,0.424613,1.624197,BRA,DNK,21
21314903,32,64,112,1966.0,3493.0,0.0,-0.608424,-0.414576,BRA,DNK,21
21314904,32,64,112,1962.0,48660.0,0.0,-0.590797,-0.530668,BRA,DNK,21
21314905,32,64,112,1964.0,2040.0,0.0,-0.6443720000000001,-0.643979,BRA,DNK,21
21314906,32,64,112,1965.0,25470.0,0.0,-0.501256,-0.47131999999999996,BRA,DNK,21
21314907,32,64,112,1979.0,8493.0,0.0,0.37035,1.456128,BRA,DNK,21
21314908,32,64,112,1977.0,45807.0,0.0,0.07940499999999999,0.7307239999999999,BRA,DNK,21
21314909,32,64,112,1978.0,21447.0,0.0,0.07929,0.8570700000000001,BRA,DNK,21
21314910,33,64,112,1981.0,0.0,5039.0,0.980468,0.557032,BRB,DNK,21
21314911,34,64,112,2015.0,0.0,1588.0,-1.029563,-0.8986729999999999,BRN,DNK,21
21314912,39,64,112,2001.0,361814.0,318131.0,0.8899729999999999,1.3778299999999999,CAN,DNK,21
21314913,39,64,112,2002.0,356323.0,218448.0,0.9672360000000001,1.389981,CAN,DNK,21
21314914,39,64,112,2003.0,3662602.0,2461204.0,0.9170790000000001,1.444739,CAN,DNK,21
21314915,39,64,112,2004.0,242486.0,118854.0,0.781591,1.365966,CAN,DNK,21
21314916,39,64,112,2005.0,465339.0,198185.0,0.8817450000000001,1.222587,CAN,DNK,21
21314917,39,64,112,2006.0,1897201.0,632809.0,0.806511,1.466573,CAN,DNK,21
21314918,39,64,112,2007.0,713428.0,130589.0,0.677078,1.371833,CAN,DNK,21
21314919,39,64,112,2008.0,1501564.0,3948.0,0.608796,1.235243,CAN,DNK,21
21314920,39,64,112,2009.0,1906088.0,10124.0,0.671041,1.481306,CAN,DNK,21
21314921,39,64,112,2010.0,3239795.0,52789.0,0.631696,1.3282459999999998,CAN,DNK,21
21314922,39,64,112,2011.0,1936426.0,13611.0,0.574688,1.360723,CAN,DNK,21
21314923,39,64,112,2012.0,4425271.0,15427.0,0.630575,1.28653,CAN,DNK,21
21314924,39,64,112,2013.0,3838730.0,88907.0,0.599305,1.193591,CAN,DNK,21
21314925,39,64,112,2014.0,13691738.0,235250.0,0.6145430000000001,1.1815360000000001,CAN,DNK,21
21314926,39,64,112,2015.0,6325495.0,115100.0,0.576548,1.458122,CAN,DNK,21
21314927,39,64,112,2016.0,2451110.0,55676.0,0.541041,1.328065,CAN,DNK,21
21314928,39,64,112,2017.0,1782453.0,51128.0,0.661032,1.331443,CAN,DNK,21
21314929,39,64,112,2018.0,2327570.0,212927.0,0.60854,1.475283,CAN,DNK,21
21314930,39,64,112,2019.0,876712.0,17321.0,0.668167,1.395249,CAN,DNK,21
21314931,39,64,112,2020.0,13290845.0,17256.0,0.56684,1.419845,CAN,DNK,21
21314932,39,64,112,2000.0,265654.0,538921.0,1.069101,1.284017,CAN,DNK,21
21314933,39,64,112,1969.0,86260.0,2270473.0,0.70765,0.9508,CAN,DNK,21
21314934,39,64,112,1970.0,91637.0,2084635.0,0.673338,0.860374,CAN,DNK,21
21314935,39,64,112,1972.0,62645.0,3823545.0,0.7159800000000001,0.9742540000000001,CAN,DNK,21
21314936,39,64,112,1974.0,273635.0,6089018.0,0.495249,0.925809,CAN,DNK,21
21314937,39,64,112,1975.0,156666.0,8065630.0,0.404699,0.8249360000000001,CAN,DNK,21
21314938,39,64,112,1978.0,1242123.0,7788678.0,0.793383,1.310916,CAN,DNK,21
21314939,39,64,112,1999.0,408579.0,361120.0,0.9524950000000001,1.2560149999999999,CAN,DNK,21
21314940,39,64,112,1967.0,26249.0,2032830.0,0.6791470000000001,0.776475,CAN,DNK,21
21314941,39,64,112,1968.0,39483.0,2154344.0,0.6867270000000001,0.846297,CAN,DNK,21
21314942,39,64,112,1971.0,109805.0,2570764.0,0.543049,0.772374,CAN,DNK,21
21314943,39,64,112,1973.0,157071.0,4955914.0,0.42271000000000003,0.632899,CAN,DNK,21
21314944,39,64,112,1991.0,237583.0,1964206.0,0.808699,1.087207,CAN,DNK,21
21314945,39,64,112,1995.0,409330.0,1108130.0,0.975289,1.135701,CAN,DNK,21
21314946,39,64,112,1997.0,913949.0,662118.0,0.928586,1.3413389999999998,CAN,DNK,21
21314947,39,64,112,1979.0,2649338.0,18072666.0,0.756833,1.349624,CAN,DNK,21
21314948,39,64,112,1981.0,1928979.0,21107952.0,0.745727,1.587553,CAN,DNK,21
21314949,39,64,112,1982.0,580352.0,16864784.0,0.780337,1.623949,CAN,DNK,21
21314950,39,64,112,1983.0,196370.0,18072178.0,0.708508,1.543279,CAN,DNK,21
21314951,39,64,112,1984.0,1664669.0,6543521.0,0.81261,1.285068,CAN,DNK,21
21314952,39,64,112,1985.0,1152314.0,11971832.0,0.872873,1.286843,CAN,DNK,21
21314953,39,64,112,1987.0,788127.0,10131180.0,0.8812409999999999,1.3540299999999998,CAN,DNK,21
21314954,39,64,112,1989.0,40985.0,6526320.0,0.7961729999999999,1.09309,CAN,DNK,21
21314955,39,64,112,1994.0,381317.0,1870018.0,0.9270709999999999,1.126737,CAN,DNK,21
21314956,39,64,112,1996.0,271332.0,1179743.0,0.970932,1.111111,CAN,DNK,21
21314957,39,64,112,1998.0,325435.0,345447.0,0.9233040000000001,1.309692,CAN,DNK,21
21314958,39,64,112,1980.0,1363864.0,15962005.0,0.704567,1.4515790000000002,CAN,DNK,21
21314959,39,64,112,1988.0,50509.0,9797049.0,0.8190810000000001,1.1273030000000002,CAN,DNK,21
21314960,39,64,112,1990.0,152655.0,1491508.0,0.804563,1.115479,CAN,DNK,21
21314961,39,64,112,1993.0,398840.0,1797203.0,0.8763719999999999,1.213496,CAN,DNK,21
21314962,39,64,112,1992.0,34166.0,2407549.0,0.74703,1.096791,CAN,DNK,21
21314963,39,64,112,1986.0,848143.0,6998970.0,0.799175,1.262781,CAN,DNK,21
21314964,39,64,112,1963.0,30756.0,680886.0,0.586152,0.75012,CAN,DNK,21
21314965,39,64,112,1965.0,68814.0,991774.0,0.648151,0.797301,CAN,DNK,21
21314966,39,64,112,1966.0,98246.0,1217438.0,0.752869,0.8454440000000001,CAN,DNK,21
21314967,39,64,112,1962.0,32604.0,649022.0,0.6937800000000001,0.607572,CAN,DNK,21
21314968,39,64,112,1964.0,63767.0,683381.0,0.728521,0.870792,CAN,DNK,21
21314969,39,64,112,1977.0,705256.0,8151915.0,0.564291,1.1527889999999998,CAN,DNK,21
21314970,39,64,112,1976.0,394054.0,8067741.0,0.6165609999999999,0.972507,CAN,DNK,21
21314971,41,64,112,2015.0,0.0,2496690.0,2.261352,0.816764,CHE,DNK,21
21314972,41,64,112,2014.0,0.0,11164167.0,2.027022,0.780257,CHE,DNK,21
21314973,41,64,112,2006.0,0.0,996414.0,2.038668,0.46319,CHE,DNK,21
21314974,41,64,112,2007.0,696916.0,570542.0,1.979164,0.29541999999999996,CHE,DNK,21
21314975,41,64,112,2008.0,0.0,3179129.0,1.980661,0.504308,CHE,DNK,21
21314976,41,64,112,2010.0,0.0,593830.0,2.136332,0.5302279999999999,CHE,DNK,21
21314977,41,64,112,2012.0,0.0,1485447.0,2.0265150000000003,0.6496689999999999,CHE,DNK,21
21314978,41,64,112,2013.0,3877.0,4619199.0,2.0899229999999998,0.661667,CHE,DNK,21
21314979,41,64,112,2005.0,0.0,572452.0,2.122208,0.615961,CHE,DNK,21
21314980,41,64,112,2009.0,0.0,1199735.0,2.0153220000000003,0.5676829999999999,CHE,DNK,21
21314981,41,64,112,2011.0,0.0,595240.0,2.102055,0.548054,CHE,DNK,21
21314982,41,64,112,2016.0,0.0,1380939.0,2.328616,0.832224,CHE,DNK,21
21314983,41,64,112,2017.0,0.0,2104737.0,2.2443459999999997,0.836363,CHE,DNK,21
21314984,41,64,112,2018.0,0.0,827050.0,2.173252,0.861742,CHE,DNK,21
21314985,41,64,112,2019.0,0.0,176487.0,2.172555,0.770567,CHE,DNK,21
21314986,41,64,112,2002.0,1450442.0,620342.0,2.205507,0.831836,CHE,DNK,21
21314987,41,64,112,2003.0,321382.0,723372.0,2.1943770000000002,0.715042,CHE,DNK,21
21314988,41,64,112,2004.0,0.0,657281.0,2.234603,0.551975,CHE,DNK,21
21314989,41,64,112,1999.0,960957.0,10149032.0,2.2417740000000004,0.764921,CHE,DNK,21
21314990,41,64,112,2000.0,705933.0,5361792.0,2.268929,0.538191,CHE,DNK,21
21314991,41,64,112,2001.0,139633.0,2399484.0,2.161588,0.8069890000000001,CHE,DNK,21
21314992,41,64,112,1973.0,124390.0,5263209.0,2.271348,1.7570270000000001,CHE,DNK,21
21314993,41,64,112,1974.0,102855.0,5873882.0,1.8843419999999997,1.3649790000000002,CHE,DNK,21
21314994,41,64,112,1988.0,312243.0,72880672.0,2.138445,1.0137120000000002,CHE,DNK,21
21314995,41,64,112,1964.0,321545.0,859125.0,2.339324,2.1829650000000003,CHE,DNK,21
21314996,41,64,112,1965.0,264197.0,1216310.0,2.399414,2.2596220000000002,CHE,DNK,21
21314997,41,64,112,1966.0,268986.0,1194086.0,2.271274,2.228228,CHE,DNK,21
21314998,41,64,112,1967.0,372214.0,2291098.0,2.232551,2.121041,CHE,DNK,21
21314999,41,64,112,1968.0,101357.0,5821066.0,2.1128139999999997,2.181377,CHE,DNK,21
21315000,41,64,112,1969.0,94698.0,3297549.0,2.225965,2.192022,CHE,DNK,21
21315001,41,64,112,1970.0,45410.0,1902072.0,2.1918330000000004,1.847141,CHE,DNK,21
21315002,41,64,112,1971.0,87157.0,1393327.0,2.242028,1.9425029999999999,CHE,DNK,21
21315003,41,64,112,1972.0,146280.0,3249319.0,2.219306,1.9649020000000001,CHE,DNK,21
21315004,41,64,112,1975.0,162630.0,6213248.0,2.0423720000000003,0.927861,CHE,DNK,21
21315005,41,64,112,1962.0,683722.0,305064.0,2.3319400000000003,2.325868,CHE,DNK,21
21315006,41,64,112,1963.0,228339.0,829948.0,2.275444,2.087927,CHE,DNK,21
21315007,41,64,112,1977.0,232921.0,14419663.0,1.703888,1.3558629999999998,CHE,DNK,21
21315008,41,64,112,1978.0,343952.0,20492478.0,2.026237,1.442742,CHE,DNK,21
21315009,41,64,112,1979.0,295507.0,35943667.0,1.977282,1.176197,CHE,DNK,21
21315010,41,64,112,1980.0,146443.0,64950727.0,1.756056,1.016284,CHE,DNK,21
21315011,41,64,112,1981.0,271769.0,72450851.0,1.7692029999999999,0.770696,CHE,DNK,21
21315012,41,64,112,1982.0,61813.0,64344644.0,1.87811,0.862556,CHE,DNK,21
21315013,41,64,112,1983.0,69269.0,48934379.0,1.885277,0.886065,CHE,DNK,21
21315014,41,64,112,1984.0,79591.0,35709116.0,1.908664,0.8874540000000001,CHE,DNK,21
21315015,41,64,112,1985.0,155096.0,38589255.0,2.013169,0.9716879999999999,CHE,DNK,21
21315016,41,64,112,1986.0,537860.0,44027959.0,2.243011,1.120316,CHE,DNK,21
21315017,41,64,112,1987.0,183319.0,68978091.0,2.1858619999999997,1.3187200000000001,CHE,DNK,21
21315018,41,64,112,1991.0,363379.0,70465104.0,2.326288,1.134439,CHE,DNK,21
21315019,41,64,112,1993.0,340043.0,27737440.0,2.2766290000000002,0.952183,CHE,DNK,21
21315020,41,64,112,1998.0,342377.0,12604356.0,2.265613,0.668929,CHE,DNK,21
21315021,41,64,112,1976.0,642582.0,6884214.0,1.905399,1.515878,CHE,DNK,21
21315022,41,64,112,1989.0,148602.0,56449108.0,2.1608680000000002,1.076476,CHE,DNK,21
21315023,41,64,112,1990.0,658092.0,38819253.0,2.297446,1.0863610000000001,CHE,DNK,21
21315024,41,64,112,1992.0,568426.0,68731960.0,2.24952,1.014945,CHE,DNK,21
21315025,41,64,112,1994.0,520938.0,31986520.0,2.343897,0.883555,CHE,DNK,21
21315026,41,64,112,1996.0,13840.0,15064733.0,2.344337,0.709607,CHE,DNK,21
21315027,41,64,112,1995.0,181143.0,16671831.0,2.274838,0.826426,CHE,DNK,21
21315028,41,64,112,1997.0,46447.0,13418268.0,2.327788,0.682804,CHE,DNK,21
21315029,42,64,112,1962.0,14905.0,0.0,0.036811,-0.448679,CHL,DNK,21
21315030,42,64,112,1964.0,1088.0,0.0,0.28925300000000004,-0.195452,CHL,DNK,21
21315031,42,64,112,1969.0,8985.0,0.0,-0.204457,-0.6585439999999999,CHL,DNK,21
21315032,42,64,112,1982.0,38199.0,0.0,-0.21456799999999998,-0.5987819999999999,CHL,DNK,21
21315033,42,64,112,1965.0,19824.0,0.0,0.030341000000000003,-0.36913,CHL,DNK,21
21315034,42,64,112,1966.0,15698.0,0.0,0.30167,-0.281746,CHL,DNK,21
21315035,42,64,112,1970.0,8756.0,0.0,-0.18036300000000002,-0.639107,CHL,DNK,21
21315036,42,64,112,1971.0,5047.0,0.0,-0.231579,-0.6383479999999999,CHL,DNK,21
21315037,42,64,112,1972.0,2326.0,0.0,-0.063524,-0.564652,CHL,DNK,21
21315038,42,64,112,1976.0,5513.0,0.0,0.08261900000000001,-0.152784,CHL,DNK,21
21315039,43,64,112,1994.0,406893.0,2504876.0,0.238977,2.174676,CHN,DNK,21
21315040,43,64,112,1995.0,19554.0,897913.0,0.31854899999999997,2.413914,CHN,DNK,21
21315041,43,64,112,1996.0,325245.0,342833.0,0.383975,2.197461,CHN,DNK,21
21315042,43,64,112,1997.0,3585848.0,3286627.0,0.380294,2.389738,CHN,DNK,21
21315043,43,64,112,1998.0,1795540.0,956871.0,0.339414,2.3927169999999998,CHN,DNK,21
21315044,43,64,112,1999.0,0.0,740902.0,0.388705,2.3197919999999996,CHN,DNK,21
21315045,43,64,112,2000.0,6202.0,1797460.0,0.43423,2.461961,CHN,DNK,21
21315046,43,64,112,2001.0,0.0,1768654.0,0.535502,2.28778,CHN,DNK,21
21315047,43,64,112,2002.0,0.0,1969357.0,0.6181220000000001,1.9636759999999998,CHN,DNK,21
21315048,43,64,112,2003.0,110428.0,4548926.0,0.643677,2.033847,CHN,DNK,21
21315049,43,64,112,2004.0,97817.0,23592279.0,0.710603,2.017234,CHN,DNK,21
21315050,43,64,112,2005.0,0.0,78290721.0,0.757865,1.9117669999999998,CHN,DNK,21
21315051,43,64,112,2007.0,203294.0,46755985.0,0.904272,1.537654,CHN,DNK,21
21315052,43,64,112,2008.0,354543.0,101937567.0,0.988158,1.443506,CHN,DNK,21
21315053,43,64,112,2012.0,2502.0,239518248.0,1.2170590000000001,0.584412,CHN,DNK,21
21315054,43,64,112,2013.0,1145.0,328338381.0,1.24864,0.667713,CHN,DNK,21
21315055,43,64,112,2009.0,197375.0,72308898.0,0.9740489999999999,1.416985,CHN,DNK,21
21315056,43,64,112,2010.0,46116.0,107947276.0,1.047792,1.3791280000000001,CHN,DNK,21
21315057,43,64,112,1989.0,3962858.0,326628.0,0.37919899999999995,2.377084,CHN,DNK,21
21315058,43,64,112,2011.0,0.0,139714274.0,1.185758,1.021932,CHN,DNK,21
21315059,43,64,112,2014.0,2256.0,302115660.0,1.316443,0.35039899999999996,CHN,DNK,21
21315060,43,64,112,2015.0,0.0,380429059.0,1.251258,1.091683,CHN,DNK,21
21315061,43,64,112,2016.0,101868.0,356558913.0,1.249079,1.151045,CHN,DNK,21
21315062,43,64,112,2017.0,19044.0,275449523.0,1.2888030000000001,0.9250700000000001,CHN,DNK,21
21315063,43,64,112,2018.0,0.0,155687416.0,1.378018,0.513572,CHN,DNK,21
21315064,43,64,112,2019.0,2035607.0,85258656.0,1.3612,0.49938299999999997,CHN,DNK,21
21315065,43,64,112,2020.0,64584.0,63265563.0,1.2995780000000001,0.625046,CHN,DNK,21
21315066,43,64,112,1990.0,1273218.0,219049.0,0.390967,2.1667650000000003,CHN,DNK,21
21315067,43,64,112,1992.0,21112.0,2374028.0,0.269411,1.920075,CHN,DNK,21
21315068,43,64,112,1993.0,209347.0,2707235.0,0.20543000000000003,2.000367,CHN,DNK,21
21315069,43,64,112,1988.0,1770983.0,373104.0,0.26593,2.229884,CHN,DNK,21
21315070,43,64,112,1991.0,555823.0,952523.0,0.260673,2.121238,CHN,DNK,21
21315071,43,64,112,2006.0,0.0,66438356.0,0.842242,1.7392740000000002,CHN,DNK,21
21315072,43,64,112,1965.0,7737.0,0.0,0.5929479999999999,1.423453,CHN,DNK,21
21315073,43,64,112,1967.0,6026.0,0.0,0.684305,1.7030919999999998,CHN,DNK,21
21315074,43,64,112,1969.0,4208.0,0.0,0.5972390000000001,1.7591139999999998,CHN,DNK,21
21315075,43,64,112,1973.0,2571.0,0.0,0.487712,1.7118080000000002,CHN,DNK,21
21315076,43,64,112,1974.0,0.0,9655.0,0.43914899999999996,1.8291439999999999,CHN,DNK,21
21315077,43,64,112,1987.0,3338870.0,477010.0,0.266467,2.073566,CHN,DNK,21
21315078,43,64,112,1964.0,2080.0,0.0,0.5926359999999999,1.334841,CHN,DNK,21
21315079,43,64,112,1985.0,10636203.0,68887.0,0.302398,2.052993,CHN,DNK,21
21315080,43,64,112,1982.0,359244.0,0.0,0.44420699999999996,2.338003,CHN,DNK,21
21315081,43,64,112,1983.0,2639579.0,1644724.0,0.468343,2.415871,CHN,DNK,21
21315082,43,64,112,1986.0,10093279.0,486001.0,0.186622,2.003123,CHN,DNK,21
21315083,43,64,112,1984.0,2410372.0,36199.0,0.42430100000000004,2.299116,CHN,DNK,21
21315084,43,64,112,1979.0,0.0,72229.0,0.474163,2.2404349999999997,CHN,DNK,21
21315085,46,64,112,1966.0,0.0,7270.0,-0.8056300000000001,-0.614291,COD,DNK,21
21315086,48,64,112,1987.0,159925.0,0.0,0.057826,-0.6393979999999999,COK,DNK,21
21315087,48,64,112,1979.0,28271.0,0.0,0.289409,-0.356993,COK,DNK,21
21315088,49,64,112,1972.0,8733.0,0.0,-0.09930399999999999,-0.394474,COL,DNK,21
21315089,52,64,112,1997.0,0.0,10211.0,-0.158667,0.204758,CRI,DNK,21
21315090,52,64,112,2004.0,0.0,39910.0,-0.036323,-0.313847,CRI,DNK,21
21315091,52,64,112,2005.0,0.0,183343.0,0.073229,-0.25491199999999997,CRI,DNK,21
21315092,52,64,112,1991.0,17193.0,0.0,-0.07827,0.026021,CRI,DNK,21
21315093,53,64,112,1973.0,0.0,979890.0,1.549217,2.6032669999999998,CSK,DNK,21
21315094,53,64,112,1987.0,24591.0,2017562.0,1.774518,2.00953,CSK,DNK,21
21315095,53,64,112,1988.0,7498.0,3215340.0,1.716794,1.946664,CSK,DNK,21
21315096,53,64,112,1962.0,0.0,238704.0,1.6786400000000001,2.879312,CSK,DNK,21
21315097,53,64,112,1963.0,0.0,315037.0,1.7978830000000001,3.034735,CSK,DNK,21
21315098,53,64,112,1964.0,0.0,284357.0,1.792717,2.919219,CSK,DNK,21
21315099,53,64,112,1965.0,0.0,652263.0,1.8258290000000001,2.861214,CSK,DNK,21
21315100,53,64,112,1966.0,0.0,770025.0,1.7615939999999999,2.771267,CSK,DNK,21
21315101,53,64,112,1967.0,0.0,535260.0,1.685491,2.778763,CSK,DNK,21
21315102,53,64,112,1968.0,0.0,302772.0,1.6086129999999998,2.804711,CSK,DNK,21
21315103,53,64,112,1969.0,0.0,166466.0,1.6685599999999998,2.84612,CSK,DNK,21
21315104,53,64,112,1971.0,0.0,81691.0,1.7241369999999998,2.76252,CSK,DNK,21
21315105,53,64,112,1972.0,0.0,986718.0,1.716074,2.538949,CSK,DNK,21
21315106,53,64,112,1974.0,0.0,679999.0,1.296678,2.116386,CSK,DNK,21
21315107,53,64,112,1975.0,0.0,633155.0,1.338394,2.0545430000000002,CSK,DNK,21
21315108,53,64,112,1983.0,0.0,18885.0,1.605309,1.517973,CSK,DNK,21
21315109,53,64,112,1984.0,0.0,1859813.0,1.632743,1.7759639999999999,CSK,DNK,21
21315110,53,64,112,1985.0,2922.0,1099750.0,1.591434,1.748286,CSK,DNK,21
21315111,53,64,112,1986.0,7073.0,2290258.0,1.686079,2.0061869999999997,CSK,DNK,21
21315112,53,64,112,1970.0,0.0,219156.0,1.5614860000000002,2.788408,CSK,DNK,21
21315113,53,64,112,1989.0,0.0,2968251.0,1.5575,1.883823,CSK,DNK,21
21315114,53,64,112,1990.0,0.0,2377529.0,1.4753370000000001,1.984316,CSK,DNK,21
21315115,53,64,112,1978.0,0.0,871834.0,1.3072219999999999,1.8662860000000001,CSK,DNK,21
21315116,53,64,112,1979.0,0.0,672612.0,1.353579,2.028156,CSK,DNK,21
21315117,53,64,112,1980.0,0.0,1648466.0,1.3191959999999998,1.5017280000000002,CSK,DNK,21
21315118,53,64,112,1981.0,0.0,187449.0,1.2791649999999999,1.4439549999999999,CSK,DNK,21
21315119,53,64,112,1991.0,210897.0,1252180.0,1.2325709999999999,2.212502,CSK,DNK,21
21315120,53,64,112,1992.0,143134.0,214263.0,1.116966,2.225331,CSK,DNK,21
21315121,53,64,112,1976.0,0.0,2389067.0,1.1948290000000001,2.2727060000000003,CSK,DNK,21
21315122,53,64,112,1977.0,0.0,187410.0,1.167296,1.942533,CSK,DNK,21
21315123,57,64,112,2000.0,1068.0,0.0,0.602984,-0.688476,CYM,DNK,21
21315124,58,64,112,2014.0,3427.0,0.0,0.476854,0.572103,CYP,DNK,21
21315125,58,64,112,2012.0,0.0,1904.0,0.621962,0.188051,CYP,DNK,21
21315126,58,64,112,2003.0,0.0,3365.0,0.165965,0.288935,CYP,DNK,21
21315127,58,64,112,1974.0,0.0,7856.0,0.24254299999999998,-0.327401,CYP,DNK,21
21315128,58,64,112,1986.0,1606.0,0.0,0.3699,0.336753,CYP,DNK,21
21315129,59,64,112,2000.0,396847.0,13121.0,1.526256,0.9255639999999999,CZE,DNK,21
21315130,59,64,112,2013.0,182162.0,0.0,1.829509,-0.41787700000000005,CZE,DNK,21
21315131,59,64,112,2007.0,290239.0,0.0,1.661947,-0.284736,CZE,DNK,21
21315132,59,64,112,2014.0,27544.0,0.0,1.761204,-0.148263,CZE,DNK,21
21315133,59,64,112,2006.0,86034.0,0.0,1.6478549999999998,0.095131,CZE,DNK,21
21315134,59,64,112,2011.0,89746.0,0.0,1.7717619999999998,-0.315625,CZE,DNK,21
21315135,59,64,112,2015.0,68586.0,22493.0,1.812925,0.13373,CZE,DNK,21
21315136,59,64,112,2001.0,385040.0,162808.0,1.56908,0.860384,CZE,DNK,21
21315137,59,64,112,2012.0,85627.0,0.0,1.7368299999999999,-0.651329,CZE,DNK,21
21315138,59,64,112,2004.0,68231.0,0.0,1.612543,0.607495,CZE,DNK,21
21315139,59,64,112,2016.0,243644.0,1198.0,1.818585,0.341356,CZE,DNK,21
21315140,59,64,112,1998.0,2084934.0,14365.0,1.505737,0.8389909999999999,CZE,DNK,21
21315141,59,64,112,1999.0,1352041.0,115091.0,1.4655790000000002,1.0322120000000001,CZE,DNK,21
21315142,59,64,112,2002.0,113041.0,24058.0,1.5835139999999999,0.9563010000000001,CZE,DNK,21
21315143,59,64,112,2003.0,64839.0,1389.0,1.6742110000000001,0.569922,CZE,DNK,21
21315144,59,64,112,2009.0,77244.0,2397.0,1.679038,-0.129397,CZE,DNK,21
21315145,59,64,112,2010.0,105998.0,0.0,1.770959,-0.060892999999999996,CZE,DNK,21
21315146,59,64,112,1993.0,211107.0,61532.0,1.2642,1.746371,CZE,DNK,21
21315147,59,64,112,2005.0,54718.0,0.0,1.625005,0.447671,CZE,DNK,21
21315148,59,64,112,2018.0,48443.0,0.0,1.8018669999999999,0.022382,CZE,DNK,21
21315149,59,64,112,1997.0,436257.0,40114.0,1.450452,1.031814,CZE,DNK,21
21315150,59,64,112,2017.0,25604.0,191865.0,1.8494680000000001,0.150088,CZE,DNK,21
21315151,59,64,112,1995.0,196702.0,6075.0,1.4096600000000001,1.239983,CZE,DNK,21
21315152,59,64,112,2008.0,243884.0,8506.0,1.643978,-0.24086300000000002,CZE,DNK,21
21315153,59,64,112,1994.0,131221.0,57186.0,1.421819,1.269007,CZE,DNK,21
21315154,59,64,112,1996.0,485340.0,103311.0,1.412088,1.171914,CZE,DNK,21
21315155,61,64,112,1990.0,3701063.0,59985261.0,2.3047779999999998,-1.900406,DEU,DNK,21
21315156,61,64,112,1994.0,1299247.0,38127089.0,2.402409,-2.556117,DEU,DNK,21
21315157,61,64,112,1995.0,1320188.0,30040176.0,2.4218,-2.412578,DEU,DNK,21
21315158,61,64,112,1997.0,11038339.0,43067391.0,2.360316,-2.655514,DEU,DNK,21
21315159,61,64,112,1998.0,5186801.0,29875691.0,2.398725,-2.483955,DEU,DNK,21
21315160,61,64,112,1999.0,827012.0,25241530.0,2.3608849999999997,-2.138199,DEU,DNK,21
21315161,61,64,112,2001.0,9118834.0,15459163.0,2.335872,-2.09875,DEU,DNK,21
21315162,61,64,112,2004.0,13282478.0,26557587.0,2.4453099999999997,-2.331761,DEU,DNK,21
21315163,61,64,112,2008.0,18600339.0,12269277.0,2.028301,-3.224271,DEU,DNK,21
21315164,61,64,112,2009.0,8137393.0,6026059.0,2.041426,-3.422743,DEU,DNK,21
21315165,61,64,112,2015.0,23179773.0,15069941.0,2.305792,-2.676862,DEU,DNK,21
21315166,61,64,112,2016.0,21623685.0,12392983.0,2.307429,-2.341644,DEU,DNK,21
21315167,61,64,112,2017.0,293627.0,5329780.0,2.164026,-2.458307,DEU,DNK,21
21315168,61,64,112,2018.0,346625.0,2489671.0,2.126861,-2.619524,DEU,DNK,21
21315169,61,64,112,2019.0,0.0,491709.0,2.058602,-2.218827,DEU,DNK,21
21315170,61,64,112,2020.0,0.0,277721.0,1.961063,-2.199807,DEU,DNK,21
21315171,61,64,112,1989.0,6655690.0,86602159.0,2.23201,-2.161829,DEU,DNK,21
21315172,61,64,112,1991.0,7115093.0,80030278.0,2.3225700000000002,-2.126672,DEU,DNK,21
21315173,61,64,112,1992.0,3100779.0,75223311.0,2.2968349999999997,-2.581569,DEU,DNK,21
21315174,61,64,112,1993.0,1605843.0,43071995.0,2.374316,-2.629723,DEU,DNK,21
21315175,61,64,112,1996.0,4551594.0,59384733.0,2.347101,-2.4792799999999997,DEU,DNK,21
21315176,61,64,112,2000.0,7089757.0,18705752.0,2.3753580000000003,-2.4481029999999997,DEU,DNK,21
21315177,61,64,112,2002.0,9979959.0,15362375.0,2.367856,-2.195331,DEU,DNK,21
21315178,61,64,112,2003.0,8427439.0,16664723.0,2.409758,-2.243778,DEU,DNK,21
21315179,61,64,112,2005.0,16179477.0,25853984.0,2.281822,-2.670782,DEU,DNK,21
21315180,61,64,112,2006.0,19039597.0,34291635.0,2.135679,-2.933329,DEU,DNK,21
21315181,61,64,112,2007.0,19591807.0,28171253.0,2.051962,-3.136816,DEU,DNK,21
21315182,61,64,112,2010.0,19802143.0,5113606.0,2.115004,-3.3083650000000002,DEU,DNK,21
21315183,61,64,112,2011.0,23131239.0,8707686.0,2.057418,-3.459737,DEU,DNK,21
21315184,61,64,112,2012.0,20695489.0,13611920.0,1.977443,-3.692254,DEU,DNK,21
21315185,61,64,112,2013.0,29518479.0,15278737.0,2.1086869999999998,-3.7092,DEU,DNK,21
21315186,61,64,112,2014.0,28084902.0,20090345.0,2.106119,-3.225189,DEU,DNK,21
21315187,61,64,112,1970.0,1685063.0,26138536.0,2.311743,-1.396571,DEU,DNK,21
21315188,61,64,112,1971.0,2277937.0,28317041.0,2.304817,-1.885431,DEU,DNK,21
21315189,61,64,112,1978.0,3025728.0,81458752.0,2.107491,-3.2783559999999996,DEU,DNK,21
21315190,61,64,112,1979.0,4309882.0,114846812.0,2.034494,-3.751922,DEU,DNK,21
21315191,61,64,112,1980.0,4167902.0,142639866.0,1.8394169999999999,-4.557479,DEU,DNK,21
21315192,61,64,112,1981.0,2422136.0,93728670.0,1.8353509999999997,-4.685452,DEU,DNK,21
21315193,61,64,112,1982.0,1930634.0,102351704.0,1.9565110000000001,-3.978064,DEU,DNK,21
21315194,61,64,112,1962.0,785297.0,5655666.0,2.4106549999999998,-0.518005,DEU,DNK,21
21315195,61,64,112,1963.0,760911.0,6121236.0,2.393412,-1.411257,DEU,DNK,21
21315196,61,64,112,1964.0,1286005.0,9209842.0,2.367741,-1.3928690000000001,DEU,DNK,21
21315197,61,64,112,1965.0,910215.0,13536786.0,2.468034,-1.4697209999999998,DEU,DNK,21
21315198,61,64,112,1966.0,605425.0,16072953.0,2.355407,-1.375067,DEU,DNK,21
21315199,61,64,112,1967.0,1382325.0,11922364.0,2.2959400000000003,-1.771377,DEU,DNK,21
21315200,61,64,112,1968.0,999508.0,23493039.0,2.2253979999999998,-1.8081060000000002,DEU,DNK,21
21315201,61,64,112,1969.0,1867768.0,26068325.0,2.314731,-1.690981,DEU,DNK,21
21315202,61,64,112,1972.0,2165162.0,34159012.0,2.3335169999999996,-1.881743,DEU,DNK,21
21315203,61,64,112,1973.0,2452504.0,43316620.0,2.28934,-2.513276,DEU,DNK,21
21315204,61,64,112,1974.0,2377315.0,39972288.0,1.927656,-3.9276720000000003,DEU,DNK,21
21315205,61,64,112,1975.0,2218828.0,51300570.0,2.031848,-4.363862999999999,DEU,DNK,21
21315206,61,64,112,1983.0,2540361.0,88851818.0,1.977861,-3.3039080000000003,DEU,DNK,21
21315207,61,64,112,1984.0,2275732.0,60252148.0,1.980635,-3.3931989999999996,DEU,DNK,21
21315208,61,64,112,1985.0,2375167.0,79432073.0,2.088849,-3.337592,DEU,DNK,21
21315209,61,64,112,1986.0,6289710.0,93860104.0,2.295101,-2.270203,DEU,DNK,21
21315210,61,64,112,1987.0,4123528.0,111982162.0,2.307656,-1.7128450000000002,DEU,DNK,21
21315211,61,64,112,1988.0,4125880.0,119904528.0,2.2490580000000002,-1.9861400000000002,DEU,DNK,21
21315212,61,64,112,1976.0,2886631.0,56775792.0,1.925126,-4.4309,DEU,DNK,21
21315213,61,64,112,1977.0,2656451.0,73567753.0,1.697741,-4.697726,DEU,DNK,21
21315214,65,64,112,2000.0,0.0,107799.0,-0.5679569999999999,-0.61125,DOM,DNK,21
21315215,65,64,112,1989.0,0.0,107061.0,-0.26882,-0.450275,DOM,DNK,21
21315216,65,64,112,1983.0,0.0,70101.0,-0.143512,-0.47903900000000005,DOM,DNK,21
21315217,65,64,112,1986.0,0.0,474570.0,-0.14176,-0.47124399999999994,DOM,DNK,21
21315218,65,64,112,1988.0,0.0,363433.0,-0.291937,-0.507015,DOM,DNK,21
21315219,65,64,112,1987.0,0.0,450496.0,-0.149001,-0.46996000000000004,DOM,DNK,21
21315220,65,64,112,1984.0,0.0,7552.0,-0.182872,-0.46293199999999995,DOM,DNK,21
21315221,66,64,112,2016.0,0.0,17694.0,-1.243568,-1.232077,DZA,DNK,21
21315222,68,64,112,1990.0,27845.0,0.0,-0.052487,-0.44934700000000005,EGY,DNK,21
21315223,68,64,112,2009.0,0.0,7854.0,-0.218081,1.504799,EGY,DNK,21
21315224,68,64,112,2004.0,1542.0,0.0,-0.35823499999999997,0.5000100000000001,EGY,DNK,21
21315225,68,64,112,2003.0,5915.0,0.0,-0.315301,0.657809,EGY,DNK,21
21315226,68,64,112,1993.0,1043.0,0.0,-0.270739,-0.16044,EGY,DNK,21
21315227,71,64,112,1991.0,0.0,8508997.0,1.240047,1.8942240000000001,ESP,DNK,21
21315228,71,64,112,1997.0,450187.0,7693460.0,1.068989,1.9429439999999998,ESP,DNK,21
21315229,71,64,112,2004.0,2162492.0,1888786.0,1.04057,1.789023,ESP,DNK,21
21315230,71,64,112,2010.0,4067431.0,577921.0,0.992818,1.6100700000000001,ESP,DNK,21
21315231,71,64,112,2012.0,6347960.0,858457.0,0.925701,1.8700189999999999,ESP,DNK,21
21315232,71,64,112,2013.0,11836409.0,1068582.0,0.955472,1.80005,ESP,DNK,21
21315233,71,64,112,2014.0,7197435.0,1184338.0,0.9574159999999999,1.787233,ESP,DNK,21
21315234,71,64,112,2015.0,7035426.0,595658.0,0.893726,1.9827139999999999,ESP,DNK,21
21315235,71,64,112,1999.0,333138.0,4709726.0,1.081651,1.834609,ESP,DNK,21
21315236,71,64,112,2000.0,1285939.0,4873624.0,1.158711,1.7613189999999999,ESP,DNK,21
21315237,71,64,112,2009.0,1718237.0,313573.0,1.0229780000000002,1.347901,ESP,DNK,21
21315238,71,64,112,2011.0,6348787.0,1694816.0,0.9554520000000001,1.846371,ESP,DNK,21
21315239,71,64,112,2016.0,4823090.0,140568.0,0.795006,2.203292,ESP,DNK,21
21315240,71,64,112,2017.0,5775994.0,19398.0,0.7720279999999999,2.434042,ESP,DNK,21
21315241,71,64,112,2018.0,3735991.0,56329.0,0.851197,2.261012,ESP,DNK,21
21315242,71,64,112,2019.0,3539081.0,142618.0,0.799822,2.383539,ESP,DNK,21
21315243,71,64,112,2020.0,1567836.0,5314.0,0.766163,2.268333,ESP,DNK,21
21315244,71,64,112,2001.0,655574.0,3549545.0,1.1380350000000001,1.7870139999999999,ESP,DNK,21
21315245,71,64,112,2002.0,713716.0,2694226.0,1.054108,1.9357349999999998,ESP,DNK,21
21315246,71,64,112,1989.0,50801.0,8117583.0,1.173997,1.9542689999999998,ESP,DNK,21
21315247,71,64,112,1990.0,63666.0,5249680.0,1.214777,1.957139,ESP,DNK,21
21315248,71,64,112,1992.0,3426.0,8139973.0,1.301511,1.730441,ESP,DNK,21
21315249,71,64,112,2008.0,1913099.0,1995176.0,0.96614,1.618105,ESP,DNK,21
21315250,71,64,112,2005.0,1947214.0,2286370.0,1.053859,1.626516,ESP,DNK,21
21315251,71,64,112,2006.0,2273870.0,2805338.0,0.9909459999999999,1.785809,ESP,DNK,21
21315252,71,64,112,2007.0,1842070.0,2058428.0,1.0031809999999999,1.5022469999999999,ESP,DNK,21
21315253,71,64,112,1994.0,80941.0,7227341.0,1.254037,1.8126259999999998,ESP,DNK,21
21315254,71,64,112,1995.0,112116.0,4681323.0,1.2111370000000001,1.789998,ESP,DNK,21
21315255,71,64,112,1996.0,85971.0,4176466.0,1.157591,1.795643,ESP,DNK,21
21315256,71,64,112,1998.0,706260.0,6030449.0,1.049748,1.842801,ESP,DNK,21
21315257,71,64,112,2003.0,660651.0,1843981.0,1.046206,1.869592,ESP,DNK,21
21315258,71,64,112,1993.0,203808.0,3591791.0,1.290443,1.7061099999999998,ESP,DNK,21
21315259,71,64,112,1985.0,0.0,3756602.0,1.242168,1.9889720000000002,ESP,DNK,21
21315260,71,64,112,1973.0,0.0,1445326.0,0.8936069999999999,1.755696,ESP,DNK,21
21315261,71,64,112,1978.0,0.0,2363582.0,1.118999,2.2511189999999996,ESP,DNK,21
21315262,71,64,112,1979.0,0.0,3435091.0,1.1771989999999999,2.1863189999999997,ESP,DNK,21
21315263,71,64,112,1981.0,0.0,4717921.0,1.162348,1.961497,ESP,DNK,21
21315264,71,64,112,1982.0,0.0,5383202.0,1.205171,1.9682669999999998,ESP,DNK,21
21315265,71,64,112,1983.0,0.0,4830032.0,1.084614,2.08549,ESP,DNK,21
21315266,71,64,112,1984.0,0.0,3058033.0,1.143494,2.017171,ESP,DNK,21
21315267,71,64,112,1980.0,0.0,3995676.0,1.13714,2.045642,ESP,DNK,21
21315268,71,64,112,1986.0,0.0,5425872.0,1.208836,2.051042,ESP,DNK,21
21315269,71,64,112,1987.0,239308.0,6009023.0,1.1571069999999999,2.103481,ESP,DNK,21
21315270,71,64,112,1988.0,77942.0,6145913.0,1.11896,2.047666,ESP,DNK,21
21315271,71,64,112,1972.0,0.0,704580.0,0.9582149999999999,1.7064110000000001,ESP,DNK,21
21315272,71,64,112,1967.0,4161.0,92912.0,0.7215229999999999,1.200404,ESP,DNK,21
21315273,71,64,112,1969.0,0.0,169192.0,1.081226,1.700386,ESP,DNK,21
21315274,71,64,112,1970.0,0.0,194386.0,0.9979129999999999,1.7401209999999998,ESP,DNK,21
21315275,71,64,112,1971.0,0.0,352422.0,0.9618040000000001,1.789808,ESP,DNK,21
21315276,71,64,112,1975.0,0.0,2054378.0,0.887158,2.1441830000000004,ESP,DNK,21
21315277,71,64,112,1962.0,0.0,9124.0,0.532313,0.44270299999999996,ESP,DNK,21
21315278,71,64,112,1966.0,0.0,19922.0,0.696233,1.012546,ESP,DNK,21
21315279,71,64,112,1968.0,1129.0,99284.0,0.781529,1.259275,ESP,DNK,21
21315280,71,64,112,1974.0,0.0,2080476.0,0.888235,2.233851,ESP,DNK,21
21315281,71,64,112,1963.0,0.0,2066.0,0.44889799999999996,0.624797,ESP,DNK,21
21315282,71,64,112,1964.0,1156.0,2037.0,0.604835,0.909892,ESP,DNK,21
21315283,71,64,112,1965.0,0.0,16281.0,0.710541,1.062915,ESP,DNK,21
21315284,71,64,112,1976.0,0.0,2540073.0,0.903385,2.223263,ESP,DNK,21
21315285,71,64,112,1977.0,0.0,3362014.0,0.8700459999999999,2.3332919999999997,ESP,DNK,21
21315286,72,64,112,2013.0,323219.0,253859.0,0.923321,1.290016,EST,DNK,21
21315287,72,64,112,2014.0,378618.0,1250648.0,1.022704,1.175645,EST,DNK,21
21315288,72,64,112,2015.0,367867.0,679845.0,0.973858,1.131766,EST,DNK,21
21315289,72,64,112,2016.0,6893.0,208385.0,0.958292,1.190173,EST,DNK,21
21315290,72,64,112,2004.0,583016.0,1151801.0,0.645741,1.035117,EST,DNK,21
21315291,72,64,112,1999.0,733691.0,2912786.0,0.524043,1.195208,EST,DNK,21
21315292,72,64,112,1997.0,503061.0,2033885.0,0.45792,1.148099,EST,DNK,21
21315293,72,64,112,1996.0,448963.0,1272447.0,0.445854,1.115429,EST,DNK,21
21315294,72,64,112,2011.0,326093.0,278621.0,1.011931,1.182236,EST,DNK,21
21315295,72,64,112,2012.0,198748.0,690589.0,0.8603,1.3146870000000002,EST,DNK,21
21315296,72,64,112,2019.0,484326.0,213793.0,0.909962,1.482792,EST,DNK,21
21315297,72,64,112,1998.0,1187929.0,2950379.0,0.520386,1.475875,EST,DNK,21
21315298,72,64,112,1995.0,422482.0,160517.0,0.52676,1.4011959999999999,EST,DNK,21
21315299,72,64,112,2007.0,631116.0,930912.0,0.804185,1.324716,EST,DNK,21
21315300,72,64,112,2017.0,103839.0,182616.0,1.004481,1.311075,EST,DNK,21
21315301,72,64,112,2018.0,534721.0,286385.0,0.957627,1.294173,EST,DNK,21
21315302,72,64,112,2008.0,589169.0,194953.0,0.762949,1.6701869999999999,EST,DNK,21
21315303,72,64,112,2009.0,284311.0,0.0,0.8222790000000001,1.347004,EST,DNK,21
21315304,72,64,112,2006.0,415174.0,977749.0,0.737979,1.1881950000000001,EST,DNK,21
21315305,72,64,112,2010.0,396105.0,568402.0,0.803516,1.352642,EST,DNK,21
21315306,72,64,112,2020.0,21998.0,10289.0,0.9863559999999999,1.333008,EST,DNK,21
21315307,72,64,112,2001.0,505612.0,4183429.0,0.53422,0.9372790000000001,EST,DNK,21
21315308,72,64,112,2002.0,78413.0,4268370.0,0.576142,1.168563,EST,DNK,21
21315309,72,64,112,2003.0,1122072.0,3827865.0,0.6431939999999999,1.116969,EST,DNK,21
21315310,72,64,112,2005.0,1210878.0,766126.0,0.744712,1.202391,EST,DNK,21
21315311,72,64,112,1992.0,1540816.0,0.0,0.22019699999999998,0.0198,EST,DNK,21
21315312,72,64,112,1993.0,647744.0,9671.0,0.19197999999999998,0.33518400000000004,EST,DNK,21
21315313,72,64,112,2000.0,256058.0,3557299.0,0.353545,0.665942,EST,DNK,21
21315314,72,64,112,1994.0,401460.0,18511.0,0.27031900000000003,1.033541,EST,DNK,21
21315315,73,64,112,1989.0,4293.0,0.0,-0.9259299999999999,-0.9666,ETH,DNK,21
21315316,73,64,112,1993.0,35814.0,0.0,-0.828259,-1.04875,ETH,DNK,21
21315317,73,64,112,2003.0,0.0,6400.0,-1.303143,-1.0157209999999999,ETH,DNK,21
21315318,73,64,112,1992.0,14804.0,0.0,-1.036482,-1.078446,ETH,DNK,21
21315319,73,64,112,1991.0,8843.0,0.0,-1.014659,-1.0170489999999999,ETH,DNK,21
21315320,73,64,112,1987.0,2136.0,0.0,-0.8965069999999999,-0.856384,ETH,DNK,21
21315321,73,64,112,1970.0,36192.0,0.0,-0.9101629999999999,-0.9685790000000001,ETH,DNK,21
21315322,73,64,112,1979.0,1778.0,0.0,-1.087081,-0.9283530000000001,ETH,DNK,21
21315323,74,64,112,1994.0,10853197.0,17783177.0,1.8981270000000001,1.24787,FIN,DNK,21
21315324,74,64,112,2005.0,13078332.0,24991266.0,1.961555,0.858849,FIN,DNK,21
21315325,74,64,112,2011.0,32220816.0,32547038.0,1.7162240000000002,0.903516,FIN,DNK,21
21315326,74,64,112,2012.0,21427156.0,34665136.0,1.5813700000000002,0.872251,FIN,DNK,21
21315327,74,64,112,1992.0,4252563.0,15839236.0,1.929661,1.3477,FIN,DNK,21
21315328,74,64,112,1993.0,5458913.0,15829164.0,1.842473,1.3741379999999999,FIN,DNK,21
21315329,74,64,112,1995.0,717888.0,17051252.0,2.108075,1.099059,FIN,DNK,21
21315330,74,64,112,1996.0,1647066.0,28669911.0,2.007619,1.016303,FIN,DNK,21
21315331,74,64,112,1997.0,3568522.0,20903799.0,1.991377,1.047477,FIN,DNK,21
21315332,74,64,112,1998.0,1687949.0,22314097.0,1.955559,0.9756879999999999,FIN,DNK,21
21315333,74,64,112,1999.0,940141.0,16316889.0,1.9599389999999999,0.962261,FIN,DNK,21
21315334,74,64,112,2000.0,2521164.0,9676493.0,1.9705560000000002,0.874341,FIN,DNK,21
21315335,74,64,112,2001.0,7580677.0,11543454.0,1.9661669999999998,1.000436,FIN,DNK,21
21315336,74,64,112,2006.0,24449040.0,31711601.0,1.8630220000000002,0.87172,FIN,DNK,21
21315337,74,64,112,2010.0,21743456.0,27706124.0,1.6940389999999999,0.946305,FIN,DNK,21
21315338,74,64,112,2014.0,26041573.0,28507173.0,1.591758,0.9737819999999999,FIN,DNK,21
21315339,74,64,112,2009.0,16307413.0,24832202.0,1.817984,0.808595,FIN,DNK,21
21315340,74,64,112,2007.0,14702472.0,26274689.0,1.845464,0.736017,FIN,DNK,21
21315341,74,64,112,2008.0,20010193.0,28749864.0,1.72795,0.837151,FIN,DNK,21
21315342,74,64,112,2017.0,12987459.0,13373873.0,1.6562990000000002,0.94619,FIN,DNK,21
21315343,74,64,112,2019.0,5425645.0,10200628.0,1.453063,1.008861,FIN,DNK,21
21315344,74,64,112,2020.0,6487801.0,7242530.0,1.4016469999999999,1.07154,FIN,DNK,21
21315345,74,64,112,2004.0,21812550.0,22735175.0,1.9662810000000002,1.018108,FIN,DNK,21
21315346,74,64,112,2013.0,36372588.0,38161885.0,1.700282,0.867677,FIN,DNK,21
21315347,74,64,112,2018.0,12351011.0,12448386.0,1.561518,1.0198450000000001,FIN,DNK,21
21315348,74,64,112,2002.0,13429095.0,18738893.0,1.9545119999999998,1.047515,FIN,DNK,21
21315349,74,64,112,1989.0,2464961.0,13200736.0,1.82413,1.400048,FIN,DNK,21
21315350,74,64,112,1990.0,3647929.0,6523914.0,1.8661130000000001,1.410782,FIN,DNK,21
21315351,74,64,112,1991.0,2102993.0,9916476.0,1.94885,1.430433,FIN,DNK,21
21315352,74,64,112,1973.0,7185871.0,1933751.0,1.286851,1.312499,FIN,DNK,21
21315353,74,64,112,1974.0,12546598.0,1421611.0,1.2140520000000001,1.441429,FIN,DNK,21
21315354,74,64,112,1975.0,24417784.0,2332520.0,1.346743,1.638866,FIN,DNK,21
21315355,74,64,112,1976.0,14431387.0,2985905.0,1.414654,1.332183,FIN,DNK,21
21315356,74,64,112,1977.0,26327745.0,4402165.0,1.2614370000000001,1.231442,FIN,DNK,21
21315357,74,64,112,1978.0,28933962.0,4451425.0,1.429258,1.295421,FIN,DNK,21
21315358,74,64,112,1979.0,39663879.0,8962930.0,1.401422,1.438568,FIN,DNK,21
21315359,74,64,112,1980.0,36137523.0,18619538.0,1.3408579999999999,1.4248610000000002,FIN,DNK,21
21315360,74,64,112,1981.0,10894723.0,11822835.0,1.26512,1.37789,FIN,DNK,21
21315361,74,64,112,1982.0,18716108.0,12309708.0,1.494892,1.540117,FIN,DNK,21
21315362,74,64,112,1983.0,11660378.0,14691372.0,1.547773,1.662132,FIN,DNK,21
21315363,74,64,112,1984.0,3476165.0,6559248.0,1.490313,1.587169,FIN,DNK,21
21315364,74,64,112,1985.0,5274232.0,10758841.0,1.7100950000000001,1.586964,FIN,DNK,21
21315365,74,64,112,1986.0,5761228.0,13595817.0,1.810314,1.5777370000000002,FIN,DNK,21
21315366,74,64,112,1987.0,24341177.0,16870896.0,1.804301,1.488441,FIN,DNK,21
21315367,74,64,112,1988.0,7340904.0,22868086.0,1.7362240000000002,1.461849,FIN,DNK,21
21315368,74,64,112,2015.0,39489814.0,20159540.0,1.58637,1.0265389999999999,FIN,DNK,21
21315369,74,64,112,2016.0,18078837.0,11763661.0,1.621764,1.026393,FIN,DNK,21
21315370,74,64,112,1967.0,6945663.0,723958.0,1.455478,1.147373,FIN,DNK,21
21315371,74,64,112,2003.0,16963571.0,21289158.0,2.036308,0.9777889999999999,FIN,DNK,21
21315372,74,64,112,1964.0,3736671.0,327815.0,1.293779,0.751368,FIN,DNK,21
21315373,74,64,112,1963.0,555196.0,78813.0,1.375939,0.807489,FIN,DNK,21
21315374,74,64,112,1965.0,1329847.0,552706.0,1.331217,0.73373,FIN,DNK,21
21315375,74,64,112,1966.0,5998027.0,674862.0,1.46879,1.201158,FIN,DNK,21
21315376,74,64,112,1972.0,4937833.0,535614.0,1.3664379999999998,1.336475,FIN,DNK,21
21315377,74,64,112,1962.0,63136.0,11422.0,1.1255389999999998,0.31098000000000003,FIN,DNK,21
21315378,74,64,112,1968.0,6452654.0,526743.0,1.401928,1.205835,FIN,DNK,21
21315379,74,64,112,1969.0,4089139.0,1751159.0,1.489982,1.369816,FIN,DNK,21
21315380,74,64,112,1970.0,4661955.0,1341651.0,1.458573,1.416044,FIN,DNK,21
21315381,74,64,112,1971.0,3564499.0,401967.0,1.382261,1.410232,FIN,DNK,21
21315382,77,64,112,1991.0,373549.0,28210411.0,1.7085,1.57273,FRA,DNK,21
21315383,77,64,112,1992.0,527147.0,20129567.0,1.682766,1.2713430000000001,FRA,DNK,21
21315384,77,64,112,1994.0,146636.0,8428032.0,1.695588,1.057641,FRA,DNK,21
21315385,77,64,112,1995.0,183849.0,3366443.0,1.852554,0.414677,FRA,DNK,21
21315386,77,64,112,1997.0,693809.0,11006648.0,1.6737630000000001,0.7499439999999999,FRA,DNK,21
21315387,77,64,112,2002.0,339213.0,5768146.0,1.648526,0.6870430000000001,FRA,DNK,21
21315388,77,64,112,2003.0,264320.0,5905196.0,1.634758,0.66581,FRA,DNK,21
21315389,77,64,112,2005.0,236924.0,8438777.0,1.525785,0.543208,FRA,DNK,21
21315390,77,64,112,2011.0,311467.0,3531653.0,1.464241,0.097453,FRA,DNK,21
21315391,77,64,112,2012.0,1738956.0,1503623.0,1.414721,0.07219600000000001,FRA,DNK,21
21315392,77,64,112,2013.0,3748757.0,978510.0,1.5253299999999999,0.026146,FRA,DNK,21
21315393,77,64,112,2014.0,2049586.0,1665585.0,1.432323,0.43023,FRA,DNK,21
21315394,77,64,112,2017.0,3134635.0,265652.0,1.3874030000000002,0.8887719999999999,FRA,DNK,21
21315395,77,64,112,1993.0,37733.0,8097073.0,1.7458349999999998,0.79503,FRA,DNK,21
21315396,77,64,112,1996.0,354829.0,9431132.0,1.571365,1.187529,FRA,DNK,21
21315397,77,64,112,1998.0,153121.0,6215967.0,1.653518,0.7599899999999999,FRA,DNK,21
21315398,77,64,112,1999.0,178437.0,5981098.0,1.636221,0.682519,FRA,DNK,21
21315399,77,64,112,2000.0,269465.0,1395648.0,1.644969,0.56481,FRA,DNK,21
21315400,77,64,112,2001.0,399192.0,4286410.0,1.6143809999999998,0.626221,FRA,DNK,21
21315401,77,64,112,2004.0,165724.0,7478293.0,1.57079,0.6776760000000001,FRA,DNK,21
21315402,77,64,112,2006.0,489915.0,11352729.0,1.499686,0.16705699999999998,FRA,DNK,21
21315403,77,64,112,2007.0,350631.0,9742458.0,1.413086,-0.07526000000000001,FRA,DNK,21
21315404,77,64,112,2008.0,886439.0,7066498.0,1.488816,-0.452563,FRA,DNK,21
21315405,77,64,112,2009.0,698588.0,2160542.0,1.527516,-0.306229,FRA,DNK,21
21315406,77,64,112,2010.0,1656841.0,3804414.0,1.5047760000000001,0.001199,FRA,DNK,21
21315407,77,64,112,2015.0,1465355.0,1068306.0,1.439999,0.764368,FRA,DNK,21
21315408,77,64,112,2016.0,585309.0,900173.0,1.490723,0.8471559999999999,FRA,DNK,21
21315409,77,64,112,1990.0,396419.0,18831185.0,1.669715,1.508365,FRA,DNK,21
21315410,77,64,112,2019.0,1690206.0,376712.0,1.293666,1.116506,FRA,DNK,21
21315411,77,64,112,2018.0,2297732.0,752914.0,1.3578540000000001,0.9033700000000001,FRA,DNK,21
21315412,77,64,112,2020.0,403677.0,28241.0,1.2875159999999999,0.9690559999999999,FRA,DNK,21
21315413,77,64,112,1978.0,680818.0,15335121.0,1.646955,0.9724659999999999,FRA,DNK,21
21315414,77,64,112,1962.0,65991.0,733391.0,1.846026,2.297136,FRA,DNK,21
21315415,77,64,112,1963.0,81048.0,863088.0,1.8066380000000002,2.178048,FRA,DNK,21
21315416,77,64,112,1966.0,39289.0,1620422.0,1.789189,2.2593080000000003,FRA,DNK,21
21315417,77,64,112,1968.0,53525.0,2944534.0,1.7160810000000002,1.713236,FRA,DNK,21
21315418,77,64,112,1969.0,61988.0,3165572.0,1.8168810000000002,1.280003,FRA,DNK,21
21315419,77,64,112,1970.0,63420.0,2149608.0,1.7668139999999999,1.386095,FRA,DNK,21
21315420,77,64,112,1971.0,82142.0,1678508.0,1.7299959999999999,1.562786,FRA,DNK,21
21315421,77,64,112,1972.0,198806.0,3846159.0,1.659743,1.8874959999999998,FRA,DNK,21
21315422,77,64,112,1973.0,263152.0,7632818.0,1.6488599999999998,1.432863,FRA,DNK,21
21315423,77,64,112,1974.0,178979.0,7874076.0,1.477955,-0.689535,FRA,DNK,21
21315424,77,64,112,1975.0,614024.0,9018020.0,1.613889,-0.820149,FRA,DNK,21
21315425,77,64,112,1979.0,602175.0,29231167.0,1.647521,0.415969,FRA,DNK,21
21315426,77,64,112,1980.0,681946.0,31992092.0,1.498672,-0.30297399999999997,FRA,DNK,21
21315427,77,64,112,1982.0,824981.0,28671579.0,1.572164,0.28068000000000004,FRA,DNK,21
21315428,77,64,112,1987.0,808527.0,27212433.0,1.7136770000000001,1.574565,FRA,DNK,21
21315429,77,64,112,1965.0,25413.0,1112503.0,1.965084,1.587269,FRA,DNK,21
21315430,77,64,112,1981.0,978372.0,25569005.0,1.522777,-0.132459,FRA,DNK,21
21315431,77,64,112,1986.0,1967295.0,17086429.0,1.6510099999999999,1.772803,FRA,DNK,21
21315432,77,64,112,1989.0,971524.0,27455590.0,1.5896549999999998,1.5629709999999999,FRA,DNK,21
21315433,77,64,112,1967.0,34409.0,1836240.0,1.78608,1.9817189999999998,FRA,DNK,21
21315434,77,64,112,1983.0,837219.0,19914177.0,1.568431,0.46635299999999996,FRA,DNK,21
21315435,77,64,112,1984.0,1123527.0,15466953.0,1.600737,0.828666,FRA,DNK,21
21315436,77,64,112,1985.0,1089668.0,14485660.0,1.644796,0.825614,FRA,DNK,21
21315437,77,64,112,1988.0,751532.0,23530602.0,1.646985,1.580049,FRA,DNK,21
21315438,77,64,112,1964.0,37108.0,964845.0,1.864081,1.702066,FRA,DNK,21
21315439,77,64,112,1977.0,389044.0,15452614.0,1.4281469999999998,-0.739484,FRA,DNK,21
21315440,77,64,112,1976.0,1249243.0,13594610.0,1.6000299999999998,-0.785133,FRA,DNK,21
21315441,78,64,112,1987.0,49068.0,0.0,-0.639573,-0.751178,FRO,DNK,21
21315442,78,64,112,2013.0,0.0,1521.0,-1.059294,-0.799578,FRO,DNK,21
21315443,78,64,112,2016.0,0.0,4199.0,-0.97739,-1.021066,FRO,DNK,21
21315444,78,64,112,2000.0,36164.0,1781.0,-0.25500700000000004,-0.823207,FRO,DNK,21
21315445,78,64,112,2003.0,0.0,4643.0,-0.489885,-0.859408,FRO,DNK,21
21315446,78,64,112,2005.0,51407.0,0.0,-1.114464,-0.9980389999999999,FRO,DNK,21
21315447,78,64,112,2006.0,101013.0,1836.0,-0.111228,-0.776069,FRO,DNK,21
21315448,78,64,112,2007.0,50295.0,0.0,-0.443902,-0.830616,FRO,DNK,21
21315449,78,64,112,2008.0,9842.0,0.0,-0.23844,-0.786443,FRO,DNK,21
21315450,78,64,112,2002.0,53985.0,0.0,-0.33811399999999997,-0.8092050000000001,FRO,DNK,21
21315451,78,64,112,1988.0,281021.0,2228.0,-0.6037399999999999,-0.757794,FRO,DNK,21
21315452,78,64,112,1991.0,40676.0,2797.0,-0.781026,-0.833951,FRO,DNK,21
21315453,78,64,112,1992.0,58246.0,0.0,-0.51381,-0.8512059999999999,FRO,DNK,21
21315454,78,64,112,1994.0,5966.0,0.0,0.02044,-0.69496,FRO,DNK,21
21315455,78,64,112,1996.0,15146.0,0.0,-0.644187,-0.795554,FRO,DNK,21
21315456,78,64,112,1997.0,162257.0,0.0,-0.530698,-0.7939109999999999,FRO,DNK,21
21315457,78,64,112,2010.0,0.0,1043.0,-1.025333,-1.055876,FRO,DNK,21
21315458,78,64,112,1999.0,11449.0,0.0,-0.513829,-0.895782,FRO,DNK,21
21315459,78,64,112,2011.0,0.0,6713.0,-0.964918,-0.9707540000000001,FRO,DNK,21
21315460,78,64,112,1989.0,79343.0,0.0,-0.714813,-0.789539,FRO,DNK,21
21315461,78,64,112,1990.0,12598.0,0.0,-0.525691,-0.81189,FRO,DNK,21
21315462,78,64,112,1993.0,176122.0,0.0,-0.747529,-0.8880370000000001,FRO,DNK,21
21315463,78,64,112,1986.0,142475.0,0.0,-0.461921,-0.737216,FRO,DNK,21
21315464,78,64,112,1981.0,155259.0,2226.0,0.004972,-0.347292,FRO,DNK,21
21315465,78,64,112,1985.0,67865.0,3050.0,-0.6056189999999999,-0.699023,FRO,DNK,21
21315466,78,64,112,1980.0,149373.0,0.0,-0.065459,-0.375399,FRO,DNK,21
21315467,78,64,112,1979.0,309018.0,4784.0,-0.435338,-0.585862,FRO,DNK,21
21315468,78,64,112,1984.0,47771.0,36836.0,-0.073411,-0.514792,FRO,DNK,21
21315469,78,64,112,1974.0,20325.0,0.0,-0.34162800000000004,-0.6068680000000001,FRO,DNK,21
21315470,78,64,112,1975.0,81767.0,0.0,-0.426129,-0.5482130000000001,FRO,DNK,21
21315471,78,64,112,1976.0,54745.0,0.0,-0.25907199999999997,-0.457671,FRO,DNK,21
21315472,78,64,112,1977.0,27423.0,8437.0,-0.004409000000000001,-0.48714399999999997,FRO,DNK,21
21315473,78,64,112,1978.0,178094.0,0.0,-0.429989,-0.598358,FRO,DNK,21
21315474,78,64,112,1982.0,103192.0,0.0,-0.604434,-0.549855,FRO,DNK,21
21315475,78,64,112,1983.0,77010.0,0.0,-0.285141,-0.582308,FRO,DNK,21
21315476,80,64,112,2001.0,0.0,34977.0,-1.603078,-1.308825,GAB,DNK,21
21315477,81,64,112,1988.0,3827549.0,18943903.0,1.8213439999999999,1.159216,GBR,DNK,21
21315478,81,64,112,1991.0,1859304.0,16972443.0,1.9737060000000002,1.125521,GBR,DNK,21
21315479,81,64,112,1993.0,1780763.0,9744255.0,1.868148,1.0931,GBR,DNK,21
21315480,81,64,112,1994.0,146792.0,8099534.0,1.9469439999999998,0.9958540000000001,GBR,DNK,21
21315481,81,64,112,1995.0,375104.0,10444797.0,1.876209,1.117718,GBR,DNK,21
21315482,81,64,112,2004.0,204604.0,1321523.0,1.872987,0.734065,GBR,DNK,21
21315483,81,64,112,2014.0,230721.0,222640.0,1.542804,0.915499,GBR,DNK,21
21315484,81,64,112,2015.0,95648.0,90244.0,1.6475689999999998,0.8981,GBR,DNK,21
21315485,81,64,112,1989.0,4372663.0,20580722.0,1.832586,1.199455,GBR,DNK,21
21315486,81,64,112,1990.0,3797323.0,20474672.0,1.977629,1.004624,GBR,DNK,21
21315487,81,64,112,1992.0,3104797.0,17904017.0,1.8901810000000001,0.9274030000000001,GBR,DNK,21
21315488,81,64,112,1996.0,539506.0,10521205.0,1.948148,0.882453,GBR,DNK,21
21315489,81,64,112,1997.0,286643.0,9037777.0,1.9742490000000001,0.7046359999999999,GBR,DNK,21
21315490,81,64,112,1998.0,19693.0,7129585.0,2.000695,0.397047,GBR,DNK,21
21315491,81,64,112,1999.0,103113.0,4773333.0,2.0135549999999998,0.749078,GBR,DNK,21
21315492,81,64,112,2000.0,44688.0,2658507.0,2.099928,0.564025,GBR,DNK,21
21315493,81,64,112,2001.0,10637.0,4127365.0,2.1068439999999997,0.658575,GBR,DNK,21
21315494,81,64,112,2002.0,32296.0,2616492.0,2.067395,0.7934359999999999,GBR,DNK,21
21315495,81,64,112,2003.0,64660.0,2450150.0,1.9672990000000001,0.793304,GBR,DNK,21
21315496,81,64,112,2008.0,785616.0,20236.0,1.7116040000000001,0.286571,GBR,DNK,21
21315497,81,64,112,2013.0,22192.0,9703.0,1.628465,0.77075,GBR,DNK,21
21315498,81,64,112,2005.0,14045.0,1277817.0,1.828858,0.71685,GBR,DNK,21
21315499,81,64,112,2006.0,139398.0,71037.0,1.8509779999999998,0.674074,GBR,DNK,21
21315500,81,64,112,2007.0,479993.0,250703.0,1.6521099999999997,0.544978,GBR,DNK,21
21315501,81,64,112,2009.0,0.0,182962.0,1.6016219999999999,0.648858,GBR,DNK,21
21315502,81,64,112,2010.0,38110.0,103442.0,1.6026989999999999,0.8213229999999999,GBR,DNK,21
21315503,81,64,112,2011.0,839917.0,4679.0,1.586516,0.8053739999999999,GBR,DNK,21
21315504,81,64,112,2012.0,7881.0,97520.0,1.544653,0.776512,GBR,DNK,21
21315505,81,64,112,2016.0,1129476.0,45154.0,1.569616,1.048129,GBR,DNK,21
21315506,81,64,112,2017.0,1014159.0,173266.0,1.499843,1.120201,GBR,DNK,21
21315507,81,64,112,2019.0,0.0,35899.0,1.5290620000000001,0.906005,GBR,DNK,21
21315508,81,64,112,2020.0,0.0,1936.0,1.540208,0.9229510000000001,GBR,DNK,21
21315509,81,64,112,1978.0,1550952.0,16742865.0,1.831127,-0.078639,GBR,DNK,21
21315510,81,64,112,1962.0,1272570.0,5113236.0,2.288769,0.619789,GBR,DNK,21
21315511,81,64,112,1963.0,993301.0,5370614.0,2.2784470000000003,-0.302055,GBR,DNK,21
21315512,81,64,112,1964.0,764360.0,7942900.0,2.2279299999999997,-0.315389,GBR,DNK,21
21315513,81,64,112,1965.0,534149.0,7941562.0,2.347121,0.389156,GBR,DNK,21
21315514,81,64,112,1966.0,740604.0,10138802.0,2.2795669999999997,0.23442800000000003,GBR,DNK,21
21315515,81,64,112,1967.0,680980.0,8528685.0,2.170976,0.45509700000000003,GBR,DNK,21
21315516,81,64,112,1968.0,1040827.0,7709980.0,2.058025,0.677452,GBR,DNK,21
21315517,81,64,112,1969.0,1181302.0,8305180.0,2.109727,0.776883,GBR,DNK,21
21315518,81,64,112,1970.0,1012046.0,5928021.0,2.096027,0.26423,GBR,DNK,21
21315519,81,64,112,1971.0,1036445.0,5162553.0,2.1646669999999997,0.034970999999999995,GBR,DNK,21
21315520,81,64,112,1972.0,1922081.0,7460467.0,2.202226,-0.618205,GBR,DNK,21
21315521,81,64,112,1973.0,1897111.0,8147626.0,2.087637,0.165224,GBR,DNK,21
21315522,81,64,112,1975.0,523417.0,9924660.0,1.8978270000000002,-2.19693,GBR,DNK,21
21315523,81,64,112,1983.0,1725958.0,20184473.0,1.7667669999999998,0.944868,GBR,DNK,21
21315524,81,64,112,1984.0,2034250.0,20364662.0,1.757537,1.1518549999999999,GBR,DNK,21
21315525,81,64,112,1985.0,2759305.0,19064067.0,1.8823169999999998,0.9483280000000001,GBR,DNK,21
21315526,81,64,112,1986.0,2287664.0,24416594.0,1.804693,1.67285,GBR,DNK,21
21315527,81,64,112,1987.0,3023838.0,35893292.0,1.892367,1.56269,GBR,DNK,21
21315528,81,64,112,1974.0,712526.0,9667551.0,1.786298,-2.155852,GBR,DNK,21
21315529,81,64,112,1979.0,2540325.0,26237553.0,1.797477,-0.29938200000000004,GBR,DNK,21
21315530,81,64,112,1980.0,2585520.0,23126084.0,1.69192,-0.568465,GBR,DNK,21
21315531,81,64,112,1981.0,1963116.0,31481908.0,1.6853,-0.663841,GBR,DNK,21
21315532,81,64,112,1982.0,1884037.0,21472443.0,1.7869009999999999,0.13969600000000001,GBR,DNK,21
21315533,81,64,112,1977.0,1082025.0,11111480.0,1.58576,-2.09742,GBR,DNK,21
21315534,81,64,112,1976.0,1379482.0,8891518.0,1.851348,-2.808432,GBR,DNK,21
21315535,82,64,112,2002.0,0.0,45873.0,0.23526999999999998,-0.156333,GEO,DNK,21
21315536,82,64,112,1999.0,0.0,112975.0,0.374762,0.10301500000000001,GEO,DNK,21
21315537,82,64,112,2001.0,0.0,270502.0,0.063126,-0.285493,GEO,DNK,21
21315538,83,64,112,2016.0,0.0,109437.0,-0.9026200000000001,-0.877508,GHA,DNK,21
21315539,83,64,112,2019.0,0.0,229598.0,-0.853085,-0.813862,GHA,DNK,21
21315540,83,64,112,2014.0,0.0,24031.0,-1.1140299999999999,-1.0711700000000002,GHA,DNK,21
21315541,83,64,112,2015.0,0.0,37840.0,-0.7681899999999999,-0.8035939999999999,GHA,DNK,21
21315542,83,64,112,2017.0,0.0,60679.0,-0.910444,-0.906315,GHA,DNK,21
21315543,83,64,112,2018.0,0.0,157914.0,-0.769089,-0.8389200000000001,GHA,DNK,21
21315544,84,64,112,2007.0,0.0,43594.0,0.9167360000000001,-0.151383,GIB,DNK,21
21315545,84,64,112,2009.0,0.0,69475.0,1.0167110000000001,-0.243637,GIB,DNK,21
21315546,84,64,112,2010.0,0.0,52969.0,0.850786,-0.50717,GIB,DNK,21
21315547,84,64,112,2013.0,0.0,50400.0,0.348423,-0.521683,GIB,DNK,21
21315548,84,64,112,2012.0,0.0,20001.0,0.440566,-0.5784189999999999,GIB,DNK,21
21315549,84,64,112,2006.0,0.0,30261.0,0.519846,-0.43742600000000004,GIB,DNK,21
21315550,84,64,112,1996.0,0.0,2720.0,0.792741,-0.333993,GIB,DNK,21
21315551,84,64,112,1997.0,0.0,5632.0,0.643548,-0.164009,GIB,DNK,21
21315552,84,64,112,2005.0,0.0,69835.0,0.339696,-0.559844,GIB,DNK,21
21315553,84,64,112,2008.0,0.0,49823.0,0.547187,-0.44713800000000004,GIB,DNK,21
21315554,84,64,112,1978.0,0.0,144172.0,1.446633,1.358706,GIB,DNK,21
21315555,90,64,112,2000.0,25651.0,12678438.0,0.26193,1.607656,GRC,DNK,21
21315556,90,64,112,2002.0,0.0,29180231.0,0.20355399999999998,1.4130200000000002,GRC,DNK,21
21315557,90,64,112,2003.0,147075.0,35091993.0,0.30701100000000003,1.498953,GRC,DNK,21
21315558,90,64,112,1997.0,548711.0,26433708.0,0.225904,1.291959,GRC,DNK,21
21315559,90,64,112,2001.0,0.0,28625775.0,0.338607,1.506593,GRC,DNK,21
21315560,90,64,112,2010.0,10397426.0,33146402.0,0.17188900000000001,1.662447,GRC,DNK,21
21315561,90,64,112,1996.0,37790.0,18273080.0,0.21841799999999997,1.081136,GRC,DNK,21
21315562,90,64,112,1998.0,275310.0,25844276.0,0.163609,1.342959,GRC,DNK,21
21315563,90,64,112,1999.0,36411.0,17099459.0,0.096901,1.2430729999999999,GRC,DNK,21
21315564,90,64,112,2006.0,127293.0,25500822.0,0.183748,1.582167,GRC,DNK,21
21315565,90,64,112,2007.0,583698.0,24923964.0,0.28791100000000003,1.7558509999999998,GRC,DNK,21
21315566,90,64,112,2008.0,732314.0,44584112.0,0.296513,1.7993709999999998,GRC,DNK,21
21315567,90,64,112,2009.0,2939256.0,20414968.0,0.232498,1.7610810000000001,GRC,DNK,21
21315568,90,64,112,2011.0,12044495.0,43519400.0,0.132787,1.579007,GRC,DNK,21
21315569,90,64,112,2012.0,12966232.0,50885576.0,0.161352,1.273024,GRC,DNK,21
21315570,90,64,112,2013.0,21786850.0,40362275.0,0.073442,0.9857899999999999,GRC,DNK,21
21315571,90,64,112,2014.0,13684332.0,32710848.0,0.064193,0.955633,GRC,DNK,21
21315572,90,64,112,2018.0,30971246.0,20908064.0,0.069841,0.922895,GRC,DNK,21
21315573,90,64,112,2019.0,25886246.0,10168027.0,0.107647,1.047542,GRC,DNK,21
21315574,90,64,112,2004.0,104144.0,29897777.0,0.298029,1.745886,GRC,DNK,21
21315575,90,64,112,2017.0,40248000.0,24388047.0,0.10646300000000002,1.0936290000000002,GRC,DNK,21
21315576,90,64,112,1991.0,8083.0,1992433.0,0.126166,0.692792,GRC,DNK,21
21315577,90,64,112,2005.0,118068.0,29310588.0,0.241533,1.8994240000000002,GRC,DNK,21
21315578,90,64,112,1988.0,0.0,4631096.0,0.13048900000000002,0.718539,GRC,DNK,21
21315579,90,64,112,1989.0,21955.0,1786130.0,0.208175,0.607425,GRC,DNK,21
21315580,90,64,112,1990.0,14464.0,564250.0,0.177481,0.706531,GRC,DNK,21
21315581,90,64,112,1993.0,59193.0,15223400.0,0.157325,1.346108,GRC,DNK,21
21315582,90,64,112,1978.0,20557.0,126094.0,0.487051,0.9927889999999999,GRC,DNK,21
21315583,90,64,112,1968.0,2003.0,8991.0,0.120538,-0.135025,GRC,DNK,21
21315584,90,64,112,1970.0,2369.0,4415.0,0.38159499999999996,0.203257,GRC,DNK,21
21315585,90,64,112,1972.0,0.0,12164.0,0.39712600000000003,0.398283,GRC,DNK,21
21315586,90,64,112,1973.0,0.0,45372.0,0.381687,0.432781,GRC,DNK,21
21315587,90,64,112,1974.0,0.0,281792.0,0.46443900000000005,0.499482,GRC,DNK,21
21315588,90,64,112,1975.0,38549.0,39854.0,0.431437,0.630989,GRC,DNK,21
21315589,90,64,112,1976.0,0.0,55783.0,0.399683,0.858771,GRC,DNK,21
21315590,90,64,112,1977.0,2787.0,167689.0,0.46868000000000004,1.27459,GRC,DNK,21
21315591,90,64,112,1979.0,71266.0,29533.0,0.341524,0.873782,GRC,DNK,21
21315592,90,64,112,1980.0,34070.0,1676608.0,0.5494600000000001,0.7760560000000001,GRC,DNK,21
21315593,90,64,112,1981.0,0.0,780268.0,0.5192829999999999,1.028715,GRC,DNK,21
21315594,90,64,112,1994.0,6471.0,19672737.0,0.013961000000000001,0.763745,GRC,DNK,21
21315595,90,64,112,2015.0,23748696.0,10735312.0,0.018393,0.9372149999999999,GRC,DNK,21
21315596,90,64,112,2016.0,33002174.0,4210901.0,0.053899,1.1259709999999998,GRC,DNK,21
21315597,90,64,112,2020.0,10600937.0,2184022.0,0.247273,0.9634229999999999,GRC,DNK,21
21315598,90,64,112,1992.0,0.0,1699738.0,0.139504,0.743678,GRC,DNK,21
21315599,90,64,112,1995.0,136154.0,17885899.0,0.15792899999999999,1.072461,GRC,DNK,21
21315600,90,64,112,1982.0,0.0,856628.0,0.462025,1.1408969999999998,GRC,DNK,21
21315601,90,64,112,1984.0,9965.0,651279.0,0.5156029999999999,1.051108,GRC,DNK,21
21315602,90,64,112,1986.0,0.0,1891405.0,0.236051,0.9571149999999999,GRC,DNK,21
21315603,90,64,112,1987.0,11332.0,3312400.0,0.09904099999999999,0.568602,GRC,DNK,21
21315604,90,64,112,1964.0,0.0,26578.0,-0.008369,-0.451475,GRC,DNK,21
21315605,90,64,112,1985.0,1044.0,1123917.0,0.35673499999999997,1.0464,GRC,DNK,21
21315606,90,64,112,1965.0,0.0,6611.0,0.0025210000000000002,-0.33198099999999997,GRC,DNK,21
21315607,90,64,112,1983.0,0.0,763390.0,0.40071,1.0659129999999999,GRC,DNK,21
21315608,92,64,112,2010.0,90295.0,48942.0,-0.639922,-0.9566209999999999,GRL,DNK,21
21315609,92,64,112,2016.0,8232.0,165639.0,-1.077107,-0.997611,GRL,DNK,21
21315610,92,64,112,2017.0,9431.0,40068.0,-1.09962,-1.013198,GRL,DNK,21
21315611,92,64,112,2018.0,1929.0,32163.0,-1.0319049999999999,-1.0353629999999998,GRL,DNK,21
21315612,92,64,112,2019.0,0.0,3659.0,-1.0244950000000002,-0.996606,GRL,DNK,21
21315613,92,64,112,2020.0,0.0,14765.0,-0.9969319999999999,-1.03064,GRL,DNK,21
21315614,92,64,112,2006.0,1586129.0,73657.0,-0.744987,-0.9686020000000001,GRL,DNK,21
21315615,92,64,112,2008.0,168944.0,27007.0,-0.538852,-0.8589379999999999,GRL,DNK,21
21315616,92,64,112,2009.0,75708.0,22958.0,-0.994822,-1.0656219999999998,GRL,DNK,21
21315617,92,64,112,2011.0,223328.0,24167.0,-0.535246,-0.800411,GRL,DNK,21
21315618,92,64,112,2013.0,185654.0,29879.0,-1.119616,-0.802964,GRL,DNK,21
21315619,92,64,112,2015.0,45183.0,29361.0,-0.967241,-1.010494,GRL,DNK,21
21315620,92,64,112,1991.0,88621.0,15258.0,-0.612971,-0.806875,GRL,DNK,21
21315621,92,64,112,2012.0,135412.0,24092.0,-0.790721,-0.882532,GRL,DNK,21
21315622,92,64,112,1990.0,140138.0,14417.0,-0.635763,-0.838461,GRL,DNK,21
21315623,92,64,112,1985.0,304922.0,45297.0,-0.650476,-0.657779,GRL,DNK,21
21315624,92,64,112,1986.0,369662.0,5198.0,-0.7832319999999999,-0.767081,GRL,DNK,21
21315625,92,64,112,1987.0,61412.0,88157.0,-0.917027,-0.7587010000000001,GRL,DNK,21
21315626,92,64,112,1988.0,184839.0,32245.0,-1.156583,-0.8311059999999999,GRL,DNK,21
21315627,92,64,112,1989.0,105557.0,3789.0,-0.55482,-0.763544,GRL,DNK,21
21315628,92,64,112,1992.0,76996.0,1633.0,-0.692587,-0.859656,GRL,DNK,21
21315629,92,64,112,1993.0,119175.0,12246.0,-0.431802,-0.818435,GRL,DNK,21
21315630,92,64,112,2003.0,2665522.0,23654.0,-0.9910459999999999,-0.9836739999999999,GRL,DNK,21
21315631,92,64,112,2014.0,172448.0,2923.0,-0.815759,-0.9168860000000001,GRL,DNK,21
21315632,92,64,112,1995.0,109059.0,40968.0,-0.752426,-0.846908,GRL,DNK,21
21315633,92,64,112,1998.0,1100086.0,55848.0,-0.956558,-0.958098,GRL,DNK,21
21315634,92,64,112,1999.0,797051.0,40633.0,-0.668137,-0.9449190000000001,GRL,DNK,21
21315635,92,64,112,1994.0,164515.0,16812.0,-0.829066,-0.812105,GRL,DNK,21
21315636,92,64,112,1980.0,2222379.0,1320196.0,-0.35552,-0.487933,GRL,DNK,21
21315637,92,64,112,1997.0,1439699.0,0.0,-0.7822520000000001,-0.906492,GRL,DNK,21
21315638,92,64,112,2002.0,241495.0,15869.0,-0.514411,-0.87766,GRL,DNK,21
21315639,92,64,112,2004.0,2662141.0,24109.0,-1.152664,-0.986844,GRL,DNK,21
21315640,92,64,112,2005.0,1966165.0,24851.0,-0.889322,-0.9803930000000001,GRL,DNK,21
21315641,92,64,112,2007.0,141285.0,28200.0,-0.7186020000000001,-0.977417,GRL,DNK,21
21315642,92,64,112,1996.0,74742.0,68481.0,-0.8046939999999999,-0.8102520000000001,GRL,DNK,21
21315643,92,64,112,1982.0,1259137.0,920227.0,0.210456,-0.259044,GRL,DNK,21
21315644,92,64,112,1981.0,1604141.0,438688.0,-0.172042,-0.454765,GRL,DNK,21
21315645,92,64,112,1983.0,805027.0,134397.0,0.161696,-0.384666,GRL,DNK,21
21315646,92,64,112,2001.0,107519.0,85386.0,-0.19784100000000002,-0.772099,GRL,DNK,21
21315647,92,64,112,1974.0,1528012.0,27835.0,-0.300845,-0.553983,GRL,DNK,21
21315648,92,64,112,1975.0,1489354.0,627019.0,-0.291661,-0.501268,GRL,DNK,21
21315649,92,64,112,1976.0,1534840.0,1319367.0,-0.111873,-0.542018,GRL,DNK,21
21315650,92,64,112,1978.0,1915284.0,429005.0,-0.477092,-0.669838,GRL,DNK,21
21315651,92,64,112,1984.0,654381.0,5380.0,0.023053,-0.478637,GRL,DNK,21
21315652,92,64,112,1977.0,1963860.0,942564.0,-0.18146700000000002,-0.5805739999999999,GRL,DNK,21
21315653,92,64,112,1979.0,2734712.0,1093942.0,-0.207682,-0.5456989999999999,GRL,DNK,21
21315654,92,64,112,2000.0,218338.0,57897.0,-0.365398,-0.849985,GRL,DNK,21
21315655,97,64,112,1990.0,123101.0,51250112.0,0.857824,1.566243,HKG,DNK,21
21315656,97,64,112,1991.0,104119.0,62215148.0,0.802905,1.642985,HKG,DNK,21
21315657,97,64,112,1992.0,191695.0,89195775.0,0.754112,1.911201,HKG,DNK,21
21315658,97,64,112,1995.0,7945.0,111147895.0,0.5372060000000001,1.6845279999999998,HKG,DNK,21
21315659,97,64,112,2009.0,15132.0,503377494.0,0.685573,1.199315,HKG,DNK,21
21315660,97,64,112,2014.0,9766335.0,798971228.0,0.9198440000000001,1.257131,HKG,DNK,21
21315661,97,64,112,1993.0,0.0,94262027.0,0.63574,1.8439419999999997,HKG,DNK,21
21315662,97,64,112,1994.0,0.0,124209169.0,0.709601,2.076227,HKG,DNK,21
21315663,97,64,112,1996.0,957040.0,162455183.0,0.699041,1.8341720000000001,HKG,DNK,21
21315664,97,64,112,1997.0,63759.0,165795960.0,0.475945,1.7576919999999998,HKG,DNK,21
21315665,97,64,112,1998.0,0.0,162649680.0,0.5166850000000001,1.671371,HKG,DNK,21
21315666,97,64,112,1999.0,126933.0,165511509.0,0.553521,1.504111,HKG,DNK,21
21315667,97,64,112,2000.0,2061222.0,237082482.0,0.564112,1.776282,HKG,DNK,21
21315668,97,64,112,2001.0,167150.0,238616469.0,0.639538,1.5157610000000001,HKG,DNK,21
21315669,97,64,112,2002.0,19639.0,254133356.0,0.704932,1.291658,HKG,DNK,21
21315670,97,64,112,2003.0,128012.0,321481566.0,0.64249,1.2309379999999999,HKG,DNK,21
21315671,97,64,112,2004.0,267428.0,401386357.0,0.72816,1.403171,HKG,DNK,21
21315672,97,64,112,2011.0,8276.0,1152784103.0,0.864772,1.1197139999999999,HKG,DNK,21
21315673,97,64,112,2013.0,8097127.0,1632360124.0,0.791401,1.249845,HKG,DNK,21
21315674,97,64,112,2015.0,6654537.0,854482238.0,1.011511,1.2510059999999998,HKG,DNK,21
21315675,97,64,112,2016.0,1010452.0,127104648.0,0.877619,1.0765790000000002,HKG,DNK,21
21315676,97,64,112,2017.0,1433878.0,200570314.0,0.877065,1.1615520000000001,HKG,DNK,21
21315677,97,64,112,2018.0,65793.0,104271105.0,0.8625149999999999,1.21001,HKG,DNK,21
21315678,97,64,112,2019.0,0.0,41650917.0,0.976556,1.2446270000000001,HKG,DNK,21
21315679,97,64,112,2005.0,42522.0,400935762.0,0.68858,1.266274,HKG,DNK,21
21315680,97,64,112,2006.0,281738.0,599447861.0,0.63347,1.276634,HKG,DNK,21
21315681,97,64,112,2007.0,23206.0,440933123.0,0.756476,1.286757,HKG,DNK,21
21315682,97,64,112,2008.0,25906.0,653681204.0,0.786315,1.316726,HKG,DNK,21
21315683,97,64,112,2010.0,200426.0,992701806.0,0.837134,1.189309,HKG,DNK,21
21315684,97,64,112,2012.0,229990.0,1366295329.0,0.788308,1.029625,HKG,DNK,21
21315685,97,64,112,2020.0,0.0,2392648.0,1.086052,0.815938,HKG,DNK,21
21315686,97,64,112,1972.0,0.0,8077.0,1.413254,1.2774290000000001,HKG,DNK,21
21315687,97,64,112,1975.0,0.0,1926.0,1.1337540000000002,1.247023,HKG,DNK,21
21315688,97,64,112,1970.0,0.0,9284.0,1.327474,1.209848,HKG,DNK,21
21315689,97,64,112,1986.0,0.0,47799658.0,0.986287,1.8016889999999999,HKG,DNK,21
21315690,97,64,112,1987.0,3397.0,82854074.0,0.96283,1.5352059999999998,HKG,DNK,21
21315691,97,64,112,1980.0,0.0,2772107.0,1.149419,1.326548,HKG,DNK,21
21315692,97,64,112,1981.0,0.0,7543319.0,1.041593,1.296638,HKG,DNK,21
21315693,97,64,112,1982.0,0.0,7933723.0,1.0447819999999999,1.5833549999999998,HKG,DNK,21
21315694,97,64,112,1983.0,210402.0,12776411.0,1.068091,1.7522950000000002,HKG,DNK,21
21315695,97,64,112,1984.0,0.0,16935112.0,1.042478,1.688087,HKG,DNK,21
21315696,97,64,112,1985.0,117602.0,19087194.0,0.9896809999999999,2.061391,HKG,DNK,21
21315697,97,64,112,1988.0,1180858.0,57404327.0,0.920276,1.746432,HKG,DNK,21
21315698,97,64,112,1989.0,958153.0,50829583.0,0.8922379999999999,1.6984439999999998,HKG,DNK,21
21315699,97,64,112,1974.0,0.0,3428.0,1.137257,1.2639559999999999,HKG,DNK,21
21315700,97,64,112,1978.0,0.0,97906.0,1.058458,1.293126,HKG,DNK,21
21315701,97,64,112,1979.0,0.0,832154.0,1.0488110000000002,1.364157,HKG,DNK,21
21315702,97,64,112,1977.0,0.0,1250.0,1.068986,1.246666,HKG,DNK,21
21315703,97,64,112,1976.0,0.0,79204.0,1.05954,1.33828,HKG,DNK,21
21315704,100,64,112,1993.0,0.0,50120.0,0.746354,1.357292,HRV,DNK,21
21315705,100,64,112,2004.0,42497.0,294061.0,0.744459,1.1994479999999998,HRV,DNK,21
21315706,100,64,112,1999.0,25785.0,43388.0,0.6760229999999999,1.2394100000000001,HRV,DNK,21
21315707,100,64,112,2003.0,62417.0,0.0,0.6029909999999999,1.451705,HRV,DNK,21
21315708,100,64,112,2006.0,75478.0,167775.0,0.866511,1.217552,HRV,DNK,21
21315709,100,64,112,2007.0,0.0,146677.0,0.842432,1.248211,HRV,DNK,21
21315710,100,64,112,2009.0,1459.0,0.0,0.9106690000000001,1.108959,HRV,DNK,21
21315711,100,64,112,1992.0,0.0,50516.0,0.877872,1.726188,HRV,DNK,21
21315712,100,64,112,2005.0,77071.0,133026.0,0.782619,1.1784219999999999,HRV,DNK,21
21315713,100,64,112,2020.0,0.0,3278.0,0.80037,1.327511,HRV,DNK,21
21315714,100,64,112,2016.0,0.0,266470.0,0.850619,1.39544,HRV,DNK,21
21315715,100,64,112,1994.0,48673.0,48409.0,0.714204,1.333908,HRV,DNK,21
21315716,100,64,112,1996.0,8876.0,0.0,0.739223,1.3032030000000001,HRV,DNK,21
21315717,100,64,112,1998.0,46472.0,0.0,0.619815,1.2939379999999998,HRV,DNK,21
21315718,100,64,112,1997.0,14247.0,0.0,0.61283,1.321775,HRV,DNK,21
21315719,100,64,112,2000.0,79584.0,0.0,0.640015,1.1175899999999999,HRV,DNK,21
21315720,100,64,112,2001.0,85903.0,12741.0,0.6315729999999999,1.169338,HRV,DNK,21
21315721,100,64,112,2002.0,83687.0,0.0,0.603546,1.273001,HRV,DNK,21
21315722,102,64,112,2009.0,6307.0,28109.0,1.600751,0.723344,HUN,DNK,21
21315723,102,64,112,2016.0,0.0,1745.0,1.7056069999999999,0.788768,HUN,DNK,21
21315724,102,64,112,2018.0,0.0,106370.0,1.6983409999999999,0.693194,HUN,DNK,21
21315725,102,64,112,2019.0,0.0,59956.0,1.622961,0.729688,HUN,DNK,21
21315726,102,64,112,2020.0,22462.0,38836.0,1.541669,0.8604440000000001,HUN,DNK,21
21315727,102,64,112,2017.0,4329.0,60149.0,1.6949029999999998,0.723915,HUN,DNK,21
21315728,102,64,112,2014.0,0.0,1215.0,1.713536,0.5681729999999999,HUN,DNK,21
21315729,102,64,112,2015.0,65238.0,18529.0,1.704278,0.661207,HUN,DNK,21
21315730,102,64,112,2008.0,32617.0,0.0,1.501854,0.787406,HUN,DNK,21
21315731,102,64,112,1992.0,80848.0,218778.0,0.9144620000000001,2.157041,HUN,DNK,21
21315732,102,64,112,2003.0,39431.0,22921.0,1.294374,1.0913540000000002,HUN,DNK,21
21315733,102,64,112,1994.0,0.0,817410.0,0.933154,2.085317,HUN,DNK,21
21315734,102,64,112,2002.0,13617.0,197759.0,1.232359,1.064425,HUN,DNK,21
21315735,102,64,112,2011.0,20018.0,37133.0,1.632633,0.677295,HUN,DNK,21
21315736,102,64,112,2012.0,1947.0,27796.0,1.61049,0.44614799999999993,HUN,DNK,21
21315737,102,64,112,1997.0,0.0,112420.0,0.9121799999999999,1.55321,HUN,DNK,21
21315738,102,64,112,1965.0,0.0,137266.0,0.9820180000000001,1.025444,HUN,DNK,21
21315739,102,64,112,1975.0,0.0,98336.0,0.8585709999999999,1.843562,HUN,DNK,21
21315740,102,64,112,1991.0,413105.0,5055.0,0.84862,2.0006060000000003,HUN,DNK,21
21315741,102,64,112,1999.0,0.0,1604.0,0.7819699999999999,1.257141,HUN,DNK,21
21315742,102,64,112,2000.0,0.0,315263.0,1.047497,1.284513,HUN,DNK,21
21315743,102,64,112,2006.0,0.0,655586.0,1.469539,0.8546090000000001,HUN,DNK,21
21315744,102,64,112,2010.0,10062.0,204509.0,1.650956,0.702108,HUN,DNK,21
21315745,102,64,112,2004.0,1925.0,52527.0,1.3579370000000002,0.9993219999999999,HUN,DNK,21
21315746,102,64,112,2005.0,0.0,726934.0,1.452252,0.852698,HUN,DNK,21
21315747,102,64,112,1996.0,0.0,206858.0,0.905526,1.887735,HUN,DNK,21
21315748,102,64,112,2001.0,145099.0,216591.0,1.069245,1.2217069999999999,HUN,DNK,21
21315749,102,64,112,1978.0,0.0,554618.0,0.884483,1.941055,HUN,DNK,21
21315750,102,64,112,1979.0,0.0,589056.0,0.876884,2.023565,HUN,DNK,21
21315751,102,64,112,1980.0,0.0,330716.0,0.8865,1.9657779999999998,HUN,DNK,21
21315752,102,64,112,1995.0,0.0,900136.0,0.9214620000000001,1.8206259999999999,HUN,DNK,21
21315753,102,64,112,1985.0,124542.0,183623.0,0.8617030000000001,2.237431,HUN,DNK,21
21315754,102,64,112,1982.0,2965.0,522845.0,0.861201,1.9751020000000001,HUN,DNK,21
21315755,102,64,112,1983.0,0.0,235231.0,0.841274,2.330509,HUN,DNK,21
21315756,102,64,112,1993.0,0.0,3776.0,0.9893790000000001,1.959799,HUN,DNK,21
21315757,102,64,112,1964.0,0.0,161118.0,0.9343530000000001,1.1023399999999999,HUN,DNK,21
21315758,102,64,112,1966.0,0.0,6453.0,1.024047,1.410479,HUN,DNK,21
21315759,102,64,112,1967.0,0.0,165433.0,0.8780120000000001,0.814829,HUN,DNK,21
21315760,102,64,112,1968.0,0.0,42338.0,0.9154209999999999,1.253378,HUN,DNK,21
21315761,102,64,112,1969.0,0.0,16781.0,0.9107940000000001,1.380059,HUN,DNK,21
21315762,102,64,112,1970.0,0.0,37717.0,0.8735879999999999,1.439144,HUN,DNK,21
21315763,102,64,112,1971.0,0.0,89954.0,0.8639760000000001,1.2125059999999999,HUN,DNK,21
21315764,102,64,112,1972.0,0.0,96714.0,0.7343970000000001,0.963101,HUN,DNK,21
21315765,102,64,112,1973.0,0.0,20110.0,0.754762,1.3832010000000001,HUN,DNK,21
21315766,102,64,112,1974.0,0.0,132373.0,0.763267,1.904439,HUN,DNK,21
21315767,102,64,112,1987.0,0.0,202035.0,0.771037,1.990734,HUN,DNK,21
21315768,102,64,112,1984.0,0.0,201496.0,0.870778,2.230491,HUN,DNK,21
21315769,102,64,112,1986.0,46592.0,330041.0,0.793216,1.8689790000000002,HUN,DNK,21
21315770,102,64,112,1962.0,0.0,63200.0,1.1879870000000001,1.925054,HUN,DNK,21
21315771,102,64,112,1963.0,0.0,89631.0,0.9711700000000001,1.5998569999999999,HUN,DNK,21
21315772,102,64,112,1988.0,0.0,109045.0,0.8619620000000001,1.997927,HUN,DNK,21
21315773,102,64,112,1990.0,0.0,9365.0,0.9499719999999999,2.020106,HUN,DNK,21
21315774,102,64,112,1981.0,5969.0,716495.0,0.8667799999999999,2.0177099999999997,HUN,DNK,21
21315775,102,64,112,1989.0,0.0,101852.0,0.895382,2.063484,HUN,DNK,21
21315776,102,64,112,1976.0,0.0,32919.0,0.833515,1.778013,HUN,DNK,21
21315777,102,64,112,1977.0,0.0,494072.0,0.905912,1.98143,HUN,DNK,21
21315778,103,64,112,2000.0,536519.0,1177793.0,0.05846799999999999,1.577531,IDN,DNK,21
21315779,103,64,112,2014.0,12702.0,35503.0,0.068135,1.672437,IDN,DNK,21
21315780,103,64,112,1999.0,0.0,3261174.0,-0.03707,1.781111,IDN,DNK,21
21315781,103,64,112,2001.0,2228.0,0.0,0.039233,1.780659,IDN,DNK,21
21315782,103,64,112,1997.0,0.0,2049958.0,-0.21049600000000002,1.318692,IDN,DNK,21
21315783,103,64,112,1998.0,0.0,3133745.0,-0.253262,1.620942,IDN,DNK,21
21315784,103,64,112,1985.0,33519.0,0.0,-0.957784,-0.585755,IDN,DNK,21
21315785,103,64,112,1990.0,0.0,1222.0,-0.368679,0.300398,IDN,DNK,21
21315786,103,64,112,1992.0,0.0,110221.0,-0.5250670000000001,0.717568,IDN,DNK,21
21315787,103,64,112,1994.0,0.0,6685.0,-0.37045500000000003,0.804771,IDN,DNK,21
21315788,103,64,112,1993.0,0.0,155872.0,-0.442924,0.920176,IDN,DNK,21
21315789,103,64,112,1995.0,0.0,713708.0,-0.351723,1.294671,IDN,DNK,21
21315790,103,64,112,1996.0,0.0,1041059.0,-0.25952,1.343972,IDN,DNK,21
21315791,103,64,112,1975.0,4669.0,0.0,-1.5680479999999999,-0.820932,IDN,DNK,21
21315792,103,64,112,1967.0,4678.0,0.0,-1.235225,-0.734278,IDN,DNK,21
21315793,103,64,112,1969.0,5140.0,0.0,-1.225654,-0.758401,IDN,DNK,21
21315794,103,64,112,1973.0,1587.0,0.0,-1.358527,-0.8513069999999999,IDN,DNK,21
21315795,103,64,112,1974.0,1876.0,0.0,-1.23709,-0.803635,IDN,DNK,21
21315796,103,64,112,1962.0,13006.0,0.0,-1.030219,-0.67023,IDN,DNK,21
21315797,103,64,112,1976.0,21848.0,0.0,-1.0020360000000001,-0.625822,IDN,DNK,21
21315798,103,64,112,1978.0,30632.0,0.0,-1.4716770000000001,-0.9137540000000001,IDN,DNK,21
21315799,104,64,112,2004.0,0.0,191127.0,0.20872,2.817307,IND,DNK,21
21315800,104,64,112,2009.0,12052.0,6459.0,0.189371,2.48163,IND,DNK,21
21315801,104,64,112,2015.0,2695.0,0.0,0.23374499999999998,2.830277,IND,DNK,21
21315802,104,64,112,2017.0,0.0,12629.0,0.262126,2.8212040000000003,IND,DNK,21
21315803,104,64,112,2020.0,4390.0,0.0,0.41626899999999994,2.9597849999999997,IND,DNK,21
21315804,104,64,112,2011.0,18758.0,48788.0,0.208119,2.513252,IND,DNK,21
21315805,104,64,112,2016.0,6266.0,3478.0,0.223813,2.787547,IND,DNK,21
21315806,104,64,112,2007.0,2484.0,56332.0,0.27449,2.811626,IND,DNK,21
21315807,104,64,112,2012.0,3425.0,6326.0,0.24883200000000003,2.463711,IND,DNK,21
21315808,104,64,112,2010.0,7268.0,40688.0,0.163603,2.471145,IND,DNK,21
21315809,104,64,112,2008.0,0.0,28595.0,0.328291,2.96604,IND,DNK,21
21315810,104,64,112,2003.0,0.0,638081.0,0.306526,2.707274,IND,DNK,21
21315811,104,64,112,2005.0,14713.0,12820.0,0.23850700000000002,2.717123,IND,DNK,21
21315812,104,64,112,2006.0,0.0,663459.0,0.202078,2.594677,IND,DNK,21
21315813,104,64,112,2000.0,6324.0,647563.0,0.323006,2.3446860000000003,IND,DNK,21
21315814,104,64,112,1978.0,7593.0,0.0,0.539744,1.414683,IND,DNK,21
21315815,104,64,112,1980.0,20923.0,0.0,0.39205,1.618323,IND,DNK,21
21315816,104,64,112,1981.0,8845.0,0.0,0.48179099999999997,1.82085,IND,DNK,21
21315817,104,64,112,1991.0,0.0,4108.0,0.21165100000000003,1.793425,IND,DNK,21
21315818,104,64,112,2002.0,0.0,648489.0,0.32974000000000003,2.376477,IND,DNK,21
21315819,104,64,112,1992.0,14085.0,0.0,0.101094,1.6851180000000001,IND,DNK,21
21315820,104,64,112,1997.0,0.0,985590.0,0.150788,2.027932,IND,DNK,21
21315821,104,64,112,2001.0,2738.0,369774.0,0.382444,2.538934,IND,DNK,21
21315822,104,64,112,1993.0,0.0,15308.0,-0.040976,1.6569450000000001,IND,DNK,21
21315823,104,64,112,1964.0,21610.0,29959.0,0.140498,0.16888699999999998,IND,DNK,21
21315824,104,64,112,1965.0,5953.0,19511.0,0.190441,0.17858800000000002,IND,DNK,21
21315825,104,64,112,1994.0,5449.0,60863.0,0.025186,1.772895,IND,DNK,21
21315826,104,64,112,1995.0,0.0,741806.0,0.01404,1.850311,IND,DNK,21
21315827,104,64,112,1962.0,4489.0,44155.0,0.198615,0.219928,IND,DNK,21
21315828,104,64,112,1963.0,2272.0,70023.0,0.307498,0.38187,IND,DNK,21
21315829,104,64,112,1967.0,1036.0,0.0,0.066968,0.000591,IND,DNK,21
21315830,104,64,112,1996.0,0.0,618238.0,0.145769,1.983642,IND,DNK,21
21315831,104,64,112,1998.0,0.0,833532.0,0.23507600000000003,1.9966849999999998,IND,DNK,21
21315832,104,64,112,1999.0,0.0,741439.0,0.255682,2.051914,IND,DNK,21
21315833,104,64,112,1976.0,0.0,12634.0,0.246308,1.0694780000000002,IND,DNK,21
21315834,104,64,112,1977.0,2871.0,0.0,0.30897600000000003,1.179365,IND,DNK,21
21315835,106,64,112,1998.0,169288.0,0.0,1.563891,0.557487,IRL,DNK,21
21315836,106,64,112,1989.0,1080232.0,28231.0,1.431819,1.6028440000000002,IRL,DNK,21
21315837,106,64,112,1990.0,210704.0,86114.0,1.3686639999999999,1.601638,IRL,DNK,21
21315838,106,64,112,1991.0,78376.0,29834.0,1.458515,1.597335,IRL,DNK,21
21315839,106,64,112,1992.0,79075.0,0.0,1.454172,1.397052,IRL,DNK,21
21315840,106,64,112,1993.0,895995.0,0.0,1.406182,1.252259,IRL,DNK,21
21315841,106,64,112,1994.0,536343.0,3854.0,1.49633,1.1923059999999999,IRL,DNK,21
21315842,106,64,112,1995.0,54402.0,0.0,1.33128,1.119522,IRL,DNK,21
21315843,106,64,112,1996.0,16119.0,20238.0,1.476369,1.049152,IRL,DNK,21
21315844,106,64,112,1997.0,188322.0,0.0,1.579974,1.018361,IRL,DNK,21
21315845,106,64,112,2002.0,411366.0,7306975.0,1.7939310000000002,0.219254,IRL,DNK,21
21315846,106,64,112,2004.0,1384382.0,1782.0,1.498475,0.19050799999999998,IRL,DNK,21
21315847,106,64,112,2005.0,913260.0,81582.0,1.510818,0.15796400000000002,IRL,DNK,21
21315848,106,64,112,2019.0,2100260.0,0.0,1.346311,0.08135,IRL,DNK,21
21315849,106,64,112,2000.0,262131.0,13844.0,1.647548,0.34018899999999996,IRL,DNK,21
21315850,106,64,112,2003.0,673642.0,1360386.0,1.606549,0.271095,IRL,DNK,21
21315851,106,64,112,2006.0,1493780.0,0.0,1.501322,0.161375,IRL,DNK,21
21315852,106,64,112,2007.0,2740839.0,0.0,1.258902,0.19405999999999998,IRL,DNK,21
21315853,106,64,112,2008.0,3395858.0,33862.0,1.616759,0.313842,IRL,DNK,21
21315854,106,64,112,2011.0,2398330.0,948095.0,1.3108389999999999,0.416973,IRL,DNK,21
21315855,106,64,112,2016.0,1984254.0,13740.0,1.320777,0.057924,IRL,DNK,21
21315856,106,64,112,2017.0,1963936.0,32754.0,1.444823,0.158356,IRL,DNK,21
21315857,106,64,112,2020.0,1080054.0,0.0,1.347517,-0.054013,IRL,DNK,21
21315858,106,64,112,2018.0,1763166.0,0.0,1.3647,0.094596,IRL,DNK,21
21315859,106,64,112,2014.0,4544316.0,0.0,1.3749790000000002,0.41131899999999993,IRL,DNK,21
21315860,106,64,112,1977.0,412171.0,0.0,1.0669309999999999,1.7326290000000002,IRL,DNK,21
21315861,106,64,112,1978.0,600588.0,94220.0,1.241455,2.019278,IRL,DNK,21
21315862,106,64,112,1979.0,1024367.0,4385.0,1.2035209999999998,1.984922,IRL,DNK,21
21315863,106,64,112,1980.0,978218.0,19928.0,1.1750450000000001,1.8837840000000001,IRL,DNK,21
21315864,106,64,112,1981.0,392359.0,26766.0,1.1687610000000002,1.7450029999999999,IRL,DNK,21
21315865,106,64,112,1982.0,336192.0,15020.0,1.196464,1.7925419999999999,IRL,DNK,21
21315866,106,64,112,1983.0,214557.0,4135.0,1.2106780000000001,1.870454,IRL,DNK,21
21315867,106,64,112,1985.0,267978.0,72505.0,1.387636,1.92661,IRL,DNK,21
21315868,106,64,112,1986.0,219275.0,0.0,1.432528,1.8014740000000002,IRL,DNK,21
21315869,106,64,112,1987.0,328602.0,0.0,1.444875,1.785686,IRL,DNK,21
21315870,106,64,112,1988.0,395302.0,0.0,1.392144,1.66136,IRL,DNK,21
21315871,106,64,112,2009.0,2350370.0,0.0,1.476167,0.182071,IRL,DNK,21
21315872,106,64,112,2010.0,4275598.0,0.0,1.313718,0.320289,IRL,DNK,21
21315873,106,64,112,2012.0,2241764.0,0.0,1.1761549999999998,0.279569,IRL,DNK,21
21315874,106,64,112,2015.0,5512920.0,3807.0,1.3574979999999999,0.30526,IRL,DNK,21
21315875,106,64,112,2013.0,5253198.0,6045.0,1.32787,0.394579,IRL,DNK,21
21315876,106,64,112,1973.0,53248.0,64246.0,1.02512,2.048268,IRL,DNK,21
21315877,106,64,112,1974.0,172132.0,14890.0,1.049669,2.018593,IRL,DNK,21
21315878,106,64,112,1976.0,477311.0,0.0,1.124224,1.771824,IRL,DNK,21
21315879,106,64,112,1984.0,249790.0,0.0,1.2627110000000001,1.863141,IRL,DNK,21
21315880,106,64,112,2001.0,329105.0,17429.0,1.751955,0.210628,IRL,DNK,21
21315881,106,64,112,1975.0,172571.0,21477.0,1.024249,1.9186459999999999,IRL,DNK,21
21315882,106,64,112,1972.0,54503.0,38871.0,1.0786930000000001,1.8527799999999999,IRL,DNK,21
21315883,106,64,112,1970.0,27569.0,0.0,1.0114040000000002,1.6679959999999998,IRL,DNK,21
21315884,106,64,112,1969.0,5527.0,0.0,1.019945,1.368364,IRL,DNK,21
21315885,106,64,112,1971.0,0.0,39503.0,1.0895219999999999,1.885416,IRL,DNK,21
21315886,106,64,112,1964.0,51856.0,2111.0,1.194336,1.368063,IRL,DNK,21
21315887,106,64,112,1963.0,41007.0,3822.0,1.00841,1.185389,IRL,DNK,21
21315888,106,64,112,1965.0,112792.0,14134.0,1.2583280000000001,1.46866,IRL,DNK,21
21315889,106,64,112,1966.0,19139.0,1797.0,1.140344,1.476546,IRL,DNK,21
21315890,106,64,112,1967.0,10466.0,0.0,1.1038290000000002,1.361161,IRL,DNK,21
21315891,106,64,112,1968.0,5019.0,0.0,1.054101,1.252786,IRL,DNK,21
21315892,106,64,112,1962.0,4503.0,0.0,1.172661,1.215454,IRL,DNK,21
21315893,107,64,112,2001.0,1663248.0,0.0,-0.973691,-1.05654,IRN,DNK,21
21315894,107,64,112,1965.0,2486.0,0.0,-0.483706,-0.599962,IRN,DNK,21
21315895,107,64,112,1974.0,32505.0,0.0,-2.118092,-0.59177,IRN,DNK,21
21315896,107,64,112,2004.0,8916.0,0.0,-0.6691699999999999,-1.002548,IRN,DNK,21
21315897,107,64,112,1962.0,4996.0,0.0,-0.913907,-0.6955520000000001,IRN,DNK,21
21315898,108,64,112,1968.0,1166.0,0.0,-0.935797,-0.522099,IRQ,DNK,21
21315899,109,64,112,1974.0,13407.0,0.0,0.335125,-0.308267,ISL,DNK,21
21315900,109,64,112,1972.0,106799.0,0.0,0.34814,-0.364653,ISL,DNK,21
21315901,109,64,112,1973.0,144203.0,0.0,0.290414,-0.361644,ISL,DNK,21
21315902,109,64,112,1975.0,141376.0,0.0,0.361824,-0.346448,ISL,DNK,21
21315903,109,64,112,1977.0,360689.0,0.0,0.23081100000000002,-0.475092,ISL,DNK,21
21315904,109,64,112,1970.0,59219.0,0.0,0.364904,-0.262734,ISL,DNK,21
21315905,109,64,112,1971.0,81106.0,1153.0,0.12083900000000002,-0.37900100000000003,ISL,DNK,21
21315906,109,64,112,2017.0,4429831.0,1085.0,0.279223,-0.34883600000000003,ISL,DNK,21
21315907,109,64,112,2007.0,7231118.0,15485.0,0.104736,-0.366336,ISL,DNK,21
21315908,109,64,112,2012.0,5040899.0,7592.0,0.20266800000000001,-0.203262,ISL,DNK,21
21315909,109,64,112,2013.0,5802144.0,0.0,0.284089,-0.164097,ISL,DNK,21
21315910,109,64,112,2014.0,5967877.0,0.0,0.130097,-0.313819,ISL,DNK,21
21315911,109,64,112,2015.0,5629642.0,4214.0,0.20566199999999998,-0.5166689999999999,ISL,DNK,21
21315912,109,64,112,2009.0,5813597.0,11960.0,0.252143,-0.210652,ISL,DNK,21
21315913,109,64,112,2019.0,2505582.0,5130.0,0.416702,-0.22068400000000002,ISL,DNK,21
21315914,109,64,112,2010.0,5315983.0,0.0,0.105099,-0.41916899999999996,ISL,DNK,21
21315915,109,64,112,2011.0,5394097.0,0.0,0.146537,-0.294022,ISL,DNK,21
21315916,109,64,112,2016.0,4871041.0,0.0,0.099623,-0.404352,ISL,DNK,21
21315917,109,64,112,2018.0,3648935.0,0.0,0.161776,-0.293048,ISL,DNK,21
21315918,109,64,112,2004.0,3864814.0,0.0,0.107901,-0.41223699999999996,ISL,DNK,21
21315919,109,64,112,2002.0,2780377.0,0.0,0.17011700000000002,-0.33925500000000003,ISL,DNK,21
21315920,109,64,112,2003.0,2647954.0,0.0,0.266671,-0.41046800000000006,ISL,DNK,21
21315921,109,64,112,2008.0,10232508.0,13521.0,0.264519,-0.25590300000000005,ISL,DNK,21
21315922,109,64,112,1993.0,2800371.0,52176.0,0.048244,-0.500993,ISL,DNK,21
21315923,109,64,112,2020.0,1657363.0,3004.0,0.29827600000000004,-0.21413400000000002,ISL,DNK,21
21315924,109,64,112,1989.0,4229544.0,3172.0,-0.083261,-0.6244609999999999,ISL,DNK,21
21315925,109,64,112,1990.0,3842592.0,4843.0,-0.008551999999999999,-0.599178,ISL,DNK,21
21315926,109,64,112,1962.0,171709.0,0.0,-0.21506,-0.56042,ISL,DNK,21
21315927,109,64,112,1963.0,167860.0,0.0,0.06884900000000001,-0.48420799999999997,ISL,DNK,21
21315928,109,64,112,1964.0,828932.0,1072.0,0.07183200000000001,-0.495705,ISL,DNK,21
21315929,109,64,112,1965.0,431283.0,0.0,-0.030547,-0.48455,ISL,DNK,21
21315930,109,64,112,1966.0,212917.0,2888.0,-0.078766,-0.48414700000000005,ISL,DNK,21
21315931,109,64,112,1967.0,360939.0,2854.0,0.055875,-0.39217399999999997,ISL,DNK,21
21315932,109,64,112,1968.0,213502.0,0.0,0.282911,-0.326735,ISL,DNK,21
21315933,109,64,112,1969.0,199669.0,0.0,0.448646,-0.364207,ISL,DNK,21
21315934,109,64,112,1980.0,403497.0,14621.0,0.281283,-0.316542,ISL,DNK,21
21315935,109,64,112,2000.0,2835515.0,0.0,-0.070436,-0.5575439999999999,ISL,DNK,21
21315936,109,64,112,1981.0,895366.0,0.0,0.145203,-0.40742399999999995,ISL,DNK,21
21315937,109,64,112,1982.0,511312.0,2406.0,0.14613099999999998,-0.4196,ISL,DNK,21
21315938,109,64,112,2006.0,6107197.0,14801.0,0.06816699999999999,-0.36412,ISL,DNK,21
21315939,109,64,112,2005.0,5890476.0,0.0,0.213273,-0.41185,ISL,DNK,21
21315940,109,64,112,1997.0,3735671.0,31290.0,0.33665700000000004,-0.42348,ISL,DNK,21
21315941,109,64,112,1999.0,3700010.0,11687.0,0.140862,-0.46926999999999996,ISL,DNK,21
21315942,109,64,112,2001.0,3008594.0,7246.0,0.049756,-0.496962,ISL,DNK,21
21315943,109,64,112,1998.0,6934794.0,1800.0,-0.062625,-0.590518,ISL,DNK,21
21315944,109,64,112,1996.0,3637963.0,1634.0,0.10151,-0.44307799999999997,ISL,DNK,21
21315945,109,64,112,1991.0,4305398.0,22693.0,-0.078162,-0.479904,ISL,DNK,21
21315946,109,64,112,1995.0,3372232.0,0.0,0.202241,-0.423059,ISL,DNK,21
21315947,109,64,112,1985.0,578783.0,3472.0,0.187125,-0.2782,ISL,DNK,21
21315948,109,64,112,1988.0,4381488.0,17964.0,0.012167,-0.5386529999999999,ISL,DNK,21
21315949,109,64,112,1992.0,4649752.0,88123.0,-0.076691,-0.630567,ISL,DNK,21
21315950,109,64,112,1979.0,305101.0,0.0,0.1725,-0.38531,ISL,DNK,21
21315951,109,64,112,1978.0,355376.0,0.0,0.021804,-0.5039640000000001,ISL,DNK,21
21315952,109,64,112,1983.0,888845.0,3145.0,-0.059861000000000004,-0.530356,ISL,DNK,21
21315953,109,64,112,1984.0,552836.0,10910.0,0.132997,-0.43058,ISL,DNK,21
21315954,109,64,112,1986.0,2599596.0,9259.0,-0.054988,-0.5435909999999999,ISL,DNK,21
21315955,109,64,112,1987.0,3661569.0,22742.0,0.039143,-0.508159,ISL,DNK,21
21315956,109,64,112,1994.0,3488177.0,0.0,0.150731,-0.39677199999999996,ISL,DNK,21
21315957,109,64,112,1976.0,212707.0,28766.0,0.134415,-0.534556,ISL,DNK,21
21315958,110,64,112,1997.0,0.0,35056.0,1.404901,1.072135,ISR,DNK,21
21315959,110,64,112,2003.0,0.0,22036.0,1.2380200000000001,0.875008,ISR,DNK,21
21315960,110,64,112,1998.0,0.0,16210.0,1.285633,1.026542,ISR,DNK,21
21315961,110,64,112,2015.0,0.0,3873.0,1.0448030000000001,0.655392,ISR,DNK,21
21315962,110,64,112,2005.0,0.0,39081.0,1.3035649999999999,0.791546,ISR,DNK,21
21315963,110,64,112,2002.0,0.0,14704.0,1.257709,0.8318989999999999,ISR,DNK,21
21315964,110,64,112,2001.0,0.0,6053.0,1.17675,0.900401,ISR,DNK,21
21315965,110,64,112,1994.0,0.0,44719.0,1.374142,1.23864,ISR,DNK,21
21315966,110,64,112,1995.0,0.0,10899.0,1.209314,1.10886,ISR,DNK,21
21315967,110,64,112,1970.0,2237.0,0.0,1.037456,0.982367,ISR,DNK,21
21315968,110,64,112,1972.0,0.0,2064.0,0.855844,0.797624,ISR,DNK,21
21315969,110,64,112,1969.0,0.0,2174.0,0.959362,0.7913640000000001,ISR,DNK,21
21315970,110,64,112,1993.0,0.0,5106.0,1.395248,1.0915059999999999,ISR,DNK,21
21315971,110,64,112,1999.0,0.0,7552.0,1.3721729999999999,0.848339,ISR,DNK,21
21315972,110,64,112,1987.0,2092.0,0.0,1.252556,1.127185,ISR,DNK,21
21315973,110,64,112,1988.0,0.0,1069.0,1.335792,1.254102,ISR,DNK,21
21315974,110,64,112,1991.0,0.0,71608.0,1.361392,1.2648979999999999,ISR,DNK,21
21315975,110,64,112,1964.0,0.0,1429.0,1.149641,1.217095,ISR,DNK,21
21315976,110,64,112,1986.0,0.0,15887.0,1.160508,1.118791,ISR,DNK,21
21315977,110,64,112,1975.0,0.0,15218.0,0.9463469999999999,1.2375459999999998,ISR,DNK,21
21315978,110,64,112,1985.0,0.0,70088.0,1.22975,1.346886,ISR,DNK,21
21315979,110,64,112,1992.0,0.0,18816.0,1.354362,1.3260530000000001,ISR,DNK,21
21315980,110,64,112,1980.0,16481.0,0.0,0.9976389999999999,1.151031,ISR,DNK,21
21315981,110,64,112,1984.0,0.0,16950.0,1.19306,1.3686120000000002,ISR,DNK,21
21315982,110,64,112,1979.0,0.0,35128.0,0.956289,1.127865,ISR,DNK,21
21315983,111,64,112,1988.0,153682.0,22354515.0,1.730975,1.12053,ITA,DNK,21
21315984,111,64,112,1989.0,128359.0,18497182.0,1.685014,1.1221780000000001,ITA,DNK,21
21315985,111,64,112,1990.0,425926.0,21843692.0,1.7684220000000002,1.1535,ITA,DNK,21
21315986,111,64,112,1992.0,73535.0,22081320.0,1.7819,0.981246,ITA,DNK,21
21315987,111,64,112,1997.0,541415.0,60381582.0,1.596917,0.8313959999999999,ITA,DNK,21
21315988,111,64,112,2003.0,980415.0,23989002.0,1.453316,0.9161159999999999,ITA,DNK,21
21315989,111,64,112,2005.0,198121.0,26898083.0,1.463563,0.394074,ITA,DNK,21
21315990,111,64,112,2006.0,279775.0,35085107.0,1.416017,0.161859,ITA,DNK,21
21315991,111,64,112,2007.0,971078.0,22997758.0,1.4059469999999998,-0.257344,ITA,DNK,21
21315992,111,64,112,2008.0,571898.0,28840491.0,1.3792790000000001,-0.261705,ITA,DNK,21
21315993,111,64,112,2009.0,385148.0,17079682.0,1.392902,-0.171999,ITA,DNK,21
21315994,111,64,112,2010.0,2951469.0,38981230.0,1.416572,-0.054268,ITA,DNK,21
21315995,111,64,112,2011.0,3758890.0,53199565.0,1.41076,-0.277438,ITA,DNK,21
21315996,111,64,112,2012.0,4518166.0,48306495.0,1.396626,-0.43950500000000003,ITA,DNK,21
21315997,111,64,112,2013.0,4867609.0,53207048.0,1.419383,-0.304402,ITA,DNK,21
21315998,111,64,112,2014.0,2556541.0,55221272.0,1.476328,-0.293302,ITA,DNK,21
21315999,111,64,112,2015.0,3563822.0,33212420.0,1.439387,0.302892,ITA,DNK,21
21316000,111,64,112,2016.0,1626071.0,30850857.0,1.461526,0.316891,ITA,DNK,21
21316001,111,64,112,2017.0,2546361.0,18627256.0,1.4374559999999998,0.21079699999999998,ITA,DNK,21
21316002,111,64,112,2018.0,1726379.0,11844140.0,1.4594799999999999,0.05113,ITA,DNK,21
21316003,111,64,112,2019.0,1481496.0,5962979.0,1.3590440000000001,0.5138189999999999,ITA,DNK,21
21316004,111,64,112,2020.0,798021.0,3110198.0,1.335323,0.45980299999999996,ITA,DNK,21
21316005,111,64,112,1993.0,37271.0,29080750.0,1.7575290000000001,0.804057,ITA,DNK,21
21316006,111,64,112,1994.0,40163.0,33149003.0,1.70082,0.976709,ITA,DNK,21
21316007,111,64,112,1995.0,410701.0,45494165.0,1.650924,0.900234,ITA,DNK,21
21316008,111,64,112,1996.0,396343.0,56417548.0,1.591442,0.875201,ITA,DNK,21
21316009,111,64,112,1998.0,361037.0,56988704.0,1.559504,0.802303,ITA,DNK,21
21316010,111,64,112,1999.0,156764.0,47724521.0,1.488427,0.926016,ITA,DNK,21
21316011,111,64,112,2000.0,240683.0,35880216.0,1.51508,0.818283,ITA,DNK,21
21316012,111,64,112,2001.0,44565.0,35965576.0,1.488545,0.8410610000000001,ITA,DNK,21
21316013,111,64,112,2002.0,774765.0,37438614.0,1.3944219999999998,1.125362,ITA,DNK,21
21316014,111,64,112,2004.0,3178246.0,27247817.0,1.440372,0.676068,ITA,DNK,21
21316015,111,64,112,1991.0,123136.0,21480195.0,1.7996849999999998,1.010109,ITA,DNK,21
21316016,111,64,112,1973.0,20499.0,24457676.0,1.972735,1.037512,ITA,DNK,21
21316017,111,64,112,1962.0,0.0,2105193.0,1.9718330000000002,2.51966,ITA,DNK,21
21316018,111,64,112,1965.0,11416.0,3336454.0,2.0409669999999998,2.302946,ITA,DNK,21
21316019,111,64,112,1966.0,14621.0,5808241.0,1.952043,2.257403,ITA,DNK,21
21316020,111,64,112,1969.0,0.0,5804654.0,2.064301,1.562306,ITA,DNK,21
21316021,111,64,112,1977.0,7368.0,32355775.0,1.491034,0.969419,ITA,DNK,21
21316022,111,64,112,1980.0,127462.0,32353090.0,1.571277,0.20831,ITA,DNK,21
21316023,111,64,112,1975.0,32842.0,14619380.0,1.790963,-0.633931,ITA,DNK,21
21316024,111,64,112,1983.0,126431.0,22008419.0,1.688243,0.32974699999999996,ITA,DNK,21
21316025,111,64,112,1963.0,4505.0,2238370.0,1.9434490000000002,2.354488,ITA,DNK,21
21316026,111,64,112,1964.0,1478.0,2734879.0,1.970029,2.32685,ITA,DNK,21
21316027,111,64,112,1968.0,0.0,3034125.0,1.8991650000000002,1.865793,ITA,DNK,21
21316028,111,64,112,1970.0,6216.0,5461162.0,2.01175,1.512494,ITA,DNK,21
21316029,111,64,112,1971.0,0.0,7757718.0,2.039661,1.10519,ITA,DNK,21
21316030,111,64,112,1979.0,102403.0,66270082.0,1.618028,1.0887790000000002,ITA,DNK,21
21316031,111,64,112,1982.0,300671.0,15492859.0,1.612258,0.335829,ITA,DNK,21
21316032,111,64,112,1984.0,35814.0,15794082.0,1.662189,0.512061,ITA,DNK,21
21316033,111,64,112,1985.0,149415.0,13451867.0,1.73984,0.802181,ITA,DNK,21
21316034,111,64,112,1967.0,1309.0,3859635.0,1.9909290000000002,1.899921,ITA,DNK,21
21316035,111,64,112,1972.0,6755.0,10838992.0,1.9394419999999999,1.579826,ITA,DNK,21
21316036,111,64,112,1974.0,0.0,26459072.0,1.661993,-0.225104,ITA,DNK,21
21316037,111,64,112,1978.0,90894.0,43732230.0,1.6621380000000001,1.231837,ITA,DNK,21
21316038,111,64,112,1981.0,40792.0,20895475.0,1.538904,0.084879,ITA,DNK,21
21316039,111,64,112,1986.0,91371.0,17206944.0,1.822242,1.180374,ITA,DNK,21
21316040,111,64,112,1987.0,89757.0,20150386.0,1.713453,1.458424,ITA,DNK,21
21316041,111,64,112,1976.0,0.0,31993395.0,1.7114169999999997,0.009824,ITA,DNK,21
21316042,114,64,112,2005.0,0.0,4424626.0,2.648982,0.074001,JPN,DNK,21
21316043,114,64,112,2011.0,0.0,1314454.0,2.352529,-0.418184,JPN,DNK,21
21316044,114,64,112,2012.0,0.0,1062019.0,2.325746,-0.8705649999999999,JPN,DNK,21
21316045,114,64,112,2009.0,0.0,670414.0,2.284744,-0.341893,JPN,DNK,21
21316046,114,64,112,2010.0,0.0,998478.0,2.435816,-0.302669,JPN,DNK,21
21316047,114,64,112,2014.0,0.0,2405896.0,2.297789,-0.58585,JPN,DNK,21
21316048,114,64,112,2015.0,0.0,1331942.0,2.485208,-0.303642,JPN,DNK,21
21316049,114,64,112,2016.0,0.0,633805.0,2.550074,-0.479725,JPN,DNK,21
21316050,114,64,112,2018.0,0.0,183224.0,2.480327,-0.559793,JPN,DNK,21
21316051,114,64,112,2020.0,0.0,3808.0,2.2652330000000003,-0.388974,JPN,DNK,21
21316052,114,64,112,2017.0,17650.0,436812.0,2.4440779999999998,-0.46107700000000007,JPN,DNK,21
21316053,114,64,112,2019.0,0.0,75560.0,2.484625,-0.53041,JPN,DNK,21
21316054,114,64,112,2000.0,0.0,7793228.0,2.8218240000000003,0.255803,JPN,DNK,21
21316055,114,64,112,2001.0,0.0,7918919.0,2.674032,0.445636,JPN,DNK,21
21316056,114,64,112,2002.0,2433.0,4509075.0,2.7747580000000003,0.43663199999999996,JPN,DNK,21
21316057,114,64,112,2003.0,0.0,3737468.0,2.675147,0.30545500000000003,JPN,DNK,21
21316058,114,64,112,2004.0,0.0,5466257.0,2.756136,0.15545,JPN,DNK,21
21316059,114,64,112,2006.0,0.0,3330934.0,2.442213,-0.046222000000000006,JPN,DNK,21
21316060,114,64,112,2007.0,0.0,3521167.0,2.305024,0.037929000000000004,JPN,DNK,21
21316061,114,64,112,2008.0,5398.0,1377115.0,2.317756,-0.092927,JPN,DNK,21
21316062,114,64,112,1969.0,0.0,421735.0,1.9296520000000001,2.2147919999999996,JPN,DNK,21
21316063,114,64,112,1970.0,3354.0,42508.0,1.9336740000000001,2.197542,JPN,DNK,21
21316064,114,64,112,1971.0,35239.0,102936.0,1.862756,2.170372,JPN,DNK,21
21316065,114,64,112,1972.0,104105.0,226892.0,2.026459,2.278375,JPN,DNK,21
21316066,114,64,112,1974.0,144076.0,559492.0,1.7789599999999999,1.66386,JPN,DNK,21
21316067,114,64,112,1975.0,187291.0,742116.0,1.984416,1.39,JPN,DNK,21
21316068,114,64,112,1978.0,0.0,7375752.0,2.064061,1.7039259999999998,JPN,DNK,21
21316069,114,64,112,1979.0,88914.0,18392207.0,2.0317369999999997,1.391941,JPN,DNK,21
21316070,114,64,112,1976.0,175988.0,1046500.0,1.845602,1.728366,JPN,DNK,21
21316071,114,64,112,1977.0,92246.0,2761375.0,1.7058099999999998,1.427063,JPN,DNK,21
21316072,114,64,112,1983.0,25903.0,7474372.0,2.041198,1.0538319999999999,JPN,DNK,21
21316073,114,64,112,1989.0,0.0,8821823.0,2.348643,1.060689,JPN,DNK,21
21316074,114,64,112,1992.0,0.0,8167118.0,2.451698,0.875639,JPN,DNK,21
21316075,114,64,112,1988.0,0.0,9606789.0,2.401594,1.012665,JPN,DNK,21
21316076,114,64,112,1990.0,0.0,7396675.0,2.407913,1.0777079999999999,JPN,DNK,21
21316077,114,64,112,1991.0,0.0,14244483.0,2.447788,1.084934,JPN,DNK,21
21316078,114,64,112,1993.0,0.0,6419700.0,2.501478,0.804914,JPN,DNK,21
21316079,114,64,112,1994.0,0.0,8436713.0,2.753766,0.735503,JPN,DNK,21
21316080,114,64,112,2013.0,0.0,2245176.0,2.333417,-0.818701,JPN,DNK,21
21316081,114,64,112,1962.0,0.0,36250.0,2.091124,2.289679,JPN,DNK,21
21316082,114,64,112,1965.0,0.0,27510.0,1.944695,2.444343,JPN,DNK,21
21316083,114,64,112,1966.0,0.0,67751.0,1.88198,2.305387,JPN,DNK,21
21316084,114,64,112,1967.0,19878.0,94722.0,1.878785,2.322468,JPN,DNK,21
21316085,114,64,112,1973.0,113148.0,1313386.0,2.1298220000000003,2.043215,JPN,DNK,21
21316086,114,64,112,1980.0,0.0,11381697.0,1.7941060000000002,1.153126,JPN,DNK,21
21316087,114,64,112,1981.0,2479.0,28422252.0,1.893759,0.7233890000000001,JPN,DNK,21
21316088,114,64,112,1982.0,0.0,25325447.0,2.03134,0.716025,JPN,DNK,21
21316089,114,64,112,1963.0,0.0,44478.0,1.9171509999999998,2.3428720000000003,JPN,DNK,21
21316090,114,64,112,1964.0,0.0,138838.0,1.8959720000000002,2.332291,JPN,DNK,21
21316091,114,64,112,1968.0,1050.0,242484.0,1.844871,2.2220470000000003,JPN,DNK,21
21316092,114,64,112,1984.0,0.0,5897950.0,2.1470740000000004,0.9942190000000001,JPN,DNK,21
21316093,114,64,112,1985.0,10869.0,7351762.0,2.261116,1.096217,JPN,DNK,21
21316094,114,64,112,1987.0,34130.0,23599886.0,2.4350669999999996,1.265743,JPN,DNK,21
21316095,114,64,112,1995.0,23248.0,4868445.0,2.756992,0.69287,JPN,DNK,21
21316096,114,64,112,1996.0,0.0,9103491.0,2.858869,0.477455,JPN,DNK,21
21316097,114,64,112,1997.0,0.0,4328547.0,2.771316,0.545821,JPN,DNK,21
21316098,114,64,112,1998.0,34570.0,2008504.0,2.712293,0.508761,JPN,DNK,21
21316099,114,64,112,1986.0,163348.0,8797868.0,2.441023,1.331998,JPN,DNK,21
21316100,114,64,112,1999.0,0.0,5910593.0,2.770339,0.431939,JPN,DNK,21
21316101,115,64,112,2004.0,0.0,76832.0,-0.43987200000000004,-0.50862,KAZ,DNK,21
21316102,115,64,112,2005.0,0.0,31966.0,-0.270843,-0.552755,KAZ,DNK,21
21316103,115,64,112,2014.0,0.0,8940.0,-0.503438,-0.5477850000000001,KAZ,DNK,21
21316104,115,64,112,2016.0,1239.0,0.0,-0.467305,-0.475451,KAZ,DNK,21
21316105,115,64,112,2000.0,0.0,116397.0,-0.16554100000000002,-0.70523,KAZ,DNK,21
21316106,115,64,112,2001.0,0.0,164656.0,-0.05773,-0.44668500000000005,KAZ,DNK,21
21316107,115,64,112,2002.0,0.0,76354.0,-0.100361,-0.502468,KAZ,DNK,21
21316108,115,64,112,2003.0,0.0,50059.0,-0.13421,-0.40886300000000003,KAZ,DNK,21
21316109,115,64,112,1998.0,0.0,98648.0,0.032236,-0.403509,KAZ,DNK,21
21316110,115,64,112,1999.0,0.0,90604.0,-0.16708499999999998,-0.517546,KAZ,DNK,21
21316111,116,64,112,1999.0,8127.0,3122.0,-0.387891,0.2622,KEN,DNK,21
21316112,116,64,112,1963.0,12806.0,0.0,-0.802007,-0.7357319999999999,KEN,DNK,21
21316113,117,64,112,2018.0,0.0,304134.0,0.000495,0.601278,KGZ,DNK,21
21316114,117,64,112,2019.0,0.0,176161.0,-0.063992,0.539198,KGZ,DNK,21
21316115,118,64,112,2018.0,104568.0,193674016.0,-0.5513779999999999,-0.598237,KHM,DNK,21
21316116,118,64,112,2009.0,0.0,26858.0,-0.9309709999999999,-1.045464,KHM,DNK,21
21316117,118,64,112,2020.0,0.0,101106640.0,-0.203691,-0.384101,KHM,DNK,21
21316118,118,64,112,2017.0,0.0,173499440.0,-0.654185,-0.655463,KHM,DNK,21
21316119,118,64,112,2015.0,0.0,14431557.0,-0.6829810000000001,-0.7589819999999999,KHM,DNK,21
21316120,118,64,112,2016.0,0.0,100302888.0,-0.70365,-0.843824,KHM,DNK,21
21316121,118,64,112,2019.0,0.0,196272240.0,-0.47361800000000004,-0.43366800000000005,KHM,DNK,21
21316122,120,64,112,2006.0,0.0,1675760.0,1.3110979999999999,-0.061185,KNA,DNK,21
21316123,120,64,112,2004.0,0.0,286843.0,0.5528109999999999,-0.342657,KNA,DNK,21
21316124,121,64,112,1992.0,0.0,6185558.0,0.778066,1.3011139999999999,KOR,DNK,21
21316125,121,64,112,2010.0,0.0,32683361.0,1.750156,0.7546390000000001,KOR,DNK,21
21316126,121,64,112,2004.0,0.0,11409913.0,1.481275,0.7859,KOR,DNK,21
21316127,121,64,112,2005.0,4033.0,16306903.0,1.6829720000000001,0.8396809999999999,KOR,DNK,21
21316128,121,64,112,2006.0,0.0,22731215.0,1.588589,0.799507,KOR,DNK,21
21316129,121,64,112,2007.0,0.0,15302975.0,1.565779,0.740676,KOR,DNK,21
21316130,121,64,112,2008.0,0.0,13545687.0,1.552706,0.75093,KOR,DNK,21
21316131,121,64,112,2009.0,0.0,16452354.0,1.6550619999999998,0.696643,KOR,DNK,21
21316132,121,64,112,2011.0,0.0,44513171.0,1.7554029999999998,0.777291,KOR,DNK,21
21316133,121,64,112,2012.0,0.0,29004032.0,1.839479,0.8272799999999999,KOR,DNK,21
21316134,121,64,112,2000.0,0.0,13318538.0,1.248356,1.000666,KOR,DNK,21
21316135,121,64,112,2001.0,0.0,9006027.0,1.436204,0.917057,KOR,DNK,21
21316136,121,64,112,1999.0,0.0,12890290.0,1.157723,1.008632,KOR,DNK,21
21316137,121,64,112,2014.0,0.0,38876344.0,1.9642650000000001,0.86425,KOR,DNK,21
21316138,121,64,112,2013.0,29463.0,15509570.0,1.817145,0.835414,KOR,DNK,21
21316139,121,64,112,2015.0,0.0,28524560.0,2.09708,0.840759,KOR,DNK,21
21316140,121,64,112,2016.0,3131.0,21429572.0,2.1686389999999998,0.798808,KOR,DNK,21
21316141,121,64,112,2017.0,0.0,26889218.0,2.1277470000000003,0.8218719999999999,KOR,DNK,21
21316142,121,64,112,2018.0,4595.0,30334032.0,2.139149,0.795045,KOR,DNK,21
21316143,121,64,112,2019.0,2973.0,12483781.0,2.058557,0.671653,KOR,DNK,21
21316144,121,64,112,2020.0,0.0,6123372.0,1.9485560000000002,0.779812,KOR,DNK,21
21316145,121,64,112,1996.0,0.0,66128272.0,1.230793,1.0548959999999998,KOR,DNK,21
21316146,121,64,112,1997.0,0.0,20376312.0,1.2642,1.164231,KOR,DNK,21
21316147,121,64,112,1998.0,0.0,3432563.0,1.129848,1.117799,KOR,DNK,21
21316148,121,64,112,2002.0,0.0,16132189.0,1.4172719999999999,0.8763139999999999,KOR,DNK,21
21316149,121,64,112,1995.0,0.0,37796628.0,1.04025,1.105256,KOR,DNK,21
21316150,121,64,112,2003.0,0.0,11277255.0,1.367322,0.826994,KOR,DNK,21
21316151,121,64,112,1986.0,0.0,17656760.0,1.094639,1.359351,KOR,DNK,21
21316152,121,64,112,1987.0,4245.0,48006112.0,0.941865,1.2841420000000001,KOR,DNK,21
21316153,121,64,112,1990.0,23468.0,17071558.0,0.9673940000000001,1.234911,KOR,DNK,21
21316154,121,64,112,1976.0,1901.0,0.0,0.8379049999999999,0.991268,KOR,DNK,21
21316155,121,64,112,1979.0,0.0,4479.0,0.878292,1.254742,KOR,DNK,21
21316156,121,64,112,1980.0,0.0,2071.0,0.9213110000000001,1.38155,KOR,DNK,21
21316157,121,64,112,1981.0,0.0,68219.0,0.998975,1.244219,KOR,DNK,21
21316158,121,64,112,1982.0,0.0,17395769.0,0.915739,1.2858379999999998,KOR,DNK,21
21316159,121,64,112,1983.0,0.0,20671060.0,0.966398,1.477349,KOR,DNK,21
21316160,121,64,112,1984.0,1608.0,15827024.0,0.983016,1.328462,KOR,DNK,21
21316161,121,64,112,1985.0,0.0,17308590.0,0.985474,1.260622,KOR,DNK,21
21316162,121,64,112,1988.0,0.0,36844592.0,0.924156,1.228111,KOR,DNK,21
21316163,121,64,112,1989.0,17752.0,21009995.0,0.8271719999999999,1.272148,KOR,DNK,21
21316164,121,64,112,1991.0,1887.0,18628733.0,0.820436,1.14649,KOR,DNK,21
21316165,121,64,112,1993.0,0.0,13276064.0,0.8651120000000001,1.184459,KOR,DNK,21
21316166,121,64,112,1994.0,0.0,25421718.0,1.045089,1.294125,KOR,DNK,21
21316167,121,64,112,1977.0,4822.0,0.0,0.8689889999999999,0.9320430000000001,KOR,DNK,21
21316168,122,64,112,2006.0,0.0,10464.0,-1.506818,-1.193717,KWT,DNK,21
21316169,122,64,112,1967.0,5729.0,0.0,-1.324653,-0.428122,KWT,DNK,21
21316170,122,64,112,1968.0,3592.0,0.0,-1.2088969999999999,-0.480887,KWT,DNK,21
21316171,124,64,112,2003.0,0.0,2531.0,0.202033,1.115168,LBN,DNK,21
21316172,124,64,112,1998.0,9166.0,0.0,0.246773,1.1761110000000001,LBN,DNK,21
21316173,124,64,112,1969.0,4814.0,0.0,0.811828,1.4371120000000002,LBN,DNK,21
21316174,124,64,112,1970.0,1143.0,0.0,0.6809149999999999,1.449958,LBN,DNK,21
21316175,124,64,112,1972.0,0.0,34999.0,0.729617,1.621214,LBN,DNK,21
21316176,124,64,112,1965.0,1353.0,0.0,0.36086,0.44592200000000004,LBN,DNK,21
21316177,124,64,112,1966.0,0.0,1116.0,0.16389700000000001,0.208279,LBN,DNK,21
21316178,124,64,112,1974.0,0.0,2974.0,0.828751,1.5832,LBN,DNK,21
21316179,124,64,112,1977.0,1136.0,0.0,0.826234,1.3998190000000001,LBN,DNK,21
21316180,124,64,112,1999.0,0.0,14357.0,0.17613299999999998,1.226906,LBN,DNK,21
21316181,124,64,112,1980.0,0.0,516638.0,0.677207,1.2813370000000002,LBN,DNK,21
21316182,124,64,112,1981.0,0.0,895502.0,0.705372,1.2138950000000002,LBN,DNK,21
21316183,124,64,112,1982.0,0.0,28865.0,0.680898,0.932318,LBN,DNK,21
21316184,125,64,112,1976.0,1022.0,0.0,-0.803693,-0.528219,LBR,DNK,21
21316185,130,64,112,1997.0,34296.0,5486087.0,0.360579,1.382816,LTU,DNK,21
21316186,130,64,112,2019.0,15803962.0,2888317.0,0.7628739999999999,1.5376239999999999,LTU,DNK,21
21316187,130,64,112,2018.0,17291618.0,3202310.0,0.839052,1.5688790000000001,LTU,DNK,21
21316188,130,64,112,2007.0,6683108.0,1722877.0,0.566496,1.482193,LTU,DNK,21
21316189,130,64,112,2012.0,20664916.0,4888892.0,0.739945,1.217062,LTU,DNK,21
21316190,130,64,112,2013.0,27580830.0,4045950.0,0.677986,1.29227,LTU,DNK,21
21316191,130,64,112,2014.0,35828974.0,3134086.0,0.679488,1.558981,LTU,DNK,21
21316192,130,64,112,2015.0,43874117.0,1886182.0,0.607102,1.478928,LTU,DNK,21
21316193,130,64,112,2016.0,22303959.0,2526854.0,0.6319130000000001,1.538765,LTU,DNK,21
21316194,130,64,112,2017.0,23987792.0,2158966.0,0.770556,1.555233,LTU,DNK,21
21316195,130,64,112,2020.0,11388413.0,598045.0,0.8551219999999999,1.3162399999999999,LTU,DNK,21
21316196,130,64,112,1996.0,417251.0,3910116.0,0.360994,1.092575,LTU,DNK,21
21316197,130,64,112,2002.0,46681.0,4914468.0,0.15796,0.855931,LTU,DNK,21
21316198,130,64,112,2008.0,8710493.0,2348128.0,0.5466489999999999,1.180161,LTU,DNK,21
21316199,130,64,112,2010.0,15576225.0,242655.0,0.65664,1.368933,LTU,DNK,21
21316200,130,64,112,1994.0,189509.0,647916.0,0.406962,1.445273,LTU,DNK,21
21316201,130,64,112,1998.0,202693.0,2035290.0,0.33196,0.954261,LTU,DNK,21
21316202,130,64,112,2011.0,26721553.0,471755.0,0.770476,1.117956,LTU,DNK,21
21316203,130,64,112,2009.0,8836442.0,1612814.0,0.576882,1.281147,LTU,DNK,21
21316204,130,64,112,2006.0,5320598.0,188795.0,0.553669,1.252767,LTU,DNK,21
21316205,130,64,112,2005.0,3083551.0,714063.0,0.394586,1.099291,LTU,DNK,21
21316206,130,64,112,2004.0,1752102.0,968066.0,0.341521,0.7971560000000001,LTU,DNK,21
21316207,130,64,112,2001.0,166617.0,4682755.0,0.21069699999999997,0.720384,LTU,DNK,21
21316208,130,64,112,2003.0,193185.0,2275809.0,0.164117,0.807233,LTU,DNK,21
21316209,130,64,112,1992.0,481054.0,3224.0,0.7271810000000001,0.482357,LTU,DNK,21
21316210,130,64,112,1993.0,77009.0,1348704.0,0.06586,0.20737600000000003,LTU,DNK,21
21316211,130,64,112,1999.0,148242.0,579003.0,0.283669,0.807808,LTU,DNK,21
21316212,130,64,112,2000.0,63427.0,3665232.0,0.22767199999999999,0.794208,LTU,DNK,21
21316213,130,64,112,1995.0,88126.0,5828903.0,0.41947399999999996,1.3005790000000002,LTU,DNK,21
21316214,131,64,112,2017.0,0.0,7662.0,1.1461629999999998,1.434994,LUX,DNK,21
21316215,131,64,112,2016.0,0.0,4514.0,1.217021,1.401214,LUX,DNK,21
21316216,132,64,112,2014.0,12574817.0,296484.0,0.6501,1.35321,LVA,DNK,21
21316217,132,64,112,2015.0,9186383.0,82326.0,0.505344,1.152542,LVA,DNK,21
21316218,132,64,112,2016.0,3836564.0,46740.0,0.46748199999999995,1.228024,LVA,DNK,21
21316219,132,64,112,2017.0,4951670.0,48032.0,0.644285,1.4304290000000002,LVA,DNK,21
21316220,132,64,112,2018.0,2130791.0,4535.0,0.6984560000000001,1.29918,LVA,DNK,21
21316221,132,64,112,2019.0,1962874.0,126604.0,0.653937,1.266508,LVA,DNK,21
21316222,132,64,112,2020.0,4845674.0,189460.0,0.7078899999999999,1.284132,LVA,DNK,21
21316223,132,64,112,2010.0,9390197.0,0.0,0.602966,1.160796,LVA,DNK,21
21316224,132,64,112,2011.0,6591972.0,0.0,0.736066,1.125155,LVA,DNK,21
21316225,132,64,112,2012.0,4533675.0,2972.0,0.704565,1.000552,LVA,DNK,21
21316226,132,64,112,2013.0,5901198.0,2608.0,0.652463,1.299917,LVA,DNK,21
21316227,132,64,112,1995.0,94881.0,0.0,0.341138,0.62157,LVA,DNK,21
21316228,132,64,112,2003.0,913589.0,23104.0,0.43565699999999996,0.7667,LVA,DNK,21
21316229,132,64,112,2000.0,3622.0,0.0,0.27229699999999996,0.402929,LVA,DNK,21
21316230,132,64,112,2007.0,9668156.0,65598.0,0.660411,1.100503,LVA,DNK,21
21316231,132,64,112,1998.0,177382.0,9863.0,0.253542,0.6586,LVA,DNK,21
21316232,132,64,112,1999.0,0.0,50062.0,0.22477399999999997,0.49555200000000005,LVA,DNK,21
21316233,132,64,112,2009.0,8118378.0,0.0,0.696343,1.1272209999999998,LVA,DNK,21
21316234,132,64,112,2002.0,174721.0,11155.0,0.41409799999999997,0.6281680000000001,LVA,DNK,21
21316235,132,64,112,2005.0,4588805.0,16226.0,0.538975,0.8716780000000001,LVA,DNK,21
21316236,132,64,112,1994.0,544591.0,91676.0,0.34518899999999997,0.694659,LVA,DNK,21
21316237,132,64,112,1996.0,447341.0,28037.0,0.255258,0.42505299999999996,LVA,DNK,21
21316238,132,64,112,1997.0,214401.0,56774.0,0.332958,0.51665,LVA,DNK,21
21316239,132,64,112,2001.0,213102.0,523005.0,0.31652600000000003,0.523927,LVA,DNK,21
21316240,132,64,112,2004.0,3710251.0,15386.0,0.415001,0.8476809999999999,LVA,DNK,21
21316241,132,64,112,2006.0,8041254.0,0.0,0.548453,1.027836,LVA,DNK,21
21316242,132,64,112,2008.0,9948831.0,0.0,0.5873149999999999,1.322415,LVA,DNK,21
21316243,132,64,112,1993.0,1025243.0,28297.0,-0.03573,0.014685,LVA,DNK,21
21316244,132,64,112,1992.0,156147.0,0.0,0.184303,0.022494999999999998,LVA,DNK,21
21316245,133,64,112,1981.0,0.0,68457.0,0.521053,-0.209065,MAC,DNK,21
21316246,133,64,112,1992.0,0.0,43896.0,0.249034,-0.026864,MAC,DNK,21
21316247,133,64,112,1989.0,0.0,105401.0,0.342584,-0.043294,MAC,DNK,21
21316248,133,64,112,1990.0,0.0,1388985.0,0.36492199999999997,-0.143228,MAC,DNK,21
21316249,133,64,112,1991.0,0.0,1278136.0,0.238669,0.014938,MAC,DNK,21
21316250,133,64,112,1987.0,0.0,722432.0,0.44125299999999995,-0.051829999999999994,MAC,DNK,21
21316251,133,64,112,2004.0,0.0,504471.0,-0.12333599999999999,-0.600164,MAC,DNK,21
21316252,133,64,112,1983.0,0.0,52175.0,0.524352,0.023061,MAC,DNK,21
21316253,133,64,112,1986.0,0.0,265047.0,0.400978,-0.067039,MAC,DNK,21
21316254,133,64,112,2008.0,0.0,9534.0,0.460366,0.281819,MAC,DNK,21
21316255,133,64,112,2003.0,0.0,48093.0,-0.097208,-0.474721,MAC,DNK,21
21316256,133,64,112,2000.0,0.0,12106.0,-0.19656300000000002,-0.519896,MAC,DNK,21
21316257,133,64,112,2001.0,0.0,220379.0,-0.250517,-0.589391,MAC,DNK,21
21316258,133,64,112,1988.0,0.0,213924.0,0.35184699999999997,0.124976,MAC,DNK,21
21316259,133,64,112,2009.0,0.0,330764.0,0.614631,0.570435,MAC,DNK,21
21316260,133,64,112,1996.0,0.0,1000072.0,-0.089625,-0.42184499999999997,MAC,DNK,21
21316261,133,64,112,1994.0,0.0,222042.0,0.069787,-0.357614,MAC,DNK,21
21316262,133,64,112,1995.0,0.0,252548.0,-0.068619,-0.338436,MAC,DNK,21
21316263,133,64,112,1997.0,0.0,439330.0,-0.061292,-0.44707399999999997,MAC,DNK,21
21316264,133,64,112,1998.0,0.0,169038.0,-0.075062,-0.496061,MAC,DNK,21
21316265,133,64,112,2006.0,0.0,1120796.0,0.120923,-0.266158,MAC,DNK,21
21316266,133,64,112,2007.0,0.0,206633.0,0.43392600000000003,-0.148343,MAC,DNK,21
21316267,133,64,112,2005.0,0.0,654896.0,0.199701,-0.23243200000000003,MAC,DNK,21
21316268,133,64,112,1993.0,0.0,539724.0,0.065958,-0.184407,MAC,DNK,21
21316269,134,64,112,2004.0,2060.0,0.0,-0.626594,-0.22253499999999998,MAR,DNK,21
21316270,135,64,112,2018.0,58291.0,0.0,-0.222348,-0.091067,MDA,DNK,21
21316271,135,64,112,2017.0,21597.0,0.0,-0.135731,-0.008816,MDA,DNK,21
21316272,135,64,112,2007.0,1780968.0,0.0,0.292271,0.414459,MDA,DNK,21
21316273,135,64,112,1997.0,0.0,254064.0,0.14225,-0.250556,MDA,DNK,21
21316274,135,64,112,1998.0,0.0,66502.0,0.100742,-0.05809500000000001,MDA,DNK,21
21316275,138,64,112,2012.0,73916.0,0.0,1.166986,0.662798,MEX,DNK,21
21316276,138,64,112,1994.0,0.0,750597.0,1.0145629999999999,0.9349149999999999,MEX,DNK,21
21316277,138,64,112,1988.0,0.0,89679.0,0.878661,1.049591,MEX,DNK,21
21316278,138,64,112,1982.0,1858.0,0.0,0.25311500000000003,0.038212,MEX,DNK,21
21316279,138,64,112,1962.0,0.0,5101.0,0.16552,-0.09312100000000001,MEX,DNK,21
21316280,140,64,112,2008.0,0.0,44796.0,-0.064286,-0.035164999999999995,MKD,DNK,21
21316281,140,64,112,2007.0,0.0,63807.0,-0.049089,0.039016,MKD,DNK,21
21316282,140,64,112,2004.0,0.0,24772.0,-0.120439,0.27624899999999997,MKD,DNK,21
21316283,140,64,112,2005.0,0.0,114112.0,-0.12096900000000001,0.25146799999999997,MKD,DNK,21
21316284,140,64,112,2006.0,0.0,119271.0,-0.098526,0.423279,MKD,DNK,21
21316285,142,64,112,1973.0,1251.0,0.0,1.228172,1.161741,MLT,DNK,21
21316286,142,64,112,1974.0,6714.0,0.0,0.935966,0.8213729999999999,MLT,DNK,21
21316287,143,64,112,1962.0,7812.0,0.0,-0.781489,-0.642223,MMR,DNK,21
21316288,145,64,112,2011.0,1605.0,0.0,-1.054251,-1.1361940000000001,MNG,DNK,21
21316289,145,64,112,1997.0,2606.0,0.0,-0.569797,-0.9604370000000001,MNG,DNK,21
21316290,145,64,112,1994.0,13845.0,0.0,-0.752488,-1.030735,MNG,DNK,21
21316291,149,64,112,2000.0,0.0,262774.0,1.415653,0.21735300000000002,MSR,DNK,21
21316292,152,64,112,1977.0,3372.0,0.0,-0.138379,-0.548675,MWI,DNK,21
21316293,153,64,112,2016.0,0.0,4613509.0,1.091156,0.8383370000000001,MYS,DNK,21
21316294,153,64,112,2015.0,0.0,6077192.0,1.041984,0.773634,MYS,DNK,21
21316295,153,64,112,2011.0,0.0,9849957.0,1.023615,0.6364770000000001,MYS,DNK,21
21316296,153,64,112,2012.0,0.0,4338432.0,0.93739,0.726329,MYS,DNK,21
21316297,153,64,112,2013.0,0.0,3981676.0,0.924532,0.671334,MYS,DNK,21
21316298,153,64,112,2014.0,0.0,9355558.0,0.995226,0.7797810000000001,MYS,DNK,21
21316299,153,64,112,2019.0,0.0,27187158.0,1.137286,0.711695,MYS,DNK,21
21316300,153,64,112,2017.0,0.0,15506490.0,1.022117,0.6711739999999999,MYS,DNK,21
21316301,153,64,112,2005.0,0.0,40100.0,0.922459,0.21455300000000002,MYS,DNK,21
21316302,153,64,112,2006.0,0.0,16830.0,0.9497270000000001,0.324179,MYS,DNK,21
21316303,153,64,112,2010.0,0.0,3800831.0,0.8855870000000001,0.523093,MYS,DNK,21
21316304,153,64,112,2004.0,0.0,2010.0,1.250098,0.352379,MYS,DNK,21
21316305,153,64,112,2009.0,0.0,854965.0,0.7363810000000001,0.57739,MYS,DNK,21
21316306,153,64,112,2018.0,0.0,23227908.0,1.047185,0.732742,MYS,DNK,21
21316307,153,64,112,2020.0,0.0,6742781.0,1.1176540000000001,0.711091,MYS,DNK,21
21316308,153,64,112,1980.0,0.0,3611.0,-0.23523899999999998,-0.037528,MYS,DNK,21
21316309,153,64,112,1982.0,13136.0,0.0,0.035615,0.177628,MYS,DNK,21
21316310,153,64,112,1983.0,2137.0,0.0,0.16255899999999998,0.21936799999999998,MYS,DNK,21
21316311,155,64,112,2000.0,994326.0,0.0,-0.42796999999999996,-0.643361,NAM,DNK,21
21316312,155,64,112,2001.0,737377.0,0.0,-0.536003,-0.7165590000000001,NAM,DNK,21
21316313,155,64,112,2002.0,1851069.0,0.0,-0.137725,-0.361452,NAM,DNK,21
21316314,155,64,112,2003.0,1902588.0,0.0,-0.187027,-0.357388,NAM,DNK,21
21316315,155,64,112,2004.0,1162920.0,0.0,-0.408989,-0.462016,NAM,DNK,21
21316316,155,64,112,2005.0,2076793.0,0.0,-0.43010200000000004,-0.43786499999999995,NAM,DNK,21
21316317,155,64,112,2006.0,3816585.0,0.0,-0.425389,-0.690279,NAM,DNK,21
21316318,155,64,112,2007.0,5585804.0,0.0,-0.46289600000000003,-0.544578,NAM,DNK,21
21316319,155,64,112,2008.0,4481692.0,0.0,-0.07931,-0.23347600000000002,NAM,DNK,21
21316320,155,64,112,2009.0,2885716.0,0.0,0.080358,0.177531,NAM,DNK,21
21316321,155,64,112,2010.0,3840768.0,0.0,-0.713893,-0.746379,NAM,DNK,21
21316322,155,64,112,2011.0,3478040.0,0.0,-0.595352,-0.660176,NAM,DNK,21
21316323,155,64,112,2012.0,3445677.0,0.0,-0.404252,-0.330913,NAM,DNK,21
21316324,155,64,112,2013.0,1003304.0,0.0,-0.316805,-0.38759099999999996,NAM,DNK,21
21316325,155,64,112,2014.0,3703795.0,38009.0,-0.5218020000000001,-0.502617,NAM,DNK,21
21316326,155,64,112,2015.0,3266697.0,0.0,-0.379262,-0.574771,NAM,DNK,21
21316327,155,64,112,2016.0,1939555.0,0.0,-0.506252,-0.8029350000000001,NAM,DNK,21
21316328,155,64,112,2017.0,1503840.0,0.0,-0.501017,-0.716238,NAM,DNK,21
21316329,155,64,112,2018.0,2226386.0,0.0,-0.45412600000000003,-0.673077,NAM,DNK,21
21316330,155,64,112,2019.0,1048981.0,0.0,-0.24699200000000002,-0.569818,NAM,DNK,21
21316331,155,64,112,2020.0,157611.0,0.0,-0.529092,-0.6274489999999999,NAM,DNK,21
21316332,156,64,112,1964.0,2103.0,0.0,-0.497942,-0.481108,NCL,DNK,21
21316333,157,64,112,2007.0,0.0,7836.0,-0.443137,-0.630311,NER,DNK,21
21316334,159,64,112,2015.0,0.0,7723.0,-1.861028,-1.3094219999999999,NGA,DNK,21
21316335,159,64,112,1964.0,1041.0,0.0,-1.136649,-0.727962,NGA,DNK,21
21316336,159,64,112,1966.0,17586.0,0.0,-1.169983,-0.765738,NGA,DNK,21
21316337,159,64,112,1967.0,11123.0,0.0,-1.09407,-0.767981,NGA,DNK,21
21316338,159,64,112,1968.0,2237.0,0.0,-1.317379,-0.822881,NGA,DNK,21
21316339,159,64,112,1965.0,14956.0,0.0,-1.106387,-0.725463,NGA,DNK,21
21316340,159,64,112,1982.0,0.0,145580.0,-2.1058209999999997,-0.918272,NGA,DNK,21
21316341,160,64,112,1966.0,2643.0,0.0,0.177704,-0.282645,NIC,DNK,21
21316342,162,64,112,2009.0,22172283.0,900064.0,1.101546,1.232905,NLD,DNK,21
21316343,162,64,112,2010.0,24408396.0,1803576.0,1.102171,1.253737,NLD,DNK,21
21316344,162,64,112,2011.0,58213104.0,4762663.0,0.995517,1.548989,NLD,DNK,21
21316345,162,64,112,2012.0,54521026.0,2352551.0,0.961975,1.517883,NLD,DNK,21
21316346,162,64,112,2013.0,99204250.0,6059932.0,1.012006,1.441545,NLD,DNK,21
21316347,162,64,112,2015.0,81305045.0,8239224.0,1.135062,1.338365,NLD,DNK,21
21316348,162,64,112,2016.0,51937027.0,8810393.0,1.132192,1.412512,NLD,DNK,21
21316349,162,64,112,2017.0,57273940.0,294693.0,1.090805,1.452409,NLD,DNK,21
21316350,162,64,112,2018.0,51087342.0,50516.0,1.060964,1.491808,NLD,DNK,21
21316351,162,64,112,2019.0,32624831.0,647225.0,1.1094540000000002,1.335874,NLD,DNK,21
21316352,162,64,112,2020.0,25717220.0,531190.0,0.986038,1.540414,NLD,DNK,21
21316353,162,64,112,1989.0,15125457.0,91638.0,1.402509,1.7133330000000002,NLD,DNK,21
21316354,162,64,112,1990.0,17013698.0,947881.0,1.475375,1.697396,NLD,DNK,21
21316355,162,64,112,1991.0,21404904.0,280178.0,1.4946840000000001,1.811405,NLD,DNK,21
21316356,162,64,112,1992.0,22173793.0,968193.0,1.4315069999999999,1.7107450000000002,NLD,DNK,21
21316357,162,64,112,1993.0,688036.0,838324.0,1.452553,1.605166,NLD,DNK,21
21316358,162,64,112,1994.0,1539821.0,656812.0,1.431846,1.608867,NLD,DNK,21
21316359,162,64,112,1995.0,569837.0,205322.0,1.403942,1.653311,NLD,DNK,21
21316360,162,64,112,1996.0,1361280.0,2566023.0,1.331177,1.6320430000000001,NLD,DNK,21
21316361,162,64,112,1997.0,1388820.0,217070.0,1.327106,1.520932,NLD,DNK,21
21316362,162,64,112,1998.0,2383245.0,177104.0,1.305919,1.497666,NLD,DNK,21
21316363,162,64,112,1999.0,682040.0,0.0,1.4220540000000002,1.275317,NLD,DNK,21
21316364,162,64,112,2000.0,1098010.0,1418583.0,1.259257,1.595796,NLD,DNK,21
21316365,162,64,112,2001.0,3236675.0,3339768.0,1.299569,1.487015,NLD,DNK,21
21316366,162,64,112,2002.0,3376545.0,4500309.0,1.175777,1.667472,NLD,DNK,21
21316367,162,64,112,2003.0,12828807.0,3826413.0,1.241407,1.447459,NLD,DNK,21
21316368,162,64,112,2004.0,11909473.0,3327068.0,1.171327,1.6369799999999999,NLD,DNK,21
21316369,162,64,112,2005.0,8070257.0,412229.0,1.0774059999999999,1.610825,NLD,DNK,21
21316370,162,64,112,2006.0,11923877.0,1263153.0,1.115718,1.4743680000000001,NLD,DNK,21
21316371,162,64,112,2007.0,13781391.0,2659917.0,0.9985809999999999,1.468116,NLD,DNK,21
21316372,162,64,112,2008.0,18258407.0,2299176.0,1.0692979999999999,1.311695,NLD,DNK,21
21316373,162,64,112,2014.0,125484510.0,9630405.0,1.08881,1.320941,NLD,DNK,21
21316374,162,64,112,1964.0,346372.0,68207.0,1.563843,3.03784,NLD,DNK,21
21316375,162,64,112,1968.0,31681.0,510491.0,1.4081620000000001,2.841383,NLD,DNK,21
21316376,162,64,112,1982.0,8781935.0,210521.0,1.314926,1.8739720000000002,NLD,DNK,21
21316377,162,64,112,1983.0,8855500.0,2552257.0,1.281772,2.0243900000000004,NLD,DNK,21
21316378,162,64,112,1984.0,8025100.0,2731882.0,1.354452,1.957254,NLD,DNK,21
21316379,162,64,112,1986.0,16229174.0,429623.0,1.480742,1.983198,NLD,DNK,21
21316380,162,64,112,1962.0,133194.0,392032.0,1.533548,2.937284,NLD,DNK,21
21316381,162,64,112,1963.0,107192.0,162729.0,1.489825,3.113276,NLD,DNK,21
21316382,162,64,112,1965.0,247521.0,131629.0,1.649933,3.145235,NLD,DNK,21
21316383,162,64,112,1966.0,55643.0,211057.0,1.509701,2.959854,NLD,DNK,21
21316384,162,64,112,1967.0,48742.0,455647.0,1.476428,3.057667,NLD,DNK,21
21316385,162,64,112,1969.0,18644.0,481827.0,1.415815,2.7428049999999997,NLD,DNK,21
21316386,162,64,112,1970.0,8333.0,495773.0,1.429006,2.563438,NLD,DNK,21
21316387,162,64,112,1971.0,52644.0,158166.0,1.3564690000000001,2.749828,NLD,DNK,21
21316388,162,64,112,1972.0,177183.0,251836.0,1.366963,2.705669,NLD,DNK,21
21316389,162,64,112,1973.0,2476950.0,146676.0,1.380759,2.5777509999999997,NLD,DNK,21
21316390,162,64,112,1974.0,1931668.0,125974.0,1.1901030000000001,2.348171,NLD,DNK,21
21316391,162,64,112,1975.0,1915593.0,198276.0,1.248438,2.236579,NLD,DNK,21
21316392,162,64,112,1978.0,5254214.0,295605.0,1.449735,2.0375330000000003,NLD,DNK,21
21316393,162,64,112,1979.0,5973637.0,1030418.0,1.3693170000000001,1.994645,NLD,DNK,21
21316394,162,64,112,1980.0,5895452.0,437955.0,1.217013,1.957872,NLD,DNK,21
21316395,162,64,112,1987.0,17909410.0,2271289.0,1.47632,1.911861,NLD,DNK,21
21316396,162,64,112,1988.0,16693707.0,2781449.0,1.377961,1.784727,NLD,DNK,21
21316397,162,64,112,1981.0,6103145.0,151520.0,1.219753,1.8593009999999999,NLD,DNK,21
21316398,162,64,112,1985.0,8886776.0,1607243.0,1.375418,2.034757,NLD,DNK,21
21316399,162,64,112,1976.0,2864072.0,347272.0,1.309456,2.307354,NLD,DNK,21
21316400,162,64,112,1977.0,2111795.0,379496.0,1.171244,2.2098139999999997,NLD,DNK,21
21316401,163,64,112,1993.0,27705894.0,11202795.0,0.673673,0.091587,NOR,DNK,21
21316402,163,64,112,1994.0,40797837.0,19509464.0,0.677984,0.073548,NOR,DNK,21
21316403,163,64,112,1995.0,64998464.0,15805292.0,0.874725,0.283974,NOR,DNK,21
21316404,163,64,112,1996.0,71228481.0,5652472.0,0.8207270000000001,0.043619,NOR,DNK,21
21316405,163,64,112,1997.0,79413642.0,5684044.0,0.857735,0.061844,NOR,DNK,21
21316406,163,64,112,1998.0,74862981.0,7592571.0,0.880834,0.21940900000000002,NOR,DNK,21
21316407,163,64,112,1999.0,33818643.0,769468.0,0.7915949999999999,0.048119,NOR,DNK,21
21316408,163,64,112,2000.0,32226032.0,4500255.0,0.6499050000000001,-0.177091,NOR,DNK,21
21316409,163,64,112,2001.0,35405470.0,5712304.0,0.542366,-0.180336,NOR,DNK,21
21316410,163,64,112,2002.0,40971728.0,5509727.0,0.689588,-0.007016,NOR,DNK,21
21316411,163,64,112,2003.0,34387016.0,5268921.0,0.880567,0.090791,NOR,DNK,21
21316412,163,64,112,2005.0,4820141.0,4443477.0,0.7313470000000001,-0.169473,NOR,DNK,21
21316413,163,64,112,1988.0,76248635.0,54663274.0,1.119009,0.860124,NOR,DNK,21
21316414,163,64,112,1992.0,35278268.0,15576220.0,0.877965,0.444983,NOR,DNK,21
21316415,163,64,112,2019.0,37288897.0,37261.0,0.5470550000000001,0.051401999999999996,NOR,DNK,21
21316416,163,64,112,2020.0,19660406.0,14736.0,0.69338,0.389574,NOR,DNK,21
21316417,163,64,112,2018.0,35210900.0,149681.0,0.359254,-0.059994000000000006,NOR,DNK,21
21316418,163,64,112,2017.0,41556830.0,72138.0,0.393228,0.049788,NOR,DNK,21
21316419,163,64,112,2008.0,11014851.0,1481933.0,0.687366,-0.10496099999999998,NOR,DNK,21
21316420,163,64,112,2007.0,8377913.0,1168607.0,0.6422939999999999,-0.063288,NOR,DNK,21
21316421,163,64,112,2009.0,10731869.0,852830.0,0.788151,0.110703,NOR,DNK,21
21316422,163,64,112,2013.0,37415686.0,101933.0,0.710901,0.062705,NOR,DNK,21
21316423,163,64,112,2014.0,45318283.0,304044.0,0.678424,0.137871,NOR,DNK,21
21316424,163,64,112,2016.0,34211966.0,437633.0,0.664183,0.206877,NOR,DNK,21
21316425,163,64,112,1972.0,576272.0,867652.0,1.404788,1.779527,NOR,DNK,21
21316426,163,64,112,2015.0,40678577.0,137383.0,0.867526,0.283342,NOR,DNK,21
21316427,163,64,112,1974.0,189701.0,1737058.0,1.2255850000000001,1.697141,NOR,DNK,21
21316428,163,64,112,1983.0,1978719.0,2959459.0,0.9881200000000001,0.656795,NOR,DNK,21
21316429,163,64,112,1987.0,65478007.0,48742866.0,1.074678,0.7944939999999999,NOR,DNK,21
21316430,163,64,112,2004.0,34262710.0,4712337.0,0.731175,-0.0655,NOR,DNK,21
21316431,163,64,112,1970.0,117436.0,713734.0,1.2290379999999999,1.668913,NOR,DNK,21
21316432,163,64,112,1971.0,88530.0,654323.0,1.297569,1.870238,NOR,DNK,21
21316433,163,64,112,1973.0,227603.0,1837034.0,1.347887,1.77788,NOR,DNK,21
21316434,163,64,112,1975.0,217162.0,1332432.0,1.174116,1.610365,NOR,DNK,21
21316435,163,64,112,1976.0,559767.0,1429928.0,1.376782,1.32616,NOR,DNK,21
21316436,163,64,112,1977.0,282702.0,1626621.0,1.13842,1.1624379999999999,NOR,DNK,21
21316437,163,64,112,1978.0,535647.0,1839798.0,1.240006,1.1593959999999999,NOR,DNK,21
21316438,163,64,112,1979.0,2201596.0,2229599.0,1.113457,1.2216799999999999,NOR,DNK,21
21316439,163,64,112,1980.0,2972729.0,2029927.0,1.1544450000000002,1.159076,NOR,DNK,21
21316440,163,64,112,1981.0,2899420.0,6410892.0,1.104344,0.923651,NOR,DNK,21
21316441,163,64,112,1982.0,2035192.0,2725950.0,1.138012,0.887727,NOR,DNK,21
21316442,163,64,112,1984.0,1630173.0,313898.0,1.031595,0.659077,NOR,DNK,21
21316443,163,64,112,1985.0,2448431.0,312774.0,1.013833,0.55561,NOR,DNK,21
21316444,163,64,112,1986.0,9066547.0,3593757.0,1.032131,0.62498,NOR,DNK,21
21316445,163,64,112,1989.0,53820871.0,18451800.0,1.077161,0.67269,NOR,DNK,21
21316446,163,64,112,1990.0,34355163.0,8418198.0,0.845469,0.48140900000000003,NOR,DNK,21
21316447,163,64,112,1991.0,34275832.0,10680287.0,0.9339430000000001,0.42701300000000003,NOR,DNK,21
21316448,163,64,112,2006.0,6608100.0,1648670.0,0.621685,-0.280378,NOR,DNK,21
21316449,163,64,112,2010.0,12688324.0,137935.0,0.626526,0.06847400000000001,NOR,DNK,21
21316450,163,64,112,2011.0,15898725.0,239826.0,0.603197,-0.022862999999999998,NOR,DNK,21
21316451,163,64,112,2012.0,23058080.0,85264.0,0.5462670000000001,-0.042712,NOR,DNK,21
21316452,163,64,112,1968.0,170956.0,626091.0,1.258037,1.6438409999999999,NOR,DNK,21
21316453,163,64,112,1969.0,373711.0,878600.0,1.3578569999999999,1.6963599999999999,NOR,DNK,21
21316454,163,64,112,1966.0,163457.0,1007442.0,1.301043,1.542461,NOR,DNK,21
21316455,163,64,112,1962.0,344175.0,595060.0,1.365959,1.6586459999999998,NOR,DNK,21
21316456,163,64,112,1963.0,375503.0,722828.0,1.2310530000000002,1.366435,NOR,DNK,21
21316457,163,64,112,1965.0,246634.0,739107.0,1.216481,1.463149,NOR,DNK,21
21316458,163,64,112,1967.0,159149.0,654132.0,1.339392,1.8153439999999998,NOR,DNK,21
21316459,163,64,112,1964.0,249672.0,815225.0,1.3216809999999999,1.657054,NOR,DNK,21
21316460,164,64,112,1982.0,15798.0,0.0,0.12216199999999999,-0.515917,NPL,DNK,21
21316461,164,64,112,1979.0,37722.0,0.0,0.050497,-0.41663599999999995,NPL,DNK,21
21316462,166,64,112,1997.0,38229.0,0.0,0.372052,0.764854,NZL,DNK,21
21316463,166,64,112,2002.0,5009.0,0.0,0.370673,0.7853829999999999,NZL,DNK,21
21316464,166,64,112,2007.0,7384.0,0.0,0.386121,0.851418,NZL,DNK,21
21316465,166,64,112,2008.0,1135.0,0.0,0.32311799999999996,0.701337,NZL,DNK,21
21316466,166,64,112,2010.0,2568.0,0.0,0.16702899999999998,0.744585,NZL,DNK,21
21316467,166,64,112,2012.0,1251.0,0.0,0.21502399999999997,0.746456,NZL,DNK,21
21316468,166,64,112,2014.0,1170.0,0.0,0.123649,0.26129,NZL,DNK,21
21316469,166,64,112,1998.0,2987.0,0.0,0.380205,0.772704,NZL,DNK,21
21316470,166,64,112,1986.0,593416.0,5846.0,0.5238189999999999,0.650493,NZL,DNK,21
21316471,166,64,112,1993.0,90377.0,0.0,0.502268,0.591277,NZL,DNK,21
21316472,166,64,112,1990.0,582424.0,0.0,0.45746899999999996,0.453269,NZL,DNK,21
21316473,166,64,112,1991.0,217269.0,10986.0,0.50289,0.507516,NZL,DNK,21
21316474,166,64,112,1992.0,153488.0,0.0,0.41866000000000003,0.580581,NZL,DNK,21
21316475,166,64,112,1995.0,25905.0,0.0,0.50405,0.7742899999999999,NZL,DNK,21
21316476,166,64,112,1987.0,892128.0,4614.0,0.5235569999999999,0.464818,NZL,DNK,21
21316477,166,64,112,1988.0,950796.0,0.0,0.444283,0.49882299999999996,NZL,DNK,21
21316478,166,64,112,1994.0,431710.0,0.0,0.477714,0.5929810000000001,NZL,DNK,21
21316479,166,64,112,1974.0,240679.0,0.0,0.356204,0.083901,NZL,DNK,21
21316480,166,64,112,1971.0,73005.0,0.0,0.188851,-0.346439,NZL,DNK,21
21316481,166,64,112,1972.0,314615.0,0.0,0.333073,-0.127549,NZL,DNK,21
21316482,166,64,112,1973.0,410220.0,2616.0,0.339873,-0.102683,NZL,DNK,21
21316483,166,64,112,1996.0,31620.0,0.0,0.404233,0.6724640000000001,NZL,DNK,21
21316484,166,64,112,1967.0,325655.0,1543.0,0.100729,-0.48778299999999997,NZL,DNK,21
21316485,166,64,112,1963.0,20774.0,0.0,0.188083,-0.40228200000000003,NZL,DNK,21
21316486,166,64,112,1964.0,108387.0,2855.0,0.274439,-0.37142800000000004,NZL,DNK,21
21316487,166,64,112,1965.0,346259.0,1227.0,0.22985300000000003,-0.370683,NZL,DNK,21
21316488,166,64,112,1966.0,352446.0,8355.0,0.062303,-0.462703,NZL,DNK,21
21316489,166,64,112,1968.0,258663.0,3405.0,0.184389,-0.451151,NZL,DNK,21
21316490,166,64,112,1969.0,317692.0,1677.0,0.19789600000000002,-0.43786,NZL,DNK,21
21316491,166,64,112,1970.0,259177.0,4432.0,0.246511,-0.32604299999999997,NZL,DNK,21
21316492,166,64,112,1975.0,242824.0,2571.0,0.357408,0.140699,NZL,DNK,21
21316493,166,64,112,1979.0,410226.0,0.0,0.402935,0.065919,NZL,DNK,21
21316494,166,64,112,1980.0,92524.0,2449.0,0.439512,0.172763,NZL,DNK,21
21316495,166,64,112,1981.0,624417.0,0.0,0.525796,0.45058100000000006,NZL,DNK,21
21316496,166,64,112,1982.0,47431.0,0.0,0.5159600000000001,0.447417,NZL,DNK,21
21316497,166,64,112,1983.0,303107.0,0.0,0.503468,0.505518,NZL,DNK,21
21316498,166,64,112,1984.0,75449.0,3043.0,0.662454,0.773026,NZL,DNK,21
21316499,166,64,112,1985.0,752223.0,0.0,0.5404359999999999,0.662651,NZL,DNK,21
21316500,166,64,112,1989.0,289680.0,0.0,0.549917,0.5621649999999999,NZL,DNK,21
21316501,166,64,112,1977.0,239810.0,0.0,0.598404,0.34356,NZL,DNK,21
21316502,166,64,112,1976.0,248465.0,0.0,0.500272,0.216683,NZL,DNK,21
21316503,166,64,112,1978.0,292984.0,0.0,0.61582,0.461726,NZL,DNK,21
21316504,166,64,112,1962.0,1484.0,0.0,0.144044,-0.431704,NZL,DNK,21
21316505,167,64,112,1993.0,0.0,1242.0,-0.434778,-1.034942,OMN,DNK,21
21316506,168,64,112,2006.0,9925.0,0.0,-0.500494,0.334983,PAK,DNK,21
21316507,168,64,112,2009.0,2214.0,0.0,-0.47254399999999996,0.487605,PAK,DNK,21
21316508,168,64,112,2011.0,9136.0,0.0,-0.588909,0.729988,PAK,DNK,21
21316509,168,64,112,2008.0,100259.0,0.0,-0.370515,0.533245,PAK,DNK,21
21316510,168,64,112,2016.0,1078.0,0.0,-0.7806810000000001,0.420241,PAK,DNK,21
21316511,168,64,112,1966.0,7777.0,0.0,-0.36359600000000003,-0.573788,PAK,DNK,21
21316512,168,64,112,1962.0,31476.0,0.0,-0.236999,-0.480691,PAK,DNK,21
21316513,168,64,112,1985.0,12739.0,0.0,-0.005036,0.11296800000000001,PAK,DNK,21
21316514,168,64,112,1986.0,35308.0,7183.0,-0.194998,-0.060502,PAK,DNK,21
21316515,168,64,112,1989.0,0.0,15727.0,-0.479839,-0.31800500000000004,PAK,DNK,21
21316516,168,64,112,1990.0,1059.0,0.0,-0.36949,-0.326391,PAK,DNK,21
21316517,168,64,112,1992.0,15777.0,16279.0,-0.480152,-0.361705,PAK,DNK,21
21316518,168,64,112,1993.0,2250.0,15613.0,-0.48600699999999997,-0.374327,PAK,DNK,21
21316519,168,64,112,1964.0,35070.0,0.0,0.07381,-0.271313,PAK,DNK,21
21316520,168,64,112,1963.0,4057.0,0.0,-0.010725,-0.283225,PAK,DNK,21
21316521,168,64,112,2000.0,11301.0,0.0,-0.76763,-0.435066,PAK,DNK,21
21316522,168,64,112,2001.0,6082.0,0.0,-0.741053,-0.41444,PAK,DNK,21
21316523,169,64,112,2016.0,0.0,286581.0,0.731258,0.649917,PAN,DNK,21
21316524,169,64,112,1966.0,9102.0,0.0,0.9093690000000001,0.44032200000000005,PAN,DNK,21
21316525,173,64,112,2004.0,190667.0,0.0,-0.609837,0.13314,PER,DNK,21
21316526,173,64,112,2005.0,33964.0,0.0,-0.526764,0.148428,PER,DNK,21
21316527,173,64,112,2003.0,78575.0,0.0,-0.559925,0.20775500000000002,PER,DNK,21
21316528,173,64,112,1974.0,8269.0,0.0,-0.29020999999999997,-0.584622,PER,DNK,21
21316529,173,64,112,1984.0,19564.0,0.0,-0.11112999999999999,-0.199243,PER,DNK,21
21316530,173,64,112,1986.0,1466.0,0.0,-0.280296,-0.385429,PER,DNK,21
21316531,173,64,112,1963.0,0.0,7736.0,-0.671074,-0.786101,PER,DNK,21
21316532,174,64,112,1999.0,0.0,38901.0,0.082401,-0.268975,PHL,DNK,21
21316533,174,64,112,2014.0,0.0,1532.0,0.835601,0.589322,PHL,DNK,21
21316534,174,64,112,2017.0,0.0,1041.0,0.717074,0.224219,PHL,DNK,21
21316535,174,64,112,1997.0,0.0,202739.0,0.044834,0.024782,PHL,DNK,21
21316536,174,64,112,1994.0,0.0,33498.0,-0.12054300000000001,0.578707,PHL,DNK,21
21316537,174,64,112,1996.0,0.0,179808.0,0.0020329999999999997,0.40715,PHL,DNK,21
21316538,177,64,112,2004.0,9179765.0,4085809.0,0.989568,1.49055,POL,DNK,21
21316539,177,64,112,2005.0,6223899.0,4811873.0,0.9698559999999999,1.529358,POL,DNK,21
21316540,177,64,112,2006.0,16784379.0,3209731.0,1.0576860000000001,1.283664,POL,DNK,21
21316541,177,64,112,2007.0,14376635.0,2488668.0,1.111433,0.899675,POL,DNK,21
21316542,177,64,112,2011.0,40995726.0,2685755.0,1.167547,0.9657610000000001,POL,DNK,21
21316543,177,64,112,2012.0,18310076.0,2679493.0,1.039598,1.145227,POL,DNK,21
21316544,177,64,112,2017.0,47895647.0,6898303.0,1.212941,0.917751,POL,DNK,21
21316545,177,64,112,2018.0,48720340.0,9934796.0,1.1323860000000001,1.1465040000000002,POL,DNK,21
21316546,177,64,112,2020.0,35735488.0,2005838.0,1.016068,1.3125790000000002,POL,DNK,21
21316547,177,64,112,2000.0,1404341.0,421628.0,0.9513659999999999,1.8445669999999998,POL,DNK,21
21316548,177,64,112,2014.0,49345637.0,9811584.0,1.1328690000000001,1.043185,POL,DNK,21
21316549,177,64,112,2015.0,78327923.0,10724665.0,1.1347200000000002,1.099324,POL,DNK,21
21316550,177,64,112,2016.0,49909620.0,19147710.0,1.1068959999999999,1.226985,POL,DNK,21
21316551,177,64,112,2019.0,39094792.0,13052505.0,1.075218,1.276515,POL,DNK,21
21316552,177,64,112,2008.0,25965139.0,2274478.0,1.122615,0.9007709999999999,POL,DNK,21
21316553,177,64,112,2010.0,33790564.0,3674960.0,1.082829,1.112686,POL,DNK,21
21316554,177,64,112,1995.0,115209.0,697539.0,0.77193,1.827769,POL,DNK,21
21316555,177,64,112,2009.0,22090084.0,1516143.0,1.160528,0.780674,POL,DNK,21
21316556,177,64,112,2013.0,41219104.0,3293637.0,1.11341,0.975734,POL,DNK,21
21316557,177,64,112,1986.0,1603201.0,0.0,0.868196,1.576522,POL,DNK,21
21316558,177,64,112,1987.0,1244632.0,0.0,0.866993,1.740261,POL,DNK,21
21316559,177,64,112,1988.0,810399.0,566662.0,0.9390850000000001,1.970932,POL,DNK,21
21316560,177,64,112,1989.0,280487.0,264974.0,0.982982,1.9363650000000001,POL,DNK,21
21316561,177,64,112,1990.0,1329323.0,148097.0,0.811962,2.0929029999999997,POL,DNK,21
21316562,177,64,112,1993.0,478848.0,2055197.0,0.609556,1.8953740000000001,POL,DNK,21
21316563,177,64,112,1998.0,693790.0,767698.0,0.8262430000000001,1.948563,POL,DNK,21
21316564,177,64,112,1999.0,733771.0,470837.0,0.777591,2.0458689999999997,POL,DNK,21
21316565,177,64,112,2002.0,2307171.0,2062552.0,0.9449299999999999,1.655764,POL,DNK,21
21316566,177,64,112,2003.0,6779084.0,4523063.0,0.887648,1.737105,POL,DNK,21
21316567,177,64,112,1992.0,591993.0,227665.0,0.581166,2.070795,POL,DNK,21
21316568,177,64,112,1964.0,247333.0,740753.0,0.9903420000000001,1.5049489999999999,POL,DNK,21
21316569,177,64,112,1966.0,501233.0,1613046.0,1.015565,1.83408,POL,DNK,21
21316570,177,64,112,1967.0,234410.0,1136210.0,0.909492,1.7517189999999998,POL,DNK,21
21316571,177,64,112,1991.0,0.0,20141.0,0.642942,1.969689,POL,DNK,21
21316572,177,64,112,1994.0,34243.0,3003146.0,0.617047,1.86753,POL,DNK,21
21316573,177,64,112,1997.0,430238.0,582726.0,0.8447319999999999,2.000241,POL,DNK,21
21316574,177,64,112,1962.0,14040.0,730999.0,0.8417540000000001,1.081057,POL,DNK,21
21316575,177,64,112,1963.0,12272.0,342430.0,0.818412,1.280813,POL,DNK,21
21316576,177,64,112,1965.0,421645.0,894047.0,1.012167,1.642553,POL,DNK,21
21316577,177,64,112,2001.0,1040562.0,1245671.0,0.983238,1.7436209999999999,POL,DNK,21
21316578,177,64,112,1970.0,9163.0,50429.0,0.845599,1.7990009999999999,POL,DNK,21
21316579,177,64,112,1980.0,101419.0,99517.0,0.9697870000000001,1.454587,POL,DNK,21
21316580,177,64,112,1972.0,1001.0,240295.0,0.771349,1.297994,POL,DNK,21
21316581,177,64,112,1974.0,7810.0,58948.0,0.7719630000000001,1.613784,POL,DNK,21
21316582,177,64,112,1981.0,7320.0,100567.0,1.00635,1.4824549999999999,POL,DNK,21
21316583,177,64,112,1982.0,2672.0,1072.0,1.018641,1.551453,POL,DNK,21
21316584,177,64,112,1984.0,453015.0,0.0,0.90205,1.627334,POL,DNK,21
21316585,177,64,112,1985.0,1279920.0,1011.0,0.79225,1.607442,POL,DNK,21
21316586,177,64,112,1996.0,0.0,597343.0,0.806283,1.92897,POL,DNK,21
21316587,177,64,112,1968.0,0.0,144678.0,0.9209379999999999,1.762821,POL,DNK,21
21316588,177,64,112,1975.0,0.0,2444.0,0.9139290000000001,1.75197,POL,DNK,21
21316589,177,64,112,1969.0,61207.0,18806.0,0.84724,1.624759,POL,DNK,21
21316590,177,64,112,1971.0,15081.0,107395.0,0.8294520000000001,1.636849,POL,DNK,21
21316591,177,64,112,1973.0,12191.0,79673.0,0.8298399999999999,1.7223110000000001,POL,DNK,21
21316592,177,64,112,1978.0,1448.0,127906.0,0.9645530000000001,1.400792,POL,DNK,21
21316593,177,64,112,1977.0,140370.0,0.0,0.726102,1.433144,POL,DNK,21
21316594,177,64,112,1979.0,29698.0,232682.0,0.8242139999999999,1.343961,POL,DNK,21
21316595,178,64,112,2003.0,0.0,53766.0,0.666198,1.071218,PRK,DNK,21
21316596,178,64,112,1982.0,0.0,43586.0,0.44368599999999997,0.08848500000000001,PRK,DNK,21
21316597,178,64,112,1984.0,0.0,205081.0,0.276875,-0.199855,PRK,DNK,21
21316598,178,64,112,1985.0,1826.0,0.0,0.299175,-0.15545,PRK,DNK,21
21316599,178,64,112,1983.0,0.0,176716.0,0.35278699999999996,0.020816,PRK,DNK,21
21316600,178,64,112,1978.0,0.0,182666.0,0.5369649999999999,0.475603,PRK,DNK,21
21316601,179,64,112,1991.0,0.0,38029.0,0.625169,1.031692,PRT,DNK,21
21316602,179,64,112,1995.0,0.0,10769.0,0.403577,0.9753850000000001,PRT,DNK,21
21316603,179,64,112,2000.0,0.0,9110.0,0.624078,1.342565,PRT,DNK,21
21316604,179,64,112,2002.0,4752.0,8159.0,0.584956,1.377068,PRT,DNK,21
21316605,179,64,112,2003.0,1445.0,0.0,0.616167,1.48086,PRT,DNK,21
21316606,179,64,112,2008.0,1135810.0,0.0,0.753021,1.8003619999999998,PRT,DNK,21
21316607,179,64,112,2009.0,178458.0,0.0,0.646568,2.07749,PRT,DNK,21
21316608,179,64,112,2010.0,92412.0,0.0,0.6577729999999999,2.014923,PRT,DNK,21
21316609,179,64,112,2011.0,257231.0,0.0,0.6949810000000001,2.11536,PRT,DNK,21
21316610,179,64,112,2012.0,300262.0,0.0,0.697799,2.122262,PRT,DNK,21
21316611,179,64,112,2013.0,332322.0,1535.0,0.705087,2.2055580000000004,PRT,DNK,21
21316612,179,64,112,2014.0,38340.0,9122.0,0.763352,2.041559,PRT,DNK,21
21316613,179,64,112,2015.0,46623.0,8630.0,0.7021930000000001,2.049657,PRT,DNK,21
21316614,179,64,112,2016.0,53718.0,7163.0,0.661961,2.108517,PRT,DNK,21
21316615,179,64,112,1992.0,0.0,14241.0,0.47505,0.8402860000000001,PRT,DNK,21
21316616,179,64,112,1999.0,0.0,343919.0,0.528767,1.055489,PRT,DNK,21
21316617,179,64,112,1989.0,0.0,114251.0,0.593712,1.078835,PRT,DNK,21
21316618,179,64,112,1990.0,0.0,98338.0,0.6643819999999999,0.9818879999999999,PRT,DNK,21
21316619,179,64,112,2006.0,53270.0,1025.0,0.695569,1.7476200000000002,PRT,DNK,21
21316620,179,64,112,2001.0,7812.0,37891.0,0.688736,1.326716,PRT,DNK,21
21316621,179,64,112,1974.0,0.0,123007.0,0.8763569999999999,1.60509,PRT,DNK,21
21316622,179,64,112,1972.0,0.0,8493.0,1.043843,1.3522450000000001,PRT,DNK,21
21316623,179,64,112,1973.0,0.0,28599.0,0.9738530000000001,1.569836,PRT,DNK,21
21316624,179,64,112,1987.0,0.0,296246.0,0.669415,1.162017,PRT,DNK,21
21316625,179,64,112,2005.0,37710.0,29948.0,0.6753170000000001,1.728788,PRT,DNK,21
21316626,179,64,112,1980.0,0.0,65621.0,0.8280069999999999,1.397858,PRT,DNK,21
21316627,179,64,112,1962.0,111794.0,0.0,1.1619190000000001,1.191164,PRT,DNK,21
21316628,179,64,112,1963.0,202769.0,1165.0,0.945623,1.018278,PRT,DNK,21
21316629,179,64,112,1964.0,160866.0,11809.0,0.943783,1.17645,PRT,DNK,21
21316630,179,64,112,1965.0,136381.0,1087.0,1.0314709999999998,1.0774569999999999,PRT,DNK,21
21316631,179,64,112,1966.0,30377.0,3442.0,0.9879389999999999,1.036558,PRT,DNK,21
21316632,179,64,112,1967.0,0.0,2129.0,1.09038,1.235837,PRT,DNK,21
21316633,179,64,112,1968.0,0.0,9953.0,1.014702,1.024988,PRT,DNK,21
21316634,179,64,112,1969.0,0.0,50905.0,1.042138,1.4118959999999998,PRT,DNK,21
21316635,179,64,112,1970.0,2349.0,6905.0,0.987983,1.362111,PRT,DNK,21
21316636,179,64,112,1971.0,0.0,13867.0,0.9233389999999999,1.184635,PRT,DNK,21
21316637,179,64,112,1979.0,0.0,23100.0,0.921532,1.486767,PRT,DNK,21
21316638,179,64,112,1981.0,0.0,45348.0,0.846601,1.403502,PRT,DNK,21
21316639,179,64,112,1984.0,0.0,115010.0,0.861591,1.440189,PRT,DNK,21
21316640,179,64,112,1985.0,0.0,36849.0,0.794083,1.333284,PRT,DNK,21
21316641,179,64,112,1988.0,0.0,157703.0,0.619945,1.07776,PRT,DNK,21
21316642,179,64,112,2004.0,184435.0,0.0,0.705075,1.7268729999999999,PRT,DNK,21
21316643,179,64,112,1983.0,0.0,146534.0,0.80371,1.4196229999999999,PRT,DNK,21
21316644,179,64,112,1978.0,0.0,53481.0,0.9204559999999999,1.019104,PRT,DNK,21
21316645,180,64,112,1965.0,24167.0,0.0,-0.647656,-0.716967,PRY,DNK,21
21316646,180,64,112,1962.0,1144.0,0.0,-0.79286,-0.782705,PRY,DNK,21
21316647,180,64,112,1963.0,8319.0,0.0,-0.923098,-0.781551,PRY,DNK,21
21316648,180,64,112,1964.0,8815.0,0.0,-0.8127840000000001,-0.817263,PRY,DNK,21
21316649,180,64,112,1979.0,209702.0,0.0,-0.822276,-0.9055620000000001,PRY,DNK,21
21316650,180,64,112,1980.0,115155.0,0.0,-0.737272,-0.8944979999999999,PRY,DNK,21
21316651,183,64,112,2008.0,0.0,10411.0,-0.904284,-1.027534,QAT,DNK,21
21316652,183,64,112,2011.0,2157.0,233036.0,-1.081383,-1.0539370000000001,QAT,DNK,21
21316653,185,64,112,2001.0,61999.0,0.0,0.465168,1.1029129999999998,ROU,DNK,21
21316654,185,64,112,2005.0,6462.0,0.0,0.572481,1.30965,ROU,DNK,21
21316655,185,64,112,2011.0,56017.0,0.0,0.9713860000000001,1.2369299999999999,ROU,DNK,21
21316656,185,64,112,1994.0,0.0,1290.0,0.5883550000000001,1.267986,ROU,DNK,21
21316657,185,64,112,1993.0,0.0,37930.0,0.61353,1.398393,ROU,DNK,21
21316658,185,64,112,2019.0,430971.0,38225.0,1.209074,1.0316889999999999,ROU,DNK,21
21316659,185,64,112,2020.0,1290809.0,26403.0,1.273679,1.0322719999999999,ROU,DNK,21
21316660,185,64,112,2017.0,4386500.0,3671.0,1.145161,1.095192,ROU,DNK,21
21316661,185,64,112,2018.0,6138496.0,23573.0,1.1458030000000001,1.194413,ROU,DNK,21
21316662,185,64,112,2016.0,2680897.0,11552.0,1.176177,1.093489,ROU,DNK,21
21316663,185,64,112,2012.0,59548.0,0.0,0.952936,1.227809,ROU,DNK,21
21316664,185,64,112,2013.0,64059.0,0.0,1.05722,1.0968799999999999,ROU,DNK,21
21316665,185,64,112,2002.0,2707.0,0.0,0.549227,1.071998,ROU,DNK,21
21316666,185,64,112,2015.0,10817633.0,7348.0,1.030485,1.1504159999999999,ROU,DNK,21
21316667,185,64,112,1975.0,0.0,498910.0,0.743351,1.154855,ROU,DNK,21
21316668,185,64,112,1989.0,0.0,77112.0,1.126449,1.223457,ROU,DNK,21
21316669,185,64,112,1992.0,194884.0,0.0,0.838817,1.358629,ROU,DNK,21
21316670,185,64,112,2014.0,1419129.0,0.0,1.0837940000000001,1.199571,ROU,DNK,21
21316671,185,64,112,1969.0,0.0,201676.0,0.777215,0.9381649999999999,ROU,DNK,21
21316672,185,64,112,1972.0,0.0,1215323.0,0.855089,1.104644,ROU,DNK,21
21316673,185,64,112,1997.0,3226.0,0.0,0.666251,1.31932,ROU,DNK,21
21316674,185,64,112,1990.0,0.0,126313.0,1.118394,1.169108,ROU,DNK,21
21316675,185,64,112,1974.0,5295.0,1551481.0,0.710086,0.982367,ROU,DNK,21
21316676,185,64,112,1967.0,0.0,143435.0,0.581341,0.752522,ROU,DNK,21
21316677,185,64,112,1981.0,114353.0,0.0,0.732333,0.986553,ROU,DNK,21
21316678,185,64,112,1986.0,0.0,28334.0,0.726671,0.707693,ROU,DNK,21
21316679,185,64,112,1966.0,0.0,33239.0,0.6077560000000001,0.671251,ROU,DNK,21
21316680,185,64,112,1973.0,0.0,1458287.0,0.788371,0.9743959999999999,ROU,DNK,21
21316681,185,64,112,1965.0,0.0,363308.0,0.7120890000000001,0.6539510000000001,ROU,DNK,21
21316682,185,64,112,1984.0,29248.0,0.0,0.8576809999999999,0.948685,ROU,DNK,21
21316683,185,64,112,1970.0,0.0,498628.0,0.8068569999999999,0.891278,ROU,DNK,21
21316684,185,64,112,1971.0,0.0,398486.0,1.0355299999999998,1.5666129999999998,ROU,DNK,21
21316685,185,64,112,1976.0,0.0,471515.0,0.704256,1.185071,ROU,DNK,21
21316686,186,64,112,2016.0,564929.0,1010462.0,0.086009,0.300039,RUS,DNK,21
21316687,186,64,112,2004.0,1890147.0,7133519.0,0.422803,0.017524,RUS,DNK,21
21316688,186,64,112,2005.0,3088744.0,2189678.0,0.553547,-0.04292,RUS,DNK,21
21316689,186,64,112,2017.0,1078601.0,4336618.0,0.07402,0.248236,RUS,DNK,21
21316690,186,64,112,2002.0,3311198.0,7044974.0,0.6051449999999999,0.272307,RUS,DNK,21
21316691,186,64,112,2007.0,4632719.0,3246097.0,0.186805,-0.197179,RUS,DNK,21
21316692,186,64,112,1965.0,114929.0,0.0,0.723283,0.71809,RUS,DNK,21
21316693,186,64,112,1996.0,984403.0,4080947.0,0.505247,0.349848,RUS,DNK,21
21316694,186,64,112,1997.0,994099.0,11144427.0,0.572773,0.375446,RUS,DNK,21
21316695,186,64,112,1998.0,2039940.0,1375456.0,0.707259,0.670607,RUS,DNK,21
21316696,186,64,112,1999.0,3353840.0,1074097.0,0.537914,0.5083310000000001,RUS,DNK,21
21316697,186,64,112,2000.0,2274621.0,6594540.0,0.765547,0.369255,RUS,DNK,21
21316698,186,64,112,2001.0,4645446.0,10008109.0,0.546271,0.195872,RUS,DNK,21
21316699,186,64,112,2003.0,3202073.0,5823659.0,0.6624220000000001,0.269964,RUS,DNK,21
21316700,186,64,112,2008.0,701638.0,4016116.0,0.062097,-0.160422,RUS,DNK,21
21316701,186,64,112,2009.0,745506.0,1906308.0,0.048661,-0.159299,RUS,DNK,21
21316702,186,64,112,2012.0,28199.0,3026371.0,-0.123649,-0.218926,RUS,DNK,21
21316703,186,64,112,2013.0,1029201.0,1552442.0,-0.08233,-0.267781,RUS,DNK,21
21316704,186,64,112,2018.0,466141.0,7521034.0,-0.079971,0.11098599999999999,RUS,DNK,21
21316705,186,64,112,2020.0,138463.0,1324428.0,0.200054,0.683451,RUS,DNK,21
21316706,186,64,112,1963.0,99509.0,0.0,0.316475,0.086227,RUS,DNK,21
21316707,186,64,112,1967.0,66236.0,0.0,0.57321,0.5290229999999999,RUS,DNK,21
21316708,186,64,112,1968.0,11962.0,0.0,0.429629,0.513075,RUS,DNK,21
21316709,186,64,112,1970.0,17459.0,0.0,0.5546909999999999,0.945484,RUS,DNK,21
21316710,186,64,112,1971.0,24482.0,0.0,0.42000600000000005,0.512301,RUS,DNK,21
21316711,186,64,112,1974.0,22351.0,0.0,0.11698599999999999,0.21719499999999997,RUS,DNK,21
21316712,186,64,112,1975.0,18349.0,0.0,0.076081,0.28271199999999996,RUS,DNK,21
21316713,186,64,112,1977.0,210420.0,0.0,0.324585,0.364847,RUS,DNK,21
21316714,186,64,112,2006.0,5427510.0,2522038.0,0.311252,-0.093895,RUS,DNK,21
21316715,186,64,112,2010.0,3077294.0,1148618.0,0.15820499999999998,-0.27124299999999996,RUS,DNK,21
21316716,186,64,112,2011.0,183552.0,2940891.0,-0.001622,-0.305764,RUS,DNK,21
21316717,186,64,112,2014.0,354992.0,3566710.0,-0.006737000000000001,-0.172237,RUS,DNK,21
21316718,186,64,112,2015.0,147169.0,1310153.0,0.12238199999999999,0.176852,RUS,DNK,21
21316719,186,64,112,2019.0,912502.0,5704828.0,0.095137,0.331148,RUS,DNK,21
21316720,186,64,112,1962.0,66092.0,0.0,0.535564,0.195434,RUS,DNK,21
21316721,186,64,112,1964.0,104895.0,0.0,0.726326,0.5256270000000001,RUS,DNK,21
21316722,186,64,112,1966.0,51240.0,0.0,0.638421,0.33537,RUS,DNK,21
21316723,186,64,112,1969.0,6182.0,0.0,0.332692,0.541614,RUS,DNK,21
21316724,186,64,112,1972.0,14780.0,267816.0,0.5114449999999999,0.641256,RUS,DNK,21
21316725,186,64,112,1973.0,102467.0,36472.0,0.32006999999999997,0.607798,RUS,DNK,21
21316726,186,64,112,1985.0,39012.0,0.0,0.23856599999999997,0.0026190000000000002,RUS,DNK,21
21316727,186,64,112,1978.0,66190.0,550931.0,0.407516,0.170222,RUS,DNK,21
21316728,186,64,112,1979.0,0.0,557302.0,0.25053800000000004,-0.11835599999999999,RUS,DNK,21
21316729,186,64,112,1980.0,105005.0,1848009.0,0.317759,0.05992000000000001,RUS,DNK,21
21316730,186,64,112,1981.0,322417.0,31507.0,0.0231,-0.101239,RUS,DNK,21
21316731,186,64,112,1995.0,1005762.0,8941837.0,0.219904,0.308367,RUS,DNK,21
21316732,186,64,112,1991.0,390826.0,0.0,0.23904299999999998,0.214214,RUS,DNK,21
21316733,186,64,112,1993.0,724906.0,25551.0,0.09869,0.325467,RUS,DNK,21
21316734,186,64,112,1992.0,4222666.0,0.0,0.071799,0.14036099999999999,RUS,DNK,21
21316735,186,64,112,1976.0,34352.0,0.0,0.35726399999999997,0.40202899999999997,RUS,DNK,21
21316736,186,64,112,1982.0,75015.0,129511.0,0.169966,-0.20318699999999998,RUS,DNK,21
21316737,186,64,112,1983.0,11326.0,0.0,0.28366399999999997,-0.098122,RUS,DNK,21
21316738,186,64,112,1984.0,97711.0,0.0,0.34895,-0.136793,RUS,DNK,21
21316739,186,64,112,1986.0,53011.0,0.0,0.194451,0.016276,RUS,DNK,21
21316740,186,64,112,1988.0,72476.0,0.0,0.23909299999999997,0.291064,RUS,DNK,21
21316741,186,64,112,1990.0,273356.0,42777.0,0.20522800000000002,0.21904400000000002,RUS,DNK,21
21316742,186,64,112,1994.0,2310016.0,629472.0,0.08632000000000001,0.242823,RUS,DNK,21
21316743,186,64,112,1987.0,33867.0,0.0,0.10450899999999999,-0.130158,RUS,DNK,21
21316744,188,64,112,2019.0,1725.0,0.0,0.648316,-0.468893,SAU,DNK,21
21316745,188,64,112,2014.0,0.0,1173.0,-0.188727,-0.8629459999999999,SAU,DNK,21
21316746,188,64,112,1989.0,33995.0,0.0,0.26795399999999997,-0.6474489999999999,SAU,DNK,21
21316747,188,64,112,1992.0,0.0,7594.0,0.416315,-0.7342489999999999,SAU,DNK,21
21316748,189,64,112,1992.0,0.0,1376678.0,0.9474950000000001,2.442268,SCG,DNK,21
21316749,189,64,112,2004.0,13015.0,0.0,0.544686,2.418024,SCG,DNK,21
21316750,189,64,112,2000.0,0.0,4300.0,0.484573,2.767036,SCG,DNK,21
21316751,189,64,112,2003.0,1919.0,0.0,0.46711199999999997,2.1827810000000003,SCG,DNK,21
21316752,189,64,112,2005.0,11916.0,0.0,0.520555,1.944405,SCG,DNK,21
21316753,190,64,112,1975.0,1728.0,0.0,-1.157901,-0.898517,SDN,DNK,21
21316754,190,64,112,1965.0,1913.0,0.0,-1.340652,-0.822845,SDN,DNK,21
21316755,190,64,112,1978.0,8551.0,0.0,-1.218791,-0.919903,SDN,DNK,21
21316756,191,64,112,2006.0,10437.0,0.0,-0.548758,-0.152572,SEN,DNK,21
21316757,191,64,112,2002.0,0.0,124952.0,-0.5424939999999999,-0.554531,SEN,DNK,21
21316758,192,64,112,2014.0,0.0,6512.0,1.750361,0.63849,SGP,DNK,21
21316759,192,64,112,1999.0,0.0,20164.0,1.7426110000000001,0.514146,SGP,DNK,21
21316760,192,64,112,2015.0,0.0,3718.0,1.883645,0.645237,SGP,DNK,21
21316761,192,64,112,2016.0,0.0,6382.0,2.0149340000000002,0.613009,SGP,DNK,21
21316762,192,64,112,1974.0,0.0,10022.0,0.689488,1.429749,SGP,DNK,21
21316763,192,64,112,1986.0,0.0,15037.0,0.666637,1.170133,SGP,DNK,21
21316764,192,64,112,1991.0,5330.0,0.0,0.901048,0.7597119999999999,SGP,DNK,21
21316765,192,64,112,2008.0,43095.0,0.0,1.913389,0.5324369999999999,SGP,DNK,21
21316766,192,64,112,2010.0,7753.0,0.0,2.010565,0.564811,SGP,DNK,21
21316767,192,64,112,2006.0,42543.0,0.0,1.670134,0.43955600000000006,SGP,DNK,21
21316768,192,64,112,2007.0,27039.0,0.0,1.6540990000000002,0.520069,SGP,DNK,21
21316769,192,64,112,1969.0,710.0,0.0,0.255342,0.357131,SGP,DNK,21
21316770,192,64,112,1980.0,0.0,979.0,0.402977,1.237256,SGP,DNK,21
21316771,192,64,112,1996.0,0.0,265703.0,1.288635,0.259061,SGP,DNK,21
21316772,192,64,112,1997.0,0.0,58474.0,1.1946700000000001,0.30503600000000003,SGP,DNK,21
21316773,192,64,112,1998.0,0.0,81085.0,1.460695,0.560563,SGP,DNK,21
21316774,196,64,112,2002.0,0.0,66711.0,0.29478899999999997,0.055865,SLE,DNK,21
21316775,196,64,112,2001.0,0.0,115810.0,0.262953,0.30432800000000004,SLE,DNK,21
21316776,198,64,112,2011.0,0.0,1311788.0,1.279832,0.762088,SMR,DNK,21
21316777,198,64,112,2012.0,0.0,960648.0,1.033052,0.72201,SMR,DNK,21
21316778,198,64,112,2013.0,0.0,2678152.0,1.065274,0.783734,SMR,DNK,21
21316779,198,64,112,2015.0,0.0,2183743.0,1.077533,0.898124,SMR,DNK,21
21316780,198,64,112,2018.0,0.0,118254.0,1.1010280000000001,0.679361,SMR,DNK,21
21316781,198,64,112,2007.0,0.0,3697428.0,1.183271,0.608375,SMR,DNK,21
21316782,198,64,112,2008.0,0.0,2786254.0,1.340543,0.834569,SMR,DNK,21
21316783,198,64,112,2010.0,0.0,1138062.0,1.187237,0.567707,SMR,DNK,21
21316784,198,64,112,2009.0,0.0,1434176.0,1.2595049999999999,0.520336,SMR,DNK,21
21316785,198,64,112,2014.0,0.0,1291495.0,1.1475870000000001,0.742538,SMR,DNK,21
21316786,198,64,112,2016.0,0.0,1636346.0,1.0774059999999999,0.771039,SMR,DNK,21
21316787,198,64,112,2019.0,0.0,344877.0,1.165823,0.834144,SMR,DNK,21
21316788,198,64,112,2017.0,0.0,492642.0,0.9488219999999999,0.6510199999999999,SMR,DNK,21
21316789,198,64,112,2006.0,0.0,5369506.0,1.259491,0.47043999999999997,SMR,DNK,21
21316790,198,64,112,2004.0,0.0,2251374.0,1.530337,0.719013,SMR,DNK,21
21316791,198,64,112,2005.0,0.0,1206582.0,1.224329,0.521524,SMR,DNK,21
21316792,198,64,112,2003.0,0.0,2792513.0,1.1253739999999999,0.269206,SMR,DNK,21
21316793,198,64,112,2001.0,0.0,2689199.0,1.63933,0.351775,SMR,DNK,21
21316794,198,64,112,2002.0,0.0,3970205.0,1.342892,0.48520100000000005,SMR,DNK,21
21316795,199,64,112,1987.0,0.0,1332.0,-0.481735,-0.646939,SOM,DNK,21
21316796,201,64,112,2005.0,9117.0,0.0,0.624201,1.4654280000000002,SRB,DNK,21
21316797,206,64,112,2013.0,0.0,72306.0,1.510052,0.7060310000000001,SVK,DNK,21
21316798,206,64,112,2018.0,6788.0,1379.0,1.445669,0.9135850000000001,SVK,DNK,21
21316799,206,64,112,2008.0,60139.0,30750.0,1.474019,0.684343,SVK,DNK,21
21316800,206,64,112,2014.0,11506.0,0.0,1.525525,0.773486,SVK,DNK,21
21316801,206,64,112,2010.0,0.0,390050.0,1.4404780000000001,0.748727,SVK,DNK,21
21316802,206,64,112,1997.0,228296.0,3420.0,1.265691,1.368739,SVK,DNK,21
21316803,206,64,112,2005.0,17194.0,544090.0,1.257441,0.99556,SVK,DNK,21
21316804,206,64,112,1995.0,69107.0,0.0,1.3211600000000001,1.404751,SVK,DNK,21
21316805,206,64,112,2006.0,0.0,388002.0,1.3569950000000002,0.8663290000000001,SVK,DNK,21
21316806,206,64,112,2007.0,0.0,459993.0,1.398352,0.6960390000000001,SVK,DNK,21
21316807,206,64,112,2016.0,23202.0,3414.0,1.446588,0.811076,SVK,DNK,21
21316808,206,64,112,2017.0,0.0,14026.0,1.484316,0.811826,SVK,DNK,21
21316809,206,64,112,1996.0,32105.0,14726.0,1.1978739999999999,1.426243,SVK,DNK,21
21316810,206,64,112,2000.0,12256.0,11809.0,1.3226360000000001,1.1967809999999999,SVK,DNK,21
21316811,206,64,112,2001.0,7679.0,0.0,1.310591,1.195523,SVK,DNK,21
21316812,206,64,112,2002.0,99495.0,18471.0,1.269549,1.184774,SVK,DNK,21
21316813,206,64,112,2003.0,7864.0,0.0,1.363933,0.9289569999999999,SVK,DNK,21
21316814,206,64,112,2004.0,77452.0,149407.0,1.2683149999999999,0.9208620000000001,SVK,DNK,21
21316815,206,64,112,1993.0,0.0,28293.0,1.084148,1.798138,SVK,DNK,21
21316816,207,64,112,2018.0,0.0,433367.0,1.623183,0.7150850000000001,SVN,DNK,21
21316817,207,64,112,2019.0,0.0,319711.0,1.629788,0.7231479999999999,SVN,DNK,21
21316818,207,64,112,2007.0,175441.0,539110.0,1.481507,0.576342,SVN,DNK,21
21316819,207,64,112,2008.0,92750.0,45429.0,1.486167,0.532493,SVN,DNK,21
21316820,207,64,112,2010.0,30543.0,0.0,1.487275,0.699639,SVN,DNK,21
21316821,207,64,112,2011.0,8682.0,0.0,1.526974,0.611721,SVN,DNK,21
21316822,207,64,112,2012.0,2586.0,0.0,1.4933049999999999,0.58207,SVN,DNK,21
21316823,207,64,112,1992.0,0.0,1770861.0,1.3270629999999999,1.605534,SVN,DNK,21
21316824,207,64,112,1993.0,0.0,4029515.0,1.31269,1.554599,SVN,DNK,21
21316825,207,64,112,1994.0,0.0,3473694.0,1.431281,1.504549,SVN,DNK,21
21316826,207,64,112,2004.0,216458.0,1547434.0,1.700677,0.829765,SVN,DNK,21
21316827,207,64,112,1995.0,9192.0,3712568.0,1.4735770000000001,1.3664129999999999,SVN,DNK,21
21316828,207,64,112,1999.0,1152.0,1980416.0,1.47641,1.123027,SVN,DNK,21
21316829,207,64,112,2000.0,37372.0,1040390.0,1.485695,1.122069,SVN,DNK,21
21316830,207,64,112,1996.0,0.0,3063077.0,1.352015,1.396593,SVN,DNK,21
21316831,207,64,112,2003.0,25901.0,1819459.0,1.615782,0.9232950000000001,SVN,DNK,21
21316832,207,64,112,1997.0,0.0,3082147.0,1.449492,1.253379,SVN,DNK,21
21316833,207,64,112,2002.0,107239.0,1438189.0,1.469681,1.13303,SVN,DNK,21
21316834,207,64,112,2009.0,103834.0,0.0,1.5067629999999999,0.6367729999999999,SVN,DNK,21
21316835,207,64,112,2017.0,4064.0,18993.0,1.597178,0.753722,SVN,DNK,21
21316836,207,64,112,2006.0,286350.0,30347.0,1.562187,0.612624,SVN,DNK,21
21316837,207,64,112,2005.0,391799.0,399700.0,1.614618,0.74165,SVN,DNK,21
21316838,207,64,112,2015.0,0.0,1067.0,1.5925639999999999,0.647173,SVN,DNK,21
21316839,207,64,112,2020.0,0.0,292825.0,1.539549,0.8232780000000001,SVN,DNK,21
21316840,207,64,112,1998.0,0.0,5140603.0,1.43127,1.171712,SVN,DNK,21
21316841,207,64,112,2001.0,43904.0,1334318.0,1.488089,1.0928360000000001,SVN,DNK,21
21316842,208,64,112,2011.0,28681940.0,8919947.0,1.776113,0.301014,SWE,DNK,21
21316843,208,64,112,2017.0,7969008.0,243676.0,1.695113,0.6885060000000001,SWE,DNK,21
21316844,208,64,112,2002.0,9584130.0,9748003.0,2.134,0.769413,SWE,DNK,21
21316845,208,64,112,2003.0,8878440.0,7783785.0,2.139853,0.750033,SWE,DNK,21
21316846,208,64,112,2004.0,9198777.0,11413027.0,2.105611,0.707843,SWE,DNK,21
21316847,208,64,112,2006.0,8441474.0,7682399.0,1.921461,0.478688,SWE,DNK,21
21316848,208,64,112,2008.0,7250165.0,8482029.0,1.8179400000000001,0.301152,SWE,DNK,21
21316849,208,64,112,1996.0,9069930.0,20474735.0,2.186414,0.848194,SWE,DNK,21
21316850,208,64,112,1997.0,11060748.0,15847335.0,2.0806709999999997,0.9541219999999999,SWE,DNK,21
21316851,208,64,112,1998.0,7439586.0,12569377.0,2.030484,0.861999,SWE,DNK,21
21316852,208,64,112,1999.0,7104089.0,9344517.0,2.111011,0.783713,SWE,DNK,21
21316853,208,64,112,2000.0,8675125.0,8412397.0,2.087984,0.811167,SWE,DNK,21
21316854,208,64,112,2001.0,8014889.0,8206402.0,2.01685,0.8233159999999999,SWE,DNK,21
21316855,208,64,112,2007.0,8316938.0,9995972.0,1.830398,0.310369,SWE,DNK,21
21316856,208,64,112,2009.0,7056247.0,1999620.0,1.8811950000000002,-0.058508000000000004,SWE,DNK,21
21316857,208,64,112,2010.0,19464170.0,9275378.0,1.815875,0.402764,SWE,DNK,21
21316858,208,64,112,2012.0,34112120.0,9763373.0,1.721268,0.15675,SWE,DNK,21
21316859,208,64,112,2013.0,41488924.0,12626050.0,1.7851290000000002,0.182623,SWE,DNK,21
21316860,208,64,112,2014.0,37453304.0,10995816.0,1.7256330000000002,0.395804,SWE,DNK,21
21316861,208,64,112,2015.0,29540890.0,11195929.0,1.787031,0.527449,SWE,DNK,21
21316862,208,64,112,2016.0,25289966.0,11313404.0,1.731295,0.679562,SWE,DNK,21
21316863,208,64,112,2018.0,5934605.0,8152.0,1.7254209999999999,0.638757,SWE,DNK,21
21316864,208,64,112,2019.0,4468800.0,8113.0,1.7247709999999998,0.6898770000000001,SWE,DNK,21
21316865,208,64,112,2020.0,1668969.0,5574.0,1.5926049999999998,0.870662,SWE,DNK,21
21316866,208,64,112,2005.0,5494049.0,8015487.0,1.9983650000000002,0.59864,SWE,DNK,21
21316867,208,64,112,1967.0,284981.0,3824102.0,2.1240099999999997,2.8551349999999998,SWE,DNK,21
21316868,208,64,112,1977.0,4258830.0,21382000.0,1.5786950000000002,1.390976,SWE,DNK,21
21316869,208,64,112,1970.0,436234.0,4379723.0,2.1300470000000002,2.672669,SWE,DNK,21
21316870,208,64,112,1971.0,475559.0,4968408.0,2.190846,2.570859,SWE,DNK,21
21316871,208,64,112,1972.0,1005701.0,9046120.0,2.083709,2.511567,SWE,DNK,21
21316872,208,64,112,1973.0,1207883.0,12733487.0,2.103473,2.3276470000000002,SWE,DNK,21
21316873,208,64,112,1974.0,1785955.0,13203408.0,1.7945509999999998,1.532433,SWE,DNK,21
21316874,208,64,112,1975.0,1878111.0,11262648.0,1.971359,0.93884,SWE,DNK,21
21316875,208,64,112,1976.0,1073975.0,20547997.0,1.7900189999999998,1.5298049999999999,SWE,DNK,21
21316876,208,64,112,1978.0,4501717.0,23351340.0,1.905032,1.65209,SWE,DNK,21
21316877,208,64,112,1979.0,21024927.0,32097580.0,1.8791060000000002,1.4971709999999998,SWE,DNK,21
21316878,208,64,112,1980.0,7846929.0,19650982.0,1.7280119999999999,1.128417,SWE,DNK,21
21316879,208,64,112,1981.0,34339078.0,22872039.0,1.729023,0.9804309999999999,SWE,DNK,21
21316880,208,64,112,1982.0,31109153.0,22099856.0,1.805818,1.210293,SWE,DNK,21
21316881,208,64,112,1983.0,32209544.0,26749937.0,1.839779,1.3607040000000001,SWE,DNK,21
21316882,208,64,112,1984.0,31549139.0,32142432.0,1.879359,1.3748850000000001,SWE,DNK,21
21316883,208,64,112,1985.0,48644021.0,30587707.0,2.013963,1.252299,SWE,DNK,21
21316884,208,64,112,1986.0,63128900.0,44703141.0,2.1597560000000002,1.491303,SWE,DNK,21
21316885,208,64,112,1987.0,67914495.0,57295264.0,2.166095,1.502119,SWE,DNK,21
21316886,208,64,112,1988.0,111002183.0,48586039.0,2.194509,1.183689,SWE,DNK,21
21316887,208,64,112,1989.0,100707448.0,58813623.0,2.145445,1.232055,SWE,DNK,21
21316888,208,64,112,1990.0,66126468.0,41301723.0,2.122441,1.367907,SWE,DNK,21
21316889,208,64,112,1991.0,38831992.0,23692322.0,2.266982,1.2248459999999999,SWE,DNK,21
21316890,208,64,112,1992.0,42330398.0,31316700.0,2.2265900000000003,0.999178,SWE,DNK,21
21316891,208,64,112,1993.0,11854464.0,18699115.0,2.191455,1.031967,SWE,DNK,21
21316892,208,64,112,1995.0,4872536.0,28359964.0,2.291723,0.913976,SWE,DNK,21
21316893,208,64,112,1994.0,11743270.0,13166883.0,2.26188,0.9602700000000001,SWE,DNK,21
21316894,208,64,112,1962.0,127282.0,1511118.0,2.204543,2.995212,SWE,DNK,21
21316895,208,64,112,1963.0,256599.0,1533318.0,2.146459,2.918374,SWE,DNK,21
21316896,208,64,112,1964.0,240573.0,2030572.0,2.145611,3.055655,SWE,DNK,21
21316897,208,64,112,1965.0,296365.0,1773036.0,2.159495,3.0655099999999997,SWE,DNK,21
21316898,208,64,112,1966.0,403071.0,2461495.0,2.237418,2.8724119999999997,SWE,DNK,21
21316899,208,64,112,1968.0,435937.0,4889602.0,1.968017,2.7641270000000002,SWE,DNK,21
21316900,208,64,112,1969.0,831923.0,5260606.0,2.073118,2.6611130000000003,SWE,DNK,21
21316901,212,64,112,2005.0,0.0,56959.0,-0.70426,0.195903,SYR,DNK,21
21316902,212,64,112,2006.0,0.0,562745.0,-0.49903100000000006,0.362867,SYR,DNK,21
21316903,212,64,112,1972.0,0.0,5554.0,0.001657,-0.50522,SYR,DNK,21
21316904,215,64,112,2015.0,0.0,68513.0,-0.619449,-0.774299,TGO,DNK,21
21316905,215,64,112,2016.0,0.0,154610.0,-0.777506,-0.652105,TGO,DNK,21
21316906,215,64,112,2017.0,0.0,10545.0,-0.884833,-0.7139220000000001,TGO,DNK,21
21316907,215,64,112,2018.0,0.0,3162.0,-0.681426,-0.7010270000000001,TGO,DNK,21
21316908,215,64,112,2019.0,0.0,7387.0,-0.9927299999999999,-0.845593,TGO,DNK,21
21316909,216,64,112,2002.0,0.0,36493.0,0.513887,1.545967,THA,DNK,21
21316910,216,64,112,2003.0,0.0,14478.0,0.565552,1.554573,THA,DNK,21
21316911,216,64,112,2013.0,0.0,41770.0,1.067287,1.2767110000000002,THA,DNK,21
21316912,216,64,112,2015.0,12184.0,0.0,1.258262,1.078091,THA,DNK,21
21316913,216,64,112,2016.0,0.0,32828392.0,1.3075860000000001,1.151426,THA,DNK,21
21316914,216,64,112,2017.0,0.0,82406320.0,1.15791,1.282718,THA,DNK,21
21316915,216,64,112,2018.0,0.0,127929656.0,1.188923,1.264666,THA,DNK,21
21316916,216,64,112,1996.0,2475.0,176783.0,0.26155100000000003,1.146204,THA,DNK,21
21316917,216,64,112,1997.0,6521.0,97395.0,0.216402,1.366618,THA,DNK,21
21316918,216,64,112,1998.0,36625.0,453694.0,0.264865,1.275795,THA,DNK,21
21316919,216,64,112,2000.0,0.0,23622.0,0.505423,1.358217,THA,DNK,21
21316920,216,64,112,2005.0,0.0,26629.0,0.6763060000000001,1.5179719999999999,THA,DNK,21
21316921,216,64,112,2006.0,0.0,1677.0,0.73283,1.419023,THA,DNK,21
21316922,216,64,112,2008.0,3997.0,0.0,0.8565809999999999,1.377966,THA,DNK,21
21316923,216,64,112,2010.0,4573.0,50965.0,0.975297,1.292203,THA,DNK,21
21316924,216,64,112,2011.0,4931.0,1883.0,1.0923049999999999,1.3365639999999999,THA,DNK,21
21316925,216,64,112,2019.0,0.0,178510976.0,1.128318,1.301893,THA,DNK,21
21316926,216,64,112,2020.0,0.0,76183328.0,1.108163,1.266463,THA,DNK,21
21316927,216,64,112,1994.0,1167.0,142499.0,0.229846,1.497026,THA,DNK,21
21316928,216,64,112,1995.0,15622.0,398173.0,0.249687,1.587885,THA,DNK,21
21316929,216,64,112,1999.0,0.0,654570.0,0.45096499999999995,1.384025,THA,DNK,21
21316930,216,64,112,1989.0,1354.0,0.0,-0.049782,1.32686,THA,DNK,21
21316931,216,64,112,1992.0,18976.0,1838272.0,0.109518,1.486578,THA,DNK,21
21316932,216,64,112,1993.0,13025.0,1319399.0,0.261627,1.732836,THA,DNK,21
21316933,216,64,112,1983.0,55516.0,0.0,-0.031994,0.712533,THA,DNK,21
21316934,216,64,112,1991.0,22911.0,3678716.0,0.076699,1.530476,THA,DNK,21
21316935,216,64,112,1973.0,6614.0,0.0,-0.31605700000000003,-0.054589,THA,DNK,21
21316936,218,64,112,2004.0,0.0,311198.0,0.266386,0.202336,TKL,DNK,21
21316937,218,64,112,2003.0,0.0,58148.0,0.248919,0.313361,TKL,DNK,21
21316938,222,64,112,1990.0,0.0,185626.0,0.357632,-0.418442,TTO,DNK,21
21316939,223,64,112,1995.0,0.0,72150.0,-0.159849,-0.127666,TUN,DNK,21
21316940,224,64,112,2011.0,3185.0,297579.0,0.593858,2.247072,TUR,DNK,21
21316941,224,64,112,2017.0,104271.0,2132043.0,0.601079,2.126314,TUR,DNK,21
21316942,224,64,112,2018.0,1532.0,261623.0,0.5883510000000001,2.357541,TUR,DNK,21
21316943,224,64,112,2005.0,11427.0,201118.0,0.284484,2.10348,TUR,DNK,21
21316944,224,64,112,2012.0,0.0,302942.0,0.657573,1.969027,TUR,DNK,21
21316945,224,64,112,2014.0,0.0,1290540.0,0.6641600000000001,2.091193,TUR,DNK,21
21316946,224,64,112,2015.0,0.0,60407.0,0.462588,2.330971,TUR,DNK,21
21316947,224,64,112,2019.0,12867.0,3687391.0,0.601105,2.31712,TUR,DNK,21
21316948,224,64,112,2020.0,0.0,1600041.0,0.6274689999999999,2.401027,TUR,DNK,21
21316949,224,64,112,2007.0,6532.0,594634.0,0.503181,1.830614,TUR,DNK,21
21316950,224,64,112,2010.0,15145.0,458727.0,0.53661,2.161994,TUR,DNK,21
21316951,224,64,112,2016.0,2171.0,494317.0,0.460247,2.3790400000000003,TUR,DNK,21
21316952,224,64,112,1996.0,0.0,215724.0,0.07259700000000001,1.734291,TUR,DNK,21
21316953,224,64,112,2009.0,0.0,21153.0,0.47585900000000003,2.221056,TUR,DNK,21
21316954,224,64,112,1997.0,27151.0,183106.0,0.154428,1.7573880000000002,TUR,DNK,21
21316955,224,64,112,1999.0,12413.0,41778.0,0.087761,2.0103869999999997,TUR,DNK,21
21316956,224,64,112,2000.0,38271.0,69684.0,0.127924,2.039773,TUR,DNK,21
21316957,224,64,112,2001.0,20863.0,109149.0,0.168219,1.989011,TUR,DNK,21
21316958,224,64,112,2008.0,27943.0,152716.0,0.518795,1.8095869999999998,TUR,DNK,21
21316959,224,64,112,2013.0,0.0,1059655.0,0.580016,2.394812,TUR,DNK,21
21316960,224,64,112,2006.0,19258.0,465371.0,0.41471,2.138217,TUR,DNK,21
21316961,224,64,112,2002.0,12351.0,28030.0,0.12982,1.8032650000000001,TUR,DNK,21
21316962,224,64,112,2003.0,3646.0,411183.0,0.168739,2.0307020000000002,TUR,DNK,21
21316963,224,64,112,2004.0,10286.0,350875.0,0.249065,1.910598,TUR,DNK,21
21316964,224,64,112,1993.0,0.0,22684.0,0.136823,1.201741,TUR,DNK,21
21316965,224,64,112,1986.0,0.0,8710.0,0.238715,1.272334,TUR,DNK,21
21316966,224,64,112,1992.0,2524.0,0.0,0.160966,1.154796,TUR,DNK,21
21316967,224,64,112,1990.0,47874.0,125298.0,0.19346300000000002,1.15759,TUR,DNK,21
21316968,224,64,112,1991.0,7971.0,28430.0,0.176491,1.063823,TUR,DNK,21
21316969,224,64,112,1988.0,0.0,26196.0,0.293668,1.444393,TUR,DNK,21
21316970,224,64,112,1989.0,0.0,157043.0,0.2823,1.370484,TUR,DNK,21
21316971,224,64,112,1994.0,0.0,71875.0,0.112102,1.2281030000000002,TUR,DNK,21
21316972,224,64,112,1995.0,1917.0,65144.0,0.087476,1.433762,TUR,DNK,21
21316973,224,64,112,1974.0,0.0,16107.0,-0.02222,-0.1287,TUR,DNK,21
21316974,224,64,112,1963.0,33007.0,15728.0,-0.7694300000000001,-0.891026,TUR,DNK,21
21316975,224,64,112,1964.0,2257.0,0.0,-0.601434,-0.826818,TUR,DNK,21
21316976,224,64,112,1965.0,2529.0,0.0,-0.715468,-0.8576389999999999,TUR,DNK,21
21316977,224,64,112,1968.0,1501.0,11552.0,-0.654801,-0.8012319999999999,TUR,DNK,21
21316978,226,64,112,1997.0,0.0,5618.0,-1.243443,-0.537161,TZA,DNK,21
21316979,226,64,112,2002.0,1158.0,0.0,-1.234127,-0.421158,TZA,DNK,21
21316980,226,64,112,2009.0,14819.0,0.0,-0.675493,0.906011,TZA,DNK,21
21316981,226,64,112,2019.0,1276.0,0.0,-0.80374,0.826095,TZA,DNK,21
21316982,226,64,112,2005.0,4056.0,0.0,-0.9243629999999999,0.334876,TZA,DNK,21
21316983,226,64,112,2006.0,3235.0,0.0,-0.804761,0.6328729999999999,TZA,DNK,21
21316984,226,64,112,2001.0,6068.0,0.0,-1.227071,-0.489829,TZA,DNK,21
21316985,226,64,112,2017.0,1893.0,0.0,-0.968485,0.137755,TZA,DNK,21
21316986,226,64,112,2018.0,3073.0,0.0,-0.12971300000000002,1.379649,TZA,DNK,21
21316987,226,64,112,2010.0,21368.0,0.0,-0.697229,0.8367700000000001,TZA,DNK,21
21316988,226,64,112,2011.0,16695.0,0.0,-0.565697,0.6572,TZA,DNK,21
21316989,227,64,112,2002.0,38348.0,0.0,-1.262952,-0.903123,UGA,DNK,21
21316990,227,64,112,2005.0,1510.0,0.0,-0.8892760000000001,-0.511497,UGA,DNK,21
21316991,228,64,112,2009.0,0.0,1265056.0,0.505844,1.1205829999999999,UKR,DNK,21
21316992,228,64,112,2010.0,0.0,2249952.0,0.469426,1.1556629999999999,UKR,DNK,21
21316993,228,64,112,2011.0,0.0,2611895.0,0.48387700000000006,1.0707659999999999,UKR,DNK,21
21316994,228,64,112,2012.0,0.0,1177283.0,0.533547,1.159378,UKR,DNK,21
21316995,228,64,112,2013.0,0.0,1539371.0,0.535571,1.026263,UKR,DNK,21
21316996,228,64,112,2014.0,0.0,2027572.0,0.505369,1.07634,UKR,DNK,21
21316997,228,64,112,2015.0,0.0,750633.0,0.271595,0.965569,UKR,DNK,21
21316998,228,64,112,2016.0,0.0,504803.0,0.240605,0.827153,UKR,DNK,21
21316999,228,64,112,2017.0,0.0,1461914.0,0.34780900000000003,1.076817,UKR,DNK,21
21317000,228,64,112,2018.0,11473954.0,1091646.0,0.3281,1.0037459999999998,UKR,DNK,21
21317001,228,64,112,2019.0,7279848.0,440646.0,0.263437,0.690283,UKR,DNK,21
21317002,228,64,112,2020.0,1860701.0,57311.0,0.287581,0.765753,UKR,DNK,21
21317003,228,64,112,2000.0,0.0,34005.0,0.622654,1.191971,UKR,DNK,21
21317004,228,64,112,2001.0,0.0,1608542.0,0.642888,1.267971,UKR,DNK,21
21317005,228,64,112,2002.0,0.0,684277.0,0.575372,1.131722,UKR,DNK,21
21317006,228,64,112,2003.0,0.0,604833.0,0.7578739999999999,1.2267379999999999,UKR,DNK,21
21317007,228,64,112,2004.0,0.0,1165777.0,0.672848,1.172735,UKR,DNK,21
21317008,228,64,112,2006.0,275531.0,2877236.0,0.598325,1.225485,UKR,DNK,21
21317009,228,64,112,2007.0,0.0,3637931.0,0.607204,1.319608,UKR,DNK,21
21317010,228,64,112,2008.0,681516.0,2789554.0,0.49950600000000006,1.152203,UKR,DNK,21
21317011,228,64,112,1996.0,0.0,374525.0,0.7582479999999999,1.1207340000000001,UKR,DNK,21
21317012,228,64,112,1997.0,0.0,232186.0,0.7384539999999999,1.096947,UKR,DNK,21
21317013,228,64,112,1998.0,0.0,313384.0,0.70233,1.078307,UKR,DNK,21
21317014,228,64,112,1999.0,0.0,538731.0,0.418679,1.190914,UKR,DNK,21
21317015,228,64,112,2005.0,0.0,2048929.0,0.59719,1.061772,UKR,DNK,21
21317016,228,64,112,1994.0,16141.0,0.0,0.247786,0.164404,UKR,DNK,21
21317017,230,64,112,2007.0,0.0,80772.0,0.138324,0.395436,URY,DNK,21
21317018,230,64,112,2009.0,5581.0,34131.0,0.115835,0.032341,URY,DNK,21
21317019,230,64,112,2010.0,7110.0,406775.0,0.05979299999999999,0.116557,URY,DNK,21
21317020,230,64,112,2011.0,39409.0,1353458.0,0.10006699999999999,0.199222,URY,DNK,21
21317021,230,64,112,2012.0,0.0,1382458.0,0.013581000000000001,0.047302,URY,DNK,21
21317022,230,64,112,2003.0,55515.0,0.0,0.07285599999999999,0.29223299999999997,URY,DNK,21
21317023,230,64,112,2008.0,0.0,60017.0,0.168969,0.310508,URY,DNK,21
21317024,230,64,112,2015.0,700547.0,0.0,0.11081400000000001,-0.131145,URY,DNK,21
21317025,230,64,112,2014.0,527620.0,0.0,0.155247,-0.091751,URY,DNK,21
21317026,230,64,112,2013.0,0.0,1712795.0,0.128825,0.02334,URY,DNK,21
21317027,230,64,112,1983.0,1733.0,0.0,0.555573,0.62283,URY,DNK,21
21317028,230,64,112,1989.0,0.0,140731.0,0.383362,0.832535,URY,DNK,21
21317029,230,64,112,1990.0,0.0,194958.0,0.44617399999999996,0.789651,URY,DNK,21
21317030,230,64,112,1991.0,0.0,493246.0,0.30588899999999997,0.6653859999999999,URY,DNK,21
21317031,230,64,112,1995.0,1905.0,0.0,0.33923400000000004,0.608226,URY,DNK,21
21317032,230,64,112,1987.0,0.0,34558.0,0.530251,0.800033,URY,DNK,21
21317033,230,64,112,1994.0,1003.0,0.0,0.46247200000000005,0.597146,URY,DNK,21
21317034,230,64,112,1985.0,30170.0,0.0,0.6373949999999999,0.648215,URY,DNK,21
21317035,230,64,112,1964.0,15677.0,0.0,0.26116500000000004,-0.271814,URY,DNK,21
21317036,230,64,112,1965.0,51598.0,0.0,0.65384,0.084632,URY,DNK,21
21317037,230,64,112,1966.0,6812.0,0.0,0.285868,-0.139794,URY,DNK,21
21317038,230,64,112,1967.0,17407.0,0.0,0.49441499999999994,-0.026923000000000002,URY,DNK,21
21317039,230,64,112,1970.0,1047.0,0.0,0.059664999999999996,-0.27726,URY,DNK,21
21317040,230,64,112,1975.0,17417.0,0.0,0.430345,0.060844,URY,DNK,21
21317041,230,64,112,1978.0,169763.0,122414.0,0.5908,0.269518,URY,DNK,21
21317042,230,64,112,1979.0,132678.0,1712324.0,0.584521,0.476839,URY,DNK,21
21317043,230,64,112,1980.0,181493.0,202317.0,0.708743,0.74807,URY,DNK,21
21317044,230,64,112,1981.0,94687.0,0.0,0.634564,0.616086,URY,DNK,21
21317045,230,64,112,1977.0,227617.0,0.0,0.205596,-0.386658,URY,DNK,21
21317046,230,64,112,1976.0,425802.0,0.0,0.227994,-0.361179,URY,DNK,21
21317047,231,64,112,1990.0,321799.0,16529680.0,1.537887,1.72997,USA,DNK,21
21317048,231,64,112,1991.0,459049.0,14934863.0,1.6767419999999997,1.511651,USA,DNK,21
21317049,231,64,112,1992.0,523904.0,12434725.0,1.660693,1.289752,USA,DNK,21
21317050,231,64,112,1993.0,283286.0,10072517.0,1.7574319999999999,1.02585,USA,DNK,21
21317051,231,64,112,1994.0,1162451.0,14190226.0,1.835279,0.860557,USA,DNK,21
21317052,231,64,112,1995.0,1014125.0,9708061.0,1.798775,0.910509,USA,DNK,21
21317053,231,64,112,1996.0,545043.0,17042626.0,1.742391,1.003066,USA,DNK,21
21317054,231,64,112,1997.0,1319367.0,10691322.0,1.875847,0.46257299999999996,USA,DNK,21
21317055,231,64,112,1999.0,339133.0,2036682.0,1.896707,0.37156,USA,DNK,21
21317056,231,64,112,2000.0,101036.0,5732076.0,1.9869709999999998,0.021666,USA,DNK,21
21317057,231,64,112,2001.0,457138.0,4861978.0,1.96615,-0.12332699999999999,USA,DNK,21
21317058,231,64,112,2002.0,508998.0,4519682.0,1.853174,0.120986,USA,DNK,21
21317059,231,64,112,2003.0,300175.0,4779119.0,1.8209830000000002,0.085073,USA,DNK,21
21317060,231,64,112,2005.0,331904.0,2916426.0,1.7455470000000002,-0.418916,USA,DNK,21
21317061,231,64,112,2006.0,379459.0,2940269.0,1.616918,-0.429924,USA,DNK,21
21317062,231,64,112,2007.0,578948.0,2333124.0,1.507629,-0.068172,USA,DNK,21
21317063,231,64,112,2008.0,123162.0,1269430.0,1.494243,-0.340183,USA,DNK,21
21317064,231,64,112,2009.0,98446.0,1142563.0,1.4675049999999998,-0.26011100000000004,USA,DNK,21
21317065,231,64,112,2010.0,347974.0,467491.0,1.564858,-0.667927,USA,DNK,21
21317066,231,64,112,2011.0,12999.0,555362.0,1.568274,-0.657708,USA,DNK,21
21317067,231,64,112,2012.0,626517.0,336998.0,1.51134,-0.637794,USA,DNK,21
21317068,231,64,112,2013.0,3775344.0,1703818.0,1.612058,-0.8592989999999999,USA,DNK,21
21317069,231,64,112,2014.0,9853952.0,2120743.0,1.569577,-0.293173,USA,DNK,21
21317070,231,64,112,2015.0,12009709.0,296345.0,1.721982,-0.516554,USA,DNK,21
21317071,231,64,112,2016.0,8674811.0,214524.0,1.6991900000000002,-0.146044,USA,DNK,21
21317072,231,64,112,2017.0,1794738.0,185501.0,1.536355,0.23775100000000002,USA,DNK,21
21317073,231,64,112,2018.0,15332381.0,154203.0,1.5527739999999999,0.288577,USA,DNK,21
21317074,231,64,112,2019.0,16150829.0,230137.0,1.5760809999999998,0.19685,USA,DNK,21
21317075,231,64,112,2020.0,55857256.0,44000.0,1.4725629999999998,0.43318599999999996,USA,DNK,21
21317076,231,64,112,1998.0,1099642.0,6034411.0,1.9350779999999999,0.29075100000000004,USA,DNK,21
21317077,231,64,112,2004.0,509231.0,4744358.0,1.818327,-0.17913900000000002,USA,DNK,21
21317078,231,64,112,1964.0,482660.0,13986014.0,2.039541,1.8314990000000002,USA,DNK,21
21317079,231,64,112,1962.0,238035.0,9373971.0,2.072395,1.7205400000000002,USA,DNK,21
21317080,231,64,112,1963.0,168821.0,9615849.0,2.0341259999999997,1.416706,USA,DNK,21
21317081,231,64,112,1969.0,343204.0,11859986.0,1.9097669999999998,1.7483990000000003,USA,DNK,21
21317082,231,64,112,1972.0,538722.0,9582854.0,1.86454,1.841334,USA,DNK,21
21317083,231,64,112,1974.0,744343.0,16231628.0,1.5575430000000001,0.946348,USA,DNK,21
21317084,231,64,112,1983.0,7982129.0,42818125.0,1.500082,1.557107,USA,DNK,21
21317085,231,64,112,1965.0,412773.0,15576539.0,2.066792,1.7441380000000002,USA,DNK,21
21317086,231,64,112,1966.0,412796.0,19566955.0,2.018157,1.481471,USA,DNK,21
21317087,231,64,112,1967.0,210984.0,12096808.0,1.9634919999999998,1.826548,USA,DNK,21
21317088,231,64,112,1968.0,106735.0,15510131.0,1.9577650000000002,1.500362,USA,DNK,21
21317089,231,64,112,1970.0,350935.0,8188285.0,1.792584,2.206141,USA,DNK,21
21317090,231,64,112,1971.0,227466.0,10002512.0,1.873357,1.848336,USA,DNK,21
21317091,231,64,112,1973.0,422830.0,15380487.0,1.7948419999999998,2.026,USA,DNK,21
21317092,231,64,112,1975.0,1916300.0,15996275.0,1.626922,1.162917,USA,DNK,21
21317093,231,64,112,1978.0,12091716.0,33804586.0,1.610269,1.603343,USA,DNK,21
21317094,231,64,112,1979.0,16679254.0,47525108.0,1.539367,1.481471,USA,DNK,21
21317095,231,64,112,1982.0,12961721.0,52552630.0,1.496936,1.2591780000000001,USA,DNK,21
21317096,231,64,112,1985.0,7319487.0,51224674.0,1.6386479999999999,1.518913,USA,DNK,21
21317097,231,64,112,1986.0,7014818.0,50828498.0,1.472246,1.942236,USA,DNK,21
21317098,231,64,112,1987.0,9760891.0,79846446.0,1.504178,1.820397,USA,DNK,21
21317099,231,64,112,1989.0,986243.0,36773488.0,1.4548530000000002,1.7360209999999998,USA,DNK,21
21317100,231,64,112,1980.0,18645376.0,37853248.0,1.4422549999999998,0.744779,USA,DNK,21
21317101,231,64,112,1984.0,7457581.0,43583717.0,1.476898,1.614897,USA,DNK,21
21317102,231,64,112,1988.0,4298411.0,48487464.0,1.303966,1.922435,USA,DNK,21
21317103,231,64,112,1981.0,13527614.0,54571086.0,1.47046,0.8942190000000001,USA,DNK,21
21317104,231,64,112,1976.0,2617638.0,32219660.0,1.6694509999999998,0.32833,USA,DNK,21
21317105,231,64,112,1977.0,5857337.0,40604442.0,1.483956,-0.040362,USA,DNK,21
21317106,232,64,112,2017.0,88430.0,30623.0,-0.386302,-0.35475999999999996,UZB,DNK,21
21317107,232,64,112,2006.0,434014.0,0.0,-0.508594,-0.7682720000000001,UZB,DNK,21
21317108,236,64,112,2006.0,0.0,4139.0,-0.5559649999999999,-0.9988299999999999,VEN,DNK,21
21317109,236,64,112,1988.0,0.0,639456.0,-0.274765,-0.778587,VEN,DNK,21
21317110,239,64,112,2008.0,0.0,283818.0,-0.04149,1.043877,VNM,DNK,21
21317111,239,64,112,2010.0,0.0,1132501.0,-0.096135,1.263142,VNM,DNK,21
21317112,239,64,112,2015.0,0.0,107729479.0,-0.055202,0.807679,VNM,DNK,21
21317113,239,64,112,2016.0,0.0,84974876.0,0.048214,0.6998810000000001,VNM,DNK,21
21317114,239,64,112,2018.0,0.0,92333450.0,0.111848,0.915842,VNM,DNK,21
21317115,239,64,112,2019.0,0.0,52026614.0,0.04444,0.8275049999999999,VNM,DNK,21
21317116,239,64,112,2013.0,0.0,9954.0,0.009264,1.182368,VNM,DNK,21
21317117,239,64,112,2009.0,0.0,347446.0,-0.107678,0.824392,VNM,DNK,21
21317118,239,64,112,2011.0,0.0,1073508.0,0.056153999999999996,1.242208,VNM,DNK,21
21317119,239,64,112,2014.0,0.0,7245282.0,0.135762,1.182052,VNM,DNK,21
21317120,239,64,112,2017.0,0.0,99264060.0,-0.006548999999999999,0.7030420000000001,VNM,DNK,21
21317121,239,64,112,2004.0,3255.0,0.0,-0.46875500000000003,0.734412,VNM,DNK,21
21317122,239,64,112,2006.0,0.0,33641.0,-0.089404,0.986066,VNM,DNK,21
21317123,245,64,112,1989.0,0.0,693228.0,1.039279,2.368432,YUG,DNK,21
21317124,245,64,112,1990.0,0.0,2094437.0,1.113732,2.405979,YUG,DNK,21
21317125,245,64,112,1975.0,0.0,326234.0,0.9792639999999999,2.488069,YUG,DNK,21
21317126,245,64,112,1988.0,0.0,273043.0,1.174104,2.284472,YUG,DNK,21
21317127,245,64,112,1985.0,2246.0,154809.0,1.261052,2.157196,YUG,DNK,21
21317128,245,64,112,1972.0,0.0,12685.0,1.072339,2.4323900000000003,YUG,DNK,21
21317129,245,64,112,1978.0,214059.0,0.0,1.204844,2.432863,YUG,DNK,21
21317130,245,64,112,1979.0,0.0,37858.0,1.22966,2.556333,YUG,DNK,21
21317131,245,64,112,1970.0,0.0,51589.0,0.9660989999999999,2.360806,YUG,DNK,21
21317132,245,64,112,1991.0,11715.0,2378546.0,1.052453,2.3616479999999997,YUG,DNK,21
21317133,245,64,112,1966.0,0.0,190641.0,1.107027,2.3320939999999997,YUG,DNK,21
21317134,245,64,112,1967.0,0.0,158325.0,1.064486,2.0954919999999997,YUG,DNK,21
21317135,245,64,112,1968.0,0.0,73686.0,1.0230700000000001,2.3184560000000003,YUG,DNK,21
21317136,245,64,112,1969.0,0.0,38174.0,1.047799,2.2268790000000003,YUG,DNK,21
21317137,245,64,112,1971.0,0.0,11829.0,1.106614,2.43735,YUG,DNK,21
21317138,245,64,112,1965.0,0.0,248456.0,1.151327,2.068253,YUG,DNK,21
21317139,245,64,112,1962.0,0.0,66390.0,1.16536,2.244831,YUG,DNK,21
21317140,245,64,112,1964.0,0.0,195509.0,1.156097,2.14265,YUG,DNK,21
21317141,245,64,112,1963.0,0.0,53330.0,1.0925049999999998,2.3452900000000003,YUG,DNK,21
21317142,245,64,112,1986.0,0.0,464635.0,1.03372,2.567397,YUG,DNK,21
21317143,245,64,112,1987.0,0.0,49460.0,0.992936,2.4820580000000003,YUG,DNK,21
21317144,245,64,112,1982.0,0.0,5687.0,1.2934940000000001,1.9006060000000002,YUG,DNK,21
21317145,245,64,112,1983.0,45366.0,43592.0,1.244169,2.0957619999999997,YUG,DNK,21
21317146,245,64,112,1984.0,3887.0,34329.0,1.315993,2.0474330000000003,YUG,DNK,21
21317147,245,64,112,1976.0,224510.0,123154.0,1.004697,2.4051080000000002,YUG,DNK,21
21317148,245,64,112,1977.0,160707.0,67290.0,1.089936,2.216946,YUG,DNK,21
21317149,246,64,112,2008.0,9089.0,0.0,0.133055,1.349216,ZAF,DNK,21
21317150,246,64,112,2009.0,28175.0,0.0,0.12679200000000002,1.8165349999999998,ZAF,DNK,21
21317151,246,64,112,2004.0,3147.0,0.0,0.29599699999999995,1.909018,ZAF,DNK,21
21317152,246,64,112,2010.0,39044.0,0.0,0.153813,1.626072,ZAF,DNK,21
21317153,246,64,112,2011.0,10720.0,0.0,-0.041062,1.647892,ZAF,DNK,21
21317154,246,64,112,2012.0,7344.0,0.0,0.06510099999999999,1.748521,ZAF,DNK,21
21317155,246,64,112,2018.0,14756.0,1222.0,-0.053311000000000004,1.45561,ZAF,DNK,21
21317156,246,64,112,2019.0,6458.0,0.0,0.009188,1.1810610000000001,ZAF,DNK,21
21317157,246,64,112,2020.0,41600.0,0.0,-0.147146,0.8898459999999999,ZAF,DNK,21
21317158,246,64,112,2005.0,10315.0,410670.0,0.24420100000000003,1.7617349999999998,ZAF,DNK,21
21317159,246,64,112,2017.0,11501.0,0.0,-0.048668,1.283483,ZAF,DNK,21
21317160,246,64,112,1997.0,1240028.0,0.0,0.29381199999999996,1.276557,ZAF,DNK,21
21317161,246,64,112,2014.0,10637.0,0.0,0.156414,1.873848,ZAF,DNK,21
21317162,246,64,112,2015.0,21946.0,9246.0,0.093921,1.7627400000000002,ZAF,DNK,21
21317163,246,64,112,2013.0,8467.0,0.0,0.11624100000000001,1.574591,ZAF,DNK,21
21317164,246,64,112,2016.0,28894.0,0.0,-0.029618000000000002,1.426834,ZAF,DNK,21
21317165,246,64,112,2001.0,3051.0,39129.0,0.249833,2.1142950000000003,ZAF,DNK,21
21317166,246,64,112,1996.0,1959223.0,0.0,0.277171,1.489549,ZAF,DNK,21
21317167,246,64,112,1975.0,0.0,37082.0,-0.204077,0.21280900000000003,ZAF,DNK,21
21317168,246,64,112,1995.0,2256602.0,0.0,0.30523,1.249918,ZAF,DNK,21
21317169,246,64,112,2007.0,7114.0,0.0,0.10604200000000001,1.282859,ZAF,DNK,21
21317170,246,64,112,2006.0,9225.0,1815.0,0.18317,1.675934,ZAF,DNK,21
21317171,246,64,112,1994.0,1874849.0,166682.0,0.281213,1.268048,ZAF,DNK,21
21317172,246,64,112,1974.0,2613.0,0.0,-0.102042,0.454016,ZAF,DNK,21
21317173,246,64,112,1962.0,75069.0,1752.0,-0.251436,-0.397173,ZAF,DNK,21
21317174,246,64,112,1969.0,18463.0,29541.0,-0.40555399999999997,-0.441754,ZAF,DNK,21
21317175,246,64,112,1970.0,35054.0,9738.0,-0.29643400000000003,-0.174902,ZAF,DNK,21
21317176,246,64,112,1971.0,1122.0,0.0,-0.285408,-0.146573,ZAF,DNK,21
21317177,246,64,112,1972.0,402449.0,0.0,-0.204493,-0.072782,ZAF,DNK,21
21317178,246,64,112,1973.0,8329262.0,9031.0,-0.349024,-0.13178399999999998,ZAF,DNK,21
21317179,246,64,112,1998.0,620509.0,0.0,0.344798,1.580124,ZAF,DNK,21
21317180,246,64,112,1999.0,477511.0,0.0,0.23824,1.711371,ZAF,DNK,21
21317181,246,64,112,2000.0,5872.0,165576.0,0.304739,2.2212709999999998,ZAF,DNK,21
21317182,246,64,112,1979.0,18553.0,87650.0,-0.021409,0.761867,ZAF,DNK,21
21317183,246,64,112,1968.0,15456.0,0.0,-0.397811,-0.621199,ZAF,DNK,21
21317184,246,64,112,1963.0,86708.0,7020.0,-0.352962,-0.444208,ZAF,DNK,21
21317185,246,64,112,1964.0,148125.0,32688.0,-0.31401599999999996,-0.400542,ZAF,DNK,21
21317186,246,64,112,1965.0,59326.0,47427.0,-0.369921,-0.421292,ZAF,DNK,21
21317187,246,64,112,1966.0,117466.0,6235.0,-0.28327600000000003,-0.44107799999999997,ZAF,DNK,21
21317188,246,64,112,1967.0,21252.0,0.0,-0.27574899999999997,-0.416142,ZAF,DNK,21
21317189,246,64,112,1980.0,5859.0,164276.0,0.031020999999999996,0.60774,ZAF,DNK,21
21317190,246,64,112,1977.0,0.0,23898.0,0.14260499999999998,0.5314989999999999,ZAF,DNK,21
21317191,246,64,112,1978.0,6011.0,8061.0,0.07108099999999999,0.441457,ZAF,DNK,21
21317192,246,64,112,1984.0,5247.0,0.0,0.200321,0.8715620000000001,ZAF,DNK,21
21317193,246,64,112,1985.0,1350.0,0.0,0.097264,0.7663409999999999,ZAF,DNK,21
21317194,246,64,112,1987.0,1822.0,0.0,-0.12222899999999999,0.46593599999999996,ZAF,DNK,21
21317195,246,64,112,1988.0,1110.0,0.0,-0.14610499999999998,0.304117,ZAF,DNK,21
21317196,247,64,112,2009.0,1015.0,0.0,-0.911732,-0.905381,ZMB,DNK,21
21317197,247,64,112,2010.0,8939.0,0.0,-0.786367,-0.900474,ZMB,DNK,21
21317198,247,64,112,2013.0,2258.0,0.0,-0.293192,-0.42930100000000004,ZMB,DNK,21
21317199,247,64,112,2019.0,1830.0,0.0,-0.7991229999999999,-0.895366,ZMB,DNK,21
21317200,248,64,112,2010.0,8315.0,0.0,-0.767483,-0.670297,ZWE,DNK,21
21317201,248,64,112,2009.0,3275.0,0.0,-0.628495,-0.501687,ZWE,DNK,21
21317202,248,64,112,2000.0,2042.0,0.0,-0.43871899999999997,0.491989,ZWE,DNK,21
21317203,248,64,112,1990.0,1022.0,0.0,-0.10928900000000001,-0.068155,ZWE,DNK,21
21317204,248,64,112,2019.0,1009.0,0.0,-0.904069,-1.024506,ZWE,DNK,21
21317205,248,64,112,2017.0,4490.0,0.0,-1.101034,-1.107705,ZWE,DNK,21
21317206,248,64,112,2018.0,23923.0,0.0,-1.071621,-1.112033,ZWE,DNK,21
21317207,248,64,112,1965.0,4771.0,0.0,-0.530569,-0.730117,ZWE,DNK,21
21317208,248,64,112,1983.0,2754.0,0.0,-0.547225,-0.713026,ZWE,DNK,21
21317209,249,64,112,2016.0,0.0,128489.0,2.028455,1.271167,TWN,DNK,21
21317210,249,64,112,2020.0,5877.0,0.0,2.043519,1.072238,TWN,DNK,21
21317211,249,64,112,2011.0,0.0,541611.0,1.769091,1.196232,TWN,DNK,21
21317212,249,64,112,2009.0,0.0,195717.0,1.625275,1.0083360000000001,TWN,DNK,21
21317213,249,64,112,2010.0,0.0,901946.0,1.7498939999999998,1.027708,TWN,DNK,21
21317214,249,64,112,2013.0,0.0,92962.0,1.7382849999999999,0.9917739999999999,TWN,DNK,21
21317215,249,64,112,2014.0,0.0,126428.0,1.850481,1.081809,TWN,DNK,21
21317216,249,64,112,2005.0,1831.0,0.0,1.725238,1.214178,TWN,DNK,21
21317217,249,64,112,2007.0,0.0,92089.0,1.618424,1.09296,TWN,DNK,21
21317218,249,64,112,2008.0,0.0,242195.0,1.609569,1.054247,TWN,DNK,21
21317219,249,64,112,2015.0,0.0,1177879.0,2.005274,1.3042690000000001,TWN,DNK,21
21317220,249,64,112,2001.0,0.0,128499.0,1.7270020000000001,1.252843,TWN,DNK,21
21317221,249,64,112,2002.0,4185.0,22190.0,1.9084720000000002,1.253714,TWN,DNK,21
21317222,249,64,112,2000.0,2540.0,601744.0,1.642139,1.2375639999999999,TWN,DNK,21
21317223,249,64,112,2003.0,0.0,30947.0,1.885491,1.218259,TWN,DNK,21
21317224,249,64,112,1989.0,0.0,3283696.0,1.245347,1.703782,TWN,DNK,21
21317225,249,64,112,1990.0,0.0,915245.0,1.3199290000000001,1.74427,TWN,DNK,21
21317226,249,64,112,1991.0,0.0,2948504.0,1.339935,1.785738,TWN,DNK,21
21317227,249,64,112,1992.0,0.0,960831.0,1.3694790000000001,1.6227559999999999,TWN,DNK,21
21317228,249,64,112,1998.0,0.0,164917.0,1.457882,1.4925680000000001,TWN,DNK,21
21317229,249,64,112,1999.0,0.0,152799.0,1.575558,1.3365719999999999,TWN,DNK,21
21317230,249,64,112,1994.0,2058.0,769807.0,1.638657,1.695454,TWN,DNK,21
21317231,249,64,112,1997.0,2641.0,758576.0,1.557128,1.434424,TWN,DNK,21
21317232,249,64,112,1993.0,0.0,455091.0,1.500474,1.620057,TWN,DNK,21
21317233,249,64,112,1996.0,0.0,752331.0,1.7375779999999998,1.4625860000000002,TWN,DNK,21
21317234,249,64,112,1995.0,0.0,735691.0,1.494797,1.5116559999999999,TWN,DNK,21
21317235,249,64,112,1985.0,0.0,30171.0,1.171102,1.856871,TWN,DNK,21
21317236,249,64,112,1986.0,0.0,51794.0,1.2396129999999999,1.6809599999999998,TWN,DNK,21
21317237,249,64,112,1988.0,0.0,888849.0,1.121225,1.782471,TWN,DNK,21
21317238,249,64,112,1987.0,0.0,946543.0,1.2953459999999999,1.688534,TWN,DNK,21
21317239,250,64,112,1975.0,0.0,10531.0,0.25750500000000004,0.41504300000000005,ANS,DNK,21
21317240,250,64,112,1965.0,7255.0,0.0,1.061515,0.128385,ANS,DNK,21
21317241,250,64,112,1969.0,1761.0,0.0,0.662086,0.242439,ANS,DNK,21
21317242,250,64,112,1963.0,0.0,1048.0,-0.084131,-0.204178,ANS,DNK,21
21317243,250,64,112,1964.0,32373.0,1111.0,0.034675,-0.21648499999999998,ANS,DNK,21
21317244,250,64,112,1968.0,1397.0,0.0,0.8133859999999999,0.47075900000000004,ANS,DNK,21
21317245,250,64,112,1985.0,1242.0,0.0,0.9177069999999999,1.0158559999999999,ANS,DNK,21
21317246,250,64,112,1978.0,0.0,34217.0,0.416229,0.27037100000000003,ANS,DNK,21
21317247,250,64,112,1992.0,0.0,100300.0,0.989994,0.977453,ANS,DNK,21
21317248,250,64,112,1993.0,0.0,61765.0,1.129646,0.635549,ANS,DNK,21
21317249,250,64,112,1984.0,0.0,1227.0,0.71102,0.5664560000000001,ANS,DNK,21
21317250,250,64,112,1988.0,1346.0,17054.0,0.373583,0.43471499999999996,ANS,DNK,21
21317251,250,64,112,1987.0,1359.0,0.0,0.656133,0.787391,ANS,DNK,21
21317252,6,65,112,1996.0,0.0,3045.0,-0.2426,-0.701334,ANT,DOM,21
21317253,8,65,112,2003.0,368157.0,0.0,0.045321,0.659799,ARG,DOM,21
21317254,8,65,112,2004.0,130050.0,0.0,-0.070845,0.879574,ARG,DOM,21
21317255,8,65,112,2018.0,14642.0,0.0,-0.239502,0.297865,ARG,DOM,21
21317256,8,65,112,2020.0,103121.0,0.0,-0.22448200000000001,0.082711,ARG,DOM,21
21317257,8,65,112,2002.0,428464.0,0.0,0.045376,0.71768,ARG,DOM,21
21317258,18,65,112,1974.0,0.0,11852.0,1.38634,1.794044,BEL,DOM,21
21317259,22,65,112,2007.0,0.0,63976.0,-0.593223,-0.6573060000000001,BGD,DOM,21
21317260,22,65,112,2008.0,0.0,21911.0,-0.5979479999999999,-0.74946,BGD,DOM,21
21317261,22,65,112,2006.0,0.0,37097.0,-0.776517,-0.874408,BGD,DOM,21
21317262,25,65,112,2011.0,0.0,44699.0,0.22686199999999998,-0.477087,BHS,DOM,21
21317263,26,65,112,2015.0,0.0,158790.0,0.5315340000000001,0.992734,BIH,DOM,21
21317264,26,65,112,2016.0,0.0,1138793.0,0.693416,0.8723540000000001,BIH,DOM,21
21317265,31,65,112,2006.0,185267.0,0.0,-0.9174540000000001,-0.8314729999999999,BOL,DOM,21
21317266,31,65,112,2014.0,0.0,31636.0,-1.200516,-1.052286,BOL,DOM,21
21317267,31,65,112,2007.0,91211.0,0.0,-0.922695,-0.878806,BOL,DOM,21
21317268,32,65,112,2010.0,2661.0,0.0,0.441241,0.953598,BRA,DOM,21
21317269,32,65,112,2014.0,32315.0,0.0,0.23286700000000002,0.968366,BRA,DOM,21
21317270,32,65,112,2003.0,224558.0,0.0,0.636739,1.422593,BRA,DOM,21
21317271,32,65,112,2004.0,310153.0,7865.0,0.504233,1.567879,BRA,DOM,21
21317272,32,65,112,2005.0,8554.0,0.0,0.659417,1.464387,BRA,DOM,21
21317273,32,65,112,2006.0,988510.0,34150.0,0.622959,1.413527,BRA,DOM,21
21317274,32,65,112,2007.0,359574.0,0.0,0.51831,1.614108,BRA,DOM,21
21317275,32,65,112,2008.0,6674.0,0.0,0.385655,1.418048,BRA,DOM,21
21317276,32,65,112,2015.0,49755.0,0.0,0.199345,1.110105,BRA,DOM,21
21317277,39,65,112,2008.0,0.0,22000.0,0.608796,1.235243,CAN,DOM,21
21317278,39,65,112,2011.0,58272.0,0.0,0.574688,1.360723,CAN,DOM,21
21317279,39,65,112,2012.0,65578.0,0.0,0.630575,1.28653,CAN,DOM,21
21317280,39,65,112,2013.0,0.0,56285.0,0.599305,1.193591,CAN,DOM,21
21317281,39,65,112,2014.0,0.0,26014.0,0.6145430000000001,1.1815360000000001,CAN,DOM,21
21317282,39,65,112,2019.0,2096.0,10290.0,0.668167,1.395249,CAN,DOM,21
21317283,39,65,112,2020.0,1535.0,0.0,0.56684,1.419845,CAN,DOM,21
21317284,39,65,112,2000.0,91844.0,0.0,1.069101,1.284017,CAN,DOM,21
21317285,39,65,112,1972.0,0.0,7135.0,0.7159800000000001,0.9742540000000001,CAN,DOM,21
21317286,39,65,112,1971.0,0.0,4780.0,0.543049,0.772374,CAN,DOM,21
21317287,39,65,112,1973.0,0.0,6812.0,0.42271000000000003,0.632899,CAN,DOM,21
21317288,39,65,112,1991.0,17180.0,0.0,0.808699,1.087207,CAN,DOM,21
21317289,39,65,112,1995.0,0.0,74626.0,0.975289,1.135701,CAN,DOM,21
21317290,39,65,112,1997.0,0.0,13157.0,0.928586,1.3413389999999998,CAN,DOM,21
21317291,39,65,112,1979.0,32025.0,0.0,0.756833,1.349624,CAN,DOM,21
21317292,39,65,112,1981.0,20734.0,0.0,0.745727,1.587553,CAN,DOM,21
21317293,39,65,112,1989.0,162702.0,0.0,0.7961729999999999,1.09309,CAN,DOM,21
21317294,39,65,112,1994.0,0.0,104261.0,0.9270709999999999,1.126737,CAN,DOM,21
21317295,39,65,112,1996.0,0.0,184680.0,0.970932,1.111111,CAN,DOM,21
21317296,39,65,112,1980.0,30228.0,0.0,0.704567,1.4515790000000002,CAN,DOM,21
21317297,39,65,112,1988.0,23243.0,36582.0,0.8190810000000001,1.1273030000000002,CAN,DOM,21
21317298,39,65,112,1990.0,512127.0,9133.0,0.804563,1.115479,CAN,DOM,21
21317299,39,65,112,1993.0,0.0,22558.0,0.8763719999999999,1.213496,CAN,DOM,21
21317300,39,65,112,1992.0,0.0,941.0,0.74703,1.096791,CAN,DOM,21
21317301,39,65,112,1986.0,5992.0,0.0,0.799175,1.262781,CAN,DOM,21
21317302,41,65,112,2000.0,56752.0,0.0,2.268929,0.538191,CHE,DOM,21
21317303,41,65,112,1973.0,998.0,0.0,2.271348,1.7570270000000001,CHE,DOM,21
21317304,42,65,112,2013.0,0.0,20606.0,-0.184556,-0.238657,CHL,DOM,21
21317305,43,65,112,2003.0,0.0,6506.0,0.643677,2.033847,CHN,DOM,21
21317306,43,65,112,2004.0,0.0,76733.0,0.710603,2.017234,CHN,DOM,21
21317307,43,65,112,2005.0,1913.0,48711.0,0.757865,1.9117669999999998,CHN,DOM,21
21317308,43,65,112,2007.0,123457.0,213294.0,0.904272,1.537654,CHN,DOM,21
21317309,43,65,112,2008.0,0.0,40924.0,0.988158,1.443506,CHN,DOM,21
21317310,43,65,112,2012.0,0.0,563753.0,1.2170590000000001,0.584412,CHN,DOM,21
21317311,43,65,112,2013.0,1225.0,659690.0,1.24864,0.667713,CHN,DOM,21
21317312,43,65,112,2009.0,0.0,13974.0,0.9740489999999999,1.416985,CHN,DOM,21
21317313,43,65,112,2010.0,7989.0,143103.0,1.047792,1.3791280000000001,CHN,DOM,21
21317314,43,65,112,2011.0,0.0,347339.0,1.185758,1.021932,CHN,DOM,21
21317315,43,65,112,2014.0,0.0,221248.0,1.316443,0.35039899999999996,CHN,DOM,21
21317316,43,65,112,2015.0,4051.0,723194.0,1.251258,1.091683,CHN,DOM,21
21317317,43,65,112,2016.0,4440.0,261843.0,1.249079,1.151045,CHN,DOM,21
21317318,43,65,112,2017.0,1524.0,166345.0,1.2888030000000001,0.9250700000000001,CHN,DOM,21
21317319,43,65,112,2020.0,52053.0,0.0,1.2995780000000001,0.625046,CHN,DOM,21
21317320,43,65,112,2006.0,1056564.0,193491.0,0.842242,1.7392740000000002,CHN,DOM,21
21317321,49,65,112,1994.0,2375.0,107294.0,-0.065624,0.127881,COL,DOM,21
21317322,49,65,112,1999.0,12202.0,0.0,0.055667999999999995,0.10688399999999999,COL,DOM,21
21317323,49,65,112,2005.0,1832525.0,0.0,0.088961,0.439691,COL,DOM,21
21317324,49,65,112,2007.0,721951.0,0.0,0.18592,0.6842050000000001,COL,DOM,21
21317325,49,65,112,2009.0,16791.0,0.0,0.335319,0.397976,COL,DOM,21
21317326,49,65,112,2011.0,18856.0,109642.0,0.04828,-0.27652600000000005,COL,DOM,21
21317327,49,65,112,2012.0,1311.0,0.0,0.034488,-0.340545,COL,DOM,21
21317328,49,65,112,1992.0,0.0,43684.0,0.022895,0.22971799999999998,COL,DOM,21
21317329,49,65,112,1998.0,6010.0,0.0,0.045649,0.11751400000000001,COL,DOM,21
21317330,49,65,112,2004.0,946228.0,0.0,0.044706,0.514304,COL,DOM,21
21317331,49,65,112,1993.0,0.0,393000.0,-0.052613,0.071123,COL,DOM,21
21317332,49,65,112,2006.0,580234.0,0.0,0.162228,0.550616,COL,DOM,21
21317333,52,65,112,2008.0,107455.0,0.0,0.102978,-0.154002,CRI,DOM,21
21317334,52,65,112,2009.0,254451.0,0.0,0.054242,-0.44236400000000003,CRI,DOM,21
21317335,52,65,112,2010.0,43942.0,0.0,0.061551,-0.632468,CRI,DOM,21
21317336,52,65,112,2011.0,67130.0,0.0,0.21162199999999998,-0.44220699999999996,CRI,DOM,21
21317337,52,65,112,2012.0,27916.0,0.0,0.24381799999999998,-0.560793,CRI,DOM,21
21317338,52,65,112,2013.0,103238.0,0.0,0.208669,-0.54783,CRI,DOM,21
21317339,52,65,112,2014.0,420199.0,0.0,0.13936500000000002,-0.573277,CRI,DOM,21
21317340,52,65,112,2015.0,184408.0,0.0,0.264454,0.076734,CRI,DOM,21
21317341,52,65,112,2016.0,65516.0,0.0,0.28594400000000003,0.131024,CRI,DOM,21
21317342,52,65,112,1999.0,0.0,21175.0,-0.224167,-0.231829,CRI,DOM,21
21317343,52,65,112,1992.0,1503942.0,0.0,0.11654,0.191873,CRI,DOM,21
21317344,52,65,112,1993.0,308346.0,0.0,-0.009969,0.24661100000000002,CRI,DOM,21
21317345,52,65,112,2001.0,0.0,1035536.0,0.07408200000000001,0.126368,CRI,DOM,21
21317346,52,65,112,2002.0,265667.0,127179.0,0.083983,-0.096237,CRI,DOM,21
21317347,52,65,112,2004.0,140043.0,147898.0,-0.036323,-0.313847,CRI,DOM,21
21317348,52,65,112,2003.0,563743.0,125081.0,-0.013402,-0.353043,CRI,DOM,21
21317349,52,65,112,2000.0,0.0,108927.0,-0.136989,-0.190298,CRI,DOM,21
21317350,52,65,112,2005.0,313390.0,0.0,0.073229,-0.25491199999999997,CRI,DOM,21
21317351,52,65,112,2006.0,99983.0,0.0,0.07128999999999999,-0.24274400000000002,CRI,DOM,21
21317352,52,65,112,2007.0,154637.0,0.0,0.093189,-0.19225899999999999,CRI,DOM,21
21317353,52,65,112,1989.0,24926.0,41854.0,0.038611,0.17060799999999998,CRI,DOM,21
21317354,52,65,112,1987.0,0.0,34192.0,0.383776,0.194731,CRI,DOM,21
21317355,52,65,112,1991.0,651020.0,0.0,-0.07827,0.026021,CRI,DOM,21
21317356,52,65,112,1990.0,1043008.0,0.0,0.039152,0.178811,CRI,DOM,21
21317357,54,65,112,2009.0,0.0,8012.0,-0.11006700000000001,-0.872604,CUB,DOM,21
21317358,54,65,112,2011.0,0.0,49094.0,-0.41401499999999997,-1.000142,CUB,DOM,21
21317359,54,65,112,2012.0,0.0,215459.0,0.081568,-0.690941,CUB,DOM,21
21317360,54,65,112,2008.0,0.0,12403.0,-0.392295,-1.0109549999999998,CUB,DOM,21
21317361,61,65,112,1995.0,0.0,16148.0,2.4218,-2.412578,DEU,DOM,21
21317362,61,65,112,1989.0,6010.0,0.0,2.23201,-2.161829,DEU,DOM,21
21317363,61,65,112,1991.0,0.0,3414.0,2.3225700000000002,-2.126672,DEU,DOM,21
21317364,61,65,112,2003.0,0.0,1486.0,2.409758,-2.243778,DEU,DOM,21
21317365,61,65,112,2006.0,473557.0,0.0,2.135679,-2.933329,DEU,DOM,21
21317366,61,65,112,2010.0,0.0,13151.0,2.115004,-3.3083650000000002,DEU,DOM,21
21317367,61,65,112,2011.0,0.0,120029.0,2.057418,-3.459737,DEU,DOM,21
21317368,61,65,112,2012.0,0.0,200082.0,1.977443,-3.692254,DEU,DOM,21
21317369,61,65,112,1962.0,0.0,2730.0,2.4106549999999998,-0.518005,DEU,DOM,21
21317370,61,65,112,1966.0,0.0,9247.0,2.355407,-1.375067,DEU,DOM,21
21317371,61,65,112,1968.0,0.0,36097.0,2.2253979999999998,-1.8081060000000002,DEU,DOM,21
21317372,61,65,112,1969.0,0.0,2695.0,2.314731,-1.690981,DEU,DOM,21
21317373,61,65,112,1974.0,0.0,17153.0,1.927656,-3.9276720000000003,DEU,DOM,21
21317374,64,65,112,1989.0,107061.0,0.0,1.582175,1.569325,DNK,DOM,21
21317375,64,65,112,2000.0,107799.0,0.0,1.312843,1.4304370000000002,DNK,DOM,21
21317376,64,65,112,1983.0,70101.0,0.0,1.40949,1.7753860000000001,DNK,DOM,21
21317377,64,65,112,1984.0,7552.0,0.0,1.472334,1.685285,DNK,DOM,21
21317378,64,65,112,1986.0,474570.0,0.0,1.5491219999999999,1.788502,DNK,DOM,21
21317379,64,65,112,1987.0,450496.0,0.0,1.566468,1.7916279999999998,DNK,DOM,21
21317380,64,65,112,1988.0,363433.0,0.0,1.57124,1.636976,DNK,DOM,21
21317381,68,65,112,2007.0,0.0,65484.0,-0.235285,0.627879,EGY,DOM,21
21317382,68,65,112,2014.0,0.0,27776.0,-0.036009,2.027503,EGY,DOM,21
21317383,68,65,112,2018.0,0.0,14101.0,-0.093935,1.6368610000000001,EGY,DOM,21
21317384,71,65,112,2004.0,4232.0,0.0,1.04057,1.789023,ESP,DOM,21
21317385,71,65,112,2010.0,21864.0,62941.0,0.992818,1.6100700000000001,ESP,DOM,21
21317386,71,65,112,2012.0,0.0,48467.0,0.925701,1.8700189999999999,ESP,DOM,21
21317387,71,65,112,2013.0,2193.0,8010.0,0.955472,1.80005,ESP,DOM,21
21317388,71,65,112,2011.0,1799.0,51644.0,0.9554520000000001,1.846371,ESP,DOM,21
21317389,71,65,112,2001.0,0.0,10886.0,1.1380350000000001,1.7870139999999999,ESP,DOM,21
21317390,71,65,112,1992.0,9916.0,0.0,1.301511,1.730441,ESP,DOM,21
21317391,71,65,112,2008.0,22268.0,393839.0,0.96614,1.618105,ESP,DOM,21
21317392,71,65,112,2006.0,252774.0,15191.0,0.9909459999999999,1.785809,ESP,DOM,21
21317393,71,65,112,2007.0,8408.0,390584.0,1.0031809999999999,1.5022469999999999,ESP,DOM,21
21317394,71,65,112,1994.0,0.0,24578.0,1.254037,1.8126259999999998,ESP,DOM,21
21317395,71,65,112,1996.0,0.0,21140.0,1.157591,1.795643,ESP,DOM,21
21317396,71,65,112,2003.0,0.0,71196.0,1.046206,1.869592,ESP,DOM,21
21317397,71,65,112,1987.0,0.0,42368.0,1.1571069999999999,2.103481,ESP,DOM,21
21317398,71,65,112,1972.0,1407.0,0.0,0.9582149999999999,1.7064110000000001,ESP,DOM,21
21317399,71,65,112,1969.0,0.0,72217.0,1.081226,1.700386,ESP,DOM,21
21317400,71,65,112,1968.0,0.0,1104.0,0.781529,1.259275,ESP,DOM,21
21317401,71,65,112,1974.0,1168.0,0.0,0.888235,2.233851,ESP,DOM,21
21317402,74,65,112,1989.0,10268.0,0.0,1.82413,1.400048,FIN,DOM,21
21317403,74,65,112,1986.0,69201.0,0.0,1.810314,1.5777370000000002,FIN,DOM,21
21317404,77,65,112,1992.0,5697.0,0.0,1.682766,1.2713430000000001,FRA,DOM,21
21317405,77,65,112,2005.0,68832.0,0.0,1.525785,0.543208,FRA,DOM,21
21317406,77,65,112,1996.0,0.0,2732.0,1.571365,1.187529,FRA,DOM,21
21317407,77,65,112,2004.0,86032.0,0.0,1.57079,0.6776760000000001,FRA,DOM,21
21317408,77,65,112,2006.0,23573.0,0.0,1.499686,0.16705699999999998,FRA,DOM,21
21317409,77,65,112,2007.0,192975.0,0.0,1.413086,-0.07526000000000001,FRA,DOM,21
21317410,77,65,112,2008.0,39035.0,0.0,1.488816,-0.452563,FRA,DOM,21
21317411,77,65,112,2020.0,0.0,86188.0,1.2875159999999999,0.9690559999999999,FRA,DOM,21
21317412,77,65,112,1969.0,0.0,6053.0,1.8168810000000002,1.280003,FRA,DOM,21
21317413,81,65,112,1988.0,408727.0,0.0,1.8213439999999999,1.159216,GBR,DOM,21
21317414,81,65,112,2004.0,0.0,15800.0,1.872987,0.734065,GBR,DOM,21
21317415,81,65,112,1989.0,77251.0,0.0,1.832586,1.199455,GBR,DOM,21
21317416,81,65,112,2008.0,701314.0,0.0,1.7116040000000001,0.286571,GBR,DOM,21
21317417,81,65,112,2005.0,0.0,8941.0,1.828858,0.71685,GBR,DOM,21
21317418,81,65,112,2006.0,856409.0,0.0,1.8509779999999998,0.674074,GBR,DOM,21
21317419,81,65,112,2016.0,30218.0,0.0,1.569616,1.048129,GBR,DOM,21
21317420,81,65,112,1971.0,0.0,2233.0,2.1646669999999997,0.034970999999999995,GBR,DOM,21
21317421,81,65,112,1983.0,12580.0,0.0,1.7667669999999998,0.944868,GBR,DOM,21
21317422,81,65,112,1984.0,305079.0,0.0,1.757537,1.1518549999999999,GBR,DOM,21
21317423,81,65,112,1986.0,242013.0,39128.0,1.804693,1.67285,GBR,DOM,21
21317424,81,65,112,1987.0,1018728.0,0.0,1.892367,1.56269,GBR,DOM,21
21317425,81,65,112,1982.0,10718.0,0.0,1.7869009999999999,0.13969600000000001,GBR,DOM,21
21317426,86,65,112,1992.0,0.0,686.0,0.68221,-0.319682,GLP,DOM,21
21317427,86,65,112,1993.0,0.0,3091.0,0.45252,-0.259098,GLP,DOM,21
21317428,93,65,112,2018.0,33072.0,0.0,-0.321177,0.6339090000000001,GTM,DOM,21
21317429,93,65,112,1997.0,0.0,154008.0,-0.17965,0.23698200000000003,GTM,DOM,21
21317430,97,65,112,1995.0,0.0,316956.0,0.5372060000000001,1.6845279999999998,HKG,DOM,21
21317431,97,65,112,2009.0,0.0,22076.0,0.685573,1.199315,HKG,DOM,21
21317432,97,65,112,2014.0,0.0,17360.0,0.9198440000000001,1.257131,HKG,DOM,21
21317433,97,65,112,1994.0,0.0,228351.0,0.709601,2.076227,HKG,DOM,21
21317434,97,65,112,1996.0,0.0,101256.0,0.699041,1.8341720000000001,HKG,DOM,21
21317435,97,65,112,1997.0,0.0,68865.0,0.475945,1.7576919999999998,HKG,DOM,21
21317436,97,65,112,1999.0,0.0,118920.0,0.553521,1.504111,HKG,DOM,21
21317437,97,65,112,2000.0,0.0,50029.0,0.564112,1.776282,HKG,DOM,21
21317438,97,65,112,2001.0,0.0,55571.0,0.639538,1.5157610000000001,HKG,DOM,21
21317439,97,65,112,2002.0,0.0,17997.0,0.704932,1.291658,HKG,DOM,21
21317440,97,65,112,2003.0,0.0,241870.0,0.64249,1.2309379999999999,HKG,DOM,21
21317441,97,65,112,2004.0,0.0,493034.0,0.72816,1.403171,HKG,DOM,21
21317442,97,65,112,2011.0,0.0,1046001.0,0.864772,1.1197139999999999,HKG,DOM,21
21317443,97,65,112,2013.0,0.0,253594.0,0.791401,1.249845,HKG,DOM,21
21317444,97,65,112,2015.0,64505.0,29306.0,1.011511,1.2510059999999998,HKG,DOM,21
21317445,97,65,112,2016.0,29296.0,26162.0,0.877619,1.0765790000000002,HKG,DOM,21
21317446,97,65,112,2017.0,0.0,1593.0,0.877065,1.1615520000000001,HKG,DOM,21
21317447,97,65,112,2018.0,0.0,1758.0,0.8625149999999999,1.21001,HKG,DOM,21
21317448,97,65,112,2005.0,0.0,150062.0,0.68858,1.266274,HKG,DOM,21
21317449,97,65,112,2006.0,496379.0,4161.0,0.63347,1.276634,HKG,DOM,21
21317450,97,65,112,2007.0,338476.0,71468.0,0.756476,1.286757,HKG,DOM,21
21317451,97,65,112,2008.0,0.0,136533.0,0.786315,1.316726,HKG,DOM,21
21317452,97,65,112,2010.0,0.0,958911.0,0.837134,1.189309,HKG,DOM,21
21317453,97,65,112,2012.0,0.0,844679.0,0.788308,1.029625,HKG,DOM,21
21317454,97,65,112,1987.0,64124.0,0.0,0.96283,1.5352059999999998,HKG,DOM,21
21317455,97,65,112,1984.0,0.0,56990.0,1.042478,1.688087,HKG,DOM,21
21317456,99,65,112,1997.0,0.0,8857.0,-0.7449319999999999,-0.50008,HND,DOM,21
21317457,100,65,112,2015.0,0.0,2283.0,0.7372449999999999,1.3948200000000002,HRV,DOM,21
21317458,100,65,112,2001.0,0.0,32049.0,0.6315729999999999,1.169338,HRV,DOM,21
21317459,100,65,112,2002.0,0.0,12652.0,0.603546,1.273001,HRV,DOM,21
21317460,101,65,112,2009.0,0.0,34698.0,-0.9793229999999999,-1.100608,HTI,DOM,21
21317461,101,65,112,1996.0,0.0,388529.0,-0.7161029999999999,-0.737263,HTI,DOM,21
21317462,101,65,112,1973.0,0.0,1964.0,0.538515,0.179558,HTI,DOM,21
21317463,101,65,112,1997.0,0.0,127350.0,-0.6864100000000001,-0.687077,HTI,DOM,21
21317464,101,65,112,1972.0,0.0,3349.0,0.38566999999999996,-0.182196,HTI,DOM,21
21317465,101,65,112,2008.0,0.0,10251.0,-0.913241,-1.021323,HTI,DOM,21
21317466,101,65,112,2006.0,0.0,26514.0,-0.8555889999999999,-1.017282,HTI,DOM,21
21317467,101,65,112,2007.0,0.0,7251.0,-0.718565,-1.026869,HTI,DOM,21
21317468,101,65,112,2016.0,0.0,20004.0,-1.046859,-1.016459,HTI,DOM,21
21317469,101,65,112,2014.0,0.0,93984.0,-0.894977,-1.0674379999999999,HTI,DOM,21
21317470,101,65,112,2015.0,0.0,56608.0,-1.009783,-0.9162520000000001,HTI,DOM,21
21317471,101,65,112,2013.0,0.0,12002.0,-0.627783,-0.8605309999999999,HTI,DOM,21
21317472,101,65,112,2003.0,0.0,52793.0,-1.045701,-0.959586,HTI,DOM,21
21317473,101,65,112,2010.0,0.0,31002.0,-0.756351,-1.0250629999999998,HTI,DOM,21
21317474,101,65,112,2011.0,0.0,42003.0,-0.925226,-1.030493,HTI,DOM,21
21317475,101,65,112,2002.0,0.0,20858.0,-0.837823,-0.834512,HTI,DOM,21
21317476,101,65,112,2004.0,0.0,3702.0,-0.919434,-0.9868950000000001,HTI,DOM,21
21317477,101,65,112,2005.0,0.0,17684.0,-0.959298,-0.9463719999999999,HTI,DOM,21
21317478,101,65,112,2001.0,0.0,95226.0,-0.8405809999999999,-0.8236399999999999,HTI,DOM,21
21317479,103,65,112,2019.0,0.0,170497.0,-0.004408,1.646785,IDN,DOM,21
21317480,103,65,112,2020.0,0.0,137501.0,-0.073974,1.965191,IDN,DOM,21
21317481,103,65,112,2017.0,0.0,115816.0,-0.072977,1.376847,IDN,DOM,21
21317482,103,65,112,2014.0,0.0,390188.0,0.068135,1.672437,IDN,DOM,21
21317483,103,65,112,2009.0,0.0,154575.0,-0.072777,1.4957200000000002,IDN,DOM,21
21317484,103,65,112,2010.0,0.0,30421.0,-0.071885,1.3853799999999998,IDN,DOM,21
21317485,103,65,112,2013.0,0.0,250663.0,-0.006876999999999999,1.8336569999999999,IDN,DOM,21
21317486,103,65,112,2015.0,0.0,12200.0,-0.01932,1.6612939999999998,IDN,DOM,21
21317487,103,65,112,2016.0,0.0,228856.0,-0.013630000000000001,1.744404,IDN,DOM,21
21317488,103,65,112,2018.0,0.0,52748.0,-0.0009939999999999999,1.417371,IDN,DOM,21
21317489,104,65,112,2009.0,100393.0,0.0,0.189371,2.48163,IND,DOM,21
21317490,104,65,112,2015.0,0.0,30773.0,0.23374499999999998,2.830277,IND,DOM,21
21317491,104,65,112,2018.0,0.0,18624.0,0.536561,2.450287,IND,DOM,21
21317492,104,65,112,2011.0,258088.0,99786.0,0.208119,2.513252,IND,DOM,21
21317493,104,65,112,2016.0,3602.0,67244.0,0.223813,2.787547,IND,DOM,21
21317494,104,65,112,2007.0,0.0,114554.0,0.27449,2.811626,IND,DOM,21
21317495,104,65,112,2012.0,0.0,3150.0,0.24883200000000003,2.463711,IND,DOM,21
21317496,104,65,112,2013.0,0.0,40747.0,0.18186,2.647598,IND,DOM,21
21317497,104,65,112,2014.0,0.0,84380.0,0.236316,2.659173,IND,DOM,21
21317498,104,65,112,2010.0,188863.0,38200.0,0.163603,2.471145,IND,DOM,21
21317499,104,65,112,2008.0,114503.0,21059.0,0.328291,2.96604,IND,DOM,21
21317500,104,65,112,2005.0,0.0,2572.0,0.23850700000000002,2.717123,IND,DOM,21
21317501,104,65,112,2006.0,0.0,34478.0,0.202078,2.594677,IND,DOM,21
21317502,106,65,112,1991.0,0.0,45828.0,1.458515,1.597335,IRL,DOM,21
21317503,106,65,112,2002.0,100767.0,0.0,1.7939310000000002,0.219254,IRL,DOM,21
21317504,111,65,112,1988.0,0.0,25016.0,1.730975,1.12053,ITA,DOM,21
21317505,111,65,112,1990.0,0.0,22188.0,1.7684220000000002,1.1535,ITA,DOM,21
21317506,111,65,112,1997.0,0.0,44922.0,1.596917,0.8313959999999999,ITA,DOM,21
21317507,111,65,112,2003.0,111143.0,1605789.0,1.453316,0.9161159999999999,ITA,DOM,21
21317508,111,65,112,2005.0,0.0,810046.0,1.463563,0.394074,ITA,DOM,21
21317509,111,65,112,2006.0,0.0,1604830.0,1.416017,0.161859,ITA,DOM,21
21317510,111,65,112,2007.0,0.0,1249235.0,1.4059469999999998,-0.257344,ITA,DOM,21
21317511,111,65,112,2008.0,33299.0,295111.0,1.3792790000000001,-0.261705,ITA,DOM,21
21317512,111,65,112,2009.0,1515.0,1257438.0,1.392902,-0.171999,ITA,DOM,21
21317513,111,65,112,2010.0,35221.0,1662104.0,1.416572,-0.054268,ITA,DOM,21
21317514,111,65,112,2011.0,0.0,883703.0,1.41076,-0.277438,ITA,DOM,21
21317515,111,65,112,2012.0,11954.0,299802.0,1.396626,-0.43950500000000003,ITA,DOM,21
21317516,111,65,112,2013.0,44558.0,309045.0,1.419383,-0.304402,ITA,DOM,21
21317517,111,65,112,2014.0,157743.0,972961.0,1.476328,-0.293302,ITA,DOM,21
21317518,111,65,112,2015.0,510104.0,719702.0,1.439387,0.302892,ITA,DOM,21
21317519,111,65,112,2016.0,12571.0,102418.0,1.461526,0.316891,ITA,DOM,21
21317520,111,65,112,2017.0,10252.0,0.0,1.4374559999999998,0.21079699999999998,ITA,DOM,21
21317521,111,65,112,2018.0,48650.0,8790.0,1.4594799999999999,0.05113,ITA,DOM,21
21317522,111,65,112,2019.0,21034.0,0.0,1.3590440000000001,0.5138189999999999,ITA,DOM,21
21317523,111,65,112,2020.0,8865.0,7954.0,1.335323,0.45980299999999996,ITA,DOM,21
21317524,111,65,112,1994.0,0.0,683902.0,1.70082,0.976709,ITA,DOM,21
21317525,111,65,112,1995.0,0.0,764732.0,1.650924,0.900234,ITA,DOM,21
21317526,111,65,112,1996.0,0.0,314061.0,1.591442,0.875201,ITA,DOM,21
21317527,111,65,112,1998.0,0.0,10851.0,1.559504,0.802303,ITA,DOM,21
21317528,111,65,112,2000.0,0.0,2197670.0,1.51508,0.818283,ITA,DOM,21
21317529,111,65,112,2001.0,3682.0,3667306.0,1.488545,0.8410610000000001,ITA,DOM,21
21317530,111,65,112,2002.0,13688.0,2500161.0,1.3944219999999998,1.125362,ITA,DOM,21
21317531,111,65,112,2004.0,174895.0,1607740.0,1.440372,0.676068,ITA,DOM,21
21317532,111,65,112,1965.0,0.0,5525.0,2.0409669999999998,2.302946,ITA,DOM,21
21317533,111,65,112,1966.0,0.0,9620.0,1.952043,2.257403,ITA,DOM,21
21317534,111,65,112,1969.0,0.0,7370.0,2.064301,1.562306,ITA,DOM,21
21317535,111,65,112,1963.0,2985.0,0.0,1.9434490000000002,2.354488,ITA,DOM,21
21317536,111,65,112,1964.0,0.0,7761.0,1.970029,2.32685,ITA,DOM,21
21317537,111,65,112,1968.0,0.0,3446.0,1.8991650000000002,1.865793,ITA,DOM,21
21317538,111,65,112,1970.0,0.0,8850.0,2.01175,1.512494,ITA,DOM,21
21317539,111,65,112,1979.0,0.0,1304.0,1.618028,1.0887790000000002,ITA,DOM,21
21317540,111,65,112,1967.0,0.0,1089.0,1.9909290000000002,1.899921,ITA,DOM,21
21317541,111,65,112,1972.0,0.0,25697.0,1.9394419999999999,1.579826,ITA,DOM,21
21317542,112,65,112,2006.0,0.0,149736.0,-0.280417,-0.9436829999999999,JAM,DOM,21
21317543,112,65,112,2007.0,0.0,102338.0,-0.39047800000000005,-0.952089,JAM,DOM,21
21317544,112,65,112,2005.0,0.0,30069.0,-0.356302,-0.9471290000000001,JAM,DOM,21
21317545,112,65,112,2008.0,0.0,30357.0,-0.269867,-0.9190139999999999,JAM,DOM,21
21317546,112,65,112,1998.0,0.0,18640.0,-0.6360600000000001,-0.8642709999999999,JAM,DOM,21
21317547,112,65,112,1997.0,0.0,134317.0,-0.6338739999999999,-0.838622,JAM,DOM,21
21317548,112,65,112,1996.0,0.0,103913.0,-0.64364,-0.8296379999999999,JAM,DOM,21
21317549,114,65,112,2002.0,62943.0,13183.0,2.7747580000000003,0.43663199999999996,JPN,DOM,21
21317550,114,65,112,2003.0,13999.0,25468.0,2.675147,0.30545500000000003,JPN,DOM,21
21317551,114,65,112,2008.0,45214.0,0.0,2.317756,-0.092927,JPN,DOM,21
21317552,121,65,112,2011.0,0.0,89454.0,1.7554029999999998,0.777291,KOR,DOM,21
21317553,121,65,112,1997.0,1733.0,0.0,1.2642,1.164231,KOR,DOM,21
21317554,121,65,112,1995.0,17370.0,0.0,1.04025,1.105256,KOR,DOM,21
21317555,121,65,112,2003.0,3666.0,0.0,1.367322,0.826994,KOR,DOM,21
21317556,121,65,112,1991.0,5855.0,0.0,0.820436,1.14649,KOR,DOM,21
21317557,124,65,112,2010.0,0.0,39344.0,0.47957,1.519688,LBN,DOM,21
21317558,124,65,112,2009.0,0.0,214008.0,0.5290159999999999,1.462026,LBN,DOM,21
21317559,134,65,112,2016.0,0.0,44213.0,-0.648329,-0.14071,MAR,DOM,21
21317560,134,65,112,1999.0,0.0,8275.0,-0.571919,-0.322212,MAR,DOM,21
21317561,134,65,112,1996.0,0.0,39513.0,-0.56512,-0.31006999999999996,MAR,DOM,21
21317562,138,65,112,2004.0,0.0,339033.0,1.183707,0.9043700000000001,MEX,DOM,21
21317563,138,65,112,2007.0,1345145.0,937221.0,1.345688,0.584543,MEX,DOM,21
21317564,138,65,112,1993.0,0.0,50615.0,0.968867,0.8437520000000001,MEX,DOM,21
21317565,138,65,112,2000.0,5137.0,771340.0,0.9020379999999999,0.671139,MEX,DOM,21
21317566,138,65,112,2012.0,0.0,2402675.0,1.166986,0.662798,MEX,DOM,21
21317567,138,65,112,2013.0,11800.0,1621640.0,1.2327219999999999,0.746108,MEX,DOM,21
21317568,138,65,112,2014.0,18195.0,3226866.0,1.292327,0.713879,MEX,DOM,21
21317569,138,65,112,2015.0,0.0,2907212.0,1.3519510000000001,0.641533,MEX,DOM,21
21317570,138,65,112,2016.0,2782.0,1626340.0,1.393506,0.64152,MEX,DOM,21
21317571,138,65,112,1995.0,0.0,104228.0,0.701416,1.037868,MEX,DOM,21
21317572,138,65,112,1996.0,0.0,610519.0,0.88569,1.044068,MEX,DOM,21
21317573,138,65,112,2001.0,8469.0,1741436.0,1.088661,0.680197,MEX,DOM,21
21317574,138,65,112,1997.0,0.0,2057722.0,0.7735350000000001,0.9161590000000001,MEX,DOM,21
21317575,138,65,112,1998.0,0.0,1782041.0,0.748267,0.834242,MEX,DOM,21
21317576,138,65,112,2002.0,52751.0,1132576.0,1.2677129999999999,0.599314,MEX,DOM,21
21317577,138,65,112,2003.0,156576.0,1077720.0,1.137143,0.732386,MEX,DOM,21
21317578,138,65,112,2005.0,0.0,1096801.0,1.346403,0.777366,MEX,DOM,21
21317579,138,65,112,2006.0,6191026.0,1171172.0,1.2996729999999999,0.655941,MEX,DOM,21
21317580,138,65,112,2008.0,0.0,703005.0,1.227848,0.722715,MEX,DOM,21
21317581,138,65,112,2009.0,56109.0,335305.0,1.203611,0.6819930000000001,MEX,DOM,21
21317582,138,65,112,2010.0,0.0,278568.0,1.25796,0.640552,MEX,DOM,21
21317583,138,65,112,2011.0,2706.0,1306874.0,1.031474,0.686634,MEX,DOM,21
21317584,138,65,112,1994.0,0.0,211831.0,1.0145629999999999,0.9349149999999999,MEX,DOM,21
21317585,138,65,112,1999.0,0.0,1169495.0,0.9303469999999999,0.79602,MEX,DOM,21
21317586,138,65,112,2018.0,1073.0,773112.0,1.272851,0.646359,MEX,DOM,21
21317587,138,65,112,1992.0,0.0,198885.0,0.9039370000000001,0.965842,MEX,DOM,21
21317588,138,65,112,1990.0,0.0,1286.0,0.852651,0.870721,MEX,DOM,21
21317589,138,65,112,1991.0,0.0,936602.0,0.833643,0.863466,MEX,DOM,21
21317590,138,65,112,1988.0,0.0,114969.0,0.878661,1.049591,MEX,DOM,21
21317591,138,65,112,1989.0,0.0,82149.0,0.802458,0.943542,MEX,DOM,21
21317592,159,65,112,2008.0,0.0,7011.0,-1.778615,-1.157746,NGA,DOM,21
21317593,159,65,112,2020.0,0.0,31875.0,-1.734357,-1.270669,NGA,DOM,21
21317594,160,65,112,2003.0,21422.0,0.0,-0.9133620000000001,-0.726861,NIC,DOM,21
21317595,162,65,112,1997.0,0.0,12910.0,1.327106,1.520932,NLD,DOM,21
21317596,162,65,112,1968.0,0.0,21766.0,1.4081620000000001,2.841383,NLD,DOM,21
21317597,162,65,112,1967.0,0.0,12975.0,1.476428,3.057667,NLD,DOM,21
21317598,162,65,112,1969.0,0.0,9920.0,1.415815,2.7428049999999997,NLD,DOM,21
21317599,168,65,112,2009.0,0.0,22652.0,-0.47254399999999996,0.487605,PAK,DOM,21
21317600,168,65,112,2013.0,4636.0,0.0,-0.697224,0.501576,PAK,DOM,21
21317601,168,65,112,2014.0,0.0,42034.0,-0.595946,0.493716,PAK,DOM,21
21317602,169,65,112,2010.0,3284.0,0.0,0.768137,0.9688620000000001,PAN,DOM,21
21317603,169,65,112,2013.0,14579.0,0.0,0.8719819999999999,1.038982,PAN,DOM,21
21317604,169,65,112,2011.0,4776.0,0.0,0.931114,1.1286559999999999,PAN,DOM,21
21317605,169,65,112,2012.0,55283.0,0.0,1.001878,1.18554,PAN,DOM,21
21317606,169,65,112,2014.0,22903.0,0.0,0.8997200000000001,0.9699139999999999,PAN,DOM,21
21317607,169,65,112,1999.0,22004.0,0.0,0.141153,0.46716899999999995,PAN,DOM,21
21317608,169,65,112,2004.0,3458.0,0.0,0.054997000000000004,0.440416,PAN,DOM,21
21317609,169,65,112,2019.0,0.0,4544.0,0.179538,-0.171578,PAN,DOM,21
21317610,169,65,112,2005.0,1353.0,0.0,0.064649,0.401525,PAN,DOM,21
21317611,174,65,112,2015.0,0.0,16578.0,0.8711559999999999,0.466128,PHL,DOM,21
21317612,179,65,112,2019.0,4507.0,0.0,0.631051,2.1439060000000003,PRT,DOM,21
21317613,179,65,112,2018.0,2436.0,0.0,0.787381,1.959475,PRT,DOM,21
21317614,179,65,112,1996.0,0.0,28713.0,0.49924799999999997,0.9969520000000001,PRT,DOM,21
21317615,179,65,112,2000.0,0.0,39155.0,0.624078,1.342565,PRT,DOM,21
21317616,179,65,112,2009.0,0.0,35183.0,0.646568,2.07749,PRT,DOM,21
21317617,179,65,112,2010.0,0.0,16942.0,0.6577729999999999,2.014923,PRT,DOM,21
21317618,179,65,112,2011.0,0.0,56968.0,0.6949810000000001,2.11536,PRT,DOM,21
21317619,179,65,112,2012.0,0.0,43102.0,0.697799,2.122262,PRT,DOM,21
21317620,179,65,112,2013.0,4683.0,13593.0,0.705087,2.2055580000000004,PRT,DOM,21
21317621,179,65,112,2014.0,9530.0,203086.0,0.763352,2.041559,PRT,DOM,21
21317622,179,65,112,2015.0,0.0,58453.0,0.7021930000000001,2.049657,PRT,DOM,21
21317623,179,65,112,2016.0,0.0,39823.0,0.661961,2.108517,PRT,DOM,21
21317624,179,65,112,2005.0,0.0,69588.0,0.6753170000000001,1.728788,PRT,DOM,21
21317625,180,65,112,2006.0,123373.0,0.0,-0.49234399999999995,-0.547616,PRY,DOM,21
21317626,180,65,112,2003.0,289099.0,0.0,-0.771252,-0.79923,PRY,DOM,21
21317627,180,65,112,2004.0,124118.0,0.0,-0.634469,-0.870034,PRY,DOM,21
21317628,180,65,112,2005.0,168110.0,0.0,-0.633889,-0.670996,PRY,DOM,21
21317629,185,65,112,2011.0,0.0,18013.0,0.9713860000000001,1.2369299999999999,ROU,DOM,21
21317630,197,65,112,1997.0,0.0,19909.0,-0.069039,-0.094938,SLV,DOM,21
21317631,197,65,112,1996.0,0.0,53495.0,-0.228625,-0.150274,SLV,DOM,21
21317632,207,65,112,2012.0,0.0,15931.0,1.4933049999999999,0.58207,SVN,DOM,21
21317633,207,65,112,2015.0,0.0,2428.0,1.5925639999999999,0.647173,SVN,DOM,21
21317634,208,65,112,1975.0,2770.0,0.0,1.971359,0.93884,SWE,DOM,21
21317635,213,65,112,2008.0,0.0,231603.0,0.981643,0.54374,TCA,DOM,21
21317636,216,65,112,2002.0,0.0,25474.0,0.513887,1.545967,THA,DOM,21
21317637,216,65,112,2003.0,0.0,13284.0,0.565552,1.554573,THA,DOM,21
21317638,216,65,112,2012.0,0.0,1660820.0,1.015684,1.20697,THA,DOM,21
21317639,216,65,112,2013.0,0.0,2466705.0,1.067287,1.2767110000000002,THA,DOM,21
21317640,216,65,112,2014.0,0.0,750110.0,1.111392,1.3500370000000002,THA,DOM,21
21317641,216,65,112,2015.0,0.0,305774.0,1.258262,1.078091,THA,DOM,21
21317642,216,65,112,2016.0,0.0,44220.0,1.3075860000000001,1.151426,THA,DOM,21
21317643,216,65,112,2004.0,0.0,268593.0,0.633501,1.4648290000000002,THA,DOM,21
21317644,216,65,112,2005.0,0.0,106629.0,0.6763060000000001,1.5179719999999999,THA,DOM,21
21317645,216,65,112,2006.0,0.0,179136.0,0.73283,1.419023,THA,DOM,21
21317646,216,65,112,2007.0,0.0,2079882.0,0.8744709999999999,1.303316,THA,DOM,21
21317647,216,65,112,2008.0,0.0,3083116.0,0.8565809999999999,1.377966,THA,DOM,21
21317648,216,65,112,2009.0,0.0,72293.0,0.891018,1.164574,THA,DOM,21
21317649,216,65,112,2010.0,0.0,429584.0,0.975297,1.292203,THA,DOM,21
21317650,216,65,112,2011.0,0.0,546108.0,1.0923049999999999,1.3365639999999999,THA,DOM,21
21317651,216,65,112,1994.0,0.0,18277.0,0.229846,1.497026,THA,DOM,21
21317652,216,65,112,1995.0,0.0,218374.0,0.249687,1.587885,THA,DOM,21
21317653,216,65,112,2001.0,0.0,187329.0,0.49264600000000003,1.493471,THA,DOM,21
21317654,216,65,112,1991.0,0.0,409811.0,0.076699,1.530476,THA,DOM,21
21317655,219,65,112,2010.0,0.0,140966.0,-0.8942969999999999,-1.118786,TKM,DOM,21
21317656,219,65,112,2011.0,0.0,64000.0,-1.167231,-1.205064,TKM,DOM,21
21317657,224,65,112,2011.0,0.0,2445696.0,0.593858,2.247072,TUR,DOM,21
21317658,224,65,112,2018.0,0.0,15049.0,0.5883510000000001,2.357541,TUR,DOM,21
21317659,224,65,112,2005.0,0.0,50571.0,0.284484,2.10348,TUR,DOM,21
21317660,224,65,112,2012.0,3950.0,572829.0,0.657573,1.969027,TUR,DOM,21
21317661,224,65,112,2014.0,0.0,1145172.0,0.6641600000000001,2.091193,TUR,DOM,21
21317662,224,65,112,2015.0,0.0,364644.0,0.462588,2.330971,TUR,DOM,21
21317663,224,65,112,2019.0,1111.0,0.0,0.601105,2.31712,TUR,DOM,21
21317664,224,65,112,2010.0,0.0,1005394.0,0.53661,2.161994,TUR,DOM,21
21317665,224,65,112,2016.0,0.0,886471.0,0.460247,2.3790400000000003,TUR,DOM,21
21317666,224,65,112,2009.0,0.0,686025.0,0.47585900000000003,2.221056,TUR,DOM,21
21317667,224,65,112,2008.0,0.0,1454903.0,0.518795,1.8095869999999998,TUR,DOM,21
21317668,224,65,112,2013.0,0.0,848158.0,0.580016,2.394812,TUR,DOM,21
21317669,224,65,112,2006.0,0.0,58331.0,0.41471,2.138217,TUR,DOM,21
21317670,224,65,112,2003.0,0.0,23507.0,0.168739,2.0307020000000002,TUR,DOM,21
21317671,224,65,112,2004.0,0.0,36691.0,0.249065,1.910598,TUR,DOM,21
21317672,227,65,112,2000.0,204845.0,0.0,-1.275188,-0.9400639999999999,UGA,DOM,21
21317673,228,65,112,2016.0,0.0,6264.0,0.240605,0.827153,UKR,DOM,21
21317674,228,65,112,2017.0,0.0,5204.0,0.34780900000000003,1.076817,UKR,DOM,21
21317675,228,65,112,2018.0,0.0,16689.0,0.3281,1.0037459999999998,UKR,DOM,21
21317676,228,65,112,2019.0,0.0,15979.0,0.263437,0.690283,UKR,DOM,21
21317677,228,65,112,2004.0,0.0,26203.0,0.672848,1.172735,UKR,DOM,21
21317678,230,65,112,2007.0,0.0,49915.0,0.138324,0.395436,URY,DOM,21
21317679,230,65,112,2008.0,0.0,52512.0,0.168969,0.310508,URY,DOM,21
21317680,230,65,112,2014.0,0.0,31217.0,0.155247,-0.091751,URY,DOM,21
21317681,231,65,112,1990.0,1734943.0,1566581.0,1.537887,1.72997,USA,DOM,21
21317682,231,65,112,1991.0,1824571.0,182477.0,1.6767419999999997,1.511651,USA,DOM,21
21317683,231,65,112,1992.0,1533793.0,50157.0,1.660693,1.289752,USA,DOM,21
21317684,231,65,112,1993.0,623284.0,209215.0,1.7574319999999999,1.02585,USA,DOM,21
21317685,231,65,112,1994.0,839843.0,51216.0,1.835279,0.860557,USA,DOM,21
21317686,231,65,112,1995.0,1321478.0,133841.0,1.798775,0.910509,USA,DOM,21
21317687,231,65,112,1996.0,1774170.0,238644.0,1.742391,1.003066,USA,DOM,21
21317688,231,65,112,1997.0,9033035.0,119763.0,1.875847,0.46257299999999996,USA,DOM,21
21317689,231,65,112,1999.0,7399935.0,1675.0,1.896707,0.37156,USA,DOM,21
21317690,231,65,112,2000.0,6222176.0,0.0,1.9869709999999998,0.021666,USA,DOM,21
21317691,231,65,112,2001.0,4127924.0,173193.0,1.96615,-0.12332699999999999,USA,DOM,21
21317692,231,65,112,2002.0,3243055.0,202414.0,1.853174,0.120986,USA,DOM,21
21317693,231,65,112,2003.0,4197487.0,334013.0,1.8209830000000002,0.085073,USA,DOM,21
21317694,231,65,112,2005.0,6465171.0,1017478.0,1.7455470000000002,-0.418916,USA,DOM,21
21317695,231,65,112,2006.0,17454425.0,442215.0,1.616918,-0.429924,USA,DOM,21
21317696,231,65,112,2007.0,3084094.0,31676.0,1.507629,-0.068172,USA,DOM,21
21317697,231,65,112,2008.0,833493.0,272983.0,1.494243,-0.340183,USA,DOM,21
21317698,231,65,112,2009.0,1937077.0,35197.0,1.4675049999999998,-0.26011100000000004,USA,DOM,21
21317699,231,65,112,2010.0,2389108.0,66043.0,1.564858,-0.667927,USA,DOM,21
21317700,231,65,112,2011.0,1455534.0,64617.0,1.568274,-0.657708,USA,DOM,21
21317701,231,65,112,2012.0,1006127.0,56480.0,1.51134,-0.637794,USA,DOM,21
21317702,231,65,112,2013.0,392060.0,53923.0,1.612058,-0.8592989999999999,USA,DOM,21
21317703,231,65,112,2014.0,1972066.0,109754.0,1.569577,-0.293173,USA,DOM,21
21317704,231,65,112,2015.0,2444232.0,0.0,1.721982,-0.516554,USA,DOM,21
21317705,231,65,112,2016.0,178950.0,0.0,1.6991900000000002,-0.146044,USA,DOM,21
21317706,231,65,112,2017.0,241600.0,0.0,1.536355,0.23775100000000002,USA,DOM,21
21317707,231,65,112,2018.0,22226.0,0.0,1.5527739999999999,0.288577,USA,DOM,21
21317708,231,65,112,2019.0,0.0,13378.0,1.5760809999999998,0.19685,USA,DOM,21
21317709,231,65,112,2020.0,55976.0,0.0,1.4725629999999998,0.43318599999999996,USA,DOM,21
21317710,231,65,112,1998.0,5758799.0,74184.0,1.9350779999999999,0.29075100000000004,USA,DOM,21
21317711,231,65,112,2004.0,5121046.0,189601.0,1.818327,-0.17913900000000002,USA,DOM,21
21317712,231,65,112,1964.0,59039.0,0.0,2.039541,1.8314990000000002,USA,DOM,21
21317713,231,65,112,1962.0,211912.0,0.0,2.072395,1.7205400000000002,USA,DOM,21
21317714,231,65,112,1963.0,69149.0,0.0,2.0341259999999997,1.416706,USA,DOM,21
21317715,231,65,112,1972.0,31876.0,31531.0,1.86454,1.841334,USA,DOM,21
21317716,231,65,112,1974.0,35260.0,34511.0,1.5575430000000001,0.946348,USA,DOM,21
21317717,231,65,112,1983.0,1075389.0,153670.0,1.500082,1.557107,USA,DOM,21
21317718,231,65,112,1965.0,1822.0,12830.0,2.066792,1.7441380000000002,USA,DOM,21
21317719,231,65,112,1966.0,8318.0,6563.0,2.018157,1.481471,USA,DOM,21
21317720,231,65,112,1967.0,1331.0,0.0,1.9634919999999998,1.826548,USA,DOM,21
21317721,231,65,112,1971.0,0.0,4835.0,1.873357,1.848336,USA,DOM,21
21317722,231,65,112,1973.0,44289.0,120891.0,1.7948419999999998,2.026,USA,DOM,21
21317723,231,65,112,1975.0,359268.0,151613.0,1.626922,1.162917,USA,DOM,21
21317724,231,65,112,1978.0,1216784.0,0.0,1.610269,1.603343,USA,DOM,21
21317725,231,65,112,1979.0,1587305.0,6635.0,1.539367,1.481471,USA,DOM,21
21317726,231,65,112,1982.0,29498.0,23095.0,1.496936,1.2591780000000001,USA,DOM,21
21317727,231,65,112,1985.0,1994282.0,13474.0,1.6386479999999999,1.518913,USA,DOM,21
21317728,231,65,112,1986.0,4230561.0,27825.0,1.472246,1.942236,USA,DOM,21
21317729,231,65,112,1987.0,9382155.0,313472.0,1.504178,1.820397,USA,DOM,21
21317730,231,65,112,1989.0,3050631.0,583387.0,1.4548530000000002,1.7360209999999998,USA,DOM,21
21317731,231,65,112,1980.0,1476446.0,22239.0,1.4422549999999998,0.744779,USA,DOM,21
21317732,231,65,112,1984.0,3632186.0,29948.0,1.476898,1.614897,USA,DOM,21
21317733,231,65,112,1988.0,2854767.0,31655.0,1.303966,1.922435,USA,DOM,21
21317734,231,65,112,1981.0,389006.0,15189.0,1.47046,0.8942190000000001,USA,DOM,21
21317735,231,65,112,1976.0,925139.0,24571.0,1.6694509999999998,0.32833,USA,DOM,21
21317736,231,65,112,1977.0,1416431.0,28756.0,1.483956,-0.040362,USA,DOM,21
21317737,236,65,112,1990.0,24376.0,0.0,-0.035712,-0.669521,VEN,DOM,21
21317738,237,65,112,2007.0,0.0,1129.0,0.7635109999999999,0.054086,VGB,DOM,21
21317739,237,65,112,2008.0,0.0,3612.0,0.606201,0.030099,VGB,DOM,21
21317740,239,65,112,2015.0,0.0,391205.0,-0.055202,0.807679,VNM,DOM,21
21317741,239,65,112,2016.0,0.0,50440.0,0.048214,0.6998810000000001,VNM,DOM,21
21317742,239,65,112,2013.0,0.0,650783.0,0.009264,1.182368,VNM,DOM,21
21317743,239,65,112,2011.0,0.0,255985.0,0.056153999999999996,1.242208,VNM,DOM,21
21317744,239,65,112,2014.0,0.0,419874.0,0.135762,1.182052,VNM,DOM,21
21317745,239,65,112,2012.0,0.0,186400.0,0.0755,1.008183,VNM,DOM,21
21317746,246,65,112,2018.0,0.0,9724.0,-0.053311000000000004,1.45561,ZAF,DOM,21
21317747,246,65,112,2014.0,25182.0,30917.0,0.156414,1.873848,ZAF,DOM,21
21317748,249,65,112,2002.0,150641.0,0.0,1.9084720000000002,1.253714,TWN,DOM,21
21317749,249,65,112,2003.0,15981.0,0.0,1.885491,1.218259,TWN,DOM,21
21317750,249,65,112,2004.0,236754.0,0.0,1.8844150000000002,1.257951,TWN,DOM,21
21317751,250,65,112,2014.0,1822.0,0.0,0.426964,0.138883,ANS,DOM,21
21317752,250,65,112,2016.0,57243.0,0.0,0.608271,-0.007568000000000001,ANS,DOM,21
21317753,250,65,112,2018.0,2585.0,0.0,0.760441,-0.310861,ANS,DOM,21
21317754,250,65,112,2008.0,0.0,202856.0,0.5876779999999999,-0.622382,ANS,DOM,21
21317755,250,65,112,2007.0,0.0,295040.0,0.619509,-0.335972,ANS,DOM,21
21317756,250,65,112,1997.0,0.0,32565.0,1.004537,0.782725,ANS,DOM,21
21317757,250,65,112,2005.0,0.0,43054.0,0.42090900000000003,-0.56108,ANS,DOM,21
21317758,250,65,112,2006.0,0.0,16031.0,0.202525,-0.46324499999999996,ANS,DOM,21
21317759,250,65,112,2002.0,0.0,21586.0,0.5979300000000001,-0.497816,ANS,DOM,21
21317760,250,65,112,2004.0,0.0,294176.0,0.46240200000000004,-0.406624,ANS,DOM,21
21317761,8,67,112,2009.0,1180.0,0.0,0.138952,0.8575149999999999,ARG,ECU,21
21317762,8,67,112,1966.0,0.0,3490.0,-0.24274400000000002,-0.504053,ARG,ECU,21
21317763,8,67,112,1970.0,4371.0,0.0,0.000177,0.008167,ARG,ECU,21
21317764,8,67,112,1972.0,1463.0,0.0,0.09891,0.403972,ARG,ECU,21
21317765,15,67,112,2003.0,0.0,25765.0,1.931225,0.2033,AUT,ECU,21
21317766,15,67,112,2002.0,0.0,24323.0,1.866997,0.400527,AUT,ECU,21
21317767,15,67,112,1968.0,0.0,882.0,1.94925,1.6721810000000001,AUT,ECU,21
21317768,15,67,112,1967.0,0.0,1463.0,2.062091,1.739353,AUT,ECU,21
21317769,18,67,112,1986.0,0.0,1645.0,1.455742,2.022887,BEL,ECU,21
21317770,18,67,112,1966.0,0.0,1286.0,1.564819,2.587675,BEL,ECU,21
21317771,31,67,112,1993.0,293937.0,0.0,-0.7381220000000001,-0.777257,BOL,ECU,21
21317772,31,67,112,2006.0,31158.0,0.0,-0.9174540000000001,-0.8314729999999999,BOL,ECU,21
21317773,31,67,112,1999.0,18998.0,0.0,-0.56466,-0.46023500000000006,BOL,ECU,21
21317774,31,67,112,2009.0,15935.0,0.0,-0.927212,-0.8709709999999999,BOL,ECU,21
21317775,31,67,112,2018.0,16517.0,0.0,-1.069519,-0.942264,BOL,ECU,21
21317776,31,67,112,2013.0,183397.0,0.0,-1.1429610000000001,-1.0076120000000002,BOL,ECU,21
21317777,31,67,112,2014.0,355214.0,0.0,-1.200516,-1.052286,BOL,ECU,21
21317778,31,67,112,2010.0,0.0,45849.0,-0.847933,-0.796625,BOL,ECU,21
21317779,31,67,112,2011.0,171690.0,0.0,-0.90749,-0.9226610000000001,BOL,ECU,21
21317780,31,67,112,2007.0,26784.0,32301.0,-0.922695,-0.878806,BOL,ECU,21
21317781,31,67,112,2016.0,94861.0,0.0,-1.009709,-0.986669,BOL,ECU,21
21317782,31,67,112,1991.0,2710.0,0.0,-0.8777959999999999,-0.8253469999999999,BOL,ECU,21
21317783,31,67,112,1992.0,10204.0,0.0,-0.609826,-0.693473,BOL,ECU,21
21317784,31,67,112,2004.0,96141.0,0.0,-0.841087,-0.770059,BOL,ECU,21
21317785,31,67,112,1998.0,43634.0,0.0,-0.533615,-0.605431,BOL,ECU,21
21317786,31,67,112,2000.0,36392.0,0.0,-0.400861,-0.41780900000000004,BOL,ECU,21
21317787,31,67,112,2001.0,112991.0,0.0,-0.614885,-0.5022770000000001,BOL,ECU,21
21317788,31,67,112,2008.0,0.0,230286.0,-0.7868390000000001,-0.8791629999999999,BOL,ECU,21
21317789,31,67,112,1995.0,54026.0,0.0,-0.400363,-0.582705,BOL,ECU,21
21317790,31,67,112,1996.0,86144.0,0.0,-0.5529930000000001,-0.600893,BOL,ECU,21
21317791,31,67,112,2002.0,119133.0,6278.0,-0.785592,-0.6761119999999999,BOL,ECU,21
21317792,31,67,112,2003.0,134398.0,12800.0,-0.623983,-0.563692,BOL,ECU,21
21317793,31,67,112,1997.0,116111.0,0.0,-0.765684,-0.796686,BOL,ECU,21
21317794,31,67,112,1994.0,24722.0,0.0,-0.638646,-0.736575,BOL,ECU,21
21317795,31,67,112,2012.0,88521.0,0.0,-0.698325,-0.728248,BOL,ECU,21
21317796,31,67,112,2015.0,190538.0,0.0,-1.143268,-1.0899780000000001,BOL,ECU,21
21317797,31,67,112,2005.0,23824.0,0.0,-0.876309,-0.757614,BOL,ECU,21
21317798,32,67,112,2009.0,173515.0,0.0,0.296808,1.313037,BRA,ECU,21
21317799,32,67,112,2010.0,342672.0,42121.0,0.441241,0.953598,BRA,ECU,21
21317800,32,67,112,2011.0,122992.0,0.0,0.376133,0.9917309999999999,BRA,ECU,21
21317801,32,67,112,1994.0,26118.0,0.0,0.634626,1.468692,BRA,ECU,21
21317802,32,67,112,1995.0,11212.0,0.0,0.840124,1.3777620000000002,BRA,ECU,21
21317803,32,67,112,1996.0,9554.0,0.0,0.8087340000000001,1.370183,BRA,ECU,21
21317804,32,67,112,2000.0,0.0,12134.0,0.853466,1.28277,BRA,ECU,21
21317805,32,67,112,2001.0,131945.0,0.0,0.658473,1.328637,BRA,ECU,21
21317806,32,67,112,2002.0,245571.0,0.0,0.631343,1.249344,BRA,ECU,21
21317807,32,67,112,2003.0,137446.0,0.0,0.636739,1.422593,BRA,ECU,21
21317808,32,67,112,2004.0,36210.0,0.0,0.504233,1.567879,BRA,ECU,21
21317809,32,67,112,2005.0,164383.0,0.0,0.659417,1.464387,BRA,ECU,21
21317810,32,67,112,2006.0,402013.0,0.0,0.622959,1.413527,BRA,ECU,21
21317811,32,67,112,2007.0,400262.0,0.0,0.51831,1.614108,BRA,ECU,21
21317812,32,67,112,2008.0,392694.0,0.0,0.385655,1.418048,BRA,ECU,21
21317813,32,67,112,1997.0,189718.0,0.0,0.805759,1.249182,BRA,ECU,21
21317814,39,67,112,2002.0,35313.0,0.0,0.9672360000000001,1.389981,CAN,ECU,21
21317815,39,67,112,2003.0,10315.0,0.0,0.9170790000000001,1.444739,CAN,ECU,21
21317816,39,67,112,2004.0,155165.0,0.0,0.781591,1.365966,CAN,ECU,21
21317817,39,67,112,2005.0,51312.0,0.0,0.8817450000000001,1.222587,CAN,ECU,21
21317818,39,67,112,2006.0,43775.0,0.0,0.806511,1.466573,CAN,ECU,21
21317819,39,67,112,2007.0,11768.0,0.0,0.677078,1.371833,CAN,ECU,21
21317820,39,67,112,2008.0,22173.0,2218.0,0.608796,1.235243,CAN,ECU,21
21317821,39,67,112,2010.0,66118.0,0.0,0.631696,1.3282459999999998,CAN,ECU,21
21317822,39,67,112,1972.0,0.0,18407.0,0.7159800000000001,0.9742540000000001,CAN,ECU,21
21317823,39,67,112,1994.0,0.0,1514.0,0.9270709999999999,1.126737,CAN,ECU,21
21317824,39,67,112,1990.0,0.0,141079.0,0.804563,1.115479,CAN,ECU,21
21317825,41,67,112,1963.0,0.0,893.0,2.275444,2.087927,CHE,ECU,21
21317826,42,67,112,2005.0,15745.0,0.0,-0.15283,-0.43087,CHL,ECU,21
21317827,42,67,112,2006.0,87126.0,0.0,-0.193151,-0.46637,CHL,ECU,21
21317828,42,67,112,2007.0,112331.0,0.0,-0.193152,-0.46857299999999996,CHL,ECU,21
21317829,42,67,112,2008.0,224183.0,0.0,-0.173267,-0.23228000000000001,CHL,ECU,21
21317830,42,67,112,2009.0,167355.0,0.0,-0.205249,-0.382377,CHL,ECU,21
21317831,42,67,112,2010.0,59929.0,0.0,-0.27612600000000004,-0.417476,CHL,ECU,21
21317832,42,67,112,2012.0,0.0,37463.0,-0.180309,-0.33571799999999996,CHL,ECU,21
21317833,42,67,112,2000.0,9604.0,0.0,-0.011509,0.0031190000000000002,CHL,ECU,21
21317834,42,67,112,2001.0,21734.0,0.0,-0.148124,0.074033,CHL,ECU,21
21317835,42,67,112,2002.0,1415.0,0.0,-0.079201,-0.11449200000000001,CHL,ECU,21
21317836,42,67,112,2003.0,5333.0,0.0,-0.122101,-0.151524,CHL,ECU,21
21317837,42,67,112,1997.0,143214.0,0.0,-0.06841799999999999,-0.21526199999999998,CHL,ECU,21
21317838,42,67,112,1996.0,73945.0,0.0,-0.161334,-0.301695,CHL,ECU,21
21317839,42,67,112,1999.0,25552.0,0.0,-0.132747,-0.065962,CHL,ECU,21
21317840,42,67,112,1995.0,7702.0,0.0,-0.267032,-0.341987,CHL,ECU,21
21317841,42,67,112,2004.0,8609.0,0.0,-0.24101399999999998,-0.303103,CHL,ECU,21
21317842,42,67,112,1998.0,87952.0,0.0,-0.138389,-0.187388,CHL,ECU,21
21317843,42,67,112,1979.0,0.0,40578.0,-0.085145,-0.385461,CHL,ECU,21
21317844,43,67,112,2001.0,0.0,30170.0,0.535502,2.28778,CHN,ECU,21
21317845,43,67,112,2003.0,39384.0,6662.0,0.643677,2.033847,CHN,ECU,21
21317846,43,67,112,2004.0,8483.0,65202.0,0.710603,2.017234,CHN,ECU,21
21317847,43,67,112,2005.0,0.0,12448.0,0.757865,1.9117669999999998,CHN,ECU,21
21317848,43,67,112,2007.0,0.0,362020.0,0.904272,1.537654,CHN,ECU,21
21317849,43,67,112,2008.0,0.0,34568.0,0.988158,1.443506,CHN,ECU,21
21317850,43,67,112,2012.0,261651.0,287253.0,1.2170590000000001,0.584412,CHN,ECU,21
21317851,43,67,112,2013.0,108305.0,616264.0,1.24864,0.667713,CHN,ECU,21
21317852,43,67,112,2011.0,19009.0,493439.0,1.185758,1.021932,CHN,ECU,21
21317853,43,67,112,2014.0,31107.0,163167.0,1.316443,0.35039899999999996,CHN,ECU,21
21317854,43,67,112,2015.0,166163.0,38885.0,1.251258,1.091683,CHN,ECU,21
21317855,43,67,112,2016.0,115342.0,11568.0,1.249079,1.151045,CHN,ECU,21
21317856,43,67,112,2006.0,0.0,205273.0,0.842242,1.7392740000000002,CHN,ECU,21
21317857,49,67,112,1994.0,51851.0,0.0,-0.065624,0.127881,COL,ECU,21
21317858,49,67,112,1995.0,111123.0,0.0,0.050431000000000004,0.16347899999999999,COL,ECU,21
21317859,49,67,112,1996.0,83111.0,19183.0,0.070101,0.08847999999999999,COL,ECU,21
21317860,49,67,112,1999.0,37708.0,0.0,0.055667999999999995,0.10688399999999999,COL,ECU,21
21317861,49,67,112,2000.0,152790.0,11521.0,0.12351400000000001,0.255517,COL,ECU,21
21317862,49,67,112,2005.0,0.0,279339.0,0.088961,0.439691,COL,ECU,21
21317863,49,67,112,2007.0,0.0,45724.0,0.18592,0.6842050000000001,COL,ECU,21
21317864,49,67,112,2008.0,4405.0,147673.0,0.250208,0.546823,COL,ECU,21
21317865,49,67,112,2009.0,4479.0,6831.0,0.335319,0.397976,COL,ECU,21
21317866,49,67,112,2010.0,1799.0,4203.0,-0.00078,-0.15850699999999998,COL,ECU,21
21317867,49,67,112,2011.0,0.0,3720.0,0.04828,-0.27652600000000005,COL,ECU,21
21317868,49,67,112,2013.0,0.0,94319.0,0.034491,-0.36975,COL,ECU,21
21317869,49,67,112,2014.0,0.0,98109.0,0.084348,-0.39008200000000004,COL,ECU,21
21317870,49,67,112,1992.0,38166.0,10545.0,0.022895,0.22971799999999998,COL,ECU,21
21317871,49,67,112,1997.0,1769.0,136668.0,0.023456,0.057771,COL,ECU,21
21317872,49,67,112,1998.0,0.0,420567.0,0.045649,0.11751400000000001,COL,ECU,21
21317873,49,67,112,2001.0,32302.0,89388.0,0.3378,0.479951,COL,ECU,21
21317874,49,67,112,2002.0,0.0,289943.0,0.219861,0.45238999999999996,COL,ECU,21
21317875,49,67,112,2003.0,0.0,1361607.0,0.126431,0.417651,COL,ECU,21
21317876,49,67,112,2004.0,19402.0,22541.0,0.044706,0.514304,COL,ECU,21
21317877,49,67,112,1993.0,36951.0,3065.0,-0.052613,0.071123,COL,ECU,21
21317878,49,67,112,2006.0,0.0,337099.0,0.162228,0.550616,COL,ECU,21
21317879,49,67,112,1985.0,0.0,9727.0,0.132021,-0.005884,COL,ECU,21
21317880,49,67,112,1986.0,0.0,1286.0,-0.013468,-0.355385,COL,ECU,21
21317881,49,67,112,1979.0,0.0,4160.0,0.10822899999999999,-0.2187,COL,ECU,21
21317882,49,67,112,1980.0,0.0,3470.0,0.247827,0.034868,COL,ECU,21
21317883,49,67,112,1984.0,0.0,929.0,0.179594,-0.09019400000000001,COL,ECU,21
21317884,49,67,112,1989.0,1991.0,0.0,-0.06450700000000001,-0.188868,COL,ECU,21
21317885,49,67,112,1966.0,1203.0,0.0,0.20125099999999999,-0.332512,COL,ECU,21
21317886,49,67,112,1987.0,5231.0,0.0,-0.078828,-0.376846,COL,ECU,21
21317887,52,67,112,1993.0,0.0,3026.0,-0.009969,0.24661100000000002,CRI,ECU,21
21317888,52,67,112,2002.0,3282.0,0.0,0.083983,-0.096237,CRI,ECU,21
21317889,52,67,112,1988.0,6611.0,0.0,0.09328099999999999,0.32362199999999997,CRI,ECU,21
21317890,52,67,112,1991.0,10408.0,0.0,-0.07827,0.026021,CRI,ECU,21
21317891,59,67,112,1998.0,0.0,21424.0,1.505737,0.8389909999999999,CZE,ECU,21
21317892,61,67,112,2004.0,0.0,44661.0,2.4453099999999997,-2.331761,DEU,ECU,21
21317893,61,67,112,2008.0,0.0,141807.0,2.028301,-3.224271,DEU,ECU,21
21317894,61,67,112,2009.0,0.0,36480.0,2.041426,-3.422743,DEU,ECU,21
21317895,61,67,112,2019.0,2690.0,45455.0,2.058602,-2.218827,DEU,ECU,21
21317896,61,67,112,2020.0,0.0,103820.0,1.961063,-2.199807,DEU,ECU,21
21317897,61,67,112,2003.0,0.0,11816.0,2.409758,-2.243778,DEU,ECU,21
21317898,61,67,112,2006.0,0.0,101307.0,2.135679,-2.933329,DEU,ECU,21
21317899,61,67,112,2007.0,0.0,195829.0,2.051962,-3.136816,DEU,ECU,21
21317900,61,67,112,2010.0,0.0,111001.0,2.115004,-3.3083650000000002,DEU,ECU,21
21317901,61,67,112,2011.0,0.0,51364.0,2.057418,-3.459737,DEU,ECU,21
21317902,61,67,112,1970.0,0.0,227878.0,2.311743,-1.396571,DEU,ECU,21
21317903,61,67,112,1971.0,0.0,258555.0,2.304817,-1.885431,DEU,ECU,21
21317904,61,67,112,1978.0,0.0,87969.0,2.107491,-3.2783559999999996,DEU,ECU,21
21317905,61,67,112,1979.0,0.0,11142.0,2.034494,-3.751922,DEU,ECU,21
21317906,61,67,112,1980.0,0.0,41267.0,1.8394169999999999,-4.557479,DEU,ECU,21
21317907,61,67,112,1981.0,0.0,11638.0,1.8353509999999997,-4.685452,DEU,ECU,21
21317908,61,67,112,1982.0,0.0,7392.0,1.9565110000000001,-3.978064,DEU,ECU,21
21317909,61,67,112,1962.0,0.0,171974.0,2.4106549999999998,-0.518005,DEU,ECU,21
21317910,61,67,112,1963.0,0.0,226993.0,2.393412,-1.411257,DEU,ECU,21
21317911,61,67,112,1964.0,0.0,185709.0,2.367741,-1.3928690000000001,DEU,ECU,21
21317912,61,67,112,1965.0,0.0,178347.0,2.468034,-1.4697209999999998,DEU,ECU,21
21317913,61,67,112,1966.0,0.0,235072.0,2.355407,-1.375067,DEU,ECU,21
21317914,61,67,112,1967.0,0.0,292144.0,2.2959400000000003,-1.771377,DEU,ECU,21
21317915,61,67,112,1968.0,0.0,201759.0,2.2253979999999998,-1.8081060000000002,DEU,ECU,21
21317916,61,67,112,1969.0,0.0,168002.0,2.314731,-1.690981,DEU,ECU,21
21317917,61,67,112,1972.0,0.0,249286.0,2.3335169999999996,-1.881743,DEU,ECU,21
21317918,61,67,112,1973.0,0.0,258501.0,2.28934,-2.513276,DEU,ECU,21
21317919,61,67,112,1974.0,4407.0,237856.0,1.927656,-3.9276720000000003,DEU,ECU,21
21317920,61,67,112,1975.0,0.0,231312.0,2.031848,-4.363862999999999,DEU,ECU,21
21317921,61,67,112,1983.0,0.0,4971.0,1.977861,-3.3039080000000003,DEU,ECU,21
21317922,61,67,112,1984.0,0.0,8254.0,1.980635,-3.3931989999999996,DEU,ECU,21
21317923,68,67,112,2011.0,0.0,126032.0,-0.192719,1.27566,EGY,ECU,21
21317924,71,67,112,2014.0,220518.0,0.0,0.9574159999999999,1.787233,ESP,ECU,21
21317925,71,67,112,2009.0,33636.0,0.0,1.0229780000000002,1.347901,ESP,ECU,21
21317926,71,67,112,2011.0,47557.0,0.0,0.9554520000000001,1.846371,ESP,ECU,21
21317927,71,67,112,2001.0,0.0,93798.0,1.1380350000000001,1.7870139999999999,ESP,ECU,21
21317928,71,67,112,2002.0,0.0,1479.0,1.054108,1.9357349999999998,ESP,ECU,21
21317929,71,67,112,1992.0,0.0,1380.0,1.301511,1.730441,ESP,ECU,21
21317930,71,67,112,2008.0,401897.0,0.0,0.96614,1.618105,ESP,ECU,21
21317931,71,67,112,2006.0,5355.0,11594.0,0.9909459999999999,1.785809,ESP,ECU,21
21317932,71,67,112,2007.0,233574.0,0.0,1.0031809999999999,1.5022469999999999,ESP,ECU,21
21317933,71,67,112,1994.0,18819.0,36900.0,1.254037,1.8126259999999998,ESP,ECU,21
21317934,71,67,112,1995.0,3451.0,0.0,1.2111370000000001,1.789998,ESP,ECU,21
21317935,71,67,112,1980.0,0.0,3106.0,1.13714,2.045642,ESP,ECU,21
21317936,71,67,112,1986.0,0.0,2966.0,1.208836,2.051042,ESP,ECU,21
21317937,71,67,112,1988.0,0.0,42299.0,1.11896,2.047666,ESP,ECU,21
21317938,77,67,112,1994.0,0.0,1046.0,1.695588,1.057641,FRA,ECU,21
21317939,77,67,112,2002.0,0.0,59460.0,1.648526,0.6870430000000001,FRA,ECU,21
21317940,77,67,112,2003.0,0.0,159410.0,1.634758,0.66581,FRA,ECU,21
21317941,77,67,112,2005.0,1566.0,150614.0,1.525785,0.543208,FRA,ECU,21
21317942,77,67,112,2011.0,0.0,74519.0,1.464241,0.097453,FRA,ECU,21
21317943,77,67,112,2004.0,0.0,69660.0,1.57079,0.6776760000000001,FRA,ECU,21
21317944,77,67,112,2006.0,0.0,206498.0,1.499686,0.16705699999999998,FRA,ECU,21
21317945,77,67,112,2007.0,0.0,12078.0,1.413086,-0.07526000000000001,FRA,ECU,21
21317946,77,67,112,2009.0,0.0,177600.0,1.527516,-0.306229,FRA,ECU,21
21317947,77,67,112,2010.0,0.0,74370.0,1.5047760000000001,0.001199,FRA,ECU,21
21317948,77,67,112,1978.0,0.0,16801.0,1.646955,0.9724659999999999,FRA,ECU,21
21317949,77,67,112,1962.0,0.0,1082.0,1.846026,2.297136,FRA,ECU,21
21317950,77,67,112,1966.0,0.0,1363.0,1.789189,2.2593080000000003,FRA,ECU,21
21317951,77,67,112,1969.0,0.0,7410.0,1.8168810000000002,1.280003,FRA,ECU,21
21317952,77,67,112,1970.0,0.0,4749.0,1.7668139999999999,1.386095,FRA,ECU,21
21317953,77,67,112,1971.0,0.0,8378.0,1.7299959999999999,1.562786,FRA,ECU,21
21317954,77,67,112,1972.0,0.0,2310.0,1.659743,1.8874959999999998,FRA,ECU,21
21317955,77,67,112,1979.0,0.0,9575.0,1.647521,0.415969,FRA,ECU,21
21317956,77,67,112,1965.0,0.0,5647.0,1.965084,1.587269,FRA,ECU,21
21317957,81,67,112,1995.0,0.0,118089.0,1.876209,1.117718,GBR,ECU,21
21317958,81,67,112,1990.0,49881.0,0.0,1.977629,1.004624,GBR,ECU,21
21317959,81,67,112,2002.0,5599.0,361342.0,2.067395,0.7934359999999999,GBR,ECU,21
21317960,81,67,112,1962.0,0.0,19556.0,2.288769,0.619789,GBR,ECU,21
21317961,81,67,112,1963.0,0.0,63990.0,2.2784470000000003,-0.302055,GBR,ECU,21
21317962,81,67,112,1964.0,0.0,63394.0,2.2279299999999997,-0.315389,GBR,ECU,21
21317963,81,67,112,1965.0,0.0,36522.0,2.347121,0.389156,GBR,ECU,21
21317964,81,67,112,1966.0,0.0,32238.0,2.2795669999999997,0.23442800000000003,GBR,ECU,21
21317965,81,67,112,1967.0,0.0,13313.0,2.170976,0.45509700000000003,GBR,ECU,21
21317966,81,67,112,1968.0,0.0,33120.0,2.058025,0.677452,GBR,ECU,21
21317967,81,67,112,1969.0,0.0,57166.0,2.109727,0.776883,GBR,ECU,21
21317968,81,67,112,1970.0,0.0,19947.0,2.096027,0.26423,GBR,ECU,21
21317969,81,67,112,1971.0,0.0,40351.0,2.1646669999999997,0.034970999999999995,GBR,ECU,21
21317970,81,67,112,1972.0,0.0,14801.0,2.202226,-0.618205,GBR,ECU,21
21317971,81,67,112,1984.0,1331.0,0.0,1.757537,1.1518549999999999,GBR,ECU,21
21317972,93,67,112,1999.0,33903.0,0.0,-0.330436,0.21282399999999999,GTM,ECU,21
21317973,93,67,112,2000.0,51287.0,0.0,-0.37711100000000003,0.191477,GTM,ECU,21
21317974,93,67,112,1995.0,0.0,2894.0,-0.110202,0.28127800000000003,GTM,ECU,21
21317975,93,67,112,1996.0,6281.0,0.0,-0.28699,0.308033,GTM,ECU,21
21317976,93,67,112,2004.0,6446.0,0.0,-0.39399,0.139128,GTM,ECU,21
21317977,93,67,112,1994.0,0.0,5590.0,-0.09410299999999999,0.45180299999999995,GTM,ECU,21
21317978,93,67,112,1998.0,16217.0,0.0,-0.311879,0.12331199999999999,GTM,ECU,21
21317979,93,67,112,2001.0,51044.0,0.0,-0.43618199999999996,0.135535,GTM,ECU,21
21317980,93,67,112,2005.0,11681.0,0.0,-0.391801,0.5919909999999999,GTM,ECU,21
21317981,93,67,112,2003.0,65706.0,0.0,-0.44348699999999996,0.18144000000000002,GTM,ECU,21
21317982,97,67,112,2009.0,0.0,51292.0,0.685573,1.199315,HKG,ECU,21
21317983,97,67,112,2000.0,0.0,13171.0,0.564112,1.776282,HKG,ECU,21
21317984,97,67,112,2002.0,0.0,13326.0,0.704932,1.291658,HKG,ECU,21
21317985,97,67,112,2003.0,0.0,76459.0,0.64249,1.2309379999999999,HKG,ECU,21
21317986,97,67,112,2004.0,0.0,618284.0,0.72816,1.403171,HKG,ECU,21
21317987,97,67,112,2011.0,0.0,1191697.0,0.864772,1.1197139999999999,HKG,ECU,21
21317988,97,67,112,2013.0,0.0,11573.0,0.791401,1.249845,HKG,ECU,21
21317989,97,67,112,2017.0,0.0,16992.0,0.877065,1.1615520000000001,HKG,ECU,21
21317990,97,67,112,2018.0,0.0,18320.0,0.8625149999999999,1.21001,HKG,ECU,21
21317991,97,67,112,2005.0,0.0,321654.0,0.68858,1.266274,HKG,ECU,21
21317992,97,67,112,2006.0,0.0,297617.0,0.63347,1.276634,HKG,ECU,21
21317993,97,67,112,2007.0,0.0,378529.0,0.756476,1.286757,HKG,ECU,21
21317994,97,67,112,2008.0,0.0,75965.0,0.786315,1.316726,HKG,ECU,21
21317995,97,67,112,2010.0,0.0,133393.0,0.837134,1.189309,HKG,ECU,21
21317996,97,67,112,2012.0,0.0,136437.0,0.788308,1.029625,HKG,ECU,21
21317997,103,67,112,1994.0,0.0,11136.0,-0.37045500000000003,0.804771,IDN,ECU,21
21317998,104,67,112,2011.0,0.0,129243.0,0.208119,2.513252,IND,ECU,21
21317999,104,67,112,2007.0,0.0,40316.0,0.27449,2.811626,IND,ECU,21
21318000,104,67,112,2012.0,0.0,66516.0,0.24883200000000003,2.463711,IND,ECU,21
21318001,104,67,112,2010.0,0.0,27625.0,0.163603,2.471145,IND,ECU,21
21318002,106,67,112,2000.0,0.0,33884.0,1.647548,0.34018899999999996,IRL,ECU,21
21318003,106,67,112,2007.0,0.0,30207.0,1.258902,0.19405999999999998,IRL,ECU,21
21318004,111,67,112,1988.0,0.0,94414.0,1.730975,1.12053,ITA,ECU,21
21318005,111,67,112,1989.0,0.0,16190.0,1.685014,1.1221780000000001,ITA,ECU,21
21318006,111,67,112,1997.0,0.0,138542.0,1.596917,0.8313959999999999,ITA,ECU,21
21318007,111,67,112,2003.0,0.0,192463.0,1.453316,0.9161159999999999,ITA,ECU,21
21318008,111,67,112,2005.0,0.0,152868.0,1.463563,0.394074,ITA,ECU,21
21318009,111,67,112,2006.0,2542.0,411430.0,1.416017,0.161859,ITA,ECU,21
21318010,111,67,112,2007.0,0.0,1115644.0,1.4059469999999998,-0.257344,ITA,ECU,21
21318011,111,67,112,2008.0,0.0,461186.0,1.3792790000000001,-0.261705,ITA,ECU,21
21318012,111,67,112,2009.0,2868.0,188975.0,1.392902,-0.171999,ITA,ECU,21
21318013,111,67,112,2010.0,0.0,2259443.0,1.416572,-0.054268,ITA,ECU,21
21318014,111,67,112,2011.0,0.0,1723500.0,1.41076,-0.277438,ITA,ECU,21
21318015,111,67,112,2013.0,67141.0,35819.0,1.419383,-0.304402,ITA,ECU,21
21318016,111,67,112,2016.0,50581.0,0.0,1.461526,0.316891,ITA,ECU,21
21318017,111,67,112,2017.0,16137.0,0.0,1.4374559999999998,0.21079699999999998,ITA,ECU,21
21318018,111,67,112,1994.0,0.0,344431.0,1.70082,0.976709,ITA,ECU,21
21318019,111,67,112,1995.0,0.0,1698498.0,1.650924,0.900234,ITA,ECU,21
21318020,111,67,112,1996.0,0.0,223922.0,1.591442,0.875201,ITA,ECU,21
21318021,111,67,112,1998.0,0.0,56726.0,1.559504,0.802303,ITA,ECU,21
21318022,111,67,112,1999.0,0.0,15619.0,1.488427,0.926016,ITA,ECU,21
21318023,111,67,112,2000.0,0.0,45293.0,1.51508,0.818283,ITA,ECU,21
21318024,111,67,112,2001.0,0.0,12337.0,1.488545,0.8410610000000001,ITA,ECU,21
21318025,111,67,112,2002.0,0.0,215454.0,1.3944219999999998,1.125362,ITA,ECU,21
21318026,111,67,112,2004.0,0.0,222125.0,1.440372,0.676068,ITA,ECU,21
21318027,111,67,112,1991.0,3290.0,0.0,1.7996849999999998,1.010109,ITA,ECU,21
21318028,111,67,112,1973.0,0.0,39398.0,1.972735,1.037512,ITA,ECU,21
21318029,111,67,112,1965.0,0.0,8763.0,2.0409669999999998,2.302946,ITA,ECU,21
21318030,111,67,112,1966.0,0.0,27662.0,1.952043,2.257403,ITA,ECU,21
21318031,111,67,112,1969.0,0.0,7517.0,2.064301,1.562306,ITA,ECU,21
21318032,111,67,112,1977.0,0.0,306133.0,1.491034,0.969419,ITA,ECU,21
21318033,111,67,112,1980.0,0.0,107717.0,1.571277,0.20831,ITA,ECU,21
21318034,111,67,112,1975.0,0.0,9179.0,1.790963,-0.633931,ITA,ECU,21
21318035,111,67,112,1964.0,0.0,14786.0,1.970029,2.32685,ITA,ECU,21
21318036,111,67,112,1968.0,0.0,11892.0,1.8991650000000002,1.865793,ITA,ECU,21
21318037,111,67,112,1970.0,0.0,23095.0,2.01175,1.512494,ITA,ECU,21
21318038,111,67,112,1971.0,0.0,7085.0,2.039661,1.10519,ITA,ECU,21
21318039,111,67,112,1979.0,0.0,420242.0,1.618028,1.0887790000000002,ITA,ECU,21
21318040,111,67,112,1982.0,0.0,6064.0,1.612258,0.335829,ITA,ECU,21
21318041,111,67,112,1984.0,0.0,33341.0,1.662189,0.512061,ITA,ECU,21
21318042,111,67,112,1985.0,0.0,1905.0,1.73984,0.802181,ITA,ECU,21
21318043,111,67,112,1967.0,0.0,22938.0,1.9909290000000002,1.899921,ITA,ECU,21
21318044,111,67,112,1972.0,0.0,11879.0,1.9394419999999999,1.579826,ITA,ECU,21
21318045,111,67,112,1974.0,0.0,8637.0,1.661993,-0.225104,ITA,ECU,21
21318046,111,67,112,1978.0,0.0,752738.0,1.6621380000000001,1.231837,ITA,ECU,21
21318047,111,67,112,1981.0,0.0,536619.0,1.538904,0.084879,ITA,ECU,21
21318048,113,67,112,2010.0,0.0,43615.0,0.36733899999999997,0.515069,JOR,ECU,21
21318049,114,67,112,2004.0,0.0,44129.0,2.756136,0.15545,JPN,ECU,21
21318050,114,67,112,1972.0,0.0,1224.0,2.026459,2.278375,JPN,ECU,21
21318051,114,67,112,1974.0,0.0,64303.0,1.7789599999999999,1.66386,JPN,ECU,21
21318052,114,67,112,1978.0,0.0,266799.0,2.064061,1.7039259999999998,JPN,ECU,21
21318053,114,67,112,1979.0,0.0,1166764.0,2.0317369999999997,1.391941,JPN,ECU,21
21318054,114,67,112,1976.0,0.0,98942.0,1.845602,1.728366,JPN,ECU,21
21318055,114,67,112,1977.0,0.0,227995.0,1.7058099999999998,1.427063,JPN,ECU,21
21318056,114,67,112,1983.0,0.0,17624.0,2.041198,1.0538319999999999,JPN,ECU,21
21318057,114,67,112,1962.0,0.0,5361.0,2.091124,2.289679,JPN,ECU,21
21318058,114,67,112,1966.0,0.0,2869.0,1.88198,2.305387,JPN,ECU,21
21318059,114,67,112,1967.0,0.0,1513.0,1.878785,2.322468,JPN,ECU,21
21318060,114,67,112,1973.0,0.0,4200.0,2.1298220000000003,2.043215,JPN,ECU,21
21318061,114,67,112,1980.0,0.0,158991.0,1.7941060000000002,1.153126,JPN,ECU,21
21318062,114,67,112,1981.0,0.0,51308.0,1.893759,0.7233890000000001,JPN,ECU,21
21318063,114,67,112,1982.0,0.0,23944.0,2.03134,0.716025,JPN,ECU,21
21318064,114,67,112,1963.0,0.0,3930.0,1.9171509999999998,2.3428720000000003,JPN,ECU,21
21318065,114,67,112,1968.0,0.0,1187.0,1.844871,2.2220470000000003,JPN,ECU,21
21318066,114,67,112,1984.0,0.0,76458.0,2.1470740000000004,0.9942190000000001,JPN,ECU,21
21318067,114,67,112,1985.0,0.0,35888.0,2.261116,1.096217,JPN,ECU,21
21318068,114,67,112,1987.0,0.0,51343.0,2.4350669999999996,1.265743,JPN,ECU,21
21318069,114,67,112,1986.0,0.0,145586.0,2.441023,1.331998,JPN,ECU,21
21318070,121,67,112,2011.0,0.0,134744.0,1.7554029999999998,0.777291,KOR,ECU,21
21318071,121,67,112,2000.0,27717.0,0.0,1.248356,1.000666,KOR,ECU,21
21318072,121,67,112,2001.0,67585.0,0.0,1.436204,0.917057,KOR,ECU,21
21318073,121,67,112,2015.0,32855.0,0.0,2.09708,0.840759,KOR,ECU,21
21318074,121,67,112,2016.0,131953.0,0.0,2.1686389999999998,0.798808,KOR,ECU,21
21318075,121,67,112,2018.0,11552.0,0.0,2.139149,0.795045,KOR,ECU,21
21318076,121,67,112,1996.0,217415.0,0.0,1.230793,1.0548959999999998,KOR,ECU,21
21318077,121,67,112,1997.0,434381.0,0.0,1.2642,1.164231,KOR,ECU,21
21318078,121,67,112,1998.0,10840.0,0.0,1.129848,1.117799,KOR,ECU,21
21318079,138,67,112,2007.0,0.0,559255.0,1.345688,0.584543,MEX,ECU,21
21318080,138,67,112,2000.0,5072.0,0.0,0.9020379999999999,0.671139,MEX,ECU,21
21318081,138,67,112,2001.0,7475.0,0.0,1.088661,0.680197,MEX,ECU,21
21318082,138,67,112,2002.0,0.0,4812.0,1.2677129999999999,0.599314,MEX,ECU,21
21318083,138,67,112,2003.0,0.0,18137.0,1.137143,0.732386,MEX,ECU,21
21318084,138,67,112,2005.0,0.0,38942.0,1.346403,0.777366,MEX,ECU,21
21318085,138,67,112,2006.0,0.0,13076.0,1.2996729999999999,0.655941,MEX,ECU,21
21318086,138,67,112,2008.0,0.0,208138.0,1.227848,0.722715,MEX,ECU,21
21318087,138,67,112,1988.0,0.0,13049.0,0.878661,1.049591,MEX,ECU,21
21318088,138,67,112,1987.0,0.0,156144.0,0.928841,0.8776229999999999,MEX,ECU,21
21318089,138,67,112,1986.0,0.0,61581.0,0.805869,0.731842,MEX,ECU,21
21318090,138,67,112,1978.0,0.0,46624.0,0.614887,1.220836,MEX,ECU,21
21318091,138,67,112,1980.0,0.0,21400.0,0.17366900000000002,0.22654699999999997,MEX,ECU,21
21318092,138,67,112,1985.0,0.0,35271.0,0.479921,0.2904,MEX,ECU,21
21318093,138,67,112,1981.0,0.0,37651.0,0.290964,0.241825,MEX,ECU,21
21318094,160,67,112,2020.0,0.0,15115.0,-0.804711,-0.6022270000000001,NIC,ECU,21
21318095,162,67,112,2014.0,0.0,63551.0,1.08881,1.320941,NLD,ECU,21
21318096,162,67,112,1982.0,30596.0,0.0,1.314926,1.8739720000000002,NLD,ECU,21
21318097,162,67,112,1984.0,0.0,3053.0,1.354452,1.957254,NLD,ECU,21
21318098,162,67,112,1966.0,0.0,2321.0,1.509701,2.959854,NLD,ECU,21
21318099,163,67,112,1969.0,0.0,2748.0,1.3578569999999999,1.6963599999999999,NOR,ECU,21
21318100,169,67,112,1996.0,4011.0,0.0,-0.03243,-0.326329,PAN,ECU,21
21318101,169,67,112,2011.0,5882.0,0.0,0.931114,1.1286559999999999,PAN,ECU,21
21318102,169,67,112,2012.0,0.0,41928.0,1.001878,1.18554,PAN,ECU,21
21318103,169,67,112,1997.0,13556.0,0.0,0.0038,0.036532999999999996,PAN,ECU,21
21318104,169,67,112,1998.0,6762.0,0.0,0.016311000000000003,0.436917,PAN,ECU,21
21318105,169,67,112,1999.0,1248.0,0.0,0.141153,0.46716899999999995,PAN,ECU,21
21318106,169,67,112,2000.0,3280.0,0.0,0.107412,0.41455600000000004,PAN,ECU,21
21318107,169,67,112,2003.0,0.0,7875.0,-0.015635,0.13234500000000002,PAN,ECU,21
21318108,169,67,112,1988.0,7319.0,0.0,0.270673,0.08490199999999999,PAN,ECU,21
21318109,169,67,112,1991.0,7204.0,0.0,0.027676999999999997,0.034372,PAN,ECU,21
21318110,169,67,112,1986.0,6382.0,0.0,0.334377,0.07449700000000001,PAN,ECU,21
21318111,169,67,112,1987.0,7291.0,0.0,-0.125724,-0.272366,PAN,ECU,21
21318112,169,67,112,1977.0,0.0,29426.0,-0.28815599999999997,-0.5164340000000001,PAN,ECU,21
21318113,173,67,112,2006.0,1212476.0,0.0,-0.523516,-0.15574100000000002,PER,ECU,21
21318114,173,67,112,2004.0,431953.0,0.0,-0.609837,0.13314,PER,ECU,21
21318115,173,67,112,2005.0,530488.0,33189.0,-0.526764,0.148428,PER,ECU,21
21318116,173,67,112,2007.0,835878.0,89229.0,-0.48878599999999994,-0.11071600000000001,PER,ECU,21
21318117,173,67,112,2008.0,764190.0,0.0,-0.408515,0.219117,PER,ECU,21
21318118,173,67,112,2009.0,213217.0,0.0,-0.48590900000000004,0.399889,PER,ECU,21
21318119,173,67,112,2010.0,305994.0,0.0,-0.639606,0.157111,PER,ECU,21
21318120,173,67,112,2011.0,965151.0,0.0,-0.533594,0.23686999999999997,PER,ECU,21
21318121,173,67,112,2012.0,1495026.0,0.0,-0.47011499999999995,0.340251,PER,ECU,21
21318122,173,67,112,2013.0,1063197.0,0.0,-0.640044,0.121772,PER,ECU,21
21318123,173,67,112,2014.0,2161091.0,0.0,-0.617883,0.427092,PER,ECU,21
21318124,173,67,112,2015.0,2558855.0,0.0,-0.743054,0.165409,PER,ECU,21
21318125,173,67,112,2016.0,1244015.0,0.0,-0.818178,-0.0791,PER,ECU,21
21318126,173,67,112,2017.0,229569.0,0.0,-0.8214469999999999,-0.333306,PER,ECU,21
21318127,173,67,112,2018.0,515490.0,0.0,-0.842934,-0.302396,PER,ECU,21
21318128,173,67,112,2019.0,180009.0,0.0,-0.7897810000000001,-0.26602,PER,ECU,21
21318129,173,67,112,2020.0,107110.0,0.0,-0.8298620000000001,-0.274084,PER,ECU,21
21318130,173,67,112,1996.0,345565.0,2110.0,-0.374308,-0.36733499999999997,PER,ECU,21
21318131,173,67,112,1998.0,356846.0,66888.0,-0.447837,-0.010847,PER,ECU,21
21318132,173,67,112,1999.0,259060.0,2948.0,-0.45143999999999995,-0.067302,PER,ECU,21
21318133,173,67,112,2000.0,381393.0,0.0,-0.390278,-0.018691,PER,ECU,21
21318134,173,67,112,2001.0,383963.0,0.0,-0.318071,0.116602,PER,ECU,21
21318135,173,67,112,2002.0,393764.0,0.0,-0.456603,0.030838,PER,ECU,21
21318136,173,67,112,2003.0,796857.0,0.0,-0.559925,0.20775500000000002,PER,ECU,21
21318137,173,67,112,1995.0,109439.0,61736.0,-0.397938,-0.44838500000000003,PER,ECU,21
21318138,173,67,112,1994.0,146329.0,322119.0,-0.47761800000000004,-0.48931499999999994,PER,ECU,21
21318139,173,67,112,1993.0,233367.0,94852.0,-0.249092,-0.151275,PER,ECU,21
21318140,173,67,112,1987.0,34381.0,587438.0,-0.07572899999999999,-0.255829,PER,ECU,21
21318141,173,67,112,1990.0,0.0,263945.0,-0.197195,-0.298442,PER,ECU,21
21318142,173,67,112,1997.0,450565.0,0.0,-0.603019,-0.365845,PER,ECU,21
21318143,173,67,112,1977.0,0.0,39875.0,-0.170163,-0.409171,PER,ECU,21
21318144,173,67,112,1974.0,0.0,70849.0,-0.29020999999999997,-0.584622,PER,ECU,21
21318145,173,67,112,1984.0,62393.0,0.0,-0.11112999999999999,-0.199243,PER,ECU,21
21318146,173,67,112,1985.0,18580.0,0.0,-0.18748599999999999,-0.277445,PER,ECU,21
21318147,173,67,112,1986.0,20248.0,2001726.0,-0.280296,-0.385429,PER,ECU,21
21318148,173,67,112,1992.0,432096.0,0.0,-0.286545,-0.264638,PER,ECU,21
21318149,173,67,112,1979.0,0.0,84926.0,-0.0328,-0.138155,PER,ECU,21
21318150,173,67,112,1980.0,0.0,132592.0,-0.0009400000000000001,-0.210565,PER,ECU,21
21318151,173,67,112,1981.0,0.0,55832.0,-0.135012,-0.261522,PER,ECU,21
21318152,173,67,112,1982.0,13895.0,0.0,-0.180515,-0.18234,PER,ECU,21
21318153,173,67,112,1988.0,0.0,1633663.0,-0.11088599999999998,-0.280107,PER,ECU,21
21318154,173,67,112,1989.0,2912.0,85357.0,-0.141622,-0.226575,PER,ECU,21
21318155,173,67,112,1991.0,185978.0,0.0,-0.207287,-0.2166,PER,ECU,21
21318156,173,67,112,1983.0,50816.0,0.0,-0.15176800000000001,-0.260991,PER,ECU,21
21318157,173,67,112,1968.0,23815.0,0.0,-0.676242,-0.815086,PER,ECU,21
21318158,173,67,112,1964.0,8960.0,0.0,-0.601869,-0.7638189999999999,PER,ECU,21
21318159,173,67,112,1962.0,0.0,1907.0,-0.568804,-0.763366,PER,ECU,21
21318160,173,67,112,1963.0,0.0,1434.0,-0.671074,-0.786101,PER,ECU,21
21318161,173,67,112,1967.0,23134.0,0.0,-0.5949369999999999,-0.774655,PER,ECU,21
21318162,173,67,112,1969.0,3358.0,0.0,-0.612333,-0.811268,PER,ECU,21
21318163,173,67,112,1971.0,4450.0,0.0,-0.7457020000000001,-0.882229,PER,ECU,21
21318164,173,67,112,1972.0,0.0,55226.0,-0.613971,-0.781961,PER,ECU,21
21318165,173,67,112,1973.0,0.0,256371.0,-0.701576,-0.846441,PER,ECU,21
21318166,179,67,112,1994.0,0.0,140396.0,0.405329,0.877077,PRT,ECU,21
21318167,179,67,112,2001.0,0.0,14333.0,0.688736,1.326716,PRT,ECU,21
21318168,179,67,112,1983.0,0.0,20360.0,0.80371,1.4196229999999999,PRT,ECU,21
21318169,190,67,112,2000.0,53535.0,0.0,-1.446942,-1.216142,SDN,ECU,21
21318170,192,67,112,1979.0,0.0,4448.0,0.418079,1.132749,SGP,ECU,21
21318171,206,67,112,2018.0,0.0,23071.0,1.445669,0.9135850000000001,SVK,ECU,21
21318172,206,67,112,2008.0,0.0,60900.0,1.474019,0.684343,SVK,ECU,21
21318173,206,67,112,2010.0,0.0,55631.0,1.4404780000000001,0.748727,SVK,ECU,21
21318174,206,67,112,2005.0,0.0,143890.0,1.257441,0.99556,SVK,ECU,21
21318175,206,67,112,2006.0,0.0,108586.0,1.3569950000000002,0.8663290000000001,SVK,ECU,21
21318176,206,67,112,2007.0,0.0,294798.0,1.398352,0.6960390000000001,SVK,ECU,21
21318177,206,67,112,2009.0,0.0,22068.0,1.417867,0.7569130000000001,SVK,ECU,21
21318178,206,67,112,2003.0,0.0,58665.0,1.363933,0.9289569999999999,SVK,ECU,21
21318179,206,67,112,2004.0,0.0,105824.0,1.2683149999999999,0.9208620000000001,SVK,ECU,21
21318180,207,67,112,2004.0,0.0,6851.0,1.700677,0.829765,SVN,ECU,21
21318181,208,67,112,1962.0,0.0,22611.0,2.204543,2.995212,SWE,ECU,21
21318182,208,67,112,1963.0,0.0,15387.0,2.146459,2.918374,SWE,ECU,21
21318183,208,67,112,1964.0,0.0,37960.0,2.145611,3.055655,SWE,ECU,21
21318184,208,67,112,1965.0,0.0,18427.0,2.159495,3.0655099999999997,SWE,ECU,21
21318185,212,67,112,1978.0,0.0,15549.0,0.23979499999999998,-0.217529,SYR,ECU,21
21318186,216,67,112,2012.0,199739.0,0.0,1.015684,1.20697,THA,ECU,21
21318187,216,67,112,2013.0,18360.0,0.0,1.067287,1.2767110000000002,THA,ECU,21
21318188,216,67,112,2015.0,103949.0,0.0,1.258262,1.078091,THA,ECU,21
21318189,216,67,112,2016.0,189835.0,0.0,1.3075860000000001,1.151426,THA,ECU,21
21318190,216,67,112,2018.0,6626.0,0.0,1.188923,1.264666,THA,ECU,21
21318191,216,67,112,2004.0,0.0,31317.0,0.633501,1.4648290000000002,THA,ECU,21
21318192,216,67,112,2007.0,0.0,23492.0,0.8744709999999999,1.303316,THA,ECU,21
21318193,216,67,112,2010.0,0.0,26911.0,0.975297,1.292203,THA,ECU,21
21318194,216,67,112,2011.0,50569.0,151627.0,1.0923049999999999,1.3365639999999999,THA,ECU,21
21318195,223,67,112,2011.0,0.0,71039.0,0.44765600000000005,0.949735,TUN,ECU,21
21318196,224,67,112,2011.0,0.0,62289.0,0.593858,2.247072,TUR,ECU,21
21318197,224,67,112,2005.0,0.0,45758.0,0.284484,2.10348,TUR,ECU,21
21318198,224,67,112,2013.0,0.0,36832.0,0.580016,2.394812,TUR,ECU,21
21318199,224,67,112,2004.0,0.0,27110.0,0.249065,1.910598,TUR,ECU,21
21318200,230,67,112,2011.0,0.0,56344.0,0.10006699999999999,0.199222,URY,ECU,21
21318201,230,67,112,2012.0,0.0,79309.0,0.013581000000000001,0.047302,URY,ECU,21
21318202,230,67,112,2005.0,12101.0,0.0,0.133955,0.391302,URY,ECU,21
21318203,230,67,112,1992.0,35127.0,0.0,0.242758,0.711781,URY,ECU,21
21318204,231,67,112,1991.0,0.0,390081.0,1.6767419999999997,1.511651,USA,ECU,21
21318205,231,67,112,1992.0,0.0,161370.0,1.660693,1.289752,USA,ECU,21
21318206,231,67,112,1993.0,17589.0,34661.0,1.7574319999999999,1.02585,USA,ECU,21
21318207,231,67,112,1994.0,75773.0,0.0,1.835279,0.860557,USA,ECU,21
21318208,231,67,112,1995.0,49894.0,0.0,1.798775,0.910509,USA,ECU,21
21318209,231,67,112,1996.0,42134.0,11425.0,1.742391,1.003066,USA,ECU,21
21318210,231,67,112,1997.0,4423.0,16151.0,1.875847,0.46257299999999996,USA,ECU,21
21318211,231,67,112,1999.0,27286.0,8691.0,1.896707,0.37156,USA,ECU,21
21318212,231,67,112,2000.0,62963.0,9700.0,1.9869709999999998,0.021666,USA,ECU,21
21318213,231,67,112,2001.0,97622.0,0.0,1.96615,-0.12332699999999999,USA,ECU,21
21318214,231,67,112,2002.0,0.0,3531.0,1.853174,0.120986,USA,ECU,21
21318215,231,67,112,2003.0,2697.0,31282.0,1.8209830000000002,0.085073,USA,ECU,21
21318216,231,67,112,2005.0,91987.0,51421.0,1.7455470000000002,-0.418916,USA,ECU,21
21318217,231,67,112,2006.0,33782.0,7032.0,1.616918,-0.429924,USA,ECU,21
21318218,231,67,112,2007.0,67881.0,1129.0,1.507629,-0.068172,USA,ECU,21
21318219,231,67,112,2008.0,61614.0,2110.0,1.494243,-0.340183,USA,ECU,21
21318220,231,67,112,2009.0,101746.0,0.0,1.4675049999999998,-0.26011100000000004,USA,ECU,21
21318221,231,67,112,2010.0,108968.0,48342.0,1.564858,-0.667927,USA,ECU,21
21318222,231,67,112,2012.0,48715.0,0.0,1.51134,-0.637794,USA,ECU,21
21318223,231,67,112,2013.0,215394.0,0.0,1.612058,-0.8592989999999999,USA,ECU,21
21318224,231,67,112,2014.0,14276.0,0.0,1.569577,-0.293173,USA,ECU,21
21318225,231,67,112,2016.0,33044.0,0.0,1.6991900000000002,-0.146044,USA,ECU,21
21318226,231,67,112,2019.0,9861.0,0.0,1.5760809999999998,0.19685,USA,ECU,21
21318227,231,67,112,1998.0,10872.0,0.0,1.9350779999999999,0.29075100000000004,USA,ECU,21
21318228,231,67,112,2004.0,6598.0,52055.0,1.818327,-0.17913900000000002,USA,ECU,21
21318229,231,67,112,1964.0,0.0,42227.0,2.039541,1.8314990000000002,USA,ECU,21
21318230,231,67,112,1962.0,0.0,29328.0,2.072395,1.7205400000000002,USA,ECU,21
21318231,231,67,112,1963.0,0.0,29567.0,2.0341259999999997,1.416706,USA,ECU,21
21318232,231,67,112,1969.0,0.0,24691.0,1.9097669999999998,1.7483990000000003,USA,ECU,21
21318233,231,67,112,1974.0,0.0,10410.0,1.5575430000000001,0.946348,USA,ECU,21
21318234,231,67,112,1965.0,0.0,20077.0,2.066792,1.7441380000000002,USA,ECU,21
21318235,231,67,112,1966.0,0.0,63208.0,2.018157,1.481471,USA,ECU,21
21318236,231,67,112,1967.0,10343.0,23645.0,1.9634919999999998,1.826548,USA,ECU,21
21318237,231,67,112,1968.0,0.0,62820.0,1.9577650000000002,1.500362,USA,ECU,21
21318238,231,67,112,1970.0,0.0,61364.0,1.792584,2.206141,USA,ECU,21
21318239,231,67,112,1973.0,0.0,17837.0,1.7948419999999998,2.026,USA,ECU,21
21318240,231,67,112,1975.0,0.0,1341.0,1.626922,1.162917,USA,ECU,21
21318241,231,67,112,1982.0,1433.0,0.0,1.496936,1.2591780000000001,USA,ECU,21
21318242,231,67,112,1985.0,0.0,12609.0,1.6386479999999999,1.518913,USA,ECU,21
21318243,231,67,112,1986.0,76787.0,0.0,1.472246,1.942236,USA,ECU,21
21318244,231,67,112,1987.0,239694.0,0.0,1.504178,1.820397,USA,ECU,21
21318245,231,67,112,1984.0,0.0,5469.0,1.476898,1.614897,USA,ECU,21
21318246,231,67,112,1981.0,65746.0,0.0,1.47046,0.8942190000000001,USA,ECU,21
21318247,231,67,112,1976.0,0.0,3135.0,1.6694509999999998,0.32833,USA,ECU,21
21318248,236,67,112,1996.0,0.0,26541.0,-0.039967,-0.828263,VEN,ECU,21
21318249,236,67,112,2000.0,0.0,20537.0,-0.12500999999999998,-0.8610610000000001,VEN,ECU,21
21318250,236,67,112,2009.0,30952.0,0.0,-0.834899,-1.136707,VEN,ECU,21
21318251,236,67,112,2011.0,30755.0,0.0,-1.6447669999999999,-1.176749,VEN,ECU,21
21318252,236,67,112,2002.0,0.0,51825.0,-0.008877,-0.753486,VEN,ECU,21
21318253,236,67,112,2010.0,265658.0,0.0,-1.2999209999999999,-1.196332,VEN,ECU,21
21318254,236,67,112,2008.0,342018.0,0.0,-1.170569,-1.1018780000000001,VEN,ECU,21
21318255,236,67,112,1974.0,0.0,5204.0,-1.086871,-0.440258,VEN,ECU,21
21318256,239,67,112,2011.0,0.0,14223.0,0.056153999999999996,1.242208,VNM,ECU,21
21318257,239,67,112,2005.0,0.0,12503.0,-0.49631499999999995,0.591896,VNM,ECU,21
21318258,246,67,112,2014.0,1555.0,0.0,0.156414,1.873848,ZAF,ECU,21
21318259,249,67,112,2005.0,0.0,1468.0,1.725238,1.214178,TWN,ECU,21
21318260,249,67,112,2006.0,0.0,6063.0,1.6683169999999998,1.230621,TWN,ECU,21
21318261,1,71,112,1991.0,61796.0,0.0,-0.696774,-0.7306020000000001,AFG,ESP,21
21318262,1,71,112,1993.0,27764.0,0.0,-0.397524,-0.45703599999999994,AFG,ESP,21
21318263,1,71,112,1979.0,466934.0,0.0,-0.304313,-0.760749,AFG,ESP,21
21318264,1,71,112,1990.0,15024.0,0.0,-0.497475,-0.7221569999999999,AFG,ESP,21
21318265,1,71,112,1992.0,106163.0,0.0,-0.347989,-0.539361,AFG,ESP,21
21318266,1,71,112,1994.0,151747.0,0.0,-0.536479,-0.703022,AFG,ESP,21
21318267,1,71,112,1995.0,32557.0,0.0,-0.34636999999999996,-0.5095390000000001,AFG,ESP,21
21318268,1,71,112,1981.0,53349.0,0.0,-0.19664700000000002,-0.696415,AFG,ESP,21
21318269,1,71,112,1984.0,177966.0,0.0,-0.586504,-0.787099,AFG,ESP,21
21318270,1,71,112,1980.0,50752.0,0.0,0.015526,-0.660659,AFG,ESP,21
21318271,1,71,112,1982.0,69621.0,0.0,-0.294662,-0.666574,AFG,ESP,21
21318272,1,71,112,1983.0,138497.0,0.0,-0.594298,-0.847625,AFG,ESP,21
21318273,1,71,112,1985.0,104876.0,0.0,-0.771117,-0.829084,AFG,ESP,21
21318274,1,71,112,1986.0,554309.0,0.0,-0.9025280000000001,-0.844668,AFG,ESP,21
21318275,1,71,112,1987.0,469389.0,0.0,-0.592536,-0.732567,AFG,ESP,21
21318276,1,71,112,1988.0,85414.0,0.0,-0.446223,-0.709383,AFG,ESP,21
21318277,1,71,112,1989.0,27833.0,0.0,-0.7599020000000001,-0.870381,AFG,ESP,21
21318278,1,71,112,1978.0,227737.0,0.0,-0.20910900000000002,-0.6330140000000001,AFG,ESP,21
21318279,2,71,112,2016.0,6335.0,0.0,-0.986722,-1.1941979999999999,AGO,ESP,21
21318280,2,71,112,1969.0,3684.0,0.0,-0.953317,-0.809239,AGO,ESP,21
21318281,2,71,112,1962.0,1367.0,0.0,-0.7256100000000001,-0.703291,AGO,ESP,21
21318282,2,71,112,1966.0,7529.0,0.0,-1.069479,-0.78054,AGO,ESP,21
21318283,2,71,112,1970.0,2695.0,0.0,-1.135575,-0.829997,AGO,ESP,21
21318284,2,71,112,1972.0,6577.0,0.0,-0.960493,-0.7055319999999999,AGO,ESP,21
21318285,2,71,112,1973.0,25933.0,0.0,-0.74871,-0.682407,AGO,ESP,21
21318286,2,71,112,1974.0,32854.0,0.0,-0.92058,-0.773137,AGO,ESP,21
21318287,2,71,112,1975.0,26716.0,0.0,-1.3673389999999999,-0.8511049999999999,AGO,ESP,21
21318288,2,71,112,1984.0,102317.0,0.0,-1.648062,-0.806615,AGO,ESP,21
21318289,2,71,112,1995.0,30474.0,0.0,-2.053099,-1.189339,AGO,ESP,21
21318290,4,71,112,2011.0,0.0,126041.0,-0.35930700000000004,-0.067415,ALB,ESP,21
21318291,4,71,112,2014.0,135062.0,0.0,-0.44000200000000006,-0.168443,ALB,ESP,21
21318292,4,71,112,2012.0,0.0,90341.0,-0.331512,-0.049776,ALB,ESP,21
21318293,4,71,112,2013.0,88292.0,0.0,-0.44779300000000005,-0.13181700000000002,ALB,ESP,21
21318294,4,71,112,2010.0,0.0,17750.0,-0.48301499999999997,-0.143986,ALB,ESP,21
21318295,4,71,112,2016.0,0.0,16593.0,-0.5783550000000001,-0.085516,ALB,ESP,21
21318296,4,71,112,2001.0,3534.0,0.0,-0.137138,0.120093,ALB,ESP,21
21318297,4,71,112,2008.0,8099.0,0.0,-0.305046,-0.055845000000000006,ALB,ESP,21
21318298,4,71,112,2002.0,8313.0,0.0,-0.05800399999999999,0.042254,ALB,ESP,21
21318299,4,71,112,1996.0,148662.0,0.0,-0.42357399999999995,0.090179,ALB,ESP,21
21318300,4,71,112,1989.0,37428.0,0.0,-0.267506,-0.599713,ALB,ESP,21
21318301,4,71,112,1992.0,28329.0,0.0,-0.24194200000000002,-0.395524,ALB,ESP,21
21318302,4,71,112,1997.0,79657.0,0.0,-0.375654,-0.124279,ALB,ESP,21
21318303,4,71,112,1978.0,1520.0,0.0,0.049734,-0.663018,ALB,ESP,21
21318304,4,71,112,1994.0,52180.0,0.0,-0.418512,-0.35825,ALB,ESP,21
21318305,4,71,112,1979.0,139756.0,0.0,-0.10082,-0.639522,ALB,ESP,21
21318306,4,71,112,1993.0,2717.0,0.0,-0.14518699999999998,-0.269615,ALB,ESP,21
21318307,5,71,112,2007.0,42156.0,0.0,1.068026,0.966385,AND,ESP,21
21318308,5,71,112,2009.0,12096.0,1395.0,1.011348,0.8979790000000001,AND,ESP,21
21318309,5,71,112,2013.0,56252.0,0.0,0.874025,0.09135599999999999,AND,ESP,21
21318310,5,71,112,2004.0,43485.0,0.0,1.122154,0.958434,AND,ESP,21
21318311,5,71,112,2006.0,53501.0,0.0,0.986957,0.458078,AND,ESP,21
21318312,5,71,112,2008.0,38075.0,5160.0,1.089322,1.0603040000000001,AND,ESP,21
21318313,5,71,112,2005.0,52861.0,0.0,0.947824,0.534291,AND,ESP,21
21318314,5,71,112,2014.0,42501.0,0.0,0.512367,-0.438594,AND,ESP,21
21318315,5,71,112,2001.0,29531.0,1325.0,0.874555,0.75456,AND,ESP,21
21318316,5,71,112,2003.0,44120.0,0.0,1.154709,0.669565,AND,ESP,21
21318317,5,71,112,2016.0,29092.0,0.0,1.0634370000000002,0.7151069999999999,AND,ESP,21
21318318,5,71,112,2017.0,1685.0,0.0,1.101312,0.593242,AND,ESP,21
21318319,5,71,112,2018.0,1558.0,0.0,1.024277,0.7635689999999999,AND,ESP,21
21318320,5,71,112,2015.0,33410.0,0.0,0.756312,0.5827760000000001,AND,ESP,21
21318321,5,71,112,2010.0,15744.0,0.0,0.8567790000000001,0.876282,AND,ESP,21
21318322,5,71,112,1989.0,251295.0,4649.0,1.288658,0.641962,AND,ESP,21
21318323,5,71,112,1988.0,166404.0,0.0,1.014253,0.305764,AND,ESP,21
21318324,5,71,112,1993.0,94042.0,0.0,0.985766,0.238382,AND,ESP,21
21318325,5,71,112,1996.0,112557.0,0.0,0.9948959999999999,0.58532,AND,ESP,21
21318326,5,71,112,2000.0,121535.0,0.0,1.1846510000000001,0.816685,AND,ESP,21
21318327,5,71,112,2011.0,26047.0,0.0,0.8865,0.661999,AND,ESP,21
21318328,5,71,112,1997.0,115623.0,0.0,1.097696,0.751235,AND,ESP,21
21318329,5,71,112,1998.0,67981.0,1053.0,1.168585,0.746209,AND,ESP,21
21318330,5,71,112,1999.0,60223.0,0.0,0.973459,0.757981,AND,ESP,21
21318331,5,71,112,2012.0,27338.0,0.0,0.968361,0.673964,AND,ESP,21
21318332,5,71,112,1995.0,154503.0,0.0,1.26189,0.71642,AND,ESP,21
21318333,5,71,112,2002.0,46696.0,0.0,1.3229389999999999,0.9635950000000001,AND,ESP,21
21318334,5,71,112,1994.0,207393.0,0.0,1.405774,0.49371499999999996,AND,ESP,21
21318335,5,71,112,1979.0,71604.0,0.0,0.999713,0.346957,AND,ESP,21
21318336,5,71,112,1980.0,79041.0,0.0,1.176125,0.6585770000000001,AND,ESP,21
21318337,5,71,112,1981.0,48068.0,0.0,1.296773,0.972251,AND,ESP,21
21318338,5,71,112,1990.0,189361.0,0.0,1.207315,0.697627,AND,ESP,21
21318339,5,71,112,1991.0,153117.0,0.0,1.302886,0.8942479999999999,AND,ESP,21
21318340,5,71,112,1992.0,155043.0,0.0,1.4058959999999998,0.830189,AND,ESP,21
21318341,5,71,112,1985.0,117812.0,2559.0,0.869497,0.15201199999999998,AND,ESP,21
21318342,5,71,112,1986.0,127734.0,8248.0,0.741917,-0.05945399999999999,AND,ESP,21
21318343,5,71,112,1987.0,189166.0,0.0,0.664812,-0.109202,AND,ESP,21
21318344,5,71,112,1982.0,44642.0,0.0,0.988454,0.342671,AND,ESP,21
21318345,5,71,112,1984.0,70780.0,0.0,1.122901,0.562034,AND,ESP,21
21318346,5,71,112,1974.0,195557.0,0.0,1.014453,0.510174,AND,ESP,21
21318347,5,71,112,1975.0,19731.0,0.0,1.139211,0.764167,AND,ESP,21
21318348,5,71,112,1978.0,80368.0,0.0,1.1496469999999999,0.5124989999999999,AND,ESP,21
21318349,5,71,112,1983.0,34585.0,0.0,1.106674,0.506577,AND,ESP,21
21318350,5,71,112,1973.0,11770.0,0.0,1.254737,0.9044989999999999,AND,ESP,21
21318351,5,71,112,1972.0,14203.0,0.0,1.588432,1.204125,AND,ESP,21
21318352,5,71,112,1971.0,11316.0,0.0,1.154482,0.361592,AND,ESP,21
21318353,5,71,112,1970.0,11513.0,0.0,0.94034,0.295862,AND,ESP,21
21318354,6,71,112,1973.0,14373.0,0.0,0.020674,-0.207117,ANT,ESP,21
21318355,6,71,112,1975.0,3930.0,0.0,-0.5661010000000001,-0.44354,ANT,ESP,21
21318356,6,71,112,1978.0,18848.0,0.0,-0.394343,-0.45265299999999997,ANT,ESP,21
21318357,7,71,112,2013.0,107471.0,6715.0,-0.338417,-0.754102,ARE,ESP,21
21318358,7,71,112,2019.0,0.0,8289.0,-0.530303,-0.996919,ARE,ESP,21
21318359,7,71,112,2018.0,4148.0,67661.0,-0.020214,-0.570049,ARE,ESP,21
21318360,7,71,112,2014.0,0.0,22208.0,-0.121018,-0.51841,ARE,ESP,21
21318361,7,71,112,2016.0,71813.0,5228.0,-0.019275,-0.18309,ARE,ESP,21
21318362,7,71,112,2012.0,0.0,1398.0,0.256232,-0.46518400000000004,ARE,ESP,21
21318363,7,71,112,2008.0,0.0,5427.0,-0.066826,-0.634125,ARE,ESP,21
21318364,7,71,112,2015.0,48441.0,6544.0,-0.055111,-0.43007399999999996,ARE,ESP,21
21318365,7,71,112,2005.0,0.0,13859.0,-0.10233099999999999,-0.486178,ARE,ESP,21
21318366,7,71,112,2010.0,0.0,19480.0,-0.013371000000000001,-0.39050300000000004,ARE,ESP,21
21318367,7,71,112,1991.0,8411.0,0.0,-0.108117,-0.862135,ARE,ESP,21
21318368,7,71,112,1993.0,44839.0,0.0,-0.27213699999999996,-0.857291,ARE,ESP,21
21318369,7,71,112,2000.0,21987.0,0.0,-0.421385,-0.675566,ARE,ESP,21
21318370,7,71,112,2001.0,11175.0,8727.0,-0.217259,-0.613042,ARE,ESP,21
21318371,7,71,112,1988.0,509541.0,0.0,0.028156999999999998,-0.6748609999999999,ARE,ESP,21
21318372,7,71,112,1995.0,41796.0,0.0,-0.21034099999999997,-0.776148,ARE,ESP,21
21318373,7,71,112,1996.0,6245.0,0.0,-0.43356400000000006,-0.8715719999999999,ARE,ESP,21
21318374,7,71,112,1997.0,213904.0,0.0,-0.317351,-0.8786510000000001,ARE,ESP,21
21318375,7,71,112,1998.0,153887.0,0.0,-0.122073,-0.515054,ARE,ESP,21
21318376,7,71,112,1984.0,241014.0,0.0,0.17720999999999998,-0.67656,ARE,ESP,21
21318377,7,71,112,1985.0,333396.0,0.0,0.216344,-0.652098,ARE,ESP,21
21318378,7,71,112,1987.0,536289.0,0.0,0.067237,-0.739627,ARE,ESP,21
21318379,7,71,112,1989.0,1144740.0,0.0,-0.076517,-0.747793,ARE,ESP,21
21318380,7,71,112,1990.0,260543.0,82551.0,-0.30301100000000003,-0.866065,ARE,ESP,21
21318381,7,71,112,1986.0,460542.0,0.0,-0.046546,-0.7218359999999999,ARE,ESP,21
21318382,8,71,112,2003.0,228700.0,554221.0,0.045321,0.659799,ARG,ESP,21
21318383,8,71,112,2004.0,267557.0,139742.0,-0.070845,0.879574,ARG,ESP,21
21318384,8,71,112,2005.0,168779.0,0.0,0.14709,0.947398,ARG,ESP,21
21318385,8,71,112,2006.0,237355.0,0.0,0.076917,1.06231,ARG,ESP,21
21318386,8,71,112,2007.0,586794.0,0.0,-0.044801,0.770332,ARG,ESP,21
21318387,8,71,112,2008.0,93666.0,23503.0,0.096026,0.759927,ARG,ESP,21
21318388,8,71,112,2009.0,9095.0,0.0,0.138952,0.8575149999999999,ARG,ESP,21
21318389,8,71,112,2010.0,134429.0,0.0,0.052101,0.722831,ARG,ESP,21
21318390,8,71,112,2011.0,539558.0,0.0,-0.0037560000000000002,0.583338,ARG,ESP,21
21318391,8,71,112,2012.0,805886.0,0.0,-0.019015,0.548292,ARG,ESP,21
21318392,8,71,112,2013.0,801429.0,0.0,0.042829,0.461002,ARG,ESP,21
21318393,8,71,112,2014.0,986185.0,0.0,-0.047848,0.48062,ARG,ESP,21
21318394,8,71,112,2015.0,310932.0,33264.0,-0.14443499999999998,0.461733,ARG,ESP,21
21318395,8,71,112,2016.0,713409.0,0.0,-0.334847,0.24145100000000003,ARG,ESP,21
21318396,8,71,112,2017.0,193014.0,0.0,-0.268441,0.337024,ARG,ESP,21
21318397,8,71,112,2018.0,13937.0,0.0,-0.239502,0.297865,ARG,ESP,21
21318398,8,71,112,2019.0,73711.0,0.0,-0.25212199999999996,0.213536,ARG,ESP,21
21318399,8,71,112,2001.0,58536.0,0.0,0.11289,0.916845,ARG,ESP,21
21318400,8,71,112,1993.0,711853.0,0.0,0.262499,0.690427,ARG,ESP,21
21318401,8,71,112,1965.0,4583026.0,0.0,0.133389,-0.088328,ARG,ESP,21
21318402,8,71,112,1966.0,5756917.0,0.0,-0.24274400000000002,-0.504053,ARG,ESP,21
21318403,8,71,112,1967.0,3859876.0,0.0,0.165465,-0.064785,ARG,ESP,21
21318404,8,71,112,1980.0,6922243.0,30943.0,0.23432199999999997,1.047671,ARG,ESP,21
21318405,8,71,112,1981.0,7436097.0,0.0,0.313835,0.8986649999999999,ARG,ESP,21
21318406,8,71,112,1982.0,3080234.0,0.0,0.246135,0.7669060000000001,ARG,ESP,21
21318407,8,71,112,1983.0,3560160.0,0.0,0.045672000000000004,0.159716,ARG,ESP,21
21318408,8,71,112,1984.0,3999763.0,0.0,0.048035,0.19725399999999998,ARG,ESP,21
21318409,8,71,112,1985.0,6585460.0,0.0,-0.085315,0.155327,ARG,ESP,21
21318410,8,71,112,1986.0,5785041.0,0.0,0.05454199999999999,0.352452,ARG,ESP,21
21318411,8,71,112,1987.0,6981362.0,25692.0,0.153722,0.688191,ARG,ESP,21
21318412,8,71,112,1988.0,5211848.0,0.0,0.071271,0.78496,ARG,ESP,21
21318413,8,71,112,1989.0,3176741.0,0.0,0.234641,0.985326,ARG,ESP,21
21318414,8,71,112,1990.0,2728434.0,0.0,0.079391,0.81503,ARG,ESP,21
21318415,8,71,112,1991.0,2354402.0,2339.0,0.11498,0.566391,ARG,ESP,21
21318416,8,71,112,1992.0,1151959.0,107408.0,0.043179,0.553408,ARG,ESP,21
21318417,8,71,112,1994.0,1566479.0,0.0,0.011663,0.49076899999999996,ARG,ESP,21
21318418,8,71,112,1995.0,1261714.0,31862.0,0.201849,1.022644,ARG,ESP,21
21318419,8,71,112,1997.0,383029.0,0.0,0.072589,0.965456,ARG,ESP,21
21318420,8,71,112,1998.0,334774.0,0.0,0.051266,0.7827189999999999,ARG,ESP,21
21318421,8,71,112,1999.0,27066.0,0.0,0.096776,0.797369,ARG,ESP,21
21318422,8,71,112,2000.0,140105.0,0.0,0.140533,0.888049,ARG,ESP,21
21318423,8,71,112,2002.0,106995.0,260394.0,0.045376,0.71768,ARG,ESP,21
21318424,8,71,112,1973.0,6705474.0,0.0,0.191245,0.47102,ARG,ESP,21
21318425,8,71,112,1975.0,5104094.0,22428.0,0.43757299999999993,0.8331540000000001,ARG,ESP,21
21318426,8,71,112,1996.0,500436.0,1129.0,0.007199,0.805707,ARG,ESP,21
21318427,8,71,112,1970.0,3996783.0,0.0,0.000177,0.008167,ARG,ESP,21
21318428,8,71,112,1979.0,6224017.0,0.0,0.330959,0.9019870000000001,ARG,ESP,21
21318429,8,71,112,1974.0,3979979.0,0.0,0.36104200000000003,0.660953,ARG,ESP,21
21318430,8,71,112,1969.0,7666975.0,0.0,0.199094,0.23731300000000002,ARG,ESP,21
21318431,8,71,112,1962.0,6172584.0,0.0,-0.27565,-0.526755,ARG,ESP,21
21318432,8,71,112,1963.0,5676831.0,0.0,-0.262306,-0.570354,ARG,ESP,21
21318433,8,71,112,1964.0,4473876.0,0.0,0.22790100000000002,-0.066322,ARG,ESP,21
21318434,8,71,112,1968.0,5345622.0,0.0,0.148111,0.088328,ARG,ESP,21
21318435,8,71,112,1971.0,3089222.0,0.0,0.0024230000000000002,0.084024,ARG,ESP,21
21318436,8,71,112,1972.0,5585142.0,0.0,0.09891,0.403972,ARG,ESP,21
21318437,8,71,112,1978.0,9590832.0,0.0,0.325656,1.077012,ARG,ESP,21
21318438,8,71,112,1976.0,9645249.0,0.0,0.38905100000000004,0.93515,ARG,ESP,21
21318439,8,71,112,1977.0,11663807.0,0.0,0.337935,1.013686,ARG,ESP,21
21318440,9,71,112,2011.0,26801.0,0.0,0.318899,-0.098357,ARM,ESP,21
21318441,14,71,112,2005.0,943926.0,0.0,-0.136324,0.442158,AUS,ESP,21
21318442,14,71,112,2001.0,633522.0,0.0,-0.12189000000000001,0.7281770000000001,AUS,ESP,21
21318443,14,71,112,2004.0,860890.0,0.0,-0.198735,0.81543,AUS,ESP,21
21318444,14,71,112,1998.0,4158370.0,0.0,0.023046,0.778283,AUS,ESP,21
21318445,14,71,112,1999.0,1669275.0,0.0,-0.06909,0.80382,AUS,ESP,21
21318446,14,71,112,2003.0,833340.0,0.0,-0.01927,0.787129,AUS,ESP,21
21318447,14,71,112,2007.0,297619.0,0.0,-0.099254,0.459909,AUS,ESP,21
21318448,14,71,112,2008.0,128960.0,0.0,-0.397162,0.034979,AUS,ESP,21
21318449,14,71,112,2009.0,300826.0,1642.0,-0.358236,0.139989,AUS,ESP,21
21318450,14,71,112,2010.0,395628.0,31443.0,-0.477523,-0.035064,AUS,ESP,21
21318451,14,71,112,2011.0,426793.0,0.0,-0.41334399999999993,-0.095997,AUS,ESP,21
21318452,14,71,112,2012.0,66277.0,0.0,-0.537197,-0.22305300000000003,AUS,ESP,21
21318453,14,71,112,2013.0,515399.0,0.0,-0.63369,-0.276328,AUS,ESP,21
21318454,14,71,112,2014.0,1763888.0,3227.0,-0.587779,-0.29813,AUS,ESP,21
21318455,14,71,112,2015.0,901835.0,0.0,-0.480241,-0.046308999999999996,AUS,ESP,21
21318456,14,71,112,2016.0,1118050.0,0.0,-0.585613,-0.245365,AUS,ESP,21
21318457,14,71,112,2017.0,829759.0,0.0,-0.598537,-0.23571,AUS,ESP,21
21318458,14,71,112,1971.0,1438261.0,0.0,0.019735,0.02329,AUS,ESP,21
21318459,14,71,112,1972.0,2416732.0,0.0,-0.011342,0.078894,AUS,ESP,21
21318460,14,71,112,1974.0,1547752.0,0.0,0.102724,0.198399,AUS,ESP,21
21318461,14,71,112,1979.0,9169366.0,0.0,0.09590599999999999,0.559419,AUS,ESP,21
21318462,14,71,112,2018.0,1610216.0,2787.0,-0.5578930000000001,-0.15666300000000002,AUS,ESP,21
21318463,14,71,112,2019.0,229871.0,0.0,-0.479483,-0.31040999999999996,AUS,ESP,21
21318464,14,71,112,1969.0,3249912.0,5102.0,0.111699,-0.04987,AUS,ESP,21
21318465,14,71,112,1973.0,3370492.0,0.0,-0.12833599999999998,-0.058471,AUS,ESP,21
21318466,14,71,112,1990.0,12366779.0,87204.0,-0.10606600000000001,0.23220300000000002,AUS,ESP,21
21318467,14,71,112,1992.0,7594147.0,0.0,0.083812,0.637224,AUS,ESP,21
21318468,14,71,112,1994.0,5384585.0,0.0,0.150284,0.738228,AUS,ESP,21
21318469,14,71,112,1995.0,8273167.0,126061.0,0.11059100000000001,0.693473,AUS,ESP,21
21318470,14,71,112,2006.0,380479.0,0.0,-0.183265,0.564314,AUS,ESP,21
21318471,14,71,112,2020.0,169073.0,1685.0,-0.523888,-0.29143600000000003,AUS,ESP,21
21318472,14,71,112,1996.0,6501927.0,0.0,0.025253,0.6428189999999999,AUS,ESP,21
21318473,14,71,112,2002.0,791802.0,0.0,-0.052462,0.759617,AUS,ESP,21
21318474,14,71,112,1981.0,3019285.0,0.0,0.073939,0.704983,AUS,ESP,21
21318475,14,71,112,1997.0,7018989.0,0.0,-0.033861,0.647668,AUS,ESP,21
21318476,14,71,112,1984.0,4515358.0,0.0,0.14916500000000002,0.353543,AUS,ESP,21
21318477,14,71,112,1980.0,4970385.0,0.0,0.115151,0.53764,AUS,ESP,21
21318478,14,71,112,1991.0,8239956.0,0.0,0.081934,0.515451,AUS,ESP,21
21318479,14,71,112,1975.0,3397753.0,0.0,-0.007193000000000001,0.31486,AUS,ESP,21
21318480,14,71,112,1982.0,4015604.0,0.0,-0.045926999999999996,0.485706,AUS,ESP,21
21318481,14,71,112,1983.0,3062624.0,0.0,0.094068,0.551489,AUS,ESP,21
21318482,14,71,112,1985.0,11644068.0,0.0,0.023471000000000002,0.23764699999999997,AUS,ESP,21
21318483,14,71,112,1986.0,28467652.0,0.0,-0.071604,0.19330999999999998,AUS,ESP,21
21318484,14,71,112,1987.0,49109113.0,0.0,0.113347,0.380457,AUS,ESP,21
21318485,14,71,112,1988.0,31338423.0,1003.0,0.004738,0.599427,AUS,ESP,21
21318486,14,71,112,1989.0,15902508.0,4057.0,0.075613,0.524821,AUS,ESP,21
21318487,14,71,112,2000.0,1101421.0,0.0,0.039636000000000005,1.001203,AUS,ESP,21
21318488,14,71,112,1963.0,2223841.0,0.0,0.200155,-0.14443599999999998,AUS,ESP,21
21318489,14,71,112,1967.0,985498.0,0.0,0.24582600000000002,-0.050793,AUS,ESP,21
21318490,14,71,112,1993.0,4252825.0,0.0,0.14340999999999998,0.673521,AUS,ESP,21
21318491,14,71,112,1970.0,1241353.0,0.0,0.012313,-0.13783800000000002,AUS,ESP,21
21318492,14,71,112,1966.0,2174009.0,0.0,0.455635,0.253223,AUS,ESP,21
21318493,14,71,112,1964.0,3207529.0,3409.0,0.318204,-0.167216,AUS,ESP,21
21318494,14,71,112,1965.0,1708547.0,0.0,0.25408200000000003,-0.186932,AUS,ESP,21
21318495,14,71,112,1968.0,1666735.0,0.0,0.215398,0.115257,AUS,ESP,21
21318496,14,71,112,1962.0,2323448.0,0.0,0.100563,-0.259536,AUS,ESP,21
21318497,14,71,112,1978.0,9542348.0,0.0,0.158999,0.59919,AUS,ESP,21
21318498,14,71,112,1976.0,4955282.0,0.0,0.032161,0.202079,AUS,ESP,21
21318499,15,71,112,2016.0,9928287.0,14424797.0,1.743944,-0.051155,AUT,ESP,21
21318500,15,71,112,1997.0,649177.0,334869.0,1.904005,0.445169,AUT,ESP,21
21318501,15,71,112,2005.0,2119957.0,10997237.0,1.884941,-0.037591,AUT,ESP,21
21318502,15,71,112,1995.0,408858.0,20544.0,2.066799,0.43970299999999995,AUT,ESP,21
21318503,15,71,112,1996.0,210838.0,166105.0,2.012626,0.395525,AUT,ESP,21
21318504,15,71,112,1999.0,1242095.0,415304.0,1.8405310000000001,0.5337350000000001,AUT,ESP,21
21318505,15,71,112,2000.0,1503310.0,287687.0,1.823798,0.465513,AUT,ESP,21
21318506,15,71,112,2011.0,3812485.0,10839184.0,1.7686689999999998,-0.714754,AUT,ESP,21
21318507,15,71,112,2003.0,2829562.0,16241403.0,1.931225,0.2033,AUT,ESP,21
21318508,15,71,112,2004.0,2527567.0,12965428.0,1.958949,0.209296,AUT,ESP,21
21318509,15,71,112,2006.0,3001090.0,13023037.0,1.772588,-0.008943000000000001,AUT,ESP,21
21318510,15,71,112,2007.0,3039383.0,12001168.0,1.787666,-0.678863,AUT,ESP,21
21318511,15,71,112,2008.0,2261581.0,8958141.0,1.7179959999999999,-0.8444709999999999,AUT,ESP,21
21318512,15,71,112,2009.0,1721694.0,5631549.0,1.746436,-0.6186619999999999,AUT,ESP,21
21318513,15,71,112,2010.0,2276443.0,10212898.0,1.8190060000000001,-0.6441439999999999,AUT,ESP,21
21318514,15,71,112,2012.0,4845466.0,10457535.0,1.710955,-0.8860399999999999,AUT,ESP,21
21318515,15,71,112,2013.0,6278988.0,14501014.0,1.855434,-1.06494,AUT,ESP,21
21318516,15,71,112,2014.0,4916843.0,14598741.0,1.782532,-0.84455,AUT,ESP,21
21318517,15,71,112,2015.0,3229154.0,11904994.0,1.85844,-0.537455,AUT,ESP,21
21318518,15,71,112,2017.0,2705386.0,10016.0,1.722766,-0.077938,AUT,ESP,21
21318519,15,71,112,2018.0,1854718.0,38450.0,1.798687,-0.557271,AUT,ESP,21
21318520,15,71,112,2019.0,1415350.0,25342.0,1.7627810000000002,-0.256891,AUT,ESP,21
21318521,15,71,112,2020.0,1081516.0,20950.0,1.695555,-0.14757699999999999,AUT,ESP,21
21318522,15,71,112,1998.0,1035209.0,1131507.0,1.878212,0.373222,AUT,ESP,21
21318523,15,71,112,1994.0,561843.0,8015.0,2.023375,0.591611,AUT,ESP,21
21318524,15,71,112,2002.0,1813420.0,6930140.0,1.866997,0.400527,AUT,ESP,21
21318525,15,71,112,2001.0,1641676.0,368352.0,1.8987740000000002,0.45922700000000005,AUT,ESP,21
21318526,15,71,112,1972.0,17003.0,5409.0,2.010827,1.109112,AUT,ESP,21
21318527,15,71,112,1986.0,997622.0,0.0,1.966492,1.209025,AUT,ESP,21
21318528,15,71,112,1968.0,26453.0,128753.0,1.94925,1.6721810000000001,AUT,ESP,21
21318529,15,71,112,1969.0,8022.0,62483.0,2.046971,1.612715,AUT,ESP,21
21318530,15,71,112,1985.0,1377908.0,0.0,1.8110509999999997,0.8526870000000001,AUT,ESP,21
21318531,15,71,112,1973.0,50142.0,0.0,2.003425,0.975582,AUT,ESP,21
21318532,15,71,112,1974.0,143069.0,0.0,1.6841439999999999,0.107597,AUT,ESP,21
21318533,15,71,112,1978.0,96729.0,0.0,1.8295560000000002,1.026969,AUT,ESP,21
21318534,15,71,112,1979.0,107866.0,5582.0,1.6914310000000001,0.975253,AUT,ESP,21
21318535,15,71,112,1980.0,377785.0,75351.0,1.560632,0.525413,AUT,ESP,21
21318536,15,71,112,1984.0,1286913.0,0.0,1.702559,0.743392,AUT,ESP,21
21318537,15,71,112,1987.0,538052.0,33311.0,1.8749349999999998,1.286508,AUT,ESP,21
21318538,15,71,112,1988.0,443954.0,63309.0,1.8688369999999999,1.0031459999999999,AUT,ESP,21
21318539,15,71,112,1971.0,2132.0,44680.0,1.984568,0.9571209999999999,AUT,ESP,21
21318540,15,71,112,1975.0,26340.0,0.0,1.845171,-0.25403400000000004,AUT,ESP,21
21318541,15,71,112,1981.0,317686.0,461953.0,1.5699100000000001,0.303125,AUT,ESP,21
21318542,15,71,112,1963.0,0.0,36727.0,2.054019,2.405647,AUT,ESP,21
21318543,15,71,112,1964.0,0.0,50366.0,2.0803279999999997,2.370025,AUT,ESP,21
21318544,15,71,112,1965.0,0.0,81267.0,2.128641,2.558615,AUT,ESP,21
21318545,15,71,112,1966.0,8572.0,57079.0,2.0353790000000003,2.0373229999999998,AUT,ESP,21
21318546,15,71,112,1967.0,1459.0,124347.0,2.062091,1.739353,AUT,ESP,21
21318547,15,71,112,1970.0,0.0,50045.0,2.025504,1.479027,AUT,ESP,21
21318548,15,71,112,1982.0,402090.0,9054.0,1.6774360000000001,0.376798,AUT,ESP,21
21318549,15,71,112,1983.0,895380.0,0.0,1.6920009999999999,0.7196020000000001,AUT,ESP,21
21318550,15,71,112,1989.0,772218.0,20732.0,1.9229009999999997,0.8210799999999999,AUT,ESP,21
21318551,15,71,112,1990.0,1122415.0,158139.0,2.0186759999999997,0.9121309999999999,AUT,ESP,21
21318552,15,71,112,1992.0,119953.0,0.0,1.975207,0.669388,AUT,ESP,21
21318553,15,71,112,1991.0,423114.0,6259.0,1.996156,0.975916,AUT,ESP,21
21318554,15,71,112,1993.0,231528.0,10538.0,1.998111,0.504157,AUT,ESP,21
21318555,15,71,112,1962.0,0.0,43064.0,2.045399,2.510272,AUT,ESP,21
21318556,16,71,112,2011.0,215777.0,0.0,-1.529541,-1.272881,AZE,ESP,21
21318557,16,71,112,2017.0,0.0,2839.0,-1.665069,-1.37471,AZE,ESP,21
21318558,16,71,112,2019.0,1969.0,0.0,-1.255204,-1.307994,AZE,ESP,21
21318559,16,71,112,2007.0,424220.0,0.0,-1.2129450000000002,-1.238228,AZE,ESP,21
21318560,16,71,112,1995.0,17893.0,0.0,-0.389758,-0.8834299999999999,AZE,ESP,21
21318561,17,71,112,1997.0,48145.0,0.0,-1.5636430000000001,-1.0257479999999999,BDI,ESP,21
21318562,17,71,112,1993.0,113970.0,0.0,-0.982267,-0.949416,BDI,ESP,21
21318563,17,71,112,1994.0,848281.0,0.0,-1.4184860000000001,-1.071494,BDI,ESP,21
21318564,17,71,112,1995.0,1199506.0,0.0,-1.58388,-0.9716899999999999,BDI,ESP,21
21318565,17,71,112,1996.0,927492.0,0.0,-1.037716,-0.9776,BDI,ESP,21
21318566,17,71,112,1999.0,10587.0,0.0,-1.553101,-1.092833,BDI,ESP,21
21318567,17,71,112,2000.0,924595.0,0.0,-1.104559,-0.979765,BDI,ESP,21
21318568,17,71,112,2001.0,13575.0,0.0,-0.5069600000000001,-0.7808609999999999,BDI,ESP,21
21318569,17,71,112,1973.0,375002.0,0.0,-1.1769450000000001,-0.822684,BDI,ESP,21
21318570,17,71,112,1988.0,742570.0,0.0,-1.299856,-0.947414,BDI,ESP,21
21318571,17,71,112,1990.0,1524584.0,0.0,-0.908518,-0.862194,BDI,ESP,21
21318572,17,71,112,1985.0,290451.0,0.0,-1.637501,-0.717067,BDI,ESP,21
21318573,17,71,112,1992.0,521187.0,0.0,-1.222854,-0.927959,BDI,ESP,21
21318574,17,71,112,1974.0,322688.0,0.0,-0.513584,-0.638314,BDI,ESP,21
21318575,17,71,112,1980.0,26070.0,0.0,-1.34804,-0.580281,BDI,ESP,21
21318576,17,71,112,1987.0,306388.0,0.0,-1.470276,-0.866034,BDI,ESP,21
21318577,17,71,112,1991.0,634783.0,0.0,-1.48932,-0.9703360000000001,BDI,ESP,21
21318578,17,71,112,1978.0,179975.0,0.0,-0.8549180000000001,-0.6886979999999999,BDI,ESP,21
21318579,17,71,112,1979.0,269568.0,0.0,-1.267292,-0.72023,BDI,ESP,21
21318580,17,71,112,1981.0,150927.0,0.0,-1.2801870000000002,-0.6227010000000001,BDI,ESP,21
21318581,17,71,112,1982.0,103290.0,0.0,-1.214876,-0.623736,BDI,ESP,21
21318582,17,71,112,1986.0,124744.0,0.0,-1.612922,-0.8267959999999999,BDI,ESP,21
21318583,17,71,112,1989.0,1161319.0,0.0,-1.831759,-0.940581,BDI,ESP,21
21318584,17,71,112,1984.0,433994.0,0.0,-1.30986,-0.728966,BDI,ESP,21
21318585,17,71,112,1968.0,102211.0,0.0,-0.8680040000000001,-0.673427,BDI,ESP,21
21318586,17,71,112,1971.0,126585.0,0.0,-1.104948,-0.68698,BDI,ESP,21
21318587,17,71,112,1972.0,230442.0,0.0,-1.404302,-0.648108,BDI,ESP,21
21318588,17,71,112,1975.0,286390.0,0.0,-0.7636270000000001,-0.537245,BDI,ESP,21
21318589,17,71,112,1976.0,555023.0,0.0,-0.870943,-0.528018,BDI,ESP,21
21318590,17,71,112,1967.0,107415.0,0.0,-1.190259,-0.61965,BDI,ESP,21
21318591,17,71,112,1969.0,241556.0,0.0,-1.295139,-0.749128,BDI,ESP,21
21318592,17,71,112,1970.0,234858.0,0.0,-0.703408,-0.662579,BDI,ESP,21
21318593,18,71,112,2016.0,1083594.0,147224.0,1.2947110000000002,1.113058,BEL,ESP,21
21318594,18,71,112,2017.0,885323.0,0.0,1.2396969999999998,1.1699760000000001,BEL,ESP,21
21318595,18,71,112,2018.0,399393.0,42241.0,1.244674,1.1368969999999998,BEL,ESP,21
21318596,18,71,112,2019.0,266967.0,1818.0,1.187591,1.2584870000000001,BEL,ESP,21
21318597,18,71,112,2020.0,54992.0,43406.0,1.1330120000000001,1.331307,BEL,ESP,21
21318598,18,71,112,1993.0,2539352.0,1078188.0,1.5457040000000002,1.4449379999999998,BEL,ESP,21
21318599,18,71,112,1994.0,2696934.0,930069.0,1.481468,1.5816299999999999,BEL,ESP,21
21318600,18,71,112,1995.0,2941381.0,841552.0,1.565464,1.38388,BEL,ESP,21
21318601,18,71,112,1996.0,2083769.0,2527520.0,1.5604850000000001,1.30819,BEL,ESP,21
21318602,18,71,112,2003.0,2879919.0,3024818.0,1.3965020000000001,1.345869,BEL,ESP,21
21318603,18,71,112,2007.0,2704688.0,2782078.0,1.137469,1.307238,BEL,ESP,21
21318604,18,71,112,2009.0,766579.0,3228346.0,1.2113450000000001,1.057143,BEL,ESP,21
21318605,18,71,112,2010.0,1413704.0,4591321.0,1.1759540000000002,1.181653,BEL,ESP,21
21318606,18,71,112,2011.0,1878826.0,1928192.0,1.13059,1.329762,BEL,ESP,21
21318607,18,71,112,2012.0,2398127.0,1445594.0,1.06425,1.369205,BEL,ESP,21
21318608,18,71,112,2013.0,2334886.0,707115.0,1.198491,1.117268,BEL,ESP,21
21318609,18,71,112,2014.0,2664861.0,4255897.0,1.182934,1.1967139999999998,BEL,ESP,21
21318610,18,71,112,2015.0,1278975.0,634662.0,1.312864,0.9788950000000001,BEL,ESP,21
21318611,18,71,112,1991.0,1226565.0,638653.0,1.542643,1.739768,BEL,ESP,21
21318612,18,71,112,1992.0,1984210.0,220426.0,1.449085,1.622957,BEL,ESP,21
21318613,18,71,112,1997.0,1841441.0,3195862.0,1.470183,1.312167,BEL,ESP,21
21318614,18,71,112,2000.0,2536291.0,5800984.0,1.382578,1.406981,BEL,ESP,21
21318615,18,71,112,2001.0,3766260.0,1913559.0,1.425483,1.3072409999999999,BEL,ESP,21
21318616,18,71,112,2002.0,3705359.0,1047663.0,1.424339,1.372755,BEL,ESP,21
21318617,18,71,112,2004.0,2093876.0,3896679.0,1.242665,1.541444,BEL,ESP,21
21318618,18,71,112,2005.0,3179057.0,3015651.0,1.2539719999999999,1.3787459999999998,BEL,ESP,21
21318619,18,71,112,2006.0,3124700.0,2419844.0,1.234224,1.308065,BEL,ESP,21
21318620,18,71,112,2008.0,1599353.0,1278655.0,1.177315,1.140815,BEL,ESP,21
21318621,18,71,112,1998.0,2039844.0,3399440.0,1.429865,1.329693,BEL,ESP,21
21318622,18,71,112,1999.0,2527281.0,3974289.0,1.4232719999999999,1.311186,BEL,ESP,21
21318623,18,71,112,1968.0,53186.0,74990.0,1.529065,2.472506,BEL,ESP,21
21318624,18,71,112,1969.0,81448.0,60035.0,1.558182,2.5095509999999996,BEL,ESP,21
21318625,18,71,112,1970.0,22509.0,59666.0,1.5717430000000001,2.276796,BEL,ESP,21
21318626,18,71,112,1971.0,61924.0,48031.0,1.495689,2.262083,BEL,ESP,21
21318627,18,71,112,1972.0,292733.0,9898.0,1.5809819999999999,2.273831,BEL,ESP,21
21318628,18,71,112,1973.0,150537.0,11098.0,1.617181,2.131417,BEL,ESP,21
21318629,18,71,112,1974.0,465251.0,60785.0,1.38634,1.794044,BEL,ESP,21
21318630,18,71,112,1978.0,565679.0,27771.0,1.5812,1.731109,BEL,ESP,21
21318631,18,71,112,1979.0,1207245.0,517349.0,1.48668,1.842152,BEL,ESP,21
21318632,18,71,112,1986.0,1752815.0,362560.0,1.455742,2.022887,BEL,ESP,21
21318633,18,71,112,1987.0,3125384.0,829966.0,1.4290200000000002,1.870408,BEL,ESP,21
21318634,18,71,112,1980.0,383765.0,973017.0,1.361474,1.655957,BEL,ESP,21
21318635,18,71,112,1981.0,721655.0,318174.0,1.3510309999999999,1.5635370000000002,BEL,ESP,21
21318636,18,71,112,1982.0,293164.0,28728.0,1.344484,1.731539,BEL,ESP,21
21318637,18,71,112,1983.0,144151.0,60039.0,1.371523,1.816687,BEL,ESP,21
21318638,18,71,112,1984.0,227822.0,202440.0,1.429893,1.7038919999999997,BEL,ESP,21
21318639,18,71,112,1985.0,560200.0,205465.0,1.4597870000000002,1.817793,BEL,ESP,21
21318640,18,71,112,1988.0,4012336.0,65339.0,1.4461,1.711466,BEL,ESP,21
21318641,18,71,112,1989.0,2648555.0,46030.0,1.40839,1.7769849999999998,BEL,ESP,21
21318642,18,71,112,1990.0,2550020.0,123396.0,1.448885,1.8094419999999998,BEL,ESP,21
21318643,18,71,112,1975.0,428380.0,41837.0,1.435066,1.664654,BEL,ESP,21
21318644,18,71,112,1962.0,5904.0,99503.0,1.67575,2.613793,BEL,ESP,21
21318645,18,71,112,1963.0,67034.0,117494.0,1.605264,2.751802,BEL,ESP,21
21318646,18,71,112,1964.0,26723.0,134186.0,1.601512,2.7461889999999998,BEL,ESP,21
21318647,18,71,112,1965.0,22152.0,100564.0,1.6468479999999999,2.740453,BEL,ESP,21
21318648,18,71,112,1966.0,21129.0,119179.0,1.564819,2.587675,BEL,ESP,21
21318649,18,71,112,1967.0,4779.0,83800.0,1.4808780000000001,2.584445,BEL,ESP,21
21318650,18,71,112,1976.0,501725.0,330646.0,1.4676559999999998,1.6875950000000002,BEL,ESP,21
21318651,18,71,112,1977.0,717392.0,147937.0,1.352744,1.3407799999999999,BEL,ESP,21
21318652,19,71,112,2013.0,11659.0,0.0,-0.924213,-0.8181390000000001,BEN,ESP,21
21318653,19,71,112,2002.0,33882.0,0.0,-0.7683840000000001,-0.7984319999999999,BEN,ESP,21
21318654,19,71,112,2018.0,0.0,14161.0,-0.775822,-0.800248,BEN,ESP,21
21318655,19,71,112,1992.0,7526.0,0.0,-1.206267,-0.855159,BEN,ESP,21
21318656,19,71,112,2001.0,6649.0,0.0,-0.9032530000000001,-0.8979590000000001,BEN,ESP,21
21318657,19,71,112,2008.0,2040.0,0.0,-1.2946280000000001,-1.038691,BEN,ESP,21
21318658,19,71,112,2009.0,1124.0,0.0,-0.8708100000000001,-0.7330979999999999,BEN,ESP,21
21318659,19,71,112,1978.0,18103.0,0.0,-0.917119,-0.8344309999999999,BEN,ESP,21
21318660,19,71,112,2006.0,1697.0,0.0,-1.093919,-0.9748319999999999,BEN,ESP,21
21318661,19,71,112,2007.0,1378.0,0.0,-1.112183,-1.019476,BEN,ESP,21
21318662,19,71,112,1986.0,260578.0,0.0,-1.51271,-0.857433,BEN,ESP,21
21318663,19,71,112,1979.0,307932.0,0.0,-0.11461500000000001,-0.46908599999999995,BEN,ESP,21
21318664,19,71,112,1990.0,36756.0,0.0,-0.476497,-0.663698,BEN,ESP,21
21318665,21,71,112,2001.0,20351.0,0.0,-0.24546199999999999,0.00141,BFA,ESP,21
21318666,21,71,112,1972.0,159303.0,0.0,-0.663367,-0.785816,BFA,ESP,21
21318667,21,71,112,1973.0,409726.0,0.0,-0.6370680000000001,-0.804413,BFA,ESP,21
21318668,21,71,112,1980.0,318187.0,0.0,-0.32354099999999997,-0.616514,BFA,ESP,21
21318669,21,71,112,1981.0,293177.0,0.0,0.10885299999999999,-0.319764,BFA,ESP,21
21318670,21,71,112,1982.0,471048.0,0.0,-0.35236300000000004,-0.6368020000000001,BFA,ESP,21
21318671,21,71,112,1983.0,33712.0,0.0,-0.266304,-0.617838,BFA,ESP,21
21318672,21,71,112,1989.0,3756279.0,0.0,-0.6556569999999999,-0.9037950000000001,BFA,ESP,21
21318673,21,71,112,1990.0,2995754.0,0.0,-0.793267,-0.969306,BFA,ESP,21
21318674,21,71,112,1991.0,1894317.0,0.0,-0.621526,-0.931449,BFA,ESP,21
21318675,21,71,112,1994.0,1368068.0,0.0,-0.9379790000000001,-1.0636860000000001,BFA,ESP,21
21318676,21,71,112,1967.0,24444.0,0.0,-0.313781,-0.6151340000000001,BFA,ESP,21
21318677,21,71,112,1974.0,54735.0,0.0,-0.23380700000000001,-0.550686,BFA,ESP,21
21318678,21,71,112,1978.0,717826.0,0.0,-0.08244800000000001,-0.5232289999999999,BFA,ESP,21
21318679,21,71,112,1996.0,37341.0,0.0,-0.6722739999999999,-0.9167639999999999,BFA,ESP,21
21318680,21,71,112,1979.0,582972.0,0.0,-0.130998,-0.47266800000000003,BFA,ESP,21
21318681,21,71,112,1995.0,2721179.0,0.0,-0.6246189999999999,-0.954433,BFA,ESP,21
21318682,21,71,112,1985.0,1445331.0,0.0,-0.47902799999999995,-0.783626,BFA,ESP,21
21318683,21,71,112,1987.0,1965353.0,0.0,-0.518177,-0.8128810000000001,BFA,ESP,21
21318684,21,71,112,1988.0,2312819.0,0.0,-0.525113,-0.9132120000000001,BFA,ESP,21
21318685,21,71,112,1986.0,1742903.0,0.0,-0.748524,-0.9246979999999999,BFA,ESP,21
21318686,21,71,112,1992.0,850028.0,0.0,-1.176898,-1.092949,BFA,ESP,21
21318687,21,71,112,1984.0,823371.0,0.0,-1.018393,-0.8785069999999999,BFA,ESP,21
21318688,21,71,112,1993.0,1441501.0,0.0,-0.291444,-0.9675819999999999,BFA,ESP,21
21318689,21,71,112,1976.0,16538.0,0.0,0.046881,-0.380298,BFA,ESP,21
21318690,21,71,112,1977.0,433187.0,0.0,0.0073219999999999995,-0.46341000000000004,BFA,ESP,21
21318691,22,71,112,2003.0,27812.0,0.0,-1.157764,-1.119534,BGD,ESP,21
21318692,22,71,112,2011.0,11935.0,0.0,-0.7796649999999999,-0.8552770000000001,BGD,ESP,21
21318693,22,71,112,1998.0,7339.0,0.0,-0.762826,-0.907676,BGD,ESP,21
21318694,22,71,112,2004.0,6964.0,0.0,-1.074194,-0.9392389999999999,BGD,ESP,21
21318695,22,71,112,2007.0,0.0,6540.0,-0.593223,-0.6573060000000001,BGD,ESP,21
21318696,22,71,112,1978.0,1873.0,0.0,-0.632162,-0.860944,BGD,ESP,21
21318697,22,71,112,1979.0,34299.0,0.0,-0.608768,-0.834782,BGD,ESP,21
21318698,22,71,112,1980.0,5733.0,0.0,-0.318323,-0.717396,BGD,ESP,21
21318699,22,71,112,1984.0,1212.0,0.0,-0.582716,-0.8650959999999999,BGD,ESP,21
21318700,22,71,112,1993.0,10468.0,0.0,-0.782145,-1.062357,BGD,ESP,21
21318701,22,71,112,1995.0,41071.0,0.0,-0.579547,-0.765588,BGD,ESP,21
21318702,22,71,112,2009.0,0.0,1845.0,-0.80587,-0.8794540000000001,BGD,ESP,21
21318703,22,71,112,2012.0,104131.0,1881.0,-0.62037,-0.6858350000000001,BGD,ESP,21
21318704,22,71,112,1974.0,17695.0,0.0,-0.403318,-0.734943,BGD,ESP,21
21318705,23,71,112,2000.0,193377.0,0.0,0.47338800000000003,1.7633599999999998,BGR,ESP,21
21318706,23,71,112,2015.0,296708.0,0.0,0.469555,1.70135,BGR,ESP,21
21318707,23,71,112,2016.0,239506.0,0.0,0.509062,1.804648,BGR,ESP,21
21318708,23,71,112,1999.0,121086.0,0.0,0.42093800000000003,1.8967630000000002,BGR,ESP,21
21318709,23,71,112,2019.0,62624.0,999667.0,0.53485,2.000372,BGR,ESP,21
21318710,23,71,112,2013.0,982275.0,0.0,0.622325,1.5506229999999999,BGR,ESP,21
21318711,23,71,112,2017.0,313098.0,9244.0,0.563342,1.744989,BGR,ESP,21
21318712,23,71,112,2018.0,106649.0,0.0,0.516917,1.915288,BGR,ESP,21
21318713,23,71,112,2007.0,235024.0,0.0,0.46423000000000003,1.7318240000000003,BGR,ESP,21
21318714,23,71,112,2008.0,42688.0,1907.0,0.472217,1.800644,BGR,ESP,21
21318715,23,71,112,2009.0,0.0,2391.0,0.489092,1.7726549999999999,BGR,ESP,21
21318716,23,71,112,2010.0,29945.0,0.0,0.478274,1.682027,BGR,ESP,21
21318717,23,71,112,1992.0,102681.0,0.0,0.503161,1.871616,BGR,ESP,21
21318718,23,71,112,1996.0,212993.0,0.0,0.510789,1.749248,BGR,ESP,21
21318719,23,71,112,1998.0,380809.0,0.0,0.520346,1.747118,BGR,ESP,21
21318720,23,71,112,1997.0,180105.0,0.0,0.523226,1.4133959999999999,BGR,ESP,21
21318721,23,71,112,1973.0,13692.0,0.0,0.837123,1.452292,BGR,ESP,21
21318722,23,71,112,2012.0,602118.0,129868.0,0.601161,1.594487,BGR,ESP,21
21318723,23,71,112,2004.0,1285996.0,271243.0,0.390627,1.631006,BGR,ESP,21
21318724,23,71,112,2001.0,375101.0,80992.0,0.46429799999999993,1.7500380000000002,BGR,ESP,21
21318725,23,71,112,2002.0,1412990.0,0.0,0.468058,1.644037,BGR,ESP,21
21318726,23,71,112,2003.0,570380.0,0.0,0.43313599999999997,1.7457740000000002,BGR,ESP,21
21318727,23,71,112,2006.0,639269.0,520523.0,0.490234,1.581841,BGR,ESP,21
21318728,23,71,112,2005.0,661888.0,2212853.0,0.399413,1.63547,BGR,ESP,21
21318729,23,71,112,2014.0,1527834.0,0.0,0.611912,1.594597,BGR,ESP,21
21318730,23,71,112,1964.0,0.0,6133.0,0.654594,0.280685,BGR,ESP,21
21318731,23,71,112,1985.0,20090.0,0.0,0.920301,1.766372,BGR,ESP,21
21318732,23,71,112,1993.0,232591.0,0.0,0.413613,1.595477,BGR,ESP,21
21318733,23,71,112,1967.0,0.0,88026.0,0.35336999999999996,-0.035302999999999994,BGR,ESP,21
21318734,23,71,112,1983.0,23929.0,0.0,0.833025,1.489354,BGR,ESP,21
21318735,23,71,112,1988.0,4665.0,0.0,0.6558579999999999,1.48212,BGR,ESP,21
21318736,23,71,112,1994.0,1052792.0,0.0,0.39016799999999996,1.6872169999999997,BGR,ESP,21
21318737,23,71,112,1995.0,161309.0,0.0,0.349569,1.401569,BGR,ESP,21
21318738,23,71,112,1987.0,45913.0,0.0,0.6340859999999999,1.289817,BGR,ESP,21
21318739,23,71,112,1986.0,67649.0,0.0,0.7127359999999999,1.232422,BGR,ESP,21
21318740,23,71,112,1984.0,30102.0,0.0,0.868516,1.669132,BGR,ESP,21
21318741,23,71,112,1972.0,0.0,13415.0,0.705543,1.106487,BGR,ESP,21
21318742,24,71,112,2011.0,0.0,1789.0,-0.289197,-0.983239,BHR,ESP,21
21318743,24,71,112,1974.0,6316.0,0.0,0.149831,-0.525614,BHR,ESP,21
21318744,24,71,112,1983.0,0.0,42592.0,1.199411,-0.019603,BHR,ESP,21
21318745,24,71,112,1986.0,8071.0,0.0,0.360969,-0.589222,BHR,ESP,21
21318746,24,71,112,1999.0,0.0,2175.0,-0.31079,-1.013903,BHR,ESP,21
21318747,24,71,112,1987.0,64470.0,0.0,0.587974,-0.5055270000000001,BHR,ESP,21
21318748,24,71,112,1978.0,58975.0,0.0,-0.531014,-0.64102,BHR,ESP,21
21318749,26,71,112,2008.0,46941.0,156711.0,0.6205890000000001,1.059939,BIH,ESP,21
21318750,26,71,112,2009.0,96026.0,0.0,0.6194189999999999,0.94309,BIH,ESP,21
21318751,26,71,112,2010.0,1921.0,0.0,0.582083,1.09815,BIH,ESP,21
21318752,26,71,112,2013.0,29912.0,0.0,0.723658,0.9271879999999999,BIH,ESP,21
21318753,26,71,112,2017.0,20458.0,0.0,0.584825,0.9219,BIH,ESP,21
21318754,26,71,112,2018.0,44914.0,0.0,0.676528,0.8948299999999999,BIH,ESP,21
21318755,26,71,112,2003.0,344400.0,0.0,0.210686,0.33253699999999997,BIH,ESP,21
21318756,26,71,112,2007.0,61471.0,0.0,0.65154,0.798512,BIH,ESP,21
21318757,26,71,112,2011.0,48896.0,0.0,0.66582,1.033008,BIH,ESP,21
21318758,26,71,112,2019.0,6666.0,0.0,0.744762,0.8829870000000001,BIH,ESP,21
21318759,26,71,112,2020.0,37145.0,0.0,0.70252,0.97424,BIH,ESP,21
21318760,26,71,112,2015.0,44183.0,0.0,0.5315340000000001,0.992734,BIH,ESP,21
21318761,26,71,112,2016.0,372708.0,0.0,0.693416,0.8723540000000001,BIH,ESP,21
21318762,26,71,112,2006.0,357054.0,163387.0,0.543053,0.68971,BIH,ESP,21
21318763,26,71,112,2005.0,256430.0,0.0,0.453979,0.66193,BIH,ESP,21
21318764,26,71,112,2004.0,982226.0,0.0,0.45637,0.6154470000000001,BIH,ESP,21
21318765,28,71,112,2002.0,201089.0,0.0,0.865742,1.1823860000000002,BLR,ESP,21
21318766,28,71,112,2003.0,111263.0,0.0,0.8788790000000001,1.090157,BLR,ESP,21
21318767,28,71,112,2009.0,25511.0,0.0,1.018807,0.7667229999999999,BLR,ESP,21
21318768,28,71,112,2019.0,0.0,11641.0,0.828484,0.994733,BLR,ESP,21
21318769,28,71,112,1999.0,34243.0,0.0,0.9410959999999999,1.411715,BLR,ESP,21
21318770,28,71,112,2010.0,137102.0,0.0,0.962974,0.810905,BLR,ESP,21
21318771,28,71,112,1998.0,232441.0,0.0,1.00112,1.3797190000000001,BLR,ESP,21
21318772,28,71,112,2001.0,19993.0,0.0,0.78008,1.232713,BLR,ESP,21
21318773,28,71,112,2005.0,8542.0,0.0,0.9785209999999999,0.716094,BLR,ESP,21
21318774,28,71,112,2006.0,196486.0,0.0,0.948306,0.702786,BLR,ESP,21
21318775,28,71,112,2007.0,495940.0,0.0,1.052553,0.614154,BLR,ESP,21
21318776,28,71,112,2014.0,0.0,29045.0,0.929114,0.7313069999999999,BLR,ESP,21
21318777,28,71,112,2015.0,0.0,18575.0,0.79289,0.633443,BLR,ESP,21
21318778,28,71,112,2018.0,0.0,15406.0,0.86016,1.034144,BLR,ESP,21
21318779,28,71,112,1996.0,230336.0,0.0,0.785274,1.0126899999999999,BLR,ESP,21
21318780,28,71,112,1997.0,488415.0,0.0,0.716832,0.706486,BLR,ESP,21
21318781,30,71,112,1979.0,10321.0,0.0,1.0766799999999999,0.348536,BMU,ESP,21
21318782,30,71,112,1980.0,59651.0,0.0,0.9348540000000001,0.149146,BMU,ESP,21
21318783,30,71,112,1974.0,34674.0,0.0,0.5511050000000001,0.393119,BMU,ESP,21
21318784,30,71,112,1967.0,1388.0,0.0,1.018829,0.26829400000000003,BMU,ESP,21
21318785,30,71,112,1971.0,50741.0,0.0,0.637919,0.031731999999999996,BMU,ESP,21
21318786,30,71,112,1964.0,3763.0,0.0,1.714176,1.271644,BMU,ESP,21
21318787,30,71,112,1969.0,7433.0,0.0,0.8278139999999999,0.195477,BMU,ESP,21
21318788,30,71,112,1972.0,50196.0,0.0,0.943824,0.23367,BMU,ESP,21
21318789,30,71,112,1973.0,101546.0,0.0,0.964786,0.29891,BMU,ESP,21
21318790,30,71,112,1975.0,22798.0,0.0,0.71446,0.456113,BMU,ESP,21
21318791,30,71,112,1978.0,1865.0,0.0,0.603683,0.022154,BMU,ESP,21
21318792,31,71,112,1993.0,1114.0,0.0,-0.7381220000000001,-0.777257,BOL,ESP,21
21318793,31,71,112,2006.0,487668.0,0.0,-0.9174540000000001,-0.8314729999999999,BOL,ESP,21
21318794,31,71,112,1999.0,576308.0,0.0,-0.56466,-0.46023500000000006,BOL,ESP,21
21318795,31,71,112,2013.0,120334.0,0.0,-1.1429610000000001,-1.0076120000000002,BOL,ESP,21
21318796,31,71,112,2014.0,94808.0,0.0,-1.200516,-1.052286,BOL,ESP,21
21318797,31,71,112,2010.0,32436.0,0.0,-0.847933,-0.796625,BOL,ESP,21
21318798,31,71,112,2011.0,222180.0,0.0,-0.90749,-0.9226610000000001,BOL,ESP,21
21318799,31,71,112,2007.0,123366.0,0.0,-0.922695,-0.878806,BOL,ESP,21
21318800,31,71,112,1991.0,75885.0,0.0,-0.8777959999999999,-0.8253469999999999,BOL,ESP,21
21318801,31,71,112,1985.0,723603.0,0.0,-1.1953479999999999,-0.896711,BOL,ESP,21
21318802,31,71,112,1992.0,17825.0,0.0,-0.609826,-0.693473,BOL,ESP,21
21318803,31,71,112,2004.0,1128487.0,0.0,-0.841087,-0.770059,BOL,ESP,21
21318804,31,71,112,1998.0,737832.0,0.0,-0.533615,-0.605431,BOL,ESP,21
21318805,31,71,112,2000.0,714486.0,0.0,-0.400861,-0.41780900000000004,BOL,ESP,21
21318806,31,71,112,2001.0,131120.0,0.0,-0.614885,-0.5022770000000001,BOL,ESP,21
21318807,31,71,112,1995.0,38350.0,0.0,-0.400363,-0.582705,BOL,ESP,21
21318808,31,71,112,1996.0,349829.0,0.0,-0.5529930000000001,-0.600893,BOL,ESP,21
21318809,31,71,112,1973.0,1862.0,0.0,-0.748661,-0.654323,BOL,ESP,21
21318810,31,71,112,1974.0,11894.0,0.0,-0.7194550000000001,-0.603455,BOL,ESP,21
21318811,31,71,112,1978.0,331327.0,0.0,-0.49713100000000005,-0.689261,BOL,ESP,21
21318812,31,71,112,1979.0,150481.0,0.0,-0.5119640000000001,-0.693108,BOL,ESP,21
21318813,31,71,112,2002.0,981556.0,0.0,-0.785592,-0.6761119999999999,BOL,ESP,21
21318814,31,71,112,2003.0,887665.0,0.0,-0.623983,-0.563692,BOL,ESP,21
21318815,31,71,112,1997.0,1079652.0,0.0,-0.765684,-0.796686,BOL,ESP,21
21318816,31,71,112,1994.0,1176.0,0.0,-0.638646,-0.736575,BOL,ESP,21
21318817,31,71,112,2012.0,96633.0,0.0,-0.698325,-0.728248,BOL,ESP,21
21318818,31,71,112,2005.0,1182454.0,0.0,-0.876309,-0.757614,BOL,ESP,21
21318819,31,71,112,1987.0,28784.0,0.0,-0.9095690000000001,-0.867351,BOL,ESP,21
21318820,31,71,112,1962.0,8511.0,0.0,-0.136485,-0.461491,BOL,ESP,21
21318821,31,71,112,1966.0,3037.0,0.0,-0.413228,-0.615541,BOL,ESP,21
21318822,31,71,112,1968.0,6341.0,0.0,-0.8851379999999999,-0.772063,BOL,ESP,21
21318823,31,71,112,1969.0,2595.0,0.0,-0.835895,-0.76084,BOL,ESP,21
21318824,31,71,112,1972.0,1000.0,0.0,-0.743595,-0.665672,BOL,ESP,21
21318825,31,71,112,1980.0,55020.0,0.0,-0.592318,-0.673014,BOL,ESP,21
21318826,31,71,112,1981.0,25638.0,0.0,-0.337946,-0.517889,BOL,ESP,21
21318827,31,71,112,1982.0,19925.0,0.0,-0.259756,-0.48276899999999995,BOL,ESP,21
21318828,31,71,112,1984.0,1483.0,0.0,-0.937535,-0.856632,BOL,ESP,21
21318829,31,71,112,1986.0,544337.0,0.0,-1.1576229999999998,-0.969939,BOL,ESP,21
21318830,31,71,112,1988.0,18924.0,0.0,-1.044369,-0.9789370000000001,BOL,ESP,21
21318831,31,71,112,1989.0,70197.0,0.0,-1.0112780000000001,-0.8708950000000001,BOL,ESP,21
21318832,31,71,112,1990.0,14554.0,0.0,-0.952515,-0.816261,BOL,ESP,21
21318833,32,71,112,2009.0,2478.0,379014.0,0.296808,1.313037,BRA,ESP,21
21318834,32,71,112,2010.0,0.0,57817.0,0.441241,0.953598,BRA,ESP,21
21318835,32,71,112,2011.0,2025.0,161427.0,0.376133,0.9917309999999999,BRA,ESP,21
21318836,32,71,112,2012.0,59450.0,0.0,0.340455,0.9006790000000001,BRA,ESP,21
21318837,32,71,112,2014.0,61388.0,0.0,0.23286700000000002,0.968366,BRA,ESP,21
21318838,32,71,112,2016.0,0.0,19339.0,0.284988,1.031028,BRA,ESP,21
21318839,32,71,112,1994.0,59082.0,190168.0,0.634626,1.468692,BRA,ESP,21
21318840,32,71,112,1995.0,83552.0,281676.0,0.840124,1.3777620000000002,BRA,ESP,21
21318841,32,71,112,1996.0,179915.0,260847.0,0.8087340000000001,1.370183,BRA,ESP,21
21318842,32,71,112,2000.0,169939.0,143527.0,0.853466,1.28277,BRA,ESP,21
21318843,32,71,112,2001.0,488536.0,21275.0,0.658473,1.328637,BRA,ESP,21
21318844,32,71,112,2002.0,100625.0,127766.0,0.631343,1.249344,BRA,ESP,21
21318845,32,71,112,2003.0,56085.0,0.0,0.636739,1.422593,BRA,ESP,21
21318846,32,71,112,2004.0,58657.0,207439.0,0.504233,1.567879,BRA,ESP,21
21318847,32,71,112,2005.0,94375.0,83405.0,0.659417,1.464387,BRA,ESP,21
21318848,32,71,112,2006.0,177991.0,2025346.0,0.622959,1.413527,BRA,ESP,21
21318849,32,71,112,2007.0,179770.0,2285267.0,0.51831,1.614108,BRA,ESP,21
21318850,32,71,112,2008.0,96551.0,621047.0,0.385655,1.418048,BRA,ESP,21
21318851,32,71,112,2013.0,2367.0,0.0,0.2804,0.649729,BRA,ESP,21
21318852,32,71,112,2018.0,0.0,40046.0,0.166542,0.718965,BRA,ESP,21
21318853,32,71,112,2019.0,0.0,32724.0,0.101636,0.802085,BRA,ESP,21
21318854,32,71,112,2020.0,0.0,66617.0,0.034564,0.6932149999999999,BRA,ESP,21
21318855,32,71,112,1993.0,69960.0,22141.0,0.7104239999999999,1.5236299999999998,BRA,ESP,21
21318856,32,71,112,1973.0,9962230.0,132247.0,-0.23999,-0.170735,BRA,ESP,21
21318857,32,71,112,1990.0,124913.0,16384.0,0.576448,1.258768,BRA,ESP,21
21318858,32,71,112,1991.0,146845.0,250543.0,0.664515,1.463241,BRA,ESP,21
21318859,32,71,112,1997.0,154359.0,286109.0,0.805759,1.249182,BRA,ESP,21
21318860,32,71,112,1998.0,67960.0,212103.0,0.820327,1.213283,BRA,ESP,21
21318861,32,71,112,1972.0,15583492.0,56334.0,-0.33731300000000003,-0.271623,BRA,ESP,21
21318862,32,71,112,1988.0,16711.0,14255.0,0.456107,1.463359,BRA,ESP,21
21318863,32,71,112,1989.0,227115.0,720750.0,0.497179,1.211335,BRA,ESP,21
21318864,32,71,112,1975.0,7377817.0,93131.0,0.09979,0.640738,BRA,ESP,21
21318865,32,71,112,1999.0,137486.0,136785.0,0.624962,1.313926,BRA,ESP,21
21318866,32,71,112,1968.0,1883353.0,59017.0,-0.325932,-0.334875,BRA,ESP,21
21318867,32,71,112,1969.0,7220233.0,66005.0,-0.407315,-0.42036899999999994,BRA,ESP,21
21318868,32,71,112,1971.0,5922856.0,31007.0,-0.326897,-0.229088,BRA,ESP,21
21318869,32,71,112,1981.0,1496176.0,495129.0,0.536752,1.771255,BRA,ESP,21
21318870,32,71,112,1986.0,125421.0,318381.0,0.5119,1.4109459999999998,BRA,ESP,21
21318871,32,71,112,1992.0,0.0,619061.0,0.685144,1.5676709999999998,BRA,ESP,21
21318872,32,71,112,1970.0,3999607.0,81573.0,-0.405434,-0.331689,BRA,ESP,21
21318873,32,71,112,1974.0,7093345.0,116809.0,0.236576,0.69191,BRA,ESP,21
21318874,32,71,112,1980.0,789061.0,569225.0,0.424613,1.624197,BRA,ESP,21
21318875,32,71,112,1983.0,457075.0,0.0,0.299189,1.09144,BRA,ESP,21
21318876,32,71,112,1984.0,272046.0,52947.0,0.41430500000000003,1.122191,BRA,ESP,21
21318877,32,71,112,1985.0,505394.0,185985.0,0.379884,1.228176,BRA,ESP,21
21318878,32,71,112,1987.0,177146.0,7631.0,0.467053,1.22007,BRA,ESP,21
21318879,32,71,112,1967.0,1851188.0,34605.0,-0.254824,-0.28212800000000005,BRA,ESP,21
21318880,32,71,112,1966.0,2199166.0,48841.0,-0.608424,-0.414576,BRA,ESP,21
21318881,32,71,112,1962.0,19005.0,268477.0,-0.590797,-0.530668,BRA,ESP,21
21318882,32,71,112,1964.0,152442.0,89852.0,-0.6443720000000001,-0.643979,BRA,ESP,21
21318883,32,71,112,1965.0,1725092.0,9178.0,-0.501256,-0.47131999999999996,BRA,ESP,21
21318884,32,71,112,1963.0,16358.0,87242.0,-0.862869,-0.679099,BRA,ESP,21
21318885,32,71,112,1979.0,1418698.0,388500.0,0.37035,1.456128,BRA,ESP,21
21318886,32,71,112,1982.0,2054314.0,58873.0,0.5556479999999999,1.630923,BRA,ESP,21
21318887,32,71,112,1976.0,8223158.0,293014.0,0.065736,0.56512,BRA,ESP,21
21318888,32,71,112,1977.0,5609849.0,70002.0,0.07940499999999999,0.7307239999999999,BRA,ESP,21
21318889,32,71,112,1978.0,2858955.0,0.0,0.07929,0.8570700000000001,BRA,ESP,21
21318890,37,71,112,2007.0,34335.0,0.0,-0.818487,-1.2154909999999999,BWA,ESP,21
21318891,37,71,112,2011.0,9180.0,0.0,-0.394759,-1.048467,BWA,ESP,21
21318892,37,71,112,2012.0,119687.0,0.0,-0.47585200000000005,-1.061016,BWA,ESP,21
21318893,37,71,112,2013.0,13996.0,0.0,-0.677782,-1.0888149999999999,BWA,ESP,21
21318894,37,71,112,2014.0,38732.0,0.0,-0.7467630000000001,-1.1369690000000001,BWA,ESP,21
21318895,37,71,112,2016.0,16813.0,0.0,-0.9498989999999999,-1.2495319999999999,BWA,ESP,21
21318896,37,71,112,2019.0,1391.0,0.0,-0.813127,-1.22284,BWA,ESP,21
21318897,37,71,112,2002.0,104215.0,0.0,-0.164526,-1.04616,BWA,ESP,21
21318898,37,71,112,2004.0,26500.0,0.0,-0.435159,-1.150519,BWA,ESP,21
21318899,37,71,112,2008.0,15058.0,0.0,-0.251424,-1.001139,BWA,ESP,21
21318900,37,71,112,2009.0,118324.0,0.0,0.204283,-0.49326499999999995,BWA,ESP,21
21318901,37,71,112,2010.0,61128.0,0.0,-0.43035,-0.945886,BWA,ESP,21
21318902,37,71,112,2006.0,25055.0,0.0,-0.958566,-1.202559,BWA,ESP,21
21318903,37,71,112,2001.0,7713.0,0.0,-0.470005,-1.180158,BWA,ESP,21
21318904,37,71,112,2005.0,8983.0,0.0,-0.5609770000000001,-1.13782,BWA,ESP,21
21318905,38,71,112,1989.0,42287.0,0.0,-0.9724790000000001,-0.792321,CAF,ESP,21
21318906,38,71,112,2012.0,2489.0,0.0,-0.079519,-0.6013229999999999,CAF,ESP,21
21318907,38,71,112,2007.0,1104.0,0.0,-0.7778609999999999,-0.867401,CAF,ESP,21
21318908,38,71,112,1998.0,23218.0,0.0,-0.751965,-0.839098,CAF,ESP,21
21318909,38,71,112,1981.0,75140.0,0.0,-1.407935,-0.686979,CAF,ESP,21
21318910,38,71,112,1986.0,58508.0,0.0,-1.33341,-0.875178,CAF,ESP,21
21318911,38,71,112,1982.0,40246.0,0.0,-1.415089,-0.751563,CAF,ESP,21
21318912,38,71,112,1983.0,12484.0,0.0,-1.6923849999999998,-0.813992,CAF,ESP,21
21318913,38,71,112,1985.0,17142.0,0.0,-1.36825,-0.793797,CAF,ESP,21
21318914,38,71,112,1988.0,14998.0,0.0,-1.193133,-0.9205540000000001,CAF,ESP,21
21318915,38,71,112,1969.0,60544.0,0.0,-0.62752,-0.623631,CAF,ESP,21
21318916,38,71,112,1987.0,21859.0,0.0,-1.351608,-0.816122,CAF,ESP,21
21318917,38,71,112,1971.0,168598.0,0.0,-0.737808,-0.658191,CAF,ESP,21
21318918,38,71,112,1972.0,862913.0,0.0,-1.234708,-0.8288,CAF,ESP,21
21318919,38,71,112,1973.0,967396.0,0.0,-1.280043,-0.7965439999999999,CAF,ESP,21
21318920,38,71,112,1978.0,109890.0,0.0,-1.024794,-0.716348,CAF,ESP,21
21318921,38,71,112,1976.0,19272.0,0.0,-1.195948,-0.583869,CAF,ESP,21
21318922,38,71,112,1977.0,259162.0,0.0,-0.498829,-0.486141,CAF,ESP,21
21318923,38,71,112,1980.0,16233.0,0.0,-1.301301,-0.591973,CAF,ESP,21
21318924,38,71,112,1979.0,138393.0,0.0,-1.150255,-0.7710600000000001,CAF,ESP,21
21318925,38,71,112,1992.0,19305.0,0.0,-1.324814,-0.968041,CAF,ESP,21
21318926,38,71,112,1970.0,177305.0,0.0,-0.9203680000000001,-0.7290989999999999,CAF,ESP,21
21318927,38,71,112,1984.0,21879.0,0.0,-1.405003,-0.8309860000000001,CAF,ESP,21
21318928,39,71,112,2001.0,1200469.0,291006.0,0.8899729999999999,1.3778299999999999,CAN,ESP,21
21318929,39,71,112,2002.0,889040.0,38989.0,0.9672360000000001,1.389981,CAN,ESP,21
21318930,39,71,112,2003.0,342152.0,331858.0,0.9170790000000001,1.444739,CAN,ESP,21
21318931,39,71,112,2004.0,509193.0,60181.0,0.781591,1.365966,CAN,ESP,21
21318932,39,71,112,2005.0,746721.0,49608.0,0.8817450000000001,1.222587,CAN,ESP,21
21318933,39,71,112,2006.0,816728.0,6729.0,0.806511,1.466573,CAN,ESP,21
21318934,39,71,112,2007.0,1024190.0,9244.0,0.677078,1.371833,CAN,ESP,21
21318935,39,71,112,2008.0,586001.0,1884.0,0.608796,1.235243,CAN,ESP,21
21318936,39,71,112,2009.0,284542.0,0.0,0.671041,1.481306,CAN,ESP,21
21318937,39,71,112,2010.0,195165.0,2551.0,0.631696,1.3282459999999998,CAN,ESP,21
21318938,39,71,112,2011.0,453742.0,0.0,0.574688,1.360723,CAN,ESP,21
21318939,39,71,112,2012.0,815462.0,0.0,0.630575,1.28653,CAN,ESP,21
21318940,39,71,112,2013.0,1288899.0,0.0,0.599305,1.193591,CAN,ESP,21
21318941,39,71,112,2014.0,682133.0,5557.0,0.6145430000000001,1.1815360000000001,CAN,ESP,21
21318942,39,71,112,2015.0,58735.0,1336.0,0.576548,1.458122,CAN,ESP,21
21318943,39,71,112,2016.0,265083.0,6727.0,0.541041,1.328065,CAN,ESP,21
21318944,39,71,112,2017.0,13078.0,0.0,0.661032,1.331443,CAN,ESP,21
21318945,39,71,112,2018.0,24380.0,0.0,0.60854,1.475283,CAN,ESP,21
21318946,39,71,112,2019.0,25600.0,0.0,0.668167,1.395249,CAN,ESP,21
21318947,39,71,112,2000.0,1772708.0,102118.0,1.069101,1.284017,CAN,ESP,21
21318948,39,71,112,1969.0,645722.0,0.0,0.70765,0.9508,CAN,ESP,21
21318949,39,71,112,1970.0,612297.0,0.0,0.673338,0.860374,CAN,ESP,21
21318950,39,71,112,1972.0,2042994.0,0.0,0.7159800000000001,0.9742540000000001,CAN,ESP,21
21318951,39,71,112,1974.0,1102272.0,18204.0,0.495249,0.925809,CAN,ESP,21
21318952,39,71,112,1975.0,1023431.0,9319.0,0.404699,0.8249360000000001,CAN,ESP,21
21318953,39,71,112,1978.0,1791175.0,12097.0,0.793383,1.310916,CAN,ESP,21
21318954,39,71,112,1999.0,1170203.0,50873.0,0.9524950000000001,1.2560149999999999,CAN,ESP,21
21318955,39,71,112,1967.0,410807.0,0.0,0.6791470000000001,0.776475,CAN,ESP,21
21318956,39,71,112,1968.0,384452.0,0.0,0.6867270000000001,0.846297,CAN,ESP,21
21318957,39,71,112,1971.0,930903.0,0.0,0.543049,0.772374,CAN,ESP,21
21318958,39,71,112,1973.0,3207123.0,8671.0,0.42271000000000003,0.632899,CAN,ESP,21
21318959,39,71,112,1991.0,2274675.0,6121.0,0.808699,1.087207,CAN,ESP,21
21318960,39,71,112,1995.0,608606.0,28843.0,0.975289,1.135701,CAN,ESP,21
21318961,39,71,112,1997.0,1718326.0,17011.0,0.928586,1.3413389999999998,CAN,ESP,21
21318962,39,71,112,1979.0,3782614.0,0.0,0.756833,1.349624,CAN,ESP,21
21318963,39,71,112,1981.0,2960118.0,36921.0,0.745727,1.587553,CAN,ESP,21
21318964,39,71,112,1982.0,2815901.0,21543.0,0.780337,1.623949,CAN,ESP,21
21318965,39,71,112,1983.0,3088733.0,2649.0,0.708508,1.543279,CAN,ESP,21
21318966,39,71,112,1984.0,2317451.0,29672.0,0.81261,1.285068,CAN,ESP,21
21318967,39,71,112,1985.0,1893169.0,16666.0,0.872873,1.286843,CAN,ESP,21
21318968,39,71,112,1987.0,4772883.0,114317.0,0.8812409999999999,1.3540299999999998,CAN,ESP,21
21318969,39,71,112,1989.0,2077611.0,49245.0,0.7961729999999999,1.09309,CAN,ESP,21
21318970,39,71,112,1994.0,674850.0,6678.0,0.9270709999999999,1.126737,CAN,ESP,21
21318971,39,71,112,1996.0,1842089.0,15658.0,0.970932,1.111111,CAN,ESP,21
21318972,39,71,112,1998.0,1706009.0,267773.0,0.9233040000000001,1.309692,CAN,ESP,21
21318973,39,71,112,1980.0,3579540.0,16425.0,0.704567,1.4515790000000002,CAN,ESP,21
21318974,39,71,112,1988.0,2217493.0,32789.0,0.8190810000000001,1.1273030000000002,CAN,ESP,21
21318975,39,71,112,1990.0,1058023.0,4343.0,0.804563,1.115479,CAN,ESP,21
21318976,39,71,112,1993.0,495007.0,4112.0,0.8763719999999999,1.213496,CAN,ESP,21
21318977,39,71,112,1992.0,2101319.0,17357.0,0.74703,1.096791,CAN,ESP,21
21318978,39,71,112,1986.0,3119606.0,37266.0,0.799175,1.262781,CAN,ESP,21
21318979,39,71,112,1963.0,174191.0,0.0,0.586152,0.75012,CAN,ESP,21
21318980,39,71,112,1965.0,317764.0,0.0,0.648151,0.797301,CAN,ESP,21
21318981,39,71,112,1966.0,414017.0,0.0,0.752869,0.8454440000000001,CAN,ESP,21
21318982,39,71,112,1962.0,130048.0,0.0,0.6937800000000001,0.607572,CAN,ESP,21
21318983,39,71,112,1964.0,200849.0,0.0,0.728521,0.870792,CAN,ESP,21
21318984,39,71,112,1977.0,2901720.0,2235.0,0.564291,1.1527889999999998,CAN,ESP,21
21318985,39,71,112,1976.0,1798743.0,0.0,0.6165609999999999,0.972507,CAN,ESP,21
21318986,41,71,112,2015.0,643385.0,28371.0,2.261352,0.816764,CHE,ESP,21
21318987,41,71,112,2014.0,2974556.0,19563.0,2.027022,0.780257,CHE,ESP,21
21318988,41,71,112,2006.0,811500.0,1493.0,2.038668,0.46319,CHE,ESP,21
21318989,41,71,112,2007.0,1389803.0,4805.0,1.979164,0.29541999999999996,CHE,ESP,21
21318990,41,71,112,2008.0,800257.0,0.0,1.980661,0.504308,CHE,ESP,21
21318991,41,71,112,2010.0,1683993.0,5232.0,2.136332,0.5302279999999999,CHE,ESP,21
21318992,41,71,112,2012.0,2309721.0,15577.0,2.0265150000000003,0.6496689999999999,CHE,ESP,21
21318993,41,71,112,2013.0,2225310.0,5540.0,2.0899229999999998,0.661667,CHE,ESP,21
21318994,41,71,112,2005.0,479718.0,0.0,2.122208,0.615961,CHE,ESP,21
21318995,41,71,112,2009.0,43673.0,4690.0,2.0153220000000003,0.5676829999999999,CHE,ESP,21
21318996,41,71,112,2011.0,3024019.0,5216.0,2.102055,0.548054,CHE,ESP,21
21318997,41,71,112,2016.0,1280662.0,15386.0,2.328616,0.832224,CHE,ESP,21
21318998,41,71,112,2017.0,55092.0,0.0,2.2443459999999997,0.836363,CHE,ESP,21
21318999,41,71,112,2018.0,0.0,1550.0,2.173252,0.861742,CHE,ESP,21
21319000,41,71,112,2019.0,7037.0,2865.0,2.172555,0.770567,CHE,ESP,21
21319001,41,71,112,2020.0,0.0,25485.0,2.139732,0.906457,CHE,ESP,21
21319002,41,71,112,2002.0,95802.0,0.0,2.205507,0.831836,CHE,ESP,21
21319003,41,71,112,2003.0,176607.0,3993.0,2.1943770000000002,0.715042,CHE,ESP,21
21319004,41,71,112,2004.0,309345.0,1520.0,2.234603,0.551975,CHE,ESP,21
21319005,41,71,112,1999.0,3401482.0,13106.0,2.2417740000000004,0.764921,CHE,ESP,21
21319006,41,71,112,2000.0,1933649.0,40505.0,2.268929,0.538191,CHE,ESP,21
21319007,41,71,112,2001.0,449100.0,13380.0,2.161588,0.8069890000000001,CHE,ESP,21
21319008,41,71,112,1973.0,92727.0,0.0,2.271348,1.7570270000000001,CHE,ESP,21
21319009,41,71,112,1974.0,111299.0,0.0,1.8843419999999997,1.3649790000000002,CHE,ESP,21
21319010,41,71,112,1988.0,641983.0,23862.0,2.138445,1.0137120000000002,CHE,ESP,21
21319011,41,71,112,1964.0,4892.0,138364.0,2.339324,2.1829650000000003,CHE,ESP,21
21319012,41,71,112,1965.0,7572.0,5278.0,2.399414,2.2596220000000002,CHE,ESP,21
21319013,41,71,112,1966.0,28609.0,11948.0,2.271274,2.228228,CHE,ESP,21
21319014,41,71,112,1967.0,43780.0,5064.0,2.232551,2.121041,CHE,ESP,21
21319015,41,71,112,1968.0,103689.0,16425.0,2.1128139999999997,2.181377,CHE,ESP,21
21319016,41,71,112,1969.0,116503.0,66929.0,2.225965,2.192022,CHE,ESP,21
21319017,41,71,112,1970.0,67702.0,66972.0,2.1918330000000004,1.847141,CHE,ESP,21
21319018,41,71,112,1971.0,139682.0,0.0,2.242028,1.9425029999999999,CHE,ESP,21
21319019,41,71,112,1972.0,165323.0,4348.0,2.219306,1.9649020000000001,CHE,ESP,21
21319020,41,71,112,1975.0,182807.0,2047.0,2.0423720000000003,0.927861,CHE,ESP,21
21319021,41,71,112,1962.0,0.0,136211.0,2.3319400000000003,2.325868,CHE,ESP,21
21319022,41,71,112,1963.0,0.0,6749.0,2.275444,2.087927,CHE,ESP,21
21319023,41,71,112,1977.0,593306.0,0.0,1.703888,1.3558629999999998,CHE,ESP,21
21319024,41,71,112,1978.0,1055258.0,0.0,2.026237,1.442742,CHE,ESP,21
21319025,41,71,112,1979.0,224252.0,0.0,1.977282,1.176197,CHE,ESP,21
21319026,41,71,112,1980.0,45059.0,0.0,1.756056,1.016284,CHE,ESP,21
21319027,41,71,112,1981.0,12292.0,26783.0,1.7692029999999999,0.770696,CHE,ESP,21
21319028,41,71,112,1982.0,0.0,9340.0,1.87811,0.862556,CHE,ESP,21
21319029,41,71,112,1983.0,15046.0,4016.0,1.885277,0.886065,CHE,ESP,21
21319030,41,71,112,1984.0,26370.0,23615.0,1.908664,0.8874540000000001,CHE,ESP,21
21319031,41,71,112,1985.0,59158.0,4361.0,2.013169,0.9716879999999999,CHE,ESP,21
21319032,41,71,112,1986.0,237623.0,20843.0,2.243011,1.120316,CHE,ESP,21
21319033,41,71,112,1987.0,463062.0,27622.0,2.1858619999999997,1.3187200000000001,CHE,ESP,21
21319034,41,71,112,1991.0,2423631.0,6737.0,2.326288,1.134439,CHE,ESP,21
21319035,41,71,112,1993.0,2659648.0,138608.0,2.2766290000000002,0.952183,CHE,ESP,21
21319036,41,71,112,1998.0,4333246.0,95836.0,2.265613,0.668929,CHE,ESP,21
21319037,41,71,112,1976.0,397829.0,0.0,1.905399,1.515878,CHE,ESP,21
21319038,41,71,112,1989.0,669850.0,158924.0,2.1608680000000002,1.076476,CHE,ESP,21
21319039,41,71,112,1990.0,564930.0,7089.0,2.297446,1.0863610000000001,CHE,ESP,21
21319040,41,71,112,1992.0,3367024.0,127342.0,2.24952,1.014945,CHE,ESP,21
21319041,41,71,112,1994.0,2750098.0,23553.0,2.343897,0.883555,CHE,ESP,21
21319042,41,71,112,1996.0,2162825.0,0.0,2.344337,0.709607,CHE,ESP,21
21319043,41,71,112,1995.0,2239241.0,3628.0,2.274838,0.826426,CHE,ESP,21
21319044,41,71,112,1997.0,4522008.0,100094.0,2.327788,0.682804,CHE,ESP,21
21319045,42,71,112,2005.0,468908.0,0.0,-0.15283,-0.43087,CHL,ESP,21
21319046,42,71,112,2006.0,73864.0,0.0,-0.193151,-0.46637,CHL,ESP,21
21319047,42,71,112,2007.0,140438.0,0.0,-0.193152,-0.46857299999999996,CHL,ESP,21
21319048,42,71,112,2008.0,29957.0,0.0,-0.173267,-0.23228000000000001,CHL,ESP,21
21319049,42,71,112,2009.0,31714.0,0.0,-0.205249,-0.382377,CHL,ESP,21
21319050,42,71,112,2010.0,195518.0,0.0,-0.27612600000000004,-0.417476,CHL,ESP,21
21319051,42,71,112,2011.0,31260.0,0.0,-0.14694400000000002,-0.360352,CHL,ESP,21
21319052,42,71,112,2012.0,56748.0,0.0,-0.180309,-0.33571799999999996,CHL,ESP,21
21319053,42,71,112,2014.0,64493.0,0.0,-0.196236,-0.162428,CHL,ESP,21
21319054,42,71,112,2015.0,26525.0,0.0,-0.259994,-0.343327,CHL,ESP,21
21319055,42,71,112,2016.0,229958.0,0.0,-0.162923,-0.20607199999999998,CHL,ESP,21
21319056,42,71,112,2013.0,25688.0,0.0,-0.184556,-0.238657,CHL,ESP,21
21319057,42,71,112,2000.0,56399.0,0.0,-0.011509,0.0031190000000000002,CHL,ESP,21
21319058,42,71,112,2001.0,238137.0,0.0,-0.148124,0.074033,CHL,ESP,21
21319059,42,71,112,2002.0,248970.0,0.0,-0.079201,-0.11449200000000001,CHL,ESP,21
21319060,42,71,112,2003.0,375907.0,0.0,-0.122101,-0.151524,CHL,ESP,21
21319061,42,71,112,1996.0,273265.0,140823.0,-0.161334,-0.301695,CHL,ESP,21
21319062,42,71,112,1999.0,152740.0,33951.0,-0.132747,-0.065962,CHL,ESP,21
21319063,42,71,112,1993.0,1372.0,0.0,-0.091697,-0.236025,CHL,ESP,21
21319064,42,71,112,1994.0,383488.0,0.0,-0.09350900000000001,-0.264108,CHL,ESP,21
21319065,42,71,112,1995.0,176196.0,12726.0,-0.267032,-0.341987,CHL,ESP,21
21319066,42,71,112,2004.0,303875.0,0.0,-0.24101399999999998,-0.303103,CHL,ESP,21
21319067,42,71,112,1988.0,1561102.0,0.0,-0.304691,-0.41057899999999997,CHL,ESP,21
21319068,42,71,112,1989.0,986281.0,0.0,-0.22406900000000002,-0.38914499999999996,CHL,ESP,21
21319069,42,71,112,1991.0,187536.0,0.0,-0.15565199999999998,-0.29465399999999997,CHL,ESP,21
21319070,42,71,112,1975.0,370849.0,0.0,0.289275,0.111279,CHL,ESP,21
21319071,42,71,112,1990.0,414615.0,0.0,-0.316639,-0.486444,CHL,ESP,21
21319072,42,71,112,1998.0,197889.0,5371.0,-0.138389,-0.187388,CHL,ESP,21
21319073,42,71,112,1987.0,618264.0,0.0,-0.243939,-0.387758,CHL,ESP,21
21319074,42,71,112,1984.0,1377772.0,0.0,-0.075954,-0.441989,CHL,ESP,21
21319075,42,71,112,1986.0,1432656.0,0.0,-0.345065,-0.323748,CHL,ESP,21
21319076,42,71,112,1962.0,118492.0,0.0,0.036811,-0.448679,CHL,ESP,21
21319077,42,71,112,1964.0,476131.0,0.0,0.28925300000000004,-0.195452,CHL,ESP,21
21319078,42,71,112,1969.0,424995.0,10988.0,-0.204457,-0.6585439999999999,CHL,ESP,21
21319079,42,71,112,1982.0,610192.0,0.0,-0.21456799999999998,-0.5987819999999999,CHL,ESP,21
21319080,42,71,112,1983.0,689669.0,0.0,-0.359955,-0.63049,CHL,ESP,21
21319081,42,71,112,1985.0,1014703.0,0.0,-0.290377,-0.530487,CHL,ESP,21
21319082,42,71,112,1968.0,375162.0,4743.0,0.042475,-0.45777299999999993,CHL,ESP,21
21319083,42,71,112,1963.0,152797.0,0.0,0.070493,-0.271895,CHL,ESP,21
21319084,42,71,112,1965.0,303134.0,0.0,0.030341000000000003,-0.36913,CHL,ESP,21
21319085,42,71,112,1966.0,128201.0,0.0,0.30167,-0.281746,CHL,ESP,21
21319086,42,71,112,1967.0,397161.0,0.0,0.049405000000000004,-0.423741,CHL,ESP,21
21319087,42,71,112,1970.0,203071.0,0.0,-0.18036300000000002,-0.639107,CHL,ESP,21
21319088,42,71,112,1971.0,73820.0,0.0,-0.231579,-0.6383479999999999,CHL,ESP,21
21319089,42,71,112,1972.0,8737.0,0.0,-0.063524,-0.564652,CHL,ESP,21
21319090,42,71,112,1974.0,153493.0,0.0,-0.11321099999999999,-0.621097,CHL,ESP,21
21319091,42,71,112,1981.0,155882.0,0.0,-0.168017,-0.46251000000000003,CHL,ESP,21
21319092,42,71,112,1978.0,567890.0,0.0,0.165497,-0.14115899999999998,CHL,ESP,21
21319093,42,71,112,1979.0,1352243.0,0.0,-0.085145,-0.385461,CHL,ESP,21
21319094,42,71,112,1980.0,384760.0,0.0,-0.037381,-0.494042,CHL,ESP,21
21319095,43,71,112,1994.0,108320.0,478854.0,0.238977,2.174676,CHN,ESP,21
21319096,43,71,112,1995.0,0.0,735531.0,0.31854899999999997,2.413914,CHN,ESP,21
21319097,43,71,112,1996.0,241529.0,570124.0,0.383975,2.197461,CHN,ESP,21
21319098,43,71,112,1997.0,34712.0,846398.0,0.380294,2.389738,CHN,ESP,21
21319099,43,71,112,1998.0,60638.0,1625611.0,0.339414,2.3927169999999998,CHN,ESP,21
21319100,43,71,112,1999.0,0.0,169933.0,0.388705,2.3197919999999996,CHN,ESP,21
21319101,43,71,112,2000.0,25684.0,379740.0,0.43423,2.461961,CHN,ESP,21
21319102,43,71,112,2001.0,0.0,328399.0,0.535502,2.28778,CHN,ESP,21
21319103,43,71,112,2002.0,21417.0,1178810.0,0.6181220000000001,1.9636759999999998,CHN,ESP,21
21319104,43,71,112,2003.0,127615.0,4555678.0,0.643677,2.033847,CHN,ESP,21
21319105,43,71,112,2004.0,111955.0,3506353.0,0.710603,2.017234,CHN,ESP,21
21319106,43,71,112,2005.0,5868.0,5593932.0,0.757865,1.9117669999999998,CHN,ESP,21
21319107,43,71,112,2007.0,49970.0,10736039.0,0.904272,1.537654,CHN,ESP,21
21319108,43,71,112,2008.0,159325.0,15558280.0,0.988158,1.443506,CHN,ESP,21
21319109,43,71,112,2012.0,0.0,88705157.0,1.2170590000000001,0.584412,CHN,ESP,21
21319110,43,71,112,2013.0,17955.0,139724332.0,1.24864,0.667713,CHN,ESP,21
21319111,43,71,112,2009.0,176649.0,28454284.0,0.9740489999999999,1.416985,CHN,ESP,21
21319112,43,71,112,2010.0,74797.0,61265572.0,1.047792,1.3791280000000001,CHN,ESP,21
21319113,43,71,112,1989.0,5956300.0,0.0,0.37919899999999995,2.377084,CHN,ESP,21
21319114,43,71,112,2011.0,5033.0,97452072.0,1.185758,1.021932,CHN,ESP,21
21319115,43,71,112,2014.0,11597.0,92594397.0,1.316443,0.35039899999999996,CHN,ESP,21
21319116,43,71,112,2015.0,20272.0,75916524.0,1.251258,1.091683,CHN,ESP,21
21319117,43,71,112,2016.0,39143.0,68146217.0,1.249079,1.151045,CHN,ESP,21
21319118,43,71,112,2017.0,481015.0,28462343.0,1.2888030000000001,0.9250700000000001,CHN,ESP,21
21319119,43,71,112,2018.0,810571.0,20257701.0,1.378018,0.513572,CHN,ESP,21
21319120,43,71,112,2019.0,939313.0,28635397.0,1.3612,0.49938299999999997,CHN,ESP,21
21319121,43,71,112,2020.0,1405249.0,25789838.0,1.2995780000000001,0.625046,CHN,ESP,21
21319122,43,71,112,1990.0,8952085.0,0.0,0.390967,2.1667650000000003,CHN,ESP,21
21319123,43,71,112,1992.0,414039.0,6190.0,0.269411,1.920075,CHN,ESP,21
21319124,43,71,112,1993.0,8181.0,1012963.0,0.20543000000000003,2.000367,CHN,ESP,21
21319125,43,71,112,1988.0,6189135.0,0.0,0.26593,2.229884,CHN,ESP,21
21319126,43,71,112,1991.0,657771.0,0.0,0.260673,2.121238,CHN,ESP,21
21319127,43,71,112,2006.0,11636.0,10181711.0,0.842242,1.7392740000000002,CHN,ESP,21
21319128,43,71,112,1965.0,36925.0,0.0,0.5929479999999999,1.423453,CHN,ESP,21
21319129,43,71,112,1966.0,60567.0,0.0,0.6190100000000001,1.541916,CHN,ESP,21
21319130,43,71,112,1969.0,52773.0,0.0,0.5972390000000001,1.7591139999999998,CHN,ESP,21
21319131,43,71,112,1972.0,1571952.0,4622.0,0.490267,1.847796,CHN,ESP,21
21319132,43,71,112,1973.0,690745.0,0.0,0.487712,1.7118080000000002,CHN,ESP,21
21319133,43,71,112,1974.0,373927.0,0.0,0.43914899999999996,1.8291439999999999,CHN,ESP,21
21319134,43,71,112,1975.0,1237005.0,0.0,0.39986700000000003,2.007719,CHN,ESP,21
21319135,43,71,112,1987.0,9642199.0,0.0,0.266467,2.073566,CHN,ESP,21
21319136,43,71,112,1964.0,9414.0,0.0,0.5926359999999999,1.334841,CHN,ESP,21
21319137,43,71,112,1968.0,14984.0,0.0,0.610282,1.61494,CHN,ESP,21
21319138,43,71,112,1985.0,16876055.0,0.0,0.302398,2.052993,CHN,ESP,21
21319139,43,71,112,1971.0,373533.0,0.0,0.551566,1.636164,CHN,ESP,21
21319140,43,71,112,1980.0,10872655.0,579996.0,0.49464300000000005,2.385519,CHN,ESP,21
21319141,43,71,112,1981.0,9634661.0,0.0,0.543774,2.4874560000000003,CHN,ESP,21
21319142,43,71,112,1982.0,19321667.0,0.0,0.44420699999999996,2.338003,CHN,ESP,21
21319143,43,71,112,1983.0,10587038.0,0.0,0.468343,2.415871,CHN,ESP,21
21319144,43,71,112,1986.0,12095796.0,0.0,0.186622,2.003123,CHN,ESP,21
21319145,43,71,112,1984.0,12714624.0,0.0,0.42430100000000004,2.299116,CHN,ESP,21
21319146,43,71,112,1979.0,18075468.0,0.0,0.474163,2.2404349999999997,CHN,ESP,21
21319147,43,71,112,1978.0,5765034.0,0.0,0.46112600000000004,2.120301,CHN,ESP,21
21319148,44,71,112,1983.0,3882.0,0.0,-0.720252,-0.434037,CIV,ESP,21
21319149,44,71,112,1999.0,96133.0,0.0,-0.489608,-0.603703,CIV,ESP,21
21319150,44,71,112,2001.0,175986.0,4062.0,-0.731178,-0.5734739999999999,CIV,ESP,21
21319151,44,71,112,2003.0,332974.0,0.0,-0.755087,-0.767141,CIV,ESP,21
21319152,44,71,112,1990.0,478851.0,0.0,-1.059839,-0.886963,CIV,ESP,21
21319153,44,71,112,2004.0,37886.0,0.0,-0.835933,-0.749289,CIV,ESP,21
21319154,44,71,112,2016.0,0.0,2051.0,-0.977045,-0.8633299999999999,CIV,ESP,21
21319155,44,71,112,2017.0,0.0,1399.0,-0.991865,-0.9496889999999999,CIV,ESP,21
21319156,44,71,112,1995.0,487552.0,0.0,-0.756408,-0.740879,CIV,ESP,21
21319157,44,71,112,1996.0,58488.0,0.0,-0.890915,-0.8165399999999999,CIV,ESP,21
21319158,44,71,112,1997.0,147631.0,30048.0,-0.647407,-0.603726,CIV,ESP,21
21319159,44,71,112,1998.0,352386.0,25314.0,-0.768201,-0.752556,CIV,ESP,21
21319160,44,71,112,2000.0,36032.0,8047.0,-0.7955,-0.7019989999999999,CIV,ESP,21
21319161,44,71,112,2002.0,336550.0,29951.0,-0.803739,-0.752218,CIV,ESP,21
21319162,44,71,112,1967.0,99938.0,0.0,-0.888739,-0.797133,CIV,ESP,21
21319163,44,71,112,1978.0,304609.0,0.0,-0.973458,-0.764195,CIV,ESP,21
21319164,44,71,112,1962.0,11981.0,0.0,-0.809037,-0.685921,CIV,ESP,21
21319165,44,71,112,1963.0,25780.0,0.0,-1.090023,-0.648311,CIV,ESP,21
21319166,44,71,112,1964.0,19875.0,0.0,-0.899186,-0.768356,CIV,ESP,21
21319167,44,71,112,1966.0,75352.0,0.0,-0.7496689999999999,-0.757077,CIV,ESP,21
21319168,44,71,112,1968.0,32173.0,0.0,-0.9004639999999999,-0.815828,CIV,ESP,21
21319169,44,71,112,1969.0,38038.0,0.0,-0.723306,-0.6772859999999999,CIV,ESP,21
21319170,44,71,112,1970.0,18753.0,0.0,-0.891884,-0.803834,CIV,ESP,21
21319171,44,71,112,1971.0,70369.0,0.0,-0.719483,-0.700326,CIV,ESP,21
21319172,44,71,112,1972.0,77055.0,0.0,-0.671687,-0.692092,CIV,ESP,21
21319173,44,71,112,1973.0,46099.0,0.0,-0.695154,-0.6933729999999999,CIV,ESP,21
21319174,44,71,112,1974.0,99784.0,0.0,-0.561248,-0.667974,CIV,ESP,21
21319175,44,71,112,1977.0,218342.0,0.0,-0.351045,-0.484129,CIV,ESP,21
21319176,44,71,112,1979.0,166402.0,0.0,-0.8892459999999999,-0.579557,CIV,ESP,21
21319177,44,71,112,1981.0,102167.0,0.0,-0.664979,-0.387765,CIV,ESP,21
21319178,44,71,112,1982.0,44211.0,0.0,-0.72583,-0.458178,CIV,ESP,21
21319179,44,71,112,1985.0,164801.0,0.0,-0.713667,-0.390782,CIV,ESP,21
21319180,44,71,112,1976.0,95861.0,0.0,-0.403831,-0.494458,CIV,ESP,21
21319181,44,71,112,1965.0,23870.0,0.0,-0.72822,-0.6391,CIV,ESP,21
21319182,44,71,112,1975.0,4574.0,0.0,-0.702775,-0.620831,CIV,ESP,21
21319183,44,71,112,1991.0,138829.0,0.0,-1.304492,-0.9635100000000001,CIV,ESP,21
21319184,44,71,112,1992.0,23959.0,0.0,-1.689731,-1.070179,CIV,ESP,21
21319185,44,71,112,1993.0,65501.0,0.0,-1.532131,-1.0656430000000001,CIV,ESP,21
21319186,44,71,112,1980.0,121646.0,0.0,-1.34372,-0.728769,CIV,ESP,21
21319187,44,71,112,1987.0,353953.0,0.0,-1.235233,-0.879268,CIV,ESP,21
21319188,44,71,112,1988.0,602046.0,0.0,-1.408575,-0.9177879999999999,CIV,ESP,21
21319189,44,71,112,1989.0,353222.0,0.0,-0.992875,-0.767184,CIV,ESP,21
21319190,44,71,112,1994.0,364011.0,0.0,-1.582752,-1.0934979999999999,CIV,ESP,21
21319191,44,71,112,1986.0,53031.0,0.0,-1.5307620000000002,-0.92355,CIV,ESP,21
21319192,44,71,112,1984.0,62389.0,0.0,-1.590465,-0.8840530000000001,CIV,ESP,21
21319193,45,71,112,2009.0,2514.0,0.0,-1.039557,-1.0316889999999999,CMR,ESP,21
21319194,45,71,112,1986.0,1292763.0,0.0,-0.8327700000000001,-0.6851649999999999,CMR,ESP,21
21319195,45,71,112,1987.0,940863.0,0.0,-1.03092,-0.807087,CMR,ESP,21
21319196,45,71,112,1990.0,1648330.0,0.0,-0.937156,-0.8490030000000001,CMR,ESP,21
21319197,45,71,112,1997.0,135899.0,0.0,-1.0663340000000001,-1.047091,CMR,ESP,21
21319198,45,71,112,2001.0,108287.0,0.0,-1.4692049999999999,-1.251498,CMR,ESP,21
21319199,45,71,112,2002.0,50332.0,2952.0,-1.188713,-1.109944,CMR,ESP,21
21319200,45,71,112,2003.0,1867.0,0.0,-1.2449620000000001,-1.099108,CMR,ESP,21
21319201,45,71,112,2014.0,1658.0,0.0,-0.726413,-0.927583,CMR,ESP,21
21319202,45,71,112,2000.0,52032.0,0.0,-1.6617520000000001,-1.264815,CMR,ESP,21
21319203,45,71,112,2005.0,4945.0,0.0,-1.5213709999999998,-1.200803,CMR,ESP,21
21319204,45,71,112,1995.0,326643.0,0.0,-1.1125690000000001,-1.034943,CMR,ESP,21
21319205,45,71,112,2011.0,4061.0,0.0,-0.51105,-0.730518,CMR,ESP,21
21319206,45,71,112,2004.0,1035.0,0.0,-1.380149,-1.220501,CMR,ESP,21
21319207,45,71,112,2007.0,2995.0,0.0,-0.822225,-0.92994,CMR,ESP,21
21319208,45,71,112,1996.0,77383.0,0.0,-1.172534,-1.099308,CMR,ESP,21
21319209,45,71,112,2006.0,5779.0,0.0,-1.570753,-1.22499,CMR,ESP,21
21319210,45,71,112,2008.0,3764.0,0.0,-0.925349,-1.047988,CMR,ESP,21
21319211,45,71,112,2012.0,1246.0,0.0,-1.018794,-1.013026,CMR,ESP,21
21319212,45,71,112,1991.0,572797.0,0.0,-1.77045,-1.09324,CMR,ESP,21
21319213,45,71,112,1989.0,1851019.0,0.0,-0.936464,-0.737517,CMR,ESP,21
21319214,45,71,112,1970.0,195775.0,0.0,-0.5052989999999999,-0.432255,CMR,ESP,21
21319215,45,71,112,1981.0,514087.0,0.0,-1.683468,-0.827083,CMR,ESP,21
21319216,45,71,112,1973.0,902918.0,0.0,-0.570257,-0.620671,CMR,ESP,21
21319217,45,71,112,1962.0,163920.0,0.0,-0.8142159999999999,-0.508935,CMR,ESP,21
21319218,45,71,112,1963.0,265870.0,0.0,-0.806148,-0.589337,CMR,ESP,21
21319219,45,71,112,1964.0,293204.0,0.0,-0.9961469999999999,-0.590942,CMR,ESP,21
21319220,45,71,112,1965.0,397104.0,0.0,-0.708062,-0.520971,CMR,ESP,21
21319221,45,71,112,1966.0,300750.0,0.0,-0.746058,-0.607567,CMR,ESP,21
21319222,45,71,112,1967.0,389092.0,0.0,-0.904933,-0.647648,CMR,ESP,21
21319223,45,71,112,1968.0,260323.0,0.0,-0.448082,-0.43909899999999996,CMR,ESP,21
21319224,45,71,112,1969.0,381723.0,0.0,-0.241654,-0.435824,CMR,ESP,21
21319225,45,71,112,1971.0,319374.0,0.0,-0.735506,-0.605363,CMR,ESP,21
21319226,45,71,112,1972.0,479886.0,0.0,-0.558625,-0.606224,CMR,ESP,21
21319227,45,71,112,1974.0,842166.0,0.0,-0.6248060000000001,-0.690529,CMR,ESP,21
21319228,45,71,112,1975.0,924994.0,0.0,-0.431638,-0.436277,CMR,ESP,21
21319229,45,71,112,1976.0,103532.0,0.0,-0.24936399999999997,-0.42854899999999996,CMR,ESP,21
21319230,45,71,112,1977.0,461835.0,0.0,-0.721515,-0.61697,CMR,ESP,21
21319231,45,71,112,1978.0,979992.0,9243.0,-1.226352,-0.775436,CMR,ESP,21
21319232,45,71,112,1979.0,619741.0,0.0,-0.98349,-0.62263,CMR,ESP,21
21319233,45,71,112,1980.0,172668.0,0.0,-1.684816,-0.8437120000000001,CMR,ESP,21
21319234,45,71,112,1982.0,622732.0,0.0,-1.006731,-0.71,CMR,ESP,21
21319235,45,71,112,1998.0,250919.0,0.0,-1.8088110000000002,-1.299809,CMR,ESP,21
21319236,45,71,112,1999.0,36960.0,0.0,-1.7015919999999998,-1.3093489999999999,CMR,ESP,21
21319237,45,71,112,1983.0,907015.0,0.0,-1.783093,-0.9661190000000001,CMR,ESP,21
21319238,45,71,112,1985.0,1417005.0,0.0,-2.013882,-0.972665,CMR,ESP,21
21319239,45,71,112,1993.0,25267.0,0.0,-1.944541,-1.190876,CMR,ESP,21
21319240,45,71,112,1984.0,1154830.0,0.0,-1.9611049999999999,-0.97672,CMR,ESP,21
21319241,45,71,112,1988.0,1283791.0,0.0,-1.7608139999999999,-1.1062530000000002,CMR,ESP,21
21319242,45,71,112,1992.0,187269.0,0.0,-2.0470759999999997,-1.184491,CMR,ESP,21
21319243,45,71,112,1994.0,115743.0,0.0,-1.6771150000000001,-1.155404,CMR,ESP,21
21319244,46,71,112,2016.0,0.0,2644.0,-1.093544,-1.126599,COD,ESP,21
21319245,46,71,112,1962.0,15465.0,0.0,-0.78585,-0.56805,COD,ESP,21
21319246,46,71,112,1991.0,49412.0,0.0,-1.255285,-0.983608,COD,ESP,21
21319247,46,71,112,1985.0,165699.0,0.0,-1.4893530000000001,-0.831434,COD,ESP,21
21319248,46,71,112,1995.0,185822.0,0.0,-1.366889,-1.103879,COD,ESP,21
21319249,46,71,112,1963.0,11279.0,0.0,-0.9233959999999999,-0.5416,COD,ESP,21
21319250,46,71,112,1966.0,9417.0,0.0,-0.8056300000000001,-0.614291,COD,ESP,21
21319251,46,71,112,1967.0,3175.0,0.0,-1.016131,-0.634667,COD,ESP,21
21319252,46,71,112,1992.0,25481.0,0.0,-1.55348,-1.100071,COD,ESP,21
21319253,46,71,112,1987.0,342978.0,0.0,-1.549381,-0.924286,COD,ESP,21
21319254,46,71,112,1984.0,19755.0,0.0,-1.2630940000000002,-0.825625,COD,ESP,21
21319255,46,71,112,1986.0,160665.0,0.0,-1.337687,-0.889093,COD,ESP,21
21319256,46,71,112,1988.0,645799.0,0.0,-1.205014,-0.924407,COD,ESP,21
21319257,46,71,112,1989.0,426344.0,0.0,-1.3863940000000001,-0.9408770000000001,COD,ESP,21
21319258,46,71,112,1990.0,265720.0,0.0,-1.180132,-0.949779,COD,ESP,21
21319259,46,71,112,1994.0,32239.0,0.0,-1.4639739999999999,-1.117785,COD,ESP,21
21319260,47,71,112,1984.0,30898.0,0.0,-1.774775,-0.8559,COG,ESP,21
21319261,47,71,112,1974.0,10029.0,0.0,-1.03709,-0.707957,COG,ESP,21
21319262,47,71,112,1988.0,28742.0,0.0,-1.84076,-1.068818,COG,ESP,21
21319263,47,71,112,1989.0,12749.0,0.0,-1.7327290000000002,-1.01273,COG,ESP,21
21319264,48,71,112,1981.0,26448.0,0.0,-0.033316000000000005,-0.5045689999999999,COK,ESP,21
21319265,49,71,112,1994.0,13672.0,51527.0,-0.065624,0.127881,COL,ESP,21
21319266,49,71,112,1996.0,31158.0,2576.0,0.070101,0.08847999999999999,COL,ESP,21
21319267,49,71,112,1999.0,680169.0,0.0,0.055667999999999995,0.10688399999999999,COL,ESP,21
21319268,49,71,112,2000.0,1109172.0,150501.0,0.12351400000000001,0.255517,COL,ESP,21
21319269,49,71,112,2005.0,99229.0,1478749.0,0.088961,0.439691,COL,ESP,21
21319270,49,71,112,2007.0,0.0,128777.0,0.18592,0.6842050000000001,COL,ESP,21
21319271,49,71,112,2009.0,3750.0,5753.0,0.335319,0.397976,COL,ESP,21
21319272,49,71,112,2010.0,71750.0,0.0,-0.00078,-0.15850699999999998,COL,ESP,21
21319273,49,71,112,2011.0,241296.0,134136.0,0.04828,-0.27652600000000005,COL,ESP,21
21319274,49,71,112,2012.0,509402.0,184774.0,0.034488,-0.340545,COL,ESP,21
21319275,49,71,112,2013.0,1395101.0,339872.0,0.034491,-0.36975,COL,ESP,21
21319276,49,71,112,2014.0,1896093.0,718566.0,0.084348,-0.39008200000000004,COL,ESP,21
21319277,49,71,112,2015.0,735062.0,63369.0,0.027496,-0.177225,COL,ESP,21
21319278,49,71,112,2019.0,1233957.0,0.0,0.062157000000000004,-0.12401400000000001,COL,ESP,21
21319279,49,71,112,1992.0,0.0,15863.0,0.022895,0.22971799999999998,COL,ESP,21
21319280,49,71,112,1997.0,570165.0,0.0,0.023456,0.057771,COL,ESP,21
21319281,49,71,112,1998.0,458615.0,0.0,0.045649,0.11751400000000001,COL,ESP,21
21319282,49,71,112,2001.0,1037917.0,165039.0,0.3378,0.479951,COL,ESP,21
21319283,49,71,112,2002.0,1073124.0,779966.0,0.219861,0.45238999999999996,COL,ESP,21
21319284,49,71,112,2003.0,1214700.0,1180887.0,0.126431,0.417651,COL,ESP,21
21319285,49,71,112,2004.0,516930.0,1262352.0,0.044706,0.514304,COL,ESP,21
21319286,49,71,112,1993.0,4829.0,6645.0,-0.052613,0.071123,COL,ESP,21
21319287,49,71,112,2006.0,34147.0,273628.0,0.162228,0.550616,COL,ESP,21
21319288,49,71,112,2016.0,1682370.0,29528.0,-0.040341,-0.20957699999999999,COL,ESP,21
21319289,49,71,112,2017.0,676957.0,0.0,-0.039238999999999996,-0.246914,COL,ESP,21
21319290,49,71,112,2018.0,1258911.0,208048.0,0.144073,-0.10276199999999999,COL,ESP,21
21319291,49,71,112,1985.0,0.0,36428.0,0.132021,-0.005884,COL,ESP,21
21319292,49,71,112,1986.0,0.0,2753.0,-0.013468,-0.355385,COL,ESP,21
21319293,49,71,112,1968.0,0.0,2925.0,-0.179843,-0.5681729999999999,COL,ESP,21
21319294,49,71,112,1969.0,8852.0,0.0,-0.102576,-0.44958100000000006,COL,ESP,21
21319295,49,71,112,1972.0,15437.0,0.0,-0.09930399999999999,-0.394474,COL,ESP,21
21319296,49,71,112,1973.0,246636.0,0.0,0.33278800000000003,-0.12771400000000002,COL,ESP,21
21319297,49,71,112,1979.0,0.0,1908.0,0.10822899999999999,-0.2187,COL,ESP,21
21319298,49,71,112,1983.0,15972.0,0.0,0.19283599999999998,-0.200476,COL,ESP,21
21319299,49,71,112,1989.0,0.0,8881.0,-0.06450700000000001,-0.188868,COL,ESP,21
21319300,49,71,112,1965.0,3547.0,0.0,0.07001399999999999,-0.335624,COL,ESP,21
21319301,49,71,112,1966.0,1300.0,0.0,0.20125099999999999,-0.332512,COL,ESP,21
21319302,49,71,112,1982.0,12485.0,0.0,0.492299,0.307081,COL,ESP,21
21319303,52,71,112,2015.0,0.0,1086.0,0.264454,0.076734,CRI,ESP,21
21319304,52,71,112,1992.0,472171.0,0.0,0.11654,0.191873,CRI,ESP,21
21319305,52,71,112,2004.0,0.0,1154.0,-0.036323,-0.313847,CRI,ESP,21
21319306,52,71,112,2000.0,0.0,38434.0,-0.136989,-0.190298,CRI,ESP,21
21319307,52,71,112,1973.0,172463.0,0.0,0.754578,0.387265,CRI,ESP,21
21319308,52,71,112,1989.0,42524.0,0.0,0.038611,0.17060799999999998,CRI,ESP,21
21319309,52,71,112,1988.0,5529.0,0.0,0.09328099999999999,0.32362199999999997,CRI,ESP,21
21319310,52,71,112,1991.0,46819.0,0.0,-0.07827,0.026021,CRI,ESP,21
21319311,52,71,112,1990.0,62983.0,0.0,0.039152,0.178811,CRI,ESP,21
21319312,52,71,112,1970.0,3065.0,0.0,0.860994,0.56615,CRI,ESP,21
21319313,52,71,112,1972.0,131785.0,0.0,0.804975,0.373239,CRI,ESP,21
21319314,53,71,112,1973.0,19416.0,0.0,1.549217,2.6032669999999998,CSK,ESP,21
21319315,53,71,112,1987.0,232690.0,0.0,1.774518,2.00953,CSK,ESP,21
21319316,53,71,112,1988.0,280101.0,0.0,1.716794,1.946664,CSK,ESP,21
21319317,53,71,112,1964.0,0.0,109556.0,1.792717,2.919219,CSK,ESP,21
21319318,53,71,112,1965.0,0.0,51277.0,1.8258290000000001,2.861214,CSK,ESP,21
21319319,53,71,112,1966.0,0.0,61350.0,1.7615939999999999,2.771267,CSK,ESP,21
21319320,53,71,112,1967.0,0.0,50389.0,1.685491,2.778763,CSK,ESP,21
21319321,53,71,112,1968.0,0.0,30718.0,1.6086129999999998,2.804711,CSK,ESP,21
21319322,53,71,112,1969.0,0.0,15014.0,1.6685599999999998,2.84612,CSK,ESP,21
21319323,53,71,112,1974.0,29783.0,0.0,1.296678,2.116386,CSK,ESP,21
21319324,53,71,112,1983.0,35967.0,0.0,1.605309,1.517973,CSK,ESP,21
21319325,53,71,112,1984.0,82123.0,0.0,1.632743,1.7759639999999999,CSK,ESP,21
21319326,53,71,112,1985.0,10550.0,0.0,1.591434,1.748286,CSK,ESP,21
21319327,53,71,112,1986.0,50894.0,0.0,1.686079,2.0061869999999997,CSK,ESP,21
21319328,53,71,112,1989.0,544618.0,32106.0,1.5575,1.883823,CSK,ESP,21
21319329,53,71,112,1990.0,176120.0,0.0,1.4753370000000001,1.984316,CSK,ESP,21
21319330,53,71,112,1991.0,271845.0,0.0,1.2325709999999999,2.212502,CSK,ESP,21
21319331,53,71,112,1992.0,35872.0,0.0,1.116966,2.225331,CSK,ESP,21
21319332,54,71,112,2001.0,0.0,26568.0,-0.889919,-1.137994,CUB,ESP,21
21319333,54,71,112,2002.0,0.0,259472.0,-0.896759,-1.079825,CUB,ESP,21
21319334,54,71,112,2003.0,32667.0,0.0,-0.628405,-0.9677479999999999,CUB,ESP,21
21319335,54,71,112,2000.0,0.0,3860.0,-0.800886,-1.133715,CUB,ESP,21
21319336,54,71,112,2005.0,0.0,2169.0,-0.15829100000000002,-0.660982,CUB,ESP,21
21319337,54,71,112,2009.0,5855.0,0.0,-0.11006700000000001,-0.872604,CUB,ESP,21
21319338,54,71,112,2014.0,15406.0,0.0,-0.5320560000000001,-0.941575,CUB,ESP,21
21319339,54,71,112,1989.0,0.0,1391.0,-0.562322,-0.9086120000000001,CUB,ESP,21
21319340,54,71,112,1995.0,38508.0,0.0,-0.433758,-0.938617,CUB,ESP,21
21319341,54,71,112,1993.0,28824.0,0.0,-0.8457370000000001,-1.090646,CUB,ESP,21
21319342,54,71,112,1994.0,157901.0,0.0,-0.630628,-1.006546,CUB,ESP,21
21319343,57,71,112,1990.0,110633.0,0.0,0.17102699999999998,-0.555213,CYM,ESP,21
21319344,58,71,112,2014.0,22808.0,0.0,0.476854,0.572103,CYP,ESP,21
21319345,58,71,112,1997.0,1686550.0,0.0,0.45144700000000004,0.46707600000000005,CYP,ESP,21
21319346,58,71,112,2005.0,383365.0,37800.0,0.44121000000000005,0.618356,CYP,ESP,21
21319347,58,71,112,1991.0,881050.0,0.0,0.44266000000000005,0.448676,CYP,ESP,21
21319348,58,71,112,2006.0,340671.0,0.0,0.728916,0.023954,CYP,ESP,21
21319349,58,71,112,2007.0,969420.0,0.0,0.7396739999999999,0.622233,CYP,ESP,21
21319350,58,71,112,2008.0,447110.0,0.0,0.9415969999999999,0.771097,CYP,ESP,21
21319351,58,71,112,1985.0,1787865.0,0.0,0.48616800000000004,0.43160699999999996,CYP,ESP,21
21319352,58,71,112,1990.0,1374702.0,54394.0,0.34024899999999997,0.438296,CYP,ESP,21
21319353,58,71,112,2009.0,91938.0,0.0,0.9030520000000001,0.6764100000000001,CYP,ESP,21
21319354,58,71,112,2011.0,179119.0,0.0,0.772541,0.5054649999999999,CYP,ESP,21
21319355,58,71,112,2012.0,274123.0,0.0,0.621962,0.188051,CYP,ESP,21
21319356,58,71,112,1987.0,2419546.0,0.0,0.33413899999999996,0.40161399999999997,CYP,ESP,21
21319357,58,71,112,2000.0,991765.0,7667.0,0.264835,0.268755,CYP,ESP,21
21319358,58,71,112,2010.0,506048.0,0.0,0.735604,0.523051,CYP,ESP,21
21319359,58,71,112,2013.0,163171.0,0.0,0.36482800000000004,0.527544,CYP,ESP,21
21319360,58,71,112,1979.0,612962.0,0.0,0.377919,0.048004000000000005,CYP,ESP,21
21319361,58,71,112,2003.0,1975526.0,0.0,0.165965,0.288935,CYP,ESP,21
21319362,58,71,112,2004.0,421352.0,0.0,0.42732200000000004,0.811763,CYP,ESP,21
21319363,58,71,112,2002.0,1760255.0,0.0,0.332088,0.50441,CYP,ESP,21
21319364,58,71,112,1994.0,853569.0,0.0,0.289026,0.462092,CYP,ESP,21
21319365,58,71,112,1996.0,1518321.0,84815.0,0.11774200000000001,0.044968,CYP,ESP,21
21319366,58,71,112,1989.0,1989115.0,0.0,0.519131,0.680182,CYP,ESP,21
21319367,58,71,112,1992.0,1278556.0,0.0,0.471516,0.668776,CYP,ESP,21
21319368,58,71,112,1993.0,454781.0,0.0,0.580024,0.537754,CYP,ESP,21
21319369,58,71,112,1995.0,1362598.0,0.0,0.376527,0.234258,CYP,ESP,21
21319370,58,71,112,1998.0,1431288.0,13925.0,0.37196399999999996,0.384417,CYP,ESP,21
21319371,58,71,112,1999.0,975420.0,0.0,0.482641,0.33643,CYP,ESP,21
21319372,58,71,112,2001.0,1727905.0,0.0,0.30700500000000003,0.258726,CYP,ESP,21
21319373,58,71,112,1984.0,663114.0,0.0,0.493011,0.479951,CYP,ESP,21
21319374,58,71,112,1968.0,1103.0,0.0,-0.154697,-0.659162,CYP,ESP,21
21319375,58,71,112,1972.0,84903.0,0.0,0.349447,-0.253012,CYP,ESP,21
21319376,58,71,112,1977.0,147228.0,0.0,0.60795,0.186904,CYP,ESP,21
21319377,58,71,112,1980.0,87388.0,0.0,0.498378,0.337489,CYP,ESP,21
21319378,58,71,112,1981.0,199941.0,0.0,0.554236,0.5848760000000001,CYP,ESP,21
21319379,58,71,112,1982.0,16270.0,0.0,0.544289,0.538729,CYP,ESP,21
21319380,58,71,112,1983.0,59327.0,0.0,0.5428430000000001,0.6187199999999999,CYP,ESP,21
21319381,58,71,112,1986.0,285593.0,0.0,0.3699,0.336753,CYP,ESP,21
21319382,58,71,112,1988.0,1404163.0,0.0,0.433629,0.700012,CYP,ESP,21
21319383,58,71,112,1976.0,362251.0,0.0,0.58322,0.258841,CYP,ESP,21
21319384,58,71,112,1978.0,481911.0,0.0,0.45756,0.114176,CYP,ESP,21
21319385,58,71,112,1969.0,26753.0,0.0,-0.15748900000000002,-0.67102,CYP,ESP,21
21319386,59,71,112,2000.0,355035.0,540085.0,1.526256,0.9255639999999999,CZE,ESP,21
21319387,59,71,112,2013.0,885136.0,1668964.0,1.829509,-0.41787700000000005,CZE,ESP,21
21319388,59,71,112,2007.0,210066.0,1731987.0,1.661947,-0.284736,CZE,ESP,21
21319389,59,71,112,2014.0,964969.0,1609361.0,1.761204,-0.148263,CZE,ESP,21
21319390,59,71,112,2019.0,0.0,1739998.0,1.7903779999999998,0.10644100000000001,CZE,ESP,21
21319391,59,71,112,2006.0,0.0,1236627.0,1.6478549999999998,0.095131,CZE,ESP,21
21319392,59,71,112,2011.0,0.0,1270629.0,1.7717619999999998,-0.315625,CZE,ESP,21
21319393,59,71,112,2015.0,279780.0,1343880.0,1.812925,0.13373,CZE,ESP,21
21319394,59,71,112,2001.0,683010.0,1846519.0,1.56908,0.860384,CZE,ESP,21
21319395,59,71,112,2012.0,279045.0,1252932.0,1.7368299999999999,-0.651329,CZE,ESP,21
21319396,59,71,112,2004.0,54671.0,1704711.0,1.612543,0.607495,CZE,ESP,21
21319397,59,71,112,2016.0,197903.0,1344228.0,1.818585,0.341356,CZE,ESP,21
21319398,59,71,112,1998.0,819397.0,349017.0,1.505737,0.8389909999999999,CZE,ESP,21
21319399,59,71,112,1999.0,403686.0,101718.0,1.4655790000000002,1.0322120000000001,CZE,ESP,21
21319400,59,71,112,2002.0,284287.0,1311554.0,1.5835139999999999,0.9563010000000001,CZE,ESP,21
21319401,59,71,112,2003.0,355648.0,1553316.0,1.6742110000000001,0.569922,CZE,ESP,21
21319402,59,71,112,2009.0,63842.0,1447602.0,1.679038,-0.129397,CZE,ESP,21
21319403,59,71,112,2010.0,1661.0,541988.0,1.770959,-0.060892999999999996,CZE,ESP,21
21319404,59,71,112,1993.0,192909.0,0.0,1.2642,1.746371,CZE,ESP,21
21319405,59,71,112,2005.0,253188.0,1955225.0,1.625005,0.447671,CZE,ESP,21
21319406,59,71,112,2018.0,0.0,1605933.0,1.8018669999999999,0.022382,CZE,ESP,21
21319407,59,71,112,1997.0,1299089.0,0.0,1.450452,1.031814,CZE,ESP,21
21319408,59,71,112,2017.0,0.0,1501481.0,1.8494680000000001,0.150088,CZE,ESP,21
21319409,59,71,112,2020.0,0.0,2114280.0,1.779952,0.16428099999999998,CZE,ESP,21
21319410,59,71,112,1995.0,213976.0,64026.0,1.4096600000000001,1.239983,CZE,ESP,21
21319411,59,71,112,2008.0,3515.0,1205816.0,1.643978,-0.24086300000000002,CZE,ESP,21
21319412,59,71,112,1994.0,427709.0,118647.0,1.421819,1.269007,CZE,ESP,21
21319413,59,71,112,1996.0,365087.0,17345.0,1.412088,1.171914,CZE,ESP,21
21319414,61,71,112,1990.0,10402212.0,1359956.0,2.3047779999999998,-1.900406,DEU,ESP,21
21319415,61,71,112,1994.0,12653324.0,795909.0,2.402409,-2.556117,DEU,ESP,21
21319416,61,71,112,1995.0,8836714.0,514095.0,2.4218,-2.412578,DEU,ESP,21
21319417,61,71,112,1997.0,9134857.0,820303.0,2.360316,-2.655514,DEU,ESP,21
21319418,61,71,112,1998.0,9781148.0,1208215.0,2.398725,-2.483955,DEU,ESP,21
21319419,61,71,112,1999.0,9708206.0,2610680.0,2.3608849999999997,-2.138199,DEU,ESP,21
21319420,61,71,112,2001.0,14964225.0,3539468.0,2.335872,-2.09875,DEU,ESP,21
21319421,61,71,112,2004.0,9370391.0,6371683.0,2.4453099999999997,-2.331761,DEU,ESP,21
21319422,61,71,112,2008.0,4022897.0,5846427.0,2.028301,-3.224271,DEU,ESP,21
21319423,61,71,112,2009.0,2777873.0,3586654.0,2.041426,-3.422743,DEU,ESP,21
21319424,61,71,112,2015.0,2575067.0,3381196.0,2.305792,-2.676862,DEU,ESP,21
21319425,61,71,112,2016.0,4117081.0,1288356.0,2.307429,-2.341644,DEU,ESP,21
21319426,61,71,112,2017.0,2080993.0,583123.0,2.164026,-2.458307,DEU,ESP,21
21319427,61,71,112,2018.0,1108430.0,2002265.0,2.126861,-2.619524,DEU,ESP,21
21319428,61,71,112,2019.0,949934.0,1186992.0,2.058602,-2.218827,DEU,ESP,21
21319429,61,71,112,2020.0,1109131.0,1436458.0,1.961063,-2.199807,DEU,ESP,21
21319430,61,71,112,1989.0,15489177.0,596703.0,2.23201,-2.161829,DEU,ESP,21
21319431,61,71,112,1991.0,8567444.0,960846.0,2.3225700000000002,-2.126672,DEU,ESP,21
21319432,61,71,112,1992.0,9588123.0,556548.0,2.2968349999999997,-2.581569,DEU,ESP,21
21319433,61,71,112,1993.0,7218385.0,556472.0,2.374316,-2.629723,DEU,ESP,21
21319434,61,71,112,1996.0,8065254.0,1078192.0,2.347101,-2.4792799999999997,DEU,ESP,21
21319435,61,71,112,2000.0,11514745.0,3543091.0,2.3753580000000003,-2.4481029999999997,DEU,ESP,21
21319436,61,71,112,2002.0,14591175.0,4678761.0,2.367856,-2.195331,DEU,ESP,21
21319437,61,71,112,2003.0,12496504.0,5206960.0,2.409758,-2.243778,DEU,ESP,21
21319438,61,71,112,2005.0,7270080.0,8808276.0,2.281822,-2.670782,DEU,ESP,21
21319439,61,71,112,2006.0,7463581.0,6967083.0,2.135679,-2.933329,DEU,ESP,21
21319440,61,71,112,2007.0,3723995.0,6110857.0,2.051962,-3.136816,DEU,ESP,21
21319441,61,71,112,2010.0,3153659.0,8239395.0,2.115004,-3.3083650000000002,DEU,ESP,21
21319442,61,71,112,2011.0,4265707.0,3904185.0,2.057418,-3.459737,DEU,ESP,21
21319443,61,71,112,2012.0,4999885.0,6711674.0,1.977443,-3.692254,DEU,ESP,21
21319444,61,71,112,2013.0,5623218.0,5332841.0,2.1086869999999998,-3.7092,DEU,ESP,21
21319445,61,71,112,2014.0,3569329.0,4812418.0,2.106119,-3.225189,DEU,ESP,21
21319446,61,71,112,1970.0,775180.0,547103.0,2.311743,-1.396571,DEU,ESP,21
21319447,61,71,112,1971.0,1633876.0,262536.0,2.304817,-1.885431,DEU,ESP,21
21319448,61,71,112,1978.0,9073702.0,461815.0,2.107491,-3.2783559999999996,DEU,ESP,21
21319449,61,71,112,1979.0,10839153.0,707694.0,2.034494,-3.751922,DEU,ESP,21
21319450,61,71,112,1980.0,8965874.0,961275.0,1.8394169999999999,-4.557479,DEU,ESP,21
21319451,61,71,112,1981.0,6918883.0,576643.0,1.8353509999999997,-4.685452,DEU,ESP,21
21319452,61,71,112,1982.0,6376173.0,552348.0,1.9565110000000001,-3.978064,DEU,ESP,21
21319453,61,71,112,1962.0,50334.0,1706891.0,2.4106549999999998,-0.518005,DEU,ESP,21
21319454,61,71,112,1963.0,30386.0,1661715.0,2.393412,-1.411257,DEU,ESP,21
21319455,61,71,112,1964.0,38012.0,1752887.0,2.367741,-1.3928690000000001,DEU,ESP,21
21319456,61,71,112,1965.0,81132.0,1362844.0,2.468034,-1.4697209999999998,DEU,ESP,21
21319457,61,71,112,1966.0,171822.0,1332676.0,2.355407,-1.375067,DEU,ESP,21
21319458,61,71,112,1967.0,93378.0,820516.0,2.2959400000000003,-1.771377,DEU,ESP,21
21319459,61,71,112,1968.0,283704.0,506612.0,2.2253979999999998,-1.8081060000000002,DEU,ESP,21
21319460,61,71,112,1969.0,784876.0,726278.0,2.314731,-1.690981,DEU,ESP,21
21319461,61,71,112,1972.0,2060597.0,297922.0,2.3335169999999996,-1.881743,DEU,ESP,21
21319462,61,71,112,1973.0,3291261.0,508392.0,2.28934,-2.513276,DEU,ESP,21
21319463,61,71,112,1974.0,3267437.0,750954.0,1.927656,-3.9276720000000003,DEU,ESP,21
21319464,61,71,112,1975.0,4915531.0,452998.0,2.031848,-4.363862999999999,DEU,ESP,21
21319465,61,71,112,1983.0,7652471.0,487274.0,1.977861,-3.3039080000000003,DEU,ESP,21
21319466,61,71,112,1984.0,10302640.0,367543.0,1.980635,-3.3931989999999996,DEU,ESP,21
21319467,61,71,112,1985.0,10111179.0,205586.0,2.088849,-3.337592,DEU,ESP,21
21319468,61,71,112,1986.0,13007627.0,370719.0,2.295101,-2.270203,DEU,ESP,21
21319469,61,71,112,1987.0,11778400.0,891527.0,2.307656,-1.7128450000000002,DEU,ESP,21
21319470,61,71,112,1988.0,10311220.0,1692587.0,2.2490580000000002,-1.9861400000000002,DEU,ESP,21
21319471,61,71,112,1976.0,4778945.0,713053.0,1.925126,-4.4309,DEU,ESP,21
21319472,61,71,112,1977.0,8697017.0,632926.0,1.697741,-4.697726,DEU,ESP,21
21319473,62,71,112,1987.0,364323.0,0.0,0.9142520000000001,0.584075,DJI,ESP,21
21319474,62,71,112,1990.0,81900.0,0.0,0.978215,1.0809799999999998,DJI,ESP,21
21319475,62,71,112,1988.0,160330.0,0.0,0.631275,0.574695,DJI,ESP,21
21319476,62,71,112,1989.0,131063.0,0.0,0.966327,0.860094,DJI,ESP,21
21319477,62,71,112,1986.0,106080.0,0.0,0.714026,0.336169,DJI,ESP,21
21319478,62,71,112,1995.0,123739.0,0.0,0.662456,0.985193,DJI,ESP,21
21319479,62,71,112,1975.0,59309.0,0.0,0.566878,0.537622,DJI,ESP,21
21319480,62,71,112,1972.0,105589.0,0.0,0.381757,-0.370965,DJI,ESP,21
21319481,64,71,112,1989.0,8117583.0,50801.0,1.582175,1.569325,DNK,ESP,21
21319482,64,71,112,1990.0,5249680.0,63666.0,1.687973,1.557006,DNK,ESP,21
21319483,64,71,112,1991.0,8508997.0,0.0,1.6556400000000002,1.565383,DNK,ESP,21
21319484,64,71,112,1992.0,8139973.0,3426.0,1.696464,1.365743,DNK,ESP,21
21319485,64,71,112,1993.0,3591791.0,203808.0,1.6421119999999998,1.364214,DNK,ESP,21
21319486,64,71,112,1994.0,7227341.0,80941.0,1.581223,1.4248450000000001,DNK,ESP,21
21319487,64,71,112,1995.0,4681323.0,112116.0,1.503884,1.5113889999999999,DNK,ESP,21
21319488,64,71,112,1996.0,4176466.0,85971.0,1.416927,1.401766,DNK,ESP,21
21319489,64,71,112,1997.0,7693460.0,450187.0,1.422606,1.395373,DNK,ESP,21
21319490,64,71,112,1998.0,6030449.0,706260.0,1.33359,1.4028479999999999,DNK,ESP,21
21319491,64,71,112,1999.0,4709726.0,333138.0,1.410765,1.344786,DNK,ESP,21
21319492,64,71,112,2000.0,4873624.0,1285939.0,1.312843,1.4304370000000002,DNK,ESP,21
21319493,64,71,112,2001.0,3549545.0,655574.0,1.356327,1.3288309999999999,DNK,ESP,21
21319494,64,71,112,2002.0,2694226.0,713716.0,1.344708,1.321135,DNK,ESP,21
21319495,64,71,112,2003.0,1843981.0,660651.0,1.343559,1.269764,DNK,ESP,21
21319496,64,71,112,2004.0,1888786.0,2162492.0,1.309074,1.2627979999999999,DNK,ESP,21
21319497,64,71,112,2005.0,2286370.0,1947214.0,1.30959,1.174674,DNK,ESP,21
21319498,64,71,112,2006.0,2805338.0,2273870.0,1.25209,1.133206,DNK,ESP,21
21319499,64,71,112,2007.0,2058428.0,1842070.0,1.236224,0.9855430000000001,DNK,ESP,21
21319500,64,71,112,2008.0,1995176.0,1913099.0,1.2796020000000001,0.8877649999999999,DNK,ESP,21
21319501,64,71,112,2009.0,313573.0,1718237.0,1.328905,0.871136,DNK,ESP,21
21319502,64,71,112,2010.0,577921.0,4067431.0,1.184863,1.164933,DNK,ESP,21
21319503,64,71,112,2011.0,1694816.0,6348787.0,1.178394,1.166879,DNK,ESP,21
21319504,64,71,112,2012.0,858457.0,6347960.0,1.159478,1.053761,DNK,ESP,21
21319505,64,71,112,2013.0,1068582.0,11836409.0,1.190302,1.062991,DNK,ESP,21
21319506,64,71,112,2014.0,1184338.0,7197435.0,1.15411,1.160462,DNK,ESP,21
21319507,64,71,112,2015.0,595658.0,7035426.0,1.142526,1.203298,DNK,ESP,21
21319508,64,71,112,2016.0,140568.0,4823090.0,1.0572629999999998,1.4157540000000002,DNK,ESP,21
21319509,64,71,112,2017.0,19398.0,5775994.0,1.143276,1.242437,DNK,ESP,21
21319510,64,71,112,2018.0,56329.0,3735991.0,1.094761,1.337348,DNK,ESP,21
21319511,64,71,112,2020.0,5314.0,1567836.0,1.1190280000000001,1.1366290000000001,DNK,ESP,21
21319512,64,71,112,2019.0,142618.0,3539081.0,1.094496,1.283199,DNK,ESP,21
21319513,64,71,112,1962.0,9124.0,0.0,1.6905080000000001,2.83239,DNK,ESP,21
21319514,64,71,112,1964.0,2037.0,1156.0,1.62625,2.935863,DNK,ESP,21
21319515,64,71,112,1965.0,16281.0,0.0,1.7219900000000001,2.978298,DNK,ESP,21
21319516,64,71,112,1966.0,19922.0,0.0,1.5702200000000002,2.8322279999999997,DNK,ESP,21
21319517,64,71,112,1967.0,92912.0,4161.0,1.606079,2.800056,DNK,ESP,21
21319518,64,71,112,1968.0,99284.0,1129.0,1.5995489999999999,2.6483209999999997,DNK,ESP,21
21319519,64,71,112,1969.0,169192.0,0.0,1.620284,2.448705,DNK,ESP,21
21319520,64,71,112,1970.0,194386.0,0.0,1.546352,2.518089,DNK,ESP,21
21319521,64,71,112,1971.0,352422.0,0.0,1.5224870000000001,2.45498,DNK,ESP,21
21319522,64,71,112,1972.0,704580.0,0.0,1.494816,2.368819,DNK,ESP,21
21319523,64,71,112,1973.0,1445326.0,0.0,1.452366,2.3274529999999998,DNK,ESP,21
21319524,64,71,112,1974.0,2080476.0,0.0,1.250675,2.121944,DNK,ESP,21
21319525,64,71,112,1976.0,2540073.0,0.0,1.333302,1.8720869999999998,DNK,ESP,21
21319526,64,71,112,1977.0,3362014.0,0.0,1.265108,1.649388,DNK,ESP,21
21319527,64,71,112,1978.0,2363582.0,0.0,1.47145,1.8771740000000001,DNK,ESP,21
21319528,64,71,112,1979.0,3435091.0,0.0,1.495303,1.7304950000000001,DNK,ESP,21
21319529,64,71,112,1983.0,4830032.0,0.0,1.40949,1.7753860000000001,DNK,ESP,21
21319530,64,71,112,1984.0,3058033.0,0.0,1.472334,1.685285,DNK,ESP,21
21319531,64,71,112,1985.0,3756602.0,0.0,1.4614340000000001,1.7990279999999998,DNK,ESP,21
21319532,64,71,112,1986.0,5425872.0,0.0,1.5491219999999999,1.788502,DNK,ESP,21
21319533,64,71,112,1987.0,6009023.0,239308.0,1.566468,1.7916279999999998,DNK,ESP,21
21319534,64,71,112,1963.0,2066.0,0.0,1.625534,2.9884470000000003,DNK,ESP,21
21319535,64,71,112,1975.0,2054378.0,0.0,1.3746610000000001,1.9036560000000002,DNK,ESP,21
21319536,64,71,112,1980.0,3995676.0,0.0,1.355841,1.64885,DNK,ESP,21
21319537,64,71,112,1981.0,4717921.0,0.0,1.37955,1.55782,DNK,ESP,21
21319538,64,71,112,1982.0,5383202.0,0.0,1.357892,1.7284099999999998,DNK,ESP,21
21319539,64,71,112,1988.0,6145913.0,77942.0,1.57124,1.636976,DNK,ESP,21
21319540,65,71,112,1996.0,21140.0,0.0,-0.370096,-0.371728,DOM,ESP,21
21319541,65,71,112,2006.0,15191.0,252774.0,0.044542,0.178998,DOM,ESP,21
21319542,65,71,112,2007.0,390584.0,8408.0,0.033073000000000005,0.178095,DOM,ESP,21
21319543,65,71,112,2008.0,393839.0,22268.0,-0.05864,0.32409,DOM,ESP,21
21319544,65,71,112,2013.0,8010.0,2193.0,-0.272579,0.42750699999999997,DOM,ESP,21
21319545,65,71,112,2010.0,62941.0,21864.0,-0.19651300000000002,0.473103,DOM,ESP,21
21319546,65,71,112,2011.0,51644.0,1799.0,-0.233523,0.43093100000000006,DOM,ESP,21
21319547,65,71,112,2012.0,48467.0,0.0,-0.08708300000000001,0.389521,DOM,ESP,21
21319548,65,71,112,2003.0,71196.0,0.0,-0.36733299999999997,-0.244125,DOM,ESP,21
21319549,65,71,112,2004.0,0.0,4232.0,-0.24909699999999999,-0.326783,DOM,ESP,21
21319550,65,71,112,1992.0,0.0,9916.0,-0.338979,-0.5049279999999999,DOM,ESP,21
21319551,65,71,112,1994.0,24578.0,0.0,-0.451088,-0.47493,DOM,ESP,21
21319552,65,71,112,2001.0,10886.0,0.0,-0.55896,-0.517513,DOM,ESP,21
21319553,65,71,112,1968.0,1104.0,0.0,-0.739667,-0.834332,DOM,ESP,21
21319554,65,71,112,1974.0,0.0,1168.0,0.07951,-0.499971,DOM,ESP,21
21319555,65,71,112,1972.0,0.0,1407.0,-0.319533,-0.704217,DOM,ESP,21
21319556,65,71,112,1969.0,72217.0,0.0,-0.476207,-0.674134,DOM,ESP,21
21319557,65,71,112,1987.0,42368.0,0.0,-0.149001,-0.46996000000000004,DOM,ESP,21
21319558,66,71,112,2002.0,222810.0,0.0,-0.9281389999999999,-1.19549,DZA,ESP,21
21319559,66,71,112,1996.0,826055.0,42998.0,-0.478062,-1.107679,DZA,ESP,21
21319560,66,71,112,1997.0,546273.0,201545.0,-0.8557879999999999,-1.150101,DZA,ESP,21
21319561,66,71,112,1998.0,630580.0,294380.0,-0.9031540000000001,-1.226587,DZA,ESP,21
21319562,66,71,112,1999.0,40758.0,370504.0,-0.9109510000000001,-1.2337690000000001,DZA,ESP,21
21319563,66,71,112,2009.0,28561.0,8047.0,-1.449948,-1.1684379999999999,DZA,ESP,21
21319564,66,71,112,2007.0,51141.0,11863.0,-1.684407,-1.175913,DZA,ESP,21
21319565,66,71,112,2006.0,139041.0,7543.0,-1.079717,-1.153102,DZA,ESP,21
21319566,66,71,112,2013.0,0.0,128261.0,-1.53603,-1.104965,DZA,ESP,21
21319567,66,71,112,2011.0,0.0,5279.0,-1.854061,-1.165254,DZA,ESP,21
21319568,66,71,112,1980.0,0.0,128979.0,-0.824633,-0.626919,DZA,ESP,21
21319569,66,71,112,1981.0,0.0,89468.0,-1.190309,-0.664218,DZA,ESP,21
21319570,66,71,112,1982.0,0.0,43478.0,-0.172267,-0.659804,DZA,ESP,21
21319571,66,71,112,1983.0,0.0,71219.0,-0.7981659999999999,-0.753267,DZA,ESP,21
21319572,66,71,112,2008.0,0.0,12411.0,-1.336371,-1.121674,DZA,ESP,21
21319573,66,71,112,1985.0,761367.0,23568.0,-0.6576529999999999,-0.7485,DZA,ESP,21
21319574,66,71,112,2010.0,75426.0,0.0,-1.055933,-1.147434,DZA,ESP,21
21319575,66,71,112,1988.0,0.0,39371.0,0.307265,-0.662114,DZA,ESP,21
21319576,66,71,112,1990.0,0.0,272918.0,-0.22003699999999998,-0.8691840000000001,DZA,ESP,21
21319577,66,71,112,1984.0,0.0,30729.0,-0.538097,-0.71608,DZA,ESP,21
21319578,66,71,112,1987.0,0.0,11873.0,-0.587799,-0.875919,DZA,ESP,21
21319579,66,71,112,1989.0,0.0,48107.0,0.085234,-0.790333,DZA,ESP,21
21319580,66,71,112,2001.0,23731.0,107925.0,-0.9852559999999999,-1.245285,DZA,ESP,21
21319581,66,71,112,2005.0,25044.0,15094.0,-0.8425459999999999,-1.193578,DZA,ESP,21
21319582,66,71,112,2003.0,648380.0,5618.0,-1.0299719999999999,-1.196819,DZA,ESP,21
21319583,66,71,112,2000.0,43780.0,173546.0,-0.9876940000000001,-1.194216,DZA,ESP,21
21319584,66,71,112,2004.0,0.0,12451.0,-1.166661,-1.2240879999999998,DZA,ESP,21
21319585,66,71,112,1963.0,91058.0,0.0,-0.36932600000000004,-0.654191,DZA,ESP,21
21319586,66,71,112,1964.0,103365.0,0.0,-0.19547,-0.533465,DZA,ESP,21
21319587,66,71,112,1965.0,84559.0,0.0,-0.45153999999999994,-0.61964,DZA,ESP,21
21319588,66,71,112,1966.0,125414.0,0.0,-0.191421,-0.48338000000000003,DZA,ESP,21
21319589,66,71,112,1967.0,51501.0,0.0,-0.6596420000000001,-0.664138,DZA,ESP,21
21319590,66,71,112,1968.0,32109.0,0.0,-0.6151939999999999,-0.68092,DZA,ESP,21
21319591,66,71,112,1971.0,84695.0,0.0,-0.42629399999999995,-0.612192,DZA,ESP,21
21319592,66,71,112,1972.0,752136.0,0.0,-0.619567,-0.716837,DZA,ESP,21
21319593,66,71,112,1995.0,17258.0,38843.0,-0.754728,-1.112298,DZA,ESP,21
21319594,66,71,112,1994.0,5584.0,0.0,-0.647304,-1.069269,DZA,ESP,21
21319595,66,71,112,1993.0,0.0,38009.0,-0.47212299999999996,-1.044352,DZA,ESP,21
21319596,66,71,112,1962.0,93564.0,0.0,-0.047583,-0.42472200000000004,DZA,ESP,21
21319597,66,71,112,1969.0,11905.0,0.0,-0.23156300000000002,-0.523313,DZA,ESP,21
21319598,67,71,112,2009.0,0.0,33636.0,-0.8419409999999999,-0.934737,ECU,ESP,21
21319599,67,71,112,2011.0,0.0,47557.0,-0.694541,-0.838952,ECU,ESP,21
21319600,67,71,112,2014.0,0.0,220518.0,-1.0520559999999999,-1.109638,ECU,ESP,21
21319601,67,71,112,2002.0,1479.0,0.0,-0.973858,-0.8924979999999999,ECU,ESP,21
21319602,67,71,112,2006.0,11594.0,5355.0,-0.9617209999999999,-0.936366,ECU,ESP,21
21319603,67,71,112,2007.0,0.0,233574.0,-0.7544649999999999,-0.843109,ECU,ESP,21
21319604,67,71,112,2008.0,0.0,401897.0,-0.742568,-0.923999,ECU,ESP,21
21319605,67,71,112,2001.0,93798.0,0.0,-0.8668389999999999,-0.891943,ECU,ESP,21
21319606,67,71,112,1994.0,36900.0,18819.0,-0.877626,-0.887143,ECU,ESP,21
21319607,67,71,112,1980.0,3106.0,0.0,-0.714294,-0.765019,ECU,ESP,21
21319608,67,71,112,1992.0,1380.0,0.0,-0.815778,-0.9415459999999999,ECU,ESP,21
21319609,67,71,112,1986.0,2966.0,0.0,-0.905904,-0.900432,ECU,ESP,21
21319610,67,71,112,1995.0,0.0,3451.0,-1.014942,-0.963766,ECU,ESP,21
21319611,67,71,112,1988.0,42299.0,0.0,-0.9319049999999999,-0.9385700000000001,ECU,ESP,21
21319612,68,71,112,2007.0,130207.0,5379631.0,-0.235285,0.627879,EGY,ESP,21
21319613,68,71,112,2000.0,46009.0,0.0,-0.365578,0.01634,EGY,ESP,21
21319614,68,71,112,2002.0,16063.0,0.0,-0.37218,0.634319,EGY,ESP,21
21319615,68,71,112,2006.0,461804.0,3611599.0,-0.305058,0.294265,EGY,ESP,21
21319616,68,71,112,2008.0,181349.0,5531328.0,-0.137844,0.9603309999999999,EGY,ESP,21
21319617,68,71,112,2009.0,446540.0,5164406.0,-0.218081,1.504799,EGY,ESP,21
21319618,68,71,112,2010.0,610780.0,17032295.0,-0.209963,1.194495,EGY,ESP,21
21319619,68,71,112,2011.0,1012109.0,2507954.0,-0.192719,1.27566,EGY,ESP,21
21319620,68,71,112,2012.0,863318.0,722891.0,-0.145791,1.470876,EGY,ESP,21
21319621,68,71,112,2013.0,3156414.0,16822.0,-0.12015799999999999,1.793363,EGY,ESP,21
21319622,68,71,112,2014.0,7699.0,0.0,-0.036009,2.027503,EGY,ESP,21
21319623,68,71,112,2019.0,0.0,116455.0,-0.146901,1.585033,EGY,ESP,21
21319624,68,71,112,2020.0,0.0,349469.0,-0.08927,1.49673,EGY,ESP,21
21319625,68,71,112,2005.0,493982.0,1212122.0,-0.340463,0.49389700000000003,EGY,ESP,21
21319626,68,71,112,2004.0,217532.0,2522316.0,-0.35823499999999997,0.5000100000000001,EGY,ESP,21
21319627,68,71,112,1997.0,22875.0,0.0,-0.34861,0.005477,EGY,ESP,21
21319628,68,71,112,2015.0,0.0,64963.0,-0.162443,1.921616,EGY,ESP,21
21319629,68,71,112,1982.0,73842.0,0.0,-0.418196,-0.791906,EGY,ESP,21
21319630,68,71,112,1971.0,3021.0,0.0,0.192492,-0.374212,EGY,ESP,21
21319631,68,71,112,1975.0,23655.0,0.0,0.233621,-0.245876,EGY,ESP,21
21319632,72,71,112,2015.0,0.0,43940.0,0.973858,1.131766,EST,ESP,21
21319633,72,71,112,1999.0,98233.0,0.0,0.524043,1.195208,EST,ESP,21
21319634,72,71,112,1997.0,64624.0,0.0,0.45792,1.148099,EST,ESP,21
21319635,72,71,112,1996.0,20630.0,0.0,0.445854,1.115429,EST,ESP,21
21319636,72,71,112,2011.0,31812.0,0.0,1.011931,1.182236,EST,ESP,21
21319637,72,71,112,2012.0,25690.0,0.0,0.8603,1.3146870000000002,EST,ESP,21
21319638,72,71,112,1998.0,302482.0,0.0,0.520386,1.475875,EST,ESP,21
21319639,72,71,112,1995.0,32312.0,0.0,0.52676,1.4011959999999999,EST,ESP,21
21319640,72,71,112,2009.0,10363.0,0.0,0.8222790000000001,1.347004,EST,ESP,21
21319641,72,71,112,2001.0,0.0,3937.0,0.53422,0.9372790000000001,EST,ESP,21
21319642,72,71,112,1992.0,71776.0,0.0,0.22019699999999998,0.0198,EST,ESP,21
21319643,72,71,112,1993.0,102226.0,0.0,0.19197999999999998,0.33518400000000004,EST,ESP,21
21319644,72,71,112,2000.0,115661.0,0.0,0.353545,0.665942,EST,ESP,21
21319645,72,71,112,1994.0,189294.0,0.0,0.27031900000000003,1.033541,EST,ESP,21
21319646,73,71,112,1999.0,95444.0,0.0,-1.131391,-1.121792,ETH,ESP,21
21319647,73,71,112,2005.0,403560.0,0.0,-1.141644,-0.917948,ETH,ESP,21
21319648,73,71,112,1982.0,2048848.0,0.0,-0.82811,-0.8644809999999999,ETH,ESP,21
21319649,73,71,112,2018.0,0.0,20213.0,-0.663343,-0.384372,ETH,ESP,21
21319650,73,71,112,1997.0,399514.0,0.0,-1.141928,-1.187119,ETH,ESP,21
21319651,73,71,112,2017.0,0.0,112449.0,-0.874714,-0.58418,ETH,ESP,21
21319652,73,71,112,2004.0,464602.0,0.0,-1.202444,-0.8973120000000001,ETH,ESP,21
21319653,73,71,112,1989.0,82809.0,0.0,-0.9259299999999999,-0.9666,ETH,ESP,21
21319654,73,71,112,1990.0,590885.0,0.0,-0.831623,-0.866266,ETH,ESP,21
21319655,73,71,112,1993.0,254021.0,0.0,-0.828259,-1.04875,ETH,ESP,21
21319656,73,71,112,2006.0,64828.0,0.0,-1.129189,-0.953627,ETH,ESP,21
21319657,73,71,112,2000.0,744552.0,0.0,-1.1137629999999998,-1.020996,ETH,ESP,21
21319658,73,71,112,2001.0,761259.0,0.0,-1.010637,-0.8893280000000001,ETH,ESP,21
21319659,73,71,112,2002.0,117437.0,0.0,-1.289118,-1.0291540000000001,ETH,ESP,21
21319660,73,71,112,1975.0,1659264.0,0.0,-0.48789499999999997,-0.635949,ETH,ESP,21
21319661,73,71,112,1976.0,2914448.0,0.0,-0.658507,-0.700235,ETH,ESP,21
21319662,73,71,112,1998.0,473318.0,0.0,-1.217424,-1.236122,ETH,ESP,21
21319663,73,71,112,1995.0,103922.0,0.0,-0.9904379999999999,-1.147924,ETH,ESP,21
21319664,73,71,112,2003.0,163810.0,0.0,-1.303143,-1.0157209999999999,ETH,ESP,21
21319665,73,71,112,1992.0,327298.0,0.0,-1.036482,-1.078446,ETH,ESP,21
21319666,73,71,112,1991.0,356023.0,0.0,-1.014659,-1.0170489999999999,ETH,ESP,21
21319667,73,71,112,1987.0,1650716.0,0.0,-0.8965069999999999,-0.856384,ETH,ESP,21
21319668,73,71,112,1983.0,924481.0,0.0,-0.7503380000000001,-0.820846,ETH,ESP,21
21319669,73,71,112,1984.0,2391968.0,0.0,-0.65484,-0.677473,ETH,ESP,21
21319670,73,71,112,1985.0,1295138.0,0.0,-0.6931510000000001,-0.739876,ETH,ESP,21
21319671,73,71,112,1988.0,245598.0,0.0,-0.856081,-0.896033,ETH,ESP,21
21319672,73,71,112,1986.0,1678033.0,0.0,-0.9103120000000001,-0.90074,ETH,ESP,21
21319673,73,71,112,1974.0,2303657.0,0.0,-0.621166,-0.766253,ETH,ESP,21
21319674,73,71,112,1978.0,3038955.0,0.0,-1.329817,-0.9309290000000001,ETH,ESP,21
21319675,73,71,112,1965.0,19654.0,0.0,-0.9608979999999999,-0.863766,ETH,ESP,21
21319676,73,71,112,1968.0,18804.0,0.0,-0.8907879999999999,-0.983032,ETH,ESP,21
21319677,73,71,112,1971.0,519539.0,0.0,-0.9625530000000001,-0.946401,ETH,ESP,21
21319678,73,71,112,1973.0,2858715.0,0.0,-0.878434,-0.916032,ETH,ESP,21
21319679,73,71,112,1966.0,316332.0,0.0,-0.8217709999999999,-0.877967,ETH,ESP,21
21319680,73,71,112,1967.0,89287.0,0.0,-0.8681459999999999,-0.894583,ETH,ESP,21
21319681,73,71,112,1969.0,308403.0,0.0,-0.818077,-0.8913129999999999,ETH,ESP,21
21319682,73,71,112,1970.0,204182.0,0.0,-0.9101629999999999,-0.9685790000000001,ETH,ESP,21
21319683,73,71,112,1972.0,2201875.0,0.0,-0.914517,-0.8951129999999999,ETH,ESP,21
21319684,73,71,112,1977.0,2611947.0,0.0,-0.773099,-0.813012,ETH,ESP,21
21319685,73,71,112,1979.0,6405125.0,0.0,-1.087081,-0.9283530000000001,ETH,ESP,21
21319686,73,71,112,1980.0,1845343.0,0.0,-0.94619,-0.9208770000000001,ETH,ESP,21
21319687,73,71,112,1981.0,3712885.0,0.0,-0.769345,-0.837823,ETH,ESP,21
21319688,73,71,112,1996.0,28545.0,0.0,-1.072519,-1.169486,ETH,ESP,21
21319689,73,71,112,1994.0,14995.0,0.0,-0.919898,-1.111944,ETH,ESP,21
21319690,73,71,112,1964.0,30535.0,0.0,-0.9506100000000001,-0.910874,ETH,ESP,21
21319691,74,71,112,1994.0,1372851.0,11267.0,1.8981270000000001,1.24787,FIN,ESP,21
21319692,74,71,112,2005.0,2499774.0,2517240.0,1.961555,0.858849,FIN,ESP,21
21319693,74,71,112,2011.0,122739.0,921860.0,1.7162240000000002,0.903516,FIN,ESP,21
21319694,74,71,112,2012.0,308836.0,2879659.0,1.5813700000000002,0.872251,FIN,ESP,21
21319695,74,71,112,1992.0,3099209.0,0.0,1.929661,1.3477,FIN,ESP,21
21319696,74,71,112,1993.0,496721.0,68376.0,1.842473,1.3741379999999999,FIN,ESP,21
21319697,74,71,112,1995.0,837013.0,175942.0,2.108075,1.099059,FIN,ESP,21
21319698,74,71,112,1996.0,1056700.0,60186.0,2.007619,1.016303,FIN,ESP,21
21319699,74,71,112,1997.0,2110819.0,11021.0,1.991377,1.047477,FIN,ESP,21
21319700,74,71,112,1998.0,2819084.0,50358.0,1.955559,0.9756879999999999,FIN,ESP,21
21319701,74,71,112,1999.0,2059709.0,4788.0,1.9599389999999999,0.962261,FIN,ESP,21
21319702,74,71,112,2000.0,2252063.0,96560.0,1.9705560000000002,0.874341,FIN,ESP,21
21319703,74,71,112,2001.0,2748535.0,133350.0,1.9661669999999998,1.000436,FIN,ESP,21
21319704,74,71,112,2006.0,3342506.0,3047876.0,1.8630220000000002,0.87172,FIN,ESP,21
21319705,74,71,112,2010.0,306434.0,1248866.0,1.6940389999999999,0.946305,FIN,ESP,21
21319706,74,71,112,2014.0,1551921.0,6502644.0,1.591758,0.9737819999999999,FIN,ESP,21
21319707,74,71,112,2009.0,126920.0,576032.0,1.817984,0.808595,FIN,ESP,21
21319708,74,71,112,2007.0,1377242.0,2274661.0,1.845464,0.736017,FIN,ESP,21
21319709,74,71,112,2008.0,1117816.0,803585.0,1.72795,0.837151,FIN,ESP,21
21319710,74,71,112,2017.0,120499.0,5471449.0,1.6562990000000002,0.94619,FIN,ESP,21
21319711,74,71,112,2019.0,94625.0,5814182.0,1.453063,1.008861,FIN,ESP,21
21319712,74,71,112,2020.0,23591.0,2831122.0,1.4016469999999999,1.07154,FIN,ESP,21
21319713,74,71,112,2004.0,2311633.0,2298707.0,1.9662810000000002,1.018108,FIN,ESP,21
21319714,74,71,112,2013.0,1360891.0,15363335.0,1.700282,0.867677,FIN,ESP,21
21319715,74,71,112,2018.0,126621.0,5083922.0,1.561518,1.0198450000000001,FIN,ESP,21
21319716,74,71,112,2002.0,2253966.0,364745.0,1.9545119999999998,1.047515,FIN,ESP,21
21319717,74,71,112,1989.0,5372845.0,60347.0,1.82413,1.400048,FIN,ESP,21
21319718,74,71,112,1990.0,1802945.0,223574.0,1.8661130000000001,1.410782,FIN,ESP,21
21319719,74,71,112,1991.0,2959269.0,1557.0,1.94885,1.430433,FIN,ESP,21
21319720,74,71,112,1973.0,565293.0,0.0,1.286851,1.312499,FIN,ESP,21
21319721,74,71,112,1974.0,784532.0,0.0,1.2140520000000001,1.441429,FIN,ESP,21
21319722,74,71,112,1975.0,1319645.0,2096.0,1.346743,1.638866,FIN,ESP,21
21319723,74,71,112,1976.0,920953.0,0.0,1.414654,1.332183,FIN,ESP,21
21319724,74,71,112,1977.0,589858.0,0.0,1.2614370000000001,1.231442,FIN,ESP,21
21319725,74,71,112,1978.0,928425.0,0.0,1.429258,1.295421,FIN,ESP,21
21319726,74,71,112,1979.0,1016230.0,8427.0,1.401422,1.438568,FIN,ESP,21
21319727,74,71,112,1980.0,1401933.0,0.0,1.3408579999999999,1.4248610000000002,FIN,ESP,21
21319728,74,71,112,1981.0,2009998.0,0.0,1.26512,1.37789,FIN,ESP,21
21319729,74,71,112,1982.0,1926706.0,0.0,1.494892,1.540117,FIN,ESP,21
21319730,74,71,112,1983.0,2224455.0,0.0,1.547773,1.662132,FIN,ESP,21
21319731,74,71,112,1984.0,3047243.0,0.0,1.490313,1.587169,FIN,ESP,21
21319732,74,71,112,1985.0,4055106.0,111196.0,1.7100950000000001,1.586964,FIN,ESP,21
21319733,74,71,112,1986.0,5355248.0,98695.0,1.810314,1.5777370000000002,FIN,ESP,21
21319734,74,71,112,1987.0,6665804.0,358824.0,1.804301,1.488441,FIN,ESP,21
21319735,74,71,112,1988.0,4393744.0,325428.0,1.7362240000000002,1.461849,FIN,ESP,21
21319736,74,71,112,2015.0,205925.0,5537413.0,1.58637,1.0265389999999999,FIN,ESP,21
21319737,74,71,112,2016.0,1655044.0,5208337.0,1.621764,1.026393,FIN,ESP,21
21319738,74,71,112,1967.0,82684.0,70444.0,1.455478,1.147373,FIN,ESP,21
21319739,74,71,112,2003.0,2222743.0,643785.0,2.036308,0.9777889999999999,FIN,ESP,21
21319740,74,71,112,1964.0,22347.0,93682.0,1.293779,0.751368,FIN,ESP,21
21319741,74,71,112,1963.0,11280.0,101480.0,1.375939,0.807489,FIN,ESP,21
21319742,74,71,112,1965.0,14711.0,53281.0,1.331217,0.73373,FIN,ESP,21
21319743,74,71,112,1966.0,32600.0,91940.0,1.46879,1.201158,FIN,ESP,21
21319744,74,71,112,1972.0,238708.0,0.0,1.3664379999999998,1.336475,FIN,ESP,21
21319745,74,71,112,1962.0,1815.0,164510.0,1.1255389999999998,0.31098000000000003,FIN,ESP,21
21319746,74,71,112,1968.0,70806.0,16348.0,1.401928,1.205835,FIN,ESP,21
21319747,74,71,112,1969.0,79245.0,14671.0,1.489982,1.369816,FIN,ESP,21
21319748,74,71,112,1970.0,43945.0,14946.0,1.458573,1.416044,FIN,ESP,21
21319749,74,71,112,1971.0,229865.0,1346.0,1.382261,1.410232,FIN,ESP,21
21319750,75,71,112,1989.0,0.0,5234.0,-0.31709699999999996,-0.496172,FJI,ESP,21
21319751,76,71,112,1992.0,13072.0,0.0,1.4858149999999999,0.324821,FLK,ESP,21
21319752,76,71,112,1988.0,25428.0,0.0,0.256429,-0.556758,FLK,ESP,21
21319753,76,71,112,1987.0,41827.0,0.0,1.822323,0.570164,FLK,ESP,21
21319754,76,71,112,1984.0,25640.0,0.0,1.342191,0.132174,FLK,ESP,21
21319755,76,71,112,1986.0,28653.0,0.0,1.698182,0.586266,FLK,ESP,21
21319756,76,71,112,1985.0,53468.0,0.0,1.502208,0.256678,FLK,ESP,21
21319757,77,71,112,1991.0,26136340.0,5545094.0,1.7085,1.57273,FRA,ESP,21
21319758,77,71,112,1992.0,23861679.0,8712909.0,1.682766,1.2713430000000001,FRA,ESP,21
21319759,77,71,112,1994.0,34813801.0,13671667.0,1.695588,1.057641,FRA,ESP,21
21319760,77,71,112,1995.0,43963393.0,15464750.0,1.852554,0.414677,FRA,ESP,21
21319761,77,71,112,1997.0,56113373.0,21297322.0,1.6737630000000001,0.7499439999999999,FRA,ESP,21
21319762,77,71,112,2002.0,25325716.0,14975770.0,1.648526,0.6870430000000001,FRA,ESP,21
21319763,77,71,112,2003.0,33500468.0,17167337.0,1.634758,0.66581,FRA,ESP,21
21319764,77,71,112,2005.0,16285024.0,17147528.0,1.525785,0.543208,FRA,ESP,21
21319765,77,71,112,2011.0,28845513.0,20824306.0,1.464241,0.097453,FRA,ESP,21
21319766,77,71,112,2012.0,25321094.0,18197464.0,1.414721,0.07219600000000001,FRA,ESP,21
21319767,77,71,112,2013.0,28621959.0,24210204.0,1.5253299999999999,0.026146,FRA,ESP,21
21319768,77,71,112,2014.0,26628890.0,21390521.0,1.432323,0.43023,FRA,ESP,21
21319769,77,71,112,2017.0,8994533.0,9511644.0,1.3874030000000002,0.8887719999999999,FRA,ESP,21
21319770,77,71,112,1993.0,20461457.0,7541275.0,1.7458349999999998,0.79503,FRA,ESP,21
21319771,77,71,112,1996.0,56686472.0,18132068.0,1.571365,1.187529,FRA,ESP,21
21319772,77,71,112,1998.0,42454721.0,12632283.0,1.653518,0.7599899999999999,FRA,ESP,21
21319773,77,71,112,1999.0,24326293.0,13602525.0,1.636221,0.682519,FRA,ESP,21
21319774,77,71,112,2000.0,23812109.0,19362934.0,1.644969,0.56481,FRA,ESP,21
21319775,77,71,112,2001.0,29360417.0,14969218.0,1.6143809999999998,0.626221,FRA,ESP,21
21319776,77,71,112,2004.0,18956939.0,17603883.0,1.57079,0.6776760000000001,FRA,ESP,21
21319777,77,71,112,2006.0,18077642.0,19265021.0,1.499686,0.16705699999999998,FRA,ESP,21
21319778,77,71,112,2007.0,20591394.0,24438217.0,1.413086,-0.07526000000000001,FRA,ESP,21
21319779,77,71,112,2008.0,14741374.0,21899689.0,1.488816,-0.452563,FRA,ESP,21
21319780,77,71,112,2009.0,10314287.0,12739708.0,1.527516,-0.306229,FRA,ESP,21
21319781,77,71,112,2010.0,17753404.0,22476836.0,1.5047760000000001,0.001199,FRA,ESP,21
21319782,77,71,112,2015.0,23125569.0,15264943.0,1.439999,0.764368,FRA,ESP,21
21319783,77,71,112,2016.0,20879748.0,11566950.0,1.490723,0.8471559999999999,FRA,ESP,21
21319784,77,71,112,1990.0,31208560.0,12805949.0,1.669715,1.508365,FRA,ESP,21
21319785,77,71,112,2019.0,8647909.0,7084857.0,1.293666,1.116506,FRA,ESP,21
21319786,77,71,112,2018.0,11893578.0,8591083.0,1.3578540000000001,0.9033700000000001,FRA,ESP,21
21319787,77,71,112,2020.0,6668251.0,7018099.0,1.2875159999999999,0.9690559999999999,FRA,ESP,21
21319788,77,71,112,1978.0,24266300.0,172744.0,1.646955,0.9724659999999999,FRA,ESP,21
21319789,77,71,112,1962.0,1171389.0,2258267.0,1.846026,2.297136,FRA,ESP,21
21319790,77,71,112,1963.0,1589343.0,1941900.0,1.8066380000000002,2.178048,FRA,ESP,21
21319791,77,71,112,1966.0,2020334.0,2538069.0,1.789189,2.2593080000000003,FRA,ESP,21
21319792,77,71,112,1968.0,3778572.0,722043.0,1.7160810000000002,1.713236,FRA,ESP,21
21319793,77,71,112,1969.0,6104733.0,77775.0,1.8168810000000002,1.280003,FRA,ESP,21
21319794,77,71,112,1970.0,4259160.0,100719.0,1.7668139999999999,1.386095,FRA,ESP,21
21319795,77,71,112,1971.0,6384521.0,89051.0,1.7299959999999999,1.562786,FRA,ESP,21
21319796,77,71,112,1972.0,10443701.0,59803.0,1.659743,1.8874959999999998,FRA,ESP,21
21319797,77,71,112,1973.0,14089417.0,138528.0,1.6488599999999998,1.432863,FRA,ESP,21
21319798,77,71,112,1974.0,12403387.0,124578.0,1.477955,-0.689535,FRA,ESP,21
21319799,77,71,112,1975.0,15314547.0,7142.0,1.613889,-0.820149,FRA,ESP,21
21319800,77,71,112,1979.0,26366085.0,78473.0,1.647521,0.415969,FRA,ESP,21
21319801,77,71,112,1980.0,15771515.0,416292.0,1.498672,-0.30297399999999997,FRA,ESP,21
21319802,77,71,112,1982.0,17472537.0,219195.0,1.572164,0.28068000000000004,FRA,ESP,21
21319803,77,71,112,1987.0,58617483.0,6237617.0,1.7136770000000001,1.574565,FRA,ESP,21
21319804,77,71,112,1965.0,1355319.0,2233261.0,1.965084,1.587269,FRA,ESP,21
21319805,77,71,112,1981.0,19611189.0,406491.0,1.522777,-0.132459,FRA,ESP,21
21319806,77,71,112,1986.0,36873970.0,2255439.0,1.6510099999999999,1.772803,FRA,ESP,21
21319807,77,71,112,1989.0,38305436.0,10156415.0,1.5896549999999998,1.5629709999999999,FRA,ESP,21
21319808,77,71,112,1967.0,5178608.0,1453198.0,1.78608,1.9817189999999998,FRA,ESP,21
21319809,77,71,112,1983.0,16445435.0,1005431.0,1.568431,0.46635299999999996,FRA,ESP,21
21319810,77,71,112,1984.0,23736850.0,330206.0,1.600737,0.828666,FRA,ESP,21
21319811,77,71,112,1985.0,26096868.0,1384743.0,1.644796,0.825614,FRA,ESP,21
21319812,77,71,112,1988.0,47753027.0,9324986.0,1.646985,1.580049,FRA,ESP,21
21319813,77,71,112,1964.0,1146104.0,2297680.0,1.864081,1.702066,FRA,ESP,21
21319814,77,71,112,1977.0,20313291.0,130358.0,1.4281469999999998,-0.739484,FRA,ESP,21
21319815,77,71,112,1976.0,15640143.0,154694.0,1.6000299999999998,-0.785133,FRA,ESP,21
21319816,78,71,112,2000.0,164546.0,0.0,-0.25500700000000004,-0.823207,FRO,ESP,21
21319817,78,71,112,2001.0,19603.0,0.0,-0.945048,-0.9974049999999999,FRO,ESP,21
21319818,78,71,112,1988.0,481335.0,0.0,-0.6037399999999999,-0.757794,FRO,ESP,21
21319819,78,71,112,1994.0,171466.0,0.0,0.02044,-0.69496,FRO,ESP,21
21319820,78,71,112,1996.0,164935.0,0.0,-0.644187,-0.795554,FRO,ESP,21
21319821,78,71,112,1989.0,404418.0,0.0,-0.714813,-0.789539,FRO,ESP,21
21319822,78,71,112,1985.0,93128.0,0.0,-0.6056189999999999,-0.699023,FRO,ESP,21
21319823,78,71,112,1983.0,1741.0,0.0,-0.285141,-0.582308,FRO,ESP,21
21319824,81,71,112,1988.0,70569631.0,1210508.0,1.8213439999999999,1.159216,GBR,ESP,21
21319825,81,71,112,1991.0,39384405.0,2006830.0,1.9737060000000002,1.125521,GBR,ESP,21
21319826,81,71,112,1993.0,23820689.0,5057678.0,1.868148,1.0931,GBR,ESP,21
21319827,81,71,112,1994.0,35894601.0,4225440.0,1.9469439999999998,0.9958540000000001,GBR,ESP,21
21319828,81,71,112,1995.0,32127895.0,6380505.0,1.876209,1.117718,GBR,ESP,21
21319829,81,71,112,2004.0,21394730.0,2929392.0,1.872987,0.734065,GBR,ESP,21
21319830,81,71,112,2014.0,6238270.0,230787.0,1.542804,0.915499,GBR,ESP,21
21319831,81,71,112,2015.0,4858562.0,283538.0,1.6475689999999998,0.8981,GBR,ESP,21
21319832,81,71,112,1989.0,70772595.0,2157594.0,1.832586,1.199455,GBR,ESP,21
21319833,81,71,112,1990.0,51962794.0,1906628.0,1.977629,1.004624,GBR,ESP,21
21319834,81,71,112,1992.0,26003497.0,5502700.0,1.8901810000000001,0.9274030000000001,GBR,ESP,21
21319835,81,71,112,1996.0,38370859.0,12776885.0,1.948148,0.882453,GBR,ESP,21
21319836,81,71,112,1997.0,32582743.0,4317601.0,1.9742490000000001,0.7046359999999999,GBR,ESP,21
21319837,81,71,112,1998.0,32311556.0,6035315.0,2.000695,0.397047,GBR,ESP,21
21319838,81,71,112,1999.0,16952749.0,4085197.0,2.0135549999999998,0.749078,GBR,ESP,21
21319839,81,71,112,2000.0,29870101.0,5174934.0,2.099928,0.564025,GBR,ESP,21
21319840,81,71,112,2001.0,34928733.0,3285723.0,2.1068439999999997,0.658575,GBR,ESP,21
21319841,81,71,112,2002.0,29725880.0,5462488.0,2.067395,0.7934359999999999,GBR,ESP,21
21319842,81,71,112,2003.0,26093912.0,3677068.0,1.9672990000000001,0.793304,GBR,ESP,21
21319843,81,71,112,2008.0,18966798.0,2771125.0,1.7116040000000001,0.286571,GBR,ESP,21
21319844,81,71,112,2013.0,9319251.0,1076973.0,1.628465,0.77075,GBR,ESP,21
21319845,81,71,112,2005.0,13436244.0,6996397.0,1.828858,0.71685,GBR,ESP,21
21319846,81,71,112,2006.0,21239242.0,6376673.0,1.8509779999999998,0.674074,GBR,ESP,21
21319847,81,71,112,2007.0,30408993.0,4706251.0,1.6521099999999997,0.544978,GBR,ESP,21
21319848,81,71,112,2009.0,22994882.0,1366493.0,1.6016219999999999,0.648858,GBR,ESP,21
21319849,81,71,112,2010.0,2705261.0,1200372.0,1.6026989999999999,0.8213229999999999,GBR,ESP,21
21319850,81,71,112,2011.0,6727303.0,204858.0,1.586516,0.8053739999999999,GBR,ESP,21
21319851,81,71,112,2012.0,5360993.0,226600.0,1.544653,0.776512,GBR,ESP,21
21319852,81,71,112,2016.0,3479527.0,176835.0,1.569616,1.048129,GBR,ESP,21
21319853,81,71,112,2017.0,3734063.0,100623.0,1.499843,1.120201,GBR,ESP,21
21319854,81,71,112,2018.0,1921967.0,925699.0,1.481442,1.050259,GBR,ESP,21
21319855,81,71,112,2019.0,1115642.0,331338.0,1.5290620000000001,0.906005,GBR,ESP,21
21319856,81,71,112,2020.0,736538.0,114708.0,1.540208,0.9229510000000001,GBR,ESP,21
21319857,81,71,112,1978.0,12880185.0,354609.0,1.831127,-0.078639,GBR,ESP,21
21319858,81,71,112,1962.0,796165.0,233031.0,2.288769,0.619789,GBR,ESP,21
21319859,81,71,112,1963.0,501710.0,353400.0,2.2784470000000003,-0.302055,GBR,ESP,21
21319860,81,71,112,1964.0,595858.0,533546.0,2.2279299999999997,-0.315389,GBR,ESP,21
21319861,81,71,112,1965.0,673146.0,570959.0,2.347121,0.389156,GBR,ESP,21
21319862,81,71,112,1966.0,1024595.0,811982.0,2.2795669999999997,0.23442800000000003,GBR,ESP,21
21319863,81,71,112,1967.0,1156310.0,482219.0,2.170976,0.45509700000000003,GBR,ESP,21
21319864,81,71,112,1968.0,781584.0,430277.0,2.058025,0.677452,GBR,ESP,21
21319865,81,71,112,1969.0,1350450.0,293814.0,2.109727,0.776883,GBR,ESP,21
21319866,81,71,112,1970.0,934279.0,506709.0,2.096027,0.26423,GBR,ESP,21
21319867,81,71,112,1971.0,1898472.0,400355.0,2.1646669999999997,0.034970999999999995,GBR,ESP,21
21319868,81,71,112,1972.0,4154966.0,386424.0,2.202226,-0.618205,GBR,ESP,21
21319869,81,71,112,1973.0,4810495.0,88150.0,2.087637,0.165224,GBR,ESP,21
21319870,81,71,112,1975.0,10513742.0,379843.0,1.8978270000000002,-2.19693,GBR,ESP,21
21319871,81,71,112,1983.0,19820213.0,138974.0,1.7667669999999998,0.944868,GBR,ESP,21
21319872,81,71,112,1984.0,33310369.0,90455.0,1.757537,1.1518549999999999,GBR,ESP,21
21319873,81,71,112,1985.0,39017241.0,17531.0,1.8823169999999998,0.9483280000000001,GBR,ESP,21
21319874,81,71,112,1986.0,50870593.0,347319.0,1.804693,1.67285,GBR,ESP,21
21319875,81,71,112,1987.0,78692069.0,321644.0,1.892367,1.56269,GBR,ESP,21
21319876,81,71,112,1974.0,7915688.0,301830.0,1.786298,-2.155852,GBR,ESP,21
21319877,81,71,112,1979.0,16480471.0,762393.0,1.797477,-0.29938200000000004,GBR,ESP,21
21319878,81,71,112,1980.0,25435258.0,325768.0,1.69192,-0.568465,GBR,ESP,21
21319879,81,71,112,1981.0,27041900.0,136823.0,1.6853,-0.663841,GBR,ESP,21
21319880,81,71,112,1982.0,18722889.0,83913.0,1.7869009999999999,0.13969600000000001,GBR,ESP,21
21319881,81,71,112,1977.0,12893481.0,464521.0,1.58576,-2.09742,GBR,ESP,21
21319882,81,71,112,1976.0,9240499.0,144650.0,1.851348,-2.808432,GBR,ESP,21
21319883,82,71,112,1997.0,20557.0,0.0,0.347408,0.106341,GEO,ESP,21
21319884,82,71,112,1998.0,2469.0,0.0,0.482572,0.34365500000000004,GEO,ESP,21
21319885,82,71,112,2001.0,32713.0,0.0,0.063126,-0.285493,GEO,ESP,21
21319886,82,71,112,1994.0,23500.0,0.0,0.236064,-0.32713200000000003,GEO,ESP,21
21319887,83,71,112,2011.0,0.0,18056.0,-0.5327569999999999,-0.410415,GHA,ESP,21
21319888,83,71,112,2010.0,0.0,23559.0,-0.782022,-0.600457,GHA,ESP,21
21319889,83,71,112,2016.0,0.0,207514.0,-0.9026200000000001,-0.877508,GHA,ESP,21
21319890,83,71,112,2019.0,0.0,25698.0,-0.853085,-0.813862,GHA,ESP,21
21319891,83,71,112,2013.0,0.0,332445.0,-0.696971,-0.5807939999999999,GHA,ESP,21
21319892,83,71,112,2014.0,0.0,243834.0,-1.1140299999999999,-1.0711700000000002,GHA,ESP,21
21319893,83,71,112,2015.0,0.0,219210.0,-0.7681899999999999,-0.8035939999999999,GHA,ESP,21
21319894,83,71,112,2017.0,0.0,212551.0,-0.910444,-0.906315,GHA,ESP,21
21319895,83,71,112,2018.0,0.0,3883.0,-0.769089,-0.8389200000000001,GHA,ESP,21
21319896,83,71,112,2005.0,0.0,4221.0,-0.969983,-0.8392639999999999,GHA,ESP,21
21319897,83,71,112,2009.0,0.0,16093.0,-0.814605,-0.65474,GHA,ESP,21
21319898,83,71,112,2012.0,0.0,20507.0,-1.0541049999999998,-0.7275590000000001,GHA,ESP,21
21319899,83,71,112,1966.0,9026.0,0.0,-0.817617,-0.6557310000000001,GHA,ESP,21
21319900,83,71,112,1963.0,4584.0,0.0,-0.83125,-0.515917,GHA,ESP,21
21319901,83,71,112,2020.0,0.0,41583.0,-1.023832,-1.051811,GHA,ESP,21
21319902,83,71,112,1964.0,24044.0,0.0,-1.1054,-0.6172989999999999,GHA,ESP,21
21319903,83,71,112,1967.0,5833.0,0.0,-0.747667,-0.629544,GHA,ESP,21
21319904,83,71,112,1965.0,6071.0,0.0,-0.704461,-0.493335,GHA,ESP,21
21319905,83,71,112,1971.0,2882.0,0.0,-0.948254,-0.880582,GHA,ESP,21
21319906,83,71,112,1990.0,8950.0,0.0,-1.450862,-1.055084,GHA,ESP,21
21319907,84,71,112,1982.0,47854.0,0.0,1.644742,1.8621900000000002,GIB,ESP,21
21319908,84,71,112,1983.0,19652.0,0.0,1.439439,0.8351370000000001,GIB,ESP,21
21319909,85,71,112,2000.0,12353.0,0.0,-1.632607,-1.261362,GIN,ESP,21
21319910,85,71,112,1969.0,20616.0,0.0,-0.755091,-0.613926,GIN,ESP,21
21319911,85,71,112,2001.0,26463.0,0.0,-1.2887950000000001,-1.195448,GIN,ESP,21
21319912,85,71,112,1998.0,41131.0,0.0,-1.7190860000000001,-1.2553459999999999,GIN,ESP,21
21319913,85,71,112,2002.0,19212.0,0.0,-1.684157,-1.256743,GIN,ESP,21
21319914,85,71,112,1996.0,114295.0,0.0,-1.2720120000000001,-1.150363,GIN,ESP,21
21319915,85,71,112,1995.0,67173.0,0.0,-1.119934,-1.061231,GIN,ESP,21
21319916,85,71,112,1997.0,58097.0,0.0,-1.223583,-1.14157,GIN,ESP,21
21319917,85,71,112,1994.0,20942.0,0.0,-1.624592,-1.162659,GIN,ESP,21
21319918,85,71,112,1990.0,219762.0,0.0,-1.789981,-1.1034540000000002,GIN,ESP,21
21319919,85,71,112,1991.0,103692.0,0.0,-1.17183,-1.013153,GIN,ESP,21
21319920,85,71,112,1992.0,55940.0,0.0,-1.11535,-1.0306,GIN,ESP,21
21319921,85,71,112,1993.0,28786.0,0.0,-1.575684,-1.161745,GIN,ESP,21
21319922,85,71,112,1985.0,40162.0,0.0,-1.861261,-0.9191229999999999,GIN,ESP,21
21319923,85,71,112,1986.0,2844.0,0.0,-0.405752,-0.741506,GIN,ESP,21
21319924,85,71,112,1988.0,323172.0,0.0,-1.8832939999999998,-1.038243,GIN,ESP,21
21319925,85,71,112,1964.0,1277.0,0.0,-0.789479,-0.551651,GIN,ESP,21
21319926,85,71,112,1965.0,3161.0,0.0,-0.667671,-0.5327350000000001,GIN,ESP,21
21319927,85,71,112,1987.0,24225.0,0.0,-2.059526,-0.9613379999999999,GIN,ESP,21
21319928,85,71,112,1989.0,230357.0,0.0,-1.581615,-1.047847,GIN,ESP,21
21319929,85,71,112,1981.0,9484.0,0.0,-2.678775,-0.811879,GIN,ESP,21
21319930,86,71,112,1979.0,11850.0,0.0,0.371096,-0.302132,GLP,ESP,21
21319931,86,71,112,1985.0,0.0,2278.0,0.928852,0.107823,GLP,ESP,21
21319932,86,71,112,1966.0,7009.0,0.0,-0.037462,-0.487371,GLP,ESP,21
21319933,87,71,112,1997.0,143280.0,0.0,-0.686094,-0.8130609999999999,GMB,ESP,21
21319934,87,71,112,1999.0,136278.0,0.0,-0.712883,-0.7979890000000001,GMB,ESP,21
21319935,87,71,112,1973.0,46822.0,0.0,-0.842664,-0.6973520000000001,GMB,ESP,21
21319936,87,71,112,1996.0,192216.0,0.0,-0.8948459999999999,-0.837851,GMB,ESP,21
21319937,87,71,112,1998.0,170579.0,0.0,-0.79291,-0.8573459999999999,GMB,ESP,21
21319938,87,71,112,2000.0,83185.0,1344.0,-0.33173400000000003,-0.43841499999999994,GMB,ESP,21
21319939,87,71,112,2001.0,101857.0,0.0,0.161174,-0.019187,GMB,ESP,21
21319940,87,71,112,2002.0,40225.0,0.0,0.266536,0.20776,GMB,ESP,21
21319941,87,71,112,2003.0,20291.0,0.0,-0.077389,-0.095623,GMB,ESP,21
21319942,87,71,112,1985.0,6755.0,0.0,-1.03663,-0.853102,GMB,ESP,21
21319943,87,71,112,1978.0,49217.0,0.0,-0.7652869999999999,-0.658335,GMB,ESP,21
21319944,87,71,112,1984.0,8241.0,0.0,-0.478239,-0.569317,GMB,ESP,21
21319945,87,71,112,1983.0,76082.0,0.0,-0.799049,-0.647216,GMB,ESP,21
21319946,87,71,112,1979.0,122437.0,0.0,-1.165135,-0.7658229999999999,GMB,ESP,21
21319947,87,71,112,1980.0,96144.0,0.0,-0.791715,-0.525508,GMB,ESP,21
21319948,87,71,112,1982.0,128493.0,0.0,-0.809086,-0.5808399999999999,GMB,ESP,21
21319949,87,71,112,1993.0,14437.0,0.0,-0.884141,-0.8987350000000001,GMB,ESP,21
21319950,87,71,112,1994.0,136259.0,0.0,-0.653349,-0.743762,GMB,ESP,21
21319951,87,71,112,1995.0,173437.0,0.0,-0.546505,-0.741715,GMB,ESP,21
21319952,88,71,112,1994.0,5447.0,0.0,-1.921591,-0.95944,GNB,ESP,21
21319953,88,71,112,1989.0,10206.0,0.0,-1.360199,-0.8762629999999999,GNB,ESP,21
21319954,88,71,112,1980.0,1257.0,0.0,-1.141154,-0.581025,GNB,ESP,21
21319955,88,71,112,1988.0,39218.0,0.0,-1.180826,-0.820984,GNB,ESP,21
21319956,88,71,112,1990.0,29043.0,0.0,-0.988823,-0.866818,GNB,ESP,21
21319957,89,71,112,2001.0,18079.0,0.0,-2.167184,-1.051131,GNQ,ESP,21
21319958,89,71,112,2000.0,6995.0,0.0,-2.374006,-1.056431,GNQ,ESP,21
21319959,89,71,112,1981.0,32245.0,0.0,-1.430942,-0.571455,GNQ,ESP,21
21319960,89,71,112,1982.0,5431.0,0.0,-0.6007819999999999,-0.512803,GNQ,ESP,21
21319961,90,71,112,2000.0,11020178.0,557034.0,0.26193,1.607656,GRC,ESP,21
21319962,90,71,112,2002.0,9716909.0,988974.0,0.20355399999999998,1.4130200000000002,GRC,ESP,21
21319963,90,71,112,2003.0,8871111.0,1051535.0,0.30701100000000003,1.498953,GRC,ESP,21
21319964,90,71,112,1997.0,19291886.0,835271.0,0.225904,1.291959,GRC,ESP,21
21319965,90,71,112,2001.0,13130866.0,970598.0,0.338607,1.506593,GRC,ESP,21
21319966,90,71,112,2010.0,546100.0,706751.0,0.17188900000000001,1.662447,GRC,ESP,21
21319967,90,71,112,1996.0,24884279.0,767169.0,0.21841799999999997,1.081136,GRC,ESP,21
21319968,90,71,112,1998.0,16150916.0,428891.0,0.163609,1.342959,GRC,ESP,21
21319969,90,71,112,1999.0,6567407.0,434878.0,0.096901,1.2430729999999999,GRC,ESP,21
21319970,90,71,112,2006.0,4815145.0,5431476.0,0.183748,1.582167,GRC,ESP,21
21319971,90,71,112,2007.0,3906286.0,5065121.0,0.28791100000000003,1.7558509999999998,GRC,ESP,21
21319972,90,71,112,2008.0,1449460.0,778279.0,0.296513,1.7993709999999998,GRC,ESP,21
21319973,90,71,112,2009.0,848670.0,85797.0,0.232498,1.7610810000000001,GRC,ESP,21
21319974,90,71,112,2011.0,1621424.0,210143.0,0.132787,1.579007,GRC,ESP,21
21319975,90,71,112,2012.0,1653356.0,78360.0,0.161352,1.273024,GRC,ESP,21
21319976,90,71,112,2013.0,6245167.0,269896.0,0.073442,0.9857899999999999,GRC,ESP,21
21319977,90,71,112,2014.0,6719120.0,102371.0,0.064193,0.955633,GRC,ESP,21
21319978,90,71,112,2018.0,5538803.0,63259.0,0.069841,0.922895,GRC,ESP,21
21319979,90,71,112,2019.0,5573694.0,4988.0,0.107647,1.047542,GRC,ESP,21
21319980,90,71,112,2004.0,4122478.0,1245914.0,0.298029,1.745886,GRC,ESP,21
21319981,90,71,112,2017.0,3853033.0,61083.0,0.10646300000000002,1.0936290000000002,GRC,ESP,21
21319982,90,71,112,1991.0,4324652.0,586953.0,0.126166,0.692792,GRC,ESP,21
21319983,90,71,112,2005.0,3600236.0,2267120.0,0.241533,1.8994240000000002,GRC,ESP,21
21319984,90,71,112,1988.0,8030008.0,249420.0,0.13048900000000002,0.718539,GRC,ESP,21
21319985,90,71,112,1989.0,12678674.0,101161.0,0.208175,0.607425,GRC,ESP,21
21319986,90,71,112,1990.0,7450366.0,560804.0,0.177481,0.706531,GRC,ESP,21
21319987,90,71,112,1993.0,3595466.0,86971.0,0.157325,1.346108,GRC,ESP,21
21319988,90,71,112,1978.0,9323394.0,0.0,0.487051,0.9927889999999999,GRC,ESP,21
21319989,90,71,112,1968.0,614049.0,0.0,0.120538,-0.135025,GRC,ESP,21
21319990,90,71,112,1969.0,2853252.0,0.0,0.42850600000000005,0.159075,GRC,ESP,21
21319991,90,71,112,1970.0,651442.0,0.0,0.38159499999999996,0.203257,GRC,ESP,21
21319992,90,71,112,1971.0,3095014.0,4079.0,0.373161,0.153613,GRC,ESP,21
21319993,90,71,112,1972.0,4766968.0,0.0,0.39712600000000003,0.398283,GRC,ESP,21
21319994,90,71,112,1973.0,1462273.0,2123.0,0.381687,0.432781,GRC,ESP,21
21319995,90,71,112,1974.0,1249413.0,0.0,0.46443900000000005,0.499482,GRC,ESP,21
21319996,90,71,112,1975.0,5596306.0,0.0,0.431437,0.630989,GRC,ESP,21
21319997,90,71,112,1976.0,6960616.0,67341.0,0.399683,0.858771,GRC,ESP,21
21319998,90,71,112,1977.0,7652087.0,0.0,0.46868000000000004,1.27459,GRC,ESP,21
