11609999,71,49,6236,2011,106018.0,0.0,0.8677290000000001,2.4618450000000003,ESP,COL,291823
11610000,77,49,6236,2011,61257.0,0.0,1.532054,0.09339299999999999,FRA,COL,291823
11610001,81,49,6236,2011,1359.0,0.0,1.8048220000000001,0.380141,GBR,COL,291823
11610002,104,49,6236,2011,47846.0,0.0,0.18276199999999998,2.398765,IND,COL,291823
11610003,111,49,6236,2011,16482.0,0.0,1.298751,0.48013599999999995,ITA,COL,291823
11610004,114,49,6236,2011,61247.0,0.0,2.516395,-0.534301,JPN,COL,291823
11610005,138,49,6236,2011,548996.0,0.0,0.9534600000000001,0.706982,MEX,COL,291823
11610006,162,49,6236,2011,2678.0,0.0,1.1655229999999999,1.410167,NLD,COL,291823
11610007,173,49,6236,2011,0.0,10191.0,-0.455977,0.442543,PER,COL,291823
11610008,231,49,6236,2011,22623.0,0.0,1.6884849999999998,-0.474499,USA,COL,291823
11610009,41,52,6236,2011,3584.0,0.0,2.2644029999999997,0.406131,CHE,CRI,291823
11610010,43,52,6236,2011,12313.0,0.0,1.072299,1.686826,CHN,CRI,291823
11610011,71,52,6236,2011,4708.0,0.0,0.8677290000000001,2.4618450000000003,ESP,CRI,291823
11610012,93,52,6236,2011,8266.0,0.0,-0.329497,0.775369,GTM,CRI,291823
11610013,138,52,6236,2011,3592.0,0.0,0.9534600000000001,0.706982,MEX,CRI,291823
11610014,231,52,6236,2011,106200.0,0.0,1.6884849999999998,-0.474499,USA,CRI,291823
11610015,250,52,6236,2011,100156.0,0.0,0.475638,-0.160135,ANS,CRI,291823
11610016,15,59,6236,2011,1051.0,0.0,1.687634,-0.229095,AUT,CZE,291823
11610017,43,59,6236,2011,1310.0,0.0,1.072299,1.686826,CHN,CZE,291823
11610018,61,59,6236,2011,60769.0,0.0,2.074435,-3.440815,DEU,CZE,291823
11610019,71,59,6236,2011,6160.0,0.0,0.8677290000000001,2.4618450000000003,ESP,CZE,291823
11610020,77,59,6236,2011,1576.0,0.0,1.532054,0.09339299999999999,FRA,CZE,291823
11610021,81,59,6236,2011,4891.0,0.0,1.8048220000000001,0.380141,GBR,CZE,291823
11610022,111,59,6236,2011,17131.0,0.0,1.298751,0.48013599999999995,ITA,CZE,291823
11610023,231,59,6236,2011,21028.0,0.0,1.6884849999999998,-0.474499,USA,CZE,291823
11610024,8,61,6236,2011,0.0,16497.0,0.240494,0.540376,ARG,DEU,291823
11610025,14,61,6236,2011,0.0,86926.0,-0.138148,0.002999,AUS,DEU,291823
11610026,15,61,6236,2011,0.0,27962.0,1.687634,-0.229095,AUT,DEU,291823
11610027,18,61,6236,2011,500132.0,442195.0,1.221703,1.247961,BEL,DEU,291823
11610028,22,61,6236,2011,0.0,1440.0,-1.074416,-0.8276370000000001,BGD,DEU,291823
11610029,23,61,6236,2011,0.0,8198.0,0.537967,1.520973,BGR,DEU,291823
11610030,31,61,6236,2011,0.0,16117.0,-0.818593,-0.8701770000000001,BOL,DEU,291823
11610031,32,61,6236,2011,0.0,20069.0,0.27718400000000004,0.5674319999999999,BRA,DEU,291823
11610032,39,61,6236,2011,0.0,1118.0,0.754813,1.1967290000000002,CAN,DEU,291823
11610033,41,61,6236,2011,22304.0,140253.0,2.2644029999999997,0.406131,CHE,DEU,291823
11610034,42,61,6236,2011,0.0,199501.0,-0.199877,-0.353009,CHL,DEU,291823
11610035,43,61,6236,2011,986592.0,134513.0,1.072299,1.686826,CHN,DEU,291823
11610036,49,61,6236,2011,0.0,8187.0,0.14336600000000002,-0.22996,COL,DEU,291823
11610037,59,61,6236,2011,0.0,60769.0,1.737788,0.14741600000000002,CZE,DEU,291823
11610038,64,61,6236,2011,0.0,6371.0,1.156026,1.2248299999999999,DNK,DEU,291823
11610039,65,61,6236,2011,0.0,16440.0,-0.260653,0.5682010000000001,DOM,DEU,291823
11610040,67,61,6236,2011,0.0,38549.0,-0.8250639999999999,-0.839082,ECU,DEU,291823
11610041,68,61,6236,2011,0.0,3693.0,-0.166243,1.384719,EGY,DEU,291823
11610042,71,61,6236,2011,2529490.0,1145377.0,0.8677290000000001,2.4618450000000003,ESP,DEU,291823
11610043,74,61,6236,2011,0.0,110282.0,1.7488830000000002,0.890934,FIN,DEU,291823
11610044,77,61,6236,2011,688400.0,1058740.0,1.532054,0.09339299999999999,FRA,DEU,291823
11610045,81,61,6236,2011,2731655.0,175422.0,1.8048220000000001,0.380141,GBR,DEU,291823
11610046,83,61,6236,2011,0.0,1077.0,-0.8627319999999999,-0.608823,GHA,DEU,291823
11610047,90,61,6236,2011,0.0,348661.0,0.138679,1.30044,GRC,DEU,291823
11610048,93,61,6236,2011,0.0,5286.0,-0.329497,0.775369,GTM,DEU,291823
11610049,100,61,6236,2011,0.0,3873.0,0.868294,0.9424299999999999,HRV,DEU,291823
11610050,102,61,6236,2011,0.0,3284.0,1.486592,0.805642,HUN,DEU,291823
11610051,103,61,6236,2011,0.0,15433.0,-0.234125,1.168384,IDN,DEU,291823
11610052,104,61,6236,2011,796608.0,89085.0,0.18276199999999998,2.398765,IND,DEU,291823
11610053,107,61,6236,2011,0.0,20153.0,-0.915379,-0.973194,IRN,DEU,291823
11610054,110,61,6236,2011,0.0,138916.0,1.324384,0.714611,ISR,DEU,291823
11610055,111,61,6236,2011,11807.0,131343.0,1.298751,0.48013599999999995,ITA,DEU,291823
11610056,114,61,6236,2011,329380.0,24717.0,2.516395,-0.534301,JPN,DEU,291823
11610057,116,61,6236,2011,0.0,3132.0,-0.48319300000000004,0.346927,KEN,DEU,291823
11610058,121,61,6236,2011,0.0,232231.0,1.731371,0.8306879999999999,KOR,DEU,291823
11610059,124,61,6236,2011,0.0,1340.0,0.278393,1.2962879999999999,LBN,DEU,291823
11610060,134,61,6236,2011,0.0,36215.0,-0.485404,0.099828,MAR,DEU,291823
11610061,135,61,6236,2011,0.0,1267.0,-0.225556,0.28622,MDA,DEU,291823
11610062,138,61,6236,2011,4996978.0,49975.0,0.9534600000000001,0.706982,MEX,DEU,291823
11610063,159,61,6236,2011,0.0,17731.0,-1.699286,-1.15511,NGA,DEU,291823
11610064,162,61,6236,2011,210175.0,55130.0,1.1655229999999999,1.410167,NLD,DEU,291823
11610065,163,61,6236,2011,0.0,3045.0,0.8492770000000001,0.050044,NOR,DEU,291823
11610066,169,61,6236,2011,0.0,8109.0,0.786135,1.061008,PAN,DEU,291823
11610067,177,61,6236,2011,7945.0,613981.0,1.133641,1.134203,POL,DEU,291823
11610068,182,61,6236,2011,0.0,4258.0,0.37798000000000004,-0.460049,PYF,DEU,291823
11610069,185,61,6236,2011,0.0,24395.0,0.722,1.296655,ROU,DEU,291823
11610070,186,61,6236,2011,0.0,22756.0,0.47319399999999995,-0.20801599999999998,RUS,DEU,291823
11610071,188,61,6236,2011,0.0,17013.0,0.354045,-0.800028,SAU,DEU,291823
11610072,192,61,6236,2011,0.0,25692.0,1.849116,0.52127,SGP,DEU,291823
11610073,196,61,6236,2011,0.0,3720.0,-0.35546500000000003,-0.46134899999999995,SLE,DEU,291823
11610074,197,61,6236,2011,0.0,1305.0,-0.09713200000000001,0.20772600000000002,SLV,DEU,291823
11610075,201,61,6236,2011,0.0,5454.0,0.49055699999999997,1.5601399999999999,SRB,DEU,291823
11610076,206,61,6236,2011,0.0,6105.0,1.262897,0.8230569999999999,SVK,DEU,291823
11610077,207,61,6236,2011,0.0,14039.0,1.642913,0.700222,SVN,DEU,291823
11610078,208,61,6236,2011,0.0,35224.0,1.857146,0.366159,SWE,DEU,291823
11610079,216,61,6236,2011,0.0,16338.0,0.889009,1.503118,THA,DEU,291823
11610080,222,61,6236,2011,0.0,1590.0,-0.44228,-1.031793,TTO,DEU,291823
11610081,224,61,6236,2011,0.0,120976.0,0.45775,2.4316259999999996,TUR,DEU,291823
11610082,228,61,6236,2011,0.0,1444.0,0.6221409999999999,0.765505,UKR,DEU,291823
11610083,230,61,6236,2011,0.0,4024.0,0.313195,0.042866,URY,DEU,291823
11610084,231,61,6236,2011,1482715.0,54922.0,1.6884849999999998,-0.474499,USA,DEU,291823
11610085,236,61,6236,2011,0.0,39674.0,-0.841147,-1.095636,VEN,DEU,291823
11610086,246,61,6236,2011,0.0,131876.0,0.241792,1.353011,ZAF,DEU,291823
11610087,249,61,6236,2011,544152.0,6302.0,1.803234,0.921233,TWN,DEU,291823
11610088,61,64,6236,2011,6371.0,0.0,2.074435,-3.440815,DEU,DNK,291823
11610089,71,64,6236,2011,1176.0,0.0,0.8677290000000001,2.4618450000000003,ESP,DNK,291823
11610090,81,64,6236,2011,15633.0,0.0,1.8048220000000001,0.380141,GBR,DNK,291823
11610091,208,64,6236,2011,3002.0,0.0,1.857146,0.366159,SWE,DNK,291823
11610092,43,65,6236,2011,4556.0,0.0,1.072299,1.686826,CHN,DOM,291823
11610093,61,65,6236,2011,16440.0,0.0,2.074435,-3.440815,DEU,DOM,291823
11610094,104,65,6236,2011,16010.0,0.0,0.18276199999999998,2.398765,IND,DOM,291823
11610095,231,65,6236,2011,2086.0,0.0,1.6884849999999998,-0.474499,USA,DOM,291823
11610096,43,67,6236,2011,7030.0,0.0,1.072299,1.686826,CHN,ECU,291823
11610097,61,67,6236,2011,38549.0,0.0,2.074435,-3.440815,DEU,ECU,291823
11610098,77,67,6236,2011,3376.0,0.0,1.532054,0.09339299999999999,FRA,ECU,291823
11610099,81,67,6236,2011,2532.0,0.0,1.8048220000000001,0.380141,GBR,ECU,291823
11610100,231,67,6236,2011,50569.0,0.0,1.6884849999999998,-0.474499,USA,ECU,291823
11610101,7,71,6236,2011,0.0,10112.0,0.030652,-0.450808,ARE,ESP,291823
11610102,8,71,6236,2011,0.0,165568.0,0.240494,0.540376,ARG,ESP,291823
11610103,14,71,6236,2011,0.0,5171.0,-0.138148,0.002999,AUS,ESP,291823
11610104,15,71,6236,2011,0.0,1589.0,1.687634,-0.229095,AUT,ESP,291823
11610105,18,71,6236,2011,31081.0,0.0,1.221703,1.247961,BEL,ESP,291823
11610106,32,71,6236,2011,21585.0,47859.0,0.27718400000000004,0.5674319999999999,BRA,ESP,291823
11610107,39,71,6236,2011,0.0,3510.0,0.754813,1.1967290000000002,CAN,ESP,291823
11610108,41,71,6236,2011,3717.0,599291.0,2.2644029999999997,0.406131,CHE,ESP,291823
11610109,42,71,6236,2011,0.0,31569.0,-0.199877,-0.353009,CHL,ESP,291823
11610110,43,71,6236,2011,630354.0,22255.0,1.072299,1.686826,CHN,ESP,291823
11610111,49,71,6236,2011,0.0,106018.0,0.14336600000000002,-0.22996,COL,ESP,291823
11610112,52,71,6236,2011,0.0,4708.0,0.04325,-0.553193,CRI,ESP,291823
11610113,59,71,6236,2011,0.0,6160.0,1.737788,0.14741600000000002,CZE,ESP,291823
11610114,61,71,6236,2011,1145377.0,2529490.0,2.074435,-3.440815,DEU,ESP,291823
11610115,64,71,6236,2011,0.0,1176.0,1.156026,1.2248299999999999,DNK,ESP,291823
11610116,68,71,6236,2011,0.0,8099.0,-0.166243,1.384719,EGY,ESP,291823
11610117,77,71,6236,2011,1213218.0,1070477.0,1.532054,0.09339299999999999,FRA,ESP,291823
11610118,81,71,6236,2011,652632.0,709499.0,1.8048220000000001,0.380141,GBR,ESP,291823
11610119,90,71,6236,2011,0.0,21341.0,0.138679,1.30044,GRC,ESP,291823
11610120,97,71,6236,2011,0.0,2443.0,0.663588,1.902118,HKG,ESP,291823
11610121,100,71,6236,2011,0.0,15718.0,0.868294,0.9424299999999999,HRV,ESP,291823
11610122,103,71,6236,2011,0.0,21629.0,-0.234125,1.168384,IDN,ESP,291823
11610123,104,71,6236,2011,1142382.0,13686.0,0.18276199999999998,2.398765,IND,ESP,291823
11610124,110,71,6236,2011,0.0,5732.0,1.324384,0.714611,ISR,ESP,291823
11610125,111,71,6236,2011,31278.0,358986.0,1.298751,0.48013599999999995,ITA,ESP,291823
11610126,114,71,6236,2011,788798.0,300188.0,2.516395,-0.534301,JPN,ESP,291823
11610127,121,71,6236,2011,0.0,734699.0,1.731371,0.8306879999999999,KOR,ESP,291823
11610128,134,71,6236,2011,0.0,4171.0,-0.485404,0.099828,MAR,ESP,291823
11610129,138,71,6236,2011,218771.0,71707.0,0.9534600000000001,0.706982,MEX,ESP,291823
11610130,162,71,6236,2011,29441.0,1492692.0,1.1655229999999999,1.410167,NLD,ESP,291823
11610131,168,71,6236,2011,0.0,1398.0,-0.729677,0.6026729999999999,PAK,ESP,291823
11610132,173,71,6236,2011,0.0,1131.0,-0.455977,0.442543,PER,ESP,291823
11610133,177,71,6236,2011,0.0,1694.0,1.133641,1.134203,POL,ESP,291823
11610134,179,71,6236,2011,0.0,10072.0,0.558481,2.7056240000000003,PRT,ESP,291823
11610135,180,71,6236,2011,0.0,1180.0,-0.548759,-0.877743,PRY,ESP,291823
11610136,186,71,6236,2011,0.0,5225.0,0.47319399999999995,-0.20801599999999998,RUS,ESP,291823
11610137,192,71,6236,2011,0.0,67368.0,1.849116,0.52127,SGP,ESP,291823
11610138,207,71,6236,2011,0.0,1124.0,1.642913,0.700222,SVN,ESP,291823
11610139,223,71,6236,2011,0.0,5747.0,0.151221,1.1252360000000001,TUN,ESP,291823
11610140,224,71,6236,2011,0.0,154645.0,0.45775,2.4316259999999996,TUR,ESP,291823
11610141,231,71,6236,2011,71700.0,468223.0,1.6884849999999998,-0.474499,USA,ESP,291823
11610142,236,71,6236,2011,0.0,4903.0,-0.841147,-1.095636,VEN,ESP,291823
11610143,246,71,6236,2011,0.0,2902.0,0.241792,1.353011,ZAF,ESP,291823
11610144,249,71,6236,2011,99668.0,0.0,1.803234,0.921233,TWN,ESP,291823
11610145,250,71,6236,2011,2595.0,0.0,0.475638,-0.160135,ANS,ESP,291823
11610146,61,74,6236,2011,110282.0,0.0,2.074435,-3.440815,DEU,FIN,291823
11610147,162,74,6236,2011,4788.0,0.0,1.1655229999999999,1.410167,NLD,FIN,291823
11610148,5,77,6236,2011,0.0,1920.0,0.787289,0.484512,AND,FRA,291823
11610149,7,77,6236,2011,0.0,5060.0,0.030652,-0.450808,ARE,FRA,291823
11610150,8,77,6236,2011,0.0,1046.0,0.240494,0.540376,ARG,FRA,291823
11610151,14,77,6236,2011,0.0,13802.0,-0.138148,0.002999,AUS,FRA,291823
11610152,18,77,6236,2011,128636.0,900893.0,1.221703,1.247961,BEL,FRA,291823
11610153,32,77,6236,2011,0.0,157961.0,0.27718400000000004,0.5674319999999999,BRA,FRA,291823
11610154,39,77,6236,2011,0.0,251888.0,0.754813,1.1967290000000002,CAN,FRA,291823
11610155,41,77,6236,2011,789632.0,1339662.0,2.2644029999999997,0.406131,CHE,FRA,291823
11610156,43,77,6236,2011,452644.0,19168.0,1.072299,1.686826,CHN,FRA,291823
11610157,49,77,6236,2011,0.0,61257.0,0.14336600000000002,-0.22996,COL,FRA,291823
11610158,59,77,6236,2011,0.0,1576.0,1.737788,0.14741600000000002,CZE,FRA,291823
11610159,61,77,6236,2011,1058740.0,688400.0,2.074435,-3.440815,DEU,FRA,291823
11610160,67,77,6236,2011,0.0,3376.0,-0.8250639999999999,-0.839082,ECU,FRA,291823
11610161,68,77,6236,2011,0.0,705631.0,-0.166243,1.384719,EGY,FRA,291823
11610162,71,77,6236,2011,1070477.0,1213218.0,0.8677290000000001,2.4618450000000003,ESP,FRA,291823
11610163,81,77,6236,2011,728571.0,3692578.0,1.8048220000000001,0.380141,GBR,FRA,291823
11610164,90,77,6236,2011,0.0,49710.0,0.138679,1.30044,GRC,FRA,291823
11610165,97,77,6236,2011,16572.0,1366226.0,0.663588,1.902118,HKG,FRA,291823
11610166,103,77,6236,2011,0.0,219624.0,-0.234125,1.168384,IDN,FRA,291823
11610167,104,77,6236,2011,345488.0,33443.0,0.18276199999999998,2.398765,IND,FRA,291823
11610168,107,77,6236,2011,0.0,88468.0,-0.915379,-0.973194,IRN,FRA,291823
11610169,110,77,6236,2011,0.0,5004.0,1.324384,0.714611,ISR,FRA,291823
11610170,111,77,6236,2011,285373.0,255182.0,1.298751,0.48013599999999995,ITA,FRA,291823
11610171,114,77,6236,2011,341058.0,464033.0,2.516395,-0.534301,JPN,FRA,291823
11610172,121,77,6236,2011,0.0,89215.0,1.731371,0.8306879999999999,KOR,FRA,291823
11610173,124,77,6236,2011,0.0,1265.0,0.278393,1.2962879999999999,LBN,FRA,291823
11610174,134,77,6236,2011,0.0,8342.0,-0.485404,0.099828,MAR,FRA,291823
11610175,138,77,6236,2011,377607.0,108517.0,0.9534600000000001,0.706982,MEX,FRA,291823
11610176,144,77,6236,2011,16377.0,0.0,0.149559,0.024935,MNE,FRA,291823
11610177,153,77,6236,2011,0.0,11432.0,0.9893290000000001,0.632079,MYS,FRA,291823
11610178,162,77,6236,2011,3901.0,13498.0,1.1655229999999999,1.410167,NLD,FRA,291823
11610179,174,77,6236,2011,0.0,192675.0,0.364707,0.322626,PHL,FRA,291823
11610180,177,77,6236,2011,0.0,9596.0,1.133641,1.134203,POL,FRA,291823
11610181,185,77,6236,2011,0.0,18929.0,0.722,1.296655,ROU,FRA,291823
11610182,186,77,6236,2011,0.0,12008.0,0.47319399999999995,-0.20801599999999998,RUS,FRA,291823
11610183,188,77,6236,2011,0.0,25297.0,0.354045,-0.800028,SAU,FRA,291823
11610184,192,77,6236,2011,0.0,695855.0,1.849116,0.52127,SGP,FRA,291823
11610185,216,77,6236,2011,0.0,321568.0,0.889009,1.503118,THA,FRA,291823
11610186,223,77,6236,2011,0.0,33250.0,0.151221,1.1252360000000001,TUN,FRA,291823
11610187,224,77,6236,2011,0.0,85975.0,0.45775,2.4316259999999996,TUR,FRA,291823
11610188,228,77,6236,2011,0.0,35765.0,0.6221409999999999,0.765505,UKR,FRA,291823
11610189,231,77,6236,2011,65297.0,6488440.0,1.6884849999999998,-0.474499,USA,FRA,291823
11610190,239,77,6236,2011,0.0,335546.0,-0.184453,1.637207,VNM,FRA,291823
11610191,246,77,6236,2011,0.0,54142.0,0.241792,1.353011,ZAF,FRA,291823
11610192,249,77,6236,2011,121972.0,61694.0,1.803234,0.921233,TWN,FRA,291823
11610193,250,77,6236,2011,3113.0,0.0,0.475638,-0.160135,ANS,FRA,291823
11610194,8,81,6236,2011,0.0,11339.0,0.240494,0.540376,ARG,GBR,291823
11610195,14,81,6236,2011,0.0,34311.0,-0.138148,0.002999,AUS,GBR,291823
11610196,15,81,6236,2011,0.0,1391.0,1.687634,-0.229095,AUT,GBR,291823
11610197,18,81,6236,2011,21265.0,116361.0,1.221703,1.247961,BEL,GBR,291823
11610198,22,81,6236,2011,0.0,2104.0,-1.074416,-0.8276370000000001,BGD,GBR,291823
11610199,32,81,6236,2011,7569.0,105368.0,0.27718400000000004,0.5674319999999999,BRA,GBR,291823
11610200,39,81,6236,2011,0.0,3938.0,0.754813,1.1967290000000002,CAN,GBR,291823
11610201,41,81,6236,2011,1079875.0,2725754.0,2.2644029999999997,0.406131,CHE,GBR,291823
11610202,43,81,6236,2011,328991.0,64233.0,1.072299,1.686826,CHN,GBR,291823
11610203,49,81,6236,2011,0.0,1359.0,0.14336600000000002,-0.22996,COL,GBR,291823
11610204,54,81,6236,2011,0.0,32688.0,-0.050093,-0.88759,CUB,GBR,291823
11610205,59,81,6236,2011,0.0,4891.0,1.737788,0.14741600000000002,CZE,GBR,291823
11610206,61,81,6236,2011,175422.0,2731655.0,2.074435,-3.440815,DEU,GBR,291823
11610207,64,81,6236,2011,0.0,15633.0,1.156026,1.2248299999999999,DNK,GBR,291823
11610208,67,81,6236,2011,0.0,2532.0,-0.8250639999999999,-0.839082,ECU,GBR,291823
11610209,68,81,6236,2011,0.0,42113.0,-0.166243,1.384719,EGY,GBR,291823
11610210,71,81,6236,2011,709499.0,652632.0,0.8677290000000001,2.4618450000000003,ESP,GBR,291823
11610211,72,81,6236,2011,0.0,1902.0,0.9806790000000001,1.110449,EST,GBR,291823
11610212,77,81,6236,2011,3692578.0,728571.0,1.532054,0.09339299999999999,FRA,GBR,291823
11610213,83,81,6236,2011,0.0,2651.0,-0.8627319999999999,-0.608823,GHA,GBR,291823
11610214,90,81,6236,2011,0.0,16842.0,0.138679,1.30044,GRC,GBR,291823
11610215,97,81,6236,2011,0.0,80699.0,0.663588,1.902118,HKG,GBR,291823
11610216,100,81,6236,2011,0.0,43254.0,0.868294,0.9424299999999999,HRV,GBR,291823
11610217,103,81,6236,2011,0.0,100748.0,-0.234125,1.168384,IDN,GBR,291823
11610218,104,81,6236,2011,356249.0,392882.0,0.18276199999999998,2.398765,IND,GBR,291823
11610219,106,81,6236,2011,0.0,3996.0,1.403182,0.290245,IRL,GBR,291823
11610220,110,81,6236,2011,0.0,5984.0,1.324384,0.714611,ISR,GBR,291823
11610221,111,81,6236,2011,389590.0,985433.0,1.298751,0.48013599999999995,ITA,GBR,291823
11610222,114,81,6236,2011,5243.0,262980.0,2.516395,-0.534301,JPN,GBR,291823
11610223,121,81,6236,2011,0.0,57294.0,1.731371,0.8306879999999999,KOR,GBR,291823
11610224,122,81,6236,2011,0.0,1740.0,-0.898582,-1.09893,KWT,GBR,291823
11610225,132,81,6236,2011,0.0,22225.0,0.7320939999999999,1.101321,LVA,GBR,291823
11610226,134,81,6236,2011,0.0,8459.0,-0.485404,0.099828,MAR,GBR,291823
11610227,138,81,6236,2011,3978892.0,0.0,0.9534600000000001,0.706982,MEX,GBR,291823
11610228,153,81,6236,2011,0.0,7155.0,0.9893290000000001,0.632079,MYS,GBR,291823
11610229,162,81,6236,2011,74648.0,168173.0,1.1655229999999999,1.410167,NLD,GBR,291823
11610230,168,81,6236,2011,0.0,60369.0,-0.729677,0.6026729999999999,PAK,GBR,291823
11610231,174,81,6236,2011,0.0,4488.0,0.364707,0.322626,PHL,GBR,291823
11610232,177,81,6236,2011,0.0,8210.0,1.133641,1.134203,POL,GBR,291823
11610233,179,81,6236,2011,0.0,6736.0,0.558481,2.7056240000000003,PRT,GBR,291823
11610234,185,81,6236,2011,8521.0,0.0,0.722,1.296655,ROU,GBR,291823
11610235,188,81,6236,2011,0.0,24927.0,0.354045,-0.800028,SAU,GBR,291823
11610236,192,81,6236,2011,0.0,71795.0,1.849116,0.52127,SGP,GBR,291823
11610237,197,81,6236,2011,0.0,18184.0,-0.09713200000000001,0.20772600000000002,SLV,GBR,291823
11610238,208,81,6236,2011,0.0,9196.0,1.857146,0.366159,SWE,GBR,291823
11610239,216,81,6236,2011,0.0,1623.0,0.889009,1.503118,THA,GBR,291823
11610240,222,81,6236,2011,0.0,3170.0,-0.44228,-1.031793,TTO,GBR,291823
11610241,224,81,6236,2011,0.0,172274.0,0.45775,2.4316259999999996,TUR,GBR,291823
11610242,228,81,6236,2011,0.0,1187.0,0.6221409999999999,0.765505,UKR,GBR,291823
11610243,231,81,6236,2011,287805.0,509527.0,1.6884849999999998,-0.474499,USA,GBR,291823
11610244,236,81,6236,2011,0.0,11396.0,-0.841147,-1.095636,VEN,GBR,291823
11610245,246,81,6236,2011,0.0,4100.0,0.241792,1.353011,ZAF,GBR,291823
11610246,249,81,6236,2011,0.0,3507.0,1.803234,0.921233,TWN,GBR,291823
11610247,18,90,6236,2011,8311.0,0.0,1.221703,1.247961,BEL,GRC,291823
11610248,58,90,6236,2011,17134.0,0.0,0.798165,0.424179,CYP,GRC,291823
11610249,61,90,6236,2011,348661.0,0.0,2.074435,-3.440815,DEU,GRC,291823
11610250,71,90,6236,2011,21341.0,0.0,0.8677290000000001,2.4618450000000003,ESP,GRC,291823
11610251,77,90,6236,2011,49710.0,0.0,1.532054,0.09339299999999999,FRA,GRC,291823
11610252,81,90,6236,2011,16842.0,0.0,1.8048220000000001,0.380141,GBR,GRC,291823
11610253,111,90,6236,2011,53009.0,0.0,1.298751,0.48013599999999995,ITA,GRC,291823
11610254,162,90,6236,2011,25741.0,0.0,1.1655229999999999,1.410167,NLD,GRC,291823
11610255,43,93,6236,2011,264418.0,0.0,1.072299,1.686826,CHN,GTM,291823
11610256,52,93,6236,2011,0.0,8266.0,0.04325,-0.553193,CRI,GTM,291823
11610257,61,93,6236,2011,5286.0,0.0,2.074435,-3.440815,DEU,GTM,291823
11610258,99,93,6236,2011,0.0,9662.0,-0.740241,-0.311952,HND,GTM,291823
11610259,138,93,6236,2011,5443.0,0.0,0.9534600000000001,0.706982,MEX,GTM,291823
11610260,169,93,6236,2011,3454.0,0.0,0.786135,1.061008,PAN,GTM,291823
11610261,197,93,6236,2011,0.0,8711.0,-0.09713200000000001,0.20772600000000002,SLV,GTM,291823
11610262,43,96,6236,2011,3914.0,0.0,1.072299,1.686826,CHN,GUY,291823
11610263,43,97,6236,2011,1367597.0,1538.0,1.072299,1.686826,CHN,HKG,291823
11610264,71,97,6236,2011,2443.0,0.0,0.8677290000000001,2.4618450000000003,ESP,HKG,291823
11610265,77,97,6236,2011,1366226.0,16572.0,1.532054,0.09339299999999999,FRA,HKG,291823
11610266,81,97,6236,2011,80699.0,0.0,1.8048220000000001,0.380141,GBR,HKG,291823
11610267,103,97,6236,2011,0.0,36433.0,-0.234125,1.168384,IDN,HKG,291823
11610268,104,97,6236,2011,103856.0,7397.0,0.18276199999999998,2.398765,IND,HKG,291823
11610269,114,97,6236,2011,46529.0,0.0,2.516395,-0.534301,JPN,HKG,291823
11610270,133,97,6236,2011,0.0,19838.0,0.511015,0.560905,MAC,HKG,291823
11610271,174,97,6236,2011,0.0,118845.0,0.364707,0.322626,PHL,HKG,291823
11610272,192,97,6236,2011,4986.0,0.0,1.849116,0.52127,SGP,HKG,291823
11610273,231,97,6236,2011,5947.0,0.0,1.6884849999999998,-0.474499,USA,HKG,291823
11610274,249,97,6236,2011,0.0,24664.0,1.803234,0.921233,TWN,HKG,291823
11610275,43,99,6236,2011,5936.0,0.0,1.072299,1.686826,CHN,HND,291823
11610276,93,99,6236,2011,9662.0,0.0,-0.329497,0.775369,GTM,HND,291823
11610277,14,103,6236,2011,0.0,5277.0,-0.138148,0.002999,AUS,IDN,291823
11610278,32,103,6236,2011,0.0,1372.0,0.27718400000000004,0.5674319999999999,BRA,IDN,291823
11610279,41,103,6236,2011,127361.0,0.0,2.2644029999999997,0.406131,CHE,IDN,291823
11610280,43,103,6236,2011,4223396.0,101161.0,1.072299,1.686826,CHN,IDN,291823
11610281,61,103,6236,2011,15433.0,0.0,2.074435,-3.440815,DEU,IDN,291823
11610282,71,103,6236,2011,21629.0,0.0,0.8677290000000001,2.4618450000000003,ESP,IDN,291823
11610283,77,103,6236,2011,219624.0,0.0,1.532054,0.09339299999999999,FRA,IDN,291823
11610284,81,103,6236,2011,100748.0,0.0,1.8048220000000001,0.380141,GBR,IDN,291823
11610285,97,103,6236,2011,36433.0,0.0,0.663588,1.902118,HKG,IDN,291823
11610286,104,103,6236,2011,506165.0,2115.0,0.18276199999999998,2.398765,IND,IDN,291823
11610287,111,103,6236,2011,25513.0,0.0,1.298751,0.48013599999999995,ITA,IDN,291823
11610288,114,103,6236,2011,68877.0,0.0,2.516395,-0.534301,JPN,IDN,291823
11610289,138,103,6236,2011,123872.0,0.0,0.9534600000000001,0.706982,MEX,IDN,291823
11610290,192,103,6236,2011,231481.0,59660.0,1.849116,0.52127,SGP,IDN,291823
11610291,231,103,6236,2011,11165.0,0.0,1.6884849999999998,-0.474499,USA,IDN,291823
11610292,7,104,6236,2011,0.0,66082.0,0.030652,-0.450808,ARE,IND,291823
11610293,8,104,6236,2011,0.0,18787.0,0.240494,0.540376,ARG,IND,291823
11610294,14,104,6236,2011,10866.0,7537.0,-0.138148,0.002999,AUS,IND,291823
11610295,15,104,6236,2011,0.0,8247.0,1.687634,-0.229095,AUT,IND,291823
11610296,18,104,6236,2011,7646.0,977215.0,1.221703,1.247961,BEL,IND,291823
11610297,22,104,6236,2011,0.0,3958.0,-1.074416,-0.8276370000000001,BGD,IND,291823
11610298,31,104,6236,2011,0.0,1582.0,-0.818593,-0.8701770000000001,BOL,IND,291823
11610299,32,104,6236,2011,0.0,1185474.0,0.27718400000000004,0.5674319999999999,BRA,IND,291823
11610300,39,104,6236,2011,2243.0,30335.0,0.754813,1.1967290000000002,CAN,IND,291823
11610301,41,104,6236,2011,116737.0,160951.0,2.2644029999999997,0.406131,CHE,IND,291823
11610302,43,104,6236,2011,2520936.0,258829.0,1.072299,1.686826,CHN,IND,291823
11610303,47,104,6236,2011,0.0,26945.0,-0.979359,-1.084589,COG,IND,291823
11610304,49,104,6236,2011,0.0,47846.0,0.14336600000000002,-0.22996,COL,IND,291823
11610305,61,104,6236,2011,89085.0,796608.0,2.074435,-3.440815,DEU,IND,291823
11610306,65,104,6236,2011,0.0,16010.0,-0.260653,0.5682010000000001,DOM,IND,291823
11610307,66,104,6236,2011,0.0,2640.0,-1.36763,-1.140594,DZA,IND,291823
11610308,68,104,6236,2011,4773.0,12481.0,-0.166243,1.384719,EGY,IND,291823
11610309,71,104,6236,2011,13686.0,1142382.0,0.8677290000000001,2.4618450000000003,ESP,IND,291823
11610310,77,104,6236,2011,33443.0,345488.0,1.532054,0.09339299999999999,FRA,IND,291823
11610311,81,104,6236,2011,392882.0,356249.0,1.8048220000000001,0.380141,GBR,IND,291823
11610312,83,104,6236,2011,0.0,1697.0,-0.8627319999999999,-0.608823,GHA,IND,291823
11610313,97,104,6236,2011,7397.0,103856.0,0.663588,1.902118,HKG,IND,291823
11610314,100,104,6236,2011,0.0,8342.0,0.868294,0.9424299999999999,HRV,IND,291823
11610315,103,104,6236,2011,2115.0,506165.0,-0.234125,1.168384,IDN,IND,291823
11610316,107,104,6236,2011,0.0,1386.0,-0.915379,-0.973194,IRN,IND,291823
11610317,111,104,6236,2011,34484.0,163119.0,1.298751,0.48013599999999995,ITA,IND,291823
11610318,114,104,6236,2011,116904.0,196484.0,2.516395,-0.534301,JPN,IND,291823
11610319,116,104,6236,2011,0.0,10280.0,-0.48319300000000004,0.346927,KEN,IND,291823
11610320,121,104,6236,2011,0.0,4493.0,1.731371,0.8306879999999999,KOR,IND,291823
11610321,128,104,6236,2011,0.0,16566.0,-0.559311,0.398905,LKA,IND,291823
11610322,132,104,6236,2011,0.0,153831.0,0.7320939999999999,1.101321,LVA,IND,291823
11610323,138,104,6236,2011,203071.0,441567.0,0.9534600000000001,0.706982,MEX,IND,291823
11610324,153,104,6236,2011,22824.0,0.0,0.9893290000000001,0.632079,MYS,IND,291823
11610325,159,104,6236,2011,0.0,1670.0,-1.699286,-1.15511,NGA,IND,291823
11610326,162,104,6236,2011,44940.0,1819146.0,1.1655229999999999,1.410167,NLD,IND,291823
11610327,164,104,6236,2011,0.0,1991.0,-0.242299,0.801966,NPL,IND,291823
11610328,166,104,6236,2011,0.0,5895.0,0.372732,0.548601,NZL,IND,291823
11610329,168,104,6236,2011,48347.0,62108.0,-0.729677,0.6026729999999999,PAK,IND,291823
11610330,173,104,6236,2011,0.0,14524.0,-0.455977,0.442543,PER,IND,291823
11610331,174,104,6236,2011,0.0,1554.0,0.364707,0.322626,PHL,IND,291823
11610332,180,104,6236,2011,0.0,1475.0,-0.548759,-0.877743,PRY,IND,291823
11610333,186,104,6236,2011,0.0,128322.0,0.47319399999999995,-0.20801599999999998,RUS,IND,291823
11610334,192,104,6236,2011,40766.0,2306814.0,1.849116,0.52127,SGP,IND,291823
11610335,208,104,6236,2011,0.0,61992.0,1.857146,0.366159,SWE,IND,291823
11610336,224,104,6236,2011,0.0,85468.0,0.45775,2.4316259999999996,TUR,IND,291823
11610337,228,104,6236,2011,0.0,288035.0,0.6221409999999999,0.765505,UKR,IND,291823
11610338,231,104,6236,2011,126914.0,4135891.0,1.6884849999999998,-0.474499,USA,IND,291823
11610339,247,104,6236,2011,0.0,1551.0,-0.7599,-0.941019,ZMB,IND,291823
11610340,249,104,6236,2011,0.0,4041.0,1.803234,0.921233,TWN,IND,291823
11610341,250,104,6236,2011,59103.0,0.0,0.475638,-0.160135,ANS,IND,291823
11610342,81,106,6236,2011,3996.0,0.0,1.8048220000000001,0.380141,GBR,IRL,291823
11610343,231,106,6236,2011,22723.0,0.0,1.6884849999999998,-0.474499,USA,IRL,291823
11610344,18,110,6236,2011,10052.0,0.0,1.221703,1.247961,BEL,ISR,291823
11610345,41,110,6236,2011,11807.0,0.0,2.2644029999999997,0.406131,CHE,ISR,291823
11610346,61,110,6236,2011,138916.0,0.0,2.074435,-3.440815,DEU,ISR,291823
11610347,71,110,6236,2011,5732.0,0.0,0.8677290000000001,2.4618450000000003,ESP,ISR,291823
11610348,77,110,6236,2011,5004.0,0.0,1.532054,0.09339299999999999,FRA,ISR,291823
11610349,81,110,6236,2011,5984.0,0.0,1.8048220000000001,0.380141,GBR,ISR,291823
11610350,114,110,6236,2011,4686.0,0.0,2.516395,-0.534301,JPN,ISR,291823
11610351,162,110,6236,2011,4893.0,0.0,1.1655229999999999,1.410167,NLD,ISR,291823
11610352,231,110,6236,2011,1983.0,0.0,1.6884849999999998,-0.474499,USA,ISR,291823
11610353,249,110,6236,2011,1470.0,0.0,1.803234,0.921233,TWN,ISR,291823
11610354,8,111,6236,2011,0.0,2667.0,0.240494,0.540376,ARG,ITA,291823
11610355,18,111,6236,2011,20206.0,0.0,1.221703,1.247961,BEL,ITA,291823
11610356,23,111,6236,2011,0.0,1176.0,0.537967,1.520973,BGR,ITA,291823
11610357,41,111,6236,2011,11536.0,7300.0,2.2644029999999997,0.406131,CHE,ITA,291823
11610358,43,111,6236,2011,214364.0,104902.0,1.072299,1.686826,CHN,ITA,291823
11610359,49,111,6236,2011,0.0,16482.0,0.14336600000000002,-0.22996,COL,ITA,291823
11610360,59,111,6236,2011,0.0,17131.0,1.737788,0.14741600000000002,CZE,ITA,291823
11610361,61,111,6236,2011,131343.0,11807.0,2.074435,-3.440815,DEU,ITA,291823
11610362,71,111,6236,2011,358986.0,31278.0,0.8677290000000001,2.4618450000000003,ESP,ITA,291823
11610363,77,111,6236,2011,255182.0,285373.0,1.532054,0.09339299999999999,FRA,ITA,291823
11610364,81,111,6236,2011,985433.0,389590.0,1.8048220000000001,0.380141,GBR,ITA,291823
11610365,90,111,6236,2011,0.0,53009.0,0.138679,1.30044,GRC,ITA,291823
11610366,100,111,6236,2011,0.0,3269.0,0.868294,0.9424299999999999,HRV,ITA,291823
11610367,103,111,6236,2011,0.0,25513.0,-0.234125,1.168384,IDN,ITA,291823
11610368,104,111,6236,2011,163119.0,34484.0,0.18276199999999998,2.398765,IND,ITA,291823
11610369,132,111,6236,2011,0.0,1322.0,0.7320939999999999,1.101321,LVA,ITA,291823
11610370,138,111,6236,2011,0.0,1402.0,0.9534600000000001,0.706982,MEX,ITA,291823
11610371,162,111,6236,2011,58344.0,3221.0,1.1655229999999999,1.410167,NLD,ITA,291823
11610372,177,111,6236,2011,0.0,142835.0,1.133641,1.134203,POL,ITA,291823
11610373,186,111,6236,2011,0.0,8038.0,0.47319399999999995,-0.20801599999999998,RUS,ITA,291823
11610374,208,111,6236,2011,0.0,4321.0,1.857146,0.366159,SWE,ITA,291823
11610375,224,111,6236,2011,0.0,25222.0,0.45775,2.4316259999999996,TUR,ITA,291823
11610376,231,111,6236,2011,14702.0,0.0,1.6884849999999998,-0.474499,USA,ITA,291823
11610377,8,114,6236,2011,0.0,27920.0,0.240494,0.540376,ARG,JPN,291823
11610378,14,114,6236,2011,0.0,2229.0,-0.138148,0.002999,AUS,JPN,291823
11610379,18,114,6236,2011,0.0,552409.0,1.221703,1.247961,BEL,JPN,291823
11610380,32,114,6236,2011,0.0,156729.0,0.27718400000000004,0.5674319999999999,BRA,JPN,291823
11610381,41,114,6236,2011,2977.0,20778.0,2.2644029999999997,0.406131,CHE,JPN,291823
11610382,43,114,6236,2011,1348533.0,284184.0,1.072299,1.686826,CHN,JPN,291823
11610383,49,114,6236,2011,0.0,61247.0,0.14336600000000002,-0.22996,COL,JPN,291823
11610384,61,114,6236,2011,24717.0,329380.0,2.074435,-3.440815,DEU,JPN,291823
11610385,66,114,6236,2011,0.0,2433.0,-1.36763,-1.140594,DZA,JPN,291823
11610386,68,114,6236,2011,0.0,22981.0,-0.166243,1.384719,EGY,JPN,291823
11610387,71,114,6236,2011,300188.0,788798.0,0.8677290000000001,2.4618450000000003,ESP,JPN,291823
11610388,77,114,6236,2011,464033.0,341058.0,1.532054,0.09339299999999999,FRA,JPN,291823
11610389,81,114,6236,2011,262980.0,5243.0,1.8048220000000001,0.380141,GBR,JPN,291823
11610390,97,114,6236,2011,0.0,46529.0,0.663588,1.902118,HKG,JPN,291823
11610391,103,114,6236,2011,0.0,68877.0,-0.234125,1.168384,IDN,JPN,291823
11610392,104,114,6236,2011,196484.0,116904.0,0.18276199999999998,2.398765,IND,JPN,291823
11610393,110,114,6236,2011,0.0,4686.0,1.324384,0.714611,ISR,JPN,291823
11610394,121,114,6236,2011,0.0,601986.0,1.731371,0.8306879999999999,KOR,JPN,291823
11610395,134,114,6236,2011,0.0,19331.0,-0.485404,0.099828,MAR,JPN,291823
11610396,138,114,6236,2011,110666.0,65494.0,0.9534600000000001,0.706982,MEX,JPN,291823
11610397,192,114,6236,2011,939.0,437022.0,1.849116,0.52127,SGP,JPN,291823
11610398,216,114,6236,2011,0.0,26745.0,0.889009,1.503118,THA,JPN,291823
11610399,231,114,6236,2011,22476.0,2071561.0,1.6884849999999998,-0.474499,USA,JPN,291823
11610400,239,114,6236,2011,0.0,88153.0,-0.184453,1.637207,VNM,JPN,291823
11610401,249,114,6236,2011,0.0,93269.0,1.803234,0.921233,TWN,JPN,291823
11610402,43,121,6236,2011,1631240.0,17963.0,1.072299,1.686826,CHN,KOR,291823
11610403,61,121,6236,2011,232231.0,0.0,2.074435,-3.440815,DEU,KOR,291823
11610404,71,121,6236,2011,734699.0,0.0,0.8677290000000001,2.4618450000000003,ESP,KOR,291823
11610405,77,121,6236,2011,89215.0,0.0,1.532054,0.09339299999999999,FRA,KOR,291823
11610406,81,121,6236,2011,57294.0,0.0,1.8048220000000001,0.380141,GBR,KOR,291823
11610407,104,121,6236,2011,4493.0,0.0,0.18276199999999998,2.398765,IND,KOR,291823
11610408,114,121,6236,2011,601986.0,0.0,2.516395,-0.534301,JPN,KOR,291823
11610409,138,121,6236,2011,61327.0,0.0,0.9534600000000001,0.706982,MEX,KOR,291823
11610410,153,121,6236,2011,0.0,46655.0,0.9893290000000001,0.632079,MYS,KOR,291823
11610411,169,121,6236,2011,0.0,2876.0,0.786135,1.061008,PAN,KOR,291823
11610412,177,121,6236,2011,2849.0,0.0,1.133641,1.134203,POL,KOR,291823
11610413,192,121,6236,2011,69382.0,0.0,1.849116,0.52127,SGP,KOR,291823
11610414,231,121,6236,2011,105350.0,0.0,1.6884849999999998,-0.474499,USA,KOR,291823
11610415,239,121,6236,2011,0.0,4063.0,-0.184453,1.637207,VNM,KOR,291823
11610416,249,121,6236,2011,34079.0,0.0,1.803234,0.921233,TWN,KOR,291823
11610417,81,122,6236,2011,1740.0,0.0,1.8048220000000001,0.380141,GBR,KWT,291823
11610418,162,122,6236,2011,1697.0,0.0,1.1655229999999999,1.410167,NLD,KWT,291823
11610419,43,134,6236,2011,42925.0,0.0,1.072299,1.686826,CHN,MAR,291823
11610420,61,134,6236,2011,36215.0,0.0,2.074435,-3.440815,DEU,MAR,291823
11610421,71,134,6236,2011,4171.0,0.0,0.8677290000000001,2.4618450000000003,ESP,MAR,291823
11610422,77,134,6236,2011,8342.0,0.0,1.532054,0.09339299999999999,FRA,MAR,291823
11610423,81,134,6236,2011,8459.0,0.0,1.8048220000000001,0.380141,GBR,MAR,291823
11610424,114,134,6236,2011,19331.0,0.0,2.516395,-0.534301,JPN,MAR,291823
11610425,8,138,6236,2011,0.0,654568.0,0.240494,0.540376,ARG,MEX,291823
11610426,14,138,6236,2011,0.0,24065.0,-0.138148,0.002999,AUS,MEX,291823
11610427,18,138,6236,2011,2439.0,0.0,1.221703,1.247961,BEL,MEX,291823
11610428,32,138,6236,2011,11025.0,2860374.0,0.27718400000000004,0.5674319999999999,BRA,MEX,291823
11610429,39,138,6236,2011,0.0,259223.0,0.754813,1.1967290000000002,CAN,MEX,291823
11610430,41,138,6236,2011,0.0,3604026.0,2.2644029999999997,0.406131,CHE,MEX,291823
11610431,42,138,6236,2011,0.0,18430.0,-0.199877,-0.353009,CHL,MEX,291823
11610432,43,138,6236,2011,4033942.0,796620.0,1.072299,1.686826,CHN,MEX,291823
11610433,49,138,6236,2011,0.0,548996.0,0.14336600000000002,-0.22996,COL,MEX,291823
11610434,52,138,6236,2011,0.0,3592.0,0.04325,-0.553193,CRI,MEX,291823
11610435,61,138,6236,2011,49975.0,4996978.0,2.074435,-3.440815,DEU,MEX,291823
11610436,68,138,6236,2011,0.0,1820.0,-0.166243,1.384719,EGY,MEX,291823
11610437,71,138,6236,2011,71707.0,218771.0,0.8677290000000001,2.4618450000000003,ESP,MEX,291823
11610438,77,138,6236,2011,108517.0,377607.0,1.532054,0.09339299999999999,FRA,MEX,291823
11610439,81,138,6236,2011,0.0,3978892.0,1.8048220000000001,0.380141,GBR,MEX,291823
11610440,93,138,6236,2011,0.0,5443.0,-0.329497,0.775369,GTM,MEX,291823
11610441,100,138,6236,2011,0.0,22320.0,0.868294,0.9424299999999999,HRV,MEX,291823
11610442,103,138,6236,2011,0.0,123872.0,-0.234125,1.168384,IDN,MEX,291823
11610443,104,138,6236,2011,441567.0,203071.0,0.18276199999999998,2.398765,IND,MEX,291823
11610444,111,138,6236,2011,1402.0,0.0,1.298751,0.48013599999999995,ITA,MEX,291823
11610445,113,138,6236,2011,0.0,1407.0,0.231605,0.47049399999999997,JOR,MEX,291823
11610446,114,138,6236,2011,65494.0,110666.0,2.516395,-0.534301,JPN,MEX,291823
11610447,121,138,6236,2011,0.0,61327.0,1.731371,0.8306879999999999,KOR,MEX,291823
11610448,162,138,6236,2011,1375.0,0.0,1.1655229999999999,1.410167,NLD,MEX,291823
11610449,173,138,6236,2011,0.0,16894.0,-0.455977,0.442543,PER,MEX,291823
11610450,177,138,6236,2011,0.0,1467.0,1.133641,1.134203,POL,MEX,291823
11610451,192,138,6236,2011,1125.0,3517398.0,1.849116,0.52127,SGP,MEX,291823
11610452,216,138,6236,2011,0.0,391879.0,0.889009,1.503118,THA,MEX,291823
11610453,224,138,6236,2011,0.0,36921.0,0.45775,2.4316259999999996,TUR,MEX,291823
11610454,230,138,6236,2011,0.0,6701.0,0.313195,0.042866,URY,MEX,291823
11610455,231,138,6236,2011,1075173.0,13908318.0,1.6884849999999998,-0.474499,USA,MEX,291823
11610456,236,138,6236,2011,0.0,12658.0,-0.841147,-1.095636,VEN,MEX,291823
11610457,246,138,6236,2011,0.0,34879.0,0.241792,1.353011,ZAF,MEX,291823
11610458,249,138,6236,2011,7487.0,0.0,1.803234,0.921233,TWN,MEX,291823
11610459,43,153,6236,2011,919387.0,0.0,1.072299,1.686826,CHN,MYS,291823
11610460,77,153,6236,2011,11432.0,0.0,1.532054,0.09339299999999999,FRA,MYS,291823
11610461,81,153,6236,2011,7155.0,0.0,1.8048220000000001,0.380141,GBR,MYS,291823
11610462,104,153,6236,2011,0.0,22824.0,0.18276199999999998,2.398765,IND,MYS,291823
11610463,121,153,6236,2011,46655.0,0.0,1.731371,0.8306879999999999,KOR,MYS,291823
11610464,166,153,6236,2011,0.0,1233.0,0.372732,0.548601,NZL,MYS,291823
11610465,192,153,6236,2011,111470.0,33082.0,1.849116,0.52127,SGP,MYS,291823
11610466,18,162,6236,2011,11597.0,49360.0,1.221703,1.247961,BEL,NLD,291823
11610467,41,162,6236,2011,0.0,5707.0,2.2644029999999997,0.406131,CHE,NLD,291823
11610468,43,162,6236,2011,5829977.0,0.0,1.072299,1.686826,CHN,NLD,291823
11610469,49,162,6236,2011,0.0,2678.0,0.14336600000000002,-0.22996,COL,NLD,291823
11610470,61,162,6236,2011,55130.0,210175.0,2.074435,-3.440815,DEU,NLD,291823
11610471,71,162,6236,2011,1492692.0,29441.0,0.8677290000000001,2.4618450000000003,ESP,NLD,291823
11610472,74,162,6236,2011,0.0,4788.0,1.7488830000000002,0.890934,FIN,NLD,291823
11610473,77,162,6236,2011,13498.0,3901.0,1.532054,0.09339299999999999,FRA,NLD,291823
11610474,81,162,6236,2011,168173.0,74648.0,1.8048220000000001,0.380141,GBR,NLD,291823
11610475,90,162,6236,2011,0.0,25741.0,0.138679,1.30044,GRC,NLD,291823
11610476,100,162,6236,2011,0.0,4967.0,0.868294,0.9424299999999999,HRV,NLD,291823
11610477,104,162,6236,2011,1819146.0,44940.0,0.18276199999999998,2.398765,IND,NLD,291823
11610478,110,162,6236,2011,0.0,4893.0,1.324384,0.714611,ISR,NLD,291823
11610479,111,162,6236,2011,3221.0,58344.0,1.298751,0.48013599999999995,ITA,NLD,291823
11610480,122,162,6236,2011,0.0,1697.0,-0.898582,-1.09893,KWT,NLD,291823
11610481,138,162,6236,2011,0.0,1375.0,0.9534600000000001,0.706982,MEX,NLD,291823
11610482,186,162,6236,2011,3644.0,4832.0,0.47319399999999995,-0.20801599999999998,RUS,NLD,291823
11610483,192,162,6236,2011,3563.0,1842.0,1.849116,0.52127,SGP,NLD,291823
11610484,208,162,6236,2011,0.0,11048.0,1.857146,0.366159,SWE,NLD,291823
11610485,216,162,6236,2011,1154.0,0.0,0.889009,1.503118,THA,NLD,291823
11610486,231,162,6236,2011,11448.0,7183.0,1.6884849999999998,-0.474499,USA,NLD,291823
11610487,246,162,6236,2011,0.0,1195.0,0.241792,1.353011,ZAF,NLD,291823
11610488,249,162,6236,2011,3498066.0,0.0,1.803234,0.921233,TWN,NLD,291823
11610489,14,166,6236,2011,1403.0,0.0,-0.138148,0.002999,AUS,NZL,291823
11610490,43,166,6236,2011,1800.0,0.0,1.072299,1.686826,CHN,NZL,291823
11610491,104,166,6236,2011,5895.0,0.0,0.18276199999999998,2.398765,IND,NZL,291823
11610492,153,166,6236,2011,1233.0,0.0,0.9893290000000001,0.632079,MYS,NZL,291823
11610493,18,168,6236,2011,0.0,1869.0,1.221703,1.247961,BEL,PAK,291823
11610494,43,168,6236,2011,163819.0,0.0,1.072299,1.686826,CHN,PAK,291823
11610495,71,168,6236,2011,1398.0,0.0,0.8677290000000001,2.4618450000000003,ESP,PAK,291823
11610496,81,168,6236,2011,60369.0,0.0,1.8048220000000001,0.380141,GBR,PAK,291823
11610497,104,168,6236,2011,62108.0,48347.0,0.18276199999999998,2.398765,IND,PAK,291823
11610498,43,169,6236,2011,2686.0,0.0,1.072299,1.686826,CHN,PAN,291823
11610499,61,169,6236,2011,8109.0,0.0,2.074435,-3.440815,DEU,PAN,291823
11610500,93,169,6236,2011,0.0,3454.0,-0.329497,0.775369,GTM,PAN,291823
11610501,121,169,6236,2011,2876.0,0.0,1.731371,0.8306879999999999,KOR,PAN,291823
11610502,231,169,6236,2011,16029.0,0.0,1.6884849999999998,-0.474499,USA,PAN,291823
11610503,43,173,6236,2011,63612.0,0.0,1.072299,1.686826,CHN,PER,291823
11610504,49,173,6236,2011,10191.0,0.0,0.14336600000000002,-0.22996,COL,PER,291823
11610505,71,173,6236,2011,1131.0,0.0,0.8677290000000001,2.4618450000000003,ESP,PER,291823
11610506,104,173,6236,2011,14524.0,0.0,0.18276199999999998,2.398765,IND,PER,291823
11610507,138,173,6236,2011,16894.0,0.0,0.9534600000000001,0.706982,MEX,PER,291823
11610508,231,173,6236,2011,60092.0,0.0,1.6884849999999998,-0.474499,USA,PER,291823
11610509,249,173,6236,2011,5555.0,0.0,1.803234,0.921233,TWN,PER,291823
11610510,43,174,6236,2011,1305435.0,0.0,1.072299,1.686826,CHN,PHL,291823
11610511,77,174,6236,2011,192675.0,0.0,1.532054,0.09339299999999999,FRA,PHL,291823
11610512,81,174,6236,2011,4488.0,0.0,1.8048220000000001,0.380141,GBR,PHL,291823
11610513,97,174,6236,2011,118845.0,0.0,0.663588,1.902118,HKG,PHL,291823
11610514,104,174,6236,2011,1554.0,0.0,0.18276199999999998,2.398765,IND,PHL,291823
11610515,192,174,6236,2011,16118.0,0.0,1.849116,0.52127,SGP,PHL,291823
11610516,231,174,6236,2011,6271.0,0.0,1.6884849999999998,-0.474499,USA,PHL,291823
11610517,18,177,6236,2011,566977.0,0.0,1.221703,1.247961,BEL,POL,291823
11610518,28,177,6236,2011,0.0,2107.0,0.8786729999999999,0.442097,BLR,POL,291823
11610519,43,177,6236,2011,29690.0,0.0,1.072299,1.686826,CHN,POL,291823
11610520,61,177,6236,2011,613981.0,7945.0,2.074435,-3.440815,DEU,POL,291823
11610521,71,177,6236,2011,1694.0,0.0,0.8677290000000001,2.4618450000000003,ESP,POL,291823
11610522,77,177,6236,2011,9596.0,0.0,1.532054,0.09339299999999999,FRA,POL,291823
11610523,81,177,6236,2011,8210.0,0.0,1.8048220000000001,0.380141,GBR,POL,291823
11610524,111,177,6236,2011,142835.0,0.0,1.298751,0.48013599999999995,ITA,POL,291823
11610525,121,177,6236,2011,0.0,2849.0,1.731371,0.8306879999999999,KOR,POL,291823
11610526,130,177,6236,2011,0.0,6905.0,0.747963,0.9759530000000001,LTU,POL,291823
11610527,138,177,6236,2011,1467.0,0.0,0.9534600000000001,0.706982,MEX,POL,291823
11610528,186,177,6236,2011,0.0,5745.0,0.47319399999999995,-0.20801599999999998,RUS,POL,291823
11610529,208,177,6236,2011,0.0,1115.0,1.857146,0.366159,SWE,POL,291823
11610530,216,177,6236,2011,0.0,690254.0,0.889009,1.503118,THA,POL,291823
11610531,228,177,6236,2011,0.0,1933.0,0.6221409999999999,0.765505,UKR,POL,291823
11610532,231,177,6236,2011,69599.0,0.0,1.6884849999999998,-0.474499,USA,POL,291823
11610533,71,179,6236,2011,10072.0,0.0,0.8677290000000001,2.4618450000000003,ESP,PRT,291823
11610534,81,179,6236,2011,6736.0,0.0,1.8048220000000001,0.380141,GBR,PRT,291823
11610535,203,179,6236,2011,0.0,2278.0,0.583847,-0.193211,STP,PRT,291823
11610536,43,180,6236,2011,5091.0,0.0,1.072299,1.686826,CHN,PRY,291823
11610537,71,180,6236,2011,1180.0,0.0,0.8677290000000001,2.4618450000000003,ESP,PRY,291823
11610538,104,180,6236,2011,1475.0,0.0,0.18276199999999998,2.398765,IND,PRY,291823
11610539,43,185,6236,2011,9613.0,0.0,1.072299,1.686826,CHN,ROU,291823
11610540,61,185,6236,2011,24395.0,0.0,2.074435,-3.440815,DEU,ROU,291823
11610541,77,185,6236,2011,18929.0,0.0,1.532054,0.09339299999999999,FRA,ROU,291823
11610542,81,185,6236,2011,0.0,8521.0,1.8048220000000001,0.380141,GBR,ROU,291823
11610543,43,188,6236,2011,11483.0,0.0,1.072299,1.686826,CHN,SAU,291823
11610544,61,188,6236,2011,17013.0,0.0,2.074435,-3.440815,DEU,SAU,291823
11610545,77,188,6236,2011,25297.0,0.0,1.532054,0.09339299999999999,FRA,SAU,291823
11610546,81,188,6236,2011,24927.0,0.0,1.8048220000000001,0.380141,GBR,SAU,291823
11610547,43,190,6236,2011,18914.0,0.0,1.072299,1.686826,CHN,SDN,291823
11610548,8,192,6236,2011,0.0,3216.0,0.240494,0.540376,ARG,SGP,291823
11610549,14,192,6236,2011,3289.0,6287.0,-0.138148,0.002999,AUS,SGP,291823
11610550,18,192,6236,2011,6409.0,0.0,1.221703,1.247961,BEL,SGP,291823
11610551,22,192,6236,2011,0.0,27367.0,-1.074416,-0.8276370000000001,BGD,SGP,291823
11610552,32,192,6236,2011,0.0,1676.0,0.27718400000000004,0.5674319999999999,BRA,SGP,291823
11610553,41,192,6236,2011,384816.0,0.0,2.2644029999999997,0.406131,CHE,SGP,291823
11610554,43,192,6236,2011,3091643.0,449992.0,1.072299,1.686826,CHN,SGP,291823
11610555,61,192,6236,2011,25692.0,0.0,2.074435,-3.440815,DEU,SGP,291823
11610556,71,192,6236,2011,67368.0,0.0,0.8677290000000001,2.4618450000000003,ESP,SGP,291823
11610557,77,192,6236,2011,695855.0,0.0,1.532054,0.09339299999999999,FRA,SGP,291823
11610558,81,192,6236,2011,71795.0,0.0,1.8048220000000001,0.380141,GBR,SGP,291823
11610559,97,192,6236,2011,0.0,4986.0,0.663588,1.902118,HKG,SGP,291823
11610560,103,192,6236,2011,59660.0,231481.0,-0.234125,1.168384,IDN,SGP,291823
11610561,104,192,6236,2011,2306814.0,40766.0,0.18276199999999998,2.398765,IND,SGP,291823
11610562,114,192,6236,2011,437022.0,939.0,2.516395,-0.534301,JPN,SGP,291823
11610563,121,192,6236,2011,0.0,69382.0,1.731371,0.8306879999999999,KOR,SGP,291823
11610564,138,192,6236,2011,3517398.0,1125.0,0.9534600000000001,0.706982,MEX,SGP,291823
11610565,153,192,6236,2011,33082.0,111470.0,0.9893290000000001,0.632079,MYS,SGP,291823
11610566,155,192,6236,2011,1225.0,0.0,-0.42998400000000003,-0.632233,NAM,SGP,291823
11610567,162,192,6236,2011,1842.0,3563.0,1.1655229999999999,1.410167,NLD,SGP,291823
11610568,174,192,6236,2011,0.0,16118.0,0.364707,0.322626,PHL,SGP,291823
11610569,216,192,6236,2011,0.0,43056.0,0.889009,1.503118,THA,SGP,291823
11610570,231,192,6236,2011,96853.0,0.0,1.6884849999999998,-0.474499,USA,SGP,291823
11610571,239,192,6236,2011,0.0,10154.0,-0.184453,1.637207,VNM,SGP,291823
11610572,249,192,6236,2011,225138.0,0.0,1.803234,0.921233,TWN,SGP,291823
11610573,43,197,6236,2011,496168.0,0.0,1.072299,1.686826,CHN,SLV,291823
11610574,61,197,6236,2011,1305.0,0.0,2.074435,-3.440815,DEU,SLV,291823
11610575,81,197,6236,2011,18184.0,0.0,1.8048220000000001,0.380141,GBR,SLV,291823
11610576,93,197,6236,2011,8711.0,0.0,-0.329497,0.775369,GTM,SLV,291823
11610577,231,197,6236,2011,1993.0,0.0,1.6884849999999998,-0.474499,USA,SLV,291823
11610578,179,203,6236,2011,2278.0,0.0,0.558481,2.7056240000000003,PRT,STP,291823
11610579,43,206,6236,2011,2605.0,0.0,1.072299,1.686826,CHN,SVK,291823
11610580,61,206,6236,2011,6105.0,0.0,2.074435,-3.440815,DEU,SVK,291823
11610581,61,207,6236,2011,14039.0,0.0,2.074435,-3.440815,DEU,SVN,291823
11610582,71,207,6236,2011,1124.0,0.0,0.8677290000000001,2.4618450000000003,ESP,SVN,291823
11610583,18,208,6236,2011,11506.0,0.0,1.221703,1.247961,BEL,SWE,291823
11610584,41,208,6236,2011,10933.0,0.0,2.2644029999999997,0.406131,CHE,SWE,291823
11610585,61,208,6236,2011,35224.0,0.0,2.074435,-3.440815,DEU,SWE,291823
11610586,64,208,6236,2011,0.0,3002.0,1.156026,1.2248299999999999,DNK,SWE,291823
11610587,81,208,6236,2011,9196.0,0.0,1.8048220000000001,0.380141,GBR,SWE,291823
11610588,104,208,6236,2011,61992.0,0.0,0.18276199999999998,2.398765,IND,SWE,291823
11610589,111,208,6236,2011,4321.0,0.0,1.298751,0.48013599999999995,ITA,SWE,291823
11610590,162,208,6236,2011,11048.0,0.0,1.1655229999999999,1.410167,NLD,SWE,291823
11610591,177,208,6236,2011,1115.0,0.0,1.133641,1.134203,POL,SWE,291823
11610592,231,208,6236,2011,3216.0,0.0,1.6884849999999998,-0.474499,USA,SWE,291823
11610593,22,216,6236,2011,0.0,9508.0,-1.074416,-0.8276370000000001,BGD,THA,291823
11610594,43,216,6236,2011,2222337.0,0.0,1.072299,1.686826,CHN,THA,291823
11610595,61,216,6236,2011,16338.0,0.0,2.074435,-3.440815,DEU,THA,291823
11610596,77,216,6236,2011,321568.0,0.0,1.532054,0.09339299999999999,FRA,THA,291823
11610597,81,216,6236,2011,1623.0,0.0,1.8048220000000001,0.380141,GBR,THA,291823
11610598,114,216,6236,2011,26745.0,0.0,2.516395,-0.534301,JPN,THA,291823
11610599,138,216,6236,2011,391879.0,0.0,0.9534600000000001,0.706982,MEX,THA,291823
11610600,162,216,6236,2011,0.0,1154.0,1.1655229999999999,1.410167,NLD,THA,291823
11610601,177,216,6236,2011,690254.0,0.0,1.133641,1.134203,POL,THA,291823
11610602,192,216,6236,2011,43056.0,0.0,1.849116,0.52127,SGP,THA,291823
11610603,231,216,6236,2011,9957.0,0.0,1.6884849999999998,-0.474499,USA,THA,291823
11610604,239,216,6236,2011,0.0,49238.0,-0.184453,1.637207,VNM,THA,291823
11610605,249,216,6236,2011,211616.0,0.0,1.803234,0.921233,TWN,THA,291823
11610606,43,222,6236,2011,1632.0,0.0,1.072299,1.686826,CHN,TTO,291823
11610607,61,222,6236,2011,1590.0,0.0,2.074435,-3.440815,DEU,TTO,291823
11610608,81,222,6236,2011,3170.0,0.0,1.8048220000000001,0.380141,GBR,TTO,291823
11610609,18,224,6236,2011,1239.0,0.0,1.221703,1.247961,BEL,TUR,291823
11610610,41,224,6236,2011,9197.0,0.0,2.2644029999999997,0.406131,CHE,TUR,291823
11610611,43,224,6236,2011,132247.0,0.0,1.072299,1.686826,CHN,TUR,291823
11610612,61,224,6236,2011,120976.0,0.0,2.074435,-3.440815,DEU,TUR,291823
11610613,71,224,6236,2011,154645.0,0.0,0.8677290000000001,2.4618450000000003,ESP,TUR,291823
11610614,77,224,6236,2011,85975.0,0.0,1.532054,0.09339299999999999,FRA,TUR,291823
11610615,81,224,6236,2011,172274.0,0.0,1.8048220000000001,0.380141,GBR,TUR,291823
11610616,82,224,6236,2011,0.0,1439.0,-0.07754,-0.35434699999999997,GEO,TUR,291823
11610617,104,224,6236,2011,85468.0,0.0,0.18276199999999998,2.398765,IND,TUR,291823
11610618,111,224,6236,2011,25222.0,0.0,1.298751,0.48013599999999995,ITA,TUR,291823
11610619,138,224,6236,2011,36921.0,0.0,0.9534600000000001,0.706982,MEX,TUR,291823
11610620,231,224,6236,2011,979.0,0.0,1.6884849999999998,-0.474499,USA,TUR,291823
11610621,18,228,6236,2011,38512.0,0.0,1.221703,1.247961,BEL,UKR,291823
11610622,43,228,6236,2011,58056.0,0.0,1.072299,1.686826,CHN,UKR,291823
11610623,61,228,6236,2011,1444.0,0.0,2.074435,-3.440815,DEU,UKR,291823
11610624,77,228,6236,2011,35765.0,0.0,1.532054,0.09339299999999999,FRA,UKR,291823
11610625,81,228,6236,2011,1187.0,0.0,1.8048220000000001,0.380141,GBR,UKR,291823
11610626,104,228,6236,2011,288035.0,0.0,0.18276199999999998,2.398765,IND,UKR,291823
11610627,117,228,6236,2011,0.0,2895.0,-0.323348,0.164469,KGZ,UKR,291823
11610628,177,228,6236,2011,1933.0,0.0,1.133641,1.134203,POL,UKR,291823
11610629,186,228,6236,2011,0.0,3675.0,0.47319399999999995,-0.20801599999999998,RUS,UKR,291823
11610630,8,230,6236,2011,7209.0,0.0,0.240494,0.540376,ARG,URY,291823
11610631,43,230,6236,2011,5446.0,0.0,1.072299,1.686826,CHN,URY,291823
11610632,61,230,6236,2011,4024.0,0.0,2.074435,-3.440815,DEU,URY,291823
11610633,138,230,6236,2011,6701.0,0.0,0.9534600000000001,0.706982,MEX,URY,291823
11610634,231,230,6236,2011,6377.0,0.0,1.6884849999999998,-0.474499,USA,URY,291823
11610635,249,230,6236,2011,14420.0,0.0,1.803234,0.921233,TWN,URY,291823
11610636,8,231,6236,2011,0.0,47622.0,0.240494,0.540376,ARG,USA,291823
11610637,14,231,6236,2011,0.0,541841.0,-0.138148,0.002999,AUS,USA,291823
11610638,15,231,6236,2011,5265.0,1083.0,1.687634,-0.229095,AUT,USA,291823
11610639,18,231,6236,2011,22680.0,63316.0,1.221703,1.247961,BEL,USA,291823
11610640,32,231,6236,2011,0.0,2136710.0,0.27718400000000004,0.5674319999999999,BRA,USA,291823
11610641,39,231,6236,2011,3421.0,5591070.0,0.754813,1.1967290000000002,CAN,USA,291823
11610642,41,231,6236,2011,1340916.0,7359.0,2.2644029999999997,0.406131,CHE,USA,291823
11610643,42,231,6236,2011,0.0,35197.0,-0.199877,-0.353009,CHL,USA,291823
11610644,43,231,6236,2011,13251052.0,272739.0,1.072299,1.686826,CHN,USA,291823
11610645,49,231,6236,2011,0.0,22623.0,0.14336600000000002,-0.22996,COL,USA,291823
11610646,52,231,6236,2011,0.0,106200.0,0.04325,-0.553193,CRI,USA,291823
11610647,59,231,6236,2011,0.0,21028.0,1.737788,0.14741600000000002,CZE,USA,291823
11610648,61,231,6236,2011,54922.0,1482715.0,2.074435,-3.440815,DEU,USA,291823
11610649,65,231,6236,2011,0.0,2086.0,-0.260653,0.5682010000000001,DOM,USA,291823
11610650,67,231,6236,2011,0.0,50569.0,-0.8250639999999999,-0.839082,ECU,USA,291823
11610651,68,231,6236,2011,0.0,4592.0,-0.166243,1.384719,EGY,USA,291823
11610652,71,231,6236,2011,468223.0,71700.0,0.8677290000000001,2.4618450000000003,ESP,USA,291823
11610653,77,231,6236,2011,6488440.0,65297.0,1.532054,0.09339299999999999,FRA,USA,291823
11610654,81,231,6236,2011,509527.0,287805.0,1.8048220000000001,0.380141,GBR,USA,291823
11610655,97,231,6236,2011,0.0,5947.0,0.663588,1.902118,HKG,USA,291823
11610656,103,231,6236,2011,0.0,11165.0,-0.234125,1.168384,IDN,USA,291823
11610657,104,231,6236,2011,4135891.0,126914.0,0.18276199999999998,2.398765,IND,USA,291823
11610658,106,231,6236,2011,0.0,22723.0,1.403182,0.290245,IRL,USA,291823
11610659,110,231,6236,2011,0.0,1983.0,1.324384,0.714611,ISR,USA,291823
11610660,111,231,6236,2011,0.0,14702.0,1.298751,0.48013599999999995,ITA,USA,291823
11610661,114,231,6236,2011,2071561.0,22476.0,2.516395,-0.534301,JPN,USA,291823
11610662,121,231,6236,2011,0.0,105350.0,1.731371,0.8306879999999999,KOR,USA,291823
11610663,138,231,6236,2011,13908318.0,1075173.0,0.9534600000000001,0.706982,MEX,USA,291823
11610664,162,231,6236,2011,7183.0,11448.0,1.1655229999999999,1.410167,NLD,USA,291823
11610665,169,231,6236,2011,0.0,16029.0,0.786135,1.061008,PAN,USA,291823
11610666,173,231,6236,2011,0.0,60092.0,-0.455977,0.442543,PER,USA,291823
11610667,174,231,6236,2011,0.0,6271.0,0.364707,0.322626,PHL,USA,291823
11610668,177,231,6236,2011,0.0,69599.0,1.133641,1.134203,POL,USA,291823
11610669,192,231,6236,2011,0.0,96853.0,1.849116,0.52127,SGP,USA,291823
11610670,197,231,6236,2011,0.0,1993.0,-0.09713200000000001,0.20772600000000002,SLV,USA,291823
11610671,208,231,6236,2011,0.0,3216.0,1.857146,0.366159,SWE,USA,291823
11610672,216,231,6236,2011,0.0,9957.0,0.889009,1.503118,THA,USA,291823
11610673,224,231,6236,2011,0.0,979.0,0.45775,2.4316259999999996,TUR,USA,291823
11610674,230,231,6236,2011,0.0,6377.0,0.313195,0.042866,URY,USA,291823
11610675,236,231,6236,2011,0.0,11620.0,-0.841147,-1.095636,VEN,USA,291823
11610676,246,231,6236,2011,0.0,13384.0,0.241792,1.353011,ZAF,USA,291823
11610677,249,231,6236,2011,3851872.0,2974.0,1.803234,0.921233,TWN,USA,291823
11610678,43,236,6236,2011,104705.0,0.0,1.072299,1.686826,CHN,VEN,291823
11610679,61,236,6236,2011,39674.0,0.0,2.074435,-3.440815,DEU,VEN,291823
11610680,71,236,6236,2011,4903.0,0.0,0.8677290000000001,2.4618450000000003,ESP,VEN,291823
11610681,81,236,6236,2011,11396.0,0.0,1.8048220000000001,0.380141,GBR,VEN,291823
11610682,138,236,6236,2011,12658.0,0.0,0.9534600000000001,0.706982,MEX,VEN,291823
11610683,231,236,6236,2011,11620.0,0.0,1.6884849999999998,-0.474499,USA,VEN,291823
11610684,18,246,6236,2011,16359.0,0.0,1.221703,1.247961,BEL,ZAF,291823
11610685,41,246,6236,2011,5226.0,0.0,2.2644029999999997,0.406131,CHE,ZAF,291823
11610686,43,246,6236,2011,219140.0,0.0,1.072299,1.686826,CHN,ZAF,291823
11610687,61,246,6236,2011,131876.0,0.0,2.074435,-3.440815,DEU,ZAF,291823
11610688,71,246,6236,2011,2902.0,0.0,0.8677290000000001,2.4618450000000003,ESP,ZAF,291823
11610689,77,246,6236,2011,54142.0,0.0,1.532054,0.09339299999999999,FRA,ZAF,291823
11610690,81,246,6236,2011,4100.0,0.0,1.8048220000000001,0.380141,GBR,ZAF,291823
11610691,125,246,6236,2011,0.0,4367.0,-0.318463,-0.9367489999999999,LBR,ZAF,291823
11610692,129,246,6236,2011,0.0,3569.0,-0.868226,-0.764548,LSO,ZAF,291823
11610693,138,246,6236,2011,34879.0,0.0,0.9534600000000001,0.706982,MEX,ZAF,291823
11610694,155,246,6236,2011,0.0,4560.0,-0.42998400000000003,-0.632233,NAM,ZAF,291823
11610695,162,246,6236,2011,1195.0,0.0,1.1655229999999999,1.410167,NLD,ZAF,291823
11610696,209,246,6236,2011,28078.0,0.0,0.169986,-0.078842,SWZ,ZAF,291823
11610697,231,246,6236,2011,13384.0,0.0,1.6884849999999998,-0.474499,USA,ZAF,291823
11610698,247,246,6236,2011,0.0,1815.0,-0.7599,-0.941019,ZMB,ZAF,291823
11610699,248,246,6236,2011,0.0,6575.0,-0.858662,-0.8632719999999999,ZWE,ZAF,291823
11610700,249,246,6236,2011,23735.0,0.0,1.803234,0.921233,TWN,ZAF,291823
11610701,8,249,6236,2011,0.0,15210.0,0.240494,0.540376,ARG,TWN,291823
11610702,14,249,6236,2011,0.0,39426.0,-0.138148,0.002999,AUS,TWN,291823
11610703,32,249,6236,2011,0.0,120745.0,0.27718400000000004,0.5674319999999999,BRA,TWN,291823
11610704,39,249,6236,2011,0.0,882421.0,0.754813,1.1967290000000002,CAN,TWN,291823
11610705,42,249,6236,2011,0.0,7446.0,-0.199877,-0.353009,CHL,TWN,291823
11610706,43,249,6236,2011,2702116.0,85653.0,1.072299,1.686826,CHN,TWN,291823
11610707,61,249,6236,2011,6302.0,544152.0,2.074435,-3.440815,DEU,TWN,291823
11610708,71,249,6236,2011,0.0,99668.0,0.8677290000000001,2.4618450000000003,ESP,TWN,291823
11610709,77,249,6236,2011,61694.0,121972.0,1.532054,0.09339299999999999,FRA,TWN,291823
11610710,81,249,6236,2011,3507.0,0.0,1.8048220000000001,0.380141,GBR,TWN,291823
11610711,97,249,6236,2011,24664.0,0.0,0.663588,1.902118,HKG,TWN,291823
11610712,100,249,6236,2011,0.0,13165.0,0.868294,0.9424299999999999,HRV,TWN,291823
11610713,104,249,6236,2011,4041.0,0.0,0.18276199999999998,2.398765,IND,TWN,291823
11610714,110,249,6236,2011,0.0,1470.0,1.324384,0.714611,ISR,TWN,291823
11610715,114,249,6236,2011,93269.0,0.0,2.516395,-0.534301,JPN,TWN,291823
11610716,121,249,6236,2011,0.0,34079.0,1.731371,0.8306879999999999,KOR,TWN,291823
11610717,138,249,6236,2011,0.0,7487.0,0.9534600000000001,0.706982,MEX,TWN,291823
11610718,162,249,6236,2011,0.0,3498066.0,1.1655229999999999,1.410167,NLD,TWN,291823
11610719,173,249,6236,2011,0.0,5555.0,-0.455977,0.442543,PER,TWN,291823
11610720,192,249,6236,2011,0.0,225138.0,1.849116,0.52127,SGP,TWN,291823
11610721,216,249,6236,2011,0.0,211616.0,0.889009,1.503118,THA,TWN,291823
11610722,230,249,6236,2011,0.0,14420.0,0.313195,0.042866,URY,TWN,291823
11610723,231,249,6236,2011,2974.0,3851872.0,1.6884849999999998,-0.474499,USA,TWN,291823
11610724,246,249,6236,2011,0.0,23735.0,0.241792,1.353011,ZAF,TWN,291823
11610725,250,249,6236,2011,4601.0,0.0,0.475638,-0.160135,ANS,TWN,291823
11610726,8,250,6236,2011,1791.0,1283.0,0.240494,0.540376,ARG,ANS,291823
11610727,52,250,6236,2011,0.0,100156.0,0.04325,-0.553193,CRI,ANS,291823
11610728,71,250,6236,2011,0.0,2595.0,0.8677290000000001,2.4618450000000003,ESP,ANS,291823
11610729,77,250,6236,2011,0.0,3113.0,1.532054,0.09339299999999999,FRA,ANS,291823
11610730,104,250,6236,2011,0.0,59103.0,0.18276199999999998,2.398765,IND,ANS,291823
11610731,223,250,6236,2011,0.0,1195.0,0.151221,1.1252360000000001,TUN,ANS,291823
11610732,249,250,6236,2011,0.0,4601.0,1.803234,0.921233,TWN,ANS,291823
11610733,43,14,6236,2011,164167.0,0.0,1.072299,1.686826,CHN,AUS,291823
11610734,61,14,6236,2011,86926.0,0.0,2.074435,-3.440815,DEU,AUS,291823
11610735,71,14,6236,2011,5171.0,0.0,0.8677290000000001,2.4618450000000003,ESP,AUS,291823
11610736,77,14,6236,2011,13802.0,0.0,1.532054,0.09339299999999999,FRA,AUS,291823
11610737,81,14,6236,2011,34311.0,0.0,1.8048220000000001,0.380141,GBR,AUS,291823
11610738,103,14,6236,2011,5277.0,0.0,-0.234125,1.168384,IDN,AUS,291823
11610739,104,14,6236,2011,7537.0,10866.0,0.18276199999999998,2.398765,IND,AUS,291823
11610740,114,14,6236,2011,2229.0,0.0,2.516395,-0.534301,JPN,AUS,291823
11610741,138,14,6236,2011,24065.0,0.0,0.9534600000000001,0.706982,MEX,AUS,291823
11610742,166,14,6236,2011,0.0,1403.0,0.372732,0.548601,NZL,AUS,291823
11610743,192,14,6236,2011,6287.0,3289.0,1.849116,0.52127,SGP,AUS,291823
11610744,231,14,6236,2011,541841.0,0.0,1.6884849999999998,-0.474499,USA,AUS,291823
11610745,249,14,6236,2011,39426.0,0.0,1.803234,0.921233,TWN,AUS,291823
11610746,43,22,6236,2011,194440.0,0.0,1.072299,1.686826,CHN,BGD,291823
11610747,61,22,6236,2011,1440.0,0.0,2.074435,-3.440815,DEU,BGD,291823
11610748,81,22,6236,2011,2104.0,0.0,1.8048220000000001,0.380141,GBR,BGD,291823
11610749,104,22,6236,2011,3958.0,0.0,0.18276199999999998,2.398765,IND,BGD,291823
11610750,192,22,6236,2011,27367.0,0.0,1.849116,0.52127,SGP,BGD,291823
11610751,216,22,6236,2011,9508.0,0.0,0.889009,1.503118,THA,BGD,291823
11610752,100,26,6236,2011,1582.0,0.0,0.868294,0.9424299999999999,HRV,BIH,291823
11610753,43,28,6236,2011,80463.0,20411.0,1.072299,1.686826,CHN,BLR,291823
11610754,177,28,6236,2011,2107.0,0.0,1.133641,1.134203,POL,BLR,291823
11610755,186,28,6236,2011,793.0,1715.0,0.47319399999999995,-0.20801599999999998,RUS,BLR,291823
11610756,90,58,6236,2011,0.0,17134.0,0.138679,1.30044,GRC,CYP,291823
11610757,18,68,6236,2011,4981.0,0.0,1.221703,1.247961,BEL,EGY,291823
11610758,41,68,6236,2011,66395.0,0.0,2.2644029999999997,0.406131,CHE,EGY,291823
11610759,43,68,6236,2011,58711.0,0.0,1.072299,1.686826,CHN,EGY,291823
11610760,61,68,6236,2011,3693.0,0.0,2.074435,-3.440815,DEU,EGY,291823
11610761,71,68,6236,2011,8099.0,0.0,0.8677290000000001,2.4618450000000003,ESP,EGY,291823
11610762,77,68,6236,2011,705631.0,0.0,1.532054,0.09339299999999999,FRA,EGY,291823
11610763,81,68,6236,2011,42113.0,0.0,1.8048220000000001,0.380141,GBR,EGY,291823
11610764,104,68,6236,2011,12481.0,4773.0,0.18276199999999998,2.398765,IND,EGY,291823
11610765,114,68,6236,2011,22981.0,0.0,2.516395,-0.534301,JPN,EGY,291823
11610766,138,68,6236,2011,1820.0,0.0,0.9534600000000001,0.706982,MEX,EGY,291823
11610767,231,68,6236,2011,4592.0,0.0,1.6884849999999998,-0.474499,USA,EGY,291823
11610768,81,72,6236,2011,1902.0,0.0,1.8048220000000001,0.380141,GBR,EST,291823
11610769,43,82,6236,2011,1013.0,0.0,1.072299,1.686826,CHN,GEO,291823
11610770,159,82,6236,2011,0.0,21989.0,-1.699286,-1.15511,NGA,GEO,291823
11610771,224,82,6236,2011,1439.0,0.0,0.45775,2.4316259999999996,TUR,GEO,291823
11610772,18,83,6236,2011,1662.0,0.0,1.221703,1.247961,BEL,GHA,291823
11610773,43,83,6236,2011,9852.0,0.0,1.072299,1.686826,CHN,GHA,291823
11610774,61,83,6236,2011,1077.0,0.0,2.074435,-3.440815,DEU,GHA,291823
11610775,81,83,6236,2011,2651.0,0.0,1.8048220000000001,0.380141,GBR,GHA,291823
11610776,104,83,6236,2011,1697.0,0.0,0.18276199999999998,2.398765,IND,GHA,291823
11610777,159,83,6236,2011,3941.0,0.0,-1.699286,-1.15511,NGA,GHA,291823
11610778,26,100,6236,2011,0.0,1582.0,0.391425,0.6066600000000001,BIH,HRV,291823
11610779,43,100,6236,2011,10160.0,0.0,1.072299,1.686826,CHN,HRV,291823
11610780,61,100,6236,2011,3873.0,0.0,2.074435,-3.440815,DEU,HRV,291823
11610781,71,100,6236,2011,15718.0,0.0,0.8677290000000001,2.4618450000000003,ESP,HRV,291823
11610782,81,100,6236,2011,43254.0,0.0,1.8048220000000001,0.380141,GBR,HRV,291823
11610783,104,100,6236,2011,8342.0,0.0,0.18276199999999998,2.398765,IND,HRV,291823
11610784,111,100,6236,2011,3269.0,0.0,1.298751,0.48013599999999995,ITA,HRV,291823
11610785,138,100,6236,2011,22320.0,0.0,0.9534600000000001,0.706982,MEX,HRV,291823
11610786,162,100,6236,2011,4967.0,0.0,1.1655229999999999,1.410167,NLD,HRV,291823
11610787,249,100,6236,2011,13165.0,0.0,1.803234,0.921233,TWN,HRV,291823
11610788,43,102,6236,2011,6225.0,0.0,1.072299,1.686826,CHN,HUN,291823
11610789,61,102,6236,2011,3284.0,0.0,2.074435,-3.440815,DEU,HUN,291823
11610790,18,107,6236,2011,154825.0,0.0,1.221703,1.247961,BEL,IRN,291823
11610791,43,107,6236,2011,58970.0,0.0,1.072299,1.686826,CHN,IRN,291823
11610792,61,107,6236,2011,20153.0,0.0,2.074435,-3.440815,DEU,IRN,291823
11610793,77,107,6236,2011,88468.0,0.0,1.532054,0.09339299999999999,FRA,IRN,291823
11610794,104,107,6236,2011,1386.0,0.0,0.18276199999999998,2.398765,IND,IRN,291823
11610795,108,107,6236,2011,0.0,120000.0,-2.175137,-0.726975,IRQ,IRN,291823
11610796,107,108,6236,2011,120000.0,0.0,-0.915379,-0.973194,IRN,IRQ,291823
11610797,18,113,6236,2011,2368.0,0.0,1.221703,1.247961,BEL,JOR,291823
11610798,43,113,6236,2011,7390.0,0.0,1.072299,1.686826,CHN,JOR,291823
11610799,138,113,6236,2011,1407.0,0.0,0.9534600000000001,0.706982,MEX,JOR,291823
11610800,43,115,6236,2011,74469.0,0.0,1.072299,1.686826,CHN,KAZ,291823
11610801,186,115,6236,2011,2333.0,0.0,0.47319399999999995,-0.20801599999999998,RUS,KAZ,291823
11610802,43,116,6236,2011,15270.0,0.0,1.072299,1.686826,CHN,KEN,291823
11610803,61,116,6236,2011,3132.0,0.0,2.074435,-3.440815,DEU,KEN,291823
11610804,104,116,6236,2011,10280.0,0.0,0.18276199999999998,2.398765,IND,KEN,291823
11610805,43,117,6236,2011,3352.0,0.0,1.072299,1.686826,CHN,KGZ,291823
11610806,228,117,6236,2011,2895.0,0.0,0.6221409999999999,0.765505,UKR,KGZ,291823
11610807,239,118,6236,2011,12733.0,0.0,-0.184453,1.637207,VNM,KHM,291823
11610808,61,124,6236,2011,1340.0,0.0,2.074435,-3.440815,DEU,LBN,291823
11610809,77,124,6236,2011,1265.0,0.0,1.532054,0.09339299999999999,FRA,LBN,291823
11610810,43,128,6236,2011,94161.0,0.0,1.072299,1.686826,CHN,LKA,291823
11610811,104,128,6236,2011,16566.0,0.0,0.18276199999999998,2.398765,IND,LKA,291823
11610812,43,130,6236,2011,1382.0,0.0,1.072299,1.686826,CHN,LTU,291823
11610813,177,130,6236,2011,6905.0,0.0,1.133641,1.134203,POL,LTU,291823
11610814,18,132,6236,2011,2925.0,0.0,1.221703,1.247961,BEL,LVA,291823
11610815,43,132,6236,2011,25187.0,0.0,1.072299,1.686826,CHN,LVA,291823
11610816,81,132,6236,2011,22225.0,0.0,1.8048220000000001,0.380141,GBR,LVA,291823
11610817,104,132,6236,2011,153831.0,0.0,0.18276199999999998,2.398765,IND,LVA,291823
11610818,111,132,6236,2011,1322.0,0.0,1.298751,0.48013599999999995,ITA,LVA,291823
11610819,61,135,6236,2011,1267.0,0.0,2.074435,-3.440815,DEU,MDA,291823
11610820,186,135,6236,2011,1101.0,0.0,0.47319399999999995,-0.20801599999999998,RUS,MDA,291823
11610821,43,143,6236,2011,333235.0,0.0,1.072299,1.686826,CHN,MMR,291823
11610822,43,163,6236,2011,1991.0,0.0,1.072299,1.686826,CHN,NOR,291823
11610823,61,163,6236,2011,3045.0,0.0,2.074435,-3.440815,DEU,NOR,291823
11610824,18,186,6236,2011,17406.0,0.0,1.221703,1.247961,BEL,RUS,291823
11610825,28,186,6236,2011,1715.0,793.0,0.8786729999999999,0.442097,BLR,RUS,291823
11610826,43,186,6236,2011,468231.0,0.0,1.072299,1.686826,CHN,RUS,291823
11610827,61,186,6236,2011,22756.0,0.0,2.074435,-3.440815,DEU,RUS,291823
11610828,71,186,6236,2011,5225.0,0.0,0.8677290000000001,2.4618450000000003,ESP,RUS,291823
11610829,77,186,6236,2011,12008.0,0.0,1.532054,0.09339299999999999,FRA,RUS,291823
11610830,104,186,6236,2011,128322.0,0.0,0.18276199999999998,2.398765,IND,RUS,291823
11610831,111,186,6236,2011,8038.0,0.0,1.298751,0.48013599999999995,ITA,RUS,291823
11610832,115,186,6236,2011,0.0,2333.0,-0.514687,-0.775671,KAZ,RUS,291823
11610833,135,186,6236,2011,0.0,1101.0,-0.225556,0.28622,MDA,RUS,291823
11610834,162,186,6236,2011,4832.0,3644.0,1.1655229999999999,1.410167,NLD,RUS,291823
11610835,177,186,6236,2011,5745.0,0.0,1.133641,1.134203,POL,RUS,291823
11610836,228,186,6236,2011,3675.0,0.0,0.6221409999999999,0.765505,UKR,RUS,291823
11610837,41,191,6236,2011,1815.0,0.0,2.2644029999999997,0.406131,CHE,SEN,291823
11610838,43,191,6236,2011,40680.0,0.0,1.072299,1.686826,CHN,SEN,291823
11610839,15,201,6236,2011,2278.0,0.0,1.687634,-0.229095,AUT,SRB,291823
11610840,43,201,6236,2011,1620.0,0.0,1.072299,1.686826,CHN,SRB,291823
11610841,61,201,6236,2011,5454.0,0.0,2.074435,-3.440815,DEU,SRB,291823
11610842,43,239,6236,2011,440879.0,0.0,1.072299,1.686826,CHN,VNM,291823
11610843,77,239,6236,2011,335546.0,0.0,1.532054,0.09339299999999999,FRA,VNM,291823
11610844,114,239,6236,2011,88153.0,0.0,2.516395,-0.534301,JPN,VNM,291823
11610845,118,239,6236,2011,0.0,12733.0,-1.162858,-1.103539,KHM,VNM,291823
11610846,121,239,6236,2011,4063.0,0.0,1.731371,0.8306879999999999,KOR,VNM,291823
11610847,192,239,6236,2011,10154.0,0.0,1.849116,0.52127,SGP,VNM,291823
11610848,216,239,6236,2011,49238.0,0.0,0.889009,1.503118,THA,VNM,291823
11610849,246,248,6236,2011,6575.0,0.0,0.241792,1.353011,ZAF,ZWE,291823
11610850,8,31,6236,2011,4514.0,0.0,0.240494,0.540376,ARG,BOL,291823
11610851,43,31,6236,2011,13589.0,0.0,1.072299,1.686826,CHN,BOL,291823
11610852,61,31,6236,2011,16117.0,0.0,2.074435,-3.440815,DEU,BOL,291823
11610853,104,31,6236,2011,1582.0,0.0,0.18276199999999998,2.398765,IND,BOL,291823
11610854,43,44,6236,2011,87147.0,0.0,1.072299,1.686826,CHN,CIV,291823
11610855,46,44,6236,2011,0.0,5251.0,-0.722957,-0.965141,COD,CIV,291823
11610856,43,46,6236,2011,1566.0,0.0,1.072299,1.686826,CHN,COD,291823
11610857,44,46,6236,2011,5251.0,0.0,-1.069474,-0.867439,CIV,COD,291823
11610858,215,46,6236,2011,11180.0,0.0,-0.9156030000000001,-0.884099,TGO,COD,291823
11610859,43,47,6236,2011,50132.0,0.0,1.072299,1.686826,CHN,COG,291823
11610860,104,47,6236,2011,26945.0,0.0,0.18276199999999998,2.398765,IND,COG,291823
11610861,43,54,6236,2011,43650.0,0.0,1.072299,1.686826,CHN,CUB,291823
11610862,81,54,6236,2011,32688.0,0.0,1.8048220000000001,0.380141,GBR,CUB,291823
11610863,43,66,6236,2011,1690.0,0.0,1.072299,1.686826,CHN,DZA,291823
11610864,104,66,6236,2011,2640.0,0.0,0.18276199999999998,2.398765,IND,DZA,291823
11610865,114,66,6236,2011,2433.0,0.0,2.516395,-0.534301,JPN,DZA,291823
11610866,43,73,6236,2011,11443.0,0.0,1.072299,1.686826,CHN,ETH,291823
11610867,246,125,6236,2011,4367.0,0.0,0.241792,1.353011,ZAF,LBR,291823
11610868,246,129,6236,2011,3569.0,0.0,0.241792,1.353011,ZAF,LSO,291823
11610869,43,151,6236,2011,13314.0,0.0,1.072299,1.686826,CHN,MUS,291823
11610870,192,155,6236,2011,0.0,1225.0,1.849116,0.52127,SGP,NAM,291823
11610871,246,155,6236,2011,4560.0,0.0,0.241792,1.353011,ZAF,NAM,291823
11610872,43,159,6236,2011,387055.0,14409.0,1.072299,1.686826,CHN,NGA,291823
11610873,61,159,6236,2011,17731.0,0.0,2.074435,-3.440815,DEU,NGA,291823
11610874,82,159,6236,2011,21989.0,0.0,-0.07754,-0.35434699999999997,GEO,NGA,291823
11610875,83,159,6236,2011,0.0,3941.0,-0.8627319999999999,-0.608823,GHA,NGA,291823
11610876,104,159,6236,2011,1670.0,0.0,0.18276199999999998,2.398765,IND,NGA,291823
11610877,104,164,6236,2011,1991.0,0.0,0.18276199999999998,2.398765,IND,NPL,291823
11610878,61,182,6236,2011,4258.0,0.0,2.074435,-3.440815,DEU,PYF,291823
11610879,246,209,6236,2011,0.0,28078.0,0.241792,1.353011,ZAF,SWZ,291823
11610880,43,212,6236,2011,15919.0,0.0,1.072299,1.686826,CHN,SYR,291823
11610881,43,215,6236,2011,78603.0,0.0,1.072299,1.686826,CHN,TGO,291823
11610882,46,215,6236,2011,0.0,11180.0,-0.722957,-0.965141,COD,TGO,291823
11610883,41,223,6236,2011,6753.0,0.0,2.2644029999999997,0.406131,CHE,TUN,291823
11610884,43,223,6236,2011,5560.0,0.0,1.072299,1.686826,CHN,TUN,291823
11610885,71,223,6236,2011,5747.0,0.0,0.8677290000000001,2.4618450000000003,ESP,TUN,291823
11610886,77,223,6236,2011,33250.0,0.0,1.532054,0.09339299999999999,FRA,TUN,291823
11610887,250,223,6236,2011,1195.0,0.0,0.475638,-0.160135,ANS,TUN,291823
11610888,43,247,6236,2011,3200.0,0.0,1.072299,1.686826,CHN,ZMB,291823
11610889,104,247,6236,2011,1551.0,0.0,0.18276199999999998,2.398765,IND,ZMB,291823
11610890,246,247,6236,2011,1815.0,0.0,0.241792,1.353011,ZAF,ZMB,291823
11610891,77,144,6236,2011,0.0,16377.0,1.532054,0.09339299999999999,FRA,MNE,291823
11610892,61,196,6236,2011,3720.0,0.0,2.074435,-3.440815,DEU,SLE,291823
11610893,97,133,6236,2011,19838.0,0.0,0.663588,1.902118,HKG,MAC,291823
11610894,43,101,6236,2011,6201.0,0.0,1.072299,1.686826,CHN,HTI,291823
11610895,77,5,6236,2011,1920.0,0.0,1.532054,0.09339299999999999,FRA,AND,291823
11610896,43,7,6238,2011,265568.0,0.0,1.072299,1.686826,CHN,ARE,291830
11610897,49,7,6238,2011,0.0,24809.0,0.14336600000000002,-0.22996,COL,ARE,291830
11610898,68,7,6238,2011,0.0,5479.0,-0.166243,1.384719,EGY,ARE,291830
11610899,77,7,6238,2011,68065.0,0.0,1.532054,0.09339299999999999,FRA,ARE,291830
11610900,104,7,6238,2011,380777.0,29954.0,0.18276199999999998,2.398765,IND,ARE,291830
11610901,107,7,6238,2011,0.0,102477.0,-0.915379,-0.973194,IRN,ARE,291830
11610902,249,7,6238,2011,91872.0,0.0,1.803234,0.921233,TWN,ARE,291830
11610903,15,8,6238,2011,5539.0,0.0,1.687634,-0.229095,AUT,ARG,291830
11610904,31,8,6238,2011,0.0,4330.0,-0.818593,-0.8701770000000001,BOL,ARG,291830
11610905,32,8,6238,2011,25258.0,1532.0,0.27718400000000004,0.5674319999999999,BRA,ARG,291830
11610906,39,8,6238,2011,2943.0,0.0,0.754813,1.1967290000000002,CAN,ARG,291830
11610907,41,8,6238,2011,272196.0,0.0,2.2644029999999997,0.406131,CHE,ARG,291830
11610908,42,8,6238,2011,2449.0,0.0,-0.199877,-0.353009,CHL,ARG,291830
11610909,43,8,6238,2011,366513.0,0.0,1.072299,1.686826,CHN,ARG,291830
11610910,61,8,6238,2011,38431.0,0.0,2.074435,-3.440815,DEU,ARG,291830
11610911,71,8,6238,2011,846525.0,0.0,0.8677290000000001,2.4618450000000003,ESP,ARG,291830
11610912,77,8,6238,2011,7425.0,0.0,1.532054,0.09339299999999999,FRA,ARG,291830
11610913,104,8,6238,2011,97525.0,0.0,0.18276199999999998,2.398765,IND,ARG,291830
11610914,111,8,6238,2011,5673.0,0.0,1.298751,0.48013599999999995,ITA,ARG,291830
11610915,114,8,6238,2011,147138.0,0.0,2.516395,-0.534301,JPN,ARG,291830
11610916,138,8,6238,2011,2726.0,0.0,0.9534600000000001,0.706982,MEX,ARG,291830
11610917,162,8,6238,2011,5242.0,0.0,1.1655229999999999,1.410167,NLD,ARG,291830
11610918,166,8,6238,2011,45863.0,0.0,0.372732,0.548601,NZL,ARG,291830
11610919,192,8,6238,2011,4681.0,0.0,1.849116,0.52127,SGP,ARG,291830
11610920,230,8,6238,2011,0.0,10290.0,0.313195,0.042866,URY,ARG,291830
11610921,231,8,6238,2011,627930.0,0.0,1.6884849999999998,-0.474499,USA,ARG,291830
11610922,236,8,6238,2011,0.0,22065.0,-0.841147,-1.095636,VEN,ARG,291830
11610923,249,8,6238,2011,1111150.0,0.0,1.803234,0.921233,TWN,ARG,291830
11610924,250,8,6238,2011,143334.0,0.0,0.475638,-0.160135,ANS,ARG,291830
11610925,8,15,6238,2011,0.0,5539.0,0.240494,0.540376,ARG,AUT,291830
11610926,18,15,6238,2011,2638.0,0.0,1.221703,1.247961,BEL,AUT,291830
11610927,41,15,6238,2011,141355.0,0.0,2.2644029999999997,0.406131,CHE,AUT,291830
11610928,43,15,6238,2011,8996.0,0.0,1.072299,1.686826,CHN,AUT,291830
11610929,49,15,6238,2011,0.0,253250.0,0.14336600000000002,-0.22996,COL,AUT,291830
11610930,61,15,6238,2011,183472.0,279120.0,2.074435,-3.440815,DEU,AUT,291830
11610931,66,15,6238,2011,33465.0,0.0,-1.36763,-1.140594,DZA,AUT,291830
11610932,71,15,6238,2011,7462.0,0.0,0.8677290000000001,2.4618450000000003,ESP,AUT,291830
11610933,74,15,6238,2011,62443.0,0.0,1.7488830000000002,0.890934,FIN,AUT,291830
11610934,77,15,6238,2011,202896.0,0.0,1.532054,0.09339299999999999,FRA,AUT,291830
11610935,81,15,6238,2011,3844.0,0.0,1.8048220000000001,0.380141,GBR,AUT,291830
11610936,102,15,6238,2011,0.0,858.0,1.486592,0.805642,HUN,AUT,291830
11610937,103,15,6238,2011,0.0,961.0,-0.234125,1.168384,IDN,AUT,291830
11610938,104,15,6238,2011,0.0,3486431.0,0.18276199999999998,2.398765,IND,AUT,291830
11610939,107,15,6238,2011,0.0,2658.0,-0.915379,-0.973194,IRN,AUT,291830
11610940,111,15,6238,2011,1006818.0,0.0,1.298751,0.48013599999999995,ITA,AUT,291830
11610941,114,15,6238,2011,6673.0,941528.0,2.516395,-0.534301,JPN,AUT,291830
11610942,134,15,6238,2011,0.0,283422.0,-0.485404,0.099828,MAR,AUT,291830
11610943,138,15,6238,2011,0.0,645148.0,0.9534600000000001,0.706982,MEX,AUT,291830
11610944,177,15,6238,2011,0.0,73804.0,1.133641,1.134203,POL,AUT,291830
11610945,224,15,6238,2011,0.0,23562.0,0.45775,2.4316259999999996,TUR,AUT,291830
11610946,231,15,6238,2011,5576113.0,635720.0,1.6884849999999998,-0.474499,USA,AUT,291830
11610947,249,15,6238,2011,520202.0,0.0,1.803234,0.921233,TWN,AUT,291830
11610948,77,16,6238,2011,13018.0,0.0,1.532054,0.09339299999999999,FRA,AZE,291830
11610949,15,18,6238,2011,0.0,2638.0,1.687634,-0.229095,AUT,BEL,291830
11610950,41,18,6238,2011,29028.0,9519.0,2.2644029999999997,0.406131,CHE,BEL,291830
11610951,43,18,6238,2011,1636074.0,811648.0,1.072299,1.686826,CHN,BEL,291830
11610952,59,18,6238,2011,4353.0,1027.0,1.737788,0.14741600000000002,CZE,BEL,291830
11610953,61,18,6238,2011,571604.0,837126.0,2.074435,-3.440815,DEU,BEL,291830
11610954,71,18,6238,2011,0.0,225060.0,0.8677290000000001,2.4618450000000003,ESP,BEL,291830
11610955,74,18,6238,2011,0.0,950.0,1.7488830000000002,0.890934,FIN,BEL,291830
11610956,77,18,6238,2011,131532.0,671747.0,1.532054,0.09339299999999999,FRA,BEL,291830
11610957,81,18,6238,2011,193869.0,61531.0,1.8048220000000001,0.380141,GBR,BEL,291830
11610958,93,18,6238,2011,0.0,3317.0,-0.329497,0.775369,GTM,BEL,291830
11610959,97,18,6238,2011,0.0,1575.0,0.663588,1.902118,HKG,BEL,291830
11610960,102,18,6238,2011,1431.0,2821.0,1.486592,0.805642,HUN,BEL,291830
11610961,104,18,6238,2011,1146243.0,4198.0,0.18276199999999998,2.398765,IND,BEL,291830
11610962,110,18,6238,2011,0.0,3411.0,1.324384,0.714611,ISR,BEL,291830
11610963,111,18,6238,2011,3809.0,1702882.0,1.298751,0.48013599999999995,ITA,BEL,291830
11610964,114,18,6238,2011,2178825.0,89701.0,2.516395,-0.534301,JPN,BEL,291830
11610965,116,18,6238,2011,0.0,1973.0,-0.48319300000000004,0.346927,KEN,BEL,291830
11610966,121,18,6238,2011,0.0,6272.0,1.731371,0.8306879999999999,KOR,BEL,291830
11610967,130,18,6238,2011,0.0,1928.0,0.747963,0.9759530000000001,LTU,BEL,291830
11610968,132,18,6238,2011,0.0,1282.0,0.7320939999999999,1.101321,LVA,BEL,291830
11610969,134,18,6238,2011,0.0,247460.0,-0.485404,0.099828,MAR,BEL,291830
11610970,153,18,6238,2011,0.0,1028.0,0.9893290000000001,0.632079,MYS,BEL,291830
11610971,162,18,6238,2011,282071.0,84019.0,1.1655229999999999,1.410167,NLD,BEL,291830
11610972,177,18,6238,2011,0.0,15973.0,1.133641,1.134203,POL,BEL,291830
11610973,186,18,6238,2011,0.0,4882.0,0.47319399999999995,-0.20801599999999998,RUS,BEL,291830
11610974,206,18,6238,2011,1487.0,0.0,1.262897,0.8230569999999999,SVK,BEL,291830
11610975,208,18,6238,2011,0.0,160135.0,1.857146,0.366159,SWE,BEL,291830
11610976,228,18,6238,2011,0.0,1420.0,0.6221409999999999,0.765505,UKR,BEL,291830
11610977,231,18,6238,2011,96781.0,72582.0,1.6884849999999998,-0.474499,USA,BEL,291830
11610978,249,18,6238,2011,1501406.0,3521.0,1.803234,0.921233,TWN,BEL,291830
11610979,43,23,6238,2011,18693.0,0.0,1.072299,1.686826,CHN,BGR,291830
11610980,61,23,6238,2011,21253.0,0.0,2.074435,-3.440815,DEU,BGR,291830
11610981,77,23,6238,2011,7302.0,0.0,1.532054,0.09339299999999999,FRA,BGR,291830
11610982,104,23,6238,2011,4526.0,0.0,0.18276199999999998,2.398765,IND,BGR,291830
11610983,162,23,6238,2011,9588.0,0.0,1.1655229999999999,1.410167,NLD,BGR,291830
11610984,8,32,6238,2011,1532.0,25258.0,0.240494,0.540376,ARG,BRA,291830
11610985,41,32,6238,2011,804441.0,0.0,2.2644029999999997,0.406131,CHE,BRA,291830
11610986,42,32,6238,2011,0.0,3122.0,-0.199877,-0.353009,CHL,BRA,291830
11610987,43,32,6238,2011,2886719.0,0.0,1.072299,1.686826,CHN,BRA,291830
11610988,61,32,6238,2011,2638562.0,0.0,2.074435,-3.440815,DEU,BRA,291830
11610989,71,32,6238,2011,2720281.0,0.0,0.8677290000000001,2.4618450000000003,ESP,BRA,291830
11610990,77,32,6238,2011,359964.0,0.0,1.532054,0.09339299999999999,FRA,BRA,291830
11610991,81,32,6238,2011,11205.0,0.0,1.8048220000000001,0.380141,GBR,BRA,291830
11610992,97,32,6238,2011,131028.0,0.0,0.663588,1.902118,HKG,BRA,291830
11610993,103,32,6238,2011,0.0,2389.0,-0.234125,1.168384,IDN,BRA,291830
11610994,104,32,6238,2011,53241.0,46596.0,0.18276199999999998,2.398765,IND,BRA,291830
11610995,111,32,6238,2011,209161.0,0.0,1.298751,0.48013599999999995,ITA,BRA,291830
11610996,114,32,6238,2011,587915.0,0.0,2.516395,-0.534301,JPN,BRA,291830
11610997,138,32,6238,2011,14658.0,0.0,0.9534600000000001,0.706982,MEX,BRA,291830
11610998,162,32,6238,2011,10909.0,0.0,1.1655229999999999,1.410167,NLD,BRA,291830
11610999,166,32,6238,2011,9956.0,0.0,0.372732,0.548601,NZL,BRA,291830
11611000,174,32,6238,2011,0.0,3032.0,0.364707,0.322626,PHL,BRA,291830
11611001,192,32,6238,2011,47368.0,0.0,1.849116,0.52127,SGP,BRA,291830
11611002,231,32,6238,2011,1496802.0,50154.0,1.6884849999999998,-0.474499,USA,BRA,291830
11611003,249,32,6238,2011,93187.0,0.0,1.803234,0.921233,TWN,BRA,291830
11611004,104,33,6238,2011,942.0,0.0,0.18276199999999998,2.398765,IND,BRB,291830
11611005,8,39,6238,2011,0.0,2943.0,0.240494,0.540376,ARG,CAN,291830
11611006,41,39,6238,2011,78305.0,0.0,2.2644029999999997,0.406131,CHE,CAN,291830
11611007,43,39,6238,2011,137212.0,0.0,1.072299,1.686826,CHN,CAN,291830
11611008,61,39,6238,2011,5958.0,0.0,2.074435,-3.440815,DEU,CAN,291830
11611009,71,39,6238,2011,5002.0,0.0,0.8677290000000001,2.4618450000000003,ESP,CAN,291830
11611010,77,39,6238,2011,2660.0,3196.0,1.532054,0.09339299999999999,FRA,CAN,291830
11611011,81,39,6238,2011,2326.0,4519.0,1.8048220000000001,0.380141,GBR,CAN,291830
11611012,104,39,6238,2011,53279.0,6674.0,0.18276199999999998,2.398765,IND,CAN,291830
11611013,110,39,6238,2011,1125.0,23269.0,1.324384,0.714611,ISR,CAN,291830
11611014,111,39,6238,2011,3213.0,0.0,1.298751,0.48013599999999995,ITA,CAN,291830
11611015,114,39,6238,2011,125747.0,0.0,2.516395,-0.534301,JPN,CAN,291830
11611016,151,39,6238,2011,0.0,500.0,-0.09464600000000001,0.091177,MUS,CAN,291830
11611017,231,39,6238,2011,298756.0,510519.0,1.6884849999999998,-0.474499,USA,CAN,291830
11611018,249,39,6238,2011,479757.0,0.0,1.803234,0.921233,TWN,CAN,291830
11611019,8,41,6238,2011,0.0,272196.0,0.240494,0.540376,ARG,CHE,291830
11611020,14,41,6238,2011,0.0,263006.0,-0.138148,0.002999,AUS,CHE,291830
11611021,15,41,6238,2011,0.0,141355.0,1.687634,-0.229095,AUT,CHE,291830
11611022,18,41,6238,2011,9519.0,29028.0,1.221703,1.247961,BEL,CHE,291830
11611023,32,41,6238,2011,0.0,804441.0,0.27718400000000004,0.5674319999999999,BRA,CHE,291830
11611024,39,41,6238,2011,0.0,78305.0,0.754813,1.1967290000000002,CAN,CHE,291830
11611025,43,41,6238,2011,1658584.0,651867.0,1.072299,1.686826,CHN,CHE,291830
11611026,49,41,6238,2011,83478.0,789214.0,0.14336600000000002,-0.22996,COL,CHE,291830
11611027,59,41,6238,2011,269043.0,17699.0,1.737788,0.14741600000000002,CZE,CHE,291830
11611028,61,41,6238,2011,1831517.0,16016424.0,2.074435,-3.440815,DEU,CHE,291830
11611029,68,41,6238,2011,0.0,575188.0,-0.166243,1.384719,EGY,CHE,291830
11611030,71,41,6238,2011,42465.0,122036.0,0.8677290000000001,2.4618450000000003,ESP,CHE,291830
11611031,74,41,6238,2011,236600.0,0.0,1.7488830000000002,0.890934,FIN,CHE,291830
11611032,77,41,6238,2011,1372293.0,9225192.0,1.532054,0.09339299999999999,FRA,CHE,291830
11611033,81,41,6238,2011,26012.0,87447.0,1.8048220000000001,0.380141,GBR,CHE,291830
11611034,93,41,6238,2011,0.0,8763.0,-0.329497,0.775369,GTM,CHE,291830
11611035,102,41,6238,2011,6789.0,0.0,1.486592,0.805642,HUN,CHE,291830
11611036,103,41,6238,2011,0.0,67513.0,-0.234125,1.168384,IDN,CHE,291830
11611037,104,41,6238,2011,441418.0,974984.0,0.18276199999999998,2.398765,IND,CHE,291830
11611038,106,41,6238,2011,44244.0,0.0,1.403182,0.290245,IRL,CHE,291830
11611039,110,41,6238,2011,0.0,210913.0,1.324384,0.714611,ISR,CHE,291830
11611040,111,41,6238,2011,366641.0,726558.0,1.298751,0.48013599999999995,ITA,CHE,291830
11611041,114,41,6238,2011,152739.0,1566920.0,2.516395,-0.534301,JPN,CHE,291830
11611042,115,41,6238,2011,0.0,65166.0,-0.514687,-0.775671,KAZ,CHE,291830
11611043,138,41,6238,2011,0.0,537853.0,0.9534600000000001,0.706982,MEX,CHE,291830
11611044,140,41,6238,2011,0.0,16894.0,-0.12310499999999999,0.16392,MKD,CHE,291830
11611045,162,41,6238,2011,302180.0,68942.0,1.1655229999999999,1.410167,NLD,CHE,291830
11611046,163,41,6238,2011,0.0,1075.0,0.8492770000000001,0.050044,NOR,CHE,291830
11611047,166,41,6238,2011,233557.0,12385.0,0.372732,0.548601,NZL,CHE,291830
11611048,168,41,6238,2011,0.0,29743.0,-0.729677,0.6026729999999999,PAK,CHE,291830
11611049,177,41,6238,2011,0.0,30584.0,1.133641,1.134203,POL,CHE,291830
11611050,180,41,6238,2011,0.0,4418.0,-0.548759,-0.877743,PRY,CHE,291830
11611051,185,41,6238,2011,0.0,6885.0,0.722,1.296655,ROU,CHE,291830
11611052,186,41,6238,2011,0.0,1430.0,0.47319399999999995,-0.20801599999999998,RUS,CHE,291830
11611053,192,41,6238,2011,77338.0,493423.0,1.849116,0.52127,SGP,CHE,291830
11611054,206,41,6238,2011,3084.0,0.0,1.262897,0.8230569999999999,SVK,CHE,291830
11611055,207,41,6238,2011,0.0,4562.0,1.642913,0.700222,SVN,CHE,291830
11611056,208,41,6238,2011,0.0,13582.0,1.857146,0.366159,SWE,CHE,291830
11611057,216,41,6238,2011,0.0,3844.0,0.889009,1.503118,THA,CHE,291830
11611058,224,41,6238,2011,0.0,43870.0,0.45775,2.4316259999999996,TUR,CHE,291830
11611059,231,41,6238,2011,6994868.0,14076952.0,1.6884849999999998,-0.474499,USA,CHE,291830
11611060,246,41,6238,2011,0.0,23306.0,0.241792,1.353011,ZAF,CHE,291830
11611061,249,41,6238,2011,2420.0,29101.0,1.803234,0.921233,TWN,CHE,291830
11611062,8,42,6238,2011,0.0,2449.0,0.240494,0.540376,ARG,CHL,291830
11611063,32,42,6238,2011,3122.0,0.0,0.27718400000000004,0.5674319999999999,BRA,CHL,291830
11611064,43,42,6238,2011,65600.0,0.0,1.072299,1.686826,CHN,CHL,291830
11611065,61,42,6238,2011,26744.0,0.0,2.074435,-3.440815,DEU,CHL,291830
11611066,71,42,6238,2011,3090.0,0.0,0.8677290000000001,2.4618450000000003,ESP,CHL,291830
11611067,77,42,6238,2011,1138.0,0.0,1.532054,0.09339299999999999,FRA,CHL,291830
11611068,104,42,6238,2011,34096.0,0.0,0.18276199999999998,2.398765,IND,CHL,291830
11611069,111,42,6238,2011,40752.0,0.0,1.298751,0.48013599999999995,ITA,CHL,291830
11611070,166,42,6238,2011,3813.0,0.0,0.372732,0.548601,NZL,CHL,291830
11611071,167,42,6238,2011,112641.0,0.0,-0.473703,-0.952491,OMN,CHL,291830
11611072,231,42,6238,2011,4757.0,0.0,1.6884849999999998,-0.474499,USA,CHL,291830
11611073,250,42,6238,2011,1323.0,0.0,0.475638,-0.160135,ANS,CHL,291830
11611074,7,43,6238,2011,0.0,265568.0,0.030652,-0.450808,ARE,CHN,291830
11611075,8,43,6238,2011,0.0,366513.0,0.240494,0.540376,ARG,CHN,291830
11611076,14,43,6238,2011,0.0,582893.0,-0.138148,0.002999,AUS,CHN,291830
11611077,15,43,6238,2011,0.0,8996.0,1.687634,-0.229095,AUT,CHN,291830
11611078,18,43,6238,2011,811648.0,1636074.0,1.221703,1.247961,BEL,CHN,291830
11611079,22,43,6238,2011,0.0,1514341.0,-1.074416,-0.8276370000000001,BGD,CHN,291830
11611080,23,43,6238,2011,0.0,18693.0,0.537967,1.520973,BGR,CHN,291830
11611081,31,43,6238,2011,0.0,2981.0,-0.818593,-0.8701770000000001,BOL,CHN,291830
11611082,32,43,6238,2011,0.0,2886719.0,0.27718400000000004,0.5674319999999999,BRA,CHN,291830
11611083,39,43,6238,2011,0.0,137212.0,0.754813,1.1967290000000002,CAN,CHN,291830
11611084,41,43,6238,2011,651867.0,1658584.0,2.2644029999999997,0.406131,CHE,CHN,291830
11611085,42,43,6238,2011,0.0,65600.0,-0.199877,-0.353009,CHL,CHN,291830
11611086,49,43,6238,2011,117790.0,340762.0,0.14336600000000002,-0.22996,COL,CHN,291830
11611087,52,43,6238,2011,0.0,3839.0,0.04325,-0.553193,CRI,CHN,291830
11611088,59,43,6238,2011,1744.0,51523.0,1.737788,0.14741600000000002,CZE,CHN,291830
11611089,61,43,6238,2011,13181980.0,10246395.0,2.074435,-3.440815,DEU,CHN,291830
11611090,62,43,6238,2011,0.0,31803.0,-0.6224529999999999,-0.7357739999999999,DJI,CHN,291830
11611091,64,43,6238,2011,0.0,496918.0,1.156026,1.2248299999999999,DNK,CHN,291830
11611092,66,43,6238,2011,0.0,66354.0,-1.36763,-1.140594,DZA,CHN,291830
11611093,67,43,6238,2011,0.0,1347.0,-0.8250639999999999,-0.839082,ECU,CHN,291830
11611094,68,43,6238,2011,0.0,3103392.0,-0.166243,1.384719,EGY,CHN,291830
11611095,71,43,6238,2011,1086998.0,9139722.0,0.8677290000000001,2.4618450000000003,ESP,CHN,291830
11611096,74,43,6238,2011,0.0,52996.0,1.7488830000000002,0.890934,FIN,CHN,291830
11611097,77,43,6238,2011,195346.0,4488533.0,1.532054,0.09339299999999999,FRA,CHN,291830
11611098,81,43,6238,2011,37641.0,1431560.0,1.8048220000000001,0.380141,GBR,CHN,291830
11611099,83,43,6238,2011,0.0,47742.0,-0.8627319999999999,-0.608823,GHA,CHN,291830
11611100,90,43,6238,2011,0.0,34624.0,0.138679,1.30044,GRC,CHN,291830
11611101,93,43,6238,2011,0.0,47686.0,-0.329497,0.775369,GTM,CHN,291830
11611102,97,43,6238,2011,38974.0,728802.0,0.663588,1.902118,HKG,CHN,291830
11611103,99,43,6238,2011,0.0,4442.0,-0.740241,-0.311952,HND,CHN,291830
11611104,100,43,6238,2011,0.0,81837.0,0.868294,0.9424299999999999,HRV,CHN,291830
11611105,102,43,6238,2011,0.0,102501.0,1.486592,0.805642,HUN,CHN,291830
11611106,103,43,6238,2011,5658.0,9552963.0,-0.234125,1.168384,IDN,CHN,291830
11611107,104,43,6238,2011,2901.0,26313102.0,0.18276199999999998,2.398765,IND,CHN,291830
11611108,106,43,6238,2011,8884.0,0.0,1.403182,0.290245,IRL,CHN,291830
11611109,107,43,6238,2011,0.0,705061.0,-0.915379,-0.973194,IRN,CHN,291830
11611110,110,43,6238,2011,0.0,2358736.0,1.324384,0.714611,ISR,CHN,291830
11611111,111,43,6238,2011,0.0,6747036.0,1.298751,0.48013599999999995,ITA,CHN,291830
11611112,112,43,6238,2011,0.0,15952.0,-0.162212,-0.621817,JAM,CHN,291830
11611113,113,43,6238,2011,0.0,14963.0,0.231605,0.47049399999999997,JOR,CHN,291830
11611114,114,43,6238,2011,2153541.0,11812977.0,2.516395,-0.534301,JPN,CHN,291830
11611115,115,43,6238,2011,0.0,29674.0,-0.514687,-0.775671,KAZ,CHN,291830
11611116,116,43,6238,2011,0.0,18121.0,-0.48319300000000004,0.346927,KEN,CHN,291830
11611117,121,43,6238,2011,195280.0,5024774.0,1.731371,0.8306879999999999,KOR,CHN,291830
11611118,124,43,6238,2011,0.0,2108.0,0.278393,1.2962879999999999,LBN,CHN,291830
11611119,130,43,6238,2011,0.0,2845.0,0.747963,0.9759530000000001,LTU,CHN,291830
11611120,132,43,6238,2011,0.0,204509.0,0.7320939999999999,1.101321,LVA,CHN,291830
11611121,134,43,6238,2011,1366.0,22738.0,-0.485404,0.099828,MAR,CHN,291830
11611122,135,43,6238,2011,0.0,8917.0,-0.225556,0.28622,MDA,CHN,291830
11611123,138,43,6238,2011,0.0,1518071.0,0.9534600000000001,0.706982,MEX,CHN,291830
11611124,140,43,6238,2011,0.0,30279.0,-0.12310499999999999,0.16392,MKD,CHN,291830
11611125,143,43,6238,2011,0.0,2321.0,-1.3557190000000001,-0.929934,MMR,CHN,291830
11611126,153,43,6238,2011,0.0,3938.0,0.9893290000000001,0.632079,MYS,CHN,291830
11611127,159,43,6238,2011,0.0,43164.0,-1.699286,-1.15511,NGA,CHN,291830
11611128,160,43,6238,2011,0.0,1160.0,-0.9592139999999999,-0.796108,NIC,CHN,291830
11611129,162,43,6238,2011,11405.0,7934074.0,1.1655229999999999,1.410167,NLD,CHN,291830
11611130,163,43,6238,2011,0.0,846648.0,0.8492770000000001,0.050044,NOR,CHN,291830
11611131,166,43,6238,2011,5696.0,186427.0,0.372732,0.548601,NZL,CHN,291830
11611132,168,43,6238,2011,0.0,745294.0,-0.729677,0.6026729999999999,PAK,CHN,291830
11611133,169,43,6238,2011,0.0,1136.0,0.786135,1.061008,PAN,CHN,291830
11611134,173,43,6238,2011,0.0,237065.0,-0.455977,0.442543,PER,CHN,291830
11611135,174,43,6238,2011,0.0,116988.0,0.364707,0.322626,PHL,CHN,291830
11611136,177,43,6238,2011,0.0,202628.0,1.133641,1.134203,POL,CHN,291830
11611137,178,43,6238,2011,0.0,1591.0,-0.024317,-0.154781,PRK,CHN,291830
11611138,179,43,6238,2011,0.0,254915.0,0.558481,2.7056240000000003,PRT,CHN,291830
11611139,180,43,6238,2011,0.0,127422.0,-0.548759,-0.877743,PRY,CHN,291830
11611140,185,43,6238,2011,0.0,14820.0,0.722,1.296655,ROU,CHN,291830
11611141,186,43,6238,2011,0.0,497005.0,0.47319399999999995,-0.20801599999999998,RUS,CHN,291830
11611142,188,43,6238,2011,0.0,47690.0,0.354045,-0.800028,SAU,CHN,291830
11611143,191,43,6238,2011,0.0,19050.0,-0.624346,-0.308052,SEN,CHN,291830
11611144,192,43,6238,2011,2166.0,12155156.0,1.849116,0.52127,SGP,CHN,291830
11611145,206,43,6238,2011,0.0,70774.0,1.262897,0.8230569999999999,SVK,CHN,291830
11611146,207,43,6238,2011,0.0,1216353.0,1.642913,0.700222,SVN,CHN,291830
11611147,208,43,6238,2011,0.0,806497.0,1.857146,0.366159,SWE,CHN,291830
11611148,212,43,6238,2011,0.0,10178.0,-0.604133,0.5268970000000001,SYR,CHN,291830
11611149,215,43,6238,2011,0.0,32891.0,-0.9156030000000001,-0.884099,TGO,CHN,291830
11611150,216,43,6238,2011,0.0,396046.0,0.889009,1.503118,THA,CHN,291830
11611151,222,43,6238,2011,0.0,59087.0,-0.44228,-1.031793,TTO,CHN,291830
11611152,223,43,6238,2011,0.0,18097.0,0.151221,1.1252360000000001,TUN,CHN,291830
11611153,224,43,6238,2011,0.0,462332.0,0.45775,2.4316259999999996,TUR,CHN,291830
11611154,228,43,6238,2011,0.0,118151.0,0.6221409999999999,0.765505,UKR,CHN,291830
11611155,230,43,6238,2011,0.0,235220.0,0.313195,0.042866,URY,CHN,291830
11611156,231,43,6238,2011,7422875.0,19527942.0,1.6884849999999998,-0.474499,USA,CHN,291830
11611157,232,43,6238,2011,0.0,4540.0,-0.785878,-0.663918,UZB,CHN,291830
11611158,236,43,6238,2011,0.0,291903.0,-0.841147,-1.095636,VEN,CHN,291830
11611159,239,43,6238,2011,0.0,100095.0,-0.184453,1.637207,VNM,CHN,291830
11611160,243,43,6238,2011,0.0,17382.0,-1.44127,-1.242875,YEM,CHN,291830
11611161,246,43,6238,2011,0.0,88010.0,0.241792,1.353011,ZAF,CHN,291830
11611162,249,43,6238,2011,2608170.0,984990.0,1.803234,0.921233,TWN,CHN,291830
11611163,7,49,6238,2011,24809.0,0.0,0.030652,-0.450808,ARE,COL,291830
11611164,15,49,6238,2011,253250.0,0.0,1.687634,-0.229095,AUT,COL,291830
11611165,41,49,6238,2011,789214.0,83478.0,2.2644029999999997,0.406131,CHE,COL,291830
11611166,43,49,6238,2011,340762.0,117790.0,1.072299,1.686826,CHN,COL,291830
11611167,61,49,6238,2011,19988.0,0.0,2.074435,-3.440815,DEU,COL,291830
11611168,71,49,6238,2011,37956.0,0.0,0.8677290000000001,2.4618450000000003,ESP,COL,291830
11611169,93,49,6238,2011,49398.0,0.0,-0.329497,0.775369,GTM,COL,291830
11611170,104,49,6238,2011,98826.0,0.0,0.18276199999999998,2.398765,IND,COL,291830
11611171,110,49,6238,2011,1323.0,0.0,1.324384,0.714611,ISR,COL,291830
11611172,111,49,6238,2011,2152.0,0.0,1.298751,0.48013599999999995,ITA,COL,291830
11611173,114,49,6238,2011,28593.0,0.0,2.516395,-0.534301,JPN,COL,291830
11611174,138,49,6238,2011,7925.0,0.0,0.9534600000000001,0.706982,MEX,COL,291830
11611175,231,49,6238,2011,438211.0,121529.0,1.6884849999999998,-0.474499,USA,COL,291830
11611176,43,52,6238,2011,3839.0,0.0,1.072299,1.686826,CHN,CRI,291830
11611177,104,52,6238,2011,1587.0,0.0,0.18276199999999998,2.398765,IND,CRI,291830
11611178,162,52,6238,2011,11544.0,0.0,1.1655229999999999,1.410167,NLD,CRI,291830
11611179,231,52,6238,2011,242609.0,0.0,1.6884849999999998,-0.474499,USA,CRI,291830
11611180,236,52,6238,2011,0.0,77486.0,-0.841147,-1.095636,VEN,CRI,291830
11611181,18,59,6238,2011,1027.0,4353.0,1.221703,1.247961,BEL,CZE,291830
11611182,41,59,6238,2011,17699.0,269043.0,2.2644029999999997,0.406131,CHE,CZE,291830
11611183,43,59,6238,2011,51523.0,1744.0,1.072299,1.686826,CHN,CZE,291830
11611184,61,59,6238,2011,65835.0,35328.0,2.074435,-3.440815,DEU,CZE,291830
11611185,77,59,6238,2011,7972.0,147867.0,1.532054,0.09339299999999999,FRA,CZE,291830
11611186,81,59,6238,2011,1876.0,5247.0,1.8048220000000001,0.380141,GBR,CZE,291830
11611187,102,59,6238,2011,0.0,33383.0,1.486592,0.805642,HUN,CZE,291830
11611188,104,59,6238,2011,7683.0,0.0,0.18276199999999998,2.398765,IND,CZE,291830
11611189,111,59,6238,2011,19056.0,24854.0,1.298751,0.48013599999999995,ITA,CZE,291830
11611190,114,59,6238,2011,0.0,4423.0,2.516395,-0.534301,JPN,CZE,291830
11611191,121,59,6238,2011,0.0,3118.0,1.731371,0.8306879999999999,KOR,CZE,291830
11611192,231,59,6238,2011,8714.0,1634.0,1.6884849999999998,-0.474499,USA,CZE,291830
11611193,249,59,6238,2011,115017.0,0.0,1.803234,0.921233,TWN,CZE,291830
11611194,8,61,6238,2011,0.0,38431.0,0.240494,0.540376,ARG,DEU,291830
11611195,14,61,6238,2011,0.0,17913.0,-0.138148,0.002999,AUS,DEU,291830
11611196,15,61,6238,2011,279120.0,183472.0,1.687634,-0.229095,AUT,DEU,291830
11611197,18,61,6238,2011,837126.0,571604.0,1.221703,1.247961,BEL,DEU,291830
11611198,22,61,6238,2011,0.0,28335.0,-1.074416,-0.8276370000000001,BGD,DEU,291830
11611199,23,61,6238,2011,0.0,21253.0,0.537967,1.520973,BGR,DEU,291830
11611200,28,61,6238,2011,0.0,14698.0,0.8786729999999999,0.442097,BLR,DEU,291830
11611201,32,61,6238,2011,0.0,2638562.0,0.27718400000000004,0.5674319999999999,BRA,DEU,291830
11611202,39,61,6238,2011,0.0,5958.0,0.754813,1.1967290000000002,CAN,DEU,291830
11611203,41,61,6238,2011,16016424.0,1831517.0,2.2644029999999997,0.406131,CHE,DEU,291830
11611204,42,61,6238,2011,0.0,26744.0,-0.199877,-0.353009,CHL,DEU,291830
11611205,43,61,6238,2011,10246395.0,13181980.0,1.072299,1.686826,CHN,DEU,291830
11611206,49,61,6238,2011,0.0,19988.0,0.14336600000000002,-0.22996,COL,DEU,291830
11611207,54,61,6238,2011,0.0,8116.0,-0.050093,-0.88759,CUB,DEU,291830
11611208,59,61,6238,2011,35328.0,65835.0,1.737788,0.14741600000000002,CZE,DEU,291830
11611209,64,61,6238,2011,0.0,592408.0,1.156026,1.2248299999999999,DNK,DEU,291830
11611210,66,61,6238,2011,0.0,190628.0,-1.36763,-1.140594,DZA,DEU,291830
11611211,68,61,6238,2011,0.0,175938.0,-0.166243,1.384719,EGY,DEU,291830
11611212,71,61,6238,2011,3091936.0,3280681.0,0.8677290000000001,2.4618450000000003,ESP,DEU,291830
11611213,72,61,6238,2011,0.0,2033.0,0.9806790000000001,1.110449,EST,DEU,291830
11611214,74,61,6238,2011,0.0,92452.0,1.7488830000000002,0.890934,FIN,DEU,291830
11611215,77,61,6238,2011,5311875.0,15695837.0,1.532054,0.09339299999999999,FRA,DEU,291830
11611216,81,61,6238,2011,600042.0,665363.0,1.8048220000000001,0.380141,GBR,DEU,291830
11611217,83,61,6238,2011,0.0,35162.0,-0.8627319999999999,-0.608823,GHA,DEU,291830
11611218,90,61,6238,2011,0.0,8864.0,0.138679,1.30044,GRC,DEU,291830
11611219,93,61,6238,2011,0.0,8636.0,-0.329497,0.775369,GTM,DEU,291830
11611220,97,61,6238,2011,402280.0,6030.0,0.663588,1.902118,HKG,DEU,291830
11611221,100,61,6238,2011,0.0,112273.0,0.868294,0.9424299999999999,HRV,DEU,291830
11611222,102,61,6238,2011,9018.0,183619.0,1.486592,0.805642,HUN,DEU,291830
11611223,103,61,6238,2011,0.0,128565.0,-0.234125,1.168384,IDN,DEU,291830
11611224,104,61,6238,2011,2148601.0,144203.0,0.18276199999999998,2.398765,IND,DEU,291830
11611225,106,61,6238,2011,0.0,84696.0,1.403182,0.290245,IRL,DEU,291830
11611226,107,61,6238,2011,0.0,16045.0,-0.915379,-0.973194,IRN,DEU,291830
11611227,109,61,6238,2011,0.0,924.0,0.284202,-0.23753000000000002,ISL,DEU,291830
11611228,110,61,6238,2011,16135.0,27861.0,1.324384,0.714611,ISR,DEU,291830
11611229,111,61,6238,2011,668221.0,1495202.0,1.298751,0.48013599999999995,ITA,DEU,291830
11611230,113,61,6238,2011,0.0,944.0,0.231605,0.47049399999999997,JOR,DEU,291830
11611231,114,61,6238,2011,1680526.0,7985478.0,2.516395,-0.534301,JPN,DEU,291830
11611232,121,61,6238,2011,0.0,66372.0,1.731371,0.8306879999999999,KOR,DEU,291830
11611233,130,61,6238,2011,0.0,989.0,0.747963,0.9759530000000001,LTU,DEU,291830
11611234,132,61,6238,2011,0.0,1784.0,0.7320939999999999,1.101321,LVA,DEU,291830
11611235,134,61,6238,2011,0.0,621435.0,-0.485404,0.099828,MAR,DEU,291830
11611236,138,61,6238,2011,0.0,167401.0,0.9534600000000001,0.706982,MEX,DEU,291830
11611237,140,61,6238,2011,0.0,1134.0,-0.12310499999999999,0.16392,MKD,DEU,291830
11611238,153,61,6238,2011,0.0,1842.0,0.9893290000000001,0.632079,MYS,DEU,291830
11611239,159,61,6238,2011,0.0,15892.0,-1.699286,-1.15511,NGA,DEU,291830
11611240,162,61,6238,2011,1088773.0,455925.0,1.1655229999999999,1.410167,NLD,DEU,291830
11611241,163,61,6238,2011,0.0,3339.0,0.8492770000000001,0.050044,NOR,DEU,291830
11611242,166,61,6238,2011,217765.0,21547.0,0.372732,0.548601,NZL,DEU,291830
11611243,168,61,6238,2011,0.0,167228.0,-0.729677,0.6026729999999999,PAK,DEU,291830
11611244,173,61,6238,2011,0.0,49416.0,-0.455977,0.442543,PER,DEU,291830
11611245,177,61,6238,2011,12943.0,839848.0,1.133641,1.134203,POL,DEU,291830
11611246,179,61,6238,2011,0.0,1761401.0,0.558481,2.7056240000000003,PRT,DEU,291830
11611247,185,61,6238,2011,168245.0,128539.0,0.722,1.296655,ROU,DEU,291830
11611248,186,61,6238,2011,0.0,291840.0,0.47319399999999995,-0.20801599999999998,RUS,DEU,291830
11611249,188,61,6238,2011,0.0,6526.0,0.354045,-0.800028,SAU,DEU,291830
11611250,191,61,6238,2011,0.0,14244.0,-0.624346,-0.308052,SEN,DEU,291830
11611251,192,61,6238,2011,0.0,264463.0,1.849116,0.52127,SGP,DEU,291830
11611252,201,61,6238,2011,0.0,1145.0,0.49055699999999997,1.5601399999999999,SRB,DEU,291830
11611253,206,61,6238,2011,0.0,1282.0,1.262897,0.8230569999999999,SVK,DEU,291830
11611254,207,61,6238,2011,0.0,30025.0,1.642913,0.700222,SVN,DEU,291830
11611255,208,61,6238,2011,5629.0,899492.0,1.857146,0.366159,SWE,DEU,291830
11611256,216,61,6238,2011,0.0,53894.0,0.889009,1.503118,THA,DEU,291830
11611257,222,61,6238,2011,0.0,4020.0,-0.44228,-1.031793,TTO,DEU,291830
11611258,223,61,6238,2011,0.0,145336.0,0.151221,1.1252360000000001,TUN,DEU,291830
11611259,224,61,6238,2011,0.0,1617331.0,0.45775,2.4316259999999996,TUR,DEU,291830
11611260,228,61,6238,2011,0.0,3353.0,0.6221409999999999,0.765505,UKR,DEU,291830
11611261,230,61,6238,2011,0.0,1577.0,0.313195,0.042866,URY,DEU,291830
11611262,231,61,6238,2011,5476112.0,459622.0,1.6884849999999998,-0.474499,USA,DEU,291830
11611263,236,61,6238,2011,0.0,279012.0,-0.841147,-1.095636,VEN,DEU,291830
11611264,239,61,6238,2011,0.0,12701.0,-0.184453,1.637207,VNM,DEU,291830
11611265,246,61,6238,2011,0.0,43148.0,0.241792,1.353011,ZAF,DEU,291830
11611266,249,61,6238,2011,541408.0,15752.0,1.803234,0.921233,TWN,DEU,291830
11611267,43,64,6238,2011,496918.0,0.0,1.072299,1.686826,CHN,DNK,291830
11611268,61,64,6238,2011,592408.0,0.0,2.074435,-3.440815,DEU,DNK,291830
11611269,71,64,6238,2011,16443.0,0.0,0.8677290000000001,2.4618450000000003,ESP,DNK,291830
11611270,77,64,6238,2011,55469.0,22091.0,1.532054,0.09339299999999999,FRA,DNK,291830
11611271,81,64,6238,2011,81142.0,1785.0,1.8048220000000001,0.380141,GBR,DNK,291830
11611272,90,64,6238,2011,0.0,1039.0,0.138679,1.30044,GRC,DNK,291830
11611273,104,64,6238,2011,18774.0,0.0,0.18276199999999998,2.398765,IND,DNK,291830
11611274,162,64,6238,2011,42708.0,0.0,1.1655229999999999,1.410167,NLD,DNK,291830
11611275,179,64,6238,2011,0.0,992.0,0.558481,2.7056240000000003,PRT,DNK,291830
11611276,231,64,6238,2011,115846.0,0.0,1.6884849999999998,-0.474499,USA,DNK,291830
11611277,93,65,6238,2011,4981.0,0.0,-0.329497,0.775369,GTM,DOM,291830
11611278,104,65,6238,2011,3890.0,0.0,0.18276199999999998,2.398765,IND,DOM,291830
11611279,111,65,6238,2011,2836.0,0.0,1.298751,0.48013599999999995,ITA,DOM,291830
11611280,231,65,6238,2011,17914.0,0.0,1.6884849999999998,-0.474499,USA,DOM,291830
11611281,43,67,6238,2011,1347.0,0.0,1.072299,1.686826,CHN,ECU,291830
11611282,81,67,6238,2011,1615.0,0.0,1.8048220000000001,0.380141,GBR,ECU,291830
11611283,114,67,6238,2011,1997.0,0.0,2.516395,-0.534301,JPN,ECU,291830
11611284,166,67,6238,2011,19186.0,0.0,0.372732,0.548601,NZL,ECU,291830
11611285,231,67,6238,2011,6885.0,0.0,1.6884849999999998,-0.474499,USA,ECU,291830
11611286,5,71,6238,2011,0.0,4613.0,0.787289,0.484512,AND,ESP,291830
11611287,8,71,6238,2011,0.0,846525.0,0.240494,0.540376,ARG,ESP,291830
11611288,14,71,6238,2011,0.0,2421.0,-0.138148,0.002999,AUS,ESP,291830
11611289,15,71,6238,2011,0.0,7462.0,1.687634,-0.229095,AUT,ESP,291830
11611290,18,71,6238,2011,225060.0,0.0,1.221703,1.247961,BEL,ESP,291830
11611291,31,71,6238,2011,0.0,2713.0,-0.818593,-0.8701770000000001,BOL,ESP,291830
11611292,32,71,6238,2011,0.0,2720281.0,0.27718400000000004,0.5674319999999999,BRA,ESP,291830
11611293,39,71,6238,2011,0.0,5002.0,0.754813,1.1967290000000002,CAN,ESP,291830
11611294,41,71,6238,2011,122036.0,42465.0,2.2644029999999997,0.406131,CHE,ESP,291830
11611295,42,71,6238,2011,0.0,3090.0,-0.199877,-0.353009,CHL,ESP,291830
11611296,43,71,6238,2011,9139722.0,1086998.0,1.072299,1.686826,CHN,ESP,291830
11611297,49,71,6238,2011,0.0,37956.0,0.14336600000000002,-0.22996,COL,ESP,291830
11611298,61,71,6238,2011,3280681.0,3091936.0,2.074435,-3.440815,DEU,ESP,291830
11611299,64,71,6238,2011,0.0,16443.0,1.156026,1.2248299999999999,DNK,ESP,291830
11611300,66,71,6238,2011,0.0,4267.0,-1.36763,-1.140594,DZA,ESP,291830
11611301,68,71,6238,2011,0.0,9776.0,-0.166243,1.384719,EGY,ESP,291830
11611302,77,71,6238,2011,18386270.0,5113402.0,1.532054,0.09339299999999999,FRA,ESP,291830
11611303,81,71,6238,2011,63449.0,3727828.0,1.8048220000000001,0.380141,GBR,ESP,291830
11611304,90,71,6238,2011,0.0,42407.0,0.138679,1.30044,GRC,ESP,291830
11611305,93,71,6238,2011,0.0,3551.0,-0.329497,0.775369,GTM,ESP,291830
11611306,103,71,6238,2011,0.0,271962.0,-0.234125,1.168384,IDN,ESP,291830
11611307,104,71,6238,2011,54645.0,96438.0,0.18276199999999998,2.398765,IND,ESP,291830
11611308,106,71,6238,2011,345907.0,0.0,1.403182,0.290245,IRL,ESP,291830
11611309,110,71,6238,2011,0.0,49982.0,1.324384,0.714611,ISR,ESP,291830
11611310,111,71,6238,2011,12021463.0,933953.0,1.298751,0.48013599999999995,ITA,ESP,291830
11611311,114,71,6238,2011,1105915.0,3062310.0,2.516395,-0.534301,JPN,ESP,291830
11611312,121,71,6238,2011,0.0,11433.0,1.731371,0.8306879999999999,KOR,ESP,291830
11611313,122,71,6238,2011,0.0,6580.0,-0.898582,-1.09893,KWT,ESP,291830
11611314,130,71,6238,2011,0.0,5034.0,0.747963,0.9759530000000001,LTU,ESP,291830
11611315,138,71,6238,2011,0.0,545656.0,0.9534600000000001,0.706982,MEX,ESP,291830
11611316,162,71,6238,2011,277285.0,11688374.0,1.1655229999999999,1.410167,NLD,ESP,291830
11611317,173,71,6238,2011,0.0,3557.0,-0.455977,0.442543,PER,ESP,291830
11611318,177,71,6238,2011,0.0,171887.0,1.133641,1.134203,POL,ESP,291830
11611319,179,71,6238,2011,0.0,8833.0,0.558481,2.7056240000000003,PRT,ESP,291830
11611320,180,71,6238,2011,0.0,3654.0,-0.548759,-0.877743,PRY,ESP,291830
11611321,186,71,6238,2011,0.0,1171.0,0.47319399999999995,-0.20801599999999998,RUS,ESP,291830
11611322,192,71,6238,2011,0.0,1676510.0,1.849116,0.52127,SGP,ESP,291830
11611323,207,71,6238,2011,0.0,6369.0,1.642913,0.700222,SVN,ESP,291830
11611324,216,71,6238,2011,0.0,7641.0,0.889009,1.503118,THA,ESP,291830
11611325,223,71,6238,2011,0.0,24635.0,0.151221,1.1252360000000001,TUN,ESP,291830
11611326,224,71,6238,2011,0.0,1668710.0,0.45775,2.4316259999999996,TUR,ESP,291830
11611327,231,71,6238,2011,885045.0,3387870.0,1.6884849999999998,-0.474499,USA,ESP,291830
11611328,236,71,6238,2011,0.0,111620.0,-0.841147,-1.095636,VEN,ESP,291830
11611329,246,71,6238,2011,0.0,1800.0,0.241792,1.353011,ZAF,ESP,291830
11611330,249,71,6238,2011,108658.0,9769.0,1.803234,0.921233,TWN,ESP,291830
11611331,15,74,6238,2011,0.0,62443.0,1.687634,-0.229095,AUT,FIN,291830
11611332,18,74,6238,2011,950.0,0.0,1.221703,1.247961,BEL,FIN,291830
11611333,41,74,6238,2011,0.0,236600.0,2.2644029999999997,0.406131,CHE,FIN,291830
11611334,43,74,6238,2011,52996.0,0.0,1.072299,1.686826,CHN,FIN,291830
11611335,61,74,6238,2011,92452.0,0.0,2.074435,-3.440815,DEU,FIN,291830
11611336,77,74,6238,2011,82654.0,0.0,1.532054,0.09339299999999999,FRA,FIN,291830
11611337,104,74,6238,2011,30036.0,114590.0,0.18276199999999998,2.398765,IND,FIN,291830
11611338,111,74,6238,2011,257538.0,0.0,1.298751,0.48013599999999995,ITA,FIN,291830
11611339,114,74,6238,2011,23593.0,0.0,2.516395,-0.534301,JPN,FIN,291830
11611340,208,74,6238,2011,1087.0,4684.0,1.857146,0.366159,SWE,FIN,291830
11611341,5,77,6238,2011,0.0,3477.0,0.787289,0.484512,AND,FRA,291830
11611342,7,77,6238,2011,0.0,68065.0,0.030652,-0.450808,ARE,FRA,291830
11611343,8,77,6238,2011,0.0,7425.0,0.240494,0.540376,ARG,FRA,291830
11611344,15,77,6238,2011,0.0,202896.0,1.687634,-0.229095,AUT,FRA,291830
11611345,16,77,6238,2011,0.0,13018.0,-1.313136,-1.189989,AZE,FRA,291830
11611346,18,77,6238,2011,671747.0,131532.0,1.221703,1.247961,BEL,FRA,291830
11611347,23,77,6238,2011,0.0,7302.0,0.537967,1.520973,BGR,FRA,291830
11611348,26,77,6238,2011,0.0,930.0,0.391425,0.6066600000000001,BIH,FRA,291830
11611349,31,77,6238,2011,0.0,6145.0,-0.818593,-0.8701770000000001,BOL,FRA,291830
11611350,32,77,6238,2011,0.0,359964.0,0.27718400000000004,0.5674319999999999,BRA,FRA,291830
11611351,39,77,6238,2011,3196.0,2660.0,0.754813,1.1967290000000002,CAN,FRA,291830
11611352,41,77,6238,2011,9225192.0,1372293.0,2.2644029999999997,0.406131,CHE,FRA,291830
11611353,42,77,6238,2011,0.0,1138.0,-0.199877,-0.353009,CHL,FRA,291830
11611354,43,77,6238,2011,4488533.0,195346.0,1.072299,1.686826,CHN,FRA,291830
11611355,54,77,6238,2011,0.0,26624.0,-0.050093,-0.88759,CUB,FRA,291830
11611356,59,77,6238,2011,147867.0,7972.0,1.737788,0.14741600000000002,CZE,FRA,291830
11611357,61,77,6238,2011,15695837.0,5311875.0,2.074435,-3.440815,DEU,FRA,291830
11611358,64,77,6238,2011,22091.0,55469.0,1.156026,1.2248299999999999,DNK,FRA,291830
11611359,66,77,6238,2011,0.0,418292.0,-1.36763,-1.140594,DZA,FRA,291830
11611360,68,77,6238,2011,0.0,349660.0,-0.166243,1.384719,EGY,FRA,291830
11611361,71,77,6238,2011,5113402.0,18386270.0,0.8677290000000001,2.4618450000000003,ESP,FRA,291830
11611362,72,77,6238,2011,0.0,2376.0,0.9806790000000001,1.110449,EST,FRA,291830
11611363,74,77,6238,2011,0.0,82654.0,1.7488830000000002,0.890934,FIN,FRA,291830
11611364,81,77,6238,2011,257884.0,4426095.0,1.8048220000000001,0.380141,GBR,FRA,291830
11611365,90,77,6238,2011,0.0,14847.0,0.138679,1.30044,GRC,FRA,291830
11611366,100,77,6238,2011,0.0,122699.0,0.868294,0.9424299999999999,HRV,FRA,291830
11611367,103,77,6238,2011,0.0,64739.0,-0.234125,1.168384,IDN,FRA,291830
11611368,104,77,6238,2011,1607985.0,322073.0,0.18276199999999998,2.398765,IND,FRA,291830
11611369,107,77,6238,2011,0.0,1289.0,-0.915379,-0.973194,IRN,FRA,291830
11611370,110,77,6238,2011,1270.0,906.0,1.324384,0.714611,ISR,FRA,291830
11611371,111,77,6238,2011,407019.0,1350302.0,1.298751,0.48013599999999995,ITA,FRA,291830
11611372,114,77,6238,2011,391733.0,1309578.0,2.516395,-0.534301,JPN,FRA,291830
11611373,115,77,6238,2011,0.0,2533.0,-0.514687,-0.775671,KAZ,FRA,291830
11611374,121,77,6238,2011,0.0,2353.0,1.731371,0.8306879999999999,KOR,FRA,291830
11611375,124,77,6238,2011,0.0,18362.0,0.278393,1.2962879999999999,LBN,FRA,291830
11611376,134,77,6238,2011,0.0,76021.0,-0.485404,0.099828,MAR,FRA,291830
11611377,138,77,6238,2011,0.0,268538.0,0.9534600000000001,0.706982,MEX,FRA,291830
11611378,142,77,6238,2011,0.0,1981.0,1.3001340000000001,0.22605799999999998,MLT,FRA,291830
11611379,151,77,6238,2011,0.0,1958.0,-0.09464600000000001,0.091177,MUS,FRA,291830
11611380,162,77,6238,2011,49092.0,136476.0,1.1655229999999999,1.410167,NLD,FRA,291830
11611381,163,77,6238,2011,0.0,1890730.0,0.8492770000000001,0.050044,NOR,FRA,291830
11611382,166,77,6238,2011,69100.0,0.0,0.372732,0.548601,NZL,FRA,291830
11611383,177,77,6238,2011,0.0,10401.0,1.133641,1.134203,POL,FRA,291830
11611384,179,77,6238,2011,0.0,5369.0,0.558481,2.7056240000000003,PRT,FRA,291830
11611385,185,77,6238,2011,42550.0,0.0,0.722,1.296655,ROU,FRA,291830
11611386,192,77,6238,2011,0.0,422153.0,1.849116,0.52127,SGP,FRA,291830
11611387,208,77,6238,2011,0.0,3776932.0,1.857146,0.366159,SWE,FRA,291830
11611388,212,77,6238,2011,0.0,49893.0,-0.604133,0.5268970000000001,SYR,FRA,291830
11611389,216,77,6238,2011,0.0,91790.0,0.889009,1.503118,THA,FRA,291830
11611390,223,77,6238,2011,0.0,392428.0,0.151221,1.1252360000000001,TUN,FRA,291830
11611391,224,77,6238,2011,0.0,56783.0,0.45775,2.4316259999999996,TUR,FRA,291830
11611392,230,77,6238,2011,0.0,1785.0,0.313195,0.042866,URY,FRA,291830
11611393,231,77,6238,2011,9658793.0,4789054.0,1.6884849999999998,-0.474499,USA,FRA,291830
11611394,236,77,6238,2011,0.0,442922.0,-0.841147,-1.095636,VEN,FRA,291830
11611395,239,77,6238,2011,0.0,15199.0,-0.184453,1.637207,VNM,FRA,291830
11611396,246,77,6238,2011,0.0,4900.0,0.241792,1.353011,ZAF,FRA,291830
11611397,249,77,6238,2011,56365.0,11738.0,1.803234,0.921233,TWN,FRA,291830
11611398,250,77,6238,2011,10035.0,0.0,0.475638,-0.160135,ANS,FRA,291830
11611399,15,81,6238,2011,0.0,3844.0,1.687634,-0.229095,AUT,GBR,291830
11611400,18,81,6238,2011,61531.0,193869.0,1.221703,1.247961,BEL,GBR,291830
11611401,28,81,6238,2011,0.0,691.0,0.8786729999999999,0.442097,BLR,GBR,291830
11611402,32,81,6238,2011,0.0,11205.0,0.27718400000000004,0.5674319999999999,BRA,GBR,291830
11611403,39,81,6238,2011,4519.0,2326.0,0.754813,1.1967290000000002,CAN,GBR,291830
11611404,41,81,6238,2011,87447.0,26012.0,2.2644029999999997,0.406131,CHE,GBR,291830
11611405,43,81,6238,2011,1431560.0,37641.0,1.072299,1.686826,CHN,GBR,291830
11611406,59,81,6238,2011,5247.0,1876.0,1.737788,0.14741600000000002,CZE,GBR,291830
11611407,61,81,6238,2011,665363.0,600042.0,2.074435,-3.440815,DEU,GBR,291830
11611408,64,81,6238,2011,1785.0,81142.0,1.156026,1.2248299999999999,DNK,GBR,291830
11611409,67,81,6238,2011,0.0,1615.0,-0.8250639999999999,-0.839082,ECU,GBR,291830
11611410,68,81,6238,2011,0.0,6608.0,-0.166243,1.384719,EGY,GBR,291830
11611411,71,81,6238,2011,3727828.0,63449.0,0.8677290000000001,2.4618450000000003,ESP,GBR,291830
11611412,72,81,6238,2011,0.0,2023.0,0.9806790000000001,1.110449,EST,GBR,291830
11611413,77,81,6238,2011,4426095.0,257884.0,1.532054,0.09339299999999999,FRA,GBR,291830
11611414,102,81,6238,2011,6049.0,9305.0,1.486592,0.805642,HUN,GBR,291830
11611415,104,81,6238,2011,34939.0,83586.0,0.18276199999999998,2.398765,IND,GBR,291830
11611416,106,81,6238,2011,22907.0,62582.0,1.403182,0.290245,IRL,GBR,291830
11611417,110,81,6238,2011,0.0,1513.0,1.324384,0.714611,ISR,GBR,291830
11611418,111,81,6238,2011,49403.0,23578.0,1.298751,0.48013599999999995,ITA,GBR,291830
11611419,113,81,6238,2011,0.0,3364.0,0.231605,0.47049399999999997,JOR,GBR,291830
11611420,114,81,6238,2011,634512.0,9045.0,2.516395,-0.534301,JPN,GBR,291830
11611421,121,81,6238,2011,0.0,40641.0,1.731371,0.8306879999999999,KOR,GBR,291830
11611422,132,81,6238,2011,0.0,18500.0,0.7320939999999999,1.101321,LVA,GBR,291830
11611423,153,81,6238,2011,0.0,4362.0,0.9893290000000001,0.632079,MYS,GBR,291830
11611424,159,81,6238,2011,0.0,4421804.0,-1.699286,-1.15511,NGA,GBR,291830
11611425,162,81,6238,2011,618460.0,71835.0,1.1655229999999999,1.410167,NLD,GBR,291830
11611426,163,81,6238,2011,0.0,1257.0,0.8492770000000001,0.050044,NOR,GBR,291830
11611427,166,81,6238,2011,55248.0,0.0,0.372732,0.548601,NZL,GBR,291830
11611428,168,81,6238,2011,0.0,5737.0,-0.729677,0.6026729999999999,PAK,GBR,291830
11611429,177,81,6238,2011,0.0,103030.0,1.133641,1.134203,POL,GBR,291830
11611430,179,81,6238,2011,0.0,2945.0,0.558481,2.7056240000000003,PRT,GBR,291830
11611431,185,81,6238,2011,0.0,22212.0,0.722,1.296655,ROU,GBR,291830
11611432,186,81,6238,2011,1583.0,2163.0,0.47319399999999995,-0.20801599999999998,RUS,GBR,291830
11611433,192,81,6238,2011,0.0,8103.0,1.849116,0.52127,SGP,GBR,291830
11611434,199,81,6238,2011,0.0,1959.0,-1.509242,-0.8817309999999999,SOM,GBR,291830
11611435,208,81,6238,2011,3043.0,46806.0,1.857146,0.366159,SWE,GBR,291830
11611436,222,81,6238,2011,0.0,16220.0,-0.44228,-1.031793,TTO,GBR,291830
11611437,224,81,6238,2011,0.0,7752.0,0.45775,2.4316259999999996,TUR,GBR,291830
11611438,228,81,6238,2011,0.0,1147.0,0.6221409999999999,0.765505,UKR,GBR,291830
11611439,231,81,6238,2011,187090.0,272864.0,1.6884849999999998,-0.474499,USA,GBR,291830
11611440,246,81,6238,2011,0.0,1934.0,0.241792,1.353011,ZAF,GBR,291830
11611441,249,81,6238,2011,120331.0,134012.0,1.803234,0.921233,TWN,GBR,291830
11611442,43,90,6238,2011,34624.0,0.0,1.072299,1.686826,CHN,GRC,291830
11611443,61,90,6238,2011,8864.0,0.0,2.074435,-3.440815,DEU,GRC,291830
11611444,64,90,6238,2011,1039.0,0.0,1.156026,1.2248299999999999,DNK,GRC,291830
11611445,71,90,6238,2011,42407.0,0.0,0.8677290000000001,2.4618450000000003,ESP,GRC,291830
11611446,77,90,6238,2011,14847.0,0.0,1.532054,0.09339299999999999,FRA,GRC,291830
11611447,111,90,6238,2011,70812.0,0.0,1.298751,0.48013599999999995,ITA,GRC,291830
11611448,18,93,6238,2011,3317.0,0.0,1.221703,1.247961,BEL,GTM,291830
11611449,41,93,6238,2011,8763.0,0.0,2.2644029999999997,0.406131,CHE,GTM,291830
11611450,43,93,6238,2011,47686.0,0.0,1.072299,1.686826,CHN,GTM,291830
11611451,49,93,6238,2011,0.0,49398.0,0.14336600000000002,-0.22996,COL,GTM,291830
11611452,61,93,6238,2011,8636.0,0.0,2.074435,-3.440815,DEU,GTM,291830
11611453,65,93,6238,2011,0.0,4981.0,-0.260653,0.5682010000000001,DOM,GTM,291830
11611454,71,93,6238,2011,3551.0,0.0,0.8677290000000001,2.4618450000000003,ESP,GTM,291830
11611455,97,93,6238,2011,2175.0,0.0,0.663588,1.902118,HKG,GTM,291830
11611456,104,93,6238,2011,1780.0,0.0,0.18276199999999998,2.398765,IND,GTM,291830
11611457,138,93,6238,2011,2100.0,0.0,0.9534600000000001,0.706982,MEX,GTM,291830
11611458,162,93,6238,2011,766.0,0.0,1.1655229999999999,1.410167,NLD,GTM,291830
11611459,169,93,6238,2011,26628.0,0.0,0.786135,1.061008,PAN,GTM,291830
11611460,231,93,6238,2011,19237.0,0.0,1.6884849999999998,-0.474499,USA,GTM,291830
11611461,231,96,6238,2011,13867.0,0.0,1.6884849999999998,-0.474499,USA,GUY,291830
11611462,18,97,6238,2011,1575.0,0.0,1.221703,1.247961,BEL,HKG,291830
11611463,32,97,6238,2011,0.0,131028.0,0.27718400000000004,0.5674319999999999,BRA,HKG,291830
11611464,43,97,6238,2011,728802.0,38974.0,1.072299,1.686826,CHN,HKG,291830
11611465,61,97,6238,2011,6030.0,402280.0,2.074435,-3.440815,DEU,HKG,291830
11611466,93,97,6238,2011,0.0,2175.0,-0.329497,0.775369,GTM,HKG,291830
11611467,104,97,6238,2011,13564.0,505201.0,0.18276199999999998,2.398765,IND,HKG,291830
11611468,114,97,6238,2011,165674.0,0.0,2.516395,-0.534301,JPN,HKG,291830
11611469,121,97,6238,2011,0.0,5421.0,1.731371,0.8306879999999999,KOR,HKG,291830
11611470,143,97,6238,2011,0.0,2098.0,-1.3557190000000001,-0.929934,MMR,HKG,291830
11611471,153,97,6238,2011,0.0,2076.0,0.9893290000000001,0.632079,MYS,HKG,291830
11611472,162,97,6238,2011,0.0,59937.0,1.1655229999999999,1.410167,NLD,HKG,291830
11611473,166,97,6238,2011,1995.0,0.0,0.372732,0.548601,NZL,HKG,291830
11611474,186,97,6238,2011,0.0,1643.0,0.47319399999999995,-0.20801599999999998,RUS,HKG,291830
11611475,230,97,6238,2011,0.0,17319.0,0.313195,0.042866,URY,HKG,291830
11611476,231,97,6238,2011,56070.0,73418.0,1.6884849999999998,-0.474499,USA,HKG,291830
11611477,249,97,6238,2011,20939.0,10178.0,1.803234,0.921233,TWN,HKG,291830
11611478,43,99,6238,2011,4442.0,0.0,1.072299,1.686826,CHN,HND,291830
11611479,231,99,6238,2011,11825.0,0.0,1.6884849999999998,-0.474499,USA,HND,291830
11611480,14,103,6238,2011,4056.0,0.0,-0.138148,0.002999,AUS,IDN,291830
11611481,15,103,6238,2011,961.0,0.0,1.687634,-0.229095,AUT,IDN,291830
11611482,32,103,6238,2011,2389.0,0.0,0.27718400000000004,0.5674319999999999,BRA,IDN,291830
11611483,41,103,6238,2011,67513.0,0.0,2.2644029999999997,0.406131,CHE,IDN,291830
11611484,43,103,6238,2011,9552963.0,5658.0,1.072299,1.686826,CHN,IDN,291830
11611485,61,103,6238,2011,128565.0,0.0,2.074435,-3.440815,DEU,IDN,291830
11611486,71,103,6238,2011,271962.0,0.0,0.8677290000000001,2.4618450000000003,ESP,IDN,291830
11611487,77,103,6238,2011,64739.0,0.0,1.532054,0.09339299999999999,FRA,IDN,291830
11611488,104,103,6238,2011,12338.0,52700.0,0.18276199999999998,2.398765,IND,IDN,291830
11611489,111,103,6238,2011,562793.0,0.0,1.298751,0.48013599999999995,ITA,IDN,291830
11611490,114,103,6238,2011,2930228.0,0.0,2.516395,-0.534301,JPN,IDN,291830
11611491,121,103,6238,2011,5088.0,0.0,1.731371,0.8306879999999999,KOR,IDN,291830
11611492,128,103,6238,2011,0.0,86402.0,-0.559311,0.398905,LKA,IDN,291830
11611493,143,103,6238,2011,0.0,5178.0,-1.3557190000000001,-0.929934,MMR,IDN,291830
11611494,162,103,6238,2011,7403.0,0.0,1.1655229999999999,1.410167,NLD,IDN,291830
11611495,192,103,6238,2011,109706.0,2856.0,1.849116,0.52127,SGP,IDN,291830
11611496,216,103,6238,2011,0.0,57428.0,0.889009,1.503118,THA,IDN,291830
11611497,231,103,6238,2011,85723.0,0.0,1.6884849999999998,-0.474499,USA,IDN,291830
11611498,249,103,6238,2011,32580.0,0.0,1.803234,0.921233,TWN,IDN,291830
11611499,7,104,6238,2011,29954.0,380777.0,0.030652,-0.450808,ARE,IND,291830
11611500,8,104,6238,2011,0.0,97525.0,0.240494,0.540376,ARG,IND,291830
11611501,14,104,6238,2011,79727.0,0.0,-0.138148,0.002999,AUS,IND,291830
11611502,15,104,6238,2011,3486431.0,0.0,1.687634,-0.229095,AUT,IND,291830
11611503,18,104,6238,2011,4198.0,1146243.0,1.221703,1.247961,BEL,IND,291830
11611504,22,104,6238,2011,0.0,152600.0,-1.074416,-0.8276370000000001,BGD,IND,291830
11611505,23,104,6238,2011,0.0,4526.0,0.537967,1.520973,BGR,IND,291830
11611506,32,104,6238,2011,46596.0,53241.0,0.27718400000000004,0.5674319999999999,BRA,IND,291830
11611507,33,104,6238,2011,0.0,942.0,0.445982,0.204672,BRB,IND,291830
11611508,39,104,6238,2011,6674.0,53279.0,0.754813,1.1967290000000002,CAN,IND,291830
11611509,41,104,6238,2011,974984.0,441418.0,2.2644029999999997,0.406131,CHE,IND,291830
11611510,42,104,6238,2011,0.0,34096.0,-0.199877,-0.353009,CHL,IND,291830
11611511,43,104,6238,2011,26313102.0,2901.0,1.072299,1.686826,CHN,IND,291830
11611512,49,104,6238,2011,0.0,98826.0,0.14336600000000002,-0.22996,COL,IND,291830
11611513,52,104,6238,2011,0.0,1587.0,0.04325,-0.553193,CRI,IND,291830
11611514,54,104,6238,2011,0.0,118120.0,-0.050093,-0.88759,CUB,IND,291830
11611515,58,104,6238,2011,0.0,41155.0,0.798165,0.424179,CYP,IND,291830
11611516,59,104,6238,2011,0.0,7683.0,1.737788,0.14741600000000002,CZE,IND,291830
11611517,61,104,6238,2011,144203.0,2148601.0,2.074435,-3.440815,DEU,IND,291830
11611518,62,104,6238,2011,0.0,4876.0,-0.6224529999999999,-0.7357739999999999,DJI,IND,291830
11611519,64,104,6238,2011,0.0,18774.0,1.156026,1.2248299999999999,DNK,IND,291830
11611520,65,104,6238,2011,0.0,3890.0,-0.260653,0.5682010000000001,DOM,IND,291830
11611521,68,104,6238,2011,0.0,49496.0,-0.166243,1.384719,EGY,IND,291830
11611522,71,104,6238,2011,96438.0,54645.0,0.8677290000000001,2.4618450000000003,ESP,IND,291830
11611523,74,104,6238,2011,114590.0,30036.0,1.7488830000000002,0.890934,FIN,IND,291830
11611524,77,104,6238,2011,322073.0,1607985.0,1.532054,0.09339299999999999,FRA,IND,291830
11611525,81,104,6238,2011,83586.0,34939.0,1.8048220000000001,0.380141,GBR,IND,291830
11611526,93,104,6238,2011,0.0,1780.0,-0.329497,0.775369,GTM,IND,291830
11611527,97,104,6238,2011,505201.0,13564.0,0.663588,1.902118,HKG,IND,291830
11611528,102,104,6238,2011,0.0,156748.0,1.486592,0.805642,HUN,IND,291830
11611529,103,104,6238,2011,52700.0,12338.0,-0.234125,1.168384,IDN,IND,291830
11611530,106,104,6238,2011,48172.0,30070.0,1.403182,0.290245,IRL,IND,291830
11611531,107,104,6238,2011,0.0,33023.0,-0.915379,-0.973194,IRN,IND,291830
11611532,110,104,6238,2011,961.0,14735.0,1.324384,0.714611,ISR,IND,291830
11611533,111,104,6238,2011,13281.0,175932.0,1.298751,0.48013599999999995,ITA,IND,291830
11611534,113,104,6238,2011,0.0,131169.0,0.231605,0.47049399999999997,JOR,IND,291830
11611535,114,104,6238,2011,1151625.0,64522.0,2.516395,-0.534301,JPN,IND,291830
11611536,116,104,6238,2011,0.0,49117.0,-0.48319300000000004,0.346927,KEN,IND,291830
11611537,118,104,6238,2011,0.0,23665.0,-1.162858,-1.103539,KHM,IND,291830
11611538,121,104,6238,2011,524020.0,153673.0,1.731371,0.8306879999999999,KOR,IND,291830
11611539,128,104,6238,2011,117264.0,118857.0,-0.559311,0.398905,LKA,IND,291830
11611540,135,104,6238,2011,0.0,1231.0,-0.225556,0.28622,MDA,IND,291830
11611541,138,104,6238,2011,0.0,319518.0,0.9534600000000001,0.706982,MEX,IND,291830
11611542,147,104,6238,2011,0.0,7566.0,-1.2069299999999998,-0.977785,MOZ,IND,291830
11611543,159,104,6238,2011,0.0,4776.0,-1.699286,-1.15511,NGA,IND,291830
11611544,162,104,6238,2011,83405.0,2033516.0,1.1655229999999999,1.410167,NLD,IND,291830
11611545,166,104,6238,2011,317874.0,34819.0,0.372732,0.548601,NZL,IND,291830
11611546,168,104,6238,2011,124723.0,889044.0,-0.729677,0.6026729999999999,PAK,IND,291830
11611547,174,104,6238,2011,0.0,10650.0,0.364707,0.322626,PHL,IND,291830
11611548,177,104,6238,2011,0.0,184202.0,1.133641,1.134203,POL,IND,291830
11611549,180,104,6238,2011,0.0,15695.0,-0.548759,-0.877743,PRY,IND,291830
11611550,186,104,6238,2011,4034.0,0.0,0.47319399999999995,-0.20801599999999998,RUS,IND,291830
11611551,188,104,6238,2011,0.0,4577.0,0.354045,-0.800028,SAU,IND,291830
11611552,191,104,6238,2011,229794.0,0.0,-0.624346,-0.308052,SEN,IND,291830
11611553,192,104,6238,2011,48024.0,569134.0,1.849116,0.52127,SGP,IND,291830
11611554,197,104,6238,2011,0.0,25486.0,-0.09713200000000001,0.20772600000000002,SLV,IND,291830
11611555,207,104,6238,2011,0.0,77896.0,1.642913,0.700222,SVN,IND,291830
11611556,208,104,6238,2011,0.0,92297.0,1.857146,0.366159,SWE,IND,291830
11611557,212,104,6238,2011,0.0,66879.0,-0.604133,0.5268970000000001,SYR,IND,291830
11611558,216,104,6238,2011,107791.0,43651.0,0.889009,1.503118,THA,IND,291830
11611559,223,104,6238,2011,0.0,13988.0,0.151221,1.1252360000000001,TUN,IND,291830
11611560,224,104,6238,2011,0.0,228592.0,0.45775,2.4316259999999996,TUR,IND,291830
11611561,228,104,6238,2011,11713.0,3016.0,0.6221409999999999,0.765505,UKR,IND,291830
11611562,230,104,6238,2011,0.0,15087.0,0.313195,0.042866,URY,IND,291830
11611563,231,104,6238,2011,2873934.0,1917630.0,1.6884849999999998,-0.474499,USA,IND,291830
11611564,239,104,6238,2011,25475.0,278940.0,-0.184453,1.637207,VNM,IND,291830
11611565,243,104,6238,2011,0.0,57442.0,-1.44127,-1.242875,YEM,IND,291830
11611566,246,104,6238,2011,0.0,87756.0,0.241792,1.353011,ZAF,IND,291830
11611567,247,104,6238,2011,0.0,14260.0,-0.7599,-0.941019,ZMB,IND,291830
11611568,248,104,6238,2011,0.0,6615.0,-0.858662,-0.8632719999999999,ZWE,IND,291830
11611569,249,104,6238,2011,988832.0,67788.0,1.803234,0.921233,TWN,IND,291830
11611570,250,104,6238,2011,103625.0,0.0,0.475638,-0.160135,ANS,IND,291830
11611571,41,106,6238,2011,0.0,44244.0,2.2644029999999997,0.406131,CHE,IRL,291830
11611572,43,106,6238,2011,0.0,8884.0,1.072299,1.686826,CHN,IRL,291830
11611573,61,106,6238,2011,84696.0,0.0,2.074435,-3.440815,DEU,IRL,291830
11611574,71,106,6238,2011,0.0,345907.0,0.8677290000000001,2.4618450000000003,ESP,IRL,291830
11611575,81,106,6238,2011,62582.0,22907.0,1.8048220000000001,0.380141,GBR,IRL,291830
11611576,104,106,6238,2011,30070.0,48172.0,0.18276199999999998,2.398765,IND,IRL,291830
11611577,111,106,6238,2011,354642.0,15361.0,1.298751,0.48013599999999995,ITA,IRL,291830
11611578,114,106,6238,2011,332429.0,0.0,2.516395,-0.534301,JPN,IRL,291830
11611579,138,106,6238,2011,0.0,8475.0,0.9534600000000001,0.706982,MEX,IRL,291830
11611580,162,106,6238,2011,237275.0,2925.0,1.1655229999999999,1.410167,NLD,IRL,291830
11611581,192,106,6238,2011,0.0,55147.0,1.849116,0.52127,SGP,IRL,291830
11611582,231,106,6238,2011,221690.0,670320.0,1.6884849999999998,-0.474499,USA,IRL,291830
11611583,18,110,6238,2011,3411.0,0.0,1.221703,1.247961,BEL,ISR,291830
11611584,39,110,6238,2011,23269.0,1125.0,0.754813,1.1967290000000002,CAN,ISR,291830
11611585,41,110,6238,2011,210913.0,0.0,2.2644029999999997,0.406131,CHE,ISR,291830
11611586,43,110,6238,2011,2358736.0,0.0,1.072299,1.686826,CHN,ISR,291830
11611587,49,110,6238,2011,0.0,1323.0,0.14336600000000002,-0.22996,COL,ISR,291830
11611588,61,110,6238,2011,27861.0,16135.0,2.074435,-3.440815,DEU,ISR,291830
11611589,71,110,6238,2011,49982.0,0.0,0.8677290000000001,2.4618450000000003,ESP,ISR,291830
11611590,77,110,6238,2011,906.0,1270.0,1.532054,0.09339299999999999,FRA,ISR,291830
11611591,81,110,6238,2011,1513.0,0.0,1.8048220000000001,0.380141,GBR,ISR,291830
11611592,104,110,6238,2011,14735.0,961.0,0.18276199999999998,2.398765,IND,ISR,291830
11611593,138,110,6238,2011,0.0,1834.0,0.9534600000000001,0.706982,MEX,ISR,291830
11611594,231,110,6238,2011,1080062.0,26091.0,1.6884849999999998,-0.474499,USA,ISR,291830
11611595,8,111,6238,2011,0.0,5673.0,0.240494,0.540376,ARG,ITA,291830
11611596,15,111,6238,2011,0.0,1006818.0,1.687634,-0.229095,AUT,ITA,291830
11611597,18,111,6238,2011,1702882.0,3809.0,1.221703,1.247961,BEL,ITA,291830
11611598,31,111,6238,2011,0.0,6750.0,-0.818593,-0.8701770000000001,BOL,ITA,291830
11611599,32,111,6238,2011,0.0,209161.0,0.27718400000000004,0.5674319999999999,BRA,ITA,291830
11611600,39,111,6238,2011,0.0,3213.0,0.754813,1.1967290000000002,CAN,ITA,291830
11611601,41,111,6238,2011,726558.0,366641.0,2.2644029999999997,0.406131,CHE,ITA,291830
11611602,42,111,6238,2011,0.0,40752.0,-0.199877,-0.353009,CHL,ITA,291830
11611603,43,111,6238,2011,6747036.0,0.0,1.072299,1.686826,CHN,ITA,291830
11611604,49,111,6238,2011,0.0,2152.0,0.14336600000000002,-0.22996,COL,ITA,291830
11611605,59,111,6238,2011,24854.0,19056.0,1.737788,0.14741600000000002,CZE,ITA,291830
11611606,61,111,6238,2011,1495202.0,668221.0,2.074435,-3.440815,DEU,ITA,291830
11611607,65,111,6238,2011,0.0,2836.0,-0.260653,0.5682010000000001,DOM,ITA,291830
11611608,66,111,6238,2011,0.0,28692.0,-1.36763,-1.140594,DZA,ITA,291830
11611609,68,111,6238,2011,0.0,598248.0,-0.166243,1.384719,EGY,ITA,291830
11611610,71,111,6238,2011,933953.0,12021463.0,0.8677290000000001,2.4618450000000003,ESP,ITA,291830
11611611,72,111,6238,2011,0.0,13408.0,0.9806790000000001,1.110449,EST,ITA,291830
11611612,74,111,6238,2011,0.0,257538.0,1.7488830000000002,0.890934,FIN,ITA,291830
11611613,77,111,6238,2011,1350302.0,407019.0,1.532054,0.09339299999999999,FRA,ITA,291830
11611614,81,111,6238,2011,23578.0,49403.0,1.8048220000000001,0.380141,GBR,ITA,291830
11611615,90,111,6238,2011,0.0,70812.0,0.138679,1.30044,GRC,ITA,291830
11611616,102,111,6238,2011,0.0,306308.0,1.486592,0.805642,HUN,ITA,291830
11611617,103,111,6238,2011,0.0,562793.0,-0.234125,1.168384,IDN,ITA,291830
11611618,104,111,6238,2011,175932.0,13281.0,0.18276199999999998,2.398765,IND,ITA,291830
11611619,106,111,6238,2011,15361.0,354642.0,1.403182,0.290245,IRL,ITA,291830
11611620,114,111,6238,2011,0.0,2922327.0,2.516395,-0.534301,JPN,ITA,291830
11611621,115,111,6238,2011,0.0,82991.0,-0.514687,-0.775671,KAZ,ITA,291830
11611622,121,111,6238,2011,0.0,668886.0,1.731371,0.8306879999999999,KOR,ITA,291830
11611623,134,111,6238,2011,0.0,279348.0,-0.485404,0.099828,MAR,ITA,291830
11611624,138,111,6238,2011,0.0,310362.0,0.9534600000000001,0.706982,MEX,ITA,291830
11611625,140,111,6238,2011,0.0,10292.0,-0.12310499999999999,0.16392,MKD,ITA,291830
11611626,162,111,6238,2011,315331.0,56420.0,1.1655229999999999,1.410167,NLD,ITA,291830
11611627,168,111,6238,2011,0.0,26696.0,-0.729677,0.6026729999999999,PAK,ITA,291830
11611628,173,111,6238,2011,0.0,25616.0,-0.455977,0.442543,PER,ITA,291830
11611629,177,111,6238,2011,0.0,270774.0,1.133641,1.134203,POL,ITA,291830
11611630,180,111,6238,2011,0.0,21608.0,-0.548759,-0.877743,PRY,ITA,291830
11611631,185,111,6238,2011,0.0,606160.0,0.722,1.296655,ROU,ITA,291830
11611632,207,111,6238,2011,0.0,1395752.0,1.642913,0.700222,SVN,ITA,291830
11611633,212,111,6238,2011,0.0,824449.0,-0.604133,0.5268970000000001,SYR,ITA,291830
11611634,216,111,6238,2011,0.0,62007.0,0.889009,1.503118,THA,ITA,291830
11611635,223,111,6238,2011,0.0,107956.0,0.151221,1.1252360000000001,TUN,ITA,291830
11611636,224,111,6238,2011,0.0,29954.0,0.45775,2.4316259999999996,TUR,ITA,291830
11611637,228,111,6238,2011,0.0,44186.0,0.6221409999999999,0.765505,UKR,ITA,291830
11611638,230,111,6238,2011,0.0,9135.0,0.313195,0.042866,URY,ITA,291830
11611639,231,111,6238,2011,89500.0,1322114.0,1.6884849999999998,-0.474499,USA,ITA,291830
11611640,236,111,6238,2011,0.0,18432.0,-0.841147,-1.095636,VEN,ITA,291830
11611641,239,111,6238,2011,0.0,11367.0,-0.184453,1.637207,VNM,ITA,291830
11611642,249,111,6238,2011,738470.0,35019.0,1.803234,0.921233,TWN,ITA,291830
11611643,43,112,6238,2011,15952.0,0.0,1.072299,1.686826,CHN,JAM,291830
11611644,8,114,6238,2011,0.0,147138.0,0.240494,0.540376,ARG,JPN,291830
11611645,9,114,6238,2011,1687.0,0.0,0.543397,-0.029376999999999997,ARM,JPN,291830
11611646,14,114,6238,2011,0.0,4120.0,-0.138148,0.002999,AUS,JPN,291830
11611647,15,114,6238,2011,941528.0,6673.0,1.687634,-0.229095,AUT,JPN,291830
11611648,18,114,6238,2011,89701.0,2178825.0,1.221703,1.247961,BEL,JPN,291830
11611649,32,114,6238,2011,0.0,587915.0,0.27718400000000004,0.5674319999999999,BRA,JPN,291830
11611650,39,114,6238,2011,0.0,125747.0,0.754813,1.1967290000000002,CAN,JPN,291830
11611651,41,114,6238,2011,1566920.0,152739.0,2.2644029999999997,0.406131,CHE,JPN,291830
11611652,43,114,6238,2011,11812977.0,2153541.0,1.072299,1.686826,CHN,JPN,291830
11611653,49,114,6238,2011,0.0,28593.0,0.14336600000000002,-0.22996,COL,JPN,291830
11611654,59,114,6238,2011,4423.0,0.0,1.737788,0.14741600000000002,CZE,JPN,291830
11611655,61,114,6238,2011,7985478.0,1680526.0,2.074435,-3.440815,DEU,JPN,291830
11611656,67,114,6238,2011,0.0,1997.0,-0.8250639999999999,-0.839082,ECU,JPN,291830
11611657,71,114,6238,2011,3062310.0,1105915.0,0.8677290000000001,2.4618450000000003,ESP,JPN,291830
11611658,74,114,6238,2011,0.0,23593.0,1.7488830000000002,0.890934,FIN,JPN,291830
11611659,77,114,6238,2011,1309578.0,391733.0,1.532054,0.09339299999999999,FRA,JPN,291830
11611660,81,114,6238,2011,9045.0,634512.0,1.8048220000000001,0.380141,GBR,JPN,291830
11611661,97,114,6238,2011,0.0,165674.0,0.663588,1.902118,HKG,JPN,291830
11611662,102,114,6238,2011,11884.0,0.0,1.486592,0.805642,HUN,JPN,291830
11611663,103,114,6238,2011,0.0,2930228.0,-0.234125,1.168384,IDN,JPN,291830
11611664,104,114,6238,2011,64522.0,1151625.0,0.18276199999999998,2.398765,IND,JPN,291830
11611665,106,114,6238,2011,0.0,332429.0,1.403182,0.290245,IRL,JPN,291830
11611666,107,114,6238,2011,0.0,52762.0,-0.915379,-0.973194,IRN,JPN,291830
11611667,111,114,6238,2011,2922327.0,0.0,1.298751,0.48013599999999995,ITA,JPN,291830
11611668,121,114,6238,2011,22105160.0,1058412.0,1.731371,0.8306879999999999,KOR,JPN,291830
11611669,122,114,6238,2011,0.0,4088.0,-0.898582,-1.09893,KWT,JPN,291830
11611670,124,114,6238,2011,0.0,1006.0,0.278393,1.2962879999999999,LBN,JPN,291830
11611671,138,114,6238,2011,0.0,71023.0,0.9534600000000001,0.706982,MEX,JPN,291830
11611672,153,114,6238,2011,0.0,4002.0,0.9893290000000001,0.632079,MYS,JPN,291830
11611673,162,114,6238,2011,18567.0,1381790.0,1.1655229999999999,1.410167,NLD,JPN,291830
11611674,163,114,6238,2011,0.0,280931.0,0.8492770000000001,0.050044,NOR,JPN,291830
11611675,166,114,6238,2011,53932.0,2338.0,0.372732,0.548601,NZL,JPN,291830
11611676,168,114,6238,2011,0.0,101080.0,-0.729677,0.6026729999999999,PAK,JPN,291830
11611677,173,114,6238,2011,0.0,5539.0,-0.455977,0.442543,PER,JPN,291830
11611678,174,114,6238,2011,0.0,3556.0,0.364707,0.322626,PHL,JPN,291830
11611679,192,114,6238,2011,58012.0,2110457.0,1.849116,0.52127,SGP,JPN,291830
11611680,216,114,6238,2011,0.0,147859.0,0.889009,1.503118,THA,JPN,291830
11611681,231,114,6238,2011,3391908.0,8488334.0,1.6884849999999998,-0.474499,USA,JPN,291830
11611682,239,114,6238,2011,0.0,30537.0,-0.184453,1.637207,VNM,JPN,291830
11611683,246,114,6238,2011,0.0,13671.0,0.241792,1.353011,ZAF,JPN,291830
11611684,249,114,6238,2011,1326653.0,457667.0,1.803234,0.921233,TWN,JPN,291830
11611685,18,121,6238,2011,6272.0,0.0,1.221703,1.247961,BEL,KOR,291830
11611686,43,121,6238,2011,5024774.0,195280.0,1.072299,1.686826,CHN,KOR,291830
11611687,59,121,6238,2011,3118.0,0.0,1.737788,0.14741600000000002,CZE,KOR,291830
11611688,61,121,6238,2011,66372.0,0.0,2.074435,-3.440815,DEU,KOR,291830
11611689,71,121,6238,2011,11433.0,0.0,0.8677290000000001,2.4618450000000003,ESP,KOR,291830
11611690,77,121,6238,2011,2353.0,0.0,1.532054,0.09339299999999999,FRA,KOR,291830
11611691,81,121,6238,2011,40641.0,0.0,1.8048220000000001,0.380141,GBR,KOR,291830
11611692,97,121,6238,2011,5421.0,0.0,0.663588,1.902118,HKG,KOR,291830
11611693,103,121,6238,2011,0.0,5088.0,-0.234125,1.168384,IDN,KOR,291830
11611694,104,121,6238,2011,153673.0,524020.0,0.18276199999999998,2.398765,IND,KOR,291830
11611695,111,121,6238,2011,668886.0,0.0,1.298751,0.48013599999999995,ITA,KOR,291830
11611696,114,121,6238,2011,1058412.0,22105160.0,2.516395,-0.534301,JPN,KOR,291830
11611697,162,121,6238,2011,3413.0,0.0,1.1655229999999999,1.410167,NLD,KOR,291830
11611698,192,121,6238,2011,120257.0,0.0,1.849116,0.52127,SGP,KOR,291830
11611699,231,121,6238,2011,545141.0,0.0,1.6884849999999998,-0.474499,USA,KOR,291830
11611700,239,121,6238,2011,0.0,138634.0,-0.184453,1.637207,VNM,KOR,291830
11611701,249,121,6238,2011,2003328.0,16819.0,1.803234,0.921233,TWN,KOR,291830
11611702,71,122,6238,2011,6580.0,0.0,0.8677290000000001,2.4618450000000003,ESP,KWT,291830
11611703,114,122,6238,2011,4088.0,0.0,2.516395,-0.534301,JPN,KWT,291830
11611704,138,122,6238,2011,904.0,0.0,0.9534600000000001,0.706982,MEX,KWT,291830
11611705,231,122,6238,2011,378464.0,0.0,1.6884849999999998,-0.474499,USA,KWT,291830
11611706,15,134,6238,2011,283422.0,0.0,1.687634,-0.229095,AUT,MAR,291830
11611707,18,134,6238,2011,247460.0,0.0,1.221703,1.247961,BEL,MAR,291830
11611708,43,134,6238,2011,22738.0,1366.0,1.072299,1.686826,CHN,MAR,291830
11611709,61,134,6238,2011,621435.0,0.0,2.074435,-3.440815,DEU,MAR,291830
11611710,77,134,6238,2011,76021.0,0.0,1.532054,0.09339299999999999,FRA,MAR,291830
11611711,111,134,6238,2011,279348.0,0.0,1.298751,0.48013599999999995,ITA,MAR,291830
11611712,8,138,6238,2011,0.0,2726.0,0.240494,0.540376,ARG,MEX,291830
11611713,15,138,6238,2011,645148.0,0.0,1.687634,-0.229095,AUT,MEX,291830
11611714,32,138,6238,2011,0.0,14658.0,0.27718400000000004,0.5674319999999999,BRA,MEX,291830
11611715,41,138,6238,2011,537853.0,0.0,2.2644029999999997,0.406131,CHE,MEX,291830
11611716,43,138,6238,2011,1518071.0,0.0,1.072299,1.686826,CHN,MEX,291830
11611717,49,138,6238,2011,0.0,7925.0,0.14336600000000002,-0.22996,COL,MEX,291830
11611718,61,138,6238,2011,167401.0,0.0,2.074435,-3.440815,DEU,MEX,291830
11611719,71,138,6238,2011,545656.0,0.0,0.8677290000000001,2.4618450000000003,ESP,MEX,291830
11611720,77,138,6238,2011,268538.0,0.0,1.532054,0.09339299999999999,FRA,MEX,291830
11611721,93,138,6238,2011,0.0,2100.0,-0.329497,0.775369,GTM,MEX,291830
11611722,104,138,6238,2011,319518.0,0.0,0.18276199999999998,2.398765,IND,MEX,291830
11611723,106,138,6238,2011,8475.0,0.0,1.403182,0.290245,IRL,MEX,291830
11611724,110,138,6238,2011,1834.0,0.0,1.324384,0.714611,ISR,MEX,291830
11611725,111,138,6238,2011,310362.0,0.0,1.298751,0.48013599999999995,ITA,MEX,291830
11611726,113,138,6238,2011,0.0,2699.0,0.231605,0.47049399999999997,JOR,MEX,291830
11611727,114,138,6238,2011,71023.0,0.0,2.516395,-0.534301,JPN,MEX,291830
11611728,122,138,6238,2011,0.0,904.0,-0.898582,-1.09893,KWT,MEX,291830
11611729,162,138,6238,2011,32357.0,0.0,1.1655229999999999,1.410167,NLD,MEX,291830
11611730,222,138,6238,2011,0.0,4059.0,-0.44228,-1.031793,TTO,MEX,291830
11611731,231,138,6238,2011,4558354.0,14541.0,1.6884849999999998,-0.474499,USA,MEX,291830
11611732,236,138,6238,2011,0.0,79074.0,-0.841147,-1.095636,VEN,MEX,291830
11611733,249,138,6238,2011,78805.0,0.0,1.803234,0.921233,TWN,MEX,291830
11611734,18,153,6238,2011,1028.0,0.0,1.221703,1.247961,BEL,MYS,291830
11611735,43,153,6238,2011,3938.0,0.0,1.072299,1.686826,CHN,MYS,291830
11611736,61,153,6238,2011,1842.0,0.0,2.074435,-3.440815,DEU,MYS,291830
11611737,81,153,6238,2011,4362.0,0.0,1.8048220000000001,0.380141,GBR,MYS,291830
11611738,97,153,6238,2011,2076.0,0.0,0.663588,1.902118,HKG,MYS,291830
11611739,114,153,6238,2011,4002.0,0.0,2.516395,-0.534301,JPN,MYS,291830
11611740,192,153,6238,2011,928844.0,0.0,1.849116,0.52127,SGP,MYS,291830
11611741,216,153,6238,2011,0.0,106648.0,0.889009,1.503118,THA,MYS,291830
11611742,231,153,6238,2011,2844.0,0.0,1.6884849999999998,-0.474499,USA,MYS,291830
11611743,239,153,6238,2011,0.0,38416.0,-0.184453,1.637207,VNM,MYS,291830
11611744,249,153,6238,2011,125052.0,5210.0,1.803234,0.921233,TWN,MYS,291830
11611745,8,162,6238,2011,0.0,5242.0,0.240494,0.540376,ARG,NLD,291830
11611746,18,162,6238,2011,84019.0,282071.0,1.221703,1.247961,BEL,NLD,291830
11611747,23,162,6238,2011,0.0,9588.0,0.537967,1.520973,BGR,NLD,291830
11611748,26,162,6238,2011,0.0,2317.0,0.391425,0.6066600000000001,BIH,NLD,291830
11611749,32,162,6238,2011,0.0,10909.0,0.27718400000000004,0.5674319999999999,BRA,NLD,291830
11611750,41,162,6238,2011,68942.0,302180.0,2.2644029999999997,0.406131,CHE,NLD,291830
11611751,43,162,6238,2011,7934074.0,11405.0,1.072299,1.686826,CHN,NLD,291830
11611752,52,162,6238,2011,0.0,11544.0,0.04325,-0.553193,CRI,NLD,291830
11611753,61,162,6238,2011,455925.0,1088773.0,2.074435,-3.440815,DEU,NLD,291830
11611754,64,162,6238,2011,0.0,42708.0,1.156026,1.2248299999999999,DNK,NLD,291830
11611755,71,162,6238,2011,11688374.0,277285.0,0.8677290000000001,2.4618450000000003,ESP,NLD,291830
11611756,77,162,6238,2011,136476.0,49092.0,1.532054,0.09339299999999999,FRA,NLD,291830
11611757,81,162,6238,2011,71835.0,618460.0,1.8048220000000001,0.380141,GBR,NLD,291830
11611758,93,162,6238,2011,0.0,766.0,-0.329497,0.775369,GTM,NLD,291830
11611759,97,162,6238,2011,59937.0,0.0,0.663588,1.902118,HKG,NLD,291830
11611760,100,162,6238,2011,0.0,38855.0,0.868294,0.9424299999999999,HRV,NLD,291830
11611761,103,162,6238,2011,0.0,7403.0,-0.234125,1.168384,IDN,NLD,291830
11611762,104,162,6238,2011,2033516.0,83405.0,0.18276199999999998,2.398765,IND,NLD,291830
11611763,106,162,6238,2011,2925.0,237275.0,1.403182,0.290245,IRL,NLD,291830
11611764,111,162,6238,2011,56420.0,315331.0,1.298751,0.48013599999999995,ITA,NLD,291830
11611765,114,162,6238,2011,1381790.0,18567.0,2.516395,-0.534301,JPN,NLD,291830
11611766,121,162,6238,2011,0.0,3413.0,1.731371,0.8306879999999999,KOR,NLD,291830
11611767,138,162,6238,2011,0.0,32357.0,0.9534600000000001,0.706982,MEX,NLD,291830
11611768,166,162,6238,2011,215823.0,0.0,0.372732,0.548601,NZL,NLD,291830
11611769,186,162,6238,2011,4748.0,0.0,0.47319399999999995,-0.20801599999999998,RUS,NLD,291830
11611770,192,162,6238,2011,70927.0,2106.0,1.849116,0.52127,SGP,NLD,291830
11611771,216,162,6238,2011,0.0,232140.0,0.889009,1.503118,THA,NLD,291830
11611772,231,162,6238,2011,3142466.0,48726.0,1.6884849999999998,-0.474499,USA,NLD,291830
11611773,236,162,6238,2011,0.0,922848.0,-0.841147,-1.095636,VEN,NLD,291830
11611774,249,162,6238,2011,139392.0,0.0,1.803234,0.921233,TWN,NLD,291830
11611775,8,166,6238,2011,0.0,45863.0,0.240494,0.540376,ARG,NZL,291830
11611776,14,166,6238,2011,9638.0,0.0,-0.138148,0.002999,AUS,NZL,291830
11611777,31,166,6238,2011,0.0,7110.0,-0.818593,-0.8701770000000001,BOL,NZL,291830
11611778,32,166,6238,2011,0.0,9956.0,0.27718400000000004,0.5674319999999999,BRA,NZL,291830
11611779,41,166,6238,2011,12385.0,233557.0,2.2644029999999997,0.406131,CHE,NZL,291830
11611780,42,166,6238,2011,0.0,3813.0,-0.199877,-0.353009,CHL,NZL,291830
11611781,43,166,6238,2011,186427.0,5696.0,1.072299,1.686826,CHN,NZL,291830
11611782,61,166,6238,2011,21547.0,217765.0,2.074435,-3.440815,DEU,NZL,291830
11611783,67,166,6238,2011,0.0,19186.0,-0.8250639999999999,-0.839082,ECU,NZL,291830
11611784,77,166,6238,2011,0.0,69100.0,1.532054,0.09339299999999999,FRA,NZL,291830
11611785,81,166,6238,2011,0.0,55248.0,1.8048220000000001,0.380141,GBR,NZL,291830
11611786,97,166,6238,2011,0.0,1995.0,0.663588,1.902118,HKG,NZL,291830
11611787,104,166,6238,2011,34819.0,317874.0,0.18276199999999998,2.398765,IND,NZL,291830
11611788,114,166,6238,2011,2338.0,53932.0,2.516395,-0.534301,JPN,NZL,291830
11611789,162,166,6238,2011,0.0,215823.0,1.1655229999999999,1.410167,NLD,NZL,291830
11611790,173,166,6238,2011,0.0,52416.0,-0.455977,0.442543,PER,NZL,291830
11611791,177,166,6238,2011,0.0,296616.0,1.133641,1.134203,POL,NZL,291830
11611792,231,166,6238,2011,7003.0,167210.0,1.6884849999999998,-0.474499,USA,NZL,291830
11611793,246,166,6238,2011,0.0,4031.0,0.241792,1.353011,ZAF,NZL,291830
11611794,249,166,6238,2011,17171.0,0.0,1.803234,0.921233,TWN,NZL,291830
11611795,41,168,6238,2011,29743.0,0.0,2.2644029999999997,0.406131,CHE,PAK,291830
11611796,43,168,6238,2011,745294.0,0.0,1.072299,1.686826,CHN,PAK,291830
11611797,61,168,6238,2011,167228.0,0.0,2.074435,-3.440815,DEU,PAK,291830
11611798,81,168,6238,2011,5737.0,0.0,1.8048220000000001,0.380141,GBR,PAK,291830
11611799,104,168,6238,2011,889044.0,124723.0,0.18276199999999998,2.398765,IND,PAK,291830
11611800,111,168,6238,2011,26696.0,0.0,1.298751,0.48013599999999995,ITA,PAK,291830
11611801,114,168,6238,2011,101080.0,0.0,2.516395,-0.534301,JPN,PAK,291830
11611802,167,168,6238,2011,71888.0,0.0,-0.473703,-0.952491,OMN,PAK,291830
11611803,192,168,6238,2011,155726.0,0.0,1.849116,0.52127,SGP,PAK,291830
11611804,249,168,6238,2011,3413.0,0.0,1.803234,0.921233,TWN,PAK,291830
11611805,43,169,6238,2011,1136.0,0.0,1.072299,1.686826,CHN,PAN,291830
11611806,93,169,6238,2011,0.0,26628.0,-0.329497,0.775369,GTM,PAN,291830
11611807,231,169,6238,2011,20561.0,0.0,1.6884849999999998,-0.474499,USA,PAN,291830
11611808,43,173,6238,2011,237065.0,0.0,1.072299,1.686826,CHN,PER,291830
11611809,61,173,6238,2011,49416.0,0.0,2.074435,-3.440815,DEU,PER,291830
11611810,71,173,6238,2011,3557.0,0.0,0.8677290000000001,2.4618450000000003,ESP,PER,291830
11611811,111,173,6238,2011,25616.0,0.0,1.298751,0.48013599999999995,ITA,PER,291830
11611812,114,173,6238,2011,5539.0,0.0,2.516395,-0.534301,JPN,PER,291830
11611813,166,173,6238,2011,52416.0,0.0,0.372732,0.548601,NZL,PER,291830
11611814,231,173,6238,2011,13191.0,0.0,1.6884849999999998,-0.474499,USA,PER,291830
11611815,32,174,6238,2011,3032.0,0.0,0.27718400000000004,0.5674319999999999,BRA,PHL,291830
11611816,43,174,6238,2011,116988.0,0.0,1.072299,1.686826,CHN,PHL,291830
11611817,104,174,6238,2011,10650.0,0.0,0.18276199999999998,2.398765,IND,PHL,291830
11611818,114,174,6238,2011,3556.0,0.0,2.516395,-0.534301,JPN,PHL,291830
11611819,192,174,6238,2011,7038.0,0.0,1.849116,0.52127,SGP,PHL,291830
11611820,231,174,6238,2011,8024.0,0.0,1.6884849999999998,-0.474499,USA,PHL,291830
11611821,249,174,6238,2011,74839.0,0.0,1.803234,0.921233,TWN,PHL,291830
11611822,15,177,6238,2011,73804.0,0.0,1.687634,-0.229095,AUT,POL,291830
11611823,18,177,6238,2011,15973.0,0.0,1.221703,1.247961,BEL,POL,291830
11611824,41,177,6238,2011,30584.0,0.0,2.2644029999999997,0.406131,CHE,POL,291830
11611825,43,177,6238,2011,202628.0,0.0,1.072299,1.686826,CHN,POL,291830
11611826,61,177,6238,2011,839848.0,12943.0,2.074435,-3.440815,DEU,POL,291830
11611827,71,177,6238,2011,171887.0,0.0,0.8677290000000001,2.4618450000000003,ESP,POL,291830
11611828,77,177,6238,2011,10401.0,0.0,1.532054,0.09339299999999999,FRA,POL,291830
11611829,81,177,6238,2011,103030.0,0.0,1.8048220000000001,0.380141,GBR,POL,291830
11611830,104,177,6238,2011,184202.0,0.0,0.18276199999999998,2.398765,IND,POL,291830
11611831,111,177,6238,2011,270774.0,0.0,1.298751,0.48013599999999995,ITA,POL,291830
11611832,135,177,6238,2011,0.0,2856.0,-0.225556,0.28622,MDA,POL,291830
11611833,166,177,6238,2011,296616.0,0.0,0.372732,0.548601,NZL,POL,291830
11611834,186,177,6238,2011,0.0,3782.0,0.47319399999999995,-0.20801599999999998,RUS,POL,291830
11611835,206,177,6238,2011,0.0,2469.0,1.262897,0.8230569999999999,SVK,POL,291830
11611836,231,177,6238,2011,14582.0,0.0,1.6884849999999998,-0.474499,USA,POL,291830
11611837,43,179,6238,2011,254915.0,0.0,1.072299,1.686826,CHN,PRT,291830
11611838,61,179,6238,2011,1761401.0,0.0,2.074435,-3.440815,DEU,PRT,291830
11611839,64,179,6238,2011,992.0,0.0,1.156026,1.2248299999999999,DNK,PRT,291830
11611840,71,179,6238,2011,8833.0,0.0,0.8677290000000001,2.4618450000000003,ESP,PRT,291830
11611841,77,179,6238,2011,5369.0,0.0,1.532054,0.09339299999999999,FRA,PRT,291830
11611842,81,179,6238,2011,2945.0,0.0,1.8048220000000001,0.380141,GBR,PRT,291830
11611843,41,180,6238,2011,4418.0,0.0,2.2644029999999997,0.406131,CHE,PRY,291830
11611844,43,180,6238,2011,127422.0,0.0,1.072299,1.686826,CHN,PRY,291830
11611845,71,180,6238,2011,3654.0,0.0,0.8677290000000001,2.4618450000000003,ESP,PRY,291830
11611846,104,180,6238,2011,15695.0,0.0,0.18276199999999998,2.398765,IND,PRY,291830
11611847,111,180,6238,2011,21608.0,0.0,1.298751,0.48013599999999995,ITA,PRY,291830
11611848,41,185,6238,2011,6885.0,0.0,2.2644029999999997,0.406131,CHE,ROU,291830
11611849,43,185,6238,2011,14820.0,0.0,1.072299,1.686826,CHN,ROU,291830
11611850,61,185,6238,2011,128539.0,168245.0,2.074435,-3.440815,DEU,ROU,291830
11611851,77,185,6238,2011,0.0,42550.0,1.532054,0.09339299999999999,FRA,ROU,291830
11611852,81,185,6238,2011,22212.0,0.0,1.8048220000000001,0.380141,GBR,ROU,291830
11611853,111,185,6238,2011,606160.0,0.0,1.298751,0.48013599999999995,ITA,ROU,291830
11611854,231,185,6238,2011,0.0,16937.0,1.6884849999999998,-0.474499,USA,ROU,291830
11611855,43,188,6238,2011,47690.0,0.0,1.072299,1.686826,CHN,SAU,291830
11611856,61,188,6238,2011,6526.0,0.0,2.074435,-3.440815,DEU,SAU,291830
11611857,68,188,6238,2011,0.0,16633.0,-0.166243,1.384719,EGY,SAU,291830
11611858,104,188,6238,2011,4577.0,0.0,0.18276199999999998,2.398765,IND,SAU,291830
11611859,249,188,6238,2011,1793797.0,0.0,1.803234,0.921233,TWN,SAU,291830
11611860,8,192,6238,2011,0.0,4681.0,0.240494,0.540376,ARG,SGP,291830
11611861,14,192,6238,2011,0.0,3826.0,-0.138148,0.002999,AUS,SGP,291830
11611862,22,192,6238,2011,0.0,597884.0,-1.074416,-0.8276370000000001,BGD,SGP,291830
11611863,32,192,6238,2011,0.0,47368.0,0.27718400000000004,0.5674319999999999,BRA,SGP,291830
11611864,41,192,6238,2011,493423.0,77338.0,2.2644029999999997,0.406131,CHE,SGP,291830
11611865,43,192,6238,2011,12155156.0,2166.0,1.072299,1.686826,CHN,SGP,291830
11611866,61,192,6238,2011,264463.0,0.0,2.074435,-3.440815,DEU,SGP,291830
11611867,71,192,6238,2011,1676510.0,0.0,0.8677290000000001,2.4618450000000003,ESP,SGP,291830
11611868,77,192,6238,2011,422153.0,0.0,1.532054,0.09339299999999999,FRA,SGP,291830
11611869,81,192,6238,2011,8103.0,0.0,1.8048220000000001,0.380141,GBR,SGP,291830
11611870,103,192,6238,2011,2856.0,109706.0,-0.234125,1.168384,IDN,SGP,291830
11611871,104,192,6238,2011,569134.0,48024.0,0.18276199999999998,2.398765,IND,SGP,291830
11611872,106,192,6238,2011,55147.0,0.0,1.403182,0.290245,IRL,SGP,291830
11611873,114,192,6238,2011,2110457.0,58012.0,2.516395,-0.534301,JPN,SGP,291830
11611874,121,192,6238,2011,0.0,120257.0,1.731371,0.8306879999999999,KOR,SGP,291830
11611875,128,192,6238,2011,0.0,6175.0,-0.559311,0.398905,LKA,SGP,291830
11611876,153,192,6238,2011,0.0,928844.0,0.9893290000000001,0.632079,MYS,SGP,291830
11611877,162,192,6238,2011,2106.0,70927.0,1.1655229999999999,1.410167,NLD,SGP,291830
11611878,168,192,6238,2011,0.0,155726.0,-0.729677,0.6026729999999999,PAK,SGP,291830
11611879,174,192,6238,2011,0.0,7038.0,0.364707,0.322626,PHL,SGP,291830
11611880,216,192,6238,2011,0.0,465280.0,0.889009,1.503118,THA,SGP,291830
11611881,228,192,6238,2011,16528.0,0.0,0.6221409999999999,0.765505,UKR,SGP,291830
11611882,231,192,6238,2011,289354.0,0.0,1.6884849999999998,-0.474499,USA,SGP,291830
11611883,239,192,6238,2011,0.0,242283.0,-0.184453,1.637207,VNM,SGP,291830
11611884,249,192,6238,2011,54554.0,43944.0,1.803234,0.921233,TWN,SGP,291830
11611885,104,197,6238,2011,25486.0,0.0,0.18276199999999998,2.398765,IND,SLV,291830
11611886,18,206,6238,2011,0.0,1487.0,1.221703,1.247961,BEL,SVK,291830
11611887,41,206,6238,2011,0.0,3084.0,2.2644029999999997,0.406131,CHE,SVK,291830
11611888,43,206,6238,2011,70774.0,0.0,1.072299,1.686826,CHN,SVK,291830
11611889,61,206,6238,2011,1282.0,0.0,2.074435,-3.440815,DEU,SVK,291830
11611890,177,206,6238,2011,2469.0,0.0,1.133641,1.134203,POL,SVK,291830
11611891,41,207,6238,2011,4562.0,0.0,2.2644029999999997,0.406131,CHE,SVN,291830
11611892,43,207,6238,2011,1216353.0,0.0,1.072299,1.686826,CHN,SVN,291830
11611893,61,207,6238,2011,30025.0,0.0,2.074435,-3.440815,DEU,SVN,291830
11611894,71,207,6238,2011,6369.0,0.0,0.8677290000000001,2.4618450000000003,ESP,SVN,291830
11611895,104,207,6238,2011,77896.0,0.0,0.18276199999999998,2.398765,IND,SVN,291830
11611896,111,207,6238,2011,1395752.0,0.0,1.298751,0.48013599999999995,ITA,SVN,291830
11611897,249,207,6238,2011,11849.0,0.0,1.803234,0.921233,TWN,SVN,291830
11611898,250,207,6238,2011,35198.0,0.0,0.475638,-0.160135,ANS,SVN,291830
11611899,18,208,6238,2011,160135.0,0.0,1.221703,1.247961,BEL,SWE,291830
11611900,41,208,6238,2011,13582.0,0.0,2.2644029999999997,0.406131,CHE,SWE,291830
11611901,43,208,6238,2011,806497.0,0.0,1.072299,1.686826,CHN,SWE,291830
11611902,61,208,6238,2011,899492.0,5629.0,2.074435,-3.440815,DEU,SWE,291830
11611903,74,208,6238,2011,4684.0,1087.0,1.7488830000000002,0.890934,FIN,SWE,291830
11611904,77,208,6238,2011,3776932.0,0.0,1.532054,0.09339299999999999,FRA,SWE,291830
11611905,81,208,6238,2011,46806.0,3043.0,1.8048220000000001,0.380141,GBR,SWE,291830
11611906,104,208,6238,2011,92297.0,0.0,0.18276199999999998,2.398765,IND,SWE,291830
11611907,163,208,6238,2011,0.0,1555.0,0.8492770000000001,0.050044,NOR,SWE,291830
11611908,228,208,6238,2011,0.0,26395.0,0.6221409999999999,0.765505,UKR,SWE,291830
11611909,231,208,6238,2011,10527.0,0.0,1.6884849999999998,-0.474499,USA,SWE,291830
11611910,22,216,6238,2011,0.0,11413.0,-1.074416,-0.8276370000000001,BGD,THA,291830
11611911,41,216,6238,2011,3844.0,0.0,2.2644029999999997,0.406131,CHE,THA,291830
11611912,43,216,6238,2011,396046.0,0.0,1.072299,1.686826,CHN,THA,291830
11611913,61,216,6238,2011,53894.0,0.0,2.074435,-3.440815,DEU,THA,291830
11611914,71,216,6238,2011,7641.0,0.0,0.8677290000000001,2.4618450000000003,ESP,THA,291830
11611915,77,216,6238,2011,91790.0,0.0,1.532054,0.09339299999999999,FRA,THA,291830
11611916,103,216,6238,2011,57428.0,0.0,-0.234125,1.168384,IDN,THA,291830
11611917,104,216,6238,2011,43651.0,107791.0,0.18276199999999998,2.398765,IND,THA,291830
11611918,111,216,6238,2011,62007.0,0.0,1.298751,0.48013599999999995,ITA,THA,291830
11611919,114,216,6238,2011,147859.0,0.0,2.516395,-0.534301,JPN,THA,291830
11611920,153,216,6238,2011,106648.0,0.0,0.9893290000000001,0.632079,MYS,THA,291830
11611921,162,216,6238,2011,232140.0,0.0,1.1655229999999999,1.410167,NLD,THA,291830
11611922,192,216,6238,2011,465280.0,0.0,1.849116,0.52127,SGP,THA,291830
11611923,231,216,6238,2011,53552.0,0.0,1.6884849999999998,-0.474499,USA,THA,291830
11611924,239,216,6238,2011,0.0,1680.0,-0.184453,1.637207,VNM,THA,291830
11611925,249,216,6238,2011,256505.0,0.0,1.803234,0.921233,TWN,THA,291830
11611926,43,222,6238,2011,59087.0,0.0,1.072299,1.686826,CHN,TTO,291830
11611927,61,222,6238,2011,4020.0,0.0,2.074435,-3.440815,DEU,TTO,291830
11611928,81,222,6238,2011,16220.0,0.0,1.8048220000000001,0.380141,GBR,TTO,291830
11611929,138,222,6238,2011,4059.0,0.0,0.9534600000000001,0.706982,MEX,TTO,291830
11611930,15,224,6238,2011,23562.0,0.0,1.687634,-0.229095,AUT,TUR,291830
11611931,41,224,6238,2011,43870.0,0.0,2.2644029999999997,0.406131,CHE,TUR,291830
11611932,43,224,6238,2011,462332.0,0.0,1.072299,1.686826,CHN,TUR,291830
11611933,61,224,6238,2011,1617331.0,0.0,2.074435,-3.440815,DEU,TUR,291830
11611934,71,224,6238,2011,1668710.0,0.0,0.8677290000000001,2.4618450000000003,ESP,TUR,291830
11611935,77,224,6238,2011,56783.0,0.0,1.532054,0.09339299999999999,FRA,TUR,291830
11611936,81,224,6238,2011,7752.0,0.0,1.8048220000000001,0.380141,GBR,TUR,291830
11611937,104,224,6238,2011,228592.0,0.0,0.18276199999999998,2.398765,IND,TUR,291830
11611938,111,224,6238,2011,29954.0,0.0,1.298751,0.48013599999999995,ITA,TUR,291830
11611939,231,224,6238,2011,218125.0,0.0,1.6884849999999998,-0.474499,USA,TUR,291830
11611940,249,224,6238,2011,901605.0,0.0,1.803234,0.921233,TWN,TUR,291830
11611941,18,228,6238,2011,1420.0,0.0,1.221703,1.247961,BEL,UKR,291830
11611942,43,228,6238,2011,118151.0,0.0,1.072299,1.686826,CHN,UKR,291830
11611943,61,228,6238,2011,3353.0,0.0,2.074435,-3.440815,DEU,UKR,291830
11611944,81,228,6238,2011,1147.0,0.0,1.8048220000000001,0.380141,GBR,UKR,291830
11611945,104,228,6238,2011,3016.0,11713.0,0.18276199999999998,2.398765,IND,UKR,291830
11611946,111,228,6238,2011,44186.0,0.0,1.298751,0.48013599999999995,ITA,UKR,291830
11611947,135,228,6238,2011,0.0,10058.0,-0.225556,0.28622,MDA,UKR,291830
11611948,186,228,6238,2011,0.0,80710.0,0.47319399999999995,-0.20801599999999998,RUS,UKR,291830
11611949,192,228,6238,2011,0.0,16528.0,1.849116,0.52127,SGP,UKR,291830
11611950,208,228,6238,2011,26395.0,0.0,1.857146,0.366159,SWE,UKR,291830
11611951,231,228,6238,2011,1658.0,3263.0,1.6884849999999998,-0.474499,USA,UKR,291830
11611952,249,228,6238,2011,209582.0,0.0,1.803234,0.921233,TWN,UKR,291830
11611953,8,230,6238,2011,10290.0,0.0,0.240494,0.540376,ARG,URY,291830
11611954,43,230,6238,2011,235220.0,0.0,1.072299,1.686826,CHN,URY,291830
11611955,61,230,6238,2011,1577.0,0.0,2.074435,-3.440815,DEU,URY,291830
11611956,77,230,6238,2011,1785.0,0.0,1.532054,0.09339299999999999,FRA,URY,291830
11611957,97,230,6238,2011,17319.0,0.0,0.663588,1.902118,HKG,URY,291830
11611958,104,230,6238,2011,15087.0,0.0,0.18276199999999998,2.398765,IND,URY,291830
11611959,111,230,6238,2011,9135.0,0.0,1.298751,0.48013599999999995,ITA,URY,291830
11611960,8,231,6238,2011,0.0,627930.0,0.240494,0.540376,ARG,USA,291830
11611961,14,231,6238,2011,2845.0,33547.0,-0.138148,0.002999,AUS,USA,291830
11611962,15,231,6238,2011,635720.0,5576113.0,1.687634,-0.229095,AUT,USA,291830
11611963,18,231,6238,2011,72582.0,96781.0,1.221703,1.247961,BEL,USA,291830
11611964,31,231,6238,2011,0.0,989.0,-0.818593,-0.8701770000000001,BOL,USA,291830
11611965,32,231,6238,2011,50154.0,1496802.0,0.27718400000000004,0.5674319999999999,BRA,USA,291830
11611966,39,231,6238,2011,510519.0,298756.0,0.754813,1.1967290000000002,CAN,USA,291830
11611967,41,231,6238,2011,14076952.0,6994868.0,2.2644029999999997,0.406131,CHE,USA,291830
11611968,42,231,6238,2011,0.0,4757.0,-0.199877,-0.353009,CHL,USA,291830
11611969,43,231,6238,2011,19527942.0,7422875.0,1.072299,1.686826,CHN,USA,291830
11611970,49,231,6238,2011,121529.0,438211.0,0.14336600000000002,-0.22996,COL,USA,291830
11611971,52,231,6238,2011,0.0,242609.0,0.04325,-0.553193,CRI,USA,291830
11611972,59,231,6238,2011,1634.0,8714.0,1.737788,0.14741600000000002,CZE,USA,291830
11611973,61,231,6238,2011,459622.0,5476112.0,2.074435,-3.440815,DEU,USA,291830
11611974,64,231,6238,2011,0.0,115846.0,1.156026,1.2248299999999999,DNK,USA,291830
11611975,65,231,6238,2011,0.0,17914.0,-0.260653,0.5682010000000001,DOM,USA,291830
11611976,67,231,6238,2011,0.0,6885.0,-0.8250639999999999,-0.839082,ECU,USA,291830
11611977,68,231,6238,2011,0.0,45788.0,-0.166243,1.384719,EGY,USA,291830
11611978,71,231,6238,2011,3387870.0,885045.0,0.8677290000000001,2.4618450000000003,ESP,USA,291830
11611979,77,231,6238,2011,4789054.0,9658793.0,1.532054,0.09339299999999999,FRA,USA,291830
11611980,81,231,6238,2011,272864.0,187090.0,1.8048220000000001,0.380141,GBR,USA,291830
11611981,93,231,6238,2011,0.0,19237.0,-0.329497,0.775369,GTM,USA,291830
11611982,96,231,6238,2011,0.0,13867.0,-1.079231,-1.0280989999999999,GUY,USA,291830
11611983,97,231,6238,2011,73418.0,56070.0,0.663588,1.902118,HKG,USA,291830
11611984,99,231,6238,2011,0.0,11825.0,-0.740241,-0.311952,HND,USA,291830
11611985,100,231,6238,2011,0.0,1990.0,0.868294,0.9424299999999999,HRV,USA,291830
11611986,102,231,6238,2011,737547.0,0.0,1.486592,0.805642,HUN,USA,291830
11611987,103,231,6238,2011,0.0,85723.0,-0.234125,1.168384,IDN,USA,291830
11611988,104,231,6238,2011,1917630.0,2873934.0,0.18276199999999998,2.398765,IND,USA,291830
11611989,106,231,6238,2011,670320.0,221690.0,1.403182,0.290245,IRL,USA,291830
11611990,110,231,6238,2011,26091.0,1080062.0,1.324384,0.714611,ISR,USA,291830
11611991,111,231,6238,2011,1322114.0,89500.0,1.298751,0.48013599999999995,ITA,USA,291830
11611992,114,231,6238,2011,8488334.0,3391908.0,2.516395,-0.534301,JPN,USA,291830
11611993,121,231,6238,2011,0.0,545141.0,1.731371,0.8306879999999999,KOR,USA,291830
11611994,122,231,6238,2011,0.0,378464.0,-0.898582,-1.09893,KWT,USA,291830
11611995,124,231,6238,2011,0.0,17572.0,0.278393,1.2962879999999999,LBN,USA,291830
11611996,138,231,6238,2011,14541.0,4558354.0,0.9534600000000001,0.706982,MEX,USA,291830
11611997,153,231,6238,2011,0.0,2844.0,0.9893290000000001,0.632079,MYS,USA,291830
11611998,159,231,6238,2011,0.0,13650.0,-1.699286,-1.15511,NGA,USA,291830
11611999,162,231,6238,2011,48726.0,3142466.0,1.1655229999999999,1.410167,NLD,USA,291830
11612000,166,231,6238,2011,167210.0,7003.0,0.372732,0.548601,NZL,USA,291830
11612001,169,231,6238,2011,0.0,20561.0,0.786135,1.061008,PAN,USA,291830
11612002,173,231,6238,2011,0.0,13191.0,-0.455977,0.442543,PER,USA,291830
11612003,174,231,6238,2011,0.0,8024.0,0.364707,0.322626,PHL,USA,291830
11612004,177,231,6238,2011,0.0,14582.0,1.133641,1.134203,POL,USA,291830
11612005,185,231,6238,2011,16937.0,0.0,0.722,1.296655,ROU,USA,291830
11612006,186,231,6238,2011,1402.0,35951.0,0.47319399999999995,-0.20801599999999998,RUS,USA,291830
11612007,192,231,6238,2011,0.0,289354.0,1.849116,0.52127,SGP,USA,291830
11612008,208,231,6238,2011,0.0,10527.0,1.857146,0.366159,SWE,USA,291830
11612009,216,231,6238,2011,0.0,53552.0,0.889009,1.503118,THA,USA,291830
11612010,224,231,6238,2011,0.0,218125.0,0.45775,2.4316259999999996,TUR,USA,291830
11612011,228,231,6238,2011,3263.0,1658.0,0.6221409999999999,0.765505,UKR,USA,291830
11612012,236,231,6238,2011,0.0,8245.0,-0.841147,-1.095636,VEN,USA,291830
11612013,246,231,6238,2011,0.0,23319.0,0.241792,1.353011,ZAF,USA,291830
11612014,249,231,6238,2011,1140819.0,355724.0,1.803234,0.921233,TWN,USA,291830
11612015,8,236,6238,2011,22065.0,0.0,0.240494,0.540376,ARG,VEN,291830
11612016,43,236,6238,2011,291903.0,0.0,1.072299,1.686826,CHN,VEN,291830
11612017,52,236,6238,2011,77486.0,0.0,0.04325,-0.553193,CRI,VEN,291830
11612018,61,236,6238,2011,279012.0,0.0,2.074435,-3.440815,DEU,VEN,291830
11612019,71,236,6238,2011,111620.0,0.0,0.8677290000000001,2.4618450000000003,ESP,VEN,291830
11612020,77,236,6238,2011,442922.0,0.0,1.532054,0.09339299999999999,FRA,VEN,291830
11612021,111,236,6238,2011,18432.0,0.0,1.298751,0.48013599999999995,ITA,VEN,291830
11612022,138,236,6238,2011,79074.0,0.0,0.9534600000000001,0.706982,MEX,VEN,291830
11612023,162,236,6238,2011,922848.0,0.0,1.1655229999999999,1.410167,NLD,VEN,291830
11612024,231,236,6238,2011,8245.0,0.0,1.6884849999999998,-0.474499,USA,VEN,291830
11612025,43,243,6238,2011,17382.0,0.0,1.072299,1.686826,CHN,YEM,291830
11612026,104,243,6238,2011,57442.0,0.0,0.18276199999999998,2.398765,IND,YEM,291830
11612027,167,243,6238,2011,12033.0,0.0,-0.473703,-0.952491,OMN,YEM,291830
11612028,41,246,6238,2011,23306.0,0.0,2.2644029999999997,0.406131,CHE,ZAF,291830
11612029,43,246,6238,2011,88010.0,0.0,1.072299,1.686826,CHN,ZAF,291830
11612030,61,246,6238,2011,43148.0,0.0,2.074435,-3.440815,DEU,ZAF,291830
11612031,71,246,6238,2011,1800.0,0.0,0.8677290000000001,2.4618450000000003,ESP,ZAF,291830
11612032,77,246,6238,2011,4900.0,0.0,1.532054,0.09339299999999999,FRA,ZAF,291830
11612033,81,246,6238,2011,1934.0,0.0,1.8048220000000001,0.380141,GBR,ZAF,291830
11612034,104,246,6238,2011,87756.0,0.0,0.18276199999999998,2.398765,IND,ZAF,291830
11612035,114,246,6238,2011,13671.0,0.0,2.516395,-0.534301,JPN,ZAF,291830
11612036,152,246,6238,2011,0.0,19669.0,-1.100291,-0.982559,MWI,ZAF,291830
11612037,166,246,6238,2011,4031.0,0.0,0.372732,0.548601,NZL,ZAF,291830
11612038,231,246,6238,2011,23319.0,0.0,1.6884849999999998,-0.474499,USA,ZAF,291830
11612039,248,246,6238,2011,0.0,1438.0,-0.858662,-0.8632719999999999,ZWE,ZAF,291830
11612040,249,246,6238,2011,123559.0,0.0,1.803234,0.921233,TWN,ZAF,291830
11612041,7,249,6238,2011,0.0,91872.0,0.030652,-0.450808,ARE,TWN,291830
11612042,8,249,6238,2011,0.0,1111150.0,0.240494,0.540376,ARG,TWN,291830
11612043,14,249,6238,2011,0.0,72264.0,-0.138148,0.002999,AUS,TWN,291830
11612044,15,249,6238,2011,0.0,520202.0,1.687634,-0.229095,AUT,TWN,291830
11612045,18,249,6238,2011,3521.0,1501406.0,1.221703,1.247961,BEL,TWN,291830
11612046,32,249,6238,2011,0.0,93187.0,0.27718400000000004,0.5674319999999999,BRA,TWN,291830
11612047,39,249,6238,2011,0.0,479757.0,0.754813,1.1967290000000002,CAN,TWN,291830
11612048,41,249,6238,2011,29101.0,2420.0,2.2644029999999997,0.406131,CHE,TWN,291830
11612049,43,249,6238,2011,984990.0,2608170.0,1.072299,1.686826,CHN,TWN,291830
11612050,59,249,6238,2011,0.0,115017.0,1.737788,0.14741600000000002,CZE,TWN,291830
11612051,61,249,6238,2011,15752.0,541408.0,2.074435,-3.440815,DEU,TWN,291830
11612052,71,249,6238,2011,9769.0,108658.0,0.8677290000000001,2.4618450000000003,ESP,TWN,291830
11612053,77,249,6238,2011,11738.0,56365.0,1.532054,0.09339299999999999,FRA,TWN,291830
11612054,81,249,6238,2011,134012.0,120331.0,1.8048220000000001,0.380141,GBR,TWN,291830
11612055,97,249,6238,2011,10178.0,20939.0,0.663588,1.902118,HKG,TWN,291830
11612056,103,249,6238,2011,0.0,32580.0,-0.234125,1.168384,IDN,TWN,291830
11612057,104,249,6238,2011,67788.0,988832.0,0.18276199999999998,2.398765,IND,TWN,291830
11612058,107,249,6238,2011,0.0,15926.0,-0.915379,-0.973194,IRN,TWN,291830
11612059,111,249,6238,2011,35019.0,738470.0,1.298751,0.48013599999999995,ITA,TWN,291830
11612060,114,249,6238,2011,457667.0,1326653.0,2.516395,-0.534301,JPN,TWN,291830
11612061,121,249,6238,2011,16819.0,2003328.0,1.731371,0.8306879999999999,KOR,TWN,291830
11612062,124,249,6238,2011,0.0,36867.0,0.278393,1.2962879999999999,LBN,TWN,291830
11612063,138,249,6238,2011,0.0,78805.0,0.9534600000000001,0.706982,MEX,TWN,291830
11612064,153,249,6238,2011,5210.0,125052.0,0.9893290000000001,0.632079,MYS,TWN,291830
11612065,159,249,6238,2011,0.0,620188.0,-1.699286,-1.15511,NGA,TWN,291830
11612066,162,249,6238,2011,0.0,139392.0,1.1655229999999999,1.410167,NLD,TWN,291830
11612067,166,249,6238,2011,0.0,17171.0,0.372732,0.548601,NZL,TWN,291830
11612068,168,249,6238,2011,0.0,3413.0,-0.729677,0.6026729999999999,PAK,TWN,291830
11612069,174,249,6238,2011,0.0,74839.0,0.364707,0.322626,PHL,TWN,291830
11612070,186,249,6238,2011,0.0,2501114.0,0.47319399999999995,-0.20801599999999998,RUS,TWN,291830
11612071,188,249,6238,2011,0.0,1793797.0,0.354045,-0.800028,SAU,TWN,291830
11612072,192,249,6238,2011,43944.0,54554.0,1.849116,0.52127,SGP,TWN,291830
11612073,207,249,6238,2011,0.0,11849.0,1.642913,0.700222,SVN,TWN,291830
11612074,212,249,6238,2011,0.0,43121.0,-0.604133,0.5268970000000001,SYR,TWN,291830
11612075,216,249,6238,2011,0.0,256505.0,0.889009,1.503118,THA,TWN,291830
11612076,224,249,6238,2011,0.0,901605.0,0.45775,2.4316259999999996,TUR,TWN,291830
11612077,228,249,6238,2011,0.0,209582.0,0.6221409999999999,0.765505,UKR,TWN,291830
11612078,231,249,6238,2011,355724.0,1140819.0,1.6884849999999998,-0.474499,USA,TWN,291830
11612079,239,249,6238,2011,0.0,165146.0,-0.184453,1.637207,VNM,TWN,291830
11612080,246,249,6238,2011,0.0,123559.0,0.241792,1.353011,ZAF,TWN,291830
11612081,8,250,6238,2011,0.0,143334.0,0.240494,0.540376,ARG,ANS,291830
11612082,42,250,6238,2011,0.0,1323.0,-0.199877,-0.353009,CHL,ANS,291830
11612083,77,250,6238,2011,0.0,10035.0,1.532054,0.09339299999999999,FRA,ANS,291830
11612084,104,250,6238,2011,0.0,103625.0,0.18276199999999998,2.398765,IND,ANS,291830
11612085,207,250,6238,2011,0.0,35198.0,1.642913,0.700222,SVN,ANS,291830
11612086,41,14,6238,2011,263006.0,0.0,2.2644029999999997,0.406131,CHE,AUS,291830
11612087,43,14,6238,2011,582893.0,0.0,1.072299,1.686826,CHN,AUS,291830
11612088,61,14,6238,2011,17913.0,0.0,2.074435,-3.440815,DEU,AUS,291830
11612089,71,14,6238,2011,2421.0,0.0,0.8677290000000001,2.4618450000000003,ESP,AUS,291830
11612090,103,14,6238,2011,0.0,4056.0,-0.234125,1.168384,IDN,AUS,291830
11612091,104,14,6238,2011,0.0,79727.0,0.18276199999999998,2.398765,IND,AUS,291830
11612092,114,14,6238,2011,4120.0,0.0,2.516395,-0.534301,JPN,AUS,291830
11612093,166,14,6238,2011,0.0,9638.0,0.372732,0.548601,NZL,AUS,291830
11612094,192,14,6238,2011,3826.0,0.0,1.849116,0.52127,SGP,AUS,291830
11612095,231,14,6238,2011,33547.0,2845.0,1.6884849999999998,-0.474499,USA,AUS,291830
11612096,249,14,6238,2011,72264.0,0.0,1.803234,0.921233,TWN,AUS,291830
11612097,43,22,6238,2011,1514341.0,0.0,1.072299,1.686826,CHN,BGD,291830
11612098,61,22,6238,2011,28335.0,0.0,2.074435,-3.440815,DEU,BGD,291830
11612099,104,22,6238,2011,152600.0,0.0,0.18276199999999998,2.398765,IND,BGD,291830
11612100,167,22,6238,2011,11194.0,0.0,-0.473703,-0.952491,OMN,BGD,291830
11612101,192,22,6238,2011,597884.0,0.0,1.849116,0.52127,SGP,BGD,291830
11612102,216,22,6238,2011,11413.0,0.0,0.889009,1.503118,THA,BGD,291830
11612103,77,26,6238,2011,930.0,0.0,1.532054,0.09339299999999999,FRA,BIH,291830
11612104,162,26,6238,2011,2317.0,0.0,1.1655229999999999,1.410167,NLD,BIH,291830
11612105,201,26,6238,2011,2339.0,6060.0,0.49055699999999997,1.5601399999999999,SRB,BIH,291830
11612106,61,28,6238,2011,14698.0,0.0,2.074435,-3.440815,DEU,BLR,291830
11612107,81,28,6238,2011,691.0,0.0,1.8048220000000001,0.380141,GBR,BLR,291830
11612108,104,58,6238,2011,41155.0,0.0,0.18276199999999998,2.398765,IND,CYP,291830
11612109,7,68,6238,2011,5479.0,0.0,0.030652,-0.450808,ARE,EGY,291830
11612110,41,68,6238,2011,575188.0,0.0,2.2644029999999997,0.406131,CHE,EGY,291830
11612111,43,68,6238,2011,3103392.0,0.0,1.072299,1.686826,CHN,EGY,291830
11612112,61,68,6238,2011,175938.0,0.0,2.074435,-3.440815,DEU,EGY,291830
11612113,71,68,6238,2011,9776.0,0.0,0.8677290000000001,2.4618450000000003,ESP,EGY,291830
11612114,77,68,6238,2011,349660.0,0.0,1.532054,0.09339299999999999,FRA,EGY,291830
11612115,81,68,6238,2011,6608.0,0.0,1.8048220000000001,0.380141,GBR,EGY,291830
11612116,104,68,6238,2011,49496.0,0.0,0.18276199999999998,2.398765,IND,EGY,291830
11612117,111,68,6238,2011,598248.0,0.0,1.298751,0.48013599999999995,ITA,EGY,291830
11612118,113,68,6238,2011,39657.0,0.0,0.231605,0.47049399999999997,JOR,EGY,291830
11612119,167,68,6238,2011,320469.0,0.0,-0.473703,-0.952491,OMN,EGY,291830
11612120,188,68,6238,2011,16633.0,0.0,0.354045,-0.800028,SAU,EGY,291830
11612121,231,68,6238,2011,45788.0,0.0,1.6884849999999998,-0.474499,USA,EGY,291830
11612122,61,72,6238,2011,2033.0,0.0,2.074435,-3.440815,DEU,EST,291830
11612123,77,72,6238,2011,2376.0,0.0,1.532054,0.09339299999999999,FRA,EST,291830
11612124,81,72,6238,2011,2023.0,0.0,1.8048220000000001,0.380141,GBR,EST,291830
11612125,111,72,6238,2011,13408.0,0.0,1.298751,0.48013599999999995,ITA,EST,291830
11612126,186,72,6238,2011,0.0,576.0,0.47319399999999995,-0.20801599999999998,RUS,EST,291830
11612127,107,82,6238,2011,0.0,52176.0,-0.915379,-0.973194,IRN,GEO,291830
11612128,143,82,6238,2011,0.0,4303.0,-1.3557190000000001,-0.929934,MMR,GEO,291830
11612129,43,83,6238,2011,47742.0,0.0,1.072299,1.686826,CHN,GHA,291830
11612130,61,83,6238,2011,35162.0,0.0,2.074435,-3.440815,DEU,GHA,291830
11612131,43,100,6238,2011,81837.0,0.0,1.072299,1.686826,CHN,HRV,291830
11612132,61,100,6238,2011,112273.0,0.0,2.074435,-3.440815,DEU,HRV,291830
11612133,77,100,6238,2011,122699.0,0.0,1.532054,0.09339299999999999,FRA,HRV,291830
11612134,102,100,6238,2011,5928.0,0.0,1.486592,0.805642,HUN,HRV,291830
11612135,162,100,6238,2011,38855.0,0.0,1.1655229999999999,1.410167,NLD,HRV,291830
11612136,201,100,6238,2011,0.0,2368.0,0.49055699999999997,1.5601399999999999,SRB,HRV,291830
11612137,231,100,6238,2011,1990.0,0.0,1.6884849999999998,-0.474499,USA,HRV,291830
11612138,15,102,6238,2011,858.0,0.0,1.687634,-0.229095,AUT,HUN,291830
11612139,18,102,6238,2011,2821.0,1431.0,1.221703,1.247961,BEL,HUN,291830
11612140,41,102,6238,2011,0.0,6789.0,2.2644029999999997,0.406131,CHE,HUN,291830
11612141,43,102,6238,2011,102501.0,0.0,1.072299,1.686826,CHN,HUN,291830
11612142,59,102,6238,2011,33383.0,0.0,1.737788,0.14741600000000002,CZE,HUN,291830
11612143,61,102,6238,2011,183619.0,9018.0,2.074435,-3.440815,DEU,HUN,291830
11612144,81,102,6238,2011,9305.0,6049.0,1.8048220000000001,0.380141,GBR,HUN,291830
11612145,100,102,6238,2011,0.0,5928.0,0.868294,0.9424299999999999,HRV,HUN,291830
11612146,104,102,6238,2011,156748.0,0.0,0.18276199999999998,2.398765,IND,HUN,291830
11612147,111,102,6238,2011,306308.0,0.0,1.298751,0.48013599999999995,ITA,HUN,291830
11612148,114,102,6238,2011,0.0,11884.0,2.516395,-0.534301,JPN,HUN,291830
11612149,231,102,6238,2011,0.0,737547.0,1.6884849999999998,-0.474499,USA,HUN,291830
11612150,7,107,6238,2011,102477.0,0.0,0.030652,-0.450808,ARE,IRN,291830
11612151,15,107,6238,2011,2658.0,0.0,1.687634,-0.229095,AUT,IRN,291830
11612152,43,107,6238,2011,705061.0,0.0,1.072299,1.686826,CHN,IRN,291830
11612153,61,107,6238,2011,16045.0,0.0,2.074435,-3.440815,DEU,IRN,291830
11612154,77,107,6238,2011,1289.0,0.0,1.532054,0.09339299999999999,FRA,IRN,291830
11612155,82,107,6238,2011,52176.0,0.0,-0.07754,-0.35434699999999997,GEO,IRN,291830
11612156,104,107,6238,2011,33023.0,0.0,0.18276199999999998,2.398765,IND,IRN,291830
11612157,114,107,6238,2011,52762.0,0.0,2.516395,-0.534301,JPN,IRN,291830
11612158,249,107,6238,2011,15926.0,0.0,1.803234,0.921233,TWN,IRN,291830
11612159,43,113,6238,2011,14963.0,0.0,1.072299,1.686826,CHN,JOR,291830
11612160,61,113,6238,2011,944.0,0.0,2.074435,-3.440815,DEU,JOR,291830
11612161,68,113,6238,2011,0.0,39657.0,-0.166243,1.384719,EGY,JOR,291830
11612162,81,113,6238,2011,3364.0,0.0,1.8048220000000001,0.380141,GBR,JOR,291830
11612163,104,113,6238,2011,131169.0,0.0,0.18276199999999998,2.398765,IND,JOR,291830
11612164,138,113,6238,2011,2699.0,0.0,0.9534600000000001,0.706982,MEX,JOR,291830
11612165,41,115,6238,2011,65166.0,0.0,2.2644029999999997,0.406131,CHE,KAZ,291830
11612166,43,115,6238,2011,29674.0,0.0,1.072299,1.686826,CHN,KAZ,291830
11612167,77,115,6238,2011,2533.0,0.0,1.532054,0.09339299999999999,FRA,KAZ,291830
11612168,111,115,6238,2011,82991.0,0.0,1.298751,0.48013599999999995,ITA,KAZ,291830
11612169,18,116,6238,2011,1973.0,0.0,1.221703,1.247961,BEL,KEN,291830
11612170,43,116,6238,2011,18121.0,0.0,1.072299,1.686826,CHN,KEN,291830
11612171,104,116,6238,2011,49117.0,0.0,0.18276199999999998,2.398765,IND,KEN,291830
11612172,104,118,6238,2011,23665.0,0.0,0.18276199999999998,2.398765,IND,KHM,291830
11612173,43,124,6238,2011,2108.0,0.0,1.072299,1.686826,CHN,LBN,291830
11612174,77,124,6238,2011,18362.0,0.0,1.532054,0.09339299999999999,FRA,LBN,291830
11612175,114,124,6238,2011,1006.0,0.0,2.516395,-0.534301,JPN,LBN,291830
11612176,231,124,6238,2011,17572.0,0.0,1.6884849999999998,-0.474499,USA,LBN,291830
11612177,249,124,6238,2011,36867.0,0.0,1.803234,0.921233,TWN,LBN,291830
11612178,103,128,6238,2011,86402.0,0.0,-0.234125,1.168384,IDN,LKA,291830
11612179,104,128,6238,2011,118857.0,117264.0,0.18276199999999998,2.398765,IND,LKA,291830
11612180,192,128,6238,2011,6175.0,0.0,1.849116,0.52127,SGP,LKA,291830
11612181,18,130,6238,2011,1928.0,0.0,1.221703,1.247961,BEL,LTU,291830
11612182,43,130,6238,2011,2845.0,0.0,1.072299,1.686826,CHN,LTU,291830
11612183,61,130,6238,2011,989.0,0.0,2.074435,-3.440815,DEU,LTU,291830
11612184,71,130,6238,2011,5034.0,0.0,0.8677290000000001,2.4618450000000003,ESP,LTU,291830
11612185,186,130,6238,2011,0.0,5733.0,0.47319399999999995,-0.20801599999999998,RUS,LTU,291830
11612186,18,132,6238,2011,1282.0,0.0,1.221703,1.247961,BEL,LVA,291830
11612187,43,132,6238,2011,204509.0,0.0,1.072299,1.686826,CHN,LVA,291830
11612188,61,132,6238,2011,1784.0,0.0,2.074435,-3.440815,DEU,LVA,291830
11612189,81,132,6238,2011,18500.0,0.0,1.8048220000000001,0.380141,GBR,LVA,291830
11612190,43,135,6238,2011,8917.0,0.0,1.072299,1.686826,CHN,MDA,291830
11612191,104,135,6238,2011,1231.0,0.0,0.18276199999999998,2.398765,IND,MDA,291830
11612192,177,135,6238,2011,2856.0,0.0,1.133641,1.134203,POL,MDA,291830
11612193,228,135,6238,2011,10058.0,0.0,0.6221409999999999,0.765505,UKR,MDA,291830
11612194,41,140,6238,2011,16894.0,0.0,2.2644029999999997,0.406131,CHE,MKD,291830
11612195,43,140,6238,2011,30279.0,0.0,1.072299,1.686826,CHN,MKD,291830
11612196,61,140,6238,2011,1134.0,0.0,2.074435,-3.440815,DEU,MKD,291830
11612197,111,140,6238,2011,10292.0,0.0,1.298751,0.48013599999999995,ITA,MKD,291830
11612198,77,142,6238,2011,1981.0,0.0,1.532054,0.09339299999999999,FRA,MLT,291830
11612199,43,143,6238,2011,2321.0,0.0,1.072299,1.686826,CHN,MMR,291830
11612200,82,143,6238,2011,4303.0,0.0,-0.07754,-0.35434699999999997,GEO,MMR,291830
11612201,97,143,6238,2011,2098.0,0.0,0.663588,1.902118,HKG,MMR,291830
11612202,103,143,6238,2011,5178.0,0.0,-0.234125,1.168384,IDN,MMR,291830
11612203,104,147,6238,2011,7566.0,0.0,0.18276199999999998,2.398765,IND,MOZ,291830
11612204,41,163,6238,2011,1075.0,0.0,2.2644029999999997,0.406131,CHE,NOR,291830
11612205,43,163,6238,2011,846648.0,0.0,1.072299,1.686826,CHN,NOR,291830
11612206,61,163,6238,2011,3339.0,0.0,2.074435,-3.440815,DEU,NOR,291830
11612207,77,163,6238,2011,1890730.0,0.0,1.532054,0.09339299999999999,FRA,NOR,291830
11612208,81,163,6238,2011,1257.0,0.0,1.8048220000000001,0.380141,GBR,NOR,291830
11612209,114,163,6238,2011,280931.0,0.0,2.516395,-0.534301,JPN,NOR,291830
11612210,208,163,6238,2011,1555.0,0.0,1.857146,0.366159,SWE,NOR,291830
11612211,22,167,6238,2011,0.0,11194.0,-1.074416,-0.8276370000000001,BGD,OMN,291830
11612212,42,167,6238,2011,0.0,112641.0,-0.199877,-0.353009,CHL,OMN,291830
11612213,68,167,6238,2011,0.0,320469.0,-0.166243,1.384719,EGY,OMN,291830
11612214,168,167,6238,2011,0.0,71888.0,-0.729677,0.6026729999999999,PAK,OMN,291830
11612215,243,167,6238,2011,0.0,12033.0,-1.44127,-1.242875,YEM,OMN,291830
11612216,18,186,6238,2011,4882.0,0.0,1.221703,1.247961,BEL,RUS,291830
11612217,41,186,6238,2011,1430.0,0.0,2.2644029999999997,0.406131,CHE,RUS,291830
11612218,43,186,6238,2011,497005.0,0.0,1.072299,1.686826,CHN,RUS,291830
11612219,61,186,6238,2011,291840.0,0.0,2.074435,-3.440815,DEU,RUS,291830
11612220,71,186,6238,2011,1171.0,0.0,0.8677290000000001,2.4618450000000003,ESP,RUS,291830
11612221,72,186,6238,2011,576.0,0.0,0.9806790000000001,1.110449,EST,RUS,291830
11612222,81,186,6238,2011,2163.0,1583.0,1.8048220000000001,0.380141,GBR,RUS,291830
11612223,97,186,6238,2011,1643.0,0.0,0.663588,1.902118,HKG,RUS,291830
11612224,104,186,6238,2011,0.0,4034.0,0.18276199999999998,2.398765,IND,RUS,291830
11612225,130,186,6238,2011,5733.0,0.0,0.747963,0.9759530000000001,LTU,RUS,291830
11612226,162,186,6238,2011,0.0,4748.0,1.1655229999999999,1.410167,NLD,RUS,291830
11612227,177,186,6238,2011,3782.0,0.0,1.133641,1.134203,POL,RUS,291830
11612228,228,186,6238,2011,80710.0,0.0,0.6221409999999999,0.765505,UKR,RUS,291830
11612229,231,186,6238,2011,35951.0,1402.0,1.6884849999999998,-0.474499,USA,RUS,291830
11612230,249,186,6238,2011,2501114.0,0.0,1.803234,0.921233,TWN,RUS,291830
11612231,43,191,6238,2011,19050.0,0.0,1.072299,1.686826,CHN,SEN,291830
11612232,61,191,6238,2011,14244.0,0.0,2.074435,-3.440815,DEU,SEN,291830
11612233,104,191,6238,2011,0.0,229794.0,0.18276199999999998,2.398765,IND,SEN,291830
11612234,26,201,6238,2011,6060.0,2339.0,0.391425,0.6066600000000001,BIH,SRB,291830
11612235,61,201,6238,2011,1145.0,0.0,2.074435,-3.440815,DEU,SRB,291830
11612236,100,201,6238,2011,2368.0,0.0,0.868294,0.9424299999999999,HRV,SRB,291830
11612237,43,232,6238,2011,4540.0,0.0,1.072299,1.686826,CHN,UZB,291830
11612238,43,239,6238,2011,100095.0,0.0,1.072299,1.686826,CHN,VNM,291830
11612239,61,239,6238,2011,12701.0,0.0,2.074435,-3.440815,DEU,VNM,291830
11612240,77,239,6238,2011,15199.0,0.0,1.532054,0.09339299999999999,FRA,VNM,291830
11612241,104,239,6238,2011,278940.0,25475.0,0.18276199999999998,2.398765,IND,VNM,291830
11612242,111,239,6238,2011,11367.0,0.0,1.298751,0.48013599999999995,ITA,VNM,291830
11612243,114,239,6238,2011,30537.0,0.0,2.516395,-0.534301,JPN,VNM,291830
11612244,121,239,6238,2011,138634.0,0.0,1.731371,0.8306879999999999,KOR,VNM,291830
11612245,153,239,6238,2011,38416.0,0.0,0.9893290000000001,0.632079,MYS,VNM,291830
11612246,192,239,6238,2011,242283.0,0.0,1.849116,0.52127,SGP,VNM,291830
11612247,216,239,6238,2011,1680.0,0.0,0.889009,1.503118,THA,VNM,291830
11612248,249,239,6238,2011,165146.0,0.0,1.803234,0.921233,TWN,VNM,291830
11612249,104,248,6238,2011,6615.0,0.0,0.18276199999999998,2.398765,IND,ZWE,291830
11612250,246,248,6238,2011,1438.0,0.0,0.241792,1.353011,ZAF,ZWE,291830
11612251,8,31,6238,2011,4330.0,0.0,0.240494,0.540376,ARG,BOL,291830
11612252,43,31,6238,2011,2981.0,0.0,1.072299,1.686826,CHN,BOL,291830
11612253,71,31,6238,2011,2713.0,0.0,0.8677290000000001,2.4618450000000003,ESP,BOL,291830
11612254,77,31,6238,2011,6145.0,0.0,1.532054,0.09339299999999999,FRA,BOL,291830
11612255,111,31,6238,2011,6750.0,0.0,1.298751,0.48013599999999995,ITA,BOL,291830
11612256,166,31,6238,2011,7110.0,0.0,0.372732,0.548601,NZL,BOL,291830
11612257,231,31,6238,2011,989.0,0.0,1.6884849999999998,-0.474499,USA,BOL,291830
11612258,61,54,6238,2011,8116.0,0.0,2.074435,-3.440815,DEU,CUB,291830
11612259,77,54,6238,2011,26624.0,0.0,1.532054,0.09339299999999999,FRA,CUB,291830
11612260,104,54,6238,2011,118120.0,0.0,0.18276199999999998,2.398765,IND,CUB,291830
11612261,43,62,6238,2011,31803.0,0.0,1.072299,1.686826,CHN,DJI,291830
11612262,104,62,6238,2011,4876.0,0.0,0.18276199999999998,2.398765,IND,DJI,291830
11612263,15,66,6238,2011,0.0,33465.0,1.687634,-0.229095,AUT,DZA,291830
11612264,43,66,6238,2011,66354.0,0.0,1.072299,1.686826,CHN,DZA,291830
11612265,61,66,6238,2011,190628.0,0.0,2.074435,-3.440815,DEU,DZA,291830
11612266,71,66,6238,2011,4267.0,0.0,0.8677290000000001,2.4618450000000003,ESP,DZA,291830
11612267,77,66,6238,2011,418292.0,0.0,1.532054,0.09339299999999999,FRA,DZA,291830
11612268,111,66,6238,2011,28692.0,0.0,1.298751,0.48013599999999995,ITA,DZA,291830
11612269,61,109,6238,2011,924.0,0.0,2.074435,-3.440815,DEU,ISL,291830
11612270,39,151,6238,2011,500.0,0.0,0.754813,1.1967290000000002,CAN,MUS,291830
11612271,77,151,6238,2011,1958.0,0.0,1.532054,0.09339299999999999,FRA,MUS,291830
11612272,43,159,6238,2011,43164.0,0.0,1.072299,1.686826,CHN,NGA,291830
11612273,61,159,6238,2011,15892.0,0.0,2.074435,-3.440815,DEU,NGA,291830
11612274,81,159,6238,2011,4421804.0,0.0,1.8048220000000001,0.380141,GBR,NGA,291830
11612275,104,159,6238,2011,4776.0,0.0,0.18276199999999998,2.398765,IND,NGA,291830
11612276,231,159,6238,2011,13650.0,0.0,1.6884849999999998,-0.474499,USA,NGA,291830
11612277,249,159,6238,2011,620188.0,0.0,1.803234,0.921233,TWN,NGA,291830
11612278,43,178,6238,2011,1591.0,0.0,1.072299,1.686826,CHN,PRK,291830
11612279,81,199,6238,2011,1959.0,0.0,1.8048220000000001,0.380141,GBR,SOM,291830
11612280,43,212,6238,2011,10178.0,0.0,1.072299,1.686826,CHN,SYR,291830
11612281,77,212,6238,2011,49893.0,0.0,1.532054,0.09339299999999999,FRA,SYR,291830
11612282,104,212,6238,2011,66879.0,0.0,0.18276199999999998,2.398765,IND,SYR,291830
11612283,111,212,6238,2011,824449.0,0.0,1.298751,0.48013599999999995,ITA,SYR,291830
11612284,249,212,6238,2011,43121.0,0.0,1.803234,0.921233,TWN,SYR,291830
11612285,43,215,6238,2011,32891.0,0.0,1.072299,1.686826,CHN,TGO,291830
11612286,43,223,6238,2011,18097.0,0.0,1.072299,1.686826,CHN,TUN,291830
11612287,61,223,6238,2011,145336.0,0.0,2.074435,-3.440815,DEU,TUN,291830
11612288,71,223,6238,2011,24635.0,0.0,0.8677290000000001,2.4618450000000003,ESP,TUN,291830
11612289,77,223,6238,2011,392428.0,0.0,1.532054,0.09339299999999999,FRA,TUN,291830
11612290,104,223,6238,2011,13988.0,0.0,0.18276199999999998,2.398765,IND,TUN,291830
11612291,111,223,6238,2011,107956.0,0.0,1.298751,0.48013599999999995,ITA,TUN,291830
11612292,104,247,6238,2011,14260.0,0.0,0.18276199999999998,2.398765,IND,ZMB,291830
11612293,114,9,6238,2011,0.0,1687.0,2.516395,-0.534301,JPN,ARM,291830
11612294,246,152,6238,2011,19669.0,0.0,0.241792,1.353011,ZAF,MWI,291830
11612295,43,160,6238,2011,1160.0,0.0,1.072299,1.686826,CHN,NIC,291830
11612296,71,5,6238,2011,4613.0,0.0,0.8677290000000001,2.4618450000000003,ESP,AND,291830
11612297,77,5,6238,2011,3477.0,0.0,1.532054,0.09339299999999999,FRA,AND,291830
11612298,43,7,6239,2011,183545.0,0.0,1.072299,1.686826,CHN,ARE,291890
11612299,61,7,6239,2011,15063.0,0.0,2.074435,-3.440815,DEU,ARE,291890
11612300,77,7,6239,2011,16356.0,0.0,1.532054,0.09339299999999999,FRA,ARE,291890
11612301,81,7,6239,2011,32798.0,0.0,1.8048220000000001,0.380141,GBR,ARE,291890
11612302,104,7,6239,2011,14475.0,16551.0,0.18276199999999998,2.398765,IND,ARE,291890
11612303,107,7,6239,2011,0.0,410423.0,-0.915379,-0.973194,IRN,ARE,291890
11612304,111,7,6239,2011,23891.0,0.0,1.298751,0.48013599999999995,ITA,ARE,291890
11612305,190,7,6239,2011,0.0,11826.0,-2.1675869999999997,-1.249272,SDN,ARE,291890
11612306,18,8,6239,2011,85526.0,0.0,1.221703,1.247961,BEL,ARG,291890
11612307,32,8,6239,2011,4550.0,16925028.0,0.27718400000000004,0.5674319999999999,BRA,ARG,291890
11612308,41,8,6239,2011,45426.0,0.0,2.2644029999999997,0.406131,CHE,ARG,291890
11612309,43,8,6239,2011,17776704.0,0.0,1.072299,1.686826,CHN,ARG,291890
11612310,49,8,6239,2011,0.0,79912.0,0.14336600000000002,-0.22996,COL,ARG,291890
11612311,59,8,6239,2011,7375.0,0.0,1.737788,0.14741600000000002,CZE,ARG,291890
11612312,61,8,6239,2011,807101.0,3934.0,2.074435,-3.440815,DEU,ARG,291890
11612313,64,8,6239,2011,0.0,42919.0,1.156026,1.2248299999999999,DNK,ARG,291890
11612314,71,8,6239,2011,40470.0,0.0,0.8677290000000001,2.4618450000000003,ESP,ARG,291890
11612315,77,8,6239,2011,57695.0,0.0,1.532054,0.09339299999999999,FRA,ARG,291890
11612316,81,8,6239,2011,183268.0,0.0,1.8048220000000001,0.380141,GBR,ARG,291890
11612317,97,8,6239,2011,0.0,4586.0,0.663588,1.902118,HKG,ARG,291890
11612318,104,8,6239,2011,269966.0,0.0,0.18276199999999998,2.398765,IND,ARG,291890
11612319,110,8,6239,2011,7704.0,0.0,1.324384,0.714611,ISR,ARG,291890
11612320,111,8,6239,2011,466226.0,0.0,1.298751,0.48013599999999995,ITA,ARG,291890
11612321,114,8,6239,2011,8395.0,0.0,2.516395,-0.534301,JPN,ARG,291890
11612322,138,8,6239,2011,2999.0,0.0,0.9534600000000001,0.706982,MEX,ARG,291890
11612323,153,8,6239,2011,0.0,192754.0,0.9893290000000001,0.632079,MYS,ARG,291890
11612324,162,8,6239,2011,315158.0,0.0,1.1655229999999999,1.410167,NLD,ARG,291890
11612325,173,8,6239,2011,0.0,13586.0,-0.455977,0.442543,PER,ARG,291890
11612326,177,8,6239,2011,2428699.0,0.0,1.133641,1.134203,POL,ARG,291890
11612327,224,8,6239,2011,0.0,755682.0,0.45775,2.4316259999999996,TUR,ARG,291890
11612328,230,8,6239,2011,0.0,7171.0,0.313195,0.042866,URY,ARG,291890
11612329,231,8,6239,2011,2650182.0,4449154.0,1.6884849999999998,-0.474499,USA,ARG,291890
11612330,14,15,6239,2011,0.0,444677.0,-0.138148,0.002999,AUS,AUT,291890
11612331,18,15,6239,2011,20725.0,793090.0,1.221703,1.247961,BEL,AUT,291890
11612332,32,15,6239,2011,0.0,7341632.0,0.27718400000000004,0.5674319999999999,BRA,AUT,291890
11612333,39,15,6239,2011,0.0,240790.0,0.754813,1.1967290000000002,CAN,AUT,291890
11612334,41,15,6239,2011,47337.0,859414.0,2.2644029999999997,0.406131,CHE,AUT,291890
11612335,43,15,6239,2011,50652.0,445023.0,1.072299,1.686826,CHN,AUT,291890
11612336,59,15,6239,2011,0.0,84934.0,1.737788,0.14741600000000002,CZE,AUT,291890
11612337,61,15,6239,2011,598639.0,695180.0,2.074435,-3.440815,DEU,AUT,291890
11612338,64,15,6239,2011,5520.0,0.0,1.156026,1.2248299999999999,DNK,AUT,291890
11612339,71,15,6239,2011,0.0,125321.0,0.8677290000000001,2.4618450000000003,ESP,AUT,291890
11612340,77,15,6239,2011,3510.0,3230178.0,1.532054,0.09339299999999999,FRA,AUT,291890
11612341,81,15,6239,2011,3957813.0,979.0,1.8048220000000001,0.380141,GBR,AUT,291890
11612342,100,15,6239,2011,0.0,25238.0,0.868294,0.9424299999999999,HRV,AUT,291890
11612343,102,15,6239,2011,0.0,23577.0,1.486592,0.805642,HUN,AUT,291890
11612344,104,15,6239,2011,1601926.0,36173.0,0.18276199999999998,2.398765,IND,AUT,291890
11612345,110,15,6239,2011,0.0,138059.0,1.324384,0.714611,ISR,AUT,291890
11612346,111,15,6239,2011,141074.0,147240.0,1.298751,0.48013599999999995,ITA,AUT,291890
11612347,114,15,6239,2011,83417.0,0.0,2.516395,-0.534301,JPN,AUT,291890
11612348,115,15,6239,2011,0.0,1415830.0,-0.514687,-0.775671,KAZ,AUT,291890
11612349,130,15,6239,2011,0.0,1631722.0,0.747963,0.9759530000000001,LTU,AUT,291890
11612350,131,15,6239,2011,0.0,21943.0,1.1655739999999999,1.222379,LUX,AUT,291890
11612351,138,15,6239,2011,0.0,398561.0,0.9534600000000001,0.706982,MEX,AUT,291890
11612352,162,15,6239,2011,9125922.0,66114.0,1.1655229999999999,1.410167,NLD,AUT,291890
11612353,177,15,6239,2011,0.0,32330.0,1.133641,1.134203,POL,AUT,291890
11612354,185,15,6239,2011,0.0,192336.0,0.722,1.296655,ROU,AUT,291890
11612355,186,15,6239,2011,0.0,656698.0,0.47319399999999995,-0.20801599999999998,RUS,AUT,291890
11612356,201,15,6239,2011,0.0,674541.0,0.49055699999999997,1.5601399999999999,SRB,AUT,291890
11612357,206,15,6239,2011,0.0,8051.0,1.262897,0.8230569999999999,SVK,AUT,291890
11612358,224,15,6239,2011,0.0,197876.0,0.45775,2.4316259999999996,TUR,AUT,291890
11612359,231,15,6239,2011,2932644.0,10178559.0,1.6884849999999998,-0.474499,USA,AUT,291890
11612360,246,15,6239,2011,0.0,8906.0,0.241792,1.353011,ZAF,AUT,291890
11612361,249,15,6239,2011,39031.0,0.0,1.803234,0.921233,TWN,AUT,291890
11612362,41,16,6239,2011,2278.0,0.0,2.2644029999999997,0.406131,CHE,AZE,291890
11612363,224,16,6239,2011,1380.0,0.0,0.45775,2.4316259999999996,TUR,AZE,291890
11612364,8,18,6239,2011,0.0,85526.0,0.240494,0.540376,ARG,BEL,291890
11612365,14,18,6239,2011,0.0,1055618.0,-0.138148,0.002999,AUS,BEL,291890
11612366,15,18,6239,2011,793090.0,20725.0,1.687634,-0.229095,AUT,BEL,291890
11612367,23,18,6239,2011,0.0,43494.0,0.537967,1.520973,BGR,BEL,291890
11612368,28,18,6239,2011,0.0,16063.0,0.8786729999999999,0.442097,BLR,BEL,291890
11612369,39,18,6239,2011,2896.0,2432.0,0.754813,1.1967290000000002,CAN,BEL,291890
11612370,41,18,6239,2011,6549.0,173192.0,2.2644029999999997,0.406131,CHE,BEL,291890
11612371,42,18,6239,2011,0.0,4000.0,-0.199877,-0.353009,CHL,BEL,291890
11612372,43,18,6239,2011,2005958.0,709183.0,1.072299,1.686826,CHN,BEL,291890
11612373,44,18,6239,2011,0.0,12866.0,-1.069474,-0.867439,CIV,BEL,291890
11612374,49,18,6239,2011,0.0,1520.0,0.14336600000000002,-0.22996,COL,BEL,291890
11612375,59,18,6239,2011,0.0,18474.0,1.737788,0.14741600000000002,CZE,BEL,291890
11612376,61,18,6239,2011,13990333.0,1516341.0,2.074435,-3.440815,DEU,BEL,291890
11612377,64,18,6239,2011,2428.0,2568.0,1.156026,1.2248299999999999,DNK,BEL,291890
11612378,65,18,6239,2011,0.0,5492.0,-0.260653,0.5682010000000001,DOM,BEL,291890
11612379,66,18,6239,2011,0.0,6478.0,-1.36763,-1.140594,DZA,BEL,291890
11612380,68,18,6239,2011,0.0,27559.0,-0.166243,1.384719,EGY,BEL,291890
11612381,71,18,6239,2011,5501.0,379031.0,0.8677290000000001,2.4618450000000003,ESP,BEL,291890
11612382,73,18,6239,2011,0.0,2087.0,-1.258175,-0.920692,ETH,BEL,291890
11612383,74,18,6239,2011,0.0,2125.0,1.7488830000000002,0.890934,FIN,BEL,291890
11612384,77,18,6239,2011,375617.0,6508724.0,1.532054,0.09339299999999999,FRA,BEL,291890
11612385,81,18,6239,2011,4151008.0,1236754.0,1.8048220000000001,0.380141,GBR,BEL,291890
11612386,90,18,6239,2011,0.0,288326.0,0.138679,1.30044,GRC,BEL,291890
11612387,93,18,6239,2011,0.0,2421.0,-0.329497,0.775369,GTM,BEL,291890
11612388,97,18,6239,2011,0.0,1320.0,0.663588,1.902118,HKG,BEL,291890
11612389,102,18,6239,2011,930.0,7340.0,1.486592,0.805642,HUN,BEL,291890
11612390,104,18,6239,2011,355629.0,55829.0,0.18276199999999998,2.398765,IND,BEL,291890
11612391,106,18,6239,2011,0.0,158815.0,1.403182,0.290245,IRL,BEL,291890
11612392,107,18,6239,2011,0.0,37765.0,-0.915379,-0.973194,IRN,BEL,291890
11612393,110,18,6239,2011,2863649.0,57411.0,1.324384,0.714611,ISR,BEL,291890
11612394,111,18,6239,2011,2586580.0,1203787.0,1.298751,0.48013599999999995,ITA,BEL,291890
11612395,113,18,6239,2011,0.0,17439.0,0.231605,0.47049399999999997,JOR,BEL,291890
11612396,114,18,6239,2011,588074.0,28384.0,2.516395,-0.534301,JPN,BEL,291890
11612397,121,18,6239,2011,0.0,1521.0,1.731371,0.8306879999999999,KOR,BEL,291890
11612398,122,18,6239,2011,0.0,3606.0,-0.898582,-1.09893,KWT,BEL,291890
11612399,124,18,6239,2011,0.0,32717.0,0.278393,1.2962879999999999,LBN,BEL,291890
11612400,130,18,6239,2011,0.0,3332.0,0.747963,0.9759530000000001,LTU,BEL,291890
11612401,132,18,6239,2011,0.0,13481.0,0.7320939999999999,1.101321,LVA,BEL,291890
11612402,134,18,6239,2011,0.0,8295.0,-0.485404,0.099828,MAR,BEL,291890
11612403,138,18,6239,2011,0.0,31482.0,0.9534600000000001,0.706982,MEX,BEL,291890
11612404,140,18,6239,2011,0.0,1690.0,-0.12310499999999999,0.16392,MKD,BEL,291890
11612405,153,18,6239,2011,0.0,1852.0,0.9893290000000001,0.632079,MYS,BEL,291890
11612406,159,18,6239,2011,0.0,45967.0,-1.699286,-1.15511,NGA,BEL,291890
11612407,162,18,6239,2011,4935559.0,2463760.0,1.1655229999999999,1.410167,NLD,BEL,291890
11612408,163,18,6239,2011,0.0,57371.0,0.8492770000000001,0.050044,NOR,BEL,291890
11612409,166,18,6239,2011,0.0,2442.0,0.372732,0.548601,NZL,BEL,291890
11612410,168,18,6239,2011,0.0,76228.0,-0.729677,0.6026729999999999,PAK,BEL,291890
11612411,173,18,6239,2011,0.0,2288.0,-0.455977,0.442543,PER,BEL,291890
11612412,177,18,6239,2011,98834.0,796102.0,1.133641,1.134203,POL,BEL,291890
11612413,179,18,6239,2011,0.0,5178.0,0.558481,2.7056240000000003,PRT,BEL,291890
11612414,185,18,6239,2011,0.0,62958.0,0.722,1.296655,ROU,BEL,291890
11612415,186,18,6239,2011,0.0,149644.0,0.47319399999999995,-0.20801599999999998,RUS,BEL,291890
11612416,192,18,6239,2011,8360.0,1357240.0,1.849116,0.52127,SGP,BEL,291890
11612417,201,18,6239,2011,0.0,1800.0,0.49055699999999997,1.5601399999999999,SRB,BEL,291890
11612418,207,18,6239,2011,0.0,139097.0,1.642913,0.700222,SVN,BEL,291890
11612419,208,18,6239,2011,0.0,67934.0,1.857146,0.366159,SWE,BEL,291890
11612420,216,18,6239,2011,0.0,290506.0,0.889009,1.503118,THA,BEL,291890
11612421,224,18,6239,2011,0.0,82947.0,0.45775,2.4316259999999996,TUR,BEL,291890
11612422,228,18,6239,2011,0.0,428458.0,0.6221409999999999,0.765505,UKR,BEL,291890
11612423,231,18,6239,2011,4312125.0,7545002.0,1.6884849999999998,-0.474499,USA,BEL,291890
11612424,236,18,6239,2011,0.0,2144.0,-0.841147,-1.095636,VEN,BEL,291890
11612425,239,18,6239,2011,0.0,891.0,-0.184453,1.637207,VNM,BEL,291890
11612426,246,18,6239,2011,1302.0,42393.0,0.241792,1.353011,ZAF,BEL,291890
11612427,249,18,6239,2011,46519.0,5030.0,1.803234,0.921233,TWN,BEL,291890
11612428,18,23,6239,2011,43494.0,0.0,1.221703,1.247961,BEL,BGR,291890
11612429,43,23,6239,2011,2918.0,0.0,1.072299,1.686826,CHN,BGR,291890
11612430,61,23,6239,2011,23602.0,0.0,2.074435,-3.440815,DEU,BGR,291890
11612431,81,23,6239,2011,77614.0,0.0,1.8048220000000001,0.380141,GBR,BGR,291890
11612432,111,23,6239,2011,13173.0,0.0,1.298751,0.48013599999999995,ITA,BGR,291890
11612433,191,23,6239,2011,0.0,655.0,-0.624346,-0.308052,SEN,BGR,291890
11612434,231,25,6239,2011,4295.0,0.0,1.6884849999999998,-0.474499,USA,BHS,291890
11612435,8,32,6239,2011,16925028.0,4550.0,0.240494,0.540376,ARG,BRA,291890
11612436,14,32,6239,2011,1213715.0,0.0,-0.138148,0.002999,AUS,BRA,291890
11612437,15,32,6239,2011,7341632.0,0.0,1.687634,-0.229095,AUT,BRA,291890
11612438,39,32,6239,2011,4536.0,0.0,0.754813,1.1967290000000002,CAN,BRA,291890
11612439,41,32,6239,2011,9639664.0,0.0,2.2644029999999997,0.406131,CHE,BRA,291890
11612440,42,32,6239,2011,0.0,33718.0,-0.199877,-0.353009,CHL,BRA,291890
11612441,43,32,6239,2011,10198196.0,0.0,1.072299,1.686826,CHN,BRA,291890
11612442,49,32,6239,2011,0.0,19905.0,0.14336600000000002,-0.22996,COL,BRA,291890
11612443,59,32,6239,2011,34843.0,0.0,1.737788,0.14741600000000002,CZE,BRA,291890
11612444,61,32,6239,2011,5664438.0,0.0,2.074435,-3.440815,DEU,BRA,291890
11612445,71,32,6239,2011,48418.0,0.0,0.8677290000000001,2.4618450000000003,ESP,BRA,291890
11612446,77,32,6239,2011,2855763.0,0.0,1.532054,0.09339299999999999,FRA,BRA,291890
11612447,81,32,6239,2011,135546.0,0.0,1.8048220000000001,0.380141,GBR,BRA,291890
11612448,97,32,6239,2011,33957.0,0.0,0.663588,1.902118,HKG,BRA,291890
11612449,104,32,6239,2011,801960.0,0.0,0.18276199999999998,2.398765,IND,BRA,291890
11612450,110,32,6239,2011,10684.0,0.0,1.324384,0.714611,ISR,BRA,291890
11612451,111,32,6239,2011,26972.0,52731.0,1.298751,0.48013599999999995,ITA,BRA,291890
11612452,114,32,6239,2011,32828.0,0.0,2.516395,-0.534301,JPN,BRA,291890
11612453,121,32,6239,2011,5295.0,0.0,1.731371,0.8306879999999999,KOR,BRA,291890
11612454,138,32,6239,2011,86099.0,16227.0,0.9534600000000001,0.706982,MEX,BRA,291890
11612455,162,32,6239,2011,9946.0,0.0,1.1655229999999999,1.410167,NLD,BRA,291890
11612456,231,32,6239,2011,3873373.0,0.0,1.6884849999999998,-0.474499,USA,BRA,291890
11612457,249,32,6239,2011,791687.0,0.0,1.803234,0.921233,TWN,BRA,291890
11612458,39,33,6239,2011,1236.0,0.0,0.754813,1.1967290000000002,CAN,BRB,291890
11612459,231,33,6239,2011,3430.0,0.0,1.6884849999999998,-0.474499,USA,BRB,291890
11612460,14,39,6239,2011,0.0,10152.0,-0.138148,0.002999,AUS,CAN,291890
11612461,15,39,6239,2011,240790.0,0.0,1.687634,-0.229095,AUT,CAN,291890
11612462,18,39,6239,2011,2432.0,2896.0,1.221703,1.247961,BEL,CAN,291890
11612463,32,39,6239,2011,0.0,4536.0,0.27718400000000004,0.5674319999999999,BRA,CAN,291890
11612464,33,39,6239,2011,0.0,1236.0,0.445982,0.204672,BRB,CAN,291890
11612465,41,39,6239,2011,20696216.0,4582.0,2.2644029999999997,0.406131,CHE,CAN,291890
11612466,42,39,6239,2011,0.0,5245.0,-0.199877,-0.353009,CHL,CAN,291890
11612467,43,39,6239,2011,1771901.0,2646.0,1.072299,1.686826,CHN,CAN,291890
11612468,49,39,6239,2011,0.0,3672.0,0.14336600000000002,-0.22996,COL,CAN,291890
11612469,59,39,6239,2011,7085.0,1127.0,1.737788,0.14741600000000002,CZE,CAN,291890
11612470,61,39,6239,2011,351906.0,10656.0,2.074435,-3.440815,DEU,CAN,291890
11612471,65,39,6239,2011,0.0,10233.0,-0.260653,0.5682010000000001,DOM,CAN,291890
11612472,71,39,6239,2011,366671.0,0.0,0.8677290000000001,2.4618450000000003,ESP,CAN,291890
11612473,77,39,6239,2011,220739.0,4739.0,1.532054,0.09339299999999999,FRA,CAN,291890
11612474,81,39,6239,2011,8878090.0,3663.0,1.8048220000000001,0.380141,GBR,CAN,291890
11612475,83,39,6239,2011,0.0,12001.0,-0.8627319999999999,-0.608823,GHA,CAN,291890
11612476,90,39,6239,2011,0.0,34214.0,0.138679,1.30044,GRC,CAN,291890
11612477,102,39,6239,2011,323912.0,0.0,1.486592,0.805642,HUN,CAN,291890
11612478,103,39,6239,2011,0.0,5010.0,-0.234125,1.168384,IDN,CAN,291890
11612479,104,39,6239,2011,648333.0,87784.0,0.18276199999999998,2.398765,IND,CAN,291890
11612480,106,39,6239,2011,0.0,1370614.0,1.403182,0.290245,IRL,CAN,291890
11612481,110,39,6239,2011,792298.0,10107.0,1.324384,0.714611,ISR,CAN,291890
11612482,111,39,6239,2011,1661566.0,0.0,1.298751,0.48013599999999995,ITA,CAN,291890
11612483,114,39,6239,2011,38214.0,13315.0,2.516395,-0.534301,JPN,CAN,291890
11612484,121,39,6239,2011,6722.0,0.0,1.731371,0.8306879999999999,KOR,CAN,291890
11612485,138,39,6239,2011,5248954.0,0.0,0.9534600000000001,0.706982,MEX,CAN,291890
11612486,153,39,6239,2011,0.0,420815.0,0.9893290000000001,0.632079,MYS,CAN,291890
11612487,162,39,6239,2011,812160.0,0.0,1.1655229999999999,1.410167,NLD,CAN,291890
11612488,166,39,6239,2011,0.0,1349.0,0.372732,0.548601,NZL,CAN,291890
11612489,197,39,6239,2011,0.0,1465.0,-0.09713200000000001,0.20772600000000002,SLV,CAN,291890
11612490,216,39,6239,2011,0.0,5944.0,0.889009,1.503118,THA,CAN,291890
11612491,224,39,6239,2011,0.0,5707.0,0.45775,2.4316259999999996,TUR,CAN,291890
11612492,231,39,6239,2011,20071530.0,927576.0,1.6884849999999998,-0.474499,USA,CAN,291890
11612493,236,39,6239,2011,0.0,91568.0,-0.841147,-1.095636,VEN,CAN,291890
11612494,246,39,6239,2011,0.0,82673.0,0.241792,1.353011,ZAF,CAN,291890
11612495,249,39,6239,2011,1112714.0,1114.0,1.803234,0.921233,TWN,CAN,291890
11612496,8,41,6239,2011,0.0,45426.0,0.240494,0.540376,ARG,CHE,291890
11612497,14,41,6239,2011,0.0,1618207.0,-0.138148,0.002999,AUS,CHE,291890
11612498,15,41,6239,2011,859414.0,47337.0,1.687634,-0.229095,AUT,CHE,291890
11612499,16,41,6239,2011,0.0,2278.0,-1.313136,-1.189989,AZE,CHE,291890
11612500,18,41,6239,2011,173192.0,6549.0,1.221703,1.247961,BEL,CHE,291890
11612501,28,41,6239,2011,0.0,7192.0,0.8786729999999999,0.442097,BLR,CHE,291890
11612502,32,41,6239,2011,0.0,9639664.0,0.27718400000000004,0.5674319999999999,BRA,CHE,291890
11612503,39,41,6239,2011,4582.0,20696216.0,0.754813,1.1967290000000002,CAN,CHE,291890
11612504,43,41,6239,2011,3686509.0,3784667.0,1.072299,1.686826,CHN,CHE,291890
11612505,49,41,6239,2011,0.0,1628550.0,0.14336600000000002,-0.22996,COL,CHE,291890
11612506,52,41,6239,2011,0.0,72675.0,0.04325,-0.553193,CRI,CHE,291890
11612507,59,41,6239,2011,2407.0,6117.0,1.737788,0.14741600000000002,CZE,CHE,291890
11612508,61,41,6239,2011,4172368.0,8997872.0,2.074435,-3.440815,DEU,CHE,291890
11612509,66,41,6239,2011,0.0,236018.0,-1.36763,-1.140594,DZA,CHE,291890
11612510,67,41,6239,2011,0.0,4071.0,-0.8250639999999999,-0.839082,ECU,CHE,291890
11612511,68,41,6239,2011,0.0,130673.0,-0.166243,1.384719,EGY,CHE,291890
11612512,71,41,6239,2011,1098130.0,1891563.0,0.8677290000000001,2.4618450000000003,ESP,CHE,291890
11612513,77,41,6239,2011,2326454.0,23937936.0,1.532054,0.09339299999999999,FRA,CHE,291890
11612514,81,41,6239,2011,4093530.0,16704628.0,1.8048220000000001,0.380141,GBR,CHE,291890
11612515,90,41,6239,2011,0.0,824976.0,0.138679,1.30044,GRC,CHE,291890
11612516,97,41,6239,2011,21882.0,57079.0,0.663588,1.902118,HKG,CHE,291890
11612517,103,41,6239,2011,0.0,110774.0,-0.234125,1.168384,IDN,CHE,291890
11612518,104,41,6239,2011,494646.0,679562.0,0.18276199999999998,2.398765,IND,CHE,291890
11612519,106,41,6239,2011,0.0,1089.0,1.403182,0.290245,IRL,CHE,291890
11612520,110,41,6239,2011,969.0,52057.0,1.324384,0.714611,ISR,CHE,291890
11612521,111,41,6239,2011,9560056.0,914245.0,1.298751,0.48013599999999995,ITA,CHE,291890
11612522,114,41,6239,2011,82351.0,1126029.0,2.516395,-0.534301,JPN,CHE,291890
11612523,115,41,6239,2011,0.0,157628.0,-0.514687,-0.775671,KAZ,CHE,291890
11612524,121,41,6239,2011,37627.0,615588.0,1.731371,0.8306879999999999,KOR,CHE,291890
11612525,132,41,6239,2011,0.0,1566.0,0.7320939999999999,1.101321,LVA,CHE,291890
11612526,138,41,6239,2011,4725298.0,624477.0,0.9534600000000001,0.706982,MEX,CHE,291890
11612527,140,41,6239,2011,0.0,7214.0,-0.12310499999999999,0.16392,MKD,CHE,291890
11612528,153,41,6239,2011,0.0,99801.0,0.9893290000000001,0.632079,MYS,CHE,291890
11612529,162,41,6239,2011,419049.0,81309.0,1.1655229999999999,1.410167,NLD,CHE,291890
11612530,166,41,6239,2011,0.0,3584.0,0.372732,0.548601,NZL,CHE,291890
11612531,168,41,6239,2011,0.0,126092.0,-0.729677,0.6026729999999999,PAK,CHE,291890
11612532,173,41,6239,2011,0.0,3757.0,-0.455977,0.442543,PER,CHE,291890
11612533,174,41,6239,2011,0.0,3426926.0,0.364707,0.322626,PHL,CHE,291890
11612534,177,41,6239,2011,0.0,110216.0,1.133641,1.134203,POL,CHE,291890
11612535,179,41,6239,2011,0.0,491938.0,0.558481,2.7056240000000003,PRT,CHE,291890
11612536,192,41,6239,2011,12691.0,559896.0,1.849116,0.52127,SGP,CHE,291890
11612537,208,41,6239,2011,0.0,4763.0,1.857146,0.366159,SWE,CHE,291890
11612538,216,41,6239,2011,0.0,48527.0,0.889009,1.503118,THA,CHE,291890
11612539,223,41,6239,2011,0.0,6362.0,0.151221,1.1252360000000001,TUN,CHE,291890
11612540,224,41,6239,2011,0.0,210272.0,0.45775,2.4316259999999996,TUR,CHE,291890
11612541,228,41,6239,2011,0.0,69547.0,0.6221409999999999,0.765505,UKR,CHE,291890
11612542,230,41,6239,2011,0.0,57840.0,0.313195,0.042866,URY,CHE,291890
11612543,231,41,6239,2011,9200.0,5547504.0,1.6884849999999998,-0.474499,USA,CHE,291890
11612544,236,41,6239,2011,0.0,754227.0,-0.841147,-1.095636,VEN,CHE,291890
11612545,239,41,6239,2011,0.0,14391.0,-0.184453,1.637207,VNM,CHE,291890
11612546,246,41,6239,2011,0.0,2448565.0,0.241792,1.353011,ZAF,CHE,291890
11612547,249,41,6239,2011,7517.0,83930.0,1.803234,0.921233,TWN,CHE,291890
11612548,18,42,6239,2011,4000.0,0.0,1.221703,1.247961,BEL,CHL,291890
11612549,32,42,6239,2011,33718.0,0.0,0.27718400000000004,0.5674319999999999,BRA,CHL,291890
11612550,39,42,6239,2011,5245.0,0.0,0.754813,1.1967290000000002,CAN,CHL,291890
11612551,43,42,6239,2011,729811.0,0.0,1.072299,1.686826,CHN,CHL,291890
11612552,61,42,6239,2011,495531.0,0.0,2.074435,-3.440815,DEU,CHL,291890
11612553,71,42,6239,2011,3133.0,0.0,0.8677290000000001,2.4618450000000003,ESP,CHL,291890
11612554,77,42,6239,2011,2728.0,0.0,1.532054,0.09339299999999999,FRA,CHL,291890
11612555,81,42,6239,2011,6531.0,0.0,1.8048220000000001,0.380141,GBR,CHL,291890
11612556,104,42,6239,2011,26111.0,0.0,0.18276199999999998,2.398765,IND,CHL,291890
11612557,111,42,6239,2011,229226.0,0.0,1.298751,0.48013599999999995,ITA,CHL,291890
11612558,138,42,6239,2011,32855.0,0.0,0.9534600000000001,0.706982,MEX,CHL,291890
11612559,162,42,6239,2011,9094.0,0.0,1.1655229999999999,1.410167,NLD,CHL,291890
11612560,173,42,6239,2011,3722.0,0.0,-0.455977,0.442543,PER,CHL,291890
11612561,231,42,6239,2011,47904.0,0.0,1.6884849999999998,-0.474499,USA,CHL,291890
11612562,246,42,6239,2011,233452.0,0.0,0.241792,1.353011,ZAF,CHL,291890
11612563,250,42,6239,2011,3799.0,0.0,0.475638,-0.160135,ANS,CHL,291890
11612564,7,43,6239,2011,0.0,183545.0,0.030652,-0.450808,ARE,CHN,291890
11612565,8,43,6239,2011,0.0,17776704.0,0.240494,0.540376,ARG,CHN,291890
11612566,9,43,6239,2011,0.0,2270.0,0.543397,-0.029376999999999997,ARM,CHN,291890
11612567,14,43,6239,2011,0.0,13652078.0,-0.138148,0.002999,AUS,CHN,291890
11612568,15,43,6239,2011,445023.0,50652.0,1.687634,-0.229095,AUT,CHN,291890
11612569,18,43,6239,2011,709183.0,2005958.0,1.221703,1.247961,BEL,CHN,291890
11612570,22,43,6239,2011,0.0,503085.0,-1.074416,-0.8276370000000001,BGD,CHN,291890
11612571,23,43,6239,2011,0.0,2918.0,0.537967,1.520973,BGR,CHN,291890
11612572,28,43,6239,2011,0.0,16120.0,0.8786729999999999,0.442097,BLR,CHN,291890
11612573,31,43,6239,2011,0.0,16403.0,-0.818593,-0.8701770000000001,BOL,CHN,291890
11612574,32,43,6239,2011,0.0,10198196.0,0.27718400000000004,0.5674319999999999,BRA,CHN,291890
11612575,39,43,6239,2011,2646.0,1771901.0,0.754813,1.1967290000000002,CAN,CHN,291890
11612576,41,43,6239,2011,3784667.0,3686509.0,2.2644029999999997,0.406131,CHE,CHN,291890
11612577,42,43,6239,2011,0.0,729811.0,-0.199877,-0.353009,CHL,CHN,291890
11612578,44,43,6239,2011,0.0,42222.0,-1.069474,-0.867439,CIV,CHN,291890
11612579,46,43,6239,2011,0.0,23799.0,-0.722957,-0.965141,COD,CHN,291890
11612580,49,43,6239,2011,0.0,7015886.0,0.14336600000000002,-0.22996,COL,CHN,291890
11612581,52,43,6239,2011,0.0,1181774.0,0.04325,-0.553193,CRI,CHN,291890
11612582,54,43,6239,2011,0.0,1496484.0,-0.050093,-0.88759,CUB,CHN,291890
11612583,58,43,6239,2011,0.0,62856.0,0.798165,0.424179,CYP,CHN,291890
11612584,59,43,6239,2011,0.0,26049.0,1.737788,0.14741600000000002,CZE,CHN,291890
11612585,61,43,6239,2011,1051012.0,18279298.0,2.074435,-3.440815,DEU,CHN,291890
11612586,64,43,6239,2011,10005.0,413884.0,1.156026,1.2248299999999999,DNK,CHN,291890
11612587,65,43,6239,2011,0.0,2880814.0,-0.260653,0.5682010000000001,DOM,CHN,291890
11612588,66,43,6239,2011,0.0,62730.0,-1.36763,-1.140594,DZA,CHN,291890
11612589,67,43,6239,2011,0.0,1344450.0,-0.8250639999999999,-0.839082,ECU,CHN,291890
11612590,68,43,6239,2011,0.0,947578.0,-0.166243,1.384719,EGY,CHN,291890
11612591,71,43,6239,2011,838705.0,28112274.0,0.8677290000000001,2.4618450000000003,ESP,CHN,291890
11612592,72,43,6239,2011,0.0,3947.0,0.9806790000000001,1.110449,EST,CHN,291890
11612593,74,43,6239,2011,3790.0,9418.0,1.7488830000000002,0.890934,FIN,CHN,291890
11612594,77,43,6239,2011,297512.0,5088864.0,1.532054,0.09339299999999999,FRA,CHN,291890
11612595,81,43,6239,2011,50194.0,2901073.0,1.8048220000000001,0.380141,GBR,CHN,291890
11612596,90,43,6239,2011,0.0,43577.0,0.138679,1.30044,GRC,CHN,291890
11612597,93,43,6239,2011,0.0,5329408.0,-0.329497,0.775369,GTM,CHN,291890
11612598,97,43,6239,2011,49955.0,225527.0,0.663588,1.902118,HKG,CHN,291890
11612599,99,43,6239,2011,0.0,114756.0,-0.740241,-0.311952,HND,CHN,291890
11612600,100,43,6239,2011,0.0,135517.0,0.868294,0.9424299999999999,HRV,CHN,291890
11612601,102,43,6239,2011,0.0,1428957.0,1.486592,0.805642,HUN,CHN,291890
11612602,103,43,6239,2011,0.0,6639814.0,-0.234125,1.168384,IDN,CHN,291890
11612603,104,43,6239,2011,709300.0,18737884.0,0.18276199999999998,2.398765,IND,CHN,291890
11612604,106,43,6239,2011,3731.0,6652.0,1.403182,0.290245,IRL,CHN,291890
11612605,107,43,6239,2011,0.0,3819390.0,-0.915379,-0.973194,IRN,CHN,291890
11612606,110,43,6239,2011,0.0,10676481.0,1.324384,0.714611,ISR,CHN,291890
11612607,111,43,6239,2011,4264.0,5686448.0,1.298751,0.48013599999999995,ITA,CHN,291890
11612608,113,43,6239,2011,0.0,1088564.0,0.231605,0.47049399999999997,JOR,CHN,291890
11612609,114,43,6239,2011,4665960.0,13791850.0,2.516395,-0.534301,JPN,CHN,291890
11612610,115,43,6239,2011,0.0,36689.0,-0.514687,-0.775671,KAZ,CHN,291890
11612611,116,43,6239,2011,0.0,10095.0,-0.48319300000000004,0.346927,KEN,CHN,291890
11612612,118,43,6239,2011,0.0,2099.0,-1.162858,-1.103539,KHM,CHN,291890
11612613,121,43,6239,2011,607592.0,12010475.0,1.731371,0.8306879999999999,KOR,CHN,291890
11612614,128,43,6239,2011,0.0,17298.0,-0.559311,0.398905,LKA,CHN,291890
11612615,130,43,6239,2011,0.0,185567.0,0.747963,0.9759530000000001,LTU,CHN,291890
11612616,132,43,6239,2011,0.0,150405.0,0.7320939999999999,1.101321,LVA,CHN,291890
11612617,138,43,6239,2011,0.0,5731066.0,0.9534600000000001,0.706982,MEX,CHN,291890
11612618,143,43,6239,2011,0.0,6752.0,-1.3557190000000001,-0.929934,MMR,CHN,291890
11612619,151,43,6239,2011,0.0,14239.0,-0.09464600000000001,0.091177,MUS,CHN,291890
11612620,153,43,6239,2011,172273.0,5035074.0,0.9893290000000001,0.632079,MYS,CHN,291890
11612621,159,43,6239,2011,0.0,102975.0,-1.699286,-1.15511,NGA,CHN,291890
11612622,162,43,6239,2011,277234.0,3921601.0,1.1655229999999999,1.410167,NLD,CHN,291890
11612623,163,43,6239,2011,0.0,7776.0,0.8492770000000001,0.050044,NOR,CHN,291890
11612624,164,43,6239,2011,0.0,29536.0,-0.242299,0.801966,NPL,CHN,291890
11612625,166,43,6239,2011,0.0,1079186.0,0.372732,0.548601,NZL,CHN,291890
11612626,168,43,6239,2011,0.0,1323859.0,-0.729677,0.6026729999999999,PAK,CHN,291890
11612627,169,43,6239,2011,0.0,2709.0,0.786135,1.061008,PAN,CHN,291890
11612628,173,43,6239,2011,0.0,872765.0,-0.455977,0.442543,PER,CHN,291890
11612629,174,43,6239,2011,0.0,2363843.0,0.364707,0.322626,PHL,CHN,291890
11612630,177,43,6239,2011,3639.0,995974.0,1.133641,1.134203,POL,CHN,291890
11612631,179,43,6239,2011,0.0,545062.0,0.558481,2.7056240000000003,PRT,CHN,291890
11612632,180,43,6239,2011,0.0,1002150.0,-0.548759,-0.877743,PRY,CHN,291890
11612633,181,43,6239,2011,0.0,7397.0,0.07902999999999999,0.550277,PSE,CHN,291890
11612634,185,43,6239,2011,0.0,14424.0,0.722,1.296655,ROU,CHN,291890
11612635,186,43,6239,2011,213834.0,7509190.0,0.47319399999999995,-0.20801599999999998,RUS,CHN,291890
11612636,190,43,6239,2011,0.0,18588.0,-2.1675869999999997,-1.249272,SDN,CHN,291890
11612637,191,43,6239,2011,0.0,28601.0,-0.624346,-0.308052,SEN,CHN,291890
11612638,192,43,6239,2011,1286977.0,1441728.0,1.849116,0.52127,SGP,CHN,291890
11612639,197,43,6239,2011,0.0,126364.0,-0.09713200000000001,0.20772600000000002,SLV,CHN,291890
11612640,201,43,6239,2011,0.0,78644.0,0.49055699999999997,1.5601399999999999,SRB,CHN,291890
11612641,206,43,6239,2011,0.0,341423.0,1.262897,0.8230569999999999,SVK,CHN,291890
11612642,207,43,6239,2011,0.0,382853.0,1.642913,0.700222,SVN,CHN,291890
11612643,208,43,6239,2011,54382.0,3726.0,1.857146,0.366159,SWE,CHN,291890
11612644,212,43,6239,2011,0.0,38933.0,-0.604133,0.5268970000000001,SYR,CHN,291890
11612645,215,43,6239,2011,0.0,119280.0,-0.9156030000000001,-0.884099,TGO,CHN,291890
11612646,216,43,6239,2011,0.0,6373003.0,0.889009,1.503118,THA,CHN,291890
11612647,219,43,6239,2011,0.0,245899.0,-1.549495,-1.202504,TKM,CHN,291890
11612648,222,43,6239,2011,0.0,1618.0,-0.44228,-1.031793,TTO,CHN,291890
11612649,224,43,6239,2011,0.0,3474781.0,0.45775,2.4316259999999996,TUR,CHN,291890
11612650,226,43,6239,2011,0.0,12418.0,-0.751316,0.286505,TZA,CHN,291890
11612651,228,43,6239,2011,0.0,708572.0,0.6221409999999999,0.765505,UKR,CHN,291890
11612652,230,43,6239,2011,0.0,1947667.0,0.313195,0.042866,URY,CHN,291890
11612653,231,43,6239,2011,1777674.0,26466492.0,1.6884849999999998,-0.474499,USA,CHN,291890
11612654,236,43,6239,2011,0.0,487488.0,-0.841147,-1.095636,VEN,CHN,291890
11612655,239,43,6239,2011,0.0,772661.0,-0.184453,1.637207,VNM,CHN,291890
11612656,246,43,6239,2011,0.0,1382818.0,0.241792,1.353011,ZAF,CHN,291890
11612657,249,43,6239,2011,3277326.0,2717893.0,1.803234,0.921233,TWN,CHN,291890
11612658,250,43,6239,2011,3557.0,0.0,0.475638,-0.160135,ANS,CHN,291890
11612659,8,49,6239,2011,79912.0,0.0,0.240494,0.540376,ARG,COL,291890
11612660,18,49,6239,2011,1520.0,0.0,1.221703,1.247961,BEL,COL,291890
11612661,32,49,6239,2011,19905.0,0.0,0.27718400000000004,0.5674319999999999,BRA,COL,291890
11612662,39,49,6239,2011,3672.0,0.0,0.754813,1.1967290000000002,CAN,COL,291890
11612663,41,49,6239,2011,1628550.0,0.0,2.2644029999999997,0.406131,CHE,COL,291890
11612664,43,49,6239,2011,7015886.0,0.0,1.072299,1.686826,CHN,COL,291890
11612665,61,49,6239,2011,613575.0,0.0,2.074435,-3.440815,DEU,COL,291890
11612666,67,49,6239,2011,44480.0,0.0,-0.8250639999999999,-0.839082,ECU,COL,291890
11612667,71,49,6239,2011,10971.0,0.0,0.8677290000000001,2.4618450000000003,ESP,COL,291890
11612668,77,49,6239,2011,3351768.0,0.0,1.532054,0.09339299999999999,FRA,COL,291890
11612669,81,49,6239,2011,1913.0,0.0,1.8048220000000001,0.380141,GBR,COL,291890
11612670,104,49,6239,2011,219957.0,0.0,0.18276199999999998,2.398765,IND,COL,291890
11612671,110,49,6239,2011,27227.0,0.0,1.324384,0.714611,ISR,COL,291890
11612672,111,49,6239,2011,69540.0,0.0,1.298751,0.48013599999999995,ITA,COL,291890
11612673,138,49,6239,2011,3163548.0,0.0,0.9534600000000001,0.706982,MEX,COL,291890
11612674,153,49,6239,2011,45002.0,0.0,0.9893290000000001,0.632079,MYS,COL,291890
11612675,162,49,6239,2011,35266.0,0.0,1.1655229999999999,1.410167,NLD,COL,291890
11612676,173,49,6239,2011,0.0,11658.0,-0.455977,0.442543,PER,COL,291890
11612677,177,49,6239,2011,3837455.0,0.0,1.133641,1.134203,POL,COL,291890
11612678,231,49,6239,2011,1228453.0,633883.0,1.6884849999999998,-0.474499,USA,COL,291890
11612679,236,49,6239,2011,0.0,1603485.0,-0.841147,-1.095636,VEN,COL,291890
11612680,237,49,6239,2011,10780.0,0.0,0.780217,-0.010428,VGB,COL,291890
11612681,249,49,6239,2011,352129.0,0.0,1.803234,0.921233,TWN,COL,291890
11612682,41,52,6239,2011,72675.0,0.0,2.2644029999999997,0.406131,CHE,CRI,291890
11612683,43,52,6239,2011,1181774.0,0.0,1.072299,1.686826,CHN,CRI,291890
11612684,61,52,6239,2011,9744.0,0.0,2.074435,-3.440815,DEU,CRI,291890
11612685,71,52,6239,2011,2703.0,0.0,0.8677290000000001,2.4618450000000003,ESP,CRI,291890
11612686,81,52,6239,2011,22559.0,0.0,1.8048220000000001,0.380141,GBR,CRI,291890
11612687,93,52,6239,2011,44791.0,0.0,-0.329497,0.775369,GTM,CRI,291890
11612688,104,52,6239,2011,1997027.0,0.0,0.18276199999999998,2.398765,IND,CRI,291890
11612689,127,52,6239,2011,0.0,1195.0,0.639295,-0.17407999999999998,LCA,CRI,291890
11612690,138,52,6239,2011,83620.0,0.0,0.9534600000000001,0.706982,MEX,CRI,291890
11612691,162,52,6239,2011,14768.0,0.0,1.1655229999999999,1.410167,NLD,CRI,291890
11612692,231,52,6239,2011,98190.0,0.0,1.6884849999999998,-0.474499,USA,CRI,291890
11612693,8,59,6239,2011,0.0,7375.0,0.240494,0.540376,ARG,CZE,291890
11612694,14,59,6239,2011,0.0,69436.0,-0.138148,0.002999,AUS,CZE,291890
11612695,15,59,6239,2011,84934.0,0.0,1.687634,-0.229095,AUT,CZE,291890
11612696,18,59,6239,2011,18474.0,0.0,1.221703,1.247961,BEL,CZE,291890
11612697,32,59,6239,2011,0.0,34843.0,0.27718400000000004,0.5674319999999999,BRA,CZE,291890
11612698,39,59,6239,2011,1127.0,7085.0,0.754813,1.1967290000000002,CAN,CZE,291890
11612699,41,59,6239,2011,6117.0,2407.0,2.2644029999999997,0.406131,CHE,CZE,291890
11612700,43,59,6239,2011,26049.0,0.0,1.072299,1.686826,CHN,CZE,291890
11612701,61,59,6239,2011,52791.0,10283.0,2.074435,-3.440815,DEU,CZE,291890
11612702,64,59,6239,2011,15144.0,0.0,1.156026,1.2248299999999999,DNK,CZE,291890
11612703,77,59,6239,2011,0.0,41071.0,1.532054,0.09339299999999999,FRA,CZE,291890
11612704,81,59,6239,2011,5377.0,8822.0,1.8048220000000001,0.380141,GBR,CZE,291890
11612705,100,59,6239,2011,0.0,2661.0,0.868294,0.9424299999999999,HRV,CZE,291890
11612706,103,59,6239,2011,1914.0,0.0,-0.234125,1.168384,IDN,CZE,291890
11612707,104,59,6239,2011,1150.0,0.0,0.18276199999999998,2.398765,IND,CZE,291890
11612708,111,59,6239,2011,4015761.0,40840.0,1.298751,0.48013599999999995,ITA,CZE,291890
11612709,114,59,6239,2011,39367.0,16223.0,2.516395,-0.534301,JPN,CZE,291890
11612710,121,59,6239,2011,0.0,74648.0,1.731371,0.8306879999999999,KOR,CZE,291890
11612711,153,59,6239,2011,0.0,2217.0,0.9893290000000001,0.632079,MYS,CZE,291890
11612712,162,59,6239,2011,27170.0,0.0,1.1655229999999999,1.410167,NLD,CZE,291890
11612713,173,59,6239,2011,0.0,43419.0,-0.455977,0.442543,PER,CZE,291890
11612714,177,59,6239,2011,0.0,3735.0,1.133641,1.134203,POL,CZE,291890
11612715,206,59,6239,2011,0.0,3023.0,1.262897,0.8230569999999999,SVK,CZE,291890
11612716,224,59,6239,2011,0.0,24761.0,0.45775,2.4316259999999996,TUR,CZE,291890
11612717,231,59,6239,2011,12807.0,1016734.0,1.6884849999999998,-0.474499,USA,CZE,291890
11612718,7,61,6239,2011,0.0,15063.0,0.030652,-0.450808,ARE,DEU,291890
11612719,8,61,6239,2011,3934.0,807101.0,0.240494,0.540376,ARG,DEU,291890
11612720,14,61,6239,2011,1578.0,216143.0,-0.138148,0.002999,AUS,DEU,291890
11612721,15,61,6239,2011,695180.0,598639.0,1.687634,-0.229095,AUT,DEU,291890
11612722,18,61,6239,2011,1516341.0,13990333.0,1.221703,1.247961,BEL,DEU,291890
11612723,22,61,6239,2011,0.0,5625.0,-1.074416,-0.8276370000000001,BGD,DEU,291890
11612724,23,61,6239,2011,0.0,23602.0,0.537967,1.520973,BGR,DEU,291890
11612725,24,61,6239,2011,0.0,4002.0,0.04085,-0.873711,BHR,DEU,291890
11612726,28,61,6239,2011,0.0,1882.0,0.8786729999999999,0.442097,BLR,DEU,291890
11612727,32,61,6239,2011,0.0,5664438.0,0.27718400000000004,0.5674319999999999,BRA,DEU,291890
11612728,34,61,6239,2011,0.0,2765.0,-0.171775,-0.6656810000000001,BRN,DEU,291890
11612729,39,61,6239,2011,10656.0,351906.0,0.754813,1.1967290000000002,CAN,DEU,291890
11612730,41,61,6239,2011,8997872.0,4172368.0,2.2644029999999997,0.406131,CHE,DEU,291890
11612731,42,61,6239,2011,0.0,495531.0,-0.199877,-0.353009,CHL,DEU,291890
11612732,43,61,6239,2011,18279298.0,1051012.0,1.072299,1.686826,CHN,DEU,291890
11612733,49,61,6239,2011,0.0,613575.0,0.14336600000000002,-0.22996,COL,DEU,291890
11612734,52,61,6239,2011,0.0,9744.0,0.04325,-0.553193,CRI,DEU,291890
11612735,59,61,6239,2011,10283.0,52791.0,1.737788,0.14741600000000002,CZE,DEU,291890
11612736,64,61,6239,2011,1122451.0,372039.0,1.156026,1.2248299999999999,DNK,DEU,291890
11612737,65,61,6239,2011,0.0,2415.0,-0.260653,0.5682010000000001,DOM,DEU,291890
11612738,66,61,6239,2011,0.0,1341.0,-1.36763,-1.140594,DZA,DEU,291890
11612739,67,61,6239,2011,0.0,58297.0,-0.8250639999999999,-0.839082,ECU,DEU,291890
11612740,68,61,6239,2011,0.0,123331.0,-0.166243,1.384719,EGY,DEU,291890
11612741,71,61,6239,2011,514736.0,2019029.0,0.8677290000000001,2.4618450000000003,ESP,DEU,291890
11612742,74,61,6239,2011,0.0,23372.0,1.7488830000000002,0.890934,FIN,DEU,291890
11612743,77,61,6239,2011,19707516.0,10985600.0,1.532054,0.09339299999999999,FRA,DEU,291890
11612744,81,61,6239,2011,3882256.0,49824008.0,1.8048220000000001,0.380141,GBR,DEU,291890
11612745,83,61,6239,2011,0.0,6714.0,-0.8627319999999999,-0.608823,GHA,DEU,291890
11612746,90,61,6239,2011,0.0,308493.0,0.138679,1.30044,GRC,DEU,291890
11612747,93,61,6239,2011,0.0,57900.0,-0.329497,0.775369,GTM,DEU,291890
11612748,97,61,6239,2011,222243.0,48473.0,0.663588,1.902118,HKG,DEU,291890
11612749,99,61,6239,2011,0.0,33256.0,-0.740241,-0.311952,HND,DEU,291890
11612750,100,61,6239,2011,0.0,15761.0,0.868294,0.9424299999999999,HRV,DEU,291890
11612751,102,61,6239,2011,1424745.0,55306.0,1.486592,0.805642,HUN,DEU,291890
11612752,103,61,6239,2011,0.0,85332.0,-0.234125,1.168384,IDN,DEU,291890
11612753,104,61,6239,2011,5531922.0,421646.0,0.18276199999999998,2.398765,IND,DEU,291890
11612754,106,61,6239,2011,0.0,105139.0,1.403182,0.290245,IRL,DEU,291890
11612755,107,61,6239,2011,0.0,671726.0,-0.915379,-0.973194,IRN,DEU,291890
11612756,109,61,6239,2011,0.0,3029.0,0.284202,-0.23753000000000002,ISL,DEU,291890
11612757,110,61,6239,2011,14116.0,214946.0,1.324384,0.714611,ISR,DEU,291890
11612758,111,61,6239,2011,988882.0,5374006.0,1.298751,0.48013599999999995,ITA,DEU,291890
11612759,113,61,6239,2011,0.0,13883.0,0.231605,0.47049399999999997,JOR,DEU,291890
11612760,114,61,6239,2011,1731367.0,8233368.0,2.516395,-0.534301,JPN,DEU,291890
11612761,115,61,6239,2011,0.0,4057.0,-0.514687,-0.775671,KAZ,DEU,291890
11612762,116,61,6239,2011,0.0,12558.0,-0.48319300000000004,0.346927,KEN,DEU,291890
11612763,121,61,6239,2011,18707.0,9736970.0,1.731371,0.8306879999999999,KOR,DEU,291890
11612764,124,61,6239,2011,0.0,1938.0,0.278393,1.2962879999999999,LBN,DEU,291890
11612765,128,61,6239,2011,0.0,2303.0,-0.559311,0.398905,LKA,DEU,291890
11612766,130,61,6239,2011,0.0,2691.0,0.747963,0.9759530000000001,LTU,DEU,291890
11612767,131,61,6239,2011,0.0,49220.0,1.1655739999999999,1.222379,LUX,DEU,291890
11612768,132,61,6239,2011,3891.0,2401.0,0.7320939999999999,1.101321,LVA,DEU,291890
11612769,134,61,6239,2011,0.0,2269.0,-0.485404,0.099828,MAR,DEU,291890
11612770,138,61,6239,2011,16724396.0,1335555.0,0.9534600000000001,0.706982,MEX,DEU,291890
11612771,140,61,6239,2011,0.0,9652.0,-0.12310499999999999,0.16392,MKD,DEU,291890
11612772,151,61,6239,2011,0.0,1009.0,-0.09464600000000001,0.091177,MUS,DEU,291890
11612773,153,61,6239,2011,21205.0,3348.0,0.9893290000000001,0.632079,MYS,DEU,291890
11612774,162,61,6239,2011,2425958.0,703936.0,1.1655229999999999,1.410167,NLD,DEU,291890
11612775,163,61,6239,2011,0.0,7022.0,0.8492770000000001,0.050044,NOR,DEU,291890
11612776,168,61,6239,2011,0.0,23796.0,-0.729677,0.6026729999999999,PAK,DEU,291890
11612777,173,61,6239,2011,0.0,546727.0,-0.455977,0.442543,PER,DEU,291890
11612778,174,61,6239,2011,0.0,41705.0,0.364707,0.322626,PHL,DEU,291890
11612779,177,61,6239,2011,2833.0,3269179.0,1.133641,1.134203,POL,DEU,291890
11612780,179,61,6239,2011,0.0,41411.0,0.558481,2.7056240000000003,PRT,DEU,291890
11612781,185,61,6239,2011,0.0,46798.0,0.722,1.296655,ROU,DEU,291890
11612782,186,61,6239,2011,3113898.0,968352.0,0.47319399999999995,-0.20801599999999998,RUS,DEU,291890
11612783,188,61,6239,2011,0.0,61082.0,0.354045,-0.800028,SAU,DEU,291890
11612784,192,61,6239,2011,0.0,10193724.0,1.849116,0.52127,SGP,DEU,291890
11612785,197,61,6239,2011,0.0,2121.0,-0.09713200000000001,0.20772600000000002,SLV,DEU,291890
11612786,201,61,6239,2011,0.0,20785.0,0.49055699999999997,1.5601399999999999,SRB,DEU,291890
11612787,206,61,6239,2011,37814.0,9410.0,1.262897,0.8230569999999999,SVK,DEU,291890
11612788,207,61,6239,2011,0.0,33964.0,1.642913,0.700222,SVN,DEU,291890
11612789,208,61,6239,2011,0.0,329048.0,1.857146,0.366159,SWE,DEU,291890
11612790,212,61,6239,2011,0.0,43283.0,-0.604133,0.5268970000000001,SYR,DEU,291890
11612791,216,61,6239,2011,0.0,183802.0,0.889009,1.503118,THA,DEU,291890
11612792,223,61,6239,2011,0.0,5326.0,0.151221,1.1252360000000001,TUN,DEU,291890
11612793,224,61,6239,2011,0.0,311464.0,0.45775,2.4316259999999996,TUR,DEU,291890
11612794,228,61,6239,2011,0.0,13541.0,0.6221409999999999,0.765505,UKR,DEU,291890
11612795,230,61,6239,2011,0.0,24002.0,0.313195,0.042866,URY,DEU,291890
11612796,231,61,6239,2011,3369934.0,17204748.0,1.6884849999999998,-0.474499,USA,DEU,291890
11612797,232,61,6239,2011,0.0,19102.0,-0.785878,-0.663918,UZB,DEU,291890
11612798,236,61,6239,2011,0.0,115085.0,-0.841147,-1.095636,VEN,DEU,291890
11612799,239,61,6239,2011,0.0,1586.0,-0.184453,1.637207,VNM,DEU,291890
11612800,246,61,6239,2011,3156215.0,517350.0,0.241792,1.353011,ZAF,DEU,291890
11612801,249,61,6239,2011,639872.0,68920.0,1.803234,0.921233,TWN,DEU,291890
11612802,8,64,6239,2011,42919.0,0.0,0.240494,0.540376,ARG,DNK,291890
11612803,15,64,6239,2011,0.0,5520.0,1.687634,-0.229095,AUT,DNK,291890
11612804,18,64,6239,2011,2568.0,2428.0,1.221703,1.247961,BEL,DNK,291890
11612805,28,64,6239,2011,0.0,6081.0,0.8786729999999999,0.442097,BLR,DNK,291890
11612806,43,64,6239,2011,413884.0,10005.0,1.072299,1.686826,CHN,DNK,291890
11612807,59,64,6239,2011,0.0,15144.0,1.737788,0.14741600000000002,CZE,DNK,291890
11612808,61,64,6239,2011,372039.0,1122451.0,2.074435,-3.440815,DEU,DNK,291890
11612809,67,64,6239,2011,0.0,3367.0,-0.8250639999999999,-0.839082,ECU,DNK,291890
11612810,68,64,6239,2011,0.0,20760.0,-0.166243,1.384719,EGY,DNK,291890
11612811,71,64,6239,2011,44533.0,103748.0,0.8677290000000001,2.4618450000000003,ESP,DNK,291890
11612812,77,64,6239,2011,4329.0,8993.0,1.532054,0.09339299999999999,FRA,DNK,291890
11612813,81,64,6239,2011,0.0,217021.0,1.8048220000000001,0.380141,GBR,DNK,291890
11612814,90,64,6239,2011,0.0,7445.0,0.138679,1.30044,GRC,DNK,291890
11612815,93,64,6239,2011,0.0,12143.0,-0.329497,0.775369,GTM,DNK,291890
11612816,103,64,6239,2011,0.0,11909.0,-0.234125,1.168384,IDN,DNK,291890
11612817,104,64,6239,2011,15913.0,0.0,0.18276199999999998,2.398765,IND,DNK,291890
11612818,107,64,6239,2011,0.0,1172.0,-0.915379,-0.973194,IRN,DNK,291890
11612819,110,64,6239,2011,0.0,7458.0,1.324384,0.714611,ISR,DNK,291890
11612820,111,64,6239,2011,998.0,14831.0,1.298751,0.48013599999999995,ITA,DNK,291890
11612821,130,64,6239,2011,24257.0,2210.0,0.747963,0.9759530000000001,LTU,DNK,291890
11612822,138,64,6239,2011,0.0,482332.0,0.9534600000000001,0.706982,MEX,DNK,291890
11612823,162,64,6239,2011,8522.0,0.0,1.1655229999999999,1.410167,NLD,DNK,291890
11612824,163,64,6239,2011,0.0,1020.0,0.8492770000000001,0.050044,NOR,DNK,291890
11612825,174,64,6239,2011,0.0,8042.0,0.364707,0.322626,PHL,DNK,291890
11612826,177,64,6239,2011,0.0,133589.0,1.133641,1.134203,POL,DNK,291890
11612827,179,64,6239,2011,0.0,28136.0,0.558481,2.7056240000000003,PRT,DNK,291890
11612828,186,64,6239,2011,0.0,101109.0,0.47319399999999995,-0.20801599999999998,RUS,DNK,291890
11612829,208,64,6239,2011,249826.0,0.0,1.857146,0.366159,SWE,DNK,291890
11612830,216,64,6239,2011,0.0,1363.0,0.889009,1.503118,THA,DNK,291890
11612831,224,64,6239,2011,0.0,24577.0,0.45775,2.4316259999999996,TUR,DNK,291890
11612832,231,64,6239,2011,1287.0,0.0,1.6884849999999998,-0.474499,USA,DNK,291890
11612833,239,64,6239,2011,0.0,16685.0,-0.184453,1.637207,VNM,DNK,291890
11612834,249,64,6239,2011,0.0,3076.0,1.803234,0.921233,TWN,DNK,291890
11612835,18,65,6239,2011,5492.0,0.0,1.221703,1.247961,BEL,DOM,291890
11612836,39,65,6239,2011,10233.0,0.0,0.754813,1.1967290000000002,CAN,DOM,291890
11612837,43,65,6239,2011,2880814.0,0.0,1.072299,1.686826,CHN,DOM,291890
11612838,61,65,6239,2011,2415.0,0.0,2.074435,-3.440815,DEU,DOM,291890
11612839,71,65,6239,2011,187834.0,0.0,0.8677290000000001,2.4618450000000003,ESP,DOM,291890
11612840,93,65,6239,2011,19080.0,0.0,-0.329497,0.775369,GTM,DOM,291890
11612841,104,65,6239,2011,2937.0,0.0,0.18276199999999998,2.398765,IND,DOM,291890
11612842,231,65,6239,2011,11119.0,0.0,1.6884849999999998,-0.474499,USA,DOM,291890
11612843,41,67,6239,2011,4071.0,0.0,2.2644029999999997,0.406131,CHE,ECU,291890
11612844,43,67,6239,2011,1344450.0,0.0,1.072299,1.686826,CHN,ECU,291890
11612845,49,67,6239,2011,0.0,44480.0,0.14336600000000002,-0.22996,COL,ECU,291890
11612846,61,67,6239,2011,58297.0,0.0,2.074435,-3.440815,DEU,ECU,291890
11612847,64,67,6239,2011,3367.0,0.0,1.156026,1.2248299999999999,DNK,ECU,291890
11612848,71,67,6239,2011,141593.0,0.0,0.8677290000000001,2.4618450000000003,ESP,ECU,291890
11612849,81,67,6239,2011,5381.0,0.0,1.8048220000000001,0.380141,GBR,ECU,291890
11612850,104,67,6239,2011,1256496.0,0.0,0.18276199999999998,2.398765,IND,ECU,291890
11612851,138,67,6239,2011,27611.0,0.0,0.9534600000000001,0.706982,MEX,ECU,291890
11612852,230,67,6239,2011,0.0,12779.0,0.313195,0.042866,URY,ECU,291890
11612853,231,67,6239,2011,2733.0,0.0,1.6884849999999998,-0.474499,USA,ECU,291890
11612854,236,67,6239,2011,0.0,524017.0,-0.841147,-1.095636,VEN,ECU,291890
11612855,8,71,6239,2011,0.0,40470.0,0.240494,0.540376,ARG,ESP,291890
11612856,9,71,6239,2011,0.0,872.0,0.543397,-0.029376999999999997,ARM,ESP,291890
11612857,14,71,6239,2011,0.0,7252.0,-0.138148,0.002999,AUS,ESP,291890
11612858,15,71,6239,2011,125321.0,0.0,1.687634,-0.229095,AUT,ESP,291890
11612859,18,71,6239,2011,379031.0,5501.0,1.221703,1.247961,BEL,ESP,291890
11612860,22,71,6239,2011,0.0,24640.0,-1.074416,-0.8276370000000001,BGD,ESP,291890
11612861,32,71,6239,2011,0.0,48418.0,0.27718400000000004,0.5674319999999999,BRA,ESP,291890
11612862,39,71,6239,2011,0.0,366671.0,0.754813,1.1967290000000002,CAN,ESP,291890
11612863,41,71,6239,2011,1891563.0,1098130.0,2.2644029999999997,0.406131,CHE,ESP,291890
11612864,42,71,6239,2011,0.0,3133.0,-0.199877,-0.353009,CHL,ESP,291890
11612865,43,71,6239,2011,28112274.0,838705.0,1.072299,1.686826,CHN,ESP,291890
11612866,44,71,6239,2011,0.0,11308.0,-1.069474,-0.867439,CIV,ESP,291890
11612867,49,71,6239,2011,0.0,10971.0,0.14336600000000002,-0.22996,COL,ESP,291890
11612868,52,71,6239,2011,0.0,2703.0,0.04325,-0.553193,CRI,ESP,291890
11612869,58,71,6239,2011,0.0,63983.0,0.798165,0.424179,CYP,ESP,291890
11612870,61,71,6239,2011,2019029.0,514736.0,2.074435,-3.440815,DEU,ESP,291890
11612871,64,71,6239,2011,103748.0,44533.0,1.156026,1.2248299999999999,DNK,ESP,291890
11612872,65,71,6239,2011,0.0,187834.0,-0.260653,0.5682010000000001,DOM,ESP,291890
11612873,66,71,6239,2011,0.0,8689.0,-1.36763,-1.140594,DZA,ESP,291890
11612874,67,71,6239,2011,0.0,141593.0,-0.8250639999999999,-0.839082,ECU,ESP,291890
11612875,68,71,6239,2011,0.0,105079.0,-0.166243,1.384719,EGY,ESP,291890
11612876,74,71,6239,2011,0.0,830032.0,1.7488830000000002,0.890934,FIN,ESP,291890
11612877,77,71,6239,2011,872520.0,5572249.0,1.532054,0.09339299999999999,FRA,ESP,291890
11612878,81,71,6239,2011,1971887.0,717424.0,1.8048220000000001,0.380141,GBR,ESP,291890
11612879,83,71,6239,2011,0.0,27035.0,-0.8627319999999999,-0.608823,GHA,ESP,291890
11612880,90,71,6239,2011,0.0,433112.0,0.138679,1.30044,GRC,ESP,291890
11612881,93,71,6239,2011,0.0,1032515.0,-0.329497,0.775369,GTM,ESP,291890
11612882,97,71,6239,2011,15726.0,2765.0,0.663588,1.902118,HKG,ESP,291890
11612883,99,71,6239,2011,0.0,174051.0,-0.740241,-0.311952,HND,ESP,291890
11612884,100,71,6239,2011,0.0,1092.0,0.868294,0.9424299999999999,HRV,ESP,291890
11612885,102,71,6239,2011,0.0,983.0,1.486592,0.805642,HUN,ESP,291890
11612886,103,71,6239,2011,0.0,121860.0,-0.234125,1.168384,IDN,ESP,291890
11612887,104,71,6239,2011,2155069.0,498980.0,0.18276199999999998,2.398765,IND,ESP,291890
11612888,106,71,6239,2011,0.0,973071.0,1.403182,0.290245,IRL,ESP,291890
11612889,107,71,6239,2011,0.0,12167.0,-0.915379,-0.973194,IRN,ESP,291890
11612890,109,71,6239,2011,0.0,29343.0,0.284202,-0.23753000000000002,ISL,ESP,291890
11612891,110,71,6239,2011,39476.0,1352.0,1.324384,0.714611,ISR,ESP,291890
11612892,111,71,6239,2011,518461.0,2200998.0,1.298751,0.48013599999999995,ITA,ESP,291890
11612893,113,71,6239,2011,0.0,1996.0,0.231605,0.47049399999999997,JOR,ESP,291890
11612894,114,71,6239,2011,0.0,47036.0,2.516395,-0.534301,JPN,ESP,291890
11612895,121,71,6239,2011,0.0,201582.0,1.731371,0.8306879999999999,KOR,ESP,291890
11612896,134,71,6239,2011,0.0,126481.0,-0.485404,0.099828,MAR,ESP,291890
11612897,138,71,6239,2011,8910082.0,161549.0,0.9534600000000001,0.706982,MEX,ESP,291890
11612898,153,71,6239,2011,0.0,163513.0,0.9893290000000001,0.632079,MYS,ESP,291890
11612899,162,71,6239,2011,13840738.0,418680.0,1.1655229999999999,1.410167,NLD,ESP,291890
11612900,168,71,6239,2011,0.0,18077.0,-0.729677,0.6026729999999999,PAK,ESP,291890
11612901,169,71,6239,2011,0.0,2766.0,0.786135,1.061008,PAN,ESP,291890
11612902,173,71,6239,2011,0.0,275901.0,-0.455977,0.442543,PER,ESP,291890
11612903,177,71,6239,2011,19786.0,123084.0,1.133641,1.134203,POL,ESP,291890
11612904,179,71,6239,2011,147878.0,134543.0,0.558481,2.7056240000000003,PRT,ESP,291890
11612905,185,71,6239,2011,0.0,16974.0,0.722,1.296655,ROU,ESP,291890
11612906,192,71,6239,2011,0.0,88140.0,1.849116,0.52127,SGP,ESP,291890
11612907,206,71,6239,2011,67855.0,18579.0,1.262897,0.8230569999999999,SVK,ESP,291890
11612908,207,71,6239,2011,0.0,89228.0,1.642913,0.700222,SVN,ESP,291890
11612909,212,71,6239,2011,0.0,33876.0,-0.604133,0.5268970000000001,SYR,ESP,291890
11612910,216,71,6239,2011,13288.0,100020.0,0.889009,1.503118,THA,ESP,291890
11612911,223,71,6239,2011,0.0,72649.0,0.151221,1.1252360000000001,TUN,ESP,291890
11612912,224,71,6239,2011,0.0,125091.0,0.45775,2.4316259999999996,TUR,ESP,291890
11612913,230,71,6239,2011,0.0,3357.0,0.313195,0.042866,URY,ESP,291890
11612914,231,71,6239,2011,202678.0,2665463.0,1.6884849999999998,-0.474499,USA,ESP,291890
11612915,236,71,6239,2011,0.0,106260.0,-0.841147,-1.095636,VEN,ESP,291890
11612916,239,71,6239,2011,0.0,340132.0,-0.184453,1.637207,VNM,ESP,291890
11612917,243,71,6239,2011,0.0,13625.0,-1.44127,-1.242875,YEM,ESP,291890
11612918,246,71,6239,2011,0.0,120915.0,0.241792,1.353011,ZAF,ESP,291890
11612919,249,71,6239,2011,453761.0,6530.0,1.803234,0.921233,TWN,ESP,291890
11612920,250,71,6239,2011,901204.0,0.0,0.475638,-0.160135,ANS,ESP,291890
11612921,18,74,6239,2011,2125.0,0.0,1.221703,1.247961,BEL,FIN,291890
11612922,43,74,6239,2011,9418.0,3790.0,1.072299,1.686826,CHN,FIN,291890
11612923,61,74,6239,2011,23372.0,0.0,2.074435,-3.440815,DEU,FIN,291890
11612924,71,74,6239,2011,830032.0,0.0,0.8677290000000001,2.4618450000000003,ESP,FIN,291890
11612925,72,74,6239,2011,6487.0,0.0,0.9806790000000001,1.110449,EST,FIN,291890
11612926,77,74,6239,2011,1060.0,0.0,1.532054,0.09339299999999999,FRA,FIN,291890
11612927,81,74,6239,2011,1379.0,0.0,1.8048220000000001,0.380141,GBR,FIN,291890
11612928,104,74,6239,2011,82259.0,0.0,0.18276199999999998,2.398765,IND,FIN,291890
11612929,111,74,6239,2011,208331.0,17368.0,1.298751,0.48013599999999995,ITA,FIN,291890
11612930,114,74,6239,2011,112920.0,0.0,2.516395,-0.534301,JPN,FIN,291890
11612931,121,74,6239,2011,740548.0,0.0,1.731371,0.8306879999999999,KOR,FIN,291890
11612932,162,74,6239,2011,226504.0,0.0,1.1655229999999999,1.410167,NLD,FIN,291890
11612933,208,74,6239,2011,3563.0,0.0,1.857146,0.366159,SWE,FIN,291890
11612934,249,74,6239,2011,0.0,3514.0,1.803234,0.921233,TWN,FIN,291890
11612935,5,77,6239,2011,0.0,1462.0,0.787289,0.484512,AND,FRA,291890
11612936,7,77,6239,2011,0.0,16356.0,0.030652,-0.450808,ARE,FRA,291890
11612937,8,77,6239,2011,0.0,57695.0,0.240494,0.540376,ARG,FRA,291890
11612938,14,77,6239,2011,0.0,45997.0,-0.138148,0.002999,AUS,FRA,291890
11612939,15,77,6239,2011,3230178.0,3510.0,1.687634,-0.229095,AUT,FRA,291890
11612940,18,77,6239,2011,6508724.0,375617.0,1.221703,1.247961,BEL,FRA,291890
11612941,19,77,6239,2011,0.0,5034.0,-1.189478,-0.8684709999999999,BEN,FRA,291890
11612942,28,77,6239,2011,0.0,488844.0,0.8786729999999999,0.442097,BLR,FRA,291890
11612943,32,77,6239,2011,0.0,2855763.0,0.27718400000000004,0.5674319999999999,BRA,FRA,291890
11612944,39,77,6239,2011,4739.0,220739.0,0.754813,1.1967290000000002,CAN,FRA,291890
11612945,41,77,6239,2011,23937936.0,2326454.0,2.2644029999999997,0.406131,CHE,FRA,291890
11612946,42,77,6239,2011,0.0,2728.0,-0.199877,-0.353009,CHL,FRA,291890
11612947,43,77,6239,2011,5088864.0,297512.0,1.072299,1.686826,CHN,FRA,291890
11612948,44,77,6239,2011,0.0,9117.0,-1.069474,-0.867439,CIV,FRA,291890
11612949,49,77,6239,2011,0.0,3351768.0,0.14336600000000002,-0.22996,COL,FRA,291890
11612950,59,77,6239,2011,41071.0,0.0,1.737788,0.14741600000000002,CZE,FRA,291890
11612951,61,77,6239,2011,10985600.0,19707516.0,2.074435,-3.440815,DEU,FRA,291890
11612952,64,77,6239,2011,8993.0,4329.0,1.156026,1.2248299999999999,DNK,FRA,291890
11612953,66,77,6239,2011,0.0,11503.0,-1.36763,-1.140594,DZA,FRA,291890
11612954,68,77,6239,2011,0.0,1382987.0,-0.166243,1.384719,EGY,FRA,291890
11612955,71,77,6239,2011,5572249.0,872520.0,0.8677290000000001,2.4618450000000003,ESP,FRA,291890
11612956,74,77,6239,2011,0.0,1060.0,1.7488830000000002,0.890934,FIN,FRA,291890
11612957,81,77,6239,2011,3989922.0,732850.0,1.8048220000000001,0.380141,GBR,FRA,291890
11612958,90,77,6239,2011,0.0,15084.0,0.138679,1.30044,GRC,FRA,291890
11612959,97,77,6239,2011,1964.0,0.0,0.663588,1.902118,HKG,FRA,291890
11612960,102,77,6239,2011,0.0,18552.0,1.486592,0.805642,HUN,FRA,291890
11612961,103,77,6239,2011,0.0,203226.0,-0.234125,1.168384,IDN,FRA,291890
11612962,104,77,6239,2011,1314236.0,104378.0,0.18276199999999998,2.398765,IND,FRA,291890
11612963,106,77,6239,2011,8678.0,4431599.0,1.403182,0.290245,IRL,FRA,291890
11612964,107,77,6239,2011,0.0,18378.0,-0.915379,-0.973194,IRN,FRA,291890
11612965,110,77,6239,2011,301142.0,245935.0,1.324384,0.714611,ISR,FRA,291890
11612966,111,77,6239,2011,5197718.0,3505944.0,1.298751,0.48013599999999995,ITA,FRA,291890
11612967,114,77,6239,2011,3506117.0,199488.0,2.516395,-0.534301,JPN,FRA,291890
11612968,118,77,6239,2011,2192.0,0.0,-1.162858,-1.103539,KHM,FRA,291890
11612969,121,77,6239,2011,0.0,209413.0,1.731371,0.8306879999999999,KOR,FRA,291890
11612970,122,77,6239,2011,0.0,32796.0,-0.898582,-1.09893,KWT,FRA,291890
11612971,134,77,6239,2011,0.0,7895.0,-0.485404,0.099828,MAR,FRA,291890
11612972,138,77,6239,2011,742326.0,70305.0,0.9534600000000001,0.706982,MEX,FRA,291890
11612973,162,77,6239,2011,1958728.0,690004.0,1.1655229999999999,1.410167,NLD,FRA,291890
11612974,167,77,6239,2011,0.0,1816.0,-0.473703,-0.952491,OMN,FRA,291890
11612975,168,77,6239,2011,0.0,4177.0,-0.729677,0.6026729999999999,PAK,FRA,291890
11612976,173,77,6239,2011,0.0,90883.0,-0.455977,0.442543,PER,FRA,291890
11612977,177,77,6239,2011,2932.0,126621.0,1.133641,1.134203,POL,FRA,291890
11612978,179,77,6239,2011,0.0,40709.0,0.558481,2.7056240000000003,PRT,FRA,291890
11612979,185,77,6239,2011,0.0,70317.0,0.722,1.296655,ROU,FRA,291890
11612980,186,77,6239,2011,2711.0,637736.0,0.47319399999999995,-0.20801599999999998,RUS,FRA,291890
11612981,191,77,6239,2011,0.0,6874.0,-0.624346,-0.308052,SEN,FRA,291890
11612982,192,77,6239,2011,0.0,14450687.0,1.849116,0.52127,SGP,FRA,291890
11612983,201,77,6239,2011,0.0,5026.0,0.49055699999999997,1.5601399999999999,SRB,FRA,291890
11612984,206,77,6239,2011,0.0,10156.0,1.262897,0.8230569999999999,SVK,FRA,291890
11612985,215,77,6239,2011,2113.0,0.0,-0.9156030000000001,-0.884099,TGO,FRA,291890
11612986,216,77,6239,2011,0.0,63453.0,0.889009,1.503118,THA,FRA,291890
11612987,223,77,6239,2011,0.0,24988.0,0.151221,1.1252360000000001,TUN,FRA,291890
11612988,224,77,6239,2011,64432.0,94616.0,0.45775,2.4316259999999996,TUR,FRA,291890
11612989,230,77,6239,2011,0.0,41830.0,0.313195,0.042866,URY,FRA,291890
11612990,231,77,6239,2011,17645906.0,921585.0,1.6884849999999998,-0.474499,USA,FRA,291890
11612991,239,77,6239,2011,0.0,13204.0,-0.184453,1.637207,VNM,FRA,291890
11612992,243,77,6239,2011,0.0,1808.0,-1.44127,-1.242875,YEM,FRA,291890
11612993,246,77,6239,2011,0.0,111278.0,0.241792,1.353011,ZAF,FRA,291890
11612994,249,77,6239,2011,15291666.0,4558.0,1.803234,0.921233,TWN,FRA,291890
11612995,250,77,6239,2011,92681.0,0.0,0.475638,-0.160135,ANS,FRA,291890
11612996,7,81,6239,2011,0.0,32798.0,0.030652,-0.450808,ARE,GBR,291890
11612997,8,81,6239,2011,0.0,183268.0,0.240494,0.540376,ARG,GBR,291890
11612998,14,81,6239,2011,0.0,4205498.0,-0.138148,0.002999,AUS,GBR,291890
11612999,15,81,6239,2011,979.0,3957813.0,1.687634,-0.229095,AUT,GBR,291890
11613000,18,81,6239,2011,1236754.0,4151008.0,1.221703,1.247961,BEL,GBR,291890
11613001,23,81,6239,2011,0.0,77614.0,0.537967,1.520973,BGR,GBR,291890
11613002,32,81,6239,2011,0.0,135546.0,0.27718400000000004,0.5674319999999999,BRA,GBR,291890
11613003,39,81,6239,2011,3663.0,8878090.0,0.754813,1.1967290000000002,CAN,GBR,291890
11613004,41,81,6239,2011,16704628.0,4093530.0,2.2644029999999997,0.406131,CHE,GBR,291890
11613005,42,81,6239,2011,0.0,6531.0,-0.199877,-0.353009,CHL,GBR,291890
11613006,43,81,6239,2011,2901073.0,50194.0,1.072299,1.686826,CHN,GBR,291890
11613007,44,81,6239,2011,0.0,2035.0,-1.069474,-0.867439,CIV,GBR,291890
11613008,49,81,6239,2011,0.0,1913.0,0.14336600000000002,-0.22996,COL,GBR,291890
11613009,52,81,6239,2011,0.0,22559.0,0.04325,-0.553193,CRI,GBR,291890
11613010,59,81,6239,2011,8822.0,5377.0,1.737788,0.14741600000000002,CZE,GBR,291890
11613011,61,81,6239,2011,49824008.0,3882256.0,2.074435,-3.440815,DEU,GBR,291890
11613012,64,81,6239,2011,217021.0,0.0,1.156026,1.2248299999999999,DNK,GBR,291890
11613013,66,81,6239,2011,0.0,5540.0,-1.36763,-1.140594,DZA,GBR,291890
11613014,67,81,6239,2011,0.0,5381.0,-0.8250639999999999,-0.839082,ECU,GBR,291890
11613015,71,81,6239,2011,717424.0,1971887.0,0.8677290000000001,2.4618450000000003,ESP,GBR,291890
11613016,74,81,6239,2011,0.0,1379.0,1.7488830000000002,0.890934,FIN,GBR,291890
11613017,77,81,6239,2011,732850.0,3989922.0,1.532054,0.09339299999999999,FRA,GBR,291890
11613018,87,81,6239,2011,0.0,2050.0,-0.621556,-0.64336,GMB,GBR,291890
11613019,90,81,6239,2011,0.0,6583.0,0.138679,1.30044,GRC,GBR,291890
11613020,96,81,6239,2011,0.0,7274.0,-1.079231,-1.0280989999999999,GUY,GBR,291890
11613021,102,81,6239,2011,57470.0,21405.0,1.486592,0.805642,HUN,GBR,291890
11613022,103,81,6239,2011,0.0,35539.0,-0.234125,1.168384,IDN,GBR,291890
11613023,104,81,6239,2011,470737.0,767532.0,0.18276199999999998,2.398765,IND,GBR,291890
11613024,106,81,6239,2011,0.0,1690414.0,1.403182,0.290245,IRL,GBR,291890
11613025,110,81,6239,2011,33408.0,1119334.0,1.324384,0.714611,ISR,GBR,291890
11613026,111,81,6239,2011,510101.0,228613.0,1.298751,0.48013599999999995,ITA,GBR,291890
11613027,113,81,6239,2011,0.0,1202.0,0.231605,0.47049399999999997,JOR,GBR,291890
11613028,114,81,6239,2011,1001855.0,1007586.0,2.516395,-0.534301,JPN,GBR,291890
11613029,115,81,6239,2011,0.0,1361.0,-0.514687,-0.775671,KAZ,GBR,291890
11613030,121,81,6239,2011,541906.0,138399.0,1.731371,0.8306879999999999,KOR,GBR,291890
11613031,124,81,6239,2011,0.0,1954.0,0.278393,1.2962879999999999,LBN,GBR,291890
11613032,128,81,6239,2011,0.0,1690.0,-0.559311,0.398905,LKA,GBR,291890
11613033,132,81,6239,2011,0.0,9201.0,0.7320939999999999,1.101321,LVA,GBR,291890
11613034,134,81,6239,2011,0.0,48155.0,-0.485404,0.099828,MAR,GBR,291890
11613035,138,81,6239,2011,25367.0,60921.0,0.9534600000000001,0.706982,MEX,GBR,291890
11613036,151,81,6239,2011,0.0,2287.0,-0.09464600000000001,0.091177,MUS,GBR,291890
11613037,153,81,6239,2011,0.0,155710.0,0.9893290000000001,0.632079,MYS,GBR,291890
11613038,156,81,6239,2011,0.0,25203.0,-0.976349,-0.798691,NCL,GBR,291890
11613039,159,81,6239,2011,0.0,3326.0,-1.699286,-1.15511,NGA,GBR,291890
11613040,162,81,6239,2011,37321136.0,439759.0,1.1655229999999999,1.410167,NLD,GBR,291890
11613041,166,81,6239,2011,5682.0,3269749.0,0.372732,0.548601,NZL,GBR,291890
11613042,167,81,6239,2011,0.0,3078.0,-0.473703,-0.952491,OMN,GBR,291890
11613043,168,81,6239,2011,0.0,2389576.0,-0.729677,0.6026729999999999,PAK,GBR,291890
11613044,173,81,6239,2011,0.0,13498.0,-0.455977,0.442543,PER,GBR,291890
11613045,174,81,6239,2011,0.0,1731.0,0.364707,0.322626,PHL,GBR,291890
11613046,177,81,6239,2011,8616.0,11273.0,1.133641,1.134203,POL,GBR,291890
11613047,186,81,6239,2011,0.0,21209.0,0.47319399999999995,-0.20801599999999998,RUS,GBR,291890
11613048,188,81,6239,2011,0.0,5456.0,0.354045,-0.800028,SAU,GBR,291890
11613049,192,81,6239,2011,65759.0,26499.0,1.849116,0.52127,SGP,GBR,291890
11613050,206,81,6239,2011,5431.0,1154.0,1.262897,0.8230569999999999,SVK,GBR,291890
11613051,208,81,6239,2011,3276639.0,410090.0,1.857146,0.366159,SWE,GBR,291890
11613052,212,81,6239,2011,0.0,4398.0,-0.604133,0.5268970000000001,SYR,GBR,291890
11613053,224,81,6239,2011,0.0,15269.0,0.45775,2.4316259999999996,TUR,GBR,291890
11613054,228,81,6239,2011,5648.0,3051.0,0.6221409999999999,0.765505,UKR,GBR,291890
11613055,231,81,6239,2011,1359815.0,38068288.0,1.6884849999999998,-0.474499,USA,GBR,291890
11613056,239,81,6239,2011,0.0,50484.0,-0.184453,1.637207,VNM,GBR,291890
11613057,246,81,6239,2011,0.0,33883.0,0.241792,1.353011,ZAF,GBR,291890
11613058,249,81,6239,2011,0.0,10153.0,1.803234,0.921233,TWN,GBR,291890
11613059,18,90,6239,2011,288326.0,0.0,1.221703,1.247961,BEL,GRC,291890
11613060,39,90,6239,2011,34214.0,0.0,0.754813,1.1967290000000002,CAN,GRC,291890
11613061,41,90,6239,2011,824976.0,0.0,2.2644029999999997,0.406131,CHE,GRC,291890
11613062,43,90,6239,2011,43577.0,0.0,1.072299,1.686826,CHN,GRC,291890
11613063,58,90,6239,2011,1374796.0,0.0,0.798165,0.424179,CYP,GRC,291890
11613064,61,90,6239,2011,308493.0,0.0,2.074435,-3.440815,DEU,GRC,291890
11613065,64,90,6239,2011,7445.0,0.0,1.156026,1.2248299999999999,DNK,GRC,291890
11613066,71,90,6239,2011,433112.0,0.0,0.8677290000000001,2.4618450000000003,ESP,GRC,291890
11613067,77,90,6239,2011,15084.0,0.0,1.532054,0.09339299999999999,FRA,GRC,291890
11613068,81,90,6239,2011,6583.0,0.0,1.8048220000000001,0.380141,GBR,GRC,291890
11613069,104,90,6239,2011,9506.0,0.0,0.18276199999999998,2.398765,IND,GRC,291890
11613070,111,90,6239,2011,766031.0,0.0,1.298751,0.48013599999999995,ITA,GRC,291890
11613071,140,90,6239,2011,0.0,5167.0,-0.12310499999999999,0.16392,MKD,GRC,291890
11613072,142,90,6239,2011,191187.0,0.0,1.3001340000000001,0.22605799999999998,MLT,GRC,291890
11613073,162,90,6239,2011,21379.0,0.0,1.1655229999999999,1.410167,NLD,GRC,291890
11613074,177,90,6239,2011,0.0,1899.0,1.133641,1.134203,POL,GRC,291890
11613075,185,90,6239,2011,0.0,20015.0,0.722,1.296655,ROU,GRC,291890
11613076,249,90,6239,2011,37328.0,0.0,1.803234,0.921233,TWN,GRC,291890
11613077,18,93,6239,2011,2421.0,0.0,1.221703,1.247961,BEL,GTM,291890
11613078,43,93,6239,2011,5329408.0,0.0,1.072299,1.686826,CHN,GTM,291890
11613079,52,93,6239,2011,0.0,44791.0,0.04325,-0.553193,CRI,GTM,291890
11613080,61,93,6239,2011,57900.0,0.0,2.074435,-3.440815,DEU,GTM,291890
11613081,64,93,6239,2011,12143.0,0.0,1.156026,1.2248299999999999,DNK,GTM,291890
11613082,65,93,6239,2011,0.0,19080.0,-0.260653,0.5682010000000001,DOM,GTM,291890
11613083,71,93,6239,2011,1032515.0,0.0,0.8677290000000001,2.4618450000000003,ESP,GTM,291890
11613084,99,93,6239,2011,0.0,71720.0,-0.740241,-0.311952,HND,GTM,291890
11613085,104,93,6239,2011,2185909.0,0.0,0.18276199999999998,2.398765,IND,GTM,291890
11613086,111,93,6239,2011,3578.0,0.0,1.298751,0.48013599999999995,ITA,GTM,291890
11613087,138,93,6239,2011,69371.0,58943.0,0.9534600000000001,0.706982,MEX,GTM,291890
11613088,160,93,6239,2011,0.0,64788.0,-0.9592139999999999,-0.796108,NIC,GTM,291890
11613089,162,93,6239,2011,1099.0,0.0,1.1655229999999999,1.410167,NLD,GTM,291890
11613090,177,93,6239,2011,931213.0,0.0,1.133641,1.134203,POL,GTM,291890
11613091,197,93,6239,2011,0.0,32443.0,-0.09713200000000001,0.20772600000000002,SLV,GTM,291890
11613092,231,93,6239,2011,8400.0,0.0,1.6884849999999998,-0.474499,USA,GTM,291890
11613093,81,96,6239,2011,7274.0,0.0,1.8048220000000001,0.380141,GBR,GUY,291890
11613094,104,96,6239,2011,1942.0,0.0,0.18276199999999998,2.398765,IND,GUY,291890
11613095,231,96,6239,2011,1059.0,0.0,1.6884849999999998,-0.474499,USA,GUY,291890
11613096,8,97,6239,2011,4586.0,0.0,0.240494,0.540376,ARG,HKG,291890
11613097,18,97,6239,2011,1320.0,0.0,1.221703,1.247961,BEL,HKG,291890
11613098,32,97,6239,2011,0.0,33957.0,0.27718400000000004,0.5674319999999999,BRA,HKG,291890
11613099,41,97,6239,2011,57079.0,21882.0,2.2644029999999997,0.406131,CHE,HKG,291890
11613100,43,97,6239,2011,225527.0,49955.0,1.072299,1.686826,CHN,HKG,291890
11613101,61,97,6239,2011,48473.0,222243.0,2.074435,-3.440815,DEU,HKG,291890
11613102,68,97,6239,2011,0.0,4527.0,-0.166243,1.384719,EGY,HKG,291890
11613103,71,97,6239,2011,2765.0,15726.0,0.8677290000000001,2.4618450000000003,ESP,HKG,291890
11613104,77,97,6239,2011,0.0,1964.0,1.532054,0.09339299999999999,FRA,HKG,291890
11613105,103,97,6239,2011,0.0,15652.0,-0.234125,1.168384,IDN,HKG,291890
11613106,104,97,6239,2011,327334.0,319723.0,0.18276199999999998,2.398765,IND,HKG,291890
11613107,110,97,6239,2011,0.0,231392.0,1.324384,0.714611,ISR,HKG,291890
11613108,114,97,6239,2011,22745.0,0.0,2.516395,-0.534301,JPN,HKG,291890
11613109,121,97,6239,2011,85116.0,137314.0,1.731371,0.8306879999999999,KOR,HKG,291890
11613110,162,97,6239,2011,16196.0,6472.0,1.1655229999999999,1.410167,NLD,HKG,291890
11613111,168,97,6239,2011,0.0,17396.0,-0.729677,0.6026729999999999,PAK,HKG,291890
11613112,174,97,6239,2011,0.0,52747.0,0.364707,0.322626,PHL,HKG,291890
11613113,186,97,6239,2011,0.0,10678.0,0.47319399999999995,-0.20801599999999998,RUS,HKG,291890
11613114,192,97,6239,2011,36573.0,0.0,1.849116,0.52127,SGP,HKG,291890
11613115,230,97,6239,2011,19256.0,0.0,0.313195,0.042866,URY,HKG,291890
11613116,231,97,6239,2011,33432.0,7174.0,1.6884849999999998,-0.474499,USA,HKG,291890
11613117,249,97,6239,2011,199391.0,0.0,1.803234,0.921233,TWN,HKG,291890
11613118,43,99,6239,2011,114756.0,0.0,1.072299,1.686826,CHN,HND,291890
11613119,61,99,6239,2011,33256.0,0.0,2.074435,-3.440815,DEU,HND,291890
11613120,71,99,6239,2011,174051.0,0.0,0.8677290000000001,2.4618450000000003,ESP,HND,291890
11613121,93,99,6239,2011,71720.0,0.0,-0.329497,0.775369,GTM,HND,291890
11613122,104,99,6239,2011,50397.0,0.0,0.18276199999999998,2.398765,IND,HND,291890
11613123,231,99,6239,2011,1652.0,0.0,1.6884849999999998,-0.474499,USA,HND,291890
11613124,14,103,6239,2011,58987.0,0.0,-0.138148,0.002999,AUS,IDN,291890
11613125,39,103,6239,2011,5010.0,0.0,0.754813,1.1967290000000002,CAN,IDN,291890
11613126,41,103,6239,2011,110774.0,0.0,2.2644029999999997,0.406131,CHE,IDN,291890
11613127,43,103,6239,2011,6639814.0,0.0,1.072299,1.686826,CHN,IDN,291890
11613128,59,103,6239,2011,0.0,1914.0,1.737788,0.14741600000000002,CZE,IDN,291890
11613129,61,103,6239,2011,85332.0,0.0,2.074435,-3.440815,DEU,IDN,291890
11613130,64,103,6239,2011,11909.0,0.0,1.156026,1.2248299999999999,DNK,IDN,291890
11613131,71,103,6239,2011,121860.0,0.0,0.8677290000000001,2.4618450000000003,ESP,IDN,291890
11613132,77,103,6239,2011,203226.0,0.0,1.532054,0.09339299999999999,FRA,IDN,291890
11613133,81,103,6239,2011,35539.0,0.0,1.8048220000000001,0.380141,GBR,IDN,291890
11613134,97,103,6239,2011,15652.0,0.0,0.663588,1.902118,HKG,IDN,291890
11613135,104,103,6239,2011,383994.0,45386.0,0.18276199999999998,2.398765,IND,IDN,291890
11613136,110,103,6239,2011,2453.0,0.0,1.324384,0.714611,ISR,IDN,291890
11613137,111,103,6239,2011,84696.0,0.0,1.298751,0.48013599999999995,ITA,IDN,291890
11613138,114,103,6239,2011,154370.0,0.0,2.516395,-0.534301,JPN,IDN,291890
11613139,121,103,6239,2011,161929.0,0.0,1.731371,0.8306879999999999,KOR,IDN,291890
11613140,138,103,6239,2011,20180.0,0.0,0.9534600000000001,0.706982,MEX,IDN,291890
11613141,153,103,6239,2011,183165.0,101733.0,0.9893290000000001,0.632079,MYS,IDN,291890
11613142,162,103,6239,2011,11075.0,0.0,1.1655229999999999,1.410167,NLD,IDN,291890
11613143,168,103,6239,2011,0.0,124727.0,-0.729677,0.6026729999999999,PAK,IDN,291890
11613144,177,103,6239,2011,2085773.0,0.0,1.133641,1.134203,POL,IDN,291890
11613145,192,103,6239,2011,1100869.0,49546.0,1.849116,0.52127,SGP,IDN,291890
11613146,216,103,6239,2011,3138.0,639708.0,0.889009,1.503118,THA,IDN,291890
11613147,231,103,6239,2011,1892078.0,18944.0,1.6884849999999998,-0.474499,USA,IDN,291890
11613148,239,103,6239,2011,0.0,47423.0,-0.184453,1.637207,VNM,IDN,291890
11613149,249,103,6239,2011,126654.0,189106.0,1.803234,0.921233,TWN,IDN,291890
11613150,7,104,6239,2011,16551.0,14475.0,0.030652,-0.450808,ARE,IND,291890
11613151,8,104,6239,2011,0.0,269966.0,0.240494,0.540376,ARG,IND,291890
11613152,14,104,6239,2011,45678.0,1254378.0,-0.138148,0.002999,AUS,IND,291890
11613153,15,104,6239,2011,36173.0,1601926.0,1.687634,-0.229095,AUT,IND,291890
11613154,18,104,6239,2011,55829.0,355629.0,1.221703,1.247961,BEL,IND,291890
11613155,22,104,6239,2011,0.0,715867.0,-1.074416,-0.8276370000000001,BGD,IND,291890
11613156,24,104,6239,2011,0.0,1794.0,0.04085,-0.873711,BHR,IND,291890
11613157,31,104,6239,2011,0.0,1489.0,-0.818593,-0.8701770000000001,BOL,IND,291890
11613158,32,104,6239,2011,0.0,801960.0,0.27718400000000004,0.5674319999999999,BRA,IND,291890
11613159,39,104,6239,2011,87784.0,648333.0,0.754813,1.1967290000000002,CAN,IND,291890
11613160,41,104,6239,2011,679562.0,494646.0,2.2644029999999997,0.406131,CHE,IND,291890
11613161,42,104,6239,2011,0.0,26111.0,-0.199877,-0.353009,CHL,IND,291890
11613162,43,104,6239,2011,18737884.0,709300.0,1.072299,1.686826,CHN,IND,291890
11613163,45,104,6239,2011,0.0,1276.0,-0.7956340000000001,-0.8532790000000001,CMR,IND,291890
11613164,49,104,6239,2011,0.0,219957.0,0.14336600000000002,-0.22996,COL,IND,291890
11613165,52,104,6239,2011,0.0,1997027.0,0.04325,-0.553193,CRI,IND,291890
11613166,59,104,6239,2011,0.0,1150.0,1.737788,0.14741600000000002,CZE,IND,291890
11613167,61,104,6239,2011,421646.0,5531922.0,2.074435,-3.440815,DEU,IND,291890
11613168,64,104,6239,2011,0.0,15913.0,1.156026,1.2248299999999999,DNK,IND,291890
11613169,65,104,6239,2011,0.0,2937.0,-0.260653,0.5682010000000001,DOM,IND,291890
11613170,66,104,6239,2011,0.0,22656.0,-1.36763,-1.140594,DZA,IND,291890
11613171,67,104,6239,2011,0.0,1256496.0,-0.8250639999999999,-0.839082,ECU,IND,291890
11613172,68,104,6239,2011,0.0,525773.0,-0.166243,1.384719,EGY,IND,291890
11613173,71,104,6239,2011,498980.0,2155069.0,0.8677290000000001,2.4618450000000003,ESP,IND,291890
11613174,74,104,6239,2011,0.0,82259.0,1.7488830000000002,0.890934,FIN,IND,291890
11613175,77,104,6239,2011,104378.0,1314236.0,1.532054,0.09339299999999999,FRA,IND,291890
11613176,81,104,6239,2011,767532.0,470737.0,1.8048220000000001,0.380141,GBR,IND,291890
11613177,83,104,6239,2011,0.0,23375.0,-0.8627319999999999,-0.608823,GHA,IND,291890
11613178,90,104,6239,2011,0.0,9506.0,0.138679,1.30044,GRC,IND,291890
11613179,93,104,6239,2011,0.0,2185909.0,-0.329497,0.775369,GTM,IND,291890
11613180,96,104,6239,2011,0.0,1942.0,-1.079231,-1.0280989999999999,GUY,IND,291890
11613181,97,104,6239,2011,319723.0,327334.0,0.663588,1.902118,HKG,IND,291890
11613182,99,104,6239,2011,0.0,50397.0,-0.740241,-0.311952,HND,IND,291890
11613183,100,104,6239,2011,1327.0,1768143.0,0.868294,0.9424299999999999,HRV,IND,291890
11613184,102,104,6239,2011,938429.0,33086.0,1.486592,0.805642,HUN,IND,291890
11613185,103,104,6239,2011,45386.0,383994.0,-0.234125,1.168384,IDN,IND,291890
11613186,106,104,6239,2011,0.0,213584.0,1.403182,0.290245,IRL,IND,291890
11613187,107,104,6239,2011,6923.0,555633.0,-0.915379,-0.973194,IRN,IND,291890
11613188,110,104,6239,2011,12570.0,14003.0,1.324384,0.714611,ISR,IND,291890
11613189,111,104,6239,2011,333821.0,2290151.0,1.298751,0.48013599999999995,ITA,IND,291890
11613190,113,104,6239,2011,0.0,98795.0,0.231605,0.47049399999999997,JOR,IND,291890
11613191,114,104,6239,2011,1245107.0,132588.0,2.516395,-0.534301,JPN,IND,291890
11613192,116,104,6239,2011,0.0,14549.0,-0.48319300000000004,0.346927,KEN,IND,291890
11613193,121,104,6239,2011,719529.0,111775.0,1.731371,0.8306879999999999,KOR,IND,291890
11613194,122,104,6239,2011,0.0,3245.0,-0.898582,-1.09893,KWT,IND,291890
11613195,124,104,6239,2011,0.0,6795.0,0.278393,1.2962879999999999,LBN,IND,291890
11613196,128,104,6239,2011,0.0,14774.0,-0.559311,0.398905,LKA,IND,291890
11613197,132,104,6239,2011,0.0,1812505.0,0.7320939999999999,1.101321,LVA,IND,291890
11613198,134,104,6239,2011,0.0,493312.0,-0.485404,0.099828,MAR,IND,291890
11613199,138,104,6239,2011,116923.0,1214147.0,0.9534600000000001,0.706982,MEX,IND,291890
11613200,142,104,6239,2011,204557.0,0.0,1.3001340000000001,0.22605799999999998,MLT,IND,291890
11613201,152,104,6239,2011,0.0,2944.0,-1.100291,-0.982559,MWI,IND,291890
11613202,153,104,6239,2011,136172.0,116311.0,0.9893290000000001,0.632079,MYS,IND,291890
11613203,159,104,6239,2011,0.0,76256.0,-1.699286,-1.15511,NGA,IND,291890
11613204,160,104,6239,2011,0.0,5957.0,-0.9592139999999999,-0.796108,NIC,IND,291890
11613205,162,104,6239,2011,205182.0,1635530.0,1.1655229999999999,1.410167,NLD,IND,291890
11613206,164,104,6239,2011,0.0,63872.0,-0.242299,0.801966,NPL,IND,291890
11613207,166,104,6239,2011,42737.0,8842.0,0.372732,0.548601,NZL,IND,291890
11613208,168,104,6239,2011,0.0,329862.0,-0.729677,0.6026729999999999,PAK,IND,291890
11613209,173,104,6239,2011,0.0,253516.0,-0.455977,0.442543,PER,IND,291890
11613210,174,104,6239,2011,49342.0,233813.0,0.364707,0.322626,PHL,IND,291890
11613211,177,104,6239,2011,0.0,192095.0,1.133641,1.134203,POL,IND,291890
11613212,179,104,6239,2011,0.0,8809.0,0.558481,2.7056240000000003,PRT,IND,291890
11613213,180,104,6239,2011,0.0,4248.0,-0.548759,-0.877743,PRY,IND,291890
11613214,186,104,6239,2011,39347.0,302224.0,0.47319399999999995,-0.20801599999999998,RUS,IND,291890
11613215,188,104,6239,2011,4124.0,0.0,0.354045,-0.800028,SAU,IND,291890
11613216,192,104,6239,2011,145179.0,157583.0,1.849116,0.52127,SGP,IND,291890
11613217,197,104,6239,2011,0.0,18225.0,-0.09713200000000001,0.20772600000000002,SLV,IND,291890
11613218,201,104,6239,2011,0.0,38561.0,0.49055699999999997,1.5601399999999999,SRB,IND,291890
11613219,207,104,6239,2011,0.0,54148.0,1.642913,0.700222,SVN,IND,291890
11613220,208,104,6239,2011,0.0,1874.0,1.857146,0.366159,SWE,IND,291890
11613221,212,104,6239,2011,0.0,165245.0,-0.604133,0.5268970000000001,SYR,IND,291890
11613222,215,104,6239,2011,0.0,1035.0,-0.9156030000000001,-0.884099,TGO,IND,291890
11613223,216,104,6239,2011,386504.0,385619.0,0.889009,1.503118,THA,IND,291890
11613224,223,104,6239,2011,0.0,19571.0,0.151221,1.1252360000000001,TUN,IND,291890
11613225,224,104,6239,2011,0.0,827989.0,0.45775,2.4316259999999996,TUR,IND,291890
11613226,226,104,6239,2011,0.0,2341.0,-0.751316,0.286505,TZA,IND,291890
11613227,230,104,6239,2011,0.0,2812.0,0.313195,0.042866,URY,IND,291890
11613228,231,104,6239,2011,788725.0,34024324.0,1.6884849999999998,-0.474499,USA,IND,291890
11613229,236,104,6239,2011,0.0,57501.0,-0.841147,-1.095636,VEN,IND,291890
11613230,239,104,6239,2011,0.0,19400.0,-0.184453,1.637207,VNM,IND,291890
11613231,243,104,6239,2011,0.0,38002.0,-1.44127,-1.242875,YEM,IND,291890
11613232,246,104,6239,2011,0.0,142072.0,0.241792,1.353011,ZAF,IND,291890
11613233,249,104,6239,2011,3074940.0,436265.0,1.803234,0.921233,TWN,IND,291890
11613234,250,104,6239,2011,353604.0,0.0,0.475638,-0.160135,ANS,IND,291890
11613235,18,106,6239,2011,158815.0,0.0,1.221703,1.247961,BEL,IRL,291890
11613236,39,106,6239,2011,1370614.0,0.0,0.754813,1.1967290000000002,CAN,IRL,291890
11613237,41,106,6239,2011,1089.0,0.0,2.2644029999999997,0.406131,CHE,IRL,291890
11613238,43,106,6239,2011,6652.0,3731.0,1.072299,1.686826,CHN,IRL,291890
11613239,61,106,6239,2011,105139.0,0.0,2.074435,-3.440815,DEU,IRL,291890
11613240,71,106,6239,2011,973071.0,0.0,0.8677290000000001,2.4618450000000003,ESP,IRL,291890
11613241,77,106,6239,2011,4431599.0,8678.0,1.532054,0.09339299999999999,FRA,IRL,291890
11613242,81,106,6239,2011,1690414.0,0.0,1.8048220000000001,0.380141,GBR,IRL,291890
11613243,104,106,6239,2011,213584.0,0.0,0.18276199999999998,2.398765,IND,IRL,291890
11613244,111,106,6239,2011,987642.0,0.0,1.298751,0.48013599999999995,ITA,IRL,291890
11613245,114,106,6239,2011,6969.0,0.0,2.516395,-0.534301,JPN,IRL,291890
11613246,162,106,6239,2011,1102620.0,0.0,1.1655229999999999,1.410167,NLD,IRL,291890
11613247,231,106,6239,2011,1349131.0,0.0,1.6884849999999998,-0.474499,USA,IRL,291890
11613248,2,110,6239,2011,0.0,16174.0,-1.252991,-1.132314,AGO,ISR,291890
11613249,8,110,6239,2011,0.0,7704.0,0.240494,0.540376,ARG,ISR,291890
11613250,14,110,6239,2011,44434.0,75730.0,-0.138148,0.002999,AUS,ISR,291890
11613251,15,110,6239,2011,138059.0,0.0,1.687634,-0.229095,AUT,ISR,291890
11613252,18,110,6239,2011,57411.0,2863649.0,1.221703,1.247961,BEL,ISR,291890
11613253,32,110,6239,2011,0.0,10684.0,0.27718400000000004,0.5674319999999999,BRA,ISR,291890
11613254,39,110,6239,2011,10107.0,792298.0,0.754813,1.1967290000000002,CAN,ISR,291890
11613255,41,110,6239,2011,52057.0,969.0,2.2644029999999997,0.406131,CHE,ISR,291890
11613256,43,110,6239,2011,10676481.0,0.0,1.072299,1.686826,CHN,ISR,291890
11613257,49,110,6239,2011,0.0,27227.0,0.14336600000000002,-0.22996,COL,ISR,291890
11613258,61,110,6239,2011,214946.0,14116.0,2.074435,-3.440815,DEU,ISR,291890
11613259,64,110,6239,2011,7458.0,0.0,1.156026,1.2248299999999999,DNK,ISR,291890
11613260,71,110,6239,2011,1352.0,39476.0,0.8677290000000001,2.4618450000000003,ESP,ISR,291890
11613261,72,110,6239,2011,0.0,18792.0,0.9806790000000001,1.110449,EST,ISR,291890
11613262,77,110,6239,2011,245935.0,301142.0,1.532054,0.09339299999999999,FRA,ISR,291890
11613263,81,110,6239,2011,1119334.0,33408.0,1.8048220000000001,0.380141,GBR,ISR,291890
11613264,97,110,6239,2011,231392.0,0.0,0.663588,1.902118,HKG,ISR,291890
11613265,100,110,6239,2011,261180.0,288769.0,0.868294,0.9424299999999999,HRV,ISR,291890
11613266,102,110,6239,2011,0.0,122024.0,1.486592,0.805642,HUN,ISR,291890
11613267,103,110,6239,2011,0.0,2453.0,-0.234125,1.168384,IDN,ISR,291890
11613268,104,110,6239,2011,14003.0,12570.0,0.18276199999999998,2.398765,IND,ISR,291890
11613269,111,110,6239,2011,3224326.0,20559.0,1.298751,0.48013599999999995,ITA,ISR,291890
11613270,121,110,6239,2011,51929.0,0.0,1.731371,0.8306879999999999,KOR,ISR,291890
11613271,138,110,6239,2011,1221881.0,25369.0,0.9534600000000001,0.706982,MEX,ISR,291890
11613272,162,110,6239,2011,8154.0,0.0,1.1655229999999999,1.410167,NLD,ISR,291890
11613273,174,110,6239,2011,0.0,52228.0,0.364707,0.322626,PHL,ISR,291890
11613274,177,110,6239,2011,0.0,7761.0,1.133641,1.134203,POL,ISR,291890
11613275,179,110,6239,2011,0.0,20348.0,0.558481,2.7056240000000003,PRT,ISR,291890
11613276,192,110,6239,2011,0.0,8258.0,1.849116,0.52127,SGP,ISR,291890
11613277,207,110,6239,2011,0.0,23883.0,1.642913,0.700222,SVN,ISR,291890
11613278,216,110,6239,2011,0.0,67910.0,0.889009,1.503118,THA,ISR,291890
11613279,231,110,6239,2011,1363860.0,2987836.0,1.6884849999999998,-0.474499,USA,ISR,291890
11613280,246,110,6239,2011,0.0,3555.0,0.241792,1.353011,ZAF,ISR,291890
11613281,249,110,6239,2011,0.0,13174.0,1.803234,0.921233,TWN,ISR,291890
11613282,4,111,6239,2011,0.0,1350.0,-0.331435,-0.034828,ALB,ITA,291890
11613283,7,111,6239,2011,0.0,23891.0,0.030652,-0.450808,ARE,ITA,291890
11613284,8,111,6239,2011,0.0,466226.0,0.240494,0.540376,ARG,ITA,291890
11613285,14,111,6239,2011,0.0,31645.0,-0.138148,0.002999,AUS,ITA,291890
11613286,15,111,6239,2011,147240.0,141074.0,1.687634,-0.229095,AUT,ITA,291890
11613287,18,111,6239,2011,1203787.0,2586580.0,1.221703,1.247961,BEL,ITA,291890
11613288,22,111,6239,2011,0.0,10166.0,-1.074416,-0.8276370000000001,BGD,ITA,291890
11613289,23,111,6239,2011,0.0,13173.0,0.537967,1.520973,BGR,ITA,291890
11613290,28,111,6239,2011,0.0,61577.0,0.8786729999999999,0.442097,BLR,ITA,291890
11613291,32,111,6239,2011,52731.0,26972.0,0.27718400000000004,0.5674319999999999,BRA,ITA,291890
11613292,39,111,6239,2011,0.0,1661566.0,0.754813,1.1967290000000002,CAN,ITA,291890
11613293,41,111,6239,2011,914245.0,9560056.0,2.2644029999999997,0.406131,CHE,ITA,291890
11613294,42,111,6239,2011,0.0,229226.0,-0.199877,-0.353009,CHL,ITA,291890
11613295,43,111,6239,2011,5686448.0,4264.0,1.072299,1.686826,CHN,ITA,291890
11613296,49,111,6239,2011,0.0,69540.0,0.14336600000000002,-0.22996,COL,ITA,291890
11613297,58,111,6239,2011,0.0,483408.0,0.798165,0.424179,CYP,ITA,291890
11613298,59,111,6239,2011,40840.0,4015761.0,1.737788,0.14741600000000002,CZE,ITA,291890
11613299,61,111,6239,2011,5374006.0,988882.0,2.074435,-3.440815,DEU,ITA,291890
11613300,64,111,6239,2011,14831.0,998.0,1.156026,1.2248299999999999,DNK,ITA,291890
11613301,66,111,6239,2011,0.0,4474.0,-1.36763,-1.140594,DZA,ITA,291890
11613302,68,111,6239,2011,0.0,222211.0,-0.166243,1.384719,EGY,ITA,291890
11613303,71,111,6239,2011,2200998.0,518461.0,0.8677290000000001,2.4618450000000003,ESP,ITA,291890
11613304,74,111,6239,2011,17368.0,208331.0,1.7488830000000002,0.890934,FIN,ITA,291890
11613305,77,111,6239,2011,3505944.0,5197718.0,1.532054,0.09339299999999999,FRA,ITA,291890
11613306,81,111,6239,2011,228613.0,510101.0,1.8048220000000001,0.380141,GBR,ITA,291890
11613307,90,111,6239,2011,0.0,766031.0,0.138679,1.30044,GRC,ITA,291890
11613308,93,111,6239,2011,0.0,3578.0,-0.329497,0.775369,GTM,ITA,291890
11613309,100,111,6239,2011,0.0,3601.0,0.868294,0.9424299999999999,HRV,ITA,291890
11613310,102,111,6239,2011,0.0,2646382.0,1.486592,0.805642,HUN,ITA,291890
11613311,103,111,6239,2011,0.0,84696.0,-0.234125,1.168384,IDN,ITA,291890
11613312,104,111,6239,2011,2290151.0,333821.0,0.18276199999999998,2.398765,IND,ITA,291890
11613313,106,111,6239,2011,0.0,987642.0,1.403182,0.290245,IRL,ITA,291890
11613314,107,111,6239,2011,0.0,31164.0,-0.915379,-0.973194,IRN,ITA,291890
11613315,110,111,6239,2011,20559.0,3224326.0,1.324384,0.714611,ISR,ITA,291890
11613316,114,111,6239,2011,80849.0,122572.0,2.516395,-0.534301,JPN,ITA,291890
11613317,115,111,6239,2011,0.0,6788.0,-0.514687,-0.775671,KAZ,ITA,291890
11613318,121,111,6239,2011,0.0,94236.0,1.731371,0.8306879999999999,KOR,ITA,291890
11613319,128,111,6239,2011,0.0,13943.0,-0.559311,0.398905,LKA,ITA,291890
11613320,132,111,6239,2011,0.0,1850.0,0.7320939999999999,1.101321,LVA,ITA,291890
11613321,134,111,6239,2011,0.0,42434.0,-0.485404,0.099828,MAR,ITA,291890
11613322,138,111,6239,2011,1881228.0,0.0,0.9534600000000001,0.706982,MEX,ITA,291890
11613323,142,111,6239,2011,0.0,1986.0,1.3001340000000001,0.22605799999999998,MLT,ITA,291890
11613324,153,111,6239,2011,0.0,16586.0,0.9893290000000001,0.632079,MYS,ITA,291890
11613325,162,111,6239,2011,1844081.0,201534.0,1.1655229999999999,1.410167,NLD,ITA,291890
11613326,166,111,6239,2011,0.0,946.0,0.372732,0.548601,NZL,ITA,291890
11613327,168,111,6239,2011,5110.0,225758.0,-0.729677,0.6026729999999999,PAK,ITA,291890
11613328,174,111,6239,2011,0.0,16386.0,0.364707,0.322626,PHL,ITA,291890
11613329,177,111,6239,2011,7287272.0,269776.0,1.133641,1.134203,POL,ITA,291890
11613330,179,111,6239,2011,0.0,1249281.0,0.558481,2.7056240000000003,PRT,ITA,291890
11613331,185,111,6239,2011,0.0,5924.0,0.722,1.296655,ROU,ITA,291890
11613332,186,111,6239,2011,0.0,1388413.0,0.47319399999999995,-0.20801599999999998,RUS,ITA,291890
11613333,188,111,6239,2011,0.0,10430.0,0.354045,-0.800028,SAU,ITA,291890
11613334,192,111,6239,2011,0.0,1489.0,1.849116,0.52127,SGP,ITA,291890
11613335,201,111,6239,2011,0.0,4916.0,0.49055699999999997,1.5601399999999999,SRB,ITA,291890
11613336,207,111,6239,2011,3904.0,3401.0,1.642913,0.700222,SVN,ITA,291890
11613337,216,111,6239,2011,0.0,1629.0,0.889009,1.503118,THA,ITA,291890
11613338,223,111,6239,2011,0.0,4237.0,0.151221,1.1252360000000001,TUN,ITA,291890
11613339,224,111,6239,2011,0.0,69250.0,0.45775,2.4316259999999996,TUR,ITA,291890
11613340,228,111,6239,2011,0.0,4699.0,0.6221409999999999,0.765505,UKR,ITA,291890
11613341,231,111,6239,2011,564988.0,4220214.0,1.6884849999999998,-0.474499,USA,ITA,291890
11613342,236,111,6239,2011,0.0,99177.0,-0.841147,-1.095636,VEN,ITA,291890
11613343,239,111,6239,2011,0.0,57237.0,-0.184453,1.637207,VNM,ITA,291890
11613344,246,111,6239,2011,0.0,8542.0,0.241792,1.353011,ZAF,ITA,291890
11613345,249,111,6239,2011,495633.0,159543.0,1.803234,0.921233,TWN,ITA,291890
11613346,231,112,6239,2011,2363.0,0.0,1.6884849999999998,-0.474499,USA,JAM,291890
11613347,8,114,6239,2011,0.0,8395.0,0.240494,0.540376,ARG,JPN,291890
11613348,9,114,6239,2011,2731.0,0.0,0.543397,-0.029376999999999997,ARM,JPN,291890
11613349,14,114,6239,2011,543746.0,76078.0,-0.138148,0.002999,AUS,JPN,291890
11613350,15,114,6239,2011,0.0,83417.0,1.687634,-0.229095,AUT,JPN,291890
11613351,18,114,6239,2011,28384.0,588074.0,1.221703,1.247961,BEL,JPN,291890
11613352,22,114,6239,2011,0.0,155032.0,-1.074416,-0.8276370000000001,BGD,JPN,291890
11613353,32,114,6239,2011,0.0,32828.0,0.27718400000000004,0.5674319999999999,BRA,JPN,291890
11613354,39,114,6239,2011,13315.0,38214.0,0.754813,1.1967290000000002,CAN,JPN,291890
11613355,41,114,6239,2011,1126029.0,82351.0,2.2644029999999997,0.406131,CHE,JPN,291890
11613356,43,114,6239,2011,13791850.0,4665960.0,1.072299,1.686826,CHN,JPN,291890
11613357,59,114,6239,2011,16223.0,39367.0,1.737788,0.14741600000000002,CZE,JPN,291890
11613358,61,114,6239,2011,8233368.0,1731367.0,2.074435,-3.440815,DEU,JPN,291890
11613359,71,114,6239,2011,47036.0,0.0,0.8677290000000001,2.4618450000000003,ESP,JPN,291890
11613360,74,114,6239,2011,0.0,112920.0,1.7488830000000002,0.890934,FIN,JPN,291890
11613361,77,114,6239,2011,199488.0,3506117.0,1.532054,0.09339299999999999,FRA,JPN,291890
11613362,81,114,6239,2011,1007586.0,1001855.0,1.8048220000000001,0.380141,GBR,JPN,291890
11613363,97,114,6239,2011,0.0,22745.0,0.663588,1.902118,HKG,JPN,291890
11613364,102,114,6239,2011,3035326.0,968.0,1.486592,0.805642,HUN,JPN,291890
11613365,103,114,6239,2011,0.0,154370.0,-0.234125,1.168384,IDN,JPN,291890
11613366,104,114,6239,2011,132588.0,1245107.0,0.18276199999999998,2.398765,IND,JPN,291890
11613367,106,114,6239,2011,0.0,6969.0,1.403182,0.290245,IRL,JPN,291890
11613368,111,114,6239,2011,122572.0,80849.0,1.298751,0.48013599999999995,ITA,JPN,291890
11613369,121,114,6239,2011,1772161.0,8102273.0,1.731371,0.8306879999999999,KOR,JPN,291890
11613370,138,114,6239,2011,242056.0,34618.0,0.9534600000000001,0.706982,MEX,JPN,291890
11613371,143,114,6239,2011,0.0,1654.0,-1.3557190000000001,-0.929934,MMR,JPN,291890
11613372,153,114,6239,2011,0.0,94549.0,0.9893290000000001,0.632079,MYS,JPN,291890
11613373,162,114,6239,2011,506905.0,2141640.0,1.1655229999999999,1.410167,NLD,JPN,291890
11613374,168,114,6239,2011,0.0,692337.0,-0.729677,0.6026729999999999,PAK,JPN,291890
11613375,174,114,6239,2011,0.0,21696.0,0.364707,0.322626,PHL,JPN,291890
11613376,177,114,6239,2011,2316.0,4625.0,1.133641,1.134203,POL,JPN,291890
11613377,179,114,6239,2011,0.0,327768.0,0.558481,2.7056240000000003,PRT,JPN,291890
11613378,192,114,6239,2011,3362412.0,398593.0,1.849116,0.52127,SGP,JPN,291890
11613379,207,114,6239,2011,0.0,693.0,1.642913,0.700222,SVN,JPN,291890
11613380,216,114,6239,2011,0.0,326736.0,0.889009,1.503118,THA,JPN,291890
11613381,224,114,6239,2011,0.0,45796.0,0.45775,2.4316259999999996,TUR,JPN,291890
11613382,231,114,6239,2011,7827855.0,7301489.0,1.6884849999999998,-0.474499,USA,JPN,291890
11613383,239,114,6239,2011,0.0,19999.0,-0.184453,1.637207,VNM,JPN,291890
11613384,246,114,6239,2011,0.0,1217.0,0.241792,1.353011,ZAF,JPN,291890
11613385,249,114,6239,2011,2111452.0,8357734.0,1.803234,0.921233,TWN,JPN,291890
11613386,14,121,6239,2011,46545.0,127504.0,-0.138148,0.002999,AUS,KOR,291890
11613387,18,121,6239,2011,1521.0,0.0,1.221703,1.247961,BEL,KOR,291890
11613388,32,121,6239,2011,0.0,5295.0,0.27718400000000004,0.5674319999999999,BRA,KOR,291890
11613389,39,121,6239,2011,0.0,6722.0,0.754813,1.1967290000000002,CAN,KOR,291890
11613390,41,121,6239,2011,615588.0,37627.0,2.2644029999999997,0.406131,CHE,KOR,291890
11613391,43,121,6239,2011,12010475.0,607592.0,1.072299,1.686826,CHN,KOR,291890
11613392,59,121,6239,2011,74648.0,0.0,1.737788,0.14741600000000002,CZE,KOR,291890
11613393,61,121,6239,2011,9736970.0,18707.0,2.074435,-3.440815,DEU,KOR,291890
11613394,68,121,6239,2011,0.0,78211.0,-0.166243,1.384719,EGY,KOR,291890
11613395,71,121,6239,2011,201582.0,0.0,0.8677290000000001,2.4618450000000003,ESP,KOR,291890
11613396,74,121,6239,2011,0.0,740548.0,1.7488830000000002,0.890934,FIN,KOR,291890
11613397,77,121,6239,2011,209413.0,0.0,1.532054,0.09339299999999999,FRA,KOR,291890
11613398,81,121,6239,2011,138399.0,541906.0,1.8048220000000001,0.380141,GBR,KOR,291890
11613399,97,121,6239,2011,137314.0,85116.0,0.663588,1.902118,HKG,KOR,291890
11613400,102,121,6239,2011,44911.0,0.0,1.486592,0.805642,HUN,KOR,291890
11613401,103,121,6239,2011,0.0,161929.0,-0.234125,1.168384,IDN,KOR,291890
11613402,104,121,6239,2011,111775.0,719529.0,0.18276199999999998,2.398765,IND,KOR,291890
11613403,107,121,6239,2011,0.0,32163.0,-0.915379,-0.973194,IRN,KOR,291890
11613404,110,121,6239,2011,0.0,51929.0,1.324384,0.714611,ISR,KOR,291890
11613405,111,121,6239,2011,94236.0,0.0,1.298751,0.48013599999999995,ITA,KOR,291890
11613406,114,121,6239,2011,8102273.0,1772161.0,2.516395,-0.534301,JPN,KOR,291890
11613407,138,121,6239,2011,447613.0,113416.0,0.9534600000000001,0.706982,MEX,KOR,291890
11613408,153,121,6239,2011,6660.0,0.0,0.9893290000000001,0.632079,MYS,KOR,291890
11613409,160,121,6239,2011,0.0,1124.0,-0.9592139999999999,-0.796108,NIC,KOR,291890
11613410,162,121,6239,2011,97526.0,0.0,1.1655229999999999,1.410167,NLD,KOR,291890
11613411,168,121,6239,2011,0.0,3316.0,-0.729677,0.6026729999999999,PAK,KOR,291890
11613412,169,121,6239,2011,0.0,18802.0,0.786135,1.061008,PAN,KOR,291890
11613413,183,121,6239,2011,0.0,10401.0,-0.45851899999999995,-1.017033,QAT,KOR,291890
11613414,185,121,6239,2011,0.0,30361.0,0.722,1.296655,ROU,KOR,291890
11613415,186,121,6239,2011,0.0,633766.0,0.47319399999999995,-0.20801599999999998,RUS,KOR,291890
11613416,192,121,6239,2011,1093935.0,18783.0,1.849116,0.52127,SGP,KOR,291890
11613417,216,121,6239,2011,0.0,1213.0,0.889009,1.503118,THA,KOR,291890
11613418,231,121,6239,2011,21122482.0,313601.0,1.6884849999999998,-0.474499,USA,KOR,291890
11613419,239,121,6239,2011,0.0,79922.0,-0.184453,1.637207,VNM,KOR,291890
11613420,249,121,6239,2011,553199.0,1973.0,1.803234,0.921233,TWN,KOR,291890
11613421,18,122,6239,2011,3606.0,0.0,1.221703,1.247961,BEL,KWT,291890
11613422,77,122,6239,2011,32796.0,0.0,1.532054,0.09339299999999999,FRA,KWT,291890
11613423,104,122,6239,2011,3245.0,0.0,0.18276199999999998,2.398765,IND,KWT,291890
11613424,162,122,6239,2011,78855.0,0.0,1.1655229999999999,1.410167,NLD,KWT,291890
11613425,169,122,6239,2011,22776.0,0.0,0.786135,1.061008,PAN,KWT,291890
11613426,231,122,6239,2011,67397.0,0.0,1.6884849999999998,-0.474499,USA,KWT,291890
11613427,18,134,6239,2011,8295.0,0.0,1.221703,1.247961,BEL,MAR,291890
11613428,61,134,6239,2011,2269.0,0.0,2.074435,-3.440815,DEU,MAR,291890
11613429,71,134,6239,2011,126481.0,0.0,0.8677290000000001,2.4618450000000003,ESP,MAR,291890
11613430,77,134,6239,2011,7895.0,0.0,1.532054,0.09339299999999999,FRA,MAR,291890
11613431,81,134,6239,2011,48155.0,0.0,1.8048220000000001,0.380141,GBR,MAR,291890
11613432,104,134,6239,2011,493312.0,0.0,0.18276199999999998,2.398765,IND,MAR,291890
11613433,111,134,6239,2011,42434.0,0.0,1.298751,0.48013599999999995,ITA,MAR,291890
11613434,148,134,6239,2011,0.0,1224.0,-1.2593379999999998,-1.1793209999999998,MRT,MAR,291890
11613435,191,134,6239,2011,0.0,1110.0,-0.624346,-0.308052,SEN,MAR,291890
11613436,231,134,6239,2011,583595.0,0.0,1.6884849999999998,-0.474499,USA,MAR,291890
11613437,249,134,6239,2011,3147.0,0.0,1.803234,0.921233,TWN,MAR,291890
11613438,8,138,6239,2011,0.0,2999.0,0.240494,0.540376,ARG,MEX,291890
11613439,15,138,6239,2011,398561.0,0.0,1.687634,-0.229095,AUT,MEX,291890
11613440,18,138,6239,2011,31482.0,0.0,1.221703,1.247961,BEL,MEX,291890
11613441,22,138,6239,2011,0.0,370614.0,-1.074416,-0.8276370000000001,BGD,MEX,291890
11613442,32,138,6239,2011,16227.0,86099.0,0.27718400000000004,0.5674319999999999,BRA,MEX,291890
11613443,39,138,6239,2011,0.0,5248954.0,0.754813,1.1967290000000002,CAN,MEX,291890
11613444,41,138,6239,2011,624477.0,4725298.0,2.2644029999999997,0.406131,CHE,MEX,291890
11613445,42,138,6239,2011,0.0,32855.0,-0.199877,-0.353009,CHL,MEX,291890
11613446,43,138,6239,2011,5731066.0,0.0,1.072299,1.686826,CHN,MEX,291890
11613447,49,138,6239,2011,0.0,3163548.0,0.14336600000000002,-0.22996,COL,MEX,291890
11613448,52,138,6239,2011,0.0,83620.0,0.04325,-0.553193,CRI,MEX,291890
11613449,61,138,6239,2011,1335555.0,16724396.0,2.074435,-3.440815,DEU,MEX,291890
11613450,64,138,6239,2011,482332.0,0.0,1.156026,1.2248299999999999,DNK,MEX,291890
11613451,67,138,6239,2011,0.0,27611.0,-0.8250639999999999,-0.839082,ECU,MEX,291890
11613452,68,138,6239,2011,0.0,228721.0,-0.166243,1.384719,EGY,MEX,291890
11613453,71,138,6239,2011,161549.0,8910082.0,0.8677290000000001,2.4618450000000003,ESP,MEX,291890
11613454,77,138,6239,2011,70305.0,742326.0,1.532054,0.09339299999999999,FRA,MEX,291890
11613455,81,138,6239,2011,60921.0,25367.0,1.8048220000000001,0.380141,GBR,MEX,291890
11613456,93,138,6239,2011,58943.0,69371.0,-0.329497,0.775369,GTM,MEX,291890
11613457,103,138,6239,2011,0.0,20180.0,-0.234125,1.168384,IDN,MEX,291890
11613458,104,138,6239,2011,1214147.0,116923.0,0.18276199999999998,2.398765,IND,MEX,291890
11613459,110,138,6239,2011,25369.0,1221881.0,1.324384,0.714611,ISR,MEX,291890
11613460,111,138,6239,2011,0.0,1881228.0,1.298751,0.48013599999999995,ITA,MEX,291890
11613461,114,138,6239,2011,34618.0,242056.0,2.516395,-0.534301,JPN,MEX,291890
11613462,121,138,6239,2011,113416.0,447613.0,1.731371,0.8306879999999999,KOR,MEX,291890
11613463,162,138,6239,2011,163809.0,275037.0,1.1655229999999999,1.410167,NLD,MEX,291890
11613464,173,138,6239,2011,0.0,1563645.0,-0.455977,0.442543,PER,MEX,291890
11613465,174,138,6239,2011,0.0,560622.0,0.364707,0.322626,PHL,MEX,291890
11613466,177,138,6239,2011,291931.0,0.0,1.133641,1.134203,POL,MEX,291890
11613467,179,138,6239,2011,0.0,535318.0,0.558481,2.7056240000000003,PRT,MEX,291890
11613468,192,138,6239,2011,0.0,16827.0,1.849116,0.52127,SGP,MEX,291890
11613469,207,138,6239,2011,0.0,38261.0,1.642913,0.700222,SVN,MEX,291890
11613470,216,138,6239,2011,0.0,114022.0,0.889009,1.503118,THA,MEX,291890
11613471,222,138,6239,2011,0.0,4629.0,-0.44228,-1.031793,TTO,MEX,291890
11613472,224,138,6239,2011,0.0,362040.0,0.45775,2.4316259999999996,TUR,MEX,291890
11613473,231,138,6239,2011,3396161.0,6914050.0,1.6884849999999998,-0.474499,USA,MEX,291890
11613474,236,138,6239,2011,0.0,6649.0,-0.841147,-1.095636,VEN,MEX,291890
11613475,249,138,6239,2011,1383828.0,0.0,1.803234,0.921233,TWN,MEX,291890
11613476,8,153,6239,2011,192754.0,0.0,0.240494,0.540376,ARG,MYS,291890
11613477,14,153,6239,2011,287022.0,0.0,-0.138148,0.002999,AUS,MYS,291890
11613478,18,153,6239,2011,1852.0,0.0,1.221703,1.247961,BEL,MYS,291890
11613479,39,153,6239,2011,420815.0,0.0,0.754813,1.1967290000000002,CAN,MYS,291890
11613480,41,153,6239,2011,99801.0,0.0,2.2644029999999997,0.406131,CHE,MYS,291890
11613481,43,153,6239,2011,5035074.0,172273.0,1.072299,1.686826,CHN,MYS,291890
11613482,49,153,6239,2011,0.0,45002.0,0.14336600000000002,-0.22996,COL,MYS,291890
11613483,59,153,6239,2011,2217.0,0.0,1.737788,0.14741600000000002,CZE,MYS,291890
11613484,61,153,6239,2011,3348.0,21205.0,2.074435,-3.440815,DEU,MYS,291890
11613485,71,153,6239,2011,163513.0,0.0,0.8677290000000001,2.4618450000000003,ESP,MYS,291890
11613486,81,153,6239,2011,155710.0,0.0,1.8048220000000001,0.380141,GBR,MYS,291890
11613487,103,153,6239,2011,101733.0,183165.0,-0.234125,1.168384,IDN,MYS,291890
11613488,104,153,6239,2011,116311.0,136172.0,0.18276199999999998,2.398765,IND,MYS,291890
11613489,111,153,6239,2011,16586.0,0.0,1.298751,0.48013599999999995,ITA,MYS,291890
11613490,114,153,6239,2011,94549.0,0.0,2.516395,-0.534301,JPN,MYS,291890
11613491,121,153,6239,2011,0.0,6660.0,1.731371,0.8306879999999999,KOR,MYS,291890
11613492,162,153,6239,2011,992818.0,0.0,1.1655229999999999,1.410167,NLD,MYS,291890
11613493,177,153,6239,2011,469450.0,0.0,1.133641,1.134203,POL,MYS,291890
11613494,192,153,6239,2011,276442.0,0.0,1.849116,0.52127,SGP,MYS,291890
11613495,216,153,6239,2011,7191.0,0.0,0.889009,1.503118,THA,MYS,291890
11613496,231,153,6239,2011,428932.0,0.0,1.6884849999999998,-0.474499,USA,MYS,291890
11613497,239,153,6239,2011,0.0,985.0,-0.184453,1.637207,VNM,MYS,291890
11613498,249,153,6239,2011,798904.0,0.0,1.803234,0.921233,TWN,MYS,291890
11613499,8,162,6239,2011,0.0,315158.0,0.240494,0.540376,ARG,NLD,291890
11613500,14,162,6239,2011,0.0,13688810.0,-0.138148,0.002999,AUS,NLD,291890
11613501,15,162,6239,2011,66114.0,9125922.0,1.687634,-0.229095,AUT,NLD,291890
11613502,18,162,6239,2011,2463760.0,4935559.0,1.221703,1.247961,BEL,NLD,291890
11613503,32,162,6239,2011,0.0,9946.0,0.27718400000000004,0.5674319999999999,BRA,NLD,291890
11613504,39,162,6239,2011,0.0,812160.0,0.754813,1.1967290000000002,CAN,NLD,291890
11613505,41,162,6239,2011,81309.0,419049.0,2.2644029999999997,0.406131,CHE,NLD,291890
11613506,42,162,6239,2011,0.0,9094.0,-0.199877,-0.353009,CHL,NLD,291890
11613507,43,162,6239,2011,3921601.0,277234.0,1.072299,1.686826,CHN,NLD,291890
11613508,49,162,6239,2011,0.0,35266.0,0.14336600000000002,-0.22996,COL,NLD,291890
11613509,52,162,6239,2011,0.0,14768.0,0.04325,-0.553193,CRI,NLD,291890
11613510,59,162,6239,2011,0.0,27170.0,1.737788,0.14741600000000002,CZE,NLD,291890
11613511,61,162,6239,2011,703936.0,2425958.0,2.074435,-3.440815,DEU,NLD,291890
11613512,64,162,6239,2011,0.0,8522.0,1.156026,1.2248299999999999,DNK,NLD,291890
11613513,68,162,6239,2011,0.0,8591.0,-0.166243,1.384719,EGY,NLD,291890
11613514,71,162,6239,2011,418680.0,13840738.0,0.8677290000000001,2.4618450000000003,ESP,NLD,291890
11613515,72,162,6239,2011,0.0,1505.0,0.9806790000000001,1.110449,EST,NLD,291890
11613516,74,162,6239,2011,0.0,226504.0,1.7488830000000002,0.890934,FIN,NLD,291890
11613517,77,162,6239,2011,690004.0,1958728.0,1.532054,0.09339299999999999,FRA,NLD,291890
11613518,81,162,6239,2011,439759.0,37321136.0,1.8048220000000001,0.380141,GBR,NLD,291890
11613519,90,162,6239,2011,0.0,21379.0,0.138679,1.30044,GRC,NLD,291890
11613520,93,162,6239,2011,0.0,1099.0,-0.329497,0.775369,GTM,NLD,291890
11613521,97,162,6239,2011,6472.0,16196.0,0.663588,1.902118,HKG,NLD,291890
11613522,101,162,6239,2011,0.0,7273.0,-1.263093,-1.086658,HTI,NLD,291890
11613523,102,162,6239,2011,56487.0,0.0,1.486592,0.805642,HUN,NLD,291890
11613524,103,162,6239,2011,0.0,11075.0,-0.234125,1.168384,IDN,NLD,291890
11613525,104,162,6239,2011,1635530.0,205182.0,0.18276199999999998,2.398765,IND,NLD,291890
11613526,106,162,6239,2011,0.0,1102620.0,1.403182,0.290245,IRL,NLD,291890
11613527,110,162,6239,2011,0.0,8154.0,1.324384,0.714611,ISR,NLD,291890
11613528,111,162,6239,2011,201534.0,1844081.0,1.298751,0.48013599999999995,ITA,NLD,291890
11613529,114,162,6239,2011,2141640.0,506905.0,2.516395,-0.534301,JPN,NLD,291890
11613530,121,162,6239,2011,0.0,97526.0,1.731371,0.8306879999999999,KOR,NLD,291890
11613531,122,162,6239,2011,0.0,78855.0,-0.898582,-1.09893,KWT,NLD,291890
11613532,128,162,6239,2011,0.0,636608.0,-0.559311,0.398905,LKA,NLD,291890
11613533,131,162,6239,2011,0.0,1458.0,1.1655739999999999,1.222379,LUX,NLD,291890
11613534,132,162,6239,2011,0.0,3143.0,0.7320939999999999,1.101321,LVA,NLD,291890
11613535,138,162,6239,2011,275037.0,163809.0,0.9534600000000001,0.706982,MEX,NLD,291890
11613536,153,162,6239,2011,0.0,992818.0,0.9893290000000001,0.632079,MYS,NLD,291890
11613537,163,162,6239,2011,3164.0,0.0,0.8492770000000001,0.050044,NOR,NLD,291890
11613538,166,162,6239,2011,0.0,1686096.0,0.372732,0.548601,NZL,NLD,291890
11613539,174,162,6239,2011,0.0,134967.0,0.364707,0.322626,PHL,NLD,291890
11613540,177,162,6239,2011,68276.0,293784.0,1.133641,1.134203,POL,NLD,291890
11613541,183,162,6239,2011,0.0,4212.0,-0.45851899999999995,-1.017033,QAT,NLD,291890
11613542,185,162,6239,2011,0.0,146829.0,0.722,1.296655,ROU,NLD,291890
11613543,186,162,6239,2011,28935.0,146568.0,0.47319399999999995,-0.20801599999999998,RUS,NLD,291890
11613544,188,162,6239,2011,0.0,17970.0,0.354045,-0.800028,SAU,NLD,291890
11613545,192,162,6239,2011,0.0,6511.0,1.849116,0.52127,SGP,NLD,291890
11613546,205,162,6239,2011,0.0,4832.0,-0.504897,-0.835426,SUR,NLD,291890
11613547,206,162,6239,2011,1450364.0,0.0,1.262897,0.8230569999999999,SVK,NLD,291890
11613548,207,162,6239,2011,0.0,2213.0,1.642913,0.700222,SVN,NLD,291890
11613549,208,162,6239,2011,0.0,20678.0,1.857146,0.366159,SWE,NLD,291890
11613550,223,162,6239,2011,0.0,10931.0,0.151221,1.1252360000000001,TUN,NLD,291890
11613551,224,162,6239,2011,0.0,87622.0,0.45775,2.4316259999999996,TUR,NLD,291890
11613552,226,162,6239,2011,0.0,28256.0,-0.751316,0.286505,TZA,NLD,291890
11613553,231,162,6239,2011,16384472.0,7677211.0,1.6884849999999998,-0.474499,USA,NLD,291890
11613554,236,162,6239,2011,0.0,1251130.0,-0.841147,-1.095636,VEN,NLD,291890
11613555,246,162,6239,2011,0.0,1654872.0,0.241792,1.353011,ZAF,NLD,291890
11613556,249,162,6239,2011,11174224.0,36732.0,1.803234,0.921233,TWN,NLD,291890
11613557,250,162,6239,2011,0.0,6999.0,0.475638,-0.160135,ANS,NLD,291890
11613558,14,166,6239,2011,29970.0,4282474.0,-0.138148,0.002999,AUS,NZL,291890
11613559,18,166,6239,2011,2442.0,0.0,1.221703,1.247961,BEL,NZL,291890
11613560,39,166,6239,2011,1349.0,0.0,0.754813,1.1967290000000002,CAN,NZL,291890
11613561,41,166,6239,2011,3584.0,0.0,2.2644029999999997,0.406131,CHE,NZL,291890
11613562,43,166,6239,2011,1079186.0,0.0,1.072299,1.686826,CHN,NZL,291890
11613563,75,166,6239,2011,0.0,31473.0,-0.434356,-0.010863,FJI,NZL,291890
11613564,81,166,6239,2011,3269749.0,5682.0,1.8048220000000001,0.380141,GBR,NZL,291890
11613565,104,166,6239,2011,8842.0,42737.0,0.18276199999999998,2.398765,IND,NZL,291890
11613566,111,166,6239,2011,946.0,0.0,1.298751,0.48013599999999995,ITA,NZL,291890
11613567,156,166,6239,2011,0.0,2587.0,-0.976349,-0.798691,NCL,NZL,291890
11613568,162,166,6239,2011,1686096.0,0.0,1.1655229999999999,1.410167,NLD,NZL,291890
11613569,176,166,6239,2011,0.0,15825.0,-1.1111659999999999,-0.9458610000000001,PNG,NZL,291890
11613570,177,166,6239,2011,61447.0,0.0,1.133641,1.134203,POL,NZL,291890
11613571,182,166,6239,2011,0.0,9185.0,0.37798000000000004,-0.460049,PYF,NZL,291890
11613572,192,166,6239,2011,10658.0,0.0,1.849116,0.52127,SGP,NZL,291890
11613573,221,166,6239,2011,0.0,3027.0,-0.14256,-0.589116,TON,NZL,291890
11613574,231,166,6239,2011,854521.0,4874.0,1.6884849999999998,-0.474499,USA,NZL,291890
11613575,242,166,6239,2011,0.0,5203.0,0.9658110000000001,0.30804699999999996,WSM,NZL,291890
11613576,246,166,6239,2011,0.0,8945.0,0.241792,1.353011,ZAF,NZL,291890
11613577,249,166,6239,2011,19215.0,0.0,1.803234,0.921233,TWN,NZL,291890
11613578,18,168,6239,2011,76228.0,0.0,1.221703,1.247961,BEL,PAK,291890
11613579,41,168,6239,2011,126092.0,0.0,2.2644029999999997,0.406131,CHE,PAK,291890
11613580,43,168,6239,2011,1323859.0,0.0,1.072299,1.686826,CHN,PAK,291890
11613581,61,168,6239,2011,23796.0,0.0,2.074435,-3.440815,DEU,PAK,291890
11613582,71,168,6239,2011,18077.0,0.0,0.8677290000000001,2.4618450000000003,ESP,PAK,291890
11613583,77,168,6239,2011,4177.0,0.0,1.532054,0.09339299999999999,FRA,PAK,291890
11613584,81,168,6239,2011,2389576.0,0.0,1.8048220000000001,0.380141,GBR,PAK,291890
11613585,97,168,6239,2011,17396.0,0.0,0.663588,1.902118,HKG,PAK,291890
11613586,102,168,6239,2011,16529.0,0.0,1.486592,0.805642,HUN,PAK,291890
11613587,103,168,6239,2011,124727.0,0.0,-0.234125,1.168384,IDN,PAK,291890
11613588,104,168,6239,2011,329862.0,0.0,0.18276199999999998,2.398765,IND,PAK,291890
11613589,111,168,6239,2011,225758.0,5110.0,1.298751,0.48013599999999995,ITA,PAK,291890
11613590,114,168,6239,2011,692337.0,0.0,2.516395,-0.534301,JPN,PAK,291890
11613591,121,168,6239,2011,3316.0,0.0,1.731371,0.8306879999999999,KOR,PAK,291890
11613592,167,168,6239,2011,1721.0,0.0,-0.473703,-0.952491,OMN,PAK,291890
11613593,186,168,6239,2011,31657.0,0.0,0.47319399999999995,-0.20801599999999998,RUS,PAK,291890
11613594,188,168,6239,2011,44979.0,0.0,0.354045,-0.800028,SAU,PAK,291890
11613595,192,168,6239,2011,339549.0,0.0,1.849116,0.52127,SGP,PAK,291890
11613596,231,168,6239,2011,11995.0,0.0,1.6884849999999998,-0.474499,USA,PAK,291890
11613597,249,168,6239,2011,411534.0,0.0,1.803234,0.921233,TWN,PAK,291890
11613598,43,169,6239,2011,2709.0,0.0,1.072299,1.686826,CHN,PAN,291890
11613599,71,169,6239,2011,2766.0,0.0,0.8677290000000001,2.4618450000000003,ESP,PAN,291890
11613600,121,169,6239,2011,18802.0,0.0,1.731371,0.8306879999999999,KOR,PAN,291890
11613601,122,169,6239,2011,0.0,22776.0,-0.898582,-1.09893,KWT,PAN,291890
11613602,231,169,6239,2011,6573.0,0.0,1.6884849999999998,-0.474499,USA,PAN,291890
11613603,8,173,6239,2011,13586.0,0.0,0.240494,0.540376,ARG,PER,291890
11613604,18,173,6239,2011,2288.0,0.0,1.221703,1.247961,BEL,PER,291890
11613605,41,173,6239,2011,3757.0,0.0,2.2644029999999997,0.406131,CHE,PER,291890
11613606,42,173,6239,2011,0.0,3722.0,-0.199877,-0.353009,CHL,PER,291890
11613607,43,173,6239,2011,872765.0,0.0,1.072299,1.686826,CHN,PER,291890
11613608,49,173,6239,2011,11658.0,0.0,0.14336600000000002,-0.22996,COL,PER,291890
11613609,59,173,6239,2011,43419.0,0.0,1.737788,0.14741600000000002,CZE,PER,291890
11613610,61,173,6239,2011,546727.0,0.0,2.074435,-3.440815,DEU,PER,291890
11613611,71,173,6239,2011,275901.0,0.0,0.8677290000000001,2.4618450000000003,ESP,PER,291890
11613612,77,173,6239,2011,90883.0,0.0,1.532054,0.09339299999999999,FRA,PER,291890
11613613,81,173,6239,2011,13498.0,0.0,1.8048220000000001,0.380141,GBR,PER,291890
11613614,104,173,6239,2011,253516.0,0.0,0.18276199999999998,2.398765,IND,PER,291890
11613615,138,173,6239,2011,1563645.0,0.0,0.9534600000000001,0.706982,MEX,PER,291890
11613616,231,173,6239,2011,210314.0,0.0,1.6884849999999998,-0.474499,USA,PER,291890
11613617,246,173,6239,2011,2236.0,0.0,0.241792,1.353011,ZAF,PER,291890
11613618,249,173,6239,2011,41943.0,0.0,1.803234,0.921233,TWN,PER,291890
11613619,14,174,6239,2011,120038.0,0.0,-0.138148,0.002999,AUS,PHL,291890
11613620,41,174,6239,2011,3426926.0,0.0,2.2644029999999997,0.406131,CHE,PHL,291890
11613621,43,174,6239,2011,2363843.0,0.0,1.072299,1.686826,CHN,PHL,291890
11613622,61,174,6239,2011,41705.0,0.0,2.074435,-3.440815,DEU,PHL,291890
11613623,64,174,6239,2011,8042.0,0.0,1.156026,1.2248299999999999,DNK,PHL,291890
11613624,81,174,6239,2011,1731.0,0.0,1.8048220000000001,0.380141,GBR,PHL,291890
11613625,97,174,6239,2011,52747.0,0.0,0.663588,1.902118,HKG,PHL,291890
11613626,104,174,6239,2011,233813.0,49342.0,0.18276199999999998,2.398765,IND,PHL,291890
11613627,110,174,6239,2011,52228.0,0.0,1.324384,0.714611,ISR,PHL,291890
11613628,111,174,6239,2011,16386.0,0.0,1.298751,0.48013599999999995,ITA,PHL,291890
11613629,114,174,6239,2011,21696.0,0.0,2.516395,-0.534301,JPN,PHL,291890
11613630,128,174,6239,2011,0.0,2100.0,-0.559311,0.398905,LKA,PHL,291890
11613631,138,174,6239,2011,560622.0,0.0,0.9534600000000001,0.706982,MEX,PHL,291890
11613632,162,174,6239,2011,134967.0,0.0,1.1655229999999999,1.410167,NLD,PHL,291890
11613633,192,174,6239,2011,980722.0,0.0,1.849116,0.52127,SGP,PHL,291890
11613634,216,174,6239,2011,21535.0,0.0,0.889009,1.503118,THA,PHL,291890
11613635,231,174,6239,2011,47164.0,0.0,1.6884849999999998,-0.474499,USA,PHL,291890
11613636,249,174,6239,2011,82718.0,0.0,1.803234,0.921233,TWN,PHL,291890
11613637,8,177,6239,2011,0.0,2428699.0,0.240494,0.540376,ARG,POL,291890
11613638,14,177,6239,2011,0.0,3456654.0,-0.138148,0.002999,AUS,POL,291890
11613639,15,177,6239,2011,32330.0,0.0,1.687634,-0.229095,AUT,POL,291890
11613640,18,177,6239,2011,796102.0,98834.0,1.221703,1.247961,BEL,POL,291890
11613641,41,177,6239,2011,110216.0,0.0,2.2644029999999997,0.406131,CHE,POL,291890
11613642,43,177,6239,2011,995974.0,3639.0,1.072299,1.686826,CHN,POL,291890
11613643,49,177,6239,2011,0.0,3837455.0,0.14336600000000002,-0.22996,COL,POL,291890
11613644,59,177,6239,2011,3735.0,0.0,1.737788,0.14741600000000002,CZE,POL,291890
11613645,61,177,6239,2011,3269179.0,2833.0,2.074435,-3.440815,DEU,POL,291890
11613646,64,177,6239,2011,133589.0,0.0,1.156026,1.2248299999999999,DNK,POL,291890
11613647,71,177,6239,2011,123084.0,19786.0,0.8677290000000001,2.4618450000000003,ESP,POL,291890
11613648,77,177,6239,2011,126621.0,2932.0,1.532054,0.09339299999999999,FRA,POL,291890
11613649,81,177,6239,2011,11273.0,8616.0,1.8048220000000001,0.380141,GBR,POL,291890
11613650,90,177,6239,2011,1899.0,0.0,0.138679,1.30044,GRC,POL,291890
11613651,93,177,6239,2011,0.0,931213.0,-0.329497,0.775369,GTM,POL,291890
11613652,102,177,6239,2011,224244.0,0.0,1.486592,0.805642,HUN,POL,291890
11613653,103,177,6239,2011,0.0,2085773.0,-0.234125,1.168384,IDN,POL,291890
11613654,104,177,6239,2011,192095.0,0.0,0.18276199999999998,2.398765,IND,POL,291890
11613655,110,177,6239,2011,7761.0,0.0,1.324384,0.714611,ISR,POL,291890
11613656,111,177,6239,2011,269776.0,7287272.0,1.298751,0.48013599999999995,ITA,POL,291890
11613657,114,177,6239,2011,4625.0,2316.0,2.516395,-0.534301,JPN,POL,291890
11613658,138,177,6239,2011,0.0,291931.0,0.9534600000000001,0.706982,MEX,POL,291890
11613659,153,177,6239,2011,0.0,469450.0,0.9893290000000001,0.632079,MYS,POL,291890
11613660,162,177,6239,2011,293784.0,68276.0,1.1655229999999999,1.410167,NLD,POL,291890
11613661,166,177,6239,2011,0.0,61447.0,0.372732,0.548601,NZL,POL,291890
11613662,179,177,6239,2011,1232.0,0.0,0.558481,2.7056240000000003,PRT,POL,291890
11613663,185,177,6239,2011,0.0,158880.0,0.722,1.296655,ROU,POL,291890
11613664,186,177,6239,2011,0.0,2858181.0,0.47319399999999995,-0.20801599999999998,RUS,POL,291890
11613665,206,177,6239,2011,0.0,1213.0,1.262897,0.8230569999999999,SVK,POL,291890
11613666,208,177,6239,2011,0.0,9778.0,1.857146,0.366159,SWE,POL,291890
11613667,216,177,6239,2011,0.0,925248.0,0.889009,1.503118,THA,POL,291890
11613668,224,177,6239,2011,0.0,1497282.0,0.45775,2.4316259999999996,TUR,POL,291890
11613669,231,177,6239,2011,586118.0,0.0,1.6884849999999998,-0.474499,USA,POL,291890
11613670,239,177,6239,2011,0.0,131775.0,-0.184453,1.637207,VNM,POL,291890
11613671,246,177,6239,2011,0.0,42032.0,0.241792,1.353011,ZAF,POL,291890
11613672,249,177,6239,2011,53142.0,1297.0,1.803234,0.921233,TWN,POL,291890
11613673,18,179,6239,2011,5178.0,0.0,1.221703,1.247961,BEL,PRT,291890
11613674,41,179,6239,2011,491938.0,0.0,2.2644029999999997,0.406131,CHE,PRT,291890
11613675,43,179,6239,2011,545062.0,0.0,1.072299,1.686826,CHN,PRT,291890
11613676,61,179,6239,2011,41411.0,0.0,2.074435,-3.440815,DEU,PRT,291890
11613677,64,179,6239,2011,28136.0,0.0,1.156026,1.2248299999999999,DNK,PRT,291890
11613678,71,179,6239,2011,134543.0,147878.0,0.8677290000000001,2.4618450000000003,ESP,PRT,291890
11613679,77,179,6239,2011,40709.0,0.0,1.532054,0.09339299999999999,FRA,PRT,291890
11613680,104,179,6239,2011,8809.0,0.0,0.18276199999999998,2.398765,IND,PRT,291890
11613681,110,179,6239,2011,20348.0,0.0,1.324384,0.714611,ISR,PRT,291890
11613682,111,179,6239,2011,1249281.0,0.0,1.298751,0.48013599999999995,ITA,PRT,291890
11613683,114,179,6239,2011,327768.0,0.0,2.516395,-0.534301,JPN,PRT,291890
11613684,138,179,6239,2011,535318.0,0.0,0.9534600000000001,0.706982,MEX,PRT,291890
11613685,177,179,6239,2011,0.0,1232.0,1.133641,1.134203,POL,PRT,291890
11613686,231,179,6239,2011,56803.0,0.0,1.6884849999999998,-0.474499,USA,PRT,291890
11613687,43,180,6239,2011,1002150.0,0.0,1.072299,1.686826,CHN,PRY,291890
11613688,104,180,6239,2011,4248.0,0.0,0.18276199999999998,2.398765,IND,PRY,291890
11613689,249,180,6239,2011,5907.0,0.0,1.803234,0.921233,TWN,PRY,291890
11613690,121,183,6239,2011,10401.0,0.0,1.731371,0.8306879999999999,KOR,QAT,291890
11613691,162,183,6239,2011,4212.0,0.0,1.1655229999999999,1.410167,NLD,QAT,291890
11613692,15,185,6239,2011,192336.0,0.0,1.687634,-0.229095,AUT,ROU,291890
11613693,18,185,6239,2011,62958.0,0.0,1.221703,1.247961,BEL,ROU,291890
11613694,43,185,6239,2011,14424.0,0.0,1.072299,1.686826,CHN,ROU,291890
11613695,61,185,6239,2011,46798.0,0.0,2.074435,-3.440815,DEU,ROU,291890
11613696,71,185,6239,2011,16974.0,0.0,0.8677290000000001,2.4618450000000003,ESP,ROU,291890
11613697,77,185,6239,2011,70317.0,0.0,1.532054,0.09339299999999999,FRA,ROU,291890
11613698,90,185,6239,2011,20015.0,0.0,0.138679,1.30044,GRC,ROU,291890
11613699,111,185,6239,2011,5924.0,0.0,1.298751,0.48013599999999995,ITA,ROU,291890
11613700,121,185,6239,2011,30361.0,0.0,1.731371,0.8306879999999999,KOR,ROU,291890
11613701,162,185,6239,2011,146829.0,0.0,1.1655229999999999,1.410167,NLD,ROU,291890
11613702,177,185,6239,2011,158880.0,0.0,1.133641,1.134203,POL,ROU,291890
11613703,231,185,6239,2011,0.0,31823.0,1.6884849999999998,-0.474499,USA,ROU,291890
11613704,61,188,6239,2011,61082.0,0.0,2.074435,-3.440815,DEU,SAU,291890
11613705,81,188,6239,2011,5456.0,0.0,1.8048220000000001,0.380141,GBR,SAU,291890
11613706,104,188,6239,2011,0.0,4124.0,0.18276199999999998,2.398765,IND,SAU,291890
11613707,111,188,6239,2011,10430.0,0.0,1.298751,0.48013599999999995,ITA,SAU,291890
11613708,162,188,6239,2011,17970.0,0.0,1.1655229999999999,1.410167,NLD,SAU,291890
11613709,168,188,6239,2011,0.0,44979.0,-0.729677,0.6026729999999999,PAK,SAU,291890
11613710,190,188,6239,2011,0.0,26854.0,-2.1675869999999997,-1.249272,SDN,SAU,291890
11613711,7,190,6239,2011,11826.0,0.0,0.030652,-0.450808,ARE,SDN,291890
11613712,43,190,6239,2011,18588.0,0.0,1.072299,1.686826,CHN,SDN,291890
11613713,188,190,6239,2011,26854.0,0.0,0.354045,-0.800028,SAU,SDN,291890
11613714,224,190,6239,2011,20023.0,0.0,0.45775,2.4316259999999996,TUR,SDN,291890
11613715,14,192,6239,2011,0.0,89520.0,-0.138148,0.002999,AUS,SGP,291890
11613716,18,192,6239,2011,1357240.0,8360.0,1.221703,1.247961,BEL,SGP,291890
11613717,22,192,6239,2011,0.0,12947.0,-1.074416,-0.8276370000000001,BGD,SGP,291890
11613718,41,192,6239,2011,559896.0,12691.0,2.2644029999999997,0.406131,CHE,SGP,291890
11613719,43,192,6239,2011,1441728.0,1286977.0,1.072299,1.686826,CHN,SGP,291890
11613720,61,192,6239,2011,10193724.0,0.0,2.074435,-3.440815,DEU,SGP,291890
11613721,71,192,6239,2011,88140.0,0.0,0.8677290000000001,2.4618450000000003,ESP,SGP,291890
11613722,77,192,6239,2011,14450687.0,0.0,1.532054,0.09339299999999999,FRA,SGP,291890
11613723,81,192,6239,2011,26499.0,65759.0,1.8048220000000001,0.380141,GBR,SGP,291890
11613724,97,192,6239,2011,0.0,36573.0,0.663588,1.902118,HKG,SGP,291890
11613725,103,192,6239,2011,49546.0,1100869.0,-0.234125,1.168384,IDN,SGP,291890
11613726,104,192,6239,2011,157583.0,145179.0,0.18276199999999998,2.398765,IND,SGP,291890
11613727,107,192,6239,2011,0.0,11944.0,-0.915379,-0.973194,IRN,SGP,291890
11613728,110,192,6239,2011,8258.0,0.0,1.324384,0.714611,ISR,SGP,291890
11613729,111,192,6239,2011,1489.0,0.0,1.298751,0.48013599999999995,ITA,SGP,291890
11613730,114,192,6239,2011,398593.0,3362412.0,2.516395,-0.534301,JPN,SGP,291890
11613731,121,192,6239,2011,18783.0,1093935.0,1.731371,0.8306879999999999,KOR,SGP,291890
11613732,128,192,6239,2011,0.0,31655.0,-0.559311,0.398905,LKA,SGP,291890
11613733,138,192,6239,2011,16827.0,0.0,0.9534600000000001,0.706982,MEX,SGP,291890
11613734,153,192,6239,2011,0.0,276442.0,0.9893290000000001,0.632079,MYS,SGP,291890
11613735,162,192,6239,2011,6511.0,0.0,1.1655229999999999,1.410167,NLD,SGP,291890
11613736,166,192,6239,2011,0.0,10658.0,0.372732,0.548601,NZL,SGP,291890
11613737,168,192,6239,2011,0.0,339549.0,-0.729677,0.6026729999999999,PAK,SGP,291890
11613738,174,192,6239,2011,0.0,980722.0,0.364707,0.322626,PHL,SGP,291890
11613739,209,192,6239,2011,9974.0,0.0,0.169986,-0.078842,SWZ,SGP,291890
11613740,216,192,6239,2011,0.0,624562.0,0.889009,1.503118,THA,SGP,291890
11613741,231,192,6239,2011,135127.0,0.0,1.6884849999999998,-0.474499,USA,SGP,291890
11613742,239,192,6239,2011,0.0,89034.0,-0.184453,1.637207,VNM,SGP,291890
11613743,249,192,6239,2011,1921321.0,320754.0,1.803234,0.921233,TWN,SGP,291890
11613744,39,197,6239,2011,1465.0,0.0,0.754813,1.1967290000000002,CAN,SLV,291890
11613745,43,197,6239,2011,126364.0,0.0,1.072299,1.686826,CHN,SLV,291890
11613746,61,197,6239,2011,2121.0,0.0,2.074435,-3.440815,DEU,SLV,291890
11613747,93,197,6239,2011,32443.0,0.0,-0.329497,0.775369,GTM,SLV,291890
11613748,104,197,6239,2011,18225.0,0.0,0.18276199999999998,2.398765,IND,SLV,291890
11613749,186,197,6239,2011,6114.0,0.0,0.47319399999999995,-0.20801599999999998,RUS,SLV,291890
11613750,231,197,6239,2011,8603.0,0.0,1.6884849999999998,-0.474499,USA,SLV,291890
11613751,162,205,6239,2011,4832.0,0.0,1.1655229999999999,1.410167,NLD,SUR,291890
11613752,15,206,6239,2011,8051.0,0.0,1.687634,-0.229095,AUT,SVK,291890
11613753,43,206,6239,2011,341423.0,0.0,1.072299,1.686826,CHN,SVK,291890
11613754,59,206,6239,2011,3023.0,0.0,1.737788,0.14741600000000002,CZE,SVK,291890
11613755,61,206,6239,2011,9410.0,37814.0,2.074435,-3.440815,DEU,SVK,291890
11613756,71,206,6239,2011,18579.0,67855.0,0.8677290000000001,2.4618450000000003,ESP,SVK,291890
11613757,77,206,6239,2011,10156.0,0.0,1.532054,0.09339299999999999,FRA,SVK,291890
11613758,81,206,6239,2011,1154.0,5431.0,1.8048220000000001,0.380141,GBR,SVK,291890
11613759,162,206,6239,2011,0.0,1450364.0,1.1655229999999999,1.410167,NLD,SVK,291890
11613760,177,206,6239,2011,1213.0,0.0,1.133641,1.134203,POL,SVK,291890
11613761,231,206,6239,2011,958.0,7150.0,1.6884849999999998,-0.474499,USA,SVK,291890
11613762,249,206,6239,2011,17377.0,0.0,1.803234,0.921233,TWN,SVK,291890
11613763,250,206,6239,2011,4375.0,0.0,0.475638,-0.160135,ANS,SVK,291890
11613764,18,207,6239,2011,139097.0,0.0,1.221703,1.247961,BEL,SVN,291890
11613765,43,207,6239,2011,382853.0,0.0,1.072299,1.686826,CHN,SVN,291890
11613766,61,207,6239,2011,33964.0,0.0,2.074435,-3.440815,DEU,SVN,291890
11613767,71,207,6239,2011,89228.0,0.0,0.8677290000000001,2.4618450000000003,ESP,SVN,291890
11613768,104,207,6239,2011,54148.0,0.0,0.18276199999999998,2.398765,IND,SVN,291890
11613769,110,207,6239,2011,23883.0,0.0,1.324384,0.714611,ISR,SVN,291890
11613770,111,207,6239,2011,3401.0,3904.0,1.298751,0.48013599999999995,ITA,SVN,291890
11613771,114,207,6239,2011,693.0,0.0,2.516395,-0.534301,JPN,SVN,291890
11613772,138,207,6239,2011,38261.0,0.0,0.9534600000000001,0.706982,MEX,SVN,291890
11613773,162,207,6239,2011,2213.0,0.0,1.1655229999999999,1.410167,NLD,SVN,291890
11613774,216,207,6239,2011,4440.0,0.0,0.889009,1.503118,THA,SVN,291890
11613775,249,207,6239,2011,9420.0,0.0,1.803234,0.921233,TWN,SVN,291890
11613776,250,207,6239,2011,8368.0,0.0,0.475638,-0.160135,ANS,SVN,291890
11613777,18,208,6239,2011,67934.0,0.0,1.221703,1.247961,BEL,SWE,291890
11613778,41,208,6239,2011,4763.0,0.0,2.2644029999999997,0.406131,CHE,SWE,291890
11613779,43,208,6239,2011,3726.0,54382.0,1.072299,1.686826,CHN,SWE,291890
11613780,61,208,6239,2011,329048.0,0.0,2.074435,-3.440815,DEU,SWE,291890
11613781,64,208,6239,2011,0.0,249826.0,1.156026,1.2248299999999999,DNK,SWE,291890
11613782,72,208,6239,2011,0.0,13398.0,0.9806790000000001,1.110449,EST,SWE,291890
11613783,74,208,6239,2011,0.0,3563.0,1.7488830000000002,0.890934,FIN,SWE,291890
11613784,81,208,6239,2011,410090.0,3276639.0,1.8048220000000001,0.380141,GBR,SWE,291890
11613785,104,208,6239,2011,1874.0,0.0,0.18276199999999998,2.398765,IND,SWE,291890
11613786,162,208,6239,2011,20678.0,0.0,1.1655229999999999,1.410167,NLD,SWE,291890
11613787,163,208,6239,2011,0.0,2623.0,0.8492770000000001,0.050044,NOR,SWE,291890
11613788,177,208,6239,2011,9778.0,0.0,1.133641,1.134203,POL,SWE,291890
11613789,231,208,6239,2011,1169.0,0.0,1.6884849999999998,-0.474499,USA,SWE,291890
11613790,14,216,6239,2011,381182.0,0.0,-0.138148,0.002999,AUS,THA,291890
11613791,18,216,6239,2011,290506.0,0.0,1.221703,1.247961,BEL,THA,291890
11613792,22,216,6239,2011,0.0,293000.0,-1.074416,-0.8276370000000001,BGD,THA,291890
11613793,39,216,6239,2011,5944.0,0.0,0.754813,1.1967290000000002,CAN,THA,291890
11613794,41,216,6239,2011,48527.0,0.0,2.2644029999999997,0.406131,CHE,THA,291890
11613795,43,216,6239,2011,6373003.0,0.0,1.072299,1.686826,CHN,THA,291890
11613796,61,216,6239,2011,183802.0,0.0,2.074435,-3.440815,DEU,THA,291890
11613797,64,216,6239,2011,1363.0,0.0,1.156026,1.2248299999999999,DNK,THA,291890
11613798,71,216,6239,2011,100020.0,13288.0,0.8677290000000001,2.4618450000000003,ESP,THA,291890
11613799,77,216,6239,2011,63453.0,0.0,1.532054,0.09339299999999999,FRA,THA,291890
11613800,103,216,6239,2011,639708.0,3138.0,-0.234125,1.168384,IDN,THA,291890
11613801,104,216,6239,2011,385619.0,386504.0,0.18276199999999998,2.398765,IND,THA,291890
11613802,110,216,6239,2011,67910.0,0.0,1.324384,0.714611,ISR,THA,291890
11613803,111,216,6239,2011,1629.0,0.0,1.298751,0.48013599999999995,ITA,THA,291890
11613804,114,216,6239,2011,326736.0,0.0,2.516395,-0.534301,JPN,THA,291890
11613805,121,216,6239,2011,1213.0,0.0,1.731371,0.8306879999999999,KOR,THA,291890
11613806,138,216,6239,2011,114022.0,0.0,0.9534600000000001,0.706982,MEX,THA,291890
11613807,153,216,6239,2011,0.0,7191.0,0.9893290000000001,0.632079,MYS,THA,291890
11613808,174,216,6239,2011,0.0,21535.0,0.364707,0.322626,PHL,THA,291890
11613809,177,216,6239,2011,925248.0,0.0,1.133641,1.134203,POL,THA,291890
11613810,192,216,6239,2011,624562.0,0.0,1.849116,0.52127,SGP,THA,291890
11613811,207,216,6239,2011,0.0,4440.0,1.642913,0.700222,SVN,THA,291890
11613812,231,216,6239,2011,638691.0,0.0,1.6884849999999998,-0.474499,USA,THA,291890
11613813,249,216,6239,2011,1814943.0,0.0,1.803234,0.921233,TWN,THA,291890
11613814,43,222,6239,2011,1618.0,0.0,1.072299,1.686826,CHN,TTO,291890
11613815,138,222,6239,2011,4629.0,0.0,0.9534600000000001,0.706982,MEX,TTO,291890
11613816,230,222,6239,2011,6192.0,0.0,0.313195,0.042866,URY,TTO,291890
11613817,231,222,6239,2011,14537.0,0.0,1.6884849999999998,-0.474499,USA,TTO,291890
11613818,8,224,6239,2011,755682.0,0.0,0.240494,0.540376,ARG,TUR,291890
11613819,15,224,6239,2011,197876.0,0.0,1.687634,-0.229095,AUT,TUR,291890
11613820,16,224,6239,2011,0.0,1380.0,-1.313136,-1.189989,AZE,TUR,291890
11613821,18,224,6239,2011,82947.0,0.0,1.221703,1.247961,BEL,TUR,291890
11613822,39,224,6239,2011,5707.0,0.0,0.754813,1.1967290000000002,CAN,TUR,291890
11613823,41,224,6239,2011,210272.0,0.0,2.2644029999999997,0.406131,CHE,TUR,291890
11613824,43,224,6239,2011,3474781.0,0.0,1.072299,1.686826,CHN,TUR,291890
11613825,59,224,6239,2011,24761.0,0.0,1.737788,0.14741600000000002,CZE,TUR,291890
11613826,61,224,6239,2011,311464.0,0.0,2.074435,-3.440815,DEU,TUR,291890
11613827,64,224,6239,2011,24577.0,0.0,1.156026,1.2248299999999999,DNK,TUR,291890
11613828,68,224,6239,2011,0.0,15879.0,-0.166243,1.384719,EGY,TUR,291890
11613829,71,224,6239,2011,125091.0,0.0,0.8677290000000001,2.4618450000000003,ESP,TUR,291890
11613830,77,224,6239,2011,94616.0,64432.0,1.532054,0.09339299999999999,FRA,TUR,291890
11613831,81,224,6239,2011,15269.0,0.0,1.8048220000000001,0.380141,GBR,TUR,291890
11613832,104,224,6239,2011,827989.0,0.0,0.18276199999999998,2.398765,IND,TUR,291890
11613833,107,224,6239,2011,0.0,25953.0,-0.915379,-0.973194,IRN,TUR,291890
11613834,111,224,6239,2011,69250.0,0.0,1.298751,0.48013599999999995,ITA,TUR,291890
11613835,114,224,6239,2011,45796.0,0.0,2.516395,-0.534301,JPN,TUR,291890
11613836,115,224,6239,2011,0.0,5325.0,-0.514687,-0.775671,KAZ,TUR,291890
11613837,138,224,6239,2011,362040.0,0.0,0.9534600000000001,0.706982,MEX,TUR,291890
11613838,162,224,6239,2011,87622.0,0.0,1.1655229999999999,1.410167,NLD,TUR,291890
11613839,177,224,6239,2011,1497282.0,0.0,1.133641,1.134203,POL,TUR,291890
11613840,190,224,6239,2011,0.0,20023.0,-2.1675869999999997,-1.249272,SDN,TUR,291890
11613841,231,224,6239,2011,195532.0,0.0,1.6884849999999998,-0.474499,USA,TUR,291890
11613842,249,224,6239,2011,30244.0,0.0,1.803234,0.921233,TWN,TUR,291890
11613843,18,228,6239,2011,428458.0,0.0,1.221703,1.247961,BEL,UKR,291890
11613844,22,228,6239,2011,0.0,4902.0,-1.074416,-0.8276370000000001,BGD,UKR,291890
11613845,28,228,6239,2011,0.0,208625.0,0.8786729999999999,0.442097,BLR,UKR,291890
11613846,41,228,6239,2011,69547.0,0.0,2.2644029999999997,0.406131,CHE,UKR,291890
11613847,43,228,6239,2011,708572.0,0.0,1.072299,1.686826,CHN,UKR,291890
11613848,61,228,6239,2011,13541.0,0.0,2.074435,-3.440815,DEU,UKR,291890
11613849,81,228,6239,2011,3051.0,5648.0,1.8048220000000001,0.380141,GBR,UKR,291890
11613850,111,228,6239,2011,4699.0,0.0,1.298751,0.48013599999999995,ITA,UKR,291890
11613851,231,228,6239,2011,7085.0,0.0,1.6884849999999998,-0.474499,USA,UKR,291890
11613852,8,230,6239,2011,7171.0,0.0,0.240494,0.540376,ARG,URY,291890
11613853,41,230,6239,2011,57840.0,0.0,2.2644029999999997,0.406131,CHE,URY,291890
11613854,43,230,6239,2011,1947667.0,0.0,1.072299,1.686826,CHN,URY,291890
11613855,61,230,6239,2011,24002.0,0.0,2.074435,-3.440815,DEU,URY,291890
11613856,67,230,6239,2011,12779.0,0.0,-0.8250639999999999,-0.839082,ECU,URY,291890
11613857,71,230,6239,2011,3357.0,0.0,0.8677290000000001,2.4618450000000003,ESP,URY,291890
11613858,77,230,6239,2011,41830.0,0.0,1.532054,0.09339299999999999,FRA,URY,291890
11613859,97,230,6239,2011,0.0,19256.0,0.663588,1.902118,HKG,URY,291890
11613860,104,230,6239,2011,2812.0,0.0,0.18276199999999998,2.398765,IND,URY,291890
11613861,222,230,6239,2011,0.0,6192.0,-0.44228,-1.031793,TTO,URY,291890
11613862,231,230,6239,2011,3196.0,0.0,1.6884849999999998,-0.474499,USA,URY,291890
11613863,249,230,6239,2011,17010.0,0.0,1.803234,0.921233,TWN,URY,291890
11613864,2,231,6239,2011,0.0,332794.0,-1.252991,-1.132314,AGO,USA,291890
11613865,8,231,6239,2011,4449154.0,2650182.0,0.240494,0.540376,ARG,USA,291890
11613866,13,231,6239,2011,0.0,4299.0,0.257238,-0.275891,ATG,USA,291890
11613867,14,231,6239,2011,19067868.0,299449.0,-0.138148,0.002999,AUS,USA,291890
11613868,15,231,6239,2011,10178559.0,2932644.0,1.687634,-0.229095,AUT,USA,291890
11613869,18,231,6239,2011,7545002.0,4312125.0,1.221703,1.247961,BEL,USA,291890
11613870,25,231,6239,2011,0.0,4295.0,0.320669,-0.531655,BHS,USA,291890
11613871,32,231,6239,2011,0.0,3873373.0,0.27718400000000004,0.5674319999999999,BRA,USA,291890
11613872,33,231,6239,2011,0.0,3430.0,0.445982,0.204672,BRB,USA,291890
11613873,39,231,6239,2011,927576.0,20071530.0,0.754813,1.1967290000000002,CAN,USA,291890
11613874,41,231,6239,2011,5547504.0,9200.0,2.2644029999999997,0.406131,CHE,USA,291890
11613875,42,231,6239,2011,0.0,47904.0,-0.199877,-0.353009,CHL,USA,291890
11613876,43,231,6239,2011,26466492.0,1777674.0,1.072299,1.686826,CHN,USA,291890
11613877,49,231,6239,2011,633883.0,1228453.0,0.14336600000000002,-0.22996,COL,USA,291890
11613878,52,231,6239,2011,0.0,98190.0,0.04325,-0.553193,CRI,USA,291890
11613879,59,231,6239,2011,1016734.0,12807.0,1.737788,0.14741600000000002,CZE,USA,291890
11613880,61,231,6239,2011,17204748.0,3369934.0,2.074435,-3.440815,DEU,USA,291890
11613881,64,231,6239,2011,0.0,1287.0,1.156026,1.2248299999999999,DNK,USA,291890
11613882,65,231,6239,2011,0.0,11119.0,-0.260653,0.5682010000000001,DOM,USA,291890
11613883,66,231,6239,2011,0.0,6303.0,-1.36763,-1.140594,DZA,USA,291890
11613884,67,231,6239,2011,0.0,2733.0,-0.8250639999999999,-0.839082,ECU,USA,291890
11613885,68,231,6239,2011,0.0,18707.0,-0.166243,1.384719,EGY,USA,291890
11613886,71,231,6239,2011,2665463.0,202678.0,0.8677290000000001,2.4618450000000003,ESP,USA,291890
11613887,72,231,6239,2011,11472.0,0.0,0.9806790000000001,1.110449,EST,USA,291890
11613888,77,231,6239,2011,921585.0,17645906.0,1.532054,0.09339299999999999,FRA,USA,291890
11613889,81,231,6239,2011,38068288.0,1359815.0,1.8048220000000001,0.380141,GBR,USA,291890
11613890,93,231,6239,2011,0.0,8400.0,-0.329497,0.775369,GTM,USA,291890
11613891,96,231,6239,2011,0.0,1059.0,-1.079231,-1.0280989999999999,GUY,USA,291890
11613892,97,231,6239,2011,7174.0,33432.0,0.663588,1.902118,HKG,USA,291890
11613893,99,231,6239,2011,0.0,1652.0,-0.740241,-0.311952,HND,USA,291890
11613894,100,231,6239,2011,716008.0,56929.0,0.868294,0.9424299999999999,HRV,USA,291890
11613895,102,231,6239,2011,330190.0,19508.0,1.486592,0.805642,HUN,USA,291890
11613896,103,231,6239,2011,18944.0,1892078.0,-0.234125,1.168384,IDN,USA,291890
11613897,104,231,6239,2011,34024324.0,788725.0,0.18276199999999998,2.398765,IND,USA,291890
11613898,106,231,6239,2011,0.0,1349131.0,1.403182,0.290245,IRL,USA,291890
11613899,110,231,6239,2011,2987836.0,1363860.0,1.324384,0.714611,ISR,USA,291890
11613900,111,231,6239,2011,4220214.0,564988.0,1.298751,0.48013599999999995,ITA,USA,291890
11613901,112,231,6239,2011,0.0,2363.0,-0.162212,-0.621817,JAM,USA,291890
11613902,114,231,6239,2011,7301489.0,7827855.0,2.516395,-0.534301,JPN,USA,291890
11613903,121,231,6239,2011,313601.0,21122482.0,1.731371,0.8306879999999999,KOR,USA,291890
11613904,122,231,6239,2011,0.0,67397.0,-0.898582,-1.09893,KWT,USA,291890
11613905,124,231,6239,2011,0.0,1687.0,0.278393,1.2962879999999999,LBN,USA,291890
11613906,128,231,6239,2011,0.0,985.0,-0.559311,0.398905,LKA,USA,291890
11613907,134,231,6239,2011,0.0,583595.0,-0.485404,0.099828,MAR,USA,291890
11613908,138,231,6239,2011,6914050.0,3396161.0,0.9534600000000001,0.706982,MEX,USA,291890
11613909,153,231,6239,2011,0.0,428932.0,0.9893290000000001,0.632079,MYS,USA,291890
11613910,159,231,6239,2011,0.0,19115.0,-1.699286,-1.15511,NGA,USA,291890
11613911,162,231,6239,2011,7677211.0,16384472.0,1.1655229999999999,1.410167,NLD,USA,291890
11613912,163,231,6239,2011,0.0,40474.0,0.8492770000000001,0.050044,NOR,USA,291890
11613913,166,231,6239,2011,4874.0,854521.0,0.372732,0.548601,NZL,USA,291890
11613914,168,231,6239,2011,0.0,11995.0,-0.729677,0.6026729999999999,PAK,USA,291890
11613915,169,231,6239,2011,0.0,6573.0,0.786135,1.061008,PAN,USA,291890
11613916,173,231,6239,2011,0.0,210314.0,-0.455977,0.442543,PER,USA,291890
11613917,174,231,6239,2011,0.0,47164.0,0.364707,0.322626,PHL,USA,291890
11613918,177,231,6239,2011,0.0,586118.0,1.133641,1.134203,POL,USA,291890
11613919,179,231,6239,2011,0.0,56803.0,0.558481,2.7056240000000003,PRT,USA,291890
11613920,185,231,6239,2011,31823.0,0.0,0.722,1.296655,ROU,USA,291890
11613921,186,231,6239,2011,0.0,2277032.0,0.47319399999999995,-0.20801599999999998,RUS,USA,291890
11613922,192,231,6239,2011,0.0,135127.0,1.849116,0.52127,SGP,USA,291890
11613923,197,231,6239,2011,0.0,8603.0,-0.09713200000000001,0.20772600000000002,SLV,USA,291890
11613924,206,231,6239,2011,7150.0,958.0,1.262897,0.8230569999999999,SVK,USA,291890
11613925,208,231,6239,2011,0.0,1169.0,1.857146,0.366159,SWE,USA,291890
11613926,213,231,6239,2011,0.0,4299.0,0.610742,0.11455599999999999,TCA,USA,291890
11613927,216,231,6239,2011,0.0,638691.0,0.889009,1.503118,THA,USA,291890
11613928,222,231,6239,2011,0.0,14537.0,-0.44228,-1.031793,TTO,USA,291890
11613929,224,231,6239,2011,0.0,195532.0,0.45775,2.4316259999999996,TUR,USA,291890
11613930,228,231,6239,2011,0.0,7085.0,0.6221409999999999,0.765505,UKR,USA,291890
11613931,230,231,6239,2011,0.0,3196.0,0.313195,0.042866,URY,USA,291890
11613932,236,231,6239,2011,0.0,30701.0,-0.841147,-1.095636,VEN,USA,291890
11613933,239,231,6239,2011,0.0,60489.0,-0.184453,1.637207,VNM,USA,291890
11613934,246,231,6239,2011,0.0,74563.0,0.241792,1.353011,ZAF,USA,291890
11613935,249,231,6239,2011,4279573.0,2062402.0,1.803234,0.921233,TWN,USA,291890
11613936,18,236,6239,2011,2144.0,0.0,1.221703,1.247961,BEL,VEN,291890
11613937,39,236,6239,2011,91568.0,0.0,0.754813,1.1967290000000002,CAN,VEN,291890
11613938,41,236,6239,2011,754227.0,0.0,2.2644029999999997,0.406131,CHE,VEN,291890
11613939,43,236,6239,2011,487488.0,0.0,1.072299,1.686826,CHN,VEN,291890
11613940,49,236,6239,2011,1603485.0,0.0,0.14336600000000002,-0.22996,COL,VEN,291890
11613941,61,236,6239,2011,115085.0,0.0,2.074435,-3.440815,DEU,VEN,291890
11613942,67,236,6239,2011,524017.0,0.0,-0.8250639999999999,-0.839082,ECU,VEN,291890
11613943,71,236,6239,2011,106260.0,0.0,0.8677290000000001,2.4618450000000003,ESP,VEN,291890
11613944,104,236,6239,2011,57501.0,0.0,0.18276199999999998,2.398765,IND,VEN,291890
11613945,111,236,6239,2011,99177.0,0.0,1.298751,0.48013599999999995,ITA,VEN,291890
11613946,138,236,6239,2011,6649.0,0.0,0.9534600000000001,0.706982,MEX,VEN,291890
11613947,162,236,6239,2011,1251130.0,0.0,1.1655229999999999,1.410167,NLD,VEN,291890
11613948,231,236,6239,2011,30701.0,0.0,1.6884849999999998,-0.474499,USA,VEN,291890
11613949,249,236,6239,2011,20491.0,0.0,1.803234,0.921233,TWN,VEN,291890
11613950,71,243,6239,2011,13625.0,0.0,0.8677290000000001,2.4618450000000003,ESP,YEM,291890
11613951,77,243,6239,2011,1808.0,0.0,1.532054,0.09339299999999999,FRA,YEM,291890
11613952,104,243,6239,2011,38002.0,0.0,0.18276199999999998,2.398765,IND,YEM,291890
11613953,15,246,6239,2011,8906.0,0.0,1.687634,-0.229095,AUT,ZAF,291890
11613954,18,246,6239,2011,42393.0,1302.0,1.221703,1.247961,BEL,ZAF,291890
11613955,37,246,6239,2011,0.0,1649.0,-0.48782600000000004,-1.051639,BWA,ZAF,291890
11613956,39,246,6239,2011,82673.0,0.0,0.754813,1.1967290000000002,CAN,ZAF,291890
11613957,41,246,6239,2011,2448565.0,0.0,2.2644029999999997,0.406131,CHE,ZAF,291890
11613958,42,246,6239,2011,0.0,233452.0,-0.199877,-0.353009,CHL,ZAF,291890
11613959,43,246,6239,2011,1382818.0,0.0,1.072299,1.686826,CHN,ZAF,291890
11613960,61,246,6239,2011,517350.0,3156215.0,2.074435,-3.440815,DEU,ZAF,291890
11613961,71,246,6239,2011,120915.0,0.0,0.8677290000000001,2.4618450000000003,ESP,ZAF,291890
11613962,77,246,6239,2011,111278.0,0.0,1.532054,0.09339299999999999,FRA,ZAF,291890
11613963,81,246,6239,2011,33883.0,0.0,1.8048220000000001,0.380141,GBR,ZAF,291890
11613964,104,246,6239,2011,142072.0,0.0,0.18276199999999998,2.398765,IND,ZAF,291890
11613965,110,246,6239,2011,3555.0,0.0,1.324384,0.714611,ISR,ZAF,291890
11613966,111,246,6239,2011,8542.0,0.0,1.298751,0.48013599999999995,ITA,ZAF,291890
11613967,114,246,6239,2011,1217.0,0.0,2.516395,-0.534301,JPN,ZAF,291890
11613968,116,246,6239,2011,0.0,5305.0,-0.48319300000000004,0.346927,KEN,ZAF,291890
11613969,151,246,6239,2011,0.0,44980.0,-0.09464600000000001,0.091177,MUS,ZAF,291890
11613970,152,246,6239,2011,0.0,28703.0,-1.100291,-0.982559,MWI,ZAF,291890
11613971,155,246,6239,2011,0.0,12676.0,-0.42998400000000003,-0.632233,NAM,ZAF,291890
11613972,162,246,6239,2011,1654872.0,0.0,1.1655229999999999,1.410167,NLD,ZAF,291890
11613973,166,246,6239,2011,8945.0,0.0,0.372732,0.548601,NZL,ZAF,291890
11613974,173,246,6239,2011,0.0,2236.0,-0.455977,0.442543,PER,ZAF,291890
11613975,177,246,6239,2011,42032.0,0.0,1.133641,1.134203,POL,ZAF,291890
11613976,196,246,6239,2011,0.0,6019.0,-0.35546500000000003,-0.46134899999999995,SLE,ZAF,291890
11613977,226,246,6239,2011,0.0,24136.0,-0.751316,0.286505,TZA,ZAF,291890
11613978,227,246,6239,2011,0.0,1811.0,-0.7153,-0.062678,UGA,ZAF,291890
11613979,231,246,6239,2011,74563.0,0.0,1.6884849999999998,-0.474499,USA,ZAF,291890
11613980,247,246,6239,2011,0.0,4145.0,-0.7599,-0.941019,ZMB,ZAF,291890
11613981,248,246,6239,2011,0.0,13334.0,-0.858662,-0.8632719999999999,ZWE,ZAF,291890
11613982,249,246,6239,2011,48303.0,0.0,1.803234,0.921233,TWN,ZAF,291890
11613983,14,249,6239,2011,0.0,54622.0,-0.138148,0.002999,AUS,TWN,291890
11613984,15,249,6239,2011,0.0,39031.0,1.687634,-0.229095,AUT,TWN,291890
11613985,18,249,6239,2011,5030.0,46519.0,1.221703,1.247961,BEL,TWN,291890
11613986,22,249,6239,2011,0.0,203880.0,-1.074416,-0.8276370000000001,BGD,TWN,291890
11613987,28,249,6239,2011,0.0,594.0,0.8786729999999999,0.442097,BLR,TWN,291890
11613988,32,249,6239,2011,0.0,791687.0,0.27718400000000004,0.5674319999999999,BRA,TWN,291890
11613989,39,249,6239,2011,1114.0,1112714.0,0.754813,1.1967290000000002,CAN,TWN,291890
11613990,41,249,6239,2011,83930.0,7517.0,2.2644029999999997,0.406131,CHE,TWN,291890
11613991,43,249,6239,2011,2717893.0,3277326.0,1.072299,1.686826,CHN,TWN,291890
11613992,44,249,6239,2011,0.0,11575.0,-1.069474,-0.867439,CIV,TWN,291890
11613993,49,249,6239,2011,0.0,352129.0,0.14336600000000002,-0.22996,COL,TWN,291890
11613994,61,249,6239,2011,68920.0,639872.0,2.074435,-3.440815,DEU,TWN,291890
11613995,64,249,6239,2011,3076.0,0.0,1.156026,1.2248299999999999,DNK,TWN,291890
11613996,71,249,6239,2011,6530.0,453761.0,0.8677290000000001,2.4618450000000003,ESP,TWN,291890
11613997,74,249,6239,2011,3514.0,0.0,1.7488830000000002,0.890934,FIN,TWN,291890
11613998,77,249,6239,2011,4558.0,15291666.0,1.532054,0.09339299999999999,FRA,TWN,291890
11613999,81,249,6239,2011,10153.0,0.0,1.8048220000000001,0.380141,GBR,TWN,291890
11614000,90,249,6239,2011,0.0,37328.0,0.138679,1.30044,GRC,TWN,291890
11614001,97,249,6239,2011,0.0,199391.0,0.663588,1.902118,HKG,TWN,291890
11614002,100,249,6239,2011,0.0,7035.0,0.868294,0.9424299999999999,HRV,TWN,291890
11614003,102,249,6239,2011,0.0,3898.0,1.486592,0.805642,HUN,TWN,291890
11614004,103,249,6239,2011,189106.0,126654.0,-0.234125,1.168384,IDN,TWN,291890
11614005,104,249,6239,2011,436265.0,3074940.0,0.18276199999999998,2.398765,IND,TWN,291890
11614006,110,249,6239,2011,13174.0,0.0,1.324384,0.714611,ISR,TWN,291890
11614007,111,249,6239,2011,159543.0,495633.0,1.298751,0.48013599999999995,ITA,TWN,291890
11614008,114,249,6239,2011,8357734.0,2111452.0,2.516395,-0.534301,JPN,TWN,291890
11614009,121,249,6239,2011,1973.0,553199.0,1.731371,0.8306879999999999,KOR,TWN,291890
11614010,124,249,6239,2011,0.0,11424.0,0.278393,1.2962879999999999,LBN,TWN,291890
11614011,134,249,6239,2011,0.0,3147.0,-0.485404,0.099828,MAR,TWN,291890
11614012,138,249,6239,2011,0.0,1383828.0,0.9534600000000001,0.706982,MEX,TWN,291890
11614013,140,249,6239,2011,0.0,987.0,-0.12310499999999999,0.16392,MKD,TWN,291890
11614014,153,249,6239,2011,0.0,798904.0,0.9893290000000001,0.632079,MYS,TWN,291890
11614015,162,249,6239,2011,36732.0,11174224.0,1.1655229999999999,1.410167,NLD,TWN,291890
11614016,166,249,6239,2011,0.0,19215.0,0.372732,0.548601,NZL,TWN,291890
11614017,168,249,6239,2011,0.0,411534.0,-0.729677,0.6026729999999999,PAK,TWN,291890
11614018,173,249,6239,2011,0.0,41943.0,-0.455977,0.442543,PER,TWN,291890
11614019,174,249,6239,2011,0.0,82718.0,0.364707,0.322626,PHL,TWN,291890
11614020,177,249,6239,2011,1297.0,53142.0,1.133641,1.134203,POL,TWN,291890
11614021,180,249,6239,2011,0.0,5907.0,-0.548759,-0.877743,PRY,TWN,291890
11614022,192,249,6239,2011,320754.0,1921321.0,1.849116,0.52127,SGP,TWN,291890
11614023,206,249,6239,2011,0.0,17377.0,1.262897,0.8230569999999999,SVK,TWN,291890
11614024,207,249,6239,2011,0.0,9420.0,1.642913,0.700222,SVN,TWN,291890
11614025,216,249,6239,2011,0.0,1814943.0,0.889009,1.503118,THA,TWN,291890
11614026,223,249,6239,2011,0.0,4427.0,0.151221,1.1252360000000001,TUN,TWN,291890
11614027,224,249,6239,2011,0.0,30244.0,0.45775,2.4316259999999996,TUR,TWN,291890
11614028,230,249,6239,2011,0.0,17010.0,0.313195,0.042866,URY,TWN,291890
11614029,231,249,6239,2011,2062402.0,4279573.0,1.6884849999999998,-0.474499,USA,TWN,291890
11614030,236,249,6239,2011,0.0,20491.0,-0.841147,-1.095636,VEN,TWN,291890
11614031,239,249,6239,2011,0.0,415992.0,-0.184453,1.637207,VNM,TWN,291890
11614032,246,249,6239,2011,0.0,48303.0,0.241792,1.353011,ZAF,TWN,291890
11614033,250,249,6239,2011,194616.0,0.0,0.475638,-0.160135,ANS,TWN,291890
11614034,42,250,6239,2011,0.0,3799.0,-0.199877,-0.353009,CHL,ANS,291890
11614035,43,250,6239,2011,0.0,3557.0,1.072299,1.686826,CHN,ANS,291890
11614036,71,250,6239,2011,0.0,901204.0,0.8677290000000001,2.4618450000000003,ESP,ANS,291890
11614037,77,250,6239,2011,0.0,92681.0,1.532054,0.09339299999999999,FRA,ANS,291890
11614038,104,250,6239,2011,0.0,353604.0,0.18276199999999998,2.398765,IND,ANS,291890
11614039,113,250,6239,2011,22008.0,0.0,0.231605,0.47049399999999997,JOR,ANS,291890
11614040,124,250,6239,2011,1076.0,0.0,0.278393,1.2962879999999999,LBN,ANS,291890
11614041,162,250,6239,2011,6999.0,0.0,1.1655229999999999,1.410167,NLD,ANS,291890
11614042,206,250,6239,2011,0.0,4375.0,1.262897,0.8230569999999999,SVK,ANS,291890
11614043,207,250,6239,2011,0.0,8368.0,1.642913,0.700222,SVN,ANS,291890
11614044,249,250,6239,2011,0.0,194616.0,1.803234,0.921233,TWN,ANS,291890
11614045,110,2,6239,2011,16174.0,0.0,1.324384,0.714611,ISR,AGO,291890
11614046,231,2,6239,2011,332794.0,0.0,1.6884849999999998,-0.474499,USA,AGO,291890
11614047,111,4,6239,2011,1350.0,0.0,1.298751,0.48013599999999995,ITA,ALB,291890
11614048,15,14,6239,2011,444677.0,0.0,1.687634,-0.229095,AUT,AUS,291890
11614049,18,14,6239,2011,1055618.0,0.0,1.221703,1.247961,BEL,AUS,291890
11614050,32,14,6239,2011,0.0,1213715.0,0.27718400000000004,0.5674319999999999,BRA,AUS,291890
11614051,39,14,6239,2011,10152.0,0.0,0.754813,1.1967290000000002,CAN,AUS,291890
11614052,41,14,6239,2011,1618207.0,0.0,2.2644029999999997,0.406131,CHE,AUS,291890
11614053,43,14,6239,2011,13652078.0,0.0,1.072299,1.686826,CHN,AUS,291890
11614054,59,14,6239,2011,69436.0,0.0,1.737788,0.14741600000000002,CZE,AUS,291890
11614055,61,14,6239,2011,216143.0,1578.0,2.074435,-3.440815,DEU,AUS,291890
11614056,71,14,6239,2011,7252.0,0.0,0.8677290000000001,2.4618450000000003,ESP,AUS,291890
11614057,75,14,6239,2011,0.0,7244.0,-0.434356,-0.010863,FJI,AUS,291890
11614058,77,14,6239,2011,45997.0,0.0,1.532054,0.09339299999999999,FRA,AUS,291890
11614059,81,14,6239,2011,4205498.0,0.0,1.8048220000000001,0.380141,GBR,AUS,291890
11614060,102,14,6239,2011,334113.0,0.0,1.486592,0.805642,HUN,AUS,291890
11614061,103,14,6239,2011,0.0,58987.0,-0.234125,1.168384,IDN,AUS,291890
11614062,104,14,6239,2011,1254378.0,45678.0,0.18276199999999998,2.398765,IND,AUS,291890
11614063,110,14,6239,2011,75730.0,44434.0,1.324384,0.714611,ISR,AUS,291890
11614064,111,14,6239,2011,31645.0,0.0,1.298751,0.48013599999999995,ITA,AUS,291890
11614065,114,14,6239,2011,76078.0,543746.0,2.516395,-0.534301,JPN,AUS,291890
11614066,121,14,6239,2011,127504.0,46545.0,1.731371,0.8306879999999999,KOR,AUS,291890
11614067,153,14,6239,2011,0.0,287022.0,0.9893290000000001,0.632079,MYS,AUS,291890
11614068,162,14,6239,2011,13688810.0,0.0,1.1655229999999999,1.410167,NLD,AUS,291890
11614069,166,14,6239,2011,4282474.0,29970.0,0.372732,0.548601,NZL,AUS,291890
11614070,174,14,6239,2011,0.0,120038.0,0.364707,0.322626,PHL,AUS,291890
11614071,177,14,6239,2011,3456654.0,0.0,1.133641,1.134203,POL,AUS,291890
11614072,192,14,6239,2011,89520.0,0.0,1.849116,0.52127,SGP,AUS,291890
11614073,216,14,6239,2011,0.0,381182.0,0.889009,1.503118,THA,AUS,291890
11614074,231,14,6239,2011,299449.0,19067868.0,1.6884849999999998,-0.474499,USA,AUS,291890
11614075,249,14,6239,2011,54622.0,0.0,1.803234,0.921233,TWN,AUS,291890
11614076,43,22,6239,2011,503085.0,0.0,1.072299,1.686826,CHN,BGD,291890
11614077,61,22,6239,2011,5625.0,0.0,2.074435,-3.440815,DEU,BGD,291890
11614078,71,22,6239,2011,24640.0,0.0,0.8677290000000001,2.4618450000000003,ESP,BGD,291890
11614079,104,22,6239,2011,715867.0,0.0,0.18276199999999998,2.398765,IND,BGD,291890
11614080,111,22,6239,2011,10166.0,0.0,1.298751,0.48013599999999995,ITA,BGD,291890
11614081,114,22,6239,2011,155032.0,0.0,2.516395,-0.534301,JPN,BGD,291890
11614082,138,22,6239,2011,370614.0,0.0,0.9534600000000001,0.706982,MEX,BGD,291890
11614083,192,22,6239,2011,12947.0,0.0,1.849116,0.52127,SGP,BGD,291890
11614084,216,22,6239,2011,293000.0,0.0,0.889009,1.503118,THA,BGD,291890
11614085,228,22,6239,2011,4902.0,0.0,0.6221409999999999,0.765505,UKR,BGD,291890
11614086,249,22,6239,2011,203880.0,0.0,1.803234,0.921233,TWN,BGD,291890
11614087,201,26,6239,2011,1416.0,0.0,0.49055699999999997,1.5601399999999999,SRB,BIH,291890
11614088,18,28,6239,2011,16063.0,0.0,1.221703,1.247961,BEL,BLR,291890
11614089,41,28,6239,2011,7192.0,0.0,2.2644029999999997,0.406131,CHE,BLR,291890
11614090,43,28,6239,2011,16120.0,0.0,1.072299,1.686826,CHN,BLR,291890
11614091,61,28,6239,2011,1882.0,0.0,2.074435,-3.440815,DEU,BLR,291890
11614092,64,28,6239,2011,6081.0,0.0,1.156026,1.2248299999999999,DNK,BLR,291890
11614093,77,28,6239,2011,488844.0,0.0,1.532054,0.09339299999999999,FRA,BLR,291890
11614094,111,28,6239,2011,61577.0,0.0,1.298751,0.48013599999999995,ITA,BLR,291890
11614095,130,28,6239,2011,1773.0,0.0,0.747963,0.9759530000000001,LTU,BLR,291890
11614096,186,28,6239,2011,1019.0,59513.0,0.47319399999999995,-0.20801599999999998,RUS,BLR,291890
11614097,228,28,6239,2011,208625.0,0.0,0.6221409999999999,0.765505,UKR,BLR,291890
11614098,249,28,6239,2011,594.0,0.0,1.803234,0.921233,TWN,BLR,291890
11614099,43,58,6239,2011,62856.0,0.0,1.072299,1.686826,CHN,CYP,291890
11614100,71,58,6239,2011,63983.0,0.0,0.8677290000000001,2.4618450000000003,ESP,CYP,291890
11614101,90,58,6239,2011,0.0,1374796.0,0.138679,1.30044,GRC,CYP,291890
11614102,111,58,6239,2011,483408.0,0.0,1.298751,0.48013599999999995,ITA,CYP,291890
11614103,18,68,6239,2011,27559.0,0.0,1.221703,1.247961,BEL,EGY,291890
11614104,41,68,6239,2011,130673.0,0.0,2.2644029999999997,0.406131,CHE,EGY,291890
11614105,43,68,6239,2011,947578.0,0.0,1.072299,1.686826,CHN,EGY,291890
11614106,61,68,6239,2011,123331.0,0.0,2.074435,-3.440815,DEU,EGY,291890
11614107,64,68,6239,2011,20760.0,0.0,1.156026,1.2248299999999999,DNK,EGY,291890
11614108,71,68,6239,2011,105079.0,0.0,0.8677290000000001,2.4618450000000003,ESP,EGY,291890
11614109,77,68,6239,2011,1382987.0,0.0,1.532054,0.09339299999999999,FRA,EGY,291890
11614110,97,68,6239,2011,4527.0,0.0,0.663588,1.902118,HKG,EGY,291890
11614111,104,68,6239,2011,525773.0,0.0,0.18276199999999998,2.398765,IND,EGY,291890
11614112,111,68,6239,2011,222211.0,0.0,1.298751,0.48013599999999995,ITA,EGY,291890
11614113,121,68,6239,2011,78211.0,0.0,1.731371,0.8306879999999999,KOR,EGY,291890
11614114,138,68,6239,2011,228721.0,0.0,0.9534600000000001,0.706982,MEX,EGY,291890
11614115,162,68,6239,2011,8591.0,0.0,1.1655229999999999,1.410167,NLD,EGY,291890
11614116,224,68,6239,2011,15879.0,0.0,0.45775,2.4316259999999996,TUR,EGY,291890
11614117,231,68,6239,2011,18707.0,0.0,1.6884849999999998,-0.474499,USA,EGY,291890
11614118,43,72,6239,2011,3947.0,0.0,1.072299,1.686826,CHN,EST,291890
11614119,74,72,6239,2011,0.0,6487.0,1.7488830000000002,0.890934,FIN,EST,291890
11614120,110,72,6239,2011,18792.0,0.0,1.324384,0.714611,ISR,EST,291890
11614121,162,72,6239,2011,1505.0,0.0,1.1655229999999999,1.410167,NLD,EST,291890
11614122,186,72,6239,2011,2648.0,0.0,0.47319399999999995,-0.20801599999999998,RUS,EST,291890
11614123,208,72,6239,2011,13398.0,0.0,1.857146,0.366159,SWE,EST,291890
11614124,231,72,6239,2011,0.0,11472.0,1.6884849999999998,-0.474499,USA,EST,291890
11614125,39,83,6239,2011,12001.0,0.0,0.754813,1.1967290000000002,CAN,GHA,291890
11614126,61,83,6239,2011,6714.0,0.0,2.074435,-3.440815,DEU,GHA,291890
11614127,71,83,6239,2011,27035.0,0.0,0.8677290000000001,2.4618450000000003,ESP,GHA,291890
11614128,104,83,6239,2011,23375.0,0.0,0.18276199999999998,2.398765,IND,GHA,291890
11614129,15,100,6239,2011,25238.0,0.0,1.687634,-0.229095,AUT,HRV,291890
11614130,43,100,6239,2011,135517.0,0.0,1.072299,1.686826,CHN,HRV,291890
11614131,59,100,6239,2011,2661.0,0.0,1.737788,0.14741600000000002,CZE,HRV,291890
11614132,61,100,6239,2011,15761.0,0.0,2.074435,-3.440815,DEU,HRV,291890
11614133,71,100,6239,2011,1092.0,0.0,0.8677290000000001,2.4618450000000003,ESP,HRV,291890
11614134,104,100,6239,2011,1768143.0,1327.0,0.18276199999999998,2.398765,IND,HRV,291890
11614135,110,100,6239,2011,288769.0,261180.0,1.324384,0.714611,ISR,HRV,291890
11614136,111,100,6239,2011,3601.0,0.0,1.298751,0.48013599999999995,ITA,HRV,291890
11614137,231,100,6239,2011,56929.0,716008.0,1.6884849999999998,-0.474499,USA,HRV,291890
11614138,249,100,6239,2011,7035.0,0.0,1.803234,0.921233,TWN,HRV,291890
11614139,14,102,6239,2011,0.0,334113.0,-0.138148,0.002999,AUS,HUN,291890
11614140,15,102,6239,2011,23577.0,0.0,1.687634,-0.229095,AUT,HUN,291890
11614141,18,102,6239,2011,7340.0,930.0,1.221703,1.247961,BEL,HUN,291890
11614142,39,102,6239,2011,0.0,323912.0,0.754813,1.1967290000000002,CAN,HUN,291890
11614143,43,102,6239,2011,1428957.0,0.0,1.072299,1.686826,CHN,HUN,291890
11614144,61,102,6239,2011,55306.0,1424745.0,2.074435,-3.440815,DEU,HUN,291890
11614145,71,102,6239,2011,983.0,0.0,0.8677290000000001,2.4618450000000003,ESP,HUN,291890
11614146,77,102,6239,2011,18552.0,0.0,1.532054,0.09339299999999999,FRA,HUN,291890
11614147,81,102,6239,2011,21405.0,57470.0,1.8048220000000001,0.380141,GBR,HUN,291890
11614148,104,102,6239,2011,33086.0,938429.0,0.18276199999999998,2.398765,IND,HUN,291890
11614149,110,102,6239,2011,122024.0,0.0,1.324384,0.714611,ISR,HUN,291890
11614150,111,102,6239,2011,2646382.0,0.0,1.298751,0.48013599999999995,ITA,HUN,291890
11614151,114,102,6239,2011,968.0,3035326.0,2.516395,-0.534301,JPN,HUN,291890
11614152,121,102,6239,2011,0.0,44911.0,1.731371,0.8306879999999999,KOR,HUN,291890
11614153,162,102,6239,2011,0.0,56487.0,1.1655229999999999,1.410167,NLD,HUN,291890
11614154,163,102,6239,2011,0.0,169831.0,0.8492770000000001,0.050044,NOR,HUN,291890
11614155,168,102,6239,2011,0.0,16529.0,-0.729677,0.6026729999999999,PAK,HUN,291890
11614156,177,102,6239,2011,0.0,224244.0,1.133641,1.134203,POL,HUN,291890
11614157,231,102,6239,2011,19508.0,330190.0,1.6884849999999998,-0.474499,USA,HUN,291890
11614158,249,102,6239,2011,3898.0,0.0,1.803234,0.921233,TWN,HUN,291890
11614159,7,107,6239,2011,410423.0,0.0,0.030652,-0.450808,ARE,IRN,291890
11614160,18,107,6239,2011,37765.0,0.0,1.221703,1.247961,BEL,IRN,291890
11614161,43,107,6239,2011,3819390.0,0.0,1.072299,1.686826,CHN,IRN,291890
11614162,61,107,6239,2011,671726.0,0.0,2.074435,-3.440815,DEU,IRN,291890
11614163,64,107,6239,2011,1172.0,0.0,1.156026,1.2248299999999999,DNK,IRN,291890
11614164,71,107,6239,2011,12167.0,0.0,0.8677290000000001,2.4618450000000003,ESP,IRN,291890
11614165,77,107,6239,2011,18378.0,0.0,1.532054,0.09339299999999999,FRA,IRN,291890
11614166,104,107,6239,2011,555633.0,6923.0,0.18276199999999998,2.398765,IND,IRN,291890
11614167,111,107,6239,2011,31164.0,0.0,1.298751,0.48013599999999995,ITA,IRN,291890
11614168,121,107,6239,2011,32163.0,0.0,1.731371,0.8306879999999999,KOR,IRN,291890
11614169,192,107,6239,2011,11944.0,0.0,1.849116,0.52127,SGP,IRN,291890
11614170,224,107,6239,2011,25953.0,0.0,0.45775,2.4316259999999996,TUR,IRN,291890
11614171,18,113,6239,2011,17439.0,0.0,1.221703,1.247961,BEL,JOR,291890
11614172,43,113,6239,2011,1088564.0,0.0,1.072299,1.686826,CHN,JOR,291890
11614173,61,113,6239,2011,13883.0,0.0,2.074435,-3.440815,DEU,JOR,291890
11614174,71,113,6239,2011,1996.0,0.0,0.8677290000000001,2.4618450000000003,ESP,JOR,291890
11614175,81,113,6239,2011,1202.0,0.0,1.8048220000000001,0.380141,GBR,JOR,291890
11614176,104,113,6239,2011,98795.0,0.0,0.18276199999999998,2.398765,IND,JOR,291890
11614177,223,113,6239,2011,0.0,81648.0,0.151221,1.1252360000000001,TUN,JOR,291890
11614178,250,113,6239,2011,0.0,22008.0,0.475638,-0.160135,ANS,JOR,291890
11614179,15,115,6239,2011,1415830.0,0.0,1.687634,-0.229095,AUT,KAZ,291890
11614180,41,115,6239,2011,157628.0,0.0,2.2644029999999997,0.406131,CHE,KAZ,291890
11614181,43,115,6239,2011,36689.0,0.0,1.072299,1.686826,CHN,KAZ,291890
11614182,61,115,6239,2011,4057.0,0.0,2.074435,-3.440815,DEU,KAZ,291890
11614183,81,115,6239,2011,1361.0,0.0,1.8048220000000001,0.380141,GBR,KAZ,291890
11614184,111,115,6239,2011,6788.0,0.0,1.298751,0.48013599999999995,ITA,KAZ,291890
11614185,186,115,6239,2011,580622.0,0.0,0.47319399999999995,-0.20801599999999998,RUS,KAZ,291890
11614186,224,115,6239,2011,5325.0,0.0,0.45775,2.4316259999999996,TUR,KAZ,291890
11614187,43,116,6239,2011,10095.0,0.0,1.072299,1.686826,CHN,KEN,291890
11614188,61,116,6239,2011,12558.0,0.0,2.074435,-3.440815,DEU,KEN,291890
11614189,104,116,6239,2011,14549.0,0.0,0.18276199999999998,2.398765,IND,KEN,291890
11614190,226,116,6239,2011,0.0,1764.0,-0.751316,0.286505,TZA,KEN,291890
11614191,246,116,6239,2011,5305.0,0.0,0.241792,1.353011,ZAF,KEN,291890
11614192,43,118,6239,2011,2099.0,0.0,1.072299,1.686826,CHN,KHM,291890
11614193,77,118,6239,2011,0.0,2192.0,1.532054,0.09339299999999999,FRA,KHM,291890
11614194,18,124,6239,2011,32717.0,0.0,1.221703,1.247961,BEL,LBN,291890
11614195,61,124,6239,2011,1938.0,0.0,2.074435,-3.440815,DEU,LBN,291890
11614196,81,124,6239,2011,1954.0,0.0,1.8048220000000001,0.380141,GBR,LBN,291890
11614197,104,124,6239,2011,6795.0,0.0,0.18276199999999998,2.398765,IND,LBN,291890
11614198,231,124,6239,2011,1687.0,0.0,1.6884849999999998,-0.474499,USA,LBN,291890
11614199,249,124,6239,2011,11424.0,0.0,1.803234,0.921233,TWN,LBN,291890
11614200,250,124,6239,2011,0.0,1076.0,0.475638,-0.160135,ANS,LBN,291890
11614201,43,128,6239,2011,17298.0,0.0,1.072299,1.686826,CHN,LKA,291890
11614202,61,128,6239,2011,2303.0,0.0,2.074435,-3.440815,DEU,LKA,291890
11614203,81,128,6239,2011,1690.0,0.0,1.8048220000000001,0.380141,GBR,LKA,291890
11614204,104,128,6239,2011,14774.0,0.0,0.18276199999999998,2.398765,IND,LKA,291890
11614205,111,128,6239,2011,13943.0,0.0,1.298751,0.48013599999999995,ITA,LKA,291890
11614206,162,128,6239,2011,636608.0,0.0,1.1655229999999999,1.410167,NLD,LKA,291890
11614207,174,128,6239,2011,2100.0,0.0,0.364707,0.322626,PHL,LKA,291890
11614208,192,128,6239,2011,31655.0,0.0,1.849116,0.52127,SGP,LKA,291890
11614209,231,128,6239,2011,985.0,0.0,1.6884849999999998,-0.474499,USA,LKA,291890
11614210,15,130,6239,2011,1631722.0,0.0,1.687634,-0.229095,AUT,LTU,291890
11614211,18,130,6239,2011,3332.0,0.0,1.221703,1.247961,BEL,LTU,291890
11614212,28,130,6239,2011,0.0,1773.0,0.8786729999999999,0.442097,BLR,LTU,291890
11614213,43,130,6239,2011,185567.0,0.0,1.072299,1.686826,CHN,LTU,291890
11614214,61,130,6239,2011,2691.0,0.0,2.074435,-3.440815,DEU,LTU,291890
11614215,64,130,6239,2011,2210.0,24257.0,1.156026,1.2248299999999999,DNK,LTU,291890
11614216,15,131,6239,2011,21943.0,0.0,1.687634,-0.229095,AUT,LUX,291890
11614217,61,131,6239,2011,49220.0,0.0,2.074435,-3.440815,DEU,LUX,291890
11614218,162,131,6239,2011,1458.0,0.0,1.1655229999999999,1.410167,NLD,LUX,291890
11614219,18,132,6239,2011,13481.0,0.0,1.221703,1.247961,BEL,LVA,291890
11614220,41,132,6239,2011,1566.0,0.0,2.2644029999999997,0.406131,CHE,LVA,291890
11614221,43,132,6239,2011,150405.0,0.0,1.072299,1.686826,CHN,LVA,291890
11614222,61,132,6239,2011,2401.0,3891.0,2.074435,-3.440815,DEU,LVA,291890
11614223,81,132,6239,2011,9201.0,0.0,1.8048220000000001,0.380141,GBR,LVA,291890
11614224,104,132,6239,2011,1812505.0,0.0,0.18276199999999998,2.398765,IND,LVA,291890
11614225,111,132,6239,2011,1850.0,0.0,1.298751,0.48013599999999995,ITA,LVA,291890
11614226,162,132,6239,2011,3143.0,0.0,1.1655229999999999,1.410167,NLD,LVA,291890
11614227,18,140,6239,2011,1690.0,0.0,1.221703,1.247961,BEL,MKD,291890
11614228,41,140,6239,2011,7214.0,0.0,2.2644029999999997,0.406131,CHE,MKD,291890
11614229,61,140,6239,2011,9652.0,0.0,2.074435,-3.440815,DEU,MKD,291890
11614230,90,140,6239,2011,5167.0,0.0,0.138679,1.30044,GRC,MKD,291890
11614231,249,140,6239,2011,987.0,0.0,1.803234,0.921233,TWN,MKD,291890
11614232,90,142,6239,2011,0.0,191187.0,0.138679,1.30044,GRC,MLT,291890
11614233,104,142,6239,2011,0.0,204557.0,0.18276199999999998,2.398765,IND,MLT,291890
11614234,111,142,6239,2011,1986.0,0.0,1.298751,0.48013599999999995,ITA,MLT,291890
11614235,43,143,6239,2011,6752.0,0.0,1.072299,1.686826,CHN,MMR,291890
11614236,114,143,6239,2011,1654.0,0.0,2.516395,-0.534301,JPN,MMR,291890
11614237,18,163,6239,2011,57371.0,0.0,1.221703,1.247961,BEL,NOR,291890
11614238,43,163,6239,2011,7776.0,0.0,1.072299,1.686826,CHN,NOR,291890
11614239,61,163,6239,2011,7022.0,0.0,2.074435,-3.440815,DEU,NOR,291890
11614240,64,163,6239,2011,1020.0,0.0,1.156026,1.2248299999999999,DNK,NOR,291890
11614241,102,163,6239,2011,169831.0,0.0,1.486592,0.805642,HUN,NOR,291890
11614242,162,163,6239,2011,0.0,3164.0,1.1655229999999999,1.410167,NLD,NOR,291890
11614243,208,163,6239,2011,2623.0,0.0,1.857146,0.366159,SWE,NOR,291890
11614244,231,163,6239,2011,40474.0,0.0,1.6884849999999998,-0.474499,USA,NOR,291890
11614245,77,167,6239,2011,1816.0,0.0,1.532054,0.09339299999999999,FRA,OMN,291890
11614246,81,167,6239,2011,3078.0,0.0,1.8048220000000001,0.380141,GBR,OMN,291890
11614247,168,167,6239,2011,0.0,1721.0,-0.729677,0.6026729999999999,PAK,OMN,291890
11614248,15,186,6239,2011,656698.0,0.0,1.687634,-0.229095,AUT,RUS,291890
11614249,18,186,6239,2011,149644.0,0.0,1.221703,1.247961,BEL,RUS,291890
11614250,28,186,6239,2011,59513.0,1019.0,0.8786729999999999,0.442097,BLR,RUS,291890
11614251,43,186,6239,2011,7509190.0,213834.0,1.072299,1.686826,CHN,RUS,291890
11614252,61,186,6239,2011,968352.0,3113898.0,2.074435,-3.440815,DEU,RUS,291890
11614253,64,186,6239,2011,101109.0,0.0,1.156026,1.2248299999999999,DNK,RUS,291890
11614254,72,186,6239,2011,0.0,2648.0,0.9806790000000001,1.110449,EST,RUS,291890
11614255,77,186,6239,2011,637736.0,2711.0,1.532054,0.09339299999999999,FRA,RUS,291890
11614256,81,186,6239,2011,21209.0,0.0,1.8048220000000001,0.380141,GBR,RUS,291890
11614257,97,186,6239,2011,10678.0,0.0,0.663588,1.902118,HKG,RUS,291890
11614258,104,186,6239,2011,302224.0,39347.0,0.18276199999999998,2.398765,IND,RUS,291890
11614259,111,186,6239,2011,1388413.0,0.0,1.298751,0.48013599999999995,ITA,RUS,291890
11614260,115,186,6239,2011,0.0,580622.0,-0.514687,-0.775671,KAZ,RUS,291890
11614261,121,186,6239,2011,633766.0,0.0,1.731371,0.8306879999999999,KOR,RUS,291890
11614262,162,186,6239,2011,146568.0,28935.0,1.1655229999999999,1.410167,NLD,RUS,291890
11614263,168,186,6239,2011,0.0,31657.0,-0.729677,0.6026729999999999,PAK,RUS,291890
11614264,177,186,6239,2011,2858181.0,0.0,1.133641,1.134203,POL,RUS,291890
11614265,197,186,6239,2011,0.0,6114.0,-0.09713200000000001,0.20772600000000002,SLV,RUS,291890
11614266,231,186,6239,2011,2277032.0,0.0,1.6884849999999998,-0.474499,USA,RUS,291890
11614267,21,191,6239,2011,0.0,6675.0,-1.163278,-1.002332,BFA,SEN,291890
11614268,23,191,6239,2011,655.0,0.0,0.537967,1.520973,BGR,SEN,291890
11614269,43,191,6239,2011,28601.0,0.0,1.072299,1.686826,CHN,SEN,291890
11614270,77,191,6239,2011,6874.0,0.0,1.532054,0.09339299999999999,FRA,SEN,291890
11614271,134,191,6239,2011,1110.0,0.0,-0.485404,0.099828,MAR,SEN,291890
11614272,15,201,6239,2011,674541.0,0.0,1.687634,-0.229095,AUT,SRB,291890
11614273,18,201,6239,2011,1800.0,0.0,1.221703,1.247961,BEL,SRB,291890
11614274,26,201,6239,2011,0.0,1416.0,0.391425,0.6066600000000001,BIH,SRB,291890
11614275,43,201,6239,2011,78644.0,0.0,1.072299,1.686826,CHN,SRB,291890
11614276,61,201,6239,2011,20785.0,0.0,2.074435,-3.440815,DEU,SRB,291890
11614277,77,201,6239,2011,5026.0,0.0,1.532054,0.09339299999999999,FRA,SRB,291890
11614278,104,201,6239,2011,38561.0,0.0,0.18276199999999998,2.398765,IND,SRB,291890
11614279,111,201,6239,2011,4916.0,0.0,1.298751,0.48013599999999995,ITA,SRB,291890
11614280,43,219,6239,2011,245899.0,0.0,1.072299,1.686826,CHN,TKM,291890
11614281,61,232,6239,2011,19102.0,0.0,2.074435,-3.440815,DEU,UZB,291890
11614282,18,239,6239,2011,891.0,0.0,1.221703,1.247961,BEL,VNM,291890
11614283,41,239,6239,2011,14391.0,0.0,2.2644029999999997,0.406131,CHE,VNM,291890
11614284,43,239,6239,2011,772661.0,0.0,1.072299,1.686826,CHN,VNM,291890
11614285,61,239,6239,2011,1586.0,0.0,2.074435,-3.440815,DEU,VNM,291890
11614286,64,239,6239,2011,16685.0,0.0,1.156026,1.2248299999999999,DNK,VNM,291890
11614287,71,239,6239,2011,340132.0,0.0,0.8677290000000001,2.4618450000000003,ESP,VNM,291890
11614288,77,239,6239,2011,13204.0,0.0,1.532054,0.09339299999999999,FRA,VNM,291890
11614289,81,239,6239,2011,50484.0,0.0,1.8048220000000001,0.380141,GBR,VNM,291890
11614290,103,239,6239,2011,47423.0,0.0,-0.234125,1.168384,IDN,VNM,291890
11614291,104,239,6239,2011,19400.0,0.0,0.18276199999999998,2.398765,IND,VNM,291890
11614292,111,239,6239,2011,57237.0,0.0,1.298751,0.48013599999999995,ITA,VNM,291890
11614293,114,239,6239,2011,19999.0,0.0,2.516395,-0.534301,JPN,VNM,291890
11614294,121,239,6239,2011,79922.0,0.0,1.731371,0.8306879999999999,KOR,VNM,291890
11614295,153,239,6239,2011,985.0,0.0,0.9893290000000001,0.632079,MYS,VNM,291890
11614296,177,239,6239,2011,131775.0,0.0,1.133641,1.134203,POL,VNM,291890
11614297,192,239,6239,2011,89034.0,0.0,1.849116,0.52127,SGP,VNM,291890
11614298,231,239,6239,2011,60489.0,0.0,1.6884849999999998,-0.474499,USA,VNM,291890
11614299,249,239,6239,2011,415992.0,0.0,1.803234,0.921233,TWN,VNM,291890
11614300,246,248,6239,2011,13334.0,0.0,0.241792,1.353011,ZAF,ZWE,291890
11614301,231,13,6239,2011,4299.0,0.0,1.6884849999999998,-0.474499,USA,ATG,291890
11614302,77,19,6239,2011,5034.0,0.0,1.532054,0.09339299999999999,FRA,BEN,291890
11614303,157,21,6239,2011,904.0,0.0,-0.85208,-0.731996,NER,BFA,291890
11614304,191,21,6239,2011,6675.0,0.0,-0.624346,-0.308052,SEN,BFA,291890
11614305,61,24,6239,2011,4002.0,0.0,2.074435,-3.440815,DEU,BHR,291890
11614306,104,24,6239,2011,1794.0,0.0,0.18276199999999998,2.398765,IND,BHR,291890
11614307,43,31,6239,2011,16403.0,0.0,1.072299,1.686826,CHN,BOL,291890
11614308,104,31,6239,2011,1489.0,0.0,0.18276199999999998,2.398765,IND,BOL,291890
11614309,246,37,6239,2011,1649.0,0.0,0.241792,1.353011,ZAF,BWA,291890
11614310,18,44,6239,2011,12866.0,0.0,1.221703,1.247961,BEL,CIV,291890
11614311,43,44,6239,2011,42222.0,0.0,1.072299,1.686826,CHN,CIV,291890
11614312,71,44,6239,2011,11308.0,0.0,0.8677290000000001,2.4618450000000003,ESP,CIV,291890
11614313,77,44,6239,2011,9117.0,0.0,1.532054,0.09339299999999999,FRA,CIV,291890
11614314,81,44,6239,2011,2035.0,0.0,1.8048220000000001,0.380141,GBR,CIV,291890
11614315,249,44,6239,2011,11575.0,0.0,1.803234,0.921233,TWN,CIV,291890
11614316,104,45,6239,2011,1276.0,0.0,0.18276199999999998,2.398765,IND,CMR,291890
11614317,43,46,6239,2011,23799.0,0.0,1.072299,1.686826,CHN,COD,291890
11614318,47,46,6239,2011,73723.0,0.0,-0.979359,-1.084589,COG,COD,291890
11614319,46,47,6239,2011,0.0,73723.0,-0.722957,-0.965141,COD,COG,291890
11614320,43,54,6239,2011,1496484.0,0.0,1.072299,1.686826,CHN,CUB,291890
11614321,18,66,6239,2011,6478.0,0.0,1.221703,1.247961,BEL,DZA,291890
11614322,41,66,6239,2011,236018.0,0.0,2.2644029999999997,0.406131,CHE,DZA,291890
11614323,43,66,6239,2011,62730.0,0.0,1.072299,1.686826,CHN,DZA,291890
11614324,61,66,6239,2011,1341.0,0.0,2.074435,-3.440815,DEU,DZA,291890
11614325,71,66,6239,2011,8689.0,0.0,0.8677290000000001,2.4618450000000003,ESP,DZA,291890
11614326,77,66,6239,2011,11503.0,0.0,1.532054,0.09339299999999999,FRA,DZA,291890
11614327,81,66,6239,2011,5540.0,0.0,1.8048220000000001,0.380141,GBR,DZA,291890
11614328,104,66,6239,2011,22656.0,0.0,0.18276199999999998,2.398765,IND,DZA,291890
11614329,111,66,6239,2011,4474.0,0.0,1.298751,0.48013599999999995,ITA,DZA,291890
11614330,231,66,6239,2011,6303.0,0.0,1.6884849999999998,-0.474499,USA,DZA,291890
11614331,18,73,6239,2011,2087.0,0.0,1.221703,1.247961,BEL,ETH,291890
11614332,61,109,6239,2011,3029.0,0.0,2.074435,-3.440815,DEU,ISL,291890
11614333,71,109,6239,2011,29343.0,0.0,0.8677290000000001,2.4618450000000003,ESP,ISL,291890
11614334,134,148,6239,2011,1224.0,0.0,-0.485404,0.099828,MAR,MRT,291890
11614335,43,151,6239,2011,14239.0,0.0,1.072299,1.686826,CHN,MUS,291890
11614336,61,151,6239,2011,1009.0,0.0,2.074435,-3.440815,DEU,MUS,291890
11614337,81,151,6239,2011,2287.0,0.0,1.8048220000000001,0.380141,GBR,MUS,291890
11614338,136,151,6239,2011,0.0,7723.0,-1.040519,-0.404883,MDG,MUS,291890
11614339,246,151,6239,2011,44980.0,0.0,0.241792,1.353011,ZAF,MUS,291890
11614340,246,155,6239,2011,12676.0,0.0,0.241792,1.353011,ZAF,NAM,291890
11614341,21,157,6239,2011,0.0,904.0,-1.163278,-1.002332,BFA,NER,291890
11614342,18,159,6239,2011,45967.0,0.0,1.221703,1.247961,BEL,NGA,291890
11614343,43,159,6239,2011,102975.0,0.0,1.072299,1.686826,CHN,NGA,291890
11614344,81,159,6239,2011,3326.0,0.0,1.8048220000000001,0.380141,GBR,NGA,291890
11614345,104,159,6239,2011,76256.0,0.0,0.18276199999999998,2.398765,IND,NGA,291890
11614346,231,159,6239,2011,19115.0,0.0,1.6884849999999998,-0.474499,USA,NGA,291890
11614347,43,164,6239,2011,29536.0,0.0,1.072299,1.686826,CHN,NPL,291890
11614348,104,164,6239,2011,63872.0,0.0,0.18276199999999998,2.398765,IND,NPL,291890
11614349,166,176,6239,2011,15825.0,0.0,0.372732,0.548601,NZL,PNG,291890
11614350,166,182,6239,2011,9185.0,0.0,0.372732,0.548601,NZL,PYF,291890
11614351,192,209,6239,2011,0.0,9974.0,1.849116,0.52127,SGP,SWZ,291890
11614352,43,212,6239,2011,38933.0,0.0,1.072299,1.686826,CHN,SYR,291890
11614353,61,212,6239,2011,43283.0,0.0,2.074435,-3.440815,DEU,SYR,291890
11614354,71,212,6239,2011,33876.0,0.0,0.8677290000000001,2.4618450000000003,ESP,SYR,291890
11614355,81,212,6239,2011,4398.0,0.0,1.8048220000000001,0.380141,GBR,SYR,291890
11614356,104,212,6239,2011,165245.0,0.0,0.18276199999999998,2.398765,IND,SYR,291890
11614357,231,213,6239,2011,4299.0,0.0,1.6884849999999998,-0.474499,USA,TCA,291890
11614358,43,215,6239,2011,119280.0,0.0,1.072299,1.686826,CHN,TGO,291890
11614359,77,215,6239,2011,0.0,2113.0,1.532054,0.09339299999999999,FRA,TGO,291890
11614360,104,215,6239,2011,1035.0,0.0,0.18276199999999998,2.398765,IND,TGO,291890
11614361,41,223,6239,2011,6362.0,0.0,2.2644029999999997,0.406131,CHE,TUN,291890
11614362,61,223,6239,2011,5326.0,0.0,2.074435,-3.440815,DEU,TUN,291890
11614363,71,223,6239,2011,72649.0,0.0,0.8677290000000001,2.4618450000000003,ESP,TUN,291890
11614364,77,223,6239,2011,24988.0,0.0,1.532054,0.09339299999999999,FRA,TUN,291890
11614365,104,223,6239,2011,19571.0,0.0,0.18276199999999998,2.398765,IND,TUN,291890
11614366,111,223,6239,2011,4237.0,0.0,1.298751,0.48013599999999995,ITA,TUN,291890
11614367,113,223,6239,2011,81648.0,0.0,0.231605,0.47049399999999997,JOR,TUN,291890
11614368,162,223,6239,2011,10931.0,0.0,1.1655229999999999,1.410167,NLD,TUN,291890
11614369,249,223,6239,2011,4427.0,0.0,1.803234,0.921233,TWN,TUN,291890
11614370,43,226,6239,2011,12418.0,0.0,1.072299,1.686826,CHN,TZA,291890
11614371,104,226,6239,2011,2341.0,0.0,0.18276199999999998,2.398765,IND,TZA,291890
11614372,116,226,6239,2011,1764.0,0.0,-0.48319300000000004,0.346927,KEN,TZA,291890
11614373,162,226,6239,2011,28256.0,0.0,1.1655229999999999,1.410167,NLD,TZA,291890
11614374,246,226,6239,2011,24136.0,0.0,0.241792,1.353011,ZAF,TZA,291890
11614375,246,227,6239,2011,1811.0,0.0,0.241792,1.353011,ZAF,UGA,291890
11614376,49,237,6239,2011,0.0,10780.0,0.14336600000000002,-0.22996,COL,VGB,291890
11614377,246,247,6239,2011,4145.0,0.0,0.241792,1.353011,ZAF,ZMB,291890
11614378,52,127,6239,2011,1195.0,0.0,0.04325,-0.553193,CRI,LCA,291890
11614379,43,9,6239,2011,2270.0,0.0,1.072299,1.686826,CHN,ARM,291890
11614380,71,9,6239,2011,872.0,0.0,0.8677290000000001,2.4618450000000003,ESP,ARM,291890
11614381,114,9,6239,2011,0.0,2731.0,2.516395,-0.534301,JPN,ARM,291890
11614382,246,196,6239,2011,6019.0,0.0,0.241792,1.353011,ZAF,SLE,291890
11614383,104,152,6239,2011,2944.0,0.0,0.18276199999999998,2.398765,IND,MWI,291890
11614384,246,152,6239,2011,28703.0,0.0,0.241792,1.353011,ZAF,MWI,291890
11614385,61,34,6239,2011,2765.0,0.0,2.074435,-3.440815,DEU,BRN,291890
11614386,14,75,6239,2011,7244.0,0.0,-0.138148,0.002999,AUS,FJI,291890
11614387,166,75,6239,2011,31473.0,0.0,0.372732,0.548601,NZL,FJI,291890
11614388,81,87,6239,2011,2050.0,0.0,1.8048220000000001,0.380141,GBR,GMB,291890
11614389,151,136,6239,2011,7723.0,0.0,-0.09464600000000001,0.091177,MUS,MDG,291890
11614390,81,156,6239,2011,25203.0,0.0,1.8048220000000001,0.380141,GBR,NCL,291890
11614391,166,156,6239,2011,2587.0,0.0,0.372732,0.548601,NZL,NCL,291890
11614392,241,156,6239,2011,0.0,1118.0,0.512842,-0.681142,WLF,NCL,291890
11614393,93,160,6239,2011,64788.0,0.0,-0.329497,0.775369,GTM,NIC,291890
11614394,104,160,6239,2011,5957.0,0.0,0.18276199999999998,2.398765,IND,NIC,291890
11614395,121,160,6239,2011,1124.0,0.0,1.731371,0.8306879999999999,KOR,NIC,291890
11614396,43,181,6239,2011,7397.0,0.0,1.072299,1.686826,CHN,PSE,291890
11614397,166,242,6239,2011,5203.0,0.0,0.372732,0.548601,NZL,WSM,291890
11614398,162,101,6239,2011,7273.0,0.0,1.1655229999999999,1.410167,NLD,HTI,291890
11614399,166,221,6239,2011,3027.0,0.0,0.372732,0.548601,NZL,TON,291890
11614400,77,5,6239,2011,1462.0,0.0,1.532054,0.09339299999999999,FRA,AND,291890
11614401,156,241,6239,2011,1118.0,0.0,-0.976349,-0.798691,NCL,WLF,291890
11614402,43,7,6241,2011,592289.0,0.0,1.072299,1.686826,CHN,ARE,292010
11614403,104,7,6241,2011,0.0,81194.0,0.18276199999999998,2.398765,IND,ARE,292010
11614404,32,8,6241,2011,1296.0,0.0,0.27718400000000004,0.5674319999999999,BRA,ARG,292010
11614405,42,8,6241,2011,0.0,2167.0,-0.199877,-0.353009,CHL,ARG,292010
11614406,43,8,6241,2011,44480.0,0.0,1.072299,1.686826,CHN,ARG,292010
11614407,61,8,6241,2011,27214.0,0.0,2.074435,-3.440815,DEU,ARG,292010
11614408,64,8,6241,2011,9740.0,0.0,1.156026,1.2248299999999999,DNK,ARG,292010
11614409,77,8,6241,2011,10715.0,0.0,1.532054,0.09339299999999999,FRA,ARG,292010
11614410,114,8,6241,2011,367988.0,0.0,2.516395,-0.534301,JPN,ARG,292010
11614411,173,8,6241,2011,0.0,475418.0,-0.455977,0.442543,PER,ARG,292010
11614412,231,8,6241,2011,2953.0,0.0,1.6884849999999998,-0.474499,USA,ARG,292010
11614413,23,15,6241,2011,0.0,5707.0,0.537967,1.520973,BGR,AUT,292010
11614414,43,15,6241,2011,16307.0,0.0,1.072299,1.686826,CHN,AUT,292010
11614415,61,15,6241,2011,6618.0,0.0,2.074435,-3.440815,DEU,AUT,292010
11614416,111,15,6241,2011,58129.0,0.0,1.298751,0.48013599999999995,ITA,AUT,292010
11614417,224,16,6241,2011,1665070.0,0.0,0.45775,2.4316259999999996,TUR,AZE,292010
11614418,14,18,6241,2011,0.0,11158.0,-0.138148,0.002999,AUS,BEL,292010
11614419,23,18,6241,2011,0.0,3314.0,0.537967,1.520973,BGR,BEL,292010
11614420,32,18,6241,2011,0.0,63008.0,0.27718400000000004,0.5674319999999999,BRA,BEL,292010
11614421,41,18,6241,2011,0.0,1147.0,2.2644029999999997,0.406131,CHE,BEL,292010
11614422,44,18,6241,2011,0.0,414564.0,-1.069474,-0.867439,CIV,BEL,292010
11614423,47,18,6241,2011,0.0,8861.0,-0.979359,-1.084589,COG,BEL,292010
11614424,61,18,6241,2011,877240.0,1265311.0,2.074435,-3.440815,DEU,BEL,292010
11614425,71,18,6241,2011,0.0,631356.0,0.8677290000000001,2.4618450000000003,ESP,BEL,292010
11614426,74,18,6241,2011,0.0,3820.0,1.7488830000000002,0.890934,FIN,BEL,292010
11614427,77,18,6241,2011,39194.0,1465956.0,1.532054,0.09339299999999999,FRA,BEL,292010
11614428,97,18,6241,2011,0.0,16080.0,0.663588,1.902118,HKG,BEL,292010
11614429,102,18,6241,2011,0.0,292812.0,1.486592,0.805642,HUN,BEL,292010
11614430,104,18,6241,2011,835635.0,0.0,0.18276199999999998,2.398765,IND,BEL,292010
11614431,107,18,6241,2011,0.0,114596.0,-0.915379,-0.973194,IRN,BEL,292010
11614432,111,18,6241,2011,0.0,367833.0,1.298751,0.48013599999999995,ITA,BEL,292010
11614433,114,18,6241,2011,3271990.0,10379.0,2.516395,-0.534301,JPN,BEL,292010
11614434,162,18,6241,2011,10900.0,21795.0,1.1655229999999999,1.410167,NLD,BEL,292010
11614435,192,18,6241,2011,0.0,13018.0,1.849116,0.52127,SGP,BEL,292010
11614436,224,18,6241,2011,0.0,7296.0,0.45775,2.4316259999999996,TUR,BEL,292010
11614437,231,18,6241,2011,801664.0,0.0,1.6884849999999998,-0.474499,USA,BEL,292010
11614438,246,18,6241,2011,0.0,5616.0,0.241792,1.353011,ZAF,BEL,292010
11614439,15,23,6241,2011,5707.0,0.0,1.687634,-0.229095,AUT,BGR,292010
11614440,18,23,6241,2011,3314.0,0.0,1.221703,1.247961,BEL,BGR,292010
11614441,61,23,6241,2011,174538.0,0.0,2.074435,-3.440815,DEU,BGR,292010
11614442,71,23,6241,2011,52396.0,0.0,0.8677290000000001,2.4618450000000003,ESP,BGR,292010
11614443,77,23,6241,2011,141028.0,0.0,1.532054,0.09339299999999999,FRA,BGR,292010
11614444,81,23,6241,2011,2015.0,0.0,1.8048220000000001,0.380141,GBR,BGR,292010
11614445,90,23,6241,2011,4694.0,0.0,0.138679,1.30044,GRC,BGR,292010
11614446,177,23,6241,2011,35404.0,0.0,1.133641,1.134203,POL,BGR,292010
11614447,8,32,6241,2011,0.0,1296.0,0.240494,0.540376,ARG,BRA,292010
11614448,18,32,6241,2011,63008.0,0.0,1.221703,1.247961,BEL,BRA,292010
11614449,41,32,6241,2011,8277.0,0.0,2.2644029999999997,0.406131,CHE,BRA,292010
11614450,42,32,6241,2011,19953.0,0.0,-0.199877,-0.353009,CHL,BRA,292010
11614451,43,32,6241,2011,2348566.0,0.0,1.072299,1.686826,CHN,BRA,292010
11614452,61,32,6241,2011,3278.0,0.0,2.074435,-3.440815,DEU,BRA,292010
11614453,64,32,6241,2011,547625.0,0.0,1.156026,1.2248299999999999,DNK,BRA,292010
11614454,104,32,6241,2011,16504.0,0.0,0.18276199999999998,2.398765,IND,BRA,292010
11614455,114,32,6241,2011,2180718.0,0.0,2.516395,-0.534301,JPN,BRA,292010
11614456,222,32,6241,2011,0.0,2513.0,-0.44228,-1.031793,TTO,BRA,292010
11614457,231,32,6241,2011,1171331.0,25390.0,1.6884849999999998,-0.474499,USA,BRA,292010
11614458,43,39,6241,2011,113626.0,0.0,1.072299,1.686826,CHN,CAN,292010
11614459,61,39,6241,2011,1140.0,0.0,2.074435,-3.440815,DEU,CAN,292010
11614460,64,39,6241,2011,152516.0,0.0,1.156026,1.2248299999999999,DNK,CAN,292010
11614461,77,39,6241,2011,46927.0,0.0,1.532054,0.09339299999999999,FRA,CAN,292010
11614462,138,39,6241,2011,60660.0,0.0,0.9534600000000001,0.706982,MEX,CAN,292010
11614463,231,39,6241,2011,166254.0,17503.0,1.6884849999999998,-0.474499,USA,CAN,292010
11614464,18,41,6241,2011,1147.0,0.0,1.221703,1.247961,BEL,CHE,292010
11614465,32,41,6241,2011,0.0,8277.0,0.27718400000000004,0.5674319999999999,BRA,CHE,292010
11614466,43,41,6241,2011,2785.0,0.0,1.072299,1.686826,CHN,CHE,292010
11614467,61,41,6241,2011,596785.0,15404.0,2.074435,-3.440815,DEU,CHE,292010
11614468,77,41,6241,2011,10736.0,0.0,1.532054,0.09339299999999999,FRA,CHE,292010
11614469,174,41,6241,2011,0.0,50809.0,0.364707,0.322626,PHL,CHE,292010
11614470,8,42,6241,2011,2167.0,0.0,0.240494,0.540376,ARG,CHL,292010
11614471,32,42,6241,2011,0.0,19953.0,0.27718400000000004,0.5674319999999999,BRA,CHL,292010
11614472,43,42,6241,2011,55237.0,0.0,1.072299,1.686826,CHN,CHL,292010
11614473,114,42,6241,2011,43422.0,0.0,2.516395,-0.534301,JPN,CHL,292010
11614474,138,42,6241,2011,316876.0,0.0,0.9534600000000001,0.706982,MEX,CHL,292010
11614475,231,42,6241,2011,450233.0,0.0,1.6884849999999998,-0.474499,USA,CHL,292010
11614476,7,43,6241,2011,0.0,592289.0,0.030652,-0.450808,ARE,CHN,292010
11614477,8,43,6241,2011,0.0,44480.0,0.240494,0.540376,ARG,CHN,292010
11614478,9,43,6241,2011,0.0,7144.0,0.543397,-0.029376999999999997,ARM,CHN,292010
11614479,14,43,6241,2011,0.0,248183.0,-0.138148,0.002999,AUS,CHN,292010
11614480,15,43,6241,2011,0.0,16307.0,1.687634,-0.229095,AUT,CHN,292010
11614481,32,43,6241,2011,0.0,2348566.0,0.27718400000000004,0.5674319999999999,BRA,CHN,292010
11614482,39,43,6241,2011,0.0,113626.0,0.754813,1.1967290000000002,CAN,CHN,292010
11614483,41,43,6241,2011,0.0,2785.0,2.2644029999999997,0.406131,CHE,CHN,292010
11614484,42,43,6241,2011,0.0,55237.0,-0.199877,-0.353009,CHL,CHN,292010
11614485,49,43,6241,2011,0.0,168413.0,0.14336600000000002,-0.22996,COL,CHN,292010
11614486,52,43,6241,2011,0.0,7697.0,0.04325,-0.553193,CRI,CHN,292010
11614487,61,43,6241,2011,1182327.0,210921.0,2.074435,-3.440815,DEU,CHN,292010
11614488,65,43,6241,2011,0.0,1089988.0,-0.260653,0.5682010000000001,DOM,CHN,292010
11614489,66,43,6241,2011,0.0,151833.0,-1.36763,-1.140594,DZA,CHN,292010
11614490,68,43,6241,2011,0.0,219344.0,-0.166243,1.384719,EGY,CHN,292010
11614491,73,43,6241,2011,0.0,123295.0,-1.258175,-0.920692,ETH,CHN,292010
11614492,77,43,6241,2011,534136.0,66988.0,1.532054,0.09339299999999999,FRA,CHN,292010
11614493,81,43,6241,2011,0.0,1201000.0,1.8048220000000001,0.380141,GBR,CHN,292010
11614494,82,43,6241,2011,0.0,9680.0,-0.07754,-0.35434699999999997,GEO,CHN,292010
11614495,83,43,6241,2011,0.0,329930.0,-0.8627319999999999,-0.608823,GHA,CHN,292010
11614496,93,43,6241,2011,0.0,91799.0,-0.329497,0.775369,GTM,CHN,292010
11614497,97,43,6241,2011,0.0,181544.0,0.663588,1.902118,HKG,CHN,292010
11614498,103,43,6241,2011,0.0,13005.0,-0.234125,1.168384,IDN,CHN,292010
11614499,104,43,6241,2011,0.0,7409778.0,0.18276199999999998,2.398765,IND,CHN,292010
11614500,107,43,6241,2011,0.0,2609211.0,-0.915379,-0.973194,IRN,CHN,292010
11614501,111,43,6241,2011,0.0,15910.0,1.298751,0.48013599999999995,ITA,CHN,292010
11614502,113,43,6241,2011,0.0,7155.0,0.231605,0.47049399999999997,JOR,CHN,292010
11614503,114,43,6241,2011,206445.0,194829.0,2.516395,-0.534301,JPN,CHN,292010
11614504,115,43,6241,2011,0.0,181831.0,-0.514687,-0.775671,KAZ,CHN,292010
11614505,117,43,6241,2011,0.0,8873.0,-0.323348,0.164469,KGZ,CHN,292010
11614506,121,43,6241,2011,2798.0,903413.0,1.731371,0.8306879999999999,KOR,CHN,292010
11614507,134,43,6241,2011,0.0,32280.0,-0.485404,0.099828,MAR,CHN,292010
11614508,138,43,6241,2011,0.0,14581.0,0.9534600000000001,0.706982,MEX,CHN,292010
11614509,143,43,6241,2011,0.0,60649.0,-1.3557190000000001,-0.929934,MMR,CHN,292010
11614510,144,43,6241,2011,0.0,3103.0,0.149559,0.024935,MNE,CHN,292010
11614511,145,43,6241,2011,0.0,22938.0,-1.0869389999999999,-1.107693,MNG,CHN,292010
11614512,148,43,6241,2011,0.0,27007.0,-1.2593379999999998,-1.1793209999999998,MRT,CHN,292010
11614513,152,43,6241,2011,0.0,103986.0,-1.100291,-0.982559,MWI,CHN,292010
11614514,153,43,6241,2011,0.0,482154.0,0.9893290000000001,0.632079,MYS,CHN,292010
11614515,159,43,6241,2011,0.0,88160.0,-1.699286,-1.15511,NGA,CHN,292010
11614516,162,43,6241,2011,0.0,21184.0,1.1655229999999999,1.410167,NLD,CHN,292010
11614517,164,43,6241,2011,0.0,25333.0,-0.242299,0.801966,NPL,CHN,292010
11614518,167,43,6241,2011,0.0,25132.0,-0.473703,-0.952491,OMN,CHN,292010
11614519,168,43,6241,2011,0.0,35668.0,-0.729677,0.6026729999999999,PAK,CHN,292010
11614520,173,43,6241,2011,0.0,90793.0,-0.455977,0.442543,PER,CHN,292010
11614521,174,43,6241,2011,0.0,40162.0,0.364707,0.322626,PHL,CHN,292010
11614522,176,43,6241,2011,0.0,172665.0,-1.1111659999999999,-0.9458610000000001,PNG,CHN,292010
11614523,177,43,6241,2011,0.0,100397.0,1.133641,1.134203,POL,CHN,292010
11614524,178,43,6241,2011,0.0,471772.0,-0.024317,-0.154781,PRK,CHN,292010
11614525,185,43,6241,2011,0.0,45178.0,0.722,1.296655,ROU,CHN,292010
11614526,186,43,6241,2011,0.0,283611.0,0.47319399999999995,-0.20801599999999998,RUS,CHN,292010
11614527,188,43,6241,2011,0.0,794287.0,0.354045,-0.800028,SAU,CHN,292010
11614528,192,43,6241,2011,0.0,341850.0,1.849116,0.52127,SGP,CHN,292010
11614529,197,43,6241,2011,0.0,1394.0,-0.09713200000000001,0.20772600000000002,SLV,CHN,292010
11614530,201,43,6241,2011,0.0,78585.0,0.49055699999999997,1.5601399999999999,SRB,CHN,292010
11614531,212,43,6241,2011,0.0,12977.0,-0.604133,0.5268970000000001,SYR,CHN,292010
11614532,216,43,6241,2011,0.0,599775.0,0.889009,1.503118,THA,CHN,292010
11614533,217,43,6241,2011,0.0,100411.0,-0.975877,-1.021684,TJK,CHN,292010
11614534,223,43,6241,2011,0.0,742767.0,0.151221,1.1252360000000001,TUN,CHN,292010
11614535,224,43,6241,2011,0.0,325142.0,0.45775,2.4316259999999996,TUR,CHN,292010
11614536,230,43,6241,2011,0.0,42915.0,0.313195,0.042866,URY,CHN,292010
11614537,231,43,6241,2011,68598.0,15621559.0,1.6884849999999998,-0.474499,USA,CHN,292010
11614538,236,43,6241,2011,0.0,35888.0,-0.841147,-1.095636,VEN,CHN,292010
11614539,239,43,6241,2011,0.0,775538.0,-0.184453,1.637207,VNM,CHN,292010
11614540,246,43,6241,2011,0.0,303630.0,0.241792,1.353011,ZAF,CHN,292010
11614541,247,43,6241,2011,0.0,10962.0,-0.7599,-0.941019,ZMB,CHN,292010
11614542,248,43,6241,2011,0.0,2301.0,-0.858662,-0.8632719999999999,ZWE,CHN,292010
11614543,249,43,6241,2011,0.0,226858.0,1.803234,0.921233,TWN,CHN,292010
11614544,43,49,6241,2011,168413.0,0.0,1.072299,1.686826,CHN,COL,292010
11614545,52,49,6241,2011,0.0,24013.0,0.04325,-0.553193,CRI,COL,292010
11614546,71,49,6241,2011,60452.0,0.0,0.8677290000000001,2.4618450000000003,ESP,COL,292010
11614547,104,49,6241,2011,103331.0,0.0,0.18276199999999998,2.398765,IND,COL,292010
11614548,114,49,6241,2011,144819.0,0.0,2.516395,-0.534301,JPN,COL,292010
11614549,138,49,6241,2011,30862.0,0.0,0.9534600000000001,0.706982,MEX,COL,292010
11614550,43,52,6241,2011,7697.0,0.0,1.072299,1.686826,CHN,CRI,292010
11614551,49,52,6241,2011,24013.0,0.0,0.14336600000000002,-0.22996,COL,CRI,292010
11614552,93,52,6241,2011,0.0,54013.0,-0.329497,0.775369,GTM,CRI,292010
11614553,61,59,6241,2011,1075.0,0.0,2.074435,-3.440815,DEU,CZE,292010
11614554,8,61,6241,2011,0.0,27214.0,0.240494,0.540376,ARG,DEU,292010
11614555,14,61,6241,2011,0.0,1937.0,-0.138148,0.002999,AUS,DEU,292010
11614556,15,61,6241,2011,0.0,6618.0,1.687634,-0.229095,AUT,DEU,292010
11614557,18,61,6241,2011,1265311.0,877240.0,1.221703,1.247961,BEL,DEU,292010
11614558,23,61,6241,2011,0.0,174538.0,0.537967,1.520973,BGR,DEU,292010
11614559,32,61,6241,2011,0.0,3278.0,0.27718400000000004,0.5674319999999999,BRA,DEU,292010
11614560,39,61,6241,2011,0.0,1140.0,0.754813,1.1967290000000002,CAN,DEU,292010
11614561,41,61,6241,2011,15404.0,596785.0,2.2644029999999997,0.406131,CHE,DEU,292010
11614562,43,61,6241,2011,210921.0,1182327.0,1.072299,1.686826,CHN,DEU,292010
11614563,59,61,6241,2011,0.0,1075.0,1.737788,0.14741600000000002,CZE,DEU,292010
11614564,64,61,6241,2011,1079834.0,214042.0,1.156026,1.2248299999999999,DNK,DEU,292010
11614565,66,61,6241,2011,0.0,31874.0,-1.36763,-1.140594,DZA,DEU,292010
11614566,71,61,6241,2011,0.0,427271.0,0.8677290000000001,2.4618450000000003,ESP,DEU,292010
11614567,77,61,6241,2011,6358010.0,1668910.0,1.532054,0.09339299999999999,FRA,DEU,292010
11614568,81,61,6241,2011,3673.0,116036.0,1.8048220000000001,0.380141,GBR,DEU,292010
11614569,90,61,6241,2011,0.0,2910.0,0.138679,1.30044,GRC,DEU,292010
11614570,93,61,6241,2011,0.0,4727.0,-0.329497,0.775369,GTM,DEU,292010
11614571,97,61,6241,2011,0.0,52545.0,0.663588,1.902118,HKG,DEU,292010
11614572,102,61,6241,2011,0.0,7607.0,1.486592,0.805642,HUN,DEU,292010
11614573,104,61,6241,2011,96400.0,28356.0,0.18276199999999998,2.398765,IND,DEU,292010
11614574,107,61,6241,2011,0.0,5049.0,-0.915379,-0.973194,IRN,DEU,292010
11614575,110,61,6241,2011,0.0,955.0,1.324384,0.714611,ISR,DEU,292010
11614576,111,61,6241,2011,0.0,397704.0,1.298751,0.48013599999999995,ITA,DEU,292010
11614577,114,61,6241,2011,946738.0,646727.0,2.516395,-0.534301,JPN,DEU,292010
11614578,117,61,6241,2011,0.0,170881.0,-0.323348,0.164469,KGZ,DEU,292010
11614579,121,61,6241,2011,9855.0,58847.0,1.731371,0.8306879999999999,KOR,DEU,292010
11614580,138,61,6241,2011,0.0,55895.0,0.9534600000000001,0.706982,MEX,DEU,292010
11614581,140,61,6241,2011,0.0,40708.0,-0.12310499999999999,0.16392,MKD,DEU,292010
11614582,162,61,6241,2011,2319.0,235444.0,1.1655229999999999,1.410167,NLD,DEU,292010
11614583,173,61,6241,2011,0.0,1034.0,-0.455977,0.442543,PER,DEU,292010
11614584,174,61,6241,2011,0.0,252234.0,0.364707,0.322626,PHL,DEU,292010
11614585,177,61,6241,2011,0.0,140220.0,1.133641,1.134203,POL,DEU,292010
11614586,186,61,6241,2011,0.0,8231.0,0.47319399999999995,-0.20801599999999998,RUS,DEU,292010
11614587,192,61,6241,2011,0.0,208521.0,1.849116,0.52127,SGP,DEU,292010
11614588,208,61,6241,2011,0.0,148113.0,1.857146,0.366159,SWE,DEU,292010
11614589,216,61,6241,2011,0.0,27283.0,0.889009,1.503118,THA,DEU,292010
11614590,224,61,6241,2011,0.0,110546.0,0.45775,2.4316259999999996,TUR,DEU,292010
11614591,231,61,6241,2011,548802.0,1451389.0,1.6884849999999998,-0.474499,USA,DEU,292010
11614592,246,61,6241,2011,0.0,56926.0,0.241792,1.353011,ZAF,DEU,292010
11614593,249,61,6241,2011,0.0,2497.0,1.803234,0.921233,TWN,DEU,292010
11614594,8,64,6241,2011,0.0,9740.0,0.240494,0.540376,ARG,DNK,292010
11614595,9,64,6241,2011,0.0,23533.0,0.543397,-0.029376999999999997,ARM,DNK,292010
11614596,14,64,6241,2011,0.0,101251.0,-0.138148,0.002999,AUS,DNK,292010
11614597,32,64,6241,2011,0.0,547625.0,0.27718400000000004,0.5674319999999999,BRA,DNK,292010
11614598,39,64,6241,2011,0.0,152516.0,0.754813,1.1967290000000002,CAN,DNK,292010
11614599,61,64,6241,2011,214042.0,1079834.0,2.074435,-3.440815,DEU,DNK,292010
11614600,74,64,6241,2011,0.0,40500.0,1.7488830000000002,0.890934,FIN,DNK,292010
11614601,77,64,6241,2011,97513.0,392445.0,1.532054,0.09339299999999999,FRA,DNK,292010
11614602,81,64,6241,2011,0.0,1676978.0,1.8048220000000001,0.380141,GBR,DNK,292010
11614603,104,64,6241,2011,0.0,190898.0,0.18276199999999998,2.398765,IND,DNK,292010
11614604,106,64,6241,2011,0.0,175627.0,1.403182,0.290245,IRL,DNK,292010
11614605,114,64,6241,2011,0.0,452932.0,2.516395,-0.534301,JPN,DNK,292010
11614606,115,64,6241,2011,0.0,204486.0,-0.514687,-0.775671,KAZ,DNK,292010
11614607,121,64,6241,2011,0.0,49682.0,1.731371,0.8306879999999999,KOR,DNK,292010
11614608,124,64,6241,2011,0.0,73810.0,0.278393,1.2962879999999999,LBN,DNK,292010
11614609,138,64,6241,2011,0.0,1440368.0,0.9534600000000001,0.706982,MEX,DNK,292010
11614610,177,64,6241,2011,0.0,641883.0,1.133641,1.134203,POL,DNK,292010
11614611,186,64,6241,2011,0.0,1430478.0,0.47319399999999995,-0.20801599999999998,RUS,DNK,292010
11614612,201,64,6241,2011,0.0,117818.0,0.49055699999999997,1.5601399999999999,SRB,DNK,292010
11614613,224,64,6241,2011,0.0,36436.0,0.45775,2.4316259999999996,TUR,DNK,292010
11614614,230,64,6241,2011,0.0,14712.0,0.313195,0.042866,URY,DNK,292010
11614615,231,64,6241,2011,0.0,9454271.0,1.6884849999999998,-0.474499,USA,DNK,292010
11614616,249,64,6241,2011,0.0,351043.0,1.803234,0.921233,TWN,DNK,292010
11614617,43,65,6241,2011,1089988.0,0.0,1.072299,1.686826,CHN,DOM,292010
11614618,231,65,6241,2011,388949.0,0.0,1.6884849999999998,-0.474499,USA,DOM,292010
11614619,231,67,6241,2011,3249.0,0.0,1.6884849999999998,-0.474499,USA,ECU,292010
11614620,18,71,6241,2011,631356.0,0.0,1.221703,1.247961,BEL,ESP,292010
11614621,23,71,6241,2011,0.0,52396.0,0.537967,1.520973,BGR,ESP,292010
11614622,49,71,6241,2011,0.0,60452.0,0.14336600000000002,-0.22996,COL,ESP,292010
11614623,61,71,6241,2011,427271.0,0.0,2.074435,-3.440815,DEU,ESP,292010
11614624,66,71,6241,2011,0.0,19574.0,-1.36763,-1.140594,DZA,ESP,292010
11614625,77,71,6241,2011,5739.0,0.0,1.532054,0.09339299999999999,FRA,ESP,292010
11614626,104,71,6241,2011,118200.0,0.0,0.18276199999999998,2.398765,IND,ESP,292010
11614627,114,71,6241,2011,853886.0,0.0,2.516395,-0.534301,JPN,ESP,292010
11614628,162,71,6241,2011,72728.0,0.0,1.1655229999999999,1.410167,NLD,ESP,292010
11614629,179,71,6241,2011,0.0,8382.0,0.558481,2.7056240000000003,PRT,ESP,292010
11614630,231,71,6241,2011,187269.0,0.0,1.6884849999999998,-0.474499,USA,ESP,292010
11614631,18,74,6241,2011,3820.0,0.0,1.221703,1.247961,BEL,FIN,292010
11614632,64,74,6241,2011,40500.0,0.0,1.156026,1.2248299999999999,DNK,FIN,292010
11614633,77,74,6241,2011,15367.0,0.0,1.532054,0.09339299999999999,FRA,FIN,292010
11614634,8,77,6241,2011,0.0,10715.0,0.240494,0.540376,ARG,FRA,292010
11614635,18,77,6241,2011,1465956.0,39194.0,1.221703,1.247961,BEL,FRA,292010
11614636,23,77,6241,2011,0.0,141028.0,0.537967,1.520973,BGR,FRA,292010
11614637,39,77,6241,2011,0.0,46927.0,0.754813,1.1967290000000002,CAN,FRA,292010
11614638,41,77,6241,2011,0.0,10736.0,2.2644029999999997,0.406131,CHE,FRA,292010
11614639,43,77,6241,2011,66988.0,534136.0,1.072299,1.686826,CHN,FRA,292010
11614640,47,77,6241,2011,0.0,932.0,-0.979359,-1.084589,COG,FRA,292010
11614641,61,77,6241,2011,1668910.0,6358010.0,2.074435,-3.440815,DEU,FRA,292010
11614642,64,77,6241,2011,392445.0,97513.0,1.156026,1.2248299999999999,DNK,FRA,292010
11614643,66,77,6241,2011,0.0,164866.0,-1.36763,-1.140594,DZA,FRA,292010
11614644,71,77,6241,2011,0.0,5739.0,0.8677290000000001,2.4618450000000003,ESP,FRA,292010
11614645,74,77,6241,2011,0.0,15367.0,1.7488830000000002,0.890934,FIN,FRA,292010
11614646,81,77,6241,2011,12199.0,0.0,1.8048220000000001,0.380141,GBR,FRA,292010
11614647,102,77,6241,2011,0.0,3107.0,1.486592,0.805642,HUN,FRA,292010
11614648,104,77,6241,2011,0.0,19209.0,0.18276199999999998,2.398765,IND,FRA,292010
11614649,111,77,6241,2011,0.0,168556.0,1.298751,0.48013599999999995,ITA,FRA,292010
11614650,114,77,6241,2011,453373.0,756079.0,2.516395,-0.534301,JPN,FRA,292010
11614651,121,77,6241,2011,0.0,41021.0,1.731371,0.8306879999999999,KOR,FRA,292010
11614652,138,77,6241,2011,0.0,54583.0,0.9534600000000001,0.706982,MEX,FRA,292010
11614653,162,77,6241,2011,0.0,3228.0,1.1655229999999999,1.410167,NLD,FRA,292010
11614654,186,77,6241,2011,0.0,7278.0,0.47319399999999995,-0.20801599999999998,RUS,FRA,292010
11614655,192,77,6241,2011,0.0,172729.0,1.849116,0.52127,SGP,FRA,292010
11614656,216,77,6241,2011,0.0,24574.0,0.889009,1.503118,THA,FRA,292010
11614657,223,77,6241,2011,0.0,123560.0,0.151221,1.1252360000000001,TUN,FRA,292010
11614658,224,77,6241,2011,0.0,115048.0,0.45775,2.4316259999999996,TUR,FRA,292010
11614659,231,77,6241,2011,1176618.0,157037.0,1.6884849999999998,-0.474499,USA,FRA,292010
11614660,239,77,6241,2011,0.0,5309.0,-0.184453,1.637207,VNM,FRA,292010
11614661,246,77,6241,2011,0.0,25999.0,0.241792,1.353011,ZAF,FRA,292010
11614662,23,81,6241,2011,0.0,2015.0,0.537967,1.520973,BGR,GBR,292010
11614663,43,81,6241,2011,1201000.0,0.0,1.072299,1.686826,CHN,GBR,292010
11614664,61,81,6241,2011,116036.0,3673.0,2.074435,-3.440815,DEU,GBR,292010
11614665,64,81,6241,2011,1676978.0,0.0,1.156026,1.2248299999999999,DNK,GBR,292010
11614666,73,81,6241,2011,0.0,3650.0,-1.258175,-0.920692,ETH,GBR,292010
11614667,77,81,6241,2011,0.0,12199.0,1.532054,0.09339299999999999,FRA,GBR,292010
11614668,97,81,6241,2011,1947.0,0.0,0.663588,1.902118,HKG,GBR,292010
11614669,109,81,6241,2011,0.0,2081.0,0.284202,-0.23753000000000002,ISL,GBR,292010
11614670,114,81,6241,2011,0.0,4130.0,2.516395,-0.534301,JPN,GBR,292010
11614671,126,81,6241,2011,0.0,43828.0,-1.680464,-1.148511,LBY,GBR,292010
11614672,140,81,6241,2011,0.0,58054.0,-0.12310499999999999,0.16392,MKD,GBR,292010
11614673,162,81,6241,2011,3712.0,0.0,1.1655229999999999,1.410167,NLD,GBR,292010
11614674,188,81,6241,2011,0.0,5596.0,0.354045,-0.800028,SAU,GBR,292010
11614675,224,81,6241,2011,0.0,134363.0,0.45775,2.4316259999999996,TUR,GBR,292010
11614676,231,81,6241,2011,269264.0,72435.0,1.6884849999999998,-0.474499,USA,GBR,292010
11614677,239,81,6241,2011,0.0,8217.0,-0.184453,1.637207,VNM,GBR,292010
11614678,249,81,6241,2011,0.0,2508.0,1.803234,0.921233,TWN,GBR,292010
11614679,23,90,6241,2011,0.0,4694.0,0.537967,1.520973,BGR,GRC,292010
11614680,61,90,6241,2011,2910.0,0.0,2.074435,-3.440815,DEU,GRC,292010
11614681,43,93,6241,2011,91799.0,0.0,1.072299,1.686826,CHN,GTM,292010
11614682,52,93,6241,2011,54013.0,0.0,0.04325,-0.553193,CRI,GTM,292010
11614683,61,93,6241,2011,4727.0,0.0,2.074435,-3.440815,DEU,GTM,292010
11614684,99,93,6241,2011,0.0,144395.0,-0.740241,-0.311952,HND,GTM,292010
11614685,169,93,6241,2011,8947.0,19990.0,0.786135,1.061008,PAN,GTM,292010
11614686,192,93,6241,2011,55150.0,0.0,1.849116,0.52127,SGP,GTM,292010
11614687,231,93,6241,2011,51075.0,0.0,1.6884849999999998,-0.474499,USA,GTM,292010
11614688,18,97,6241,2011,16080.0,0.0,1.221703,1.247961,BEL,HKG,292010
11614689,43,97,6241,2011,181544.0,0.0,1.072299,1.686826,CHN,HKG,292010
11614690,61,97,6241,2011,52545.0,0.0,2.074435,-3.440815,DEU,HKG,292010
11614691,81,97,6241,2011,0.0,1947.0,1.8048220000000001,0.380141,GBR,HKG,292010
11614692,231,97,6241,2011,43427.0,0.0,1.6884849999999998,-0.474499,USA,HKG,292010
11614693,93,99,6241,2011,144395.0,0.0,-0.329497,0.775369,GTM,HND,292010
11614694,43,103,6241,2011,13005.0,0.0,1.072299,1.686826,CHN,IDN,292010
11614695,104,103,6241,2011,51676.0,77434.0,0.18276199999999998,2.398765,IND,IDN,292010
11614696,114,103,6241,2011,36200.0,0.0,2.516395,-0.534301,JPN,IDN,292010
11614697,121,103,6241,2011,316212.0,0.0,1.731371,0.8306879999999999,KOR,IDN,292010
11614698,143,103,6241,2011,0.0,11765.0,-1.3557190000000001,-0.929934,MMR,IDN,292010
11614699,192,103,6241,2011,6922.0,0.0,1.849116,0.52127,SGP,IDN,292010
11614700,231,103,6241,2011,61622.0,0.0,1.6884849999999998,-0.474499,USA,IDN,292010
11614701,249,103,6241,2011,93994.0,0.0,1.803234,0.921233,TWN,IDN,292010
11614702,7,104,6241,2011,81194.0,0.0,0.030652,-0.450808,ARE,IND,292010
11614703,18,104,6241,2011,0.0,835635.0,1.221703,1.247961,BEL,IND,292010
11614704,32,104,6241,2011,0.0,16504.0,0.27718400000000004,0.5674319999999999,BRA,IND,292010
11614705,43,104,6241,2011,7409778.0,0.0,1.072299,1.686826,CHN,IND,292010
11614706,49,104,6241,2011,0.0,103331.0,0.14336600000000002,-0.22996,COL,IND,292010
11614707,61,104,6241,2011,28356.0,96400.0,2.074435,-3.440815,DEU,IND,292010
11614708,64,104,6241,2011,190898.0,0.0,1.156026,1.2248299999999999,DNK,IND,292010
11614709,66,104,6241,2011,0.0,35471.0,-1.36763,-1.140594,DZA,IND,292010
11614710,68,104,6241,2011,0.0,33519.0,-0.166243,1.384719,EGY,IND,292010
11614711,71,104,6241,2011,0.0,118200.0,0.8677290000000001,2.4618450000000003,ESP,IND,292010
11614712,77,104,6241,2011,19209.0,0.0,1.532054,0.09339299999999999,FRA,IND,292010
11614713,103,104,6241,2011,77434.0,51676.0,-0.234125,1.168384,IDN,IND,292010
11614714,107,104,6241,2011,0.0,106912.0,-0.915379,-0.973194,IRN,IND,292010
11614715,110,104,6241,2011,0.0,1045131.0,1.324384,0.714611,ISR,IND,292010
11614716,111,104,6241,2011,53375.0,0.0,1.298751,0.48013599999999995,ITA,IND,292010
11614717,113,104,6241,2011,0.0,5507.0,0.231605,0.47049399999999997,JOR,IND,292010
11614718,114,104,6241,2011,73110.0,1272617.0,2.516395,-0.534301,JPN,IND,292010
11614719,121,104,6241,2011,493605.0,96209.0,1.731371,0.8306879999999999,KOR,IND,292010
11614720,122,104,6241,2011,0.0,7345.0,-0.898582,-1.09893,KWT,IND,292010
11614721,128,104,6241,2011,0.0,63296.0,-0.559311,0.398905,LKA,IND,292010
11614722,143,104,6241,2011,75925.0,0.0,-1.3557190000000001,-0.929934,MMR,IND,292010
11614723,153,104,6241,2011,169580.0,13130.0,0.9893290000000001,0.632079,MYS,IND,292010
11614724,173,104,6241,2011,0.0,42831.0,-0.455977,0.442543,PER,IND,292010
11614725,174,104,6241,2011,0.0,528605.0,0.364707,0.322626,PHL,IND,292010
11614726,178,104,6241,2011,0.0,4220.0,-0.024317,-0.154781,PRK,IND,292010
11614727,186,104,6241,2011,65076.0,0.0,0.47319399999999995,-0.20801599999999998,RUS,IND,292010
11614728,192,104,6241,2011,23965.0,0.0,1.849116,0.52127,SGP,IND,292010
11614729,216,104,6241,2011,38669.0,4095.0,0.889009,1.503118,THA,IND,292010
11614730,231,104,6241,2011,298275.0,52020.0,1.6884849999999998,-0.474499,USA,IND,292010
11614731,236,104,6241,2011,0.0,23305.0,-0.841147,-1.095636,VEN,IND,292010
11614732,249,104,6241,2011,69164.0,0.0,1.803234,0.921233,TWN,IND,292010
11614733,64,106,6241,2011,175627.0,0.0,1.156026,1.2248299999999999,DNK,IRL,292010
11614734,61,110,6241,2011,955.0,0.0,2.074435,-3.440815,DEU,ISR,292010
11614735,104,110,6241,2011,1045131.0,0.0,0.18276199999999998,2.398765,IND,ISR,292010
11614736,111,110,6241,2011,0.0,2294512.0,1.298751,0.48013599999999995,ITA,ISR,292010
11614737,174,110,6241,2011,0.0,90528.0,0.364707,0.322626,PHL,ISR,292010
11614738,231,110,6241,2011,992.0,0.0,1.6884849999999998,-0.474499,USA,ISR,292010
11614739,15,111,6241,2011,0.0,58129.0,1.687634,-0.229095,AUT,ITA,292010
11614740,18,111,6241,2011,367833.0,0.0,1.221703,1.247961,BEL,ITA,292010
11614741,43,111,6241,2011,15910.0,0.0,1.072299,1.686826,CHN,ITA,292010
11614742,61,111,6241,2011,397704.0,0.0,2.074435,-3.440815,DEU,ITA,292010
11614743,66,111,6241,2011,0.0,150612.0,-1.36763,-1.140594,DZA,ITA,292010
11614744,77,111,6241,2011,168556.0,0.0,1.532054,0.09339299999999999,FRA,ITA,292010
11614745,102,111,6241,2011,0.0,1988.0,1.486592,0.805642,HUN,ITA,292010
11614746,104,111,6241,2011,0.0,53375.0,0.18276199999999998,2.398765,IND,ITA,292010
11614747,110,111,6241,2011,2294512.0,0.0,1.324384,0.714611,ISR,ITA,292010
11614748,162,111,6241,2011,3035.0,0.0,1.1655229999999999,1.410167,NLD,ITA,292010
11614749,236,112,6241,2011,0.0,1836922.0,-0.841147,-1.095636,VEN,JAM,292010
11614750,8,114,6241,2011,0.0,367988.0,0.240494,0.540376,ARG,JPN,292010
11614751,14,114,6241,2011,0.0,197143.0,-0.138148,0.002999,AUS,JPN,292010
11614752,18,114,6241,2011,10379.0,3271990.0,1.221703,1.247961,BEL,JPN,292010
11614753,22,114,6241,2011,0.0,262598.0,-1.074416,-0.8276370000000001,BGD,JPN,292010
11614754,32,114,6241,2011,0.0,2180718.0,0.27718400000000004,0.5674319999999999,BRA,JPN,292010
11614755,42,114,6241,2011,0.0,43422.0,-0.199877,-0.353009,CHL,JPN,292010
11614756,43,114,6241,2011,194829.0,206445.0,1.072299,1.686826,CHN,JPN,292010
11614757,49,114,6241,2011,0.0,144819.0,0.14336600000000002,-0.22996,COL,JPN,292010
11614758,61,114,6241,2011,646727.0,946738.0,2.074435,-3.440815,DEU,JPN,292010
11614759,64,114,6241,2011,452932.0,0.0,1.156026,1.2248299999999999,DNK,JPN,292010
11614760,68,114,6241,2011,0.0,124555.0,-0.166243,1.384719,EGY,JPN,292010
11614761,71,114,6241,2011,0.0,853886.0,0.8677290000000001,2.4618450000000003,ESP,JPN,292010
11614762,77,114,6241,2011,756079.0,453373.0,1.532054,0.09339299999999999,FRA,JPN,292010
11614763,81,114,6241,2011,4130.0,0.0,1.8048220000000001,0.380141,GBR,JPN,292010
11614764,103,114,6241,2011,0.0,36200.0,-0.234125,1.168384,IDN,JPN,292010
11614765,104,114,6241,2011,1272617.0,73110.0,0.18276199999999998,2.398765,IND,JPN,292010
11614766,116,114,6241,2011,0.0,121845.0,-0.48319300000000004,0.346927,KEN,JPN,292010
11614767,121,114,6241,2011,0.0,2252945.0,1.731371,0.8306879999999999,KOR,JPN,292010
11614768,153,114,6241,2011,0.0,708137.0,0.9893290000000001,0.632079,MYS,JPN,292010
11614769,166,114,6241,2011,0.0,26647.0,0.372732,0.548601,NZL,JPN,292010
11614770,174,114,6241,2011,0.0,181769.0,0.364707,0.322626,PHL,JPN,292010
11614771,180,114,6241,2011,0.0,7126.0,-0.548759,-0.877743,PRY,JPN,292010
11614772,192,114,6241,2011,0.0,242477.0,1.849116,0.52127,SGP,JPN,292010
11614773,201,114,6241,2011,0.0,73115.0,0.49055699999999997,1.5601399999999999,SRB,JPN,292010
11614774,216,114,6241,2011,0.0,220578.0,0.889009,1.503118,THA,JPN,292010
11614775,231,114,6241,2011,2457825.0,0.0,1.6884849999999998,-0.474499,USA,JPN,292010
11614776,239,114,6241,2011,0.0,254388.0,-0.184453,1.637207,VNM,JPN,292010
11614777,246,114,6241,2011,0.0,137623.0,0.241792,1.353011,ZAF,JPN,292010
11614778,249,114,6241,2011,0.0,592164.0,1.803234,0.921233,TWN,JPN,292010
11614779,43,121,6241,2011,903413.0,2798.0,1.072299,1.686826,CHN,KOR,292010
11614780,61,121,6241,2011,58847.0,9855.0,2.074435,-3.440815,DEU,KOR,292010
11614781,64,121,6241,2011,49682.0,0.0,1.156026,1.2248299999999999,DNK,KOR,292010
11614782,77,121,6241,2011,41021.0,0.0,1.532054,0.09339299999999999,FRA,KOR,292010
11614783,103,121,6241,2011,0.0,316212.0,-0.234125,1.168384,IDN,KOR,292010
11614784,104,121,6241,2011,96209.0,493605.0,0.18276199999999998,2.398765,IND,KOR,292010
11614785,114,121,6241,2011,2252945.0,0.0,2.516395,-0.534301,JPN,KOR,292010
11614786,174,121,6241,2011,0.0,8624.0,0.364707,0.322626,PHL,KOR,292010
11614787,192,121,6241,2011,1551.0,0.0,1.849116,0.52127,SGP,KOR,292010
11614788,104,122,6241,2011,7345.0,0.0,0.18276199999999998,2.398765,IND,KWT,292010
11614789,231,122,6241,2011,12848.0,0.0,1.6884849999999998,-0.474499,USA,KWT,292010
11614790,43,134,6241,2011,32280.0,0.0,1.072299,1.686826,CHN,MAR,292010
11614791,14,138,6241,2011,0.0,25521.0,-0.138148,0.002999,AUS,MEX,292010
11614792,39,138,6241,2011,0.0,60660.0,0.754813,1.1967290000000002,CAN,MEX,292010
11614793,42,138,6241,2011,0.0,316876.0,-0.199877,-0.353009,CHL,MEX,292010
11614794,43,138,6241,2011,14581.0,0.0,1.072299,1.686826,CHN,MEX,292010
11614795,49,138,6241,2011,0.0,30862.0,0.14336600000000002,-0.22996,COL,MEX,292010
11614796,61,138,6241,2011,55895.0,0.0,2.074435,-3.440815,DEU,MEX,292010
11614797,64,138,6241,2011,1440368.0,0.0,1.156026,1.2248299999999999,DNK,MEX,292010
11614798,77,138,6241,2011,54583.0,0.0,1.532054,0.09339299999999999,FRA,MEX,292010
11614799,115,138,6241,2011,0.0,30305.0,-0.514687,-0.775671,KAZ,MEX,292010
11614800,162,138,6241,2011,0.0,302819.0,1.1655229999999999,1.410167,NLD,MEX,292010
11614801,173,138,6241,2011,0.0,132469.0,-0.455977,0.442543,PER,MEX,292010
11614802,216,138,6241,2011,0.0,29467.0,0.889009,1.503118,THA,MEX,292010
11614803,224,138,6241,2011,0.0,153817.0,0.45775,2.4316259999999996,TUR,MEX,292010
11614804,231,138,6241,2011,87584.0,1330242.0,1.6884849999999998,-0.474499,USA,MEX,292010
11614805,43,153,6241,2011,482154.0,0.0,1.072299,1.686826,CHN,MYS,292010
11614806,104,153,6241,2011,13130.0,169580.0,0.18276199999999998,2.398765,IND,MYS,292010
11614807,114,153,6241,2011,708137.0,0.0,2.516395,-0.534301,JPN,MYS,292010
11614808,192,153,6241,2011,26583.0,0.0,1.849116,0.52127,SGP,MYS,292010
11614809,231,153,6241,2011,23869.0,0.0,1.6884849999999998,-0.474499,USA,MYS,292010
11614810,249,153,6241,2011,336182.0,0.0,1.803234,0.921233,TWN,MYS,292010
11614811,18,162,6241,2011,21795.0,10900.0,1.221703,1.247961,BEL,NLD,292010
11614812,43,162,6241,2011,21184.0,0.0,1.072299,1.686826,CHN,NLD,292010
11614813,61,162,6241,2011,235444.0,2319.0,2.074435,-3.440815,DEU,NLD,292010
11614814,71,162,6241,2011,0.0,72728.0,0.8677290000000001,2.4618450000000003,ESP,NLD,292010
11614815,77,162,6241,2011,3228.0,0.0,1.532054,0.09339299999999999,FRA,NLD,292010
11614816,81,162,6241,2011,0.0,3712.0,1.8048220000000001,0.380141,GBR,NLD,292010
11614817,107,162,6241,2011,0.0,14571.0,-0.915379,-0.973194,IRN,NLD,292010
11614818,111,162,6241,2011,0.0,3035.0,1.298751,0.48013599999999995,ITA,NLD,292010
11614819,131,162,6241,2011,0.0,80130.0,1.1655739999999999,1.222379,LUX,NLD,292010
11614820,138,162,6241,2011,302819.0,0.0,0.9534600000000001,0.706982,MEX,NLD,292010
11614821,224,162,6241,2011,0.0,229689.0,0.45775,2.4316259999999996,TUR,NLD,292010
11614822,114,166,6241,2011,26647.0,0.0,2.516395,-0.534301,JPN,NZL,292010
11614823,231,166,6241,2011,1198.0,0.0,1.6884849999999998,-0.474499,USA,NZL,292010
11614824,43,168,6241,2011,35668.0,0.0,1.072299,1.686826,CHN,PAK,292010
11614825,93,169,6241,2011,19990.0,8947.0,-0.329497,0.775369,GTM,PAN,292010
11614826,231,169,6241,2011,2318.0,0.0,1.6884849999999998,-0.474499,USA,PAN,292010
11614827,8,173,6241,2011,475418.0,0.0,0.240494,0.540376,ARG,PER,292010
11614828,43,173,6241,2011,90793.0,0.0,1.072299,1.686826,CHN,PER,292010
11614829,61,173,6241,2011,1034.0,0.0,2.074435,-3.440815,DEU,PER,292010
11614830,104,173,6241,2011,42831.0,0.0,0.18276199999999998,2.398765,IND,PER,292010
11614831,138,173,6241,2011,132469.0,0.0,0.9534600000000001,0.706982,MEX,PER,292010
11614832,231,173,6241,2011,102158.0,0.0,1.6884849999999998,-0.474499,USA,PER,292010
11614833,41,174,6241,2011,50809.0,0.0,2.2644029999999997,0.406131,CHE,PHL,292010
11614834,43,174,6241,2011,40162.0,0.0,1.072299,1.686826,CHN,PHL,292010
11614835,61,174,6241,2011,252234.0,0.0,2.074435,-3.440815,DEU,PHL,292010
11614836,104,174,6241,2011,528605.0,0.0,0.18276199999999998,2.398765,IND,PHL,292010
11614837,110,174,6241,2011,90528.0,0.0,1.324384,0.714611,ISR,PHL,292010
11614838,114,174,6241,2011,181769.0,0.0,2.516395,-0.534301,JPN,PHL,292010
11614839,121,174,6241,2011,8624.0,0.0,1.731371,0.8306879999999999,KOR,PHL,292010
11614840,231,174,6241,2011,174843.0,0.0,1.6884849999999998,-0.474499,USA,PHL,292010
11614841,23,177,6241,2011,0.0,35404.0,0.537967,1.520973,BGR,POL,292010
11614842,43,177,6241,2011,100397.0,0.0,1.072299,1.686826,CHN,POL,292010
11614843,61,177,6241,2011,140220.0,0.0,2.074435,-3.440815,DEU,POL,292010
11614844,64,177,6241,2011,641883.0,0.0,1.156026,1.2248299999999999,DNK,POL,292010
11614845,71,179,6241,2011,8382.0,0.0,0.8677290000000001,2.4618450000000003,ESP,PRT,292010
11614846,114,180,6241,2011,7126.0,0.0,2.516395,-0.534301,JPN,PRY,292010
11614847,43,185,6241,2011,45178.0,0.0,1.072299,1.686826,CHN,ROU,292010
11614848,43,188,6241,2011,794287.0,0.0,1.072299,1.686826,CHN,SAU,292010
11614849,81,188,6241,2011,5596.0,0.0,1.8048220000000001,0.380141,GBR,SAU,292010
11614850,18,192,6241,2011,13018.0,0.0,1.221703,1.247961,BEL,SGP,292010
11614851,43,192,6241,2011,341850.0,0.0,1.072299,1.686826,CHN,SGP,292010
11614852,61,192,6241,2011,208521.0,0.0,2.074435,-3.440815,DEU,SGP,292010
11614853,77,192,6241,2011,172729.0,0.0,1.532054,0.09339299999999999,FRA,SGP,292010
11614854,93,192,6241,2011,0.0,55150.0,-0.329497,0.775369,GTM,SGP,292010
11614855,103,192,6241,2011,0.0,6922.0,-0.234125,1.168384,IDN,SGP,292010
11614856,104,192,6241,2011,0.0,23965.0,0.18276199999999998,2.398765,IND,SGP,292010
11614857,107,192,6241,2011,0.0,14869.0,-0.915379,-0.973194,IRN,SGP,292010
11614858,114,192,6241,2011,242477.0,0.0,2.516395,-0.534301,JPN,SGP,292010
11614859,121,192,6241,2011,0.0,1551.0,1.731371,0.8306879999999999,KOR,SGP,292010
11614860,153,192,6241,2011,0.0,26583.0,0.9893290000000001,0.632079,MYS,SGP,292010
11614861,176,192,6241,2011,0.0,8821.0,-1.1111659999999999,-0.9458610000000001,PNG,SGP,292010
11614862,216,192,6241,2011,83074.0,16197.0,0.889009,1.503118,THA,SGP,292010
11614863,231,192,6241,2011,6222179.0,0.0,1.6884849999999998,-0.474499,USA,SGP,292010
11614864,239,192,6241,2011,0.0,1651.0,-0.184453,1.637207,VNM,SGP,292010
11614865,249,192,6241,2011,0.0,8320.0,1.803234,0.921233,TWN,SGP,292010
11614866,43,197,6241,2011,1394.0,0.0,1.072299,1.686826,CHN,SLV,292010
11614867,231,197,6241,2011,11134.0,0.0,1.6884849999999998,-0.474499,USA,SLV,292010
11614868,61,208,6241,2011,148113.0,0.0,2.074435,-3.440815,DEU,SWE,292010
11614869,22,216,6241,2011,0.0,47411.0,-1.074416,-0.8276370000000001,BGD,THA,292010
11614870,43,216,6241,2011,599775.0,0.0,1.072299,1.686826,CHN,THA,292010
11614871,61,216,6241,2011,27283.0,0.0,2.074435,-3.440815,DEU,THA,292010
11614872,77,216,6241,2011,24574.0,0.0,1.532054,0.09339299999999999,FRA,THA,292010
11614873,104,216,6241,2011,4095.0,38669.0,0.18276199999999998,2.398765,IND,THA,292010
11614874,114,216,6241,2011,220578.0,0.0,2.516395,-0.534301,JPN,THA,292010
11614875,138,216,6241,2011,29467.0,0.0,0.9534600000000001,0.706982,MEX,THA,292010
11614876,143,216,6241,2011,0.0,9347.0,-1.3557190000000001,-0.929934,MMR,THA,292010
11614877,192,216,6241,2011,16197.0,83074.0,1.849116,0.52127,SGP,THA,292010
11614878,249,216,6241,2011,260727.0,0.0,1.803234,0.921233,TWN,THA,292010
11614879,32,222,6241,2011,2513.0,0.0,0.27718400000000004,0.5674319999999999,BRA,TTO,292010
11614880,231,222,6241,2011,7074.0,0.0,1.6884849999999998,-0.474499,USA,TTO,292010
11614881,16,224,6241,2011,0.0,1665070.0,-1.313136,-1.189989,AZE,TUR,292010
11614882,18,224,6241,2011,7296.0,0.0,1.221703,1.247961,BEL,TUR,292010
11614883,43,224,6241,2011,325142.0,0.0,1.072299,1.686826,CHN,TUR,292010
11614884,61,224,6241,2011,110546.0,0.0,2.074435,-3.440815,DEU,TUR,292010
11614885,64,224,6241,2011,36436.0,0.0,1.156026,1.2248299999999999,DNK,TUR,292010
11614886,77,224,6241,2011,115048.0,0.0,1.532054,0.09339299999999999,FRA,TUR,292010
11614887,81,224,6241,2011,134363.0,0.0,1.8048220000000001,0.380141,GBR,TUR,292010
11614888,82,224,6241,2011,0.0,1132.0,-0.07754,-0.35434699999999997,GEO,TUR,292010
11614889,107,224,6241,2011,0.0,45752.0,-0.915379,-0.973194,IRN,TUR,292010
11614890,138,224,6241,2011,153817.0,0.0,0.9534600000000001,0.706982,MEX,TUR,292010
11614891,162,224,6241,2011,229689.0,0.0,1.1655229999999999,1.410167,NLD,TUR,292010
11614892,223,224,6241,2011,0.0,7328.0,0.151221,1.1252360000000001,TUN,TUR,292010
11614893,43,230,6241,2011,42915.0,0.0,1.072299,1.686826,CHN,URY,292010
11614894,64,230,6241,2011,14712.0,0.0,1.156026,1.2248299999999999,DNK,URY,292010
11614895,8,231,6241,2011,0.0,2953.0,0.240494,0.540376,ARG,USA,292010
11614896,9,231,6241,2011,0.0,10433.0,0.543397,-0.029376999999999997,ARM,USA,292010
11614897,14,231,6241,2011,0.0,32191.0,-0.138148,0.002999,AUS,USA,292010
11614898,18,231,6241,2011,0.0,801664.0,1.221703,1.247961,BEL,USA,292010
11614899,32,231,6241,2011,25390.0,1171331.0,0.27718400000000004,0.5674319999999999,BRA,USA,292010
11614900,39,231,6241,2011,17503.0,166254.0,0.754813,1.1967290000000002,CAN,USA,292010
11614901,42,231,6241,2011,0.0,450233.0,-0.199877,-0.353009,CHL,USA,292010
11614902,43,231,6241,2011,15621559.0,68598.0,1.072299,1.686826,CHN,USA,292010
11614903,44,231,6241,2011,0.0,125894.0,-1.069474,-0.867439,CIV,USA,292010
11614904,61,231,6241,2011,1451389.0,548802.0,2.074435,-3.440815,DEU,USA,292010
11614905,64,231,6241,2011,9454271.0,0.0,1.156026,1.2248299999999999,DNK,USA,292010
11614906,65,231,6241,2011,0.0,388949.0,-0.260653,0.5682010000000001,DOM,USA,292010
11614907,67,231,6241,2011,0.0,3249.0,-0.8250639999999999,-0.839082,ECU,USA,292010
11614908,71,231,6241,2011,0.0,187269.0,0.8677290000000001,2.4618450000000003,ESP,USA,292010
11614909,77,231,6241,2011,157037.0,1176618.0,1.532054,0.09339299999999999,FRA,USA,292010
11614910,81,231,6241,2011,72435.0,269264.0,1.8048220000000001,0.380141,GBR,USA,292010
11614911,82,231,6241,2011,0.0,23668.0,-0.07754,-0.35434699999999997,GEO,USA,292010
11614912,93,231,6241,2011,0.0,51075.0,-0.329497,0.775369,GTM,USA,292010
11614913,97,231,6241,2011,0.0,43427.0,0.663588,1.902118,HKG,USA,292010
11614914,103,231,6241,2011,0.0,61622.0,-0.234125,1.168384,IDN,USA,292010
11614915,104,231,6241,2011,52020.0,298275.0,0.18276199999999998,2.398765,IND,USA,292010
11614916,110,231,6241,2011,0.0,992.0,1.324384,0.714611,ISR,USA,292010
11614917,114,231,6241,2011,0.0,2457825.0,2.516395,-0.534301,JPN,USA,292010
11614918,122,231,6241,2011,0.0,12848.0,-0.898582,-1.09893,KWT,USA,292010
11614919,138,231,6241,2011,1330242.0,87584.0,0.9534600000000001,0.706982,MEX,USA,292010
11614920,153,231,6241,2011,0.0,23869.0,0.9893290000000001,0.632079,MYS,USA,292010
11614921,155,231,6241,2011,0.0,58304.0,-0.42998400000000003,-0.632233,NAM,USA,292010
11614922,160,231,6241,2011,0.0,2668.0,-0.9592139999999999,-0.796108,NIC,USA,292010
11614923,166,231,6241,2011,0.0,1198.0,0.372732,0.548601,NZL,USA,292010
11614924,169,231,6241,2011,0.0,2318.0,0.786135,1.061008,PAN,USA,292010
11614925,173,231,6241,2011,0.0,102158.0,-0.455977,0.442543,PER,USA,292010
11614926,174,231,6241,2011,0.0,174843.0,0.364707,0.322626,PHL,USA,292010
11614927,192,231,6241,2011,0.0,6222179.0,1.849116,0.52127,SGP,USA,292010
11614928,197,231,6241,2011,0.0,11134.0,-0.09713200000000001,0.20772600000000002,SLV,USA,292010
11614929,222,231,6241,2011,0.0,7074.0,-0.44228,-1.031793,TTO,USA,292010
11614930,43,236,6241,2011,35888.0,0.0,1.072299,1.686826,CHN,VEN,292010
11614931,104,236,6241,2011,23305.0,0.0,0.18276199999999998,2.398765,IND,VEN,292010
11614932,112,236,6241,2011,1836922.0,0.0,-0.162212,-0.621817,JAM,VEN,292010
11614933,14,246,6241,2011,0.0,3444.0,-0.138148,0.002999,AUS,ZAF,292010
11614934,18,246,6241,2011,5616.0,0.0,1.221703,1.247961,BEL,ZAF,292010
11614935,37,246,6241,2011,0.0,282997.0,-0.48782600000000004,-1.051639,BWA,ZAF,292010
11614936,43,246,6241,2011,303630.0,0.0,1.072299,1.686826,CHN,ZAF,292010
11614937,46,246,6241,2011,0.0,4629.0,-0.722957,-0.965141,COD,ZAF,292010
11614938,61,246,6241,2011,56926.0,0.0,2.074435,-3.440815,DEU,ZAF,292010
11614939,77,246,6241,2011,25999.0,0.0,1.532054,0.09339299999999999,FRA,ZAF,292010
11614940,114,246,6241,2011,137623.0,0.0,2.516395,-0.534301,JPN,ZAF,292010
11614941,248,246,6241,2011,0.0,2630.0,-0.858662,-0.8632719999999999,ZWE,ZAF,292010
11614942,43,249,6241,2011,226858.0,0.0,1.072299,1.686826,CHN,TWN,292010
11614943,61,249,6241,2011,2497.0,0.0,2.074435,-3.440815,DEU,TWN,292010
11614944,64,249,6241,2011,351043.0,0.0,1.156026,1.2248299999999999,DNK,TWN,292010
11614945,81,249,6241,2011,2508.0,0.0,1.8048220000000001,0.380141,GBR,TWN,292010
11614946,103,249,6241,2011,0.0,93994.0,-0.234125,1.168384,IDN,TWN,292010
11614947,104,249,6241,2011,0.0,69164.0,0.18276199999999998,2.398765,IND,TWN,292010
11614948,107,249,6241,2011,0.0,6528.0,-0.915379,-0.973194,IRN,TWN,292010
11614949,114,249,6241,2011,592164.0,0.0,2.516395,-0.534301,JPN,TWN,292010
11614950,153,249,6241,2011,0.0,336182.0,0.9893290000000001,0.632079,MYS,TWN,292010
11614951,192,249,6241,2011,8320.0,0.0,1.849116,0.52127,SGP,TWN,292010
11614952,216,249,6241,2011,0.0,260727.0,0.889009,1.503118,THA,TWN,292010
11614953,155,2,6241,2011,1965.0,0.0,-0.42998400000000003,-0.632233,NAM,AGO,292010
11614954,18,14,6241,2011,11158.0,0.0,1.221703,1.247961,BEL,AUS,292010
11614955,43,14,6241,2011,248183.0,0.0,1.072299,1.686826,CHN,AUS,292010
11614956,61,14,6241,2011,1937.0,0.0,2.074435,-3.440815,DEU,AUS,292010
11614957,64,14,6241,2011,101251.0,0.0,1.156026,1.2248299999999999,DNK,AUS,292010
11614958,114,14,6241,2011,197143.0,0.0,2.516395,-0.534301,JPN,AUS,292010
11614959,138,14,6241,2011,25521.0,0.0,0.9534600000000001,0.706982,MEX,AUS,292010
11614960,176,14,6241,2011,0.0,7470.0,-1.1111659999999999,-0.9458610000000001,PNG,AUS,292010
11614961,231,14,6241,2011,32191.0,0.0,1.6884849999999998,-0.474499,USA,AUS,292010
11614962,239,14,6241,2011,0.0,979.0,-0.184453,1.637207,VNM,AUS,292010
11614963,246,14,6241,2011,3444.0,0.0,0.241792,1.353011,ZAF,AUS,292010
11614964,114,22,6241,2011,262598.0,0.0,2.516395,-0.534301,JPN,BGD,292010
11614965,216,22,6241,2011,47411.0,0.0,0.889009,1.503118,THA,BGD,292010
11614966,43,68,6241,2011,219344.0,0.0,1.072299,1.686826,CHN,EGY,292010
11614967,104,68,6241,2011,33519.0,0.0,0.18276199999999998,2.398765,IND,EGY,292010
11614968,114,68,6241,2011,124555.0,0.0,2.516395,-0.534301,JPN,EGY,292010
11614969,223,68,6241,2011,0.0,12486.0,0.151221,1.1252360000000001,TUN,EGY,292010
11614970,43,82,6241,2011,9680.0,0.0,1.072299,1.686826,CHN,GEO,292010
11614971,224,82,6241,2011,1132.0,0.0,0.45775,2.4316259999999996,TUR,GEO,292010
11614972,231,82,6241,2011,23668.0,0.0,1.6884849999999998,-0.474499,USA,GEO,292010
11614973,43,83,6241,2011,329930.0,0.0,1.072299,1.686826,CHN,GHA,292010
11614974,18,102,6241,2011,292812.0,0.0,1.221703,1.247961,BEL,HUN,292010
11614975,61,102,6241,2011,7607.0,0.0,2.074435,-3.440815,DEU,HUN,292010
11614976,77,102,6241,2011,3107.0,0.0,1.532054,0.09339299999999999,FRA,HUN,292010
11614977,111,102,6241,2011,1988.0,0.0,1.298751,0.48013599999999995,ITA,HUN,292010
11614978,18,107,6241,2011,114596.0,0.0,1.221703,1.247961,BEL,IRN,292010
11614979,43,107,6241,2011,2609211.0,0.0,1.072299,1.686826,CHN,IRN,292010
11614980,61,107,6241,2011,5049.0,0.0,2.074435,-3.440815,DEU,IRN,292010
11614981,104,107,6241,2011,106912.0,0.0,0.18276199999999998,2.398765,IND,IRN,292010
11614982,162,107,6241,2011,14571.0,0.0,1.1655229999999999,1.410167,NLD,IRN,292010
11614983,192,107,6241,2011,14869.0,0.0,1.849116,0.52127,SGP,IRN,292010
11614984,224,107,6241,2011,45752.0,0.0,0.45775,2.4316259999999996,TUR,IRN,292010
11614985,249,107,6241,2011,6528.0,0.0,1.803234,0.921233,TWN,IRN,292010
11614986,43,113,6241,2011,7155.0,0.0,1.072299,1.686826,CHN,JOR,292010
11614987,104,113,6241,2011,5507.0,0.0,0.18276199999999998,2.398765,IND,JOR,292010
11614988,43,115,6241,2011,181831.0,0.0,1.072299,1.686826,CHN,KAZ,292010
11614989,64,115,6241,2011,204486.0,0.0,1.156026,1.2248299999999999,DNK,KAZ,292010
11614990,138,115,6241,2011,30305.0,0.0,0.9534600000000001,0.706982,MEX,KAZ,292010
11614991,186,115,6241,2011,79481.0,0.0,0.47319399999999995,-0.20801599999999998,RUS,KAZ,292010
11614992,114,116,6241,2011,121845.0,0.0,2.516395,-0.534301,JPN,KEN,292010
11614993,43,117,6241,2011,8873.0,0.0,1.072299,1.686826,CHN,KGZ,292010
11614994,61,117,6241,2011,170881.0,0.0,2.074435,-3.440815,DEU,KGZ,292010
11614995,64,124,6241,2011,73810.0,0.0,1.156026,1.2248299999999999,DNK,LBN,292010
11614996,104,128,6241,2011,63296.0,0.0,0.18276199999999998,2.398765,IND,LKA,292010
11614997,162,131,6241,2011,80130.0,0.0,1.1655229999999999,1.410167,NLD,LUX,292010
11614998,61,140,6241,2011,40708.0,0.0,2.074435,-3.440815,DEU,MKD,292010
11614999,81,140,6241,2011,58054.0,0.0,1.8048220000000001,0.380141,GBR,MKD,292010
11615000,43,143,6241,2011,60649.0,0.0,1.072299,1.686826,CHN,MMR,292010
11615001,103,143,6241,2011,11765.0,0.0,-0.234125,1.168384,IDN,MMR,292010
11615002,104,143,6241,2011,0.0,75925.0,0.18276199999999998,2.398765,IND,MMR,292010
11615003,216,143,6241,2011,9347.0,0.0,0.889009,1.503118,THA,MMR,292010
11615004,43,167,6241,2011,25132.0,0.0,1.072299,1.686826,CHN,OMN,292010
11615005,43,186,6241,2011,283611.0,0.0,1.072299,1.686826,CHN,RUS,292010
11615006,61,186,6241,2011,8231.0,0.0,2.074435,-3.440815,DEU,RUS,292010
11615007,64,186,6241,2011,1430478.0,0.0,1.156026,1.2248299999999999,DNK,RUS,292010
11615008,77,186,6241,2011,7278.0,0.0,1.532054,0.09339299999999999,FRA,RUS,292010
11615009,104,186,6241,2011,0.0,65076.0,0.18276199999999998,2.398765,IND,RUS,292010
11615010,115,186,6241,2011,0.0,79481.0,-0.514687,-0.775671,KAZ,RUS,292010
11615011,217,186,6241,2011,0.0,42168.0,-0.975877,-1.021684,TJK,RUS,292010
11615012,43,201,6241,2011,78585.0,0.0,1.072299,1.686826,CHN,SRB,292010
11615013,64,201,6241,2011,117818.0,0.0,1.156026,1.2248299999999999,DNK,SRB,292010
11615014,114,201,6241,2011,73115.0,0.0,2.516395,-0.534301,JPN,SRB,292010
11615015,43,217,6241,2011,100411.0,0.0,1.072299,1.686826,CHN,TJK,292010
11615016,186,217,6241,2011,42168.0,0.0,0.47319399999999995,-0.20801599999999998,RUS,TJK,292010
11615017,14,239,6241,2011,979.0,0.0,-0.138148,0.002999,AUS,VNM,292010
11615018,43,239,6241,2011,775538.0,0.0,1.072299,1.686826,CHN,VNM,292010
11615019,77,239,6241,2011,5309.0,0.0,1.532054,0.09339299999999999,FRA,VNM,292010
11615020,81,239,6241,2011,8217.0,0.0,1.8048220000000001,0.380141,GBR,VNM,292010
11615021,114,239,6241,2011,254388.0,0.0,2.516395,-0.534301,JPN,VNM,292010
11615022,192,239,6241,2011,1651.0,0.0,1.849116,0.52127,SGP,VNM,292010
11615023,43,248,6241,2011,2301.0,0.0,1.072299,1.686826,CHN,ZWE,292010
11615024,246,248,6241,2011,2630.0,0.0,0.241792,1.353011,ZAF,ZWE,292010
11615025,246,37,6241,2011,282997.0,0.0,0.241792,1.353011,ZAF,BWA,292010
11615026,18,44,6241,2011,414564.0,0.0,1.221703,1.247961,BEL,CIV,292010
11615027,231,44,6241,2011,125894.0,0.0,1.6884849999999998,-0.474499,USA,CIV,292010
11615028,246,46,6241,2011,4629.0,0.0,0.241792,1.353011,ZAF,COD,292010
11615029,18,47,6241,2011,8861.0,0.0,1.221703,1.247961,BEL,COG,292010
11615030,77,47,6241,2011,932.0,0.0,1.532054,0.09339299999999999,FRA,COG,292010
11615031,43,66,6241,2011,151833.0,0.0,1.072299,1.686826,CHN,DZA,292010
11615032,61,66,6241,2011,31874.0,0.0,2.074435,-3.440815,DEU,DZA,292010
11615033,71,66,6241,2011,19574.0,0.0,0.8677290000000001,2.4618450000000003,ESP,DZA,292010
11615034,77,66,6241,2011,164866.0,0.0,1.532054,0.09339299999999999,FRA,DZA,292010
11615035,104,66,6241,2011,35471.0,0.0,0.18276199999999998,2.398765,IND,DZA,292010
11615036,111,66,6241,2011,150612.0,0.0,1.298751,0.48013599999999995,ITA,DZA,292010
11615037,43,73,6241,2011,123295.0,0.0,1.072299,1.686826,CHN,ETH,292010
11615038,81,73,6241,2011,3650.0,0.0,1.8048220000000001,0.380141,GBR,ETH,292010
11615039,81,109,6241,2011,2081.0,0.0,1.8048220000000001,0.380141,GBR,ISL,292010
11615040,81,126,6241,2011,43828.0,0.0,1.8048220000000001,0.380141,GBR,LBY,292010
11615041,43,145,6241,2011,22938.0,0.0,1.072299,1.686826,CHN,MNG,292010
11615042,43,148,6241,2011,27007.0,0.0,1.072299,1.686826,CHN,MRT,292010
11615043,2,155,6241,2011,0.0,1965.0,-1.252991,-1.132314,AGO,NAM,292010
11615044,231,155,6241,2011,58304.0,0.0,1.6884849999999998,-0.474499,USA,NAM,292010
11615045,43,159,6241,2011,88160.0,0.0,1.072299,1.686826,CHN,NGA,292010
11615046,43,164,6241,2011,25333.0,0.0,1.072299,1.686826,CHN,NPL,292010
11615047,14,176,6241,2011,7470.0,0.0,-0.138148,0.002999,AUS,PNG,292010
11615048,43,176,6241,2011,172665.0,0.0,1.072299,1.686826,CHN,PNG,292010
11615049,192,176,6241,2011,8821.0,0.0,1.849116,0.52127,SGP,PNG,292010
11615050,43,178,6241,2011,471772.0,0.0,1.072299,1.686826,CHN,PRK,292010
11615051,104,178,6241,2011,4220.0,0.0,0.18276199999999998,2.398765,IND,PRK,292010
11615052,43,212,6241,2011,12977.0,0.0,1.072299,1.686826,CHN,SYR,292010
11615053,43,223,6241,2011,742767.0,0.0,1.072299,1.686826,CHN,TUN,292010
11615054,68,223,6241,2011,12486.0,0.0,-0.166243,1.384719,EGY,TUN,292010
11615055,77,223,6241,2011,123560.0,0.0,1.532054,0.09339299999999999,FRA,TUN,292010
11615056,224,223,6241,2011,7328.0,0.0,0.45775,2.4316259999999996,TUR,TUN,292010
11615057,43,247,6241,2011,10962.0,0.0,1.072299,1.686826,CHN,ZMB,292010
11615058,43,9,6241,2011,7144.0,0.0,1.072299,1.686826,CHN,ARM,292010
11615059,64,9,6241,2011,23533.0,0.0,1.156026,1.2248299999999999,DNK,ARM,292010
11615060,231,9,6241,2011,10433.0,0.0,1.6884849999999998,-0.474499,USA,ARM,292010
11615061,43,144,6241,2011,3103.0,0.0,1.072299,1.686826,CHN,MNE,292010
11615062,43,152,6241,2011,103986.0,0.0,1.072299,1.686826,CHN,MWI,292010
11615063,231,160,6241,2011,2668.0,0.0,1.6884849999999998,-0.474499,USA,NIC,292010
11615064,43,7,6246,2011,175526.0,0.0,1.072299,1.686826,CHN,ARE,292121
11615065,61,7,6246,2011,1604.0,0.0,2.074435,-3.440815,DEU,ARE,292121
11615066,81,7,6246,2011,114211.0,0.0,1.8048220000000001,0.380141,GBR,ARE,292121
11615067,104,7,6246,2011,73751.0,201246.0,0.18276199999999998,2.398765,IND,ARE,292121
11615068,107,7,6246,2011,0.0,159472.0,-0.915379,-0.973194,IRN,ARE,292121
11615069,121,7,6246,2011,143234.0,0.0,1.731371,0.8306879999999999,KOR,ARE,292121
11615070,122,7,6246,2011,0.0,25747.0,-0.898582,-1.09893,KWT,ARE,292121
11615071,167,7,6246,2011,0.0,37357.0,-0.473703,-0.952491,OMN,ARE,292121
11615072,231,7,6246,2011,364991.0,0.0,1.6884849999999998,-0.474499,USA,ARE,292121
11615073,243,7,6246,2011,0.0,31933.0,-1.44127,-1.242875,YEM,ARE,292121
11615074,246,7,6246,2011,0.0,2035.0,0.241792,1.353011,ZAF,ARE,292121
11615075,249,7,6246,2011,53303.0,0.0,1.803234,0.921233,TWN,ARE,292121
11615076,18,8,6246,2011,198437.0,0.0,1.221703,1.247961,BEL,ARG,292121
11615077,32,8,6246,2011,9783.0,0.0,0.27718400000000004,0.5674319999999999,BRA,ARG,292121
11615078,43,8,6246,2011,7244.0,0.0,1.072299,1.686826,CHN,ARG,292121
11615079,49,8,6246,2011,0.0,7127.0,0.14336600000000002,-0.22996,COL,ARG,292121
11615080,61,8,6246,2011,163039.0,0.0,2.074435,-3.440815,DEU,ARG,292121
11615081,71,8,6246,2011,1127.0,0.0,0.8677290000000001,2.4618450000000003,ESP,ARG,292121
11615082,162,8,6246,2011,79885.0,0.0,1.1655229999999999,1.410167,NLD,ARG,292121
11615083,208,8,6246,2011,98943.0,0.0,1.857146,0.366159,SWE,ARG,292121
11615084,231,8,6246,2011,206486.0,0.0,1.6884849999999998,-0.474499,USA,ARG,292121
11615085,18,15,6246,2011,42440.0,0.0,1.221703,1.247961,BEL,AUT,292121
11615086,43,15,6246,2011,3037.0,0.0,1.072299,1.686826,CHN,AUT,292121
11615087,59,15,6246,2011,0.0,95930.0,1.737788,0.14741600000000002,CZE,AUT,292121
11615088,61,15,6246,2011,162999.0,0.0,2.074435,-3.440815,DEU,AUT,292121
11615089,77,15,6246,2011,1884.0,4620.0,1.532054,0.09339299999999999,FRA,AUT,292121
11615090,102,15,6246,2011,0.0,3431.0,1.486592,0.805642,HUN,AUT,292121
11615091,106,15,6246,2011,1574.0,0.0,1.403182,0.290245,IRL,AUT,292121
11615092,107,15,6246,2011,0.0,5673.0,-0.915379,-0.973194,IRN,AUT,292121
11615093,162,15,6246,2011,1379.0,0.0,1.1655229999999999,1.410167,NLD,AUT,292121
11615094,231,15,6246,2011,4923.0,0.0,1.6884849999999998,-0.474499,USA,AUT,292121
11615095,43,16,6246,2011,55122.0,0.0,1.072299,1.686826,CHN,AZE,292121
11615096,77,16,6246,2011,2072.0,0.0,1.532054,0.09339299999999999,FRA,AZE,292121
11615097,162,16,6246,2011,3166.0,0.0,1.1655229999999999,1.410167,NLD,AZE,292121
11615098,224,16,6246,2011,1377.0,0.0,0.45775,2.4316259999999996,TUR,AZE,292121
11615099,8,18,6246,2011,0.0,198437.0,0.240494,0.540376,ARG,BEL,292121
11615100,15,18,6246,2011,0.0,42440.0,1.687634,-0.229095,AUT,BEL,292121
11615101,23,18,6246,2011,0.0,2607414.0,0.537967,1.520973,BGR,BEL,292121
11615102,32,18,6246,2011,0.0,270042.0,0.27718400000000004,0.5674319999999999,BRA,BEL,292121
11615103,41,18,6246,2011,0.0,62090.0,2.2644029999999997,0.406131,CHE,BEL,292121
11615104,43,18,6246,2011,772366.0,33955424.0,1.072299,1.686826,CHN,BEL,292121
11615105,45,18,6246,2011,0.0,26916.0,-0.7956340000000001,-0.8532790000000001,CMR,BEL,292121
11615106,47,18,6246,2011,0.0,15308.0,-0.979359,-1.084589,COG,BEL,292121
11615107,49,18,6246,2011,0.0,217987.0,0.14336600000000002,-0.22996,COL,BEL,292121
11615108,61,18,6246,2011,215432.0,42182728.0,2.074435,-3.440815,DEU,BEL,292121
11615109,64,18,6246,2011,0.0,106272.0,1.156026,1.2248299999999999,DNK,BEL,292121
11615110,71,18,6246,2011,0.0,730994.0,0.8677290000000001,2.4618450000000003,ESP,BEL,292121
11615111,77,18,6246,2011,144083.0,1573823.0,1.532054,0.09339299999999999,FRA,BEL,292121
11615112,81,18,6246,2011,52815.0,3043357.0,1.8048220000000001,0.380141,GBR,BEL,292121
11615113,97,18,6246,2011,0.0,1141274.0,0.663588,1.902118,HKG,BEL,292121
11615114,103,18,6246,2011,0.0,731122.0,-0.234125,1.168384,IDN,BEL,292121
11615115,104,18,6246,2011,0.0,3118044.0,0.18276199999999998,2.398765,IND,BEL,292121
11615116,106,18,6246,2011,0.0,1866032.0,1.403182,0.290245,IRL,BEL,292121
11615117,110,18,6246,2011,0.0,55169.0,1.324384,0.714611,ISR,BEL,292121
11615118,111,18,6246,2011,14476.0,1203208.0,1.298751,0.48013599999999995,ITA,BEL,292121
11615119,114,18,6246,2011,0.0,5659.0,2.516395,-0.534301,JPN,BEL,292121
11615120,118,18,6246,2011,0.0,2204.0,-1.162858,-1.103539,KHM,BEL,292121
11615121,121,18,6246,2011,0.0,2196542.0,1.731371,0.8306879999999999,KOR,BEL,292121
11615122,131,18,6246,2011,0.0,25588.0,1.1655739999999999,1.222379,LUX,BEL,292121
11615123,136,18,6246,2011,0.0,1274.0,-1.040519,-0.404883,MDG,BEL,292121
11615124,151,18,6246,2011,0.0,1706.0,-0.09464600000000001,0.091177,MUS,BEL,292121
11615125,153,18,6246,2011,0.0,51826.0,0.9893290000000001,0.632079,MYS,BEL,292121
11615126,162,18,6246,2011,1874452.0,5172078.0,1.1655229999999999,1.410167,NLD,BEL,292121
11615127,163,18,6246,2011,0.0,1753.0,0.8492770000000001,0.050044,NOR,BEL,292121
11615128,168,18,6246,2011,0.0,6173.0,-0.729677,0.6026729999999999,PAK,BEL,292121
11615129,177,18,6246,2011,0.0,16907.0,1.133641,1.134203,POL,BEL,292121
11615130,179,18,6246,2011,0.0,1038.0,0.558481,2.7056240000000003,PRT,BEL,292121
11615131,186,18,6246,2011,0.0,234678.0,0.47319399999999995,-0.20801599999999998,RUS,BEL,292121
11615132,192,18,6246,2011,0.0,4045845.0,1.849116,0.52127,SGP,BEL,292121
11615133,207,18,6246,2011,0.0,7080.0,1.642913,0.700222,SVN,BEL,292121
11615134,208,18,6246,2011,2391746.0,50192.0,1.857146,0.366159,SWE,BEL,292121
11615135,216,18,6246,2011,0.0,88872.0,0.889009,1.503118,THA,BEL,292121
11615136,223,18,6246,2011,0.0,2215.0,0.151221,1.1252360000000001,TUN,BEL,292121
11615137,224,18,6246,2011,0.0,821626.0,0.45775,2.4316259999999996,TUR,BEL,292121
11615138,231,18,6246,2011,6331914.0,9544736.0,1.6884849999999998,-0.474499,USA,BEL,292121
11615139,239,18,6246,2011,0.0,1172059.0,-0.184453,1.637207,VNM,BEL,292121
11615140,249,18,6246,2011,0.0,90873.0,1.803234,0.921233,TWN,BEL,292121
11615141,18,23,6246,2011,2607414.0,0.0,1.221703,1.247961,BEL,BGR,292121
11615142,162,23,6246,2011,197822.0,0.0,1.1655229999999999,1.410167,NLD,BGR,292121
11615143,208,23,6246,2011,476180.0,0.0,1.857146,0.366159,SWE,BGR,292121
11615144,8,32,6246,2011,0.0,9783.0,0.240494,0.540376,ARG,BRA,292121
11615145,18,32,6246,2011,270042.0,0.0,1.221703,1.247961,BEL,BRA,292121
11615146,41,32,6246,2011,1119.0,0.0,2.2644029999999997,0.406131,CHE,BRA,292121
11615147,43,32,6246,2011,1000010.0,0.0,1.072299,1.686826,CHN,BRA,292121
11615148,52,32,6246,2011,0.0,8018.0,0.04325,-0.553193,CRI,BRA,292121
11615149,61,32,6246,2011,27116.0,0.0,2.074435,-3.440815,DEU,BRA,292121
11615150,71,32,6246,2011,1249.0,0.0,0.8677290000000001,2.4618450000000003,ESP,BRA,292121
11615151,81,32,6246,2011,2359.0,0.0,1.8048220000000001,0.380141,GBR,BRA,292121
11615152,104,32,6246,2011,1353.0,0.0,0.18276199999999998,2.398765,IND,BRA,292121
11615153,114,32,6246,2011,173085.0,0.0,2.516395,-0.534301,JPN,BRA,292121
11615154,121,32,6246,2011,21104.0,0.0,1.731371,0.8306879999999999,KOR,BRA,292121
11615155,162,32,6246,2011,486444.0,0.0,1.1655229999999999,1.410167,NLD,BRA,292121
11615156,177,32,6246,2011,137081.0,0.0,1.133641,1.134203,POL,BRA,292121
11615157,208,32,6246,2011,1342340.0,0.0,1.857146,0.366159,SWE,BRA,292121
11615158,231,32,6246,2011,9637082.0,0.0,1.6884849999999998,-0.474499,USA,BRA,292121
11615159,159,33,6246,2011,0.0,6776.0,-1.699286,-1.15511,NGA,BRB,292121
11615160,43,39,6246,2011,141646.0,0.0,1.072299,1.686826,CHN,CAN,292121
11615161,49,39,6246,2011,0.0,14309.0,0.14336600000000002,-0.22996,COL,CAN,292121
11615162,61,39,6246,2011,1437.0,0.0,2.074435,-3.440815,DEU,CAN,292121
11615163,71,39,6246,2011,23167.0,0.0,0.8677290000000001,2.4618450000000003,ESP,CAN,292121
11615164,77,39,6246,2011,0.0,30230.0,1.532054,0.09339299999999999,FRA,CAN,292121
11615165,110,39,6246,2011,0.0,57069.0,1.324384,0.714611,ISR,CAN,292121
11615166,111,39,6246,2011,0.0,53373.0,1.298751,0.48013599999999995,ITA,CAN,292121
11615167,138,39,6246,2011,0.0,309624.0,0.9534600000000001,0.706982,MEX,CAN,292121
11615168,162,39,6246,2011,187096.0,0.0,1.1655229999999999,1.410167,NLD,CAN,292121
11615169,166,39,6246,2011,0.0,166893.0,0.372732,0.548601,NZL,CAN,292121
11615170,177,39,6246,2011,22860.0,0.0,1.133641,1.134203,POL,CAN,292121
11615171,188,39,6246,2011,0.0,26237.0,0.354045,-0.800028,SAU,CAN,292121
11615172,231,39,6246,2011,1422753.0,8069907.0,1.6884849999999998,-0.474499,USA,CAN,292121
11615173,18,41,6246,2011,62090.0,0.0,1.221703,1.247961,BEL,CHE,292121
11615174,32,41,6246,2011,0.0,1119.0,0.27718400000000004,0.5674319999999999,BRA,CHE,292121
11615175,43,41,6246,2011,1967.0,60166.0,1.072299,1.686826,CHN,CHE,292121
11615176,61,41,6246,2011,29465.0,111929.0,2.074435,-3.440815,DEU,CHE,292121
11615177,64,41,6246,2011,0.0,5018.0,1.156026,1.2248299999999999,DNK,CHE,292121
11615178,77,41,6246,2011,138283.0,13656.0,1.532054,0.09339299999999999,FRA,CHE,292121
11615179,81,41,6246,2011,0.0,2298.0,1.8048220000000001,0.380141,GBR,CHE,292121
11615180,104,41,6246,2011,5280.0,35307.0,0.18276199999999998,2.398765,IND,CHE,292121
11615181,110,41,6246,2011,0.0,1915.0,1.324384,0.714611,ISR,CHE,292121
11615182,111,41,6246,2011,5337.0,0.0,1.298751,0.48013599999999995,ITA,CHE,292121
11615183,162,41,6246,2011,202672.0,0.0,1.1655229999999999,1.410167,NLD,CHE,292121
11615184,177,41,6246,2011,0.0,1650.0,1.133641,1.134203,POL,CHE,292121
11615185,206,41,6246,2011,0.0,3500.0,1.262897,0.8230569999999999,SVK,CHE,292121
11615186,231,41,6246,2011,0.0,15055.0,1.6884849999999998,-0.474499,USA,CHE,292121
11615187,43,42,6246,2011,106642.0,0.0,1.072299,1.686826,CHN,CHL,292121
11615188,71,42,6246,2011,33574.0,0.0,0.8677290000000001,2.4618450000000003,ESP,CHL,292121
11615189,77,42,6246,2011,41935.0,0.0,1.532054,0.09339299999999999,FRA,CHL,292121
11615190,121,42,6246,2011,51862.0,0.0,1.731371,0.8306879999999999,KOR,CHL,292121
11615191,231,42,6246,2011,5017.0,0.0,1.6884849999999998,-0.474499,USA,CHL,292121
11615192,7,43,6246,2011,0.0,175526.0,0.030652,-0.450808,ARE,CHN,292121
11615193,8,43,6246,2011,0.0,7244.0,0.240494,0.540376,ARG,CHN,292121
11615194,9,43,6246,2011,0.0,994.0,0.543397,-0.029376999999999997,ARM,CHN,292121
11615195,14,43,6246,2011,0.0,694765.0,-0.138148,0.002999,AUS,CHN,292121
11615196,15,43,6246,2011,0.0,3037.0,1.687634,-0.229095,AUT,CHN,292121
11615197,16,43,6246,2011,0.0,55122.0,-1.313136,-1.189989,AZE,CHN,292121
11615198,18,43,6246,2011,33955424.0,772366.0,1.221703,1.247961,BEL,CHN,292121
11615199,22,43,6246,2011,0.0,195602.0,-1.074416,-0.8276370000000001,BGD,CHN,292121
11615200,28,43,6246,2011,0.0,3563.0,0.8786729999999999,0.442097,BLR,CHN,292121
11615201,32,43,6246,2011,0.0,1000010.0,0.27718400000000004,0.5674319999999999,BRA,CHN,292121
11615202,39,43,6246,2011,0.0,141646.0,0.754813,1.1967290000000002,CAN,CHN,292121
11615203,41,43,6246,2011,60166.0,1967.0,2.2644029999999997,0.406131,CHE,CHN,292121
11615204,42,43,6246,2011,0.0,106642.0,-0.199877,-0.353009,CHL,CHN,292121
11615205,49,43,6246,2011,0.0,1224003.0,0.14336600000000002,-0.22996,COL,CHN,292121
11615206,52,43,6246,2011,0.0,6034.0,0.04325,-0.553193,CRI,CHN,292121
11615207,61,43,6246,2011,483733.0,539477.0,2.074435,-3.440815,DEU,CHN,292121
11615208,62,43,6246,2011,0.0,32714.0,-0.6224529999999999,-0.7357739999999999,DJI,CHN,292121
11615209,64,43,6246,2011,0.0,7789.0,1.156026,1.2248299999999999,DNK,CHN,292121
11615210,65,43,6246,2011,0.0,66922.0,-0.260653,0.5682010000000001,DOM,CHN,292121
11615211,66,43,6246,2011,0.0,43225.0,-1.36763,-1.140594,DZA,CHN,292121
11615212,67,43,6246,2011,0.0,217840.0,-0.8250639999999999,-0.839082,ECU,CHN,292121
11615213,68,43,6246,2011,0.0,167426.0,-0.166243,1.384719,EGY,CHN,292121
11615214,71,43,6246,2011,0.0,505119.0,0.8677290000000001,2.4618450000000003,ESP,CHN,292121
11615215,72,43,6246,2011,0.0,9044.0,0.9806790000000001,1.110449,EST,CHN,292121
11615216,77,43,6246,2011,160643.0,216434.0,1.532054,0.09339299999999999,FRA,CHN,292121
11615217,81,43,6246,2011,0.0,369216.0,1.8048220000000001,0.380141,GBR,CHN,292121
11615218,90,43,6246,2011,0.0,55479.0,0.138679,1.30044,GRC,CHN,292121
11615219,93,43,6246,2011,0.0,144511.0,-0.329497,0.775369,GTM,CHN,292121
11615220,97,43,6246,2011,8102.0,68283.0,0.663588,1.902118,HKG,CHN,292121
11615221,99,43,6246,2011,0.0,16534.0,-0.740241,-0.311952,HND,CHN,292121
11615222,102,43,6246,2011,0.0,82810.0,1.486592,0.805642,HUN,CHN,292121
11615223,103,43,6246,2011,0.0,378357.0,-0.234125,1.168384,IDN,CHN,292121
11615224,104,43,6246,2011,3130599.0,3262904.0,0.18276199999999998,2.398765,IND,CHN,292121
11615225,107,43,6246,2011,0.0,902490.0,-0.915379,-0.973194,IRN,CHN,292121
11615226,108,43,6246,2011,0.0,46240.0,-2.175137,-0.726975,IRQ,CHN,292121
11615227,110,43,6246,2011,4113.0,47286.0,1.324384,0.714611,ISR,CHN,292121
11615228,111,43,6246,2011,25718.0,403184.0,1.298751,0.48013599999999995,ITA,CHN,292121
11615229,112,43,6246,2011,0.0,2568.0,-0.162212,-0.621817,JAM,CHN,292121
11615230,113,43,6246,2011,0.0,122982.0,0.231605,0.47049399999999997,JOR,CHN,292121
11615231,114,43,6246,2011,63293776.0,734220.0,2.516395,-0.534301,JPN,CHN,292121
11615232,115,43,6246,2011,0.0,3424.0,-0.514687,-0.775671,KAZ,CHN,292121
11615233,116,43,6246,2011,0.0,65583.0,-0.48319300000000004,0.346927,KEN,CHN,292121
11615234,118,43,6246,2011,0.0,23127.0,-1.162858,-1.103539,KHM,CHN,292121
11615235,121,43,6246,2011,25878.0,2505132.0,1.731371,0.8306879999999999,KOR,CHN,292121
11615236,122,43,6246,2011,0.0,79631.0,-0.898582,-1.09893,KWT,CHN,292121
11615237,124,43,6246,2011,0.0,73088.0,0.278393,1.2962879999999999,LBN,CHN,292121
11615238,128,43,6246,2011,0.0,38337.0,-0.559311,0.398905,LKA,CHN,292121
11615239,130,43,6246,2011,0.0,46502.0,0.747963,0.9759530000000001,LTU,CHN,292121
11615240,135,43,6246,2011,0.0,2096.0,-0.225556,0.28622,MDA,CHN,292121
11615241,138,43,6246,2011,0.0,169317.0,0.9534600000000001,0.706982,MEX,CHN,292121
11615242,143,43,6246,2011,0.0,5072.0,-1.3557190000000001,-0.929934,MMR,CHN,292121
11615243,144,43,6246,2011,0.0,26194.0,0.149559,0.024935,MNE,CHN,292121
11615244,151,43,6246,2011,0.0,8869.0,-0.09464600000000001,0.091177,MUS,CHN,292121
11615245,153,43,6246,2011,31515.0,468091.0,0.9893290000000001,0.632079,MYS,CHN,292121
11615246,159,43,6246,2011,0.0,977700.0,-1.699286,-1.15511,NGA,CHN,292121
11615247,162,43,6246,2011,8276660.0,388817.0,1.1655229999999999,1.410167,NLD,CHN,292121
11615248,166,43,6246,2011,0.0,271436.0,0.372732,0.548601,NZL,CHN,292121
11615249,168,43,6246,2011,0.0,470625.0,-0.729677,0.6026729999999999,PAK,CHN,292121
11615250,173,43,6246,2011,0.0,155155.0,-0.455977,0.442543,PER,CHN,292121
11615251,174,43,6246,2011,0.0,27631.0,0.364707,0.322626,PHL,CHN,292121
11615252,176,43,6246,2011,0.0,40179.0,-1.1111659999999999,-0.9458610000000001,PNG,CHN,292121
11615253,177,43,6246,2011,5938.0,655705.0,1.133641,1.134203,POL,CHN,292121
11615254,178,43,6246,2011,0.0,5278.0,-0.024317,-0.154781,PRK,CHN,292121
11615255,180,43,6246,2011,0.0,17331.0,-0.548759,-0.877743,PRY,CHN,292121
11615256,182,43,6246,2011,0.0,4647.0,0.37798000000000004,-0.460049,PYF,CHN,292121
11615257,186,43,6246,2011,0.0,2096322.0,0.47319399999999995,-0.20801599999999998,RUS,CHN,292121
11615258,188,43,6246,2011,9660387.0,73473.0,0.354045,-0.800028,SAU,CHN,292121
11615259,190,43,6246,2011,0.0,29653.0,-2.1675869999999997,-1.249272,SDN,CHN,292121
11615260,192,43,6246,2011,2318139.0,151485.0,1.849116,0.52127,SGP,CHN,292121
11615261,201,43,6246,2011,0.0,9060.0,0.49055699999999997,1.5601399999999999,SRB,CHN,292121
11615262,208,43,6246,2011,19636126.0,0.0,1.857146,0.366159,SWE,CHN,292121
11615263,212,43,6246,2011,0.0,200963.0,-0.604133,0.5268970000000001,SYR,CHN,292121
11615264,216,43,6246,2011,244271.0,644219.0,0.889009,1.503118,THA,CHN,292121
11615265,222,43,6246,2011,0.0,80112.0,-0.44228,-1.031793,TTO,CHN,292121
11615266,224,43,6246,2011,4476.0,481087.0,0.45775,2.4316259999999996,TUR,CHN,292121
11615267,227,43,6246,2011,0.0,6706.0,-0.7153,-0.062678,UGA,CHN,292121
11615268,228,43,6246,2011,0.0,267300.0,0.6221409999999999,0.765505,UKR,CHN,292121
11615269,230,43,6246,2011,0.0,10107.0,0.313195,0.042866,URY,CHN,292121
11615270,231,43,6246,2011,38154316.0,2819110.0,1.6884849999999998,-0.474499,USA,CHN,292121
11615271,236,43,6246,2011,0.0,151364.0,-0.841147,-1.095636,VEN,CHN,292121
11615272,239,43,6246,2011,0.0,1756719.0,-0.184453,1.637207,VNM,CHN,292121
11615273,243,43,6246,2011,0.0,353757.0,-1.44127,-1.242875,YEM,CHN,292121
11615274,246,43,6246,2011,0.0,770286.0,0.241792,1.353011,ZAF,CHN,292121
11615275,249,43,6246,2011,310266.0,2269426.0,1.803234,0.921233,TWN,CHN,292121
11615276,8,49,6246,2011,7127.0,0.0,0.240494,0.540376,ARG,COL,292121
11615277,18,49,6246,2011,217987.0,0.0,1.221703,1.247961,BEL,COL,292121
11615278,39,49,6246,2011,14309.0,0.0,0.754813,1.1967290000000002,CAN,COL,292121
11615279,43,49,6246,2011,1224003.0,0.0,1.072299,1.686826,CHN,COL,292121
11615280,61,49,6246,2011,8237.0,0.0,2.074435,-3.440815,DEU,COL,292121
11615281,162,49,6246,2011,58791.0,0.0,1.1655229999999999,1.410167,NLD,COL,292121
11615282,208,49,6246,2011,203885.0,0.0,1.857146,0.366159,SWE,COL,292121
11615283,231,49,6246,2011,10610989.0,0.0,1.6884849999999998,-0.474499,USA,COL,292121
11615284,32,52,6246,2011,8018.0,0.0,0.27718400000000004,0.5674319999999999,BRA,CRI,292121
11615285,43,52,6246,2011,6034.0,0.0,1.072299,1.686826,CHN,CRI,292121
11615286,93,52,6246,2011,1466.0,0.0,-0.329497,0.775369,GTM,CRI,292121
11615287,111,52,6246,2011,1200.0,0.0,1.298751,0.48013599999999995,ITA,CRI,292121
11615288,231,52,6246,2011,4308.0,0.0,1.6884849999999998,-0.474499,USA,CRI,292121
11615289,222,55,6246,2011,0.0,11717.0,-0.44228,-1.031793,TTO,CUW,292121
11615290,15,59,6246,2011,95930.0,0.0,1.687634,-0.229095,AUT,CZE,292121
11615291,61,59,6246,2011,2940.0,0.0,2.074435,-3.440815,DEU,CZE,292121
11615292,71,59,6246,2011,26404.0,0.0,0.8677290000000001,2.4618450000000003,ESP,CZE,292121
11615293,102,59,6246,2011,0.0,1394.0,1.486592,0.805642,HUN,CZE,292121
11615294,153,59,6246,2011,0.0,316207.0,0.9893290000000001,0.632079,MYS,CZE,292121
11615295,162,59,6246,2011,5393.0,0.0,1.1655229999999999,1.410167,NLD,CZE,292121
11615296,163,59,6246,2011,0.0,1777.0,0.8492770000000001,0.050044,NOR,CZE,292121
11615297,185,59,6246,2011,0.0,1481.0,0.722,1.296655,ROU,CZE,292121
11615298,206,59,6246,2011,0.0,6969.0,1.262897,0.8230569999999999,SVK,CZE,292121
11615299,208,59,6246,2011,750868.0,0.0,1.857146,0.366159,SWE,CZE,292121
11615300,7,61,6246,2011,0.0,1604.0,0.030652,-0.450808,ARE,DEU,292121
11615301,8,61,6246,2011,0.0,163039.0,0.240494,0.540376,ARG,DEU,292121
11615302,14,61,6246,2011,0.0,5975.0,-0.138148,0.002999,AUS,DEU,292121
11615303,15,61,6246,2011,0.0,162999.0,1.687634,-0.229095,AUT,DEU,292121
11615304,18,61,6246,2011,42182728.0,215432.0,1.221703,1.247961,BEL,DEU,292121
11615305,22,61,6246,2011,0.0,50744.0,-1.074416,-0.8276370000000001,BGD,DEU,292121
11615306,28,61,6246,2011,0.0,2839.0,0.8786729999999999,0.442097,BLR,DEU,292121
11615307,32,61,6246,2011,0.0,27116.0,0.27718400000000004,0.5674319999999999,BRA,DEU,292121
11615308,39,61,6246,2011,0.0,1437.0,0.754813,1.1967290000000002,CAN,DEU,292121
11615309,41,61,6246,2011,111929.0,29465.0,2.2644029999999997,0.406131,CHE,DEU,292121
11615310,43,61,6246,2011,539477.0,483733.0,1.072299,1.686826,CHN,DEU,292121
11615311,49,61,6246,2011,0.0,8237.0,0.14336600000000002,-0.22996,COL,DEU,292121
11615312,59,61,6246,2011,0.0,2940.0,1.737788,0.14741600000000002,CZE,DEU,292121
11615313,64,61,6246,2011,0.0,1715.0,1.156026,1.2248299999999999,DNK,DEU,292121
11615314,65,61,6246,2011,0.0,2588.0,-0.260653,0.5682010000000001,DOM,DEU,292121
11615315,68,61,6246,2011,0.0,1712.0,-0.166243,1.384719,EGY,DEU,292121
11615316,71,61,6246,2011,231978.0,91731.0,0.8677290000000001,2.4618450000000003,ESP,DEU,292121
11615317,77,61,6246,2011,8311.0,80979.0,1.532054,0.09339299999999999,FRA,DEU,292121
11615318,81,61,6246,2011,64026.0,47970.0,1.8048220000000001,0.380141,GBR,DEU,292121
11615319,82,61,6246,2011,0.0,4963.0,-0.07754,-0.35434699999999997,GEO,DEU,292121
11615320,83,61,6246,2011,0.0,10151.0,-0.8627319999999999,-0.608823,GHA,DEU,292121
11615321,90,61,6246,2011,0.0,4948.0,0.138679,1.30044,GRC,DEU,292121
11615322,97,61,6246,2011,0.0,36006.0,0.663588,1.902118,HKG,DEU,292121
11615323,102,61,6246,2011,0.0,65359.0,1.486592,0.805642,HUN,DEU,292121
11615324,103,61,6246,2011,0.0,4830.0,-0.234125,1.168384,IDN,DEU,292121
11615325,104,61,6246,2011,168757.0,49774.0,0.18276199999999998,2.398765,IND,DEU,292121
11615326,106,61,6246,2011,0.0,1805812.0,1.403182,0.290245,IRL,DEU,292121
11615327,107,61,6246,2011,0.0,10063.0,-0.915379,-0.973194,IRN,DEU,292121
11615328,109,61,6246,2011,0.0,8198.0,0.284202,-0.23753000000000002,ISL,DEU,292121
11615329,110,61,6246,2011,0.0,1789.0,1.324384,0.714611,ISR,DEU,292121
11615330,111,61,6246,2011,0.0,174630.0,1.298751,0.48013599999999995,ITA,DEU,292121
11615331,114,61,6246,2011,15891.0,1590.0,2.516395,-0.534301,JPN,DEU,292121
11615332,121,61,6246,2011,0.0,4072.0,1.731371,0.8306879999999999,KOR,DEU,292121
11615333,130,61,6246,2011,0.0,1243.0,0.747963,0.9759530000000001,LTU,DEU,292121
11615334,132,61,6246,2011,0.0,1376.0,0.7320939999999999,1.101321,LVA,DEU,292121
11615335,138,61,6246,2011,0.0,2357.0,0.9534600000000001,0.706982,MEX,DEU,292121
11615336,153,61,6246,2011,0.0,3521.0,0.9893290000000001,0.632079,MYS,DEU,292121
11615337,160,61,6246,2011,0.0,2456.0,-0.9592139999999999,-0.796108,NIC,DEU,292121
11615338,162,61,6246,2011,6525124.0,520383.0,1.1655229999999999,1.410167,NLD,DEU,292121
11615339,163,61,6246,2011,0.0,2178.0,0.8492770000000001,0.050044,NOR,DEU,292121
11615340,166,61,6246,2011,0.0,1711.0,0.372732,0.548601,NZL,DEU,292121
11615341,168,61,6246,2011,0.0,2269.0,-0.729677,0.6026729999999999,PAK,DEU,292121
11615342,174,61,6246,2011,0.0,197530.0,0.364707,0.322626,PHL,DEU,292121
11615343,177,61,6246,2011,125654.0,4558.0,1.133641,1.134203,POL,DEU,292121
11615344,185,61,6246,2011,0.0,108981.0,0.722,1.296655,ROU,DEU,292121
11615345,186,61,6246,2011,0.0,15274.0,0.47319399999999995,-0.20801599999999998,RUS,DEU,292121
11615346,188,61,6246,2011,0.0,45953.0,0.354045,-0.800028,SAU,DEU,292121
11615347,190,61,6246,2011,0.0,30138.0,-2.1675869999999997,-1.249272,SDN,DEU,292121
11615348,191,61,6246,2011,0.0,8079.0,-0.624346,-0.308052,SEN,DEU,292121
11615349,192,61,6246,2011,0.0,8050.0,1.849116,0.52127,SGP,DEU,292121
11615350,206,61,6246,2011,0.0,4999.0,1.262897,0.8230569999999999,SVK,DEU,292121
11615351,207,61,6246,2011,0.0,17990.0,1.642913,0.700222,SVN,DEU,292121
11615352,208,61,6246,2011,2167919.0,2871.0,1.857146,0.366159,SWE,DEU,292121
11615353,216,61,6246,2011,0.0,2521.0,0.889009,1.503118,THA,DEU,292121
11615354,222,61,6246,2011,0.0,21470.0,-0.44228,-1.031793,TTO,DEU,292121
11615355,224,61,6246,2011,0.0,262305.0,0.45775,2.4316259999999996,TUR,DEU,292121
11615356,228,61,6246,2011,0.0,13024.0,0.6221409999999999,0.765505,UKR,DEU,292121
11615357,231,61,6246,2011,8810.0,4411.0,1.6884849999999998,-0.474499,USA,DEU,292121
11615358,236,61,6246,2011,0.0,58334.0,-0.841147,-1.095636,VEN,DEU,292121
11615359,239,61,6246,2011,0.0,6350.0,-0.184453,1.637207,VNM,DEU,292121
11615360,246,61,6246,2011,113065.0,3663.0,0.241792,1.353011,ZAF,DEU,292121
11615361,249,61,6246,2011,0.0,286029.0,1.803234,0.921233,TWN,DEU,292121
11615362,18,64,6246,2011,106272.0,0.0,1.221703,1.247961,BEL,DNK,292121
11615363,41,64,6246,2011,5018.0,0.0,2.2644029999999997,0.406131,CHE,DNK,292121
11615364,43,64,6246,2011,7789.0,0.0,1.072299,1.686826,CHN,DNK,292121
11615365,61,64,6246,2011,1715.0,0.0,2.074435,-3.440815,DEU,DNK,292121
11615366,74,64,6246,2011,1153.0,0.0,1.7488830000000002,0.890934,FIN,DNK,292121
11615367,77,64,6246,2011,47333.0,0.0,1.532054,0.09339299999999999,FRA,DNK,292121
11615368,81,64,6246,2011,268336.0,0.0,1.8048220000000001,0.380141,GBR,DNK,292121
11615369,104,64,6246,2011,0.0,42074.0,0.18276199999999998,2.398765,IND,DNK,292121
11615370,162,64,6246,2011,253889.0,0.0,1.1655229999999999,1.410167,NLD,DNK,292121
11615371,208,64,6246,2011,253417.0,1171.0,1.857146,0.366159,SWE,DNK,292121
11615372,231,64,6246,2011,329126.0,0.0,1.6884849999999998,-0.474499,USA,DNK,292121
11615373,43,65,6246,2011,66922.0,0.0,1.072299,1.686826,CHN,DOM,292121
11615374,54,65,6246,2011,0.0,6134.0,-0.050093,-0.88759,CUB,DOM,292121
11615375,61,65,6246,2011,2588.0,0.0,2.074435,-3.440815,DEU,DOM,292121
11615376,71,65,6246,2011,29760.0,0.0,0.8677290000000001,2.4618450000000003,ESP,DOM,292121
11615377,104,65,6246,2011,279563.0,0.0,0.18276199999999998,2.398765,IND,DOM,292121
11615378,231,65,6246,2011,69698.0,0.0,1.6884849999999998,-0.474499,USA,DOM,292121
11615379,43,67,6246,2011,217840.0,0.0,1.072299,1.686826,CHN,ECU,292121
11615380,111,67,6246,2011,1758.0,0.0,1.298751,0.48013599999999995,ITA,ECU,292121
11615381,231,67,6246,2011,53571.0,0.0,1.6884849999999998,-0.474499,USA,ECU,292121
11615382,8,71,6246,2011,0.0,1127.0,0.240494,0.540376,ARG,ESP,292121
11615383,14,71,6246,2011,0.0,3051.0,-0.138148,0.002999,AUS,ESP,292121
11615384,18,71,6246,2011,730994.0,0.0,1.221703,1.247961,BEL,ESP,292121
11615385,32,71,6246,2011,0.0,1249.0,0.27718400000000004,0.5674319999999999,BRA,ESP,292121
11615386,39,71,6246,2011,0.0,23167.0,0.754813,1.1967290000000002,CAN,ESP,292121
11615387,42,71,6246,2011,0.0,33574.0,-0.199877,-0.353009,CHL,ESP,292121
11615388,43,71,6246,2011,505119.0,0.0,1.072299,1.686826,CHN,ESP,292121
11615389,59,71,6246,2011,0.0,26404.0,1.737788,0.14741600000000002,CZE,ESP,292121
11615390,61,71,6246,2011,91731.0,231978.0,2.074435,-3.440815,DEU,ESP,292121
11615391,65,71,6246,2011,0.0,29760.0,-0.260653,0.5682010000000001,DOM,ESP,292121
11615392,66,71,6246,2011,0.0,76166.0,-1.36763,-1.140594,DZA,ESP,292121
11615393,77,71,6246,2011,146712.0,29325.0,1.532054,0.09339299999999999,FRA,ESP,292121
11615394,81,71,6246,2011,12911.0,0.0,1.8048220000000001,0.380141,GBR,ESP,292121
11615395,103,71,6246,2011,0.0,3194.0,-0.234125,1.168384,IDN,ESP,292121
11615396,104,71,6246,2011,0.0,165553.0,0.18276199999999998,2.398765,IND,ESP,292121
11615397,111,71,6246,2011,1931085.0,0.0,1.298751,0.48013599999999995,ITA,ESP,292121
11615398,134,71,6246,2011,0.0,9337.0,-0.485404,0.099828,MAR,ESP,292121
11615399,162,71,6246,2011,2521504.0,0.0,1.1655229999999999,1.410167,NLD,ESP,292121
11615400,179,71,6246,2011,9618.0,48460.0,0.558481,2.7056240000000003,PRT,ESP,292121
11615401,186,71,6246,2011,0.0,1767.0,0.47319399999999995,-0.20801599999999998,RUS,ESP,292121
11615402,188,71,6246,2011,0.0,310476.0,0.354045,-0.800028,SAU,ESP,292121
11615403,192,71,6246,2011,0.0,2327.0,1.849116,0.52127,SGP,ESP,292121
11615404,208,71,6246,2011,782455.0,0.0,1.857146,0.366159,SWE,ESP,292121
11615405,216,71,6246,2011,0.0,1177.0,0.889009,1.503118,THA,ESP,292121
11615406,230,71,6246,2011,0.0,10081.0,0.313195,0.042866,URY,ESP,292121
11615407,231,71,6246,2011,11141.0,308978.0,1.6884849999999998,-0.474499,USA,ESP,292121
11615408,249,71,6246,2011,0.0,2196.0,1.803234,0.921233,TWN,ESP,292121
11615409,64,74,6246,2011,0.0,1153.0,1.156026,1.2248299999999999,DNK,FIN,292121
11615410,81,74,6246,2011,13310.0,435240.0,1.8048220000000001,0.380141,GBR,FIN,292121
11615411,162,74,6246,2011,23593.0,14975.0,1.1655229999999999,1.410167,NLD,FIN,292121
11615412,186,74,6246,2011,0.0,8419.0,0.47319399999999995,-0.20801599999999998,RUS,FIN,292121
11615413,208,74,6246,2011,2445.0,0.0,1.857146,0.366159,SWE,FIN,292121
11615414,15,77,6246,2011,4620.0,1884.0,1.687634,-0.229095,AUT,FRA,292121
11615415,16,77,6246,2011,0.0,2072.0,-1.313136,-1.189989,AZE,FRA,292121
11615416,18,77,6246,2011,1573823.0,144083.0,1.221703,1.247961,BEL,FRA,292121
11615417,39,77,6246,2011,30230.0,0.0,0.754813,1.1967290000000002,CAN,FRA,292121
11615418,41,77,6246,2011,13656.0,138283.0,2.2644029999999997,0.406131,CHE,FRA,292121
11615419,42,77,6246,2011,0.0,41935.0,-0.199877,-0.353009,CHL,FRA,292121
11615420,43,77,6246,2011,216434.0,160643.0,1.072299,1.686826,CHN,FRA,292121
11615421,44,77,6246,2011,0.0,3336.0,-1.069474,-0.867439,CIV,FRA,292121
11615422,58,77,6246,2011,0.0,1021.0,0.798165,0.424179,CYP,FRA,292121
11615423,61,77,6246,2011,80979.0,8311.0,2.074435,-3.440815,DEU,FRA,292121
11615424,64,77,6246,2011,0.0,47333.0,1.156026,1.2248299999999999,DNK,FRA,292121
11615425,66,77,6246,2011,0.0,14807.0,-1.36763,-1.140594,DZA,FRA,292121
11615426,71,77,6246,2011,29325.0,146712.0,0.8677290000000001,2.4618450000000003,ESP,FRA,292121
11615427,80,77,6246,2011,0.0,1393.0,-1.093784,-1.0849659999999999,GAB,FRA,292121
11615428,81,77,6246,2011,129866.0,22755.0,1.8048220000000001,0.380141,GBR,FRA,292121
11615429,102,77,6246,2011,0.0,2239.0,1.486592,0.805642,HUN,FRA,292121
11615430,106,77,6246,2011,0.0,4767.0,1.403182,0.290245,IRL,FRA,292121
11615431,107,77,6246,2011,0.0,76434.0,-0.915379,-0.973194,IRN,FRA,292121
11615432,110,77,6246,2011,0.0,1091701.0,1.324384,0.714611,ISR,FRA,292121
11615433,111,77,6246,2011,1549.0,137922.0,1.298751,0.48013599999999995,ITA,FRA,292121
11615434,122,77,6246,2011,0.0,3448.0,-0.898582,-1.09893,KWT,FRA,292121
11615435,134,77,6246,2011,0.0,31433.0,-0.485404,0.099828,MAR,FRA,292121
11615436,162,77,6246,2011,4704691.0,99844.0,1.1655229999999999,1.410167,NLD,FRA,292121
11615437,163,77,6246,2011,0.0,13694.0,0.8492770000000001,0.050044,NOR,FRA,292121
11615438,166,77,6246,2011,0.0,174531.0,0.372732,0.548601,NZL,FRA,292121
11615439,177,77,6246,2011,77621.0,1049.0,1.133641,1.134203,POL,FRA,292121
11615440,179,77,6246,2011,0.0,2011.0,0.558481,2.7056240000000003,PRT,FRA,292121
11615441,188,77,6246,2011,0.0,175015.0,0.354045,-0.800028,SAU,FRA,292121
11615442,206,77,6246,2011,0.0,1068.0,1.262897,0.8230569999999999,SVK,FRA,292121
11615443,208,77,6246,2011,791230.0,0.0,1.857146,0.366159,SWE,FRA,292121
11615444,223,77,6246,2011,0.0,2001.0,0.151221,1.1252360000000001,TUN,FRA,292121
11615445,228,77,6246,2011,0.0,14682.0,0.6221409999999999,0.765505,UKR,FRA,292121
11615446,231,77,6246,2011,20385.0,119175.0,1.6884849999999998,-0.474499,USA,FRA,292121
11615447,239,77,6246,2011,0.0,68267.0,-0.184453,1.637207,VNM,FRA,292121
11615448,249,77,6246,2011,0.0,108706.0,1.803234,0.921233,TWN,FRA,292121
11615449,7,81,6246,2011,0.0,114211.0,0.030652,-0.450808,ARE,GBR,292121
11615450,14,81,6246,2011,0.0,2155.0,-0.138148,0.002999,AUS,GBR,292121
11615451,18,81,6246,2011,3043357.0,52815.0,1.221703,1.247961,BEL,GBR,292121
11615452,32,81,6246,2011,0.0,2359.0,0.27718400000000004,0.5674319999999999,BRA,GBR,292121
11615453,41,81,6246,2011,2298.0,0.0,2.2644029999999997,0.406131,CHE,GBR,292121
11615454,43,81,6246,2011,369216.0,0.0,1.072299,1.686826,CHN,GBR,292121
11615455,61,81,6246,2011,47970.0,64026.0,2.074435,-3.440815,DEU,GBR,292121
11615456,64,81,6246,2011,0.0,268336.0,1.156026,1.2248299999999999,DNK,GBR,292121
11615457,71,81,6246,2011,0.0,12911.0,0.8677290000000001,2.4618450000000003,ESP,GBR,292121
11615458,74,81,6246,2011,435240.0,13310.0,1.7488830000000002,0.890934,FIN,GBR,292121
11615459,77,81,6246,2011,22755.0,129866.0,1.532054,0.09339299999999999,FRA,GBR,292121
11615460,83,81,6246,2011,0.0,1472.0,-0.8627319999999999,-0.608823,GHA,GBR,292121
11615461,90,81,6246,2011,0.0,2399.0,0.138679,1.30044,GRC,GBR,292121
11615462,104,81,6246,2011,99380.0,109394.0,0.18276199999999998,2.398765,IND,GBR,292121
11615463,106,81,6246,2011,0.0,145371.0,1.403182,0.290245,IRL,GBR,292121
11615464,111,81,6246,2011,0.0,52655.0,1.298751,0.48013599999999995,ITA,GBR,292121
11615465,114,81,6246,2011,84710.0,0.0,2.516395,-0.534301,JPN,GBR,292121
11615466,134,81,6246,2011,0.0,1202.0,-0.485404,0.099828,MAR,GBR,292121
11615467,153,81,6246,2011,0.0,79416.0,0.9893290000000001,0.632079,MYS,GBR,292121
11615468,162,81,6246,2011,26222622.0,29695.0,1.1655229999999999,1.410167,NLD,GBR,292121
11615469,174,81,6246,2011,0.0,2033.0,0.364707,0.322626,PHL,GBR,292121
11615470,177,81,6246,2011,57145.0,2965.0,1.133641,1.134203,POL,GBR,292121
11615471,188,81,6246,2011,0.0,9005.0,0.354045,-0.800028,SAU,GBR,292121
11615472,192,81,6246,2011,0.0,28555.0,1.849116,0.52127,SGP,GBR,292121
11615473,208,81,6246,2011,14419565.0,0.0,1.857146,0.366159,SWE,GBR,292121
11615474,216,81,6246,2011,0.0,7931.0,0.889009,1.503118,THA,GBR,292121
11615475,224,81,6246,2011,0.0,5839.0,0.45775,2.4316259999999996,TUR,GBR,292121
11615476,231,81,6246,2011,1523351.0,2446.0,1.6884849999999998,-0.474499,USA,GBR,292121
11615477,246,81,6246,2011,0.0,7212.0,0.241792,1.353011,ZAF,GBR,292121
11615478,249,81,6246,2011,0.0,121909.0,1.803234,0.921233,TWN,GBR,292121
11615479,43,90,6246,2011,55479.0,0.0,1.072299,1.686826,CHN,GRC,292121
11615480,58,90,6246,2011,0.0,21004.0,0.798165,0.424179,CYP,GRC,292121
11615481,61,90,6246,2011,4948.0,0.0,2.074435,-3.440815,DEU,GRC,292121
11615482,81,90,6246,2011,2399.0,0.0,1.8048220000000001,0.380141,GBR,GRC,292121
11615483,162,90,6246,2011,6675.0,0.0,1.1655229999999999,1.410167,NLD,GRC,292121
11615484,177,90,6246,2011,10376.0,0.0,1.133641,1.134203,POL,GRC,292121
11615485,43,93,6246,2011,144511.0,0.0,1.072299,1.686826,CHN,GTM,292121
11615486,52,93,6246,2011,0.0,1466.0,0.04325,-0.553193,CRI,GTM,292121
11615487,160,93,6246,2011,0.0,3979.0,-0.9592139999999999,-0.796108,NIC,GTM,292121
11615488,169,93,6246,2011,13987.0,0.0,0.786135,1.061008,PAN,GTM,292121
11615489,231,93,6246,2011,19794.0,0.0,1.6884849999999998,-0.474499,USA,GTM,292121
11615490,18,97,6246,2011,1141274.0,0.0,1.221703,1.247961,BEL,HKG,292121
11615491,43,97,6246,2011,68283.0,8102.0,1.072299,1.686826,CHN,HKG,292121
11615492,61,97,6246,2011,36006.0,0.0,2.074435,-3.440815,DEU,HKG,292121
11615493,107,97,6246,2011,0.0,233523.0,-0.915379,-0.973194,IRN,HKG,292121
11615494,153,97,6246,2011,0.0,84255.0,0.9893290000000001,0.632079,MYS,HKG,292121
11615495,162,97,6246,2011,402934.0,0.0,1.1655229999999999,1.410167,NLD,HKG,292121
11615496,192,97,6246,2011,46599.0,0.0,1.849116,0.52127,SGP,HKG,292121
11615497,208,97,6246,2011,2393.0,0.0,1.857146,0.366159,SWE,HKG,292121
11615498,216,97,6246,2011,0.0,41270.0,0.889009,1.503118,THA,HKG,292121
11615499,231,97,6246,2011,1189556.0,0.0,1.6884849999999998,-0.474499,USA,HKG,292121
11615500,249,97,6246,2011,0.0,184104.0,1.803234,0.921233,TWN,HKG,292121
11615501,43,99,6246,2011,16534.0,0.0,1.072299,1.686826,CHN,HND,292121
11615502,177,99,6246,2011,3485.0,0.0,1.133641,1.134203,POL,HND,292121
11615503,231,99,6246,2011,25007.0,0.0,1.6884849999999998,-0.474499,USA,HND,292121
11615504,14,103,6246,2011,0.0,154601.0,-0.138148,0.002999,AUS,IDN,292121
11615505,18,103,6246,2011,731122.0,0.0,1.221703,1.247961,BEL,IDN,292121
11615506,43,103,6246,2011,378357.0,0.0,1.072299,1.686826,CHN,IDN,292121
11615507,61,103,6246,2011,4830.0,0.0,2.074435,-3.440815,DEU,IDN,292121
11615508,71,103,6246,2011,3194.0,0.0,0.8677290000000001,2.4618450000000003,ESP,IDN,292121
11615509,83,103,6246,2011,0.0,30482.0,-0.8627319999999999,-0.608823,GHA,IDN,292121
11615510,104,103,6246,2011,63284.0,65275.0,0.18276199999999998,2.398765,IND,IDN,292121
11615511,114,103,6246,2011,6371101.0,0.0,2.516395,-0.534301,JPN,IDN,292121
11615512,143,103,6246,2011,0.0,2300.0,-1.3557190000000001,-0.929934,MMR,IDN,292121
11615513,153,103,6246,2011,59734.0,0.0,0.9893290000000001,0.632079,MYS,IDN,292121
11615514,159,103,6246,2011,0.0,10801.0,-1.699286,-1.15511,NGA,IDN,292121
11615515,162,103,6246,2011,187229.0,0.0,1.1655229999999999,1.410167,NLD,IDN,292121
11615516,188,103,6246,2011,124339.0,0.0,0.354045,-0.800028,SAU,IDN,292121
11615517,192,103,6246,2011,858648.0,0.0,1.849116,0.52127,SGP,IDN,292121
11615518,216,103,6246,2011,4589.0,0.0,0.889009,1.503118,THA,IDN,292121
11615519,231,103,6246,2011,125238.0,0.0,1.6884849999999998,-0.474499,USA,IDN,292121
11615520,249,103,6246,2011,8730.0,0.0,1.803234,0.921233,TWN,IDN,292121
11615521,7,104,6246,2011,201246.0,73751.0,0.030652,-0.450808,ARE,IND,292121
11615522,14,104,6246,2011,77994.0,0.0,-0.138148,0.002999,AUS,IND,292121
11615523,18,104,6246,2011,3118044.0,0.0,1.221703,1.247961,BEL,IND,292121
11615524,22,104,6246,2011,0.0,76847.0,-1.074416,-0.8276370000000001,BGD,IND,292121
11615525,32,104,6246,2011,0.0,1353.0,0.27718400000000004,0.5674319999999999,BRA,IND,292121
11615526,41,104,6246,2011,35307.0,5280.0,2.2644029999999997,0.406131,CHE,IND,292121
11615527,43,104,6246,2011,3262904.0,3130599.0,1.072299,1.686826,CHN,IND,292121
11615528,44,104,6246,2011,33860.0,0.0,-1.069474,-0.867439,CIV,IND,292121
11615529,47,104,6246,2011,0.0,39148.0,-0.979359,-1.084589,COG,IND,292121
11615530,61,104,6246,2011,49774.0,168757.0,2.074435,-3.440815,DEU,IND,292121
11615531,62,104,6246,2011,0.0,1995.0,-0.6224529999999999,-0.7357739999999999,DJI,IND,292121
11615532,64,104,6246,2011,42074.0,0.0,1.156026,1.2248299999999999,DNK,IND,292121
11615533,65,104,6246,2011,0.0,279563.0,-0.260653,0.5682010000000001,DOM,IND,292121
11615534,68,104,6246,2011,0.0,66907.0,-0.166243,1.384719,EGY,IND,292121
11615535,71,104,6246,2011,165553.0,0.0,0.8677290000000001,2.4618450000000003,ESP,IND,292121
11615536,81,104,6246,2011,109394.0,99380.0,1.8048220000000001,0.380141,GBR,IND,292121
11615537,103,104,6246,2011,65275.0,63284.0,-0.234125,1.168384,IDN,IND,292121
11615538,107,104,6246,2011,0.0,71587.0,-0.915379,-0.973194,IRN,IND,292121
11615539,110,104,6246,2011,50497.0,1066.0,1.324384,0.714611,ISR,IND,292121
11615540,111,104,6246,2011,71308.0,0.0,1.298751,0.48013599999999995,ITA,IND,292121
11615541,114,104,6246,2011,7112514.0,173150.0,2.516395,-0.534301,JPN,IND,292121
11615542,116,104,6246,2011,0.0,1815.0,-0.48319300000000004,0.346927,KEN,IND,292121
11615543,121,104,6246,2011,681163.0,49444.0,1.731371,0.8306879999999999,KOR,IND,292121
11615544,122,104,6246,2011,45021.0,0.0,-0.898582,-1.09893,KWT,IND,292121
11615545,125,104,6246,2011,0.0,2377.0,-0.318463,-0.9367489999999999,LBR,IND,292121
11615546,128,104,6246,2011,0.0,24851.0,-0.559311,0.398905,LKA,IND,292121
11615547,153,104,6246,2011,159767.0,0.0,0.9893290000000001,0.632079,MYS,IND,292121
11615548,159,104,6246,2011,0.0,13026.0,-1.699286,-1.15511,NGA,IND,292121
11615549,162,104,6246,2011,5177971.0,0.0,1.1655229999999999,1.410167,NLD,IND,292121
11615550,164,104,6246,2011,0.0,47914.0,-0.242299,0.801966,NPL,IND,292121
11615551,167,104,6246,2011,0.0,1079.0,-0.473703,-0.952491,OMN,IND,292121
11615552,168,104,6246,2011,338532.0,66792.0,-0.729677,0.6026729999999999,PAK,IND,292121
11615553,174,104,6246,2011,650356.0,3977.0,0.364707,0.322626,PHL,IND,292121
11615554,177,104,6246,2011,117821.0,51939.0,1.133641,1.134203,POL,IND,292121
11615555,183,104,6246,2011,63155.0,0.0,-0.45851899999999995,-1.017033,QAT,IND,292121
11615556,186,104,6246,2011,49169.0,0.0,0.47319399999999995,-0.20801599999999998,RUS,IND,292121
11615557,188,104,6246,2011,6360318.0,127385.0,0.354045,-0.800028,SAU,IND,292121
11615558,192,104,6246,2011,2477447.0,203719.0,1.849116,0.52127,SGP,IND,292121
11615559,208,104,6246,2011,14535620.0,0.0,1.857146,0.366159,SWE,IND,292121
11615560,216,104,6246,2011,0.0,14765.0,0.889009,1.503118,THA,IND,292121
11615561,224,104,6246,2011,0.0,57283.0,0.45775,2.4316259999999996,TUR,IND,292121
11615562,226,104,6246,2011,0.0,995.0,-0.751316,0.286505,TZA,IND,292121
11615563,231,104,6246,2011,11719259.0,158591.0,1.6884849999999998,-0.474499,USA,IND,292121
11615564,232,104,6246,2011,0.0,1882.0,-0.785878,-0.663918,UZB,IND,292121
11615565,239,104,6246,2011,0.0,10318.0,-0.184453,1.637207,VNM,IND,292121
11615566,246,104,6246,2011,0.0,9603.0,0.241792,1.353011,ZAF,IND,292121
11615567,249,104,6246,2011,54170.0,6177.0,1.803234,0.921233,TWN,IND,292121
11615568,15,106,6246,2011,0.0,1574.0,1.687634,-0.229095,AUT,IRL,292121
11615569,18,106,6246,2011,1866032.0,0.0,1.221703,1.247961,BEL,IRL,292121
11615570,61,106,6246,2011,1805812.0,0.0,2.074435,-3.440815,DEU,IRL,292121
11615571,77,106,6246,2011,4767.0,0.0,1.532054,0.09339299999999999,FRA,IRL,292121
11615572,81,106,6246,2011,145371.0,0.0,1.8048220000000001,0.380141,GBR,IRL,292121
11615573,107,106,6246,2011,0.0,269482.0,-0.915379,-0.973194,IRN,IRL,292121
11615574,162,106,6246,2011,2578439.0,0.0,1.1655229999999999,1.410167,NLD,IRL,292121
11615575,208,106,6246,2011,4237628.0,0.0,1.857146,0.366159,SWE,IRL,292121
11615576,231,106,6246,2011,0.0,2763.0,1.6884849999999998,-0.474499,USA,IRL,292121
11615577,249,106,6246,2011,0.0,79486.0,1.803234,0.921233,TWN,IRL,292121
11615578,18,110,6246,2011,55169.0,0.0,1.221703,1.247961,BEL,ISR,292121
11615579,39,110,6246,2011,57069.0,0.0,0.754813,1.1967290000000002,CAN,ISR,292121
11615580,41,110,6246,2011,1915.0,0.0,2.2644029999999997,0.406131,CHE,ISR,292121
11615581,43,110,6246,2011,47286.0,4113.0,1.072299,1.686826,CHN,ISR,292121
11615582,61,110,6246,2011,1789.0,0.0,2.074435,-3.440815,DEU,ISR,292121
11615583,77,110,6246,2011,1091701.0,0.0,1.532054,0.09339299999999999,FRA,ISR,292121
11615584,104,110,6246,2011,1066.0,50497.0,0.18276199999999998,2.398765,IND,ISR,292121
11615585,231,110,6246,2011,11655.0,0.0,1.6884849999999998,-0.474499,USA,ISR,292121
11615586,18,111,6246,2011,1203208.0,14476.0,1.221703,1.247961,BEL,ITA,292121
11615587,26,111,6246,2011,0.0,4082.0,0.391425,0.6066600000000001,BIH,ITA,292121
11615588,39,111,6246,2011,53373.0,0.0,0.754813,1.1967290000000002,CAN,ITA,292121
11615589,41,111,6246,2011,0.0,5337.0,2.2644029999999997,0.406131,CHE,ITA,292121
11615590,43,111,6246,2011,403184.0,25718.0,1.072299,1.686826,CHN,ITA,292121
11615591,52,111,6246,2011,0.0,1200.0,0.04325,-0.553193,CRI,ITA,292121
11615592,61,111,6246,2011,174630.0,0.0,2.074435,-3.440815,DEU,ITA,292121
11615593,67,111,6246,2011,0.0,1758.0,-0.8250639999999999,-0.839082,ECU,ITA,292121
11615594,71,111,6246,2011,0.0,1931085.0,0.8677290000000001,2.4618450000000003,ESP,ITA,292121
11615595,73,111,6246,2011,0.0,21382.0,-1.258175,-0.920692,ETH,ITA,292121
11615596,77,111,6246,2011,137922.0,1549.0,1.532054,0.09339299999999999,FRA,ITA,292121
11615597,81,111,6246,2011,52655.0,0.0,1.8048220000000001,0.380141,GBR,ITA,292121
11615598,104,111,6246,2011,0.0,71308.0,0.18276199999999998,2.398765,IND,ITA,292121
11615599,107,111,6246,2011,0.0,32105.0,-0.915379,-0.973194,IRN,ITA,292121
11615600,134,111,6246,2011,0.0,23843.0,-0.485404,0.099828,MAR,ITA,292121
11615601,162,111,6246,2011,2278460.0,1222492.0,1.1655229999999999,1.410167,NLD,ITA,292121
11615602,177,111,6246,2011,317579.0,0.0,1.133641,1.134203,POL,ITA,292121
11615603,207,111,6246,2011,0.0,6610.0,1.642913,0.700222,SVN,ITA,292121
11615604,208,111,6246,2011,3343447.0,0.0,1.857146,0.366159,SWE,ITA,292121
11615605,223,111,6246,2011,0.0,225751.0,0.151221,1.1252360000000001,TUN,ITA,292121
11615606,43,112,6246,2011,2568.0,0.0,1.072299,1.686826,CHN,JAM,292121
11615607,14,114,6246,2011,0.0,23354.0,-0.138148,0.002999,AUS,JPN,292121
11615608,18,114,6246,2011,5659.0,0.0,1.221703,1.247961,BEL,JPN,292121
11615609,32,114,6246,2011,0.0,173085.0,0.27718400000000004,0.5674319999999999,BRA,JPN,292121
11615610,43,114,6246,2011,734220.0,63293776.0,1.072299,1.686826,CHN,JPN,292121
11615611,61,114,6246,2011,1590.0,15891.0,2.074435,-3.440815,DEU,JPN,292121
11615612,81,114,6246,2011,0.0,84710.0,1.8048220000000001,0.380141,GBR,JPN,292121
11615613,103,114,6246,2011,0.0,6371101.0,-0.234125,1.168384,IDN,JPN,292121
11615614,104,114,6246,2011,173150.0,7112514.0,0.18276199999999998,2.398765,IND,JPN,292121
11615615,121,114,6246,2011,1600596.0,4030434.0,1.731371,0.8306879999999999,KOR,JPN,292121
11615616,138,114,6246,2011,0.0,149373.0,0.9534600000000001,0.706982,MEX,JPN,292121
11615617,153,114,6246,2011,0.0,1421894.0,0.9893290000000001,0.632079,MYS,JPN,292121
11615618,174,114,6246,2011,0.0,113448.0,0.364707,0.322626,PHL,JPN,292121
11615619,192,114,6246,2011,98437.0,2385410.0,1.849116,0.52127,SGP,JPN,292121
11615620,208,114,6246,2011,6527390.0,0.0,1.857146,0.366159,SWE,JPN,292121
11615621,216,114,6246,2011,0.0,281975.0,0.889009,1.503118,THA,JPN,292121
11615622,231,114,6246,2011,1187092.0,730723.0,1.6884849999999998,-0.474499,USA,JPN,292121
11615623,239,114,6246,2011,0.0,187783.0,-0.184453,1.637207,VNM,JPN,292121
11615624,249,114,6246,2011,547723.0,2745331.0,1.803234,0.921233,TWN,JPN,292121
11615625,7,121,6246,2011,0.0,143234.0,0.030652,-0.450808,ARE,KOR,292121
11615626,14,121,6246,2011,0.0,44202.0,-0.138148,0.002999,AUS,KOR,292121
11615627,18,121,6246,2011,2196542.0,0.0,1.221703,1.247961,BEL,KOR,292121
11615628,32,121,6246,2011,0.0,21104.0,0.27718400000000004,0.5674319999999999,BRA,KOR,292121
11615629,42,121,6246,2011,0.0,51862.0,-0.199877,-0.353009,CHL,KOR,292121
11615630,43,121,6246,2011,2505132.0,25878.0,1.072299,1.686826,CHN,KOR,292121
11615631,61,121,6246,2011,4072.0,0.0,2.074435,-3.440815,DEU,KOR,292121
11615632,104,121,6246,2011,49444.0,681163.0,0.18276199999999998,2.398765,IND,KOR,292121
11615633,114,121,6246,2011,4030434.0,1600596.0,2.516395,-0.534301,JPN,KOR,292121
11615634,122,121,6246,2011,0.0,32213.0,-0.898582,-1.09893,KWT,KOR,292121
11615635,153,121,6246,2011,8432.0,14277.0,0.9893290000000001,0.632079,MYS,KOR,292121
11615636,162,121,6246,2011,1456203.0,0.0,1.1655229999999999,1.410167,NLD,KOR,292121
11615637,188,121,6246,2011,454801.0,0.0,0.354045,-0.800028,SAU,KOR,292121
11615638,192,121,6246,2011,1107530.0,3447.0,1.849116,0.52127,SGP,KOR,292121
11615639,208,121,6246,2011,2151921.0,0.0,1.857146,0.366159,SWE,KOR,292121
11615640,212,121,6246,2011,0.0,140897.0,-0.604133,0.5268970000000001,SYR,KOR,292121
11615641,231,121,6246,2011,15811304.0,0.0,1.6884849999999998,-0.474499,USA,KOR,292121
11615642,239,121,6246,2011,0.0,147975.0,-0.184453,1.637207,VNM,KOR,292121
11615643,246,121,6246,2011,0.0,45709.0,0.241792,1.353011,ZAF,KOR,292121
11615644,249,121,6246,2011,17584.0,125557.0,1.803234,0.921233,TWN,KOR,292121
11615645,7,122,6246,2011,25747.0,0.0,0.030652,-0.450808,ARE,KWT,292121
11615646,43,122,6246,2011,79631.0,0.0,1.072299,1.686826,CHN,KWT,292121
11615647,77,122,6246,2011,3448.0,0.0,1.532054,0.09339299999999999,FRA,KWT,292121
11615648,104,122,6246,2011,0.0,45021.0,0.18276199999999998,2.398765,IND,KWT,292121
11615649,121,122,6246,2011,32213.0,0.0,1.731371,0.8306879999999999,KOR,KWT,292121
11615650,188,122,6246,2011,1305.0,0.0,0.354045,-0.800028,SAU,KWT,292121
11615651,231,122,6246,2011,42479.0,0.0,1.6884849999999998,-0.474499,USA,KWT,292121
11615652,71,134,6246,2011,9337.0,0.0,0.8677290000000001,2.4618450000000003,ESP,MAR,292121
11615653,77,134,6246,2011,31433.0,0.0,1.532054,0.09339299999999999,FRA,MAR,292121
11615654,81,134,6246,2011,1202.0,0.0,1.8048220000000001,0.380141,GBR,MAR,292121
11615655,111,134,6246,2011,23843.0,0.0,1.298751,0.48013599999999995,ITA,MAR,292121
11615656,39,138,6246,2011,309624.0,0.0,0.754813,1.1967290000000002,CAN,MEX,292121
11615657,43,138,6246,2011,169317.0,0.0,1.072299,1.686826,CHN,MEX,292121
11615658,61,138,6246,2011,2357.0,0.0,2.074435,-3.440815,DEU,MEX,292121
11615659,114,138,6246,2011,149373.0,0.0,2.516395,-0.534301,JPN,MEX,292121
11615660,162,138,6246,2011,116377.0,0.0,1.1655229999999999,1.410167,NLD,MEX,292121
11615661,177,138,6246,2011,61714.0,0.0,1.133641,1.134203,POL,MEX,292121
11615662,186,138,6246,2011,0.0,14689.0,0.47319399999999995,-0.20801599999999998,RUS,MEX,292121
11615663,216,138,6246,2011,12440.0,0.0,0.889009,1.503118,THA,MEX,292121
11615664,231,138,6246,2011,4554830.0,0.0,1.6884849999999998,-0.474499,USA,MEX,292121
11615665,18,153,6246,2011,51826.0,0.0,1.221703,1.247961,BEL,MYS,292121
11615666,43,153,6246,2011,468091.0,31515.0,1.072299,1.686826,CHN,MYS,292121
11615667,59,153,6246,2011,316207.0,0.0,1.737788,0.14741600000000002,CZE,MYS,292121
11615668,61,153,6246,2011,3521.0,0.0,2.074435,-3.440815,DEU,MYS,292121
11615669,81,153,6246,2011,79416.0,0.0,1.8048220000000001,0.380141,GBR,MYS,292121
11615670,97,153,6246,2011,84255.0,0.0,0.663588,1.902118,HKG,MYS,292121
11615671,103,153,6246,2011,0.0,59734.0,-0.234125,1.168384,IDN,MYS,292121
11615672,104,153,6246,2011,0.0,159767.0,0.18276199999999998,2.398765,IND,MYS,292121
11615673,114,153,6246,2011,1421894.0,0.0,2.516395,-0.534301,JPN,MYS,292121
11615674,121,153,6246,2011,14277.0,8432.0,1.731371,0.8306879999999999,KOR,MYS,292121
11615675,128,153,6246,2011,0.0,3186.0,-0.559311,0.398905,LKA,MYS,292121
11615676,162,153,6246,2011,2028317.0,0.0,1.1655229999999999,1.410167,NLD,MYS,292121
11615677,177,153,6246,2011,29238.0,0.0,1.133641,1.134203,POL,MYS,292121
11615678,192,153,6246,2011,718287.0,13078.0,1.849116,0.52127,SGP,MYS,292121
11615679,208,153,6246,2011,2809793.0,0.0,1.857146,0.366159,SWE,MYS,292121
11615680,231,153,6246,2011,996923.0,0.0,1.6884849999999998,-0.474499,USA,MYS,292121
11615681,239,153,6246,2011,0.0,2516.0,-0.184453,1.637207,VNM,MYS,292121
11615682,249,153,6246,2011,9233.0,0.0,1.803234,0.921233,TWN,MYS,292121
11615683,8,162,6246,2011,0.0,79885.0,0.240494,0.540376,ARG,NLD,292121
11615684,14,162,6246,2011,0.0,2953.0,-0.138148,0.002999,AUS,NLD,292121
11615685,15,162,6246,2011,0.0,1379.0,1.687634,-0.229095,AUT,NLD,292121
11615686,16,162,6246,2011,0.0,3166.0,-1.313136,-1.189989,AZE,NLD,292121
11615687,18,162,6246,2011,5172078.0,1874452.0,1.221703,1.247961,BEL,NLD,292121
11615688,23,162,6246,2011,0.0,197822.0,0.537967,1.520973,BGR,NLD,292121
11615689,32,162,6246,2011,0.0,486444.0,0.27718400000000004,0.5674319999999999,BRA,NLD,292121
11615690,39,162,6246,2011,0.0,187096.0,0.754813,1.1967290000000002,CAN,NLD,292121
11615691,41,162,6246,2011,0.0,202672.0,2.2644029999999997,0.406131,CHE,NLD,292121
11615692,43,162,6246,2011,388817.0,8276660.0,1.072299,1.686826,CHN,NLD,292121
11615693,49,162,6246,2011,0.0,58791.0,0.14336600000000002,-0.22996,COL,NLD,292121
11615694,59,162,6246,2011,0.0,5393.0,1.737788,0.14741600000000002,CZE,NLD,292121
11615695,61,162,6246,2011,520383.0,6525124.0,2.074435,-3.440815,DEU,NLD,292121
11615696,62,162,6246,2011,0.0,438181.0,-0.6224529999999999,-0.7357739999999999,DJI,NLD,292121
11615697,64,162,6246,2011,0.0,253889.0,1.156026,1.2248299999999999,DNK,NLD,292121
11615698,68,162,6246,2011,0.0,112873.0,-0.166243,1.384719,EGY,NLD,292121
11615699,71,162,6246,2011,0.0,2521504.0,0.8677290000000001,2.4618450000000003,ESP,NLD,292121
11615700,73,162,6246,2011,0.0,3544.0,-1.258175,-0.920692,ETH,NLD,292121
11615701,74,162,6246,2011,14975.0,23593.0,1.7488830000000002,0.890934,FIN,NLD,292121
11615702,77,162,6246,2011,99844.0,4704691.0,1.532054,0.09339299999999999,FRA,NLD,292121
11615703,81,162,6246,2011,29695.0,26222622.0,1.8048220000000001,0.380141,GBR,NLD,292121
11615704,90,162,6246,2011,0.0,6675.0,0.138679,1.30044,GRC,NLD,292121
11615705,97,162,6246,2011,0.0,402934.0,0.663588,1.902118,HKG,NLD,292121
11615706,100,162,6246,2011,0.0,3576.0,0.868294,0.9424299999999999,HRV,NLD,292121
11615707,102,162,6246,2011,0.0,6715.0,1.486592,0.805642,HUN,NLD,292121
11615708,103,162,6246,2011,0.0,187229.0,-0.234125,1.168384,IDN,NLD,292121
11615709,104,162,6246,2011,0.0,5177971.0,0.18276199999999998,2.398765,IND,NLD,292121
11615710,106,162,6246,2011,0.0,2578439.0,1.403182,0.290245,IRL,NLD,292121
11615711,107,162,6246,2011,0.0,56015.0,-0.915379,-0.973194,IRN,NLD,292121
11615712,109,162,6246,2011,0.0,5587.0,0.284202,-0.23753000000000002,ISL,NLD,292121
11615713,111,162,6246,2011,1222492.0,2278460.0,1.298751,0.48013599999999995,ITA,NLD,292121
11615714,116,162,6246,2011,0.0,139970.0,-0.48319300000000004,0.346927,KEN,NLD,292121
11615715,121,162,6246,2011,0.0,1456203.0,1.731371,0.8306879999999999,KOR,NLD,292121
11615716,128,162,6246,2011,0.0,16891.0,-0.559311,0.398905,LKA,NLD,292121
11615717,130,162,6246,2011,0.0,1495.0,0.747963,0.9759530000000001,LTU,NLD,292121
11615718,138,162,6246,2011,0.0,116377.0,0.9534600000000001,0.706982,MEX,NLD,292121
11615719,151,162,6246,2011,0.0,7547.0,-0.09464600000000001,0.091177,MUS,NLD,292121
11615720,153,162,6246,2011,0.0,2028317.0,0.9893290000000001,0.632079,MYS,NLD,292121
11615721,166,162,6246,2011,0.0,12136.0,0.372732,0.548601,NZL,NLD,292121
11615722,168,162,6246,2011,0.0,3680.0,-0.729677,0.6026729999999999,PAK,NLD,292121
11615723,169,162,6246,2011,0.0,32638.0,0.786135,1.061008,PAN,NLD,292121
11615724,173,162,6246,2011,0.0,55138.0,-0.455977,0.442543,PER,NLD,292121
11615725,177,162,6246,2011,139685.0,24039.0,1.133641,1.134203,POL,NLD,292121
11615726,179,162,6246,2011,0.0,3302.0,0.558481,2.7056240000000003,PRT,NLD,292121
11615727,185,162,6246,2011,0.0,402740.0,0.722,1.296655,ROU,NLD,292121
11615728,186,162,6246,2011,0.0,162951.0,0.47319399999999995,-0.20801599999999998,RUS,NLD,292121
11615729,188,162,6246,2011,1368458.0,95747.0,0.354045,-0.800028,SAU,NLD,292121
11615730,191,162,6246,2011,0.0,8001.0,-0.624346,-0.308052,SEN,NLD,292121
11615731,192,162,6246,2011,0.0,355329.0,1.849116,0.52127,SGP,NLD,292121
11615732,206,162,6246,2011,0.0,63106.0,1.262897,0.8230569999999999,SVK,NLD,292121
11615733,208,162,6246,2011,8424774.0,1210.0,1.857146,0.366159,SWE,NLD,292121
11615734,212,162,6246,2011,0.0,171082.0,-0.604133,0.5268970000000001,SYR,NLD,292121
11615735,216,162,6246,2011,0.0,155064.0,0.889009,1.503118,THA,NLD,292121
11615736,222,162,6246,2011,0.0,8346.0,-0.44228,-1.031793,TTO,NLD,292121
11615737,224,162,6246,2011,0.0,26239.0,0.45775,2.4316259999999996,TUR,NLD,292121
11615738,228,162,6246,2011,0.0,137109.0,0.6221409999999999,0.765505,UKR,NLD,292121
11615739,231,162,6246,2011,1351468.0,647084.0,1.6884849999999998,-0.474499,USA,NLD,292121
11615740,239,162,6246,2011,0.0,50989.0,-0.184453,1.637207,VNM,NLD,292121
11615741,246,162,6246,2011,0.0,177201.0,0.241792,1.353011,ZAF,NLD,292121
11615742,249,162,6246,2011,0.0,435125.0,1.803234,0.921233,TWN,NLD,292121
11615743,14,166,6246,2011,6377.0,15204.0,-0.138148,0.002999,AUS,NZL,292121
11615744,39,166,6246,2011,166893.0,0.0,0.754813,1.1967290000000002,CAN,NZL,292121
11615745,43,166,6246,2011,271436.0,0.0,1.072299,1.686826,CHN,NZL,292121
11615746,61,166,6246,2011,1711.0,0.0,2.074435,-3.440815,DEU,NZL,292121
11615747,77,166,6246,2011,174531.0,0.0,1.532054,0.09339299999999999,FRA,NZL,292121
11615748,162,166,6246,2011,12136.0,0.0,1.1655229999999999,1.410167,NLD,NZL,292121
11615749,192,166,6246,2011,196371.0,7817.0,1.849116,0.52127,SGP,NZL,292121
11615750,231,166,6246,2011,188888.0,0.0,1.6884849999999998,-0.474499,USA,NZL,292121
11615751,18,168,6246,2011,6173.0,0.0,1.221703,1.247961,BEL,PAK,292121
11615752,43,168,6246,2011,470625.0,0.0,1.072299,1.686826,CHN,PAK,292121
11615753,61,168,6246,2011,2269.0,0.0,2.074435,-3.440815,DEU,PAK,292121
11615754,104,168,6246,2011,66792.0,338532.0,0.18276199999999998,2.398765,IND,PAK,292121
11615755,162,168,6246,2011,3680.0,0.0,1.1655229999999999,1.410167,NLD,PAK,292121
11615756,192,168,6246,2011,119801.0,0.0,1.849116,0.52127,SGP,PAK,292121
11615757,208,168,6246,2011,9852.0,0.0,1.857146,0.366159,SWE,PAK,292121
11615758,249,168,6246,2011,1096.0,0.0,1.803234,0.921233,TWN,PAK,292121
11615759,93,169,6246,2011,0.0,13987.0,-0.329497,0.775369,GTM,PAN,292121
11615760,162,169,6246,2011,32638.0,0.0,1.1655229999999999,1.410167,NLD,PAN,292121
11615761,230,169,6246,2011,2898.0,0.0,0.313195,0.042866,URY,PAN,292121
11615762,231,169,6246,2011,6706.0,0.0,1.6884849999999998,-0.474499,USA,PAN,292121
11615763,43,173,6246,2011,155155.0,0.0,1.072299,1.686826,CHN,PER,292121
11615764,162,173,6246,2011,55138.0,0.0,1.1655229999999999,1.410167,NLD,PER,292121
11615765,231,173,6246,2011,924626.0,0.0,1.6884849999999998,-0.474499,USA,PER,292121
11615766,43,174,6246,2011,27631.0,0.0,1.072299,1.686826,CHN,PHL,292121
11615767,61,174,6246,2011,197530.0,0.0,2.074435,-3.440815,DEU,PHL,292121
11615768,81,174,6246,2011,2033.0,0.0,1.8048220000000001,0.380141,GBR,PHL,292121
11615769,104,174,6246,2011,3977.0,650356.0,0.18276199999999998,2.398765,IND,PHL,292121
11615770,114,174,6246,2011,113448.0,0.0,2.516395,-0.534301,JPN,PHL,292121
11615771,192,174,6246,2011,27784.0,0.0,1.849116,0.52127,SGP,PHL,292121
11615772,231,174,6246,2011,108256.0,0.0,1.6884849999999998,-0.474499,USA,PHL,292121
11615773,18,177,6246,2011,16907.0,0.0,1.221703,1.247961,BEL,POL,292121
11615774,32,177,6246,2011,0.0,137081.0,0.27718400000000004,0.5674319999999999,BRA,POL,292121
11615775,39,177,6246,2011,0.0,22860.0,0.754813,1.1967290000000002,CAN,POL,292121
11615776,41,177,6246,2011,1650.0,0.0,2.2644029999999997,0.406131,CHE,POL,292121
11615777,43,177,6246,2011,655705.0,5938.0,1.072299,1.686826,CHN,POL,292121
11615778,61,177,6246,2011,4558.0,125654.0,2.074435,-3.440815,DEU,POL,292121
11615779,77,177,6246,2011,1049.0,77621.0,1.532054,0.09339299999999999,FRA,POL,292121
11615780,81,177,6246,2011,2965.0,57145.0,1.8048220000000001,0.380141,GBR,POL,292121
11615781,90,177,6246,2011,0.0,10376.0,0.138679,1.30044,GRC,POL,292121
11615782,99,177,6246,2011,0.0,3485.0,-0.740241,-0.311952,HND,POL,292121
11615783,102,177,6246,2011,3937.0,21050.0,1.486592,0.805642,HUN,POL,292121
11615784,104,177,6246,2011,51939.0,117821.0,0.18276199999999998,2.398765,IND,POL,292121
11615785,107,177,6246,2011,0.0,5277.0,-0.915379,-0.973194,IRN,POL,292121
11615786,111,177,6246,2011,0.0,317579.0,1.298751,0.48013599999999995,ITA,POL,292121
11615787,113,177,6246,2011,0.0,8349.0,0.231605,0.47049399999999997,JOR,POL,292121
11615788,138,177,6246,2011,0.0,61714.0,0.9534600000000001,0.706982,MEX,POL,292121
11615789,153,177,6246,2011,0.0,29238.0,0.9893290000000001,0.632079,MYS,POL,292121
11615790,162,177,6246,2011,24039.0,139685.0,1.1655229999999999,1.410167,NLD,POL,292121
11615791,186,177,6246,2011,0.0,71350.0,0.47319399999999995,-0.20801599999999998,RUS,POL,292121
11615792,188,177,6246,2011,0.0,33229.0,0.354045,-0.800028,SAU,POL,292121
11615793,208,177,6246,2011,66256.0,0.0,1.857146,0.366159,SWE,POL,292121
11615794,224,177,6246,2011,0.0,350364.0,0.45775,2.4316259999999996,TUR,POL,292121
11615795,228,177,6246,2011,0.0,98465.0,0.6221409999999999,0.765505,UKR,POL,292121
11615796,231,177,6246,2011,0.0,320716.0,1.6884849999999998,-0.474499,USA,POL,292121
11615797,243,177,6246,2011,0.0,17486.0,-1.44127,-1.242875,YEM,POL,292121
11615798,250,177,6246,2011,1684.0,0.0,0.475638,-0.160135,ANS,POL,292121
11615799,18,179,6246,2011,1038.0,0.0,1.221703,1.247961,BEL,PRT,292121
11615800,51,179,6246,2011,0.0,2865.0,0.006139,-0.610237,CPV,PRT,292121
11615801,71,179,6246,2011,48460.0,9618.0,0.8677290000000001,2.4618450000000003,ESP,PRT,292121
11615802,77,179,6246,2011,2011.0,0.0,1.532054,0.09339299999999999,FRA,PRT,292121
11615803,162,179,6246,2011,3302.0,0.0,1.1655229999999999,1.410167,NLD,PRT,292121
11615804,43,180,6246,2011,17331.0,0.0,1.072299,1.686826,CHN,PRY,292121
11615805,104,183,6246,2011,0.0,63155.0,0.18276199999999998,2.398765,IND,QAT,292121
11615806,231,183,6246,2011,61324.0,0.0,1.6884849999999998,-0.474499,USA,QAT,292121
11615807,59,185,6246,2011,1481.0,0.0,1.737788,0.14741600000000002,CZE,ROU,292121
11615808,61,185,6246,2011,108981.0,0.0,2.074435,-3.440815,DEU,ROU,292121
11615809,162,185,6246,2011,402740.0,0.0,1.1655229999999999,1.410167,NLD,ROU,292121
11615810,208,185,6246,2011,70206.0,0.0,1.857146,0.366159,SWE,ROU,292121
11615811,14,188,6246,2011,0.0,1442.0,-0.138148,0.002999,AUS,SAU,292121
11615812,39,188,6246,2011,26237.0,0.0,0.754813,1.1967290000000002,CAN,SAU,292121
11615813,43,188,6246,2011,73473.0,9660387.0,1.072299,1.686826,CHN,SAU,292121
11615814,61,188,6246,2011,45953.0,0.0,2.074435,-3.440815,DEU,SAU,292121
11615815,71,188,6246,2011,310476.0,0.0,0.8677290000000001,2.4618450000000003,ESP,SAU,292121
11615816,77,188,6246,2011,175015.0,0.0,1.532054,0.09339299999999999,FRA,SAU,292121
11615817,81,188,6246,2011,9005.0,0.0,1.8048220000000001,0.380141,GBR,SAU,292121
11615818,103,188,6246,2011,0.0,124339.0,-0.234125,1.168384,IDN,SAU,292121
11615819,104,188,6246,2011,127385.0,6360318.0,0.18276199999999998,2.398765,IND,SAU,292121
11615820,121,188,6246,2011,0.0,454801.0,1.731371,0.8306879999999999,KOR,SAU,292121
11615821,122,188,6246,2011,0.0,1305.0,-0.898582,-1.09893,KWT,SAU,292121
11615822,162,188,6246,2011,95747.0,1368458.0,1.1655229999999999,1.410167,NLD,SAU,292121
11615823,167,188,6246,2011,0.0,59558.0,-0.473703,-0.952491,OMN,SAU,292121
11615824,177,188,6246,2011,33229.0,0.0,1.133641,1.134203,POL,SAU,292121
11615825,192,188,6246,2011,0.0,4728798.0,1.849116,0.52127,SGP,SAU,292121
11615826,216,188,6246,2011,0.0,159359.0,0.889009,1.503118,THA,SAU,292121
11615827,231,188,6246,2011,237726.0,0.0,1.6884849999999998,-0.474499,USA,SAU,292121
11615828,239,188,6246,2011,0.0,34237.0,-0.184453,1.637207,VNM,SAU,292121
11615829,249,188,6246,2011,70204.0,118481.0,1.803234,0.921233,TWN,SAU,292121
11615830,250,188,6246,2011,107949.0,0.0,0.475638,-0.160135,ANS,SAU,292121
11615831,43,190,6246,2011,29653.0,0.0,1.072299,1.686826,CHN,SDN,292121
11615832,61,190,6246,2011,30138.0,0.0,2.074435,-3.440815,DEU,SDN,292121
11615833,14,192,6246,2011,1446.0,164693.0,-0.138148,0.002999,AUS,SGP,292121
11615834,18,192,6246,2011,4045845.0,0.0,1.221703,1.247961,BEL,SGP,292121
11615835,22,192,6246,2011,0.0,105155.0,-1.074416,-0.8276370000000001,BGD,SGP,292121
11615836,43,192,6246,2011,151485.0,2318139.0,1.072299,1.686826,CHN,SGP,292121
11615837,61,192,6246,2011,8050.0,0.0,2.074435,-3.440815,DEU,SGP,292121
11615838,71,192,6246,2011,2327.0,0.0,0.8677290000000001,2.4618450000000003,ESP,SGP,292121
11615839,81,192,6246,2011,28555.0,0.0,1.8048220000000001,0.380141,GBR,SGP,292121
11615840,97,192,6246,2011,0.0,46599.0,0.663588,1.902118,HKG,SGP,292121
11615841,103,192,6246,2011,0.0,858648.0,-0.234125,1.168384,IDN,SGP,292121
11615842,104,192,6246,2011,203719.0,2477447.0,0.18276199999999998,2.398765,IND,SGP,292121
11615843,114,192,6246,2011,2385410.0,98437.0,2.516395,-0.534301,JPN,SGP,292121
11615844,121,192,6246,2011,3447.0,1107530.0,1.731371,0.8306879999999999,KOR,SGP,292121
11615845,128,192,6246,2011,0.0,16625.0,-0.559311,0.398905,LKA,SGP,292121
11615846,143,192,6246,2011,0.0,2200.0,-1.3557190000000001,-0.929934,MMR,SGP,292121
11615847,151,192,6246,2011,0.0,34058.0,-0.09464600000000001,0.091177,MUS,SGP,292121
11615848,153,192,6246,2011,13078.0,718287.0,0.9893290000000001,0.632079,MYS,SGP,292121
11615849,162,192,6246,2011,355329.0,0.0,1.1655229999999999,1.410167,NLD,SGP,292121
11615850,166,192,6246,2011,7817.0,196371.0,0.372732,0.548601,NZL,SGP,292121
11615851,168,192,6246,2011,0.0,119801.0,-0.729677,0.6026729999999999,PAK,SGP,292121
11615852,174,192,6246,2011,0.0,27784.0,0.364707,0.322626,PHL,SGP,292121
11615853,176,192,6246,2011,0.0,34965.0,-1.1111659999999999,-0.9458610000000001,PNG,SGP,292121
11615854,188,192,6246,2011,4728798.0,0.0,0.354045,-0.800028,SAU,SGP,292121
11615855,216,192,6246,2011,0.0,327190.0,0.889009,1.503118,THA,SGP,292121
11615856,231,192,6246,2011,3274359.0,0.0,1.6884849999999998,-0.474499,USA,SGP,292121
11615857,239,192,6246,2011,0.0,239892.0,-0.184453,1.637207,VNM,SGP,292121
11615858,246,192,6246,2011,29989.0,0.0,0.241792,1.353011,ZAF,SGP,292121
11615859,249,192,6246,2011,12699.0,154739.0,1.803234,0.921233,TWN,SGP,292121
11615860,231,197,6246,2011,22713.0,0.0,1.6884849999999998,-0.474499,USA,SLV,292121
11615861,41,206,6246,2011,3500.0,0.0,2.2644029999999997,0.406131,CHE,SVK,292121
11615862,59,206,6246,2011,6969.0,0.0,1.737788,0.14741600000000002,CZE,SVK,292121
11615863,61,206,6246,2011,4999.0,0.0,2.074435,-3.440815,DEU,SVK,292121
11615864,77,206,6246,2011,1068.0,0.0,1.532054,0.09339299999999999,FRA,SVK,292121
11615865,109,206,6246,2011,0.0,1305.0,0.284202,-0.23753000000000002,ISL,SVK,292121
11615866,162,206,6246,2011,63106.0,0.0,1.1655229999999999,1.410167,NLD,SVK,292121
11615867,186,206,6246,2011,1087.0,0.0,0.47319399999999995,-0.20801599999999998,RUS,SVK,292121
11615868,18,207,6246,2011,7080.0,0.0,1.221703,1.247961,BEL,SVN,292121
11615869,61,207,6246,2011,17990.0,0.0,2.074435,-3.440815,DEU,SVN,292121
11615870,100,207,6246,2011,0.0,1377.0,0.868294,0.9424299999999999,HRV,SVN,292121
11615871,111,207,6246,2011,6610.0,0.0,1.298751,0.48013599999999995,ITA,SVN,292121
11615872,186,207,6246,2011,0.0,1052.0,0.47319399999999995,-0.20801599999999998,RUS,SVN,292121
11615873,8,208,6246,2011,0.0,98943.0,0.240494,0.540376,ARG,SWE,292121
11615874,18,208,6246,2011,50192.0,2391746.0,1.221703,1.247961,BEL,SWE,292121
11615875,22,208,6246,2011,0.0,9740.0,-1.074416,-0.8276370000000001,BGD,SWE,292121
11615876,23,208,6246,2011,0.0,476180.0,0.537967,1.520973,BGR,SWE,292121
11615877,28,208,6246,2011,0.0,6895.0,0.8786729999999999,0.442097,BLR,SWE,292121
11615878,32,208,6246,2011,0.0,1342340.0,0.27718400000000004,0.5674319999999999,BRA,SWE,292121
11615879,43,208,6246,2011,0.0,19636126.0,1.072299,1.686826,CHN,SWE,292121
11615880,49,208,6246,2011,0.0,203885.0,0.14336600000000002,-0.22996,COL,SWE,292121
11615881,59,208,6246,2011,0.0,750868.0,1.737788,0.14741600000000002,CZE,SWE,292121
11615882,61,208,6246,2011,2871.0,2167919.0,2.074435,-3.440815,DEU,SWE,292121
11615883,64,208,6246,2011,1171.0,253417.0,1.156026,1.2248299999999999,DNK,SWE,292121
11615884,71,208,6246,2011,0.0,782455.0,0.8677290000000001,2.4618450000000003,ESP,SWE,292121
11615885,74,208,6246,2011,0.0,2445.0,1.7488830000000002,0.890934,FIN,SWE,292121
11615886,77,208,6246,2011,0.0,791230.0,1.532054,0.09339299999999999,FRA,SWE,292121
11615887,81,208,6246,2011,0.0,14419565.0,1.8048220000000001,0.380141,GBR,SWE,292121
11615888,97,208,6246,2011,0.0,2393.0,0.663588,1.902118,HKG,SWE,292121
11615889,104,208,6246,2011,0.0,14535620.0,0.18276199999999998,2.398765,IND,SWE,292121
11615890,106,208,6246,2011,0.0,4237628.0,1.403182,0.290245,IRL,SWE,292121
11615891,111,208,6246,2011,0.0,3343447.0,1.298751,0.48013599999999995,ITA,SWE,292121
11615892,114,208,6246,2011,0.0,6527390.0,2.516395,-0.534301,JPN,SWE,292121
11615893,121,208,6246,2011,0.0,2151921.0,1.731371,0.8306879999999999,KOR,SWE,292121
11615894,130,208,6246,2011,0.0,1203.0,0.747963,0.9759530000000001,LTU,SWE,292121
11615895,153,208,6246,2011,0.0,2809793.0,0.9893290000000001,0.632079,MYS,SWE,292121
11615896,162,208,6246,2011,1210.0,8424774.0,1.1655229999999999,1.410167,NLD,SWE,292121
11615897,163,208,6246,2011,0.0,39477.0,0.8492770000000001,0.050044,NOR,SWE,292121
11615898,168,208,6246,2011,0.0,9852.0,-0.729677,0.6026729999999999,PAK,SWE,292121
11615899,177,208,6246,2011,0.0,66256.0,1.133641,1.134203,POL,SWE,292121
11615900,185,208,6246,2011,0.0,70206.0,0.722,1.296655,ROU,SWE,292121
11615901,186,208,6246,2011,0.0,201293.0,0.47319399999999995,-0.20801599999999998,RUS,SWE,292121
11615902,228,208,6246,2011,0.0,20352.0,0.6221409999999999,0.765505,UKR,SWE,292121
11615903,231,208,6246,2011,16083.0,3359723.0,1.6884849999999998,-0.474499,USA,SWE,292121
11615904,246,208,6246,2011,0.0,128387.0,0.241792,1.353011,ZAF,SWE,292121
11615905,249,208,6246,2011,0.0,1186608.0,1.803234,0.921233,TWN,SWE,292121
11615906,18,216,6246,2011,88872.0,0.0,1.221703,1.247961,BEL,THA,292121
11615907,43,216,6246,2011,644219.0,244271.0,1.072299,1.686826,CHN,THA,292121
11615908,61,216,6246,2011,2521.0,0.0,2.074435,-3.440815,DEU,THA,292121
11615909,71,216,6246,2011,1177.0,0.0,0.8677290000000001,2.4618450000000003,ESP,THA,292121
11615910,81,216,6246,2011,7931.0,0.0,1.8048220000000001,0.380141,GBR,THA,292121
11615911,97,216,6246,2011,41270.0,0.0,0.663588,1.902118,HKG,THA,292121
11615912,103,216,6246,2011,0.0,4589.0,-0.234125,1.168384,IDN,THA,292121
11615913,104,216,6246,2011,14765.0,0.0,0.18276199999999998,2.398765,IND,THA,292121
11615914,114,216,6246,2011,281975.0,0.0,2.516395,-0.534301,JPN,THA,292121
11615915,138,216,6246,2011,0.0,12440.0,0.9534600000000001,0.706982,MEX,THA,292121
11615916,162,216,6246,2011,155064.0,0.0,1.1655229999999999,1.410167,NLD,THA,292121
11615917,188,216,6246,2011,159359.0,0.0,0.354045,-0.800028,SAU,THA,292121
11615918,192,216,6246,2011,327190.0,0.0,1.849116,0.52127,SGP,THA,292121
11615919,231,216,6246,2011,39550.0,0.0,1.6884849999999998,-0.474499,USA,THA,292121
11615920,43,222,6246,2011,80112.0,0.0,1.072299,1.686826,CHN,TTO,292121
11615921,55,222,6246,2011,11717.0,0.0,-0.052038,-0.69103,CUW,TTO,292121
11615922,61,222,6246,2011,21470.0,0.0,2.074435,-3.440815,DEU,TTO,292121
11615923,162,222,6246,2011,8346.0,0.0,1.1655229999999999,1.410167,NLD,TTO,292121
11615924,231,222,6246,2011,55902.0,0.0,1.6884849999999998,-0.474499,USA,TTO,292121
11615925,16,224,6246,2011,0.0,1377.0,-1.313136,-1.189989,AZE,TUR,292121
11615926,18,224,6246,2011,821626.0,0.0,1.221703,1.247961,BEL,TUR,292121
11615927,43,224,6246,2011,481087.0,4476.0,1.072299,1.686826,CHN,TUR,292121
11615928,61,224,6246,2011,262305.0,0.0,2.074435,-3.440815,DEU,TUR,292121
11615929,66,224,6246,2011,0.0,2226.0,-1.36763,-1.140594,DZA,TUR,292121
11615930,81,224,6246,2011,5839.0,0.0,1.8048220000000001,0.380141,GBR,TUR,292121
11615931,104,224,6246,2011,57283.0,0.0,0.18276199999999998,2.398765,IND,TUR,292121
11615932,107,224,6246,2011,0.0,47668.0,-0.915379,-0.973194,IRN,TUR,292121
11615933,162,224,6246,2011,26239.0,0.0,1.1655229999999999,1.410167,NLD,TUR,292121
11615934,177,224,6246,2011,350364.0,0.0,1.133641,1.134203,POL,TUR,292121
11615935,231,224,6246,2011,2187210.0,0.0,1.6884849999999998,-0.474499,USA,TUR,292121
11615936,43,228,6246,2011,267300.0,0.0,1.072299,1.686826,CHN,UKR,292121
11615937,61,228,6246,2011,13024.0,0.0,2.074435,-3.440815,DEU,UKR,292121
11615938,77,228,6246,2011,14682.0,0.0,1.532054,0.09339299999999999,FRA,UKR,292121
11615939,162,228,6246,2011,137109.0,0.0,1.1655229999999999,1.410167,NLD,UKR,292121
11615940,177,228,6246,2011,98465.0,0.0,1.133641,1.134203,POL,UKR,292121
11615941,208,228,6246,2011,20352.0,0.0,1.857146,0.366159,SWE,UKR,292121
11615942,231,228,6246,2011,7210.0,0.0,1.6884849999999998,-0.474499,USA,UKR,292121
11615943,43,230,6246,2011,10107.0,0.0,1.072299,1.686826,CHN,URY,292121
11615944,71,230,6246,2011,10081.0,0.0,0.8677290000000001,2.4618450000000003,ESP,URY,292121
11615945,169,230,6246,2011,0.0,2898.0,0.786135,1.061008,PAN,URY,292121
11615946,0,231,6246,2011,0.0,8069.0,-0.282585,-0.71273,ABW,USA,292121
11615947,7,231,6246,2011,0.0,364991.0,0.030652,-0.450808,ARE,USA,292121
11615948,8,231,6246,2011,0.0,206486.0,0.240494,0.540376,ARG,USA,292121
11615949,14,231,6246,2011,0.0,40914.0,-0.138148,0.002999,AUS,USA,292121
11615950,15,231,6246,2011,0.0,4923.0,1.687634,-0.229095,AUT,USA,292121
11615951,18,231,6246,2011,9544736.0,6331914.0,1.221703,1.247961,BEL,USA,292121
11615952,32,231,6246,2011,0.0,9637082.0,0.27718400000000004,0.5674319999999999,BRA,USA,292121
11615953,39,231,6246,2011,8069907.0,1422753.0,0.754813,1.1967290000000002,CAN,USA,292121
11615954,41,231,6246,2011,15055.0,0.0,2.2644029999999997,0.406131,CHE,USA,292121
11615955,42,231,6246,2011,0.0,5017.0,-0.199877,-0.353009,CHL,USA,292121
11615956,43,231,6246,2011,2819110.0,38154316.0,1.072299,1.686826,CHN,USA,292121
11615957,49,231,6246,2011,0.0,10610989.0,0.14336600000000002,-0.22996,COL,USA,292121
11615958,52,231,6246,2011,0.0,4308.0,0.04325,-0.553193,CRI,USA,292121
11615959,61,231,6246,2011,4411.0,8810.0,2.074435,-3.440815,DEU,USA,292121
11615960,64,231,6246,2011,0.0,329126.0,1.156026,1.2248299999999999,DNK,USA,292121
11615961,65,231,6246,2011,0.0,69698.0,-0.260653,0.5682010000000001,DOM,USA,292121
11615962,67,231,6246,2011,0.0,53571.0,-0.8250639999999999,-0.839082,ECU,USA,292121
11615963,71,231,6246,2011,308978.0,11141.0,0.8677290000000001,2.4618450000000003,ESP,USA,292121
11615964,77,231,6246,2011,119175.0,20385.0,1.532054,0.09339299999999999,FRA,USA,292121
11615965,81,231,6246,2011,2446.0,1523351.0,1.8048220000000001,0.380141,GBR,USA,292121
11615966,93,231,6246,2011,0.0,19794.0,-0.329497,0.775369,GTM,USA,292121
11615967,97,231,6246,2011,0.0,1189556.0,0.663588,1.902118,HKG,USA,292121
11615968,99,231,6246,2011,0.0,25007.0,-0.740241,-0.311952,HND,USA,292121
11615969,103,231,6246,2011,0.0,125238.0,-0.234125,1.168384,IDN,USA,292121
11615970,104,231,6246,2011,158591.0,11719259.0,0.18276199999999998,2.398765,IND,USA,292121
11615971,106,231,6246,2011,2763.0,0.0,1.403182,0.290245,IRL,USA,292121
11615972,110,231,6246,2011,0.0,11655.0,1.324384,0.714611,ISR,USA,292121
11615973,114,231,6246,2011,730723.0,1187092.0,2.516395,-0.534301,JPN,USA,292121
11615974,121,231,6246,2011,0.0,15811304.0,1.731371,0.8306879999999999,KOR,USA,292121
11615975,122,231,6246,2011,0.0,42479.0,-0.898582,-1.09893,KWT,USA,292121
11615976,138,231,6246,2011,0.0,4554830.0,0.9534600000000001,0.706982,MEX,USA,292121
11615977,153,231,6246,2011,0.0,996923.0,0.9893290000000001,0.632079,MYS,USA,292121
11615978,162,231,6246,2011,647084.0,1351468.0,1.1655229999999999,1.410167,NLD,USA,292121
11615979,166,231,6246,2011,0.0,188888.0,0.372732,0.548601,NZL,USA,292121
11615980,167,231,6246,2011,0.0,21193.0,-0.473703,-0.952491,OMN,USA,292121
11615981,169,231,6246,2011,0.0,6706.0,0.786135,1.061008,PAN,USA,292121
11615982,173,231,6246,2011,0.0,924626.0,-0.455977,0.442543,PER,USA,292121
11615983,174,231,6246,2011,0.0,108256.0,0.364707,0.322626,PHL,USA,292121
11615984,177,231,6246,2011,320716.0,0.0,1.133641,1.134203,POL,USA,292121
11615985,183,231,6246,2011,0.0,61324.0,-0.45851899999999995,-1.017033,QAT,USA,292121
11615986,186,231,6246,2011,0.0,170095.0,0.47319399999999995,-0.20801599999999998,RUS,USA,292121
11615987,188,231,6246,2011,0.0,237726.0,0.354045,-0.800028,SAU,USA,292121
11615988,192,231,6246,2011,0.0,3274359.0,1.849116,0.52127,SGP,USA,292121
11615989,197,231,6246,2011,0.0,22713.0,-0.09713200000000001,0.20772600000000002,SLV,USA,292121
11615990,208,231,6246,2011,3359723.0,16083.0,1.857146,0.366159,SWE,USA,292121
11615991,216,231,6246,2011,0.0,39550.0,0.889009,1.503118,THA,USA,292121
11615992,222,231,6246,2011,0.0,55902.0,-0.44228,-1.031793,TTO,USA,292121
11615993,224,231,6246,2011,0.0,2187210.0,0.45775,2.4316259999999996,TUR,USA,292121
11615994,228,231,6246,2011,0.0,7210.0,0.6221409999999999,0.765505,UKR,USA,292121
11615995,236,231,6246,2011,0.0,37432.0,-0.841147,-1.095636,VEN,USA,292121
11615996,239,231,6246,2011,0.0,66535.0,-0.184453,1.637207,VNM,USA,292121
11615997,243,231,6246,2011,0.0,26706.0,-1.44127,-1.242875,YEM,USA,292121
11615998,246,231,6246,2011,248745.0,14343.0,0.241792,1.353011,ZAF,USA,292121
11615999,249,231,6246,2011,8598.0,837962.0,1.803234,0.921233,TWN,USA,292121
11616000,43,236,6246,2011,151364.0,0.0,1.072299,1.686826,CHN,VEN,292121
11616001,61,236,6246,2011,58334.0,0.0,2.074435,-3.440815,DEU,VEN,292121
11616002,231,236,6246,2011,37432.0,0.0,1.6884849999999998,-0.474499,USA,VEN,292121
11616003,7,243,6246,2011,31933.0,0.0,0.030652,-0.450808,ARE,YEM,292121
11616004,43,243,6246,2011,353757.0,0.0,1.072299,1.686826,CHN,YEM,292121
11616005,177,243,6246,2011,17486.0,0.0,1.133641,1.134203,POL,YEM,292121
11616006,231,243,6246,2011,26706.0,0.0,1.6884849999999998,-0.474499,USA,YEM,292121
11616007,7,246,6246,2011,2035.0,0.0,0.030652,-0.450808,ARE,ZAF,292121
11616008,37,246,6246,2011,0.0,43315.0,-0.48782600000000004,-1.051639,BWA,ZAF,292121
11616009,43,246,6246,2011,770286.0,0.0,1.072299,1.686826,CHN,ZAF,292121
11616010,61,246,6246,2011,3663.0,113065.0,2.074435,-3.440815,DEU,ZAF,292121
11616011,81,246,6246,2011,7212.0,0.0,1.8048220000000001,0.380141,GBR,ZAF,292121
11616012,104,246,6246,2011,9603.0,0.0,0.18276199999999998,2.398765,IND,ZAF,292121
11616013,121,246,6246,2011,45709.0,0.0,1.731371,0.8306879999999999,KOR,ZAF,292121
11616014,152,246,6246,2011,0.0,2249.0,-1.100291,-0.982559,MWI,ZAF,292121
11616015,162,246,6246,2011,177201.0,0.0,1.1655229999999999,1.410167,NLD,ZAF,292121
11616016,192,246,6246,2011,0.0,29989.0,1.849116,0.52127,SGP,ZAF,292121
11616017,208,246,6246,2011,128387.0,0.0,1.857146,0.366159,SWE,ZAF,292121
11616018,231,246,6246,2011,14343.0,248745.0,1.6884849999999998,-0.474499,USA,ZAF,292121
11616019,248,246,6246,2011,0.0,36513.0,-0.858662,-0.8632719999999999,ZWE,ZAF,292121
11616020,7,249,6246,2011,0.0,53303.0,0.030652,-0.450808,ARE,TWN,292121
11616021,18,249,6246,2011,90873.0,0.0,1.221703,1.247961,BEL,TWN,292121
11616022,43,249,6246,2011,2269426.0,310266.0,1.072299,1.686826,CHN,TWN,292121
11616023,61,249,6246,2011,286029.0,0.0,2.074435,-3.440815,DEU,TWN,292121
11616024,71,249,6246,2011,2196.0,0.0,0.8677290000000001,2.4618450000000003,ESP,TWN,292121
11616025,77,249,6246,2011,108706.0,0.0,1.532054,0.09339299999999999,FRA,TWN,292121
11616026,81,249,6246,2011,121909.0,0.0,1.8048220000000001,0.380141,GBR,TWN,292121
11616027,97,249,6246,2011,184104.0,0.0,0.663588,1.902118,HKG,TWN,292121
11616028,103,249,6246,2011,0.0,8730.0,-0.234125,1.168384,IDN,TWN,292121
11616029,104,249,6246,2011,6177.0,54170.0,0.18276199999999998,2.398765,IND,TWN,292121
11616030,106,249,6246,2011,79486.0,0.0,1.403182,0.290245,IRL,TWN,292121
11616031,114,249,6246,2011,2745331.0,547723.0,2.516395,-0.534301,JPN,TWN,292121
11616032,121,249,6246,2011,125557.0,17584.0,1.731371,0.8306879999999999,KOR,TWN,292121
11616033,153,249,6246,2011,0.0,9233.0,0.9893290000000001,0.632079,MYS,TWN,292121
11616034,162,249,6246,2011,435125.0,0.0,1.1655229999999999,1.410167,NLD,TWN,292121
11616035,168,249,6246,2011,0.0,1096.0,-0.729677,0.6026729999999999,PAK,TWN,292121
11616036,188,249,6246,2011,118481.0,70204.0,0.354045,-0.800028,SAU,TWN,292121
11616037,192,249,6246,2011,154739.0,12699.0,1.849116,0.52127,SGP,TWN,292121
11616038,208,249,6246,2011,1186608.0,0.0,1.857146,0.366159,SWE,TWN,292121
11616039,231,249,6246,2011,837962.0,8598.0,1.6884849999999998,-0.474499,USA,TWN,292121
11616040,239,249,6246,2011,0.0,83158.0,-0.184453,1.637207,VNM,TWN,292121
11616041,177,250,6246,2011,0.0,1684.0,1.133641,1.134203,POL,ANS,292121
11616042,188,250,6246,2011,0.0,107949.0,0.354045,-0.800028,SAU,ANS,292121
11616043,43,14,6246,2011,694765.0,0.0,1.072299,1.686826,CHN,AUS,292121
11616044,61,14,6246,2011,5975.0,0.0,2.074435,-3.440815,DEU,AUS,292121
11616045,71,14,6246,2011,3051.0,0.0,0.8677290000000001,2.4618450000000003,ESP,AUS,292121
11616046,81,14,6246,2011,2155.0,0.0,1.8048220000000001,0.380141,GBR,AUS,292121
11616047,103,14,6246,2011,154601.0,0.0,-0.234125,1.168384,IDN,AUS,292121
11616048,104,14,6246,2011,0.0,77994.0,0.18276199999999998,2.398765,IND,AUS,292121
11616049,114,14,6246,2011,23354.0,0.0,2.516395,-0.534301,JPN,AUS,292121
11616050,121,14,6246,2011,44202.0,0.0,1.731371,0.8306879999999999,KOR,AUS,292121
11616051,162,14,6246,2011,2953.0,0.0,1.1655229999999999,1.410167,NLD,AUS,292121
11616052,166,14,6246,2011,15204.0,6377.0,0.372732,0.548601,NZL,AUS,292121
11616053,188,14,6246,2011,1442.0,0.0,0.354045,-0.800028,SAU,AUS,292121
11616054,192,14,6246,2011,164693.0,1446.0,1.849116,0.52127,SGP,AUS,292121
11616055,231,14,6246,2011,40914.0,0.0,1.6884849999999998,-0.474499,USA,AUS,292121
11616056,43,22,6246,2011,195602.0,0.0,1.072299,1.686826,CHN,BGD,292121
11616057,61,22,6246,2011,50744.0,0.0,2.074435,-3.440815,DEU,BGD,292121
11616058,104,22,6246,2011,76847.0,0.0,0.18276199999999998,2.398765,IND,BGD,292121
11616059,192,22,6246,2011,105155.0,0.0,1.849116,0.52127,SGP,BGD,292121
11616060,208,22,6246,2011,9740.0,0.0,1.857146,0.366159,SWE,BGD,292121
11616061,100,26,6246,2011,2733.0,0.0,0.868294,0.9424299999999999,HRV,BIH,292121
11616062,111,26,6246,2011,4082.0,0.0,1.298751,0.48013599999999995,ITA,BIH,292121
11616063,43,28,6246,2011,3563.0,0.0,1.072299,1.686826,CHN,BLR,292121
11616064,61,28,6246,2011,2839.0,0.0,2.074435,-3.440815,DEU,BLR,292121
11616065,186,28,6246,2011,3058.0,0.0,0.47319399999999995,-0.20801599999999998,RUS,BLR,292121
11616066,208,28,6246,2011,6895.0,0.0,1.857146,0.366159,SWE,BLR,292121
11616067,77,58,6246,2011,1021.0,0.0,1.532054,0.09339299999999999,FRA,CYP,292121
11616068,90,58,6246,2011,21004.0,0.0,0.138679,1.30044,GRC,CYP,292121
11616069,43,68,6246,2011,167426.0,0.0,1.072299,1.686826,CHN,EGY,292121
11616070,61,68,6246,2011,1712.0,0.0,2.074435,-3.440815,DEU,EGY,292121
11616071,104,68,6246,2011,66907.0,0.0,0.18276199999999998,2.398765,IND,EGY,292121
11616072,162,68,6246,2011,112873.0,0.0,1.1655229999999999,1.410167,NLD,EGY,292121
11616073,43,72,6246,2011,9044.0,0.0,1.072299,1.686826,CHN,EST,292121
11616074,61,82,6246,2011,4963.0,0.0,2.074435,-3.440815,DEU,GEO,292121
11616075,61,83,6246,2011,10151.0,0.0,2.074435,-3.440815,DEU,GHA,292121
11616076,81,83,6246,2011,1472.0,0.0,1.8048220000000001,0.380141,GBR,GHA,292121
11616077,103,83,6246,2011,30482.0,0.0,-0.234125,1.168384,IDN,GHA,292121
11616078,26,100,6246,2011,0.0,2733.0,0.391425,0.6066600000000001,BIH,HRV,292121
11616079,162,100,6246,2011,3576.0,0.0,1.1655229999999999,1.410167,NLD,HRV,292121
11616080,207,100,6246,2011,1377.0,0.0,1.642913,0.700222,SVN,HRV,292121
11616081,15,102,6246,2011,3431.0,0.0,1.687634,-0.229095,AUT,HUN,292121
11616082,43,102,6246,2011,82810.0,0.0,1.072299,1.686826,CHN,HUN,292121
11616083,59,102,6246,2011,1394.0,0.0,1.737788,0.14741600000000002,CZE,HUN,292121
11616084,61,102,6246,2011,65359.0,0.0,2.074435,-3.440815,DEU,HUN,292121
11616085,77,102,6246,2011,2239.0,0.0,1.532054,0.09339299999999999,FRA,HUN,292121
11616086,162,102,6246,2011,6715.0,0.0,1.1655229999999999,1.410167,NLD,HUN,292121
11616087,177,102,6246,2011,21050.0,3937.0,1.133641,1.134203,POL,HUN,292121
11616088,201,102,6246,2011,0.0,12631.0,0.49055699999999997,1.5601399999999999,SRB,HUN,292121
11616089,7,107,6246,2011,159472.0,0.0,0.030652,-0.450808,ARE,IRN,292121
11616090,15,107,6246,2011,5673.0,0.0,1.687634,-0.229095,AUT,IRN,292121
11616091,43,107,6246,2011,902490.0,0.0,1.072299,1.686826,CHN,IRN,292121
11616092,61,107,6246,2011,10063.0,0.0,2.074435,-3.440815,DEU,IRN,292121
11616093,77,107,6246,2011,76434.0,0.0,1.532054,0.09339299999999999,FRA,IRN,292121
11616094,97,107,6246,2011,233523.0,0.0,0.663588,1.902118,HKG,IRN,292121
11616095,104,107,6246,2011,71587.0,0.0,0.18276199999999998,2.398765,IND,IRN,292121
11616096,106,107,6246,2011,269482.0,0.0,1.403182,0.290245,IRL,IRN,292121
11616097,111,107,6246,2011,32105.0,0.0,1.298751,0.48013599999999995,ITA,IRN,292121
11616098,162,107,6246,2011,56015.0,0.0,1.1655229999999999,1.410167,NLD,IRN,292121
11616099,177,107,6246,2011,5277.0,0.0,1.133641,1.134203,POL,IRN,292121
11616100,224,107,6246,2011,47668.0,0.0,0.45775,2.4316259999999996,TUR,IRN,292121
11616101,43,108,6246,2011,46240.0,0.0,1.072299,1.686826,CHN,IRQ,292121
11616102,43,113,6246,2011,122982.0,0.0,1.072299,1.686826,CHN,JOR,292121
11616103,177,113,6246,2011,8349.0,0.0,1.133641,1.134203,POL,JOR,292121
11616104,43,115,6246,2011,3424.0,0.0,1.072299,1.686826,CHN,KAZ,292121
11616105,186,115,6246,2011,20701.0,0.0,0.47319399999999995,-0.20801599999999998,RUS,KAZ,292121
11616106,43,116,6246,2011,65583.0,0.0,1.072299,1.686826,CHN,KEN,292121
11616107,104,116,6246,2011,1815.0,0.0,0.18276199999999998,2.398765,IND,KEN,292121
11616108,162,116,6246,2011,139970.0,0.0,1.1655229999999999,1.410167,NLD,KEN,292121
11616109,187,116,6246,2011,0.0,27600.0,-0.684475,-0.690734,RWA,KEN,292121
11616110,226,116,6246,2011,37231.0,51833.0,-0.751316,0.286505,TZA,KEN,292121
11616111,227,116,6246,2011,0.0,6297.0,-0.7153,-0.062678,UGA,KEN,292121
11616112,18,118,6246,2011,2204.0,0.0,1.221703,1.247961,BEL,KHM,292121
11616113,43,118,6246,2011,23127.0,0.0,1.072299,1.686826,CHN,KHM,292121
11616114,43,124,6246,2011,73088.0,0.0,1.072299,1.686826,CHN,LBN,292121
11616115,43,128,6246,2011,38337.0,0.0,1.072299,1.686826,CHN,LKA,292121
11616116,104,128,6246,2011,24851.0,0.0,0.18276199999999998,2.398765,IND,LKA,292121
11616117,153,128,6246,2011,3186.0,0.0,0.9893290000000001,0.632079,MYS,LKA,292121
11616118,162,128,6246,2011,16891.0,0.0,1.1655229999999999,1.410167,NLD,LKA,292121
11616119,192,128,6246,2011,16625.0,0.0,1.849116,0.52127,SGP,LKA,292121
11616120,43,130,6246,2011,46502.0,0.0,1.072299,1.686826,CHN,LTU,292121
11616121,61,130,6246,2011,1243.0,0.0,2.074435,-3.440815,DEU,LTU,292121
11616122,132,130,6246,2011,0.0,5603.0,0.7320939999999999,1.101321,LVA,LTU,292121
11616123,162,130,6246,2011,1495.0,0.0,1.1655229999999999,1.410167,NLD,LTU,292121
11616124,186,130,6246,2011,0.0,4448.0,0.47319399999999995,-0.20801599999999998,RUS,LTU,292121
11616125,208,130,6246,2011,1203.0,0.0,1.857146,0.366159,SWE,LTU,292121
11616126,18,131,6246,2011,25588.0,0.0,1.221703,1.247961,BEL,LUX,292121
11616127,61,132,6246,2011,1376.0,0.0,2.074435,-3.440815,DEU,LVA,292121
11616128,130,132,6246,2011,5603.0,0.0,0.747963,0.9759530000000001,LTU,LVA,292121
11616129,43,135,6246,2011,2096.0,0.0,1.072299,1.686826,CHN,MDA,292121
11616130,43,143,6246,2011,5072.0,0.0,1.072299,1.686826,CHN,MMR,292121
11616131,103,143,6246,2011,2300.0,0.0,-0.234125,1.168384,IDN,MMR,292121
11616132,192,143,6246,2011,2200.0,0.0,1.849116,0.52127,SGP,MMR,292121
11616133,18,163,6246,2011,1753.0,0.0,1.221703,1.247961,BEL,NOR,292121
11616134,59,163,6246,2011,1777.0,0.0,1.737788,0.14741600000000002,CZE,NOR,292121
11616135,61,163,6246,2011,2178.0,0.0,2.074435,-3.440815,DEU,NOR,292121
11616136,77,163,6246,2011,13694.0,0.0,1.532054,0.09339299999999999,FRA,NOR,292121
11616137,208,163,6246,2011,39477.0,0.0,1.857146,0.366159,SWE,NOR,292121
11616138,7,167,6246,2011,37357.0,0.0,0.030652,-0.450808,ARE,OMN,292121
11616139,104,167,6246,2011,1079.0,0.0,0.18276199999999998,2.398765,IND,OMN,292121
11616140,188,167,6246,2011,59558.0,0.0,0.354045,-0.800028,SAU,OMN,292121
11616141,231,167,6246,2011,21193.0,0.0,1.6884849999999998,-0.474499,USA,OMN,292121
11616142,18,186,6246,2011,234678.0,0.0,1.221703,1.247961,BEL,RUS,292121
11616143,28,186,6246,2011,0.0,3058.0,0.8786729999999999,0.442097,BLR,RUS,292121
11616144,43,186,6246,2011,2096322.0,0.0,1.072299,1.686826,CHN,RUS,292121
11616145,61,186,6246,2011,15274.0,0.0,2.074435,-3.440815,DEU,RUS,292121
11616146,71,186,6246,2011,1767.0,0.0,0.8677290000000001,2.4618450000000003,ESP,RUS,292121
11616147,74,186,6246,2011,8419.0,0.0,1.7488830000000002,0.890934,FIN,RUS,292121
11616148,104,186,6246,2011,0.0,49169.0,0.18276199999999998,2.398765,IND,RUS,292121
11616149,115,186,6246,2011,0.0,20701.0,-0.514687,-0.775671,KAZ,RUS,292121
11616150,130,186,6246,2011,4448.0,0.0,0.747963,0.9759530000000001,LTU,RUS,292121
11616151,138,186,6246,2011,14689.0,0.0,0.9534600000000001,0.706982,MEX,RUS,292121
11616152,162,186,6246,2011,162951.0,0.0,1.1655229999999999,1.410167,NLD,RUS,292121
11616153,177,186,6246,2011,71350.0,0.0,1.133641,1.134203,POL,RUS,292121
11616154,206,186,6246,2011,0.0,1087.0,1.262897,0.8230569999999999,SVK,RUS,292121
11616155,207,186,6246,2011,1052.0,0.0,1.642913,0.700222,SVN,RUS,292121
11616156,208,186,6246,2011,201293.0,0.0,1.857146,0.366159,SWE,RUS,292121
11616157,231,186,6246,2011,170095.0,0.0,1.6884849999999998,-0.474499,USA,RUS,292121
11616158,232,186,6246,2011,0.0,32439.0,-0.785878,-0.663918,UZB,RUS,292121
11616159,61,191,6246,2011,8079.0,0.0,2.074435,-3.440815,DEU,SEN,292121
11616160,162,191,6246,2011,8001.0,0.0,1.1655229999999999,1.410167,NLD,SEN,292121
11616161,43,201,6246,2011,9060.0,0.0,1.072299,1.686826,CHN,SRB,292121
11616162,102,201,6246,2011,12631.0,0.0,1.486592,0.805642,HUN,SRB,292121
11616163,104,232,6246,2011,1882.0,0.0,0.18276199999999998,2.398765,IND,UZB,292121
11616164,186,232,6246,2011,32439.0,0.0,0.47319399999999995,-0.20801599999999998,RUS,UZB,292121
11616165,18,239,6246,2011,1172059.0,0.0,1.221703,1.247961,BEL,VNM,292121
11616166,43,239,6246,2011,1756719.0,0.0,1.072299,1.686826,CHN,VNM,292121
11616167,61,239,6246,2011,6350.0,0.0,2.074435,-3.440815,DEU,VNM,292121
11616168,77,239,6246,2011,68267.0,0.0,1.532054,0.09339299999999999,FRA,VNM,292121
11616169,104,239,6246,2011,10318.0,0.0,0.18276199999999998,2.398765,IND,VNM,292121
11616170,114,239,6246,2011,187783.0,0.0,2.516395,-0.534301,JPN,VNM,292121
11616171,121,239,6246,2011,147975.0,0.0,1.731371,0.8306879999999999,KOR,VNM,292121
11616172,153,239,6246,2011,2516.0,0.0,0.9893290000000001,0.632079,MYS,VNM,292121
11616173,162,239,6246,2011,50989.0,0.0,1.1655229999999999,1.410167,NLD,VNM,292121
11616174,188,239,6246,2011,34237.0,0.0,0.354045,-0.800028,SAU,VNM,292121
11616175,192,239,6246,2011,239892.0,0.0,1.849116,0.52127,SGP,VNM,292121
11616176,231,239,6246,2011,66535.0,0.0,1.6884849999999998,-0.474499,USA,VNM,292121
11616177,249,239,6246,2011,83158.0,0.0,1.803234,0.921233,TWN,VNM,292121
11616178,246,248,6246,2011,36513.0,0.0,0.241792,1.353011,ZAF,ZWE,292121
11616179,246,37,6246,2011,43315.0,0.0,0.241792,1.353011,ZAF,BWA,292121
11616180,77,44,6246,2011,3336.0,0.0,1.532054,0.09339299999999999,FRA,CIV,292121
11616181,104,44,6246,2011,0.0,33860.0,0.18276199999999998,2.398765,IND,CIV,292121
11616182,18,45,6246,2011,26916.0,0.0,1.221703,1.247961,BEL,CMR,292121
11616183,18,47,6246,2011,15308.0,0.0,1.221703,1.247961,BEL,COG,292121
11616184,104,47,6246,2011,39148.0,0.0,0.18276199999999998,2.398765,IND,COG,292121
11616185,65,54,6246,2011,6134.0,0.0,-0.260653,0.5682010000000001,DOM,CUB,292121
11616186,43,62,6246,2011,32714.0,0.0,1.072299,1.686826,CHN,DJI,292121
11616187,104,62,6246,2011,1995.0,0.0,0.18276199999999998,2.398765,IND,DJI,292121
11616188,162,62,6246,2011,438181.0,0.0,1.1655229999999999,1.410167,NLD,DJI,292121
11616189,43,66,6246,2011,43225.0,0.0,1.072299,1.686826,CHN,DZA,292121
11616190,71,66,6246,2011,76166.0,0.0,0.8677290000000001,2.4618450000000003,ESP,DZA,292121
11616191,77,66,6246,2011,14807.0,0.0,1.532054,0.09339299999999999,FRA,DZA,292121
11616192,224,66,6246,2011,2226.0,0.0,0.45775,2.4316259999999996,TUR,DZA,292121
11616193,111,73,6246,2011,21382.0,0.0,1.298751,0.48013599999999995,ITA,ETH,292121
11616194,162,73,6246,2011,3544.0,0.0,1.1655229999999999,1.410167,NLD,ETH,292121
11616195,77,80,6246,2011,1393.0,0.0,1.532054,0.09339299999999999,FRA,GAB,292121
11616196,61,109,6246,2011,8198.0,0.0,2.074435,-3.440815,DEU,ISL,292121
11616197,162,109,6246,2011,5587.0,0.0,1.1655229999999999,1.410167,NLD,ISL,292121
11616198,206,109,6246,2011,1305.0,0.0,1.262897,0.8230569999999999,SVK,ISL,292121
11616199,104,125,6246,2011,2377.0,0.0,0.18276199999999998,2.398765,IND,LBR,292121
11616200,18,151,6246,2011,1706.0,0.0,1.221703,1.247961,BEL,MUS,292121
11616201,43,151,6246,2011,8869.0,0.0,1.072299,1.686826,CHN,MUS,292121
11616202,162,151,6246,2011,7547.0,0.0,1.1655229999999999,1.410167,NLD,MUS,292121
11616203,192,151,6246,2011,34058.0,0.0,1.849116,0.52127,SGP,MUS,292121
11616204,33,159,6246,2011,6776.0,0.0,0.445982,0.204672,BRB,NGA,292121
11616205,43,159,6246,2011,977700.0,0.0,1.072299,1.686826,CHN,NGA,292121
11616206,103,159,6246,2011,10801.0,0.0,-0.234125,1.168384,IDN,NGA,292121
11616207,104,159,6246,2011,13026.0,0.0,0.18276199999999998,2.398765,IND,NGA,292121
11616208,104,164,6246,2011,47914.0,0.0,0.18276199999999998,2.398765,IND,NPL,292121
11616209,43,176,6246,2011,40179.0,0.0,1.072299,1.686826,CHN,PNG,292121
11616210,192,176,6246,2011,34965.0,0.0,1.849116,0.52127,SGP,PNG,292121
11616211,43,178,6246,2011,5278.0,0.0,1.072299,1.686826,CHN,PRK,292121
11616212,43,182,6246,2011,4647.0,0.0,1.072299,1.686826,CHN,PYF,292121
11616213,43,212,6246,2011,200963.0,0.0,1.072299,1.686826,CHN,SYR,292121
11616214,121,212,6246,2011,140897.0,0.0,1.731371,0.8306879999999999,KOR,SYR,292121
11616215,162,212,6246,2011,171082.0,0.0,1.1655229999999999,1.410167,NLD,SYR,292121
11616216,18,223,6246,2011,2215.0,0.0,1.221703,1.247961,BEL,TUN,292121
11616217,77,223,6246,2011,2001.0,0.0,1.532054,0.09339299999999999,FRA,TUN,292121
11616218,111,223,6246,2011,225751.0,0.0,1.298751,0.48013599999999995,ITA,TUN,292121
11616219,104,226,6246,2011,995.0,0.0,0.18276199999999998,2.398765,IND,TZA,292121
11616220,116,226,6246,2011,51833.0,37231.0,-0.48319300000000004,0.346927,KEN,TZA,292121
11616221,43,227,6246,2011,6706.0,0.0,1.072299,1.686826,CHN,UGA,292121
11616222,116,227,6246,2011,6297.0,0.0,-0.48319300000000004,0.346927,KEN,UGA,292121
11616223,43,9,6246,2011,994.0,0.0,1.072299,1.686826,CHN,ARM,292121
11616224,43,144,6246,2011,26194.0,0.0,1.072299,1.686826,CHN,MNE,292121
11616225,246,152,6246,2011,2249.0,0.0,0.241792,1.353011,ZAF,MWI,292121
11616226,231,0,6246,2011,8069.0,0.0,1.6884849999999998,-0.474499,USA,ABW,292121
11616227,179,51,6246,2011,2865.0,0.0,0.558481,2.7056240000000003,PRT,CPV,292121
11616228,18,136,6246,2011,1274.0,0.0,1.221703,1.247961,BEL,MDG,292121
11616229,61,160,6246,2011,2456.0,0.0,2.074435,-3.440815,DEU,NIC,292121
11616230,93,160,6246,2011,3979.0,0.0,-0.329497,0.775369,GTM,NIC,292121
11616231,116,187,6246,2011,27600.0,0.0,-0.48319300000000004,0.346927,KEN,RWA,292121
11616232,43,7,6253,2011,136667.0,0.0,1.072299,1.686826,CHN,ARE,292144
11616233,61,7,6253,2011,2292.0,0.0,2.074435,-3.440815,DEU,ARE,292144
11616234,32,8,6253,2011,121094.0,0.0,0.27718400000000004,0.5674319999999999,BRA,ARG,292144
11616235,39,8,6253,2011,2309.0,0.0,0.754813,1.1967290000000002,CAN,ARG,292144
11616236,43,8,6253,2011,460625.0,0.0,1.072299,1.686826,CHN,ARG,292144
11616237,61,8,6253,2011,30999.0,0.0,2.074435,-3.440815,DEU,ARG,292144
11616238,104,8,6253,2011,136621.0,0.0,0.18276199999999998,2.398765,IND,ARG,292144
11616239,111,8,6253,2011,29445.0,0.0,1.298751,0.48013599999999995,ITA,ARG,292144
11616240,231,8,6253,2011,5973.0,0.0,1.6884849999999998,-0.474499,USA,ARG,292144
11616241,18,15,6253,2011,0.0,2933.0,1.221703,1.247961,BEL,AUT,292144
11616242,39,15,6253,2011,1902.0,0.0,0.754813,1.1967290000000002,CAN,AUT,292144
11616243,43,15,6253,2011,26634.0,0.0,1.072299,1.686826,CHN,AUT,292144
11616244,61,15,6253,2011,0.0,144785.0,2.074435,-3.440815,DEU,AUT,292144
11616245,15,18,6253,2011,2933.0,0.0,1.687634,-0.229095,AUT,BEL,292144
11616246,39,18,6253,2011,756234.0,0.0,0.754813,1.1967290000000002,CAN,BEL,292144
11616247,41,18,6253,2011,0.0,18969.0,2.2644029999999997,0.406131,CHE,BEL,292144
11616248,43,18,6253,2011,530715.0,0.0,1.072299,1.686826,CHN,BEL,292144
11616249,61,18,6253,2011,763847.0,5315708.0,2.074435,-3.440815,DEU,BEL,292144
11616250,71,18,6253,2011,0.0,59549.0,0.8677290000000001,2.4618450000000003,ESP,BEL,292144
11616251,77,18,6253,2011,833781.0,560023.0,1.532054,0.09339299999999999,FRA,BEL,292144
11616252,81,18,6253,2011,174477.0,104143.0,1.8048220000000001,0.380141,GBR,BEL,292144
11616253,104,18,6253,2011,0.0,51477.0,0.18276199999999998,2.398765,IND,BEL,292144
11616254,110,18,6253,2011,0.0,28109.0,1.324384,0.714611,ISR,BEL,292144
11616255,111,18,6253,2011,1117904.0,532302.0,1.298751,0.48013599999999995,ITA,BEL,292144
11616256,131,18,6253,2011,0.0,414957.0,1.1655739999999999,1.222379,LUX,BEL,292144
11616257,153,18,6253,2011,0.0,9628.0,0.9893290000000001,0.632079,MYS,BEL,292144
11616258,162,18,6253,2011,0.0,267730.0,1.1655229999999999,1.410167,NLD,BEL,292144
11616259,177,18,6253,2011,0.0,7025.0,1.133641,1.134203,POL,BEL,292144
11616260,185,18,6253,2011,0.0,3402.0,0.722,1.296655,ROU,BEL,292144
11616261,188,18,6253,2011,0.0,910.0,0.354045,-0.800028,SAU,BEL,292144
11616262,207,18,6253,2011,0.0,74789.0,1.642913,0.700222,SVN,BEL,292144
11616263,208,18,6253,2011,7994.0,37611.0,1.857146,0.366159,SWE,BEL,292144
11616264,224,18,6253,2011,0.0,13067.0,0.45775,2.4316259999999996,TUR,BEL,292144
11616265,231,18,6253,2011,4837618.0,374687.0,1.6884849999999998,-0.474499,USA,BEL,292144
11616266,249,18,6253,2011,655282.0,313860.0,1.803234,0.921233,TWN,BEL,292144
11616267,61,23,6253,2011,11771.0,0.0,2.074435,-3.440815,DEU,BGR,292144
11616268,111,23,6253,2011,2469.0,0.0,1.298751,0.48013599999999995,ITA,BGR,292144
11616269,224,23,6253,2011,0.0,5300.0,0.45775,2.4316259999999996,TUR,BGR,292144
11616270,231,23,6253,2011,33603.0,0.0,1.6884849999999998,-0.474499,USA,BGR,292144
11616271,2,32,6253,2011,0.0,4723.0,-1.252991,-1.132314,AGO,BRA,292144
11616272,8,32,6253,2011,0.0,121094.0,0.240494,0.540376,ARG,BRA,292144
11616273,39,32,6253,2011,38520.0,0.0,0.754813,1.1967290000000002,CAN,BRA,292144
11616274,43,32,6253,2011,354140.0,0.0,1.072299,1.686826,CHN,BRA,292144
11616275,61,32,6253,2011,44697.0,0.0,2.074435,-3.440815,DEU,BRA,292144
11616276,77,32,6253,2011,33712.0,0.0,1.532054,0.09339299999999999,FRA,BRA,292144
11616277,104,32,6253,2011,183147.0,0.0,0.18276199999999998,2.398765,IND,BRA,292144
11616278,114,32,6253,2011,15559.0,0.0,2.516395,-0.534301,JPN,BRA,292144
11616279,138,32,6253,2011,7507.0,138129.0,0.9534600000000001,0.706982,MEX,BRA,292144
11616280,206,32,6253,2011,105041.0,0.0,1.262897,0.8230569999999999,SVK,BRA,292144
11616281,231,32,6253,2011,806589.0,548300.0,1.6884849999999998,-0.474499,USA,BRA,292144
11616282,8,39,6253,2011,0.0,2309.0,0.240494,0.540376,ARG,CAN,292144
11616283,14,39,6253,2011,0.0,24369.0,-0.138148,0.002999,AUS,CAN,292144
11616284,15,39,6253,2011,0.0,1902.0,1.687634,-0.229095,AUT,CAN,292144
11616285,18,39,6253,2011,0.0,756234.0,1.221703,1.247961,BEL,CAN,292144
11616286,32,39,6253,2011,0.0,38520.0,0.27718400000000004,0.5674319999999999,BRA,CAN,292144
11616287,41,39,6253,2011,0.0,40081.0,2.2644029999999997,0.406131,CHE,CAN,292144
11616288,43,39,6253,2011,0.0,881300.0,1.072299,1.686826,CHN,CAN,292144
11616289,59,39,6253,2011,0.0,6273.0,1.737788,0.14741600000000002,CZE,CAN,292144
11616290,61,39,6253,2011,0.0,129712.0,2.074435,-3.440815,DEU,CAN,292144
11616291,64,39,6253,2011,0.0,2594.0,1.156026,1.2248299999999999,DNK,CAN,292144
11616292,77,39,6253,2011,5376.0,99321.0,1.532054,0.09339299999999999,FRA,CAN,292144
11616293,81,39,6253,2011,0.0,6704.0,1.8048220000000001,0.380141,GBR,CAN,292144
11616294,97,39,6253,2011,0.0,82104.0,0.663588,1.902118,HKG,CAN,292144
11616295,103,39,6253,2011,0.0,126291.0,-0.234125,1.168384,IDN,CAN,292144
11616296,104,39,6253,2011,115204.0,449660.0,0.18276199999999998,2.398765,IND,CAN,292144
11616297,111,39,6253,2011,27164.0,93962.0,1.298751,0.48013599999999995,ITA,CAN,292144
11616298,114,39,6253,2011,0.0,797202.0,2.516395,-0.534301,JPN,CAN,292144
11616299,121,39,6253,2011,0.0,34363.0,1.731371,0.8306879999999999,KOR,CAN,292144
11616300,138,39,6253,2011,0.0,137396.0,0.9534600000000001,0.706982,MEX,CAN,292144
11616301,153,39,6253,2011,0.0,76337.0,0.9893290000000001,0.632079,MYS,CAN,292144
11616302,162,39,6253,2011,0.0,16128.0,1.1655229999999999,1.410167,NLD,CAN,292144
11616303,174,39,6253,2011,0.0,92619.0,0.364707,0.322626,PHL,CAN,292144
11616304,192,39,6253,2011,0.0,3251168.0,1.849116,0.52127,SGP,CAN,292144
11616305,206,39,6253,2011,16105.0,0.0,1.262897,0.8230569999999999,SVK,CAN,292144
11616306,208,39,6253,2011,0.0,18399.0,1.857146,0.366159,SWE,CAN,292144
11616307,216,39,6253,2011,0.0,408301.0,0.889009,1.503118,THA,CAN,292144
11616308,231,39,6253,2011,21235954.0,42530036.0,1.6884849999999998,-0.474499,USA,CAN,292144
11616309,236,39,6253,2011,0.0,47189.0,-0.841147,-1.095636,VEN,CAN,292144
11616310,246,39,6253,2011,5966.0,0.0,0.241792,1.353011,ZAF,CAN,292144
11616311,249,39,6253,2011,0.0,259587.0,1.803234,0.921233,TWN,CAN,292144
11616312,18,41,6253,2011,18969.0,0.0,1.221703,1.247961,BEL,CHE,292144
11616313,39,41,6253,2011,40081.0,0.0,0.754813,1.1967290000000002,CAN,CHE,292144
11616314,43,41,6253,2011,208893.0,3143883.0,1.072299,1.686826,CHN,CHE,292144
11616315,61,41,6253,2011,97546.0,17489.0,2.074435,-3.440815,DEU,CHE,292144
11616316,81,41,6253,2011,1599.0,1426.0,1.8048220000000001,0.380141,GBR,CHE,292144
11616317,104,41,6253,2011,1503693.0,38296.0,0.18276199999999998,2.398765,IND,CHE,292144
11616318,186,41,6253,2011,1064.0,0.0,0.47319399999999995,-0.20801599999999998,RUS,CHE,292144
11616319,216,41,6253,2011,0.0,934.0,0.889009,1.503118,THA,CHE,292144
11616320,231,41,6253,2011,4162.0,103509.0,1.6884849999999998,-0.474499,USA,CHE,292144
11616321,249,41,6253,2011,0.0,2299.0,1.803234,0.921233,TWN,CHE,292144
11616322,14,42,6253,2011,0.0,96198.0,-0.138148,0.002999,AUS,CHL,292144
11616323,43,42,6253,2011,4256.0,0.0,1.072299,1.686826,CHN,CHL,292144
11616324,61,42,6253,2011,31311.0,0.0,2.074435,-3.440815,DEU,CHL,292144
11616325,104,42,6253,2011,0.0,219605.0,0.18276199999999998,2.398765,IND,CHL,292144
11616326,231,42,6253,2011,90642.0,0.0,1.6884849999999998,-0.474499,USA,CHL,292144
11616327,246,42,6253,2011,0.0,76202.0,0.241792,1.353011,ZAF,CHL,292144
11616328,7,43,6253,2011,0.0,136667.0,0.030652,-0.450808,ARE,CHN,292144
11616329,8,43,6253,2011,0.0,460625.0,0.240494,0.540376,ARG,CHN,292144
11616330,14,43,6253,2011,1783.0,18203.0,-0.138148,0.002999,AUS,CHN,292144
11616331,15,43,6253,2011,0.0,26634.0,1.687634,-0.229095,AUT,CHN,292144
11616332,18,43,6253,2011,0.0,530715.0,1.221703,1.247961,BEL,CHN,292144
11616333,22,43,6253,2011,0.0,33522.0,-1.074416,-0.8276370000000001,BGD,CHN,292144
11616334,32,43,6253,2011,0.0,354140.0,0.27718400000000004,0.5674319999999999,BRA,CHN,292144
11616335,39,43,6253,2011,881300.0,0.0,0.754813,1.1967290000000002,CAN,CHN,292144
11616336,41,43,6253,2011,3143883.0,208893.0,2.2644029999999997,0.406131,CHE,CHN,292144
11616337,42,43,6253,2011,0.0,4256.0,-0.199877,-0.353009,CHL,CHN,292144
11616338,61,43,6253,2011,114122.0,928451.0,2.074435,-3.440815,DEU,CHN,292144
11616339,67,43,6253,2011,0.0,1770.0,-0.8250639999999999,-0.839082,ECU,CHN,292144
11616340,68,43,6253,2011,0.0,3927.0,-0.166243,1.384719,EGY,CHN,292144
11616341,71,43,6253,2011,0.0,853146.0,0.8677290000000001,2.4618450000000003,ESP,CHN,292144
11616342,72,43,6253,2011,0.0,70842.0,0.9806790000000001,1.110449,EST,CHN,292144
11616343,74,43,6253,2011,0.0,33265.0,1.7488830000000002,0.890934,FIN,CHN,292144
11616344,77,43,6253,2011,0.0,788895.0,1.532054,0.09339299999999999,FRA,CHN,292144
11616345,81,43,6253,2011,0.0,83051.0,1.8048220000000001,0.380141,GBR,CHN,292144
11616346,93,43,6253,2011,0.0,1166.0,-0.329497,0.775369,GTM,CHN,292144
11616347,97,43,6253,2011,1254.0,8879.0,0.663588,1.902118,HKG,CHN,292144
11616348,103,43,6253,2011,0.0,3386.0,-0.234125,1.168384,IDN,CHN,292144
11616349,104,43,6253,2011,1946905.0,13699137.0,0.18276199999999998,2.398765,IND,CHN,292144
11616350,110,43,6253,2011,0.0,23829.0,1.324384,0.714611,ISR,CHN,292144
11616351,111,43,6253,2011,106112.0,178517.0,1.298751,0.48013599999999995,ITA,CHN,292144
11616352,114,43,6253,2011,4488579.0,7218624.0,2.516395,-0.534301,JPN,CHN,292144
11616353,115,43,6253,2011,0.0,16206.0,-0.514687,-0.775671,KAZ,CHN,292144
11616354,117,43,6253,2011,0.0,7992.0,-0.323348,0.164469,KGZ,CHN,292144
11616355,121,43,6253,2011,33626.0,63834392.0,1.731371,0.8306879999999999,KOR,CHN,292144
11616356,128,43,6253,2011,0.0,22471.0,-0.559311,0.398905,LKA,CHN,292144
11616357,130,43,6253,2011,0.0,22512.0,0.747963,0.9759530000000001,LTU,CHN,292144
11616358,131,43,6253,2011,0.0,261209.0,1.1655739999999999,1.222379,LUX,CHN,292144
11616359,132,43,6253,2011,0.0,1064493.0,0.7320939999999999,1.101321,LVA,CHN,292144
11616360,134,43,6253,2011,0.0,4849.0,-0.485404,0.099828,MAR,CHN,292144
11616361,138,43,6253,2011,5182.0,9509999.0,0.9534600000000001,0.706982,MEX,CHN,292144
11616362,143,43,6253,2011,0.0,7413.0,-1.3557190000000001,-0.929934,MMR,CHN,292144
11616363,153,43,6253,2011,0.0,62782.0,0.9893290000000001,0.632079,MYS,CHN,292144
11616364,160,43,6253,2011,0.0,4977.0,-0.9592139999999999,-0.796108,NIC,CHN,292144
11616365,162,43,6253,2011,0.0,7397218.0,1.1655229999999999,1.410167,NLD,CHN,292144
11616366,168,43,6253,2011,0.0,227245.0,-0.729677,0.6026729999999999,PAK,CHN,292144
11616367,177,43,6253,2011,0.0,462265.0,1.133641,1.134203,POL,CHN,292144
11616368,186,43,6253,2011,0.0,310602.0,0.47319399999999995,-0.20801599999999998,RUS,CHN,292144
11616369,192,43,6253,2011,0.0,4913598.0,1.849116,0.52127,SGP,CHN,292144
11616370,197,43,6253,2011,0.0,21910.0,-0.09713200000000001,0.20772600000000002,SLV,CHN,292144
11616371,201,43,6253,2011,0.0,47862.0,0.49055699999999997,1.5601399999999999,SRB,CHN,292144
11616372,206,43,6253,2011,0.0,645472.0,1.262897,0.8230569999999999,SVK,CHN,292144
11616373,207,43,6253,2011,0.0,15912.0,1.642913,0.700222,SVN,CHN,292144
11616374,208,43,6253,2011,0.0,102082.0,1.857146,0.366159,SWE,CHN,292144
11616375,214,43,6253,2011,0.0,90901.0,-2.368546,-0.814948,TCD,CHN,292144
11616376,216,43,6253,2011,0.0,206736.0,0.889009,1.503118,THA,CHN,292144
11616377,224,43,6253,2011,0.0,6757.0,0.45775,2.4316259999999996,TUR,CHN,292144
11616378,231,43,6253,2011,155085.0,9447460.0,1.6884849999999998,-0.474499,USA,CHN,292144
11616379,236,43,6253,2011,0.0,10233.0,-0.841147,-1.095636,VEN,CHN,292144
11616380,239,43,6253,2011,0.0,204371.0,-0.184453,1.637207,VNM,CHN,292144
11616381,246,43,6253,2011,0.0,4131.0,0.241792,1.353011,ZAF,CHN,292144
11616382,249,43,6253,2011,105398.0,5788090.0,1.803234,0.921233,TWN,CHN,292144
11616383,61,49,6253,2011,2424.0,0.0,2.074435,-3.440815,DEU,COL,292144
11616384,39,59,6253,2011,6273.0,0.0,0.754813,1.1967290000000002,CAN,CZE,292144
11616385,61,59,6253,2011,36230.0,0.0,2.074435,-3.440815,DEU,CZE,292144
11616386,77,59,6253,2011,29635.0,0.0,1.532054,0.09339299999999999,FRA,CZE,292144
11616387,111,59,6253,2011,4101.0,0.0,1.298751,0.48013599999999995,ITA,CZE,292144
11616388,206,59,6253,2011,8373.0,0.0,1.262897,0.8230569999999999,SVK,CZE,292144
11616389,7,61,6253,2011,0.0,2292.0,0.030652,-0.450808,ARE,DEU,292144
11616390,8,61,6253,2011,0.0,30999.0,0.240494,0.540376,ARG,DEU,292144
11616391,15,61,6253,2011,144785.0,0.0,1.687634,-0.229095,AUT,DEU,292144
11616392,18,61,6253,2011,5315708.0,763847.0,1.221703,1.247961,BEL,DEU,292144
11616393,23,61,6253,2011,0.0,11771.0,0.537967,1.520973,BGR,DEU,292144
11616394,32,61,6253,2011,0.0,44697.0,0.27718400000000004,0.5674319999999999,BRA,DEU,292144
11616395,39,61,6253,2011,129712.0,0.0,0.754813,1.1967290000000002,CAN,DEU,292144
11616396,41,61,6253,2011,17489.0,97546.0,2.2644029999999997,0.406131,CHE,DEU,292144
11616397,42,61,6253,2011,0.0,31311.0,-0.199877,-0.353009,CHL,DEU,292144
11616398,43,61,6253,2011,928451.0,114122.0,1.072299,1.686826,CHN,DEU,292144
11616399,49,61,6253,2011,0.0,2424.0,0.14336600000000002,-0.22996,COL,DEU,292144
11616400,58,61,6253,2011,0.0,2192.0,0.798165,0.424179,CYP,DEU,292144
11616401,59,61,6253,2011,0.0,36230.0,1.737788,0.14741600000000002,CZE,DEU,292144
11616402,64,61,6253,2011,0.0,16557.0,1.156026,1.2248299999999999,DNK,DEU,292144
11616403,66,61,6253,2011,0.0,5883.0,-1.36763,-1.140594,DZA,DEU,292144
11616404,68,61,6253,2011,0.0,1314.0,-0.166243,1.384719,EGY,DEU,292144
11616405,71,61,6253,2011,0.0,83518.0,0.8677290000000001,2.4618450000000003,ESP,DEU,292144
11616406,74,61,6253,2011,0.0,37032.0,1.7488830000000002,0.890934,FIN,DEU,292144
11616407,77,61,6253,2011,1797173.0,354242.0,1.532054,0.09339299999999999,FRA,DEU,292144
11616408,81,61,6253,2011,2966.0,186823.0,1.8048220000000001,0.380141,GBR,DEU,292144
11616409,90,61,6253,2011,0.0,37528.0,0.138679,1.30044,GRC,DEU,292144
11616410,97,61,6253,2011,0.0,3996.0,0.663588,1.902118,HKG,DEU,292144
11616411,100,61,6253,2011,0.0,4792.0,0.868294,0.9424299999999999,HRV,DEU,292144
11616412,102,61,6253,2011,0.0,1233.0,1.486592,0.805642,HUN,DEU,292144
11616413,103,61,6253,2011,0.0,11168.0,-0.234125,1.168384,IDN,DEU,292144
11616414,104,61,6253,2011,620564.0,31301.0,0.18276199999999998,2.398765,IND,DEU,292144
11616415,110,61,6253,2011,0.0,1860.0,1.324384,0.714611,ISR,DEU,292144
11616416,111,61,6253,2011,11412.0,278603.0,1.298751,0.48013599999999995,ITA,DEU,292144
11616417,114,61,6253,2011,0.0,2549.0,2.516395,-0.534301,JPN,DEU,292144
11616418,121,61,6253,2011,0.0,52064.0,1.731371,0.8306879999999999,KOR,DEU,292144
11616419,131,61,6253,2011,2042.0,0.0,1.1655739999999999,1.222379,LUX,DEU,292144
11616420,138,61,6253,2011,0.0,20704.0,0.9534600000000001,0.706982,MEX,DEU,292144
11616421,153,61,6253,2011,0.0,3218.0,0.9893290000000001,0.632079,MYS,DEU,292144
11616422,162,61,6253,2011,1196142.0,51472.0,1.1655229999999999,1.410167,NLD,DEU,292144
11616423,173,61,6253,2011,0.0,3989.0,-0.455977,0.442543,PER,DEU,292144
11616424,177,61,6253,2011,4643.0,139634.0,1.133641,1.134203,POL,DEU,292144
11616425,185,61,6253,2011,0.0,10772.0,0.722,1.296655,ROU,DEU,292144
11616426,186,61,6253,2011,0.0,32223.0,0.47319399999999995,-0.20801599999999998,RUS,DEU,292144
11616427,188,61,6253,2011,0.0,3450.0,0.354045,-0.800028,SAU,DEU,292144
11616428,192,61,6253,2011,0.0,6127.0,1.849116,0.52127,SGP,DEU,292144
11616429,201,61,6253,2011,0.0,39612.0,0.49055699999999997,1.5601399999999999,SRB,DEU,292144
11616430,206,61,6253,2011,111723.0,0.0,1.262897,0.8230569999999999,SVK,DEU,292144
11616431,207,61,6253,2011,0.0,9278.0,1.642913,0.700222,SVN,DEU,292144
11616432,208,61,6253,2011,0.0,23269.0,1.857146,0.366159,SWE,DEU,292144
11616433,216,61,6253,2011,0.0,4615.0,0.889009,1.503118,THA,DEU,292144
11616434,224,61,6253,2011,0.0,174859.0,0.45775,2.4316259999999996,TUR,DEU,292144
11616435,228,61,6253,2011,0.0,1242.0,0.6221409999999999,0.765505,UKR,DEU,292144
11616436,231,61,6253,2011,50349.0,155362.0,1.6884849999999998,-0.474499,USA,DEU,292144
11616437,236,61,6253,2011,0.0,2488.0,-0.841147,-1.095636,VEN,DEU,292144
11616438,239,61,6253,2011,0.0,2722.0,-0.184453,1.637207,VNM,DEU,292144
11616439,246,61,6253,2011,0.0,13373.0,0.241792,1.353011,ZAF,DEU,292144
11616440,249,61,6253,2011,3558.0,3609.0,1.803234,0.921233,TWN,DEU,292144
11616441,39,64,6253,2011,2594.0,0.0,0.754813,1.1967290000000002,CAN,DNK,292144
11616442,61,64,6253,2011,16557.0,0.0,2.074435,-3.440815,DEU,DNK,292144
11616443,208,64,6253,2011,4084.0,0.0,1.857146,0.366159,SWE,DNK,292144
11616444,43,67,6253,2011,1770.0,0.0,1.072299,1.686826,CHN,ECU,292144
11616445,231,67,6253,2011,46780.0,0.0,1.6884849999999998,-0.474499,USA,ECU,292144
11616446,18,71,6253,2011,59549.0,0.0,1.221703,1.247961,BEL,ESP,292144
11616447,43,71,6253,2011,853146.0,0.0,1.072299,1.686826,CHN,ESP,292144
11616448,54,71,6253,2011,0.0,14627.0,-0.050093,-0.88759,CUB,ESP,292144
11616449,61,71,6253,2011,83518.0,0.0,2.074435,-3.440815,DEU,ESP,292144
11616450,77,71,6253,2011,16799.0,0.0,1.532054,0.09339299999999999,FRA,ESP,292144
11616451,81,71,6253,2011,0.0,66031.0,1.8048220000000001,0.380141,GBR,ESP,292144
11616452,104,71,6253,2011,337792.0,0.0,0.18276199999999998,2.398765,IND,ESP,292144
11616453,110,71,6253,2011,0.0,20372.0,1.324384,0.714611,ISR,ESP,292144
11616454,111,71,6253,2011,610224.0,747934.0,1.298751,0.48013599999999995,ITA,ESP,292144
11616455,162,71,6253,2011,555040.0,0.0,1.1655229999999999,1.410167,NLD,ESP,292144
11616456,174,71,6253,2011,0.0,852.0,0.364707,0.322626,PHL,ESP,292144
11616457,179,71,6253,2011,0.0,469308.0,0.558481,2.7056240000000003,PRT,ESP,292144
11616458,186,71,6253,2011,0.0,1217.0,0.47319399999999995,-0.20801599999999998,RUS,ESP,292144
11616459,246,71,6253,2011,0.0,235362.0,0.241792,1.353011,ZAF,ESP,292144
11616460,249,71,6253,2011,2892.0,0.0,1.803234,0.921233,TWN,ESP,292144
11616461,43,74,6253,2011,33265.0,0.0,1.072299,1.686826,CHN,FIN,292144
11616462,61,74,6253,2011,37032.0,0.0,2.074435,-3.440815,DEU,FIN,292144
11616463,104,74,6253,2011,0.0,87851.0,0.18276199999999998,2.398765,IND,FIN,292144
11616464,18,77,6253,2011,560023.0,833781.0,1.221703,1.247961,BEL,FRA,292144
11616465,32,77,6253,2011,0.0,33712.0,0.27718400000000004,0.5674319999999999,BRA,FRA,292144
11616466,39,77,6253,2011,99321.0,5376.0,0.754813,1.1967290000000002,CAN,FRA,292144
11616467,43,77,6253,2011,788895.0,0.0,1.072299,1.686826,CHN,FRA,292144
11616468,59,77,6253,2011,0.0,29635.0,1.737788,0.14741600000000002,CZE,FRA,292144
11616469,61,77,6253,2011,354242.0,1797173.0,2.074435,-3.440815,DEU,FRA,292144
11616470,71,77,6253,2011,0.0,16799.0,0.8677290000000001,2.4618450000000003,ESP,FRA,292144
11616471,81,77,6253,2011,1099.0,73313.0,1.8048220000000001,0.380141,GBR,FRA,292144
11616472,104,77,6253,2011,38474.0,0.0,0.18276199999999998,2.398765,IND,FRA,292144
11616473,111,77,6253,2011,2761603.0,114823.0,1.298751,0.48013599999999995,ITA,FRA,292144
11616474,114,77,6253,2011,708474.0,45767.0,2.516395,-0.534301,JPN,FRA,292144
11616475,134,77,6253,2011,0.0,5995.0,-0.485404,0.099828,MAR,FRA,292144
11616476,148,77,6253,2011,0.0,1307.0,-1.2593379999999998,-1.1793209999999998,MRT,FRA,292144
11616477,162,77,6253,2011,346949.0,0.0,1.1655229999999999,1.410167,NLD,FRA,292144
11616478,179,77,6253,2011,0.0,1405.0,0.558481,2.7056240000000003,PRT,FRA,292144
11616479,185,77,6253,2011,0.0,1973.0,0.722,1.296655,ROU,FRA,292144
11616480,206,77,6253,2011,23772.0,0.0,1.262897,0.8230569999999999,SVK,FRA,292144
11616481,208,77,6253,2011,0.0,29706.0,1.857146,0.366159,SWE,FRA,292144
11616482,224,77,6253,2011,0.0,8107.0,0.45775,2.4316259999999996,TUR,FRA,292144
11616483,231,77,6253,2011,1107429.0,67980.0,1.6884849999999998,-0.474499,USA,FRA,292144
11616484,14,81,6253,2011,0.0,4247.0,-0.138148,0.002999,AUS,GBR,292144
11616485,18,81,6253,2011,104143.0,174477.0,1.221703,1.247961,BEL,GBR,292144
11616486,39,81,6253,2011,6704.0,0.0,0.754813,1.1967290000000002,CAN,GBR,292144
11616487,41,81,6253,2011,1426.0,1599.0,2.2644029999999997,0.406131,CHE,GBR,292144
11616488,43,81,6253,2011,83051.0,0.0,1.072299,1.686826,CHN,GBR,292144
11616489,61,81,6253,2011,186823.0,2966.0,2.074435,-3.440815,DEU,GBR,292144
11616490,71,81,6253,2011,66031.0,0.0,0.8677290000000001,2.4618450000000003,ESP,GBR,292144
11616491,77,81,6253,2011,73313.0,1099.0,1.532054,0.09339299999999999,FRA,GBR,292144
11616492,83,81,6253,2011,0.0,8325.0,-0.8627319999999999,-0.608823,GHA,GBR,292144
11616493,104,81,6253,2011,175604.0,35361.0,0.18276199999999998,2.398765,IND,GBR,292144
11616494,111,81,6253,2011,80578.0,0.0,1.298751,0.48013599999999995,ITA,GBR,292144
11616495,114,81,6253,2011,342516.0,0.0,2.516395,-0.534301,JPN,GBR,292144
11616496,121,81,6253,2011,0.0,1133.0,1.731371,0.8306879999999999,KOR,GBR,292144
11616497,166,81,6253,2011,0.0,2264.0,0.372732,0.548601,NZL,GBR,292144
11616498,231,81,6253,2011,0.0,1877.0,1.6884849999999998,-0.474499,USA,GBR,292144
11616499,249,81,6253,2011,0.0,2156.0,1.803234,0.921233,TWN,GBR,292144
11616500,61,90,6253,2011,37528.0,0.0,2.074435,-3.440815,DEU,GRC,292144
11616501,111,90,6253,2011,115578.0,0.0,1.298751,0.48013599999999995,ITA,GRC,292144
11616502,43,93,6253,2011,1166.0,0.0,1.072299,1.686826,CHN,GTM,292144
11616503,138,93,6253,2011,26757.0,0.0,0.9534600000000001,0.706982,MEX,GTM,292144
11616504,39,97,6253,2011,82104.0,0.0,0.754813,1.1967290000000002,CAN,HKG,292144
11616505,43,97,6253,2011,8879.0,1254.0,1.072299,1.686826,CHN,HKG,292144
11616506,61,97,6253,2011,3996.0,0.0,2.074435,-3.440815,DEU,HKG,292144
11616507,114,97,6253,2011,29748.0,0.0,2.516395,-0.534301,JPN,HKG,292144
11616508,249,97,6253,2011,7273.0,0.0,1.803234,0.921233,TWN,HKG,292144
11616509,39,103,6253,2011,126291.0,0.0,0.754813,1.1967290000000002,CAN,IDN,292144
11616510,43,103,6253,2011,3386.0,0.0,1.072299,1.686826,CHN,IDN,292144
11616511,61,103,6253,2011,11168.0,0.0,2.074435,-3.440815,DEU,IDN,292144
11616512,104,103,6253,2011,213457.0,36519.0,0.18276199999999998,2.398765,IND,IDN,292144
11616513,114,103,6253,2011,49798.0,0.0,2.516395,-0.534301,JPN,IDN,292144
11616514,121,103,6253,2011,88748.0,0.0,1.731371,0.8306879999999999,KOR,IDN,292144
11616515,192,103,6253,2011,1091815.0,0.0,1.849116,0.52127,SGP,IDN,292144
11616516,231,103,6253,2011,102649.0,0.0,1.6884849999999998,-0.474499,USA,IDN,292144
11616517,249,103,6253,2011,26956.0,0.0,1.803234,0.921233,TWN,IDN,292144
11616518,8,104,6253,2011,0.0,136621.0,0.240494,0.540376,ARG,IND,292144
11616519,14,104,6253,2011,68434.0,1513.0,-0.138148,0.002999,AUS,IND,292144
11616520,18,104,6253,2011,51477.0,0.0,1.221703,1.247961,BEL,IND,292144
11616521,22,104,6253,2011,0.0,13697.0,-1.074416,-0.8276370000000001,BGD,IND,292144
11616522,26,104,6253,2011,0.0,467.0,0.391425,0.6066600000000001,BIH,IND,292144
11616523,32,104,6253,2011,0.0,183147.0,0.27718400000000004,0.5674319999999999,BRA,IND,292144
11616524,39,104,6253,2011,449660.0,115204.0,0.754813,1.1967290000000002,CAN,IND,292144
11616525,41,104,6253,2011,38296.0,1503693.0,2.2644029999999997,0.406131,CHE,IND,292144
11616526,42,104,6253,2011,219605.0,0.0,-0.199877,-0.353009,CHL,IND,292144
11616527,43,104,6253,2011,13699137.0,1946905.0,1.072299,1.686826,CHN,IND,292144
11616528,61,104,6253,2011,31301.0,620564.0,2.074435,-3.440815,DEU,IND,292144
11616529,71,104,6253,2011,0.0,337792.0,0.8677290000000001,2.4618450000000003,ESP,IND,292144
11616530,74,104,6253,2011,87851.0,0.0,1.7488830000000002,0.890934,FIN,IND,292144
11616531,77,104,6253,2011,0.0,38474.0,1.532054,0.09339299999999999,FRA,IND,292144
11616532,81,104,6253,2011,35361.0,175604.0,1.8048220000000001,0.380141,GBR,IND,292144
11616533,83,104,6253,2011,0.0,10957.0,-0.8627319999999999,-0.608823,GHA,IND,292144
11616534,102,104,6253,2011,450783.0,0.0,1.486592,0.805642,HUN,IND,292144
11616535,103,104,6253,2011,36519.0,213457.0,-0.234125,1.168384,IDN,IND,292144
11616536,107,104,6253,2011,0.0,20173.0,-0.915379,-0.973194,IRN,IND,292144
11616537,111,104,6253,2011,4215.0,216176.0,1.298751,0.48013599999999995,ITA,IND,292144
11616538,113,104,6253,2011,0.0,6637.0,0.231605,0.47049399999999997,JOR,IND,292144
11616539,114,104,6253,2011,109694.0,18977.0,2.516395,-0.534301,JPN,IND,292144
11616540,116,104,6253,2011,0.0,5384.0,-0.48319300000000004,0.346927,KEN,IND,292144
11616541,121,104,6253,2011,444616.0,10844.0,1.731371,0.8306879999999999,KOR,IND,292144
11616542,138,104,6253,2011,0.0,244761.0,0.9534600000000001,0.706982,MEX,IND,292144
11616543,162,104,6253,2011,194704.0,44679.0,1.1655229999999999,1.410167,NLD,IND,292144
11616544,167,104,6253,2011,0.0,1077.0,-0.473703,-0.952491,OMN,IND,292144
11616545,168,104,6253,2011,0.0,170091.0,-0.729677,0.6026729999999999,PAK,IND,292144
11616546,177,104,6253,2011,0.0,10938.0,1.133641,1.134203,POL,IND,292144
11616547,178,104,6253,2011,0.0,14133.0,-0.024317,-0.154781,PRK,IND,292144
11616548,192,104,6253,2011,1006.0,0.0,1.849116,0.52127,SGP,IND,292144
11616549,208,104,6253,2011,14881.0,0.0,1.857146,0.366159,SWE,IND,292144
11616550,216,104,6253,2011,0.0,143148.0,0.889009,1.503118,THA,IND,292144
11616551,224,104,6253,2011,0.0,6163.0,0.45775,2.4316259999999996,TUR,IND,292144
11616552,228,104,6253,2011,0.0,3449.0,0.6221409999999999,0.765505,UKR,IND,292144
11616553,231,104,6253,2011,284507.0,1127954.0,1.6884849999999998,-0.474499,USA,IND,292144
11616554,246,104,6253,2011,0.0,6197.0,0.241792,1.353011,ZAF,IND,292144
11616555,247,104,6253,2011,12299.0,0.0,-0.7599,-0.941019,ZMB,IND,292144
11616556,248,104,6253,2011,0.0,13160.0,-0.858662,-0.8632719999999999,ZWE,IND,292144
11616557,249,104,6253,2011,73182.0,553853.0,1.803234,0.921233,TWN,IND,292144
11616558,250,104,6253,2011,28430.0,0.0,0.475638,-0.160135,ANS,IND,292144
11616559,18,110,6253,2011,28109.0,0.0,1.221703,1.247961,BEL,ISR,292144
11616560,43,110,6253,2011,23829.0,0.0,1.072299,1.686826,CHN,ISR,292144
11616561,61,110,6253,2011,1860.0,0.0,2.074435,-3.440815,DEU,ISR,292144
11616562,71,110,6253,2011,20372.0,0.0,0.8677290000000001,2.4618450000000003,ESP,ISR,292144
11616563,231,110,6253,2011,1983.0,0.0,1.6884849999999998,-0.474499,USA,ISR,292144
11616564,8,111,6253,2011,0.0,29445.0,0.240494,0.540376,ARG,ITA,292144
11616565,14,111,6253,2011,0.0,3708.0,-0.138148,0.002999,AUS,ITA,292144
11616566,18,111,6253,2011,532302.0,1117904.0,1.221703,1.247961,BEL,ITA,292144
11616567,23,111,6253,2011,0.0,2469.0,0.537967,1.520973,BGR,ITA,292144
11616568,28,111,6253,2011,0.0,69589.0,0.8786729999999999,0.442097,BLR,ITA,292144
11616569,39,111,6253,2011,93962.0,27164.0,0.754813,1.1967290000000002,CAN,ITA,292144
11616570,43,111,6253,2011,178517.0,106112.0,1.072299,1.686826,CHN,ITA,292144
11616571,59,111,6253,2011,0.0,4101.0,1.737788,0.14741600000000002,CZE,ITA,292144
11616572,61,111,6253,2011,278603.0,11412.0,2.074435,-3.440815,DEU,ITA,292144
11616573,71,111,6253,2011,747934.0,610224.0,0.8677290000000001,2.4618450000000003,ESP,ITA,292144
11616574,77,111,6253,2011,114823.0,2761603.0,1.532054,0.09339299999999999,FRA,ITA,292144
11616575,81,111,6253,2011,0.0,80578.0,1.8048220000000001,0.380141,GBR,ITA,292144
11616576,90,111,6253,2011,0.0,115578.0,0.138679,1.30044,GRC,ITA,292144
11616577,100,111,6253,2011,0.0,4473.0,0.868294,0.9424299999999999,HRV,ITA,292144
11616578,104,111,6253,2011,216176.0,4215.0,0.18276199999999998,2.398765,IND,ITA,292144
11616579,144,111,6253,2011,0.0,86122.0,0.149559,0.024935,MNE,ITA,292144
11616580,153,111,6253,2011,0.0,11475.0,0.9893290000000001,0.632079,MYS,ITA,292144
11616581,162,111,6253,2011,0.0,49314.0,1.1655229999999999,1.410167,NLD,ITA,292144
11616582,177,111,6253,2011,0.0,72119.0,1.133641,1.134203,POL,ITA,292144
11616583,185,111,6253,2011,0.0,136525.0,0.722,1.296655,ROU,ITA,292144
11616584,186,111,6253,2011,0.0,27616.0,0.47319399999999995,-0.20801599999999998,RUS,ITA,292144
11616585,206,111,6253,2011,16301.0,0.0,1.262897,0.8230569999999999,SVK,ITA,292144
11616586,207,111,6253,2011,0.0,80443.0,1.642913,0.700222,SVN,ITA,292144
11616587,224,111,6253,2011,0.0,28048.0,0.45775,2.4316259999999996,TUR,ITA,292144
11616588,231,111,6253,2011,5468062.0,78598.0,1.6884849999999998,-0.474499,USA,ITA,292144
11616589,249,111,6253,2011,0.0,39008.0,1.803234,0.921233,TWN,ITA,292144
11616590,14,114,6253,2011,0.0,5270.0,-0.138148,0.002999,AUS,JPN,292144
11616591,32,114,6253,2011,0.0,15559.0,0.27718400000000004,0.5674319999999999,BRA,JPN,292144
11616592,39,114,6253,2011,797202.0,0.0,0.754813,1.1967290000000002,CAN,JPN,292144
11616593,43,114,6253,2011,7218624.0,4488579.0,1.072299,1.686826,CHN,JPN,292144
11616594,61,114,6253,2011,2549.0,0.0,2.074435,-3.440815,DEU,JPN,292144
11616595,77,114,6253,2011,45767.0,708474.0,1.532054,0.09339299999999999,FRA,JPN,292144
11616596,81,114,6253,2011,0.0,342516.0,1.8048220000000001,0.380141,GBR,JPN,292144
11616597,97,114,6253,2011,0.0,29748.0,0.663588,1.902118,HKG,JPN,292144
11616598,103,114,6253,2011,0.0,49798.0,-0.234125,1.168384,IDN,JPN,292144
11616599,104,114,6253,2011,18977.0,109694.0,0.18276199999999998,2.398765,IND,JPN,292144
11616600,107,114,6253,2011,0.0,9004.0,-0.915379,-0.973194,IRN,JPN,292144
11616601,121,114,6253,2011,0.0,238244.0,1.731371,0.8306879999999999,KOR,JPN,292144
11616602,153,114,6253,2011,0.0,93534.0,0.9893290000000001,0.632079,MYS,JPN,292144
11616603,162,114,6253,2011,0.0,11805.0,1.1655229999999999,1.410167,NLD,JPN,292144
11616604,163,114,6253,2011,7514.0,0.0,0.8492770000000001,0.050044,NOR,JPN,292144
11616605,174,114,6253,2011,0.0,24882.0,0.364707,0.322626,PHL,JPN,292144
11616606,177,114,6253,2011,0.0,11346.0,1.133641,1.134203,POL,JPN,292144
11616607,192,114,6253,2011,16066.0,48796.0,1.849116,0.52127,SGP,JPN,292144
11616608,216,114,6253,2011,5696.0,206667.0,0.889009,1.503118,THA,JPN,292144
11616609,231,114,6253,2011,114818.0,379606.0,1.6884849999999998,-0.474499,USA,JPN,292144
11616610,239,114,6253,2011,0.0,299095.0,-0.184453,1.637207,VNM,JPN,292144
11616611,249,114,6253,2011,186428.0,106627.0,1.803234,0.921233,TWN,JPN,292144
11616612,39,121,6253,2011,34363.0,0.0,0.754813,1.1967290000000002,CAN,KOR,292144
11616613,43,121,6253,2011,63834392.0,33626.0,1.072299,1.686826,CHN,KOR,292144
11616614,61,121,6253,2011,52064.0,0.0,2.074435,-3.440815,DEU,KOR,292144
11616615,81,121,6253,2011,1133.0,0.0,1.8048220000000001,0.380141,GBR,KOR,292144
11616616,103,121,6253,2011,0.0,88748.0,-0.234125,1.168384,IDN,KOR,292144
11616617,104,121,6253,2011,10844.0,444616.0,0.18276199999999998,2.398765,IND,KOR,292144
11616618,114,121,6253,2011,238244.0,0.0,2.516395,-0.534301,JPN,KOR,292144
11616619,153,121,6253,2011,0.0,6005.0,0.9893290000000001,0.632079,MYS,KOR,292144
11616620,192,121,6253,2011,5657.0,0.0,1.849116,0.52127,SGP,KOR,292144
11616621,206,121,6253,2011,174861.0,0.0,1.262897,0.8230569999999999,SVK,KOR,292144
11616622,208,121,6253,2011,0.0,46932.0,1.857146,0.366159,SWE,KOR,292144
11616623,231,121,6253,2011,634408.0,73085.0,1.6884849999999998,-0.474499,USA,KOR,292144
11616624,249,121,6253,2011,47582.0,0.0,1.803234,0.921233,TWN,KOR,292144
11616625,43,134,6253,2011,4849.0,0.0,1.072299,1.686826,CHN,MAR,292144
11616626,77,134,6253,2011,5995.0,0.0,1.532054,0.09339299999999999,FRA,MAR,292144
11616627,32,138,6253,2011,138129.0,7507.0,0.27718400000000004,0.5674319999999999,BRA,MEX,292144
11616628,39,138,6253,2011,137396.0,0.0,0.754813,1.1967290000000002,CAN,MEX,292144
11616629,43,138,6253,2011,9509999.0,5182.0,1.072299,1.686826,CHN,MEX,292144
11616630,61,138,6253,2011,20704.0,0.0,2.074435,-3.440815,DEU,MEX,292144
11616631,93,138,6253,2011,0.0,26757.0,-0.329497,0.775369,GTM,MEX,292144
11616632,104,138,6253,2011,244761.0,0.0,0.18276199999999998,2.398765,IND,MEX,292144
11616633,206,138,6253,2011,11070.0,0.0,1.262897,0.8230569999999999,SVK,MEX,292144
11616634,224,138,6253,2011,0.0,2963.0,0.45775,2.4316259999999996,TUR,MEX,292144
11616635,231,138,6253,2011,360012.0,196396.0,1.6884849999999998,-0.474499,USA,MEX,292144
11616636,18,153,6253,2011,9628.0,0.0,1.221703,1.247961,BEL,MYS,292144
11616637,39,153,6253,2011,76337.0,0.0,0.754813,1.1967290000000002,CAN,MYS,292144
11616638,43,153,6253,2011,62782.0,0.0,1.072299,1.686826,CHN,MYS,292144
11616639,61,153,6253,2011,3218.0,0.0,2.074435,-3.440815,DEU,MYS,292144
11616640,111,153,6253,2011,11475.0,0.0,1.298751,0.48013599999999995,ITA,MYS,292144
11616641,114,153,6253,2011,93534.0,0.0,2.516395,-0.534301,JPN,MYS,292144
11616642,121,153,6253,2011,6005.0,0.0,1.731371,0.8306879999999999,KOR,MYS,292144
11616643,192,153,6253,2011,26224.0,2478.0,1.849116,0.52127,SGP,MYS,292144
11616644,231,153,6253,2011,4691.0,0.0,1.6884849999999998,-0.474499,USA,MYS,292144
11616645,249,153,6253,2011,266733.0,0.0,1.803234,0.921233,TWN,MYS,292144
11616646,18,162,6253,2011,267730.0,0.0,1.221703,1.247961,BEL,NLD,292144
11616647,39,162,6253,2011,16128.0,0.0,0.754813,1.1967290000000002,CAN,NLD,292144
11616648,43,162,6253,2011,7397218.0,0.0,1.072299,1.686826,CHN,NLD,292144
11616649,61,162,6253,2011,51472.0,1196142.0,2.074435,-3.440815,DEU,NLD,292144
11616650,71,162,6253,2011,0.0,555040.0,0.8677290000000001,2.4618450000000003,ESP,NLD,292144
11616651,77,162,6253,2011,0.0,346949.0,1.532054,0.09339299999999999,FRA,NLD,292144
11616652,104,162,6253,2011,44679.0,194704.0,0.18276199999999998,2.398765,IND,NLD,292144
11616653,111,162,6253,2011,49314.0,0.0,1.298751,0.48013599999999995,ITA,NLD,292144
11616654,114,162,6253,2011,11805.0,0.0,2.516395,-0.534301,JPN,NLD,292144
11616655,231,162,6253,2011,647592.0,0.0,1.6884849999999998,-0.474499,USA,NLD,292144
11616656,81,166,6253,2011,2264.0,0.0,1.8048220000000001,0.380141,GBR,NZL,292144
11616657,43,168,6253,2011,227245.0,0.0,1.072299,1.686826,CHN,PAK,292144
11616658,104,168,6253,2011,170091.0,0.0,0.18276199999999998,2.398765,IND,PAK,292144
11616659,192,168,6253,2011,9210.0,0.0,1.849116,0.52127,SGP,PAK,292144
11616660,61,173,6253,2011,3989.0,0.0,2.074435,-3.440815,DEU,PER,292144
11616661,231,173,6253,2011,3837.0,0.0,1.6884849999999998,-0.474499,USA,PER,292144
11616662,39,174,6253,2011,92619.0,0.0,0.754813,1.1967290000000002,CAN,PHL,292144
11616663,71,174,6253,2011,852.0,0.0,0.8677290000000001,2.4618450000000003,ESP,PHL,292144
11616664,114,174,6253,2011,24882.0,0.0,2.516395,-0.534301,JPN,PHL,292144
11616665,192,174,6253,2011,22175.0,0.0,1.849116,0.52127,SGP,PHL,292144
11616666,231,174,6253,2011,4343.0,0.0,1.6884849999999998,-0.474499,USA,PHL,292144
11616667,18,177,6253,2011,7025.0,0.0,1.221703,1.247961,BEL,POL,292144
11616668,43,177,6253,2011,462265.0,0.0,1.072299,1.686826,CHN,POL,292144
11616669,61,177,6253,2011,139634.0,4643.0,2.074435,-3.440815,DEU,POL,292144
11616670,104,177,6253,2011,10938.0,0.0,0.18276199999999998,2.398765,IND,POL,292144
11616671,111,177,6253,2011,72119.0,0.0,1.298751,0.48013599999999995,ITA,POL,292144
11616672,114,177,6253,2011,11346.0,0.0,2.516395,-0.534301,JPN,POL,292144
11616673,185,177,6253,2011,7482.0,0.0,0.722,1.296655,ROU,POL,292144
11616674,186,177,6253,2011,0.0,2517.0,0.47319399999999995,-0.20801599999999998,RUS,POL,292144
11616675,228,177,6253,2011,0.0,5453.0,0.6221409999999999,0.765505,UKR,POL,292144
11616676,231,177,6253,2011,25496.0,0.0,1.6884849999999998,-0.474499,USA,POL,292144
11616677,71,179,6253,2011,469308.0,0.0,0.8677290000000001,2.4618450000000003,ESP,PRT,292144
11616678,77,179,6253,2011,1405.0,0.0,1.532054,0.09339299999999999,FRA,PRT,292144
11616679,203,179,6253,2011,0.0,932.0,0.583847,-0.193211,STP,PRT,292144
11616680,231,183,6253,2011,146934.0,0.0,1.6884849999999998,-0.474499,USA,QAT,292144
11616681,18,185,6253,2011,3402.0,0.0,1.221703,1.247961,BEL,ROU,292144
11616682,61,185,6253,2011,10772.0,0.0,2.074435,-3.440815,DEU,ROU,292144
11616683,77,185,6253,2011,1973.0,0.0,1.532054,0.09339299999999999,FRA,ROU,292144
11616684,111,185,6253,2011,136525.0,0.0,1.298751,0.48013599999999995,ITA,ROU,292144
11616685,177,185,6253,2011,0.0,7482.0,1.133641,1.134203,POL,ROU,292144
11616686,18,188,6253,2011,910.0,0.0,1.221703,1.247961,BEL,SAU,292144
11616687,61,188,6253,2011,3450.0,0.0,2.074435,-3.440815,DEU,SAU,292144
11616688,231,188,6253,2011,939282.0,0.0,1.6884849999999998,-0.474499,USA,SAU,292144
11616689,34,192,6253,2011,0.0,4273.0,-0.171775,-0.6656810000000001,BRN,SGP,292144
11616690,39,192,6253,2011,3251168.0,0.0,0.754813,1.1967290000000002,CAN,SGP,292144
11616691,43,192,6253,2011,4913598.0,0.0,1.072299,1.686826,CHN,SGP,292144
11616692,61,192,6253,2011,6127.0,0.0,2.074435,-3.440815,DEU,SGP,292144
11616693,103,192,6253,2011,0.0,1091815.0,-0.234125,1.168384,IDN,SGP,292144
11616694,104,192,6253,2011,0.0,1006.0,0.18276199999999998,2.398765,IND,SGP,292144
11616695,114,192,6253,2011,48796.0,16066.0,2.516395,-0.534301,JPN,SGP,292144
11616696,121,192,6253,2011,0.0,5657.0,1.731371,0.8306879999999999,KOR,SGP,292144
11616697,153,192,6253,2011,2478.0,26224.0,0.9893290000000001,0.632079,MYS,SGP,292144
11616698,168,192,6253,2011,0.0,9210.0,-0.729677,0.6026729999999999,PAK,SGP,292144
11616699,174,192,6253,2011,0.0,22175.0,0.364707,0.322626,PHL,SGP,292144
11616700,176,192,6253,2011,0.0,125739.0,-1.1111659999999999,-0.9458610000000001,PNG,SGP,292144
11616701,216,192,6253,2011,0.0,7654.0,0.889009,1.503118,THA,SGP,292144
11616702,231,192,6253,2011,36178.0,0.0,1.6884849999999998,-0.474499,USA,SGP,292144
11616703,239,192,6253,2011,0.0,4721.0,-0.184453,1.637207,VNM,SGP,292144
11616704,249,192,6253,2011,57350.0,9481.0,1.803234,0.921233,TWN,SGP,292144
11616705,43,197,6253,2011,21910.0,0.0,1.072299,1.686826,CHN,SLV,292144
11616706,231,197,6253,2011,7338.0,0.0,1.6884849999999998,-0.474499,USA,SLV,292144
11616707,179,203,6253,2011,932.0,0.0,0.558481,2.7056240000000003,PRT,STP,292144
11616708,32,206,6253,2011,0.0,105041.0,0.27718400000000004,0.5674319999999999,BRA,SVK,292144
11616709,39,206,6253,2011,0.0,16105.0,0.754813,1.1967290000000002,CAN,SVK,292144
11616710,43,206,6253,2011,645472.0,0.0,1.072299,1.686826,CHN,SVK,292144
11616711,59,206,6253,2011,0.0,8373.0,1.737788,0.14741600000000002,CZE,SVK,292144
11616712,61,206,6253,2011,0.0,111723.0,2.074435,-3.440815,DEU,SVK,292144
11616713,77,206,6253,2011,0.0,23772.0,1.532054,0.09339299999999999,FRA,SVK,292144
11616714,111,206,6253,2011,0.0,16301.0,1.298751,0.48013599999999995,ITA,SVK,292144
11616715,121,206,6253,2011,0.0,174861.0,1.731371,0.8306879999999999,KOR,SVK,292144
11616716,131,206,6253,2011,0.0,12292.0,1.1655739999999999,1.222379,LUX,SVK,292144
11616717,138,206,6253,2011,0.0,11070.0,0.9534600000000001,0.706982,MEX,SVK,292144
11616718,186,206,6253,2011,0.0,18207.0,0.47319399999999995,-0.20801599999999998,RUS,SVK,292144
11616719,207,206,6253,2011,0.0,4421.0,1.642913,0.700222,SVN,SVK,292144
11616720,231,206,6253,2011,0.0,184091.0,1.6884849999999998,-0.474499,USA,SVK,292144
11616721,18,207,6253,2011,74789.0,0.0,1.221703,1.247961,BEL,SVN,292144
11616722,43,207,6253,2011,15912.0,0.0,1.072299,1.686826,CHN,SVN,292144
11616723,61,207,6253,2011,9278.0,0.0,2.074435,-3.440815,DEU,SVN,292144
11616724,111,207,6253,2011,80443.0,0.0,1.298751,0.48013599999999995,ITA,SVN,292144
11616725,206,207,6253,2011,4421.0,0.0,1.262897,0.8230569999999999,SVK,SVN,292144
11616726,231,207,6253,2011,0.0,47713.0,1.6884849999999998,-0.474499,USA,SVN,292144
11616727,250,207,6253,2011,2724.0,0.0,0.475638,-0.160135,ANS,SVN,292144
11616728,18,208,6253,2011,37611.0,7994.0,1.221703,1.247961,BEL,SWE,292144
11616729,39,208,6253,2011,18399.0,0.0,0.754813,1.1967290000000002,CAN,SWE,292144
11616730,43,208,6253,2011,102082.0,0.0,1.072299,1.686826,CHN,SWE,292144
11616731,61,208,6253,2011,23269.0,0.0,2.074435,-3.440815,DEU,SWE,292144
11616732,64,208,6253,2011,0.0,4084.0,1.156026,1.2248299999999999,DNK,SWE,292144
11616733,77,208,6253,2011,29706.0,0.0,1.532054,0.09339299999999999,FRA,SWE,292144
11616734,104,208,6253,2011,0.0,14881.0,0.18276199999999998,2.398765,IND,SWE,292144
11616735,121,208,6253,2011,46932.0,0.0,1.731371,0.8306879999999999,KOR,SWE,292144
11616736,22,216,6253,2011,0.0,799.0,-1.074416,-0.8276370000000001,BGD,THA,292144
11616737,39,216,6253,2011,408301.0,0.0,0.754813,1.1967290000000002,CAN,THA,292144
11616738,41,216,6253,2011,934.0,0.0,2.2644029999999997,0.406131,CHE,THA,292144
11616739,43,216,6253,2011,206736.0,0.0,1.072299,1.686826,CHN,THA,292144
11616740,61,216,6253,2011,4615.0,0.0,2.074435,-3.440815,DEU,THA,292144
11616741,104,216,6253,2011,143148.0,0.0,0.18276199999999998,2.398765,IND,THA,292144
11616742,114,216,6253,2011,206667.0,5696.0,2.516395,-0.534301,JPN,THA,292144
11616743,192,216,6253,2011,7654.0,0.0,1.849116,0.52127,SGP,THA,292144
11616744,231,216,6253,2011,514754.0,0.0,1.6884849999999998,-0.474499,USA,THA,292144
11616745,249,216,6253,2011,79802.0,0.0,1.803234,0.921233,TWN,THA,292144
11616746,18,224,6253,2011,13067.0,0.0,1.221703,1.247961,BEL,TUR,292144
11616747,23,224,6253,2011,5300.0,0.0,0.537967,1.520973,BGR,TUR,292144
11616748,43,224,6253,2011,6757.0,0.0,1.072299,1.686826,CHN,TUR,292144
11616749,61,224,6253,2011,174859.0,0.0,2.074435,-3.440815,DEU,TUR,292144
11616750,77,224,6253,2011,8107.0,0.0,1.532054,0.09339299999999999,FRA,TUR,292144
11616751,104,224,6253,2011,6163.0,0.0,0.18276199999999998,2.398765,IND,TUR,292144
11616752,111,224,6253,2011,28048.0,0.0,1.298751,0.48013599999999995,ITA,TUR,292144
11616753,138,224,6253,2011,2963.0,0.0,0.9534600000000001,0.706982,MEX,TUR,292144
11616754,61,228,6253,2011,1242.0,0.0,2.074435,-3.440815,DEU,UKR,292144
11616755,104,228,6253,2011,3449.0,0.0,0.18276199999999998,2.398765,IND,UKR,292144
11616756,177,228,6253,2011,5453.0,0.0,1.133641,1.134203,POL,UKR,292144
11616757,8,231,6253,2011,0.0,5973.0,0.240494,0.540376,ARG,USA,292144
11616758,14,231,6253,2011,0.0,17510.0,-0.138148,0.002999,AUS,USA,292144
11616759,18,231,6253,2011,374687.0,4837618.0,1.221703,1.247961,BEL,USA,292144
11616760,23,231,6253,2011,0.0,33603.0,0.537967,1.520973,BGR,USA,292144
11616761,32,231,6253,2011,548300.0,806589.0,0.27718400000000004,0.5674319999999999,BRA,USA,292144
11616762,39,231,6253,2011,42530036.0,21235954.0,0.754813,1.1967290000000002,CAN,USA,292144
11616763,41,231,6253,2011,103509.0,4162.0,2.2644029999999997,0.406131,CHE,USA,292144
11616764,42,231,6253,2011,0.0,90642.0,-0.199877,-0.353009,CHL,USA,292144
11616765,43,231,6253,2011,9447460.0,155085.0,1.072299,1.686826,CHN,USA,292144
11616766,61,231,6253,2011,155362.0,50349.0,2.074435,-3.440815,DEU,USA,292144
11616767,67,231,6253,2011,0.0,46780.0,-0.8250639999999999,-0.839082,ECU,USA,292144
11616768,72,231,6253,2011,0.0,2963.0,0.9806790000000001,1.110449,EST,USA,292144
11616769,77,231,6253,2011,67980.0,1107429.0,1.532054,0.09339299999999999,FRA,USA,292144
11616770,81,231,6253,2011,1877.0,0.0,1.8048220000000001,0.380141,GBR,USA,292144
11616771,103,231,6253,2011,0.0,102649.0,-0.234125,1.168384,IDN,USA,292144
11616772,104,231,6253,2011,1127954.0,284507.0,0.18276199999999998,2.398765,IND,USA,292144
11616773,110,231,6253,2011,0.0,1983.0,1.324384,0.714611,ISR,USA,292144
11616774,111,231,6253,2011,78598.0,5468062.0,1.298751,0.48013599999999995,ITA,USA,292144
11616775,114,231,6253,2011,379606.0,114818.0,2.516395,-0.534301,JPN,USA,292144
11616776,121,231,6253,2011,73085.0,634408.0,1.731371,0.8306879999999999,KOR,USA,292144
11616777,138,231,6253,2011,196396.0,360012.0,0.9534600000000001,0.706982,MEX,USA,292144
11616778,153,231,6253,2011,0.0,4691.0,0.9893290000000001,0.632079,MYS,USA,292144
11616779,162,231,6253,2011,0.0,647592.0,1.1655229999999999,1.410167,NLD,USA,292144
11616780,173,231,6253,2011,0.0,3837.0,-0.455977,0.442543,PER,USA,292144
11616781,174,231,6253,2011,0.0,4343.0,0.364707,0.322626,PHL,USA,292144
11616782,177,231,6253,2011,0.0,25496.0,1.133641,1.134203,POL,USA,292144
11616783,183,231,6253,2011,0.0,146934.0,-0.45851899999999995,-1.017033,QAT,USA,292144
11616784,188,231,6253,2011,0.0,939282.0,0.354045,-0.800028,SAU,USA,292144
11616785,192,231,6253,2011,0.0,36178.0,1.849116,0.52127,SGP,USA,292144
11616786,197,231,6253,2011,0.0,7338.0,-0.09713200000000001,0.20772600000000002,SLV,USA,292144
11616787,206,231,6253,2011,184091.0,0.0,1.262897,0.8230569999999999,SVK,USA,292144
11616788,207,231,6253,2011,47713.0,0.0,1.642913,0.700222,SVN,USA,292144
11616789,216,231,6253,2011,0.0,514754.0,0.889009,1.503118,THA,USA,292144
11616790,236,231,6253,2011,0.0,86467.0,-0.841147,-1.095636,VEN,USA,292144
11616791,246,231,6253,2011,0.0,130572.0,0.241792,1.353011,ZAF,USA,292144
11616792,249,231,6253,2011,1099580.0,171577.0,1.803234,0.921233,TWN,USA,292144
11616793,39,236,6253,2011,47189.0,0.0,0.754813,1.1967290000000002,CAN,VEN,292144
11616794,43,236,6253,2011,10233.0,0.0,1.072299,1.686826,CHN,VEN,292144
11616795,61,236,6253,2011,2488.0,0.0,2.074435,-3.440815,DEU,VEN,292144
11616796,231,236,6253,2011,86467.0,0.0,1.6884849999999998,-0.474499,USA,VEN,292144
11616797,39,246,6253,2011,0.0,5966.0,0.754813,1.1967290000000002,CAN,ZAF,292144
11616798,42,246,6253,2011,76202.0,0.0,-0.199877,-0.353009,CHL,ZAF,292144
11616799,43,246,6253,2011,4131.0,0.0,1.072299,1.686826,CHN,ZAF,292144
11616800,46,246,6253,2011,0.0,3296.0,-0.722957,-0.965141,COD,ZAF,292144
11616801,61,246,6253,2011,13373.0,0.0,2.074435,-3.440815,DEU,ZAF,292144
11616802,71,246,6253,2011,235362.0,0.0,0.8677290000000001,2.4618450000000003,ESP,ZAF,292144
11616803,104,246,6253,2011,6197.0,0.0,0.18276199999999998,2.398765,IND,ZAF,292144
11616804,152,246,6253,2011,0.0,2331.0,-1.100291,-0.982559,MWI,ZAF,292144
11616805,155,246,6253,2011,0.0,1944.0,-0.42998400000000003,-0.632233,NAM,ZAF,292144
11616806,231,246,6253,2011,130572.0,0.0,1.6884849999999998,-0.474499,USA,ZAF,292144
11616807,248,246,6253,2011,0.0,1406650.0,-0.858662,-0.8632719999999999,ZWE,ZAF,292144
11616808,14,249,6253,2011,0.0,193475.0,-0.138148,0.002999,AUS,TWN,292144
11616809,18,249,6253,2011,313860.0,655282.0,1.221703,1.247961,BEL,TWN,292144
11616810,39,249,6253,2011,259587.0,0.0,0.754813,1.1967290000000002,CAN,TWN,292144
11616811,41,249,6253,2011,2299.0,0.0,2.2644029999999997,0.406131,CHE,TWN,292144
11616812,43,249,6253,2011,5788090.0,105398.0,1.072299,1.686826,CHN,TWN,292144
11616813,61,249,6253,2011,3609.0,3558.0,2.074435,-3.440815,DEU,TWN,292144
11616814,71,249,6253,2011,0.0,2892.0,0.8677290000000001,2.4618450000000003,ESP,TWN,292144
11616815,81,249,6253,2011,2156.0,0.0,1.8048220000000001,0.380141,GBR,TWN,292144
11616816,97,249,6253,2011,0.0,7273.0,0.663588,1.902118,HKG,TWN,292144
11616817,103,249,6253,2011,0.0,26956.0,-0.234125,1.168384,IDN,TWN,292144
11616818,104,249,6253,2011,553853.0,73182.0,0.18276199999999998,2.398765,IND,TWN,292144
11616819,111,249,6253,2011,39008.0,0.0,1.298751,0.48013599999999995,ITA,TWN,292144
11616820,114,249,6253,2011,106627.0,186428.0,2.516395,-0.534301,JPN,TWN,292144
11616821,118,249,6253,2011,0.0,4977.0,-1.162858,-1.103539,KHM,TWN,292144
11616822,121,249,6253,2011,0.0,47582.0,1.731371,0.8306879999999999,KOR,TWN,292144
11616823,153,249,6253,2011,0.0,266733.0,0.9893290000000001,0.632079,MYS,TWN,292144
11616824,186,249,6253,2011,0.0,31380.0,0.47319399999999995,-0.20801599999999998,RUS,TWN,292144
11616825,192,249,6253,2011,9481.0,57350.0,1.849116,0.52127,SGP,TWN,292144
11616826,216,249,6253,2011,0.0,79802.0,0.889009,1.503118,THA,TWN,292144
11616827,231,249,6253,2011,171577.0,1099580.0,1.6884849999999998,-0.474499,USA,TWN,292144
11616828,239,249,6253,2011,0.0,19758.0,-0.184453,1.637207,VNM,TWN,292144
11616829,104,250,6253,2011,0.0,28430.0,0.18276199999999998,2.398765,IND,ANS,292144
11616830,207,250,6253,2011,0.0,2724.0,1.642913,0.700222,SVN,ANS,292144
11616831,32,2,6253,2011,4723.0,0.0,0.27718400000000004,0.5674319999999999,BRA,AGO,292144
11616832,39,14,6253,2011,24369.0,0.0,0.754813,1.1967290000000002,CAN,AUS,292144
11616833,42,14,6253,2011,96198.0,0.0,-0.199877,-0.353009,CHL,AUS,292144
11616834,43,14,6253,2011,18203.0,1783.0,1.072299,1.686826,CHN,AUS,292144
11616835,81,14,6253,2011,4247.0,0.0,1.8048220000000001,0.380141,GBR,AUS,292144
11616836,104,14,6253,2011,1513.0,68434.0,0.18276199999999998,2.398765,IND,AUS,292144
11616837,111,14,6253,2011,3708.0,0.0,1.298751,0.48013599999999995,ITA,AUS,292144
11616838,114,14,6253,2011,5270.0,0.0,2.516395,-0.534301,JPN,AUS,292144
11616839,231,14,6253,2011,17510.0,0.0,1.6884849999999998,-0.474499,USA,AUS,292144
11616840,249,14,6253,2011,193475.0,0.0,1.803234,0.921233,TWN,AUS,292144
11616841,43,22,6253,2011,33522.0,0.0,1.072299,1.686826,CHN,BGD,292144
11616842,104,22,6253,2011,13697.0,0.0,0.18276199999999998,2.398765,IND,BGD,292144
11616843,216,22,6253,2011,799.0,0.0,0.889009,1.503118,THA,BGD,292144
11616844,104,26,6253,2011,467.0,0.0,0.18276199999999998,2.398765,IND,BIH,292144
11616845,111,28,6253,2011,69589.0,0.0,1.298751,0.48013599999999995,ITA,BLR,292144
11616846,186,28,6253,2011,21914.0,0.0,0.47319399999999995,-0.20801599999999998,RUS,BLR,292144
11616847,61,58,6253,2011,2192.0,0.0,2.074435,-3.440815,DEU,CYP,292144
11616848,43,68,6253,2011,3927.0,0.0,1.072299,1.686826,CHN,EGY,292144
11616849,61,68,6253,2011,1314.0,0.0,2.074435,-3.440815,DEU,EGY,292144
11616850,43,72,6253,2011,70842.0,0.0,1.072299,1.686826,CHN,EST,292144
11616851,186,72,6253,2011,0.0,55006.0,0.47319399999999995,-0.20801599999999998,RUS,EST,292144
11616852,231,72,6253,2011,2963.0,0.0,1.6884849999999998,-0.474499,USA,EST,292144
11616853,81,83,6253,2011,8325.0,0.0,1.8048220000000001,0.380141,GBR,GHA,292144
11616854,104,83,6253,2011,10957.0,0.0,0.18276199999999998,2.398765,IND,GHA,292144
11616855,61,100,6253,2011,4792.0,0.0,2.074435,-3.440815,DEU,HRV,292144
11616856,111,100,6253,2011,4473.0,0.0,1.298751,0.48013599999999995,ITA,HRV,292144
11616857,61,102,6253,2011,1233.0,0.0,2.074435,-3.440815,DEU,HUN,292144
11616858,104,102,6253,2011,0.0,450783.0,0.18276199999999998,2.398765,IND,HUN,292144
11616859,104,107,6253,2011,20173.0,0.0,0.18276199999999998,2.398765,IND,IRN,292144
11616860,114,107,6253,2011,9004.0,0.0,2.516395,-0.534301,JPN,IRN,292144
11616861,104,113,6253,2011,6637.0,0.0,0.18276199999999998,2.398765,IND,JOR,292144
11616862,43,115,6253,2011,16206.0,0.0,1.072299,1.686826,CHN,KAZ,292144
11616863,186,115,6253,2011,56738.0,0.0,0.47319399999999995,-0.20801599999999998,RUS,KAZ,292144
11616864,104,116,6253,2011,5384.0,0.0,0.18276199999999998,2.398765,IND,KEN,292144
11616865,43,117,6253,2011,7992.0,0.0,1.072299,1.686826,CHN,KGZ,292144
11616866,249,118,6253,2011,4977.0,0.0,1.803234,0.921233,TWN,KHM,292144
11616867,43,128,6253,2011,22471.0,0.0,1.072299,1.686826,CHN,LKA,292144
11616868,43,130,6253,2011,22512.0,0.0,1.072299,1.686826,CHN,LTU,292144
11616869,186,130,6253,2011,0.0,10268.0,0.47319399999999995,-0.20801599999999998,RUS,LTU,292144
11616870,18,131,6253,2011,414957.0,0.0,1.221703,1.247961,BEL,LUX,292144
11616871,43,131,6253,2011,261209.0,0.0,1.072299,1.686826,CHN,LUX,292144
11616872,61,131,6253,2011,0.0,2042.0,2.074435,-3.440815,DEU,LUX,292144
11616873,206,131,6253,2011,12292.0,0.0,1.262897,0.8230569999999999,SVK,LUX,292144
11616874,43,132,6253,2011,1064493.0,0.0,1.072299,1.686826,CHN,LVA,292144
11616875,43,143,6253,2011,7413.0,0.0,1.072299,1.686826,CHN,MMR,292144
11616876,114,163,6253,2011,0.0,7514.0,2.516395,-0.534301,JPN,NOR,292144
11616877,104,167,6253,2011,1077.0,0.0,0.18276199999999998,2.398765,IND,OMN,292144
11616878,28,186,6253,2011,0.0,21914.0,0.8786729999999999,0.442097,BLR,RUS,292144
11616879,41,186,6253,2011,0.0,1064.0,2.2644029999999997,0.406131,CHE,RUS,292144
11616880,43,186,6253,2011,310602.0,0.0,1.072299,1.686826,CHN,RUS,292144
11616881,61,186,6253,2011,32223.0,0.0,2.074435,-3.440815,DEU,RUS,292144
11616882,71,186,6253,2011,1217.0,0.0,0.8677290000000001,2.4618450000000003,ESP,RUS,292144
11616883,72,186,6253,2011,55006.0,0.0,0.9806790000000001,1.110449,EST,RUS,292144
11616884,111,186,6253,2011,27616.0,0.0,1.298751,0.48013599999999995,ITA,RUS,292144
11616885,115,186,6253,2011,0.0,56738.0,-0.514687,-0.775671,KAZ,RUS,292144
11616886,130,186,6253,2011,10268.0,0.0,0.747963,0.9759530000000001,LTU,RUS,292144
11616887,177,186,6253,2011,2517.0,0.0,1.133641,1.134203,POL,RUS,292144
11616888,206,186,6253,2011,18207.0,0.0,1.262897,0.8230569999999999,SVK,RUS,292144
11616889,249,186,6253,2011,31380.0,0.0,1.803234,0.921233,TWN,RUS,292144
11616890,43,201,6253,2011,47862.0,0.0,1.072299,1.686826,CHN,SRB,292144
11616891,61,201,6253,2011,39612.0,0.0,2.074435,-3.440815,DEU,SRB,292144
11616892,43,239,6253,2011,204371.0,0.0,1.072299,1.686826,CHN,VNM,292144
11616893,61,239,6253,2011,2722.0,0.0,2.074435,-3.440815,DEU,VNM,292144
11616894,114,239,6253,2011,299095.0,0.0,2.516395,-0.534301,JPN,VNM,292144
11616895,192,239,6253,2011,4721.0,0.0,1.849116,0.52127,SGP,VNM,292144
11616896,249,239,6253,2011,19758.0,0.0,1.803234,0.921233,TWN,VNM,292144
11616897,104,248,6253,2011,13160.0,0.0,0.18276199999999998,2.398765,IND,ZWE,292144
11616898,246,248,6253,2011,1406650.0,0.0,0.241792,1.353011,ZAF,ZWE,292144
11616899,246,46,6253,2011,3296.0,0.0,0.241792,1.353011,ZAF,COD,292144
11616900,71,54,6253,2011,14627.0,0.0,0.8677290000000001,2.4618450000000003,ESP,CUB,292144
11616901,61,66,6253,2011,5883.0,0.0,2.074435,-3.440815,DEU,DZA,292144
11616902,77,148,6253,2011,1307.0,0.0,1.532054,0.09339299999999999,FRA,MRT,292144
11616903,246,155,6253,2011,1944.0,0.0,0.241792,1.353011,ZAF,NAM,292144
11616904,192,176,6253,2011,125739.0,0.0,1.849116,0.52127,SGP,PNG,292144
11616905,104,178,6253,2011,14133.0,0.0,0.18276199999999998,2.398765,IND,PRK,292144
11616906,104,247,6253,2011,0.0,12299.0,0.18276199999999998,2.398765,IND,ZMB,292144
11616907,111,144,6253,2011,86122.0,0.0,1.298751,0.48013599999999995,ITA,MNE,292144
11616908,246,152,6253,2011,2331.0,0.0,0.241792,1.353011,ZAF,MWI,292144
11616909,192,34,6253,2011,4273.0,0.0,1.849116,0.52127,SGP,BRN,292144
11616910,43,160,6253,2011,4977.0,0.0,1.072299,1.686826,CHN,NIC,292144
11616911,43,214,6253,2011,90901.0,0.0,1.072299,1.686826,CHN,TCD,292144
11616912,43,7,6262,2011,381852.0,0.0,1.072299,1.686826,CHN,ARE,292221
11616913,104,7,6262,2011,4581.0,52383.0,0.18276199999999998,2.398765,IND,ARE,292221
11616914,107,7,6262,2011,0.0,7973.0,-0.915379,-0.973194,IRN,ARE,292221
11616915,159,7,6262,2011,0.0,587204.0,-1.699286,-1.15511,NGA,ARE,292221
11616916,167,7,6262,2011,0.0,192261.0,-0.473703,-0.952491,OMN,ARE,292221
11616917,188,7,6262,2011,993343.0,0.0,0.354045,-0.800028,SAU,ARE,292221
11616918,231,7,6262,2011,32190.0,0.0,1.6884849999999998,-0.474499,USA,ARE,292221
11616919,43,8,6262,2011,588525.0,0.0,1.072299,1.686826,CHN,ARG,292221
11616920,61,8,6262,2011,3843.0,0.0,2.074435,-3.440815,DEU,ARG,292221
11616921,104,8,6262,2011,340704.0,0.0,0.18276199999999998,2.398765,IND,ARG,292221
11616922,180,8,6262,2011,0.0,1781.0,-0.548759,-0.877743,PRY,ARG,292221
11616923,231,8,6262,2011,18036.0,0.0,1.6884849999999998,-0.474499,USA,ARG,292221
11616924,61,15,6262,2011,9549.0,0.0,2.074435,-3.440815,DEU,AUT,292221
11616925,231,15,6262,2011,1070.0,0.0,1.6884849999999998,-0.474499,USA,AUT,292221
11616926,107,16,6262,2011,385436.0,0.0,-0.915379,-0.973194,IRN,AZE,292221
11616927,43,18,6262,2011,291999.0,0.0,1.072299,1.686826,CHN,BEL,292221
11616928,59,18,6262,2011,0.0,1037.0,1.737788,0.14741600000000002,CZE,BEL,292221
11616929,61,18,6262,2011,3496.0,219227.0,2.074435,-3.440815,DEU,BEL,292221
11616930,71,18,6262,2011,0.0,2396.0,0.8677290000000001,2.4618450000000003,ESP,BEL,292221
11616931,77,18,6262,2011,0.0,4582.0,1.532054,0.09339299999999999,FRA,BEL,292221
11616932,81,18,6262,2011,0.0,1090.0,1.8048220000000001,0.380141,GBR,BEL,292221
11616933,104,18,6262,2011,0.0,3362.0,0.18276199999999998,2.398765,IND,BEL,292221
11616934,114,18,6262,2011,1494.0,0.0,2.516395,-0.534301,JPN,BEL,292221
11616935,131,18,6262,2011,0.0,1142.0,1.1655739999999999,1.222379,LUX,BEL,292221
11616936,162,18,6262,2011,6286.0,0.0,1.1655229999999999,1.410167,NLD,BEL,292221
11616937,77,23,6262,2011,9171.0,0.0,1.532054,0.09339299999999999,FRA,BGR,292221
11616938,231,25,6262,2011,19287.0,0.0,1.6884849999999998,-0.474499,USA,BHS,292221
11616939,43,32,6262,2011,462497.0,0.0,1.072299,1.686826,CHN,BRA,292221
11616940,61,32,6262,2011,18419.0,0.0,2.074435,-3.440815,DEU,BRA,292221
11616941,81,32,6262,2011,26352.0,0.0,1.8048220000000001,0.380141,GBR,BRA,292221
11616942,104,32,6262,2011,858491.0,0.0,0.18276199999999998,2.398765,IND,BRA,292221
11616943,111,32,6262,2011,310426.0,0.0,1.298751,0.48013599999999995,ITA,BRA,292221
11616944,231,32,6262,2011,1108.0,0.0,1.6884849999999998,-0.474499,USA,BRA,292221
11616945,39,33,6262,2011,1140.0,0.0,0.754813,1.1967290000000002,CAN,BRB,292221
11616946,231,33,6262,2011,5089.0,0.0,1.6884849999999998,-0.474499,USA,BRB,292221
11616947,33,39,6262,2011,0.0,1140.0,0.445982,0.204672,BRB,CAN,292221
11616948,43,39,6262,2011,10330.0,5111.0,1.072299,1.686826,CHN,CAN,292221
11616949,104,39,6262,2011,8061.0,0.0,0.18276199999999998,2.398765,IND,CAN,292221
11616950,231,39,6262,2011,31433.0,0.0,1.6884849999999998,-0.474499,USA,CAN,292221
11616951,43,41,6262,2011,1034084.0,0.0,1.072299,1.686826,CHN,CHE,292221
11616952,61,41,6262,2011,3223.0,55573.0,2.074435,-3.440815,DEU,CHE,292221
11616953,71,41,6262,2011,0.0,6255.0,0.8677290000000001,2.4618450000000003,ESP,CHE,292221
11616954,77,41,6262,2011,2258.0,0.0,1.532054,0.09339299999999999,FRA,CHE,292221
11616955,81,41,6262,2011,583273.0,0.0,1.8048220000000001,0.380141,GBR,CHE,292221
11616956,104,41,6262,2011,1897553.0,53722.0,0.18276199999999998,2.398765,IND,CHE,292221
11616957,111,41,6262,2011,25917.0,0.0,1.298751,0.48013599999999995,ITA,CHE,292221
11616958,138,41,6262,2011,0.0,6557.0,0.9534600000000001,0.706982,MEX,CHE,292221
11616959,174,41,6262,2011,0.0,18533.0,0.364707,0.322626,PHL,CHE,292221
11616960,216,41,6262,2011,0.0,25543.0,0.889009,1.503118,THA,CHE,292221
11616961,231,41,6262,2011,4757.0,0.0,1.6884849999999998,-0.474499,USA,CHE,292221
11616962,43,42,6262,2011,20431.0,0.0,1.072299,1.686826,CHN,CHL,292221
11616963,61,42,6262,2011,3257.0,0.0,2.074435,-3.440815,DEU,CHL,292221
11616964,104,42,6262,2011,6406.0,0.0,0.18276199999999998,2.398765,IND,CHL,292221
11616965,7,43,6262,2011,0.0,381852.0,0.030652,-0.450808,ARE,CHN,292221
11616966,8,43,6262,2011,0.0,588525.0,0.240494,0.540376,ARG,CHN,292221
11616967,14,43,6262,2011,0.0,18408.0,-0.138148,0.002999,AUS,CHN,292221
11616968,18,43,6262,2011,0.0,291999.0,1.221703,1.247961,BEL,CHN,292221
11616969,22,43,6262,2011,0.0,151995.0,-1.074416,-0.8276370000000001,BGD,CHN,292221
11616970,32,43,6262,2011,0.0,462497.0,0.27718400000000004,0.5674319999999999,BRA,CHN,292221
11616971,39,43,6262,2011,5111.0,10330.0,0.754813,1.1967290000000002,CAN,CHN,292221
11616972,41,43,6262,2011,0.0,1034084.0,2.2644029999999997,0.406131,CHE,CHN,292221
11616973,42,43,6262,2011,0.0,20431.0,-0.199877,-0.353009,CHL,CHN,292221
11616974,59,43,6262,2011,0.0,99057.0,1.737788,0.14741600000000002,CZE,CHN,292221
11616975,61,43,6262,2011,2137.0,2335648.0,2.074435,-3.440815,DEU,CHN,292221
11616976,65,43,6262,2011,0.0,3066.0,-0.260653,0.5682010000000001,DOM,CHN,292221
11616977,66,43,6262,2011,0.0,274664.0,-1.36763,-1.140594,DZA,CHN,292221
11616978,67,43,6262,2011,0.0,20710.0,-0.8250639999999999,-0.839082,ECU,CHN,292221
11616979,68,43,6262,2011,0.0,585752.0,-0.166243,1.384719,EGY,CHN,292221
11616980,71,43,6262,2011,0.0,771666.0,0.8677290000000001,2.4618450000000003,ESP,CHN,292221
11616981,77,43,6262,2011,0.0,290287.0,1.532054,0.09339299999999999,FRA,CHN,292221
11616982,81,43,6262,2011,0.0,986478.0,1.8048220000000001,0.380141,GBR,CHN,292221
11616983,93,43,6262,2011,0.0,4024.0,-0.329497,0.775369,GTM,CHN,292221
11616984,97,43,6262,2011,0.0,13770.0,0.663588,1.902118,HKG,CHN,292221
11616985,103,43,6262,2011,0.0,6461007.0,-0.234125,1.168384,IDN,CHN,292221
11616986,104,43,6262,2011,2409406.0,43548492.0,0.18276199999999998,2.398765,IND,CHN,292221
11616987,107,43,6262,2011,0.0,335909.0,-0.915379,-0.973194,IRN,CHN,292221
11616988,111,43,6262,2011,0.0,338857.0,1.298751,0.48013599999999995,ITA,CHN,292221
11616989,113,43,6262,2011,0.0,2147.0,0.231605,0.47049399999999997,JOR,CHN,292221
11616990,114,43,6262,2011,541349.0,4226320.0,2.516395,-0.534301,JPN,CHN,292221
11616991,115,43,6262,2011,0.0,51642.0,-0.514687,-0.775671,KAZ,CHN,292221
11616992,121,43,6262,2011,118500.0,16039475.0,1.731371,0.8306879999999999,KOR,CHN,292221
11616993,122,43,6262,2011,0.0,304660.0,-0.898582,-1.09893,KWT,CHN,292221
11616994,128,43,6262,2011,0.0,20010.0,-0.559311,0.398905,LKA,CHN,292221
11616995,134,43,6262,2011,0.0,55930.0,-0.485404,0.099828,MAR,CHN,292221
11616996,138,43,6262,2011,0.0,2581249.0,0.9534600000000001,0.706982,MEX,CHN,292221
11616997,153,43,6262,2011,0.0,233892.0,0.9893290000000001,0.632079,MYS,CHN,292221
11616998,159,43,6262,2011,0.0,479890.0,-1.699286,-1.15511,NGA,CHN,292221
11616999,162,43,6262,2011,0.0,3547239.0,1.1655229999999999,1.410167,NLD,CHN,292221
11617000,166,43,6262,2011,0.0,34705.0,0.372732,0.548601,NZL,CHN,292221
11617001,168,43,6262,2011,0.0,1576068.0,-0.729677,0.6026729999999999,PAK,CHN,292221
11617002,177,43,6262,2011,0.0,75684.0,1.133641,1.134203,POL,CHN,292221
11617003,186,43,6262,2011,0.0,37091.0,0.47319399999999995,-0.20801599999999998,RUS,CHN,292221
11617004,190,43,6262,2011,0.0,70752.0,-2.1675869999999997,-1.249272,SDN,CHN,292221
11617005,192,43,6262,2011,29258.0,93508.0,1.849116,0.52127,SGP,CHN,292221
11617006,212,43,6262,2011,0.0,74907.0,-0.604133,0.5268970000000001,SYR,CHN,292221
11617007,216,43,6262,2011,0.0,4375234.0,0.889009,1.503118,THA,CHN,292221
11617008,224,43,6262,2011,1174.0,395141.0,0.45775,2.4316259999999996,TUR,CHN,292221
11617009,231,43,6262,2011,152316.0,2820406.0,1.6884849999999998,-0.474499,USA,CHN,292221
11617010,246,43,6262,2011,0.0,13069.0,0.241792,1.353011,ZAF,CHN,292221
11617011,249,43,6262,2011,24936.0,9835694.0,1.803234,0.921233,TWN,CHN,292221
11617012,61,49,6262,2011,1114.0,0.0,2.074435,-3.440815,DEU,COL,292221
11617013,77,49,6262,2011,33891.0,0.0,1.532054,0.09339299999999999,FRA,COL,292221
11617014,104,49,6262,2011,63062.0,0.0,0.18276199999999998,2.398765,IND,COL,292221
11617015,231,49,6262,2011,19900.0,0.0,1.6884849999999998,-0.474499,USA,COL,292221
11617016,231,52,6262,2011,40439.0,0.0,1.6884849999999998,-0.474499,USA,CRI,292221
11617017,18,59,6262,2011,1037.0,0.0,1.221703,1.247961,BEL,CZE,292221
11617018,43,59,6262,2011,99057.0,0.0,1.072299,1.686826,CHN,CZE,292221
11617019,61,59,6262,2011,2695.0,0.0,2.074435,-3.440815,DEU,CZE,292221
11617020,81,59,6262,2011,139826.0,0.0,1.8048220000000001,0.380141,GBR,CZE,292221
11617021,104,59,6262,2011,26643.0,39753.0,0.18276199999999998,2.398765,IND,CZE,292221
11617022,163,59,6262,2011,0.0,986.0,0.8492770000000001,0.050044,NOR,CZE,292221
11617023,179,59,6262,2011,0.0,54830.0,0.558481,2.7056240000000003,PRT,CZE,292221
11617024,8,61,6262,2011,0.0,3843.0,0.240494,0.540376,ARG,DEU,292221
11617025,15,61,6262,2011,0.0,9549.0,1.687634,-0.229095,AUT,DEU,292221
11617026,18,61,6262,2011,219227.0,3496.0,1.221703,1.247961,BEL,DEU,292221
11617027,32,61,6262,2011,0.0,18419.0,0.27718400000000004,0.5674319999999999,BRA,DEU,292221
11617028,41,61,6262,2011,55573.0,3223.0,2.2644029999999997,0.406131,CHE,DEU,292221
11617029,42,61,6262,2011,0.0,3257.0,-0.199877,-0.353009,CHL,DEU,292221
11617030,43,61,6262,2011,2335648.0,2137.0,1.072299,1.686826,CHN,DEU,292221
11617031,49,61,6262,2011,0.0,1114.0,0.14336600000000002,-0.22996,COL,DEU,292221
11617032,59,61,6262,2011,0.0,2695.0,1.737788,0.14741600000000002,CZE,DEU,292221
11617033,68,61,6262,2011,0.0,4776.0,-0.166243,1.384719,EGY,DEU,292221
11617034,77,61,6262,2011,2898.0,16326.0,1.532054,0.09339299999999999,FRA,DEU,292221
11617035,81,61,6262,2011,0.0,1056.0,1.8048220000000001,0.380141,GBR,DEU,292221
11617036,103,61,6262,2011,0.0,5696.0,-0.234125,1.168384,IDN,DEU,292221
11617037,104,61,6262,2011,2413022.0,1940.0,0.18276199999999998,2.398765,IND,DEU,292221
11617038,111,61,6262,2011,3806.0,3556.0,1.298751,0.48013599999999995,ITA,DEU,292221
11617039,122,61,6262,2011,0.0,55841.0,-0.898582,-1.09893,KWT,DEU,292221
11617040,131,61,6262,2011,0.0,1756.0,1.1655739999999999,1.222379,LUX,DEU,292221
11617041,162,61,6262,2011,281176.0,0.0,1.1655229999999999,1.410167,NLD,DEU,292221
11617042,173,61,6262,2011,0.0,1190.0,-0.455977,0.442543,PER,DEU,292221
11617043,177,61,6262,2011,0.0,1903.0,1.133641,1.134203,POL,DEU,292221
11617044,179,61,6262,2011,0.0,130437.0,0.558481,2.7056240000000003,PRT,DEU,292221
11617045,186,61,6262,2011,0.0,1508.0,0.47319399999999995,-0.20801599999999998,RUS,DEU,292221
11617046,188,61,6262,2011,0.0,1307.0,0.354045,-0.800028,SAU,DEU,292221
11617047,192,61,6262,2011,0.0,1210.0,1.849116,0.52127,SGP,DEU,292221
11617048,201,61,6262,2011,0.0,1062.0,0.49055699999999997,1.5601399999999999,SRB,DEU,292221
11617049,216,61,6262,2011,0.0,1176.0,0.889009,1.503118,THA,DEU,292221
11617050,224,61,6262,2011,0.0,25271.0,0.45775,2.4316259999999996,TUR,DEU,292221
11617051,231,61,6262,2011,1810.0,1129.0,1.6884849999999998,-0.474499,USA,DEU,292221
11617052,246,61,6262,2011,0.0,4390.0,0.241792,1.353011,ZAF,DEU,292221
11617053,249,61,6262,2011,0.0,3331.0,1.803234,0.921233,TWN,DEU,292221
11617054,104,64,6262,2011,30586.0,0.0,0.18276199999999998,2.398765,IND,DNK,292221
11617055,162,64,6262,2011,12067.0,0.0,1.1655229999999999,1.410167,NLD,DNK,292221
11617056,163,64,6262,2011,0.0,4365.0,0.8492770000000001,0.050044,NOR,DNK,292221
11617057,43,65,6262,2011,3066.0,0.0,1.072299,1.686826,CHN,DOM,292221
11617058,231,65,6262,2011,356889.0,0.0,1.6884849999999998,-0.474499,USA,DOM,292221
11617059,43,67,6262,2011,20710.0,0.0,1.072299,1.686826,CHN,ECU,292221
11617060,231,67,6262,2011,32873.0,0.0,1.6884849999999998,-0.474499,USA,ECU,292221
11617061,18,71,6262,2011,2396.0,0.0,1.221703,1.247961,BEL,ESP,292221
11617062,41,71,6262,2011,6255.0,0.0,2.2644029999999997,0.406131,CHE,ESP,292221
11617063,43,71,6262,2011,771666.0,0.0,1.072299,1.686826,CHN,ESP,292221
11617064,54,71,6262,2011,0.0,5196.0,-0.050093,-0.88759,CUB,ESP,292221
11617065,77,71,6262,2011,4986.0,0.0,1.532054,0.09339299999999999,FRA,ESP,292221
11617066,81,71,6262,2011,122682.0,0.0,1.8048220000000001,0.380141,GBR,ESP,292221
11617067,104,71,6262,2011,1250000.0,0.0,0.18276199999999998,2.398765,IND,ESP,292221
11617068,111,71,6262,2011,1739.0,0.0,1.298751,0.48013599999999995,ITA,ESP,292221
11617069,114,71,6262,2011,4216.0,0.0,2.516395,-0.534301,JPN,ESP,292221
11617070,231,71,6262,2011,44270.0,4259.0,1.6884849999999998,-0.474499,USA,ESP,292221
11617071,18,77,6262,2011,4582.0,0.0,1.221703,1.247961,BEL,FRA,292221
11617072,23,77,6262,2011,0.0,9171.0,0.537967,1.520973,BGR,FRA,292221
11617073,41,77,6262,2011,0.0,2258.0,2.2644029999999997,0.406131,CHE,FRA,292221
11617074,43,77,6262,2011,290287.0,0.0,1.072299,1.686826,CHN,FRA,292221
11617075,49,77,6262,2011,0.0,33891.0,0.14336600000000002,-0.22996,COL,FRA,292221
11617076,61,77,6262,2011,16326.0,2898.0,2.074435,-3.440815,DEU,FRA,292221
11617077,71,77,6262,2011,0.0,4986.0,0.8677290000000001,2.4618450000000003,ESP,FRA,292221
11617078,81,77,6262,2011,19339.0,0.0,1.8048220000000001,0.380141,GBR,FRA,292221
11617079,104,77,6262,2011,80619.0,0.0,0.18276199999999998,2.398765,IND,FRA,292221
11617080,107,77,6262,2011,0.0,5314.0,-0.915379,-0.973194,IRN,FRA,292221
11617081,111,77,6262,2011,1083.0,1343.0,1.298751,0.48013599999999995,ITA,FRA,292221
11617082,136,77,6262,2011,0.0,1909.0,-1.040519,-0.404883,MDG,FRA,292221
11617083,162,77,6262,2011,12053.0,0.0,1.1655229999999999,1.410167,NLD,FRA,292221
11617084,179,77,6262,2011,0.0,1271.0,0.558481,2.7056240000000003,PRT,FRA,292221
11617085,249,77,6262,2011,0.0,14562.0,1.803234,0.921233,TWN,FRA,292221
11617086,18,81,6262,2011,1090.0,0.0,1.221703,1.247961,BEL,GBR,292221
11617087,32,81,6262,2011,0.0,26352.0,0.27718400000000004,0.5674319999999999,BRA,GBR,292221
11617088,41,81,6262,2011,0.0,583273.0,2.2644029999999997,0.406131,CHE,GBR,292221
11617089,43,81,6262,2011,986478.0,0.0,1.072299,1.686826,CHN,GBR,292221
11617090,59,81,6262,2011,0.0,139826.0,1.737788,0.14741600000000002,CZE,GBR,292221
11617091,61,81,6262,2011,1056.0,0.0,2.074435,-3.440815,DEU,GBR,292221
11617092,71,81,6262,2011,0.0,122682.0,0.8677290000000001,2.4618450000000003,ESP,GBR,292221
11617093,77,81,6262,2011,0.0,19339.0,1.532054,0.09339299999999999,FRA,GBR,292221
11617094,104,81,6262,2011,488331.0,193728.0,0.18276199999999998,2.398765,IND,GBR,292221
11617095,111,81,6262,2011,1204.0,0.0,1.298751,0.48013599999999995,ITA,GBR,292221
11617096,138,81,6262,2011,0.0,17983.0,0.9534600000000001,0.706982,MEX,GBR,292221
11617097,192,81,6262,2011,0.0,11695.0,1.849116,0.52127,SGP,GBR,292221
11617098,231,81,6262,2011,8706.0,3699.0,1.6884849999999998,-0.474499,USA,GBR,292221
11617099,43,93,6262,2011,4024.0,0.0,1.072299,1.686826,CHN,GTM,292221
11617100,43,97,6262,2011,13770.0,0.0,1.072299,1.686826,CHN,HKG,292221
11617101,103,97,6262,2011,0.0,112704.0,-0.234125,1.168384,IDN,HKG,292221
11617102,104,97,6262,2011,21361.0,24295.0,0.18276199999999998,2.398765,IND,HKG,292221
11617103,138,99,6262,2011,47948.0,0.0,0.9534600000000001,0.706982,MEX,HND,292221
11617104,231,99,6262,2011,27785.0,0.0,1.6884849999999998,-0.474499,USA,HND,292221
11617105,43,103,6262,2011,6461007.0,0.0,1.072299,1.686826,CHN,IDN,292221
11617106,61,103,6262,2011,5696.0,0.0,2.074435,-3.440815,DEU,IDN,292221
11617107,97,103,6262,2011,112704.0,0.0,0.663588,1.902118,HKG,IDN,292221
11617108,104,103,6262,2011,2354815.0,0.0,0.18276199999999998,2.398765,IND,IDN,292221
11617109,111,103,6262,2011,7005.0,0.0,1.298751,0.48013599999999995,ITA,IDN,292221
11617110,121,103,6262,2011,0.0,42506.0,1.731371,0.8306879999999999,KOR,IDN,292221
11617111,192,103,6262,2011,6616.0,0.0,1.849116,0.52127,SGP,IDN,292221
11617112,231,103,6262,2011,4725.0,0.0,1.6884849999999998,-0.474499,USA,IDN,292221
11617113,249,103,6262,2011,91137.0,0.0,1.803234,0.921233,TWN,IDN,292221
11617114,7,104,6262,2011,52383.0,4581.0,0.030652,-0.450808,ARE,IND,292221
11617115,8,104,6262,2011,0.0,340704.0,0.240494,0.540376,ARG,IND,292221
11617116,18,104,6262,2011,3362.0,0.0,1.221703,1.247961,BEL,IND,292221
11617117,22,104,6262,2011,0.0,7123.0,-1.074416,-0.8276370000000001,BGD,IND,292221
11617118,32,104,6262,2011,0.0,858491.0,0.27718400000000004,0.5674319999999999,BRA,IND,292221
11617119,35,104,6262,2011,0.0,1773.0,-0.022021000000000002,-0.5282439999999999,BTN,IND,292221
11617120,39,104,6262,2011,0.0,8061.0,0.754813,1.1967290000000002,CAN,IND,292221
11617121,41,104,6262,2011,53722.0,1897553.0,2.2644029999999997,0.406131,CHE,IND,292221
11617122,42,104,6262,2011,0.0,6406.0,-0.199877,-0.353009,CHL,IND,292221
11617123,43,104,6262,2011,43548492.0,2409406.0,1.072299,1.686826,CHN,IND,292221
11617124,47,104,6262,2011,0.0,1299.0,-0.979359,-1.084589,COG,IND,292221
11617125,49,104,6262,2011,0.0,63062.0,0.14336600000000002,-0.22996,COL,IND,292221
11617126,59,104,6262,2011,39753.0,26643.0,1.737788,0.14741600000000002,CZE,IND,292221
11617127,61,104,6262,2011,1940.0,2413022.0,2.074435,-3.440815,DEU,IND,292221
11617128,64,104,6262,2011,0.0,30586.0,1.156026,1.2248299999999999,DNK,IND,292221
11617129,68,104,6262,2011,44746.0,41279.0,-0.166243,1.384719,EGY,IND,292221
11617130,71,104,6262,2011,0.0,1250000.0,0.8677290000000001,2.4618450000000003,ESP,IND,292221
11617131,77,104,6262,2011,0.0,80619.0,1.532054,0.09339299999999999,FRA,IND,292221
11617132,81,104,6262,2011,193728.0,488331.0,1.8048220000000001,0.380141,GBR,IND,292221
11617133,97,104,6262,2011,24295.0,21361.0,0.663588,1.902118,HKG,IND,292221
11617134,102,104,6262,2011,0.0,2693441.0,1.486592,0.805642,HUN,IND,292221
11617135,103,104,6262,2011,0.0,2354815.0,-0.234125,1.168384,IDN,IND,292221
11617136,107,104,6262,2011,0.0,202923.0,-0.915379,-0.973194,IRN,IND,292221
11617137,110,104,6262,2011,0.0,568571.0,1.324384,0.714611,ISR,IND,292221
11617138,111,104,6262,2011,8897.0,99708.0,1.298751,0.48013599999999995,ITA,IND,292221
11617139,113,104,6262,2011,0.0,15457.0,0.231605,0.47049399999999997,JOR,IND,292221
11617140,114,104,6262,2011,118286.0,913546.0,2.516395,-0.534301,JPN,IND,292221
11617141,116,104,6262,2011,0.0,6632.0,-0.48319300000000004,0.346927,KEN,IND,292221
11617142,121,104,6262,2011,143697.0,969375.0,1.731371,0.8306879999999999,KOR,IND,292221
11617143,128,104,6262,2011,0.0,42052.0,-0.559311,0.398905,LKA,IND,292221
11617144,134,104,6262,2011,0.0,8287.0,-0.485404,0.099828,MAR,IND,292221
11617145,138,104,6262,2011,0.0,614813.0,0.9534600000000001,0.706982,MEX,IND,292221
11617146,143,104,6262,2011,0.0,5860.0,-1.3557190000000001,-0.929934,MMR,IND,292221
11617147,153,104,6262,2011,57221.0,2899.0,0.9893290000000001,0.632079,MYS,IND,292221
11617148,162,104,6262,2011,5379.0,2231563.0,1.1655229999999999,1.410167,NLD,IND,292221
11617149,164,104,6262,2011,0.0,190273.0,-0.242299,0.801966,NPL,IND,292221
11617150,168,104,6262,2011,0.0,1730763.0,-0.729677,0.6026729999999999,PAK,IND,292221
11617151,174,104,6262,2011,0.0,65036.0,0.364707,0.322626,PHL,IND,292221
11617152,178,104,6262,2011,0.0,578053.0,-0.024317,-0.154781,PRK,IND,292221
11617153,186,104,6262,2011,0.0,63395.0,0.47319399999999995,-0.20801599999999998,RUS,IND,292221
11617154,190,104,6262,2011,0.0,404710.0,-2.1675869999999997,-1.249272,SDN,IND,292221
11617155,192,104,6262,2011,31528.0,486380.0,1.849116,0.52127,SGP,IND,292221
11617156,197,104,6262,2011,0.0,14359.0,-0.09713200000000001,0.20772600000000002,SLV,IND,292221
11617157,208,104,6262,2011,82161.0,0.0,1.857146,0.366159,SWE,IND,292221
11617158,212,104,6262,2011,0.0,84360.0,-0.604133,0.5268970000000001,SYR,IND,292221
11617159,216,104,6262,2011,0.0,2438730.0,0.889009,1.503118,THA,IND,292221
11617160,224,104,6262,2011,0.0,1039501.0,0.45775,2.4316259999999996,TUR,IND,292221
11617161,231,104,6262,2011,136973.0,1357073.0,1.6884849999999998,-0.474499,USA,IND,292221
11617162,239,104,6262,2011,0.0,3289.0,-0.184453,1.637207,VNM,IND,292221
11617163,246,104,6262,2011,0.0,1417.0,0.241792,1.353011,ZAF,IND,292221
11617164,249,104,6262,2011,0.0,5124500.0,1.803234,0.921233,TWN,IND,292221
11617165,250,104,6262,2011,525503.0,0.0,0.475638,-0.160135,ANS,IND,292221
11617166,250,106,6262,2011,2283.0,0.0,0.475638,-0.160135,ANS,IRL,292221
11617167,104,110,6262,2011,568571.0,0.0,0.18276199999999998,2.398765,IND,ISR,292221
11617168,162,110,6262,2011,4893.0,0.0,1.1655229999999999,1.410167,NLD,ISR,292221
11617169,32,111,6262,2011,0.0,310426.0,0.27718400000000004,0.5674319999999999,BRA,ITA,292221
11617170,41,111,6262,2011,0.0,25917.0,2.2644029999999997,0.406131,CHE,ITA,292221
11617171,43,111,6262,2011,338857.0,0.0,1.072299,1.686826,CHN,ITA,292221
11617172,61,111,6262,2011,3556.0,3806.0,2.074435,-3.440815,DEU,ITA,292221
11617173,71,111,6262,2011,0.0,1739.0,0.8677290000000001,2.4618450000000003,ESP,ITA,292221
11617174,77,111,6262,2011,1343.0,1083.0,1.532054,0.09339299999999999,FRA,ITA,292221
11617175,81,111,6262,2011,0.0,1204.0,1.8048220000000001,0.380141,GBR,ITA,292221
11617176,103,111,6262,2011,0.0,7005.0,-0.234125,1.168384,IDN,ITA,292221
11617177,104,111,6262,2011,99708.0,8897.0,0.18276199999999998,2.398765,IND,ITA,292221
11617178,173,111,6262,2011,1675.0,0.0,-0.455977,0.442543,PER,ITA,292221
11617179,177,111,6262,2011,0.0,10412.0,1.133641,1.134203,POL,ITA,292221
11617180,185,111,6262,2011,0.0,2923.0,0.722,1.296655,ROU,ITA,292221
11617181,231,111,6262,2011,14245.0,0.0,1.6884849999999998,-0.474499,USA,ITA,292221
11617182,231,112,6262,2011,3995.0,0.0,1.6884849999999998,-0.474499,USA,JAM,292221
11617183,18,114,6262,2011,0.0,1494.0,1.221703,1.247961,BEL,JPN,292221
11617184,43,114,6262,2011,4226320.0,541349.0,1.072299,1.686826,CHN,JPN,292221
11617185,71,114,6262,2011,0.0,4216.0,0.8677290000000001,2.4618450000000003,ESP,JPN,292221
11617186,104,114,6262,2011,913546.0,118286.0,0.18276199999999998,2.398765,IND,JPN,292221
11617187,121,114,6262,2011,0.0,1515.0,1.731371,0.8306879999999999,KOR,JPN,292221
11617188,216,114,6262,2011,0.0,12142.0,0.889009,1.503118,THA,JPN,292221
11617189,231,114,6262,2011,8491.0,0.0,1.6884849999999998,-0.474499,USA,JPN,292221
11617190,239,114,6262,2011,0.0,13677.0,-0.184453,1.637207,VNM,JPN,292221
11617191,249,114,6262,2011,685612.0,0.0,1.803234,0.921233,TWN,JPN,292221
11617192,43,121,6262,2011,16039475.0,118500.0,1.072299,1.686826,CHN,KOR,292221
11617193,83,121,6262,2011,0.0,131962.0,-0.8627319999999999,-0.608823,GHA,KOR,292221
11617194,103,121,6262,2011,42506.0,0.0,-0.234125,1.168384,IDN,KOR,292221
11617195,104,121,6262,2011,969375.0,143697.0,0.18276199999999998,2.398765,IND,KOR,292221
11617196,114,121,6262,2011,1515.0,0.0,2.516395,-0.534301,JPN,KOR,292221
11617197,190,121,6262,2011,0.0,19159.0,-2.1675869999999997,-1.249272,SDN,KOR,292221
11617198,231,121,6262,2011,6131.0,0.0,1.6884849999999998,-0.474499,USA,KOR,292221
11617199,249,121,6262,2011,47515.0,0.0,1.803234,0.921233,TWN,KOR,292221
11617200,43,122,6262,2011,304660.0,0.0,1.072299,1.686826,CHN,KWT,292221
11617201,61,122,6262,2011,55841.0,0.0,2.074435,-3.440815,DEU,KWT,292221
11617202,188,122,6262,2011,17299.0,0.0,0.354045,-0.800028,SAU,KWT,292221
11617203,231,122,6262,2011,10526.0,0.0,1.6884849999999998,-0.474499,USA,KWT,292221
11617204,43,134,6262,2011,55930.0,0.0,1.072299,1.686826,CHN,MAR,292221
11617205,104,134,6262,2011,8287.0,0.0,0.18276199999999998,2.398765,IND,MAR,292221
11617206,41,138,6262,2011,6557.0,0.0,2.2644029999999997,0.406131,CHE,MEX,292221
11617207,43,138,6262,2011,2581249.0,0.0,1.072299,1.686826,CHN,MEX,292221
11617208,81,138,6262,2011,17983.0,0.0,1.8048220000000001,0.380141,GBR,MEX,292221
11617209,99,138,6262,2011,0.0,47948.0,-0.740241,-0.311952,HND,MEX,292221
11617210,104,138,6262,2011,614813.0,0.0,0.18276199999999998,2.398765,IND,MEX,292221
11617211,192,138,6262,2011,0.0,60254.0,1.849116,0.52127,SGP,MEX,292221
11617212,216,138,6262,2011,19680.0,0.0,0.889009,1.503118,THA,MEX,292221
11617213,231,138,6262,2011,296466.0,0.0,1.6884849999999998,-0.474499,USA,MEX,292221
11617214,43,153,6262,2011,233892.0,0.0,1.072299,1.686826,CHN,MYS,292221
11617215,104,153,6262,2011,2899.0,57221.0,0.18276199999999998,2.398765,IND,MYS,292221
11617216,192,153,6262,2011,57176.0,0.0,1.849116,0.52127,SGP,MYS,292221
11617217,239,153,6262,2011,0.0,6112.0,-0.184453,1.637207,VNM,MYS,292221
11617218,249,153,6262,2011,34639.0,0.0,1.803234,0.921233,TWN,MYS,292221
11617219,18,162,6262,2011,0.0,6286.0,1.221703,1.247961,BEL,NLD,292221
11617220,43,162,6262,2011,3547239.0,0.0,1.072299,1.686826,CHN,NLD,292221
11617221,61,162,6262,2011,0.0,281176.0,2.074435,-3.440815,DEU,NLD,292221
11617222,64,162,6262,2011,0.0,12067.0,1.156026,1.2248299999999999,DNK,NLD,292221
11617223,68,162,6262,2011,0.0,2844.0,-0.166243,1.384719,EGY,NLD,292221
11617224,77,162,6262,2011,0.0,12053.0,1.532054,0.09339299999999999,FRA,NLD,292221
11617225,104,162,6262,2011,2231563.0,5379.0,0.18276199999999998,2.398765,IND,NLD,292221
11617226,110,162,6262,2011,0.0,4893.0,1.324384,0.714611,ISR,NLD,292221
11617227,177,162,6262,2011,0.0,7886.0,1.133641,1.134203,POL,NLD,292221
11617228,14,166,6262,2011,7853.0,0.0,-0.138148,0.002999,AUS,NZL,292221
11617229,43,166,6262,2011,34705.0,0.0,1.072299,1.686826,CHN,NZL,292221
11617230,231,166,6262,2011,12958.0,0.0,1.6884849999999998,-0.474499,USA,NZL,292221
11617231,43,168,6262,2011,1576068.0,0.0,1.072299,1.686826,CHN,PAK,292221
11617232,104,168,6262,2011,1730763.0,0.0,0.18276199999999998,2.398765,IND,PAK,292221
11617233,61,173,6262,2011,1190.0,0.0,2.074435,-3.440815,DEU,PER,292221
11617234,111,173,6262,2011,0.0,1675.0,1.298751,0.48013599999999995,ITA,PER,292221
11617235,41,174,6262,2011,18533.0,0.0,2.2644029999999997,0.406131,CHE,PHL,292221
11617236,104,174,6262,2011,65036.0,0.0,0.18276199999999998,2.398765,IND,PHL,292221
11617237,43,177,6262,2011,75684.0,0.0,1.072299,1.686826,CHN,POL,292221
11617238,61,177,6262,2011,1903.0,0.0,2.074435,-3.440815,DEU,POL,292221
11617239,111,177,6262,2011,10412.0,0.0,1.298751,0.48013599999999995,ITA,POL,292221
11617240,162,177,6262,2011,7886.0,0.0,1.1655229999999999,1.410167,NLD,POL,292221
11617241,59,179,6262,2011,54830.0,0.0,1.737788,0.14741600000000002,CZE,PRT,292221
11617242,61,179,6262,2011,130437.0,0.0,2.074435,-3.440815,DEU,PRT,292221
11617243,77,179,6262,2011,1271.0,0.0,1.532054,0.09339299999999999,FRA,PRT,292221
11617244,8,180,6262,2011,1781.0,0.0,0.240494,0.540376,ARG,PRY,292221
11617245,111,185,6262,2011,2923.0,0.0,1.298751,0.48013599999999995,ITA,ROU,292221
11617246,7,188,6262,2011,0.0,993343.0,0.030652,-0.450808,ARE,SAU,292221
11617247,61,188,6262,2011,1307.0,0.0,2.074435,-3.440815,DEU,SAU,292221
11617248,113,188,6262,2011,0.0,2659298.0,0.231605,0.47049399999999997,JOR,SAU,292221
11617249,122,188,6262,2011,0.0,17299.0,-0.898582,-1.09893,KWT,SAU,292221
11617250,124,188,6262,2011,0.0,281788.0,0.278393,1.2962879999999999,LBN,SAU,292221
11617251,159,188,6262,2011,0.0,26235.0,-1.699286,-1.15511,NGA,SAU,292221
11617252,190,188,6262,2011,0.0,10753961.0,-2.1675869999999997,-1.249272,SDN,SAU,292221
11617253,212,188,6262,2011,0.0,3041070.0,-0.604133,0.5268970000000001,SYR,SAU,292221
11617254,243,188,6262,2011,0.0,122549.0,-1.44127,-1.242875,YEM,SAU,292221
11617255,43,190,6262,2011,70752.0,0.0,1.072299,1.686826,CHN,SDN,292221
11617256,104,190,6262,2011,404710.0,0.0,0.18276199999999998,2.398765,IND,SDN,292221
11617257,113,190,6262,2011,24489.0,0.0,0.231605,0.47049399999999997,JOR,SDN,292221
11617258,121,190,6262,2011,19159.0,0.0,1.731371,0.8306879999999999,KOR,SDN,292221
11617259,167,190,6262,2011,1656787.0,0.0,-0.473703,-0.952491,OMN,SDN,292221
11617260,186,190,6262,2011,5142.0,0.0,0.47319399999999995,-0.20801599999999998,RUS,SDN,292221
11617261,188,190,6262,2011,10753961.0,0.0,0.354045,-0.800028,SAU,SDN,292221
11617262,212,190,6262,2011,143866.0,0.0,-0.604133,0.5268970000000001,SYR,SDN,292221
11617263,43,192,6262,2011,93508.0,29258.0,1.072299,1.686826,CHN,SGP,292221
11617264,61,192,6262,2011,1210.0,0.0,2.074435,-3.440815,DEU,SGP,292221
11617265,81,192,6262,2011,11695.0,0.0,1.8048220000000001,0.380141,GBR,SGP,292221
11617266,103,192,6262,2011,0.0,6616.0,-0.234125,1.168384,IDN,SGP,292221
11617267,104,192,6262,2011,486380.0,31528.0,0.18276199999999998,2.398765,IND,SGP,292221
11617268,138,192,6262,2011,60254.0,0.0,0.9534600000000001,0.706982,MEX,SGP,292221
11617269,153,192,6262,2011,0.0,57176.0,0.9893290000000001,0.632079,MYS,SGP,292221
11617270,231,192,6262,2011,6035.0,0.0,1.6884849999999998,-0.474499,USA,SGP,292221
11617271,104,197,6262,2011,14359.0,0.0,0.18276199999999998,2.398765,IND,SLV,292221
11617272,22,208,6262,2011,0.0,22419.0,-1.074416,-0.8276370000000001,BGD,SWE,292221
11617273,104,208,6262,2011,0.0,82161.0,0.18276199999999998,2.398765,IND,SWE,292221
11617274,41,216,6262,2011,25543.0,0.0,2.2644029999999997,0.406131,CHE,THA,292221
11617275,43,216,6262,2011,4375234.0,0.0,1.072299,1.686826,CHN,THA,292221
11617276,61,216,6262,2011,1176.0,0.0,2.074435,-3.440815,DEU,THA,292221
11617277,104,216,6262,2011,2438730.0,0.0,0.18276199999999998,2.398765,IND,THA,292221
11617278,114,216,6262,2011,12142.0,0.0,2.516395,-0.534301,JPN,THA,292221
11617279,138,216,6262,2011,0.0,19680.0,0.9534600000000001,0.706982,MEX,THA,292221
11617280,249,216,6262,2011,90925.0,0.0,1.803234,0.921233,TWN,THA,292221
11617281,231,222,6262,2011,3644.0,0.0,1.6884849999999998,-0.474499,USA,TTO,292221
11617282,43,224,6262,2011,395141.0,1174.0,1.072299,1.686826,CHN,TUR,292221
11617283,61,224,6262,2011,25271.0,0.0,2.074435,-3.440815,DEU,TUR,292221
11617284,104,224,6262,2011,1039501.0,0.0,0.18276199999999998,2.398765,IND,TUR,292221
11617285,7,231,6262,2011,0.0,32190.0,0.030652,-0.450808,ARE,USA,292221
11617286,8,231,6262,2011,0.0,18036.0,0.240494,0.540376,ARG,USA,292221
11617287,14,231,6262,2011,0.0,46070.0,-0.138148,0.002999,AUS,USA,292221
11617288,15,231,6262,2011,0.0,1070.0,1.687634,-0.229095,AUT,USA,292221
11617289,25,231,6262,2011,0.0,19287.0,0.320669,-0.531655,BHS,USA,292221
11617290,32,231,6262,2011,0.0,1108.0,0.27718400000000004,0.5674319999999999,BRA,USA,292221
11617291,33,231,6262,2011,0.0,5089.0,0.445982,0.204672,BRB,USA,292221
11617292,39,231,6262,2011,0.0,31433.0,0.754813,1.1967290000000002,CAN,USA,292221
11617293,41,231,6262,2011,0.0,4757.0,2.2644029999999997,0.406131,CHE,USA,292221
11617294,43,231,6262,2011,2820406.0,152316.0,1.072299,1.686826,CHN,USA,292221
11617295,49,231,6262,2011,0.0,19900.0,0.14336600000000002,-0.22996,COL,USA,292221
11617296,52,231,6262,2011,0.0,40439.0,0.04325,-0.553193,CRI,USA,292221
11617297,61,231,6262,2011,1129.0,1810.0,2.074435,-3.440815,DEU,USA,292221
11617298,63,231,6262,2011,0.0,7920.0,-0.25559699999999996,-0.5345300000000001,DMA,USA,292221
11617299,65,231,6262,2011,0.0,356889.0,-0.260653,0.5682010000000001,DOM,USA,292221
11617300,66,231,6262,2011,0.0,12148.0,-1.36763,-1.140594,DZA,USA,292221
11617301,67,231,6262,2011,0.0,32873.0,-0.8250639999999999,-0.839082,ECU,USA,292221
11617302,71,231,6262,2011,4259.0,44270.0,0.8677290000000001,2.4618450000000003,ESP,USA,292221
11617303,81,231,6262,2011,3699.0,8706.0,1.8048220000000001,0.380141,GBR,USA,292221
11617304,99,231,6262,2011,0.0,27785.0,-0.740241,-0.311952,HND,USA,292221
11617305,103,231,6262,2011,0.0,4725.0,-0.234125,1.168384,IDN,USA,292221
11617306,104,231,6262,2011,1357073.0,136973.0,0.18276199999999998,2.398765,IND,USA,292221
11617307,111,231,6262,2011,0.0,14245.0,1.298751,0.48013599999999995,ITA,USA,292221
11617308,112,231,6262,2011,0.0,3995.0,-0.162212,-0.621817,JAM,USA,292221
11617309,114,231,6262,2011,0.0,8491.0,2.516395,-0.534301,JPN,USA,292221
11617310,115,231,6262,2011,0.0,28704.0,-0.514687,-0.775671,KAZ,USA,292221
11617311,121,231,6262,2011,0.0,6131.0,1.731371,0.8306879999999999,KOR,USA,292221
11617312,122,231,6262,2011,0.0,10526.0,-0.898582,-1.09893,KWT,USA,292221
11617313,138,231,6262,2011,0.0,296466.0,0.9534600000000001,0.706982,MEX,USA,292221
11617314,160,231,6262,2011,0.0,82767.0,-0.9592139999999999,-0.796108,NIC,USA,292221
11617315,166,231,6262,2011,0.0,12958.0,0.372732,0.548601,NZL,USA,292221
11617316,192,231,6262,2011,0.0,6035.0,1.849116,0.52127,SGP,USA,292221
11617317,222,231,6262,2011,0.0,3644.0,-0.44228,-1.031793,TTO,USA,292221
11617318,236,231,6262,2011,0.0,713006.0,-0.841147,-1.095636,VEN,USA,292221
11617319,239,231,6262,2011,0.0,2482.0,-0.184453,1.637207,VNM,USA,292221
11617320,246,231,6262,2011,0.0,2390.0,0.241792,1.353011,ZAF,USA,292221
11617321,249,231,6262,2011,0.0,68591.0,1.803234,0.921233,TWN,USA,292221
11617322,231,236,6262,2011,713006.0,0.0,1.6884849999999998,-0.474499,USA,VEN,292221
11617323,188,243,6262,2011,122549.0,0.0,0.354045,-0.800028,SAU,YEM,292221
11617324,43,246,6262,2011,13069.0,0.0,1.072299,1.686826,CHN,ZAF,292221
11617325,61,246,6262,2011,4390.0,0.0,2.074435,-3.440815,DEU,ZAF,292221
11617326,104,246,6262,2011,1417.0,0.0,0.18276199999999998,2.398765,IND,ZAF,292221
11617327,155,246,6262,2011,0.0,39870.0,-0.42998400000000003,-0.632233,NAM,ZAF,292221
11617328,209,246,6262,2011,0.0,6843.0,0.169986,-0.078842,SWZ,ZAF,292221
11617329,231,246,6262,2011,2390.0,0.0,1.6884849999999998,-0.474499,USA,ZAF,292221
11617330,247,246,6262,2011,0.0,47880.0,-0.7599,-0.941019,ZMB,ZAF,292221
11617331,248,246,6262,2011,0.0,1953.0,-0.858662,-0.8632719999999999,ZWE,ZAF,292221
11617332,43,249,6262,2011,9835694.0,24936.0,1.072299,1.686826,CHN,TWN,292221
11617333,61,249,6262,2011,3331.0,0.0,2.074435,-3.440815,DEU,TWN,292221
11617334,77,249,6262,2011,14562.0,0.0,1.532054,0.09339299999999999,FRA,TWN,292221
11617335,103,249,6262,2011,0.0,91137.0,-0.234125,1.168384,IDN,TWN,292221
11617336,104,249,6262,2011,5124500.0,0.0,0.18276199999999998,2.398765,IND,TWN,292221
11617337,114,249,6262,2011,0.0,685612.0,2.516395,-0.534301,JPN,TWN,292221
11617338,121,249,6262,2011,0.0,47515.0,1.731371,0.8306879999999999,KOR,TWN,292221
11617339,133,249,6262,2011,0.0,27577.0,0.511015,0.560905,MAC,TWN,292221
11617340,153,249,6262,2011,0.0,34639.0,0.9893290000000001,0.632079,MYS,TWN,292221
11617341,216,249,6262,2011,0.0,90925.0,0.889009,1.503118,THA,TWN,292221
11617342,231,249,6262,2011,68591.0,0.0,1.6884849999999998,-0.474499,USA,TWN,292221
11617343,104,250,6262,2011,0.0,525503.0,0.18276199999999998,2.398765,IND,ANS,292221
11617344,106,250,6262,2011,0.0,2283.0,1.403182,0.290245,IRL,ANS,292221
11617345,43,14,6262,2011,18408.0,0.0,1.072299,1.686826,CHN,AUS,292221
11617346,166,14,6262,2011,0.0,7853.0,0.372732,0.548601,NZL,AUS,292221
11617347,231,14,6262,2011,46070.0,0.0,1.6884849999999998,-0.474499,USA,AUS,292221
11617348,43,22,6262,2011,151995.0,0.0,1.072299,1.686826,CHN,BGD,292221
11617349,104,22,6262,2011,7123.0,0.0,0.18276199999999998,2.398765,IND,BGD,292221
11617350,208,22,6262,2011,22419.0,0.0,1.857146,0.366159,SWE,BGD,292221
11617351,43,68,6262,2011,585752.0,0.0,1.072299,1.686826,CHN,EGY,292221
11617352,61,68,6262,2011,4776.0,0.0,2.074435,-3.440815,DEU,EGY,292221
11617353,104,68,6262,2011,41279.0,44746.0,0.18276199999999998,2.398765,IND,EGY,292221
11617354,113,68,6262,2011,0.0,409456.0,0.231605,0.47049399999999997,JOR,EGY,292221
11617355,126,68,6262,2011,0.0,32745.0,-1.680464,-1.148511,LBY,EGY,292221
11617356,162,68,6262,2011,2844.0,0.0,1.1655229999999999,1.410167,NLD,EGY,292221
11617357,121,83,6262,2011,131962.0,0.0,1.731371,0.8306879999999999,KOR,GHA,292221
11617358,104,102,6262,2011,2693441.0,0.0,0.18276199999999998,2.398765,IND,HUN,292221
11617359,7,107,6262,2011,7973.0,0.0,0.030652,-0.450808,ARE,IRN,292221
11617360,16,107,6262,2011,0.0,385436.0,-1.313136,-1.189989,AZE,IRN,292221
11617361,43,107,6262,2011,335909.0,0.0,1.072299,1.686826,CHN,IRN,292221
11617362,77,107,6262,2011,5314.0,0.0,1.532054,0.09339299999999999,FRA,IRN,292221
11617363,104,107,6262,2011,202923.0,0.0,0.18276199999999998,2.398765,IND,IRN,292221
11617364,43,113,6262,2011,2147.0,0.0,1.072299,1.686826,CHN,JOR,292221
11617365,68,113,6262,2011,409456.0,0.0,-0.166243,1.384719,EGY,JOR,292221
11617366,104,113,6262,2011,15457.0,0.0,0.18276199999999998,2.398765,IND,JOR,292221
11617367,188,113,6262,2011,2659298.0,0.0,0.354045,-0.800028,SAU,JOR,292221
11617368,190,113,6262,2011,0.0,24489.0,-2.1675869999999997,-1.249272,SDN,JOR,292221
11617369,43,115,6262,2011,51642.0,0.0,1.072299,1.686826,CHN,KAZ,292221
11617370,231,115,6262,2011,28704.0,0.0,1.6884849999999998,-0.474499,USA,KAZ,292221
11617371,104,116,6262,2011,6632.0,0.0,0.18276199999999998,2.398765,IND,KEN,292221
11617372,188,124,6262,2011,281788.0,0.0,0.354045,-0.800028,SAU,LBN,292221
11617373,43,128,6262,2011,20010.0,0.0,1.072299,1.686826,CHN,LKA,292221
11617374,104,128,6262,2011,42052.0,0.0,0.18276199999999998,2.398765,IND,LKA,292221
11617375,18,131,6262,2011,1142.0,0.0,1.221703,1.247961,BEL,LUX,292221
11617376,61,131,6262,2011,1756.0,0.0,2.074435,-3.440815,DEU,LUX,292221
11617377,104,143,6262,2011,5860.0,0.0,0.18276199999999998,2.398765,IND,MMR,292221
11617378,59,163,6262,2011,986.0,0.0,1.737788,0.14741600000000002,CZE,NOR,292221
11617379,64,163,6262,2011,4365.0,0.0,1.156026,1.2248299999999999,DNK,NOR,292221
11617380,159,163,6262,2011,0.0,28384.0,-1.699286,-1.15511,NGA,NOR,292221
11617381,7,167,6262,2011,192261.0,0.0,0.030652,-0.450808,ARE,OMN,292221
11617382,190,167,6262,2011,0.0,1656787.0,-2.1675869999999997,-1.249272,SDN,OMN,292221
11617383,43,186,6262,2011,37091.0,0.0,1.072299,1.686826,CHN,RUS,292221
11617384,61,186,6262,2011,1508.0,0.0,2.074435,-3.440815,DEU,RUS,292221
11617385,104,186,6262,2011,63395.0,0.0,0.18276199999999998,2.398765,IND,RUS,292221
11617386,190,186,6262,2011,0.0,5142.0,-2.1675869999999997,-1.249272,SDN,RUS,292221
11617387,61,201,6262,2011,1062.0,0.0,2.074435,-3.440815,DEU,SRB,292221
11617388,104,239,6262,2011,3289.0,0.0,0.18276199999999998,2.398765,IND,VNM,292221
11617389,114,239,6262,2011,13677.0,0.0,2.516395,-0.534301,JPN,VNM,292221
11617390,153,239,6262,2011,6112.0,0.0,0.9893290000000001,0.632079,MYS,VNM,292221
11617391,231,239,6262,2011,2482.0,0.0,1.6884849999999998,-0.474499,USA,VNM,292221
11617392,246,248,6262,2011,1953.0,0.0,0.241792,1.353011,ZAF,ZWE,292221
11617393,159,44,6262,2011,213628.0,0.0,-1.699286,-1.15511,NGA,CIV,292221
11617394,104,47,6262,2011,1299.0,0.0,0.18276199999999998,2.398765,IND,COG,292221
11617395,71,54,6262,2011,5196.0,0.0,0.8677290000000001,2.4618450000000003,ESP,CUB,292221
11617396,43,66,6262,2011,274664.0,0.0,1.072299,1.686826,CHN,DZA,292221
11617397,231,66,6262,2011,12148.0,0.0,1.6884849999999998,-0.474499,USA,DZA,292221
11617398,68,126,6262,2011,32745.0,0.0,-0.166243,1.384719,EGY,LBY,292221
11617399,246,155,6262,2011,39870.0,0.0,0.241792,1.353011,ZAF,NAM,292221
11617400,7,159,6262,2011,587204.0,0.0,0.030652,-0.450808,ARE,NGA,292221
11617401,43,159,6262,2011,479890.0,0.0,1.072299,1.686826,CHN,NGA,292221
11617402,44,159,6262,2011,0.0,213628.0,-1.069474,-0.867439,CIV,NGA,292221
11617403,163,159,6262,2011,28384.0,0.0,0.8492770000000001,0.050044,NOR,NGA,292221
11617404,188,159,6262,2011,26235.0,0.0,0.354045,-0.800028,SAU,NGA,292221
11617405,104,164,6262,2011,190273.0,0.0,0.18276199999999998,2.398765,IND,NPL,292221
11617406,104,178,6262,2011,578053.0,0.0,0.18276199999999998,2.398765,IND,PRK,292221
11617407,246,209,6262,2011,6843.0,0.0,0.241792,1.353011,ZAF,SWZ,292221
11617408,43,212,6262,2011,74907.0,0.0,1.072299,1.686826,CHN,SYR,292221
11617409,104,212,6262,2011,84360.0,0.0,0.18276199999999998,2.398765,IND,SYR,292221
11617410,188,212,6262,2011,3041070.0,0.0,0.354045,-0.800028,SAU,SYR,292221
11617411,190,212,6262,2011,0.0,143866.0,-2.1675869999999997,-1.249272,SDN,SYR,292221
11617412,246,247,6262,2011,47880.0,0.0,0.241792,1.353011,ZAF,ZMB,292221
11617413,104,35,6262,2011,1773.0,0.0,0.18276199999999998,2.398765,IND,BTN,292221
11617414,249,133,6262,2011,27577.0,0.0,1.803234,0.921233,TWN,MAC,292221
11617415,77,136,6262,2011,1909.0,0.0,1.532054,0.09339299999999999,FRA,MDG,292221
11617416,231,160,6262,2011,82767.0,0.0,1.6884849999999998,-0.474499,USA,NIC,292221
11617417,231,63,6262,2011,7920.0,0.0,1.6884849999999998,-0.474499,USA,DMA,292221
11617418,43,7,6270,2011,17134.0,0.0,1.072299,1.686826,CHN,ARE,292310
11617419,107,7,6270,2011,0.0,478734.0,-0.915379,-0.973194,IRN,ARE,292310
11617420,190,7,6270,2011,0.0,16671.0,-2.1675869999999997,-1.249272,SDN,ARE,292310
11617421,18,8,6270,2011,1215612.0,0.0,1.221703,1.247961,BEL,ARG,292310
11617422,32,8,6270,2011,2319.0,0.0,0.27718400000000004,0.5674319999999999,BRA,ARG,292310
11617423,41,8,6270,2011,17895.0,0.0,2.2644029999999997,0.406131,CHE,ARG,292310
11617424,42,8,6270,2011,0.0,105453.0,-0.199877,-0.353009,CHL,ARG,292310
11617425,43,8,6270,2011,396294.0,0.0,1.072299,1.686826,CHN,ARG,292310
11617426,49,8,6270,2011,0.0,3322.0,0.14336600000000002,-0.22996,COL,ARG,292310
11617427,61,8,6270,2011,708272.0,0.0,2.074435,-3.440815,DEU,ARG,292310
11617428,71,8,6270,2011,42313.0,0.0,0.8677290000000001,2.4618450000000003,ESP,ARG,292310
11617429,111,8,6270,2011,803614.0,0.0,1.298751,0.48013599999999995,ITA,ARG,292310
11617430,231,8,6270,2011,153106.0,0.0,1.6884849999999998,-0.474499,USA,ARG,292310
11617431,18,15,6270,2011,33350.0,0.0,1.221703,1.247961,BEL,AUT,292310
11617432,26,15,6270,2011,0.0,7574.0,0.391425,0.6066600000000001,BIH,AUT,292310
11617433,43,15,6270,2011,30362.0,0.0,1.072299,1.686826,CHN,AUT,292310
11617434,59,15,6270,2011,31463.0,26503.0,1.737788,0.14741600000000002,CZE,AUT,292310
11617435,61,15,6270,2011,293120.0,42884.0,2.074435,-3.440815,DEU,AUT,292310
11617436,71,15,6270,2011,2639.0,0.0,0.8677290000000001,2.4618450000000003,ESP,AUT,292310
11617437,81,15,6270,2011,12616.0,0.0,1.8048220000000001,0.380141,GBR,AUT,292310
11617438,90,15,6270,2011,0.0,1713.0,0.138679,1.30044,GRC,AUT,292310
11617439,100,15,6270,2011,0.0,3168.0,0.868294,0.9424299999999999,HRV,AUT,292310
11617440,102,15,6270,2011,190734.0,8579.0,1.486592,0.805642,HUN,AUT,292310
11617441,111,15,6270,2011,28801.0,0.0,1.298751,0.48013599999999995,ITA,AUT,292310
11617442,162,15,6270,2011,110675.0,0.0,1.1655229999999999,1.410167,NLD,AUT,292310
11617443,207,15,6270,2011,13374.0,16372.0,1.642913,0.700222,SVN,AUT,292310
11617444,208,15,6270,2011,165412.0,0.0,1.857146,0.366159,SWE,AUT,292310
11617445,231,15,6270,2011,911.0,0.0,1.6884849999999998,-0.474499,USA,AUT,292310
11617446,18,16,6270,2011,3231.0,0.0,1.221703,1.247961,BEL,AZE,292310
11617447,115,16,6270,2011,0.0,36157.0,-0.514687,-0.775671,KAZ,AZE,292310
11617448,8,18,6270,2011,0.0,1215612.0,0.240494,0.540376,ARG,BEL,292310
11617449,9,18,6270,2011,0.0,10303.0,0.543397,-0.029376999999999997,ARM,BEL,292310
11617450,14,18,6270,2011,0.0,214971.0,-0.138148,0.002999,AUS,BEL,292310
11617451,15,18,6270,2011,0.0,33350.0,1.687634,-0.229095,AUT,BEL,292310
11617452,16,18,6270,2011,0.0,3231.0,-1.313136,-1.189989,AZE,BEL,292310
11617453,19,18,6270,2011,0.0,3449.0,-1.189478,-0.8684709999999999,BEN,BEL,292310
11617454,32,18,6270,2011,0.0,1474396.0,0.27718400000000004,0.5674319999999999,BRA,BEL,292310
11617455,39,18,6270,2011,0.0,1959698.0,0.754813,1.1967290000000002,CAN,BEL,292310
11617456,41,18,6270,2011,0.0,12444.0,2.2644029999999997,0.406131,CHE,BEL,292310
11617457,42,18,6270,2011,0.0,350237.0,-0.199877,-0.353009,CHL,BEL,292310
11617458,43,18,6270,2011,40066.0,3994293.0,1.072299,1.686826,CHN,BEL,292310
11617459,44,18,6270,2011,0.0,39694.0,-1.069474,-0.867439,CIV,BEL,292310
11617460,49,18,6270,2011,0.0,339032.0,0.14336600000000002,-0.22996,COL,BEL,292310
11617461,58,18,6270,2011,35843.0,8798.0,0.798165,0.424179,CYP,BEL,292310
11617462,59,18,6270,2011,0.0,143704.0,1.737788,0.14741600000000002,CZE,BEL,292310
11617463,61,18,6270,2011,4245720.0,11549584.0,2.074435,-3.440815,DEU,BEL,292310
11617464,64,18,6270,2011,21168.0,43617.0,1.156026,1.2248299999999999,DNK,BEL,292310
11617465,67,18,6270,2011,0.0,287225.0,-0.8250639999999999,-0.839082,ECU,BEL,292310
11617466,71,18,6270,2011,15494.0,0.0,0.8677290000000001,2.4618450000000003,ESP,BEL,292310
11617467,72,18,6270,2011,0.0,2700.0,0.9806790000000001,1.110449,EST,BEL,292310
11617468,73,18,6270,2011,0.0,3084.0,-1.258175,-0.920692,ETH,BEL,292310
11617469,77,18,6270,2011,18657.0,2718470.0,1.532054,0.09339299999999999,FRA,BEL,292310
11617470,81,18,6270,2011,68885.0,328678.0,1.8048220000000001,0.380141,GBR,BEL,292310
11617471,90,18,6270,2011,2525.0,29292.0,0.138679,1.30044,GRC,BEL,292310
11617472,100,18,6270,2011,0.0,54395.0,0.868294,0.9424299999999999,HRV,BEL,292310
11617473,102,18,6270,2011,0.0,301957.0,1.486592,0.805642,HUN,BEL,292310
11617474,103,18,6270,2011,0.0,3159712.0,-0.234125,1.168384,IDN,BEL,292310
11617475,107,18,6270,2011,0.0,13710.0,-0.915379,-0.973194,IRN,BEL,292310
11617476,110,18,6270,2011,0.0,227652.0,1.324384,0.714611,ISR,BEL,292310
11617477,111,18,6270,2011,544067.0,1854538.0,1.298751,0.48013599999999995,ITA,BEL,292310
11617478,121,18,6270,2011,0.0,307243.0,1.731371,0.8306879999999999,KOR,BEL,292310
11617479,124,18,6270,2011,0.0,21237.0,0.278393,1.2962879999999999,LBN,BEL,292310
11617480,131,18,6270,2011,0.0,1594.0,1.1655739999999999,1.222379,LUX,BEL,292310
11617481,134,18,6270,2011,0.0,1914583.0,-0.485404,0.099828,MAR,BEL,292310
11617482,153,18,6270,2011,0.0,479960.0,0.9893290000000001,0.632079,MYS,BEL,292310
11617483,159,18,6270,2011,0.0,256001.0,-1.699286,-1.15511,NGA,BEL,292310
11617484,162,18,6270,2011,582014.0,624012.0,1.1655229999999999,1.410167,NLD,BEL,292310
11617485,163,18,6270,2011,0.0,31061.0,0.8492770000000001,0.050044,NOR,BEL,292310
11617486,166,18,6270,2011,0.0,30793.0,0.372732,0.548601,NZL,BEL,292310
11617487,173,18,6270,2011,0.0,1786934.0,-0.455977,0.442543,PER,BEL,292310
11617488,174,18,6270,2011,0.0,19215.0,0.364707,0.322626,PHL,BEL,292310
11617489,177,18,6270,2011,0.0,514528.0,1.133641,1.134203,POL,BEL,292310
11617490,179,18,6270,2011,0.0,182505.0,0.558481,2.7056240000000003,PRT,BEL,292310
11617491,185,18,6270,2011,0.0,17874.0,0.722,1.296655,ROU,BEL,292310
11617492,186,18,6270,2011,0.0,24091.0,0.47319399999999995,-0.20801599999999998,RUS,BEL,292310
11617493,191,18,6270,2011,0.0,7009.0,-0.624346,-0.308052,SEN,BEL,292310
11617494,197,18,6270,2011,0.0,87950.0,-0.09713200000000001,0.20772600000000002,SLV,BEL,292310
11617495,207,18,6270,2011,0.0,16857.0,1.642913,0.700222,SVN,BEL,292310
11617496,208,18,6270,2011,0.0,3330.0,1.857146,0.366159,SWE,BEL,292310
11617497,216,18,6270,2011,0.0,3645122.0,0.889009,1.503118,THA,BEL,292310
11617498,224,18,6270,2011,1059.0,2049210.0,0.45775,2.4316259999999996,TUR,BEL,292310
11617499,228,18,6270,2011,0.0,63780.0,0.6221409999999999,0.765505,UKR,BEL,292310
11617500,231,18,6270,2011,43679.0,6701594.0,1.6884849999999998,-0.474499,USA,BEL,292310
11617501,236,18,6270,2011,0.0,1920129.0,-0.841147,-1.095636,VEN,BEL,292310
11617502,239,18,6270,2011,0.0,460255.0,-0.184453,1.637207,VNM,BEL,292310
11617503,246,18,6270,2011,0.0,171488.0,0.241792,1.353011,ZAF,BEL,292310
11617504,248,18,6270,2011,0.0,11769.0,-0.858662,-0.8632719999999999,ZWE,BEL,292310
11617505,249,18,6270,2011,0.0,621716.0,1.803234,0.921233,TWN,BEL,292310
11617506,231,25,6270,2011,1354.0,0.0,1.6884849999999998,-0.474499,USA,BHS,292310
11617507,8,32,6270,2011,0.0,2319.0,0.240494,0.540376,ARG,BRA,292310
11617508,18,32,6270,2011,1474396.0,0.0,1.221703,1.247961,BEL,BRA,292310
11617509,42,32,6270,2011,0.0,2285.0,-0.199877,-0.353009,CHL,BRA,292310
11617510,43,32,6270,2011,1184876.0,0.0,1.072299,1.686826,CHN,BRA,292310
11617511,52,32,6270,2011,0.0,1300.0,0.04325,-0.553193,CRI,BRA,292310
11617512,61,32,6270,2011,4175707.0,94144.0,2.074435,-3.440815,DEU,BRA,292310
11617513,71,32,6270,2011,1956919.0,0.0,0.8677290000000001,2.4618450000000003,ESP,BRA,292310
11617514,81,32,6270,2011,1168.0,0.0,1.8048220000000001,0.380141,GBR,BRA,292310
11617515,103,32,6270,2011,0.0,15251.0,-0.234125,1.168384,IDN,BRA,292310
11617516,138,32,6270,2011,210526.0,0.0,0.9534600000000001,0.706982,MEX,BRA,292310
11617517,173,32,6270,2011,0.0,8080.0,-0.455977,0.442543,PER,BRA,292310
11617518,231,32,6270,2011,2994384.0,0.0,1.6884849999999998,-0.474499,USA,BRA,292310
11617519,14,39,6270,2011,0.0,1245.0,-0.138148,0.002999,AUS,CAN,292310
11617520,18,39,6270,2011,1959698.0,0.0,1.221703,1.247961,BEL,CAN,292310
11617521,34,39,6270,2011,0.0,2574.0,-0.171775,-0.6656810000000001,BRN,CAN,292310
11617522,41,39,6270,2011,0.0,59486.0,2.2644029999999997,0.406131,CHE,CAN,292310
11617523,43,39,6270,2011,863046.0,22388.0,1.072299,1.686826,CHN,CAN,292310
11617524,61,39,6270,2011,7798.0,0.0,2.074435,-3.440815,DEU,CAN,292310
11617525,71,39,6270,2011,0.0,3208.0,0.8677290000000001,2.4618450000000003,ESP,CAN,292310
11617526,77,39,6270,2011,0.0,36336.0,1.532054,0.09339299999999999,FRA,CAN,292310
11617527,81,39,6270,2011,1302.0,0.0,1.8048220000000001,0.380141,GBR,CAN,292310
11617528,103,39,6270,2011,0.0,66313.0,-0.234125,1.168384,IDN,CAN,292310
11617529,104,39,6270,2011,9511.0,0.0,0.18276199999999998,2.398765,IND,CAN,292310
11617530,107,39,6270,2011,0.0,54421.0,-0.915379,-0.973194,IRN,CAN,292310
11617531,111,39,6270,2011,131013.0,0.0,1.298751,0.48013599999999995,ITA,CAN,292310
11617532,114,39,6270,2011,9469.0,0.0,2.516395,-0.534301,JPN,CAN,292310
11617533,138,39,6270,2011,0.0,76641.0,0.9534600000000001,0.706982,MEX,CAN,292310
11617534,208,39,6270,2011,0.0,3216.0,1.857146,0.366159,SWE,CAN,292310
11617535,231,39,6270,2011,10572751.0,33630.0,1.6884849999999998,-0.474499,USA,CAN,292310
11617536,236,39,6270,2011,0.0,125017.0,-0.841147,-1.095636,VEN,CAN,292310
11617537,8,41,6270,2011,0.0,17895.0,0.240494,0.540376,ARG,CHE,292310
11617538,14,41,6270,2011,0.0,6063.0,-0.138148,0.002999,AUS,CHE,292310
11617539,18,41,6270,2011,12444.0,0.0,1.221703,1.247961,BEL,CHE,292310
11617540,31,41,6270,2011,0.0,3005.0,-0.818593,-0.8701770000000001,BOL,CHE,292310
11617541,39,41,6270,2011,59486.0,0.0,0.754813,1.1967290000000002,CAN,CHE,292310
11617542,43,41,6270,2011,7677.0,0.0,1.072299,1.686826,CHN,CHE,292310
11617543,58,41,6270,2011,0.0,27104.0,0.798165,0.424179,CYP,CHE,292310
11617544,61,41,6270,2011,304632.0,114781.0,2.074435,-3.440815,DEU,CHE,292310
11617545,68,41,6270,2011,0.0,51196.0,-0.166243,1.384719,EGY,CHE,292310
11617546,71,41,6270,2011,17331.0,0.0,0.8677290000000001,2.4618450000000003,ESP,CHE,292310
11617547,77,41,6270,2011,15394.0,105394.0,1.532054,0.09339299999999999,FRA,CHE,292310
11617548,81,41,6270,2011,0.0,301375.0,1.8048220000000001,0.380141,GBR,CHE,292310
11617549,97,41,6270,2011,0.0,2177.0,0.663588,1.902118,HKG,CHE,292310
11617550,110,41,6270,2011,0.0,6499.0,1.324384,0.714611,ISR,CHE,292310
11617551,111,41,6270,2011,34586.0,115854.0,1.298751,0.48013599999999995,ITA,CHE,292310
11617552,113,41,6270,2011,0.0,1805.0,0.231605,0.47049399999999997,JOR,CHE,292310
11617553,134,41,6270,2011,0.0,11666.0,-0.485404,0.099828,MAR,CHE,292310
11617554,153,41,6270,2011,0.0,14764.0,0.9893290000000001,0.632079,MYS,CHE,292310
11617555,162,41,6270,2011,17098.0,0.0,1.1655229999999999,1.410167,NLD,CHE,292310
11617556,166,41,6270,2011,0.0,14493.0,0.372732,0.548601,NZL,CHE,292310
11617557,168,41,6270,2011,0.0,37934.0,-0.729677,0.6026729999999999,PAK,CHE,292310
11617558,174,41,6270,2011,3118.0,0.0,0.364707,0.322626,PHL,CHE,292310
11617559,177,41,6270,2011,0.0,223957.0,1.133641,1.134203,POL,CHE,292310
11617560,223,41,6270,2011,0.0,21069.0,0.151221,1.1252360000000001,TUN,CHE,292310
11617561,231,41,6270,2011,29883.0,11760.0,1.6884849999999998,-0.474499,USA,CHE,292310
11617562,249,41,6270,2011,0.0,2511.0,1.803234,0.921233,TWN,CHE,292310
11617563,8,42,6270,2011,105453.0,0.0,0.240494,0.540376,ARG,CHL,292310
11617564,18,42,6270,2011,350237.0,0.0,1.221703,1.247961,BEL,CHL,292310
11617565,32,42,6270,2011,2285.0,0.0,0.27718400000000004,0.5674319999999999,BRA,CHL,292310
11617566,43,42,6270,2011,384508.0,0.0,1.072299,1.686826,CHN,CHL,292310
11617567,104,42,6270,2011,5345.0,0.0,0.18276199999999998,2.398765,IND,CHL,292310
11617568,231,42,6270,2011,216003.0,0.0,1.6884849999999998,-0.474499,USA,CHL,292310
11617569,7,43,6270,2011,0.0,17134.0,0.030652,-0.450808,ARE,CHN,292310
11617570,8,43,6270,2011,0.0,396294.0,0.240494,0.540376,ARG,CHN,292310
11617571,14,43,6270,2011,0.0,565330.0,-0.138148,0.002999,AUS,CHN,292310
11617572,15,43,6270,2011,0.0,30362.0,1.687634,-0.229095,AUT,CHN,292310
11617573,18,43,6270,2011,3994293.0,40066.0,1.221703,1.247961,BEL,CHN,292310
11617574,22,43,6270,2011,0.0,111545.0,-1.074416,-0.8276370000000001,BGD,CHN,292310
11617575,24,43,6270,2011,0.0,709416.0,0.04085,-0.873711,BHR,CHN,292310
11617576,26,43,6270,2011,0.0,1423.0,0.391425,0.6066600000000001,BIH,CHN,292310
11617577,28,43,6270,2011,0.0,5536.0,0.8786729999999999,0.442097,BLR,CHN,292310
11617578,31,43,6270,2011,0.0,567137.0,-0.818593,-0.8701770000000001,BOL,CHN,292310
11617579,32,43,6270,2011,0.0,1184876.0,0.27718400000000004,0.5674319999999999,BRA,CHN,292310
11617580,39,43,6270,2011,22388.0,863046.0,0.754813,1.1967290000000002,CAN,CHN,292310
11617581,41,43,6270,2011,0.0,7677.0,2.2644029999999997,0.406131,CHE,CHN,292310
11617582,42,43,6270,2011,0.0,384508.0,-0.199877,-0.353009,CHL,CHN,292310
11617583,44,43,6270,2011,0.0,19367.0,-1.069474,-0.867439,CIV,CHN,292310
11617584,49,43,6270,2011,0.0,319080.0,0.14336600000000002,-0.22996,COL,CHN,292310
11617585,52,43,6270,2011,0.0,756026.0,0.04325,-0.553193,CRI,CHN,292310
11617586,59,43,6270,2011,0.0,43827.0,1.737788,0.14741600000000002,CZE,CHN,292310
11617587,61,43,6270,2011,350803.0,96299.0,2.074435,-3.440815,DEU,CHN,292310
11617588,64,43,6270,2011,0.0,113093.0,1.156026,1.2248299999999999,DNK,CHN,292310
11617589,65,43,6270,2011,0.0,67290.0,-0.260653,0.5682010000000001,DOM,CHN,292310
11617590,66,43,6270,2011,0.0,10926.0,-1.36763,-1.140594,DZA,CHN,292310
11617591,67,43,6270,2011,0.0,85081.0,-0.8250639999999999,-0.839082,ECU,CHN,292310
11617592,68,43,6270,2011,0.0,67901.0,-0.166243,1.384719,EGY,CHN,292310
11617593,71,43,6270,2011,322028.0,65729.0,0.8677290000000001,2.4618450000000003,ESP,CHN,292310
11617594,72,43,6270,2011,0.0,37847.0,0.9806790000000001,1.110449,EST,CHN,292310
11617595,77,43,6270,2011,0.0,36378.0,1.532054,0.09339299999999999,FRA,CHN,292310
11617596,81,43,6270,2011,0.0,541059.0,1.8048220000000001,0.380141,GBR,CHN,292310
11617597,90,43,6270,2011,0.0,24266.0,0.138679,1.30044,GRC,CHN,292310
11617598,93,43,6270,2011,0.0,218944.0,-0.329497,0.775369,GTM,CHN,292310
11617599,97,43,6270,2011,2744.0,57396.0,0.663588,1.902118,HKG,CHN,292310
11617600,99,43,6270,2011,0.0,129586.0,-0.740241,-0.311952,HND,CHN,292310
11617601,100,43,6270,2011,0.0,47642.0,0.868294,0.9424299999999999,HRV,CHN,292310
11617602,102,43,6270,2011,0.0,12678.0,1.486592,0.805642,HUN,CHN,292310
11617603,103,43,6270,2011,0.0,2356066.0,-0.234125,1.168384,IDN,CHN,292310
11617604,104,43,6270,2011,69752.0,161420.0,0.18276199999999998,2.398765,IND,CHN,292310
11617605,106,43,6270,2011,0.0,22734.0,1.403182,0.290245,IRL,CHN,292310
11617606,107,43,6270,2011,0.0,212860.0,-0.915379,-0.973194,IRN,CHN,292310
11617607,110,43,6270,2011,0.0,344400.0,1.324384,0.714611,ISR,CHN,292310
11617608,111,43,6270,2011,211457.0,233396.0,1.298751,0.48013599999999995,ITA,CHN,292310
11617609,113,43,6270,2011,0.0,60797.0,0.231605,0.47049399999999997,JOR,CHN,292310
11617610,114,43,6270,2011,3169030.0,12298.0,2.516395,-0.534301,JPN,CHN,292310
11617611,118,43,6270,2011,0.0,4855.0,-1.162858,-1.103539,KHM,CHN,292310
11617612,121,43,6270,2011,0.0,249989.0,1.731371,0.8306879999999999,KOR,CHN,292310
11617613,122,43,6270,2011,0.0,34098.0,-0.898582,-1.09893,KWT,CHN,292310
11617614,124,43,6270,2011,0.0,18368.0,0.278393,1.2962879999999999,LBN,CHN,292310
11617615,128,43,6270,2011,0.0,207387.0,-0.559311,0.398905,LKA,CHN,292310
11617616,130,43,6270,2011,0.0,37033.0,0.747963,0.9759530000000001,LTU,CHN,292310
11617617,134,43,6270,2011,0.0,55288.0,-0.485404,0.099828,MAR,CHN,292310
11617618,136,43,6270,2011,0.0,2056.0,-1.040519,-0.404883,MDG,CHN,292310
11617619,138,43,6270,2011,0.0,155868.0,0.9534600000000001,0.706982,MEX,CHN,292310
11617620,140,43,6270,2011,0.0,2609.0,-0.12310499999999999,0.16392,MKD,CHN,292310
11617621,143,43,6270,2011,0.0,7598.0,-1.3557190000000001,-0.929934,MMR,CHN,292310
11617622,144,43,6270,2011,0.0,13651.0,0.149559,0.024935,MNE,CHN,292310
11617623,147,43,6270,2011,0.0,10330.0,-1.2069299999999998,-0.977785,MOZ,CHN,292310
11617624,151,43,6270,2011,0.0,98653.0,-0.09464600000000001,0.091177,MUS,CHN,292310
11617625,153,43,6270,2011,0.0,1280058.0,0.9893290000000001,0.632079,MYS,CHN,292310
11617626,159,43,6270,2011,0.0,648406.0,-1.699286,-1.15511,NGA,CHN,292310
11617627,162,43,6270,2011,0.0,151559.0,1.1655229999999999,1.410167,NLD,CHN,292310
11617628,163,43,6270,2011,0.0,22448.0,0.8492770000000001,0.050044,NOR,CHN,292310
11617629,164,43,6270,2011,0.0,2078.0,-0.242299,0.801966,NPL,CHN,292310
11617630,166,43,6270,2011,0.0,163245.0,0.372732,0.548601,NZL,CHN,292310
11617631,168,43,6270,2011,0.0,11363.0,-0.729677,0.6026729999999999,PAK,CHN,292310
11617632,169,43,6270,2011,0.0,58416.0,0.786135,1.061008,PAN,CHN,292310
11617633,173,43,6270,2011,0.0,470028.0,-0.455977,0.442543,PER,CHN,292310
11617634,174,43,6270,2011,0.0,617569.0,0.364707,0.322626,PHL,CHN,292310
11617635,177,43,6270,2011,0.0,79186.0,1.133641,1.134203,POL,CHN,292310
11617636,178,43,6270,2011,0.0,7796.0,-0.024317,-0.154781,PRK,CHN,292310
11617637,180,43,6270,2011,0.0,5083.0,-0.548759,-0.877743,PRY,CHN,292310
11617638,186,43,6270,2011,0.0,1702663.0,0.47319399999999995,-0.20801599999999998,RUS,CHN,292310
11617639,188,43,6270,2011,0.0,39991.0,0.354045,-0.800028,SAU,CHN,292310
11617640,190,43,6270,2011,0.0,4716.0,-2.1675869999999997,-1.249272,SDN,CHN,292310
11617641,192,43,6270,2011,0.0,70711.0,1.849116,0.52127,SGP,CHN,292310
11617642,197,43,6270,2011,0.0,6041.0,-0.09713200000000001,0.20772600000000002,SLV,CHN,292310
11617643,201,43,6270,2011,0.0,18789.0,0.49055699999999997,1.5601399999999999,SRB,CHN,292310
11617644,207,43,6270,2011,0.0,49822.0,1.642913,0.700222,SVN,CHN,292310
11617645,216,43,6270,2011,0.0,668454.0,0.889009,1.503118,THA,CHN,292310
11617646,223,43,6270,2011,0.0,27969.0,0.151221,1.1252360000000001,TUN,CHN,292310
11617647,224,43,6270,2011,0.0,519347.0,0.45775,2.4316259999999996,TUR,CHN,292310
11617648,226,43,6270,2011,0.0,7408.0,-0.751316,0.286505,TZA,CHN,292310
11617649,228,43,6270,2011,0.0,178471.0,0.6221409999999999,0.765505,UKR,CHN,292310
11617650,230,43,6270,2011,0.0,3801.0,0.313195,0.042866,URY,CHN,292310
11617651,231,43,6270,2011,48245.0,8901028.0,1.6884849999999998,-0.474499,USA,CHN,292310
11617652,236,43,6270,2011,0.0,134471.0,-0.841147,-1.095636,VEN,CHN,292310
11617653,239,43,6270,2011,0.0,544763.0,-0.184453,1.637207,VNM,CHN,292310
11617654,243,43,6270,2011,0.0,9366.0,-1.44127,-1.242875,YEM,CHN,292310
11617655,246,43,6270,2011,0.0,348414.0,0.241792,1.353011,ZAF,CHN,292310
11617656,249,43,6270,2011,4928.0,363047.0,1.803234,0.921233,TWN,CHN,292310
11617657,8,49,6270,2011,3322.0,0.0,0.240494,0.540376,ARG,COL,292310
11617658,18,49,6270,2011,339032.0,0.0,1.221703,1.247961,BEL,COL,292310
11617659,43,49,6270,2011,319080.0,0.0,1.072299,1.686826,CHN,COL,292310
11617660,61,49,6270,2011,16458.0,0.0,2.074435,-3.440815,DEU,COL,292310
11617661,71,49,6270,2011,92131.0,0.0,0.8677290000000001,2.4618450000000003,ESP,COL,292310
11617662,97,49,6270,2011,34878.0,0.0,0.663588,1.902118,HKG,COL,292310
11617663,104,49,6270,2011,4614.0,0.0,0.18276199999999998,2.398765,IND,COL,292310
11617664,138,49,6270,2011,520725.0,0.0,0.9534600000000001,0.706982,MEX,COL,292310
11617665,231,49,6270,2011,3097238.0,0.0,1.6884849999999998,-0.474499,USA,COL,292310
11617666,32,52,6270,2011,1300.0,0.0,0.27718400000000004,0.5674319999999999,BRA,CRI,292310
11617667,43,52,6270,2011,756026.0,0.0,1.072299,1.686826,CHN,CRI,292310
11617668,93,52,6270,2011,41443.0,0.0,-0.329497,0.775369,GTM,CRI,292310
11617669,138,52,6270,2011,40730.0,0.0,0.9534600000000001,0.706982,MEX,CRI,292310
11617670,160,52,6270,2011,0.0,72333.0,-0.9592139999999999,-0.796108,NIC,CRI,292310
11617671,197,52,6270,2011,0.0,30192.0,-0.09713200000000001,0.20772600000000002,SLV,CRI,292310
11617672,22,55,6270,2011,0.0,24180.0,-1.074416,-0.8276370000000001,BGD,CUW,292310
11617673,15,59,6270,2011,26503.0,31463.0,1.687634,-0.229095,AUT,CZE,292310
11617674,18,59,6270,2011,143704.0,0.0,1.221703,1.247961,BEL,CZE,292310
11617675,43,59,6270,2011,43827.0,0.0,1.072299,1.686826,CHN,CZE,292310
11617676,61,59,6270,2011,250415.0,0.0,2.074435,-3.440815,DEU,CZE,292310
11617677,71,59,6270,2011,6092.0,0.0,0.8677290000000001,2.4618450000000003,ESP,CZE,292310
11617678,102,59,6270,2011,51904.0,0.0,1.486592,0.805642,HUN,CZE,292310
11617679,104,59,6270,2011,14271.0,0.0,0.18276199999999998,2.398765,IND,CZE,292310
11617680,111,59,6270,2011,64198.0,0.0,1.298751,0.48013599999999995,ITA,CZE,292310
11617681,114,59,6270,2011,45285.0,0.0,2.516395,-0.534301,JPN,CZE,292310
11617682,162,59,6270,2011,19125.0,0.0,1.1655229999999999,1.410167,NLD,CZE,292310
11617683,177,59,6270,2011,11164.0,0.0,1.133641,1.134203,POL,CZE,292310
11617684,206,59,6270,2011,2513.0,42805.0,1.262897,0.8230569999999999,SVK,CZE,292310
11617685,8,61,6270,2011,0.0,708272.0,0.240494,0.540376,ARG,DEU,292310
11617686,14,61,6270,2011,0.0,14221.0,-0.138148,0.002999,AUS,DEU,292310
11617687,15,61,6270,2011,42884.0,293120.0,1.687634,-0.229095,AUT,DEU,292310
11617688,18,61,6270,2011,11549584.0,4245720.0,1.221703,1.247961,BEL,DEU,292310
11617689,28,61,6270,2011,0.0,58792.0,0.8786729999999999,0.442097,BLR,DEU,292310
11617690,32,61,6270,2011,94144.0,4175707.0,0.27718400000000004,0.5674319999999999,BRA,DEU,292310
11617691,39,61,6270,2011,0.0,7798.0,0.754813,1.1967290000000002,CAN,DEU,292310
11617692,41,61,6270,2011,114781.0,304632.0,2.2644029999999997,0.406131,CHE,DEU,292310
11617693,43,61,6270,2011,96299.0,350803.0,1.072299,1.686826,CHN,DEU,292310
11617694,49,61,6270,2011,0.0,16458.0,0.14336600000000002,-0.22996,COL,DEU,292310
11617695,58,61,6270,2011,0.0,31284.0,0.798165,0.424179,CYP,DEU,292310
11617696,59,61,6270,2011,0.0,250415.0,1.737788,0.14741600000000002,CZE,DEU,292310
11617697,64,61,6270,2011,4988.0,385310.0,1.156026,1.2248299999999999,DNK,DEU,292310
11617698,65,61,6270,2011,0.0,12054.0,-0.260653,0.5682010000000001,DOM,DEU,292310
11617699,66,61,6270,2011,0.0,517075.0,-1.36763,-1.140594,DZA,DEU,292310
11617700,67,61,6270,2011,0.0,61796.0,-0.8250639999999999,-0.839082,ECU,DEU,292310
11617701,68,61,6270,2011,0.0,59610.0,-0.166243,1.384719,EGY,DEU,292310
11617702,71,61,6270,2011,2921240.0,0.0,0.8677290000000001,2.4618450000000003,ESP,DEU,292310
11617703,74,61,6270,2011,0.0,78600.0,1.7488830000000002,0.890934,FIN,DEU,292310
11617704,77,61,6270,2011,0.0,1613702.0,1.532054,0.09339299999999999,FRA,DEU,292310
11617705,81,61,6270,2011,170381.0,534778.0,1.8048220000000001,0.380141,GBR,DEU,292310
11617706,90,61,6270,2011,0.0,32046.0,0.138679,1.30044,GRC,DEU,292310
11617707,93,61,6270,2011,0.0,32949.0,-0.329497,0.775369,GTM,DEU,292310
11617708,97,61,6270,2011,0.0,4314.0,0.663588,1.902118,HKG,DEU,292310
11617709,100,61,6270,2011,0.0,79730.0,0.868294,0.9424299999999999,HRV,DEU,292310
11617710,102,61,6270,2011,31867.0,2870329.0,1.486592,0.805642,HUN,DEU,292310
11617711,103,61,6270,2011,0.0,18829.0,-0.234125,1.168384,IDN,DEU,292310
11617712,104,61,6270,2011,210064.0,247335.0,0.18276199999999998,2.398765,IND,DEU,292310
11617713,106,61,6270,2011,0.0,823917.0,1.403182,0.290245,IRL,DEU,292310
11617714,107,61,6270,2011,0.0,749345.0,-0.915379,-0.973194,IRN,DEU,292310
11617715,110,61,6270,2011,0.0,76385.0,1.324384,0.714611,ISR,DEU,292310
11617716,111,61,6270,2011,604330.0,535909.0,1.298751,0.48013599999999995,ITA,DEU,292310
11617717,114,61,6270,2011,0.0,138371.0,2.516395,-0.534301,JPN,DEU,292310
11617718,121,61,6270,2011,0.0,70072.0,1.731371,0.8306879999999999,KOR,DEU,292310
11617719,122,61,6270,2011,0.0,1642.0,-0.898582,-1.09893,KWT,DEU,292310
11617720,130,61,6270,2011,0.0,227836.0,0.747963,0.9759530000000001,LTU,DEU,292310
11617721,132,61,6270,2011,0.0,38545.0,0.7320939999999999,1.101321,LVA,DEU,292310
11617722,134,61,6270,2011,0.0,21353.0,-0.485404,0.099828,MAR,DEU,292310
11617723,138,61,6270,2011,0.0,19781.0,0.9534600000000001,0.706982,MEX,DEU,292310
11617724,153,61,6270,2011,0.0,5393.0,0.9893290000000001,0.632079,MYS,DEU,292310
11617725,162,61,6270,2011,1291869.0,1359732.0,1.1655229999999999,1.410167,NLD,DEU,292310
11617726,163,61,6270,2011,0.0,123538.0,0.8492770000000001,0.050044,NOR,DEU,292310
11617727,166,61,6270,2011,0.0,58975.0,0.372732,0.548601,NZL,DEU,292310
11617728,169,61,6270,2011,0.0,4208.0,0.786135,1.061008,PAN,DEU,292310
11617729,173,61,6270,2011,0.0,24831.0,-0.455977,0.442543,PER,DEU,292310
11617730,174,61,6270,2011,0.0,35680.0,0.364707,0.322626,PHL,DEU,292310
11617731,177,61,6270,2011,7975.0,748771.0,1.133641,1.134203,POL,DEU,292310
11617732,179,61,6270,2011,0.0,1192.0,0.558481,2.7056240000000003,PRT,DEU,292310
11617733,180,61,6270,2011,0.0,30365.0,-0.548759,-0.877743,PRY,DEU,292310
11617734,185,61,6270,2011,0.0,25235.0,0.722,1.296655,ROU,DEU,292310
11617735,186,61,6270,2011,0.0,162032.0,0.47319399999999995,-0.20801599999999998,RUS,DEU,292310
11617736,192,61,6270,2011,0.0,491795.0,1.849116,0.52127,SGP,DEU,292310
11617737,207,61,6270,2011,4965.0,58112.0,1.642913,0.700222,SVN,DEU,292310
11617738,208,61,6270,2011,792057.0,47429.0,1.857146,0.366159,SWE,DEU,292310
11617739,216,61,6270,2011,0.0,2585505.0,0.889009,1.503118,THA,DEU,292310
11617740,224,61,6270,2011,0.0,148483.0,0.45775,2.4316259999999996,TUR,DEU,292310
11617741,228,61,6270,2011,0.0,9110.0,0.6221409999999999,0.765505,UKR,DEU,292310
11617742,230,61,6270,2011,0.0,1458.0,0.313195,0.042866,URY,DEU,292310
11617743,231,61,6270,2011,39539.0,268446.0,1.6884849999999998,-0.474499,USA,DEU,292310
11617744,236,61,6270,2011,0.0,16030.0,-0.841147,-1.095636,VEN,DEU,292310
11617745,239,61,6270,2011,0.0,501806.0,-0.184453,1.637207,VNM,DEU,292310
11617746,246,61,6270,2011,0.0,65192.0,0.241792,1.353011,ZAF,DEU,292310
11617747,18,64,6270,2011,43617.0,21168.0,1.221703,1.247961,BEL,DNK,292310
11617748,43,64,6270,2011,113093.0,0.0,1.072299,1.686826,CHN,DNK,292310
11617749,61,64,6270,2011,385310.0,4988.0,2.074435,-3.440815,DEU,DNK,292310
11617750,71,64,6270,2011,143108.0,0.0,0.8677290000000001,2.4618450000000003,ESP,DNK,292310
11617751,74,64,6270,2011,0.0,13567.0,1.7488830000000002,0.890934,FIN,DNK,292310
11617752,90,64,6270,2011,1503.0,0.0,0.138679,1.30044,GRC,DNK,292310
11617753,102,64,6270,2011,0.0,43355.0,1.486592,0.805642,HUN,DNK,292310
11617754,162,64,6270,2011,1111946.0,369370.0,1.1655229999999999,1.410167,NLD,DNK,292310
11617755,163,64,6270,2011,0.0,92170.0,0.8492770000000001,0.050044,NOR,DNK,292310
11617756,208,64,6270,2011,11647.0,0.0,1.857146,0.366159,SWE,DNK,292310
11617757,43,65,6270,2011,67290.0,0.0,1.072299,1.686826,CHN,DOM,292310
11617758,61,65,6270,2011,12054.0,0.0,2.074435,-3.440815,DEU,DOM,292310
11617759,71,65,6270,2011,16040.0,0.0,0.8677290000000001,2.4618450000000003,ESP,DOM,292310
11617760,93,65,6270,2011,2123.0,0.0,-0.329497,0.775369,GTM,DOM,292310
11617761,110,65,6270,2011,16853.0,0.0,1.324384,0.714611,ISR,DOM,292310
11617762,111,65,6270,2011,1963.0,0.0,1.298751,0.48013599999999995,ITA,DOM,292310
11617763,162,65,6270,2011,14871.0,0.0,1.1655229999999999,1.410167,NLD,DOM,292310
11617764,18,67,6270,2011,287225.0,0.0,1.221703,1.247961,BEL,ECU,292310
11617765,43,67,6270,2011,85081.0,0.0,1.072299,1.686826,CHN,ECU,292310
11617766,61,67,6270,2011,61796.0,0.0,2.074435,-3.440815,DEU,ECU,292310
11617767,71,67,6270,2011,4866.0,0.0,0.8677290000000001,2.4618450000000003,ESP,ECU,292310
11617768,111,67,6270,2011,112763.0,0.0,1.298751,0.48013599999999995,ITA,ECU,292310
11617769,5,71,6270,2011,0.0,1239.0,0.787289,0.484512,AND,ESP,292310
11617770,8,71,6270,2011,0.0,42313.0,0.240494,0.540376,ARG,ESP,292310
11617771,14,71,6270,2011,0.0,213215.0,-0.138148,0.002999,AUS,ESP,292310
11617772,15,71,6270,2011,0.0,2639.0,1.687634,-0.229095,AUT,ESP,292310
11617773,18,71,6270,2011,0.0,15494.0,1.221703,1.247961,BEL,ESP,292310
11617774,22,71,6270,2011,0.0,1378.0,-1.074416,-0.8276370000000001,BGD,ESP,292310
11617775,28,71,6270,2011,0.0,2469.0,0.8786729999999999,0.442097,BLR,ESP,292310
11617776,31,71,6270,2011,0.0,7937.0,-0.818593,-0.8701770000000001,BOL,ESP,292310
11617777,32,71,6270,2011,0.0,1956919.0,0.27718400000000004,0.5674319999999999,BRA,ESP,292310
11617778,39,71,6270,2011,3208.0,0.0,0.754813,1.1967290000000002,CAN,ESP,292310
11617779,41,71,6270,2011,0.0,17331.0,2.2644029999999997,0.406131,CHE,ESP,292310
11617780,43,71,6270,2011,65729.0,322028.0,1.072299,1.686826,CHN,ESP,292310
11617781,49,71,6270,2011,0.0,92131.0,0.14336600000000002,-0.22996,COL,ESP,292310
11617782,59,71,6270,2011,0.0,6092.0,1.737788,0.14741600000000002,CZE,ESP,292310
11617783,61,71,6270,2011,0.0,2921240.0,2.074435,-3.440815,DEU,ESP,292310
11617784,64,71,6270,2011,0.0,143108.0,1.156026,1.2248299999999999,DNK,ESP,292310
11617785,65,71,6270,2011,0.0,16040.0,-0.260653,0.5682010000000001,DOM,ESP,292310
11617786,67,71,6270,2011,0.0,4866.0,-0.8250639999999999,-0.839082,ECU,ESP,292310
11617787,74,71,6270,2011,0.0,4501.0,1.7488830000000002,0.890934,FIN,ESP,292310
11617788,77,71,6270,2011,0.0,220340.0,1.532054,0.09339299999999999,FRA,ESP,292310
11617789,81,71,6270,2011,70043.0,38966.0,1.8048220000000001,0.380141,GBR,ESP,292310
11617790,90,71,6270,2011,0.0,25090.0,0.138679,1.30044,GRC,ESP,292310
11617791,103,71,6270,2011,0.0,394418.0,-0.234125,1.168384,IDN,ESP,292310
11617792,104,71,6270,2011,942891.0,1231836.0,0.18276199999999998,2.398765,IND,ESP,292310
11617793,107,71,6270,2011,0.0,18221.0,-0.915379,-0.973194,IRN,ESP,292310
11617794,110,71,6270,2011,0.0,4831.0,1.324384,0.714611,ISR,ESP,292310
11617795,111,71,6270,2011,0.0,116234.0,1.298751,0.48013599999999995,ITA,ESP,292310
11617796,114,71,6270,2011,0.0,133051.0,2.516395,-0.534301,JPN,ESP,292310
11617797,121,71,6270,2011,0.0,83811.0,1.731371,0.8306879999999999,KOR,ESP,292310
11617798,138,71,6270,2011,0.0,1902212.0,0.9534600000000001,0.706982,MEX,ESP,292310
11617799,153,71,6270,2011,0.0,6369.0,0.9893290000000001,0.632079,MYS,ESP,292310
11617800,162,71,6270,2011,40775.0,576066.0,1.1655229999999999,1.410167,NLD,ESP,292310
11617801,166,71,6270,2011,0.0,296475.0,0.372732,0.548601,NZL,ESP,292310
11617802,168,71,6270,2011,0.0,14013.0,-0.729677,0.6026729999999999,PAK,ESP,292310
11617803,173,71,6270,2011,0.0,1873.0,-0.455977,0.442543,PER,ESP,292310
11617804,174,71,6270,2011,0.0,4232549.0,0.364707,0.322626,PHL,ESP,292310
11617805,177,71,6270,2011,0.0,42901.0,1.133641,1.134203,POL,ESP,292310
11617806,179,71,6270,2011,1172.0,214007.0,0.558481,2.7056240000000003,PRT,ESP,292310
11617807,191,71,6270,2011,0.0,32495.0,-0.624346,-0.308052,SEN,ESP,292310
11617808,216,71,6270,2011,0.0,511353.0,0.889009,1.503118,THA,ESP,292310
11617809,223,71,6270,2011,0.0,21171.0,0.151221,1.1252360000000001,TUN,ESP,292310
11617810,224,71,6270,2011,0.0,23334.0,0.45775,2.4316259999999996,TUR,ESP,292310
11617811,228,71,6270,2011,0.0,3447.0,0.6221409999999999,0.765505,UKR,ESP,292310
11617812,230,71,6270,2011,0.0,3862.0,0.313195,0.042866,URY,ESP,292310
11617813,231,71,6270,2011,0.0,87133.0,1.6884849999999998,-0.474499,USA,ESP,292310
11617814,236,71,6270,2011,0.0,504113.0,-0.841147,-1.095636,VEN,ESP,292310
11617815,239,71,6270,2011,0.0,304976.0,-0.184453,1.637207,VNM,ESP,292310
11617816,246,71,6270,2011,0.0,40253.0,0.241792,1.353011,ZAF,ESP,292310
11617817,249,71,6270,2011,0.0,20808.0,1.803234,0.921233,TWN,ESP,292310
11617818,61,74,6270,2011,78600.0,0.0,2.074435,-3.440815,DEU,FIN,292310
11617819,64,74,6270,2011,13567.0,0.0,1.156026,1.2248299999999999,DNK,FIN,292310
11617820,71,74,6270,2011,4501.0,0.0,0.8677290000000001,2.4618450000000003,ESP,FIN,292310
11617821,72,74,6270,2011,39924.0,0.0,0.9806790000000001,1.110449,EST,FIN,292310
11617822,111,74,6270,2011,31125.0,0.0,1.298751,0.48013599999999995,ITA,FIN,292310
11617823,130,74,6270,2011,27516.0,0.0,0.747963,0.9759530000000001,LTU,FIN,292310
11617824,162,74,6270,2011,18587.0,0.0,1.1655229999999999,1.410167,NLD,FIN,292310
11617825,208,74,6270,2011,16300.0,0.0,1.857146,0.366159,SWE,FIN,292310
11617826,18,77,6270,2011,2718470.0,18657.0,1.221703,1.247961,BEL,FRA,292310
11617827,39,77,6270,2011,36336.0,0.0,0.754813,1.1967290000000002,CAN,FRA,292310
11617828,41,77,6270,2011,105394.0,15394.0,2.2644029999999997,0.406131,CHE,FRA,292310
11617829,43,77,6270,2011,36378.0,0.0,1.072299,1.686826,CHN,FRA,292310
11617830,44,77,6270,2011,0.0,49031.0,-1.069474,-0.867439,CIV,FRA,292310
11617831,61,77,6270,2011,1613702.0,0.0,2.074435,-3.440815,DEU,FRA,292310
11617832,66,77,6270,2011,0.0,102689.0,-1.36763,-1.140594,DZA,FRA,292310
11617833,71,77,6270,2011,220340.0,0.0,0.8677290000000001,2.4618450000000003,ESP,FRA,292310
11617834,81,77,6270,2011,222323.0,10513.0,1.8048220000000001,0.380141,GBR,FRA,292310
11617835,82,77,6270,2011,0.0,1448.0,-0.07754,-0.35434699999999997,GEO,FRA,292310
11617836,90,77,6270,2011,40805.0,0.0,0.138679,1.30044,GRC,FRA,292310
11617837,104,77,6270,2011,1006.0,0.0,0.18276199999999998,2.398765,IND,FRA,292310
11617838,111,77,6270,2011,973896.0,14186.0,1.298751,0.48013599999999995,ITA,FRA,292310
11617839,131,77,6270,2011,0.0,7807.0,1.1655739999999999,1.222379,LUX,FRA,292310
11617840,151,77,6270,2011,34936.0,19659.0,-0.09464600000000001,0.091177,MUS,FRA,292310
11617841,156,77,6270,2011,0.0,3165.0,-0.976349,-0.798691,NCL,FRA,292310
11617842,162,77,6270,2011,225864.0,529726.0,1.1655229999999999,1.410167,NLD,FRA,292310
11617843,177,77,6270,2011,14322.0,0.0,1.133641,1.134203,POL,FRA,292310
11617844,186,77,6270,2011,0.0,7247.0,0.47319399999999995,-0.20801599999999998,RUS,FRA,292310
11617845,191,77,6270,2011,0.0,21872.0,-0.624346,-0.308052,SEN,FRA,292310
11617846,231,77,6270,2011,145419.0,0.0,1.6884849999999998,-0.474499,USA,FRA,292310
11617847,15,81,6270,2011,0.0,12616.0,1.687634,-0.229095,AUT,GBR,292310
11617848,18,81,6270,2011,328678.0,68885.0,1.221703,1.247961,BEL,GBR,292310
11617849,32,81,6270,2011,0.0,1168.0,0.27718400000000004,0.5674319999999999,BRA,GBR,292310
11617850,39,81,6270,2011,0.0,1302.0,0.754813,1.1967290000000002,CAN,GBR,292310
11617851,41,81,6270,2011,301375.0,0.0,2.2644029999999997,0.406131,CHE,GBR,292310
11617852,43,81,6270,2011,541059.0,0.0,1.072299,1.686826,CHN,GBR,292310
11617853,61,81,6270,2011,534778.0,170381.0,2.074435,-3.440815,DEU,GBR,292310
11617854,68,81,6270,2011,0.0,5211.0,-0.166243,1.384719,EGY,GBR,292310
11617855,71,81,6270,2011,38966.0,70043.0,0.8677290000000001,2.4618450000000003,ESP,GBR,292310
11617856,77,81,6270,2011,10513.0,222323.0,1.532054,0.09339299999999999,FRA,GBR,292310
11617857,104,81,6270,2011,251355.0,0.0,0.18276199999999998,2.398765,IND,GBR,292310
11617858,106,81,6270,2011,6762.0,73691.0,1.403182,0.290245,IRL,GBR,292310
11617859,111,81,6270,2011,1118626.0,10618.0,1.298751,0.48013599999999995,ITA,GBR,292310
11617860,114,81,6270,2011,301171.0,0.0,2.516395,-0.534301,JPN,GBR,292310
11617861,159,81,6270,2011,0.0,24607.0,-1.699286,-1.15511,NGA,GBR,292310
11617862,162,81,6270,2011,208553.0,42441.0,1.1655229999999999,1.410167,NLD,GBR,292310
11617863,167,81,6270,2011,0.0,52212.0,-0.473703,-0.952491,OMN,GBR,292310
11617864,168,81,6270,2011,0.0,142354.0,-0.729677,0.6026729999999999,PAK,GBR,292310
11617865,177,81,6270,2011,0.0,3042.0,1.133641,1.134203,POL,GBR,292310
11617866,179,81,6270,2011,0.0,13896.0,0.558481,2.7056240000000003,PRT,GBR,292310
11617867,208,81,6270,2011,0.0,4568.0,1.857146,0.366159,SWE,GBR,292310
11617868,231,81,6270,2011,21204.0,8414.0,1.6884849999999998,-0.474499,USA,GBR,292310
11617869,249,81,6270,2011,0.0,1474.0,1.803234,0.921233,TWN,GBR,292310
11617870,15,90,6270,2011,1713.0,0.0,1.687634,-0.229095,AUT,GRC,292310
11617871,18,90,6270,2011,29292.0,2525.0,1.221703,1.247961,BEL,GRC,292310
11617872,43,90,6270,2011,24266.0,0.0,1.072299,1.686826,CHN,GRC,292310
11617873,61,90,6270,2011,32046.0,0.0,2.074435,-3.440815,DEU,GRC,292310
11617874,64,90,6270,2011,0.0,1503.0,1.156026,1.2248299999999999,DNK,GRC,292310
11617875,71,90,6270,2011,25090.0,0.0,0.8677290000000001,2.4618450000000003,ESP,GRC,292310
11617876,77,90,6270,2011,0.0,40805.0,1.532054,0.09339299999999999,FRA,GRC,292310
11617877,162,90,6270,2011,56428.0,0.0,1.1655229999999999,1.410167,NLD,GRC,292310
11617878,177,90,6270,2011,0.0,1899.0,1.133641,1.134203,POL,GRC,292310
11617879,185,90,6270,2011,0.0,66699.0,0.722,1.296655,ROU,GRC,292310
11617880,208,90,6270,2011,5207.0,0.0,1.857146,0.366159,SWE,GRC,292310
11617881,43,93,6270,2011,218944.0,0.0,1.072299,1.686826,CHN,GTM,292310
11617882,52,93,6270,2011,0.0,41443.0,0.04325,-0.553193,CRI,GTM,292310
11617883,61,93,6270,2011,32949.0,0.0,2.074435,-3.440815,DEU,GTM,292310
11617884,65,93,6270,2011,0.0,2123.0,-0.260653,0.5682010000000001,DOM,GTM,292310
11617885,99,93,6270,2011,0.0,30856.0,-0.740241,-0.311952,HND,GTM,292310
11617886,104,93,6270,2011,6525.0,0.0,0.18276199999999998,2.398765,IND,GTM,292310
11617887,138,93,6270,2011,258206.0,0.0,0.9534600000000001,0.706982,MEX,GTM,292310
11617888,160,93,6270,2011,0.0,16938.0,-0.9592139999999999,-0.796108,NIC,GTM,292310
11617889,197,93,6270,2011,0.0,261161.0,-0.09713200000000001,0.20772600000000002,SLV,GTM,292310
11617890,41,97,6270,2011,2177.0,0.0,2.2644029999999997,0.406131,CHE,HKG,292310
11617891,43,97,6270,2011,57396.0,2744.0,1.072299,1.686826,CHN,HKG,292310
11617892,49,97,6270,2011,0.0,34878.0,0.14336600000000002,-0.22996,COL,HKG,292310
11617893,61,97,6270,2011,4314.0,0.0,2.074435,-3.440815,DEU,HKG,292310
11617894,114,97,6270,2011,0.0,1045.0,2.516395,-0.534301,JPN,HKG,292310
11617895,166,97,6270,2011,0.0,1544.0,0.372732,0.548601,NZL,HKG,292310
11617896,168,97,6270,2011,0.0,3503.0,-0.729677,0.6026729999999999,PAK,HKG,292310
11617897,174,97,6270,2011,0.0,1693.0,0.364707,0.322626,PHL,HKG,292310
11617898,43,99,6270,2011,129586.0,0.0,1.072299,1.686826,CHN,HND,292310
11617899,93,99,6270,2011,30856.0,0.0,-0.329497,0.775369,GTM,HND,292310
11617900,138,99,6270,2011,52265.0,0.0,0.9534600000000001,0.706982,MEX,HND,292310
11617901,231,99,6270,2011,1015.0,0.0,1.6884849999999998,-0.474499,USA,HND,292310
11617902,14,103,6270,2011,34349.0,48597.0,-0.138148,0.002999,AUS,IDN,292310
11617903,18,103,6270,2011,3159712.0,0.0,1.221703,1.247961,BEL,IDN,292310
11617904,32,103,6270,2011,15251.0,0.0,0.27718400000000004,0.5674319999999999,BRA,IDN,292310
11617905,39,103,6270,2011,66313.0,0.0,0.754813,1.1967290000000002,CAN,IDN,292310
11617906,43,103,6270,2011,2356066.0,0.0,1.072299,1.686826,CHN,IDN,292310
11617907,61,103,6270,2011,18829.0,0.0,2.074435,-3.440815,DEU,IDN,292310
11617908,71,103,6270,2011,394418.0,0.0,0.8677290000000001,2.4618450000000003,ESP,IDN,292310
11617909,111,103,6270,2011,683524.0,0.0,1.298751,0.48013599999999995,ITA,IDN,292310
11617910,114,103,6270,2011,98618.0,0.0,2.516395,-0.534301,JPN,IDN,292310
11617911,121,103,6270,2011,887579.0,0.0,1.731371,0.8306879999999999,KOR,IDN,292310
11617912,153,103,6270,2011,0.0,38631.0,0.9893290000000001,0.632079,MYS,IDN,292310
11617913,216,103,6270,2011,0.0,5734.0,0.889009,1.503118,THA,IDN,292310
11617914,231,103,6270,2011,32121.0,0.0,1.6884849999999998,-0.474499,USA,IDN,292310
11617915,239,103,6270,2011,0.0,9624.0,-0.184453,1.637207,VNM,IDN,292310
11617916,249,103,6270,2011,0.0,2603.0,1.803234,0.921233,TWN,IDN,292310
11617917,14,104,6270,2011,0.0,88632.0,-0.138148,0.002999,AUS,IND,292310
11617918,22,104,6270,2011,0.0,7150.0,-1.074416,-0.8276370000000001,BGD,IND,292310
11617919,24,104,6270,2011,0.0,90909.0,0.04085,-0.873711,BHR,IND,292310
11617920,39,104,6270,2011,0.0,9511.0,0.754813,1.1967290000000002,CAN,IND,292310
11617921,42,104,6270,2011,0.0,5345.0,-0.199877,-0.353009,CHL,IND,292310
11617922,43,104,6270,2011,161420.0,69752.0,1.072299,1.686826,CHN,IND,292310
11617923,49,104,6270,2011,0.0,4614.0,0.14336600000000002,-0.22996,COL,IND,292310
11617924,58,104,6270,2011,0.0,11751.0,0.798165,0.424179,CYP,IND,292310
11617925,59,104,6270,2011,0.0,14271.0,1.737788,0.14741600000000002,CZE,IND,292310
11617926,61,104,6270,2011,247335.0,210064.0,2.074435,-3.440815,DEU,IND,292310
11617927,71,104,6270,2011,1231836.0,942891.0,0.8677290000000001,2.4618450000000003,ESP,IND,292310
11617928,77,104,6270,2011,0.0,1006.0,1.532054,0.09339299999999999,FRA,IND,292310
11617929,81,104,6270,2011,0.0,251355.0,1.8048220000000001,0.380141,GBR,IND,292310
11617930,93,104,6270,2011,0.0,6525.0,-0.329497,0.775369,GTM,IND,292310
11617931,107,104,6270,2011,0.0,96057.0,-0.915379,-0.973194,IRN,IND,292310
11617932,111,104,6270,2011,0.0,255653.0,1.298751,0.48013599999999995,ITA,IND,292310
11617933,114,104,6270,2011,0.0,8398.0,2.516395,-0.534301,JPN,IND,292310
11617934,122,104,6270,2011,0.0,19753.0,-0.898582,-1.09893,KWT,IND,292310
11617935,128,104,6270,2011,53986.0,41688.0,-0.559311,0.398905,LKA,IND,292310
11617936,153,104,6270,2011,0.0,32078.0,0.9893290000000001,0.632079,MYS,IND,292310
11617937,159,104,6270,2011,0.0,30684.0,-1.699286,-1.15511,NGA,IND,292310
11617938,162,104,6270,2011,0.0,6620.0,1.1655229999999999,1.410167,NLD,IND,292310
11617939,164,104,6270,2011,0.0,183556.0,-0.242299,0.801966,NPL,IND,292310
11617940,168,104,6270,2011,0.0,141580.0,-0.729677,0.6026729999999999,PAK,IND,292310
11617941,174,104,6270,2011,0.0,13813.0,0.364707,0.322626,PHL,IND,292310
11617942,186,104,6270,2011,0.0,12022.0,0.47319399999999995,-0.20801599999999998,RUS,IND,292310
11617943,190,104,6270,2011,0.0,5639.0,-2.1675869999999997,-1.249272,SDN,IND,292310
11617944,192,104,6270,2011,65919.0,10179.0,1.849116,0.52127,SGP,IND,292310
11617945,197,104,6270,2011,0.0,1134.0,-0.09713200000000001,0.20772600000000002,SLV,IND,292310
11617946,216,104,6270,2011,0.0,41008.0,0.889009,1.503118,THA,IND,292310
11617947,224,104,6270,2011,0.0,18941.0,0.45775,2.4316259999999996,TUR,IND,292310
11617948,231,104,6270,2011,68557.0,442036.0,1.6884849999999998,-0.474499,USA,IND,292310
11617949,246,104,6270,2011,35894.0,49082.0,0.241792,1.353011,ZAF,IND,292310
11617950,43,106,6270,2011,22734.0,0.0,1.072299,1.686826,CHN,IRL,292310
11617951,61,106,6270,2011,823917.0,0.0,2.074435,-3.440815,DEU,IRL,292310
11617952,81,106,6270,2011,73691.0,6762.0,1.8048220000000001,0.380141,GBR,IRL,292310
11617953,111,106,6270,2011,3981.0,0.0,1.298751,0.48013599999999995,ITA,IRL,292310
11617954,138,106,6270,2011,0.0,6519.0,0.9534600000000001,0.706982,MEX,IRL,292310
11617955,192,106,6270,2011,8063.0,0.0,1.849116,0.52127,SGP,IRL,292310
11617956,231,106,6270,2011,3624830.0,0.0,1.6884849999999998,-0.474499,USA,IRL,292310
11617957,18,110,6270,2011,227652.0,0.0,1.221703,1.247961,BEL,ISR,292310
11617958,41,110,6270,2011,6499.0,0.0,2.2644029999999997,0.406131,CHE,ISR,292310
11617959,43,110,6270,2011,344400.0,0.0,1.072299,1.686826,CHN,ISR,292310
11617960,61,110,6270,2011,76385.0,0.0,2.074435,-3.440815,DEU,ISR,292310
11617961,65,110,6270,2011,0.0,16853.0,-0.260653,0.5682010000000001,DOM,ISR,292310
11617962,71,110,6270,2011,4831.0,0.0,0.8677290000000001,2.4618450000000003,ESP,ISR,292310
11617963,231,110,6270,2011,18623.0,3503.0,1.6884849999999998,-0.474499,USA,ISR,292310
11617964,8,111,6270,2011,0.0,803614.0,0.240494,0.540376,ARG,ITA,292310
11617965,15,111,6270,2011,0.0,28801.0,1.687634,-0.229095,AUT,ITA,292310
11617966,18,111,6270,2011,1854538.0,544067.0,1.221703,1.247961,BEL,ITA,292310
11617967,24,111,6270,2011,0.0,8157.0,0.04085,-0.873711,BHR,ITA,292310
11617968,39,111,6270,2011,0.0,131013.0,0.754813,1.1967290000000002,CAN,ITA,292310
11617969,41,111,6270,2011,115854.0,34586.0,2.2644029999999997,0.406131,CHE,ITA,292310
11617970,43,111,6270,2011,233396.0,211457.0,1.072299,1.686826,CHN,ITA,292310
11617971,58,111,6270,2011,0.0,4458.0,0.798165,0.424179,CYP,ITA,292310
11617972,59,111,6270,2011,0.0,64198.0,1.737788,0.14741600000000002,CZE,ITA,292310
11617973,61,111,6270,2011,535909.0,604330.0,2.074435,-3.440815,DEU,ITA,292310
11617974,65,111,6270,2011,0.0,1963.0,-0.260653,0.5682010000000001,DOM,ITA,292310
11617975,66,111,6270,2011,0.0,73938.0,-1.36763,-1.140594,DZA,ITA,292310
11617976,67,111,6270,2011,0.0,112763.0,-0.8250639999999999,-0.839082,ECU,ITA,292310
11617977,68,111,6270,2011,0.0,57593.0,-0.166243,1.384719,EGY,ITA,292310
11617978,71,111,6270,2011,116234.0,0.0,0.8677290000000001,2.4618450000000003,ESP,ITA,292310
11617979,74,111,6270,2011,0.0,31125.0,1.7488830000000002,0.890934,FIN,ITA,292310
11617980,77,111,6270,2011,14186.0,973896.0,1.532054,0.09339299999999999,FRA,ITA,292310
11617981,81,111,6270,2011,10618.0,1118626.0,1.8048220000000001,0.380141,GBR,ITA,292310
11617982,100,111,6270,2011,0.0,150525.0,0.868294,0.9424299999999999,HRV,ITA,292310
11617983,102,111,6270,2011,0.0,14911.0,1.486592,0.805642,HUN,ITA,292310
11617984,103,111,6270,2011,0.0,683524.0,-0.234125,1.168384,IDN,ITA,292310
11617985,104,111,6270,2011,255653.0,0.0,0.18276199999999998,2.398765,IND,ITA,292310
11617986,106,111,6270,2011,0.0,3981.0,1.403182,0.290245,IRL,ITA,292310
11617987,107,111,6270,2011,0.0,22063.0,-0.915379,-0.973194,IRN,ITA,292310
11617988,114,111,6270,2011,0.0,120228.0,2.516395,-0.534301,JPN,ITA,292310
11617989,121,111,6270,2011,116839.0,18872426.0,1.731371,0.8306879999999999,KOR,ITA,292310
11617990,130,111,6270,2011,0.0,87967.0,0.747963,0.9759530000000001,LTU,ITA,292310
11617991,134,111,6270,2011,0.0,265918.0,-0.485404,0.099828,MAR,ITA,292310
11617992,138,111,6270,2011,0.0,19680.0,0.9534600000000001,0.706982,MEX,ITA,292310
11617993,140,111,6270,2011,0.0,3862.0,-0.12310499999999999,0.16392,MKD,ITA,292310
11617994,153,111,6270,2011,0.0,182278.0,0.9893290000000001,0.632079,MYS,ITA,292310
11617995,162,111,6270,2011,45935.0,7529816.0,1.1655229999999999,1.410167,NLD,ITA,292310
11617996,163,111,6270,2011,0.0,160240.0,0.8492770000000001,0.050044,NOR,ITA,292310
11617997,166,111,6270,2011,0.0,259328.0,0.372732,0.548601,NZL,ITA,292310
11617998,173,111,6270,2011,0.0,7556.0,-0.455977,0.442543,PER,ITA,292310
11617999,174,111,6270,2011,0.0,163842.0,0.364707,0.322626,PHL,ITA,292310
11618000,177,111,6270,2011,0.0,25238.0,1.133641,1.134203,POL,ITA,292310
11618001,186,111,6270,2011,0.0,5787108.0,0.47319399999999995,-0.20801599999999998,RUS,ITA,292310
11618002,192,111,6270,2011,0.0,154294.0,1.849116,0.52127,SGP,ITA,292310
11618003,216,111,6270,2011,0.0,20868822.0,0.889009,1.503118,THA,ITA,292310
11618004,223,111,6270,2011,0.0,32288.0,0.151221,1.1252360000000001,TUN,ITA,292310
11618005,231,111,6270,2011,4359.0,2546367.0,1.6884849999999998,-0.474499,USA,ITA,292310
11618006,236,111,6270,2011,0.0,7815.0,-0.841147,-1.095636,VEN,ITA,292310
11618007,239,111,6270,2011,15831.0,1110815.0,-0.184453,1.637207,VNM,ITA,292310
11618008,249,111,6270,2011,0.0,84170.0,1.803234,0.921233,TWN,ITA,292310
11618009,231,112,6270,2011,63386.0,0.0,1.6884849999999998,-0.474499,USA,JAM,292310
11618010,39,114,6270,2011,0.0,9469.0,0.754813,1.1967290000000002,CAN,JPN,292310
11618011,43,114,6270,2011,12298.0,3169030.0,1.072299,1.686826,CHN,JPN,292310
11618012,59,114,6270,2011,0.0,45285.0,1.737788,0.14741600000000002,CZE,JPN,292310
11618013,61,114,6270,2011,138371.0,0.0,2.074435,-3.440815,DEU,JPN,292310
11618014,71,114,6270,2011,133051.0,0.0,0.8677290000000001,2.4618450000000003,ESP,JPN,292310
11618015,81,114,6270,2011,0.0,301171.0,1.8048220000000001,0.380141,GBR,JPN,292310
11618016,97,114,6270,2011,1045.0,0.0,0.663588,1.902118,HKG,JPN,292310
11618017,103,114,6270,2011,0.0,98618.0,-0.234125,1.168384,IDN,JPN,292310
11618018,104,114,6270,2011,8398.0,0.0,0.18276199999999998,2.398765,IND,JPN,292310
11618019,111,114,6270,2011,120228.0,0.0,1.298751,0.48013599999999995,ITA,JPN,292310
11618020,121,114,6270,2011,164839.0,515566.0,1.731371,0.8306879999999999,KOR,JPN,292310
11618021,153,114,6270,2011,0.0,7405.0,0.9893290000000001,0.632079,MYS,JPN,292310
11618022,231,114,6270,2011,14639.0,159449.0,1.6884849999999998,-0.474499,USA,JPN,292310
11618023,249,114,6270,2011,0.0,2621.0,1.803234,0.921233,TWN,JPN,292310
11618024,14,121,6270,2011,0.0,264222.0,-0.138148,0.002999,AUS,KOR,292310
11618025,18,121,6270,2011,307243.0,0.0,1.221703,1.247961,BEL,KOR,292310
11618026,43,121,6270,2011,249989.0,0.0,1.072299,1.686826,CHN,KOR,292310
11618027,61,121,6270,2011,70072.0,0.0,2.074435,-3.440815,DEU,KOR,292310
11618028,71,121,6270,2011,83811.0,0.0,0.8677290000000001,2.4618450000000003,ESP,KOR,292310
11618029,103,121,6270,2011,0.0,887579.0,-0.234125,1.168384,IDN,KOR,292310
11618030,111,121,6270,2011,18872426.0,116839.0,1.298751,0.48013599999999995,ITA,KOR,292310
11618031,114,121,6270,2011,515566.0,164839.0,2.516395,-0.534301,JPN,KOR,292310
11618032,153,121,6270,2011,0.0,102555.0,0.9893290000000001,0.632079,MYS,KOR,292310
11618033,174,121,6270,2011,0.0,161047.0,0.364707,0.322626,PHL,KOR,292310
11618034,208,121,6270,2011,2314.0,0.0,1.857146,0.366159,SWE,KOR,292310
11618035,216,121,6270,2011,0.0,1098769.0,0.889009,1.503118,THA,KOR,292310
11618036,231,121,6270,2011,129252.0,0.0,1.6884849999999998,-0.474499,USA,KOR,292310
11618037,232,121,6270,2011,0.0,18551.0,-0.785878,-0.663918,UZB,KOR,292310
11618038,239,121,6270,2011,0.0,112820.0,-0.184453,1.637207,VNM,KOR,292310
11618039,249,121,6270,2011,0.0,519180.0,1.803234,0.921233,TWN,KOR,292310
11618040,43,122,6270,2011,34098.0,0.0,1.072299,1.686826,CHN,KWT,292310
11618041,61,122,6270,2011,1642.0,0.0,2.074435,-3.440815,DEU,KWT,292310
11618042,104,122,6270,2011,19753.0,0.0,0.18276199999999998,2.398765,IND,KWT,292310
11618043,18,134,6270,2011,1914583.0,0.0,1.221703,1.247961,BEL,MAR,292310
11618044,41,134,6270,2011,11666.0,0.0,2.2644029999999997,0.406131,CHE,MAR,292310
11618045,43,134,6270,2011,55288.0,0.0,1.072299,1.686826,CHN,MAR,292310
11618046,61,134,6270,2011,21353.0,0.0,2.074435,-3.440815,DEU,MAR,292310
11618047,111,134,6270,2011,265918.0,0.0,1.298751,0.48013599999999995,ITA,MAR,292310
11618048,32,138,6270,2011,0.0,210526.0,0.27718400000000004,0.5674319999999999,BRA,MEX,292310
11618049,39,138,6270,2011,76641.0,0.0,0.754813,1.1967290000000002,CAN,MEX,292310
11618050,43,138,6270,2011,155868.0,0.0,1.072299,1.686826,CHN,MEX,292310
11618051,49,138,6270,2011,0.0,520725.0,0.14336600000000002,-0.22996,COL,MEX,292310
11618052,52,138,6270,2011,0.0,40730.0,0.04325,-0.553193,CRI,MEX,292310
11618053,61,138,6270,2011,19781.0,0.0,2.074435,-3.440815,DEU,MEX,292310
11618054,71,138,6270,2011,1902212.0,0.0,0.8677290000000001,2.4618450000000003,ESP,MEX,292310
11618055,93,138,6270,2011,0.0,258206.0,-0.329497,0.775369,GTM,MEX,292310
11618056,99,138,6270,2011,0.0,52265.0,-0.740241,-0.311952,HND,MEX,292310
11618057,106,138,6270,2011,6519.0,0.0,1.403182,0.290245,IRL,MEX,292310
11618058,111,138,6270,2011,19680.0,0.0,1.298751,0.48013599999999995,ITA,MEX,292310
11618059,160,138,6270,2011,0.0,105794.0,-0.9592139999999999,-0.796108,NIC,MEX,292310
11618060,169,138,6270,2011,0.0,80406.0,0.786135,1.061008,PAN,MEX,292310
11618061,173,138,6270,2011,0.0,1516.0,-0.455977,0.442543,PER,MEX,292310
11618062,197,138,6270,2011,0.0,51059.0,-0.09713200000000001,0.20772600000000002,SLV,MEX,292310
11618063,231,138,6270,2011,2531723.0,1008877.0,1.6884849999999998,-0.474499,USA,MEX,292310
11618064,18,153,6270,2011,479960.0,0.0,1.221703,1.247961,BEL,MYS,292310
11618065,34,153,6270,2011,0.0,10547.0,-0.171775,-0.6656810000000001,BRN,MYS,292310
11618066,41,153,6270,2011,14764.0,0.0,2.2644029999999997,0.406131,CHE,MYS,292310
11618067,43,153,6270,2011,1280058.0,0.0,1.072299,1.686826,CHN,MYS,292310
11618068,61,153,6270,2011,5393.0,0.0,2.074435,-3.440815,DEU,MYS,292310
11618069,71,153,6270,2011,6369.0,0.0,0.8677290000000001,2.4618450000000003,ESP,MYS,292310
11618070,103,153,6270,2011,38631.0,0.0,-0.234125,1.168384,IDN,MYS,292310
11618071,104,153,6270,2011,32078.0,0.0,0.18276199999999998,2.398765,IND,MYS,292310
11618072,111,153,6270,2011,182278.0,0.0,1.298751,0.48013599999999995,ITA,MYS,292310
11618073,114,153,6270,2011,7405.0,0.0,2.516395,-0.534301,JPN,MYS,292310
11618074,121,153,6270,2011,102555.0,0.0,1.731371,0.8306879999999999,KOR,MYS,292310
11618075,163,153,6270,2011,1738.0,0.0,0.8492770000000001,0.050044,NOR,MYS,292310
11618076,173,153,6270,2011,0.0,14124.0,-0.455977,0.442543,PER,MYS,292310
11618077,192,153,6270,2011,21483.0,77348.0,1.849116,0.52127,SGP,MYS,292310
11618078,231,153,6270,2011,306183.0,0.0,1.6884849999999998,-0.474499,USA,MYS,292310
11618079,246,153,6270,2011,16593.0,0.0,0.241792,1.353011,ZAF,MYS,292310
11618080,15,162,6270,2011,0.0,110675.0,1.687634,-0.229095,AUT,NLD,292310
11618081,18,162,6270,2011,624012.0,582014.0,1.221703,1.247961,BEL,NLD,292310
11618082,41,162,6270,2011,0.0,17098.0,2.2644029999999997,0.406131,CHE,NLD,292310
11618083,43,162,6270,2011,151559.0,0.0,1.072299,1.686826,CHN,NLD,292310
11618084,59,162,6270,2011,0.0,19125.0,1.737788,0.14741600000000002,CZE,NLD,292310
11618085,61,162,6270,2011,1359732.0,1291869.0,2.074435,-3.440815,DEU,NLD,292310
11618086,64,162,6270,2011,369370.0,1111946.0,1.156026,1.2248299999999999,DNK,NLD,292310
11618087,65,162,6270,2011,0.0,14871.0,-0.260653,0.5682010000000001,DOM,NLD,292310
11618088,68,162,6270,2011,0.0,12873.0,-0.166243,1.384719,EGY,NLD,292310
11618089,71,162,6270,2011,576066.0,40775.0,0.8677290000000001,2.4618450000000003,ESP,NLD,292310
11618090,72,162,6270,2011,0.0,7097.0,0.9806790000000001,1.110449,EST,NLD,292310
11618091,74,162,6270,2011,0.0,18587.0,1.7488830000000002,0.890934,FIN,NLD,292310
11618092,77,162,6270,2011,529726.0,225864.0,1.532054,0.09339299999999999,FRA,NLD,292310
11618093,81,162,6270,2011,42441.0,208553.0,1.8048220000000001,0.380141,GBR,NLD,292310
11618094,90,162,6270,2011,0.0,56428.0,0.138679,1.30044,GRC,NLD,292310
11618095,102,162,6270,2011,0.0,2737.0,1.486592,0.805642,HUN,NLD,292310
11618096,104,162,6270,2011,6620.0,0.0,0.18276199999999998,2.398765,IND,NLD,292310
11618097,111,162,6270,2011,7529816.0,45935.0,1.298751,0.48013599999999995,ITA,NLD,292310
11618098,124,162,6270,2011,0.0,3383.0,0.278393,1.2962879999999999,LBN,NLD,292310
11618099,131,162,6270,2011,0.0,3606.0,1.1655739999999999,1.222379,LUX,NLD,292310
11618100,132,162,6270,2011,0.0,60071.0,0.7320939999999999,1.101321,LVA,NLD,292310
11618101,140,162,6270,2011,0.0,6581.0,-0.12310499999999999,0.16392,MKD,NLD,292310
11618102,163,162,6270,2011,58482.0,0.0,0.8492770000000001,0.050044,NOR,NLD,292310
11618103,173,162,6270,2011,0.0,15155.0,-0.455977,0.442543,PER,NLD,292310
11618104,177,162,6270,2011,4232.0,19656.0,1.133641,1.134203,POL,NLD,292310
11618105,179,162,6270,2011,0.0,1065.0,0.558481,2.7056240000000003,PRT,NLD,292310
11618106,185,162,6270,2011,0.0,27145.0,0.722,1.296655,ROU,NLD,292310
11618107,206,162,6270,2011,0.0,5866.0,1.262897,0.8230569999999999,SVK,NLD,292310
11618108,207,162,6270,2011,0.0,7053.0,1.642913,0.700222,SVN,NLD,292310
11618109,208,162,6270,2011,0.0,107098.0,1.857146,0.366159,SWE,NLD,292310
11618110,224,162,6270,2011,0.0,3380.0,0.45775,2.4316259999999996,TUR,NLD,292310
11618111,231,162,6270,2011,246348.0,3482.0,1.6884849999999998,-0.474499,USA,NLD,292310
11618112,239,162,6270,2011,0.0,58446.0,-0.184453,1.637207,VNM,NLD,292310
11618113,246,162,6270,2011,0.0,12745.0,0.241792,1.353011,ZAF,NLD,292310
11618114,14,166,6270,2011,10253.0,0.0,-0.138148,0.002999,AUS,NZL,292310
11618115,18,166,6270,2011,30793.0,0.0,1.221703,1.247961,BEL,NZL,292310
11618116,41,166,6270,2011,14493.0,0.0,2.2644029999999997,0.406131,CHE,NZL,292310
11618117,43,166,6270,2011,163245.0,0.0,1.072299,1.686826,CHN,NZL,292310
11618118,48,166,6270,2011,0.0,1168.0,0.053038,-0.521486,COK,NZL,292310
11618119,61,166,6270,2011,58975.0,0.0,2.074435,-3.440815,DEU,NZL,292310
11618120,71,166,6270,2011,296475.0,0.0,0.8677290000000001,2.4618450000000003,ESP,NZL,292310
11618121,75,166,6270,2011,0.0,81957.0,-0.434356,-0.010863,FJI,NZL,292310
11618122,97,166,6270,2011,1544.0,0.0,0.663588,1.902118,HKG,NZL,292310
11618123,111,166,6270,2011,259328.0,0.0,1.298751,0.48013599999999995,ITA,NZL,292310
11618124,156,166,6270,2011,0.0,1322.0,-0.976349,-0.798691,NCL,NZL,292310
11618125,216,166,6270,2011,3169.0,0.0,0.889009,1.503118,THA,NZL,292310
11618126,231,166,6270,2011,82144.0,0.0,1.6884849999999998,-0.474499,USA,NZL,292310
11618127,249,166,6270,2011,0.0,46413.0,1.803234,0.921233,TWN,NZL,292310
11618128,22,168,6270,2011,0.0,11300.0,-1.074416,-0.8276370000000001,BGD,PAK,292310
11618129,41,168,6270,2011,37934.0,0.0,2.2644029999999997,0.406131,CHE,PAK,292310
11618130,43,168,6270,2011,11363.0,0.0,1.072299,1.686826,CHN,PAK,292310
11618131,71,168,6270,2011,14013.0,0.0,0.8677290000000001,2.4618450000000003,ESP,PAK,292310
11618132,81,168,6270,2011,142354.0,0.0,1.8048220000000001,0.380141,GBR,PAK,292310
11618133,97,168,6270,2011,3503.0,0.0,0.663588,1.902118,HKG,PAK,292310
11618134,104,168,6270,2011,141580.0,0.0,0.18276199999999998,2.398765,IND,PAK,292310
11618135,43,169,6270,2011,58416.0,0.0,1.072299,1.686826,CHN,PAN,292310
11618136,61,169,6270,2011,4208.0,0.0,2.074435,-3.440815,DEU,PAN,292310
11618137,138,169,6270,2011,80406.0,0.0,0.9534600000000001,0.706982,MEX,PAN,292310
11618138,231,169,6270,2011,67516.0,0.0,1.6884849999999998,-0.474499,USA,PAN,292310
11618139,236,169,6270,2011,0.0,314025.0,-0.841147,-1.095636,VEN,PAN,292310
11618140,18,173,6270,2011,1786934.0,0.0,1.221703,1.247961,BEL,PER,292310
11618141,32,173,6270,2011,8080.0,0.0,0.27718400000000004,0.5674319999999999,BRA,PER,292310
11618142,43,173,6270,2011,470028.0,0.0,1.072299,1.686826,CHN,PER,292310
11618143,61,173,6270,2011,24831.0,0.0,2.074435,-3.440815,DEU,PER,292310
11618144,71,173,6270,2011,1873.0,0.0,0.8677290000000001,2.4618450000000003,ESP,PER,292310
11618145,111,173,6270,2011,7556.0,0.0,1.298751,0.48013599999999995,ITA,PER,292310
11618146,138,173,6270,2011,1516.0,0.0,0.9534600000000001,0.706982,MEX,PER,292310
11618147,153,173,6270,2011,14124.0,0.0,0.9893290000000001,0.632079,MYS,PER,292310
11618148,162,173,6270,2011,15155.0,0.0,1.1655229999999999,1.410167,NLD,PER,292310
11618149,231,173,6270,2011,272739.0,0.0,1.6884849999999998,-0.474499,USA,PER,292310
11618150,18,174,6270,2011,19215.0,0.0,1.221703,1.247961,BEL,PHL,292310
11618151,41,174,6270,2011,0.0,3118.0,2.2644029999999997,0.406131,CHE,PHL,292310
11618152,43,174,6270,2011,617569.0,0.0,1.072299,1.686826,CHN,PHL,292310
11618153,61,174,6270,2011,35680.0,0.0,2.074435,-3.440815,DEU,PHL,292310
11618154,71,174,6270,2011,4232549.0,0.0,0.8677290000000001,2.4618450000000003,ESP,PHL,292310
11618155,97,174,6270,2011,1693.0,0.0,0.663588,1.902118,HKG,PHL,292310
11618156,104,174,6270,2011,13813.0,0.0,0.18276199999999998,2.398765,IND,PHL,292310
11618157,111,174,6270,2011,163842.0,0.0,1.298751,0.48013599999999995,ITA,PHL,292310
11618158,121,174,6270,2011,161047.0,0.0,1.731371,0.8306879999999999,KOR,PHL,292310
11618159,163,174,6270,2011,1324.0,0.0,0.8492770000000001,0.050044,NOR,PHL,292310
11618160,192,174,6270,2011,43123.0,0.0,1.849116,0.52127,SGP,PHL,292310
11618161,231,174,6270,2011,35761.0,0.0,1.6884849999999998,-0.474499,USA,PHL,292310
11618162,18,177,6270,2011,514528.0,0.0,1.221703,1.247961,BEL,POL,292310
11618163,41,177,6270,2011,223957.0,0.0,2.2644029999999997,0.406131,CHE,POL,292310
11618164,43,177,6270,2011,79186.0,0.0,1.072299,1.686826,CHN,POL,292310
11618165,59,177,6270,2011,0.0,11164.0,1.737788,0.14741600000000002,CZE,POL,292310
11618166,61,177,6270,2011,748771.0,7975.0,2.074435,-3.440815,DEU,POL,292310
11618167,71,177,6270,2011,42901.0,0.0,0.8677290000000001,2.4618450000000003,ESP,POL,292310
11618168,72,177,6270,2011,0.0,9250.0,0.9806790000000001,1.110449,EST,POL,292310
11618169,77,177,6270,2011,0.0,14322.0,1.532054,0.09339299999999999,FRA,POL,292310
11618170,81,177,6270,2011,3042.0,0.0,1.8048220000000001,0.380141,GBR,POL,292310
11618171,90,177,6270,2011,1899.0,0.0,0.138679,1.30044,GRC,POL,292310
11618172,100,177,6270,2011,0.0,41423.0,0.868294,0.9424299999999999,HRV,POL,292310
11618173,102,177,6270,2011,0.0,45034.0,1.486592,0.805642,HUN,POL,292310
11618174,111,177,6270,2011,25238.0,0.0,1.298751,0.48013599999999995,ITA,POL,292310
11618175,130,177,6270,2011,0.0,6043.0,0.747963,0.9759530000000001,LTU,POL,292310
11618176,162,177,6270,2011,19656.0,4232.0,1.1655229999999999,1.410167,NLD,POL,292310
11618177,206,177,6270,2011,6430.0,0.0,1.262897,0.8230569999999999,SVK,POL,292310
11618178,231,177,6270,2011,1582.0,0.0,1.6884849999999998,-0.474499,USA,POL,292310
11618179,18,179,6270,2011,182505.0,0.0,1.221703,1.247961,BEL,PRT,292310
11618180,61,179,6270,2011,1192.0,0.0,2.074435,-3.440815,DEU,PRT,292310
11618181,71,179,6270,2011,214007.0,1172.0,0.8677290000000001,2.4618450000000003,ESP,PRT,292310
11618182,81,179,6270,2011,13896.0,0.0,1.8048220000000001,0.380141,GBR,PRT,292310
11618183,162,179,6270,2011,1065.0,0.0,1.1655229999999999,1.410167,NLD,PRT,292310
11618184,43,180,6270,2011,5083.0,0.0,1.072299,1.686826,CHN,PRY,292310
11618185,61,180,6270,2011,30365.0,0.0,2.074435,-3.440815,DEU,PRY,292310
11618186,18,185,6270,2011,17874.0,0.0,1.221703,1.247961,BEL,ROU,292310
11618187,61,185,6270,2011,25235.0,0.0,2.074435,-3.440815,DEU,ROU,292310
11618188,90,185,6270,2011,66699.0,0.0,0.138679,1.30044,GRC,ROU,292310
11618189,102,185,6270,2011,6993.0,0.0,1.486592,0.805642,HUN,ROU,292310
11618190,162,185,6270,2011,27145.0,0.0,1.1655229999999999,1.410167,NLD,ROU,292310
11618191,186,185,6270,2011,51459.0,0.0,0.47319399999999995,-0.20801599999999998,RUS,ROU,292310
11618192,231,185,6270,2011,5319.0,0.0,1.6884849999999998,-0.474499,USA,ROU,292310
11618193,43,188,6270,2011,39991.0,0.0,1.072299,1.686826,CHN,SAU,292310
11618194,190,188,6270,2011,0.0,75098.0,-2.1675869999999997,-1.249272,SDN,SAU,292310
11618195,7,190,6270,2011,16671.0,0.0,0.030652,-0.450808,ARE,SDN,292310
11618196,43,190,6270,2011,4716.0,0.0,1.072299,1.686826,CHN,SDN,292310
11618197,104,190,6270,2011,5639.0,0.0,0.18276199999999998,2.398765,IND,SDN,292310
11618198,188,190,6270,2011,75098.0,0.0,0.354045,-0.800028,SAU,SDN,292310
11618199,43,192,6270,2011,70711.0,0.0,1.072299,1.686826,CHN,SGP,292310
11618200,61,192,6270,2011,491795.0,0.0,2.074435,-3.440815,DEU,SGP,292310
11618201,104,192,6270,2011,10179.0,65919.0,0.18276199999999998,2.398765,IND,SGP,292310
11618202,106,192,6270,2011,0.0,8063.0,1.403182,0.290245,IRL,SGP,292310
11618203,111,192,6270,2011,154294.0,0.0,1.298751,0.48013599999999995,ITA,SGP,292310
11618204,128,192,6270,2011,0.0,42726.0,-0.559311,0.398905,LKA,SGP,292310
11618205,153,192,6270,2011,77348.0,21483.0,0.9893290000000001,0.632079,MYS,SGP,292310
11618206,163,192,6270,2011,0.0,66464.0,0.8492770000000001,0.050044,NOR,SGP,292310
11618207,174,192,6270,2011,0.0,43123.0,0.364707,0.322626,PHL,SGP,292310
11618208,176,192,6270,2011,0.0,14597.0,-1.1111659999999999,-0.9458610000000001,PNG,SGP,292310
11618209,231,192,6270,2011,237177.0,0.0,1.6884849999999998,-0.474499,USA,SGP,292310
11618210,249,192,6270,2011,0.0,3026.0,1.803234,0.921233,TWN,SGP,292310
11618211,18,197,6270,2011,87950.0,0.0,1.221703,1.247961,BEL,SLV,292310
11618212,43,197,6270,2011,6041.0,0.0,1.072299,1.686826,CHN,SLV,292310
11618213,52,197,6270,2011,30192.0,0.0,0.04325,-0.553193,CRI,SLV,292310
11618214,93,197,6270,2011,261161.0,0.0,-0.329497,0.775369,GTM,SLV,292310
11618215,104,197,6270,2011,1134.0,0.0,0.18276199999999998,2.398765,IND,SLV,292310
11618216,138,197,6270,2011,51059.0,0.0,0.9534600000000001,0.706982,MEX,SLV,292310
11618217,231,197,6270,2011,1425.0,0.0,1.6884849999999998,-0.474499,USA,SLV,292310
11618218,59,206,6270,2011,42805.0,2513.0,1.737788,0.14741600000000002,CZE,SVK,292310
11618219,162,206,6270,2011,5866.0,0.0,1.1655229999999999,1.410167,NLD,SVK,292310
11618220,177,206,6270,2011,0.0,6430.0,1.133641,1.134203,POL,SVK,292310
11618221,250,206,6270,2011,8892.0,0.0,0.475638,-0.160135,ANS,SVK,292310
11618222,15,207,6270,2011,16372.0,13374.0,1.687634,-0.229095,AUT,SVN,292310
11618223,18,207,6270,2011,16857.0,0.0,1.221703,1.247961,BEL,SVN,292310
11618224,43,207,6270,2011,49822.0,0.0,1.072299,1.686826,CHN,SVN,292310
11618225,61,207,6270,2011,58112.0,4965.0,2.074435,-3.440815,DEU,SVN,292310
11618226,162,207,6270,2011,7053.0,0.0,1.1655229999999999,1.410167,NLD,SVN,292310
11618227,228,207,6270,2011,0.0,12604.0,0.6221409999999999,0.765505,UKR,SVN,292310
11618228,231,207,6270,2011,2939.0,0.0,1.6884849999999998,-0.474499,USA,SVN,292310
11618229,250,207,6270,2011,2447.0,0.0,0.475638,-0.160135,ANS,SVN,292310
11618230,15,208,6270,2011,0.0,165412.0,1.687634,-0.229095,AUT,SWE,292310
11618231,18,208,6270,2011,3330.0,0.0,1.221703,1.247961,BEL,SWE,292310
11618232,39,208,6270,2011,3216.0,0.0,0.754813,1.1967290000000002,CAN,SWE,292310
11618233,61,208,6270,2011,47429.0,792057.0,2.074435,-3.440815,DEU,SWE,292310
11618234,64,208,6270,2011,0.0,11647.0,1.156026,1.2248299999999999,DNK,SWE,292310
11618235,74,208,6270,2011,0.0,16300.0,1.7488830000000002,0.890934,FIN,SWE,292310
11618236,81,208,6270,2011,4568.0,0.0,1.8048220000000001,0.380141,GBR,SWE,292310
11618237,90,208,6270,2011,0.0,5207.0,0.138679,1.30044,GRC,SWE,292310
11618238,121,208,6270,2011,0.0,2314.0,1.731371,0.8306879999999999,KOR,SWE,292310
11618239,162,208,6270,2011,107098.0,0.0,1.1655229999999999,1.410167,NLD,SWE,292310
11618240,163,208,6270,2011,0.0,7833.0,0.8492770000000001,0.050044,NOR,SWE,292310
11618241,231,208,6270,2011,8334.0,0.0,1.6884849999999998,-0.474499,USA,SWE,292310
11618242,246,208,6270,2011,14455.0,0.0,0.241792,1.353011,ZAF,SWE,292310
11618243,18,216,6270,2011,3645122.0,0.0,1.221703,1.247961,BEL,THA,292310
11618244,22,216,6270,2011,0.0,115375.0,-1.074416,-0.8276370000000001,BGD,THA,292310
11618245,43,216,6270,2011,668454.0,0.0,1.072299,1.686826,CHN,THA,292310
11618246,61,216,6270,2011,2585505.0,0.0,2.074435,-3.440815,DEU,THA,292310
11618247,71,216,6270,2011,511353.0,0.0,0.8677290000000001,2.4618450000000003,ESP,THA,292310
11618248,103,216,6270,2011,5734.0,0.0,-0.234125,1.168384,IDN,THA,292310
11618249,104,216,6270,2011,41008.0,0.0,0.18276199999999998,2.398765,IND,THA,292310
11618250,109,216,6270,2011,2824.0,0.0,0.284202,-0.23753000000000002,ISL,THA,292310
11618251,111,216,6270,2011,20868822.0,0.0,1.298751,0.48013599999999995,ITA,THA,292310
11618252,118,216,6270,2011,0.0,55864.0,-1.162858,-1.103539,KHM,THA,292310
11618253,121,216,6270,2011,1098769.0,0.0,1.731371,0.8306879999999999,KOR,THA,292310
11618254,123,216,6270,2011,0.0,29251.0,-1.135039,-0.929759,LAO,THA,292310
11618255,128,216,6270,2011,0.0,19724.0,-0.559311,0.398905,LKA,THA,292310
11618256,143,216,6270,2011,0.0,49019.0,-1.3557190000000001,-0.929934,MMR,THA,292310
11618257,166,216,6270,2011,0.0,3169.0,0.372732,0.548601,NZL,THA,292310
11618258,231,216,6270,2011,583489.0,0.0,1.6884849999999998,-0.474499,USA,THA,292310
11618259,239,216,6270,2011,0.0,114585.0,-0.184453,1.637207,VNM,THA,292310
11618260,231,222,6270,2011,7761.0,0.0,1.6884849999999998,-0.474499,USA,TTO,292310
11618261,18,224,6270,2011,2049210.0,1059.0,1.221703,1.247961,BEL,TUR,292310
11618262,43,224,6270,2011,519347.0,0.0,1.072299,1.686826,CHN,TUR,292310
11618263,58,224,6270,2011,0.0,73595.0,0.798165,0.424179,CYP,TUR,292310
11618264,61,224,6270,2011,148483.0,0.0,2.074435,-3.440815,DEU,TUR,292310
11618265,71,224,6270,2011,23334.0,0.0,0.8677290000000001,2.4618450000000003,ESP,TUR,292310
11618266,104,224,6270,2011,18941.0,0.0,0.18276199999999998,2.398765,IND,TUR,292310
11618267,162,224,6270,2011,3380.0,0.0,1.1655229999999999,1.410167,NLD,TUR,292310
11618268,231,224,6270,2011,20122.0,0.0,1.6884849999999998,-0.474499,USA,TUR,292310
11618269,18,228,6270,2011,63780.0,0.0,1.221703,1.247961,BEL,UKR,292310
11618270,43,228,6270,2011,178471.0,0.0,1.072299,1.686826,CHN,UKR,292310
11618271,61,228,6270,2011,9110.0,0.0,2.074435,-3.440815,DEU,UKR,292310
11618272,71,228,6270,2011,3447.0,0.0,0.8677290000000001,2.4618450000000003,ESP,UKR,292310
11618273,102,228,6270,2011,2924.0,0.0,1.486592,0.805642,HUN,UKR,292310
11618274,207,228,6270,2011,12604.0,0.0,1.642913,0.700222,SVN,UKR,292310
11618275,43,230,6270,2011,3801.0,0.0,1.072299,1.686826,CHN,URY,292310
11618276,61,230,6270,2011,1458.0,0.0,2.074435,-3.440815,DEU,URY,292310
11618277,71,230,6270,2011,3862.0,0.0,0.8677290000000001,2.4618450000000003,ESP,URY,292310
11618278,8,231,6270,2011,0.0,153106.0,0.240494,0.540376,ARG,USA,292310
11618279,14,231,6270,2011,0.0,92385.0,-0.138148,0.002999,AUS,USA,292310
11618280,15,231,6270,2011,0.0,911.0,1.687634,-0.229095,AUT,USA,292310
11618281,18,231,6270,2011,6701594.0,43679.0,1.221703,1.247961,BEL,USA,292310
11618282,25,231,6270,2011,0.0,1354.0,0.320669,-0.531655,BHS,USA,292310
11618283,31,231,6270,2011,0.0,1862.0,-0.818593,-0.8701770000000001,BOL,USA,292310
11618284,32,231,6270,2011,0.0,2994384.0,0.27718400000000004,0.5674319999999999,BRA,USA,292310
11618285,39,231,6270,2011,33630.0,10572751.0,0.754813,1.1967290000000002,CAN,USA,292310
11618286,41,231,6270,2011,11760.0,29883.0,2.2644029999999997,0.406131,CHE,USA,292310
11618287,42,231,6270,2011,0.0,216003.0,-0.199877,-0.353009,CHL,USA,292310
11618288,43,231,6270,2011,8901028.0,48245.0,1.072299,1.686826,CHN,USA,292310
11618289,49,231,6270,2011,0.0,3097238.0,0.14336600000000002,-0.22996,COL,USA,292310
11618290,61,231,6270,2011,268446.0,39539.0,2.074435,-3.440815,DEU,USA,292310
11618291,68,231,6270,2011,0.0,1221.0,-0.166243,1.384719,EGY,USA,292310
11618292,71,231,6270,2011,87133.0,0.0,0.8677290000000001,2.4618450000000003,ESP,USA,292310
11618293,77,231,6270,2011,0.0,145419.0,1.532054,0.09339299999999999,FRA,USA,292310
11618294,81,231,6270,2011,8414.0,21204.0,1.8048220000000001,0.380141,GBR,USA,292310
11618295,89,231,6270,2011,0.0,14310.0,-1.634315,-0.7567729999999999,GNQ,USA,292310
11618296,99,231,6270,2011,0.0,1015.0,-0.740241,-0.311952,HND,USA,292310
11618297,103,231,6270,2011,0.0,32121.0,-0.234125,1.168384,IDN,USA,292310
11618298,104,231,6270,2011,442036.0,68557.0,0.18276199999999998,2.398765,IND,USA,292310
11618299,106,231,6270,2011,0.0,3624830.0,1.403182,0.290245,IRL,USA,292310
11618300,107,231,6270,2011,0.0,46297.0,-0.915379,-0.973194,IRN,USA,292310
11618301,110,231,6270,2011,3503.0,18623.0,1.324384,0.714611,ISR,USA,292310
11618302,111,231,6270,2011,2546367.0,4359.0,1.298751,0.48013599999999995,ITA,USA,292310
11618303,112,231,6270,2011,0.0,63386.0,-0.162212,-0.621817,JAM,USA,292310
11618304,114,231,6270,2011,159449.0,14639.0,2.516395,-0.534301,JPN,USA,292310
11618305,121,231,6270,2011,0.0,129252.0,1.731371,0.8306879999999999,KOR,USA,292310
11618306,126,231,6270,2011,0.0,35120.0,-1.680464,-1.148511,LBY,USA,292310
11618307,138,231,6270,2011,1008877.0,2531723.0,0.9534600000000001,0.706982,MEX,USA,292310
11618308,153,231,6270,2011,0.0,306183.0,0.9893290000000001,0.632079,MYS,USA,292310
11618309,159,231,6270,2011,0.0,17977.0,-1.699286,-1.15511,NGA,USA,292310
11618310,162,231,6270,2011,3482.0,246348.0,1.1655229999999999,1.410167,NLD,USA,292310
11618311,166,231,6270,2011,0.0,82144.0,0.372732,0.548601,NZL,USA,292310
11618312,169,231,6270,2011,0.0,67516.0,0.786135,1.061008,PAN,USA,292310
11618313,173,231,6270,2011,0.0,272739.0,-0.455977,0.442543,PER,USA,292310
11618314,174,231,6270,2011,0.0,35761.0,0.364707,0.322626,PHL,USA,292310
11618315,177,231,6270,2011,0.0,1582.0,1.133641,1.134203,POL,USA,292310
11618316,185,231,6270,2011,0.0,5319.0,0.722,1.296655,ROU,USA,292310
11618317,186,231,6270,2011,0.0,1693727.0,0.47319399999999995,-0.20801599999999998,RUS,USA,292310
11618318,192,231,6270,2011,0.0,237177.0,1.849116,0.52127,SGP,USA,292310
11618319,197,231,6270,2011,0.0,1425.0,-0.09713200000000001,0.20772600000000002,SLV,USA,292310
11618320,207,231,6270,2011,0.0,2939.0,1.642913,0.700222,SVN,USA,292310
11618321,208,231,6270,2011,0.0,8334.0,1.857146,0.366159,SWE,USA,292310
11618322,216,231,6270,2011,0.0,583489.0,0.889009,1.503118,THA,USA,292310
11618323,222,231,6270,2011,0.0,7761.0,-0.44228,-1.031793,TTO,USA,292310
11618324,224,231,6270,2011,0.0,20122.0,0.45775,2.4316259999999996,TUR,USA,292310
11618325,236,231,6270,2011,0.0,1574018.0,-0.841147,-1.095636,VEN,USA,292310
11618326,239,231,6270,2011,0.0,66409.0,-0.184453,1.637207,VNM,USA,292310
11618327,246,231,6270,2011,0.0,32596.0,0.241792,1.353011,ZAF,USA,292310
11618328,249,231,6270,2011,14031.0,281985.0,1.803234,0.921233,TWN,USA,292310
11618329,18,236,6270,2011,1920129.0,0.0,1.221703,1.247961,BEL,VEN,292310
11618330,39,236,6270,2011,125017.0,0.0,0.754813,1.1967290000000002,CAN,VEN,292310
11618331,43,236,6270,2011,134471.0,0.0,1.072299,1.686826,CHN,VEN,292310
11618332,61,236,6270,2011,16030.0,0.0,2.074435,-3.440815,DEU,VEN,292310
11618333,71,236,6270,2011,504113.0,0.0,0.8677290000000001,2.4618450000000003,ESP,VEN,292310
11618334,111,236,6270,2011,7815.0,0.0,1.298751,0.48013599999999995,ITA,VEN,292310
11618335,169,236,6270,2011,314025.0,0.0,0.786135,1.061008,PAN,VEN,292310
11618336,231,236,6270,2011,1574018.0,0.0,1.6884849999999998,-0.474499,USA,VEN,292310
11618337,43,243,6270,2011,9366.0,0.0,1.072299,1.686826,CHN,YEM,292310
11618338,18,246,6270,2011,171488.0,0.0,1.221703,1.247961,BEL,ZAF,292310
11618339,37,246,6270,2011,0.0,8198.0,-0.48782600000000004,-1.051639,BWA,ZAF,292310
11618340,43,246,6270,2011,348414.0,0.0,1.072299,1.686826,CHN,ZAF,292310
11618341,58,246,6270,2011,15891.0,0.0,0.798165,0.424179,CYP,ZAF,292310
11618342,61,246,6270,2011,65192.0,0.0,2.074435,-3.440815,DEU,ZAF,292310
11618343,71,246,6270,2011,40253.0,0.0,0.8677290000000001,2.4618450000000003,ESP,ZAF,292310
11618344,104,246,6270,2011,49082.0,35894.0,0.18276199999999998,2.398765,IND,ZAF,292310
11618345,116,246,6270,2011,0.0,2971.0,-0.48319300000000004,0.346927,KEN,ZAF,292310
11618346,147,246,6270,2011,0.0,8332.0,-1.2069299999999998,-0.977785,MOZ,ZAF,292310
11618347,153,246,6270,2011,0.0,16593.0,0.9893290000000001,0.632079,MYS,ZAF,292310
11618348,155,246,6270,2011,0.0,2427.0,-0.42998400000000003,-0.632233,NAM,ZAF,292310
11618349,162,246,6270,2011,12745.0,0.0,1.1655229999999999,1.410167,NLD,ZAF,292310
11618350,208,246,6270,2011,0.0,14455.0,1.857146,0.366159,SWE,ZAF,292310
11618351,209,246,6270,2011,0.0,5246.0,0.169986,-0.078842,SWZ,ZAF,292310
11618352,231,246,6270,2011,32596.0,0.0,1.6884849999999998,-0.474499,USA,ZAF,292310
11618353,248,246,6270,2011,0.0,94096.0,-0.858662,-0.8632719999999999,ZWE,ZAF,292310
11618354,18,249,6270,2011,621716.0,0.0,1.221703,1.247961,BEL,TWN,292310
11618355,41,249,6270,2011,2511.0,0.0,2.2644029999999997,0.406131,CHE,TWN,292310
11618356,43,249,6270,2011,363047.0,4928.0,1.072299,1.686826,CHN,TWN,292310
11618357,71,249,6270,2011,20808.0,0.0,0.8677290000000001,2.4618450000000003,ESP,TWN,292310
11618358,81,249,6270,2011,1474.0,0.0,1.8048220000000001,0.380141,GBR,TWN,292310
11618359,103,249,6270,2011,2603.0,0.0,-0.234125,1.168384,IDN,TWN,292310
11618360,111,249,6270,2011,84170.0,0.0,1.298751,0.48013599999999995,ITA,TWN,292310
11618361,114,249,6270,2011,2621.0,0.0,2.516395,-0.534301,JPN,TWN,292310
11618362,121,249,6270,2011,519180.0,0.0,1.731371,0.8306879999999999,KOR,TWN,292310
11618363,166,249,6270,2011,46413.0,0.0,0.372732,0.548601,NZL,TWN,292310
11618364,192,249,6270,2011,3026.0,0.0,1.849116,0.52127,SGP,TWN,292310
11618365,231,249,6270,2011,281985.0,14031.0,1.6884849999999998,-0.474499,USA,TWN,292310
11618366,0,250,6270,2011,1129.0,0.0,-0.282585,-0.71273,ABW,ANS,292310
11618367,22,250,6270,2011,0.0,4337.0,-1.074416,-0.8276370000000001,BGD,ANS,292310
11618368,72,250,6270,2011,0.0,5903.0,0.9806790000000001,1.110449,EST,ANS,292310
11618369,206,250,6270,2011,0.0,8892.0,1.262897,0.8230569999999999,SVK,ANS,292310
11618370,207,250,6270,2011,0.0,2447.0,1.642913,0.700222,SVN,ANS,292310
11618371,18,14,6270,2011,214971.0,0.0,1.221703,1.247961,BEL,AUS,292310
11618372,39,14,6270,2011,1245.0,0.0,0.754813,1.1967290000000002,CAN,AUS,292310
11618373,41,14,6270,2011,6063.0,0.0,2.2644029999999997,0.406131,CHE,AUS,292310
11618374,43,14,6270,2011,565330.0,0.0,1.072299,1.686826,CHN,AUS,292310
11618375,61,14,6270,2011,14221.0,0.0,2.074435,-3.440815,DEU,AUS,292310
11618376,71,14,6270,2011,213215.0,0.0,0.8677290000000001,2.4618450000000003,ESP,AUS,292310
11618377,103,14,6270,2011,48597.0,34349.0,-0.234125,1.168384,IDN,AUS,292310
11618378,104,14,6270,2011,88632.0,0.0,0.18276199999999998,2.398765,IND,AUS,292310
11618379,121,14,6270,2011,264222.0,0.0,1.731371,0.8306879999999999,KOR,AUS,292310
11618380,156,14,6270,2011,0.0,1687.0,-0.976349,-0.798691,NCL,AUS,292310
11618381,159,14,6270,2011,0.0,2178.0,-1.699286,-1.15511,NGA,AUS,292310
11618382,166,14,6270,2011,0.0,10253.0,0.372732,0.548601,NZL,AUS,292310
11618383,176,14,6270,2011,0.0,4964.0,-1.1111659999999999,-0.9458610000000001,PNG,AUS,292310
11618384,231,14,6270,2011,92385.0,0.0,1.6884849999999998,-0.474499,USA,AUS,292310
11618385,239,14,6270,2011,10271.0,0.0,-0.184453,1.637207,VNM,AUS,292310
11618386,43,22,6270,2011,111545.0,0.0,1.072299,1.686826,CHN,BGD,292310
11618387,55,22,6270,2011,24180.0,0.0,-0.052038,-0.69103,CUW,BGD,292310
11618388,71,22,6270,2011,1378.0,0.0,0.8677290000000001,2.4618450000000003,ESP,BGD,292310
11618389,104,22,6270,2011,7150.0,0.0,0.18276199999999998,2.398765,IND,BGD,292310
11618390,168,22,6270,2011,11300.0,0.0,-0.729677,0.6026729999999999,PAK,BGD,292310
11618391,216,22,6270,2011,115375.0,0.0,0.889009,1.503118,THA,BGD,292310
11618392,250,22,6270,2011,4337.0,0.0,0.475638,-0.160135,ANS,BGD,292310
11618393,15,26,6270,2011,7574.0,0.0,1.687634,-0.229095,AUT,BIH,292310
11618394,43,26,6270,2011,1423.0,0.0,1.072299,1.686826,CHN,BIH,292310
11618395,100,26,6270,2011,0.0,5189.0,0.868294,0.9424299999999999,HRV,BIH,292310
11618396,102,26,6270,2011,2407.0,0.0,1.486592,0.805642,HUN,BIH,292310
11618397,201,26,6270,2011,1227.0,0.0,0.49055699999999997,1.5601399999999999,SRB,BIH,292310
11618398,43,28,6270,2011,5536.0,0.0,1.072299,1.686826,CHN,BLR,292310
11618399,61,28,6270,2011,58792.0,0.0,2.074435,-3.440815,DEU,BLR,292310
11618400,71,28,6270,2011,2469.0,0.0,0.8677290000000001,2.4618450000000003,ESP,BLR,292310
11618401,130,28,6270,2011,4745.0,0.0,0.747963,0.9759530000000001,LTU,BLR,292310
11618402,186,28,6270,2011,111724.0,15836.0,0.47319399999999995,-0.20801599999999998,RUS,BLR,292310
11618403,18,58,6270,2011,8798.0,35843.0,1.221703,1.247961,BEL,CYP,292310
11618404,41,58,6270,2011,27104.0,0.0,2.2644029999999997,0.406131,CHE,CYP,292310
11618405,61,58,6270,2011,31284.0,0.0,2.074435,-3.440815,DEU,CYP,292310
11618406,104,58,6270,2011,11751.0,0.0,0.18276199999999998,2.398765,IND,CYP,292310
11618407,111,58,6270,2011,4458.0,0.0,1.298751,0.48013599999999995,ITA,CYP,292310
11618408,224,58,6270,2011,73595.0,0.0,0.45775,2.4316259999999996,TUR,CYP,292310
11618409,246,58,6270,2011,0.0,15891.0,0.241792,1.353011,ZAF,CYP,292310
11618410,41,68,6270,2011,51196.0,0.0,2.2644029999999997,0.406131,CHE,EGY,292310
11618411,43,68,6270,2011,67901.0,0.0,1.072299,1.686826,CHN,EGY,292310
11618412,61,68,6270,2011,59610.0,0.0,2.074435,-3.440815,DEU,EGY,292310
11618413,81,68,6270,2011,5211.0,0.0,1.8048220000000001,0.380141,GBR,EGY,292310
11618414,111,68,6270,2011,57593.0,0.0,1.298751,0.48013599999999995,ITA,EGY,292310
11618415,162,68,6270,2011,12873.0,0.0,1.1655229999999999,1.410167,NLD,EGY,292310
11618416,231,68,6270,2011,1221.0,0.0,1.6884849999999998,-0.474499,USA,EGY,292310
11618417,18,72,6270,2011,2700.0,0.0,1.221703,1.247961,BEL,EST,292310
11618418,43,72,6270,2011,37847.0,0.0,1.072299,1.686826,CHN,EST,292310
11618419,74,72,6270,2011,0.0,39924.0,1.7488830000000002,0.890934,FIN,EST,292310
11618420,130,72,6270,2011,2639.0,0.0,0.747963,0.9759530000000001,LTU,EST,292310
11618421,162,72,6270,2011,7097.0,0.0,1.1655229999999999,1.410167,NLD,EST,292310
11618422,177,72,6270,2011,9250.0,0.0,1.133641,1.134203,POL,EST,292310
11618423,250,72,6270,2011,5903.0,0.0,0.475638,-0.160135,ANS,EST,292310
11618424,77,82,6270,2011,1448.0,0.0,1.532054,0.09339299999999999,FRA,GEO,292310
11618425,15,100,6270,2011,3168.0,0.0,1.687634,-0.229095,AUT,HRV,292310
11618426,18,100,6270,2011,54395.0,0.0,1.221703,1.247961,BEL,HRV,292310
11618427,26,100,6270,2011,5189.0,0.0,0.391425,0.6066600000000001,BIH,HRV,292310
11618428,43,100,6270,2011,47642.0,0.0,1.072299,1.686826,CHN,HRV,292310
11618429,61,100,6270,2011,79730.0,0.0,2.074435,-3.440815,DEU,HRV,292310
11618430,111,100,6270,2011,150525.0,0.0,1.298751,0.48013599999999995,ITA,HRV,292310
11618431,177,100,6270,2011,41423.0,0.0,1.133641,1.134203,POL,HRV,292310
11618432,15,102,6270,2011,8579.0,190734.0,1.687634,-0.229095,AUT,HUN,292310
11618433,18,102,6270,2011,301957.0,0.0,1.221703,1.247961,BEL,HUN,292310
11618434,26,102,6270,2011,0.0,2407.0,0.391425,0.6066600000000001,BIH,HUN,292310
11618435,43,102,6270,2011,12678.0,0.0,1.072299,1.686826,CHN,HUN,292310
11618436,59,102,6270,2011,0.0,51904.0,1.737788,0.14741600000000002,CZE,HUN,292310
11618437,61,102,6270,2011,2870329.0,31867.0,2.074435,-3.440815,DEU,HUN,292310
11618438,64,102,6270,2011,43355.0,0.0,1.156026,1.2248299999999999,DNK,HUN,292310
11618439,111,102,6270,2011,14911.0,0.0,1.298751,0.48013599999999995,ITA,HUN,292310
11618440,130,102,6270,2011,32491.0,0.0,0.747963,0.9759530000000001,LTU,HUN,292310
11618441,162,102,6270,2011,2737.0,0.0,1.1655229999999999,1.410167,NLD,HUN,292310
11618442,177,102,6270,2011,45034.0,0.0,1.133641,1.134203,POL,HUN,292310
11618443,185,102,6270,2011,0.0,6993.0,0.722,1.296655,ROU,HUN,292310
11618444,201,102,6270,2011,2975.0,58894.0,0.49055699999999997,1.5601399999999999,SRB,HUN,292310
11618445,228,102,6270,2011,0.0,2924.0,0.6221409999999999,0.765505,UKR,HUN,292310
11618446,7,107,6270,2011,478734.0,0.0,0.030652,-0.450808,ARE,IRN,292310
11618447,18,107,6270,2011,13710.0,0.0,1.221703,1.247961,BEL,IRN,292310
11618448,39,107,6270,2011,54421.0,0.0,0.754813,1.1967290000000002,CAN,IRN,292310
11618449,43,107,6270,2011,212860.0,0.0,1.072299,1.686826,CHN,IRN,292310
11618450,61,107,6270,2011,749345.0,0.0,2.074435,-3.440815,DEU,IRN,292310
11618451,71,107,6270,2011,18221.0,0.0,0.8677290000000001,2.4618450000000003,ESP,IRN,292310
11618452,104,107,6270,2011,96057.0,0.0,0.18276199999999998,2.398765,IND,IRN,292310
11618453,111,107,6270,2011,22063.0,0.0,1.298751,0.48013599999999995,ITA,IRN,292310
11618454,131,107,6270,2011,161858.0,0.0,1.1655739999999999,1.222379,LUX,IRN,292310
11618455,231,107,6270,2011,46297.0,0.0,1.6884849999999998,-0.474499,USA,IRN,292310
11618456,41,113,6270,2011,1805.0,0.0,2.2644029999999997,0.406131,CHE,JOR,292310
11618457,43,113,6270,2011,60797.0,0.0,1.072299,1.686826,CHN,JOR,292310
11618458,16,115,6270,2011,36157.0,0.0,-1.313136,-1.189989,AZE,KAZ,292310
11618459,186,115,6270,2011,76740.0,0.0,0.47319399999999995,-0.20801599999999998,RUS,KAZ,292310
11618460,227,116,6270,2011,0.0,28060.0,-0.7153,-0.062678,UGA,KEN,292310
11618461,246,116,6270,2011,2971.0,0.0,0.241792,1.353011,ZAF,KEN,292310
11618462,43,118,6270,2011,4855.0,0.0,1.072299,1.686826,CHN,KHM,292310
11618463,216,118,6270,2011,55864.0,0.0,0.889009,1.503118,THA,KHM,292310
11618464,18,124,6270,2011,21237.0,0.0,1.221703,1.247961,BEL,LBN,292310
11618465,43,124,6270,2011,18368.0,0.0,1.072299,1.686826,CHN,LBN,292310
11618466,162,124,6270,2011,3383.0,0.0,1.1655229999999999,1.410167,NLD,LBN,292310
11618467,43,128,6270,2011,207387.0,0.0,1.072299,1.686826,CHN,LKA,292310
11618468,104,128,6270,2011,41688.0,53986.0,0.18276199999999998,2.398765,IND,LKA,292310
11618469,192,128,6270,2011,42726.0,0.0,1.849116,0.52127,SGP,LKA,292310
11618470,216,128,6270,2011,19724.0,0.0,0.889009,1.503118,THA,LKA,292310
11618471,28,130,6270,2011,0.0,4745.0,0.8786729999999999,0.442097,BLR,LTU,292310
11618472,43,130,6270,2011,37033.0,0.0,1.072299,1.686826,CHN,LTU,292310
11618473,61,130,6270,2011,227836.0,0.0,2.074435,-3.440815,DEU,LTU,292310
11618474,72,130,6270,2011,0.0,2639.0,0.9806790000000001,1.110449,EST,LTU,292310
11618475,74,130,6270,2011,0.0,27516.0,1.7488830000000002,0.890934,FIN,LTU,292310
11618476,102,130,6270,2011,0.0,32491.0,1.486592,0.805642,HUN,LTU,292310
11618477,111,130,6270,2011,87967.0,0.0,1.298751,0.48013599999999995,ITA,LTU,292310
11618478,132,130,6270,2011,0.0,134710.0,0.7320939999999999,1.101321,LVA,LTU,292310
11618479,177,130,6270,2011,6043.0,0.0,1.133641,1.134203,POL,LTU,292310
11618480,18,131,6270,2011,1594.0,0.0,1.221703,1.247961,BEL,LUX,292310
11618481,77,131,6270,2011,7807.0,0.0,1.532054,0.09339299999999999,FRA,LUX,292310
11618482,107,131,6270,2011,0.0,161858.0,-0.915379,-0.973194,IRN,LUX,292310
11618483,162,131,6270,2011,3606.0,0.0,1.1655229999999999,1.410167,NLD,LUX,292310
11618484,61,132,6270,2011,38545.0,0.0,2.074435,-3.440815,DEU,LVA,292310
11618485,130,132,6270,2011,134710.0,0.0,0.747963,0.9759530000000001,LTU,LVA,292310
11618486,162,132,6270,2011,60071.0,0.0,1.1655229999999999,1.410167,NLD,LVA,292310
11618487,43,140,6270,2011,2609.0,0.0,1.072299,1.686826,CHN,MKD,292310
11618488,111,140,6270,2011,3862.0,0.0,1.298751,0.48013599999999995,ITA,MKD,292310
11618489,162,140,6270,2011,6581.0,0.0,1.1655229999999999,1.410167,NLD,MKD,292310
11618490,43,143,6270,2011,7598.0,0.0,1.072299,1.686826,CHN,MMR,292310
11618491,216,143,6270,2011,49019.0,0.0,0.889009,1.503118,THA,MMR,292310
11618492,43,147,6270,2011,10330.0,0.0,1.072299,1.686826,CHN,MOZ,292310
11618493,246,147,6270,2011,8332.0,0.0,0.241792,1.353011,ZAF,MOZ,292310
11618494,18,163,6270,2011,31061.0,0.0,1.221703,1.247961,BEL,NOR,292310
11618495,43,163,6270,2011,22448.0,0.0,1.072299,1.686826,CHN,NOR,292310
11618496,61,163,6270,2011,123538.0,0.0,2.074435,-3.440815,DEU,NOR,292310
11618497,64,163,6270,2011,92170.0,0.0,1.156026,1.2248299999999999,DNK,NOR,292310
11618498,111,163,6270,2011,160240.0,0.0,1.298751,0.48013599999999995,ITA,NOR,292310
11618499,153,163,6270,2011,0.0,1738.0,0.9893290000000001,0.632079,MYS,NOR,292310
11618500,162,163,6270,2011,0.0,58482.0,1.1655229999999999,1.410167,NLD,NOR,292310
11618501,174,163,6270,2011,0.0,1324.0,0.364707,0.322626,PHL,NOR,292310
11618502,192,163,6270,2011,66464.0,0.0,1.849116,0.52127,SGP,NOR,292310
11618503,208,163,6270,2011,7833.0,0.0,1.857146,0.366159,SWE,NOR,292310
11618504,81,167,6270,2011,52212.0,0.0,1.8048220000000001,0.380141,GBR,OMN,292310
11618505,18,186,6270,2011,24091.0,0.0,1.221703,1.247961,BEL,RUS,292310
11618506,28,186,6270,2011,15836.0,111724.0,0.8786729999999999,0.442097,BLR,RUS,292310
11618507,43,186,6270,2011,1702663.0,0.0,1.072299,1.686826,CHN,RUS,292310
11618508,61,186,6270,2011,162032.0,0.0,2.074435,-3.440815,DEU,RUS,292310
11618509,77,186,6270,2011,7247.0,0.0,1.532054,0.09339299999999999,FRA,RUS,292310
11618510,104,186,6270,2011,12022.0,0.0,0.18276199999999998,2.398765,IND,RUS,292310
11618511,111,186,6270,2011,5787108.0,0.0,1.298751,0.48013599999999995,ITA,RUS,292310
11618512,115,186,6270,2011,0.0,76740.0,-0.514687,-0.775671,KAZ,RUS,292310
11618513,185,186,6270,2011,0.0,51459.0,0.722,1.296655,ROU,RUS,292310
11618514,231,186,6270,2011,1693727.0,0.0,1.6884849999999998,-0.474499,USA,RUS,292310
11618515,18,191,6270,2011,7009.0,0.0,1.221703,1.247961,BEL,SEN,292310
11618516,71,191,6270,2011,32495.0,0.0,0.8677290000000001,2.4618450000000003,ESP,SEN,292310
11618517,77,191,6270,2011,21872.0,0.0,1.532054,0.09339299999999999,FRA,SEN,292310
11618518,141,191,6270,2011,0.0,7196.0,-0.6778109999999999,-0.653211,MLI,SEN,292310
11618519,26,201,6270,2011,0.0,1227.0,0.391425,0.6066600000000001,BIH,SRB,292310
11618520,43,201,6270,2011,18789.0,0.0,1.072299,1.686826,CHN,SRB,292310
11618521,102,201,6270,2011,58894.0,2975.0,1.486592,0.805642,HUN,SRB,292310
11618522,121,232,6270,2011,18551.0,0.0,1.731371,0.8306879999999999,KOR,UZB,292310
11618523,14,239,6270,2011,0.0,10271.0,-0.138148,0.002999,AUS,VNM,292310
11618524,18,239,6270,2011,460255.0,0.0,1.221703,1.247961,BEL,VNM,292310
11618525,43,239,6270,2011,544763.0,0.0,1.072299,1.686826,CHN,VNM,292310
11618526,61,239,6270,2011,501806.0,0.0,2.074435,-3.440815,DEU,VNM,292310
11618527,71,239,6270,2011,304976.0,0.0,0.8677290000000001,2.4618450000000003,ESP,VNM,292310
11618528,103,239,6270,2011,9624.0,0.0,-0.234125,1.168384,IDN,VNM,292310
11618529,111,239,6270,2011,1110815.0,15831.0,1.298751,0.48013599999999995,ITA,VNM,292310
11618530,121,239,6270,2011,112820.0,0.0,1.731371,0.8306879999999999,KOR,VNM,292310
11618531,162,239,6270,2011,58446.0,0.0,1.1655229999999999,1.410167,NLD,VNM,292310
11618532,216,239,6270,2011,114585.0,0.0,0.889009,1.503118,THA,VNM,292310
11618533,231,239,6270,2011,66409.0,0.0,1.6884849999999998,-0.474499,USA,VNM,292310
11618534,18,248,6270,2011,11769.0,0.0,1.221703,1.247961,BEL,ZWE,292310
11618535,246,248,6270,2011,94096.0,0.0,0.241792,1.353011,ZAF,ZWE,292310
11618536,247,248,6270,2011,0.0,2197.0,-0.7599,-0.941019,ZMB,ZWE,292310
11618537,159,13,6270,2011,0.0,146055.0,-1.699286,-1.15511,NGA,ATG,292310
11618538,18,19,6270,2011,3449.0,0.0,1.221703,1.247961,BEL,BEN,292310
11618539,43,24,6270,2011,709416.0,0.0,1.072299,1.686826,CHN,BHR,292310
11618540,104,24,6270,2011,90909.0,0.0,0.18276199999999998,2.398765,IND,BHR,292310
11618541,111,24,6270,2011,8157.0,0.0,1.298751,0.48013599999999995,ITA,BHR,292310
11618542,41,31,6270,2011,3005.0,0.0,2.2644029999999997,0.406131,CHE,BOL,292310
11618543,43,31,6270,2011,567137.0,0.0,1.072299,1.686826,CHN,BOL,292310
11618544,71,31,6270,2011,7937.0,0.0,0.8677290000000001,2.4618450000000003,ESP,BOL,292310
11618545,231,31,6270,2011,1862.0,0.0,1.6884849999999998,-0.474499,USA,BOL,292310
11618546,246,37,6270,2011,8198.0,0.0,0.241792,1.353011,ZAF,BWA,292310
11618547,18,44,6270,2011,39694.0,0.0,1.221703,1.247961,BEL,CIV,292310
11618548,43,44,6270,2011,19367.0,0.0,1.072299,1.686826,CHN,CIV,292310
11618549,77,44,6270,2011,49031.0,0.0,1.532054,0.09339299999999999,FRA,CIV,292310
11618550,43,66,6270,2011,10926.0,0.0,1.072299,1.686826,CHN,DZA,292310
11618551,61,66,6270,2011,517075.0,0.0,2.074435,-3.440815,DEU,DZA,292310
11618552,77,66,6270,2011,102689.0,0.0,1.532054,0.09339299999999999,FRA,DZA,292310
11618553,111,66,6270,2011,73938.0,0.0,1.298751,0.48013599999999995,ITA,DZA,292310
11618554,18,73,6270,2011,3084.0,0.0,1.221703,1.247961,BEL,ETH,292310
11618555,231,89,6270,2011,14310.0,0.0,1.6884849999999998,-0.474499,USA,GNQ,292310
11618556,216,109,6270,2011,0.0,2824.0,0.889009,1.503118,THA,ISL,292310
11618557,231,126,6270,2011,35120.0,0.0,1.6884849999999998,-0.474499,USA,LBY,292310
11618558,43,151,6270,2011,98653.0,0.0,1.072299,1.686826,CHN,MUS,292310
11618559,77,151,6270,2011,19659.0,34936.0,1.532054,0.09339299999999999,FRA,MUS,292310
11618560,246,155,6270,2011,2427.0,0.0,0.241792,1.353011,ZAF,NAM,292310
11618561,13,159,6270,2011,146055.0,0.0,0.257238,-0.275891,ATG,NGA,292310
11618562,14,159,6270,2011,2178.0,0.0,-0.138148,0.002999,AUS,NGA,292310
11618563,18,159,6270,2011,256001.0,0.0,1.221703,1.247961,BEL,NGA,292310
11618564,43,159,6270,2011,648406.0,0.0,1.072299,1.686826,CHN,NGA,292310
11618565,81,159,6270,2011,24607.0,0.0,1.8048220000000001,0.380141,GBR,NGA,292310
11618566,104,159,6270,2011,30684.0,0.0,0.18276199999999998,2.398765,IND,NGA,292310
11618567,231,159,6270,2011,17977.0,0.0,1.6884849999999998,-0.474499,USA,NGA,292310
11618568,43,164,6270,2011,2078.0,0.0,1.072299,1.686826,CHN,NPL,292310
11618569,104,164,6270,2011,183556.0,0.0,0.18276199999999998,2.398765,IND,NPL,292310
11618570,14,176,6270,2011,4964.0,0.0,-0.138148,0.002999,AUS,PNG,292310
11618571,192,176,6270,2011,14597.0,0.0,1.849116,0.52127,SGP,PNG,292310
11618572,43,178,6270,2011,7796.0,0.0,1.072299,1.686826,CHN,PRK,292310
11618573,246,209,6270,2011,5246.0,0.0,0.241792,1.353011,ZAF,SWZ,292310
11618574,41,223,6270,2011,21069.0,0.0,2.2644029999999997,0.406131,CHE,TUN,292310
11618575,43,223,6270,2011,27969.0,0.0,1.072299,1.686826,CHN,TUN,292310
11618576,71,223,6270,2011,21171.0,0.0,0.8677290000000001,2.4618450000000003,ESP,TUN,292310
11618577,111,223,6270,2011,32288.0,0.0,1.298751,0.48013599999999995,ITA,TUN,292310
11618578,43,226,6270,2011,7408.0,0.0,1.072299,1.686826,CHN,TZA,292310
11618579,116,227,6270,2011,28060.0,0.0,-0.48319300000000004,0.346927,KEN,UGA,292310
11618580,248,247,6270,2011,2197.0,0.0,-0.858662,-0.8632719999999999,ZWE,ZMB,292310
11618581,18,9,6270,2011,10303.0,0.0,1.221703,1.247961,BEL,ARM,292310
11618582,191,141,6270,2011,7196.0,0.0,-0.624346,-0.308052,SEN,MLI,292310
11618583,43,144,6270,2011,13651.0,0.0,1.072299,1.686826,CHN,MNE,292310
11618584,166,48,6270,2011,1168.0,0.0,0.372732,0.548601,NZL,COK,292310
11618585,250,0,6270,2011,0.0,1129.0,0.475638,-0.160135,ANS,ABW,292310
11618586,39,34,6270,2011,2574.0,0.0,0.754813,1.1967290000000002,CAN,BRN,292310
11618587,153,34,6270,2011,10547.0,0.0,0.9893290000000001,0.632079,MYS,BRN,292310
11618588,166,75,6270,2011,81957.0,0.0,0.372732,0.548601,NZL,FJI,292310
11618589,216,123,6270,2011,29251.0,0.0,0.889009,1.503118,THA,LAO,292310
11618590,43,136,6270,2011,2056.0,0.0,1.072299,1.686826,CHN,MDG,292310
11618591,14,156,6270,2011,1687.0,0.0,-0.138148,0.002999,AUS,NCL,292310
11618592,77,156,6270,2011,3165.0,0.0,1.532054,0.09339299999999999,FRA,NCL,292310
11618593,166,156,6270,2011,1322.0,0.0,0.372732,0.548601,NZL,NCL,292310
11618594,52,160,6270,2011,72333.0,0.0,0.04325,-0.553193,CRI,NIC,292310
11618595,93,160,6270,2011,16938.0,0.0,-0.329497,0.775369,GTM,NIC,292310
11618596,138,160,6270,2011,105794.0,0.0,0.9534600000000001,0.706982,MEX,NIC,292310
11618597,71,5,6270,2011,1239.0,0.0,0.8677290000000001,2.4618450000000003,ESP,AND,292310
11618598,43,7,6280,2011,22114.0,0.0,1.072299,1.686826,CHN,ARE,292620
11618599,64,7,6280,2011,6002.0,0.0,1.156026,1.2248299999999999,DNK,ARE,292620
11618600,104,7,6280,2011,0.0,33194.0,0.18276199999999998,2.398765,IND,ARE,292620
11618601,107,7,6280,2011,0.0,505050.0,-0.915379,-0.973194,IRN,ARE,292620
11618602,42,8,6280,2011,0.0,8183.0,-0.199877,-0.353009,CHL,ARG,292620
11618603,43,8,6280,2011,188390.0,0.0,1.072299,1.686826,CHN,ARG,292620
11618604,61,8,6280,2011,5882.0,0.0,2.074435,-3.440815,DEU,ARG,292620
11618605,246,8,6280,2011,0.0,22899.0,0.241792,1.353011,ZAF,ARG,292620
11618606,18,15,6280,2011,96169.0,0.0,1.221703,1.247961,BEL,AUT,292620
11618607,41,15,6280,2011,0.0,203095.0,2.2644029999999997,0.406131,CHE,AUT,292620
11618608,43,15,6280,2011,43432.0,1974.0,1.072299,1.686826,CHN,AUT,292620
11618609,61,15,6280,2011,3881552.0,31812.0,2.074435,-3.440815,DEU,AUT,292620
11618610,74,15,6280,2011,0.0,4790.0,1.7488830000000002,0.890934,FIN,AUT,292620
11618611,81,15,6280,2011,87687.0,0.0,1.8048220000000001,0.380141,GBR,AUT,292620
11618612,102,15,6280,2011,0.0,1717.0,1.486592,0.805642,HUN,AUT,292620
11618613,104,15,6280,2011,0.0,36289.0,0.18276199999999998,2.398765,IND,AUT,292620
11618614,162,15,6280,2011,51463.0,0.0,1.1655229999999999,1.410167,NLD,AUT,292620
11618615,185,15,6280,2011,0.0,4284.0,0.722,1.296655,ROU,AUT,292620
11618616,207,15,6280,2011,0.0,5616.0,1.642913,0.700222,SVN,AUT,292620
11618617,231,15,6280,2011,458158.0,0.0,1.6884849999999998,-0.474499,USA,AUT,292620
11618618,15,18,6280,2011,0.0,96169.0,1.687634,-0.229095,AUT,BEL,292620
11618619,43,18,6280,2011,1462687.0,0.0,1.072299,1.686826,CHN,BEL,292620
11618620,61,18,6280,2011,235786.0,1679719.0,2.074435,-3.440815,DEU,BEL,292620
11618621,71,18,6280,2011,0.0,14483.0,0.8677290000000001,2.4618450000000003,ESP,BEL,292620
11618622,77,18,6280,2011,41405.0,86023.0,1.532054,0.09339299999999999,FRA,BEL,292620
11618623,104,18,6280,2011,0.0,1685.0,0.18276199999999998,2.398765,IND,BEL,292620
11618624,111,18,6280,2011,0.0,250028.0,1.298751,0.48013599999999995,ITA,BEL,292620
11618625,130,18,6280,2011,0.0,14053.0,0.747963,0.9759530000000001,LTU,BEL,292620
11618626,132,18,6280,2011,0.0,11693.0,0.7320939999999999,1.101321,LVA,BEL,292620
11618627,162,18,6280,2011,80705.0,13068.0,1.1655229999999999,1.410167,NLD,BEL,292620
11618628,192,18,6280,2011,0.0,10080.0,1.849116,0.52127,SGP,BEL,292620
11618629,231,18,6280,2011,43192.0,0.0,1.6884849999999998,-0.474499,USA,BEL,292620
11618630,43,32,6280,2011,4327287.0,0.0,1.072299,1.686826,CHN,BRA,292620
11618631,61,32,6280,2011,10146.0,0.0,2.074435,-3.440815,DEU,BRA,292620
11618632,231,32,6280,2011,81629.0,0.0,1.6884849999999998,-0.474499,USA,BRA,292620
11618633,43,39,6280,2011,46395.0,1910.0,1.072299,1.686826,CHN,CAN,292620
11618634,61,39,6280,2011,997188.0,0.0,2.074435,-3.440815,DEU,CAN,292620
11618635,104,39,6280,2011,6735.0,0.0,0.18276199999999998,2.398765,IND,CAN,292620
11618636,231,39,6280,2011,1726399.0,2495.0,1.6884849999999998,-0.474499,USA,CAN,292620
11618637,15,41,6280,2011,203095.0,0.0,1.687634,-0.229095,AUT,CHE,292620
11618638,43,41,6280,2011,35112.0,4445.0,1.072299,1.686826,CHN,CHE,292620
11618639,61,41,6280,2011,437985.0,2099.0,2.074435,-3.440815,DEU,CHE,292620
11618640,71,41,6280,2011,0.0,3106.0,0.8677290000000001,2.4618450000000003,ESP,CHE,292620
11618641,77,41,6280,2011,8400.0,0.0,1.532054,0.09339299999999999,FRA,CHE,292620
11618642,81,41,6280,2011,4267.0,0.0,1.8048220000000001,0.380141,GBR,CHE,292620
11618643,104,41,6280,2011,0.0,23282.0,0.18276199999999998,2.398765,IND,CHE,292620
11618644,192,41,6280,2011,0.0,4765.0,1.849116,0.52127,SGP,CHE,292620
11618645,231,41,6280,2011,28607.0,0.0,1.6884849999999998,-0.474499,USA,CHE,292620
11618646,8,42,6280,2011,8183.0,0.0,0.240494,0.540376,ARG,CHL,292620
11618647,43,42,6280,2011,7279.0,0.0,1.072299,1.686826,CHN,CHL,292620
11618648,61,42,6280,2011,1741.0,0.0,2.074435,-3.440815,DEU,CHL,292620
11618649,231,42,6280,2011,2965.0,0.0,1.6884849999999998,-0.474499,USA,CHL,292620
11618650,250,42,6280,2011,5398.0,0.0,0.475638,-0.160135,ANS,CHL,292620
11618651,7,43,6280,2011,0.0,22114.0,0.030652,-0.450808,ARE,CHN,292620
11618652,8,43,6280,2011,0.0,188390.0,0.240494,0.540376,ARG,CHN,292620
11618653,14,43,6280,2011,0.0,152466.0,-0.138148,0.002999,AUS,CHN,292620
11618654,15,43,6280,2011,1974.0,43432.0,1.687634,-0.229095,AUT,CHN,292620
11618655,18,43,6280,2011,0.0,1462687.0,1.221703,1.247961,BEL,CHN,292620
11618656,22,43,6280,2011,0.0,234456.0,-1.074416,-0.8276370000000001,BGD,CHN,292620
11618657,28,43,6280,2011,0.0,11994.0,0.8786729999999999,0.442097,BLR,CHN,292620
11618658,32,43,6280,2011,0.0,4327287.0,0.27718400000000004,0.5674319999999999,BRA,CHN,292620
11618659,39,43,6280,2011,1910.0,46395.0,0.754813,1.1967290000000002,CAN,CHN,292620
11618660,41,43,6280,2011,4445.0,35112.0,2.2644029999999997,0.406131,CHE,CHN,292620
11618661,42,43,6280,2011,0.0,7279.0,-0.199877,-0.353009,CHL,CHN,292620
11618662,49,43,6280,2011,0.0,84453.0,0.14336600000000002,-0.22996,COL,CHN,292620
11618663,52,43,6280,2011,0.0,7597.0,0.04325,-0.553193,CRI,CHN,292620
11618664,54,43,6280,2011,0.0,18063.0,-0.050093,-0.88759,CUB,CHN,292620
11618665,59,43,6280,2011,0.0,36428.0,1.737788,0.14741600000000002,CZE,CHN,292620
11618666,61,43,6280,2011,738864.0,2752262.0,2.074435,-3.440815,DEU,CHN,292620
11618667,67,43,6280,2011,0.0,2155.0,-0.8250639999999999,-0.839082,ECU,CHN,292620
11618668,68,43,6280,2011,0.0,364850.0,-0.166243,1.384719,EGY,CHN,292620
11618669,71,43,6280,2011,0.0,295355.0,0.8677290000000001,2.4618450000000003,ESP,CHN,292620
11618670,77,43,6280,2011,0.0,917071.0,1.532054,0.09339299999999999,FRA,CHN,292620
11618671,81,43,6280,2011,13708.0,80625.0,1.8048220000000001,0.380141,GBR,CHN,292620
11618672,90,43,6280,2011,0.0,11369.0,0.138679,1.30044,GRC,CHN,292620
11618673,93,43,6280,2011,0.0,2556.0,-0.329497,0.775369,GTM,CHN,292620
11618674,97,43,6280,2011,5963.0,80186.0,0.663588,1.902118,HKG,CHN,292620
11618675,103,43,6280,2011,0.0,309284.0,-0.234125,1.168384,IDN,CHN,292620
11618676,104,43,6280,2011,0.0,37229944.0,0.18276199999999998,2.398765,IND,CHN,292620
11618677,107,43,6280,2011,0.0,647909.0,-0.915379,-0.973194,IRN,CHN,292620
11618678,110,43,6280,2011,0.0,80299.0,1.324384,0.714611,ISR,CHN,292620
11618679,111,43,6280,2011,0.0,465209.0,1.298751,0.48013599999999995,ITA,CHN,292620
11618680,114,43,6280,2011,220371.0,7480710.0,2.516395,-0.534301,JPN,CHN,292620
11618681,121,43,6280,2011,43647.0,1394727.0,1.731371,0.8306879999999999,KOR,CHN,292620
11618682,132,43,6280,2011,0.0,13412.0,0.7320939999999999,1.101321,LVA,CHN,292620
11618683,138,43,6280,2011,0.0,1041273.0,0.9534600000000001,0.706982,MEX,CHN,292620
11618684,153,43,6280,2011,5049.0,123549.0,0.9893290000000001,0.632079,MYS,CHN,292620
11618685,162,43,6280,2011,0.0,1007632.0,1.1655229999999999,1.410167,NLD,CHN,292620
11618686,163,43,6280,2011,0.0,2708781.0,0.8492770000000001,0.050044,NOR,CHN,292620
11618687,166,43,6280,2011,1708717.0,3491666.0,0.372732,0.548601,NZL,CHN,292620
11618688,168,43,6280,2011,0.0,526106.0,-0.729677,0.6026729999999999,PAK,CHN,292620
11618689,173,43,6280,2011,0.0,217650.0,-0.455977,0.442543,PER,CHN,292620
11618690,174,43,6280,2011,0.0,4696.0,0.364707,0.322626,PHL,CHN,292620
11618691,177,43,6280,2011,0.0,8851.0,1.133641,1.134203,POL,CHN,292620
11618692,178,43,6280,2011,0.0,4266.0,-0.024317,-0.154781,PRK,CHN,292620
11618693,186,43,6280,2011,0.0,737034.0,0.47319399999999995,-0.20801599999999998,RUS,CHN,292620
11618694,190,43,6280,2011,0.0,4168.0,-2.1675869999999997,-1.249272,SDN,CHN,292620
11618695,191,43,6280,2011,0.0,355933.0,-0.624346,-0.308052,SEN,CHN,292620
11618696,192,43,6280,2011,0.0,10898.0,1.849116,0.52127,SGP,CHN,292620
11618697,206,43,6280,2011,0.0,28598.0,1.262897,0.8230569999999999,SVK,CHN,292620
11618698,207,43,6280,2011,0.0,4702.0,1.642913,0.700222,SVN,CHN,292620
11618699,208,43,6280,2011,0.0,52209.0,1.857146,0.366159,SWE,CHN,292620
11618700,216,43,6280,2011,0.0,409501.0,0.889009,1.503118,THA,CHN,292620
11618701,222,43,6280,2011,0.0,11318.0,-0.44228,-1.031793,TTO,CHN,292620
11618702,224,43,6280,2011,0.0,1966267.0,0.45775,2.4316259999999996,TUR,CHN,292620
11618703,228,43,6280,2011,0.0,13345.0,0.6221409999999999,0.765505,UKR,CHN,292620
11618704,230,43,6280,2011,0.0,5926.0,0.313195,0.042866,URY,CHN,292620
11618705,231,43,6280,2011,615113.0,12287162.0,1.6884849999999998,-0.474499,USA,CHN,292620
11618706,236,43,6280,2011,0.0,6897.0,-0.841147,-1.095636,VEN,CHN,292620
11618707,239,43,6280,2011,0.0,285123.0,-0.184453,1.637207,VNM,CHN,292620
11618708,246,43,6280,2011,0.0,8489.0,0.241792,1.353011,ZAF,CHN,292620
11618709,249,43,6280,2011,276820.0,2797762.0,1.803234,0.921233,TWN,CHN,292620
11618710,43,49,6280,2011,84453.0,0.0,1.072299,1.686826,CHN,COL,292620
11618711,43,52,6280,2011,7597.0,0.0,1.072299,1.686826,CHN,CRI,292620
11618712,61,52,6280,2011,1249.0,0.0,2.074435,-3.440815,DEU,CRI,292620
11618713,231,52,6280,2011,3064.0,0.0,1.6884849999999998,-0.474499,USA,CRI,292620
11618714,43,59,6280,2011,36428.0,0.0,1.072299,1.686826,CHN,CZE,292620
11618715,61,59,6280,2011,115595.0,0.0,2.074435,-3.440815,DEU,CZE,292620
11618716,81,59,6280,2011,11851.0,0.0,1.8048220000000001,0.380141,GBR,CZE,292620
11618717,162,59,6280,2011,20690.0,0.0,1.1655229999999999,1.410167,NLD,CZE,292620
11618718,185,59,6280,2011,0.0,81334.0,0.722,1.296655,ROU,CZE,292620
11618719,206,59,6280,2011,14111.0,0.0,1.262897,0.8230569999999999,SVK,CZE,292620
11618720,224,59,6280,2011,0.0,2369.0,0.45775,2.4316259999999996,TUR,CZE,292620
11618721,231,59,6280,2011,2721.0,0.0,1.6884849999999998,-0.474499,USA,CZE,292620
11618722,8,61,6280,2011,0.0,5882.0,0.240494,0.540376,ARG,DEU,292620
11618723,15,61,6280,2011,31812.0,3881552.0,1.687634,-0.229095,AUT,DEU,292620
11618724,18,61,6280,2011,1679719.0,235786.0,1.221703,1.247961,BEL,DEU,292620
11618725,28,61,6280,2011,0.0,207402.0,0.8786729999999999,0.442097,BLR,DEU,292620
11618726,32,61,6280,2011,0.0,10146.0,0.27718400000000004,0.5674319999999999,BRA,DEU,292620
11618727,39,61,6280,2011,0.0,997188.0,0.754813,1.1967290000000002,CAN,DEU,292620
11618728,41,61,6280,2011,2099.0,437985.0,2.2644029999999997,0.406131,CHE,DEU,292620
11618729,42,61,6280,2011,0.0,1741.0,-0.199877,-0.353009,CHL,DEU,292620
11618730,43,61,6280,2011,2752262.0,738864.0,1.072299,1.686826,CHN,DEU,292620
11618731,45,61,6280,2011,0.0,19377.0,-0.7956340000000001,-0.8532790000000001,CMR,DEU,292620
11618732,52,61,6280,2011,0.0,1249.0,0.04325,-0.553193,CRI,DEU,292620
11618733,59,61,6280,2011,0.0,115595.0,1.737788,0.14741600000000002,CZE,DEU,292620
11618734,64,61,6280,2011,0.0,22732.0,1.156026,1.2248299999999999,DNK,DEU,292620
11618735,66,61,6280,2011,0.0,4391.0,-1.36763,-1.140594,DZA,DEU,292620
11618736,71,61,6280,2011,4689.0,5932368.0,0.8677290000000001,2.4618450000000003,ESP,DEU,292620
11618737,74,61,6280,2011,0.0,20661.0,1.7488830000000002,0.890934,FIN,DEU,292620
11618738,77,61,6280,2011,0.0,10169304.0,1.532054,0.09339299999999999,FRA,DEU,292620
11618739,81,61,6280,2011,406387.0,4550101.0,1.8048220000000001,0.380141,GBR,DEU,292620
11618740,90,61,6280,2011,0.0,15087.0,0.138679,1.30044,GRC,DEU,292620
11618741,102,61,6280,2011,0.0,10346.0,1.486592,0.805642,HUN,DEU,292620
11618742,104,61,6280,2011,0.0,1575382.0,0.18276199999999998,2.398765,IND,DEU,292620
11618743,106,61,6280,2011,0.0,17708.0,1.403182,0.290245,IRL,DEU,292620
11618744,107,61,6280,2011,0.0,1205.0,-0.915379,-0.973194,IRN,DEU,292620
11618745,110,61,6280,2011,0.0,2864.0,1.324384,0.714611,ISR,DEU,292620
11618746,111,61,6280,2011,0.0,5704438.0,1.298751,0.48013599999999995,ITA,DEU,292620
11618747,114,61,6280,2011,0.0,2588146.0,2.516395,-0.534301,JPN,DEU,292620
11618748,121,61,6280,2011,0.0,601291.0,1.731371,0.8306879999999999,KOR,DEU,292620
11618749,132,61,6280,2011,0.0,1139.0,0.7320939999999999,1.101321,LVA,DEU,292620
11618750,138,61,6280,2011,0.0,2731.0,0.9534600000000001,0.706982,MEX,DEU,292620
11618751,153,61,6280,2011,0.0,4732.0,0.9893290000000001,0.632079,MYS,DEU,292620
11618752,162,61,6280,2011,1213560.0,71629.0,1.1655229999999999,1.410167,NLD,DEU,292620
11618753,163,61,6280,2011,0.0,749681.0,0.8492770000000001,0.050044,NOR,DEU,292620
11618754,168,61,6280,2011,0.0,2009.0,-0.729677,0.6026729999999999,PAK,DEU,292620
11618755,177,61,6280,2011,0.0,51694.0,1.133641,1.134203,POL,DEU,292620
11618756,179,61,6280,2011,0.0,12457.0,0.558481,2.7056240000000003,PRT,DEU,292620
11618757,186,61,6280,2011,0.0,13977.0,0.47319399999999995,-0.20801599999999998,RUS,DEU,292620
11618758,192,61,6280,2011,0.0,15502.0,1.849116,0.52127,SGP,DEU,292620
11618759,201,61,6280,2011,0.0,983.0,0.49055699999999997,1.5601399999999999,SRB,DEU,292620
11618760,206,61,6280,2011,0.0,53189.0,1.262897,0.8230569999999999,SVK,DEU,292620
11618761,207,61,6280,2011,0.0,94121.0,1.642913,0.700222,SVN,DEU,292620
11618762,208,61,6280,2011,0.0,1071612.0,1.857146,0.366159,SWE,DEU,292620
11618763,216,61,6280,2011,0.0,187259.0,0.889009,1.503118,THA,DEU,292620
11618764,223,61,6280,2011,0.0,4253.0,0.151221,1.1252360000000001,TUN,DEU,292620
11618765,224,61,6280,2011,5619.0,63529.0,0.45775,2.4316259999999996,TUR,DEU,292620
11618766,228,61,6280,2011,0.0,5590.0,0.6221409999999999,0.765505,UKR,DEU,292620
11618767,231,61,6280,2011,18259.0,5573111.0,1.6884849999999998,-0.474499,USA,DEU,292620
11618768,246,61,6280,2011,0.0,5390.0,0.241792,1.353011,ZAF,DEU,292620
11618769,249,61,6280,2011,0.0,1307955.0,1.803234,0.921233,TWN,DEU,292620
11618770,7,64,6280,2011,0.0,6002.0,0.030652,-0.450808,ARE,DNK,292620
11618771,61,64,6280,2011,22732.0,0.0,2.074435,-3.440815,DEU,DNK,292620
11618772,162,64,6280,2011,0.0,975248.0,1.1655229999999999,1.410167,NLD,DNK,292620
11618773,231,65,6280,2011,8303.0,0.0,1.6884849999999998,-0.474499,USA,DOM,292620
11618774,43,67,6280,2011,2155.0,0.0,1.072299,1.686826,CHN,ECU,292620
11618775,18,71,6280,2011,14483.0,0.0,1.221703,1.247961,BEL,ESP,292620
11618776,41,71,6280,2011,3106.0,0.0,2.2644029999999997,0.406131,CHE,ESP,292620
11618777,43,71,6280,2011,295355.0,0.0,1.072299,1.686826,CHN,ESP,292620
11618778,61,71,6280,2011,5932368.0,4689.0,2.074435,-3.440815,DEU,ESP,292620
11618779,77,71,6280,2011,70131.0,0.0,1.532054,0.09339299999999999,FRA,ESP,292620
11618780,81,71,6280,2011,83546.0,0.0,1.8048220000000001,0.380141,GBR,ESP,292620
11618781,111,71,6280,2011,72171.0,70016.0,1.298751,0.48013599999999995,ITA,ESP,292620
11618782,162,71,6280,2011,32942.0,0.0,1.1655229999999999,1.410167,NLD,ESP,292620
11618783,179,71,6280,2011,5787.0,2183.0,0.558481,2.7056240000000003,PRT,ESP,292620
11618784,192,71,6280,2011,0.0,3156.0,1.849116,0.52127,SGP,ESP,292620
11618785,15,74,6280,2011,4790.0,0.0,1.687634,-0.229095,AUT,FIN,292620
11618786,61,74,6280,2011,20661.0,0.0,2.074435,-3.440815,DEU,FIN,292620
11618787,81,74,6280,2011,25674.0,0.0,1.8048220000000001,0.380141,GBR,FIN,292620
11618788,104,74,6280,2011,0.0,33225.0,0.18276199999999998,2.398765,IND,FIN,292620
11618789,114,74,6280,2011,9892.0,8325.0,2.516395,-0.534301,JPN,FIN,292620
11618790,186,74,6280,2011,0.0,1010.0,0.47319399999999995,-0.20801599999999998,RUS,FIN,292620
11618791,208,74,6280,2011,0.0,2266.0,1.857146,0.366159,SWE,FIN,292620
11618792,18,77,6280,2011,86023.0,41405.0,1.221703,1.247961,BEL,FRA,292620
11618793,41,77,6280,2011,0.0,8400.0,2.2644029999999997,0.406131,CHE,FRA,292620
11618794,43,77,6280,2011,917071.0,0.0,1.072299,1.686826,CHN,FRA,292620
11618795,45,77,6280,2011,0.0,22737.0,-0.7956340000000001,-0.8532790000000001,CMR,FRA,292620
11618796,61,77,6280,2011,10169304.0,0.0,2.074435,-3.440815,DEU,FRA,292620
11618797,71,77,6280,2011,0.0,70131.0,0.8677290000000001,2.4618450000000003,ESP,FRA,292620
11618798,81,77,6280,2011,35475.0,0.0,1.8048220000000001,0.380141,GBR,FRA,292620
11618799,104,77,6280,2011,0.0,120383.0,0.18276199999999998,2.398765,IND,FRA,292620
11618800,111,77,6280,2011,33378.0,252334.0,1.298751,0.48013599999999995,ITA,FRA,292620
11618801,114,77,6280,2011,6100.0,37151.0,2.516395,-0.534301,JPN,FRA,292620
11618802,162,77,6280,2011,8443.0,0.0,1.1655229999999999,1.410167,NLD,FRA,292620
11618803,186,77,6280,2011,0.0,38021.0,0.47319399999999995,-0.20801599999999998,RUS,FRA,292620
11618804,191,77,6280,2011,0.0,48083.0,-0.624346,-0.308052,SEN,FRA,292620
11618805,224,77,6280,2011,0.0,6475.0,0.45775,2.4316259999999996,TUR,FRA,292620
11618806,231,77,6280,2011,12926.0,0.0,1.6884849999999998,-0.474499,USA,FRA,292620
11618807,14,81,6280,2011,0.0,1729.0,-0.138148,0.002999,AUS,GBR,292620
11618808,15,81,6280,2011,0.0,87687.0,1.687634,-0.229095,AUT,GBR,292620
11618809,41,81,6280,2011,0.0,4267.0,2.2644029999999997,0.406131,CHE,GBR,292620
11618810,43,81,6280,2011,80625.0,13708.0,1.072299,1.686826,CHN,GBR,292620
11618811,59,81,6280,2011,0.0,11851.0,1.737788,0.14741600000000002,CZE,GBR,292620
11618812,61,81,6280,2011,4550101.0,406387.0,2.074435,-3.440815,DEU,GBR,292620
11618813,71,81,6280,2011,0.0,83546.0,0.8677290000000001,2.4618450000000003,ESP,GBR,292620
11618814,74,81,6280,2011,0.0,25674.0,1.7488830000000002,0.890934,FIN,GBR,292620
11618815,77,81,6280,2011,0.0,35475.0,1.532054,0.09339299999999999,FRA,GBR,292620
11618816,90,81,6280,2011,0.0,4231.0,0.138679,1.30044,GRC,GBR,292620
11618817,97,81,6280,2011,0.0,3540.0,0.663588,1.902118,HKG,GBR,292620
11618818,104,81,6280,2011,0.0,7678.0,0.18276199999999998,2.398765,IND,GBR,292620
11618819,106,81,6280,2011,0.0,2785.0,1.403182,0.290245,IRL,GBR,292620
11618820,111,81,6280,2011,0.0,494304.0,1.298751,0.48013599999999995,ITA,GBR,292620
11618821,121,81,6280,2011,78048.0,216474.0,1.731371,0.8306879999999999,KOR,GBR,292620
11618822,153,81,6280,2011,0.0,48658.0,0.9893290000000001,0.632079,MYS,GBR,292620
11618823,162,81,6280,2011,32016.0,42233.0,1.1655229999999999,1.410167,NLD,GBR,292620
11618824,163,81,6280,2011,69765.0,11435.0,0.8492770000000001,0.050044,NOR,GBR,292620
11618825,177,81,6280,2011,0.0,31138.0,1.133641,1.134203,POL,GBR,292620
11618826,188,81,6280,2011,0.0,1930.0,0.354045,-0.800028,SAU,GBR,292620
11618827,192,81,6280,2011,0.0,1775.0,1.849116,0.52127,SGP,GBR,292620
11618828,231,81,6280,2011,31055.0,11174.0,1.6884849999999998,-0.474499,USA,GBR,292620
11618829,246,81,6280,2011,0.0,8582.0,0.241792,1.353011,ZAF,GBR,292620
11618830,43,90,6280,2011,11369.0,0.0,1.072299,1.686826,CHN,GRC,292620
11618831,61,90,6280,2011,15087.0,0.0,2.074435,-3.440815,DEU,GRC,292620
11618832,81,90,6280,2011,4231.0,0.0,1.8048220000000001,0.380141,GBR,GRC,292620
11618833,43,93,6280,2011,2556.0,0.0,1.072299,1.686826,CHN,GTM,292620
11618834,43,97,6280,2011,80186.0,5963.0,1.072299,1.686826,CHN,HKG,292620
11618835,81,97,6280,2011,3540.0,0.0,1.8048220000000001,0.380141,GBR,HKG,292620
11618836,104,97,6280,2011,0.0,115342.0,0.18276199999999998,2.398765,IND,HKG,292620
11618837,231,97,6280,2011,36821.0,0.0,1.6884849999999998,-0.474499,USA,HKG,292620
11618838,246,97,6280,2011,0.0,7349.0,0.241792,1.353011,ZAF,HKG,292620
11618839,249,97,6280,2011,10470.0,0.0,1.803234,0.921233,TWN,HKG,292620
11618840,43,103,6280,2011,309284.0,0.0,1.072299,1.686826,CHN,IDN,292620
11618841,104,103,6280,2011,1926.0,38196.0,0.18276199999999998,2.398765,IND,IDN,292620
11618842,114,103,6280,2011,95024.0,0.0,2.516395,-0.534301,JPN,IDN,292620
11618843,192,103,6280,2011,1304.0,0.0,1.849116,0.52127,SGP,IDN,292620
11618844,249,103,6280,2011,25746.0,0.0,1.803234,0.921233,TWN,IDN,292620
11618845,7,104,6280,2011,33194.0,0.0,0.030652,-0.450808,ARE,IND,292620
11618846,15,104,6280,2011,36289.0,0.0,1.687634,-0.229095,AUT,IND,292620
11618847,18,104,6280,2011,1685.0,0.0,1.221703,1.247961,BEL,IND,292620
11618848,39,104,6280,2011,0.0,6735.0,0.754813,1.1967290000000002,CAN,IND,292620
11618849,41,104,6280,2011,23282.0,0.0,2.2644029999999997,0.406131,CHE,IND,292620
11618850,43,104,6280,2011,37229944.0,0.0,1.072299,1.686826,CHN,IND,292620
11618851,61,104,6280,2011,1575382.0,0.0,2.074435,-3.440815,DEU,IND,292620
11618852,74,104,6280,2011,33225.0,0.0,1.7488830000000002,0.890934,FIN,IND,292620
11618853,77,104,6280,2011,120383.0,0.0,1.532054,0.09339299999999999,FRA,IND,292620
11618854,81,104,6280,2011,7678.0,0.0,1.8048220000000001,0.380141,GBR,IND,292620
11618855,97,104,6280,2011,115342.0,0.0,0.663588,1.902118,HKG,IND,292620
11618856,103,104,6280,2011,38196.0,1926.0,-0.234125,1.168384,IDN,IND,292620
11618857,110,104,6280,2011,41630.0,0.0,1.324384,0.714611,ISR,IND,292620
11618858,111,104,6280,2011,130578.0,0.0,1.298751,0.48013599999999995,ITA,IND,292620
11618859,114,104,6280,2011,187311.0,0.0,2.516395,-0.534301,JPN,IND,292620
11618860,121,104,6280,2011,147377.0,0.0,1.731371,0.8306879999999999,KOR,IND,292620
11618861,143,104,6280,2011,47831.0,0.0,-1.3557190000000001,-0.929934,MMR,IND,292620
11618862,153,104,6280,2011,0.0,1747506.0,0.9893290000000001,0.632079,MYS,IND,292620
11618863,162,104,6280,2011,134620.0,0.0,1.1655229999999999,1.410167,NLD,IND,292620
11618864,166,104,6280,2011,32198.0,0.0,0.372732,0.548601,NZL,IND,292620
11618865,168,104,6280,2011,44808.0,0.0,-0.729677,0.6026729999999999,PAK,IND,292620
11618866,183,104,6280,2011,48141.0,0.0,-0.45851899999999995,-1.017033,QAT,IND,292620
11618867,188,104,6280,2011,142783.0,0.0,0.354045,-0.800028,SAU,IND,292620
11618868,191,104,6280,2011,0.0,5303.0,-0.624346,-0.308052,SEN,IND,292620
11618869,192,104,6280,2011,94780.0,0.0,1.849116,0.52127,SGP,IND,292620
11618870,208,104,6280,2011,28990.0,0.0,1.857146,0.366159,SWE,IND,292620
11618871,209,104,6280,2011,34453.0,0.0,0.169986,-0.078842,SWZ,IND,292620
11618872,216,104,6280,2011,124247.0,0.0,0.889009,1.503118,THA,IND,292620
11618873,224,104,6280,2011,39800.0,0.0,0.45775,2.4316259999999996,TUR,IND,292620
11618874,231,104,6280,2011,65220.0,10575.0,1.6884849999999998,-0.474499,USA,IND,292620
11618875,239,104,6280,2011,38721.0,0.0,-0.184453,1.637207,VNM,IND,292620
11618876,249,104,6280,2011,114599.0,0.0,1.803234,0.921233,TWN,IND,292620
11618877,250,104,6280,2011,264537.0,0.0,0.475638,-0.160135,ANS,IND,292620
11618878,61,106,6280,2011,17708.0,0.0,2.074435,-3.440815,DEU,IRL,292620
11618879,81,106,6280,2011,2785.0,0.0,1.8048220000000001,0.380141,GBR,IRL,292620
11618880,111,106,6280,2011,0.0,59404.0,1.298751,0.48013599999999995,ITA,IRL,292620
11618881,43,110,6280,2011,80299.0,0.0,1.072299,1.686826,CHN,ISR,292620
11618882,61,110,6280,2011,2864.0,0.0,2.074435,-3.440815,DEU,ISR,292620
11618883,104,110,6280,2011,0.0,41630.0,0.18276199999999998,2.398765,IND,ISR,292620
11618884,231,110,6280,2011,3320.0,0.0,1.6884849999999998,-0.474499,USA,ISR,292620
11618885,18,111,6280,2011,250028.0,0.0,1.221703,1.247961,BEL,ITA,292620
11618886,31,111,6280,2011,0.0,5372.0,-0.818593,-0.8701770000000001,BOL,ITA,292620
11618887,43,111,6280,2011,465209.0,0.0,1.072299,1.686826,CHN,ITA,292620
11618888,61,111,6280,2011,5704438.0,0.0,2.074435,-3.440815,DEU,ITA,292620
11618889,71,111,6280,2011,70016.0,72171.0,0.8677290000000001,2.4618450000000003,ESP,ITA,292620
11618890,77,111,6280,2011,252334.0,33378.0,1.532054,0.09339299999999999,FRA,ITA,292620
11618891,81,111,6280,2011,494304.0,0.0,1.8048220000000001,0.380141,GBR,ITA,292620
11618892,104,111,6280,2011,0.0,130578.0,0.18276199999999998,2.398765,IND,ITA,292620
11618893,106,111,6280,2011,59404.0,0.0,1.403182,0.290245,IRL,ITA,292620
11618894,121,111,6280,2011,11778.0,0.0,1.731371,0.8306879999999999,KOR,ITA,292620
11618895,162,111,6280,2011,35372.0,31081.0,1.1655229999999999,1.410167,NLD,ITA,292620
11618896,177,111,6280,2011,0.0,17061.0,1.133641,1.134203,POL,ITA,292620
11618897,185,111,6280,2011,0.0,2717.0,0.722,1.296655,ROU,ITA,292620
11618898,231,111,6280,2011,22730.0,0.0,1.6884849999999998,-0.474499,USA,ITA,292620
11618899,43,114,6280,2011,7480710.0,220371.0,1.072299,1.686826,CHN,JPN,292620
11618900,61,114,6280,2011,2588146.0,0.0,2.074435,-3.440815,DEU,JPN,292620
11618901,74,114,6280,2011,8325.0,9892.0,1.7488830000000002,0.890934,FIN,JPN,292620
11618902,77,114,6280,2011,37151.0,6100.0,1.532054,0.09339299999999999,FRA,JPN,292620
11618903,103,114,6280,2011,0.0,95024.0,-0.234125,1.168384,IDN,JPN,292620
11618904,104,114,6280,2011,0.0,187311.0,0.18276199999999998,2.398765,IND,JPN,292620
11618905,121,114,6280,2011,0.0,91444.0,1.731371,0.8306879999999999,KOR,JPN,292620
11618906,216,114,6280,2011,0.0,15108.0,0.889009,1.503118,THA,JPN,292620
11618907,231,114,6280,2011,516856.0,0.0,1.6884849999999998,-0.474499,USA,JPN,292620
11618908,249,114,6280,2011,0.0,39080.0,1.803234,0.921233,TWN,JPN,292620
11618909,43,121,6280,2011,1394727.0,43647.0,1.072299,1.686826,CHN,KOR,292620
11618910,61,121,6280,2011,601291.0,0.0,2.074435,-3.440815,DEU,KOR,292620
11618911,81,121,6280,2011,216474.0,78048.0,1.8048220000000001,0.380141,GBR,KOR,292620
11618912,104,121,6280,2011,0.0,147377.0,0.18276199999999998,2.398765,IND,KOR,292620
11618913,107,121,6280,2011,0.0,4619.0,-0.915379,-0.973194,IRN,KOR,292620
11618914,111,121,6280,2011,0.0,11778.0,1.298751,0.48013599999999995,ITA,KOR,292620
11618915,114,121,6280,2011,91444.0,0.0,2.516395,-0.534301,JPN,KOR,292620
11618916,153,121,6280,2011,0.0,4035.0,0.9893290000000001,0.632079,MYS,KOR,292620
11618917,231,121,6280,2011,10082592.0,19578.0,1.6884849999999998,-0.474499,USA,KOR,292620
11618918,239,121,6280,2011,0.0,13271.0,-0.184453,1.637207,VNM,KOR,292620
11618919,231,134,6280,2011,2975.0,0.0,1.6884849999999998,-0.474499,USA,MAR,292620
11618920,43,138,6280,2011,1041273.0,0.0,1.072299,1.686826,CHN,MEX,292620
11618921,61,138,6280,2011,2731.0,0.0,2.074435,-3.440815,DEU,MEX,292620
11618922,231,138,6280,2011,56646.0,0.0,1.6884849999999998,-0.474499,USA,MEX,292620
11618923,43,153,6280,2011,123549.0,5049.0,1.072299,1.686826,CHN,MYS,292620
11618924,61,153,6280,2011,4732.0,0.0,2.074435,-3.440815,DEU,MYS,292620
11618925,81,153,6280,2011,48658.0,0.0,1.8048220000000001,0.380141,GBR,MYS,292620
11618926,104,153,6280,2011,1747506.0,0.0,0.18276199999999998,2.398765,IND,MYS,292620
11618927,121,153,6280,2011,4035.0,0.0,1.731371,0.8306879999999999,KOR,MYS,292620
11618928,192,153,6280,2011,141299.0,0.0,1.849116,0.52127,SGP,MYS,292620
11618929,15,162,6280,2011,0.0,51463.0,1.687634,-0.229095,AUT,NLD,292620
11618930,18,162,6280,2011,13068.0,80705.0,1.221703,1.247961,BEL,NLD,292620
11618931,43,162,6280,2011,1007632.0,0.0,1.072299,1.686826,CHN,NLD,292620
11618932,59,162,6280,2011,0.0,20690.0,1.737788,0.14741600000000002,CZE,NLD,292620
11618933,61,162,6280,2011,71629.0,1213560.0,2.074435,-3.440815,DEU,NLD,292620
11618934,64,162,6280,2011,975248.0,0.0,1.156026,1.2248299999999999,DNK,NLD,292620
11618935,71,162,6280,2011,0.0,32942.0,0.8677290000000001,2.4618450000000003,ESP,NLD,292620
11618936,77,162,6280,2011,0.0,8443.0,1.532054,0.09339299999999999,FRA,NLD,292620
11618937,81,162,6280,2011,42233.0,32016.0,1.8048220000000001,0.380141,GBR,NLD,292620
11618938,104,162,6280,2011,0.0,134620.0,0.18276199999999998,2.398765,IND,NLD,292620
11618939,111,162,6280,2011,31081.0,35372.0,1.298751,0.48013599999999995,ITA,NLD,292620
11618940,113,162,6280,2011,0.0,4809.0,0.231605,0.47049399999999997,JOR,NLD,292620
11618941,163,162,6280,2011,0.0,740139.0,0.8492770000000001,0.050044,NOR,NLD,292620
11618942,177,162,6280,2011,0.0,28708.0,1.133641,1.134203,POL,NLD,292620
11618943,208,162,6280,2011,5769.0,210434.0,1.857146,0.366159,SWE,NLD,292620
11618944,231,162,6280,2011,712842.0,0.0,1.6884849999999998,-0.474499,USA,NLD,292620
11618945,43,166,6280,2011,3491666.0,1708717.0,1.072299,1.686826,CHN,NZL,292620
11618946,104,166,6280,2011,0.0,32198.0,0.18276199999999998,2.398765,IND,NZL,292620
11618947,43,168,6280,2011,526106.0,0.0,1.072299,1.686826,CHN,PAK,292620
11618948,61,168,6280,2011,2009.0,0.0,2.074435,-3.440815,DEU,PAK,292620
11618949,104,168,6280,2011,0.0,44808.0,0.18276199999999998,2.398765,IND,PAK,292620
11618950,231,168,6280,2011,2500.0,0.0,1.6884849999999998,-0.474499,USA,PAK,292620
11618951,249,168,6280,2011,26149.0,0.0,1.803234,0.921233,TWN,PAK,292620
11618952,0,173,6280,2011,0.0,3848.0,-0.282585,-0.71273,ABW,PER,292620
11618953,43,173,6280,2011,217650.0,0.0,1.072299,1.686826,CHN,PER,292620
11618954,43,174,6280,2011,4696.0,0.0,1.072299,1.686826,CHN,PHL,292620
11618955,249,174,6280,2011,2121.0,0.0,1.803234,0.921233,TWN,PHL,292620
11618956,43,177,6280,2011,8851.0,0.0,1.072299,1.686826,CHN,POL,292620
11618957,61,177,6280,2011,51694.0,0.0,2.074435,-3.440815,DEU,POL,292620
11618958,81,177,6280,2011,31138.0,0.0,1.8048220000000001,0.380141,GBR,POL,292620
11618959,111,177,6280,2011,17061.0,0.0,1.298751,0.48013599999999995,ITA,POL,292620
11618960,162,177,6280,2011,28708.0,0.0,1.1655229999999999,1.410167,NLD,POL,292620
11618961,186,177,6280,2011,0.0,17786.0,0.47319399999999995,-0.20801599999999998,RUS,POL,292620
11618962,206,177,6280,2011,23527.0,0.0,1.262897,0.8230569999999999,SVK,POL,292620
11618963,207,177,6280,2011,0.0,4252.0,1.642913,0.700222,SVN,POL,292620
11618964,231,177,6280,2011,2305.0,0.0,1.6884849999999998,-0.474499,USA,POL,292620
11618965,61,179,6280,2011,12457.0,0.0,2.074435,-3.440815,DEU,PRT,292620
11618966,71,179,6280,2011,2183.0,5787.0,0.8677290000000001,2.4618450000000003,ESP,PRT,292620
11618967,104,183,6280,2011,0.0,48141.0,0.18276199999999998,2.398765,IND,QAT,292620
11618968,15,185,6280,2011,4284.0,0.0,1.687634,-0.229095,AUT,ROU,292620
11618969,59,185,6280,2011,81334.0,0.0,1.737788,0.14741600000000002,CZE,ROU,292620
11618970,111,185,6280,2011,2717.0,0.0,1.298751,0.48013599999999995,ITA,ROU,292620
11618971,81,188,6280,2011,1930.0,0.0,1.8048220000000001,0.380141,GBR,SAU,292620
11618972,104,188,6280,2011,0.0,142783.0,0.18276199999999998,2.398765,IND,SAU,292620
11618973,43,190,6280,2011,4168.0,0.0,1.072299,1.686826,CHN,SDN,292620
11618974,18,192,6280,2011,10080.0,0.0,1.221703,1.247961,BEL,SGP,292620
11618975,41,192,6280,2011,4765.0,0.0,2.2644029999999997,0.406131,CHE,SGP,292620
11618976,43,192,6280,2011,10898.0,0.0,1.072299,1.686826,CHN,SGP,292620
11618977,61,192,6280,2011,15502.0,0.0,2.074435,-3.440815,DEU,SGP,292620
11618978,71,192,6280,2011,3156.0,0.0,0.8677290000000001,2.4618450000000003,ESP,SGP,292620
11618979,81,192,6280,2011,1775.0,0.0,1.8048220000000001,0.380141,GBR,SGP,292620
11618980,103,192,6280,2011,0.0,1304.0,-0.234125,1.168384,IDN,SGP,292620
11618981,104,192,6280,2011,0.0,94780.0,0.18276199999999998,2.398765,IND,SGP,292620
11618982,153,192,6280,2011,0.0,141299.0,0.9893290000000001,0.632079,MYS,SGP,292620
11618983,231,192,6280,2011,2489.0,0.0,1.6884849999999998,-0.474499,USA,SGP,292620
11618984,249,192,6280,2011,2051.0,0.0,1.803234,0.921233,TWN,SGP,292620
11618985,43,206,6280,2011,28598.0,0.0,1.072299,1.686826,CHN,SVK,292620
11618986,59,206,6280,2011,0.0,14111.0,1.737788,0.14741600000000002,CZE,SVK,292620
11618987,61,206,6280,2011,53189.0,0.0,2.074435,-3.440815,DEU,SVK,292620
11618988,102,206,6280,2011,0.0,9756.0,1.486592,0.805642,HUN,SVK,292620
11618989,177,206,6280,2011,0.0,23527.0,1.133641,1.134203,POL,SVK,292620
11618990,15,207,6280,2011,5616.0,0.0,1.687634,-0.229095,AUT,SVN,292620
11618991,43,207,6280,2011,4702.0,0.0,1.072299,1.686826,CHN,SVN,292620
11618992,61,207,6280,2011,94121.0,0.0,2.074435,-3.440815,DEU,SVN,292620
11618993,100,207,6280,2011,0.0,10197.0,0.868294,0.9424299999999999,HRV,SVN,292620
11618994,177,207,6280,2011,4252.0,0.0,1.133641,1.134203,POL,SVN,292620
11618995,250,207,6280,2011,3701.0,0.0,0.475638,-0.160135,ANS,SVN,292620
11618996,43,208,6280,2011,52209.0,0.0,1.072299,1.686826,CHN,SWE,292620
11618997,61,208,6280,2011,1071612.0,0.0,2.074435,-3.440815,DEU,SWE,292620
11618998,74,208,6280,2011,2266.0,0.0,1.7488830000000002,0.890934,FIN,SWE,292620
11618999,104,208,6280,2011,0.0,28990.0,0.18276199999999998,2.398765,IND,SWE,292620
11619000,162,208,6280,2011,210434.0,5769.0,1.1655229999999999,1.410167,NLD,SWE,292620
11619001,239,208,6280,2011,251188.0,0.0,-0.184453,1.637207,VNM,SWE,292620
11619002,43,216,6280,2011,409501.0,0.0,1.072299,1.686826,CHN,THA,292620
11619003,61,216,6280,2011,187259.0,0.0,2.074435,-3.440815,DEU,THA,292620
11619004,104,216,6280,2011,0.0,124247.0,0.18276199999999998,2.398765,IND,THA,292620
11619005,114,216,6280,2011,15108.0,0.0,2.516395,-0.534301,JPN,THA,292620
11619006,231,216,6280,2011,37973.0,0.0,1.6884849999999998,-0.474499,USA,THA,292620
11619007,43,222,6280,2011,11318.0,0.0,1.072299,1.686826,CHN,TTO,292620
11619008,43,224,6280,2011,1966267.0,0.0,1.072299,1.686826,CHN,TUR,292620
11619009,59,224,6280,2011,2369.0,0.0,1.737788,0.14741600000000002,CZE,TUR,292620
11619010,61,224,6280,2011,63529.0,5619.0,2.074435,-3.440815,DEU,TUR,292620
11619011,77,224,6280,2011,6475.0,0.0,1.532054,0.09339299999999999,FRA,TUR,292620
11619012,104,224,6280,2011,0.0,39800.0,0.18276199999999998,2.398765,IND,TUR,292620
11619013,231,224,6280,2011,7877568.0,0.0,1.6884849999999998,-0.474499,USA,TUR,292620
11619014,43,228,6280,2011,13345.0,0.0,1.072299,1.686826,CHN,UKR,292620
11619015,61,228,6280,2011,5590.0,0.0,2.074435,-3.440815,DEU,UKR,292620
11619016,43,230,6280,2011,5926.0,0.0,1.072299,1.686826,CHN,URY,292620
11619017,231,230,6280,2011,28824.0,0.0,1.6884849999999998,-0.474499,USA,URY,292620
11619018,14,231,6280,2011,0.0,1491.0,-0.138148,0.002999,AUS,USA,292620
11619019,15,231,6280,2011,0.0,458158.0,1.687634,-0.229095,AUT,USA,292620
11619020,18,231,6280,2011,0.0,43192.0,1.221703,1.247961,BEL,USA,292620
11619021,32,231,6280,2011,0.0,81629.0,0.27718400000000004,0.5674319999999999,BRA,USA,292620
11619022,39,231,6280,2011,2495.0,1726399.0,0.754813,1.1967290000000002,CAN,USA,292620
11619023,41,231,6280,2011,0.0,28607.0,2.2644029999999997,0.406131,CHE,USA,292620
11619024,42,231,6280,2011,0.0,2965.0,-0.199877,-0.353009,CHL,USA,292620
11619025,43,231,6280,2011,12287162.0,615113.0,1.072299,1.686826,CHN,USA,292620
11619026,52,231,6280,2011,0.0,3064.0,0.04325,-0.553193,CRI,USA,292620
11619027,59,231,6280,2011,0.0,2721.0,1.737788,0.14741600000000002,CZE,USA,292620
11619028,61,231,6280,2011,5573111.0,18259.0,2.074435,-3.440815,DEU,USA,292620
11619029,65,231,6280,2011,0.0,8303.0,-0.260653,0.5682010000000001,DOM,USA,292620
11619030,77,231,6280,2011,0.0,12926.0,1.532054,0.09339299999999999,FRA,USA,292620
11619031,81,231,6280,2011,11174.0,31055.0,1.8048220000000001,0.380141,GBR,USA,292620
11619032,97,231,6280,2011,0.0,36821.0,0.663588,1.902118,HKG,USA,292620
11619033,104,231,6280,2011,10575.0,65220.0,0.18276199999999998,2.398765,IND,USA,292620
11619034,110,231,6280,2011,0.0,3320.0,1.324384,0.714611,ISR,USA,292620
11619035,111,231,6280,2011,0.0,22730.0,1.298751,0.48013599999999995,ITA,USA,292620
11619036,114,231,6280,2011,0.0,516856.0,2.516395,-0.534301,JPN,USA,292620
11619037,121,231,6280,2011,19578.0,10082592.0,1.731371,0.8306879999999999,KOR,USA,292620
11619038,134,231,6280,2011,0.0,2975.0,-0.485404,0.099828,MAR,USA,292620
11619039,138,231,6280,2011,0.0,56646.0,0.9534600000000001,0.706982,MEX,USA,292620
11619040,162,231,6280,2011,0.0,712842.0,1.1655229999999999,1.410167,NLD,USA,292620
11619041,168,231,6280,2011,0.0,2500.0,-0.729677,0.6026729999999999,PAK,USA,292620
11619042,177,231,6280,2011,0.0,2305.0,1.133641,1.134203,POL,USA,292620
11619043,192,231,6280,2011,0.0,2489.0,1.849116,0.52127,SGP,USA,292620
11619044,216,231,6280,2011,0.0,37973.0,0.889009,1.503118,THA,USA,292620
11619045,223,231,6280,2011,0.0,2687.0,0.151221,1.1252360000000001,TUN,USA,292620
11619046,224,231,6280,2011,0.0,7877568.0,0.45775,2.4316259999999996,TUR,USA,292620
11619047,230,231,6280,2011,0.0,28824.0,0.313195,0.042866,URY,USA,292620
11619048,236,231,6280,2011,0.0,984.0,-0.841147,-1.095636,VEN,USA,292620
11619049,43,236,6280,2011,6897.0,0.0,1.072299,1.686826,CHN,VEN,292620
11619050,231,236,6280,2011,984.0,0.0,1.6884849999999998,-0.474499,USA,VEN,292620
11619051,8,246,6280,2011,22899.0,0.0,0.240494,0.540376,ARG,ZAF,292620
11619052,43,246,6280,2011,8489.0,0.0,1.072299,1.686826,CHN,ZAF,292620
11619053,46,246,6280,2011,0.0,2238.0,-0.722957,-0.965141,COD,ZAF,292620
11619054,61,246,6280,2011,5390.0,0.0,2.074435,-3.440815,DEU,ZAF,292620
11619055,81,246,6280,2011,8582.0,0.0,1.8048220000000001,0.380141,GBR,ZAF,292620
11619056,97,246,6280,2011,7349.0,0.0,0.663588,1.902118,HKG,ZAF,292620
11619057,43,249,6280,2011,2797762.0,276820.0,1.072299,1.686826,CHN,TWN,292620
11619058,61,249,6280,2011,1307955.0,0.0,2.074435,-3.440815,DEU,TWN,292620
11619059,97,249,6280,2011,0.0,10470.0,0.663588,1.902118,HKG,TWN,292620
11619060,103,249,6280,2011,0.0,25746.0,-0.234125,1.168384,IDN,TWN,292620
11619061,104,249,6280,2011,0.0,114599.0,0.18276199999999998,2.398765,IND,TWN,292620
11619062,107,249,6280,2011,0.0,8498.0,-0.915379,-0.973194,IRN,TWN,292620
11619063,114,249,6280,2011,39080.0,0.0,2.516395,-0.534301,JPN,TWN,292620
11619064,168,249,6280,2011,0.0,26149.0,-0.729677,0.6026729999999999,PAK,TWN,292620
11619065,174,249,6280,2011,0.0,2121.0,0.364707,0.322626,PHL,TWN,292620
11619066,192,249,6280,2011,0.0,2051.0,1.849116,0.52127,SGP,TWN,292620
11619067,42,250,6280,2011,0.0,5398.0,-0.199877,-0.353009,CHL,ANS,292620
11619068,72,250,6280,2011,0.0,5597.0,0.9806790000000001,1.110449,EST,ANS,292620
11619069,104,250,6280,2011,0.0,264537.0,0.18276199999999998,2.398765,IND,ANS,292620
11619070,207,250,6280,2011,0.0,3701.0,1.642913,0.700222,SVN,ANS,292620
11619071,43,14,6280,2011,152466.0,0.0,1.072299,1.686826,CHN,AUS,292620
11619072,81,14,6280,2011,1729.0,0.0,1.8048220000000001,0.380141,GBR,AUS,292620
11619073,231,14,6280,2011,1491.0,0.0,1.6884849999999998,-0.474499,USA,AUS,292620
11619074,43,22,6280,2011,234456.0,0.0,1.072299,1.686826,CHN,BGD,292620
11619075,100,26,6280,2011,4690.0,0.0,0.868294,0.9424299999999999,HRV,BIH,292620
11619076,43,28,6280,2011,11994.0,0.0,1.072299,1.686826,CHN,BLR,292620
11619077,61,28,6280,2011,207402.0,0.0,2.074435,-3.440815,DEU,BLR,292620
11619078,186,28,6280,2011,4587.0,106621.0,0.47319399999999995,-0.20801599999999998,RUS,BLR,292620
11619079,43,68,6280,2011,364850.0,0.0,1.072299,1.686826,CHN,EGY,292620
11619080,163,72,6280,2011,0.0,7569.0,0.8492770000000001,0.050044,NOR,EST,292620
11619081,250,72,6280,2011,5597.0,0.0,0.475638,-0.160135,ANS,EST,292620
11619082,26,100,6280,2011,0.0,4690.0,0.391425,0.6066600000000001,BIH,HRV,292620
11619083,207,100,6280,2011,10197.0,0.0,1.642913,0.700222,SVN,HRV,292620
11619084,15,102,6280,2011,1717.0,0.0,1.687634,-0.229095,AUT,HUN,292620
11619085,61,102,6280,2011,10346.0,0.0,2.074435,-3.440815,DEU,HUN,292620
11619086,206,102,6280,2011,9756.0,0.0,1.262897,0.8230569999999999,SVK,HUN,292620
11619087,7,107,6280,2011,505050.0,0.0,0.030652,-0.450808,ARE,IRN,292620
11619088,43,107,6280,2011,647909.0,0.0,1.072299,1.686826,CHN,IRN,292620
11619089,61,107,6280,2011,1205.0,0.0,2.074435,-3.440815,DEU,IRN,292620
11619090,121,107,6280,2011,4619.0,0.0,1.731371,0.8306879999999999,KOR,IRN,292620
11619091,249,107,6280,2011,8498.0,0.0,1.803234,0.921233,TWN,IRN,292620
11619092,162,113,6280,2011,4809.0,0.0,1.1655229999999999,1.410167,NLD,JOR,292620
11619093,18,130,6280,2011,14053.0,0.0,1.221703,1.247961,BEL,LTU,292620
11619094,18,132,6280,2011,11693.0,0.0,1.221703,1.247961,BEL,LVA,292620
11619095,43,132,6280,2011,13412.0,0.0,1.072299,1.686826,CHN,LVA,292620
11619096,61,132,6280,2011,1139.0,0.0,2.074435,-3.440815,DEU,LVA,292620
11619097,104,143,6280,2011,0.0,47831.0,0.18276199999999998,2.398765,IND,MMR,292620
11619098,43,163,6280,2011,2708781.0,0.0,1.072299,1.686826,CHN,NOR,292620
11619099,61,163,6280,2011,749681.0,0.0,2.074435,-3.440815,DEU,NOR,292620
11619100,72,163,6280,2011,7569.0,0.0,0.9806790000000001,1.110449,EST,NOR,292620
11619101,81,163,6280,2011,11435.0,69765.0,1.8048220000000001,0.380141,GBR,NOR,292620
11619102,162,163,6280,2011,740139.0,0.0,1.1655229999999999,1.410167,NLD,NOR,292620
11619103,28,186,6280,2011,106621.0,4587.0,0.8786729999999999,0.442097,BLR,RUS,292620
11619104,43,186,6280,2011,737034.0,0.0,1.072299,1.686826,CHN,RUS,292620
11619105,61,186,6280,2011,13977.0,0.0,2.074435,-3.440815,DEU,RUS,292620
11619106,74,186,6280,2011,1010.0,0.0,1.7488830000000002,0.890934,FIN,RUS,292620
11619107,77,186,6280,2011,38021.0,0.0,1.532054,0.09339299999999999,FRA,RUS,292620
11619108,177,186,6280,2011,17786.0,0.0,1.133641,1.134203,POL,RUS,292620
11619109,43,191,6280,2011,355933.0,0.0,1.072299,1.686826,CHN,SEN,292620
11619110,77,191,6280,2011,48083.0,0.0,1.532054,0.09339299999999999,FRA,SEN,292620
11619111,104,191,6280,2011,5303.0,0.0,0.18276199999999998,2.398765,IND,SEN,292620
11619112,61,201,6280,2011,983.0,0.0,2.074435,-3.440815,DEU,SRB,292620
11619113,43,239,6280,2011,285123.0,0.0,1.072299,1.686826,CHN,VNM,292620
11619114,104,239,6280,2011,0.0,38721.0,0.18276199999999998,2.398765,IND,VNM,292620
11619115,121,239,6280,2011,13271.0,0.0,1.731371,0.8306879999999999,KOR,VNM,292620
11619116,208,239,6280,2011,0.0,251188.0,1.857146,0.366159,SWE,VNM,292620
11619117,111,31,6280,2011,5372.0,0.0,1.298751,0.48013599999999995,ITA,BOL,292620
11619118,61,45,6280,2011,19377.0,0.0,2.074435,-3.440815,DEU,CMR,292620
11619119,77,45,6280,2011,22737.0,0.0,1.532054,0.09339299999999999,FRA,CMR,292620
11619120,246,46,6280,2011,2238.0,0.0,0.241792,1.353011,ZAF,COD,292620
11619121,43,54,6280,2011,18063.0,0.0,1.072299,1.686826,CHN,CUB,292620
11619122,61,66,6280,2011,4391.0,0.0,2.074435,-3.440815,DEU,DZA,292620
11619123,43,178,6280,2011,4266.0,0.0,1.072299,1.686826,CHN,PRK,292620
11619124,104,209,6280,2011,0.0,34453.0,0.18276199999999998,2.398765,IND,SWZ,292620
11619125,61,223,6280,2011,4253.0,0.0,2.074435,-3.440815,DEU,TUN,292620
11619126,231,223,6280,2011,2687.0,0.0,1.6884849999999998,-0.474499,USA,TUN,292620
11619127,173,0,6280,2011,3848.0,0.0,-0.455977,0.442543,PER,ABW,292620
11619128,43,7,6282,2011,738687.0,0.0,1.072299,1.686826,CHN,ARE,292700
11619129,61,7,6282,2011,12220.0,0.0,2.074435,-3.440815,DEU,ARE,292700
11619130,103,7,6282,2011,316568.0,0.0,-0.234125,1.168384,IDN,ARE,292700
11619131,104,7,6282,2011,17646.0,0.0,0.18276199999999998,2.398765,IND,ARE,292700
11619132,107,7,6282,2011,0.0,409569.0,-0.915379,-0.973194,IRN,ARE,292700
11619133,111,7,6282,2011,130521.0,0.0,1.298751,0.48013599999999995,ITA,ARE,292700
11619134,162,7,6282,2011,0.0,130332.0,1.1655229999999999,1.410167,NLD,ARE,292700
11619135,231,7,6282,2011,25934.0,0.0,1.6884849999999998,-0.474499,USA,ARE,292700
11619136,32,8,6282,2011,112447.0,0.0,0.27718400000000004,0.5674319999999999,BRA,ARG,292700
11619137,42,8,6282,2011,13693.0,0.0,-0.199877,-0.353009,CHL,ARG,292700
11619138,43,8,6282,2011,1168139.0,0.0,1.072299,1.686826,CHN,ARG,292700
11619139,61,8,6282,2011,16077.0,0.0,2.074435,-3.440815,DEU,ARG,292700
11619140,103,8,6282,2011,24805.0,0.0,-0.234125,1.168384,IDN,ARG,292700
11619141,104,8,6282,2011,50663.0,0.0,0.18276199999999998,2.398765,IND,ARG,292700
11619142,111,8,6282,2011,1721.0,0.0,1.298751,0.48013599999999995,ITA,ARG,292700
11619143,121,8,6282,2011,83143.0,0.0,1.731371,0.8306879999999999,KOR,ARG,292700
11619144,131,8,6282,2011,23696.0,0.0,1.1655739999999999,1.222379,LUX,ARG,292700
11619145,180,8,6282,2011,0.0,7537.0,-0.548759,-0.877743,PRY,ARG,292700
11619146,230,8,6282,2011,0.0,4668.0,0.313195,0.042866,URY,ARG,292700
11619147,231,8,6282,2011,97723.0,0.0,1.6884849999999998,-0.474499,USA,ARG,292700
11619148,18,15,6282,2011,204707.0,1219.0,1.221703,1.247961,BEL,AUT,292700
11619149,32,15,6282,2011,0.0,5688.0,0.27718400000000004,0.5674319999999999,BRA,AUT,292700
11619150,41,15,6282,2011,0.0,10651.0,2.2644029999999997,0.406131,CHE,AUT,292700
11619151,43,15,6282,2011,2663.0,0.0,1.072299,1.686826,CHN,AUT,292700
11619152,61,15,6282,2011,203451.0,6749.0,2.074435,-3.440815,DEU,AUT,292700
11619153,77,15,6282,2011,0.0,1152.0,1.532054,0.09339299999999999,FRA,AUT,292700
11619154,81,15,6282,2011,19163.0,1340.0,1.8048220000000001,0.380141,GBR,AUT,292700
11619155,100,15,6282,2011,0.0,4065.0,0.868294,0.9424299999999999,HRV,AUT,292700
11619156,103,15,6282,2011,0.0,5557.0,-0.234125,1.168384,IDN,AUT,292700
11619157,107,15,6282,2011,0.0,902.0,-0.915379,-0.973194,IRN,AUT,292700
11619158,121,15,6282,2011,30687.0,0.0,1.731371,0.8306879999999999,KOR,AUT,292700
11619159,138,15,6282,2011,0.0,1703.0,0.9534600000000001,0.706982,MEX,AUT,292700
11619160,162,15,6282,2011,28660.0,0.0,1.1655229999999999,1.410167,NLD,AUT,292700
11619161,201,15,6282,2011,0.0,1535.0,0.49055699999999997,1.5601399999999999,SRB,AUT,292700
11619162,231,15,6282,2011,40278.0,15127.0,1.6884849999999998,-0.474499,USA,AUT,292700
11619163,14,18,6282,2011,0.0,1223.0,-0.138148,0.002999,AUS,BEL,292700
11619164,15,18,6282,2011,1219.0,204707.0,1.687634,-0.229095,AUT,BEL,292700
11619165,23,18,6282,2011,0.0,42134.0,0.537967,1.520973,BGR,BEL,292700
11619166,41,18,6282,2011,0.0,25238.0,2.2644029999999997,0.406131,CHE,BEL,292700
11619167,43,18,6282,2011,1541652.0,1982.0,1.072299,1.686826,CHN,BEL,292700
11619168,59,18,6282,2011,0.0,89263.0,1.737788,0.14741600000000002,CZE,BEL,292700
11619169,61,18,6282,2011,1507640.0,2721248.0,2.074435,-3.440815,DEU,BEL,292700
11619170,64,18,6282,2011,9986.0,152012.0,1.156026,1.2248299999999999,DNK,BEL,292700
11619171,65,18,6282,2011,0.0,29256.0,-0.260653,0.5682010000000001,DOM,BEL,292700
11619172,68,18,6282,2011,0.0,64588.0,-0.166243,1.384719,EGY,BEL,292700
11619173,71,18,6282,2011,1115666.0,1089336.0,0.8677290000000001,2.4618450000000003,ESP,BEL,292700
11619174,77,18,6282,2011,614576.0,601200.0,1.532054,0.09339299999999999,FRA,BEL,292700
11619175,81,18,6282,2011,20986.0,2240668.0,1.8048220000000001,0.380141,GBR,BEL,292700
11619176,97,18,6282,2011,5423.0,0.0,0.663588,1.902118,HKG,BEL,292700
11619177,102,18,6282,2011,0.0,1548.0,1.486592,0.805642,HUN,BEL,292700
11619178,103,18,6282,2011,1009255.0,0.0,-0.234125,1.168384,IDN,BEL,292700
11619179,104,18,6282,2011,164431.0,1321.0,0.18276199999999998,2.398765,IND,BEL,292700
11619180,106,18,6282,2011,0.0,6339.0,1.403182,0.290245,IRL,BEL,292700
11619181,111,18,6282,2011,113905.0,203118.0,1.298751,0.48013599999999995,ITA,BEL,292700
11619182,114,18,6282,2011,223998.0,4617.0,2.516395,-0.534301,JPN,BEL,292700
11619183,121,18,6282,2011,0.0,202678.0,1.731371,0.8306879999999999,KOR,BEL,292700
11619184,131,18,6282,2011,31165.0,688045.0,1.1655739999999999,1.222379,LUX,BEL,292700
11619185,132,18,6282,2011,483081.0,0.0,0.7320939999999999,1.101321,LVA,BEL,292700
11619186,153,18,6282,2011,0.0,42049.0,0.9893290000000001,0.632079,MYS,BEL,292700
11619187,162,18,6282,2011,2141864.0,138359.0,1.1655229999999999,1.410167,NLD,BEL,292700
11619188,177,18,6282,2011,0.0,107822.0,1.133641,1.134203,POL,BEL,292700
11619189,185,18,6282,2011,0.0,45840.0,0.722,1.296655,ROU,BEL,292700
11619190,186,18,6282,2011,0.0,2139.0,0.47319399999999995,-0.20801599999999998,RUS,BEL,292700
11619191,224,18,6282,2011,0.0,23820.0,0.45775,2.4316259999999996,TUR,BEL,292700
11619192,228,18,6282,2011,6329.0,0.0,0.6221409999999999,0.765505,UKR,BEL,292700
11619193,231,18,6282,2011,3881226.0,3048988.0,1.6884849999999998,-0.474499,USA,BEL,292700
11619194,249,18,6282,2011,0.0,1739.0,1.803234,0.921233,TWN,BEL,292700
11619195,18,23,6282,2011,42134.0,0.0,1.221703,1.247961,BEL,BGR,292700
11619196,43,23,6282,2011,18293.0,0.0,1.072299,1.686826,CHN,BGR,292700
11619197,61,23,6282,2011,10163.0,0.0,2.074435,-3.440815,DEU,BGR,292700
11619198,77,23,6282,2011,40783.0,0.0,1.532054,0.09339299999999999,FRA,BGR,292700
11619199,162,23,6282,2011,21364.0,0.0,1.1655229999999999,1.410167,NLD,BGR,292700
11619200,185,23,6282,2011,26129.0,0.0,0.722,1.296655,ROU,BGR,292700
11619201,8,32,6282,2011,0.0,112447.0,0.240494,0.540376,ARG,BRA,292700
11619202,15,32,6282,2011,5688.0,0.0,1.687634,-0.229095,AUT,BRA,292700
11619203,31,32,6282,2011,0.0,32847.0,-0.818593,-0.8701770000000001,BOL,BRA,292700
11619204,42,32,6282,2011,0.0,8812.0,-0.199877,-0.353009,CHL,BRA,292700
11619205,43,32,6282,2011,8782753.0,18780.0,1.072299,1.686826,CHN,BRA,292700
11619206,61,32,6282,2011,231290.0,0.0,2.074435,-3.440815,DEU,BRA,292700
11619207,71,32,6282,2011,6440.0,0.0,0.8677290000000001,2.4618450000000003,ESP,BRA,292700
11619208,77,32,6282,2011,114450.0,0.0,1.532054,0.09339299999999999,FRA,BRA,292700
11619209,81,32,6282,2011,12328.0,0.0,1.8048220000000001,0.380141,GBR,BRA,292700
11619210,97,32,6282,2011,21523.0,0.0,0.663588,1.902118,HKG,BRA,292700
11619211,103,32,6282,2011,417238.0,0.0,-0.234125,1.168384,IDN,BRA,292700
11619212,104,32,6282,2011,596804.0,0.0,0.18276199999999998,2.398765,IND,BRA,292700
11619213,111,32,6282,2011,109776.0,0.0,1.298751,0.48013599999999995,ITA,BRA,292700
11619214,114,32,6282,2011,35662.0,0.0,2.516395,-0.534301,JPN,BRA,292700
11619215,121,32,6282,2011,64790.0,0.0,1.731371,0.8306879999999999,KOR,BRA,292700
11619216,138,32,6282,2011,64013.0,0.0,0.9534600000000001,0.706982,MEX,BRA,292700
11619217,159,32,6282,2011,0.0,879995.0,-1.699286,-1.15511,NGA,BRA,292700
11619218,173,32,6282,2011,0.0,2875.0,-0.455977,0.442543,PER,BRA,292700
11619219,180,32,6282,2011,0.0,32687.0,-0.548759,-0.877743,PRY,BRA,292700
11619220,216,32,6282,2011,751713.0,0.0,0.889009,1.503118,THA,BRA,292700
11619221,230,32,6282,2011,0.0,30516.0,0.313195,0.042866,URY,BRA,292700
11619222,231,32,6282,2011,873551.0,0.0,1.6884849999999998,-0.474499,USA,BRA,292700
11619223,236,32,6282,2011,0.0,81249.0,-0.841147,-1.095636,VEN,BRA,292700
11619224,39,33,6282,2011,2150.0,0.0,0.754813,1.1967290000000002,CAN,BRB,292700
11619225,33,39,6282,2011,0.0,2150.0,0.445982,0.204672,BRB,CAN,292700
11619226,41,39,6282,2011,39880.0,0.0,2.2644029999999997,0.406131,CHE,CAN,292700
11619227,43,39,6282,2011,136655.0,5348.0,1.072299,1.686826,CHN,CAN,292700
11619228,61,39,6282,2011,11459.0,0.0,2.074435,-3.440815,DEU,CAN,292700
11619229,77,39,6282,2011,447426.0,1116.0,1.532054,0.09339299999999999,FRA,CAN,292700
11619230,81,39,6282,2011,1935.0,0.0,1.8048220000000001,0.380141,GBR,CAN,292700
11619231,103,39,6282,2011,288103.0,0.0,-0.234125,1.168384,IDN,CAN,292700
11619232,104,39,6282,2011,1206412.0,0.0,0.18276199999999998,2.398765,IND,CAN,292700
11619233,114,39,6282,2011,322330.0,12665.0,2.516395,-0.534301,JPN,CAN,292700
11619234,121,39,6282,2011,249116.0,0.0,1.731371,0.8306879999999999,KOR,CAN,292700
11619235,138,39,6282,2011,178435.0,0.0,0.9534600000000001,0.706982,MEX,CAN,292700
11619236,153,39,6282,2011,0.0,18343.0,0.9893290000000001,0.632079,MYS,CAN,292700
11619237,216,39,6282,2011,9999.0,0.0,0.889009,1.503118,THA,CAN,292700
11619238,231,39,6282,2011,2169313.0,1661203.0,1.6884849999999998,-0.474499,USA,CAN,292700
11619239,249,39,6282,2011,0.0,61955.0,1.803234,0.921233,TWN,CAN,292700
11619240,15,41,6282,2011,10651.0,0.0,1.687634,-0.229095,AUT,CHE,292700
11619241,18,41,6282,2011,25238.0,0.0,1.221703,1.247961,BEL,CHE,292700
11619242,39,41,6282,2011,0.0,39880.0,0.754813,1.1967290000000002,CAN,CHE,292700
11619243,43,41,6282,2011,40113.0,136349.0,1.072299,1.686826,CHN,CHE,292700
11619244,59,41,6282,2011,0.0,1318.0,1.737788,0.14741600000000002,CZE,CHE,292700
11619245,61,41,6282,2011,26669184.0,799535.0,2.074435,-3.440815,DEU,CHE,292700
11619246,68,41,6282,2011,0.0,11971.0,-0.166243,1.384719,EGY,CHE,292700
11619247,77,41,6282,2011,130074.0,8418.0,1.532054,0.09339299999999999,FRA,CHE,292700
11619248,81,41,6282,2011,341886.0,1763.0,1.8048220000000001,0.380141,GBR,CHE,292700
11619249,83,41,6282,2011,0.0,13813.0,-0.8627319999999999,-0.608823,GHA,CHE,292700
11619250,99,41,6282,2011,0.0,51106.0,-0.740241,-0.311952,HND,CHE,292700
11619251,103,41,6282,2011,60588.0,0.0,-0.234125,1.168384,IDN,CHE,292700
11619252,104,41,6282,2011,109142.0,3807.0,0.18276199999999998,2.398765,IND,CHE,292700
11619253,106,41,6282,2011,0.0,8226.0,1.403182,0.290245,IRL,CHE,292700
11619254,111,41,6282,2011,103690.0,0.0,1.298751,0.48013599999999995,ITA,CHE,292700
11619255,114,41,6282,2011,18373.0,0.0,2.516395,-0.534301,JPN,CHE,292700
11619256,138,41,6282,2011,14542.0,46457.0,0.9534600000000001,0.706982,MEX,CHE,292700
11619257,162,41,6282,2011,113166.0,0.0,1.1655229999999999,1.410167,NLD,CHE,292700
11619258,177,41,6282,2011,6902.0,1031.0,1.133641,1.134203,POL,CHE,292700
11619259,206,41,6282,2011,4567.0,0.0,1.262897,0.8230569999999999,SVK,CHE,292700
11619260,216,41,6282,2011,0.0,5735.0,0.889009,1.503118,THA,CHE,292700
11619261,228,41,6282,2011,0.0,1176.0,0.6221409999999999,0.765505,UKR,CHE,292700
11619262,231,41,6282,2011,13115.0,2215147.0,1.6884849999999998,-0.474499,USA,CHE,292700
11619263,236,41,6282,2011,0.0,10204.0,-0.841147,-1.095636,VEN,CHE,292700
11619264,8,42,6282,2011,0.0,13693.0,0.240494,0.540376,ARG,CHL,292700
11619265,31,42,6282,2011,0.0,3739.0,-0.818593,-0.8701770000000001,BOL,CHL,292700
11619266,32,42,6282,2011,8812.0,0.0,0.27718400000000004,0.5674319999999999,BRA,CHL,292700
11619267,43,42,6282,2011,206832.0,0.0,1.072299,1.686826,CHN,CHL,292700
11619268,49,42,6282,2011,0.0,19552.0,0.14336600000000002,-0.22996,COL,CHL,292700
11619269,52,42,6282,2011,0.0,3798.0,0.04325,-0.553193,CRI,CHL,292700
11619270,61,42,6282,2011,13099.0,0.0,2.074435,-3.440815,DEU,CHL,292700
11619271,121,42,6282,2011,73115.0,0.0,1.731371,0.8306879999999999,KOR,CHL,292700
11619272,169,42,6282,2011,0.0,8149.0,0.786135,1.061008,PAN,CHL,292700
11619273,180,42,6282,2011,0.0,5388.0,-0.548759,-0.877743,PRY,CHL,292700
11619274,231,42,6282,2011,178502.0,0.0,1.6884849999999998,-0.474499,USA,CHL,292700
11619275,236,42,6282,2011,0.0,2793.0,-0.841147,-1.095636,VEN,CHL,292700
11619276,7,43,6282,2011,0.0,738687.0,0.030652,-0.450808,ARE,CHN,292700
11619277,8,43,6282,2011,0.0,1168139.0,0.240494,0.540376,ARG,CHN,292700
11619278,9,43,6282,2011,0.0,806.0,0.543397,-0.029376999999999997,ARM,CHN,292700
11619279,14,43,6282,2011,0.0,297410.0,-0.138148,0.002999,AUS,CHN,292700
11619280,15,43,6282,2011,0.0,2663.0,1.687634,-0.229095,AUT,CHN,292700
11619281,18,43,6282,2011,1982.0,1541652.0,1.221703,1.247961,BEL,CHN,292700
11619282,22,43,6282,2011,0.0,595000.0,-1.074416,-0.8276370000000001,BGD,CHN,292700
11619283,23,43,6282,2011,0.0,18293.0,0.537967,1.520973,BGR,CHN,292700
11619284,28,43,6282,2011,0.0,118861.0,0.8786729999999999,0.442097,BLR,CHN,292700
11619285,31,43,6282,2011,0.0,9888.0,-0.818593,-0.8701770000000001,BOL,CHN,292700
11619286,32,43,6282,2011,18780.0,8782753.0,0.27718400000000004,0.5674319999999999,BRA,CHN,292700
11619287,39,43,6282,2011,5348.0,136655.0,0.754813,1.1967290000000002,CAN,CHN,292700
11619288,41,43,6282,2011,136349.0,40113.0,2.2644029999999997,0.406131,CHE,CHN,292700
11619289,42,43,6282,2011,0.0,206832.0,-0.199877,-0.353009,CHL,CHN,292700
11619290,44,43,6282,2011,0.0,1194809.0,-1.069474,-0.867439,CIV,CHN,292700
11619291,45,43,6282,2011,0.0,42310.0,-0.7956340000000001,-0.8532790000000001,CMR,CHN,292700
11619292,47,43,6282,2011,0.0,250089.0,-0.979359,-1.084589,COG,CHN,292700
11619293,49,43,6282,2011,0.0,381858.0,0.14336600000000002,-0.22996,COL,CHN,292700
11619294,52,43,6282,2011,0.0,55721.0,0.04325,-0.553193,CRI,CHN,292700
11619295,61,43,6282,2011,49452.0,7780334.0,2.074435,-3.440815,DEU,CHN,292700
11619296,62,43,6282,2011,0.0,145198.0,-0.6224529999999999,-0.7357739999999999,DJI,CHN,292700
11619297,65,43,6282,2011,0.0,58576.0,-0.260653,0.5682010000000001,DOM,CHN,292700
11619298,66,43,6282,2011,0.0,58932.0,-1.36763,-1.140594,DZA,CHN,292700
11619299,67,43,6282,2011,0.0,283894.0,-0.8250639999999999,-0.839082,ECU,CHN,292700
11619300,68,43,6282,2011,0.0,1335478.0,-0.166243,1.384719,EGY,CHN,292700
11619301,71,43,6282,2011,339414.0,543780.0,0.8677290000000001,2.4618450000000003,ESP,CHN,292700
11619302,73,43,6282,2011,0.0,85846.0,-1.258175,-0.920692,ETH,CHN,292700
11619303,74,43,6282,2011,0.0,736181.0,1.7488830000000002,0.890934,FIN,CHN,292700
11619304,77,43,6282,2011,73885.0,1118785.0,1.532054,0.09339299999999999,FRA,CHN,292700
11619305,81,43,6282,2011,117199.0,2213511.0,1.8048220000000001,0.380141,GBR,CHN,292700
11619306,82,43,6282,2011,0.0,999.0,-0.07754,-0.35434699999999997,GEO,CHN,292700
11619307,83,43,6282,2011,0.0,11646.0,-0.8627319999999999,-0.608823,GHA,CHN,292700
11619308,90,43,6282,2011,0.0,85872.0,0.138679,1.30044,GRC,CHN,292700
11619309,93,43,6282,2011,0.0,1858.0,-0.329497,0.775369,GTM,CHN,292700
11619310,97,43,6282,2011,10170444.0,3916048.0,0.663588,1.902118,HKG,CHN,292700
11619311,99,43,6282,2011,0.0,115101.0,-0.740241,-0.311952,HND,CHN,292700
11619312,102,43,6282,2011,0.0,11250.0,1.486592,0.805642,HUN,CHN,292700
11619313,103,43,6282,2011,1735255.0,6805982.0,-0.234125,1.168384,IDN,CHN,292700
11619314,104,43,6282,2011,1330104.0,8069101.0,0.18276199999999998,2.398765,IND,CHN,292700
11619315,107,43,6282,2011,0.0,1675167.0,-0.915379,-0.973194,IRN,CHN,292700
11619316,108,43,6282,2011,0.0,44006.0,-2.175137,-0.726975,IRQ,CHN,292700
11619317,111,43,6282,2011,508936.0,8292388.0,1.298751,0.48013599999999995,ITA,CHN,292700
11619318,114,43,6282,2011,6061442.0,15415048.0,2.516395,-0.534301,JPN,CHN,292700
11619319,116,43,6282,2011,0.0,968147.0,-0.48319300000000004,0.346927,KEN,CHN,292700
11619320,121,43,6282,2011,3231266.0,53069860.0,1.731371,0.8306879999999999,KOR,CHN,292700
11619321,122,43,6282,2011,0.0,62789.0,-0.898582,-1.09893,KWT,CHN,292700
11619322,128,43,6282,2011,0.0,31240.0,-0.559311,0.398905,LKA,CHN,292700
11619323,130,43,6282,2011,0.0,166905.0,0.747963,0.9759530000000001,LTU,CHN,292700
11619324,132,43,6282,2011,0.0,604737.0,0.7320939999999999,1.101321,LVA,CHN,292700
11619325,134,43,6282,2011,0.0,188719.0,-0.485404,0.099828,MAR,CHN,292700
11619326,136,43,6282,2011,0.0,17286.0,-1.040519,-0.404883,MDG,CHN,292700
11619327,138,43,6282,2011,0.0,1238764.0,0.9534600000000001,0.706982,MEX,CHN,292700
11619328,143,43,6282,2011,0.0,136981.0,-1.3557190000000001,-0.929934,MMR,CHN,292700
11619329,147,43,6282,2011,0.0,147781.0,-1.2069299999999998,-0.977785,MOZ,CHN,292700
11619330,152,43,6282,2011,0.0,5339.0,-1.100291,-0.982559,MWI,CHN,292700
11619331,153,43,6282,2011,0.0,2552420.0,0.9893290000000001,0.632079,MYS,CHN,292700
11619332,159,43,6282,2011,0.0,696803.0,-1.699286,-1.15511,NGA,CHN,292700
11619333,162,43,6282,2011,0.0,4541319.0,1.1655229999999999,1.410167,NLD,CHN,292700
11619334,164,43,6282,2011,0.0,35269.0,-0.242299,0.801966,NPL,CHN,292700
11619335,166,43,6282,2011,0.0,207968.0,0.372732,0.548601,NZL,CHN,292700
11619336,168,43,6282,2011,0.0,2816702.0,-0.729677,0.6026729999999999,PAK,CHN,292700
11619337,169,43,6282,2011,0.0,7655.0,0.786135,1.061008,PAN,CHN,292700
11619338,173,43,6282,2011,0.0,202885.0,-0.455977,0.442543,PER,CHN,292700
11619339,174,43,6282,2011,0.0,901562.0,0.364707,0.322626,PHL,CHN,292700
11619340,177,43,6282,2011,0.0,232386.0,1.133641,1.134203,POL,CHN,292700
11619341,178,43,6282,2011,0.0,93918.0,-0.024317,-0.154781,PRK,CHN,292700
11619342,180,43,6282,2011,0.0,46095.0,-0.548759,-0.877743,PRY,CHN,292700
11619343,185,43,6282,2011,0.0,15054.0,0.722,1.296655,ROU,CHN,292700
11619344,186,43,6282,2011,0.0,3832407.0,0.47319399999999995,-0.20801599999999998,RUS,CHN,292700
11619345,187,43,6282,2011,0.0,6007.0,-0.684475,-0.690734,RWA,CHN,292700
11619346,188,43,6282,2011,0.0,325905.0,0.354045,-0.800028,SAU,CHN,292700
11619347,191,43,6282,2011,0.0,176625.0,-0.624346,-0.308052,SEN,CHN,292700
11619348,192,43,6282,2011,2954.0,476253.0,1.849116,0.52127,SGP,CHN,292700
11619349,197,43,6282,2011,0.0,1088.0,-0.09713200000000001,0.20772600000000002,SLV,CHN,292700
11619350,201,43,6282,2011,0.0,36139.0,0.49055699999999997,1.5601399999999999,SRB,CHN,292700
11619351,207,43,6282,2011,0.0,33702.0,1.642913,0.700222,SVN,CHN,292700
11619352,212,43,6282,2011,0.0,116061.0,-0.604133,0.5268970000000001,SYR,CHN,292700
11619353,216,43,6282,2011,0.0,12690419.0,0.889009,1.503118,THA,CHN,292700
11619354,223,43,6282,2011,0.0,43925.0,0.151221,1.1252360000000001,TUN,CHN,292700
11619355,224,43,6282,2011,0.0,5102584.0,0.45775,2.4316259999999996,TUR,CHN,292700
11619356,226,43,6282,2011,0.0,129641.0,-0.751316,0.286505,TZA,CHN,292700
11619357,227,43,6282,2011,0.0,10486.0,-0.7153,-0.062678,UGA,CHN,292700
11619358,228,43,6282,2011,0.0,297760.0,0.6221409999999999,0.765505,UKR,CHN,292700
11619359,230,43,6282,2011,0.0,63821.0,0.313195,0.042866,URY,CHN,292700
11619360,231,43,6282,2011,13692.0,15647333.0,1.6884849999999998,-0.474499,USA,CHN,292700
11619361,232,43,6282,2011,0.0,164271.0,-0.785878,-0.663918,UZB,CHN,292700
11619362,236,43,6282,2011,0.0,367038.0,-0.841147,-1.095636,VEN,CHN,292700
11619363,239,43,6282,2011,0.0,4365252.0,-0.184453,1.637207,VNM,CHN,292700
11619364,243,43,6282,2011,0.0,69613.0,-1.44127,-1.242875,YEM,CHN,292700
11619365,246,43,6282,2011,0.0,14164.0,0.241792,1.353011,ZAF,CHN,292700
11619366,249,43,6282,2011,649821.0,14428057.0,1.803234,0.921233,TWN,CHN,292700
11619367,42,49,6282,2011,19552.0,0.0,-0.199877,-0.353009,CHL,COL,292700
11619368,43,49,6282,2011,381858.0,0.0,1.072299,1.686826,CHN,COL,292700
11619369,52,49,6282,2011,0.0,9460.0,0.04325,-0.553193,CRI,COL,292700
11619370,61,49,6282,2011,212593.0,0.0,2.074435,-3.440815,DEU,COL,292700
11619371,67,49,6282,2011,0.0,13881.0,-0.8250639999999999,-0.839082,ECU,COL,292700
11619372,71,49,6282,2011,2530.0,0.0,0.8677290000000001,2.4618450000000003,ESP,COL,292700
11619373,77,49,6282,2011,8201.0,0.0,1.532054,0.09339299999999999,FRA,COL,292700
11619374,103,49,6282,2011,7992.0,0.0,-0.234125,1.168384,IDN,COL,292700
11619375,104,49,6282,2011,172051.0,0.0,0.18276199999999998,2.398765,IND,COL,292700
11619376,111,49,6282,2011,1478.0,0.0,1.298751,0.48013599999999995,ITA,COL,292700
11619377,121,49,6282,2011,209428.0,0.0,1.731371,0.8306879999999999,KOR,COL,292700
11619378,138,49,6282,2011,16624.0,0.0,0.9534600000000001,0.706982,MEX,COL,292700
11619379,231,49,6282,2011,94798.0,0.0,1.6884849999999998,-0.474499,USA,COL,292700
11619380,236,49,6282,2011,0.0,4055.0,-0.841147,-1.095636,VEN,COL,292700
11619381,249,49,6282,2011,146668.0,0.0,1.803234,0.921233,TWN,COL,292700
11619382,42,52,6282,2011,3798.0,0.0,-0.199877,-0.353009,CHL,CRI,292700
11619383,43,52,6282,2011,55721.0,0.0,1.072299,1.686826,CHN,CRI,292700
11619384,49,52,6282,2011,9460.0,0.0,0.14336600000000002,-0.22996,COL,CRI,292700
11619385,61,52,6282,2011,30668.0,0.0,2.074435,-3.440815,DEU,CRI,292700
11619386,71,52,6282,2011,1089.0,0.0,0.8677290000000001,2.4618450000000003,ESP,CRI,292700
11619387,138,52,6282,2011,12124.0,0.0,0.9534600000000001,0.706982,MEX,CRI,292700
11619388,231,52,6282,2011,12191.0,0.0,1.6884849999999998,-0.474499,USA,CRI,292700
11619389,18,59,6282,2011,89263.0,0.0,1.221703,1.247961,BEL,CZE,292700
11619390,41,59,6282,2011,1318.0,0.0,2.2644029999999997,0.406131,CHE,CZE,292700
11619391,61,59,6282,2011,100174.0,0.0,2.074435,-3.440815,DEU,CZE,292700
11619392,71,59,6282,2011,1069.0,0.0,0.8677290000000001,2.4618450000000003,ESP,CZE,292700
11619393,81,59,6282,2011,2778.0,0.0,1.8048220000000001,0.380141,GBR,CZE,292700
11619394,103,59,6282,2011,14659.0,0.0,-0.234125,1.168384,IDN,CZE,292700
11619395,111,59,6282,2011,37882.0,0.0,1.298751,0.48013599999999995,ITA,CZE,292700
11619396,177,59,6282,2011,2372.0,0.0,1.133641,1.134203,POL,CZE,292700
11619397,206,59,6282,2011,0.0,1033.0,1.262897,0.8230569999999999,SVK,CZE,292700
11619398,231,59,6282,2011,2738.0,0.0,1.6884849999999998,-0.474499,USA,CZE,292700
11619399,2,61,6282,2011,0.0,965.0,-1.252991,-1.132314,AGO,DEU,292700
11619400,7,61,6282,2011,0.0,12220.0,0.030652,-0.450808,ARE,DEU,292700
11619401,8,61,6282,2011,0.0,16077.0,0.240494,0.540376,ARG,DEU,292700
11619402,14,61,6282,2011,0.0,12956.0,-0.138148,0.002999,AUS,DEU,292700
11619403,15,61,6282,2011,6749.0,203451.0,1.687634,-0.229095,AUT,DEU,292700
11619404,18,61,6282,2011,2721248.0,1507640.0,1.221703,1.247961,BEL,DEU,292700
11619405,22,61,6282,2011,0.0,817.0,-1.074416,-0.8276370000000001,BGD,DEU,292700
11619406,23,61,6282,2011,0.0,10163.0,0.537967,1.520973,BGR,DEU,292700
11619407,28,61,6282,2011,0.0,1059.0,0.8786729999999999,0.442097,BLR,DEU,292700
11619408,31,61,6282,2011,0.0,1614.0,-0.818593,-0.8701770000000001,BOL,DEU,292700
11619409,32,61,6282,2011,0.0,231290.0,0.27718400000000004,0.5674319999999999,BRA,DEU,292700
11619410,39,61,6282,2011,0.0,11459.0,0.754813,1.1967290000000002,CAN,DEU,292700
11619411,41,61,6282,2011,799535.0,26669184.0,2.2644029999999997,0.406131,CHE,DEU,292700
11619412,42,61,6282,2011,0.0,13099.0,-0.199877,-0.353009,CHL,DEU,292700
11619413,43,61,6282,2011,7780334.0,49452.0,1.072299,1.686826,CHN,DEU,292700
11619414,49,61,6282,2011,0.0,212593.0,0.14336600000000002,-0.22996,COL,DEU,292700
11619415,52,61,6282,2011,0.0,30668.0,0.04325,-0.553193,CRI,DEU,292700
11619416,54,61,6282,2011,0.0,5039.0,-0.050093,-0.88759,CUB,DEU,292700
11619417,59,61,6282,2011,0.0,100174.0,1.737788,0.14741600000000002,CZE,DEU,292700
11619418,64,61,6282,2011,0.0,10522.0,1.156026,1.2248299999999999,DNK,DEU,292700
11619419,65,61,6282,2011,0.0,8057.0,-0.260653,0.5682010000000001,DOM,DEU,292700
11619420,66,61,6282,2011,0.0,3760.0,-1.36763,-1.140594,DZA,DEU,292700
11619421,67,61,6282,2011,0.0,7232.0,-0.8250639999999999,-0.839082,ECU,DEU,292700
11619422,68,61,6282,2011,0.0,44926.0,-0.166243,1.384719,EGY,DEU,292700
11619423,71,61,6282,2011,93646.0,193917.0,0.8677290000000001,2.4618450000000003,ESP,DEU,292700
11619424,74,61,6282,2011,0.0,193431.0,1.7488830000000002,0.890934,FIN,DEU,292700
11619425,77,61,6282,2011,1183079.0,890984.0,1.532054,0.09339299999999999,FRA,DEU,292700
11619426,81,61,6282,2011,1119998.0,1623351.0,1.8048220000000001,0.380141,GBR,DEU,292700
11619427,90,61,6282,2011,0.0,5976.0,0.138679,1.30044,GRC,DEU,292700
11619428,93,61,6282,2011,0.0,28226.0,-0.329497,0.775369,GTM,DEU,292700
11619429,97,61,6282,2011,0.0,1323.0,0.663588,1.902118,HKG,DEU,292700
11619430,99,61,6282,2011,0.0,15655.0,-0.740241,-0.311952,HND,DEU,292700
11619431,100,61,6282,2011,0.0,3688.0,0.868294,0.9424299999999999,HRV,DEU,292700
11619432,102,61,6282,2011,0.0,58941.0,1.486592,0.805642,HUN,DEU,292700
11619433,103,61,6282,2011,13009056.0,48774.0,-0.234125,1.168384,IDN,DEU,292700
11619434,104,61,6282,2011,1638518.0,44114.0,0.18276199999999998,2.398765,IND,DEU,292700
11619435,106,61,6282,2011,0.0,1255002.0,1.403182,0.290245,IRL,DEU,292700
11619436,107,61,6282,2011,0.0,19307.0,-0.915379,-0.973194,IRN,DEU,292700
11619437,110,61,6282,2011,14284.0,227450.0,1.324384,0.714611,ISR,DEU,292700
11619438,111,61,6282,2011,551786.0,658826.0,1.298751,0.48013599999999995,ITA,DEU,292700
11619439,114,61,6282,2011,910153.0,34627.0,2.516395,-0.534301,JPN,DEU,292700
11619440,115,61,6282,2011,0.0,11698.0,-0.514687,-0.775671,KAZ,DEU,292700
11619441,121,61,6282,2011,383970.0,113150.0,1.731371,0.8306879999999999,KOR,DEU,292700
11619442,122,61,6282,2011,0.0,1581.0,-0.898582,-1.09893,KWT,DEU,292700
11619443,124,61,6282,2011,0.0,1957.0,0.278393,1.2962879999999999,LBN,DEU,292700
11619444,128,61,6282,2011,0.0,895.0,-0.559311,0.398905,LKA,DEU,292700
11619445,130,61,6282,2011,0.0,37406.0,0.747963,0.9759530000000001,LTU,DEU,292700
11619446,131,61,6282,2011,0.0,68450.0,1.1655739999999999,1.222379,LUX,DEU,292700
11619447,132,61,6282,2011,2740913.0,2061.0,0.7320939999999999,1.101321,LVA,DEU,292700
11619448,134,61,6282,2011,0.0,1885.0,-0.485404,0.099828,MAR,DEU,292700
11619449,138,61,6282,2011,39318.0,27431.0,0.9534600000000001,0.706982,MEX,DEU,292700
11619450,153,61,6282,2011,0.0,23557.0,0.9893290000000001,0.632079,MYS,DEU,292700
11619451,159,61,6282,2011,0.0,143487.0,-1.699286,-1.15511,NGA,DEU,292700
11619452,160,61,6282,2011,0.0,4023.0,-0.9592139999999999,-0.796108,NIC,DEU,292700
11619453,162,61,6282,2011,2304254.0,3979398.0,1.1655229999999999,1.410167,NLD,DEU,292700
11619454,163,61,6282,2011,0.0,2375.0,0.8492770000000001,0.050044,NOR,DEU,292700
11619455,166,61,6282,2011,0.0,948.0,0.372732,0.548601,NZL,DEU,292700
11619456,167,61,6282,2011,0.0,1827.0,-0.473703,-0.952491,OMN,DEU,292700
11619457,168,61,6282,2011,0.0,5121.0,-0.729677,0.6026729999999999,PAK,DEU,292700
11619458,173,61,6282,2011,0.0,32242.0,-0.455977,0.442543,PER,DEU,292700
11619459,174,61,6282,2011,0.0,1257.0,0.364707,0.322626,PHL,DEU,292700
11619460,177,61,6282,2011,1787.0,263750.0,1.133641,1.134203,POL,DEU,292700
11619461,179,61,6282,2011,0.0,50107.0,0.558481,2.7056240000000003,PRT,DEU,292700
11619462,180,61,6282,2011,0.0,6807.0,-0.548759,-0.877743,PRY,DEU,292700
11619463,185,61,6282,2011,0.0,29848.0,0.722,1.296655,ROU,DEU,292700
11619464,186,61,6282,2011,0.0,1240001.0,0.47319399999999995,-0.20801599999999998,RUS,DEU,292700
11619465,188,61,6282,2011,0.0,53631.0,0.354045,-0.800028,SAU,DEU,292700
11619466,190,61,6282,2011,0.0,147972.0,-2.1675869999999997,-1.249272,SDN,DEU,292700
11619467,192,61,6282,2011,0.0,23851.0,1.849116,0.52127,SGP,DEU,292700
11619468,197,61,6282,2011,0.0,8491.0,-0.09713200000000001,0.20772600000000002,SLV,DEU,292700
11619469,201,61,6282,2011,0.0,44360.0,0.49055699999999997,1.5601399999999999,SRB,DEU,292700
11619470,206,61,6282,2011,0.0,56594.0,1.262897,0.8230569999999999,SVK,DEU,292700
11619471,207,61,6282,2011,0.0,30362.0,1.642913,0.700222,SVN,DEU,292700
11619472,208,61,6282,2011,0.0,503804.0,1.857146,0.366159,SWE,DEU,292700
11619473,212,61,6282,2011,0.0,1028.0,-0.604133,0.5268970000000001,SYR,DEU,292700
11619474,216,61,6282,2011,0.0,29693.0,0.889009,1.503118,THA,DEU,292700
11619475,223,61,6282,2011,0.0,4710.0,0.151221,1.1252360000000001,TUN,DEU,292700
11619476,224,61,6282,2011,0.0,274246.0,0.45775,2.4316259999999996,TUR,DEU,292700
11619477,226,61,6282,2011,0.0,10996.0,-0.751316,0.286505,TZA,DEU,292700
11619478,228,61,6282,2011,0.0,2251164.0,0.6221409999999999,0.765505,UKR,DEU,292700
11619479,231,61,6282,2011,4731677.0,1381046.0,1.6884849999999998,-0.474499,USA,DEU,292700
11619480,236,61,6282,2011,0.0,746085.0,-0.841147,-1.095636,VEN,DEU,292700
11619481,239,61,6282,2011,0.0,6853.0,-0.184453,1.637207,VNM,DEU,292700
11619482,246,61,6282,2011,0.0,54852.0,0.241792,1.353011,ZAF,DEU,292700
11619483,249,61,6282,2011,28189.0,265512.0,1.803234,0.921233,TWN,DEU,292700
11619484,18,64,6282,2011,152012.0,9986.0,1.221703,1.247961,BEL,DNK,292700
11619485,61,64,6282,2011,10522.0,0.0,2.074435,-3.440815,DEU,DNK,292700
11619486,74,64,6282,2011,0.0,46170.0,1.7488830000000002,0.890934,FIN,DNK,292700
11619487,81,64,6282,2011,44384.0,22696.0,1.8048220000000001,0.380141,GBR,DNK,292700
11619488,83,64,6282,2011,0.0,2466.0,-0.8627319999999999,-0.608823,GHA,DNK,292700
11619489,162,64,6282,2011,2275.0,0.0,1.1655229999999999,1.410167,NLD,DNK,292700
11619490,208,64,6282,2011,0.0,3659.0,1.857146,0.366159,SWE,DNK,292700
11619491,18,65,6282,2011,29256.0,0.0,1.221703,1.247961,BEL,DOM,292700
11619492,43,65,6282,2011,58576.0,0.0,1.072299,1.686826,CHN,DOM,292700
11619493,61,65,6282,2011,8057.0,0.0,2.074435,-3.440815,DEU,DOM,292700
11619494,231,65,6282,2011,32896.0,0.0,1.6884849999999998,-0.474499,USA,DOM,292700
11619495,249,65,6282,2011,24590.0,0.0,1.803234,0.921233,TWN,DOM,292700
11619496,43,67,6282,2011,283894.0,0.0,1.072299,1.686826,CHN,ECU,292700
11619497,49,67,6282,2011,13881.0,0.0,0.14336600000000002,-0.22996,COL,ECU,292700
11619498,61,67,6282,2011,7232.0,0.0,2.074435,-3.440815,DEU,ECU,292700
11619499,138,67,6282,2011,2413.0,0.0,0.9534600000000001,0.706982,MEX,ECU,292700
11619500,231,67,6282,2011,30342.0,0.0,1.6884849999999998,-0.474499,USA,ECU,292700
11619501,18,71,6282,2011,1089336.0,1115666.0,1.221703,1.247961,BEL,ESP,292700
11619502,32,71,6282,2011,0.0,6440.0,0.27718400000000004,0.5674319999999999,BRA,ESP,292700
11619503,43,71,6282,2011,543780.0,339414.0,1.072299,1.686826,CHN,ESP,292700
11619504,49,71,6282,2011,0.0,2530.0,0.14336600000000002,-0.22996,COL,ESP,292700
11619505,52,71,6282,2011,0.0,1089.0,0.04325,-0.553193,CRI,ESP,292700
11619506,54,71,6282,2011,0.0,1938.0,-0.050093,-0.88759,CUB,ESP,292700
11619507,59,71,6282,2011,0.0,1069.0,1.737788,0.14741600000000002,CZE,ESP,292700
11619508,61,71,6282,2011,193917.0,93646.0,2.074435,-3.440815,DEU,ESP,292700
11619509,74,71,6282,2011,0.0,593023.0,1.7488830000000002,0.890934,FIN,ESP,292700
11619510,77,71,6282,2011,90228.0,423048.0,1.532054,0.09339299999999999,FRA,ESP,292700
11619511,81,71,6282,2011,103975.0,3597.0,1.8048220000000001,0.380141,GBR,ESP,292700
11619512,102,71,6282,2011,0.0,159972.0,1.486592,0.805642,HUN,ESP,292700
11619513,103,71,6282,2011,4410090.0,0.0,-0.234125,1.168384,IDN,ESP,292700
11619514,104,71,6282,2011,1587804.0,0.0,0.18276199999999998,2.398765,IND,ESP,292700
11619515,107,71,6282,2011,0.0,1950.0,-0.915379,-0.973194,IRN,ESP,292700
11619516,110,71,6282,2011,0.0,1716111.0,1.324384,0.714611,ISR,ESP,292700
11619517,111,71,6282,2011,46327.0,262917.0,1.298751,0.48013599999999995,ITA,ESP,292700
11619518,114,71,6282,2011,0.0,4902.0,2.516395,-0.534301,JPN,ESP,292700
11619519,121,71,6282,2011,42115.0,0.0,1.731371,0.8306879999999999,KOR,ESP,292700
11619520,131,71,6282,2011,0.0,13297.0,1.1655739999999999,1.222379,LUX,ESP,292700
11619521,162,71,6282,2011,905282.0,233484.0,1.1655229999999999,1.410167,NLD,ESP,292700
11619522,168,71,6282,2011,0.0,1655.0,-0.729677,0.6026729999999999,PAK,ESP,292700
11619523,174,71,6282,2011,0.0,1135.0,0.364707,0.322626,PHL,ESP,292700
11619524,177,71,6282,2011,0.0,290343.0,1.133641,1.134203,POL,ESP,292700
11619525,179,71,6282,2011,0.0,4645.0,0.558481,2.7056240000000003,PRT,ESP,292700
11619526,185,71,6282,2011,0.0,2223.0,0.722,1.296655,ROU,ESP,292700
11619527,186,71,6282,2011,0.0,1803806.0,0.47319399999999995,-0.20801599999999998,RUS,ESP,292700
11619528,228,71,6282,2011,0.0,198095.0,0.6221409999999999,0.765505,UKR,ESP,292700
11619529,231,71,6282,2011,46008.0,0.0,1.6884849999999998,-0.474499,USA,ESP,292700
11619530,236,71,6282,2011,0.0,54453.0,-0.841147,-1.095636,VEN,ESP,292700
11619531,249,71,6282,2011,0.0,1064.0,1.803234,0.921233,TWN,ESP,292700
11619532,43,74,6282,2011,736181.0,0.0,1.072299,1.686826,CHN,FIN,292700
11619533,61,74,6282,2011,193431.0,0.0,2.074435,-3.440815,DEU,FIN,292700
11619534,64,74,6282,2011,46170.0,0.0,1.156026,1.2248299999999999,DNK,FIN,292700
11619535,71,74,6282,2011,593023.0,0.0,0.8677290000000001,2.4618450000000003,ESP,FIN,292700
11619536,72,74,6282,2011,0.0,4203.0,0.9806790000000001,1.110449,EST,FIN,292700
11619537,81,74,6282,2011,45332.0,0.0,1.8048220000000001,0.380141,GBR,FIN,292700
11619538,103,74,6282,2011,383901.0,0.0,-0.234125,1.168384,IDN,FIN,292700
11619539,111,74,6282,2011,7045.0,0.0,1.298751,0.48013599999999995,ITA,FIN,292700
11619540,208,74,6282,2011,1234.0,0.0,1.857146,0.366159,SWE,FIN,292700
11619541,15,77,6282,2011,1152.0,0.0,1.687634,-0.229095,AUT,FRA,292700
11619542,18,77,6282,2011,601200.0,614576.0,1.221703,1.247961,BEL,FRA,292700
11619543,23,77,6282,2011,0.0,40783.0,0.537967,1.520973,BGR,FRA,292700
11619544,32,77,6282,2011,0.0,114450.0,0.27718400000000004,0.5674319999999999,BRA,FRA,292700
11619545,39,77,6282,2011,1116.0,447426.0,0.754813,1.1967290000000002,CAN,FRA,292700
11619546,41,77,6282,2011,8418.0,130074.0,2.2644029999999997,0.406131,CHE,FRA,292700
11619547,43,77,6282,2011,1118785.0,73885.0,1.072299,1.686826,CHN,FRA,292700
11619548,44,77,6282,2011,0.0,991.0,-1.069474,-0.867439,CIV,FRA,292700
11619549,49,77,6282,2011,0.0,8201.0,0.14336600000000002,-0.22996,COL,FRA,292700
11619550,61,77,6282,2011,890984.0,1183079.0,2.074435,-3.440815,DEU,FRA,292700
11619551,66,77,6282,2011,0.0,2534.0,-1.36763,-1.140594,DZA,FRA,292700
11619552,68,77,6282,2011,0.0,29616.0,-0.166243,1.384719,EGY,FRA,292700
11619553,71,77,6282,2011,423048.0,90228.0,0.8677290000000001,2.4618450000000003,ESP,FRA,292700
11619554,73,77,6282,2011,0.0,998.0,-1.258175,-0.920692,ETH,FRA,292700
11619555,81,77,6282,2011,438729.0,376478.0,1.8048220000000001,0.380141,GBR,FRA,292700
11619556,103,77,6282,2011,265487.0,0.0,-0.234125,1.168384,IDN,FRA,292700
11619557,104,77,6282,2011,1372703.0,3614.0,0.18276199999999998,2.398765,IND,FRA,292700
11619558,106,77,6282,2011,0.0,2419.0,1.403182,0.290245,IRL,FRA,292700
11619559,111,77,6282,2011,159889.0,1685899.0,1.298751,0.48013599999999995,ITA,FRA,292700
11619560,114,77,6282,2011,196663.0,0.0,2.516395,-0.534301,JPN,FRA,292700
11619561,121,77,6282,2011,104251.0,89779.0,1.731371,0.8306879999999999,KOR,FRA,292700
11619562,132,77,6282,2011,1761.0,0.0,0.7320939999999999,1.101321,LVA,FRA,292700
11619563,138,77,6282,2011,16235.0,89967.0,0.9534600000000001,0.706982,MEX,FRA,292700
11619564,162,77,6282,2011,225516.0,1058500.0,1.1655229999999999,1.410167,NLD,FRA,292700
11619565,177,77,6282,2011,2154.0,2080.0,1.133641,1.134203,POL,FRA,292700
11619566,179,77,6282,2011,0.0,1801.0,0.558481,2.7056240000000003,PRT,FRA,292700
11619567,185,77,6282,2011,0.0,19454.0,0.722,1.296655,ROU,FRA,292700
11619568,208,77,6282,2011,0.0,850711.0,1.857146,0.366159,SWE,FRA,292700
11619569,223,77,6282,2011,0.0,7899.0,0.151221,1.1252360000000001,TUN,FRA,292700
11619570,224,77,6282,2011,0.0,69998.0,0.45775,2.4316259999999996,TUR,FRA,292700
11619571,231,77,6282,2011,35139.0,2584636.0,1.6884849999999998,-0.474499,USA,FRA,292700
11619572,246,77,6282,2011,0.0,111497.0,0.241792,1.353011,ZAF,FRA,292700
11619573,14,81,6282,2011,0.0,12870.0,-0.138148,0.002999,AUS,GBR,292700
11619574,15,81,6282,2011,1340.0,19163.0,1.687634,-0.229095,AUT,GBR,292700
11619575,18,81,6282,2011,2240668.0,20986.0,1.221703,1.247961,BEL,GBR,292700
11619576,28,81,6282,2011,0.0,2198.0,0.8786729999999999,0.442097,BLR,GBR,292700
11619577,32,81,6282,2011,0.0,12328.0,0.27718400000000004,0.5674319999999999,BRA,GBR,292700
11619578,39,81,6282,2011,0.0,1935.0,0.754813,1.1967290000000002,CAN,GBR,292700
11619579,41,81,6282,2011,1763.0,341886.0,2.2644029999999997,0.406131,CHE,GBR,292700
11619580,43,81,6282,2011,2213511.0,117199.0,1.072299,1.686826,CHN,GBR,292700
11619581,59,81,6282,2011,0.0,2778.0,1.737788,0.14741600000000002,CZE,GBR,292700
11619582,61,81,6282,2011,1623351.0,1119998.0,2.074435,-3.440815,DEU,GBR,292700
11619583,64,81,6282,2011,22696.0,44384.0,1.156026,1.2248299999999999,DNK,GBR,292700
11619584,66,81,6282,2011,0.0,1120.0,-1.36763,-1.140594,DZA,GBR,292700
11619585,68,81,6282,2011,0.0,11328.0,-0.166243,1.384719,EGY,GBR,292700
11619586,71,81,6282,2011,3597.0,103975.0,0.8677290000000001,2.4618450000000003,ESP,GBR,292700
11619587,72,81,6282,2011,0.0,1929.0,0.9806790000000001,1.110449,EST,GBR,292700
11619588,73,81,6282,2011,0.0,1693.0,-1.258175,-0.920692,ETH,GBR,292700
11619589,74,81,6282,2011,0.0,45332.0,1.7488830000000002,0.890934,FIN,GBR,292700
11619590,77,81,6282,2011,376478.0,438729.0,1.532054,0.09339299999999999,FRA,GBR,292700
11619591,97,81,6282,2011,0.0,26257.0,0.663588,1.902118,HKG,GBR,292700
11619592,102,81,6282,2011,0.0,200344.0,1.486592,0.805642,HUN,GBR,292700
11619593,103,81,6282,2011,242015.0,4515.0,-0.234125,1.168384,IDN,GBR,292700
11619594,104,81,6282,2011,1661054.0,30878.0,0.18276199999999998,2.398765,IND,GBR,292700
11619595,106,81,6282,2011,0.0,142828.0,1.403182,0.290245,IRL,GBR,292700
11619596,110,81,6282,2011,0.0,1513.0,1.324384,0.714611,ISR,GBR,292700
11619597,111,81,6282,2011,116371.0,16542.0,1.298751,0.48013599999999995,ITA,GBR,292700
11619598,114,81,6282,2011,123405.0,2738.0,2.516395,-0.534301,JPN,GBR,292700
11619599,121,81,6282,2011,523952.0,51745.0,1.731371,0.8306879999999999,KOR,GBR,292700
11619600,138,81,6282,2011,0.0,7392.0,0.9534600000000001,0.706982,MEX,GBR,292700
11619601,142,81,6282,2011,0.0,1778.0,1.3001340000000001,0.22605799999999998,MLT,GBR,292700
11619602,162,81,6282,2011,391556.0,124933.0,1.1655229999999999,1.410167,NLD,GBR,292700
11619603,163,81,6282,2011,0.0,6713.0,0.8492770000000001,0.050044,NOR,GBR,292700
11619604,177,81,6282,2011,0.0,135334.0,1.133641,1.134203,POL,GBR,292700
11619605,179,81,6282,2011,0.0,1340.0,0.558481,2.7056240000000003,PRT,GBR,292700
11619606,186,81,6282,2011,0.0,14003.0,0.47319399999999995,-0.20801599999999998,RUS,GBR,292700
11619607,188,81,6282,2011,0.0,13193.0,0.354045,-0.800028,SAU,GBR,292700
11619608,192,81,6282,2011,0.0,33936.0,1.849116,0.52127,SGP,GBR,292700
11619609,207,81,6282,2011,0.0,1671.0,1.642913,0.700222,SVN,GBR,292700
11619610,208,81,6282,2011,36485.0,526555.0,1.857146,0.366159,SWE,GBR,292700
11619611,224,81,6282,2011,0.0,32139.0,0.45775,2.4316259999999996,TUR,GBR,292700
11619612,231,81,6282,2011,559835.0,301197.0,1.6884849999999998,-0.474499,USA,GBR,292700
11619613,236,81,6282,2011,0.0,11802.0,-0.841147,-1.095636,VEN,GBR,292700
11619614,249,81,6282,2011,0.0,3604.0,1.803234,0.921233,TWN,GBR,292700
11619615,43,90,6282,2011,85872.0,0.0,1.072299,1.686826,CHN,GRC,292700
11619616,61,90,6282,2011,5976.0,0.0,2.074435,-3.440815,DEU,GRC,292700
11619617,111,90,6282,2011,374278.0,0.0,1.298751,0.48013599999999995,ITA,GRC,292700
11619618,43,93,6282,2011,1858.0,0.0,1.072299,1.686826,CHN,GTM,292700
11619619,61,93,6282,2011,28226.0,0.0,2.074435,-3.440815,DEU,GTM,292700
11619620,111,93,6282,2011,5525.0,0.0,1.298751,0.48013599999999995,ITA,GTM,292700
11619621,138,93,6282,2011,14180.0,0.0,0.9534600000000001,0.706982,MEX,GTM,292700
11619622,231,93,6282,2011,221462.0,0.0,1.6884849999999998,-0.474499,USA,GTM,292700
11619623,18,97,6282,2011,0.0,5423.0,1.221703,1.247961,BEL,HKG,292700
11619624,32,97,6282,2011,0.0,21523.0,0.27718400000000004,0.5674319999999999,BRA,HKG,292700
11619625,43,97,6282,2011,3916048.0,10170444.0,1.072299,1.686826,CHN,HKG,292700
11619626,61,97,6282,2011,1323.0,0.0,2.074435,-3.440815,DEU,HKG,292700
11619627,81,97,6282,2011,26257.0,0.0,1.8048220000000001,0.380141,GBR,HKG,292700
11619628,99,97,6282,2011,0.0,67584.0,-0.740241,-0.311952,HND,HKG,292700
11619629,103,97,6282,2011,444896.0,0.0,-0.234125,1.168384,IDN,HKG,292700
11619630,111,97,6282,2011,81954.0,0.0,1.298751,0.48013599999999995,ITA,HKG,292700
11619631,114,97,6282,2011,4429436.0,152866.0,2.516395,-0.534301,JPN,HKG,292700
11619632,121,97,6282,2011,2698414.0,0.0,1.731371,0.8306879999999999,KOR,HKG,292700
11619633,162,97,6282,2011,0.0,7342.0,1.1655229999999999,1.410167,NLD,HKG,292700
11619634,186,97,6282,2011,0.0,466.0,0.47319399999999995,-0.20801599999999998,RUS,HKG,292700
11619635,192,97,6282,2011,34980.0,0.0,1.849116,0.52127,SGP,HKG,292700
11619636,216,97,6282,2011,1457.0,0.0,0.889009,1.503118,THA,HKG,292700
11619637,231,97,6282,2011,3783.0,37785.0,1.6884849999999998,-0.474499,USA,HKG,292700
11619638,236,97,6282,2011,0.0,33370.0,-0.841147,-1.095636,VEN,HKG,292700
11619639,239,97,6282,2011,0.0,26845.0,-0.184453,1.637207,VNM,HKG,292700
11619640,249,97,6282,2011,2468506.0,0.0,1.803234,0.921233,TWN,HKG,292700
11619641,41,99,6282,2011,51106.0,0.0,2.2644029999999997,0.406131,CHE,HND,292700
11619642,43,99,6282,2011,115101.0,0.0,1.072299,1.686826,CHN,HND,292700
11619643,61,99,6282,2011,15655.0,0.0,2.074435,-3.440815,DEU,HND,292700
11619644,97,99,6282,2011,67584.0,0.0,0.663588,1.902118,HKG,HND,292700
11619645,7,103,6282,2011,0.0,316568.0,0.030652,-0.450808,ARE,IDN,292700
11619646,8,103,6282,2011,0.0,24805.0,0.240494,0.540376,ARG,IDN,292700
11619647,14,103,6282,2011,0.0,499537.0,-0.138148,0.002999,AUS,IDN,292700
11619648,15,103,6282,2011,5557.0,0.0,1.687634,-0.229095,AUT,IDN,292700
11619649,18,103,6282,2011,0.0,1009255.0,1.221703,1.247961,BEL,IDN,292700
11619650,22,103,6282,2011,0.0,72079.0,-1.074416,-0.8276370000000001,BGD,IDN,292700
11619651,32,103,6282,2011,0.0,417238.0,0.27718400000000004,0.5674319999999999,BRA,IDN,292700
11619652,39,103,6282,2011,0.0,288103.0,0.754813,1.1967290000000002,CAN,IDN,292700
11619653,41,103,6282,2011,0.0,60588.0,2.2644029999999997,0.406131,CHE,IDN,292700
11619654,43,103,6282,2011,6805982.0,1735255.0,1.072299,1.686826,CHN,IDN,292700
11619655,49,103,6282,2011,0.0,7992.0,0.14336600000000002,-0.22996,COL,IDN,292700
11619656,59,103,6282,2011,0.0,14659.0,1.737788,0.14741600000000002,CZE,IDN,292700
11619657,61,103,6282,2011,48774.0,13009056.0,2.074435,-3.440815,DEU,IDN,292700
11619658,68,103,6282,2011,0.0,17025.0,-0.166243,1.384719,EGY,IDN,292700
11619659,71,103,6282,2011,0.0,4410090.0,0.8677290000000001,2.4618450000000003,ESP,IDN,292700
11619660,74,103,6282,2011,0.0,383901.0,1.7488830000000002,0.890934,FIN,IDN,292700
11619661,77,103,6282,2011,0.0,265487.0,1.532054,0.09339299999999999,FRA,IDN,292700
11619662,81,103,6282,2011,4515.0,242015.0,1.8048220000000001,0.380141,GBR,IDN,292700
11619663,97,103,6282,2011,0.0,444896.0,0.663588,1.902118,HKG,IDN,292700
11619664,102,103,6282,2011,0.0,854994.0,1.486592,0.805642,HUN,IDN,292700
11619665,104,103,6282,2011,502334.0,352996.0,0.18276199999999998,2.398765,IND,IDN,292700
11619666,110,103,6282,2011,0.0,1727786.0,1.324384,0.714611,ISR,IDN,292700
11619667,111,103,6282,2011,0.0,1887908.0,1.298751,0.48013599999999995,ITA,IDN,292700
11619668,114,103,6282,2011,294652.0,9298086.0,2.516395,-0.534301,JPN,IDN,292700
11619669,121,103,6282,2011,1918435.0,5226476.0,1.731371,0.8306879999999999,KOR,IDN,292700
11619670,132,103,6282,2011,0.0,447068.0,0.7320939999999999,1.101321,LVA,IDN,292700
11619671,138,103,6282,2011,0.0,68608.0,0.9534600000000001,0.706982,MEX,IDN,292700
11619672,153,103,6282,2011,0.0,651111.0,0.9893290000000001,0.632079,MYS,IDN,292700
11619673,159,103,6282,2011,0.0,849705.0,-1.699286,-1.15511,NGA,IDN,292700
11619674,162,103,6282,2011,0.0,3840053.0,1.1655229999999999,1.410167,NLD,IDN,292700
11619675,166,103,6282,2011,0.0,3048.0,0.372732,0.548601,NZL,IDN,292700
11619676,168,103,6282,2011,0.0,271147.0,-0.729677,0.6026729999999999,PAK,IDN,292700
11619677,174,103,6282,2011,0.0,31390.0,0.364707,0.322626,PHL,IDN,292700
11619678,177,103,6282,2011,0.0,192330.0,1.133641,1.134203,POL,IDN,292700
11619679,179,103,6282,2011,0.0,35855.0,0.558481,2.7056240000000003,PRT,IDN,292700
11619680,185,103,6282,2011,0.0,64660.0,0.722,1.296655,ROU,IDN,292700
11619681,186,103,6282,2011,0.0,1116198.0,0.47319399999999995,-0.20801599999999998,RUS,IDN,292700
11619682,192,103,6282,2011,2862.0,6889.0,1.849116,0.52127,SGP,IDN,292700
11619683,201,103,6282,2011,0.0,24409.0,0.49055699999999997,1.5601399999999999,SRB,IDN,292700
11619684,212,103,6282,2011,0.0,190284.0,-0.604133,0.5268970000000001,SYR,IDN,292700
11619685,216,103,6282,2011,1026030.0,1751741.0,0.889009,1.503118,THA,IDN,292700
11619686,223,103,6282,2011,0.0,54929.0,0.151221,1.1252360000000001,TUN,IDN,292700
11619687,224,103,6282,2011,0.0,664134.0,0.45775,2.4316259999999996,TUR,IDN,292700
11619688,228,103,6282,2011,0.0,569384.0,0.6221409999999999,0.765505,UKR,IDN,292700
11619689,231,103,6282,2011,1407.0,6738230.0,1.6884849999999998,-0.474499,USA,IDN,292700
11619690,239,103,6282,2011,0.0,1223654.0,-0.184453,1.637207,VNM,IDN,292700
11619691,246,103,6282,2011,0.0,224190.0,0.241792,1.353011,ZAF,IDN,292700
11619692,249,103,6282,2011,14191.0,1366103.0,1.803234,0.921233,TWN,IDN,292700
11619693,7,104,6282,2011,0.0,17646.0,0.030652,-0.450808,ARE,IND,292700
11619694,8,104,6282,2011,0.0,50663.0,0.240494,0.540376,ARG,IND,292700
11619695,14,104,6282,2011,98950.0,2422.0,-0.138148,0.002999,AUS,IND,292700
11619696,18,104,6282,2011,1321.0,164431.0,1.221703,1.247961,BEL,IND,292700
11619697,22,104,6282,2011,0.0,350007.0,-1.074416,-0.8276370000000001,BGD,IND,292700
11619698,28,104,6282,2011,0.0,11752.0,0.8786729999999999,0.442097,BLR,IND,292700
11619699,32,104,6282,2011,0.0,596804.0,0.27718400000000004,0.5674319999999999,BRA,IND,292700
11619700,39,104,6282,2011,0.0,1206412.0,0.754813,1.1967290000000002,CAN,IND,292700
11619701,41,104,6282,2011,3807.0,109142.0,2.2644029999999997,0.406131,CHE,IND,292700
11619702,43,104,6282,2011,8069101.0,1330104.0,1.072299,1.686826,CHN,IND,292700
11619703,49,104,6282,2011,0.0,172051.0,0.14336600000000002,-0.22996,COL,IND,292700
11619704,61,104,6282,2011,44114.0,1638518.0,2.074435,-3.440815,DEU,IND,292700
11619705,66,104,6282,2011,0.0,159145.0,-1.36763,-1.140594,DZA,IND,292700
11619706,68,104,6282,2011,0.0,39000.0,-0.166243,1.384719,EGY,IND,292700
11619707,71,104,6282,2011,0.0,1587804.0,0.8677290000000001,2.4618450000000003,ESP,IND,292700
11619708,73,104,6282,2011,0.0,32834.0,-1.258175,-0.920692,ETH,IND,292700
11619709,77,104,6282,2011,3614.0,1372703.0,1.532054,0.09339299999999999,FRA,IND,292700
11619710,81,104,6282,2011,30878.0,1661054.0,1.8048220000000001,0.380141,GBR,IND,292700
11619711,103,104,6282,2011,352996.0,502334.0,-0.234125,1.168384,IDN,IND,292700
11619712,107,104,6282,2011,0.0,3324.0,-0.915379,-0.973194,IRN,IND,292700
11619713,110,104,6282,2011,0.0,5953.0,1.324384,0.714611,ISR,IND,292700
11619714,111,104,6282,2011,8016.0,297527.0,1.298751,0.48013599999999995,ITA,IND,292700
11619715,113,104,6282,2011,0.0,3347.0,0.231605,0.47049399999999997,JOR,IND,292700
11619716,114,104,6282,2011,217596.0,601462.0,2.516395,-0.534301,JPN,IND,292700
11619717,115,104,6282,2011,0.0,1604.0,-0.514687,-0.775671,KAZ,IND,292700
11619718,121,104,6282,2011,1444360.0,85214.0,1.731371,0.8306879999999999,KOR,IND,292700
11619719,128,104,6282,2011,0.0,23275.0,-0.559311,0.398905,LKA,IND,292700
11619720,136,104,6282,2011,54791.0,0.0,-1.040519,-0.404883,MDG,IND,292700
11619721,138,104,6282,2011,0.0,128010.0,0.9534600000000001,0.706982,MEX,IND,292700
11619722,143,104,6282,2011,0.0,141834.0,-1.3557190000000001,-0.929934,MMR,IND,292700
11619723,147,104,6282,2011,0.0,2486.0,-1.2069299999999998,-0.977785,MOZ,IND,292700
11619724,153,104,6282,2011,43823.0,31472.0,0.9893290000000001,0.632079,MYS,IND,292700
11619725,162,104,6282,2011,0.0,949993.0,1.1655229999999999,1.410167,NLD,IND,292700
11619726,164,104,6282,2011,0.0,14076.0,-0.242299,0.801966,NPL,IND,292700
11619727,167,104,6282,2011,0.0,1515.0,-0.473703,-0.952491,OMN,IND,292700
11619728,168,104,6282,2011,0.0,66875.0,-0.729677,0.6026729999999999,PAK,IND,292700
11619729,173,104,6282,2011,0.0,3851.0,-0.455977,0.442543,PER,IND,292700
11619730,174,104,6282,2011,0.0,107422.0,0.364707,0.322626,PHL,IND,292700
11619731,180,104,6282,2011,0.0,10424.0,-0.548759,-0.877743,PRY,IND,292700
11619732,186,104,6282,2011,0.0,21586.0,0.47319399999999995,-0.20801599999999998,RUS,IND,292700
11619733,188,104,6282,2011,157694.0,0.0,0.354045,-0.800028,SAU,IND,292700
11619734,192,104,6282,2011,16434.0,0.0,1.849116,0.52127,SGP,IND,292700
11619735,207,104,6282,2011,30744.0,783953.0,1.642913,0.700222,SVN,IND,292700
11619736,216,104,6282,2011,43324.0,183212.0,0.889009,1.503118,THA,IND,292700
11619737,224,104,6282,2011,0.0,69728.0,0.45775,2.4316259999999996,TUR,IND,292700
11619738,228,104,6282,2011,0.0,14385.0,0.6221409999999999,0.765505,UKR,IND,292700
11619739,230,104,6282,2011,0.0,6258.0,0.313195,0.042866,URY,IND,292700
11619740,231,104,6282,2011,54104.0,1380166.0,1.6884849999999998,-0.474499,USA,IND,292700
11619741,232,104,6282,2011,42298.0,12489.0,-0.785878,-0.663918,UZB,IND,292700
11619742,236,104,6282,2011,0.0,30419.0,-0.841147,-1.095636,VEN,IND,292700
11619743,239,104,6282,2011,0.0,14746.0,-0.184453,1.637207,VNM,IND,292700
11619744,246,104,6282,2011,0.0,43625.0,0.241792,1.353011,ZAF,IND,292700
11619745,249,104,6282,2011,186918.0,188842.0,1.803234,0.921233,TWN,IND,292700
11619746,250,104,6282,2011,8634.0,0.0,0.475638,-0.160135,ANS,IND,292700
11619747,18,106,6282,2011,6339.0,0.0,1.221703,1.247961,BEL,IRL,292700
11619748,41,106,6282,2011,8226.0,0.0,2.2644029999999997,0.406131,CHE,IRL,292700
11619749,61,106,6282,2011,1255002.0,0.0,2.074435,-3.440815,DEU,IRL,292700
11619750,77,106,6282,2011,2419.0,0.0,1.532054,0.09339299999999999,FRA,IRL,292700
11619751,81,106,6282,2011,142828.0,0.0,1.8048220000000001,0.380141,GBR,IRL,292700
11619752,138,106,6282,2011,10459.0,0.0,0.9534600000000001,0.706982,MEX,IRL,292700
11619753,162,106,6282,2011,16855.0,0.0,1.1655229999999999,1.410167,NLD,IRL,292700
11619754,231,106,6282,2011,50305.0,12457855.0,1.6884849999999998,-0.474499,USA,IRL,292700
11619755,61,110,6282,2011,227450.0,14284.0,2.074435,-3.440815,DEU,ISR,292700
11619756,71,110,6282,2011,1716111.0,0.0,0.8677290000000001,2.4618450000000003,ESP,ISR,292700
11619757,81,110,6282,2011,1513.0,0.0,1.8048220000000001,0.380141,GBR,ISR,292700
11619758,103,110,6282,2011,1727786.0,0.0,-0.234125,1.168384,IDN,ISR,292700
11619759,104,110,6282,2011,5953.0,0.0,0.18276199999999998,2.398765,IND,ISR,292700
11619760,114,110,6282,2011,70083.0,0.0,2.516395,-0.534301,JPN,ISR,292700
11619761,121,110,6282,2011,184359.0,0.0,1.731371,0.8306879999999999,KOR,ISR,292700
11619762,162,110,6282,2011,592503.0,7370.0,1.1655229999999999,1.410167,NLD,ISR,292700
11619763,177,110,6282,2011,973.0,0.0,1.133641,1.134203,POL,ISR,292700
11619764,216,110,6282,2011,7823.0,0.0,0.889009,1.503118,THA,ISR,292700
11619765,231,110,6282,2011,2975.0,11116.0,1.6884849999999998,-0.474499,USA,ISR,292700
11619766,7,111,6282,2011,0.0,130521.0,0.030652,-0.450808,ARE,ITA,292700
11619767,8,111,6282,2011,0.0,1721.0,0.240494,0.540376,ARG,ITA,292700
11619768,14,111,6282,2011,0.0,2134.0,-0.138148,0.002999,AUS,ITA,292700
11619769,18,111,6282,2011,203118.0,113905.0,1.221703,1.247961,BEL,ITA,292700
11619770,32,111,6282,2011,0.0,109776.0,0.27718400000000004,0.5674319999999999,BRA,ITA,292700
11619771,41,111,6282,2011,0.0,103690.0,2.2644029999999997,0.406131,CHE,ITA,292700
11619772,43,111,6282,2011,8292388.0,508936.0,1.072299,1.686826,CHN,ITA,292700
11619773,44,111,6282,2011,0.0,1290.0,-1.069474,-0.867439,CIV,ITA,292700
11619774,49,111,6282,2011,0.0,1478.0,0.14336600000000002,-0.22996,COL,ITA,292700
11619775,59,111,6282,2011,0.0,37882.0,1.737788,0.14741600000000002,CZE,ITA,292700
11619776,61,111,6282,2011,658826.0,551786.0,2.074435,-3.440815,DEU,ITA,292700
11619777,71,111,6282,2011,262917.0,46327.0,0.8677290000000001,2.4618450000000003,ESP,ITA,292700
11619778,74,111,6282,2011,0.0,7045.0,1.7488830000000002,0.890934,FIN,ITA,292700
11619779,77,111,6282,2011,1685899.0,159889.0,1.532054,0.09339299999999999,FRA,ITA,292700
11619780,81,111,6282,2011,16542.0,116371.0,1.8048220000000001,0.380141,GBR,ITA,292700
11619781,89,111,6282,2011,0.0,13920.0,-1.634315,-0.7567729999999999,GNQ,ITA,292700
11619782,90,111,6282,2011,0.0,374278.0,0.138679,1.30044,GRC,ITA,292700
11619783,93,111,6282,2011,0.0,5525.0,-0.329497,0.775369,GTM,ITA,292700
11619784,97,111,6282,2011,0.0,81954.0,0.663588,1.902118,HKG,ITA,292700
11619785,102,111,6282,2011,0.0,150976.0,1.486592,0.805642,HUN,ITA,292700
11619786,103,111,6282,2011,1887908.0,0.0,-0.234125,1.168384,IDN,ITA,292700
11619787,104,111,6282,2011,297527.0,8016.0,0.18276199999999998,2.398765,IND,ITA,292700
11619788,107,111,6282,2011,0.0,29225.0,-0.915379,-0.973194,IRN,ITA,292700
11619789,114,111,6282,2011,258242.0,24529.0,2.516395,-0.534301,JPN,ITA,292700
11619790,121,111,6282,2011,127587.0,40286.0,1.731371,0.8306879999999999,KOR,ITA,292700
11619791,132,111,6282,2011,1626780.0,11662.0,0.7320939999999999,1.101321,LVA,ITA,292700
11619792,134,111,6282,2011,0.0,172344.0,-0.485404,0.099828,MAR,ITA,292700
11619793,142,111,6282,2011,0.0,37439.0,1.3001340000000001,0.22605799999999998,MLT,ITA,292700
11619794,162,111,6282,2011,129479.0,206442.0,1.1655229999999999,1.410167,NLD,ITA,292700
11619795,166,111,6282,2011,0.0,1576.0,0.372732,0.548601,NZL,ITA,292700
11619796,177,111,6282,2011,0.0,191938.0,1.133641,1.134203,POL,ITA,292700
11619797,179,111,6282,2011,0.0,74407.0,0.558481,2.7056240000000003,PRT,ITA,292700
11619798,185,111,6282,2011,0.0,49978.0,0.722,1.296655,ROU,ITA,292700
11619799,186,111,6282,2011,0.0,14177.0,0.47319399999999995,-0.20801599999999998,RUS,ITA,292700
11619800,192,111,6282,2011,0.0,35933.0,1.849116,0.52127,SGP,ITA,292700
11619801,201,111,6282,2011,0.0,27112.0,0.49055699999999997,1.5601399999999999,SRB,ITA,292700
11619802,207,111,6282,2011,0.0,185303.0,1.642913,0.700222,SVN,ITA,292700
11619803,212,111,6282,2011,0.0,34940.0,-0.604133,0.5268970000000001,SYR,ITA,292700
11619804,216,111,6282,2011,0.0,1416.0,0.889009,1.503118,THA,ITA,292700
11619805,223,111,6282,2011,0.0,15992.0,0.151221,1.1252360000000001,TUN,ITA,292700
11619806,224,111,6282,2011,4655.0,28483.0,0.45775,2.4316259999999996,TUR,ITA,292700
11619807,228,111,6282,2011,0.0,288563.0,0.6221409999999999,0.765505,UKR,ITA,292700
11619808,231,111,6282,2011,1356661.0,717098.0,1.6884849999999998,-0.474499,USA,ITA,292700
11619809,249,111,6282,2011,7124.0,9343.0,1.803234,0.921233,TWN,ITA,292700
11619810,14,114,6282,2011,0.0,141370.0,-0.138148,0.002999,AUS,JPN,292700
11619811,18,114,6282,2011,4617.0,223998.0,1.221703,1.247961,BEL,JPN,292700
11619812,32,114,6282,2011,0.0,35662.0,0.27718400000000004,0.5674319999999999,BRA,JPN,292700
11619813,39,114,6282,2011,12665.0,322330.0,0.754813,1.1967290000000002,CAN,JPN,292700
11619814,41,114,6282,2011,0.0,18373.0,2.2644029999999997,0.406131,CHE,JPN,292700
11619815,43,114,6282,2011,15415048.0,6061442.0,1.072299,1.686826,CHN,JPN,292700
11619816,61,114,6282,2011,34627.0,910153.0,2.074435,-3.440815,DEU,JPN,292700
11619817,71,114,6282,2011,4902.0,0.0,0.8677290000000001,2.4618450000000003,ESP,JPN,292700
11619818,77,114,6282,2011,0.0,196663.0,1.532054,0.09339299999999999,FRA,JPN,292700
11619819,81,114,6282,2011,2738.0,123405.0,1.8048220000000001,0.380141,GBR,JPN,292700
11619820,97,114,6282,2011,152866.0,4429436.0,0.663588,1.902118,HKG,JPN,292700
11619821,103,114,6282,2011,9298086.0,294652.0,-0.234125,1.168384,IDN,JPN,292700
11619822,104,114,6282,2011,601462.0,217596.0,0.18276199999999998,2.398765,IND,JPN,292700
11619823,110,114,6282,2011,0.0,70083.0,1.324384,0.714611,ISR,JPN,292700
11619824,111,114,6282,2011,24529.0,258242.0,1.298751,0.48013599999999995,ITA,JPN,292700
11619825,121,114,6282,2011,7192116.0,4787750.0,1.731371,0.8306879999999999,KOR,JPN,292700
11619826,128,114,6282,2011,0.0,18478.0,-0.559311,0.398905,LKA,JPN,292700
11619827,138,114,6282,2011,0.0,1650.0,0.9534600000000001,0.706982,MEX,JPN,292700
11619828,153,114,6282,2011,0.0,83061.0,0.9893290000000001,0.632079,MYS,JPN,292700
11619829,162,114,6282,2011,0.0,2629645.0,1.1655229999999999,1.410167,NLD,JPN,292700
11619830,168,114,6282,2011,0.0,967.0,-0.729677,0.6026729999999999,PAK,JPN,292700
11619831,174,114,6282,2011,0.0,13619.0,0.364707,0.322626,PHL,JPN,292700
11619832,188,114,6282,2011,0.0,85559.0,0.354045,-0.800028,SAU,JPN,292700
11619833,192,114,6282,2011,0.0,326263.0,1.849116,0.52127,SGP,JPN,292700
11619834,207,114,6282,2011,0.0,4004.0,1.642913,0.700222,SVN,JPN,292700
11619835,216,114,6282,2011,0.0,1416426.0,0.889009,1.503118,THA,JPN,292700
11619836,224,114,6282,2011,0.0,3633.0,0.45775,2.4316259999999996,TUR,JPN,292700
11619837,231,114,6282,2011,260719.0,13756899.0,1.6884849999999998,-0.474499,USA,JPN,292700
11619838,246,114,6282,2011,0.0,598978.0,0.241792,1.353011,ZAF,JPN,292700
11619839,249,114,6282,2011,142317.0,6068323.0,1.803234,0.921233,TWN,JPN,292700
11619840,1,121,6282,2011,0.0,31845.0,-0.8426809999999999,-0.640418,AFG,KOR,292700
11619841,8,121,6282,2011,0.0,83143.0,0.240494,0.540376,ARG,KOR,292700
11619842,14,121,6282,2011,0.0,91783.0,-0.138148,0.002999,AUS,KOR,292700
11619843,15,121,6282,2011,0.0,30687.0,1.687634,-0.229095,AUT,KOR,292700
11619844,18,121,6282,2011,202678.0,0.0,1.221703,1.247961,BEL,KOR,292700
11619845,22,121,6282,2011,0.0,147361.0,-1.074416,-0.8276370000000001,BGD,KOR,292700
11619846,32,121,6282,2011,0.0,64790.0,0.27718400000000004,0.5674319999999999,BRA,KOR,292700
11619847,39,121,6282,2011,0.0,249116.0,0.754813,1.1967290000000002,CAN,KOR,292700
11619848,42,121,6282,2011,0.0,73115.0,-0.199877,-0.353009,CHL,KOR,292700
11619849,43,121,6282,2011,53069860.0,3231266.0,1.072299,1.686826,CHN,KOR,292700
11619850,44,121,6282,2011,0.0,52247.0,-1.069474,-0.867439,CIV,KOR,292700
11619851,49,121,6282,2011,0.0,209428.0,0.14336600000000002,-0.22996,COL,KOR,292700
11619852,61,121,6282,2011,113150.0,383970.0,2.074435,-3.440815,DEU,KOR,292700
11619853,66,121,6282,2011,0.0,39247.0,-1.36763,-1.140594,DZA,KOR,292700
11619854,68,121,6282,2011,0.0,36973.0,-0.166243,1.384719,EGY,KOR,292700
11619855,71,121,6282,2011,0.0,42115.0,0.8677290000000001,2.4618450000000003,ESP,KOR,292700
11619856,77,121,6282,2011,89779.0,104251.0,1.532054,0.09339299999999999,FRA,KOR,292700
11619857,81,121,6282,2011,51745.0,523952.0,1.8048220000000001,0.380141,GBR,KOR,292700
11619858,97,121,6282,2011,0.0,2698414.0,0.663588,1.902118,HKG,KOR,292700
11619859,103,121,6282,2011,5226476.0,1918435.0,-0.234125,1.168384,IDN,KOR,292700
11619860,104,121,6282,2011,85214.0,1444360.0,0.18276199999999998,2.398765,IND,KOR,292700
11619861,107,121,6282,2011,0.0,1017436.0,-0.915379,-0.973194,IRN,KOR,292700
11619862,110,121,6282,2011,0.0,184359.0,1.324384,0.714611,ISR,KOR,292700
11619863,111,121,6282,2011,40286.0,127587.0,1.298751,0.48013599999999995,ITA,KOR,292700
11619864,114,121,6282,2011,4787750.0,7192116.0,2.516395,-0.534301,JPN,KOR,292700
11619865,128,121,6282,2011,0.0,3972.0,-0.559311,0.398905,LKA,KOR,292700
11619866,134,121,6282,2011,0.0,32774.0,-0.485404,0.099828,MAR,KOR,292700
11619867,138,121,6282,2011,0.0,418488.0,0.9534600000000001,0.706982,MEX,KOR,292700
11619868,143,121,6282,2011,0.0,30141.0,-1.3557190000000001,-0.929934,MMR,KOR,292700
11619869,152,121,6282,2011,0.0,15052.0,-1.100291,-0.982559,MWI,KOR,292700
11619870,153,121,6282,2011,0.0,24114.0,0.9893290000000001,0.632079,MYS,KOR,292700
11619871,159,121,6282,2011,0.0,79948.0,-1.699286,-1.15511,NGA,KOR,292700
11619872,168,121,6282,2011,0.0,660271.0,-0.729677,0.6026729999999999,PAK,KOR,292700
11619873,169,121,6282,2011,0.0,31517.0,0.786135,1.061008,PAN,KOR,292700
11619874,173,121,6282,2011,0.0,71090.0,-0.455977,0.442543,PER,KOR,292700
11619875,174,121,6282,2011,0.0,67871.0,0.364707,0.322626,PHL,KOR,292700
11619876,185,121,6282,2011,0.0,66291.0,0.722,1.296655,ROU,KOR,292700
11619877,186,121,6282,2011,0.0,172877.0,0.47319399999999995,-0.20801599999999998,RUS,KOR,292700
11619878,192,121,6282,2011,0.0,6074.0,1.849116,0.52127,SGP,KOR,292700
11619879,201,121,6282,2011,0.0,1287.0,0.49055699999999997,1.5601399999999999,SRB,KOR,292700
11619880,212,121,6282,2011,0.0,693584.0,-0.604133,0.5268970000000001,SYR,KOR,292700
11619881,216,121,6282,2011,3974.0,33684.0,0.889009,1.503118,THA,KOR,292700
11619882,224,121,6282,2011,0.0,193767.0,0.45775,2.4316259999999996,TUR,KOR,292700
11619883,226,121,6282,2011,0.0,22315.0,-0.751316,0.286505,TZA,KOR,292700
11619884,228,121,6282,2011,0.0,104236.0,0.6221409999999999,0.765505,UKR,KOR,292700
11619885,231,121,6282,2011,1037823.0,484812.0,1.6884849999999998,-0.474499,USA,KOR,292700
11619886,232,121,6282,2011,0.0,1421.0,-0.785878,-0.663918,UZB,KOR,292700
11619887,236,121,6282,2011,0.0,22854.0,-0.841147,-1.095636,VEN,KOR,292700
11619888,239,121,6282,2011,0.0,8221589.0,-0.184453,1.637207,VNM,KOR,292700
11619889,246,121,6282,2011,0.0,12005069.0,0.241792,1.353011,ZAF,KOR,292700
11619890,249,121,6282,2011,0.0,9315175.0,1.803234,0.921233,TWN,KOR,292700
11619891,43,122,6282,2011,62789.0,0.0,1.072299,1.686826,CHN,KWT,292700
11619892,61,122,6282,2011,1581.0,0.0,2.074435,-3.440815,DEU,KWT,292700
11619893,216,122,6282,2011,1568.0,0.0,0.889009,1.503118,THA,KWT,292700
11619894,43,134,6282,2011,188719.0,0.0,1.072299,1.686826,CHN,MAR,292700
11619895,61,134,6282,2011,1885.0,0.0,2.074435,-3.440815,DEU,MAR,292700
11619896,111,134,6282,2011,172344.0,0.0,1.298751,0.48013599999999995,ITA,MAR,292700
11619897,121,134,6282,2011,32774.0,0.0,1.731371,0.8306879999999999,KOR,MAR,292700
11619898,191,134,6282,2011,0.0,5186.0,-0.624346,-0.308052,SEN,MAR,292700
11619899,15,138,6282,2011,1703.0,0.0,1.687634,-0.229095,AUT,MEX,292700
11619900,32,138,6282,2011,0.0,64013.0,0.27718400000000004,0.5674319999999999,BRA,MEX,292700
11619901,39,138,6282,2011,0.0,178435.0,0.754813,1.1967290000000002,CAN,MEX,292700
11619902,41,138,6282,2011,46457.0,14542.0,2.2644029999999997,0.406131,CHE,MEX,292700
11619903,43,138,6282,2011,1238764.0,0.0,1.072299,1.686826,CHN,MEX,292700
11619904,49,138,6282,2011,0.0,16624.0,0.14336600000000002,-0.22996,COL,MEX,292700
11619905,52,138,6282,2011,0.0,12124.0,0.04325,-0.553193,CRI,MEX,292700
11619906,61,138,6282,2011,27431.0,39318.0,2.074435,-3.440815,DEU,MEX,292700
11619907,67,138,6282,2011,0.0,2413.0,-0.8250639999999999,-0.839082,ECU,MEX,292700
11619908,77,138,6282,2011,89967.0,16235.0,1.532054,0.09339299999999999,FRA,MEX,292700
11619909,81,138,6282,2011,7392.0,0.0,1.8048220000000001,0.380141,GBR,MEX,292700
11619910,93,138,6282,2011,0.0,14180.0,-0.329497,0.775369,GTM,MEX,292700
11619911,103,138,6282,2011,68608.0,0.0,-0.234125,1.168384,IDN,MEX,292700
11619912,104,138,6282,2011,128010.0,0.0,0.18276199999999998,2.398765,IND,MEX,292700
11619913,106,138,6282,2011,0.0,10459.0,1.403182,0.290245,IRL,MEX,292700
11619914,114,138,6282,2011,1650.0,0.0,2.516395,-0.534301,JPN,MEX,292700
11619915,121,138,6282,2011,418488.0,0.0,1.731371,0.8306879999999999,KOR,MEX,292700
11619916,153,138,6282,2011,1108.0,0.0,0.9893290000000001,0.632079,MYS,MEX,292700
11619917,162,138,6282,2011,336350.0,3316185.0,1.1655229999999999,1.410167,NLD,MEX,292700
11619918,163,138,6282,2011,0.0,54913.0,0.8492770000000001,0.050044,NOR,MEX,292700
11619919,169,138,6282,2011,0.0,6336.0,0.786135,1.061008,PAN,MEX,292700
11619920,192,138,6282,2011,0.0,10690.0,1.849116,0.52127,SGP,MEX,292700
11619921,197,138,6282,2011,0.0,6672.0,-0.09713200000000001,0.20772600000000002,SLV,MEX,292700
11619922,224,138,6282,2011,0.0,47478.0,0.45775,2.4316259999999996,TUR,MEX,292700
11619923,231,138,6282,2011,956948.0,6856376.0,1.6884849999999998,-0.474499,USA,MEX,292700
11619924,249,138,6282,2011,35817.0,0.0,1.803234,0.921233,TWN,MEX,292700
11619925,18,153,6282,2011,42049.0,0.0,1.221703,1.247961,BEL,MYS,292700
11619926,39,153,6282,2011,18343.0,0.0,0.754813,1.1967290000000002,CAN,MYS,292700
11619927,43,153,6282,2011,2552420.0,0.0,1.072299,1.686826,CHN,MYS,292700
11619928,61,153,6282,2011,23557.0,0.0,2.074435,-3.440815,DEU,MYS,292700
11619929,103,153,6282,2011,651111.0,0.0,-0.234125,1.168384,IDN,MYS,292700
11619930,104,153,6282,2011,31472.0,43823.0,0.18276199999999998,2.398765,IND,MYS,292700
11619931,114,153,6282,2011,83061.0,0.0,2.516395,-0.534301,JPN,MYS,292700
11619932,121,153,6282,2011,24114.0,0.0,1.731371,0.8306879999999999,KOR,MYS,292700
11619933,138,153,6282,2011,0.0,1108.0,0.9534600000000001,0.706982,MEX,MYS,292700
11619934,166,153,6282,2011,1766.0,0.0,0.372732,0.548601,NZL,MYS,292700
11619935,174,153,6282,2011,160230.0,0.0,0.364707,0.322626,PHL,MYS,292700
11619936,192,153,6282,2011,1197333.0,0.0,1.849116,0.52127,SGP,MYS,292700
11619937,216,153,6282,2011,1885282.0,0.0,0.889009,1.503118,THA,MYS,292700
11619938,231,153,6282,2011,39188.0,0.0,1.6884849999999998,-0.474499,USA,MYS,292700
11619939,249,153,6282,2011,99523.0,0.0,1.803234,0.921233,TWN,MYS,292700
11619940,7,162,6282,2011,130332.0,0.0,0.030652,-0.450808,ARE,NLD,292700
11619941,14,162,6282,2011,1310.0,0.0,-0.138148,0.002999,AUS,NLD,292700
11619942,15,162,6282,2011,0.0,28660.0,1.687634,-0.229095,AUT,NLD,292700
11619943,18,162,6282,2011,138359.0,2141864.0,1.221703,1.247961,BEL,NLD,292700
11619944,23,162,6282,2011,0.0,21364.0,0.537967,1.520973,BGR,NLD,292700
11619945,28,162,6282,2011,0.0,7958.0,0.8786729999999999,0.442097,BLR,NLD,292700
11619946,41,162,6282,2011,0.0,113166.0,2.2644029999999997,0.406131,CHE,NLD,292700
11619947,43,162,6282,2011,4541319.0,0.0,1.072299,1.686826,CHN,NLD,292700
11619948,61,162,6282,2011,3979398.0,2304254.0,2.074435,-3.440815,DEU,NLD,292700
11619949,64,162,6282,2011,0.0,2275.0,1.156026,1.2248299999999999,DNK,NLD,292700
11619950,68,162,6282,2011,0.0,10108.0,-0.166243,1.384719,EGY,NLD,292700
11619951,71,162,6282,2011,233484.0,905282.0,0.8677290000000001,2.4618450000000003,ESP,NLD,292700
11619952,77,162,6282,2011,1058500.0,225516.0,1.532054,0.09339299999999999,FRA,NLD,292700
11619953,81,162,6282,2011,124933.0,391556.0,1.8048220000000001,0.380141,GBR,NLD,292700
11619954,97,162,6282,2011,7342.0,0.0,0.663588,1.902118,HKG,NLD,292700
11619955,103,162,6282,2011,3840053.0,0.0,-0.234125,1.168384,IDN,NLD,292700
11619956,104,162,6282,2011,949993.0,0.0,0.18276199999999998,2.398765,IND,NLD,292700
11619957,106,162,6282,2011,0.0,16855.0,1.403182,0.290245,IRL,NLD,292700
11619958,110,162,6282,2011,7370.0,592503.0,1.324384,0.714611,ISR,NLD,292700
11619959,111,162,6282,2011,206442.0,129479.0,1.298751,0.48013599999999995,ITA,NLD,292700
11619960,113,162,6282,2011,0.0,2863.0,0.231605,0.47049399999999997,JOR,NLD,292700
11619961,114,162,6282,2011,2629645.0,0.0,2.516395,-0.534301,JPN,NLD,292700
11619962,132,162,6282,2011,16158.0,0.0,0.7320939999999999,1.101321,LVA,NLD,292700
11619963,138,162,6282,2011,3316185.0,336350.0,0.9534600000000001,0.706982,MEX,NLD,292700
11619964,163,162,6282,2011,0.0,235547.0,0.8492770000000001,0.050044,NOR,NLD,292700
11619965,177,162,6282,2011,0.0,1468.0,1.133641,1.134203,POL,NLD,292700
11619966,224,162,6282,2011,0.0,27236.0,0.45775,2.4316259999999996,TUR,NLD,292700
11619967,231,162,6282,2011,20654.0,2535.0,1.6884849999999998,-0.474499,USA,NLD,292700
11619968,14,166,6282,2011,6402.0,0.0,-0.138148,0.002999,AUS,NZL,292700
11619969,43,166,6282,2011,207968.0,0.0,1.072299,1.686826,CHN,NZL,292700
11619970,61,166,6282,2011,948.0,0.0,2.074435,-3.440815,DEU,NZL,292700
11619971,103,166,6282,2011,3048.0,0.0,-0.234125,1.168384,IDN,NZL,292700
11619972,111,166,6282,2011,1576.0,0.0,1.298751,0.48013599999999995,ITA,NZL,292700
11619973,153,166,6282,2011,0.0,1766.0,0.9893290000000001,0.632079,MYS,NZL,292700
11619974,192,166,6282,2011,17663.0,0.0,1.849116,0.52127,SGP,NZL,292700
11619975,231,166,6282,2011,17988.0,0.0,1.6884849999999998,-0.474499,USA,NZL,292700
11619976,249,166,6282,2011,23411.0,0.0,1.803234,0.921233,TWN,NZL,292700
11619977,43,168,6282,2011,2816702.0,0.0,1.072299,1.686826,CHN,PAK,292700
11619978,61,168,6282,2011,5121.0,0.0,2.074435,-3.440815,DEU,PAK,292700
11619979,71,168,6282,2011,1655.0,0.0,0.8677290000000001,2.4618450000000003,ESP,PAK,292700
11619980,103,168,6282,2011,271147.0,0.0,-0.234125,1.168384,IDN,PAK,292700
11619981,104,168,6282,2011,66875.0,0.0,0.18276199999999998,2.398765,IND,PAK,292700
11619982,114,168,6282,2011,967.0,0.0,2.516395,-0.534301,JPN,PAK,292700
11619983,121,168,6282,2011,660271.0,0.0,1.731371,0.8306879999999999,KOR,PAK,292700
11619984,231,168,6282,2011,2014.0,0.0,1.6884849999999998,-0.474499,USA,PAK,292700
11619985,42,169,6282,2011,8149.0,0.0,-0.199877,-0.353009,CHL,PAN,292700
11619986,43,169,6282,2011,7655.0,0.0,1.072299,1.686826,CHN,PAN,292700
11619987,121,169,6282,2011,31517.0,0.0,1.731371,0.8306879999999999,KOR,PAN,292700
11619988,138,169,6282,2011,6336.0,0.0,0.9534600000000001,0.706982,MEX,PAN,292700
11619989,231,169,6282,2011,3969.0,0.0,1.6884849999999998,-0.474499,USA,PAN,292700
11619990,31,173,6282,2011,0.0,2573.0,-0.818593,-0.8701770000000001,BOL,PER,292700
11619991,32,173,6282,2011,2875.0,0.0,0.27718400000000004,0.5674319999999999,BRA,PER,292700
11619992,43,173,6282,2011,202885.0,0.0,1.072299,1.686826,CHN,PER,292700
11619993,61,173,6282,2011,32242.0,0.0,2.074435,-3.440815,DEU,PER,292700
11619994,104,173,6282,2011,3851.0,0.0,0.18276199999999998,2.398765,IND,PER,292700
11619995,121,173,6282,2011,71090.0,0.0,1.731371,0.8306879999999999,KOR,PER,292700
11619996,177,173,6282,2011,10584.0,0.0,1.133641,1.134203,POL,PER,292700
11619997,216,173,6282,2011,324402.0,0.0,0.889009,1.503118,THA,PER,292700
11619998,231,173,6282,2011,141719.0,0.0,1.6884849999999998,-0.474499,USA,PER,292700
