5089999,43,182,9330,2011,14142.0,0.0,1.072299,1.686826,CHN,PYF,851310
5090000,61,182,9330,2011,2022.0,0.0,2.074435,-3.440815,DEU,PYF,851310
5090001,77,182,9330,2011,47752.0,0.0,1.532054,0.09339299999999999,FRA,PYF,851310
5090002,81,182,9330,2011,1864.0,0.0,1.8048220000000001,0.380141,GBR,PYF,851310
5090003,97,182,9330,2011,5532.0,0.0,0.663588,1.902118,HKG,PYF,851310
5090004,111,182,9330,2011,2182.0,0.0,1.298751,0.48013599999999995,ITA,PYF,851310
5090005,114,182,9330,2011,3481.0,0.0,2.516395,-0.534301,JPN,PYF,851310
5090006,121,182,9330,2011,2208.0,0.0,1.731371,0.8306879999999999,KOR,PYF,851310
5090007,162,182,9330,2011,1401.0,0.0,1.1655229999999999,1.410167,NLD,PYF,851310
5090008,166,182,9330,2011,6905.0,0.0,0.372732,0.548601,NZL,PYF,851310
5090009,192,182,9330,2011,2417.0,0.0,1.849116,0.52127,SGP,PYF,851310
5090010,231,182,9330,2011,47879.0,0.0,1.6884849999999998,-0.474499,USA,PYF,851310
5090011,249,182,9330,2011,2162.0,0.0,1.803234,0.921233,TWN,PYF,851310
5090012,43,199,9330,2011,1695732.0,0.0,1.072299,1.686826,CHN,SOM,851310
5090013,246,199,9330,2011,92462.0,0.0,0.241792,1.353011,ZAF,SOM,851310
5090014,2,209,9330,2011,0.0,41549.0,-1.252991,-1.132314,AGO,SWZ,851310
5090015,43,209,9330,2011,2311.0,0.0,1.072299,1.686826,CHN,SWZ,851310
5090016,97,209,9330,2011,18099.0,0.0,0.663588,1.902118,HKG,SWZ,851310
5090017,121,209,9330,2011,8553.0,0.0,1.731371,0.8306879999999999,KOR,SWZ,851310
5090018,216,209,9330,2011,0.0,1932.0,0.889009,1.503118,THA,SWZ,851310
5090019,246,209,9330,2011,313867.0,10469.0,0.241792,1.353011,ZAF,SWZ,851310
5090020,43,212,9330,2011,1700311.0,0.0,1.072299,1.686826,CHN,SYR,851310
5090021,61,212,9330,2011,17278.0,0.0,2.074435,-3.440815,DEU,SYR,851310
5090022,74,212,9330,2011,12005.0,0.0,1.7488830000000002,0.890934,FIN,SYR,851310
5090023,77,212,9330,2011,18290.0,0.0,1.532054,0.09339299999999999,FRA,SYR,851310
5090024,110,212,9330,2011,2000.0,0.0,1.324384,0.714611,ISR,SYR,851310
5090025,224,212,9330,2011,23724.0,0.0,0.45775,2.4316259999999996,TUR,SYR,851310
5090026,231,213,9330,2011,3198.0,0.0,1.6884849999999998,-0.474499,USA,TCA,851310
5090027,7,215,9330,2011,69591.0,0.0,0.030652,-0.450808,ARE,TGO,851310
5090028,19,215,9330,2011,0.0,6017.0,-1.189478,-0.8684709999999999,BEN,TGO,851310
5090029,22,215,9330,2011,1964.0,0.0,-1.074416,-0.8276370000000001,BGD,TGO,851310
5090030,43,215,9330,2011,5906230.0,0.0,1.072299,1.686826,CHN,TGO,851310
5090031,77,215,9330,2011,1908.0,0.0,1.532054,0.09339299999999999,FRA,TGO,851310
5090032,83,215,9330,2011,5657.0,42009.0,-0.8627319999999999,-0.608823,GHA,TGO,851310
5090033,85,215,9330,2011,0.0,8172.0,-1.728661,-1.193353,GIN,TGO,851310
5090034,157,215,9330,2011,3425.0,5211.0,-0.85208,-0.731996,NER,TGO,851310
5090035,43,220,9330,2011,125869.0,0.0,1.072299,1.686826,CHN,TLS,851310
5090036,103,220,9330,2011,36748.0,0.0,-0.234125,1.168384,IDN,TLS,851310
5090037,14,223,9330,2011,0.0,6137.0,-0.138148,0.002999,AUS,TUN,851310
5090038,15,223,9330,2011,16311.0,2017.0,1.687634,-0.229095,AUT,TUN,851310
5090039,39,223,9330,2011,0.0,9859.0,0.754813,1.1967290000000002,CAN,TUN,851310
5090040,41,223,9330,2011,1642.0,0.0,2.2644029999999997,0.406131,CHE,TUN,851310
5090041,43,223,9330,2011,928164.0,0.0,1.072299,1.686826,CHN,TUN,851310
5090042,59,223,9330,2011,0.0,5559.0,1.737788,0.14741600000000002,CZE,TUN,851310
5090043,61,223,9330,2011,44393.0,0.0,2.074435,-3.440815,DEU,TUN,851310
5090044,64,223,9330,2011,489.0,0.0,1.156026,1.2248299999999999,DNK,TUN,851310
5090045,71,223,9330,2011,64541.0,6402.0,0.8677290000000001,2.4618450000000003,ESP,TUN,851310
5090046,72,223,9330,2011,0.0,6165.0,0.9806790000000001,1.110449,EST,TUN,851310
5090047,77,223,9330,2011,50068.0,2499.0,1.532054,0.09339299999999999,FRA,TUN,851310
5090048,81,223,9330,2011,13379.0,0.0,1.8048220000000001,0.380141,GBR,TUN,851310
5090049,97,223,9330,2011,23501.0,0.0,0.663588,1.902118,HKG,TUN,851310
5090050,111,223,9330,2011,13068.0,0.0,1.298751,0.48013599999999995,ITA,TUN,851310
5090051,162,223,9330,2011,6893.0,0.0,1.1655229999999999,1.410167,NLD,TUN,851310
5090052,163,223,9330,2011,0.0,3549.0,0.8492770000000001,0.050044,NOR,TUN,851310
5090053,166,223,9330,2011,0.0,1555.0,0.372732,0.548601,NZL,TUN,851310
5090054,177,223,9330,2011,0.0,2638.0,1.133641,1.134203,POL,TUN,851310
5090055,207,223,9330,2011,0.0,7115.0,1.642913,0.700222,SVN,TUN,851310
5090056,231,223,9330,2011,7347.0,81916.0,1.6884849999999998,-0.474499,USA,TUN,851310
5090057,249,223,9330,2011,2106.0,0.0,1.803234,0.921233,TWN,TUN,851310
5090058,7,226,9330,2011,598571.0,0.0,0.030652,-0.450808,ARE,TZA,851310
5090059,14,226,9330,2011,8066.0,0.0,-0.138148,0.002999,AUS,TZA,851310
5090060,15,226,9330,2011,7989.0,0.0,1.687634,-0.229095,AUT,TZA,851310
5090061,17,226,9330,2011,0.0,15409.0,-0.8287049999999999,-0.774558,BDI,TZA,851310
5090062,18,226,9330,2011,1254.0,0.0,1.221703,1.247961,BEL,TZA,851310
5090063,32,226,9330,2011,7213.0,0.0,0.27718400000000004,0.5674319999999999,BRA,TZA,851310
5090064,39,226,9330,2011,19665.0,0.0,0.754813,1.1967290000000002,CAN,TZA,851310
5090065,43,226,9330,2011,9254705.0,0.0,1.072299,1.686826,CHN,TZA,851310
5090066,50,226,9330,2011,0.0,724.0,0.449788,-0.533709,COM,TZA,851310
5090067,61,226,9330,2011,3923.0,0.0,2.074435,-3.440815,DEU,TZA,851310
5090068,68,226,9330,2011,753.0,0.0,-0.166243,1.384719,EGY,TZA,851310
5090069,74,226,9330,2011,5646.0,0.0,1.7488830000000002,0.890934,FIN,TZA,851310
5090070,77,226,9330,2011,1826.0,0.0,1.532054,0.09339299999999999,FRA,TZA,851310
5090071,81,226,9330,2011,504231.0,0.0,1.8048220000000001,0.380141,GBR,TZA,851310
5090072,97,226,9330,2011,57399.0,0.0,0.663588,1.902118,HKG,TZA,851310
5090073,103,226,9330,2011,86376.0,0.0,-0.234125,1.168384,IDN,TZA,851310
5090074,104,226,9330,2011,33262.0,0.0,0.18276199999999998,2.398765,IND,TZA,851310
5090075,111,226,9330,2011,1188.0,0.0,1.298751,0.48013599999999995,ITA,TZA,851310
5090076,114,226,9330,2011,2489.0,0.0,2.516395,-0.534301,JPN,TZA,851310
5090077,116,226,9330,2011,2164.0,86637.0,-0.48319300000000004,0.346927,KEN,TZA,851310
5090078,121,226,9330,2011,2754.0,0.0,1.731371,0.8306879999999999,KOR,TZA,851310
5090079,141,226,9330,2011,0.0,13673.0,-0.6778109999999999,-0.653211,MLI,TZA,851310
5090080,152,226,9330,2011,0.0,5152.0,-1.100291,-0.982559,MWI,TZA,851310
5090081,162,226,9330,2011,10664.0,0.0,1.1655229999999999,1.410167,NLD,TZA,851310
5090082,163,226,9330,2011,873.0,0.0,0.8492770000000001,0.050044,NOR,TZA,851310
5090083,168,226,9330,2011,1305.0,0.0,-0.729677,0.6026729999999999,PAK,TZA,851310
5090084,187,226,9330,2011,803.0,965.0,-0.684475,-0.690734,RWA,TZA,851310
5090085,192,226,9330,2011,982.0,0.0,1.849116,0.52127,SGP,TZA,851310
5090086,227,226,9330,2011,976.0,0.0,-0.7153,-0.062678,UGA,TZA,851310
5090087,231,226,9330,2011,2220.0,0.0,1.6884849999999998,-0.474499,USA,TZA,851310
5090088,246,226,9330,2011,70258.0,0.0,0.241792,1.353011,ZAF,TZA,851310
5090089,247,226,9330,2011,2210.0,11090.0,-0.7599,-0.941019,ZMB,TZA,851310
5090090,7,227,9330,2011,116565.0,0.0,0.030652,-0.450808,ARE,UGA,851310
5090091,15,227,9330,2011,1318.0,0.0,1.687634,-0.229095,AUT,UGA,851310
5090092,17,227,9330,2011,973.0,21426.0,-0.8287049999999999,-0.774558,BDI,UGA,851310
5090093,18,227,9330,2011,7274.0,0.0,1.221703,1.247961,BEL,UGA,851310
5090094,22,227,9330,2011,0.0,2277.0,-1.074416,-0.8276370000000001,BGD,UGA,851310
5090095,43,227,9330,2011,195210.0,0.0,1.072299,1.686826,CHN,UGA,851310
5090096,46,227,9330,2011,0.0,4996.0,-0.722957,-0.965141,COD,UGA,851310
5090097,77,227,9330,2011,997.0,0.0,1.532054,0.09339299999999999,FRA,UGA,851310
5090098,81,227,9330,2011,10879.0,0.0,1.8048220000000001,0.380141,GBR,UGA,851310
5090099,97,227,9330,2011,25484.0,0.0,0.663588,1.902118,HKG,UGA,851310
5090100,103,227,9330,2011,503.0,0.0,-0.234125,1.168384,IDN,UGA,851310
5090101,104,227,9330,2011,1813.0,0.0,0.18276199999999998,2.398765,IND,UGA,851310
5090102,111,227,9330,2011,1842.0,0.0,1.298751,0.48013599999999995,ITA,UGA,851310
5090103,116,227,9330,2011,18532.0,49570.0,-0.48319300000000004,0.346927,KEN,UGA,851310
5090104,187,227,9330,2011,0.0,1377.0,-0.684475,-0.690734,RWA,UGA,851310
5090105,208,227,9330,2011,3196.0,0.0,1.857146,0.366159,SWE,UGA,851310
5090106,226,227,9330,2011,0.0,976.0,-0.751316,0.286505,TZA,UGA,851310
5090107,231,227,9330,2011,10979.0,0.0,1.6884849999999998,-0.474499,USA,UGA,851310
5090108,246,227,9330,2011,17498.0,0.0,0.241792,1.353011,ZAF,UGA,851310
5090109,249,227,9330,2011,314.0,0.0,1.803234,0.921233,TWN,UGA,851310
5090110,33,234,9330,2011,736.0,0.0,0.445982,0.204672,BRB,VCT,851310
5090111,43,234,9330,2011,11548.0,0.0,1.072299,1.686826,CHN,VCT,851310
5090112,81,234,9330,2011,5089.0,0.0,1.8048220000000001,0.380141,GBR,VCT,851310
5090113,169,234,9330,2011,5019.0,0.0,0.786135,1.061008,PAN,VCT,851310
5090114,231,234,9330,2011,17001.0,0.0,1.6884849999999998,-0.474499,USA,VCT,851310
5090115,14,237,9330,2011,0.0,5286.0,-0.138148,0.002999,AUS,VGB,851310
5090116,228,237,9330,2011,2519.0,0.0,0.6221409999999999,0.765505,UKR,VGB,851310
5090117,231,237,9330,2011,15323.0,0.0,1.6884849999999998,-0.474499,USA,VGB,851310
5090118,7,247,9330,2011,49884.0,0.0,0.030652,-0.450808,ARE,ZMB,851310
5090119,18,247,9330,2011,810.0,0.0,1.221703,1.247961,BEL,ZMB,851310
5090120,39,247,9330,2011,2929.0,0.0,0.754813,1.1967290000000002,CAN,ZMB,851310
5090121,43,247,9330,2011,94966.0,0.0,1.072299,1.686826,CHN,ZMB,851310
5090122,46,247,9330,2011,0.0,9257.0,-0.722957,-0.965141,COD,ZMB,851310
5090123,61,247,9330,2011,2923.0,0.0,2.074435,-3.440815,DEU,ZMB,851310
5090124,81,247,9330,2011,4720.0,0.0,1.8048220000000001,0.380141,GBR,ZMB,851310
5090125,97,247,9330,2011,2470.0,0.0,0.663588,1.902118,HKG,ZMB,851310
5090126,104,247,9330,2011,6004.0,0.0,0.18276199999999998,2.398765,IND,ZMB,851310
5090127,114,247,9330,2011,6438.0,0.0,2.516395,-0.534301,JPN,ZMB,851310
5090128,121,247,9330,2011,53087.0,0.0,1.731371,0.8306879999999999,KOR,ZMB,851310
5090129,152,247,9330,2011,2277.0,0.0,-1.100291,-0.982559,MWI,ZMB,851310
5090130,226,247,9330,2011,11090.0,2210.0,-0.751316,0.286505,TZA,ZMB,851310
5090131,231,247,9330,2011,6316.0,0.0,1.6884849999999998,-0.474499,USA,ZMB,851310
5090132,246,247,9330,2011,682937.0,1118.0,0.241792,1.353011,ZAF,ZMB,851310
5090133,248,247,9330,2011,1203.0,0.0,-0.858662,-0.8632719999999999,ZWE,ZMB,851310
5090134,249,247,9330,2011,1691.0,0.0,1.803234,0.921233,TWN,ZMB,851310
5090135,43,120,9330,2011,4402.0,0.0,1.072299,1.686826,CHN,KNA,851310
5090136,169,120,9330,2011,3116.0,0.0,0.786135,1.061008,PAN,KNA,851310
5090137,231,120,9330,2011,5160.0,0.0,1.6884849999999998,-0.474499,USA,KNA,851310
5090138,39,127,9330,2011,1183.0,0.0,0.754813,1.1967290000000002,CAN,LCA,851310
5090139,43,127,9330,2011,994.0,0.0,1.072299,1.686826,CHN,LCA,851310
5090140,81,127,9330,2011,6256.0,0.0,1.8048220000000001,0.380141,GBR,LCA,851310
5090141,169,127,9330,2011,2599.0,0.0,0.786135,1.061008,PAN,LCA,851310
5090142,222,127,9330,2011,1673.0,0.0,-0.44228,-1.031793,TTO,LCA,851310
5090143,231,127,9330,2011,62030.0,708.0,1.6884849999999998,-0.474499,USA,LCA,851310
5090144,7,9,9330,2011,3662.0,0.0,0.030652,-0.450808,ARE,ARM,851310
5090145,43,9,9330,2011,2724.0,0.0,1.072299,1.686826,CHN,ARM,851310
5090146,59,9,9330,2011,1337.0,0.0,1.737788,0.14741600000000002,CZE,ARM,851310
5090147,61,9,9330,2011,5079.0,0.0,2.074435,-3.440815,DEU,ARM,851310
5090148,77,9,9330,2011,799.0,0.0,1.532054,0.09339299999999999,FRA,ARM,851310
5090149,81,9,9330,2011,710.0,0.0,1.8048220000000001,0.380141,GBR,ARM,851310
5090150,111,9,9330,2011,3139.0,0.0,1.298751,0.48013599999999995,ITA,ARM,851310
5090151,114,9,9330,2011,765.0,0.0,2.516395,-0.534301,JPN,ARM,851310
5090152,231,57,9330,2011,74427.0,26107.0,1.6884849999999998,-0.474499,USA,CYM,851310
5090153,7,141,9330,2011,38155.0,0.0,0.030652,-0.450808,ARE,MLI,851310
5090154,14,141,9330,2011,12654.0,0.0,-0.138148,0.002999,AUS,MLI,851310
5090155,18,141,9330,2011,15496.0,0.0,1.221703,1.247961,BEL,MLI,851310
5090156,21,141,9330,2011,0.0,29548.0,-1.163278,-1.002332,BFA,MLI,851310
5090157,37,141,9330,2011,895.0,0.0,-0.48782600000000004,-1.051639,BWA,MLI,851310
5090158,39,141,9330,2011,4252.0,0.0,0.754813,1.1967290000000002,CAN,MLI,851310
5090159,43,141,9330,2011,162905.0,0.0,1.072299,1.686826,CHN,MLI,851310
5090160,61,141,9330,2011,4789.0,0.0,2.074435,-3.440815,DEU,MLI,851310
5090161,71,141,9330,2011,5738.0,0.0,0.8677290000000001,2.4618450000000003,ESP,MLI,851310
5090162,77,141,9330,2011,21293.0,0.0,1.532054,0.09339299999999999,FRA,MLI,851310
5090163,81,141,9330,2011,1746.0,0.0,1.8048220000000001,0.380141,GBR,MLI,851310
5090164,83,141,9330,2011,1181.0,0.0,-0.8627319999999999,-0.608823,GHA,MLI,851310
5090165,87,141,9330,2011,9935.0,0.0,-0.621556,-0.64336,GMB,MLI,851310
5090166,97,141,9330,2011,5608.0,0.0,0.663588,1.902118,HKG,MLI,851310
5090167,104,141,9330,2011,9545.0,0.0,0.18276199999999998,2.398765,IND,MLI,851310
5090168,111,141,9330,2011,1484.0,0.0,1.298751,0.48013599999999995,ITA,MLI,851310
5090169,121,141,9330,2011,63137.0,0.0,1.731371,0.8306879999999999,KOR,MLI,851310
5090170,134,141,9330,2011,909.0,0.0,-0.485404,0.099828,MAR,MLI,851310
5090171,148,141,9330,2011,2224.0,0.0,-1.2593379999999998,-1.1793209999999998,MRT,MLI,851310
5090172,162,141,9330,2011,1487.0,0.0,1.1655229999999999,1.410167,NLD,MLI,851310
5090173,191,141,9330,2011,1412.0,0.0,-0.624346,-0.308052,SEN,MLI,851310
5090174,208,141,9330,2011,6507.0,0.0,1.857146,0.366159,SWE,MLI,851310
5090175,226,141,9330,2011,13673.0,0.0,-0.751316,0.286505,TZA,MLI,851310
5090176,231,141,9330,2011,76670.0,0.0,1.6884849999999998,-0.474499,USA,MLI,851310
5090177,246,141,9330,2011,39698.0,0.0,0.241792,1.353011,ZAF,MLI,851310
5090178,15,144,9330,2011,14009.0,0.0,1.687634,-0.229095,AUT,MNE,851310
5090179,18,144,9330,2011,1438.0,0.0,1.221703,1.247961,BEL,MNE,851310
5090180,43,144,9330,2011,93874.0,0.0,1.072299,1.686826,CHN,MNE,851310
5090181,61,144,9330,2011,3293.0,0.0,2.074435,-3.440815,DEU,MNE,851310
5090182,71,144,9330,2011,847.0,0.0,0.8677290000000001,2.4618450000000003,ESP,MNE,851310
5090183,77,144,9330,2011,779.0,0.0,1.532054,0.09339299999999999,FRA,MNE,851310
5090184,100,144,9330,2011,5165.0,0.0,0.868294,0.9424299999999999,HRV,MNE,851310
5090185,102,144,9330,2011,950.0,0.0,1.486592,0.805642,HUN,MNE,851310
5090186,111,144,9330,2011,4579.0,0.0,1.298751,0.48013599999999995,ITA,MNE,851310
5090187,185,144,9330,2011,5922.0,0.0,0.722,1.296655,ROU,MNE,851310
5090188,201,144,9330,2011,25328.0,0.0,0.49055699999999997,1.5601399999999999,SRB,MNE,851310
5090189,207,144,9330,2011,1192.0,0.0,1.642913,0.700222,SVN,MNE,851310
5090190,231,144,9330,2011,1742.0,0.0,1.6884849999999998,-0.474499,USA,MNE,851310
5090191,250,144,9330,2011,5536.0,0.0,0.475638,-0.160135,ANS,MNE,851310
5090192,39,196,9330,2011,6196.0,0.0,0.754813,1.1967290000000002,CAN,SLE,851310
5090193,43,196,9330,2011,732675.0,0.0,1.072299,1.686826,CHN,SLE,851310
5090194,81,196,9330,2011,4662.0,0.0,1.8048220000000001,0.380141,GBR,SLE,851310
5090195,121,196,9330,2011,17824.0,0.0,1.731371,0.8306879999999999,KOR,SLE,851310
5090196,231,196,9330,2011,4955.0,0.0,1.6884849999999998,-0.474499,USA,SLE,851310
5090197,246,196,9330,2011,22234.0,0.0,0.241792,1.353011,ZAF,SLE,851310
5090198,14,48,9330,2011,3157.0,0.0,-0.138148,0.002999,AUS,COK,851310
5090199,43,48,9330,2011,1328.0,0.0,1.072299,1.686826,CHN,COK,851310
5090200,103,48,9330,2011,1134.0,0.0,-0.234125,1.168384,IDN,COK,851310
5090201,114,48,9330,2011,5793.0,0.0,2.516395,-0.534301,JPN,COK,851310
5090202,166,48,9330,2011,12524.0,2731.0,0.372732,0.548601,NZL,COK,851310
5090203,231,48,9330,2011,1343.0,0.0,1.6884849999999998,-0.474499,USA,COK,851310
5090204,7,50,9330,2011,21979.0,0.0,0.030652,-0.450808,ARE,COM,851310
5090205,43,50,9330,2011,4391.0,0.0,1.072299,1.686826,CHN,COM,851310
5090206,226,50,9330,2011,724.0,0.0,-0.751316,0.286505,TZA,COM,851310
5090207,7,152,9330,2011,91389.0,0.0,0.030652,-0.450808,ARE,MWI,851310
5090208,43,152,9330,2011,281967.0,0.0,1.072299,1.686826,CHN,MWI,851310
5090209,44,152,9330,2011,0.0,832.0,-1.069474,-0.867439,CIV,MWI,851310
5090210,81,152,9330,2011,5240.0,0.0,1.8048220000000001,0.380141,GBR,MWI,851310
5090211,97,152,9330,2011,193592.0,0.0,0.663588,1.902118,HKG,MWI,851310
5090212,104,152,9330,2011,3381.0,0.0,0.18276199999999998,2.398765,IND,MWI,851310
5090213,114,152,9330,2011,899.0,0.0,2.516395,-0.534301,JPN,MWI,851310
5090214,157,152,9330,2011,2484.0,0.0,-0.85208,-0.731996,NER,MWI,851310
5090215,208,152,9330,2011,2413.0,0.0,1.857146,0.366159,SWE,MWI,851310
5090216,226,152,9330,2011,5152.0,0.0,-0.751316,0.286505,TZA,MWI,851310
5090217,231,152,9330,2011,1471.0,0.0,1.6884849999999998,-0.474499,USA,MWI,851310
5090218,246,152,9330,2011,62183.0,5675.0,0.241792,1.353011,ZAF,MWI,851310
5090219,247,152,9330,2011,0.0,2277.0,-0.7599,-0.941019,ZMB,MWI,851310
5090220,248,152,9330,2011,3999.0,9898.0,-0.858662,-0.8632719999999999,ZWE,MWI,851310
5090221,18,0,9330,2011,3642.0,0.0,1.221703,1.247961,BEL,ABW,851310
5090222,43,0,9330,2011,9342.0,0.0,1.072299,1.686826,CHN,ABW,851310
5090223,71,0,9330,2011,1405.0,0.0,0.8677290000000001,2.4618450000000003,ESP,ABW,851310
5090224,74,0,9330,2011,600.0,0.0,1.7488830000000002,0.890934,FIN,ABW,851310
5090225,162,0,9330,2011,31864.0,0.0,1.1655229999999999,1.410167,NLD,ABW,851310
5090226,169,0,9330,2011,67706.0,0.0,0.786135,1.061008,PAN,ABW,851310
5090227,231,0,9330,2011,17256.0,0.0,1.6884849999999998,-0.474499,USA,ABW,851310
5090228,236,0,9330,2011,1357.0,0.0,-0.841147,-1.095636,VEN,ABW,851310
5090229,7,34,9330,2011,1825.0,0.0,0.030652,-0.450808,ARE,BRN,851310
5090230,14,34,9330,2011,15171.0,0.0,-0.138148,0.002999,AUS,BRN,851310
5090231,43,34,9330,2011,899565.0,0.0,1.072299,1.686826,CHN,BRN,851310
5090232,61,34,9330,2011,2687.0,0.0,2.074435,-3.440815,DEU,BRN,851310
5090233,81,34,9330,2011,5237.0,0.0,1.8048220000000001,0.380141,GBR,BRN,851310
5090234,97,34,9330,2011,1220.0,0.0,0.663588,1.902118,HKG,BRN,851310
5090235,103,34,9330,2011,2796.0,0.0,-0.234125,1.168384,IDN,BRN,851310
5090236,111,34,9330,2011,51815.0,0.0,1.298751,0.48013599999999995,ITA,BRN,851310
5090237,114,34,9330,2011,4880.0,0.0,2.516395,-0.534301,JPN,BRN,851310
5090238,121,34,9330,2011,907.0,0.0,1.731371,0.8306879999999999,KOR,BRN,851310
5090239,153,34,9330,2011,4820.0,6003.0,0.9893290000000001,0.632079,MYS,BRN,851310
5090240,162,34,9330,2011,2669.0,0.0,1.1655229999999999,1.410167,NLD,BRN,851310
5090241,192,34,9330,2011,28297.0,0.0,1.849116,0.52127,SGP,BRN,851310
5090242,216,34,9330,2011,2269.0,0.0,0.889009,1.503118,THA,BRN,851310
5090243,231,34,9330,2011,15982.0,0.0,1.6884849999999998,-0.474499,USA,BRN,851310
5090244,249,34,9330,2011,3727.0,0.0,1.803234,0.921233,TWN,BRN,851310
5090245,43,35,9330,2011,2282.0,0.0,1.072299,1.686826,CHN,BTN,851310
5090246,77,35,9330,2011,694.0,0.0,1.532054,0.09339299999999999,FRA,BTN,851310
5090247,81,35,9330,2011,3850.0,0.0,1.8048220000000001,0.380141,GBR,BTN,851310
5090248,104,35,9330,2011,66638.0,0.0,0.18276199999999998,2.398765,IND,BTN,851310
5090249,216,35,9330,2011,2255.0,0.0,0.889009,1.503118,THA,BTN,851310
5090250,18,38,9330,2011,2987.0,0.0,1.221703,1.247961,BEL,CAF,851310
5090251,43,38,9330,2011,12248.0,0.0,1.072299,1.686826,CHN,CAF,851310
5090252,111,38,9330,2011,3476.0,0.0,1.298751,0.48013599999999995,ITA,CAF,851310
5090253,134,38,9330,2011,3680.0,0.0,-0.485404,0.099828,MAR,CAF,851310
5090254,179,38,9330,2011,657.0,0.0,0.558481,2.7056240000000003,PRT,CAF,851310
5090255,43,51,9330,2011,78870.0,0.0,1.072299,1.686826,CHN,CPV,851310
5090256,61,51,9330,2011,3190.0,0.0,2.074435,-3.440815,DEU,CPV,851310
5090257,71,51,9330,2011,782.0,0.0,0.8677290000000001,2.4618450000000003,ESP,CPV,851310
5090258,179,51,9330,2011,29883.0,0.0,0.558481,2.7056240000000003,PRT,CPV,851310
5090259,43,69,9330,2011,6345.0,0.0,1.072299,1.686826,CHN,ERI,851310
5090260,68,69,9330,2011,8413.0,0.0,-0.166243,1.384719,EGY,ERI,851310
5090261,111,69,9330,2011,1807.0,0.0,1.298751,0.48013599999999995,ITA,ERI,851310
5090262,7,75,9330,2011,1714.0,0.0,0.030652,-0.450808,ARE,FJI,851310
5090263,14,75,9330,2011,21795.0,1053.0,-0.138148,0.002999,AUS,FJI,851310
5090264,43,75,9330,2011,195496.0,0.0,1.072299,1.686826,CHN,FJI,851310
5090265,81,75,9330,2011,4487.0,0.0,1.8048220000000001,0.380141,GBR,FJI,851310
5090266,97,75,9330,2011,27055.0,0.0,0.663588,1.902118,HKG,FJI,851310
5090267,103,75,9330,2011,4832.0,0.0,-0.234125,1.168384,IDN,FJI,851310
5090268,114,75,9330,2011,17583.0,0.0,2.516395,-0.534301,JPN,FJI,851310
5090269,119,75,9330,2011,0.0,28472.0,0.129038,-0.670175,KIR,FJI,851310
5090270,121,75,9330,2011,18565.0,0.0,1.731371,0.8306879999999999,KOR,FJI,851310
5090271,165,75,9330,2011,0.0,1058.0,0.548569,-0.513296,NRU,FJI,851310
5090272,166,75,9330,2011,7319.0,1892.0,0.372732,0.548601,NZL,FJI,851310
5090273,192,75,9330,2011,8582.0,0.0,1.849116,0.52127,SGP,FJI,851310
5090274,195,75,9330,2011,0.0,2459.0,-1.401353,-0.931205,SLB,FJI,851310
5090275,221,75,9330,2011,0.0,3574.0,-0.14256,-0.589116,TON,FJI,851310
5090276,231,75,9330,2011,1300.0,0.0,1.6884849999999998,-0.474499,USA,FJI,851310
5090277,240,75,9330,2011,0.0,7292.0,-1.324335,-0.9620629999999999,VUT,FJI,851310
5090278,241,75,9330,2011,0.0,2374.0,0.512842,-0.681142,WLF,FJI,851310
5090279,242,75,9330,2011,0.0,6829.0,0.9658110000000001,0.30804699999999996,WSM,FJI,851310
5090280,249,75,9330,2011,11982.0,0.0,1.803234,0.921233,TWN,FJI,851310
5090281,7,87,9330,2011,9897.0,0.0,0.030652,-0.450808,ARE,GMB,851310
5090282,18,87,9330,2011,2925.0,0.0,1.221703,1.247961,BEL,GMB,851310
5090283,41,87,9330,2011,3978.0,0.0,2.2644029999999997,0.406131,CHE,GMB,851310
5090284,43,87,9330,2011,3375076.0,0.0,1.072299,1.686826,CHN,GMB,851310
5090285,61,87,9330,2011,791.0,0.0,2.074435,-3.440815,DEU,GMB,851310
5090286,77,87,9330,2011,1594.0,0.0,1.532054,0.09339299999999999,FRA,GMB,851310
5090287,81,87,9330,2011,2884.0,0.0,1.8048220000000001,0.380141,GBR,GMB,851310
5090288,85,87,9330,2011,0.0,69051.0,-1.728661,-1.193353,GIN,GMB,851310
5090289,88,87,9330,2011,0.0,180064.0,-0.839621,-0.6918850000000001,GNB,GMB,851310
5090290,141,87,9330,2011,0.0,9935.0,-0.6778109999999999,-0.653211,MLI,GMB,851310
5090291,191,87,9330,2011,0.0,100707.0,-0.624346,-0.308052,SEN,GMB,851310
5090292,43,123,9330,2011,34250.0,0.0,1.072299,1.686826,CHN,LAO,851310
5090293,192,123,9330,2011,2485.0,0.0,1.849116,0.52127,SGP,LAO,851310
5090294,216,123,9330,2011,85614.0,0.0,0.889009,1.503118,THA,LAO,851310
5090295,41,133,9330,2011,0.0,1487.0,2.2644029999999997,0.406131,CHE,MAC,851310
5090296,43,133,9330,2011,1107670.0,46888.0,1.072299,1.686826,CHN,MAC,851310
5090297,64,133,9330,2011,0.0,10537.0,1.156026,1.2248299999999999,DNK,MAC,851310
5090298,81,133,9330,2011,0.0,5632.0,1.8048220000000001,0.380141,GBR,MAC,851310
5090299,97,133,9330,2011,204783.0,9603.0,0.663588,1.902118,HKG,MAC,851310
5090300,111,133,9330,2011,1371.0,1191.0,1.298751,0.48013599999999995,ITA,MAC,851310
5090301,114,133,9330,2011,23898.0,1859.0,2.516395,-0.534301,JPN,MAC,851310
5090302,162,133,9330,2011,0.0,7257.0,1.1655229999999999,1.410167,NLD,MAC,851310
5090303,231,133,9330,2011,12545.0,7255.0,1.6884849999999998,-0.474499,USA,MAC,851310
5090304,249,133,9330,2011,25105.0,1681.0,1.803234,0.921233,TWN,MAC,851310
5090305,7,136,9330,2011,4238.0,0.0,0.030652,-0.450808,ARE,MDG,851310
5090306,14,136,9330,2011,712.0,0.0,-0.138148,0.002999,AUS,MDG,851310
5090307,18,136,9330,2011,1447.0,0.0,1.221703,1.247961,BEL,MDG,851310
5090308,43,136,9330,2011,2199788.0,0.0,1.072299,1.686826,CHN,MDG,851310
5090309,61,136,9330,2011,9563.0,0.0,2.074435,-3.440815,DEU,MDG,851310
5090310,71,136,9330,2011,0.0,2624.0,0.8677290000000001,2.4618450000000003,ESP,MDG,851310
5090311,77,136,9330,2011,45118.0,3506.0,1.532054,0.09339299999999999,FRA,MDG,851310
5090312,97,136,9330,2011,10397.0,0.0,0.663588,1.902118,HKG,MDG,851310
5090313,151,136,9330,2011,9257.0,0.0,-0.09464600000000001,0.091177,MUS,MDG,851310
5090314,162,136,9330,2011,14529.0,0.0,1.1655229999999999,1.410167,NLD,MDG,851310
5090315,192,136,9330,2011,1131.0,0.0,1.849116,0.52127,SGP,MDG,851310
5090316,231,136,9330,2011,9867.0,0.0,1.6884849999999998,-0.474499,USA,MDG,851310
5090317,246,136,9330,2011,38613.0,22378.0,0.241792,1.353011,ZAF,MDG,851310
5090318,250,136,9330,2011,5410.0,0.0,0.475638,-0.160135,ANS,MDG,851310
5090319,7,137,9330,2011,8961.0,0.0,0.030652,-0.450808,ARE,MDV,851310
5090320,14,137,9330,2011,1703.0,0.0,-0.138148,0.002999,AUS,MDV,851310
5090321,15,137,9330,2011,2470.0,0.0,1.687634,-0.229095,AUT,MDV,851310
5090322,43,137,9330,2011,45235.0,0.0,1.072299,1.686826,CHN,MDV,851310
5090323,59,137,9330,2011,6952.0,0.0,1.737788,0.14741600000000002,CZE,MDV,851310
5090324,61,137,9330,2011,19944.0,0.0,2.074435,-3.440815,DEU,MDV,851310
5090325,81,137,9330,2011,1454.0,0.0,1.8048220000000001,0.380141,GBR,MDV,851310
5090326,97,137,9330,2011,6138.0,0.0,0.663588,1.902118,HKG,MDV,851310
5090327,104,137,9330,2011,9453.0,0.0,0.18276199999999998,2.398765,IND,MDV,851310
5090328,111,137,9330,2011,5531.0,0.0,1.298751,0.48013599999999995,ITA,MDV,851310
5090329,128,137,9330,2011,12503.0,0.0,-0.559311,0.398905,LKA,MDV,851310
5090330,153,137,9330,2011,1775.0,0.0,0.9893290000000001,0.632079,MYS,MDV,851310
5090331,192,137,9330,2011,38835.0,0.0,1.849116,0.52127,SGP,MDV,851310
5090332,206,137,9330,2011,933.0,0.0,1.262897,0.8230569999999999,SVK,MDV,851310
5090333,207,137,9330,2011,1486.0,0.0,1.642913,0.700222,SVN,MDV,851310
5090334,216,137,9330,2011,2254.0,0.0,0.889009,1.503118,THA,MDV,851310
5090335,231,137,9330,2011,13696.0,0.0,1.6884849999999998,-0.474499,USA,MDV,851310
5090336,249,137,9330,2011,4656.0,0.0,1.803234,0.921233,TWN,MDV,851310
5090337,14,156,9330,2011,63540.0,0.0,-0.138148,0.002999,AUS,NCL,851310
5090338,15,156,9330,2011,2041.0,0.0,1.687634,-0.229095,AUT,NCL,851310
5090339,43,156,9330,2011,52558.0,0.0,1.072299,1.686826,CHN,NCL,851310
5090340,59,156,9330,2011,229.0,0.0,1.737788,0.14741600000000002,CZE,NCL,851310
5090341,61,156,9330,2011,1726.0,0.0,2.074435,-3.440815,DEU,NCL,851310
5090342,64,156,9330,2011,3860.0,0.0,1.156026,1.2248299999999999,DNK,NCL,851310
5090343,71,156,9330,2011,2338.0,0.0,0.8677290000000001,2.4618450000000003,ESP,NCL,851310
5090344,77,156,9330,2011,376052.0,0.0,1.532054,0.09339299999999999,FRA,NCL,851310
5090345,81,156,9330,2011,41557.0,0.0,1.8048220000000001,0.380141,GBR,NCL,851310
5090346,97,156,9330,2011,66187.0,0.0,0.663588,1.902118,HKG,NCL,851310
5090347,103,156,9330,2011,5674.0,0.0,-0.234125,1.168384,IDN,NCL,851310
5090348,111,156,9330,2011,6907.0,0.0,1.298751,0.48013599999999995,ITA,NCL,851310
5090349,114,156,9330,2011,23670.0,0.0,2.516395,-0.534301,JPN,NCL,851310
5090350,121,156,9330,2011,968.0,0.0,1.731371,0.8306879999999999,KOR,NCL,851310
5090351,153,156,9330,2011,2760.0,0.0,0.9893290000000001,0.632079,MYS,NCL,851310
5090352,162,156,9330,2011,18052.0,0.0,1.1655229999999999,1.410167,NLD,NCL,851310
5090353,166,156,9330,2011,5101.0,0.0,0.372732,0.548601,NZL,NCL,851310
5090354,177,156,9330,2011,4236.0,0.0,1.133641,1.134203,POL,NCL,851310
5090355,216,156,9330,2011,17072.0,0.0,0.889009,1.503118,THA,NCL,851310
5090356,231,156,9330,2011,31334.0,0.0,1.6884849999999998,-0.474499,USA,NCL,851310
5090357,241,156,9330,2011,0.0,3115.0,0.512842,-0.681142,WLF,NCL,851310
5090358,249,156,9330,2011,9779.0,0.0,1.803234,0.921233,TWN,NCL,851310
5090359,39,160,9330,2011,2573.0,0.0,0.754813,1.1967290000000002,CAN,NIC,851310
5090360,43,160,9330,2011,368449.0,0.0,1.072299,1.686826,CHN,NIC,851310
5090361,52,160,9330,2011,8658.0,0.0,0.04325,-0.553193,CRI,NIC,851310
5090362,61,160,9330,2011,17610.0,0.0,2.074435,-3.440815,DEU,NIC,851310
5090363,93,160,9330,2011,41642.0,0.0,-0.329497,0.775369,GTM,NIC,851310
5090364,99,160,9330,2011,0.0,958.0,-0.740241,-0.311952,HND,NIC,851310
5090365,103,160,9330,2011,8534.0,0.0,-0.234125,1.168384,IDN,NIC,851310
5090366,104,160,9330,2011,1792.0,0.0,0.18276199999999998,2.398765,IND,NIC,851310
5090367,138,160,9330,2011,23483.0,0.0,0.9534600000000001,0.706982,MEX,NIC,851310
5090368,169,160,9330,2011,32104.0,0.0,0.786135,1.061008,PAN,NIC,851310
5090369,197,160,9330,2011,6840.0,0.0,-0.09713200000000001,0.20772600000000002,SLV,NIC,851310
5090370,216,160,9330,2011,3549.0,0.0,0.889009,1.503118,THA,NIC,851310
5090371,231,160,9330,2011,29865.0,0.0,1.6884849999999998,-0.474499,USA,NIC,851310
5090372,249,160,9330,2011,4288.0,0.0,1.803234,0.921233,TWN,NIC,851310
5090373,43,181,9330,2011,30352.0,0.0,1.072299,1.686826,CHN,PSE,851310
5090374,110,181,9330,2011,52846.0,0.0,1.324384,0.714611,ISR,PSE,851310
5090375,111,181,9330,2011,596.0,0.0,1.298751,0.48013599999999995,ITA,PSE,851310
5090376,114,181,9330,2011,245.0,0.0,2.516395,-0.534301,JPN,PSE,851310
5090377,162,181,9330,2011,939.0,0.0,1.1655229999999999,1.410167,NLD,PSE,851310
5090378,208,181,9330,2011,9380.0,0.0,1.857146,0.366159,SWE,PSE,851310
5090379,7,187,9330,2011,51706.0,0.0,0.030652,-0.450808,ARE,RWA,851310
5090380,18,187,9330,2011,1632.0,0.0,1.221703,1.247961,BEL,RWA,851310
5090381,43,187,9330,2011,13338.0,0.0,1.072299,1.686826,CHN,RWA,851310
5090382,61,187,9330,2011,5117.0,0.0,2.074435,-3.440815,DEU,RWA,851310
5090383,81,187,9330,2011,1162.0,0.0,1.8048220000000001,0.380141,GBR,RWA,851310
5090384,97,187,9330,2011,6291.0,0.0,0.663588,1.902118,HKG,RWA,851310
5090385,104,187,9330,2011,1615.0,0.0,0.18276199999999998,2.398765,IND,RWA,851310
5090386,116,187,9330,2011,40515.0,0.0,-0.48319300000000004,0.346927,KEN,RWA,851310
5090387,226,187,9330,2011,965.0,803.0,-0.751316,0.286505,TZA,RWA,851310
5090388,227,187,9330,2011,1377.0,0.0,-0.7153,-0.062678,UGA,RWA,851310
5090389,231,187,9330,2011,65495.0,0.0,1.6884849999999998,-0.474499,USA,RWA,851310
5090390,246,187,9330,2011,871.0,0.0,0.241792,1.353011,ZAF,RWA,851310
5090391,18,214,9330,2011,4426.0,0.0,1.221703,1.247961,BEL,TCD,851310
5090392,43,214,9330,2011,92330.0,0.0,1.072299,1.686826,CHN,TCD,851310
5090393,71,214,9330,2011,2350.0,0.0,0.8677290000000001,2.4618450000000003,ESP,TCD,851310
5090394,77,214,9330,2011,9210.0,0.0,1.532054,0.09339299999999999,FRA,TCD,851310
5090395,14,240,9330,2011,27074.0,0.0,-0.138148,0.002999,AUS,VUT,851310
5090396,43,240,9330,2011,117744.0,0.0,1.072299,1.686826,CHN,VUT,851310
5090397,75,240,9330,2011,7292.0,0.0,-0.434356,-0.010863,FJI,VUT,851310
5090398,97,240,9330,2011,27765.0,0.0,0.663588,1.902118,HKG,VUT,851310
5090399,114,240,9330,2011,2655.0,0.0,2.516395,-0.534301,JPN,VUT,851310
5090400,166,240,9330,2011,2499.0,0.0,0.372732,0.548601,NZL,VUT,851310
5090401,192,240,9330,2011,2472.0,0.0,1.849116,0.52127,SGP,VUT,851310
5090402,195,240,9330,2011,0.0,8898.0,-1.401353,-0.931205,SLB,VUT,851310
5090403,43,242,9330,2011,23069.0,0.0,1.072299,1.686826,CHN,WSM,851310
5090404,75,242,9330,2011,6829.0,0.0,-0.434356,-0.010863,FJI,WSM,851310
5090405,97,242,9330,2011,710.0,0.0,0.663588,1.902118,HKG,WSM,851310
5090406,166,242,9330,2011,1144.0,0.0,0.372732,0.548601,NZL,WSM,851310
5090407,231,242,9330,2011,5092.0,0.0,1.6884849999999998,-0.474499,USA,WSM,851310
5090408,236,242,9330,2011,0.0,5168.0,-0.841147,-1.095636,VEN,WSM,851310
5090409,43,63,9330,2011,30486.0,0.0,1.072299,1.686826,CHN,DMA,851310
5090410,222,63,9330,2011,4069.0,0.0,-0.44228,-1.031793,TTO,DMA,851310
5090411,231,63,9330,2011,2687.0,0.0,1.6884849999999998,-0.474499,USA,DMA,851310
5090412,43,88,9330,2011,37925.0,0.0,1.072299,1.686826,CHN,GNB,851310
5090413,87,88,9330,2011,180064.0,0.0,-0.621556,-0.64336,GMB,GNB,851310
5090414,43,91,9330,2011,5990.0,0.0,1.072299,1.686826,CHN,GRD,851310
5090415,81,91,9330,2011,9245.0,0.0,1.8048220000000001,0.380141,GBR,GRD,851310
5090416,169,91,9330,2011,2940.0,0.0,0.786135,1.061008,PAN,GRD,851310
5090417,41,92,9330,2011,435.0,0.0,2.2644029999999997,0.406131,CHE,GRL,851310
5090418,43,92,9330,2011,148.0,0.0,1.072299,1.686826,CHN,GRL,851310
5090419,61,92,9330,2011,1127.0,0.0,2.074435,-3.440815,DEU,GRL,851310
5090420,64,92,9330,2011,121493.0,0.0,1.156026,1.2248299999999999,DNK,GRL,851310
5090421,77,92,9330,2011,1583.0,0.0,1.532054,0.09339299999999999,FRA,GRL,851310
5090422,109,92,9330,2011,925.0,0.0,0.284202,-0.23753000000000002,ISL,GRL,851310
5090423,163,92,9330,2011,4643.0,0.0,0.8492770000000001,0.050044,NOR,GRL,851310
5090424,208,92,9330,2011,3025.0,0.0,1.857146,0.366159,SWE,GRL,851310
5090425,43,101,9330,2011,212468.0,0.0,1.072299,1.686826,CHN,HTI,851310
5090426,61,101,9330,2011,1255.0,0.0,2.074435,-3.440815,DEU,HTI,851310
5090427,81,101,9330,2011,59592.0,0.0,1.8048220000000001,0.380141,GBR,HTI,851310
5090428,93,101,9330,2011,1269.0,0.0,-0.329497,0.775369,GTM,HTI,851310
5090429,97,101,9330,2011,34668.0,0.0,0.663588,1.902118,HKG,HTI,851310
5090430,111,101,9330,2011,2465.0,0.0,1.298751,0.48013599999999995,ITA,HTI,851310
5090431,138,101,9330,2011,1133.0,0.0,0.9534600000000001,0.706982,MEX,HTI,851310
5090432,169,101,9330,2011,218808.0,0.0,0.786135,1.061008,PAN,HTI,851310
5090433,231,101,9330,2011,295647.0,0.0,1.6884849999999998,-0.474499,USA,HTI,851310
5090434,43,221,9330,2011,27749.0,0.0,1.072299,1.686826,CHN,TON,851310
5090435,75,221,9330,2011,3574.0,0.0,-0.434356,-0.010863,FJI,TON,851310
5090436,166,221,9330,2011,12065.0,0.0,0.372732,0.548601,NZL,TON,851310
5090437,231,221,9330,2011,2490.0,0.0,1.6884849999999998,-0.474499,USA,TON,851310
5090438,22,5,9330,2011,0.0,1190.0,-1.074416,-0.8276370000000001,BGD,AND,851310
5090439,43,5,9330,2011,7237.0,0.0,1.072299,1.686826,CHN,AND,851310
5090440,61,5,9330,2011,22248.0,0.0,2.074435,-3.440815,DEU,AND,851310
5090441,71,5,9330,2011,121090.0,1584.0,0.8677290000000001,2.4618450000000003,ESP,AND,851310
5090442,77,5,9330,2011,117239.0,5906.0,1.532054,0.09339299999999999,FRA,AND,851310
5090443,111,5,9330,2011,30409.0,0.0,1.298751,0.48013599999999995,ITA,AND,851310
5090444,162,5,9330,2011,3919.0,0.0,1.1655229999999999,1.410167,NLD,AND,851310
5090445,231,5,9330,2011,1580.0,0.0,1.6884849999999998,-0.474499,USA,AND,851310
5090446,39,30,9330,2011,1675.0,0.0,0.754813,1.1967290000000002,CAN,BMU,851310
5090447,43,30,9330,2011,14284.0,0.0,1.072299,1.686826,CHN,BMU,851310
5090448,81,30,9330,2011,2274.0,0.0,1.8048220000000001,0.380141,GBR,BMU,851310
5090449,231,30,9330,2011,39622.0,0.0,1.6884849999999998,-0.474499,USA,BMU,851310
5090450,14,56,9330,2011,77390.0,0.0,-0.138148,0.002999,AUS,CXR,851310
5090451,81,76,9330,2011,4577.0,0.0,1.8048220000000001,0.380141,GBR,FLK,851310
5090452,43,79,9330,2011,10725.0,0.0,1.072299,1.686826,CHN,FSM,851310
5090453,97,79,9330,2011,4357.0,0.0,0.663588,1.902118,HKG,FSM,851310
5090454,103,79,9330,2011,33832.0,0.0,-0.234125,1.168384,IDN,FSM,851310
5090455,114,79,9330,2011,6068.0,0.0,2.516395,-0.534301,JPN,FSM,851310
5090456,174,79,9330,2011,5190.0,0.0,0.364707,0.322626,PHL,FSM,851310
5090457,192,79,9330,2011,6352.0,0.0,1.849116,0.52127,SGP,FSM,851310
5090458,231,79,9330,2011,9832.0,0.0,1.6884849999999998,-0.474499,USA,FSM,851310
5090459,14,95,9330,2011,10907.0,0.0,-0.138148,0.002999,AUS,GUM,851310
5090460,97,95,9330,2011,60863.0,0.0,0.663588,1.902118,HKG,GUM,851310
5090461,114,95,9330,2011,6405.0,0.0,2.516395,-0.534301,JPN,GUM,851310
5090462,166,95,9330,2011,10756.0,0.0,0.372732,0.548601,NZL,GUM,851310
5090463,249,95,9330,2011,2485.0,0.0,1.803234,0.921233,TWN,GUM,851310
5090464,14,119,9330,2011,4714.0,0.0,-0.138148,0.002999,AUS,KIR,851310
5090465,43,119,9330,2011,1234.0,0.0,1.072299,1.686826,CHN,KIR,851310
5090466,75,119,9330,2011,28472.0,0.0,-0.434356,-0.010863,FJI,KIR,851310
5090467,97,119,9330,2011,2620.0,0.0,0.663588,1.902118,HKG,KIR,851310
5090468,103,119,9330,2011,3383.0,0.0,-0.234125,1.168384,IDN,KIR,851310
5090469,114,119,9330,2011,6749.0,0.0,2.516395,-0.534301,JPN,KIR,851310
5090470,114,146,9330,2011,13538.0,0.0,2.516395,-0.534301,JPN,MNP,851310
5090471,166,161,9330,2011,4556.0,0.0,0.372732,0.548601,NZL,NIU,851310
5090472,97,175,9330,2011,1305.0,0.0,0.663588,1.902118,HKG,PLW,851310
5090473,114,175,9330,2011,2492.0,0.0,2.516395,-0.534301,JPN,PLW,851310
5090474,174,175,9330,2011,1049.0,0.0,0.364707,0.322626,PHL,PLW,851310
5090475,192,175,9330,2011,3086.0,0.0,1.849116,0.52127,SGP,PLW,851310
5090476,231,175,9330,2011,5645.0,0.0,1.6884849999999998,-0.474499,USA,PLW,851310
5090477,249,175,9330,2011,1503.0,0.0,1.803234,0.921233,TWN,PLW,851310
5090478,236,194,9330,2011,0.0,9313.0,-0.841147,-1.095636,VEN,SHN,851310
5090479,246,194,9330,2011,0.0,1362.0,0.241792,1.353011,ZAF,SHN,851310
5090480,14,195,9330,2011,1478.0,0.0,-0.138148,0.002999,AUS,SLB,851310
5090481,43,195,9330,2011,13522.0,0.0,1.072299,1.686826,CHN,SLB,851310
5090482,75,195,9330,2011,2459.0,0.0,-0.434356,-0.010863,FJI,SLB,851310
5090483,97,195,9330,2011,18974.0,0.0,0.663588,1.902118,HKG,SLB,851310
5090484,103,195,9330,2011,5106.0,0.0,-0.234125,1.168384,IDN,SLB,851310
5090485,114,195,9330,2011,1709.0,0.0,2.516395,-0.534301,JPN,SLB,851310
5090486,153,195,9330,2011,4065.0,0.0,0.9893290000000001,0.632079,MYS,SLB,851310
5090487,166,195,9330,2011,10013.0,0.0,0.372732,0.548601,NZL,SLB,851310
5090488,192,195,9330,2011,8326.0,0.0,1.849116,0.52127,SGP,SLB,851310
5090489,216,195,9330,2011,945.0,0.0,0.889009,1.503118,THA,SLB,851310
5090490,240,195,9330,2011,8898.0,0.0,-1.324335,-0.9620629999999999,VUT,SLB,851310
5090491,249,195,9330,2011,749.0,0.0,1.803234,0.921233,TWN,SLB,851310
5090492,75,241,9330,2011,2374.0,0.0,-0.434356,-0.010863,FJI,WLF,851310
5090493,156,241,9330,2011,3115.0,0.0,-0.976349,-0.798691,NCL,WLF,851310
5090494,41,78,9330,2011,1358.0,0.0,2.2644029999999997,0.406131,CHE,FRO,851310
5090495,61,78,9330,2011,2442.0,0.0,2.074435,-3.440815,DEU,FRO,851310
5090496,64,78,9330,2011,54256.0,0.0,1.156026,1.2248299999999999,DNK,FRO,851310
5090497,43,154,9330,2011,4683.0,0.0,1.072299,1.686826,CHN,MYT,851310
5090498,77,154,9330,2011,5433.0,0.0,1.532054,0.09339299999999999,FRA,MYT,851310
5090499,151,154,9330,2011,1605.0,0.0,-0.09464600000000001,0.091177,MUS,MYT,851310
5090500,39,200,9330,2011,2428.0,0.0,0.754813,1.1967290000000002,CAN,SPM,851310
5090501,77,200,9330,2011,1228.0,0.0,1.532054,0.09339299999999999,FRA,SPM,851310
5090502,147,105,9330,2011,0.0,2554.0,-1.2069299999999998,-0.977785,MOZ,IOT,851310
5090503,169,210,9330,2011,3516.0,0.0,0.786135,1.061008,PAN,SXM,851310
5090504,2,7,9333,2011,0.0,2239.0,-1.252991,-1.132314,AGO,ARE,851420
5090505,14,7,9333,2011,956986.0,0.0,-0.138148,0.002999,AUS,ARE,851420
5090506,18,7,9333,2011,5251.0,0.0,1.221703,1.247961,BEL,ARE,851420
5090507,23,7,9333,2011,1582.0,0.0,0.537967,1.520973,BGR,ARE,851420
5090508,39,7,9333,2011,15690.0,0.0,0.754813,1.1967290000000002,CAN,ARE,851420
5090509,41,7,9333,2011,10292.0,0.0,2.2644029999999997,0.406131,CHE,ARE,851420
5090510,43,7,9333,2011,89565.0,0.0,1.072299,1.686826,CHN,ARE,851420
5090511,61,7,9333,2011,122441.0,0.0,2.074435,-3.440815,DEU,ARE,851420
5090512,77,7,9333,2011,6292.0,0.0,1.532054,0.09339299999999999,FRA,ARE,851420
5090513,81,7,9333,2011,69791.0,0.0,1.8048220000000001,0.380141,GBR,ARE,851420
5090514,104,7,9333,2011,2527442.0,0.0,0.18276199999999998,2.398765,IND,ARE,851420
5090515,107,7,9333,2011,0.0,48385.0,-0.915379,-0.973194,IRN,ARE,851420
5090516,111,7,9333,2011,215452.0,0.0,1.298751,0.48013599999999995,ITA,ARE,851420
5090517,114,7,9333,2011,307712.0,0.0,2.516395,-0.534301,JPN,ARE,851420
5090518,121,7,9333,2011,106448.0,0.0,1.731371,0.8306879999999999,KOR,ARE,851420
5090519,151,7,9333,2011,0.0,31497.0,-0.09464600000000001,0.091177,MUS,ARE,851420
5090520,159,7,9333,2011,0.0,103412.0,-1.699286,-1.15511,NGA,ARE,851420
5090521,168,7,9333,2011,0.0,11053.0,-0.729677,0.6026729999999999,PAK,ARE,851420
5090522,192,7,9333,2011,13068.0,0.0,1.849116,0.52127,SGP,ARE,851420
5090523,208,7,9333,2011,47752.0,0.0,1.857146,0.366159,SWE,ARE,851420
5090524,224,7,9333,2011,4776.0,0.0,0.45775,2.4316259999999996,TUR,ARE,851420
5090525,231,7,9333,2011,549258.0,0.0,1.6884849999999998,-0.474499,USA,ARE,851420
5090526,31,8,9333,2011,0.0,3192.0,-0.818593,-0.8701770000000001,BOL,ARG,851420
5090527,32,8,9333,2011,495998.0,0.0,0.27718400000000004,0.5674319999999999,BRA,ARG,851420
5090528,43,8,9333,2011,52597.0,0.0,1.072299,1.686826,CHN,ARG,851420
5090529,61,8,9333,2011,1728613.0,0.0,2.074435,-3.440815,DEU,ARG,851420
5090530,71,8,9333,2011,341896.0,0.0,0.8677290000000001,2.4618450000000003,ESP,ARG,851420
5090531,77,8,9333,2011,2345.0,0.0,1.532054,0.09339299999999999,FRA,ARG,851420
5090532,81,8,9333,2011,14713.0,0.0,1.8048220000000001,0.380141,GBR,ARG,851420
5090533,104,8,9333,2011,237841.0,0.0,0.18276199999999998,2.398765,IND,ARG,851420
5090534,111,8,9333,2011,23634.0,0.0,1.298751,0.48013599999999995,ITA,ARG,851420
5090535,121,8,9333,2011,1528.0,0.0,1.731371,0.8306879999999999,KOR,ARG,851420
5090536,162,8,9333,2011,19159.0,0.0,1.1655229999999999,1.410167,NLD,ARG,851420
5090537,224,8,9333,2011,13144.0,0.0,0.45775,2.4316259999999996,TUR,ARG,851420
5090538,231,8,9333,2011,174636.0,0.0,1.6884849999999998,-0.474499,USA,ARG,851420
5090539,246,8,9333,2011,4199.0,0.0,0.241792,1.353011,ZAF,ARG,851420
5090540,250,8,9333,2011,13671.0,0.0,0.475638,-0.160135,ANS,ARG,851420
5090541,9,15,9333,2011,0.0,1424.0,0.543397,-0.029376999999999997,ARM,AUT,851420
5090542,14,15,9333,2011,0.0,325830.0,-0.138148,0.002999,AUS,AUT,851420
5090543,18,15,9333,2011,18649.0,27952.0,1.221703,1.247961,BEL,AUT,851420
5090544,26,15,9333,2011,0.0,8423.0,0.391425,0.6066600000000001,BIH,AUT,851420
5090545,32,15,9333,2011,0.0,239955.0,0.27718400000000004,0.5674319999999999,BRA,AUT,851420
5090546,39,15,9333,2011,0.0,22872.0,0.754813,1.1967290000000002,CAN,AUT,851420
5090547,41,15,9333,2011,0.0,12725.0,2.2644029999999997,0.406131,CHE,AUT,851420
5090548,43,15,9333,2011,94184.0,722979.0,1.072299,1.686826,CHN,AUT,851420
5090549,61,15,9333,2011,5452305.0,792701.0,2.074435,-3.440815,DEU,AUT,851420
5090550,68,15,9333,2011,0.0,10808.0,-0.166243,1.384719,EGY,AUT,851420
5090551,71,15,9333,2011,0.0,2651.0,0.8677290000000001,2.4618450000000003,ESP,AUT,851420
5090552,77,15,9333,2011,0.0,10136.0,1.532054,0.09339299999999999,FRA,AUT,851420
5090553,81,15,9333,2011,382998.0,6134.0,1.8048220000000001,0.380141,GBR,AUT,851420
5090554,100,15,9333,2011,0.0,84315.0,0.868294,0.9424299999999999,HRV,AUT,851420
5090555,102,15,9333,2011,3951.0,30179.0,1.486592,0.805642,HUN,AUT,851420
5090556,104,15,9333,2011,0.0,11111.0,0.18276199999999998,2.398765,IND,AUT,851420
5090557,107,15,9333,2011,0.0,36824.0,-0.915379,-0.973194,IRN,AUT,851420
5090558,111,15,9333,2011,103015.0,256212.0,1.298751,0.48013599999999995,ITA,AUT,851420
5090559,114,15,9333,2011,1147168.0,72093.0,2.516395,-0.534301,JPN,AUT,851420
5090560,121,15,9333,2011,0.0,141401.0,1.731371,0.8306879999999999,KOR,AUT,851420
5090561,138,15,9333,2011,0.0,7576.0,0.9534600000000001,0.706982,MEX,AUT,851420
5090562,140,15,9333,2011,0.0,13333.0,-0.12310499999999999,0.16392,MKD,AUT,851420
5090563,153,15,9333,2011,30237.0,0.0,0.9893290000000001,0.632079,MYS,AUT,851420
5090564,156,15,9333,2011,0.0,19057.0,-0.976349,-0.798691,NCL,AUT,851420
5090565,162,15,9333,2011,34122.0,0.0,1.1655229999999999,1.410167,NLD,AUT,851420
5090566,166,15,9333,2011,0.0,25258.0,0.372732,0.548601,NZL,AUT,851420
5090567,174,15,9333,2011,0.0,13297.0,0.364707,0.322626,PHL,AUT,851420
5090568,177,15,9333,2011,0.0,23631.0,1.133641,1.134203,POL,AUT,851420
5090569,185,15,9333,2011,0.0,1418.0,0.722,1.296655,ROU,AUT,851420
5090570,186,15,9333,2011,0.0,1164284.0,0.47319399999999995,-0.20801599999999998,RUS,AUT,851420
5090571,192,15,9333,2011,0.0,3594.0,1.849116,0.52127,SGP,AUT,851420
5090572,201,15,9333,2011,0.0,12264.0,0.49055699999999997,1.5601399999999999,SRB,AUT,851420
5090573,206,15,9333,2011,311084.0,4625.0,1.262897,0.8230569999999999,SVK,AUT,851420
5090574,207,15,9333,2011,19155.0,0.0,1.642913,0.700222,SVN,AUT,851420
5090575,208,15,9333,2011,437326.0,0.0,1.857146,0.366159,SWE,AUT,851420
5090576,216,15,9333,2011,0.0,52297.0,0.889009,1.503118,THA,AUT,851420
5090577,224,15,9333,2011,2750.0,0.0,0.45775,2.4316259999999996,TUR,AUT,851420
5090578,231,15,9333,2011,14188.0,338191.0,1.6884849999999998,-0.474499,USA,AUT,851420
5090579,246,15,9333,2011,0.0,18508.0,0.241792,1.353011,ZAF,AUT,851420
5090580,249,15,9333,2011,0.0,50433.0,1.803234,0.921233,TWN,AUT,851420
5090581,41,16,9333,2011,1090.0,0.0,2.2644029999999997,0.406131,CHE,AZE,851420
5090582,43,16,9333,2011,163847.0,0.0,1.072299,1.686826,CHN,AZE,851420
5090583,61,16,9333,2011,9163.0,0.0,2.074435,-3.440815,DEU,AZE,851420
5090584,82,16,9333,2011,0.0,4200.0,-0.07754,-0.35434699999999997,GEO,AZE,851420
5090585,206,16,9333,2011,2009.0,0.0,1.262897,0.8230569999999999,SVK,AZE,851420
5090586,224,16,9333,2011,436023.0,0.0,0.45775,2.4316259999999996,TUR,AZE,851420
5090587,228,16,9333,2011,61546.0,0.0,0.6221409999999999,0.765505,UKR,AZE,851420
5090588,2,18,9333,2011,0.0,25794.0,-1.252991,-1.132314,AGO,BEL,851420
5090589,7,18,9333,2011,0.0,5251.0,0.030652,-0.450808,ARE,BEL,851420
5090590,15,18,9333,2011,27952.0,18649.0,1.687634,-0.229095,AUT,BEL,851420
5090591,28,18,9333,2011,0.0,23674.0,0.8786729999999999,0.442097,BLR,BEL,851420
5090592,32,18,9333,2011,0.0,660366.0,0.27718400000000004,0.5674319999999999,BRA,BEL,851420
5090593,41,18,9333,2011,9511.0,30394.0,2.2644029999999997,0.406131,CHE,BEL,851420
5090594,43,18,9333,2011,92126.0,799203.0,1.072299,1.686826,CHN,BEL,851420
5090595,44,18,9333,2011,0.0,99751.0,-1.069474,-0.867439,CIV,BEL,851420
5090596,49,18,9333,2011,0.0,6540.0,0.14336600000000002,-0.22996,COL,BEL,851420
5090597,52,18,9333,2011,0.0,9614.0,0.04325,-0.553193,CRI,BEL,851420
5090598,59,18,9333,2011,50977.0,0.0,1.737788,0.14741600000000002,CZE,BEL,851420
5090599,61,18,9333,2011,787609.0,45667.0,2.074435,-3.440815,DEU,BEL,851420
5090600,64,18,9333,2011,0.0,87406.0,1.156026,1.2248299999999999,DNK,BEL,851420
5090601,71,18,9333,2011,0.0,15237.0,0.8677290000000001,2.4618450000000003,ESP,BEL,851420
5090602,74,18,9333,2011,0.0,2068.0,1.7488830000000002,0.890934,FIN,BEL,851420
5090603,77,18,9333,2011,397582.0,182972.0,1.532054,0.09339299999999999,FRA,BEL,851420
5090604,81,18,9333,2011,201850.0,62506.0,1.8048220000000001,0.380141,GBR,BEL,851420
5090605,90,18,9333,2011,0.0,12073.0,0.138679,1.30044,GRC,BEL,851420
5090606,93,18,9333,2011,0.0,13913.0,-0.329497,0.775369,GTM,BEL,851420
5090607,102,18,9333,2011,0.0,2206.0,1.486592,0.805642,HUN,BEL,851420
5090608,111,18,9333,2011,221130.0,46180.0,1.298751,0.48013599999999995,ITA,BEL,851420
5090609,114,18,9333,2011,0.0,6773.0,2.516395,-0.534301,JPN,BEL,851420
5090610,130,18,9333,2011,0.0,8487.0,0.747963,0.9759530000000001,LTU,BEL,851420
5090611,131,18,9333,2011,0.0,21986.0,1.1655739999999999,1.222379,LUX,BEL,851420
5090612,132,18,9333,2011,0.0,2010.0,0.7320939999999999,1.101321,LVA,BEL,851420
5090613,162,18,9333,2011,238264.0,33861.0,1.1655229999999999,1.410167,NLD,BEL,851420
5090614,163,18,9333,2011,0.0,18065.0,0.8492770000000001,0.050044,NOR,BEL,851420
5090615,169,18,9333,2011,0.0,1438.0,0.786135,1.061008,PAN,BEL,851420
5090616,173,18,9333,2011,0.0,8368.0,-0.455977,0.442543,PER,BEL,851420
5090617,177,18,9333,2011,0.0,23056.0,1.133641,1.134203,POL,BEL,851420
5090618,185,18,9333,2011,0.0,21077.0,0.722,1.296655,ROU,BEL,851420
5090619,188,18,9333,2011,0.0,4074.0,0.354045,-0.800028,SAU,BEL,851420
5090620,192,18,9333,2011,1992.0,3984.0,1.849116,0.52127,SGP,BEL,851420
5090621,206,18,9333,2011,0.0,5441.0,1.262897,0.8230569999999999,SVK,BEL,851420
5090622,207,18,9333,2011,0.0,1928.0,1.642913,0.700222,SVN,BEL,851420
5090623,208,18,9333,2011,1168.0,394401.0,1.857146,0.366159,SWE,BEL,851420
5090624,224,18,9333,2011,27980.0,0.0,0.45775,2.4316259999999996,TUR,BEL,851420
5090625,231,18,9333,2011,505440.0,0.0,1.6884849999999998,-0.474499,USA,BEL,851420
5090626,7,23,9333,2011,0.0,1582.0,0.030652,-0.450808,ARE,BGR,851420
5090627,43,23,9333,2011,2346.0,0.0,1.072299,1.686826,CHN,BGR,851420
5090628,61,23,9333,2011,101945.0,0.0,2.074435,-3.440815,DEU,BGR,851420
5090629,77,23,9333,2011,7538.0,9856.0,1.532054,0.09339299999999999,FRA,BGR,851420
5090630,81,23,9333,2011,43728.0,0.0,1.8048220000000001,0.380141,GBR,BGR,851420
5090631,104,23,9333,2011,0.0,1796.0,0.18276199999999998,2.398765,IND,BGR,851420
5090632,110,23,9333,2011,0.0,7488.0,1.324384,0.714611,ISR,BGR,851420
5090633,111,23,9333,2011,572998.0,28158.0,1.298751,0.48013599999999995,ITA,BGR,851420
5090634,115,23,9333,2011,0.0,135041.0,-0.514687,-0.775671,KAZ,BGR,851420
5090635,185,23,9333,2011,67980.0,0.0,0.722,1.296655,ROU,BGR,851420
5090636,224,23,9333,2011,62665.0,0.0,0.45775,2.4316259999999996,TUR,BGR,851420
5090637,231,23,9333,2011,12028.0,149994.0,1.6884849999999998,-0.474499,USA,BGR,851420
5090638,231,25,9333,2011,117120.0,0.0,1.6884849999999998,-0.474499,USA,BHS,851420
5090639,8,32,9333,2011,0.0,495998.0,0.240494,0.540376,ARG,BRA,851420
5090640,15,32,9333,2011,239955.0,0.0,1.687634,-0.229095,AUT,BRA,851420
5090641,18,32,9333,2011,660366.0,0.0,1.221703,1.247961,BEL,BRA,851420
5090642,42,32,9333,2011,0.0,3157.0,-0.199877,-0.353009,CHL,BRA,851420
5090643,43,32,9333,2011,1161919.0,0.0,1.072299,1.686826,CHN,BRA,851420
5090644,49,32,9333,2011,0.0,201204.0,0.14336600000000002,-0.22996,COL,BRA,851420
5090645,59,32,9333,2011,11453.0,0.0,1.737788,0.14741600000000002,CZE,BRA,851420
5090646,61,32,9333,2011,5322891.0,1826.0,2.074435,-3.440815,DEU,BRA,851420
5090647,67,32,9333,2011,0.0,30759.0,-0.8250639999999999,-0.839082,ECU,BRA,851420
5090648,71,32,9333,2011,228559.0,0.0,0.8677290000000001,2.4618450000000003,ESP,BRA,851420
5090649,77,32,9333,2011,2661.0,0.0,1.532054,0.09339299999999999,FRA,BRA,851420
5090650,81,32,9333,2011,48532.0,0.0,1.8048220000000001,0.380141,GBR,BRA,851420
5090651,102,32,9333,2011,0.0,48131.0,1.486592,0.805642,HUN,BRA,851420
5090652,103,32,9333,2011,20423.0,0.0,-0.234125,1.168384,IDN,BRA,851420
5090653,104,32,9333,2011,663124.0,19889.0,0.18276199999999998,2.398765,IND,BRA,851420
5090654,111,32,9333,2011,2396700.0,0.0,1.298751,0.48013599999999995,ITA,BRA,851420
5090655,114,32,9333,2011,547505.0,0.0,2.516395,-0.534301,JPN,BRA,851420
5090656,138,32,9333,2011,0.0,971.0,0.9534600000000001,0.706982,MEX,BRA,851420
5090657,163,32,9333,2011,110514.0,0.0,0.8492770000000001,0.050044,NOR,BRA,851420
5090658,208,32,9333,2011,1034.0,0.0,1.857146,0.366159,SWE,BRA,851420
5090659,216,32,9333,2011,498455.0,27998.0,0.889009,1.503118,THA,BRA,851420
5090660,224,32,9333,2011,106358.0,0.0,0.45775,2.4316259999999996,TUR,BRA,851420
5090661,231,32,9333,2011,1826476.0,0.0,1.6884849999999998,-0.474499,USA,BRA,851420
5090662,249,32,9333,2011,7683.0,0.0,1.803234,0.921233,TWN,BRA,851420
5090663,231,33,9333,2011,128321.0,2118.0,1.6884849999999998,-0.474499,USA,BRB,851420
5090664,7,39,9333,2011,0.0,15690.0,0.030652,-0.450808,ARE,CAN,851420
5090665,15,39,9333,2011,22872.0,0.0,1.687634,-0.229095,AUT,CAN,851420
5090666,42,39,9333,2011,0.0,18360.0,-0.199877,-0.353009,CHL,CAN,851420
5090667,43,39,9333,2011,184981.0,125563.0,1.072299,1.686826,CHN,CAN,851420
5090668,61,39,9333,2011,79097.0,0.0,2.074435,-3.440815,DEU,CAN,851420
5090669,67,39,9333,2011,0.0,24204.0,-0.8250639999999999,-0.839082,ECU,CAN,851420
5090670,81,39,9333,2011,278990.0,37545.0,1.8048220000000001,0.380141,GBR,CAN,851420
5090671,90,39,9333,2011,0.0,3875.0,0.138679,1.30044,GRC,CAN,851420
5090672,97,39,9333,2011,0.0,51609.0,0.663588,1.902118,HKG,CAN,851420
5090673,103,39,9333,2011,0.0,5483.0,-0.234125,1.168384,IDN,CAN,851420
5090674,104,39,9333,2011,0.0,109604.0,0.18276199999999998,2.398765,IND,CAN,851420
5090675,106,39,9333,2011,1357.0,0.0,1.403182,0.290245,IRL,CAN,851420
5090676,111,39,9333,2011,6442.0,0.0,1.298751,0.48013599999999995,ITA,CAN,851420
5090677,121,39,9333,2011,41734.0,57084.0,1.731371,0.8306879999999999,KOR,CAN,851420
5090678,132,39,9333,2011,0.0,43191.0,0.7320939999999999,1.101321,LVA,CAN,851420
5090679,133,39,9333,2011,0.0,415.0,0.511015,0.560905,MAC,CAN,851420
5090680,136,39,9333,2011,0.0,3263.0,-1.040519,-0.404883,MDG,CAN,851420
5090681,138,39,9333,2011,0.0,449969.0,0.9534600000000001,0.706982,MEX,CAN,851420
5090682,151,39,9333,2011,0.0,4611.0,-0.09464600000000001,0.091177,MUS,CAN,851420
5090683,162,39,9333,2011,3912.0,0.0,1.1655229999999999,1.410167,NLD,CAN,851420
5090684,167,39,9333,2011,0.0,13278.0,-0.473703,-0.952491,OMN,CAN,851420
5090685,168,39,9333,2011,0.0,15962.0,-0.729677,0.6026729999999999,PAK,CAN,851420
5090686,169,39,9333,2011,0.0,48383.0,0.786135,1.061008,PAN,CAN,851420
5090687,185,39,9333,2011,0.0,21674.0,0.722,1.296655,ROU,CAN,851420
5090688,188,39,9333,2011,0.0,47124.0,0.354045,-0.800028,SAU,CAN,851420
5090689,192,39,9333,2011,0.0,10608.0,1.849116,0.52127,SGP,CAN,851420
5090690,208,39,9333,2011,17124.0,6351.0,1.857146,0.366159,SWE,CAN,851420
5090691,216,39,9333,2011,5867.0,44483.0,0.889009,1.503118,THA,CAN,851420
5090692,224,39,9333,2011,0.0,364153.0,0.45775,2.4316259999999996,TUR,CAN,851420
5090693,231,39,9333,2011,3230344.0,320581.0,1.6884849999999998,-0.474499,USA,CAN,851420
5090694,239,39,9333,2011,0.0,71593.0,-0.184453,1.637207,VNM,CAN,851420
5090695,246,39,9333,2011,0.0,929.0,0.241792,1.353011,ZAF,CAN,851420
5090696,249,39,9333,2011,1899.0,0.0,1.803234,0.921233,TWN,CAN,851420
5090697,7,41,9333,2011,0.0,10292.0,0.030652,-0.450808,ARE,CHE,851420
5090698,15,41,9333,2011,12725.0,0.0,1.687634,-0.229095,AUT,CHE,851420
5090699,16,41,9333,2011,0.0,1090.0,-1.313136,-1.189989,AZE,CHE,851420
5090700,18,41,9333,2011,30394.0,9511.0,1.221703,1.247961,BEL,CHE,851420
5090701,43,41,9333,2011,52538.0,86799.0,1.072299,1.686826,CHN,CHE,851420
5090702,49,41,9333,2011,0.0,3291.0,0.14336600000000002,-0.22996,COL,CHE,851420
5090703,54,41,9333,2011,0.0,2707.0,-0.050093,-0.88759,CUB,CHE,851420
5090704,61,41,9333,2011,1533309.0,1104953.0,2.074435,-3.440815,DEU,CHE,851420
5090705,71,41,9333,2011,7975.0,876723.0,0.8677290000000001,2.4618450000000003,ESP,CHE,851420
5090706,74,41,9333,2011,0.0,40918.0,1.7488830000000002,0.890934,FIN,CHE,851420
5090707,77,41,9333,2011,52113.0,506927.0,1.532054,0.09339299999999999,FRA,CHE,851420
5090708,81,41,9333,2011,703141.0,12302.0,1.8048220000000001,0.380141,GBR,CHE,851420
5090709,90,41,9333,2011,0.0,44666.0,0.138679,1.30044,GRC,CHE,851420
5090710,103,41,9333,2011,0.0,131869.0,-0.234125,1.168384,IDN,CHE,851420
5090711,104,41,9333,2011,0.0,1014298.0,0.18276199999999998,2.398765,IND,CHE,851420
5090712,111,41,9333,2011,1801538.0,386798.0,1.298751,0.48013599999999995,ITA,CHE,851420
5090713,121,41,9333,2011,3368.0,0.0,1.731371,0.8306879999999999,KOR,CHE,851420
5090714,134,41,9333,2011,0.0,11477.0,-0.485404,0.099828,MAR,CHE,851420
5090715,138,41,9333,2011,0.0,31398.0,0.9534600000000001,0.706982,MEX,CHE,851420
5090716,153,41,9333,2011,71910.0,296741.0,0.9893290000000001,0.632079,MYS,CHE,851420
5090717,162,41,9333,2011,0.0,27012.0,1.1655229999999999,1.410167,NLD,CHE,851420
5090718,177,41,9333,2011,0.0,63618.0,1.133641,1.134203,POL,CHE,851420
5090719,179,41,9333,2011,0.0,305146.0,0.558481,2.7056240000000003,PRT,CHE,851420
5090720,192,41,9333,2011,0.0,3433.0,1.849116,0.52127,SGP,CHE,851420
5090721,208,41,9333,2011,30929.0,13766.0,1.857146,0.366159,SWE,CHE,851420
5090722,216,41,9333,2011,0.0,115485.0,0.889009,1.503118,THA,CHE,851420
5090723,224,41,9333,2011,7092.0,37484.0,0.45775,2.4316259999999996,TUR,CHE,851420
5090724,231,41,9333,2011,3490.0,126608.0,1.6884849999999998,-0.474499,USA,CHE,851420
5090725,239,41,9333,2011,0.0,33862.0,-0.184453,1.637207,VNM,CHE,851420
5090726,246,41,9333,2011,0.0,75780.0,0.241792,1.353011,ZAF,CHE,851420
5090727,32,42,9333,2011,3157.0,0.0,0.27718400000000004,0.5674319999999999,BRA,CHL,851420
5090728,39,42,9333,2011,18360.0,0.0,0.754813,1.1967290000000002,CAN,CHL,851420
5090729,43,42,9333,2011,52751.0,0.0,1.072299,1.686826,CHN,CHL,851420
5090730,49,42,9333,2011,2631.0,9580.0,0.14336600000000002,-0.22996,COL,CHL,851420
5090731,61,42,9333,2011,20656.0,0.0,2.074435,-3.440815,DEU,CHL,851420
5090732,77,42,9333,2011,6747.0,0.0,1.532054,0.09339299999999999,FRA,CHL,851420
5090733,81,42,9333,2011,15746.0,0.0,1.8048220000000001,0.380141,GBR,CHL,851420
5090734,111,42,9333,2011,124145.0,0.0,1.298751,0.48013599999999995,ITA,CHL,851420
5090735,121,42,9333,2011,40342.0,99591.0,1.731371,0.8306879999999999,KOR,CHL,851420
5090736,231,42,9333,2011,67398.0,0.0,1.6884849999999998,-0.474499,USA,CHL,851420
5090737,239,42,9333,2011,0.0,1020935.0,-0.184453,1.637207,VNM,CHL,851420
5090738,2,43,9333,2011,0.0,1023.0,-1.252991,-1.132314,AGO,CHN,851420
5090739,7,43,9333,2011,0.0,89565.0,0.030652,-0.450808,ARE,CHN,851420
5090740,8,43,9333,2011,0.0,52597.0,0.240494,0.540376,ARG,CHN,851420
5090741,9,43,9333,2011,0.0,20327.0,0.543397,-0.029376999999999997,ARM,CHN,851420
5090742,14,43,9333,2011,684632.0,278092.0,-0.138148,0.002999,AUS,CHN,851420
5090743,15,43,9333,2011,722979.0,94184.0,1.687634,-0.229095,AUT,CHN,851420
5090744,16,43,9333,2011,0.0,163847.0,-1.313136,-1.189989,AZE,CHN,851420
5090745,18,43,9333,2011,799203.0,92126.0,1.221703,1.247961,BEL,CHN,851420
5090746,22,43,9333,2011,0.0,46358.0,-1.074416,-0.8276370000000001,BGD,CHN,851420
5090747,23,43,9333,2011,0.0,2346.0,0.537967,1.520973,BGR,CHN,851420
5090748,24,43,9333,2011,0.0,14450.0,0.04085,-0.873711,BHR,CHN,851420
5090749,28,43,9333,2011,0.0,1770.0,0.8786729999999999,0.442097,BLR,CHN,851420
5090750,32,43,9333,2011,0.0,1161919.0,0.27718400000000004,0.5674319999999999,BRA,CHN,851420
5090751,37,43,9333,2011,0.0,34132.0,-0.48782600000000004,-1.051639,BWA,CHN,851420
5090752,39,43,9333,2011,125563.0,184981.0,0.754813,1.1967290000000002,CAN,CHN,851420
5090753,41,43,9333,2011,86799.0,52538.0,2.2644029999999997,0.406131,CHE,CHN,851420
5090754,42,43,9333,2011,0.0,52751.0,-0.199877,-0.353009,CHL,CHN,851420
5090755,49,43,9333,2011,0.0,167506.0,0.14336600000000002,-0.22996,COL,CHN,851420
5090756,59,43,9333,2011,0.0,21299.0,1.737788,0.14741600000000002,CZE,CHN,851420
5090757,61,43,9333,2011,48805752.0,88364.0,2.074435,-3.440815,DEU,CHN,851420
5090758,64,43,9333,2011,10250.0,0.0,1.156026,1.2248299999999999,DNK,CHN,851420
5090759,65,43,9333,2011,0.0,1067.0,-0.260653,0.5682010000000001,DOM,CHN,851420
5090760,66,43,9333,2011,0.0,388742.0,-1.36763,-1.140594,DZA,CHN,851420
5090761,67,43,9333,2011,0.0,22609.0,-0.8250639999999999,-0.839082,ECU,CHN,851420
5090762,68,43,9333,2011,0.0,69218.0,-0.166243,1.384719,EGY,CHN,851420
5090763,71,43,9333,2011,479267.0,154503.0,0.8677290000000001,2.4618450000000003,ESP,CHN,851420
5090764,72,43,9333,2011,0.0,209493.0,0.9806790000000001,1.110449,EST,CHN,851420
5090765,73,43,9333,2011,0.0,2093.0,-1.258175,-0.920692,ETH,CHN,851420
5090766,74,43,9333,2011,1330.0,7150.0,1.7488830000000002,0.890934,FIN,CHN,851420
5090767,77,43,9333,2011,228034.0,30063.0,1.532054,0.09339299999999999,FRA,CHN,851420
5090768,81,43,9333,2011,1895846.0,1187418.0,1.8048220000000001,0.380141,GBR,CHN,851420
5090769,82,43,9333,2011,0.0,19362.0,-0.07754,-0.35434699999999997,GEO,CHN,851420
5090770,83,43,9333,2011,0.0,45589.0,-0.8627319999999999,-0.608823,GHA,CHN,851420
5090771,89,43,9333,2011,0.0,51467.0,-1.634315,-0.7567729999999999,GNQ,CHN,851420
5090772,90,43,9333,2011,0.0,32269.0,0.138679,1.30044,GRC,CHN,851420
5090773,97,43,9333,2011,28700.0,201411.0,0.663588,1.902118,HKG,CHN,851420
5090774,102,43,9333,2011,237325.0,8808.0,1.486592,0.805642,HUN,CHN,851420
5090775,103,43,9333,2011,0.0,3297871.0,-0.234125,1.168384,IDN,CHN,851420
5090776,104,43,9333,2011,0.0,443248.0,0.18276199999999998,2.398765,IND,CHN,851420
5090777,107,43,9333,2011,0.0,1450720.0,-0.915379,-0.973194,IRN,CHN,851420
5090778,108,43,9333,2011,0.0,219001.0,-2.175137,-0.726975,IRQ,CHN,851420
5090779,109,43,9333,2011,0.0,1436.0,0.284202,-0.23753000000000002,ISL,CHN,851420
5090780,110,43,9333,2011,0.0,21462.0,1.324384,0.714611,ISR,CHN,851420
5090781,111,43,9333,2011,5454468.0,217973.0,1.298751,0.48013599999999995,ITA,CHN,851420
5090782,114,43,9333,2011,13671698.0,2106345.0,2.516395,-0.534301,JPN,CHN,851420
5090783,115,43,9333,2011,0.0,119399.0,-0.514687,-0.775671,KAZ,CHN,851420
5090784,117,43,9333,2011,0.0,2837.0,-0.323348,0.164469,KGZ,CHN,851420
5090785,118,43,9333,2011,0.0,48428.0,-1.162858,-1.103539,KHM,CHN,851420
5090786,121,43,9333,2011,2907431.0,616567.0,1.731371,0.8306879999999999,KOR,CHN,851420
5090787,124,43,9333,2011,0.0,8622.0,0.278393,1.2962879999999999,LBN,CHN,851420
5090788,128,43,9333,2011,0.0,19096.0,-0.559311,0.398905,LKA,CHN,851420
5090789,130,43,9333,2011,0.0,69191.0,0.747963,0.9759530000000001,LTU,CHN,851420
5090790,133,43,9333,2011,0.0,15122.0,0.511015,0.560905,MAC,CHN,851420
5090791,137,43,9333,2011,0.0,4906.0,-0.937469,-0.87897,MDV,CHN,851420
5090792,138,43,9333,2011,0.0,294958.0,0.9534600000000001,0.706982,MEX,CHN,851420
5090793,143,43,9333,2011,0.0,551242.0,-1.3557190000000001,-0.929934,MMR,CHN,851420
5090794,144,43,9333,2011,0.0,911.0,0.149559,0.024935,MNE,CHN,851420
5090795,145,43,9333,2011,0.0,58011.0,-1.0869389999999999,-1.107693,MNG,CHN,851420
5090796,151,43,9333,2011,0.0,3570.0,-0.09464600000000001,0.091177,MUS,CHN,851420
5090797,152,43,9333,2011,0.0,4064.0,-1.100291,-0.982559,MWI,CHN,851420
5090798,153,43,9333,2011,0.0,2118040.0,0.9893290000000001,0.632079,MYS,CHN,851420
5090799,156,43,9333,2011,0.0,726.0,-0.976349,-0.798691,NCL,CHN,851420
5090800,159,43,9333,2011,0.0,628191.0,-1.699286,-1.15511,NGA,CHN,851420
5090801,162,43,9333,2011,89519.0,74629.0,1.1655229999999999,1.410167,NLD,CHN,851420
5090802,163,43,9333,2011,0.0,27548.0,0.8492770000000001,0.050044,NOR,CHN,851420
5090803,164,43,9333,2011,0.0,12074.0,-0.242299,0.801966,NPL,CHN,851420
5090804,166,43,9333,2011,10564.0,7777.0,0.372732,0.548601,NZL,CHN,851420
5090805,167,43,9333,2011,0.0,2076.0,-0.473703,-0.952491,OMN,CHN,851420
5090806,168,43,9333,2011,0.0,72863.0,-0.729677,0.6026729999999999,PAK,CHN,851420
5090807,169,43,9333,2011,0.0,2404.0,0.786135,1.061008,PAN,CHN,851420
5090808,173,43,9333,2011,0.0,82151.0,-0.455977,0.442543,PER,CHN,851420
5090809,174,43,9333,2011,0.0,59505.0,0.364707,0.322626,PHL,CHN,851420
5090810,176,43,9333,2011,0.0,4618.0,-1.1111659999999999,-0.9458610000000001,PNG,CHN,851420
5090811,177,43,9333,2011,1649.0,75711.0,1.133641,1.134203,POL,CHN,851420
5090812,178,43,9333,2011,0.0,406266.0,-0.024317,-0.154781,PRK,CHN,851420
5090813,180,43,9333,2011,0.0,28993.0,-0.548759,-0.877743,PRY,CHN,851420
5090814,181,43,9333,2011,0.0,46838.0,0.07902999999999999,0.550277,PSE,CHN,851420
5090815,185,43,9333,2011,0.0,22672.0,0.722,1.296655,ROU,CHN,851420
5090816,186,43,9333,2011,279132.0,1544959.0,0.47319399999999995,-0.20801599999999998,RUS,CHN,851420
5090817,188,43,9333,2011,0.0,143383.0,0.354045,-0.800028,SAU,CHN,851420
5090818,190,43,9333,2011,0.0,20621.0,-2.1675869999999997,-1.249272,SDN,CHN,851420
5090819,192,43,9333,2011,68215.0,119818.0,1.849116,0.52127,SGP,CHN,851420
5090820,197,43,9333,2011,0.0,275290.0,-0.09713200000000001,0.20772600000000002,SLV,CHN,851420
5090821,206,43,9333,2011,0.0,3441.0,1.262897,0.8230569999999999,SVK,CHN,851420
5090822,207,43,9333,2011,0.0,10995.0,1.642913,0.700222,SVN,CHN,851420
5090823,208,43,9333,2011,3514094.0,21513.0,1.857146,0.366159,SWE,CHN,851420
5090824,212,43,9333,2011,0.0,117226.0,-0.604133,0.5268970000000001,SYR,CHN,851420
5090825,216,43,9333,2011,540600.0,2358658.0,0.889009,1.503118,THA,CHN,851420
5090826,217,43,9333,2011,0.0,79455.0,-0.975877,-1.021684,TJK,CHN,851420
5090827,223,43,9333,2011,0.0,6867.0,0.151221,1.1252360000000001,TUN,CHN,851420
5090828,224,43,9333,2011,0.0,163479.0,0.45775,2.4316259999999996,TUR,CHN,851420
5090829,226,43,9333,2011,0.0,44980.0,-0.751316,0.286505,TZA,CHN,851420
5090830,228,43,9333,2011,0.0,334025.0,0.6221409999999999,0.765505,UKR,CHN,851420
5090831,230,43,9333,2011,0.0,3313.0,0.313195,0.042866,URY,CHN,851420
5090832,231,43,9333,2011,10096852.0,5605824.0,1.6884849999999998,-0.474499,USA,CHN,851420
5090833,232,43,9333,2011,0.0,152034.0,-0.785878,-0.663918,UZB,CHN,851420
5090834,236,43,9333,2011,0.0,70192.0,-0.841147,-1.095636,VEN,CHN,851420
5090835,239,43,9333,2011,0.0,7985735.0,-0.184453,1.637207,VNM,CHN,851420
5090836,246,43,9333,2011,0.0,1205433.0,0.241792,1.353011,ZAF,CHN,851420
5090837,247,43,9333,2011,0.0,1265.0,-0.7599,-0.941019,ZMB,CHN,851420
5090838,248,43,9333,2011,0.0,206391.0,-0.858662,-0.8632719999999999,ZWE,CHN,851420
5090839,249,43,9333,2011,1424555.0,2359798.0,1.803234,0.921233,TWN,CHN,851420
5090840,18,49,9333,2011,6540.0,0.0,1.221703,1.247961,BEL,COL,851420
5090841,32,49,9333,2011,201204.0,0.0,0.27718400000000004,0.5674319999999999,BRA,COL,851420
5090842,41,49,9333,2011,3291.0,0.0,2.2644029999999997,0.406131,CHE,COL,851420
5090843,42,49,9333,2011,9580.0,2631.0,-0.199877,-0.353009,CHL,COL,851420
5090844,43,49,9333,2011,167506.0,0.0,1.072299,1.686826,CHN,COL,851420
5090845,61,49,9333,2011,78079.0,0.0,2.074435,-3.440815,DEU,COL,851420
5090846,71,49,9333,2011,181349.0,0.0,0.8677290000000001,2.4618450000000003,ESP,COL,851420
5090847,74,49,9333,2011,852952.0,0.0,1.7488830000000002,0.890934,FIN,COL,851420
5090848,81,49,9333,2011,8197.0,0.0,1.8048220000000001,0.380141,GBR,COL,851420
5090849,102,49,9333,2011,969.0,0.0,1.486592,0.805642,HUN,COL,851420
5090850,111,49,9333,2011,32738.0,0.0,1.298751,0.48013599999999995,ITA,COL,851420
5090851,121,49,9333,2011,13181.0,0.0,1.731371,0.8306879999999999,KOR,COL,851420
5090852,162,49,9333,2011,101194.0,0.0,1.1655229999999999,1.410167,NLD,COL,851420
5090853,173,49,9333,2011,7230.0,0.0,-0.455977,0.442543,PER,COL,851420
5090854,178,49,9333,2011,2159.0,0.0,-0.024317,-0.154781,PRK,COL,851420
5090855,224,49,9333,2011,367384.0,0.0,0.45775,2.4316259999999996,TUR,COL,851420
5090856,231,49,9333,2011,151246.0,0.0,1.6884849999999998,-0.474499,USA,COL,851420
5090857,246,49,9333,2011,4088.0,0.0,0.241792,1.353011,ZAF,COL,851420
5090858,18,52,9333,2011,9614.0,0.0,1.221703,1.247961,BEL,CRI,851420
5090859,77,52,9333,2011,2478.0,0.0,1.532054,0.09339299999999999,FRA,CRI,851420
5090860,169,52,9333,2011,0.0,23697.0,0.786135,1.061008,PAN,CRI,851420
5090861,231,52,9333,2011,81538.0,0.0,1.6884849999999998,-0.474499,USA,CRI,851420
5090862,67,55,9333,2011,0.0,5262.0,-0.8250639999999999,-0.839082,ECU,CUW,851420
5090863,18,59,9333,2011,0.0,50977.0,1.221703,1.247961,BEL,CZE,851420
5090864,32,59,9333,2011,0.0,11453.0,0.27718400000000004,0.5674319999999999,BRA,CZE,851420
5090865,43,59,9333,2011,21299.0,0.0,1.072299,1.686826,CHN,CZE,851420
5090866,61,59,9333,2011,406546.0,0.0,2.074435,-3.440815,DEU,CZE,851420
5090867,66,59,9333,2011,0.0,282091.0,-1.36763,-1.140594,DZA,CZE,851420
5090868,71,59,9333,2011,0.0,9686.0,0.8677290000000001,2.4618450000000003,ESP,CZE,851420
5090869,77,59,9333,2011,6393.0,85944.0,1.532054,0.09339299999999999,FRA,CZE,851420
5090870,81,59,9333,2011,1767322.0,0.0,1.8048220000000001,0.380141,GBR,CZE,851420
5090871,102,59,9333,2011,15805.0,4221.0,1.486592,0.805642,HUN,CZE,851420
5090872,111,59,9333,2011,289117.0,0.0,1.298751,0.48013599999999995,ITA,CZE,851420
5090873,114,59,9333,2011,32491.0,0.0,2.516395,-0.534301,JPN,CZE,851420
5090874,163,59,9333,2011,0.0,2442.0,0.8492770000000001,0.050044,NOR,CZE,851420
5090875,177,59,9333,2011,12597.0,24274.0,1.133641,1.134203,POL,CZE,851420
5090876,186,59,9333,2011,0.0,438206.0,0.47319399999999995,-0.20801599999999998,RUS,CZE,851420
5090877,206,59,9333,2011,20839.0,46339.0,1.262897,0.8230569999999999,SVK,CZE,851420
5090878,208,59,9333,2011,2119.0,0.0,1.857146,0.366159,SWE,CZE,851420
5090879,228,59,9333,2011,0.0,978956.0,0.6221409999999999,0.765505,UKR,CZE,851420
5090880,231,59,9333,2011,4198.0,0.0,1.6884849999999998,-0.474499,USA,CZE,851420
5090881,4,61,9333,2011,0.0,43750.0,-0.331435,-0.034828,ALB,DEU,851420
5090882,7,61,9333,2011,0.0,122441.0,0.030652,-0.450808,ARE,DEU,851420
5090883,8,61,9333,2011,0.0,1728613.0,0.240494,0.540376,ARG,DEU,851420
5090884,14,61,9333,2011,223855.0,29216.0,-0.138148,0.002999,AUS,DEU,851420
5090885,15,61,9333,2011,792701.0,5452305.0,1.687634,-0.229095,AUT,DEU,851420
5090886,16,61,9333,2011,0.0,9163.0,-1.313136,-1.189989,AZE,DEU,851420
5090887,17,61,9333,2011,0.0,4497.0,-0.8287049999999999,-0.774558,BDI,DEU,851420
5090888,18,61,9333,2011,45667.0,787609.0,1.221703,1.247961,BEL,DEU,851420
5090889,22,61,9333,2011,0.0,2419.0,-1.074416,-0.8276370000000001,BGD,DEU,851420
5090890,23,61,9333,2011,0.0,101945.0,0.537967,1.520973,BGR,DEU,851420
5090891,28,61,9333,2011,0.0,469874.0,0.8786729999999999,0.442097,BLR,DEU,851420
5090892,31,61,9333,2011,0.0,20595.0,-0.818593,-0.8701770000000001,BOL,DEU,851420
5090893,32,61,9333,2011,1826.0,5322891.0,0.27718400000000004,0.5674319999999999,BRA,DEU,851420
5090894,39,61,9333,2011,0.0,79097.0,0.754813,1.1967290000000002,CAN,DEU,851420
5090895,41,61,9333,2011,1104953.0,1533309.0,2.2644029999999997,0.406131,CHE,DEU,851420
5090896,42,61,9333,2011,0.0,20656.0,-0.199877,-0.353009,CHL,DEU,851420
5090897,43,61,9333,2011,88364.0,48805752.0,1.072299,1.686826,CHN,DEU,851420
5090898,49,61,9333,2011,0.0,78079.0,0.14336600000000002,-0.22996,COL,DEU,851420
5090899,59,61,9333,2011,0.0,406546.0,1.737788,0.14741600000000002,CZE,DEU,851420
5090900,64,61,9333,2011,0.0,161430.0,1.156026,1.2248299999999999,DNK,DEU,851420
5090901,65,61,9333,2011,0.0,2904.0,-0.260653,0.5682010000000001,DOM,DEU,851420
5090902,67,61,9333,2011,0.0,24679.0,-0.8250639999999999,-0.839082,ECU,DEU,851420
5090903,68,61,9333,2011,0.0,65825.0,-0.166243,1.384719,EGY,DEU,851420
5090904,71,61,9333,2011,6442.0,169745.0,0.8677290000000001,2.4618450000000003,ESP,DEU,851420
5090905,72,61,9333,2011,0.0,17907.0,0.9806790000000001,1.110449,EST,DEU,851420
5090906,74,61,9333,2011,0.0,550477.0,1.7488830000000002,0.890934,FIN,DEU,851420
5090907,77,61,9333,2011,743102.0,18279264.0,1.532054,0.09339299999999999,FRA,DEU,851420
5090908,81,61,9333,2011,5241758.0,116788.0,1.8048220000000001,0.380141,GBR,DEU,851420
5090909,90,61,9333,2011,4664.0,1547.0,0.138679,1.30044,GRC,DEU,851420
5090910,97,61,9333,2011,0.0,72615.0,0.663588,1.902118,HKG,DEU,851420
5090911,100,61,9333,2011,3959.0,1856.0,0.868294,0.9424299999999999,HRV,DEU,851420
5090912,102,61,9333,2011,91406.0,38515.0,1.486592,0.805642,HUN,DEU,851420
5090913,103,61,9333,2011,1479.0,98751.0,-0.234125,1.168384,IDN,DEU,851420
5090914,104,61,9333,2011,34731.0,9910279.0,0.18276199999999998,2.398765,IND,DEU,851420
5090915,106,61,9333,2011,0.0,50016.0,1.403182,0.290245,IRL,DEU,851420
5090916,107,61,9333,2011,0.0,242458.0,-0.915379,-0.973194,IRN,DEU,851420
5090917,108,61,9333,2011,0.0,97562.0,-2.175137,-0.726975,IRQ,DEU,851420
5090918,109,61,9333,2011,0.0,3057.0,0.284202,-0.23753000000000002,ISL,DEU,851420
5090919,110,61,9333,2011,0.0,3819.0,1.324384,0.714611,ISR,DEU,851420
5090920,111,61,9333,2011,6030678.0,641127.0,1.298751,0.48013599999999995,ITA,DEU,851420
5090921,113,61,9333,2011,0.0,23232.0,0.231605,0.47049399999999997,JOR,DEU,851420
5090922,114,61,9333,2011,2325256.0,5437640.0,2.516395,-0.534301,JPN,DEU,851420
5090923,115,61,9333,2011,8020.0,14159.0,-0.514687,-0.775671,KAZ,DEU,851420
5090924,121,61,9333,2011,89622.0,246317.0,1.731371,0.8306879999999999,KOR,DEU,851420
5090925,122,61,9333,2011,0.0,39960.0,-0.898582,-1.09893,KWT,DEU,851420
5090926,123,61,9333,2011,0.0,23469.0,-1.135039,-0.929759,LAO,DEU,851420
5090927,124,61,9333,2011,0.0,7167.0,0.278393,1.2962879999999999,LBN,DEU,851420
5090928,128,61,9333,2011,0.0,21382.0,-0.559311,0.398905,LKA,DEU,851420
5090929,130,61,9333,2011,0.0,1424.0,0.747963,0.9759530000000001,LTU,DEU,851420
5090930,131,61,9333,2011,0.0,55171.0,1.1655739999999999,1.222379,LUX,DEU,851420
5090931,132,61,9333,2011,0.0,25193.0,0.7320939999999999,1.101321,LVA,DEU,851420
5090932,133,61,9333,2011,0.0,1928.0,0.511015,0.560905,MAC,DEU,851420
5090933,138,61,9333,2011,0.0,1802473.0,0.9534600000000001,0.706982,MEX,DEU,851420
5090934,140,61,9333,2011,0.0,1124.0,-0.12310499999999999,0.16392,MKD,DEU,851420
5090935,153,61,9333,2011,0.0,11538.0,0.9893290000000001,0.632079,MYS,DEU,851420
5090936,162,61,9333,2011,85587.0,1561908.0,1.1655229999999999,1.410167,NLD,DEU,851420
5090937,163,61,9333,2011,13904.0,145302.0,0.8492770000000001,0.050044,NOR,DEU,851420
5090938,166,61,9333,2011,0.0,14988.0,0.372732,0.548601,NZL,DEU,851420
5090939,168,61,9333,2011,0.0,209796.0,-0.729677,0.6026729999999999,PAK,DEU,851420
5090940,177,61,9333,2011,14793.0,611181.0,1.133641,1.134203,POL,DEU,851420
5090941,179,61,9333,2011,0.0,29757.0,0.558481,2.7056240000000003,PRT,DEU,851420
5090942,185,61,9333,2011,0.0,8575.0,0.722,1.296655,ROU,DEU,851420
5090943,186,61,9333,2011,0.0,12882929.0,0.47319399999999995,-0.20801599999999998,RUS,DEU,851420
5090944,188,61,9333,2011,0.0,2722203.0,0.354045,-0.800028,SAU,DEU,851420
5090945,192,61,9333,2011,2271.0,36855.0,1.849116,0.52127,SGP,DEU,851420
5090946,201,61,9333,2011,0.0,76582.0,0.49055699999999997,1.5601399999999999,SRB,DEU,851420
5090947,206,61,9333,2011,0.0,246391.0,1.262897,0.8230569999999999,SVK,DEU,851420
5090948,207,61,9333,2011,383761.0,34231.0,1.642913,0.700222,SVN,DEU,851420
5090949,208,61,9333,2011,48314.0,249799.0,1.857146,0.366159,SWE,DEU,851420
5090950,212,61,9333,2011,0.0,24573.0,-0.604133,0.5268970000000001,SYR,DEU,851420
5090951,216,61,9333,2011,316774.0,3427385.0,0.889009,1.503118,THA,DEU,851420
5090952,223,61,9333,2011,0.0,2089.0,0.151221,1.1252360000000001,TUN,DEU,851420
5090953,224,61,9333,2011,22538.0,552208.0,0.45775,2.4316259999999996,TUR,DEU,851420
5090954,228,61,9333,2011,0.0,2396457.0,0.6221409999999999,0.765505,UKR,DEU,851420
5090955,231,61,9333,2011,1098105.0,4569980.0,1.6884849999999998,-0.474499,USA,DEU,851420
5090956,232,61,9333,2011,0.0,2331.0,-0.785878,-0.663918,UZB,DEU,851420
5090957,236,61,9333,2011,0.0,2707.0,-0.841147,-1.095636,VEN,DEU,851420
5090958,239,61,9333,2011,0.0,46836.0,-0.184453,1.637207,VNM,DEU,851420
5090959,246,61,9333,2011,0.0,2069059.0,0.241792,1.353011,ZAF,DEU,851420
5090960,249,61,9333,2011,267253.0,1945995.0,1.803234,0.921233,TWN,DEU,851420
5090961,14,64,9333,2011,1371.0,8964.0,-0.138148,0.002999,AUS,DNK,851420
5090962,18,64,9333,2011,87406.0,0.0,1.221703,1.247961,BEL,DNK,851420
5090963,43,64,9333,2011,0.0,10250.0,1.072299,1.686826,CHN,DNK,851420
5090964,61,64,9333,2011,161430.0,0.0,2.074435,-3.440815,DEU,DNK,851420
5090965,81,64,9333,2011,118269.0,0.0,1.8048220000000001,0.380141,GBR,DNK,851420
5090966,92,64,9333,2011,0.0,8263.0,-0.669044,-0.787142,GRL,DNK,851420
5090967,97,64,9333,2011,0.0,16505.0,0.663588,1.902118,HKG,DNK,851420
5090968,111,64,9333,2011,6952.0,0.0,1.298751,0.48013599999999995,ITA,DNK,851420
5090969,162,64,9333,2011,78094.0,0.0,1.1655229999999999,1.410167,NLD,DNK,851420
5090970,208,64,9333,2011,19428.0,0.0,1.857146,0.366159,SWE,DNK,851420
5090971,231,64,9333,2011,89037.0,3505.0,1.6884849999999998,-0.474499,USA,DNK,851420
5090972,43,65,9333,2011,1067.0,0.0,1.072299,1.686826,CHN,DOM,851420
5090973,61,65,9333,2011,2904.0,0.0,2.074435,-3.440815,DEU,DOM,851420
5090974,71,65,9333,2011,14943.0,0.0,0.8677290000000001,2.4618450000000003,ESP,DOM,851420
5090975,138,65,9333,2011,1743.0,0.0,0.9534600000000001,0.706982,MEX,DOM,851420
5090976,231,65,9333,2011,96719.0,0.0,1.6884849999999998,-0.474499,USA,DOM,851420
5090977,32,67,9333,2011,30759.0,0.0,0.27718400000000004,0.5674319999999999,BRA,ECU,851420
5090978,39,67,9333,2011,24204.0,0.0,0.754813,1.1967290000000002,CAN,ECU,851420
5090979,43,67,9333,2011,22609.0,0.0,1.072299,1.686826,CHN,ECU,851420
5090980,55,67,9333,2011,5262.0,0.0,-0.052038,-0.69103,CUW,ECU,851420
5090981,61,67,9333,2011,24679.0,0.0,2.074435,-3.440815,DEU,ECU,851420
5090982,111,67,9333,2011,5520.0,0.0,1.298751,0.48013599999999995,ITA,ECU,851420
5090983,121,67,9333,2011,1655.0,0.0,1.731371,0.8306879999999999,KOR,ECU,851420
5090984,162,67,9333,2011,19265.0,0.0,1.1655229999999999,1.410167,NLD,ECU,851420
5090985,231,67,9333,2011,12067.0,0.0,1.6884849999999998,-0.474499,USA,ECU,851420
5090986,246,67,9333,2011,4141.0,0.0,0.241792,1.353011,ZAF,ECU,851420
5090987,5,71,9333,2011,1728.0,0.0,0.787289,0.484512,AND,ESP,851420
5090988,8,71,9333,2011,0.0,341896.0,0.240494,0.540376,ARG,ESP,851420
5090989,14,71,9333,2011,41402.0,0.0,-0.138148,0.002999,AUS,ESP,851420
5090990,15,71,9333,2011,2651.0,0.0,1.687634,-0.229095,AUT,ESP,851420
5090991,18,71,9333,2011,15237.0,0.0,1.221703,1.247961,BEL,ESP,851420
5090992,32,71,9333,2011,0.0,228559.0,0.27718400000000004,0.5674319999999999,BRA,ESP,851420
5090993,41,71,9333,2011,876723.0,7975.0,2.2644029999999997,0.406131,CHE,ESP,851420
5090994,43,71,9333,2011,154503.0,479267.0,1.072299,1.686826,CHN,ESP,851420
5090995,49,71,9333,2011,0.0,181349.0,0.14336600000000002,-0.22996,COL,ESP,851420
5090996,54,71,9333,2011,0.0,2336462.0,-0.050093,-0.88759,CUB,ESP,851420
5090997,59,71,9333,2011,9686.0,0.0,1.737788,0.14741600000000002,CZE,ESP,851420
5090998,61,71,9333,2011,169745.0,6442.0,2.074435,-3.440815,DEU,ESP,851420
5090999,65,71,9333,2011,0.0,14943.0,-0.260653,0.5682010000000001,DOM,ESP,851420
5091000,77,71,9333,2011,196682.0,9275.0,1.532054,0.09339299999999999,FRA,ESP,851420
5091001,81,71,9333,2011,2173566.0,0.0,1.8048220000000001,0.380141,GBR,ESP,851420
5091002,97,71,9333,2011,0.0,15256.0,0.663588,1.902118,HKG,ESP,851420
5091003,102,71,9333,2011,46540.0,0.0,1.486592,0.805642,HUN,ESP,851420
5091004,104,71,9333,2011,1586.0,2536669.0,0.18276199999999998,2.398765,IND,ESP,851420
5091005,111,71,9333,2011,4311484.0,0.0,1.298751,0.48013599999999995,ITA,ESP,851420
5091006,114,71,9333,2011,131655.0,0.0,2.516395,-0.534301,JPN,ESP,851420
5091007,118,71,9333,2011,0.0,1330.0,-1.162858,-1.103539,KHM,ESP,851420
5091008,121,71,9333,2011,0.0,188322.0,1.731371,0.8306879999999999,KOR,ESP,851420
5091009,131,71,9333,2011,0.0,24553.0,1.1655739999999999,1.222379,LUX,ESP,851420
5091010,134,71,9333,2011,0.0,15508.0,-0.485404,0.099828,MAR,ESP,851420
5091011,138,71,9333,2011,52839.0,519641.0,0.9534600000000001,0.706982,MEX,ESP,851420
5091012,173,71,9333,2011,0.0,151395.0,-0.455977,0.442543,PER,ESP,851420
5091013,177,71,9333,2011,29761.0,0.0,1.133641,1.134203,POL,ESP,851420
5091014,179,71,9333,2011,55477.0,15148.0,0.558481,2.7056240000000003,PRT,ESP,851420
5091015,186,71,9333,2011,0.0,226741.0,0.47319399999999995,-0.20801599999999998,RUS,ESP,851420
5091016,201,71,9333,2011,0.0,63663.0,0.49055699999999997,1.5601399999999999,SRB,ESP,851420
5091017,207,71,9333,2011,32343.0,0.0,1.642913,0.700222,SVN,ESP,851420
5091018,208,71,9333,2011,0.0,4333.0,1.857146,0.366159,SWE,ESP,851420
5091019,215,71,9333,2011,0.0,6293.0,-0.9156030000000001,-0.884099,TGO,ESP,851420
5091020,216,71,9333,2011,0.0,743652.0,0.889009,1.503118,THA,ESP,851420
5091021,224,71,9333,2011,130636.0,0.0,0.45775,2.4316259999999996,TUR,ESP,851420
5091022,231,71,9333,2011,243783.0,612180.0,1.6884849999999998,-0.474499,USA,ESP,851420
5091023,18,74,9333,2011,2068.0,0.0,1.221703,1.247961,BEL,FIN,851420
5091024,41,74,9333,2011,40918.0,0.0,2.2644029999999997,0.406131,CHE,FIN,851420
5091025,43,74,9333,2011,7150.0,1330.0,1.072299,1.686826,CHN,FIN,851420
5091026,49,74,9333,2011,0.0,852952.0,0.14336600000000002,-0.22996,COL,FIN,851420
5091027,61,74,9333,2011,550477.0,0.0,2.074435,-3.440815,DEU,FIN,851420
5091028,72,74,9333,2011,1792.0,0.0,0.9806790000000001,1.110449,EST,FIN,851420
5091029,81,74,9333,2011,1024544.0,0.0,1.8048220000000001,0.380141,GBR,FIN,851420
5091030,107,74,9333,2011,0.0,177866.0,-0.915379,-0.973194,IRN,FIN,851420
5091031,138,74,9333,2011,0.0,1363.0,0.9534600000000001,0.706982,MEX,FIN,851420
5091032,186,74,9333,2011,0.0,4390.0,0.47319399999999995,-0.20801599999999998,RUS,FIN,851420
5091033,208,74,9333,2011,39339.0,0.0,1.857146,0.366159,SWE,FIN,851420
5091034,224,74,9333,2011,9665.0,0.0,0.45775,2.4316259999999996,TUR,FIN,851420
5091035,231,74,9333,2011,645160.0,331773.0,1.6884849999999998,-0.474499,USA,FIN,851420
5091036,1,77,9333,2011,0.0,14591.0,-0.8426809999999999,-0.640418,AFG,FRA,851420
5091037,7,77,9333,2011,0.0,6292.0,0.030652,-0.450808,ARE,FRA,851420
5091038,8,77,9333,2011,0.0,2345.0,0.240494,0.540376,ARG,FRA,851420
5091039,14,77,9333,2011,19048.0,1166940.0,-0.138148,0.002999,AUS,FRA,851420
5091040,15,77,9333,2011,10136.0,0.0,1.687634,-0.229095,AUT,FRA,851420
5091041,18,77,9333,2011,182972.0,397582.0,1.221703,1.247961,BEL,FRA,851420
5091042,23,77,9333,2011,9856.0,7538.0,0.537967,1.520973,BGR,FRA,851420
5091043,24,77,9333,2011,0.0,7978.0,0.04085,-0.873711,BHR,FRA,851420
5091044,32,77,9333,2011,0.0,2661.0,0.27718400000000004,0.5674319999999999,BRA,FRA,851420
5091045,41,77,9333,2011,506927.0,52113.0,2.2644029999999997,0.406131,CHE,FRA,851420
5091046,42,77,9333,2011,0.0,6747.0,-0.199877,-0.353009,CHL,FRA,851420
5091047,43,77,9333,2011,30063.0,228034.0,1.072299,1.686826,CHN,FRA,851420
5091048,47,77,9333,2011,0.0,13562.0,-0.979359,-1.084589,COG,FRA,851420
5091049,52,77,9333,2011,0.0,2478.0,0.04325,-0.553193,CRI,FRA,851420
5091050,59,77,9333,2011,85944.0,6393.0,1.737788,0.14741600000000002,CZE,FRA,851420
5091051,61,77,9333,2011,18279264.0,743102.0,2.074435,-3.440815,DEU,FRA,851420
5091052,66,77,9333,2011,0.0,150078.0,-1.36763,-1.140594,DZA,FRA,851420
5091053,68,77,9333,2011,0.0,4631.0,-0.166243,1.384719,EGY,FRA,851420
5091054,71,77,9333,2011,9275.0,196682.0,0.8677290000000001,2.4618450000000003,ESP,FRA,851420
5091055,81,77,9333,2011,935321.0,104218.0,1.8048220000000001,0.380141,GBR,FRA,851420
5091056,90,77,9333,2011,0.0,45140.0,0.138679,1.30044,GRC,FRA,851420
5091057,97,77,9333,2011,0.0,8430.0,0.663588,1.902118,HKG,FRA,851420
5091058,102,77,9333,2011,0.0,182703.0,1.486592,0.805642,HUN,FRA,851420
5091059,104,77,9333,2011,0.0,44423.0,0.18276199999999998,2.398765,IND,FRA,851420
5091060,111,77,9333,2011,884438.0,66346.0,1.298751,0.48013599999999995,ITA,FRA,851420
5091061,114,77,9333,2011,138220.0,0.0,2.516395,-0.534301,JPN,FRA,851420
5091062,116,77,9333,2011,0.0,297975.0,-0.48319300000000004,0.346927,KEN,FRA,851420
5091063,121,77,9333,2011,9603.0,0.0,1.731371,0.8306879999999999,KOR,FRA,851420
5091064,122,77,9333,2011,0.0,21225.0,-0.898582,-1.09893,KWT,FRA,851420
5091065,124,77,9333,2011,0.0,68904.0,0.278393,1.2962879999999999,LBN,FRA,851420
5091066,126,77,9333,2011,0.0,3174.0,-1.680464,-1.148511,LBY,FRA,851420
5091067,130,77,9333,2011,0.0,39560.0,0.747963,0.9759530000000001,LTU,FRA,851420
5091068,131,77,9333,2011,0.0,32764.0,1.1655739999999999,1.222379,LUX,FRA,851420
5091069,134,77,9333,2011,0.0,12430.0,-0.485404,0.099828,MAR,FRA,851420
5091070,151,77,9333,2011,0.0,20748.0,-0.09464600000000001,0.091177,MUS,FRA,851420
5091071,153,77,9333,2011,0.0,2160.0,0.9893290000000001,0.632079,MYS,FRA,851420
5091072,156,77,9333,2011,0.0,29384.0,-0.976349,-0.798691,NCL,FRA,851420
5091073,159,77,9333,2011,0.0,27666.0,-1.699286,-1.15511,NGA,FRA,851420
5091074,162,77,9333,2011,88263.0,159547.0,1.1655229999999999,1.410167,NLD,FRA,851420
5091075,163,77,9333,2011,216853.0,5106.0,0.8492770000000001,0.050044,NOR,FRA,851420
5091076,164,77,9333,2011,0.0,6527.0,-0.242299,0.801966,NPL,FRA,851420
5091077,168,77,9333,2011,0.0,10470.0,-0.729677,0.6026729999999999,PAK,FRA,851420
5091078,177,77,9333,2011,971236.0,56456.0,1.133641,1.134203,POL,FRA,851420
5091079,179,77,9333,2011,0.0,7899.0,0.558481,2.7056240000000003,PRT,FRA,851420
5091080,185,77,9333,2011,0.0,43722.0,0.722,1.296655,ROU,FRA,851420
5091081,186,77,9333,2011,0.0,863471.0,0.47319399999999995,-0.20801599999999998,RUS,FRA,851420
5091082,191,77,9333,2011,0.0,16731.0,-0.624346,-0.308052,SEN,FRA,851420
5091083,206,77,9333,2011,0.0,6183.0,1.262897,0.8230569999999999,SVK,FRA,851420
5091084,207,77,9333,2011,0.0,96119.0,1.642913,0.700222,SVN,FRA,851420
5091085,208,77,9333,2011,1491.0,0.0,1.857146,0.366159,SWE,FRA,851420
5091086,216,77,9333,2011,21086.0,355833.0,0.889009,1.503118,THA,FRA,851420
5091087,223,77,9333,2011,0.0,5272.0,0.151221,1.1252360000000001,TUN,FRA,851420
5091088,224,77,9333,2011,16880.0,135646.0,0.45775,2.4316259999999996,TUR,FRA,851420
5091089,226,77,9333,2011,0.0,3734.0,-0.751316,0.286505,TZA,FRA,851420
5091090,227,77,9333,2011,0.0,2541.0,-0.7153,-0.062678,UGA,FRA,851420
5091091,228,77,9333,2011,0.0,13329.0,0.6221409999999999,0.765505,UKR,FRA,851420
5091092,231,77,9333,2011,625703.0,96181.0,1.6884849999999998,-0.474499,USA,FRA,851420
5091093,246,77,9333,2011,0.0,57194.0,0.241792,1.353011,ZAF,FRA,851420
5091094,250,77,9333,2011,107344.0,0.0,0.475638,-0.160135,ANS,FRA,851420
5091095,7,81,9333,2011,0.0,69791.0,0.030652,-0.450808,ARE,GBR,851420
5091096,8,81,9333,2011,0.0,14713.0,0.240494,0.540376,ARG,GBR,851420
5091097,14,81,9333,2011,0.0,1026035.0,-0.138148,0.002999,AUS,GBR,851420
5091098,15,81,9333,2011,6134.0,382998.0,1.687634,-0.229095,AUT,GBR,851420
5091099,18,81,9333,2011,62506.0,201850.0,1.221703,1.247961,BEL,GBR,851420
5091100,22,81,9333,2011,0.0,3842.0,-1.074416,-0.8276370000000001,BGD,GBR,851420
5091101,23,81,9333,2011,0.0,43728.0,0.537967,1.520973,BGR,GBR,851420
5091102,28,81,9333,2011,0.0,42964.0,0.8786729999999999,0.442097,BLR,GBR,851420
5091103,31,81,9333,2011,0.0,3352.0,-0.818593,-0.8701770000000001,BOL,GBR,851420
5091104,32,81,9333,2011,0.0,48532.0,0.27718400000000004,0.5674319999999999,BRA,GBR,851420
5091105,39,81,9333,2011,37545.0,278990.0,0.754813,1.1967290000000002,CAN,GBR,851420
5091106,41,81,9333,2011,12302.0,703141.0,2.2644029999999997,0.406131,CHE,GBR,851420
5091107,42,81,9333,2011,0.0,15746.0,-0.199877,-0.353009,CHL,GBR,851420
5091108,43,81,9333,2011,1187418.0,1895846.0,1.072299,1.686826,CHN,GBR,851420
5091109,44,81,9333,2011,0.0,4855.0,-1.069474,-0.867439,CIV,GBR,851420
5091110,49,81,9333,2011,0.0,8197.0,0.14336600000000002,-0.22996,COL,GBR,851420
5091111,58,81,9333,2011,0.0,18824.0,0.798165,0.424179,CYP,GBR,851420
5091112,59,81,9333,2011,0.0,1767322.0,1.737788,0.14741600000000002,CZE,GBR,851420
5091113,61,81,9333,2011,116788.0,5241758.0,2.074435,-3.440815,DEU,GBR,851420
5091114,64,81,9333,2011,0.0,118269.0,1.156026,1.2248299999999999,DNK,GBR,851420
5091115,68,81,9333,2011,0.0,72387.0,-0.166243,1.384719,EGY,GBR,851420
5091116,71,81,9333,2011,0.0,2173566.0,0.8677290000000001,2.4618450000000003,ESP,GBR,851420
5091117,72,81,9333,2011,0.0,9645.0,0.9806790000000001,1.110449,EST,GBR,851420
5091118,74,81,9333,2011,0.0,1024544.0,1.7488830000000002,0.890934,FIN,GBR,851420
5091119,77,81,9333,2011,104218.0,935321.0,1.532054,0.09339299999999999,FRA,GBR,851420
5091120,83,81,9333,2011,0.0,17805.0,-0.8627319999999999,-0.608823,GHA,GBR,851420
5091121,85,81,9333,2011,0.0,9493.0,-1.728661,-1.193353,GIN,GBR,851420
5091122,90,81,9333,2011,0.0,13365.0,0.138679,1.30044,GRC,GBR,851420
5091123,97,81,9333,2011,0.0,215054.0,0.663588,1.902118,HKG,GBR,851420
5091124,102,81,9333,2011,27274.0,867458.0,1.486592,0.805642,HUN,GBR,851420
5091125,103,81,9333,2011,0.0,10327.0,-0.234125,1.168384,IDN,GBR,851420
5091126,104,81,9333,2011,135280.0,204906.0,0.18276199999999998,2.398765,IND,GBR,851420
5091127,106,81,9333,2011,0.0,669894.0,1.403182,0.290245,IRL,GBR,851420
5091128,109,81,9333,2011,0.0,6812.0,0.284202,-0.23753000000000002,ISL,GBR,851420
5091129,110,81,9333,2011,3266.0,8643.0,1.324384,0.714611,ISR,GBR,851420
5091130,111,81,9333,2011,1568259.0,1655686.0,1.298751,0.48013599999999995,ITA,GBR,851420
5091131,112,81,9333,2011,0.0,2478.0,-0.162212,-0.621817,JAM,GBR,851420
5091132,114,81,9333,2011,1414746.0,10400.0,2.516395,-0.534301,JPN,GBR,851420
5091133,118,81,9333,2011,0.0,6076.0,-1.162858,-1.103539,KHM,GBR,851420
5091134,121,81,9333,2011,8967.0,327215.0,1.731371,0.8306879999999999,KOR,GBR,851420
5091135,122,81,9333,2011,0.0,67870.0,-0.898582,-1.09893,KWT,GBR,851420
5091136,130,81,9333,2011,0.0,26804.0,0.747963,0.9759530000000001,LTU,GBR,851420
5091137,132,81,9333,2011,0.0,40801.0,0.7320939999999999,1.101321,LVA,GBR,851420
5091138,136,81,9333,2011,0.0,2220.0,-1.040519,-0.404883,MDG,GBR,851420
5091139,138,81,9333,2011,0.0,273084.0,0.9534600000000001,0.706982,MEX,GBR,851420
5091140,142,81,9333,2011,0.0,16323.0,1.3001340000000001,0.22605799999999998,MLT,GBR,851420
5091141,152,81,9333,2011,0.0,6259.0,-1.100291,-0.982559,MWI,GBR,851420
5091142,153,81,9333,2011,3679444.0,8181.0,0.9893290000000001,0.632079,MYS,GBR,851420
5091143,155,81,9333,2011,0.0,5151.0,-0.42998400000000003,-0.632233,NAM,GBR,851420
5091144,159,81,9333,2011,0.0,5153.0,-1.699286,-1.15511,NGA,GBR,851420
5091145,162,81,9333,2011,95143.0,748443.0,1.1655229999999999,1.410167,NLD,GBR,851420
5091146,163,81,9333,2011,182763.0,1276745.0,0.8492770000000001,0.050044,NOR,GBR,851420
5091147,166,81,9333,2011,0.0,77873.0,0.372732,0.548601,NZL,GBR,851420
5091148,167,81,9333,2011,0.0,5267.0,-0.473703,-0.952491,OMN,GBR,851420
5091149,168,81,9333,2011,0.0,8397.0,-0.729677,0.6026729999999999,PAK,GBR,851420
5091150,177,81,9333,2011,0.0,7468049.0,1.133641,1.134203,POL,GBR,851420
5091151,179,81,9333,2011,0.0,8678.0,0.558481,2.7056240000000003,PRT,GBR,851420
5091152,183,81,9333,2011,0.0,13585.0,-0.45851899999999995,-1.017033,QAT,GBR,851420
5091153,185,81,9333,2011,0.0,4398.0,0.722,1.296655,ROU,GBR,851420
5091154,186,81,9333,2011,0.0,2931044.0,0.47319399999999995,-0.20801599999999998,RUS,GBR,851420
5091155,188,81,9333,2011,0.0,132615.0,0.354045,-0.800028,SAU,GBR,851420
5091156,190,81,9333,2011,0.0,1660.0,-2.1675869999999997,-1.249272,SDN,GBR,851420
5091157,192,81,9333,2011,16834.0,382229.0,1.849116,0.52127,SGP,GBR,851420
5091158,196,81,9333,2011,0.0,2132.0,-0.35546500000000003,-0.46134899999999995,SLE,GBR,851420
5091159,201,81,9333,2011,0.0,3418.0,0.49055699999999997,1.5601399999999999,SRB,GBR,851420
5091160,208,81,9333,2011,328662.0,1788781.0,1.857146,0.366159,SWE,GBR,851420
5091161,216,81,9333,2011,420034.0,93576.0,0.889009,1.503118,THA,GBR,851420
5091162,223,81,9333,2011,0.0,9839.0,0.151221,1.1252360000000001,TUN,GBR,851420
5091163,224,81,9333,2011,26028.0,190432.0,0.45775,2.4316259999999996,TUR,GBR,851420
5091164,228,81,9333,2011,0.0,7270.0,0.6221409999999999,0.765505,UKR,GBR,851420
5091165,231,81,9333,2011,3717984.0,7703782.0,1.6884849999999998,-0.474499,USA,GBR,851420
5091166,239,81,9333,2011,0.0,5144.0,-0.184453,1.637207,VNM,GBR,851420
5091167,243,81,9333,2011,0.0,33214.0,-1.44127,-1.242875,YEM,GBR,851420
5091168,246,81,9333,2011,0.0,205905.0,0.241792,1.353011,ZAF,GBR,851420
5091169,247,81,9333,2011,0.0,2048.0,-0.7599,-0.941019,ZMB,GBR,851420
5091170,248,81,9333,2011,0.0,1728.0,-0.858662,-0.8632719999999999,ZWE,GBR,851420
5091171,249,81,9333,2011,137856.0,190304.0,1.803234,0.921233,TWN,GBR,851420
5091172,18,90,9333,2011,12073.0,0.0,1.221703,1.247961,BEL,GRC,851420
5091173,39,90,9333,2011,3875.0,0.0,0.754813,1.1967290000000002,CAN,GRC,851420
5091174,41,90,9333,2011,44666.0,0.0,2.2644029999999997,0.406131,CHE,GRC,851420
5091175,43,90,9333,2011,32269.0,0.0,1.072299,1.686826,CHN,GRC,851420
5091176,58,90,9333,2011,0.0,2572.0,0.798165,0.424179,CYP,GRC,851420
5091177,61,90,9333,2011,1547.0,4664.0,2.074435,-3.440815,DEU,GRC,851420
5091178,77,90,9333,2011,45140.0,0.0,1.532054,0.09339299999999999,FRA,GRC,851420
5091179,81,90,9333,2011,13365.0,0.0,1.8048220000000001,0.380141,GBR,GRC,851420
5091180,102,90,9333,2011,15612.0,14788.0,1.486592,0.805642,HUN,GRC,851420
5091181,104,90,9333,2011,8560.0,0.0,0.18276199999999998,2.398765,IND,GRC,851420
5091182,111,90,9333,2011,104424.0,2326.0,1.298751,0.48013599999999995,ITA,GRC,851420
5091183,121,90,9333,2011,1547.0,0.0,1.731371,0.8306879999999999,KOR,GRC,851420
5091184,224,90,9333,2011,95040.0,55521.0,0.45775,2.4316259999999996,TUR,GRC,851420
5091185,231,90,9333,2011,49705.0,0.0,1.6884849999999998,-0.474499,USA,GRC,851420
5091186,18,93,9333,2011,13913.0,0.0,1.221703,1.247961,BEL,GTM,851420
5091187,138,93,9333,2011,13195.0,0.0,0.9534600000000001,0.706982,MEX,GTM,851420
5091188,231,93,9333,2011,117498.0,0.0,1.6884849999999998,-0.474499,USA,GTM,851420
5091189,14,97,9333,2011,194874.0,48233.0,-0.138148,0.002999,AUS,HKG,851420
5091190,39,97,9333,2011,51609.0,0.0,0.754813,1.1967290000000002,CAN,HKG,851420
5091191,43,97,9333,2011,201411.0,28700.0,1.072299,1.686826,CHN,HKG,851420
5091192,61,97,9333,2011,72615.0,0.0,2.074435,-3.440815,DEU,HKG,851420
5091193,64,97,9333,2011,16505.0,0.0,1.156026,1.2248299999999999,DNK,HKG,851420
5091194,71,97,9333,2011,15256.0,0.0,0.8677290000000001,2.4618450000000003,ESP,HKG,851420
5091195,77,97,9333,2011,8430.0,0.0,1.532054,0.09339299999999999,FRA,HKG,851420
5091196,81,97,9333,2011,215054.0,0.0,1.8048220000000001,0.380141,GBR,HKG,851420
5091197,102,97,9333,2011,9607.0,0.0,1.486592,0.805642,HUN,HKG,851420
5091198,103,97,9333,2011,0.0,11827.0,-0.234125,1.168384,IDN,HKG,851420
5091199,107,97,9333,2011,0.0,1497.0,-0.915379,-0.973194,IRN,HKG,851420
5091200,111,97,9333,2011,26173.0,0.0,1.298751,0.48013599999999995,ITA,HKG,851420
5091201,114,97,9333,2011,156830.0,0.0,2.516395,-0.534301,JPN,HKG,851420
5091202,121,97,9333,2011,22174.0,11805.0,1.731371,0.8306879999999999,KOR,HKG,851420
5091203,130,97,9333,2011,0.0,3367.0,0.747963,0.9759530000000001,LTU,HKG,851420
5091204,133,97,9333,2011,0.0,18438.0,0.511015,0.560905,MAC,HKG,851420
5091205,138,97,9333,2011,0.0,37699.0,0.9534600000000001,0.706982,MEX,HKG,851420
5091206,153,97,9333,2011,0.0,8374.0,0.9893290000000001,0.632079,MYS,HKG,851420
5091207,174,97,9333,2011,0.0,3620.0,0.364707,0.322626,PHL,HKG,851420
5091208,192,97,9333,2011,501370.0,78434.0,1.849116,0.52127,SGP,HKG,851420
5091209,208,97,9333,2011,650024.0,0.0,1.857146,0.366159,SWE,HKG,851420
5091210,216,97,9333,2011,0.0,61933.0,0.889009,1.503118,THA,HKG,851420
5091211,231,97,9333,2011,416434.0,0.0,1.6884849999999998,-0.474499,USA,HKG,851420
5091212,249,97,9333,2011,18516.0,24219.0,1.803234,0.921233,TWN,HKG,851420
5091213,162,99,9333,2011,3928.0,0.0,1.1655229999999999,1.410167,NLD,HND,851420
5091214,231,99,9333,2011,7406.0,0.0,1.6884849999999998,-0.474499,USA,HND,851420
5091215,14,103,9333,2011,719386.0,0.0,-0.138148,0.002999,AUS,IDN,851420
5091216,32,103,9333,2011,0.0,20423.0,0.27718400000000004,0.5674319999999999,BRA,IDN,851420
5091217,39,103,9333,2011,5483.0,0.0,0.754813,1.1967290000000002,CAN,IDN,851420
5091218,41,103,9333,2011,131869.0,0.0,2.2644029999999997,0.406131,CHE,IDN,851420
5091219,43,103,9333,2011,3297871.0,0.0,1.072299,1.686826,CHN,IDN,851420
5091220,61,103,9333,2011,98751.0,1479.0,2.074435,-3.440815,DEU,IDN,851420
5091221,81,103,9333,2011,10327.0,0.0,1.8048220000000001,0.380141,GBR,IDN,851420
5091222,97,103,9333,2011,11827.0,0.0,0.663588,1.902118,HKG,IDN,851420
5091223,104,103,9333,2011,483066.0,0.0,0.18276199999999998,2.398765,IND,IDN,851420
5091224,111,103,9333,2011,514041.0,0.0,1.298751,0.48013599999999995,ITA,IDN,851420
5091225,114,103,9333,2011,1914117.0,33920.0,2.516395,-0.534301,JPN,IDN,851420
5091226,121,103,9333,2011,87533.0,0.0,1.731371,0.8306879999999999,KOR,IDN,851420
5091227,153,103,9333,2011,80897.0,2424.0,0.9893290000000001,0.632079,MYS,IDN,851420
5091228,166,103,9333,2011,3075.0,0.0,0.372732,0.548601,NZL,IDN,851420
5091229,174,103,9333,2011,115858.0,0.0,0.364707,0.322626,PHL,IDN,851420
5091230,192,103,9333,2011,339794.0,14696.0,1.849116,0.52127,SGP,IDN,851420
5091231,216,103,9333,2011,37826.0,44639.0,0.889009,1.503118,THA,IDN,851420
5091232,224,103,9333,2011,768.0,0.0,0.45775,2.4316259999999996,TUR,IDN,851420
5091233,231,103,9333,2011,71725.0,0.0,1.6884849999999998,-0.474499,USA,IDN,851420
5091234,249,103,9333,2011,1175085.0,0.0,1.803234,0.921233,TWN,IDN,851420
5091235,7,104,9333,2011,0.0,2527442.0,0.030652,-0.450808,ARE,IND,851420
5091236,8,104,9333,2011,0.0,237841.0,0.240494,0.540376,ARG,IND,851420
5091237,14,104,9333,2011,0.0,141515.0,-0.138148,0.002999,AUS,IND,851420
5091238,15,104,9333,2011,11111.0,0.0,1.687634,-0.229095,AUT,IND,851420
5091239,22,104,9333,2011,0.0,67499.0,-1.074416,-0.8276370000000001,BGD,IND,851420
5091240,23,104,9333,2011,1796.0,0.0,0.537967,1.520973,BGR,IND,851420
5091241,32,104,9333,2011,19889.0,663124.0,0.27718400000000004,0.5674319999999999,BRA,IND,851420
5091242,35,104,9333,2011,0.0,3031.0,-0.022021000000000002,-0.5282439999999999,BTN,IND,851420
5091243,39,104,9333,2011,109604.0,0.0,0.754813,1.1967290000000002,CAN,IND,851420
5091244,41,104,9333,2011,1014298.0,0.0,2.2644029999999997,0.406131,CHE,IND,851420
5091245,43,104,9333,2011,443248.0,0.0,1.072299,1.686826,CHN,IND,851420
5091246,61,104,9333,2011,9910279.0,34731.0,2.074435,-3.440815,DEU,IND,851420
5091247,68,104,9333,2011,0.0,19027.0,-0.166243,1.384719,EGY,IND,851420
5091248,71,104,9333,2011,2536669.0,1586.0,0.8677290000000001,2.4618450000000003,ESP,IND,851420
5091249,73,104,9333,2011,0.0,5610.0,-1.258175,-0.920692,ETH,IND,851420
5091250,77,104,9333,2011,44423.0,0.0,1.532054,0.09339299999999999,FRA,IND,851420
5091251,81,104,9333,2011,204906.0,135280.0,1.8048220000000001,0.380141,GBR,IND,851420
5091252,83,104,9333,2011,0.0,447904.0,-0.8627319999999999,-0.608823,GHA,IND,851420
5091253,90,104,9333,2011,0.0,8560.0,0.138679,1.30044,GRC,IND,851420
5091254,102,104,9333,2011,16875.0,0.0,1.486592,0.805642,HUN,IND,851420
5091255,103,104,9333,2011,0.0,483066.0,-0.234125,1.168384,IDN,IND,851420
5091256,107,104,9333,2011,0.0,2508484.0,-0.915379,-0.973194,IRN,IND,851420
5091257,110,104,9333,2011,10927.0,0.0,1.324384,0.714611,ISR,IND,851420
5091258,111,104,9333,2011,491246.0,3690.0,1.298751,0.48013599999999995,ITA,IND,851420
5091259,114,104,9333,2011,732401.0,0.0,2.516395,-0.534301,JPN,IND,851420
5091260,115,104,9333,2011,0.0,328923.0,-0.514687,-0.775671,KAZ,IND,851420
5091261,116,104,9333,2011,0.0,392686.0,-0.48319300000000004,0.346927,KEN,IND,851420
5091262,121,104,9333,2011,21504.0,1544273.0,1.731371,0.8306879999999999,KOR,IND,851420
5091263,122,104,9333,2011,0.0,28161.0,-0.898582,-1.09893,KWT,IND,851420
5091264,124,104,9333,2011,0.0,79340.0,0.278393,1.2962879999999999,LBN,IND,851420
5091265,128,104,9333,2011,0.0,31640.0,-0.559311,0.398905,LKA,IND,851420
5091266,138,104,9333,2011,0.0,1054.0,0.9534600000000001,0.706982,MEX,IND,851420
5091267,141,104,9333,2011,0.0,172483.0,-0.6778109999999999,-0.653211,MLI,IND,851420
5091268,152,104,9333,2011,0.0,4242.0,-1.100291,-0.982559,MWI,IND,851420
5091269,153,104,9333,2011,16086.0,47800.0,0.9893290000000001,0.632079,MYS,IND,851420
5091270,155,104,9333,2011,0.0,3453.0,-0.42998400000000003,-0.632233,NAM,IND,851420
5091271,159,104,9333,2011,0.0,626695.0,-1.699286,-1.15511,NGA,IND,851420
5091272,162,104,9333,2011,0.0,135871.0,1.1655229999999999,1.410167,NLD,IND,851420
5091273,164,104,9333,2011,0.0,2588.0,-0.242299,0.801966,NPL,IND,851420
5091274,167,104,9333,2011,0.0,107862.0,-0.473703,-0.952491,OMN,IND,851420
5091275,168,104,9333,2011,0.0,1995618.0,-0.729677,0.6026729999999999,PAK,IND,851420
5091276,174,104,9333,2011,0.0,2606.0,0.364707,0.322626,PHL,IND,851420
5091277,177,104,9333,2011,135549.0,0.0,1.133641,1.134203,POL,IND,851420
5091278,186,104,9333,2011,232241.0,123074.0,0.47319399999999995,-0.20801599999999998,RUS,IND,851420
5091279,187,104,9333,2011,0.0,1625.0,-0.684475,-0.690734,RWA,IND,851420
5091280,188,104,9333,2011,0.0,1932846.0,0.354045,-0.800028,SAU,IND,851420
5091281,190,104,9333,2011,0.0,193656.0,-2.1675869999999997,-1.249272,SDN,IND,851420
5091282,192,104,9333,2011,94028.0,176424.0,1.849116,0.52127,SGP,IND,851420
5091283,208,104,9333,2011,0.0,4901.0,1.857146,0.366159,SWE,IND,851420
5091284,216,104,9333,2011,9804.0,1418.0,0.889009,1.503118,THA,IND,851420
5091285,224,104,9333,2011,1361.0,95849.0,0.45775,2.4316259999999996,TUR,IND,851420
5091286,226,104,9333,2011,0.0,12069.0,-0.751316,0.286505,TZA,IND,851420
5091287,227,104,9333,2011,0.0,73259.0,-0.7153,-0.062678,UGA,IND,851420
5091288,231,104,9333,2011,1248742.0,301550.0,1.6884849999999998,-0.474499,USA,IND,851420
5091289,243,104,9333,2011,0.0,29107.0,-1.44127,-1.242875,YEM,IND,851420
5091290,246,104,9333,2011,1630124.0,308716.0,0.241792,1.353011,ZAF,IND,851420
5091291,248,104,9333,2011,0.0,339307.0,-0.858662,-0.8632719999999999,ZWE,IND,851420
5091292,249,104,9333,2011,133399.0,31952.0,1.803234,0.921233,TWN,IND,851420
5091293,14,106,9333,2011,0.0,1567.0,-0.138148,0.002999,AUS,IRL,851420
5091294,39,106,9333,2011,0.0,1357.0,0.754813,1.1967290000000002,CAN,IRL,851420
5091295,61,106,9333,2011,50016.0,0.0,2.074435,-3.440815,DEU,IRL,851420
5091296,81,106,9333,2011,669894.0,0.0,1.8048220000000001,0.380141,GBR,IRL,851420
5091297,121,106,9333,2011,0.0,14651.0,1.731371,0.8306879999999999,KOR,IRL,851420
5091298,166,106,9333,2011,0.0,892.0,0.372732,0.548601,NZL,IRL,851420
5091299,231,106,9333,2011,505142.0,0.0,1.6884849999999998,-0.474499,USA,IRL,851420
5091300,250,106,9333,2011,0.0,11650.0,0.475638,-0.160135,ANS,IRL,851420
5091301,23,110,9333,2011,7488.0,0.0,0.537967,1.520973,BGR,ISR,851420
5091302,43,110,9333,2011,21462.0,0.0,1.072299,1.686826,CHN,ISR,851420
5091303,61,110,9333,2011,3819.0,0.0,2.074435,-3.440815,DEU,ISR,851420
5091304,81,110,9333,2011,8643.0,3266.0,1.8048220000000001,0.380141,GBR,ISR,851420
5091305,104,110,9333,2011,0.0,10927.0,0.18276199999999998,2.398765,IND,ISR,851420
5091306,111,110,9333,2011,2743.0,6050.0,1.298751,0.48013599999999995,ITA,ISR,851420
5091307,113,110,9333,2011,1901.0,0.0,0.231605,0.47049399999999997,JOR,ISR,851420
5091308,121,110,9333,2011,8371.0,0.0,1.731371,0.8306879999999999,KOR,ISR,851420
5091309,192,110,9333,2011,0.0,6388.0,1.849116,0.52127,SGP,ISR,851420
5091310,231,110,9333,2011,1158888.0,44573.0,1.6884849999999998,-0.474499,USA,ISR,851420
5091311,239,110,9333,2011,0.0,4287.0,-0.184453,1.637207,VNM,ISR,851420
5091312,4,111,9333,2011,0.0,2156.0,-0.331435,-0.034828,ALB,ITA,851420
5091313,7,111,9333,2011,0.0,215452.0,0.030652,-0.450808,ARE,ITA,851420
5091314,8,111,9333,2011,0.0,23634.0,0.240494,0.540376,ARG,ITA,851420
5091315,14,111,9333,2011,0.0,14450.0,-0.138148,0.002999,AUS,ITA,851420
5091316,15,111,9333,2011,256212.0,103015.0,1.687634,-0.229095,AUT,ITA,851420
5091317,18,111,9333,2011,46180.0,221130.0,1.221703,1.247961,BEL,ITA,851420
5091318,23,111,9333,2011,28158.0,572998.0,0.537967,1.520973,BGR,ITA,851420
5091319,24,111,9333,2011,0.0,11396.0,0.04085,-0.873711,BHR,ITA,851420
5091320,26,111,9333,2011,0.0,2731.0,0.391425,0.6066600000000001,BIH,ITA,851420
5091321,28,111,9333,2011,0.0,19441.0,0.8786729999999999,0.442097,BLR,ITA,851420
5091322,31,111,9333,2011,0.0,18629.0,-0.818593,-0.8701770000000001,BOL,ITA,851420
5091323,32,111,9333,2011,0.0,2396700.0,0.27718400000000004,0.5674319999999999,BRA,ITA,851420
5091324,39,111,9333,2011,0.0,6442.0,0.754813,1.1967290000000002,CAN,ITA,851420
5091325,41,111,9333,2011,386798.0,1801538.0,2.2644029999999997,0.406131,CHE,ITA,851420
5091326,42,111,9333,2011,0.0,124145.0,-0.199877,-0.353009,CHL,ITA,851420
5091327,43,111,9333,2011,217973.0,5454468.0,1.072299,1.686826,CHN,ITA,851420
5091328,49,111,9333,2011,0.0,32738.0,0.14336600000000002,-0.22996,COL,ITA,851420
5091329,58,111,9333,2011,0.0,12504.0,0.798165,0.424179,CYP,ITA,851420
5091330,59,111,9333,2011,0.0,289117.0,1.737788,0.14741600000000002,CZE,ITA,851420
5091331,61,111,9333,2011,641127.0,6030678.0,2.074435,-3.440815,DEU,ITA,851420
5091332,64,111,9333,2011,0.0,6952.0,1.156026,1.2248299999999999,DNK,ITA,851420
5091333,66,111,9333,2011,0.0,114308.0,-1.36763,-1.140594,DZA,ITA,851420
5091334,67,111,9333,2011,0.0,5520.0,-0.8250639999999999,-0.839082,ECU,ITA,851420
5091335,68,111,9333,2011,0.0,137004.0,-0.166243,1.384719,EGY,ITA,851420
5091336,71,111,9333,2011,0.0,4311484.0,0.8677290000000001,2.4618450000000003,ESP,ITA,851420
5091337,72,111,9333,2011,0.0,1499.0,0.9806790000000001,1.110449,EST,ITA,851420
5091338,77,111,9333,2011,66346.0,884438.0,1.532054,0.09339299999999999,FRA,ITA,851420
5091339,81,111,9333,2011,1655686.0,1568259.0,1.8048220000000001,0.380141,GBR,ITA,851420
5091340,82,111,9333,2011,0.0,5965.0,-0.07754,-0.35434699999999997,GEO,ITA,851420
5091341,83,111,9333,2011,0.0,2387.0,-0.8627319999999999,-0.608823,GHA,ITA,851420
5091342,90,111,9333,2011,2326.0,104424.0,0.138679,1.30044,GRC,ITA,851420
5091343,97,111,9333,2011,0.0,26173.0,0.663588,1.902118,HKG,ITA,851420
5091344,100,111,9333,2011,50432.0,144151.0,0.868294,0.9424299999999999,HRV,ITA,851420
5091345,102,111,9333,2011,0.0,12335.0,1.486592,0.805642,HUN,ITA,851420
5091346,103,111,9333,2011,0.0,514041.0,-0.234125,1.168384,IDN,ITA,851420
5091347,104,111,9333,2011,3690.0,491246.0,0.18276199999999998,2.398765,IND,ITA,851420
5091348,107,111,9333,2011,0.0,233218.0,-0.915379,-0.973194,IRN,ITA,851420
5091349,110,111,9333,2011,6050.0,2743.0,1.324384,0.714611,ISR,ITA,851420
5091350,113,111,9333,2011,0.0,45214.0,0.231605,0.47049399999999997,JOR,ITA,851420
5091351,114,111,9333,2011,86496.0,2748.0,2.516395,-0.534301,JPN,ITA,851420
5091352,117,111,9333,2011,0.0,759.0,-0.323348,0.164469,KGZ,ITA,851420
5091353,121,111,9333,2011,0.0,6406072.0,1.731371,0.8306879999999999,KOR,ITA,851420
5091354,122,111,9333,2011,0.0,7480.0,-0.898582,-1.09893,KWT,ITA,851420
5091355,124,111,9333,2011,0.0,6486.0,0.278393,1.2962879999999999,LBN,ITA,851420
5091356,128,111,9333,2011,0.0,3546.0,-0.559311,0.398905,LKA,ITA,851420
5091357,130,111,9333,2011,0.0,919.0,0.747963,0.9759530000000001,LTU,ITA,851420
5091358,132,111,9333,2011,0.0,13529.0,0.7320939999999999,1.101321,LVA,ITA,851420
5091359,134,111,9333,2011,0.0,72800.0,-0.485404,0.099828,MAR,ITA,851420
5091360,135,111,9333,2011,0.0,4525.0,-0.225556,0.28622,MDA,ITA,851420
5091361,138,111,9333,2011,0.0,73196.0,0.9534600000000001,0.706982,MEX,ITA,851420
5091362,142,111,9333,2011,0.0,2979.0,1.3001340000000001,0.22605799999999998,MLT,ITA,851420
5091363,145,111,9333,2011,0.0,25057.0,-1.0869389999999999,-1.107693,MNG,ITA,851420
5091364,151,111,9333,2011,0.0,2103.0,-0.09464600000000001,0.091177,MUS,ITA,851420
5091365,153,111,9333,2011,0.0,33161.0,0.9893290000000001,0.632079,MYS,ITA,851420
5091366,156,111,9333,2011,0.0,8105.0,-0.976349,-0.798691,NCL,ITA,851420
5091367,160,111,9333,2011,0.0,8700.0,-0.9592139999999999,-0.796108,NIC,ITA,851420
5091368,162,111,9333,2011,5384.0,1209195.0,1.1655229999999999,1.410167,NLD,ITA,851420
5091369,166,111,9333,2011,0.0,1154.0,0.372732,0.548601,NZL,ITA,851420
5091370,168,111,9333,2011,0.0,3856039.0,-0.729677,0.6026729999999999,PAK,ITA,851420
5091371,169,111,9333,2011,32592.0,0.0,0.786135,1.061008,PAN,ITA,851420
5091372,173,111,9333,2011,0.0,431126.0,-0.455977,0.442543,PER,ITA,851420
5091373,177,111,9333,2011,5245.0,1539054.0,1.133641,1.134203,POL,ITA,851420
5091374,179,111,9333,2011,0.0,74666.0,0.558481,2.7056240000000003,PRT,ITA,851420
5091375,185,111,9333,2011,0.0,2705843.0,0.722,1.296655,ROU,ITA,851420
5091376,186,111,9333,2011,0.0,1260620.0,0.47319399999999995,-0.20801599999999998,RUS,ITA,851420
5091377,188,111,9333,2011,0.0,32470.0,0.354045,-0.800028,SAU,ITA,851420
5091378,190,111,9333,2011,0.0,11678.0,-2.1675869999999997,-1.249272,SDN,ITA,851420
5091379,191,111,9333,2011,0.0,6231.0,-0.624346,-0.308052,SEN,ITA,851420
5091380,192,111,9333,2011,0.0,29756.0,1.849116,0.52127,SGP,ITA,851420
5091381,206,111,9333,2011,0.0,8567.0,1.262897,0.8230569999999999,SVK,ITA,851420
5091382,207,111,9333,2011,686905.0,941449.0,1.642913,0.700222,SVN,ITA,851420
5091383,208,111,9333,2011,179075.0,202891.0,1.857146,0.366159,SWE,ITA,851420
5091384,216,111,9333,2011,30541.0,123133.0,0.889009,1.503118,THA,ITA,851420
5091385,223,111,9333,2011,0.0,138394.0,0.151221,1.1252360000000001,TUN,ITA,851420
5091386,224,111,9333,2011,12785.0,664412.0,0.45775,2.4316259999999996,TUR,ITA,851420
5091387,228,111,9333,2011,53599.0,8135.0,0.6221409999999999,0.765505,UKR,ITA,851420
5091388,231,111,9333,2011,389044.0,1970171.0,1.6884849999999998,-0.474499,USA,ITA,851420
5091389,239,111,9333,2011,0.0,15781.0,-0.184453,1.637207,VNM,ITA,851420
5091390,246,111,9333,2011,0.0,57462.0,0.241792,1.353011,ZAF,ITA,851420
5091391,249,111,9333,2011,0.0,237622.0,1.803234,0.921233,TWN,ITA,851420
5091392,81,112,9333,2011,2478.0,0.0,1.8048220000000001,0.380141,GBR,JAM,851420
5091393,231,112,9333,2011,54750.0,0.0,1.6884849999999998,-0.474499,USA,JAM,851420
5091394,7,114,9333,2011,0.0,307712.0,0.030652,-0.450808,ARE,JPN,851420
5091395,14,114,9333,2011,0.0,357651.0,-0.138148,0.002999,AUS,JPN,851420
5091396,15,114,9333,2011,72093.0,1147168.0,1.687634,-0.229095,AUT,JPN,851420
5091397,18,114,9333,2011,6773.0,0.0,1.221703,1.247961,BEL,JPN,851420
5091398,32,114,9333,2011,0.0,547505.0,0.27718400000000004,0.5674319999999999,BRA,JPN,851420
5091399,43,114,9333,2011,2106345.0,13671698.0,1.072299,1.686826,CHN,JPN,851420
5091400,59,114,9333,2011,0.0,32491.0,1.737788,0.14741600000000002,CZE,JPN,851420
5091401,61,114,9333,2011,5437640.0,2325256.0,2.074435,-3.440815,DEU,JPN,851420
5091402,68,114,9333,2011,0.0,48019.0,-0.166243,1.384719,EGY,JPN,851420
5091403,71,114,9333,2011,0.0,131655.0,0.8677290000000001,2.4618450000000003,ESP,JPN,851420
5091404,77,114,9333,2011,0.0,138220.0,1.532054,0.09339299999999999,FRA,JPN,851420
5091405,81,114,9333,2011,10400.0,1414746.0,1.8048220000000001,0.380141,GBR,JPN,851420
5091406,97,114,9333,2011,0.0,156830.0,0.663588,1.902118,HKG,JPN,851420
5091407,102,114,9333,2011,0.0,7741.0,1.486592,0.805642,HUN,JPN,851420
5091408,103,114,9333,2011,33920.0,1914117.0,-0.234125,1.168384,IDN,JPN,851420
5091409,104,114,9333,2011,0.0,732401.0,0.18276199999999998,2.398765,IND,JPN,851420
5091410,111,114,9333,2011,2748.0,86496.0,1.298751,0.48013599999999995,ITA,JPN,851420
5091411,121,114,9333,2011,55403.0,8426054.0,1.731371,0.8306879999999999,KOR,JPN,851420
5091412,123,114,9333,2011,0.0,1421.0,-1.135039,-0.929759,LAO,JPN,851420
5091413,133,114,9333,2011,0.0,7901.0,0.511015,0.560905,MAC,JPN,851420
5091414,138,114,9333,2011,0.0,1012468.0,0.9534600000000001,0.706982,MEX,JPN,851420
5091415,153,114,9333,2011,0.0,163471.0,0.9893290000000001,0.632079,MYS,JPN,851420
5091416,156,114,9333,2011,0.0,18364.0,-0.976349,-0.798691,NCL,JPN,851420
5091417,162,114,9333,2011,0.0,270866.0,1.1655229999999999,1.410167,NLD,JPN,851420
5091418,166,114,9333,2011,0.0,29533.0,0.372732,0.548601,NZL,JPN,851420
5091419,168,114,9333,2011,0.0,45378.0,-0.729677,0.6026729999999999,PAK,JPN,851420
5091420,174,114,9333,2011,0.0,253019.0,0.364707,0.322626,PHL,JPN,851420
5091421,177,114,9333,2011,0.0,1223066.0,1.133641,1.134203,POL,JPN,851420
5091422,183,114,9333,2011,0.0,182002.0,-0.45851899999999995,-1.017033,QAT,JPN,851420
5091423,186,114,9333,2011,0.0,19664.0,0.47319399999999995,-0.20801599999999998,RUS,JPN,851420
5091424,192,114,9333,2011,87733.0,1667752.0,1.849116,0.52127,SGP,JPN,851420
5091425,206,114,9333,2011,0.0,18673.0,1.262897,0.8230569999999999,SVK,JPN,851420
5091426,207,114,9333,2011,110621.0,0.0,1.642913,0.700222,SVN,JPN,851420
5091427,208,114,9333,2011,687476.0,0.0,1.857146,0.366159,SWE,JPN,851420
5091428,216,114,9333,2011,20614.0,7881090.0,0.889009,1.503118,THA,JPN,851420
5091429,224,114,9333,2011,0.0,202044.0,0.45775,2.4316259999999996,TUR,JPN,851420
5091430,231,114,9333,2011,2199313.0,8875674.0,1.6884849999999998,-0.474499,USA,JPN,851420
5091431,239,114,9333,2011,0.0,2064136.0,-0.184453,1.637207,VNM,JPN,851420
5091432,246,114,9333,2011,0.0,128602.0,0.241792,1.353011,ZAF,JPN,851420
5091433,249,114,9333,2011,1352310.0,3320023.0,1.803234,0.921233,TWN,JPN,851420
5091434,7,121,9333,2011,0.0,106448.0,0.030652,-0.450808,ARE,KOR,851420
5091435,8,121,9333,2011,0.0,1528.0,0.240494,0.540376,ARG,KOR,851420
5091436,9,121,9333,2011,0.0,1017.0,0.543397,-0.029376999999999997,ARM,KOR,851420
5091437,14,121,9333,2011,33366.0,99500.0,-0.138148,0.002999,AUS,KOR,851420
5091438,15,121,9333,2011,141401.0,0.0,1.687634,-0.229095,AUT,KOR,851420
5091439,22,121,9333,2011,0.0,34184.0,-1.074416,-0.8276370000000001,BGD,KOR,851420
5091440,28,121,9333,2011,1718.0,0.0,0.8786729999999999,0.442097,BLR,KOR,851420
5091441,31,121,9333,2011,0.0,5527.0,-0.818593,-0.8701770000000001,BOL,KOR,851420
5091442,39,121,9333,2011,57084.0,41734.0,0.754813,1.1967290000000002,CAN,KOR,851420
5091443,41,121,9333,2011,0.0,3368.0,2.2644029999999997,0.406131,CHE,KOR,851420
5091444,42,121,9333,2011,99591.0,40342.0,-0.199877,-0.353009,CHL,KOR,851420
5091445,43,121,9333,2011,616567.0,2907431.0,1.072299,1.686826,CHN,KOR,851420
5091446,49,121,9333,2011,0.0,13181.0,0.14336600000000002,-0.22996,COL,KOR,851420
5091447,61,121,9333,2011,246317.0,89622.0,2.074435,-3.440815,DEU,KOR,851420
5091448,66,121,9333,2011,0.0,5260.0,-1.36763,-1.140594,DZA,KOR,851420
5091449,67,121,9333,2011,0.0,1655.0,-0.8250639999999999,-0.839082,ECU,KOR,851420
5091450,68,121,9333,2011,0.0,82454.0,-0.166243,1.384719,EGY,KOR,851420
5091451,71,121,9333,2011,188322.0,0.0,0.8677290000000001,2.4618450000000003,ESP,KOR,851420
5091452,77,121,9333,2011,0.0,9603.0,1.532054,0.09339299999999999,FRA,KOR,851420
5091453,81,121,9333,2011,327215.0,8967.0,1.8048220000000001,0.380141,GBR,KOR,851420
5091454,90,121,9333,2011,0.0,1547.0,0.138679,1.30044,GRC,KOR,851420
5091455,97,121,9333,2011,11805.0,22174.0,0.663588,1.902118,HKG,KOR,851420
5091456,102,121,9333,2011,0.0,14039.0,1.486592,0.805642,HUN,KOR,851420
5091457,103,121,9333,2011,0.0,87533.0,-0.234125,1.168384,IDN,KOR,851420
5091458,104,121,9333,2011,1544273.0,21504.0,0.18276199999999998,2.398765,IND,KOR,851420
5091459,106,121,9333,2011,14651.0,0.0,1.403182,0.290245,IRL,KOR,851420
5091460,107,121,9333,2011,0.0,42452.0,-0.915379,-0.973194,IRN,KOR,851420
5091461,108,121,9333,2011,0.0,43886.0,-2.175137,-0.726975,IRQ,KOR,851420
5091462,109,121,9333,2011,0.0,3357.0,0.284202,-0.23753000000000002,ISL,KOR,851420
5091463,110,121,9333,2011,0.0,8371.0,1.324384,0.714611,ISR,KOR,851420
5091464,111,121,9333,2011,6406072.0,0.0,1.298751,0.48013599999999995,ITA,KOR,851420
5091465,113,121,9333,2011,0.0,8402.0,0.231605,0.47049399999999997,JOR,KOR,851420
5091466,114,121,9333,2011,8426054.0,55403.0,2.516395,-0.534301,JPN,KOR,851420
5091467,116,121,9333,2011,0.0,27967.0,-0.48319300000000004,0.346927,KEN,KOR,851420
5091468,122,121,9333,2011,0.0,5668.0,-0.898582,-1.09893,KWT,KOR,851420
5091469,124,121,9333,2011,0.0,26690.0,0.278393,1.2962879999999999,LBN,KOR,851420
5091470,128,121,9333,2011,0.0,17255.0,-0.559311,0.398905,LKA,KOR,851420
5091471,132,121,9333,2011,0.0,27386.0,0.7320939999999999,1.101321,LVA,KOR,851420
5091472,134,121,9333,2011,0.0,36149.0,-0.485404,0.099828,MAR,KOR,851420
5091473,138,121,9333,2011,0.0,81902.0,0.9534600000000001,0.706982,MEX,KOR,851420
5091474,143,121,9333,2011,0.0,1007.0,-1.3557190000000001,-0.929934,MMR,KOR,851420
5091475,145,121,9333,2011,0.0,4901.0,-1.0869389999999999,-1.107693,MNG,KOR,851420
5091476,153,121,9333,2011,0.0,33881.0,0.9893290000000001,0.632079,MYS,KOR,851420
5091477,162,121,9333,2011,0.0,9258.0,1.1655229999999999,1.410167,NLD,KOR,851420
5091478,166,121,9333,2011,0.0,3712.0,0.372732,0.548601,NZL,KOR,851420
5091479,167,121,9333,2011,0.0,41405.0,-0.473703,-0.952491,OMN,KOR,851420
5091480,168,121,9333,2011,0.0,137694.0,-0.729677,0.6026729999999999,PAK,KOR,851420
5091481,173,121,9333,2011,0.0,2512.0,-0.455977,0.442543,PER,KOR,851420
5091482,174,121,9333,2011,0.0,29979.0,0.364707,0.322626,PHL,KOR,851420
5091483,177,121,9333,2011,0.0,1002.0,1.133641,1.134203,POL,KOR,851420
5091484,186,121,9333,2011,435605.0,83630.0,0.47319399999999995,-0.20801599999999998,RUS,KOR,851420
5091485,188,121,9333,2011,0.0,41254.0,0.354045,-0.800028,SAU,KOR,851420
5091486,190,121,9333,2011,0.0,3685.0,-2.1675869999999997,-1.249272,SDN,KOR,851420
5091487,192,121,9333,2011,14402.0,72412.0,1.849116,0.52127,SGP,KOR,851420
5091488,208,121,9333,2011,1211363.0,0.0,1.857146,0.366159,SWE,KOR,851420
5091489,212,121,9333,2011,0.0,4399.0,-0.604133,0.5268970000000001,SYR,KOR,851420
5091490,216,121,9333,2011,0.0,114829.0,0.889009,1.503118,THA,KOR,851420
5091491,223,121,9333,2011,0.0,2742.0,0.151221,1.1252360000000001,TUN,KOR,851420
5091492,224,121,9333,2011,0.0,65498.0,0.45775,2.4316259999999996,TUR,KOR,851420
5091493,226,121,9333,2011,0.0,1231.0,-0.751316,0.286505,TZA,KOR,851420
5091494,230,121,9333,2011,0.0,6822.0,0.313195,0.042866,URY,KOR,851420
5091495,231,121,9333,2011,6845719.0,1214118.0,1.6884849999999998,-0.474499,USA,KOR,851420
5091496,232,121,9333,2011,0.0,3252844.0,-0.785878,-0.663918,UZB,KOR,851420
5091497,236,121,9333,2011,93020.0,0.0,-0.841147,-1.095636,VEN,KOR,851420
5091498,239,121,9333,2011,0.0,619106.0,-0.184453,1.637207,VNM,KOR,851420
5091499,246,121,9333,2011,0.0,7470.0,0.241792,1.353011,ZAF,KOR,851420
5091500,249,121,9333,2011,342145.0,0.0,1.803234,0.921233,TWN,KOR,851420
5091501,61,122,9333,2011,39960.0,0.0,2.074435,-3.440815,DEU,KWT,851420
5091502,77,122,9333,2011,21225.0,0.0,1.532054,0.09339299999999999,FRA,KWT,851420
5091503,81,122,9333,2011,67870.0,0.0,1.8048220000000001,0.380141,GBR,KWT,851420
5091504,104,122,9333,2011,28161.0,0.0,0.18276199999999998,2.398765,IND,KWT,851420
5091505,111,122,9333,2011,7480.0,0.0,1.298751,0.48013599999999995,ITA,KWT,851420
5091506,121,122,9333,2011,5668.0,0.0,1.731371,0.8306879999999999,KOR,KWT,851420
5091507,208,122,9333,2011,5695.0,0.0,1.857146,0.366159,SWE,KWT,851420
5091508,231,122,9333,2011,77622.0,0.0,1.6884849999999998,-0.474499,USA,KWT,851420
5091509,41,134,9333,2011,11477.0,0.0,2.2644029999999997,0.406131,CHE,MAR,851420
5091510,71,134,9333,2011,15508.0,0.0,0.8677290000000001,2.4618450000000003,ESP,MAR,851420
5091511,77,134,9333,2011,12430.0,0.0,1.532054,0.09339299999999999,FRA,MAR,851420
5091512,111,134,9333,2011,72800.0,0.0,1.298751,0.48013599999999995,ITA,MAR,851420
5091513,121,134,9333,2011,36149.0,0.0,1.731371,0.8306879999999999,KOR,MAR,851420
5091514,179,134,9333,2011,7458.0,0.0,0.558481,2.7056240000000003,PRT,MAR,851420
5091515,224,134,9333,2011,152859.0,0.0,0.45775,2.4316259999999996,TUR,MAR,851420
5091516,231,134,9333,2011,7422.0,0.0,1.6884849999999998,-0.474499,USA,MAR,851420
5091517,14,138,9333,2011,416994.0,0.0,-0.138148,0.002999,AUS,MEX,851420
5091518,15,138,9333,2011,7576.0,0.0,1.687634,-0.229095,AUT,MEX,851420
5091519,32,138,9333,2011,971.0,0.0,0.27718400000000004,0.5674319999999999,BRA,MEX,851420
5091520,39,138,9333,2011,449969.0,0.0,0.754813,1.1967290000000002,CAN,MEX,851420
5091521,41,138,9333,2011,31398.0,0.0,2.2644029999999997,0.406131,CHE,MEX,851420
5091522,43,138,9333,2011,294958.0,0.0,1.072299,1.686826,CHN,MEX,851420
5091523,61,138,9333,2011,1802473.0,0.0,2.074435,-3.440815,DEU,MEX,851420
5091524,65,138,9333,2011,0.0,1743.0,-0.260653,0.5682010000000001,DOM,MEX,851420
5091525,71,138,9333,2011,519641.0,52839.0,0.8677290000000001,2.4618450000000003,ESP,MEX,851420
5091526,74,138,9333,2011,1363.0,0.0,1.7488830000000002,0.890934,FIN,MEX,851420
5091527,81,138,9333,2011,273084.0,0.0,1.8048220000000001,0.380141,GBR,MEX,851420
5091528,93,138,9333,2011,0.0,13195.0,-0.329497,0.775369,GTM,MEX,851420
5091529,97,138,9333,2011,37699.0,0.0,0.663588,1.902118,HKG,MEX,851420
5091530,104,138,9333,2011,1054.0,0.0,0.18276199999999998,2.398765,IND,MEX,851420
5091531,111,138,9333,2011,73196.0,0.0,1.298751,0.48013599999999995,ITA,MEX,851420
5091532,114,138,9333,2011,1012468.0,0.0,2.516395,-0.534301,JPN,MEX,851420
5091533,121,138,9333,2011,81902.0,0.0,1.731371,0.8306879999999999,KOR,MEX,851420
5091534,162,138,9333,2011,16431.0,0.0,1.1655229999999999,1.410167,NLD,MEX,851420
5091535,163,138,9333,2011,89144.0,0.0,0.8492770000000001,0.050044,NOR,MEX,851420
5091536,207,138,9333,2011,4296.0,0.0,1.642913,0.700222,SVN,MEX,851420
5091537,208,138,9333,2011,106345.0,0.0,1.857146,0.366159,SWE,MEX,851420
5091538,216,138,9333,2011,4868.0,0.0,0.889009,1.503118,THA,MEX,851420
5091539,231,138,9333,2011,4921017.0,1649474.0,1.6884849999999998,-0.474499,USA,MEX,851420
5091540,236,138,9333,2011,0.0,64694.0,-0.841147,-1.095636,VEN,MEX,851420
5091541,249,138,9333,2011,8622.0,0.0,1.803234,0.921233,TWN,MEX,851420
5091542,14,153,9333,2011,595970.0,362604.0,-0.138148,0.002999,AUS,MYS,851420
5091543,15,153,9333,2011,0.0,30237.0,1.687634,-0.229095,AUT,MYS,851420
5091544,41,153,9333,2011,296741.0,71910.0,2.2644029999999997,0.406131,CHE,MYS,851420
5091545,43,153,9333,2011,2118040.0,0.0,1.072299,1.686826,CHN,MYS,851420
5091546,61,153,9333,2011,11538.0,0.0,2.074435,-3.440815,DEU,MYS,851420
5091547,77,153,9333,2011,2160.0,0.0,1.532054,0.09339299999999999,FRA,MYS,851420
5091548,81,153,9333,2011,8181.0,3679444.0,1.8048220000000001,0.380141,GBR,MYS,851420
5091549,97,153,9333,2011,8374.0,0.0,0.663588,1.902118,HKG,MYS,851420
5091550,103,153,9333,2011,2424.0,80897.0,-0.234125,1.168384,IDN,MYS,851420
5091551,104,153,9333,2011,47800.0,16086.0,0.18276199999999998,2.398765,IND,MYS,851420
5091552,107,153,9333,2011,3702.0,0.0,-0.915379,-0.973194,IRN,MYS,851420
5091553,111,153,9333,2011,33161.0,0.0,1.298751,0.48013599999999995,ITA,MYS,851420
5091554,114,153,9333,2011,163471.0,0.0,2.516395,-0.534301,JPN,MYS,851420
5091555,121,153,9333,2011,33881.0,0.0,1.731371,0.8306879999999999,KOR,MYS,851420
5091556,174,153,9333,2011,0.0,70133.0,0.364707,0.322626,PHL,MYS,851420
5091557,192,153,9333,2011,38705.0,197541.0,1.849116,0.52127,SGP,MYS,851420
5091558,206,153,9333,2011,0.0,3265.0,1.262897,0.8230569999999999,SVK,MYS,851420
5091559,216,153,9333,2011,58761.0,340689.0,0.889009,1.503118,THA,MYS,851420
5091560,224,153,9333,2011,33067.0,0.0,0.45775,2.4316259999999996,TUR,MYS,851420
5091561,231,153,9333,2011,662847.0,0.0,1.6884849999999998,-0.474499,USA,MYS,851420
5091562,239,153,9333,2011,1567.0,15201.0,-0.184453,1.637207,VNM,MYS,851420
5091563,249,153,9333,2011,128076.0,0.0,1.803234,0.921233,TWN,MYS,851420
5091564,8,162,9333,2011,0.0,19159.0,0.240494,0.540376,ARG,NLD,851420
5091565,15,162,9333,2011,0.0,34122.0,1.687634,-0.229095,AUT,NLD,851420
5091566,18,162,9333,2011,33861.0,238264.0,1.221703,1.247961,BEL,NLD,851420
5091567,39,162,9333,2011,0.0,3912.0,0.754813,1.1967290000000002,CAN,NLD,851420
5091568,41,162,9333,2011,27012.0,0.0,2.2644029999999997,0.406131,CHE,NLD,851420
5091569,43,162,9333,2011,74629.0,89519.0,1.072299,1.686826,CHN,NLD,851420
5091570,49,162,9333,2011,0.0,101194.0,0.14336600000000002,-0.22996,COL,NLD,851420
5091571,61,162,9333,2011,1561908.0,85587.0,2.074435,-3.440815,DEU,NLD,851420
5091572,64,162,9333,2011,0.0,78094.0,1.156026,1.2248299999999999,DNK,NLD,851420
5091573,66,162,9333,2011,0.0,18532.0,-1.36763,-1.140594,DZA,NLD,851420
5091574,67,162,9333,2011,0.0,19265.0,-0.8250639999999999,-0.839082,ECU,NLD,851420
5091575,68,162,9333,2011,0.0,20682.0,-0.166243,1.384719,EGY,NLD,851420
5091576,77,162,9333,2011,159547.0,88263.0,1.532054,0.09339299999999999,FRA,NLD,851420
5091577,81,162,9333,2011,748443.0,95143.0,1.8048220000000001,0.380141,GBR,NLD,851420
5091578,99,162,9333,2011,0.0,3928.0,-0.740241,-0.311952,HND,NLD,851420
5091579,102,162,9333,2011,0.0,115120.0,1.486592,0.805642,HUN,NLD,851420
5091580,104,162,9333,2011,135871.0,0.0,0.18276199999999998,2.398765,IND,NLD,851420
5091581,109,162,9333,2011,0.0,1030977.0,0.284202,-0.23753000000000002,ISL,NLD,851420
5091582,111,162,9333,2011,1209195.0,5384.0,1.298751,0.48013599999999995,ITA,NLD,851420
5091583,114,162,9333,2011,270866.0,0.0,2.516395,-0.534301,JPN,NLD,851420
5091584,121,162,9333,2011,9258.0,0.0,1.731371,0.8306879999999999,KOR,NLD,851420
5091585,138,162,9333,2011,0.0,16431.0,0.9534600000000001,0.706982,MEX,NLD,851420
5091586,185,162,9333,2011,0.0,8411.0,0.722,1.296655,ROU,NLD,851420
5091587,192,162,9333,2011,8906.0,0.0,1.849116,0.52127,SGP,NLD,851420
5091588,197,162,9333,2011,0.0,3652.0,-0.09713200000000001,0.20772600000000002,SLV,NLD,851420
5091589,208,162,9333,2011,0.0,80657.0,1.857146,0.366159,SWE,NLD,851420
5091590,224,162,9333,2011,11777.0,1065.0,0.45775,2.4316259999999996,TUR,NLD,851420
5091591,226,162,9333,2011,0.0,10626.0,-0.751316,0.286505,TZA,NLD,851420
5091592,231,162,9333,2011,284423.0,5673.0,1.6884849999999998,-0.474499,USA,NLD,851420
5091593,246,162,9333,2011,132183.0,0.0,0.241792,1.353011,ZAF,NLD,851420
5091594,249,162,9333,2011,2731.0,0.0,1.803234,0.921233,TWN,NLD,851420
5091595,14,166,9333,2011,105941.0,100267.0,-0.138148,0.002999,AUS,NZL,851420
5091596,15,166,9333,2011,25258.0,0.0,1.687634,-0.229095,AUT,NZL,851420
5091597,43,166,9333,2011,7777.0,10564.0,1.072299,1.686826,CHN,NZL,851420
5091598,61,166,9333,2011,14988.0,0.0,2.074435,-3.440815,DEU,NZL,851420
5091599,81,166,9333,2011,77873.0,0.0,1.8048220000000001,0.380141,GBR,NZL,851420
5091600,103,166,9333,2011,0.0,3075.0,-0.234125,1.168384,IDN,NZL,851420
5091601,106,166,9333,2011,892.0,0.0,1.403182,0.290245,IRL,NZL,851420
5091602,111,166,9333,2011,1154.0,0.0,1.298751,0.48013599999999995,ITA,NZL,851420
5091603,114,166,9333,2011,29533.0,0.0,2.516395,-0.534301,JPN,NZL,851420
5091604,121,166,9333,2011,3712.0,0.0,1.731371,0.8306879999999999,KOR,NZL,851420
5091605,192,166,9333,2011,27041.0,0.0,1.849116,0.52127,SGP,NZL,851420
5091606,231,166,9333,2011,142335.0,0.0,1.6884849999999998,-0.474499,USA,NZL,851420
5091607,249,166,9333,2011,2220.0,0.0,1.803234,0.921233,TWN,NZL,851420
5091608,1,168,9333,2011,0.0,136066.0,-0.8426809999999999,-0.640418,AFG,PAK,851420
5091609,7,168,9333,2011,11053.0,0.0,0.030652,-0.450808,ARE,PAK,851420
5091610,39,168,9333,2011,15962.0,0.0,0.754813,1.1967290000000002,CAN,PAK,851420
5091611,43,168,9333,2011,72863.0,0.0,1.072299,1.686826,CHN,PAK,851420
5091612,61,168,9333,2011,209796.0,0.0,2.074435,-3.440815,DEU,PAK,851420
5091613,77,168,9333,2011,10470.0,0.0,1.532054,0.09339299999999999,FRA,PAK,851420
5091614,81,168,9333,2011,8397.0,0.0,1.8048220000000001,0.380141,GBR,PAK,851420
5091615,104,168,9333,2011,1995618.0,0.0,0.18276199999999998,2.398765,IND,PAK,851420
5091616,111,168,9333,2011,3856039.0,0.0,1.298751,0.48013599999999995,ITA,PAK,851420
5091617,114,168,9333,2011,45378.0,0.0,2.516395,-0.534301,JPN,PAK,851420
5091618,121,168,9333,2011,137694.0,0.0,1.731371,0.8306879999999999,KOR,PAK,851420
5091619,228,168,9333,2011,159248.0,0.0,0.6221409999999999,0.765505,UKR,PAK,851420
5091620,249,168,9333,2011,8987.0,0.0,1.803234,0.921233,TWN,PAK,851420
5091621,18,169,9333,2011,1438.0,0.0,1.221703,1.247961,BEL,PAN,851420
5091622,39,169,9333,2011,48383.0,0.0,0.754813,1.1967290000000002,CAN,PAN,851420
5091623,43,169,9333,2011,2404.0,0.0,1.072299,1.686826,CHN,PAN,851420
5091624,52,169,9333,2011,23697.0,0.0,0.04325,-0.553193,CRI,PAN,851420
5091625,111,169,9333,2011,0.0,32592.0,1.298751,0.48013599999999995,ITA,PAN,851420
5091626,197,169,9333,2011,0.0,1602.0,-0.09713200000000001,0.20772600000000002,SLV,PAN,851420
5091627,231,169,9333,2011,50232.0,3910.0,1.6884849999999998,-0.474499,USA,PAN,851420
5091628,236,169,9333,2011,1017.0,0.0,-0.841147,-1.095636,VEN,PAN,851420
5091629,18,173,9333,2011,8368.0,0.0,1.221703,1.247961,BEL,PER,851420
5091630,43,173,9333,2011,82151.0,0.0,1.072299,1.686826,CHN,PER,851420
5091631,49,173,9333,2011,0.0,7230.0,0.14336600000000002,-0.22996,COL,PER,851420
5091632,71,173,9333,2011,151395.0,0.0,0.8677290000000001,2.4618450000000003,ESP,PER,851420
5091633,111,173,9333,2011,431126.0,0.0,1.298751,0.48013599999999995,ITA,PER,851420
5091634,121,173,9333,2011,2512.0,0.0,1.731371,0.8306879999999999,KOR,PER,851420
5091635,231,173,9333,2011,150799.0,0.0,1.6884849999999998,-0.474499,USA,PER,851420
5091636,15,174,9333,2011,13297.0,0.0,1.687634,-0.229095,AUT,PHL,851420
5091637,43,174,9333,2011,59505.0,0.0,1.072299,1.686826,CHN,PHL,851420
5091638,97,174,9333,2011,3620.0,0.0,0.663588,1.902118,HKG,PHL,851420
5091639,103,174,9333,2011,0.0,115858.0,-0.234125,1.168384,IDN,PHL,851420
5091640,104,174,9333,2011,2606.0,0.0,0.18276199999999998,2.398765,IND,PHL,851420
5091641,114,174,9333,2011,253019.0,0.0,2.516395,-0.534301,JPN,PHL,851420
5091642,121,174,9333,2011,29979.0,0.0,1.731371,0.8306879999999999,KOR,PHL,851420
5091643,153,174,9333,2011,70133.0,0.0,0.9893290000000001,0.632079,MYS,PHL,851420
5091644,192,174,9333,2011,62444.0,0.0,1.849116,0.52127,SGP,PHL,851420
5091645,208,174,9333,2011,883.0,0.0,1.857146,0.366159,SWE,PHL,851420
5091646,216,174,9333,2011,105437.0,0.0,0.889009,1.503118,THA,PHL,851420
5091647,231,174,9333,2011,439419.0,0.0,1.6884849999999998,-0.474499,USA,PHL,851420
5091648,239,174,9333,2011,0.0,144332.0,-0.184453,1.637207,VNM,PHL,851420
5091649,249,174,9333,2011,19878.0,0.0,1.803234,0.921233,TWN,PHL,851420
5091650,15,177,9333,2011,23631.0,0.0,1.687634,-0.229095,AUT,POL,851420
5091651,18,177,9333,2011,23056.0,0.0,1.221703,1.247961,BEL,POL,851420
5091652,28,177,9333,2011,0.0,663864.0,0.8786729999999999,0.442097,BLR,POL,851420
5091653,41,177,9333,2011,63618.0,0.0,2.2644029999999997,0.406131,CHE,POL,851420
5091654,43,177,9333,2011,75711.0,1649.0,1.072299,1.686826,CHN,POL,851420
5091655,59,177,9333,2011,24274.0,12597.0,1.737788,0.14741600000000002,CZE,POL,851420
5091656,61,177,9333,2011,611181.0,14793.0,2.074435,-3.440815,DEU,POL,851420
5091657,71,177,9333,2011,0.0,29761.0,0.8677290000000001,2.4618450000000003,ESP,POL,851420
5091658,72,177,9333,2011,50583.0,91588.0,0.9806790000000001,1.110449,EST,POL,851420
5091659,77,177,9333,2011,56456.0,971236.0,1.532054,0.09339299999999999,FRA,POL,851420
5091660,81,177,9333,2011,7468049.0,0.0,1.8048220000000001,0.380141,GBR,POL,851420
5091661,102,177,9333,2011,79720.0,0.0,1.486592,0.805642,HUN,POL,851420
5091662,104,177,9333,2011,0.0,135549.0,0.18276199999999998,2.398765,IND,POL,851420
5091663,111,177,9333,2011,1539054.0,5245.0,1.298751,0.48013599999999995,ITA,POL,851420
5091664,114,177,9333,2011,1223066.0,0.0,2.516395,-0.534301,JPN,POL,851420
5091665,121,177,9333,2011,1002.0,0.0,1.731371,0.8306879999999999,KOR,POL,851420
5091666,128,177,9333,2011,0.0,2901.0,-0.559311,0.398905,LKA,POL,851420
5091667,130,177,9333,2011,0.0,10036.0,0.747963,0.9759530000000001,LTU,POL,851420
5091668,135,177,9333,2011,0.0,40720.0,-0.225556,0.28622,MDA,POL,851420
5091669,186,177,9333,2011,11604.0,0.0,0.47319399999999995,-0.20801599999999998,RUS,POL,851420
5091670,201,177,9333,2011,0.0,1194.0,0.49055699999999997,1.5601399999999999,SRB,POL,851420
5091671,207,177,9333,2011,104009.0,0.0,1.642913,0.700222,SVN,POL,851420
5091672,224,177,9333,2011,2580.0,0.0,0.45775,2.4316259999999996,TUR,POL,851420
5091673,228,177,9333,2011,90241.0,357730.0,0.6221409999999999,0.765505,UKR,POL,851420
5091674,231,177,9333,2011,392641.0,241834.0,1.6884849999999998,-0.474499,USA,POL,851420
5091675,250,177,9333,2011,3134.0,0.0,0.475638,-0.160135,ANS,POL,851420
5091676,2,179,9333,2011,0.0,2090.0,-1.252991,-1.132314,AGO,PRT,851420
5091677,41,179,9333,2011,305146.0,0.0,2.2644029999999997,0.406131,CHE,PRT,851420
5091678,61,179,9333,2011,29757.0,0.0,2.074435,-3.440815,DEU,PRT,851420
5091679,71,179,9333,2011,15148.0,55477.0,0.8677290000000001,2.4618450000000003,ESP,PRT,851420
5091680,77,179,9333,2011,7899.0,0.0,1.532054,0.09339299999999999,FRA,PRT,851420
5091681,81,179,9333,2011,8678.0,0.0,1.8048220000000001,0.380141,GBR,PRT,851420
5091682,102,179,9333,2011,4721.0,0.0,1.486592,0.805642,HUN,PRT,851420
5091683,111,179,9333,2011,74666.0,0.0,1.298751,0.48013599999999995,ITA,PRT,851420
5091684,134,179,9333,2011,0.0,7458.0,-0.485404,0.099828,MAR,PRT,851420
5091685,224,179,9333,2011,0.0,1001.0,0.45775,2.4316259999999996,TUR,PRT,851420
5091686,43,180,9333,2011,28993.0,0.0,1.072299,1.686826,CHN,PRY,851420
5091687,231,180,9333,2011,7057.0,0.0,1.6884849999999998,-0.474499,USA,PRY,851420
5091688,81,183,9333,2011,13585.0,0.0,1.8048220000000001,0.380141,GBR,QAT,851420
5091689,114,183,9333,2011,182002.0,0.0,2.516395,-0.534301,JPN,QAT,851420
5091690,224,183,9333,2011,43007.0,0.0,0.45775,2.4316259999999996,TUR,QAT,851420
5091691,231,183,9333,2011,31015.0,0.0,1.6884849999999998,-0.474499,USA,QAT,851420
5091692,15,185,9333,2011,1418.0,0.0,1.687634,-0.229095,AUT,ROU,851420
5091693,18,185,9333,2011,21077.0,0.0,1.221703,1.247961,BEL,ROU,851420
5091694,23,185,9333,2011,0.0,67980.0,0.537967,1.520973,BGR,ROU,851420
5091695,39,185,9333,2011,21674.0,0.0,0.754813,1.1967290000000002,CAN,ROU,851420
5091696,43,185,9333,2011,22672.0,0.0,1.072299,1.686826,CHN,ROU,851420
5091697,61,185,9333,2011,8575.0,0.0,2.074435,-3.440815,DEU,ROU,851420
5091698,77,185,9333,2011,43722.0,0.0,1.532054,0.09339299999999999,FRA,ROU,851420
5091699,81,185,9333,2011,4398.0,0.0,1.8048220000000001,0.380141,GBR,ROU,851420
5091700,102,185,9333,2011,62297.0,0.0,1.486592,0.805642,HUN,ROU,851420
5091701,111,185,9333,2011,2705843.0,0.0,1.298751,0.48013599999999995,ITA,ROU,851420
5091702,162,185,9333,2011,8411.0,0.0,1.1655229999999999,1.410167,NLD,ROU,851420
5091703,224,185,9333,2011,585118.0,105510.0,0.45775,2.4316259999999996,TUR,ROU,851420
5091704,231,185,9333,2011,142843.0,0.0,1.6884849999999998,-0.474499,USA,ROU,851420
5091705,14,188,9333,2011,680732.0,0.0,-0.138148,0.002999,AUS,SAU,851420
5091706,18,188,9333,2011,4074.0,0.0,1.221703,1.247961,BEL,SAU,851420
5091707,39,188,9333,2011,47124.0,0.0,0.754813,1.1967290000000002,CAN,SAU,851420
5091708,43,188,9333,2011,143383.0,0.0,1.072299,1.686826,CHN,SAU,851420
5091709,61,188,9333,2011,2722203.0,0.0,2.074435,-3.440815,DEU,SAU,851420
5091710,81,188,9333,2011,132615.0,0.0,1.8048220000000001,0.380141,GBR,SAU,851420
5091711,104,188,9333,2011,1932846.0,0.0,0.18276199999999998,2.398765,IND,SAU,851420
5091712,111,188,9333,2011,32470.0,0.0,1.298751,0.48013599999999995,ITA,SAU,851420
5091713,121,188,9333,2011,41254.0,0.0,1.731371,0.8306879999999999,KOR,SAU,851420
5091714,190,188,9333,2011,0.0,5898.0,-2.1675869999999997,-1.249272,SDN,SAU,851420
5091715,224,188,9333,2011,51019.0,1926.0,0.45775,2.4316259999999996,TUR,SAU,851420
5091716,231,188,9333,2011,282140.0,0.0,1.6884849999999998,-0.474499,USA,SAU,851420
5091717,43,190,9333,2011,20621.0,0.0,1.072299,1.686826,CHN,SDN,851420
5091718,81,190,9333,2011,1660.0,0.0,1.8048220000000001,0.380141,GBR,SDN,851420
5091719,104,190,9333,2011,193656.0,0.0,0.18276199999999998,2.398765,IND,SDN,851420
5091720,111,190,9333,2011,11678.0,0.0,1.298751,0.48013599999999995,ITA,SDN,851420
5091721,121,190,9333,2011,3685.0,0.0,1.731371,0.8306879999999999,KOR,SDN,851420
5091722,188,190,9333,2011,5898.0,0.0,0.354045,-0.800028,SAU,SDN,851420
5091723,224,190,9333,2011,142717.0,0.0,0.45775,2.4316259999999996,TUR,SDN,851420
5091724,7,192,9333,2011,0.0,13068.0,0.030652,-0.450808,ARE,SGP,851420
5091725,14,192,9333,2011,33233.0,21055.0,-0.138148,0.002999,AUS,SGP,851420
5091726,15,192,9333,2011,3594.0,0.0,1.687634,-0.229095,AUT,SGP,851420
5091727,18,192,9333,2011,3984.0,1992.0,1.221703,1.247961,BEL,SGP,851420
5091728,24,192,9333,2011,6442.0,0.0,0.04085,-0.873711,BHR,SGP,851420
5091729,34,192,9333,2011,0.0,32934.0,-0.171775,-0.6656810000000001,BRN,SGP,851420
5091730,39,192,9333,2011,10608.0,0.0,0.754813,1.1967290000000002,CAN,SGP,851420
5091731,41,192,9333,2011,3433.0,0.0,2.2644029999999997,0.406131,CHE,SGP,851420
5091732,43,192,9333,2011,119818.0,68215.0,1.072299,1.686826,CHN,SGP,851420
5091733,61,192,9333,2011,36855.0,2271.0,2.074435,-3.440815,DEU,SGP,851420
5091734,81,192,9333,2011,382229.0,16834.0,1.8048220000000001,0.380141,GBR,SGP,851420
5091735,97,192,9333,2011,78434.0,501370.0,0.663588,1.902118,HKG,SGP,851420
5091736,103,192,9333,2011,14696.0,339794.0,-0.234125,1.168384,IDN,SGP,851420
5091737,104,192,9333,2011,176424.0,94028.0,0.18276199999999998,2.398765,IND,SGP,851420
5091738,110,192,9333,2011,6388.0,0.0,1.324384,0.714611,ISR,SGP,851420
5091739,111,192,9333,2011,29756.0,0.0,1.298751,0.48013599999999995,ITA,SGP,851420
5091740,114,192,9333,2011,1667752.0,87733.0,2.516395,-0.534301,JPN,SGP,851420
5091741,118,192,9333,2011,0.0,1025.0,-1.162858,-1.103539,KHM,SGP,851420
5091742,121,192,9333,2011,72412.0,14402.0,1.731371,0.8306879999999999,KOR,SGP,851420
5091743,128,192,9333,2011,0.0,4604.0,-0.559311,0.398905,LKA,SGP,851420
5091744,137,192,9333,2011,0.0,3072.0,-0.937469,-0.87897,MDV,SGP,851420
5091745,143,192,9333,2011,0.0,102129.0,-1.3557190000000001,-0.929934,MMR,SGP,851420
5091746,153,192,9333,2011,197541.0,38705.0,0.9893290000000001,0.632079,MYS,SGP,851420
5091747,162,192,9333,2011,0.0,8906.0,1.1655229999999999,1.410167,NLD,SGP,851420
5091748,166,192,9333,2011,0.0,27041.0,0.372732,0.548601,NZL,SGP,851420
5091749,174,192,9333,2011,0.0,62444.0,0.364707,0.322626,PHL,SGP,851420
5091750,208,192,9333,2011,1481.0,0.0,1.857146,0.366159,SWE,SGP,851420
5091751,216,192,9333,2011,3535.0,244772.0,0.889009,1.503118,THA,SGP,851420
5091752,231,192,9333,2011,2127219.0,0.0,1.6884849999999998,-0.474499,USA,SGP,851420
5091753,239,192,9333,2011,0.0,19580.0,-0.184453,1.637207,VNM,SGP,851420
5091754,249,192,9333,2011,18904.0,150320.0,1.803234,0.921233,TWN,SGP,851420
5091755,43,197,9333,2011,275290.0,0.0,1.072299,1.686826,CHN,SLV,851420
5091756,162,197,9333,2011,3652.0,0.0,1.1655229999999999,1.410167,NLD,SLV,851420
5091757,169,197,9333,2011,1602.0,0.0,0.786135,1.061008,PAN,SLV,851420
5091758,231,197,9333,2011,11475.0,0.0,1.6884849999999998,-0.474499,USA,SLV,851420
5091759,246,197,9333,2011,2806.0,0.0,0.241792,1.353011,ZAF,SLV,851420
5091760,231,205,9333,2011,14861.0,0.0,1.6884849999999998,-0.474499,USA,SUR,851420
5091761,15,206,9333,2011,4625.0,311084.0,1.687634,-0.229095,AUT,SVK,851420
5091762,16,206,9333,2011,0.0,2009.0,-1.313136,-1.189989,AZE,SVK,851420
5091763,18,206,9333,2011,5441.0,0.0,1.221703,1.247961,BEL,SVK,851420
5091764,43,206,9333,2011,3441.0,0.0,1.072299,1.686826,CHN,SVK,851420
5091765,59,206,9333,2011,46339.0,20839.0,1.737788,0.14741600000000002,CZE,SVK,851420
5091766,61,206,9333,2011,246391.0,0.0,2.074435,-3.440815,DEU,SVK,851420
5091767,77,206,9333,2011,6183.0,0.0,1.532054,0.09339299999999999,FRA,SVK,851420
5091768,102,206,9333,2011,37230.0,170912.0,1.486592,0.805642,HUN,SVK,851420
5091769,111,206,9333,2011,8567.0,0.0,1.298751,0.48013599999999995,ITA,SVK,851420
5091770,114,206,9333,2011,18673.0,0.0,2.516395,-0.534301,JPN,SVK,851420
5091771,153,206,9333,2011,3265.0,0.0,0.9893290000000001,0.632079,MYS,SVK,851420
5091772,207,206,9333,2011,0.0,6558.0,1.642913,0.700222,SVN,SVK,851420
5091773,228,206,9333,2011,0.0,20191.0,0.6221409999999999,0.765505,UKR,SVK,851420
5091774,250,206,9333,2011,2591.0,0.0,0.475638,-0.160135,ANS,SVK,851420
5091775,15,207,9333,2011,0.0,19155.0,1.687634,-0.229095,AUT,SVN,851420
5091776,18,207,9333,2011,1928.0,0.0,1.221703,1.247961,BEL,SVN,851420
5091777,43,207,9333,2011,10995.0,0.0,1.072299,1.686826,CHN,SVN,851420
5091778,61,207,9333,2011,34231.0,383761.0,2.074435,-3.440815,DEU,SVN,851420
5091779,71,207,9333,2011,0.0,32343.0,0.8677290000000001,2.4618450000000003,ESP,SVN,851420
5091780,77,207,9333,2011,96119.0,0.0,1.532054,0.09339299999999999,FRA,SVN,851420
5091781,100,207,9333,2011,1350.0,9996.0,0.868294,0.9424299999999999,HRV,SVN,851420
5091782,111,207,9333,2011,941449.0,686905.0,1.298751,0.48013599999999995,ITA,SVN,851420
5091783,114,207,9333,2011,0.0,110621.0,2.516395,-0.534301,JPN,SVN,851420
5091784,138,207,9333,2011,0.0,4296.0,0.9534600000000001,0.706982,MEX,SVN,851420
5091785,177,207,9333,2011,0.0,104009.0,1.133641,1.134203,POL,SVN,851420
5091786,206,207,9333,2011,6558.0,0.0,1.262897,0.8230569999999999,SVK,SVN,851420
5091787,224,207,9333,2011,2276.0,0.0,0.45775,2.4316259999999996,TUR,SVN,851420
5091788,231,207,9333,2011,85652.0,0.0,1.6884849999999998,-0.474499,USA,SVN,851420
5091789,250,207,9333,2011,3684.0,0.0,0.475638,-0.160135,ANS,SVN,851420
5091790,7,208,9333,2011,0.0,47752.0,0.030652,-0.450808,ARE,SWE,851420
5091791,14,208,9333,2011,0.0,1770.0,-0.138148,0.002999,AUS,SWE,851420
5091792,15,208,9333,2011,0.0,437326.0,1.687634,-0.229095,AUT,SWE,851420
5091793,18,208,9333,2011,394401.0,1168.0,1.221703,1.247961,BEL,SWE,851420
5091794,32,208,9333,2011,0.0,1034.0,0.27718400000000004,0.5674319999999999,BRA,SWE,851420
5091795,39,208,9333,2011,6351.0,17124.0,0.754813,1.1967290000000002,CAN,SWE,851420
5091796,41,208,9333,2011,13766.0,30929.0,2.2644029999999997,0.406131,CHE,SWE,851420
5091797,43,208,9333,2011,21513.0,3514094.0,1.072299,1.686826,CHN,SWE,851420
5091798,59,208,9333,2011,0.0,2119.0,1.737788,0.14741600000000002,CZE,SWE,851420
5091799,61,208,9333,2011,249799.0,48314.0,2.074435,-3.440815,DEU,SWE,851420
5091800,64,208,9333,2011,0.0,19428.0,1.156026,1.2248299999999999,DNK,SWE,851420
5091801,71,208,9333,2011,4333.0,0.0,0.8677290000000001,2.4618450000000003,ESP,SWE,851420
5091802,74,208,9333,2011,0.0,39339.0,1.7488830000000002,0.890934,FIN,SWE,851420
5091803,77,208,9333,2011,0.0,1491.0,1.532054,0.09339299999999999,FRA,SWE,851420
5091804,81,208,9333,2011,1788781.0,328662.0,1.8048220000000001,0.380141,GBR,SWE,851420
5091805,97,208,9333,2011,0.0,650024.0,0.663588,1.902118,HKG,SWE,851420
5091806,102,208,9333,2011,0.0,1137.0,1.486592,0.805642,HUN,SWE,851420
5091807,104,208,9333,2011,4901.0,0.0,0.18276199999999998,2.398765,IND,SWE,851420
5091808,111,208,9333,2011,202891.0,179075.0,1.298751,0.48013599999999995,ITA,SWE,851420
5091809,114,208,9333,2011,0.0,687476.0,2.516395,-0.534301,JPN,SWE,851420
5091810,121,208,9333,2011,0.0,1211363.0,1.731371,0.8306879999999999,KOR,SWE,851420
5091811,122,208,9333,2011,0.0,5695.0,-0.898582,-1.09893,KWT,SWE,851420
5091812,138,208,9333,2011,0.0,106345.0,0.9534600000000001,0.706982,MEX,SWE,851420
5091813,162,208,9333,2011,80657.0,0.0,1.1655229999999999,1.410167,NLD,SWE,851420
5091814,163,208,9333,2011,0.0,378354.0,0.8492770000000001,0.050044,NOR,SWE,851420
5091815,167,208,9333,2011,0.0,4723.0,-0.473703,-0.952491,OMN,SWE,851420
5091816,174,208,9333,2011,0.0,883.0,0.364707,0.322626,PHL,SWE,851420
5091817,192,208,9333,2011,0.0,1481.0,1.849116,0.52127,SGP,SWE,851420
5091818,216,208,9333,2011,50036.0,0.0,0.889009,1.503118,THA,SWE,851420
5091819,224,208,9333,2011,1932.0,0.0,0.45775,2.4316259999999996,TUR,SWE,851420
5091820,231,208,9333,2011,171722.0,26370.0,1.6884849999999998,-0.474499,USA,SWE,851420
5091821,249,208,9333,2011,0.0,53944.0,1.803234,0.921233,TWN,SWE,851420
5091822,14,216,9333,2011,159998.0,0.0,-0.138148,0.002999,AUS,THA,851420
5091823,15,216,9333,2011,52297.0,0.0,1.687634,-0.229095,AUT,THA,851420
5091824,22,216,9333,2011,0.0,14377.0,-1.074416,-0.8276370000000001,BGD,THA,851420
5091825,32,216,9333,2011,27998.0,498455.0,0.27718400000000004,0.5674319999999999,BRA,THA,851420
5091826,39,216,9333,2011,44483.0,5867.0,0.754813,1.1967290000000002,CAN,THA,851420
5091827,41,216,9333,2011,115485.0,0.0,2.2644029999999997,0.406131,CHE,THA,851420
5091828,43,216,9333,2011,2358658.0,540600.0,1.072299,1.686826,CHN,THA,851420
5091829,61,216,9333,2011,3427385.0,316774.0,2.074435,-3.440815,DEU,THA,851420
5091830,68,216,9333,2011,0.0,955.0,-0.166243,1.384719,EGY,THA,851420
5091831,71,216,9333,2011,743652.0,0.0,0.8677290000000001,2.4618450000000003,ESP,THA,851420
5091832,77,216,9333,2011,355833.0,21086.0,1.532054,0.09339299999999999,FRA,THA,851420
5091833,81,216,9333,2011,93576.0,420034.0,1.8048220000000001,0.380141,GBR,THA,851420
5091834,97,216,9333,2011,61933.0,0.0,0.663588,1.902118,HKG,THA,851420
5091835,103,216,9333,2011,44639.0,37826.0,-0.234125,1.168384,IDN,THA,851420
5091836,104,216,9333,2011,1418.0,9804.0,0.18276199999999998,2.398765,IND,THA,851420
5091837,111,216,9333,2011,123133.0,30541.0,1.298751,0.48013599999999995,ITA,THA,851420
5091838,114,216,9333,2011,7881090.0,20614.0,2.516395,-0.534301,JPN,THA,851420
5091839,118,216,9333,2011,0.0,3296.0,-1.162858,-1.103539,KHM,THA,851420
5091840,121,216,9333,2011,114829.0,0.0,1.731371,0.8306879999999999,KOR,THA,851420
5091841,123,216,9333,2011,0.0,5376.0,-1.135039,-0.929759,LAO,THA,851420
5091842,138,216,9333,2011,0.0,4868.0,0.9534600000000001,0.706982,MEX,THA,851420
5091843,143,216,9333,2011,0.0,27658.0,-1.3557190000000001,-0.929934,MMR,THA,851420
5091844,153,216,9333,2011,340689.0,58761.0,0.9893290000000001,0.632079,MYS,THA,851420
5091845,174,216,9333,2011,0.0,105437.0,0.364707,0.322626,PHL,THA,851420
5091846,192,216,9333,2011,244772.0,3535.0,1.849116,0.52127,SGP,THA,851420
5091847,208,216,9333,2011,0.0,50036.0,1.857146,0.366159,SWE,THA,851420
5091848,224,216,9333,2011,0.0,4628361.0,0.45775,2.4316259999999996,TUR,THA,851420
5091849,231,216,9333,2011,682126.0,1919049.0,1.6884849999999998,-0.474499,USA,THA,851420
5091850,239,216,9333,2011,0.0,1878.0,-0.184453,1.637207,VNM,THA,851420
5091851,246,216,9333,2011,0.0,71512.0,0.241792,1.353011,ZAF,THA,851420
5091852,249,216,9333,2011,728630.0,0.0,1.803234,0.921233,TWN,THA,851420
5091853,231,222,9333,2011,54865.0,0.0,1.6884849999999998,-0.474499,USA,TTO,851420
5091854,4,224,9333,2011,0.0,1272.0,-0.331435,-0.034828,ALB,TUR,851420
5091855,7,224,9333,2011,0.0,4776.0,0.030652,-0.450808,ARE,TUR,851420
5091856,8,224,9333,2011,0.0,13144.0,0.240494,0.540376,ARG,TUR,851420
5091857,14,224,9333,2011,57854.0,25926.0,-0.138148,0.002999,AUS,TUR,851420
5091858,15,224,9333,2011,0.0,2750.0,1.687634,-0.229095,AUT,TUR,851420
5091859,16,224,9333,2011,0.0,436023.0,-1.313136,-1.189989,AZE,TUR,851420
5091860,18,224,9333,2011,0.0,27980.0,1.221703,1.247961,BEL,TUR,851420
5091861,23,224,9333,2011,0.0,62665.0,0.537967,1.520973,BGR,TUR,851420
5091862,28,224,9333,2011,0.0,2266.0,0.8786729999999999,0.442097,BLR,TUR,851420
5091863,32,224,9333,2011,0.0,106358.0,0.27718400000000004,0.5674319999999999,BRA,TUR,851420
5091864,39,224,9333,2011,364153.0,0.0,0.754813,1.1967290000000002,CAN,TUR,851420
5091865,41,224,9333,2011,37484.0,7092.0,2.2644029999999997,0.406131,CHE,TUR,851420
5091866,43,224,9333,2011,163479.0,0.0,1.072299,1.686826,CHN,TUR,851420
5091867,45,224,9333,2011,0.0,17300.0,-0.7956340000000001,-0.8532790000000001,CMR,TUR,851420
5091868,49,224,9333,2011,0.0,367384.0,0.14336600000000002,-0.22996,COL,TUR,851420
5091869,58,224,9333,2011,0.0,14194.0,0.798165,0.424179,CYP,TUR,851420
5091870,61,224,9333,2011,552208.0,22538.0,2.074435,-3.440815,DEU,TUR,851420
5091871,66,224,9333,2011,0.0,15890.0,-1.36763,-1.140594,DZA,TUR,851420
5091872,68,224,9333,2011,0.0,2725.0,-0.166243,1.384719,EGY,TUR,851420
5091873,71,224,9333,2011,0.0,130636.0,0.8677290000000001,2.4618450000000003,ESP,TUR,851420
5091874,73,224,9333,2011,0.0,2726.0,-1.258175,-0.920692,ETH,TUR,851420
5091875,74,224,9333,2011,0.0,9665.0,1.7488830000000002,0.890934,FIN,TUR,851420
5091876,77,224,9333,2011,135646.0,16880.0,1.532054,0.09339299999999999,FRA,TUR,851420
5091877,81,224,9333,2011,190432.0,26028.0,1.8048220000000001,0.380141,GBR,TUR,851420
5091878,82,224,9333,2011,0.0,32375.0,-0.07754,-0.35434699999999997,GEO,TUR,851420
5091879,90,224,9333,2011,55521.0,95040.0,0.138679,1.30044,GRC,TUR,851420
5091880,100,224,9333,2011,0.0,1573.0,0.868294,0.9424299999999999,HRV,TUR,851420
5091881,103,224,9333,2011,0.0,768.0,-0.234125,1.168384,IDN,TUR,851420
5091882,104,224,9333,2011,95849.0,1361.0,0.18276199999999998,2.398765,IND,TUR,851420
5091883,107,224,9333,2011,0.0,3272011.0,-0.915379,-0.973194,IRN,TUR,851420
5091884,108,224,9333,2011,0.0,239842.0,-2.175137,-0.726975,IRQ,TUR,851420
5091885,111,224,9333,2011,664412.0,12785.0,1.298751,0.48013599999999995,ITA,TUR,851420
5091886,113,224,9333,2011,0.0,3926.0,0.231605,0.47049399999999997,JOR,TUR,851420
5091887,114,224,9333,2011,202044.0,0.0,2.516395,-0.534301,JPN,TUR,851420
5091888,115,224,9333,2011,0.0,26050.0,-0.514687,-0.775671,KAZ,TUR,851420
5091889,121,224,9333,2011,65498.0,0.0,1.731371,0.8306879999999999,KOR,TUR,851420
5091890,124,224,9333,2011,0.0,568264.0,0.278393,1.2962879999999999,LBN,TUR,851420
5091891,130,224,9333,2011,0.0,374172.0,0.747963,0.9759530000000001,LTU,TUR,851420
5091892,134,224,9333,2011,0.0,152859.0,-0.485404,0.099828,MAR,TUR,851420
5091893,135,224,9333,2011,0.0,820.0,-0.225556,0.28622,MDA,TUR,851420
5091894,141,224,9333,2011,0.0,103611.0,-0.6778109999999999,-0.653211,MLI,TUR,851420
5091895,152,224,9333,2011,0.0,759.0,-1.100291,-0.982559,MWI,TUR,851420
5091896,153,224,9333,2011,0.0,33067.0,0.9893290000000001,0.632079,MYS,TUR,851420
5091897,162,224,9333,2011,1065.0,11777.0,1.1655229999999999,1.410167,NLD,TUR,851420
5091898,167,224,9333,2011,0.0,2447.0,-0.473703,-0.952491,OMN,TUR,851420
5091899,177,224,9333,2011,0.0,2580.0,1.133641,1.134203,POL,TUR,851420
5091900,179,224,9333,2011,1001.0,0.0,0.558481,2.7056240000000003,PRT,TUR,851420
5091901,183,224,9333,2011,0.0,43007.0,-0.45851899999999995,-1.017033,QAT,TUR,851420
5091902,185,224,9333,2011,105510.0,585118.0,0.722,1.296655,ROU,TUR,851420
5091903,186,224,9333,2011,0.0,2211181.0,0.47319399999999995,-0.20801599999999998,RUS,TUR,851420
5091904,188,224,9333,2011,1926.0,51019.0,0.354045,-0.800028,SAU,TUR,851420
5091905,190,224,9333,2011,0.0,142717.0,-2.1675869999999997,-1.249272,SDN,TUR,851420
5091906,191,224,9333,2011,0.0,171525.0,-0.624346,-0.308052,SEN,TUR,851420
5091907,207,224,9333,2011,0.0,2276.0,1.642913,0.700222,SVN,TUR,851420
5091908,208,224,9333,2011,0.0,1932.0,1.857146,0.366159,SWE,TUR,851420
5091909,212,224,9333,2011,0.0,549329.0,-0.604133,0.5268970000000001,SYR,TUR,851420
5091910,216,224,9333,2011,4628361.0,0.0,0.889009,1.503118,THA,TUR,851420
5091911,219,224,9333,2011,0.0,85454.0,-1.549495,-1.202504,TKM,TUR,851420
5091912,223,224,9333,2011,0.0,7266.0,0.151221,1.1252360000000001,TUN,TUR,851420
5091913,228,224,9333,2011,0.0,685418.0,0.6221409999999999,0.765505,UKR,TUR,851420
5091914,231,224,9333,2011,266692.0,75441.0,1.6884849999999998,-0.474499,USA,TUR,851420
5091915,239,224,9333,2011,0.0,7630.0,-0.184453,1.637207,VNM,TUR,851420
5091916,249,224,9333,2011,46480.0,0.0,1.803234,0.921233,TWN,TUR,851420
5091917,250,224,9333,2011,0.0,169580.0,0.475638,-0.160135,ANS,TUR,851420
5091918,16,228,9333,2011,0.0,61546.0,-1.313136,-1.189989,AZE,UKR,851420
5091919,28,228,9333,2011,0.0,277474.0,0.8786729999999999,0.442097,BLR,UKR,851420
5091920,43,228,9333,2011,334025.0,0.0,1.072299,1.686826,CHN,UKR,851420
5091921,59,228,9333,2011,978956.0,0.0,1.737788,0.14741600000000002,CZE,UKR,851420
5091922,61,228,9333,2011,2396457.0,0.0,2.074435,-3.440815,DEU,UKR,851420
5091923,77,228,9333,2011,13329.0,0.0,1.532054,0.09339299999999999,FRA,UKR,851420
5091924,81,228,9333,2011,7270.0,0.0,1.8048220000000001,0.380141,GBR,UKR,851420
5091925,102,228,9333,2011,11694.0,0.0,1.486592,0.805642,HUN,UKR,851420
5091926,111,228,9333,2011,8135.0,53599.0,1.298751,0.48013599999999995,ITA,UKR,851420
5091927,115,228,9333,2011,0.0,164932.0,-0.514687,-0.775671,KAZ,UKR,851420
5091928,168,228,9333,2011,0.0,159248.0,-0.729677,0.6026729999999999,PAK,UKR,851420
5091929,177,228,9333,2011,357730.0,90241.0,1.133641,1.134203,POL,UKR,851420
5091930,186,228,9333,2011,556908.0,706861.0,0.47319399999999995,-0.20801599999999998,RUS,UKR,851420
5091931,206,228,9333,2011,20191.0,0.0,1.262897,0.8230569999999999,SVK,UKR,851420
5091932,224,228,9333,2011,685418.0,0.0,0.45775,2.4316259999999996,TUR,UKR,851420
5091933,231,228,9333,2011,179693.0,0.0,1.6884849999999998,-0.474499,USA,UKR,851420
5091934,232,228,9333,2011,0.0,57755.0,-0.785878,-0.663918,UZB,UKR,851420
5091935,43,230,9333,2011,3313.0,0.0,1.072299,1.686826,CHN,URY,851420
5091936,121,230,9333,2011,6822.0,0.0,1.731371,0.8306879999999999,KOR,URY,851420
5091937,231,230,9333,2011,53117.0,0.0,1.6884849999999998,-0.474499,USA,URY,851420
5091938,7,231,9333,2011,0.0,549258.0,0.030652,-0.450808,ARE,USA,851420
5091939,8,231,9333,2011,0.0,174636.0,0.240494,0.540376,ARG,USA,851420
5091940,14,231,9333,2011,0.0,1113431.0,-0.138148,0.002999,AUS,USA,851420
5091941,15,231,9333,2011,338191.0,14188.0,1.687634,-0.229095,AUT,USA,851420
5091942,18,231,9333,2011,0.0,505440.0,1.221703,1.247961,BEL,USA,851420
5091943,22,231,9333,2011,0.0,4351.0,-1.074416,-0.8276370000000001,BGD,USA,851420
5091944,23,231,9333,2011,149994.0,12028.0,0.537967,1.520973,BGR,USA,851420
5091945,24,231,9333,2011,0.0,19969.0,0.04085,-0.873711,BHR,USA,851420
5091946,25,231,9333,2011,0.0,117120.0,0.320669,-0.531655,BHS,USA,851420
5091947,28,231,9333,2011,0.0,3405.0,0.8786729999999999,0.442097,BLR,USA,851420
5091948,32,231,9333,2011,0.0,1826476.0,0.27718400000000004,0.5674319999999999,BRA,USA,851420
5091949,33,231,9333,2011,2118.0,128321.0,0.445982,0.204672,BRB,USA,851420
5091950,34,231,9333,2011,0.0,4031.0,-0.171775,-0.6656810000000001,BRN,USA,851420
5091951,37,231,9333,2011,0.0,3876.0,-0.48782600000000004,-1.051639,BWA,USA,851420
5091952,39,231,9333,2011,320581.0,3230344.0,0.754813,1.1967290000000002,CAN,USA,851420
5091953,41,231,9333,2011,126608.0,3490.0,2.2644029999999997,0.406131,CHE,USA,851420
5091954,42,231,9333,2011,0.0,67398.0,-0.199877,-0.353009,CHL,USA,851420
5091955,43,231,9333,2011,5605824.0,10096852.0,1.072299,1.686826,CHN,USA,851420
5091956,49,231,9333,2011,0.0,151246.0,0.14336600000000002,-0.22996,COL,USA,851420
5091957,52,231,9333,2011,0.0,81538.0,0.04325,-0.553193,CRI,USA,851420
5091958,57,231,9333,2011,0.0,16435.0,0.665662,-0.678581,CYM,USA,851420
5091959,58,231,9333,2011,0.0,1904.0,0.798165,0.424179,CYP,USA,851420
5091960,59,231,9333,2011,0.0,4198.0,1.737788,0.14741600000000002,CZE,USA,851420
5091961,61,231,9333,2011,4569980.0,1098105.0,2.074435,-3.440815,DEU,USA,851420
5091962,64,231,9333,2011,3505.0,89037.0,1.156026,1.2248299999999999,DNK,USA,851420
5091963,65,231,9333,2011,0.0,96719.0,-0.260653,0.5682010000000001,DOM,USA,851420
5091964,66,231,9333,2011,0.0,5183.0,-1.36763,-1.140594,DZA,USA,851420
5091965,67,231,9333,2011,0.0,12067.0,-0.8250639999999999,-0.839082,ECU,USA,851420
5091966,68,231,9333,2011,0.0,257466.0,-0.166243,1.384719,EGY,USA,851420
5091967,71,231,9333,2011,612180.0,243783.0,0.8677290000000001,2.4618450000000003,ESP,USA,851420
5091968,74,231,9333,2011,331773.0,645160.0,1.7488830000000002,0.890934,FIN,USA,851420
5091969,77,231,9333,2011,96181.0,625703.0,1.532054,0.09339299999999999,FRA,USA,851420
5091970,80,231,9333,2011,0.0,47165.0,-1.093784,-1.0849659999999999,GAB,USA,851420
5091971,81,231,9333,2011,7703782.0,3717984.0,1.8048220000000001,0.380141,GBR,USA,851420
5091972,82,231,9333,2011,0.0,16574.0,-0.07754,-0.35434699999999997,GEO,USA,851420
5091973,83,231,9333,2011,0.0,122439.0,-0.8627319999999999,-0.608823,GHA,USA,851420
5091974,90,231,9333,2011,0.0,49705.0,0.138679,1.30044,GRC,USA,851420
5091975,91,231,9333,2011,0.0,2852.0,-0.11610999999999999,-0.579971,GRD,USA,851420
5091976,93,231,9333,2011,0.0,117498.0,-0.329497,0.775369,GTM,USA,851420
5091977,97,231,9333,2011,0.0,416434.0,0.663588,1.902118,HKG,USA,851420
5091978,99,231,9333,2011,0.0,7406.0,-0.740241,-0.311952,HND,USA,851420
5091979,100,231,9333,2011,0.0,84102.0,0.868294,0.9424299999999999,HRV,USA,851420
5091980,102,231,9333,2011,4849.0,10352.0,1.486592,0.805642,HUN,USA,851420
5091981,103,231,9333,2011,0.0,71725.0,-0.234125,1.168384,IDN,USA,851420
5091982,104,231,9333,2011,301550.0,1248742.0,0.18276199999999998,2.398765,IND,USA,851420
5091983,106,231,9333,2011,0.0,505142.0,1.403182,0.290245,IRL,USA,851420
5091984,109,231,9333,2011,0.0,7156.0,0.284202,-0.23753000000000002,ISL,USA,851420
5091985,110,231,9333,2011,44573.0,1158888.0,1.324384,0.714611,ISR,USA,851420
5091986,111,231,9333,2011,1970171.0,389044.0,1.298751,0.48013599999999995,ITA,USA,851420
5091987,112,231,9333,2011,0.0,54750.0,-0.162212,-0.621817,JAM,USA,851420
5091988,113,231,9333,2011,0.0,24714.0,0.231605,0.47049399999999997,JOR,USA,851420
5091989,114,231,9333,2011,8875674.0,2199313.0,2.516395,-0.534301,JPN,USA,851420
5091990,115,231,9333,2011,0.0,5666.0,-0.514687,-0.775671,KAZ,USA,851420
5091991,116,231,9333,2011,0.0,37649.0,-0.48319300000000004,0.346927,KEN,USA,851420
5091992,121,231,9333,2011,1214118.0,6845719.0,1.731371,0.8306879999999999,KOR,USA,851420
5091993,122,231,9333,2011,0.0,77622.0,-0.898582,-1.09893,KWT,USA,851420
5091994,124,231,9333,2011,0.0,80685.0,0.278393,1.2962879999999999,LBN,USA,851420
5091995,128,231,9333,2011,0.0,3963.0,-0.559311,0.398905,LKA,USA,851420
5091996,130,231,9333,2011,0.0,115231.0,0.747963,0.9759530000000001,LTU,USA,851420
5091997,132,231,9333,2011,0.0,7082.0,0.7320939999999999,1.101321,LVA,USA,851420
5091998,133,231,9333,2011,0.0,9390.0,0.511015,0.560905,MAC,USA,851420
5091999,134,231,9333,2011,0.0,7422.0,-0.485404,0.099828,MAR,USA,851420
5092000,138,231,9333,2011,1649474.0,4921017.0,0.9534600000000001,0.706982,MEX,USA,851420
5092001,142,231,9333,2011,0.0,7248.0,1.3001340000000001,0.22605799999999998,MLT,USA,851420
5092002,153,231,9333,2011,0.0,662847.0,0.9893290000000001,0.632079,MYS,USA,851420
5092003,162,231,9333,2011,5673.0,284423.0,1.1655229999999999,1.410167,NLD,USA,851420
5092004,163,231,9333,2011,0.0,28641.0,0.8492770000000001,0.050044,NOR,USA,851420
5092005,166,231,9333,2011,0.0,142335.0,0.372732,0.548601,NZL,USA,851420
5092006,167,231,9333,2011,0.0,9057.0,-0.473703,-0.952491,OMN,USA,851420
5092007,169,231,9333,2011,3910.0,50232.0,0.786135,1.061008,PAN,USA,851420
5092008,173,231,9333,2011,0.0,150799.0,-0.455977,0.442543,PER,USA,851420
5092009,174,231,9333,2011,0.0,439419.0,0.364707,0.322626,PHL,USA,851420
5092010,177,231,9333,2011,241834.0,392641.0,1.133641,1.134203,POL,USA,851420
5092011,180,231,9333,2011,0.0,7057.0,-0.548759,-0.877743,PRY,USA,851420
5092012,183,231,9333,2011,0.0,31015.0,-0.45851899999999995,-1.017033,QAT,USA,851420
5092013,185,231,9333,2011,0.0,142843.0,0.722,1.296655,ROU,USA,851420
5092014,186,231,9333,2011,0.0,3197178.0,0.47319399999999995,-0.20801599999999998,RUS,USA,851420
5092015,188,231,9333,2011,0.0,282140.0,0.354045,-0.800028,SAU,USA,851420
5092016,192,231,9333,2011,0.0,2127219.0,1.849116,0.52127,SGP,USA,851420
5092017,197,231,9333,2011,0.0,11475.0,-0.09713200000000001,0.20772600000000002,SLV,USA,851420
5092018,205,231,9333,2011,0.0,14861.0,-0.504897,-0.835426,SUR,USA,851420
5092019,207,231,9333,2011,0.0,85652.0,1.642913,0.700222,SVN,USA,851420
5092020,208,231,9333,2011,26370.0,171722.0,1.857146,0.366159,SWE,USA,851420
5092021,216,231,9333,2011,1919049.0,682126.0,0.889009,1.503118,THA,USA,851420
5092022,222,231,9333,2011,0.0,54865.0,-0.44228,-1.031793,TTO,USA,851420
5092023,223,231,9333,2011,0.0,3361.0,0.151221,1.1252360000000001,TUN,USA,851420
5092024,224,231,9333,2011,75441.0,266692.0,0.45775,2.4316259999999996,TUR,USA,851420
5092025,228,231,9333,2011,0.0,179693.0,0.6221409999999999,0.765505,UKR,USA,851420
5092026,230,231,9333,2011,0.0,53117.0,0.313195,0.042866,URY,USA,851420
5092027,232,231,9333,2011,0.0,34000.0,-0.785878,-0.663918,UZB,USA,851420
5092028,236,231,9333,2011,0.0,45258.0,-0.841147,-1.095636,VEN,USA,851420
5092029,239,231,9333,2011,0.0,36735.0,-0.184453,1.637207,VNM,USA,851420
5092030,246,231,9333,2011,0.0,55078.0,0.241792,1.353011,ZAF,USA,851420
5092031,249,231,9333,2011,290946.0,482825.0,1.803234,0.921233,TWN,USA,851420
5092032,43,236,9333,2011,70192.0,0.0,1.072299,1.686826,CHN,VEN,851420
5092033,61,236,9333,2011,2707.0,0.0,2.074435,-3.440815,DEU,VEN,851420
5092034,121,236,9333,2011,0.0,93020.0,1.731371,0.8306879999999999,KOR,VEN,851420
5092035,138,236,9333,2011,64694.0,0.0,0.9534600000000001,0.706982,MEX,VEN,851420
5092036,169,236,9333,2011,0.0,1017.0,0.786135,1.061008,PAN,VEN,851420
5092037,186,236,9333,2011,5482.0,0.0,0.47319399999999995,-0.20801599999999998,RUS,VEN,851420
5092038,231,236,9333,2011,45258.0,0.0,1.6884849999999998,-0.474499,USA,VEN,851420
5092039,81,243,9333,2011,33214.0,0.0,1.8048220000000001,0.380141,GBR,YEM,851420
5092040,104,243,9333,2011,29107.0,0.0,0.18276199999999998,2.398765,IND,YEM,851420
5092041,2,246,9333,2011,0.0,2071.0,-1.252991,-1.132314,AGO,ZAF,851420
5092042,8,246,9333,2011,0.0,4199.0,0.240494,0.540376,ARG,ZAF,851420
5092043,14,246,9333,2011,35205.0,226230.0,-0.138148,0.002999,AUS,ZAF,851420
5092044,15,246,9333,2011,18508.0,0.0,1.687634,-0.229095,AUT,ZAF,851420
5092045,39,246,9333,2011,929.0,0.0,0.754813,1.1967290000000002,CAN,ZAF,851420
5092046,41,246,9333,2011,75780.0,0.0,2.2644029999999997,0.406131,CHE,ZAF,851420
5092047,43,246,9333,2011,1205433.0,0.0,1.072299,1.686826,CHN,ZAF,851420
5092048,49,246,9333,2011,0.0,4088.0,0.14336600000000002,-0.22996,COL,ZAF,851420
5092049,61,246,9333,2011,2069059.0,0.0,2.074435,-3.440815,DEU,ZAF,851420
5092050,67,246,9333,2011,0.0,4141.0,-0.8250639999999999,-0.839082,ECU,ZAF,851420
5092051,77,246,9333,2011,57194.0,0.0,1.532054,0.09339299999999999,FRA,ZAF,851420
5092052,81,246,9333,2011,205905.0,0.0,1.8048220000000001,0.380141,GBR,ZAF,851420
5092053,104,246,9333,2011,308716.0,1630124.0,0.18276199999999998,2.398765,IND,ZAF,851420
5092054,111,246,9333,2011,57462.0,0.0,1.298751,0.48013599999999995,ITA,ZAF,851420
5092055,114,246,9333,2011,128602.0,0.0,2.516395,-0.534301,JPN,ZAF,851420
5092056,115,246,9333,2011,0.0,9263.0,-0.514687,-0.775671,KAZ,ZAF,851420
5092057,121,246,9333,2011,7470.0,0.0,1.731371,0.8306879999999999,KOR,ZAF,851420
5092058,147,246,9333,2011,0.0,1281.0,-1.2069299999999998,-0.977785,MOZ,ZAF,851420
5092059,152,246,9333,2011,0.0,976.0,-1.100291,-0.982559,MWI,ZAF,851420
5092060,155,246,9333,2011,1274.0,2711.0,-0.42998400000000003,-0.632233,NAM,ZAF,851420
5092061,162,246,9333,2011,0.0,132183.0,1.1655229999999999,1.410167,NLD,ZAF,851420
5092062,163,246,9333,2011,103814.0,0.0,0.8492770000000001,0.050044,NOR,ZAF,851420
5092063,197,246,9333,2011,0.0,2806.0,-0.09713200000000001,0.20772600000000002,SLV,ZAF,851420
5092064,209,246,9333,2011,7568.0,0.0,0.169986,-0.078842,SWZ,ZAF,851420
5092065,216,246,9333,2011,71512.0,0.0,0.889009,1.503118,THA,ZAF,851420
5092066,226,246,9333,2011,0.0,1183.0,-0.751316,0.286505,TZA,ZAF,851420
5092067,231,246,9333,2011,55078.0,0.0,1.6884849999999998,-0.474499,USA,ZAF,851420
5092068,248,246,9333,2011,0.0,23709.0,-0.858662,-0.8632719999999999,ZWE,ZAF,851420
5092069,14,249,9333,2011,0.0,68306.0,-0.138148,0.002999,AUS,TWN,851420
5092070,15,249,9333,2011,50433.0,0.0,1.687634,-0.229095,AUT,TWN,851420
5092071,22,249,9333,2011,0.0,120534.0,-1.074416,-0.8276370000000001,BGD,TWN,851420
5092072,32,249,9333,2011,0.0,7683.0,0.27718400000000004,0.5674319999999999,BRA,TWN,851420
5092073,34,249,9333,2011,0.0,2563.0,-0.171775,-0.6656810000000001,BRN,TWN,851420
5092074,39,249,9333,2011,0.0,1899.0,0.754813,1.1967290000000002,CAN,TWN,851420
5092075,43,249,9333,2011,2359798.0,1424555.0,1.072299,1.686826,CHN,TWN,851420
5092076,61,249,9333,2011,1945995.0,267253.0,2.074435,-3.440815,DEU,TWN,851420
5092077,81,249,9333,2011,190304.0,137856.0,1.8048220000000001,0.380141,GBR,TWN,851420
5092078,97,249,9333,2011,24219.0,18516.0,0.663588,1.902118,HKG,TWN,851420
5092079,103,249,9333,2011,0.0,1175085.0,-0.234125,1.168384,IDN,TWN,851420
5092080,104,249,9333,2011,31952.0,133399.0,0.18276199999999998,2.398765,IND,TWN,851420
5092081,107,249,9333,2011,0.0,2159.0,-0.915379,-0.973194,IRN,TWN,851420
5092082,111,249,9333,2011,237622.0,0.0,1.298751,0.48013599999999995,ITA,TWN,851420
5092083,114,249,9333,2011,3320023.0,1352310.0,2.516395,-0.534301,JPN,TWN,851420
5092084,121,249,9333,2011,0.0,342145.0,1.731371,0.8306879999999999,KOR,TWN,851420
5092085,128,249,9333,2011,0.0,2554.0,-0.559311,0.398905,LKA,TWN,851420
5092086,138,249,9333,2011,0.0,8622.0,0.9534600000000001,0.706982,MEX,TWN,851420
5092087,153,249,9333,2011,0.0,128076.0,0.9893290000000001,0.632079,MYS,TWN,851420
5092088,162,249,9333,2011,0.0,2731.0,1.1655229999999999,1.410167,NLD,TWN,851420
5092089,166,249,9333,2011,0.0,2220.0,0.372732,0.548601,NZL,TWN,851420
5092090,168,249,9333,2011,0.0,8987.0,-0.729677,0.6026729999999999,PAK,TWN,851420
5092091,174,249,9333,2011,0.0,19878.0,0.364707,0.322626,PHL,TWN,851420
5092092,192,249,9333,2011,150320.0,18904.0,1.849116,0.52127,SGP,TWN,851420
5092093,208,249,9333,2011,53944.0,0.0,1.857146,0.366159,SWE,TWN,851420
5092094,216,249,9333,2011,0.0,728630.0,0.889009,1.503118,THA,TWN,851420
5092095,224,249,9333,2011,0.0,46480.0,0.45775,2.4316259999999996,TUR,TWN,851420
5092096,231,249,9333,2011,482825.0,290946.0,1.6884849999999998,-0.474499,USA,TWN,851420
5092097,239,249,9333,2011,0.0,828495.0,-0.184453,1.637207,VNM,TWN,851420
5092098,250,249,9333,2011,7362.0,0.0,0.475638,-0.160135,ANS,TWN,851420
5092099,8,250,9333,2011,0.0,13671.0,0.240494,0.540376,ARG,ANS,851420
5092100,77,250,9333,2011,0.0,107344.0,1.532054,0.09339299999999999,FRA,ANS,851420
5092101,106,250,9333,2011,11650.0,0.0,1.403182,0.290245,IRL,ANS,851420
5092102,177,250,9333,2011,0.0,3134.0,1.133641,1.134203,POL,ANS,851420
5092103,186,250,9333,2011,8929.0,0.0,0.47319399999999995,-0.20801599999999998,RUS,ANS,851420
5092104,206,250,9333,2011,0.0,2591.0,1.262897,0.8230569999999999,SVK,ANS,851420
5092105,207,250,9333,2011,0.0,3684.0,1.642913,0.700222,SVN,ANS,851420
5092106,224,250,9333,2011,169580.0,0.0,0.45775,2.4316259999999996,TUR,ANS,851420
5092107,249,250,9333,2011,0.0,7362.0,1.803234,0.921233,TWN,ANS,851420
5092108,7,2,9333,2011,2239.0,0.0,0.030652,-0.450808,ARE,AGO,851420
5092109,18,2,9333,2011,25794.0,0.0,1.221703,1.247961,BEL,AGO,851420
5092110,43,2,9333,2011,1023.0,0.0,1.072299,1.686826,CHN,AGO,851420
5092111,155,2,9333,2011,4207.0,0.0,-0.42998400000000003,-0.632233,NAM,AGO,851420
5092112,179,2,9333,2011,2090.0,0.0,0.558481,2.7056240000000003,PRT,AGO,851420
5092113,246,2,9333,2011,2071.0,0.0,0.241792,1.353011,ZAF,AGO,851420
5092114,61,4,9333,2011,43750.0,0.0,2.074435,-3.440815,DEU,ALB,851420
5092115,111,4,9333,2011,2156.0,0.0,1.298751,0.48013599999999995,ITA,ALB,851420
5092116,224,4,9333,2011,1272.0,0.0,0.45775,2.4316259999999996,TUR,ALB,851420
5092117,7,14,9333,2011,0.0,956986.0,0.030652,-0.450808,ARE,AUS,851420
5092118,15,14,9333,2011,325830.0,0.0,1.687634,-0.229095,AUT,AUS,851420
5092119,43,14,9333,2011,278092.0,684632.0,1.072299,1.686826,CHN,AUS,851420
5092120,61,14,9333,2011,29216.0,223855.0,2.074435,-3.440815,DEU,AUS,851420
5092121,64,14,9333,2011,8964.0,1371.0,1.156026,1.2248299999999999,DNK,AUS,851420
5092122,71,14,9333,2011,0.0,41402.0,0.8677290000000001,2.4618450000000003,ESP,AUS,851420
5092123,77,14,9333,2011,1166940.0,19048.0,1.532054,0.09339299999999999,FRA,AUS,851420
5092124,81,14,9333,2011,1026035.0,0.0,1.8048220000000001,0.380141,GBR,AUS,851420
5092125,83,14,9333,2011,0.0,405277.0,-0.8627319999999999,-0.608823,GHA,AUS,851420
5092126,97,14,9333,2011,48233.0,194874.0,0.663588,1.902118,HKG,AUS,851420
5092127,103,14,9333,2011,0.0,719386.0,-0.234125,1.168384,IDN,AUS,851420
5092128,104,14,9333,2011,141515.0,0.0,0.18276199999999998,2.398765,IND,AUS,851420
5092129,106,14,9333,2011,1567.0,0.0,1.403182,0.290245,IRL,AUS,851420
5092130,111,14,9333,2011,14450.0,0.0,1.298751,0.48013599999999995,ITA,AUS,851420
5092131,114,14,9333,2011,357651.0,0.0,2.516395,-0.534301,JPN,AUS,851420
5092132,121,14,9333,2011,99500.0,33366.0,1.731371,0.8306879999999999,KOR,AUS,851420
5092133,138,14,9333,2011,0.0,416994.0,0.9534600000000001,0.706982,MEX,AUS,851420
5092134,153,14,9333,2011,362604.0,595970.0,0.9893290000000001,0.632079,MYS,AUS,851420
5092135,156,14,9333,2011,0.0,1630443.0,-0.976349,-0.798691,NCL,AUS,851420
5092136,159,14,9333,2011,0.0,35580.0,-1.699286,-1.15511,NGA,AUS,851420
5092137,163,14,9333,2011,120557.0,0.0,0.8492770000000001,0.050044,NOR,AUS,851420
5092138,166,14,9333,2011,100267.0,105941.0,0.372732,0.548601,NZL,AUS,851420
5092139,188,14,9333,2011,0.0,680732.0,0.354045,-0.800028,SAU,AUS,851420
5092140,192,14,9333,2011,21055.0,33233.0,1.849116,0.52127,SGP,AUS,851420
5092141,208,14,9333,2011,1770.0,0.0,1.857146,0.366159,SWE,AUS,851420
5092142,216,14,9333,2011,0.0,159998.0,0.889009,1.503118,THA,AUS,851420
5092143,224,14,9333,2011,25926.0,57854.0,0.45775,2.4316259999999996,TUR,AUS,851420
5092144,231,14,9333,2011,1113431.0,0.0,1.6884849999999998,-0.474499,USA,AUS,851420
5092145,246,14,9333,2011,226230.0,35205.0,0.241792,1.353011,ZAF,AUS,851420
5092146,249,14,9333,2011,68306.0,0.0,1.803234,0.921233,TWN,AUS,851420
5092147,61,17,9333,2011,4497.0,0.0,2.074435,-3.440815,DEU,BDI,851420
5092148,43,22,9333,2011,46358.0,0.0,1.072299,1.686826,CHN,BGD,851420
5092149,61,22,9333,2011,2419.0,0.0,2.074435,-3.440815,DEU,BGD,851420
5092150,81,22,9333,2011,3842.0,0.0,1.8048220000000001,0.380141,GBR,BGD,851420
5092151,104,22,9333,2011,67499.0,0.0,0.18276199999999998,2.398765,IND,BGD,851420
5092152,121,22,9333,2011,34184.0,0.0,1.731371,0.8306879999999999,KOR,BGD,851420
5092153,216,22,9333,2011,14377.0,0.0,0.889009,1.503118,THA,BGD,851420
5092154,231,22,9333,2011,4351.0,0.0,1.6884849999999998,-0.474499,USA,BGD,851420
5092155,249,22,9333,2011,120534.0,0.0,1.803234,0.921233,TWN,BGD,851420
5092156,15,26,9333,2011,8423.0,0.0,1.687634,-0.229095,AUT,BIH,851420
5092157,111,26,9333,2011,2731.0,0.0,1.298751,0.48013599999999995,ITA,BIH,851420
5092158,201,26,9333,2011,0.0,27572.0,0.49055699999999997,1.5601399999999999,SRB,BIH,851420
5092159,18,28,9333,2011,23674.0,0.0,1.221703,1.247961,BEL,BLR,851420
5092160,43,28,9333,2011,1770.0,0.0,1.072299,1.686826,CHN,BLR,851420
5092161,61,28,9333,2011,469874.0,0.0,2.074435,-3.440815,DEU,BLR,851420
5092162,81,28,9333,2011,42964.0,0.0,1.8048220000000001,0.380141,GBR,BLR,851420
5092163,111,28,9333,2011,19441.0,0.0,1.298751,0.48013599999999995,ITA,BLR,851420
5092164,121,28,9333,2011,0.0,1718.0,1.731371,0.8306879999999999,KOR,BLR,851420
5092165,130,28,9333,2011,27482.0,0.0,0.747963,0.9759530000000001,LTU,BLR,851420
5092166,177,28,9333,2011,663864.0,0.0,1.133641,1.134203,POL,BLR,851420
5092167,186,28,9333,2011,243493.0,85183.0,0.47319399999999995,-0.20801599999999998,RUS,BLR,851420
5092168,224,28,9333,2011,2266.0,0.0,0.45775,2.4316259999999996,TUR,BLR,851420
5092169,228,28,9333,2011,277474.0,0.0,0.6221409999999999,0.765505,UKR,BLR,851420
5092170,231,28,9333,2011,3405.0,0.0,1.6884849999999998,-0.474499,USA,BLR,851420
5092171,81,58,9333,2011,18824.0,0.0,1.8048220000000001,0.380141,GBR,CYP,851420
5092172,90,58,9333,2011,2572.0,0.0,0.138679,1.30044,GRC,CYP,851420
5092173,111,58,9333,2011,12504.0,0.0,1.298751,0.48013599999999995,ITA,CYP,851420
5092174,224,58,9333,2011,14194.0,0.0,0.45775,2.4316259999999996,TUR,CYP,851420
5092175,231,58,9333,2011,1904.0,0.0,1.6884849999999998,-0.474499,USA,CYP,851420
5092176,15,68,9333,2011,10808.0,0.0,1.687634,-0.229095,AUT,EGY,851420
5092177,43,68,9333,2011,69218.0,0.0,1.072299,1.686826,CHN,EGY,851420
5092178,61,68,9333,2011,65825.0,0.0,2.074435,-3.440815,DEU,EGY,851420
5092179,66,68,9333,2011,0.0,3261.0,-1.36763,-1.140594,DZA,EGY,851420
5092180,77,68,9333,2011,4631.0,0.0,1.532054,0.09339299999999999,FRA,EGY,851420
5092181,81,68,9333,2011,72387.0,0.0,1.8048220000000001,0.380141,GBR,EGY,851420
5092182,104,68,9333,2011,19027.0,0.0,0.18276199999999998,2.398765,IND,EGY,851420
5092183,111,68,9333,2011,137004.0,0.0,1.298751,0.48013599999999995,ITA,EGY,851420
5092184,114,68,9333,2011,48019.0,0.0,2.516395,-0.534301,JPN,EGY,851420
5092185,121,68,9333,2011,82454.0,0.0,1.731371,0.8306879999999999,KOR,EGY,851420
5092186,162,68,9333,2011,20682.0,0.0,1.1655229999999999,1.410167,NLD,EGY,851420
5092187,212,68,9333,2011,16712.0,0.0,-0.604133,0.5268970000000001,SYR,EGY,851420
5092188,216,68,9333,2011,955.0,0.0,0.889009,1.503118,THA,EGY,851420
5092189,224,68,9333,2011,2725.0,0.0,0.45775,2.4316259999999996,TUR,EGY,851420
5092190,231,68,9333,2011,257466.0,0.0,1.6884849999999998,-0.474499,USA,EGY,851420
5092191,43,72,9333,2011,209493.0,0.0,1.072299,1.686826,CHN,EST,851420
5092192,61,72,9333,2011,17907.0,0.0,2.074435,-3.440815,DEU,EST,851420
5092193,74,72,9333,2011,0.0,1792.0,1.7488830000000002,0.890934,FIN,EST,851420
5092194,81,72,9333,2011,9645.0,0.0,1.8048220000000001,0.380141,GBR,EST,851420
5092195,111,72,9333,2011,1499.0,0.0,1.298751,0.48013599999999995,ITA,EST,851420
5092196,132,72,9333,2011,3730.0,0.0,0.7320939999999999,1.101321,LVA,EST,851420
5092197,177,72,9333,2011,91588.0,50583.0,1.133641,1.134203,POL,EST,851420
5092198,186,72,9333,2011,24686.0,0.0,0.47319399999999995,-0.20801599999999998,RUS,EST,851420
5092199,16,82,9333,2011,4200.0,0.0,-1.313136,-1.189989,AZE,GEO,851420
5092200,43,82,9333,2011,19362.0,0.0,1.072299,1.686826,CHN,GEO,851420
5092201,111,82,9333,2011,5965.0,0.0,1.298751,0.48013599999999995,ITA,GEO,851420
5092202,224,82,9333,2011,32375.0,0.0,0.45775,2.4316259999999996,TUR,GEO,851420
5092203,231,82,9333,2011,16574.0,0.0,1.6884849999999998,-0.474499,USA,GEO,851420
5092204,14,83,9333,2011,405277.0,0.0,-0.138148,0.002999,AUS,GHA,851420
5092205,43,83,9333,2011,45589.0,0.0,1.072299,1.686826,CHN,GHA,851420
5092206,81,83,9333,2011,17805.0,0.0,1.8048220000000001,0.380141,GBR,GHA,851420
5092207,104,83,9333,2011,447904.0,0.0,0.18276199999999998,2.398765,IND,GHA,851420
5092208,111,83,9333,2011,2387.0,0.0,1.298751,0.48013599999999995,ITA,GHA,851420
5092209,231,83,9333,2011,122439.0,0.0,1.6884849999999998,-0.474499,USA,GHA,851420
5092210,15,100,9333,2011,84315.0,0.0,1.687634,-0.229095,AUT,HRV,851420
5092211,61,100,9333,2011,1856.0,3959.0,2.074435,-3.440815,DEU,HRV,851420
5092212,102,100,9333,2011,8964.0,952.0,1.486592,0.805642,HUN,HRV,851420
5092213,111,100,9333,2011,144151.0,50432.0,1.298751,0.48013599999999995,ITA,HRV,851420
5092214,140,100,9333,2011,2248.0,0.0,-0.12310499999999999,0.16392,MKD,HRV,851420
5092215,207,100,9333,2011,9996.0,1350.0,1.642913,0.700222,SVN,HRV,851420
5092216,224,100,9333,2011,1573.0,0.0,0.45775,2.4316259999999996,TUR,HRV,851420
5092217,231,100,9333,2011,84102.0,0.0,1.6884849999999998,-0.474499,USA,HRV,851420
5092218,15,102,9333,2011,30179.0,3951.0,1.687634,-0.229095,AUT,HUN,851420
5092219,18,102,9333,2011,2206.0,0.0,1.221703,1.247961,BEL,HUN,851420
5092220,32,102,9333,2011,48131.0,0.0,0.27718400000000004,0.5674319999999999,BRA,HUN,851420
5092221,43,102,9333,2011,8808.0,237325.0,1.072299,1.686826,CHN,HUN,851420
5092222,49,102,9333,2011,0.0,969.0,0.14336600000000002,-0.22996,COL,HUN,851420
5092223,59,102,9333,2011,4221.0,15805.0,1.737788,0.14741600000000002,CZE,HUN,851420
5092224,61,102,9333,2011,38515.0,91406.0,2.074435,-3.440815,DEU,HUN,851420
5092225,71,102,9333,2011,0.0,46540.0,0.8677290000000001,2.4618450000000003,ESP,HUN,851420
5092226,77,102,9333,2011,182703.0,0.0,1.532054,0.09339299999999999,FRA,HUN,851420
5092227,81,102,9333,2011,867458.0,27274.0,1.8048220000000001,0.380141,GBR,HUN,851420
5092228,90,102,9333,2011,14788.0,15612.0,0.138679,1.30044,GRC,HUN,851420
5092229,97,102,9333,2011,0.0,9607.0,0.663588,1.902118,HKG,HUN,851420
5092230,100,102,9333,2011,952.0,8964.0,0.868294,0.9424299999999999,HRV,HUN,851420
5092231,104,102,9333,2011,0.0,16875.0,0.18276199999999998,2.398765,IND,HUN,851420
5092232,111,102,9333,2011,12335.0,0.0,1.298751,0.48013599999999995,ITA,HUN,851420
5092233,114,102,9333,2011,7741.0,0.0,2.516395,-0.534301,JPN,HUN,851420
5092234,121,102,9333,2011,14039.0,0.0,1.731371,0.8306879999999999,KOR,HUN,851420
5092235,130,102,9333,2011,0.0,5496.0,0.747963,0.9759530000000001,LTU,HUN,851420
5092236,135,102,9333,2011,0.0,11933.0,-0.225556,0.28622,MDA,HUN,851420
5092237,162,102,9333,2011,115120.0,0.0,1.1655229999999999,1.410167,NLD,HUN,851420
5092238,163,102,9333,2011,0.0,7709.0,0.8492770000000001,0.050044,NOR,HUN,851420
5092239,177,102,9333,2011,0.0,79720.0,1.133641,1.134203,POL,HUN,851420
5092240,179,102,9333,2011,0.0,4721.0,0.558481,2.7056240000000003,PRT,HUN,851420
5092241,185,102,9333,2011,0.0,62297.0,0.722,1.296655,ROU,HUN,851420
5092242,186,102,9333,2011,0.0,45099.0,0.47319399999999995,-0.20801599999999998,RUS,HUN,851420
5092243,201,102,9333,2011,5752.0,0.0,0.49055699999999997,1.5601399999999999,SRB,HUN,851420
5092244,206,102,9333,2011,170912.0,37230.0,1.262897,0.8230569999999999,SVK,HUN,851420
5092245,208,102,9333,2011,1137.0,0.0,1.857146,0.366159,SWE,HUN,851420
5092246,228,102,9333,2011,0.0,11694.0,0.6221409999999999,0.765505,UKR,HUN,851420
5092247,231,102,9333,2011,10352.0,4849.0,1.6884849999999998,-0.474499,USA,HUN,851420
5092248,7,107,9333,2011,48385.0,0.0,0.030652,-0.450808,ARE,IRN,851420
5092249,15,107,9333,2011,36824.0,0.0,1.687634,-0.229095,AUT,IRN,851420
5092250,43,107,9333,2011,1450720.0,0.0,1.072299,1.686826,CHN,IRN,851420
5092251,61,107,9333,2011,242458.0,0.0,2.074435,-3.440815,DEU,IRN,851420
5092252,74,107,9333,2011,177866.0,0.0,1.7488830000000002,0.890934,FIN,IRN,851420
5092253,97,107,9333,2011,1497.0,0.0,0.663588,1.902118,HKG,IRN,851420
5092254,104,107,9333,2011,2508484.0,0.0,0.18276199999999998,2.398765,IND,IRN,851420
5092255,108,107,9333,2011,0.0,4800.0,-2.175137,-0.726975,IRQ,IRN,851420
5092256,111,107,9333,2011,233218.0,0.0,1.298751,0.48013599999999995,ITA,IRN,851420
5092257,121,107,9333,2011,42452.0,0.0,1.731371,0.8306879999999999,KOR,IRN,851420
5092258,153,107,9333,2011,0.0,3702.0,0.9893290000000001,0.632079,MYS,IRN,851420
5092259,224,107,9333,2011,3272011.0,0.0,0.45775,2.4316259999999996,TUR,IRN,851420
5092260,249,107,9333,2011,2159.0,0.0,1.803234,0.921233,TWN,IRN,851420
5092261,43,108,9333,2011,219001.0,0.0,1.072299,1.686826,CHN,IRQ,851420
5092262,61,108,9333,2011,97562.0,0.0,2.074435,-3.440815,DEU,IRQ,851420
5092263,107,108,9333,2011,4800.0,0.0,-0.915379,-0.973194,IRN,IRQ,851420
5092264,121,108,9333,2011,43886.0,0.0,1.731371,0.8306879999999999,KOR,IRQ,851420
5092265,186,108,9333,2011,23735.0,0.0,0.47319399999999995,-0.20801599999999998,RUS,IRQ,851420
5092266,224,108,9333,2011,239842.0,0.0,0.45775,2.4316259999999996,TUR,IRQ,851420
5092267,61,113,9333,2011,23232.0,0.0,2.074435,-3.440815,DEU,JOR,851420
5092268,110,113,9333,2011,0.0,1901.0,1.324384,0.714611,ISR,JOR,851420
5092269,111,113,9333,2011,45214.0,0.0,1.298751,0.48013599999999995,ITA,JOR,851420
5092270,121,113,9333,2011,8402.0,0.0,1.731371,0.8306879999999999,KOR,JOR,851420
5092271,224,113,9333,2011,3926.0,0.0,0.45775,2.4316259999999996,TUR,JOR,851420
5092272,231,113,9333,2011,24714.0,0.0,1.6884849999999998,-0.474499,USA,JOR,851420
5092273,23,115,9333,2011,135041.0,0.0,0.537967,1.520973,BGR,KAZ,851420
5092274,43,115,9333,2011,119399.0,0.0,1.072299,1.686826,CHN,KAZ,851420
5092275,61,115,9333,2011,14159.0,8020.0,2.074435,-3.440815,DEU,KAZ,851420
5092276,104,115,9333,2011,328923.0,0.0,0.18276199999999998,2.398765,IND,KAZ,851420
5092277,130,115,9333,2011,19103.0,0.0,0.747963,0.9759530000000001,LTU,KAZ,851420
5092278,186,115,9333,2011,624007.0,0.0,0.47319399999999995,-0.20801599999999998,RUS,KAZ,851420
5092279,224,115,9333,2011,26050.0,0.0,0.45775,2.4316259999999996,TUR,KAZ,851420
5092280,228,115,9333,2011,164932.0,0.0,0.6221409999999999,0.765505,UKR,KAZ,851420
5092281,231,115,9333,2011,5666.0,0.0,1.6884849999999998,-0.474499,USA,KAZ,851420
5092282,246,115,9333,2011,9263.0,0.0,0.241792,1.353011,ZAF,KAZ,851420
5092283,77,116,9333,2011,297975.0,0.0,1.532054,0.09339299999999999,FRA,KEN,851420
5092284,104,116,9333,2011,392686.0,0.0,0.18276199999999998,2.398765,IND,KEN,851420
5092285,121,116,9333,2011,27967.0,0.0,1.731371,0.8306879999999999,KOR,KEN,851420
5092286,231,116,9333,2011,37649.0,0.0,1.6884849999999998,-0.474499,USA,KEN,851420
5092287,43,117,9333,2011,2837.0,0.0,1.072299,1.686826,CHN,KGZ,851420
5092288,111,117,9333,2011,759.0,0.0,1.298751,0.48013599999999995,ITA,KGZ,851420
5092289,186,117,9333,2011,1667.0,0.0,0.47319399999999995,-0.20801599999999998,RUS,KGZ,851420
5092290,43,118,9333,2011,48428.0,0.0,1.072299,1.686826,CHN,KHM,851420
5092291,71,118,9333,2011,1330.0,0.0,0.8677290000000001,2.4618450000000003,ESP,KHM,851420
5092292,81,118,9333,2011,6076.0,0.0,1.8048220000000001,0.380141,GBR,KHM,851420
5092293,192,118,9333,2011,1025.0,0.0,1.849116,0.52127,SGP,KHM,851420
5092294,216,118,9333,2011,3296.0,0.0,0.889009,1.503118,THA,KHM,851420
5092295,43,124,9333,2011,8622.0,0.0,1.072299,1.686826,CHN,LBN,851420
5092296,61,124,9333,2011,7167.0,0.0,2.074435,-3.440815,DEU,LBN,851420
5092297,77,124,9333,2011,68904.0,0.0,1.532054,0.09339299999999999,FRA,LBN,851420
5092298,104,124,9333,2011,79340.0,0.0,0.18276199999999998,2.398765,IND,LBN,851420
5092299,111,124,9333,2011,6486.0,0.0,1.298751,0.48013599999999995,ITA,LBN,851420
5092300,121,124,9333,2011,26690.0,0.0,1.731371,0.8306879999999999,KOR,LBN,851420
5092301,196,124,9333,2011,0.0,1327.0,-0.35546500000000003,-0.46134899999999995,SLE,LBN,851420
5092302,224,124,9333,2011,568264.0,0.0,0.45775,2.4316259999999996,TUR,LBN,851420
5092303,231,124,9333,2011,80685.0,0.0,1.6884849999999998,-0.474499,USA,LBN,851420
5092304,43,128,9333,2011,19096.0,0.0,1.072299,1.686826,CHN,LKA,851420
5092305,61,128,9333,2011,21382.0,0.0,2.074435,-3.440815,DEU,LKA,851420
5092306,104,128,9333,2011,31640.0,0.0,0.18276199999999998,2.398765,IND,LKA,851420
5092307,111,128,9333,2011,3546.0,0.0,1.298751,0.48013599999999995,ITA,LKA,851420
5092308,121,128,9333,2011,17255.0,0.0,1.731371,0.8306879999999999,KOR,LKA,851420
5092309,177,128,9333,2011,2901.0,0.0,1.133641,1.134203,POL,LKA,851420
5092310,192,128,9333,2011,4604.0,0.0,1.849116,0.52127,SGP,LKA,851420
5092311,231,128,9333,2011,3963.0,0.0,1.6884849999999998,-0.474499,USA,LKA,851420
5092312,249,128,9333,2011,2554.0,0.0,1.803234,0.921233,TWN,LKA,851420
5092313,18,130,9333,2011,8487.0,0.0,1.221703,1.247961,BEL,LTU,851420
5092314,28,130,9333,2011,0.0,27482.0,0.8786729999999999,0.442097,BLR,LTU,851420
5092315,43,130,9333,2011,69191.0,0.0,1.072299,1.686826,CHN,LTU,851420
5092316,61,130,9333,2011,1424.0,0.0,2.074435,-3.440815,DEU,LTU,851420
5092317,77,130,9333,2011,39560.0,0.0,1.532054,0.09339299999999999,FRA,LTU,851420
5092318,81,130,9333,2011,26804.0,0.0,1.8048220000000001,0.380141,GBR,LTU,851420
5092319,97,130,9333,2011,3367.0,0.0,0.663588,1.902118,HKG,LTU,851420
5092320,102,130,9333,2011,5496.0,0.0,1.486592,0.805642,HUN,LTU,851420
5092321,111,130,9333,2011,919.0,0.0,1.298751,0.48013599999999995,ITA,LTU,851420
5092322,115,130,9333,2011,0.0,19103.0,-0.514687,-0.775671,KAZ,LTU,851420
5092323,132,130,9333,2011,31137.0,0.0,0.7320939999999999,1.101321,LVA,LTU,851420
5092324,177,130,9333,2011,10036.0,0.0,1.133641,1.134203,POL,LTU,851420
5092325,186,130,9333,2011,18889.0,0.0,0.47319399999999995,-0.20801599999999998,RUS,LTU,851420
5092326,224,130,9333,2011,374172.0,0.0,0.45775,2.4316259999999996,TUR,LTU,851420
5092327,231,130,9333,2011,115231.0,0.0,1.6884849999999998,-0.474499,USA,LTU,851420
5092328,18,131,9333,2011,21986.0,0.0,1.221703,1.247961,BEL,LUX,851420
5092329,61,131,9333,2011,55171.0,0.0,2.074435,-3.440815,DEU,LUX,851420
5092330,71,131,9333,2011,24553.0,0.0,0.8677290000000001,2.4618450000000003,ESP,LUX,851420
5092331,77,131,9333,2011,32764.0,0.0,1.532054,0.09339299999999999,FRA,LUX,851420
5092332,18,132,9333,2011,2010.0,0.0,1.221703,1.247961,BEL,LVA,851420
5092333,39,132,9333,2011,43191.0,0.0,0.754813,1.1967290000000002,CAN,LVA,851420
5092334,61,132,9333,2011,25193.0,0.0,2.074435,-3.440815,DEU,LVA,851420
5092335,72,132,9333,2011,0.0,3730.0,0.9806790000000001,1.110449,EST,LVA,851420
5092336,81,132,9333,2011,40801.0,0.0,1.8048220000000001,0.380141,GBR,LVA,851420
5092337,111,132,9333,2011,13529.0,0.0,1.298751,0.48013599999999995,ITA,LVA,851420
5092338,121,132,9333,2011,27386.0,0.0,1.731371,0.8306879999999999,KOR,LVA,851420
5092339,130,132,9333,2011,0.0,31137.0,0.747963,0.9759530000000001,LTU,LVA,851420
5092340,186,132,9333,2011,29085.0,0.0,0.47319399999999995,-0.20801599999999998,RUS,LVA,851420
5092341,231,132,9333,2011,7082.0,0.0,1.6884849999999998,-0.474499,USA,LVA,851420
5092342,102,135,9333,2011,11933.0,0.0,1.486592,0.805642,HUN,MDA,851420
5092343,111,135,9333,2011,4525.0,0.0,1.298751,0.48013599999999995,ITA,MDA,851420
5092344,177,135,9333,2011,40720.0,0.0,1.133641,1.134203,POL,MDA,851420
5092345,224,135,9333,2011,820.0,0.0,0.45775,2.4316259999999996,TUR,MDA,851420
5092346,15,140,9333,2011,13333.0,0.0,1.687634,-0.229095,AUT,MKD,851420
5092347,61,140,9333,2011,1124.0,0.0,2.074435,-3.440815,DEU,MKD,851420
5092348,100,140,9333,2011,0.0,2248.0,0.868294,0.9424299999999999,HRV,MKD,851420
5092349,201,140,9333,2011,0.0,11559.0,0.49055699999999997,1.5601399999999999,SRB,MKD,851420
5092350,81,142,9333,2011,16323.0,0.0,1.8048220000000001,0.380141,GBR,MLT,851420
5092351,111,142,9333,2011,2979.0,0.0,1.298751,0.48013599999999995,ITA,MLT,851420
5092352,231,142,9333,2011,7248.0,0.0,1.6884849999999998,-0.474499,USA,MLT,851420
5092353,43,143,9333,2011,551242.0,0.0,1.072299,1.686826,CHN,MMR,851420
5092354,121,143,9333,2011,1007.0,0.0,1.731371,0.8306879999999999,KOR,MMR,851420
5092355,192,143,9333,2011,102129.0,0.0,1.849116,0.52127,SGP,MMR,851420
5092356,216,143,9333,2011,27658.0,0.0,0.889009,1.503118,THA,MMR,851420
5092357,246,147,9333,2011,1281.0,0.0,0.241792,1.353011,ZAF,MOZ,851420
5092358,14,163,9333,2011,0.0,120557.0,-0.138148,0.002999,AUS,NOR,851420
5092359,18,163,9333,2011,18065.0,0.0,1.221703,1.247961,BEL,NOR,851420
5092360,32,163,9333,2011,0.0,110514.0,0.27718400000000004,0.5674319999999999,BRA,NOR,851420
5092361,43,163,9333,2011,27548.0,0.0,1.072299,1.686826,CHN,NOR,851420
5092362,59,163,9333,2011,2442.0,0.0,1.737788,0.14741600000000002,CZE,NOR,851420
5092363,61,163,9333,2011,145302.0,13904.0,2.074435,-3.440815,DEU,NOR,851420
5092364,77,163,9333,2011,5106.0,216853.0,1.532054,0.09339299999999999,FRA,NOR,851420
5092365,81,163,9333,2011,1276745.0,182763.0,1.8048220000000001,0.380141,GBR,NOR,851420
5092366,102,163,9333,2011,7709.0,0.0,1.486592,0.805642,HUN,NOR,851420
5092367,138,163,9333,2011,0.0,89144.0,0.9534600000000001,0.706982,MEX,NOR,851420
5092368,167,163,9333,2011,0.0,112968.0,-0.473703,-0.952491,OMN,NOR,851420
5092369,208,163,9333,2011,378354.0,0.0,1.857146,0.366159,SWE,NOR,851420
5092370,231,163,9333,2011,28641.0,0.0,1.6884849999999998,-0.474499,USA,NOR,851420
5092371,246,163,9333,2011,0.0,103814.0,0.241792,1.353011,ZAF,NOR,851420
5092372,39,167,9333,2011,13278.0,0.0,0.754813,1.1967290000000002,CAN,OMN,851420
5092373,43,167,9333,2011,2076.0,0.0,1.072299,1.686826,CHN,OMN,851420
5092374,81,167,9333,2011,5267.0,0.0,1.8048220000000001,0.380141,GBR,OMN,851420
5092375,104,167,9333,2011,107862.0,0.0,0.18276199999999998,2.398765,IND,OMN,851420
5092376,121,167,9333,2011,41405.0,0.0,1.731371,0.8306879999999999,KOR,OMN,851420
5092377,163,167,9333,2011,112968.0,0.0,0.8492770000000001,0.050044,NOR,OMN,851420
5092378,208,167,9333,2011,4723.0,0.0,1.857146,0.366159,SWE,OMN,851420
5092379,224,167,9333,2011,2447.0,0.0,0.45775,2.4316259999999996,TUR,OMN,851420
5092380,231,167,9333,2011,9057.0,0.0,1.6884849999999998,-0.474499,USA,OMN,851420
5092381,15,186,9333,2011,1164284.0,0.0,1.687634,-0.229095,AUT,RUS,851420
5092382,28,186,9333,2011,85183.0,243493.0,0.8786729999999999,0.442097,BLR,RUS,851420
5092383,43,186,9333,2011,1544959.0,279132.0,1.072299,1.686826,CHN,RUS,851420
5092384,54,186,9333,2011,0.0,2947.0,-0.050093,-0.88759,CUB,RUS,851420
5092385,59,186,9333,2011,438206.0,0.0,1.737788,0.14741600000000002,CZE,RUS,851420
5092386,61,186,9333,2011,12882929.0,0.0,2.074435,-3.440815,DEU,RUS,851420
5092387,71,186,9333,2011,226741.0,0.0,0.8677290000000001,2.4618450000000003,ESP,RUS,851420
5092388,72,186,9333,2011,0.0,24686.0,0.9806790000000001,1.110449,EST,RUS,851420
5092389,74,186,9333,2011,4390.0,0.0,1.7488830000000002,0.890934,FIN,RUS,851420
5092390,77,186,9333,2011,863471.0,0.0,1.532054,0.09339299999999999,FRA,RUS,851420
5092391,81,186,9333,2011,2931044.0,0.0,1.8048220000000001,0.380141,GBR,RUS,851420
5092392,102,186,9333,2011,45099.0,0.0,1.486592,0.805642,HUN,RUS,851420
5092393,104,186,9333,2011,123074.0,232241.0,0.18276199999999998,2.398765,IND,RUS,851420
5092394,108,186,9333,2011,0.0,23735.0,-2.175137,-0.726975,IRQ,RUS,851420
5092395,111,186,9333,2011,1260620.0,0.0,1.298751,0.48013599999999995,ITA,RUS,851420
5092396,114,186,9333,2011,19664.0,0.0,2.516395,-0.534301,JPN,RUS,851420
5092397,115,186,9333,2011,0.0,624007.0,-0.514687,-0.775671,KAZ,RUS,851420
5092398,117,186,9333,2011,0.0,1667.0,-0.323348,0.164469,KGZ,RUS,851420
5092399,121,186,9333,2011,83630.0,435605.0,1.731371,0.8306879999999999,KOR,RUS,851420
5092400,130,186,9333,2011,0.0,18889.0,0.747963,0.9759530000000001,LTU,RUS,851420
5092401,132,186,9333,2011,0.0,29085.0,0.7320939999999999,1.101321,LVA,RUS,851420
5092402,177,186,9333,2011,0.0,11604.0,1.133641,1.134203,POL,RUS,851420
5092403,217,186,9333,2011,0.0,23225.0,-0.975877,-1.021684,TJK,RUS,851420
5092404,223,186,9333,2011,0.0,61002.0,0.151221,1.1252360000000001,TUN,RUS,851420
5092405,224,186,9333,2011,2211181.0,0.0,0.45775,2.4316259999999996,TUR,RUS,851420
5092406,228,186,9333,2011,706861.0,556908.0,0.6221409999999999,0.765505,UKR,RUS,851420
5092407,231,186,9333,2011,3197178.0,0.0,1.6884849999999998,-0.474499,USA,RUS,851420
5092408,236,186,9333,2011,0.0,5482.0,-0.841147,-1.095636,VEN,RUS,851420
5092409,250,186,9333,2011,0.0,8929.0,0.475638,-0.160135,ANS,RUS,851420
5092410,77,191,9333,2011,16731.0,0.0,1.532054,0.09339299999999999,FRA,SEN,851420
5092411,111,191,9333,2011,6231.0,0.0,1.298751,0.48013599999999995,ITA,SEN,851420
5092412,224,191,9333,2011,171525.0,0.0,0.45775,2.4316259999999996,TUR,SEN,851420
5092413,15,201,9333,2011,12264.0,0.0,1.687634,-0.229095,AUT,SRB,851420
5092414,26,201,9333,2011,27572.0,0.0,0.391425,0.6066600000000001,BIH,SRB,851420
5092415,61,201,9333,2011,76582.0,0.0,2.074435,-3.440815,DEU,SRB,851420
5092416,71,201,9333,2011,63663.0,0.0,0.8677290000000001,2.4618450000000003,ESP,SRB,851420
5092417,81,201,9333,2011,3418.0,0.0,1.8048220000000001,0.380141,GBR,SRB,851420
5092418,102,201,9333,2011,0.0,5752.0,1.486592,0.805642,HUN,SRB,851420
5092419,140,201,9333,2011,11559.0,0.0,-0.12310499999999999,0.16392,MKD,SRB,851420
5092420,177,201,9333,2011,1194.0,0.0,1.133641,1.134203,POL,SRB,851420
5092421,43,217,9333,2011,79455.0,0.0,1.072299,1.686826,CHN,TJK,851420
5092422,186,217,9333,2011,23225.0,0.0,0.47319399999999995,-0.20801599999999998,RUS,TJK,851420
5092423,224,219,9333,2011,85454.0,0.0,0.45775,2.4316259999999996,TUR,TKM,851420
5092424,43,232,9333,2011,152034.0,0.0,1.072299,1.686826,CHN,UZB,851420
5092425,61,232,9333,2011,2331.0,0.0,2.074435,-3.440815,DEU,UZB,851420
5092426,121,232,9333,2011,3252844.0,0.0,1.731371,0.8306879999999999,KOR,UZB,851420
5092427,228,232,9333,2011,57755.0,0.0,0.6221409999999999,0.765505,UKR,UZB,851420
5092428,231,232,9333,2011,34000.0,0.0,1.6884849999999998,-0.474499,USA,UZB,851420
5092429,39,239,9333,2011,71593.0,0.0,0.754813,1.1967290000000002,CAN,VNM,851420
5092430,41,239,9333,2011,33862.0,0.0,2.2644029999999997,0.406131,CHE,VNM,851420
5092431,42,239,9333,2011,1020935.0,0.0,-0.199877,-0.353009,CHL,VNM,851420
5092432,43,239,9333,2011,7985735.0,0.0,1.072299,1.686826,CHN,VNM,851420
5092433,61,239,9333,2011,46836.0,0.0,2.074435,-3.440815,DEU,VNM,851420
5092434,81,239,9333,2011,5144.0,0.0,1.8048220000000001,0.380141,GBR,VNM,851420
5092435,110,239,9333,2011,4287.0,0.0,1.324384,0.714611,ISR,VNM,851420
5092436,111,239,9333,2011,15781.0,0.0,1.298751,0.48013599999999995,ITA,VNM,851420
5092437,114,239,9333,2011,2064136.0,0.0,2.516395,-0.534301,JPN,VNM,851420
5092438,121,239,9333,2011,619106.0,0.0,1.731371,0.8306879999999999,KOR,VNM,851420
5092439,153,239,9333,2011,15201.0,1567.0,0.9893290000000001,0.632079,MYS,VNM,851420
5092440,174,239,9333,2011,144332.0,0.0,0.364707,0.322626,PHL,VNM,851420
5092441,192,239,9333,2011,19580.0,0.0,1.849116,0.52127,SGP,VNM,851420
5092442,216,239,9333,2011,1878.0,0.0,0.889009,1.503118,THA,VNM,851420
5092443,224,239,9333,2011,7630.0,0.0,0.45775,2.4316259999999996,TUR,VNM,851420
5092444,231,239,9333,2011,36735.0,0.0,1.6884849999999998,-0.474499,USA,VNM,851420
5092445,249,239,9333,2011,828495.0,0.0,1.803234,0.921233,TWN,VNM,851420
5092446,37,248,9333,2011,2745.0,0.0,-0.48782600000000004,-1.051639,BWA,ZWE,851420
5092447,43,248,9333,2011,206391.0,0.0,1.072299,1.686826,CHN,ZWE,851420
5092448,81,248,9333,2011,1728.0,0.0,1.8048220000000001,0.380141,GBR,ZWE,851420
5092449,104,248,9333,2011,339307.0,0.0,0.18276199999999998,2.398765,IND,ZWE,851420
5092450,246,248,9333,2011,23709.0,0.0,0.241792,1.353011,ZAF,ZWE,851420
5092451,77,1,9333,2011,14591.0,0.0,1.532054,0.09339299999999999,FRA,AFG,851420
5092452,168,1,9333,2011,136066.0,0.0,-0.729677,0.6026729999999999,PAK,AFG,851420
5092453,159,13,9333,2011,1588.0,0.0,-1.699286,-1.15511,NGA,ATG,851420
5092454,43,24,9333,2011,14450.0,0.0,1.072299,1.686826,CHN,BHR,851420
5092455,77,24,9333,2011,7978.0,0.0,1.532054,0.09339299999999999,FRA,BHR,851420
5092456,111,24,9333,2011,11396.0,0.0,1.298751,0.48013599999999995,ITA,BHR,851420
5092457,192,24,9333,2011,0.0,6442.0,1.849116,0.52127,SGP,BHR,851420
5092458,231,24,9333,2011,19969.0,0.0,1.6884849999999998,-0.474499,USA,BHR,851420
5092459,8,31,9333,2011,3192.0,0.0,0.240494,0.540376,ARG,BOL,851420
5092460,61,31,9333,2011,20595.0,0.0,2.074435,-3.440815,DEU,BOL,851420
5092461,81,31,9333,2011,3352.0,0.0,1.8048220000000001,0.380141,GBR,BOL,851420
5092462,111,31,9333,2011,18629.0,0.0,1.298751,0.48013599999999995,ITA,BOL,851420
5092463,121,31,9333,2011,5527.0,0.0,1.731371,0.8306879999999999,KOR,BOL,851420
5092464,43,37,9333,2011,34132.0,0.0,1.072299,1.686826,CHN,BWA,851420
5092465,231,37,9333,2011,3876.0,0.0,1.6884849999999998,-0.474499,USA,BWA,851420
5092466,248,37,9333,2011,0.0,2745.0,-0.858662,-0.8632719999999999,ZWE,BWA,851420
5092467,18,44,9333,2011,99751.0,0.0,1.221703,1.247961,BEL,CIV,851420
5092468,81,44,9333,2011,4855.0,0.0,1.8048220000000001,0.380141,GBR,CIV,851420
5092469,224,45,9333,2011,17300.0,0.0,0.45775,2.4316259999999996,TUR,CMR,851420
5092470,77,47,9333,2011,13562.0,0.0,1.532054,0.09339299999999999,FRA,COG,851420
5092471,41,54,9333,2011,2707.0,0.0,2.2644029999999997,0.406131,CHE,CUB,851420
5092472,71,54,9333,2011,2336462.0,0.0,0.8677290000000001,2.4618450000000003,ESP,CUB,851420
5092473,186,54,9333,2011,2947.0,0.0,0.47319399999999995,-0.20801599999999998,RUS,CUB,851420
5092474,43,66,9333,2011,388742.0,0.0,1.072299,1.686826,CHN,DZA,851420
5092475,59,66,9333,2011,282091.0,0.0,1.737788,0.14741600000000002,CZE,DZA,851420
5092476,68,66,9333,2011,3261.0,0.0,-0.166243,1.384719,EGY,DZA,851420
5092477,77,66,9333,2011,150078.0,0.0,1.532054,0.09339299999999999,FRA,DZA,851420
5092478,111,66,9333,2011,114308.0,0.0,1.298751,0.48013599999999995,ITA,DZA,851420
5092479,121,66,9333,2011,5260.0,0.0,1.731371,0.8306879999999999,KOR,DZA,851420
5092480,162,66,9333,2011,18532.0,0.0,1.1655229999999999,1.410167,NLD,DZA,851420
5092481,224,66,9333,2011,15890.0,0.0,0.45775,2.4316259999999996,TUR,DZA,851420
5092482,231,66,9333,2011,5183.0,0.0,1.6884849999999998,-0.474499,USA,DZA,851420
5092483,43,73,9333,2011,2093.0,0.0,1.072299,1.686826,CHN,ETH,851420
5092484,104,73,9333,2011,5610.0,0.0,0.18276199999999998,2.398765,IND,ETH,851420
5092485,224,73,9333,2011,2726.0,0.0,0.45775,2.4316259999999996,TUR,ETH,851420
5092486,231,80,9333,2011,47165.0,0.0,1.6884849999999998,-0.474499,USA,GAB,851420
5092487,81,85,9333,2011,9493.0,0.0,1.8048220000000001,0.380141,GBR,GIN,851420
5092488,43,89,9333,2011,51467.0,0.0,1.072299,1.686826,CHN,GNQ,851420
5092489,43,109,9333,2011,1436.0,0.0,1.072299,1.686826,CHN,ISL,851420
5092490,61,109,9333,2011,3057.0,0.0,2.074435,-3.440815,DEU,ISL,851420
5092491,81,109,9333,2011,6812.0,0.0,1.8048220000000001,0.380141,GBR,ISL,851420
5092492,121,109,9333,2011,3357.0,0.0,1.731371,0.8306879999999999,KOR,ISL,851420
5092493,162,109,9333,2011,1030977.0,0.0,1.1655229999999999,1.410167,NLD,ISL,851420
5092494,231,109,9333,2011,7156.0,0.0,1.6884849999999998,-0.474499,USA,ISL,851420
5092495,77,126,9333,2011,3174.0,0.0,1.532054,0.09339299999999999,FRA,LBY,851420
5092496,43,145,9333,2011,58011.0,0.0,1.072299,1.686826,CHN,MNG,851420
5092497,111,145,9333,2011,25057.0,0.0,1.298751,0.48013599999999995,ITA,MNG,851420
5092498,121,145,9333,2011,4901.0,0.0,1.731371,0.8306879999999999,KOR,MNG,851420
5092499,7,151,9333,2011,31497.0,0.0,0.030652,-0.450808,ARE,MUS,851420
5092500,39,151,9333,2011,4611.0,0.0,0.754813,1.1967290000000002,CAN,MUS,851420
5092501,43,151,9333,2011,3570.0,0.0,1.072299,1.686826,CHN,MUS,851420
5092502,77,151,9333,2011,20748.0,0.0,1.532054,0.09339299999999999,FRA,MUS,851420
5092503,111,151,9333,2011,2103.0,0.0,1.298751,0.48013599999999995,ITA,MUS,851420
5092504,2,155,9333,2011,0.0,4207.0,-1.252991,-1.132314,AGO,NAM,851420
5092505,81,155,9333,2011,5151.0,0.0,1.8048220000000001,0.380141,GBR,NAM,851420
5092506,104,155,9333,2011,3453.0,0.0,0.18276199999999998,2.398765,IND,NAM,851420
5092507,246,155,9333,2011,2711.0,1274.0,0.241792,1.353011,ZAF,NAM,851420
5092508,7,159,9333,2011,103412.0,0.0,0.030652,-0.450808,ARE,NGA,851420
5092509,13,159,9333,2011,0.0,1588.0,0.257238,-0.275891,ATG,NGA,851420
5092510,14,159,9333,2011,35580.0,0.0,-0.138148,0.002999,AUS,NGA,851420
5092511,43,159,9333,2011,628191.0,0.0,1.072299,1.686826,CHN,NGA,851420
5092512,77,159,9333,2011,27666.0,0.0,1.532054,0.09339299999999999,FRA,NGA,851420
5092513,81,159,9333,2011,5153.0,0.0,1.8048220000000001,0.380141,GBR,NGA,851420
5092514,104,159,9333,2011,626695.0,0.0,0.18276199999999998,2.398765,IND,NGA,851420
5092515,43,164,9333,2011,12074.0,0.0,1.072299,1.686826,CHN,NPL,851420
5092516,77,164,9333,2011,6527.0,0.0,1.532054,0.09339299999999999,FRA,NPL,851420
5092517,104,164,9333,2011,2588.0,0.0,0.18276199999999998,2.398765,IND,NPL,851420
5092518,43,176,9333,2011,4618.0,0.0,1.072299,1.686826,CHN,PNG,851420
5092519,43,178,9333,2011,406266.0,0.0,1.072299,1.686826,CHN,PRK,851420
5092520,49,178,9333,2011,0.0,2159.0,0.14336600000000002,-0.22996,COL,PRK,851420
5092521,246,209,9333,2011,0.0,7568.0,0.241792,1.353011,ZAF,SWZ,851420
5092522,43,212,9333,2011,117226.0,0.0,1.072299,1.686826,CHN,SYR,851420
5092523,61,212,9333,2011,24573.0,0.0,2.074435,-3.440815,DEU,SYR,851420
5092524,68,212,9333,2011,0.0,16712.0,-0.166243,1.384719,EGY,SYR,851420
5092525,121,212,9333,2011,4399.0,0.0,1.731371,0.8306879999999999,KOR,SYR,851420
5092526,224,212,9333,2011,549329.0,0.0,0.45775,2.4316259999999996,TUR,SYR,851420
5092527,71,215,9333,2011,6293.0,0.0,0.8677290000000001,2.4618450000000003,ESP,TGO,851420
5092528,43,223,9333,2011,6867.0,0.0,1.072299,1.686826,CHN,TUN,851420
5092529,61,223,9333,2011,2089.0,0.0,2.074435,-3.440815,DEU,TUN,851420
5092530,77,223,9333,2011,5272.0,0.0,1.532054,0.09339299999999999,FRA,TUN,851420
5092531,81,223,9333,2011,9839.0,0.0,1.8048220000000001,0.380141,GBR,TUN,851420
5092532,111,223,9333,2011,138394.0,0.0,1.298751,0.48013599999999995,ITA,TUN,851420
5092533,121,223,9333,2011,2742.0,0.0,1.731371,0.8306879999999999,KOR,TUN,851420
5092534,186,223,9333,2011,61002.0,0.0,0.47319399999999995,-0.20801599999999998,RUS,TUN,851420
5092535,224,223,9333,2011,7266.0,0.0,0.45775,2.4316259999999996,TUR,TUN,851420
5092536,231,223,9333,2011,3361.0,0.0,1.6884849999999998,-0.474499,USA,TUN,851420
5092537,43,226,9333,2011,44980.0,0.0,1.072299,1.686826,CHN,TZA,851420
5092538,77,226,9333,2011,3734.0,0.0,1.532054,0.09339299999999999,FRA,TZA,851420
5092539,104,226,9333,2011,12069.0,0.0,0.18276199999999998,2.398765,IND,TZA,851420
5092540,121,226,9333,2011,1231.0,0.0,1.731371,0.8306879999999999,KOR,TZA,851420
5092541,162,226,9333,2011,10626.0,0.0,1.1655229999999999,1.410167,NLD,TZA,851420
5092542,246,226,9333,2011,1183.0,0.0,0.241792,1.353011,ZAF,TZA,851420
5092543,77,227,9333,2011,2541.0,0.0,1.532054,0.09339299999999999,FRA,UGA,851420
5092544,104,227,9333,2011,73259.0,0.0,0.18276199999999998,2.398765,IND,UGA,851420
5092545,43,247,9333,2011,1265.0,0.0,1.072299,1.686826,CHN,ZMB,851420
5092546,81,247,9333,2011,2048.0,0.0,1.8048220000000001,0.380141,GBR,ZMB,851420
5092547,15,9,9333,2011,1424.0,0.0,1.687634,-0.229095,AUT,ARM,851420
5092548,43,9,9333,2011,20327.0,0.0,1.072299,1.686826,CHN,ARM,851420
5092549,121,9,9333,2011,1017.0,0.0,1.731371,0.8306879999999999,KOR,ARM,851420
5092550,231,57,9333,2011,16435.0,0.0,1.6884849999999998,-0.474499,USA,CYM,851420
5092551,104,141,9333,2011,172483.0,0.0,0.18276199999999998,2.398765,IND,MLI,851420
5092552,224,141,9333,2011,103611.0,0.0,0.45775,2.4316259999999996,TUR,MLI,851420
5092553,43,144,9333,2011,911.0,0.0,1.072299,1.686826,CHN,MNE,851420
5092554,81,196,9333,2011,2132.0,0.0,1.8048220000000001,0.380141,GBR,SLE,851420
5092555,124,196,9333,2011,1327.0,0.0,0.278393,1.2962879999999999,LBN,SLE,851420
5092556,43,152,9333,2011,4064.0,0.0,1.072299,1.686826,CHN,MWI,851420
5092557,81,152,9333,2011,6259.0,0.0,1.8048220000000001,0.380141,GBR,MWI,851420
5092558,104,152,9333,2011,4242.0,0.0,0.18276199999999998,2.398765,IND,MWI,851420
5092559,224,152,9333,2011,759.0,0.0,0.45775,2.4316259999999996,TUR,MWI,851420
5092560,246,152,9333,2011,976.0,0.0,0.241792,1.353011,ZAF,MWI,851420
5092561,192,34,9333,2011,32934.0,0.0,1.849116,0.52127,SGP,BRN,851420
5092562,231,34,9333,2011,4031.0,0.0,1.6884849999999998,-0.474499,USA,BRN,851420
5092563,249,34,9333,2011,2563.0,0.0,1.803234,0.921233,TWN,BRN,851420
5092564,104,35,9333,2011,3031.0,0.0,0.18276199999999998,2.398765,IND,BTN,851420
5092565,61,123,9333,2011,23469.0,0.0,2.074435,-3.440815,DEU,LAO,851420
5092566,114,123,9333,2011,1421.0,0.0,2.516395,-0.534301,JPN,LAO,851420
5092567,216,123,9333,2011,5376.0,0.0,0.889009,1.503118,THA,LAO,851420
5092568,39,133,9333,2011,415.0,0.0,0.754813,1.1967290000000002,CAN,MAC,851420
5092569,43,133,9333,2011,15122.0,0.0,1.072299,1.686826,CHN,MAC,851420
5092570,61,133,9333,2011,1928.0,0.0,2.074435,-3.440815,DEU,MAC,851420
5092571,97,133,9333,2011,18438.0,0.0,0.663588,1.902118,HKG,MAC,851420
5092572,114,133,9333,2011,7901.0,0.0,2.516395,-0.534301,JPN,MAC,851420
5092573,231,133,9333,2011,9390.0,0.0,1.6884849999999998,-0.474499,USA,MAC,851420
5092574,39,136,9333,2011,3263.0,0.0,0.754813,1.1967290000000002,CAN,MDG,851420
5092575,81,136,9333,2011,2220.0,0.0,1.8048220000000001,0.380141,GBR,MDG,851420
5092576,43,137,9333,2011,4906.0,0.0,1.072299,1.686826,CHN,MDV,851420
5092577,192,137,9333,2011,3072.0,0.0,1.849116,0.52127,SGP,MDV,851420
5092578,14,156,9333,2011,1630443.0,0.0,-0.138148,0.002999,AUS,NCL,851420
5092579,15,156,9333,2011,19057.0,0.0,1.687634,-0.229095,AUT,NCL,851420
5092580,43,156,9333,2011,726.0,0.0,1.072299,1.686826,CHN,NCL,851420
5092581,77,156,9333,2011,29384.0,0.0,1.532054,0.09339299999999999,FRA,NCL,851420
5092582,111,156,9333,2011,8105.0,0.0,1.298751,0.48013599999999995,ITA,NCL,851420
5092583,114,156,9333,2011,18364.0,0.0,2.516395,-0.534301,JPN,NCL,851420
5092584,111,160,9333,2011,8700.0,0.0,1.298751,0.48013599999999995,ITA,NIC,851420
5092585,43,181,9333,2011,46838.0,0.0,1.072299,1.686826,CHN,PSE,851420
5092586,104,187,9333,2011,1625.0,0.0,0.18276199999999998,2.398765,IND,RWA,851420
5092587,231,91,9333,2011,2852.0,0.0,1.6884849999999998,-0.474499,USA,GRD,851420
5092588,64,92,9333,2011,8263.0,0.0,1.156026,1.2248299999999999,DNK,GRL,851420
5092589,71,5,9333,2011,0.0,1728.0,0.8677290000000001,2.4618450000000003,ESP,AND,851420
5092590,2,7,9334,2011,0.0,25821.0,-1.252991,-1.132314,AGO,ARE,851430
5092591,9,7,9334,2011,0.0,2379.0,0.543397,-0.029376999999999997,ARM,ARE,851430
5092592,15,7,9334,2011,28051.0,0.0,1.687634,-0.229095,AUT,ARE,851430
5092593,39,7,9334,2011,73741.0,0.0,0.754813,1.1967290000000002,CAN,ARE,851430
5092594,41,7,9334,2011,44035.0,0.0,2.2644029999999997,0.406131,CHE,ARE,851430
5092595,43,7,9334,2011,602832.0,0.0,1.072299,1.686826,CHN,ARE,851430
5092596,47,7,9334,2011,0.0,9122.0,-0.979359,-1.084589,COG,ARE,851430
5092597,50,7,9334,2011,0.0,1063.0,0.449788,-0.533709,COM,ARE,851430
5092598,61,7,9334,2011,248806.0,4556.0,2.074435,-3.440815,DEU,ARE,851430
5092599,71,7,9334,2011,47382.0,0.0,0.8677290000000001,2.4618450000000003,ESP,ARE,851430
5092600,77,7,9334,2011,41527.0,0.0,1.532054,0.09339299999999999,FRA,ARE,851430
5092601,81,7,9334,2011,206707.0,0.0,1.8048220000000001,0.380141,GBR,ARE,851430
5092602,83,7,9334,2011,0.0,1024.0,-0.8627319999999999,-0.608823,GHA,ARE,851430
5092603,102,7,9334,2011,1845.0,0.0,1.486592,0.805642,HUN,ARE,851430
5092604,104,7,9334,2011,360091.0,0.0,0.18276199999999998,2.398765,IND,ARE,851430
5092605,107,7,9334,2011,0.0,476601.0,-0.915379,-0.973194,IRN,ARE,851430
5092606,111,7,9334,2011,266631.0,0.0,1.298751,0.48013599999999995,ITA,ARE,851430
5092607,113,7,9334,2011,1281.0,0.0,0.231605,0.47049399999999997,JOR,ARE,851430
5092608,114,7,9334,2011,114491.0,0.0,2.516395,-0.534301,JPN,ARE,851430
5092609,121,7,9334,2011,48243.0,0.0,1.731371,0.8306879999999999,KOR,ARE,851430
5092610,124,7,9334,2011,39412.0,0.0,0.278393,1.2962879999999999,LBN,ARE,851430
5092611,134,7,9334,2011,0.0,3490.0,-0.485404,0.099828,MAR,ARE,851430
5092612,137,7,9334,2011,0.0,1430.0,-0.937469,-0.87897,MDV,ARE,851430
5092613,147,7,9334,2011,0.0,2321.0,-1.2069299999999998,-0.977785,MOZ,ARE,851430
5092614,153,7,9334,2011,0.0,1995.0,0.9893290000000001,0.632079,MYS,ARE,851430
5092615,159,7,9334,2011,0.0,84832.0,-1.699286,-1.15511,NGA,ARE,851430
5092616,162,7,9334,2011,13172.0,0.0,1.1655229999999999,1.410167,NLD,ARE,851430
5092617,167,7,9334,2011,1101.0,41615.0,-0.473703,-0.952491,OMN,ARE,851430
5092618,168,7,9334,2011,0.0,4943.0,-0.729677,0.6026729999999999,PAK,ARE,851430
5092619,169,7,9334,2011,0.0,12287.0,0.786135,1.061008,PAN,ARE,851430
5092620,191,7,9334,2011,0.0,2091.0,-0.624346,-0.308052,SEN,ARE,851430
5092621,192,7,9334,2011,24800.0,0.0,1.849116,0.52127,SGP,ARE,851430
5092622,208,7,9334,2011,6610621.0,0.0,1.857146,0.366159,SWE,ARE,851430
5092623,211,7,9334,2011,0.0,212.0,0.287017,-0.5136850000000001,SYC,ARE,851430
5092624,216,7,9334,2011,5359.0,0.0,0.889009,1.503118,THA,ARE,851430
5092625,224,7,9334,2011,14502.0,0.0,0.45775,2.4316259999999996,TUR,ARE,851430
5092626,226,7,9334,2011,0.0,4770.0,-0.751316,0.286505,TZA,ARE,851430
5092627,231,7,9334,2011,187114.0,0.0,1.6884849999999998,-0.474499,USA,ARE,851430
5092628,15,8,9334,2011,54535.0,0.0,1.687634,-0.229095,AUT,ARG,851430
5092629,31,8,9334,2011,8794.0,28005.0,-0.818593,-0.8701770000000001,BOL,ARG,851430
5092630,32,8,9334,2011,298270.0,87157.0,0.27718400000000004,0.5674319999999999,BRA,ARG,851430
5092631,41,8,9334,2011,24003.0,0.0,2.2644029999999997,0.406131,CHE,ARG,851430
5092632,42,8,9334,2011,5429.0,2136.0,-0.199877,-0.353009,CHL,ARG,851430
5092633,43,8,9334,2011,185910.0,0.0,1.072299,1.686826,CHN,ARG,851430
5092634,61,8,9334,2011,44790.0,4842.0,2.074435,-3.440815,DEU,ARG,851430
5092635,71,8,9334,2011,500427.0,0.0,0.8677290000000001,2.4618450000000003,ESP,ARG,851430
5092636,77,8,9334,2011,76117.0,0.0,1.532054,0.09339299999999999,FRA,ARG,851430
5092637,81,8,9334,2011,23287.0,0.0,1.8048220000000001,0.380141,GBR,ARG,851430
5092638,104,8,9334,2011,726748.0,0.0,0.18276199999999998,2.398765,IND,ARG,851430
5092639,107,8,9334,2011,0.0,5681.0,-0.915379,-0.973194,IRN,ARG,851430
5092640,111,8,9334,2011,7921.0,2805.0,1.298751,0.48013599999999995,ITA,ARG,851430
5092641,114,8,9334,2011,3407.0,0.0,2.516395,-0.534301,JPN,ARG,851430
5092642,121,8,9334,2011,2820.0,0.0,1.731371,0.8306879999999999,KOR,ARG,851430
5092643,134,8,9334,2011,0.0,5402.0,-0.485404,0.099828,MAR,ARG,851430
5092644,138,8,9334,2011,3396.0,0.0,0.9534600000000001,0.706982,MEX,ARG,851430
5092645,169,8,9334,2011,0.0,2466.0,0.786135,1.061008,PAN,ARG,851430
5092646,173,8,9334,2011,21107.0,29695.0,-0.455977,0.442543,PER,ARG,851430
5092647,180,8,9334,2011,0.0,80675.0,-0.548759,-0.877743,PRY,ARG,851430
5092648,228,8,9334,2011,29821.0,0.0,0.6221409999999999,0.765505,UKR,ARG,851430
5092649,230,8,9334,2011,0.0,11651.0,0.313195,0.042866,URY,ARG,851430
5092650,231,8,9334,2011,1159753.0,0.0,1.6884849999999998,-0.474499,USA,ARG,851430
5092651,236,8,9334,2011,0.0,6480.0,-0.841147,-1.095636,VEN,ARG,851430
5092652,249,8,9334,2011,12531.0,20438.0,1.803234,0.921233,TWN,ARG,851430
5092653,7,15,9334,2011,0.0,28051.0,0.030652,-0.450808,ARE,AUT,851430
5092654,8,15,9334,2011,0.0,54535.0,0.240494,0.540376,ARG,AUT,851430
5092655,9,15,9334,2011,0.0,74349.0,0.543397,-0.029376999999999997,ARM,AUT,851430
5092656,14,15,9334,2011,0.0,28269.0,-0.138148,0.002999,AUS,AUT,851430
5092657,18,15,9334,2011,36693.0,312830.0,1.221703,1.247961,BEL,AUT,851430
5092658,22,15,9334,2011,0.0,11622.0,-1.074416,-0.8276370000000001,BGD,AUT,851430
5092659,23,15,9334,2011,10033.0,11045.0,0.537967,1.520973,BGR,AUT,851430
5092660,26,15,9334,2011,0.0,11589.0,0.391425,0.6066600000000001,BIH,AUT,851430
5092661,28,15,9334,2011,0.0,20315.0,0.8786729999999999,0.442097,BLR,AUT,851430
5092662,31,15,9334,2011,0.0,24072.0,-0.818593,-0.8701770000000001,BOL,AUT,851430
5092663,32,15,9334,2011,0.0,548458.0,0.27718400000000004,0.5674319999999999,BRA,AUT,851430
5092664,39,15,9334,2011,0.0,27390.0,0.754813,1.1967290000000002,CAN,AUT,851430
5092665,41,15,9334,2011,234243.0,510916.0,2.2644029999999997,0.406131,CHE,AUT,851430
5092666,42,15,9334,2011,0.0,73430.0,-0.199877,-0.353009,CHL,AUT,851430
5092667,43,15,9334,2011,384265.0,16708686.0,1.072299,1.686826,CHN,AUT,851430
5092668,49,15,9334,2011,0.0,16671.0,0.14336600000000002,-0.22996,COL,AUT,851430
5092669,59,15,9334,2011,168266.0,1288707.0,1.737788,0.14741600000000002,CZE,AUT,851430
5092670,61,15,9334,2011,1709308.0,23551242.0,2.074435,-3.440815,DEU,AUT,851430
5092671,64,15,9334,2011,0.0,20575.0,1.156026,1.2248299999999999,DNK,AUT,851430
5092672,67,15,9334,2011,0.0,9124.0,-0.8250639999999999,-0.839082,ECU,AUT,851430
5092673,68,15,9334,2011,0.0,19726.0,-0.166243,1.384719,EGY,AUT,851430
5092674,71,15,9334,2011,0.0,50789.0,0.8677290000000001,2.4618450000000003,ESP,AUT,851430
5092675,72,15,9334,2011,0.0,8851.0,0.9806790000000001,1.110449,EST,AUT,851430
5092676,74,15,9334,2011,16048.0,0.0,1.7488830000000002,0.890934,FIN,AUT,851430
5092677,77,15,9334,2011,59472.0,295223.0,1.532054,0.09339299999999999,FRA,AUT,851430
5092678,81,15,9334,2011,2176.0,52965.0,1.8048220000000001,0.380141,GBR,AUT,851430
5092679,97,15,9334,2011,0.0,185302.0,0.663588,1.902118,HKG,AUT,851430
5092680,100,15,9334,2011,12391.0,40552.0,0.868294,0.9424299999999999,HRV,AUT,851430
5092681,102,15,9334,2011,66181.0,125155.0,1.486592,0.805642,HUN,AUT,851430
5092682,104,15,9334,2011,0.0,266866.0,0.18276199999999998,2.398765,IND,AUT,851430
5092683,106,15,9334,2011,0.0,6936.0,1.403182,0.290245,IRL,AUT,851430
5092684,107,15,9334,2011,0.0,46611.0,-0.915379,-0.973194,IRN,AUT,851430
5092685,110,15,9334,2011,0.0,10865.0,1.324384,0.714611,ISR,AUT,851430
5092686,111,15,9334,2011,155212.0,19028084.0,1.298751,0.48013599999999995,ITA,AUT,851430
5092687,113,15,9334,2011,0.0,14031.0,0.231605,0.47049399999999997,JOR,AUT,851430
5092688,114,15,9334,2011,169968.0,4233444.0,2.516395,-0.534301,JPN,AUT,851430
5092689,115,15,9334,2011,0.0,41316.0,-0.514687,-0.775671,KAZ,AUT,851430
5092690,116,15,9334,2011,0.0,26401.0,-0.48319300000000004,0.346927,KEN,AUT,851430
5092691,121,15,9334,2011,498056.0,182568.0,1.731371,0.8306879999999999,KOR,AUT,851430
5092692,124,15,9334,2011,14226.0,39522.0,0.278393,1.2962879999999999,LBN,AUT,851430
5092693,128,15,9334,2011,0.0,8814.0,-0.559311,0.398905,LKA,AUT,851430
5092694,130,15,9334,2011,0.0,33059.0,0.747963,0.9759530000000001,LTU,AUT,851430
5092695,131,15,9334,2011,0.0,7976.0,1.1655739999999999,1.222379,LUX,AUT,851430
5092696,132,15,9334,2011,0.0,9702.0,0.7320939999999999,1.101321,LVA,AUT,851430
5092697,134,15,9334,2011,0.0,22406.0,-0.485404,0.099828,MAR,AUT,851430
5092698,138,15,9334,2011,0.0,183476.0,0.9534600000000001,0.706982,MEX,AUT,851430
5092699,144,15,9334,2011,0.0,9193.0,0.149559,0.024935,MNE,AUT,851430
5092700,153,15,9334,2011,8823.0,32955.0,0.9893290000000001,0.632079,MYS,AUT,851430
5092701,159,15,9334,2011,0.0,12189.0,-1.699286,-1.15511,NGA,AUT,851430
5092702,162,15,9334,2011,26852.0,0.0,1.1655229999999999,1.410167,NLD,AUT,851430
5092703,163,15,9334,2011,0.0,24827.0,0.8492770000000001,0.050044,NOR,AUT,851430
5092704,168,15,9334,2011,0.0,19505.0,-0.729677,0.6026729999999999,PAK,AUT,851430
5092705,173,15,9334,2011,0.0,24564.0,-0.455977,0.442543,PER,AUT,851430
5092706,177,15,9334,2011,192188.0,129614.0,1.133641,1.134203,POL,AUT,851430
5092707,179,15,9334,2011,0.0,17134.0,0.558481,2.7056240000000003,PRT,AUT,851430
5092708,183,15,9334,2011,0.0,11291.0,-0.45851899999999995,-1.017033,QAT,AUT,851430
5092709,185,15,9334,2011,194837.0,20267.0,0.722,1.296655,ROU,AUT,851430
5092710,186,15,9334,2011,0.0,143791.0,0.47319399999999995,-0.20801599999999998,RUS,AUT,851430
5092711,188,15,9334,2011,0.0,9610.0,0.354045,-0.800028,SAU,AUT,851430
5092712,192,15,9334,2011,7272.0,664815.0,1.849116,0.52127,SGP,AUT,851430
5092713,201,15,9334,2011,6708.0,8926.0,0.49055699999999997,1.5601399999999999,SRB,AUT,851430
5092714,206,15,9334,2011,0.0,16015.0,1.262897,0.8230569999999999,SVK,AUT,851430
5092715,207,15,9334,2011,45193.0,13731.0,1.642913,0.700222,SVN,AUT,851430
5092716,208,15,9334,2011,0.0,1840322.0,1.857146,0.366159,SWE,AUT,851430
5092717,212,15,9334,2011,0.0,35096.0,-0.604133,0.5268970000000001,SYR,AUT,851430
5092718,216,15,9334,2011,0.0,15382.0,0.889009,1.503118,THA,AUT,851430
5092719,223,15,9334,2011,0.0,53026.0,0.151221,1.1252360000000001,TUN,AUT,851430
5092720,224,15,9334,2011,2894.0,29899.0,0.45775,2.4316259999999996,TUR,AUT,851430
5092721,226,15,9334,2011,0.0,2223.0,-0.751316,0.286505,TZA,AUT,851430
5092722,228,15,9334,2011,0.0,127333.0,0.6221409999999999,0.765505,UKR,AUT,851430
5092723,231,15,9334,2011,423924.0,454340.0,1.6884849999999998,-0.474499,USA,AUT,851430
5092724,239,15,9334,2011,0.0,31551.0,-0.184453,1.637207,VNM,AUT,851430
5092725,246,15,9334,2011,0.0,24830.0,0.241792,1.353011,ZAF,AUT,851430
5092726,249,15,9334,2011,787332.0,41982.0,1.803234,0.921233,TWN,AUT,851430
5092727,43,16,9334,2011,70083.0,0.0,1.072299,1.686826,CHN,AZE,851430
5092728,71,16,9334,2011,19523.0,0.0,0.8677290000000001,2.4618450000000003,ESP,AZE,851430
5092729,82,16,9334,2011,1489.0,0.0,-0.07754,-0.35434699999999997,GEO,AZE,851430
5092730,111,16,9334,2011,2729.0,0.0,1.298751,0.48013599999999995,ITA,AZE,851430
5092731,162,16,9334,2011,4142.0,0.0,1.1655229999999999,1.410167,NLD,AZE,851430
5092732,186,16,9334,2011,23851.0,0.0,0.47319399999999995,-0.20801599999999998,RUS,AZE,851430
5092733,224,16,9334,2011,25777.0,0.0,0.45775,2.4316259999999996,TUR,AZE,851430
5092734,228,16,9334,2011,182908.0,0.0,0.6221409999999999,0.765505,UKR,AZE,851430
5092735,9,18,9334,2011,0.0,2066.0,0.543397,-0.029376999999999997,ARM,BEL,851430
5092736,14,18,9334,2011,0.0,11085.0,-0.138148,0.002999,AUS,BEL,851430
5092737,15,18,9334,2011,312830.0,36693.0,1.687634,-0.229095,AUT,BEL,851430
5092738,23,18,9334,2011,0.0,17443.0,0.537967,1.520973,BGR,BEL,851430
5092739,41,18,9334,2011,49016.0,18000.0,2.2644029999999997,0.406131,CHE,BEL,851430
5092740,43,18,9334,2011,84539.0,54759.0,1.072299,1.686826,CHN,BEL,851430
5092741,47,18,9334,2011,0.0,1180038.0,-0.979359,-1.084589,COG,BEL,851430
5092742,49,18,9334,2011,0.0,137315.0,0.14336600000000002,-0.22996,COL,BEL,851430
5092743,61,18,9334,2011,122519.0,94917.0,2.074435,-3.440815,DEU,BEL,851430
5092744,64,18,9334,2011,0.0,20172.0,1.156026,1.2248299999999999,DNK,BEL,851430
5092745,66,18,9334,2011,0.0,19921.0,-1.36763,-1.140594,DZA,BEL,851430
5092746,68,18,9334,2011,0.0,42465.0,-0.166243,1.384719,EGY,BEL,851430
5092747,71,18,9334,2011,11589.0,6970.0,0.8677290000000001,2.4618450000000003,ESP,BEL,851430
5092748,74,18,9334,2011,3007.0,2527.0,1.7488830000000002,0.890934,FIN,BEL,851430
5092749,77,18,9334,2011,806319.0,120009.0,1.532054,0.09339299999999999,FRA,BEL,851430
5092750,81,18,9334,2011,21414.0,10275.0,1.8048220000000001,0.380141,GBR,BEL,851430
5092751,83,18,9334,2011,0.0,17409.0,-0.8627319999999999,-0.608823,GHA,BEL,851430
5092752,97,18,9334,2011,0.0,1277.0,0.663588,1.902118,HKG,BEL,851430
5092753,104,18,9334,2011,0.0,270386.0,0.18276199999999998,2.398765,IND,BEL,851430
5092754,109,18,9334,2011,0.0,27942.0,0.284202,-0.23753000000000002,ISL,BEL,851430
5092755,110,18,9334,2011,14279.0,2558.0,1.324384,0.714611,ISR,BEL,851430
5092756,111,18,9334,2011,1462018.0,81645.0,1.298751,0.48013599999999995,ITA,BEL,851430
5092757,114,18,9334,2011,0.0,16074.0,2.516395,-0.534301,JPN,BEL,851430
5092758,117,18,9334,2011,0.0,1817.0,-0.323348,0.164469,KGZ,BEL,851430
5092759,124,18,9334,2011,0.0,4904.0,0.278393,1.2962879999999999,LBN,BEL,851430
5092760,128,18,9334,2011,0.0,6551.0,-0.559311,0.398905,LKA,BEL,851430
5092761,131,18,9334,2011,15433.0,19702.0,1.1655739999999999,1.222379,LUX,BEL,851430
5092762,134,18,9334,2011,0.0,45056.0,-0.485404,0.099828,MAR,BEL,851430
5092763,153,18,9334,2011,78475.0,284744.0,0.9893290000000001,0.632079,MYS,BEL,851430
5092764,162,18,9334,2011,2384832.0,91887.0,1.1655229999999999,1.410167,NLD,BEL,851430
5092765,163,18,9334,2011,0.0,1380.0,0.8492770000000001,0.050044,NOR,BEL,851430
5092766,177,18,9334,2011,1579.0,23117.0,1.133641,1.134203,POL,BEL,851430
5092767,185,18,9334,2011,0.0,24439.0,0.722,1.296655,ROU,BEL,851430
5092768,186,18,9334,2011,0.0,126888.0,0.47319399999999995,-0.20801599999999998,RUS,BEL,851430
5092769,206,18,9334,2011,0.0,10661.0,1.262897,0.8230569999999999,SVK,BEL,851430
5092770,208,18,9334,2011,0.0,15760.0,1.857146,0.366159,SWE,BEL,851430
5092771,216,18,9334,2011,0.0,145215.0,0.889009,1.503118,THA,BEL,851430
5092772,222,18,9334,2011,0.0,1989.0,-0.44228,-1.031793,TTO,BEL,851430
5092773,224,18,9334,2011,8125.0,0.0,0.45775,2.4316259999999996,TUR,BEL,851430
5092774,231,18,9334,2011,231093.0,395345.0,1.6884849999999998,-0.474499,USA,BEL,851430
5092775,246,18,9334,2011,3676.0,118326.0,0.241792,1.353011,ZAF,BEL,851430
5092776,248,18,9334,2011,0.0,5594.0,-0.858662,-0.8632719999999999,ZWE,BEL,851430
5092777,15,23,9334,2011,11045.0,10033.0,1.687634,-0.229095,AUT,BGR,851430
5092778,18,23,9334,2011,17443.0,0.0,1.221703,1.247961,BEL,BGR,851430
5092779,43,23,9334,2011,71604.0,46012.0,1.072299,1.686826,CHN,BGR,851430
5092780,59,23,9334,2011,26116.0,0.0,1.737788,0.14741600000000002,CZE,BGR,851430
5092781,61,23,9334,2011,1239.0,0.0,2.074435,-3.440815,DEU,BGR,851430
5092782,71,23,9334,2011,1952.0,4663.0,0.8677290000000001,2.4618450000000003,ESP,BGR,851430
5092783,90,23,9334,2011,566516.0,0.0,0.138679,1.30044,GRC,BGR,851430
5092784,97,23,9334,2011,34392.0,0.0,0.663588,1.902118,HKG,BGR,851430
5092785,104,23,9334,2011,0.0,12586.0,0.18276199999999998,2.398765,IND,BGR,851430
5092786,111,23,9334,2011,5289.0,1986.0,1.298751,0.48013599999999995,ITA,BGR,851430
5092787,140,23,9334,2011,0.0,2802.0,-0.12310499999999999,0.16392,MKD,BGR,851430
5092788,153,23,9334,2011,31573.0,0.0,0.9893290000000001,0.632079,MYS,BGR,851430
5092789,162,23,9334,2011,1143.0,0.0,1.1655229999999999,1.410167,NLD,BGR,851430
5092790,186,23,9334,2011,0.0,8214.0,0.47319399999999995,-0.20801599999999998,RUS,BGR,851430
5092791,224,23,9334,2011,32235.0,76916.0,0.45775,2.4316259999999996,TUR,BGR,851430
5092792,231,23,9334,2011,36431.0,5403.0,1.6884849999999998,-0.474499,USA,BGR,851430
5092793,246,23,9334,2011,1275.0,0.0,0.241792,1.353011,ZAF,BGR,851430
5092794,249,23,9334,2011,9251.0,0.0,1.803234,0.921233,TWN,BGR,851430
5092795,231,25,9334,2011,13036.0,0.0,1.6884849999999998,-0.474499,USA,BHS,851430
5092796,2,32,9334,2011,0.0,90275.0,-1.252991,-1.132314,AGO,BRA,851430
5092797,8,32,9334,2011,87157.0,298270.0,0.240494,0.540376,ARG,BRA,851430
5092798,15,32,9334,2011,548458.0,0.0,1.687634,-0.229095,AUT,BRA,851430
5092799,31,32,9334,2011,0.0,37471.0,-0.818593,-0.8701770000000001,BOL,BRA,851430
5092800,39,32,9334,2011,46223.0,3755.0,0.754813,1.1967290000000002,CAN,BRA,851430
5092801,41,32,9334,2011,442686.0,0.0,2.2644029999999997,0.406131,CHE,BRA,851430
5092802,42,32,9334,2011,0.0,471301.0,-0.199877,-0.353009,CHL,BRA,851430
5092803,43,32,9334,2011,4791137.0,85148.0,1.072299,1.686826,CHN,BRA,851430
5092804,47,32,9334,2011,0.0,134822.0,-0.979359,-1.084589,COG,BRA,851430
5092805,49,32,9334,2011,0.0,109968.0,0.14336600000000002,-0.22996,COL,BRA,851430
5092806,52,32,9334,2011,0.0,56889.0,0.04325,-0.553193,CRI,BRA,851430
5092807,55,32,9334,2011,6169.0,0.0,-0.052038,-0.69103,CUW,BRA,851430
5092808,61,32,9334,2011,358049.0,8492.0,2.074435,-3.440815,DEU,BRA,851430
5092809,64,32,9334,2011,10687.0,0.0,1.156026,1.2248299999999999,DNK,BRA,851430
5092810,65,32,9334,2011,0.0,26825.0,-0.260653,0.5682010000000001,DOM,BRA,851430
5092811,67,32,9334,2011,0.0,78127.0,-0.8250639999999999,-0.839082,ECU,BRA,851430
5092812,71,32,9334,2011,14986.0,0.0,0.8677290000000001,2.4618450000000003,ESP,BRA,851430
5092813,74,32,9334,2011,276863.0,0.0,1.7488830000000002,0.890934,FIN,BRA,851430
5092814,77,32,9334,2011,247433.0,0.0,1.532054,0.09339299999999999,FRA,BRA,851430
5092815,81,32,9334,2011,1777448.0,99935.0,1.8048220000000001,0.380141,GBR,BRA,851430
5092816,89,32,9334,2011,0.0,2599.0,-1.634315,-0.7567729999999999,GNQ,BRA,851430
5092817,93,32,9334,2011,0.0,12992.0,-0.329497,0.775369,GTM,BRA,851430
5092818,97,32,9334,2011,10010.0,0.0,0.663588,1.902118,HKG,BRA,851430
5092819,102,32,9334,2011,0.0,78793.0,1.486592,0.805642,HUN,BRA,851430
5092820,104,32,9334,2011,0.0,22519.0,0.18276199999999998,2.398765,IND,BRA,851430
5092821,111,32,9334,2011,2835864.0,0.0,1.298751,0.48013599999999995,ITA,BRA,851430
5092822,112,32,9334,2011,0.0,1128.0,-0.162212,-0.621817,JAM,BRA,851430
5092823,114,32,9334,2011,847586.0,0.0,2.516395,-0.534301,JPN,BRA,851430
5092824,116,32,9334,2011,0.0,27333.0,-0.48319300000000004,0.346927,KEN,BRA,851430
5092825,121,32,9334,2011,429926.0,0.0,1.731371,0.8306879999999999,KOR,BRA,851430
5092826,138,32,9334,2011,108668.0,14079.0,0.9534600000000001,0.706982,MEX,BRA,851430
5092827,141,32,9334,2011,0.0,15953.0,-0.6778109999999999,-0.653211,MLI,BRA,851430
5092828,147,32,9334,2011,0.0,5970.0,-1.2069299999999998,-0.977785,MOZ,BRA,851430
5092829,153,32,9334,2011,43443.0,0.0,0.9893290000000001,0.632079,MYS,BRA,851430
5092830,162,32,9334,2011,37767.0,0.0,1.1655229999999999,1.410167,NLD,BRA,851430
5092831,169,32,9334,2011,0.0,3412.0,0.786135,1.061008,PAN,BRA,851430
5092832,173,32,9334,2011,0.0,8773.0,-0.455977,0.442543,PER,BRA,851430
5092833,179,32,9334,2011,13129.0,0.0,0.558481,2.7056240000000003,PRT,BRA,851430
5092834,180,32,9334,2011,0.0,531212.0,-0.548759,-0.877743,PRY,BRA,851430
5092835,192,32,9334,2011,318893.0,0.0,1.849116,0.52127,SGP,BRA,851430
5092836,201,32,9334,2011,0.0,3041.0,0.49055699999999997,1.5601399999999999,SRB,BRA,851430
5092837,207,32,9334,2011,13671.0,0.0,1.642913,0.700222,SVN,BRA,851430
5092838,208,32,9334,2011,1797.0,0.0,1.857146,0.366159,SWE,BRA,851430
5092839,216,32,9334,2011,0.0,24070.0,0.889009,1.503118,THA,BRA,851430
5092840,224,32,9334,2011,1835646.0,0.0,0.45775,2.4316259999999996,TUR,BRA,851430
5092841,230,32,9334,2011,0.0,53835.0,0.313195,0.042866,URY,BRA,851430
5092842,231,32,9334,2011,5655183.0,6352.0,1.6884849999999998,-0.474499,USA,BRA,851430
5092843,236,32,9334,2011,0.0,11193.0,-0.841147,-1.095636,VEN,BRA,851430
5092844,246,32,9334,2011,429686.0,630367.0,0.241792,1.353011,ZAF,BRA,851430
5092845,249,32,9334,2011,56337.0,0.0,1.803234,0.921233,TWN,BRA,851430
5092846,112,33,9334,2011,1646.0,0.0,-0.162212,-0.621817,JAM,BRB,851430
5092847,222,33,9334,2011,0.0,1338.0,-0.44228,-1.031793,TTO,BRB,851430
5092848,231,33,9334,2011,8257.0,0.0,1.6884849999999998,-0.474499,USA,BRB,851430
5092849,7,39,9334,2011,0.0,73741.0,0.030652,-0.450808,ARE,CAN,851430
5092850,14,39,9334,2011,158180.0,20277.0,-0.138148,0.002999,AUS,CAN,851430
5092851,15,39,9334,2011,27390.0,0.0,1.687634,-0.229095,AUT,CAN,851430
5092852,32,39,9334,2011,3755.0,46223.0,0.27718400000000004,0.5674319999999999,BRA,CAN,851430
5092853,41,39,9334,2011,47574.0,40769.0,2.2644029999999997,0.406131,CHE,CAN,851430
5092854,42,39,9334,2011,0.0,14544.0,-0.199877,-0.353009,CHL,CAN,851430
5092855,43,39,9334,2011,356880.0,410703.0,1.072299,1.686826,CHN,CAN,851430
5092856,49,39,9334,2011,0.0,496296.0,0.14336600000000002,-0.22996,COL,CAN,851430
5092857,54,39,9334,2011,0.0,4401.0,-0.050093,-0.88759,CUB,CAN,851430
5092858,61,39,9334,2011,31696.0,13863.0,2.074435,-3.440815,DEU,CAN,851430
5092859,65,39,9334,2011,0.0,1591.0,-0.260653,0.5682010000000001,DOM,CAN,851430
5092860,66,39,9334,2011,0.0,6335.0,-1.36763,-1.140594,DZA,CAN,851430
5092861,67,39,9334,2011,0.0,1635.0,-0.8250639999999999,-0.839082,ECU,CAN,851430
5092862,68,39,9334,2011,0.0,2646.0,-0.166243,1.384719,EGY,CAN,851430
5092863,72,39,9334,2011,0.0,1156.0,0.9806790000000001,1.110449,EST,CAN,851430
5092864,77,39,9334,2011,4923.0,0.0,1.532054,0.09339299999999999,FRA,CAN,851430
5092865,81,39,9334,2011,102004.0,58149.0,1.8048220000000001,0.380141,GBR,CAN,851430
5092866,90,39,9334,2011,0.0,4619.0,0.138679,1.30044,GRC,CAN,851430
5092867,96,39,9334,2011,0.0,4394.0,-1.079231,-1.0280989999999999,GUY,CAN,851430
5092868,102,39,9334,2011,5111.0,0.0,1.486592,0.805642,HUN,CAN,851430
5092869,104,39,9334,2011,190223.0,62510.0,0.18276199999999998,2.398765,IND,CAN,851430
5092870,106,39,9334,2011,0.0,35716.0,1.403182,0.290245,IRL,CAN,851430
5092871,107,39,9334,2011,0.0,3712.0,-0.915379,-0.973194,IRN,CAN,851430
5092872,110,39,9334,2011,28608.0,0.0,1.324384,0.714611,ISR,CAN,851430
5092873,111,39,9334,2011,24460.0,2524.0,1.298751,0.48013599999999995,ITA,CAN,851430
5092874,114,39,9334,2011,695397.0,0.0,2.516395,-0.534301,JPN,CAN,851430
5092875,121,39,9334,2011,697986.0,9685.0,1.731371,0.8306879999999999,KOR,CAN,851430
5092876,136,39,9334,2011,0.0,3478.0,-1.040519,-0.404883,MDG,CAN,851430
5092877,138,39,9334,2011,77862.0,315845.0,0.9534600000000001,0.706982,MEX,CAN,851430
5092878,153,39,9334,2011,155259.0,45028.0,0.9893290000000001,0.632079,MYS,CAN,851430
5092879,160,39,9334,2011,0.0,24972.0,-0.9592139999999999,-0.796108,NIC,CAN,851430
5092880,162,39,9334,2011,16877.0,0.0,1.1655229999999999,1.410167,NLD,CAN,851430
5092881,163,39,9334,2011,0.0,6315.0,0.8492770000000001,0.050044,NOR,CAN,851430
5092882,167,39,9334,2011,0.0,20124.0,-0.473703,-0.952491,OMN,CAN,851430
5092883,173,39,9334,2011,0.0,3233.0,-0.455977,0.442543,PER,CAN,851430
5092884,177,39,9334,2011,453908.0,0.0,1.133641,1.134203,POL,CAN,851430
5092885,185,39,9334,2011,0.0,26286.0,0.722,1.296655,ROU,CAN,851430
5092886,186,39,9334,2011,45483.0,0.0,0.47319399999999995,-0.20801599999999998,RUS,CAN,851430
5092887,188,39,9334,2011,0.0,19688.0,0.354045,-0.800028,SAU,CAN,851430
5092888,192,39,9334,2011,0.0,9732.0,1.849116,0.52127,SGP,CAN,851430
5092889,206,39,9334,2011,0.0,2112.0,1.262897,0.8230569999999999,SVK,CAN,851430
5092890,207,39,9334,2011,8972.0,0.0,1.642913,0.700222,SVN,CAN,851430
5092891,208,39,9334,2011,11767.0,12621.0,1.857146,0.366159,SWE,CAN,851430
5092892,216,39,9334,2011,15364.0,12011.0,0.889009,1.503118,THA,CAN,851430
5092893,224,39,9334,2011,4283.0,2366.0,0.45775,2.4316259999999996,TUR,CAN,851430
5092894,230,39,9334,2011,0.0,1156.0,0.313195,0.042866,URY,CAN,851430
5092895,231,39,9334,2011,14270833.0,7962958.0,1.6884849999999998,-0.474499,USA,CAN,851430
5092896,246,39,9334,2011,0.0,71195.0,0.241792,1.353011,ZAF,CAN,851430
5092897,249,39,9334,2011,16051.0,0.0,1.803234,0.921233,TWN,CAN,851430
5092898,7,41,9334,2011,0.0,44035.0,0.030652,-0.450808,ARE,CHE,851430
5092899,8,41,9334,2011,0.0,24003.0,0.240494,0.540376,ARG,CHE,851430
5092900,14,41,9334,2011,22451.0,38904.0,-0.138148,0.002999,AUS,CHE,851430
5092901,15,41,9334,2011,510916.0,234243.0,1.687634,-0.229095,AUT,CHE,851430
5092902,18,41,9334,2011,18000.0,49016.0,1.221703,1.247961,BEL,CHE,851430
5092903,19,41,9334,2011,0.0,1715.0,-1.189478,-0.8684709999999999,BEN,CHE,851430
5092904,22,41,9334,2011,0.0,1066.0,-1.074416,-0.8276370000000001,BGD,CHE,851430
5092905,26,41,9334,2011,0.0,1531.0,0.391425,0.6066600000000001,BIH,CHE,851430
5092906,32,41,9334,2011,0.0,442686.0,0.27718400000000004,0.5674319999999999,BRA,CHE,851430
5092907,39,41,9334,2011,40769.0,47574.0,0.754813,1.1967290000000002,CAN,CHE,851430
5092908,42,41,9334,2011,0.0,3642.0,-0.199877,-0.353009,CHL,CHE,851430
5092909,43,41,9334,2011,1750947.0,4397732.0,1.072299,1.686826,CHN,CHE,851430
5092910,45,41,9334,2011,0.0,5924.0,-0.7956340000000001,-0.8532790000000001,CMR,CHE,851430
5092911,49,41,9334,2011,0.0,1868.0,0.14336600000000002,-0.22996,COL,CHE,851430
5092912,52,41,9334,2011,0.0,9450.0,0.04325,-0.553193,CRI,CHE,851430
5092913,58,41,9334,2011,0.0,9160.0,0.798165,0.424179,CYP,CHE,851430
5092914,59,41,9334,2011,86200.0,14360.0,1.737788,0.14741600000000002,CZE,CHE,851430
5092915,61,41,9334,2011,3955653.0,1485401.0,2.074435,-3.440815,DEU,CHE,851430
5092916,64,41,9334,2011,12709.0,18381.0,1.156026,1.2248299999999999,DNK,CHE,851430
5092917,66,41,9334,2011,0.0,8174.0,-1.36763,-1.140594,DZA,CHE,851430
5092918,68,41,9334,2011,0.0,81254.0,-0.166243,1.384719,EGY,CHE,851430
5092919,71,41,9334,2011,68634.0,86043.0,0.8677290000000001,2.4618450000000003,ESP,CHE,851430
5092920,74,41,9334,2011,0.0,35899.0,1.7488830000000002,0.890934,FIN,CHE,851430
5092921,77,41,9334,2011,604056.0,1906216.0,1.532054,0.09339299999999999,FRA,CHE,851430
5092922,81,41,9334,2011,3123.0,110129.0,1.8048220000000001,0.380141,GBR,CHE,851430
5092923,97,41,9334,2011,16873.0,0.0,0.663588,1.902118,HKG,CHE,851430
5092924,102,41,9334,2011,0.0,1723.0,1.486592,0.805642,HUN,CHE,851430
5092925,103,41,9334,2011,0.0,17290.0,-0.234125,1.168384,IDN,CHE,851430
5092926,104,41,9334,2011,0.0,1176716.0,0.18276199999999998,2.398765,IND,CHE,851430
5092927,110,41,9334,2011,0.0,3116.0,1.324384,0.714611,ISR,CHE,851430
5092928,111,41,9334,2011,648402.0,3961145.0,1.298751,0.48013599999999995,ITA,CHE,851430
5092929,113,41,9334,2011,0.0,19664.0,0.231605,0.47049399999999997,JOR,CHE,851430
5092930,114,41,9334,2011,0.0,45096.0,2.516395,-0.534301,JPN,CHE,851430
5092931,115,41,9334,2011,0.0,3589.0,-0.514687,-0.775671,KAZ,CHE,851430
5092932,121,41,9334,2011,0.0,156874.0,1.731371,0.8306879999999999,KOR,CHE,851430
5092933,128,41,9334,2011,0.0,8333.0,-0.559311,0.398905,LKA,CHE,851430
5092934,131,41,9334,2011,0.0,18064.0,1.1655739999999999,1.222379,LUX,CHE,851430
5092935,134,41,9334,2011,0.0,184548.0,-0.485404,0.099828,MAR,CHE,851430
5092936,137,41,9334,2011,0.0,4872.0,-0.937469,-0.87897,MDV,CHE,851430
5092937,138,41,9334,2011,0.0,20304.0,0.9534600000000001,0.706982,MEX,CHE,851430
5092938,153,41,9334,2011,0.0,3975.0,0.9893290000000001,0.632079,MYS,CHE,851430
5092939,159,41,9334,2011,0.0,4572.0,-1.699286,-1.15511,NGA,CHE,851430
5092940,160,41,9334,2011,0.0,2473.0,-0.9592139999999999,-0.796108,NIC,CHE,851430
5092941,162,41,9334,2011,41565.0,67813.0,1.1655229999999999,1.410167,NLD,CHE,851430
5092942,168,41,9334,2011,0.0,11036.0,-0.729677,0.6026729999999999,PAK,CHE,851430
5092943,169,41,9334,2011,0.0,4679.0,0.786135,1.061008,PAN,CHE,851430
5092944,173,41,9334,2011,0.0,24268.0,-0.455977,0.442543,PER,CHE,851430
5092945,174,41,9334,2011,0.0,7308.0,0.364707,0.322626,PHL,CHE,851430
5092946,177,41,9334,2011,0.0,34493.0,1.133641,1.134203,POL,CHE,851430
5092947,179,41,9334,2011,2171.0,267326.0,0.558481,2.7056240000000003,PRT,CHE,851430
5092948,185,41,9334,2011,0.0,4844.0,0.722,1.296655,ROU,CHE,851430
5092949,186,41,9334,2011,0.0,4403167.0,0.47319399999999995,-0.20801599999999998,RUS,CHE,851430
5092950,188,41,9334,2011,0.0,2322.0,0.354045,-0.800028,SAU,CHE,851430
5092951,192,41,9334,2011,6557.0,13847.0,1.849116,0.52127,SGP,CHE,851430
5092952,201,41,9334,2011,0.0,8824.0,0.49055699999999997,1.5601399999999999,SRB,CHE,851430
5092953,206,41,9334,2011,0.0,4595.0,1.262897,0.8230569999999999,SVK,CHE,851430
5092954,207,41,9334,2011,7679.0,1904.0,1.642913,0.700222,SVN,CHE,851430
5092955,208,41,9334,2011,3735.0,26838.0,1.857146,0.366159,SWE,CHE,851430
5092956,216,41,9334,2011,21679.0,74101.0,0.889009,1.503118,THA,CHE,851430
5092957,222,41,9334,2011,0.0,2052.0,-0.44228,-1.031793,TTO,CHE,851430
5092958,223,41,9334,2011,0.0,302717.0,0.151221,1.1252360000000001,TUN,CHE,851430
5092959,224,41,9334,2011,2185.0,1491493.0,0.45775,2.4316259999999996,TUR,CHE,851430
5092960,227,41,9334,2011,0.0,4509.0,-0.7153,-0.062678,UGA,CHE,851430
5092961,228,41,9334,2011,0.0,16404.0,0.6221409999999999,0.765505,UKR,CHE,851430
5092962,231,41,9334,2011,779551.0,2033041.0,1.6884849999999998,-0.474499,USA,CHE,851430
5092963,236,41,9334,2011,0.0,993175.0,-0.841147,-1.095636,VEN,CHE,851430
5092964,239,41,9334,2011,0.0,608.0,-0.184453,1.637207,VNM,CHE,851430
5092965,249,41,9334,2011,23091.0,58731.0,1.803234,0.921233,TWN,CHE,851430
5092966,8,42,9334,2011,2136.0,5429.0,0.240494,0.540376,ARG,CHL,851430
5092967,15,42,9334,2011,73430.0,0.0,1.687634,-0.229095,AUT,CHL,851430
5092968,31,42,9334,2011,0.0,31119.0,-0.818593,-0.8701770000000001,BOL,CHL,851430
5092969,32,42,9334,2011,471301.0,0.0,0.27718400000000004,0.5674319999999999,BRA,CHL,851430
5092970,39,42,9334,2011,14544.0,0.0,0.754813,1.1967290000000002,CAN,CHL,851430
5092971,41,42,9334,2011,3642.0,0.0,2.2644029999999997,0.406131,CHE,CHL,851430
5092972,43,42,9334,2011,367955.0,0.0,1.072299,1.686826,CHN,CHL,851430
5092973,49,42,9334,2011,0.0,16508.0,0.14336600000000002,-0.22996,COL,CHL,851430
5092974,61,42,9334,2011,12005.0,0.0,2.074435,-3.440815,DEU,CHL,851430
5092975,64,42,9334,2011,269439.0,0.0,1.156026,1.2248299999999999,DNK,CHL,851430
5092976,71,42,9334,2011,84007.0,16731.0,0.8677290000000001,2.4618450000000003,ESP,CHL,851430
5092977,77,42,9334,2011,7997.0,0.0,1.532054,0.09339299999999999,FRA,CHL,851430
5092978,104,42,9334,2011,9292.0,0.0,0.18276199999999998,2.398765,IND,CHL,851430
5092979,111,42,9334,2011,166135.0,0.0,1.298751,0.48013599999999995,ITA,CHL,851430
5092980,114,42,9334,2011,1070.0,0.0,2.516395,-0.534301,JPN,CHL,851430
5092981,121,42,9334,2011,49322.0,0.0,1.731371,0.8306879999999999,KOR,CHL,851430
5092982,138,42,9334,2011,980.0,130099.0,0.9534600000000001,0.706982,MEX,CHL,851430
5092983,173,42,9334,2011,39590.0,9588.0,-0.455977,0.442543,PER,CHL,851430
5092984,177,42,9334,2011,22289.0,0.0,1.133641,1.134203,POL,CHL,851430
5092985,180,42,9334,2011,0.0,1636.0,-0.548759,-0.877743,PRY,CHL,851430
5092986,208,42,9334,2011,3363.0,0.0,1.857146,0.366159,SWE,CHL,851430
5092987,230,42,9334,2011,0.0,1226.0,0.313195,0.042866,URY,CHL,851430
5092988,231,42,9334,2011,202978.0,3148.0,1.6884849999999998,-0.474499,USA,CHL,851430
5092989,249,42,9334,2011,1857.0,0.0,1.803234,0.921233,TWN,CHL,851430
5092990,1,43,9334,2011,0.0,57915.0,-0.8426809999999999,-0.640418,AFG,CHN,851430
5092991,2,43,9334,2011,0.0,120172.0,-1.252991,-1.132314,AGO,CHN,851430
5092992,4,43,9334,2011,0.0,3164.0,-0.331435,-0.034828,ALB,CHN,851430
5092993,7,43,9334,2011,0.0,602832.0,0.030652,-0.450808,ARE,CHN,851430
5092994,8,43,9334,2011,0.0,185910.0,0.240494,0.540376,ARG,CHN,851430
5092995,9,43,9334,2011,2279.0,4640.0,0.543397,-0.029376999999999997,ARM,CHN,851430
5092996,14,43,9334,2011,1522837.0,607038.0,-0.138148,0.002999,AUS,CHN,851430
5092997,15,43,9334,2011,16708686.0,384265.0,1.687634,-0.229095,AUT,CHN,851430
5092998,16,43,9334,2011,0.0,70083.0,-1.313136,-1.189989,AZE,CHN,851430
5092999,18,43,9334,2011,54759.0,84539.0,1.221703,1.247961,BEL,CHN,851430
5093000,19,43,9334,2011,0.0,14290.0,-1.189478,-0.8684709999999999,BEN,CHN,851430
5093001,21,43,9334,2011,0.0,1461.0,-1.163278,-1.002332,BFA,CHN,851430
5093002,22,43,9334,2011,0.0,230412.0,-1.074416,-0.8276370000000001,BGD,CHN,851430
5093003,23,43,9334,2011,46012.0,71604.0,0.537967,1.520973,BGR,CHN,851430
5093004,24,43,9334,2011,0.0,7623.0,0.04085,-0.873711,BHR,CHN,851430
5093005,26,43,9334,2011,0.0,5378.0,0.391425,0.6066600000000001,BIH,CHN,851430
5093006,28,43,9334,2011,0.0,262433.0,0.8786729999999999,0.442097,BLR,CHN,851430
5093007,31,43,9334,2011,0.0,13699.0,-0.818593,-0.8701770000000001,BOL,CHN,851430
5093008,32,43,9334,2011,85148.0,4791137.0,0.27718400000000004,0.5674319999999999,BRA,CHN,851430
5093009,34,43,9334,2011,0.0,3336.0,-0.171775,-0.6656810000000001,BRN,CHN,851430
5093010,37,43,9334,2011,0.0,116713.0,-0.48782600000000004,-1.051639,BWA,CHN,851430
5093011,39,43,9334,2011,410703.0,356880.0,0.754813,1.1967290000000002,CAN,CHN,851430
5093012,41,43,9334,2011,4397732.0,1750947.0,2.2644029999999997,0.406131,CHE,CHN,851430
5093013,42,43,9334,2011,0.0,367955.0,-0.199877,-0.353009,CHL,CHN,851430
5093014,44,43,9334,2011,0.0,5855.0,-1.069474,-0.867439,CIV,CHN,851430
5093015,45,43,9334,2011,0.0,33328.0,-0.7956340000000001,-0.8532790000000001,CMR,CHN,851430
5093016,46,43,9334,2011,0.0,250110.0,-0.722957,-0.965141,COD,CHN,851430
5093017,47,43,9334,2011,0.0,65181.0,-0.979359,-1.084589,COG,CHN,851430
5093018,49,43,9334,2011,12014.0,775984.0,0.14336600000000002,-0.22996,COL,CHN,851430
5093019,50,43,9334,2011,0.0,5767.0,0.449788,-0.533709,COM,CHN,851430
5093020,52,43,9334,2011,0.0,6605.0,0.04325,-0.553193,CRI,CHN,851430
5093021,54,43,9334,2011,0.0,60484.0,-0.050093,-0.88759,CUB,CHN,851430
5093022,58,43,9334,2011,0.0,8147.0,0.798165,0.424179,CYP,CHN,851430
5093023,59,43,9334,2011,92877.0,1710.0,1.737788,0.14741600000000002,CZE,CHN,851430
5093024,61,43,9334,2011,52790648.0,1780807.0,2.074435,-3.440815,DEU,CHN,851430
5093025,62,43,9334,2011,0.0,197497.0,-0.6224529999999999,-0.7357739999999999,DJI,CHN,851430
5093026,64,43,9334,2011,47293.0,11095.0,1.156026,1.2248299999999999,DNK,CHN,851430
5093027,65,43,9334,2011,0.0,2159.0,-0.260653,0.5682010000000001,DOM,CHN,851430
5093028,66,43,9334,2011,0.0,628503.0,-1.36763,-1.140594,DZA,CHN,851430
5093029,67,43,9334,2011,0.0,56485.0,-0.8250639999999999,-0.839082,ECU,CHN,851430
5093030,68,43,9334,2011,0.0,214380.0,-0.166243,1.384719,EGY,CHN,851430
5093031,71,43,9334,2011,11024.0,422591.0,0.8677290000000001,2.4618450000000003,ESP,CHN,851430
5093032,72,43,9334,2011,0.0,62628.0,0.9806790000000001,1.110449,EST,CHN,851430
5093033,73,43,9334,2011,0.0,49679.0,-1.258175,-0.920692,ETH,CHN,851430
5093034,74,43,9334,2011,193100.0,50390.0,1.7488830000000002,0.890934,FIN,CHN,851430
5093035,75,43,9334,2011,0.0,2091.0,-0.434356,-0.010863,FJI,CHN,851430
5093036,77,43,9334,2011,1539640.0,3442804.0,1.532054,0.09339299999999999,FRA,CHN,851430
5093037,80,43,9334,2011,0.0,8956.0,-1.093784,-1.0849659999999999,GAB,CHN,851430
5093038,81,43,9334,2011,717056.0,1055807.0,1.8048220000000001,0.380141,GBR,CHN,851430
5093039,82,43,9334,2011,0.0,292344.0,-0.07754,-0.35434699999999997,GEO,CHN,851430
5093040,83,43,9334,2011,0.0,151164.0,-0.8627319999999999,-0.608823,GHA,CHN,851430
5093041,85,43,9334,2011,0.0,4603.0,-1.728661,-1.193353,GIN,CHN,851430
5093042,89,43,9334,2011,0.0,21939.0,-1.634315,-0.7567729999999999,GNQ,CHN,851430
5093043,90,43,9334,2011,0.0,77833.0,0.138679,1.30044,GRC,CHN,851430
5093044,93,43,9334,2011,0.0,31809.0,-0.329497,0.775369,GTM,CHN,851430
5093045,97,43,9334,2011,546582.0,6812909.0,0.663588,1.902118,HKG,CHN,851430
5093046,99,43,9334,2011,0.0,7654.0,-0.740241,-0.311952,HND,CHN,851430
5093047,100,43,9334,2011,0.0,4465.0,0.868294,0.9424299999999999,HRV,CHN,851430
5093048,102,43,9334,2011,36810.0,11997.0,1.486592,0.805642,HUN,CHN,851430
5093049,103,43,9334,2011,49668.0,2392769.0,-0.234125,1.168384,IDN,CHN,851430
5093050,104,43,9334,2011,155084.0,9615504.0,0.18276199999999998,2.398765,IND,CHN,851430
5093051,106,43,9334,2011,14945.0,39378.0,1.403182,0.290245,IRL,CHN,851430
5093052,107,43,9334,2011,0.0,1543223.0,-0.915379,-0.973194,IRN,CHN,851430
5093053,108,43,9334,2011,0.0,91818.0,-2.175137,-0.726975,IRQ,CHN,851430
5093054,109,43,9334,2011,0.0,1207.0,0.284202,-0.23753000000000002,ISL,CHN,851430
5093055,110,43,9334,2011,0.0,62990.0,1.324384,0.714611,ISR,CHN,851430
5093056,111,43,9334,2011,4628268.0,196514.0,1.298751,0.48013599999999995,ITA,CHN,851430
5093057,113,43,9334,2011,0.0,42713.0,0.231605,0.47049399999999997,JOR,CHN,851430
5093058,114,43,9334,2011,20783946.0,1657073.0,2.516395,-0.534301,JPN,CHN,851430
5093059,115,43,9334,2011,0.0,350056.0,-0.514687,-0.775671,KAZ,CHN,851430
5093060,116,43,9334,2011,0.0,268107.0,-0.48319300000000004,0.346927,KEN,CHN,851430
5093061,117,43,9334,2011,0.0,8453.0,-0.323348,0.164469,KGZ,CHN,851430
5093062,118,43,9334,2011,0.0,162038.0,-1.162858,-1.103539,KHM,CHN,851430
5093063,121,43,9334,2011,17443762.0,622821.0,1.731371,0.8306879999999999,KOR,CHN,851430
5093064,122,43,9334,2011,0.0,30626.0,-0.898582,-1.09893,KWT,CHN,851430
5093065,123,43,9334,2011,0.0,24679.0,-1.135039,-0.929759,LAO,CHN,851430
5093066,124,43,9334,2011,0.0,99729.0,0.278393,1.2962879999999999,LBN,CHN,851430
5093067,126,43,9334,2011,0.0,223547.0,-1.680464,-1.148511,LBY,CHN,851430
5093068,127,43,9334,2011,0.0,2067.0,0.639295,-0.17407999999999998,LCA,CHN,851430
5093069,128,43,9334,2011,0.0,131639.0,-0.559311,0.398905,LKA,CHN,851430
5093070,130,43,9334,2011,0.0,55262.0,0.747963,0.9759530000000001,LTU,CHN,851430
5093071,132,43,9334,2011,0.0,8544.0,0.7320939999999999,1.101321,LVA,CHN,851430
5093072,133,43,9334,2011,0.0,9315.0,0.511015,0.560905,MAC,CHN,851430
5093073,134,43,9334,2011,0.0,34144.0,-0.485404,0.099828,MAR,CHN,851430
5093074,135,43,9334,2011,0.0,6649.0,-0.225556,0.28622,MDA,CHN,851430
5093075,136,43,9334,2011,0.0,28592.0,-1.040519,-0.404883,MDG,CHN,851430
5093076,137,43,9334,2011,0.0,15209.0,-0.937469,-0.87897,MDV,CHN,851430
5093077,138,43,9334,2011,4852.0,420597.0,0.9534600000000001,0.706982,MEX,CHN,851430
5093078,140,43,9334,2011,0.0,75356.0,-0.12310499999999999,0.16392,MKD,CHN,851430
5093079,141,43,9334,2011,0.0,34321.0,-0.6778109999999999,-0.653211,MLI,CHN,851430
5093080,142,43,9334,2011,0.0,7768.0,1.3001340000000001,0.22605799999999998,MLT,CHN,851430
5093081,143,43,9334,2011,0.0,1068304.0,-1.3557190000000001,-0.929934,MMR,CHN,851430
5093082,145,43,9334,2011,0.0,258197.0,-1.0869389999999999,-1.107693,MNG,CHN,851430
5093083,147,43,9334,2011,0.0,5971.0,-1.2069299999999998,-0.977785,MOZ,CHN,851430
5093084,151,43,9334,2011,0.0,12301.0,-0.09464600000000001,0.091177,MUS,CHN,851430
5093085,152,43,9334,2011,0.0,1677.0,-1.100291,-0.982559,MWI,CHN,851430
5093086,153,43,9334,2011,891743.0,5876816.0,0.9893290000000001,0.632079,MYS,CHN,851430
5093087,155,43,9334,2011,0.0,105466.0,-0.42998400000000003,-0.632233,NAM,CHN,851430
5093088,157,43,9334,2011,0.0,48575.0,-0.85208,-0.731996,NER,CHN,851430
5093089,159,43,9334,2011,0.0,1518330.0,-1.699286,-1.15511,NGA,CHN,851430
5093090,160,43,9334,2011,0.0,12940.0,-0.9592139999999999,-0.796108,NIC,CHN,851430
5093091,162,43,9334,2011,263905.0,401417.0,1.1655229999999999,1.410167,NLD,CHN,851430
5093092,163,43,9334,2011,0.0,32656.0,0.8492770000000001,0.050044,NOR,CHN,851430
5093093,164,43,9334,2011,0.0,8756.0,-0.242299,0.801966,NPL,CHN,851430
5093094,166,43,9334,2011,2230.0,56172.0,0.372732,0.548601,NZL,CHN,851430
5093095,167,43,9334,2011,0.0,1684.0,-0.473703,-0.952491,OMN,CHN,851430
5093096,168,43,9334,2011,0.0,2063677.0,-0.729677,0.6026729999999999,PAK,CHN,851430
5093097,169,43,9334,2011,0.0,42457.0,0.786135,1.061008,PAN,CHN,851430
5093098,173,43,9334,2011,0.0,18379.0,-0.455977,0.442543,PER,CHN,851430
5093099,174,43,9334,2011,77359.0,903465.0,0.364707,0.322626,PHL,CHN,851430
5093100,176,43,9334,2011,0.0,9606.0,-1.1111659999999999,-0.9458610000000001,PNG,CHN,851430
5093101,177,43,9334,2011,2652366.0,549543.0,1.133641,1.134203,POL,CHN,851430
5093102,178,43,9334,2011,0.0,146661.0,-0.024317,-0.154781,PRK,CHN,851430
5093103,179,43,9334,2011,126236.0,32256.0,0.558481,2.7056240000000003,PRT,CHN,851430
5093104,180,43,9334,2011,0.0,5322.0,-0.548759,-0.877743,PRY,CHN,851430
5093105,181,43,9334,2011,0.0,3744.0,0.07902999999999999,0.550277,PSE,CHN,851430
5093106,182,43,9334,2011,0.0,10494.0,0.37798000000000004,-0.460049,PYF,CHN,851430
5093107,183,43,9334,2011,0.0,40365.0,-0.45851899999999995,-1.017033,QAT,CHN,851430
5093108,185,43,9334,2011,0.0,154991.0,0.722,1.296655,ROU,CHN,851430
5093109,186,43,9334,2011,1072153.0,6553309.0,0.47319399999999995,-0.20801599999999998,RUS,CHN,851430
5093110,188,43,9334,2011,0.0,531475.0,0.354045,-0.800028,SAU,CHN,851430
5093111,190,43,9334,2011,0.0,13640.0,-2.1675869999999997,-1.249272,SDN,CHN,851430
5093112,191,43,9334,2011,0.0,13844.0,-0.624346,-0.308052,SEN,CHN,851430
5093113,192,43,9334,2011,546576.0,633488.0,1.849116,0.52127,SGP,CHN,851430
5093114,197,43,9334,2011,0.0,6099.0,-0.09713200000000001,0.20772600000000002,SLV,CHN,851430
5093115,201,43,9334,2011,0.0,24655.0,0.49055699999999997,1.5601399999999999,SRB,CHN,851430
5093116,205,43,9334,2011,0.0,4858.0,-0.504897,-0.835426,SUR,CHN,851430
5093117,206,43,9334,2011,0.0,14183.0,1.262897,0.8230569999999999,SVK,CHN,851430
5093118,207,43,9334,2011,21622.0,434148.0,1.642913,0.700222,SVN,CHN,851430
5093119,208,43,9334,2011,1165630.0,58690.0,1.857146,0.366159,SWE,CHN,851430
5093120,209,43,9334,2011,0.0,3785.0,0.169986,-0.078842,SWZ,CHN,851430
5093121,212,43,9334,2011,0.0,164224.0,-0.604133,0.5268970000000001,SYR,CHN,851430
5093122,214,43,9334,2011,0.0,4624.0,-2.368546,-0.814948,TCD,CHN,851430
5093123,215,43,9334,2011,0.0,3075.0,-0.9156030000000001,-0.884099,TGO,CHN,851430
5093124,216,43,9334,2011,459196.0,3707618.0,0.889009,1.503118,THA,CHN,851430
5093125,219,43,9334,2011,0.0,7729.0,-1.549495,-1.202504,TKM,CHN,851430
5093126,223,43,9334,2011,0.0,31161.0,0.151221,1.1252360000000001,TUN,CHN,851430
5093127,224,43,9334,2011,1600.0,1305677.0,0.45775,2.4316259999999996,TUR,CHN,851430
5093128,226,43,9334,2011,0.0,95021.0,-0.751316,0.286505,TZA,CHN,851430
5093129,227,43,9334,2011,0.0,37174.0,-0.7153,-0.062678,UGA,CHN,851430
5093130,228,43,9334,2011,182581.0,462754.0,0.6221409999999999,0.765505,UKR,CHN,851430
5093131,230,43,9334,2011,0.0,22545.0,0.313195,0.042866,URY,CHN,851430
5093132,231,43,9334,2011,30611518.0,5549245.0,1.6884849999999998,-0.474499,USA,CHN,851430
5093133,232,43,9334,2011,0.0,2189028.0,-0.785878,-0.663918,UZB,CHN,851430
5093134,236,43,9334,2011,0.0,65951.0,-0.841147,-1.095636,VEN,CHN,851430
5093135,239,43,9334,2011,0.0,6514460.0,-0.184453,1.637207,VNM,CHN,851430
5093136,242,43,9334,2011,0.0,1005.0,0.9658110000000001,0.30804699999999996,WSM,CHN,851430
5093137,243,43,9334,2011,0.0,3310.0,-1.44127,-1.242875,YEM,CHN,851430
5093138,246,43,9334,2011,0.0,1459679.0,0.241792,1.353011,ZAF,CHN,851430
5093139,247,43,9334,2011,0.0,227356.0,-0.7599,-0.941019,ZMB,CHN,851430
5093140,248,43,9334,2011,0.0,9269.0,-0.858662,-0.8632719999999999,ZWE,CHN,851430
5093141,249,43,9334,2011,21362894.0,2710140.0,1.803234,0.921233,TWN,CHN,851430
5093142,250,43,9334,2011,1244.0,0.0,0.475638,-0.160135,ANS,CHN,851430
5093143,14,49,9334,2011,7032.0,0.0,-0.138148,0.002999,AUS,COL,851430
5093144,15,49,9334,2011,16671.0,0.0,1.687634,-0.229095,AUT,COL,851430
5093145,18,49,9334,2011,137315.0,0.0,1.221703,1.247961,BEL,COL,851430
5093146,32,49,9334,2011,109968.0,0.0,0.27718400000000004,0.5674319999999999,BRA,COL,851430
5093147,39,49,9334,2011,496296.0,0.0,0.754813,1.1967290000000002,CAN,COL,851430
5093148,41,49,9334,2011,1868.0,0.0,2.2644029999999997,0.406131,CHE,COL,851430
5093149,42,49,9334,2011,16508.0,0.0,-0.199877,-0.353009,CHL,COL,851430
5093150,43,49,9334,2011,775984.0,12014.0,1.072299,1.686826,CHN,COL,851430
5093151,61,49,9334,2011,1451156.0,0.0,2.074435,-3.440815,DEU,COL,851430
5093152,64,49,9334,2011,5264.0,0.0,1.156026,1.2248299999999999,DNK,COL,851430
5093153,67,49,9334,2011,0.0,125933.0,-0.8250639999999999,-0.839082,ECU,COL,851430
5093154,71,49,9334,2011,56682.0,0.0,0.8677290000000001,2.4618450000000003,ESP,COL,851430
5093155,77,49,9334,2011,11377.0,0.0,1.532054,0.09339299999999999,FRA,COL,851430
5093156,96,49,9334,2011,0.0,117538.0,-1.079231,-1.0280989999999999,GUY,COL,851430
5093157,103,49,9334,2011,22138.0,0.0,-0.234125,1.168384,IDN,COL,851430
5093158,104,49,9334,2011,594134.0,0.0,0.18276199999999998,2.398765,IND,COL,851430
5093159,110,49,9334,2011,2198.0,0.0,1.324384,0.714611,ISR,COL,851430
5093160,111,49,9334,2011,2041960.0,0.0,1.298751,0.48013599999999995,ITA,COL,851430
5093161,114,49,9334,2011,15574.0,0.0,2.516395,-0.534301,JPN,COL,851430
5093162,115,49,9334,2011,13521.0,0.0,-0.514687,-0.775671,KAZ,COL,851430
5093163,121,49,9334,2011,1180.0,0.0,1.731371,0.8306879999999999,KOR,COL,851430
5093164,138,49,9334,2011,13014.0,0.0,0.9534600000000001,0.706982,MEX,COL,851430
5093165,163,49,9334,2011,239276.0,0.0,0.8492770000000001,0.050044,NOR,COL,851430
5093166,169,49,9334,2011,0.0,87457.0,0.786135,1.061008,PAN,COL,851430
5093167,173,49,9334,2011,38306.0,0.0,-0.455977,0.442543,PER,COL,851430
5093168,186,49,9334,2011,3107.0,0.0,0.47319399999999995,-0.20801599999999998,RUS,COL,851430
5093169,197,49,9334,2011,0.0,1162.0,-0.09713200000000001,0.20772600000000002,SLV,COL,851430
5093170,231,49,9334,2011,333577.0,0.0,1.6884849999999998,-0.474499,USA,COL,851430
5093171,246,49,9334,2011,101307.0,0.0,0.241792,1.353011,ZAF,COL,851430
5093172,249,49,9334,2011,24343.0,0.0,1.803234,0.921233,TWN,COL,851430
5093173,250,49,9334,2011,3036539.0,0.0,0.475638,-0.160135,ANS,COL,851430
5093174,32,52,9334,2011,56889.0,0.0,0.27718400000000004,0.5674319999999999,BRA,CRI,851430
5093175,41,52,9334,2011,9450.0,0.0,2.2644029999999997,0.406131,CHE,CRI,851430
5093176,43,52,9334,2011,6605.0,0.0,1.072299,1.686826,CHN,CRI,851430
5093177,61,52,9334,2011,269336.0,0.0,2.074435,-3.440815,DEU,CRI,851430
5093178,71,52,9334,2011,210546.0,0.0,0.8677290000000001,2.4618450000000003,ESP,CRI,851430
5093179,99,52,9334,2011,0.0,173152.0,-0.740241,-0.311952,HND,CRI,851430
5093180,111,52,9334,2011,41475.0,0.0,1.298751,0.48013599999999995,ITA,CRI,851430
5093181,121,52,9334,2011,88954.0,0.0,1.731371,0.8306879999999999,KOR,CRI,851430
5093182,138,52,9334,2011,15866.0,0.0,0.9534600000000001,0.706982,MEX,CRI,851430
5093183,169,52,9334,2011,0.0,7877.0,0.786135,1.061008,PAN,CRI,851430
5093184,197,52,9334,2011,0.0,1369.0,-0.09713200000000001,0.20772600000000002,SLV,CRI,851430
5093185,231,52,9334,2011,713374.0,0.0,1.6884849999999998,-0.474499,USA,CRI,851430
5093186,249,52,9334,2011,2166.0,0.0,1.803234,0.921233,TWN,CRI,851430
5093187,32,55,9334,2011,0.0,6169.0,0.27718400000000004,0.5674319999999999,BRA,CUW,851430
5093188,162,55,9334,2011,17767.0,0.0,1.1655229999999999,1.410167,NLD,CUW,851430
5093189,231,55,9334,2011,42941.0,0.0,1.6884849999999998,-0.474499,USA,CUW,851430
5093190,14,59,9334,2011,0.0,22197.0,-0.138148,0.002999,AUS,CZE,851430
5093191,15,59,9334,2011,1288707.0,168266.0,1.687634,-0.229095,AUT,CZE,851430
5093192,23,59,9334,2011,0.0,26116.0,0.537967,1.520973,BGR,CZE,851430
5093193,41,59,9334,2011,14360.0,86200.0,2.2644029999999997,0.406131,CHE,CZE,851430
5093194,43,59,9334,2011,1710.0,92877.0,1.072299,1.686826,CHN,CZE,851430
5093195,61,59,9334,2011,312420.0,139502.0,2.074435,-3.440815,DEU,CZE,851430
5093196,64,59,9334,2011,0.0,15418.0,1.156026,1.2248299999999999,DNK,CZE,851430
5093197,66,59,9334,2011,0.0,525730.0,-1.36763,-1.140594,DZA,CZE,851430
5093198,71,59,9334,2011,51172.0,18678.0,0.8677290000000001,2.4618450000000003,ESP,CZE,851430
5093199,74,59,9334,2011,2955.0,38108.0,1.7488830000000002,0.890934,FIN,CZE,851430
5093200,77,59,9334,2011,252011.0,21111.0,1.532054,0.09339299999999999,FRA,CZE,851430
5093201,81,59,9334,2011,6087.0,0.0,1.8048220000000001,0.380141,GBR,CZE,851430
5093202,90,59,9334,2011,0.0,4274.0,0.138679,1.30044,GRC,CZE,851430
5093203,97,59,9334,2011,0.0,44310.0,0.663588,1.902118,HKG,CZE,851430
5093204,102,59,9334,2011,0.0,17130.0,1.486592,0.805642,HUN,CZE,851430
5093205,104,59,9334,2011,0.0,233955.0,0.18276199999999998,2.398765,IND,CZE,851430
5093206,106,59,9334,2011,0.0,23493.0,1.403182,0.290245,IRL,CZE,851430
5093207,110,59,9334,2011,0.0,25192.0,1.324384,0.714611,ISR,CZE,851430
5093208,111,59,9334,2011,133227.0,336080.0,1.298751,0.48013599999999995,ITA,CZE,851430
5093209,121,59,9334,2011,2952.0,6624.0,1.731371,0.8306879999999999,KOR,CZE,851430
5093210,130,59,9334,2011,0.0,6526.0,0.747963,0.9759530000000001,LTU,CZE,851430
5093211,132,59,9334,2011,0.0,17499.0,0.7320939999999999,1.101321,LVA,CZE,851430
5093212,138,59,9334,2011,0.0,10116.0,0.9534600000000001,0.706982,MEX,CZE,851430
5093213,141,59,9334,2011,0.0,3506.0,-0.6778109999999999,-0.653211,MLI,CZE,851430
5093214,153,59,9334,2011,100348.0,42211.0,0.9893290000000001,0.632079,MYS,CZE,851430
5093215,162,59,9334,2011,24235.0,2786.0,1.1655229999999999,1.410167,NLD,CZE,851430
5093216,163,59,9334,2011,0.0,41320.0,0.8492770000000001,0.050044,NOR,CZE,851430
5093217,177,59,9334,2011,1006650.0,283408.0,1.133641,1.134203,POL,CZE,851430
5093218,185,59,9334,2011,0.0,2817.0,0.722,1.296655,ROU,CZE,851430
5093219,186,59,9334,2011,0.0,82351.0,0.47319399999999995,-0.20801599999999998,RUS,CZE,851430
5093220,201,59,9334,2011,0.0,5256.0,0.49055699999999997,1.5601399999999999,SRB,CZE,851430
5093221,206,59,9334,2011,83275.0,193503.0,1.262897,0.8230569999999999,SVK,CZE,851430
5093222,208,59,9334,2011,1112.0,0.0,1.857146,0.366159,SWE,CZE,851430
5093223,216,59,9334,2011,0.0,43302.0,0.889009,1.503118,THA,CZE,851430
5093224,223,59,9334,2011,0.0,7543.0,0.151221,1.1252360000000001,TUN,CZE,851430
5093225,224,59,9334,2011,2602.0,0.0,0.45775,2.4316259999999996,TUR,CZE,851430
5093226,228,59,9334,2011,0.0,8692.0,0.6221409999999999,0.765505,UKR,CZE,851430
5093227,231,59,9334,2011,176113.0,162440.0,1.6884849999999998,-0.474499,USA,CZE,851430
5093228,239,59,9334,2011,0.0,3065.0,-0.184453,1.637207,VNM,CZE,851430
5093229,249,59,9334,2011,678109.0,0.0,1.803234,0.921233,TWN,CZE,851430
5093230,250,59,9334,2011,5009.0,0.0,0.475638,-0.160135,ANS,CZE,851430
5093231,4,61,9334,2011,0.0,1397.0,-0.331435,-0.034828,ALB,DEU,851430
5093232,7,61,9334,2011,4556.0,248806.0,0.030652,-0.450808,ARE,DEU,851430
5093233,8,61,9334,2011,4842.0,44790.0,0.240494,0.540376,ARG,DEU,851430
5093234,9,61,9334,2011,0.0,37783.0,0.543397,-0.029376999999999997,ARM,DEU,851430
5093235,14,61,9334,2011,8909.0,53758.0,-0.138148,0.002999,AUS,DEU,851430
5093236,15,61,9334,2011,23551242.0,1709308.0,1.687634,-0.229095,AUT,DEU,851430
5093237,18,61,9334,2011,94917.0,122519.0,1.221703,1.247961,BEL,DEU,851430
5093238,22,61,9334,2011,0.0,60469.0,-1.074416,-0.8276370000000001,BGD,DEU,851430
5093239,23,61,9334,2011,0.0,1239.0,0.537967,1.520973,BGR,DEU,851430
5093240,26,61,9334,2011,0.0,21331.0,0.391425,0.6066600000000001,BIH,DEU,851430
5093241,28,61,9334,2011,0.0,851347.0,0.8786729999999999,0.442097,BLR,DEU,851430
5093242,31,61,9334,2011,0.0,10342.0,-0.818593,-0.8701770000000001,BOL,DEU,851430
5093243,32,61,9334,2011,8492.0,358049.0,0.27718400000000004,0.5674319999999999,BRA,DEU,851430
5093244,34,61,9334,2011,0.0,3593.0,-0.171775,-0.6656810000000001,BRN,DEU,851430
5093245,38,61,9334,2011,0.0,3110.0,-0.318191,-0.68375,CAF,DEU,851430
5093246,39,61,9334,2011,13863.0,31696.0,0.754813,1.1967290000000002,CAN,DEU,851430
5093247,41,61,9334,2011,1485401.0,3955653.0,2.2644029999999997,0.406131,CHE,DEU,851430
5093248,42,61,9334,2011,0.0,12005.0,-0.199877,-0.353009,CHL,DEU,851430
5093249,43,61,9334,2011,1780807.0,52790648.0,1.072299,1.686826,CHN,DEU,851430
5093250,45,61,9334,2011,0.0,2923.0,-0.7956340000000001,-0.8532790000000001,CMR,DEU,851430
5093251,49,61,9334,2011,0.0,1451156.0,0.14336600000000002,-0.22996,COL,DEU,851430
5093252,52,61,9334,2011,0.0,269336.0,0.04325,-0.553193,CRI,DEU,851430
5093253,59,61,9334,2011,139502.0,312420.0,1.737788,0.14741600000000002,CZE,DEU,851430
5093254,64,61,9334,2011,118466.0,488568.0,1.156026,1.2248299999999999,DNK,DEU,851430
5093255,65,61,9334,2011,0.0,3402.0,-0.260653,0.5682010000000001,DOM,DEU,851430
5093256,66,61,9334,2011,0.0,131995.0,-1.36763,-1.140594,DZA,DEU,851430
5093257,67,61,9334,2011,0.0,15007.0,-0.8250639999999999,-0.839082,ECU,DEU,851430
5093258,68,61,9334,2011,0.0,114932.0,-0.166243,1.384719,EGY,DEU,851430
5093259,71,61,9334,2011,165631.0,914790.0,0.8677290000000001,2.4618450000000003,ESP,DEU,851430
5093260,72,61,9334,2011,0.0,1431666.0,0.9806790000000001,1.110449,EST,DEU,851430
5093261,73,61,9334,2011,0.0,8177.0,-1.258175,-0.920692,ETH,DEU,851430
5093262,74,61,9334,2011,1845.0,200285.0,1.7488830000000002,0.890934,FIN,DEU,851430
5093263,77,61,9334,2011,582878.0,473034.0,1.532054,0.09339299999999999,FRA,DEU,851430
5093264,81,61,9334,2011,288496.0,678864.0,1.8048220000000001,0.380141,GBR,DEU,851430
5093265,82,61,9334,2011,0.0,2591.0,-0.07754,-0.35434699999999997,GEO,DEU,851430
5093266,83,61,9334,2011,0.0,7892.0,-0.8627319999999999,-0.608823,GHA,DEU,851430
5093267,90,61,9334,2011,0.0,5065.0,0.138679,1.30044,GRC,DEU,851430
5093268,92,61,9334,2011,0.0,7183.0,-0.669044,-0.787142,GRL,DEU,851430
5093269,96,61,9334,2011,0.0,10556.0,-1.079231,-1.0280989999999999,GUY,DEU,851430
5093270,97,61,9334,2011,20042.0,630495.0,0.663588,1.902118,HKG,DEU,851430
5093271,99,61,9334,2011,0.0,235810.0,-0.740241,-0.311952,HND,DEU,851430
5093272,100,61,9334,2011,0.0,44889.0,0.868294,0.9424299999999999,HRV,DEU,851430
5093273,102,61,9334,2011,11923.0,1043087.0,1.486592,0.805642,HUN,DEU,851430
5093274,103,61,9334,2011,0.0,249283.0,-0.234125,1.168384,IDN,DEU,851430
5093275,104,61,9334,2011,297672.0,3630550.0,0.18276199999999998,2.398765,IND,DEU,851430
5093276,106,61,9334,2011,0.0,63289.0,1.403182,0.290245,IRL,DEU,851430
5093277,107,61,9334,2011,0.0,299653.0,-0.915379,-0.973194,IRN,DEU,851430
5093278,108,61,9334,2011,0.0,89941.0,-2.175137,-0.726975,IRQ,DEU,851430
5093279,109,61,9334,2011,0.0,10042.0,0.284202,-0.23753000000000002,ISL,DEU,851430
5093280,110,61,9334,2011,22031.0,43967.0,1.324384,0.714611,ISR,DEU,851430
5093281,111,61,9334,2011,4066357.0,9072162.0,1.298751,0.48013599999999995,ITA,DEU,851430
5093282,113,61,9334,2011,0.0,32175.0,0.231605,0.47049399999999997,JOR,DEU,851430
5093283,114,61,9334,2011,514518.0,1670378.0,2.516395,-0.534301,JPN,DEU,851430
5093284,115,61,9334,2011,0.0,89139.0,-0.514687,-0.775671,KAZ,DEU,851430
5093285,121,61,9334,2011,111426.0,576762.0,1.731371,0.8306879999999999,KOR,DEU,851430
5093286,124,61,9334,2011,0.0,25904.0,0.278393,1.2962879999999999,LBN,DEU,851430
5093287,128,61,9334,2011,0.0,82382.0,-0.559311,0.398905,LKA,DEU,851430
5093288,130,61,9334,2011,0.0,8872.0,0.747963,0.9759530000000001,LTU,DEU,851430
5093289,131,61,9334,2011,0.0,68421.0,1.1655739999999999,1.222379,LUX,DEU,851430
5093290,132,61,9334,2011,0.0,4943774.0,0.7320939999999999,1.101321,LVA,DEU,851430
5093291,133,61,9334,2011,0.0,6471.0,0.511015,0.560905,MAC,DEU,851430
5093292,134,61,9334,2011,0.0,42323.0,-0.485404,0.099828,MAR,DEU,851430
5093293,137,61,9334,2011,0.0,26781.0,-0.937469,-0.87897,MDV,DEU,851430
5093294,138,61,9334,2011,4485.0,115983.0,0.9534600000000001,0.706982,MEX,DEU,851430
5093295,140,61,9334,2011,0.0,40105.0,-0.12310499999999999,0.16392,MKD,DEU,851430
5093296,142,61,9334,2011,0.0,20785.0,1.3001340000000001,0.22605799999999998,MLT,DEU,851430
5093297,151,61,9334,2011,0.0,21969.0,-0.09464600000000001,0.091177,MUS,DEU,851430
5093298,153,61,9334,2011,66503.0,25986.0,0.9893290000000001,0.632079,MYS,DEU,851430
5093299,155,61,9334,2011,0.0,7848.0,-0.42998400000000003,-0.632233,NAM,DEU,851430
5093300,156,61,9334,2011,0.0,904.0,-0.976349,-0.798691,NCL,DEU,851430
5093301,159,61,9334,2011,0.0,45116.0,-1.699286,-1.15511,NGA,DEU,851430
5093302,160,61,9334,2011,0.0,4797.0,-0.9592139999999999,-0.796108,NIC,DEU,851430
5093303,162,61,9334,2011,1312478.0,7681339.0,1.1655229999999999,1.410167,NLD,DEU,851430
5093304,163,61,9334,2011,0.0,2838410.0,0.8492770000000001,0.050044,NOR,DEU,851430
5093305,166,61,9334,2011,982.0,22681.0,0.372732,0.548601,NZL,DEU,851430
5093306,167,61,9334,2011,0.0,990.0,-0.473703,-0.952491,OMN,DEU,851430
5093307,168,61,9334,2011,0.0,1198229.0,-0.729677,0.6026729999999999,PAK,DEU,851430
5093308,173,61,9334,2011,0.0,165263.0,-0.455977,0.442543,PER,DEU,851430
5093309,174,61,9334,2011,0.0,6329.0,0.364707,0.322626,PHL,DEU,851430
5093310,176,61,9334,2011,0.0,2140.0,-1.1111659999999999,-0.9458610000000001,PNG,DEU,851430
5093311,177,61,9334,2011,4491822.0,359836.0,1.133641,1.134203,POL,DEU,851430
5093312,179,61,9334,2011,0.0,158499.0,0.558481,2.7056240000000003,PRT,DEU,851430
5093313,180,61,9334,2011,0.0,32413.0,-0.548759,-0.877743,PRY,DEU,851430
5093314,181,61,9334,2011,0.0,1066.0,0.07902999999999999,0.550277,PSE,DEU,851430
5093315,185,61,9334,2011,25025.0,1348455.0,0.722,1.296655,ROU,DEU,851430
5093316,186,61,9334,2011,96599.0,6769899.0,0.47319399999999995,-0.20801599999999998,RUS,DEU,851430
5093317,188,61,9334,2011,0.0,510963.0,0.354045,-0.800028,SAU,DEU,851430
5093318,190,61,9334,2011,0.0,1808.0,-2.1675869999999997,-1.249272,SDN,DEU,851430
5093319,192,61,9334,2011,0.0,70933.0,1.849116,0.52127,SGP,DEU,851430
5093320,201,61,9334,2011,5188.0,22914.0,0.49055699999999997,1.5601399999999999,SRB,DEU,851430
5093321,206,61,9334,2011,0.0,53615.0,1.262897,0.8230569999999999,SVK,DEU,851430
5093322,207,61,9334,2011,198149.0,1066471.0,1.642913,0.700222,SVN,DEU,851430
5093323,208,61,9334,2011,62484.0,515775.0,1.857146,0.366159,SWE,DEU,851430
5093324,212,61,9334,2011,0.0,8184.0,-0.604133,0.5268970000000001,SYR,DEU,851430
5093325,216,61,9334,2011,4285.0,485457.0,0.889009,1.503118,THA,DEU,851430
5093326,223,61,9334,2011,0.0,6789.0,0.151221,1.1252360000000001,TUN,DEU,851430
5093327,224,61,9334,2011,26813.0,713208.0,0.45775,2.4316259999999996,TUR,DEU,851430
5093328,226,61,9334,2011,0.0,9542.0,-0.751316,0.286505,TZA,DEU,851430
5093329,228,61,9334,2011,0.0,322616.0,0.6221409999999999,0.765505,UKR,DEU,851430
5093330,230,61,9334,2011,0.0,19792.0,0.313195,0.042866,URY,DEU,851430
5093331,231,61,9334,2011,2929209.0,12378730.0,1.6884849999999998,-0.474499,USA,DEU,851430
5093332,236,61,9334,2011,0.0,32683.0,-0.841147,-1.095636,VEN,DEU,851430
5093333,239,61,9334,2011,0.0,43548.0,-0.184453,1.637207,VNM,DEU,851430
5093334,246,61,9334,2011,0.0,244848.0,0.241792,1.353011,ZAF,DEU,851430
5093335,247,61,9334,2011,0.0,7599.0,-0.7599,-0.941019,ZMB,DEU,851430
5093336,249,61,9334,2011,1062607.0,564461.0,1.803234,0.921233,TWN,DEU,851430
5093337,2,64,9334,2011,0.0,139794.0,-1.252991,-1.132314,AGO,DNK,851430
5093338,14,64,9334,2011,0.0,7908.0,-0.138148,0.002999,AUS,DNK,851430
5093339,15,64,9334,2011,20575.0,0.0,1.687634,-0.229095,AUT,DNK,851430
5093340,18,64,9334,2011,20172.0,0.0,1.221703,1.247961,BEL,DNK,851430
5093341,28,64,9334,2011,0.0,9613.0,0.8786729999999999,0.442097,BLR,DNK,851430
5093342,32,64,9334,2011,0.0,10687.0,0.27718400000000004,0.5674319999999999,BRA,DNK,851430
5093343,41,64,9334,2011,18381.0,12709.0,2.2644029999999997,0.406131,CHE,DNK,851430
5093344,42,64,9334,2011,0.0,269439.0,-0.199877,-0.353009,CHL,DNK,851430
5093345,43,64,9334,2011,11095.0,47293.0,1.072299,1.686826,CHN,DNK,851430
5093346,49,64,9334,2011,0.0,5264.0,0.14336600000000002,-0.22996,COL,DNK,851430
5093347,59,64,9334,2011,15418.0,0.0,1.737788,0.14741600000000002,CZE,DNK,851430
5093348,61,64,9334,2011,488568.0,118466.0,2.074435,-3.440815,DEU,DNK,851430
5093349,68,64,9334,2011,0.0,43140.0,-0.166243,1.384719,EGY,DNK,851430
5093350,77,64,9334,2011,0.0,136111.0,1.532054,0.09339299999999999,FRA,DNK,851430
5093351,78,64,9334,2011,0.0,1292.0,-0.733444,-0.8242229999999999,FRO,DNK,851430
5093352,81,64,9334,2011,49874.0,0.0,1.8048220000000001,0.380141,GBR,DNK,851430
5093353,92,64,9334,2011,0.0,40349.0,-0.669044,-0.787142,GRL,DNK,851430
5093354,97,64,9334,2011,3808.0,0.0,0.663588,1.902118,HKG,DNK,851430
5093355,103,64,9334,2011,0.0,1406.0,-0.234125,1.168384,IDN,DNK,851430
5093356,104,64,9334,2011,14781.0,2219.0,0.18276199999999998,2.398765,IND,DNK,851430
5093357,109,64,9334,2011,0.0,6876.0,0.284202,-0.23753000000000002,ISL,DNK,851430
5093358,111,64,9334,2011,2841.0,0.0,1.298751,0.48013599999999995,ITA,DNK,851430
5093359,113,64,9334,2011,0.0,1261.0,0.231605,0.47049399999999997,JOR,DNK,851430
5093360,114,64,9334,2011,0.0,256522.0,2.516395,-0.534301,JPN,DNK,851430
5093361,121,64,9334,2011,76915.0,0.0,1.731371,0.8306879999999999,KOR,DNK,851430
5093362,132,64,9334,2011,8401.0,18311.0,0.7320939999999999,1.101321,LVA,DNK,851430
5093363,138,64,9334,2011,0.0,4419.0,0.9534600000000001,0.706982,MEX,DNK,851430
5093364,162,64,9334,2011,18693.0,6158236.0,1.1655229999999999,1.410167,NLD,DNK,851430
5093365,163,64,9334,2011,8517.0,22224.0,0.8492770000000001,0.050044,NOR,DNK,851430
5093366,168,64,9334,2011,0.0,794.0,-0.729677,0.6026729999999999,PAK,DNK,851430
5093367,174,64,9334,2011,0.0,7123.0,0.364707,0.322626,PHL,DNK,851430
5093368,186,64,9334,2011,0.0,10009.0,0.47319399999999995,-0.20801599999999998,RUS,DNK,851430
5093369,192,64,9334,2011,0.0,10546.0,1.849116,0.52127,SGP,DNK,851430
5093370,201,64,9334,2011,0.0,39392.0,0.49055699999999997,1.5601399999999999,SRB,DNK,851430
5093371,208,64,9334,2011,1796.0,92640.0,1.857146,0.366159,SWE,DNK,851430
5093372,231,64,9334,2011,144151.0,594837.0,1.6884849999999998,-0.474499,USA,DNK,851430
5093373,239,64,9334,2011,0.0,7330.0,-0.184453,1.637207,VNM,DNK,851430
5093374,246,64,9334,2011,0.0,303000.0,0.241792,1.353011,ZAF,DNK,851430
5093375,249,64,9334,2011,0.0,9985.0,1.803234,0.921233,TWN,DNK,851430
5093376,32,65,9334,2011,26825.0,0.0,0.27718400000000004,0.5674319999999999,BRA,DOM,851430
5093377,39,65,9334,2011,1591.0,0.0,0.754813,1.1967290000000002,CAN,DOM,851430
5093378,43,65,9334,2011,2159.0,0.0,1.072299,1.686826,CHN,DOM,851430
5093379,61,65,9334,2011,3402.0,0.0,2.074435,-3.440815,DEU,DOM,851430
5093380,71,65,9334,2011,73083.0,0.0,0.8677290000000001,2.4618450000000003,ESP,DOM,851430
5093381,114,65,9334,2011,2428.0,0.0,2.516395,-0.534301,JPN,DOM,851430
5093382,138,65,9334,2011,18607.0,0.0,0.9534600000000001,0.706982,MEX,DOM,851430
5093383,173,65,9334,2011,1131.0,0.0,-0.455977,0.442543,PER,DOM,851430
5093384,216,65,9334,2011,1934.0,0.0,0.889009,1.503118,THA,DOM,851430
5093385,231,65,9334,2011,53545.0,0.0,1.6884849999999998,-0.474499,USA,DOM,851430
5093386,15,67,9334,2011,9124.0,0.0,1.687634,-0.229095,AUT,ECU,851430
5093387,31,67,9334,2011,1322.0,0.0,-0.818593,-0.8701770000000001,BOL,ECU,851430
5093388,32,67,9334,2011,78127.0,0.0,0.27718400000000004,0.5674319999999999,BRA,ECU,851430
5093389,39,67,9334,2011,1635.0,0.0,0.754813,1.1967290000000002,CAN,ECU,851430
5093390,43,67,9334,2011,56485.0,0.0,1.072299,1.686826,CHN,ECU,851430
5093391,49,67,9334,2011,125933.0,0.0,0.14336600000000002,-0.22996,COL,ECU,851430
5093392,61,67,9334,2011,15007.0,0.0,2.074435,-3.440815,DEU,ECU,851430
5093393,71,67,9334,2011,388696.0,0.0,0.8677290000000001,2.4618450000000003,ESP,ECU,851430
5093394,81,67,9334,2011,7773.0,0.0,1.8048220000000001,0.380141,GBR,ECU,851430
5093395,111,67,9334,2011,91650.0,0.0,1.298751,0.48013599999999995,ITA,ECU,851430
5093396,114,67,9334,2011,2667.0,0.0,2.516395,-0.534301,JPN,ECU,851430
5093397,121,67,9334,2011,6966.0,0.0,1.731371,0.8306879999999999,KOR,ECU,851430
5093398,138,67,9334,2011,23080.0,0.0,0.9534600000000001,0.706982,MEX,ECU,851430
5093399,173,67,9334,2011,4353.0,0.0,-0.455977,0.442543,PER,ECU,851430
5093400,207,67,9334,2011,7950.0,0.0,1.642913,0.700222,SVN,ECU,851430
5093401,231,67,9334,2011,131030.0,11679.0,1.6884849999999998,-0.474499,USA,ECU,851430
5093402,246,67,9334,2011,4585.0,0.0,0.241792,1.353011,ZAF,ECU,851430
5093403,4,71,9334,2011,0.0,7944.0,-0.331435,-0.034828,ALB,ESP,851430
5093404,5,71,9334,2011,0.0,20456.0,0.787289,0.484512,AND,ESP,851430
5093405,7,71,9334,2011,0.0,47382.0,0.030652,-0.450808,ARE,ESP,851430
5093406,8,71,9334,2011,0.0,500427.0,0.240494,0.540376,ARG,ESP,851430
5093407,14,71,9334,2011,65013.0,99677.0,-0.138148,0.002999,AUS,ESP,851430
5093408,15,71,9334,2011,50789.0,0.0,1.687634,-0.229095,AUT,ESP,851430
5093409,16,71,9334,2011,0.0,19523.0,-1.313136,-1.189989,AZE,ESP,851430
5093410,18,71,9334,2011,6970.0,11589.0,1.221703,1.247961,BEL,ESP,851430
5093411,23,71,9334,2011,4663.0,1952.0,0.537967,1.520973,BGR,ESP,851430
5093412,31,71,9334,2011,0.0,1462.0,-0.818593,-0.8701770000000001,BOL,ESP,851430
5093413,32,71,9334,2011,0.0,14986.0,0.27718400000000004,0.5674319999999999,BRA,ESP,851430
5093414,41,71,9334,2011,86043.0,68634.0,2.2644029999999997,0.406131,CHE,ESP,851430
5093415,42,71,9334,2011,16731.0,84007.0,-0.199877,-0.353009,CHL,ESP,851430
5093416,43,71,9334,2011,422591.0,11024.0,1.072299,1.686826,CHN,ESP,851430
5093417,44,71,9334,2011,0.0,6325.0,-1.069474,-0.867439,CIV,ESP,851430
5093418,49,71,9334,2011,0.0,56682.0,0.14336600000000002,-0.22996,COL,ESP,851430
5093419,52,71,9334,2011,0.0,210546.0,0.04325,-0.553193,CRI,ESP,851430
5093420,59,71,9334,2011,18678.0,51172.0,1.737788,0.14741600000000002,CZE,ESP,851430
5093421,61,71,9334,2011,914790.0,165631.0,2.074435,-3.440815,DEU,ESP,851430
5093422,65,71,9334,2011,0.0,73083.0,-0.260653,0.5682010000000001,DOM,ESP,851430
5093423,66,71,9334,2011,0.0,336642.0,-1.36763,-1.140594,DZA,ESP,851430
5093424,67,71,9334,2011,0.0,388696.0,-0.8250639999999999,-0.839082,ECU,ESP,851430
5093425,74,71,9334,2011,0.0,1398.0,1.7488830000000002,0.890934,FIN,ESP,851430
5093426,77,71,9334,2011,212626.0,34573.0,1.532054,0.09339299999999999,FRA,ESP,851430
5093427,81,71,9334,2011,101436.0,0.0,1.8048220000000001,0.380141,GBR,ESP,851430
5093428,82,71,9334,2011,0.0,1710.0,-0.07754,-0.35434699999999997,GEO,ESP,851430
5093429,83,71,9334,2011,0.0,1930.0,-0.8627319999999999,-0.608823,GHA,ESP,851430
5093430,84,71,9334,2011,0.0,4666.0,0.8442850000000001,-0.435222,GIB,ESP,851430
5093431,89,71,9334,2011,0.0,27017.0,-1.634315,-0.7567729999999999,GNQ,ESP,851430
5093432,93,71,9334,2011,0.0,2256.0,-0.329497,0.775369,GTM,ESP,851430
5093433,99,71,9334,2011,0.0,62689.0,-0.740241,-0.311952,HND,ESP,851430
5093434,103,71,9334,2011,0.0,73142.0,-0.234125,1.168384,IDN,ESP,851430
5093435,104,71,9334,2011,15207.0,118760.0,0.18276199999999998,2.398765,IND,ESP,851430
5093436,107,71,9334,2011,0.0,12916.0,-0.915379,-0.973194,IRN,ESP,851430
5093437,110,71,9334,2011,17546.0,36719.0,1.324384,0.714611,ISR,ESP,851430
5093438,111,71,9334,2011,651037.0,63091.0,1.298751,0.48013599999999995,ITA,ESP,851430
5093439,113,71,9334,2011,0.0,19365.0,0.231605,0.47049399999999997,JOR,ESP,851430
5093440,114,71,9334,2011,36795.0,28855.0,2.516395,-0.534301,JPN,ESP,851430
5093441,115,71,9334,2011,0.0,2556.0,-0.514687,-0.775671,KAZ,ESP,851430
5093442,124,71,9334,2011,0.0,5224.0,0.278393,1.2962879999999999,LBN,ESP,851430
5093443,128,71,9334,2011,0.0,18792.0,-0.559311,0.398905,LKA,ESP,851430
5093444,134,71,9334,2011,1830.0,418900.0,-0.485404,0.099828,MAR,ESP,851430
5093445,137,71,9334,2011,0.0,2697.0,-0.937469,-0.87897,MDV,ESP,851430
5093446,138,71,9334,2011,0.0,135905.0,0.9534600000000001,0.706982,MEX,ESP,851430
5093447,141,71,9334,2011,0.0,2517.0,-0.6778109999999999,-0.653211,MLI,ESP,851430
5093448,151,71,9334,2011,0.0,8285.0,-0.09464600000000001,0.091177,MUS,ESP,851430
5093449,153,71,9334,2011,25014.0,168600.0,0.9893290000000001,0.632079,MYS,ESP,851430
5093450,162,71,9334,2011,143405.0,0.0,1.1655229999999999,1.410167,NLD,ESP,851430
5093451,167,71,9334,2011,0.0,1296.0,-0.473703,-0.952491,OMN,ESP,851430
5093452,169,71,9334,2011,0.0,1082.0,0.786135,1.061008,PAN,ESP,851430
5093453,173,71,9334,2011,0.0,430899.0,-0.455977,0.442543,PER,ESP,851430
5093454,177,71,9334,2011,2863.0,581809.0,1.133641,1.134203,POL,ESP,851430
5093455,179,71,9334,2011,22598.0,76101.0,0.558481,2.7056240000000003,PRT,ESP,851430
5093456,186,71,9334,2011,0.0,21555.0,0.47319399999999995,-0.20801599999999998,RUS,ESP,851430
5093457,188,71,9334,2011,0.0,11087.0,0.354045,-0.800028,SAU,ESP,851430
5093458,191,71,9334,2011,0.0,1069.0,-0.624346,-0.308052,SEN,ESP,851430
5093459,192,71,9334,2011,0.0,25671.0,1.849116,0.52127,SGP,ESP,851430
5093460,196,71,9334,2011,0.0,23790.0,-0.35546500000000003,-0.46134899999999995,SLE,ESP,851430
5093461,207,71,9334,2011,34191.0,0.0,1.642913,0.700222,SVN,ESP,851430
5093462,216,71,9334,2011,0.0,13291.0,0.889009,1.503118,THA,ESP,851430
5093463,223,71,9334,2011,0.0,171107.0,0.151221,1.1252360000000001,TUN,ESP,851430
5093464,224,71,9334,2011,18740.0,195757.0,0.45775,2.4316259999999996,TUR,ESP,851430
5093465,230,71,9334,2011,0.0,49115.0,0.313195,0.042866,URY,ESP,851430
5093466,231,71,9334,2011,807294.0,36293.0,1.6884849999999998,-0.474499,USA,ESP,851430
5093467,236,71,9334,2011,0.0,24642.0,-0.841147,-1.095636,VEN,ESP,851430
5093468,246,71,9334,2011,0.0,522719.0,0.241792,1.353011,ZAF,ESP,851430
5093469,248,71,9334,2011,0.0,3093.0,-0.858662,-0.8632719999999999,ZWE,ESP,851430
5093470,249,71,9334,2011,2690.0,0.0,1.803234,0.921233,TWN,ESP,851430
5093471,14,74,9334,2011,0.0,2494.0,-0.138148,0.002999,AUS,FIN,851430
5093472,15,74,9334,2011,0.0,16048.0,1.687634,-0.229095,AUT,FIN,851430
5093473,18,74,9334,2011,2527.0,3007.0,1.221703,1.247961,BEL,FIN,851430
5093474,32,74,9334,2011,0.0,276863.0,0.27718400000000004,0.5674319999999999,BRA,FIN,851430
5093475,41,74,9334,2011,35899.0,0.0,2.2644029999999997,0.406131,CHE,FIN,851430
5093476,43,74,9334,2011,50390.0,193100.0,1.072299,1.686826,CHN,FIN,851430
5093477,59,74,9334,2011,38108.0,2955.0,1.737788,0.14741600000000002,CZE,FIN,851430
5093478,61,74,9334,2011,200285.0,1845.0,2.074435,-3.440815,DEU,FIN,851430
5093479,71,74,9334,2011,1398.0,0.0,0.8677290000000001,2.4618450000000003,ESP,FIN,851430
5093480,72,74,9334,2011,0.0,16589.0,0.9806790000000001,1.110449,EST,FIN,851430
5093481,77,74,9334,2011,5937.0,0.0,1.532054,0.09339299999999999,FRA,FIN,851430
5093482,81,74,9334,2011,1818.0,0.0,1.8048220000000001,0.380141,GBR,FIN,851430
5093483,106,74,9334,2011,0.0,6795.0,1.403182,0.290245,IRL,FIN,851430
5093484,111,74,9334,2011,12252.0,17281.0,1.298751,0.48013599999999995,ITA,FIN,851430
5093485,121,74,9334,2011,2040.0,13802.0,1.731371,0.8306879999999999,KOR,FIN,851430
5093486,130,74,9334,2011,0.0,19716.0,0.747963,0.9759530000000001,LTU,FIN,851430
5093487,132,74,9334,2011,0.0,7878.0,0.7320939999999999,1.101321,LVA,FIN,851430
5093488,134,74,9334,2011,0.0,324505.0,-0.485404,0.099828,MAR,FIN,851430
5093489,138,74,9334,2011,0.0,1286298.0,0.9534600000000001,0.706982,MEX,FIN,851430
5093490,162,74,9334,2011,16187.0,39460.0,1.1655229999999999,1.410167,NLD,FIN,851430
5093491,163,74,9334,2011,0.0,189644.0,0.8492770000000001,0.050044,NOR,FIN,851430
5093492,174,74,9334,2011,0.0,9596.0,0.364707,0.322626,PHL,FIN,851430
5093493,185,74,9334,2011,0.0,3000.0,0.722,1.296655,ROU,FIN,851430
5093494,186,74,9334,2011,0.0,500731.0,0.47319399999999995,-0.20801599999999998,RUS,FIN,851430
5093495,192,74,9334,2011,0.0,1772.0,1.849116,0.52127,SGP,FIN,851430
5093496,207,74,9334,2011,6781.0,0.0,1.642913,0.700222,SVN,FIN,851430
5093497,208,74,9334,2011,59648.0,60235.0,1.857146,0.366159,SWE,FIN,851430
5093498,216,74,9334,2011,0.0,1022752.0,0.889009,1.503118,THA,FIN,851430
5093499,224,74,9334,2011,6175.0,0.0,0.45775,2.4316259999999996,TUR,FIN,851430
5093500,228,74,9334,2011,0.0,1261035.0,0.6221409999999999,0.765505,UKR,FIN,851430
5093501,231,74,9334,2011,287664.0,1929.0,1.6884849999999998,-0.474499,USA,FIN,851430
5093502,239,74,9334,2011,0.0,79667.0,-0.184453,1.637207,VNM,FIN,851430
5093503,246,74,9334,2011,0.0,6363134.0,0.241792,1.353011,ZAF,FIN,851430
5093504,2,77,9334,2011,0.0,42734.0,-1.252991,-1.132314,AGO,FRA,851430
5093505,7,77,9334,2011,0.0,41527.0,0.030652,-0.450808,ARE,FRA,851430
5093506,8,77,9334,2011,0.0,76117.0,0.240494,0.540376,ARG,FRA,851430
5093507,14,77,9334,2011,0.0,94515.0,-0.138148,0.002999,AUS,FRA,851430
5093508,15,77,9334,2011,295223.0,59472.0,1.687634,-0.229095,AUT,FRA,851430
5093509,18,77,9334,2011,120009.0,806319.0,1.221703,1.247961,BEL,FRA,851430
5093510,19,77,9334,2011,0.0,23165.0,-1.189478,-0.8684709999999999,BEN,FRA,851430
5093511,21,77,9334,2011,0.0,14285.0,-1.163278,-1.002332,BFA,FRA,851430
5093512,22,77,9334,2011,0.0,1792.0,-1.074416,-0.8276370000000001,BGD,FRA,851430
5093513,26,77,9334,2011,0.0,60178.0,0.391425,0.6066600000000001,BIH,FRA,851430
5093514,32,77,9334,2011,0.0,247433.0,0.27718400000000004,0.5674319999999999,BRA,FRA,851430
5093515,39,77,9334,2011,0.0,4923.0,0.754813,1.1967290000000002,CAN,FRA,851430
5093516,41,77,9334,2011,1906216.0,604056.0,2.2644029999999997,0.406131,CHE,FRA,851430
5093517,42,77,9334,2011,0.0,7997.0,-0.199877,-0.353009,CHL,FRA,851430
5093518,43,77,9334,2011,3442804.0,1539640.0,1.072299,1.686826,CHN,FRA,851430
5093519,44,77,9334,2011,0.0,16950.0,-1.069474,-0.867439,CIV,FRA,851430
5093520,45,77,9334,2011,0.0,49788.0,-0.7956340000000001,-0.8532790000000001,CMR,FRA,851430
5093521,47,77,9334,2011,0.0,246542.0,-0.979359,-1.084589,COG,FRA,851430
5093522,49,77,9334,2011,0.0,11377.0,0.14336600000000002,-0.22996,COL,FRA,851430
5093523,50,77,9334,2011,0.0,922.0,0.449788,-0.533709,COM,FRA,851430
5093524,59,77,9334,2011,21111.0,252011.0,1.737788,0.14741600000000002,CZE,FRA,851430
5093525,61,77,9334,2011,473034.0,582878.0,2.074435,-3.440815,DEU,FRA,851430
5093526,62,77,9334,2011,0.0,14076.0,-0.6224529999999999,-0.7357739999999999,DJI,FRA,851430
5093527,64,77,9334,2011,136111.0,0.0,1.156026,1.2248299999999999,DNK,FRA,851430
5093528,66,77,9334,2011,0.0,416021.0,-1.36763,-1.140594,DZA,FRA,851430
5093529,68,77,9334,2011,0.0,57093.0,-0.166243,1.384719,EGY,FRA,851430
5093530,71,77,9334,2011,34573.0,212626.0,0.8677290000000001,2.4618450000000003,ESP,FRA,851430
5093531,74,77,9334,2011,0.0,5937.0,1.7488830000000002,0.890934,FIN,FRA,851430
5093532,80,77,9334,2011,0.0,329228.0,-1.093784,-1.0849659999999999,GAB,FRA,851430
5093533,81,77,9334,2011,369333.0,120091.0,1.8048220000000001,0.380141,GBR,FRA,851430
5093534,85,77,9334,2011,0.0,2158.0,-1.728661,-1.193353,GIN,FRA,851430
5093535,89,77,9334,2011,0.0,7281.0,-1.634315,-0.7567729999999999,GNQ,FRA,851430
5093536,90,77,9334,2011,44993.0,339516.0,0.138679,1.30044,GRC,FRA,851430
5093537,97,77,9334,2011,2219.0,233113.0,0.663588,1.902118,HKG,FRA,851430
5093538,102,77,9334,2011,0.0,4313.0,1.486592,0.805642,HUN,FRA,851430
5093539,103,77,9334,2011,0.0,14942.0,-0.234125,1.168384,IDN,FRA,851430
5093540,104,77,9334,2011,1591.0,288979.0,0.18276199999999998,2.398765,IND,FRA,851430
5093541,107,77,9334,2011,0.0,91181.0,-0.915379,-0.973194,IRN,FRA,851430
5093542,110,77,9334,2011,12892.0,18205.0,1.324384,0.714611,ISR,FRA,851430
5093543,111,77,9334,2011,573237.0,496536.0,1.298751,0.48013599999999995,ITA,FRA,851430
5093544,113,77,9334,2011,0.0,20529.0,0.231605,0.47049399999999997,JOR,FRA,851430
5093545,114,77,9334,2011,1196783.0,145503.0,2.516395,-0.534301,JPN,FRA,851430
5093546,115,77,9334,2011,0.0,13353.0,-0.514687,-0.775671,KAZ,FRA,851430
5093547,116,77,9334,2011,0.0,54869.0,-0.48319300000000004,0.346927,KEN,FRA,851430
5093548,121,77,9334,2011,32712.0,235132.0,1.731371,0.8306879999999999,KOR,FRA,851430
5093549,122,77,9334,2011,0.0,4254.0,-0.898582,-1.09893,KWT,FRA,851430
5093550,124,77,9334,2011,0.0,3478.0,0.278393,1.2962879999999999,LBN,FRA,851430
5093551,127,77,9334,2011,0.0,5518.0,0.639295,-0.17407999999999998,LCA,FRA,851430
5093552,130,77,9334,2011,0.0,68991.0,0.747963,0.9759530000000001,LTU,FRA,851430
5093553,131,77,9334,2011,0.0,39195.0,1.1655739999999999,1.222379,LUX,FRA,851430
5093554,134,77,9334,2011,0.0,413174.0,-0.485404,0.099828,MAR,FRA,851430
5093555,136,77,9334,2011,0.0,36628.0,-1.040519,-0.404883,MDG,FRA,851430
5093556,137,77,9334,2011,0.0,2136.0,-0.937469,-0.87897,MDV,FRA,851430
5093557,138,77,9334,2011,97194.0,126917.0,0.9534600000000001,0.706982,MEX,FRA,851430
5093558,140,77,9334,2011,0.0,1669.0,-0.12310499999999999,0.16392,MKD,FRA,851430
5093559,141,77,9334,2011,0.0,5572.0,-0.6778109999999999,-0.653211,MLI,FRA,851430
5093560,148,77,9334,2011,0.0,3148.0,-1.2593379999999998,-1.1793209999999998,MRT,FRA,851430
5093561,151,77,9334,2011,4980.0,83171.0,-0.09464600000000001,0.091177,MUS,FRA,851430
5093562,153,77,9334,2011,50070.0,6001.0,0.9893290000000001,0.632079,MYS,FRA,851430
5093563,154,77,9334,2011,0.0,38694.0,0.804635,-0.312227,MYT,FRA,851430
5093564,156,77,9334,2011,0.0,7887.0,-0.976349,-0.798691,NCL,FRA,851430
5093565,159,77,9334,2011,0.0,1392.0,-1.699286,-1.15511,NGA,FRA,851430
5093566,162,77,9334,2011,189991.0,601526.0,1.1655229999999999,1.410167,NLD,FRA,851430
5093567,163,77,9334,2011,9226.0,11386.0,0.8492770000000001,0.050044,NOR,FRA,851430
5093568,167,77,9334,2011,0.0,38391.0,-0.473703,-0.952491,OMN,FRA,851430
5093569,173,77,9334,2011,0.0,8062.0,-0.455977,0.442543,PER,FRA,851430
5093570,174,77,9334,2011,0.0,56515.0,0.364707,0.322626,PHL,FRA,851430
5093571,177,77,9334,2011,1042906.0,67913.0,1.133641,1.134203,POL,FRA,851430
5093572,179,77,9334,2011,97780.0,573138.0,0.558481,2.7056240000000003,PRT,FRA,851430
5093573,182,77,9334,2011,0.0,35855.0,0.37798000000000004,-0.460049,PYF,FRA,851430
5093574,185,77,9334,2011,0.0,36525.0,0.722,1.296655,ROU,FRA,851430
5093575,186,77,9334,2011,0.0,273876.0,0.47319399999999995,-0.20801599999999998,RUS,FRA,851430
5093576,188,77,9334,2011,0.0,24307.0,0.354045,-0.800028,SAU,FRA,851430
5093577,190,77,9334,2011,0.0,32138.0,-2.1675869999999997,-1.249272,SDN,FRA,851430
5093578,191,77,9334,2011,0.0,28720.0,-0.624346,-0.308052,SEN,FRA,851430
5093579,192,77,9334,2011,84070.0,17243.0,1.849116,0.52127,SGP,FRA,851430
5093580,200,77,9334,2011,0.0,1470.0,-1.120206,-1.030257,SPM,FRA,851430
5093581,207,77,9334,2011,12511.0,15422.0,1.642913,0.700222,SVN,FRA,851430
5093582,208,77,9334,2011,50411.0,1200.0,1.857146,0.366159,SWE,FRA,851430
5093583,211,77,9334,2011,0.0,4783.0,0.287017,-0.5136850000000001,SYC,FRA,851430
5093584,212,77,9334,2011,0.0,10854.0,-0.604133,0.5268970000000001,SYR,FRA,851430
5093585,215,77,9334,2011,0.0,1015.0,-0.9156030000000001,-0.884099,TGO,FRA,851430
5093586,216,77,9334,2011,0.0,492202.0,0.889009,1.503118,THA,FRA,851430
5093587,223,77,9334,2011,72492.0,349430.0,0.151221,1.1252360000000001,TUN,FRA,851430
5093588,224,77,9334,2011,54660.0,101643.0,0.45775,2.4316259999999996,TUR,FRA,851430
5093589,228,77,9334,2011,0.0,7163.0,0.6221409999999999,0.765505,UKR,FRA,851430
5093590,231,77,9334,2011,1038102.0,1277372.0,1.6884849999999998,-0.474499,USA,FRA,851430
5093591,236,77,9334,2011,0.0,42575.0,-0.841147,-1.095636,VEN,FRA,851430
5093592,239,77,9334,2011,0.0,94930.0,-0.184453,1.637207,VNM,FRA,851430
5093593,246,77,9334,2011,121577.0,2989422.0,0.241792,1.353011,ZAF,FRA,851430
5093594,249,77,9334,2011,3944.0,569497.0,1.803234,0.921233,TWN,FRA,851430
5093595,250,77,9334,2011,318155.0,0.0,0.475638,-0.160135,ANS,FRA,851430
5093596,2,81,9334,2011,0.0,1184.0,-1.252991,-1.132314,AGO,GBR,851430
5093597,7,81,9334,2011,0.0,206707.0,0.030652,-0.450808,ARE,GBR,851430
5093598,8,81,9334,2011,0.0,23287.0,0.240494,0.540376,ARG,GBR,851430
5093599,14,81,9334,2011,18409.0,25369.0,-0.138148,0.002999,AUS,GBR,851430
5093600,15,81,9334,2011,52965.0,2176.0,1.687634,-0.229095,AUT,GBR,851430
5093601,18,81,9334,2011,10275.0,21414.0,1.221703,1.247961,BEL,GBR,851430
5093602,22,81,9334,2011,0.0,15378.0,-1.074416,-0.8276370000000001,BGD,GBR,851430
5093603,26,81,9334,2011,0.0,90911.0,0.391425,0.6066600000000001,BIH,GBR,851430
5093604,32,81,9334,2011,99935.0,1777448.0,0.27718400000000004,0.5674319999999999,BRA,GBR,851430
5093605,39,81,9334,2011,58149.0,102004.0,0.754813,1.1967290000000002,CAN,GBR,851430
5093606,41,81,9334,2011,110129.0,3123.0,2.2644029999999997,0.406131,CHE,GBR,851430
5093607,43,81,9334,2011,1055807.0,717056.0,1.072299,1.686826,CHN,GBR,851430
5093608,47,81,9334,2011,0.0,2371.0,-0.979359,-1.084589,COG,GBR,851430
5093609,58,81,9334,2011,8811.0,0.0,0.798165,0.424179,CYP,GBR,851430
5093610,59,81,9334,2011,0.0,6087.0,1.737788,0.14741600000000002,CZE,GBR,851430
5093611,61,81,9334,2011,678864.0,288496.0,2.074435,-3.440815,DEU,GBR,851430
5093612,64,81,9334,2011,0.0,49874.0,1.156026,1.2248299999999999,DNK,GBR,851430
5093613,66,81,9334,2011,0.0,72003.0,-1.36763,-1.140594,DZA,GBR,851430
5093614,67,81,9334,2011,0.0,7773.0,-0.8250639999999999,-0.839082,ECU,GBR,851430
5093615,68,81,9334,2011,0.0,8506.0,-0.166243,1.384719,EGY,GBR,851430
5093616,71,81,9334,2011,0.0,101436.0,0.8677290000000001,2.4618450000000003,ESP,GBR,851430
5093617,72,81,9334,2011,0.0,1416.0,0.9806790000000001,1.110449,EST,GBR,851430
5093618,73,81,9334,2011,0.0,12210.0,-1.258175,-0.920692,ETH,GBR,851430
5093619,74,81,9334,2011,0.0,1818.0,1.7488830000000002,0.890934,FIN,GBR,851430
5093620,77,81,9334,2011,120091.0,369333.0,1.532054,0.09339299999999999,FRA,GBR,851430
5093621,83,81,9334,2011,0.0,22632.0,-0.8627319999999999,-0.608823,GHA,GBR,851430
5093622,97,81,9334,2011,10730.0,9240.0,0.663588,1.902118,HKG,GBR,851430
5093623,104,81,9334,2011,114947.0,855795.0,0.18276199999999998,2.398765,IND,GBR,851430
5093624,106,81,9334,2011,77083.0,10527.0,1.403182,0.290245,IRL,GBR,851430
5093625,107,81,9334,2011,0.0,344850.0,-0.915379,-0.973194,IRN,GBR,851430
5093626,109,81,9334,2011,0.0,1386.0,0.284202,-0.23753000000000002,ISL,GBR,851430
5093627,110,81,9334,2011,327754.0,115755.0,1.324384,0.714611,ISR,GBR,851430
5093628,111,81,9334,2011,2958478.0,215406.0,1.298751,0.48013599999999995,ITA,GBR,851430
5093629,113,81,9334,2011,0.0,154813.0,0.231605,0.47049399999999997,JOR,GBR,851430
5093630,114,81,9334,2011,1558548.0,92965.0,2.516395,-0.534301,JPN,GBR,851430
5093631,116,81,9334,2011,0.0,23378.0,-0.48319300000000004,0.346927,KEN,GBR,851430
5093632,121,81,9334,2011,129359.0,17744.0,1.731371,0.8306879999999999,KOR,GBR,851430
5093633,124,81,9334,2011,0.0,4795.0,0.278393,1.2962879999999999,LBN,GBR,851430
5093634,128,81,9334,2011,0.0,33852.0,-0.559311,0.398905,LKA,GBR,851430
5093635,134,81,9334,2011,0.0,6568.0,-0.485404,0.099828,MAR,GBR,851430
5093636,137,81,9334,2011,0.0,3416.0,-0.937469,-0.87897,MDV,GBR,851430
5093637,138,81,9334,2011,6295.0,618594.0,0.9534600000000001,0.706982,MEX,GBR,851430
5093638,142,81,9334,2011,0.0,3191.0,1.3001340000000001,0.22605799999999998,MLT,GBR,851430
5093639,153,81,9334,2011,255359.0,293091.0,0.9893290000000001,0.632079,MYS,GBR,851430
5093640,159,81,9334,2011,0.0,79342.0,-1.699286,-1.15511,NGA,GBR,851430
5093641,162,81,9334,2011,78426.0,79057.0,1.1655229999999999,1.410167,NLD,GBR,851430
5093642,163,81,9334,2011,8534.0,66719.0,0.8492770000000001,0.050044,NOR,GBR,851430
5093643,166,81,9334,2011,2868276.0,0.0,0.372732,0.548601,NZL,GBR,851430
5093644,168,81,9334,2011,5765.0,21056.0,-0.729677,0.6026729999999999,PAK,GBR,851430
5093645,169,81,9334,2011,0.0,11387.0,0.786135,1.061008,PAN,GBR,851430
5093646,173,81,9334,2011,0.0,33980.0,-0.455977,0.442543,PER,GBR,851430
5093647,174,81,9334,2011,0.0,6595.0,0.364707,0.322626,PHL,GBR,851430
5093648,177,81,9334,2011,676738.0,2184.0,1.133641,1.134203,POL,GBR,851430
5093649,179,81,9334,2011,13397.0,32329.0,0.558481,2.7056240000000003,PRT,GBR,851430
5093650,183,81,9334,2011,0.0,76693.0,-0.45851899999999995,-1.017033,QAT,GBR,851430
5093651,186,81,9334,2011,7222.0,42529.0,0.47319399999999995,-0.20801599999999998,RUS,GBR,851430
5093652,188,81,9334,2011,0.0,156042.0,0.354045,-0.800028,SAU,GBR,851430
5093653,190,81,9334,2011,0.0,10606.0,-2.1675869999999997,-1.249272,SDN,GBR,851430
5093654,192,81,9334,2011,1320.0,18221.0,1.849116,0.52127,SGP,GBR,851430
5093655,201,81,9334,2011,0.0,29461.0,0.49055699999999997,1.5601399999999999,SRB,GBR,851430
5093656,207,81,9334,2011,10358.0,1718.0,1.642913,0.700222,SVN,GBR,851430
5093657,208,81,9334,2011,0.0,27219.0,1.857146,0.366159,SWE,GBR,851430
5093658,216,81,9334,2011,626500.0,189268.0,0.889009,1.503118,THA,GBR,851430
5093659,222,81,9334,2011,0.0,3511.0,-0.44228,-1.031793,TTO,GBR,851430
5093660,223,81,9334,2011,0.0,1232.0,0.151221,1.1252360000000001,TUN,GBR,851430
5093661,224,81,9334,2011,44334.0,141169.0,0.45775,2.4316259999999996,TUR,GBR,851430
5093662,226,81,9334,2011,0.0,5636.0,-0.751316,0.286505,TZA,GBR,851430
5093663,227,81,9334,2011,0.0,2309.0,-0.7153,-0.062678,UGA,GBR,851430
5093664,228,81,9334,2011,0.0,61319.0,0.6221409999999999,0.765505,UKR,GBR,851430
5093665,231,81,9334,2011,1589796.0,272812.0,1.6884849999999998,-0.474499,USA,GBR,851430
5093666,236,81,9334,2011,0.0,573130.0,-0.841147,-1.095636,VEN,GBR,851430
5093667,239,81,9334,2011,0.0,1423.0,-0.184453,1.637207,VNM,GBR,851430
5093668,243,81,9334,2011,0.0,25290.0,-1.44127,-1.242875,YEM,GBR,851430
5093669,246,81,9334,2011,0.0,14411.0,0.241792,1.353011,ZAF,GBR,851430
5093670,249,81,9334,2011,146914.0,138147.0,1.803234,0.921233,TWN,GBR,851430
5093671,4,90,9334,2011,0.0,7273.0,-0.331435,-0.034828,ALB,GRC,851430
5093672,14,90,9334,2011,11249.0,1965.0,-0.138148,0.002999,AUS,GRC,851430
5093673,23,90,9334,2011,0.0,566516.0,0.537967,1.520973,BGR,GRC,851430
5093674,39,90,9334,2011,4619.0,0.0,0.754813,1.1967290000000002,CAN,GRC,851430
5093675,43,90,9334,2011,77833.0,0.0,1.072299,1.686826,CHN,GRC,851430
5093676,58,90,9334,2011,0.0,7024.0,0.798165,0.424179,CYP,GRC,851430
5093677,59,90,9334,2011,4274.0,0.0,1.737788,0.14741600000000002,CZE,GRC,851430
5093678,61,90,9334,2011,5065.0,0.0,2.074435,-3.440815,DEU,GRC,851430
5093679,77,90,9334,2011,339516.0,44993.0,1.532054,0.09339299999999999,FRA,GRC,851430
5093680,104,90,9334,2011,68878.0,0.0,0.18276199999999998,2.398765,IND,GRC,851430
5093681,111,90,9334,2011,5339.0,0.0,1.298751,0.48013599999999995,ITA,GRC,851430
5093682,114,90,9334,2011,7583.0,0.0,2.516395,-0.534301,JPN,GRC,851430
5093683,162,90,9334,2011,4125.0,0.0,1.1655229999999999,1.410167,NLD,GRC,851430
5093684,185,90,9334,2011,0.0,1594.0,0.722,1.296655,ROU,GRC,851430
5093685,192,90,9334,2011,0.0,24309.0,1.849116,0.52127,SGP,GRC,851430
5093686,224,90,9334,2011,103353.0,3169.0,0.45775,2.4316259999999996,TUR,GRC,851430
5093687,231,90,9334,2011,39490.0,0.0,1.6884849999999998,-0.474499,USA,GRC,851430
5093688,249,90,9334,2011,1924.0,0.0,1.803234,0.921233,TWN,GRC,851430
5093689,32,93,9334,2011,12992.0,0.0,0.27718400000000004,0.5674319999999999,BRA,GTM,851430
5093690,43,93,9334,2011,31809.0,0.0,1.072299,1.686826,CHN,GTM,851430
5093691,71,93,9334,2011,2256.0,0.0,0.8677290000000001,2.4618450000000003,ESP,GTM,851430
5093692,103,93,9334,2011,0.0,3616.0,-0.234125,1.168384,IDN,GTM,851430
5093693,111,93,9334,2011,36041.0,0.0,1.298751,0.48013599999999995,ITA,GTM,851430
5093694,138,93,9334,2011,35179.0,0.0,0.9534600000000001,0.706982,MEX,GTM,851430
5093695,169,93,9334,2011,17183.0,0.0,0.786135,1.061008,PAN,GTM,851430
5093696,197,93,9334,2011,3911.0,10095.0,-0.09713200000000001,0.20772600000000002,SLV,GTM,851430
5093697,231,93,9334,2011,11073.0,0.0,1.6884849999999998,-0.474499,USA,GTM,851430
5093698,14,96,9334,2011,38536.0,0.0,-0.138148,0.002999,AUS,GUY,851430
5093699,39,96,9334,2011,4394.0,0.0,0.754813,1.1967290000000002,CAN,GUY,851430
5093700,49,96,9334,2011,117538.0,0.0,0.14336600000000002,-0.22996,COL,GUY,851430
5093701,61,96,9334,2011,10556.0,0.0,2.074435,-3.440815,DEU,GUY,851430
5093702,104,96,9334,2011,1255.0,0.0,0.18276199999999998,2.398765,IND,GUY,851430
5093703,231,96,9334,2011,3334.0,0.0,1.6884849999999998,-0.474499,USA,GUY,851430
5093704,14,97,9334,2011,98792.0,2214.0,-0.138148,0.002999,AUS,HKG,851430
5093705,15,97,9334,2011,185302.0,0.0,1.687634,-0.229095,AUT,HKG,851430
5093706,18,97,9334,2011,1277.0,0.0,1.221703,1.247961,BEL,HKG,851430
5093707,22,97,9334,2011,0.0,63556.0,-1.074416,-0.8276370000000001,BGD,HKG,851430
5093708,23,97,9334,2011,0.0,34392.0,0.537967,1.520973,BGR,HKG,851430
5093709,32,97,9334,2011,0.0,10010.0,0.27718400000000004,0.5674319999999999,BRA,HKG,851430
5093710,41,97,9334,2011,0.0,16873.0,2.2644029999999997,0.406131,CHE,HKG,851430
5093711,43,97,9334,2011,6812909.0,546582.0,1.072299,1.686826,CHN,HKG,851430
5093712,59,97,9334,2011,44310.0,0.0,1.737788,0.14741600000000002,CZE,HKG,851430
5093713,61,97,9334,2011,630495.0,20042.0,2.074435,-3.440815,DEU,HKG,851430
5093714,64,97,9334,2011,0.0,3808.0,1.156026,1.2248299999999999,DNK,HKG,851430
5093715,77,97,9334,2011,233113.0,2219.0,1.532054,0.09339299999999999,FRA,HKG,851430
5093716,81,97,9334,2011,9240.0,10730.0,1.8048220000000001,0.380141,GBR,HKG,851430
5093717,102,97,9334,2011,0.0,983.0,1.486592,0.805642,HUN,HKG,851430
5093718,103,97,9334,2011,40260.0,196974.0,-0.234125,1.168384,IDN,HKG,851430
5093719,104,97,9334,2011,1348.0,68261.0,0.18276199999999998,2.398765,IND,HKG,851430
5093720,110,97,9334,2011,0.0,26250.0,1.324384,0.714611,ISR,HKG,851430
5093721,111,97,9334,2011,2211.0,0.0,1.298751,0.48013599999999995,ITA,HKG,851430
5093722,114,97,9334,2011,1721203.0,0.0,2.516395,-0.534301,JPN,HKG,851430
5093723,121,97,9334,2011,110699.0,26533.0,1.731371,0.8306879999999999,KOR,HKG,851430
5093724,128,97,9334,2011,0.0,3290.0,-0.559311,0.398905,LKA,HKG,851430
5093725,132,97,9334,2011,0.0,2264.0,0.7320939999999999,1.101321,LVA,HKG,851430
5093726,133,97,9334,2011,0.0,10554.0,0.511015,0.560905,MAC,HKG,851430
5093727,137,97,9334,2011,0.0,6456.0,-0.937469,-0.87897,MDV,HKG,851430
5093728,153,97,9334,2011,43578.0,513113.0,0.9893290000000001,0.632079,MYS,HKG,851430
5093729,159,97,9334,2011,0.0,84712.0,-1.699286,-1.15511,NGA,HKG,851430
5093730,163,97,9334,2011,0.0,1348.0,0.8492770000000001,0.050044,NOR,HKG,851430
5093731,169,97,9334,2011,0.0,2097.0,0.786135,1.061008,PAN,HKG,851430
5093732,174,97,9334,2011,0.0,345750.0,0.364707,0.322626,PHL,HKG,851430
5093733,177,97,9334,2011,18169.0,0.0,1.133641,1.134203,POL,HKG,851430
5093734,186,97,9334,2011,0.0,5719.0,0.47319399999999995,-0.20801599999999998,RUS,HKG,851430
5093735,192,97,9334,2011,49507.0,8671.0,1.849116,0.52127,SGP,HKG,851430
5093736,208,97,9334,2011,18392.0,0.0,1.857146,0.366159,SWE,HKG,851430
5093737,216,97,9334,2011,686663.0,292874.0,0.889009,1.503118,THA,HKG,851430
5093738,231,97,9334,2011,2217922.0,46184.0,1.6884849999999998,-0.474499,USA,HKG,851430
5093739,239,97,9334,2011,0.0,8140.0,-0.184453,1.637207,VNM,HKG,851430
5093740,249,97,9334,2011,1416022.0,147510.0,1.803234,0.921233,TWN,HKG,851430
5093741,43,99,9334,2011,7654.0,0.0,1.072299,1.686826,CHN,HND,851430
5093742,52,99,9334,2011,173152.0,0.0,0.04325,-0.553193,CRI,HND,851430
5093743,61,99,9334,2011,235810.0,0.0,2.074435,-3.440815,DEU,HND,851430
5093744,71,99,9334,2011,62689.0,0.0,0.8677290000000001,2.4618450000000003,ESP,HND,851430
5093745,104,99,9334,2011,0.0,9258.0,0.18276199999999998,2.398765,IND,HND,851430
5093746,138,99,9334,2011,6305.0,0.0,0.9534600000000001,0.706982,MEX,HND,851430
5093747,197,99,9334,2011,1827.0,19942.0,-0.09713200000000001,0.20772600000000002,SLV,HND,851430
5093748,231,99,9334,2011,41324.0,3042.0,1.6884849999999998,-0.474499,USA,HND,851430
5093749,2,103,9334,2011,0.0,1034.0,-1.252991,-1.132314,AGO,IDN,851430
5093750,14,103,9334,2011,85316.0,0.0,-0.138148,0.002999,AUS,IDN,851430
5093751,41,103,9334,2011,17290.0,0.0,2.2644029999999997,0.406131,CHE,IDN,851430
5093752,43,103,9334,2011,2392769.0,49668.0,1.072299,1.686826,CHN,IDN,851430
5093753,49,103,9334,2011,0.0,22138.0,0.14336600000000002,-0.22996,COL,IDN,851430
5093754,61,103,9334,2011,249283.0,0.0,2.074435,-3.440815,DEU,IDN,851430
5093755,64,103,9334,2011,1406.0,0.0,1.156026,1.2248299999999999,DNK,IDN,851430
5093756,71,103,9334,2011,73142.0,0.0,0.8677290000000001,2.4618450000000003,ESP,IDN,851430
5093757,77,103,9334,2011,14942.0,0.0,1.532054,0.09339299999999999,FRA,IDN,851430
5093758,93,103,9334,2011,3616.0,0.0,-0.329497,0.775369,GTM,IDN,851430
5093759,97,103,9334,2011,196974.0,40260.0,0.663588,1.902118,HKG,IDN,851430
5093760,104,103,9334,2011,27886.0,98579.0,0.18276199999999998,2.398765,IND,IDN,851430
5093761,111,103,9334,2011,8134.0,0.0,1.298751,0.48013599999999995,ITA,IDN,851430
5093762,114,103,9334,2011,6131305.0,0.0,2.516395,-0.534301,JPN,IDN,851430
5093763,121,103,9334,2011,169875.0,0.0,1.731371,0.8306879999999999,KOR,IDN,851430
5093764,128,103,9334,2011,0.0,4523.0,-0.559311,0.398905,LKA,IDN,851430
5093765,153,103,9334,2011,295725.0,19048.0,0.9893290000000001,0.632079,MYS,IDN,851430
5093766,162,103,9334,2011,35818.0,0.0,1.1655229999999999,1.410167,NLD,IDN,851430
5093767,166,103,9334,2011,28380.0,0.0,0.372732,0.548601,NZL,IDN,851430
5093768,192,103,9334,2011,1163215.0,5202.0,1.849116,0.52127,SGP,IDN,851430
5093769,216,103,9334,2011,242562.0,20380.0,0.889009,1.503118,THA,IDN,851430
5093770,220,103,9334,2011,0.0,10111.0,-0.047803,-0.643655,TLS,IDN,851430
5093771,224,103,9334,2011,15660.0,0.0,0.45775,2.4316259999999996,TUR,IDN,851430
5093772,231,103,9334,2011,41359.0,2973.0,1.6884849999999998,-0.474499,USA,IDN,851430
5093773,239,103,9334,2011,0.0,1257.0,-0.184453,1.637207,VNM,IDN,851430
5093774,249,103,9334,2011,2268418.0,0.0,1.803234,0.921233,TWN,IDN,851430
5093775,2,104,9334,2011,0.0,15924.0,-1.252991,-1.132314,AGO,IND,851430
5093776,7,104,9334,2011,0.0,360091.0,0.030652,-0.450808,ARE,IND,851430
5093777,8,104,9334,2011,0.0,726748.0,0.240494,0.540376,ARG,IND,851430
5093778,14,104,9334,2011,81121.0,95751.0,-0.138148,0.002999,AUS,IND,851430
5093779,15,104,9334,2011,266866.0,0.0,1.687634,-0.229095,AUT,IND,851430
5093780,18,104,9334,2011,270386.0,0.0,1.221703,1.247961,BEL,IND,851430
5093781,21,104,9334,2011,0.0,3007.0,-1.163278,-1.002332,BFA,IND,851430
5093782,22,104,9334,2011,51989.0,443247.0,-1.074416,-0.8276370000000001,BGD,IND,851430
5093783,23,104,9334,2011,12586.0,0.0,0.537967,1.520973,BGR,IND,851430
5093784,24,104,9334,2011,0.0,7004.0,0.04085,-0.873711,BHR,IND,851430
5093785,32,104,9334,2011,22519.0,0.0,0.27718400000000004,0.5674319999999999,BRA,IND,851430
5093786,35,104,9334,2011,0.0,13745.0,-0.022021000000000002,-0.5282439999999999,BTN,IND,851430
5093787,37,104,9334,2011,0.0,2939.0,-0.48782600000000004,-1.051639,BWA,IND,851430
5093788,39,104,9334,2011,62510.0,190223.0,0.754813,1.1967290000000002,CAN,IND,851430
5093789,41,104,9334,2011,1176716.0,0.0,2.2644029999999997,0.406131,CHE,IND,851430
5093790,42,104,9334,2011,0.0,9292.0,-0.199877,-0.353009,CHL,IND,851430
5093791,43,104,9334,2011,9615504.0,155084.0,1.072299,1.686826,CHN,IND,851430
5093792,45,104,9334,2011,0.0,7424.0,-0.7956340000000001,-0.8532790000000001,CMR,IND,851430
5093793,47,104,9334,2011,0.0,493506.0,-0.979359,-1.084589,COG,IND,851430
5093794,49,104,9334,2011,0.0,594134.0,0.14336600000000002,-0.22996,COL,IND,851430
5093795,59,104,9334,2011,233955.0,0.0,1.737788,0.14741600000000002,CZE,IND,851430
5093796,61,104,9334,2011,3630550.0,297672.0,2.074435,-3.440815,DEU,IND,851430
5093797,62,104,9334,2011,0.0,479731.0,-0.6224529999999999,-0.7357739999999999,DJI,IND,851430
5093798,64,104,9334,2011,2219.0,14781.0,1.156026,1.2248299999999999,DNK,IND,851430
5093799,66,104,9334,2011,0.0,26943.0,-1.36763,-1.140594,DZA,IND,851430
5093800,68,104,9334,2011,0.0,344207.0,-0.166243,1.384719,EGY,IND,851430
5093801,71,104,9334,2011,118760.0,15207.0,0.8677290000000001,2.4618450000000003,ESP,IND,851430
5093802,73,104,9334,2011,0.0,500990.0,-1.258175,-0.920692,ETH,IND,851430
5093803,77,104,9334,2011,288979.0,1591.0,1.532054,0.09339299999999999,FRA,IND,851430
5093804,80,104,9334,2011,0.0,170947.0,-1.093784,-1.0849659999999999,GAB,IND,851430
5093805,81,104,9334,2011,855795.0,114947.0,1.8048220000000001,0.380141,GBR,IND,851430
5093806,82,104,9334,2011,0.0,22635.0,-0.07754,-0.35434699999999997,GEO,IND,851430
5093807,83,104,9334,2011,0.0,143308.0,-0.8627319999999999,-0.608823,GHA,IND,851430
5093808,90,104,9334,2011,0.0,68878.0,0.138679,1.30044,GRC,IND,851430
5093809,96,104,9334,2011,0.0,1255.0,-1.079231,-1.0280989999999999,GUY,IND,851430
5093810,97,104,9334,2011,68261.0,1348.0,0.663588,1.902118,HKG,IND,851430
5093811,99,104,9334,2011,9258.0,0.0,-0.740241,-0.311952,HND,IND,851430
5093812,103,104,9334,2011,98579.0,27886.0,-0.234125,1.168384,IDN,IND,851430
5093813,107,104,9334,2011,0.0,1948112.0,-0.915379,-0.973194,IRN,IND,851430
5093814,110,104,9334,2011,54126.0,0.0,1.324384,0.714611,ISR,IND,851430
5093815,111,104,9334,2011,943589.0,2333.0,1.298751,0.48013599999999995,ITA,IND,851430
5093816,113,104,9334,2011,0.0,2366.0,0.231605,0.47049399999999997,JOR,IND,851430
5093817,114,104,9334,2011,2029958.0,0.0,2.516395,-0.534301,JPN,IND,851430
5093818,116,104,9334,2011,0.0,815500.0,-0.48319300000000004,0.346927,KEN,IND,851430
5093819,121,104,9334,2011,756845.0,250887.0,1.731371,0.8306879999999999,KOR,IND,851430
5093820,122,104,9334,2011,0.0,177176.0,-0.898582,-1.09893,KWT,IND,851430
5093821,127,104,9334,2011,0.0,5936.0,0.639295,-0.17407999999999998,LCA,IND,851430
5093822,128,104,9334,2011,0.0,46127.0,-0.559311,0.398905,LKA,IND,851430
5093823,130,104,9334,2011,0.0,4896.0,0.747963,0.9759530000000001,LTU,IND,851430
5093824,135,104,9334,2011,0.0,2937.0,-0.225556,0.28622,MDA,IND,851430
5093825,137,104,9334,2011,0.0,819.0,-0.937469,-0.87897,MDV,IND,851430
5093826,138,104,9334,2011,0.0,7879.0,0.9534600000000001,0.706982,MEX,IND,851430
5093827,141,104,9334,2011,0.0,2158.0,-0.6778109999999999,-0.653211,MLI,IND,851430
5093828,143,104,9334,2011,0.0,12521.0,-1.3557190000000001,-0.929934,MMR,IND,851430
5093829,147,104,9334,2011,0.0,7567.0,-1.2069299999999998,-0.977785,MOZ,IND,851430
5093830,151,104,9334,2011,0.0,26024.0,-0.09464600000000001,0.091177,MUS,IND,851430
5093831,152,104,9334,2011,0.0,8614.0,-1.100291,-0.982559,MWI,IND,851430
5093832,153,104,9334,2011,181083.0,183197.0,0.9893290000000001,0.632079,MYS,IND,851430
5093833,159,104,9334,2011,0.0,1301703.0,-1.699286,-1.15511,NGA,IND,851430
5093834,162,104,9334,2011,56962.0,19214.0,1.1655229999999999,1.410167,NLD,IND,851430
5093835,163,104,9334,2011,0.0,1547650.0,0.8492770000000001,0.050044,NOR,IND,851430
5093836,164,104,9334,2011,0.0,54611.0,-0.242299,0.801966,NPL,IND,851430
5093837,166,104,9334,2011,0.0,9279.0,0.372732,0.548601,NZL,IND,851430
5093838,167,104,9334,2011,0.0,36407.0,-0.473703,-0.952491,OMN,IND,851430
5093839,168,104,9334,2011,0.0,381814.0,-0.729677,0.6026729999999999,PAK,IND,851430
5093840,173,104,9334,2011,0.0,11398.0,-0.455977,0.442543,PER,IND,851430
5093841,176,104,9334,2011,0.0,23286.0,-1.1111659999999999,-0.9458610000000001,PNG,IND,851430
5093842,177,104,9334,2011,474504.0,21598.0,1.133641,1.134203,POL,IND,851430
5093843,178,104,9334,2011,0.0,4752.0,-0.024317,-0.154781,PRK,IND,851430
5093844,179,104,9334,2011,0.0,10472.0,0.558481,2.7056240000000003,PRT,IND,851430
5093845,183,104,9334,2011,0.0,18378.0,-0.45851899999999995,-1.017033,QAT,IND,851430
5093846,185,104,9334,2011,0.0,1188.0,0.722,1.296655,ROU,IND,851430
5093847,186,104,9334,2011,30838.0,3208085.0,0.47319399999999995,-0.20801599999999998,RUS,IND,851430
5093848,188,104,9334,2011,0.0,623539.0,0.354045,-0.800028,SAU,IND,851430
5093849,192,104,9334,2011,154930.0,173437.0,1.849116,0.52127,SGP,IND,851430
5093850,196,104,9334,2011,0.0,27563.0,-0.35546500000000003,-0.46134899999999995,SLE,IND,851430
5093851,206,104,9334,2011,891.0,0.0,1.262897,0.8230569999999999,SVK,IND,851430
5093852,207,104,9334,2011,9090.0,0.0,1.642913,0.700222,SVN,IND,851430
5093853,208,104,9334,2011,20192.0,176308.0,1.857146,0.366159,SWE,IND,851430
5093854,212,104,9334,2011,0.0,1839929.0,-0.604133,0.5268970000000001,SYR,IND,851430
5093855,215,104,9334,2011,0.0,12127.0,-0.9156030000000001,-0.884099,TGO,IND,851430
5093856,216,104,9334,2011,464127.0,17580.0,0.889009,1.503118,THA,IND,851430
5093857,223,104,9334,2011,0.0,3883.0,0.151221,1.1252360000000001,TUN,IND,851430
5093858,224,104,9334,2011,7632.0,287545.0,0.45775,2.4316259999999996,TUR,IND,851430
5093859,226,104,9334,2011,0.0,3684464.0,-0.751316,0.286505,TZA,IND,851430
5093860,227,104,9334,2011,0.0,51014.0,-0.7153,-0.062678,UGA,IND,851430
5093861,228,104,9334,2011,6736.0,10137.0,0.6221409999999999,0.765505,UKR,IND,851430
5093862,231,104,9334,2011,1278059.0,189630.0,1.6884849999999998,-0.474499,USA,IND,851430
5093863,236,104,9334,2011,0.0,2070.0,-0.841147,-1.095636,VEN,IND,851430
5093864,239,104,9334,2011,5871.0,886082.0,-0.184453,1.637207,VNM,IND,851430
5093865,243,104,9334,2011,0.0,2326.0,-1.44127,-1.242875,YEM,IND,851430
5093866,246,104,9334,2011,33082.0,375222.0,0.241792,1.353011,ZAF,IND,851430
5093867,247,104,9334,2011,0.0,10512.0,-0.7599,-0.941019,ZMB,IND,851430
5093868,248,104,9334,2011,0.0,19244.0,-0.858662,-0.8632719999999999,ZWE,IND,851430
5093869,249,104,9334,2011,2175267.0,10525.0,1.803234,0.921233,TWN,IND,851430
5093870,250,104,9334,2011,237459.0,0.0,0.475638,-0.160135,ANS,IND,851430
5093871,15,106,9334,2011,6936.0,0.0,1.687634,-0.229095,AUT,IRL,851430
5093872,39,106,9334,2011,35716.0,0.0,0.754813,1.1967290000000002,CAN,IRL,851430
5093873,43,106,9334,2011,39378.0,14945.0,1.072299,1.686826,CHN,IRL,851430
5093874,59,106,9334,2011,23493.0,0.0,1.737788,0.14741600000000002,CZE,IRL,851430
5093875,61,106,9334,2011,63289.0,0.0,2.074435,-3.440815,DEU,IRL,851430
5093876,74,106,9334,2011,6795.0,0.0,1.7488830000000002,0.890934,FIN,IRL,851430
5093877,81,106,9334,2011,10527.0,77083.0,1.8048220000000001,0.380141,GBR,IRL,851430
5093878,110,106,9334,2011,8780.0,0.0,1.324384,0.714611,ISR,IRL,851430
5093879,114,106,9334,2011,15887.0,0.0,2.516395,-0.534301,JPN,IRL,851430
5093880,121,106,9334,2011,20334.0,0.0,1.731371,0.8306879999999999,KOR,IRL,851430
5093881,124,106,9334,2011,0.0,211840.0,0.278393,1.2962879999999999,LBN,IRL,851430
5093882,138,106,9334,2011,45293.0,55770.0,0.9534600000000001,0.706982,MEX,IRL,851430
5093883,153,106,9334,2011,26472.0,0.0,0.9893290000000001,0.632079,MYS,IRL,851430
5093884,162,106,9334,2011,65310.0,0.0,1.1655229999999999,1.410167,NLD,IRL,851430
5093885,166,106,9334,2011,8718.0,0.0,0.372732,0.548601,NZL,IRL,851430
5093886,186,106,9334,2011,0.0,1807.0,0.47319399999999995,-0.20801599999999998,RUS,IRL,851430
5093887,212,106,9334,2011,2053.0,0.0,-0.604133,0.5268970000000001,SYR,IRL,851430
5093888,216,106,9334,2011,0.0,6241.0,0.889009,1.503118,THA,IRL,851430
5093889,224,106,9334,2011,10851.0,0.0,0.45775,2.4316259999999996,TUR,IRL,851430
5093890,231,106,9334,2011,65835.0,600940.0,1.6884849999999998,-0.474499,USA,IRL,851430
5093891,2,110,9334,2011,0.0,956.0,-1.252991,-1.132314,AGO,ISR,851430
5093892,9,110,9334,2011,0.0,3883.0,0.543397,-0.029376999999999997,ARM,ISR,851430
5093893,15,110,9334,2011,10865.0,0.0,1.687634,-0.229095,AUT,ISR,851430
5093894,18,110,9334,2011,2558.0,14279.0,1.221703,1.247961,BEL,ISR,851430
5093895,39,110,9334,2011,0.0,28608.0,0.754813,1.1967290000000002,CAN,ISR,851430
5093896,41,110,9334,2011,3116.0,0.0,2.2644029999999997,0.406131,CHE,ISR,851430
5093897,43,110,9334,2011,62990.0,0.0,1.072299,1.686826,CHN,ISR,851430
5093898,49,110,9334,2011,0.0,2198.0,0.14336600000000002,-0.22996,COL,ISR,851430
5093899,54,110,9334,2011,0.0,1000.0,-0.050093,-0.88759,CUB,ISR,851430
5093900,58,110,9334,2011,0.0,1742.0,0.798165,0.424179,CYP,ISR,851430
5093901,59,110,9334,2011,25192.0,0.0,1.737788,0.14741600000000002,CZE,ISR,851430
5093902,61,110,9334,2011,43967.0,22031.0,2.074435,-3.440815,DEU,ISR,851430
5093903,71,110,9334,2011,36719.0,17546.0,0.8677290000000001,2.4618450000000003,ESP,ISR,851430
5093904,77,110,9334,2011,18205.0,12892.0,1.532054,0.09339299999999999,FRA,ISR,851430
5093905,81,110,9334,2011,115755.0,327754.0,1.8048220000000001,0.380141,GBR,ISR,851430
5093906,82,110,9334,2011,0.0,6029.0,-0.07754,-0.35434699999999997,GEO,ISR,851430
5093907,97,110,9334,2011,26250.0,0.0,0.663588,1.902118,HKG,ISR,851430
5093908,104,110,9334,2011,0.0,54126.0,0.18276199999999998,2.398765,IND,ISR,851430
5093909,106,110,9334,2011,0.0,8780.0,1.403182,0.290245,IRL,ISR,851430
5093910,111,110,9334,2011,195000.0,6358.0,1.298751,0.48013599999999995,ITA,ISR,851430
5093911,113,110,9334,2011,0.0,13799.0,0.231605,0.47049399999999997,JOR,ISR,851430
5093912,114,110,9334,2011,1041105.0,89758.0,2.516395,-0.534301,JPN,ISR,851430
5093913,121,110,9334,2011,195441.0,124808.0,1.731371,0.8306879999999999,KOR,ISR,851430
5093914,128,110,9334,2011,0.0,2128.0,-0.559311,0.398905,LKA,ISR,851430
5093915,132,110,9334,2011,0.0,7611.0,0.7320939999999999,1.101321,LVA,ISR,851430
5093916,138,110,9334,2011,0.0,16299.0,0.9534600000000001,0.706982,MEX,ISR,851430
5093917,140,110,9334,2011,0.0,1265.0,-0.12310499999999999,0.16392,MKD,ISR,851430
5093918,153,110,9334,2011,0.0,2000.0,0.9893290000000001,0.632079,MYS,ISR,851430
5093919,162,110,9334,2011,7571.0,2254.0,1.1655229999999999,1.410167,NLD,ISR,851430
5093920,166,110,9334,2011,5925.0,0.0,0.372732,0.548601,NZL,ISR,851430
5093921,177,110,9334,2011,115527.0,156091.0,1.133641,1.134203,POL,ISR,851430
5093922,185,110,9334,2011,0.0,8716.0,0.722,1.296655,ROU,ISR,851430
5093923,186,110,9334,2011,164887.0,79723.0,0.47319399999999995,-0.20801599999999998,RUS,ISR,851430
5093924,192,110,9334,2011,2900.0,0.0,1.849116,0.52127,SGP,ISR,851430
5093925,197,110,9334,2011,0.0,1292.0,-0.09713200000000001,0.20772600000000002,SLV,ISR,851430
5093926,207,110,9334,2011,0.0,1146.0,1.642913,0.700222,SVN,ISR,851430
5093927,216,110,9334,2011,0.0,789337.0,0.889009,1.503118,THA,ISR,851430
5093928,224,110,9334,2011,6151.0,0.0,0.45775,2.4316259999999996,TUR,ISR,851430
5093929,228,110,9334,2011,0.0,1901.0,0.6221409999999999,0.765505,UKR,ISR,851430
5093930,231,110,9334,2011,586597.0,308179.0,1.6884849999999998,-0.474499,USA,ISR,851430
5093931,232,110,9334,2011,0.0,51000.0,-0.785878,-0.663918,UZB,ISR,851430
5093932,246,110,9334,2011,0.0,10781.0,0.241792,1.353011,ZAF,ISR,851430
5093933,249,110,9334,2011,31434.0,58343.0,1.803234,0.921233,TWN,ISR,851430
5093934,2,111,9334,2011,0.0,18941.0,-1.252991,-1.132314,AGO,ITA,851430
5093935,4,111,9334,2011,0.0,11036.0,-0.331435,-0.034828,ALB,ITA,851430
5093936,7,111,9334,2011,0.0,266631.0,0.030652,-0.450808,ARE,ITA,851430
5093937,8,111,9334,2011,2805.0,7921.0,0.240494,0.540376,ARG,ITA,851430
5093938,9,111,9334,2011,0.0,2542.0,0.543397,-0.029376999999999997,ARM,ITA,851430
5093939,14,111,9334,2011,4352.0,199721.0,-0.138148,0.002999,AUS,ITA,851430
5093940,15,111,9334,2011,19028084.0,155212.0,1.687634,-0.229095,AUT,ITA,851430
5093941,16,111,9334,2011,0.0,2729.0,-1.313136,-1.189989,AZE,ITA,851430
5093942,18,111,9334,2011,81645.0,1462018.0,1.221703,1.247961,BEL,ITA,851430
5093943,19,111,9334,2011,0.0,20605.0,-1.189478,-0.8684709999999999,BEN,ITA,851430
5093944,21,111,9334,2011,0.0,29945.0,-1.163278,-1.002332,BFA,ITA,851430
5093945,22,111,9334,2011,0.0,110921.0,-1.074416,-0.8276370000000001,BGD,ITA,851430
5093946,23,111,9334,2011,1986.0,5289.0,0.537967,1.520973,BGR,ITA,851430
5093947,24,111,9334,2011,0.0,7442.0,0.04085,-0.873711,BHR,ITA,851430
5093948,26,111,9334,2011,0.0,21394.0,0.391425,0.6066600000000001,BIH,ITA,851430
5093949,28,111,9334,2011,0.0,92542.0,0.8786729999999999,0.442097,BLR,ITA,851430
5093950,31,111,9334,2011,0.0,1901.0,-0.818593,-0.8701770000000001,BOL,ITA,851430
5093951,32,111,9334,2011,0.0,2835864.0,0.27718400000000004,0.5674319999999999,BRA,ITA,851430
5093952,39,111,9334,2011,2524.0,24460.0,0.754813,1.1967290000000002,CAN,ITA,851430
5093953,41,111,9334,2011,3961145.0,648402.0,2.2644029999999997,0.406131,CHE,ITA,851430
5093954,42,111,9334,2011,0.0,166135.0,-0.199877,-0.353009,CHL,ITA,851430
5093955,43,111,9334,2011,196514.0,4628268.0,1.072299,1.686826,CHN,ITA,851430
5093956,44,111,9334,2011,0.0,1387.0,-1.069474,-0.867439,CIV,ITA,851430
5093957,45,111,9334,2011,0.0,5634.0,-0.7956340000000001,-0.8532790000000001,CMR,ITA,851430
5093958,47,111,9334,2011,0.0,4985.0,-0.979359,-1.084589,COG,ITA,851430
5093959,49,111,9334,2011,0.0,2041960.0,0.14336600000000002,-0.22996,COL,ITA,851430
5093960,51,111,9334,2011,0.0,2285.0,0.006139,-0.610237,CPV,ITA,851430
5093961,52,111,9334,2011,0.0,41475.0,0.04325,-0.553193,CRI,ITA,851430
5093962,58,111,9334,2011,0.0,211812.0,0.798165,0.424179,CYP,ITA,851430
5093963,59,111,9334,2011,336080.0,133227.0,1.737788,0.14741600000000002,CZE,ITA,851430
5093964,61,111,9334,2011,9072162.0,4066357.0,2.074435,-3.440815,DEU,ITA,851430
5093965,64,111,9334,2011,0.0,2841.0,1.156026,1.2248299999999999,DNK,ITA,851430
5093966,66,111,9334,2011,0.0,487990.0,-1.36763,-1.140594,DZA,ITA,851430
5093967,67,111,9334,2011,0.0,91650.0,-0.8250639999999999,-0.839082,ECU,ITA,851430
5093968,68,111,9334,2011,0.0,433274.0,-0.166243,1.384719,EGY,ITA,851430
5093969,71,111,9334,2011,63091.0,651037.0,0.8677290000000001,2.4618450000000003,ESP,ITA,851430
5093970,72,111,9334,2011,0.0,4052.0,0.9806790000000001,1.110449,EST,ITA,851430
5093971,73,111,9334,2011,0.0,36330.0,-1.258175,-0.920692,ETH,ITA,851430
5093972,74,111,9334,2011,17281.0,12252.0,1.7488830000000002,0.890934,FIN,ITA,851430
5093973,77,111,9334,2011,496536.0,573237.0,1.532054,0.09339299999999999,FRA,ITA,851430
5093974,81,111,9334,2011,215406.0,2958478.0,1.8048220000000001,0.380141,GBR,ITA,851430
5093975,82,111,9334,2011,0.0,7701.0,-0.07754,-0.35434699999999997,GEO,ITA,851430
5093976,83,111,9334,2011,0.0,20073.0,-0.8627319999999999,-0.608823,GHA,ITA,851430
5093977,90,111,9334,2011,0.0,5339.0,0.138679,1.30044,GRC,ITA,851430
5093978,93,111,9334,2011,0.0,36041.0,-0.329497,0.775369,GTM,ITA,851430
5093979,97,111,9334,2011,0.0,2211.0,0.663588,1.902118,HKG,ITA,851430
5093980,100,111,9334,2011,0.0,47134.0,0.868294,0.9424299999999999,HRV,ITA,851430
5093981,102,111,9334,2011,0.0,100090.0,1.486592,0.805642,HUN,ITA,851430
5093982,103,111,9334,2011,0.0,8134.0,-0.234125,1.168384,IDN,ITA,851430
5093983,104,111,9334,2011,2333.0,943589.0,0.18276199999999998,2.398765,IND,ITA,851430
5093984,107,111,9334,2011,0.0,961147.0,-0.915379,-0.973194,IRN,ITA,851430
5093985,109,111,9334,2011,0.0,1762.0,0.284202,-0.23753000000000002,ISL,ITA,851430
5093986,110,111,9334,2011,6358.0,195000.0,1.324384,0.714611,ISR,ITA,851430
5093987,113,111,9334,2011,0.0,1277488.0,0.231605,0.47049399999999997,JOR,ITA,851430
5093988,114,111,9334,2011,11470.0,34745.0,2.516395,-0.534301,JPN,ITA,851430
5093989,115,111,9334,2011,24990.0,38869.0,-0.514687,-0.775671,KAZ,ITA,851430
5093990,121,111,9334,2011,249314.0,1232980.0,1.731371,0.8306879999999999,KOR,ITA,851430
5093991,122,111,9334,2011,0.0,41967.0,-0.898582,-1.09893,KWT,ITA,851430
5093992,124,111,9334,2011,0.0,12038.0,0.278393,1.2962879999999999,LBN,ITA,851430
5093993,128,111,9334,2011,0.0,49100.0,-0.559311,0.398905,LKA,ITA,851430
5093994,130,111,9334,2011,0.0,4282.0,0.747963,0.9759530000000001,LTU,ITA,851430
5093995,133,111,9334,2011,0.0,4553.0,0.511015,0.560905,MAC,ITA,851430
5093996,134,111,9334,2011,0.0,60172.0,-0.485404,0.099828,MAR,ITA,851430
5093997,135,111,9334,2011,0.0,8778.0,-0.225556,0.28622,MDA,ITA,851430
5093998,136,111,9334,2011,0.0,1718.0,-1.040519,-0.404883,MDG,ITA,851430
5093999,137,111,9334,2011,0.0,64755.0,-0.937469,-0.87897,MDV,ITA,851430
5094000,138,111,9334,2011,11089.0,3268021.0,0.9534600000000001,0.706982,MEX,ITA,851430
5094001,140,111,9334,2011,0.0,54981.0,-0.12310499999999999,0.16392,MKD,ITA,851430
5094002,142,111,9334,2011,0.0,15715.0,1.3001340000000001,0.22605799999999998,MLT,ITA,851430
5094003,151,111,9334,2011,0.0,128220.0,-0.09464600000000001,0.091177,MUS,ITA,851430
5094004,153,111,9334,2011,111583.0,67340.0,0.9893290000000001,0.632079,MYS,ITA,851430
5094005,159,111,9334,2011,0.0,245869.0,-1.699286,-1.15511,NGA,ITA,851430
5094006,162,111,9334,2011,55994.0,1447012.0,1.1655229999999999,1.410167,NLD,ITA,851430
5094007,163,111,9334,2011,0.0,67162.0,0.8492770000000001,0.050044,NOR,ITA,851430
5094008,164,111,9334,2011,0.0,3098.0,-0.242299,0.801966,NPL,ITA,851430
5094009,166,111,9334,2011,0.0,6338.0,0.372732,0.548601,NZL,ITA,851430
5094010,167,111,9334,2011,0.0,7980.0,-0.473703,-0.952491,OMN,ITA,851430
5094011,168,111,9334,2011,0.0,49664.0,-0.729677,0.6026729999999999,PAK,ITA,851430
5094012,169,111,9334,2011,0.0,75873.0,0.786135,1.061008,PAN,ITA,851430
5094013,173,111,9334,2011,6232.0,119487.0,-0.455977,0.442543,PER,ITA,851430
5094014,174,111,9334,2011,0.0,22572.0,0.364707,0.322626,PHL,ITA,851430
5094015,177,111,9334,2011,0.0,2504201.0,1.133641,1.134203,POL,ITA,851430
5094016,179,111,9334,2011,0.0,33724.0,0.558481,2.7056240000000003,PRT,ITA,851430
5094017,181,111,9334,2011,0.0,172358.0,0.07902999999999999,0.550277,PSE,ITA,851430
5094018,183,111,9334,2011,0.0,215577.0,-0.45851899999999995,-1.017033,QAT,ITA,851430
5094019,185,111,9334,2011,29060.0,440795.0,0.722,1.296655,ROU,ITA,851430
5094020,186,111,9334,2011,0.0,9006287.0,0.47319399999999995,-0.20801599999999998,RUS,ITA,851430
5094021,188,111,9334,2011,0.0,950688.0,0.354045,-0.800028,SAU,ITA,851430
5094022,190,111,9334,2011,0.0,4579.0,-2.1675869999999997,-1.249272,SDN,ITA,851430
5094023,191,111,9334,2011,0.0,4138.0,-0.624346,-0.308052,SEN,ITA,851430
5094024,192,111,9334,2011,0.0,2158288.0,1.849116,0.52127,SGP,ITA,851430
5094025,197,111,9334,2011,0.0,15047.0,-0.09713200000000001,0.20772600000000002,SLV,ITA,851430
5094026,201,111,9334,2011,5004.0,12305.0,0.49055699999999997,1.5601399999999999,SRB,ITA,851430
5094027,206,111,9334,2011,0.0,327411.0,1.262897,0.8230569999999999,SVK,ITA,851430
5094028,207,111,9334,2011,8179.0,58715.0,1.642913,0.700222,SVN,ITA,851430
5094029,208,111,9334,2011,0.0,36948.0,1.857146,0.366159,SWE,ITA,851430
5094030,211,111,9334,2011,0.0,6556.0,0.287017,-0.5136850000000001,SYC,ITA,851430
5094031,212,111,9334,2011,0.0,152066.0,-0.604133,0.5268970000000001,SYR,ITA,851430
5094032,216,111,9334,2011,121780.0,823679.0,0.889009,1.503118,THA,ITA,851430
5094033,219,111,9334,2011,0.0,16628.0,-1.549495,-1.202504,TKM,ITA,851430
5094034,223,111,9334,2011,4177.0,63701.0,0.151221,1.1252360000000001,TUN,ITA,851430
5094035,224,111,9334,2011,43881.0,1457049.0,0.45775,2.4316259999999996,TUR,ITA,851430
5094036,226,111,9334,2011,0.0,19273.0,-0.751316,0.286505,TZA,ITA,851430
5094037,228,111,9334,2011,0.0,10757577.0,0.6221409999999999,0.765505,UKR,ITA,851430
5094038,230,111,9334,2011,0.0,199577.0,0.313195,0.042866,URY,ITA,851430
5094039,231,111,9334,2011,336171.0,1514486.0,1.6884849999999998,-0.474499,USA,ITA,851430
5094040,236,111,9334,2011,0.0,142782.0,-0.841147,-1.095636,VEN,ITA,851430
5094041,239,111,9334,2011,0.0,9020.0,-0.184453,1.637207,VNM,ITA,851430
5094042,243,111,9334,2011,0.0,3105.0,-1.44127,-1.242875,YEM,ITA,851430
5094043,246,111,9334,2011,0.0,160323.0,0.241792,1.353011,ZAF,ITA,851430
5094044,249,111,9334,2011,1938.0,38964.0,1.803234,0.921233,TWN,ITA,851430
5094045,32,112,9334,2011,1128.0,0.0,0.27718400000000004,0.5674319999999999,BRA,JAM,851430
5094046,33,112,9334,2011,0.0,1646.0,0.445982,0.204672,BRB,JAM,851430
5094047,169,112,9334,2011,4719.0,0.0,0.786135,1.061008,PAN,JAM,851430
5094048,231,112,9334,2011,7896.0,0.0,1.6884849999999998,-0.474499,USA,JAM,851430
5094049,7,114,9334,2011,0.0,114491.0,0.030652,-0.450808,ARE,JPN,851430
5094050,8,114,9334,2011,0.0,3407.0,0.240494,0.540376,ARG,JPN,851430
5094051,14,114,9334,2011,0.0,533532.0,-0.138148,0.002999,AUS,JPN,851430
5094052,15,114,9334,2011,4233444.0,169968.0,1.687634,-0.229095,AUT,JPN,851430
5094053,18,114,9334,2011,16074.0,0.0,1.221703,1.247961,BEL,JPN,851430
5094054,22,114,9334,2011,0.0,5526.0,-1.074416,-0.8276370000000001,BGD,JPN,851430
5094055,26,114,9334,2011,0.0,449.0,0.391425,0.6066600000000001,BIH,JPN,851430
5094056,32,114,9334,2011,0.0,847586.0,0.27718400000000004,0.5674319999999999,BRA,JPN,851430
5094057,37,114,9334,2011,0.0,21665.0,-0.48782600000000004,-1.051639,BWA,JPN,851430
5094058,39,114,9334,2011,0.0,695397.0,0.754813,1.1967290000000002,CAN,JPN,851430
5094059,41,114,9334,2011,45096.0,0.0,2.2644029999999997,0.406131,CHE,JPN,851430
5094060,42,114,9334,2011,0.0,1070.0,-0.199877,-0.353009,CHL,JPN,851430
5094061,43,114,9334,2011,1657073.0,20783946.0,1.072299,1.686826,CHN,JPN,851430
5094062,49,114,9334,2011,0.0,15574.0,0.14336600000000002,-0.22996,COL,JPN,851430
5094063,61,114,9334,2011,1670378.0,514518.0,2.074435,-3.440815,DEU,JPN,851430
5094064,64,114,9334,2011,256522.0,0.0,1.156026,1.2248299999999999,DNK,JPN,851430
5094065,65,114,9334,2011,0.0,2428.0,-0.260653,0.5682010000000001,DOM,JPN,851430
5094066,67,114,9334,2011,0.0,2667.0,-0.8250639999999999,-0.839082,ECU,JPN,851430
5094067,68,114,9334,2011,0.0,5268.0,-0.166243,1.384719,EGY,JPN,851430
5094068,71,114,9334,2011,28855.0,36795.0,0.8677290000000001,2.4618450000000003,ESP,JPN,851430
5094069,72,114,9334,2011,0.0,72646.0,0.9806790000000001,1.110449,EST,JPN,851430
5094070,77,114,9334,2011,145503.0,1196783.0,1.532054,0.09339299999999999,FRA,JPN,851430
5094071,81,114,9334,2011,92965.0,1558548.0,1.8048220000000001,0.380141,GBR,JPN,851430
5094072,90,114,9334,2011,0.0,7583.0,0.138679,1.30044,GRC,JPN,851430
5094073,97,114,9334,2011,0.0,1721203.0,0.663588,1.902118,HKG,JPN,851430
5094074,100,114,9334,2011,0.0,4172.0,0.868294,0.9424299999999999,HRV,JPN,851430
5094075,103,114,9334,2011,0.0,6131305.0,-0.234125,1.168384,IDN,JPN,851430
5094076,104,114,9334,2011,0.0,2029958.0,0.18276199999999998,2.398765,IND,JPN,851430
5094077,106,114,9334,2011,0.0,15887.0,1.403182,0.290245,IRL,JPN,851430
5094078,107,114,9334,2011,0.0,3461.0,-0.915379,-0.973194,IRN,JPN,851430
5094079,110,114,9334,2011,89758.0,1041105.0,1.324384,0.714611,ISR,JPN,851430
5094080,111,114,9334,2011,34745.0,11470.0,1.298751,0.48013599999999995,ITA,JPN,851430
5094081,121,114,9334,2011,531985.0,5191477.0,1.731371,0.8306879999999999,KOR,JPN,851430
5094082,128,114,9334,2011,0.0,4833.0,-0.559311,0.398905,LKA,JPN,851430
5094083,138,114,9334,2011,0.0,563291.0,0.9534600000000001,0.706982,MEX,JPN,851430
5094084,140,114,9334,2011,0.0,539.0,-0.12310499999999999,0.16392,MKD,JPN,851430
5094085,153,114,9334,2011,220879.0,6176293.0,0.9893290000000001,0.632079,MYS,JPN,851430
5094086,156,114,9334,2011,0.0,4664.0,-0.976349,-0.798691,NCL,JPN,851430
5094087,160,114,9334,2011,0.0,1256.0,-0.9592139999999999,-0.796108,NIC,JPN,851430
5094088,162,114,9334,2011,58298.0,0.0,1.1655229999999999,1.410167,NLD,JPN,851430
5094089,166,114,9334,2011,2716.0,126745.0,0.372732,0.548601,NZL,JPN,851430
5094090,168,114,9334,2011,0.0,2865.0,-0.729677,0.6026729999999999,PAK,JPN,851430
5094091,169,114,9334,2011,0.0,9853.0,0.786135,1.061008,PAN,JPN,851430
5094092,174,114,9334,2011,0.0,842506.0,0.364707,0.322626,PHL,JPN,851430
5094093,177,114,9334,2011,0.0,21077.0,1.133641,1.134203,POL,JPN,851430
5094094,186,114,9334,2011,0.0,492494.0,0.47319399999999995,-0.20801599999999998,RUS,JPN,851430
5094095,188,114,9334,2011,0.0,146354.0,0.354045,-0.800028,SAU,JPN,851430
5094096,192,114,9334,2011,35493.0,290862.0,1.849116,0.52127,SGP,JPN,851430
5094097,197,114,9334,2011,0.0,12927.0,-0.09713200000000001,0.20772600000000002,SLV,JPN,851430
5094098,205,114,9334,2011,0.0,3108.0,-0.504897,-0.835426,SUR,JPN,851430
5094099,206,114,9334,2011,0.0,161221.0,1.262897,0.8230569999999999,SVK,JPN,851430
5094100,207,114,9334,2011,18158.0,0.0,1.642913,0.700222,SVN,JPN,851430
5094101,208,114,9334,2011,11331541.0,16459.0,1.857146,0.366159,SWE,JPN,851430
5094102,216,114,9334,2011,723319.0,8584955.0,0.889009,1.503118,THA,JPN,851430
5094103,224,114,9334,2011,0.0,46986.0,0.45775,2.4316259999999996,TUR,JPN,851430
5094104,231,114,9334,2011,1191368.0,7400477.0,1.6884849999999998,-0.474499,USA,JPN,851430
5094105,236,114,9334,2011,0.0,255107.0,-0.841147,-1.095636,VEN,JPN,851430
5094106,239,114,9334,2011,18444.0,5004294.0,-0.184453,1.637207,VNM,JPN,851430
5094107,249,114,9334,2011,1254191.0,12132538.0,1.803234,0.921233,TWN,JPN,851430
5094108,7,121,9334,2011,0.0,48243.0,0.030652,-0.450808,ARE,KOR,851430
5094109,8,121,9334,2011,0.0,2820.0,0.240494,0.540376,ARG,KOR,851430
5094110,9,121,9334,2011,0.0,1306.0,0.543397,-0.029376999999999997,ARM,KOR,851430
5094111,14,121,9334,2011,0.0,41058.0,-0.138148,0.002999,AUS,KOR,851430
5094112,15,121,9334,2011,182568.0,498056.0,1.687634,-0.229095,AUT,KOR,851430
5094113,22,121,9334,2011,0.0,14915.0,-1.074416,-0.8276370000000001,BGD,KOR,851430
5094114,28,121,9334,2011,0.0,9990.0,0.8786729999999999,0.442097,BLR,KOR,851430
5094115,31,121,9334,2011,0.0,849.0,-0.818593,-0.8701770000000001,BOL,KOR,851430
5094116,32,121,9334,2011,0.0,429926.0,0.27718400000000004,0.5674319999999999,BRA,KOR,851430
5094117,34,121,9334,2011,0.0,2494.0,-0.171775,-0.6656810000000001,BRN,KOR,851430
5094118,39,121,9334,2011,9685.0,697986.0,0.754813,1.1967290000000002,CAN,KOR,851430
5094119,41,121,9334,2011,156874.0,0.0,2.2644029999999997,0.406131,CHE,KOR,851430
5094120,42,121,9334,2011,0.0,49322.0,-0.199877,-0.353009,CHL,KOR,851430
5094121,43,121,9334,2011,622821.0,17443762.0,1.072299,1.686826,CHN,KOR,851430
5094122,44,121,9334,2011,0.0,10729.0,-1.069474,-0.867439,CIV,KOR,851430
5094123,49,121,9334,2011,0.0,1180.0,0.14336600000000002,-0.22996,COL,KOR,851430
5094124,52,121,9334,2011,0.0,88954.0,0.04325,-0.553193,CRI,KOR,851430
5094125,59,121,9334,2011,6624.0,2952.0,1.737788,0.14741600000000002,CZE,KOR,851430
5094126,61,121,9334,2011,576762.0,111426.0,2.074435,-3.440815,DEU,KOR,851430
5094127,64,121,9334,2011,0.0,76915.0,1.156026,1.2248299999999999,DNK,KOR,851430
5094128,66,121,9334,2011,0.0,15499.0,-1.36763,-1.140594,DZA,KOR,851430
5094129,67,121,9334,2011,0.0,6966.0,-0.8250639999999999,-0.839082,ECU,KOR,851430
5094130,68,121,9334,2011,0.0,3260.0,-0.166243,1.384719,EGY,KOR,851430
5094131,72,121,9334,2011,0.0,5312.0,0.9806790000000001,1.110449,EST,KOR,851430
5094132,73,121,9334,2011,0.0,3625.0,-1.258175,-0.920692,ETH,KOR,851430
5094133,74,121,9334,2011,13802.0,2040.0,1.7488830000000002,0.890934,FIN,KOR,851430
5094134,77,121,9334,2011,235132.0,32712.0,1.532054,0.09339299999999999,FRA,KOR,851430
5094135,81,121,9334,2011,17744.0,129359.0,1.8048220000000001,0.380141,GBR,KOR,851430
5094136,97,121,9334,2011,26533.0,110699.0,0.663588,1.902118,HKG,KOR,851430
5094137,103,121,9334,2011,0.0,169875.0,-0.234125,1.168384,IDN,KOR,851430
5094138,104,121,9334,2011,250887.0,756845.0,0.18276199999999998,2.398765,IND,KOR,851430
5094139,106,121,9334,2011,0.0,20334.0,1.403182,0.290245,IRL,KOR,851430
5094140,107,121,9334,2011,0.0,19070.0,-0.915379,-0.973194,IRN,KOR,851430
5094141,108,121,9334,2011,0.0,9785.0,-2.175137,-0.726975,IRQ,KOR,851430
5094142,110,121,9334,2011,124808.0,195441.0,1.324384,0.714611,ISR,KOR,851430
5094143,111,121,9334,2011,1232980.0,249314.0,1.298751,0.48013599999999995,ITA,KOR,851430
5094144,113,121,9334,2011,0.0,6737.0,0.231605,0.47049399999999997,JOR,KOR,851430
5094145,114,121,9334,2011,5191477.0,531985.0,2.516395,-0.534301,JPN,KOR,851430
5094146,115,121,9334,2011,0.0,139105.0,-0.514687,-0.775671,KAZ,KOR,851430
5094147,116,121,9334,2011,0.0,28316.0,-0.48319300000000004,0.346927,KEN,KOR,851430
5094148,123,121,9334,2011,0.0,1812.0,-1.135039,-0.929759,LAO,KOR,851430
5094149,124,121,9334,2011,0.0,7029.0,0.278393,1.2962879999999999,LBN,KOR,851430
5094150,128,121,9334,2011,0.0,5374.0,-0.559311,0.398905,LKA,KOR,851430
5094151,131,121,9334,2011,0.0,2784.0,1.1655739999999999,1.222379,LUX,KOR,851430
5094152,134,121,9334,2011,0.0,4881.0,-0.485404,0.099828,MAR,KOR,851430
5094153,138,121,9334,2011,0.0,1057830.0,0.9534600000000001,0.706982,MEX,KOR,851430
5094154,143,121,9334,2011,0.0,1316.0,-1.3557190000000001,-0.929934,MMR,KOR,851430
5094155,153,121,9334,2011,22900.0,1281206.0,0.9893290000000001,0.632079,MYS,KOR,851430
5094156,159,121,9334,2011,0.0,35900.0,-1.699286,-1.15511,NGA,KOR,851430
5094157,162,121,9334,2011,0.0,268861.0,1.1655229999999999,1.410167,NLD,KOR,851430
5094158,163,121,9334,2011,0.0,32672.0,0.8492770000000001,0.050044,NOR,KOR,851430
5094159,168,121,9334,2011,0.0,3765.0,-0.729677,0.6026729999999999,PAK,KOR,851430
5094160,169,121,9334,2011,0.0,14747.0,0.786135,1.061008,PAN,KOR,851430
5094161,173,121,9334,2011,0.0,2981.0,-0.455977,0.442543,PER,KOR,851430
5094162,174,121,9334,2011,0.0,1005409.0,0.364707,0.322626,PHL,KOR,851430
5094163,177,121,9334,2011,0.0,202805.0,1.133641,1.134203,POL,KOR,851430
5094164,181,121,9334,2011,0.0,687.0,0.07902999999999999,0.550277,PSE,KOR,851430
5094165,186,121,9334,2011,14968141.0,197440.0,0.47319399999999995,-0.20801599999999998,RUS,KOR,851430
5094166,188,121,9334,2011,0.0,25624.0,0.354045,-0.800028,SAU,KOR,851430
5094167,190,121,9334,2011,0.0,5470.0,-2.1675869999999997,-1.249272,SDN,KOR,851430
5094168,192,121,9334,2011,341366.0,332827.0,1.849116,0.52127,SGP,KOR,851430
5094169,207,121,9334,2011,3117.0,0.0,1.642913,0.700222,SVN,KOR,851430
5094170,212,121,9334,2011,0.0,3534.0,-0.604133,0.5268970000000001,SYR,KOR,851430
5094171,216,121,9334,2011,27450.0,912002.0,0.889009,1.503118,THA,KOR,851430
5094172,219,121,9334,2011,0.0,1618.0,-1.549495,-1.202504,TKM,KOR,851430
5094173,223,121,9334,2011,0.0,2373.0,0.151221,1.1252360000000001,TUN,KOR,851430
5094174,224,121,9334,2011,0.0,62420.0,0.45775,2.4316259999999996,TUR,KOR,851430
5094175,227,121,9334,2011,0.0,2570.0,-0.7153,-0.062678,UGA,KOR,851430
5094176,228,121,9334,2011,0.0,10196.0,0.6221409999999999,0.765505,UKR,KOR,851430
5094177,231,121,9334,2011,2660838.0,577445.0,1.6884849999999998,-0.474499,USA,KOR,851430
5094178,232,121,9334,2011,0.0,124879.0,-0.785878,-0.663918,UZB,KOR,851430
5094179,236,121,9334,2011,204166.0,3442.0,-0.841147,-1.095636,VEN,KOR,851430
5094180,239,121,9334,2011,0.0,568850.0,-0.184453,1.637207,VNM,KOR,851430
5094181,243,121,9334,2011,0.0,3549.0,-1.44127,-1.242875,YEM,KOR,851430
5094182,246,121,9334,2011,0.0,22381.0,0.241792,1.353011,ZAF,KOR,851430
5094183,248,121,9334,2011,0.0,6712.0,-0.858662,-0.8632719999999999,ZWE,KOR,851430
5094184,249,121,9334,2011,858699.0,3386318.0,1.803234,0.921233,TWN,KOR,851430
5094185,43,122,9334,2011,30626.0,0.0,1.072299,1.686826,CHN,KWT,851430
5094186,77,122,9334,2011,4254.0,0.0,1.532054,0.09339299999999999,FRA,KWT,851430
5094187,104,122,9334,2011,177176.0,0.0,0.18276199999999998,2.398765,IND,KWT,851430
5094188,111,122,9334,2011,41967.0,0.0,1.298751,0.48013599999999995,ITA,KWT,851430
5094189,167,122,9334,2011,0.0,103570.0,-0.473703,-0.952491,OMN,KWT,851430
5094190,188,122,9334,2011,0.0,18398.0,0.354045,-0.800028,SAU,KWT,851430
5094191,192,122,9334,2011,1408.0,0.0,1.849116,0.52127,SGP,KWT,851430
5094192,208,122,9334,2011,47186.0,0.0,1.857146,0.366159,SWE,KWT,851430
5094193,216,122,9334,2011,4395.0,0.0,0.889009,1.503118,THA,KWT,851430
5094194,224,122,9334,2011,16836.0,0.0,0.45775,2.4316259999999996,TUR,KWT,851430
5094195,231,122,9334,2011,14506.0,0.0,1.6884849999999998,-0.474499,USA,KWT,851430
5094196,7,134,9334,2011,3490.0,0.0,0.030652,-0.450808,ARE,MAR,851430
5094197,8,134,9334,2011,5402.0,0.0,0.240494,0.540376,ARG,MAR,851430
5094198,15,134,9334,2011,22406.0,0.0,1.687634,-0.229095,AUT,MAR,851430
5094199,18,134,9334,2011,45056.0,0.0,1.221703,1.247961,BEL,MAR,851430
5094200,41,134,9334,2011,184548.0,0.0,2.2644029999999997,0.406131,CHE,MAR,851430
5094201,43,134,9334,2011,34144.0,0.0,1.072299,1.686826,CHN,MAR,851430
5094202,61,134,9334,2011,42323.0,0.0,2.074435,-3.440815,DEU,MAR,851430
5094203,71,134,9334,2011,418900.0,1830.0,0.8677290000000001,2.4618450000000003,ESP,MAR,851430
5094204,74,134,9334,2011,324505.0,0.0,1.7488830000000002,0.890934,FIN,MAR,851430
5094205,77,134,9334,2011,413174.0,0.0,1.532054,0.09339299999999999,FRA,MAR,851430
5094206,81,134,9334,2011,6568.0,0.0,1.8048220000000001,0.380141,GBR,MAR,851430
5094207,89,134,9334,2011,0.0,291062.0,-1.634315,-0.7567729999999999,GNQ,MAR,851430
5094208,111,134,9334,2011,60172.0,0.0,1.298751,0.48013599999999995,ITA,MAR,851430
5094209,121,134,9334,2011,4881.0,0.0,1.731371,0.8306879999999999,KOR,MAR,851430
5094210,131,134,9334,2011,9275.0,0.0,1.1655739999999999,1.222379,LUX,MAR,851430
5094211,157,134,9334,2011,0.0,10279.0,-0.85208,-0.731996,NER,MAR,851430
5094212,177,134,9334,2011,112531.0,0.0,1.133641,1.134203,POL,MAR,851430
5094213,179,134,9334,2011,3081.0,0.0,0.558481,2.7056240000000003,PRT,MAR,851430
5094214,223,134,9334,2011,35071.0,0.0,0.151221,1.1252360000000001,TUN,MAR,851430
5094215,224,134,9334,2011,3403.0,0.0,0.45775,2.4316259999999996,TUR,MAR,851430
5094216,231,134,9334,2011,7965.0,0.0,1.6884849999999998,-0.474499,USA,MAR,851430
5094217,249,134,9334,2011,3468.0,0.0,1.803234,0.921233,TWN,MAR,851430
5094218,0,138,9334,2011,0.0,1208.0,-0.282585,-0.71273,ABW,MEX,851430
5094219,8,138,9334,2011,0.0,3396.0,0.240494,0.540376,ARG,MEX,851430
5094220,14,138,9334,2011,51627.0,17096.0,-0.138148,0.002999,AUS,MEX,851430
5094221,15,138,9334,2011,183476.0,0.0,1.687634,-0.229095,AUT,MEX,851430
5094222,26,138,9334,2011,1104405.0,0.0,0.391425,0.6066600000000001,BIH,MEX,851430
5094223,32,138,9334,2011,14079.0,108668.0,0.27718400000000004,0.5674319999999999,BRA,MEX,851430
5094224,39,138,9334,2011,315845.0,77862.0,0.754813,1.1967290000000002,CAN,MEX,851430
5094225,41,138,9334,2011,20304.0,0.0,2.2644029999999997,0.406131,CHE,MEX,851430
5094226,42,138,9334,2011,130099.0,980.0,-0.199877,-0.353009,CHL,MEX,851430
5094227,43,138,9334,2011,420597.0,4852.0,1.072299,1.686826,CHN,MEX,851430
5094228,49,138,9334,2011,0.0,13014.0,0.14336600000000002,-0.22996,COL,MEX,851430
5094229,52,138,9334,2011,0.0,15866.0,0.04325,-0.553193,CRI,MEX,851430
5094230,59,138,9334,2011,10116.0,0.0,1.737788,0.14741600000000002,CZE,MEX,851430
5094231,61,138,9334,2011,115983.0,4485.0,2.074435,-3.440815,DEU,MEX,851430
5094232,64,138,9334,2011,4419.0,0.0,1.156026,1.2248299999999999,DNK,MEX,851430
5094233,65,138,9334,2011,0.0,18607.0,-0.260653,0.5682010000000001,DOM,MEX,851430
5094234,67,138,9334,2011,0.0,23080.0,-0.8250639999999999,-0.839082,ECU,MEX,851430
5094235,68,138,9334,2011,0.0,4866.0,-0.166243,1.384719,EGY,MEX,851430
5094236,71,138,9334,2011,135905.0,0.0,0.8677290000000001,2.4618450000000003,ESP,MEX,851430
5094237,74,138,9334,2011,1286298.0,0.0,1.7488830000000002,0.890934,FIN,MEX,851430
5094238,77,138,9334,2011,126917.0,97194.0,1.532054,0.09339299999999999,FRA,MEX,851430
5094239,81,138,9334,2011,618594.0,6295.0,1.8048220000000001,0.380141,GBR,MEX,851430
5094240,93,138,9334,2011,0.0,35179.0,-0.329497,0.775369,GTM,MEX,851430
5094241,99,138,9334,2011,0.0,6305.0,-0.740241,-0.311952,HND,MEX,851430
5094242,104,138,9334,2011,7879.0,0.0,0.18276199999999998,2.398765,IND,MEX,851430
5094243,106,138,9334,2011,55770.0,45293.0,1.403182,0.290245,IRL,MEX,851430
5094244,110,138,9334,2011,16299.0,0.0,1.324384,0.714611,ISR,MEX,851430
5094245,111,138,9334,2011,3268021.0,11089.0,1.298751,0.48013599999999995,ITA,MEX,851430
5094246,113,138,9334,2011,0.0,2509.0,0.231605,0.47049399999999997,JOR,MEX,851430
5094247,114,138,9334,2011,563291.0,0.0,2.516395,-0.534301,JPN,MEX,851430
5094248,121,138,9334,2011,1057830.0,0.0,1.731371,0.8306879999999999,KOR,MEX,851430
5094249,153,138,9334,2011,93531.0,1461.0,0.9893290000000001,0.632079,MYS,MEX,851430
5094250,160,138,9334,2011,0.0,5953.0,-0.9592139999999999,-0.796108,NIC,MEX,851430
5094251,162,138,9334,2011,572433.0,21180.0,1.1655229999999999,1.410167,NLD,MEX,851430
5094252,166,138,9334,2011,23973.0,0.0,0.372732,0.548601,NZL,MEX,851430
5094253,169,138,9334,2011,0.0,30254.0,0.786135,1.061008,PAN,MEX,851430
5094254,173,138,9334,2011,0.0,8105.0,-0.455977,0.442543,PER,MEX,851430
5094255,177,138,9334,2011,7761.0,0.0,1.133641,1.134203,POL,MEX,851430
5094256,178,138,9334,2011,1758.0,0.0,-0.024317,-0.154781,PRK,MEX,851430
5094257,192,138,9334,2011,132711.0,1204.0,1.849116,0.52127,SGP,MEX,851430
5094258,197,138,9334,2011,0.0,68924.0,-0.09713200000000001,0.20772600000000002,SLV,MEX,851430
5094259,208,138,9334,2011,1900.0,0.0,1.857146,0.366159,SWE,MEX,851430
5094260,216,138,9334,2011,10214.0,0.0,0.889009,1.503118,THA,MEX,851430
5094261,224,138,9334,2011,7413.0,0.0,0.45775,2.4316259999999996,TUR,MEX,851430
5094262,230,138,9334,2011,0.0,6603.0,0.313195,0.042866,URY,MEX,851430
5094263,231,138,9334,2011,11799662.0,18620.0,1.6884849999999998,-0.474499,USA,MEX,851430
5094264,236,138,9334,2011,0.0,18418.0,-0.841147,-1.095636,VEN,MEX,851430
5094265,249,138,9334,2011,35185.0,0.0,1.803234,0.921233,TWN,MEX,851430
5094266,250,138,9334,2011,22616.0,0.0,0.475638,-0.160135,ANS,MEX,851430
5094267,2,153,9334,2011,0.0,1002.0,-1.252991,-1.132314,AGO,MYS,851430
5094268,7,153,9334,2011,1995.0,0.0,0.030652,-0.450808,ARE,MYS,851430
5094269,14,153,9334,2011,50291.0,50258.0,-0.138148,0.002999,AUS,MYS,851430
5094270,15,153,9334,2011,32955.0,8823.0,1.687634,-0.229095,AUT,MYS,851430
5094271,18,153,9334,2011,284744.0,78475.0,1.221703,1.247961,BEL,MYS,851430
5094272,23,153,9334,2011,0.0,31573.0,0.537967,1.520973,BGR,MYS,851430
5094273,28,153,9334,2011,0.0,377.0,0.8786729999999999,0.442097,BLR,MYS,851430
5094274,32,153,9334,2011,0.0,43443.0,0.27718400000000004,0.5674319999999999,BRA,MYS,851430
5094275,34,153,9334,2011,1262.0,39529.0,-0.171775,-0.6656810000000001,BRN,MYS,851430
5094276,39,153,9334,2011,45028.0,155259.0,0.754813,1.1967290000000002,CAN,MYS,851430
5094277,41,153,9334,2011,3975.0,0.0,2.2644029999999997,0.406131,CHE,MYS,851430
5094278,43,153,9334,2011,5876816.0,891743.0,1.072299,1.686826,CHN,MYS,851430
5094279,59,153,9334,2011,42211.0,100348.0,1.737788,0.14741600000000002,CZE,MYS,851430
5094280,61,153,9334,2011,25986.0,66503.0,2.074435,-3.440815,DEU,MYS,851430
5094281,71,153,9334,2011,168600.0,25014.0,0.8677290000000001,2.4618450000000003,ESP,MYS,851430
5094282,77,153,9334,2011,6001.0,50070.0,1.532054,0.09339299999999999,FRA,MYS,851430
5094283,81,153,9334,2011,293091.0,255359.0,1.8048220000000001,0.380141,GBR,MYS,851430
5094284,97,153,9334,2011,513113.0,43578.0,0.663588,1.902118,HKG,MYS,851430
5094285,100,153,9334,2011,0.0,32417.0,0.868294,0.9424299999999999,HRV,MYS,851430
5094286,102,153,9334,2011,2330.0,20008.0,1.486592,0.805642,HUN,MYS,851430
5094287,103,153,9334,2011,19048.0,295725.0,-0.234125,1.168384,IDN,MYS,851430
5094288,104,153,9334,2011,183197.0,181083.0,0.18276199999999998,2.398765,IND,MYS,851430
5094289,106,153,9334,2011,0.0,26472.0,1.403182,0.290245,IRL,MYS,851430
5094290,107,153,9334,2011,0.0,667849.0,-0.915379,-0.973194,IRN,MYS,851430
5094291,110,153,9334,2011,2000.0,0.0,1.324384,0.714611,ISR,MYS,851430
5094292,111,153,9334,2011,67340.0,111583.0,1.298751,0.48013599999999995,ITA,MYS,851430
5094293,114,153,9334,2011,6176293.0,220879.0,2.516395,-0.534301,JPN,MYS,851430
5094294,116,153,9334,2011,0.0,136810.0,-0.48319300000000004,0.346927,KEN,MYS,851430
5094295,118,153,9334,2011,0.0,1109.0,-1.162858,-1.103539,KHM,MYS,851430
5094296,121,153,9334,2011,1281206.0,22900.0,1.731371,0.8306879999999999,KOR,MYS,851430
5094297,128,153,9334,2011,0.0,36923.0,-0.559311,0.398905,LKA,MYS,851430
5094298,130,153,9334,2011,0.0,22837.0,0.747963,0.9759530000000001,LTU,MYS,851430
5094299,137,153,9334,2011,0.0,5464.0,-0.937469,-0.87897,MDV,MYS,851430
5094300,138,153,9334,2011,1461.0,93531.0,0.9534600000000001,0.706982,MEX,MYS,851430
5094301,143,153,9334,2011,0.0,1753.0,-1.3557190000000001,-0.929934,MMR,MYS,851430
5094302,156,153,9334,2011,0.0,1504891.0,-0.976349,-0.798691,NCL,MYS,851430
5094303,162,153,9334,2011,28888.0,22292.0,1.1655229999999999,1.410167,NLD,MYS,851430
5094304,174,153,9334,2011,96636.0,239623.0,0.364707,0.322626,PHL,MYS,851430
5094305,183,153,9334,2011,0.0,4361.0,-0.45851899999999995,-1.017033,QAT,MYS,851430
5094306,186,153,9334,2011,0.0,117513.0,0.47319399999999995,-0.20801599999999998,RUS,MYS,851430
5094307,192,153,9334,2011,3845708.0,569089.0,1.849116,0.52127,SGP,MYS,851430
5094308,206,153,9334,2011,0.0,503.0,1.262897,0.8230569999999999,SVK,MYS,851430
5094309,216,153,9334,2011,356754.0,1324353.0,0.889009,1.503118,THA,MYS,851430
5094310,224,153,9334,2011,1804.0,0.0,0.45775,2.4316259999999996,TUR,MYS,851430
5094311,228,153,9334,2011,19206.0,0.0,0.6221409999999999,0.765505,UKR,MYS,851430
5094312,231,153,9334,2011,12756131.0,1915122.0,1.6884849999999998,-0.474499,USA,MYS,851430
5094313,239,153,9334,2011,0.0,134546.0,-0.184453,1.637207,VNM,MYS,851430
5094314,246,153,9334,2011,0.0,36434.0,0.241792,1.353011,ZAF,MYS,851430
5094315,249,153,9334,2011,986194.0,0.0,1.803234,0.921233,TWN,MYS,851430
5094316,250,153,9334,2011,2492.0,0.0,0.475638,-0.160135,ANS,MYS,851430
5094317,2,162,9334,2011,0.0,997.0,-1.252991,-1.132314,AGO,NLD,851430
5094318,7,162,9334,2011,0.0,13172.0,0.030652,-0.450808,ARE,NLD,851430
5094319,14,162,9334,2011,970637.0,7960.0,-0.138148,0.002999,AUS,NLD,851430
5094320,15,162,9334,2011,0.0,26852.0,1.687634,-0.229095,AUT,NLD,851430
5094321,16,162,9334,2011,0.0,4142.0,-1.313136,-1.189989,AZE,NLD,851430
5094322,18,162,9334,2011,91887.0,2384832.0,1.221703,1.247961,BEL,NLD,851430
5094323,23,162,9334,2011,0.0,1143.0,0.537967,1.520973,BGR,NLD,851430
5094324,28,162,9334,2011,0.0,2242.0,0.8786729999999999,0.442097,BLR,NLD,851430
5094325,32,162,9334,2011,0.0,37767.0,0.27718400000000004,0.5674319999999999,BRA,NLD,851430
5094326,39,162,9334,2011,0.0,16877.0,0.754813,1.1967290000000002,CAN,NLD,851430
5094327,41,162,9334,2011,67813.0,41565.0,2.2644029999999997,0.406131,CHE,NLD,851430
5094328,43,162,9334,2011,401417.0,263905.0,1.072299,1.686826,CHN,NLD,851430
5094329,45,162,9334,2011,0.0,2017.0,-0.7956340000000001,-0.8532790000000001,CMR,NLD,851430
5094330,51,162,9334,2011,0.0,1271.0,0.006139,-0.610237,CPV,NLD,851430
5094331,54,162,9334,2011,0.0,32600.0,-0.050093,-0.88759,CUB,NLD,851430
5094332,55,162,9334,2011,0.0,17767.0,-0.052038,-0.69103,CUW,NLD,851430
5094333,58,162,9334,2011,0.0,98685.0,0.798165,0.424179,CYP,NLD,851430
5094334,59,162,9334,2011,2786.0,24235.0,1.737788,0.14741600000000002,CZE,NLD,851430
5094335,61,162,9334,2011,7681339.0,1312478.0,2.074435,-3.440815,DEU,NLD,851430
5094336,64,162,9334,2011,6158236.0,18693.0,1.156026,1.2248299999999999,DNK,NLD,851430
5094337,68,162,9334,2011,0.0,6292.0,-0.166243,1.384719,EGY,NLD,851430
5094338,71,162,9334,2011,0.0,143405.0,0.8677290000000001,2.4618450000000003,ESP,NLD,851430
5094339,74,162,9334,2011,39460.0,16187.0,1.7488830000000002,0.890934,FIN,NLD,851430
5094340,77,162,9334,2011,601526.0,189991.0,1.532054,0.09339299999999999,FRA,NLD,851430
5094341,81,162,9334,2011,79057.0,78426.0,1.8048220000000001,0.380141,GBR,NLD,851430
5094342,82,162,9334,2011,0.0,7644.0,-0.07754,-0.35434699999999997,GEO,NLD,851430
5094343,90,162,9334,2011,0.0,4125.0,0.138679,1.30044,GRC,NLD,851430
5094344,102,162,9334,2011,0.0,7924.0,1.486592,0.805642,HUN,NLD,851430
5094345,103,162,9334,2011,0.0,35818.0,-0.234125,1.168384,IDN,NLD,851430
5094346,104,162,9334,2011,19214.0,56962.0,0.18276199999999998,2.398765,IND,NLD,851430
5094347,106,162,9334,2011,0.0,65310.0,1.403182,0.290245,IRL,NLD,851430
5094348,108,162,9334,2011,0.0,35163.0,-2.175137,-0.726975,IRQ,NLD,851430
5094349,109,162,9334,2011,0.0,24893.0,0.284202,-0.23753000000000002,ISL,NLD,851430
5094350,110,162,9334,2011,2254.0,7571.0,1.324384,0.714611,ISR,NLD,851430
5094351,111,162,9334,2011,1447012.0,55994.0,1.298751,0.48013599999999995,ITA,NLD,851430
5094352,114,162,9334,2011,0.0,58298.0,2.516395,-0.534301,JPN,NLD,851430
5094353,121,162,9334,2011,268861.0,0.0,1.731371,0.8306879999999999,KOR,NLD,851430
5094354,124,162,9334,2011,0.0,13465.0,0.278393,1.2962879999999999,LBN,NLD,851430
5094355,130,162,9334,2011,0.0,226557.0,0.747963,0.9759530000000001,LTU,NLD,851430
5094356,132,162,9334,2011,0.0,2934.0,0.7320939999999999,1.101321,LVA,NLD,851430
5094357,138,162,9334,2011,21180.0,572433.0,0.9534600000000001,0.706982,MEX,NLD,851430
5094358,142,162,9334,2011,0.0,8135.0,1.3001340000000001,0.22605799999999998,MLT,NLD,851430
5094359,153,162,9334,2011,22292.0,28888.0,0.9893290000000001,0.632079,MYS,NLD,851430
5094360,163,162,9334,2011,1551.0,85628.0,0.8492770000000001,0.050044,NOR,NLD,851430
5094361,164,162,9334,2011,0.0,1272.0,-0.242299,0.801966,NPL,NLD,851430
5094362,166,162,9334,2011,0.0,57366.0,0.372732,0.548601,NZL,NLD,851430
5094363,177,162,9334,2011,0.0,72480.0,1.133641,1.134203,POL,NLD,851430
5094364,179,162,9334,2011,0.0,20010.0,0.558481,2.7056240000000003,PRT,NLD,851430
5094365,185,162,9334,2011,0.0,44526.0,0.722,1.296655,ROU,NLD,851430
5094366,186,162,9334,2011,223344.0,15865.0,0.47319399999999995,-0.20801599999999998,RUS,NLD,851430
5094367,188,162,9334,2011,12998.0,0.0,0.354045,-0.800028,SAU,NLD,851430
5094368,191,162,9334,2011,4634.0,0.0,-0.624346,-0.308052,SEN,NLD,851430
5094369,192,162,9334,2011,466581.0,13893.0,1.849116,0.52127,SGP,NLD,851430
5094370,201,162,9334,2011,6269.0,0.0,0.49055699999999997,1.5601399999999999,SRB,NLD,851430
5094371,205,162,9334,2011,961.0,71342.0,-0.504897,-0.835426,SUR,NLD,851430
5094372,207,162,9334,2011,17318.0,0.0,1.642913,0.700222,SVN,NLD,851430
5094373,208,162,9334,2011,0.0,12335.0,1.857146,0.366159,SWE,NLD,851430
5094374,216,162,9334,2011,19300.0,617600.0,0.889009,1.503118,THA,NLD,851430
5094375,223,162,9334,2011,0.0,2557.0,0.151221,1.1252360000000001,TUN,NLD,851430
5094376,224,162,9334,2011,32481.0,40418.0,0.45775,2.4316259999999996,TUR,NLD,851430
5094377,226,162,9334,2011,0.0,6462.0,-0.751316,0.286505,TZA,NLD,851430
5094378,231,162,9334,2011,485776.0,1955051.0,1.6884849999999998,-0.474499,USA,NLD,851430
5094379,237,162,9334,2011,0.0,1644.0,0.780217,-0.010428,VGB,NLD,851430
5094380,246,162,9334,2011,0.0,74886.0,0.241792,1.353011,ZAF,NLD,851430
5094381,249,162,9334,2011,14697.0,1121895.0,1.803234,0.921233,TWN,NLD,851430
5094382,250,162,9334,2011,16978.0,0.0,0.475638,-0.160135,ANS,NLD,851430
5094383,1,166,9334,2011,0.0,7526.0,-0.8426809999999999,-0.640418,AFG,NZL,851430
5094384,14,166,9334,2011,53314.0,138695.0,-0.138148,0.002999,AUS,NZL,851430
5094385,43,166,9334,2011,56172.0,2230.0,1.072299,1.686826,CHN,NZL,851430
5094386,61,166,9334,2011,22681.0,982.0,2.074435,-3.440815,DEU,NZL,851430
5094387,68,166,9334,2011,0.0,10434.0,-0.166243,1.384719,EGY,NZL,851430
5094388,75,166,9334,2011,0.0,16552.0,-0.434356,-0.010863,FJI,NZL,851430
5094389,81,166,9334,2011,0.0,2868276.0,1.8048220000000001,0.380141,GBR,NZL,851430
5094390,103,166,9334,2011,0.0,28380.0,-0.234125,1.168384,IDN,NZL,851430
5094391,104,166,9334,2011,9279.0,0.0,0.18276199999999998,2.398765,IND,NZL,851430
5094392,106,166,9334,2011,0.0,8718.0,1.403182,0.290245,IRL,NZL,851430
5094393,110,166,9334,2011,0.0,5925.0,1.324384,0.714611,ISR,NZL,851430
5094394,111,166,9334,2011,6338.0,0.0,1.298751,0.48013599999999995,ITA,NZL,851430
5094395,114,166,9334,2011,126745.0,2716.0,2.516395,-0.534301,JPN,NZL,851430
5094396,138,166,9334,2011,0.0,23973.0,0.9534600000000001,0.706982,MEX,NZL,851430
5094397,156,166,9334,2011,0.0,7484.0,-0.976349,-0.798691,NCL,NZL,851430
5094398,162,166,9334,2011,57366.0,0.0,1.1655229999999999,1.410167,NLD,NZL,851430
5094399,168,166,9334,2011,0.0,102962.0,-0.729677,0.6026729999999999,PAK,NZL,851430
5094400,174,166,9334,2011,17801.0,3045.0,0.364707,0.322626,PHL,NZL,851430
5094401,176,166,9334,2011,0.0,26312.0,-1.1111659999999999,-0.9458610000000001,PNG,NZL,851430
5094402,192,166,9334,2011,6737.0,3922.0,1.849116,0.52127,SGP,NZL,851430
5094403,195,166,9334,2011,0.0,6919.0,-1.401353,-0.931205,SLB,NZL,851430
5094404,207,166,9334,2011,868.0,0.0,1.642913,0.700222,SVN,NZL,851430
5094405,216,166,9334,2011,0.0,5680.0,0.889009,1.503118,THA,NZL,851430
5094406,221,166,9334,2011,0.0,3287.0,-0.14256,-0.589116,TON,NZL,851430
5094407,231,166,9334,2011,217601.0,375778.0,1.6884849999999998,-0.474499,USA,NZL,851430
5094408,242,166,9334,2011,0.0,2690.0,0.9658110000000001,0.30804699999999996,WSM,NZL,851430
5094409,7,168,9334,2011,4943.0,0.0,0.030652,-0.450808,ARE,PAK,851430
5094410,14,168,9334,2011,0.0,1124.0,-0.138148,0.002999,AUS,PAK,851430
5094411,15,168,9334,2011,19505.0,0.0,1.687634,-0.229095,AUT,PAK,851430
5094412,29,168,9334,2011,3556.0,0.0,-0.382684,-0.581376,BLZ,PAK,851430
5094413,41,168,9334,2011,11036.0,0.0,2.2644029999999997,0.406131,CHE,PAK,851430
5094414,43,168,9334,2011,2063677.0,0.0,1.072299,1.686826,CHN,PAK,851430
5094415,61,168,9334,2011,1198229.0,0.0,2.074435,-3.440815,DEU,PAK,851430
5094416,64,168,9334,2011,794.0,0.0,1.156026,1.2248299999999999,DNK,PAK,851430
5094417,81,168,9334,2011,21056.0,5765.0,1.8048220000000001,0.380141,GBR,PAK,851430
5094418,100,168,9334,2011,0.0,3757.0,0.868294,0.9424299999999999,HRV,PAK,851430
5094419,104,168,9334,2011,381814.0,0.0,0.18276199999999998,2.398765,IND,PAK,851430
5094420,111,168,9334,2011,49664.0,0.0,1.298751,0.48013599999999995,ITA,PAK,851430
5094421,114,168,9334,2011,2865.0,0.0,2.516395,-0.534301,JPN,PAK,851430
5094422,121,168,9334,2011,3765.0,0.0,1.731371,0.8306879999999999,KOR,PAK,851430
5094423,166,168,9334,2011,102962.0,0.0,0.372732,0.548601,NZL,PAK,851430
5094424,192,168,9334,2011,5086.0,0.0,1.849116,0.52127,SGP,PAK,851430
5094425,207,168,9334,2011,3422.0,0.0,1.642913,0.700222,SVN,PAK,851430
5094426,228,168,9334,2011,10189.0,0.0,0.6221409999999999,0.765505,UKR,PAK,851430
5094427,231,168,9334,2011,52302.0,0.0,1.6884849999999998,-0.474499,USA,PAK,851430
5094428,246,168,9334,2011,1952.0,0.0,0.241792,1.353011,ZAF,PAK,851430
5094429,249,168,9334,2011,8593.0,0.0,1.803234,0.921233,TWN,PAK,851430
5094430,7,169,9334,2011,12287.0,0.0,0.030652,-0.450808,ARE,PAN,851430
5094431,8,169,9334,2011,2466.0,0.0,0.240494,0.540376,ARG,PAN,851430
5094432,29,169,9334,2011,0.0,14480.0,-0.382684,-0.581376,BLZ,PAN,851430
5094433,32,169,9334,2011,3412.0,0.0,0.27718400000000004,0.5674319999999999,BRA,PAN,851430
5094434,41,169,9334,2011,4679.0,0.0,2.2644029999999997,0.406131,CHE,PAN,851430
5094435,43,169,9334,2011,42457.0,0.0,1.072299,1.686826,CHN,PAN,851430
5094436,49,169,9334,2011,87457.0,0.0,0.14336600000000002,-0.22996,COL,PAN,851430
5094437,52,169,9334,2011,7877.0,0.0,0.04325,-0.553193,CRI,PAN,851430
5094438,71,169,9334,2011,1082.0,0.0,0.8677290000000001,2.4618450000000003,ESP,PAN,851430
5094439,81,169,9334,2011,11387.0,0.0,1.8048220000000001,0.380141,GBR,PAN,851430
5094440,93,169,9334,2011,0.0,17183.0,-0.329497,0.775369,GTM,PAN,851430
5094441,97,169,9334,2011,2097.0,0.0,0.663588,1.902118,HKG,PAN,851430
5094442,111,169,9334,2011,75873.0,0.0,1.298751,0.48013599999999995,ITA,PAN,851430
5094443,112,169,9334,2011,0.0,4719.0,-0.162212,-0.621817,JAM,PAN,851430
5094444,114,169,9334,2011,9853.0,0.0,2.516395,-0.534301,JPN,PAN,851430
5094445,121,169,9334,2011,14747.0,0.0,1.731371,0.8306879999999999,KOR,PAN,851430
5094446,130,169,9334,2011,5554.0,0.0,0.747963,0.9759530000000001,LTU,PAN,851430
5094447,138,169,9334,2011,30254.0,0.0,0.9534600000000001,0.706982,MEX,PAN,851430
5094448,197,169,9334,2011,969.0,0.0,-0.09713200000000001,0.20772600000000002,SLV,PAN,851430
5094449,231,169,9334,2011,28667.0,0.0,1.6884849999999998,-0.474499,USA,PAN,851430
5094450,8,173,9334,2011,29695.0,21107.0,0.240494,0.540376,ARG,PER,851430
5094451,14,173,9334,2011,23624.0,0.0,-0.138148,0.002999,AUS,PER,851430
5094452,15,173,9334,2011,24564.0,0.0,1.687634,-0.229095,AUT,PER,851430
5094453,32,173,9334,2011,8773.0,0.0,0.27718400000000004,0.5674319999999999,BRA,PER,851430
5094454,39,173,9334,2011,3233.0,0.0,0.754813,1.1967290000000002,CAN,PER,851430
5094455,41,173,9334,2011,24268.0,0.0,2.2644029999999997,0.406131,CHE,PER,851430
5094456,42,173,9334,2011,9588.0,39590.0,-0.199877,-0.353009,CHL,PER,851430
5094457,43,173,9334,2011,18379.0,0.0,1.072299,1.686826,CHN,PER,851430
5094458,49,173,9334,2011,0.0,38306.0,0.14336600000000002,-0.22996,COL,PER,851430
5094459,61,173,9334,2011,165263.0,0.0,2.074435,-3.440815,DEU,PER,851430
5094460,65,173,9334,2011,0.0,1131.0,-0.260653,0.5682010000000001,DOM,PER,851430
5094461,67,173,9334,2011,0.0,4353.0,-0.8250639999999999,-0.839082,ECU,PER,851430
5094462,71,173,9334,2011,430899.0,0.0,0.8677290000000001,2.4618450000000003,ESP,PER,851430
5094463,77,173,9334,2011,8062.0,0.0,1.532054,0.09339299999999999,FRA,PER,851430
5094464,81,173,9334,2011,33980.0,0.0,1.8048220000000001,0.380141,GBR,PER,851430
5094465,104,173,9334,2011,11398.0,0.0,0.18276199999999998,2.398765,IND,PER,851430
5094466,111,173,9334,2011,119487.0,6232.0,1.298751,0.48013599999999995,ITA,PER,851430
5094467,121,173,9334,2011,2981.0,0.0,1.731371,0.8306879999999999,KOR,PER,851430
5094468,138,173,9334,2011,8105.0,0.0,0.9534600000000001,0.706982,MEX,PER,851430
5094469,231,173,9334,2011,422263.0,24489.0,1.6884849999999998,-0.474499,USA,PER,851430
5094470,236,173,9334,2011,0.0,1870.0,-0.841147,-1.095636,VEN,PER,851430
5094471,249,173,9334,2011,12657.0,0.0,1.803234,0.921233,TWN,PER,851430
5094472,14,174,9334,2011,6921.0,0.0,-0.138148,0.002999,AUS,PHL,851430
5094473,41,174,9334,2011,7308.0,0.0,2.2644029999999997,0.406131,CHE,PHL,851430
5094474,43,174,9334,2011,903465.0,77359.0,1.072299,1.686826,CHN,PHL,851430
5094475,61,174,9334,2011,6329.0,0.0,2.074435,-3.440815,DEU,PHL,851430
5094476,64,174,9334,2011,7123.0,0.0,1.156026,1.2248299999999999,DNK,PHL,851430
5094477,74,174,9334,2011,9596.0,0.0,1.7488830000000002,0.890934,FIN,PHL,851430
5094478,77,174,9334,2011,56515.0,0.0,1.532054,0.09339299999999999,FRA,PHL,851430
5094479,81,174,9334,2011,6595.0,0.0,1.8048220000000001,0.380141,GBR,PHL,851430
5094480,97,174,9334,2011,345750.0,0.0,0.663588,1.902118,HKG,PHL,851430
5094481,111,174,9334,2011,22572.0,0.0,1.298751,0.48013599999999995,ITA,PHL,851430
5094482,114,174,9334,2011,842506.0,0.0,2.516395,-0.534301,JPN,PHL,851430
5094483,121,174,9334,2011,1005409.0,0.0,1.731371,0.8306879999999999,KOR,PHL,851430
5094484,153,174,9334,2011,239623.0,96636.0,0.9893290000000001,0.632079,MYS,PHL,851430
5094485,166,174,9334,2011,3045.0,17801.0,0.372732,0.548601,NZL,PHL,851430
5094486,177,174,9334,2011,4812.0,0.0,1.133641,1.134203,POL,PHL,851430
5094487,192,174,9334,2011,12816.0,2709.0,1.849116,0.52127,SGP,PHL,851430
5094488,216,174,9334,2011,3309.0,552663.0,0.889009,1.503118,THA,PHL,851430
5094489,231,174,9334,2011,299296.0,86530.0,1.6884849999999998,-0.474499,USA,PHL,851430
5094490,239,174,9334,2011,0.0,100117.0,-0.184453,1.637207,VNM,PHL,851430
5094491,249,174,9334,2011,149602.0,0.0,1.803234,0.921233,TWN,PHL,851430
5094492,9,177,9334,2011,0.0,3425.0,0.543397,-0.029376999999999997,ARM,POL,851430
5094493,15,177,9334,2011,129614.0,192188.0,1.687634,-0.229095,AUT,POL,851430
5094494,18,177,9334,2011,23117.0,1579.0,1.221703,1.247961,BEL,POL,851430
5094495,28,177,9334,2011,0.0,17057.0,0.8786729999999999,0.442097,BLR,POL,851430
5094496,39,177,9334,2011,0.0,453908.0,0.754813,1.1967290000000002,CAN,POL,851430
5094497,41,177,9334,2011,34493.0,0.0,2.2644029999999997,0.406131,CHE,POL,851430
5094498,42,177,9334,2011,0.0,22289.0,-0.199877,-0.353009,CHL,POL,851430
5094499,43,177,9334,2011,549543.0,2652366.0,1.072299,1.686826,CHN,POL,851430
5094500,59,177,9334,2011,283408.0,1006650.0,1.737788,0.14741600000000002,CZE,POL,851430
5094501,61,177,9334,2011,359836.0,4491822.0,2.074435,-3.440815,DEU,POL,851430
5094502,71,177,9334,2011,581809.0,2863.0,0.8677290000000001,2.4618450000000003,ESP,POL,851430
5094503,77,177,9334,2011,67913.0,1042906.0,1.532054,0.09339299999999999,FRA,POL,851430
5094504,81,177,9334,2011,2184.0,676738.0,1.8048220000000001,0.380141,GBR,POL,851430
5094505,97,177,9334,2011,0.0,18169.0,0.663588,1.902118,HKG,POL,851430
5094506,100,177,9334,2011,26239.0,0.0,0.868294,0.9424299999999999,HRV,POL,851430
5094507,102,177,9334,2011,0.0,941223.0,1.486592,0.805642,HUN,POL,851430
5094508,104,177,9334,2011,21598.0,474504.0,0.18276199999999998,2.398765,IND,POL,851430
5094509,110,177,9334,2011,156091.0,115527.0,1.324384,0.714611,ISR,POL,851430
5094510,111,177,9334,2011,2504201.0,0.0,1.298751,0.48013599999999995,ITA,POL,851430
5094511,114,177,9334,2011,21077.0,0.0,2.516395,-0.534301,JPN,POL,851430
5094512,121,177,9334,2011,202805.0,0.0,1.731371,0.8306879999999999,KOR,POL,851430
5094513,130,177,9334,2011,0.0,18245.0,0.747963,0.9759530000000001,LTU,POL,851430
5094514,132,177,9334,2011,0.0,18741.0,0.7320939999999999,1.101321,LVA,POL,851430
5094515,134,177,9334,2011,0.0,112531.0,-0.485404,0.099828,MAR,POL,851430
5094516,138,177,9334,2011,0.0,7761.0,0.9534600000000001,0.706982,MEX,POL,851430
5094517,162,177,9334,2011,72480.0,0.0,1.1655229999999999,1.410167,NLD,POL,851430
5094518,163,177,9334,2011,22597.0,21890.0,0.8492770000000001,0.050044,NOR,POL,851430
5094519,174,177,9334,2011,0.0,4812.0,0.364707,0.322626,PHL,POL,851430
5094520,186,177,9334,2011,845040.0,1827196.0,0.47319399999999995,-0.20801599999999998,RUS,POL,851430
5094521,192,177,9334,2011,1164.0,581905.0,1.849116,0.52127,SGP,POL,851430
5094522,201,177,9334,2011,0.0,1015982.0,0.49055699999999997,1.5601399999999999,SRB,POL,851430
5094523,206,177,9334,2011,4836.0,12488.0,1.262897,0.8230569999999999,SVK,POL,851430
5094524,207,177,9334,2011,20901.0,486504.0,1.642913,0.700222,SVN,POL,851430
5094525,224,177,9334,2011,3738.0,121931.0,0.45775,2.4316259999999996,TUR,POL,851430
5094526,228,177,9334,2011,107376.0,1902906.0,0.6221409999999999,0.765505,UKR,POL,851430
5094527,231,177,9334,2011,88551.0,1112814.0,1.6884849999999998,-0.474499,USA,POL,851430
5094528,239,177,9334,2011,21335.0,76567.0,-0.184453,1.637207,VNM,POL,851430
5094529,246,177,9334,2011,0.0,205836.0,0.241792,1.353011,ZAF,POL,851430
5094530,249,177,9334,2011,8827.0,0.0,1.803234,0.921233,TWN,POL,851430
5094531,250,177,9334,2011,39431.0,0.0,0.475638,-0.160135,ANS,POL,851430
5094532,2,179,9334,2011,0.0,261000.0,-1.252991,-1.132314,AGO,PRT,851430
5094533,14,179,9334,2011,813.0,5816.0,-0.138148,0.002999,AUS,PRT,851430
5094534,15,179,9334,2011,17134.0,0.0,1.687634,-0.229095,AUT,PRT,851430
5094535,22,179,9334,2011,0.0,739.0,-1.074416,-0.8276370000000001,BGD,PRT,851430
5094536,32,179,9334,2011,0.0,13129.0,0.27718400000000004,0.5674319999999999,BRA,PRT,851430
5094537,41,179,9334,2011,267326.0,2171.0,2.2644029999999997,0.406131,CHE,PRT,851430
5094538,43,179,9334,2011,32256.0,126236.0,1.072299,1.686826,CHN,PRT,851430
5094539,46,179,9334,2011,0.0,1228.0,-0.722957,-0.965141,COD,PRT,851430
5094540,51,179,9334,2011,0.0,30942.0,0.006139,-0.610237,CPV,PRT,851430
5094541,61,179,9334,2011,158499.0,0.0,2.074435,-3.440815,DEU,PRT,851430
5094542,66,179,9334,2011,0.0,15867.0,-1.36763,-1.140594,DZA,PRT,851430
5094543,71,179,9334,2011,76101.0,22598.0,0.8677290000000001,2.4618450000000003,ESP,PRT,851430
5094544,77,179,9334,2011,573138.0,97780.0,1.532054,0.09339299999999999,FRA,PRT,851430
5094545,80,179,9334,2011,0.0,3071.0,-1.093784,-1.0849659999999999,GAB,PRT,851430
5094546,81,179,9334,2011,32329.0,13397.0,1.8048220000000001,0.380141,GBR,PRT,851430
5094547,104,179,9334,2011,10472.0,0.0,0.18276199999999998,2.398765,IND,PRT,851430
5094548,111,179,9334,2011,33724.0,0.0,1.298751,0.48013599999999995,ITA,PRT,851430
5094549,134,179,9334,2011,0.0,3081.0,-0.485404,0.099828,MAR,PRT,851430
5094550,147,179,9334,2011,0.0,6377.0,-1.2069299999999998,-0.977785,MOZ,PRT,851430
5094551,162,179,9334,2011,20010.0,0.0,1.1655229999999999,1.410167,NLD,PRT,851430
5094552,186,179,9334,2011,0.0,14536.0,0.47319399999999995,-0.20801599999999998,RUS,PRT,851430
5094553,203,179,9334,2011,0.0,19997.0,0.583847,-0.193211,STP,PRT,851430
5094554,216,179,9334,2011,0.0,9185.0,0.889009,1.503118,THA,PRT,851430
5094555,230,179,9334,2011,0.0,22933.0,0.313195,0.042866,URY,PRT,851430
5094556,231,179,9334,2011,59132.0,9067.0,1.6884849999999998,-0.474499,USA,PRT,851430
5094557,246,179,9334,2011,0.0,3966.0,0.241792,1.353011,ZAF,PRT,851430
5094558,8,180,9334,2011,80675.0,0.0,0.240494,0.540376,ARG,PRY,851430
5094559,32,180,9334,2011,531212.0,0.0,0.27718400000000004,0.5674319999999999,BRA,PRY,851430
5094560,42,180,9334,2011,1636.0,0.0,-0.199877,-0.353009,CHL,PRY,851430
5094561,43,180,9334,2011,5322.0,0.0,1.072299,1.686826,CHN,PRY,851430
5094562,61,180,9334,2011,32413.0,0.0,2.074435,-3.440815,DEU,PRY,851430
5094563,231,180,9334,2011,3226.0,0.0,1.6884849999999998,-0.474499,USA,PRY,851430
5094564,15,183,9334,2011,11291.0,0.0,1.687634,-0.229095,AUT,QAT,851430
5094565,43,183,9334,2011,40365.0,0.0,1.072299,1.686826,CHN,QAT,851430
5094566,81,183,9334,2011,76693.0,0.0,1.8048220000000001,0.380141,GBR,QAT,851430
5094567,104,183,9334,2011,18378.0,0.0,0.18276199999999998,2.398765,IND,QAT,851430
5094568,111,183,9334,2011,215577.0,0.0,1.298751,0.48013599999999995,ITA,QAT,851430
5094569,153,183,9334,2011,4361.0,0.0,0.9893290000000001,0.632079,MYS,QAT,851430
5094570,163,183,9334,2011,8427.0,0.0,0.8492770000000001,0.050044,NOR,QAT,851430
5094571,224,183,9334,2011,1146.0,0.0,0.45775,2.4316259999999996,TUR,QAT,851430
5094572,231,183,9334,2011,39508.0,0.0,1.6884849999999998,-0.474499,USA,QAT,851430
5094573,15,185,9334,2011,20267.0,194837.0,1.687634,-0.229095,AUT,ROU,851430
5094574,18,185,9334,2011,24439.0,0.0,1.221703,1.247961,BEL,ROU,851430
5094575,39,185,9334,2011,26286.0,0.0,0.754813,1.1967290000000002,CAN,ROU,851430
5094576,41,185,9334,2011,4844.0,0.0,2.2644029999999997,0.406131,CHE,ROU,851430
5094577,43,185,9334,2011,154991.0,0.0,1.072299,1.686826,CHN,ROU,851430
5094578,59,185,9334,2011,2817.0,0.0,1.737788,0.14741600000000002,CZE,ROU,851430
5094579,61,185,9334,2011,1348455.0,25025.0,2.074435,-3.440815,DEU,ROU,851430
5094580,74,185,9334,2011,3000.0,0.0,1.7488830000000002,0.890934,FIN,ROU,851430
5094581,77,185,9334,2011,36525.0,0.0,1.532054,0.09339299999999999,FRA,ROU,851430
5094582,90,185,9334,2011,1594.0,0.0,0.138679,1.30044,GRC,ROU,851430
5094583,102,185,9334,2011,8208.0,0.0,1.486592,0.805642,HUN,ROU,851430
5094584,104,185,9334,2011,1188.0,0.0,0.18276199999999998,2.398765,IND,ROU,851430
5094585,110,185,9334,2011,8716.0,0.0,1.324384,0.714611,ISR,ROU,851430
5094586,111,185,9334,2011,440795.0,29060.0,1.298751,0.48013599999999995,ITA,ROU,851430
5094587,162,185,9334,2011,44526.0,0.0,1.1655229999999999,1.410167,NLD,ROU,851430
5094588,207,185,9334,2011,6576.0,0.0,1.642913,0.700222,SVN,ROU,851430
5094589,224,185,9334,2011,93634.0,28740.0,0.45775,2.4316259999999996,TUR,ROU,851430
5094590,231,185,9334,2011,90721.0,8671.0,1.6884849999999998,-0.474499,USA,ROU,851430
5094591,15,188,9334,2011,9610.0,0.0,1.687634,-0.229095,AUT,SAU,851430
5094592,39,188,9334,2011,19688.0,0.0,0.754813,1.1967290000000002,CAN,SAU,851430
5094593,41,188,9334,2011,2322.0,0.0,2.2644029999999997,0.406131,CHE,SAU,851430
5094594,43,188,9334,2011,531475.0,0.0,1.072299,1.686826,CHN,SAU,851430
5094595,61,188,9334,2011,510963.0,0.0,2.074435,-3.440815,DEU,SAU,851430
5094596,68,188,9334,2011,0.0,3002.0,-0.166243,1.384719,EGY,SAU,851430
5094597,71,188,9334,2011,11087.0,0.0,0.8677290000000001,2.4618450000000003,ESP,SAU,851430
5094598,77,188,9334,2011,24307.0,0.0,1.532054,0.09339299999999999,FRA,SAU,851430
5094599,81,188,9334,2011,156042.0,0.0,1.8048220000000001,0.380141,GBR,SAU,851430
5094600,104,188,9334,2011,623539.0,0.0,0.18276199999999998,2.398765,IND,SAU,851430
5094601,111,188,9334,2011,950688.0,0.0,1.298751,0.48013599999999995,ITA,SAU,851430
5094602,113,188,9334,2011,84267.0,0.0,0.231605,0.47049399999999997,JOR,SAU,851430
5094603,114,188,9334,2011,146354.0,0.0,2.516395,-0.534301,JPN,SAU,851430
5094604,121,188,9334,2011,25624.0,0.0,1.731371,0.8306879999999999,KOR,SAU,851430
5094605,122,188,9334,2011,18398.0,0.0,-0.898582,-1.09893,KWT,SAU,851430
5094606,162,188,9334,2011,0.0,12998.0,1.1655229999999999,1.410167,NLD,SAU,851430
5094607,190,188,9334,2011,0.0,3890.0,-2.1675869999999997,-1.249272,SDN,SAU,851430
5094608,224,188,9334,2011,35383.0,0.0,0.45775,2.4316259999999996,TUR,SAU,851430
5094609,231,188,9334,2011,353830.0,0.0,1.6884849999999998,-0.474499,USA,SAU,851430
5094610,249,188,9334,2011,278080.0,0.0,1.803234,0.921233,TWN,SAU,851430
5094611,43,190,9334,2011,13640.0,0.0,1.072299,1.686826,CHN,SDN,851430
5094612,61,190,9334,2011,1808.0,0.0,2.074435,-3.440815,DEU,SDN,851430
5094613,77,190,9334,2011,32138.0,0.0,1.532054,0.09339299999999999,FRA,SDN,851430
5094614,81,190,9334,2011,10606.0,0.0,1.8048220000000001,0.380141,GBR,SDN,851430
5094615,111,190,9334,2011,4579.0,0.0,1.298751,0.48013599999999995,ITA,SDN,851430
5094616,121,190,9334,2011,5470.0,0.0,1.731371,0.8306879999999999,KOR,SDN,851430
5094617,188,190,9334,2011,3890.0,0.0,0.354045,-0.800028,SAU,SDN,851430
5094618,224,190,9334,2011,33189.0,0.0,0.45775,2.4316259999999996,TUR,SDN,851430
5094619,7,192,9334,2011,0.0,24800.0,0.030652,-0.450808,ARE,SGP,851430
5094620,14,192,9334,2011,35593.0,6624.0,-0.138148,0.002999,AUS,SGP,851430
5094621,15,192,9334,2011,664815.0,7272.0,1.687634,-0.229095,AUT,SGP,851430
5094622,22,192,9334,2011,0.0,11430.0,-1.074416,-0.8276370000000001,BGD,SGP,851430
5094623,24,192,9334,2011,0.0,3159.0,0.04085,-0.873711,BHR,SGP,851430
5094624,32,192,9334,2011,0.0,318893.0,0.27718400000000004,0.5674319999999999,BRA,SGP,851430
5094625,34,192,9334,2011,0.0,8754.0,-0.171775,-0.6656810000000001,BRN,SGP,851430
5094626,39,192,9334,2011,9732.0,0.0,0.754813,1.1967290000000002,CAN,SGP,851430
5094627,41,192,9334,2011,13847.0,6557.0,2.2644029999999997,0.406131,CHE,SGP,851430
5094628,43,192,9334,2011,633488.0,546576.0,1.072299,1.686826,CHN,SGP,851430
5094629,61,192,9334,2011,70933.0,0.0,2.074435,-3.440815,DEU,SGP,851430
5094630,64,192,9334,2011,10546.0,0.0,1.156026,1.2248299999999999,DNK,SGP,851430
5094631,68,192,9334,2011,0.0,7092.0,-0.166243,1.384719,EGY,SGP,851430
5094632,71,192,9334,2011,25671.0,0.0,0.8677290000000001,2.4618450000000003,ESP,SGP,851430
5094633,74,192,9334,2011,1772.0,0.0,1.7488830000000002,0.890934,FIN,SGP,851430
5094634,77,192,9334,2011,17243.0,84070.0,1.532054,0.09339299999999999,FRA,SGP,851430
5094635,81,192,9334,2011,18221.0,1320.0,1.8048220000000001,0.380141,GBR,SGP,851430
5094636,90,192,9334,2011,24309.0,0.0,0.138679,1.30044,GRC,SGP,851430
5094637,97,192,9334,2011,8671.0,49507.0,0.663588,1.902118,HKG,SGP,851430
5094638,103,192,9334,2011,5202.0,1163215.0,-0.234125,1.168384,IDN,SGP,851430
5094639,104,192,9334,2011,173437.0,154930.0,0.18276199999999998,2.398765,IND,SGP,851430
5094640,110,192,9334,2011,0.0,2900.0,1.324384,0.714611,ISR,SGP,851430
5094641,111,192,9334,2011,2158288.0,0.0,1.298751,0.48013599999999995,ITA,SGP,851430
5094642,114,192,9334,2011,290862.0,35493.0,2.516395,-0.534301,JPN,SGP,851430
5094643,115,192,9334,2011,0.0,4777.0,-0.514687,-0.775671,KAZ,SGP,851430
5094644,118,192,9334,2011,0.0,12842.0,-1.162858,-1.103539,KHM,SGP,851430
5094645,121,192,9334,2011,332827.0,341366.0,1.731371,0.8306879999999999,KOR,SGP,851430
5094646,122,192,9334,2011,0.0,1408.0,-0.898582,-1.09893,KWT,SGP,851430
5094647,128,192,9334,2011,0.0,23016.0,-0.559311,0.398905,LKA,SGP,851430
5094648,132,192,9334,2011,0.0,2965.0,0.7320939999999999,1.101321,LVA,SGP,851430
5094649,136,192,9334,2011,0.0,8174.0,-1.040519,-0.404883,MDG,SGP,851430
5094650,137,192,9334,2011,0.0,4055.0,-0.937469,-0.87897,MDV,SGP,851430
5094651,138,192,9334,2011,1204.0,132711.0,0.9534600000000001,0.706982,MEX,SGP,851430
5094652,151,192,9334,2011,0.0,22935.0,-0.09464600000000001,0.091177,MUS,SGP,851430
5094653,153,192,9334,2011,569089.0,3845708.0,0.9893290000000001,0.632079,MYS,SGP,851430
5094654,162,192,9334,2011,13893.0,466581.0,1.1655229999999999,1.410167,NLD,SGP,851430
5094655,163,192,9334,2011,119781.0,1223.0,0.8492770000000001,0.050044,NOR,SGP,851430
5094656,166,192,9334,2011,3922.0,6737.0,0.372732,0.548601,NZL,SGP,851430
5094657,168,192,9334,2011,0.0,5086.0,-0.729677,0.6026729999999999,PAK,SGP,851430
5094658,174,192,9334,2011,2709.0,12816.0,0.364707,0.322626,PHL,SGP,851430
5094659,176,192,9334,2011,0.0,19662.0,-1.1111659999999999,-0.9458610000000001,PNG,SGP,851430
5094660,177,192,9334,2011,581905.0,1164.0,1.133641,1.134203,POL,SGP,851430
5094661,186,192,9334,2011,0.0,22255.0,0.47319399999999995,-0.20801599999999998,RUS,SGP,851430
5094662,206,192,9334,2011,5741.0,0.0,1.262897,0.8230569999999999,SVK,SGP,851430
5094663,207,192,9334,2011,15330.0,0.0,1.642913,0.700222,SVN,SGP,851430
5094664,208,192,9334,2011,8750.0,0.0,1.857146,0.366159,SWE,SGP,851430
5094665,211,192,9334,2011,0.0,15562.0,0.287017,-0.5136850000000001,SYC,SGP,851430
5094666,216,192,9334,2011,14341.0,1418655.0,0.889009,1.503118,THA,SGP,851430
5094667,222,192,9334,2011,0.0,2263.0,-0.44228,-1.031793,TTO,SGP,851430
5094668,224,192,9334,2011,6777.0,0.0,0.45775,2.4316259999999996,TUR,SGP,851430
5094669,231,192,9334,2011,4515162.0,3802.0,1.6884849999999998,-0.474499,USA,SGP,851430
5094670,236,192,9334,2011,0.0,3467.0,-0.841147,-1.095636,VEN,SGP,851430
5094671,239,192,9334,2011,10518.0,59626.0,-0.184453,1.637207,VNM,SGP,851430
5094672,249,192,9334,2011,433196.0,39063.0,1.803234,0.921233,TWN,SGP,851430
5094673,43,197,9334,2011,6099.0,0.0,1.072299,1.686826,CHN,SLV,851430
5094674,49,197,9334,2011,1162.0,0.0,0.14336600000000002,-0.22996,COL,SLV,851430
5094675,52,197,9334,2011,1369.0,0.0,0.04325,-0.553193,CRI,SLV,851430
5094676,93,197,9334,2011,10095.0,3911.0,-0.329497,0.775369,GTM,SLV,851430
5094677,99,197,9334,2011,19942.0,1827.0,-0.740241,-0.311952,HND,SLV,851430
5094678,110,197,9334,2011,1292.0,0.0,1.324384,0.714611,ISR,SLV,851430
5094679,111,197,9334,2011,15047.0,0.0,1.298751,0.48013599999999995,ITA,SLV,851430
5094680,114,197,9334,2011,12927.0,0.0,2.516395,-0.534301,JPN,SLV,851430
5094681,138,197,9334,2011,68924.0,0.0,0.9534600000000001,0.706982,MEX,SLV,851430
5094682,169,197,9334,2011,0.0,969.0,0.786135,1.061008,PAN,SLV,851430
5094683,231,197,9334,2011,27721.0,0.0,1.6884849999999998,-0.474499,USA,SLV,851430
5094684,179,203,9334,2011,19997.0,0.0,0.558481,2.7056240000000003,PRT,STP,851430
5094685,43,205,9334,2011,4858.0,0.0,1.072299,1.686826,CHN,SUR,851430
5094686,114,205,9334,2011,3108.0,0.0,2.516395,-0.534301,JPN,SUR,851430
5094687,162,205,9334,2011,71342.0,961.0,1.1655229999999999,1.410167,NLD,SUR,851430
5094688,231,205,9334,2011,50188.0,0.0,1.6884849999999998,-0.474499,USA,SUR,851430
5094689,14,206,9334,2011,2458.0,0.0,-0.138148,0.002999,AUS,SVK,851430
5094690,15,206,9334,2011,16015.0,0.0,1.687634,-0.229095,AUT,SVK,851430
5094691,18,206,9334,2011,10661.0,0.0,1.221703,1.247961,BEL,SVK,851430
5094692,39,206,9334,2011,2112.0,0.0,0.754813,1.1967290000000002,CAN,SVK,851430
5094693,41,206,9334,2011,4595.0,0.0,2.2644029999999997,0.406131,CHE,SVK,851430
5094694,43,206,9334,2011,14183.0,0.0,1.072299,1.686826,CHN,SVK,851430
5094695,59,206,9334,2011,193503.0,83275.0,1.737788,0.14741600000000002,CZE,SVK,851430
5094696,61,206,9334,2011,53615.0,0.0,2.074435,-3.440815,DEU,SVK,851430
5094697,80,206,9334,2011,0.0,2508.0,-1.093784,-1.0849659999999999,GAB,SVK,851430
5094698,104,206,9334,2011,0.0,891.0,0.18276199999999998,2.398765,IND,SVK,851430
5094699,111,206,9334,2011,327411.0,0.0,1.298751,0.48013599999999995,ITA,SVK,851430
5094700,114,206,9334,2011,161221.0,0.0,2.516395,-0.534301,JPN,SVK,851430
5094701,153,206,9334,2011,503.0,0.0,0.9893290000000001,0.632079,MYS,SVK,851430
5094702,177,206,9334,2011,12488.0,4836.0,1.133641,1.134203,POL,SVK,851430
5094703,192,206,9334,2011,0.0,5741.0,1.849116,0.52127,SGP,SVK,851430
5094704,231,206,9334,2011,35738.0,0.0,1.6884849999999998,-0.474499,USA,SVK,851430
5094705,250,206,9334,2011,129047.0,0.0,0.475638,-0.160135,ANS,SVK,851430
5094706,14,207,9334,2011,0.0,5898.0,-0.138148,0.002999,AUS,SVN,851430
5094707,15,207,9334,2011,13731.0,45193.0,1.687634,-0.229095,AUT,SVN,851430
5094708,26,207,9334,2011,6217.0,4670.0,0.391425,0.6066600000000001,BIH,SVN,851430
5094709,32,207,9334,2011,0.0,13671.0,0.27718400000000004,0.5674319999999999,BRA,SVN,851430
5094710,39,207,9334,2011,0.0,8972.0,0.754813,1.1967290000000002,CAN,SVN,851430
5094711,41,207,9334,2011,1904.0,7679.0,2.2644029999999997,0.406131,CHE,SVN,851430
5094712,43,207,9334,2011,434148.0,21622.0,1.072299,1.686826,CHN,SVN,851430
5094713,61,207,9334,2011,1066471.0,198149.0,2.074435,-3.440815,DEU,SVN,851430
5094714,67,207,9334,2011,0.0,7950.0,-0.8250639999999999,-0.839082,ECU,SVN,851430
5094715,68,207,9334,2011,0.0,4004.0,-0.166243,1.384719,EGY,SVN,851430
5094716,71,207,9334,2011,0.0,34191.0,0.8677290000000001,2.4618450000000003,ESP,SVN,851430
5094717,74,207,9334,2011,0.0,6781.0,1.7488830000000002,0.890934,FIN,SVN,851430
5094718,77,207,9334,2011,15422.0,12511.0,1.532054,0.09339299999999999,FRA,SVN,851430
5094719,81,207,9334,2011,1718.0,10358.0,1.8048220000000001,0.380141,GBR,SVN,851430
5094720,100,207,9334,2011,12788.0,16147.0,0.868294,0.9424299999999999,HRV,SVN,851430
5094721,102,207,9334,2011,0.0,8773.0,1.486592,0.805642,HUN,SVN,851430
5094722,104,207,9334,2011,0.0,9090.0,0.18276199999999998,2.398765,IND,SVN,851430
5094723,110,207,9334,2011,1146.0,0.0,1.324384,0.714611,ISR,SVN,851430
5094724,111,207,9334,2011,58715.0,8179.0,1.298751,0.48013599999999995,ITA,SVN,851430
5094725,114,207,9334,2011,0.0,18158.0,2.516395,-0.534301,JPN,SVN,851430
5094726,121,207,9334,2011,0.0,3117.0,1.731371,0.8306879999999999,KOR,SVN,851430
5094727,140,207,9334,2011,0.0,29859.0,-0.12310499999999999,0.16392,MKD,SVN,851430
5094728,162,207,9334,2011,0.0,17318.0,1.1655229999999999,1.410167,NLD,SVN,851430
5094729,166,207,9334,2011,0.0,868.0,0.372732,0.548601,NZL,SVN,851430
5094730,168,207,9334,2011,0.0,3422.0,-0.729677,0.6026729999999999,PAK,SVN,851430
5094731,177,207,9334,2011,486504.0,20901.0,1.133641,1.134203,POL,SVN,851430
5094732,185,207,9334,2011,0.0,6576.0,0.722,1.296655,ROU,SVN,851430
5094733,186,207,9334,2011,0.0,26975.0,0.47319399999999995,-0.20801599999999998,RUS,SVN,851430
5094734,192,207,9334,2011,0.0,15330.0,1.849116,0.52127,SGP,SVN,851430
5094735,201,207,9334,2011,0.0,502508.0,0.49055699999999997,1.5601399999999999,SRB,SVN,851430
5094736,208,207,9334,2011,0.0,7454.0,1.857146,0.366159,SWE,SVN,851430
5094737,224,207,9334,2011,297135.0,22485.0,0.45775,2.4316259999999996,TUR,SVN,851430
5094738,231,207,9334,2011,4847.0,106860.0,1.6884849999999998,-0.474499,USA,SVN,851430
5094739,239,207,9334,2011,0.0,4842.0,-0.184453,1.637207,VNM,SVN,851430
5094740,249,207,9334,2011,0.0,3545.0,1.803234,0.921233,TWN,SVN,851430
5094741,250,207,9334,2011,75539.0,0.0,0.475638,-0.160135,ANS,SVN,851430
5094742,7,208,9334,2011,0.0,6610621.0,0.030652,-0.450808,ARE,SWE,851430
5094743,14,208,9334,2011,5197.0,117080.0,-0.138148,0.002999,AUS,SWE,851430
5094744,15,208,9334,2011,1840322.0,0.0,1.687634,-0.229095,AUT,SWE,851430
5094745,18,208,9334,2011,15760.0,0.0,1.221703,1.247961,BEL,SWE,851430
5094746,32,208,9334,2011,0.0,1797.0,0.27718400000000004,0.5674319999999999,BRA,SWE,851430
5094747,39,208,9334,2011,12621.0,11767.0,0.754813,1.1967290000000002,CAN,SWE,851430
5094748,41,208,9334,2011,26838.0,3735.0,2.2644029999999997,0.406131,CHE,SWE,851430
5094749,42,208,9334,2011,0.0,3363.0,-0.199877,-0.353009,CHL,SWE,851430
5094750,43,208,9334,2011,58690.0,1165630.0,1.072299,1.686826,CHN,SWE,851430
5094751,59,208,9334,2011,0.0,1112.0,1.737788,0.14741600000000002,CZE,SWE,851430
5094752,61,208,9334,2011,515775.0,62484.0,2.074435,-3.440815,DEU,SWE,851430
5094753,64,208,9334,2011,92640.0,1796.0,1.156026,1.2248299999999999,DNK,SWE,851430
5094754,72,208,9334,2011,0.0,22583.0,0.9806790000000001,1.110449,EST,SWE,851430
5094755,74,208,9334,2011,60235.0,59648.0,1.7488830000000002,0.890934,FIN,SWE,851430
5094756,77,208,9334,2011,1200.0,50411.0,1.532054,0.09339299999999999,FRA,SWE,851430
5094757,81,208,9334,2011,27219.0,0.0,1.8048220000000001,0.380141,GBR,SWE,851430
5094758,97,208,9334,2011,0.0,18392.0,0.663588,1.902118,HKG,SWE,851430
5094759,100,208,9334,2011,0.0,14733.0,0.868294,0.9424299999999999,HRV,SWE,851430
5094760,104,208,9334,2011,176308.0,20192.0,0.18276199999999998,2.398765,IND,SWE,851430
5094761,108,208,9334,2011,0.0,12336.0,-2.175137,-0.726975,IRQ,SWE,851430
5094762,111,208,9334,2011,36948.0,0.0,1.298751,0.48013599999999995,ITA,SWE,851430
5094763,113,208,9334,2011,0.0,15592.0,0.231605,0.47049399999999997,JOR,SWE,851430
5094764,114,208,9334,2011,16459.0,11331541.0,2.516395,-0.534301,JPN,SWE,851430
5094765,115,208,9334,2011,0.0,5357.0,-0.514687,-0.775671,KAZ,SWE,851430
5094766,122,208,9334,2011,0.0,47186.0,-0.898582,-1.09893,KWT,SWE,851430
5094767,124,208,9334,2011,0.0,62401.0,0.278393,1.2962879999999999,LBN,SWE,851430
5094768,137,208,9334,2011,0.0,20749.0,-0.937469,-0.87897,MDV,SWE,851430
5094769,138,208,9334,2011,0.0,1900.0,0.9534600000000001,0.706982,MEX,SWE,851430
5094770,145,208,9334,2011,0.0,45033.0,-1.0869389999999999,-1.107693,MNG,SWE,851430
5094771,160,208,9334,2011,0.0,1795.0,-0.9592139999999999,-0.796108,NIC,SWE,851430
5094772,162,208,9334,2011,12335.0,0.0,1.1655229999999999,1.410167,NLD,SWE,851430
5094773,163,208,9334,2011,211304.0,585411.0,0.8492770000000001,0.050044,NOR,SWE,851430
5094774,186,208,9334,2011,0.0,4639.0,0.47319399999999995,-0.20801599999999998,RUS,SWE,851430
5094775,192,208,9334,2011,0.0,8750.0,1.849116,0.52127,SGP,SWE,851430
5094776,207,208,9334,2011,7454.0,0.0,1.642913,0.700222,SVN,SWE,851430
5094777,216,208,9334,2011,4443.0,141371.0,0.889009,1.503118,THA,SWE,851430
5094778,224,208,9334,2011,3706.0,75670.0,0.45775,2.4316259999999996,TUR,SWE,851430
5094779,231,208,9334,2011,79664.0,327621.0,1.6884849999999998,-0.474499,USA,SWE,851430
5094780,236,208,9334,2011,0.0,2089.0,-0.841147,-1.095636,VEN,SWE,851430
5094781,246,208,9334,2011,14557.0,72495.0,0.241792,1.353011,ZAF,SWE,851430
5094782,5,216,9334,2011,2248.0,0.0,0.787289,0.484512,AND,THA,851430
5094783,7,216,9334,2011,0.0,5359.0,0.030652,-0.450808,ARE,THA,851430
5094784,14,216,9334,2011,304416.0,0.0,-0.138148,0.002999,AUS,THA,851430
5094785,15,216,9334,2011,15382.0,0.0,1.687634,-0.229095,AUT,THA,851430
5094786,18,216,9334,2011,145215.0,0.0,1.221703,1.247961,BEL,THA,851430
5094787,22,216,9334,2011,0.0,260429.0,-1.074416,-0.8276370000000001,BGD,THA,851430
5094788,32,216,9334,2011,24070.0,0.0,0.27718400000000004,0.5674319999999999,BRA,THA,851430
5094789,39,216,9334,2011,12011.0,15364.0,0.754813,1.1967290000000002,CAN,THA,851430
5094790,41,216,9334,2011,74101.0,21679.0,2.2644029999999997,0.406131,CHE,THA,851430
5094791,43,216,9334,2011,3707618.0,459196.0,1.072299,1.686826,CHN,THA,851430
5094792,59,216,9334,2011,43302.0,0.0,1.737788,0.14741600000000002,CZE,THA,851430
5094793,61,216,9334,2011,485457.0,4285.0,2.074435,-3.440815,DEU,THA,851430
5094794,65,216,9334,2011,0.0,1934.0,-0.260653,0.5682010000000001,DOM,THA,851430
5094795,71,216,9334,2011,13291.0,0.0,0.8677290000000001,2.4618450000000003,ESP,THA,851430
5094796,74,216,9334,2011,1022752.0,0.0,1.7488830000000002,0.890934,FIN,THA,851430
5094797,77,216,9334,2011,492202.0,0.0,1.532054,0.09339299999999999,FRA,THA,851430
5094798,81,216,9334,2011,189268.0,626500.0,1.8048220000000001,0.380141,GBR,THA,851430
5094799,97,216,9334,2011,292874.0,686663.0,0.663588,1.902118,HKG,THA,851430
5094800,100,216,9334,2011,246182.0,0.0,0.868294,0.9424299999999999,HRV,THA,851430
5094801,103,216,9334,2011,20380.0,242562.0,-0.234125,1.168384,IDN,THA,851430
5094802,104,216,9334,2011,17580.0,464127.0,0.18276199999999998,2.398765,IND,THA,851430
5094803,106,216,9334,2011,6241.0,0.0,1.403182,0.290245,IRL,THA,851430
5094804,110,216,9334,2011,789337.0,0.0,1.324384,0.714611,ISR,THA,851430
5094805,111,216,9334,2011,823679.0,121780.0,1.298751,0.48013599999999995,ITA,THA,851430
5094806,114,216,9334,2011,8584955.0,723319.0,2.516395,-0.534301,JPN,THA,851430
5094807,116,216,9334,2011,0.0,2083.0,-0.48319300000000004,0.346927,KEN,THA,851430
5094808,118,216,9334,2011,0.0,5613.0,-1.162858,-1.103539,KHM,THA,851430
5094809,121,216,9334,2011,912002.0,27450.0,1.731371,0.8306879999999999,KOR,THA,851430
5094810,122,216,9334,2011,0.0,4395.0,-0.898582,-1.09893,KWT,THA,851430
5094811,123,216,9334,2011,0.0,24642.0,-1.135039,-0.929759,LAO,THA,851430
5094812,128,216,9334,2011,0.0,5838.0,-0.559311,0.398905,LKA,THA,851430
5094813,136,216,9334,2011,215.0,0.0,-1.040519,-0.404883,MDG,THA,851430
5094814,137,216,9334,2011,0.0,15014.0,-0.937469,-0.87897,MDV,THA,851430
5094815,138,216,9334,2011,0.0,10214.0,0.9534600000000001,0.706982,MEX,THA,851430
5094816,143,216,9334,2011,0.0,7414.0,-1.3557190000000001,-0.929934,MMR,THA,851430
5094817,153,216,9334,2011,1324353.0,356754.0,0.9893290000000001,0.632079,MYS,THA,851430
5094818,162,216,9334,2011,617600.0,19300.0,1.1655229999999999,1.410167,NLD,THA,851430
5094819,166,216,9334,2011,5680.0,0.0,0.372732,0.548601,NZL,THA,851430
5094820,174,216,9334,2011,552663.0,3309.0,0.364707,0.322626,PHL,THA,851430
5094821,179,216,9334,2011,9185.0,0.0,0.558481,2.7056240000000003,PRT,THA,851430
5094822,192,216,9334,2011,1418655.0,14341.0,1.849116,0.52127,SGP,THA,851430
5094823,208,216,9334,2011,141371.0,4443.0,1.857146,0.366159,SWE,THA,851430
5094824,224,216,9334,2011,28792.0,14553.0,0.45775,2.4316259999999996,TUR,THA,851430
5094825,231,216,9334,2011,878996.0,204256.0,1.6884849999999998,-0.474499,USA,THA,851430
5094826,239,216,9334,2011,1898.0,424747.0,-0.184453,1.637207,VNM,THA,851430
5094827,249,216,9334,2011,1949854.0,61383.0,1.803234,0.921233,TWN,THA,851430
5094828,18,222,9334,2011,1989.0,0.0,1.221703,1.247961,BEL,TTO,851430
5094829,33,222,9334,2011,1338.0,0.0,0.445982,0.204672,BRB,TTO,851430
5094830,41,222,9334,2011,2052.0,0.0,2.2644029999999997,0.406131,CHE,TTO,851430
5094831,81,222,9334,2011,3511.0,0.0,1.8048220000000001,0.380141,GBR,TTO,851430
5094832,192,222,9334,2011,2263.0,0.0,1.849116,0.52127,SGP,TTO,851430
5094833,231,222,9334,2011,69465.0,2368.0,1.6884849999999998,-0.474499,USA,TTO,851430
5094834,1,224,9334,2011,0.0,7139.0,-0.8426809999999999,-0.640418,AFG,TUR,851430
5094835,4,224,9334,2011,0.0,10596.0,-0.331435,-0.034828,ALB,TUR,851430
5094836,7,224,9334,2011,0.0,14502.0,0.030652,-0.450808,ARE,TUR,851430
5094837,14,224,9334,2011,11403.0,9359.0,-0.138148,0.002999,AUS,TUR,851430
5094838,15,224,9334,2011,29899.0,2894.0,1.687634,-0.229095,AUT,TUR,851430
5094839,16,224,9334,2011,0.0,25777.0,-1.313136,-1.189989,AZE,TUR,851430
5094840,18,224,9334,2011,0.0,8125.0,1.221703,1.247961,BEL,TUR,851430
5094841,22,224,9334,2011,0.0,2367.0,-1.074416,-0.8276370000000001,BGD,TUR,851430
5094842,23,224,9334,2011,76916.0,32235.0,0.537967,1.520973,BGR,TUR,851430
5094843,24,224,9334,2011,0.0,2791.0,0.04085,-0.873711,BHR,TUR,851430
5094844,26,224,9334,2011,0.0,12941.0,0.391425,0.6066600000000001,BIH,TUR,851430
5094845,28,224,9334,2011,0.0,1025.0,0.8786729999999999,0.442097,BLR,TUR,851430
5094846,32,224,9334,2011,0.0,1835646.0,0.27718400000000004,0.5674319999999999,BRA,TUR,851430
5094847,34,224,9334,2011,0.0,920.0,-0.171775,-0.6656810000000001,BRN,TUR,851430
5094848,39,224,9334,2011,2366.0,4283.0,0.754813,1.1967290000000002,CAN,TUR,851430
5094849,41,224,9334,2011,1491493.0,2185.0,2.2644029999999997,0.406131,CHE,TUR,851430
5094850,43,224,9334,2011,1305677.0,1600.0,1.072299,1.686826,CHN,TUR,851430
5094851,50,224,9334,2011,0.0,12351.0,0.449788,-0.533709,COM,TUR,851430
5094852,58,224,9334,2011,0.0,108418.0,0.798165,0.424179,CYP,TUR,851430
5094853,59,224,9334,2011,0.0,2602.0,1.737788,0.14741600000000002,CZE,TUR,851430
5094854,61,224,9334,2011,713208.0,26813.0,2.074435,-3.440815,DEU,TUR,851430
5094855,66,224,9334,2011,0.0,341092.0,-1.36763,-1.140594,DZA,TUR,851430
5094856,68,224,9334,2011,0.0,34445.0,-0.166243,1.384719,EGY,TUR,851430
5094857,71,224,9334,2011,195757.0,18740.0,0.8677290000000001,2.4618450000000003,ESP,TUR,851430
5094858,73,224,9334,2011,0.0,11125.0,-1.258175,-0.920692,ETH,TUR,851430
5094859,74,224,9334,2011,0.0,6175.0,1.7488830000000002,0.890934,FIN,TUR,851430
5094860,77,224,9334,2011,101643.0,54660.0,1.532054,0.09339299999999999,FRA,TUR,851430
5094861,81,224,9334,2011,141169.0,44334.0,1.8048220000000001,0.380141,GBR,TUR,851430
5094862,82,224,9334,2011,0.0,28344.0,-0.07754,-0.35434699999999997,GEO,TUR,851430
5094863,83,224,9334,2011,0.0,962.0,-0.8627319999999999,-0.608823,GHA,TUR,851430
5094864,89,224,9334,2011,0.0,16110.0,-1.634315,-0.7567729999999999,GNQ,TUR,851430
5094865,90,224,9334,2011,3169.0,103353.0,0.138679,1.30044,GRC,TUR,851430
5094866,100,224,9334,2011,0.0,2413.0,0.868294,0.9424299999999999,HRV,TUR,851430
5094867,102,224,9334,2011,7683.0,7449.0,1.486592,0.805642,HUN,TUR,851430
5094868,103,224,9334,2011,0.0,15660.0,-0.234125,1.168384,IDN,TUR,851430
5094869,104,224,9334,2011,287545.0,7632.0,0.18276199999999998,2.398765,IND,TUR,851430
5094870,106,224,9334,2011,0.0,10851.0,1.403182,0.290245,IRL,TUR,851430
5094871,107,224,9334,2011,0.0,55617.0,-0.915379,-0.973194,IRN,TUR,851430
5094872,108,224,9334,2011,0.0,490860.0,-2.175137,-0.726975,IRQ,TUR,851430
5094873,110,224,9334,2011,0.0,6151.0,1.324384,0.714611,ISR,TUR,851430
5094874,111,224,9334,2011,1457049.0,43881.0,1.298751,0.48013599999999995,ITA,TUR,851430
5094875,113,224,9334,2011,0.0,15296.0,0.231605,0.47049399999999997,JOR,TUR,851430
5094876,114,224,9334,2011,46986.0,0.0,2.516395,-0.534301,JPN,TUR,851430
5094877,115,224,9334,2011,0.0,31385.0,-0.514687,-0.775671,KAZ,TUR,851430
5094878,116,224,9334,2011,0.0,2401.0,-0.48319300000000004,0.346927,KEN,TUR,851430
5094879,117,224,9334,2011,0.0,3213.0,-0.323348,0.164469,KGZ,TUR,851430
5094880,121,224,9334,2011,62420.0,0.0,1.731371,0.8306879999999999,KOR,TUR,851430
5094881,122,224,9334,2011,0.0,16836.0,-0.898582,-1.09893,KWT,TUR,851430
5094882,124,224,9334,2011,0.0,32868.0,0.278393,1.2962879999999999,LBN,TUR,851430
5094883,126,224,9334,2011,0.0,32592.0,-1.680464,-1.148511,LBY,TUR,851430
5094884,128,224,9334,2011,0.0,2252.0,-0.559311,0.398905,LKA,TUR,851430
5094885,132,224,9334,2011,0.0,7800.0,0.7320939999999999,1.101321,LVA,TUR,851430
5094886,134,224,9334,2011,0.0,3403.0,-0.485404,0.099828,MAR,TUR,851430
5094887,135,224,9334,2011,0.0,2637.0,-0.225556,0.28622,MDA,TUR,851430
5094888,137,224,9334,2011,0.0,64065.0,-0.937469,-0.87897,MDV,TUR,851430
5094889,138,224,9334,2011,0.0,7413.0,0.9534600000000001,0.706982,MEX,TUR,851430
5094890,140,224,9334,2011,0.0,2725.0,-0.12310499999999999,0.16392,MKD,TUR,851430
5094891,143,224,9334,2011,0.0,1076.0,-1.3557190000000001,-0.929934,MMR,TUR,851430
5094892,147,224,9334,2011,0.0,2832.0,-1.2069299999999998,-0.977785,MOZ,TUR,851430
5094893,151,224,9334,2011,0.0,11273.0,-0.09464600000000001,0.091177,MUS,TUR,851430
5094894,153,224,9334,2011,0.0,1804.0,0.9893290000000001,0.632079,MYS,TUR,851430
5094895,159,224,9334,2011,0.0,2682.0,-1.699286,-1.15511,NGA,TUR,851430
5094896,162,224,9334,2011,40418.0,32481.0,1.1655229999999999,1.410167,NLD,TUR,851430
5094897,163,224,9334,2011,0.0,28398.0,0.8492770000000001,0.050044,NOR,TUR,851430
5094898,177,224,9334,2011,121931.0,3738.0,1.133641,1.134203,POL,TUR,851430
5094899,183,224,9334,2011,0.0,1146.0,-0.45851899999999995,-1.017033,QAT,TUR,851430
5094900,185,224,9334,2011,28740.0,93634.0,0.722,1.296655,ROU,TUR,851430
5094901,186,224,9334,2011,0.0,84783.0,0.47319399999999995,-0.20801599999999998,RUS,TUR,851430
5094902,188,224,9334,2011,0.0,35383.0,0.354045,-0.800028,SAU,TUR,851430
5094903,190,224,9334,2011,0.0,33189.0,-2.1675869999999997,-1.249272,SDN,TUR,851430
5094904,191,224,9334,2011,551.0,8420.0,-0.624346,-0.308052,SEN,TUR,851430
5094905,192,224,9334,2011,0.0,6777.0,1.849116,0.52127,SGP,TUR,851430
5094906,201,224,9334,2011,0.0,71878.0,0.49055699999999997,1.5601399999999999,SRB,TUR,851430
5094907,207,224,9334,2011,22485.0,297135.0,1.642913,0.700222,SVN,TUR,851430
5094908,208,224,9334,2011,75670.0,3706.0,1.857146,0.366159,SWE,TUR,851430
5094909,212,224,9334,2011,0.0,6086.0,-0.604133,0.5268970000000001,SYR,TUR,851430
5094910,216,224,9334,2011,14553.0,28792.0,0.889009,1.503118,THA,TUR,851430
5094911,219,224,9334,2011,0.0,183316.0,-1.549495,-1.202504,TKM,TUR,851430
5094912,223,224,9334,2011,0.0,4709.0,0.151221,1.1252360000000001,TUN,TUR,851430
5094913,226,224,9334,2011,0.0,42971.0,-0.751316,0.286505,TZA,TUR,851430
5094914,227,224,9334,2011,0.0,2086.0,-0.7153,-0.062678,UGA,TUR,851430
5094915,228,224,9334,2011,0.0,46959.0,0.6221409999999999,0.765505,UKR,TUR,851430
5094916,231,224,9334,2011,330449.0,3536.0,1.6884849999999998,-0.474499,USA,TUR,851430
5094917,232,224,9334,2011,0.0,19025.0,-0.785878,-0.663918,UZB,TUR,851430
5094918,239,224,9334,2011,0.0,3494.0,-0.184453,1.637207,VNM,TUR,851430
5094919,246,224,9334,2011,287649.0,0.0,0.241792,1.353011,ZAF,TUR,851430
5094920,249,224,9334,2011,743849.0,0.0,1.803234,0.921233,TWN,TUR,851430
5094921,250,224,9334,2011,4094.0,18516.0,0.475638,-0.160135,ANS,TUR,851430
5094922,1,228,9334,2011,0.0,5438.0,-0.8426809999999999,-0.640418,AFG,UKR,851430
5094923,8,228,9334,2011,0.0,29821.0,0.240494,0.540376,ARG,UKR,851430
5094924,9,228,9334,2011,0.0,1363.0,0.543397,-0.029376999999999997,ARM,UKR,851430
5094925,15,228,9334,2011,127333.0,0.0,1.687634,-0.229095,AUT,UKR,851430
5094926,16,228,9334,2011,0.0,182908.0,-1.313136,-1.189989,AZE,UKR,851430
5094927,28,228,9334,2011,0.0,1089.0,0.8786729999999999,0.442097,BLR,UKR,851430
5094928,41,228,9334,2011,16404.0,0.0,2.2644029999999997,0.406131,CHE,UKR,851430
5094929,43,228,9334,2011,462754.0,182581.0,1.072299,1.686826,CHN,UKR,851430
5094930,59,228,9334,2011,8692.0,0.0,1.737788,0.14741600000000002,CZE,UKR,851430
5094931,61,228,9334,2011,322616.0,0.0,2.074435,-3.440815,DEU,UKR,851430
5094932,72,228,9334,2011,0.0,660032.0,0.9806790000000001,1.110449,EST,UKR,851430
5094933,74,228,9334,2011,1261035.0,0.0,1.7488830000000002,0.890934,FIN,UKR,851430
5094934,77,228,9334,2011,7163.0,0.0,1.532054,0.09339299999999999,FRA,UKR,851430
5094935,81,228,9334,2011,61319.0,0.0,1.8048220000000001,0.380141,GBR,UKR,851430
5094936,102,228,9334,2011,52623.0,42631.0,1.486592,0.805642,HUN,UKR,851430
5094937,104,228,9334,2011,10137.0,6736.0,0.18276199999999998,2.398765,IND,UKR,851430
5094938,110,228,9334,2011,1901.0,0.0,1.324384,0.714611,ISR,UKR,851430
5094939,111,228,9334,2011,10757577.0,0.0,1.298751,0.48013599999999995,ITA,UKR,851430
5094940,121,228,9334,2011,10196.0,0.0,1.731371,0.8306879999999999,KOR,UKR,851430
5094941,135,228,9334,2011,0.0,3207.0,-0.225556,0.28622,MDA,UKR,851430
5094942,153,228,9334,2011,0.0,19206.0,0.9893290000000001,0.632079,MYS,UKR,851430
5094943,168,228,9334,2011,0.0,10189.0,-0.729677,0.6026729999999999,PAK,UKR,851430
5094944,177,228,9334,2011,1902906.0,107376.0,1.133641,1.134203,POL,UKR,851430
5094945,186,228,9334,2011,264225.0,367268.0,0.47319399999999995,-0.20801599999999998,RUS,UKR,851430
5094946,217,228,9334,2011,0.0,4831.0,-0.975877,-1.021684,TJK,UKR,851430
5094947,224,228,9334,2011,46959.0,0.0,0.45775,2.4316259999999996,TUR,UKR,851430
5094948,231,228,9334,2011,67121.0,0.0,1.6884849999999998,-0.474499,USA,UKR,851430
5094949,237,228,9334,2011,0.0,3502.0,0.780217,-0.010428,VGB,UKR,851430
5094950,8,230,9334,2011,11651.0,0.0,0.240494,0.540376,ARG,URY,851430
5094951,32,230,9334,2011,53835.0,0.0,0.27718400000000004,0.5674319999999999,BRA,URY,851430
5094952,39,230,9334,2011,1156.0,0.0,0.754813,1.1967290000000002,CAN,URY,851430
5094953,42,230,9334,2011,1226.0,0.0,-0.199877,-0.353009,CHL,URY,851430
5094954,43,230,9334,2011,22545.0,0.0,1.072299,1.686826,CHN,URY,851430
5094955,61,230,9334,2011,19792.0,0.0,2.074435,-3.440815,DEU,URY,851430
5094956,71,230,9334,2011,49115.0,0.0,0.8677290000000001,2.4618450000000003,ESP,URY,851430
5094957,111,230,9334,2011,199577.0,0.0,1.298751,0.48013599999999995,ITA,URY,851430
5094958,138,230,9334,2011,6603.0,0.0,0.9534600000000001,0.706982,MEX,URY,851430
5094959,179,230,9334,2011,22933.0,0.0,0.558481,2.7056240000000003,PRT,URY,851430
5094960,231,230,9334,2011,72428.0,0.0,1.6884849999999998,-0.474499,USA,URY,851430
5094961,0,231,9334,2011,0.0,14191.0,-0.282585,-0.71273,ABW,USA,851430
5094962,1,231,9334,2011,0.0,80944.0,-0.8426809999999999,-0.640418,AFG,USA,851430
5094963,2,231,9334,2011,0.0,11611.0,-1.252991,-1.132314,AGO,USA,851430
5094964,3,231,9334,2011,0.0,19528.0,1.3921459999999999,0.126905,AIA,USA,851430
5094965,7,231,9334,2011,0.0,187114.0,0.030652,-0.450808,ARE,USA,851430
5094966,8,231,9334,2011,0.0,1159753.0,0.240494,0.540376,ARG,USA,851430
5094967,14,231,9334,2011,461125.0,513544.0,-0.138148,0.002999,AUS,USA,851430
5094968,15,231,9334,2011,454340.0,423924.0,1.687634,-0.229095,AUT,USA,851430
5094969,18,231,9334,2011,395345.0,231093.0,1.221703,1.247961,BEL,USA,851430
5094970,19,231,9334,2011,0.0,7316.0,-1.189478,-0.8684709999999999,BEN,USA,851430
5094971,21,231,9334,2011,0.0,43944.0,-1.163278,-1.002332,BFA,USA,851430
5094972,22,231,9334,2011,0.0,10439.0,-1.074416,-0.8276370000000001,BGD,USA,851430
5094973,23,231,9334,2011,5403.0,36431.0,0.537967,1.520973,BGR,USA,851430
5094974,25,231,9334,2011,0.0,13036.0,0.320669,-0.531655,BHS,USA,851430
5094975,28,231,9334,2011,0.0,75690.0,0.8786729999999999,0.442097,BLR,USA,851430
5094976,29,231,9334,2011,0.0,2471.0,-0.382684,-0.581376,BLZ,USA,851430
5094977,30,231,9334,2011,0.0,14160.0,0.576438,-0.48277299999999995,BMU,USA,851430
5094978,31,231,9334,2011,0.0,10198.0,-0.818593,-0.8701770000000001,BOL,USA,851430
5094979,32,231,9334,2011,6352.0,5655183.0,0.27718400000000004,0.5674319999999999,BRA,USA,851430
5094980,33,231,9334,2011,0.0,8257.0,0.445982,0.204672,BRB,USA,851430
5094981,34,231,9334,2011,0.0,26745.0,-0.171775,-0.6656810000000001,BRN,USA,851430
5094982,39,231,9334,2011,7962958.0,14270833.0,0.754813,1.1967290000000002,CAN,USA,851430
5094983,41,231,9334,2011,2033041.0,779551.0,2.2644029999999997,0.406131,CHE,USA,851430
5094984,42,231,9334,2011,3148.0,202978.0,-0.199877,-0.353009,CHL,USA,851430
5094985,43,231,9334,2011,5549245.0,30611518.0,1.072299,1.686826,CHN,USA,851430
5094986,45,231,9334,2011,0.0,22620.0,-0.7956340000000001,-0.8532790000000001,CMR,USA,851430
5094987,46,231,9334,2011,0.0,4850.0,-0.722957,-0.965141,COD,USA,851430
5094988,49,231,9334,2011,0.0,333577.0,0.14336600000000002,-0.22996,COL,USA,851430
5094989,52,231,9334,2011,0.0,713374.0,0.04325,-0.553193,CRI,USA,851430
5094990,55,231,9334,2011,0.0,42941.0,-0.052038,-0.69103,CUW,USA,851430
5094991,57,231,9334,2011,0.0,2627.0,0.665662,-0.678581,CYM,USA,851430
5094992,59,231,9334,2011,162440.0,176113.0,1.737788,0.14741600000000002,CZE,USA,851430
5094993,61,231,9334,2011,12378730.0,2929209.0,2.074435,-3.440815,DEU,USA,851430
5094994,64,231,9334,2011,594837.0,144151.0,1.156026,1.2248299999999999,DNK,USA,851430
5094995,65,231,9334,2011,0.0,53545.0,-0.260653,0.5682010000000001,DOM,USA,851430
5094996,66,231,9334,2011,0.0,25802.0,-1.36763,-1.140594,DZA,USA,851430
5094997,67,231,9334,2011,11679.0,131030.0,-0.8250639999999999,-0.839082,ECU,USA,851430
5094998,68,231,9334,2011,48716.0,2812.0,-0.166243,1.384719,EGY,USA,851430
5094999,71,231,9334,2011,36293.0,807294.0,0.8677290000000001,2.4618450000000003,ESP,USA,851430
5095000,72,231,9334,2011,0.0,16684.0,0.9806790000000001,1.110449,EST,USA,851430
5095001,74,231,9334,2011,1929.0,287664.0,1.7488830000000002,0.890934,FIN,USA,851430
5095002,77,231,9334,2011,1277372.0,1038102.0,1.532054,0.09339299999999999,FRA,USA,851430
5095003,79,231,9334,2011,0.0,1201.0,-0.882574,-0.8780530000000001,FSM,USA,851430
5095004,81,231,9334,2011,272812.0,1589796.0,1.8048220000000001,0.380141,GBR,USA,851430
5095005,82,231,9334,2011,0.0,1287.0,-0.07754,-0.35434699999999997,GEO,USA,851430
5095006,83,231,9334,2011,0.0,33550.0,-0.8627319999999999,-0.608823,GHA,USA,851430
5095007,89,231,9334,2011,0.0,4550.0,-1.634315,-0.7567729999999999,GNQ,USA,851430
5095008,90,231,9334,2011,0.0,39490.0,0.138679,1.30044,GRC,USA,851430
5095009,93,231,9334,2011,0.0,11073.0,-0.329497,0.775369,GTM,USA,851430
5095010,96,231,9334,2011,0.0,3334.0,-1.079231,-1.0280989999999999,GUY,USA,851430
5095011,97,231,9334,2011,46184.0,2217922.0,0.663588,1.902118,HKG,USA,851430
5095012,99,231,9334,2011,3042.0,41324.0,-0.740241,-0.311952,HND,USA,851430
5095013,100,231,9334,2011,0.0,1154535.0,0.868294,0.9424299999999999,HRV,USA,851430
5095014,102,231,9334,2011,0.0,1783143.0,1.486592,0.805642,HUN,USA,851430
5095015,103,231,9334,2011,2973.0,41359.0,-0.234125,1.168384,IDN,USA,851430
5095016,104,231,9334,2011,189630.0,1278059.0,0.18276199999999998,2.398765,IND,USA,851430
5095017,106,231,9334,2011,600940.0,65835.0,1.403182,0.290245,IRL,USA,851430
5095018,108,231,9334,2011,0.0,40454.0,-2.175137,-0.726975,IRQ,USA,851430
5095019,109,231,9334,2011,0.0,2310.0,0.284202,-0.23753000000000002,ISL,USA,851430
5095020,110,231,9334,2011,308179.0,586597.0,1.324384,0.714611,ISR,USA,851430
5095021,111,231,9334,2011,1514486.0,336171.0,1.298751,0.48013599999999995,ITA,USA,851430
5095022,112,231,9334,2011,0.0,7896.0,-0.162212,-0.621817,JAM,USA,851430
5095023,113,231,9334,2011,16050.0,37079.0,0.231605,0.47049399999999997,JOR,USA,851430
5095024,114,231,9334,2011,7400477.0,1191368.0,2.516395,-0.534301,JPN,USA,851430
5095025,115,231,9334,2011,0.0,2493.0,-0.514687,-0.775671,KAZ,USA,851430
5095026,116,231,9334,2011,0.0,9731.0,-0.48319300000000004,0.346927,KEN,USA,851430
5095027,120,231,9334,2011,0.0,3603.0,1.056175,-0.19398800000000002,KNA,USA,851430
5095028,121,231,9334,2011,577445.0,2660838.0,1.731371,0.8306879999999999,KOR,USA,851430
5095029,122,231,9334,2011,0.0,14506.0,-0.898582,-1.09893,KWT,USA,851430
5095030,124,231,9334,2011,0.0,57442.0,0.278393,1.2962879999999999,LBN,USA,851430
5095031,127,231,9334,2011,0.0,2778.0,0.639295,-0.17407999999999998,LCA,USA,851430
5095032,128,231,9334,2011,0.0,67047.0,-0.559311,0.398905,LKA,USA,851430
5095033,130,231,9334,2011,0.0,33362.0,0.747963,0.9759530000000001,LTU,USA,851430
5095034,132,231,9334,2011,0.0,20842.0,0.7320939999999999,1.101321,LVA,USA,851430
5095035,133,231,9334,2011,0.0,41104.0,0.511015,0.560905,MAC,USA,851430
5095036,134,231,9334,2011,0.0,7965.0,-0.485404,0.099828,MAR,USA,851430
5095037,136,231,9334,2011,0.0,13454.0,-1.040519,-0.404883,MDG,USA,851430
5095038,137,231,9334,2011,0.0,9545.0,-0.937469,-0.87897,MDV,USA,851430
5095039,138,231,9334,2011,18620.0,11799662.0,0.9534600000000001,0.706982,MEX,USA,851430
5095040,139,231,9334,2011,0.0,4996100.0,-0.380054,-0.73321,MHL,USA,851430
5095041,142,231,9334,2011,0.0,9132.0,1.3001340000000001,0.22605799999999998,MLT,USA,851430
5095042,151,231,9334,2011,0.0,3357.0,-0.09464600000000001,0.091177,MUS,USA,851430
5095043,153,231,9334,2011,1915122.0,12756131.0,0.9893290000000001,0.632079,MYS,USA,851430
5095044,155,231,9334,2011,0.0,2360.0,-0.42998400000000003,-0.632233,NAM,USA,851430
5095045,156,231,9334,2011,0.0,2677.0,-0.976349,-0.798691,NCL,USA,851430
5095046,159,231,9334,2011,0.0,2828.0,-1.699286,-1.15511,NGA,USA,851430
5095047,160,231,9334,2011,0.0,19268.0,-0.9592139999999999,-0.796108,NIC,USA,851430
5095048,162,231,9334,2011,1955051.0,485776.0,1.1655229999999999,1.410167,NLD,USA,851430
5095049,163,231,9334,2011,0.0,26261.0,0.8492770000000001,0.050044,NOR,USA,851430
5095050,166,231,9334,2011,375778.0,217601.0,0.372732,0.548601,NZL,USA,851430
5095051,167,231,9334,2011,0.0,111524.0,-0.473703,-0.952491,OMN,USA,851430
5095052,168,231,9334,2011,0.0,52302.0,-0.729677,0.6026729999999999,PAK,USA,851430
5095053,169,231,9334,2011,0.0,28667.0,0.786135,1.061008,PAN,USA,851430
5095054,173,231,9334,2011,24489.0,422263.0,-0.455977,0.442543,PER,USA,851430
5095055,174,231,9334,2011,86530.0,299296.0,0.364707,0.322626,PHL,USA,851430
5095056,177,231,9334,2011,1112814.0,88551.0,1.133641,1.134203,POL,USA,851430
5095057,179,231,9334,2011,9067.0,59132.0,0.558481,2.7056240000000003,PRT,USA,851430
5095058,180,231,9334,2011,0.0,3226.0,-0.548759,-0.877743,PRY,USA,851430
5095059,183,231,9334,2011,0.0,39508.0,-0.45851899999999995,-1.017033,QAT,USA,851430
5095060,185,231,9334,2011,8671.0,90721.0,0.722,1.296655,ROU,USA,851430
5095061,186,231,9334,2011,0.0,608052.0,0.47319399999999995,-0.20801599999999998,RUS,USA,851430
5095062,188,231,9334,2011,0.0,353830.0,0.354045,-0.800028,SAU,USA,851430
5095063,192,231,9334,2011,3802.0,4515162.0,1.849116,0.52127,SGP,USA,851430
5095064,197,231,9334,2011,0.0,27721.0,-0.09713200000000001,0.20772600000000002,SLV,USA,851430
5095065,205,231,9334,2011,0.0,50188.0,-0.504897,-0.835426,SUR,USA,851430
5095066,206,231,9334,2011,0.0,35738.0,1.262897,0.8230569999999999,SVK,USA,851430
5095067,207,231,9334,2011,106860.0,4847.0,1.642913,0.700222,SVN,USA,851430
5095068,208,231,9334,2011,327621.0,79664.0,1.857146,0.366159,SWE,USA,851430
5095069,210,231,9334,2011,0.0,4240.0,0.5770390000000001,-0.581371,SXM,USA,851430
5095070,216,231,9334,2011,204256.0,878996.0,0.889009,1.503118,THA,USA,851430
5095071,222,231,9334,2011,2368.0,69465.0,-0.44228,-1.031793,TTO,USA,851430
5095072,223,231,9334,2011,0.0,5565.0,0.151221,1.1252360000000001,TUN,USA,851430
5095073,224,231,9334,2011,3536.0,330449.0,0.45775,2.4316259999999996,TUR,USA,851430
5095074,226,231,9334,2011,0.0,19152.0,-0.751316,0.286505,TZA,USA,851430
5095075,228,231,9334,2011,0.0,67121.0,0.6221409999999999,0.765505,UKR,USA,851430
5095076,230,231,9334,2011,0.0,72428.0,0.313195,0.042866,URY,USA,851430
5095077,234,231,9334,2011,0.0,16434.0,0.291718,-0.250897,VCT,USA,851430
5095078,236,231,9334,2011,0.0,489695.0,-0.841147,-1.095636,VEN,USA,851430
5095079,239,231,9334,2011,0.0,582064.0,-0.184453,1.637207,VNM,USA,851430
5095080,243,231,9334,2011,0.0,5815.0,-1.44127,-1.242875,YEM,USA,851430
5095081,246,231,9334,2011,0.0,134494.0,0.241792,1.353011,ZAF,USA,851430
5095082,249,231,9334,2011,283803.0,17401962.0,1.803234,0.921233,TWN,USA,851430
5095083,8,236,9334,2011,6480.0,0.0,0.240494,0.540376,ARG,VEN,851430
5095084,32,236,9334,2011,11193.0,0.0,0.27718400000000004,0.5674319999999999,BRA,VEN,851430
5095085,41,236,9334,2011,993175.0,0.0,2.2644029999999997,0.406131,CHE,VEN,851430
5095086,43,236,9334,2011,65951.0,0.0,1.072299,1.686826,CHN,VEN,851430
5095087,61,236,9334,2011,32683.0,0.0,2.074435,-3.440815,DEU,VEN,851430
5095088,71,236,9334,2011,24642.0,0.0,0.8677290000000001,2.4618450000000003,ESP,VEN,851430
5095089,77,236,9334,2011,42575.0,0.0,1.532054,0.09339299999999999,FRA,VEN,851430
5095090,81,236,9334,2011,573130.0,0.0,1.8048220000000001,0.380141,GBR,VEN,851430
5095091,104,236,9334,2011,2070.0,0.0,0.18276199999999998,2.398765,IND,VEN,851430
5095092,111,236,9334,2011,142782.0,0.0,1.298751,0.48013599999999995,ITA,VEN,851430
5095093,114,236,9334,2011,255107.0,0.0,2.516395,-0.534301,JPN,VEN,851430
5095094,121,236,9334,2011,3442.0,204166.0,1.731371,0.8306879999999999,KOR,VEN,851430
5095095,138,236,9334,2011,18418.0,0.0,0.9534600000000001,0.706982,MEX,VEN,851430
5095096,173,236,9334,2011,1870.0,0.0,-0.455977,0.442543,PER,VEN,851430
5095097,192,236,9334,2011,3467.0,0.0,1.849116,0.52127,SGP,VEN,851430
5095098,208,236,9334,2011,2089.0,0.0,1.857146,0.366159,SWE,VEN,851430
5095099,231,236,9334,2011,489695.0,0.0,1.6884849999999998,-0.474499,USA,VEN,851430
5095100,43,243,9334,2011,3310.0,0.0,1.072299,1.686826,CHN,YEM,851430
5095101,81,243,9334,2011,25290.0,0.0,1.8048220000000001,0.380141,GBR,YEM,851430
5095102,104,243,9334,2011,2326.0,0.0,0.18276199999999998,2.398765,IND,YEM,851430
5095103,111,243,9334,2011,3105.0,0.0,1.298751,0.48013599999999995,ITA,YEM,851430
5095104,121,243,9334,2011,3549.0,0.0,1.731371,0.8306879999999999,KOR,YEM,851430
5095105,231,243,9334,2011,5815.0,0.0,1.6884849999999998,-0.474499,USA,YEM,851430
5095106,2,246,9334,2011,0.0,80966.0,-1.252991,-1.132314,AGO,ZAF,851430
5095107,14,246,9334,2011,66423.0,117470.0,-0.138148,0.002999,AUS,ZAF,851430
5095108,15,246,9334,2011,24830.0,0.0,1.687634,-0.229095,AUT,ZAF,851430
5095109,18,246,9334,2011,118326.0,3676.0,1.221703,1.247961,BEL,ZAF,851430
5095110,23,246,9334,2011,0.0,1275.0,0.537967,1.520973,BGR,ZAF,851430
5095111,32,246,9334,2011,630367.0,429686.0,0.27718400000000004,0.5674319999999999,BRA,ZAF,851430
5095112,37,246,9334,2011,0.0,84476.0,-0.48782600000000004,-1.051639,BWA,ZAF,851430
5095113,39,246,9334,2011,71195.0,0.0,0.754813,1.1967290000000002,CAN,ZAF,851430
5095114,43,246,9334,2011,1459679.0,0.0,1.072299,1.686826,CHN,ZAF,851430
5095115,44,246,9334,2011,0.0,3943.0,-1.069474,-0.867439,CIV,ZAF,851430
5095116,46,246,9334,2011,0.0,1157303.0,-0.722957,-0.965141,COD,ZAF,851430
5095117,47,246,9334,2011,0.0,6767.0,-0.979359,-1.084589,COG,ZAF,851430
5095118,49,246,9334,2011,0.0,101307.0,0.14336600000000002,-0.22996,COL,ZAF,851430
5095119,61,246,9334,2011,244848.0,0.0,2.074435,-3.440815,DEU,ZAF,851430
5095120,64,246,9334,2011,303000.0,0.0,1.156026,1.2248299999999999,DNK,ZAF,851430
5095121,67,246,9334,2011,0.0,4585.0,-0.8250639999999999,-0.839082,ECU,ZAF,851430
5095122,71,246,9334,2011,522719.0,0.0,0.8677290000000001,2.4618450000000003,ESP,ZAF,851430
5095123,74,246,9334,2011,6363134.0,0.0,1.7488830000000002,0.890934,FIN,ZAF,851430
5095124,77,246,9334,2011,2989422.0,121577.0,1.532054,0.09339299999999999,FRA,ZAF,851430
5095125,81,246,9334,2011,14411.0,0.0,1.8048220000000001,0.380141,GBR,ZAF,851430
5095126,83,246,9334,2011,0.0,55372.0,-0.8627319999999999,-0.608823,GHA,ZAF,851430
5095127,85,246,9334,2011,0.0,4686.0,-1.728661,-1.193353,GIN,ZAF,851430
5095128,104,246,9334,2011,375222.0,33082.0,0.18276199999999998,2.398765,IND,ZAF,851430
5095129,110,246,9334,2011,10781.0,0.0,1.324384,0.714611,ISR,ZAF,851430
5095130,111,246,9334,2011,160323.0,0.0,1.298751,0.48013599999999995,ITA,ZAF,851430
5095131,115,246,9334,2011,0.0,210345.0,-0.514687,-0.775671,KAZ,ZAF,851430
5095132,116,246,9334,2011,17332.0,83791.0,-0.48319300000000004,0.346927,KEN,ZAF,851430
5095133,121,246,9334,2011,22381.0,0.0,1.731371,0.8306879999999999,KOR,ZAF,851430
5095134,125,246,9334,2011,0.0,5635.0,-0.318463,-0.9367489999999999,LBR,ZAF,851430
5095135,129,246,9334,2011,0.0,10140.0,-0.868226,-0.764548,LSO,ZAF,851430
5095136,136,246,9334,2011,0.0,23562.0,-1.040519,-0.404883,MDG,ZAF,851430
5095137,147,246,9334,2011,0.0,195097.0,-1.2069299999999998,-0.977785,MOZ,ZAF,851430
5095138,151,246,9334,2011,0.0,14409.0,-0.09464600000000001,0.091177,MUS,ZAF,851430
5095139,152,246,9334,2011,0.0,74196.0,-1.100291,-0.982559,MWI,ZAF,851430
5095140,153,246,9334,2011,36434.0,0.0,0.9893290000000001,0.632079,MYS,ZAF,851430
5095141,155,246,9334,2011,0.0,205074.0,-0.42998400000000003,-0.632233,NAM,ZAF,851430
5095142,156,246,9334,2011,0.0,2104.0,-0.976349,-0.798691,NCL,ZAF,851430
5095143,162,246,9334,2011,74886.0,0.0,1.1655229999999999,1.410167,NLD,ZAF,851430
5095144,168,246,9334,2011,0.0,1952.0,-0.729677,0.6026729999999999,PAK,ZAF,851430
5095145,176,246,9334,2011,0.0,19131.0,-1.1111659999999999,-0.9458610000000001,PNG,ZAF,851430
5095146,177,246,9334,2011,205836.0,0.0,1.133641,1.134203,POL,ZAF,851430
5095147,179,246,9334,2011,3966.0,0.0,0.558481,2.7056240000000003,PRT,ZAF,851430
5095148,196,246,9334,2011,0.0,8376.0,-0.35546500000000003,-0.46134899999999995,SLE,ZAF,851430
5095149,208,246,9334,2011,72495.0,14557.0,1.857146,0.366159,SWE,ZAF,851430
5095150,209,246,9334,2011,4891.0,15254.0,0.169986,-0.078842,SWZ,ZAF,851430
5095151,224,246,9334,2011,0.0,287649.0,0.45775,2.4316259999999996,TUR,ZAF,851430
5095152,226,246,9334,2011,0.0,12662.0,-0.751316,0.286505,TZA,ZAF,851430
5095153,227,246,9334,2011,0.0,3953.0,-0.7153,-0.062678,UGA,ZAF,851430
5095154,231,246,9334,2011,134494.0,0.0,1.6884849999999998,-0.474499,USA,ZAF,851430
5095155,247,246,9334,2011,1547.0,80999.0,-0.7599,-0.941019,ZMB,ZAF,851430
5095156,248,246,9334,2011,520.0,468585.0,-0.858662,-0.8632719999999999,ZWE,ZAF,851430
5095157,249,246,9334,2011,27366.0,0.0,1.803234,0.921233,TWN,ZAF,851430
5095158,250,246,9334,2011,1919.0,0.0,0.475638,-0.160135,ANS,ZAF,851430
5095159,8,249,9334,2011,20438.0,12531.0,0.240494,0.540376,ARG,TWN,851430
5095160,14,249,9334,2011,22588.0,136716.0,-0.138148,0.002999,AUS,TWN,851430
5095161,15,249,9334,2011,41982.0,787332.0,1.687634,-0.229095,AUT,TWN,851430
5095162,22,249,9334,2011,0.0,29770.0,-1.074416,-0.8276370000000001,BGD,TWN,851430
5095163,23,249,9334,2011,0.0,9251.0,0.537967,1.520973,BGR,TWN,851430
5095164,31,249,9334,2011,0.0,1257.0,-0.818593,-0.8701770000000001,BOL,TWN,851430
5095165,32,249,9334,2011,0.0,56337.0,0.27718400000000004,0.5674319999999999,BRA,TWN,851430
5095166,39,249,9334,2011,0.0,16051.0,0.754813,1.1967290000000002,CAN,TWN,851430
5095167,41,249,9334,2011,58731.0,23091.0,2.2644029999999997,0.406131,CHE,TWN,851430
5095168,42,249,9334,2011,0.0,1857.0,-0.199877,-0.353009,CHL,TWN,851430
5095169,43,249,9334,2011,2710140.0,21362894.0,1.072299,1.686826,CHN,TWN,851430
5095170,49,249,9334,2011,0.0,24343.0,0.14336600000000002,-0.22996,COL,TWN,851430
5095171,52,249,9334,2011,0.0,2166.0,0.04325,-0.553193,CRI,TWN,851430
5095172,59,249,9334,2011,0.0,678109.0,1.737788,0.14741600000000002,CZE,TWN,851430
5095173,61,249,9334,2011,564461.0,1062607.0,2.074435,-3.440815,DEU,TWN,851430
5095174,64,249,9334,2011,9985.0,0.0,1.156026,1.2248299999999999,DNK,TWN,851430
5095175,68,249,9334,2011,0.0,30692.0,-0.166243,1.384719,EGY,TWN,851430
5095176,71,249,9334,2011,0.0,2690.0,0.8677290000000001,2.4618450000000003,ESP,TWN,851430
5095177,77,249,9334,2011,569497.0,3944.0,1.532054,0.09339299999999999,FRA,TWN,851430
5095178,81,249,9334,2011,138147.0,146914.0,1.8048220000000001,0.380141,GBR,TWN,851430
5095179,90,249,9334,2011,0.0,1924.0,0.138679,1.30044,GRC,TWN,851430
5095180,95,249,9334,2011,0.0,17159.0,0.675826,0.157468,GUM,TWN,851430
5095181,97,249,9334,2011,147510.0,1416022.0,0.663588,1.902118,HKG,TWN,851430
5095182,103,249,9334,2011,0.0,2268418.0,-0.234125,1.168384,IDN,TWN,851430
5095183,104,249,9334,2011,10525.0,2175267.0,0.18276199999999998,2.398765,IND,TWN,851430
5095184,107,249,9334,2011,0.0,9505.0,-0.915379,-0.973194,IRN,TWN,851430
5095185,110,249,9334,2011,58343.0,31434.0,1.324384,0.714611,ISR,TWN,851430
5095186,111,249,9334,2011,38964.0,1938.0,1.298751,0.48013599999999995,ITA,TWN,851430
5095187,114,249,9334,2011,12132538.0,1254191.0,2.516395,-0.534301,JPN,TWN,851430
5095188,118,249,9334,2011,0.0,37745.0,-1.162858,-1.103539,KHM,TWN,851430
5095189,121,249,9334,2011,3386318.0,858699.0,1.731371,0.8306879999999999,KOR,TWN,851430
5095190,124,249,9334,2011,0.0,8641.0,0.278393,1.2962879999999999,LBN,TWN,851430
5095191,128,249,9334,2011,0.0,12547.0,-0.559311,0.398905,LKA,TWN,851430
5095192,134,249,9334,2011,0.0,3468.0,-0.485404,0.099828,MAR,TWN,851430
5095193,137,249,9334,2011,0.0,15771.0,-0.937469,-0.87897,MDV,TWN,851430
5095194,138,249,9334,2011,0.0,35185.0,0.9534600000000001,0.706982,MEX,TWN,851430
5095195,143,249,9334,2011,0.0,261728.0,-1.3557190000000001,-0.929934,MMR,TWN,851430
5095196,153,249,9334,2011,0.0,986194.0,0.9893290000000001,0.632079,MYS,TWN,851430
5095197,162,249,9334,2011,1121895.0,14697.0,1.1655229999999999,1.410167,NLD,TWN,851430
5095198,168,249,9334,2011,0.0,8593.0,-0.729677,0.6026729999999999,PAK,TWN,851430
5095199,173,249,9334,2011,0.0,12657.0,-0.455977,0.442543,PER,TWN,851430
5095200,174,249,9334,2011,0.0,149602.0,0.364707,0.322626,PHL,TWN,851430
5095201,177,249,9334,2011,0.0,8827.0,1.133641,1.134203,POL,TWN,851430
5095202,186,249,9334,2011,5075130.0,58095.0,0.47319399999999995,-0.20801599999999998,RUS,TWN,851430
5095203,188,249,9334,2011,0.0,278080.0,0.354045,-0.800028,SAU,TWN,851430
5095204,192,249,9334,2011,39063.0,433196.0,1.849116,0.52127,SGP,TWN,851430
5095205,207,249,9334,2011,3545.0,0.0,1.642913,0.700222,SVN,TWN,851430
5095206,216,249,9334,2011,61383.0,1949854.0,0.889009,1.503118,THA,TWN,851430
5095207,223,249,9334,2011,0.0,1380.0,0.151221,1.1252360000000001,TUN,TWN,851430
5095208,224,249,9334,2011,0.0,743849.0,0.45775,2.4316259999999996,TUR,TWN,851430
5095209,231,249,9334,2011,17401962.0,283803.0,1.6884849999999998,-0.474499,USA,TWN,851430
5095210,239,249,9334,2011,14099.0,2689750.0,-0.184453,1.637207,VNM,TWN,851430
5095211,246,249,9334,2011,0.0,27366.0,0.241792,1.353011,ZAF,TWN,851430
5095212,250,249,9334,2011,37790.0,0.0,0.475638,-0.160135,ANS,TWN,851430
5095213,22,250,9334,2011,0.0,9411.0,-1.074416,-0.8276370000000001,BGD,ANS,851430
5095214,43,250,9334,2011,0.0,1244.0,1.072299,1.686826,CHN,ANS,851430
5095215,44,250,9334,2011,0.0,188560.0,-1.069474,-0.867439,CIV,ANS,851430
5095216,49,250,9334,2011,0.0,3036539.0,0.14336600000000002,-0.22996,COL,ANS,851430
5095217,59,250,9334,2011,0.0,5009.0,1.737788,0.14741600000000002,CZE,ANS,851430
5095218,77,250,9334,2011,0.0,318155.0,1.532054,0.09339299999999999,FRA,ANS,851430
5095219,104,250,9334,2011,0.0,237459.0,0.18276199999999998,2.398765,IND,ANS,851430
5095220,113,250,9334,2011,39429.0,0.0,0.231605,0.47049399999999997,JOR,ANS,851430
5095221,131,250,9334,2011,0.0,10604.0,1.1655739999999999,1.222379,LUX,ANS,851430
5095222,138,250,9334,2011,0.0,22616.0,0.9534600000000001,0.706982,MEX,ANS,851430
5095223,153,250,9334,2011,0.0,2492.0,0.9893290000000001,0.632079,MYS,ANS,851430
5095224,162,250,9334,2011,0.0,16978.0,1.1655229999999999,1.410167,NLD,ANS,851430
5095225,177,250,9334,2011,0.0,39431.0,1.133641,1.134203,POL,ANS,851430
5095226,206,250,9334,2011,0.0,129047.0,1.262897,0.8230569999999999,SVK,ANS,851430
5095227,207,250,9334,2011,0.0,75539.0,1.642913,0.700222,SVN,ANS,851430
5095228,223,250,9334,2011,846620.0,0.0,0.151221,1.1252360000000001,TUN,ANS,851430
5095229,224,250,9334,2011,18516.0,4094.0,0.45775,2.4316259999999996,TUR,ANS,851430
5095230,239,250,9334,2011,0.0,183942.0,-0.184453,1.637207,VNM,ANS,851430
5095231,246,250,9334,2011,0.0,1919.0,0.241792,1.353011,ZAF,ANS,851430
5095232,249,250,9334,2011,0.0,37790.0,1.803234,0.921233,TWN,ANS,851430
5095233,7,2,9334,2011,25821.0,0.0,0.030652,-0.450808,ARE,AGO,851430
5095234,32,2,9334,2011,90275.0,0.0,0.27718400000000004,0.5674319999999999,BRA,AGO,851430
5095235,43,2,9334,2011,120172.0,0.0,1.072299,1.686826,CHN,AGO,851430
5095236,47,2,9334,2011,449.0,0.0,-0.979359,-1.084589,COG,AGO,851430
5095237,64,2,9334,2011,139794.0,0.0,1.156026,1.2248299999999999,DNK,AGO,851430
5095238,77,2,9334,2011,42734.0,0.0,1.532054,0.09339299999999999,FRA,AGO,851430
5095239,81,2,9334,2011,1184.0,0.0,1.8048220000000001,0.380141,GBR,AGO,851430
5095240,103,2,9334,2011,1034.0,0.0,-0.234125,1.168384,IDN,AGO,851430
5095241,104,2,9334,2011,15924.0,0.0,0.18276199999999998,2.398765,IND,AGO,851430
5095242,110,2,9334,2011,956.0,0.0,1.324384,0.714611,ISR,AGO,851430
5095243,111,2,9334,2011,18941.0,0.0,1.298751,0.48013599999999995,ITA,AGO,851430
5095244,124,2,9334,2011,1918.0,0.0,0.278393,1.2962879999999999,LBN,AGO,851430
5095245,153,2,9334,2011,1002.0,0.0,0.9893290000000001,0.632079,MYS,AGO,851430
5095246,155,2,9334,2011,7052.0,0.0,-0.42998400000000003,-0.632233,NAM,AGO,851430
5095247,162,2,9334,2011,997.0,0.0,1.1655229999999999,1.410167,NLD,AGO,851430
5095248,179,2,9334,2011,261000.0,0.0,0.558481,2.7056240000000003,PRT,AGO,851430
5095249,231,2,9334,2011,11611.0,0.0,1.6884849999999998,-0.474499,USA,AGO,851430
5095250,246,2,9334,2011,80966.0,0.0,0.241792,1.353011,ZAF,AGO,851430
5095251,43,4,9334,2011,3164.0,0.0,1.072299,1.686826,CHN,ALB,851430
5095252,61,4,9334,2011,1397.0,0.0,2.074435,-3.440815,DEU,ALB,851430
5095253,71,4,9334,2011,7944.0,0.0,0.8677290000000001,2.4618450000000003,ESP,ALB,851430
5095254,90,4,9334,2011,7273.0,0.0,0.138679,1.30044,GRC,ALB,851430
5095255,111,4,9334,2011,11036.0,0.0,1.298751,0.48013599999999995,ITA,ALB,851430
5095256,201,4,9334,2011,996.0,0.0,0.49055699999999997,1.5601399999999999,SRB,ALB,851430
5095257,224,4,9334,2011,10596.0,0.0,0.45775,2.4316259999999996,TUR,ALB,851430
5095258,15,14,9334,2011,28269.0,0.0,1.687634,-0.229095,AUT,AUS,851430
5095259,18,14,9334,2011,11085.0,0.0,1.221703,1.247961,BEL,AUS,851430
5095260,21,14,9334,2011,0.0,3232.0,-1.163278,-1.002332,BFA,AUS,851430
5095261,34,14,9334,2011,0.0,11622.0,-0.171775,-0.6656810000000001,BRN,AUS,851430
5095262,39,14,9334,2011,20277.0,158180.0,0.754813,1.1967290000000002,CAN,AUS,851430
5095263,41,14,9334,2011,38904.0,22451.0,2.2644029999999997,0.406131,CHE,AUS,851430
5095264,43,14,9334,2011,607038.0,1522837.0,1.072299,1.686826,CHN,AUS,851430
5095265,49,14,9334,2011,0.0,7032.0,0.14336600000000002,-0.22996,COL,AUS,851430
5095266,59,14,9334,2011,22197.0,0.0,1.737788,0.14741600000000002,CZE,AUS,851430
5095267,61,14,9334,2011,53758.0,8909.0,2.074435,-3.440815,DEU,AUS,851430
5095268,64,14,9334,2011,7908.0,0.0,1.156026,1.2248299999999999,DNK,AUS,851430
5095269,68,14,9334,2011,0.0,9303.0,-0.166243,1.384719,EGY,AUS,851430
5095270,71,14,9334,2011,99677.0,65013.0,0.8677290000000001,2.4618450000000003,ESP,AUS,851430
5095271,74,14,9334,2011,2494.0,0.0,1.7488830000000002,0.890934,FIN,AUS,851430
5095272,75,14,9334,2011,0.0,11133.0,-0.434356,-0.010863,FJI,AUS,851430
5095273,77,14,9334,2011,94515.0,0.0,1.532054,0.09339299999999999,FRA,AUS,851430
5095274,81,14,9334,2011,25369.0,18409.0,1.8048220000000001,0.380141,GBR,AUS,851430
5095275,83,14,9334,2011,0.0,80352.0,-0.8627319999999999,-0.608823,GHA,AUS,851430
5095276,90,14,9334,2011,1965.0,11249.0,0.138679,1.30044,GRC,AUS,851430
5095277,96,14,9334,2011,0.0,38536.0,-1.079231,-1.0280989999999999,GUY,AUS,851430
5095278,97,14,9334,2011,2214.0,98792.0,0.663588,1.902118,HKG,AUS,851430
5095279,103,14,9334,2011,0.0,85316.0,-0.234125,1.168384,IDN,AUS,851430
5095280,104,14,9334,2011,95751.0,81121.0,0.18276199999999998,2.398765,IND,AUS,851430
5095281,111,14,9334,2011,199721.0,4352.0,1.298751,0.48013599999999995,ITA,AUS,851430
5095282,114,14,9334,2011,533532.0,0.0,2.516395,-0.534301,JPN,AUS,851430
5095283,117,14,9334,2011,0.0,23197.0,-0.323348,0.164469,KGZ,AUS,851430
5095284,118,14,9334,2011,0.0,1468.0,-1.162858,-1.103539,KHM,AUS,851430
5095285,121,14,9334,2011,41058.0,0.0,1.731371,0.8306879999999999,KOR,AUS,851430
5095286,125,14,9334,2011,0.0,6704.0,-0.318463,-0.9367489999999999,LBR,AUS,851430
5095287,128,14,9334,2011,0.0,16410.0,-0.559311,0.398905,LKA,AUS,851430
5095288,137,14,9334,2011,0.0,47422.0,-0.937469,-0.87897,MDV,AUS,851430
5095289,138,14,9334,2011,17096.0,51627.0,0.9534600000000001,0.706982,MEX,AUS,851430
5095290,141,14,9334,2011,0.0,2637.0,-0.6778109999999999,-0.653211,MLI,AUS,851430
5095291,145,14,9334,2011,0.0,75153.0,-1.0869389999999999,-1.107693,MNG,AUS,851430
5095292,148,14,9334,2011,0.0,9267.0,-1.2593379999999998,-1.1793209999999998,MRT,AUS,851430
5095293,153,14,9334,2011,50258.0,50291.0,0.9893290000000001,0.632079,MYS,AUS,851430
5095294,155,14,9334,2011,0.0,30047.0,-0.42998400000000003,-0.632233,NAM,AUS,851430
5095295,156,14,9334,2011,0.0,77614.0,-0.976349,-0.798691,NCL,AUS,851430
5095296,159,14,9334,2011,0.0,2439.0,-1.699286,-1.15511,NGA,AUS,851430
5095297,162,14,9334,2011,7960.0,970637.0,1.1655229999999999,1.410167,NLD,AUS,851430
5095298,166,14,9334,2011,138695.0,53314.0,0.372732,0.548601,NZL,AUS,851430
5095299,168,14,9334,2011,1124.0,0.0,-0.729677,0.6026729999999999,PAK,AUS,851430
5095300,173,14,9334,2011,0.0,23624.0,-0.455977,0.442543,PER,AUS,851430
5095301,174,14,9334,2011,0.0,6921.0,0.364707,0.322626,PHL,AUS,851430
5095302,176,14,9334,2011,0.0,242038.0,-1.1111659999999999,-0.9458610000000001,PNG,AUS,851430
5095303,179,14,9334,2011,5816.0,813.0,0.558481,2.7056240000000003,PRT,AUS,851430
5095304,186,14,9334,2011,0.0,3116.0,0.47319399999999995,-0.20801599999999998,RUS,AUS,851430
5095305,191,14,9334,2011,0.0,64303.0,-0.624346,-0.308052,SEN,AUS,851430
5095306,192,14,9334,2011,6624.0,35593.0,1.849116,0.52127,SGP,AUS,851430
5095307,195,14,9334,2011,0.0,2215.0,-1.401353,-0.931205,SLB,AUS,851430
5095308,206,14,9334,2011,0.0,2458.0,1.262897,0.8230569999999999,SVK,AUS,851430
5095309,207,14,9334,2011,5898.0,0.0,1.642913,0.700222,SVN,AUS,851430
5095310,208,14,9334,2011,117080.0,5197.0,1.857146,0.366159,SWE,AUS,851430
5095311,215,14,9334,2011,0.0,53673.0,-0.9156030000000001,-0.884099,TGO,AUS,851430
5095312,216,14,9334,2011,0.0,304416.0,0.889009,1.503118,THA,AUS,851430
5095313,224,14,9334,2011,9359.0,11403.0,0.45775,2.4316259999999996,TUR,AUS,851430
5095314,226,14,9334,2011,0.0,5162.0,-0.751316,0.286505,TZA,AUS,851430
5095315,231,14,9334,2011,513544.0,461125.0,1.6884849999999998,-0.474499,USA,AUS,851430
5095316,239,14,9334,2011,0.0,220711.0,-0.184453,1.637207,VNM,AUS,851430
5095317,246,14,9334,2011,117470.0,66423.0,0.241792,1.353011,ZAF,AUS,851430
5095318,247,14,9334,2011,0.0,726.0,-0.7599,-0.941019,ZMB,AUS,851430
5095319,249,14,9334,2011,136716.0,22588.0,1.803234,0.921233,TWN,AUS,851430
5095320,15,22,9334,2011,11622.0,0.0,1.687634,-0.229095,AUT,BGD,851430
5095321,41,22,9334,2011,1066.0,0.0,2.2644029999999997,0.406131,CHE,BGD,851430
5095322,43,22,9334,2011,230412.0,0.0,1.072299,1.686826,CHN,BGD,851430
5095323,61,22,9334,2011,60469.0,0.0,2.074435,-3.440815,DEU,BGD,851430
5095324,77,22,9334,2011,1792.0,0.0,1.532054,0.09339299999999999,FRA,BGD,851430
5095325,81,22,9334,2011,15378.0,0.0,1.8048220000000001,0.380141,GBR,BGD,851430
5095326,97,22,9334,2011,63556.0,0.0,0.663588,1.902118,HKG,BGD,851430
5095327,104,22,9334,2011,443247.0,51989.0,0.18276199999999998,2.398765,IND,BGD,851430
5095328,111,22,9334,2011,110921.0,0.0,1.298751,0.48013599999999995,ITA,BGD,851430
5095329,114,22,9334,2011,5526.0,0.0,2.516395,-0.534301,JPN,BGD,851430
5095330,121,22,9334,2011,14915.0,0.0,1.731371,0.8306879999999999,KOR,BGD,851430
5095331,179,22,9334,2011,739.0,0.0,0.558481,2.7056240000000003,PRT,BGD,851430
5095332,192,22,9334,2011,11430.0,0.0,1.849116,0.52127,SGP,BGD,851430
5095333,216,22,9334,2011,260429.0,0.0,0.889009,1.503118,THA,BGD,851430
5095334,224,22,9334,2011,2367.0,0.0,0.45775,2.4316259999999996,TUR,BGD,851430
5095335,231,22,9334,2011,10439.0,0.0,1.6884849999999998,-0.474499,USA,BGD,851430
5095336,249,22,9334,2011,29770.0,0.0,1.803234,0.921233,TWN,BGD,851430
5095337,250,22,9334,2011,9411.0,0.0,0.475638,-0.160135,ANS,BGD,851430
5095338,15,26,9334,2011,11589.0,0.0,1.687634,-0.229095,AUT,BIH,851430
5095339,41,26,9334,2011,1531.0,0.0,2.2644029999999997,0.406131,CHE,BIH,851430
5095340,43,26,9334,2011,5378.0,0.0,1.072299,1.686826,CHN,BIH,851430
5095341,61,26,9334,2011,21331.0,0.0,2.074435,-3.440815,DEU,BIH,851430
5095342,68,26,9334,2011,0.0,1924.0,-0.166243,1.384719,EGY,BIH,851430
5095343,77,26,9334,2011,60178.0,0.0,1.532054,0.09339299999999999,FRA,BIH,851430
5095344,81,26,9334,2011,90911.0,0.0,1.8048220000000001,0.380141,GBR,BIH,851430
5095345,100,26,9334,2011,1204.0,18184.0,0.868294,0.9424299999999999,HRV,BIH,851430
5095346,111,26,9334,2011,21394.0,0.0,1.298751,0.48013599999999995,ITA,BIH,851430
5095347,114,26,9334,2011,449.0,0.0,2.516395,-0.534301,JPN,BIH,851430
5095348,138,26,9334,2011,0.0,1104405.0,0.9534600000000001,0.706982,MEX,BIH,851430
5095349,201,26,9334,2011,2464.0,0.0,0.49055699999999997,1.5601399999999999,SRB,BIH,851430
5095350,207,26,9334,2011,4670.0,6217.0,1.642913,0.700222,SVN,BIH,851430
5095351,224,26,9334,2011,12941.0,0.0,0.45775,2.4316259999999996,TUR,BIH,851430
5095352,15,28,9334,2011,20315.0,0.0,1.687634,-0.229095,AUT,BLR,851430
5095353,43,28,9334,2011,262433.0,0.0,1.072299,1.686826,CHN,BLR,851430
5095354,61,28,9334,2011,851347.0,0.0,2.074435,-3.440815,DEU,BLR,851430
5095355,64,28,9334,2011,9613.0,0.0,1.156026,1.2248299999999999,DNK,BLR,851430
5095356,111,28,9334,2011,92542.0,0.0,1.298751,0.48013599999999995,ITA,BLR,851430
5095357,115,28,9334,2011,0.0,17473.0,-0.514687,-0.775671,KAZ,BLR,851430
5095358,121,28,9334,2011,9990.0,0.0,1.731371,0.8306879999999999,KOR,BLR,851430
5095359,130,28,9334,2011,126227.0,0.0,0.747963,0.9759530000000001,LTU,BLR,851430
5095360,153,28,9334,2011,377.0,0.0,0.9893290000000001,0.632079,MYS,BLR,851430
5095361,162,28,9334,2011,2242.0,0.0,1.1655229999999999,1.410167,NLD,BLR,851430
5095362,177,28,9334,2011,17057.0,0.0,1.133641,1.134203,POL,BLR,851430
5095363,186,28,9334,2011,147908.0,915.0,0.47319399999999995,-0.20801599999999998,RUS,BLR,851430
5095364,224,28,9334,2011,1025.0,0.0,0.45775,2.4316259999999996,TUR,BLR,851430
5095365,228,28,9334,2011,1089.0,0.0,0.6221409999999999,0.765505,UKR,BLR,851430
5095366,231,28,9334,2011,75690.0,0.0,1.6884849999999998,-0.474499,USA,BLR,851430
5095367,41,58,9334,2011,9160.0,0.0,2.2644029999999997,0.406131,CHE,CYP,851430
5095368,43,58,9334,2011,8147.0,0.0,1.072299,1.686826,CHN,CYP,851430
5095369,81,58,9334,2011,0.0,8811.0,1.8048220000000001,0.380141,GBR,CYP,851430
5095370,90,58,9334,2011,7024.0,0.0,0.138679,1.30044,GRC,CYP,851430
5095371,110,58,9334,2011,1742.0,0.0,1.324384,0.714611,ISR,CYP,851430
5095372,111,58,9334,2011,211812.0,0.0,1.298751,0.48013599999999995,ITA,CYP,851430
5095373,162,58,9334,2011,98685.0,0.0,1.1655229999999999,1.410167,NLD,CYP,851430
5095374,224,58,9334,2011,108418.0,0.0,0.45775,2.4316259999999996,TUR,CYP,851430
5095375,14,68,9334,2011,9303.0,0.0,-0.138148,0.002999,AUS,EGY,851430
5095376,15,68,9334,2011,19726.0,0.0,1.687634,-0.229095,AUT,EGY,851430
5095377,18,68,9334,2011,42465.0,0.0,1.221703,1.247961,BEL,EGY,851430
5095378,26,68,9334,2011,1924.0,0.0,0.391425,0.6066600000000001,BIH,EGY,851430
5095379,39,68,9334,2011,2646.0,0.0,0.754813,1.1967290000000002,CAN,EGY,851430
5095380,41,68,9334,2011,81254.0,0.0,2.2644029999999997,0.406131,CHE,EGY,851430
5095381,43,68,9334,2011,214380.0,0.0,1.072299,1.686826,CHN,EGY,851430
5095382,61,68,9334,2011,114932.0,0.0,2.074435,-3.440815,DEU,EGY,851430
5095383,64,68,9334,2011,43140.0,0.0,1.156026,1.2248299999999999,DNK,EGY,851430
5095384,77,68,9334,2011,57093.0,0.0,1.532054,0.09339299999999999,FRA,EGY,851430
5095385,81,68,9334,2011,8506.0,0.0,1.8048220000000001,0.380141,GBR,EGY,851430
5095386,104,68,9334,2011,344207.0,0.0,0.18276199999999998,2.398765,IND,EGY,851430
5095387,111,68,9334,2011,433274.0,0.0,1.298751,0.48013599999999995,ITA,EGY,851430
5095388,114,68,9334,2011,5268.0,0.0,2.516395,-0.534301,JPN,EGY,851430
5095389,121,68,9334,2011,3260.0,0.0,1.731371,0.8306879999999999,KOR,EGY,851430
5095390,124,68,9334,2011,235454.0,0.0,0.278393,1.2962879999999999,LBN,EGY,851430
5095391,138,68,9334,2011,4866.0,0.0,0.9534600000000001,0.706982,MEX,EGY,851430
5095392,162,68,9334,2011,6292.0,0.0,1.1655229999999999,1.410167,NLD,EGY,851430
5095393,166,68,9334,2011,10434.0,0.0,0.372732,0.548601,NZL,EGY,851430
5095394,188,68,9334,2011,3002.0,0.0,0.354045,-0.800028,SAU,EGY,851430
5095395,192,68,9334,2011,7092.0,0.0,1.849116,0.52127,SGP,EGY,851430
5095396,207,68,9334,2011,4004.0,0.0,1.642913,0.700222,SVN,EGY,851430
5095397,212,68,9334,2011,102066.0,0.0,-0.604133,0.5268970000000001,SYR,EGY,851430
5095398,224,68,9334,2011,34445.0,0.0,0.45775,2.4316259999999996,TUR,EGY,851430
5095399,231,68,9334,2011,2812.0,48716.0,1.6884849999999998,-0.474499,USA,EGY,851430
5095400,249,68,9334,2011,30692.0,0.0,1.803234,0.921233,TWN,EGY,851430
5095401,15,72,9334,2011,8851.0,0.0,1.687634,-0.229095,AUT,EST,851430
5095402,39,72,9334,2011,1156.0,0.0,0.754813,1.1967290000000002,CAN,EST,851430
5095403,43,72,9334,2011,62628.0,0.0,1.072299,1.686826,CHN,EST,851430
5095404,61,72,9334,2011,1431666.0,0.0,2.074435,-3.440815,DEU,EST,851430
5095405,74,72,9334,2011,16589.0,0.0,1.7488830000000002,0.890934,FIN,EST,851430
5095406,81,72,9334,2011,1416.0,0.0,1.8048220000000001,0.380141,GBR,EST,851430
5095407,111,72,9334,2011,4052.0,0.0,1.298751,0.48013599999999995,ITA,EST,851430
5095408,114,72,9334,2011,72646.0,0.0,2.516395,-0.534301,JPN,EST,851430
5095409,121,72,9334,2011,5312.0,0.0,1.731371,0.8306879999999999,KOR,EST,851430
5095410,130,72,9334,2011,0.0,2340.0,0.747963,0.9759530000000001,LTU,EST,851430
5095411,186,72,9334,2011,0.0,153816.0,0.47319399999999995,-0.20801599999999998,RUS,EST,851430
5095412,208,72,9334,2011,22583.0,0.0,1.857146,0.366159,SWE,EST,851430
5095413,228,72,9334,2011,660032.0,0.0,0.6221409999999999,0.765505,UKR,EST,851430
5095414,231,72,9334,2011,16684.0,0.0,1.6884849999999998,-0.474499,USA,EST,851430
5095415,16,82,9334,2011,0.0,1489.0,-1.313136,-1.189989,AZE,GEO,851430
5095416,43,82,9334,2011,292344.0,0.0,1.072299,1.686826,CHN,GEO,851430
5095417,61,82,9334,2011,2591.0,0.0,2.074435,-3.440815,DEU,GEO,851430
5095418,71,82,9334,2011,1710.0,0.0,0.8677290000000001,2.4618450000000003,ESP,GEO,851430
5095419,104,82,9334,2011,22635.0,0.0,0.18276199999999998,2.398765,IND,GEO,851430
5095420,110,82,9334,2011,6029.0,0.0,1.324384,0.714611,ISR,GEO,851430
5095421,111,82,9334,2011,7701.0,0.0,1.298751,0.48013599999999995,ITA,GEO,851430
5095422,162,82,9334,2011,7644.0,0.0,1.1655229999999999,1.410167,NLD,GEO,851430
5095423,186,82,9334,2011,928.0,0.0,0.47319399999999995,-0.20801599999999998,RUS,GEO,851430
5095424,224,82,9334,2011,28344.0,0.0,0.45775,2.4316259999999996,TUR,GEO,851430
5095425,231,82,9334,2011,1287.0,0.0,1.6884849999999998,-0.474499,USA,GEO,851430
5095426,7,83,9334,2011,1024.0,0.0,0.030652,-0.450808,ARE,GHA,851430
5095427,14,83,9334,2011,80352.0,0.0,-0.138148,0.002999,AUS,GHA,851430
5095428,18,83,9334,2011,17409.0,0.0,1.221703,1.247961,BEL,GHA,851430
5095429,43,83,9334,2011,151164.0,0.0,1.072299,1.686826,CHN,GHA,851430
5095430,61,83,9334,2011,7892.0,0.0,2.074435,-3.440815,DEU,GHA,851430
5095431,71,83,9334,2011,1930.0,0.0,0.8677290000000001,2.4618450000000003,ESP,GHA,851430
5095432,81,83,9334,2011,22632.0,0.0,1.8048220000000001,0.380141,GBR,GHA,851430
5095433,102,83,9334,2011,10812.0,0.0,1.486592,0.805642,HUN,GHA,851430
5095434,104,83,9334,2011,143308.0,0.0,0.18276199999999998,2.398765,IND,GHA,851430
5095435,111,83,9334,2011,20073.0,0.0,1.298751,0.48013599999999995,ITA,GHA,851430
5095436,124,83,9334,2011,42652.0,0.0,0.278393,1.2962879999999999,LBN,GHA,851430
5095437,224,83,9334,2011,962.0,0.0,0.45775,2.4316259999999996,TUR,GHA,851430
5095438,231,83,9334,2011,33550.0,0.0,1.6884849999999998,-0.474499,USA,GHA,851430
5095439,246,83,9334,2011,55372.0,0.0,0.241792,1.353011,ZAF,GHA,851430
5095440,15,100,9334,2011,40552.0,12391.0,1.687634,-0.229095,AUT,HRV,851430
5095441,26,100,9334,2011,18184.0,1204.0,0.391425,0.6066600000000001,BIH,HRV,851430
5095442,43,100,9334,2011,4465.0,0.0,1.072299,1.686826,CHN,HRV,851430
5095443,61,100,9334,2011,44889.0,0.0,2.074435,-3.440815,DEU,HRV,851430
5095444,102,100,9334,2011,1726.0,210542.0,1.486592,0.805642,HUN,HRV,851430
5095445,111,100,9334,2011,47134.0,0.0,1.298751,0.48013599999999995,ITA,HRV,851430
5095446,114,100,9334,2011,4172.0,0.0,2.516395,-0.534301,JPN,HRV,851430
5095447,153,100,9334,2011,32417.0,0.0,0.9893290000000001,0.632079,MYS,HRV,851430
5095448,168,100,9334,2011,3757.0,0.0,-0.729677,0.6026729999999999,PAK,HRV,851430
5095449,177,100,9334,2011,0.0,26239.0,1.133641,1.134203,POL,HRV,851430
5095450,201,100,9334,2011,0.0,25239.0,0.49055699999999997,1.5601399999999999,SRB,HRV,851430
5095451,207,100,9334,2011,16147.0,12788.0,1.642913,0.700222,SVN,HRV,851430
5095452,208,100,9334,2011,14733.0,0.0,1.857146,0.366159,SWE,HRV,851430
5095453,216,100,9334,2011,0.0,246182.0,0.889009,1.503118,THA,HRV,851430
5095454,224,100,9334,2011,2413.0,0.0,0.45775,2.4316259999999996,TUR,HRV,851430
5095455,231,100,9334,2011,1154535.0,0.0,1.6884849999999998,-0.474499,USA,HRV,851430
5095456,7,102,9334,2011,0.0,1845.0,0.030652,-0.450808,ARE,HUN,851430
5095457,15,102,9334,2011,125155.0,66181.0,1.687634,-0.229095,AUT,HUN,851430
5095458,32,102,9334,2011,78793.0,0.0,0.27718400000000004,0.5674319999999999,BRA,HUN,851430
5095459,39,102,9334,2011,0.0,5111.0,0.754813,1.1967290000000002,CAN,HUN,851430
5095460,41,102,9334,2011,1723.0,0.0,2.2644029999999997,0.406131,CHE,HUN,851430
5095461,43,102,9334,2011,11997.0,36810.0,1.072299,1.686826,CHN,HUN,851430
5095462,59,102,9334,2011,17130.0,0.0,1.737788,0.14741600000000002,CZE,HUN,851430
5095463,61,102,9334,2011,1043087.0,11923.0,2.074435,-3.440815,DEU,HUN,851430
5095464,77,102,9334,2011,4313.0,0.0,1.532054,0.09339299999999999,FRA,HUN,851430
5095465,83,102,9334,2011,0.0,10812.0,-0.8627319999999999,-0.608823,GHA,HUN,851430
5095466,97,102,9334,2011,983.0,0.0,0.663588,1.902118,HKG,HUN,851430
5095467,100,102,9334,2011,210542.0,1726.0,0.868294,0.9424299999999999,HRV,HUN,851430
5095468,111,102,9334,2011,100090.0,0.0,1.298751,0.48013599999999995,ITA,HUN,851430
5095469,135,102,9334,2011,0.0,8262.0,-0.225556,0.28622,MDA,HUN,851430
5095470,153,102,9334,2011,20008.0,2330.0,0.9893290000000001,0.632079,MYS,HUN,851430
5095471,162,102,9334,2011,7924.0,0.0,1.1655229999999999,1.410167,NLD,HUN,851430
5095472,177,102,9334,2011,941223.0,0.0,1.133641,1.134203,POL,HUN,851430
5095473,185,102,9334,2011,0.0,8208.0,0.722,1.296655,ROU,HUN,851430
5095474,201,102,9334,2011,0.0,1943.0,0.49055699999999997,1.5601399999999999,SRB,HUN,851430
5095475,207,102,9334,2011,8773.0,0.0,1.642913,0.700222,SVN,HUN,851430
5095476,224,102,9334,2011,7449.0,7683.0,0.45775,2.4316259999999996,TUR,HUN,851430
5095477,228,102,9334,2011,42631.0,52623.0,0.6221409999999999,0.765505,UKR,HUN,851430
5095478,231,102,9334,2011,1783143.0,0.0,1.6884849999999998,-0.474499,USA,HUN,851430
5095479,7,107,9334,2011,476601.0,0.0,0.030652,-0.450808,ARE,IRN,851430
5095480,8,107,9334,2011,5681.0,0.0,0.240494,0.540376,ARG,IRN,851430
5095481,15,107,9334,2011,46611.0,0.0,1.687634,-0.229095,AUT,IRN,851430
5095482,39,107,9334,2011,3712.0,0.0,0.754813,1.1967290000000002,CAN,IRN,851430
5095483,43,107,9334,2011,1543223.0,0.0,1.072299,1.686826,CHN,IRN,851430
5095484,61,107,9334,2011,299653.0,0.0,2.074435,-3.440815,DEU,IRN,851430
5095485,71,107,9334,2011,12916.0,0.0,0.8677290000000001,2.4618450000000003,ESP,IRN,851430
5095486,77,107,9334,2011,91181.0,0.0,1.532054,0.09339299999999999,FRA,IRN,851430
5095487,81,107,9334,2011,344850.0,0.0,1.8048220000000001,0.380141,GBR,IRN,851430
5095488,104,107,9334,2011,1948112.0,0.0,0.18276199999999998,2.398765,IND,IRN,851430
5095489,108,107,9334,2011,0.0,7360.0,-2.175137,-0.726975,IRQ,IRN,851430
5095490,111,107,9334,2011,961147.0,0.0,1.298751,0.48013599999999995,ITA,IRN,851430
5095491,114,107,9334,2011,3461.0,0.0,2.516395,-0.534301,JPN,IRN,851430
5095492,121,107,9334,2011,19070.0,0.0,1.731371,0.8306879999999999,KOR,IRN,851430
5095493,153,107,9334,2011,667849.0,0.0,0.9893290000000001,0.632079,MYS,IRN,851430
5095494,224,107,9334,2011,55617.0,0.0,0.45775,2.4316259999999996,TUR,IRN,851430
5095495,249,107,9334,2011,9505.0,0.0,1.803234,0.921233,TWN,IRN,851430
5095496,43,108,9334,2011,91818.0,0.0,1.072299,1.686826,CHN,IRQ,851430
5095497,61,108,9334,2011,89941.0,0.0,2.074435,-3.440815,DEU,IRQ,851430
5095498,107,108,9334,2011,7360.0,0.0,-0.915379,-0.973194,IRN,IRQ,851430
5095499,121,108,9334,2011,9785.0,0.0,1.731371,0.8306879999999999,KOR,IRQ,851430
5095500,124,108,9334,2011,14789.0,0.0,0.278393,1.2962879999999999,LBN,IRQ,851430
5095501,162,108,9334,2011,35163.0,0.0,1.1655229999999999,1.410167,NLD,IRQ,851430
5095502,208,108,9334,2011,12336.0,0.0,1.857146,0.366159,SWE,IRQ,851430
5095503,224,108,9334,2011,490860.0,0.0,0.45775,2.4316259999999996,TUR,IRQ,851430
5095504,231,108,9334,2011,40454.0,0.0,1.6884849999999998,-0.474499,USA,IRQ,851430
5095505,7,113,9334,2011,0.0,1281.0,0.030652,-0.450808,ARE,JOR,851430
5095506,15,113,9334,2011,14031.0,0.0,1.687634,-0.229095,AUT,JOR,851430
5095507,41,113,9334,2011,19664.0,0.0,2.2644029999999997,0.406131,CHE,JOR,851430
5095508,43,113,9334,2011,42713.0,0.0,1.072299,1.686826,CHN,JOR,851430
5095509,45,113,9334,2011,0.0,11136.0,-0.7956340000000001,-0.8532790000000001,CMR,JOR,851430
5095510,61,113,9334,2011,32175.0,0.0,2.074435,-3.440815,DEU,JOR,851430
5095511,64,113,9334,2011,1261.0,0.0,1.156026,1.2248299999999999,DNK,JOR,851430
5095512,71,113,9334,2011,19365.0,0.0,0.8677290000000001,2.4618450000000003,ESP,JOR,851430
5095513,77,113,9334,2011,20529.0,0.0,1.532054,0.09339299999999999,FRA,JOR,851430
5095514,81,113,9334,2011,154813.0,0.0,1.8048220000000001,0.380141,GBR,JOR,851430
5095515,104,113,9334,2011,2366.0,0.0,0.18276199999999998,2.398765,IND,JOR,851430
5095516,110,113,9334,2011,13799.0,0.0,1.324384,0.714611,ISR,JOR,851430
5095517,111,113,9334,2011,1277488.0,0.0,1.298751,0.48013599999999995,ITA,JOR,851430
5095518,121,113,9334,2011,6737.0,0.0,1.731371,0.8306879999999999,KOR,JOR,851430
5095519,138,113,9334,2011,2509.0,0.0,0.9534600000000001,0.706982,MEX,JOR,851430
5095520,188,113,9334,2011,0.0,84267.0,0.354045,-0.800028,SAU,JOR,851430
5095521,208,113,9334,2011,15592.0,0.0,1.857146,0.366159,SWE,JOR,851430
5095522,212,113,9334,2011,101733.0,0.0,-0.604133,0.5268970000000001,SYR,JOR,851430
5095523,224,113,9334,2011,15296.0,0.0,0.45775,2.4316259999999996,TUR,JOR,851430
5095524,231,113,9334,2011,37079.0,16050.0,1.6884849999999998,-0.474499,USA,JOR,851430
5095525,250,113,9334,2011,0.0,39429.0,0.475638,-0.160135,ANS,JOR,851430
5095526,15,115,9334,2011,41316.0,0.0,1.687634,-0.229095,AUT,KAZ,851430
5095527,28,115,9334,2011,17473.0,0.0,0.8786729999999999,0.442097,BLR,KAZ,851430
5095528,41,115,9334,2011,3589.0,0.0,2.2644029999999997,0.406131,CHE,KAZ,851430
5095529,43,115,9334,2011,350056.0,0.0,1.072299,1.686826,CHN,KAZ,851430
5095530,49,115,9334,2011,0.0,13521.0,0.14336600000000002,-0.22996,COL,KAZ,851430
5095531,61,115,9334,2011,89139.0,0.0,2.074435,-3.440815,DEU,KAZ,851430
5095532,71,115,9334,2011,2556.0,0.0,0.8677290000000001,2.4618450000000003,ESP,KAZ,851430
5095533,77,115,9334,2011,13353.0,0.0,1.532054,0.09339299999999999,FRA,KAZ,851430
5095534,111,115,9334,2011,38869.0,24990.0,1.298751,0.48013599999999995,ITA,KAZ,851430
5095535,121,115,9334,2011,139105.0,0.0,1.731371,0.8306879999999999,KOR,KAZ,851430
5095536,130,115,9334,2011,3666.0,0.0,0.747963,0.9759530000000001,LTU,KAZ,851430
5095537,186,115,9334,2011,838948.0,0.0,0.47319399999999995,-0.20801599999999998,RUS,KAZ,851430
5095538,192,115,9334,2011,4777.0,0.0,1.849116,0.52127,SGP,KAZ,851430
5095539,208,115,9334,2011,5357.0,0.0,1.857146,0.366159,SWE,KAZ,851430
5095540,224,115,9334,2011,31385.0,0.0,0.45775,2.4316259999999996,TUR,KAZ,851430
5095541,231,115,9334,2011,2493.0,0.0,1.6884849999999998,-0.474499,USA,KAZ,851430
5095542,246,115,9334,2011,210345.0,0.0,0.241792,1.353011,ZAF,KAZ,851430
5095543,15,116,9334,2011,26401.0,0.0,1.687634,-0.229095,AUT,KEN,851430
5095544,32,116,9334,2011,27333.0,0.0,0.27718400000000004,0.5674319999999999,BRA,KEN,851430
5095545,43,116,9334,2011,268107.0,0.0,1.072299,1.686826,CHN,KEN,851430
5095546,77,116,9334,2011,54869.0,0.0,1.532054,0.09339299999999999,FRA,KEN,851430
5095547,81,116,9334,2011,23378.0,0.0,1.8048220000000001,0.380141,GBR,KEN,851430
5095548,104,116,9334,2011,815500.0,0.0,0.18276199999999998,2.398765,IND,KEN,851430
5095549,121,116,9334,2011,28316.0,0.0,1.731371,0.8306879999999999,KOR,KEN,851430
5095550,153,116,9334,2011,136810.0,0.0,0.9893290000000001,0.632079,MYS,KEN,851430
5095551,187,116,9334,2011,0.0,12564.0,-0.684475,-0.690734,RWA,KEN,851430
5095552,216,116,9334,2011,2083.0,0.0,0.889009,1.503118,THA,KEN,851430
5095553,224,116,9334,2011,2401.0,0.0,0.45775,2.4316259999999996,TUR,KEN,851430
5095554,226,116,9334,2011,0.0,4081.0,-0.751316,0.286505,TZA,KEN,851430
5095555,227,116,9334,2011,0.0,2151.0,-0.7153,-0.062678,UGA,KEN,851430
5095556,231,116,9334,2011,9731.0,0.0,1.6884849999999998,-0.474499,USA,KEN,851430
5095557,246,116,9334,2011,83791.0,17332.0,0.241792,1.353011,ZAF,KEN,851430
5095558,14,117,9334,2011,23197.0,0.0,-0.138148,0.002999,AUS,KGZ,851430
5095559,18,117,9334,2011,1817.0,0.0,1.221703,1.247961,BEL,KGZ,851430
5095560,43,117,9334,2011,8453.0,0.0,1.072299,1.686826,CHN,KGZ,851430
5095561,224,117,9334,2011,3213.0,0.0,0.45775,2.4316259999999996,TUR,KGZ,851430
5095562,14,118,9334,2011,1468.0,0.0,-0.138148,0.002999,AUS,KHM,851430
5095563,43,118,9334,2011,162038.0,0.0,1.072299,1.686826,CHN,KHM,851430
5095564,153,118,9334,2011,1109.0,0.0,0.9893290000000001,0.632079,MYS,KHM,851430
5095565,192,118,9334,2011,12842.0,0.0,1.849116,0.52127,SGP,KHM,851430
5095566,216,118,9334,2011,5613.0,0.0,0.889009,1.503118,THA,KHM,851430
5095567,239,118,9334,2011,20436.0,0.0,-0.184453,1.637207,VNM,KHM,851430
5095568,249,118,9334,2011,37745.0,0.0,1.803234,0.921233,TWN,KHM,851430
5095569,1,124,9334,2011,0.0,1304.0,-0.8426809999999999,-0.640418,AFG,LBN,851430
5095570,2,124,9334,2011,0.0,1918.0,-1.252991,-1.132314,AGO,LBN,851430
5095571,7,124,9334,2011,0.0,39412.0,0.030652,-0.450808,ARE,LBN,851430
5095572,15,124,9334,2011,39522.0,14226.0,1.687634,-0.229095,AUT,LBN,851430
5095573,18,124,9334,2011,4904.0,0.0,1.221703,1.247961,BEL,LBN,851430
5095574,19,124,9334,2011,0.0,6457.0,-1.189478,-0.8684709999999999,BEN,LBN,851430
5095575,21,124,9334,2011,0.0,2889.0,-1.163278,-1.002332,BFA,LBN,851430
5095576,43,124,9334,2011,99729.0,0.0,1.072299,1.686826,CHN,LBN,851430
5095577,61,124,9334,2011,25904.0,0.0,2.074435,-3.440815,DEU,LBN,851430
5095578,68,124,9334,2011,0.0,235454.0,-0.166243,1.384719,EGY,LBN,851430
5095579,71,124,9334,2011,5224.0,0.0,0.8677290000000001,2.4618450000000003,ESP,LBN,851430
5095580,77,124,9334,2011,3478.0,0.0,1.532054,0.09339299999999999,FRA,LBN,851430
5095581,81,124,9334,2011,4795.0,0.0,1.8048220000000001,0.380141,GBR,LBN,851430
5095582,83,124,9334,2011,0.0,42652.0,-0.8627319999999999,-0.608823,GHA,LBN,851430
5095583,89,124,9334,2011,0.0,2070.0,-1.634315,-0.7567729999999999,GNQ,LBN,851430
5095584,106,124,9334,2011,211840.0,0.0,1.403182,0.290245,IRL,LBN,851430
5095585,108,124,9334,2011,0.0,14789.0,-2.175137,-0.726975,IRQ,LBN,851430
5095586,111,124,9334,2011,12038.0,0.0,1.298751,0.48013599999999995,ITA,LBN,851430
5095587,121,124,9334,2011,7029.0,0.0,1.731371,0.8306879999999999,KOR,LBN,851430
5095588,159,124,9334,2011,0.0,1059.0,-1.699286,-1.15511,NGA,LBN,851430
5095589,162,124,9334,2011,13465.0,0.0,1.1655229999999999,1.410167,NLD,LBN,851430
5095590,208,124,9334,2011,62401.0,0.0,1.857146,0.366159,SWE,LBN,851430
5095591,224,124,9334,2011,32868.0,0.0,0.45775,2.4316259999999996,TUR,LBN,851430
5095592,231,124,9334,2011,57442.0,0.0,1.6884849999999998,-0.474499,USA,LBN,851430
5095593,249,124,9334,2011,8641.0,0.0,1.803234,0.921233,TWN,LBN,851430
5095594,14,128,9334,2011,16410.0,0.0,-0.138148,0.002999,AUS,LKA,851430
5095595,15,128,9334,2011,8814.0,0.0,1.687634,-0.229095,AUT,LKA,851430
5095596,18,128,9334,2011,6551.0,0.0,1.221703,1.247961,BEL,LKA,851430
5095597,41,128,9334,2011,8333.0,0.0,2.2644029999999997,0.406131,CHE,LKA,851430
5095598,43,128,9334,2011,131639.0,0.0,1.072299,1.686826,CHN,LKA,851430
5095599,61,128,9334,2011,82382.0,0.0,2.074435,-3.440815,DEU,LKA,851430
5095600,71,128,9334,2011,18792.0,0.0,0.8677290000000001,2.4618450000000003,ESP,LKA,851430
5095601,81,128,9334,2011,33852.0,0.0,1.8048220000000001,0.380141,GBR,LKA,851430
5095602,97,128,9334,2011,3290.0,0.0,0.663588,1.902118,HKG,LKA,851430
5095603,103,128,9334,2011,4523.0,0.0,-0.234125,1.168384,IDN,LKA,851430
5095604,104,128,9334,2011,46127.0,0.0,0.18276199999999998,2.398765,IND,LKA,851430
5095605,110,128,9334,2011,2128.0,0.0,1.324384,0.714611,ISR,LKA,851430
5095606,111,128,9334,2011,49100.0,0.0,1.298751,0.48013599999999995,ITA,LKA,851430
5095607,114,128,9334,2011,4833.0,0.0,2.516395,-0.534301,JPN,LKA,851430
5095608,121,128,9334,2011,5374.0,0.0,1.731371,0.8306879999999999,KOR,LKA,851430
5095609,153,128,9334,2011,36923.0,0.0,0.9893290000000001,0.632079,MYS,LKA,851430
5095610,192,128,9334,2011,23016.0,0.0,1.849116,0.52127,SGP,LKA,851430
5095611,209,128,9334,2011,7232.0,0.0,0.169986,-0.078842,SWZ,LKA,851430
5095612,216,128,9334,2011,5838.0,0.0,0.889009,1.503118,THA,LKA,851430
5095613,224,128,9334,2011,2252.0,0.0,0.45775,2.4316259999999996,TUR,LKA,851430
5095614,231,128,9334,2011,67047.0,0.0,1.6884849999999998,-0.474499,USA,LKA,851430
5095615,249,128,9334,2011,12547.0,0.0,1.803234,0.921233,TWN,LKA,851430
5095616,9,130,9334,2011,0.0,15925.0,0.543397,-0.029376999999999997,ARM,LTU,851430
5095617,15,130,9334,2011,33059.0,0.0,1.687634,-0.229095,AUT,LTU,851430
5095618,28,130,9334,2011,0.0,126227.0,0.8786729999999999,0.442097,BLR,LTU,851430
5095619,43,130,9334,2011,55262.0,0.0,1.072299,1.686826,CHN,LTU,851430
5095620,59,130,9334,2011,6526.0,0.0,1.737788,0.14741600000000002,CZE,LTU,851430
5095621,61,130,9334,2011,8872.0,0.0,2.074435,-3.440815,DEU,LTU,851430
5095622,72,130,9334,2011,2340.0,0.0,0.9806790000000001,1.110449,EST,LTU,851430
5095623,74,130,9334,2011,19716.0,0.0,1.7488830000000002,0.890934,FIN,LTU,851430
5095624,77,130,9334,2011,68991.0,0.0,1.532054,0.09339299999999999,FRA,LTU,851430
5095625,104,130,9334,2011,4896.0,0.0,0.18276199999999998,2.398765,IND,LTU,851430
5095626,111,130,9334,2011,4282.0,0.0,1.298751,0.48013599999999995,ITA,LTU,851430
5095627,115,130,9334,2011,0.0,3666.0,-0.514687,-0.775671,KAZ,LTU,851430
5095628,132,130,9334,2011,6039.0,18086.0,0.7320939999999999,1.101321,LVA,LTU,851430
5095629,153,130,9334,2011,22837.0,0.0,0.9893290000000001,0.632079,MYS,LTU,851430
5095630,162,130,9334,2011,226557.0,0.0,1.1655229999999999,1.410167,NLD,LTU,851430
5095631,163,130,9334,2011,0.0,125520.0,0.8492770000000001,0.050044,NOR,LTU,851430
5095632,169,130,9334,2011,0.0,5554.0,0.786135,1.061008,PAN,LTU,851430
5095633,177,130,9334,2011,18245.0,0.0,1.133641,1.134203,POL,LTU,851430
5095634,186,130,9334,2011,0.0,45277.0,0.47319399999999995,-0.20801599999999998,RUS,LTU,851430
5095635,231,130,9334,2011,33362.0,0.0,1.6884849999999998,-0.474499,USA,LTU,851430
5095636,15,131,9334,2011,7976.0,0.0,1.687634,-0.229095,AUT,LUX,851430
5095637,18,131,9334,2011,19702.0,15433.0,1.221703,1.247961,BEL,LUX,851430
5095638,41,131,9334,2011,18064.0,0.0,2.2644029999999997,0.406131,CHE,LUX,851430
5095639,61,131,9334,2011,68421.0,0.0,2.074435,-3.440815,DEU,LUX,851430
5095640,77,131,9334,2011,39195.0,0.0,1.532054,0.09339299999999999,FRA,LUX,851430
5095641,121,131,9334,2011,2784.0,0.0,1.731371,0.8306879999999999,KOR,LUX,851430
5095642,134,131,9334,2011,0.0,9275.0,-0.485404,0.099828,MAR,LUX,851430
5095643,250,131,9334,2011,10604.0,0.0,0.475638,-0.160135,ANS,LUX,851430
5095644,15,132,9334,2011,9702.0,0.0,1.687634,-0.229095,AUT,LVA,851430
5095645,43,132,9334,2011,8544.0,0.0,1.072299,1.686826,CHN,LVA,851430
5095646,59,132,9334,2011,17499.0,0.0,1.737788,0.14741600000000002,CZE,LVA,851430
5095647,61,132,9334,2011,4943774.0,0.0,2.074435,-3.440815,DEU,LVA,851430
5095648,64,132,9334,2011,18311.0,8401.0,1.156026,1.2248299999999999,DNK,LVA,851430
5095649,74,132,9334,2011,7878.0,0.0,1.7488830000000002,0.890934,FIN,LVA,851430
5095650,97,132,9334,2011,2264.0,0.0,0.663588,1.902118,HKG,LVA,851430
5095651,110,132,9334,2011,7611.0,0.0,1.324384,0.714611,ISR,LVA,851430
5095652,130,132,9334,2011,18086.0,6039.0,0.747963,0.9759530000000001,LTU,LVA,851430
5095653,162,132,9334,2011,2934.0,0.0,1.1655229999999999,1.410167,NLD,LVA,851430
5095654,163,132,9334,2011,6016.0,0.0,0.8492770000000001,0.050044,NOR,LVA,851430
5095655,177,132,9334,2011,18741.0,0.0,1.133641,1.134203,POL,LVA,851430
5095656,186,132,9334,2011,348171.0,84474.0,0.47319399999999995,-0.20801599999999998,RUS,LVA,851430
5095657,192,132,9334,2011,2965.0,0.0,1.849116,0.52127,SGP,LVA,851430
5095658,224,132,9334,2011,7800.0,0.0,0.45775,2.4316259999999996,TUR,LVA,851430
5095659,231,132,9334,2011,20842.0,0.0,1.6884849999999998,-0.474499,USA,LVA,851430
5095660,43,135,9334,2011,6649.0,0.0,1.072299,1.686826,CHN,MDA,851430
5095661,102,135,9334,2011,8262.0,0.0,1.486592,0.805642,HUN,MDA,851430
5095662,104,135,9334,2011,2937.0,0.0,0.18276199999999998,2.398765,IND,MDA,851430
5095663,111,135,9334,2011,8778.0,0.0,1.298751,0.48013599999999995,ITA,MDA,851430
5095664,186,135,9334,2011,2068.0,0.0,0.47319399999999995,-0.20801599999999998,RUS,MDA,851430
5095665,224,135,9334,2011,2637.0,0.0,0.45775,2.4316259999999996,TUR,MDA,851430
5095666,228,135,9334,2011,3207.0,0.0,0.6221409999999999,0.765505,UKR,MDA,851430
5095667,23,140,9334,2011,2802.0,0.0,0.537967,1.520973,BGR,MKD,851430
5095668,43,140,9334,2011,75356.0,0.0,1.072299,1.686826,CHN,MKD,851430
5095669,61,140,9334,2011,40105.0,0.0,2.074435,-3.440815,DEU,MKD,851430
5095670,77,140,9334,2011,1669.0,0.0,1.532054,0.09339299999999999,FRA,MKD,851430
5095671,110,140,9334,2011,1265.0,0.0,1.324384,0.714611,ISR,MKD,851430
5095672,111,140,9334,2011,54981.0,0.0,1.298751,0.48013599999999995,ITA,MKD,851430
5095673,114,140,9334,2011,539.0,0.0,2.516395,-0.534301,JPN,MKD,851430
5095674,186,140,9334,2011,0.0,52180.0,0.47319399999999995,-0.20801599999999998,RUS,MKD,851430
5095675,201,140,9334,2011,0.0,1890.0,0.49055699999999997,1.5601399999999999,SRB,MKD,851430
5095676,207,140,9334,2011,29859.0,0.0,1.642913,0.700222,SVN,MKD,851430
5095677,224,140,9334,2011,2725.0,0.0,0.45775,2.4316259999999996,TUR,MKD,851430
5095678,43,142,9334,2011,7768.0,0.0,1.072299,1.686826,CHN,MLT,851430
5095679,61,142,9334,2011,20785.0,0.0,2.074435,-3.440815,DEU,MLT,851430
5095680,81,142,9334,2011,3191.0,0.0,1.8048220000000001,0.380141,GBR,MLT,851430
5095681,111,142,9334,2011,15715.0,0.0,1.298751,0.48013599999999995,ITA,MLT,851430
5095682,162,142,9334,2011,8135.0,0.0,1.1655229999999999,1.410167,NLD,MLT,851430
5095683,223,142,9334,2011,0.0,19717.0,0.151221,1.1252360000000001,TUN,MLT,851430
5095684,231,142,9334,2011,9132.0,0.0,1.6884849999999998,-0.474499,USA,MLT,851430
5095685,43,143,9334,2011,1068304.0,0.0,1.072299,1.686826,CHN,MMR,851430
5095686,104,143,9334,2011,12521.0,0.0,0.18276199999999998,2.398765,IND,MMR,851430
5095687,121,143,9334,2011,1316.0,0.0,1.731371,0.8306879999999999,KOR,MMR,851430
5095688,153,143,9334,2011,1753.0,0.0,0.9893290000000001,0.632079,MYS,MMR,851430
5095689,216,143,9334,2011,7414.0,0.0,0.889009,1.503118,THA,MMR,851430
5095690,224,143,9334,2011,1076.0,0.0,0.45775,2.4316259999999996,TUR,MMR,851430
5095691,249,143,9334,2011,261728.0,0.0,1.803234,0.921233,TWN,MMR,851430
5095692,7,147,9334,2011,2321.0,0.0,0.030652,-0.450808,ARE,MOZ,851430
5095693,32,147,9334,2011,5970.0,0.0,0.27718400000000004,0.5674319999999999,BRA,MOZ,851430
5095694,43,147,9334,2011,5971.0,0.0,1.072299,1.686826,CHN,MOZ,851430
5095695,104,147,9334,2011,7567.0,0.0,0.18276199999999998,2.398765,IND,MOZ,851430
5095696,179,147,9334,2011,6377.0,0.0,0.558481,2.7056240000000003,PRT,MOZ,851430
5095697,224,147,9334,2011,2832.0,0.0,0.45775,2.4316259999999996,TUR,MOZ,851430
5095698,246,147,9334,2011,195097.0,0.0,0.241792,1.353011,ZAF,MOZ,851430
5095699,15,163,9334,2011,24827.0,0.0,1.687634,-0.229095,AUT,NOR,851430
5095700,18,163,9334,2011,1380.0,0.0,1.221703,1.247961,BEL,NOR,851430
5095701,39,163,9334,2011,6315.0,0.0,0.754813,1.1967290000000002,CAN,NOR,851430
5095702,43,163,9334,2011,32656.0,0.0,1.072299,1.686826,CHN,NOR,851430
5095703,49,163,9334,2011,0.0,239276.0,0.14336600000000002,-0.22996,COL,NOR,851430
5095704,59,163,9334,2011,41320.0,0.0,1.737788,0.14741600000000002,CZE,NOR,851430
5095705,61,163,9334,2011,2838410.0,0.0,2.074435,-3.440815,DEU,NOR,851430
5095706,64,163,9334,2011,22224.0,8517.0,1.156026,1.2248299999999999,DNK,NOR,851430
5095707,74,163,9334,2011,189644.0,0.0,1.7488830000000002,0.890934,FIN,NOR,851430
5095708,77,163,9334,2011,11386.0,9226.0,1.532054,0.09339299999999999,FRA,NOR,851430
5095709,81,163,9334,2011,66719.0,8534.0,1.8048220000000001,0.380141,GBR,NOR,851430
5095710,97,163,9334,2011,1348.0,0.0,0.663588,1.902118,HKG,NOR,851430
5095711,104,163,9334,2011,1547650.0,0.0,0.18276199999999998,2.398765,IND,NOR,851430
5095712,109,163,9334,2011,5933.0,132936.0,0.284202,-0.23753000000000002,ISL,NOR,851430
5095713,111,163,9334,2011,67162.0,0.0,1.298751,0.48013599999999995,ITA,NOR,851430
5095714,121,163,9334,2011,32672.0,0.0,1.731371,0.8306879999999999,KOR,NOR,851430
5095715,130,163,9334,2011,125520.0,0.0,0.747963,0.9759530000000001,LTU,NOR,851430
5095716,132,163,9334,2011,0.0,6016.0,0.7320939999999999,1.101321,LVA,NOR,851430
5095717,162,163,9334,2011,85628.0,1551.0,1.1655229999999999,1.410167,NLD,NOR,851430
5095718,177,163,9334,2011,21890.0,22597.0,1.133641,1.134203,POL,NOR,851430
5095719,183,163,9334,2011,0.0,8427.0,-0.45851899999999995,-1.017033,QAT,NOR,851430
5095720,191,163,9334,2011,1621.0,0.0,-0.624346,-0.308052,SEN,NOR,851430
5095721,192,163,9334,2011,1223.0,119781.0,1.849116,0.52127,SGP,NOR,851430
5095722,208,163,9334,2011,585411.0,211304.0,1.857146,0.366159,SWE,NOR,851430
5095723,224,163,9334,2011,28398.0,0.0,0.45775,2.4316259999999996,TUR,NOR,851430
5095724,231,163,9334,2011,26261.0,0.0,1.6884849999999998,-0.474499,USA,NOR,851430
5095725,7,167,9334,2011,41615.0,1101.0,0.030652,-0.450808,ARE,OMN,851430
5095726,39,167,9334,2011,20124.0,0.0,0.754813,1.1967290000000002,CAN,OMN,851430
5095727,43,167,9334,2011,1684.0,0.0,1.072299,1.686826,CHN,OMN,851430
5095728,61,167,9334,2011,990.0,0.0,2.074435,-3.440815,DEU,OMN,851430
5095729,71,167,9334,2011,1296.0,0.0,0.8677290000000001,2.4618450000000003,ESP,OMN,851430
5095730,77,167,9334,2011,38391.0,0.0,1.532054,0.09339299999999999,FRA,OMN,851430
5095731,104,167,9334,2011,36407.0,0.0,0.18276199999999998,2.398765,IND,OMN,851430
5095732,111,167,9334,2011,7980.0,0.0,1.298751,0.48013599999999995,ITA,OMN,851430
5095733,122,167,9334,2011,103570.0,0.0,-0.898582,-1.09893,KWT,OMN,851430
5095734,137,167,9334,2011,0.0,2543.0,-0.937469,-0.87897,MDV,OMN,851430
5095735,231,167,9334,2011,111524.0,0.0,1.6884849999999998,-0.474499,USA,OMN,851430
5095736,9,186,9334,2011,0.0,134704.0,0.543397,-0.029376999999999997,ARM,RUS,851430
5095737,14,186,9334,2011,3116.0,0.0,-0.138148,0.002999,AUS,RUS,851430
5095738,15,186,9334,2011,143791.0,0.0,1.687634,-0.229095,AUT,RUS,851430
5095739,16,186,9334,2011,0.0,23851.0,-1.313136,-1.189989,AZE,RUS,851430
5095740,18,186,9334,2011,126888.0,0.0,1.221703,1.247961,BEL,RUS,851430
5095741,23,186,9334,2011,8214.0,0.0,0.537967,1.520973,BGR,RUS,851430
5095742,28,186,9334,2011,915.0,147908.0,0.8786729999999999,0.442097,BLR,RUS,851430
5095743,39,186,9334,2011,0.0,45483.0,0.754813,1.1967290000000002,CAN,RUS,851430
5095744,41,186,9334,2011,4403167.0,0.0,2.2644029999999997,0.406131,CHE,RUS,851430
5095745,43,186,9334,2011,6553309.0,1072153.0,1.072299,1.686826,CHN,RUS,851430
5095746,49,186,9334,2011,0.0,3107.0,0.14336600000000002,-0.22996,COL,RUS,851430
5095747,59,186,9334,2011,82351.0,0.0,1.737788,0.14741600000000002,CZE,RUS,851430
5095748,61,186,9334,2011,6769899.0,96599.0,2.074435,-3.440815,DEU,RUS,851430
5095749,64,186,9334,2011,10009.0,0.0,1.156026,1.2248299999999999,DNK,RUS,851430
5095750,71,186,9334,2011,21555.0,0.0,0.8677290000000001,2.4618450000000003,ESP,RUS,851430
5095751,72,186,9334,2011,153816.0,0.0,0.9806790000000001,1.110449,EST,RUS,851430
5095752,74,186,9334,2011,500731.0,0.0,1.7488830000000002,0.890934,FIN,RUS,851430
5095753,77,186,9334,2011,273876.0,0.0,1.532054,0.09339299999999999,FRA,RUS,851430
5095754,81,186,9334,2011,42529.0,7222.0,1.8048220000000001,0.380141,GBR,RUS,851430
5095755,82,186,9334,2011,0.0,928.0,-0.07754,-0.35434699999999997,GEO,RUS,851430
5095756,97,186,9334,2011,5719.0,0.0,0.663588,1.902118,HKG,RUS,851430
5095757,104,186,9334,2011,3208085.0,30838.0,0.18276199999999998,2.398765,IND,RUS,851430
5095758,106,186,9334,2011,1807.0,0.0,1.403182,0.290245,IRL,RUS,851430
5095759,110,186,9334,2011,79723.0,164887.0,1.324384,0.714611,ISR,RUS,851430
5095760,111,186,9334,2011,9006287.0,0.0,1.298751,0.48013599999999995,ITA,RUS,851430
5095761,114,186,9334,2011,492494.0,0.0,2.516395,-0.534301,JPN,RUS,851430
5095762,115,186,9334,2011,0.0,838948.0,-0.514687,-0.775671,KAZ,RUS,851430
5095763,121,186,9334,2011,197440.0,14968141.0,1.731371,0.8306879999999999,KOR,RUS,851430
5095764,130,186,9334,2011,45277.0,0.0,0.747963,0.9759530000000001,LTU,RUS,851430
5095765,132,186,9334,2011,84474.0,348171.0,0.7320939999999999,1.101321,LVA,RUS,851430
5095766,135,186,9334,2011,0.0,2068.0,-0.225556,0.28622,MDA,RUS,851430
5095767,140,186,9334,2011,52180.0,0.0,-0.12310499999999999,0.16392,MKD,RUS,851430
5095768,153,186,9334,2011,117513.0,0.0,0.9893290000000001,0.632079,MYS,RUS,851430
5095769,162,186,9334,2011,15865.0,223344.0,1.1655229999999999,1.410167,NLD,RUS,851430
5095770,177,186,9334,2011,1827196.0,845040.0,1.133641,1.134203,POL,RUS,851430
5095771,179,186,9334,2011,14536.0,0.0,0.558481,2.7056240000000003,PRT,RUS,851430
5095772,192,186,9334,2011,22255.0,0.0,1.849116,0.52127,SGP,RUS,851430
5095773,207,186,9334,2011,26975.0,0.0,1.642913,0.700222,SVN,RUS,851430
5095774,208,186,9334,2011,4639.0,0.0,1.857146,0.366159,SWE,RUS,851430
5095775,219,186,9334,2011,0.0,7962.0,-1.549495,-1.202504,TKM,RUS,851430
5095776,224,186,9334,2011,84783.0,0.0,0.45775,2.4316259999999996,TUR,RUS,851430
5095777,228,186,9334,2011,367268.0,264225.0,0.6221409999999999,0.765505,UKR,RUS,851430
5095778,231,186,9334,2011,608052.0,0.0,1.6884849999999998,-0.474499,USA,RUS,851430
5095779,239,186,9334,2011,0.0,8943.0,-0.184453,1.637207,VNM,RUS,851430
5095780,249,186,9334,2011,58095.0,5075130.0,1.803234,0.921233,TWN,RUS,851430
5095781,7,191,9334,2011,2091.0,0.0,0.030652,-0.450808,ARE,SEN,851430
5095782,14,191,9334,2011,64303.0,0.0,-0.138148,0.002999,AUS,SEN,851430
5095783,19,191,9334,2011,0.0,1793.0,-1.189478,-0.8684709999999999,BEN,SEN,851430
5095784,43,191,9334,2011,13844.0,0.0,1.072299,1.686826,CHN,SEN,851430
5095785,71,191,9334,2011,1069.0,0.0,0.8677290000000001,2.4618450000000003,ESP,SEN,851430
5095786,77,191,9334,2011,28720.0,0.0,1.532054,0.09339299999999999,FRA,SEN,851430
5095787,111,191,9334,2011,4138.0,0.0,1.298751,0.48013599999999995,ITA,SEN,851430
5095788,141,191,9334,2011,393.0,965.0,-0.6778109999999999,-0.653211,MLI,SEN,851430
5095789,162,191,9334,2011,0.0,4634.0,1.1655229999999999,1.410167,NLD,SEN,851430
5095790,163,191,9334,2011,0.0,1621.0,0.8492770000000001,0.050044,NOR,SEN,851430
5095791,224,191,9334,2011,8420.0,551.0,0.45775,2.4316259999999996,TUR,SEN,851430
5095792,4,201,9334,2011,0.0,996.0,-0.331435,-0.034828,ALB,SRB,851430
5095793,15,201,9334,2011,8926.0,6708.0,1.687634,-0.229095,AUT,SRB,851430
5095794,26,201,9334,2011,0.0,2464.0,0.391425,0.6066600000000001,BIH,SRB,851430
5095795,32,201,9334,2011,3041.0,0.0,0.27718400000000004,0.5674319999999999,BRA,SRB,851430
5095796,41,201,9334,2011,8824.0,0.0,2.2644029999999997,0.406131,CHE,SRB,851430
5095797,43,201,9334,2011,24655.0,0.0,1.072299,1.686826,CHN,SRB,851430
5095798,59,201,9334,2011,5256.0,0.0,1.737788,0.14741600000000002,CZE,SRB,851430
5095799,61,201,9334,2011,22914.0,5188.0,2.074435,-3.440815,DEU,SRB,851430
5095800,64,201,9334,2011,39392.0,0.0,1.156026,1.2248299999999999,DNK,SRB,851430
5095801,81,201,9334,2011,29461.0,0.0,1.8048220000000001,0.380141,GBR,SRB,851430
5095802,100,201,9334,2011,25239.0,0.0,0.868294,0.9424299999999999,HRV,SRB,851430
5095803,102,201,9334,2011,1943.0,0.0,1.486592,0.805642,HUN,SRB,851430
5095804,111,201,9334,2011,12305.0,5004.0,1.298751,0.48013599999999995,ITA,SRB,851430
5095805,140,201,9334,2011,1890.0,0.0,-0.12310499999999999,0.16392,MKD,SRB,851430
5095806,162,201,9334,2011,0.0,6269.0,1.1655229999999999,1.410167,NLD,SRB,851430
5095807,177,201,9334,2011,1015982.0,0.0,1.133641,1.134203,POL,SRB,851430
5095808,207,201,9334,2011,502508.0,0.0,1.642913,0.700222,SVN,SRB,851430
5095809,224,201,9334,2011,71878.0,0.0,0.45775,2.4316259999999996,TUR,SRB,851430
5095810,7,211,9334,2011,212.0,0.0,0.030652,-0.450808,ARE,SYC,851430
5095811,77,211,9334,2011,4783.0,0.0,1.532054,0.09339299999999999,FRA,SYC,851430
5095812,111,211,9334,2011,6556.0,0.0,1.298751,0.48013599999999995,ITA,SYC,851430
5095813,192,211,9334,2011,15562.0,0.0,1.849116,0.52127,SGP,SYC,851430
5095814,228,217,9334,2011,4831.0,0.0,0.6221409999999999,0.765505,UKR,TJK,851430
5095815,43,219,9334,2011,7729.0,0.0,1.072299,1.686826,CHN,TKM,851430
5095816,111,219,9334,2011,16628.0,0.0,1.298751,0.48013599999999995,ITA,TKM,851430
5095817,121,219,9334,2011,1618.0,0.0,1.731371,0.8306879999999999,KOR,TKM,851430
5095818,186,219,9334,2011,7962.0,0.0,0.47319399999999995,-0.20801599999999998,RUS,TKM,851430
5095819,224,219,9334,2011,183316.0,0.0,0.45775,2.4316259999999996,TUR,TKM,851430
5095820,43,232,9334,2011,2189028.0,0.0,1.072299,1.686826,CHN,UZB,851430
5095821,110,232,9334,2011,51000.0,0.0,1.324384,0.714611,ISR,UZB,851430
5095822,121,232,9334,2011,124879.0,0.0,1.731371,0.8306879999999999,KOR,UZB,851430
5095823,224,232,9334,2011,19025.0,0.0,0.45775,2.4316259999999996,TUR,UZB,851430
5095824,14,239,9334,2011,220711.0,0.0,-0.138148,0.002999,AUS,VNM,851430
5095825,15,239,9334,2011,31551.0,0.0,1.687634,-0.229095,AUT,VNM,851430
5095826,21,239,9334,2011,0.0,7270.0,-1.163278,-1.002332,BFA,VNM,851430
5095827,41,239,9334,2011,608.0,0.0,2.2644029999999997,0.406131,CHE,VNM,851430
5095828,43,239,9334,2011,6514460.0,0.0,1.072299,1.686826,CHN,VNM,851430
5095829,59,239,9334,2011,3065.0,0.0,1.737788,0.14741600000000002,CZE,VNM,851430
5095830,61,239,9334,2011,43548.0,0.0,2.074435,-3.440815,DEU,VNM,851430
5095831,64,239,9334,2011,7330.0,0.0,1.156026,1.2248299999999999,DNK,VNM,851430
5095832,74,239,9334,2011,79667.0,0.0,1.7488830000000002,0.890934,FIN,VNM,851430
5095833,77,239,9334,2011,94930.0,0.0,1.532054,0.09339299999999999,FRA,VNM,851430
5095834,81,239,9334,2011,1423.0,0.0,1.8048220000000001,0.380141,GBR,VNM,851430
5095835,97,239,9334,2011,8140.0,0.0,0.663588,1.902118,HKG,VNM,851430
5095836,103,239,9334,2011,1257.0,0.0,-0.234125,1.168384,IDN,VNM,851430
5095837,104,239,9334,2011,886082.0,5871.0,0.18276199999999998,2.398765,IND,VNM,851430
5095838,111,239,9334,2011,9020.0,0.0,1.298751,0.48013599999999995,ITA,VNM,851430
5095839,114,239,9334,2011,5004294.0,18444.0,2.516395,-0.534301,JPN,VNM,851430
5095840,118,239,9334,2011,0.0,20436.0,-1.162858,-1.103539,KHM,VNM,851430
5095841,121,239,9334,2011,568850.0,0.0,1.731371,0.8306879999999999,KOR,VNM,851430
5095842,153,239,9334,2011,134546.0,0.0,0.9893290000000001,0.632079,MYS,VNM,851430
5095843,159,239,9334,2011,0.0,13682.0,-1.699286,-1.15511,NGA,VNM,851430
5095844,174,239,9334,2011,100117.0,0.0,0.364707,0.322626,PHL,VNM,851430
5095845,177,239,9334,2011,76567.0,21335.0,1.133641,1.134203,POL,VNM,851430
5095846,186,239,9334,2011,8943.0,0.0,0.47319399999999995,-0.20801599999999998,RUS,VNM,851430
5095847,192,239,9334,2011,59626.0,10518.0,1.849116,0.52127,SGP,VNM,851430
5095848,207,239,9334,2011,4842.0,0.0,1.642913,0.700222,SVN,VNM,851430
5095849,209,239,9334,2011,3171.0,0.0,0.169986,-0.078842,SWZ,VNM,851430
5095850,216,239,9334,2011,424747.0,1898.0,0.889009,1.503118,THA,VNM,851430
5095851,224,239,9334,2011,3494.0,0.0,0.45775,2.4316259999999996,TUR,VNM,851430
5095852,231,239,9334,2011,582064.0,0.0,1.6884849999999998,-0.474499,USA,VNM,851430
5095853,249,239,9334,2011,2689750.0,14099.0,1.803234,0.921233,TWN,VNM,851430
5095854,250,239,9334,2011,183942.0,0.0,0.475638,-0.160135,ANS,VNM,851430
5095855,18,248,9334,2011,5594.0,0.0,1.221703,1.247961,BEL,ZWE,851430
5095856,37,248,9334,2011,3149.0,0.0,-0.48782600000000004,-1.051639,BWA,ZWE,851430
5095857,43,248,9334,2011,9269.0,0.0,1.072299,1.686826,CHN,ZWE,851430
5095858,71,248,9334,2011,3093.0,0.0,0.8677290000000001,2.4618450000000003,ESP,ZWE,851430
5095859,104,248,9334,2011,19244.0,0.0,0.18276199999999998,2.398765,IND,ZWE,851430
5095860,121,248,9334,2011,6712.0,0.0,1.731371,0.8306879999999999,KOR,ZWE,851430
5095861,209,248,9334,2011,0.0,598.0,0.169986,-0.078842,SWZ,ZWE,851430
5095862,246,248,9334,2011,468585.0,520.0,0.241792,1.353011,ZAF,ZWE,851430
5095863,247,248,9334,2011,0.0,5920.0,-0.7599,-0.941019,ZMB,ZWE,851430
5095864,43,1,9334,2011,57915.0,0.0,1.072299,1.686826,CHN,AFG,851430
5095865,124,1,9334,2011,1304.0,0.0,0.278393,1.2962879999999999,LBN,AFG,851430
5095866,166,1,9334,2011,7526.0,0.0,0.372732,0.548601,NZL,AFG,851430
5095867,224,1,9334,2011,7139.0,0.0,0.45775,2.4316259999999996,TUR,AFG,851430
5095868,228,1,9334,2011,5438.0,0.0,0.6221409999999999,0.765505,UKR,AFG,851430
5095869,231,1,9334,2011,80944.0,0.0,1.6884849999999998,-0.474499,USA,AFG,851430
5095870,159,13,9334,2011,0.0,4790.0,-1.699286,-1.15511,NGA,ATG,851430
5095871,41,19,9334,2011,1715.0,0.0,2.2644029999999997,0.406131,CHE,BEN,851430
5095872,43,19,9334,2011,14290.0,0.0,1.072299,1.686826,CHN,BEN,851430
5095873,77,19,9334,2011,23165.0,0.0,1.532054,0.09339299999999999,FRA,BEN,851430
5095874,111,19,9334,2011,20605.0,0.0,1.298751,0.48013599999999995,ITA,BEN,851430
5095875,124,19,9334,2011,6457.0,0.0,0.278393,1.2962879999999999,LBN,BEN,851430
5095876,157,19,9334,2011,0.0,11224.0,-0.85208,-0.731996,NER,BEN,851430
5095877,191,19,9334,2011,1793.0,0.0,-0.624346,-0.308052,SEN,BEN,851430
5095878,223,19,9334,2011,107901.0,0.0,0.151221,1.1252360000000001,TUN,BEN,851430
5095879,231,19,9334,2011,7316.0,0.0,1.6884849999999998,-0.474499,USA,BEN,851430
5095880,14,21,9334,2011,3232.0,0.0,-0.138148,0.002999,AUS,BFA,851430
5095881,43,21,9334,2011,1461.0,0.0,1.072299,1.686826,CHN,BFA,851430
5095882,77,21,9334,2011,14285.0,0.0,1.532054,0.09339299999999999,FRA,BFA,851430
5095883,104,21,9334,2011,3007.0,0.0,0.18276199999999998,2.398765,IND,BFA,851430
5095884,111,21,9334,2011,29945.0,0.0,1.298751,0.48013599999999995,ITA,BFA,851430
5095885,124,21,9334,2011,2889.0,0.0,0.278393,1.2962879999999999,LBN,BFA,851430
5095886,223,21,9334,2011,3512.0,0.0,0.151221,1.1252360000000001,TUN,BFA,851430
5095887,231,21,9334,2011,43944.0,0.0,1.6884849999999998,-0.474499,USA,BFA,851430
5095888,239,21,9334,2011,7270.0,0.0,-0.184453,1.637207,VNM,BFA,851430
5095889,43,24,9334,2011,7623.0,0.0,1.072299,1.686826,CHN,BHR,851430
5095890,104,24,9334,2011,7004.0,0.0,0.18276199999999998,2.398765,IND,BHR,851430
5095891,111,24,9334,2011,7442.0,0.0,1.298751,0.48013599999999995,ITA,BHR,851430
5095892,176,24,9334,2011,0.0,9833.0,-1.1111659999999999,-0.9458610000000001,PNG,BHR,851430
5095893,192,24,9334,2011,3159.0,0.0,1.849116,0.52127,SGP,BHR,851430
5095894,224,24,9334,2011,2791.0,0.0,0.45775,2.4316259999999996,TUR,BHR,851430
5095895,168,29,9334,2011,0.0,3556.0,-0.729677,0.6026729999999999,PAK,BLZ,851430
5095896,169,29,9334,2011,14480.0,0.0,0.786135,1.061008,PAN,BLZ,851430
5095897,231,29,9334,2011,2471.0,0.0,1.6884849999999998,-0.474499,USA,BLZ,851430
5095898,8,31,9334,2011,28005.0,8794.0,0.240494,0.540376,ARG,BOL,851430
5095899,15,31,9334,2011,24072.0,0.0,1.687634,-0.229095,AUT,BOL,851430
5095900,32,31,9334,2011,37471.0,0.0,0.27718400000000004,0.5674319999999999,BRA,BOL,851430
5095901,42,31,9334,2011,31119.0,0.0,-0.199877,-0.353009,CHL,BOL,851430
5095902,43,31,9334,2011,13699.0,0.0,1.072299,1.686826,CHN,BOL,851430
5095903,61,31,9334,2011,10342.0,0.0,2.074435,-3.440815,DEU,BOL,851430
5095904,67,31,9334,2011,0.0,1322.0,-0.8250639999999999,-0.839082,ECU,BOL,851430
5095905,71,31,9334,2011,1462.0,0.0,0.8677290000000001,2.4618450000000003,ESP,BOL,851430
5095906,111,31,9334,2011,1901.0,0.0,1.298751,0.48013599999999995,ITA,BOL,851430
5095907,121,31,9334,2011,849.0,0.0,1.731371,0.8306879999999999,KOR,BOL,851430
5095908,231,31,9334,2011,10198.0,0.0,1.6884849999999998,-0.474499,USA,BOL,851430
5095909,249,31,9334,2011,1257.0,0.0,1.803234,0.921233,TWN,BOL,851430
5095910,43,37,9334,2011,116713.0,0.0,1.072299,1.686826,CHN,BWA,851430
5095911,104,37,9334,2011,2939.0,0.0,0.18276199999999998,2.398765,IND,BWA,851430
5095912,114,37,9334,2011,21665.0,0.0,2.516395,-0.534301,JPN,BWA,851430
5095913,246,37,9334,2011,84476.0,0.0,0.241792,1.353011,ZAF,BWA,851430
5095914,248,37,9334,2011,0.0,3149.0,-0.858662,-0.8632719999999999,ZWE,BWA,851430
5095915,43,44,9334,2011,5855.0,0.0,1.072299,1.686826,CHN,CIV,851430
5095916,71,44,9334,2011,6325.0,0.0,0.8677290000000001,2.4618450000000003,ESP,CIV,851430
5095917,77,44,9334,2011,16950.0,0.0,1.532054,0.09339299999999999,FRA,CIV,851430
5095918,111,44,9334,2011,1387.0,0.0,1.298751,0.48013599999999995,ITA,CIV,851430
5095919,121,44,9334,2011,10729.0,0.0,1.731371,0.8306879999999999,KOR,CIV,851430
5095920,141,44,9334,2011,0.0,984.0,-0.6778109999999999,-0.653211,MLI,CIV,851430
5095921,246,44,9334,2011,3943.0,0.0,0.241792,1.353011,ZAF,CIV,851430
5095922,250,44,9334,2011,188560.0,0.0,0.475638,-0.160135,ANS,CIV,851430
5095923,41,45,9334,2011,5924.0,0.0,2.2644029999999997,0.406131,CHE,CMR,851430
5095924,43,45,9334,2011,33328.0,0.0,1.072299,1.686826,CHN,CMR,851430
5095925,61,45,9334,2011,2923.0,0.0,2.074435,-3.440815,DEU,CMR,851430
5095926,77,45,9334,2011,49788.0,0.0,1.532054,0.09339299999999999,FRA,CMR,851430
5095927,104,45,9334,2011,7424.0,0.0,0.18276199999999998,2.398765,IND,CMR,851430
5095928,111,45,9334,2011,5634.0,0.0,1.298751,0.48013599999999995,ITA,CMR,851430
5095929,113,45,9334,2011,11136.0,0.0,0.231605,0.47049399999999997,JOR,CMR,851430
5095930,162,45,9334,2011,2017.0,0.0,1.1655229999999999,1.410167,NLD,CMR,851430
5095931,231,45,9334,2011,22620.0,0.0,1.6884849999999998,-0.474499,USA,CMR,851430
5095932,43,46,9334,2011,250110.0,0.0,1.072299,1.686826,CHN,COD,851430
5095933,179,46,9334,2011,1228.0,0.0,0.558481,2.7056240000000003,PRT,COD,851430
5095934,231,46,9334,2011,4850.0,0.0,1.6884849999999998,-0.474499,USA,COD,851430
5095935,246,46,9334,2011,1157303.0,0.0,0.241792,1.353011,ZAF,COD,851430
5095936,2,47,9334,2011,0.0,449.0,-1.252991,-1.132314,AGO,COG,851430
5095937,7,47,9334,2011,9122.0,0.0,0.030652,-0.450808,ARE,COG,851430
5095938,18,47,9334,2011,1180038.0,0.0,1.221703,1.247961,BEL,COG,851430
5095939,32,47,9334,2011,134822.0,0.0,0.27718400000000004,0.5674319999999999,BRA,COG,851430
5095940,43,47,9334,2011,65181.0,0.0,1.072299,1.686826,CHN,COG,851430
5095941,77,47,9334,2011,246542.0,0.0,1.532054,0.09339299999999999,FRA,COG,851430
5095942,81,47,9334,2011,2371.0,0.0,1.8048220000000001,0.380141,GBR,COG,851430
5095943,104,47,9334,2011,493506.0,0.0,0.18276199999999998,2.398765,IND,COG,851430
5095944,111,47,9334,2011,4985.0,0.0,1.298751,0.48013599999999995,ITA,COG,851430
5095945,246,47,9334,2011,6767.0,0.0,0.241792,1.353011,ZAF,COG,851430
5095946,39,54,9334,2011,4401.0,0.0,0.754813,1.1967290000000002,CAN,CUB,851430
5095947,43,54,9334,2011,60484.0,0.0,1.072299,1.686826,CHN,CUB,851430
5095948,110,54,9334,2011,1000.0,0.0,1.324384,0.714611,ISR,CUB,851430
5095949,162,54,9334,2011,32600.0,0.0,1.1655229999999999,1.410167,NLD,CUB,851430
5095950,43,62,9334,2011,197497.0,0.0,1.072299,1.686826,CHN,DJI,851430
5095951,77,62,9334,2011,14076.0,0.0,1.532054,0.09339299999999999,FRA,DJI,851430
5095952,104,62,9334,2011,479731.0,0.0,0.18276199999999998,2.398765,IND,DJI,851430
5095953,18,66,9334,2011,19921.0,0.0,1.221703,1.247961,BEL,DZA,851430
5095954,39,66,9334,2011,6335.0,0.0,0.754813,1.1967290000000002,CAN,DZA,851430
5095955,41,66,9334,2011,8174.0,0.0,2.2644029999999997,0.406131,CHE,DZA,851430
5095956,43,66,9334,2011,628503.0,0.0,1.072299,1.686826,CHN,DZA,851430
5095957,59,66,9334,2011,525730.0,0.0,1.737788,0.14741600000000002,CZE,DZA,851430
5095958,61,66,9334,2011,131995.0,0.0,2.074435,-3.440815,DEU,DZA,851430
5095959,71,66,9334,2011,336642.0,0.0,0.8677290000000001,2.4618450000000003,ESP,DZA,851430
5095960,77,66,9334,2011,416021.0,0.0,1.532054,0.09339299999999999,FRA,DZA,851430
5095961,81,66,9334,2011,72003.0,0.0,1.8048220000000001,0.380141,GBR,DZA,851430
5095962,104,66,9334,2011,26943.0,0.0,0.18276199999999998,2.398765,IND,DZA,851430
5095963,111,66,9334,2011,487990.0,0.0,1.298751,0.48013599999999995,ITA,DZA,851430
5095964,121,66,9334,2011,15499.0,0.0,1.731371,0.8306879999999999,KOR,DZA,851430
5095965,178,66,9334,2011,24377.0,0.0,-0.024317,-0.154781,PRK,DZA,851430
5095966,179,66,9334,2011,15867.0,0.0,0.558481,2.7056240000000003,PRT,DZA,851430
5095967,212,66,9334,2011,10498.0,0.0,-0.604133,0.5268970000000001,SYR,DZA,851430
5095968,224,66,9334,2011,341092.0,0.0,0.45775,2.4316259999999996,TUR,DZA,851430
5095969,231,66,9334,2011,25802.0,0.0,1.6884849999999998,-0.474499,USA,DZA,851430
5095970,43,73,9334,2011,49679.0,0.0,1.072299,1.686826,CHN,ETH,851430
5095971,61,73,9334,2011,8177.0,0.0,2.074435,-3.440815,DEU,ETH,851430
5095972,81,73,9334,2011,12210.0,0.0,1.8048220000000001,0.380141,GBR,ETH,851430
5095973,104,73,9334,2011,500990.0,0.0,0.18276199999999998,2.398765,IND,ETH,851430
5095974,111,73,9334,2011,36330.0,0.0,1.298751,0.48013599999999995,ITA,ETH,851430
5095975,121,73,9334,2011,3625.0,0.0,1.731371,0.8306879999999999,KOR,ETH,851430
5095976,224,73,9334,2011,11125.0,0.0,0.45775,2.4316259999999996,TUR,ETH,851430
5095977,43,80,9334,2011,8956.0,0.0,1.072299,1.686826,CHN,GAB,851430
5095978,77,80,9334,2011,329228.0,0.0,1.532054,0.09339299999999999,FRA,GAB,851430
5095979,104,80,9334,2011,170947.0,0.0,0.18276199999999998,2.398765,IND,GAB,851430
5095980,179,80,9334,2011,3071.0,0.0,0.558481,2.7056240000000003,PRT,GAB,851430
5095981,206,80,9334,2011,2508.0,0.0,1.262897,0.8230569999999999,SVK,GAB,851430
5095982,71,84,9334,2011,4666.0,0.0,0.8677290000000001,2.4618450000000003,ESP,GIB,851430
5095983,43,85,9334,2011,4603.0,0.0,1.072299,1.686826,CHN,GIN,851430
5095984,77,85,9334,2011,2158.0,0.0,1.532054,0.09339299999999999,FRA,GIN,851430
5095985,246,85,9334,2011,4686.0,0.0,0.241792,1.353011,ZAF,GIN,851430
5095986,32,89,9334,2011,2599.0,0.0,0.27718400000000004,0.5674319999999999,BRA,GNQ,851430
5095987,43,89,9334,2011,21939.0,0.0,1.072299,1.686826,CHN,GNQ,851430
5095988,71,89,9334,2011,27017.0,0.0,0.8677290000000001,2.4618450000000003,ESP,GNQ,851430
5095989,77,89,9334,2011,7281.0,0.0,1.532054,0.09339299999999999,FRA,GNQ,851430
5095990,124,89,9334,2011,2070.0,0.0,0.278393,1.2962879999999999,LBN,GNQ,851430
5095991,134,89,9334,2011,291062.0,0.0,-0.485404,0.099828,MAR,GNQ,851430
5095992,224,89,9334,2011,16110.0,0.0,0.45775,2.4316259999999996,TUR,GNQ,851430
5095993,231,89,9334,2011,4550.0,0.0,1.6884849999999998,-0.474499,USA,GNQ,851430
5095994,18,109,9334,2011,27942.0,0.0,1.221703,1.247961,BEL,ISL,851430
5095995,43,109,9334,2011,1207.0,0.0,1.072299,1.686826,CHN,ISL,851430
5095996,61,109,9334,2011,10042.0,0.0,2.074435,-3.440815,DEU,ISL,851430
5095997,64,109,9334,2011,6876.0,0.0,1.156026,1.2248299999999999,DNK,ISL,851430
5095998,81,109,9334,2011,1386.0,0.0,1.8048220000000001,0.380141,GBR,ISL,851430
5095999,111,109,9334,2011,1762.0,0.0,1.298751,0.48013599999999995,ITA,ISL,851430
5096000,162,109,9334,2011,24893.0,0.0,1.1655229999999999,1.410167,NLD,ISL,851430
5096001,163,109,9334,2011,132936.0,5933.0,0.8492770000000001,0.050044,NOR,ISL,851430
5096002,231,109,9334,2011,2310.0,0.0,1.6884849999999998,-0.474499,USA,ISL,851430
5096003,14,125,9334,2011,6704.0,0.0,-0.138148,0.002999,AUS,LBR,851430
5096004,246,125,9334,2011,5635.0,0.0,0.241792,1.353011,ZAF,LBR,851430
5096005,43,126,9334,2011,223547.0,0.0,1.072299,1.686826,CHN,LBY,851430
5096006,224,126,9334,2011,32592.0,0.0,0.45775,2.4316259999999996,TUR,LBY,851430
5096007,246,129,9334,2011,10140.0,0.0,0.241792,1.353011,ZAF,LSO,851430
5096008,231,139,9334,2011,4996100.0,0.0,1.6884849999999998,-0.474499,USA,MHL,851430
5096009,14,145,9334,2011,75153.0,0.0,-0.138148,0.002999,AUS,MNG,851430
5096010,43,145,9334,2011,258197.0,0.0,1.072299,1.686826,CHN,MNG,851430
5096011,208,145,9334,2011,45033.0,0.0,1.857146,0.366159,SWE,MNG,851430
5096012,14,148,9334,2011,9267.0,0.0,-0.138148,0.002999,AUS,MRT,851430
5096013,77,148,9334,2011,3148.0,0.0,1.532054,0.09339299999999999,FRA,MRT,851430
5096014,43,151,9334,2011,12301.0,0.0,1.072299,1.686826,CHN,MUS,851430
5096015,61,151,9334,2011,21969.0,0.0,2.074435,-3.440815,DEU,MUS,851430
5096016,71,151,9334,2011,8285.0,0.0,0.8677290000000001,2.4618450000000003,ESP,MUS,851430
5096017,77,151,9334,2011,83171.0,4980.0,1.532054,0.09339299999999999,FRA,MUS,851430
5096018,104,151,9334,2011,26024.0,0.0,0.18276199999999998,2.398765,IND,MUS,851430
5096019,111,151,9334,2011,128220.0,0.0,1.298751,0.48013599999999995,ITA,MUS,851430
5096020,192,151,9334,2011,22935.0,0.0,1.849116,0.52127,SGP,MUS,851430
5096021,224,151,9334,2011,11273.0,0.0,0.45775,2.4316259999999996,TUR,MUS,851430
5096022,226,151,9334,2011,0.0,620.0,-0.751316,0.286505,TZA,MUS,851430
5096023,231,151,9334,2011,3357.0,0.0,1.6884849999999998,-0.474499,USA,MUS,851430
5096024,246,151,9334,2011,14409.0,0.0,0.241792,1.353011,ZAF,MUS,851430
5096025,2,155,9334,2011,0.0,7052.0,-1.252991,-1.132314,AGO,NAM,851430
5096026,14,155,9334,2011,30047.0,0.0,-0.138148,0.002999,AUS,NAM,851430
5096027,43,155,9334,2011,105466.0,0.0,1.072299,1.686826,CHN,NAM,851430
5096028,61,155,9334,2011,7848.0,0.0,2.074435,-3.440815,DEU,NAM,851430
5096029,231,155,9334,2011,2360.0,0.0,1.6884849999999998,-0.474499,USA,NAM,851430
5096030,246,155,9334,2011,205074.0,0.0,0.241792,1.353011,ZAF,NAM,851430
5096031,19,157,9334,2011,11224.0,0.0,-1.189478,-0.8684709999999999,BEN,NER,851430
5096032,43,157,9334,2011,48575.0,0.0,1.072299,1.686826,CHN,NER,851430
5096033,134,157,9334,2011,10279.0,0.0,-0.485404,0.099828,MAR,NER,851430
5096034,7,159,9334,2011,84832.0,0.0,0.030652,-0.450808,ARE,NGA,851430
5096035,13,159,9334,2011,4790.0,0.0,0.257238,-0.275891,ATG,NGA,851430
5096036,14,159,9334,2011,2439.0,0.0,-0.138148,0.002999,AUS,NGA,851430
5096037,15,159,9334,2011,12189.0,0.0,1.687634,-0.229095,AUT,NGA,851430
5096038,41,159,9334,2011,4572.0,0.0,2.2644029999999997,0.406131,CHE,NGA,851430
5096039,43,159,9334,2011,1518330.0,0.0,1.072299,1.686826,CHN,NGA,851430
5096040,61,159,9334,2011,45116.0,0.0,2.074435,-3.440815,DEU,NGA,851430
5096041,77,159,9334,2011,1392.0,0.0,1.532054,0.09339299999999999,FRA,NGA,851430
5096042,81,159,9334,2011,79342.0,0.0,1.8048220000000001,0.380141,GBR,NGA,851430
5096043,97,159,9334,2011,84712.0,0.0,0.663588,1.902118,HKG,NGA,851430
5096044,104,159,9334,2011,1301703.0,0.0,0.18276199999999998,2.398765,IND,NGA,851430
5096045,111,159,9334,2011,245869.0,0.0,1.298751,0.48013599999999995,ITA,NGA,851430
5096046,121,159,9334,2011,35900.0,0.0,1.731371,0.8306879999999999,KOR,NGA,851430
5096047,124,159,9334,2011,1059.0,0.0,0.278393,1.2962879999999999,LBN,NGA,851430
5096048,224,159,9334,2011,2682.0,0.0,0.45775,2.4316259999999996,TUR,NGA,851430
5096049,231,159,9334,2011,2828.0,0.0,1.6884849999999998,-0.474499,USA,NGA,851430
5096050,239,159,9334,2011,13682.0,0.0,-0.184453,1.637207,VNM,NGA,851430
5096051,43,164,9334,2011,8756.0,0.0,1.072299,1.686826,CHN,NPL,851430
5096052,104,164,9334,2011,54611.0,0.0,0.18276199999999998,2.398765,IND,NPL,851430
5096053,111,164,9334,2011,3098.0,0.0,1.298751,0.48013599999999995,ITA,NPL,851430
5096054,162,164,9334,2011,1272.0,0.0,1.1655229999999999,1.410167,NLD,NPL,851430
5096055,14,176,9334,2011,242038.0,0.0,-0.138148,0.002999,AUS,PNG,851430
5096056,24,176,9334,2011,9833.0,0.0,0.04085,-0.873711,BHR,PNG,851430
5096057,43,176,9334,2011,9606.0,0.0,1.072299,1.686826,CHN,PNG,851430
5096058,61,176,9334,2011,2140.0,0.0,2.074435,-3.440815,DEU,PNG,851430
5096059,104,176,9334,2011,23286.0,0.0,0.18276199999999998,2.398765,IND,PNG,851430
5096060,166,176,9334,2011,26312.0,0.0,0.372732,0.548601,NZL,PNG,851430
5096061,192,176,9334,2011,19662.0,0.0,1.849116,0.52127,SGP,PNG,851430
5096062,246,176,9334,2011,19131.0,0.0,0.241792,1.353011,ZAF,PNG,851430
5096063,43,178,9334,2011,146661.0,0.0,1.072299,1.686826,CHN,PRK,851430
5096064,66,178,9334,2011,0.0,24377.0,-1.36763,-1.140594,DZA,PRK,851430
5096065,104,178,9334,2011,4752.0,0.0,0.18276199999999998,2.398765,IND,PRK,851430
5096066,138,178,9334,2011,0.0,1758.0,0.9534600000000001,0.706982,MEX,PRK,851430
5096067,43,182,9334,2011,10494.0,0.0,1.072299,1.686826,CHN,PYF,851430
5096068,77,182,9334,2011,35855.0,0.0,1.532054,0.09339299999999999,FRA,PYF,851430
5096069,43,209,9334,2011,3785.0,0.0,1.072299,1.686826,CHN,SWZ,851430
5096070,128,209,9334,2011,0.0,7232.0,-0.559311,0.398905,LKA,SWZ,851430
5096071,239,209,9334,2011,0.0,3171.0,-0.184453,1.637207,VNM,SWZ,851430
5096072,246,209,9334,2011,15254.0,4891.0,0.241792,1.353011,ZAF,SWZ,851430
5096073,248,209,9334,2011,598.0,0.0,-0.858662,-0.8632719999999999,ZWE,SWZ,851430
5096074,15,212,9334,2011,35096.0,0.0,1.687634,-0.229095,AUT,SYR,851430
5096075,43,212,9334,2011,164224.0,0.0,1.072299,1.686826,CHN,SYR,851430
5096076,61,212,9334,2011,8184.0,0.0,2.074435,-3.440815,DEU,SYR,851430
5096077,66,212,9334,2011,0.0,10498.0,-1.36763,-1.140594,DZA,SYR,851430
5096078,68,212,9334,2011,0.0,102066.0,-0.166243,1.384719,EGY,SYR,851430
5096079,77,212,9334,2011,10854.0,0.0,1.532054,0.09339299999999999,FRA,SYR,851430
5096080,104,212,9334,2011,1839929.0,0.0,0.18276199999999998,2.398765,IND,SYR,851430
5096081,106,212,9334,2011,0.0,2053.0,1.403182,0.290245,IRL,SYR,851430
5096082,111,212,9334,2011,152066.0,0.0,1.298751,0.48013599999999995,ITA,SYR,851430
5096083,113,212,9334,2011,0.0,101733.0,0.231605,0.47049399999999997,JOR,SYR,851430
5096084,121,212,9334,2011,3534.0,0.0,1.731371,0.8306879999999999,KOR,SYR,851430
5096085,224,212,9334,2011,6086.0,0.0,0.45775,2.4316259999999996,TUR,SYR,851430
5096086,14,215,9334,2011,53673.0,0.0,-0.138148,0.002999,AUS,TGO,851430
5096087,43,215,9334,2011,3075.0,0.0,1.072299,1.686826,CHN,TGO,851430
5096088,77,215,9334,2011,1015.0,0.0,1.532054,0.09339299999999999,FRA,TGO,851430
5096089,104,215,9334,2011,12127.0,0.0,0.18276199999999998,2.398765,IND,TGO,851430
5096090,103,220,9334,2011,10111.0,0.0,-0.234125,1.168384,IDN,TLS,851430
5096091,15,223,9334,2011,53026.0,0.0,1.687634,-0.229095,AUT,TUN,851430
5096092,19,223,9334,2011,0.0,107901.0,-1.189478,-0.8684709999999999,BEN,TUN,851430
5096093,21,223,9334,2011,0.0,3512.0,-1.163278,-1.002332,BFA,TUN,851430
5096094,41,223,9334,2011,302717.0,0.0,2.2644029999999997,0.406131,CHE,TUN,851430
5096095,43,223,9334,2011,31161.0,0.0,1.072299,1.686826,CHN,TUN,851430
5096096,59,223,9334,2011,7543.0,0.0,1.737788,0.14741600000000002,CZE,TUN,851430
5096097,61,223,9334,2011,6789.0,0.0,2.074435,-3.440815,DEU,TUN,851430
5096098,71,223,9334,2011,171107.0,0.0,0.8677290000000001,2.4618450000000003,ESP,TUN,851430
5096099,77,223,9334,2011,349430.0,72492.0,1.532054,0.09339299999999999,FRA,TUN,851430
5096100,81,223,9334,2011,1232.0,0.0,1.8048220000000001,0.380141,GBR,TUN,851430
5096101,104,223,9334,2011,3883.0,0.0,0.18276199999999998,2.398765,IND,TUN,851430
5096102,111,223,9334,2011,63701.0,4177.0,1.298751,0.48013599999999995,ITA,TUN,851430
5096103,121,223,9334,2011,2373.0,0.0,1.731371,0.8306879999999999,KOR,TUN,851430
5096104,134,223,9334,2011,0.0,35071.0,-0.485404,0.099828,MAR,TUN,851430
5096105,142,223,9334,2011,19717.0,0.0,1.3001340000000001,0.22605799999999998,MLT,TUN,851430
5096106,162,223,9334,2011,2557.0,0.0,1.1655229999999999,1.410167,NLD,TUN,851430
5096107,224,223,9334,2011,4709.0,0.0,0.45775,2.4316259999999996,TUR,TUN,851430
5096108,231,223,9334,2011,5565.0,0.0,1.6884849999999998,-0.474499,USA,TUN,851430
5096109,249,223,9334,2011,1380.0,0.0,1.803234,0.921233,TWN,TUN,851430
5096110,250,223,9334,2011,0.0,846620.0,0.475638,-0.160135,ANS,TUN,851430
5096111,7,226,9334,2011,4770.0,0.0,0.030652,-0.450808,ARE,TZA,851430
5096112,14,226,9334,2011,5162.0,0.0,-0.138148,0.002999,AUS,TZA,851430
5096113,15,226,9334,2011,2223.0,0.0,1.687634,-0.229095,AUT,TZA,851430
5096114,43,226,9334,2011,95021.0,0.0,1.072299,1.686826,CHN,TZA,851430
5096115,61,226,9334,2011,9542.0,0.0,2.074435,-3.440815,DEU,TZA,851430
5096116,81,226,9334,2011,5636.0,0.0,1.8048220000000001,0.380141,GBR,TZA,851430
5096117,104,226,9334,2011,3684464.0,0.0,0.18276199999999998,2.398765,IND,TZA,851430
5096118,111,226,9334,2011,19273.0,0.0,1.298751,0.48013599999999995,ITA,TZA,851430
5096119,116,226,9334,2011,4081.0,0.0,-0.48319300000000004,0.346927,KEN,TZA,851430
5096120,151,226,9334,2011,620.0,0.0,-0.09464600000000001,0.091177,MUS,TZA,851430
5096121,162,226,9334,2011,6462.0,0.0,1.1655229999999999,1.410167,NLD,TZA,851430
5096122,224,226,9334,2011,42971.0,0.0,0.45775,2.4316259999999996,TUR,TZA,851430
5096123,231,226,9334,2011,19152.0,0.0,1.6884849999999998,-0.474499,USA,TZA,851430
5096124,246,226,9334,2011,12662.0,0.0,0.241792,1.353011,ZAF,TZA,851430
5096125,41,227,9334,2011,4509.0,0.0,2.2644029999999997,0.406131,CHE,UGA,851430
5096126,43,227,9334,2011,37174.0,0.0,1.072299,1.686826,CHN,UGA,851430
5096127,81,227,9334,2011,2309.0,0.0,1.8048220000000001,0.380141,GBR,UGA,851430
5096128,104,227,9334,2011,51014.0,0.0,0.18276199999999998,2.398765,IND,UGA,851430
5096129,116,227,9334,2011,2151.0,0.0,-0.48319300000000004,0.346927,KEN,UGA,851430
5096130,121,227,9334,2011,2570.0,0.0,1.731371,0.8306879999999999,KOR,UGA,851430
5096131,224,227,9334,2011,2086.0,0.0,0.45775,2.4316259999999996,TUR,UGA,851430
5096132,246,227,9334,2011,3953.0,0.0,0.241792,1.353011,ZAF,UGA,851430
5096133,231,234,9334,2011,16434.0,0.0,1.6884849999999998,-0.474499,USA,VCT,851430
5096134,162,237,9334,2011,1644.0,0.0,1.1655229999999999,1.410167,NLD,VGB,851430
5096135,228,237,9334,2011,3502.0,0.0,0.6221409999999999,0.765505,UKR,VGB,851430
5096136,14,247,9334,2011,726.0,0.0,-0.138148,0.002999,AUS,ZMB,851430
5096137,43,247,9334,2011,227356.0,0.0,1.072299,1.686826,CHN,ZMB,851430
5096138,61,247,9334,2011,7599.0,0.0,2.074435,-3.440815,DEU,ZMB,851430
5096139,104,247,9334,2011,10512.0,0.0,0.18276199999999998,2.398765,IND,ZMB,851430
5096140,246,247,9334,2011,80999.0,1547.0,0.241792,1.353011,ZAF,ZMB,851430
5096141,248,247,9334,2011,5920.0,0.0,-0.858662,-0.8632719999999999,ZWE,ZMB,851430
5096142,231,120,9334,2011,3603.0,0.0,1.6884849999999998,-0.474499,USA,KNA,851430
5096143,43,127,9334,2011,2067.0,0.0,1.072299,1.686826,CHN,LCA,851430
5096144,77,127,9334,2011,5518.0,0.0,1.532054,0.09339299999999999,FRA,LCA,851430
5096145,104,127,9334,2011,5936.0,0.0,0.18276199999999998,2.398765,IND,LCA,851430
5096146,231,127,9334,2011,2778.0,0.0,1.6884849999999998,-0.474499,USA,LCA,851430
5096147,7,9,9334,2011,2379.0,0.0,0.030652,-0.450808,ARE,ARM,851430
5096148,15,9,9334,2011,74349.0,0.0,1.687634,-0.229095,AUT,ARM,851430
5096149,18,9,9334,2011,2066.0,0.0,1.221703,1.247961,BEL,ARM,851430
5096150,43,9,9334,2011,4640.0,2279.0,1.072299,1.686826,CHN,ARM,851430
5096151,61,9,9334,2011,37783.0,0.0,2.074435,-3.440815,DEU,ARM,851430
5096152,110,9,9334,2011,3883.0,0.0,1.324384,0.714611,ISR,ARM,851430
5096153,111,9,9334,2011,2542.0,0.0,1.298751,0.48013599999999995,ITA,ARM,851430
5096154,121,9,9334,2011,1306.0,0.0,1.731371,0.8306879999999999,KOR,ARM,851430
5096155,130,9,9334,2011,15925.0,0.0,0.747963,0.9759530000000001,LTU,ARM,851430
5096156,177,9,9334,2011,3425.0,0.0,1.133641,1.134203,POL,ARM,851430
5096157,186,9,9334,2011,134704.0,0.0,0.47319399999999995,-0.20801599999999998,RUS,ARM,851430
5096158,228,9,9334,2011,1363.0,0.0,0.6221409999999999,0.765505,UKR,ARM,851430
5096159,231,57,9334,2011,2627.0,0.0,1.6884849999999998,-0.474499,USA,CYM,851430
5096160,14,141,9334,2011,2637.0,0.0,-0.138148,0.002999,AUS,MLI,851430
5096161,32,141,9334,2011,15953.0,0.0,0.27718400000000004,0.5674319999999999,BRA,MLI,851430
5096162,43,141,9334,2011,34321.0,0.0,1.072299,1.686826,CHN,MLI,851430
5096163,44,141,9334,2011,984.0,0.0,-1.069474,-0.867439,CIV,MLI,851430
5096164,59,141,9334,2011,3506.0,0.0,1.737788,0.14741600000000002,CZE,MLI,851430
5096165,71,141,9334,2011,2517.0,0.0,0.8677290000000001,2.4618450000000003,ESP,MLI,851430
5096166,77,141,9334,2011,5572.0,0.0,1.532054,0.09339299999999999,FRA,MLI,851430
5096167,104,141,9334,2011,2158.0,0.0,0.18276199999999998,2.398765,IND,MLI,851430
5096168,191,141,9334,2011,965.0,393.0,-0.624346,-0.308052,SEN,MLI,851430
5096169,15,144,9334,2011,9193.0,0.0,1.687634,-0.229095,AUT,MNE,851430
5096170,71,196,9334,2011,23790.0,0.0,0.8677290000000001,2.4618450000000003,ESP,SLE,851430
5096171,104,196,9334,2011,27563.0,0.0,0.18276199999999998,2.398765,IND,SLE,851430
5096172,246,196,9334,2011,8376.0,0.0,0.241792,1.353011,ZAF,SLE,851430
5096173,7,50,9334,2011,1063.0,0.0,0.030652,-0.450808,ARE,COM,851430
5096174,43,50,9334,2011,5767.0,0.0,1.072299,1.686826,CHN,COM,851430
5096175,77,50,9334,2011,922.0,0.0,1.532054,0.09339299999999999,FRA,COM,851430
5096176,224,50,9334,2011,12351.0,0.0,0.45775,2.4316259999999996,TUR,COM,851430
5096177,43,152,9334,2011,1677.0,0.0,1.072299,1.686826,CHN,MWI,851430
5096178,104,152,9334,2011,8614.0,0.0,0.18276199999999998,2.398765,IND,MWI,851430
5096179,246,152,9334,2011,74196.0,0.0,0.241792,1.353011,ZAF,MWI,851430
5096180,138,0,9334,2011,1208.0,0.0,0.9534600000000001,0.706982,MEX,ABW,851430
5096181,231,0,9334,2011,14191.0,0.0,1.6884849999999998,-0.474499,USA,ABW,851430
5096182,14,34,9334,2011,11622.0,0.0,-0.138148,0.002999,AUS,BRN,851430
5096183,43,34,9334,2011,3336.0,0.0,1.072299,1.686826,CHN,BRN,851430
5096184,61,34,9334,2011,3593.0,0.0,2.074435,-3.440815,DEU,BRN,851430
5096185,121,34,9334,2011,2494.0,0.0,1.731371,0.8306879999999999,KOR,BRN,851430
5096186,153,34,9334,2011,39529.0,1262.0,0.9893290000000001,0.632079,MYS,BRN,851430
5096187,192,34,9334,2011,8754.0,0.0,1.849116,0.52127,SGP,BRN,851430
5096188,224,34,9334,2011,920.0,0.0,0.45775,2.4316259999999996,TUR,BRN,851430
5096189,231,34,9334,2011,26745.0,0.0,1.6884849999999998,-0.474499,USA,BRN,851430
5096190,104,35,9334,2011,13745.0,0.0,0.18276199999999998,2.398765,IND,BTN,851430
5096191,61,38,9334,2011,3110.0,0.0,2.074435,-3.440815,DEU,CAF,851430
5096192,111,51,9334,2011,2285.0,0.0,1.298751,0.48013599999999995,ITA,CPV,851430
5096193,162,51,9334,2011,1271.0,0.0,1.1655229999999999,1.410167,NLD,CPV,851430
5096194,179,51,9334,2011,30942.0,0.0,0.558481,2.7056240000000003,PRT,CPV,851430
5096195,14,75,9334,2011,11133.0,0.0,-0.138148,0.002999,AUS,FJI,851430
5096196,43,75,9334,2011,2091.0,0.0,1.072299,1.686826,CHN,FJI,851430
5096197,166,75,9334,2011,16552.0,0.0,0.372732,0.548601,NZL,FJI,851430
5096198,43,123,9334,2011,24679.0,0.0,1.072299,1.686826,CHN,LAO,851430
5096199,121,123,9334,2011,1812.0,0.0,1.731371,0.8306879999999999,KOR,LAO,851430
5096200,216,123,9334,2011,24642.0,0.0,0.889009,1.503118,THA,LAO,851430
5096201,43,133,9334,2011,9315.0,0.0,1.072299,1.686826,CHN,MAC,851430
5096202,61,133,9334,2011,6471.0,0.0,2.074435,-3.440815,DEU,MAC,851430
5096203,97,133,9334,2011,10554.0,0.0,0.663588,1.902118,HKG,MAC,851430
5096204,111,133,9334,2011,4553.0,0.0,1.298751,0.48013599999999995,ITA,MAC,851430
5096205,231,133,9334,2011,41104.0,0.0,1.6884849999999998,-0.474499,USA,MAC,851430
5096206,39,136,9334,2011,3478.0,0.0,0.754813,1.1967290000000002,CAN,MDG,851430
5096207,43,136,9334,2011,28592.0,0.0,1.072299,1.686826,CHN,MDG,851430
5096208,77,136,9334,2011,36628.0,0.0,1.532054,0.09339299999999999,FRA,MDG,851430
5096209,111,136,9334,2011,1718.0,0.0,1.298751,0.48013599999999995,ITA,MDG,851430
5096210,192,136,9334,2011,8174.0,0.0,1.849116,0.52127,SGP,MDG,851430
5096211,216,136,9334,2011,0.0,215.0,0.889009,1.503118,THA,MDG,851430
5096212,231,136,9334,2011,13454.0,0.0,1.6884849999999998,-0.474499,USA,MDG,851430
5096213,246,136,9334,2011,23562.0,0.0,0.241792,1.353011,ZAF,MDG,851430
5096214,7,137,9334,2011,1430.0,0.0,0.030652,-0.450808,ARE,MDV,851430
5096215,14,137,9334,2011,47422.0,0.0,-0.138148,0.002999,AUS,MDV,851430
5096216,41,137,9334,2011,4872.0,0.0,2.2644029999999997,0.406131,CHE,MDV,851430
5096217,43,137,9334,2011,15209.0,0.0,1.072299,1.686826,CHN,MDV,851430
5096218,61,137,9334,2011,26781.0,0.0,2.074435,-3.440815,DEU,MDV,851430
5096219,71,137,9334,2011,2697.0,0.0,0.8677290000000001,2.4618450000000003,ESP,MDV,851430
5096220,77,137,9334,2011,2136.0,0.0,1.532054,0.09339299999999999,FRA,MDV,851430
5096221,81,137,9334,2011,3416.0,0.0,1.8048220000000001,0.380141,GBR,MDV,851430
5096222,97,137,9334,2011,6456.0,0.0,0.663588,1.902118,HKG,MDV,851430
5096223,104,137,9334,2011,819.0,0.0,0.18276199999999998,2.398765,IND,MDV,851430
5096224,111,137,9334,2011,64755.0,0.0,1.298751,0.48013599999999995,ITA,MDV,851430
5096225,153,137,9334,2011,5464.0,0.0,0.9893290000000001,0.632079,MYS,MDV,851430
5096226,167,137,9334,2011,2543.0,0.0,-0.473703,-0.952491,OMN,MDV,851430
5096227,192,137,9334,2011,4055.0,0.0,1.849116,0.52127,SGP,MDV,851430
5096228,208,137,9334,2011,20749.0,0.0,1.857146,0.366159,SWE,MDV,851430
5096229,216,137,9334,2011,15014.0,0.0,0.889009,1.503118,THA,MDV,851430
5096230,224,137,9334,2011,64065.0,0.0,0.45775,2.4316259999999996,TUR,MDV,851430
5096231,231,137,9334,2011,9545.0,0.0,1.6884849999999998,-0.474499,USA,MDV,851430
5096232,249,137,9334,2011,15771.0,0.0,1.803234,0.921233,TWN,MDV,851430
5096233,14,156,9334,2011,77614.0,0.0,-0.138148,0.002999,AUS,NCL,851430
5096234,61,156,9334,2011,904.0,0.0,2.074435,-3.440815,DEU,NCL,851430
5096235,77,156,9334,2011,7887.0,0.0,1.532054,0.09339299999999999,FRA,NCL,851430
5096236,114,156,9334,2011,4664.0,0.0,2.516395,-0.534301,JPN,NCL,851430
5096237,153,156,9334,2011,1504891.0,0.0,0.9893290000000001,0.632079,MYS,NCL,851430
5096238,166,156,9334,2011,7484.0,0.0,0.372732,0.548601,NZL,NCL,851430
5096239,231,156,9334,2011,2677.0,0.0,1.6884849999999998,-0.474499,USA,NCL,851430
5096240,246,156,9334,2011,2104.0,0.0,0.241792,1.353011,ZAF,NCL,851430
5096241,39,160,9334,2011,24972.0,0.0,0.754813,1.1967290000000002,CAN,NIC,851430
5096242,41,160,9334,2011,2473.0,0.0,2.2644029999999997,0.406131,CHE,NIC,851430
5096243,43,160,9334,2011,12940.0,0.0,1.072299,1.686826,CHN,NIC,851430
5096244,61,160,9334,2011,4797.0,0.0,2.074435,-3.440815,DEU,NIC,851430
5096245,114,160,9334,2011,1256.0,0.0,2.516395,-0.534301,JPN,NIC,851430
5096246,138,160,9334,2011,5953.0,0.0,0.9534600000000001,0.706982,MEX,NIC,851430
5096247,208,160,9334,2011,1795.0,0.0,1.857146,0.366159,SWE,NIC,851430
5096248,231,160,9334,2011,19268.0,0.0,1.6884849999999998,-0.474499,USA,NIC,851430
5096249,43,181,9334,2011,3744.0,0.0,1.072299,1.686826,CHN,PSE,851430
5096250,61,181,9334,2011,1066.0,0.0,2.074435,-3.440815,DEU,PSE,851430
5096251,111,181,9334,2011,172358.0,0.0,1.298751,0.48013599999999995,ITA,PSE,851430
5096252,121,181,9334,2011,687.0,0.0,1.731371,0.8306879999999999,KOR,PSE,851430
5096253,116,187,9334,2011,12564.0,0.0,-0.48319300000000004,0.346927,KEN,RWA,851430
5096254,43,214,9334,2011,4624.0,0.0,1.072299,1.686826,CHN,TCD,851430
5096255,43,242,9334,2011,1005.0,0.0,1.072299,1.686826,CHN,WSM,851430
5096256,166,242,9334,2011,2690.0,0.0,0.372732,0.548601,NZL,WSM,851430
5096257,61,92,9334,2011,7183.0,0.0,2.074435,-3.440815,DEU,GRL,851430
5096258,64,92,9334,2011,40349.0,0.0,1.156026,1.2248299999999999,DNK,GRL,851430
5096259,166,221,9334,2011,3287.0,0.0,0.372732,0.548601,NZL,TON,851430
5096260,231,3,9334,2011,19528.0,0.0,1.6884849999999998,-0.474499,USA,AIA,851430
5096261,71,5,9334,2011,20456.0,0.0,0.8677290000000001,2.4618450000000003,ESP,AND,851430
5096262,216,5,9334,2011,0.0,2248.0,0.889009,1.503118,THA,AND,851430
5096263,231,30,9334,2011,14160.0,0.0,1.6884849999999998,-0.474499,USA,BMU,851430
5096264,231,79,9334,2011,1201.0,0.0,1.6884849999999998,-0.474499,USA,FSM,851430
5096265,249,95,9334,2011,17159.0,0.0,1.803234,0.921233,TWN,GUM,851430
5096266,14,195,9334,2011,2215.0,0.0,-0.138148,0.002999,AUS,SLB,851430
5096267,166,195,9334,2011,6919.0,0.0,0.372732,0.548601,NZL,SLB,851430
5096268,64,78,9334,2011,1292.0,0.0,1.156026,1.2248299999999999,DNK,FRO,851430
5096269,77,154,9334,2011,38694.0,0.0,1.532054,0.09339299999999999,FRA,MYT,851430
5096270,77,200,9334,2011,1470.0,0.0,1.532054,0.09339299999999999,FRA,SPM,851430
5096271,231,210,9334,2011,4240.0,0.0,1.6884849999999998,-0.474499,USA,SXM,851430
5096272,2,7,9335,2011,0.0,2825.0,-1.252991,-1.132314,AGO,ARE,851440
5096273,18,7,9335,2011,39219.0,0.0,1.221703,1.247961,BEL,ARE,851440
5096274,39,7,9335,2011,8478.0,0.0,0.754813,1.1967290000000002,CAN,ARE,851440
5096275,43,7,9335,2011,886745.0,0.0,1.072299,1.686826,CHN,ARE,851440
5096276,58,7,9335,2011,0.0,1191.0,0.798165,0.424179,CYP,ARE,851440
5096277,61,7,9335,2011,395052.0,0.0,2.074435,-3.440815,DEU,ARE,851440
5096278,77,7,9335,2011,27230.0,0.0,1.532054,0.09339299999999999,FRA,ARE,851440
5096279,81,7,9335,2011,2396864.0,0.0,1.8048220000000001,0.380141,GBR,ARE,851440
5096280,104,7,9335,2011,186221.0,0.0,0.18276199999999998,2.398765,IND,ARE,851440
5096281,107,7,9335,2011,0.0,1040168.0,-0.915379,-0.973194,IRN,ARE,851440
5096282,111,7,9335,2011,758284.0,0.0,1.298751,0.48013599999999995,ITA,ARE,851440
5096283,113,7,9335,2011,51168.0,0.0,0.231605,0.47049399999999997,JOR,ARE,851440
5096284,121,7,9335,2011,9036.0,0.0,1.731371,0.8306879999999999,KOR,ARE,851440
5096285,162,7,9335,2011,211922.0,0.0,1.1655229999999999,1.410167,NLD,ARE,851440
5096286,167,7,9335,2011,5339.0,117590.0,-0.473703,-0.952491,OMN,ARE,851440
5096287,192,7,9335,2011,3161670.0,0.0,1.849116,0.52127,SGP,ARE,851440
5096288,208,7,9335,2011,28804.0,0.0,1.857146,0.366159,SWE,ARE,851440
5096289,224,7,9335,2011,1540.0,0.0,0.45775,2.4316259999999996,TUR,ARE,851440
5096290,226,7,9335,2011,0.0,218818.0,-0.751316,0.286505,TZA,ARE,851440
5096291,227,7,9335,2011,0.0,7289.0,-0.7153,-0.062678,UGA,ARE,851440
5096292,231,7,9335,2011,421870.0,0.0,1.6884849999999998,-0.474499,USA,ARE,851440
5096293,18,8,9335,2011,8117.0,0.0,1.221703,1.247961,BEL,ARG,851440
5096294,32,8,9335,2011,64070.0,0.0,0.27718400000000004,0.5674319999999999,BRA,ARG,851440
5096295,41,8,9335,2011,8387.0,0.0,2.2644029999999997,0.406131,CHE,ARG,851440
5096296,43,8,9335,2011,101139.0,0.0,1.072299,1.686826,CHN,ARG,851440
5096297,61,8,9335,2011,824727.0,0.0,2.074435,-3.440815,DEU,ARG,851440
5096298,65,8,9335,2011,0.0,9139.0,-0.260653,0.5682010000000001,DOM,ARG,851440
5096299,71,8,9335,2011,92516.0,0.0,0.8677290000000001,2.4618450000000003,ESP,ARG,851440
5096300,81,8,9335,2011,18322.0,0.0,1.8048220000000001,0.380141,GBR,ARG,851440
5096301,110,8,9335,2011,4949.0,0.0,1.324384,0.714611,ISR,ARG,851440
5096302,111,8,9335,2011,223832.0,0.0,1.298751,0.48013599999999995,ITA,ARG,851440
5096303,114,8,9335,2011,14004.0,0.0,2.516395,-0.534301,JPN,ARG,851440
5096304,121,8,9335,2011,5513.0,0.0,1.731371,0.8306879999999999,KOR,ARG,851440
5096305,138,8,9335,2011,0.0,1346.0,0.9534600000000001,0.706982,MEX,ARG,851440
5096306,162,8,9335,2011,23272.0,26735.0,1.1655229999999999,1.410167,NLD,ARG,851440
5096307,186,8,9335,2011,0.0,15428.0,0.47319399999999995,-0.20801599999999998,RUS,ARG,851440
5096308,231,8,9335,2011,280531.0,0.0,1.6884849999999998,-0.474499,USA,ARG,851440
5096309,246,8,9335,2011,8509.0,0.0,0.241792,1.353011,ZAF,ARG,851440
5096310,18,15,9335,2011,89240.0,0.0,1.221703,1.247961,BEL,AUT,851440
5096311,23,15,9335,2011,8771.0,462964.0,0.537967,1.520973,BGR,AUT,851440
5096312,26,15,9335,2011,0.0,12664.0,0.391425,0.6066600000000001,BIH,AUT,851440
5096313,28,15,9335,2011,0.0,26024.0,0.8786729999999999,0.442097,BLR,AUT,851440
5096314,32,15,9335,2011,0.0,57546.0,0.27718400000000004,0.5674319999999999,BRA,AUT,851440
5096315,39,15,9335,2011,18002.0,0.0,0.754813,1.1967290000000002,CAN,AUT,851440
5096316,41,15,9335,2011,97102.0,39051.0,2.2644029999999997,0.406131,CHE,AUT,851440
5096317,43,15,9335,2011,7241.0,56975.0,1.072299,1.686826,CHN,AUT,851440
5096318,59,15,9335,2011,38740.0,317590.0,1.737788,0.14741600000000002,CZE,AUT,851440
5096319,61,15,9335,2011,3250286.0,666011.0,2.074435,-3.440815,DEU,AUT,851440
5096320,64,15,9335,2011,2690.0,0.0,1.156026,1.2248299999999999,DNK,AUT,851440
5096321,77,15,9335,2011,108947.0,18420.0,1.532054,0.09339299999999999,FRA,AUT,851440
5096322,81,15,9335,2011,346664.0,7906.0,1.8048220000000001,0.380141,GBR,AUT,851440
5096323,100,15,9335,2011,2066.0,28255.0,0.868294,0.9424299999999999,HRV,AUT,851440
5096324,102,15,9335,2011,3147.0,109296.0,1.486592,0.805642,HUN,AUT,851440
5096325,103,15,9335,2011,0.0,5384.0,-0.234125,1.168384,IDN,AUT,851440
5096326,104,15,9335,2011,3234.0,8885.0,0.18276199999999998,2.398765,IND,AUT,851440
5096327,107,15,9335,2011,0.0,40154.0,-0.915379,-0.973194,IRN,AUT,851440
5096328,110,15,9335,2011,7971.0,0.0,1.324384,0.714611,ISR,AUT,851440
5096329,111,15,9335,2011,63987.0,8703.0,1.298751,0.48013599999999995,ITA,AUT,851440
5096330,135,15,9335,2011,0.0,1298.0,-0.225556,0.28622,MDA,AUT,851440
5096331,140,15,9335,2011,0.0,14721.0,-0.12310499999999999,0.16392,MKD,AUT,851440
5096332,155,15,9335,2011,3170.0,0.0,-0.42998400000000003,-0.632233,NAM,AUT,851440
5096333,162,15,9335,2011,18039.0,12451.0,1.1655229999999999,1.410167,NLD,AUT,851440
5096334,163,15,9335,2011,675448.0,27543.0,0.8492770000000001,0.050044,NOR,AUT,851440
5096335,167,15,9335,2011,0.0,3321.0,-0.473703,-0.952491,OMN,AUT,851440
5096336,168,15,9335,2011,0.0,3413.0,-0.729677,0.6026729999999999,PAK,AUT,851440
5096337,177,15,9335,2011,0.0,6789.0,1.133641,1.134203,POL,AUT,851440
5096338,185,15,9335,2011,0.0,56333.0,0.722,1.296655,ROU,AUT,851440
5096339,186,15,9335,2011,0.0,1879.0,0.47319399999999995,-0.20801599999999998,RUS,AUT,851440
5096340,188,15,9335,2011,0.0,57256.0,0.354045,-0.800028,SAU,AUT,851440
5096341,206,15,9335,2011,0.0,59657.0,1.262897,0.8230569999999999,SVK,AUT,851440
5096342,207,15,9335,2011,15804.0,18327.0,1.642913,0.700222,SVN,AUT,851440
5096343,208,15,9335,2011,25018.0,7377.0,1.857146,0.366159,SWE,AUT,851440
5096344,224,15,9335,2011,7559.0,1006.0,0.45775,2.4316259999999996,TUR,AUT,851440
5096345,228,15,9335,2011,4052.0,0.0,0.6221409999999999,0.765505,UKR,AUT,851440
5096346,231,15,9335,2011,129028.0,17948.0,1.6884849999999998,-0.474499,USA,AUT,851440
5096347,239,15,9335,2011,0.0,29825.0,-0.184453,1.637207,VNM,AUT,851440
5096348,246,15,9335,2011,7712.0,0.0,0.241792,1.353011,ZAF,AUT,851440
5096349,249,15,9335,2011,0.0,22055.0,1.803234,0.921233,TWN,AUT,851440
5096350,43,16,9335,2011,2167.0,0.0,1.072299,1.686826,CHN,AZE,851440
5096351,59,16,9335,2011,771038.0,0.0,1.737788,0.14741600000000002,CZE,AZE,851440
5096352,61,16,9335,2011,145687.0,0.0,2.074435,-3.440815,DEU,AZE,851440
5096353,81,16,9335,2011,261354.0,0.0,1.8048220000000001,0.380141,GBR,AZE,851440
5096354,115,16,9335,2011,41218.0,0.0,-0.514687,-0.775671,KAZ,AZE,851440
5096355,162,16,9335,2011,3003.0,0.0,1.1655229999999999,1.410167,NLD,AZE,851440
5096356,186,16,9335,2011,11981.0,0.0,0.47319399999999995,-0.20801599999999998,RUS,AZE,851440
5096357,224,16,9335,2011,4415.0,0.0,0.45775,2.4316259999999996,TUR,AZE,851440
5096358,2,18,9335,2011,0.0,7722.0,-1.252991,-1.132314,AGO,BEL,851440
5096359,7,18,9335,2011,0.0,39219.0,0.030652,-0.450808,ARE,BEL,851440
5096360,8,18,9335,2011,0.0,8117.0,0.240494,0.540376,ARG,BEL,851440
5096361,14,18,9335,2011,0.0,11378.0,-0.138148,0.002999,AUS,BEL,851440
5096362,15,18,9335,2011,0.0,89240.0,1.687634,-0.229095,AUT,BEL,851440
5096363,23,18,9335,2011,0.0,8283.0,0.537967,1.520973,BGR,BEL,851440
5096364,24,18,9335,2011,0.0,3351.0,0.04085,-0.873711,BHR,BEL,851440
5096365,31,18,9335,2011,0.0,3189.0,-0.818593,-0.8701770000000001,BOL,BEL,851440
5096366,32,18,9335,2011,0.0,32019.0,0.27718400000000004,0.5674319999999999,BRA,BEL,851440
5096367,39,18,9335,2011,0.0,55816.0,0.754813,1.1967290000000002,CAN,BEL,851440
5096368,41,18,9335,2011,394596.0,123995.0,2.2644029999999997,0.406131,CHE,BEL,851440
5096369,42,18,9335,2011,0.0,48370.0,-0.199877,-0.353009,CHL,BEL,851440
5096370,43,18,9335,2011,41188.0,2338256.0,1.072299,1.686826,CHN,BEL,851440
5096371,44,18,9335,2011,0.0,10958.0,-1.069474,-0.867439,CIV,BEL,851440
5096372,49,18,9335,2011,0.0,31915.0,0.14336600000000002,-0.22996,COL,BEL,851440
5096373,52,18,9335,2011,0.0,1277.0,0.04325,-0.553193,CRI,BEL,851440
5096374,59,18,9335,2011,0.0,50661.0,1.737788,0.14741600000000002,CZE,BEL,851440
5096375,61,18,9335,2011,660523.0,826058.0,2.074435,-3.440815,DEU,BEL,851440
5096376,64,18,9335,2011,0.0,65929.0,1.156026,1.2248299999999999,DNK,BEL,851440
5096377,65,18,9335,2011,0.0,1882.0,-0.260653,0.5682010000000001,DOM,BEL,851440
5096378,67,18,9335,2011,0.0,2146.0,-0.8250639999999999,-0.839082,ECU,BEL,851440
5096379,68,18,9335,2011,0.0,5321.0,-0.166243,1.384719,EGY,BEL,851440
5096380,71,18,9335,2011,9699.0,71436.0,0.8677290000000001,2.4618450000000003,ESP,BEL,851440
5096381,72,18,9335,2011,0.0,8562.0,0.9806790000000001,1.110449,EST,BEL,851440
5096382,74,18,9335,2011,48479.0,39869.0,1.7488830000000002,0.890934,FIN,BEL,851440
5096383,77,18,9335,2011,679435.0,230951.0,1.532054,0.09339299999999999,FRA,BEL,851440
5096384,81,18,9335,2011,874222.0,99898.0,1.8048220000000001,0.380141,GBR,BEL,851440
5096385,83,18,9335,2011,0.0,5107.0,-0.8627319999999999,-0.608823,GHA,BEL,851440
5096386,90,18,9335,2011,0.0,17316.0,0.138679,1.30044,GRC,BEL,851440
5096387,93,18,9335,2011,0.0,5466.0,-0.329497,0.775369,GTM,BEL,851440
5096388,99,18,9335,2011,0.0,2459.0,-0.740241,-0.311952,HND,BEL,851440
5096389,102,18,9335,2011,0.0,30983.0,1.486592,0.805642,HUN,BEL,851440
5096390,104,18,9335,2011,7590.0,17781.0,0.18276199999999998,2.398765,IND,BEL,851440
5096391,106,18,9335,2011,0.0,5285.0,1.403182,0.290245,IRL,BEL,851440
5096392,107,18,9335,2011,0.0,12766.0,-0.915379,-0.973194,IRN,BEL,851440
5096393,108,18,9335,2011,0.0,7228.0,-2.175137,-0.726975,IRQ,BEL,851440
5096394,109,18,9335,2011,0.0,1589.0,0.284202,-0.23753000000000002,ISL,BEL,851440
5096395,110,18,9335,2011,13641.0,10018.0,1.324384,0.714611,ISR,BEL,851440
5096396,111,18,9335,2011,174002.0,50246.0,1.298751,0.48013599999999995,ITA,BEL,851440
5096397,116,18,9335,2011,0.0,4260.0,-0.48319300000000004,0.346927,KEN,BEL,851440
5096398,121,18,9335,2011,4939.0,2468.0,1.731371,0.8306879999999999,KOR,BEL,851440
5096399,122,18,9335,2011,0.0,9241.0,-0.898582,-1.09893,KWT,BEL,851440
5096400,130,18,9335,2011,0.0,3696.0,0.747963,0.9759530000000001,LTU,BEL,851440
5096401,131,18,9335,2011,0.0,7426.0,1.1655739999999999,1.222379,LUX,BEL,851440
5096402,132,18,9335,2011,0.0,5972.0,0.7320939999999999,1.101321,LVA,BEL,851440
5096403,138,18,9335,2011,0.0,96669.0,0.9534600000000001,0.706982,MEX,BEL,851440
5096404,153,18,9335,2011,0.0,487421.0,0.9893290000000001,0.632079,MYS,BEL,851440
5096405,159,18,9335,2011,0.0,31848.0,-1.699286,-1.15511,NGA,BEL,851440
5096406,162,18,9335,2011,9365659.0,124878.0,1.1655229999999999,1.410167,NLD,BEL,851440
5096407,163,18,9335,2011,0.0,57823.0,0.8492770000000001,0.050044,NOR,BEL,851440
5096408,167,18,9335,2011,0.0,6715.0,-0.473703,-0.952491,OMN,BEL,851440
5096409,169,18,9335,2011,0.0,2706.0,0.786135,1.061008,PAN,BEL,851440
5096410,173,18,9335,2011,0.0,45631.0,-0.455977,0.442543,PER,BEL,851440
5096411,177,18,9335,2011,0.0,54502.0,1.133641,1.134203,POL,BEL,851440
5096412,179,18,9335,2011,0.0,38357.0,0.558481,2.7056240000000003,PRT,BEL,851440
5096413,180,18,9335,2011,0.0,2291.0,-0.548759,-0.877743,PRY,BEL,851440
5096414,183,18,9335,2011,0.0,163959.0,-0.45851899999999995,-1.017033,QAT,BEL,851440
5096415,185,18,9335,2011,0.0,14327.0,0.722,1.296655,ROU,BEL,851440
5096416,186,18,9335,2011,0.0,103856.0,0.47319399999999995,-0.20801599999999998,RUS,BEL,851440
5096417,188,18,9335,2011,0.0,6168.0,0.354045,-0.800028,SAU,BEL,851440
5096418,192,18,9335,2011,0.0,394530.0,1.849116,0.52127,SGP,BEL,851440
5096419,197,18,9335,2011,0.0,3902.0,-0.09713200000000001,0.20772600000000002,SLV,BEL,851440
5096420,206,18,9335,2011,0.0,6859.0,1.262897,0.8230569999999999,SVK,BEL,851440
5096421,207,18,9335,2011,0.0,6884.0,1.642913,0.700222,SVN,BEL,851440
5096422,208,18,9335,2011,6414.0,173843.0,1.857146,0.366159,SWE,BEL,851440
5096423,216,18,9335,2011,157052.0,0.0,0.889009,1.503118,THA,BEL,851440
5096424,222,18,9335,2011,0.0,1759.0,-0.44228,-1.031793,TTO,BEL,851440
5096425,224,18,9335,2011,3322.0,75004.0,0.45775,2.4316259999999996,TUR,BEL,851440
5096426,230,18,9335,2011,0.0,181362.0,0.313195,0.042866,URY,BEL,851440
5096427,231,18,9335,2011,1332584.0,244539.0,1.6884849999999998,-0.474499,USA,BEL,851440
5096428,236,18,9335,2011,0.0,4055.0,-0.841147,-1.095636,VEN,BEL,851440
5096429,246,18,9335,2011,0.0,35314.0,0.241792,1.353011,ZAF,BEL,851440
5096430,247,18,9335,2011,0.0,2459.0,-0.7599,-0.941019,ZMB,BEL,851440
5096431,248,18,9335,2011,0.0,2494.0,-0.858662,-0.8632719999999999,ZWE,BEL,851440
5096432,249,18,9335,2011,0.0,4094.0,1.803234,0.921233,TWN,BEL,851440
5096433,2,23,9335,2011,0.0,2929.0,-1.252991,-1.132314,AGO,BGR,851440
5096434,15,23,9335,2011,462964.0,8771.0,1.687634,-0.229095,AUT,BGR,851440
5096435,18,23,9335,2011,8283.0,0.0,1.221703,1.247961,BEL,BGR,851440
5096436,22,23,9335,2011,0.0,624.0,-1.074416,-0.8276370000000001,BGD,BGR,851440
5096437,41,23,9335,2011,1128.0,0.0,2.2644029999999997,0.406131,CHE,BGR,851440
5096438,43,23,9335,2011,31578.0,0.0,1.072299,1.686826,CHN,BGR,851440
5096439,61,23,9335,2011,34612.0,0.0,2.074435,-3.440815,DEU,BGR,851440
5096440,64,23,9335,2011,1440.0,0.0,1.156026,1.2248299999999999,DNK,BGR,851440
5096441,81,23,9335,2011,5444.0,0.0,1.8048220000000001,0.380141,GBR,BGR,851440
5096442,90,23,9335,2011,0.0,285917.0,0.138679,1.30044,GRC,BGR,851440
5096443,104,23,9335,2011,0.0,4563.0,0.18276199999999998,2.398765,IND,BGR,851440
5096444,107,23,9335,2011,0.0,1788.0,-0.915379,-0.973194,IRN,BGR,851440
5096445,110,23,9335,2011,0.0,71519.0,1.324384,0.714611,ISR,BGR,851440
5096446,111,23,9335,2011,27096.0,0.0,1.298751,0.48013599999999995,ITA,BGR,851440
5096447,163,23,9335,2011,190168.0,0.0,0.8492770000000001,0.050044,NOR,BGR,851440
5096448,186,23,9335,2011,0.0,277878.0,0.47319399999999995,-0.20801599999999998,RUS,BGR,851440
5096449,208,23,9335,2011,1504.0,0.0,1.857146,0.366159,SWE,BGR,851440
5096450,224,23,9335,2011,0.0,992.0,0.45775,2.4316259999999996,TUR,BGR,851440
5096451,231,23,9335,2011,0.0,24446.0,1.6884849999999998,-0.474499,USA,BGR,851440
5096452,231,25,9335,2011,11455.0,0.0,1.6884849999999998,-0.474499,USA,BHS,851440
5096453,8,32,9335,2011,0.0,64070.0,0.240494,0.540376,ARG,BRA,851440
5096454,14,32,9335,2011,1398.0,0.0,-0.138148,0.002999,AUS,BRA,851440
5096455,15,32,9335,2011,57546.0,0.0,1.687634,-0.229095,AUT,BRA,851440
5096456,18,32,9335,2011,32019.0,0.0,1.221703,1.247961,BEL,BRA,851440
5096457,39,32,9335,2011,2959.0,0.0,0.754813,1.1967290000000002,CAN,BRA,851440
5096458,41,32,9335,2011,3766.0,0.0,2.2644029999999997,0.406131,CHE,BRA,851440
5096459,42,32,9335,2011,0.0,58794.0,-0.199877,-0.353009,CHL,BRA,851440
5096460,43,32,9335,2011,1159012.0,268441.0,1.072299,1.686826,CHN,BRA,851440
5096461,61,32,9335,2011,4626632.0,5047.0,2.074435,-3.440815,DEU,BRA,851440
5096462,71,32,9335,2011,188458.0,0.0,0.8677290000000001,2.4618450000000003,ESP,BRA,851440
5096463,77,32,9335,2011,793429.0,0.0,1.532054,0.09339299999999999,FRA,BRA,851440
5096464,81,32,9335,2011,118657.0,0.0,1.8048220000000001,0.380141,GBR,BRA,851440
5096465,93,32,9335,2011,0.0,9613.0,-0.329497,0.775369,GTM,BRA,851440
5096466,104,32,9335,2011,0.0,142621.0,0.18276199999999998,2.398765,IND,BRA,851440
5096467,111,32,9335,2011,193308.0,0.0,1.298751,0.48013599999999995,ITA,BRA,851440
5096468,114,32,9335,2011,24671.0,0.0,2.516395,-0.534301,JPN,BRA,851440
5096469,121,32,9335,2011,9499.0,0.0,1.731371,0.8306879999999999,KOR,BRA,851440
5096470,138,32,9335,2011,4788.0,0.0,0.9534600000000001,0.706982,MEX,BRA,851440
5096471,162,32,9335,2011,342109.0,0.0,1.1655229999999999,1.410167,NLD,BRA,851440
5096472,163,32,9335,2011,48176.0,0.0,0.8492770000000001,0.050044,NOR,BRA,851440
5096473,179,32,9335,2011,8314.0,0.0,0.558481,2.7056240000000003,PRT,BRA,851440
5096474,180,32,9335,2011,0.0,1781.0,-0.548759,-0.877743,PRY,BRA,851440
5096475,216,32,9335,2011,42716.0,0.0,0.889009,1.503118,THA,BRA,851440
5096476,231,32,9335,2011,1492608.0,0.0,1.6884849999999998,-0.474499,USA,BRA,851440
5096477,236,32,9335,2011,0.0,107040.0,-0.841147,-1.095636,VEN,BRA,851440
5096478,246,32,9335,2011,99776.0,0.0,0.241792,1.353011,ZAF,BRA,851440
5096479,249,32,9335,2011,4254.0,0.0,1.803234,0.921233,TWN,BRA,851440
5096480,231,33,9335,2011,4502.0,0.0,1.6884849999999998,-0.474499,USA,BRB,851440
5096481,1,39,9335,2011,0.0,215701.0,-0.8426809999999999,-0.640418,AFG,CAN,851440
5096482,7,39,9335,2011,0.0,8478.0,0.030652,-0.450808,ARE,CAN,851440
5096483,14,39,9335,2011,6895.0,50840.0,-0.138148,0.002999,AUS,CAN,851440
5096484,15,39,9335,2011,0.0,18002.0,1.687634,-0.229095,AUT,CAN,851440
5096485,18,39,9335,2011,55816.0,0.0,1.221703,1.247961,BEL,CAN,851440
5096486,21,39,9335,2011,0.0,5347.0,-1.163278,-1.002332,BFA,CAN,851440
5096487,22,39,9335,2011,0.0,989.0,-1.074416,-0.8276370000000001,BGD,CAN,851440
5096488,28,39,9335,2011,0.0,94.0,0.8786729999999999,0.442097,BLR,CAN,851440
5096489,32,39,9335,2011,0.0,2959.0,0.27718400000000004,0.5674319999999999,BRA,CAN,851440
5096490,37,39,9335,2011,0.0,3214.0,-0.48782600000000004,-1.051639,BWA,CAN,851440
5096491,41,39,9335,2011,2795.0,7134.0,2.2644029999999997,0.406131,CHE,CAN,851440
5096492,43,39,9335,2011,619591.0,451822.0,1.072299,1.686826,CHN,CAN,851440
5096493,54,39,9335,2011,0.0,50022.0,-0.050093,-0.88759,CUB,CAN,851440
5096494,59,39,9335,2011,0.0,6842.0,1.737788,0.14741600000000002,CZE,CAN,851440
5096495,61,39,9335,2011,87174.0,153407.0,2.074435,-3.440815,DEU,CAN,851440
5096496,64,39,9335,2011,8923.0,2517.0,1.156026,1.2248299999999999,DNK,CAN,851440
5096497,67,39,9335,2011,0.0,5483.0,-0.8250639999999999,-0.839082,ECU,CAN,851440
5096498,71,39,9335,2011,3521.0,6507.0,0.8677290000000001,2.4618450000000003,ESP,CAN,851440
5096499,74,39,9335,2011,0.0,13782.0,1.7488830000000002,0.890934,FIN,CAN,851440
5096500,77,39,9335,2011,51945.0,94514.0,1.532054,0.09339299999999999,FRA,CAN,851440
5096501,81,39,9335,2011,196170.0,32085.0,1.8048220000000001,0.380141,GBR,CAN,851440
5096502,83,39,9335,2011,0.0,3420.0,-0.8627319999999999,-0.608823,GHA,CAN,851440
5096503,90,39,9335,2011,0.0,1908.0,0.138679,1.30044,GRC,CAN,851440
5096504,97,39,9335,2011,0.0,9143.0,0.663588,1.902118,HKG,CAN,851440
5096505,103,39,9335,2011,0.0,3291.0,-0.234125,1.168384,IDN,CAN,851440
5096506,104,39,9335,2011,0.0,146859.0,0.18276199999999998,2.398765,IND,CAN,851440
5096507,106,39,9335,2011,0.0,2772.0,1.403182,0.290245,IRL,CAN,851440
5096508,107,39,9335,2011,0.0,14283.0,-0.915379,-0.973194,IRN,CAN,851440
5096509,111,39,9335,2011,397823.0,27416.0,1.298751,0.48013599999999995,ITA,CAN,851440
5096510,114,39,9335,2011,368607.0,142183.0,2.516395,-0.534301,JPN,CAN,851440
5096511,117,39,9335,2011,0.0,1824.0,-0.323348,0.164469,KGZ,CAN,851440
5096512,121,39,9335,2011,6039.0,176259.0,1.731371,0.8306879999999999,KOR,CAN,851440
5096513,122,39,9335,2011,0.0,39848.0,-0.898582,-1.09893,KWT,CAN,851440
5096514,124,39,9335,2011,0.0,1858.0,0.278393,1.2962879999999999,LBN,CAN,851440
5096515,131,39,9335,2011,15249.0,0.0,1.1655739999999999,1.222379,LUX,CAN,851440
5096516,134,39,9335,2011,0.0,1647.0,-0.485404,0.099828,MAR,CAN,851440
5096517,136,39,9335,2011,0.0,3111.0,-1.040519,-0.404883,MDG,CAN,851440
5096518,138,39,9335,2011,7458.0,48305.0,0.9534600000000001,0.706982,MEX,CAN,851440
5096519,145,39,9335,2011,0.0,4441.0,-1.0869389999999999,-1.107693,MNG,CAN,851440
5096520,151,39,9335,2011,0.0,3796.0,-0.09464600000000001,0.091177,MUS,CAN,851440
5096521,153,39,9335,2011,13320.0,27177.0,0.9893290000000001,0.632079,MYS,CAN,851440
5096522,156,39,9335,2011,0.0,875.0,-0.976349,-0.798691,NCL,CAN,851440
5096523,162,39,9335,2011,73883.0,8754.0,1.1655229999999999,1.410167,NLD,CAN,851440
5096524,163,39,9335,2011,5420.0,12381.0,0.8492770000000001,0.050044,NOR,CAN,851440
5096525,166,39,9335,2011,3485.0,276802.0,0.372732,0.548601,NZL,CAN,851440
5096526,177,39,9335,2011,13664.0,7172.0,1.133641,1.134203,POL,CAN,851440
5096527,179,39,9335,2011,0.0,4041.0,0.558481,2.7056240000000003,PRT,CAN,851440
5096528,183,39,9335,2011,0.0,1413647.0,-0.45851899999999995,-1.017033,QAT,CAN,851440
5096529,185,39,9335,2011,0.0,3063.0,0.722,1.296655,ROU,CAN,851440
5096530,186,39,9335,2011,0.0,399354.0,0.47319399999999995,-0.20801599999999998,RUS,CAN,851440
5096531,188,39,9335,2011,0.0,9299.0,0.354045,-0.800028,SAU,CAN,851440
5096532,192,39,9335,2011,14676.0,20502.0,1.849116,0.52127,SGP,CAN,851440
5096533,207,39,9335,2011,0.0,585.0,1.642913,0.700222,SVN,CAN,851440
5096534,208,39,9335,2011,0.0,243462.0,1.857146,0.366159,SWE,CAN,851440
5096535,209,39,9335,2011,0.0,3580.0,0.169986,-0.078842,SWZ,CAN,851440
5096536,216,39,9335,2011,0.0,83955.0,0.889009,1.503118,THA,CAN,851440
5096537,222,39,9335,2011,0.0,34950.0,-0.44228,-1.031793,TTO,CAN,851440
5096538,224,39,9335,2011,0.0,127100.0,0.45775,2.4316259999999996,TUR,CAN,851440
5096539,228,39,9335,2011,0.0,7635.0,0.6221409999999999,0.765505,UKR,CAN,851440
5096540,231,39,9335,2011,11575529.0,1150848.0,1.6884849999999998,-0.474499,USA,CAN,851440
5096541,239,39,9335,2011,0.0,43002.0,-0.184453,1.637207,VNM,CAN,851440
5096542,246,39,9335,2011,12540.0,37391.0,0.241792,1.353011,ZAF,CAN,851440
5096543,249,39,9335,2011,59294.0,0.0,1.803234,0.921233,TWN,CAN,851440
5096544,8,41,9335,2011,0.0,8387.0,0.240494,0.540376,ARG,CHE,851440
5096545,14,41,9335,2011,0.0,62635.0,-0.138148,0.002999,AUS,CHE,851440
5096546,15,41,9335,2011,39051.0,97102.0,1.687634,-0.229095,AUT,CHE,851440
5096547,18,41,9335,2011,123995.0,394596.0,1.221703,1.247961,BEL,CHE,851440
5096548,23,41,9335,2011,0.0,1128.0,0.537967,1.520973,BGR,CHE,851440
5096549,24,41,9335,2011,0.0,2191.0,0.04085,-0.873711,BHR,CHE,851440
5096550,26,41,9335,2011,0.0,3122.0,0.391425,0.6066600000000001,BIH,CHE,851440
5096551,32,41,9335,2011,0.0,3766.0,0.27718400000000004,0.5674319999999999,BRA,CHE,851440
5096552,39,41,9335,2011,7134.0,2795.0,0.754813,1.1967290000000002,CAN,CHE,851440
5096553,42,41,9335,2011,0.0,80957.0,-0.199877,-0.353009,CHL,CHE,851440
5096554,43,41,9335,2011,17070.0,643551.0,1.072299,1.686826,CHN,CHE,851440
5096555,54,41,9335,2011,0.0,10886.0,-0.050093,-0.88759,CUB,CHE,851440
5096556,59,41,9335,2011,39427.0,22612.0,1.737788,0.14741600000000002,CZE,CHE,851440
5096557,61,41,9335,2011,4483755.0,787121.0,2.074435,-3.440815,DEU,CHE,851440
5096558,64,41,9335,2011,4094.0,3000.0,1.156026,1.2248299999999999,DNK,CHE,851440
5096559,66,41,9335,2011,0.0,2602.0,-1.36763,-1.140594,DZA,CHE,851440
5096560,68,41,9335,2011,0.0,7941.0,-0.166243,1.384719,EGY,CHE,851440
5096561,71,41,9335,2011,0.0,7128.0,0.8677290000000001,2.4618450000000003,ESP,CHE,851440
5096562,74,41,9335,2011,0.0,14244.0,1.7488830000000002,0.890934,FIN,CHE,851440
5096563,77,41,9335,2011,478428.0,1752819.0,1.532054,0.09339299999999999,FRA,CHE,851440
5096564,81,41,9335,2011,1100613.0,118943.0,1.8048220000000001,0.380141,GBR,CHE,851440
5096565,97,41,9335,2011,0.0,33725.0,0.663588,1.902118,HKG,CHE,851440
5096566,102,41,9335,2011,0.0,123684.0,1.486592,0.805642,HUN,CHE,851440
5096567,104,41,9335,2011,0.0,52571.0,0.18276199999999998,2.398765,IND,CHE,851440
5096568,106,41,9335,2011,0.0,12318.0,1.403182,0.290245,IRL,CHE,851440
5096569,107,41,9335,2011,0.0,1481.0,-0.915379,-0.973194,IRN,CHE,851440
5096570,110,41,9335,2011,10983.0,1537.0,1.324384,0.714611,ISR,CHE,851440
5096571,111,41,9335,2011,242883.0,2227613.0,1.298751,0.48013599999999995,ITA,CHE,851440
5096572,114,41,9335,2011,3369.0,64707.0,2.516395,-0.534301,JPN,CHE,851440
5096573,121,41,9335,2011,0.0,186183.0,1.731371,0.8306879999999999,KOR,CHE,851440
5096574,128,41,9335,2011,0.0,843.0,-0.559311,0.398905,LKA,CHE,851440
5096575,131,41,9335,2011,0.0,6300.0,1.1655739999999999,1.222379,LUX,CHE,851440
5096576,138,41,9335,2011,0.0,35754.0,0.9534600000000001,0.706982,MEX,CHE,851440
5096577,153,41,9335,2011,0.0,5838.0,0.9893290000000001,0.632079,MYS,CHE,851440
5096578,162,41,9335,2011,55302.0,237762.0,1.1655229999999999,1.410167,NLD,CHE,851440
5096579,163,41,9335,2011,0.0,43331.0,0.8492770000000001,0.050044,NOR,CHE,851440
5096580,173,41,9335,2011,0.0,1367.0,-0.455977,0.442543,PER,CHE,851440
5096581,174,41,9335,2011,0.0,14548.0,0.364707,0.322626,PHL,CHE,851440
5096582,177,41,9335,2011,0.0,78512.0,1.133641,1.134203,POL,CHE,851440
5096583,179,41,9335,2011,0.0,1073.0,0.558481,2.7056240000000003,PRT,CHE,851440
5096584,185,41,9335,2011,0.0,1401.0,0.722,1.296655,ROU,CHE,851440
5096585,186,41,9335,2011,0.0,15787.0,0.47319399999999995,-0.20801599999999998,RUS,CHE,851440
5096586,188,41,9335,2011,0.0,265044.0,0.354045,-0.800028,SAU,CHE,851440
5096587,192,41,9335,2011,0.0,5276.0,1.849116,0.52127,SGP,CHE,851440
5096588,201,41,9335,2011,0.0,1685.0,0.49055699999999997,1.5601399999999999,SRB,CHE,851440
5096589,206,41,9335,2011,0.0,10004.0,1.262897,0.8230569999999999,SVK,CHE,851440
5096590,207,41,9335,2011,0.0,3137.0,1.642913,0.700222,SVN,CHE,851440
5096591,208,41,9335,2011,35768.0,8865.0,1.857146,0.366159,SWE,CHE,851440
5096592,216,41,9335,2011,0.0,2265.0,0.889009,1.503118,THA,CHE,851440
5096593,223,41,9335,2011,0.0,3144.0,0.151221,1.1252360000000001,TUN,CHE,851440
5096594,224,41,9335,2011,0.0,1985.0,0.45775,2.4316259999999996,TUR,CHE,851440
5096595,228,41,9335,2011,0.0,1198.0,0.6221409999999999,0.765505,UKR,CHE,851440
5096596,230,41,9335,2011,0.0,6144.0,0.313195,0.042866,URY,CHE,851440
5096597,231,41,9335,2011,562410.0,239415.0,1.6884849999999998,-0.474499,USA,CHE,851440
5096598,239,41,9335,2011,0.0,1809.0,-0.184453,1.637207,VNM,CHE,851440
5096599,246,41,9335,2011,3318.0,0.0,0.241792,1.353011,ZAF,CHE,851440
5096600,247,41,9335,2011,0.0,1066.0,-0.7599,-0.941019,ZMB,CHE,851440
5096601,249,41,9335,2011,0.0,6719.0,1.803234,0.921233,TWN,CHE,851440
5096602,14,42,9335,2011,36372.0,0.0,-0.138148,0.002999,AUS,CHL,851440
5096603,18,42,9335,2011,48370.0,0.0,1.221703,1.247961,BEL,CHL,851440
5096604,32,42,9335,2011,58794.0,0.0,0.27718400000000004,0.5674319999999999,BRA,CHL,851440
5096605,41,42,9335,2011,80957.0,0.0,2.2644029999999997,0.406131,CHE,CHL,851440
5096606,43,42,9335,2011,75793.0,0.0,1.072299,1.686826,CHN,CHL,851440
5096607,61,42,9335,2011,101829.0,0.0,2.074435,-3.440815,DEU,CHL,851440
5096608,71,42,9335,2011,21595.0,0.0,0.8677290000000001,2.4618450000000003,ESP,CHL,851440
5096609,77,42,9335,2011,33129.0,0.0,1.532054,0.09339299999999999,FRA,CHL,851440
5096610,81,42,9335,2011,1602.0,0.0,1.8048220000000001,0.380141,GBR,CHL,851440
5096611,97,42,9335,2011,23512.0,0.0,0.663588,1.902118,HKG,CHL,851440
5096612,99,42,9335,2011,0.0,1737.0,-0.740241,-0.311952,HND,CHL,851440
5096613,104,42,9335,2011,3106.0,0.0,0.18276199999999998,2.398765,IND,CHL,851440
5096614,111,42,9335,2011,88958.0,0.0,1.298751,0.48013599999999995,ITA,CHL,851440
5096615,131,42,9335,2011,2861.0,0.0,1.1655739999999999,1.222379,LUX,CHL,851440
5096616,162,42,9335,2011,20520.0,0.0,1.1655229999999999,1.410167,NLD,CHL,851440
5096617,169,42,9335,2011,1124.0,0.0,0.786135,1.061008,PAN,CHL,851440
5096618,208,42,9335,2011,150347.0,0.0,1.857146,0.366159,SWE,CHL,851440
5096619,231,42,9335,2011,471869.0,0.0,1.6884849999999998,-0.474499,USA,CHL,851440
5096620,249,42,9335,2011,3245.0,0.0,1.803234,0.921233,TWN,CHL,851440
5096621,250,42,9335,2011,29220.0,0.0,0.475638,-0.160135,ANS,CHL,851440
5096622,2,43,9335,2011,0.0,9576.0,-1.252991,-1.132314,AGO,CHN,851440
5096623,7,43,9335,2011,0.0,886745.0,0.030652,-0.450808,ARE,CHN,851440
5096624,8,43,9335,2011,0.0,101139.0,0.240494,0.540376,ARG,CHN,851440
5096625,14,43,9335,2011,1250237.0,214859.0,-0.138148,0.002999,AUS,CHN,851440
5096626,15,43,9335,2011,56975.0,7241.0,1.687634,-0.229095,AUT,CHN,851440
5096627,16,43,9335,2011,0.0,2167.0,-1.313136,-1.189989,AZE,CHN,851440
5096628,17,43,9335,2011,0.0,2504.0,-0.8287049999999999,-0.774558,BDI,CHN,851440
5096629,18,43,9335,2011,2338256.0,41188.0,1.221703,1.247961,BEL,CHN,851440
5096630,22,43,9335,2011,0.0,158933.0,-1.074416,-0.8276370000000001,BGD,CHN,851440
5096631,23,43,9335,2011,0.0,31578.0,0.537967,1.520973,BGR,CHN,851440
5096632,24,43,9335,2011,0.0,6274.0,0.04085,-0.873711,BHR,CHN,851440
5096633,26,43,9335,2011,0.0,1386.0,0.391425,0.6066600000000001,BIH,CHN,851440
5096634,28,43,9335,2011,0.0,3163.0,0.8786729999999999,0.442097,BLR,CHN,851440
5096635,29,43,9335,2011,0.0,700.0,-0.382684,-0.581376,BLZ,CHN,851440
5096636,31,43,9335,2011,0.0,1825.0,-0.818593,-0.8701770000000001,BOL,CHN,851440
5096637,32,43,9335,2011,268441.0,1159012.0,0.27718400000000004,0.5674319999999999,BRA,CHN,851440
5096638,39,43,9335,2011,451822.0,619591.0,0.754813,1.1967290000000002,CAN,CHN,851440
5096639,41,43,9335,2011,643551.0,17070.0,2.2644029999999997,0.406131,CHE,CHN,851440
5096640,42,43,9335,2011,0.0,75793.0,-0.199877,-0.353009,CHL,CHN,851440
5096641,45,43,9335,2011,0.0,2413.0,-0.7956340000000001,-0.8532790000000001,CMR,CHN,851440
5096642,49,43,9335,2011,0.0,10970.0,0.14336600000000002,-0.22996,COL,CHN,851440
5096643,52,43,9335,2011,0.0,35982.0,0.04325,-0.553193,CRI,CHN,851440
5096644,59,43,9335,2011,1895.0,3811.0,1.737788,0.14741600000000002,CZE,CHN,851440
5096645,61,43,9335,2011,23565368.0,591193.0,2.074435,-3.440815,DEU,CHN,851440
5096646,62,43,9335,2011,0.0,20440.0,-0.6224529999999999,-0.7357739999999999,DJI,CHN,851440
5096647,64,43,9335,2011,442318.0,64611.0,1.156026,1.2248299999999999,DNK,CHN,851440
5096648,65,43,9335,2011,0.0,2963.0,-0.260653,0.5682010000000001,DOM,CHN,851440
5096649,66,43,9335,2011,0.0,54961.0,-1.36763,-1.140594,DZA,CHN,851440
5096650,67,43,9335,2011,0.0,31601.0,-0.8250639999999999,-0.839082,ECU,CHN,851440
5096651,68,43,9335,2011,0.0,69144.0,-0.166243,1.384719,EGY,CHN,851440
5096652,71,43,9335,2011,1045348.0,95401.0,0.8677290000000001,2.4618450000000003,ESP,CHN,851440
5096653,72,43,9335,2011,0.0,83935.0,0.9806790000000001,1.110449,EST,CHN,851440
5096654,73,43,9335,2011,0.0,39342.0,-1.258175,-0.920692,ETH,CHN,851440
5096655,74,43,9335,2011,45395.0,46072.0,1.7488830000000002,0.890934,FIN,CHN,851440
5096656,77,43,9335,2011,1555675.0,515193.0,1.532054,0.09339299999999999,FRA,CHN,851440
5096657,81,43,9335,2011,5314848.0,936431.0,1.8048220000000001,0.380141,GBR,CHN,851440
5096658,83,43,9335,2011,0.0,2111.0,-0.8627319999999999,-0.608823,GHA,CHN,851440
5096659,90,43,9335,2011,0.0,70053.0,0.138679,1.30044,GRC,CHN,851440
5096660,93,43,9335,2011,0.0,2350.0,-0.329497,0.775369,GTM,CHN,851440
5096661,97,43,9335,2011,76507.0,1810833.0,0.663588,1.902118,HKG,CHN,851440
5096662,102,43,9335,2011,2906.0,0.0,1.486592,0.805642,HUN,CHN,851440
5096663,103,43,9335,2011,20976.0,656578.0,-0.234125,1.168384,IDN,CHN,851440
5096664,104,43,9335,2011,70059.0,2725990.0,0.18276199999999998,2.398765,IND,CHN,851440
5096665,106,43,9335,2011,0.0,10622.0,1.403182,0.290245,IRL,CHN,851440
5096666,107,43,9335,2011,0.0,545688.0,-0.915379,-0.973194,IRN,CHN,851440
5096667,108,43,9335,2011,0.0,14125.0,-2.175137,-0.726975,IRQ,CHN,851440
5096668,109,43,9335,2011,0.0,569.0,0.284202,-0.23753000000000002,ISL,CHN,851440
5096669,110,43,9335,2011,0.0,3135.0,1.324384,0.714611,ISR,CHN,851440
5096670,111,43,9335,2011,2501900.0,53083.0,1.298751,0.48013599999999995,ITA,CHN,851440
5096671,113,43,9335,2011,0.0,2835.0,0.231605,0.47049399999999997,JOR,CHN,851440
5096672,114,43,9335,2011,20025888.0,503503.0,2.516395,-0.534301,JPN,CHN,851440
5096673,115,43,9335,2011,0.0,400408.0,-0.514687,-0.775671,KAZ,CHN,851440
5096674,116,43,9335,2011,0.0,8089.0,-0.48319300000000004,0.346927,KEN,CHN,851440
5096675,117,43,9335,2011,0.0,30634.0,-0.323348,0.164469,KGZ,CHN,851440
5096676,118,43,9335,2011,0.0,12897.0,-1.162858,-1.103539,KHM,CHN,851440
5096677,121,43,9335,2011,5889200.0,1091276.0,1.731371,0.8306879999999999,KOR,CHN,851440
5096678,122,43,9335,2011,0.0,18770.0,-0.898582,-1.09893,KWT,CHN,851440
5096679,123,43,9335,2011,0.0,34828.0,-1.135039,-0.929759,LAO,CHN,851440
5096680,124,43,9335,2011,0.0,15559.0,0.278393,1.2962879999999999,LBN,CHN,851440
5096681,128,43,9335,2011,0.0,23386.0,-0.559311,0.398905,LKA,CHN,851440
5096682,130,43,9335,2011,0.0,353232.0,0.747963,0.9759530000000001,LTU,CHN,851440
5096683,131,43,9335,2011,1573.0,0.0,1.1655739999999999,1.222379,LUX,CHN,851440
5096684,132,43,9335,2011,0.0,144237.0,0.7320939999999999,1.101321,LVA,CHN,851440
5096685,134,43,9335,2011,0.0,29329.0,-0.485404,0.099828,MAR,CHN,851440
5096686,138,43,9335,2011,0.0,155708.0,0.9534600000000001,0.706982,MEX,CHN,851440
5096687,141,43,9335,2011,0.0,4645.0,-0.6778109999999999,-0.653211,MLI,CHN,851440
5096688,143,43,9335,2011,0.0,785781.0,-1.3557190000000001,-0.929934,MMR,CHN,851440
5096689,145,43,9335,2011,0.0,51756.0,-1.0869389999999999,-1.107693,MNG,CHN,851440
5096690,147,43,9335,2011,0.0,52587.0,-1.2069299999999998,-0.977785,MOZ,CHN,851440
5096691,153,43,9335,2011,183250.0,669239.0,0.9893290000000001,0.632079,MYS,CHN,851440
5096692,159,43,9335,2011,0.0,3273.0,-1.699286,-1.15511,NGA,CHN,851440
5096693,162,43,9335,2011,522010.0,33116.0,1.1655229999999999,1.410167,NLD,CHN,851440
5096694,163,43,9335,2011,2061195.0,6612.0,0.8492770000000001,0.050044,NOR,CHN,851440
5096695,164,43,9335,2011,0.0,20985.0,-0.242299,0.801966,NPL,CHN,851440
5096696,166,43,9335,2011,0.0,115140.0,0.372732,0.548601,NZL,CHN,851440
5096697,167,43,9335,2011,0.0,130760.0,-0.473703,-0.952491,OMN,CHN,851440
5096698,168,43,9335,2011,0.0,217853.0,-0.729677,0.6026729999999999,PAK,CHN,851440
5096699,169,43,9335,2011,0.0,43409.0,0.786135,1.061008,PAN,CHN,851440
5096700,173,43,9335,2011,0.0,37850.0,-0.455977,0.442543,PER,CHN,851440
5096701,174,43,9335,2011,372948.0,295049.0,0.364707,0.322626,PHL,CHN,851440
5096702,176,43,9335,2011,0.0,5231.0,-1.1111659999999999,-0.9458610000000001,PNG,CHN,851440
5096703,177,43,9335,2011,53582.0,96901.0,1.133641,1.134203,POL,CHN,851440
5096704,178,43,9335,2011,0.0,184921.0,-0.024317,-0.154781,PRK,CHN,851440
5096705,179,43,9335,2011,0.0,5999.0,0.558481,2.7056240000000003,PRT,CHN,851440
5096706,180,43,9335,2011,0.0,2370.0,-0.548759,-0.877743,PRY,CHN,851440
5096707,185,43,9335,2011,0.0,125760.0,0.722,1.296655,ROU,CHN,851440
5096708,186,43,9335,2011,94021.0,653415.0,0.47319399999999995,-0.20801599999999998,RUS,CHN,851440
5096709,188,43,9335,2011,0.0,812206.0,0.354045,-0.800028,SAU,CHN,851440
5096710,190,43,9335,2011,0.0,134847.0,-2.1675869999999997,-1.249272,SDN,CHN,851440
5096711,191,43,9335,2011,0.0,56120.0,-0.624346,-0.308052,SEN,CHN,851440
5096712,192,43,9335,2011,169533.0,146658.0,1.849116,0.52127,SGP,CHN,851440
5096713,201,43,9335,2011,0.0,5492.0,0.49055699999999997,1.5601399999999999,SRB,CHN,851440
5096714,206,43,9335,2011,0.0,468297.0,1.262897,0.8230569999999999,SVK,CHN,851440
5096715,207,43,9335,2011,0.0,4385.0,1.642913,0.700222,SVN,CHN,851440
5096716,208,43,9335,2011,1104534.0,1031.0,1.857146,0.366159,SWE,CHN,851440
5096717,212,43,9335,2011,0.0,5800.0,-0.604133,0.5268970000000001,SYR,CHN,851440
5096718,216,43,9335,2011,433847.0,1004413.0,0.889009,1.503118,THA,CHN,851440
5096719,219,43,9335,2011,0.0,7940.0,-1.549495,-1.202504,TKM,CHN,851440
5096720,222,43,9335,2011,0.0,21385.0,-0.44228,-1.031793,TTO,CHN,851440
5096721,223,43,9335,2011,0.0,19434.0,0.151221,1.1252360000000001,TUN,CHN,851440
5096722,224,43,9335,2011,0.0,1103918.0,0.45775,2.4316259999999996,TUR,CHN,851440
5096723,227,43,9335,2011,0.0,1124.0,-0.7153,-0.062678,UGA,CHN,851440
5096724,228,43,9335,2011,0.0,84802.0,0.6221409999999999,0.765505,UKR,CHN,851440
5096725,231,43,9335,2011,6513658.0,583520.0,1.6884849999999998,-0.474499,USA,CHN,851440
5096726,232,43,9335,2011,0.0,409117.0,-0.785878,-0.663918,UZB,CHN,851440
5096727,236,43,9335,2011,0.0,26472.0,-0.841147,-1.095636,VEN,CHN,851440
5096728,239,43,9335,2011,2856.0,807897.0,-0.184453,1.637207,VNM,CHN,851440
5096729,243,43,9335,2011,0.0,6326.0,-1.44127,-1.242875,YEM,CHN,851440
5096730,246,43,9335,2011,2447.0,174179.0,0.241792,1.353011,ZAF,CHN,851440
5096731,247,43,9335,2011,0.0,17820.0,-0.7599,-0.941019,ZMB,CHN,851440
5096732,249,43,9335,2011,5010020.0,336817.0,1.803234,0.921233,TWN,CHN,851440
5096733,18,49,9335,2011,31915.0,0.0,1.221703,1.247961,BEL,COL,851440
5096734,43,49,9335,2011,10970.0,0.0,1.072299,1.686826,CHN,COL,851440
5096735,61,49,9335,2011,65530.0,0.0,2.074435,-3.440815,DEU,COL,851440
5096736,64,49,9335,2011,70507.0,0.0,1.156026,1.2248299999999999,DNK,COL,851440
5096737,71,49,9335,2011,1533.0,0.0,0.8677290000000001,2.4618450000000003,ESP,COL,851440
5096738,81,49,9335,2011,48126.0,0.0,1.8048220000000001,0.380141,GBR,COL,851440
5096739,111,49,9335,2011,34174.0,0.0,1.298751,0.48013599999999995,ITA,COL,851440
5096740,114,49,9335,2011,7676.0,0.0,2.516395,-0.534301,JPN,COL,851440
5096741,121,49,9335,2011,13493.0,0.0,1.731371,0.8306879999999999,KOR,COL,851440
5096742,138,49,9335,2011,1825.0,0.0,0.9534600000000001,0.706982,MEX,COL,851440
5096743,162,49,9335,2011,11898.0,0.0,1.1655229999999999,1.410167,NLD,COL,851440
5096744,169,49,9335,2011,0.0,2560.0,0.786135,1.061008,PAN,COL,851440
5096745,173,49,9335,2011,0.0,23229.0,-0.455977,0.442543,PER,COL,851440
5096746,231,49,9335,2011,174016.0,0.0,1.6884849999999998,-0.474499,USA,COL,851440
5096747,249,49,9335,2011,1113.0,0.0,1.803234,0.921233,TWN,COL,851440
5096748,18,52,9335,2011,1277.0,0.0,1.221703,1.247961,BEL,CRI,851440
5096749,43,52,9335,2011,35982.0,0.0,1.072299,1.686826,CHN,CRI,851440
5096750,61,52,9335,2011,20341.0,0.0,2.074435,-3.440815,DEU,CRI,851440
5096751,71,52,9335,2011,19334.0,0.0,0.8677290000000001,2.4618450000000003,ESP,CRI,851440
5096752,111,52,9335,2011,23697.0,0.0,1.298751,0.48013599999999995,ITA,CRI,851440
5096753,138,52,9335,2011,987.0,0.0,0.9534600000000001,0.706982,MEX,CRI,851440
5096754,231,52,9335,2011,839129.0,23092.0,1.6884849999999998,-0.474499,USA,CRI,851440
5096755,249,52,9335,2011,1117.0,0.0,1.803234,0.921233,TWN,CRI,851440
5096756,231,55,9335,2011,23700.0,0.0,1.6884849999999998,-0.474499,USA,CUW,851440
5096757,15,59,9335,2011,317590.0,38740.0,1.687634,-0.229095,AUT,CZE,851440
5096758,16,59,9335,2011,0.0,771038.0,-1.313136,-1.189989,AZE,CZE,851440
5096759,18,59,9335,2011,50661.0,0.0,1.221703,1.247961,BEL,CZE,851440
5096760,28,59,9335,2011,0.0,197510.0,0.8786729999999999,0.442097,BLR,CZE,851440
5096761,31,59,9335,2011,0.0,2410.0,-0.818593,-0.8701770000000001,BOL,CZE,851440
5096762,39,59,9335,2011,6842.0,0.0,0.754813,1.1967290000000002,CAN,CZE,851440
5096763,41,59,9335,2011,22612.0,39427.0,2.2644029999999997,0.406131,CHE,CZE,851440
5096764,43,59,9335,2011,3811.0,1895.0,1.072299,1.686826,CHN,CZE,851440
5096765,61,59,9335,2011,2053823.0,824011.0,2.074435,-3.440815,DEU,CZE,851440
5096766,71,59,9335,2011,1045709.0,0.0,0.8677290000000001,2.4618450000000003,ESP,CZE,851440
5096767,74,59,9335,2011,445774.0,0.0,1.7488830000000002,0.890934,FIN,CZE,851440
5096768,77,59,9335,2011,5742.0,0.0,1.532054,0.09339299999999999,FRA,CZE,851440
5096769,81,59,9335,2011,72249.0,1726.0,1.8048220000000001,0.380141,GBR,CZE,851440
5096770,110,59,9335,2011,6238.0,0.0,1.324384,0.714611,ISR,CZE,851440
5096771,111,59,9335,2011,148321.0,636391.0,1.298751,0.48013599999999995,ITA,CZE,851440
5096772,114,59,9335,2011,468256.0,369940.0,2.516395,-0.534301,JPN,CZE,851440
5096773,132,59,9335,2011,0.0,1534.0,0.7320939999999999,1.101321,LVA,CZE,851440
5096774,138,59,9335,2011,0.0,2295.0,0.9534600000000001,0.706982,MEX,CZE,851440
5096775,162,59,9335,2011,74030.0,0.0,1.1655229999999999,1.410167,NLD,CZE,851440
5096776,163,59,9335,2011,60602.0,14319.0,0.8492770000000001,0.050044,NOR,CZE,851440
5096777,177,59,9335,2011,1924.0,4939.0,1.133641,1.134203,POL,CZE,851440
5096778,185,59,9335,2011,0.0,19837.0,0.722,1.296655,ROU,CZE,851440
5096779,186,59,9335,2011,0.0,15495.0,0.47319399999999995,-0.20801599999999998,RUS,CZE,851440
5096780,192,59,9335,2011,0.0,2273.0,1.849116,0.52127,SGP,CZE,851440
5096781,206,59,9335,2011,85655.0,385090.0,1.262897,0.8230569999999999,SVK,CZE,851440
5096782,207,59,9335,2011,0.0,18666.0,1.642913,0.700222,SVN,CZE,851440
5096783,208,59,9335,2011,51548.0,0.0,1.857146,0.366159,SWE,CZE,851440
5096784,224,59,9335,2011,4737.0,0.0,0.45775,2.4316259999999996,TUR,CZE,851440
5096785,231,59,9335,2011,13100.0,2029.0,1.6884849999999998,-0.474499,USA,CZE,851440
5096786,246,59,9335,2011,5722.0,0.0,0.241792,1.353011,ZAF,CZE,851440
5096787,249,59,9335,2011,0.0,1199.0,1.803234,0.921233,TWN,CZE,851440
5096788,2,61,9335,2011,0.0,7443.0,-1.252991,-1.132314,AGO,DEU,851440
5096789,7,61,9335,2011,0.0,395052.0,0.030652,-0.450808,ARE,DEU,851440
5096790,8,61,9335,2011,0.0,824727.0,0.240494,0.540376,ARG,DEU,851440
5096791,9,61,9335,2011,0.0,1307306.0,0.543397,-0.029376999999999997,ARM,DEU,851440
5096792,14,61,9335,2011,0.0,3611507.0,-0.138148,0.002999,AUS,DEU,851440
5096793,15,61,9335,2011,666011.0,3250286.0,1.687634,-0.229095,AUT,DEU,851440
5096794,16,61,9335,2011,0.0,145687.0,-1.313136,-1.189989,AZE,DEU,851440
5096795,18,61,9335,2011,826058.0,660523.0,1.221703,1.247961,BEL,DEU,851440
5096796,22,61,9335,2011,0.0,315850.0,-1.074416,-0.8276370000000001,BGD,DEU,851440
5096797,23,61,9335,2011,0.0,34612.0,0.537967,1.520973,BGR,DEU,851440
5096798,24,61,9335,2011,0.0,14033.0,0.04085,-0.873711,BHR,DEU,851440
5096799,26,61,9335,2011,0.0,339458.0,0.391425,0.6066600000000001,BIH,DEU,851440
5096800,28,61,9335,2011,0.0,96934.0,0.8786729999999999,0.442097,BLR,DEU,851440
5096801,32,61,9335,2011,5047.0,4626632.0,0.27718400000000004,0.5674319999999999,BRA,DEU,851440
5096802,39,61,9335,2011,153407.0,87174.0,0.754813,1.1967290000000002,CAN,DEU,851440
5096803,41,61,9335,2011,787121.0,4483755.0,2.2644029999999997,0.406131,CHE,DEU,851440
5096804,42,61,9335,2011,0.0,101829.0,-0.199877,-0.353009,CHL,DEU,851440
5096805,43,61,9335,2011,591193.0,23565368.0,1.072299,1.686826,CHN,DEU,851440
5096806,45,61,9335,2011,0.0,852.0,-0.7956340000000001,-0.8532790000000001,CMR,DEU,851440
5096807,49,61,9335,2011,0.0,65530.0,0.14336600000000002,-0.22996,COL,DEU,851440
5096808,52,61,9335,2011,0.0,20341.0,0.04325,-0.553193,CRI,DEU,851440
5096809,54,61,9335,2011,0.0,3897.0,-0.050093,-0.88759,CUB,DEU,851440
5096810,59,61,9335,2011,824011.0,2053823.0,1.737788,0.14741600000000002,CZE,DEU,851440
5096811,64,61,9335,2011,0.0,448041.0,1.156026,1.2248299999999999,DNK,DEU,851440
5096812,65,61,9335,2011,0.0,2793.0,-0.260653,0.5682010000000001,DOM,DEU,851440
5096813,66,61,9335,2011,0.0,43437.0,-1.36763,-1.140594,DZA,DEU,851440
5096814,67,61,9335,2011,0.0,45381.0,-0.8250639999999999,-0.839082,ECU,DEU,851440
5096815,68,61,9335,2011,0.0,388926.0,-0.166243,1.384719,EGY,DEU,851440
5096816,71,61,9335,2011,6716254.0,3920557.0,0.8677290000000001,2.4618450000000003,ESP,DEU,851440
5096817,72,61,9335,2011,0.0,376997.0,0.9806790000000001,1.110449,EST,DEU,851440
5096818,73,61,9335,2011,0.0,20095.0,-1.258175,-0.920692,ETH,DEU,851440
5096819,74,61,9335,2011,0.0,399550.0,1.7488830000000002,0.890934,FIN,DEU,851440
5096820,77,61,9335,2011,2939840.0,10179458.0,1.532054,0.09339299999999999,FRA,DEU,851440
5096821,81,61,9335,2011,1240993.0,1506010.0,1.8048220000000001,0.380141,GBR,DEU,851440
5096822,82,61,9335,2011,0.0,30275.0,-0.07754,-0.35434699999999997,GEO,DEU,851440
5096823,83,61,9335,2011,0.0,2992.0,-0.8627319999999999,-0.608823,GHA,DEU,851440
5096824,90,61,9335,2011,0.0,121237.0,0.138679,1.30044,GRC,DEU,851440
5096825,92,61,9335,2011,0.0,291.0,-0.669044,-0.787142,GRL,DEU,851440
5096826,93,61,9335,2011,0.0,74492.0,-0.329497,0.775369,GTM,DEU,851440
5096827,97,61,9335,2011,0.0,4338922.0,0.663588,1.902118,HKG,DEU,851440
5096828,100,61,9335,2011,12205.0,108452.0,0.868294,0.9424299999999999,HRV,DEU,851440
5096829,102,61,9335,2011,9314.0,445228.0,1.486592,0.805642,HUN,DEU,851440
5096830,103,61,9335,2011,0.0,88217.0,-0.234125,1.168384,IDN,DEU,851440
5096831,104,61,9335,2011,194866.0,9486603.0,0.18276199999999998,2.398765,IND,DEU,851440
5096832,106,61,9335,2011,0.0,77520.0,1.403182,0.290245,IRL,DEU,851440
5096833,107,61,9335,2011,0.0,753240.0,-0.915379,-0.973194,IRN,DEU,851440
5096834,108,61,9335,2011,0.0,269271.0,-2.175137,-0.726975,IRQ,DEU,851440
5096835,109,61,9335,2011,0.0,8881.0,0.284202,-0.23753000000000002,ISL,DEU,851440
5096836,110,61,9335,2011,365879.0,142704.0,1.324384,0.714611,ISR,DEU,851440
5096837,111,61,9335,2011,3828986.0,5281538.0,1.298751,0.48013599999999995,ITA,DEU,851440
5096838,112,61,9335,2011,0.0,34146.0,-0.162212,-0.621817,JAM,DEU,851440
5096839,113,61,9335,2011,41121.0,5753.0,0.231605,0.47049399999999997,JOR,DEU,851440
5096840,114,61,9335,2011,3879752.0,1549817.0,2.516395,-0.534301,JPN,DEU,851440
5096841,115,61,9335,2011,0.0,570520.0,-0.514687,-0.775671,KAZ,DEU,851440
5096842,116,61,9335,2011,0.0,20827.0,-0.48319300000000004,0.346927,KEN,DEU,851440
5096843,117,61,9335,2011,0.0,26842.0,-0.323348,0.164469,KGZ,DEU,851440
5096844,121,61,9335,2011,13961.0,1033120.0,1.731371,0.8306879999999999,KOR,DEU,851440
5096845,122,61,9335,2011,0.0,37644.0,-0.898582,-1.09893,KWT,DEU,851440
5096846,124,61,9335,2011,0.0,46819.0,0.278393,1.2962879999999999,LBN,DEU,851440
5096847,128,61,9335,2011,0.0,25860.0,-0.559311,0.398905,LKA,DEU,851440
5096848,130,61,9335,2011,0.0,46994.0,0.747963,0.9759530000000001,LTU,DEU,851440
5096849,131,61,9335,2011,0.0,47769.0,1.1655739999999999,1.222379,LUX,DEU,851440
5096850,132,61,9335,2011,230891.0,10191.0,0.7320939999999999,1.101321,LVA,DEU,851440
5096851,134,61,9335,2011,0.0,411346.0,-0.485404,0.099828,MAR,DEU,851440
5096852,135,61,9335,2011,0.0,5905.0,-0.225556,0.28622,MDA,DEU,851440
5096853,138,61,9335,2011,8360.0,406670.0,0.9534600000000001,0.706982,MEX,DEU,851440
5096854,140,61,9335,2011,0.0,8593.0,-0.12310499999999999,0.16392,MKD,DEU,851440
5096855,143,61,9335,2011,0.0,42570.0,-1.3557190000000001,-0.929934,MMR,DEU,851440
5096856,144,61,9335,2011,0.0,30900.0,0.149559,0.024935,MNE,DEU,851440
5096857,151,61,9335,2011,0.0,15612.0,-0.09464600000000001,0.091177,MUS,DEU,851440
5096858,153,61,9335,2011,2182.0,562312.0,0.9893290000000001,0.632079,MYS,DEU,851440
5096859,155,61,9335,2011,0.0,12822.0,-0.42998400000000003,-0.632233,NAM,DEU,851440
5096860,159,61,9335,2011,0.0,78961.0,-1.699286,-1.15511,NGA,DEU,851440
5096861,162,61,9335,2011,2878618.0,1540066.0,1.1655229999999999,1.410167,NLD,DEU,851440
5096862,163,61,9335,2011,3065984.0,230695.0,0.8492770000000001,0.050044,NOR,DEU,851440
5096863,166,61,9335,2011,0.0,166151.0,0.372732,0.548601,NZL,DEU,851440
5096864,167,61,9335,2011,0.0,14039.0,-0.473703,-0.952491,OMN,DEU,851440
5096865,168,61,9335,2011,0.0,49681.0,-0.729677,0.6026729999999999,PAK,DEU,851440
5096866,169,61,9335,2011,0.0,18656.0,0.786135,1.061008,PAN,DEU,851440
5096867,173,61,9335,2011,0.0,97894.0,-0.455977,0.442543,PER,DEU,851440
5096868,174,61,9335,2011,0.0,29746.0,0.364707,0.322626,PHL,DEU,851440
5096869,177,61,9335,2011,4638.0,1141981.0,1.133641,1.134203,POL,DEU,851440
5096870,179,61,9335,2011,0.0,143639.0,0.558481,2.7056240000000003,PRT,DEU,851440
5096871,183,61,9335,2011,0.0,126169.0,-0.45851899999999995,-1.017033,QAT,DEU,851440
5096872,185,61,9335,2011,307038.0,728568.0,0.722,1.296655,ROU,DEU,851440
5096873,186,61,9335,2011,0.0,2248767.0,0.47319399999999995,-0.20801599999999998,RUS,DEU,851440
5096874,188,61,9335,2011,0.0,325655.0,0.354045,-0.800028,SAU,DEU,851440
5096875,191,61,9335,2011,0.0,9873.0,-0.624346,-0.308052,SEN,DEU,851440
5096876,192,61,9335,2011,2685.0,346680.0,1.849116,0.52127,SGP,DEU,851440
5096877,197,61,9335,2011,0.0,1648.0,-0.09713200000000001,0.20772600000000002,SLV,DEU,851440
5096878,201,61,9335,2011,0.0,276555.0,0.49055699999999997,1.5601399999999999,SRB,DEU,851440
5096879,206,61,9335,2011,0.0,1879451.0,1.262897,0.8230569999999999,SVK,DEU,851440
5096880,207,61,9335,2011,0.0,1041516.0,1.642913,0.700222,SVN,DEU,851440
5096881,208,61,9335,2011,80044.0,966444.0,1.857146,0.366159,SWE,DEU,851440
5096882,212,61,9335,2011,0.0,87571.0,-0.604133,0.5268970000000001,SYR,DEU,851440
5096883,216,61,9335,2011,11042.0,314150.0,0.889009,1.503118,THA,DEU,851440
5096884,217,61,9335,2011,0.0,31098.0,-0.975877,-1.021684,TJK,DEU,851440
5096885,219,61,9335,2011,0.0,150596.0,-1.549495,-1.202504,TKM,DEU,851440
5096886,223,61,9335,2011,0.0,456409.0,0.151221,1.1252360000000001,TUN,DEU,851440
5096887,224,61,9335,2011,22745.0,2687420.0,0.45775,2.4316259999999996,TUR,DEU,851440
5096888,227,61,9335,2011,0.0,28769.0,-0.7153,-0.062678,UGA,DEU,851440
5096889,228,61,9335,2011,0.0,299597.0,0.6221409999999999,0.765505,UKR,DEU,851440
5096890,231,61,9335,2011,4154864.0,25142052.0,1.6884849999999998,-0.474499,USA,DEU,851440
5096891,232,61,9335,2011,0.0,79513.0,-0.785878,-0.663918,UZB,DEU,851440
5096892,236,61,9335,2011,0.0,39117.0,-0.841147,-1.095636,VEN,DEU,851440
5096893,237,61,9335,2011,0.0,9743.0,0.780217,-0.010428,VGB,DEU,851440
5096894,239,61,9335,2011,0.0,1012928.0,-0.184453,1.637207,VNM,DEU,851440
5096895,243,61,9335,2011,0.0,606.0,-1.44127,-1.242875,YEM,DEU,851440
5096896,246,61,9335,2011,134498.0,1195597.0,0.241792,1.353011,ZAF,DEU,851440
5096897,249,61,9335,2011,58145.0,245451.0,1.803234,0.921233,TWN,DEU,851440
5096898,14,64,9335,2011,0.0,2262.0,-0.138148,0.002999,AUS,DNK,851440
5096899,15,64,9335,2011,0.0,2690.0,1.687634,-0.229095,AUT,DNK,851440
5096900,18,64,9335,2011,65929.0,0.0,1.221703,1.247961,BEL,DNK,851440
5096901,23,64,9335,2011,0.0,1440.0,0.537967,1.520973,BGR,DNK,851440
5096902,24,64,9335,2011,0.0,6398.0,0.04085,-0.873711,BHR,DNK,851440
5096903,39,64,9335,2011,2517.0,8923.0,0.754813,1.1967290000000002,CAN,DNK,851440
5096904,41,64,9335,2011,3000.0,4094.0,2.2644029999999997,0.406131,CHE,DNK,851440
5096905,43,64,9335,2011,64611.0,442318.0,1.072299,1.686826,CHN,DNK,851440
5096906,49,64,9335,2011,0.0,70507.0,0.14336600000000002,-0.22996,COL,DNK,851440
5096907,61,64,9335,2011,448041.0,0.0,2.074435,-3.440815,DEU,DNK,851440
5096908,68,64,9335,2011,0.0,19496.0,-0.166243,1.384719,EGY,DNK,851440
5096909,71,64,9335,2011,4821.0,0.0,0.8677290000000001,2.4618450000000003,ESP,DNK,851440
5096910,74,64,9335,2011,0.0,39130.0,1.7488830000000002,0.890934,FIN,DNK,851440
5096911,77,64,9335,2011,5086.0,0.0,1.532054,0.09339299999999999,FRA,DNK,851440
5096912,78,64,9335,2011,0.0,3281.0,-0.733444,-0.8242229999999999,FRO,DNK,851440
5096913,81,64,9335,2011,223870.0,0.0,1.8048220000000001,0.380141,GBR,DNK,851440
5096914,92,64,9335,2011,0.0,2301.0,-0.669044,-0.787142,GRL,DNK,851440
5096915,104,64,9335,2011,0.0,8474.0,0.18276199999999998,2.398765,IND,DNK,851440
5096916,106,64,9335,2011,0.0,15677.0,1.403182,0.290245,IRL,DNK,851440
5096917,109,64,9335,2011,0.0,10233.0,0.284202,-0.23753000000000002,ISL,DNK,851440
5096918,111,64,9335,2011,6594.0,0.0,1.298751,0.48013599999999995,ITA,DNK,851440
5096919,138,64,9335,2011,0.0,2591.0,0.9534600000000001,0.706982,MEX,DNK,851440
5096920,153,64,9335,2011,0.0,6846.0,0.9893290000000001,0.632079,MYS,DNK,851440
5096921,162,64,9335,2011,10157.0,19586.0,1.1655229999999999,1.410167,NLD,DNK,851440
5096922,163,64,9335,2011,1244334.0,63652.0,0.8492770000000001,0.050044,NOR,DNK,851440
5096923,192,64,9335,2011,5184.0,0.0,1.849116,0.52127,SGP,DNK,851440
5096924,208,64,9335,2011,191082.0,2769.0,1.857146,0.366159,SWE,DNK,851440
5096925,224,64,9335,2011,1879.0,0.0,0.45775,2.4316259999999996,TUR,DNK,851440
5096926,231,64,9335,2011,21342.0,20467.0,1.6884849999999998,-0.474499,USA,DNK,851440
5096927,249,64,9335,2011,0.0,3393.0,1.803234,0.921233,TWN,DNK,851440
5096928,8,65,9335,2011,9139.0,0.0,0.240494,0.540376,ARG,DOM,851440
5096929,18,65,9335,2011,1882.0,0.0,1.221703,1.247961,BEL,DOM,851440
5096930,43,65,9335,2011,2963.0,0.0,1.072299,1.686826,CHN,DOM,851440
5096931,61,65,9335,2011,2793.0,0.0,2.074435,-3.440815,DEU,DOM,851440
5096932,71,65,9335,2011,34929.0,0.0,0.8677290000000001,2.4618450000000003,ESP,DOM,851440
5096933,111,65,9335,2011,717.0,0.0,1.298751,0.48013599999999995,ITA,DOM,851440
5096934,138,65,9335,2011,1419.0,0.0,0.9534600000000001,0.706982,MEX,DOM,851440
5096935,231,65,9335,2011,41350.0,0.0,1.6884849999999998,-0.474499,USA,DOM,851440
5096936,249,65,9335,2011,6657.0,0.0,1.803234,0.921233,TWN,DOM,851440
5096937,18,67,9335,2011,2146.0,0.0,1.221703,1.247961,BEL,ECU,851440
5096938,39,67,9335,2011,5483.0,0.0,0.754813,1.1967290000000002,CAN,ECU,851440
5096939,43,67,9335,2011,31601.0,0.0,1.072299,1.686826,CHN,ECU,851440
5096940,61,67,9335,2011,45381.0,0.0,2.074435,-3.440815,DEU,ECU,851440
5096941,71,67,9335,2011,3676.0,0.0,0.8677290000000001,2.4618450000000003,ESP,ECU,851440
5096942,77,67,9335,2011,1869.0,0.0,1.532054,0.09339299999999999,FRA,ECU,851440
5096943,111,67,9335,2011,25155.0,0.0,1.298751,0.48013599999999995,ITA,ECU,851440
5096944,138,67,9335,2011,16947.0,0.0,0.9534600000000001,0.706982,MEX,ECU,851440
5096945,162,67,9335,2011,3712.0,0.0,1.1655229999999999,1.410167,NLD,ECU,851440
5096946,231,67,9335,2011,238817.0,0.0,1.6884849999999998,-0.474499,USA,ECU,851440
5096947,2,71,9335,2011,0.0,1257.0,-1.252991,-1.132314,AGO,ESP,851440
5096948,5,71,9335,2011,0.0,153917.0,0.787289,0.484512,AND,ESP,851440
5096949,8,71,9335,2011,0.0,92516.0,0.240494,0.540376,ARG,ESP,851440
5096950,18,71,9335,2011,71436.0,9699.0,1.221703,1.247961,BEL,ESP,851440
5096951,32,71,9335,2011,0.0,188458.0,0.27718400000000004,0.5674319999999999,BRA,ESP,851440
5096952,39,71,9335,2011,6507.0,3521.0,0.754813,1.1967290000000002,CAN,ESP,851440
5096953,41,71,9335,2011,7128.0,0.0,2.2644029999999997,0.406131,CHE,ESP,851440
5096954,42,71,9335,2011,0.0,21595.0,-0.199877,-0.353009,CHL,ESP,851440
5096955,43,71,9335,2011,95401.0,1045348.0,1.072299,1.686826,CHN,ESP,851440
5096956,49,71,9335,2011,0.0,1533.0,0.14336600000000002,-0.22996,COL,ESP,851440
5096957,52,71,9335,2011,0.0,19334.0,0.04325,-0.553193,CRI,ESP,851440
5096958,54,71,9335,2011,0.0,285072.0,-0.050093,-0.88759,CUB,ESP,851440
5096959,59,71,9335,2011,0.0,1045709.0,1.737788,0.14741600000000002,CZE,ESP,851440
5096960,61,71,9335,2011,3920557.0,6716254.0,2.074435,-3.440815,DEU,ESP,851440
5096961,64,71,9335,2011,0.0,4821.0,1.156026,1.2248299999999999,DNK,ESP,851440
5096962,65,71,9335,2011,0.0,34929.0,-0.260653,0.5682010000000001,DOM,ESP,851440
5096963,66,71,9335,2011,0.0,4708.0,-1.36763,-1.140594,DZA,ESP,851440
5096964,67,71,9335,2011,0.0,3676.0,-0.8250639999999999,-0.839082,ECU,ESP,851440
5096965,74,71,9335,2011,1170212.0,5009.0,1.7488830000000002,0.890934,FIN,ESP,851440
5096966,77,71,9335,2011,516860.0,986185.0,1.532054,0.09339299999999999,FRA,ESP,851440
5096967,81,71,9335,2011,499968.0,0.0,1.8048220000000001,0.380141,GBR,ESP,851440
5096968,83,71,9335,2011,0.0,5765.0,-0.8627319999999999,-0.608823,GHA,ESP,851440
5096969,93,71,9335,2011,0.0,11595.0,-0.329497,0.775369,GTM,ESP,851440
5096970,97,71,9335,2011,0.0,12855.0,0.663588,1.902118,HKG,ESP,851440
5096971,99,71,9335,2011,0.0,2075.0,-0.740241,-0.311952,HND,ESP,851440
5096972,104,71,9335,2011,0.0,10727.0,0.18276199999999998,2.398765,IND,ESP,851440
5096973,110,71,9335,2011,0.0,4378.0,1.324384,0.714611,ISR,ESP,851440
5096974,111,71,9335,2011,802368.0,598049.0,1.298751,0.48013599999999995,ITA,ESP,851440
5096975,114,71,9335,2011,108730.0,59106.0,2.516395,-0.534301,JPN,ESP,851440
5096976,121,71,9335,2011,12506.0,0.0,1.731371,0.8306879999999999,KOR,ESP,851440
5096977,134,71,9335,2011,0.0,396630.0,-0.485404,0.099828,MAR,ESP,851440
5096978,138,71,9335,2011,119548.0,335031.0,0.9534600000000001,0.706982,MEX,ESP,851440
5096979,162,71,9335,2011,84782.0,0.0,1.1655229999999999,1.410167,NLD,ESP,851440
5096980,163,71,9335,2011,114330.0,49332.0,0.8492770000000001,0.050044,NOR,ESP,851440
5096981,169,71,9335,2011,0.0,42078.0,0.786135,1.061008,PAN,ESP,851440
5096982,173,71,9335,2011,0.0,2012.0,-0.455977,0.442543,PER,ESP,851440
5096983,177,71,9335,2011,6705.0,108922.0,1.133641,1.134203,POL,ESP,851440
5096984,179,71,9335,2011,4343.0,12684.0,0.558481,2.7056240000000003,PRT,ESP,851440
5096985,185,71,9335,2011,0.0,2189.0,0.722,1.296655,ROU,ESP,851440
5096986,201,71,9335,2011,0.0,8937.0,0.49055699999999997,1.5601399999999999,SRB,ESP,851440
5096987,206,71,9335,2011,0.0,919723.0,1.262897,0.8230569999999999,SVK,ESP,851440
5096988,208,71,9335,2011,0.0,2589388.0,1.857146,0.366159,SWE,ESP,851440
5096989,216,71,9335,2011,0.0,605889.0,0.889009,1.503118,THA,ESP,851440
5096990,224,71,9335,2011,0.0,17385.0,0.45775,2.4316259999999996,TUR,ESP,851440
5096991,230,71,9335,2011,0.0,2026.0,0.313195,0.042866,URY,ESP,851440
5096992,231,71,9335,2011,133998.0,146122.0,1.6884849999999998,-0.474499,USA,ESP,851440
5096993,246,71,9335,2011,6551.0,15611.0,0.241792,1.353011,ZAF,ESP,851440
5096994,249,71,9335,2011,13405.0,0.0,1.803234,0.921233,TWN,ESP,851440
5096995,18,74,9335,2011,39869.0,48479.0,1.221703,1.247961,BEL,FIN,851440
5096996,39,74,9335,2011,13782.0,0.0,0.754813,1.1967290000000002,CAN,FIN,851440
5096997,41,74,9335,2011,14244.0,0.0,2.2644029999999997,0.406131,CHE,FIN,851440
5096998,43,74,9335,2011,46072.0,45395.0,1.072299,1.686826,CHN,FIN,851440
5096999,59,74,9335,2011,0.0,445774.0,1.737788,0.14741600000000002,CZE,FIN,851440
5097000,61,74,9335,2011,399550.0,0.0,2.074435,-3.440815,DEU,FIN,851440
5097001,64,74,9335,2011,39130.0,0.0,1.156026,1.2248299999999999,DNK,FIN,851440
5097002,71,74,9335,2011,5009.0,1170212.0,0.8677290000000001,2.4618450000000003,ESP,FIN,851440
5097003,72,74,9335,2011,4385.0,5149.0,0.9806790000000001,1.110449,EST,FIN,851440
5097004,77,74,9335,2011,41722.0,26590.0,1.532054,0.09339299999999999,FRA,FIN,851440
5097005,81,74,9335,2011,25797.0,0.0,1.8048220000000001,0.380141,GBR,FIN,851440
5097006,103,74,9335,2011,0.0,2769.0,-0.234125,1.168384,IDN,FIN,851440
5097007,104,74,9335,2011,0.0,78291.0,0.18276199999999998,2.398765,IND,FIN,851440
5097008,111,74,9335,2011,97714.0,19234.0,1.298751,0.48013599999999995,ITA,FIN,851440
5097009,128,74,9335,2011,0.0,1069.0,-0.559311,0.398905,LKA,FIN,851440
5097010,130,74,9335,2011,0.0,2113.0,0.747963,0.9759530000000001,LTU,FIN,851440
5097011,162,74,9335,2011,15822.0,0.0,1.1655229999999999,1.410167,NLD,FIN,851440
5097012,163,74,9335,2011,1943752.0,90821.0,0.8492770000000001,0.050044,NOR,FIN,851440
5097013,174,74,9335,2011,0.0,65242.0,0.364707,0.322626,PHL,FIN,851440
5097014,179,74,9335,2011,0.0,11213.0,0.558481,2.7056240000000003,PRT,FIN,851440
5097015,186,74,9335,2011,0.0,148190.0,0.47319399999999995,-0.20801599999999998,RUS,FIN,851440
5097016,192,74,9335,2011,0.0,2924.0,1.849116,0.52127,SGP,FIN,851440
5097017,207,74,9335,2011,0.0,1857.0,1.642913,0.700222,SVN,FIN,851440
5097018,208,74,9335,2011,2070540.0,4323.0,1.857146,0.366159,SWE,FIN,851440
5097019,230,74,9335,2011,10601.0,0.0,0.313195,0.042866,URY,FIN,851440
5097020,231,74,9335,2011,97923.0,26795.0,1.6884849999999998,-0.474499,USA,FIN,851440
5097021,2,77,9335,2011,0.0,13140.0,-1.252991,-1.132314,AGO,FRA,851440
5097022,7,77,9335,2011,0.0,27230.0,0.030652,-0.450808,ARE,FRA,851440
5097023,14,77,9335,2011,0.0,118138.0,-0.138148,0.002999,AUS,FRA,851440
5097024,15,77,9335,2011,18420.0,108947.0,1.687634,-0.229095,AUT,FRA,851440
5097025,18,77,9335,2011,230951.0,679435.0,1.221703,1.247961,BEL,FRA,851440
5097026,21,77,9335,2011,0.0,7638.0,-1.163278,-1.002332,BFA,FRA,851440
5097027,32,77,9335,2011,0.0,793429.0,0.27718400000000004,0.5674319999999999,BRA,FRA,851440
5097028,39,77,9335,2011,94514.0,51945.0,0.754813,1.1967290000000002,CAN,FRA,851440
5097029,41,77,9335,2011,1752819.0,478428.0,2.2644029999999997,0.406131,CHE,FRA,851440
5097030,42,77,9335,2011,0.0,33129.0,-0.199877,-0.353009,CHL,FRA,851440
5097031,43,77,9335,2011,515193.0,1555675.0,1.072299,1.686826,CHN,FRA,851440
5097032,44,77,9335,2011,0.0,6742.0,-1.069474,-0.867439,CIV,FRA,851440
5097033,45,77,9335,2011,0.0,1359.0,-0.7956340000000001,-0.8532790000000001,CMR,FRA,851440
5097034,47,77,9335,2011,0.0,13734.0,-0.979359,-1.084589,COG,FRA,851440
5097035,59,77,9335,2011,0.0,5742.0,1.737788,0.14741600000000002,CZE,FRA,851440
5097036,61,77,9335,2011,10179458.0,2939840.0,2.074435,-3.440815,DEU,FRA,851440
5097037,64,77,9335,2011,0.0,5086.0,1.156026,1.2248299999999999,DNK,FRA,851440
5097038,66,77,9335,2011,0.0,107682.0,-1.36763,-1.140594,DZA,FRA,851440
5097039,67,77,9335,2011,0.0,1869.0,-0.8250639999999999,-0.839082,ECU,FRA,851440
5097040,68,77,9335,2011,0.0,5869.0,-0.166243,1.384719,EGY,FRA,851440
5097041,71,77,9335,2011,986185.0,516860.0,0.8677290000000001,2.4618450000000003,ESP,FRA,851440
5097042,74,77,9335,2011,26590.0,41722.0,1.7488830000000002,0.890934,FIN,FRA,851440
5097043,80,77,9335,2011,0.0,14827.0,-1.093784,-1.0849659999999999,GAB,FRA,851440
5097044,81,77,9335,2011,516140.0,305907.0,1.8048220000000001,0.380141,GBR,FRA,851440
5097045,90,77,9335,2011,0.0,24671.0,0.138679,1.30044,GRC,FRA,851440
5097046,102,77,9335,2011,5900.0,0.0,1.486592,0.805642,HUN,FRA,851440
5097047,103,77,9335,2011,0.0,1351.0,-0.234125,1.168384,IDN,FRA,851440
5097048,104,77,9335,2011,1473.0,157192.0,0.18276199999999998,2.398765,IND,FRA,851440
5097049,107,77,9335,2011,0.0,3681.0,-0.915379,-0.973194,IRN,FRA,851440
5097050,110,77,9335,2011,7503.0,14965.0,1.324384,0.714611,ISR,FRA,851440
5097051,111,77,9335,2011,543411.0,994735.0,1.298751,0.48013599999999995,ITA,FRA,851440
5097052,113,77,9335,2011,0.0,4009.0,0.231605,0.47049399999999997,JOR,FRA,851440
5097053,114,77,9335,2011,32868.0,41364.0,2.516395,-0.534301,JPN,FRA,851440
5097054,121,77,9335,2011,13698.0,9386.0,1.731371,0.8306879999999999,KOR,FRA,851440
5097055,124,77,9335,2011,0.0,4338.0,0.278393,1.2962879999999999,LBN,FRA,851440
5097056,128,77,9335,2011,0.0,42505.0,-0.559311,0.398905,LKA,FRA,851440
5097057,130,77,9335,2011,0.0,4524.0,0.747963,0.9759530000000001,LTU,FRA,851440
5097058,131,77,9335,2011,0.0,6422.0,1.1655739999999999,1.222379,LUX,FRA,851440
5097059,134,77,9335,2011,0.0,20572.0,-0.485404,0.099828,MAR,FRA,851440
5097060,138,77,9335,2011,74674.0,18651.0,0.9534600000000001,0.706982,MEX,FRA,851440
5097061,141,77,9335,2011,0.0,1862.0,-0.6778109999999999,-0.653211,MLI,FRA,851440
5097062,151,77,9335,2011,0.0,1078.0,-0.09464600000000001,0.091177,MUS,FRA,851440
5097063,153,77,9335,2011,0.0,42970.0,0.9893290000000001,0.632079,MYS,FRA,851440
5097064,154,77,9335,2011,0.0,5953.0,0.804635,-0.312227,MYT,FRA,851440
5097065,156,77,9335,2011,0.0,12668.0,-0.976349,-0.798691,NCL,FRA,851440
5097066,157,77,9335,2011,0.0,24024.0,-0.85208,-0.731996,NER,FRA,851440
5097067,159,77,9335,2011,0.0,1050.0,-1.699286,-1.15511,NGA,FRA,851440
5097068,160,77,9335,2011,0.0,945.0,-0.9592139999999999,-0.796108,NIC,FRA,851440
5097069,162,77,9335,2011,2237879.0,579214.0,1.1655229999999999,1.410167,NLD,FRA,851440
5097070,163,77,9335,2011,482397.0,53015.0,0.8492770000000001,0.050044,NOR,FRA,851440
5097071,166,77,9335,2011,0.0,59734.0,0.372732,0.548601,NZL,FRA,851440
5097072,167,77,9335,2011,0.0,1671.0,-0.473703,-0.952491,OMN,FRA,851440
5097073,168,77,9335,2011,0.0,8732.0,-0.729677,0.6026729999999999,PAK,FRA,851440
5097074,177,77,9335,2011,0.0,134047.0,1.133641,1.134203,POL,FRA,851440
5097075,179,77,9335,2011,30051.0,30004.0,0.558481,2.7056240000000003,PRT,FRA,851440
5097076,183,77,9335,2011,0.0,33378.0,-0.45851899999999995,-1.017033,QAT,FRA,851440
5097077,185,77,9335,2011,0.0,203302.0,0.722,1.296655,ROU,FRA,851440
5097078,186,77,9335,2011,0.0,24239.0,0.47319399999999995,-0.20801599999999998,RUS,FRA,851440
5097079,188,77,9335,2011,0.0,14877.0,0.354045,-0.800028,SAU,FRA,851440
5097080,191,77,9335,2011,0.0,2044.0,-0.624346,-0.308052,SEN,FRA,851440
5097081,192,77,9335,2011,2729.0,13773.0,1.849116,0.52127,SGP,FRA,851440
5097082,206,77,9335,2011,0.0,12642.0,1.262897,0.8230569999999999,SVK,FRA,851440
5097083,207,77,9335,2011,0.0,60577.0,1.642913,0.700222,SVN,FRA,851440
5097084,208,77,9335,2011,142434.0,75167.0,1.857146,0.366159,SWE,FRA,851440
5097085,215,77,9335,2011,0.0,1807.0,-0.9156030000000001,-0.884099,TGO,FRA,851440
5097086,216,77,9335,2011,99536.0,0.0,0.889009,1.503118,THA,FRA,851440
5097087,223,77,9335,2011,35859.0,153735.0,0.151221,1.1252360000000001,TUN,FRA,851440
5097088,224,77,9335,2011,0.0,30995.0,0.45775,2.4316259999999996,TUR,FRA,851440
5097089,228,77,9335,2011,0.0,20005.0,0.6221409999999999,0.765505,UKR,FRA,851440
5097090,231,77,9335,2011,2296265.0,1409297.0,1.6884849999999998,-0.474499,USA,FRA,851440
5097091,246,77,9335,2011,17779.0,35233.0,0.241792,1.353011,ZAF,FRA,851440
5097092,249,77,9335,2011,5415.0,58582.0,1.803234,0.921233,TWN,FRA,851440
5097093,250,77,9335,2011,26266.0,0.0,0.475638,-0.160135,ANS,FRA,851440
5097094,2,81,9335,2011,0.0,21304.0,-1.252991,-1.132314,AGO,GBR,851440
5097095,4,81,9335,2011,0.0,24331.0,-0.331435,-0.034828,ALB,GBR,851440
5097096,7,81,9335,2011,0.0,2396864.0,0.030652,-0.450808,ARE,GBR,851440
5097097,8,81,9335,2011,0.0,18322.0,0.240494,0.540376,ARG,GBR,851440
5097098,14,81,9335,2011,212014.0,783662.0,-0.138148,0.002999,AUS,GBR,851440
5097099,15,81,9335,2011,7906.0,346664.0,1.687634,-0.229095,AUT,GBR,851440
5097100,16,81,9335,2011,0.0,261354.0,-1.313136,-1.189989,AZE,GBR,851440
5097101,18,81,9335,2011,99898.0,874222.0,1.221703,1.247961,BEL,GBR,851440
5097102,21,81,9335,2011,0.0,384.0,-1.163278,-1.002332,BFA,GBR,851440
5097103,22,81,9335,2011,0.0,34059.0,-1.074416,-0.8276370000000001,BGD,GBR,851440
5097104,23,81,9335,2011,0.0,5444.0,0.537967,1.520973,BGR,GBR,851440
5097105,24,81,9335,2011,0.0,355028.0,0.04085,-0.873711,BHR,GBR,851440
5097106,28,81,9335,2011,0.0,15362.0,0.8786729999999999,0.442097,BLR,GBR,851440
5097107,32,81,9335,2011,0.0,118657.0,0.27718400000000004,0.5674319999999999,BRA,GBR,851440
5097108,37,81,9335,2011,0.0,2405.0,-0.48782600000000004,-1.051639,BWA,GBR,851440
5097109,39,81,9335,2011,32085.0,196170.0,0.754813,1.1967290000000002,CAN,GBR,851440
5097110,41,81,9335,2011,118943.0,1100613.0,2.2644029999999997,0.406131,CHE,GBR,851440
5097111,42,81,9335,2011,0.0,1602.0,-0.199877,-0.353009,CHL,GBR,851440
5097112,43,81,9335,2011,936431.0,5314848.0,1.072299,1.686826,CHN,GBR,851440
5097113,45,81,9335,2011,0.0,32259.0,-0.7956340000000001,-0.8532790000000001,CMR,GBR,851440
5097114,49,81,9335,2011,0.0,48126.0,0.14336600000000002,-0.22996,COL,GBR,851440
5097115,54,81,9335,2011,0.0,176304.0,-0.050093,-0.88759,CUB,GBR,851440
5097116,58,81,9335,2011,0.0,61955.0,0.798165,0.424179,CYP,GBR,851440
5097117,59,81,9335,2011,1726.0,72249.0,1.737788,0.14741600000000002,CZE,GBR,851440
5097118,61,81,9335,2011,1506010.0,1240993.0,2.074435,-3.440815,DEU,GBR,851440
5097119,64,81,9335,2011,0.0,223870.0,1.156026,1.2248299999999999,DNK,GBR,851440
5097120,66,81,9335,2011,0.0,55740.0,-1.36763,-1.140594,DZA,GBR,851440
5097121,68,81,9335,2011,0.0,150790.0,-0.166243,1.384719,EGY,GBR,851440
5097122,71,81,9335,2011,0.0,499968.0,0.8677290000000001,2.4618450000000003,ESP,GBR,851440
5097123,72,81,9335,2011,0.0,85020.0,0.9806790000000001,1.110449,EST,GBR,851440
5097124,74,81,9335,2011,0.0,25797.0,1.7488830000000002,0.890934,FIN,GBR,851440
5097125,77,81,9335,2011,305907.0,516140.0,1.532054,0.09339299999999999,FRA,GBR,851440
5097126,80,81,9335,2011,0.0,38479.0,-1.093784,-1.0849659999999999,GAB,GBR,851440
5097127,83,81,9335,2011,0.0,24519.0,-0.8627319999999999,-0.608823,GHA,GBR,851440
5097128,90,81,9335,2011,0.0,55236.0,0.138679,1.30044,GRC,GBR,851440
5097129,97,81,9335,2011,0.0,33643.0,0.663588,1.902118,HKG,GBR,851440
5097130,100,81,9335,2011,0.0,12823.0,0.868294,0.9424299999999999,HRV,GBR,851440
5097131,102,81,9335,2011,0.0,2021.0,1.486592,0.805642,HUN,GBR,851440
5097132,103,81,9335,2011,0.0,71085.0,-0.234125,1.168384,IDN,GBR,851440
5097133,104,81,9335,2011,85438.0,685278.0,0.18276199999999998,2.398765,IND,GBR,851440
5097134,106,81,9335,2011,1394.0,217231.0,1.403182,0.290245,IRL,GBR,851440
5097135,108,81,9335,2011,0.0,27559.0,-2.175137,-0.726975,IRQ,GBR,851440
5097136,109,81,9335,2011,0.0,3026.0,0.284202,-0.23753000000000002,ISL,GBR,851440
5097137,110,81,9335,2011,27767.0,93871.0,1.324384,0.714611,ISR,GBR,851440
5097138,111,81,9335,2011,264513.0,526876.0,1.298751,0.48013599999999995,ITA,GBR,851440
5097139,113,81,9335,2011,0.0,35540.0,0.231605,0.47049399999999997,JOR,GBR,851440
5097140,114,81,9335,2011,1635459.0,76039.0,2.516395,-0.534301,JPN,GBR,851440
5097141,121,81,9335,2011,4568.0,24508.0,1.731371,0.8306879999999999,KOR,GBR,851440
5097142,122,81,9335,2011,0.0,493812.0,-0.898582,-1.09893,KWT,GBR,851440
5097143,124,81,9335,2011,0.0,3422.0,0.278393,1.2962879999999999,LBN,GBR,851440
5097144,126,81,9335,2011,0.0,2482.0,-1.680464,-1.148511,LBY,GBR,851440
5097145,128,81,9335,2011,0.0,9517.0,-0.559311,0.398905,LKA,GBR,851440
5097146,130,81,9335,2011,5017.0,554879.0,0.747963,0.9759530000000001,LTU,GBR,851440
5097147,131,81,9335,2011,0.0,1378.0,1.1655739999999999,1.222379,LUX,GBR,851440
5097148,132,81,9335,2011,0.0,4374.0,0.7320939999999999,1.101321,LVA,GBR,851440
5097149,137,81,9335,2011,0.0,27363.0,-0.937469,-0.87897,MDV,GBR,851440
5097150,138,81,9335,2011,259178.0,94962.0,0.9534600000000001,0.706982,MEX,GBR,851440
5097151,140,81,9335,2011,0.0,5835.0,-0.12310499999999999,0.16392,MKD,GBR,851440
5097152,148,81,9335,2011,0.0,1453.0,-1.2593379999999998,-1.1793209999999998,MRT,GBR,851440
5097153,151,81,9335,2011,0.0,1629.0,-0.09464600000000001,0.091177,MUS,GBR,851440
5097154,153,81,9335,2011,84346.0,1131113.0,0.9893290000000001,0.632079,MYS,GBR,851440
5097155,156,81,9335,2011,0.0,910.0,-0.976349,-0.798691,NCL,GBR,851440
5097156,159,81,9335,2011,0.0,36922.0,-1.699286,-1.15511,NGA,GBR,851440
5097157,160,81,9335,2011,0.0,515.0,-0.9592139999999999,-0.796108,NIC,GBR,851440
5097158,162,81,9335,2011,72973.0,915895.0,1.1655229999999999,1.410167,NLD,GBR,851440
5097159,163,81,9335,2011,447611.0,528642.0,0.8492770000000001,0.050044,NOR,GBR,851440
5097160,166,81,9335,2011,0.0,41754.0,0.372732,0.548601,NZL,GBR,851440
5097161,167,81,9335,2011,0.0,87031.0,-0.473703,-0.952491,OMN,GBR,851440
5097162,168,81,9335,2011,0.0,6799.0,-0.729677,0.6026729999999999,PAK,GBR,851440
5097163,173,81,9335,2011,0.0,49706.0,-0.455977,0.442543,PER,GBR,851440
5097164,174,81,9335,2011,0.0,26533.0,0.364707,0.322626,PHL,GBR,851440
5097165,177,81,9335,2011,135076.0,42718.0,1.133641,1.134203,POL,GBR,851440
5097166,179,81,9335,2011,0.0,126438.0,0.558481,2.7056240000000003,PRT,GBR,851440
5097167,183,81,9335,2011,0.0,367685.0,-0.45851899999999995,-1.017033,QAT,GBR,851440
5097168,185,81,9335,2011,0.0,54642.0,0.722,1.296655,ROU,GBR,851440
5097169,186,81,9335,2011,0.0,204232.0,0.47319399999999995,-0.20801599999999998,RUS,GBR,851440
5097170,188,81,9335,2011,6854.0,1324908.0,0.354045,-0.800028,SAU,GBR,851440
5097171,190,81,9335,2011,0.0,3541.0,-2.1675869999999997,-1.249272,SDN,GBR,851440
5097172,192,81,9335,2011,24667.0,370805.0,1.849116,0.52127,SGP,GBR,851440
5097173,207,81,9335,2011,0.0,1141.0,1.642913,0.700222,SVN,GBR,851440
5097174,208,81,9335,2011,23386.0,514865.0,1.857146,0.366159,SWE,GBR,851440
5097175,216,81,9335,2011,0.0,132227.0,0.889009,1.503118,THA,GBR,851440
5097176,224,81,9335,2011,1493091.0,72988.0,0.45775,2.4316259999999996,TUR,GBR,851440
5097177,227,81,9335,2011,0.0,20898.0,-0.7153,-0.062678,UGA,GBR,851440
5097178,228,81,9335,2011,0.0,1399.0,0.6221409999999999,0.765505,UKR,GBR,851440
5097179,231,81,9335,2011,3480731.0,1311066.0,1.6884849999999998,-0.474499,USA,GBR,851440
5097180,236,81,9335,2011,0.0,11286.0,-0.841147,-1.095636,VEN,GBR,851440
5097181,239,81,9335,2011,0.0,216437.0,-0.184453,1.637207,VNM,GBR,851440
5097182,246,81,9335,2011,28992.0,1040301.0,0.241792,1.353011,ZAF,GBR,851440
5097183,249,81,9335,2011,650848.0,16132.0,1.803234,0.921233,TWN,GBR,851440
5097184,18,90,9335,2011,17316.0,0.0,1.221703,1.247961,BEL,GRC,851440
5097185,23,90,9335,2011,285917.0,0.0,0.537967,1.520973,BGR,GRC,851440
5097186,28,90,9335,2011,3332.0,0.0,0.8786729999999999,0.442097,BLR,GRC,851440
5097187,39,90,9335,2011,1908.0,0.0,0.754813,1.1967290000000002,CAN,GRC,851440
5097188,43,90,9335,2011,70053.0,0.0,1.072299,1.686826,CHN,GRC,851440
5097189,45,90,9335,2011,0.0,340.0,-0.7956340000000001,-0.8532790000000001,CMR,GRC,851440
5097190,58,90,9335,2011,1961.0,14220.0,0.798165,0.424179,CYP,GRC,851440
5097191,61,90,9335,2011,121237.0,0.0,2.074435,-3.440815,DEU,GRC,851440
5097192,72,90,9335,2011,0.0,824.0,0.9806790000000001,1.110449,EST,GRC,851440
5097193,77,90,9335,2011,24671.0,0.0,1.532054,0.09339299999999999,FRA,GRC,851440
5097194,81,90,9335,2011,55236.0,0.0,1.8048220000000001,0.380141,GBR,GRC,851440
5097195,111,90,9335,2011,16794.0,26226.0,1.298751,0.48013599999999995,ITA,GRC,851440
5097196,114,90,9335,2011,30217.0,0.0,2.516395,-0.534301,JPN,GRC,851440
5097197,140,90,9335,2011,0.0,1389.0,-0.12310499999999999,0.16392,MKD,GRC,851440
5097198,162,90,9335,2011,15446.0,0.0,1.1655229999999999,1.410167,NLD,GRC,851440
5097199,177,90,9335,2011,27286.0,0.0,1.133641,1.134203,POL,GRC,851440
5097200,231,90,9335,2011,44303.0,0.0,1.6884849999999998,-0.474499,USA,GRC,851440
5097201,249,90,9335,2011,18408.0,0.0,1.803234,0.921233,TWN,GRC,851440
5097202,18,93,9335,2011,5466.0,0.0,1.221703,1.247961,BEL,GTM,851440
5097203,32,93,9335,2011,9613.0,0.0,0.27718400000000004,0.5674319999999999,BRA,GTM,851440
5097204,43,93,9335,2011,2350.0,0.0,1.072299,1.686826,CHN,GTM,851440
5097205,61,93,9335,2011,74492.0,0.0,2.074435,-3.440815,DEU,GTM,851440
5097206,71,93,9335,2011,11595.0,0.0,0.8677290000000001,2.4618450000000003,ESP,GTM,851440
5097207,111,93,9335,2011,19622.0,0.0,1.298751,0.48013599999999995,ITA,GTM,851440
5097208,138,93,9335,2011,4168.0,0.0,0.9534600000000001,0.706982,MEX,GTM,851440
5097209,197,93,9335,2011,0.0,1239.0,-0.09713200000000001,0.20772600000000002,SLV,GTM,851440
5097210,231,93,9335,2011,169216.0,0.0,1.6884849999999998,-0.474499,USA,GTM,851440
5097211,231,96,9335,2011,15659.0,0.0,1.6884849999999998,-0.474499,USA,GUY,851440
5097212,14,97,9335,2011,8832.0,12809.0,-0.138148,0.002999,AUS,HKG,851440
5097213,39,97,9335,2011,9143.0,0.0,0.754813,1.1967290000000002,CAN,HKG,851440
5097214,41,97,9335,2011,33725.0,0.0,2.2644029999999997,0.406131,CHE,HKG,851440
5097215,42,97,9335,2011,0.0,23512.0,-0.199877,-0.353009,CHL,HKG,851440
5097216,43,97,9335,2011,1810833.0,76507.0,1.072299,1.686826,CHN,HKG,851440
5097217,61,97,9335,2011,4338922.0,0.0,2.074435,-3.440815,DEU,HKG,851440
5097218,68,97,9335,2011,0.0,2609.0,-0.166243,1.384719,EGY,HKG,851440
5097219,71,97,9335,2011,12855.0,0.0,0.8677290000000001,2.4618450000000003,ESP,HKG,851440
5097220,81,97,9335,2011,33643.0,0.0,1.8048220000000001,0.380141,GBR,HKG,851440
5097221,104,97,9335,2011,0.0,29923.0,0.18276199999999998,2.398765,IND,HKG,851440
5097222,106,97,9335,2011,0.0,2944.0,1.403182,0.290245,IRL,HKG,851440
5097223,110,97,9335,2011,0.0,14584.0,1.324384,0.714611,ISR,HKG,851440
5097224,111,97,9335,2011,40492.0,29932.0,1.298751,0.48013599999999995,ITA,HKG,851440
5097225,114,97,9335,2011,192112.0,0.0,2.516395,-0.534301,JPN,HKG,851440
5097226,118,97,9335,2011,0.0,6357.0,-1.162858,-1.103539,KHM,HKG,851440
5097227,121,97,9335,2011,31716.0,3861.0,1.731371,0.8306879999999999,KOR,HKG,851440
5097228,128,97,9335,2011,0.0,2858.0,-0.559311,0.398905,LKA,HKG,851440
5097229,153,97,9335,2011,0.0,133121.0,0.9893290000000001,0.632079,MYS,HKG,851440
5097230,162,97,9335,2011,10905.0,0.0,1.1655229999999999,1.410167,NLD,HKG,851440
5097231,163,97,9335,2011,120044.0,0.0,0.8492770000000001,0.050044,NOR,HKG,851440
5097232,168,97,9335,2011,0.0,3359.0,-0.729677,0.6026729999999999,PAK,HKG,851440
5097233,174,97,9335,2011,382410.0,14773.0,0.364707,0.322626,PHL,HKG,851440
5097234,177,97,9335,2011,0.0,2034.0,1.133641,1.134203,POL,HKG,851440
5097235,192,97,9335,2011,27772.0,26467.0,1.849116,0.52127,SGP,HKG,851440
5097236,208,97,9335,2011,0.0,1476.0,1.857146,0.366159,SWE,HKG,851440
5097237,231,97,9335,2011,960022.0,36847.0,1.6884849999999998,-0.474499,USA,HKG,851440
5097238,249,97,9335,2011,20279.0,0.0,1.803234,0.921233,TWN,HKG,851440
5097239,18,99,9335,2011,2459.0,0.0,1.221703,1.247961,BEL,HND,851440
5097240,42,99,9335,2011,1737.0,0.0,-0.199877,-0.353009,CHL,HND,851440
5097241,71,99,9335,2011,2075.0,0.0,0.8677290000000001,2.4618450000000003,ESP,HND,851440
5097242,231,99,9335,2011,40761.0,0.0,1.6884849999999998,-0.474499,USA,HND,851440
5097243,14,103,9335,2011,44894.0,0.0,-0.138148,0.002999,AUS,IDN,851440
5097244,15,103,9335,2011,5384.0,0.0,1.687634,-0.229095,AUT,IDN,851440
5097245,39,103,9335,2011,3291.0,0.0,0.754813,1.1967290000000002,CAN,IDN,851440
5097246,43,103,9335,2011,656578.0,20976.0,1.072299,1.686826,CHN,IDN,851440
5097247,61,103,9335,2011,88217.0,0.0,2.074435,-3.440815,DEU,IDN,851440
5097248,73,103,9335,2011,0.0,432.0,-1.258175,-0.920692,ETH,IDN,851440
5097249,74,103,9335,2011,2769.0,0.0,1.7488830000000002,0.890934,FIN,IDN,851440
5097250,77,103,9335,2011,1351.0,0.0,1.532054,0.09339299999999999,FRA,IDN,851440
5097251,81,103,9335,2011,71085.0,0.0,1.8048220000000001,0.380141,GBR,IDN,851440
5097252,104,103,9335,2011,7058.0,72216.0,0.18276199999999998,2.398765,IND,IDN,851440
5097253,111,103,9335,2011,3510.0,0.0,1.298751,0.48013599999999995,ITA,IDN,851440
5097254,114,103,9335,2011,5924636.0,30341.0,2.516395,-0.534301,JPN,IDN,851440
5097255,121,103,9335,2011,480720.0,0.0,1.731371,0.8306879999999999,KOR,IDN,851440
5097256,153,103,9335,2011,36763.0,0.0,0.9893290000000001,0.632079,MYS,IDN,851440
5097257,162,103,9335,2011,17978.0,0.0,1.1655229999999999,1.410167,NLD,IDN,851440
5097258,163,103,9335,2011,24513.0,0.0,0.8492770000000001,0.050044,NOR,IDN,851440
5097259,174,103,9335,2011,27635.0,0.0,0.364707,0.322626,PHL,IDN,851440
5097260,192,103,9335,2011,221751.0,0.0,1.849116,0.52127,SGP,IDN,851440
5097261,216,103,9335,2011,12194.0,31192.0,0.889009,1.503118,THA,IDN,851440
5097262,231,103,9335,2011,86449.0,0.0,1.6884849999999998,-0.474499,USA,IDN,851440
5097263,249,103,9335,2011,3172225.0,0.0,1.803234,0.921233,TWN,IDN,851440
5097264,2,104,9335,2011,0.0,3311.0,-1.252991,-1.132314,AGO,IND,851440
5097265,7,104,9335,2011,0.0,186221.0,0.030652,-0.450808,ARE,IND,851440
5097266,14,104,9335,2011,11471.0,64692.0,-0.138148,0.002999,AUS,IND,851440
5097267,15,104,9335,2011,8885.0,3234.0,1.687634,-0.229095,AUT,IND,851440
5097268,18,104,9335,2011,17781.0,7590.0,1.221703,1.247961,BEL,IND,851440
5097269,22,104,9335,2011,0.0,70147.0,-1.074416,-0.8276370000000001,BGD,IND,851440
5097270,23,104,9335,2011,4563.0,0.0,0.537967,1.520973,BGR,IND,851440
5097271,24,104,9335,2011,0.0,4356.0,0.04085,-0.873711,BHR,IND,851440
5097272,32,104,9335,2011,142621.0,0.0,0.27718400000000004,0.5674319999999999,BRA,IND,851440
5097273,35,104,9335,2011,0.0,10636.0,-0.022021000000000002,-0.5282439999999999,BTN,IND,851440
5097274,37,104,9335,2011,0.0,887.0,-0.48782600000000004,-1.051639,BWA,IND,851440
5097275,39,104,9335,2011,146859.0,0.0,0.754813,1.1967290000000002,CAN,IND,851440
5097276,41,104,9335,2011,52571.0,0.0,2.2644029999999997,0.406131,CHE,IND,851440
5097277,42,104,9335,2011,0.0,3106.0,-0.199877,-0.353009,CHL,IND,851440
5097278,43,104,9335,2011,2725990.0,70059.0,1.072299,1.686826,CHN,IND,851440
5097279,61,104,9335,2011,9486603.0,194866.0,2.074435,-3.440815,DEU,IND,851440
5097280,64,104,9335,2011,8474.0,0.0,1.156026,1.2248299999999999,DNK,IND,851440
5097281,66,104,9335,2011,0.0,1166.0,-1.36763,-1.140594,DZA,IND,851440
5097282,69,104,9335,2011,0.0,4232.0,0.073024,-0.8032229999999999,ERI,IND,851440
5097283,71,104,9335,2011,10727.0,0.0,0.8677290000000001,2.4618450000000003,ESP,IND,851440
5097284,73,104,9335,2011,0.0,4881.0,-1.258175,-0.920692,ETH,IND,851440
5097285,74,104,9335,2011,78291.0,0.0,1.7488830000000002,0.890934,FIN,IND,851440
5097286,77,104,9335,2011,157192.0,1473.0,1.532054,0.09339299999999999,FRA,IND,851440
5097287,81,104,9335,2011,685278.0,85438.0,1.8048220000000001,0.380141,GBR,IND,851440
5097288,83,104,9335,2011,0.0,12937.0,-0.8627319999999999,-0.608823,GHA,IND,851440
5097289,97,104,9335,2011,29923.0,0.0,0.663588,1.902118,HKG,IND,851440
5097290,103,104,9335,2011,72216.0,7058.0,-0.234125,1.168384,IDN,IND,851440
5097291,107,104,9335,2011,0.0,235913.0,-0.915379,-0.973194,IRN,IND,851440
5097292,110,104,9335,2011,0.0,3449.0,1.324384,0.714611,ISR,IND,851440
5097293,111,104,9335,2011,229078.0,19712.0,1.298751,0.48013599999999995,ITA,IND,851440
5097294,113,104,9335,2011,0.0,25833.0,0.231605,0.47049399999999997,JOR,IND,851440
5097295,114,104,9335,2011,493733.0,25941.0,2.516395,-0.534301,JPN,IND,851440
5097296,116,104,9335,2011,0.0,84005.0,-0.48319300000000004,0.346927,KEN,IND,851440
5097297,121,104,9335,2011,297833.0,50086.0,1.731371,0.8306879999999999,KOR,IND,851440
5097298,122,104,9335,2011,0.0,2363.0,-0.898582,-1.09893,KWT,IND,851440
5097299,128,104,9335,2011,0.0,17906.0,-0.559311,0.398905,LKA,IND,851440
5097300,130,104,9335,2011,0.0,9190.0,0.747963,0.9759530000000001,LTU,IND,851440
5097301,134,104,9335,2011,0.0,8721.0,-0.485404,0.099828,MAR,IND,851440
5097302,137,104,9335,2011,0.0,16767.0,-0.937469,-0.87897,MDV,IND,851440
5097303,138,104,9335,2011,459182.0,0.0,0.9534600000000001,0.706982,MEX,IND,851440
5097304,151,104,9335,2011,0.0,1120.0,-0.09464600000000001,0.091177,MUS,IND,851440
5097305,153,104,9335,2011,75801.0,327055.0,0.9893290000000001,0.632079,MYS,IND,851440
5097306,159,104,9335,2011,0.0,9606.0,-1.699286,-1.15511,NGA,IND,851440
5097307,162,104,9335,2011,169791.0,9542.0,1.1655229999999999,1.410167,NLD,IND,851440
5097308,163,104,9335,2011,111190.0,35663.0,0.8492770000000001,0.050044,NOR,IND,851440
5097309,164,104,9335,2011,54749.0,10651.0,-0.242299,0.801966,NPL,IND,851440
5097310,166,104,9335,2011,0.0,4509.0,0.372732,0.548601,NZL,IND,851440
5097311,167,104,9335,2011,0.0,1365.0,-0.473703,-0.952491,OMN,IND,851440
5097312,168,104,9335,2011,0.0,9262.0,-0.729677,0.6026729999999999,PAK,IND,851440
5097313,174,104,9335,2011,0.0,1782.0,0.364707,0.322626,PHL,IND,851440
5097314,177,104,9335,2011,32242.0,0.0,1.133641,1.134203,POL,IND,851440
5097315,179,104,9335,2011,60303.0,0.0,0.558481,2.7056240000000003,PRT,IND,851440
5097316,185,104,9335,2011,6367.0,2258.0,0.722,1.296655,ROU,IND,851440
5097317,187,104,9335,2011,0.0,1366.0,-0.684475,-0.690734,RWA,IND,851440
5097318,188,104,9335,2011,0.0,7632.0,0.354045,-0.800028,SAU,IND,851440
5097319,191,104,9335,2011,0.0,12289.0,-0.624346,-0.308052,SEN,IND,851440
5097320,192,104,9335,2011,182044.0,38957.0,1.849116,0.52127,SGP,IND,851440
5097321,206,104,9335,2011,20311.0,0.0,1.262897,0.8230569999999999,SVK,IND,851440
5097322,208,104,9335,2011,223276.0,0.0,1.857146,0.366159,SWE,IND,851440
5097323,224,104,9335,2011,16547.0,17235.0,0.45775,2.4316259999999996,TUR,IND,851440
5097324,226,104,9335,2011,0.0,11757.0,-0.751316,0.286505,TZA,IND,851440
5097325,227,104,9335,2011,0.0,1001.0,-0.7153,-0.062678,UGA,IND,851440
5097326,231,104,9335,2011,2737710.0,289331.0,1.6884849999999998,-0.474499,USA,IND,851440
5097327,239,104,9335,2011,4288.0,89377.0,-0.184453,1.637207,VNM,IND,851440
5097328,246,104,9335,2011,0.0,1025.0,0.241792,1.353011,ZAF,IND,851440
5097329,249,104,9335,2011,389054.0,0.0,1.803234,0.921233,TWN,IND,851440
5097330,4,106,9335,2011,0.0,2924.0,-0.331435,-0.034828,ALB,IRL,851440
5097331,18,106,9335,2011,5285.0,0.0,1.221703,1.247961,BEL,IRL,851440
5097332,39,106,9335,2011,2772.0,0.0,0.754813,1.1967290000000002,CAN,IRL,851440
5097333,41,106,9335,2011,12318.0,0.0,2.2644029999999997,0.406131,CHE,IRL,851440
5097334,43,106,9335,2011,10622.0,0.0,1.072299,1.686826,CHN,IRL,851440
5097335,61,106,9335,2011,77520.0,0.0,2.074435,-3.440815,DEU,IRL,851440
5097336,64,106,9335,2011,15677.0,0.0,1.156026,1.2248299999999999,DNK,IRL,851440
5097337,81,106,9335,2011,217231.0,1394.0,1.8048220000000001,0.380141,GBR,IRL,851440
5097338,97,106,9335,2011,2944.0,0.0,0.663588,1.902118,HKG,IRL,851440
5097339,111,106,9335,2011,4509.0,0.0,1.298751,0.48013599999999995,ITA,IRL,851440
5097340,138,106,9335,2011,0.0,665395.0,0.9534600000000001,0.706982,MEX,IRL,851440
5097341,231,106,9335,2011,168811.0,7036.0,1.6884849999999998,-0.474499,USA,IRL,851440
5097342,250,106,9335,2011,9569.0,0.0,0.475638,-0.160135,ANS,IRL,851440
5097343,2,110,9335,2011,0.0,4100.0,-1.252991,-1.132314,AGO,ISR,851440
5097344,8,110,9335,2011,0.0,4949.0,0.240494,0.540376,ARG,ISR,851440
5097345,15,110,9335,2011,0.0,7971.0,1.687634,-0.229095,AUT,ISR,851440
5097346,18,110,9335,2011,10018.0,13641.0,1.221703,1.247961,BEL,ISR,851440
5097347,23,110,9335,2011,71519.0,0.0,0.537967,1.520973,BGR,ISR,851440
5097348,28,110,9335,2011,0.0,2373.0,0.8786729999999999,0.442097,BLR,ISR,851440
5097349,41,110,9335,2011,1537.0,10983.0,2.2644029999999997,0.406131,CHE,ISR,851440
5097350,43,110,9335,2011,3135.0,0.0,1.072299,1.686826,CHN,ISR,851440
5097351,59,110,9335,2011,0.0,6238.0,1.737788,0.14741600000000002,CZE,ISR,851440
5097352,61,110,9335,2011,142704.0,365879.0,2.074435,-3.440815,DEU,ISR,851440
5097353,68,110,9335,2011,0.0,18037.0,-0.166243,1.384719,EGY,ISR,851440
5097354,71,110,9335,2011,4378.0,0.0,0.8677290000000001,2.4618450000000003,ESP,ISR,851440
5097355,77,110,9335,2011,14965.0,7503.0,1.532054,0.09339299999999999,FRA,ISR,851440
5097356,81,110,9335,2011,93871.0,27767.0,1.8048220000000001,0.380141,GBR,ISR,851440
5097357,97,110,9335,2011,14584.0,0.0,0.663588,1.902118,HKG,ISR,851440
5097358,104,110,9335,2011,3449.0,0.0,0.18276199999999998,2.398765,IND,ISR,851440
5097359,111,110,9335,2011,29312.0,7701.0,1.298751,0.48013599999999995,ITA,ISR,851440
5097360,114,110,9335,2011,81756.0,0.0,2.516395,-0.534301,JPN,ISR,851440
5097361,121,110,9335,2011,1187.0,0.0,1.731371,0.8306879999999999,KOR,ISR,851440
5097362,138,110,9335,2011,0.0,1030.0,0.9534600000000001,0.706982,MEX,ISR,851440
5097363,162,110,9335,2011,7098.0,933.0,1.1655229999999999,1.410167,NLD,ISR,851440
5097364,163,110,9335,2011,0.0,11770.0,0.8492770000000001,0.050044,NOR,ISR,851440
5097365,166,110,9335,2011,0.0,11284.0,0.372732,0.548601,NZL,ISR,851440
5097366,177,110,9335,2011,0.0,1029.0,1.133641,1.134203,POL,ISR,851440
5097367,186,110,9335,2011,0.0,43216.0,0.47319399999999995,-0.20801599999999998,RUS,ISR,851440
5097368,192,110,9335,2011,4866.0,0.0,1.849116,0.52127,SGP,ISR,851440
5097369,208,110,9335,2011,9042.0,0.0,1.857146,0.366159,SWE,ISR,851440
5097370,224,110,9335,2011,0.0,9644.0,0.45775,2.4316259999999996,TUR,ISR,851440
5097371,230,110,9335,2011,0.0,1223.0,0.313195,0.042866,URY,ISR,851440
5097372,231,110,9335,2011,224970.0,8514.0,1.6884849999999998,-0.474499,USA,ISR,851440
5097373,239,110,9335,2011,0.0,52871.0,-0.184453,1.637207,VNM,ISR,851440
5097374,249,110,9335,2011,8483.0,0.0,1.803234,0.921233,TWN,ISR,851440
5097375,2,111,9335,2011,0.0,5402.0,-1.252991,-1.132314,AGO,ITA,851440
5097376,4,111,9335,2011,0.0,3049.0,-0.331435,-0.034828,ALB,ITA,851440
5097377,7,111,9335,2011,0.0,758284.0,0.030652,-0.450808,ARE,ITA,851440
5097378,8,111,9335,2011,0.0,223832.0,0.240494,0.540376,ARG,ITA,851440
5097379,9,111,9335,2011,0.0,2170.0,0.543397,-0.029376999999999997,ARM,ITA,851440
5097380,14,111,9335,2011,1686.0,54065.0,-0.138148,0.002999,AUS,ITA,851440
5097381,15,111,9335,2011,8703.0,63987.0,1.687634,-0.229095,AUT,ITA,851440
5097382,18,111,9335,2011,50246.0,174002.0,1.221703,1.247961,BEL,ITA,851440
5097383,22,111,9335,2011,0.0,18607.0,-1.074416,-0.8276370000000001,BGD,ITA,851440
5097384,23,111,9335,2011,0.0,27096.0,0.537967,1.520973,BGR,ITA,851440
5097385,24,111,9335,2011,0.0,3280.0,0.04085,-0.873711,BHR,ITA,851440
5097386,28,111,9335,2011,0.0,29117.0,0.8786729999999999,0.442097,BLR,ITA,851440
5097387,32,111,9335,2011,0.0,193308.0,0.27718400000000004,0.5674319999999999,BRA,ITA,851440
5097388,39,111,9335,2011,27416.0,397823.0,0.754813,1.1967290000000002,CAN,ITA,851440
5097389,41,111,9335,2011,2227613.0,242883.0,2.2644029999999997,0.406131,CHE,ITA,851440
5097390,42,111,9335,2011,0.0,88958.0,-0.199877,-0.353009,CHL,ITA,851440
5097391,43,111,9335,2011,53083.0,2501900.0,1.072299,1.686826,CHN,ITA,851440
5097392,44,111,9335,2011,0.0,4419.0,-1.069474,-0.867439,CIV,ITA,851440
5097393,49,111,9335,2011,0.0,34174.0,0.14336600000000002,-0.22996,COL,ITA,851440
5097394,52,111,9335,2011,0.0,23697.0,0.04325,-0.553193,CRI,ITA,851440
5097395,59,111,9335,2011,636391.0,148321.0,1.737788,0.14741600000000002,CZE,ITA,851440
5097396,61,111,9335,2011,5281538.0,3828986.0,2.074435,-3.440815,DEU,ITA,851440
5097397,64,111,9335,2011,0.0,6594.0,1.156026,1.2248299999999999,DNK,ITA,851440
5097398,65,111,9335,2011,0.0,717.0,-0.260653,0.5682010000000001,DOM,ITA,851440
5097399,66,111,9335,2011,0.0,29044.0,-1.36763,-1.140594,DZA,ITA,851440
5097400,67,111,9335,2011,0.0,25155.0,-0.8250639999999999,-0.839082,ECU,ITA,851440
5097401,68,111,9335,2011,1238.0,75103.0,-0.166243,1.384719,EGY,ITA,851440
5097402,71,111,9335,2011,598049.0,802368.0,0.8677290000000001,2.4618450000000003,ESP,ITA,851440
5097403,72,111,9335,2011,0.0,38737.0,0.9806790000000001,1.110449,EST,ITA,851440
5097404,73,111,9335,2011,0.0,4008.0,-1.258175,-0.920692,ETH,ITA,851440
5097405,74,111,9335,2011,19234.0,97714.0,1.7488830000000002,0.890934,FIN,ITA,851440
5097406,77,111,9335,2011,994735.0,543411.0,1.532054,0.09339299999999999,FRA,ITA,851440
5097407,81,111,9335,2011,526876.0,264513.0,1.8048220000000001,0.380141,GBR,ITA,851440
5097408,83,111,9335,2011,0.0,5000.0,-0.8627319999999999,-0.608823,GHA,ITA,851440
5097409,90,111,9335,2011,26226.0,16794.0,0.138679,1.30044,GRC,ITA,851440
5097410,93,111,9335,2011,0.0,19622.0,-0.329497,0.775369,GTM,ITA,851440
5097411,97,111,9335,2011,29932.0,40492.0,0.663588,1.902118,HKG,ITA,851440
5097412,100,111,9335,2011,0.0,196024.0,0.868294,0.9424299999999999,HRV,ITA,851440
5097413,102,111,9335,2011,0.0,111713.0,1.486592,0.805642,HUN,ITA,851440
5097414,103,111,9335,2011,0.0,3510.0,-0.234125,1.168384,IDN,ITA,851440
5097415,104,111,9335,2011,19712.0,229078.0,0.18276199999999998,2.398765,IND,ITA,851440
5097416,106,111,9335,2011,0.0,4509.0,1.403182,0.290245,IRL,ITA,851440
5097417,107,111,9335,2011,0.0,165629.0,-0.915379,-0.973194,IRN,ITA,851440
5097418,109,111,9335,2011,0.0,2101.0,0.284202,-0.23753000000000002,ISL,ITA,851440
5097419,110,111,9335,2011,7701.0,29312.0,1.324384,0.714611,ISR,ITA,851440
5097420,114,111,9335,2011,39175.0,109250.0,2.516395,-0.534301,JPN,ITA,851440
5097421,115,111,9335,2011,0.0,4241.0,-0.514687,-0.775671,KAZ,ITA,851440
5097422,121,111,9335,2011,14241.0,290966.0,1.731371,0.8306879999999999,KOR,ITA,851440
5097423,122,111,9335,2011,1446.0,2644.0,-0.898582,-1.09893,KWT,ITA,851440
5097424,124,111,9335,2011,0.0,4450.0,0.278393,1.2962879999999999,LBN,ITA,851440
5097425,130,111,9335,2011,0.0,12516.0,0.747963,0.9759530000000001,LTU,ITA,851440
5097426,134,111,9335,2011,0.0,39587.0,-0.485404,0.099828,MAR,ITA,851440
5097427,136,111,9335,2011,0.0,5124.0,-1.040519,-0.404883,MDG,ITA,851440
5097428,138,111,9335,2011,3295.0,600565.0,0.9534600000000001,0.706982,MEX,ITA,851440
5097429,140,111,9335,2011,0.0,12769.0,-0.12310499999999999,0.16392,MKD,ITA,851440
5097430,141,111,9335,2011,0.0,1241.0,-0.6778109999999999,-0.653211,MLI,ITA,851440
5097431,142,111,9335,2011,0.0,2194.0,1.3001340000000001,0.22605799999999998,MLT,ITA,851440
5097432,153,111,9335,2011,7514.0,45338.0,0.9893290000000001,0.632079,MYS,ITA,851440
5097433,160,111,9335,2011,0.0,17539.0,-0.9592139999999999,-0.796108,NIC,ITA,851440
5097434,162,111,9335,2011,20089.0,762808.0,1.1655229999999999,1.410167,NLD,ITA,851440
5097435,163,111,9335,2011,459671.0,11710.0,0.8492770000000001,0.050044,NOR,ITA,851440
5097436,164,111,9335,2011,0.0,1201.0,-0.242299,0.801966,NPL,ITA,851440
5097437,166,111,9335,2011,0.0,2869.0,0.372732,0.548601,NZL,ITA,851440
5097438,167,111,9335,2011,0.0,16374.0,-0.473703,-0.952491,OMN,ITA,851440
5097439,168,111,9335,2011,0.0,10884.0,-0.729677,0.6026729999999999,PAK,ITA,851440
5097440,169,111,9335,2011,0.0,175319.0,0.786135,1.061008,PAN,ITA,851440
5097441,173,111,9335,2011,0.0,45136.0,-0.455977,0.442543,PER,ITA,851440
5097442,174,111,9335,2011,9792.0,27182.0,0.364707,0.322626,PHL,ITA,851440
5097443,177,111,9335,2011,7289.0,369645.0,1.133641,1.134203,POL,ITA,851440
5097444,179,111,9335,2011,0.0,13682.0,0.558481,2.7056240000000003,PRT,ITA,851440
5097445,181,111,9335,2011,0.0,809.0,0.07902999999999999,0.550277,PSE,ITA,851440
5097446,183,111,9335,2011,0.0,5290.0,-0.45851899999999995,-1.017033,QAT,ITA,851440
5097447,185,111,9335,2011,0.0,45419.0,0.722,1.296655,ROU,ITA,851440
5097448,186,111,9335,2011,0.0,710312.0,0.47319399999999995,-0.20801599999999998,RUS,ITA,851440
5097449,188,111,9335,2011,0.0,73743.0,0.354045,-0.800028,SAU,ITA,851440
5097450,190,111,9335,2011,0.0,3617.0,-2.1675869999999997,-1.249272,SDN,ITA,851440
5097451,191,111,9335,2011,0.0,5733.0,-0.624346,-0.308052,SEN,ITA,851440
5097452,192,111,9335,2011,0.0,84433.0,1.849116,0.52127,SGP,ITA,851440
5097453,201,111,9335,2011,0.0,28554.0,0.49055699999999997,1.5601399999999999,SRB,ITA,851440
5097454,206,111,9335,2011,0.0,39389.0,1.262897,0.8230569999999999,SVK,ITA,851440
5097455,207,111,9335,2011,40220.0,231381.0,1.642913,0.700222,SVN,ITA,851440
5097456,208,111,9335,2011,319695.0,27942.0,1.857146,0.366159,SWE,ITA,851440
5097457,212,111,9335,2011,0.0,57406.0,-0.604133,0.5268970000000001,SYR,ITA,851440
5097458,216,111,9335,2011,52318.0,70211.0,0.889009,1.503118,THA,ITA,851440
5097459,223,111,9335,2011,0.0,17199.0,0.151221,1.1252360000000001,TUN,ITA,851440
5097460,224,111,9335,2011,24662.0,212180.0,0.45775,2.4316259999999996,TUR,ITA,851440
5097461,226,111,9335,2011,0.0,19514.0,-0.751316,0.286505,TZA,ITA,851440
5097462,228,111,9335,2011,0.0,22053.0,0.6221409999999999,0.765505,UKR,ITA,851440
5097463,231,111,9335,2011,821880.0,958731.0,1.6884849999999998,-0.474499,USA,ITA,851440
5097464,236,111,9335,2011,0.0,32490.0,-0.841147,-1.095636,VEN,ITA,851440
5097465,239,111,9335,2011,0.0,9226.0,-0.184453,1.637207,VNM,ITA,851440
5097466,246,111,9335,2011,0.0,33196.0,0.241792,1.353011,ZAF,ITA,851440
5097467,249,111,9335,2011,4322.0,44341.0,1.803234,0.921233,TWN,ITA,851440
5097468,61,112,9335,2011,34146.0,0.0,2.074435,-3.440815,DEU,JAM,851440
5097469,231,112,9335,2011,15061.0,0.0,1.6884849999999998,-0.474499,USA,JAM,851440
5097470,8,114,9335,2011,0.0,14004.0,0.240494,0.540376,ARG,JPN,851440
5097471,14,114,9335,2011,108254.0,1445272.0,-0.138148,0.002999,AUS,JPN,851440
5097472,31,114,9335,2011,0.0,3584.0,-0.818593,-0.8701770000000001,BOL,JPN,851440
5097473,32,114,9335,2011,0.0,24671.0,0.27718400000000004,0.5674319999999999,BRA,JPN,851440
5097474,39,114,9335,2011,142183.0,368607.0,0.754813,1.1967290000000002,CAN,JPN,851440
5097475,41,114,9335,2011,64707.0,3369.0,2.2644029999999997,0.406131,CHE,JPN,851440
5097476,43,114,9335,2011,503503.0,20025888.0,1.072299,1.686826,CHN,JPN,851440
5097477,49,114,9335,2011,0.0,7676.0,0.14336600000000002,-0.22996,COL,JPN,851440
5097478,59,114,9335,2011,369940.0,468256.0,1.737788,0.14741600000000002,CZE,JPN,851440
5097479,61,114,9335,2011,1549817.0,3879752.0,2.074435,-3.440815,DEU,JPN,851440
5097480,66,114,9335,2011,0.0,2403.0,-1.36763,-1.140594,DZA,JPN,851440
5097481,71,114,9335,2011,59106.0,108730.0,0.8677290000000001,2.4618450000000003,ESP,JPN,851440
5097482,77,114,9335,2011,41364.0,32868.0,1.532054,0.09339299999999999,FRA,JPN,851440
5097483,81,114,9335,2011,76039.0,1635459.0,1.8048220000000001,0.380141,GBR,JPN,851440
5097484,90,114,9335,2011,0.0,30217.0,0.138679,1.30044,GRC,JPN,851440
5097485,97,114,9335,2011,0.0,192112.0,0.663588,1.902118,HKG,JPN,851440
5097486,103,114,9335,2011,30341.0,5924636.0,-0.234125,1.168384,IDN,JPN,851440
5097487,104,114,9335,2011,25941.0,493733.0,0.18276199999999998,2.398765,IND,JPN,851440
5097488,110,114,9335,2011,0.0,81756.0,1.324384,0.714611,ISR,JPN,851440
5097489,111,114,9335,2011,109250.0,39175.0,1.298751,0.48013599999999995,ITA,JPN,851440
5097490,113,114,9335,2011,0.0,2035.0,0.231605,0.47049399999999997,JOR,JPN,851440
5097491,121,114,9335,2011,254338.0,6329048.0,1.731371,0.8306879999999999,KOR,JPN,851440
5097492,122,114,9335,2011,0.0,1927.0,-0.898582,-1.09893,KWT,JPN,851440
5097493,138,114,9335,2011,0.0,27459.0,0.9534600000000001,0.706982,MEX,JPN,851440
5097494,140,114,9335,2011,0.0,639.0,-0.12310499999999999,0.16392,MKD,JPN,851440
5097495,144,114,9335,2011,0.0,107313.0,0.149559,0.024935,MNE,JPN,851440
5097496,153,114,9335,2011,3378.0,772591.0,0.9893290000000001,0.632079,MYS,JPN,851440
5097497,162,114,9335,2011,133322.0,142032.0,1.1655229999999999,1.410167,NLD,JPN,851440
5097498,163,114,9335,2011,181703.0,0.0,0.8492770000000001,0.050044,NOR,JPN,851440
5097499,166,114,9335,2011,0.0,62776.0,0.372732,0.548601,NZL,JPN,851440
5097500,168,114,9335,2011,0.0,117574.0,-0.729677,0.6026729999999999,PAK,JPN,851440
5097501,169,114,9335,2011,0.0,21132.0,0.786135,1.061008,PAN,JPN,851440
5097502,173,114,9335,2011,0.0,53554.0,-0.455977,0.442543,PER,JPN,851440
5097503,174,114,9335,2011,183238.0,636104.0,0.364707,0.322626,PHL,JPN,851440
5097504,186,114,9335,2011,0.0,484866.0,0.47319399999999995,-0.20801599999999998,RUS,JPN,851440
5097505,192,114,9335,2011,106773.0,1058630.0,1.849116,0.52127,SGP,JPN,851440
5097506,208,114,9335,2011,2209.0,2631.0,1.857146,0.366159,SWE,JPN,851440
5097507,216,114,9335,2011,538314.0,5358463.0,0.889009,1.503118,THA,JPN,851440
5097508,224,114,9335,2011,14364.0,2553.0,0.45775,2.4316259999999996,TUR,JPN,851440
5097509,226,114,9335,2011,0.0,1968.0,-0.751316,0.286505,TZA,JPN,851440
5097510,231,114,9335,2011,4143562.0,23734206.0,1.6884849999999998,-0.474499,USA,JPN,851440
5097511,239,114,9335,2011,0.0,1362933.0,-0.184453,1.637207,VNM,JPN,851440
5097512,246,114,9335,2011,7879.0,243154.0,0.241792,1.353011,ZAF,JPN,851440
5097513,249,114,9335,2011,2335082.0,17742738.0,1.803234,0.921233,TWN,JPN,851440
5097514,7,121,9335,2011,0.0,9036.0,0.030652,-0.450808,ARE,KOR,851440
5097515,8,121,9335,2011,0.0,5513.0,0.240494,0.540376,ARG,KOR,851440
5097516,9,121,9335,2011,0.0,1258.0,0.543397,-0.029376999999999997,ARM,KOR,851440
5097517,14,121,9335,2011,2245.0,12782.0,-0.138148,0.002999,AUS,KOR,851440
5097518,18,121,9335,2011,2468.0,4939.0,1.221703,1.247961,BEL,KOR,851440
5097519,22,121,9335,2011,0.0,46503.0,-1.074416,-0.8276370000000001,BGD,KOR,851440
5097520,32,121,9335,2011,0.0,9499.0,0.27718400000000004,0.5674319999999999,BRA,KOR,851440
5097521,39,121,9335,2011,176259.0,6039.0,0.754813,1.1967290000000002,CAN,KOR,851440
5097522,41,121,9335,2011,186183.0,0.0,2.2644029999999997,0.406131,CHE,KOR,851440
5097523,43,121,9335,2011,1091276.0,5889200.0,1.072299,1.686826,CHN,KOR,851440
5097524,49,121,9335,2011,0.0,13493.0,0.14336600000000002,-0.22996,COL,KOR,851440
5097525,58,121,9335,2011,0.0,42779.0,0.798165,0.424179,CYP,KOR,851440
5097526,61,121,9335,2011,1033120.0,13961.0,2.074435,-3.440815,DEU,KOR,851440
5097527,66,121,9335,2011,0.0,30838.0,-1.36763,-1.140594,DZA,KOR,851440
5097528,68,121,9335,2011,0.0,42439.0,-0.166243,1.384719,EGY,KOR,851440
5097529,71,121,9335,2011,0.0,12506.0,0.8677290000000001,2.4618450000000003,ESP,KOR,851440
5097530,77,121,9335,2011,9386.0,13698.0,1.532054,0.09339299999999999,FRA,KOR,851440
5097531,81,121,9335,2011,24508.0,4568.0,1.8048220000000001,0.380141,GBR,KOR,851440
5097532,97,121,9335,2011,3861.0,31716.0,0.663588,1.902118,HKG,KOR,851440
5097533,102,121,9335,2011,5098.0,48886.0,1.486592,0.805642,HUN,KOR,851440
5097534,103,121,9335,2011,0.0,480720.0,-0.234125,1.168384,IDN,KOR,851440
5097535,104,121,9335,2011,50086.0,297833.0,0.18276199999999998,2.398765,IND,KOR,851440
5097536,107,121,9335,2011,0.0,10795.0,-0.915379,-0.973194,IRN,KOR,851440
5097537,110,121,9335,2011,0.0,1187.0,1.324384,0.714611,ISR,KOR,851440
5097538,111,121,9335,2011,290966.0,14241.0,1.298751,0.48013599999999995,ITA,KOR,851440
5097539,114,121,9335,2011,6329048.0,254338.0,2.516395,-0.534301,JPN,KOR,851440
5097540,115,121,9335,2011,0.0,16228.0,-0.514687,-0.775671,KAZ,KOR,851440
5097541,122,121,9335,2011,0.0,4750.0,-0.898582,-1.09893,KWT,KOR,851440
5097542,128,121,9335,2011,0.0,2375.0,-0.559311,0.398905,LKA,KOR,851440
5097543,135,121,9335,2011,0.0,318.0,-0.225556,0.28622,MDA,KOR,851440
5097544,138,121,9335,2011,0.0,10983.0,0.9534600000000001,0.706982,MEX,KOR,851440
5097545,152,121,9335,2011,0.0,713.0,-1.100291,-0.982559,MWI,KOR,851440
5097546,153,121,9335,2011,1343.0,275456.0,0.9893290000000001,0.632079,MYS,KOR,851440
5097547,159,121,9335,2011,0.0,55999.0,-1.699286,-1.15511,NGA,KOR,851440
5097548,162,121,9335,2011,54430.0,83720.0,1.1655229999999999,1.410167,NLD,KOR,851440
5097549,163,121,9335,2011,16755.0,0.0,0.8492770000000001,0.050044,NOR,KOR,851440
5097550,167,121,9335,2011,0.0,32277.0,-0.473703,-0.952491,OMN,KOR,851440
5097551,168,121,9335,2011,0.0,35824.0,-0.729677,0.6026729999999999,PAK,KOR,851440
5097552,173,121,9335,2011,0.0,2419.0,-0.455977,0.442543,PER,KOR,851440
5097553,174,121,9335,2011,4670.0,69998.0,0.364707,0.322626,PHL,KOR,851440
5097554,182,121,9335,2011,0.0,1362.0,0.37798000000000004,-0.460049,PYF,KOR,851440
5097555,186,121,9335,2011,97854.0,1616.0,0.47319399999999995,-0.20801599999999998,RUS,KOR,851440
5097556,188,121,9335,2011,0.0,985345.0,0.354045,-0.800028,SAU,KOR,851440
5097557,192,121,9335,2011,85399.0,93382.0,1.849116,0.52127,SGP,KOR,851440
5097558,216,121,9335,2011,5932.0,11687.0,0.889009,1.503118,THA,KOR,851440
5097559,223,121,9335,2011,0.0,927.0,0.151221,1.1252360000000001,TUN,KOR,851440
5097560,231,121,9335,2011,3464427.0,2770292.0,1.6884849999999998,-0.474499,USA,KOR,851440
5097561,239,121,9335,2011,0.0,10258.0,-0.184453,1.637207,VNM,KOR,851440
5097562,246,121,9335,2011,3929.0,0.0,0.241792,1.353011,ZAF,KOR,851440
5097563,248,121,9335,2011,0.0,20592.0,-0.858662,-0.8632719999999999,ZWE,KOR,851440
5097564,249,121,9335,2011,34326.0,491823.0,1.803234,0.921233,TWN,KOR,851440
5097565,18,122,9335,2011,9241.0,0.0,1.221703,1.247961,BEL,KWT,851440
5097566,39,122,9335,2011,39848.0,0.0,0.754813,1.1967290000000002,CAN,KWT,851440
5097567,43,122,9335,2011,18770.0,0.0,1.072299,1.686826,CHN,KWT,851440
5097568,61,122,9335,2011,37644.0,0.0,2.074435,-3.440815,DEU,KWT,851440
5097569,81,122,9335,2011,493812.0,0.0,1.8048220000000001,0.380141,GBR,KWT,851440
5097570,104,122,9335,2011,2363.0,0.0,0.18276199999999998,2.398765,IND,KWT,851440
5097571,111,122,9335,2011,2644.0,1446.0,1.298751,0.48013599999999995,ITA,KWT,851440
5097572,114,122,9335,2011,1927.0,0.0,2.516395,-0.534301,JPN,KWT,851440
5097573,121,122,9335,2011,4750.0,0.0,1.731371,0.8306879999999999,KOR,KWT,851440
5097574,162,122,9335,2011,6256.0,0.0,1.1655229999999999,1.410167,NLD,KWT,851440
5097575,166,122,9335,2011,7094.0,0.0,0.372732,0.548601,NZL,KWT,851440
5097576,208,122,9335,2011,1003.0,0.0,1.857146,0.366159,SWE,KWT,851440
5097577,231,122,9335,2011,23985.0,0.0,1.6884849999999998,-0.474499,USA,KWT,851440
5097578,39,134,9335,2011,1647.0,0.0,0.754813,1.1967290000000002,CAN,MAR,851440
5097579,43,134,9335,2011,29329.0,0.0,1.072299,1.686826,CHN,MAR,851440
5097580,61,134,9335,2011,411346.0,0.0,2.074435,-3.440815,DEU,MAR,851440
5097581,71,134,9335,2011,396630.0,0.0,0.8677290000000001,2.4618450000000003,ESP,MAR,851440
5097582,77,134,9335,2011,20572.0,0.0,1.532054,0.09339299999999999,FRA,MAR,851440
5097583,104,134,9335,2011,8721.0,0.0,0.18276199999999998,2.398765,IND,MAR,851440
5097584,111,134,9335,2011,39587.0,0.0,1.298751,0.48013599999999995,ITA,MAR,851440
5097585,153,134,9335,2011,1268.0,0.0,0.9893290000000001,0.632079,MYS,MAR,851440
5097586,162,134,9335,2011,4920.0,0.0,1.1655229999999999,1.410167,NLD,MAR,851440
5097587,163,134,9335,2011,74438.0,0.0,0.8492770000000001,0.050044,NOR,MAR,851440
5097588,231,134,9335,2011,14453.0,0.0,1.6884849999999998,-0.474499,USA,MAR,851440
5097589,8,138,9335,2011,1346.0,0.0,0.240494,0.540376,ARG,MEX,851440
5097590,18,138,9335,2011,96669.0,0.0,1.221703,1.247961,BEL,MEX,851440
5097591,32,138,9335,2011,0.0,4788.0,0.27718400000000004,0.5674319999999999,BRA,MEX,851440
5097592,39,138,9335,2011,48305.0,7458.0,0.754813,1.1967290000000002,CAN,MEX,851440
5097593,41,138,9335,2011,35754.0,0.0,2.2644029999999997,0.406131,CHE,MEX,851440
5097594,43,138,9335,2011,155708.0,0.0,1.072299,1.686826,CHN,MEX,851440
5097595,49,138,9335,2011,0.0,1825.0,0.14336600000000002,-0.22996,COL,MEX,851440
5097596,52,138,9335,2011,0.0,987.0,0.04325,-0.553193,CRI,MEX,851440
5097597,59,138,9335,2011,2295.0,0.0,1.737788,0.14741600000000002,CZE,MEX,851440
5097598,61,138,9335,2011,406670.0,8360.0,2.074435,-3.440815,DEU,MEX,851440
5097599,64,138,9335,2011,2591.0,0.0,1.156026,1.2248299999999999,DNK,MEX,851440
5097600,65,138,9335,2011,0.0,1419.0,-0.260653,0.5682010000000001,DOM,MEX,851440
5097601,67,138,9335,2011,0.0,16947.0,-0.8250639999999999,-0.839082,ECU,MEX,851440
5097602,68,138,9335,2011,0.0,52286.0,-0.166243,1.384719,EGY,MEX,851440
5097603,71,138,9335,2011,335031.0,119548.0,0.8677290000000001,2.4618450000000003,ESP,MEX,851440
5097604,77,138,9335,2011,18651.0,74674.0,1.532054,0.09339299999999999,FRA,MEX,851440
5097605,81,138,9335,2011,94962.0,259178.0,1.8048220000000001,0.380141,GBR,MEX,851440
5097606,93,138,9335,2011,0.0,4168.0,-0.329497,0.775369,GTM,MEX,851440
5097607,102,138,9335,2011,0.0,302639.0,1.486592,0.805642,HUN,MEX,851440
5097608,104,138,9335,2011,0.0,459182.0,0.18276199999999998,2.398765,IND,MEX,851440
5097609,106,138,9335,2011,665395.0,0.0,1.403182,0.290245,IRL,MEX,851440
5097610,110,138,9335,2011,1030.0,0.0,1.324384,0.714611,ISR,MEX,851440
5097611,111,138,9335,2011,600565.0,3295.0,1.298751,0.48013599999999995,ITA,MEX,851440
5097612,114,138,9335,2011,27459.0,0.0,2.516395,-0.534301,JPN,MEX,851440
5097613,121,138,9335,2011,10983.0,0.0,1.731371,0.8306879999999999,KOR,MEX,851440
5097614,160,138,9335,2011,56278.0,0.0,-0.9592139999999999,-0.796108,NIC,MEX,851440
5097615,162,138,9335,2011,55622.0,1081.0,1.1655229999999999,1.410167,NLD,MEX,851440
5097616,163,138,9335,2011,363048.0,0.0,0.8492770000000001,0.050044,NOR,MEX,851440
5097617,164,138,9335,2011,3328.0,0.0,-0.242299,0.801966,NPL,MEX,851440
5097618,166,138,9335,2011,33266.0,1476.0,0.372732,0.548601,NZL,MEX,851440
5097619,167,138,9335,2011,0.0,1054.0,-0.473703,-0.952491,OMN,MEX,851440
5097620,173,138,9335,2011,0.0,1509.0,-0.455977,0.442543,PER,MEX,851440
5097621,185,138,9335,2011,12284.0,0.0,0.722,1.296655,ROU,MEX,851440
5097622,197,138,9335,2011,0.0,1135.0,-0.09713200000000001,0.20772600000000002,SLV,MEX,851440
5097623,208,138,9335,2011,3084.0,0.0,1.857146,0.366159,SWE,MEX,851440
5097624,216,138,9335,2011,12180.0,0.0,0.889009,1.503118,THA,MEX,851440
5097625,224,138,9335,2011,0.0,2252.0,0.45775,2.4316259999999996,TUR,MEX,851440
5097626,231,138,9335,2011,5853238.0,83247.0,1.6884849999999998,-0.474499,USA,MEX,851440
5097627,246,138,9335,2011,25560.0,0.0,0.241792,1.353011,ZAF,MEX,851440
5097628,249,138,9335,2011,1919.0,12461.0,1.803234,0.921233,TWN,MEX,851440
5097629,250,138,9335,2011,2807.0,0.0,0.475638,-0.160135,ANS,MEX,851440
5097630,14,153,9335,2011,224215.0,1070.0,-0.138148,0.002999,AUS,MYS,851440
5097631,18,153,9335,2011,487421.0,0.0,1.221703,1.247961,BEL,MYS,851440
5097632,34,153,9335,2011,0.0,79504.0,-0.171775,-0.6656810000000001,BRN,MYS,851440
5097633,39,153,9335,2011,27177.0,13320.0,0.754813,1.1967290000000002,CAN,MYS,851440
5097634,41,153,9335,2011,5838.0,0.0,2.2644029999999997,0.406131,CHE,MYS,851440
5097635,43,153,9335,2011,669239.0,183250.0,1.072299,1.686826,CHN,MYS,851440
5097636,61,153,9335,2011,562312.0,2182.0,2.074435,-3.440815,DEU,MYS,851440
5097637,64,153,9335,2011,6846.0,0.0,1.156026,1.2248299999999999,DNK,MYS,851440
5097638,75,153,9335,2011,0.0,56102.0,-0.434356,-0.010863,FJI,MYS,851440
5097639,77,153,9335,2011,42970.0,0.0,1.532054,0.09339299999999999,FRA,MYS,851440
5097640,81,153,9335,2011,1131113.0,84346.0,1.8048220000000001,0.380141,GBR,MYS,851440
5097641,97,153,9335,2011,133121.0,0.0,0.663588,1.902118,HKG,MYS,851440
5097642,103,153,9335,2011,0.0,36763.0,-0.234125,1.168384,IDN,MYS,851440
5097643,104,153,9335,2011,327055.0,75801.0,0.18276199999999998,2.398765,IND,MYS,851440
5097644,111,153,9335,2011,45338.0,7514.0,1.298751,0.48013599999999995,ITA,MYS,851440
5097645,113,153,9335,2011,0.0,10778.0,0.231605,0.47049399999999997,JOR,MYS,851440
5097646,114,153,9335,2011,772591.0,3378.0,2.516395,-0.534301,JPN,MYS,851440
5097647,121,153,9335,2011,275456.0,1343.0,1.731371,0.8306879999999999,KOR,MYS,851440
5097648,128,153,9335,2011,0.0,2500.0,-0.559311,0.398905,LKA,MYS,851440
5097649,134,153,9335,2011,0.0,1268.0,-0.485404,0.099828,MAR,MYS,851440
5097650,162,153,9335,2011,16227.0,0.0,1.1655229999999999,1.410167,NLD,MYS,851440
5097651,163,153,9335,2011,142876.0,0.0,0.8492770000000001,0.050044,NOR,MYS,851440
5097652,167,153,9335,2011,0.0,1991.0,-0.473703,-0.952491,OMN,MYS,851440
5097653,168,153,9335,2011,0.0,3298.0,-0.729677,0.6026729999999999,PAK,MYS,851440
5097654,174,153,9335,2011,40804.0,4981.0,0.364707,0.322626,PHL,MYS,851440
5097655,176,153,9335,2011,2319.0,0.0,-1.1111659999999999,-0.9458610000000001,PNG,MYS,851440
5097656,188,153,9335,2011,0.0,31001.0,0.354045,-0.800028,SAU,MYS,851440
5097657,192,153,9335,2011,355586.0,51877.0,1.849116,0.52127,SGP,MYS,851440
5097658,208,153,9335,2011,4663.0,0.0,1.857146,0.366159,SWE,MYS,851440
5097659,216,153,9335,2011,13166.0,12114.0,0.889009,1.503118,THA,MYS,851440
5097660,224,153,9335,2011,1602.0,0.0,0.45775,2.4316259999999996,TUR,MYS,851440
5097661,231,153,9335,2011,1319163.0,14492.0,1.6884849999999998,-0.474499,USA,MYS,851440
5097662,239,153,9335,2011,0.0,844565.0,-0.184453,1.637207,VNM,MYS,851440
5097663,246,153,9335,2011,0.0,4108.0,0.241792,1.353011,ZAF,MYS,851440
5097664,249,153,9335,2011,574983.0,241315.0,1.803234,0.921233,TWN,MYS,851440
5097665,2,162,9335,2011,0.0,25764.0,-1.252991,-1.132314,AGO,NLD,851440
5097666,7,162,9335,2011,0.0,211922.0,0.030652,-0.450808,ARE,NLD,851440
5097667,8,162,9335,2011,26735.0,23272.0,0.240494,0.540376,ARG,NLD,851440
5097668,14,162,9335,2011,114055.0,155540.0,-0.138148,0.002999,AUS,NLD,851440
5097669,15,162,9335,2011,12451.0,18039.0,1.687634,-0.229095,AUT,NLD,851440
5097670,16,162,9335,2011,0.0,3003.0,-1.313136,-1.189989,AZE,NLD,851440
5097671,18,162,9335,2011,124878.0,9365659.0,1.221703,1.247961,BEL,NLD,851440
5097672,22,162,9335,2011,0.0,1384.0,-1.074416,-0.8276370000000001,BGD,NLD,851440
5097673,24,162,9335,2011,0.0,27475.0,0.04085,-0.873711,BHR,NLD,851440
5097674,26,162,9335,2011,0.0,3180.0,0.391425,0.6066600000000001,BIH,NLD,851440
5097675,28,162,9335,2011,0.0,68427.0,0.8786729999999999,0.442097,BLR,NLD,851440
5097676,31,162,9335,2011,0.0,2775.0,-0.818593,-0.8701770000000001,BOL,NLD,851440
5097677,32,162,9335,2011,0.0,342109.0,0.27718400000000004,0.5674319999999999,BRA,NLD,851440
5097678,39,162,9335,2011,8754.0,73883.0,0.754813,1.1967290000000002,CAN,NLD,851440
5097679,41,162,9335,2011,237762.0,55302.0,2.2644029999999997,0.406131,CHE,NLD,851440
5097680,42,162,9335,2011,0.0,20520.0,-0.199877,-0.353009,CHL,NLD,851440
5097681,43,162,9335,2011,33116.0,522010.0,1.072299,1.686826,CHN,NLD,851440
5097682,44,162,9335,2011,0.0,4711.0,-1.069474,-0.867439,CIV,NLD,851440
5097683,45,162,9335,2011,0.0,4537.0,-0.7956340000000001,-0.8532790000000001,CMR,NLD,851440
5097684,49,162,9335,2011,0.0,11898.0,0.14336600000000002,-0.22996,COL,NLD,851440
5097685,59,162,9335,2011,0.0,74030.0,1.737788,0.14741600000000002,CZE,NLD,851440
5097686,61,162,9335,2011,1540066.0,2878618.0,2.074435,-3.440815,DEU,NLD,851440
5097687,64,162,9335,2011,19586.0,10157.0,1.156026,1.2248299999999999,DNK,NLD,851440
5097688,66,162,9335,2011,0.0,19646.0,-1.36763,-1.140594,DZA,NLD,851440
5097689,67,162,9335,2011,0.0,3712.0,-0.8250639999999999,-0.839082,ECU,NLD,851440
5097690,68,162,9335,2011,0.0,36816.0,-0.166243,1.384719,EGY,NLD,851440
5097691,71,162,9335,2011,0.0,84782.0,0.8677290000000001,2.4618450000000003,ESP,NLD,851440
5097692,74,162,9335,2011,0.0,15822.0,1.7488830000000002,0.890934,FIN,NLD,851440
5097693,77,162,9335,2011,579214.0,2237879.0,1.532054,0.09339299999999999,FRA,NLD,851440
5097694,81,162,9335,2011,915895.0,72973.0,1.8048220000000001,0.380141,GBR,NLD,851440
5097695,90,162,9335,2011,0.0,15446.0,0.138679,1.30044,GRC,NLD,851440
5097696,97,162,9335,2011,0.0,10905.0,0.663588,1.902118,HKG,NLD,851440
5097697,100,162,9335,2011,0.0,16472.0,0.868294,0.9424299999999999,HRV,NLD,851440
5097698,102,162,9335,2011,0.0,5439.0,1.486592,0.805642,HUN,NLD,851440
5097699,103,162,9335,2011,0.0,17978.0,-0.234125,1.168384,IDN,NLD,851440
5097700,104,162,9335,2011,9542.0,169791.0,0.18276199999999998,2.398765,IND,NLD,851440
5097701,107,162,9335,2011,0.0,2545.0,-0.915379,-0.973194,IRN,NLD,851440
5097702,109,162,9335,2011,0.0,24681.0,0.284202,-0.23753000000000002,ISL,NLD,851440
5097703,110,162,9335,2011,933.0,7098.0,1.324384,0.714611,ISR,NLD,851440
5097704,111,162,9335,2011,762808.0,20089.0,1.298751,0.48013599999999995,ITA,NLD,851440
5097705,113,162,9335,2011,0.0,9769.0,0.231605,0.47049399999999997,JOR,NLD,851440
5097706,114,162,9335,2011,142032.0,133322.0,2.516395,-0.534301,JPN,NLD,851440
5097707,115,162,9335,2011,0.0,30547.0,-0.514687,-0.775671,KAZ,NLD,851440
5097708,121,162,9335,2011,83720.0,54430.0,1.731371,0.8306879999999999,KOR,NLD,851440
5097709,122,162,9335,2011,0.0,6256.0,-0.898582,-1.09893,KWT,NLD,851440
5097710,126,162,9335,2011,0.0,1714.0,-1.680464,-1.148511,LBY,NLD,851440
5097711,128,162,9335,2011,0.0,1691.0,-0.559311,0.398905,LKA,NLD,851440
5097712,130,162,9335,2011,0.0,39703.0,0.747963,0.9759530000000001,LTU,NLD,851440
5097713,131,162,9335,2011,0.0,3853.0,1.1655739999999999,1.222379,LUX,NLD,851440
5097714,132,162,9335,2011,15850.0,456277.0,0.7320939999999999,1.101321,LVA,NLD,851440
5097715,134,162,9335,2011,0.0,4920.0,-0.485404,0.099828,MAR,NLD,851440
5097716,138,162,9335,2011,1081.0,55622.0,0.9534600000000001,0.706982,MEX,NLD,851440
5097717,140,162,9335,2011,0.0,6825.0,-0.12310499999999999,0.16392,MKD,NLD,851440
5097718,153,162,9335,2011,0.0,16227.0,0.9893290000000001,0.632079,MYS,NLD,851440
5097719,156,162,9335,2011,0.0,2093.0,-0.976349,-0.798691,NCL,NLD,851440
5097720,159,162,9335,2011,0.0,20762.0,-1.699286,-1.15511,NGA,NLD,851440
5097721,163,162,9335,2011,39280.0,47003.0,0.8492770000000001,0.050044,NOR,NLD,851440
5097722,166,162,9335,2011,0.0,20903.0,0.372732,0.548601,NZL,NLD,851440
5097723,168,162,9335,2011,0.0,4186.0,-0.729677,0.6026729999999999,PAK,NLD,851440
5097724,173,162,9335,2011,0.0,39312.0,-0.455977,0.442543,PER,NLD,851440
5097725,174,162,9335,2011,0.0,10061.0,0.364707,0.322626,PHL,NLD,851440
5097726,177,162,9335,2011,0.0,30513.0,1.133641,1.134203,POL,NLD,851440
5097727,185,162,9335,2011,0.0,24285.0,0.722,1.296655,ROU,NLD,851440
5097728,186,162,9335,2011,0.0,83829.0,0.47319399999999995,-0.20801599999999998,RUS,NLD,851440
5097729,188,162,9335,2011,0.0,143943.0,0.354045,-0.800028,SAU,NLD,851440
5097730,190,162,9335,2011,0.0,3738.0,-2.1675869999999997,-1.249272,SDN,NLD,851440
5097731,192,162,9335,2011,0.0,241843.0,1.849116,0.52127,SGP,NLD,851440
5097732,201,162,9335,2011,0.0,41323.0,0.49055699999999997,1.5601399999999999,SRB,NLD,851440
5097733,205,162,9335,2011,0.0,1385.0,-0.504897,-0.835426,SUR,NLD,851440
5097734,206,162,9335,2011,0.0,5652.0,1.262897,0.8230569999999999,SVK,NLD,851440
5097735,207,162,9335,2011,0.0,10516.0,1.642913,0.700222,SVN,NLD,851440
5097736,208,162,9335,2011,36299.0,49157.0,1.857146,0.366159,SWE,NLD,851440
5097737,216,162,9335,2011,0.0,133812.0,0.889009,1.503118,THA,NLD,851440
5097738,223,162,9335,2011,0.0,8121.0,0.151221,1.1252360000000001,TUN,NLD,851440
5097739,224,162,9335,2011,3780.0,100960.0,0.45775,2.4316259999999996,TUR,NLD,851440
5097740,228,162,9335,2011,23404.0,16611.0,0.6221409999999999,0.765505,UKR,NLD,851440
5097741,230,162,9335,2011,0.0,1345.0,0.313195,0.042866,URY,NLD,851440
5097742,231,162,9335,2011,3398550.0,1212357.0,1.6884849999999998,-0.474499,USA,NLD,851440
5097743,236,162,9335,2011,0.0,1732.0,-0.841147,-1.095636,VEN,NLD,851440
5097744,239,162,9335,2011,0.0,8747.0,-0.184453,1.637207,VNM,NLD,851440
5097745,246,162,9335,2011,0.0,26908.0,0.241792,1.353011,ZAF,NLD,851440
5097746,249,162,9335,2011,0.0,109389.0,1.803234,0.921233,TWN,NLD,851440
5097747,14,166,9335,2011,44218.0,68095.0,-0.138148,0.002999,AUS,NZL,851440
5097748,39,166,9335,2011,276802.0,3485.0,0.754813,1.1967290000000002,CAN,NZL,851440
5097749,43,166,9335,2011,115140.0,0.0,1.072299,1.686826,CHN,NZL,851440
5097750,61,166,9335,2011,166151.0,0.0,2.074435,-3.440815,DEU,NZL,851440
5097751,73,166,9335,2011,0.0,1637.0,-1.258175,-0.920692,ETH,NZL,851440
5097752,75,166,9335,2011,0.0,2788.0,-0.434356,-0.010863,FJI,NZL,851440
5097753,77,166,9335,2011,59734.0,0.0,1.532054,0.09339299999999999,FRA,NZL,851440
5097754,81,166,9335,2011,41754.0,0.0,1.8048220000000001,0.380141,GBR,NZL,851440
5097755,104,166,9335,2011,4509.0,0.0,0.18276199999999998,2.398765,IND,NZL,851440
5097756,110,166,9335,2011,11284.0,0.0,1.324384,0.714611,ISR,NZL,851440
5097757,111,166,9335,2011,2869.0,0.0,1.298751,0.48013599999999995,ITA,NZL,851440
5097758,114,166,9335,2011,62776.0,0.0,2.516395,-0.534301,JPN,NZL,851440
5097759,122,166,9335,2011,0.0,7094.0,-0.898582,-1.09893,KWT,NZL,851440
5097760,138,166,9335,2011,1476.0,33266.0,0.9534600000000001,0.706982,MEX,NZL,851440
5097761,156,166,9335,2011,0.0,6529.0,-0.976349,-0.798691,NCL,NZL,851440
5097762,162,166,9335,2011,20903.0,0.0,1.1655229999999999,1.410167,NLD,NZL,851440
5097763,176,166,9335,2011,0.0,2337.0,-1.1111659999999999,-0.9458610000000001,PNG,NZL,851440
5097764,192,166,9335,2011,21200.0,0.0,1.849116,0.52127,SGP,NZL,851440
5097765,216,166,9335,2011,45649.0,0.0,0.889009,1.503118,THA,NZL,851440
5097766,221,166,9335,2011,0.0,8338.0,-0.14256,-0.589116,TON,NZL,851440
5097767,231,166,9335,2011,79763.0,996.0,1.6884849999999998,-0.474499,USA,NZL,851440
5097768,242,166,9335,2011,0.0,14510.0,0.9658110000000001,0.30804699999999996,WSM,NZL,851440
5097769,246,166,9335,2011,6146.0,0.0,0.241792,1.353011,ZAF,NZL,851440
5097770,249,166,9335,2011,4468.0,6598.0,1.803234,0.921233,TWN,NZL,851440
5097771,15,168,9335,2011,3413.0,0.0,1.687634,-0.229095,AUT,PAK,851440
5097772,43,168,9335,2011,217853.0,0.0,1.072299,1.686826,CHN,PAK,851440
5097773,61,168,9335,2011,49681.0,0.0,2.074435,-3.440815,DEU,PAK,851440
5097774,77,168,9335,2011,8732.0,0.0,1.532054,0.09339299999999999,FRA,PAK,851440
5097775,81,168,9335,2011,6799.0,0.0,1.8048220000000001,0.380141,GBR,PAK,851440
5097776,97,168,9335,2011,3359.0,0.0,0.663588,1.902118,HKG,PAK,851440
5097777,104,168,9335,2011,9262.0,0.0,0.18276199999999998,2.398765,IND,PAK,851440
5097778,111,168,9335,2011,10884.0,0.0,1.298751,0.48013599999999995,ITA,PAK,851440
5097779,114,168,9335,2011,117574.0,0.0,2.516395,-0.534301,JPN,PAK,851440
5097780,116,168,9335,2011,0.0,1114.0,-0.48319300000000004,0.346927,KEN,PAK,851440
5097781,121,168,9335,2011,35824.0,0.0,1.731371,0.8306879999999999,KOR,PAK,851440
5097782,153,168,9335,2011,3298.0,0.0,0.9893290000000001,0.632079,MYS,PAK,851440
5097783,162,168,9335,2011,4186.0,0.0,1.1655229999999999,1.410167,NLD,PAK,851440
5097784,208,168,9335,2011,2065.0,0.0,1.857146,0.366159,SWE,PAK,851440
5097785,231,168,9335,2011,389907.0,0.0,1.6884849999999998,-0.474499,USA,PAK,851440
5097786,246,168,9335,2011,4387.0,0.0,0.241792,1.353011,ZAF,PAK,851440
5097787,249,168,9335,2011,28931.0,0.0,1.803234,0.921233,TWN,PAK,851440
5097788,18,169,9335,2011,2706.0,0.0,1.221703,1.247961,BEL,PAN,851440
5097789,42,169,9335,2011,0.0,1124.0,-0.199877,-0.353009,CHL,PAN,851440
5097790,43,169,9335,2011,43409.0,0.0,1.072299,1.686826,CHN,PAN,851440
5097791,49,169,9335,2011,2560.0,0.0,0.14336600000000002,-0.22996,COL,PAN,851440
5097792,61,169,9335,2011,18656.0,0.0,2.074435,-3.440815,DEU,PAN,851440
5097793,71,169,9335,2011,42078.0,0.0,0.8677290000000001,2.4618450000000003,ESP,PAN,851440
5097794,111,169,9335,2011,175319.0,0.0,1.298751,0.48013599999999995,ITA,PAN,851440
5097795,114,169,9335,2011,21132.0,0.0,2.516395,-0.534301,JPN,PAN,851440
5097796,231,169,9335,2011,54548.0,0.0,1.6884849999999998,-0.474499,USA,PAN,851440
5097797,236,169,9335,2011,0.0,8872.0,-0.841147,-1.095636,VEN,PAN,851440
5097798,18,173,9335,2011,45631.0,0.0,1.221703,1.247961,BEL,PER,851440
5097799,41,173,9335,2011,1367.0,0.0,2.2644029999999997,0.406131,CHE,PER,851440
5097800,43,173,9335,2011,37850.0,0.0,1.072299,1.686826,CHN,PER,851440
5097801,49,173,9335,2011,23229.0,0.0,0.14336600000000002,-0.22996,COL,PER,851440
5097802,61,173,9335,2011,97894.0,0.0,2.074435,-3.440815,DEU,PER,851440
5097803,71,173,9335,2011,2012.0,0.0,0.8677290000000001,2.4618450000000003,ESP,PER,851440
5097804,81,173,9335,2011,49706.0,0.0,1.8048220000000001,0.380141,GBR,PER,851440
5097805,111,173,9335,2011,45136.0,0.0,1.298751,0.48013599999999995,ITA,PER,851440
5097806,114,173,9335,2011,53554.0,0.0,2.516395,-0.534301,JPN,PER,851440
5097807,121,173,9335,2011,2419.0,0.0,1.731371,0.8306879999999999,KOR,PER,851440
5097808,138,173,9335,2011,1509.0,0.0,0.9534600000000001,0.706982,MEX,PER,851440
5097809,162,173,9335,2011,39312.0,0.0,1.1655229999999999,1.410167,NLD,PER,851440
5097810,208,173,9335,2011,9578.0,0.0,1.857146,0.366159,SWE,PER,851440
5097811,224,173,9335,2011,1377.0,0.0,0.45775,2.4316259999999996,TUR,PER,851440
5097812,231,173,9335,2011,215402.0,0.0,1.6884849999999998,-0.474499,USA,PER,851440
5097813,246,173,9335,2011,8024.0,0.0,0.241792,1.353011,ZAF,PER,851440
5097814,41,174,9335,2011,14548.0,0.0,2.2644029999999997,0.406131,CHE,PHL,851440
5097815,43,174,9335,2011,295049.0,372948.0,1.072299,1.686826,CHN,PHL,851440
5097816,61,174,9335,2011,29746.0,0.0,2.074435,-3.440815,DEU,PHL,851440
5097817,74,174,9335,2011,65242.0,0.0,1.7488830000000002,0.890934,FIN,PHL,851440
5097818,81,174,9335,2011,26533.0,0.0,1.8048220000000001,0.380141,GBR,PHL,851440
5097819,97,174,9335,2011,14773.0,382410.0,0.663588,1.902118,HKG,PHL,851440
5097820,103,174,9335,2011,0.0,27635.0,-0.234125,1.168384,IDN,PHL,851440
5097821,104,174,9335,2011,1782.0,0.0,0.18276199999999998,2.398765,IND,PHL,851440
5097822,111,174,9335,2011,27182.0,9792.0,1.298751,0.48013599999999995,ITA,PHL,851440
5097823,114,174,9335,2011,636104.0,183238.0,2.516395,-0.534301,JPN,PHL,851440
5097824,121,174,9335,2011,69998.0,4670.0,1.731371,0.8306879999999999,KOR,PHL,851440
5097825,136,174,9335,2011,0.0,13065.0,-1.040519,-0.404883,MDG,PHL,851440
5097826,153,174,9335,2011,4981.0,40804.0,0.9893290000000001,0.632079,MYS,PHL,851440
5097827,162,174,9335,2011,10061.0,0.0,1.1655229999999999,1.410167,NLD,PHL,851440
5097828,192,174,9335,2011,35194.0,13261.0,1.849116,0.52127,SGP,PHL,851440
5097829,216,174,9335,2011,6873.0,123379.0,0.889009,1.503118,THA,PHL,851440
5097830,231,174,9335,2011,2935476.0,11407.0,1.6884849999999998,-0.474499,USA,PHL,851440
5097831,239,174,9335,2011,0.0,45301.0,-0.184453,1.637207,VNM,PHL,851440
5097832,249,174,9335,2011,43078.0,251774.0,1.803234,0.921233,TWN,PHL,851440
5097833,15,177,9335,2011,6789.0,0.0,1.687634,-0.229095,AUT,POL,851440
5097834,18,177,9335,2011,54502.0,0.0,1.221703,1.247961,BEL,POL,851440
5097835,39,177,9335,2011,7172.0,13664.0,0.754813,1.1967290000000002,CAN,POL,851440
5097836,41,177,9335,2011,78512.0,0.0,2.2644029999999997,0.406131,CHE,POL,851440
5097837,43,177,9335,2011,96901.0,53582.0,1.072299,1.686826,CHN,POL,851440
5097838,59,177,9335,2011,4939.0,1924.0,1.737788,0.14741600000000002,CZE,POL,851440
5097839,61,177,9335,2011,1141981.0,4638.0,2.074435,-3.440815,DEU,POL,851440
5097840,71,177,9335,2011,108922.0,6705.0,0.8677290000000001,2.4618450000000003,ESP,POL,851440
5097841,72,177,9335,2011,0.0,2195.0,0.9806790000000001,1.110449,EST,POL,851440
5097842,77,177,9335,2011,134047.0,0.0,1.532054,0.09339299999999999,FRA,POL,851440
5097843,81,177,9335,2011,42718.0,135076.0,1.8048220000000001,0.380141,GBR,POL,851440
5097844,90,177,9335,2011,0.0,27286.0,0.138679,1.30044,GRC,POL,851440
5097845,97,177,9335,2011,2034.0,0.0,0.663588,1.902118,HKG,POL,851440
5097846,104,177,9335,2011,0.0,32242.0,0.18276199999999998,2.398765,IND,POL,851440
5097847,109,177,9335,2011,0.0,1251.0,0.284202,-0.23753000000000002,ISL,POL,851440
5097848,110,177,9335,2011,1029.0,0.0,1.324384,0.714611,ISR,POL,851440
5097849,111,177,9335,2011,369645.0,7289.0,1.298751,0.48013599999999995,ITA,POL,851440
5097850,130,177,9335,2011,0.0,12976.0,0.747963,0.9759530000000001,LTU,POL,851440
5097851,131,177,9335,2011,6453.0,0.0,1.1655739999999999,1.222379,LUX,POL,851440
5097852,132,177,9335,2011,0.0,1702.0,0.7320939999999999,1.101321,LVA,POL,851440
5097853,162,177,9335,2011,30513.0,0.0,1.1655229999999999,1.410167,NLD,POL,851440
5097854,163,177,9335,2011,162207.0,162570.0,0.8492770000000001,0.050044,NOR,POL,851440
5097855,179,177,9335,2011,0.0,2167.0,0.558481,2.7056240000000003,PRT,POL,851440
5097856,185,177,9335,2011,0.0,1575.0,0.722,1.296655,ROU,POL,851440
5097857,186,177,9335,2011,0.0,1531.0,0.47319399999999995,-0.20801599999999998,RUS,POL,851440
5097858,192,177,9335,2011,2615.0,0.0,1.849116,0.52127,SGP,POL,851440
5097859,201,177,9335,2011,5287.0,0.0,0.49055699999999997,1.5601399999999999,SRB,POL,851440
5097860,206,177,9335,2011,0.0,14437.0,1.262897,0.8230569999999999,SVK,POL,851440
5097861,207,177,9335,2011,0.0,1033.0,1.642913,0.700222,SVN,POL,851440
5097862,208,177,9335,2011,71473.0,1386.0,1.857146,0.366159,SWE,POL,851440
5097863,228,177,9335,2011,0.0,17512.0,0.6221409999999999,0.765505,UKR,POL,851440
5097864,231,177,9335,2011,87308.0,9201.0,1.6884849999999998,-0.474499,USA,POL,851440
5097865,239,177,9335,2011,0.0,87258.0,-0.184453,1.637207,VNM,POL,851440
5097866,246,177,9335,2011,3300.0,0.0,0.241792,1.353011,ZAF,POL,851440
5097867,249,177,9335,2011,1206.0,0.0,1.803234,0.921233,TWN,POL,851440
5097868,2,179,9335,2011,0.0,112756.0,-1.252991,-1.132314,AGO,PRT,851440
5097869,18,179,9335,2011,38357.0,0.0,1.221703,1.247961,BEL,PRT,851440
5097870,32,179,9335,2011,0.0,8314.0,0.27718400000000004,0.5674319999999999,BRA,PRT,851440
5097871,39,179,9335,2011,4041.0,0.0,0.754813,1.1967290000000002,CAN,PRT,851440
5097872,41,179,9335,2011,1073.0,0.0,2.2644029999999997,0.406131,CHE,PRT,851440
5097873,43,179,9335,2011,5999.0,0.0,1.072299,1.686826,CHN,PRT,851440
5097874,61,179,9335,2011,143639.0,0.0,2.074435,-3.440815,DEU,PRT,851440
5097875,71,179,9335,2011,12684.0,4343.0,0.8677290000000001,2.4618450000000003,ESP,PRT,851440
5097876,74,179,9335,2011,11213.0,0.0,1.7488830000000002,0.890934,FIN,PRT,851440
5097877,77,179,9335,2011,30004.0,30051.0,1.532054,0.09339299999999999,FRA,PRT,851440
5097878,81,179,9335,2011,126438.0,0.0,1.8048220000000001,0.380141,GBR,PRT,851440
5097879,104,179,9335,2011,0.0,60303.0,0.18276199999999998,2.398765,IND,PRT,851440
5097880,111,179,9335,2011,13682.0,0.0,1.298751,0.48013599999999995,ITA,PRT,851440
5097881,147,179,9335,2011,0.0,2881.0,-1.2069299999999998,-0.977785,MOZ,PRT,851440
5097882,177,179,9335,2011,2167.0,0.0,1.133641,1.134203,POL,PRT,851440
5097883,216,179,9335,2011,0.0,185709.0,0.889009,1.503118,THA,PRT,851440
5097884,231,179,9335,2011,3683.0,0.0,1.6884849999999998,-0.474499,USA,PRT,851440
5097885,249,179,9335,2011,5639.0,0.0,1.803234,0.921233,TWN,PRT,851440
5097886,18,180,9335,2011,2291.0,0.0,1.221703,1.247961,BEL,PRY,851440
5097887,32,180,9335,2011,1781.0,0.0,0.27718400000000004,0.5674319999999999,BRA,PRY,851440
5097888,43,180,9335,2011,2370.0,0.0,1.072299,1.686826,CHN,PRY,851440
5097889,231,180,9335,2011,24975.0,0.0,1.6884849999999998,-0.474499,USA,PRY,851440
5097890,18,183,9335,2011,163959.0,0.0,1.221703,1.247961,BEL,QAT,851440
5097891,39,183,9335,2011,1413647.0,0.0,0.754813,1.1967290000000002,CAN,QAT,851440
5097892,61,183,9335,2011,126169.0,0.0,2.074435,-3.440815,DEU,QAT,851440
5097893,77,183,9335,2011,33378.0,0.0,1.532054,0.09339299999999999,FRA,QAT,851440
5097894,81,183,9335,2011,367685.0,0.0,1.8048220000000001,0.380141,GBR,QAT,851440
5097895,111,183,9335,2011,5290.0,0.0,1.298751,0.48013599999999995,ITA,QAT,851440
5097896,163,183,9335,2011,0.0,1748.0,0.8492770000000001,0.050044,NOR,QAT,851440
5097897,192,183,9335,2011,20100.0,0.0,1.849116,0.52127,SGP,QAT,851440
5097898,231,183,9335,2011,192727.0,0.0,1.6884849999999998,-0.474499,USA,QAT,851440
5097899,15,185,9335,2011,56333.0,0.0,1.687634,-0.229095,AUT,ROU,851440
5097900,18,185,9335,2011,14327.0,0.0,1.221703,1.247961,BEL,ROU,851440
5097901,39,185,9335,2011,3063.0,0.0,0.754813,1.1967290000000002,CAN,ROU,851440
5097902,41,185,9335,2011,1401.0,0.0,2.2644029999999997,0.406131,CHE,ROU,851440
5097903,43,185,9335,2011,125760.0,0.0,1.072299,1.686826,CHN,ROU,851440
5097904,59,185,9335,2011,19837.0,0.0,1.737788,0.14741600000000002,CZE,ROU,851440
5097905,61,185,9335,2011,728568.0,307038.0,2.074435,-3.440815,DEU,ROU,851440
5097906,71,185,9335,2011,2189.0,0.0,0.8677290000000001,2.4618450000000003,ESP,ROU,851440
5097907,77,185,9335,2011,203302.0,0.0,1.532054,0.09339299999999999,FRA,ROU,851440
5097908,81,185,9335,2011,54642.0,0.0,1.8048220000000001,0.380141,GBR,ROU,851440
5097909,102,185,9335,2011,48909.0,0.0,1.486592,0.805642,HUN,ROU,851440
5097910,104,185,9335,2011,2258.0,6367.0,0.18276199999999998,2.398765,IND,ROU,851440
5097911,111,185,9335,2011,45419.0,0.0,1.298751,0.48013599999999995,ITA,ROU,851440
5097912,135,185,9335,2011,7808.0,10317.0,-0.225556,0.28622,MDA,ROU,851440
5097913,138,185,9335,2011,0.0,12284.0,0.9534600000000001,0.706982,MEX,ROU,851440
5097914,162,185,9335,2011,24285.0,0.0,1.1655229999999999,1.410167,NLD,ROU,851440
5097915,163,185,9335,2011,143242.0,0.0,0.8492770000000001,0.050044,NOR,ROU,851440
5097916,177,185,9335,2011,1575.0,0.0,1.133641,1.134203,POL,ROU,851440
5097917,188,185,9335,2011,0.0,53955.0,0.354045,-0.800028,SAU,ROU,851440
5097918,208,185,9335,2011,10859.0,0.0,1.857146,0.366159,SWE,ROU,851440
5097919,224,185,9335,2011,33759.0,71012.0,0.45775,2.4316259999999996,TUR,ROU,851440
5097920,231,185,9335,2011,570748.0,0.0,1.6884849999999998,-0.474499,USA,ROU,851440
5097921,249,185,9335,2011,10997.0,0.0,1.803234,0.921233,TWN,ROU,851440
5097922,15,188,9335,2011,57256.0,0.0,1.687634,-0.229095,AUT,SAU,851440
5097923,18,188,9335,2011,6168.0,0.0,1.221703,1.247961,BEL,SAU,851440
5097924,39,188,9335,2011,9299.0,0.0,0.754813,1.1967290000000002,CAN,SAU,851440
5097925,41,188,9335,2011,265044.0,0.0,2.2644029999999997,0.406131,CHE,SAU,851440
5097926,43,188,9335,2011,812206.0,0.0,1.072299,1.686826,CHN,SAU,851440
5097927,61,188,9335,2011,325655.0,0.0,2.074435,-3.440815,DEU,SAU,851440
5097928,77,188,9335,2011,14877.0,0.0,1.532054,0.09339299999999999,FRA,SAU,851440
5097929,81,188,9335,2011,1324908.0,6854.0,1.8048220000000001,0.380141,GBR,SAU,851440
5097930,104,188,9335,2011,7632.0,0.0,0.18276199999999998,2.398765,IND,SAU,851440
5097931,111,188,9335,2011,73743.0,0.0,1.298751,0.48013599999999995,ITA,SAU,851440
5097932,113,188,9335,2011,65729.0,0.0,0.231605,0.47049399999999997,JOR,SAU,851440
5097933,121,188,9335,2011,985345.0,0.0,1.731371,0.8306879999999999,KOR,SAU,851440
5097934,153,188,9335,2011,31001.0,0.0,0.9893290000000001,0.632079,MYS,SAU,851440
5097935,162,188,9335,2011,143943.0,0.0,1.1655229999999999,1.410167,NLD,SAU,851440
5097936,163,188,9335,2011,0.0,780.0,0.8492770000000001,0.050044,NOR,SAU,851440
5097937,185,188,9335,2011,53955.0,0.0,0.722,1.296655,ROU,SAU,851440
5097938,192,188,9335,2011,195245.0,0.0,1.849116,0.52127,SGP,SAU,851440
5097939,216,188,9335,2011,1727524.0,0.0,0.889009,1.503118,THA,SAU,851440
5097940,224,188,9335,2011,556552.0,0.0,0.45775,2.4316259999999996,TUR,SAU,851440
5097941,228,188,9335,2011,0.0,5699.0,0.6221409999999999,0.765505,UKR,SAU,851440
5097942,231,188,9335,2011,1135139.0,0.0,1.6884849999999998,-0.474499,USA,SAU,851440
5097943,14,190,9335,2011,1787.0,0.0,-0.138148,0.002999,AUS,SDN,851440
5097944,43,190,9335,2011,134847.0,0.0,1.072299,1.686826,CHN,SDN,851440
5097945,81,190,9335,2011,3541.0,0.0,1.8048220000000001,0.380141,GBR,SDN,851440
5097946,111,190,9335,2011,3617.0,0.0,1.298751,0.48013599999999995,ITA,SDN,851440
5097947,113,190,9335,2011,3952.0,0.0,0.231605,0.47049399999999997,JOR,SDN,851440
5097948,162,190,9335,2011,3738.0,0.0,1.1655229999999999,1.410167,NLD,SDN,851440
5097949,206,190,9335,2011,101275.0,0.0,1.262897,0.8230569999999999,SVK,SDN,851440
5097950,7,192,9335,2011,0.0,3161670.0,0.030652,-0.450808,ARE,SGP,851440
5097951,14,192,9335,2011,9384.0,163752.0,-0.138148,0.002999,AUS,SGP,851440
5097952,18,192,9335,2011,394530.0,0.0,1.221703,1.247961,BEL,SGP,851440
5097953,22,192,9335,2011,0.0,31082.0,-1.074416,-0.8276370000000001,BGD,SGP,851440
5097954,39,192,9335,2011,20502.0,14676.0,0.754813,1.1967290000000002,CAN,SGP,851440
5097955,41,192,9335,2011,5276.0,0.0,2.2644029999999997,0.406131,CHE,SGP,851440
5097956,43,192,9335,2011,146658.0,169533.0,1.072299,1.686826,CHN,SGP,851440
5097957,59,192,9335,2011,2273.0,0.0,1.737788,0.14741600000000002,CZE,SGP,851440
5097958,61,192,9335,2011,346680.0,2685.0,2.074435,-3.440815,DEU,SGP,851440
5097959,64,192,9335,2011,0.0,5184.0,1.156026,1.2248299999999999,DNK,SGP,851440
5097960,74,192,9335,2011,2924.0,0.0,1.7488830000000002,0.890934,FIN,SGP,851440
5097961,77,192,9335,2011,13773.0,2729.0,1.532054,0.09339299999999999,FRA,SGP,851440
5097962,81,192,9335,2011,370805.0,24667.0,1.8048220000000001,0.380141,GBR,SGP,851440
5097963,97,192,9335,2011,26467.0,27772.0,0.663588,1.902118,HKG,SGP,851440
5097964,100,192,9335,2011,0.0,942.0,0.868294,0.9424299999999999,HRV,SGP,851440
5097965,103,192,9335,2011,0.0,221751.0,-0.234125,1.168384,IDN,SGP,851440
5097966,104,192,9335,2011,38957.0,182044.0,0.18276199999999998,2.398765,IND,SGP,851440
5097967,110,192,9335,2011,0.0,4866.0,1.324384,0.714611,ISR,SGP,851440
5097968,111,192,9335,2011,84433.0,0.0,1.298751,0.48013599999999995,ITA,SGP,851440
5097969,114,192,9335,2011,1058630.0,106773.0,2.516395,-0.534301,JPN,SGP,851440
5097970,121,192,9335,2011,93382.0,85399.0,1.731371,0.8306879999999999,KOR,SGP,851440
5097971,128,192,9335,2011,0.0,40963.0,-0.559311,0.398905,LKA,SGP,851440
5097972,137,192,9335,2011,0.0,34799.0,-0.937469,-0.87897,MDV,SGP,851440
5097973,143,192,9335,2011,0.0,86117.0,-1.3557190000000001,-0.929934,MMR,SGP,851440
5097974,153,192,9335,2011,51877.0,355586.0,0.9893290000000001,0.632079,MYS,SGP,851440
5097975,162,192,9335,2011,241843.0,0.0,1.1655229999999999,1.410167,NLD,SGP,851440
5097976,164,192,9335,2011,0.0,1742.0,-0.242299,0.801966,NPL,SGP,851440
5097977,166,192,9335,2011,0.0,21200.0,0.372732,0.548601,NZL,SGP,851440
5097978,174,192,9335,2011,13261.0,35194.0,0.364707,0.322626,PHL,SGP,851440
5097979,176,192,9335,2011,0.0,6815.0,-1.1111659999999999,-0.9458610000000001,PNG,SGP,851440
5097980,177,192,9335,2011,0.0,2615.0,1.133641,1.134203,POL,SGP,851440
5097981,183,192,9335,2011,0.0,20100.0,-0.45851899999999995,-1.017033,QAT,SGP,851440
5097982,188,192,9335,2011,0.0,195245.0,0.354045,-0.800028,SAU,SGP,851440
5097983,208,192,9335,2011,10575.0,0.0,1.857146,0.366159,SWE,SGP,851440
5097984,216,192,9335,2011,0.0,92148.0,0.889009,1.503118,THA,SGP,851440
5097985,231,192,9335,2011,2178083.0,87043.0,1.6884849999999998,-0.474499,USA,SGP,851440
5097986,236,192,9335,2011,0.0,6028.0,-0.841147,-1.095636,VEN,SGP,851440
5097987,239,192,9335,2011,19346.0,64355.0,-0.184453,1.637207,VNM,SGP,851440
5097988,246,192,9335,2011,151431.0,0.0,0.241792,1.353011,ZAF,SGP,851440
5097989,249,192,9335,2011,18030.0,185875.0,1.803234,0.921233,TWN,SGP,851440
5097990,18,197,9335,2011,3902.0,0.0,1.221703,1.247961,BEL,SLV,851440
5097991,61,197,9335,2011,1648.0,0.0,2.074435,-3.440815,DEU,SLV,851440
5097992,93,197,9335,2011,1239.0,0.0,-0.329497,0.775369,GTM,SLV,851440
5097993,138,197,9335,2011,1135.0,0.0,0.9534600000000001,0.706982,MEX,SLV,851440
5097994,231,197,9335,2011,90574.0,0.0,1.6884849999999998,-0.474499,USA,SLV,851440
5097995,162,205,9335,2011,1385.0,0.0,1.1655229999999999,1.410167,NLD,SUR,851440
5097996,231,205,9335,2011,9113.0,0.0,1.6884849999999998,-0.474499,USA,SUR,851440
5097997,15,206,9335,2011,59657.0,0.0,1.687634,-0.229095,AUT,SVK,851440
5097998,18,206,9335,2011,6859.0,0.0,1.221703,1.247961,BEL,SVK,851440
5097999,41,206,9335,2011,10004.0,0.0,2.2644029999999997,0.406131,CHE,SVK,851440
5098000,43,206,9335,2011,468297.0,0.0,1.072299,1.686826,CHN,SVK,851440
5098001,59,206,9335,2011,385090.0,85655.0,1.737788,0.14741600000000002,CZE,SVK,851440
5098002,61,206,9335,2011,1879451.0,0.0,2.074435,-3.440815,DEU,SVK,851440
5098003,71,206,9335,2011,919723.0,0.0,0.8677290000000001,2.4618450000000003,ESP,SVK,851440
5098004,77,206,9335,2011,12642.0,0.0,1.532054,0.09339299999999999,FRA,SVK,851440
5098005,104,206,9335,2011,0.0,20311.0,0.18276199999999998,2.398765,IND,SVK,851440
5098006,111,206,9335,2011,39389.0,0.0,1.298751,0.48013599999999995,ITA,SVK,851440
5098007,162,206,9335,2011,5652.0,0.0,1.1655229999999999,1.410167,NLD,SVK,851440
5098008,163,206,9335,2011,26794.0,0.0,0.8492770000000001,0.050044,NOR,SVK,851440
5098009,177,206,9335,2011,14437.0,0.0,1.133641,1.134203,POL,SVK,851440
5098010,186,206,9335,2011,0.0,59088.0,0.47319399999999995,-0.20801599999999998,RUS,SVK,851440
5098011,190,206,9335,2011,0.0,101275.0,-2.1675869999999997,-1.249272,SDN,SVK,851440
5098012,246,206,9335,2011,196.0,0.0,0.241792,1.353011,ZAF,SVK,851440
5098013,250,206,9335,2011,850428.0,0.0,0.475638,-0.160135,ANS,SVK,851440
5098014,15,207,9335,2011,18327.0,15804.0,1.687634,-0.229095,AUT,SVN,851440
5098015,18,207,9335,2011,6884.0,0.0,1.221703,1.247961,BEL,SVN,851440
5098016,26,207,9335,2011,0.0,17210.0,0.391425,0.6066600000000001,BIH,SVN,851440
5098017,39,207,9335,2011,585.0,0.0,0.754813,1.1967290000000002,CAN,SVN,851440
5098018,41,207,9335,2011,3137.0,0.0,2.2644029999999997,0.406131,CHE,SVN,851440
5098019,43,207,9335,2011,4385.0,0.0,1.072299,1.686826,CHN,SVN,851440
5098020,59,207,9335,2011,18666.0,0.0,1.737788,0.14741600000000002,CZE,SVN,851440
5098021,61,207,9335,2011,1041516.0,0.0,2.074435,-3.440815,DEU,SVN,851440
5098022,66,207,9335,2011,0.0,211616.0,-1.36763,-1.140594,DZA,SVN,851440
5098023,74,207,9335,2011,1857.0,0.0,1.7488830000000002,0.890934,FIN,SVN,851440
5098024,77,207,9335,2011,60577.0,0.0,1.532054,0.09339299999999999,FRA,SVN,851440
5098025,81,207,9335,2011,1141.0,0.0,1.8048220000000001,0.380141,GBR,SVN,851440
5098026,100,207,9335,2011,5419.0,15418.0,0.868294,0.9424299999999999,HRV,SVN,851440
5098027,111,207,9335,2011,231381.0,40220.0,1.298751,0.48013599999999995,ITA,SVN,851440
5098028,162,207,9335,2011,10516.0,0.0,1.1655229999999999,1.410167,NLD,SVN,851440
5098029,177,207,9335,2011,1033.0,0.0,1.133641,1.134203,POL,SVN,851440
5098030,186,207,9335,2011,0.0,1371179.0,0.47319399999999995,-0.20801599999999998,RUS,SVN,851440
5098031,201,207,9335,2011,379018.0,5654.0,0.49055699999999997,1.5601399999999999,SRB,SVN,851440
5098032,208,207,9335,2011,5503.0,0.0,1.857146,0.366159,SWE,SVN,851440
5098033,228,207,9335,2011,0.0,10136.0,0.6221409999999999,0.765505,UKR,SVN,851440
5098034,231,207,9335,2011,121250.0,0.0,1.6884849999999998,-0.474499,USA,SVN,851440
5098035,250,207,9335,2011,16140.0,0.0,0.475638,-0.160135,ANS,SVN,851440
5098036,7,208,9335,2011,0.0,28804.0,0.030652,-0.450808,ARE,SWE,851440
5098037,14,208,9335,2011,0.0,10697.0,-0.138148,0.002999,AUS,SWE,851440
5098038,15,208,9335,2011,7377.0,25018.0,1.687634,-0.229095,AUT,SWE,851440
5098039,18,208,9335,2011,173843.0,6414.0,1.221703,1.247961,BEL,SWE,851440
5098040,23,208,9335,2011,0.0,1504.0,0.537967,1.520973,BGR,SWE,851440
5098041,28,208,9335,2011,0.0,24838.0,0.8786729999999999,0.442097,BLR,SWE,851440
5098042,39,208,9335,2011,243462.0,0.0,0.754813,1.1967290000000002,CAN,SWE,851440
5098043,41,208,9335,2011,8865.0,35768.0,2.2644029999999997,0.406131,CHE,SWE,851440
5098044,42,208,9335,2011,0.0,150347.0,-0.199877,-0.353009,CHL,SWE,851440
5098045,43,208,9335,2011,1031.0,1104534.0,1.072299,1.686826,CHN,SWE,851440
5098046,59,208,9335,2011,0.0,51548.0,1.737788,0.14741600000000002,CZE,SWE,851440
5098047,61,208,9335,2011,966444.0,80044.0,2.074435,-3.440815,DEU,SWE,851440
5098048,64,208,9335,2011,2769.0,191082.0,1.156026,1.2248299999999999,DNK,SWE,851440
5098049,68,208,9335,2011,0.0,1708.0,-0.166243,1.384719,EGY,SWE,851440
5098050,71,208,9335,2011,2589388.0,0.0,0.8677290000000001,2.4618450000000003,ESP,SWE,851440
5098051,72,208,9335,2011,0.0,16752.0,0.9806790000000001,1.110449,EST,SWE,851440
5098052,74,208,9335,2011,4323.0,2070540.0,1.7488830000000002,0.890934,FIN,SWE,851440
5098053,77,208,9335,2011,75167.0,142434.0,1.532054,0.09339299999999999,FRA,SWE,851440
5098054,81,208,9335,2011,514865.0,23386.0,1.8048220000000001,0.380141,GBR,SWE,851440
5098055,97,208,9335,2011,1476.0,0.0,0.663588,1.902118,HKG,SWE,851440
5098056,102,208,9335,2011,0.0,15634.0,1.486592,0.805642,HUN,SWE,851440
5098057,104,208,9335,2011,0.0,223276.0,0.18276199999999998,2.398765,IND,SWE,851440
5098058,109,208,9335,2011,0.0,7909.0,0.284202,-0.23753000000000002,ISL,SWE,851440
5098059,110,208,9335,2011,0.0,9042.0,1.324384,0.714611,ISR,SWE,851440
5098060,111,208,9335,2011,27942.0,319695.0,1.298751,0.48013599999999995,ITA,SWE,851440
5098061,114,208,9335,2011,2631.0,2209.0,2.516395,-0.534301,JPN,SWE,851440
5098062,122,208,9335,2011,0.0,1003.0,-0.898582,-1.09893,KWT,SWE,851440
5098063,130,208,9335,2011,0.0,93626.0,0.747963,0.9759530000000001,LTU,SWE,851440
5098064,138,208,9335,2011,0.0,3084.0,0.9534600000000001,0.706982,MEX,SWE,851440
5098065,153,208,9335,2011,0.0,4663.0,0.9893290000000001,0.632079,MYS,SWE,851440
5098066,162,208,9335,2011,49157.0,36299.0,1.1655229999999999,1.410167,NLD,SWE,851440
5098067,163,208,9335,2011,1641806.0,708548.0,0.8492770000000001,0.050044,NOR,SWE,851440
5098068,167,208,9335,2011,0.0,3175.0,-0.473703,-0.952491,OMN,SWE,851440
5098069,168,208,9335,2011,0.0,2065.0,-0.729677,0.6026729999999999,PAK,SWE,851440
5098070,173,208,9335,2011,0.0,9578.0,-0.455977,0.442543,PER,SWE,851440
5098071,176,208,9335,2011,0.0,2171.0,-1.1111659999999999,-0.9458610000000001,PNG,SWE,851440
5098072,177,208,9335,2011,1386.0,71473.0,1.133641,1.134203,POL,SWE,851440
5098073,185,208,9335,2011,0.0,10859.0,0.722,1.296655,ROU,SWE,851440
5098074,186,208,9335,2011,0.0,146248.0,0.47319399999999995,-0.20801599999999998,RUS,SWE,851440
5098075,192,208,9335,2011,0.0,10575.0,1.849116,0.52127,SGP,SWE,851440
5098076,207,208,9335,2011,0.0,5503.0,1.642913,0.700222,SVN,SWE,851440
5098077,216,208,9335,2011,0.0,5273.0,0.889009,1.503118,THA,SWE,851440
5098078,224,208,9335,2011,0.0,35882.0,0.45775,2.4316259999999996,TUR,SWE,851440
5098079,231,208,9335,2011,378346.0,49014.0,1.6884849999999998,-0.474499,USA,SWE,851440
5098080,236,208,9335,2011,0.0,14996.0,-0.841147,-1.095636,VEN,SWE,851440
5098081,239,208,9335,2011,0.0,155868.0,-0.184453,1.637207,VNM,SWE,851440
5098082,246,208,9335,2011,0.0,9134.0,0.241792,1.353011,ZAF,SWE,851440
5098083,249,208,9335,2011,0.0,50082.0,1.803234,0.921233,TWN,SWE,851440
5098084,18,216,9335,2011,0.0,157052.0,1.221703,1.247961,BEL,THA,851440
5098085,22,216,9335,2011,0.0,142295.0,-1.074416,-0.8276370000000001,BGD,THA,851440
5098086,28,216,9335,2011,0.0,7260.0,0.8786729999999999,0.442097,BLR,THA,851440
5098087,32,216,9335,2011,0.0,42716.0,0.27718400000000004,0.5674319999999999,BRA,THA,851440
5098088,39,216,9335,2011,83955.0,0.0,0.754813,1.1967290000000002,CAN,THA,851440
5098089,41,216,9335,2011,2265.0,0.0,2.2644029999999997,0.406131,CHE,THA,851440
5098090,43,216,9335,2011,1004413.0,433847.0,1.072299,1.686826,CHN,THA,851440
5098091,61,216,9335,2011,314150.0,11042.0,2.074435,-3.440815,DEU,THA,851440
5098092,71,216,9335,2011,605889.0,0.0,0.8677290000000001,2.4618450000000003,ESP,THA,851440
5098093,77,216,9335,2011,0.0,99536.0,1.532054,0.09339299999999999,FRA,THA,851440
5098094,81,216,9335,2011,132227.0,0.0,1.8048220000000001,0.380141,GBR,THA,851440
5098095,103,216,9335,2011,31192.0,12194.0,-0.234125,1.168384,IDN,THA,851440
5098096,111,216,9335,2011,70211.0,52318.0,1.298751,0.48013599999999995,ITA,THA,851440
5098097,114,216,9335,2011,5358463.0,538314.0,2.516395,-0.534301,JPN,THA,851440
5098098,121,216,9335,2011,11687.0,5932.0,1.731371,0.8306879999999999,KOR,THA,851440
5098099,123,216,9335,2011,0.0,9368.0,-1.135039,-0.929759,LAO,THA,851440
5098100,132,216,9335,2011,1187.0,0.0,0.7320939999999999,1.101321,LVA,THA,851440
5098101,138,216,9335,2011,0.0,12180.0,0.9534600000000001,0.706982,MEX,THA,851440
5098102,143,216,9335,2011,0.0,5337.0,-1.3557190000000001,-0.929934,MMR,THA,851440
5098103,153,216,9335,2011,12114.0,13166.0,0.9893290000000001,0.632079,MYS,THA,851440
5098104,162,216,9335,2011,133812.0,0.0,1.1655229999999999,1.410167,NLD,THA,851440
5098105,166,216,9335,2011,0.0,45649.0,0.372732,0.548601,NZL,THA,851440
5098106,174,216,9335,2011,123379.0,6873.0,0.364707,0.322626,PHL,THA,851440
5098107,179,216,9335,2011,185709.0,0.0,0.558481,2.7056240000000003,PRT,THA,851440
5098108,188,216,9335,2011,0.0,1727524.0,0.354045,-0.800028,SAU,THA,851440
5098109,192,216,9335,2011,92148.0,0.0,1.849116,0.52127,SGP,THA,851440
5098110,208,216,9335,2011,5273.0,0.0,1.857146,0.366159,SWE,THA,851440
5098111,224,216,9335,2011,0.0,2712.0,0.45775,2.4316259999999996,TUR,THA,851440
5098112,231,216,9335,2011,451532.0,3208641.0,1.6884849999999998,-0.474499,USA,THA,851440
5098113,239,216,9335,2011,0.0,28172.0,-0.184453,1.637207,VNM,THA,851440
5098114,246,216,9335,2011,5850.0,0.0,0.241792,1.353011,ZAF,THA,851440
5098115,249,216,9335,2011,486206.0,12772.0,1.803234,0.921233,TWN,THA,851440
5098116,18,222,9335,2011,1759.0,0.0,1.221703,1.247961,BEL,TTO,851440
5098117,39,222,9335,2011,34950.0,0.0,0.754813,1.1967290000000002,CAN,TTO,851440
5098118,43,222,9335,2011,21385.0,0.0,1.072299,1.686826,CHN,TTO,851440
5098119,231,222,9335,2011,19001.0,0.0,1.6884849999999998,-0.474499,USA,TTO,851440
5098120,7,224,9335,2011,0.0,1540.0,0.030652,-0.450808,ARE,TUR,851440
5098121,15,224,9335,2011,1006.0,7559.0,1.687634,-0.229095,AUT,TUR,851440
5098122,16,224,9335,2011,0.0,4415.0,-1.313136,-1.189989,AZE,TUR,851440
5098123,18,224,9335,2011,75004.0,3322.0,1.221703,1.247961,BEL,TUR,851440
5098124,23,224,9335,2011,992.0,0.0,0.537967,1.520973,BGR,TUR,851440
5098125,28,224,9335,2011,0.0,36298.0,0.8786729999999999,0.442097,BLR,TUR,851440
5098126,39,224,9335,2011,127100.0,0.0,0.754813,1.1967290000000002,CAN,TUR,851440
5098127,41,224,9335,2011,1985.0,0.0,2.2644029999999997,0.406131,CHE,TUR,851440
5098128,43,224,9335,2011,1103918.0,0.0,1.072299,1.686826,CHN,TUR,851440
5098129,59,224,9335,2011,0.0,4737.0,1.737788,0.14741600000000002,CZE,TUR,851440
5098130,61,224,9335,2011,2687420.0,22745.0,2.074435,-3.440815,DEU,TUR,851440
5098131,64,224,9335,2011,0.0,1879.0,1.156026,1.2248299999999999,DNK,TUR,851440
5098132,66,224,9335,2011,0.0,180567.0,-1.36763,-1.140594,DZA,TUR,851440
5098133,71,224,9335,2011,17385.0,0.0,0.8677290000000001,2.4618450000000003,ESP,TUR,851440
5098134,77,224,9335,2011,30995.0,0.0,1.532054,0.09339299999999999,FRA,TUR,851440
5098135,81,224,9335,2011,72988.0,1493091.0,1.8048220000000001,0.380141,GBR,TUR,851440
5098136,104,224,9335,2011,17235.0,16547.0,0.18276199999999998,2.398765,IND,TUR,851440
5098137,107,224,9335,2011,0.0,50032.0,-0.915379,-0.973194,IRN,TUR,851440
5098138,108,224,9335,2011,0.0,2634.0,-2.175137,-0.726975,IRQ,TUR,851440
5098139,110,224,9335,2011,9644.0,0.0,1.324384,0.714611,ISR,TUR,851440
5098140,111,224,9335,2011,212180.0,24662.0,1.298751,0.48013599999999995,ITA,TUR,851440
5098141,113,224,9335,2011,0.0,5189.0,0.231605,0.47049399999999997,JOR,TUR,851440
5098142,114,224,9335,2011,2553.0,14364.0,2.516395,-0.534301,JPN,TUR,851440
5098143,128,224,9335,2011,0.0,730.0,-0.559311,0.398905,LKA,TUR,851440
5098144,137,224,9335,2011,0.0,70278.0,-0.937469,-0.87897,MDV,TUR,851440
5098145,138,224,9335,2011,2252.0,0.0,0.9534600000000001,0.706982,MEX,TUR,851440
5098146,142,224,9335,2011,23734.0,0.0,1.3001340000000001,0.22605799999999998,MLT,TUR,851440
5098147,153,224,9335,2011,0.0,1602.0,0.9893290000000001,0.632079,MYS,TUR,851440
5098148,162,224,9335,2011,100960.0,3780.0,1.1655229999999999,1.410167,NLD,TUR,851440
5098149,163,224,9335,2011,117717.0,18762.0,0.8492770000000001,0.050044,NOR,TUR,851440
5098150,173,224,9335,2011,0.0,1377.0,-0.455977,0.442543,PER,TUR,851440
5098151,181,224,9335,2011,0.0,33297.0,0.07902999999999999,0.550277,PSE,TUR,851440
5098152,185,224,9335,2011,71012.0,33759.0,0.722,1.296655,ROU,TUR,851440
5098153,186,224,9335,2011,7796.0,0.0,0.47319399999999995,-0.20801599999999998,RUS,TUR,851440
5098154,188,224,9335,2011,0.0,556552.0,0.354045,-0.800028,SAU,TUR,851440
5098155,208,224,9335,2011,35882.0,0.0,1.857146,0.366159,SWE,TUR,851440
5098156,216,224,9335,2011,2712.0,0.0,0.889009,1.503118,THA,TUR,851440
5098157,219,224,9335,2011,0.0,56051.0,-1.549495,-1.202504,TKM,TUR,851440
5098158,227,224,9335,2011,0.0,25973.0,-0.7153,-0.062678,UGA,TUR,851440
5098159,228,224,9335,2011,38466.0,0.0,0.6221409999999999,0.765505,UKR,TUR,851440
5098160,231,224,9335,2011,883082.0,3615.0,1.6884849999999998,-0.474499,USA,TUR,851440
5098161,246,224,9335,2011,7703.0,0.0,0.241792,1.353011,ZAF,TUR,851440
5098162,249,224,9335,2011,376561.0,0.0,1.803234,0.921233,TWN,TUR,851440
5098163,250,224,9335,2011,0.0,17550.0,0.475638,-0.160135,ANS,TUR,851440
5098164,14,228,9335,2011,0.0,2351.0,-0.138148,0.002999,AUS,UKR,851440
5098165,15,228,9335,2011,0.0,4052.0,1.687634,-0.229095,AUT,UKR,851440
5098166,39,228,9335,2011,7635.0,0.0,0.754813,1.1967290000000002,CAN,UKR,851440
5098167,41,228,9335,2011,1198.0,0.0,2.2644029999999997,0.406131,CHE,UKR,851440
5098168,43,228,9335,2011,84802.0,0.0,1.072299,1.686826,CHN,UKR,851440
5098169,61,228,9335,2011,299597.0,0.0,2.074435,-3.440815,DEU,UKR,851440
5098170,77,228,9335,2011,20005.0,0.0,1.532054,0.09339299999999999,FRA,UKR,851440
5098171,81,228,9335,2011,1399.0,0.0,1.8048220000000001,0.380141,GBR,UKR,851440
5098172,102,228,9335,2011,975.0,0.0,1.486592,0.805642,HUN,UKR,851440
5098173,111,228,9335,2011,22053.0,0.0,1.298751,0.48013599999999995,ITA,UKR,851440
5098174,141,228,9335,2011,0.0,3286.0,-0.6778109999999999,-0.653211,MLI,UKR,851440
5098175,144,228,9335,2011,0.0,247140.0,0.149559,0.024935,MNE,UKR,851440
5098176,162,228,9335,2011,16611.0,23404.0,1.1655229999999999,1.410167,NLD,UKR,851440
5098177,177,228,9335,2011,17512.0,0.0,1.133641,1.134203,POL,UKR,851440
5098178,186,228,9335,2011,578677.0,9651.0,0.47319399999999995,-0.20801599999999998,RUS,UKR,851440
5098179,188,228,9335,2011,5699.0,0.0,0.354045,-0.800028,SAU,UKR,851440
5098180,207,228,9335,2011,10136.0,0.0,1.642913,0.700222,SVN,UKR,851440
5098181,224,228,9335,2011,0.0,38466.0,0.45775,2.4316259999999996,TUR,UKR,851440
5098182,231,228,9335,2011,15796.0,0.0,1.6884849999999998,-0.474499,USA,UKR,851440
5098183,246,228,9335,2011,1881.0,0.0,0.241792,1.353011,ZAF,UKR,851440
5098184,18,230,9335,2011,181362.0,0.0,1.221703,1.247961,BEL,URY,851440
5098185,41,230,9335,2011,6144.0,0.0,2.2644029999999997,0.406131,CHE,URY,851440
5098186,71,230,9335,2011,2026.0,0.0,0.8677290000000001,2.4618450000000003,ESP,URY,851440
5098187,74,230,9335,2011,0.0,10601.0,1.7488830000000002,0.890934,FIN,URY,851440
5098188,110,230,9335,2011,1223.0,0.0,1.324384,0.714611,ISR,URY,851440
5098189,162,230,9335,2011,1345.0,0.0,1.1655229999999999,1.410167,NLD,URY,851440
5098190,231,230,9335,2011,32689.0,0.0,1.6884849999999998,-0.474499,USA,URY,851440
5098191,0,231,9335,2011,0.0,19876.0,-0.282585,-0.71273,ABW,USA,851440
5098192,1,231,9335,2011,0.0,79201.0,-0.8426809999999999,-0.640418,AFG,USA,851440
5098193,2,231,9335,2011,0.0,11390.0,-1.252991,-1.132314,AGO,USA,851440
5098194,4,231,9335,2011,0.0,757.0,-0.331435,-0.034828,ALB,USA,851440
5098195,7,231,9335,2011,0.0,421870.0,0.030652,-0.450808,ARE,USA,851440
5098196,8,231,9335,2011,0.0,280531.0,0.240494,0.540376,ARG,USA,851440
5098197,9,231,9335,2011,0.0,2504.0,0.543397,-0.029376999999999997,ARM,USA,851440
5098198,14,231,9335,2011,101203.0,3373499.0,-0.138148,0.002999,AUS,USA,851440
5098199,15,231,9335,2011,17948.0,129028.0,1.687634,-0.229095,AUT,USA,851440
5098200,18,231,9335,2011,244539.0,1332584.0,1.221703,1.247961,BEL,USA,851440
5098201,22,231,9335,2011,0.0,2373.0,-1.074416,-0.8276370000000001,BGD,USA,851440
5098202,23,231,9335,2011,24446.0,0.0,0.537967,1.520973,BGR,USA,851440
5098203,24,231,9335,2011,0.0,23663.0,0.04085,-0.873711,BHR,USA,851440
5098204,25,231,9335,2011,0.0,11455.0,0.320669,-0.531655,BHS,USA,851440
5098205,28,231,9335,2011,0.0,204638.0,0.8786729999999999,0.442097,BLR,USA,851440
5098206,30,231,9335,2011,0.0,2781.0,0.576438,-0.48277299999999995,BMU,USA,851440
5098207,31,231,9335,2011,0.0,2437.0,-0.818593,-0.8701770000000001,BOL,USA,851440
5098208,32,231,9335,2011,0.0,1492608.0,0.27718400000000004,0.5674319999999999,BRA,USA,851440
5098209,33,231,9335,2011,0.0,4502.0,0.445982,0.204672,BRB,USA,851440
5098210,37,231,9335,2011,0.0,1323.0,-0.48782600000000004,-1.051639,BWA,USA,851440
5098211,39,231,9335,2011,1150848.0,11575529.0,0.754813,1.1967290000000002,CAN,USA,851440
5098212,41,231,9335,2011,239415.0,562410.0,2.2644029999999997,0.406131,CHE,USA,851440
5098213,42,231,9335,2011,0.0,471869.0,-0.199877,-0.353009,CHL,USA,851440
5098214,43,231,9335,2011,583520.0,6513658.0,1.072299,1.686826,CHN,USA,851440
5098215,49,231,9335,2011,0.0,174016.0,0.14336600000000002,-0.22996,COL,USA,851440
5098216,52,231,9335,2011,23092.0,839129.0,0.04325,-0.553193,CRI,USA,851440
5098217,55,231,9335,2011,0.0,23700.0,-0.052038,-0.69103,CUW,USA,851440
5098218,57,231,9335,2011,0.0,12679.0,0.665662,-0.678581,CYM,USA,851440
5098219,58,231,9335,2011,0.0,7508.0,0.798165,0.424179,CYP,USA,851440
5098220,59,231,9335,2011,2029.0,13100.0,1.737788,0.14741600000000002,CZE,USA,851440
5098221,61,231,9335,2011,25142052.0,4154864.0,2.074435,-3.440815,DEU,USA,851440
5098222,64,231,9335,2011,20467.0,21342.0,1.156026,1.2248299999999999,DNK,USA,851440
5098223,65,231,9335,2011,0.0,41350.0,-0.260653,0.5682010000000001,DOM,USA,851440
5098224,67,231,9335,2011,0.0,238817.0,-0.8250639999999999,-0.839082,ECU,USA,851440
5098225,68,231,9335,2011,0.0,56028.0,-0.166243,1.384719,EGY,USA,851440
5098226,71,231,9335,2011,146122.0,133998.0,0.8677290000000001,2.4618450000000003,ESP,USA,851440
5098227,72,231,9335,2011,0.0,2962.0,0.9806790000000001,1.110449,EST,USA,851440
5098228,73,231,9335,2011,0.0,6092.0,-1.258175,-0.920692,ETH,USA,851440
5098229,74,231,9335,2011,26795.0,97923.0,1.7488830000000002,0.890934,FIN,USA,851440
5098230,77,231,9335,2011,1409297.0,2296265.0,1.532054,0.09339299999999999,FRA,USA,851440
5098231,81,231,9335,2011,1311066.0,3480731.0,1.8048220000000001,0.380141,GBR,USA,851440
5098232,83,231,9335,2011,0.0,18830.0,-0.8627319999999999,-0.608823,GHA,USA,851440
5098233,84,231,9335,2011,0.0,11700.0,0.8442850000000001,-0.435222,GIB,USA,851440
5098234,89,231,9335,2011,0.0,5223.0,-1.634315,-0.7567729999999999,GNQ,USA,851440
5098235,90,231,9335,2011,0.0,44303.0,0.138679,1.30044,GRC,USA,851440
5098236,93,231,9335,2011,0.0,169216.0,-0.329497,0.775369,GTM,USA,851440
5098237,96,231,9335,2011,0.0,15659.0,-1.079231,-1.0280989999999999,GUY,USA,851440
5098238,97,231,9335,2011,36847.0,960022.0,0.663588,1.902118,HKG,USA,851440
5098239,99,231,9335,2011,0.0,40761.0,-0.740241,-0.311952,HND,USA,851440
5098240,102,231,9335,2011,0.0,2714.0,1.486592,0.805642,HUN,USA,851440
5098241,103,231,9335,2011,0.0,86449.0,-0.234125,1.168384,IDN,USA,851440
5098242,104,231,9335,2011,289331.0,2737710.0,0.18276199999999998,2.398765,IND,USA,851440
5098243,106,231,9335,2011,7036.0,168811.0,1.403182,0.290245,IRL,USA,851440
5098244,108,231,9335,2011,0.0,23295.0,-2.175137,-0.726975,IRQ,USA,851440
5098245,109,231,9335,2011,0.0,4887.0,0.284202,-0.23753000000000002,ISL,USA,851440
5098246,110,231,9335,2011,8514.0,224970.0,1.324384,0.714611,ISR,USA,851440
5098247,111,231,9335,2011,958731.0,821880.0,1.298751,0.48013599999999995,ITA,USA,851440
5098248,112,231,9335,2011,0.0,15061.0,-0.162212,-0.621817,JAM,USA,851440
5098249,113,231,9335,2011,0.0,7281.0,0.231605,0.47049399999999997,JOR,USA,851440
5098250,114,231,9335,2011,23734206.0,4143562.0,2.516395,-0.534301,JPN,USA,851440
5098251,115,231,9335,2011,0.0,6833.0,-0.514687,-0.775671,KAZ,USA,851440
5098252,116,231,9335,2011,0.0,4375.0,-0.48319300000000004,0.346927,KEN,USA,851440
5098253,118,231,9335,2011,0.0,60403.0,-1.162858,-1.103539,KHM,USA,851440
5098254,120,231,9335,2011,0.0,5514.0,1.056175,-0.19398800000000002,KNA,USA,851440
5098255,121,231,9335,2011,2770292.0,3464427.0,1.731371,0.8306879999999999,KOR,USA,851440
5098256,122,231,9335,2011,0.0,23985.0,-0.898582,-1.09893,KWT,USA,851440
5098257,124,231,9335,2011,0.0,42416.0,0.278393,1.2962879999999999,LBN,USA,851440
5098258,127,231,9335,2011,0.0,202426.0,0.639295,-0.17407999999999998,LCA,USA,851440
5098259,128,231,9335,2011,0.0,31936.0,-0.559311,0.398905,LKA,USA,851440
5098260,130,231,9335,2011,0.0,202371.0,0.747963,0.9759530000000001,LTU,USA,851440
5098261,132,231,9335,2011,0.0,116461.0,0.7320939999999999,1.101321,LVA,USA,851440
5098262,134,231,9335,2011,0.0,14453.0,-0.485404,0.099828,MAR,USA,851440
5098263,136,231,9335,2011,0.0,2258.0,-1.040519,-0.404883,MDG,USA,851440
5098264,138,231,9335,2011,83247.0,5853238.0,0.9534600000000001,0.706982,MEX,USA,851440
5098265,139,231,9335,2011,0.0,2684.0,-0.380054,-0.73321,MHL,USA,851440
5098266,145,231,9335,2011,0.0,2891.0,-1.0869389999999999,-1.107693,MNG,USA,851440
5098267,153,231,9335,2011,14492.0,1319163.0,0.9893290000000001,0.632079,MYS,USA,851440
5098268,159,231,9335,2011,0.0,145771.0,-1.699286,-1.15511,NGA,USA,851440
5098269,160,231,9335,2011,0.0,63926.0,-0.9592139999999999,-0.796108,NIC,USA,851440
5098270,162,231,9335,2011,1212357.0,3398550.0,1.1655229999999999,1.410167,NLD,USA,851440
5098271,163,231,9335,2011,3523036.0,489302.0,0.8492770000000001,0.050044,NOR,USA,851440
5098272,166,231,9335,2011,996.0,79763.0,0.372732,0.548601,NZL,USA,851440
5098273,167,231,9335,2011,0.0,16513.0,-0.473703,-0.952491,OMN,USA,851440
5098274,168,231,9335,2011,0.0,389907.0,-0.729677,0.6026729999999999,PAK,USA,851440
5098275,169,231,9335,2011,0.0,54548.0,0.786135,1.061008,PAN,USA,851440
5098276,173,231,9335,2011,0.0,215402.0,-0.455977,0.442543,PER,USA,851440
5098277,174,231,9335,2011,11407.0,2935476.0,0.364707,0.322626,PHL,USA,851440
5098278,177,231,9335,2011,9201.0,87308.0,1.133641,1.134203,POL,USA,851440
5098279,179,231,9335,2011,0.0,3683.0,0.558481,2.7056240000000003,PRT,USA,851440
5098280,180,231,9335,2011,0.0,24975.0,-0.548759,-0.877743,PRY,USA,851440
5098281,183,231,9335,2011,0.0,192727.0,-0.45851899999999995,-1.017033,QAT,USA,851440
5098282,185,231,9335,2011,0.0,570748.0,0.722,1.296655,ROU,USA,851440
5098283,186,231,9335,2011,0.0,2202461.0,0.47319399999999995,-0.20801599999999998,RUS,USA,851440
5098284,188,231,9335,2011,0.0,1135139.0,0.354045,-0.800028,SAU,USA,851440
5098285,192,231,9335,2011,87043.0,2178083.0,1.849116,0.52127,SGP,USA,851440
5098286,197,231,9335,2011,0.0,90574.0,-0.09713200000000001,0.20772600000000002,SLV,USA,851440
5098287,201,231,9335,2011,0.0,1125.0,0.49055699999999997,1.5601399999999999,SRB,USA,851440
5098288,205,231,9335,2011,0.0,9113.0,-0.504897,-0.835426,SUR,USA,851440
5098289,207,231,9335,2011,0.0,121250.0,1.642913,0.700222,SVN,USA,851440
5098290,208,231,9335,2011,49014.0,378346.0,1.857146,0.366159,SWE,USA,851440
5098291,210,231,9335,2011,0.0,9807.0,0.5770390000000001,-0.581371,SXM,USA,851440
5098292,216,231,9335,2011,3208641.0,451532.0,0.889009,1.503118,THA,USA,851440
5098293,222,231,9335,2011,0.0,19001.0,-0.44228,-1.031793,TTO,USA,851440
5098294,224,231,9335,2011,3615.0,883082.0,0.45775,2.4316259999999996,TUR,USA,851440
5098295,226,231,9335,2011,0.0,5454.0,-0.751316,0.286505,TZA,USA,851440
5098296,228,231,9335,2011,0.0,15796.0,0.6221409999999999,0.765505,UKR,USA,851440
5098297,230,231,9335,2011,0.0,32689.0,0.313195,0.042866,URY,USA,851440
5098298,236,231,9335,2011,0.0,2038968.0,-0.841147,-1.095636,VEN,USA,851440
5098299,239,231,9335,2011,105775.0,58139.0,-0.184453,1.637207,VNM,USA,851440
5098300,243,231,9335,2011,0.0,11682.0,-1.44127,-1.242875,YEM,USA,851440
5098301,246,231,9335,2011,64037.0,288507.0,0.241792,1.353011,ZAF,USA,851440
5098302,249,231,9335,2011,1338092.0,7905306.0,1.803234,0.921233,TWN,USA,851440
5098303,18,236,9335,2011,4055.0,0.0,1.221703,1.247961,BEL,VEN,851440
5098304,32,236,9335,2011,107040.0,0.0,0.27718400000000004,0.5674319999999999,BRA,VEN,851440
5098305,43,236,9335,2011,26472.0,0.0,1.072299,1.686826,CHN,VEN,851440
5098306,61,236,9335,2011,39117.0,0.0,2.074435,-3.440815,DEU,VEN,851440
5098307,81,236,9335,2011,11286.0,0.0,1.8048220000000001,0.380141,GBR,VEN,851440
5098308,111,236,9335,2011,32490.0,0.0,1.298751,0.48013599999999995,ITA,VEN,851440
5098309,162,236,9335,2011,1732.0,0.0,1.1655229999999999,1.410167,NLD,VEN,851440
5098310,169,236,9335,2011,8872.0,0.0,0.786135,1.061008,PAN,VEN,851440
5098311,192,236,9335,2011,6028.0,0.0,1.849116,0.52127,SGP,VEN,851440
5098312,208,236,9335,2011,14996.0,0.0,1.857146,0.366159,SWE,VEN,851440
5098313,231,236,9335,2011,2038968.0,0.0,1.6884849999999998,-0.474499,USA,VEN,851440
5098314,43,243,9335,2011,6326.0,0.0,1.072299,1.686826,CHN,YEM,851440
5098315,61,243,9335,2011,606.0,0.0,2.074435,-3.440815,DEU,YEM,851440
5098316,231,243,9335,2011,11682.0,0.0,1.6884849999999998,-0.474499,USA,YEM,851440
5098317,2,246,9335,2011,0.0,3000.0,-1.252991,-1.132314,AGO,ZAF,851440
5098318,8,246,9335,2011,0.0,8509.0,0.240494,0.540376,ARG,ZAF,851440
5098319,14,246,9335,2011,112166.0,8196.0,-0.138148,0.002999,AUS,ZAF,851440
5098320,15,246,9335,2011,0.0,7712.0,1.687634,-0.229095,AUT,ZAF,851440
5098321,18,246,9335,2011,35314.0,0.0,1.221703,1.247961,BEL,ZAF,851440
5098322,22,246,9335,2011,0.0,744.0,-1.074416,-0.8276370000000001,BGD,ZAF,851440
5098323,28,246,9335,2011,0.0,319.0,0.8786729999999999,0.442097,BLR,ZAF,851440
5098324,31,246,9335,2011,0.0,1220.0,-0.818593,-0.8701770000000001,BOL,ZAF,851440
5098325,32,246,9335,2011,0.0,99776.0,0.27718400000000004,0.5674319999999999,BRA,ZAF,851440
5098326,37,246,9335,2011,129660.0,20880.0,-0.48782600000000004,-1.051639,BWA,ZAF,851440
5098327,39,246,9335,2011,37391.0,12540.0,0.754813,1.1967290000000002,CAN,ZAF,851440
5098328,41,246,9335,2011,0.0,3318.0,2.2644029999999997,0.406131,CHE,ZAF,851440
5098329,43,246,9335,2011,174179.0,2447.0,1.072299,1.686826,CHN,ZAF,851440
5098330,46,246,9335,2011,0.0,3971.0,-0.722957,-0.965141,COD,ZAF,851440
5098331,59,246,9335,2011,0.0,5722.0,1.737788,0.14741600000000002,CZE,ZAF,851440
5098332,61,246,9335,2011,1195597.0,134498.0,2.074435,-3.440815,DEU,ZAF,851440
5098333,71,246,9335,2011,15611.0,6551.0,0.8677290000000001,2.4618450000000003,ESP,ZAF,851440
5098334,77,246,9335,2011,35233.0,17779.0,1.532054,0.09339299999999999,FRA,ZAF,851440
5098335,81,246,9335,2011,1040301.0,28992.0,1.8048220000000001,0.380141,GBR,ZAF,851440
5098336,83,246,9335,2011,0.0,12365.0,-0.8627319999999999,-0.608823,GHA,ZAF,851440
5098337,100,246,9335,2011,0.0,2320.0,0.868294,0.9424299999999999,HRV,ZAF,851440
5098338,104,246,9335,2011,1025.0,0.0,0.18276199999999998,2.398765,IND,ZAF,851440
5098339,109,246,9335,2011,0.0,840.0,0.284202,-0.23753000000000002,ISL,ZAF,851440
5098340,111,246,9335,2011,33196.0,0.0,1.298751,0.48013599999999995,ITA,ZAF,851440
5098341,114,246,9335,2011,243154.0,7879.0,2.516395,-0.534301,JPN,ZAF,851440
5098342,115,246,9335,2011,0.0,19398.0,-0.514687,-0.775671,KAZ,ZAF,851440
5098343,116,246,9335,2011,0.0,14925.0,-0.48319300000000004,0.346927,KEN,ZAF,851440
5098344,121,246,9335,2011,0.0,3929.0,1.731371,0.8306879999999999,KOR,ZAF,851440
5098345,129,246,9335,2011,0.0,7047.0,-0.868226,-0.764548,LSO,ZAF,851440
5098346,136,246,9335,2011,0.0,118216.0,-1.040519,-0.404883,MDG,ZAF,851440
5098347,138,246,9335,2011,0.0,25560.0,0.9534600000000001,0.706982,MEX,ZAF,851440
5098348,141,246,9335,2011,0.0,2328.0,-0.6778109999999999,-0.653211,MLI,ZAF,851440
5098349,147,246,9335,2011,0.0,6597.0,-1.2069299999999998,-0.977785,MOZ,ZAF,851440
5098350,152,246,9335,2011,0.0,1858.0,-1.100291,-0.982559,MWI,ZAF,851440
5098351,153,246,9335,2011,4108.0,0.0,0.9893290000000001,0.632079,MYS,ZAF,851440
5098352,155,246,9335,2011,0.0,5335.0,-0.42998400000000003,-0.632233,NAM,ZAF,851440
5098353,160,246,9335,2011,0.0,2700.0,-0.9592139999999999,-0.796108,NIC,ZAF,851440
5098354,162,246,9335,2011,26908.0,0.0,1.1655229999999999,1.410167,NLD,ZAF,851440
5098355,163,246,9335,2011,155003.0,13523.0,0.8492770000000001,0.050044,NOR,ZAF,851440
5098356,166,246,9335,2011,0.0,6146.0,0.372732,0.548601,NZL,ZAF,851440
5098357,168,246,9335,2011,0.0,4387.0,-0.729677,0.6026729999999999,PAK,ZAF,851440
5098358,173,246,9335,2011,0.0,8024.0,-0.455977,0.442543,PER,ZAF,851440
5098359,177,246,9335,2011,0.0,3300.0,1.133641,1.134203,POL,ZAF,851440
5098360,186,246,9335,2011,0.0,27281.0,0.47319399999999995,-0.20801599999999998,RUS,ZAF,851440
5098361,192,246,9335,2011,0.0,151431.0,1.849116,0.52127,SGP,ZAF,851440
5098362,201,246,9335,2011,0.0,499.0,0.49055699999999997,1.5601399999999999,SRB,ZAF,851440
5098363,206,246,9335,2011,0.0,196.0,1.262897,0.8230569999999999,SVK,ZAF,851440
5098364,208,246,9335,2011,9134.0,0.0,1.857146,0.366159,SWE,ZAF,851440
5098365,209,246,9335,2011,1287.0,1941.0,0.169986,-0.078842,SWZ,ZAF,851440
5098366,216,246,9335,2011,0.0,5850.0,0.889009,1.503118,THA,ZAF,851440
5098367,224,246,9335,2011,0.0,7703.0,0.45775,2.4316259999999996,TUR,ZAF,851440
5098368,226,246,9335,2011,0.0,2214.0,-0.751316,0.286505,TZA,ZAF,851440
5098369,228,246,9335,2011,0.0,1881.0,0.6221409999999999,0.765505,UKR,ZAF,851440
5098370,231,246,9335,2011,288507.0,64037.0,1.6884849999999998,-0.474499,USA,ZAF,851440
5098371,239,246,9335,2011,0.0,1635.0,-0.184453,1.637207,VNM,ZAF,851440
5098372,247,246,9335,2011,0.0,1578.0,-0.7599,-0.941019,ZMB,ZAF,851440
5098373,248,246,9335,2011,0.0,124275.0,-0.858662,-0.8632719999999999,ZWE,ZAF,851440
5098374,249,246,9335,2011,1642.0,33597.0,1.803234,0.921233,TWN,ZAF,851440
5098375,15,249,9335,2011,22055.0,0.0,1.687634,-0.229095,AUT,TWN,851440
5098376,18,249,9335,2011,4094.0,0.0,1.221703,1.247961,BEL,TWN,851440
5098377,22,249,9335,2011,0.0,176307.0,-1.074416,-0.8276370000000001,BGD,TWN,851440
5098378,31,249,9335,2011,0.0,552.0,-0.818593,-0.8701770000000001,BOL,TWN,851440
5098379,32,249,9335,2011,0.0,4254.0,0.27718400000000004,0.5674319999999999,BRA,TWN,851440
5098380,39,249,9335,2011,0.0,59294.0,0.754813,1.1967290000000002,CAN,TWN,851440
5098381,41,249,9335,2011,6719.0,0.0,2.2644029999999997,0.406131,CHE,TWN,851440
5098382,42,249,9335,2011,0.0,3245.0,-0.199877,-0.353009,CHL,TWN,851440
5098383,43,249,9335,2011,336817.0,5010020.0,1.072299,1.686826,CHN,TWN,851440
5098384,49,249,9335,2011,0.0,1113.0,0.14336600000000002,-0.22996,COL,TWN,851440
5098385,52,249,9335,2011,0.0,1117.0,0.04325,-0.553193,CRI,TWN,851440
5098386,59,249,9335,2011,1199.0,0.0,1.737788,0.14741600000000002,CZE,TWN,851440
5098387,61,249,9335,2011,245451.0,58145.0,2.074435,-3.440815,DEU,TWN,851440
5098388,64,249,9335,2011,3393.0,0.0,1.156026,1.2248299999999999,DNK,TWN,851440
5098389,65,249,9335,2011,0.0,6657.0,-0.260653,0.5682010000000001,DOM,TWN,851440
5098390,68,249,9335,2011,0.0,65226.0,-0.166243,1.384719,EGY,TWN,851440
5098391,71,249,9335,2011,0.0,13405.0,0.8677290000000001,2.4618450000000003,ESP,TWN,851440
5098392,77,249,9335,2011,58582.0,5415.0,1.532054,0.09339299999999999,FRA,TWN,851440
5098393,81,249,9335,2011,16132.0,650848.0,1.8048220000000001,0.380141,GBR,TWN,851440
5098394,90,249,9335,2011,0.0,18408.0,0.138679,1.30044,GRC,TWN,851440
5098395,97,249,9335,2011,0.0,20279.0,0.663588,1.902118,HKG,TWN,851440
5098396,102,249,9335,2011,0.0,2339.0,1.486592,0.805642,HUN,TWN,851440
5098397,103,249,9335,2011,0.0,3172225.0,-0.234125,1.168384,IDN,TWN,851440
5098398,104,249,9335,2011,0.0,389054.0,0.18276199999999998,2.398765,IND,TWN,851440
5098399,107,249,9335,2011,0.0,5382.0,-0.915379,-0.973194,IRN,TWN,851440
5098400,109,249,9335,2011,0.0,1483.0,0.284202,-0.23753000000000002,ISL,TWN,851440
5098401,110,249,9335,2011,0.0,8483.0,1.324384,0.714611,ISR,TWN,851440
5098402,111,249,9335,2011,44341.0,4322.0,1.298751,0.48013599999999995,ITA,TWN,851440
5098403,114,249,9335,2011,17742738.0,2335082.0,2.516395,-0.534301,JPN,TWN,851440
5098404,118,249,9335,2011,0.0,30355.0,-1.162858,-1.103539,KHM,TWN,851440
5098405,121,249,9335,2011,491823.0,34326.0,1.731371,0.8306879999999999,KOR,TWN,851440
5098406,128,249,9335,2011,0.0,1012.0,-0.559311,0.398905,LKA,TWN,851440
5098407,138,249,9335,2011,12461.0,1919.0,0.9534600000000001,0.706982,MEX,TWN,851440
5098408,143,249,9335,2011,0.0,139868.0,-1.3557190000000001,-0.929934,MMR,TWN,851440
5098409,153,249,9335,2011,241315.0,574983.0,0.9893290000000001,0.632079,MYS,TWN,851440
5098410,162,249,9335,2011,109389.0,0.0,1.1655229999999999,1.410167,NLD,TWN,851440
5098411,163,249,9335,2011,82578.0,0.0,0.8492770000000001,0.050044,NOR,TWN,851440
5098412,166,249,9335,2011,6598.0,4468.0,0.372732,0.548601,NZL,TWN,851440
5098413,168,249,9335,2011,0.0,28931.0,-0.729677,0.6026729999999999,PAK,TWN,851440
5098414,174,249,9335,2011,251774.0,43078.0,0.364707,0.322626,PHL,TWN,851440
5098415,177,249,9335,2011,0.0,1206.0,1.133641,1.134203,POL,TWN,851440
5098416,179,249,9335,2011,0.0,5639.0,0.558481,2.7056240000000003,PRT,TWN,851440
5098417,185,249,9335,2011,0.0,10997.0,0.722,1.296655,ROU,TWN,851440
5098418,186,249,9335,2011,1331576.0,0.0,0.47319399999999995,-0.20801599999999998,RUS,TWN,851440
5098419,192,249,9335,2011,185875.0,18030.0,1.849116,0.52127,SGP,TWN,851440
5098420,208,249,9335,2011,50082.0,0.0,1.857146,0.366159,SWE,TWN,851440
5098421,216,249,9335,2011,12772.0,486206.0,0.889009,1.503118,THA,TWN,851440
5098422,224,249,9335,2011,0.0,376561.0,0.45775,2.4316259999999996,TUR,TWN,851440
5098423,231,249,9335,2011,7905306.0,1338092.0,1.6884849999999998,-0.474499,USA,TWN,851440
5098424,239,249,9335,2011,2869.0,364451.0,-0.184453,1.637207,VNM,TWN,851440
5098425,246,249,9335,2011,33597.0,1642.0,0.241792,1.353011,ZAF,TWN,851440
5098426,250,249,9335,2011,5867.0,0.0,0.475638,-0.160135,ANS,TWN,851440
5098427,42,250,9335,2011,0.0,29220.0,-0.199877,-0.353009,CHL,ANS,851440
5098428,72,250,9335,2011,0.0,9958.0,0.9806790000000001,1.110449,EST,ANS,851440
5098429,77,250,9335,2011,0.0,26266.0,1.532054,0.09339299999999999,FRA,ANS,851440
5098430,106,250,9335,2011,0.0,9569.0,1.403182,0.290245,IRL,ANS,851440
5098431,113,250,9335,2011,45414.0,0.0,0.231605,0.47049399999999997,JOR,ANS,851440
5098432,131,250,9335,2011,0.0,133110.0,1.1655739999999999,1.222379,LUX,ANS,851440
5098433,138,250,9335,2011,0.0,2807.0,0.9534600000000001,0.706982,MEX,ANS,851440
5098434,206,250,9335,2011,0.0,850428.0,1.262897,0.8230569999999999,SVK,ANS,851440
5098435,207,250,9335,2011,0.0,16140.0,1.642913,0.700222,SVN,ANS,851440
5098436,224,250,9335,2011,17550.0,0.0,0.45775,2.4316259999999996,TUR,ANS,851440
5098437,249,250,9335,2011,0.0,5867.0,1.803234,0.921233,TWN,ANS,851440
5098438,7,2,9335,2011,2825.0,0.0,0.030652,-0.450808,ARE,AGO,851440
5098439,18,2,9335,2011,7722.0,0.0,1.221703,1.247961,BEL,AGO,851440
5098440,23,2,9335,2011,2929.0,0.0,0.537967,1.520973,BGR,AGO,851440
5098441,43,2,9335,2011,9576.0,0.0,1.072299,1.686826,CHN,AGO,851440
5098442,61,2,9335,2011,7443.0,0.0,2.074435,-3.440815,DEU,AGO,851440
5098443,71,2,9335,2011,1257.0,0.0,0.8677290000000001,2.4618450000000003,ESP,AGO,851440
5098444,77,2,9335,2011,13140.0,0.0,1.532054,0.09339299999999999,FRA,AGO,851440
5098445,81,2,9335,2011,21304.0,0.0,1.8048220000000001,0.380141,GBR,AGO,851440
5098446,104,2,9335,2011,3311.0,0.0,0.18276199999999998,2.398765,IND,AGO,851440
5098447,110,2,9335,2011,4100.0,0.0,1.324384,0.714611,ISR,AGO,851440
5098448,111,2,9335,2011,5402.0,0.0,1.298751,0.48013599999999995,ITA,AGO,851440
5098449,155,2,9335,2011,1587.0,0.0,-0.42998400000000003,-0.632233,NAM,AGO,851440
5098450,162,2,9335,2011,25764.0,0.0,1.1655229999999999,1.410167,NLD,AGO,851440
5098451,179,2,9335,2011,112756.0,0.0,0.558481,2.7056240000000003,PRT,AGO,851440
5098452,231,2,9335,2011,11390.0,0.0,1.6884849999999998,-0.474499,USA,AGO,851440
5098453,246,2,9335,2011,3000.0,0.0,0.241792,1.353011,ZAF,AGO,851440
5098454,81,4,9335,2011,24331.0,0.0,1.8048220000000001,0.380141,GBR,ALB,851440
5098455,106,4,9335,2011,2924.0,0.0,1.403182,0.290245,IRL,ALB,851440
5098456,111,4,9335,2011,3049.0,0.0,1.298751,0.48013599999999995,ITA,ALB,851440
5098457,231,4,9335,2011,757.0,0.0,1.6884849999999998,-0.474499,USA,ALB,851440
5098458,18,14,9335,2011,11378.0,0.0,1.221703,1.247961,BEL,AUS,851440
5098459,21,14,9335,2011,0.0,8361.0,-1.163278,-1.002332,BFA,AUS,851440
5098460,32,14,9335,2011,0.0,1398.0,0.27718400000000004,0.5674319999999999,BRA,AUS,851440
5098461,39,14,9335,2011,50840.0,6895.0,0.754813,1.1967290000000002,CAN,AUS,851440
5098462,41,14,9335,2011,62635.0,0.0,2.2644029999999997,0.406131,CHE,AUS,851440
5098463,42,14,9335,2011,0.0,36372.0,-0.199877,-0.353009,CHL,AUS,851440
5098464,43,14,9335,2011,214859.0,1250237.0,1.072299,1.686826,CHN,AUS,851440
5098465,44,14,9335,2011,0.0,2450.0,-1.069474,-0.867439,CIV,AUS,851440
5098466,61,14,9335,2011,3611507.0,0.0,2.074435,-3.440815,DEU,AUS,851440
5098467,64,14,9335,2011,2262.0,0.0,1.156026,1.2248299999999999,DNK,AUS,851440
5098468,75,14,9335,2011,0.0,925.0,-0.434356,-0.010863,FJI,AUS,851440
5098469,77,14,9335,2011,118138.0,0.0,1.532054,0.09339299999999999,FRA,AUS,851440
5098470,81,14,9335,2011,783662.0,212014.0,1.8048220000000001,0.380141,GBR,AUS,851440
5098471,83,14,9335,2011,0.0,6678.0,-0.8627319999999999,-0.608823,GHA,AUS,851440
5098472,97,14,9335,2011,12809.0,8832.0,0.663588,1.902118,HKG,AUS,851440
5098473,103,14,9335,2011,0.0,44894.0,-0.234125,1.168384,IDN,AUS,851440
5098474,104,14,9335,2011,64692.0,11471.0,0.18276199999999998,2.398765,IND,AUS,851440
5098475,111,14,9335,2011,54065.0,1686.0,1.298751,0.48013599999999995,ITA,AUS,851440
5098476,114,14,9335,2011,1445272.0,108254.0,2.516395,-0.534301,JPN,AUS,851440
5098477,121,14,9335,2011,12782.0,2245.0,1.731371,0.8306879999999999,KOR,AUS,851440
5098478,141,14,9335,2011,0.0,2471.0,-0.6778109999999999,-0.653211,MLI,AUS,851440
5098479,144,14,9335,2011,0.0,32516.0,0.149559,0.024935,MNE,AUS,851440
5098480,153,14,9335,2011,1070.0,224215.0,0.9893290000000001,0.632079,MYS,AUS,851440
5098481,156,14,9335,2011,0.0,2997.0,-0.976349,-0.798691,NCL,AUS,851440
5098482,162,14,9335,2011,155540.0,114055.0,1.1655229999999999,1.410167,NLD,AUS,851440
5098483,163,14,9335,2011,305909.0,0.0,0.8492770000000001,0.050044,NOR,AUS,851440
5098484,166,14,9335,2011,68095.0,44218.0,0.372732,0.548601,NZL,AUS,851440
5098485,176,14,9335,2011,0.0,10901.0,-1.1111659999999999,-0.9458610000000001,PNG,AUS,851440
5098486,190,14,9335,2011,0.0,1787.0,-2.1675869999999997,-1.249272,SDN,AUS,851440
5098487,191,14,9335,2011,0.0,1433.0,-0.624346,-0.308052,SEN,AUS,851440
5098488,192,14,9335,2011,163752.0,9384.0,1.849116,0.52127,SGP,AUS,851440
5098489,208,14,9335,2011,10697.0,0.0,1.857146,0.366159,SWE,AUS,851440
5098490,221,14,9335,2011,0.0,1857.0,-0.14256,-0.589116,TON,AUS,851440
5098491,226,14,9335,2011,0.0,2089.0,-0.751316,0.286505,TZA,AUS,851440
5098492,228,14,9335,2011,2351.0,0.0,0.6221409999999999,0.765505,UKR,AUS,851440
5098493,231,14,9335,2011,3373499.0,101203.0,1.6884849999999998,-0.474499,USA,AUS,851440
5098494,239,14,9335,2011,0.0,3580.0,-0.184453,1.637207,VNM,AUS,851440
5098495,246,14,9335,2011,8196.0,112166.0,0.241792,1.353011,ZAF,AUS,851440
5098496,43,17,9335,2011,2504.0,0.0,1.072299,1.686826,CHN,BDI,851440
5098497,23,22,9335,2011,624.0,0.0,0.537967,1.520973,BGR,BGD,851440
5098498,39,22,9335,2011,989.0,0.0,0.754813,1.1967290000000002,CAN,BGD,851440
5098499,43,22,9335,2011,158933.0,0.0,1.072299,1.686826,CHN,BGD,851440
5098500,61,22,9335,2011,315850.0,0.0,2.074435,-3.440815,DEU,BGD,851440
5098501,81,22,9335,2011,34059.0,0.0,1.8048220000000001,0.380141,GBR,BGD,851440
5098502,104,22,9335,2011,70147.0,0.0,0.18276199999999998,2.398765,IND,BGD,851440
5098503,111,22,9335,2011,18607.0,0.0,1.298751,0.48013599999999995,ITA,BGD,851440
5098504,121,22,9335,2011,46503.0,0.0,1.731371,0.8306879999999999,KOR,BGD,851440
5098505,162,22,9335,2011,1384.0,0.0,1.1655229999999999,1.410167,NLD,BGD,851440
5098506,192,22,9335,2011,31082.0,0.0,1.849116,0.52127,SGP,BGD,851440
5098507,216,22,9335,2011,142295.0,0.0,0.889009,1.503118,THA,BGD,851440
5098508,231,22,9335,2011,2373.0,0.0,1.6884849999999998,-0.474499,USA,BGD,851440
5098509,246,22,9335,2011,744.0,0.0,0.241792,1.353011,ZAF,BGD,851440
5098510,249,22,9335,2011,176307.0,0.0,1.803234,0.921233,TWN,BGD,851440
5098511,15,26,9335,2011,12664.0,0.0,1.687634,-0.229095,AUT,BIH,851440
5098512,41,26,9335,2011,3122.0,0.0,2.2644029999999997,0.406131,CHE,BIH,851440
5098513,43,26,9335,2011,1386.0,0.0,1.072299,1.686826,CHN,BIH,851440
5098514,61,26,9335,2011,339458.0,0.0,2.074435,-3.440815,DEU,BIH,851440
5098515,162,26,9335,2011,3180.0,0.0,1.1655229999999999,1.410167,NLD,BIH,851440
5098516,201,26,9335,2011,46417.0,18063.0,0.49055699999999997,1.5601399999999999,SRB,BIH,851440
5098517,207,26,9335,2011,17210.0,0.0,1.642913,0.700222,SVN,BIH,851440
5098518,15,28,9335,2011,26024.0,0.0,1.687634,-0.229095,AUT,BLR,851440
5098519,39,28,9335,2011,94.0,0.0,0.754813,1.1967290000000002,CAN,BLR,851440
5098520,43,28,9335,2011,3163.0,0.0,1.072299,1.686826,CHN,BLR,851440
5098521,59,28,9335,2011,197510.0,0.0,1.737788,0.14741600000000002,CZE,BLR,851440
5098522,61,28,9335,2011,96934.0,0.0,2.074435,-3.440815,DEU,BLR,851440
5098523,81,28,9335,2011,15362.0,0.0,1.8048220000000001,0.380141,GBR,BLR,851440
5098524,90,28,9335,2011,0.0,3332.0,0.138679,1.30044,GRC,BLR,851440
5098525,110,28,9335,2011,2373.0,0.0,1.324384,0.714611,ISR,BLR,851440
5098526,111,28,9335,2011,29117.0,0.0,1.298751,0.48013599999999995,ITA,BLR,851440
5098527,130,28,9335,2011,5584.0,0.0,0.747963,0.9759530000000001,LTU,BLR,851440
5098528,162,28,9335,2011,68427.0,0.0,1.1655229999999999,1.410167,NLD,BLR,851440
5098529,163,28,9335,2011,38178.0,0.0,0.8492770000000001,0.050044,NOR,BLR,851440
5098530,186,28,9335,2011,379282.0,0.0,0.47319399999999995,-0.20801599999999998,RUS,BLR,851440
5098531,208,28,9335,2011,24838.0,0.0,1.857146,0.366159,SWE,BLR,851440
5098532,216,28,9335,2011,7260.0,0.0,0.889009,1.503118,THA,BLR,851440
5098533,224,28,9335,2011,36298.0,0.0,0.45775,2.4316259999999996,TUR,BLR,851440
5098534,231,28,9335,2011,204638.0,0.0,1.6884849999999998,-0.474499,USA,BLR,851440
5098535,246,28,9335,2011,319.0,0.0,0.241792,1.353011,ZAF,BLR,851440
5098536,7,58,9335,2011,1191.0,0.0,0.030652,-0.450808,ARE,CYP,851440
5098537,81,58,9335,2011,61955.0,0.0,1.8048220000000001,0.380141,GBR,CYP,851440
5098538,90,58,9335,2011,14220.0,1961.0,0.138679,1.30044,GRC,CYP,851440
5098539,121,58,9335,2011,42779.0,0.0,1.731371,0.8306879999999999,KOR,CYP,851440
5098540,231,58,9335,2011,7508.0,0.0,1.6884849999999998,-0.474499,USA,CYP,851440
5098541,18,68,9335,2011,5321.0,0.0,1.221703,1.247961,BEL,EGY,851440
5098542,41,68,9335,2011,7941.0,0.0,2.2644029999999997,0.406131,CHE,EGY,851440
5098543,43,68,9335,2011,69144.0,0.0,1.072299,1.686826,CHN,EGY,851440
5098544,61,68,9335,2011,388926.0,0.0,2.074435,-3.440815,DEU,EGY,851440
5098545,64,68,9335,2011,19496.0,0.0,1.156026,1.2248299999999999,DNK,EGY,851440
5098546,77,68,9335,2011,5869.0,0.0,1.532054,0.09339299999999999,FRA,EGY,851440
5098547,81,68,9335,2011,150790.0,0.0,1.8048220000000001,0.380141,GBR,EGY,851440
5098548,97,68,9335,2011,2609.0,0.0,0.663588,1.902118,HKG,EGY,851440
5098549,110,68,9335,2011,18037.0,0.0,1.324384,0.714611,ISR,EGY,851440
5098550,111,68,9335,2011,75103.0,1238.0,1.298751,0.48013599999999995,ITA,EGY,851440
5098551,121,68,9335,2011,42439.0,0.0,1.731371,0.8306879999999999,KOR,EGY,851440
5098552,138,68,9335,2011,52286.0,0.0,0.9534600000000001,0.706982,MEX,EGY,851440
5098553,162,68,9335,2011,36816.0,0.0,1.1655229999999999,1.410167,NLD,EGY,851440
5098554,163,68,9335,2011,1868.0,0.0,0.8492770000000001,0.050044,NOR,EGY,851440
5098555,208,68,9335,2011,1708.0,0.0,1.857146,0.366159,SWE,EGY,851440
5098556,231,68,9335,2011,56028.0,0.0,1.6884849999999998,-0.474499,USA,EGY,851440
5098557,249,68,9335,2011,65226.0,0.0,1.803234,0.921233,TWN,EGY,851440
5098558,18,72,9335,2011,8562.0,0.0,1.221703,1.247961,BEL,EST,851440
5098559,43,72,9335,2011,83935.0,0.0,1.072299,1.686826,CHN,EST,851440
5098560,61,72,9335,2011,376997.0,0.0,2.074435,-3.440815,DEU,EST,851440
5098561,74,72,9335,2011,5149.0,4385.0,1.7488830000000002,0.890934,FIN,EST,851440
5098562,81,72,9335,2011,85020.0,0.0,1.8048220000000001,0.380141,GBR,EST,851440
5098563,90,72,9335,2011,824.0,0.0,0.138679,1.30044,GRC,EST,851440
5098564,111,72,9335,2011,38737.0,0.0,1.298751,0.48013599999999995,ITA,EST,851440
5098565,177,72,9335,2011,2195.0,0.0,1.133641,1.134203,POL,EST,851440
5098566,186,72,9335,2011,25129.0,177823.0,0.47319399999999995,-0.20801599999999998,RUS,EST,851440
5098567,208,72,9335,2011,16752.0,0.0,1.857146,0.366159,SWE,EST,851440
5098568,231,72,9335,2011,2962.0,0.0,1.6884849999999998,-0.474499,USA,EST,851440
5098569,250,72,9335,2011,9958.0,0.0,0.475638,-0.160135,ANS,EST,851440
5098570,61,82,9335,2011,30275.0,0.0,2.074435,-3.440815,DEU,GEO,851440
5098571,14,83,9335,2011,6678.0,0.0,-0.138148,0.002999,AUS,GHA,851440
5098572,18,83,9335,2011,5107.0,0.0,1.221703,1.247961,BEL,GHA,851440
5098573,39,83,9335,2011,3420.0,0.0,0.754813,1.1967290000000002,CAN,GHA,851440
5098574,43,83,9335,2011,2111.0,0.0,1.072299,1.686826,CHN,GHA,851440
5098575,61,83,9335,2011,2992.0,0.0,2.074435,-3.440815,DEU,GHA,851440
5098576,71,83,9335,2011,5765.0,0.0,0.8677290000000001,2.4618450000000003,ESP,GHA,851440
5098577,81,83,9335,2011,24519.0,0.0,1.8048220000000001,0.380141,GBR,GHA,851440
5098578,104,83,9335,2011,12937.0,0.0,0.18276199999999998,2.398765,IND,GHA,851440
5098579,111,83,9335,2011,5000.0,0.0,1.298751,0.48013599999999995,ITA,GHA,851440
5098580,231,83,9335,2011,18830.0,0.0,1.6884849999999998,-0.474499,USA,GHA,851440
5098581,246,83,9335,2011,12365.0,0.0,0.241792,1.353011,ZAF,GHA,851440
5098582,15,100,9335,2011,28255.0,2066.0,1.687634,-0.229095,AUT,HRV,851440
5098583,61,100,9335,2011,108452.0,12205.0,2.074435,-3.440815,DEU,HRV,851440
5098584,81,100,9335,2011,12823.0,0.0,1.8048220000000001,0.380141,GBR,HRV,851440
5098585,102,100,9335,2011,3627.0,0.0,1.486592,0.805642,HUN,HRV,851440
5098586,111,100,9335,2011,196024.0,0.0,1.298751,0.48013599999999995,ITA,HRV,851440
5098587,162,100,9335,2011,16472.0,0.0,1.1655229999999999,1.410167,NLD,HRV,851440
5098588,163,100,9335,2011,0.0,13287.0,0.8492770000000001,0.050044,NOR,HRV,851440
5098589,192,100,9335,2011,942.0,0.0,1.849116,0.52127,SGP,HRV,851440
5098590,201,100,9335,2011,4030.0,0.0,0.49055699999999997,1.5601399999999999,SRB,HRV,851440
5098591,207,100,9335,2011,15418.0,5419.0,1.642913,0.700222,SVN,HRV,851440
5098592,246,100,9335,2011,2320.0,0.0,0.241792,1.353011,ZAF,HRV,851440
5098593,15,102,9335,2011,109296.0,3147.0,1.687634,-0.229095,AUT,HUN,851440
5098594,18,102,9335,2011,30983.0,0.0,1.221703,1.247961,BEL,HUN,851440
5098595,41,102,9335,2011,123684.0,0.0,2.2644029999999997,0.406131,CHE,HUN,851440
5098596,43,102,9335,2011,0.0,2906.0,1.072299,1.686826,CHN,HUN,851440
5098597,61,102,9335,2011,445228.0,9314.0,2.074435,-3.440815,DEU,HUN,851440
5098598,77,102,9335,2011,0.0,5900.0,1.532054,0.09339299999999999,FRA,HUN,851440
5098599,81,102,9335,2011,2021.0,0.0,1.8048220000000001,0.380141,GBR,HUN,851440
5098600,100,102,9335,2011,0.0,3627.0,0.868294,0.9424299999999999,HRV,HUN,851440
5098601,111,102,9335,2011,111713.0,0.0,1.298751,0.48013599999999995,ITA,HUN,851440
5098602,121,102,9335,2011,48886.0,5098.0,1.731371,0.8306879999999999,KOR,HUN,851440
5098603,138,102,9335,2011,302639.0,0.0,0.9534600000000001,0.706982,MEX,HUN,851440
5098604,162,102,9335,2011,5439.0,0.0,1.1655229999999999,1.410167,NLD,HUN,851440
5098605,163,102,9335,2011,9985.0,0.0,0.8492770000000001,0.050044,NOR,HUN,851440
5098606,185,102,9335,2011,0.0,48909.0,0.722,1.296655,ROU,HUN,851440
5098607,186,102,9335,2011,0.0,20512.0,0.47319399999999995,-0.20801599999999998,RUS,HUN,851440
5098608,208,102,9335,2011,15634.0,0.0,1.857146,0.366159,SWE,HUN,851440
5098609,228,102,9335,2011,0.0,975.0,0.6221409999999999,0.765505,UKR,HUN,851440
5098610,231,102,9335,2011,2714.0,0.0,1.6884849999999998,-0.474499,USA,HUN,851440
5098611,249,102,9335,2011,2339.0,0.0,1.803234,0.921233,TWN,HUN,851440
5098612,7,107,9335,2011,1040168.0,0.0,0.030652,-0.450808,ARE,IRN,851440
5098613,15,107,9335,2011,40154.0,0.0,1.687634,-0.229095,AUT,IRN,851440
5098614,18,107,9335,2011,12766.0,0.0,1.221703,1.247961,BEL,IRN,851440
5098615,23,107,9335,2011,1788.0,0.0,0.537967,1.520973,BGR,IRN,851440
5098616,39,107,9335,2011,14283.0,0.0,0.754813,1.1967290000000002,CAN,IRN,851440
5098617,41,107,9335,2011,1481.0,0.0,2.2644029999999997,0.406131,CHE,IRN,851440
5098618,43,107,9335,2011,545688.0,0.0,1.072299,1.686826,CHN,IRN,851440
5098619,61,107,9335,2011,753240.0,0.0,2.074435,-3.440815,DEU,IRN,851440
5098620,77,107,9335,2011,3681.0,0.0,1.532054,0.09339299999999999,FRA,IRN,851440
5098621,104,107,9335,2011,235913.0,0.0,0.18276199999999998,2.398765,IND,IRN,851440
5098622,111,107,9335,2011,165629.0,0.0,1.298751,0.48013599999999995,ITA,IRN,851440
5098623,121,107,9335,2011,10795.0,0.0,1.731371,0.8306879999999999,KOR,IRN,851440
5098624,162,107,9335,2011,2545.0,0.0,1.1655229999999999,1.410167,NLD,IRN,851440
5098625,224,107,9335,2011,50032.0,0.0,0.45775,2.4316259999999996,TUR,IRN,851440
5098626,249,107,9335,2011,5382.0,0.0,1.803234,0.921233,TWN,IRN,851440
5098627,18,108,9335,2011,7228.0,0.0,1.221703,1.247961,BEL,IRQ,851440
5098628,43,108,9335,2011,14125.0,0.0,1.072299,1.686826,CHN,IRQ,851440
5098629,61,108,9335,2011,269271.0,0.0,2.074435,-3.440815,DEU,IRQ,851440
5098630,81,108,9335,2011,27559.0,0.0,1.8048220000000001,0.380141,GBR,IRQ,851440
5098631,113,108,9335,2011,89187.0,0.0,0.231605,0.47049399999999997,JOR,IRQ,851440
5098632,201,108,9335,2011,42990.0,0.0,0.49055699999999997,1.5601399999999999,SRB,IRQ,851440
5098633,224,108,9335,2011,2634.0,0.0,0.45775,2.4316259999999996,TUR,IRQ,851440
5098634,231,108,9335,2011,23295.0,0.0,1.6884849999999998,-0.474499,USA,IRQ,851440
5098635,7,113,9335,2011,0.0,51168.0,0.030652,-0.450808,ARE,JOR,851440
5098636,43,113,9335,2011,2835.0,0.0,1.072299,1.686826,CHN,JOR,851440
5098637,61,113,9335,2011,5753.0,41121.0,2.074435,-3.440815,DEU,JOR,851440
5098638,77,113,9335,2011,4009.0,0.0,1.532054,0.09339299999999999,FRA,JOR,851440
5098639,81,113,9335,2011,35540.0,0.0,1.8048220000000001,0.380141,GBR,JOR,851440
5098640,104,113,9335,2011,25833.0,0.0,0.18276199999999998,2.398765,IND,JOR,851440
5098641,108,113,9335,2011,0.0,89187.0,-2.175137,-0.726975,IRQ,JOR,851440
5098642,114,113,9335,2011,2035.0,0.0,2.516395,-0.534301,JPN,JOR,851440
5098643,153,113,9335,2011,10778.0,0.0,0.9893290000000001,0.632079,MYS,JOR,851440
5098644,162,113,9335,2011,9769.0,0.0,1.1655229999999999,1.410167,NLD,JOR,851440
5098645,181,113,9335,2011,0.0,1916.0,0.07902999999999999,0.550277,PSE,JOR,851440
5098646,188,113,9335,2011,0.0,65729.0,0.354045,-0.800028,SAU,JOR,851440
5098647,190,113,9335,2011,0.0,3952.0,-2.1675869999999997,-1.249272,SDN,JOR,851440
5098648,201,113,9335,2011,32746.0,0.0,0.49055699999999997,1.5601399999999999,SRB,JOR,851440
5098649,224,113,9335,2011,5189.0,0.0,0.45775,2.4316259999999996,TUR,JOR,851440
5098650,231,113,9335,2011,7281.0,0.0,1.6884849999999998,-0.474499,USA,JOR,851440
5098651,250,113,9335,2011,0.0,45414.0,0.475638,-0.160135,ANS,JOR,851440
5098652,16,115,9335,2011,0.0,41218.0,-1.313136,-1.189989,AZE,KAZ,851440
5098653,43,115,9335,2011,400408.0,0.0,1.072299,1.686826,CHN,KAZ,851440
5098654,61,115,9335,2011,570520.0,0.0,2.074435,-3.440815,DEU,KAZ,851440
5098655,111,115,9335,2011,4241.0,0.0,1.298751,0.48013599999999995,ITA,KAZ,851440
5098656,121,115,9335,2011,16228.0,0.0,1.731371,0.8306879999999999,KOR,KAZ,851440
5098657,162,115,9335,2011,30547.0,0.0,1.1655229999999999,1.410167,NLD,KAZ,851440
5098658,186,115,9335,2011,429067.0,0.0,0.47319399999999995,-0.20801599999999998,RUS,KAZ,851440
5098659,231,115,9335,2011,6833.0,0.0,1.6884849999999998,-0.474499,USA,KAZ,851440
5098660,246,115,9335,2011,19398.0,0.0,0.241792,1.353011,ZAF,KAZ,851440
5098661,18,116,9335,2011,4260.0,0.0,1.221703,1.247961,BEL,KEN,851440
5098662,43,116,9335,2011,8089.0,0.0,1.072299,1.686826,CHN,KEN,851440
5098663,61,116,9335,2011,20827.0,0.0,2.074435,-3.440815,DEU,KEN,851440
5098664,104,116,9335,2011,84005.0,0.0,0.18276199999999998,2.398765,IND,KEN,851440
5098665,168,116,9335,2011,1114.0,0.0,-0.729677,0.6026729999999999,PAK,KEN,851440
5098666,187,116,9335,2011,0.0,3483.0,-0.684475,-0.690734,RWA,KEN,851440
5098667,231,116,9335,2011,4375.0,0.0,1.6884849999999998,-0.474499,USA,KEN,851440
5098668,246,116,9335,2011,14925.0,0.0,0.241792,1.353011,ZAF,KEN,851440
5098669,39,117,9335,2011,1824.0,0.0,0.754813,1.1967290000000002,CAN,KGZ,851440
5098670,43,117,9335,2011,30634.0,0.0,1.072299,1.686826,CHN,KGZ,851440
5098671,61,117,9335,2011,26842.0,0.0,2.074435,-3.440815,DEU,KGZ,851440
5098672,186,117,9335,2011,13865.0,0.0,0.47319399999999995,-0.20801599999999998,RUS,KGZ,851440
5098673,43,118,9335,2011,12897.0,0.0,1.072299,1.686826,CHN,KHM,851440
5098674,97,118,9335,2011,6357.0,0.0,0.663588,1.902118,HKG,KHM,851440
5098675,231,118,9335,2011,60403.0,0.0,1.6884849999999998,-0.474499,USA,KHM,851440
5098676,239,118,9335,2011,61259.0,0.0,-0.184453,1.637207,VNM,KHM,851440
5098677,249,118,9335,2011,30355.0,0.0,1.803234,0.921233,TWN,KHM,851440
5098678,39,124,9335,2011,1858.0,0.0,0.754813,1.1967290000000002,CAN,LBN,851440
5098679,43,124,9335,2011,15559.0,0.0,1.072299,1.686826,CHN,LBN,851440
5098680,61,124,9335,2011,46819.0,0.0,2.074435,-3.440815,DEU,LBN,851440
5098681,77,124,9335,2011,4338.0,0.0,1.532054,0.09339299999999999,FRA,LBN,851440
5098682,81,124,9335,2011,3422.0,0.0,1.8048220000000001,0.380141,GBR,LBN,851440
5098683,111,124,9335,2011,4450.0,0.0,1.298751,0.48013599999999995,ITA,LBN,851440
5098684,231,124,9335,2011,42416.0,0.0,1.6884849999999998,-0.474499,USA,LBN,851440
5098685,41,128,9335,2011,843.0,0.0,2.2644029999999997,0.406131,CHE,LKA,851440
5098686,43,128,9335,2011,23386.0,0.0,1.072299,1.686826,CHN,LKA,851440
5098687,61,128,9335,2011,25860.0,0.0,2.074435,-3.440815,DEU,LKA,851440
5098688,74,128,9335,2011,1069.0,0.0,1.7488830000000002,0.890934,FIN,LKA,851440
5098689,77,128,9335,2011,42505.0,0.0,1.532054,0.09339299999999999,FRA,LKA,851440
5098690,81,128,9335,2011,9517.0,0.0,1.8048220000000001,0.380141,GBR,LKA,851440
5098691,97,128,9335,2011,2858.0,0.0,0.663588,1.902118,HKG,LKA,851440
5098692,104,128,9335,2011,17906.0,0.0,0.18276199999999998,2.398765,IND,LKA,851440
5098693,121,128,9335,2011,2375.0,0.0,1.731371,0.8306879999999999,KOR,LKA,851440
5098694,137,128,9335,2011,0.0,12047.0,-0.937469,-0.87897,MDV,LKA,851440
5098695,153,128,9335,2011,2500.0,0.0,0.9893290000000001,0.632079,MYS,LKA,851440
5098696,162,128,9335,2011,1691.0,0.0,1.1655229999999999,1.410167,NLD,LKA,851440
5098697,192,128,9335,2011,40963.0,0.0,1.849116,0.52127,SGP,LKA,851440
5098698,211,128,9335,2011,682.0,0.0,0.287017,-0.5136850000000001,SYC,LKA,851440
5098699,224,128,9335,2011,730.0,0.0,0.45775,2.4316259999999996,TUR,LKA,851440
5098700,231,128,9335,2011,31936.0,0.0,1.6884849999999998,-0.474499,USA,LKA,851440
5098701,249,128,9335,2011,1012.0,0.0,1.803234,0.921233,TWN,LKA,851440
5098702,18,130,9335,2011,3696.0,0.0,1.221703,1.247961,BEL,LTU,851440
5098703,28,130,9335,2011,0.0,5584.0,0.8786729999999999,0.442097,BLR,LTU,851440
5098704,43,130,9335,2011,353232.0,0.0,1.072299,1.686826,CHN,LTU,851440
5098705,61,130,9335,2011,46994.0,0.0,2.074435,-3.440815,DEU,LTU,851440
5098706,74,130,9335,2011,2113.0,0.0,1.7488830000000002,0.890934,FIN,LTU,851440
5098707,77,130,9335,2011,4524.0,0.0,1.532054,0.09339299999999999,FRA,LTU,851440
5098708,81,130,9335,2011,554879.0,5017.0,1.8048220000000001,0.380141,GBR,LTU,851440
5098709,104,130,9335,2011,9190.0,0.0,0.18276199999999998,2.398765,IND,LTU,851440
5098710,111,130,9335,2011,12516.0,0.0,1.298751,0.48013599999999995,ITA,LTU,851440
5098711,132,130,9335,2011,0.0,19794.0,0.7320939999999999,1.101321,LVA,LTU,851440
5098712,162,130,9335,2011,39703.0,0.0,1.1655229999999999,1.410167,NLD,LTU,851440
5098713,163,130,9335,2011,5320.0,0.0,0.8492770000000001,0.050044,NOR,LTU,851440
5098714,177,130,9335,2011,12976.0,0.0,1.133641,1.134203,POL,LTU,851440
5098715,186,130,9335,2011,0.0,691272.0,0.47319399999999995,-0.20801599999999998,RUS,LTU,851440
5098716,208,130,9335,2011,93626.0,0.0,1.857146,0.366159,SWE,LTU,851440
5098717,231,130,9335,2011,202371.0,0.0,1.6884849999999998,-0.474499,USA,LTU,851440
5098718,18,131,9335,2011,7426.0,0.0,1.221703,1.247961,BEL,LUX,851440
5098719,39,131,9335,2011,0.0,15249.0,0.754813,1.1967290000000002,CAN,LUX,851440
5098720,41,131,9335,2011,6300.0,0.0,2.2644029999999997,0.406131,CHE,LUX,851440
5098721,42,131,9335,2011,0.0,2861.0,-0.199877,-0.353009,CHL,LUX,851440
5098722,43,131,9335,2011,0.0,1573.0,1.072299,1.686826,CHN,LUX,851440
5098723,61,131,9335,2011,47769.0,0.0,2.074435,-3.440815,DEU,LUX,851440
5098724,77,131,9335,2011,6422.0,0.0,1.532054,0.09339299999999999,FRA,LUX,851440
5098725,81,131,9335,2011,1378.0,0.0,1.8048220000000001,0.380141,GBR,LUX,851440
5098726,162,131,9335,2011,3853.0,0.0,1.1655229999999999,1.410167,NLD,LUX,851440
5098727,177,131,9335,2011,0.0,6453.0,1.133641,1.134203,POL,LUX,851440
5098728,250,131,9335,2011,133110.0,0.0,0.475638,-0.160135,ANS,LUX,851440
5098729,18,132,9335,2011,5972.0,0.0,1.221703,1.247961,BEL,LVA,851440
5098730,43,132,9335,2011,144237.0,0.0,1.072299,1.686826,CHN,LVA,851440
5098731,59,132,9335,2011,1534.0,0.0,1.737788,0.14741600000000002,CZE,LVA,851440
5098732,61,132,9335,2011,10191.0,230891.0,2.074435,-3.440815,DEU,LVA,851440
5098733,81,132,9335,2011,4374.0,0.0,1.8048220000000001,0.380141,GBR,LVA,851440
5098734,130,132,9335,2011,19794.0,0.0,0.747963,0.9759530000000001,LTU,LVA,851440
5098735,162,132,9335,2011,456277.0,15850.0,1.1655229999999999,1.410167,NLD,LVA,851440
5098736,177,132,9335,2011,1702.0,0.0,1.133641,1.134203,POL,LVA,851440
5098737,186,132,9335,2011,0.0,49522.0,0.47319399999999995,-0.20801599999999998,RUS,LVA,851440
5098738,216,132,9335,2011,0.0,1187.0,0.889009,1.503118,THA,LVA,851440
5098739,231,132,9335,2011,116461.0,0.0,1.6884849999999998,-0.474499,USA,LVA,851440
5098740,15,135,9335,2011,1298.0,0.0,1.687634,-0.229095,AUT,MDA,851440
5098741,61,135,9335,2011,5905.0,0.0,2.074435,-3.440815,DEU,MDA,851440
5098742,121,135,9335,2011,318.0,0.0,1.731371,0.8306879999999999,KOR,MDA,851440
5098743,185,135,9335,2011,10317.0,7808.0,0.722,1.296655,ROU,MDA,851440
5098744,15,140,9335,2011,14721.0,0.0,1.687634,-0.229095,AUT,MKD,851440
5098745,61,140,9335,2011,8593.0,0.0,2.074435,-3.440815,DEU,MKD,851440
5098746,81,140,9335,2011,5835.0,0.0,1.8048220000000001,0.380141,GBR,MKD,851440
5098747,90,140,9335,2011,1389.0,0.0,0.138679,1.30044,GRC,MKD,851440
5098748,111,140,9335,2011,12769.0,0.0,1.298751,0.48013599999999995,ITA,MKD,851440
5098749,114,140,9335,2011,639.0,0.0,2.516395,-0.534301,JPN,MKD,851440
5098750,162,140,9335,2011,6825.0,0.0,1.1655229999999999,1.410167,NLD,MKD,851440
5098751,201,140,9335,2011,72488.0,0.0,0.49055699999999997,1.5601399999999999,SRB,MKD,851440
5098752,111,142,9335,2011,2194.0,0.0,1.298751,0.48013599999999995,ITA,MLT,851440
5098753,224,142,9335,2011,0.0,23734.0,0.45775,2.4316259999999996,TUR,MLT,851440
5098754,43,143,9335,2011,785781.0,0.0,1.072299,1.686826,CHN,MMR,851440
5098755,61,143,9335,2011,42570.0,0.0,2.074435,-3.440815,DEU,MMR,851440
5098756,192,143,9335,2011,86117.0,0.0,1.849116,0.52127,SGP,MMR,851440
5098757,216,143,9335,2011,5337.0,0.0,0.889009,1.503118,THA,MMR,851440
5098758,249,143,9335,2011,139868.0,0.0,1.803234,0.921233,TWN,MMR,851440
5098759,43,147,9335,2011,52587.0,0.0,1.072299,1.686826,CHN,MOZ,851440
5098760,179,147,9335,2011,2881.0,0.0,0.558481,2.7056240000000003,PRT,MOZ,851440
5098761,246,147,9335,2011,6597.0,0.0,0.241792,1.353011,ZAF,MOZ,851440
5098762,14,163,9335,2011,0.0,305909.0,-0.138148,0.002999,AUS,NOR,851440
5098763,15,163,9335,2011,27543.0,675448.0,1.687634,-0.229095,AUT,NOR,851440
5098764,18,163,9335,2011,57823.0,0.0,1.221703,1.247961,BEL,NOR,851440
5098765,23,163,9335,2011,0.0,190168.0,0.537967,1.520973,BGR,NOR,851440
5098766,28,163,9335,2011,0.0,38178.0,0.8786729999999999,0.442097,BLR,NOR,851440
5098767,32,163,9335,2011,0.0,48176.0,0.27718400000000004,0.5674319999999999,BRA,NOR,851440
5098768,39,163,9335,2011,12381.0,5420.0,0.754813,1.1967290000000002,CAN,NOR,851440
5098769,41,163,9335,2011,43331.0,0.0,2.2644029999999997,0.406131,CHE,NOR,851440
5098770,43,163,9335,2011,6612.0,2061195.0,1.072299,1.686826,CHN,NOR,851440
5098771,59,163,9335,2011,14319.0,60602.0,1.737788,0.14741600000000002,CZE,NOR,851440
5098772,61,163,9335,2011,230695.0,3065984.0,2.074435,-3.440815,DEU,NOR,851440
5098773,64,163,9335,2011,63652.0,1244334.0,1.156026,1.2248299999999999,DNK,NOR,851440
5098774,68,163,9335,2011,0.0,1868.0,-0.166243,1.384719,EGY,NOR,851440
5098775,71,163,9335,2011,49332.0,114330.0,0.8677290000000001,2.4618450000000003,ESP,NOR,851440
5098776,74,163,9335,2011,90821.0,1943752.0,1.7488830000000002,0.890934,FIN,NOR,851440
5098777,77,163,9335,2011,53015.0,482397.0,1.532054,0.09339299999999999,FRA,NOR,851440
5098778,81,163,9335,2011,528642.0,447611.0,1.8048220000000001,0.380141,GBR,NOR,851440
5098779,97,163,9335,2011,0.0,120044.0,0.663588,1.902118,HKG,NOR,851440
5098780,100,163,9335,2011,13287.0,0.0,0.868294,0.9424299999999999,HRV,NOR,851440
5098781,102,163,9335,2011,0.0,9985.0,1.486592,0.805642,HUN,NOR,851440
5098782,103,163,9335,2011,0.0,24513.0,-0.234125,1.168384,IDN,NOR,851440
5098783,104,163,9335,2011,35663.0,111190.0,0.18276199999999998,2.398765,IND,NOR,851440
5098784,110,163,9335,2011,11770.0,0.0,1.324384,0.714611,ISR,NOR,851440
5098785,111,163,9335,2011,11710.0,459671.0,1.298751,0.48013599999999995,ITA,NOR,851440
5098786,114,163,9335,2011,0.0,181703.0,2.516395,-0.534301,JPN,NOR,851440
5098787,121,163,9335,2011,0.0,16755.0,1.731371,0.8306879999999999,KOR,NOR,851440
5098788,130,163,9335,2011,0.0,5320.0,0.747963,0.9759530000000001,LTU,NOR,851440
5098789,134,163,9335,2011,0.0,74438.0,-0.485404,0.099828,MAR,NOR,851440
5098790,137,163,9335,2011,0.0,219437.0,-0.937469,-0.87897,MDV,NOR,851440
5098791,138,163,9335,2011,0.0,363048.0,0.9534600000000001,0.706982,MEX,NOR,851440
5098792,144,163,9335,2011,0.0,1084.0,0.149559,0.024935,MNE,NOR,851440
5098793,153,163,9335,2011,0.0,142876.0,0.9893290000000001,0.632079,MYS,NOR,851440
5098794,162,163,9335,2011,47003.0,39280.0,1.1655229999999999,1.410167,NLD,NOR,851440
5098795,177,163,9335,2011,162570.0,162207.0,1.133641,1.134203,POL,NOR,851440
5098796,183,163,9335,2011,1748.0,0.0,-0.45851899999999995,-1.017033,QAT,NOR,851440
5098797,185,163,9335,2011,0.0,143242.0,0.722,1.296655,ROU,NOR,851440
5098798,186,163,9335,2011,0.0,251442.0,0.47319399999999995,-0.20801599999999998,RUS,NOR,851440
5098799,188,163,9335,2011,780.0,0.0,0.354045,-0.800028,SAU,NOR,851440
5098800,206,163,9335,2011,0.0,26794.0,1.262897,0.8230569999999999,SVK,NOR,851440
5098801,208,163,9335,2011,708548.0,1641806.0,1.857146,0.366159,SWE,NOR,851440
5098802,224,163,9335,2011,18762.0,117717.0,0.45775,2.4316259999999996,TUR,NOR,851440
5098803,231,163,9335,2011,489302.0,3523036.0,1.6884849999999998,-0.474499,USA,NOR,851440
5098804,239,163,9335,2011,0.0,21449.0,-0.184453,1.637207,VNM,NOR,851440
5098805,246,163,9335,2011,13523.0,155003.0,0.241792,1.353011,ZAF,NOR,851440
5098806,249,163,9335,2011,0.0,82578.0,1.803234,0.921233,TWN,NOR,851440
5098807,7,167,9335,2011,117590.0,5339.0,0.030652,-0.450808,ARE,OMN,851440
5098808,15,167,9335,2011,3321.0,0.0,1.687634,-0.229095,AUT,OMN,851440
5098809,18,167,9335,2011,6715.0,0.0,1.221703,1.247961,BEL,OMN,851440
5098810,43,167,9335,2011,130760.0,0.0,1.072299,1.686826,CHN,OMN,851440
5098811,61,167,9335,2011,14039.0,0.0,2.074435,-3.440815,DEU,OMN,851440
5098812,77,167,9335,2011,1671.0,0.0,1.532054,0.09339299999999999,FRA,OMN,851440
5098813,81,167,9335,2011,87031.0,0.0,1.8048220000000001,0.380141,GBR,OMN,851440
5098814,104,167,9335,2011,1365.0,0.0,0.18276199999999998,2.398765,IND,OMN,851440
5098815,111,167,9335,2011,16374.0,0.0,1.298751,0.48013599999999995,ITA,OMN,851440
5098816,121,167,9335,2011,32277.0,0.0,1.731371,0.8306879999999999,KOR,OMN,851440
5098817,138,167,9335,2011,1054.0,0.0,0.9534600000000001,0.706982,MEX,OMN,851440
5098818,153,167,9335,2011,1991.0,0.0,0.9893290000000001,0.632079,MYS,OMN,851440
5098819,208,167,9335,2011,3175.0,0.0,1.857146,0.366159,SWE,OMN,851440
5098820,231,167,9335,2011,16513.0,0.0,1.6884849999999998,-0.474499,USA,OMN,851440
5098821,8,186,9335,2011,15428.0,0.0,0.240494,0.540376,ARG,RUS,851440
5098822,9,186,9335,2011,0.0,34100.0,0.543397,-0.029376999999999997,ARM,RUS,851440
5098823,15,186,9335,2011,1879.0,0.0,1.687634,-0.229095,AUT,RUS,851440
5098824,16,186,9335,2011,0.0,11981.0,-1.313136,-1.189989,AZE,RUS,851440
5098825,18,186,9335,2011,103856.0,0.0,1.221703,1.247961,BEL,RUS,851440
5098826,23,186,9335,2011,277878.0,0.0,0.537967,1.520973,BGR,RUS,851440
5098827,28,186,9335,2011,0.0,379282.0,0.8786729999999999,0.442097,BLR,RUS,851440
5098828,39,186,9335,2011,399354.0,0.0,0.754813,1.1967290000000002,CAN,RUS,851440
5098829,41,186,9335,2011,15787.0,0.0,2.2644029999999997,0.406131,CHE,RUS,851440
5098830,43,186,9335,2011,653415.0,94021.0,1.072299,1.686826,CHN,RUS,851440
5098831,59,186,9335,2011,15495.0,0.0,1.737788,0.14741600000000002,CZE,RUS,851440
5098832,61,186,9335,2011,2248767.0,0.0,2.074435,-3.440815,DEU,RUS,851440
5098833,72,186,9335,2011,177823.0,25129.0,0.9806790000000001,1.110449,EST,RUS,851440
5098834,74,186,9335,2011,148190.0,0.0,1.7488830000000002,0.890934,FIN,RUS,851440
5098835,77,186,9335,2011,24239.0,0.0,1.532054,0.09339299999999999,FRA,RUS,851440
5098836,81,186,9335,2011,204232.0,0.0,1.8048220000000001,0.380141,GBR,RUS,851440
5098837,102,186,9335,2011,20512.0,0.0,1.486592,0.805642,HUN,RUS,851440
5098838,110,186,9335,2011,43216.0,0.0,1.324384,0.714611,ISR,RUS,851440
5098839,111,186,9335,2011,710312.0,0.0,1.298751,0.48013599999999995,ITA,RUS,851440
5098840,114,186,9335,2011,484866.0,0.0,2.516395,-0.534301,JPN,RUS,851440
5098841,115,186,9335,2011,0.0,429067.0,-0.514687,-0.775671,KAZ,RUS,851440
5098842,117,186,9335,2011,0.0,13865.0,-0.323348,0.164469,KGZ,RUS,851440
5098843,121,186,9335,2011,1616.0,97854.0,1.731371,0.8306879999999999,KOR,RUS,851440
5098844,130,186,9335,2011,691272.0,0.0,0.747963,0.9759530000000001,LTU,RUS,851440
5098845,132,186,9335,2011,49522.0,0.0,0.7320939999999999,1.101321,LVA,RUS,851440
5098846,162,186,9335,2011,83829.0,0.0,1.1655229999999999,1.410167,NLD,RUS,851440
5098847,163,186,9335,2011,251442.0,0.0,0.8492770000000001,0.050044,NOR,RUS,851440
5098848,177,186,9335,2011,1531.0,0.0,1.133641,1.134203,POL,RUS,851440
5098849,206,186,9335,2011,59088.0,0.0,1.262897,0.8230569999999999,SVK,RUS,851440
5098850,207,186,9335,2011,1371179.0,0.0,1.642913,0.700222,SVN,RUS,851440
5098851,208,186,9335,2011,146248.0,0.0,1.857146,0.366159,SWE,RUS,851440
5098852,224,186,9335,2011,0.0,7796.0,0.45775,2.4316259999999996,TUR,RUS,851440
5098853,228,186,9335,2011,9651.0,578677.0,0.6221409999999999,0.765505,UKR,RUS,851440
5098854,231,186,9335,2011,2202461.0,0.0,1.6884849999999998,-0.474499,USA,RUS,851440
5098855,232,186,9335,2011,0.0,93904.0,-0.785878,-0.663918,UZB,RUS,851440
5098856,246,186,9335,2011,27281.0,0.0,0.241792,1.353011,ZAF,RUS,851440
5098857,249,186,9335,2011,0.0,1331576.0,1.803234,0.921233,TWN,RUS,851440
5098858,14,191,9335,2011,1433.0,0.0,-0.138148,0.002999,AUS,SEN,851440
5098859,43,191,9335,2011,56120.0,0.0,1.072299,1.686826,CHN,SEN,851440
5098860,61,191,9335,2011,9873.0,0.0,2.074435,-3.440815,DEU,SEN,851440
5098861,77,191,9335,2011,2044.0,0.0,1.532054,0.09339299999999999,FRA,SEN,851440
5098862,104,191,9335,2011,12289.0,0.0,0.18276199999999998,2.398765,IND,SEN,851440
5098863,111,191,9335,2011,5733.0,0.0,1.298751,0.48013599999999995,ITA,SEN,851440
5098864,26,201,9335,2011,18063.0,46417.0,0.391425,0.6066600000000001,BIH,SRB,851440
5098865,41,201,9335,2011,1685.0,0.0,2.2644029999999997,0.406131,CHE,SRB,851440
5098866,43,201,9335,2011,5492.0,0.0,1.072299,1.686826,CHN,SRB,851440
5098867,61,201,9335,2011,276555.0,0.0,2.074435,-3.440815,DEU,SRB,851440
5098868,71,201,9335,2011,8937.0,0.0,0.8677290000000001,2.4618450000000003,ESP,SRB,851440
5098869,100,201,9335,2011,0.0,4030.0,0.868294,0.9424299999999999,HRV,SRB,851440
5098870,108,201,9335,2011,0.0,42990.0,-2.175137,-0.726975,IRQ,SRB,851440
5098871,111,201,9335,2011,28554.0,0.0,1.298751,0.48013599999999995,ITA,SRB,851440
5098872,113,201,9335,2011,0.0,32746.0,0.231605,0.47049399999999997,JOR,SRB,851440
5098873,140,201,9335,2011,0.0,72488.0,-0.12310499999999999,0.16392,MKD,SRB,851440
5098874,144,201,9335,2011,0.0,9861.0,0.149559,0.024935,MNE,SRB,851440
5098875,162,201,9335,2011,41323.0,0.0,1.1655229999999999,1.410167,NLD,SRB,851440
5098876,177,201,9335,2011,0.0,5287.0,1.133641,1.134203,POL,SRB,851440
5098877,207,201,9335,2011,5654.0,379018.0,1.642913,0.700222,SVN,SRB,851440
5098878,231,201,9335,2011,1125.0,0.0,1.6884849999999998,-0.474499,USA,SRB,851440
5098879,246,201,9335,2011,499.0,0.0,0.241792,1.353011,ZAF,SRB,851440
5098880,128,211,9335,2011,0.0,682.0,-0.559311,0.398905,LKA,SYC,851440
5098881,61,217,9335,2011,31098.0,0.0,2.074435,-3.440815,DEU,TJK,851440
5098882,43,219,9335,2011,7940.0,0.0,1.072299,1.686826,CHN,TKM,851440
5098883,61,219,9335,2011,150596.0,0.0,2.074435,-3.440815,DEU,TKM,851440
5098884,224,219,9335,2011,56051.0,0.0,0.45775,2.4316259999999996,TUR,TKM,851440
5098885,43,232,9335,2011,409117.0,0.0,1.072299,1.686826,CHN,UZB,851440
5098886,61,232,9335,2011,79513.0,0.0,2.074435,-3.440815,DEU,UZB,851440
5098887,186,232,9335,2011,93904.0,0.0,0.47319399999999995,-0.20801599999999998,RUS,UZB,851440
5098888,14,239,9335,2011,3580.0,0.0,-0.138148,0.002999,AUS,VNM,851440
5098889,15,239,9335,2011,29825.0,0.0,1.687634,-0.229095,AUT,VNM,851440
5098890,39,239,9335,2011,43002.0,0.0,0.754813,1.1967290000000002,CAN,VNM,851440
5098891,41,239,9335,2011,1809.0,0.0,2.2644029999999997,0.406131,CHE,VNM,851440
5098892,43,239,9335,2011,807897.0,2856.0,1.072299,1.686826,CHN,VNM,851440
5098893,61,239,9335,2011,1012928.0,0.0,2.074435,-3.440815,DEU,VNM,851440
5098894,81,239,9335,2011,216437.0,0.0,1.8048220000000001,0.380141,GBR,VNM,851440
5098895,104,239,9335,2011,89377.0,4288.0,0.18276199999999998,2.398765,IND,VNM,851440
5098896,110,239,9335,2011,52871.0,0.0,1.324384,0.714611,ISR,VNM,851440
5098897,111,239,9335,2011,9226.0,0.0,1.298751,0.48013599999999995,ITA,VNM,851440
5098898,114,239,9335,2011,1362933.0,0.0,2.516395,-0.534301,JPN,VNM,851440
5098899,118,239,9335,2011,0.0,61259.0,-1.162858,-1.103539,KHM,VNM,851440
5098900,121,239,9335,2011,10258.0,0.0,1.731371,0.8306879999999999,KOR,VNM,851440
5098901,123,239,9335,2011,0.0,82773.0,-1.135039,-0.929759,LAO,VNM,851440
5098902,153,239,9335,2011,844565.0,0.0,0.9893290000000001,0.632079,MYS,VNM,851440
5098903,162,239,9335,2011,8747.0,0.0,1.1655229999999999,1.410167,NLD,VNM,851440
5098904,163,239,9335,2011,21449.0,0.0,0.8492770000000001,0.050044,NOR,VNM,851440
5098905,174,239,9335,2011,45301.0,0.0,0.364707,0.322626,PHL,VNM,851440
5098906,177,239,9335,2011,87258.0,0.0,1.133641,1.134203,POL,VNM,851440
5098907,192,239,9335,2011,64355.0,19346.0,1.849116,0.52127,SGP,VNM,851440
5098908,208,239,9335,2011,155868.0,0.0,1.857146,0.366159,SWE,VNM,851440
5098909,216,239,9335,2011,28172.0,0.0,0.889009,1.503118,THA,VNM,851440
5098910,231,239,9335,2011,58139.0,105775.0,1.6884849999999998,-0.474499,USA,VNM,851440
5098911,246,239,9335,2011,1635.0,0.0,0.241792,1.353011,ZAF,VNM,851440
5098912,249,239,9335,2011,364451.0,2869.0,1.803234,0.921233,TWN,VNM,851440
5098913,18,248,9335,2011,2494.0,0.0,1.221703,1.247961,BEL,ZWE,851440
5098914,121,248,9335,2011,20592.0,0.0,1.731371,0.8306879999999999,KOR,ZWE,851440
5098915,246,248,9335,2011,124275.0,0.0,0.241792,1.353011,ZAF,ZWE,851440
5098916,39,1,9335,2011,215701.0,0.0,0.754813,1.1967290000000002,CAN,AFG,851440
5098917,231,1,9335,2011,79201.0,0.0,1.6884849999999998,-0.474499,USA,AFG,851440
5098918,159,13,9335,2011,0.0,609.0,-1.699286,-1.15511,NGA,ATG,851440
5098919,14,21,9335,2011,8361.0,0.0,-0.138148,0.002999,AUS,BFA,851440
5098920,39,21,9335,2011,5347.0,0.0,0.754813,1.1967290000000002,CAN,BFA,851440
5098921,77,21,9335,2011,7638.0,0.0,1.532054,0.09339299999999999,FRA,BFA,851440
5098922,81,21,9335,2011,384.0,0.0,1.8048220000000001,0.380141,GBR,BFA,851440
5098923,18,24,9335,2011,3351.0,0.0,1.221703,1.247961,BEL,BHR,851440
5098924,41,24,9335,2011,2191.0,0.0,2.2644029999999997,0.406131,CHE,BHR,851440
5098925,43,24,9335,2011,6274.0,0.0,1.072299,1.686826,CHN,BHR,851440
5098926,61,24,9335,2011,14033.0,0.0,2.074435,-3.440815,DEU,BHR,851440
5098927,64,24,9335,2011,6398.0,0.0,1.156026,1.2248299999999999,DNK,BHR,851440
5098928,81,24,9335,2011,355028.0,0.0,1.8048220000000001,0.380141,GBR,BHR,851440
5098929,104,24,9335,2011,4356.0,0.0,0.18276199999999998,2.398765,IND,BHR,851440
5098930,111,24,9335,2011,3280.0,0.0,1.298751,0.48013599999999995,ITA,BHR,851440
5098931,162,24,9335,2011,27475.0,0.0,1.1655229999999999,1.410167,NLD,BHR,851440
5098932,178,24,9335,2011,1312.0,0.0,-0.024317,-0.154781,PRK,BHR,851440
5098933,231,24,9335,2011,23663.0,0.0,1.6884849999999998,-0.474499,USA,BHR,851440
5098934,43,29,9335,2011,700.0,0.0,1.072299,1.686826,CHN,BLZ,851440
5098935,18,31,9335,2011,3189.0,0.0,1.221703,1.247961,BEL,BOL,851440
5098936,43,31,9335,2011,1825.0,0.0,1.072299,1.686826,CHN,BOL,851440
5098937,59,31,9335,2011,2410.0,0.0,1.737788,0.14741600000000002,CZE,BOL,851440
5098938,114,31,9335,2011,3584.0,0.0,2.516395,-0.534301,JPN,BOL,851440
5098939,162,31,9335,2011,2775.0,0.0,1.1655229999999999,1.410167,NLD,BOL,851440
5098940,231,31,9335,2011,2437.0,0.0,1.6884849999999998,-0.474499,USA,BOL,851440
5098941,246,31,9335,2011,1220.0,0.0,0.241792,1.353011,ZAF,BOL,851440
5098942,249,31,9335,2011,552.0,0.0,1.803234,0.921233,TWN,BOL,851440
5098943,39,37,9335,2011,3214.0,0.0,0.754813,1.1967290000000002,CAN,BWA,851440
5098944,81,37,9335,2011,2405.0,0.0,1.8048220000000001,0.380141,GBR,BWA,851440
5098945,104,37,9335,2011,887.0,0.0,0.18276199999999998,2.398765,IND,BWA,851440
5098946,231,37,9335,2011,1323.0,0.0,1.6884849999999998,-0.474499,USA,BWA,851440
5098947,246,37,9335,2011,20880.0,129660.0,0.241792,1.353011,ZAF,BWA,851440
5098948,14,44,9335,2011,2450.0,0.0,-0.138148,0.002999,AUS,CIV,851440
5098949,18,44,9335,2011,10958.0,0.0,1.221703,1.247961,BEL,CIV,851440
5098950,77,44,9335,2011,6742.0,0.0,1.532054,0.09339299999999999,FRA,CIV,851440
5098951,111,44,9335,2011,4419.0,0.0,1.298751,0.48013599999999995,ITA,CIV,851440
5098952,162,44,9335,2011,4711.0,0.0,1.1655229999999999,1.410167,NLD,CIV,851440
5098953,43,45,9335,2011,2413.0,0.0,1.072299,1.686826,CHN,CMR,851440
5098954,61,45,9335,2011,852.0,0.0,2.074435,-3.440815,DEU,CMR,851440
5098955,77,45,9335,2011,1359.0,0.0,1.532054,0.09339299999999999,FRA,CMR,851440
5098956,81,45,9335,2011,32259.0,0.0,1.8048220000000001,0.380141,GBR,CMR,851440
5098957,90,45,9335,2011,340.0,0.0,0.138679,1.30044,GRC,CMR,851440
5098958,162,45,9335,2011,4537.0,0.0,1.1655229999999999,1.410167,NLD,CMR,851440
5098959,246,46,9335,2011,3971.0,0.0,0.241792,1.353011,ZAF,COD,851440
5098960,77,47,9335,2011,13734.0,0.0,1.532054,0.09339299999999999,FRA,COG,851440
5098961,39,54,9335,2011,50022.0,0.0,0.754813,1.1967290000000002,CAN,CUB,851440
5098962,41,54,9335,2011,10886.0,0.0,2.2644029999999997,0.406131,CHE,CUB,851440
5098963,61,54,9335,2011,3897.0,0.0,2.074435,-3.440815,DEU,CUB,851440
5098964,71,54,9335,2011,285072.0,0.0,0.8677290000000001,2.4618450000000003,ESP,CUB,851440
5098965,81,54,9335,2011,176304.0,0.0,1.8048220000000001,0.380141,GBR,CUB,851440
5098966,43,62,9335,2011,20440.0,0.0,1.072299,1.686826,CHN,DJI,851440
5098967,41,66,9335,2011,2602.0,0.0,2.2644029999999997,0.406131,CHE,DZA,851440
5098968,43,66,9335,2011,54961.0,0.0,1.072299,1.686826,CHN,DZA,851440
5098969,61,66,9335,2011,43437.0,0.0,2.074435,-3.440815,DEU,DZA,851440
5098970,71,66,9335,2011,4708.0,0.0,0.8677290000000001,2.4618450000000003,ESP,DZA,851440
5098971,77,66,9335,2011,107682.0,0.0,1.532054,0.09339299999999999,FRA,DZA,851440
5098972,81,66,9335,2011,55740.0,0.0,1.8048220000000001,0.380141,GBR,DZA,851440
5098973,104,66,9335,2011,1166.0,0.0,0.18276199999999998,2.398765,IND,DZA,851440
5098974,111,66,9335,2011,29044.0,0.0,1.298751,0.48013599999999995,ITA,DZA,851440
5098975,114,66,9335,2011,2403.0,0.0,2.516395,-0.534301,JPN,DZA,851440
5098976,121,66,9335,2011,30838.0,0.0,1.731371,0.8306879999999999,KOR,DZA,851440
5098977,162,66,9335,2011,19646.0,0.0,1.1655229999999999,1.410167,NLD,DZA,851440
5098978,207,66,9335,2011,211616.0,0.0,1.642913,0.700222,SVN,DZA,851440
5098979,224,66,9335,2011,180567.0,0.0,0.45775,2.4316259999999996,TUR,DZA,851440
5098980,43,73,9335,2011,39342.0,0.0,1.072299,1.686826,CHN,ETH,851440
5098981,61,73,9335,2011,20095.0,0.0,2.074435,-3.440815,DEU,ETH,851440
5098982,103,73,9335,2011,432.0,0.0,-0.234125,1.168384,IDN,ETH,851440
5098983,104,73,9335,2011,4881.0,0.0,0.18276199999999998,2.398765,IND,ETH,851440
5098984,111,73,9335,2011,4008.0,0.0,1.298751,0.48013599999999995,ITA,ETH,851440
5098985,166,73,9335,2011,1637.0,0.0,0.372732,0.548601,NZL,ETH,851440
5098986,231,73,9335,2011,6092.0,0.0,1.6884849999999998,-0.474499,USA,ETH,851440
5098987,77,80,9335,2011,14827.0,0.0,1.532054,0.09339299999999999,FRA,GAB,851440
5098988,81,80,9335,2011,38479.0,0.0,1.8048220000000001,0.380141,GBR,GAB,851440
5098989,231,84,9335,2011,11700.0,0.0,1.6884849999999998,-0.474499,USA,GIB,851440
5098990,231,89,9335,2011,5223.0,0.0,1.6884849999999998,-0.474499,USA,GNQ,851440
5098991,18,109,9335,2011,1589.0,0.0,1.221703,1.247961,BEL,ISL,851440
5098992,43,109,9335,2011,569.0,0.0,1.072299,1.686826,CHN,ISL,851440
5098993,61,109,9335,2011,8881.0,0.0,2.074435,-3.440815,DEU,ISL,851440
5098994,64,109,9335,2011,10233.0,0.0,1.156026,1.2248299999999999,DNK,ISL,851440
5098995,81,109,9335,2011,3026.0,0.0,1.8048220000000001,0.380141,GBR,ISL,851440
5098996,111,109,9335,2011,2101.0,0.0,1.298751,0.48013599999999995,ITA,ISL,851440
5098997,162,109,9335,2011,24681.0,0.0,1.1655229999999999,1.410167,NLD,ISL,851440
5098998,177,109,9335,2011,1251.0,0.0,1.133641,1.134203,POL,ISL,851440
5098999,208,109,9335,2011,7909.0,0.0,1.857146,0.366159,SWE,ISL,851440
5099000,231,109,9335,2011,4887.0,0.0,1.6884849999999998,-0.474499,USA,ISL,851440
5099001,246,109,9335,2011,840.0,0.0,0.241792,1.353011,ZAF,ISL,851440
5099002,249,109,9335,2011,1483.0,0.0,1.803234,0.921233,TWN,ISL,851440
5099003,81,126,9335,2011,2482.0,0.0,1.8048220000000001,0.380141,GBR,LBY,851440
5099004,162,126,9335,2011,1714.0,0.0,1.1655229999999999,1.410167,NLD,LBY,851440
5099005,246,129,9335,2011,7047.0,0.0,0.241792,1.353011,ZAF,LSO,851440
5099006,231,139,9335,2011,2684.0,0.0,1.6884849999999998,-0.474499,USA,MHL,851440
5099007,39,145,9335,2011,4441.0,0.0,0.754813,1.1967290000000002,CAN,MNG,851440
5099008,43,145,9335,2011,51756.0,0.0,1.072299,1.686826,CHN,MNG,851440
5099009,231,145,9335,2011,2891.0,0.0,1.6884849999999998,-0.474499,USA,MNG,851440
5099010,81,148,9335,2011,1453.0,0.0,1.8048220000000001,0.380141,GBR,MRT,851440
5099011,39,151,9335,2011,3796.0,0.0,0.754813,1.1967290000000002,CAN,MUS,851440
5099012,61,151,9335,2011,15612.0,0.0,2.074435,-3.440815,DEU,MUS,851440
5099013,77,151,9335,2011,1078.0,0.0,1.532054,0.09339299999999999,FRA,MUS,851440
5099014,81,151,9335,2011,1629.0,0.0,1.8048220000000001,0.380141,GBR,MUS,851440
5099015,104,151,9335,2011,1120.0,0.0,0.18276199999999998,2.398765,IND,MUS,851440
5099016,2,155,9335,2011,0.0,1587.0,-1.252991,-1.132314,AGO,NAM,851440
5099017,15,155,9335,2011,0.0,3170.0,1.687634,-0.229095,AUT,NAM,851440
5099018,61,155,9335,2011,12822.0,0.0,2.074435,-3.440815,DEU,NAM,851440
5099019,246,155,9335,2011,5335.0,0.0,0.241792,1.353011,ZAF,NAM,851440
5099020,77,157,9335,2011,24024.0,0.0,1.532054,0.09339299999999999,FRA,NER,851440
5099021,13,159,9335,2011,609.0,0.0,0.257238,-0.275891,ATG,NGA,851440
5099022,18,159,9335,2011,31848.0,0.0,1.221703,1.247961,BEL,NGA,851440
5099023,43,159,9335,2011,3273.0,0.0,1.072299,1.686826,CHN,NGA,851440
5099024,61,159,9335,2011,78961.0,0.0,2.074435,-3.440815,DEU,NGA,851440
5099025,77,159,9335,2011,1050.0,0.0,1.532054,0.09339299999999999,FRA,NGA,851440
5099026,81,159,9335,2011,36922.0,0.0,1.8048220000000001,0.380141,GBR,NGA,851440
5099027,104,159,9335,2011,9606.0,0.0,0.18276199999999998,2.398765,IND,NGA,851440
5099028,121,159,9335,2011,55999.0,0.0,1.731371,0.8306879999999999,KOR,NGA,851440
5099029,162,159,9335,2011,20762.0,0.0,1.1655229999999999,1.410167,NLD,NGA,851440
5099030,231,159,9335,2011,145771.0,0.0,1.6884849999999998,-0.474499,USA,NGA,851440
5099031,43,164,9335,2011,20985.0,0.0,1.072299,1.686826,CHN,NPL,851440
5099032,104,164,9335,2011,10651.0,54749.0,0.18276199999999998,2.398765,IND,NPL,851440
5099033,111,164,9335,2011,1201.0,0.0,1.298751,0.48013599999999995,ITA,NPL,851440
5099034,138,164,9335,2011,0.0,3328.0,0.9534600000000001,0.706982,MEX,NPL,851440
5099035,192,164,9335,2011,1742.0,0.0,1.849116,0.52127,SGP,NPL,851440
5099036,14,176,9335,2011,10901.0,0.0,-0.138148,0.002999,AUS,PNG,851440
5099037,43,176,9335,2011,5231.0,0.0,1.072299,1.686826,CHN,PNG,851440
5099038,153,176,9335,2011,0.0,2319.0,0.9893290000000001,0.632079,MYS,PNG,851440
5099039,166,176,9335,2011,2337.0,0.0,0.372732,0.548601,NZL,PNG,851440
5099040,192,176,9335,2011,6815.0,0.0,1.849116,0.52127,SGP,PNG,851440
5099041,208,176,9335,2011,2171.0,0.0,1.857146,0.366159,SWE,PNG,851440
5099042,24,178,9335,2011,0.0,1312.0,0.04085,-0.873711,BHR,PRK,851440
5099043,43,178,9335,2011,184921.0,0.0,1.072299,1.686826,CHN,PRK,851440
5099044,121,182,9335,2011,1362.0,0.0,1.731371,0.8306879999999999,KOR,PYF,851440
5099045,39,209,9335,2011,3580.0,0.0,0.754813,1.1967290000000002,CAN,SWZ,851440
5099046,246,209,9335,2011,1941.0,1287.0,0.241792,1.353011,ZAF,SWZ,851440
5099047,43,212,9335,2011,5800.0,0.0,1.072299,1.686826,CHN,SYR,851440
5099048,61,212,9335,2011,87571.0,0.0,2.074435,-3.440815,DEU,SYR,851440
5099049,111,212,9335,2011,57406.0,0.0,1.298751,0.48013599999999995,ITA,SYR,851440
5099050,77,215,9335,2011,1807.0,0.0,1.532054,0.09339299999999999,FRA,TGO,851440
5099051,41,223,9335,2011,3144.0,0.0,2.2644029999999997,0.406131,CHE,TUN,851440
5099052,43,223,9335,2011,19434.0,0.0,1.072299,1.686826,CHN,TUN,851440
5099053,61,223,9335,2011,456409.0,0.0,2.074435,-3.440815,DEU,TUN,851440
5099054,77,223,9335,2011,153735.0,35859.0,1.532054,0.09339299999999999,FRA,TUN,851440
5099055,111,223,9335,2011,17199.0,0.0,1.298751,0.48013599999999995,ITA,TUN,851440
5099056,121,223,9335,2011,927.0,0.0,1.731371,0.8306879999999999,KOR,TUN,851440
5099057,162,223,9335,2011,8121.0,0.0,1.1655229999999999,1.410167,NLD,TUN,851440
5099058,7,226,9335,2011,218818.0,0.0,0.030652,-0.450808,ARE,TZA,851440
5099059,14,226,9335,2011,2089.0,0.0,-0.138148,0.002999,AUS,TZA,851440
5099060,104,226,9335,2011,11757.0,0.0,0.18276199999999998,2.398765,IND,TZA,851440
5099061,111,226,9335,2011,19514.0,0.0,1.298751,0.48013599999999995,ITA,TZA,851440
5099062,114,226,9335,2011,1968.0,0.0,2.516395,-0.534301,JPN,TZA,851440
5099063,231,226,9335,2011,5454.0,0.0,1.6884849999999998,-0.474499,USA,TZA,851440
5099064,246,226,9335,2011,2214.0,0.0,0.241792,1.353011,ZAF,TZA,851440
5099065,7,227,9335,2011,7289.0,0.0,0.030652,-0.450808,ARE,UGA,851440
5099066,43,227,9335,2011,1124.0,0.0,1.072299,1.686826,CHN,UGA,851440
5099067,61,227,9335,2011,28769.0,0.0,2.074435,-3.440815,DEU,UGA,851440
5099068,81,227,9335,2011,20898.0,0.0,1.8048220000000001,0.380141,GBR,UGA,851440
5099069,104,227,9335,2011,1001.0,0.0,0.18276199999999998,2.398765,IND,UGA,851440
5099070,224,227,9335,2011,25973.0,0.0,0.45775,2.4316259999999996,TUR,UGA,851440
5099071,61,237,9335,2011,9743.0,0.0,2.074435,-3.440815,DEU,VGB,851440
5099072,18,247,9335,2011,2459.0,0.0,1.221703,1.247961,BEL,ZMB,851440
5099073,41,247,9335,2011,1066.0,0.0,2.2644029999999997,0.406131,CHE,ZMB,851440
5099074,43,247,9335,2011,17820.0,0.0,1.072299,1.686826,CHN,ZMB,851440
5099075,246,247,9335,2011,1578.0,0.0,0.241792,1.353011,ZAF,ZMB,851440
5099076,231,120,9335,2011,5514.0,0.0,1.6884849999999998,-0.474499,USA,KNA,851440
5099077,231,127,9335,2011,202426.0,0.0,1.6884849999999998,-0.474499,USA,LCA,851440
5099078,61,9,9335,2011,1307306.0,0.0,2.074435,-3.440815,DEU,ARM,851440
5099079,111,9,9335,2011,2170.0,0.0,1.298751,0.48013599999999995,ITA,ARM,851440
5099080,121,9,9335,2011,1258.0,0.0,1.731371,0.8306879999999999,KOR,ARM,851440
5099081,186,9,9335,2011,34100.0,0.0,0.47319399999999995,-0.20801599999999998,RUS,ARM,851440
5099082,231,9,9335,2011,2504.0,0.0,1.6884849999999998,-0.474499,USA,ARM,851440
5099083,231,57,9335,2011,12679.0,0.0,1.6884849999999998,-0.474499,USA,CYM,851440
5099084,14,141,9335,2011,2471.0,0.0,-0.138148,0.002999,AUS,MLI,851440
5099085,43,141,9335,2011,4645.0,0.0,1.072299,1.686826,CHN,MLI,851440
5099086,77,141,9335,2011,1862.0,0.0,1.532054,0.09339299999999999,FRA,MLI,851440
5099087,111,141,9335,2011,1241.0,0.0,1.298751,0.48013599999999995,ITA,MLI,851440
5099088,228,141,9335,2011,3286.0,0.0,0.6221409999999999,0.765505,UKR,MLI,851440
5099089,246,141,9335,2011,2328.0,0.0,0.241792,1.353011,ZAF,MLI,851440
5099090,14,144,9335,2011,32516.0,0.0,-0.138148,0.002999,AUS,MNE,851440
5099091,61,144,9335,2011,30900.0,0.0,2.074435,-3.440815,DEU,MNE,851440
5099092,114,144,9335,2011,107313.0,0.0,2.516395,-0.534301,JPN,MNE,851440
5099093,163,144,9335,2011,1084.0,0.0,0.8492770000000001,0.050044,NOR,MNE,851440
5099094,201,144,9335,2011,9861.0,0.0,0.49055699999999997,1.5601399999999999,SRB,MNE,851440
5099095,228,144,9335,2011,247140.0,0.0,0.6221409999999999,0.765505,UKR,MNE,851440
5099096,121,152,9335,2011,713.0,0.0,1.731371,0.8306879999999999,KOR,MWI,851440
5099097,246,152,9335,2011,1858.0,0.0,0.241792,1.353011,ZAF,MWI,851440
5099098,231,0,9335,2011,19876.0,0.0,1.6884849999999998,-0.474499,USA,ABW,851440
5099099,153,34,9335,2011,79504.0,0.0,0.9893290000000001,0.632079,MYS,BRN,851440
5099100,104,35,9335,2011,10636.0,0.0,0.18276199999999998,2.398765,IND,BTN,851440
5099101,104,69,9335,2011,4232.0,0.0,0.18276199999999998,2.398765,IND,ERI,851440
5099102,14,75,9335,2011,925.0,0.0,-0.138148,0.002999,AUS,FJI,851440
5099103,153,75,9335,2011,56102.0,0.0,0.9893290000000001,0.632079,MYS,FJI,851440
5099104,166,75,9335,2011,2788.0,0.0,0.372732,0.548601,NZL,FJI,851440
5099105,43,123,9335,2011,34828.0,0.0,1.072299,1.686826,CHN,LAO,851440
5099106,216,123,9335,2011,9368.0,0.0,0.889009,1.503118,THA,LAO,851440
5099107,239,123,9335,2011,82773.0,0.0,-0.184453,1.637207,VNM,LAO,851440
5099108,39,136,9335,2011,3111.0,0.0,0.754813,1.1967290000000002,CAN,MDG,851440
5099109,111,136,9335,2011,5124.0,0.0,1.298751,0.48013599999999995,ITA,MDG,851440
5099110,174,136,9335,2011,13065.0,0.0,0.364707,0.322626,PHL,MDG,851440
5099111,231,136,9335,2011,2258.0,0.0,1.6884849999999998,-0.474499,USA,MDG,851440
5099112,246,136,9335,2011,118216.0,0.0,0.241792,1.353011,ZAF,MDG,851440
5099113,81,137,9335,2011,27363.0,0.0,1.8048220000000001,0.380141,GBR,MDV,851440
5099114,104,137,9335,2011,16767.0,0.0,0.18276199999999998,2.398765,IND,MDV,851440
5099115,128,137,9335,2011,12047.0,0.0,-0.559311,0.398905,LKA,MDV,851440
5099116,163,137,9335,2011,219437.0,0.0,0.8492770000000001,0.050044,NOR,MDV,851440
5099117,192,137,9335,2011,34799.0,0.0,1.849116,0.52127,SGP,MDV,851440
5099118,224,137,9335,2011,70278.0,0.0,0.45775,2.4316259999999996,TUR,MDV,851440
5099119,14,156,9335,2011,2997.0,0.0,-0.138148,0.002999,AUS,NCL,851440
5099120,39,156,9335,2011,875.0,0.0,0.754813,1.1967290000000002,CAN,NCL,851440
5099121,77,156,9335,2011,12668.0,0.0,1.532054,0.09339299999999999,FRA,NCL,851440
5099122,81,156,9335,2011,910.0,0.0,1.8048220000000001,0.380141,GBR,NCL,851440
5099123,162,156,9335,2011,2093.0,0.0,1.1655229999999999,1.410167,NLD,NCL,851440
5099124,166,156,9335,2011,6529.0,0.0,0.372732,0.548601,NZL,NCL,851440
5099125,77,160,9335,2011,945.0,0.0,1.532054,0.09339299999999999,FRA,NIC,851440
5099126,81,160,9335,2011,515.0,0.0,1.8048220000000001,0.380141,GBR,NIC,851440
5099127,111,160,9335,2011,17539.0,0.0,1.298751,0.48013599999999995,ITA,NIC,851440
5099128,138,160,9335,2011,0.0,56278.0,0.9534600000000001,0.706982,MEX,NIC,851440
5099129,231,160,9335,2011,63926.0,0.0,1.6884849999999998,-0.474499,USA,NIC,851440
5099130,246,160,9335,2011,2700.0,0.0,0.241792,1.353011,ZAF,NIC,851440
5099131,111,181,9335,2011,809.0,0.0,1.298751,0.48013599999999995,ITA,PSE,851440
5099132,113,181,9335,2011,1916.0,0.0,0.231605,0.47049399999999997,JOR,PSE,851440
5099133,224,181,9335,2011,33297.0,0.0,0.45775,2.4316259999999996,TUR,PSE,851440
5099134,104,187,9335,2011,1366.0,0.0,0.18276199999999998,2.398765,IND,RWA,851440
5099135,116,187,9335,2011,3483.0,0.0,-0.48319300000000004,0.346927,KEN,RWA,851440
5099136,166,242,9335,2011,14510.0,0.0,0.372732,0.548601,NZL,WSM,851440
5099137,61,92,9335,2011,291.0,0.0,2.074435,-3.440815,DEU,GRL,851440
5099138,64,92,9335,2011,2301.0,0.0,1.156026,1.2248299999999999,DNK,GRL,851440
5099139,14,221,9335,2011,1857.0,0.0,-0.138148,0.002999,AUS,TON,851440
5099140,166,221,9335,2011,8338.0,0.0,0.372732,0.548601,NZL,TON,851440
5099141,71,5,9335,2011,153917.0,0.0,0.8677290000000001,2.4618450000000003,ESP,AND,851440
5099142,231,30,9335,2011,2781.0,0.0,1.6884849999999998,-0.474499,USA,BMU,851440
5099143,64,78,9335,2011,3281.0,0.0,1.156026,1.2248299999999999,DNK,FRO,851440
5099144,77,154,9335,2011,5953.0,0.0,1.532054,0.09339299999999999,FRA,MYT,851440
5099145,231,210,9335,2011,9807.0,0.0,1.6884849999999998,-0.474499,USA,SXM,851440
5099146,2,7,9337,2011,0.0,90786.0,-1.252991,-1.132314,AGO,ARE,851511
5099147,14,7,9337,2011,0.0,11920.0,-0.138148,0.002999,AUS,ARE,851511
5099148,15,7,9337,2011,6702.0,0.0,1.687634,-0.229095,AUT,ARE,851511
5099149,18,7,9337,2011,2013.0,0.0,1.221703,1.247961,BEL,ARE,851511
5099150,43,7,9337,2011,946457.0,0.0,1.072299,1.686826,CHN,ARE,851511
5099151,61,7,9337,2011,119828.0,0.0,2.074435,-3.440815,DEU,ARE,851511
5099152,64,7,9337,2011,4820.0,0.0,1.156026,1.2248299999999999,DNK,ARE,851511
5099153,68,7,9337,2011,0.0,1493.0,-0.166243,1.384719,EGY,ARE,851511
5099154,71,7,9337,2011,44639.0,0.0,0.8677290000000001,2.4618450000000003,ESP,ARE,851511
5099155,77,7,9337,2011,31067.0,0.0,1.532054,0.09339299999999999,FRA,ARE,851511
5099156,81,7,9337,2011,130259.0,0.0,1.8048220000000001,0.380141,GBR,ARE,851511
5099157,82,7,9337,2011,0.0,7791.0,-0.07754,-0.35434699999999997,GEO,ARE,851511
5099158,83,7,9337,2011,0.0,6748.0,-0.8627319999999999,-0.608823,GHA,ARE,851511
5099159,97,7,9337,2011,132346.0,0.0,0.663588,1.902118,HKG,ARE,851511
5099160,107,7,9337,2011,0.0,34354.0,-0.915379,-0.973194,IRN,ARE,851511
5099161,111,7,9337,2011,253232.0,0.0,1.298751,0.48013599999999995,ITA,ARE,851511
5099162,114,7,9337,2011,104795.0,0.0,2.516395,-0.534301,JPN,ARE,851511
5099163,122,7,9337,2011,11082.0,0.0,-0.898582,-1.09893,KWT,ARE,851511
5099164,124,7,9337,2011,994.0,0.0,0.278393,1.2962879999999999,LBN,ARE,851511
5099165,128,7,9337,2011,0.0,1703.0,-0.559311,0.398905,LKA,ARE,851511
5099166,137,7,9337,2011,0.0,76.0,-0.937469,-0.87897,MDV,ARE,851511
5099167,152,7,9337,2011,0.0,978.0,-1.100291,-0.982559,MWI,ARE,851511
5099168,162,7,9337,2011,2971.0,0.0,1.1655229999999999,1.410167,NLD,ARE,851511
5099169,167,7,9337,2011,0.0,36503.0,-0.473703,-0.952491,OMN,ARE,851511
5099170,186,7,9337,2011,2276.0,0.0,0.47319399999999995,-0.20801599999999998,RUS,ARE,851511
5099171,187,7,9337,2011,0.0,6888.0,-0.684475,-0.690734,RWA,ARE,851511
5099172,190,7,9337,2011,0.0,240130.0,-2.1675869999999997,-1.249272,SDN,ARE,851511
5099173,192,7,9337,2011,4478.0,0.0,1.849116,0.52127,SGP,ARE,851511
5099174,211,7,9337,2011,0.0,123.0,0.287017,-0.5136850000000001,SYC,ARE,851511
5099175,226,7,9337,2011,0.0,4909.0,-0.751316,0.286505,TZA,ARE,851511
5099176,227,7,9337,2011,0.0,4333.0,-0.7153,-0.062678,UGA,ARE,851511
5099177,247,7,9337,2011,0.0,3871.0,-0.7599,-0.941019,ZMB,ARE,851511
5099178,248,7,9337,2011,0.0,2643.0,-0.858662,-0.8632719999999999,ZWE,ARE,851511
5099179,249,7,9337,2011,147688.0,0.0,1.803234,0.921233,TWN,ARE,851511
5099180,32,8,9337,2011,1150.0,0.0,0.27718400000000004,0.5674319999999999,BRA,ARG,851511
5099181,42,8,9337,2011,0.0,1696.0,-0.199877,-0.353009,CHL,ARG,851511
5099182,43,8,9337,2011,1406094.0,0.0,1.072299,1.686826,CHN,ARG,851511
5099183,61,8,9337,2011,8029.0,0.0,2.074435,-3.440815,DEU,ARG,851511
5099184,65,8,9337,2011,0.0,1925.0,-0.260653,0.5682010000000001,DOM,ARG,851511
5099185,67,8,9337,2011,0.0,3211.0,-0.8250639999999999,-0.839082,ECU,ARG,851511
5099186,71,8,9337,2011,69392.0,0.0,0.8677290000000001,2.4618450000000003,ESP,ARG,851511
5099187,81,8,9337,2011,10721.0,0.0,1.8048220000000001,0.380141,GBR,ARG,851511
5099188,97,8,9337,2011,14733.0,0.0,0.663588,1.902118,HKG,ARG,851511
5099189,111,8,9337,2011,36136.0,0.0,1.298751,0.48013599999999995,ITA,ARG,851511
5099190,114,8,9337,2011,173360.0,0.0,2.516395,-0.534301,JPN,ARG,851511
5099191,121,8,9337,2011,5707.0,0.0,1.731371,0.8306879999999999,KOR,ARG,851511
5099192,138,8,9337,2011,0.0,5207.0,0.9534600000000001,0.706982,MEX,ARG,851511
5099193,167,8,9337,2011,0.0,3587.0,-0.473703,-0.952491,OMN,ARG,851511
5099194,173,8,9337,2011,1532.0,141993.0,-0.455977,0.442543,PER,ARG,851511
5099195,230,8,9337,2011,0.0,1096.0,0.313195,0.042866,URY,ARG,851511
5099196,231,8,9337,2011,127521.0,0.0,1.6884849999999998,-0.474499,USA,ARG,851511
5099197,249,8,9337,2011,5616.0,0.0,1.803234,0.921233,TWN,ARG,851511
5099198,250,8,9337,2011,3771.0,0.0,0.475638,-0.160135,ANS,ARG,851511
5099199,7,15,9337,2011,0.0,6702.0,0.030652,-0.450808,ARE,AUT,851511
5099200,18,15,9337,2011,56749.0,0.0,1.221703,1.247961,BEL,AUT,851511
5099201,23,15,9337,2011,0.0,17312.0,0.537967,1.520973,BGR,AUT,851511
5099202,26,15,9337,2011,0.0,17102.0,0.391425,0.6066600000000001,BIH,AUT,851511
5099203,41,15,9337,2011,50033.0,22779.0,2.2644029999999997,0.406131,CHE,AUT,851511
5099204,43,15,9337,2011,54729.0,17242.0,1.072299,1.686826,CHN,AUT,851511
5099205,58,15,9337,2011,0.0,27995.0,0.798165,0.424179,CYP,AUT,851511
5099206,59,15,9337,2011,20398.0,202025.0,1.737788,0.14741600000000002,CZE,AUT,851511
5099207,61,15,9337,2011,2019989.0,147019.0,2.074435,-3.440815,DEU,AUT,851511
5099208,71,15,9337,2011,76353.0,951.0,0.8677290000000001,2.4618450000000003,ESP,AUT,851511
5099209,77,15,9337,2011,26162.0,0.0,1.532054,0.09339299999999999,FRA,AUT,851511
5099210,81,15,9337,2011,36275.0,3007.0,1.8048220000000001,0.380141,GBR,AUT,851511
5099211,90,15,9337,2011,0.0,135708.0,0.138679,1.30044,GRC,AUT,851511
5099212,97,15,9337,2011,15725.0,0.0,0.663588,1.902118,HKG,AUT,851511
5099213,100,15,9337,2011,0.0,23924.0,0.868294,0.9424299999999999,HRV,AUT,851511
5099214,102,15,9337,2011,0.0,245785.0,1.486592,0.805642,HUN,AUT,851511
5099215,104,15,9337,2011,0.0,127387.0,0.18276199999999998,2.398765,IND,AUT,851511
5099216,106,15,9337,2011,21543.0,1387.0,1.403182,0.290245,IRL,AUT,851511
5099217,107,15,9337,2011,0.0,36897.0,-0.915379,-0.973194,IRN,AUT,851511
5099218,108,15,9337,2011,0.0,24059.0,-2.175137,-0.726975,IRQ,AUT,851511
5099219,110,15,9337,2011,0.0,3314.0,1.324384,0.714611,ISR,AUT,851511
5099220,111,15,9337,2011,2888.0,2569.0,1.298751,0.48013599999999995,ITA,AUT,851511
5099221,114,15,9337,2011,6166.0,0.0,2.516395,-0.534301,JPN,AUT,851511
5099222,138,15,9337,2011,3325.0,0.0,0.9534600000000001,0.706982,MEX,AUT,851511
5099223,144,15,9337,2011,0.0,10943.0,0.149559,0.024935,MNE,AUT,851511
5099224,162,15,9337,2011,20083.0,0.0,1.1655229999999999,1.410167,NLD,AUT,851511
5099225,177,15,9337,2011,0.0,87534.0,1.133641,1.134203,POL,AUT,851511
5099226,185,15,9337,2011,1236.0,167118.0,0.722,1.296655,ROU,AUT,851511
5099227,192,15,9337,2011,0.0,3322.0,1.849116,0.52127,SGP,AUT,851511
5099228,201,15,9337,2011,0.0,7605.0,0.49055699999999997,1.5601399999999999,SRB,AUT,851511
5099229,206,15,9337,2011,2877.0,188543.0,1.262897,0.8230569999999999,SVK,AUT,851511
5099230,207,15,9337,2011,0.0,56168.0,1.642913,0.700222,SVN,AUT,851511
5099231,228,15,9337,2011,0.0,2715.0,0.6221409999999999,0.765505,UKR,AUT,851511
5099232,230,15,9337,2011,0.0,226697.0,0.313195,0.042866,URY,AUT,851511
5099233,231,15,9337,2011,15768.0,0.0,1.6884849999999998,-0.474499,USA,AUT,851511
5099234,246,15,9337,2011,0.0,1285.0,0.241792,1.353011,ZAF,AUT,851511
5099235,249,15,9337,2011,40956.0,0.0,1.803234,0.921233,TWN,AUT,851511
5099236,81,16,9337,2011,3695.0,0.0,1.8048220000000001,0.380141,GBR,AZE,851511
5099237,82,16,9337,2011,0.0,12197.0,-0.07754,-0.35434699999999997,GEO,AZE,851511
5099238,111,16,9337,2011,12855.0,0.0,1.298751,0.48013599999999995,ITA,AZE,851511
5099239,224,16,9337,2011,8265.0,0.0,0.45775,2.4316259999999996,TUR,AZE,851511
5099240,2,18,9337,2011,0.0,51055.0,-1.252991,-1.132314,AGO,BEL,851511
5099241,7,18,9337,2011,0.0,2013.0,0.030652,-0.450808,ARE,BEL,851511
5099242,15,18,9337,2011,0.0,56749.0,1.687634,-0.229095,AUT,BEL,851511
5099243,17,18,9337,2011,1793.0,1518.0,-0.8287049999999999,-0.774558,BDI,BEL,851511
5099244,23,18,9337,2011,0.0,3515.0,0.537967,1.520973,BGR,BEL,851511
5099245,39,18,9337,2011,0.0,7462.0,0.754813,1.1967290000000002,CAN,BEL,851511
5099246,41,18,9337,2011,2114.0,43545.0,2.2644029999999997,0.406131,CHE,BEL,851511
5099247,43,18,9337,2011,861086.0,30828.0,1.072299,1.686826,CHN,BEL,851511
5099248,47,18,9337,2011,0.0,1250.0,-0.979359,-1.084589,COG,BEL,851511
5099249,59,18,9337,2011,1918.0,22002.0,1.737788,0.14741600000000002,CZE,BEL,851511
5099250,61,18,9337,2011,589944.0,809254.0,2.074435,-3.440815,DEU,BEL,851511
5099251,64,18,9337,2011,9017.0,42007.0,1.156026,1.2248299999999999,DNK,BEL,851511
5099252,71,18,9337,2011,20101.0,80920.0,0.8677290000000001,2.4618450000000003,ESP,BEL,851511
5099253,72,18,9337,2011,0.0,6397.0,0.9806790000000001,1.110449,EST,BEL,851511
5099254,74,18,9337,2011,0.0,25418.0,1.7488830000000002,0.890934,FIN,BEL,851511
5099255,77,18,9337,2011,85759.0,444095.0,1.532054,0.09339299999999999,FRA,BEL,851511
5099256,81,18,9337,2011,1074441.0,273741.0,1.8048220000000001,0.380141,GBR,BEL,851511
5099257,83,18,9337,2011,0.0,1658.0,-0.8627319999999999,-0.608823,GHA,BEL,851511
5099258,90,18,9337,2011,0.0,2129.0,0.138679,1.30044,GRC,BEL,851511
5099259,97,18,9337,2011,46507.0,0.0,0.663588,1.902118,HKG,BEL,851511
5099260,100,18,9337,2011,0.0,4157.0,0.868294,0.9424299999999999,HRV,BEL,851511
5099261,102,18,9337,2011,0.0,6627.0,1.486592,0.805642,HUN,BEL,851511
5099262,106,18,9337,2011,0.0,2624.0,1.403182,0.290245,IRL,BEL,851511
5099263,111,18,9337,2011,1529.0,141578.0,1.298751,0.48013599999999995,ITA,BEL,851511
5099264,121,18,9337,2011,0.0,2967.0,1.731371,0.8306879999999999,KOR,BEL,851511
5099265,130,18,9337,2011,0.0,4733.0,0.747963,0.9759530000000001,LTU,BEL,851511
5099266,131,18,9337,2011,2271.0,12979.0,1.1655739999999999,1.222379,LUX,BEL,851511
5099267,132,18,9337,2011,0.0,3083.0,0.7320939999999999,1.101321,LVA,BEL,851511
5099268,134,18,9337,2011,0.0,985.0,-0.485404,0.099828,MAR,BEL,851511
5099269,138,18,9337,2011,0.0,7542.0,0.9534600000000001,0.706982,MEX,BEL,851511
5099270,142,18,9337,2011,0.0,3686.0,1.3001340000000001,0.22605799999999998,MLT,BEL,851511
5099271,156,18,9337,2011,0.0,3549.0,-0.976349,-0.798691,NCL,BEL,851511
5099272,162,18,9337,2011,433207.0,437988.0,1.1655229999999999,1.410167,NLD,BEL,851511
5099273,174,18,9337,2011,0.0,1434.0,0.364707,0.322626,PHL,BEL,851511
5099274,177,18,9337,2011,0.0,26993.0,1.133641,1.134203,POL,BEL,851511
5099275,179,18,9337,2011,0.0,24548.0,0.558481,2.7056240000000003,PRT,BEL,851511
5099276,185,18,9337,2011,0.0,23657.0,0.722,1.296655,ROU,BEL,851511
5099277,186,18,9337,2011,0.0,23755.0,0.47319399999999995,-0.20801599999999998,RUS,BEL,851511
5099278,190,18,9337,2011,0.0,13747.0,-2.1675869999999997,-1.249272,SDN,BEL,851511
5099279,206,18,9337,2011,0.0,9189.0,1.262897,0.8230569999999999,SVK,BEL,851511
5099280,207,18,9337,2011,0.0,5424.0,1.642913,0.700222,SVN,BEL,851511
5099281,208,18,9337,2011,8718.0,25450.0,1.857146,0.366159,SWE,BEL,851511
5099282,215,18,9337,2011,0.0,2664.0,-0.9156030000000001,-0.884099,TGO,BEL,851511
5099283,223,18,9337,2011,0.0,1253.0,0.151221,1.1252360000000001,TUN,BEL,851511
5099284,224,18,9337,2011,0.0,1993.0,0.45775,2.4316259999999996,TUR,BEL,851511
5099285,226,18,9337,2011,0.0,945.0,-0.751316,0.286505,TZA,BEL,851511
5099286,228,18,9337,2011,0.0,23127.0,0.6221409999999999,0.765505,UKR,BEL,851511
5099287,231,18,9337,2011,15555.0,0.0,1.6884849999999998,-0.474499,USA,BEL,851511
5099288,239,18,9337,2011,0.0,1795.0,-0.184453,1.637207,VNM,BEL,851511
5099289,246,18,9337,2011,5524.0,0.0,0.241792,1.353011,ZAF,BEL,851511
5099290,249,18,9337,2011,79614.0,0.0,1.803234,0.921233,TWN,BEL,851511
5099291,15,23,9337,2011,17312.0,0.0,1.687634,-0.229095,AUT,BGR,851511
5099292,18,23,9337,2011,3515.0,0.0,1.221703,1.247961,BEL,BGR,851511
5099293,43,23,9337,2011,88661.0,0.0,1.072299,1.686826,CHN,BGR,851511
5099294,59,23,9337,2011,76554.0,0.0,1.737788,0.14741600000000002,CZE,BGR,851511
5099295,61,23,9337,2011,64212.0,0.0,2.074435,-3.440815,DEU,BGR,851511
5099296,68,23,9337,2011,0.0,7411.0,-0.166243,1.384719,EGY,BGR,851511
5099297,71,23,9337,2011,16514.0,0.0,0.8677290000000001,2.4618450000000003,ESP,BGR,851511
5099298,77,23,9337,2011,1969.0,0.0,1.532054,0.09339299999999999,FRA,BGR,851511
5099299,81,23,9337,2011,13857.0,0.0,1.8048220000000001,0.380141,GBR,BGR,851511
5099300,90,23,9337,2011,1091.0,0.0,0.138679,1.30044,GRC,BGR,851511
5099301,97,23,9337,2011,11613.0,0.0,0.663588,1.902118,HKG,BGR,851511
5099302,111,23,9337,2011,14714.0,0.0,1.298751,0.48013599999999995,ITA,BGR,851511
5099303,114,23,9337,2011,5741.0,0.0,2.516395,-0.534301,JPN,BGR,851511
5099304,162,23,9337,2011,6154.0,0.0,1.1655229999999999,1.410167,NLD,BGR,851511
5099305,177,23,9337,2011,11567.0,0.0,1.133641,1.134203,POL,BGR,851511
5099306,185,23,9337,2011,3477.0,2797.0,0.722,1.296655,ROU,BGR,851511
5099307,207,23,9337,2011,3093.0,0.0,1.642913,0.700222,SVN,BGR,851511
5099308,224,23,9337,2011,4958.0,0.0,0.45775,2.4316259999999996,TUR,BGR,851511
5099309,228,23,9337,2011,1365.0,0.0,0.6221409999999999,0.765505,UKR,BGR,851511
5099310,231,23,9337,2011,1583.0,0.0,1.6884849999999998,-0.474499,USA,BGR,851511
5099311,249,23,9337,2011,4801.0,0.0,1.803234,0.921233,TWN,BGR,851511
5099312,71,25,9337,2011,0.0,1928.0,0.8677290000000001,2.4618450000000003,ESP,BHS,851511
5099313,231,25,9337,2011,22438.0,0.0,1.6884849999999998,-0.474499,USA,BHS,851511
5099314,8,32,9337,2011,0.0,1150.0,0.240494,0.540376,ARG,BRA,851511
5099315,31,32,9337,2011,0.0,7740.0,-0.818593,-0.8701770000000001,BOL,BRA,851511
5099316,41,32,9337,2011,8681.0,0.0,2.2644029999999997,0.406131,CHE,BRA,851511
5099317,42,32,9337,2011,10310.0,2595.0,-0.199877,-0.353009,CHL,BRA,851511
5099318,43,32,9337,2011,2755605.0,0.0,1.072299,1.686826,CHN,BRA,851511
5099319,47,32,9337,2011,0.0,2574.0,-0.979359,-1.084589,COG,BRA,851511
5099320,49,32,9337,2011,0.0,1193.0,0.14336600000000002,-0.22996,COL,BRA,851511
5099321,52,32,9337,2011,0.0,1571.0,0.04325,-0.553193,CRI,BRA,851511
5099322,54,32,9337,2011,0.0,2599.0,-0.050093,-0.88759,CUB,BRA,851511
5099323,61,32,9337,2011,207673.0,0.0,2.074435,-3.440815,DEU,BRA,851511
5099324,67,32,9337,2011,0.0,1549.0,-0.8250639999999999,-0.839082,ECU,BRA,851511
5099325,71,32,9337,2011,25795.0,0.0,0.8677290000000001,2.4618450000000003,ESP,BRA,851511
5099326,77,32,9337,2011,6620.0,0.0,1.532054,0.09339299999999999,FRA,BRA,851511
5099327,81,32,9337,2011,3782.0,0.0,1.8048220000000001,0.380141,GBR,BRA,851511
5099328,89,32,9337,2011,0.0,1530.0,-1.634315,-0.7567729999999999,GNQ,BRA,851511
5099329,97,32,9337,2011,46412.0,0.0,0.663588,1.902118,HKG,BRA,851511
5099330,101,32,9337,2011,0.0,3440.0,-1.263093,-1.086658,HTI,BRA,851511
5099331,103,32,9337,2011,25334.0,0.0,-0.234125,1.168384,IDN,BRA,851511
5099332,111,32,9337,2011,61570.0,0.0,1.298751,0.48013599999999995,ITA,BRA,851511
5099333,114,32,9337,2011,13694.0,0.0,2.516395,-0.534301,JPN,BRA,851511
5099334,121,32,9337,2011,33984.0,0.0,1.731371,0.8306879999999999,KOR,BRA,851511
5099335,138,32,9337,2011,34872.0,0.0,0.9534600000000001,0.706982,MEX,BRA,851511
5099336,169,32,9337,2011,1903.0,0.0,0.786135,1.061008,PAN,BRA,851511
5099337,173,32,9337,2011,0.0,10851.0,-0.455977,0.442543,PER,BRA,851511
5099338,174,32,9337,2011,0.0,1797.0,0.364707,0.322626,PHL,BRA,851511
5099339,180,32,9337,2011,1731.0,27563.0,-0.548759,-0.877743,PRY,BRA,851511
5099340,192,32,9337,2011,2146.0,0.0,1.849116,0.52127,SGP,BRA,851511
5099341,208,32,9337,2011,4642.0,0.0,1.857146,0.366159,SWE,BRA,851511
5099342,230,32,9337,2011,0.0,6093.0,0.313195,0.042866,URY,BRA,851511
5099343,231,32,9337,2011,169127.0,0.0,1.6884849999999998,-0.474499,USA,BRA,851511
5099344,249,32,9337,2011,28393.0,0.0,1.803234,0.921233,TWN,BRA,851511
5099345,43,33,9337,2011,938.0,0.0,1.072299,1.686826,CHN,BRB,851511
5099346,231,33,9337,2011,11636.0,0.0,1.6884849999999998,-0.474499,USA,BRB,851511
5099347,1,39,9337,2011,0.0,1182.0,-0.8426809999999999,-0.640418,AFG,CAN,851511
5099348,18,39,9337,2011,7462.0,0.0,1.221703,1.247961,BEL,CAN,851511
5099349,42,39,9337,2011,0.0,292596.0,-0.199877,-0.353009,CHL,CAN,851511
5099350,43,39,9337,2011,224237.0,1571.0,1.072299,1.686826,CHN,CAN,851511
5099351,52,39,9337,2011,15499.0,0.0,0.04325,-0.553193,CRI,CAN,851511
5099352,54,39,9337,2011,0.0,10917.0,-0.050093,-0.88759,CUB,CAN,851511
5099353,61,39,9337,2011,5904.0,0.0,2.074435,-3.440815,DEU,CAN,851511
5099354,64,39,9337,2011,0.0,836.0,1.156026,1.2248299999999999,DNK,CAN,851511
5099355,65,39,9337,2011,0.0,834.0,-0.260653,0.5682010000000001,DOM,CAN,851511
5099356,67,39,9337,2011,0.0,111344.0,-0.8250639999999999,-0.839082,ECU,CAN,851511
5099357,71,39,9337,2011,16006.0,0.0,0.8677290000000001,2.4618450000000003,ESP,CAN,851511
5099358,77,39,9337,2011,0.0,3866.0,1.532054,0.09339299999999999,FRA,CAN,851511
5099359,81,39,9337,2011,43531.0,0.0,1.8048220000000001,0.380141,GBR,CAN,851511
5099360,85,39,9337,2011,0.0,1355.0,-1.728661,-1.193353,GIN,CAN,851511
5099361,97,39,9337,2011,3795.0,0.0,0.663588,1.902118,HKG,CAN,851511
5099362,104,39,9337,2011,0.0,21006.0,0.18276199999999998,2.398765,IND,CAN,851511
5099363,106,39,9337,2011,145230.0,0.0,1.403182,0.290245,IRL,CAN,851511
5099364,111,39,9337,2011,0.0,21566.0,1.298751,0.48013599999999995,ITA,CAN,851511
5099365,114,39,9337,2011,87809.0,0.0,2.516395,-0.534301,JPN,CAN,851511
5099366,121,39,9337,2011,3207.0,0.0,1.731371,0.8306879999999999,KOR,CAN,851511
5099367,122,39,9337,2011,0.0,46936.0,-0.898582,-1.09893,KWT,CAN,851511
5099368,138,39,9337,2011,525749.0,2003.0,0.9534600000000001,0.706982,MEX,CAN,851511
5099369,153,39,9337,2011,23235.0,0.0,0.9893290000000001,0.632079,MYS,CAN,851511
5099370,160,39,9337,2011,0.0,1352.0,-0.9592139999999999,-0.796108,NIC,CAN,851511
5099371,162,39,9337,2011,2077.0,0.0,1.1655229999999999,1.410167,NLD,CAN,851511
5099372,173,39,9337,2011,0.0,65498.0,-0.455977,0.442543,PER,CAN,851511
5099373,192,39,9337,2011,0.0,968.0,1.849116,0.52127,SGP,CAN,851511
5099374,208,39,9337,2011,3803.0,0.0,1.857146,0.366159,SWE,CAN,851511
5099375,228,39,9337,2011,0.0,2116.0,0.6221409999999999,0.765505,UKR,CAN,851511
5099376,231,39,9337,2011,2171881.0,15664.0,1.6884849999999998,-0.474499,USA,CAN,851511
5099377,249,39,9337,2011,747400.0,7125.0,1.803234,0.921233,TWN,CAN,851511
5099378,2,41,9337,2011,0.0,746.0,-1.252991,-1.132314,AGO,CHE,851511
5099379,15,41,9337,2011,22779.0,50033.0,1.687634,-0.229095,AUT,CHE,851511
5099380,18,41,9337,2011,43545.0,2114.0,1.221703,1.247961,BEL,CHE,851511
5099381,32,41,9337,2011,0.0,8681.0,0.27718400000000004,0.5674319999999999,BRA,CHE,851511
5099382,42,41,9337,2011,0.0,248651.0,-0.199877,-0.353009,CHL,CHE,851511
5099383,43,41,9337,2011,513375.0,10770.0,1.072299,1.686826,CHN,CHE,851511
5099384,47,41,9337,2011,0.0,2659.0,-0.979359,-1.084589,COG,CHE,851511
5099385,49,41,9337,2011,0.0,9150.0,0.14336600000000002,-0.22996,COL,CHE,851511
5099386,59,41,9337,2011,1633.0,7185.0,1.737788,0.14741600000000002,CZE,CHE,851511
5099387,61,41,9337,2011,1710782.0,109582.0,2.074435,-3.440815,DEU,CHE,851511
5099388,67,41,9337,2011,0.0,15313.0,-0.8250639999999999,-0.839082,ECU,CHE,851511
5099389,68,41,9337,2011,0.0,20255.0,-0.166243,1.384719,EGY,CHE,851511
5099390,71,41,9337,2011,45080.0,0.0,0.8677290000000001,2.4618450000000003,ESP,CHE,851511
5099391,74,41,9337,2011,0.0,3613.0,1.7488830000000002,0.890934,FIN,CHE,851511
5099392,77,41,9337,2011,6372.0,50100.0,1.532054,0.09339299999999999,FRA,CHE,851511
5099393,81,41,9337,2011,566582.0,1539.0,1.8048220000000001,0.380141,GBR,CHE,851511
5099394,90,41,9337,2011,0.0,3198.0,0.138679,1.30044,GRC,CHE,851511
5099395,100,41,9337,2011,0.0,1503.0,0.868294,0.9424299999999999,HRV,CHE,851511
5099396,102,41,9337,2011,1940.0,5914.0,1.486592,0.805642,HUN,CHE,851511
5099397,104,41,9337,2011,0.0,6209.0,0.18276199999999998,2.398765,IND,CHE,851511
5099398,106,41,9337,2011,0.0,1731.0,1.403182,0.290245,IRL,CHE,851511
5099399,111,41,9337,2011,6134.0,4918.0,1.298751,0.48013599999999995,ITA,CHE,851511
5099400,114,41,9337,2011,14162.0,12789.0,2.516395,-0.534301,JPN,CHE,851511
5099401,124,41,9337,2011,0.0,1853.0,0.278393,1.2962879999999999,LBN,CHE,851511
5099402,134,41,9337,2011,0.0,7735.0,-0.485404,0.099828,MAR,CHE,851511
5099403,138,41,9337,2011,1147.0,7471.0,0.9534600000000001,0.706982,MEX,CHE,851511
5099404,153,41,9337,2011,0.0,4321.0,0.9893290000000001,0.632079,MYS,CHE,851511
5099405,162,41,9337,2011,23827.0,1713.0,1.1655229999999999,1.410167,NLD,CHE,851511
5099406,163,41,9337,2011,0.0,13782.0,0.8492770000000001,0.050044,NOR,CHE,851511
5099407,173,41,9337,2011,0.0,27347.0,-0.455977,0.442543,PER,CHE,851511
5099408,177,41,9337,2011,0.0,22416.0,1.133641,1.134203,POL,CHE,851511
5099409,179,41,9337,2011,0.0,2158.0,0.558481,2.7056240000000003,PRT,CHE,851511
5099410,185,41,9337,2011,0.0,3435.0,0.722,1.296655,ROU,CHE,851511
5099411,186,41,9337,2011,0.0,3880.0,0.47319399999999995,-0.20801599999999998,RUS,CHE,851511
5099412,192,41,9337,2011,0.0,9152.0,1.849116,0.52127,SGP,CHE,851511
5099413,206,41,9337,2011,0.0,2006.0,1.262897,0.8230569999999999,SVK,CHE,851511
5099414,207,41,9337,2011,0.0,33715.0,1.642913,0.700222,SVN,CHE,851511
5099415,208,41,9337,2011,5095.0,7815.0,1.857146,0.366159,SWE,CHE,851511
5099416,216,41,9337,2011,0.0,163067.0,0.889009,1.503118,THA,CHE,851511
5099417,223,41,9337,2011,0.0,4665.0,0.151221,1.1252360000000001,TUN,CHE,851511
5099418,231,41,9337,2011,3091.0,24367.0,1.6884849999999998,-0.474499,USA,CHE,851511
5099419,236,41,9337,2011,0.0,1677.0,-0.841147,-1.095636,VEN,CHE,851511
5099420,246,41,9337,2011,0.0,1137.0,0.241792,1.353011,ZAF,CHE,851511
5099421,249,41,9337,2011,0.0,1448.0,1.803234,0.921233,TWN,CHE,851511
5099422,8,42,9337,2011,1696.0,0.0,0.240494,0.540376,ARG,CHL,851511
5099423,31,42,9337,2011,0.0,49754.0,-0.818593,-0.8701770000000001,BOL,CHL,851511
5099424,32,42,9337,2011,2595.0,10310.0,0.27718400000000004,0.5674319999999999,BRA,CHL,851511
5099425,39,42,9337,2011,292596.0,0.0,0.754813,1.1967290000000002,CAN,CHL,851511
5099426,41,42,9337,2011,248651.0,0.0,2.2644029999999997,0.406131,CHE,CHL,851511
5099427,43,42,9337,2011,795549.0,0.0,1.072299,1.686826,CHN,CHL,851511
5099428,52,42,9337,2011,0.0,4982.0,0.04325,-0.553193,CRI,CHL,851511
5099429,61,42,9337,2011,84191.0,0.0,2.074435,-3.440815,DEU,CHL,851511
5099430,67,42,9337,2011,0.0,13452.0,-0.8250639999999999,-0.839082,ECU,CHL,851511
5099431,71,42,9337,2011,88636.0,0.0,0.8677290000000001,2.4618450000000003,ESP,CHL,851511
5099432,74,42,9337,2011,17875.0,0.0,1.7488830000000002,0.890934,FIN,CHL,851511
5099433,81,42,9337,2011,30752.0,0.0,1.8048220000000001,0.380141,GBR,CHL,851511
5099434,97,42,9337,2011,11447.0,0.0,0.663588,1.902118,HKG,CHL,851511
5099435,104,42,9337,2011,928.0,0.0,0.18276199999999998,2.398765,IND,CHL,851511
5099436,111,42,9337,2011,13879.0,0.0,1.298751,0.48013599999999995,ITA,CHL,851511
5099437,114,42,9337,2011,43371.0,0.0,2.516395,-0.534301,JPN,CHL,851511
5099438,138,42,9337,2011,24444.0,0.0,0.9534600000000001,0.706982,MEX,CHL,851511
5099439,169,42,9337,2011,3565.0,0.0,0.786135,1.061008,PAN,CHL,851511
5099440,173,42,9337,2011,0.0,27048.0,-0.455977,0.442543,PER,CHL,851511
5099441,177,42,9337,2011,21349.0,0.0,1.133641,1.134203,POL,CHL,851511
5099442,180,42,9337,2011,0.0,4550.0,-0.548759,-0.877743,PRY,CHL,851511
5099443,208,42,9337,2011,3877.0,0.0,1.857146,0.366159,SWE,CHL,851511
5099444,224,42,9337,2011,14034.0,0.0,0.45775,2.4316259999999996,TUR,CHL,851511
5099445,230,42,9337,2011,5859.0,12463.0,0.313195,0.042866,URY,CHL,851511
5099446,231,42,9337,2011,47426.0,0.0,1.6884849999999998,-0.474499,USA,CHL,851511
5099447,249,42,9337,2011,11855.0,0.0,1.803234,0.921233,TWN,CHL,851511
5099448,250,42,9337,2011,48094.0,1115.0,0.475638,-0.160135,ANS,CHL,851511
5099449,2,43,9337,2011,0.0,16850.0,-1.252991,-1.132314,AGO,CHN,851511
5099450,4,43,9337,2011,0.0,3125.0,-0.331435,-0.034828,ALB,CHN,851511
5099451,7,43,9337,2011,0.0,946457.0,0.030652,-0.450808,ARE,CHN,851511
5099452,8,43,9337,2011,0.0,1406094.0,0.240494,0.540376,ARG,CHN,851511
5099453,9,43,9337,2011,0.0,11092.0,0.543397,-0.029376999999999997,ARM,CHN,851511
5099454,14,43,9337,2011,25172.0,829319.0,-0.138148,0.002999,AUS,CHN,851511
5099455,15,43,9337,2011,17242.0,54729.0,1.687634,-0.229095,AUT,CHN,851511
5099456,18,43,9337,2011,30828.0,861086.0,1.221703,1.247961,BEL,CHN,851511
5099457,19,43,9337,2011,0.0,16383.0,-1.189478,-0.8684709999999999,BEN,CHN,851511
5099458,22,43,9337,2011,0.0,152292.0,-1.074416,-0.8276370000000001,BGD,CHN,851511
5099459,23,43,9337,2011,0.0,88661.0,0.537967,1.520973,BGR,CHN,851511
5099460,26,43,9337,2011,0.0,9898.0,0.391425,0.6066600000000001,BIH,CHN,851511
5099461,28,43,9337,2011,0.0,9342.0,0.8786729999999999,0.442097,BLR,CHN,851511
5099462,31,43,9337,2011,0.0,21845.0,-0.818593,-0.8701770000000001,BOL,CHN,851511
5099463,32,43,9337,2011,0.0,2755605.0,0.27718400000000004,0.5674319999999999,BRA,CHN,851511
5099464,33,43,9337,2011,0.0,938.0,0.445982,0.204672,BRB,CHN,851511
5099465,34,43,9337,2011,0.0,8198.0,-0.171775,-0.6656810000000001,BRN,CHN,851511
5099466,37,43,9337,2011,0.0,6289.0,-0.48782600000000004,-1.051639,BWA,CHN,851511
5099467,39,43,9337,2011,1571.0,224237.0,0.754813,1.1967290000000002,CAN,CHN,851511
5099468,41,43,9337,2011,10770.0,513375.0,2.2644029999999997,0.406131,CHE,CHN,851511
5099469,42,43,9337,2011,0.0,795549.0,-0.199877,-0.353009,CHL,CHN,851511
5099470,44,43,9337,2011,0.0,7346.0,-1.069474,-0.867439,CIV,CHN,851511
5099471,45,43,9337,2011,0.0,12905.0,-0.7956340000000001,-0.8532790000000001,CMR,CHN,851511
5099472,46,43,9337,2011,0.0,29141.0,-0.722957,-0.965141,COD,CHN,851511
5099473,47,43,9337,2011,0.0,3120.0,-0.979359,-1.084589,COG,CHN,851511
5099474,49,43,9337,2011,0.0,434863.0,0.14336600000000002,-0.22996,COL,CHN,851511
5099475,52,43,9337,2011,0.0,25649.0,0.04325,-0.553193,CRI,CHN,851511
5099476,54,43,9337,2011,0.0,58067.0,-0.050093,-0.88759,CUB,CHN,851511
5099477,58,43,9337,2011,0.0,1894.0,0.798165,0.424179,CYP,CHN,851511
5099478,59,43,9337,2011,0.0,134724.0,1.737788,0.14741600000000002,CZE,CHN,851511
5099479,61,43,9337,2011,2501248.0,4859718.0,2.074435,-3.440815,DEU,CHN,851511
5099480,64,43,9337,2011,7409.0,40050.0,1.156026,1.2248299999999999,DNK,CHN,851511
5099481,65,43,9337,2011,0.0,45670.0,-0.260653,0.5682010000000001,DOM,CHN,851511
5099482,66,43,9337,2011,0.0,183151.0,-1.36763,-1.140594,DZA,CHN,851511
5099483,67,43,9337,2011,0.0,194856.0,-0.8250639999999999,-0.839082,ECU,CHN,851511
5099484,68,43,9337,2011,0.0,301664.0,-0.166243,1.384719,EGY,CHN,851511
5099485,69,43,9337,2011,0.0,1961.0,0.073024,-0.8032229999999999,ERI,CHN,851511
5099486,71,43,9337,2011,0.0,1584353.0,0.8677290000000001,2.4618450000000003,ESP,CHN,851511
5099487,72,43,9337,2011,0.0,307432.0,0.9806790000000001,1.110449,EST,CHN,851511
5099488,73,43,9337,2011,0.0,3610.0,-1.258175,-0.920692,ETH,CHN,851511
5099489,74,43,9337,2011,2825.0,190510.0,1.7488830000000002,0.890934,FIN,CHN,851511
5099490,75,43,9337,2011,0.0,1048.0,-0.434356,-0.010863,FJI,CHN,851511
5099491,77,43,9337,2011,13419.0,1036239.0,1.532054,0.09339299999999999,FRA,CHN,851511
5099492,80,43,9337,2011,0.0,5485.0,-1.093784,-1.0849659999999999,GAB,CHN,851511
5099493,81,43,9337,2011,108327.0,2072327.0,1.8048220000000001,0.380141,GBR,CHN,851511
5099494,82,43,9337,2011,0.0,3946.0,-0.07754,-0.35434699999999997,GEO,CHN,851511
5099495,83,43,9337,2011,0.0,153984.0,-0.8627319999999999,-0.608823,GHA,CHN,851511
5099496,90,43,9337,2011,0.0,158291.0,0.138679,1.30044,GRC,CHN,851511
5099497,93,43,9337,2011,0.0,43248.0,-0.329497,0.775369,GTM,CHN,851511
5099498,97,43,9337,2011,1328113.0,2825171.0,0.663588,1.902118,HKG,CHN,851511
5099499,99,43,9337,2011,0.0,18986.0,-0.740241,-0.311952,HND,CHN,851511
5099500,100,43,9337,2011,0.0,96827.0,0.868294,0.9424299999999999,HRV,CHN,851511
5099501,102,43,9337,2011,0.0,105583.0,1.486592,0.805642,HUN,CHN,851511
5099502,103,43,9337,2011,42267.0,2284512.0,-0.234125,1.168384,IDN,CHN,851511
5099503,104,43,9337,2011,6452.0,689014.0,0.18276199999999998,2.398765,IND,CHN,851511
5099504,106,43,9337,2011,0.0,6407.0,1.403182,0.290245,IRL,CHN,851511
5099505,107,43,9337,2011,0.0,379837.0,-0.915379,-0.973194,IRN,CHN,851511
5099506,108,43,9337,2011,0.0,137177.0,-2.175137,-0.726975,IRQ,CHN,851511
5099507,109,43,9337,2011,0.0,5230.0,0.284202,-0.23753000000000002,ISL,CHN,851511
5099508,110,43,9337,2011,0.0,185977.0,1.324384,0.714611,ISR,CHN,851511
5099509,111,43,9337,2011,25675.0,647050.0,1.298751,0.48013599999999995,ITA,CHN,851511
5099510,112,43,9337,2011,0.0,8248.0,-0.162212,-0.621817,JAM,CHN,851511
5099511,113,43,9337,2011,0.0,30454.0,0.231605,0.47049399999999997,JOR,CHN,851511
5099512,114,43,9337,2011,620974.0,464167.0,2.516395,-0.534301,JPN,CHN,851511
5099513,115,43,9337,2011,0.0,267802.0,-0.514687,-0.775671,KAZ,CHN,851511
5099514,116,43,9337,2011,0.0,43970.0,-0.48319300000000004,0.346927,KEN,CHN,851511
5099515,117,43,9337,2011,0.0,1012.0,-0.323348,0.164469,KGZ,CHN,851511
5099516,118,43,9337,2011,0.0,2431.0,-1.162858,-1.103539,KHM,CHN,851511
5099517,121,43,9337,2011,101497.0,312806.0,1.731371,0.8306879999999999,KOR,CHN,851511
5099518,122,43,9337,2011,0.0,41588.0,-0.898582,-1.09893,KWT,CHN,851511
5099519,123,43,9337,2011,0.0,11392.0,-1.135039,-0.929759,LAO,CHN,851511
5099520,124,43,9337,2011,0.0,70486.0,0.278393,1.2962879999999999,LBN,CHN,851511
5099521,125,43,9337,2011,0.0,1335.0,-0.318463,-0.9367489999999999,LBR,CHN,851511
5099522,126,43,9337,2011,0.0,14861.0,-1.680464,-1.148511,LBY,CHN,851511
5099523,128,43,9337,2011,0.0,180839.0,-0.559311,0.398905,LKA,CHN,851511
5099524,130,43,9337,2011,0.0,204171.0,0.747963,0.9759530000000001,LTU,CHN,851511
5099525,131,43,9337,2011,0.0,11992.0,1.1655739999999999,1.222379,LUX,CHN,851511
5099526,132,43,9337,2011,0.0,16568.0,0.7320939999999999,1.101321,LVA,CHN,851511
5099527,134,43,9337,2011,0.0,76141.0,-0.485404,0.099828,MAR,CHN,851511
5099528,135,43,9337,2011,0.0,2315.0,-0.225556,0.28622,MDA,CHN,851511
5099529,136,43,9337,2011,0.0,4654.0,-1.040519,-0.404883,MDG,CHN,851511
5099530,137,43,9337,2011,0.0,1656.0,-0.937469,-0.87897,MDV,CHN,851511
5099531,138,43,9337,2011,242088.0,1862396.0,0.9534600000000001,0.706982,MEX,CHN,851511
5099532,140,43,9337,2011,0.0,1905.0,-0.12310499999999999,0.16392,MKD,CHN,851511
5099533,141,43,9337,2011,0.0,2628.0,-0.6778109999999999,-0.653211,MLI,CHN,851511
5099534,142,43,9337,2011,0.0,6469.0,1.3001340000000001,0.22605799999999998,MLT,CHN,851511
5099535,143,43,9337,2011,0.0,30131.0,-1.3557190000000001,-0.929934,MMR,CHN,851511
5099536,144,43,9337,2011,0.0,8193.0,0.149559,0.024935,MNE,CHN,851511
5099537,145,43,9337,2011,0.0,28788.0,-1.0869389999999999,-1.107693,MNG,CHN,851511
5099538,147,43,9337,2011,0.0,8750.0,-1.2069299999999998,-0.977785,MOZ,CHN,851511
5099539,151,43,9337,2011,0.0,8809.0,-0.09464600000000001,0.091177,MUS,CHN,851511
5099540,152,43,9337,2011,0.0,3504.0,-1.100291,-0.982559,MWI,CHN,851511
5099541,153,43,9337,2011,681290.0,1225145.0,0.9893290000000001,0.632079,MYS,CHN,851511
5099542,156,43,9337,2011,0.0,5237.0,-0.976349,-0.798691,NCL,CHN,851511
5099543,157,43,9337,2011,0.0,55476.0,-0.85208,-0.731996,NER,CHN,851511
5099544,159,43,9337,2011,110192.0,296455.0,-1.699286,-1.15511,NGA,CHN,851511
5099545,160,43,9337,2011,0.0,16936.0,-0.9592139999999999,-0.796108,NIC,CHN,851511
5099546,162,43,9337,2011,0.0,2646012.0,1.1655229999999999,1.410167,NLD,CHN,851511
5099547,163,43,9337,2011,0.0,55800.0,0.8492770000000001,0.050044,NOR,CHN,851511
5099548,164,43,9337,2011,0.0,32321.0,-0.242299,0.801966,NPL,CHN,851511
5099549,166,43,9337,2011,0.0,76901.0,0.372732,0.548601,NZL,CHN,851511
5099550,167,43,9337,2011,0.0,1774.0,-0.473703,-0.952491,OMN,CHN,851511
5099551,168,43,9337,2011,0.0,329498.0,-0.729677,0.6026729999999999,PAK,CHN,851511
5099552,169,43,9337,2011,0.0,597435.0,0.786135,1.061008,PAN,CHN,851511
5099553,173,43,9337,2011,0.0,346223.0,-0.455977,0.442543,PER,CHN,851511
5099554,174,43,9337,2011,0.0,497936.0,0.364707,0.322626,PHL,CHN,851511
5099555,176,43,9337,2011,0.0,3254.0,-1.1111659999999999,-0.9458610000000001,PNG,CHN,851511
5099556,177,43,9337,2011,0.0,1631898.0,1.133641,1.134203,POL,CHN,851511
5099557,178,43,9337,2011,0.0,16020.0,-0.024317,-0.154781,PRK,CHN,851511
5099558,179,43,9337,2011,0.0,113471.0,0.558481,2.7056240000000003,PRT,CHN,851511
5099559,180,43,9337,2011,0.0,44256.0,-0.548759,-0.877743,PRY,CHN,851511
5099560,182,43,9337,2011,0.0,3931.0,0.37798000000000004,-0.460049,PYF,CHN,851511
5099561,183,43,9337,2011,0.0,3783.0,-0.45851899999999995,-1.017033,QAT,CHN,851511
5099562,185,43,9337,2011,0.0,113373.0,0.722,1.296655,ROU,CHN,851511
5099563,186,43,9337,2011,0.0,2858108.0,0.47319399999999995,-0.20801599999999998,RUS,CHN,851511
5099564,187,43,9337,2011,0.0,2352.0,-0.684475,-0.690734,RWA,CHN,851511
5099565,188,43,9337,2011,0.0,242466.0,0.354045,-0.800028,SAU,CHN,851511
5099566,190,43,9337,2011,20346.0,23186.0,-2.1675869999999997,-1.249272,SDN,CHN,851511
5099567,191,43,9337,2011,0.0,3540.0,-0.624346,-0.308052,SEN,CHN,851511
5099568,192,43,9337,2011,23802.0,231188.0,1.849116,0.52127,SGP,CHN,851511
5099569,196,43,9337,2011,0.0,5888.0,-0.35546500000000003,-0.46134899999999995,SLE,CHN,851511
5099570,197,43,9337,2011,0.0,15901.0,-0.09713200000000001,0.20772600000000002,SLV,CHN,851511
5099571,201,43,9337,2011,0.0,23901.0,0.49055699999999997,1.5601399999999999,SRB,CHN,851511
5099572,205,43,9337,2011,0.0,26591.0,-0.504897,-0.835426,SUR,CHN,851511
5099573,206,43,9337,2011,0.0,13111.0,1.262897,0.8230569999999999,SVK,CHN,851511
5099574,207,43,9337,2011,0.0,575160.0,1.642913,0.700222,SVN,CHN,851511
5099575,208,43,9337,2011,4948.0,173091.0,1.857146,0.366159,SWE,CHN,851511
5099576,209,43,9337,2011,0.0,739.0,0.169986,-0.078842,SWZ,CHN,851511
5099577,212,43,9337,2011,0.0,96984.0,-0.604133,0.5268970000000001,SYR,CHN,851511
5099578,214,43,9337,2011,0.0,1192.0,-2.368546,-0.814948,TCD,CHN,851511
5099579,216,43,9337,2011,8196.0,2164770.0,0.889009,1.503118,THA,CHN,851511
5099580,219,43,9337,2011,0.0,1165.0,-1.549495,-1.202504,TKM,CHN,851511
5099581,222,43,9337,2011,0.0,8009.0,-0.44228,-1.031793,TTO,CHN,851511
5099582,223,43,9337,2011,0.0,38250.0,0.151221,1.1252360000000001,TUN,CHN,851511
5099583,224,43,9337,2011,0.0,921050.0,0.45775,2.4316259999999996,TUR,CHN,851511
5099584,226,43,9337,2011,0.0,12792.0,-0.751316,0.286505,TZA,CHN,851511
5099585,227,43,9337,2011,0.0,1567.0,-0.7153,-0.062678,UGA,CHN,851511
5099586,228,43,9337,2011,0.0,516544.0,0.6221409999999999,0.765505,UKR,CHN,851511
5099587,230,43,9337,2011,0.0,162809.0,0.313195,0.042866,URY,CHN,851511
5099588,231,43,9337,2011,441148.0,5729996.0,1.6884849999999998,-0.474499,USA,CHN,851511
5099589,232,43,9337,2011,0.0,3114.0,-0.785878,-0.663918,UZB,CHN,851511
5099590,236,43,9337,2011,0.0,326835.0,-0.841147,-1.095636,VEN,CHN,851511
5099591,239,43,9337,2011,0.0,697257.0,-0.184453,1.637207,VNM,CHN,851511
5099592,243,43,9337,2011,0.0,28694.0,-1.44127,-1.242875,YEM,CHN,851511
5099593,246,43,9337,2011,0.0,817316.0,0.241792,1.353011,ZAF,CHN,851511
5099594,247,43,9337,2011,0.0,28577.0,-0.7599,-0.941019,ZMB,CHN,851511
5099595,248,43,9337,2011,0.0,3992.0,-0.858662,-0.8632719999999999,ZWE,CHN,851511
5099596,249,43,9337,2011,101419.0,1002440.0,1.803234,0.921233,TWN,CHN,851511
5099597,32,49,9337,2011,1193.0,0.0,0.27718400000000004,0.5674319999999999,BRA,COL,851511
5099598,41,49,9337,2011,9150.0,0.0,2.2644029999999997,0.406131,CHE,COL,851511
5099599,43,49,9337,2011,434863.0,0.0,1.072299,1.686826,CHN,COL,851511
5099600,61,49,9337,2011,10146.0,0.0,2.074435,-3.440815,DEU,COL,851511
5099601,65,49,9337,2011,0.0,1014.0,-0.260653,0.5682010000000001,DOM,COL,851511
5099602,67,49,9337,2011,20519.0,24888.0,-0.8250639999999999,-0.839082,ECU,COL,851511
5099603,71,49,9337,2011,8990.0,0.0,0.8677290000000001,2.4618450000000003,ESP,COL,851511
5099604,81,49,9337,2011,1305.0,0.0,1.8048220000000001,0.380141,GBR,COL,851511
5099605,97,49,9337,2011,22734.0,0.0,0.663588,1.902118,HKG,COL,851511
5099606,106,49,9337,2011,1136.0,0.0,1.403182,0.290245,IRL,COL,851511
5099607,111,49,9337,2011,7177.0,0.0,1.298751,0.48013599999999995,ITA,COL,851511
5099608,114,49,9337,2011,4991.0,0.0,2.516395,-0.534301,JPN,COL,851511
5099609,121,49,9337,2011,60128.0,0.0,1.731371,0.8306879999999999,KOR,COL,851511
5099610,138,49,9337,2011,279936.0,0.0,0.9534600000000001,0.706982,MEX,COL,851511
5099611,153,49,9337,2011,0.0,2531.0,0.9893290000000001,0.632079,MYS,COL,851511
5099612,169,49,9337,2011,38125.0,0.0,0.786135,1.061008,PAN,COL,851511
5099613,173,49,9337,2011,0.0,58857.0,-0.455977,0.442543,PER,COL,851511
5099614,230,49,9337,2011,19269.0,0.0,0.313195,0.042866,URY,COL,851511
5099615,231,49,9337,2011,77243.0,38261.0,1.6884849999999998,-0.474499,USA,COL,851511
5099616,236,49,9337,2011,0.0,10420.0,-0.841147,-1.095636,VEN,COL,851511
5099617,249,49,9337,2011,33466.0,0.0,1.803234,0.921233,TWN,COL,851511
5099618,32,52,9337,2011,1571.0,0.0,0.27718400000000004,0.5674319999999999,BRA,CRI,851511
5099619,39,52,9337,2011,0.0,15499.0,0.754813,1.1967290000000002,CAN,CRI,851511
5099620,42,52,9337,2011,4982.0,0.0,-0.199877,-0.353009,CHL,CRI,851511
5099621,43,52,9337,2011,25649.0,0.0,1.072299,1.686826,CHN,CRI,851511
5099622,61,52,9337,2011,5115.0,0.0,2.074435,-3.440815,DEU,CRI,851511
5099623,65,52,9337,2011,0.0,1930.0,-0.260653,0.5682010000000001,DOM,CRI,851511
5099624,67,52,9337,2011,0.0,45368.0,-0.8250639999999999,-0.839082,ECU,CRI,851511
5099625,97,52,9337,2011,1010.0,0.0,0.663588,1.902118,HKG,CRI,851511
5099626,114,52,9337,2011,2321.0,0.0,2.516395,-0.534301,JPN,CRI,851511
5099627,138,52,9337,2011,44464.0,0.0,0.9534600000000001,0.706982,MEX,CRI,851511
5099628,169,52,9337,2011,11167.0,1454.0,0.786135,1.061008,PAN,CRI,851511
5099629,231,52,9337,2011,83228.0,22132.0,1.6884849999999998,-0.474499,USA,CRI,851511
5099630,249,52,9337,2011,5905.0,0.0,1.803234,0.921233,TWN,CRI,851511
5099631,15,59,9337,2011,202025.0,20398.0,1.687634,-0.229095,AUT,CZE,851511
5099632,18,59,9337,2011,22002.0,1918.0,1.221703,1.247961,BEL,CZE,851511
5099633,23,59,9337,2011,0.0,76554.0,0.537967,1.520973,BGR,CZE,851511
5099634,41,59,9337,2011,7185.0,1633.0,2.2644029999999997,0.406131,CHE,CZE,851511
5099635,43,59,9337,2011,134724.0,0.0,1.072299,1.686826,CHN,CZE,851511
5099636,61,59,9337,2011,449884.0,80375.0,2.074435,-3.440815,DEU,CZE,851511
5099637,64,59,9337,2011,1669.0,0.0,1.156026,1.2248299999999999,DNK,CZE,851511
5099638,71,59,9337,2011,337975.0,0.0,0.8677290000000001,2.4618450000000003,ESP,CZE,851511
5099639,72,59,9337,2011,5009.0,0.0,0.9806790000000001,1.110449,EST,CZE,851511
5099640,77,59,9337,2011,4054.0,31851.0,1.532054,0.09339299999999999,FRA,CZE,851511
5099641,81,59,9337,2011,69458.0,1781.0,1.8048220000000001,0.380141,GBR,CZE,851511
5099642,90,59,9337,2011,0.0,7702.0,0.138679,1.30044,GRC,CZE,851511
5099643,97,59,9337,2011,1614.0,0.0,0.663588,1.902118,HKG,CZE,851511
5099644,102,59,9337,2011,3171.0,66141.0,1.486592,0.805642,HUN,CZE,851511
5099645,106,59,9337,2011,2206.0,0.0,1.403182,0.290245,IRL,CZE,851511
5099646,111,59,9337,2011,1806.0,0.0,1.298751,0.48013599999999995,ITA,CZE,851511
5099647,114,59,9337,2011,11752.0,2052.0,2.516395,-0.534301,JPN,CZE,851511
5099648,130,59,9337,2011,0.0,27995.0,0.747963,0.9759530000000001,LTU,CZE,851511
5099649,132,59,9337,2011,0.0,17179.0,0.7320939999999999,1.101321,LVA,CZE,851511
5099650,138,59,9337,2011,1273.0,1515.0,0.9534600000000001,0.706982,MEX,CZE,851511
5099651,140,59,9337,2011,0.0,1038.0,-0.12310499999999999,0.16392,MKD,CZE,851511
5099652,162,59,9337,2011,22166.0,159028.0,1.1655229999999999,1.410167,NLD,CZE,851511
5099653,177,59,9337,2011,13494.0,116093.0,1.133641,1.134203,POL,CZE,851511
5099654,185,59,9337,2011,0.0,1070.0,0.722,1.296655,ROU,CZE,851511
5099655,192,59,9337,2011,0.0,4033.0,1.849116,0.52127,SGP,CZE,851511
5099656,206,59,9337,2011,36203.0,479597.0,1.262897,0.8230569999999999,SVK,CZE,851511
5099657,208,59,9337,2011,10284.0,0.0,1.857146,0.366159,SWE,CZE,851511
5099658,231,59,9337,2011,3702.0,0.0,1.6884849999999998,-0.474499,USA,CZE,851511
5099659,239,59,9337,2011,0.0,11273.0,-0.184453,1.637207,VNM,CZE,851511
5099660,249,59,9337,2011,31064.0,0.0,1.803234,0.921233,TWN,CZE,851511
5099661,2,61,9337,2011,0.0,3855.0,-1.252991,-1.132314,AGO,DEU,851511
5099662,4,61,9337,2011,0.0,973.0,-0.331435,-0.034828,ALB,DEU,851511
5099663,7,61,9337,2011,0.0,119828.0,0.030652,-0.450808,ARE,DEU,851511
5099664,8,61,9337,2011,0.0,8029.0,0.240494,0.540376,ARG,DEU,851511
5099665,14,61,9337,2011,0.0,241059.0,-0.138148,0.002999,AUS,DEU,851511
5099666,15,61,9337,2011,147019.0,2019989.0,1.687634,-0.229095,AUT,DEU,851511
5099667,18,61,9337,2011,809254.0,589944.0,1.221703,1.247961,BEL,DEU,851511
5099668,23,61,9337,2011,0.0,64212.0,0.537967,1.520973,BGR,DEU,851511
5099669,24,61,9337,2011,0.0,2051.0,0.04085,-0.873711,BHR,DEU,851511
5099670,26,61,9337,2011,0.0,12702.0,0.391425,0.6066600000000001,BIH,DEU,851511
5099671,28,61,9337,2011,0.0,18698.0,0.8786729999999999,0.442097,BLR,DEU,851511
5099672,31,61,9337,2011,0.0,2967.0,-0.818593,-0.8701770000000001,BOL,DEU,851511
5099673,32,61,9337,2011,0.0,207673.0,0.27718400000000004,0.5674319999999999,BRA,DEU,851511
5099674,39,61,9337,2011,0.0,5904.0,0.754813,1.1967290000000002,CAN,DEU,851511
5099675,41,61,9337,2011,109582.0,1710782.0,2.2644029999999997,0.406131,CHE,DEU,851511
5099676,42,61,9337,2011,0.0,84191.0,-0.199877,-0.353009,CHL,DEU,851511
5099677,43,61,9337,2011,4859718.0,2501248.0,1.072299,1.686826,CHN,DEU,851511
5099678,49,61,9337,2011,0.0,10146.0,0.14336600000000002,-0.22996,COL,DEU,851511
5099679,52,61,9337,2011,0.0,5115.0,0.04325,-0.553193,CRI,DEU,851511
5099680,54,61,9337,2011,0.0,3145.0,-0.050093,-0.88759,CUB,DEU,851511
5099681,58,61,9337,2011,0.0,13651.0,0.798165,0.424179,CYP,DEU,851511
5099682,59,61,9337,2011,80375.0,449884.0,1.737788,0.14741600000000002,CZE,DEU,851511
5099683,64,61,9337,2011,2199.0,461965.0,1.156026,1.2248299999999999,DNK,DEU,851511
5099684,65,61,9337,2011,0.0,12585.0,-0.260653,0.5682010000000001,DOM,DEU,851511
5099685,66,61,9337,2011,0.0,32688.0,-1.36763,-1.140594,DZA,DEU,851511
5099686,67,61,9337,2011,0.0,7160.0,-0.8250639999999999,-0.839082,ECU,DEU,851511
5099687,68,61,9337,2011,0.0,146321.0,-0.166243,1.384719,EGY,DEU,851511
5099688,71,61,9337,2011,4540904.0,407980.0,0.8677290000000001,2.4618450000000003,ESP,DEU,851511
5099689,72,61,9337,2011,0.0,33929.0,0.9806790000000001,1.110449,EST,DEU,851511
5099690,73,61,9337,2011,0.0,1017.0,-1.258175,-0.920692,ETH,DEU,851511
5099691,74,61,9337,2011,0.0,504694.0,1.7488830000000002,0.890934,FIN,DEU,851511
5099692,77,61,9337,2011,51169.0,1613088.0,1.532054,0.09339299999999999,FRA,DEU,851511
5099693,81,61,9337,2011,614282.0,859323.0,1.8048220000000001,0.380141,GBR,DEU,851511
5099694,82,61,9337,2011,0.0,3700.0,-0.07754,-0.35434699999999997,GEO,DEU,851511
5099695,83,61,9337,2011,0.0,22228.0,-0.8627319999999999,-0.608823,GHA,DEU,851511
5099696,90,61,9337,2011,2013.0,168580.0,0.138679,1.30044,GRC,DEU,851511
5099697,93,61,9337,2011,0.0,5247.0,-0.329497,0.775369,GTM,DEU,851511
5099698,96,61,9337,2011,0.0,5372.0,-1.079231,-1.0280989999999999,GUY,DEU,851511
5099699,97,61,9337,2011,291569.0,21567.0,0.663588,1.902118,HKG,DEU,851511
5099700,100,61,9337,2011,0.0,220641.0,0.868294,0.9424299999999999,HRV,DEU,851511
5099701,102,61,9337,2011,0.0,378101.0,1.486592,0.805642,HUN,DEU,851511
5099702,103,61,9337,2011,0.0,25872.0,-0.234125,1.168384,IDN,DEU,851511
5099703,104,61,9337,2011,32331.0,58051.0,0.18276199999999998,2.398765,IND,DEU,851511
5099704,106,61,9337,2011,2456.0,73786.0,1.403182,0.290245,IRL,DEU,851511
5099705,107,61,9337,2011,0.0,1134.0,-0.915379,-0.973194,IRN,DEU,851511
5099706,108,61,9337,2011,0.0,57940.0,-2.175137,-0.726975,IRQ,DEU,851511
5099707,109,61,9337,2011,0.0,10545.0,0.284202,-0.23753000000000002,ISL,DEU,851511
5099708,110,61,9337,2011,0.0,181570.0,1.324384,0.714611,ISR,DEU,851511
5099709,111,61,9337,2011,34389.0,1100423.0,1.298751,0.48013599999999995,ITA,DEU,851511
5099710,113,61,9337,2011,0.0,20858.0,0.231605,0.47049399999999997,JOR,DEU,851511
5099711,114,61,9337,2011,142827.0,333527.0,2.516395,-0.534301,JPN,DEU,851511
5099712,115,61,9337,2011,0.0,5099.0,-0.514687,-0.775671,KAZ,DEU,851511
5099713,117,61,9337,2011,0.0,4643.0,-0.323348,0.164469,KGZ,DEU,851511
5099714,121,61,9337,2011,6680.0,58553.0,1.731371,0.8306879999999999,KOR,DEU,851511
5099715,122,61,9337,2011,0.0,2847.0,-0.898582,-1.09893,KWT,DEU,851511
5099716,124,61,9337,2011,0.0,11290.0,0.278393,1.2962879999999999,LBN,DEU,851511
5099717,128,61,9337,2011,0.0,13809.0,-0.559311,0.398905,LKA,DEU,851511
5099718,130,61,9337,2011,0.0,20072.0,0.747963,0.9759530000000001,LTU,DEU,851511
5099719,131,61,9337,2011,28184.0,57313.0,1.1655739999999999,1.222379,LUX,DEU,851511
5099720,132,61,9337,2011,0.0,19386.0,0.7320939999999999,1.101321,LVA,DEU,851511
5099721,134,61,9337,2011,0.0,29734.0,-0.485404,0.099828,MAR,DEU,851511
5099722,138,61,9337,2011,90515.0,7961.0,0.9534600000000001,0.706982,MEX,DEU,851511
5099723,140,61,9337,2011,0.0,1639.0,-0.12310499999999999,0.16392,MKD,DEU,851511
5099724,142,61,9337,2011,0.0,6912.0,1.3001340000000001,0.22605799999999998,MLT,DEU,851511
5099725,147,61,9337,2011,0.0,3576.0,-1.2069299999999998,-0.977785,MOZ,DEU,851511
5099726,151,61,9337,2011,0.0,1045.0,-0.09464600000000001,0.091177,MUS,DEU,851511
5099727,153,61,9337,2011,0.0,32865.0,0.9893290000000001,0.632079,MYS,DEU,851511
5099728,156,61,9337,2011,0.0,3706.0,-0.976349,-0.798691,NCL,DEU,851511
5099729,159,61,9337,2011,0.0,4231.0,-1.699286,-1.15511,NGA,DEU,851511
5099730,162,61,9337,2011,1506806.0,3576210.0,1.1655229999999999,1.410167,NLD,DEU,851511
5099731,163,61,9337,2011,45684.0,44868.0,0.8492770000000001,0.050044,NOR,DEU,851511
5099732,166,61,9337,2011,0.0,11868.0,0.372732,0.548601,NZL,DEU,851511
5099733,167,61,9337,2011,0.0,1562.0,-0.473703,-0.952491,OMN,DEU,851511
5099734,168,61,9337,2011,9530.0,43884.0,-0.729677,0.6026729999999999,PAK,DEU,851511
5099735,173,61,9337,2011,0.0,61406.0,-0.455977,0.442543,PER,DEU,851511
5099736,177,61,9337,2011,3762.0,1584526.0,1.133641,1.134203,POL,DEU,851511
5099737,179,61,9337,2011,0.0,79902.0,0.558481,2.7056240000000003,PRT,DEU,851511
5099738,182,61,9337,2011,0.0,1663.0,0.37798000000000004,-0.460049,PYF,DEU,851511
5099739,183,61,9337,2011,0.0,5177.0,-0.45851899999999995,-1.017033,QAT,DEU,851511
5099740,185,61,9337,2011,0.0,156619.0,0.722,1.296655,ROU,DEU,851511
5099741,186,61,9337,2011,0.0,1017951.0,0.47319399999999995,-0.20801599999999998,RUS,DEU,851511
5099742,188,61,9337,2011,0.0,51525.0,0.354045,-0.800028,SAU,DEU,851511
5099743,190,61,9337,2011,0.0,1109.0,-2.1675869999999997,-1.249272,SDN,DEU,851511
5099744,192,61,9337,2011,0.0,203526.0,1.849116,0.52127,SGP,DEU,851511
5099745,197,61,9337,2011,0.0,3847.0,-0.09713200000000001,0.20772600000000002,SLV,DEU,851511
5099746,201,61,9337,2011,0.0,71795.0,0.49055699999999997,1.5601399999999999,SRB,DEU,851511
5099747,205,61,9337,2011,0.0,1007.0,-0.504897,-0.835426,SUR,DEU,851511
5099748,206,61,9337,2011,1838.0,188711.0,1.262897,0.8230569999999999,SVK,DEU,851511
5099749,207,61,9337,2011,4440.0,267836.0,1.642913,0.700222,SVN,DEU,851511
5099750,208,61,9337,2011,3661.0,834739.0,1.857146,0.366159,SWE,DEU,851511
5099751,212,61,9337,2011,0.0,2825.0,-0.604133,0.5268970000000001,SYR,DEU,851511
5099752,216,61,9337,2011,0.0,56164.0,0.889009,1.503118,THA,DEU,851511
5099753,223,61,9337,2011,0.0,282905.0,0.151221,1.1252360000000001,TUN,DEU,851511
5099754,224,61,9337,2011,0.0,456451.0,0.45775,2.4316259999999996,TUR,DEU,851511
5099755,228,61,9337,2011,0.0,24594.0,0.6221409999999999,0.765505,UKR,DEU,851511
5099756,230,61,9337,2011,0.0,923.0,0.313195,0.042866,URY,DEU,851511
5099757,231,61,9337,2011,239480.0,2785712.0,1.6884849999999998,-0.474499,USA,DEU,851511
5099758,239,61,9337,2011,0.0,3403.0,-0.184453,1.637207,VNM,DEU,851511
5099759,243,61,9337,2011,0.0,682.0,-1.44127,-1.242875,YEM,DEU,851511
5099760,246,61,9337,2011,0.0,147181.0,0.241792,1.353011,ZAF,DEU,851511
5099761,249,61,9337,2011,844966.0,51508.0,1.803234,0.921233,TWN,DEU,851511
5099762,2,64,9337,2011,0.0,1059.0,-1.252991,-1.132314,AGO,DNK,851511
5099763,7,64,9337,2011,0.0,4820.0,0.030652,-0.450808,ARE,DNK,851511
5099764,14,64,9337,2011,0.0,2632.0,-0.138148,0.002999,AUS,DNK,851511
5099765,18,64,9337,2011,42007.0,9017.0,1.221703,1.247961,BEL,DNK,851511
5099766,39,64,9337,2011,836.0,0.0,0.754813,1.1967290000000002,CAN,DNK,851511
5099767,43,64,9337,2011,40050.0,7409.0,1.072299,1.686826,CHN,DNK,851511
5099768,59,64,9337,2011,0.0,1669.0,1.737788,0.14741600000000002,CZE,DNK,851511
5099769,61,64,9337,2011,461965.0,2199.0,2.074435,-3.440815,DEU,DNK,851511
5099770,71,64,9337,2011,26411.0,1065.0,0.8677290000000001,2.4618450000000003,ESP,DNK,851511
5099771,72,64,9337,2011,0.0,1059.0,0.9806790000000001,1.110449,EST,DNK,851511
5099772,74,64,9337,2011,0.0,9501.0,1.7488830000000002,0.890934,FIN,DNK,851511
5099773,77,64,9337,2011,22919.0,1535.0,1.532054,0.09339299999999999,FRA,DNK,851511
5099774,78,64,9337,2011,0.0,3826.0,-0.733444,-0.8242229999999999,FRO,DNK,851511
5099775,81,64,9337,2011,118985.0,75523.0,1.8048220000000001,0.380141,GBR,DNK,851511
5099776,92,64,9337,2011,0.0,6666.0,-0.669044,-0.787142,GRL,DNK,851511
5099777,106,64,9337,2011,215530.0,0.0,1.403182,0.290245,IRL,DNK,851511
5099778,109,64,9337,2011,0.0,3334.0,0.284202,-0.23753000000000002,ISL,DNK,851511
5099779,162,64,9337,2011,150937.0,0.0,1.1655229999999999,1.410167,NLD,DNK,851511
5099780,163,64,9337,2011,0.0,22325.0,0.8492770000000001,0.050044,NOR,DNK,851511
5099781,185,64,9337,2011,0.0,44200.0,0.722,1.296655,ROU,DNK,851511
5099782,186,64,9337,2011,0.0,1637.0,0.47319399999999995,-0.20801599999999998,RUS,DNK,851511
5099783,207,64,9337,2011,0.0,1794.0,1.642913,0.700222,SVN,DNK,851511
5099784,208,64,9337,2011,100605.0,41448.0,1.857146,0.366159,SWE,DNK,851511
5099785,224,64,9337,2011,0.0,23058.0,0.45775,2.4316259999999996,TUR,DNK,851511
5099786,231,64,9337,2011,6162.0,9473.0,1.6884849999999998,-0.474499,USA,DNK,851511
5099787,239,64,9337,2011,0.0,923.0,-0.184453,1.637207,VNM,DNK,851511
5099788,249,64,9337,2011,21359.0,0.0,1.803234,0.921233,TWN,DNK,851511
5099789,8,65,9337,2011,1925.0,0.0,0.240494,0.540376,ARG,DOM,851511
5099790,39,65,9337,2011,834.0,0.0,0.754813,1.1967290000000002,CAN,DOM,851511
5099791,43,65,9337,2011,45670.0,0.0,1.072299,1.686826,CHN,DOM,851511
5099792,49,65,9337,2011,1014.0,0.0,0.14336600000000002,-0.22996,COL,DOM,851511
5099793,52,65,9337,2011,1930.0,0.0,0.04325,-0.553193,CRI,DOM,851511
5099794,61,65,9337,2011,12585.0,0.0,2.074435,-3.440815,DEU,DOM,851511
5099795,71,65,9337,2011,6464.0,0.0,0.8677290000000001,2.4618450000000003,ESP,DOM,851511
5099796,97,65,9337,2011,3048.0,0.0,0.663588,1.902118,HKG,DOM,851511
5099797,111,65,9337,2011,2889.0,0.0,1.298751,0.48013599999999995,ITA,DOM,851511
5099798,114,65,9337,2011,6325.0,0.0,2.516395,-0.534301,JPN,DOM,851511
5099799,138,65,9337,2011,32212.0,0.0,0.9534600000000001,0.706982,MEX,DOM,851511
5099800,169,65,9337,2011,11420.0,0.0,0.786135,1.061008,PAN,DOM,851511
5099801,231,65,9337,2011,71097.0,0.0,1.6884849999999998,-0.474499,USA,DOM,851511
5099802,8,67,9337,2011,3211.0,0.0,0.240494,0.540376,ARG,ECU,851511
5099803,32,67,9337,2011,1549.0,0.0,0.27718400000000004,0.5674319999999999,BRA,ECU,851511
5099804,39,67,9337,2011,111344.0,0.0,0.754813,1.1967290000000002,CAN,ECU,851511
5099805,41,67,9337,2011,15313.0,0.0,2.2644029999999997,0.406131,CHE,ECU,851511
5099806,42,67,9337,2011,13452.0,0.0,-0.199877,-0.353009,CHL,ECU,851511
5099807,43,67,9337,2011,194856.0,0.0,1.072299,1.686826,CHN,ECU,851511
5099808,49,67,9337,2011,24888.0,20519.0,0.14336600000000002,-0.22996,COL,ECU,851511
5099809,52,67,9337,2011,45368.0,0.0,0.04325,-0.553193,CRI,ECU,851511
5099810,61,67,9337,2011,7160.0,0.0,2.074435,-3.440815,DEU,ECU,851511
5099811,66,67,9337,2011,0.0,2126.0,-1.36763,-1.140594,DZA,ECU,851511
5099812,71,67,9337,2011,12813.0,0.0,0.8677290000000001,2.4618450000000003,ESP,ECU,851511
5099813,77,67,9337,2011,1597.0,0.0,1.532054,0.09339299999999999,FRA,ECU,851511
5099814,97,67,9337,2011,1089.0,0.0,0.663588,1.902118,HKG,ECU,851511
5099815,114,67,9337,2011,3059.0,0.0,2.516395,-0.534301,JPN,ECU,851511
5099816,121,67,9337,2011,2004.0,0.0,1.731371,0.8306879999999999,KOR,ECU,851511
5099817,138,67,9337,2011,66828.0,0.0,0.9534600000000001,0.706982,MEX,ECU,851511
5099818,168,67,9337,2011,455.0,0.0,-0.729677,0.6026729999999999,PAK,ECU,851511
5099819,169,67,9337,2011,4442.0,0.0,0.786135,1.061008,PAN,ECU,851511
5099820,173,67,9337,2011,4116.0,0.0,-0.455977,0.442543,PER,ECU,851511
5099821,177,67,9337,2011,6717.0,0.0,1.133641,1.134203,POL,ECU,851511
5099822,231,67,9337,2011,20671.0,0.0,1.6884849999999998,-0.474499,USA,ECU,851511
5099823,249,67,9337,2011,36281.0,0.0,1.803234,0.921233,TWN,ECU,851511
5099824,250,67,9337,2011,0.0,4113.0,0.475638,-0.160135,ANS,ECU,851511
5099825,2,71,9337,2011,0.0,19033.0,-1.252991,-1.132314,AGO,ESP,851511
5099826,5,71,9337,2011,0.0,6039.0,0.787289,0.484512,AND,ESP,851511
5099827,7,71,9337,2011,0.0,44639.0,0.030652,-0.450808,ARE,ESP,851511
5099828,8,71,9337,2011,0.0,69392.0,0.240494,0.540376,ARG,ESP,851511
5099829,14,71,9337,2011,0.0,78992.0,-0.138148,0.002999,AUS,ESP,851511
5099830,15,71,9337,2011,951.0,76353.0,1.687634,-0.229095,AUT,ESP,851511
5099831,18,71,9337,2011,80920.0,20101.0,1.221703,1.247961,BEL,ESP,851511
5099832,23,71,9337,2011,0.0,16514.0,0.537967,1.520973,BGR,ESP,851511
5099833,25,71,9337,2011,1928.0,0.0,0.320669,-0.531655,BHS,ESP,851511
5099834,32,71,9337,2011,0.0,25795.0,0.27718400000000004,0.5674319999999999,BRA,ESP,851511
5099835,39,71,9337,2011,0.0,16006.0,0.754813,1.1967290000000002,CAN,ESP,851511
5099836,41,71,9337,2011,0.0,45080.0,2.2644029999999997,0.406131,CHE,ESP,851511
5099837,42,71,9337,2011,0.0,88636.0,-0.199877,-0.353009,CHL,ESP,851511
5099838,43,71,9337,2011,1584353.0,0.0,1.072299,1.686826,CHN,ESP,851511
5099839,44,71,9337,2011,0.0,50780.0,-1.069474,-0.867439,CIV,ESP,851511
5099840,49,71,9337,2011,0.0,8990.0,0.14336600000000002,-0.22996,COL,ESP,851511
5099841,51,71,9337,2011,0.0,854.0,0.006139,-0.610237,CPV,ESP,851511
5099842,54,71,9337,2011,0.0,117981.0,-0.050093,-0.88759,CUB,ESP,851511
5099843,59,71,9337,2011,0.0,337975.0,1.737788,0.14741600000000002,CZE,ESP,851511
5099844,61,71,9337,2011,407980.0,4540904.0,2.074435,-3.440815,DEU,ESP,851511
5099845,64,71,9337,2011,1065.0,26411.0,1.156026,1.2248299999999999,DNK,ESP,851511
5099846,65,71,9337,2011,0.0,6464.0,-0.260653,0.5682010000000001,DOM,ESP,851511
5099847,66,71,9337,2011,0.0,16704.0,-1.36763,-1.140594,DZA,ESP,851511
5099848,67,71,9337,2011,0.0,12813.0,-0.8250639999999999,-0.839082,ECU,ESP,851511
5099849,68,71,9337,2011,0.0,2431.0,-0.166243,1.384719,EGY,ESP,851511
5099850,72,71,9337,2011,0.0,12394.0,0.9806790000000001,1.110449,EST,ESP,851511
5099851,74,71,9337,2011,0.0,35570.0,1.7488830000000002,0.890934,FIN,ESP,851511
5099852,77,71,9337,2011,87697.0,547917.0,1.532054,0.09339299999999999,FRA,ESP,851511
5099853,81,71,9337,2011,263088.0,565187.0,1.8048220000000001,0.380141,GBR,ESP,851511
5099854,84,71,9337,2011,0.0,6432.0,0.8442850000000001,-0.435222,GIB,ESP,851511
5099855,90,71,9337,2011,0.0,40379.0,0.138679,1.30044,GRC,ESP,851511
5099856,93,71,9337,2011,0.0,1164.0,-0.329497,0.775369,GTM,ESP,851511
5099857,97,71,9337,2011,2057.0,17136.0,0.663588,1.902118,HKG,ESP,851511
5099858,102,71,9337,2011,0.0,332970.0,1.486592,0.805642,HUN,ESP,851511
5099859,103,71,9337,2011,0.0,1192.0,-0.234125,1.168384,IDN,ESP,851511
5099860,104,71,9337,2011,0.0,21751.0,0.18276199999999998,2.398765,IND,ESP,851511
5099861,106,71,9337,2011,0.0,33216.0,1.403182,0.290245,IRL,ESP,851511
5099862,107,71,9337,2011,0.0,14498.0,-0.915379,-0.973194,IRN,ESP,851511
5099863,110,71,9337,2011,0.0,78269.0,1.324384,0.714611,ISR,ESP,851511
5099864,111,71,9337,2011,27024.0,1099144.0,1.298751,0.48013599999999995,ITA,ESP,851511
5099865,114,71,9337,2011,109323.0,53386.0,2.516395,-0.534301,JPN,ESP,851511
5099866,115,71,9337,2011,0.0,932.0,-0.514687,-0.775671,KAZ,ESP,851511
5099867,121,71,9337,2011,0.0,2752.0,1.731371,0.8306879999999999,KOR,ESP,851511
5099868,122,71,9337,2011,0.0,4737.0,-0.898582,-1.09893,KWT,ESP,851511
5099869,124,71,9337,2011,0.0,1898.0,0.278393,1.2962879999999999,LBN,ESP,851511
5099870,134,71,9337,2011,0.0,65229.0,-0.485404,0.099828,MAR,ESP,851511
5099871,138,71,9337,2011,8384.0,183010.0,0.9534600000000001,0.706982,MEX,ESP,851511
5099872,141,71,9337,2011,0.0,1231.0,-0.6778109999999999,-0.653211,MLI,ESP,851511
5099873,142,71,9337,2011,0.0,5545.0,1.3001340000000001,0.22605799999999998,MLT,ESP,851511
5099874,160,71,9337,2011,0.0,2113.0,-0.9592139999999999,-0.796108,NIC,ESP,851511
5099875,162,71,9337,2011,67517.0,636345.0,1.1655229999999999,1.410167,NLD,ESP,851511
5099876,163,71,9337,2011,0.0,8145.0,0.8492770000000001,0.050044,NOR,ESP,851511
5099877,167,71,9337,2011,0.0,5699.0,-0.473703,-0.952491,OMN,ESP,851511
5099878,169,71,9337,2011,0.0,2515.0,0.786135,1.061008,PAN,ESP,851511
5099879,173,71,9337,2011,3715.0,3518.0,-0.455977,0.442543,PER,ESP,851511
5099880,177,71,9337,2011,7375.0,351394.0,1.133641,1.134203,POL,ESP,851511
5099881,179,71,9337,2011,205002.0,931056.0,0.558481,2.7056240000000003,PRT,ESP,851511
5099882,180,71,9337,2011,0.0,1018.0,-0.548759,-0.877743,PRY,ESP,851511
5099883,183,71,9337,2011,0.0,14894.0,-0.45851899999999995,-1.017033,QAT,ESP,851511
5099884,185,71,9337,2011,81262.0,25832.0,0.722,1.296655,ROU,ESP,851511
5099885,186,71,9337,2011,0.0,14024.0,0.47319399999999995,-0.20801599999999998,RUS,ESP,851511
5099886,188,71,9337,2011,0.0,23229.0,0.354045,-0.800028,SAU,ESP,851511
5099887,201,71,9337,2011,0.0,13207.0,0.49055699999999997,1.5601399999999999,SRB,ESP,851511
5099888,206,71,9337,2011,0.0,44723.0,1.262897,0.8230569999999999,SVK,ESP,851511
5099889,207,71,9337,2011,0.0,41920.0,1.642913,0.700222,SVN,ESP,851511
5099890,208,71,9337,2011,72041.0,557229.0,1.857146,0.366159,SWE,ESP,851511
5099891,224,71,9337,2011,0.0,20013.0,0.45775,2.4316259999999996,TUR,ESP,851511
5099892,228,71,9337,2011,0.0,12769.0,0.6221409999999999,0.765505,UKR,ESP,851511
5099893,230,71,9337,2011,0.0,74829.0,0.313195,0.042866,URY,ESP,851511
5099894,231,71,9337,2011,3179.0,217896.0,1.6884849999999998,-0.474499,USA,ESP,851511
5099895,236,71,9337,2011,0.0,4114.0,-0.841147,-1.095636,VEN,ESP,851511
5099896,246,71,9337,2011,38222.0,0.0,0.241792,1.353011,ZAF,ESP,851511
5099897,249,71,9337,2011,101420.0,7872.0,1.803234,0.921233,TWN,ESP,851511
5099898,250,71,9337,2011,4009.0,3599.0,0.475638,-0.160135,ANS,ESP,851511
5099899,18,74,9337,2011,25418.0,0.0,1.221703,1.247961,BEL,FIN,851511
5099900,41,74,9337,2011,3613.0,0.0,2.2644029999999997,0.406131,CHE,FIN,851511
5099901,42,74,9337,2011,0.0,17875.0,-0.199877,-0.353009,CHL,FIN,851511
5099902,43,74,9337,2011,190510.0,2825.0,1.072299,1.686826,CHN,FIN,851511
5099903,61,74,9337,2011,504694.0,0.0,2.074435,-3.440815,DEU,FIN,851511
5099904,64,74,9337,2011,9501.0,0.0,1.156026,1.2248299999999999,DNK,FIN,851511
5099905,68,74,9337,2011,0.0,5240.0,-0.166243,1.384719,EGY,FIN,851511
5099906,71,74,9337,2011,35570.0,0.0,0.8677290000000001,2.4618450000000003,ESP,FIN,851511
5099907,72,74,9337,2011,0.0,26072.0,0.9806790000000001,1.110449,EST,FIN,851511
5099908,77,74,9337,2011,1695.0,0.0,1.532054,0.09339299999999999,FRA,FIN,851511
5099909,81,74,9337,2011,106717.0,0.0,1.8048220000000001,0.380141,GBR,FIN,851511
5099910,97,74,9337,2011,35896.0,0.0,0.663588,1.902118,HKG,FIN,851511
5099911,104,74,9337,2011,1084.0,0.0,0.18276199999999998,2.398765,IND,FIN,851511
5099912,111,74,9337,2011,5588.0,0.0,1.298751,0.48013599999999995,ITA,FIN,851511
5099913,114,74,9337,2011,3686.0,0.0,2.516395,-0.534301,JPN,FIN,851511
5099914,130,74,9337,2011,0.0,5917.0,0.747963,0.9759530000000001,LTU,FIN,851511
5099915,132,74,9337,2011,0.0,993.0,0.7320939999999999,1.101321,LVA,FIN,851511
5099916,162,74,9337,2011,66560.0,0.0,1.1655229999999999,1.410167,NLD,FIN,851511
5099917,173,74,9337,2011,0.0,6462.0,-0.455977,0.442543,PER,FIN,851511
5099918,177,74,9337,2011,2192.0,0.0,1.133641,1.134203,POL,FIN,851511
5099919,186,74,9337,2011,0.0,15459.0,0.47319399999999995,-0.20801599999999998,RUS,FIN,851511
5099920,201,74,9337,2011,1738.0,0.0,0.49055699999999997,1.5601399999999999,SRB,FIN,851511
5099921,208,74,9337,2011,134469.0,37341.0,1.857146,0.366159,SWE,FIN,851511
5099922,246,74,9337,2011,0.0,1461.0,0.241792,1.353011,ZAF,FIN,851511
5099923,249,74,9337,2011,205206.0,0.0,1.803234,0.921233,TWN,FIN,851511
5099924,2,77,9337,2011,0.0,64156.0,-1.252991,-1.132314,AGO,FRA,851511
5099925,7,77,9337,2011,0.0,31067.0,0.030652,-0.450808,ARE,FRA,851511
5099926,15,77,9337,2011,0.0,26162.0,1.687634,-0.229095,AUT,FRA,851511
5099927,18,77,9337,2011,444095.0,85759.0,1.221703,1.247961,BEL,FRA,851511
5099928,21,77,9337,2011,0.0,3225.0,-1.163278,-1.002332,BFA,FRA,851511
5099929,23,77,9337,2011,0.0,1969.0,0.537967,1.520973,BGR,FRA,851511
5099930,28,77,9337,2011,0.0,1206.0,0.8786729999999999,0.442097,BLR,FRA,851511
5099931,32,77,9337,2011,0.0,6620.0,0.27718400000000004,0.5674319999999999,BRA,FRA,851511
5099932,39,77,9337,2011,3866.0,0.0,0.754813,1.1967290000000002,CAN,FRA,851511
5099933,41,77,9337,2011,50100.0,6372.0,2.2644029999999997,0.406131,CHE,FRA,851511
5099934,43,77,9337,2011,1036239.0,13419.0,1.072299,1.686826,CHN,FRA,851511
5099935,44,77,9337,2011,0.0,3889.0,-1.069474,-0.867439,CIV,FRA,851511
5099936,45,77,9337,2011,0.0,8362.0,-0.7956340000000001,-0.8532790000000001,CMR,FRA,851511
5099937,58,77,9337,2011,0.0,4947.0,0.798165,0.424179,CYP,FRA,851511
5099938,59,77,9337,2011,31851.0,4054.0,1.737788,0.14741600000000002,CZE,FRA,851511
5099939,61,77,9337,2011,1613088.0,51169.0,2.074435,-3.440815,DEU,FRA,851511
5099940,62,77,9337,2011,0.0,1157.0,-0.6224529999999999,-0.7357739999999999,DJI,FRA,851511
5099941,64,77,9337,2011,1535.0,22919.0,1.156026,1.2248299999999999,DNK,FRA,851511
5099942,66,77,9337,2011,0.0,16884.0,-1.36763,-1.140594,DZA,FRA,851511
5099943,67,77,9337,2011,0.0,1597.0,-0.8250639999999999,-0.839082,ECU,FRA,851511
5099944,68,77,9337,2011,0.0,2163.0,-0.166243,1.384719,EGY,FRA,851511
5099945,71,77,9337,2011,547917.0,87697.0,0.8677290000000001,2.4618450000000003,ESP,FRA,851511
5099946,74,77,9337,2011,0.0,1695.0,1.7488830000000002,0.890934,FIN,FRA,851511
5099947,80,77,9337,2011,0.0,17694.0,-1.093784,-1.0849659999999999,GAB,FRA,851511
5099948,81,77,9337,2011,808690.0,77406.0,1.8048220000000001,0.380141,GBR,FRA,851511
5099949,90,77,9337,2011,0.0,2873.0,0.138679,1.30044,GRC,FRA,851511
5099950,97,77,9337,2011,8507.0,0.0,0.663588,1.902118,HKG,FRA,851511
5099951,102,77,9337,2011,1920.0,107405.0,1.486592,0.805642,HUN,FRA,851511
5099952,103,77,9337,2011,0.0,3483.0,-0.234125,1.168384,IDN,FRA,851511
5099953,104,77,9337,2011,0.0,42326.0,0.18276199999999998,2.398765,IND,FRA,851511
5099954,106,77,9337,2011,62220.0,0.0,1.403182,0.290245,IRL,FRA,851511
5099955,110,77,9337,2011,0.0,22569.0,1.324384,0.714611,ISR,FRA,851511
5099956,111,77,9337,2011,46472.0,77161.0,1.298751,0.48013599999999995,ITA,FRA,851511
5099957,114,77,9337,2011,24522.0,0.0,2.516395,-0.534301,JPN,FRA,851511
5099958,115,77,9337,2011,0.0,717.0,-0.514687,-0.775671,KAZ,FRA,851511
5099959,122,77,9337,2011,0.0,4393.0,-0.898582,-1.09893,KWT,FRA,851511
5099960,130,77,9337,2011,0.0,6278.0,0.747963,0.9759530000000001,LTU,FRA,851511
5099961,131,77,9337,2011,5043.0,2079.0,1.1655739999999999,1.222379,LUX,FRA,851511
5099962,134,77,9337,2011,0.0,14481.0,-0.485404,0.099828,MAR,FRA,851511
5099963,136,77,9337,2011,0.0,5520.0,-1.040519,-0.404883,MDG,FRA,851511
5099964,138,77,9337,2011,10308.0,0.0,0.9534600000000001,0.706982,MEX,FRA,851511
5099965,148,77,9337,2011,0.0,12328.0,-1.2593379999999998,-1.1793209999999998,MRT,FRA,851511
5099966,151,77,9337,2011,0.0,6882.0,-0.09464600000000001,0.091177,MUS,FRA,851511
5099967,153,77,9337,2011,0.0,95919.0,0.9893290000000001,0.632079,MYS,FRA,851511
5099968,154,77,9337,2011,0.0,20647.0,0.804635,-0.312227,MYT,FRA,851511
5099969,156,77,9337,2011,0.0,1304.0,-0.976349,-0.798691,NCL,FRA,851511
5099970,162,77,9337,2011,925496.0,24667.0,1.1655229999999999,1.410167,NLD,FRA,851511
5099971,177,77,9337,2011,1765.0,2874.0,1.133641,1.134203,POL,FRA,851511
5099972,179,77,9337,2011,0.0,21540.0,0.558481,2.7056240000000003,PRT,FRA,851511
5099973,182,77,9337,2011,0.0,5108.0,0.37798000000000004,-0.460049,PYF,FRA,851511
5099974,185,77,9337,2011,2143.0,26086.0,0.722,1.296655,ROU,FRA,851511
5099975,186,77,9337,2011,0.0,7904.0,0.47319399999999995,-0.20801599999999998,RUS,FRA,851511
5099976,191,77,9337,2011,0.0,8298.0,-0.624346,-0.308052,SEN,FRA,851511
5099977,192,77,9337,2011,0.0,1673.0,1.849116,0.52127,SGP,FRA,851511
5099978,201,77,9337,2011,0.0,1427.0,0.49055699999999997,1.5601399999999999,SRB,FRA,851511
5099979,208,77,9337,2011,1388.0,7950.0,1.857146,0.366159,SWE,FRA,851511
5099980,216,77,9337,2011,0.0,981.0,0.889009,1.503118,THA,FRA,851511
5099981,223,77,9337,2011,0.0,11626.0,0.151221,1.1252360000000001,TUN,FRA,851511
5099982,224,77,9337,2011,0.0,2052.0,0.45775,2.4316259999999996,TUR,FRA,851511
5099983,231,77,9337,2011,26447.0,8913.0,1.6884849999999998,-0.474499,USA,FRA,851511
5099984,246,77,9337,2011,0.0,22849.0,0.241792,1.353011,ZAF,FRA,851511
5099985,249,77,9337,2011,147701.0,0.0,1.803234,0.921233,TWN,FRA,851511
5099986,250,77,9337,2011,16184.0,0.0,0.475638,-0.160135,ANS,FRA,851511
5099987,2,81,9337,2011,0.0,3458.0,-1.252991,-1.132314,AGO,GBR,851511
5099988,7,81,9337,2011,0.0,130259.0,0.030652,-0.450808,ARE,GBR,851511
5099989,8,81,9337,2011,0.0,10721.0,0.240494,0.540376,ARG,GBR,851511
5099990,14,81,9337,2011,3832.0,329060.0,-0.138148,0.002999,AUS,GBR,851511
5099991,15,81,9337,2011,3007.0,36275.0,1.687634,-0.229095,AUT,GBR,851511
5099992,16,81,9337,2011,0.0,3695.0,-1.313136,-1.189989,AZE,GBR,851511
5099993,18,81,9337,2011,273741.0,1074441.0,1.221703,1.247961,BEL,GBR,851511
5099994,23,81,9337,2011,0.0,13857.0,0.537967,1.520973,BGR,GBR,851511
5099995,24,81,9337,2011,0.0,2014.0,0.04085,-0.873711,BHR,GBR,851511
5099996,26,81,9337,2011,0.0,813.0,0.391425,0.6066600000000001,BIH,GBR,851511
5099997,32,81,9337,2011,0.0,3782.0,0.27718400000000004,0.5674319999999999,BRA,GBR,851511
5099998,39,81,9337,2011,0.0,43531.0,0.754813,1.1967290000000002,CAN,GBR,851511
