49999,39,140,672,2000.0,15137.0,0.0,1.069101,1.284017,CAN,MKD,0251
50000,61,140,672,2000.0,124250.0,0.0,2.3753580000000003,-2.4481029999999997,DEU,MKD,0251
50001,64,140,672,2000.0,91652.0,0.0,1.312843,1.4304370000000002,DNK,MKD,0251
50002,90,140,672,2000.0,49789.0,0.0,0.26193,1.607656,GRC,MKD,0251
50003,102,140,672,2000.0,46063.0,0.0,1.047497,1.284513,HUN,MKD,0251
50004,188,140,672,2000.0,0.0,1706.0,0.005864,-0.983202,SAU,MKD,0251
50005,189,140,672,2000.0,0.0,1328808.0,0.484573,2.767036,SCG,MKD,0251
50006,224,140,672,2000.0,1373.0,0.0,0.127924,2.039773,TUR,MKD,0251
50007,18,142,672,2000.0,381255.0,0.0,1.382578,1.406981,BEL,MLT,0251
50008,23,142,672,2000.0,6914.0,0.0,0.47338800000000003,1.7633599999999998,BGR,MLT,0251
50009,61,142,672,2000.0,74895.0,0.0,2.3753580000000003,-2.4481029999999997,DEU,MLT,0251
50010,72,142,672,2000.0,4440.0,0.0,0.353545,0.665942,EST,MLT,0251
50011,77,142,672,2000.0,20222.0,0.0,1.644969,0.56481,FRA,MLT,0251
50012,90,142,672,2000.0,67855.0,0.0,0.26193,1.607656,GRC,MLT,0251
50013,102,142,672,2000.0,1448.0,0.0,1.047497,1.284513,HUN,MLT,0251
50014,162,142,672,2000.0,460315.0,0.0,1.259257,1.595796,NLD,MLT,0251
50015,185,142,672,2000.0,8878.0,0.0,0.55594,1.054573,ROU,MLT,0251
50016,231,142,672,2000.0,26992.0,0.0,1.9869709999999998,0.021666,USA,MLT,0251
50017,43,178,672,2000.0,85603.0,0.0,0.43423,2.461961,CHN,PRK,0251
50018,61,178,672,2000.0,62209.0,0.0,2.3753580000000003,-2.4481029999999997,DEU,PRK,0251
50019,102,178,672,2000.0,6000.0,0.0,1.047497,1.284513,HUN,PRK,0251
50020,114,178,672,2000.0,44760.0,0.0,2.8218240000000003,0.255803,JPN,PRK,0251
50021,162,178,672,2000.0,23969.0,0.0,1.259257,1.595796,NLD,PRK,0251
50022,25,185,672,2000.0,0.0,1000.0,0.7182970000000001,0.139012,BHS,ROU,0251
50023,58,185,672,2000.0,5092.0,0.0,0.264835,0.268755,CYP,ROU,0251
50024,61,185,672,2000.0,13715.0,0.0,2.3753580000000003,-2.4481029999999997,DEU,ROU,0251
50025,90,185,672,2000.0,8944.0,0.0,0.26193,1.607656,GRC,ROU,0251
50026,102,185,672,2000.0,476867.0,0.0,1.047497,1.284513,HUN,ROU,0251
50027,110,185,672,2000.0,4307.0,0.0,1.4153870000000002,0.828117,ISR,ROU,0251
50028,135,185,672,2000.0,2107354.0,0.0,0.039072,0.103148,MDA,ROU,0251
50029,142,185,672,2000.0,0.0,8878.0,0.8771450000000001,-0.013614,MLT,ROU,0251
50030,162,185,672,2000.0,33108.0,0.0,1.259257,1.595796,NLD,ROU,0251
50031,169,185,672,2000.0,0.0,5000.0,0.107412,0.41455600000000004,PAN,ROU,0251
50032,177,185,672,2000.0,4243.0,0.0,0.9513659999999999,1.8445669999999998,POL,ROU,0251
50033,189,185,672,2000.0,1931.0,0.0,0.484573,2.767036,SCG,ROU,0251
50034,212,185,672,2000.0,9562.0,0.0,-1.203106,-0.889915,SYR,ROU,0251
50035,224,185,672,2000.0,614393.0,0.0,0.127924,2.039773,TUR,ROU,0251
50036,234,185,672,2000.0,0.0,1995.0,0.216315,-0.206287,VCT,ROU,0251
50037,15,189,672,2000.0,2354.0,0.0,1.823798,0.465513,AUT,SCG,0251
50038,23,189,672,2000.0,388604.0,39785.0,0.47338800000000003,1.7633599999999998,BGR,SCG,0251
50039,26,189,672,2000.0,0.0,312742.0,0.167776,0.32192,BIH,SCG,0251
50040,61,189,672,2000.0,36222.0,0.0,2.3753580000000003,-2.4481029999999997,DEU,SCG,0251
50041,90,189,672,2000.0,294942.0,0.0,0.26193,1.607656,GRC,SCG,0251
50042,100,189,672,2000.0,81693.0,0.0,0.640015,1.1175899999999999,HRV,SCG,0251
50043,102,189,672,2000.0,1015409.0,46106.0,1.047497,1.284513,HUN,SCG,0251
50044,107,189,672,2000.0,4859.0,0.0,-0.8148770000000001,-1.040305,IRN,SCG,0251
50045,110,189,672,2000.0,9773.0,0.0,1.4153870000000002,0.828117,ISR,SCG,0251
50046,111,189,672,2000.0,9362.0,97390.0,1.51508,0.818283,ITA,SCG,0251
50047,140,189,672,2000.0,1328808.0,0.0,0.159675,0.429424,MKD,SCG,0251
50048,162,189,672,2000.0,180391.0,0.0,1.259257,1.595796,NLD,SCG,0251
50049,177,189,672,2000.0,12092.0,0.0,0.9513659999999999,1.8445669999999998,POL,SCG,0251
50050,185,189,672,2000.0,0.0,1931.0,0.55594,1.054573,ROU,SCG,0251
50051,207,189,672,2000.0,26142.0,0.0,1.485695,1.122069,SVN,SCG,0251
50052,224,189,672,2000.0,34513.0,0.0,0.127924,2.039773,TUR,SCG,0251
50053,24,212,672,2000.0,0.0,183287.0,-0.270413,-0.882984,BHR,SYR,0251
50054,81,212,672,2000.0,2312.0,0.0,2.099928,0.564025,GBR,SYR,0251
50055,122,212,672,2000.0,0.0,667571.0,-0.825533,-1.190257,KWT,SYR,0251
50056,167,212,672,2000.0,0.0,20324.0,-1.291169,-1.3004040000000001,OMN,SYR,0251
50057,183,212,672,2000.0,0.0,511177.0,-0.534754,-1.139729,QAT,SYR,0251
50058,185,212,672,2000.0,0.0,9562.0,0.55594,1.054573,ROU,SYR,0251
50059,188,212,672,2000.0,0.0,28316.0,0.005864,-0.983202,SAU,SYR,0251
50060,190,212,672,2000.0,0.0,431943.0,-1.446942,-1.216142,SDN,SYR,0251
50061,23,234,672,2000.0,3388.0,0.0,0.47338800000000003,1.7633599999999998,BGR,VCT,0251
50062,90,234,672,2000.0,1123.0,0.0,0.26193,1.607656,GRC,VCT,0251
50063,185,234,672,2000.0,1995.0,0.0,0.55594,1.054573,ROU,VCT,0251
50064,231,234,672,2000.0,1655.0,0.0,1.9869709999999998,0.021666,USA,VCT,0251
50065,18,250,672,2000.0,43827.0,0.0,1.382578,1.406981,BEL,ANS,0251
50066,23,250,672,2000.0,16836.0,0.0,0.47338800000000003,1.7633599999999998,BGR,ANS,0251
50067,42,250,672,2000.0,18753.0,0.0,-0.011509,0.0031190000000000002,CHL,ANS,0251
50068,43,250,672,2000.0,3926.0,0.0,0.43423,2.461961,CHN,ANS,0251
50069,44,250,672,2000.0,1930.0,0.0,-0.7955,-0.7019989999999999,CIV,ANS,0251
50070,49,250,672,2000.0,0.0,5008.0,0.12351400000000001,0.255517,COL,ANS,0251
50071,51,250,672,2000.0,5198.0,0.0,0.358579,-0.238117,CPV,ANS,0251
50072,59,250,672,2000.0,0.0,42596.0,1.526256,0.9255639999999999,CZE,ANS,0251
50073,61,250,672,2000.0,320430.0,0.0,2.3753580000000003,-2.4481029999999997,DEU,ANS,0251
50074,64,250,672,2000.0,110406.0,2496.0,1.312843,1.4304370000000002,DNK,ANS,0251
50075,67,250,672,2000.0,0.0,3667.0,-1.016643,-0.8385469999999999,ECU,ANS,0251
50076,72,250,672,2000.0,0.0,3634.0,0.353545,0.665942,EST,ANS,0251
50077,90,250,672,2000.0,74598.0,0.0,0.26193,1.607656,GRC,ANS,0251
50078,96,250,672,2000.0,0.0,54006.0,-0.7425069999999999,-0.892847,GUY,ANS,0251
50079,104,250,672,2000.0,7956.0,0.0,0.323006,2.3446860000000003,IND,ANS,0251
50080,110,250,672,2000.0,36000.0,0.0,1.4153870000000002,0.828117,ISR,ANS,0251
50081,111,250,672,2000.0,251682.0,0.0,1.51508,0.818283,ITA,ANS,0251
50082,113,250,672,2000.0,111301.0,0.0,0.677723,1.497694,JOR,ANS,0251
50083,116,250,672,2000.0,25857.0,0.0,-0.554244,-0.1757,KEN,ANS,0251
50084,132,250,672,2000.0,8947.0,0.0,0.27229699999999996,0.402929,LVA,ANS,0251
50085,134,250,672,2000.0,1062.0,0.0,-0.5460510000000001,-0.33865100000000004,MAR,ANS,0251
50086,162,250,672,2000.0,70374.0,0.0,1.259257,1.595796,NLD,ANS,0251
50087,179,250,672,2000.0,3309.0,0.0,0.624078,1.342565,PRT,ANS,0251
50088,190,250,672,2000.0,0.0,14644.0,-1.446942,-1.216142,SDN,ANS,0251
50089,222,250,672,2000.0,29444.0,0.0,0.011104000000000001,-0.831385,TTO,ANS,0251
50090,224,250,672,2000.0,622963.0,0.0,0.127924,2.039773,TUR,ANS,0251
50091,228,250,672,2000.0,6432.0,0.0,0.622654,1.191971,UKR,ANS,0251
50092,71,66,672,2000.0,830444.0,0.0,1.158711,1.7613189999999999,ESP,DZA,0251
50093,77,66,672,2000.0,3881794.0,0.0,1.644969,0.56481,FRA,DZA,0251
50094,102,66,672,2000.0,367617.0,0.0,1.047497,1.284513,HUN,DZA,0251
50095,43,133,672,2000.0,1078041.0,0.0,0.43423,2.461961,CHN,MAC,0251
50096,97,133,672,2000.0,74455.0,2789.0,0.564112,1.776282,HKG,MAC,0251
50097,231,133,672,2000.0,35938.0,0.0,1.9869709999999998,0.021666,USA,MAC,0251
50098,246,133,672,2000.0,6487.0,0.0,0.304739,2.2212709999999998,ZAF,MAC,0251
50099,249,133,672,2000.0,2081.0,0.0,1.642139,1.2375639999999999,TWN,MAC,0251
50100,22,168,672,2000.0,0.0,236511.0,-0.8757879999999999,-0.95126,BGD,PAK,0251
50101,77,168,672,2000.0,16295.0,0.0,1.644969,0.56481,FRA,PAK,0251
50102,107,168,672,2000.0,5136.0,0.0,-0.8148770000000001,-1.040305,IRN,PAK,0251
50103,122,168,672,2000.0,0.0,5412.0,-0.825533,-1.190257,KWT,PAK,0251
50104,153,168,672,2000.0,4930.0,0.0,0.789007,0.16084600000000002,MYS,PAK,0251
50105,162,168,672,2000.0,94863.0,0.0,1.259257,1.595796,NLD,PAK,0251
50106,167,168,672,2000.0,0.0,205489.0,-1.291169,-1.3004040000000001,OMN,PAK,0251
50107,231,168,672,2000.0,247224.0,0.0,1.9869709999999998,0.021666,USA,PAK,0251
50108,231,0,672,2000.0,91723.0,0.0,1.9869709999999998,0.021666,USA,ABW,0251
50109,6,3,672,2000.0,5022.0,0.0,0.25759099999999996,-0.555668,ANT,AIA,0251
50110,231,3,672,2000.0,20921.0,0.0,1.9869709999999998,0.021666,USA,AIA,0251
50111,23,4,672,2000.0,10365.0,0.0,0.47338800000000003,1.7633599999999998,BGR,ALB,0251
50112,90,4,672,2000.0,55724.0,0.0,0.26193,1.607656,GRC,ALB,0251
50113,110,4,672,2000.0,40873.0,0.0,1.4153870000000002,0.828117,ISR,ALB,0251
50114,140,4,672,2000.0,98381.0,0.0,0.159675,0.429424,MKD,ALB,0251
50115,197,29,672,2000.0,22542.0,0.0,-0.077776,-0.084655,SLV,BLZ,0251
50116,231,29,672,2000.0,220745.0,0.0,1.9869709999999998,0.021666,USA,BLZ,0251
50117,32,31,672,2000.0,189577.0,0.0,0.853466,1.28277,BRA,BOL,0251
50118,42,31,672,2000.0,70112.0,0.0,-0.011509,0.0031190000000000002,CHL,BOL,0251
50119,67,31,672,2000.0,0.0,2258.0,-1.016643,-0.8385469999999999,ECU,BOL,0251
50120,81,31,672,2000.0,2022.0,0.0,2.099928,0.564025,GBR,BOL,0251
50121,104,31,672,2000.0,7544.0,0.0,0.323006,2.3446860000000003,IND,BOL,0251
50122,162,31,672,2000.0,2607.0,0.0,1.259257,1.595796,NLD,BOL,0251
50123,173,31,672,2000.0,0.0,167965.0,-0.390278,-0.018691,PER,BOL,0251
50124,180,31,672,2000.0,0.0,2102.0,-0.82839,-0.8787010000000001,PRY,BOL,0251
50125,67,37,672,2000.0,0.0,36045.0,-1.016643,-0.8385469999999999,ECU,BWA,0251
50126,129,37,672,2000.0,5232.0,0.0,-0.67732,-0.9360229999999999,LSO,BWA,0251
50127,246,37,672,2000.0,935181.0,0.0,0.304739,2.2212709999999998,ZAF,BWA,0251
50128,248,37,672,2000.0,442348.0,0.0,-0.43871899999999997,0.491989,ZWE,BWA,0251
50129,103,73,672,2000.0,3980.0,0.0,0.05846799999999999,1.577531,IDN,ETH,0251
50130,231,91,672,2000.0,7263.0,0.0,1.9869709999999998,0.021666,USA,GRD,0251
50131,93,99,672,2000.0,2913.0,0.0,-0.37711100000000003,0.191477,GTM,HND,0251
50132,169,99,672,2000.0,12849.0,0.0,0.107412,0.41455600000000004,PAN,HND,0251
50133,197,99,672,2000.0,7854540.0,351905.0,-0.077776,-0.084655,SLV,HND,0251
50134,231,99,672,2000.0,304387.0,0.0,1.9869709999999998,0.021666,USA,HND,0251
50135,222,112,672,2000.0,0.0,2046.0,0.011104000000000001,-0.831385,TTO,JAM,0251
50136,231,112,672,2000.0,7719230.0,0.0,1.9869709999999998,0.021666,USA,JAM,0251
50137,52,160,672,2000.0,80094.0,0.0,-0.136989,-0.190298,CRI,NIC,0251
50138,77,160,672,2000.0,0.0,33868.0,1.644969,0.56481,FRA,NIC,0251
50139,93,160,672,2000.0,0.0,36176.0,-0.37711100000000003,0.191477,GTM,NIC,0251
50140,169,160,672,2000.0,51310.0,0.0,0.107412,0.41455600000000004,PAN,NIC,0251
50141,197,160,672,2000.0,9137.0,14844.0,-0.077776,-0.084655,SLV,NIC,0251
50142,231,160,672,2000.0,3829950.0,0.0,1.9869709999999998,0.021666,USA,NIC,0251
50143,32,205,672,2000.0,1576.0,0.0,0.853466,1.28277,BRA,SUR,0251
50144,61,205,672,2000.0,4646.0,0.0,2.3753580000000003,-2.4481029999999997,DEU,SUR,0251
50145,162,205,672,2000.0,113646.0,0.0,1.259257,1.595796,NLD,SUR,0251
50146,231,205,672,2000.0,106847.0,0.0,1.9869709999999998,0.021666,USA,SUR,0251
50147,67,1,672,2000.0,0.0,4567.0,-1.016643,-0.8385469999999999,ECU,AFG,0251
50148,107,1,672,2000.0,10988.0,0.0,-0.8148770000000001,-1.040305,IRN,AFG,0251
50149,18,17,672,2000.0,1220.0,0.0,1.382578,1.406981,BEL,BDI,0251
50150,44,21,672,2000.0,1956.0,0.0,-0.7955,-0.7019989999999999,CIV,BFA,0251
50151,157,21,672,2000.0,0.0,2359.0,-0.8181390000000001,-0.527107,NER,BFA,0251
50152,61,24,672,2000.0,1075240.0,0.0,2.3753580000000003,-2.4481029999999997,DEU,BHR,0251
50153,104,24,672,2000.0,150952.0,0.0,0.323006,2.3446860000000003,IND,BHR,0251
50154,107,24,672,2000.0,220232.0,0.0,-0.8148770000000001,-1.040305,IRN,BHR,0251
50155,113,24,672,2000.0,165715.0,0.0,0.677723,1.497694,JOR,BHR,0251
50156,124,24,672,2000.0,10413.0,0.0,0.139623,1.095387,LBN,BHR,0251
50157,162,24,672,2000.0,96017.0,0.0,1.259257,1.595796,NLD,BHR,0251
50158,167,24,672,2000.0,0.0,1750.0,-1.291169,-1.3004040000000001,OMN,BHR,0251
50159,188,24,672,2000.0,2322690.0,0.0,0.005864,-0.983202,SAU,BHR,0251
50160,212,24,672,2000.0,183287.0,0.0,-1.203106,-0.889915,SYR,BHR,0251
50161,231,24,672,2000.0,52071.0,0.0,1.9869709999999998,0.021666,USA,BHR,0251
50162,246,50,672,2000.0,6976.0,0.0,0.304739,2.2212709999999998,ZAF,COM,0251
50163,58,72,672,2000.0,0.0,1641.0,0.264835,0.268755,CYP,EST,0251
50164,74,72,672,2000.0,192503.0,0.0,1.9705560000000002,0.874341,FIN,EST,0251
50165,125,72,672,2000.0,0.0,3356.0,-0.763757,-1.1284129999999999,LBR,EST,0251
50166,130,72,672,2000.0,0.0,1509.0,0.22767199999999999,0.794208,LTU,EST,0251
50167,132,72,672,2000.0,763666.0,29931.0,0.27229699999999996,0.402929,LVA,EST,0251
50168,142,72,672,2000.0,0.0,4440.0,0.8771450000000001,-0.013614,MLT,EST,0251
50169,162,72,672,2000.0,3168.0,0.0,1.259257,1.595796,NLD,EST,0251
50170,163,72,672,2000.0,0.0,1642.0,0.6499050000000001,-0.177091,NOR,EST,0251
50171,169,72,672,2000.0,0.0,3679.0,0.107412,0.41455600000000004,PAN,EST,0251
50172,186,72,672,2000.0,192155.0,6005.0,0.765547,0.369255,RUS,EST,0251
50173,208,72,672,2000.0,0.0,1235.0,2.087984,0.811167,SWE,EST,0251
50174,250,72,672,2000.0,3634.0,0.0,1.094325,-0.32521100000000003,ANS,EST,0251
50175,18,87,672,2000.0,14588.0,0.0,1.382578,1.406981,BEL,GMB,0251
50176,61,87,672,2000.0,25531.0,0.0,2.3753580000000003,-2.4481029999999997,DEU,GMB,0251
50177,162,87,672,2000.0,1206663.0,0.0,1.259257,1.595796,NLD,GMB,0251
50178,23,108,672,2000.0,741092.0,0.0,0.47338800000000003,1.7633599999999998,BGR,IRQ,0251
50179,107,108,672,2000.0,6151114.0,0.0,-0.8148770000000001,-1.040305,IRN,IRQ,0251
50180,113,108,672,2000.0,2711773.0,0.0,0.677723,1.497694,JOR,IRQ,0251
50181,78,109,672,2000.0,0.0,410353.0,-0.25500700000000004,-0.823207,FRO,ISL,0251
50182,81,109,672,2000.0,5815.0,0.0,2.099928,0.564025,GBR,ISL,0251
50183,92,109,672,2000.0,0.0,6420.0,-0.365398,-0.849985,GRL,ISL,0251
50184,163,109,672,2000.0,38772.0,0.0,0.6499050000000001,-0.177091,NOR,ISL,0251
50185,208,109,672,2000.0,133731.0,0.0,2.087984,0.811167,SWE,ISL,0251
50186,28,130,672,2000.0,8128.0,0.0,0.7323649999999999,1.1536170000000001,BLR,LTU,0251
50187,59,130,672,2000.0,4560.0,0.0,1.526256,0.9255639999999999,CZE,LTU,0251
50188,61,130,672,2000.0,1011.0,0.0,2.3753580000000003,-2.4481029999999997,DEU,LTU,0251
50189,72,130,672,2000.0,1509.0,0.0,0.353545,0.665942,EST,LTU,0251
50190,74,130,672,2000.0,185156.0,0.0,1.9705560000000002,0.874341,FIN,LTU,0251
50191,132,130,672,2000.0,77841.0,0.0,0.27229699999999996,0.402929,LVA,LTU,0251
50192,162,130,672,2000.0,124548.0,0.0,1.259257,1.595796,NLD,LTU,0251
50193,177,130,672,2000.0,6993.0,0.0,0.9513659999999999,1.8445669999999998,POL,LTU,0251
50194,208,130,672,2000.0,149447.0,0.0,2.087984,0.811167,SWE,LTU,0251
50195,77,136,672,2000.0,54995.0,0.0,1.644969,0.56481,FRA,MDG,0251
50196,97,136,672,2000.0,6867.0,0.0,0.564112,1.776282,HKG,MDG,0251
50197,151,136,672,2000.0,43164.0,0.0,-0.472778,-0.6301760000000001,MUS,MDG,0251
50198,7,137,672,2000.0,213249.0,0.0,-0.421385,-0.675566,ARE,MDV,0251
50199,14,137,672,2000.0,3795.0,0.0,0.039636000000000005,1.001203,AUS,MDV,0251
50200,103,137,672,2000.0,1428.0,0.0,0.05846799999999999,1.577531,IDN,MDV,0251
50201,104,137,672,2000.0,280938.0,0.0,0.323006,2.3446860000000003,IND,MDV,0251
50202,128,137,672,2000.0,454073.0,0.0,-0.497407,0.004686999999999999,LKA,MDV,0251
50203,162,137,672,2000.0,1145.0,0.0,1.259257,1.595796,NLD,MDV,0251
50204,192,137,672,2000.0,2692.0,0.0,1.5432860000000002,0.519856,SGP,MDV,0251
50205,246,137,672,2000.0,29268.0,0.0,0.304739,2.2212709999999998,ZAF,MDV,0251
50206,18,148,672,2000.0,4657.0,0.0,1.382578,1.406981,BEL,MRT,0251
50207,71,148,672,2000.0,23549.0,0.0,1.158711,1.7613189999999999,ESP,MRT,0251
50208,77,148,672,2000.0,2381.0,0.0,1.644969,0.56481,FRA,MRT,0251
50209,162,148,672,2000.0,330563.0,0.0,1.259257,1.595796,NLD,MRT,0251
50210,43,151,672,2000.0,12528.0,0.0,0.43423,2.461961,CHN,MUS,0251
50211,97,151,672,2000.0,7795.0,0.0,0.564112,1.776282,HKG,MUS,0251
50212,136,151,672,2000.0,0.0,43164.0,-1.082986,-0.614482,MDG,MUS,0251
50213,192,151,672,2000.0,1492.0,0.0,1.5432860000000002,0.519856,SGP,MUS,0251
50214,246,151,672,2000.0,5178.0,0.0,0.304739,2.2212709999999998,ZAF,MUS,0251
50215,147,152,672,2000.0,0.0,1767.0,-0.774857,-0.792454,MOZ,MWI,0251
50216,246,152,672,2000.0,127636.0,0.0,0.304739,2.2212709999999998,ZAF,MWI,0251
50217,247,152,672,2000.0,2262.0,0.0,-0.6563060000000001,-0.5822069999999999,ZMB,MWI,0251
50218,248,152,672,2000.0,701189.0,0.0,-0.43871899999999997,0.491989,ZWE,MWI,0251
50219,77,154,672,2000.0,6024.0,0.0,1.644969,0.56481,FRA,MYT,0251
50220,21,157,672,2000.0,2359.0,0.0,-0.0024059999999999997,-0.128391,BFA,NER,0251
50221,44,157,672,2000.0,11644.0,0.0,-0.7955,-0.7019989999999999,CIV,NER,0251
50222,83,157,672,2000.0,8110.0,0.0,-1.092586,-0.8195030000000001,GHA,NER,0251
50223,159,157,672,2000.0,13016.0,0.0,-2.192487,-1.30587,NGA,NER,0251
50224,215,157,672,2000.0,1358.0,0.0,-0.741812,-0.6781550000000001,TGO,NER,0251
50225,61,164,672,2000.0,4163.0,0.0,2.3753580000000003,-2.4481029999999997,DEU,NPL,0251
50226,77,182,672,2000.0,1394.0,0.0,1.644969,0.56481,FRA,PYF,0251
50227,166,182,672,2000.0,6005.0,0.0,0.419671,0.809288,NZL,PYF,0251
50228,231,182,672,2000.0,67428.0,0.0,1.9869709999999998,0.021666,USA,PYF,0251
50229,18,191,672,2000.0,18439.0,0.0,1.382578,1.406981,BEL,SEN,0251
50230,32,191,672,2000.0,217337.0,0.0,0.853466,1.28277,BRA,SEN,0251
50231,44,191,672,2000.0,9022.0,0.0,-0.7955,-0.7019989999999999,CIV,SEN,0251
50232,61,191,672,2000.0,72259.0,0.0,2.3753580000000003,-2.4481029999999997,DEU,SEN,0251
50233,77,191,672,2000.0,390528.0,0.0,1.644969,0.56481,FRA,SEN,0251
50234,141,191,672,2000.0,0.0,2499.0,-0.38716799999999996,-0.511165,MLI,SEN,0251
50235,162,191,672,2000.0,23090.0,0.0,1.259257,1.595796,NLD,SEN,0251
50236,179,191,672,2000.0,58975.0,0.0,0.624078,1.342565,PRT,SEN,0251
50237,246,191,672,2000.0,6351.0,0.0,0.304739,2.2212709999999998,ZAF,SEN,0251
50238,162,211,672,2000.0,153418.0,0.0,1.259257,1.595796,NLD,SYC,0251
50239,157,215,672,2000.0,0.0,1358.0,-0.8181390000000001,-0.527107,NER,TGO,0251
50240,162,215,672,2000.0,145017.0,0.0,1.259257,1.595796,NLD,TGO,0251
50241,58,227,672,2000.0,10264.0,0.0,0.264835,0.268755,CYP,UGA,0251
50242,61,227,672,2000.0,4059.0,0.0,2.3753580000000003,-2.4481029999999997,DEU,UGA,0251
50243,104,227,672,2000.0,9215.0,0.0,0.323006,2.3446860000000003,IND,UGA,0251
50244,246,227,672,2000.0,29208.0,0.0,0.304739,2.2212709999999998,ZAF,UGA,0251
50245,247,227,672,2000.0,4021.0,0.0,-0.6563060000000001,-0.5822069999999999,ZMB,UGA,0251
50246,61,243,672,2000.0,134123.0,0.0,2.3753580000000003,-2.4481029999999997,DEU,YEM,0251
50247,102,243,672,2000.0,363000.0,0.0,1.047497,1.284513,HUN,YEM,0251
50248,104,243,672,2000.0,1333530.0,0.0,0.323006,2.3446860000000003,IND,YEM,0251
50249,113,243,672,2000.0,15522.0,0.0,0.677723,1.497694,JOR,YEM,0251
50250,147,243,672,2000.0,0.0,3681.0,-0.774857,-0.792454,MOZ,YEM,0251
50251,162,243,672,2000.0,1697822.0,0.0,1.259257,1.595796,NLD,YEM,0251
50252,188,243,672,2000.0,38400.0,0.0,0.005864,-0.983202,SAU,YEM,0251
50253,18,2,672,2000.0,64290.0,0.0,1.382578,1.406981,BEL,AGO,0251
50254,32,2,672,2000.0,3053.0,0.0,0.853466,1.28277,BRA,AGO,0251
50255,77,2,672,2000.0,1265.0,0.0,1.644969,0.56481,FRA,AGO,0251
50256,155,2,672,2000.0,185655.0,0.0,-0.42796999999999996,-0.643361,NAM,AGO,0251
50257,162,2,672,2000.0,4790131.0,0.0,1.259257,1.595796,NLD,AGO,0251
50258,179,2,672,2000.0,73562.0,0.0,0.624078,1.342565,PRT,AGO,0251
50259,246,2,672,2000.0,793680.0,0.0,0.304739,2.2212709999999998,ZAF,AGO,0251
50260,248,2,672,2000.0,49945.0,0.0,-0.43871899999999997,0.491989,ZWE,AGO,0251
50261,61,26,672,2000.0,55860.0,0.0,2.3753580000000003,-2.4481029999999997,DEU,BIH,0251
50262,64,26,672,2000.0,822285.0,0.0,1.312843,1.4304370000000002,DNK,BIH,0251
50263,100,26,672,2000.0,35644.0,0.0,0.640015,1.1175899999999999,HRV,BIH,0251
50264,102,26,672,2000.0,576000.0,0.0,1.047497,1.284513,HUN,BIH,0251
50265,162,26,672,2000.0,165892.0,0.0,1.259257,1.595796,NLD,BIH,0251
50266,189,26,672,2000.0,312742.0,0.0,0.484573,2.767036,SCG,BIH,0251
50267,207,26,672,2000.0,416692.0,0.0,1.485695,1.122069,SVN,BIH,0251
50268,14,34,672,2000.0,228686.0,0.0,0.039636000000000005,1.001203,AUS,BRN,0251
50269,43,34,672,2000.0,44674.0,0.0,0.43423,2.461961,CHN,BRN,0251
50270,64,34,672,2000.0,253748.0,0.0,1.312843,1.4304370000000002,DNK,BRN,0251
50271,103,34,672,2000.0,42989.0,0.0,0.05846799999999999,1.577531,IDN,BRN,0251
50272,104,34,672,2000.0,16212.0,0.0,0.323006,2.3446860000000003,IND,BRN,0251
50273,153,34,672,2000.0,81477.0,0.0,0.789007,0.16084600000000002,MYS,BRN,0251
50274,162,34,672,2000.0,651492.0,0.0,1.259257,1.595796,NLD,BRN,0251
50275,192,34,672,2000.0,110532.0,0.0,1.5432860000000002,0.519856,SGP,BRN,0251
50276,216,34,672,2000.0,5357.0,0.0,0.505423,1.358217,THA,BRN,0251
50277,239,34,672,2000.0,18000.0,0.0,-0.589009,0.518708,VNM,BRN,0251
50278,18,46,672,2000.0,41709.0,0.0,1.382578,1.406981,BEL,COD,0251
50279,246,46,672,2000.0,86885.0,0.0,0.304739,2.2212709999999998,ZAF,COD,0251
50280,247,46,672,2000.0,582123.0,0.0,-0.6563060000000001,-0.5822069999999999,ZMB,COD,0251
50281,248,46,672,2000.0,8695.0,0.0,-0.43871899999999997,0.491989,ZWE,COD,0251
50282,44,47,672,2000.0,1700.0,0.0,-0.7955,-0.7019989999999999,CIV,COG,0251
50283,45,47,672,2000.0,53573.0,0.0,-1.6617520000000001,-1.264815,CMR,COG,0251
50284,77,47,672,2000.0,79954.0,0.0,1.644969,0.56481,FRA,COG,0251
50285,111,47,672,2000.0,1029.0,0.0,1.51508,0.818283,ITA,COG,0251
50286,162,47,672,2000.0,1040871.0,0.0,1.259257,1.595796,NLD,COG,0251
50287,246,47,672,2000.0,16387.0,0.0,0.304739,2.2212709999999998,ZAF,COG,0251
50288,64,78,672,2000.0,25785.0,0.0,1.312843,1.4304370000000002,DNK,FRO,0251
50289,109,78,672,2000.0,410353.0,0.0,-0.070436,-0.5575439999999999,ISL,FRO,0251
50290,208,78,672,2000.0,12825.0,0.0,2.087984,0.811167,SWE,FRO,0251
50291,71,89,672,2000.0,52352.0,0.0,1.158711,1.7613189999999999,ESP,GNQ,0251
50292,77,89,672,2000.0,26725.0,0.0,1.644969,0.56481,FRA,GNQ,0251
50293,162,89,672,2000.0,316329.0,0.0,1.259257,1.595796,NLD,GNQ,0251
50294,231,101,672,2000.0,6899.0,0.0,1.9869709999999998,0.021666,USA,HTI,0251
50295,72,125,672,2000.0,3356.0,0.0,0.353545,0.665942,EST,LBR,0251
50296,162,125,672,2000.0,1225008.0,0.0,1.259257,1.595796,NLD,LBR,0251
50297,37,129,672,2000.0,0.0,5232.0,-0.203984,-1.053587,BWA,LSO,0251
50298,246,129,672,2000.0,525823.0,0.0,0.304739,2.2212709999999998,ZAF,LSO,0251
50299,43,143,672,2000.0,4851.0,0.0,0.43423,2.461961,CHN,MMR,0251
50300,192,143,672,2000.0,1239.0,0.0,1.5432860000000002,0.519856,SGP,MMR,0251
50301,216,143,672,2000.0,361028.0,0.0,0.505423,1.358217,THA,MMR,0251
50302,231,143,672,2000.0,10761.0,0.0,1.9869709999999998,0.021666,USA,MMR,0251
50303,239,143,672,2000.0,101000.0,0.0,-0.589009,0.518708,VNM,MMR,0251
50304,77,156,672,2000.0,11017.0,0.0,1.644969,0.56481,FRA,NCL,0251
50305,166,156,672,2000.0,125181.0,0.0,0.419671,0.809288,NZL,NCL,0251
50306,167,199,672,2000.0,1540.0,0.0,-1.291169,-1.3004040000000001,OMN,SOM,0251
50307,28,232,672,2000.0,11612.0,0.0,0.7323649999999999,1.1536170000000001,BLR,UZB,0251
50308,107,232,672,2000.0,111628.0,0.0,-0.8148770000000001,-1.040305,IRN,UZB,0251
50309,186,232,672,2000.0,57044.0,125788.0,0.765547,0.369255,RUS,UZB,0251
50310,71,84,672,2000.0,201283.0,0.0,1.158711,1.7613189999999999,ESP,GIB,0251
50311,75,221,672,2000.0,7017.0,0.0,-0.775963,-0.28976999999999997,FJI,TON,0251
50312,166,221,672,2000.0,8365.0,0.0,0.419671,0.809288,NZL,TON,0251
50313,231,149,672,2000.0,18996.0,0.0,1.9869709999999998,0.021666,USA,MSR,0251
50314,71,5,672,2000.0,415713.0,0.0,1.158711,1.7613189999999999,ESP,AND,0251
50315,77,5,672,2000.0,1938.0,0.0,1.644969,0.56481,FRA,AND,0251
50316,103,30,672,2000.0,7606.0,0.0,0.05846799999999999,1.577531,IDN,BMU,0251
50317,231,30,672,2000.0,538928.0,0.0,1.9869709999999998,0.021666,USA,BMU,0251
50318,45,38,672,2000.0,14152.0,0.0,-1.6617520000000001,-1.264815,CMR,CAF,0251
50319,14,40,672,2000.0,4927.0,0.0,0.039636000000000005,1.001203,AUS,CCK,0251
50320,166,48,672,2000.0,7412.0,0.0,0.419671,0.809288,NZL,COK,0251
50321,14,56,672,2000.0,6688.0,0.0,0.039636000000000005,1.001203,AUS,CXR,0251
50322,77,62,672,2000.0,3235.0,0.0,1.644969,0.56481,FRA,DJI,0251
50323,162,62,672,2000.0,167700.0,0.0,1.259257,1.595796,NLD,DJI,0251
50324,231,79,672,2000.0,24486.0,0.0,1.9869709999999998,0.021666,USA,FSM,0251
50325,174,95,672,2000.0,16006.0,0.0,-0.010024,-0.368702,PHL,GUM,0251
50326,14,119,672,2000.0,4193.0,0.0,0.039636000000000005,1.001203,AUS,KIR,0251
50327,166,119,672,2000.0,1311.0,0.0,0.419671,0.809288,NZL,KIR,0251
50328,231,139,672,2000.0,89918.0,0.0,1.9869709999999998,0.021666,USA,MHL,0251
50329,14,158,672,2000.0,3681.0,0.0,0.039636000000000005,1.001203,AUS,NFK,0251
50330,166,176,672,2000.0,637021.0,0.0,0.419671,0.809288,NZL,PNG,0251
50331,103,181,672,2000.0,0.0,1100.0,0.05846799999999999,1.577531,IDN,PSE,0251
50332,162,181,672,2000.0,19389.0,0.0,1.259257,1.595796,NLD,PSE,0251
50333,246,194,672,2000.0,11859.0,0.0,0.304739,2.2212709999999998,ZAF,SHN,0251
50334,166,195,672,2000.0,61097.0,0.0,0.419671,0.809288,NZL,SLB,0251
50335,107,217,672,2000.0,470556.0,0.0,-0.8148770000000001,-1.040305,IRN,TJK,0251
50336,186,217,672,2000.0,28848.0,0.0,0.765547,0.369255,RUS,TJK,0251
50337,103,220,672,2000.0,98245.0,0.0,0.05846799999999999,1.577531,IDN,TLS,0251
50338,14,225,672,2000.0,15409.0,0.0,0.039636000000000005,1.001203,AUS,TUV,0251
50339,75,225,672,2000.0,15680.0,0.0,-0.775963,-0.28976999999999997,FJI,TUV,0251
50340,166,225,672,2000.0,4128.0,0.0,0.419671,0.809288,NZL,TUV,0251
50341,14,240,672,2000.0,3262.0,0.0,0.039636000000000005,1.001203,AUS,VUT,0251
50342,166,240,672,2000.0,59056.0,0.0,0.419671,0.809288,NZL,VUT,0251
50343,75,241,672,2000.0,4055.0,0.0,-0.775963,-0.28976999999999997,FJI,WLF,0251
50344,166,241,672,2000.0,23423.0,0.0,0.419671,0.809288,NZL,WLF,0251
50345,75,242,672,2000.0,49906.0,0.0,-0.775963,-0.28976999999999997,FJI,WSM,0251
50346,166,242,672,2000.0,2368.0,0.0,0.419671,0.809288,NZL,WSM,0251
50347,231,242,672,2000.0,190403.0,0.0,1.9869709999999998,0.021666,USA,WSM,0251
50348,18,51,672,2000.0,6463.0,0.0,1.382578,1.406981,BEL,CPV,0251
50349,179,51,672,2000.0,233010.0,0.0,0.624078,1.342565,PRT,CPV,0251
50350,246,51,672,2000.0,10110.0,0.0,0.304739,2.2212709999999998,ZAF,CPV,0251
50351,250,51,672,2000.0,0.0,5198.0,1.094325,-0.32521100000000003,ANS,CPV,0251
50352,90,171,672,2000.0,2856.0,0.0,0.26193,1.607656,GRC,PCN,0251
50353,18,196,672,2000.0,11678.0,0.0,1.382578,1.406981,BEL,SLE,0251
50354,162,196,672,2000.0,1394688.0,0.0,1.259257,1.595796,NLD,SLE,0251
50355,231,213,672,2000.0,131462.0,0.0,1.9869709999999998,0.021666,USA,TCA,0251
50356,162,57,672,2000.0,14730.0,0.0,1.259257,1.595796,NLD,CYM,0251
50357,231,57,672,2000.0,8613.0,0.0,1.9869709999999998,0.021666,USA,CYM,0251
50358,71,88,672,2000.0,9837.0,0.0,1.158711,1.7613189999999999,ESP,GNB,0251
50359,179,88,672,2000.0,454722.0,0.0,0.624078,1.342565,PRT,GNB,0251
50360,39,92,672,2000.0,2570.0,0.0,1.069101,1.284017,CAN,GRL,0251
50361,64,92,672,2000.0,1565160.0,0.0,1.312843,1.4304370000000002,DNK,GRL,0251
50362,109,92,672,2000.0,6420.0,0.0,-0.070436,-0.5575439999999999,ISL,GRL,0251
50363,166,161,672,2000.0,1111.0,0.0,0.419671,0.809288,NZL,NIU,0251
50364,3,6,675,2000.0,0.0,1672.0,1.626272,0.420422,AIA,ANT,0342
50365,13,6,675,2000.0,0.0,13780.0,0.146899,-0.622011,ATG,ANT,0342
50366,44,6,675,2000.0,0.0,1588225.0,-0.7955,-0.7019989999999999,CIV,ANT,0342
50367,49,6,675,2000.0,40937.0,0.0,0.12351400000000001,0.255517,COL,ANT,0342
50368,52,6,675,2000.0,17508.0,0.0,-0.136989,-0.190298,CRI,ANT,0342
50369,71,6,675,2000.0,0.0,9954958.0,1.158711,1.7613189999999999,ESP,ANT,0342
50370,77,6,675,2000.0,0.0,96808.0,1.644969,0.56481,FRA,ANT,0342
50371,96,6,675,2000.0,135808.0,0.0,-0.7425069999999999,-0.892847,GUY,ANT,0342
50372,104,6,675,2000.0,35206.0,0.0,0.323006,2.3446860000000003,IND,ANT,0342
50373,111,6,675,2000.0,0.0,525909.0,1.51508,0.818283,ITA,ANT,0342
50374,112,6,675,2000.0,0.0,278972.0,-0.724729,-0.91094,JAM,ANT,0342
50375,114,6,675,2000.0,1683109.0,0.0,2.8218240000000003,0.255803,JPN,ANT,0342
50376,120,6,675,2000.0,0.0,246660.0,0.774566,-0.46352299999999996,KNA,ANT,0342
50377,159,6,675,2000.0,0.0,5540288.0,-2.192487,-1.30587,NGA,ANT,0342
50378,162,6,675,2000.0,191713.0,0.0,1.259257,1.595796,NLD,ANT,0342
50379,173,6,675,2000.0,83076.0,0.0,-0.390278,-0.018691,PER,ANT,0342
50380,179,6,675,2000.0,0.0,704024.0,0.624078,1.342565,PRT,ANT,0342
50381,192,6,675,2000.0,223386.0,0.0,1.5432860000000002,0.519856,SGP,ANT,0342
50382,231,6,675,2000.0,185787.0,14522403.0,1.9869709999999998,0.021666,USA,ANT,0342
50383,246,6,675,2000.0,11642.0,0.0,0.304739,2.2212709999999998,ZAF,ANT,0342
50384,249,6,675,2000.0,274156.0,0.0,1.642139,1.2375639999999999,TWN,ANT,0342
50385,6,13,675,2000.0,13780.0,0.0,0.25759099999999996,-0.555668,ANT,ATG,0342
50386,39,13,675,2000.0,0.0,3892.0,1.069101,1.284017,CAN,ATG,0342
50387,61,13,675,2000.0,1924.0,0.0,2.3753580000000003,-2.4481029999999997,DEU,ATG,0342
50388,71,13,675,2000.0,0.0,110831.0,1.158711,1.7613189999999999,ESP,ATG,0342
50389,81,13,675,2000.0,3074.0,0.0,2.099928,0.564025,GBR,ATG,0342
50390,83,13,675,2000.0,0.0,306456.0,-1.092586,-0.8195030000000001,GHA,ATG,0342
50391,90,13,675,2000.0,0.0,50969.0,0.26193,1.607656,GRC,ATG,0342
50392,96,13,675,2000.0,181049.0,0.0,-0.7425069999999999,-0.892847,GUY,ATG,0342
50393,102,13,675,2000.0,0.0,15705.0,1.047497,1.284513,HUN,ATG,0342
50394,222,13,675,2000.0,125114.0,0.0,0.011104000000000001,-0.831385,TTO,ATG,0342
50395,231,13,675,2000.0,75630.0,0.0,1.9869709999999998,0.021666,USA,ATG,0342
50396,234,13,675,2000.0,1186.0,0.0,0.216315,-0.206287,VCT,ATG,0342
50397,18,15,675,2000.0,68158.0,0.0,1.382578,1.406981,BEL,AUT,0342
50398,22,15,675,2000.0,23554.0,0.0,-0.8757879999999999,-0.95126,BGD,AUT,0342
50399,39,15,675,2000.0,42505.0,0.0,1.069101,1.284017,CAN,AUT,0342
50400,41,15,675,2000.0,2107.0,1974.0,2.268929,0.538191,CHE,AUT,0342
50401,42,15,675,2000.0,1163.0,0.0,-0.011509,0.0031190000000000002,CHL,AUT,0342
50402,43,15,675,2000.0,1196.0,0.0,0.43423,2.461961,CHN,AUT,0342
50403,49,15,675,2000.0,8092.0,0.0,0.12351400000000001,0.255517,COL,AUT,0342
50404,61,15,675,2000.0,3656252.0,326351.0,2.3753580000000003,-2.4481029999999997,DEU,AUT,0342
50405,64,15,675,2000.0,547668.0,6330.0,1.312843,1.4304370000000002,DNK,AUT,0342
50406,71,15,675,2000.0,79234.0,0.0,1.158711,1.7613189999999999,ESP,AUT,0342
50407,72,15,675,2000.0,5017.0,0.0,0.353545,0.665942,EST,AUT,0342
50408,77,15,675,2000.0,72235.0,0.0,1.644969,0.56481,FRA,AUT,0342
50409,78,15,675,2000.0,83818.0,0.0,-0.25500700000000004,-0.823207,FRO,AUT,0342
50410,81,15,675,2000.0,21629.0,0.0,2.099928,0.564025,GBR,AUT,0342
50411,90,15,675,2000.0,23207.0,0.0,0.26193,1.607656,GRC,AUT,0342
50412,103,15,675,2000.0,18508.0,0.0,0.05846799999999999,1.577531,IDN,AUT,0342
50413,104,15,675,2000.0,36008.0,0.0,0.323006,2.3446860000000003,IND,AUT,0342
50414,106,15,675,2000.0,87405.0,0.0,1.647548,0.34018899999999996,IRL,AUT,0342
50415,109,15,675,2000.0,25702.0,0.0,-0.070436,-0.5575439999999999,ISL,AUT,0342
50416,111,15,675,2000.0,259477.0,82578.0,1.51508,0.818283,ITA,AUT,0342
50417,121,15,675,2000.0,1984.0,0.0,1.248356,1.000666,KOR,AUT,0342
50418,130,15,675,2000.0,1917.0,0.0,0.22767199999999999,0.794208,LTU,AUT,0342
50419,162,15,675,2000.0,1316892.0,0.0,1.259257,1.595796,NLD,AUT,0342
50420,163,15,675,2000.0,19178.0,0.0,0.6499050000000001,-0.177091,NOR,AUT,0342
50421,177,15,675,2000.0,12409.0,0.0,0.9513659999999999,1.8445669999999998,POL,AUT,0342
50422,185,15,675,2000.0,0.0,10216.0,0.55594,1.054573,ROU,AUT,0342
50423,186,15,675,2000.0,30391.0,11258.0,0.765547,0.369255,RUS,AUT,0342
50424,189,15,675,2000.0,0.0,10667.0,0.484573,2.767036,SCG,AUT,0342
50425,207,15,675,2000.0,0.0,5448.0,1.485695,1.122069,SVN,AUT,0342
50426,208,15,675,2000.0,10707.0,0.0,2.087984,0.811167,SWE,AUT,0342
50427,216,15,675,2000.0,9502.0,0.0,0.505423,1.358217,THA,AUT,0342
50428,224,15,675,2000.0,82746.0,0.0,0.127924,2.039773,TUR,AUT,0342
50429,249,15,675,2000.0,15550.0,0.0,1.642139,1.2375639999999999,TWN,AUT,0342
50430,7,18,675,2000.0,0.0,15809.0,-0.421385,-0.675566,ARE,BEL,0342
50431,8,18,675,2000.0,345765.0,10800.0,0.140533,0.888049,ARG,BEL,0342
50432,14,18,675,2000.0,0.0,2871.0,0.039636000000000005,1.001203,AUS,BEL,0342
50433,15,18,675,2000.0,0.0,68158.0,1.823798,0.465513,AUT,BEL,0342
50434,17,18,675,2000.0,0.0,1360.0,-1.104559,-0.979765,BDI,BEL,0342
50435,19,18,675,2000.0,77494.0,0.0,-0.8717870000000001,-0.788797,BEN,BEL,0342
50436,22,18,675,2000.0,74618.0,0.0,-0.8757879999999999,-0.95126,BGD,BEL,0342
50437,23,18,675,2000.0,0.0,51463.0,0.47338800000000003,1.7633599999999998,BGR,BEL,0342
50438,39,18,675,2000.0,534472.0,153364.0,1.069101,1.284017,CAN,BEL,0342
50439,41,18,675,2000.0,0.0,27934.0,2.268929,0.538191,CHE,BEL,0342
50440,42,18,675,2000.0,216029.0,0.0,-0.011509,0.0031190000000000002,CHL,BEL,0342
50441,43,18,675,2000.0,1132355.0,0.0,0.43423,2.461961,CHN,BEL,0342
50442,45,18,675,2000.0,0.0,616228.0,-1.6617520000000001,-1.264815,CMR,BEL,0342
50443,46,18,675,2000.0,0.0,11113.0,-0.814385,-1.049396,COD,BEL,0342
50444,58,18,675,2000.0,0.0,142029.0,0.264835,0.268755,CYP,BEL,0342
50445,59,18,675,2000.0,0.0,69355.0,1.526256,0.9255639999999999,CZE,BEL,0342
50446,61,18,675,2000.0,818780.0,1310154.0,2.3753580000000003,-2.4481029999999997,DEU,BEL,0342
50447,64,18,675,2000.0,2145114.0,306182.0,1.312843,1.4304370000000002,DNK,BEL,0342
50448,65,18,675,2000.0,0.0,20081.0,-0.5679569999999999,-0.61125,DOM,BEL,0342
50449,68,18,675,2000.0,0.0,5351.0,-0.365578,0.01634,EGY,BEL,0342
50450,71,18,675,2000.0,309077.0,901769.0,1.158711,1.7613189999999999,ESP,BEL,0342
50451,72,18,675,2000.0,0.0,48937.0,0.353545,0.665942,EST,BEL,0342
50452,74,18,675,2000.0,0.0,3579.0,1.9705560000000002,0.874341,FIN,BEL,0342
50453,77,18,675,2000.0,1200550.0,8593148.0,1.644969,0.56481,FRA,BEL,0342
50454,78,18,675,2000.0,59153.0,0.0,-0.25500700000000004,-0.823207,FRO,BEL,0342
50455,81,18,675,2000.0,383369.0,175862.0,2.099928,0.564025,GBR,BEL,0342
50456,82,18,675,2000.0,0.0,44350.0,0.335756,0.217348,GEO,BEL,0342
50457,85,18,675,2000.0,0.0,1033.0,-1.632607,-1.261362,GIN,BEL,0342
50458,87,18,675,2000.0,684889.0,20994.0,-0.33173400000000003,-0.43841499999999994,GMB,BEL,0342
50459,90,18,675,2000.0,18327.0,276504.0,0.26193,1.607656,GRC,BEL,0342
50460,97,18,675,2000.0,0.0,45944.0,0.564112,1.776282,HKG,BEL,0342
50461,100,18,675,2000.0,0.0,31212.0,0.640015,1.1175899999999999,HRV,BEL,0342
50462,102,18,675,2000.0,0.0,27219.0,1.047497,1.284513,HUN,BEL,0342
50463,103,18,675,2000.0,558039.0,0.0,0.05846799999999999,1.577531,IDN,BEL,0342
50464,104,18,675,2000.0,1760309.0,0.0,0.323006,2.3446860000000003,IND,BEL,0342
50465,106,18,675,2000.0,897819.0,103096.0,1.647548,0.34018899999999996,IRL,BEL,0342
50466,107,18,675,2000.0,3297.0,0.0,-0.8148770000000001,-1.040305,IRN,BEL,0342
50467,109,18,675,2000.0,193862.0,0.0,-0.070436,-0.5575439999999999,ISL,BEL,0342
50468,110,18,675,2000.0,0.0,42676.0,1.4153870000000002,0.828117,ISR,BEL,0342
50469,111,18,675,2000.0,502354.0,2983356.0,1.51508,0.818283,ITA,BEL,0342
50470,113,18,675,2000.0,0.0,9483.0,0.677723,1.497694,JOR,BEL,0342
50471,114,18,675,2000.0,0.0,139540.0,2.8218240000000003,0.255803,JPN,BEL,0342
50472,116,18,675,2000.0,14522.0,0.0,-0.554244,-0.1757,KEN,BEL,0342
50473,128,18,675,2000.0,26231.0,0.0,-0.497407,0.004686999999999999,LKA,BEL,0342
50474,131,18,675,2000.0,65562.0,281493.0,1.203242,1.0729790000000001,LUX,BEL,0342
50475,134,18,675,2000.0,7530.0,0.0,-0.5460510000000001,-0.33865100000000004,MAR,BEL,0342
50476,135,18,675,2000.0,0.0,2650.0,0.039072,0.103148,MDA,BEL,0342
50477,136,18,675,2000.0,26439.0,0.0,-1.082986,-0.614482,MDG,BEL,0342
50478,142,18,675,2000.0,0.0,65687.0,0.8771450000000001,-0.013614,MLT,BEL,0342
50479,153,18,675,2000.0,0.0,30521.0,0.789007,0.16084600000000002,MYS,BEL,0342
50480,155,18,675,2000.0,566314.0,0.0,-0.42796999999999996,-0.643361,NAM,BEL,0342
50481,159,18,675,2000.0,0.0,5610942.0,-2.192487,-1.30587,NGA,BEL,0342
50482,162,18,675,2000.0,4291224.0,1777399.0,1.259257,1.595796,NLD,BEL,0342
50483,163,18,675,2000.0,1097728.0,34259.0,0.6499050000000001,-0.177091,NOR,BEL,0342
50484,166,18,675,2000.0,1471226.0,0.0,0.419671,0.809288,NZL,BEL,0342
50485,167,18,675,2000.0,18785.0,0.0,-1.291169,-1.3004040000000001,OMN,BEL,0342
50486,173,18,675,2000.0,343683.0,0.0,-0.390278,-0.018691,PER,BEL,0342
50487,177,18,675,2000.0,7098.0,17976.0,0.9513659999999999,1.8445669999999998,POL,BEL,0342
50488,179,18,675,2000.0,173791.0,111038.0,0.624078,1.342565,PRT,BEL,0342
50489,186,18,675,2000.0,187167.0,65819.0,0.765547,0.369255,RUS,BEL,0342
50490,188,18,675,2000.0,0.0,2167.0,0.005864,-0.983202,SAU,BEL,0342
50491,191,18,675,2000.0,245227.0,0.0,-0.449184,-0.375335,SEN,BEL,0342
50492,192,18,675,2000.0,111880.0,79181.0,1.5432860000000002,0.519856,SGP,BEL,0342
50493,205,18,675,2000.0,33914.0,0.0,-0.7238720000000001,-0.807254,SUR,BEL,0342
50494,206,18,675,2000.0,0.0,1387.0,1.3226360000000001,1.1967809999999999,SVK,BEL,0342
50495,208,18,675,2000.0,161572.0,6146.0,2.087984,0.811167,SWE,BEL,0342
50496,215,18,675,2000.0,8008.0,486463.0,-0.741812,-0.6781550000000001,TGO,BEL,0342
50497,216,18,675,2000.0,528649.0,6675.0,0.505423,1.358217,THA,BEL,0342
50498,222,18,675,2000.0,0.0,1826.0,0.011104000000000001,-0.831385,TTO,BEL,0342
50499,224,18,675,2000.0,56212.0,0.0,0.127924,2.039773,TUR,BEL,0342
50500,226,18,675,2000.0,387020.0,0.0,-1.14198,-0.368647,TZA,BEL,0342
50501,227,18,675,2000.0,23037.0,0.0,-1.275188,-0.9400639999999999,UGA,BEL,0342
50502,230,18,675,2000.0,254953.0,0.0,0.18688,0.575136,URY,BEL,0342
50503,231,18,675,2000.0,7304872.0,589113.0,1.9869709999999998,0.021666,USA,BEL,0342
50504,239,18,675,2000.0,1148164.0,0.0,-0.589009,0.518708,VNM,BEL,0342
50505,243,18,675,2000.0,0.0,1685.0,-1.6733,-1.292217,YEM,BEL,0342
50506,246,18,675,2000.0,363184.0,0.0,0.304739,2.2212709999999998,ZAF,BEL,0342
50507,248,18,675,2000.0,15494.0,0.0,-0.43871899999999997,0.491989,ZWE,BEL,0342
50508,249,18,675,2000.0,367717.0,1268.0,1.642139,1.2375639999999999,TWN,BEL,0342
50509,8,23,675,2000.0,315148.0,0.0,0.140533,0.888049,ARG,BGR,0342
50510,18,23,675,2000.0,51463.0,0.0,1.382578,1.406981,BEL,BGR,0342
50511,26,23,675,2000.0,0.0,24221.0,0.167776,0.32192,BIH,BGR,0342
50512,43,23,675,2000.0,22045.0,0.0,0.43423,2.461961,CHN,BGR,0342
50513,58,23,675,2000.0,3623.0,0.0,0.264835,0.268755,CYP,BGR,0342
50514,59,23,675,2000.0,0.0,80823.0,1.526256,0.9255639999999999,CZE,BGR,0342
50515,61,23,675,2000.0,61136.0,0.0,2.3753580000000003,-2.4481029999999997,DEU,BGR,0342
50516,64,23,675,2000.0,97713.0,0.0,1.312843,1.4304370000000002,DNK,BGR,0342
50517,71,23,675,2000.0,131648.0,0.0,1.158711,1.7613189999999999,ESP,BGR,0342
50518,72,23,675,2000.0,7698.0,0.0,0.353545,0.665942,EST,BGR,0342
50519,81,23,675,2000.0,1533283.0,0.0,2.099928,0.564025,GBR,BGR,0342
50520,82,23,675,2000.0,0.0,376778.0,0.335756,0.217348,GEO,BGR,0342
50521,90,23,675,2000.0,141947.0,0.0,0.26193,1.607656,GRC,BGR,0342
50522,103,23,675,2000.0,81118.0,0.0,0.05846799999999999,1.577531,IDN,BGR,0342
50523,106,23,675,2000.0,2047576.0,0.0,1.647548,0.34018899999999996,IRL,BGR,0342
50524,113,23,675,2000.0,20439.0,0.0,0.677723,1.497694,JOR,BGR,0342
50525,114,23,675,2000.0,18636.0,0.0,2.8218240000000003,0.255803,JPN,BGR,0342
50526,121,23,675,2000.0,34766.0,0.0,1.248356,1.000666,KOR,BGR,0342
50527,130,23,675,2000.0,192266.0,94668.0,0.22767199999999999,0.794208,LTU,BGR,0342
50528,134,23,675,2000.0,10237.0,0.0,-0.5460510000000001,-0.33865100000000004,MAR,BGR,0342
50529,135,23,675,2000.0,0.0,10372.0,0.039072,0.103148,MDA,BGR,0342
50530,140,23,675,2000.0,5935.0,5079.0,0.159675,0.429424,MKD,BGR,0342
50531,142,23,675,2000.0,0.0,2697.0,0.8771450000000001,-0.013614,MLT,BGR,0342
50532,148,23,675,2000.0,741763.0,0.0,-1.444615,-1.29284,MRT,BGR,0342
50533,153,23,675,2000.0,14663.0,0.0,0.789007,0.16084600000000002,MYS,BGR,0342
50534,159,23,675,2000.0,0.0,411333.0,-2.192487,-1.30587,NGA,BGR,0342
50535,162,23,675,2000.0,85481.0,0.0,1.259257,1.595796,NLD,BGR,0342
50536,163,23,675,2000.0,1515015.0,0.0,0.6499050000000001,-0.177091,NOR,BGR,0342
50537,166,23,675,2000.0,446429.0,0.0,0.419671,0.809288,NZL,BGR,0342
50538,173,23,675,2000.0,40957.0,0.0,-0.390278,-0.018691,PER,BGR,0342
50539,177,23,675,2000.0,20323.0,49729.0,0.9513659999999999,1.8445669999999998,POL,BGR,0342
50540,178,23,675,2000.0,7355.0,0.0,0.795818,1.089874,PRK,BGR,0342
50541,185,23,675,2000.0,8201.0,179449.0,0.55594,1.054573,ROU,BGR,0342
50542,186,23,675,2000.0,234239.0,10681.0,0.765547,0.369255,RUS,BGR,0342
50543,189,23,675,2000.0,0.0,47092.0,0.484573,2.767036,SCG,BGR,0342
50544,208,23,675,2000.0,364102.0,0.0,2.087984,0.811167,SWE,BGR,0342
50545,216,23,675,2000.0,8146.0,0.0,0.505423,1.358217,THA,BGR,0342
50546,228,23,675,2000.0,0.0,4173.0,0.622654,1.191971,UKR,BGR,0342
50547,250,23,675,2000.0,14723.0,6618.0,1.094325,-0.32521100000000003,ANS,BGR,0342
50548,90,25,675,2000.0,51454.0,0.0,0.26193,1.607656,GRC,BHS,0342
50549,104,25,675,2000.0,37808.0,0.0,0.323006,2.3446860000000003,IND,BHS,0342
50550,106,25,675,2000.0,252325.0,0.0,1.647548,0.34018899999999996,IRL,BHS,0342
50551,114,25,675,2000.0,1426148.0,0.0,2.8218240000000003,0.255803,JPN,BHS,0342
50552,231,25,675,2000.0,478016.0,3622.0,1.9869709999999998,0.021666,USA,BHS,0342
50553,2,32,675,2000.0,0.0,62512.0,-1.9108209999999999,-1.2573379999999998,AGO,BRA,0342
50554,8,32,675,2000.0,11417065.0,1315063.0,0.140533,0.888049,ARG,BRA,0342
50555,29,32,675,2000.0,144669.0,0.0,-0.762942,-0.794567,BLZ,BRA,0342
50556,31,32,675,2000.0,2274.0,0.0,-0.400861,-0.41780900000000004,BOL,BRA,0342
50557,33,32,675,2000.0,0.0,7183.0,0.610079,0.267843,BRB,BRA,0342
50558,39,32,675,2000.0,21717.0,118590.0,1.069101,1.284017,CAN,BRA,0342
50559,42,32,675,2000.0,2545832.0,0.0,-0.011509,0.0031190000000000002,CHL,BRA,0342
50560,43,32,675,2000.0,16128.0,2267114.0,0.43423,2.461961,CHN,BRA,0342
50561,52,32,675,2000.0,32185.0,0.0,-0.136989,-0.190298,CRI,BRA,0342
50562,61,32,675,2000.0,0.0,12762.0,2.3753580000000003,-2.4481029999999997,DEU,BRA,0342
50563,64,32,675,2000.0,11243.0,0.0,1.312843,1.4304370000000002,DNK,BRA,0342
50564,65,32,675,2000.0,0.0,86815.0,-0.5679569999999999,-0.61125,DOM,BRA,0342
50565,67,32,675,2000.0,834951.0,0.0,-1.016643,-0.8385469999999999,ECU,BRA,0342
50566,71,32,675,2000.0,1650438.0,10173937.0,1.158711,1.7613189999999999,ESP,BRA,0342
50567,77,32,675,2000.0,1835.0,537704.0,1.644969,0.56481,FRA,BRA,0342
50568,99,32,675,2000.0,90114.0,0.0,-0.756031,-0.58392,HND,BRA,0342
50569,109,32,675,2000.0,62011.0,0.0,-0.070436,-0.5575439999999999,ISL,BRA,0342
50570,110,32,675,2000.0,0.0,160754.0,1.4153870000000002,0.828117,ISR,BRA,0342
50571,111,32,675,2000.0,5937.0,1177195.0,1.51508,0.818283,ITA,BRA,0342
50572,114,32,675,2000.0,12359.0,3585221.0,2.8218240000000003,0.255803,JPN,BRA,0342
50573,121,32,675,2000.0,384871.0,4115314.0,1.248356,1.000666,KOR,BRA,0342
50574,124,32,675,2000.0,0.0,21574.0,0.139623,1.095387,LBN,BRA,0342
50575,148,32,675,2000.0,3638908.0,0.0,-1.444615,-1.29284,MRT,BRA,0342
50576,153,32,675,2000.0,0.0,89218.0,0.789007,0.16084600000000002,MYS,BRA,0342
50577,159,32,675,2000.0,0.0,586108.0,-2.192487,-1.30587,NGA,BRA,0342
50578,162,32,675,2000.0,0.0,86795.0,1.259257,1.595796,NLD,BRA,0342
50579,163,32,675,2000.0,113565.0,0.0,0.6499050000000001,-0.177091,NOR,BRA,0342
50580,169,32,675,2000.0,180622.0,256624.0,0.107412,0.41455600000000004,PAN,BRA,0342
50581,173,32,675,2000.0,167057.0,0.0,-0.390278,-0.018691,PER,BRA,0342
50582,178,32,675,2000.0,0.0,1169145.0,0.795818,1.089874,PRK,BRA,0342
50583,179,32,675,2000.0,327815.0,873241.0,0.624078,1.342565,PRT,BRA,0342
50584,180,32,675,2000.0,38908.0,19023.0,-0.82839,-0.8787010000000001,PRY,BRA,0342
50585,186,32,675,2000.0,10597440.0,0.0,0.765547,0.369255,RUS,BRA,0342
50586,192,32,675,2000.0,0.0,140156.0,1.5432860000000002,0.519856,SGP,BRA,0342
50587,207,32,675,2000.0,0.0,23753.0,1.485695,1.122069,SVN,BRA,0342
50588,216,32,675,2000.0,246407.0,0.0,0.505423,1.358217,THA,BRA,0342
50589,222,32,675,2000.0,0.0,3058913.0,0.011104000000000001,-0.831385,TTO,BRA,0342
50590,223,32,675,2000.0,0.0,1464293.0,-0.061203999999999995,0.149345,TUN,BRA,0342
50591,230,32,675,2000.0,4897404.0,6150.0,0.18688,0.575136,URY,BRA,0342
50592,231,32,675,2000.0,1925451.0,3261676.0,1.9869709999999998,0.021666,USA,BRA,0342
50593,236,32,675,2000.0,6426042.0,111260.0,-0.12500999999999998,-0.8610610000000001,VEN,BRA,0342
50594,246,32,675,2000.0,33443.0,0.0,0.304739,2.2212709999999998,ZAF,BRA,0342
50595,249,32,675,2000.0,143040.0,794971.0,1.642139,1.2375639999999999,TWN,BRA,0342
50596,32,33,675,2000.0,7183.0,0.0,0.853466,1.28277,BRA,BRB,0342
50597,42,33,675,2000.0,1400.0,0.0,-0.011509,0.0031190000000000002,CHL,BRB,0342
50598,81,33,675,2000.0,16466.0,0.0,2.099928,0.564025,GBR,BRB,0342
50599,91,33,675,2000.0,15525.0,0.0,0.581976,-0.196366,GRD,BRB,0342
50600,96,33,675,2000.0,459558.0,0.0,-0.7425069999999999,-0.892847,GUY,BRB,0342
50601,114,33,675,2000.0,248290.0,0.0,2.8218240000000003,0.255803,JPN,BRB,0342
50602,127,33,675,2000.0,0.0,1613.0,-0.0033490000000000004,-0.6011340000000001,LCA,BRB,0342
50603,162,33,675,2000.0,9590.0,0.0,1.259257,1.595796,NLD,BRB,0342
50604,163,33,675,2000.0,1708.0,0.0,0.6499050000000001,-0.177091,NOR,BRB,0342
50605,222,33,675,2000.0,1245184.0,0.0,0.011104000000000001,-0.831385,TTO,BRB,0342
50606,231,33,675,2000.0,244848.0,353908.0,1.9869709999999998,0.021666,USA,BRB,0342
50607,234,33,675,2000.0,31576.0,0.0,0.216315,-0.206287,VCT,BRB,0342
50608,249,33,675,2000.0,16702.0,0.0,1.642139,1.2375639999999999,TWN,BRB,0342
50609,3,39,675,2000.0,0.0,2429.0,1.626272,0.420422,AIA,CAN,0342
50610,8,39,675,2000.0,970871.0,0.0,0.140533,0.888049,ARG,CAN,0342
50611,13,39,675,2000.0,3892.0,0.0,0.146899,-0.622011,ATG,CAN,0342
50612,14,39,675,2000.0,194318.0,49551.0,0.039636000000000005,1.001203,AUS,CAN,0342
50613,15,39,675,2000.0,0.0,42505.0,1.823798,0.465513,AUT,CAN,0342
50614,18,39,675,2000.0,153364.0,534472.0,1.382578,1.406981,BEL,CAN,0342
50615,22,39,675,2000.0,390167.0,0.0,-0.8757879999999999,-0.95126,BGD,CAN,0342
50616,28,39,675,2000.0,0.0,97216.0,0.7323649999999999,1.1536170000000001,BLR,CAN,0342
50617,32,39,675,2000.0,118590.0,21717.0,0.853466,1.28277,BRA,CAN,0342
50618,41,39,675,2000.0,45400.0,496651.0,2.268929,0.538191,CHE,CAN,0342
50619,42,39,675,2000.0,3169073.0,0.0,-0.011509,0.0031190000000000002,CHL,CAN,0342
50620,43,39,675,2000.0,5154845.0,2667900.0,0.43423,2.461961,CHN,CAN,0342
50621,52,39,675,2000.0,6348.0,0.0,-0.136989,-0.190298,CRI,CAN,0342
50622,54,39,675,2000.0,6472.0,61234.0,-0.800886,-1.133715,CUB,CAN,0342
50623,58,39,675,2000.0,9183.0,1224.0,0.264835,0.268755,CYP,CAN,0342
50624,59,39,675,2000.0,0.0,27500.0,1.526256,0.9255639999999999,CZE,CAN,0342
50625,61,39,675,2000.0,206308.0,5908411.0,2.3753580000000003,-2.4481029999999997,DEU,CAN,0342
50626,64,39,675,2000.0,2328114.0,680381.0,1.312843,1.4304370000000002,DNK,CAN,0342
50627,67,39,675,2000.0,69121.0,6870.0,-1.016643,-0.8385469999999999,ECU,CAN,0342
50628,71,39,675,2000.0,753350.0,804641.0,1.158711,1.7613189999999999,ESP,CAN,0342
50629,72,39,675,2000.0,224047.0,0.0,0.353545,0.665942,EST,CAN,0342
50630,74,39,675,2000.0,0.0,3652230.0,1.9705560000000002,0.874341,FIN,CAN,0342
50631,75,39,675,2000.0,30360.0,21903.0,-0.775963,-0.28976999999999997,FJI,CAN,0342
50632,77,39,675,2000.0,298857.0,4067096.0,1.644969,0.56481,FRA,CAN,0342
50633,78,39,675,2000.0,298579.0,0.0,-0.25500700000000004,-0.823207,FRO,CAN,0342
50634,81,39,675,2000.0,1164128.0,1325400.0,2.099928,0.564025,GBR,CAN,0342
50635,83,39,675,2000.0,9815.0,0.0,-1.092586,-0.8195030000000001,GHA,CAN,0342
50636,87,39,675,2000.0,2814.0,0.0,-0.33173400000000003,-0.43841499999999994,GMB,CAN,0342
50637,90,39,675,2000.0,8553.0,292182.0,0.26193,1.607656,GRC,CAN,0342
50638,92,39,675,2000.0,1178015.0,0.0,-0.365398,-0.849985,GRL,CAN,0342
50639,96,39,675,2000.0,428664.0,0.0,-0.7425069999999999,-0.892847,GUY,CAN,0342
50640,97,39,675,2000.0,406744.0,3059988.0,0.564112,1.776282,HKG,CAN,0342
50641,99,39,675,2000.0,14122.0,0.0,-0.756031,-0.58392,HND,CAN,0342
50642,100,39,675,2000.0,0.0,10480.0,0.640015,1.1175899999999999,HRV,CAN,0342
50643,101,39,675,2000.0,0.0,20936.0,-0.946832,-0.818751,HTI,CAN,0342
50644,103,39,675,2000.0,234707.0,77799.0,0.05846799999999999,1.577531,IDN,CAN,0342
50645,104,39,675,2000.0,2525727.0,18200.0,0.323006,2.3446860000000003,IND,CAN,0342
50646,106,39,675,2000.0,0.0,87467.0,1.647548,0.34018899999999996,IRL,CAN,0342
50647,107,39,675,2000.0,1301.0,0.0,-0.8148770000000001,-1.040305,IRN,CAN,0342
50648,109,39,675,2000.0,2897172.0,67458.0,-0.070436,-0.5575439999999999,ISL,CAN,0342
50649,110,39,675,2000.0,0.0,139781.0,1.4153870000000002,0.828117,ISR,CAN,0342
50650,111,39,675,2000.0,81019.0,1054913.0,1.51508,0.818283,ITA,CAN,0342
50651,112,39,675,2000.0,49952.0,106961.0,-0.724729,-0.91094,JAM,CAN,0342
50652,114,39,675,2000.0,6227273.0,67521880.0,2.8218240000000003,0.255803,JPN,CAN,0342
50653,115,39,675,2000.0,0.0,111534.0,-0.16554100000000002,-0.70523,KAZ,CAN,0342
50654,116,39,675,2000.0,7461.0,0.0,-0.554244,-0.1757,KEN,CAN,0342
50655,120,39,675,2000.0,0.0,4660.0,0.774566,-0.46352299999999996,KNA,CAN,0342
50656,121,39,675,2000.0,1212800.0,3519980.0,1.248356,1.000666,KOR,CAN,0342
50657,128,39,675,2000.0,2743.0,0.0,-0.497407,0.004686999999999999,LKA,CAN,0342
50658,130,39,675,2000.0,30806.0,408446.0,0.22767199999999999,0.794208,LTU,CAN,0342
50659,132,39,675,2000.0,74586.0,0.0,0.27229699999999996,0.402929,LVA,CAN,0342
50660,134,39,675,2000.0,347588.0,49297.0,-0.5460510000000001,-0.33865100000000004,MAR,CAN,0342
50661,138,39,675,2000.0,15635.0,123863.0,0.9020379999999999,0.671139,MEX,CAN,0342
50662,142,39,675,2000.0,0.0,1605.0,0.8771450000000001,-0.013614,MLT,CAN,0342
50663,143,39,675,2000.0,98493.0,0.0,-1.260786,-0.9277549999999999,MMR,CAN,0342
50664,151,39,675,2000.0,141037.0,0.0,-0.472778,-0.6301760000000001,MUS,CAN,0342
50665,153,39,675,2000.0,80337.0,204849.0,0.789007,0.16084600000000002,MYS,CAN,0342
50666,160,39,675,2000.0,25720.0,0.0,-0.753571,-0.620488,NIC,CAN,0342
50667,162,39,675,2000.0,1374890.0,625601.0,1.259257,1.595796,NLD,CAN,0342
50668,163,39,675,2000.0,9449427.0,772793.0,0.6499050000000001,-0.177091,NOR,CAN,0342
50669,166,39,675,2000.0,560969.0,0.0,0.419671,0.809288,NZL,CAN,0342
50670,168,39,675,2000.0,31474.0,0.0,-0.76763,-0.435066,PAK,CAN,0342
50671,169,39,675,2000.0,2398.0,0.0,0.107412,0.41455600000000004,PAN,CAN,0342
50672,173,39,675,2000.0,344537.0,0.0,-0.390278,-0.018691,PER,CAN,0342
50673,174,39,675,2000.0,270703.0,36691.0,-0.010024,-0.368702,PHL,CAN,0342
50674,177,39,675,2000.0,36325.0,352618.0,0.9513659999999999,1.8445669999999998,POL,CAN,0342
50675,179,39,675,2000.0,1759785.0,439497.0,0.624078,1.342565,PRT,CAN,0342
50676,182,39,675,2000.0,0.0,6376.0,-0.382787,-0.837533,PYF,CAN,0342
50677,186,39,675,2000.0,17491388.0,77539.0,0.765547,0.369255,RUS,CAN,0342
50678,192,39,675,2000.0,142656.0,460998.0,1.5432860000000002,0.519856,SGP,CAN,0342
50679,200,39,675,2000.0,8860.0,8725.0,-0.50629,-0.9165399999999999,SPM,CAN,0342
50680,205,39,675,2000.0,274205.0,0.0,-0.7238720000000001,-0.807254,SUR,CAN,0342
50681,207,39,675,2000.0,0.0,4032.0,1.485695,1.122069,SVN,CAN,0342
50682,208,39,675,2000.0,1334506.0,588522.0,2.087984,0.811167,SWE,CAN,0342
50683,216,39,675,2000.0,1247981.0,948593.0,0.505423,1.358217,THA,CAN,0342
50684,222,39,675,2000.0,273858.0,585788.0,0.011104000000000001,-0.831385,TTO,CAN,0342
50685,224,39,675,2000.0,123977.0,0.0,0.127924,2.039773,TUR,CAN,0342
50686,227,39,675,2000.0,34838.0,0.0,-1.275188,-0.9400639999999999,UGA,CAN,0342
50687,228,39,675,2000.0,0.0,205861.0,0.622654,1.191971,UKR,CAN,0342
50688,230,39,675,2000.0,3217036.0,0.0,0.18688,0.575136,URY,CAN,0342
50689,231,39,675,2000.0,96751992.0,35033748.0,1.9869709999999998,0.021666,USA,CAN,0342
50690,239,39,675,2000.0,692187.0,0.0,-0.589009,0.518708,VNM,CAN,0342
50691,246,39,675,2000.0,265552.0,248120.0,0.304739,2.2212709999999998,ZAF,CAN,0342
50692,249,39,675,2000.0,4849056.0,8341010.0,1.642139,1.2375639999999999,TWN,CAN,0342
50693,7,41,675,2000.0,0.0,1661.0,-0.421385,-0.675566,ARE,CHE,0342
50694,14,41,675,2000.0,27704.0,0.0,0.039636000000000005,1.001203,AUS,CHE,0342
50695,15,41,675,2000.0,1974.0,2107.0,1.823798,0.465513,AUT,CHE,0342
50696,18,41,675,2000.0,27934.0,0.0,1.382578,1.406981,BEL,CHE,0342
50697,22,41,675,2000.0,33559.0,0.0,-0.8757879999999999,-0.95126,BGD,CHE,0342
50698,39,41,675,2000.0,496651.0,45400.0,1.069101,1.284017,CAN,CHE,0342
50699,42,41,675,2000.0,68304.0,0.0,-0.011509,0.0031190000000000002,CHL,CHE,0342
50700,43,41,675,2000.0,11877.0,0.0,0.43423,2.461961,CHN,CHE,0342
50701,45,41,675,2000.0,4554.0,0.0,-1.6617520000000001,-1.264815,CMR,CHE,0342
50702,49,41,675,2000.0,32144.0,0.0,0.12351400000000001,0.255517,COL,CHE,0342
50703,61,41,675,2000.0,488942.0,11160.0,2.3753580000000003,-2.4481029999999997,DEU,CHE,0342
50704,64,41,675,2000.0,1006712.0,0.0,1.312843,1.4304370000000002,DNK,CHE,0342
50705,71,41,675,2000.0,623077.0,0.0,1.158711,1.7613189999999999,ESP,CHE,0342
50706,72,41,675,2000.0,40512.0,0.0,0.353545,0.665942,EST,CHE,0342
50707,74,41,675,2000.0,64300.0,0.0,1.9705560000000002,0.874341,FIN,CHE,0342
50708,77,41,675,2000.0,356388.0,6706.0,1.644969,0.56481,FRA,CHE,0342
50709,81,41,675,2000.0,748086.0,0.0,2.099928,0.564025,GBR,CHE,0342
50710,97,41,675,2000.0,2000.0,0.0,0.564112,1.776282,HKG,CHE,0342
50711,103,41,675,2000.0,70739.0,0.0,0.05846799999999999,1.577531,IDN,CHE,0342
50712,104,41,675,2000.0,2203.0,0.0,0.323006,2.3446860000000003,IND,CHE,0342
50713,106,41,675,2000.0,47602.0,0.0,1.647548,0.34018899999999996,IRL,CHE,0342
50714,107,41,675,2000.0,1173.0,0.0,-0.8148770000000001,-1.040305,IRN,CHE,0342
50715,109,41,675,2000.0,225489.0,0.0,-0.070436,-0.5575439999999999,ISL,CHE,0342
50716,110,41,675,2000.0,27253.0,0.0,1.4153870000000002,0.828117,ISR,CHE,0342
50717,111,41,675,2000.0,1704507.0,0.0,1.51508,0.818283,ITA,CHE,0342
50718,114,41,675,2000.0,30728.0,0.0,2.8218240000000003,0.255803,JPN,CHE,0342
50719,116,41,675,2000.0,15770.0,0.0,-0.554244,-0.1757,KEN,CHE,0342
50720,121,41,675,2000.0,0.0,467657.0,1.248356,1.000666,KOR,CHE,0342
50721,128,41,675,2000.0,596393.0,0.0,-0.497407,0.004686999999999999,LKA,CHE,0342
50722,134,41,675,2000.0,66785.0,0.0,-0.5460510000000001,-0.33865100000000004,MAR,CHE,0342
50723,153,41,675,2000.0,1885.0,81390.0,0.789007,0.16084600000000002,MYS,CHE,0342
50724,162,41,675,2000.0,218871.0,0.0,1.259257,1.595796,NLD,CHE,0342
50725,163,41,675,2000.0,2773318.0,47180.0,0.6499050000000001,-0.177091,NOR,CHE,0342
50726,166,41,675,2000.0,18606.0,0.0,0.419671,0.809288,NZL,CHE,0342
50727,167,41,675,2000.0,11474.0,0.0,-1.291169,-1.3004040000000001,OMN,CHE,0342
50728,168,41,675,2000.0,2660.0,0.0,-0.76763,-0.435066,PAK,CHE,0342
50729,174,41,675,2000.0,43994.0,0.0,-0.010024,-0.368702,PHL,CHE,0342
50730,177,41,675,2000.0,91002.0,0.0,0.9513659999999999,1.8445669999999998,POL,CHE,0342
50731,179,41,675,2000.0,836089.0,783764.0,0.624078,1.342565,PRT,CHE,0342
50732,186,41,675,2000.0,1776.0,0.0,0.765547,0.369255,RUS,CHE,0342
50733,189,41,675,2000.0,0.0,14455.0,0.484573,2.767036,SCG,CHE,0342
50734,192,41,675,2000.0,108138.0,0.0,1.5432860000000002,0.519856,SGP,CHE,0342
50735,208,41,675,2000.0,55498.0,0.0,2.087984,0.811167,SWE,CHE,0342
50736,215,41,675,2000.0,2979.0,0.0,-0.741812,-0.6781550000000001,TGO,CHE,0342
50737,216,41,675,2000.0,1225098.0,0.0,0.505423,1.358217,THA,CHE,0342
50738,224,41,675,2000.0,260090.0,0.0,0.127924,2.039773,TUR,CHE,0342
50739,228,41,675,2000.0,21126.0,59759.0,0.622654,1.191971,UKR,CHE,0342
50740,231,41,675,2000.0,3542911.0,0.0,1.9869709999999998,0.021666,USA,CHE,0342
50741,239,41,675,2000.0,1258666.0,0.0,-0.589009,0.518708,VNM,CHE,0342
50742,246,41,675,2000.0,147435.0,0.0,0.304739,2.2212709999999998,ZAF,CHE,0342
50743,249,41,675,2000.0,8439.0,0.0,1.642139,1.2375639999999999,TWN,CHE,0342
50744,8,42,675,2000.0,197304.0,1447873.0,0.140533,0.888049,ARG,CHL,0342
50745,14,42,675,2000.0,191402.0,551746.0,0.039636000000000005,1.001203,AUS,CHL,0342
50746,15,42,675,2000.0,0.0,1163.0,1.823798,0.465513,AUT,CHL,0342
50747,18,42,675,2000.0,0.0,216029.0,1.382578,1.406981,BEL,CHL,0342
50748,28,42,675,2000.0,0.0,7128.0,0.7323649999999999,1.1536170000000001,BLR,CHL,0342
50749,31,42,675,2000.0,0.0,34809.0,-0.400861,-0.41780900000000004,BOL,CHL,0342
50750,32,42,675,2000.0,0.0,2545832.0,0.853466,1.28277,BRA,CHL,0342
50751,33,42,675,2000.0,0.0,1400.0,0.610079,0.267843,BRB,CHL,0342
50752,39,42,675,2000.0,0.0,3169073.0,1.069101,1.284017,CAN,CHL,0342
50753,41,42,675,2000.0,0.0,68304.0,2.268929,0.538191,CHE,CHL,0342
50754,43,42,675,2000.0,0.0,6986204.0,0.43423,2.461961,CHN,CHL,0342
50755,49,42,675,2000.0,0.0,587297.0,0.12351400000000001,0.255517,COL,CHL,0342
50756,52,42,675,2000.0,0.0,37687.0,-0.136989,-0.190298,CRI,CHL,0342
50757,54,42,675,2000.0,0.0,2840820.0,-0.800886,-1.133715,CUB,CHL,0342
50758,61,42,675,2000.0,0.0,2782261.0,2.3753580000000003,-2.4481029999999997,DEU,CHL,0342
50759,63,42,675,2000.0,0.0,211122.0,0.8950530000000001,0.295721,DMA,CHL,0342
50760,64,42,675,2000.0,0.0,243349.0,1.312843,1.4304370000000002,DNK,CHL,0342
50761,65,42,675,2000.0,0.0,9761.0,-0.5679569999999999,-0.61125,DOM,CHL,0342
50762,67,42,675,2000.0,19784.0,4422.0,-1.016643,-0.8385469999999999,ECU,CHL,0342
50763,68,42,675,2000.0,0.0,3853.0,-0.365578,0.01634,EGY,CHL,0342
50764,71,42,675,2000.0,683300.0,30308514.0,1.158711,1.7613189999999999,ESP,CHL,0342
50765,72,42,675,2000.0,0.0,3180.0,0.353545,0.665942,EST,CHL,0342
50766,77,42,675,2000.0,0.0,2787590.0,1.644969,0.56481,FRA,CHL,0342
50767,81,42,675,2000.0,0.0,3944157.0,2.099928,0.564025,GBR,CHL,0342
50768,83,42,675,2000.0,0.0,115100.0,-1.092586,-0.8195030000000001,GHA,CHL,0342
50769,90,42,675,2000.0,0.0,105900.0,0.26193,1.607656,GRC,CHL,0342
50770,96,42,675,2000.0,0.0,17443.0,-0.7425069999999999,-0.892847,GUY,CHL,0342
50771,97,42,675,2000.0,0.0,1087887.0,0.564112,1.776282,HKG,CHL,0342
50772,100,42,675,2000.0,0.0,13861.0,0.640015,1.1175899999999999,HRV,CHL,0342
50773,102,42,675,2000.0,0.0,61219.0,1.047497,1.284513,HUN,CHL,0342
50774,103,42,675,2000.0,0.0,122405.0,0.05846799999999999,1.577531,IDN,CHL,0342
50775,104,42,675,2000.0,126433.0,0.0,0.323006,2.3446860000000003,IND,CHL,0342
50776,110,42,675,2000.0,0.0,620987.0,1.4153870000000002,0.828117,ISR,CHL,0342
50777,111,42,675,2000.0,0.0,2583294.0,1.51508,0.818283,ITA,CHL,0342
50778,113,42,675,2000.0,0.0,37103.0,0.677723,1.497694,JOR,CHL,0342
50779,114,42,675,2000.0,67275.0,426907072.0,2.8218240000000003,0.255803,JPN,CHL,0342
50780,121,42,675,2000.0,0.0,11351785.0,1.248356,1.000666,KOR,CHL,0342
50781,122,42,675,2000.0,0.0,18522.0,-0.825533,-1.190257,KWT,CHL,0342
50782,127,42,675,2000.0,0.0,19781.0,-0.0033490000000000004,-0.6011340000000001,LCA,CHL,0342
50783,130,42,675,2000.0,0.0,79710.0,0.22767199999999999,0.794208,LTU,CHL,0342
50784,134,42,675,2000.0,69010.0,0.0,-0.5460510000000001,-0.33865100000000004,MAR,CHL,0342
50785,138,42,675,2000.0,0.0,316681.0,0.9020379999999999,0.671139,MEX,CHL,0342
50786,153,42,675,2000.0,0.0,650460.0,0.789007,0.16084600000000002,MYS,CHL,0342
50787,155,42,675,2000.0,0.0,1561626.0,-0.42796999999999996,-0.643361,NAM,CHL,0342
50788,159,42,675,2000.0,0.0,1610411.0,-2.192487,-1.30587,NGA,CHL,0342
50789,162,42,675,2000.0,0.0,2259866.0,1.259257,1.595796,NLD,CHL,0342
50790,163,42,675,2000.0,0.0,21965.0,0.6499050000000001,-0.177091,NOR,CHL,0342
50791,166,42,675,2000.0,0.0,73153.0,0.419671,0.809288,NZL,CHL,0342
50792,169,42,675,2000.0,0.0,48222.0,0.107412,0.41455600000000004,PAN,CHL,0342
50793,173,42,675,2000.0,13758.0,1782785.0,-0.390278,-0.018691,PER,CHL,0342
50794,177,42,675,2000.0,0.0,521166.0,0.9513659999999999,1.8445669999999998,POL,CHL,0342
50795,178,42,675,2000.0,0.0,42024.0,0.795818,1.089874,PRK,CHL,0342
50796,179,42,675,2000.0,0.0,1975012.0,0.624078,1.342565,PRT,CHL,0342
50797,180,42,675,2000.0,0.0,26715.0,-0.82839,-0.8787010000000001,PRY,CHL,0342
50798,182,42,675,2000.0,0.0,1035.0,-0.382787,-0.837533,PYF,CHL,0342
50799,186,42,675,2000.0,500091.0,9945.0,0.765547,0.369255,RUS,CHL,0342
50800,189,42,675,2000.0,0.0,7282.0,0.484573,2.767036,SCG,CHL,0342
50801,192,42,675,2000.0,0.0,1703886.0,1.5432860000000002,0.519856,SGP,CHL,0342
50802,207,42,675,2000.0,0.0,7673.0,1.485695,1.122069,SVN,CHL,0342
50803,208,42,675,2000.0,0.0,143518.0,2.087984,0.811167,SWE,CHL,0342
50804,216,42,675,2000.0,0.0,2873894.0,0.505423,1.358217,THA,CHL,0342
50805,223,42,675,2000.0,0.0,26338.0,-0.061203999999999995,0.149345,TUN,CHL,0342
50806,224,42,675,2000.0,0.0,12243.0,0.127924,2.039773,TUR,CHL,0342
50807,230,42,675,2000.0,415272.0,391839.0,0.18688,0.575136,URY,CHL,0342
50808,231,42,675,2000.0,330399.0,16646555.0,1.9869709999999998,0.021666,USA,CHL,0342
50809,236,42,675,2000.0,0.0,1785622.0,-0.12500999999999998,-0.8610610000000001,VEN,CHL,0342
50810,239,42,675,2000.0,0.0,59008.0,-0.589009,0.518708,VNM,CHL,0342
50811,246,42,675,2000.0,0.0,314390.0,0.304739,2.2212709999999998,ZAF,CHL,0342
50812,249,42,675,2000.0,0.0,4853754.0,1.642139,1.2375639999999999,TWN,CHL,0342
50813,250,42,675,2000.0,10381.0,583179.0,1.094325,-0.32521100000000003,ANS,CHL,0342
50814,7,43,675,2000.0,0.0,13017.0,-0.421385,-0.675566,ARE,CHN,0342
50815,8,43,675,2000.0,6337770.0,0.0,0.140533,0.888049,ARG,CHN,0342
50816,14,43,675,2000.0,1742900.0,792675.0,0.039636000000000005,1.001203,AUS,CHN,0342
50817,15,43,675,2000.0,0.0,1196.0,1.823798,0.465513,AUT,CHN,0342
50818,18,43,675,2000.0,0.0,1132355.0,1.382578,1.406981,BEL,CHN,0342
50819,22,43,675,2000.0,200465.0,0.0,-0.8757879999999999,-0.95126,BGD,CHN,0342
50820,23,43,675,2000.0,0.0,22045.0,0.47338800000000003,1.7633599999999998,BGR,CHN,0342
50821,32,43,675,2000.0,2267114.0,16128.0,0.853466,1.28277,BRA,CHN,0342
50822,39,43,675,2000.0,2667900.0,5154845.0,1.069101,1.284017,CAN,CHN,0342
50823,41,43,675,2000.0,0.0,11877.0,2.268929,0.538191,CHE,CHN,0342
50824,42,43,675,2000.0,6986204.0,0.0,-0.011509,0.0031190000000000002,CHL,CHN,0342
50825,44,43,675,2000.0,0.0,1967537.0,-0.7955,-0.7019989999999999,CIV,CHN,0342
50826,49,43,675,2000.0,0.0,15398.0,0.12351400000000001,0.255517,COL,CHN,0342
50827,54,43,675,2000.0,0.0,3084.0,-0.800886,-1.133715,CUB,CHN,0342
50828,58,43,675,2000.0,0.0,47871.0,0.264835,0.268755,CYP,CHN,0342
50829,59,43,675,2000.0,0.0,575571.0,1.526256,0.9255639999999999,CZE,CHN,0342
50830,61,43,675,2000.0,1822002.0,2929675.0,2.3753580000000003,-2.4481029999999997,DEU,CHN,0342
50831,64,43,675,2000.0,11028624.0,564195.0,1.312843,1.4304370000000002,DNK,CHN,0342
50832,66,43,675,2000.0,0.0,29457.0,-0.9876940000000001,-1.194216,DZA,CHN,0342
50833,67,43,675,2000.0,8833.0,0.0,-1.016643,-0.8385469999999999,ECU,CHN,0342
50834,68,43,675,2000.0,0.0,164356.0,-0.365578,0.01634,EGY,CHN,0342
50835,71,43,675,2000.0,15008159.0,7814621.0,1.158711,1.7613189999999999,ESP,CHN,0342
50836,72,43,675,2000.0,595501.0,22940.0,0.353545,0.665942,EST,CHN,0342
50837,74,43,675,2000.0,0.0,1585.0,1.9705560000000002,0.874341,FIN,CHN,0342
50838,75,43,675,2000.0,37423.0,184627.0,-0.775963,-0.28976999999999997,FJI,CHN,0342
50839,77,43,675,2000.0,6369664.0,1932236.0,1.644969,0.56481,FRA,CHN,0342
50840,78,43,675,2000.0,1718176.0,84583.0,-0.25500700000000004,-0.823207,FRO,CHN,0342
50841,80,43,675,2000.0,105257.0,0.0,-0.798345,-1.1725450000000002,GAB,CHN,0342
50842,81,43,675,2000.0,2181652.0,1159205.0,2.099928,0.564025,GBR,CHN,0342
50843,83,43,675,2000.0,9906.0,241095.0,-1.092586,-0.8195030000000001,GHA,CHN,0342
50844,88,43,675,2000.0,61918.0,0.0,-2.176519,-1.1193549999999999,GNB,CHN,0342
50845,96,43,675,2000.0,1140.0,0.0,-0.7425069999999999,-0.892847,GUY,CHN,0342
50846,97,43,675,2000.0,8016954.0,7327198.0,0.564112,1.776282,HKG,CHN,0342
50847,100,43,675,2000.0,0.0,10581.0,0.640015,1.1175899999999999,HRV,CHN,0342
50848,102,43,675,2000.0,0.0,114949.0,1.047497,1.284513,HUN,CHN,0342
50849,103,43,675,2000.0,10323928.0,1469757.0,0.05846799999999999,1.577531,IDN,CHN,0342
50850,104,43,675,2000.0,64244272.0,4661.0,0.323006,2.3446860000000003,IND,CHN,0342
50851,106,43,675,2000.0,355900.0,0.0,1.647548,0.34018899999999996,IRL,CHN,0342
50852,107,43,675,2000.0,635043.0,95244.0,-0.8148770000000001,-1.040305,IRN,CHN,0342
50853,109,43,675,2000.0,6516630.0,81436.0,-0.070436,-0.5575439999999999,ISL,CHN,0342
50854,111,43,675,2000.0,0.0,2588803.0,1.51508,0.818283,ITA,CHN,0342
50855,113,43,675,2000.0,22393.0,7256.0,0.677723,1.497694,JOR,CHN,0342
50856,114,43,675,2000.0,41197248.0,172707136.0,2.8218240000000003,0.255803,JPN,CHN,0342
50857,115,43,675,2000.0,42152.0,0.0,-0.16554100000000002,-0.70523,KAZ,CHN,0342
50858,116,43,675,2000.0,32755.0,0.0,-0.554244,-0.1757,KEN,CHN,0342
50859,117,43,675,2000.0,0.0,30324.0,0.215581,0.343262,KGZ,CHN,0342
50860,121,43,675,2000.0,19010682.0,236095952.0,1.248356,1.000666,KOR,CHN,0342
50861,122,43,675,2000.0,0.0,68174.0,-0.825533,-1.190257,KWT,CHN,0342
50862,124,43,675,2000.0,0.0,11911.0,0.139623,1.095387,LBN,CHN,0342
50863,128,43,675,2000.0,0.0,13465.0,-0.497407,0.004686999999999999,LKA,CHN,0342
50864,130,43,675,2000.0,83882.0,2425.0,0.22767199999999999,0.794208,LTU,CHN,0342
50865,133,43,675,2000.0,25765.0,19203.0,-0.19656300000000002,-0.519896,MAC,CHN,0342
50866,134,43,675,2000.0,125917.0,0.0,-0.5460510000000001,-0.33865100000000004,MAR,CHN,0342
50867,138,43,675,2000.0,284118.0,542980.0,0.9020379999999999,0.671139,MEX,CHN,0342
50868,143,43,675,2000.0,1126661.0,0.0,-1.260786,-0.9277549999999999,MMR,CHN,0342
50869,145,43,675,2000.0,68773.0,0.0,-0.553764,-0.917977,MNG,CHN,0342
50870,148,43,675,2000.0,1415282.0,0.0,-1.444615,-1.29284,MRT,CHN,0342
50871,151,43,675,2000.0,18520724.0,45757.0,-0.472778,-0.6301760000000001,MUS,CHN,0342
50872,153,43,675,2000.0,1740227.0,4176514.0,0.789007,0.16084600000000002,MYS,CHN,0342
50873,155,43,675,2000.0,270349.0,324486.0,-0.42796999999999996,-0.643361,NAM,CHN,0342
50874,159,43,675,2000.0,0.0,1055904.0,-2.192487,-1.30587,NGA,CHN,0342
50875,160,43,675,2000.0,50395.0,0.0,-0.753571,-0.620488,NIC,CHN,0342
50876,162,43,675,2000.0,6402376.0,1522407.0,1.259257,1.595796,NLD,CHN,0342
50877,163,43,675,2000.0,23457094.0,108785.0,0.6499050000000001,-0.177091,NOR,CHN,0342
50878,166,43,675,2000.0,17691394.0,95673.0,0.419671,0.809288,NZL,CHN,0342
50879,167,43,675,2000.0,476107.0,0.0,-1.291169,-1.3004040000000001,OMN,CHN,0342
50880,168,43,675,2000.0,5954154.0,0.0,-0.76763,-0.435066,PAK,CHN,0342
50881,169,43,675,2000.0,55197.0,30200.0,0.107412,0.41455600000000004,PAN,CHN,0342
50882,173,43,675,2000.0,245433.0,0.0,-0.390278,-0.018691,PER,CHN,0342
50883,174,43,675,2000.0,70043.0,2128178.0,-0.010024,-0.368702,PHL,CHN,0342
50884,176,43,675,2000.0,0.0,1153424.0,-1.31124,-1.127378,PNG,CHN,0342
50885,177,43,675,2000.0,34759.0,203254.0,0.9513659999999999,1.8445669999999998,POL,CHN,0342
50886,178,43,675,2000.0,854318.0,88456.0,0.795818,1.089874,PRK,CHN,0342
50887,179,43,675,2000.0,198209.0,221435.0,0.624078,1.342565,PRT,CHN,0342
50888,186,43,675,2000.0,225657744.0,221275.0,0.765547,0.369255,RUS,CHN,0342
50889,188,43,675,2000.0,0.0,29164.0,0.005864,-0.983202,SAU,CHN,0342
50890,191,43,675,2000.0,179778.0,12778.0,-0.449184,-0.375335,SEN,CHN,0342
50891,192,43,675,2000.0,2103604.0,2820420.0,1.5432860000000002,0.519856,SGP,CHN,0342
50892,206,43,675,2000.0,0.0,180907.0,1.3226360000000001,1.1967809999999999,SVK,CHN,0342
50893,207,43,675,2000.0,0.0,25746.0,1.485695,1.122069,SVN,CHN,0342
50894,208,43,675,2000.0,33146.0,0.0,2.087984,0.811167,SWE,CHN,0342
50895,216,43,675,2000.0,22229012.0,741648.0,0.505423,1.358217,THA,CHN,0342
50896,223,43,675,2000.0,7870.0,1992.0,-0.061203999999999995,0.149345,TUN,CHN,0342
50897,224,43,675,2000.0,8040.0,0.0,0.127924,2.039773,TUR,CHN,0342
50898,226,43,675,2000.0,39792.0,0.0,-1.14198,-0.368647,TZA,CHN,0342
50899,227,43,675,2000.0,10562.0,0.0,-1.275188,-0.9400639999999999,UGA,CHN,0342
50900,228,43,675,2000.0,73794.0,0.0,0.622654,1.191971,UKR,CHN,0342
50901,230,43,675,2000.0,13327305.0,52273.0,0.18688,0.575136,URY,CHN,0342
50902,231,43,675,2000.0,78519112.0,23664792.0,1.9869709999999998,0.021666,USA,CHN,0342
50903,236,43,675,2000.0,0.0,25644.0,-0.12500999999999998,-0.8610610000000001,VEN,CHN,0342
50904,239,43,675,2000.0,1738085.0,17771.0,-0.589009,0.518708,VNM,CHN,0342
50905,242,43,675,2000.0,0.0,60687.0,-1.06243,-1.012707,WSM,CHN,0342
50906,243,43,675,2000.0,45714.0,0.0,-1.6733,-1.292217,YEM,CHN,0342
50907,246,43,675,2000.0,1058542.0,75540.0,0.304739,2.2212709999999998,ZAF,CHN,0342
50908,249,43,675,2000.0,117702.0,14754535.0,1.642139,1.2375639999999999,TWN,CHN,0342
50909,250,43,675,2000.0,0.0,149375.0,1.094325,-0.32521100000000003,ANS,CHN,0342
50910,6,49,675,2000.0,0.0,40937.0,0.25759099999999996,-0.555668,ANT,COL,0342
50911,8,49,675,2000.0,56374.0,0.0,0.140533,0.888049,ARG,COL,0342
50912,15,49,675,2000.0,0.0,8092.0,1.823798,0.465513,AUT,COL,0342
50913,41,49,675,2000.0,0.0,32144.0,2.268929,0.538191,CHE,COL,0342
50914,42,49,675,2000.0,587297.0,0.0,-0.011509,0.0031190000000000002,CHL,COL,0342
50915,43,49,675,2000.0,15398.0,0.0,0.43423,2.461961,CHN,COL,0342
50916,52,49,675,2000.0,131099.0,0.0,-0.136989,-0.190298,CRI,COL,0342
50917,61,49,675,2000.0,0.0,790206.0,2.3753580000000003,-2.4481029999999997,DEU,COL,0342
50918,67,49,675,2000.0,4849957.0,797277.0,-1.016643,-0.8385469999999999,ECU,COL,0342
50919,71,49,675,2000.0,6249646.0,5190448.0,1.158711,1.7613189999999999,ESP,COL,0342
50920,81,49,675,2000.0,1288.0,0.0,2.099928,0.564025,GBR,COL,0342
50921,93,49,675,2000.0,134295.0,0.0,-0.37711100000000003,0.191477,GTM,COL,0342
50922,111,49,675,2000.0,0.0,2850961.0,1.51508,0.818283,ITA,COL,0342
50923,114,49,675,2000.0,0.0,1631635.0,2.8218240000000003,0.255803,JPN,COL,0342
50924,126,49,675,2000.0,0.0,449304.0,-0.8606719999999999,-1.188626,LBY,COL,0342
50925,127,49,675,2000.0,0.0,12609.0,-0.0033490000000000004,-0.6011340000000001,LCA,COL,0342
50926,160,49,675,2000.0,1470.0,0.0,-0.753571,-0.620488,NIC,COL,0342
50927,169,49,675,2000.0,0.0,4092050.0,0.107412,0.41455600000000004,PAN,COL,0342
50928,173,49,675,2000.0,209300.0,0.0,-0.390278,-0.018691,PER,COL,0342
50929,231,49,675,2000.0,278305.0,530209.0,1.9869709999999998,0.021666,USA,COL,0342
50930,236,49,675,2000.0,1500692.0,937463.0,-0.12500999999999998,-0.8610610000000001,VEN,COL,0342
50931,250,49,675,2000.0,0.0,34373764.0,1.094325,-0.32521100000000003,ANS,COL,0342
50932,6,52,675,2000.0,0.0,17508.0,0.25759099999999996,-0.555668,ANT,CRI,0342
50933,8,52,675,2000.0,13277.0,0.0,0.140533,0.888049,ARG,CRI,0342
50934,32,52,675,2000.0,0.0,32185.0,0.853466,1.28277,BRA,CRI,0342
50935,39,52,675,2000.0,0.0,6348.0,1.069101,1.284017,CAN,CRI,0342
50936,42,52,675,2000.0,37687.0,0.0,-0.011509,0.0031190000000000002,CHL,CRI,0342
50937,49,52,675,2000.0,0.0,131099.0,0.12351400000000001,0.255517,COL,CRI,0342
50938,67,52,675,2000.0,133044.0,0.0,-1.016643,-0.8385469999999999,ECU,CRI,0342
50939,71,52,675,2000.0,0.0,340952.0,1.158711,1.7613189999999999,ESP,CRI,0342
50940,77,52,675,2000.0,19477.0,603567.0,1.644969,0.56481,FRA,CRI,0342
50941,93,52,675,2000.0,0.0,19080.0,-0.37711100000000003,0.191477,GTM,CRI,0342
50942,97,52,675,2000.0,0.0,230131.0,0.564112,1.776282,HKG,CRI,0342
50943,99,52,675,2000.0,179426.0,3983.0,-0.756031,-0.58392,HND,CRI,0342
50944,103,52,675,2000.0,22623.0,28199.0,0.05846799999999999,1.577531,IDN,CRI,0342
50945,111,52,675,2000.0,0.0,319531.0,1.51508,0.818283,ITA,CRI,0342
50946,114,52,675,2000.0,0.0,851441.0,2.8218240000000003,0.255803,JPN,CRI,0342
50947,121,52,675,2000.0,39311.0,78202.0,1.248356,1.000666,KOR,CRI,0342
50948,138,52,675,2000.0,3912297.0,1018063.0,0.9020379999999999,0.671139,MEX,CRI,0342
50949,160,52,675,2000.0,52322.0,21101.0,-0.753571,-0.620488,NIC,CRI,0342
50950,162,52,675,2000.0,1018.0,0.0,1.259257,1.595796,NLD,CRI,0342
50951,169,52,675,2000.0,251741.0,21619.0,0.107412,0.41455600000000004,PAN,CRI,0342
50952,173,52,675,2000.0,34715.0,0.0,-0.390278,-0.018691,PER,CRI,0342
50953,192,52,675,2000.0,0.0,1189790.0,1.5432860000000002,0.519856,SGP,CRI,0342
50954,197,52,675,2000.0,323567.0,7945.0,-0.077776,-0.084655,SLV,CRI,0342
50955,230,52,675,2000.0,8873.0,0.0,0.18688,0.575136,URY,CRI,0342
50956,231,52,675,2000.0,91968.0,163181.0,1.9869709999999998,0.021666,USA,CRI,0342
50957,236,52,675,2000.0,1385440.0,71487.0,-0.12500999999999998,-0.8610610000000001,VEN,CRI,0342
50958,249,52,675,2000.0,363992.0,838966.0,1.642139,1.2375639999999999,TWN,CRI,0342
50959,250,52,675,2000.0,3258453.0,0.0,1.094325,-0.32521100000000003,ANS,CRI,0342
50960,39,54,675,2000.0,61234.0,6472.0,1.069101,1.284017,CAN,CUB,0342
50961,42,54,675,2000.0,2840820.0,0.0,-0.011509,0.0031190000000000002,CHL,CUB,0342
50962,43,54,675,2000.0,3084.0,0.0,0.43423,2.461961,CHN,CUB,0342
50963,44,54,675,2000.0,0.0,726190.0,-0.7955,-0.7019989999999999,CIV,CUB,0342
50964,61,54,675,2000.0,3281.0,0.0,2.3753580000000003,-2.4481029999999997,DEU,CUB,0342
50965,67,54,675,2000.0,358608.0,0.0,-1.016643,-0.8385469999999999,ECU,CUB,0342
50966,71,54,675,2000.0,314705.0,8306.0,1.158711,1.7613189999999999,ESP,CUB,0342
50967,101,54,675,2000.0,0.0,65117.0,-0.946832,-0.818751,HTI,CUB,0342
50968,111,54,675,2000.0,9566.0,4041.0,1.51508,0.818283,ITA,CUB,0342
50969,138,54,675,2000.0,121572.0,0.0,0.9020379999999999,0.671139,MEX,CUB,0342
50970,230,54,675,2000.0,40667.0,0.0,0.18688,0.575136,URY,CUB,0342
50971,236,54,675,2000.0,5490.0,0.0,-0.12500999999999998,-0.8610610000000001,VEN,CUB,0342
50972,8,59,675,2000.0,47702.0,0.0,0.140533,0.888049,ARG,CZE,0342
50973,18,59,675,2000.0,69355.0,0.0,1.382578,1.406981,BEL,CZE,0342
50974,23,59,675,2000.0,80823.0,0.0,0.47338800000000003,1.7633599999999998,BGR,CZE,0342
50975,39,59,675,2000.0,27500.0,0.0,1.069101,1.284017,CAN,CZE,0342
50976,43,59,675,2000.0,575571.0,0.0,0.43423,2.461961,CHN,CZE,0342
50977,61,59,675,2000.0,577271.0,357143.0,2.3753580000000003,-2.4481029999999997,DEU,CZE,0342
50978,64,59,675,2000.0,2484656.0,0.0,1.312843,1.4304370000000002,DNK,CZE,0342
50979,71,59,675,2000.0,373510.0,24411.0,1.158711,1.7613189999999999,ESP,CZE,0342
50980,77,59,675,2000.0,318742.0,0.0,1.644969,0.56481,FRA,CZE,0342
50981,81,59,675,2000.0,101452.0,0.0,2.099928,0.564025,GBR,CZE,0342
50982,102,59,675,2000.0,4972.0,16597.0,1.047497,1.284513,HUN,CZE,0342
50983,103,59,675,2000.0,33990.0,0.0,0.05846799999999999,1.577531,IDN,CZE,0342
50984,106,59,675,2000.0,678591.0,0.0,1.647548,0.34018899999999996,IRL,CZE,0342
50985,107,59,675,2000.0,11041.0,0.0,-0.8148770000000001,-1.040305,IRN,CZE,0342
50986,109,59,675,2000.0,92934.0,0.0,-0.070436,-0.5575439999999999,ISL,CZE,0342
50987,111,59,675,2000.0,107075.0,0.0,1.51508,0.818283,ITA,CZE,0342
50988,121,59,675,2000.0,32991.0,0.0,1.248356,1.000666,KOR,CZE,0342
50989,130,59,675,2000.0,0.0,6786.0,0.22767199999999999,0.794208,LTU,CZE,0342
50990,162,59,675,2000.0,1891618.0,0.0,1.259257,1.595796,NLD,CZE,0342
50991,163,59,675,2000.0,1049934.0,0.0,0.6499050000000001,-0.177091,NOR,CZE,0342
50992,166,59,675,2000.0,68763.0,0.0,0.419671,0.809288,NZL,CZE,0342
50993,173,59,675,2000.0,50330.0,0.0,-0.390278,-0.018691,PER,CZE,0342
50994,177,59,675,2000.0,83159.0,9749.0,0.9513659999999999,1.8445669999999998,POL,CZE,0342
50995,186,59,675,2000.0,283721.0,19063.0,0.765547,0.369255,RUS,CZE,0342
50996,206,59,675,2000.0,61628.0,367451.0,1.3226360000000001,1.1967809999999999,SVK,CZE,0342
50997,208,59,675,2000.0,9507.0,0.0,2.087984,0.811167,SWE,CZE,0342
50998,216,59,675,2000.0,69585.0,0.0,0.505423,1.358217,THA,CZE,0342
50999,228,59,675,2000.0,9105.0,6374.0,0.622654,1.191971,UKR,CZE,0342
51000,231,59,675,2000.0,218424.0,0.0,1.9869709999999998,0.021666,USA,CZE,0342
51001,239,59,675,2000.0,7807.0,0.0,-0.589009,0.518708,VNM,CZE,0342
51002,8,61,675,2000.0,495281.0,0.0,0.140533,0.888049,ARG,DEU,0342
51003,13,61,675,2000.0,0.0,1924.0,0.146899,-0.622011,ATG,DEU,0342
51004,14,61,675,2000.0,438310.0,0.0,0.039636000000000005,1.001203,AUS,DEU,0342
51005,15,61,675,2000.0,326351.0,3656252.0,1.823798,0.465513,AUT,DEU,0342
51006,16,61,675,2000.0,0.0,5018.0,-0.36515,-0.8104979999999999,AZE,DEU,0342
51007,18,61,675,2000.0,1310154.0,818780.0,1.382578,1.406981,BEL,DEU,0342
51008,22,61,675,2000.0,588523.0,0.0,-0.8757879999999999,-0.95126,BGD,DEU,0342
51009,23,61,675,2000.0,0.0,61136.0,0.47338800000000003,1.7633599999999998,BGR,DEU,0342
51010,26,61,675,2000.0,0.0,6094.0,0.167776,0.32192,BIH,DEU,0342
51011,28,61,675,2000.0,0.0,35992.0,0.7323649999999999,1.1536170000000001,BLR,DEU,0342
51012,32,61,675,2000.0,12762.0,0.0,0.853466,1.28277,BRA,DEU,0342
51013,39,61,675,2000.0,5908411.0,206308.0,1.069101,1.284017,CAN,DEU,0342
51014,41,61,675,2000.0,11160.0,488942.0,2.268929,0.538191,CHE,DEU,0342
51015,42,61,675,2000.0,2782261.0,0.0,-0.011509,0.0031190000000000002,CHL,DEU,0342
51016,43,61,675,2000.0,2929675.0,1822002.0,0.43423,2.461961,CHN,DEU,0342
51017,49,61,675,2000.0,790206.0,0.0,0.12351400000000001,0.255517,COL,DEU,0342
51018,54,61,675,2000.0,0.0,3281.0,-0.800886,-1.133715,CUB,DEU,0342
51019,58,61,675,2000.0,0.0,73032.0,0.264835,0.268755,CYP,DEU,0342
51020,59,61,675,2000.0,357143.0,577271.0,1.526256,0.9255639999999999,CZE,DEU,0342
51021,64,61,675,2000.0,32196402.0,2099233.0,1.312843,1.4304370000000002,DNK,DEU,0342
51022,66,61,675,2000.0,0.0,8766.0,-0.9876940000000001,-1.194216,DZA,DEU,0342
51023,68,61,675,2000.0,0.0,747960.0,-0.365578,0.01634,EGY,DEU,0342
51024,71,61,675,2000.0,9056609.0,1964669.0,1.158711,1.7613189999999999,ESP,DEU,0342
51025,72,61,675,2000.0,152412.0,227978.0,0.353545,0.665942,EST,DEU,0342
51026,73,61,675,2000.0,0.0,1381.0,-1.1137629999999998,-1.020996,ETH,DEU,0342
51027,74,61,675,2000.0,92363.0,26988.0,1.9705560000000002,0.874341,FIN,DEU,0342
51028,77,61,675,2000.0,647421.0,3048905.0,1.644969,0.56481,FRA,DEU,0342
51029,78,61,675,2000.0,1267193.0,0.0,-0.25500700000000004,-0.823207,FRO,DEU,0342
51030,81,61,675,2000.0,3850898.0,3323106.0,2.099928,0.564025,GBR,DEU,0342
51031,83,61,675,2000.0,0.0,1865369.0,-1.092586,-0.8195030000000001,GHA,DEU,0342
51032,87,61,675,2000.0,1482.0,0.0,-0.33173400000000003,-0.43841499999999994,GMB,DEU,0342
51033,90,61,675,2000.0,802768.0,376763.0,0.26193,1.607656,GRC,DEU,0342
51034,92,61,675,2000.0,631890.0,0.0,-0.365398,-0.849985,GRL,DEU,0342
51035,96,61,675,2000.0,3318.0,0.0,-0.7425069999999999,-0.892847,GUY,DEU,0342
51036,97,61,675,2000.0,0.0,131921.0,0.564112,1.776282,HKG,DEU,0342
51037,100,61,675,2000.0,0.0,103442.0,0.640015,1.1175899999999999,HRV,DEU,0342
51038,101,61,675,2000.0,0.0,18202.0,-0.946832,-0.818751,HTI,DEU,0342
51039,102,61,675,2000.0,0.0,18788.0,1.047497,1.284513,HUN,DEU,0342
51040,103,61,675,2000.0,182974.0,3099.0,0.05846799999999999,1.577531,IDN,DEU,0342
51041,104,61,675,2000.0,164921.0,0.0,0.323006,2.3446860000000003,IND,DEU,0342
51042,106,61,675,2000.0,8326598.0,33650.0,1.647548,0.34018899999999996,IRL,DEU,0342
51043,107,61,675,2000.0,202806.0,0.0,-0.8148770000000001,-1.040305,IRN,DEU,0342
51044,109,61,675,2000.0,2518057.0,139399.0,-0.070436,-0.5575439999999999,ISL,DEU,0342
51045,110,61,675,2000.0,0.0,600701.0,1.4153870000000002,0.828117,ISR,DEU,0342
51046,111,61,675,2000.0,2667932.0,2310768.0,1.51508,0.818283,ITA,DEU,0342
51047,114,61,675,2000.0,20785.0,1980095.0,2.8218240000000003,0.255803,JPN,DEU,0342
51048,115,61,675,2000.0,0.0,2033.0,-0.16554100000000002,-0.70523,KAZ,DEU,0342
51049,116,61,675,2000.0,36290.0,0.0,-0.554244,-0.1757,KEN,DEU,0342
51050,121,61,675,2000.0,212143.0,185242.0,1.248356,1.000666,KOR,DEU,0342
51051,125,61,675,2000.0,0.0,74068.0,-0.763757,-1.1284129999999999,LBR,DEU,0342
51052,128,61,675,2000.0,739091.0,0.0,-0.497407,0.004686999999999999,LKA,DEU,0342
51053,130,61,675,2000.0,57153.0,293338.0,0.22767199999999999,0.794208,LTU,DEU,0342
51054,131,61,675,2000.0,57541.0,82116.0,1.203242,1.0729790000000001,LUX,DEU,0342
51055,132,61,675,2000.0,0.0,83374.0,0.27229699999999996,0.402929,LVA,DEU,0342
51056,134,61,675,2000.0,5374.0,0.0,-0.5460510000000001,-0.33865100000000004,MAR,DEU,0342
51057,135,61,675,2000.0,0.0,4720.0,0.039072,0.103148,MDA,DEU,0342
51058,137,61,675,2000.0,0.0,2823.0,-1.070968,-1.0570469999999998,MDV,DEU,0342
51059,140,61,675,2000.0,0.0,52169.0,0.159675,0.429424,MKD,DEU,0342
51060,148,61,675,2000.0,60941.0,0.0,-1.444615,-1.29284,MRT,DEU,0342
51061,151,61,675,2000.0,40730.0,0.0,-0.472778,-0.6301760000000001,MUS,DEU,0342
51062,153,61,675,2000.0,3849.0,125010.0,0.789007,0.16084600000000002,MYS,DEU,0342
51063,155,61,675,2000.0,115039.0,41378.0,-0.42796999999999996,-0.643361,NAM,DEU,0342
51064,159,61,675,2000.0,0.0,536262.0,-2.192487,-1.30587,NGA,DEU,0342
51065,162,61,675,2000.0,14380912.0,4271218.0,1.259257,1.595796,NLD,DEU,0342
51066,163,61,675,2000.0,17489912.0,1726992.0,0.6499050000000001,-0.177091,NOR,DEU,0342
51067,166,61,675,2000.0,1471911.0,0.0,0.419671,0.809288,NZL,DEU,0342
51068,167,61,675,2000.0,90785.0,0.0,-1.291169,-1.3004040000000001,OMN,DEU,0342
51069,168,61,675,2000.0,37914.0,0.0,-0.76763,-0.435066,PAK,DEU,0342
51070,173,61,675,2000.0,726789.0,0.0,-0.390278,-0.018691,PER,DEU,0342
51071,174,61,675,2000.0,813018.0,0.0,-0.010024,-0.368702,PHL,DEU,0342
51072,177,61,675,2000.0,2343649.0,4291938.0,0.9513659999999999,1.8445669999999998,POL,DEU,0342
51073,179,61,675,2000.0,613112.0,364232.0,0.624078,1.342565,PRT,DEU,0342
51074,185,61,675,2000.0,0.0,56819.0,0.55594,1.054573,ROU,DEU,0342
51075,186,61,675,2000.0,10342702.0,609787.0,0.765547,0.369255,RUS,DEU,0342
51076,189,61,675,2000.0,0.0,359366.0,0.484573,2.767036,SCG,DEU,0342
51077,191,61,675,2000.0,612720.0,0.0,-0.449184,-0.375335,SEN,DEU,0342
51078,192,61,675,2000.0,318490.0,197960.0,1.5432860000000002,0.519856,SGP,DEU,0342
51079,206,61,675,2000.0,0.0,366464.0,1.3226360000000001,1.1967809999999999,SVK,DEU,0342
51080,208,61,675,2000.0,1289732.0,340516.0,2.087984,0.811167,SWE,DEU,0342
51081,211,61,675,2000.0,24836.0,0.0,-0.868394,-0.9754459999999999,SYC,DEU,0342
51082,216,61,675,2000.0,76319.0,41912.0,0.505423,1.358217,THA,DEU,0342
51083,224,61,675,2000.0,342468.0,36685.0,0.127924,2.039773,TUR,DEU,0342
51084,228,61,675,2000.0,0.0,43389.0,0.622654,1.191971,UKR,DEU,0342
51085,230,61,675,2000.0,207825.0,0.0,0.18688,0.575136,URY,DEU,0342
51086,231,61,675,2000.0,27289588.0,51886.0,1.9869709999999998,0.021666,USA,DEU,0342
51087,234,61,675,2000.0,11424.0,0.0,0.216315,-0.206287,VCT,DEU,0342
51088,236,61,675,2000.0,53758.0,0.0,-0.12500999999999998,-0.8610610000000001,VEN,DEU,0342
51089,239,61,675,2000.0,956046.0,0.0,-0.589009,0.518708,VNM,DEU,0342
51090,243,61,675,2000.0,30123.0,0.0,-1.6733,-1.292217,YEM,DEU,0342
51091,246,61,675,2000.0,1237298.0,0.0,0.304739,2.2212709999999998,ZAF,DEU,0342
51092,249,61,675,2000.0,97077.0,1558435.0,1.642139,1.2375639999999999,TWN,DEU,0342
51093,250,61,675,2000.0,0.0,17709.0,1.094325,-0.32521100000000003,ANS,DEU,0342
51094,7,64,675,2000.0,0.0,133070.0,-0.421385,-0.675566,ARE,DNK,0342
51095,14,64,675,2000.0,20258.0,298206.0,0.039636000000000005,1.001203,AUS,DNK,0342
51096,15,64,675,2000.0,6330.0,547668.0,1.823798,0.465513,AUT,DNK,0342
51097,16,64,675,2000.0,0.0,13416.0,-0.36515,-0.8104979999999999,AZE,DNK,0342
51098,18,64,675,2000.0,306182.0,2145114.0,1.382578,1.406981,BEL,DNK,0342
51099,23,64,675,2000.0,0.0,97713.0,0.47338800000000003,1.7633599999999998,BGR,DNK,0342
51100,26,64,675,2000.0,0.0,19601.0,0.167776,0.32192,BIH,DNK,0342
51101,28,64,675,2000.0,0.0,22861.0,0.7323649999999999,1.1536170000000001,BLR,DNK,0342
51102,32,64,675,2000.0,0.0,11243.0,0.853466,1.28277,BRA,DNK,0342
51103,34,64,675,2000.0,0.0,24417.0,-1.690871,-1.122819,BRN,DNK,0342
51104,39,64,675,2000.0,680381.0,2328114.0,1.069101,1.284017,CAN,DNK,0342
51105,41,64,675,2000.0,0.0,1006712.0,2.268929,0.538191,CHE,DNK,0342
51106,42,64,675,2000.0,243349.0,0.0,-0.011509,0.0031190000000000002,CHL,DNK,0342
51107,43,64,675,2000.0,564195.0,11028624.0,0.43423,2.461961,CHN,DNK,0342
51108,57,64,675,2000.0,6515.0,0.0,0.602984,-0.688476,CYM,DNK,0342
51109,58,64,675,2000.0,13412.0,103888.0,0.264835,0.268755,CYP,DNK,0342
51110,59,64,675,2000.0,0.0,2484656.0,1.526256,0.9255639999999999,CZE,DNK,0342
51111,61,64,675,2000.0,2099233.0,32196402.0,2.3753580000000003,-2.4481029999999997,DEU,DNK,0342
51112,71,64,675,2000.0,1889271.0,7636240.0,1.158711,1.7613189999999999,ESP,DNK,0342
51113,72,64,675,2000.0,185964.0,206485.0,0.353545,0.665942,EST,DNK,0342
51114,74,64,675,2000.0,60085.0,1172331.0,1.9705560000000002,0.874341,FIN,DNK,0342
51115,77,64,675,2000.0,1143900.0,3665804.0,1.644969,0.56481,FRA,DNK,0342
51116,78,64,675,2000.0,6965860.0,313330.0,-0.25500700000000004,-0.823207,FRO,DNK,0342
51117,81,64,675,2000.0,2172948.0,2832402.0,2.099928,0.564025,GBR,DNK,0342
51118,83,64,675,2000.0,123182.0,51224.0,-1.092586,-0.8195030000000001,GHA,DNK,0342
51119,90,64,675,2000.0,12584.0,1878699.0,0.26193,1.607656,GRC,DNK,0342
51120,92,64,675,2000.0,20233568.0,254361.0,-0.365398,-0.849985,GRL,DNK,0342
51121,97,64,675,2000.0,0.0,469796.0,0.564112,1.776282,HKG,DNK,0342
51122,100,64,675,2000.0,0.0,445579.0,0.640015,1.1175899999999999,HRV,DNK,0342
51123,102,64,675,2000.0,0.0,49468.0,1.047497,1.284513,HUN,DNK,0342
51124,103,64,675,2000.0,11786.0,34082.0,0.05846799999999999,1.577531,IDN,DNK,0342
51125,104,64,675,2000.0,144785.0,0.0,0.323006,2.3446860000000003,IND,DNK,0342
51126,106,64,675,2000.0,1153450.0,74162.0,1.647548,0.34018899999999996,IRL,DNK,0342
51127,107,64,675,2000.0,6863.0,0.0,-0.8148770000000001,-1.040305,IRN,DNK,0342
51128,109,64,675,2000.0,901043.0,227761.0,-0.070436,-0.5575439999999999,ISL,DNK,0342
51129,110,64,675,2000.0,0.0,474039.0,1.4153870000000002,0.828117,ISR,DNK,0342
51130,111,64,675,2000.0,177655.0,2838590.0,1.51508,0.818283,ITA,DNK,0342
51131,112,64,675,2000.0,0.0,55424.0,-0.724729,-0.91094,JAM,DNK,0342
51132,113,64,675,2000.0,0.0,41725.0,0.677723,1.497694,JOR,DNK,0342
51133,114,64,675,2000.0,0.0,23808990.0,2.8218240000000003,0.255803,JPN,DNK,0342
51134,121,64,675,2000.0,3344540.0,1328701.0,1.248356,1.000666,KOR,DNK,0342
51135,124,64,675,2000.0,0.0,3204.0,0.139623,1.095387,LBN,DNK,0342
51136,130,64,675,2000.0,191802.0,554488.0,0.22767199999999999,0.794208,LTU,DNK,0342
51137,131,64,675,2000.0,200653.0,77325.0,1.203242,1.0729790000000001,LUX,DNK,0342
51138,132,64,675,2000.0,121588.0,249319.0,0.27229699999999996,0.402929,LVA,DNK,0342
51139,134,64,675,2000.0,0.0,13909.0,-0.5460510000000001,-0.33865100000000004,MAR,DNK,0342
51140,136,64,675,2000.0,10141.0,0.0,-1.082986,-0.614482,MDG,DNK,0342
51141,142,64,675,2000.0,0.0,62590.0,0.8771450000000001,-0.013614,MLT,DNK,0342
51142,153,64,675,2000.0,0.0,107452.0,0.789007,0.16084600000000002,MYS,DNK,0342
51143,155,64,675,2000.0,176576.0,0.0,-0.42796999999999996,-0.643361,NAM,DNK,0342
51144,156,64,675,2000.0,0.0,22900.0,-0.138942,-0.903899,NCL,DNK,0342
51145,159,64,675,2000.0,0.0,871998.0,-2.192487,-1.30587,NGA,DNK,0342
51146,160,64,675,2000.0,0.0,41090.0,-0.753571,-0.620488,NIC,DNK,0342
51147,162,64,675,2000.0,2111623.0,3121108.0,1.259257,1.595796,NLD,DNK,0342
51148,163,64,675,2000.0,17050292.0,2018164.0,0.6499050000000001,-0.177091,NOR,DNK,0342
51149,166,64,675,2000.0,387710.0,9604.0,0.419671,0.809288,NZL,DNK,0342
51150,167,64,675,2000.0,10569.0,0.0,-1.291169,-1.3004040000000001,OMN,DNK,0342
51151,173,64,675,2000.0,18182.0,0.0,-0.390278,-0.018691,PER,DNK,0342
51152,174,64,675,2000.0,0.0,285641.0,-0.010024,-0.368702,PHL,DNK,0342
51153,177,64,675,2000.0,1267394.0,4907960.0,0.9513659999999999,1.8445669999999998,POL,DNK,0342
51154,178,64,675,2000.0,367951.0,12096.0,0.795818,1.089874,PRK,DNK,0342
51155,179,64,675,2000.0,852145.0,2875093.0,0.624078,1.342565,PRT,DNK,0342
51156,183,64,675,2000.0,0.0,5149.0,-0.534754,-1.139729,QAT,DNK,0342
51157,185,64,675,2000.0,0.0,952992.0,0.55594,1.054573,ROU,DNK,0342
51158,186,64,675,2000.0,57439520.0,2776696.0,0.765547,0.369255,RUS,DNK,0342
51159,188,64,675,2000.0,0.0,64320.0,0.005864,-0.983202,SAU,DNK,0342
51160,189,64,675,2000.0,0.0,11741.0,0.484573,2.767036,SCG,DNK,0342
51161,192,64,675,2000.0,162974.0,162406.0,1.5432860000000002,0.519856,SGP,DNK,0342
51162,206,64,675,2000.0,0.0,380982.0,1.3226360000000001,1.1967809999999999,SVK,DNK,0342
51163,207,64,675,2000.0,0.0,37450.0,1.485695,1.122069,SVN,DNK,0342
51164,208,64,675,2000.0,1164950.0,4453624.0,2.087984,0.811167,SWE,DNK,0342
51165,209,64,675,2000.0,0.0,6666.0,0.265079,-0.277499,SWZ,DNK,0342
51166,215,64,675,2000.0,17785.0,27995.0,-0.741812,-0.6781550000000001,TGO,DNK,0342
51167,216,64,675,2000.0,151090.0,5263518.0,0.505423,1.358217,THA,DNK,0342
51168,224,64,675,2000.0,1729.0,19783.0,0.127924,2.039773,TUR,DNK,0342
51169,228,64,675,2000.0,89442.0,110594.0,0.622654,1.191971,UKR,DNK,0342
51170,231,64,675,2000.0,7283786.0,649132.0,1.9869709999999998,0.021666,USA,DNK,0342
51171,232,64,675,2000.0,0.0,72179.0,-0.487961,-0.64882,UZB,DNK,0342
51172,234,64,675,2000.0,4807168.0,0.0,0.216315,-0.206287,VCT,DNK,0342
51173,239,64,675,2000.0,69434.0,0.0,-0.589009,0.518708,VNM,DNK,0342
51174,246,64,675,2000.0,39503.0,0.0,0.304739,2.2212709999999998,ZAF,DNK,0342
51175,248,64,675,2000.0,32434.0,0.0,-0.43871899999999997,0.491989,ZWE,DNK,0342
51176,249,64,675,2000.0,221352.0,7600562.0,1.642139,1.2375639999999999,TWN,DNK,0342
51177,250,64,675,2000.0,27676.0,0.0,1.094325,-0.32521100000000003,ANS,DNK,0342
51178,8,67,675,2000.0,0.0,401058.0,0.140533,0.888049,ARG,ECU,0342
51179,32,67,675,2000.0,0.0,834951.0,0.853466,1.28277,BRA,ECU,0342
51180,39,67,675,2000.0,6870.0,69121.0,1.069101,1.284017,CAN,ECU,0342
51181,42,67,675,2000.0,4422.0,19784.0,-0.011509,0.0031190000000000002,CHL,ECU,0342
51182,43,67,675,2000.0,0.0,8833.0,0.43423,2.461961,CHN,ECU,0342
51183,49,67,675,2000.0,797277.0,4849957.0,0.12351400000000001,0.255517,COL,ECU,0342
51184,52,67,675,2000.0,0.0,133044.0,-0.136989,-0.190298,CRI,ECU,0342
51185,54,67,675,2000.0,0.0,358608.0,-0.800886,-1.133715,CUB,ECU,0342
51186,65,67,675,2000.0,0.0,252624.0,-0.5679569999999999,-0.61125,DOM,ECU,0342
51187,71,67,675,2000.0,5247560.0,6146684.0,1.158711,1.7613189999999999,ESP,ECU,0342
51188,72,67,675,2000.0,0.0,2136.0,0.353545,0.665942,EST,ECU,0342
51189,77,67,675,2000.0,0.0,165420.0,1.644969,0.56481,FRA,ECU,0342
51190,81,67,675,2000.0,0.0,163113.0,2.099928,0.564025,GBR,ECU,0342
51191,111,67,675,2000.0,0.0,649012.0,1.51508,0.818283,ITA,ECU,0342
51192,114,67,675,2000.0,0.0,8805376.0,2.8218240000000003,0.255803,JPN,ECU,0342
51193,121,67,675,2000.0,0.0,29679.0,1.248356,1.000666,KOR,ECU,0342
51194,138,67,675,2000.0,0.0,578868.0,0.9020379999999999,0.671139,MEX,ECU,0342
51195,162,67,675,2000.0,0.0,1086.0,1.259257,1.595796,NLD,ECU,0342
51196,169,67,675,2000.0,0.0,79803.0,0.107412,0.41455600000000004,PAN,ECU,0342
51197,173,67,675,2000.0,64299.0,211738.0,-0.390278,-0.018691,PER,ECU,0342
51198,178,67,675,2000.0,0.0,10635.0,0.795818,1.089874,PRK,ECU,0342
51199,179,67,675,2000.0,0.0,8564.0,0.624078,1.342565,PRT,ECU,0342
51200,216,67,675,2000.0,0.0,95754.0,0.505423,1.358217,THA,ECU,0342
51201,223,67,675,2000.0,0.0,74282.0,-0.061203999999999995,0.149345,TUN,ECU,0342
51202,230,67,675,2000.0,0.0,50224.0,0.18688,0.575136,URY,ECU,0342
51203,231,67,675,2000.0,43487.0,8780597.0,1.9869709999999998,0.021666,USA,ECU,0342
51204,246,67,675,2000.0,0.0,34865.0,0.304739,2.2212709999999998,ZAF,ECU,0342
51205,249,67,675,2000.0,1553438.0,10255.0,1.642139,1.2375639999999999,TWN,ECU,0342
51206,250,67,675,2000.0,24842.0,0.0,1.094325,-0.32521100000000003,ANS,ECU,0342
51207,2,71,675,2000.0,3404749.0,0.0,-1.9108209999999999,-1.2573379999999998,AGO,ESP,0342
51208,4,71,675,2000.0,0.0,3353.0,-0.123951,0.21450300000000003,ALB,ESP,0342
51209,5,71,675,2000.0,0.0,1030168.0,1.1846510000000001,0.816685,AND,ESP,0342
51210,6,71,675,2000.0,9954958.0,0.0,0.25759099999999996,-0.555668,ANT,ESP,0342
51211,7,71,675,2000.0,0.0,19203.0,-0.421385,-0.675566,ARE,ESP,0342
51212,8,71,675,2000.0,28357044.0,100806.0,0.140533,0.888049,ARG,ESP,0342
51213,13,71,675,2000.0,110831.0,0.0,0.146899,-0.622011,ATG,ESP,0342
51214,14,71,675,2000.0,0.0,131650.0,0.039636000000000005,1.001203,AUS,ESP,0342
51215,15,71,675,2000.0,0.0,79234.0,1.823798,0.465513,AUT,ESP,0342
51216,18,71,675,2000.0,901769.0,309077.0,1.382578,1.406981,BEL,ESP,0342
51217,19,71,675,2000.0,7995.0,0.0,-0.8717870000000001,-0.788797,BEN,ESP,0342
51218,23,71,675,2000.0,0.0,131648.0,0.47338800000000003,1.7633599999999998,BGR,ESP,0342
51219,26,71,675,2000.0,0.0,672991.0,0.167776,0.32192,BIH,ESP,0342
51220,28,71,675,2000.0,0.0,6667.0,0.7323649999999999,1.1536170000000001,BLR,ESP,0342
51221,29,71,675,2000.0,15971532.0,0.0,-0.762942,-0.794567,BLZ,ESP,0342
51222,32,71,675,2000.0,10173937.0,1650438.0,0.853466,1.28277,BRA,ESP,0342
51223,39,71,675,2000.0,804641.0,753350.0,1.069101,1.284017,CAN,ESP,0342
51224,41,71,675,2000.0,0.0,623077.0,2.268929,0.538191,CHE,ESP,0342
51225,42,71,675,2000.0,30308514.0,683300.0,-0.011509,0.0031190000000000002,CHL,ESP,0342
51226,43,71,675,2000.0,7814621.0,15008159.0,0.43423,2.461961,CHN,ESP,0342
51227,44,71,675,2000.0,737041.0,7313483.0,-0.7955,-0.7019989999999999,CIV,ESP,0342
51228,45,71,675,2000.0,27406.0,569407.0,-1.6617520000000001,-1.264815,CMR,ESP,0342
51229,49,71,675,2000.0,5190448.0,6249646.0,0.12351400000000001,0.255517,COL,ESP,0342
51230,51,71,675,2000.0,487785.0,0.0,0.358579,-0.238117,CPV,ESP,0342
51231,52,71,675,2000.0,340952.0,0.0,-0.136989,-0.190298,CRI,ESP,0342
51232,54,71,675,2000.0,8306.0,314705.0,-0.800886,-1.133715,CUB,ESP,0342
51233,58,71,675,2000.0,0.0,98032.0,0.264835,0.268755,CYP,ESP,0342
51234,59,71,675,2000.0,24411.0,373510.0,1.526256,0.9255639999999999,CZE,ESP,0342
51235,61,71,675,2000.0,1964669.0,9056609.0,2.3753580000000003,-2.4481029999999997,DEU,ESP,0342
51236,64,71,675,2000.0,7636240.0,1889271.0,1.312843,1.4304370000000002,DNK,ESP,0342
51237,65,71,675,2000.0,0.0,355115.0,-0.5679569999999999,-0.61125,DOM,ESP,0342
51238,66,71,675,2000.0,12637.0,3772967.0,-0.9876940000000001,-1.194216,DZA,ESP,0342
51239,67,71,675,2000.0,6146684.0,5247560.0,-1.016643,-0.8385469999999999,ECU,ESP,0342
51240,68,71,675,2000.0,50757.0,167095.0,-0.365578,0.01634,EGY,ESP,0342
51241,72,71,675,2000.0,182313.0,191352.0,0.353545,0.665942,EST,ESP,0342
51242,74,71,675,2000.0,0.0,17471.0,1.9705560000000002,0.874341,FIN,ESP,0342
51243,76,71,675,2000.0,7475558.0,0.0,0.10759,-0.8671260000000001,FLK,ESP,0342
51244,77,71,675,2000.0,13950382.0,15138428.0,1.644969,0.56481,FRA,ESP,0342
51245,78,71,675,2000.0,419430.0,0.0,-0.25500700000000004,-0.823207,FRO,ESP,0342
51246,80,71,675,2000.0,348855.0,0.0,-0.798345,-1.1725450000000002,GAB,ESP,0342
51247,81,71,675,2000.0,6436306.0,7011864.0,2.099928,0.564025,GBR,ESP,0342
51248,83,71,675,2000.0,5583238.0,3874033.0,-1.092586,-0.8195030000000001,GHA,ESP,0342
51249,84,71,675,2000.0,0.0,86531.0,0.726867,-0.177457,GIB,ESP,0342
51250,85,71,675,2000.0,4147742.0,593862.0,-1.632607,-1.261362,GIN,ESP,0342
51251,87,71,675,2000.0,4718.0,0.0,-0.33173400000000003,-0.43841499999999994,GMB,ESP,0342
51252,90,71,675,2000.0,237782.0,10713832.0,0.26193,1.607656,GRC,ESP,0342
51253,92,71,675,2000.0,184347.0,0.0,-0.365398,-0.849985,GRL,ESP,0342
51254,93,71,675,2000.0,13182393.0,0.0,-0.37711100000000003,0.191477,GTM,ESP,0342
51255,97,71,675,2000.0,0.0,24928752.0,0.564112,1.776282,HKG,ESP,0342
51256,99,71,675,2000.0,1421846.0,0.0,-0.756031,-0.58392,HND,ESP,0342
51257,100,71,675,2000.0,0.0,660915.0,0.640015,1.1175899999999999,HRV,ESP,0342
51258,102,71,675,2000.0,0.0,169405.0,1.047497,1.284513,HUN,ESP,0342
51259,103,71,675,2000.0,1688483.0,248375.0,0.05846799999999999,1.577531,IDN,ESP,0342
51260,104,71,675,2000.0,5051798.0,0.0,0.323006,2.3446860000000003,IND,ESP,0342
51261,106,71,675,2000.0,2825446.0,0.0,1.647548,0.34018899999999996,IRL,ESP,0342
51262,107,71,675,2000.0,2642990.0,0.0,-0.8148770000000001,-1.040305,IRN,ESP,0342
51263,109,71,675,2000.0,3145283.0,423897.0,-0.070436,-0.5575439999999999,ISL,ESP,0342
51264,110,71,675,2000.0,7640.0,324883.0,1.4153870000000002,0.828117,ISR,ESP,0342
51265,111,71,675,2000.0,5814148.0,62421388.0,1.51508,0.818283,ITA,ESP,0342
51266,114,71,675,2000.0,8482683.0,16690627.0,2.8218240000000003,0.255803,JPN,ESP,0342
51267,116,71,675,2000.0,0.0,2427508.0,-0.554244,-0.1757,KEN,ESP,0342
51268,117,71,675,2000.0,0.0,1258.0,0.215581,0.343262,KGZ,ESP,0342
51269,121,71,675,2000.0,4645791.0,1752918.0,1.248356,1.000666,KOR,ESP,0342
51270,124,71,675,2000.0,0.0,117822.0,0.139623,1.095387,LBN,ESP,0342
51271,126,71,675,2000.0,0.0,149605.0,-0.8606719999999999,-1.188626,LBY,ESP,0342
51272,130,71,675,2000.0,34422.0,427014.0,0.22767199999999999,0.794208,LTU,ESP,0342
51273,131,71,675,2000.0,0.0,136421.0,1.203242,1.0729790000000001,LUX,ESP,0342
51274,132,71,675,2000.0,0.0,394695.0,0.27229699999999996,0.402929,LVA,ESP,0342
51275,134,71,675,2000.0,11640236.0,945158.0,-0.5460510000000001,-0.33865100000000004,MAR,ESP,0342
51276,135,71,675,2000.0,0.0,29311.0,0.039072,0.103148,MDA,ESP,0342
51277,136,71,675,2000.0,86086.0,1377564.0,-1.082986,-0.614482,MDG,ESP,0342
51278,138,71,675,2000.0,920965.0,1850459.0,0.9020379999999999,0.671139,MEX,ESP,0342
51279,140,71,675,2000.0,0.0,62580.0,0.159675,0.429424,MKD,ESP,0342
51280,142,71,675,2000.0,0.0,219118.0,0.8771450000000001,-0.013614,MLT,ESP,0342
51281,147,71,675,2000.0,1290404.0,1276.0,-0.774857,-0.792454,MOZ,ESP,0342
51282,148,71,675,2000.0,21893556.0,27001.0,-1.444615,-1.29284,MRT,ESP,0342
51283,151,71,675,2000.0,64555.0,892066.0,-0.472778,-0.6301760000000001,MUS,ESP,0342
51284,153,71,675,2000.0,6035.0,45597.0,0.789007,0.16084600000000002,MYS,ESP,0342
51285,155,71,675,2000.0,54476520.0,382961.0,-0.42796999999999996,-0.643361,NAM,ESP,0342
51286,159,71,675,2000.0,0.0,11017187.0,-2.192487,-1.30587,NGA,ESP,0342
51287,162,71,675,2000.0,14257842.0,1751803.0,1.259257,1.595796,NLD,ESP,0342
51288,163,71,675,2000.0,4853628.0,1437.0,0.6499050000000001,-0.177091,NOR,ESP,0342
51289,166,71,675,2000.0,13018874.0,0.0,0.419671,0.809288,NZL,ESP,0342
51290,167,71,675,2000.0,443319.0,0.0,-1.291169,-1.3004040000000001,OMN,ESP,0342
51291,168,71,675,2000.0,148219.0,0.0,-0.76763,-0.435066,PAK,ESP,0342
51292,169,71,675,2000.0,8902614.0,59002.0,0.107412,0.41455600000000004,PAN,ESP,0342
51293,173,71,675,2000.0,1522786.0,0.0,-0.390278,-0.018691,PER,ESP,0342
51294,174,71,675,2000.0,77288.0,6337454.0,-0.010024,-0.368702,PHL,ESP,0342
51295,177,71,675,2000.0,714946.0,1159389.0,0.9513659999999999,1.8445669999999998,POL,ESP,0342
51296,179,71,675,2000.0,40665476.0,110730976.0,0.624078,1.342565,PRT,ESP,0342
51297,182,71,675,2000.0,131539.0,0.0,-0.382787,-0.837533,PYF,ESP,0342
51298,185,71,675,2000.0,0.0,228721.0,0.55594,1.054573,ROU,ESP,0342
51299,186,71,675,2000.0,9235960.0,857924.0,0.765547,0.369255,RUS,ESP,0342
51300,189,71,675,2000.0,0.0,108910.0,0.484573,2.767036,SCG,ESP,0342
51301,191,71,675,2000.0,4561796.0,105973.0,-0.449184,-0.375335,SEN,ESP,0342
51302,192,71,675,2000.0,9144232.0,2699759.0,1.5432860000000002,0.519856,SGP,ESP,0342
51303,206,71,675,2000.0,0.0,69920.0,1.3226360000000001,1.1967809999999999,SVK,ESP,0342
51304,207,71,675,2000.0,0.0,107797.0,1.485695,1.122069,SVN,ESP,0342
51305,208,71,675,2000.0,411218.0,93998.0,2.087984,0.811167,SWE,ESP,0342
51306,211,71,675,2000.0,817773.0,15400620.0,-0.868394,-0.9754459999999999,SYC,ESP,0342
51307,216,71,675,2000.0,220828.0,3042710.0,0.505423,1.358217,THA,ESP,0342
51308,223,71,675,2000.0,8510.0,1054965.0,-0.061203999999999995,0.149345,TUN,ESP,0342
51309,224,71,675,2000.0,75987.0,9474378.0,0.127924,2.039773,TUR,ESP,0342
51310,226,71,675,2000.0,171537.0,0.0,-1.14198,-0.368647,TZA,ESP,0342
51311,228,71,675,2000.0,5751678.0,471959.0,0.622654,1.191971,UKR,ESP,0342
51312,230,71,675,2000.0,3321904.0,105842.0,0.18688,0.575136,URY,ESP,0342
51313,231,71,675,2000.0,16797778.0,2552857.0,1.9869709999999998,0.021666,USA,ESP,0342
51314,234,71,675,2000.0,124174.0,0.0,0.216315,-0.206287,VCT,ESP,0342
51315,236,71,675,2000.0,4112477.0,120921.0,-0.12500999999999998,-0.8610610000000001,VEN,ESP,0342
51316,239,71,675,2000.0,163152.0,0.0,-0.589009,0.518708,VNM,ESP,0342
51317,243,71,675,2000.0,1133.0,0.0,-1.6733,-1.292217,YEM,ESP,0342
51318,246,71,675,2000.0,14192827.0,171739.0,0.304739,2.2212709999999998,ZAF,ESP,0342
51319,249,71,675,2000.0,4247007.0,6756418.0,1.642139,1.2375639999999999,TWN,ESP,0342
51320,250,71,675,2000.0,0.0,354685.0,1.094325,-0.32521100000000003,ANS,ESP,0342
51321,14,74,675,2000.0,0.0,141064.0,0.039636000000000005,1.001203,AUS,FIN,0342
51322,18,74,675,2000.0,3579.0,0.0,1.382578,1.406981,BEL,FIN,0342
51323,39,74,675,2000.0,3652230.0,0.0,1.069101,1.284017,CAN,FIN,0342
51324,41,74,675,2000.0,0.0,64300.0,2.268929,0.538191,CHE,FIN,0342
51325,43,74,675,2000.0,1585.0,0.0,0.43423,2.461961,CHN,FIN,0342
51326,58,74,675,2000.0,0.0,9629.0,0.264835,0.268755,CYP,FIN,0342
51327,61,74,675,2000.0,26988.0,92363.0,2.3753580000000003,-2.4481029999999997,DEU,FIN,0342
51328,64,74,675,2000.0,1172331.0,60085.0,1.312843,1.4304370000000002,DNK,FIN,0342
51329,71,74,675,2000.0,17471.0,0.0,1.158711,1.7613189999999999,ESP,FIN,0342
51330,72,74,675,2000.0,244622.0,219248.0,0.353545,0.665942,EST,FIN,0342
51331,77,74,675,2000.0,2278.0,56075.0,1.644969,0.56481,FRA,FIN,0342
51332,81,74,675,2000.0,5906.0,0.0,2.099928,0.564025,GBR,FIN,0342
51333,90,74,675,2000.0,4564.0,0.0,0.26193,1.607656,GRC,FIN,0342
51334,106,74,675,2000.0,15009.0,0.0,1.647548,0.34018899999999996,IRL,FIN,0342
51335,111,74,675,2000.0,20598.0,4512.0,1.51508,0.818283,ITA,FIN,0342
51336,114,74,675,2000.0,0.0,692163.0,2.8218240000000003,0.255803,JPN,FIN,0342
51337,121,74,675,2000.0,5906.0,0.0,1.248356,1.000666,KOR,FIN,0342
51338,130,74,675,2000.0,0.0,7612.0,0.22767199999999999,0.794208,LTU,FIN,0342
51339,132,74,675,2000.0,33601.0,0.0,0.27229699999999996,0.402929,LVA,FIN,0342
51340,162,74,675,2000.0,117464.0,0.0,1.259257,1.595796,NLD,FIN,0342
51341,163,74,675,2000.0,732168.0,21244.0,0.6499050000000001,-0.177091,NOR,FIN,0342
51342,173,74,675,2000.0,3794.0,0.0,-0.390278,-0.018691,PER,FIN,0342
51343,186,74,675,2000.0,0.0,1422827.0,0.765547,0.369255,RUS,FIN,0342
51344,208,74,675,2000.0,248417.0,89735.0,2.087984,0.811167,SWE,FIN,0342
51345,216,74,675,2000.0,5385.0,0.0,0.505423,1.358217,THA,FIN,0342
51346,228,74,675,2000.0,0.0,23656.0,0.622654,1.191971,UKR,FIN,0342
51347,231,74,675,2000.0,79342.0,0.0,1.9869709999999998,0.021666,USA,FIN,0342
51348,249,74,675,2000.0,7384.0,0.0,1.642139,1.2375639999999999,TWN,FIN,0342
51349,2,77,675,2000.0,1164.0,5621.0,-1.9108209999999999,-1.2573379999999998,AGO,FRA,0342
51350,5,77,675,2000.0,0.0,1703.0,1.1846510000000001,0.816685,AND,FRA,0342
51351,6,77,675,2000.0,96808.0,0.0,0.25759099999999996,-0.555668,ANT,FRA,0342
51352,8,77,675,2000.0,5807999.0,0.0,0.140533,0.888049,ARG,FRA,0342
51353,15,77,675,2000.0,0.0,72235.0,1.823798,0.465513,AUT,FRA,0342
51354,16,77,675,2000.0,0.0,8766.0,-0.36515,-0.8104979999999999,AZE,FRA,0342
51355,18,77,675,2000.0,8593148.0,1200550.0,1.382578,1.406981,BEL,FRA,0342
51356,19,77,675,2000.0,0.0,2940.0,-0.8717870000000001,-0.788797,BEN,FRA,0342
51357,22,77,675,2000.0,13528.0,0.0,-0.8757879999999999,-0.95126,BGD,FRA,0342
51358,24,77,675,2000.0,0.0,3255.0,-0.270413,-0.882984,BHR,FRA,0342
51359,28,77,675,2000.0,0.0,12655.0,0.7323649999999999,1.1536170000000001,BLR,FRA,0342
51360,29,77,675,2000.0,353364.0,0.0,-0.762942,-0.794567,BLZ,FRA,0342
51361,32,77,675,2000.0,537704.0,1835.0,0.853466,1.28277,BRA,FRA,0342
51362,38,77,675,2000.0,0.0,4196.0,-0.8516819999999999,-0.9873059999999999,CAF,FRA,0342
51363,39,77,675,2000.0,4067096.0,298857.0,1.069101,1.284017,CAN,FRA,0342
51364,41,77,675,2000.0,6706.0,356388.0,2.268929,0.538191,CHE,FRA,0342
51365,42,77,675,2000.0,2787590.0,0.0,-0.011509,0.0031190000000000002,CHL,FRA,0342
51366,43,77,675,2000.0,1932236.0,6369664.0,0.43423,2.461961,CHN,FRA,0342
51367,44,77,675,2000.0,272133.0,29775196.0,-0.7955,-0.7019989999999999,CIV,FRA,0342
51368,45,77,675,2000.0,0.0,8107.0,-1.6617520000000001,-1.264815,CMR,FRA,0342
51369,52,77,675,2000.0,603567.0,19477.0,-0.136989,-0.190298,CRI,FRA,0342
51370,58,77,675,2000.0,46726.0,13989.0,0.264835,0.268755,CYP,FRA,0342
51371,59,77,675,2000.0,0.0,318742.0,1.526256,0.9255639999999999,CZE,FRA,0342
51372,61,77,675,2000.0,3048905.0,647421.0,2.3753580000000003,-2.4481029999999997,DEU,FRA,0342
51373,62,77,675,2000.0,0.0,6329.0,-0.108877,-0.305752,DJI,FRA,0342
51374,64,77,675,2000.0,3665804.0,1143900.0,1.312843,1.4304370000000002,DNK,FRA,0342
51375,66,77,675,2000.0,5849.0,0.0,-0.9876940000000001,-1.194216,DZA,FRA,0342
51376,67,77,675,2000.0,165420.0,0.0,-1.016643,-0.8385469999999999,ECU,FRA,0342
51377,68,77,675,2000.0,0.0,939819.0,-0.365578,0.01634,EGY,FRA,0342
51378,71,77,675,2000.0,15138428.0,13950382.0,1.158711,1.7613189999999999,ESP,FRA,0342
51379,72,77,675,2000.0,15079.0,59793.0,0.353545,0.665942,EST,FRA,0342
51380,74,77,675,2000.0,56075.0,2278.0,1.9705560000000002,0.874341,FIN,FRA,0342
51381,75,77,675,2000.0,104487.0,0.0,-0.775963,-0.28976999999999997,FJI,FRA,0342
51382,78,77,675,2000.0,1502577.0,0.0,-0.25500700000000004,-0.823207,FRO,FRA,0342
51383,80,77,675,2000.0,2388.0,11507.0,-0.798345,-1.1725450000000002,GAB,FRA,0342
51384,81,77,675,2000.0,10230868.0,3003487.0,2.099928,0.564025,GBR,FRA,0342
51385,82,77,675,2000.0,19151.0,0.0,0.335756,0.217348,GEO,FRA,0342
51386,83,77,675,2000.0,452800.0,448930.0,-1.092586,-0.8195030000000001,GHA,FRA,0342
51387,85,77,675,2000.0,24637.0,1675.0,-1.632607,-1.261362,GIN,FRA,0342
51388,87,77,675,2000.0,5676.0,0.0,-0.33173400000000003,-0.43841499999999994,GMB,FRA,0342
51389,90,77,675,2000.0,324352.0,207393.0,0.26193,1.607656,GRC,FRA,0342
51390,91,77,675,2000.0,38064.0,0.0,0.581976,-0.196366,GRD,FRA,0342
51391,92,77,675,2000.0,138701.0,0.0,-0.365398,-0.849985,GRL,FRA,0342
51392,97,77,675,2000.0,0.0,333457.0,0.564112,1.776282,HKG,FRA,0342
51393,100,77,675,2000.0,0.0,211312.0,0.640015,1.1175899999999999,HRV,FRA,0342
51394,101,77,675,2000.0,0.0,129551.0,-0.946832,-0.818751,HTI,FRA,0342
51395,103,77,675,2000.0,1783470.0,7247.0,0.05846799999999999,1.577531,IDN,FRA,0342
51396,104,77,675,2000.0,4249060.0,0.0,0.323006,2.3446860000000003,IND,FRA,0342
51397,106,77,675,2000.0,2139456.0,15208.0,1.647548,0.34018899999999996,IRL,FRA,0342
51398,107,77,675,2000.0,103619.0,0.0,-0.8148770000000001,-1.040305,IRN,FRA,0342
51399,109,77,675,2000.0,4458554.0,0.0,-0.070436,-0.5575439999999999,ISL,FRA,0342
51400,110,77,675,2000.0,433408.0,28946.0,1.4153870000000002,0.828117,ISR,FRA,0342
51401,111,77,675,2000.0,3905540.0,17453116.0,1.51508,0.818283,ITA,FRA,0342
51402,112,77,675,2000.0,0.0,1788.0,-0.724729,-0.91094,JAM,FRA,0342
51403,114,77,675,2000.0,2858920.0,15566967.0,2.8218240000000003,0.255803,JPN,FRA,0342
51404,116,77,675,2000.0,75708.0,177424.0,-0.554244,-0.1757,KEN,FRA,0342
51405,118,77,675,2000.0,0.0,5518.0,-0.9248430000000001,-1.071231,KHM,FRA,0342
51406,120,77,675,2000.0,0.0,11033.0,0.774566,-0.46352299999999996,KNA,FRA,0342
51407,121,77,675,2000.0,851696.0,422134.0,1.248356,1.000666,KOR,FRA,0342
51408,124,77,675,2000.0,0.0,51405.0,0.139623,1.095387,LBN,FRA,0342
51409,127,77,675,2000.0,0.0,1806.0,-0.0033490000000000004,-0.6011340000000001,LCA,FRA,0342
51410,128,77,675,2000.0,1997778.0,0.0,-0.497407,0.004686999999999999,LKA,FRA,0342
51411,130,77,675,2000.0,49676.0,270646.0,0.22767199999999999,0.794208,LTU,FRA,0342
51412,131,77,675,2000.0,18781.0,177835.0,1.203242,1.0729790000000001,LUX,FRA,0342
51413,132,77,675,2000.0,20018.0,0.0,0.27229699999999996,0.402929,LVA,FRA,0342
51414,134,77,675,2000.0,1939993.0,49082.0,-0.5460510000000001,-0.33865100000000004,MAR,FRA,0342
51415,135,77,675,2000.0,0.0,31008.0,0.039072,0.103148,MDA,FRA,0342
51416,136,77,675,2000.0,1024543.0,4226400.0,-1.082986,-0.614482,MDG,FRA,0342
51417,138,77,675,2000.0,19855.0,10078.0,0.9020379999999999,0.671139,MEX,FRA,0342
51418,140,77,675,2000.0,0.0,226241.0,0.159675,0.429424,MKD,FRA,0342
51419,141,77,675,2000.0,18830.0,0.0,-0.38716799999999996,-0.511165,MLI,FRA,0342
51420,148,77,675,2000.0,898191.0,0.0,-1.444615,-1.29284,MRT,FRA,0342
51421,151,77,675,2000.0,20564.0,3314519.0,-0.472778,-0.6301760000000001,MUS,FRA,0342
51422,153,77,675,2000.0,0.0,100068.0,0.789007,0.16084600000000002,MYS,FRA,0342
51423,154,77,675,2000.0,0.0,28177.0,1.449263,-0.190901,MYT,FRA,0342
51424,155,77,675,2000.0,2053480.0,0.0,-0.42796999999999996,-0.643361,NAM,FRA,0342
51425,156,77,675,2000.0,0.0,98214.0,-0.138942,-0.903899,NCL,FRA,0342
51426,157,77,675,2000.0,0.0,1514.0,-0.8181390000000001,-0.527107,NER,FRA,0342
51427,159,77,675,2000.0,52579.0,1134812.0,-2.192487,-1.30587,NGA,FRA,0342
51428,162,77,675,2000.0,9497099.0,3472114.0,1.259257,1.595796,NLD,FRA,0342
51429,163,77,675,2000.0,7318552.0,78717.0,0.6499050000000001,-0.177091,NOR,FRA,0342
51430,166,77,675,2000.0,2344583.0,0.0,0.419671,0.809288,NZL,FRA,0342
51431,167,77,675,2000.0,502923.0,0.0,-1.291169,-1.3004040000000001,OMN,FRA,0342
51432,168,77,675,2000.0,42930.0,0.0,-0.76763,-0.435066,PAK,FRA,0342
51433,169,77,675,2000.0,136165.0,0.0,0.107412,0.41455600000000004,PAN,FRA,0342
51434,173,77,675,2000.0,2305786.0,0.0,-0.390278,-0.018691,PER,FRA,0342
51435,174,77,675,2000.0,0.0,23597.0,-0.010024,-0.368702,PHL,FRA,0342
51436,177,77,675,2000.0,474545.0,39870.0,0.9513659999999999,1.8445669999999998,POL,FRA,0342
51437,178,77,675,2000.0,12714.0,0.0,0.795818,1.089874,PRK,FRA,0342
51438,179,77,675,2000.0,2716278.0,435104.0,0.624078,1.342565,PRT,FRA,0342
51439,182,77,675,2000.0,422963.0,16935.0,-0.382787,-0.837533,PYF,FRA,0342
51440,183,77,675,2000.0,0.0,38642.0,-0.534754,-1.139729,QAT,FRA,0342
51441,185,77,675,2000.0,12403.0,95233.0,0.55594,1.054573,ROU,FRA,0342
51442,186,77,675,2000.0,6669790.0,513159.0,0.765547,0.369255,RUS,FRA,0342
51443,188,77,675,2000.0,0.0,2559.0,0.005864,-0.983202,SAU,FRA,0342
51444,189,77,675,2000.0,0.0,26657.0,0.484573,2.767036,SCG,FRA,0342
51445,191,77,675,2000.0,2130027.0,15116.0,-0.449184,-0.375335,SEN,FRA,0342
51446,192,77,675,2000.0,101300.0,8787.0,1.5432860000000002,0.519856,SGP,FRA,0342
51447,205,77,675,2000.0,959029.0,8319.0,-0.7238720000000001,-0.807254,SUR,FRA,0342
51448,206,77,675,2000.0,0.0,6455.0,1.3226360000000001,1.1967809999999999,SVK,FRA,0342
51449,207,77,675,2000.0,0.0,6156.0,1.485695,1.122069,SVN,FRA,0342
51450,208,77,675,2000.0,846941.0,42536.0,2.087984,0.811167,SWE,FRA,0342
51451,211,77,675,2000.0,412657.0,10246360.0,-0.868394,-0.9754459999999999,SYC,FRA,0342
51452,215,77,675,2000.0,3527.0,337951.0,-0.741812,-0.6781550000000001,TGO,FRA,0342
51453,216,77,675,2000.0,584433.0,5855914.0,0.505423,1.358217,THA,FRA,0342
51454,223,77,675,2000.0,11086.0,2370169.0,-0.061203999999999995,0.149345,TUN,FRA,0342
51455,224,77,675,2000.0,114902.0,479819.0,0.127924,2.039773,TUR,FRA,0342
51456,228,77,675,2000.0,312862.0,24582.0,0.622654,1.191971,UKR,FRA,0342
51457,230,77,675,2000.0,522745.0,0.0,0.18688,0.575136,URY,FRA,0342
51458,231,77,675,2000.0,32393372.0,3758620.0,1.9869709999999998,0.021666,USA,FRA,0342
51459,234,77,675,2000.0,69380.0,0.0,0.216315,-0.206287,VCT,FRA,0342
51460,236,77,675,2000.0,329572.0,0.0,-0.12500999999999998,-0.8610610000000001,VEN,FRA,0342
51461,239,77,675,2000.0,938299.0,0.0,-0.589009,0.518708,VNM,FRA,0342
51462,243,77,675,2000.0,282284.0,0.0,-1.6733,-1.292217,YEM,FRA,0342
51463,246,77,675,2000.0,1989505.0,0.0,0.304739,2.2212709999999998,ZAF,FRA,0342
51464,248,77,675,2000.0,1881445.0,0.0,-0.43871899999999997,0.491989,ZWE,FRA,0342
51465,249,77,675,2000.0,2094752.0,12586.0,1.642139,1.2375639999999999,TWN,FRA,0342
51466,250,77,675,2000.0,2262.0,0.0,1.094325,-0.32521100000000003,ANS,FRA,0342
51467,7,81,675,2000.0,0.0,25993.0,-0.421385,-0.675566,ARE,GBR,0342
51468,8,81,675,2000.0,187800.0,0.0,0.140533,0.888049,ARG,GBR,0342
51469,13,81,675,2000.0,0.0,3074.0,0.146899,-0.622011,ATG,GBR,0342
51470,14,81,675,2000.0,51692.0,359926.0,0.039636000000000005,1.001203,AUS,GBR,0342
51471,15,81,675,2000.0,0.0,21629.0,1.823798,0.465513,AUT,GBR,0342
51472,18,81,675,2000.0,175862.0,383369.0,1.382578,1.406981,BEL,GBR,0342
51473,22,81,675,2000.0,5070100.0,3601.0,-0.8757879999999999,-0.95126,BGD,GBR,0342
51474,23,81,675,2000.0,0.0,1533283.0,0.47338800000000003,1.7633599999999998,BGR,GBR,0342
51475,24,81,675,2000.0,0.0,52704.0,-0.270413,-0.882984,BHR,GBR,0342
51476,28,81,675,2000.0,0.0,68860.0,0.7323649999999999,1.1536170000000001,BLR,GBR,0342
51477,30,81,675,2000.0,0.0,2487.0,0.770323,-0.5255350000000001,BMU,GBR,0342
51478,33,81,675,2000.0,0.0,16466.0,0.610079,0.267843,BRB,GBR,0342
51479,39,81,675,2000.0,1325400.0,1164128.0,1.069101,1.284017,CAN,GBR,0342
51480,41,81,675,2000.0,0.0,748086.0,2.268929,0.538191,CHE,GBR,0342
51481,42,81,675,2000.0,3944157.0,0.0,-0.011509,0.0031190000000000002,CHL,GBR,0342
51482,43,81,675,2000.0,1159205.0,2181652.0,0.43423,2.461961,CHN,GBR,0342
51483,44,81,675,2000.0,117907.0,4637.0,-0.7955,-0.7019989999999999,CIV,GBR,0342
51484,49,81,675,2000.0,0.0,1288.0,0.12351400000000001,0.255517,COL,GBR,0342
51485,58,81,675,2000.0,4799.0,104175.0,0.264835,0.268755,CYP,GBR,0342
51486,59,81,675,2000.0,0.0,101452.0,1.526256,0.9255639999999999,CZE,GBR,0342
51487,61,81,675,2000.0,3323106.0,3850898.0,2.3753580000000003,-2.4481029999999997,DEU,GBR,0342
51488,64,81,675,2000.0,2832402.0,2172948.0,1.312843,1.4304370000000002,DNK,GBR,0342
51489,66,81,675,2000.0,0.0,13604.0,-0.9876940000000001,-1.194216,DZA,GBR,0342
51490,67,81,675,2000.0,163113.0,0.0,-1.016643,-0.8385469999999999,ECU,GBR,0342
51491,68,81,675,2000.0,0.0,7606350.0,-0.365578,0.01634,EGY,GBR,0342
51492,71,81,675,2000.0,7011864.0,6436306.0,1.158711,1.7613189999999999,ESP,GBR,0342
51493,72,81,675,2000.0,0.0,534719.0,0.353545,0.665942,EST,GBR,0342
51494,73,81,675,2000.0,24480.0,0.0,-1.1137629999999998,-1.020996,ETH,GBR,0342
51495,74,81,675,2000.0,0.0,5906.0,1.9705560000000002,0.874341,FIN,GBR,0342
51496,76,81,675,2000.0,0.0,5583.0,0.10759,-0.8671260000000001,FLK,GBR,0342
51497,77,81,675,2000.0,3003487.0,10230868.0,1.644969,0.56481,FRA,GBR,0342
51498,78,81,675,2000.0,3545550.0,75931.0,-0.25500700000000004,-0.823207,FRO,GBR,0342
51499,83,81,675,2000.0,78603.0,1483484.0,-1.092586,-0.8195030000000001,GHA,GBR,0342
51500,84,81,675,2000.0,0.0,174948.0,0.726867,-0.177457,GIB,GBR,0342
51501,85,81,675,2000.0,9484.0,0.0,-1.632607,-1.261362,GIN,GBR,0342
51502,90,81,675,2000.0,81061.0,369365.0,0.26193,1.607656,GRC,GBR,0342
51503,92,81,675,2000.0,26348.0,0.0,-0.365398,-0.849985,GRL,GBR,0342
51504,97,81,675,2000.0,0.0,785970.0,0.564112,1.776282,HKG,GBR,0342
51505,100,81,675,2000.0,0.0,19982.0,0.640015,1.1175899999999999,HRV,GBR,0342
51506,103,81,675,2000.0,1444433.0,108924.0,0.05846799999999999,1.577531,IDN,GBR,0342
51507,104,81,675,2000.0,2944104.0,0.0,0.323006,2.3446860000000003,IND,GBR,0342
51508,106,81,675,2000.0,5784116.0,2047522.0,1.647548,0.34018899999999996,IRL,GBR,0342
51509,109,81,675,2000.0,8578812.0,86126.0,-0.070436,-0.5575439999999999,ISL,GBR,0342
51510,110,81,675,2000.0,33069.0,322301.0,1.4153870000000002,0.828117,ISR,GBR,0342
51511,111,81,675,2000.0,127839.0,1939802.0,1.51508,0.818283,ITA,GBR,0342
51512,113,81,675,2000.0,0.0,22340.0,0.677723,1.497694,JOR,GBR,0342
51513,114,81,675,2000.0,0.0,2951941.0,2.8218240000000003,0.255803,JPN,GBR,0342
51514,116,81,675,2000.0,14020.0,15133.0,-0.554244,-0.1757,KEN,GBR,0342
51515,120,81,675,2000.0,0.0,2700.0,0.774566,-0.46352299999999996,KNA,GBR,0342
51516,121,81,675,2000.0,390894.0,190501.0,1.248356,1.000666,KOR,GBR,0342
51517,122,81,675,2000.0,0.0,9073.0,-0.825533,-1.190257,KWT,GBR,0342
51518,124,81,675,2000.0,0.0,29180.0,0.139623,1.095387,LBN,GBR,0342
51519,127,81,675,2000.0,0.0,35430.0,-0.0033490000000000004,-0.6011340000000001,LCA,GBR,0342
51520,128,81,675,2000.0,1744875.0,248287.0,-0.497407,0.004686999999999999,LKA,GBR,0342
51521,130,81,675,2000.0,6545.0,1904762.0,0.22767199999999999,0.794208,LTU,GBR,0342
51522,132,81,675,2000.0,0.0,2706161.0,0.27229699999999996,0.402929,LVA,GBR,0342
51523,133,81,675,2000.0,0.0,15039.0,-0.19656300000000002,-0.519896,MAC,GBR,0342
51524,134,81,675,2000.0,1236049.0,78968.0,-0.5460510000000001,-0.33865100000000004,MAR,GBR,0342
51525,135,81,675,2000.0,0.0,70774.0,0.039072,0.103148,MDA,GBR,0342
51526,140,81,675,2000.0,0.0,12906.0,0.159675,0.429424,MKD,GBR,0342
51527,142,81,675,2000.0,0.0,335250.0,0.8771450000000001,-0.013614,MLT,GBR,0342
51528,143,81,675,2000.0,3734352.0,0.0,-1.260786,-0.9277549999999999,MMR,GBR,0342
51529,153,81,675,2000.0,38626.0,3559208.0,0.789007,0.16084600000000002,MYS,GBR,0342
51530,155,81,675,2000.0,310605.0,0.0,-0.42796999999999996,-0.643361,NAM,GBR,0342
51531,157,81,675,2000.0,0.0,773381.0,-0.8181390000000001,-0.527107,NER,GBR,0342
51532,159,81,675,2000.0,977601.0,15651934.0,-2.192487,-1.30587,NGA,GBR,0342
51533,162,81,675,2000.0,7922804.0,4041901.0,1.259257,1.595796,NLD,GBR,0342
51534,163,81,675,2000.0,25856662.0,654079.0,0.6499050000000001,-0.177091,NOR,GBR,0342
51535,166,81,675,2000.0,2638814.0,4200.0,0.419671,0.809288,NZL,GBR,0342
51536,167,81,675,2000.0,121846.0,0.0,-1.291169,-1.3004040000000001,OMN,GBR,0342
51537,168,81,675,2000.0,1860908.0,0.0,-0.76763,-0.435066,PAK,GBR,0342
51538,169,81,675,2000.0,75860.0,0.0,0.107412,0.41455600000000004,PAN,GBR,0342
51539,173,81,675,2000.0,432697.0,0.0,-0.390278,-0.018691,PER,GBR,0342
51540,174,81,675,2000.0,19729.0,4008990.0,-0.010024,-0.368702,PHL,GBR,0342
51541,177,81,675,2000.0,1475564.0,1330312.0,0.9513659999999999,1.8445669999999998,POL,GBR,0342
51542,179,81,675,2000.0,2026384.0,5462945.0,0.624078,1.342565,PRT,GBR,0342
51543,182,81,675,2000.0,4649.0,0.0,-0.382787,-0.837533,PYF,GBR,0342
51544,183,81,675,2000.0,0.0,45703.0,-0.534754,-1.139729,QAT,GBR,0342
51545,185,81,675,2000.0,0.0,280557.0,0.55594,1.054573,ROU,GBR,0342
51546,186,81,675,2000.0,63475520.0,18859460.0,0.765547,0.369255,RUS,GBR,0342
51547,188,81,675,2000.0,1645.0,123260.0,0.005864,-0.983202,SAU,GBR,0342
51548,189,81,675,2000.0,0.0,68118.0,0.484573,2.767036,SCG,GBR,0342
51549,191,81,675,2000.0,192904.0,0.0,-0.449184,-0.375335,SEN,GBR,0342
51550,192,81,675,2000.0,2098023.0,103818.0,1.5432860000000002,0.519856,SGP,GBR,0342
51551,194,81,675,2000.0,0.0,3757.0,1.2709540000000001,0.296809,SHN,GBR,0342
51552,196,81,675,2000.0,0.0,17565.0,0.507205,-0.055387,SLE,GBR,0342
51553,206,81,675,2000.0,0.0,157085.0,1.3226360000000001,1.1967809999999999,SVK,GBR,0342
51554,207,81,675,2000.0,0.0,460616.0,1.485695,1.122069,SVN,GBR,0342
51555,208,81,675,2000.0,43987.0,874139.0,2.087984,0.811167,SWE,GBR,0342
51556,211,81,675,2000.0,57512.0,0.0,-0.868394,-0.9754459999999999,SYC,GBR,0342
51557,216,81,675,2000.0,1609206.0,1563100.0,0.505423,1.358217,THA,GBR,0342
51558,224,81,675,2000.0,57725.0,10296.0,0.127924,2.039773,TUR,GBR,0342
51559,228,81,675,2000.0,0.0,379541.0,0.622654,1.191971,UKR,GBR,0342
51560,230,81,675,2000.0,328343.0,0.0,0.18688,0.575136,URY,GBR,0342
51561,231,81,675,2000.0,7843942.0,594806.0,1.9869709999999998,0.021666,USA,GBR,0342
51562,234,81,675,2000.0,0.0,2976.0,0.216315,-0.206287,VCT,GBR,0342
51563,236,81,675,2000.0,0.0,25444.0,-0.12500999999999998,-0.8610610000000001,VEN,GBR,0342
51564,239,81,675,2000.0,507752.0,0.0,-0.589009,0.518708,VNM,GBR,0342
51565,246,81,675,2000.0,531840.0,69748.0,0.304739,2.2212709999999998,ZAF,GBR,0342
51566,249,81,675,2000.0,2966500.0,285423.0,1.642139,1.2375639999999999,TWN,GBR,0342
51567,18,85,675,2000.0,1033.0,0.0,1.382578,1.406981,BEL,GIN,0342
51568,44,85,675,2000.0,0.0,2981630.0,-0.7955,-0.7019989999999999,CIV,GIN,0342
51569,45,85,675,2000.0,0.0,293933.0,-1.6617520000000001,-1.264815,CMR,GIN,0342
51570,71,85,675,2000.0,593862.0,4147742.0,1.158711,1.7613189999999999,ESP,GIN,0342
51571,77,85,675,2000.0,1675.0,24637.0,1.644969,0.56481,FRA,GIN,0342
51572,81,85,675,2000.0,0.0,9484.0,2.099928,0.564025,GBR,GIN,0342
51573,90,85,675,2000.0,0.0,760374.0,0.26193,1.607656,GRC,GIN,0342
51574,103,85,675,2000.0,1180.0,0.0,0.05846799999999999,1.577531,IDN,GIN,0342
51575,111,85,675,2000.0,0.0,596825.0,1.51508,0.818283,ITA,GIN,0342
51576,114,85,675,2000.0,0.0,222202.0,2.8218240000000003,0.255803,JPN,GIN,0342
51577,121,85,675,2000.0,359946.0,1748512.0,1.248356,1.000666,KOR,GIN,0342
51578,134,85,675,2000.0,11686.0,0.0,-0.5460510000000001,-0.33865100000000004,MAR,GIN,0342
51579,141,85,675,2000.0,0.0,3589.0,-0.38716799999999996,-0.511165,MLI,GIN,0342
51580,159,85,675,2000.0,0.0,540187.0,-2.192487,-1.30587,NGA,GIN,0342
51581,191,85,675,2000.0,426234.0,6515.0,-0.449184,-0.375335,SEN,GIN,0342
51582,4,90,675,2000.0,0.0,31259.0,-0.123951,0.21450300000000003,ALB,GRC,0342
51583,8,90,675,2000.0,2141364.0,0.0,0.140533,0.888049,ARG,GRC,0342
51584,13,90,675,2000.0,50969.0,0.0,0.146899,-0.622011,ATG,GRC,0342
51585,14,90,675,2000.0,135529.0,0.0,0.039636000000000005,1.001203,AUS,GRC,0342
51586,15,90,675,2000.0,0.0,23207.0,1.823798,0.465513,AUT,GRC,0342
51587,18,90,675,2000.0,276504.0,18327.0,1.382578,1.406981,BEL,GRC,0342
51588,19,90,675,2000.0,0.0,86848.0,-0.8717870000000001,-0.788797,BEN,GRC,0342
51589,23,90,675,2000.0,0.0,141947.0,0.47338800000000003,1.7633599999999998,BGR,GRC,0342
51590,25,90,675,2000.0,0.0,51454.0,0.7182970000000001,0.139012,BHS,GRC,0342
51591,26,90,675,2000.0,0.0,37710.0,0.167776,0.32192,BIH,GRC,0342
51592,29,90,675,2000.0,206598.0,0.0,-0.762942,-0.794567,BLZ,GRC,0342
51593,39,90,675,2000.0,292182.0,8553.0,1.069101,1.284017,CAN,GRC,0342
51594,42,90,675,2000.0,105900.0,0.0,-0.011509,0.0031190000000000002,CHL,GRC,0342
51595,58,90,675,2000.0,0.0,160099.0,0.264835,0.268755,CYP,GRC,0342
51596,61,90,675,2000.0,376763.0,802768.0,2.3753580000000003,-2.4481029999999997,DEU,GRC,0342
51597,64,90,675,2000.0,1878699.0,12584.0,1.312843,1.4304370000000002,DNK,GRC,0342
51598,68,90,675,2000.0,0.0,2156611.0,-0.365578,0.01634,EGY,GRC,0342
51599,71,90,675,2000.0,10713832.0,237782.0,1.158711,1.7613189999999999,ESP,GRC,0342
51600,74,90,675,2000.0,0.0,4564.0,1.9705560000000002,0.874341,FIN,GRC,0342
51601,77,90,675,2000.0,207393.0,324352.0,1.644969,0.56481,FRA,GRC,0342
51602,78,90,675,2000.0,56927.0,0.0,-0.25500700000000004,-0.823207,FRO,GRC,0342
51603,81,90,675,2000.0,369365.0,81061.0,2.099928,0.564025,GBR,GRC,0342
51604,82,90,675,2000.0,0.0,2553.0,0.335756,0.217348,GEO,GRC,0342
51605,83,90,675,2000.0,561986.0,0.0,-1.092586,-0.8195030000000001,GHA,GRC,0342
51606,85,90,675,2000.0,760374.0,0.0,-1.632607,-1.261362,GIN,GRC,0342
51607,102,90,675,2000.0,0.0,7261.0,1.047497,1.284513,HUN,GRC,0342
51608,103,90,675,2000.0,221777.0,0.0,0.05846799999999999,1.577531,IDN,GRC,0342
51609,104,90,675,2000.0,3024217.0,0.0,0.323006,2.3446860000000003,IND,GRC,0342
51610,106,90,675,2000.0,141189.0,0.0,1.647548,0.34018899999999996,IRL,GRC,0342
51611,109,90,675,2000.0,239960.0,0.0,-0.070436,-0.5575439999999999,ISL,GRC,0342
51612,110,90,675,2000.0,27604.0,127071.0,1.4153870000000002,0.828117,ISR,GRC,0342
51613,111,90,675,2000.0,5261740.0,7521614.0,1.51508,0.818283,ITA,GRC,0342
51614,113,90,675,2000.0,0.0,6917.0,0.677723,1.497694,JOR,GRC,0342
51615,114,90,675,2000.0,3260.0,0.0,2.8218240000000003,0.255803,JPN,GRC,0342
51616,130,90,675,2000.0,66994.0,0.0,0.22767199999999999,0.794208,LTU,GRC,0342
51617,134,90,675,2000.0,431769.0,0.0,-0.5460510000000001,-0.33865100000000004,MAR,GRC,0342
51618,136,90,675,2000.0,21625.0,0.0,-1.082986,-0.614482,MDG,GRC,0342
51619,140,90,675,2000.0,0.0,92544.0,0.159675,0.429424,MKD,GRC,0342
51620,141,90,675,2000.0,36701.0,0.0,-0.38716799999999996,-0.511165,MLI,GRC,0342
51621,142,90,675,2000.0,0.0,4828.0,0.8771450000000001,-0.013614,MLT,GRC,0342
51622,148,90,675,2000.0,1426985.0,0.0,-1.444615,-1.29284,MRT,GRC,0342
51623,155,90,675,2000.0,222167.0,0.0,-0.42796999999999996,-0.643361,NAM,GRC,0342
51624,162,90,675,2000.0,811341.0,274606.0,1.259257,1.595796,NLD,GRC,0342
51625,163,90,675,2000.0,277630.0,0.0,0.6499050000000001,-0.177091,NOR,GRC,0342
51626,166,90,675,2000.0,217257.0,0.0,0.419671,0.809288,NZL,GRC,0342
51627,167,90,675,2000.0,420944.0,0.0,-1.291169,-1.3004040000000001,OMN,GRC,0342
51628,168,90,675,2000.0,30416.0,0.0,-0.76763,-0.435066,PAK,GRC,0342
51629,169,90,675,2000.0,59007.0,0.0,0.107412,0.41455600000000004,PAN,GRC,0342
51630,173,90,675,2000.0,24812.0,0.0,-0.390278,-0.018691,PER,GRC,0342
51631,179,90,675,2000.0,113755.0,65565.0,0.624078,1.342565,PRT,GRC,0342
51632,185,90,675,2000.0,0.0,174364.0,0.55594,1.054573,ROU,GRC,0342
51633,189,90,675,2000.0,0.0,230254.0,0.484573,2.767036,SCG,GRC,0342
51634,191,90,675,2000.0,1106922.0,0.0,-0.449184,-0.375335,SEN,GRC,0342
51635,192,90,675,2000.0,883244.0,38022.0,1.5432860000000002,0.519856,SGP,GRC,0342
51636,196,90,675,2000.0,4051.0,0.0,0.507205,-0.055387,SLE,GRC,0342
51637,207,90,675,2000.0,158139.0,0.0,1.485695,1.122069,SVN,GRC,0342
51638,208,90,675,2000.0,153693.0,16683.0,2.087984,0.811167,SWE,GRC,0342
51639,215,90,675,2000.0,32604.0,0.0,-0.741812,-0.6781550000000001,TGO,GRC,0342
51640,223,90,675,2000.0,76058.0,0.0,-0.061203999999999995,0.149345,TUN,GRC,0342
51641,224,90,675,2000.0,94431.0,698074.0,0.127924,2.039773,TUR,GRC,0342
51642,226,90,675,2000.0,149129.0,0.0,-1.14198,-0.368647,TZA,GRC,0342
51643,227,90,675,2000.0,38097.0,0.0,-1.275188,-0.9400639999999999,UGA,GRC,0342
51644,228,90,675,2000.0,0.0,24642.0,0.622654,1.191971,UKR,GRC,0342
51645,230,90,675,2000.0,78746.0,0.0,0.18688,0.575136,URY,GRC,0342
51646,231,90,675,2000.0,380467.0,10198.0,1.9869709999999998,0.021666,USA,GRC,0342
51647,246,90,675,2000.0,191449.0,26660.0,0.304739,2.2212709999999998,ZAF,GRC,0342
51648,249,90,675,2000.0,166242.0,0.0,1.642139,1.2375639999999999,TWN,GRC,0342
51649,250,90,675,2000.0,0.0,21553.0,1.094325,-0.32521100000000003,ANS,GRC,0342
51650,0,93,675,2000.0,0.0,4508772.0,-0.197305,-0.888491,ABW,GTM,0342
51651,49,93,675,2000.0,0.0,134295.0,0.12351400000000001,0.255517,COL,GTM,0342
51652,52,93,675,2000.0,19080.0,0.0,-0.136989,-0.190298,CRI,GTM,0342
51653,71,93,675,2000.0,0.0,13182393.0,1.158711,1.7613189999999999,ESP,GTM,0342
51654,111,93,675,2000.0,0.0,394128.0,1.51508,0.818283,ITA,GTM,0342
51655,138,93,675,2000.0,0.0,505281.0,0.9020379999999999,0.671139,MEX,GTM,0342
51656,169,93,675,2000.0,15141.0,0.0,0.107412,0.41455600000000004,PAN,GTM,0342
51657,192,93,675,2000.0,0.0,398200.0,1.5432860000000002,0.519856,SGP,GTM,0342
51658,197,93,675,2000.0,14476.0,3043.0,-0.077776,-0.084655,SLV,GTM,0342
51659,216,93,675,2000.0,0.0,604596.0,0.505423,1.358217,THA,GTM,0342
51660,224,93,675,2000.0,0.0,1081239.0,0.127924,2.039773,TUR,GTM,0342
51661,231,93,675,2000.0,31171.0,2837.0,1.9869709999999998,0.021666,USA,GTM,0342
51662,6,96,675,2000.0,0.0,135808.0,0.25759099999999996,-0.555668,ANT,GUY,0342
51663,13,96,675,2000.0,0.0,181049.0,0.146899,-0.622011,ATG,GUY,0342
51664,33,96,675,2000.0,0.0,459558.0,0.610079,0.267843,BRB,GUY,0342
51665,39,96,675,2000.0,0.0,428664.0,1.069101,1.284017,CAN,GUY,0342
51666,42,96,675,2000.0,17443.0,0.0,-0.011509,0.0031190000000000002,CHL,GUY,0342
51667,43,96,675,2000.0,0.0,1140.0,0.43423,2.461961,CHN,GUY,0342
51668,61,96,675,2000.0,0.0,3318.0,2.3753580000000003,-2.4481029999999997,DEU,GUY,0342
51669,63,96,675,2000.0,0.0,4297.0,0.8950530000000001,0.295721,DMA,GUY,0342
51670,65,96,675,2000.0,0.0,4013.0,-0.5679569999999999,-0.61125,DOM,GUY,0342
51671,91,96,675,2000.0,0.0,2706.0,0.581976,-0.196366,GRD,GUY,0342
51672,97,96,675,2000.0,0.0,203225.0,0.564112,1.776282,HKG,GUY,0342
51673,112,96,675,2000.0,0.0,4058460.0,-0.724729,-0.91094,JAM,GUY,0342
51674,114,96,675,2000.0,0.0,26124.0,2.8218240000000003,0.255803,JPN,GUY,0342
51675,120,96,675,2000.0,0.0,3768.0,0.774566,-0.46352299999999996,KNA,GUY,0342
51676,127,96,675,2000.0,0.0,15764.0,-0.0033490000000000004,-0.6011340000000001,LCA,GUY,0342
51677,162,96,675,2000.0,0.0,5166.0,1.259257,1.595796,NLD,GUY,0342
51678,222,96,675,2000.0,0.0,17923.0,0.011104000000000001,-0.831385,TTO,GUY,0342
51679,231,96,675,2000.0,0.0,3619448.0,1.9869709999999998,0.021666,USA,GUY,0342
51680,236,96,675,2000.0,0.0,29289.0,-0.12500999999999998,-0.8610610000000001,VEN,GUY,0342
51681,8,97,675,2000.0,255246.0,0.0,0.140533,0.888049,ARG,HKG,0342
51682,14,97,675,2000.0,1266816.0,72514.0,0.039636000000000005,1.001203,AUS,HKG,0342
51683,18,97,675,2000.0,45944.0,0.0,1.382578,1.406981,BEL,HKG,0342
51684,22,97,675,2000.0,347086.0,0.0,-0.8757879999999999,-0.95126,BGD,HKG,0342
51685,39,97,675,2000.0,3059988.0,406744.0,1.069101,1.284017,CAN,HKG,0342
51686,41,97,675,2000.0,0.0,2000.0,2.268929,0.538191,CHE,HKG,0342
51687,42,97,675,2000.0,1087887.0,0.0,-0.011509,0.0031190000000000002,CHL,HKG,0342
51688,43,97,675,2000.0,7327198.0,8016954.0,0.43423,2.461961,CHN,HKG,0342
51689,52,97,675,2000.0,230131.0,0.0,-0.136989,-0.190298,CRI,HKG,0342
51690,61,97,675,2000.0,131921.0,0.0,2.3753580000000003,-2.4481029999999997,DEU,HKG,0342
51691,64,97,675,2000.0,469796.0,0.0,1.312843,1.4304370000000002,DNK,HKG,0342
51692,71,97,675,2000.0,24928752.0,0.0,1.158711,1.7613189999999999,ESP,HKG,0342
51693,75,97,675,2000.0,794118.0,13499.0,-0.775963,-0.28976999999999997,FJI,HKG,0342
51694,77,97,675,2000.0,333457.0,0.0,1.644969,0.56481,FRA,HKG,0342
51695,78,97,675,2000.0,198731.0,0.0,-0.25500700000000004,-0.823207,FRO,HKG,0342
51696,80,97,675,2000.0,2177.0,0.0,-0.798345,-1.1725450000000002,GAB,HKG,0342
51697,81,97,675,2000.0,785970.0,0.0,2.099928,0.564025,GBR,HKG,0342
51698,83,97,675,2000.0,1086.0,179843.0,-1.092586,-0.8195030000000001,GHA,HKG,0342
51699,96,97,675,2000.0,203225.0,0.0,-0.7425069999999999,-0.892847,GUY,HKG,0342
51700,103,97,675,2000.0,1894091.0,92830.0,0.05846799999999999,1.577531,IDN,HKG,0342
51701,104,97,675,2000.0,9529351.0,10576.0,0.323006,2.3446860000000003,IND,HKG,0342
51702,106,97,675,2000.0,24620.0,0.0,1.647548,0.34018899999999996,IRL,HKG,0342
51703,107,97,675,2000.0,73192.0,0.0,-0.8148770000000001,-1.040305,IRN,HKG,0342
51704,109,97,675,2000.0,97124.0,0.0,-0.070436,-0.5575439999999999,ISL,HKG,0342
51705,114,97,675,2000.0,4980144.0,2339218.0,2.8218240000000003,0.255803,JPN,HKG,0342
51706,116,97,675,2000.0,155958.0,0.0,-0.554244,-0.1757,KEN,HKG,0342
51707,118,97,675,2000.0,13956.0,0.0,-0.9248430000000001,-1.071231,KHM,HKG,0342
51708,121,97,675,2000.0,7919137.0,604001.0,1.248356,1.000666,KOR,HKG,0342
51709,128,97,675,2000.0,2365.0,0.0,-0.497407,0.004686999999999999,LKA,HKG,0342
51710,133,97,675,2000.0,37911.0,212634.0,-0.19656300000000002,-0.519896,MAC,HKG,0342
51711,136,97,675,2000.0,158512.0,0.0,-1.082986,-0.614482,MDG,HKG,0342
51712,138,97,675,2000.0,161475.0,0.0,0.9020379999999999,0.671139,MEX,HKG,0342
51713,142,97,675,2000.0,0.0,8522.0,0.8771450000000001,-0.013614,MLT,HKG,0342
51714,143,97,675,2000.0,979218.0,0.0,-1.260786,-0.9277549999999999,MMR,HKG,0342
51715,148,97,675,2000.0,23642.0,0.0,-1.444615,-1.29284,MRT,HKG,0342
51716,151,97,675,2000.0,4737591.0,0.0,-0.472778,-0.6301760000000001,MUS,HKG,0342
51717,153,97,675,2000.0,1982017.0,152304.0,0.789007,0.16084600000000002,MYS,HKG,0342
51718,155,97,675,2000.0,63480.0,0.0,-0.42796999999999996,-0.643361,NAM,HKG,0342
51719,160,97,675,2000.0,63535.0,0.0,-0.753571,-0.620488,NIC,HKG,0342
51720,162,97,675,2000.0,210501.0,0.0,1.259257,1.595796,NLD,HKG,0342
51721,163,97,675,2000.0,5575522.0,0.0,0.6499050000000001,-0.177091,NOR,HKG,0342
51722,166,97,675,2000.0,2249606.0,101229.0,0.419671,0.809288,NZL,HKG,0342
51723,167,97,675,2000.0,44283.0,0.0,-1.291169,-1.3004040000000001,OMN,HKG,0342
51724,168,97,675,2000.0,1264873.0,0.0,-0.76763,-0.435066,PAK,HKG,0342
51725,169,97,675,2000.0,84231.0,0.0,0.107412,0.41455600000000004,PAN,HKG,0342
51726,173,97,675,2000.0,35570.0,0.0,-0.390278,-0.018691,PER,HKG,0342
51727,174,97,675,2000.0,295545.0,210290.0,-0.010024,-0.368702,PHL,HKG,0342
51728,176,97,675,2000.0,12805.0,0.0,-1.31124,-1.127378,PNG,HKG,0342
51729,178,97,675,2000.0,0.0,1451.0,0.795818,1.089874,PRK,HKG,0342
51730,186,97,675,2000.0,981095.0,0.0,0.765547,0.369255,RUS,HKG,0342
51731,188,97,675,2000.0,117495.0,0.0,0.005864,-0.983202,SAU,HKG,0342
51732,191,97,675,2000.0,19897.0,0.0,-0.449184,-0.375335,SEN,HKG,0342
51733,192,97,675,2000.0,3829235.0,582218.0,1.5432860000000002,0.519856,SGP,HKG,0342
51734,208,97,675,2000.0,4683.0,0.0,2.087984,0.811167,SWE,HKG,0342
51735,209,97,675,2000.0,48932.0,0.0,0.265079,-0.277499,SWZ,HKG,0342
51736,216,97,675,2000.0,3458684.0,81650.0,0.505423,1.358217,THA,HKG,0342
51737,226,97,675,2000.0,628490.0,0.0,-1.14198,-0.368647,TZA,HKG,0342
51738,227,97,675,2000.0,95362.0,0.0,-1.275188,-0.9400639999999999,UGA,HKG,0342
51739,230,97,675,2000.0,2490674.0,0.0,0.18688,0.575136,URY,HKG,0342
51740,231,97,675,2000.0,4401694.0,239103.0,1.9869709999999998,0.021666,USA,HKG,0342
51741,236,97,675,2000.0,0.0,10832.0,-0.12500999999999998,-0.8610610000000001,VEN,HKG,0342
51742,239,97,675,2000.0,6675631.0,3174.0,-0.589009,0.518708,VNM,HKG,0342
51743,246,97,675,2000.0,1726982.0,8769.0,0.304739,2.2212709999999998,ZAF,HKG,0342
51744,249,97,675,2000.0,3470160.0,1701745.0,1.642139,1.2375639999999999,TWN,HKG,0342
51745,7,103,675,2000.0,14451.0,0.0,-0.421385,-0.675566,ARE,IDN,0342
51746,8,103,675,2000.0,0.0,23040.0,0.140533,0.888049,ARG,IDN,0342
51747,14,103,675,2000.0,862801.0,1452856.0,0.039636000000000005,1.001203,AUS,IDN,0342
51748,15,103,675,2000.0,0.0,18508.0,1.823798,0.465513,AUT,IDN,0342
51749,18,103,675,2000.0,0.0,558039.0,1.382578,1.406981,BEL,IDN,0342
51750,23,103,675,2000.0,0.0,81118.0,0.47338800000000003,1.7633599999999998,BGR,IDN,0342
51751,24,103,675,2000.0,0.0,5827.0,-0.270413,-0.882984,BHR,IDN,0342
51752,39,103,675,2000.0,77799.0,234707.0,1.069101,1.284017,CAN,IDN,0342
51753,41,103,675,2000.0,0.0,70739.0,2.268929,0.538191,CHE,IDN,0342
51754,42,103,675,2000.0,122405.0,0.0,-0.011509,0.0031190000000000002,CHL,IDN,0342
51755,43,103,675,2000.0,1469757.0,10323928.0,0.43423,2.461961,CHN,IDN,0342
51756,44,103,675,2000.0,0.0,29460.0,-0.7955,-0.7019989999999999,CIV,IDN,0342
51757,45,103,675,2000.0,0.0,37862.0,-1.6617520000000001,-1.264815,CMR,IDN,0342
51758,52,103,675,2000.0,28199.0,22623.0,-0.136989,-0.190298,CRI,IDN,0342
51759,58,103,675,2000.0,0.0,85459.0,0.264835,0.268755,CYP,IDN,0342
51760,59,103,675,2000.0,0.0,33990.0,1.526256,0.9255639999999999,CZE,IDN,0342
51761,61,103,675,2000.0,3099.0,182974.0,2.3753580000000003,-2.4481029999999997,DEU,IDN,0342
51762,64,103,675,2000.0,34082.0,11786.0,1.312843,1.4304370000000002,DNK,IDN,0342
51763,71,103,675,2000.0,248375.0,1688483.0,1.158711,1.7613189999999999,ESP,IDN,0342
51764,75,103,675,2000.0,0.0,181767.0,-0.775963,-0.28976999999999997,FJI,IDN,0342
51765,77,103,675,2000.0,7247.0,1783470.0,1.644969,0.56481,FRA,IDN,0342
51766,81,103,675,2000.0,108924.0,1444433.0,2.099928,0.564025,GBR,IDN,0342
51767,85,103,675,2000.0,0.0,1180.0,-1.632607,-1.261362,GIN,IDN,0342
51768,90,103,675,2000.0,0.0,221777.0,0.26193,1.607656,GRC,IDN,0342
51769,95,103,675,2000.0,0.0,12709.0,-0.235483,-0.92404,GUM,IDN,0342
51770,97,103,675,2000.0,92830.0,1894091.0,0.564112,1.776282,HKG,IDN,0342
51771,104,103,675,2000.0,30703.0,29909.0,0.323006,2.3446860000000003,IND,IDN,0342
51772,106,103,675,2000.0,242127.0,0.0,1.647548,0.34018899999999996,IRL,IDN,0342
51773,109,103,675,2000.0,134399.0,0.0,-0.070436,-0.5575439999999999,ISL,IDN,0342
51774,111,103,675,2000.0,0.0,1446290.0,1.51508,0.818283,ITA,IDN,0342
51775,114,103,675,2000.0,2182248.0,29011812.0,2.8218240000000003,0.255803,JPN,IDN,0342
51776,116,103,675,2000.0,0.0,7443.0,-0.554244,-0.1757,KEN,IDN,0342
51777,119,103,675,2000.0,0.0,8215.0,-0.122552,-0.917799,KIR,IDN,0342
51778,121,103,675,2000.0,2038318.0,10634025.0,1.248356,1.000666,KOR,IDN,0342
51779,124,103,675,2000.0,0.0,171252.0,0.139623,1.095387,LBN,IDN,0342
51780,128,103,675,2000.0,0.0,31830.0,-0.497407,0.004686999999999999,LKA,IDN,0342
51781,138,103,675,2000.0,21202.0,15621.0,0.9020379999999999,0.671139,MEX,IDN,0342
51782,151,103,675,2000.0,0.0,102940.0,-0.472778,-0.6301760000000001,MUS,IDN,0342
51783,153,103,675,2000.0,81436.0,2857036.0,0.789007,0.16084600000000002,MYS,IDN,0342
51784,159,103,675,2000.0,0.0,594504.0,-2.192487,-1.30587,NGA,IDN,0342
51785,162,103,675,2000.0,503187.0,4143548.0,1.259257,1.595796,NLD,IDN,0342
51786,163,103,675,2000.0,221433.0,49322.0,0.6499050000000001,-0.177091,NOR,IDN,0342
51787,166,103,675,2000.0,903277.0,55518.0,0.419671,0.809288,NZL,IDN,0342
51788,167,103,675,2000.0,0.0,21187.0,-1.291169,-1.3004040000000001,OMN,IDN,0342
51789,174,103,675,2000.0,1720676.0,1851754.0,-0.010024,-0.368702,PHL,IDN,0342
51790,176,103,675,2000.0,0.0,15619.0,-1.31124,-1.127378,PNG,IDN,0342
51791,177,103,675,2000.0,0.0,8599.0,0.9513659999999999,1.8445669999999998,POL,IDN,0342
51792,179,103,675,2000.0,25225.0,27379.0,0.624078,1.342565,PRT,IDN,0342
51793,186,103,675,2000.0,0.0,5821.0,0.765547,0.369255,RUS,IDN,0342
51794,188,103,675,2000.0,0.0,42191.0,0.005864,-0.983202,SAU,IDN,0342
51795,191,103,675,2000.0,90225.0,0.0,-0.449184,-0.375335,SEN,IDN,0342
51796,192,103,675,2000.0,172709.0,10584882.0,1.5432860000000002,0.519856,SGP,IDN,0342
51797,207,103,675,2000.0,0.0,4571.0,1.485695,1.122069,SVN,IDN,0342
51798,216,103,675,2000.0,435291.0,33462246.0,0.505423,1.358217,THA,IDN,0342
51799,220,103,675,2000.0,0.0,211069.0,-0.552758,-0.964945,TLS,IDN,0342
51800,231,103,675,2000.0,103778.0,22495478.0,1.9869709999999998,0.021666,USA,IDN,0342
51801,236,103,675,2000.0,0.0,40582.0,-0.12500999999999998,-0.8610610000000001,VEN,IDN,0342
51802,239,103,675,2000.0,45150.0,0.0,-0.589009,0.518708,VNM,IDN,0342
51803,246,103,675,2000.0,6396.0,250783.0,0.304739,2.2212709999999998,ZAF,IDN,0342
51804,249,103,675,2000.0,1609066.0,5129145.0,1.642139,1.2375639999999999,TWN,IDN,0342
51805,2,104,675,2000.0,0.0,39127.0,-1.9108209999999999,-1.2573379999999998,AGO,IND,0342
51806,6,104,675,2000.0,0.0,35206.0,0.25759099999999996,-0.555668,ANT,IND,0342
51807,7,104,675,2000.0,0.0,37470060.0,-0.421385,-0.675566,ARE,IND,0342
51808,14,104,675,2000.0,10453.0,1082478.0,0.039636000000000005,1.001203,AUS,IND,0342
51809,15,104,675,2000.0,0.0,36008.0,1.823798,0.465513,AUT,IND,0342
51810,17,104,675,2000.0,0.0,8289.0,-1.104559,-0.979765,BDI,IND,0342
51811,18,104,675,2000.0,0.0,1760309.0,1.382578,1.406981,BEL,IND,0342
51812,22,104,675,2000.0,349292.0,3698752.0,-0.8757879999999999,-0.95126,BGD,IND,0342
51813,24,104,675,2000.0,0.0,413881.0,-0.270413,-0.882984,BHR,IND,0342
51814,25,104,675,2000.0,0.0,37808.0,0.7182970000000001,0.139012,BHS,IND,0342
51815,39,104,675,2000.0,18200.0,2525727.0,1.069101,1.284017,CAN,IND,0342
51816,40,104,675,2000.0,0.0,56336.0,1.499525,0.080233,CCK,IND,0342
51817,41,104,675,2000.0,0.0,2203.0,2.268929,0.538191,CHE,IND,0342
51818,42,104,675,2000.0,0.0,126433.0,-0.011509,0.0031190000000000002,CHL,IND,0342
51819,43,104,675,2000.0,4661.0,64244272.0,0.43423,2.461961,CHN,IND,0342
51820,44,104,675,2000.0,0.0,16704.0,-0.7955,-0.7019989999999999,CIV,IND,0342
51821,58,104,675,2000.0,0.0,90584.0,0.264835,0.268755,CYP,IND,0342
51822,61,104,675,2000.0,0.0,164921.0,2.3753580000000003,-2.4481029999999997,DEU,IND,0342
51823,64,104,675,2000.0,0.0,144785.0,1.312843,1.4304370000000002,DNK,IND,0342
51824,65,104,675,2000.0,0.0,125163.0,-0.5679569999999999,-0.61125,DOM,IND,0342
51825,66,104,675,2000.0,0.0,1238.0,-0.9876940000000001,-1.194216,DZA,IND,0342
51826,68,104,675,2000.0,0.0,16901.0,-0.365578,0.01634,EGY,IND,0342
51827,71,104,675,2000.0,0.0,5051798.0,1.158711,1.7613189999999999,ESP,IND,0342
51828,72,104,675,2000.0,0.0,98668.0,0.353545,0.665942,EST,IND,0342
51829,77,104,675,2000.0,0.0,4249060.0,1.644969,0.56481,FRA,IND,0342
51830,81,104,675,2000.0,0.0,2944104.0,2.099928,0.564025,GBR,IND,0342
51831,90,104,675,2000.0,0.0,3024217.0,0.26193,1.607656,GRC,IND,0342
51832,97,104,675,2000.0,10576.0,9529351.0,0.564112,1.776282,HKG,IND,0342
51833,102,104,675,2000.0,0.0,10033.0,1.047497,1.284513,HUN,IND,0342
51834,103,104,675,2000.0,29909.0,30703.0,0.05846799999999999,1.577531,IDN,IND,0342
51835,106,104,675,2000.0,0.0,34088.0,1.647548,0.34018899999999996,IRL,IND,0342
51836,110,104,675,2000.0,0.0,50391.0,1.4153870000000002,0.828117,ISR,IND,0342
51837,111,104,675,2000.0,0.0,2049782.0,1.51508,0.818283,ITA,IND,0342
51838,113,104,675,2000.0,0.0,177386.0,0.677723,1.497694,JOR,IND,0342
51839,114,104,675,2000.0,5576.0,23748372.0,2.8218240000000003,0.255803,JPN,IND,0342
51840,116,104,675,2000.0,0.0,68135.0,-0.554244,-0.1757,KEN,IND,0342
51841,121,104,675,2000.0,358381.0,1858913.0,1.248356,1.000666,KOR,IND,0342
51842,122,104,675,2000.0,0.0,1899140.0,-0.825533,-1.190257,KWT,IND,0342
51843,123,104,675,2000.0,0.0,16414.0,-1.057474,-1.15404,LAO,IND,0342
51844,124,104,675,2000.0,0.0,243904.0,0.139623,1.095387,LBN,IND,0342
51845,128,104,675,2000.0,0.0,392999.0,-0.497407,0.004686999999999999,LKA,IND,0342
51846,130,104,675,2000.0,18440.0,1374357.0,0.22767199999999999,0.794208,LTU,IND,0342
51847,136,104,675,2000.0,0.0,22522.0,-1.082986,-0.614482,MDG,IND,0342
51848,138,104,675,2000.0,0.0,48666.0,0.9020379999999999,0.671139,MEX,IND,0342
51849,143,104,675,2000.0,183023.0,0.0,-1.260786,-0.9277549999999999,MMR,IND,0342
51850,151,104,675,2000.0,0.0,1355140.0,-0.472778,-0.6301760000000001,MUS,IND,0342
51851,153,104,675,2000.0,0.0,11195298.0,0.789007,0.16084600000000002,MYS,IND,0342
51852,159,104,675,2000.0,0.0,611998.0,-2.192487,-1.30587,NGA,IND,0342
51853,162,104,675,2000.0,0.0,1205795.0,1.259257,1.595796,NLD,IND,0342
51854,163,104,675,2000.0,55613.0,0.0,0.6499050000000001,-0.177091,NOR,IND,0342
51855,166,104,675,2000.0,5012.0,105947.0,0.419671,0.809288,NZL,IND,0342
51856,167,104,675,2000.0,10485.0,157143.0,-1.291169,-1.3004040000000001,OMN,IND,0342
51857,169,104,675,2000.0,0.0,86770.0,0.107412,0.41455600000000004,PAN,IND,0342
51858,174,104,675,2000.0,0.0,692511.0,-0.010024,-0.368702,PHL,IND,0342
51859,177,104,675,2000.0,0.0,108327.0,0.9513659999999999,1.8445669999999998,POL,IND,0342
51860,178,104,675,2000.0,0.0,2463119.0,0.795818,1.089874,PRK,IND,0342
51861,179,104,675,2000.0,0.0,2655880.0,0.624078,1.342565,PRT,IND,0342
51862,183,104,675,2000.0,0.0,20138.0,-0.534754,-1.139729,QAT,IND,0342
51863,186,104,675,2000.0,0.0,154908.0,0.765547,0.369255,RUS,IND,0342
51864,188,104,675,2000.0,0.0,45620.0,0.005864,-0.983202,SAU,IND,0342
51865,191,104,675,2000.0,0.0,139206.0,-0.449184,-0.375335,SEN,IND,0342
51866,192,104,675,2000.0,12224.0,7782760.0,1.5432860000000002,0.519856,SGP,IND,0342
51867,195,104,675,2000.0,0.0,4547.0,-0.673555,-0.8710319999999999,SLB,IND,0342
51868,208,104,675,2000.0,0.0,10626.0,2.087984,0.811167,SWE,IND,0342
51869,213,104,675,2000.0,0.0,25542.0,0.978576,0.035098000000000004,TCA,IND,0342
51870,214,104,675,2000.0,0.0,23551.0,-0.6029899999999999,-0.90674,TCD,IND,0342
51871,216,104,675,2000.0,0.0,6981126.0,0.505423,1.358217,THA,IND,0342
51872,224,104,675,2000.0,0.0,302134.0,0.127924,2.039773,TUR,IND,0342
51873,231,104,675,2000.0,0.0,16865386.0,1.9869709999999998,0.021666,USA,IND,0342
51874,236,104,675,2000.0,0.0,1305613.0,-0.12500999999999998,-0.8610610000000001,VEN,IND,0342
51875,239,104,675,2000.0,0.0,68574.0,-0.589009,0.518708,VNM,IND,0342
51876,243,104,675,2000.0,0.0,1651.0,-1.6733,-1.292217,YEM,IND,0342
51877,246,104,675,2000.0,0.0,581009.0,0.304739,2.2212709999999998,ZAF,IND,0342
51878,247,104,675,2000.0,1770.0,0.0,-0.6563060000000001,-0.5822069999999999,ZMB,IND,0342
51879,249,104,675,2000.0,0.0,22284786.0,1.642139,1.2375639999999999,TWN,IND,0342
51880,4,106,675,2000.0,0.0,17111.0,-0.123951,0.21450300000000003,ALB,IRL,0342
51881,7,106,675,2000.0,0.0,2564.0,-0.421385,-0.675566,ARE,IRL,0342
51882,14,106,675,2000.0,0.0,77432.0,0.039636000000000005,1.001203,AUS,IRL,0342
51883,15,106,675,2000.0,0.0,87405.0,1.823798,0.465513,AUT,IRL,0342
51884,18,106,675,2000.0,103096.0,897819.0,1.382578,1.406981,BEL,IRL,0342
51885,19,106,675,2000.0,0.0,212518.0,-0.8717870000000001,-0.788797,BEN,IRL,0342
51886,23,106,675,2000.0,0.0,2047576.0,0.47338800000000003,1.7633599999999998,BGR,IRL,0342
51887,25,106,675,2000.0,0.0,252325.0,0.7182970000000001,0.139012,BHS,IRL,0342
51888,28,106,675,2000.0,0.0,49749.0,0.7323649999999999,1.1536170000000001,BLR,IRL,0342
51889,29,106,675,2000.0,43736.0,0.0,-0.762942,-0.794567,BLZ,IRL,0342
51890,39,106,675,2000.0,87467.0,0.0,1.069101,1.284017,CAN,IRL,0342
51891,41,106,675,2000.0,0.0,47602.0,2.268929,0.538191,CHE,IRL,0342
51892,43,106,675,2000.0,0.0,355900.0,0.43423,2.461961,CHN,IRL,0342
51893,44,106,675,2000.0,0.0,380444.0,-0.7955,-0.7019989999999999,CIV,IRL,0342
51894,45,106,675,2000.0,0.0,324981.0,-1.6617520000000001,-1.264815,CMR,IRL,0342
51895,59,106,675,2000.0,0.0,678591.0,1.526256,0.9255639999999999,CZE,IRL,0342
51896,61,106,675,2000.0,33650.0,8326598.0,2.3753580000000003,-2.4481029999999997,DEU,IRL,0342
51897,64,106,675,2000.0,74162.0,1153450.0,1.312843,1.4304370000000002,DNK,IRL,0342
51898,68,106,675,2000.0,0.0,15859919.0,-0.365578,0.01634,EGY,IRL,0342
51899,71,106,675,2000.0,0.0,2825446.0,1.158711,1.7613189999999999,ESP,IRL,0342
51900,74,106,675,2000.0,0.0,15009.0,1.9705560000000002,0.874341,FIN,IRL,0342
51901,77,106,675,2000.0,15208.0,2139456.0,1.644969,0.56481,FRA,IRL,0342
51902,78,106,675,2000.0,107356.0,0.0,-0.25500700000000004,-0.823207,FRO,IRL,0342
51903,80,106,675,2000.0,0.0,27828.0,-0.798345,-1.1725450000000002,GAB,IRL,0342
51904,81,106,675,2000.0,2047522.0,5784116.0,2.099928,0.564025,GBR,IRL,0342
51905,83,106,675,2000.0,0.0,688991.0,-1.092586,-0.8195030000000001,GHA,IRL,0342
51906,90,106,675,2000.0,0.0,141189.0,0.26193,1.607656,GRC,IRL,0342
51907,97,106,675,2000.0,0.0,24620.0,0.564112,1.776282,HKG,IRL,0342
51908,100,106,675,2000.0,0.0,141688.0,0.640015,1.1175899999999999,HRV,IRL,0342
51909,103,106,675,2000.0,0.0,242127.0,0.05846799999999999,1.577531,IDN,IRL,0342
51910,104,106,675,2000.0,34088.0,0.0,0.323006,2.3446860000000003,IND,IRL,0342
51911,109,106,675,2000.0,0.0,209590.0,-0.070436,-0.5575439999999999,ISL,IRL,0342
51912,110,106,675,2000.0,0.0,73929.0,1.4153870000000002,0.828117,ISR,IRL,0342
51913,111,106,675,2000.0,0.0,517225.0,1.51508,0.818283,ITA,IRL,0342
51914,114,106,675,2000.0,628178.0,10922349.0,2.8218240000000003,0.255803,JPN,IRL,0342
51915,116,106,675,2000.0,60322.0,0.0,-0.554244,-0.1757,KEN,IRL,0342
51916,121,106,675,2000.0,0.0,1559902.0,1.248356,1.000666,KOR,IRL,0342
51917,122,106,675,2000.0,0.0,5091.0,-0.825533,-1.190257,KWT,IRL,0342
51918,130,106,675,2000.0,5688.0,14787.0,0.22767199999999999,0.794208,LTU,IRL,0342
51919,135,106,675,2000.0,0.0,2012.0,0.039072,0.103148,MDA,IRL,0342
51920,140,106,675,2000.0,0.0,47607.0,0.159675,0.429424,MKD,IRL,0342
51921,153,106,675,2000.0,0.0,60689.0,0.789007,0.16084600000000002,MYS,IRL,0342
51922,159,106,675,2000.0,0.0,2285535.0,-2.192487,-1.30587,NGA,IRL,0342
51923,162,106,675,2000.0,257887.0,2257323.0,1.259257,1.595796,NLD,IRL,0342
51924,163,106,675,2000.0,543736.0,184807.0,0.6499050000000001,-0.177091,NOR,IRL,0342
51925,169,106,675,2000.0,0.0,22531.0,0.107412,0.41455600000000004,PAN,IRL,0342
51926,177,106,675,2000.0,5741.0,2778473.0,0.9513659999999999,1.8445669999999998,POL,IRL,0342
51927,179,106,675,2000.0,0.0,240370.0,0.624078,1.342565,PRT,IRL,0342
51928,185,106,675,2000.0,0.0,970260.0,0.55594,1.054573,ROU,IRL,0342
51929,186,106,675,2000.0,46513.0,1727585.0,0.765547,0.369255,RUS,IRL,0342
51930,189,106,675,2000.0,0.0,23820.0,0.484573,2.767036,SCG,IRL,0342
51931,206,106,675,2000.0,0.0,816290.0,1.3226360000000001,1.1967809999999999,SVK,IRL,0342
51932,207,106,675,2000.0,0.0,175309.0,1.485695,1.122069,SVN,IRL,0342
51933,208,106,675,2000.0,0.0,20043.0,2.087984,0.811167,SWE,IRL,0342
51934,216,106,675,2000.0,0.0,543230.0,0.505423,1.358217,THA,IRL,0342
51935,226,106,675,2000.0,331258.0,0.0,-1.14198,-0.368647,TZA,IRL,0342
51936,231,106,675,2000.0,23134.0,153557.0,1.9869709999999998,0.021666,USA,IRL,0342
51937,250,106,675,2000.0,21040.0,226344.0,1.094325,-0.32521100000000003,ANS,IRL,0342
51938,7,107,675,2000.0,0.0,129559.0,-0.421385,-0.675566,ARE,IRN,0342
51939,18,107,675,2000.0,0.0,3297.0,1.382578,1.406981,BEL,IRN,0342
51940,24,107,675,2000.0,0.0,19629.0,-0.270413,-0.882984,BHR,IRN,0342
51941,39,107,675,2000.0,0.0,1301.0,1.069101,1.284017,CAN,IRN,0342
51942,41,107,675,2000.0,0.0,1173.0,2.268929,0.538191,CHE,IRN,0342
51943,43,107,675,2000.0,95244.0,635043.0,0.43423,2.461961,CHN,IRN,0342
51944,59,107,675,2000.0,0.0,11041.0,1.526256,0.9255639999999999,CZE,IRN,0342
51945,61,107,675,2000.0,0.0,202806.0,2.3753580000000003,-2.4481029999999997,DEU,IRN,0342
51946,64,107,675,2000.0,0.0,6863.0,1.312843,1.4304370000000002,DNK,IRN,0342
51947,71,107,675,2000.0,0.0,2642990.0,1.158711,1.7613189999999999,ESP,IRN,0342
51948,77,107,675,2000.0,0.0,103619.0,1.644969,0.56481,FRA,IRN,0342
51949,97,107,675,2000.0,0.0,73192.0,0.564112,1.776282,HKG,IRN,0342
51950,111,107,675,2000.0,0.0,159196.0,1.51508,0.818283,ITA,IRN,0342
51951,114,107,675,2000.0,0.0,95602.0,2.8218240000000003,0.255803,JPN,IRN,0342
51952,121,107,675,2000.0,0.0,61034.0,1.248356,1.000666,KOR,IRN,0342
51953,122,107,675,2000.0,0.0,137396.0,-0.825533,-1.190257,KWT,IRN,0342
51954,124,107,675,2000.0,0.0,17599.0,0.139623,1.095387,LBN,IRN,0342
51955,131,107,675,2000.0,0.0,26411.0,1.203242,1.0729790000000001,LUX,IRN,0342
51956,153,107,675,2000.0,0.0,58503.0,0.789007,0.16084600000000002,MYS,IRN,0342
51957,162,107,675,2000.0,0.0,51463.0,1.259257,1.595796,NLD,IRN,0342
51958,166,107,675,2000.0,5172273.0,0.0,0.419671,0.809288,NZL,IRN,0342
51959,179,107,675,2000.0,0.0,79948.0,0.624078,1.342565,PRT,IRN,0342
51960,183,107,675,2000.0,0.0,6074.0,-0.534754,-1.139729,QAT,IRN,0342
51961,189,107,675,2000.0,0.0,16219.0,0.484573,2.767036,SCG,IRN,0342
51962,206,107,675,2000.0,0.0,5340.0,1.3226360000000001,1.1967809999999999,SVK,IRN,0342
51963,216,107,675,2000.0,0.0,937671.0,0.505423,1.358217,THA,IRN,0342
51964,228,107,675,2000.0,0.0,8688.0,0.622654,1.191971,UKR,IRN,0342
51965,249,107,675,2000.0,0.0,28183.0,1.642139,1.2375639999999999,TWN,IRN,0342
51966,2,111,675,2000.0,230695.0,5096.0,-1.9108209999999999,-1.2573379999999998,AGO,ITA,0342
51967,4,111,675,2000.0,66707.0,69086.0,-0.123951,0.21450300000000003,ALB,ITA,0342
51968,6,111,675,2000.0,525909.0,0.0,0.25759099999999996,-0.555668,ANT,ITA,0342
51969,8,111,675,2000.0,3881798.0,0.0,0.140533,0.888049,ARG,ITA,0342
51970,14,111,675,2000.0,345622.0,0.0,0.039636000000000005,1.001203,AUS,ITA,0342
51971,15,111,675,2000.0,82578.0,259477.0,1.823798,0.465513,AUT,ITA,0342
51972,18,111,675,2000.0,2983356.0,502354.0,1.382578,1.406981,BEL,ITA,0342
51973,22,111,675,2000.0,26355.0,0.0,-0.8757879999999999,-0.95126,BGD,ITA,0342
51974,26,111,675,2000.0,0.0,107618.0,0.167776,0.32192,BIH,ITA,0342
51975,29,111,675,2000.0,4730640.0,0.0,-0.762942,-0.794567,BLZ,ITA,0342
51976,32,111,675,2000.0,1177195.0,5937.0,0.853466,1.28277,BRA,ITA,0342
51977,39,111,675,2000.0,1054913.0,81019.0,1.069101,1.284017,CAN,ITA,0342
51978,41,111,675,2000.0,0.0,1704507.0,2.268929,0.538191,CHE,ITA,0342
51979,42,111,675,2000.0,2583294.0,0.0,-0.011509,0.0031190000000000002,CHL,ITA,0342
51980,43,111,675,2000.0,2588803.0,0.0,0.43423,2.461961,CHN,ITA,0342
51981,47,111,675,2000.0,0.0,1782.0,-1.7116900000000002,-1.270469,COG,ITA,0342
51982,49,111,675,2000.0,2850961.0,0.0,0.12351400000000001,0.255517,COL,ITA,0342
51983,52,111,675,2000.0,319531.0,0.0,-0.136989,-0.190298,CRI,ITA,0342
51984,54,111,675,2000.0,4041.0,9566.0,-0.800886,-1.133715,CUB,ITA,0342
51985,59,111,675,2000.0,0.0,107075.0,1.526256,0.9255639999999999,CZE,ITA,0342
51986,61,111,675,2000.0,2310768.0,2667932.0,2.3753580000000003,-2.4481029999999997,DEU,ITA,0342
51987,64,111,675,2000.0,2838590.0,177655.0,1.312843,1.4304370000000002,DNK,ITA,0342
51988,66,111,675,2000.0,0.0,53682.0,-0.9876940000000001,-1.194216,DZA,ITA,0342
51989,67,111,675,2000.0,649012.0,0.0,-1.016643,-0.8385469999999999,ECU,ITA,0342
51990,71,111,675,2000.0,62421388.0,5814148.0,1.158711,1.7613189999999999,ESP,ITA,0342
51991,74,111,675,2000.0,4512.0,20598.0,1.9705560000000002,0.874341,FIN,ITA,0342
51992,77,111,675,2000.0,17453116.0,3905540.0,1.644969,0.56481,FRA,ITA,0342
51993,78,111,675,2000.0,1200.0,0.0,-0.25500700000000004,-0.823207,FRO,ITA,0342
51994,81,111,675,2000.0,1939802.0,127839.0,2.099928,0.564025,GBR,ITA,0342
51995,83,111,675,2000.0,915893.0,1558046.0,-1.092586,-0.8195030000000001,GHA,ITA,0342
51996,85,111,675,2000.0,596825.0,0.0,-1.632607,-1.261362,GIN,ITA,0342
51997,87,111,675,2000.0,20385.0,0.0,-0.33173400000000003,-0.43841499999999994,GMB,ITA,0342
51998,88,111,675,2000.0,665948.0,0.0,-2.176519,-1.1193549999999999,GNB,ITA,0342
51999,90,111,675,2000.0,7521614.0,5261740.0,0.26193,1.607656,GRC,ITA,0342
52000,93,111,675,2000.0,394128.0,0.0,-0.37711100000000003,0.191477,GTM,ITA,0342
52001,100,111,675,2000.0,8413.0,1291910.0,0.640015,1.1175899999999999,HRV,ITA,0342
52002,102,111,675,2000.0,0.0,300856.0,1.047497,1.284513,HUN,ITA,0342
52003,103,111,675,2000.0,1446290.0,0.0,0.05846799999999999,1.577531,IDN,ITA,0342
52004,104,111,675,2000.0,2049782.0,0.0,0.323006,2.3446860000000003,IND,ITA,0342
52005,106,111,675,2000.0,517225.0,0.0,1.647548,0.34018899999999996,IRL,ITA,0342
52006,107,111,675,2000.0,159196.0,0.0,-0.8148770000000001,-1.040305,IRN,ITA,0342
52007,109,111,675,2000.0,2593.0,0.0,-0.070436,-0.5575439999999999,ISL,ITA,0342
52008,110,111,675,2000.0,236194.0,0.0,1.4153870000000002,0.828117,ISR,ITA,0342
52009,114,111,675,2000.0,431087.0,2352564.0,2.8218240000000003,0.255803,JPN,ITA,0342
52010,121,111,675,2000.0,2400087.0,1285303.0,1.248356,1.000666,KOR,ITA,0342
52011,125,111,675,2000.0,5442.0,0.0,-0.763757,-1.1284129999999999,LBR,ITA,0342
52012,130,111,675,2000.0,0.0,38904.0,0.22767199999999999,0.794208,LTU,ITA,0342
52013,131,111,675,2000.0,1785.0,4863.0,1.203242,1.0729790000000001,LUX,ITA,0342
52014,134,111,675,2000.0,3197424.0,0.0,-0.5460510000000001,-0.33865100000000004,MAR,ITA,0342
52015,135,111,675,2000.0,0.0,13831.0,0.039072,0.103148,MDA,ITA,0342
52016,137,111,675,2000.0,123655.0,0.0,-1.070968,-1.0570469999999998,MDV,ITA,0342
52017,138,111,675,2000.0,1073993.0,0.0,0.9020379999999999,0.671139,MEX,ITA,0342
52018,140,111,675,2000.0,0.0,26742.0,0.159675,0.429424,MKD,ITA,0342
52019,142,111,675,2000.0,83864.0,892708.0,0.8771450000000001,-0.013614,MLT,ITA,0342
52020,148,111,675,2000.0,8367251.0,0.0,-1.444615,-1.29284,MRT,ITA,0342
52021,151,111,675,2000.0,695586.0,201282.0,-0.472778,-0.6301760000000001,MUS,ITA,0342
52022,155,111,675,2000.0,7158120.0,0.0,-0.42796999999999996,-0.643361,NAM,ITA,0342
52023,159,111,675,2000.0,0.0,1290616.0,-2.192487,-1.30587,NGA,ITA,0342
52024,162,111,675,2000.0,28654608.0,178542.0,1.259257,1.595796,NLD,ITA,0342
52025,163,111,675,2000.0,130907.0,27974.0,0.6499050000000001,-0.177091,NOR,ITA,0342
52026,166,111,675,2000.0,1956825.0,0.0,0.419671,0.809288,NZL,ITA,0342
52027,167,111,675,2000.0,163012.0,0.0,-1.291169,-1.3004040000000001,OMN,ITA,0342
52028,168,111,675,2000.0,83838.0,0.0,-0.76763,-0.435066,PAK,ITA,0342
52029,169,111,675,2000.0,977460.0,0.0,0.107412,0.41455600000000004,PAN,ITA,0342
52030,173,111,675,2000.0,2438968.0,0.0,-0.390278,-0.018691,PER,ITA,0342
52031,174,111,675,2000.0,9776.0,0.0,-0.010024,-0.368702,PHL,ITA,0342
52032,179,111,675,2000.0,1654554.0,0.0,0.624078,1.342565,PRT,ITA,0342
52033,185,111,675,2000.0,0.0,5594.0,0.55594,1.054573,ROU,ITA,0342
52034,186,111,675,2000.0,0.0,114416.0,0.765547,0.369255,RUS,ITA,0342
52035,188,111,675,2000.0,0.0,26410.0,0.005864,-0.983202,SAU,ITA,0342
52036,189,111,675,2000.0,0.0,695525.0,0.484573,2.767036,SCG,ITA,0342
52037,191,111,675,2000.0,2077555.0,146906.0,-0.449184,-0.375335,SEN,ITA,0342
52038,192,111,675,2000.0,21164792.0,90324.0,1.5432860000000002,0.519856,SGP,ITA,0342
52039,196,111,675,2000.0,0.0,4710.0,0.507205,-0.055387,SLE,ITA,0342
52040,206,111,675,2000.0,0.0,9594.0,1.3226360000000001,1.1967809999999999,SVK,ITA,0342
52041,207,111,675,2000.0,5188.0,782879.0,1.485695,1.122069,SVN,ITA,0342
52042,208,111,675,2000.0,151364.0,0.0,2.087984,0.811167,SWE,ITA,0342
52043,211,111,675,2000.0,2123660.0,0.0,-0.868394,-0.9754459999999999,SYC,ITA,0342
52044,215,111,675,2000.0,3582.0,0.0,-0.741812,-0.6781550000000001,TGO,ITA,0342
52045,216,111,675,2000.0,1390959.0,10428.0,0.505423,1.358217,THA,ITA,0342
52046,219,111,675,2000.0,0.0,3862.0,-0.839936,-1.168236,TKM,ITA,0342
52047,223,111,675,2000.0,32682.0,398681.0,-0.061203999999999995,0.149345,TUN,ITA,0342
52048,224,111,675,2000.0,102074.0,14585.0,0.127924,2.039773,TUR,ITA,0342
52049,226,111,675,2000.0,93561.0,0.0,-1.14198,-0.368647,TZA,ITA,0342
52050,228,111,675,2000.0,21022.0,0.0,0.622654,1.191971,UKR,ITA,0342
52051,230,111,675,2000.0,1266247.0,0.0,0.18688,0.575136,URY,ITA,0342
52052,231,111,675,2000.0,4892291.0,55217.0,1.9869709999999998,0.021666,USA,ITA,0342
52053,236,111,675,2000.0,1252912.0,0.0,-0.12500999999999998,-0.8610610000000001,VEN,ITA,0342
52054,243,111,675,2000.0,0.0,11734.0,-1.6733,-1.292217,YEM,ITA,0342
52055,246,111,675,2000.0,10133745.0,0.0,0.304739,2.2212709999999998,ZAF,ITA,0342
52056,249,111,675,2000.0,5186176.0,3137.0,1.642139,1.2375639999999999,TWN,ITA,0342
52057,250,111,675,2000.0,117603.0,0.0,1.094325,-0.32521100000000003,ANS,ITA,0342
52058,2,114,675,2000.0,32722.0,0.0,-1.9108209999999999,-1.2573379999999998,AGO,JPN,0342
52059,6,114,675,2000.0,0.0,1683109.0,0.25759099999999996,-0.555668,ANT,JPN,0342
52060,7,114,675,2000.0,0.0,43499.0,-0.421385,-0.675566,ARE,JPN,0342
52061,8,114,675,2000.0,46880844.0,7811.0,0.140533,0.888049,ARG,JPN,0342
52062,10,114,675,2000.0,9390.0,1300972.0,1.106474,0.32893,ASM,JPN,0342
52063,14,114,675,2000.0,99125136.0,538425.0,0.039636000000000005,1.001203,AUS,JPN,0342
52064,18,114,675,2000.0,139540.0,0.0,1.382578,1.406981,BEL,JPN,0342
52065,22,114,675,2000.0,328798.0,8648.0,-0.8757879999999999,-0.95126,BGD,JPN,0342
52066,23,114,675,2000.0,0.0,18636.0,0.47338800000000003,1.7633599999999998,BGR,JPN,0342
52067,24,114,675,2000.0,0.0,11102.0,-0.270413,-0.882984,BHR,JPN,0342
52068,25,114,675,2000.0,0.0,1426148.0,0.7182970000000001,0.139012,BHS,JPN,0342
52069,29,114,675,2000.0,32555120.0,14358.0,-0.762942,-0.794567,BLZ,JPN,0342
52070,31,114,675,2000.0,224253.0,0.0,-0.400861,-0.41780900000000004,BOL,JPN,0342
52071,32,114,675,2000.0,3585221.0,12359.0,0.853466,1.28277,BRA,JPN,0342
52072,33,114,675,2000.0,0.0,248290.0,0.610079,0.267843,BRB,JPN,0342
52073,39,114,675,2000.0,67521880.0,6227273.0,1.069101,1.284017,CAN,JPN,0342
52074,41,114,675,2000.0,0.0,30728.0,2.268929,0.538191,CHE,JPN,0342
52075,42,114,675,2000.0,426907072.0,67275.0,-0.011509,0.0031190000000000002,CHL,JPN,0342
52076,43,114,675,2000.0,172707136.0,41197248.0,0.43423,2.461961,CHN,JPN,0342
52077,47,114,675,2000.0,0.0,317251.0,-1.7116900000000002,-1.270469,COG,JPN,0342
52078,49,114,675,2000.0,1631635.0,0.0,0.12351400000000001,0.255517,COL,JPN,0342
52079,52,114,675,2000.0,851441.0,0.0,-0.136989,-0.190298,CRI,JPN,0342
52080,58,114,675,2000.0,228560.0,0.0,0.264835,0.268755,CYP,JPN,0342
52081,61,114,675,2000.0,1980095.0,20785.0,2.3753580000000003,-2.4481029999999997,DEU,JPN,0342
52082,64,114,675,2000.0,23808990.0,0.0,1.312843,1.4304370000000002,DNK,JPN,0342
52083,67,114,675,2000.0,8805376.0,0.0,-1.016643,-0.8385469999999999,ECU,JPN,0342
52084,71,114,675,2000.0,16690627.0,8482683.0,1.158711,1.7613189999999999,ESP,JPN,0342
52085,72,114,675,2000.0,1406524.0,0.0,0.353545,0.665942,EST,JPN,0342
52086,74,114,675,2000.0,692163.0,0.0,1.9705560000000002,0.874341,FIN,JPN,0342
52087,75,114,675,2000.0,47211.0,1516216.0,-0.775963,-0.28976999999999997,FJI,JPN,0342
52088,76,114,675,2000.0,794906.0,0.0,0.10759,-0.8671260000000001,FLK,JPN,0342
52089,77,114,675,2000.0,15566967.0,2858920.0,1.644969,0.56481,FRA,JPN,0342
52090,78,114,675,2000.0,8623223.0,0.0,-0.25500700000000004,-0.823207,FRO,JPN,0342
52091,79,114,675,2000.0,487807.0,0.0,-1.366403,-1.116484,FSM,JPN,0342
52092,80,114,675,2000.0,722566.0,0.0,-0.798345,-1.1725450000000002,GAB,JPN,0342
52093,81,114,675,2000.0,2951941.0,0.0,2.099928,0.564025,GBR,JPN,0342
52094,83,114,675,2000.0,85673.0,0.0,-1.092586,-0.8195030000000001,GHA,JPN,0342
52095,85,114,675,2000.0,222202.0,0.0,-1.632607,-1.261362,GIN,JPN,0342
52096,87,114,675,2000.0,808948.0,0.0,-0.33173400000000003,-0.43841499999999994,GMB,JPN,0342
52097,89,114,675,2000.0,28958658.0,22268.0,-2.374006,-1.056431,GNQ,JPN,0342
52098,90,114,675,2000.0,0.0,3260.0,0.26193,1.607656,GRC,JPN,0342
52099,92,114,675,2000.0,8971991.0,0.0,-0.365398,-0.849985,GRL,JPN,0342
52100,95,114,675,2000.0,366701.0,205937.0,-0.235483,-0.92404,GUM,JPN,0342
52101,96,114,675,2000.0,26124.0,0.0,-0.7425069999999999,-0.892847,GUY,JPN,0342
52102,97,114,675,2000.0,2339218.0,4980144.0,0.564112,1.776282,HKG,JPN,0342
52103,99,114,675,2000.0,41823368.0,0.0,-0.756031,-0.58392,HND,JPN,0342
52104,100,114,675,2000.0,9709203.0,0.0,0.640015,1.1175899999999999,HRV,JPN,0342
52105,103,114,675,2000.0,29011812.0,2182248.0,0.05846799999999999,1.577531,IDN,JPN,0342
52106,104,114,675,2000.0,23748372.0,5576.0,0.323006,2.3446860000000003,IND,JPN,0342
52107,106,114,675,2000.0,10922349.0,628178.0,1.647548,0.34018899999999996,IRL,JPN,0342
52108,107,114,675,2000.0,95602.0,0.0,-0.8148770000000001,-1.040305,IRN,JPN,0342
52109,109,114,675,2000.0,90168048.0,482502.0,-0.070436,-0.5575439999999999,ISL,JPN,0342
52110,111,114,675,2000.0,2352564.0,431087.0,1.51508,0.818283,ITA,JPN,0342
52111,112,114,675,2000.0,0.0,18356.0,-0.724729,-0.91094,JAM,JPN,0342
52112,116,114,675,2000.0,33389.0,0.0,-0.554244,-0.1757,KEN,JPN,0342
52113,118,114,675,2000.0,3343346.0,0.0,-0.9248430000000001,-1.071231,KHM,JPN,0342
52114,119,114,675,2000.0,11691969.0,24681.0,-0.122552,-0.917799,KIR,JPN,0342
52115,121,114,675,2000.0,368739168.0,23993948.0,1.248356,1.000666,KOR,JPN,0342
52116,122,114,675,2000.0,0.0,3912.0,-0.825533,-1.190257,KWT,JPN,0342
52117,126,114,675,2000.0,6433832.0,0.0,-0.8606719999999999,-1.188626,LBY,JPN,0342
52118,128,114,675,2000.0,8857118.0,0.0,-0.497407,0.004686999999999999,LKA,JPN,0342
52119,130,114,675,2000.0,128458.0,0.0,0.22767199999999999,0.794208,LTU,JPN,0342
52120,134,114,675,2000.0,1012759.0,0.0,-0.5460510000000001,-0.33865100000000004,MAR,JPN,0342
52121,137,114,675,2000.0,1530570.0,0.0,-1.070968,-1.0570469999999998,MDV,JPN,0342
52122,138,114,675,2000.0,5721979.0,291191.0,0.9020379999999999,0.671139,MEX,JPN,0342
52123,139,114,675,2000.0,218423.0,0.0,0.5375979999999999,-0.723407,MHL,JPN,0342
52124,142,114,675,2000.0,1604207.0,2615.0,0.8771450000000001,-0.013614,MLT,JPN,0342
52125,143,114,675,2000.0,1455807.0,12999.0,-1.260786,-0.9277549999999999,MMR,JPN,0342
52126,146,114,675,2000.0,0.0,2116.0,0.223586,-0.596917,MNP,JPN,0342
52127,148,114,675,2000.0,23161182.0,0.0,-1.444615,-1.29284,MRT,JPN,0342
52128,151,114,675,2000.0,16124825.0,276354.0,-0.472778,-0.6301760000000001,MUS,JPN,0342
52129,153,114,675,2000.0,727962.0,1578998.0,0.789007,0.16084600000000002,MYS,JPN,0342
52130,155,114,675,2000.0,3260672.0,14823.0,-0.42796999999999996,-0.643361,NAM,JPN,0342
52131,156,114,675,2000.0,0.0,24081.0,-0.138942,-0.903899,NCL,JPN,0342
52132,162,114,675,2000.0,33427052.0,2768.0,1.259257,1.595796,NLD,JPN,0342
52133,163,114,675,2000.0,283873024.0,0.0,0.6499050000000001,-0.177091,NOR,JPN,0342
52134,166,114,675,2000.0,43042692.0,17541592.0,0.419671,0.809288,NZL,JPN,0342
52135,167,114,675,2000.0,209334.0,0.0,-1.291169,-1.3004040000000001,OMN,JPN,0342
52136,168,114,675,2000.0,2451752.0,0.0,-0.76763,-0.435066,PAK,JPN,0342
52137,169,114,675,2000.0,4016458.0,8365.0,0.107412,0.41455600000000004,PAN,JPN,0342
52138,173,114,675,2000.0,4439734.0,235674.0,-0.390278,-0.018691,PER,JPN,0342
52139,174,114,675,2000.0,37463380.0,485904.0,-0.010024,-0.368702,PHL,JPN,0342
52140,176,114,675,2000.0,219597.0,7075.0,-1.31124,-1.127378,PNG,JPN,0342
52141,177,114,675,2000.0,3234356.0,0.0,0.9513659999999999,1.8445669999999998,POL,JPN,0342
52142,178,114,675,2000.0,3600770.0,420782.0,0.795818,1.089874,PRK,JPN,0342
52143,179,114,675,2000.0,2428510.0,271845.0,0.624078,1.342565,PRT,JPN,0342
52144,182,114,675,2000.0,9850.0,24118.0,-0.382787,-0.837533,PYF,JPN,0342
52145,186,114,675,2000.0,389596096.0,5622660.0,0.765547,0.369255,RUS,JPN,0342
52146,187,114,675,2000.0,103117.0,0.0,-0.253701,-0.755529,RWA,JPN,0342
52147,188,114,675,2000.0,23300.0,0.0,0.005864,-0.983202,SAU,JPN,0342
52148,191,114,675,2000.0,1333128.0,35146.0,-0.449184,-0.375335,SEN,JPN,0342
52149,192,114,675,2000.0,19612242.0,1981278.0,1.5432860000000002,0.519856,SGP,JPN,0342
52150,195,114,675,2000.0,2872078.0,304475.0,-0.673555,-0.8710319999999999,SLB,JPN,0342
52151,196,114,675,2000.0,320452.0,0.0,0.507205,-0.055387,SLE,JPN,0342
52152,199,114,675,2000.0,194035.0,0.0,-0.548938,-0.831367,SOM,JPN,0342
52153,200,114,675,2000.0,0.0,5451132.0,-0.50629,-0.9165399999999999,SPM,JPN,0342
52154,203,114,675,2000.0,317149.0,0.0,0.602001,-0.31771,STP,JPN,0342
52155,208,114,675,2000.0,1114257.0,0.0,2.087984,0.811167,SWE,JPN,0342
52156,211,114,675,2000.0,7921434.0,127479.0,-0.868394,-0.9754459999999999,SYC,JPN,0342
52157,215,114,675,2000.0,1602.0,0.0,-0.741812,-0.6781550000000001,TGO,JPN,0342
52158,216,114,675,2000.0,129489384.0,26313718.0,0.505423,1.358217,THA,JPN,0342
52159,221,114,675,2000.0,0.0,26456.0,-0.980166,-0.979022,TON,JPN,0342
52160,222,114,675,2000.0,37139.0,489015.0,0.011104000000000001,-0.831385,TTO,JPN,0342
52161,223,114,675,2000.0,45845.0,286356.0,-0.061203999999999995,0.149345,TUN,JPN,0342
52162,224,114,675,2000.0,373275.0,2363.0,0.127924,2.039773,TUR,JPN,0342
52163,226,114,675,2000.0,18853.0,0.0,-1.14198,-0.368647,TZA,JPN,0342
52164,227,114,675,2000.0,90397.0,0.0,-1.275188,-0.9400639999999999,UGA,JPN,0342
52165,228,114,675,2000.0,1553987.0,3175.0,0.622654,1.191971,UKR,JPN,0342
52166,230,114,675,2000.0,5935112.0,364154.0,0.18688,0.575136,URY,JPN,0342
52167,231,114,675,2000.0,861208448.0,25646812.0,1.9869709999999998,0.021666,USA,JPN,0342
52168,234,114,675,2000.0,2397598.0,0.0,0.216315,-0.206287,VCT,JPN,0342
52169,236,114,675,2000.0,813892.0,0.0,-0.12500999999999998,-0.8610610000000001,VEN,JPN,0342
52170,239,114,675,2000.0,18199512.0,123917.0,-0.589009,0.518708,VNM,JPN,0342
52171,240,114,675,2000.0,6046910.0,0.0,-0.865708,-0.973247,VUT,JPN,0342
52172,246,114,675,2000.0,4495218.0,4291880.0,0.304739,2.2212709999999998,ZAF,JPN,0342
52173,249,114,675,2000.0,454541664.0,4304912.0,1.642139,1.2375639999999999,TWN,JPN,0342
52174,250,114,675,2000.0,0.0,20719.0,1.094325,-0.32521100000000003,ANS,JPN,0342
52175,14,118,675,2000.0,0.0,75579.0,0.039636000000000005,1.001203,AUS,KHM,0342
52176,68,118,675,2000.0,0.0,122203.0,-0.365578,0.01634,EGY,KHM,0342
52177,77,118,675,2000.0,5518.0,0.0,1.644969,0.56481,FRA,KHM,0342
52178,97,118,675,2000.0,0.0,13956.0,0.564112,1.776282,HKG,KHM,0342
52179,114,118,675,2000.0,0.0,3343346.0,2.8218240000000003,0.255803,JPN,KHM,0342
52180,155,118,675,2000.0,357746.0,0.0,-0.42796999999999996,-0.643361,NAM,KHM,0342
52181,192,118,675,2000.0,30888.0,153215.0,1.5432860000000002,0.519856,SGP,KHM,0342
52182,216,118,675,2000.0,0.0,1513.0,0.505423,1.358217,THA,KHM,0342
52183,231,118,675,2000.0,1737.0,722138.0,1.9869709999999998,0.021666,USA,KHM,0342
52184,249,118,675,2000.0,0.0,3592.0,1.642139,1.2375639999999999,TWN,KHM,0342
52185,2,121,675,2000.0,0.0,855434.0,-1.9108209999999999,-1.2573379999999998,AGO,KOR,0342
52186,7,121,675,2000.0,0.0,129234.0,-0.421385,-0.675566,ARE,KOR,0342
52187,8,121,675,2000.0,7831248.0,0.0,0.140533,0.888049,ARG,KOR,0342
52188,14,121,675,2000.0,120295.0,83828.0,0.039636000000000005,1.001203,AUS,KOR,0342
52189,15,121,675,2000.0,0.0,1984.0,1.823798,0.465513,AUT,KOR,0342
52190,22,121,675,2000.0,36622.0,1769.0,-0.8757879999999999,-0.95126,BGD,KOR,0342
52191,23,121,675,2000.0,0.0,34766.0,0.47338800000000003,1.7633599999999998,BGR,KOR,0342
52192,24,121,675,2000.0,16332.0,37261.0,-0.270413,-0.882984,BHR,KOR,0342
52193,29,121,675,2000.0,334034.0,0.0,-0.762942,-0.794567,BLZ,KOR,0342
52194,32,121,675,2000.0,4115314.0,384871.0,0.853466,1.28277,BRA,KOR,0342
52195,39,121,675,2000.0,3519980.0,1212800.0,1.069101,1.284017,CAN,KOR,0342
52196,41,121,675,2000.0,467657.0,0.0,2.268929,0.538191,CHE,KOR,0342
52197,42,121,675,2000.0,11351785.0,0.0,-0.011509,0.0031190000000000002,CHL,KOR,0342
52198,43,121,675,2000.0,236095952.0,19010682.0,0.43423,2.461961,CHN,KOR,0342
52199,44,121,675,2000.0,0.0,1811098.0,-0.7955,-0.7019989999999999,CIV,KOR,0342
52200,45,121,675,2000.0,97662.0,0.0,-1.6617520000000001,-1.264815,CMR,KOR,0342
52201,52,121,675,2000.0,78202.0,39311.0,-0.136989,-0.190298,CRI,KOR,0342
52202,58,121,675,2000.0,0.0,35484.0,0.264835,0.268755,CYP,KOR,0342
52203,59,121,675,2000.0,0.0,32991.0,1.526256,0.9255639999999999,CZE,KOR,0342
52204,61,121,675,2000.0,185242.0,212143.0,2.3753580000000003,-2.4481029999999997,DEU,KOR,0342
52205,64,121,675,2000.0,1328701.0,3344540.0,1.312843,1.4304370000000002,DNK,KOR,0342
52206,67,121,675,2000.0,29679.0,0.0,-1.016643,-0.8385469999999999,ECU,KOR,0342
52207,71,121,675,2000.0,1752918.0,4645791.0,1.158711,1.7613189999999999,ESP,KOR,0342
52208,72,121,675,2000.0,748243.0,0.0,0.353545,0.665942,EST,KOR,0342
52209,74,121,675,2000.0,0.0,5906.0,1.9705560000000002,0.874341,FIN,KOR,0342
52210,75,121,675,2000.0,238256.0,268133.0,-0.775963,-0.28976999999999997,FJI,KOR,0342
52211,77,121,675,2000.0,422134.0,851696.0,1.644969,0.56481,FRA,KOR,0342
52212,78,121,675,2000.0,94969.0,0.0,-0.25500700000000004,-0.823207,FRO,KOR,0342
52213,79,121,675,2000.0,0.0,97447.0,-1.366403,-1.116484,FSM,KOR,0342
52214,80,121,675,2000.0,211930.0,9280.0,-0.798345,-1.1725450000000002,GAB,KOR,0342
52215,81,121,675,2000.0,190501.0,390894.0,2.099928,0.564025,GBR,KOR,0342
52216,85,121,675,2000.0,1748512.0,359946.0,-1.632607,-1.261362,GIN,KOR,0342
52217,88,121,675,2000.0,2150280.0,0.0,-2.176519,-1.1193549999999999,GNB,KOR,0342
52218,95,121,675,2000.0,0.0,68227.0,-0.235483,-0.92404,GUM,KOR,0342
52219,97,121,675,2000.0,604001.0,7919137.0,0.564112,1.776282,HKG,KOR,0342
52220,99,121,675,2000.0,242550.0,30976.0,-0.756031,-0.58392,HND,KOR,0342
52221,100,121,675,2000.0,0.0,7694.0,0.640015,1.1175899999999999,HRV,KOR,0342
52222,102,121,675,2000.0,0.0,10859.0,1.047497,1.284513,HUN,KOR,0342
52223,103,121,675,2000.0,10634025.0,2038318.0,0.05846799999999999,1.577531,IDN,KOR,0342
52224,104,121,675,2000.0,1858913.0,358381.0,0.323006,2.3446860000000003,IND,KOR,0342
52225,106,121,675,2000.0,1559902.0,0.0,1.647548,0.34018899999999996,IRL,KOR,0342
52226,107,121,675,2000.0,61034.0,0.0,-0.8148770000000001,-1.040305,IRN,KOR,0342
52227,109,121,675,2000.0,1146233.0,11122.0,-0.070436,-0.5575439999999999,ISL,KOR,0342
52228,111,121,675,2000.0,1285303.0,2400087.0,1.51508,0.818283,ITA,KOR,0342
52229,114,121,675,2000.0,23993948.0,368739168.0,2.8218240000000003,0.255803,JPN,KOR,0342
52230,126,121,675,2000.0,500361.0,212824.0,-0.8606719999999999,-1.188626,LBY,KOR,0342
52231,128,121,675,2000.0,0.0,50193.0,-0.497407,0.004686999999999999,LKA,KOR,0342
52232,130,121,675,2000.0,696842.0,11837.0,0.22767199999999999,0.794208,LTU,KOR,0342
52233,132,121,675,2000.0,0.0,7846.0,0.27229699999999996,0.402929,LVA,KOR,0342
52234,134,121,675,2000.0,2992.0,29541.0,-0.5460510000000001,-0.33865100000000004,MAR,KOR,0342
52235,138,121,675,2000.0,1314856.0,28543.0,0.9020379999999999,0.671139,MEX,KOR,0342
52236,142,121,675,2000.0,409075.0,4395.0,0.8771450000000001,-0.013614,MLT,KOR,0342
52237,143,121,675,2000.0,148609.0,0.0,-1.260786,-0.9277549999999999,MMR,KOR,0342
52238,145,121,675,2000.0,0.0,2407.0,-0.553764,-0.917977,MNG,KOR,0342
52239,148,121,675,2000.0,145817.0,0.0,-1.444615,-1.29284,MRT,KOR,0342
52240,151,121,675,2000.0,88077.0,0.0,-0.472778,-0.6301760000000001,MUS,KOR,0342
52241,153,121,675,2000.0,1620102.0,146603.0,0.789007,0.16084600000000002,MYS,KOR,0342
52242,159,121,675,2000.0,48513.0,1328296.0,-2.192487,-1.30587,NGA,KOR,0342
52243,162,121,675,2000.0,2509969.0,105424.0,1.259257,1.595796,NLD,KOR,0342
52244,163,121,675,2000.0,14569174.0,165656.0,0.6499050000000001,-0.177091,NOR,KOR,0342
52245,166,121,675,2000.0,9178773.0,13637577.0,0.419671,0.809288,NZL,KOR,0342
52246,167,121,675,2000.0,661962.0,327695.0,-1.291169,-1.3004040000000001,OMN,KOR,0342
52247,168,121,675,2000.0,182454.0,0.0,-0.76763,-0.435066,PAK,KOR,0342
52248,169,121,675,2000.0,122635.0,1908059.0,0.107412,0.41455600000000004,PAN,KOR,0342
52249,173,121,675,2000.0,3449160.0,32573.0,-0.390278,-0.018691,PER,KOR,0342
52250,174,121,675,2000.0,1569780.0,11543807.0,-0.010024,-0.368702,PHL,KOR,0342
52251,176,121,675,2000.0,0.0,517648.0,-1.31124,-1.127378,PNG,KOR,0342
52252,177,121,675,2000.0,580000.0,0.0,0.9513659999999999,1.8445669999999998,POL,KOR,0342
52253,179,121,675,2000.0,250882.0,175078.0,0.624078,1.342565,PRT,KOR,0342
52254,182,121,675,2000.0,0.0,14136.0,-0.382787,-0.837533,PYF,KOR,0342
52255,185,121,675,2000.0,0.0,1658.0,0.55594,1.054573,ROU,KOR,0342
52256,186,121,675,2000.0,80511728.0,548403.0,0.765547,0.369255,RUS,KOR,0342
52257,188,121,675,2000.0,344198.0,17980.0,0.005864,-0.983202,SAU,KOR,0342
52258,191,121,675,2000.0,326984.0,0.0,-0.449184,-0.375335,SEN,KOR,0342
52259,192,121,675,2000.0,5192210.0,6042968.0,1.5432860000000002,0.519856,SGP,KOR,0342
52260,196,121,675,2000.0,0.0,170320.0,0.507205,-0.055387,SLE,KOR,0342
52261,206,121,675,2000.0,0.0,1344.0,1.3226360000000001,1.1967809999999999,SVK,KOR,0342
52262,207,121,675,2000.0,0.0,1664.0,1.485695,1.122069,SVN,KOR,0342
52263,208,121,675,2000.0,32716.0,16488.0,2.087984,0.811167,SWE,KOR,0342
52264,216,121,675,2000.0,6728793.0,11267530.0,0.505423,1.358217,THA,KOR,0342
52265,222,121,675,2000.0,73108.0,0.0,0.011104000000000001,-0.831385,TTO,KOR,0342
52266,223,121,675,2000.0,49095.0,3885.0,-0.061203999999999995,0.149345,TUN,KOR,0342
52267,224,121,675,2000.0,0.0,2300.0,0.127924,2.039773,TUR,KOR,0342
52268,227,121,675,2000.0,6896.0,0.0,-1.275188,-0.9400639999999999,UGA,KOR,0342
52269,230,121,675,2000.0,1815704.0,0.0,0.18688,0.575136,URY,KOR,0342
52270,231,121,675,2000.0,169198096.0,10003588.0,1.9869709999999998,0.021666,USA,KOR,0342
52271,236,121,675,2000.0,19743.0,0.0,-0.12500999999999998,-0.8610610000000001,VEN,KOR,0342
52272,239,121,675,2000.0,9986064.0,115672.0,-0.589009,0.518708,VNM,KOR,0342
52273,242,121,675,2000.0,0.0,903886.0,-1.06243,-1.012707,WSM,KOR,0342
52274,246,121,675,2000.0,1453080.0,316719.0,0.304739,2.2212709999999998,ZAF,KOR,0342
52275,249,121,675,2000.0,14339716.0,6456038.0,1.642139,1.2375639999999999,TWN,KOR,0342
52276,250,121,675,2000.0,675822.0,948562.0,1.094325,-0.32521100000000003,ANS,KOR,0342
52277,7,124,675,2000.0,981933.0,0.0,-0.421385,-0.675566,ARE,LBN,0342
52278,8,124,675,2000.0,729292.0,0.0,0.140533,0.888049,ARG,LBN,0342
52279,32,124,675,2000.0,21574.0,0.0,0.853466,1.28277,BRA,LBN,0342
52280,43,124,675,2000.0,11911.0,0.0,0.43423,2.461961,CHN,LBN,0342
52281,58,124,675,2000.0,15676.0,0.0,0.264835,0.268755,CYP,LBN,0342
52282,64,124,675,2000.0,3204.0,0.0,1.312843,1.4304370000000002,DNK,LBN,0342
52283,68,124,675,2000.0,1186.0,0.0,-0.365578,0.01634,EGY,LBN,0342
52284,71,124,675,2000.0,117822.0,0.0,1.158711,1.7613189999999999,ESP,LBN,0342
52285,77,124,675,2000.0,51405.0,0.0,1.644969,0.56481,FRA,LBN,0342
52286,81,124,675,2000.0,29180.0,0.0,2.099928,0.564025,GBR,LBN,0342
52287,83,124,675,2000.0,0.0,159788.0,-1.092586,-0.8195030000000001,GHA,LBN,0342
52288,103,124,675,2000.0,171252.0,0.0,0.05846799999999999,1.577531,IDN,LBN,0342
52289,104,124,675,2000.0,243904.0,0.0,0.323006,2.3446860000000003,IND,LBN,0342
52290,107,124,675,2000.0,17599.0,0.0,-0.8148770000000001,-1.040305,IRN,LBN,0342
52291,134,124,675,2000.0,406434.0,0.0,-0.5460510000000001,-0.33865100000000004,MAR,LBN,0342
52292,148,124,675,2000.0,181963.0,0.0,-1.444615,-1.29284,MRT,LBN,0342
52293,162,124,675,2000.0,18067.0,0.0,1.259257,1.595796,NLD,LBN,0342
52294,163,124,675,2000.0,16536.0,0.0,0.6499050000000001,-0.177091,NOR,LBN,0342
52295,166,124,675,2000.0,158208.0,0.0,0.419671,0.809288,NZL,LBN,0342
52296,167,124,675,2000.0,891110.0,0.0,-1.291169,-1.3004040000000001,OMN,LBN,0342
52297,168,124,675,2000.0,70029.0,0.0,-0.76763,-0.435066,PAK,LBN,0342
52298,174,124,675,2000.0,36596.0,0.0,-0.010024,-0.368702,PHL,LBN,0342
52299,188,124,675,2000.0,107065.0,0.0,0.005864,-0.983202,SAU,LBN,0342
52300,191,124,675,2000.0,19907.0,0.0,-0.449184,-0.375335,SEN,LBN,0342
52301,231,124,675,2000.0,601418.0,0.0,1.9869709999999998,0.021666,USA,LBN,0342
52302,243,124,675,2000.0,199197.0,0.0,-1.6733,-1.292217,YEM,LBN,0342
52303,246,124,675,2000.0,41915.0,0.0,0.304739,2.2212709999999998,ZAF,LBN,0342
52304,8,138,675,2000.0,28789.0,0.0,0.140533,0.888049,ARG,MEX,0342
52305,14,138,675,2000.0,0.0,152785.0,0.039636000000000005,1.001203,AUS,MEX,0342
52306,39,138,675,2000.0,123863.0,15635.0,1.069101,1.284017,CAN,MEX,0342
52307,42,138,675,2000.0,316681.0,0.0,-0.011509,0.0031190000000000002,CHL,MEX,0342
52308,43,138,675,2000.0,542980.0,284118.0,0.43423,2.461961,CHN,MEX,0342
52309,52,138,675,2000.0,1018063.0,3912297.0,-0.136989,-0.190298,CRI,MEX,0342
52310,54,138,675,2000.0,0.0,121572.0,-0.800886,-1.133715,CUB,MEX,0342
52311,65,138,675,2000.0,0.0,60770.0,-0.5679569999999999,-0.61125,DOM,MEX,0342
52312,67,138,675,2000.0,578868.0,0.0,-1.016643,-0.8385469999999999,ECU,MEX,0342
52313,68,138,675,2000.0,0.0,849756.0,-0.365578,0.01634,EGY,MEX,0342
52314,71,138,675,2000.0,1850459.0,920965.0,1.158711,1.7613189999999999,ESP,MEX,0342
52315,77,138,675,2000.0,10078.0,19855.0,1.644969,0.56481,FRA,MEX,0342
52316,93,138,675,2000.0,505281.0,0.0,-0.37711100000000003,0.191477,GTM,MEX,0342
52317,97,138,675,2000.0,0.0,161475.0,0.564112,1.776282,HKG,MEX,0342
52318,100,138,675,2000.0,0.0,18365.0,0.640015,1.1175899999999999,HRV,MEX,0342
52319,103,138,675,2000.0,15621.0,21202.0,0.05846799999999999,1.577531,IDN,MEX,0342
52320,104,138,675,2000.0,48666.0,0.0,0.323006,2.3446860000000003,IND,MEX,0342
52321,111,138,675,2000.0,0.0,1073993.0,1.51508,0.818283,ITA,MEX,0342
52322,114,138,675,2000.0,291191.0,5721979.0,2.8218240000000003,0.255803,JPN,MEX,0342
52323,121,138,675,2000.0,28543.0,1314856.0,1.248356,1.000666,KOR,MEX,0342
52324,151,138,675,2000.0,94518.0,0.0,-0.472778,-0.6301760000000001,MUS,MEX,0342
52325,153,138,675,2000.0,0.0,1192362.0,0.789007,0.16084600000000002,MYS,MEX,0342
52326,159,138,675,2000.0,0.0,348742.0,-2.192487,-1.30587,NGA,MEX,0342
52327,160,138,675,2000.0,7723.0,0.0,-0.753571,-0.620488,NIC,MEX,0342
52328,162,138,675,2000.0,79871.0,0.0,1.259257,1.595796,NLD,MEX,0342
52329,163,138,675,2000.0,201198.0,0.0,0.6499050000000001,-0.177091,NOR,MEX,0342
52330,169,138,675,2000.0,101462.0,0.0,0.107412,0.41455600000000004,PAN,MEX,0342
52331,173,138,675,2000.0,264605.0,0.0,-0.390278,-0.018691,PER,MEX,0342
52332,174,138,675,2000.0,2476.0,1040884.0,-0.010024,-0.368702,PHL,MEX,0342
52333,178,138,675,2000.0,10427.0,11280.0,0.795818,1.089874,PRK,MEX,0342
52334,192,138,675,2000.0,0.0,1018241.0,1.5432860000000002,0.519856,SGP,MEX,0342
52335,207,138,675,2000.0,0.0,29106.0,1.485695,1.122069,SVN,MEX,0342
52336,216,138,675,2000.0,0.0,178199.0,0.505423,1.358217,THA,MEX,0342
52337,230,138,675,2000.0,0.0,33251.0,0.18688,0.575136,URY,MEX,0342
52338,231,138,675,2000.0,6553328.0,5392715.0,1.9869709999999998,0.021666,USA,MEX,0342
52339,236,138,675,2000.0,442503.0,175861.0,-0.12500999999999998,-0.8610610000000001,VEN,MEX,0342
52340,239,138,675,2000.0,9549.0,0.0,-0.589009,0.518708,VNM,MEX,0342
52341,249,138,675,2000.0,220220.0,11541.0,1.642139,1.2375639999999999,TWN,MEX,0342
52342,1,153,675,2000.0,2009.0,0.0,-0.321246,-0.499699,AFG,MYS,0342
52343,7,153,675,2000.0,112798.0,45487.0,-0.421385,-0.675566,ARE,MYS,0342
52344,8,153,675,2000.0,178032.0,0.0,0.140533,0.888049,ARG,MYS,0342
52345,14,153,675,2000.0,423845.0,196946.0,0.039636000000000005,1.001203,AUS,MYS,0342
52346,18,153,675,2000.0,30521.0,0.0,1.382578,1.406981,BEL,MYS,0342
52347,22,153,675,2000.0,24726.0,0.0,-0.8757879999999999,-0.95126,BGD,MYS,0342
52348,23,153,675,2000.0,0.0,14663.0,0.47338800000000003,1.7633599999999998,BGR,MYS,0342
52349,24,153,675,2000.0,0.0,1261.0,-0.270413,-0.882984,BHR,MYS,0342
52350,32,153,675,2000.0,89218.0,0.0,0.853466,1.28277,BRA,MYS,0342
52351,34,153,675,2000.0,0.0,149930.0,-1.690871,-1.122819,BRN,MYS,0342
52352,39,153,675,2000.0,204849.0,80337.0,1.069101,1.284017,CAN,MYS,0342
52353,41,153,675,2000.0,81390.0,1885.0,2.268929,0.538191,CHE,MYS,0342
52354,42,153,675,2000.0,650460.0,0.0,-0.011509,0.0031190000000000002,CHL,MYS,0342
52355,43,153,675,2000.0,4176514.0,1740227.0,0.43423,2.461961,CHN,MYS,0342
52356,61,153,675,2000.0,125010.0,3849.0,2.3753580000000003,-2.4481029999999997,DEU,MYS,0342
52357,64,153,675,2000.0,107452.0,0.0,1.312843,1.4304370000000002,DNK,MYS,0342
52358,71,153,675,2000.0,45597.0,6035.0,1.158711,1.7613189999999999,ESP,MYS,0342
52359,75,153,675,2000.0,205666.0,0.0,-0.775963,-0.28976999999999997,FJI,MYS,0342
52360,77,153,675,2000.0,100068.0,0.0,1.644969,0.56481,FRA,MYS,0342
52361,81,153,675,2000.0,3559208.0,38626.0,2.099928,0.564025,GBR,MYS,0342
52362,97,153,675,2000.0,152304.0,1982017.0,0.564112,1.776282,HKG,MYS,0342
52363,103,153,675,2000.0,2857036.0,81436.0,0.05846799999999999,1.577531,IDN,MYS,0342
52364,104,153,675,2000.0,11195298.0,0.0,0.323006,2.3446860000000003,IND,MYS,0342
52365,106,153,675,2000.0,60689.0,0.0,1.647548,0.34018899999999996,IRL,MYS,0342
52366,107,153,675,2000.0,58503.0,0.0,-0.8148770000000001,-1.040305,IRN,MYS,0342
52367,109,153,675,2000.0,15482.0,0.0,-0.070436,-0.5575439999999999,ISL,MYS,0342
52368,114,153,675,2000.0,1578998.0,727962.0,2.8218240000000003,0.255803,JPN,MYS,0342
52369,116,153,675,2000.0,37368.0,0.0,-0.554244,-0.1757,KEN,MYS,0342
52370,121,153,675,2000.0,146603.0,1620102.0,1.248356,1.000666,KOR,MYS,0342
52371,122,153,675,2000.0,0.0,30077.0,-0.825533,-1.190257,KWT,MYS,0342
52372,128,153,675,2000.0,0.0,18914.0,-0.497407,0.004686999999999999,LKA,MYS,0342
52373,138,153,675,2000.0,1192362.0,0.0,0.9020379999999999,0.671139,MEX,MYS,0342
52374,140,153,675,2000.0,0.0,2574.0,0.159675,0.429424,MKD,MYS,0342
52375,142,153,675,2000.0,0.0,4238.0,0.8771450000000001,-0.013614,MLT,MYS,0342
52376,143,153,675,2000.0,7575180.0,8311.0,-1.260786,-0.9277549999999999,MMR,MYS,0342
52377,151,153,675,2000.0,121481.0,11233.0,-0.472778,-0.6301760000000001,MUS,MYS,0342
52378,155,153,675,2000.0,167402.0,0.0,-0.42796999999999996,-0.643361,NAM,MYS,0342
52379,156,153,675,2000.0,478237.0,0.0,-0.138942,-0.903899,NCL,MYS,0342
52380,159,153,675,2000.0,25067.0,0.0,-2.192487,-1.30587,NGA,MYS,0342
52381,162,153,675,2000.0,690942.0,13645.0,1.259257,1.595796,NLD,MYS,0342
52382,163,153,675,2000.0,1070172.0,0.0,0.6499050000000001,-0.177091,NOR,MYS,0342
52383,166,153,675,2000.0,4232408.0,0.0,0.419671,0.809288,NZL,MYS,0342
52384,168,153,675,2000.0,1576822.0,0.0,-0.76763,-0.435066,PAK,MYS,0342
52385,173,153,675,2000.0,543092.0,0.0,-0.390278,-0.018691,PER,MYS,0342
52386,174,153,675,2000.0,11172.0,112985.0,-0.010024,-0.368702,PHL,MYS,0342
52387,188,153,675,2000.0,340645.0,0.0,0.005864,-0.983202,SAU,MYS,0342
52388,192,153,675,2000.0,9339473.0,2474211.0,1.5432860000000002,0.519856,SGP,MYS,0342
52389,195,153,675,2000.0,47913.0,0.0,-0.673555,-0.8710319999999999,SLB,MYS,0342
52390,205,153,675,2000.0,44198.0,0.0,-0.7238720000000001,-0.807254,SUR,MYS,0342
52391,216,153,675,2000.0,2926700.0,1774472.0,0.505423,1.358217,THA,MYS,0342
52392,227,153,675,2000.0,26199.0,0.0,-1.275188,-0.9400639999999999,UGA,MYS,0342
52393,230,153,675,2000.0,106491.0,0.0,0.18688,0.575136,URY,MYS,0342
52394,231,153,675,2000.0,1267220.0,162602.0,1.9869709999999998,0.021666,USA,MYS,0342
52395,236,153,675,2000.0,204626.0,0.0,-0.12500999999999998,-0.8610610000000001,VEN,MYS,0342
52396,239,153,675,2000.0,801234.0,7964.0,-0.589009,0.518708,VNM,MYS,0342
52397,246,153,675,2000.0,3041313.0,0.0,0.304739,2.2212709999999998,ZAF,MYS,0342
52398,249,153,675,2000.0,813647.0,160461.0,1.642139,1.2375639999999999,TWN,MYS,0342
52399,0,162,675,2000.0,0.0,58112.0,-0.197305,-0.888491,ABW,NLD,0342
52400,2,162,675,2000.0,0.0,28568.0,-1.9108209999999999,-1.2573379999999998,AGO,NLD,0342
52401,4,162,675,2000.0,0.0,9283.0,-0.123951,0.21450300000000003,ALB,NLD,0342
52402,5,162,675,2000.0,0.0,23064.0,1.1846510000000001,0.816685,AND,NLD,0342
52403,6,162,675,2000.0,0.0,191713.0,0.25759099999999996,-0.555668,ANT,NLD,0342
52404,7,162,675,2000.0,0.0,126094.0,-0.421385,-0.675566,ARE,NLD,0342
52405,8,162,675,2000.0,2744039.0,0.0,0.140533,0.888049,ARG,NLD,0342
52406,14,162,675,2000.0,36278.0,2139098.0,0.039636000000000005,1.001203,AUS,NLD,0342
52407,15,162,675,2000.0,0.0,1316892.0,1.823798,0.465513,AUT,NLD,0342
52408,16,162,675,2000.0,0.0,8182.0,-0.36515,-0.8104979999999999,AZE,NLD,0342
52409,18,162,675,2000.0,1777399.0,4291224.0,1.382578,1.406981,BEL,NLD,0342
52410,19,162,675,2000.0,0.0,1250248.0,-0.8717870000000001,-0.788797,BEN,NLD,0342
52411,22,162,675,2000.0,48425.0,0.0,-0.8757879999999999,-0.95126,BGD,NLD,0342
52412,23,162,675,2000.0,0.0,85481.0,0.47338800000000003,1.7633599999999998,BGR,NLD,0342
52413,24,162,675,2000.0,0.0,27027.0,-0.270413,-0.882984,BHR,NLD,0342
52414,26,162,675,2000.0,0.0,3686.0,0.167776,0.32192,BIH,NLD,0342
52415,28,162,675,2000.0,0.0,484070.0,0.7323649999999999,1.1536170000000001,BLR,NLD,0342
52416,29,162,675,2000.0,0.0,17120.0,-0.762942,-0.794567,BLZ,NLD,0342
52417,32,162,675,2000.0,86795.0,0.0,0.853466,1.28277,BRA,NLD,0342
52418,33,162,675,2000.0,0.0,9590.0,0.610079,0.267843,BRB,NLD,0342
52419,39,162,675,2000.0,625601.0,1374890.0,1.069101,1.284017,CAN,NLD,0342
52420,41,162,675,2000.0,0.0,218871.0,2.268929,0.538191,CHE,NLD,0342
52421,42,162,675,2000.0,2259866.0,0.0,-0.011509,0.0031190000000000002,CHL,NLD,0342
52422,43,162,675,2000.0,1522407.0,6402376.0,0.43423,2.461961,CHN,NLD,0342
52423,44,162,675,2000.0,9850.0,3707080.0,-0.7955,-0.7019989999999999,CIV,NLD,0342
52424,45,162,675,2000.0,0.0,399052.0,-1.6617520000000001,-1.264815,CMR,NLD,0342
52425,46,162,675,2000.0,0.0,11978.0,-0.814385,-1.049396,COD,NLD,0342
52426,50,162,675,2000.0,0.0,6988.0,-0.5739029999999999,-0.9890100000000001,COM,NLD,0342
52427,52,162,675,2000.0,0.0,1018.0,-0.136989,-0.190298,CRI,NLD,0342
52428,58,162,675,2000.0,0.0,133231.0,0.264835,0.268755,CYP,NLD,0342
52429,59,162,675,2000.0,0.0,1891618.0,1.526256,0.9255639999999999,CZE,NLD,0342
52430,61,162,675,2000.0,4271218.0,14380912.0,2.3753580000000003,-2.4481029999999997,DEU,NLD,0342
52431,64,162,675,2000.0,3121108.0,2111623.0,1.312843,1.4304370000000002,DNK,NLD,0342
52432,65,162,675,2000.0,0.0,12896.0,-0.5679569999999999,-0.61125,DOM,NLD,0342
52433,67,162,675,2000.0,1086.0,0.0,-1.016643,-0.8385469999999999,ECU,NLD,0342
52434,68,162,675,2000.0,0.0,22333600.0,-0.365578,0.01634,EGY,NLD,0342
52435,69,162,675,2000.0,191466.0,0.0,0.159365,-0.437571,ERI,NLD,0342
52436,71,162,675,2000.0,1751803.0,14257842.0,1.158711,1.7613189999999999,ESP,NLD,0342
52437,72,162,675,2000.0,230108.0,588090.0,0.353545,0.665942,EST,NLD,0342
52438,73,162,675,2000.0,0.0,1215.0,-1.1137629999999998,-1.020996,ETH,NLD,0342
52439,74,162,675,2000.0,0.0,117464.0,1.9705560000000002,0.874341,FIN,NLD,0342
52440,77,162,675,2000.0,3472114.0,9497099.0,1.644969,0.56481,FRA,NLD,0342
52441,78,162,675,2000.0,88700.0,0.0,-0.25500700000000004,-0.823207,FRO,NLD,0342
52442,80,162,675,2000.0,0.0,714506.0,-0.798345,-1.1725450000000002,GAB,NLD,0342
52443,81,162,675,2000.0,4041901.0,7922804.0,2.099928,0.564025,GBR,NLD,0342
52444,82,162,675,2000.0,0.0,28826.0,0.335756,0.217348,GEO,NLD,0342
52445,83,162,675,2000.0,0.0,1512734.0,-1.092586,-0.8195030000000001,GHA,NLD,0342
52446,84,162,675,2000.0,0.0,1844.0,0.726867,-0.177457,GIB,NLD,0342
52447,87,162,675,2000.0,12390.0,0.0,-0.33173400000000003,-0.43841499999999994,GMB,NLD,0342
52448,89,162,675,2000.0,0.0,390108.0,-2.374006,-1.056431,GNQ,NLD,0342
52449,90,162,675,2000.0,274606.0,811341.0,0.26193,1.607656,GRC,NLD,0342
52450,96,162,675,2000.0,5166.0,0.0,-0.7425069999999999,-0.892847,GUY,NLD,0342
52451,97,162,675,2000.0,0.0,210501.0,0.564112,1.776282,HKG,NLD,0342
52452,100,162,675,2000.0,872141.0,617397.0,0.640015,1.1175899999999999,HRV,NLD,0342
52453,101,162,675,2000.0,0.0,2274876.0,-0.946832,-0.818751,HTI,NLD,0342
52454,102,162,675,2000.0,0.0,282696.0,1.047497,1.284513,HUN,NLD,0342
52455,103,162,675,2000.0,4143548.0,503187.0,0.05846799999999999,1.577531,IDN,NLD,0342
52456,104,162,675,2000.0,1205795.0,0.0,0.323006,2.3446860000000003,IND,NLD,0342
52457,106,162,675,2000.0,2257323.0,257887.0,1.647548,0.34018899999999996,IRL,NLD,0342
52458,107,162,675,2000.0,51463.0,0.0,-0.8148770000000001,-1.040305,IRN,NLD,0342
52459,109,162,675,2000.0,4374830.0,14155.0,-0.070436,-0.5575439999999999,ISL,NLD,0342
52460,110,162,675,2000.0,99515.0,1175874.0,1.4153870000000002,0.828117,ISR,NLD,0342
52461,111,162,675,2000.0,178542.0,28654608.0,1.51508,0.818283,ITA,NLD,0342
52462,112,162,675,2000.0,0.0,824007.0,-0.724729,-0.91094,JAM,NLD,0342
52463,113,162,675,2000.0,18129.0,3606.0,0.677723,1.497694,JOR,NLD,0342
52464,114,162,675,2000.0,2768.0,33427052.0,2.8218240000000003,0.255803,JPN,NLD,0342
52465,115,162,675,2000.0,0.0,20951.0,-0.16554100000000002,-0.70523,KAZ,NLD,0342
52466,116,162,675,2000.0,20211.0,143977.0,-0.554244,-0.1757,KEN,NLD,0342
52467,121,162,675,2000.0,105424.0,2509969.0,1.248356,1.000666,KOR,NLD,0342
52468,122,162,675,2000.0,0.0,5760.0,-0.825533,-1.190257,KWT,NLD,0342
52469,124,162,675,2000.0,0.0,18067.0,0.139623,1.095387,LBN,NLD,0342
52470,125,162,675,2000.0,0.0,745898.0,-0.763757,-1.1284129999999999,LBR,NLD,0342
52471,126,162,675,2000.0,0.0,20261.0,-0.8606719999999999,-1.188626,LBY,NLD,0342
52472,128,162,675,2000.0,120383.0,1208.0,-0.497407,0.004686999999999999,LKA,NLD,0342
52473,130,162,675,2000.0,137343.0,1480644.0,0.22767199999999999,0.794208,LTU,NLD,0342
52474,131,162,675,2000.0,0.0,9737.0,1.203242,1.0729790000000001,LUX,NLD,0342
52475,132,162,675,2000.0,0.0,336968.0,0.27229699999999996,0.402929,LVA,NLD,0342
52476,134,162,675,2000.0,201522.0,441300.0,-0.5460510000000001,-0.33865100000000004,MAR,NLD,0342
52477,135,162,675,2000.0,0.0,208943.0,0.039072,0.103148,MDA,NLD,0342
52478,136,162,675,2000.0,274107.0,0.0,-1.082986,-0.614482,MDG,NLD,0342
52479,138,162,675,2000.0,0.0,79871.0,0.9020379999999999,0.671139,MEX,NLD,0342
52480,140,162,675,2000.0,0.0,212996.0,0.159675,0.429424,MKD,NLD,0342
52481,142,162,675,2000.0,0.0,262986.0,0.8771450000000001,-0.013614,MLT,NLD,0342
52482,147,162,675,2000.0,0.0,64192.0,-0.774857,-0.792454,MOZ,NLD,0342
52483,148,162,675,2000.0,188793.0,0.0,-1.444615,-1.29284,MRT,NLD,0342
52484,153,162,675,2000.0,13645.0,690942.0,0.789007,0.16084600000000002,MYS,NLD,0342
52485,154,162,675,2000.0,0.0,58963.0,1.449263,-0.190901,MYT,NLD,0342
52486,155,162,675,2000.0,1238499.0,0.0,-0.42796999999999996,-0.643361,NAM,NLD,0342
52487,156,162,675,2000.0,0.0,140675.0,-0.138942,-0.903899,NCL,NLD,0342
52488,159,162,675,2000.0,49822.0,60432404.0,-2.192487,-1.30587,NGA,NLD,0342
52489,163,162,675,2000.0,11470231.0,462461.0,0.6499050000000001,-0.177091,NOR,NLD,0342
52490,164,162,675,2000.0,0.0,3676.0,-0.366774,0.318676,NPL,NLD,0342
52491,166,162,675,2000.0,1237675.0,10268.0,0.419671,0.809288,NZL,NLD,0342
52492,167,162,675,2000.0,151666.0,0.0,-1.291169,-1.3004040000000001,OMN,NLD,0342
52493,168,162,675,2000.0,52334.0,0.0,-0.76763,-0.435066,PAK,NLD,0342
52494,169,162,675,2000.0,27365.0,0.0,0.107412,0.41455600000000004,PAN,NLD,0342
52495,173,162,675,2000.0,593396.0,22441.0,-0.390278,-0.018691,PER,NLD,0342
52496,174,162,675,2000.0,95026.0,0.0,-0.010024,-0.368702,PHL,NLD,0342
52497,177,162,675,2000.0,2353902.0,6160670.0,0.9513659999999999,1.8445669999999998,POL,NLD,0342
52498,178,162,675,2000.0,0.0,236931.0,0.795818,1.089874,PRK,NLD,0342
52499,179,162,675,2000.0,114514.0,3862318.0,0.624078,1.342565,PRT,NLD,0342
52500,181,162,675,2000.0,0.0,41548.0,1.213069,0.699902,PSE,NLD,0342
52501,183,162,675,2000.0,0.0,8469.0,-0.534754,-1.139729,QAT,NLD,0342
52502,185,162,675,2000.0,0.0,2294311.0,0.55594,1.054573,ROU,NLD,0342
52503,186,162,675,2000.0,2193562.0,3222966.0,0.765547,0.369255,RUS,NLD,0342
52504,188,162,675,2000.0,0.0,115960.0,0.005864,-0.983202,SAU,NLD,0342
52505,189,162,675,2000.0,0.0,251426.0,0.484573,2.767036,SCG,NLD,0342
52506,192,162,675,2000.0,1585934.0,138614.0,1.5432860000000002,0.519856,SGP,NLD,0342
52507,196,162,675,2000.0,0.0,3047.0,0.507205,-0.055387,SLE,NLD,0342
52508,205,162,675,2000.0,1145955.0,1623.0,-0.7238720000000001,-0.807254,SUR,NLD,0342
52509,206,162,675,2000.0,0.0,277656.0,1.3226360000000001,1.1967809999999999,SVK,NLD,0342
52510,207,162,675,2000.0,0.0,230269.0,1.485695,1.122069,SVN,NLD,0342
52511,208,162,675,2000.0,154066.0,636016.0,2.087984,0.811167,SWE,NLD,0342
52512,212,162,675,2000.0,0.0,9213.0,-1.203106,-0.889915,SYR,NLD,0342
52513,214,162,675,2000.0,0.0,28709.0,-0.6029899999999999,-0.90674,TCD,NLD,0342
52514,215,162,675,2000.0,0.0,634243.0,-0.741812,-0.6781550000000001,TGO,NLD,0342
52515,216,162,675,2000.0,109099.0,663775.0,0.505423,1.358217,THA,NLD,0342
52516,219,162,675,2000.0,0.0,1296.0,-0.839936,-1.168236,TKM,NLD,0342
52517,224,162,675,2000.0,341994.0,73670.0,0.127924,2.039773,TUR,NLD,0342
52518,226,162,675,2000.0,1028958.0,0.0,-1.14198,-0.368647,TZA,NLD,0342
52519,227,162,675,2000.0,99232.0,0.0,-1.275188,-0.9400639999999999,UGA,NLD,0342
52520,228,162,675,2000.0,0.0,1111519.0,0.622654,1.191971,UKR,NLD,0342
52521,229,162,675,2000.0,0.0,8313.0,0.309713,-0.289804,UMI,NLD,0342
52522,230,162,675,2000.0,184944.0,0.0,0.18688,0.575136,URY,NLD,0342
52523,231,162,675,2000.0,9253186.0,4719221.0,1.9869709999999998,0.021666,USA,NLD,0342
52524,236,162,675,2000.0,328075.0,37290.0,-0.12500999999999998,-0.8610610000000001,VEN,NLD,0342
52525,239,162,675,2000.0,708573.0,0.0,-0.589009,0.518708,VNM,NLD,0342
52526,243,162,675,2000.0,67618.0,0.0,-1.6733,-1.292217,YEM,NLD,0342
52527,246,162,675,2000.0,94200.0,106479.0,0.304739,2.2212709999999998,ZAF,NLD,0342
52528,248,162,675,2000.0,515804.0,0.0,-0.43871899999999997,0.491989,ZWE,NLD,0342
52529,249,162,675,2000.0,2157520.0,167198.0,1.642139,1.2375639999999999,TWN,NLD,0342
52530,250,162,675,2000.0,39128.0,18192.0,1.094325,-0.32521100000000003,ANS,NLD,0342
52531,2,163,675,2000.0,0.0,87713.0,-1.9108209999999999,-1.2573379999999998,AGO,NOR,0342
52532,7,163,675,2000.0,0.0,333004.0,-0.421385,-0.675566,ARE,NOR,0342
52533,8,163,675,2000.0,0.0,4148.0,0.140533,0.888049,ARG,NOR,0342
52534,14,163,675,2000.0,0.0,72660.0,0.039636000000000005,1.001203,AUS,NOR,0342
52535,15,163,675,2000.0,0.0,19178.0,1.823798,0.465513,AUT,NOR,0342
52536,16,163,675,2000.0,0.0,62851.0,-0.36515,-0.8104979999999999,AZE,NOR,0342
52537,18,163,675,2000.0,34259.0,1097728.0,1.382578,1.406981,BEL,NOR,0342
52538,23,163,675,2000.0,0.0,1515015.0,0.47338800000000003,1.7633599999999998,BGR,NOR,0342
52539,24,163,675,2000.0,0.0,30005.0,-0.270413,-0.882984,BHR,NOR,0342
52540,26,163,675,2000.0,0.0,88562.0,0.167776,0.32192,BIH,NOR,0342
52541,28,163,675,2000.0,0.0,4439082.0,0.7323649999999999,1.1536170000000001,BLR,NOR,0342
52542,32,163,675,2000.0,0.0,113565.0,0.853466,1.28277,BRA,NOR,0342
52543,33,163,675,2000.0,0.0,1708.0,0.610079,0.267843,BRB,NOR,0342
52544,39,163,675,2000.0,772793.0,9449427.0,1.069101,1.284017,CAN,NOR,0342
52545,41,163,675,2000.0,47180.0,2773318.0,2.268929,0.538191,CHE,NOR,0342
52546,42,163,675,2000.0,21965.0,0.0,-0.011509,0.0031190000000000002,CHL,NOR,0342
52547,43,163,675,2000.0,108785.0,23457094.0,0.43423,2.461961,CHN,NOR,0342
52548,44,163,675,2000.0,0.0,362549.0,-0.7955,-0.7019989999999999,CIV,NOR,0342
52549,45,163,675,2000.0,0.0,566951.0,-1.6617520000000001,-1.264815,CMR,NOR,0342
52550,57,163,675,2000.0,0.0,1367.0,0.602984,-0.688476,CYM,NOR,0342
52551,58,163,675,2000.0,9600.0,501587.0,0.264835,0.268755,CYP,NOR,0342
52552,59,163,675,2000.0,0.0,1049934.0,1.526256,0.9255639999999999,CZE,NOR,0342
52553,61,163,675,2000.0,1726992.0,17489912.0,2.3753580000000003,-2.4481029999999997,DEU,NOR,0342
52554,63,163,675,2000.0,0.0,35070.0,0.8950530000000001,0.295721,DMA,NOR,0342
52555,64,163,675,2000.0,2018164.0,17050292.0,1.312843,1.4304370000000002,DNK,NOR,0342
52556,65,163,675,2000.0,0.0,70137.0,-0.5679569999999999,-0.61125,DOM,NOR,0342
52557,68,163,675,2000.0,0.0,4806252.0,-0.365578,0.01634,EGY,NOR,0342
52558,71,163,675,2000.0,1437.0,4853628.0,1.158711,1.7613189999999999,ESP,NOR,0342
52559,72,163,675,2000.0,0.0,4367249.0,0.353545,0.665942,EST,NOR,0342
52560,74,163,675,2000.0,21244.0,732168.0,1.9705560000000002,0.874341,FIN,NOR,0342
52561,77,163,675,2000.0,78717.0,7318552.0,1.644969,0.56481,FRA,NOR,0342
52562,78,163,675,2000.0,3968608.0,337180.0,-0.25500700000000004,-0.823207,FRO,NOR,0342
52563,80,163,675,2000.0,0.0,2688.0,-0.798345,-1.1725450000000002,GAB,NOR,0342
52564,81,163,675,2000.0,654079.0,25856662.0,2.099928,0.564025,GBR,NOR,0342
52565,82,163,675,2000.0,0.0,33985.0,0.335756,0.217348,GEO,NOR,0342
52566,83,163,675,2000.0,1574.0,0.0,-1.092586,-0.8195030000000001,GHA,NOR,0342
52567,84,163,675,2000.0,0.0,19000.0,0.726867,-0.177457,GIB,NOR,0342
52568,90,163,675,2000.0,0.0,277630.0,0.26193,1.607656,GRC,NOR,0342
52569,92,163,675,2000.0,63298.0,139676.0,-0.365398,-0.849985,GRL,NOR,0342
52570,97,163,675,2000.0,0.0,5575522.0,0.564112,1.776282,HKG,NOR,0342
52571,100,163,675,2000.0,0.0,37750.0,0.640015,1.1175899999999999,HRV,NOR,0342
52572,102,163,675,2000.0,0.0,30455.0,1.047497,1.284513,HUN,NOR,0342
52573,103,163,675,2000.0,49322.0,221433.0,0.05846799999999999,1.577531,IDN,NOR,0342
52574,104,163,675,2000.0,0.0,55613.0,0.323006,2.3446860000000003,IND,NOR,0342
52575,106,163,675,2000.0,184807.0,543736.0,1.647548,0.34018899999999996,IRL,NOR,0342
52576,109,163,675,2000.0,2587092.0,460780.0,-0.070436,-0.5575439999999999,ISL,NOR,0342
52577,110,163,675,2000.0,0.0,13009290.0,1.4153870000000002,0.828117,ISR,NOR,0342
52578,111,163,675,2000.0,27974.0,130907.0,1.51508,0.818283,ITA,NOR,0342
52579,112,163,675,2000.0,0.0,134215.0,-0.724729,-0.91094,JAM,NOR,0342
52580,113,163,675,2000.0,42011.0,216051.0,0.677723,1.497694,JOR,NOR,0342
52581,114,163,675,2000.0,0.0,283873024.0,2.8218240000000003,0.255803,JPN,NOR,0342
52582,115,163,675,2000.0,0.0,1017863.0,-0.16554100000000002,-0.70523,KAZ,NOR,0342
52583,116,163,675,2000.0,0.0,5986.0,-0.554244,-0.1757,KEN,NOR,0342
52584,121,163,675,2000.0,165656.0,14569174.0,1.248356,1.000666,KOR,NOR,0342
52585,124,163,675,2000.0,0.0,16536.0,0.139623,1.095387,LBN,NOR,0342
52586,128,163,675,2000.0,1345.0,0.0,-0.497407,0.004686999999999999,LKA,NOR,0342
52587,130,163,675,2000.0,47875.0,8981680.0,0.22767199999999999,0.794208,LTU,NOR,0342
52588,131,163,675,2000.0,0.0,8427.0,1.203242,1.0729790000000001,LUX,NOR,0342
52589,132,163,675,2000.0,0.0,10452241.0,0.27229699999999996,0.402929,LVA,NOR,0342
52590,134,163,675,2000.0,0.0,39295.0,-0.5460510000000001,-0.33865100000000004,MAR,NOR,0342
52591,135,163,675,2000.0,0.0,2060436.0,0.039072,0.103148,MDA,NOR,0342
52592,138,163,675,2000.0,0.0,201198.0,0.9020379999999999,0.671139,MEX,NOR,0342
52593,140,163,675,2000.0,0.0,115793.0,0.159675,0.429424,MKD,NOR,0342
52594,142,163,675,2000.0,0.0,669665.0,0.8771450000000001,-0.013614,MLT,NOR,0342
52595,153,163,675,2000.0,0.0,1070172.0,0.789007,0.16084600000000002,MYS,NOR,0342
52596,155,163,675,2000.0,0.0,31296.0,-0.42796999999999996,-0.643361,NAM,NOR,0342
52597,156,163,675,2000.0,0.0,3530.0,-0.138942,-0.903899,NCL,NOR,0342
52598,159,163,675,2000.0,0.0,2876427.0,-2.192487,-1.30587,NGA,NOR,0342
52599,162,163,675,2000.0,462461.0,11470231.0,1.259257,1.595796,NLD,NOR,0342
52600,164,163,675,2000.0,0.0,1893.0,-0.366774,0.318676,NPL,NOR,0342
52601,166,163,675,2000.0,19670.0,12543.0,0.419671,0.809288,NZL,NOR,0342
52602,168,163,675,2000.0,0.0,21666.0,-0.76763,-0.435066,PAK,NOR,0342
52603,169,163,675,2000.0,0.0,748936.0,0.107412,0.41455600000000004,PAN,NOR,0342
52604,173,163,675,2000.0,47010.0,0.0,-0.390278,-0.018691,PER,NOR,0342
52605,174,163,675,2000.0,91291.0,1929385.0,-0.010024,-0.368702,PHL,NOR,0342
52606,177,163,675,2000.0,998655.0,45977600.0,0.9513659999999999,1.8445669999999998,POL,NOR,0342
52607,179,163,675,2000.0,1170325.0,8886595.0,0.624078,1.342565,PRT,NOR,0342
52608,183,163,675,2000.0,0.0,46545.0,-0.534754,-1.139729,QAT,NOR,0342
52609,185,163,675,2000.0,0.0,3042880.0,0.55594,1.054573,ROU,NOR,0342
52610,186,163,675,2000.0,62640372.0,83936976.0,0.765547,0.369255,RUS,NOR,0342
52611,188,163,675,2000.0,0.0,141484.0,0.005864,-0.983202,SAU,NOR,0342
52612,189,163,675,2000.0,0.0,290084.0,0.484573,2.767036,SCG,NOR,0342
52613,191,163,675,2000.0,0.0,3210.0,-0.449184,-0.375335,SEN,NOR,0342
52614,192,163,675,2000.0,39105.0,6056026.0,1.5432860000000002,0.519856,SGP,NOR,0342
52615,206,163,675,2000.0,0.0,159951.0,1.3226360000000001,1.1967809999999999,SVK,NOR,0342
52616,207,163,675,2000.0,0.0,24209.0,1.485695,1.122069,SVN,NOR,0342
52617,208,163,675,2000.0,897556.0,9110019.0,2.087984,0.811167,SWE,NOR,0342
52618,212,163,675,2000.0,0.0,3365.0,-1.203106,-0.889915,SYR,NOR,0342
52619,216,163,675,2000.0,24535.0,9472438.0,0.505423,1.358217,THA,NOR,0342
52620,224,163,675,2000.0,0.0,7387778.0,0.127924,2.039773,TUR,NOR,0342
52621,226,163,675,2000.0,1690.0,0.0,-1.14198,-0.368647,TZA,NOR,0342
52622,228,163,675,2000.0,0.0,47604356.0,0.622654,1.191971,UKR,NOR,0342
52623,231,163,675,2000.0,19494290.0,24186348.0,1.9869709999999998,0.021666,USA,NOR,0342
52624,236,163,675,2000.0,0.0,95313.0,-0.12500999999999998,-0.8610610000000001,VEN,NOR,0342
52625,237,163,675,2000.0,0.0,621466.0,0.583925,-0.110356,VGB,NOR,0342
52626,239,163,675,2000.0,78774.0,1157.0,-0.589009,0.518708,VNM,NOR,0342
52627,246,163,675,2000.0,0.0,916621.0,0.304739,2.2212709999999998,ZAF,NOR,0342
52628,249,163,675,2000.0,7717.0,13365922.0,1.642139,1.2375639999999999,TWN,NOR,0342
52629,22,169,675,2000.0,37326.0,0.0,-0.8757879999999999,-0.95126,BGD,PAN,0342
52630,31,169,675,2000.0,0.0,80824.0,-0.400861,-0.41780900000000004,BOL,PAN,0342
52631,32,169,675,2000.0,256624.0,180622.0,0.853466,1.28277,BRA,PAN,0342
52632,39,169,675,2000.0,0.0,2398.0,1.069101,1.284017,CAN,PAN,0342
52633,42,169,675,2000.0,48222.0,0.0,-0.011509,0.0031190000000000002,CHL,PAN,0342
52634,43,169,675,2000.0,30200.0,55197.0,0.43423,2.461961,CHN,PAN,0342
52635,44,169,675,2000.0,0.0,1410282.0,-0.7955,-0.7019989999999999,CIV,PAN,0342
52636,49,169,675,2000.0,4092050.0,0.0,0.12351400000000001,0.255517,COL,PAN,0342
52637,52,169,675,2000.0,21619.0,251741.0,-0.136989,-0.190298,CRI,PAN,0342
52638,65,169,675,2000.0,0.0,34303.0,-0.5679569999999999,-0.61125,DOM,PAN,0342
52639,67,169,675,2000.0,79803.0,0.0,-1.016643,-0.8385469999999999,ECU,PAN,0342
52640,71,169,675,2000.0,59002.0,8902614.0,1.158711,1.7613189999999999,ESP,PAN,0342
52641,72,169,675,2000.0,5133.0,0.0,0.353545,0.665942,EST,PAN,0342
52642,77,169,675,2000.0,0.0,136165.0,1.644969,0.56481,FRA,PAN,0342
52643,81,169,675,2000.0,0.0,75860.0,2.099928,0.564025,GBR,PAN,0342
52644,90,169,675,2000.0,0.0,59007.0,0.26193,1.607656,GRC,PAN,0342
52645,93,169,675,2000.0,0.0,15141.0,-0.37711100000000003,0.191477,GTM,PAN,0342
52646,97,169,675,2000.0,0.0,84231.0,0.564112,1.776282,HKG,PAN,0342
52647,99,169,675,2000.0,0.0,6804.0,-0.756031,-0.58392,HND,PAN,0342
52648,104,169,675,2000.0,86770.0,0.0,0.323006,2.3446860000000003,IND,PAN,0342
52649,106,169,675,2000.0,22531.0,0.0,1.647548,0.34018899999999996,IRL,PAN,0342
52650,111,169,675,2000.0,0.0,977460.0,1.51508,0.818283,ITA,PAN,0342
52651,114,169,675,2000.0,8365.0,4016458.0,2.8218240000000003,0.255803,JPN,PAN,0342
52652,121,169,675,2000.0,1908059.0,122635.0,1.248356,1.000666,KOR,PAN,0342
52653,127,169,675,2000.0,0.0,47688.0,-0.0033490000000000004,-0.6011340000000001,LCA,PAN,0342
52654,138,169,675,2000.0,0.0,101462.0,0.9020379999999999,0.671139,MEX,PAN,0342
52655,155,169,675,2000.0,7188.0,5241.0,-0.42796999999999996,-0.643361,NAM,PAN,0342
52656,162,169,675,2000.0,0.0,27365.0,1.259257,1.595796,NLD,PAN,0342
52657,163,169,675,2000.0,748936.0,0.0,0.6499050000000001,-0.177091,NOR,PAN,0342
52658,173,169,675,2000.0,62557.0,0.0,-0.390278,-0.018691,PER,PAN,0342
52659,179,169,675,2000.0,0.0,45366.0,0.624078,1.342565,PRT,PAN,0342
52660,185,169,675,2000.0,1000.0,0.0,0.55594,1.054573,ROU,PAN,0342
52661,208,169,675,2000.0,1033.0,0.0,2.087984,0.811167,SWE,PAN,0342
52662,222,169,675,2000.0,0.0,30454.0,0.011104000000000001,-0.831385,TTO,PAN,0342
52663,223,169,675,2000.0,0.0,68563.0,-0.061203999999999995,0.149345,TUN,PAN,0342
52664,228,169,675,2000.0,50198.0,0.0,0.622654,1.191971,UKR,PAN,0342
52665,230,169,675,2000.0,0.0,67857.0,0.18688,0.575136,URY,PAN,0342
52666,231,169,675,2000.0,83760.0,23720846.0,1.9869709999999998,0.021666,USA,PAN,0342
52667,236,169,675,2000.0,0.0,504571.0,-0.12500999999999998,-0.8610610000000001,VEN,PAN,0342
52668,246,169,675,2000.0,15331.0,0.0,0.304739,2.2212709999999998,ZAF,PAN,0342
52669,249,169,675,2000.0,0.0,894282.0,1.642139,1.2375639999999999,TWN,PAN,0342
52670,0,173,675,2000.0,0.0,9471.0,-0.197305,-0.888491,ABW,PER,0342
52671,6,173,675,2000.0,0.0,83076.0,0.25759099999999996,-0.555668,ANT,PER,0342
52672,8,173,675,2000.0,0.0,21007.0,0.140533,0.888049,ARG,PER,0342
52673,14,173,675,2000.0,0.0,56156.0,0.039636000000000005,1.001203,AUS,PER,0342
52674,18,173,675,2000.0,0.0,343683.0,1.382578,1.406981,BEL,PER,0342
52675,23,173,675,2000.0,0.0,40957.0,0.47338800000000003,1.7633599999999998,BGR,PER,0342
52676,28,173,675,2000.0,0.0,25126.0,0.7323649999999999,1.1536170000000001,BLR,PER,0342
52677,32,173,675,2000.0,0.0,167057.0,0.853466,1.28277,BRA,PER,0342
52678,39,173,675,2000.0,0.0,344537.0,1.069101,1.284017,CAN,PER,0342
52679,42,173,675,2000.0,1782785.0,13758.0,-0.011509,0.0031190000000000002,CHL,PER,0342
52680,43,173,675,2000.0,0.0,245433.0,0.43423,2.461961,CHN,PER,0342
52681,49,173,675,2000.0,0.0,209300.0,0.12351400000000001,0.255517,COL,PER,0342
52682,52,173,675,2000.0,0.0,34715.0,-0.136989,-0.190298,CRI,PER,0342
52683,58,173,675,2000.0,0.0,14342.0,0.264835,0.268755,CYP,PER,0342
52684,59,173,675,2000.0,0.0,50330.0,1.526256,0.9255639999999999,CZE,PER,0342
52685,61,173,675,2000.0,0.0,726789.0,2.3753580000000003,-2.4481029999999997,DEU,PER,0342
52686,64,173,675,2000.0,0.0,18182.0,1.312843,1.4304370000000002,DNK,PER,0342
52687,65,173,675,2000.0,0.0,89885.0,-0.5679569999999999,-0.61125,DOM,PER,0342
52688,66,173,675,2000.0,0.0,1351.0,-0.9876940000000001,-1.194216,DZA,PER,0342
52689,67,173,675,2000.0,211738.0,64299.0,-1.016643,-0.8385469999999999,ECU,PER,0342
52690,71,173,675,2000.0,0.0,1522786.0,1.158711,1.7613189999999999,ESP,PER,0342
52691,72,173,675,2000.0,0.0,106412.0,0.353545,0.665942,EST,PER,0342
52692,74,173,675,2000.0,0.0,3794.0,1.9705560000000002,0.874341,FIN,PER,0342
52693,75,173,675,2000.0,0.0,53529.0,-0.775963,-0.28976999999999997,FJI,PER,0342
52694,77,173,675,2000.0,0.0,2305786.0,1.644969,0.56481,FRA,PER,0342
52695,81,173,675,2000.0,0.0,432697.0,2.099928,0.564025,GBR,PER,0342
52696,90,173,675,2000.0,0.0,24812.0,0.26193,1.607656,GRC,PER,0342
52697,97,173,675,2000.0,0.0,35570.0,0.564112,1.776282,HKG,PER,0342
52698,100,173,675,2000.0,0.0,69691.0,0.640015,1.1175899999999999,HRV,PER,0342
52699,101,173,675,2000.0,0.0,10004.0,-0.946832,-0.818751,HTI,PER,0342
52700,102,173,675,2000.0,0.0,138894.0,1.047497,1.284513,HUN,PER,0342
52701,110,173,675,2000.0,0.0,8109.0,1.4153870000000002,0.828117,ISR,PER,0342
52702,111,173,675,2000.0,0.0,2438968.0,1.51508,0.818283,ITA,PER,0342
52703,114,173,675,2000.0,235674.0,4439734.0,2.8218240000000003,0.255803,JPN,PER,0342
52704,121,173,675,2000.0,32573.0,3449160.0,1.248356,1.000666,KOR,PER,0342
52705,130,173,675,2000.0,0.0,312915.0,0.22767199999999999,0.794208,LTU,PER,0342
52706,132,173,675,2000.0,0.0,20370.0,0.27229699999999996,0.402929,LVA,PER,0342
52707,138,173,675,2000.0,0.0,264605.0,0.9020379999999999,0.671139,MEX,PER,0342
52708,140,173,675,2000.0,0.0,136923.0,0.159675,0.429424,MKD,PER,0342
52709,142,173,675,2000.0,0.0,1647.0,0.8771450000000001,-0.013614,MLT,PER,0342
52710,153,173,675,2000.0,0.0,543092.0,0.789007,0.16084600000000002,MYS,PER,0342
52711,162,173,675,2000.0,22441.0,593396.0,1.259257,1.595796,NLD,PER,0342
52712,163,173,675,2000.0,0.0,47010.0,0.6499050000000001,-0.177091,NOR,PER,0342
52713,166,173,675,2000.0,75872.0,0.0,0.419671,0.809288,NZL,PER,0342
52714,169,173,675,2000.0,0.0,62557.0,0.107412,0.41455600000000004,PAN,PER,0342
52715,177,173,675,2000.0,0.0,109731.0,0.9513659999999999,1.8445669999999998,POL,PER,0342
52716,178,173,675,2000.0,0.0,13208.0,0.795818,1.089874,PRK,PER,0342
52717,179,173,675,2000.0,0.0,20250.0,0.624078,1.342565,PRT,PER,0342
52718,185,173,675,2000.0,0.0,3049.0,0.55594,1.054573,ROU,PER,0342
52719,186,173,675,2000.0,0.0,41963.0,0.765547,0.369255,RUS,PER,0342
52720,189,173,675,2000.0,0.0,10338.0,0.484573,2.767036,SCG,PER,0342
52721,206,173,675,2000.0,0.0,415326.0,1.3226360000000001,1.1967809999999999,SVK,PER,0342
52722,207,173,675,2000.0,0.0,3360.0,1.485695,1.122069,SVN,PER,0342
52723,208,173,675,2000.0,0.0,199376.0,2.087984,0.811167,SWE,PER,0342
52724,216,173,675,2000.0,0.0,74126.0,0.505423,1.358217,THA,PER,0342
52725,230,173,675,2000.0,0.0,23014.0,0.18688,0.575136,URY,PER,0342
52726,231,173,675,2000.0,142070.0,654311.0,1.9869709999999998,0.021666,USA,PER,0342
52727,236,173,675,2000.0,0.0,98337.0,-0.12500999999999998,-0.8610610000000001,VEN,PER,0342
52728,246,173,675,2000.0,0.0,187559.0,0.304739,2.2212709999999998,ZAF,PER,0342
52729,249,173,675,2000.0,586200.0,153025.0,1.642139,1.2375639999999999,TWN,PER,0342
52730,250,173,675,2000.0,43232.0,559114.0,1.094325,-0.32521100000000003,ANS,PER,0342
52731,10,174,675,2000.0,0.0,896682.0,1.106474,0.32893,ASM,PHL,0342
52732,14,174,675,2000.0,23314.0,8351.0,0.039636000000000005,1.001203,AUS,PHL,0342
52733,39,174,675,2000.0,36691.0,270703.0,1.069101,1.284017,CAN,PHL,0342
52734,41,174,675,2000.0,0.0,43994.0,2.268929,0.538191,CHE,PHL,0342
52735,43,174,675,2000.0,2128178.0,70043.0,0.43423,2.461961,CHN,PHL,0342
52736,61,174,675,2000.0,0.0,813018.0,2.3753580000000003,-2.4481029999999997,DEU,PHL,0342
52737,64,174,675,2000.0,285641.0,0.0,1.312843,1.4304370000000002,DNK,PHL,0342
52738,71,174,675,2000.0,6337454.0,77288.0,1.158711,1.7613189999999999,ESP,PHL,0342
52739,77,174,675,2000.0,23597.0,0.0,1.644969,0.56481,FRA,PHL,0342
52740,81,174,675,2000.0,4008990.0,19729.0,2.099928,0.564025,GBR,PHL,0342
52741,95,174,675,2000.0,425096.0,72406.0,-0.235483,-0.92404,GUM,PHL,0342
52742,97,174,675,2000.0,210290.0,295545.0,0.564112,1.776282,HKG,PHL,0342
52743,103,174,675,2000.0,1851754.0,1720676.0,0.05846799999999999,1.577531,IDN,PHL,0342
52744,104,174,675,2000.0,692511.0,0.0,0.323006,2.3446860000000003,IND,PHL,0342
52745,111,174,675,2000.0,0.0,9776.0,1.51508,0.818283,ITA,PHL,0342
52746,114,174,675,2000.0,485904.0,37463380.0,2.8218240000000003,0.255803,JPN,PHL,0342
52747,121,174,675,2000.0,11543807.0,1569780.0,1.248356,1.000666,KOR,PHL,0342
52748,122,174,675,2000.0,0.0,1724.0,-0.825533,-1.190257,KWT,PHL,0342
52749,124,174,675,2000.0,0.0,36596.0,0.139623,1.095387,LBN,PHL,0342
52750,134,174,675,2000.0,771805.0,0.0,-0.5460510000000001,-0.33865100000000004,MAR,PHL,0342
52751,138,174,675,2000.0,1040884.0,2476.0,0.9020379999999999,0.671139,MEX,PHL,0342
52752,139,174,675,2000.0,780174.0,0.0,0.5375979999999999,-0.723407,MHL,PHL,0342
52753,143,174,675,2000.0,8332.0,0.0,-1.260786,-0.9277549999999999,MMR,PHL,0342
52754,148,174,675,2000.0,1984421.0,0.0,-1.444615,-1.29284,MRT,PHL,0342
52755,153,174,675,2000.0,112985.0,11172.0,0.789007,0.16084600000000002,MYS,PHL,0342
52756,162,174,675,2000.0,0.0,95026.0,1.259257,1.595796,NLD,PHL,0342
52757,163,174,675,2000.0,1929385.0,91291.0,0.6499050000000001,-0.177091,NOR,PHL,0342
52758,166,174,675,2000.0,404106.0,1133.0,0.419671,0.809288,NZL,PHL,0342
52759,176,174,675,2000.0,1496760.0,0.0,-1.31124,-1.127378,PNG,PHL,0342
52760,192,174,675,2000.0,2440518.0,297506.0,1.5432860000000002,0.519856,SGP,PHL,0342
52761,216,174,675,2000.0,822688.0,4960470.0,0.505423,1.358217,THA,PHL,0342
52762,229,174,675,2000.0,0.0,67479.0,0.309713,-0.289804,UMI,PHL,0342
52763,231,174,675,2000.0,3412750.0,7853656.0,1.9869709999999998,0.021666,USA,PHL,0342
52764,246,174,675,2000.0,9159.0,150346.0,0.304739,2.2212709999999998,ZAF,PHL,0342
52765,249,174,675,2000.0,7328382.0,1330456.0,1.642139,1.2375639999999999,TWN,PHL,0342
52766,8,177,675,2000.0,347443.0,0.0,0.140533,0.888049,ARG,POL,0342
52767,14,177,675,2000.0,53209.0,0.0,0.039636000000000005,1.001203,AUS,POL,0342
52768,15,177,675,2000.0,0.0,12409.0,1.823798,0.465513,AUT,POL,0342
52769,16,177,675,2000.0,0.0,2522.0,-0.36515,-0.8104979999999999,AZE,POL,0342
52770,18,177,675,2000.0,17976.0,7098.0,1.382578,1.406981,BEL,POL,0342
52771,23,177,675,2000.0,49729.0,20323.0,0.47338800000000003,1.7633599999999998,BGR,POL,0342
52772,28,177,675,2000.0,315797.0,107747.0,0.7323649999999999,1.1536170000000001,BLR,POL,0342
52773,39,177,675,2000.0,352618.0,36325.0,1.069101,1.284017,CAN,POL,0342
52774,41,177,675,2000.0,0.0,91002.0,2.268929,0.538191,CHE,POL,0342
52775,42,177,675,2000.0,521166.0,0.0,-0.011509,0.0031190000000000002,CHL,POL,0342
52776,43,177,675,2000.0,203254.0,34759.0,0.43423,2.461961,CHN,POL,0342
52777,59,177,675,2000.0,9749.0,83159.0,1.526256,0.9255639999999999,CZE,POL,0342
52778,61,177,675,2000.0,4291938.0,2343649.0,2.3753580000000003,-2.4481029999999997,DEU,POL,0342
52779,64,177,675,2000.0,4907960.0,1267394.0,1.312843,1.4304370000000002,DNK,POL,0342
52780,68,177,675,2000.0,0.0,12207.0,-0.365578,0.01634,EGY,POL,0342
52781,71,177,675,2000.0,1159389.0,714946.0,1.158711,1.7613189999999999,ESP,POL,0342
52782,72,177,675,2000.0,0.0,523351.0,0.353545,0.665942,EST,POL,0342
52783,77,177,675,2000.0,39870.0,474545.0,1.644969,0.56481,FRA,POL,0342
52784,78,177,675,2000.0,765569.0,0.0,-0.25500700000000004,-0.823207,FRO,POL,0342
52785,81,177,675,2000.0,1330312.0,1475564.0,2.099928,0.564025,GBR,POL,0342
52786,83,177,675,2000.0,0.0,1598029.0,-1.092586,-0.8195030000000001,GHA,POL,0342
52787,92,177,675,2000.0,50268.0,0.0,-0.365398,-0.849985,GRL,POL,0342
52788,100,177,675,2000.0,3885.0,1011420.0,0.640015,1.1175899999999999,HRV,POL,0342
52789,102,177,675,2000.0,30125.0,129405.0,1.047497,1.284513,HUN,POL,0342
52790,103,177,675,2000.0,8599.0,0.0,0.05846799999999999,1.577531,IDN,POL,0342
52791,104,177,675,2000.0,108327.0,0.0,0.323006,2.3446860000000003,IND,POL,0342
52792,106,177,675,2000.0,2778473.0,5741.0,1.647548,0.34018899999999996,IRL,POL,0342
52793,109,177,675,2000.0,956813.0,0.0,-0.070436,-0.5575439999999999,ISL,POL,0342
52794,114,177,675,2000.0,0.0,3234356.0,2.8218240000000003,0.255803,JPN,POL,0342
52795,121,177,675,2000.0,0.0,580000.0,1.248356,1.000666,KOR,POL,0342
52796,130,177,675,2000.0,141292.0,110003.0,0.22767199999999999,0.794208,LTU,POL,0342
52797,132,177,675,2000.0,585007.0,0.0,0.27229699999999996,0.402929,LVA,POL,0342
52798,135,177,675,2000.0,0.0,1120391.0,0.039072,0.103148,MDA,POL,0342
52799,140,177,675,2000.0,0.0,36306.0,0.159675,0.429424,MKD,POL,0342
52800,148,177,675,2000.0,290870.0,0.0,-1.444615,-1.29284,MRT,POL,0342
52801,155,177,675,2000.0,91098.0,0.0,-0.42796999999999996,-0.643361,NAM,POL,0342
52802,159,177,675,2000.0,0.0,1631852.0,-2.192487,-1.30587,NGA,POL,0342
52803,162,177,675,2000.0,6160670.0,2353902.0,1.259257,1.595796,NLD,POL,0342
52804,163,177,675,2000.0,45977600.0,998655.0,0.6499050000000001,-0.177091,NOR,POL,0342
52805,166,177,675,2000.0,142076.0,0.0,0.419671,0.809288,NZL,POL,0342
52806,173,177,675,2000.0,109731.0,0.0,-0.390278,-0.018691,PER,POL,0342
52807,185,177,675,2000.0,0.0,839463.0,0.55594,1.054573,ROU,POL,0342
52808,186,177,675,2000.0,18945316.0,447045.0,0.765547,0.369255,RUS,POL,0342
52809,189,177,675,2000.0,0.0,225625.0,0.484573,2.767036,SCG,POL,0342
52810,206,177,675,2000.0,0.0,7534.0,1.3226360000000001,1.1967809999999999,SVK,POL,0342
52811,207,177,675,2000.0,17398.0,30556.0,1.485695,1.122069,SVN,POL,0342
52812,208,177,675,2000.0,182451.0,0.0,2.087984,0.811167,SWE,POL,0342
52813,216,177,675,2000.0,0.0,15089.0,0.505423,1.358217,THA,POL,0342
52814,226,177,675,2000.0,208260.0,0.0,-1.14198,-0.368647,TZA,POL,0342
52815,228,177,675,2000.0,210803.0,8107.0,0.622654,1.191971,UKR,POL,0342
52816,230,177,675,2000.0,31826.0,0.0,0.18688,0.575136,URY,POL,0342
52817,231,177,675,2000.0,185906.0,3144.0,1.9869709999999998,0.021666,USA,POL,0342
52818,2,179,675,2000.0,57195.0,64624.0,-1.9108209999999999,-1.2573379999999998,AGO,PRT,0342
52819,6,179,675,2000.0,704024.0,0.0,0.25759099999999996,-0.555668,ANT,PRT,0342
52820,8,179,675,2000.0,436993.0,0.0,0.140533,0.888049,ARG,PRT,0342
52821,14,179,675,2000.0,0.0,44089.0,0.039636000000000005,1.001203,AUS,PRT,0342
52822,18,179,675,2000.0,111038.0,173791.0,1.382578,1.406981,BEL,PRT,0342
52823,28,179,675,2000.0,0.0,5377.0,0.7323649999999999,1.1536170000000001,BLR,PRT,0342
52824,29,179,675,2000.0,1134861.0,0.0,-0.762942,-0.794567,BLZ,PRT,0342
52825,32,179,675,2000.0,873241.0,327815.0,0.853466,1.28277,BRA,PRT,0342
52826,39,179,675,2000.0,439497.0,1759785.0,1.069101,1.284017,CAN,PRT,0342
52827,41,179,675,2000.0,783764.0,836089.0,2.268929,0.538191,CHE,PRT,0342
52828,42,179,675,2000.0,1975012.0,0.0,-0.011509,0.0031190000000000002,CHL,PRT,0342
52829,43,179,675,2000.0,221435.0,198209.0,0.43423,2.461961,CHN,PRT,0342
52830,44,179,675,2000.0,104133.0,0.0,-0.7955,-0.7019989999999999,CIV,PRT,0342
52831,46,179,675,2000.0,0.0,1198.0,-0.814385,-1.049396,COD,PRT,0342
52832,51,179,675,2000.0,10759.0,24039.0,0.358579,-0.238117,CPV,PRT,0342
52833,58,179,675,2000.0,19823.0,222099.0,0.264835,0.268755,CYP,PRT,0342
52834,61,179,675,2000.0,364232.0,613112.0,2.3753580000000003,-2.4481029999999997,DEU,PRT,0342
52835,64,179,675,2000.0,2875093.0,852145.0,1.312843,1.4304370000000002,DNK,PRT,0342
52836,67,179,675,2000.0,8564.0,0.0,-1.016643,-0.8385469999999999,ECU,PRT,0342
52837,71,179,675,2000.0,110730976.0,40665476.0,1.158711,1.7613189999999999,ESP,PRT,0342
52838,76,179,675,2000.0,99611.0,0.0,0.10759,-0.8671260000000001,FLK,PRT,0342
52839,77,179,675,2000.0,435104.0,2716278.0,1.644969,0.56481,FRA,PRT,0342
52840,81,179,675,2000.0,5462945.0,2026384.0,2.099928,0.564025,GBR,PRT,0342
52841,83,179,675,2000.0,1306155.0,18192.0,-1.092586,-0.8195030000000001,GHA,PRT,0342
52842,88,179,675,2000.0,219864.0,0.0,-2.176519,-1.1193549999999999,GNB,PRT,0342
52843,90,179,675,2000.0,65565.0,113755.0,0.26193,1.607656,GRC,PRT,0342
52844,100,179,675,2000.0,0.0,69749.0,0.640015,1.1175899999999999,HRV,PRT,0342
52845,103,179,675,2000.0,27379.0,25225.0,0.05846799999999999,1.577531,IDN,PRT,0342
52846,104,179,675,2000.0,2655880.0,0.0,0.323006,2.3446860000000003,IND,PRT,0342
52847,106,179,675,2000.0,240370.0,0.0,1.647548,0.34018899999999996,IRL,PRT,0342
52848,107,179,675,2000.0,79948.0,0.0,-0.8148770000000001,-1.040305,IRN,PRT,0342
52849,109,179,675,2000.0,1985884.0,1222044.0,-0.070436,-0.5575439999999999,ISL,PRT,0342
52850,110,179,675,2000.0,0.0,49677.0,1.4153870000000002,0.828117,ISR,PRT,0342
52851,111,179,675,2000.0,0.0,1654554.0,1.51508,0.818283,ITA,PRT,0342
52852,112,179,675,2000.0,0.0,28441.0,-0.724729,-0.91094,JAM,PRT,0342
52853,114,179,675,2000.0,271845.0,2428510.0,2.8218240000000003,0.255803,JPN,PRT,0342
52854,116,179,675,2000.0,21451.0,0.0,-0.554244,-0.1757,KEN,PRT,0342
52855,121,179,675,2000.0,175078.0,250882.0,1.248356,1.000666,KOR,PRT,0342
52856,130,179,675,2000.0,0.0,48632.0,0.22767199999999999,0.794208,LTU,PRT,0342
52857,131,179,675,2000.0,0.0,323828.0,1.203242,1.0729790000000001,LUX,PRT,0342
52858,133,179,675,2000.0,0.0,101690.0,-0.19656300000000002,-0.519896,MAC,PRT,0342
52859,134,179,675,2000.0,324529.0,0.0,-0.5460510000000001,-0.33865100000000004,MAR,PRT,0342
52860,140,179,675,2000.0,0.0,15514.0,0.159675,0.429424,MKD,PRT,0342
52861,147,179,675,2000.0,1329.0,84877.0,-0.774857,-0.792454,MOZ,PRT,0342
52862,148,179,675,2000.0,568642.0,4176.0,-1.444615,-1.29284,MRT,PRT,0342
52863,155,179,675,2000.0,1680420.0,71098.0,-0.42796999999999996,-0.643361,NAM,PRT,0342
52864,159,179,675,2000.0,3401.0,0.0,-2.192487,-1.30587,NGA,PRT,0342
52865,162,179,675,2000.0,3862318.0,114514.0,1.259257,1.595796,NLD,PRT,0342
52866,163,179,675,2000.0,8886595.0,1170325.0,0.6499050000000001,-0.177091,NOR,PRT,0342
52867,166,179,675,2000.0,2149412.0,0.0,0.419671,0.809288,NZL,PRT,0342
52868,167,179,675,2000.0,77842.0,0.0,-1.291169,-1.3004040000000001,OMN,PRT,0342
52869,169,179,675,2000.0,45366.0,0.0,0.107412,0.41455600000000004,PAN,PRT,0342
52870,173,179,675,2000.0,20250.0,0.0,-0.390278,-0.018691,PER,PRT,0342
52871,186,179,675,2000.0,20654122.0,11088.0,0.765547,0.369255,RUS,PRT,0342
52872,189,179,675,2000.0,0.0,7310.0,0.484573,2.767036,SCG,PRT,0342
52873,191,179,675,2000.0,110700.0,0.0,-0.449184,-0.375335,SEN,PRT,0342
52874,192,179,675,2000.0,131120.0,0.0,1.5432860000000002,0.519856,SGP,PRT,0342
52875,203,179,675,2000.0,6380263.0,4265.0,0.602001,-0.31771,STP,PRT,0342
52876,207,179,675,2000.0,0.0,1932.0,1.485695,1.122069,SVN,PRT,0342
52877,208,179,675,2000.0,120230.0,0.0,2.087984,0.811167,SWE,PRT,0342
52878,215,179,675,2000.0,27919.0,0.0,-0.741812,-0.6781550000000001,TGO,PRT,0342
52879,216,179,675,2000.0,0.0,13091.0,0.505423,1.358217,THA,PRT,0342
52880,226,179,675,2000.0,2659030.0,0.0,-1.14198,-0.368647,TZA,PRT,0342
52881,227,179,675,2000.0,290057.0,0.0,-1.275188,-0.9400639999999999,UGA,PRT,0342
52882,230,179,675,2000.0,499085.0,0.0,0.18688,0.575136,URY,PRT,0342
52883,231,179,675,2000.0,7131309.0,1081754.0,1.9869709999999998,0.021666,USA,PRT,0342
52884,236,179,675,2000.0,0.0,144786.0,-0.12500999999999998,-0.8610610000000001,VEN,PRT,0342
52885,239,179,675,2000.0,19959.0,0.0,-0.589009,0.518708,VNM,PRT,0342
52886,243,179,675,2000.0,18780.0,0.0,-1.6733,-1.292217,YEM,PRT,0342
52887,246,179,675,2000.0,8607115.0,162944.0,0.304739,2.2212709999999998,ZAF,PRT,0342
52888,249,179,675,2000.0,782476.0,47263.0,1.642139,1.2375639999999999,TWN,PRT,0342
52889,250,179,675,2000.0,0.0,422957.0,1.094325,-0.32521100000000003,ANS,PRT,0342
52890,183,190,675,2000.0,0.0,1837.0,-0.534754,-1.139729,QAT,SDN,0342
52891,5,192,675,2000.0,137075.0,0.0,1.1846510000000001,0.816685,AND,SGP,0342
52892,6,192,675,2000.0,0.0,223386.0,0.25759099999999996,-0.555668,ANT,SGP,0342
52893,7,192,675,2000.0,792020.0,256252.0,-0.421385,-0.675566,ARE,SGP,0342
52894,8,192,675,2000.0,76540.0,0.0,0.140533,0.888049,ARG,SGP,0342
52895,10,192,675,2000.0,18192.0,0.0,1.106474,0.32893,ASM,SGP,0342
52896,14,192,675,2000.0,1536727.0,190898.0,0.039636000000000005,1.001203,AUS,SGP,0342
52897,18,192,675,2000.0,79181.0,111880.0,1.382578,1.406981,BEL,SGP,0342
52898,22,192,675,2000.0,29614.0,7847.0,-0.8757879999999999,-0.95126,BGD,SGP,0342
52899,29,192,675,2000.0,279223.0,0.0,-0.762942,-0.794567,BLZ,SGP,0342
52900,32,192,675,2000.0,140156.0,0.0,0.853466,1.28277,BRA,SGP,0342
52901,34,192,675,2000.0,59388.0,2037662.0,-1.690871,-1.122819,BRN,SGP,0342
52902,39,192,675,2000.0,460998.0,142656.0,1.069101,1.284017,CAN,SGP,0342
52903,41,192,675,2000.0,0.0,108138.0,2.268929,0.538191,CHE,SGP,0342
52904,42,192,675,2000.0,1703886.0,0.0,-0.011509,0.0031190000000000002,CHL,SGP,0342
52905,43,192,675,2000.0,2820420.0,2103604.0,0.43423,2.461961,CHN,SGP,0342
52906,52,192,675,2000.0,1189790.0,0.0,-0.136989,-0.190298,CRI,SGP,0342
52907,58,192,675,2000.0,0.0,36467.0,0.264835,0.268755,CYP,SGP,0342
52908,61,192,675,2000.0,197960.0,318490.0,2.3753580000000003,-2.4481029999999997,DEU,SGP,0342
52909,64,192,675,2000.0,162406.0,162974.0,1.312843,1.4304370000000002,DNK,SGP,0342
52910,65,192,675,2000.0,0.0,42437.0,-0.5679569999999999,-0.61125,DOM,SGP,0342
52911,68,192,675,2000.0,0.0,158215.0,-0.365578,0.01634,EGY,SGP,0342
52912,71,192,675,2000.0,2699759.0,9144232.0,1.158711,1.7613189999999999,ESP,SGP,0342
52913,75,192,675,2000.0,45619.0,0.0,-0.775963,-0.28976999999999997,FJI,SGP,0342
52914,77,192,675,2000.0,8787.0,101300.0,1.644969,0.56481,FRA,SGP,0342
52915,81,192,675,2000.0,103818.0,2098023.0,2.099928,0.564025,GBR,SGP,0342
52916,90,192,675,2000.0,38022.0,883244.0,0.26193,1.607656,GRC,SGP,0342
52917,93,192,675,2000.0,398200.0,0.0,-0.37711100000000003,0.191477,GTM,SGP,0342
52918,95,192,675,2000.0,1040497.0,0.0,-0.235483,-0.92404,GUM,SGP,0342
52919,97,192,675,2000.0,582218.0,3829235.0,0.564112,1.776282,HKG,SGP,0342
52920,103,192,675,2000.0,10584882.0,172709.0,0.05846799999999999,1.577531,IDN,SGP,0342
52921,104,192,675,2000.0,7782760.0,12224.0,0.323006,2.3446860000000003,IND,SGP,0342
52922,105,192,675,2000.0,41130040.0,3851718.0,-0.30440100000000003,-0.8569399999999999,IOT,SGP,0342
52923,109,192,675,2000.0,64556.0,0.0,-0.070436,-0.5575439999999999,ISL,SGP,0342
52924,110,192,675,2000.0,0.0,2480052.0,1.4153870000000002,0.828117,ISR,SGP,0342
52925,111,192,675,2000.0,90324.0,21164792.0,1.51508,0.818283,ITA,SGP,0342
52926,114,192,675,2000.0,1981278.0,19612242.0,2.8218240000000003,0.255803,JPN,SGP,0342
52927,116,192,675,2000.0,66889.0,3220.0,-0.554244,-0.1757,KEN,SGP,0342
52928,118,192,675,2000.0,153215.0,30888.0,-0.9248430000000001,-1.071231,KHM,SGP,0342
52929,121,192,675,2000.0,6042968.0,5192210.0,1.248356,1.000666,KOR,SGP,0342
52930,122,192,675,2000.0,0.0,111037.0,-0.825533,-1.190257,KWT,SGP,0342
52931,126,192,675,2000.0,0.0,56826.0,-0.8606719999999999,-1.188626,LBY,SGP,0342
52932,128,192,675,2000.0,872252.0,26710.0,-0.497407,0.004686999999999999,LKA,SGP,0342
52933,137,192,675,2000.0,0.0,27451.0,-1.070968,-1.0570469999999998,MDV,SGP,0342
52934,138,192,675,2000.0,1018241.0,0.0,0.9020379999999999,0.671139,MEX,SGP,0342
52935,140,192,675,2000.0,0.0,1028.0,0.159675,0.429424,MKD,SGP,0342
52936,143,192,675,2000.0,2905758.0,14241.0,-1.260786,-0.9277549999999999,MMR,SGP,0342
52937,147,192,675,2000.0,83560.0,0.0,-0.774857,-0.792454,MOZ,SGP,0342
52938,151,192,675,2000.0,2528777.0,373744.0,-0.472778,-0.6301760000000001,MUS,SGP,0342
52939,153,192,675,2000.0,2474211.0,9339473.0,0.789007,0.16084600000000002,MYS,SGP,0342
52940,155,192,675,2000.0,358927.0,0.0,-0.42796999999999996,-0.643361,NAM,SGP,0342
52941,156,192,675,2000.0,11902.0,0.0,-0.138942,-0.903899,NCL,SGP,0342
52942,159,192,675,2000.0,0.0,4968.0,-2.192487,-1.30587,NGA,SGP,0342
52943,162,192,675,2000.0,138614.0,1585934.0,1.259257,1.595796,NLD,SGP,0342
52944,163,192,675,2000.0,6056026.0,39105.0,0.6499050000000001,-0.177091,NOR,SGP,0342
52945,164,192,675,2000.0,0.0,7984.0,-0.366774,0.318676,NPL,SGP,0342
52946,166,192,675,2000.0,2155834.0,275759.0,0.419671,0.809288,NZL,SGP,0342
52947,167,192,675,2000.0,115965.0,0.0,-1.291169,-1.3004040000000001,OMN,SGP,0342
52948,168,192,675,2000.0,138583.0,1339.0,-0.76763,-0.435066,PAK,SGP,0342
52949,174,192,675,2000.0,297506.0,2440518.0,-0.010024,-0.368702,PHL,SGP,0342
52950,179,192,675,2000.0,0.0,131120.0,0.624078,1.342565,PRT,SGP,0342
52951,183,192,675,2000.0,0.0,43660.0,-0.534754,-1.139729,QAT,SGP,0342
52952,186,192,675,2000.0,379739.0,3482.0,0.765547,0.369255,RUS,SGP,0342
52953,188,192,675,2000.0,0.0,603168.0,0.005864,-0.983202,SAU,SGP,0342
52954,191,192,675,2000.0,0.0,22186.0,-0.449184,-0.375335,SEN,SGP,0342
52955,203,192,675,2000.0,999932.0,0.0,0.602001,-0.31771,STP,SGP,0342
52956,208,192,675,2000.0,10594.0,117897.0,2.087984,0.811167,SWE,SGP,0342
52957,211,192,675,2000.0,0.0,1396250.0,-0.868394,-0.9754459999999999,SYC,SGP,0342
52958,216,192,675,2000.0,12312723.0,6121947.0,0.505423,1.358217,THA,SGP,0342
52959,227,192,675,2000.0,9180.0,0.0,-1.275188,-0.9400639999999999,UGA,SGP,0342
52960,230,192,675,2000.0,1549086.0,0.0,0.18688,0.575136,URY,SGP,0342
52961,231,192,675,2000.0,1331234.0,11880910.0,1.9869709999999998,0.021666,USA,SGP,0342
52962,239,192,675,2000.0,5875473.0,16741.0,-0.589009,0.518708,VNM,SGP,0342
52963,243,192,675,2000.0,23830.0,0.0,-1.6733,-1.292217,YEM,SGP,0342
52964,246,192,675,2000.0,1648192.0,593056.0,0.304739,2.2212709999999998,ZAF,SGP,0342
52965,249,192,675,2000.0,27010686.0,2300144.0,1.642139,1.2375639999999999,TWN,SGP,0342
52966,52,197,675,2000.0,7945.0,323567.0,-0.136989,-0.190298,CRI,SLV,0342
52967,93,197,675,2000.0,3043.0,14476.0,-0.37711100000000003,0.191477,GTM,SLV,0342
52968,99,197,675,2000.0,5021.0,2796.0,-0.756031,-0.58392,HND,SLV,0342
52969,160,197,675,2000.0,1677.0,0.0,-0.753571,-0.620488,NIC,SLV,0342
52970,231,197,675,2000.0,27880.0,119673.0,1.9869709999999998,0.021666,USA,SLV,0342
52971,7,208,675,2000.0,0.0,10807.0,-0.421385,-0.675566,ARE,SWE,0342
52972,14,208,675,2000.0,0.0,72917.0,0.039636000000000005,1.001203,AUS,SWE,0342
52973,15,208,675,2000.0,0.0,10707.0,1.823798,0.465513,AUT,SWE,0342
52974,18,208,675,2000.0,6146.0,161572.0,1.382578,1.406981,BEL,SWE,0342
52975,23,208,675,2000.0,0.0,364102.0,0.47338800000000003,1.7633599999999998,BGR,SWE,0342
52976,39,208,675,2000.0,588522.0,1334506.0,1.069101,1.284017,CAN,SWE,0342
52977,41,208,675,2000.0,0.0,55498.0,2.268929,0.538191,CHE,SWE,0342
52978,42,208,675,2000.0,143518.0,0.0,-0.011509,0.0031190000000000002,CHL,SWE,0342
52979,43,208,675,2000.0,0.0,33146.0,0.43423,2.461961,CHN,SWE,0342
52980,59,208,675,2000.0,0.0,9507.0,1.526256,0.9255639999999999,CZE,SWE,0342
52981,61,208,675,2000.0,340516.0,1289732.0,2.3753580000000003,-2.4481029999999997,DEU,SWE,0342
52982,64,208,675,2000.0,4453624.0,1164950.0,1.312843,1.4304370000000002,DNK,SWE,0342
52983,71,208,675,2000.0,93998.0,411218.0,1.158711,1.7613189999999999,ESP,SWE,0342
52984,72,208,675,2000.0,35305.0,888937.0,0.353545,0.665942,EST,SWE,0342
52985,74,208,675,2000.0,89735.0,248417.0,1.9705560000000002,0.874341,FIN,SWE,0342
52986,77,208,675,2000.0,42536.0,846941.0,1.644969,0.56481,FRA,SWE,0342
52987,78,208,675,2000.0,233434.0,0.0,-0.25500700000000004,-0.823207,FRO,SWE,0342
52988,81,208,675,2000.0,874139.0,43987.0,2.099928,0.564025,GBR,SWE,0342
52989,83,208,675,2000.0,0.0,354489.0,-1.092586,-0.8195030000000001,GHA,SWE,0342
52990,90,208,675,2000.0,16683.0,153693.0,0.26193,1.607656,GRC,SWE,0342
52991,97,208,675,2000.0,0.0,4683.0,0.564112,1.776282,HKG,SWE,0342
52992,100,208,675,2000.0,0.0,1120087.0,0.640015,1.1175899999999999,HRV,SWE,0342
52993,104,208,675,2000.0,10626.0,0.0,0.323006,2.3446860000000003,IND,SWE,0342
52994,106,208,675,2000.0,20043.0,0.0,1.647548,0.34018899999999996,IRL,SWE,0342
52995,109,208,675,2000.0,201341.0,0.0,-0.070436,-0.5575439999999999,ISL,SWE,0342
52996,110,208,675,2000.0,0.0,36607.0,1.4153870000000002,0.828117,ISR,SWE,0342
52997,111,208,675,2000.0,0.0,151364.0,1.51508,0.818283,ITA,SWE,0342
52998,114,208,675,2000.0,0.0,1114257.0,2.8218240000000003,0.255803,JPN,SWE,0342
52999,121,208,675,2000.0,16488.0,32716.0,1.248356,1.000666,KOR,SWE,0342
53000,128,208,675,2000.0,139800.0,0.0,-0.497407,0.004686999999999999,LKA,SWE,0342
53001,130,208,675,2000.0,0.0,60128.0,0.22767199999999999,0.794208,LTU,SWE,0342
53002,132,208,675,2000.0,17254.0,71838.0,0.27229699999999996,0.402929,LVA,SWE,0342
53003,134,208,675,2000.0,0.0,3928.0,-0.5460510000000001,-0.33865100000000004,MAR,SWE,0342
53004,135,208,675,2000.0,0.0,3711.0,0.039072,0.103148,MDA,SWE,0342
53005,162,208,675,2000.0,636016.0,154066.0,1.259257,1.595796,NLD,SWE,0342
53006,163,208,675,2000.0,9110019.0,897556.0,0.6499050000000001,-0.177091,NOR,SWE,0342
53007,166,208,675,2000.0,36524.0,0.0,0.419671,0.809288,NZL,SWE,0342
53008,169,208,675,2000.0,0.0,1033.0,0.107412,0.41455600000000004,PAN,SWE,0342
53009,173,208,675,2000.0,199376.0,0.0,-0.390278,-0.018691,PER,SWE,0342
53010,177,208,675,2000.0,0.0,182451.0,0.9513659999999999,1.8445669999999998,POL,SWE,0342
53011,179,208,675,2000.0,0.0,120230.0,0.624078,1.342565,PRT,SWE,0342
53012,185,208,675,2000.0,0.0,48305.0,0.55594,1.054573,ROU,SWE,0342
53013,186,208,675,2000.0,337135.0,793713.0,0.765547,0.369255,RUS,SWE,0342
53014,189,208,675,2000.0,0.0,8239.0,0.484573,2.767036,SCG,SWE,0342
53015,192,208,675,2000.0,117897.0,10594.0,1.5432860000000002,0.519856,SGP,SWE,0342
53016,216,208,675,2000.0,47062.0,897148.0,0.505423,1.358217,THA,SWE,0342
53017,223,208,675,2000.0,2564.0,0.0,-0.061203999999999995,0.149345,TUN,SWE,0342
53018,231,208,675,2000.0,2682289.0,11529.0,1.9869709999999998,0.021666,USA,SWE,0342
53019,239,208,675,2000.0,25978.0,0.0,-0.589009,0.518708,VNM,SWE,0342
53020,7,216,675,2000.0,0.0,1053987.0,-0.421385,-0.675566,ARE,THA,0342
53021,8,216,675,2000.0,840832.0,0.0,0.140533,0.888049,ARG,THA,0342
53022,10,216,675,2000.0,501193.0,0.0,1.106474,0.32893,ASM,THA,0342
53023,14,216,675,2000.0,2785385.0,2104381.0,0.039636000000000005,1.001203,AUS,THA,0342
53024,15,216,675,2000.0,0.0,9502.0,1.823798,0.465513,AUT,THA,0342
53025,18,216,675,2000.0,6675.0,528649.0,1.382578,1.406981,BEL,THA,0342
53026,22,216,675,2000.0,608577.0,1131146.0,-0.8757879999999999,-0.95126,BGD,THA,0342
53027,23,216,675,2000.0,0.0,8146.0,0.47338800000000003,1.7633599999999998,BGR,THA,0342
53028,24,216,675,2000.0,0.0,75266.0,-0.270413,-0.882984,BHR,THA,0342
53029,29,216,675,2000.0,50975.0,0.0,-0.762942,-0.794567,BLZ,THA,0342
53030,32,216,675,2000.0,0.0,246407.0,0.853466,1.28277,BRA,THA,0342
53031,34,216,675,2000.0,0.0,35244.0,-1.690871,-1.122819,BRN,THA,0342
53032,39,216,675,2000.0,948593.0,1247981.0,1.069101,1.284017,CAN,THA,0342
53033,41,216,675,2000.0,0.0,1225098.0,2.268929,0.538191,CHE,THA,0342
53034,42,216,675,2000.0,2873894.0,0.0,-0.011509,0.0031190000000000002,CHL,THA,0342
53035,43,216,675,2000.0,741648.0,22229012.0,0.43423,2.461961,CHN,THA,0342
53036,58,216,675,2000.0,0.0,159438.0,0.264835,0.268755,CYP,THA,0342
53037,59,216,675,2000.0,0.0,69585.0,1.526256,0.9255639999999999,CZE,THA,0342
53038,61,216,675,2000.0,41912.0,76319.0,2.3753580000000003,-2.4481029999999997,DEU,THA,0342
53039,64,216,675,2000.0,5263518.0,151090.0,1.312843,1.4304370000000002,DNK,THA,0342
53040,67,216,675,2000.0,95754.0,0.0,-1.016643,-0.8385469999999999,ECU,THA,0342
53041,68,216,675,2000.0,0.0,38073.0,-0.365578,0.01634,EGY,THA,0342
53042,69,216,675,2000.0,21407.0,0.0,0.159365,-0.437571,ERI,THA,0342
53043,71,216,675,2000.0,3042710.0,220828.0,1.158711,1.7613189999999999,ESP,THA,0342
53044,72,216,675,2000.0,0.0,8132.0,0.353545,0.665942,EST,THA,0342
53045,74,216,675,2000.0,0.0,5385.0,1.9705560000000002,0.874341,FIN,THA,0342
53046,77,216,675,2000.0,5855914.0,584433.0,1.644969,0.56481,FRA,THA,0342
53047,79,216,675,2000.0,28862226.0,0.0,-1.366403,-1.116484,FSM,THA,0342
53048,81,216,675,2000.0,1563100.0,1609206.0,2.099928,0.564025,GBR,THA,0342
53049,83,216,675,2000.0,461887.0,0.0,-1.092586,-0.8195030000000001,GHA,THA,0342
53050,92,216,675,2000.0,337794.0,0.0,-0.365398,-0.849985,GRL,THA,0342
53051,93,216,675,2000.0,604596.0,0.0,-0.37711100000000003,0.191477,GTM,THA,0342
53052,95,216,675,2000.0,171565.0,0.0,-0.235483,-0.92404,GUM,THA,0342
53053,97,216,675,2000.0,81650.0,3458684.0,0.564112,1.776282,HKG,THA,0342
53054,102,216,675,2000.0,0.0,7115.0,1.047497,1.284513,HUN,THA,0342
53055,103,216,675,2000.0,33462246.0,435291.0,0.05846799999999999,1.577531,IDN,THA,0342
53056,104,216,675,2000.0,6981126.0,0.0,0.323006,2.3446860000000003,IND,THA,0342
53057,106,216,675,2000.0,543230.0,0.0,1.647548,0.34018899999999996,IRL,THA,0342
53058,107,216,675,2000.0,937671.0,0.0,-0.8148770000000001,-1.040305,IRN,THA,0342
53059,109,216,675,2000.0,622223.0,2448.0,-0.070436,-0.5575439999999999,ISL,THA,0342
53060,110,216,675,2000.0,39612.0,273947.0,1.4153870000000002,0.828117,ISR,THA,0342
53061,111,216,675,2000.0,10428.0,1390959.0,1.51508,0.818283,ITA,THA,0342
53062,113,216,675,2000.0,0.0,64124.0,0.677723,1.497694,JOR,THA,0342
53063,114,216,675,2000.0,26313718.0,129489384.0,2.8218240000000003,0.255803,JPN,THA,0342
53064,116,216,675,2000.0,66552.0,0.0,-0.554244,-0.1757,KEN,THA,0342
53065,118,216,675,2000.0,1513.0,0.0,-0.9248430000000001,-1.071231,KHM,THA,0342
53066,119,216,675,2000.0,2349919.0,0.0,-0.122552,-0.917799,KIR,THA,0342
53067,121,216,675,2000.0,11267530.0,6728793.0,1.248356,1.000666,KOR,THA,0342
53068,122,216,675,2000.0,0.0,806576.0,-0.825533,-1.190257,KWT,THA,0342
53069,123,216,675,2000.0,0.0,179244.0,-1.057474,-1.15404,LAO,THA,0342
53070,128,216,675,2000.0,0.0,222235.0,-0.497407,0.004686999999999999,LKA,THA,0342
53071,130,216,675,2000.0,0.0,5134.0,0.22767199999999999,0.794208,LTU,THA,0342
53072,136,216,675,2000.0,993661.0,0.0,-1.082986,-0.614482,MDG,THA,0342
53073,137,216,675,2000.0,3763096.0,0.0,-1.070968,-1.0570469999999998,MDV,THA,0342
53074,138,216,675,2000.0,178199.0,0.0,0.9020379999999999,0.671139,MEX,THA,0342
53075,139,216,675,2000.0,13582867.0,0.0,0.5375979999999999,-0.723407,MHL,THA,0342
53076,142,216,675,2000.0,0.0,8590.0,0.8771450000000001,-0.013614,MLT,THA,0342
53077,143,216,675,2000.0,1789328.0,1253.0,-1.260786,-0.9277549999999999,MMR,THA,0342
53078,145,216,675,2000.0,13031.0,0.0,-0.553764,-0.917977,MNG,THA,0342
53079,148,216,675,2000.0,1692224.0,0.0,-1.444615,-1.29284,MRT,THA,0342
53080,149,216,675,2000.0,345174.0,0.0,1.415653,0.21735300000000002,MSR,THA,0342
53081,151,216,675,2000.0,233778.0,119579.0,-0.472778,-0.6301760000000001,MUS,THA,0342
53082,153,216,675,2000.0,1774472.0,2926700.0,0.789007,0.16084600000000002,MYS,THA,0342
53083,155,216,675,2000.0,27519.0,0.0,-0.42796999999999996,-0.643361,NAM,THA,0342
53084,162,216,675,2000.0,663775.0,109099.0,1.259257,1.595796,NLD,THA,0342
53085,163,216,675,2000.0,9472438.0,24535.0,0.6499050000000001,-0.177091,NOR,THA,0342
53086,164,216,675,2000.0,19028.0,3321.0,-0.366774,0.318676,NPL,THA,0342
53087,165,216,675,2000.0,333893.0,0.0,1.203534,-0.409035,NRU,THA,0342
53088,166,216,675,2000.0,9336320.0,351711.0,0.419671,0.809288,NZL,THA,0342
53089,167,216,675,2000.0,600372.0,80610.0,-1.291169,-1.3004040000000001,OMN,THA,0342
53090,168,216,675,2000.0,1098005.0,0.0,-0.76763,-0.435066,PAK,THA,0342
53091,173,216,675,2000.0,74126.0,0.0,-0.390278,-0.018691,PER,THA,0342
53092,174,216,675,2000.0,4960470.0,822688.0,-0.010024,-0.368702,PHL,THA,0342
53093,176,216,675,2000.0,20229284.0,302543.0,-1.31124,-1.127378,PNG,THA,0342
53094,177,216,675,2000.0,15089.0,0.0,0.9513659999999999,1.8445669999999998,POL,THA,0342
53095,178,216,675,2000.0,0.0,66641.0,0.795818,1.089874,PRK,THA,0342
53096,179,216,675,2000.0,13091.0,0.0,0.624078,1.342565,PRT,THA,0342
53097,183,216,675,2000.0,0.0,161861.0,-0.534754,-1.139729,QAT,THA,0342
53098,186,216,675,2000.0,11725607.0,6385.0,0.765547,0.369255,RUS,THA,0342
53099,188,216,675,2000.0,161281.0,4910046.0,0.005864,-0.983202,SAU,THA,0342
53100,191,216,675,2000.0,41858.0,8393.0,-0.449184,-0.375335,SEN,THA,0342
53101,192,216,675,2000.0,6121947.0,12312723.0,1.5432860000000002,0.519856,SGP,THA,0342
53102,195,216,675,2000.0,2396196.0,0.0,-0.673555,-0.8710319999999999,SLB,THA,0342
53103,196,216,675,2000.0,53732.0,0.0,0.507205,-0.055387,SLE,THA,0342
53104,206,216,675,2000.0,0.0,3365.0,1.3226360000000001,1.1967809999999999,SVK,THA,0342
53105,207,216,675,2000.0,0.0,1821.0,1.485695,1.122069,SVN,THA,0342
53106,208,216,675,2000.0,897148.0,47062.0,2.087984,0.811167,SWE,THA,0342
53107,209,216,675,2000.0,0.0,7177.0,0.265079,-0.277499,SWZ,THA,0342
53108,211,216,675,2000.0,8278264.0,0.0,-0.868394,-0.9754459999999999,SYC,THA,0342
53109,223,216,675,2000.0,0.0,20397.0,-0.061203999999999995,0.149345,TUN,THA,0342
53110,224,216,675,2000.0,7465.0,0.0,0.127924,2.039773,TUR,THA,0342
53111,226,216,675,2000.0,212535.0,0.0,-1.14198,-0.368647,TZA,THA,0342
53112,227,216,675,2000.0,101089.0,0.0,-1.275188,-0.9400639999999999,UGA,THA,0342
53113,230,216,675,2000.0,15810.0,0.0,0.18688,0.575136,URY,THA,0342
53114,231,216,675,2000.0,16847808.0,3402771.0,1.9869709999999998,0.021666,USA,THA,0342
53115,234,216,675,2000.0,82639.0,0.0,0.216315,-0.206287,VCT,THA,0342
53116,236,216,675,2000.0,28594.0,0.0,-0.12500999999999998,-0.8610610000000001,VEN,THA,0342
53117,237,216,675,2000.0,7428.0,0.0,0.583925,-0.110356,VGB,THA,0342
53118,239,216,675,2000.0,1372939.0,252230.0,-0.589009,0.518708,VNM,THA,0342
53119,240,216,675,2000.0,2587966.0,0.0,-0.865708,-0.973247,VUT,THA,0342
53120,242,216,675,2000.0,2490703.0,0.0,-1.06243,-1.012707,WSM,THA,0342
53121,243,216,675,2000.0,1733956.0,0.0,-1.6733,-1.292217,YEM,THA,0342
53122,246,216,675,2000.0,2614780.0,0.0,0.304739,2.2212709999999998,ZAF,THA,0342
53123,249,216,675,2000.0,54894984.0,14867939.0,1.642139,1.2375639999999999,TWN,THA,0342
53124,250,216,675,2000.0,8746336.0,0.0,1.094325,-0.32521100000000003,ANS,THA,0342
53125,13,222,675,2000.0,0.0,125114.0,0.146899,-0.622011,ATG,TTO,0342
53126,18,222,675,2000.0,1826.0,0.0,1.382578,1.406981,BEL,TTO,0342
53127,29,222,675,2000.0,13941.0,0.0,-0.762942,-0.794567,BLZ,TTO,0342
53128,32,222,675,2000.0,3058913.0,0.0,0.853466,1.28277,BRA,TTO,0342
53129,33,222,675,2000.0,0.0,1245184.0,0.610079,0.267843,BRB,TTO,0342
53130,39,222,675,2000.0,585788.0,273858.0,1.069101,1.284017,CAN,TTO,0342
53131,63,222,675,2000.0,0.0,24928.0,0.8950530000000001,0.295721,DMA,TTO,0342
53132,91,222,675,2000.0,0.0,29521.0,0.581976,-0.196366,GRD,TTO,0342
53133,96,222,675,2000.0,17923.0,0.0,-0.7425069999999999,-0.892847,GUY,TTO,0342
53134,112,222,675,2000.0,0.0,352270.0,-0.724729,-0.91094,JAM,TTO,0342
53135,114,222,675,2000.0,489015.0,37139.0,2.8218240000000003,0.255803,JPN,TTO,0342
53136,120,222,675,2000.0,0.0,57699.0,0.774566,-0.46352299999999996,KNA,TTO,0342
53137,121,222,675,2000.0,0.0,73108.0,1.248356,1.000666,KOR,TTO,0342
53138,127,222,675,2000.0,0.0,9724.0,-0.0033490000000000004,-0.6011340000000001,LCA,TTO,0342
53139,169,222,675,2000.0,30454.0,0.0,0.107412,0.41455600000000004,PAN,TTO,0342
53140,231,222,675,2000.0,19769.0,716207.0,1.9869709999999998,0.021666,USA,TTO,0342
53141,234,222,675,2000.0,72522.0,2455.0,0.216315,-0.206287,VCT,TTO,0342
53142,236,222,675,2000.0,0.0,148907.0,-0.12500999999999998,-0.8610610000000001,VEN,TTO,0342
53143,249,222,675,2000.0,336062.0,0.0,1.642139,1.2375639999999999,TWN,TTO,0342
53144,250,222,675,2000.0,0.0,9050.0,1.094325,-0.32521100000000003,ANS,TTO,0342
53145,7,224,675,2000.0,3837.0,0.0,-0.421385,-0.675566,ARE,TUR,0342
53146,8,224,675,2000.0,75654.0,0.0,0.140533,0.888049,ARG,TUR,0342
53147,15,224,675,2000.0,0.0,82746.0,1.823798,0.465513,AUT,TUR,0342
53148,18,224,675,2000.0,0.0,56212.0,1.382578,1.406981,BEL,TUR,0342
53149,22,224,675,2000.0,14812.0,0.0,-0.8757879999999999,-0.95126,BGD,TUR,0342
53150,39,224,675,2000.0,0.0,123977.0,1.069101,1.284017,CAN,TUR,0342
53151,41,224,675,2000.0,0.0,260090.0,2.268929,0.538191,CHE,TUR,0342
53152,42,224,675,2000.0,12243.0,0.0,-0.011509,0.0031190000000000002,CHL,TUR,0342
53153,43,224,675,2000.0,0.0,8040.0,0.43423,2.461961,CHN,TUR,0342
53154,61,224,675,2000.0,36685.0,342468.0,2.3753580000000003,-2.4481029999999997,DEU,TUR,0342
53155,64,224,675,2000.0,19783.0,1729.0,1.312843,1.4304370000000002,DNK,TUR,0342
53156,71,224,675,2000.0,9474378.0,75987.0,1.158711,1.7613189999999999,ESP,TUR,0342
53157,77,224,675,2000.0,479819.0,114902.0,1.644969,0.56481,FRA,TUR,0342
53158,81,224,675,2000.0,10296.0,57725.0,2.099928,0.564025,GBR,TUR,0342
53159,82,224,675,2000.0,0.0,3557.0,0.335756,0.217348,GEO,TUR,0342
53160,90,224,675,2000.0,698074.0,94431.0,0.26193,1.607656,GRC,TUR,0342
53161,93,224,675,2000.0,1081239.0,0.0,-0.37711100000000003,0.191477,GTM,TUR,0342
53162,100,224,675,2000.0,0.0,1728.0,0.640015,1.1175899999999999,HRV,TUR,0342
53163,104,224,675,2000.0,302134.0,0.0,0.323006,2.3446860000000003,IND,TUR,0342
53164,111,224,675,2000.0,14585.0,102074.0,1.51508,0.818283,ITA,TUR,0342
53165,114,224,675,2000.0,2363.0,373275.0,2.8218240000000003,0.255803,JPN,TUR,0342
53166,115,224,675,2000.0,40303.0,0.0,-0.16554100000000002,-0.70523,KAZ,TUR,0342
53167,121,224,675,2000.0,2300.0,0.0,1.248356,1.000666,KOR,TUR,0342
53168,134,224,675,2000.0,105672.0,0.0,-0.5460510000000001,-0.33865100000000004,MAR,TUR,0342
53169,162,224,675,2000.0,73670.0,341994.0,1.259257,1.595796,NLD,TUR,0342
53170,163,224,675,2000.0,7387778.0,0.0,0.6499050000000001,-0.177091,NOR,TUR,0342
53171,166,224,675,2000.0,189932.0,0.0,0.419671,0.809288,NZL,TUR,0342
53172,168,224,675,2000.0,1409.0,0.0,-0.76763,-0.435066,PAK,TUR,0342
53173,189,224,675,2000.0,0.0,41683.0,0.484573,2.767036,SCG,TUR,0342
53174,207,224,675,2000.0,0.0,2763.0,1.485695,1.122069,SVN,TUR,0342
53175,211,224,675,2000.0,132566.0,0.0,-0.868394,-0.9754459999999999,SYC,TUR,0342
53176,216,224,675,2000.0,0.0,7465.0,0.505423,1.358217,THA,TUR,0342
53177,228,224,675,2000.0,5508.0,0.0,0.622654,1.191971,UKR,TUR,0342
53178,231,224,675,2000.0,73029.0,32469.0,1.9869709999999998,0.021666,USA,TUR,0342
53179,249,224,675,2000.0,6372.0,0.0,1.642139,1.2375639999999999,TWN,TUR,0342
53180,250,224,675,2000.0,41414.0,122539.0,1.094325,-0.32521100000000003,ANS,TUR,0342
53181,0,231,675,2000.0,0.0,136912.0,-0.197305,-0.888491,ABW,USA,0342
53182,3,231,675,2000.0,0.0,23195.0,1.626272,0.420422,AIA,USA,0342
53183,6,231,675,2000.0,14522403.0,185787.0,0.25759099999999996,-0.555668,ANT,USA,0342
53184,7,231,675,2000.0,0.0,56942.0,-0.421385,-0.675566,ARE,USA,0342
53185,8,231,675,2000.0,13549114.0,293803.0,0.140533,0.888049,ARG,USA,0342
53186,13,231,675,2000.0,0.0,75630.0,0.146899,-0.622011,ATG,USA,0342
53187,14,231,675,2000.0,5820546.0,15859729.0,0.039636000000000005,1.001203,AUS,USA,0342
53188,16,231,675,2000.0,205467.0,0.0,-0.36515,-0.8104979999999999,AZE,USA,0342
53189,18,231,675,2000.0,589113.0,7304872.0,1.382578,1.406981,BEL,USA,0342
53190,22,231,675,2000.0,1764210.0,0.0,-0.8757879999999999,-0.95126,BGD,USA,0342
53191,24,231,675,2000.0,0.0,33010.0,-0.270413,-0.882984,BHR,USA,0342
53192,25,231,675,2000.0,3622.0,478016.0,0.7182970000000001,0.139012,BHS,USA,0342
53193,28,231,675,2000.0,0.0,10293.0,0.7323649999999999,1.1536170000000001,BLR,USA,0342
53194,29,231,675,2000.0,7369.0,0.0,-0.762942,-0.794567,BLZ,USA,0342
53195,30,231,675,2000.0,0.0,323476.0,0.770323,-0.5255350000000001,BMU,USA,0342
53196,32,231,675,2000.0,3261676.0,1925451.0,0.853466,1.28277,BRA,USA,0342
53197,33,231,675,2000.0,353908.0,244848.0,0.610079,0.267843,BRB,USA,0342
53198,39,231,675,2000.0,35033748.0,96751992.0,1.069101,1.284017,CAN,USA,0342
53199,41,231,675,2000.0,0.0,3542911.0,2.268929,0.538191,CHE,USA,0342
53200,42,231,675,2000.0,16646555.0,330399.0,-0.011509,0.0031190000000000002,CHL,USA,0342
53201,43,231,675,2000.0,23664792.0,78519112.0,0.43423,2.461961,CHN,USA,0342
53202,47,231,675,2000.0,0.0,9406.0,-1.7116900000000002,-1.270469,COG,USA,0342
53203,49,231,675,2000.0,530209.0,278305.0,0.12351400000000001,0.255517,COL,USA,0342
53204,52,231,675,2000.0,163181.0,91968.0,-0.136989,-0.190298,CRI,USA,0342
53205,57,231,675,2000.0,0.0,229886.0,0.602984,-0.688476,CYM,USA,0342
53206,58,231,675,2000.0,36932.0,0.0,0.264835,0.268755,CYP,USA,0342
53207,59,231,675,2000.0,0.0,218424.0,1.526256,0.9255639999999999,CZE,USA,0342
53208,61,231,675,2000.0,51886.0,27289588.0,2.3753580000000003,-2.4481029999999997,DEU,USA,0342
53209,63,231,675,2000.0,0.0,4180.0,0.8950530000000001,0.295721,DMA,USA,0342
53210,64,231,675,2000.0,649132.0,7283786.0,1.312843,1.4304370000000002,DNK,USA,0342
53211,65,231,675,2000.0,30390.0,1008766.0,-0.5679569999999999,-0.61125,DOM,USA,0342
53212,67,231,675,2000.0,8780597.0,43487.0,-1.016643,-0.8385469999999999,ECU,USA,0342
53213,68,231,675,2000.0,0.0,44335.0,-0.365578,0.01634,EGY,USA,0342
53214,71,231,675,2000.0,2552857.0,16797778.0,1.158711,1.7613189999999999,ESP,USA,0342
53215,72,231,675,2000.0,307232.0,150971.0,0.353545,0.665942,EST,USA,0342
53216,74,231,675,2000.0,0.0,79342.0,1.9705560000000002,0.874341,FIN,USA,0342
53217,75,231,675,2000.0,4862145.0,154750.0,-0.775963,-0.28976999999999997,FJI,USA,0342
53218,76,231,675,2000.0,177791.0,0.0,0.10759,-0.8671260000000001,FLK,USA,0342
53219,77,231,675,2000.0,3758620.0,32393372.0,1.644969,0.56481,FRA,USA,0342
53220,78,231,675,2000.0,1584663.0,0.0,-0.25500700000000004,-0.823207,FRO,USA,0342
53221,79,231,675,2000.0,92862.0,24738.0,-1.366403,-1.116484,FSM,USA,0342
53222,81,231,675,2000.0,594806.0,7843942.0,2.099928,0.564025,GBR,USA,0342
53223,82,231,675,2000.0,0.0,41728.0,0.335756,0.217348,GEO,USA,0342
53224,83,231,675,2000.0,135673.0,939643.0,-1.092586,-0.8195030000000001,GHA,USA,0342
53225,87,231,675,2000.0,90557.0,54872.0,-0.33173400000000003,-0.43841499999999994,GMB,USA,0342
53226,90,231,675,2000.0,10198.0,380467.0,0.26193,1.607656,GRC,USA,0342
53227,91,231,675,2000.0,684972.0,0.0,0.581976,-0.196366,GRD,USA,0342
53228,93,231,675,2000.0,2837.0,31171.0,-0.37711100000000003,0.191477,GTM,USA,0342
53229,96,231,675,2000.0,3619448.0,0.0,-0.7425069999999999,-0.892847,GUY,USA,0342
53230,97,231,675,2000.0,239103.0,4401694.0,0.564112,1.776282,HKG,USA,0342
53231,99,231,675,2000.0,656336.0,674087.0,-0.756031,-0.58392,HND,USA,0342
53232,100,231,675,2000.0,0.0,111668.0,0.640015,1.1175899999999999,HRV,USA,0342
53233,101,231,675,2000.0,0.0,9607.0,-0.946832,-0.818751,HTI,USA,0342
53234,102,231,675,2000.0,0.0,39952.0,1.047497,1.284513,HUN,USA,0342
53235,103,231,675,2000.0,22495478.0,103778.0,0.05846799999999999,1.577531,IDN,USA,0342
53236,104,231,675,2000.0,16865386.0,0.0,0.323006,2.3446860000000003,IND,USA,0342
53237,106,231,675,2000.0,153557.0,23134.0,1.647548,0.34018899999999996,IRL,USA,0342
53238,109,231,675,2000.0,3429086.0,409022.0,-0.070436,-0.5575439999999999,ISL,USA,0342
53239,110,231,675,2000.0,8748.0,2709297.0,1.4153870000000002,0.828117,ISR,USA,0342
53240,111,231,675,2000.0,55217.0,4892291.0,1.51508,0.818283,ITA,USA,0342
53241,112,231,675,2000.0,12538.0,140508.0,-0.724729,-0.91094,JAM,USA,0342
53242,113,231,675,2000.0,0.0,167996.0,0.677723,1.497694,JOR,USA,0342
53243,114,231,675,2000.0,25646812.0,861208448.0,2.8218240000000003,0.255803,JPN,USA,0342
53244,118,231,675,2000.0,722138.0,1737.0,-0.9248430000000001,-1.071231,KHM,USA,0342
53245,120,231,675,2000.0,0.0,186484.0,0.774566,-0.46352299999999996,KNA,USA,0342
53246,121,231,675,2000.0,10003588.0,169198096.0,1.248356,1.000666,KOR,USA,0342
53247,124,231,675,2000.0,0.0,601418.0,0.139623,1.095387,LBN,USA,0342
53248,127,231,675,2000.0,0.0,58445.0,-0.0033490000000000004,-0.6011340000000001,LCA,USA,0342
53249,128,231,675,2000.0,38727.0,0.0,-0.497407,0.004686999999999999,LKA,USA,0342
53250,130,231,675,2000.0,936227.0,1941135.0,0.22767199999999999,0.794208,LTU,USA,0342
53251,132,231,675,2000.0,2818.0,674339.0,0.27229699999999996,0.402929,LVA,USA,0342
53252,133,231,675,2000.0,0.0,1186.0,-0.19656300000000002,-0.519896,MAC,USA,0342
53253,134,231,675,2000.0,89755.0,17403.0,-0.5460510000000001,-0.33865100000000004,MAR,USA,0342
53254,138,231,675,2000.0,5392715.0,6553328.0,0.9020379999999999,0.671139,MEX,USA,0342
53255,139,231,675,2000.0,19397.0,0.0,0.5375979999999999,-0.723407,MHL,USA,0342
53256,140,231,675,2000.0,0.0,35820.0,0.159675,0.429424,MKD,USA,0342
53257,142,231,675,2000.0,0.0,431124.0,0.8771450000000001,-0.013614,MLT,USA,0342
53258,143,231,675,2000.0,805877.0,0.0,-1.260786,-0.9277549999999999,MMR,USA,0342
53259,148,231,675,2000.0,22075.0,0.0,-1.444615,-1.29284,MRT,USA,0342
53260,149,231,675,2000.0,0.0,2701.0,1.415653,0.21735300000000002,MSR,USA,0342
53261,151,231,675,2000.0,11916147.0,1648.0,-0.472778,-0.6301760000000001,MUS,USA,0342
53262,153,231,675,2000.0,162602.0,1267220.0,0.789007,0.16084600000000002,MYS,USA,0342
53263,155,231,675,2000.0,7220468.0,4074.0,-0.42796999999999996,-0.643361,NAM,USA,0342
53264,159,231,675,2000.0,0.0,19193848.0,-2.192487,-1.30587,NGA,USA,0342
53265,160,231,675,2000.0,808793.0,5845.0,-0.753571,-0.620488,NIC,USA,0342
53266,162,231,675,2000.0,4719221.0,9253186.0,1.259257,1.595796,NLD,USA,0342
53267,163,231,675,2000.0,24186348.0,19494290.0,0.6499050000000001,-0.177091,NOR,USA,0342
53268,165,231,675,2000.0,0.0,11093.0,1.203534,-0.409035,NRU,USA,0342
53269,166,231,675,2000.0,2478371.0,308613.0,0.419671,0.809288,NZL,USA,0342
53270,167,231,675,2000.0,13913.0,0.0,-1.291169,-1.3004040000000001,OMN,USA,0342
53271,168,231,675,2000.0,311820.0,0.0,-0.76763,-0.435066,PAK,USA,0342
53272,169,231,675,2000.0,23720846.0,83760.0,0.107412,0.41455600000000004,PAN,USA,0342
53273,173,231,675,2000.0,654311.0,142070.0,-0.390278,-0.018691,PER,USA,0342
53274,174,231,675,2000.0,7853656.0,3412750.0,-0.010024,-0.368702,PHL,USA,0342
53275,175,231,675,2000.0,0.0,27176.0,-0.880814,-1.054585,PLW,USA,0342
53276,176,231,675,2000.0,29632.0,2057290.0,-1.31124,-1.127378,PNG,USA,0342
53277,177,231,675,2000.0,3144.0,185906.0,0.9513659999999999,1.8445669999999998,POL,USA,0342
53278,179,231,675,2000.0,1081754.0,7131309.0,0.624078,1.342565,PRT,USA,0342
53279,182,231,675,2000.0,154179.0,573782.0,-0.382787,-0.837533,PYF,USA,0342
53280,183,231,675,2000.0,0.0,3862.0,-0.534754,-1.139729,QAT,USA,0342
53281,185,231,675,2000.0,0.0,22755.0,0.55594,1.054573,ROU,USA,0342
53282,186,231,675,2000.0,8735958.0,2844576.0,0.765547,0.369255,RUS,USA,0342
53283,188,231,675,2000.0,19542.0,42589.0,0.005864,-0.983202,SAU,USA,0342
53284,191,231,675,2000.0,0.0,8854.0,-0.449184,-0.375335,SEN,USA,0342
53285,192,231,675,2000.0,11880910.0,1331234.0,1.5432860000000002,0.519856,SGP,USA,0342
53286,195,231,675,2000.0,0.0,32900.0,-0.673555,-0.8710319999999999,SLB,USA,0342
53287,197,231,675,2000.0,119673.0,27880.0,-0.077776,-0.084655,SLV,USA,0342
53288,200,231,675,2000.0,117351.0,0.0,-0.50629,-0.9165399999999999,SPM,USA,0342
53289,205,231,675,2000.0,916355.0,3999.0,-0.7238720000000001,-0.807254,SUR,USA,0342
53290,206,231,675,2000.0,0.0,49704.0,1.3226360000000001,1.1967809999999999,SVK,USA,0342
53291,207,231,675,2000.0,0.0,9213.0,1.485695,1.122069,SVN,USA,0342
53292,208,231,675,2000.0,11529.0,2682289.0,2.087984,0.811167,SWE,USA,0342
53293,211,231,675,2000.0,804424.0,0.0,-0.868394,-0.9754459999999999,SYC,USA,0342
53294,213,231,675,2000.0,0.0,40273.0,0.978576,0.035098000000000004,TCA,USA,0342
53295,216,231,675,2000.0,3402771.0,16847808.0,0.505423,1.358217,THA,USA,0342
53296,222,231,675,2000.0,716207.0,19769.0,0.011104000000000001,-0.831385,TTO,USA,0342
53297,223,231,675,2000.0,12860.0,0.0,-0.061203999999999995,0.149345,TUN,USA,0342
53298,224,231,675,2000.0,32469.0,73029.0,0.127924,2.039773,TUR,USA,0342
53299,227,231,675,2000.0,109989.0,0.0,-1.275188,-0.9400639999999999,UGA,USA,0342
53300,228,231,675,2000.0,140909.0,696045.0,0.622654,1.191971,UKR,USA,0342
53301,230,231,675,2000.0,14494731.0,61028.0,0.18688,0.575136,URY,USA,0342
53302,234,231,675,2000.0,61030.0,0.0,0.216315,-0.206287,VCT,USA,0342
53303,236,231,675,2000.0,1650897.0,532966.0,-0.12500999999999998,-0.8610610000000001,VEN,USA,0342
53304,237,231,675,2000.0,563215.0,0.0,0.583925,-0.110356,VGB,USA,0342
53305,239,231,675,2000.0,7891130.0,437583.0,-0.589009,0.518708,VNM,USA,0342
53306,242,231,675,2000.0,0.0,161974.0,-1.06243,-1.012707,WSM,USA,0342
53307,246,231,675,2000.0,8225706.0,909088.0,0.304739,2.2212709999999998,ZAF,USA,0342
53308,249,231,675,2000.0,94150848.0,16205259.0,1.642139,1.2375639999999999,TWN,USA,0342
53309,7,236,675,2000.0,19267.0,0.0,-0.421385,-0.675566,ARE,VEN,0342
53310,8,236,675,2000.0,15872.0,179069.0,0.140533,0.888049,ARG,VEN,0342
53311,32,236,675,2000.0,111260.0,6426042.0,0.853466,1.28277,BRA,VEN,0342
53312,42,236,675,2000.0,1785622.0,0.0,-0.011509,0.0031190000000000002,CHL,VEN,0342
53313,43,236,675,2000.0,25644.0,0.0,0.43423,2.461961,CHN,VEN,0342
53314,49,236,675,2000.0,937463.0,1500692.0,0.12351400000000001,0.255517,COL,VEN,0342
53315,52,236,675,2000.0,71487.0,1385440.0,-0.136989,-0.190298,CRI,VEN,0342
53316,54,236,675,2000.0,0.0,5490.0,-0.800886,-1.133715,CUB,VEN,0342
53317,61,236,675,2000.0,0.0,53758.0,2.3753580000000003,-2.4481029999999997,DEU,VEN,0342
53318,71,236,675,2000.0,120921.0,4112477.0,1.158711,1.7613189999999999,ESP,VEN,0342
53319,77,236,675,2000.0,0.0,329572.0,1.644969,0.56481,FRA,VEN,0342
53320,81,236,675,2000.0,25444.0,0.0,2.099928,0.564025,GBR,VEN,0342
53321,96,236,675,2000.0,29289.0,0.0,-0.7425069999999999,-0.892847,GUY,VEN,0342
53322,97,236,675,2000.0,10832.0,0.0,0.564112,1.776282,HKG,VEN,0342
53323,103,236,675,2000.0,40582.0,0.0,0.05846799999999999,1.577531,IDN,VEN,0342
53324,104,236,675,2000.0,1305613.0,0.0,0.323006,2.3446860000000003,IND,VEN,0342
53325,111,236,675,2000.0,0.0,1252912.0,1.51508,0.818283,ITA,VEN,0342
53326,114,236,675,2000.0,0.0,813892.0,2.8218240000000003,0.255803,JPN,VEN,0342
53327,121,236,675,2000.0,0.0,19743.0,1.248356,1.000666,KOR,VEN,0342
53328,138,236,675,2000.0,175861.0,442503.0,0.9020379999999999,0.671139,MEX,VEN,0342
53329,153,236,675,2000.0,0.0,204626.0,0.789007,0.16084600000000002,MYS,VEN,0342
53330,160,236,675,2000.0,8000.0,0.0,-0.753571,-0.620488,NIC,VEN,0342
53331,162,236,675,2000.0,37290.0,328075.0,1.259257,1.595796,NLD,VEN,0342
53332,163,236,675,2000.0,95313.0,0.0,0.6499050000000001,-0.177091,NOR,VEN,0342
53333,169,236,675,2000.0,504571.0,0.0,0.107412,0.41455600000000004,PAN,VEN,0342
53334,173,236,675,2000.0,98337.0,0.0,-0.390278,-0.018691,PER,VEN,0342
53335,179,236,675,2000.0,144786.0,0.0,0.624078,1.342565,PRT,VEN,0342
53336,205,236,675,2000.0,213871.0,6208.0,-0.7238720000000001,-0.807254,SUR,VEN,0342
53337,216,236,675,2000.0,0.0,28594.0,0.505423,1.358217,THA,VEN,0342
53338,222,236,675,2000.0,148907.0,0.0,0.011104000000000001,-0.831385,TTO,VEN,0342
53339,226,236,675,2000.0,67490.0,0.0,-1.14198,-0.368647,TZA,VEN,0342
53340,230,236,675,2000.0,0.0,42244.0,0.18688,0.575136,URY,VEN,0342
53341,231,236,675,2000.0,532966.0,1650897.0,1.9869709999999998,0.021666,USA,VEN,0342
53342,246,236,675,2000.0,20748.0,0.0,0.304739,2.2212709999999998,ZAF,VEN,0342
53343,249,236,675,2000.0,402962.0,0.0,1.642139,1.2375639999999999,TWN,VEN,0342
53344,14,239,675,2000.0,123126.0,2256195.0,0.039636000000000005,1.001203,AUS,VNM,0342
53345,18,239,675,2000.0,0.0,1148164.0,1.382578,1.406981,BEL,VNM,0342
53346,22,239,675,2000.0,13883.0,0.0,-0.8757879999999999,-0.95126,BGD,VNM,0342
53347,39,239,675,2000.0,0.0,692187.0,1.069101,1.284017,CAN,VNM,0342
53348,41,239,675,2000.0,0.0,1258666.0,2.268929,0.538191,CHE,VNM,0342
53349,42,239,675,2000.0,59008.0,0.0,-0.011509,0.0031190000000000002,CHL,VNM,0342
53350,43,239,675,2000.0,17771.0,1738085.0,0.43423,2.461961,CHN,VNM,0342
53351,59,239,675,2000.0,0.0,7807.0,1.526256,0.9255639999999999,CZE,VNM,0342
53352,61,239,675,2000.0,0.0,956046.0,2.3753580000000003,-2.4481029999999997,DEU,VNM,0342
53353,64,239,675,2000.0,0.0,69434.0,1.312843,1.4304370000000002,DNK,VNM,0342
53354,71,239,675,2000.0,0.0,163152.0,1.158711,1.7613189999999999,ESP,VNM,0342
53355,75,239,675,2000.0,0.0,70000.0,-0.775963,-0.28976999999999997,FJI,VNM,0342
53356,77,239,675,2000.0,0.0,938299.0,1.644969,0.56481,FRA,VNM,0342
53357,81,239,675,2000.0,0.0,507752.0,2.099928,0.564025,GBR,VNM,0342
53358,95,239,675,2000.0,0.0,244000.0,-0.235483,-0.92404,GUM,VNM,0342
53359,97,239,675,2000.0,3174.0,6675631.0,0.564112,1.776282,HKG,VNM,0342
53360,103,239,675,2000.0,0.0,45150.0,0.05846799999999999,1.577531,IDN,VNM,0342
53361,104,239,675,2000.0,68574.0,0.0,0.323006,2.3446860000000003,IND,VNM,0342
53362,109,239,675,2000.0,0.0,1222.0,-0.070436,-0.5575439999999999,ISL,VNM,0342
53363,114,239,675,2000.0,123917.0,18199512.0,2.8218240000000003,0.255803,JPN,VNM,0342
53364,121,239,675,2000.0,115672.0,9986064.0,1.248356,1.000666,KOR,VNM,0342
53365,137,239,675,2000.0,0.0,13231.0,-1.070968,-1.0570469999999998,MDV,VNM,0342
53366,138,239,675,2000.0,0.0,9549.0,0.9020379999999999,0.671139,MEX,VNM,0342
53367,153,239,675,2000.0,7964.0,801234.0,0.789007,0.16084600000000002,MYS,VNM,0342
53368,162,239,675,2000.0,0.0,708573.0,1.259257,1.595796,NLD,VNM,0342
53369,163,239,675,2000.0,1157.0,78774.0,0.6499050000000001,-0.177091,NOR,VNM,0342
53370,166,239,675,2000.0,18625.0,61042.0,0.419671,0.809288,NZL,VNM,0342
53371,168,239,675,2000.0,160284.0,0.0,-0.76763,-0.435066,PAK,VNM,0342
53372,178,239,675,2000.0,0.0,158000.0,0.795818,1.089874,PRK,VNM,0342
53373,179,239,675,2000.0,0.0,19959.0,0.624078,1.342565,PRT,VNM,0342
53374,192,239,675,2000.0,16741.0,5875473.0,1.5432860000000002,0.519856,SGP,VNM,0342
53375,208,239,675,2000.0,0.0,25978.0,2.087984,0.811167,SWE,VNM,0342
53376,216,239,675,2000.0,252230.0,1372939.0,0.505423,1.358217,THA,VNM,0342
53377,231,239,675,2000.0,437583.0,7891130.0,1.9869709999999998,0.021666,USA,VNM,0342
53378,249,239,675,2000.0,38439.0,2008658.0,1.642139,1.2375639999999999,TWN,VNM,0342
53379,6,249,675,2000.0,0.0,274156.0,0.25759099999999996,-0.555668,ANT,TWN,0342
53380,7,249,675,2000.0,0.0,868104.0,-0.421385,-0.675566,ARE,TWN,0342
53381,14,249,675,2000.0,2562856.0,451465.0,0.039636000000000005,1.001203,AUS,TWN,0342
53382,15,249,675,2000.0,0.0,15550.0,1.823798,0.465513,AUT,TWN,0342
53383,18,249,675,2000.0,1268.0,367717.0,1.382578,1.406981,BEL,TWN,0342
53384,24,249,675,2000.0,0.0,86711.0,-0.270413,-0.882984,BHR,TWN,0342
53385,32,249,675,2000.0,794971.0,143040.0,0.853466,1.28277,BRA,TWN,0342
53386,33,249,675,2000.0,0.0,16702.0,0.610079,0.267843,BRB,TWN,0342
53387,34,249,675,2000.0,0.0,13292.0,-1.690871,-1.122819,BRN,TWN,0342
53388,39,249,675,2000.0,8341010.0,4849056.0,1.069101,1.284017,CAN,TWN,0342
53389,41,249,675,2000.0,0.0,8439.0,2.268929,0.538191,CHE,TWN,0342
53390,42,249,675,2000.0,4853754.0,0.0,-0.011509,0.0031190000000000002,CHL,TWN,0342
53391,43,249,675,2000.0,14754535.0,117702.0,0.43423,2.461961,CHN,TWN,0342
53392,52,249,675,2000.0,838966.0,363992.0,-0.136989,-0.190298,CRI,TWN,0342
53393,58,249,675,2000.0,0.0,229850.0,0.264835,0.268755,CYP,TWN,0342
53394,61,249,675,2000.0,1558435.0,97077.0,2.3753580000000003,-2.4481029999999997,DEU,TWN,0342
53395,64,249,675,2000.0,7600562.0,221352.0,1.312843,1.4304370000000002,DNK,TWN,0342
53396,65,249,675,2000.0,0.0,301645.0,-0.5679569999999999,-0.61125,DOM,TWN,0342
53397,67,249,675,2000.0,10255.0,1553438.0,-1.016643,-0.8385469999999999,ECU,TWN,0342
53398,68,249,675,2000.0,0.0,71328.0,-0.365578,0.01634,EGY,TWN,0342
53399,71,249,675,2000.0,6756418.0,4247007.0,1.158711,1.7613189999999999,ESP,TWN,0342
53400,74,249,675,2000.0,0.0,7384.0,1.9705560000000002,0.874341,FIN,TWN,0342
53401,75,249,675,2000.0,1489.0,137042.0,-0.775963,-0.28976999999999997,FJI,TWN,0342
53402,77,249,675,2000.0,12586.0,2094752.0,1.644969,0.56481,FRA,TWN,0342
53403,78,249,675,2000.0,428078.0,0.0,-0.25500700000000004,-0.823207,FRO,TWN,0342
53404,79,249,675,2000.0,0.0,57391.0,-1.366403,-1.116484,FSM,TWN,0342
53405,81,249,675,2000.0,285423.0,2966500.0,2.099928,0.564025,GBR,TWN,0342
53406,83,249,675,2000.0,0.0,8508.0,-1.092586,-0.8195030000000001,GHA,TWN,0342
53407,90,249,675,2000.0,0.0,166242.0,0.26193,1.607656,GRC,TWN,0342
53408,92,249,675,2000.0,2111136.0,0.0,-0.365398,-0.849985,GRL,TWN,0342
53409,97,249,675,2000.0,1701745.0,3470160.0,0.564112,1.776282,HKG,TWN,0342
53410,103,249,675,2000.0,5129145.0,1609066.0,0.05846799999999999,1.577531,IDN,TWN,0342
53411,104,249,675,2000.0,22284786.0,0.0,0.323006,2.3446860000000003,IND,TWN,0342
53412,107,249,675,2000.0,28183.0,0.0,-0.8148770000000001,-1.040305,IRN,TWN,0342
53413,109,249,675,2000.0,9637996.0,0.0,-0.070436,-0.5575439999999999,ISL,TWN,0342
53414,110,249,675,2000.0,2488.0,35337.0,1.4153870000000002,0.828117,ISR,TWN,0342
53415,111,249,675,2000.0,3137.0,5186176.0,1.51508,0.818283,ITA,TWN,0342
53416,113,249,675,2000.0,0.0,107933.0,0.677723,1.497694,JOR,TWN,0342
53417,114,249,675,2000.0,4304912.0,454541664.0,2.8218240000000003,0.255803,JPN,TWN,0342
53418,118,249,675,2000.0,3592.0,0.0,-0.9248430000000001,-1.071231,KHM,TWN,0342
53419,121,249,675,2000.0,6456038.0,14339716.0,1.248356,1.000666,KOR,TWN,0342
53420,122,249,675,2000.0,0.0,640140.0,-0.825533,-1.190257,KWT,TWN,0342
53421,128,249,675,2000.0,0.0,51831.0,-0.497407,0.004686999999999999,LKA,TWN,0342
53422,138,249,675,2000.0,11541.0,220220.0,0.9020379999999999,0.671139,MEX,TWN,0342
53423,143,249,675,2000.0,161967.0,0.0,-1.260786,-0.9277549999999999,MMR,TWN,0342
53424,146,249,675,2000.0,0.0,287067.0,0.223586,-0.596917,MNP,TWN,0342
53425,151,249,675,2000.0,110656.0,3965114.0,-0.472778,-0.6301760000000001,MUS,TWN,0342
53426,153,249,675,2000.0,160461.0,813647.0,0.789007,0.16084600000000002,MYS,TWN,0342
53427,155,249,675,2000.0,34938.0,34909.0,-0.42796999999999996,-0.643361,NAM,TWN,0342
53428,162,249,675,2000.0,167198.0,2157520.0,1.259257,1.595796,NLD,TWN,0342
53429,163,249,675,2000.0,13365922.0,7717.0,0.6499050000000001,-0.177091,NOR,TWN,0342
53430,166,249,675,2000.0,2925087.0,54195.0,0.419671,0.809288,NZL,TWN,0342
53431,167,249,675,2000.0,372352.0,93992.0,-1.291169,-1.3004040000000001,OMN,TWN,0342
53432,168,249,675,2000.0,618267.0,0.0,-0.76763,-0.435066,PAK,TWN,0342
53433,169,249,675,2000.0,894282.0,0.0,0.107412,0.41455600000000004,PAN,TWN,0342
53434,173,249,675,2000.0,153025.0,586200.0,-0.390278,-0.018691,PER,TWN,0342
53435,174,249,675,2000.0,1330456.0,7328382.0,-0.010024,-0.368702,PHL,TWN,0342
53436,179,249,675,2000.0,47263.0,782476.0,0.624078,1.342565,PRT,TWN,0342
53437,183,249,675,2000.0,0.0,31834.0,-0.534754,-1.139729,QAT,TWN,0342
53438,186,249,675,2000.0,1717990.0,0.0,0.765547,0.369255,RUS,TWN,0342
53439,188,249,675,2000.0,0.0,5874620.0,0.005864,-0.983202,SAU,TWN,0342
53440,191,249,675,2000.0,96224.0,0.0,-0.449184,-0.375335,SEN,TWN,0342
53441,192,249,675,2000.0,2300144.0,27010686.0,1.5432860000000002,0.519856,SGP,TWN,0342
53442,195,249,675,2000.0,0.0,264161.0,-0.673555,-0.8710319999999999,SLB,TWN,0342
53443,216,249,675,2000.0,14867939.0,54894984.0,0.505423,1.358217,THA,TWN,0342
53444,222,249,675,2000.0,0.0,336062.0,0.011104000000000001,-0.831385,TTO,TWN,0342
53445,223,249,675,2000.0,0.0,42018.0,-0.061203999999999995,0.149345,TUN,TWN,0342
53446,224,249,675,2000.0,0.0,6372.0,0.127924,2.039773,TUR,TWN,0342
53447,230,249,675,2000.0,235736.0,1122482.0,0.18688,0.575136,URY,TWN,0342
53448,231,249,675,2000.0,16205259.0,94150848.0,1.9869709999999998,0.021666,USA,TWN,0342
53449,234,249,675,2000.0,758971.0,0.0,0.216315,-0.206287,VCT,TWN,0342
53450,236,249,675,2000.0,0.0,402962.0,-0.12500999999999998,-0.8610610000000001,VEN,TWN,0342
53451,239,249,675,2000.0,2008658.0,38439.0,-0.589009,0.518708,VNM,TWN,0342
53452,242,249,675,2000.0,0.0,35104.0,-1.06243,-1.012707,WSM,TWN,0342
53453,246,249,675,2000.0,404686.0,3203758.0,0.304739,2.2212709999999998,ZAF,TWN,0342
53454,250,249,675,2000.0,187551.0,24183830.0,1.094325,-0.32521100000000003,ANS,TWN,0342
53455,8,7,675,2000.0,7812.0,0.0,0.140533,0.888049,ARG,ARE,0342
53456,18,7,675,2000.0,15809.0,0.0,1.382578,1.406981,BEL,ARE,0342
53457,22,7,675,2000.0,215487.0,0.0,-0.8757879999999999,-0.95126,BGD,ARE,0342
53458,24,7,675,2000.0,58511.0,98476.0,-0.270413,-0.882984,BHR,ARE,0342
53459,41,7,675,2000.0,1661.0,0.0,2.268929,0.538191,CHE,ARE,0342
53460,43,7,675,2000.0,13017.0,0.0,0.43423,2.461961,CHN,ARE,0342
53461,58,7,675,2000.0,0.0,125127.0,0.264835,0.268755,CYP,ARE,0342
53462,64,7,675,2000.0,133070.0,0.0,1.312843,1.4304370000000002,DNK,ARE,0342
53463,68,7,675,2000.0,0.0,64489.0,-0.365578,0.01634,EGY,ARE,0342
53464,71,7,675,2000.0,19203.0,0.0,1.158711,1.7613189999999999,ESP,ARE,0342
53465,81,7,675,2000.0,25993.0,0.0,2.099928,0.564025,GBR,ARE,0342
53466,103,7,675,2000.0,0.0,14451.0,0.05846799999999999,1.577531,IDN,ARE,0342
53467,104,7,675,2000.0,37470060.0,0.0,0.323006,2.3446860000000003,IND,ARE,0342
53468,106,7,675,2000.0,2564.0,0.0,1.647548,0.34018899999999996,IRL,ARE,0342
53469,107,7,675,2000.0,129559.0,0.0,-0.8148770000000001,-1.040305,IRN,ARE,0342
53470,113,7,675,2000.0,0.0,20431.0,0.677723,1.497694,JOR,ARE,0342
53471,114,7,675,2000.0,43499.0,0.0,2.8218240000000003,0.255803,JPN,ARE,0342
53472,116,7,675,2000.0,0.0,1781.0,-0.554244,-0.1757,KEN,ARE,0342
53473,121,7,675,2000.0,129234.0,0.0,1.248356,1.000666,KOR,ARE,0342
53474,124,7,675,2000.0,0.0,981933.0,0.139623,1.095387,LBN,ARE,0342
53475,128,7,675,2000.0,2784.0,11017.0,-0.497407,0.004686999999999999,LKA,ARE,0342
53476,137,7,675,2000.0,0.0,9179.0,-1.070968,-1.0570469999999998,MDV,ARE,0342
53477,142,7,675,2000.0,0.0,35102.0,0.8771450000000001,-0.013614,MLT,ARE,0342
53478,151,7,675,2000.0,0.0,253341.0,-0.472778,-0.6301760000000001,MUS,ARE,0342
53479,153,7,675,2000.0,45487.0,112798.0,0.789007,0.16084600000000002,MYS,ARE,0342
53480,162,7,675,2000.0,126094.0,0.0,1.259257,1.595796,NLD,ARE,0342
53481,163,7,675,2000.0,333004.0,0.0,0.6499050000000001,-0.177091,NOR,ARE,0342
53482,166,7,675,2000.0,10468.0,0.0,0.419671,0.809288,NZL,ARE,0342
53483,167,7,675,2000.0,196714.0,399671.0,-1.291169,-1.3004040000000001,OMN,ARE,0342
53484,183,7,675,2000.0,14796.0,172093.0,-0.534754,-1.139729,QAT,ARE,0342
53485,188,7,675,2000.0,0.0,3284260.0,0.005864,-0.983202,SAU,ARE,0342
53486,192,7,675,2000.0,256252.0,792020.0,1.5432860000000002,0.519856,SGP,ARE,0342
53487,208,7,675,2000.0,10807.0,0.0,2.087984,0.811167,SWE,ARE,0342
53488,216,7,675,2000.0,1053987.0,0.0,0.505423,1.358217,THA,ARE,0342
53489,219,7,675,2000.0,0.0,12899.0,-0.839936,-1.168236,TKM,ARE,0342
53490,224,7,675,2000.0,0.0,3837.0,0.127924,2.039773,TUR,ARE,0342
53491,226,7,675,2000.0,15418.0,0.0,-1.14198,-0.368647,TZA,ARE,0342
53492,231,7,675,2000.0,56942.0,0.0,1.9869709999999998,0.021666,USA,ARE,0342
53493,236,7,675,2000.0,0.0,19267.0,-0.12500999999999998,-0.8610610000000001,VEN,ARE,0342
53494,249,7,675,2000.0,868104.0,0.0,1.642139,1.2375639999999999,TWN,ARE,0342
53495,61,16,675,2000.0,5018.0,0.0,2.3753580000000003,-2.4481029999999997,DEU,AZE,0342
53496,64,16,675,2000.0,13416.0,0.0,1.312843,1.4304370000000002,DNK,AZE,0342
53497,77,16,675,2000.0,8766.0,0.0,1.644969,0.56481,FRA,AZE,0342
53498,82,16,675,2000.0,0.0,2442.0,0.335756,0.217348,GEO,AZE,0342
53499,115,16,675,2000.0,6103.0,2869.0,-0.16554100000000002,-0.70523,KAZ,AZE,0342
53500,162,16,675,2000.0,8182.0,0.0,1.259257,1.595796,NLD,AZE,0342
53501,163,16,675,2000.0,62851.0,0.0,0.6499050000000001,-0.177091,NOR,AZE,0342
53502,177,16,675,2000.0,2522.0,0.0,0.9513659999999999,1.8445669999999998,POL,AZE,0342
53503,186,16,675,2000.0,467654.0,435698.0,0.765547,0.369255,RUS,AZE,0342
53504,231,16,675,2000.0,0.0,205467.0,1.9869709999999998,0.021666,USA,AZE,0342
53505,7,22,675,2000.0,0.0,215487.0,-0.421385,-0.675566,ARE,BGD,0342
53506,14,22,675,2000.0,0.0,108507.0,0.039636000000000005,1.001203,AUS,BGD,0342
53507,15,22,675,2000.0,0.0,23554.0,1.823798,0.465513,AUT,BGD,0342
53508,18,22,675,2000.0,0.0,74618.0,1.382578,1.406981,BEL,BGD,0342
53509,24,22,675,2000.0,0.0,59403.0,-0.270413,-0.882984,BHR,BGD,0342
53510,39,22,675,2000.0,0.0,390167.0,1.069101,1.284017,CAN,BGD,0342
53511,41,22,675,2000.0,0.0,33559.0,2.268929,0.538191,CHE,BGD,0342
53512,43,22,675,2000.0,0.0,200465.0,0.43423,2.461961,CHN,BGD,0342
53513,61,22,675,2000.0,0.0,588523.0,2.3753580000000003,-2.4481029999999997,DEU,BGD,0342
53514,77,22,675,2000.0,0.0,13528.0,1.644969,0.56481,FRA,BGD,0342
53515,81,22,675,2000.0,3601.0,5070100.0,2.099928,0.564025,GBR,BGD,0342
53516,97,22,675,2000.0,0.0,347086.0,0.564112,1.776282,HKG,BGD,0342
53517,104,22,675,2000.0,3698752.0,349292.0,0.323006,2.3446860000000003,IND,BGD,0342
53518,111,22,675,2000.0,0.0,26355.0,1.51508,0.818283,ITA,BGD,0342
53519,114,22,675,2000.0,8648.0,328798.0,2.8218240000000003,0.255803,JPN,BGD,0342
53520,121,22,675,2000.0,1769.0,36622.0,1.248356,1.000666,KOR,BGD,0342
53521,122,22,675,2000.0,0.0,121406.0,-0.825533,-1.190257,KWT,BGD,0342
53522,143,22,675,2000.0,111220.0,0.0,-1.260786,-0.9277549999999999,MMR,BGD,0342
53523,147,22,675,2000.0,0.0,47695.0,-0.774857,-0.792454,MOZ,BGD,0342
53524,153,22,675,2000.0,0.0,24726.0,0.789007,0.16084600000000002,MYS,BGD,0342
53525,162,22,675,2000.0,0.0,48425.0,1.259257,1.595796,NLD,BGD,0342
53526,168,22,675,2000.0,0.0,29353.0,-0.76763,-0.435066,PAK,BGD,0342
53527,169,22,675,2000.0,0.0,37326.0,0.107412,0.41455600000000004,PAN,BGD,0342
53528,183,22,675,2000.0,0.0,108856.0,-0.534754,-1.139729,QAT,BGD,0342
53529,188,22,675,2000.0,0.0,2619422.0,0.005864,-0.983202,SAU,BGD,0342
53530,192,22,675,2000.0,7847.0,29614.0,1.5432860000000002,0.519856,SGP,BGD,0342
53531,212,22,675,2000.0,8087.0,0.0,-1.203106,-0.889915,SYR,BGD,0342
53532,216,22,675,2000.0,1131146.0,608577.0,0.505423,1.358217,THA,BGD,0342
53533,224,22,675,2000.0,0.0,14812.0,0.127924,2.039773,TUR,BGD,0342
53534,231,22,675,2000.0,0.0,1764210.0,1.9869709999999998,0.021666,USA,BGD,0342
53535,239,22,675,2000.0,0.0,13883.0,-0.589009,0.518708,VNM,BGD,0342
53536,246,22,675,2000.0,0.0,28948.0,0.304739,2.2212709999999998,ZAF,BGD,0342
53537,8,28,675,2000.0,6512.0,0.0,0.140533,0.888049,ARG,BLR,0342
53538,39,28,675,2000.0,97216.0,0.0,1.069101,1.284017,CAN,BLR,0342
53539,42,28,675,2000.0,7128.0,0.0,-0.011509,0.0031190000000000002,CHL,BLR,0342
53540,61,28,675,2000.0,35992.0,0.0,2.3753580000000003,-2.4481029999999997,DEU,BLR,0342
53541,64,28,675,2000.0,22861.0,0.0,1.312843,1.4304370000000002,DNK,BLR,0342
53542,71,28,675,2000.0,6667.0,0.0,1.158711,1.7613189999999999,ESP,BLR,0342
53543,72,28,675,2000.0,47448.0,0.0,0.353545,0.665942,EST,BLR,0342
53544,77,28,675,2000.0,12655.0,0.0,1.644969,0.56481,FRA,BLR,0342
53545,81,28,675,2000.0,68860.0,0.0,2.099928,0.564025,GBR,BLR,0342
53546,82,28,675,2000.0,4002.0,0.0,0.335756,0.217348,GEO,BLR,0342
53547,106,28,675,2000.0,49749.0,0.0,1.647548,0.34018899999999996,IRL,BLR,0342
53548,109,28,675,2000.0,401074.0,0.0,-0.070436,-0.5575439999999999,ISL,BLR,0342
53549,130,28,675,2000.0,559434.0,103953.0,0.22767199999999999,0.794208,LTU,BLR,0342
53550,132,28,675,2000.0,1253859.0,9018.0,0.27229699999999996,0.402929,LVA,BLR,0342
53551,148,28,675,2000.0,1154972.0,0.0,-1.444615,-1.29284,MRT,BLR,0342
53552,159,28,675,2000.0,0.0,722658.0,-2.192487,-1.30587,NGA,BLR,0342
53553,162,28,675,2000.0,484070.0,0.0,1.259257,1.595796,NLD,BLR,0342
53554,163,28,675,2000.0,4439082.0,0.0,0.6499050000000001,-0.177091,NOR,BLR,0342
53555,173,28,675,2000.0,25126.0,0.0,-0.390278,-0.018691,PER,BLR,0342
53556,177,28,675,2000.0,107747.0,315797.0,0.9513659999999999,1.8445669999999998,POL,BLR,0342
53557,179,28,675,2000.0,5377.0,0.0,0.624078,1.342565,PRT,BLR,0342
53558,186,28,675,2000.0,16220691.0,2226996.0,0.765547,0.369255,RUS,BLR,0342
53559,230,28,675,2000.0,7040.0,0.0,0.18688,0.575136,URY,BLR,0342
53560,231,28,675,2000.0,10293.0,0.0,1.9869709999999998,0.021666,USA,BLR,0342
53561,7,58,675,2000.0,125127.0,0.0,-0.421385,-0.675566,ARE,CYP,0342
53562,8,58,675,2000.0,145410.0,0.0,0.140533,0.888049,ARG,CYP,0342
53563,14,58,675,2000.0,29755.0,0.0,0.039636000000000005,1.001203,AUS,CYP,0342
53564,18,58,675,2000.0,142029.0,0.0,1.382578,1.406981,BEL,CYP,0342
53565,23,58,675,2000.0,0.0,3623.0,0.47338800000000003,1.7633599999999998,BGR,CYP,0342
53566,24,58,675,2000.0,3032.0,0.0,-0.270413,-0.882984,BHR,CYP,0342
53567,39,58,675,2000.0,1224.0,9183.0,1.069101,1.284017,CAN,CYP,0342
53568,43,58,675,2000.0,47871.0,0.0,0.43423,2.461961,CHN,CYP,0342
53569,61,58,675,2000.0,73032.0,0.0,2.3753580000000003,-2.4481029999999997,DEU,CYP,0342
53570,64,58,675,2000.0,103888.0,13412.0,1.312843,1.4304370000000002,DNK,CYP,0342
53571,68,58,675,2000.0,0.0,11335.0,-0.365578,0.01634,EGY,CYP,0342
53572,71,58,675,2000.0,98032.0,0.0,1.158711,1.7613189999999999,ESP,CYP,0342
53573,74,58,675,2000.0,9629.0,0.0,1.9705560000000002,0.874341,FIN,CYP,0342
53574,77,58,675,2000.0,13989.0,46726.0,1.644969,0.56481,FRA,CYP,0342
53575,81,58,675,2000.0,104175.0,4799.0,2.099928,0.564025,GBR,CYP,0342
53576,90,58,675,2000.0,160099.0,0.0,0.26193,1.607656,GRC,CYP,0342
53577,102,58,675,2000.0,0.0,1187.0,1.047497,1.284513,HUN,CYP,0342
53578,103,58,675,2000.0,85459.0,0.0,0.05846799999999999,1.577531,IDN,CYP,0342
53579,104,58,675,2000.0,90584.0,0.0,0.323006,2.3446860000000003,IND,CYP,0342
53580,109,58,675,2000.0,12863.0,0.0,-0.070436,-0.5575439999999999,ISL,CYP,0342
53581,110,58,675,2000.0,46444.0,0.0,1.4153870000000002,0.828117,ISR,CYP,0342
53582,114,58,675,2000.0,0.0,228560.0,2.8218240000000003,0.255803,JPN,CYP,0342
53583,116,58,675,2000.0,89037.0,0.0,-0.554244,-0.1757,KEN,CYP,0342
53584,121,58,675,2000.0,35484.0,0.0,1.248356,1.000666,KOR,CYP,0342
53585,124,58,675,2000.0,0.0,15676.0,0.139623,1.095387,LBN,CYP,0342
53586,140,58,675,2000.0,0.0,11104.0,0.159675,0.429424,MKD,CYP,0342
53587,155,58,675,2000.0,0.0,163824.0,-0.42796999999999996,-0.643361,NAM,CYP,0342
53588,162,58,675,2000.0,133231.0,0.0,1.259257,1.595796,NLD,CYP,0342
53589,163,58,675,2000.0,501587.0,9600.0,0.6499050000000001,-0.177091,NOR,CYP,0342
53590,166,58,675,2000.0,314606.0,0.0,0.419671,0.809288,NZL,CYP,0342
53591,167,58,675,2000.0,27949.0,0.0,-1.291169,-1.3004040000000001,OMN,CYP,0342
53592,173,58,675,2000.0,14342.0,0.0,-0.390278,-0.018691,PER,CYP,0342
53593,179,58,675,2000.0,222099.0,19823.0,0.624078,1.342565,PRT,CYP,0342
53594,185,58,675,2000.0,0.0,40861.0,0.55594,1.054573,ROU,CYP,0342
53595,186,58,675,2000.0,46191.0,31779.0,0.765547,0.369255,RUS,CYP,0342
53596,192,58,675,2000.0,36467.0,0.0,1.5432860000000002,0.519856,SGP,CYP,0342
53597,216,58,675,2000.0,159438.0,0.0,0.505423,1.358217,THA,CYP,0342
53598,226,58,675,2000.0,23656.0,0.0,-1.14198,-0.368647,TZA,CYP,0342
53599,227,58,675,2000.0,48531.0,0.0,-1.275188,-0.9400639999999999,UGA,CYP,0342
53600,228,58,675,2000.0,0.0,70846.0,0.622654,1.191971,UKR,CYP,0342
53601,231,58,675,2000.0,0.0,36932.0,1.9869709999999998,0.021666,USA,CYP,0342
53602,246,58,675,2000.0,12631.0,0.0,0.304739,2.2212709999999998,ZAF,CYP,0342
53603,249,58,675,2000.0,229850.0,0.0,1.642139,1.2375639999999999,TWN,CYP,0342
53604,7,68,675,2000.0,64489.0,0.0,-0.421385,-0.675566,ARE,EGY,0342
53605,8,68,675,2000.0,100997.0,0.0,0.140533,0.888049,ARG,EGY,0342
53606,14,68,675,2000.0,48099.0,0.0,0.039636000000000005,1.001203,AUS,EGY,0342
53607,18,68,675,2000.0,5351.0,0.0,1.382578,1.406981,BEL,EGY,0342
53608,42,68,675,2000.0,3853.0,0.0,-0.011509,0.0031190000000000002,CHL,EGY,0342
53609,43,68,675,2000.0,164356.0,0.0,0.43423,2.461961,CHN,EGY,0342
53610,58,68,675,2000.0,11335.0,0.0,0.264835,0.268755,CYP,EGY,0342
53611,61,68,675,2000.0,747960.0,0.0,2.3753580000000003,-2.4481029999999997,DEU,EGY,0342
53612,71,68,675,2000.0,167095.0,50757.0,1.158711,1.7613189999999999,ESP,EGY,0342
53613,77,68,675,2000.0,939819.0,0.0,1.644969,0.56481,FRA,EGY,0342
53614,81,68,675,2000.0,7606350.0,0.0,2.099928,0.564025,GBR,EGY,0342
53615,90,68,675,2000.0,2156611.0,0.0,0.26193,1.607656,GRC,EGY,0342
53616,104,68,675,2000.0,16901.0,0.0,0.323006,2.3446860000000003,IND,EGY,0342
53617,106,68,675,2000.0,15859919.0,0.0,1.647548,0.34018899999999996,IRL,EGY,0342
53618,113,68,675,2000.0,13563.0,0.0,0.677723,1.497694,JOR,EGY,0342
53619,116,68,675,2000.0,91444.0,0.0,-0.554244,-0.1757,KEN,EGY,0342
53620,118,68,675,2000.0,122203.0,0.0,-0.9248430000000001,-1.071231,KHM,EGY,0342
53621,124,68,675,2000.0,0.0,1186.0,0.139623,1.095387,LBN,EGY,0342
53622,134,68,675,2000.0,1107149.0,0.0,-0.5460510000000001,-0.33865100000000004,MAR,EGY,0342
53623,138,68,675,2000.0,849756.0,0.0,0.9020379999999999,0.671139,MEX,EGY,0342
53624,159,68,675,2000.0,0.0,183924.0,-2.192487,-1.30587,NGA,EGY,0342
53625,162,68,675,2000.0,22333600.0,0.0,1.259257,1.595796,NLD,EGY,0342
53626,163,68,675,2000.0,4806252.0,0.0,0.6499050000000001,-0.177091,NOR,EGY,0342
53627,166,68,675,2000.0,31894.0,0.0,0.419671,0.809288,NZL,EGY,0342
53628,167,68,675,2000.0,6469.0,0.0,-1.291169,-1.3004040000000001,OMN,EGY,0342
53629,177,68,675,2000.0,12207.0,0.0,0.9513659999999999,1.8445669999999998,POL,EGY,0342
53630,192,68,675,2000.0,158215.0,0.0,1.5432860000000002,0.519856,SGP,EGY,0342
53631,216,68,675,2000.0,38073.0,0.0,0.505423,1.358217,THA,EGY,0342
53632,223,68,675,2000.0,16735.0,0.0,-0.061203999999999995,0.149345,TUN,EGY,0342
53633,227,68,675,2000.0,175644.0,0.0,-1.275188,-0.9400639999999999,UGA,EGY,0342
53634,230,68,675,2000.0,186592.0,0.0,0.18688,0.575136,URY,EGY,0342
53635,231,68,675,2000.0,44335.0,0.0,1.9869709999999998,0.021666,USA,EGY,0342
53636,243,68,675,2000.0,17545.0,0.0,-1.6733,-1.292217,YEM,EGY,0342
53637,249,68,675,2000.0,71328.0,0.0,1.642139,1.2375639999999999,TWN,EGY,0342
53638,250,68,675,2000.0,294886.0,0.0,1.094325,-0.32521100000000003,ANS,EGY,0342
53639,1,83,675,2000.0,0.0,88647.0,-0.321246,-0.499699,AFG,GHA,0342
53640,13,83,675,2000.0,306456.0,0.0,0.146899,-0.622011,ATG,GHA,0342
53641,19,83,675,2000.0,0.0,1794.0,-0.8717870000000001,-0.788797,BEN,GHA,0342
53642,21,83,675,2000.0,33334.0,141824.0,-0.0024059999999999997,-0.128391,BFA,GHA,0342
53643,39,83,675,2000.0,0.0,9815.0,1.069101,1.284017,CAN,GHA,0342
53644,42,83,675,2000.0,115100.0,0.0,-0.011509,0.0031190000000000002,CHL,GHA,0342
53645,43,83,675,2000.0,241095.0,9906.0,0.43423,2.461961,CHN,GHA,0342
53646,44,83,675,2000.0,292249.0,878115.0,-0.7955,-0.7019989999999999,CIV,GHA,0342
53647,61,83,675,2000.0,1865369.0,0.0,2.3753580000000003,-2.4481029999999997,DEU,GHA,0342
53648,64,83,675,2000.0,51224.0,123182.0,1.312843,1.4304370000000002,DNK,GHA,0342
53649,71,83,675,2000.0,3874033.0,5583238.0,1.158711,1.7613189999999999,ESP,GHA,0342
53650,77,83,675,2000.0,448930.0,452800.0,1.644969,0.56481,FRA,GHA,0342
53651,81,83,675,2000.0,1483484.0,78603.0,2.099928,0.564025,GBR,GHA,0342
53652,84,83,675,2000.0,0.0,58908.0,0.726867,-0.177457,GIB,GHA,0342
53653,87,83,675,2000.0,283272.0,0.0,-0.33173400000000003,-0.43841499999999994,GMB,GHA,0342
53654,90,83,675,2000.0,0.0,561986.0,0.26193,1.607656,GRC,GHA,0342
53655,97,83,675,2000.0,179843.0,1086.0,0.564112,1.776282,HKG,GHA,0342
53656,106,83,675,2000.0,688991.0,0.0,1.647548,0.34018899999999996,IRL,GHA,0342
53657,110,83,675,2000.0,1149.0,0.0,1.4153870000000002,0.828117,ISR,GHA,0342
53658,111,83,675,2000.0,1558046.0,915893.0,1.51508,0.818283,ITA,GHA,0342
53659,114,83,675,2000.0,0.0,85673.0,2.8218240000000003,0.255803,JPN,GHA,0342
53660,116,83,675,2000.0,168218.0,0.0,-0.554244,-0.1757,KEN,GHA,0342
53661,124,83,675,2000.0,159788.0,0.0,0.139623,1.095387,LBN,GHA,0342
53662,125,83,675,2000.0,10383.0,246828.0,-0.763757,-1.1284129999999999,LBR,GHA,0342
53663,142,83,675,2000.0,779353.0,0.0,0.8771450000000001,-0.013614,MLT,GHA,0342
53664,151,83,675,2000.0,1345528.0,0.0,-0.472778,-0.6301760000000001,MUS,GHA,0342
53665,157,83,675,2000.0,6297.0,22110.0,-0.8181390000000001,-0.527107,NER,GHA,0342
53666,159,83,675,2000.0,212211.0,0.0,-2.192487,-1.30587,NGA,GHA,0342
53667,162,83,675,2000.0,1512734.0,0.0,1.259257,1.595796,NLD,GHA,0342
53668,163,83,675,2000.0,0.0,1574.0,0.6499050000000001,-0.177091,NOR,GHA,0342
53669,166,83,675,2000.0,4060.0,0.0,0.419671,0.809288,NZL,GHA,0342
53670,177,83,675,2000.0,1598029.0,0.0,0.9513659999999999,1.8445669999999998,POL,GHA,0342
53671,178,83,675,2000.0,9422.0,0.0,0.795818,1.089874,PRK,GHA,0342
53672,179,83,675,2000.0,18192.0,1306155.0,0.624078,1.342565,PRT,GHA,0342
53673,186,83,675,2000.0,17628.0,0.0,0.765547,0.369255,RUS,GHA,0342
53674,191,83,675,2000.0,375511.0,0.0,-0.449184,-0.375335,SEN,GHA,0342
53675,208,83,675,2000.0,354489.0,0.0,2.087984,0.811167,SWE,GHA,0342
53676,215,83,675,2000.0,405273.0,95030.0,-0.741812,-0.6781550000000001,TGO,GHA,0342
53677,216,83,675,2000.0,0.0,461887.0,0.505423,1.358217,THA,GHA,0342
53678,231,83,675,2000.0,939643.0,135673.0,1.9869709999999998,0.021666,USA,GHA,0342
53679,246,83,675,2000.0,454084.0,0.0,0.304739,2.2212709999999998,ZAF,GHA,0342
53680,248,83,675,2000.0,92752.0,0.0,-0.43871899999999997,0.491989,ZWE,GHA,0342
53681,249,83,675,2000.0,8508.0,0.0,1.642139,1.2375639999999999,TWN,GHA,0342
53682,250,83,675,2000.0,37442332.0,276331.0,1.094325,-0.32521100000000003,ANS,GHA,0342
53683,8,102,675,2000.0,909407.0,0.0,0.140533,0.888049,ARG,HUN,0342
53684,13,102,675,2000.0,15705.0,0.0,0.146899,-0.622011,ATG,HUN,0342
53685,18,102,675,2000.0,27219.0,0.0,1.382578,1.406981,BEL,HUN,0342
53686,42,102,675,2000.0,61219.0,0.0,-0.011509,0.0031190000000000002,CHL,HUN,0342
53687,43,102,675,2000.0,114949.0,0.0,0.43423,2.461961,CHN,HUN,0342
53688,58,102,675,2000.0,1187.0,0.0,0.264835,0.268755,CYP,HUN,0342
53689,59,102,675,2000.0,16597.0,4972.0,1.526256,0.9255639999999999,CZE,HUN,0342
53690,61,102,675,2000.0,18788.0,0.0,2.3753580000000003,-2.4481029999999997,DEU,HUN,0342
53691,64,102,675,2000.0,49468.0,0.0,1.312843,1.4304370000000002,DNK,HUN,0342
53692,71,102,675,2000.0,169405.0,0.0,1.158711,1.7613189999999999,ESP,HUN,0342
53693,90,102,675,2000.0,7261.0,0.0,0.26193,1.607656,GRC,HUN,0342
53694,104,102,675,2000.0,10033.0,0.0,0.323006,2.3446860000000003,IND,HUN,0342
53695,110,102,675,2000.0,0.0,266904.0,1.4153870000000002,0.828117,ISR,HUN,0342
53696,111,102,675,2000.0,300856.0,0.0,1.51508,0.818283,ITA,HUN,0342
53697,121,102,675,2000.0,10859.0,0.0,1.248356,1.000666,KOR,HUN,0342
53698,162,102,675,2000.0,282696.0,0.0,1.259257,1.595796,NLD,HUN,0342
53699,163,102,675,2000.0,30455.0,0.0,0.6499050000000001,-0.177091,NOR,HUN,0342
53700,173,102,675,2000.0,138894.0,0.0,-0.390278,-0.018691,PER,HUN,0342
53701,177,102,675,2000.0,129405.0,30125.0,0.9513659999999999,1.8445669999999998,POL,HUN,0342
53702,185,102,675,2000.0,0.0,20265.0,0.55594,1.054573,ROU,HUN,0342
53703,186,102,675,2000.0,2005.0,80681.0,0.765547,0.369255,RUS,HUN,0342
53704,206,102,675,2000.0,142335.0,11008.0,1.3226360000000001,1.1967809999999999,SVK,HUN,0342
53705,216,102,675,2000.0,7115.0,0.0,0.505423,1.358217,THA,HUN,0342
53706,228,102,675,2000.0,49409.0,7054.0,0.622654,1.191971,UKR,HUN,0342
53707,230,102,675,2000.0,17366.0,0.0,0.18688,0.575136,URY,HUN,0342
53708,231,102,675,2000.0,39952.0,0.0,1.9869709999999998,0.021666,USA,HUN,0342
53709,7,113,675,2000.0,20431.0,0.0,-0.421385,-0.675566,ARE,JOR,0342
53710,8,113,675,2000.0,3868076.0,290550.0,0.140533,0.888049,ARG,JOR,0342
53711,14,113,675,2000.0,8960.0,0.0,0.039636000000000005,1.001203,AUS,JOR,0342
53712,18,113,675,2000.0,9483.0,0.0,1.382578,1.406981,BEL,JOR,0342
53713,23,113,675,2000.0,0.0,20439.0,0.47338800000000003,1.7633599999999998,BGR,JOR,0342
53714,42,113,675,2000.0,37103.0,0.0,-0.011509,0.0031190000000000002,CHL,JOR,0342
53715,43,113,675,2000.0,7256.0,22393.0,0.43423,2.461961,CHN,JOR,0342
53716,64,113,675,2000.0,41725.0,0.0,1.312843,1.4304370000000002,DNK,JOR,0342
53717,68,113,675,2000.0,0.0,13563.0,-0.365578,0.01634,EGY,JOR,0342
53718,81,113,675,2000.0,22340.0,0.0,2.099928,0.564025,GBR,JOR,0342
53719,90,113,675,2000.0,6917.0,0.0,0.26193,1.607656,GRC,JOR,0342
53720,104,113,675,2000.0,177386.0,0.0,0.323006,2.3446860000000003,IND,JOR,0342
53721,110,113,675,2000.0,0.0,50182.0,1.4153870000000002,0.828117,ISR,JOR,0342
53722,128,113,675,2000.0,0.0,6987.0,-0.497407,0.004686999999999999,LKA,JOR,0342
53723,155,113,675,2000.0,444194.0,0.0,-0.42796999999999996,-0.643361,NAM,JOR,0342
53724,162,113,675,2000.0,3606.0,18129.0,1.259257,1.595796,NLD,JOR,0342
53725,163,113,675,2000.0,216051.0,42011.0,0.6499050000000001,-0.177091,NOR,JOR,0342
53726,166,113,675,2000.0,402548.0,0.0,0.419671,0.809288,NZL,JOR,0342
53727,167,113,675,2000.0,540503.0,0.0,-1.291169,-1.3004040000000001,OMN,JOR,0342
53728,183,113,675,2000.0,0.0,2190.0,-0.534754,-1.139729,QAT,JOR,0342
53729,191,113,675,2000.0,125304.0,0.0,-0.449184,-0.375335,SEN,JOR,0342
53730,216,113,675,2000.0,64124.0,0.0,0.505423,1.358217,THA,JOR,0342
53731,230,113,675,2000.0,128317.0,0.0,0.18688,0.575136,URY,JOR,0342
53732,231,113,675,2000.0,167996.0,0.0,1.9869709999999998,0.021666,USA,JOR,0342
53733,243,113,675,2000.0,85581.0,50802.0,-1.6733,-1.292217,YEM,JOR,0342
53734,246,113,675,2000.0,275343.0,0.0,0.304739,2.2212709999999998,ZAF,JOR,0342
53735,249,113,675,2000.0,107933.0,0.0,1.642139,1.2375639999999999,TWN,JOR,0342
53736,250,113,675,2000.0,0.0,137590.0,1.094325,-0.32521100000000003,ANS,JOR,0342
53737,16,115,675,2000.0,2869.0,6103.0,-0.36515,-0.8104979999999999,AZE,KAZ,0342
53738,39,115,675,2000.0,111534.0,0.0,1.069101,1.284017,CAN,KAZ,0342
53739,43,115,675,2000.0,0.0,42152.0,0.43423,2.461961,CHN,KAZ,0342
53740,61,115,675,2000.0,2033.0,0.0,2.3753580000000003,-2.4481029999999997,DEU,KAZ,0342
53741,82,115,675,2000.0,0.0,4322.0,0.335756,0.217348,GEO,KAZ,0342
53742,117,115,675,2000.0,0.0,2690.0,0.215581,0.343262,KGZ,KAZ,0342
53743,130,115,675,2000.0,11480.0,112389.0,0.22767199999999999,0.794208,LTU,KAZ,0342
53744,132,115,675,2000.0,0.0,72950.0,0.27229699999999996,0.402929,LVA,KAZ,0342
53745,162,115,675,2000.0,20951.0,0.0,1.259257,1.595796,NLD,KAZ,0342
53746,163,115,675,2000.0,1017863.0,0.0,0.6499050000000001,-0.177091,NOR,KAZ,0342
53747,186,115,675,2000.0,4930086.0,3321744.0,0.765547,0.369255,RUS,KAZ,0342
53748,219,115,675,2000.0,2788.0,0.0,-0.839936,-1.168236,TKM,KAZ,0342
53749,224,115,675,2000.0,0.0,40303.0,0.127924,2.039773,TUR,KAZ,0342
53750,7,116,675,2000.0,1781.0,0.0,-0.421385,-0.675566,ARE,KEN,0342
53751,14,116,675,2000.0,0.0,30144.0,0.039636000000000005,1.001203,AUS,KEN,0342
53752,18,116,675,2000.0,0.0,14522.0,1.382578,1.406981,BEL,KEN,0342
53753,39,116,675,2000.0,0.0,7461.0,1.069101,1.284017,CAN,KEN,0342
53754,41,116,675,2000.0,0.0,15770.0,2.268929,0.538191,CHE,KEN,0342
53755,43,116,675,2000.0,0.0,32755.0,0.43423,2.461961,CHN,KEN,0342
53756,58,116,675,2000.0,0.0,89037.0,0.264835,0.268755,CYP,KEN,0342
53757,61,116,675,2000.0,0.0,36290.0,2.3753580000000003,-2.4481029999999997,DEU,KEN,0342
53758,68,116,675,2000.0,0.0,91444.0,-0.365578,0.01634,EGY,KEN,0342
53759,71,116,675,2000.0,2427508.0,0.0,1.158711,1.7613189999999999,ESP,KEN,0342
53760,73,116,675,2000.0,0.0,5399.0,-1.1137629999999998,-1.020996,ETH,KEN,0342
53761,77,116,675,2000.0,177424.0,75708.0,1.644969,0.56481,FRA,KEN,0342
53762,81,116,675,2000.0,15133.0,14020.0,2.099928,0.564025,GBR,KEN,0342
53763,83,116,675,2000.0,0.0,168218.0,-1.092586,-0.8195030000000001,GHA,KEN,0342
53764,97,116,675,2000.0,0.0,155958.0,0.564112,1.776282,HKG,KEN,0342
53765,103,116,675,2000.0,7443.0,0.0,0.05846799999999999,1.577531,IDN,KEN,0342
53766,104,116,675,2000.0,68135.0,0.0,0.323006,2.3446860000000003,IND,KEN,0342
53767,106,116,675,2000.0,0.0,60322.0,1.647548,0.34018899999999996,IRL,KEN,0342
53768,110,116,675,2000.0,0.0,442929.0,1.4153870000000002,0.828117,ISR,KEN,0342
53769,114,116,675,2000.0,0.0,33389.0,2.8218240000000003,0.255803,JPN,KEN,0342
53770,153,116,675,2000.0,0.0,37368.0,0.789007,0.16084600000000002,MYS,KEN,0342
53771,155,116,675,2000.0,71626.0,0.0,-0.42796999999999996,-0.643361,NAM,KEN,0342
53772,162,116,675,2000.0,143977.0,20211.0,1.259257,1.595796,NLD,KEN,0342
53773,163,116,675,2000.0,5986.0,0.0,0.6499050000000001,-0.177091,NOR,KEN,0342
53774,167,116,675,2000.0,4085.0,0.0,-1.291169,-1.3004040000000001,OMN,KEN,0342
53775,179,116,675,2000.0,0.0,21451.0,0.624078,1.342565,PRT,KEN,0342
53776,192,116,675,2000.0,3220.0,66889.0,1.5432860000000002,0.519856,SGP,KEN,0342
53777,211,116,675,2000.0,175617.0,0.0,-0.868394,-0.9754459999999999,SYC,KEN,0342
53778,216,116,675,2000.0,0.0,66552.0,0.505423,1.358217,THA,KEN,0342
53779,226,116,675,2000.0,150389.0,0.0,-1.14198,-0.368647,TZA,KEN,0342
53780,227,116,675,2000.0,0.0,1690.0,-1.275188,-0.9400639999999999,UGA,KEN,0342
53781,246,116,675,2000.0,3445.0,0.0,0.304739,2.2212709999999998,ZAF,KEN,0342
53782,250,116,675,2000.0,0.0,1250.0,1.094325,-0.32521100000000003,ANS,KEN,0342
53783,43,117,675,2000.0,30324.0,0.0,0.43423,2.461961,CHN,KGZ,0342
53784,71,117,675,2000.0,1258.0,0.0,1.158711,1.7613189999999999,ESP,KGZ,0342
53785,115,117,675,2000.0,2690.0,0.0,-0.16554100000000002,-0.70523,KAZ,KGZ,0342
53786,186,117,675,2000.0,1166666.0,0.0,0.765547,0.369255,RUS,KGZ,0342
53787,22,122,675,2000.0,121406.0,0.0,-0.8757879999999999,-0.95126,BGD,KWT,0342
53788,42,122,675,2000.0,18522.0,0.0,-0.011509,0.0031190000000000002,CHL,KWT,0342
53789,43,122,675,2000.0,68174.0,0.0,0.43423,2.461961,CHN,KWT,0342
53790,81,122,675,2000.0,9073.0,0.0,2.099928,0.564025,GBR,KWT,0342
53791,104,122,675,2000.0,1899140.0,0.0,0.323006,2.3446860000000003,IND,KWT,0342
53792,106,122,675,2000.0,5091.0,0.0,1.647548,0.34018899999999996,IRL,KWT,0342
53793,107,122,675,2000.0,137396.0,0.0,-0.8148770000000001,-1.040305,IRN,KWT,0342
53794,114,122,675,2000.0,3912.0,0.0,2.8218240000000003,0.255803,JPN,KWT,0342
53795,153,122,675,2000.0,30077.0,0.0,0.789007,0.16084600000000002,MYS,KWT,0342
53796,162,122,675,2000.0,5760.0,0.0,1.259257,1.595796,NLD,KWT,0342
53797,174,122,675,2000.0,1724.0,0.0,-0.010024,-0.368702,PHL,KWT,0342
53798,192,122,675,2000.0,111037.0,0.0,1.5432860000000002,0.519856,SGP,KWT,0342
53799,216,122,675,2000.0,806576.0,0.0,0.505423,1.358217,THA,KWT,0342
53800,249,122,675,2000.0,640140.0,0.0,1.642139,1.2375639999999999,TWN,KWT,0342
53801,7,128,675,2000.0,11017.0,2784.0,-0.421385,-0.675566,ARE,LKA,0342
53802,14,128,675,2000.0,15932.0,8705.0,0.039636000000000005,1.001203,AUS,LKA,0342
53803,18,128,675,2000.0,0.0,26231.0,1.382578,1.406981,BEL,LKA,0342
53804,39,128,675,2000.0,0.0,2743.0,1.069101,1.284017,CAN,LKA,0342
53805,41,128,675,2000.0,0.0,596393.0,2.268929,0.538191,CHE,LKA,0342
53806,43,128,675,2000.0,13465.0,0.0,0.43423,2.461961,CHN,LKA,0342
53807,45,128,675,2000.0,0.0,425176.0,-1.6617520000000001,-1.264815,CMR,LKA,0342
53808,61,128,675,2000.0,0.0,739091.0,2.3753580000000003,-2.4481029999999997,DEU,LKA,0342
53809,72,128,675,2000.0,0.0,1346.0,0.353545,0.665942,EST,LKA,0342
53810,77,128,675,2000.0,0.0,1997778.0,1.644969,0.56481,FRA,LKA,0342
53811,81,128,675,2000.0,248287.0,1744875.0,2.099928,0.564025,GBR,LKA,0342
53812,97,128,675,2000.0,0.0,2365.0,0.564112,1.776282,HKG,LKA,0342
53813,103,128,675,2000.0,31830.0,0.0,0.05846799999999999,1.577531,IDN,LKA,0342
53814,104,128,675,2000.0,392999.0,0.0,0.323006,2.3446860000000003,IND,LKA,0342
53815,113,128,675,2000.0,6987.0,0.0,0.677723,1.497694,JOR,LKA,0342
53816,114,128,675,2000.0,0.0,8857118.0,2.8218240000000003,0.255803,JPN,LKA,0342
53817,121,128,675,2000.0,50193.0,0.0,1.248356,1.000666,KOR,LKA,0342
53818,137,128,675,2000.0,421326.0,2225.0,-1.070968,-1.0570469999999998,MDV,LKA,0342
53819,153,128,675,2000.0,18914.0,0.0,0.789007,0.16084600000000002,MYS,LKA,0342
53820,162,128,675,2000.0,1208.0,120383.0,1.259257,1.595796,NLD,LKA,0342
53821,163,128,675,2000.0,0.0,1345.0,0.6499050000000001,-0.177091,NOR,LKA,0342
53822,166,128,675,2000.0,83151.0,0.0,0.419671,0.809288,NZL,LKA,0342
53823,167,128,675,2000.0,301931.0,0.0,-1.291169,-1.3004040000000001,OMN,LKA,0342
53824,168,128,675,2000.0,258659.0,0.0,-0.76763,-0.435066,PAK,LKA,0342
53825,188,128,675,2000.0,0.0,5448.0,0.005864,-0.983202,SAU,LKA,0342
53826,192,128,675,2000.0,26710.0,872252.0,1.5432860000000002,0.519856,SGP,LKA,0342
53827,208,128,675,2000.0,0.0,139800.0,2.087984,0.811167,SWE,LKA,0342
53828,216,128,675,2000.0,222235.0,0.0,0.505423,1.358217,THA,LKA,0342
53829,228,128,675,2000.0,0.0,3423.0,0.622654,1.191971,UKR,LKA,0342
53830,231,128,675,2000.0,0.0,38727.0,1.9869709999999998,0.021666,USA,LKA,0342
53831,249,128,675,2000.0,51831.0,0.0,1.642139,1.2375639999999999,TWN,LKA,0342
53832,28,132,675,2000.0,9018.0,1253859.0,0.7323649999999999,1.1536170000000001,BLR,LVA,0342
53833,39,132,675,2000.0,0.0,74586.0,1.069101,1.284017,CAN,LVA,0342
53834,61,132,675,2000.0,83374.0,0.0,2.3753580000000003,-2.4481029999999997,DEU,LVA,0342
53835,64,132,675,2000.0,249319.0,121588.0,1.312843,1.4304370000000002,DNK,LVA,0342
53836,71,132,675,2000.0,394695.0,0.0,1.158711,1.7613189999999999,ESP,LVA,0342
53837,72,132,675,2000.0,438121.0,24299.0,0.353545,0.665942,EST,LVA,0342
53838,74,132,675,2000.0,0.0,33601.0,1.9705560000000002,0.874341,FIN,LVA,0342
53839,77,132,675,2000.0,0.0,20018.0,1.644969,0.56481,FRA,LVA,0342
53840,78,132,675,2000.0,87860.0,0.0,-0.25500700000000004,-0.823207,FRO,LVA,0342
53841,81,132,675,2000.0,2706161.0,0.0,2.099928,0.564025,GBR,LVA,0342
53842,109,132,675,2000.0,391803.0,63922.0,-0.070436,-0.5575439999999999,ISL,LVA,0342
53843,110,132,675,2000.0,0.0,13078.0,1.4153870000000002,0.828117,ISR,LVA,0342
53844,115,132,675,2000.0,72950.0,0.0,-0.16554100000000002,-0.70523,KAZ,LVA,0342
53845,121,132,675,2000.0,7846.0,0.0,1.248356,1.000666,KOR,LVA,0342
53846,130,132,675,2000.0,449227.0,236780.0,0.22767199999999999,0.794208,LTU,LVA,0342
53847,135,132,675,2000.0,0.0,4690.0,0.039072,0.103148,MDA,LVA,0342
53848,148,132,675,2000.0,321621.0,0.0,-1.444615,-1.29284,MRT,LVA,0342
53849,162,132,675,2000.0,336968.0,0.0,1.259257,1.595796,NLD,LVA,0342
53850,163,132,675,2000.0,10452241.0,0.0,0.6499050000000001,-0.177091,NOR,LVA,0342
53851,166,132,675,2000.0,258222.0,0.0,0.419671,0.809288,NZL,LVA,0342
53852,173,132,675,2000.0,20370.0,0.0,-0.390278,-0.018691,PER,LVA,0342
53853,177,132,675,2000.0,0.0,585007.0,0.9513659999999999,1.8445669999999998,POL,LVA,0342
53854,186,132,675,2000.0,850068.0,227770.0,0.765547,0.369255,RUS,LVA,0342
53855,208,132,675,2000.0,71838.0,17254.0,2.087984,0.811167,SWE,LVA,0342
53856,228,132,675,2000.0,29670.0,167229.0,0.622654,1.191971,UKR,LVA,0342
53857,231,132,675,2000.0,674339.0,2818.0,1.9869709999999998,0.021666,USA,LVA,0342
53858,250,132,675,2000.0,1405.0,0.0,1.094325,-0.32521100000000003,ANS,LVA,0342
53859,43,145,675,2000.0,0.0,68773.0,0.43423,2.461961,CHN,MNG,0342
53860,121,145,675,2000.0,2407.0,0.0,1.248356,1.000666,KOR,MNG,0342
53861,186,145,675,2000.0,2278.0,114936.0,0.765547,0.369255,RUS,MNG,0342
53862,216,145,675,2000.0,0.0,13031.0,0.505423,1.358217,THA,MNG,0342
53863,4,166,675,2000.0,0.0,6337.0,-0.123951,0.21450300000000003,ALB,NZL,0342
53864,7,166,675,2000.0,0.0,10468.0,-0.421385,-0.675566,ARE,NZL,0342
53865,8,166,675,2000.0,9049.0,0.0,0.140533,0.888049,ARG,NZL,0342
53866,10,166,675,2000.0,0.0,2313990.0,1.106474,0.32893,ASM,NZL,0342
53867,14,166,675,2000.0,456871.0,10147630.0,0.039636000000000005,1.001203,AUS,NZL,0342
53868,18,166,675,2000.0,0.0,1471226.0,1.382578,1.406981,BEL,NZL,0342
53869,23,166,675,2000.0,0.0,446429.0,0.47338800000000003,1.7633599999999998,BGR,NZL,0342
53870,39,166,675,2000.0,0.0,560969.0,1.069101,1.284017,CAN,NZL,0342
53871,41,166,675,2000.0,0.0,18606.0,2.268929,0.538191,CHE,NZL,0342
53872,42,166,675,2000.0,73153.0,0.0,-0.011509,0.0031190000000000002,CHL,NZL,0342
53873,43,166,675,2000.0,95673.0,17691394.0,0.43423,2.461961,CHN,NZL,0342
53874,44,166,675,2000.0,0.0,23661.0,-0.7955,-0.7019989999999999,CIV,NZL,0342
53875,58,166,675,2000.0,0.0,314606.0,0.264835,0.268755,CYP,NZL,0342
53876,59,166,675,2000.0,0.0,68763.0,1.526256,0.9255639999999999,CZE,NZL,0342
53877,61,166,675,2000.0,0.0,1471911.0,2.3753580000000003,-2.4481029999999997,DEU,NZL,0342
53878,64,166,675,2000.0,9604.0,387710.0,1.312843,1.4304370000000002,DNK,NZL,0342
53879,68,166,675,2000.0,0.0,31894.0,-0.365578,0.01634,EGY,NZL,0342
53880,71,166,675,2000.0,0.0,13018874.0,1.158711,1.7613189999999999,ESP,NZL,0342
53881,75,166,675,2000.0,6610.0,1374798.0,-0.775963,-0.28976999999999997,FJI,NZL,0342
53882,77,166,675,2000.0,0.0,2344583.0,1.644969,0.56481,FRA,NZL,0342
53883,81,166,675,2000.0,4200.0,2638814.0,2.099928,0.564025,GBR,NZL,0342
53884,83,166,675,2000.0,0.0,4060.0,-1.092586,-0.8195030000000001,GHA,NZL,0342
53885,90,166,675,2000.0,0.0,217257.0,0.26193,1.607656,GRC,NZL,0342
53886,95,166,675,2000.0,0.0,1062.0,-0.235483,-0.92404,GUM,NZL,0342
53887,97,166,675,2000.0,101229.0,2249606.0,0.564112,1.776282,HKG,NZL,0342
53888,103,166,675,2000.0,55518.0,903277.0,0.05846799999999999,1.577531,IDN,NZL,0342
53889,104,166,675,2000.0,105947.0,5012.0,0.323006,2.3446860000000003,IND,NZL,0342
53890,107,166,675,2000.0,0.0,5172273.0,-0.8148770000000001,-1.040305,IRN,NZL,0342
53891,110,166,675,2000.0,0.0,21545.0,1.4153870000000002,0.828117,ISR,NZL,0342
53892,111,166,675,2000.0,0.0,1956825.0,1.51508,0.818283,ITA,NZL,0342
53893,113,166,675,2000.0,0.0,402548.0,0.677723,1.497694,JOR,NZL,0342
53894,114,166,675,2000.0,17541592.0,43042692.0,2.8218240000000003,0.255803,JPN,NZL,0342
53895,121,166,675,2000.0,13637577.0,9178773.0,1.248356,1.000666,KOR,NZL,0342
53896,124,166,675,2000.0,0.0,158208.0,0.139623,1.095387,LBN,NZL,0342
53897,128,166,675,2000.0,0.0,83151.0,-0.497407,0.004686999999999999,LKA,NZL,0342
53898,132,166,675,2000.0,0.0,258222.0,0.27229699999999996,0.402929,LVA,NZL,0342
53899,140,166,675,2000.0,0.0,97836.0,0.159675,0.429424,MKD,NZL,0342
53900,142,166,675,2000.0,0.0,2973.0,0.8771450000000001,-0.013614,MLT,NZL,0342
53901,151,166,675,2000.0,100891.0,1624971.0,-0.472778,-0.6301760000000001,MUS,NZL,0342
53902,153,166,675,2000.0,0.0,4232408.0,0.789007,0.16084600000000002,MYS,NZL,0342
53903,156,166,675,2000.0,0.0,134491.0,-0.138942,-0.903899,NCL,NZL,0342
53904,162,166,675,2000.0,10268.0,1237675.0,1.259257,1.595796,NLD,NZL,0342
53905,163,166,675,2000.0,12543.0,19670.0,0.6499050000000001,-0.177091,NOR,NZL,0342
53906,173,166,675,2000.0,0.0,75872.0,-0.390278,-0.018691,PER,NZL,0342
53907,174,166,675,2000.0,1133.0,404106.0,-0.010024,-0.368702,PHL,NZL,0342
53908,176,166,675,2000.0,0.0,255276.0,-1.31124,-1.127378,PNG,NZL,0342
53909,177,166,675,2000.0,0.0,142076.0,0.9513659999999999,1.8445669999999998,POL,NZL,0342
53910,179,166,675,2000.0,0.0,2149412.0,0.624078,1.342565,PRT,NZL,0342
53911,182,166,675,2000.0,0.0,84417.0,-0.382787,-0.837533,PYF,NZL,0342
53912,185,166,675,2000.0,0.0,124958.0,0.55594,1.054573,ROU,NZL,0342
53913,186,166,675,2000.0,0.0,201478.0,0.765547,0.369255,RUS,NZL,0342
53914,188,166,675,2000.0,0.0,963441.0,0.005864,-0.983202,SAU,NZL,0342
53915,189,166,675,2000.0,0.0,144434.0,0.484573,2.767036,SCG,NZL,0342
53916,192,166,675,2000.0,275759.0,2155834.0,1.5432860000000002,0.519856,SGP,NZL,0342
53917,195,166,675,2000.0,47058.0,0.0,-0.673555,-0.8710319999999999,SLB,NZL,0342
53918,206,166,675,2000.0,0.0,3600.0,1.3226360000000001,1.1967809999999999,SVK,NZL,0342
53919,208,166,675,2000.0,0.0,36524.0,2.087984,0.811167,SWE,NZL,0342
53920,216,166,675,2000.0,351711.0,9336320.0,0.505423,1.358217,THA,NZL,0342
53921,221,166,675,2000.0,9882.0,8575.0,-0.980166,-0.979022,TON,NZL,0342
53922,224,166,675,2000.0,0.0,189932.0,0.127924,2.039773,TUR,NZL,0342
53923,228,166,675,2000.0,0.0,44427.0,0.622654,1.191971,UKR,NZL,0342
53924,230,166,675,2000.0,0.0,11627.0,0.18688,0.575136,URY,NZL,0342
53925,231,166,675,2000.0,308613.0,2478371.0,1.9869709999999998,0.021666,USA,NZL,0342
53926,239,166,675,2000.0,61042.0,18625.0,-0.589009,0.518708,VNM,NZL,0342
53927,242,166,675,2000.0,0.0,4168.0,-1.06243,-1.012707,WSM,NZL,0342
53928,246,166,675,2000.0,982589.0,994797.0,0.304739,2.2212709999999998,ZAF,NZL,0342
53929,249,166,675,2000.0,54195.0,2925087.0,1.642139,1.2375639999999999,TWN,NZL,0342
53930,250,166,675,2000.0,91022.0,0.0,1.094325,-0.32521100000000003,ANS,NZL,0342
53931,7,167,675,2000.0,399671.0,196714.0,-0.421385,-0.675566,ARE,OMN,0342
53932,18,167,675,2000.0,0.0,18785.0,1.382578,1.406981,BEL,OMN,0342
53933,24,167,675,2000.0,0.0,24132.0,-0.270413,-0.882984,BHR,OMN,0342
53934,41,167,675,2000.0,0.0,11474.0,2.268929,0.538191,CHE,OMN,0342
53935,43,167,675,2000.0,0.0,476107.0,0.43423,2.461961,CHN,OMN,0342
53936,58,167,675,2000.0,0.0,27949.0,0.264835,0.268755,CYP,OMN,0342
53937,61,167,675,2000.0,0.0,90785.0,2.3753580000000003,-2.4481029999999997,DEU,OMN,0342
53938,64,167,675,2000.0,0.0,10569.0,1.312843,1.4304370000000002,DNK,OMN,0342
53939,68,167,675,2000.0,0.0,6469.0,-0.365578,0.01634,EGY,OMN,0342
53940,71,167,675,2000.0,0.0,443319.0,1.158711,1.7613189999999999,ESP,OMN,0342
53941,73,167,675,2000.0,0.0,3485.0,-1.1137629999999998,-1.020996,ETH,OMN,0342
53942,77,167,675,2000.0,0.0,502923.0,1.644969,0.56481,FRA,OMN,0342
53943,81,167,675,2000.0,0.0,121846.0,2.099928,0.564025,GBR,OMN,0342
53944,90,167,675,2000.0,0.0,420944.0,0.26193,1.607656,GRC,OMN,0342
53945,97,167,675,2000.0,0.0,44283.0,0.564112,1.776282,HKG,OMN,0342
53946,103,167,675,2000.0,21187.0,0.0,0.05846799999999999,1.577531,IDN,OMN,0342
53947,104,167,675,2000.0,157143.0,10485.0,0.323006,2.3446860000000003,IND,OMN,0342
53948,110,167,675,2000.0,0.0,45147.0,1.4153870000000002,0.828117,ISR,OMN,0342
53949,111,167,675,2000.0,0.0,163012.0,1.51508,0.818283,ITA,OMN,0342
53950,113,167,675,2000.0,0.0,540503.0,0.677723,1.497694,JOR,OMN,0342
53951,114,167,675,2000.0,0.0,209334.0,2.8218240000000003,0.255803,JPN,OMN,0342
53952,116,167,675,2000.0,0.0,4085.0,-0.554244,-0.1757,KEN,OMN,0342
53953,121,167,675,2000.0,327695.0,661962.0,1.248356,1.000666,KOR,OMN,0342
53954,124,167,675,2000.0,0.0,891110.0,0.139623,1.095387,LBN,OMN,0342
53955,128,167,675,2000.0,0.0,301931.0,-0.497407,0.004686999999999999,LKA,OMN,0342
53956,151,167,675,2000.0,0.0,265419.0,-0.472778,-0.6301760000000001,MUS,OMN,0342
53957,162,167,675,2000.0,0.0,151666.0,1.259257,1.595796,NLD,OMN,0342
53958,179,167,675,2000.0,0.0,77842.0,0.624078,1.342565,PRT,OMN,0342
53959,183,167,675,2000.0,0.0,50370.0,-0.534754,-1.139729,QAT,OMN,0342
53960,186,167,675,2000.0,0.0,8385.0,0.765547,0.369255,RUS,OMN,0342
53961,188,167,675,2000.0,23043.0,581717.0,0.005864,-0.983202,SAU,OMN,0342
53962,192,167,675,2000.0,0.0,115965.0,1.5432860000000002,0.519856,SGP,OMN,0342
53963,216,167,675,2000.0,80610.0,600372.0,0.505423,1.358217,THA,OMN,0342
53964,223,167,675,2000.0,0.0,97812.0,-0.061203999999999995,0.149345,TUN,OMN,0342
53965,231,167,675,2000.0,0.0,13913.0,1.9869709999999998,0.021666,USA,OMN,0342
53966,243,167,675,2000.0,155287.0,2318.0,-1.6733,-1.292217,YEM,OMN,0342
53967,246,167,675,2000.0,0.0,19240.0,0.304739,2.2212709999999998,ZAF,OMN,0342
53968,249,167,675,2000.0,93992.0,372352.0,1.642139,1.2375639999999999,TWN,OMN,0342
53969,7,183,675,2000.0,172093.0,14796.0,-0.421385,-0.675566,ARE,QAT,0342
53970,22,183,675,2000.0,108856.0,0.0,-0.8757879999999999,-0.95126,BGD,QAT,0342
53971,64,183,675,2000.0,5149.0,0.0,1.312843,1.4304370000000002,DNK,QAT,0342
53972,77,183,675,2000.0,38642.0,0.0,1.644969,0.56481,FRA,QAT,0342
53973,81,183,675,2000.0,45703.0,0.0,2.099928,0.564025,GBR,QAT,0342
53974,104,183,675,2000.0,20138.0,0.0,0.323006,2.3446860000000003,IND,QAT,0342
53975,107,183,675,2000.0,6074.0,0.0,-0.8148770000000001,-1.040305,IRN,QAT,0342
53976,113,183,675,2000.0,2190.0,0.0,0.677723,1.497694,JOR,QAT,0342
53977,143,183,675,2000.0,152557.0,0.0,-1.260786,-0.9277549999999999,MMR,QAT,0342
53978,162,183,675,2000.0,8469.0,0.0,1.259257,1.595796,NLD,QAT,0342
53979,163,183,675,2000.0,46545.0,0.0,0.6499050000000001,-0.177091,NOR,QAT,0342
53980,167,183,675,2000.0,50370.0,0.0,-1.291169,-1.3004040000000001,OMN,QAT,0342
53981,168,183,675,2000.0,211428.0,0.0,-0.76763,-0.435066,PAK,QAT,0342
53982,188,183,675,2000.0,9188.0,0.0,0.005864,-0.983202,SAU,QAT,0342
53983,190,183,675,2000.0,1837.0,0.0,-1.446942,-1.216142,SDN,QAT,0342
53984,192,183,675,2000.0,43660.0,0.0,1.5432860000000002,0.519856,SGP,QAT,0342
53985,216,183,675,2000.0,161861.0,0.0,0.505423,1.358217,THA,QAT,0342
53986,231,183,675,2000.0,3862.0,0.0,1.9869709999999998,0.021666,USA,QAT,0342
53987,243,183,675,2000.0,1119.0,0.0,-1.6733,-1.292217,YEM,QAT,0342
53988,249,183,675,2000.0,31834.0,0.0,1.642139,1.2375639999999999,TWN,QAT,0342
53989,8,186,675,2000.0,122793.0,0.0,0.140533,0.888049,ARG,RUS,0342
53990,9,186,675,2000.0,2376.0,5325.0,0.597113,-0.089798,ARM,RUS,0342
53991,14,186,675,2000.0,0.0,10675.0,0.039636000000000005,1.001203,AUS,RUS,0342
53992,15,186,675,2000.0,11258.0,30391.0,1.823798,0.465513,AUT,RUS,0342
53993,16,186,675,2000.0,435698.0,467654.0,-0.36515,-0.8104979999999999,AZE,RUS,0342
53994,18,186,675,2000.0,65819.0,187167.0,1.382578,1.406981,BEL,RUS,0342
53995,23,186,675,2000.0,10681.0,234239.0,0.47338800000000003,1.7633599999999998,BGR,RUS,0342
53996,28,186,675,2000.0,2226996.0,16220691.0,0.7323649999999999,1.1536170000000001,BLR,RUS,0342
53997,29,186,675,2000.0,0.0,235217.0,-0.762942,-0.794567,BLZ,RUS,0342
53998,32,186,675,2000.0,0.0,10597440.0,0.853466,1.28277,BRA,RUS,0342
53999,39,186,675,2000.0,77539.0,17491388.0,1.069101,1.284017,CAN,RUS,0342
54000,41,186,675,2000.0,0.0,1776.0,2.268929,0.538191,CHE,RUS,0342
54001,42,186,675,2000.0,9945.0,500091.0,-0.011509,0.0031190000000000002,CHL,RUS,0342
54002,43,186,675,2000.0,221275.0,225657744.0,0.43423,2.461961,CHN,RUS,0342
54003,44,186,675,2000.0,0.0,17063970.0,-0.7955,-0.7019989999999999,CIV,RUS,0342
54004,45,186,675,2000.0,0.0,408727.0,-1.6617520000000001,-1.264815,CMR,RUS,0342
54005,58,186,675,2000.0,31779.0,46191.0,0.264835,0.268755,CYP,RUS,0342
54006,59,186,675,2000.0,19063.0,283721.0,1.526256,0.9255639999999999,CZE,RUS,0342
54007,61,186,675,2000.0,609787.0,10342702.0,2.3753580000000003,-2.4481029999999997,DEU,RUS,0342
54008,64,186,675,2000.0,2776696.0,57439520.0,1.312843,1.4304370000000002,DNK,RUS,0342
54009,71,186,675,2000.0,857924.0,9235960.0,1.158711,1.7613189999999999,ESP,RUS,0342
54010,72,186,675,2000.0,1925633.0,805487.0,0.353545,0.665942,EST,RUS,0342
54011,74,186,675,2000.0,1422827.0,0.0,1.9705560000000002,0.874341,FIN,RUS,0342
54012,77,186,675,2000.0,513159.0,6669790.0,1.644969,0.56481,FRA,RUS,0342
54013,78,186,675,2000.0,360319.0,560257.0,-0.25500700000000004,-0.823207,FRO,RUS,0342
54014,81,186,675,2000.0,18859460.0,63475520.0,2.099928,0.564025,GBR,RUS,0342
54015,82,186,675,2000.0,57312.0,76145.0,0.335756,0.217348,GEO,RUS,0342
54016,83,186,675,2000.0,0.0,17628.0,-1.092586,-0.8195030000000001,GHA,RUS,0342
54017,97,186,675,2000.0,0.0,981095.0,0.564112,1.776282,HKG,RUS,0342
54018,100,186,675,2000.0,0.0,52224.0,0.640015,1.1175899999999999,HRV,RUS,0342
54019,102,186,675,2000.0,80681.0,2005.0,1.047497,1.284513,HUN,RUS,0342
54020,103,186,675,2000.0,5821.0,0.0,0.05846799999999999,1.577531,IDN,RUS,0342
54021,104,186,675,2000.0,154908.0,0.0,0.323006,2.3446860000000003,IND,RUS,0342
54022,106,186,675,2000.0,1727585.0,46513.0,1.647548,0.34018899999999996,IRL,RUS,0342
54023,109,186,675,2000.0,810008.0,1141596.0,-0.070436,-0.5575439999999999,ISL,RUS,0342
54024,110,186,675,2000.0,0.0,180474.0,1.4153870000000002,0.828117,ISR,RUS,0342
54025,111,186,675,2000.0,114416.0,0.0,1.51508,0.818283,ITA,RUS,0342
54026,114,186,675,2000.0,5622660.0,389596096.0,2.8218240000000003,0.255803,JPN,RUS,0342
54027,115,186,675,2000.0,3321744.0,4930086.0,-0.16554100000000002,-0.70523,KAZ,RUS,0342
54028,117,186,675,2000.0,0.0,1166666.0,0.215581,0.343262,KGZ,RUS,0342
54029,121,186,675,2000.0,548403.0,80511728.0,1.248356,1.000666,KOR,RUS,0342
54030,130,186,675,2000.0,1429282.0,1262758.0,0.22767199999999999,0.794208,LTU,RUS,0342
54031,132,186,675,2000.0,227770.0,850068.0,0.27229699999999996,0.402929,LVA,RUS,0342
54032,135,186,675,2000.0,0.0,388785.0,0.039072,0.103148,MDA,RUS,0342
54033,136,186,675,2000.0,7943.0,0.0,-1.082986,-0.614482,MDG,RUS,0342
54034,140,186,675,2000.0,0.0,45397.0,0.159675,0.429424,MKD,RUS,0342
54035,145,186,675,2000.0,114936.0,2278.0,-0.553764,-0.917977,MNG,RUS,0342
54036,148,186,675,2000.0,3718865.0,0.0,-1.444615,-1.29284,MRT,RUS,0342
54037,151,186,675,2000.0,0.0,375410.0,-0.472778,-0.6301760000000001,MUS,RUS,0342
54038,155,186,675,2000.0,3734.0,1837530.0,-0.42796999999999996,-0.643361,NAM,RUS,0342
54039,159,186,675,2000.0,0.0,254759.0,-2.192487,-1.30587,NGA,RUS,0342
54040,162,186,675,2000.0,3222966.0,2193562.0,1.259257,1.595796,NLD,RUS,0342
54041,163,186,675,2000.0,83936976.0,62640372.0,0.6499050000000001,-0.177091,NOR,RUS,0342
54042,166,186,675,2000.0,201478.0,0.0,0.419671,0.809288,NZL,RUS,0342
54043,167,186,675,2000.0,8385.0,0.0,-1.291169,-1.3004040000000001,OMN,RUS,0342
54044,168,186,675,2000.0,6287.0,0.0,-0.76763,-0.435066,PAK,RUS,0342
54045,173,186,675,2000.0,41963.0,0.0,-0.390278,-0.018691,PER,RUS,0342
54046,177,186,675,2000.0,447045.0,18945316.0,0.9513659999999999,1.8445669999999998,POL,RUS,0342
54047,179,186,675,2000.0,11088.0,20654122.0,0.624078,1.342565,PRT,RUS,0342
54048,185,186,675,2000.0,0.0,95671.0,0.55594,1.054573,ROU,RUS,0342
54049,189,186,675,2000.0,0.0,306645.0,0.484573,2.767036,SCG,RUS,0342
54050,192,186,675,2000.0,3482.0,379739.0,1.5432860000000002,0.519856,SGP,RUS,0342
54051,206,186,675,2000.0,0.0,98920.0,1.3226360000000001,1.1967809999999999,SVK,RUS,0342
54052,207,186,675,2000.0,0.0,9022.0,1.485695,1.122069,SVN,RUS,0342
54053,208,186,675,2000.0,793713.0,337135.0,2.087984,0.811167,SWE,RUS,0342
54054,216,186,675,2000.0,6385.0,11725607.0,0.505423,1.358217,THA,RUS,0342
54055,217,186,675,2000.0,0.0,1563.0,-0.772083,-1.079553,TJK,RUS,0342
54056,219,186,675,2000.0,129346.0,48987.0,-0.839936,-1.168236,TKM,RUS,0342
54057,228,186,675,2000.0,412593.0,9851801.0,0.622654,1.191971,UKR,RUS,0342
54058,230,186,675,2000.0,239902.0,0.0,0.18688,0.575136,URY,RUS,0342
54059,231,186,675,2000.0,2844576.0,8735958.0,1.9869709999999998,0.021666,USA,RUS,0342
54060,232,186,675,2000.0,0.0,27506.0,-0.487961,-0.64882,UZB,RUS,0342
54061,237,186,675,2000.0,0.0,477359.0,0.583925,-0.110356,VGB,RUS,0342
54062,246,186,675,2000.0,31032.0,150383.0,0.304739,2.2212709999999998,ZAF,RUS,0342
54063,249,186,675,2000.0,0.0,1717990.0,1.642139,1.2375639999999999,TWN,RUS,0342
54064,250,186,675,2000.0,286798.0,1254.0,1.094325,-0.32521100000000003,ANS,RUS,0342
54065,7,188,675,2000.0,3284260.0,0.0,-0.421385,-0.675566,ARE,SAU,0342
54066,8,188,675,2000.0,33764.0,0.0,0.140533,0.888049,ARG,SAU,0342
54067,14,188,675,2000.0,14637.0,0.0,0.039636000000000005,1.001203,AUS,SAU,0342
54068,18,188,675,2000.0,2167.0,0.0,1.382578,1.406981,BEL,SAU,0342
54069,22,188,675,2000.0,2619422.0,0.0,-0.8757879999999999,-0.95126,BGD,SAU,0342
54070,24,188,675,2000.0,40295.0,41914.0,-0.270413,-0.882984,BHR,SAU,0342
54071,43,188,675,2000.0,29164.0,0.0,0.43423,2.461961,CHN,SAU,0342
54072,51,188,675,2000.0,191775.0,0.0,0.358579,-0.238117,CPV,SAU,0342
54073,64,188,675,2000.0,64320.0,0.0,1.312843,1.4304370000000002,DNK,SAU,0342
54074,77,188,675,2000.0,2559.0,0.0,1.644969,0.56481,FRA,SAU,0342
54075,81,188,675,2000.0,123260.0,1645.0,2.099928,0.564025,GBR,SAU,0342
54076,97,188,675,2000.0,0.0,117495.0,0.564112,1.776282,HKG,SAU,0342
54077,103,188,675,2000.0,42191.0,0.0,0.05846799999999999,1.577531,IDN,SAU,0342
54078,104,188,675,2000.0,45620.0,0.0,0.323006,2.3446860000000003,IND,SAU,0342
54079,111,188,675,2000.0,26410.0,0.0,1.51508,0.818283,ITA,SAU,0342
54080,114,188,675,2000.0,0.0,23300.0,2.8218240000000003,0.255803,JPN,SAU,0342
54081,121,188,675,2000.0,17980.0,344198.0,1.248356,1.000666,KOR,SAU,0342
54082,124,188,675,2000.0,0.0,107065.0,0.139623,1.095387,LBN,SAU,0342
54083,128,188,675,2000.0,5448.0,0.0,-0.497407,0.004686999999999999,LKA,SAU,0342
54084,151,188,675,2000.0,0.0,24556.0,-0.472778,-0.6301760000000001,MUS,SAU,0342
54085,153,188,675,2000.0,0.0,340645.0,0.789007,0.16084600000000002,MYS,SAU,0342
54086,159,188,675,2000.0,0.0,212891.0,-2.192487,-1.30587,NGA,SAU,0342
54087,162,188,675,2000.0,115960.0,0.0,1.259257,1.595796,NLD,SAU,0342
54088,163,188,675,2000.0,141484.0,0.0,0.6499050000000001,-0.177091,NOR,SAU,0342
54089,166,188,675,2000.0,963441.0,0.0,0.419671,0.809288,NZL,SAU,0342
54090,167,188,675,2000.0,581717.0,23043.0,-1.291169,-1.3004040000000001,OMN,SAU,0342
54091,168,188,675,2000.0,2136230.0,0.0,-0.76763,-0.435066,PAK,SAU,0342
54092,178,188,675,2000.0,0.0,95467.0,0.795818,1.089874,PRK,SAU,0342
54093,183,188,675,2000.0,0.0,9188.0,-0.534754,-1.139729,QAT,SAU,0342
54094,192,188,675,2000.0,603168.0,0.0,1.5432860000000002,0.519856,SGP,SAU,0342
54095,216,188,675,2000.0,4910046.0,161281.0,0.505423,1.358217,THA,SAU,0342
54096,230,188,675,2000.0,489590.0,0.0,0.18688,0.575136,URY,SAU,0342
54097,231,188,675,2000.0,42589.0,19542.0,1.9869709999999998,0.021666,USA,SAU,0342
54098,243,188,675,2000.0,166134.0,0.0,-1.6733,-1.292217,YEM,SAU,0342
54099,249,188,675,2000.0,5874620.0,0.0,1.642139,1.2375639999999999,TWN,SAU,0342
54100,8,206,675,2000.0,43222.0,0.0,0.140533,0.888049,ARG,SVK,0342
54101,18,206,675,2000.0,1387.0,0.0,1.382578,1.406981,BEL,SVK,0342
54102,43,206,675,2000.0,180907.0,0.0,0.43423,2.461961,CHN,SVK,0342
54103,59,206,675,2000.0,367451.0,61628.0,1.526256,0.9255639999999999,CZE,SVK,0342
54104,61,206,675,2000.0,366464.0,0.0,2.3753580000000003,-2.4481029999999997,DEU,SVK,0342
54105,64,206,675,2000.0,380982.0,0.0,1.312843,1.4304370000000002,DNK,SVK,0342
54106,71,206,675,2000.0,69920.0,0.0,1.158711,1.7613189999999999,ESP,SVK,0342
54107,72,206,675,2000.0,3604.0,0.0,0.353545,0.665942,EST,SVK,0342
54108,77,206,675,2000.0,6455.0,0.0,1.644969,0.56481,FRA,SVK,0342
54109,81,206,675,2000.0,157085.0,0.0,2.099928,0.564025,GBR,SVK,0342
54110,102,206,675,2000.0,11008.0,142335.0,1.047497,1.284513,HUN,SVK,0342
54111,106,206,675,2000.0,816290.0,0.0,1.647548,0.34018899999999996,IRL,SVK,0342
54112,107,206,675,2000.0,5340.0,0.0,-0.8148770000000001,-1.040305,IRN,SVK,0342
54113,111,206,675,2000.0,9594.0,0.0,1.51508,0.818283,ITA,SVK,0342
54114,121,206,675,2000.0,1344.0,0.0,1.248356,1.000666,KOR,SVK,0342
54115,162,206,675,2000.0,277656.0,0.0,1.259257,1.595796,NLD,SVK,0342
54116,163,206,675,2000.0,159951.0,0.0,0.6499050000000001,-0.177091,NOR,SVK,0342
54117,166,206,675,2000.0,3600.0,0.0,0.419671,0.809288,NZL,SVK,0342
54118,173,206,675,2000.0,415326.0,0.0,-0.390278,-0.018691,PER,SVK,0342
54119,177,206,675,2000.0,7534.0,0.0,0.9513659999999999,1.8445669999999998,POL,SVK,0342
54120,186,206,675,2000.0,98920.0,0.0,0.765547,0.369255,RUS,SVK,0342
54121,216,206,675,2000.0,3365.0,0.0,0.505423,1.358217,THA,SVK,0342
54122,231,206,675,2000.0,49704.0,0.0,1.9869709999999998,0.021666,USA,SVK,0342
54123,8,207,675,2000.0,160576.0,0.0,0.140533,0.888049,ARG,SVN,0342
54124,15,207,675,2000.0,5448.0,0.0,1.823798,0.465513,AUT,SVN,0342
54125,26,207,675,2000.0,0.0,137837.0,0.167776,0.32192,BIH,SVN,0342
54126,32,207,675,2000.0,23753.0,0.0,0.853466,1.28277,BRA,SVN,0342
54127,39,207,675,2000.0,4032.0,0.0,1.069101,1.284017,CAN,SVN,0342
54128,42,207,675,2000.0,7673.0,0.0,-0.011509,0.0031190000000000002,CHL,SVN,0342
54129,43,207,675,2000.0,25746.0,0.0,0.43423,2.461961,CHN,SVN,0342
54130,64,207,675,2000.0,37450.0,0.0,1.312843,1.4304370000000002,DNK,SVN,0342
54131,71,207,675,2000.0,107797.0,0.0,1.158711,1.7613189999999999,ESP,SVN,0342
54132,77,207,675,2000.0,6156.0,0.0,1.644969,0.56481,FRA,SVN,0342
54133,81,207,675,2000.0,460616.0,0.0,2.099928,0.564025,GBR,SVN,0342
54134,90,207,675,2000.0,0.0,158139.0,0.26193,1.607656,GRC,SVN,0342
54135,100,207,675,2000.0,33532.0,101702.0,0.640015,1.1175899999999999,HRV,SVN,0342
54136,103,207,675,2000.0,4571.0,0.0,0.05846799999999999,1.577531,IDN,SVN,0342
54137,106,207,675,2000.0,175309.0,0.0,1.647548,0.34018899999999996,IRL,SVN,0342
54138,109,207,675,2000.0,71227.0,0.0,-0.070436,-0.5575439999999999,ISL,SVN,0342
54139,110,207,675,2000.0,1742.0,0.0,1.4153870000000002,0.828117,ISR,SVN,0342
54140,111,207,675,2000.0,782879.0,5188.0,1.51508,0.818283,ITA,SVN,0342
54141,121,207,675,2000.0,1664.0,0.0,1.248356,1.000666,KOR,SVN,0342
54142,131,207,675,2000.0,4895.0,0.0,1.203242,1.0729790000000001,LUX,SVN,0342
54143,134,207,675,2000.0,5927.0,0.0,-0.5460510000000001,-0.33865100000000004,MAR,SVN,0342
54144,138,207,675,2000.0,29106.0,0.0,0.9020379999999999,0.671139,MEX,SVN,0342
54145,162,207,675,2000.0,230269.0,0.0,1.259257,1.595796,NLD,SVN,0342
54146,163,207,675,2000.0,24209.0,0.0,0.6499050000000001,-0.177091,NOR,SVN,0342
54147,173,207,675,2000.0,3360.0,0.0,-0.390278,-0.018691,PER,SVN,0342
54148,177,207,675,2000.0,30556.0,17398.0,0.9513659999999999,1.8445669999999998,POL,SVN,0342
54149,179,207,675,2000.0,1932.0,0.0,0.624078,1.342565,PRT,SVN,0342
54150,186,207,675,2000.0,9022.0,0.0,0.765547,0.369255,RUS,SVN,0342
54151,191,207,675,2000.0,8077.0,0.0,-0.449184,-0.375335,SEN,SVN,0342
54152,216,207,675,2000.0,1821.0,0.0,0.505423,1.358217,THA,SVN,0342
54153,224,207,675,2000.0,2763.0,0.0,0.127924,2.039773,TUR,SVN,0342
54154,231,207,675,2000.0,9213.0,0.0,1.9869709999999998,0.021666,USA,SVN,0342
54155,246,207,675,2000.0,39135.0,0.0,0.304739,2.2212709999999998,ZAF,SVN,0342
54156,7,219,675,2000.0,12899.0,0.0,-0.421385,-0.675566,ARE,TKM,0342
54157,111,219,675,2000.0,3862.0,0.0,1.51508,0.818283,ITA,TKM,0342
54158,115,219,675,2000.0,0.0,2788.0,-0.16554100000000002,-0.70523,KAZ,TKM,0342
54159,162,219,675,2000.0,1296.0,0.0,1.259257,1.595796,NLD,TKM,0342
54160,186,219,675,2000.0,48987.0,129346.0,0.765547,0.369255,RUS,TKM,0342
54161,232,219,675,2000.0,0.0,40610.0,-0.487961,-0.64882,UZB,TKM,0342
54162,8,223,675,2000.0,67823.0,0.0,0.140533,0.888049,ARG,TUN,0342
54163,32,223,675,2000.0,1464293.0,0.0,0.853466,1.28277,BRA,TUN,0342
54164,42,223,675,2000.0,26338.0,0.0,-0.011509,0.0031190000000000002,CHL,TUN,0342
54165,43,223,675,2000.0,1992.0,7870.0,0.43423,2.461961,CHN,TUN,0342
54166,67,223,675,2000.0,74282.0,0.0,-1.016643,-0.8385469999999999,ECU,TUN,0342
54167,68,223,675,2000.0,0.0,16735.0,-0.365578,0.01634,EGY,TUN,0342
54168,71,223,675,2000.0,1054965.0,8510.0,1.158711,1.7613189999999999,ESP,TUN,0342
54169,77,223,675,2000.0,2370169.0,11086.0,1.644969,0.56481,FRA,TUN,0342
54170,90,223,675,2000.0,0.0,76058.0,0.26193,1.607656,GRC,TUN,0342
54171,111,223,675,2000.0,398681.0,32682.0,1.51508,0.818283,ITA,TUN,0342
54172,114,223,675,2000.0,286356.0,45845.0,2.8218240000000003,0.255803,JPN,TUN,0342
54173,121,223,675,2000.0,3885.0,49095.0,1.248356,1.000666,KOR,TUN,0342
54174,134,223,675,2000.0,23804.0,0.0,-0.5460510000000001,-0.33865100000000004,MAR,TUN,0342
54175,137,223,675,2000.0,398224.0,0.0,-1.070968,-1.0570469999999998,MDV,TUN,0342
54176,148,223,675,2000.0,8152.0,0.0,-1.444615,-1.29284,MRT,TUN,0342
54177,167,223,675,2000.0,97812.0,0.0,-1.291169,-1.3004040000000001,OMN,TUN,0342
54178,169,223,675,2000.0,68563.0,0.0,0.107412,0.41455600000000004,PAN,TUN,0342
54179,208,223,675,2000.0,0.0,2564.0,2.087984,0.811167,SWE,TUN,0342
54180,211,223,675,2000.0,679762.0,0.0,-0.868394,-0.9754459999999999,SYC,TUN,0342
54181,216,223,675,2000.0,20397.0,0.0,0.505423,1.358217,THA,TUN,0342
54182,231,223,675,2000.0,0.0,12860.0,1.9869709999999998,0.021666,USA,TUN,0342
54183,243,223,675,2000.0,48242.0,0.0,-1.6733,-1.292217,YEM,TUN,0342
54184,246,223,675,2000.0,14638.0,0.0,0.304739,2.2212709999999998,ZAF,TUN,0342
54185,249,223,675,2000.0,42018.0,0.0,1.642139,1.2375639999999999,TWN,TUN,0342
54186,8,228,675,2000.0,39540.0,0.0,0.140533,0.888049,ARG,UKR,0342
54187,23,228,675,2000.0,4173.0,0.0,0.47338800000000003,1.7633599999999998,BGR,UKR,0342
54188,39,228,675,2000.0,205861.0,0.0,1.069101,1.284017,CAN,UKR,0342
54189,41,228,675,2000.0,59759.0,21126.0,2.268929,0.538191,CHE,UKR,0342
54190,43,228,675,2000.0,0.0,73794.0,0.43423,2.461961,CHN,UKR,0342
54191,58,228,675,2000.0,70846.0,0.0,0.264835,0.268755,CYP,UKR,0342
54192,59,228,675,2000.0,6374.0,9105.0,1.526256,0.9255639999999999,CZE,UKR,0342
54193,61,228,675,2000.0,43389.0,0.0,2.3753580000000003,-2.4481029999999997,DEU,UKR,0342
54194,64,228,675,2000.0,110594.0,89442.0,1.312843,1.4304370000000002,DNK,UKR,0342
54195,71,228,675,2000.0,471959.0,5751678.0,1.158711,1.7613189999999999,ESP,UKR,0342
54196,72,228,675,2000.0,3183972.0,18779.0,0.353545,0.665942,EST,UKR,0342
54197,74,228,675,2000.0,23656.0,0.0,1.9705560000000002,0.874341,FIN,UKR,0342
54198,77,228,675,2000.0,24582.0,312862.0,1.644969,0.56481,FRA,UKR,0342
54199,81,228,675,2000.0,379541.0,0.0,2.099928,0.564025,GBR,UKR,0342
54200,82,228,675,2000.0,56292.0,162923.0,0.335756,0.217348,GEO,UKR,0342
54201,90,228,675,2000.0,24642.0,0.0,0.26193,1.607656,GRC,UKR,0342
54202,102,228,675,2000.0,7054.0,49409.0,1.047497,1.284513,HUN,UKR,0342
54203,107,228,675,2000.0,8688.0,0.0,-0.8148770000000001,-1.040305,IRN,UKR,0342
54204,109,228,675,2000.0,1660355.0,0.0,-0.070436,-0.5575439999999999,ISL,UKR,0342
54205,110,228,675,2000.0,0.0,14105.0,1.4153870000000002,0.828117,ISR,UKR,0342
54206,111,228,675,2000.0,0.0,21022.0,1.51508,0.818283,ITA,UKR,0342
54207,114,228,675,2000.0,3175.0,1553987.0,2.8218240000000003,0.255803,JPN,UKR,0342
54208,128,228,675,2000.0,3423.0,0.0,-0.497407,0.004686999999999999,LKA,UKR,0342
54209,130,228,675,2000.0,200364.0,97854.0,0.22767199999999999,0.794208,LTU,UKR,0342
54210,132,228,675,2000.0,167229.0,29670.0,0.27229699999999996,0.402929,LVA,UKR,0342
54211,134,228,675,2000.0,0.0,1481459.0,-0.5460510000000001,-0.33865100000000004,MAR,UKR,0342
54212,135,228,675,2000.0,0.0,79358.0,0.039072,0.103148,MDA,UKR,0342
54213,148,228,675,2000.0,401682.0,10467673.0,-1.444615,-1.29284,MRT,UKR,0342
54214,151,228,675,2000.0,0.0,924758.0,-0.472778,-0.6301760000000001,MUS,UKR,0342
54215,155,228,675,2000.0,0.0,13097.0,-0.42796999999999996,-0.643361,NAM,UKR,0342
54216,162,228,675,2000.0,1111519.0,0.0,1.259257,1.595796,NLD,UKR,0342
54217,163,228,675,2000.0,47604356.0,0.0,0.6499050000000001,-0.177091,NOR,UKR,0342
54218,166,228,675,2000.0,44427.0,0.0,0.419671,0.809288,NZL,UKR,0342
54219,169,228,675,2000.0,0.0,50198.0,0.107412,0.41455600000000004,PAN,UKR,0342
54220,177,228,675,2000.0,8107.0,210803.0,0.9513659999999999,1.8445669999999998,POL,UKR,0342
54221,186,228,675,2000.0,9851801.0,412593.0,0.765547,0.369255,RUS,UKR,0342
54222,224,228,675,2000.0,0.0,5508.0,0.127924,2.039773,TUR,UKR,0342
54223,231,228,675,2000.0,696045.0,140909.0,1.9869709999999998,0.021666,USA,UKR,0342
54224,7,8,675,2000.0,0.0,7812.0,-0.421385,-0.675566,ARE,ARG,0342
54225,14,8,675,2000.0,0.0,18420.0,0.039636000000000005,1.001203,AUS,ARG,0342
54226,18,8,675,2000.0,10800.0,345765.0,1.382578,1.406981,BEL,ARG,0342
54227,23,8,675,2000.0,0.0,315148.0,0.47338800000000003,1.7633599999999998,BGR,ARG,0342
54228,28,8,675,2000.0,0.0,6512.0,0.7323649999999999,1.1536170000000001,BLR,ARG,0342
54229,31,8,675,2000.0,0.0,8068.0,-0.400861,-0.41780900000000004,BOL,ARG,0342
54230,32,8,675,2000.0,1315063.0,11417065.0,0.853466,1.28277,BRA,ARG,0342
54231,39,8,675,2000.0,0.0,970871.0,1.069101,1.284017,CAN,ARG,0342
54232,42,8,675,2000.0,1447873.0,197304.0,-0.011509,0.0031190000000000002,CHL,ARG,0342
54233,43,8,675,2000.0,0.0,6337770.0,0.43423,2.461961,CHN,ARG,0342
54234,47,8,675,2000.0,0.0,121963.0,-1.7116900000000002,-1.270469,COG,ARG,0342
54235,49,8,675,2000.0,0.0,56374.0,0.12351400000000001,0.255517,COL,ARG,0342
54236,52,8,675,2000.0,0.0,13277.0,-0.136989,-0.190298,CRI,ARG,0342
54237,58,8,675,2000.0,0.0,145410.0,0.264835,0.268755,CYP,ARG,0342
54238,59,8,675,2000.0,0.0,47702.0,1.526256,0.9255639999999999,CZE,ARG,0342
54239,61,8,675,2000.0,0.0,495281.0,2.3753580000000003,-2.4481029999999997,DEU,ARG,0342
54240,65,8,675,2000.0,0.0,152175.0,-0.5679569999999999,-0.61125,DOM,ARG,0342
54241,66,8,675,2000.0,0.0,37566.0,-0.9876940000000001,-1.194216,DZA,ARG,0342
54242,67,8,675,2000.0,401058.0,0.0,-1.016643,-0.8385469999999999,ECU,ARG,0342
54243,68,8,675,2000.0,0.0,100997.0,-0.365578,0.01634,EGY,ARG,0342
54244,71,8,675,2000.0,100806.0,28357044.0,1.158711,1.7613189999999999,ESP,ARG,0342
54245,72,8,675,2000.0,0.0,128923.0,0.353545,0.665942,EST,ARG,0342
54246,77,8,675,2000.0,0.0,5807999.0,1.644969,0.56481,FRA,ARG,0342
54247,80,8,675,2000.0,0.0,30550.0,-0.798345,-1.1725450000000002,GAB,ARG,0342
54248,81,8,675,2000.0,0.0,187800.0,2.099928,0.564025,GBR,ARG,0342
54249,90,8,675,2000.0,0.0,2141364.0,0.26193,1.607656,GRC,ARG,0342
54250,97,8,675,2000.0,0.0,255246.0,0.564112,1.776282,HKG,ARG,0342
54251,100,8,675,2000.0,0.0,84814.0,0.640015,1.1175899999999999,HRV,ARG,0342
54252,102,8,675,2000.0,0.0,909407.0,1.047497,1.284513,HUN,ARG,0342
54253,103,8,675,2000.0,23040.0,0.0,0.05846799999999999,1.577531,IDN,ARG,0342
54254,110,8,675,2000.0,0.0,1398990.0,1.4153870000000002,0.828117,ISR,ARG,0342
54255,111,8,675,2000.0,0.0,3881798.0,1.51508,0.818283,ITA,ARG,0342
54256,113,8,675,2000.0,290550.0,3868076.0,0.677723,1.497694,JOR,ARG,0342
54257,114,8,675,2000.0,7811.0,46880844.0,2.8218240000000003,0.255803,JPN,ARG,0342
54258,121,8,675,2000.0,0.0,7831248.0,1.248356,1.000666,KOR,ARG,0342
54259,124,8,675,2000.0,0.0,729292.0,0.139623,1.095387,LBN,ARG,0342
54260,130,8,675,2000.0,0.0,574291.0,0.22767199999999999,0.794208,LTU,ARG,0342
54261,134,8,675,2000.0,0.0,14732.0,-0.5460510000000001,-0.33865100000000004,MAR,ARG,0342
54262,138,8,675,2000.0,0.0,28789.0,0.9020379999999999,0.671139,MEX,ARG,0342
54263,140,8,675,2000.0,0.0,111244.0,0.159675,0.429424,MKD,ARG,0342
54264,142,8,675,2000.0,0.0,41373.0,0.8771450000000001,-0.013614,MLT,ARG,0342
54265,153,8,675,2000.0,0.0,178032.0,0.789007,0.16084600000000002,MYS,ARG,0342
54266,159,8,675,2000.0,0.0,901648.0,-2.192487,-1.30587,NGA,ARG,0342
54267,162,8,675,2000.0,0.0,2744039.0,1.259257,1.595796,NLD,ARG,0342
54268,163,8,675,2000.0,4148.0,0.0,0.6499050000000001,-0.177091,NOR,ARG,0342
54269,166,8,675,2000.0,0.0,9049.0,0.419671,0.809288,NZL,ARG,0342
54270,173,8,675,2000.0,21007.0,0.0,-0.390278,-0.018691,PER,ARG,0342
54271,177,8,675,2000.0,0.0,347443.0,0.9513659999999999,1.8445669999999998,POL,ARG,0342
54272,179,8,675,2000.0,0.0,436993.0,0.624078,1.342565,PRT,ARG,0342
54273,180,8,675,2000.0,0.0,12256.0,-0.82839,-0.8787010000000001,PRY,ARG,0342
54274,182,8,675,2000.0,0.0,3317.0,-0.382787,-0.837533,PYF,ARG,0342
54275,185,8,675,2000.0,0.0,545274.0,0.55594,1.054573,ROU,ARG,0342
54276,186,8,675,2000.0,0.0,122793.0,0.765547,0.369255,RUS,ARG,0342
54277,188,8,675,2000.0,0.0,33764.0,0.005864,-0.983202,SAU,ARG,0342
54278,189,8,675,2000.0,0.0,161612.0,0.484573,2.767036,SCG,ARG,0342
54279,192,8,675,2000.0,0.0,76540.0,1.5432860000000002,0.519856,SGP,ARG,0342
54280,206,8,675,2000.0,0.0,43222.0,1.3226360000000001,1.1967809999999999,SVK,ARG,0342
54281,207,8,675,2000.0,0.0,160576.0,1.485695,1.122069,SVN,ARG,0342
54282,216,8,675,2000.0,0.0,840832.0,0.505423,1.358217,THA,ARG,0342
54283,223,8,675,2000.0,0.0,67823.0,-0.061203999999999995,0.149345,TUN,ARG,0342
54284,224,8,675,2000.0,0.0,75654.0,0.127924,2.039773,TUR,ARG,0342
54285,228,8,675,2000.0,0.0,39540.0,0.622654,1.191971,UKR,ARG,0342
54286,230,8,675,2000.0,312010.0,72956.0,0.18688,0.575136,URY,ARG,0342
54287,231,8,675,2000.0,293803.0,13549114.0,1.9869709999999998,0.021666,USA,ARG,0342
54288,236,8,675,2000.0,179069.0,15872.0,-0.12500999999999998,-0.8610610000000001,VEN,ARG,0342
54289,246,8,675,2000.0,13232.0,145977.0,0.304739,2.2212709999999998,ZAF,ARG,0342
54290,250,8,675,2000.0,95321.0,0.0,1.094325,-0.32521100000000003,ANS,ARG,0342
54291,8,14,675,2000.0,18420.0,0.0,0.140533,0.888049,ARG,AUS,0342
54292,10,14,675,2000.0,0.0,75410.0,1.106474,0.32893,ASM,AUS,0342
54293,18,14,675,2000.0,2871.0,0.0,1.382578,1.406981,BEL,AUS,0342
54294,22,14,675,2000.0,108507.0,0.0,-0.8757879999999999,-0.95126,BGD,AUS,0342
54295,39,14,675,2000.0,49551.0,194318.0,1.069101,1.284017,CAN,AUS,0342
54296,41,14,675,2000.0,0.0,27704.0,2.268929,0.538191,CHE,AUS,0342
54297,42,14,675,2000.0,551746.0,191402.0,-0.011509,0.0031190000000000002,CHL,AUS,0342
54298,43,14,675,2000.0,792675.0,1742900.0,0.43423,2.461961,CHN,AUS,0342
54299,58,14,675,2000.0,0.0,29755.0,0.264835,0.268755,CYP,AUS,0342
54300,61,14,675,2000.0,0.0,438310.0,2.3753580000000003,-2.4481029999999997,DEU,AUS,0342
54301,64,14,675,2000.0,298206.0,20258.0,1.312843,1.4304370000000002,DNK,AUS,0342
54302,68,14,675,2000.0,0.0,48099.0,-0.365578,0.01634,EGY,AUS,0342
54303,71,14,675,2000.0,131650.0,0.0,1.158711,1.7613189999999999,ESP,AUS,0342
54304,74,14,675,2000.0,141064.0,0.0,1.9705560000000002,0.874341,FIN,AUS,0342
54305,75,14,675,2000.0,142591.0,85938.0,-0.775963,-0.28976999999999997,FJI,AUS,0342
54306,81,14,675,2000.0,359926.0,51692.0,2.099928,0.564025,GBR,AUS,0342
54307,90,14,675,2000.0,0.0,135529.0,0.26193,1.607656,GRC,AUS,0342
54308,95,14,675,2000.0,0.0,11717.0,-0.235483,-0.92404,GUM,AUS,0342
54309,97,14,675,2000.0,72514.0,1266816.0,0.564112,1.776282,HKG,AUS,0342
54310,103,14,675,2000.0,1452856.0,862801.0,0.05846799999999999,1.577531,IDN,AUS,0342
54311,104,14,675,2000.0,1082478.0,10453.0,0.323006,2.3446860000000003,IND,AUS,0342
54312,106,14,675,2000.0,77432.0,0.0,1.647548,0.34018899999999996,IRL,AUS,0342
54313,110,14,675,2000.0,0.0,30899.0,1.4153870000000002,0.828117,ISR,AUS,0342
54314,111,14,675,2000.0,0.0,345622.0,1.51508,0.818283,ITA,AUS,0342
54315,112,14,675,2000.0,0.0,14697.0,-0.724729,-0.91094,JAM,AUS,0342
54316,113,14,675,2000.0,0.0,8960.0,0.677723,1.497694,JOR,AUS,0342
54317,114,14,675,2000.0,538425.0,99125136.0,2.8218240000000003,0.255803,JPN,AUS,0342
54318,116,14,675,2000.0,30144.0,0.0,-0.554244,-0.1757,KEN,AUS,0342
54319,118,14,675,2000.0,75579.0,0.0,-0.9248430000000001,-1.071231,KHM,AUS,0342
54320,121,14,675,2000.0,83828.0,120295.0,1.248356,1.000666,KOR,AUS,0342
54321,128,14,675,2000.0,8705.0,15932.0,-0.497407,0.004686999999999999,LKA,AUS,0342
54322,134,14,675,2000.0,10654.0,0.0,-0.5460510000000001,-0.33865100000000004,MAR,AUS,0342
54323,137,14,675,2000.0,0.0,7396.0,-1.070968,-1.0570469999999998,MDV,AUS,0342
54324,138,14,675,2000.0,152785.0,0.0,0.9020379999999999,0.671139,MEX,AUS,0342
54325,140,14,675,2000.0,0.0,2053.0,0.159675,0.429424,MKD,AUS,0342
54326,143,14,675,2000.0,285406.0,0.0,-1.260786,-0.9277549999999999,MMR,AUS,0342
54327,146,14,675,2000.0,0.0,5713.0,0.223586,-0.596917,MNP,AUS,0342
54328,151,14,675,2000.0,19193.0,0.0,-0.472778,-0.6301760000000001,MUS,AUS,0342
54329,153,14,675,2000.0,196946.0,423845.0,0.789007,0.16084600000000002,MYS,AUS,0342
54330,155,14,675,2000.0,613359.0,0.0,-0.42796999999999996,-0.643361,NAM,AUS,0342
54331,158,14,675,2000.0,0.0,25103.0,1.413932,-0.522251,NFK,AUS,0342
54332,159,14,675,2000.0,0.0,21365.0,-2.192487,-1.30587,NGA,AUS,0342
54333,162,14,675,2000.0,2139098.0,36278.0,1.259257,1.595796,NLD,AUS,0342
54334,163,14,675,2000.0,72660.0,0.0,0.6499050000000001,-0.177091,NOR,AUS,0342
54335,166,14,675,2000.0,10147630.0,456871.0,0.419671,0.809288,NZL,AUS,0342
54336,168,14,675,2000.0,13283.0,0.0,-0.76763,-0.435066,PAK,AUS,0342
54337,173,14,675,2000.0,56156.0,0.0,-0.390278,-0.018691,PER,AUS,0342
54338,174,14,675,2000.0,8351.0,23314.0,-0.010024,-0.368702,PHL,AUS,0342
54339,176,14,675,2000.0,10356.0,75375.0,-1.31124,-1.127378,PNG,AUS,0342
54340,177,14,675,2000.0,0.0,53209.0,0.9513659999999999,1.8445669999999998,POL,AUS,0342
54341,179,14,675,2000.0,44089.0,0.0,0.624078,1.342565,PRT,AUS,0342
54342,182,14,675,2000.0,0.0,1274.0,-0.382787,-0.837533,PYF,AUS,0342
54343,186,14,675,2000.0,10675.0,0.0,0.765547,0.369255,RUS,AUS,0342
54344,188,14,675,2000.0,0.0,14637.0,0.005864,-0.983202,SAU,AUS,0342
54345,192,14,675,2000.0,190898.0,1536727.0,1.5432860000000002,0.519856,SGP,AUS,0342
54346,208,14,675,2000.0,72917.0,0.0,2.087984,0.811167,SWE,AUS,0342
54347,216,14,675,2000.0,2104381.0,2785385.0,0.505423,1.358217,THA,AUS,0342
54348,227,14,675,2000.0,25759.0,0.0,-1.275188,-0.9400639999999999,UGA,AUS,0342
54349,231,14,675,2000.0,15859729.0,5820546.0,1.9869709999999998,0.021666,USA,AUS,0342
54350,239,14,675,2000.0,2256195.0,123126.0,-0.589009,0.518708,VNM,AUS,0342
54351,240,14,675,2000.0,0.0,4319.0,-0.865708,-0.973247,VUT,AUS,0342
54352,242,14,675,2000.0,0.0,17992.0,-1.06243,-1.012707,WSM,AUS,0342
54353,246,14,675,2000.0,2481932.0,26952.0,0.304739,2.2212709999999998,ZAF,AUS,0342
54354,249,14,675,2000.0,451465.0,2562856.0,1.642139,1.2375639999999999,TWN,AUS,0342
54355,6,44,675,2000.0,1588225.0,0.0,0.25759099999999996,-0.555668,ANT,CIV,0342
54356,21,44,675,2000.0,0.0,86730.0,-0.0024059999999999997,-0.128391,BFA,CIV,0342
54357,29,44,675,2000.0,122018.0,0.0,-0.762942,-0.794567,BLZ,CIV,0342
54358,43,44,675,2000.0,1967537.0,0.0,0.43423,2.461961,CHN,CIV,0342
54359,45,44,675,2000.0,4951.0,0.0,-1.6617520000000001,-1.264815,CMR,CIV,0342
54360,47,44,675,2000.0,0.0,2439.0,-1.7116900000000002,-1.270469,COG,CIV,0342
54361,54,44,675,2000.0,726190.0,0.0,-0.800886,-1.133715,CUB,CIV,0342
54362,71,44,675,2000.0,7313483.0,737041.0,1.158711,1.7613189999999999,ESP,CIV,0342
54363,77,44,675,2000.0,29775196.0,272133.0,1.644969,0.56481,FRA,CIV,0342
54364,81,44,675,2000.0,4637.0,117907.0,2.099928,0.564025,GBR,CIV,0342
54365,83,44,675,2000.0,878115.0,292249.0,-1.092586,-0.8195030000000001,GHA,CIV,0342
54366,85,44,675,2000.0,2981630.0,0.0,-1.632607,-1.261362,GIN,CIV,0342
54367,88,44,675,2000.0,216274.0,0.0,-2.176519,-1.1193549999999999,GNB,CIV,0342
54368,103,44,675,2000.0,29460.0,0.0,0.05846799999999999,1.577531,IDN,CIV,0342
54369,104,44,675,2000.0,16704.0,0.0,0.323006,2.3446860000000003,IND,CIV,0342
54370,106,44,675,2000.0,380444.0,0.0,1.647548,0.34018899999999996,IRL,CIV,0342
54371,121,44,675,2000.0,1811098.0,0.0,1.248356,1.000666,KOR,CIV,0342
54372,134,44,675,2000.0,918340.0,0.0,-0.5460510000000001,-0.33865100000000004,MAR,CIV,0342
54373,141,44,675,2000.0,0.0,1270864.0,-0.38716799999999996,-0.511165,MLI,CIV,0342
54374,148,44,675,2000.0,14573166.0,0.0,-1.444615,-1.29284,MRT,CIV,0342
54375,157,44,675,2000.0,0.0,49380.0,-0.8181390000000001,-0.527107,NER,CIV,0342
54376,162,44,675,2000.0,3707080.0,9850.0,1.259257,1.595796,NLD,CIV,0342
54377,163,44,675,2000.0,362549.0,0.0,0.6499050000000001,-0.177091,NOR,CIV,0342
54378,166,44,675,2000.0,23661.0,0.0,0.419671,0.809288,NZL,CIV,0342
54379,169,44,675,2000.0,1410282.0,0.0,0.107412,0.41455600000000004,PAN,CIV,0342
54380,179,44,675,2000.0,0.0,104133.0,0.624078,1.342565,PRT,CIV,0342
54381,186,44,675,2000.0,17063970.0,0.0,0.765547,0.369255,RUS,CIV,0342
54382,191,44,675,2000.0,3366452.0,0.0,-0.449184,-0.375335,SEN,CIV,0342
54383,226,44,675,2000.0,1812751.0,0.0,-1.14198,-0.368647,TZA,CIV,0342
54384,234,44,675,2000.0,1140938.0,0.0,0.216315,-0.206287,VCT,CIV,0342
54385,246,44,675,2000.0,62933.0,0.0,0.304739,2.2212709999999998,ZAF,CIV,0342
54386,250,44,675,2000.0,0.0,68497.0,1.094325,-0.32521100000000003,ANS,CIV,0342
54387,18,45,675,2000.0,616228.0,0.0,1.382578,1.406981,BEL,CMR,0342
54388,38,45,675,2000.0,0.0,4719.0,-0.8516819999999999,-0.9873059999999999,CAF,CMR,0342
54389,41,45,675,2000.0,0.0,4554.0,2.268929,0.538191,CHE,CMR,0342
54390,44,45,675,2000.0,0.0,4951.0,-0.7955,-0.7019989999999999,CIV,CMR,0342
54391,71,45,675,2000.0,569407.0,27406.0,1.158711,1.7613189999999999,ESP,CMR,0342
54392,77,45,675,2000.0,8107.0,0.0,1.644969,0.56481,FRA,CMR,0342
54393,85,45,675,2000.0,293933.0,0.0,-1.632607,-1.261362,GIN,CMR,0342
54394,103,45,675,2000.0,37862.0,0.0,0.05846799999999999,1.577531,IDN,CMR,0342
54395,106,45,675,2000.0,324981.0,0.0,1.647548,0.34018899999999996,IRL,CMR,0342
54396,121,45,675,2000.0,0.0,97662.0,1.248356,1.000666,KOR,CMR,0342
54397,128,45,675,2000.0,425176.0,0.0,-0.497407,0.004686999999999999,LKA,CMR,0342
54398,148,45,675,2000.0,7721887.0,0.0,-1.444615,-1.29284,MRT,CMR,0342
54399,155,45,675,2000.0,2553911.0,0.0,-0.42796999999999996,-0.643361,NAM,CMR,0342
54400,162,45,675,2000.0,399052.0,0.0,1.259257,1.595796,NLD,CMR,0342
54401,163,45,675,2000.0,566951.0,0.0,0.6499050000000001,-0.177091,NOR,CMR,0342
54402,186,45,675,2000.0,408727.0,0.0,0.765547,0.369255,RUS,CMR,0342
54403,191,45,675,2000.0,3595971.0,0.0,-0.449184,-0.375335,SEN,CMR,0342
54404,250,45,675,2000.0,521704.0,0.0,1.094325,-0.32521100000000003,ANS,CMR,0342
54405,8,80,675,2000.0,30550.0,0.0,0.140533,0.888049,ARG,GAB,0342
54406,43,80,675,2000.0,0.0,105257.0,0.43423,2.461961,CHN,GAB,0342
54407,71,80,675,2000.0,0.0,348855.0,1.158711,1.7613189999999999,ESP,GAB,0342
54408,77,80,675,2000.0,11507.0,2388.0,1.644969,0.56481,FRA,GAB,0342
54409,97,80,675,2000.0,0.0,2177.0,0.564112,1.776282,HKG,GAB,0342
54410,106,80,675,2000.0,27828.0,0.0,1.647548,0.34018899999999996,IRL,GAB,0342
54411,114,80,675,2000.0,0.0,722566.0,2.8218240000000003,0.255803,JPN,GAB,0342
54412,121,80,675,2000.0,9280.0,211930.0,1.248356,1.000666,KOR,GAB,0342
54413,134,80,675,2000.0,45905.0,0.0,-0.5460510000000001,-0.33865100000000004,MAR,GAB,0342
54414,148,80,675,2000.0,118123.0,0.0,-1.444615,-1.29284,MRT,GAB,0342
54415,162,80,675,2000.0,714506.0,0.0,1.259257,1.595796,NLD,GAB,0342
54416,163,80,675,2000.0,2688.0,0.0,0.6499050000000001,-0.177091,NOR,GAB,0342
54417,191,80,675,2000.0,1658411.0,0.0,-0.449184,-0.375335,SEN,GAB,0342
54418,18,131,675,2000.0,281493.0,65562.0,1.382578,1.406981,BEL,LUX,0342
54419,61,131,675,2000.0,82116.0,57541.0,2.3753580000000003,-2.4481029999999997,DEU,LUX,0342
54420,64,131,675,2000.0,77325.0,200653.0,1.312843,1.4304370000000002,DNK,LUX,0342
54421,71,131,675,2000.0,136421.0,0.0,1.158711,1.7613189999999999,ESP,LUX,0342
54422,77,131,675,2000.0,177835.0,18781.0,1.644969,0.56481,FRA,LUX,0342
54423,107,131,675,2000.0,26411.0,0.0,-0.8148770000000001,-1.040305,IRN,LUX,0342
54424,109,131,675,2000.0,2678.0,0.0,-0.070436,-0.5575439999999999,ISL,LUX,0342
54425,111,131,675,2000.0,4863.0,1785.0,1.51508,0.818283,ITA,LUX,0342
54426,162,131,675,2000.0,9737.0,0.0,1.259257,1.595796,NLD,LUX,0342
54427,163,131,675,2000.0,8427.0,0.0,0.6499050000000001,-0.177091,NOR,LUX,0342
54428,179,131,675,2000.0,323828.0,0.0,0.624078,1.342565,PRT,LUX,0342
54429,207,131,675,2000.0,0.0,4895.0,1.485695,1.122069,SVN,LUX,0342
54430,8,134,675,2000.0,14732.0,0.0,0.140533,0.888049,ARG,MAR,0342
54431,14,134,675,2000.0,0.0,10654.0,0.039636000000000005,1.001203,AUS,MAR,0342
54432,18,134,675,2000.0,0.0,7530.0,1.382578,1.406981,BEL,MAR,0342
54433,23,134,675,2000.0,0.0,10237.0,0.47338800000000003,1.7633599999999998,BGR,MAR,0342
54434,39,134,675,2000.0,49297.0,347588.0,1.069101,1.284017,CAN,MAR,0342
54435,41,134,675,2000.0,0.0,66785.0,2.268929,0.538191,CHE,MAR,0342
54436,42,134,675,2000.0,0.0,69010.0,-0.011509,0.0031190000000000002,CHL,MAR,0342
54437,43,134,675,2000.0,0.0,125917.0,0.43423,2.461961,CHN,MAR,0342
54438,44,134,675,2000.0,0.0,918340.0,-0.7955,-0.7019989999999999,CIV,MAR,0342
54439,47,134,675,2000.0,0.0,28987.0,-1.7116900000000002,-1.270469,COG,MAR,0342
54440,61,134,675,2000.0,0.0,5374.0,2.3753580000000003,-2.4481029999999997,DEU,MAR,0342
54441,64,134,675,2000.0,13909.0,0.0,1.312843,1.4304370000000002,DNK,MAR,0342
54442,66,134,675,2000.0,0.0,10321.0,-0.9876940000000001,-1.194216,DZA,MAR,0342
54443,68,134,675,2000.0,0.0,1107149.0,-0.365578,0.01634,EGY,MAR,0342
54444,71,134,675,2000.0,945158.0,11640236.0,1.158711,1.7613189999999999,ESP,MAR,0342
54445,77,134,675,2000.0,49082.0,1939993.0,1.644969,0.56481,FRA,MAR,0342
54446,80,134,675,2000.0,0.0,45905.0,-0.798345,-1.1725450000000002,GAB,MAR,0342
54447,81,134,675,2000.0,78968.0,1236049.0,2.099928,0.564025,GBR,MAR,0342
54448,85,134,675,2000.0,0.0,11686.0,-1.632607,-1.261362,GIN,MAR,0342
54449,87,134,675,2000.0,0.0,26600.0,-0.33173400000000003,-0.43841499999999994,GMB,MAR,0342
54450,89,134,675,2000.0,0.0,303688.0,-2.374006,-1.056431,GNQ,MAR,0342
54451,90,134,675,2000.0,0.0,431769.0,0.26193,1.607656,GRC,MAR,0342
54452,100,134,675,2000.0,0.0,44787.0,0.640015,1.1175899999999999,HRV,MAR,0342
54453,111,134,675,2000.0,0.0,3197424.0,1.51508,0.818283,ITA,MAR,0342
54454,114,134,675,2000.0,0.0,1012759.0,2.8218240000000003,0.255803,JPN,MAR,0342
54455,121,134,675,2000.0,29541.0,2992.0,1.248356,1.000666,KOR,MAR,0342
54456,124,134,675,2000.0,0.0,406434.0,0.139623,1.095387,LBN,MAR,0342
54457,142,134,675,2000.0,0.0,15013.0,0.8771450000000001,-0.013614,MLT,MAR,0342
54458,159,134,675,2000.0,0.0,633592.0,-2.192487,-1.30587,NGA,MAR,0342
54459,162,134,675,2000.0,441300.0,201522.0,1.259257,1.595796,NLD,MAR,0342
54460,163,134,675,2000.0,39295.0,0.0,0.6499050000000001,-0.177091,NOR,MAR,0342
54461,174,134,675,2000.0,0.0,771805.0,-0.010024,-0.368702,PHL,MAR,0342
54462,179,134,675,2000.0,0.0,324529.0,0.624078,1.342565,PRT,MAR,0342
54463,189,134,675,2000.0,0.0,16123.0,0.484573,2.767036,SCG,MAR,0342
54464,191,134,675,2000.0,314466.0,0.0,-0.449184,-0.375335,SEN,MAR,0342
54465,207,134,675,2000.0,0.0,5927.0,1.485695,1.122069,SVN,MAR,0342
54466,208,134,675,2000.0,3928.0,0.0,2.087984,0.811167,SWE,MAR,0342
54467,223,134,675,2000.0,0.0,23804.0,-0.061203999999999995,0.149345,TUN,MAR,0342
54468,224,134,675,2000.0,0.0,105672.0,0.127924,2.039773,TUR,MAR,0342
54469,228,134,675,2000.0,1481459.0,0.0,0.622654,1.191971,UKR,MAR,0342
54470,230,134,675,2000.0,0.0,48485.0,0.18688,0.575136,URY,MAR,0342
54471,231,134,675,2000.0,17403.0,89755.0,1.9869709999999998,0.021666,USA,MAR,0342
54472,44,141,675,2000.0,1270864.0,0.0,-0.7955,-0.7019989999999999,CIV,MLI,0342
54473,77,141,675,2000.0,0.0,18830.0,1.644969,0.56481,FRA,MLI,0342
54474,85,141,675,2000.0,3589.0,0.0,-1.632607,-1.261362,GIN,MLI,0342
54475,90,141,675,2000.0,0.0,36701.0,0.26193,1.607656,GRC,MLI,0342
54476,191,141,675,2000.0,254551.0,0.0,-0.449184,-0.375335,SEN,MLI,0342
54477,22,147,675,2000.0,47695.0,0.0,-0.8757879999999999,-0.95126,BGD,MOZ,0342
54478,71,147,675,2000.0,1276.0,1290404.0,1.158711,1.7613189999999999,ESP,MOZ,0342
54479,155,147,675,2000.0,1660297.0,0.0,-0.42796999999999996,-0.643361,NAM,MOZ,0342
54480,162,147,675,2000.0,64192.0,0.0,1.259257,1.595796,NLD,MOZ,0342
54481,179,147,675,2000.0,84877.0,1329.0,0.624078,1.342565,PRT,MOZ,0342
54482,192,147,675,2000.0,0.0,83560.0,1.5432860000000002,0.519856,SGP,MOZ,0342
54483,209,147,675,2000.0,5296.0,1555.0,0.265079,-0.277499,SWZ,MOZ,0342
54484,246,147,675,2000.0,4738431.0,184509.0,0.304739,2.2212709999999998,ZAF,MOZ,0342
54485,248,147,675,2000.0,0.0,5640.0,-0.43871899999999997,0.491989,ZWE,MOZ,0342
54486,2,155,675,2000.0,0.0,48068.0,-1.9108209999999999,-1.2573379999999998,AGO,NAM,0342
54487,14,155,675,2000.0,0.0,613359.0,0.039636000000000005,1.001203,AUS,NAM,0342
54488,18,155,675,2000.0,0.0,566314.0,1.382578,1.406981,BEL,NAM,0342
54489,29,155,675,2000.0,140352.0,3249.0,-0.762942,-0.794567,BLZ,NAM,0342
54490,37,155,675,2000.0,0.0,20212.0,-0.203984,-1.053587,BWA,NAM,0342
54491,42,155,675,2000.0,1561626.0,0.0,-0.011509,0.0031190000000000002,CHL,NAM,0342
54492,43,155,675,2000.0,324486.0,270349.0,0.43423,2.461961,CHN,NAM,0342
54493,45,155,675,2000.0,0.0,2553911.0,-1.6617520000000001,-1.264815,CMR,NAM,0342
54494,47,155,675,2000.0,0.0,395850.0,-1.7116900000000002,-1.270469,COG,NAM,0342
54495,58,155,675,2000.0,163824.0,0.0,0.264835,0.268755,CYP,NAM,0342
54496,61,155,675,2000.0,41378.0,115039.0,2.3753580000000003,-2.4481029999999997,DEU,NAM,0342
54497,64,155,675,2000.0,0.0,176576.0,1.312843,1.4304370000000002,DNK,NAM,0342
54498,71,155,675,2000.0,382961.0,54476520.0,1.158711,1.7613189999999999,ESP,NAM,0342
54499,77,155,675,2000.0,0.0,2053480.0,1.644969,0.56481,FRA,NAM,0342
54500,81,155,675,2000.0,0.0,310605.0,2.099928,0.564025,GBR,NAM,0342
54501,90,155,675,2000.0,0.0,222167.0,0.26193,1.607656,GRC,NAM,0342
54502,97,155,675,2000.0,0.0,63480.0,0.564112,1.776282,HKG,NAM,0342
54503,111,155,675,2000.0,0.0,7158120.0,1.51508,0.818283,ITA,NAM,0342
54504,113,155,675,2000.0,0.0,444194.0,0.677723,1.497694,JOR,NAM,0342
54505,114,155,675,2000.0,14823.0,3260672.0,2.8218240000000003,0.255803,JPN,NAM,0342
54506,116,155,675,2000.0,0.0,71626.0,-0.554244,-0.1757,KEN,NAM,0342
54507,118,155,675,2000.0,0.0,357746.0,-0.9248430000000001,-1.071231,KHM,NAM,0342
54508,147,155,675,2000.0,0.0,1660297.0,-0.774857,-0.792454,MOZ,NAM,0342
54509,151,155,675,2000.0,114917.0,96789.0,-0.472778,-0.6301760000000001,MUS,NAM,0342
54510,152,155,675,2000.0,0.0,27814.0,-1.128603,-1.026119,MWI,NAM,0342
54511,153,155,675,2000.0,0.0,167402.0,0.789007,0.16084600000000002,MYS,NAM,0342
54512,159,155,675,2000.0,0.0,2276132.0,-2.192487,-1.30587,NGA,NAM,0342
54513,162,155,675,2000.0,0.0,1238499.0,1.259257,1.595796,NLD,NAM,0342
54514,163,155,675,2000.0,31296.0,0.0,0.6499050000000001,-0.177091,NOR,NAM,0342
54515,169,155,675,2000.0,5241.0,7188.0,0.107412,0.41455600000000004,PAN,NAM,0342
54516,177,155,675,2000.0,0.0,91098.0,0.9513659999999999,1.8445669999999998,POL,NAM,0342
54517,179,155,675,2000.0,71098.0,1680420.0,0.624078,1.342565,PRT,NAM,0342
54518,186,155,675,2000.0,1837530.0,3734.0,0.765547,0.369255,RUS,NAM,0342
54519,192,155,675,2000.0,0.0,358927.0,1.5432860000000002,0.519856,SGP,NAM,0342
54520,203,155,675,2000.0,2960.0,0.0,0.602001,-0.31771,STP,NAM,0342
54521,216,155,675,2000.0,0.0,27519.0,0.505423,1.358217,THA,NAM,0342
54522,226,155,675,2000.0,23079.0,115310.0,-1.14198,-0.368647,TZA,NAM,0342
54523,228,155,675,2000.0,13097.0,0.0,0.622654,1.191971,UKR,NAM,0342
54524,230,155,675,2000.0,128590.0,0.0,0.18688,0.575136,URY,NAM,0342
54525,231,155,675,2000.0,4074.0,7220468.0,1.9869709999999998,0.021666,USA,NAM,0342
54526,234,155,675,2000.0,2743377.0,28893.0,0.216315,-0.206287,VCT,NAM,0342
54527,246,155,675,2000.0,3849424.0,1143667.0,0.304739,2.2212709999999998,ZAF,NAM,0342
54528,247,155,675,2000.0,0.0,28327.0,-0.6563060000000001,-0.5822069999999999,ZMB,NAM,0342
54529,248,155,675,2000.0,0.0,1242916.0,-0.43871899999999997,0.491989,ZWE,NAM,0342
54530,249,155,675,2000.0,34909.0,34938.0,1.642139,1.2375639999999999,TWN,NAM,0342
54531,250,155,675,2000.0,0.0,24903.0,1.094325,-0.32521100000000003,ANS,NAM,0342
54532,2,159,675,2000.0,811982.0,0.0,-1.9108209999999999,-1.2573379999999998,AGO,NGA,0342
54533,4,159,675,2000.0,842527.0,0.0,-0.123951,0.21450300000000003,ALB,NGA,0342
54534,6,159,675,2000.0,5540288.0,0.0,0.25759099999999996,-0.555668,ANT,NGA,0342
54535,8,159,675,2000.0,901648.0,0.0,0.140533,0.888049,ARG,NGA,0342
54536,14,159,675,2000.0,21365.0,0.0,0.039636000000000005,1.001203,AUS,NGA,0342
54537,18,159,675,2000.0,5610942.0,0.0,1.382578,1.406981,BEL,NGA,0342
54538,19,159,675,2000.0,0.0,8417.0,-0.8717870000000001,-0.788797,BEN,NGA,0342
54539,23,159,675,2000.0,411333.0,0.0,0.47338800000000003,1.7633599999999998,BGR,NGA,0342
54540,28,159,675,2000.0,722658.0,0.0,0.7323649999999999,1.1536170000000001,BLR,NGA,0342
54541,32,159,675,2000.0,586108.0,0.0,0.853466,1.28277,BRA,NGA,0342
54542,42,159,675,2000.0,1610411.0,0.0,-0.011509,0.0031190000000000002,CHL,NGA,0342
54543,43,159,675,2000.0,1055904.0,0.0,0.43423,2.461961,CHN,NGA,0342
54544,47,159,675,2000.0,971235.0,0.0,-1.7116900000000002,-1.270469,COG,NGA,0342
54545,61,159,675,2000.0,536262.0,0.0,2.3753580000000003,-2.4481029999999997,DEU,NGA,0342
54546,64,159,675,2000.0,871998.0,0.0,1.312843,1.4304370000000002,DNK,NGA,0342
54547,66,159,675,2000.0,0.0,2480.0,-0.9876940000000001,-1.194216,DZA,NGA,0342
54548,68,159,675,2000.0,183924.0,0.0,-0.365578,0.01634,EGY,NGA,0342
54549,71,159,675,2000.0,11017187.0,0.0,1.158711,1.7613189999999999,ESP,NGA,0342
54550,77,159,675,2000.0,1134812.0,52579.0,1.644969,0.56481,FRA,NGA,0342
54551,78,159,675,2000.0,779933.0,0.0,-0.25500700000000004,-0.823207,FRO,NGA,0342
54552,81,159,675,2000.0,15651934.0,977601.0,2.099928,0.564025,GBR,NGA,0342
54553,83,159,675,2000.0,0.0,212211.0,-1.092586,-0.8195030000000001,GHA,NGA,0342
54554,85,159,675,2000.0,540187.0,0.0,-1.632607,-1.261362,GIN,NGA,0342
54555,88,159,675,2000.0,403814.0,0.0,-2.176519,-1.1193549999999999,GNB,NGA,0342
54556,103,159,675,2000.0,594504.0,0.0,0.05846799999999999,1.577531,IDN,NGA,0342
54557,104,159,675,2000.0,611998.0,0.0,0.323006,2.3446860000000003,IND,NGA,0342
54558,106,159,675,2000.0,2285535.0,0.0,1.647548,0.34018899999999996,IRL,NGA,0342
54559,110,159,675,2000.0,167201.0,0.0,1.4153870000000002,0.828117,ISR,NGA,0342
54560,111,159,675,2000.0,1290616.0,0.0,1.51508,0.818283,ITA,NGA,0342
54561,121,159,675,2000.0,1328296.0,48513.0,1.248356,1.000666,KOR,NGA,0342
54562,134,159,675,2000.0,633592.0,0.0,-0.5460510000000001,-0.33865100000000004,MAR,NGA,0342
54563,138,159,675,2000.0,348742.0,0.0,0.9020379999999999,0.671139,MEX,NGA,0342
54564,148,159,675,2000.0,23389562.0,0.0,-1.444615,-1.29284,MRT,NGA,0342
54565,151,159,675,2000.0,1285695.0,0.0,-0.472778,-0.6301760000000001,MUS,NGA,0342
54566,153,159,675,2000.0,0.0,25067.0,0.789007,0.16084600000000002,MYS,NGA,0342
54567,155,159,675,2000.0,2276132.0,0.0,-0.42796999999999996,-0.643361,NAM,NGA,0342
54568,157,159,675,2000.0,0.0,4571.0,-0.8181390000000001,-0.527107,NER,NGA,0342
54569,162,159,675,2000.0,60432404.0,49822.0,1.259257,1.595796,NLD,NGA,0342
54570,163,159,675,2000.0,2876427.0,0.0,0.6499050000000001,-0.177091,NOR,NGA,0342
54571,165,159,675,2000.0,829123.0,0.0,1.203534,-0.409035,NRU,NGA,0342
54572,175,159,675,2000.0,318640.0,0.0,-0.880814,-1.054585,PLW,NGA,0342
54573,177,159,675,2000.0,1631852.0,0.0,0.9513659999999999,1.8445669999999998,POL,NGA,0342
54574,179,159,675,2000.0,0.0,3401.0,0.624078,1.342565,PRT,NGA,0342
54575,186,159,675,2000.0,254759.0,0.0,0.765547,0.369255,RUS,NGA,0342
54576,188,159,675,2000.0,212891.0,0.0,0.005864,-0.983202,SAU,NGA,0342
54577,191,159,675,2000.0,104519.0,0.0,-0.449184,-0.375335,SEN,NGA,0342
54578,192,159,675,2000.0,4968.0,0.0,1.5432860000000002,0.519856,SGP,NGA,0342
54579,215,159,675,2000.0,187459.0,0.0,-0.741812,-0.6781550000000001,TGO,NGA,0342
54580,226,159,675,2000.0,35922.0,0.0,-1.14198,-0.368647,TZA,NGA,0342
54581,230,159,675,2000.0,770056.0,0.0,0.18688,0.575136,URY,NGA,0342
54582,231,159,675,2000.0,19193848.0,0.0,1.9869709999999998,0.021666,USA,NGA,0342
54583,246,159,675,2000.0,3283271.0,0.0,0.304739,2.2212709999999998,ZAF,NGA,0342
54584,248,159,675,2000.0,244709.0,0.0,-0.43871899999999997,0.491989,ZWE,NGA,0342
54585,8,180,675,2000.0,12256.0,0.0,0.140533,0.888049,ARG,PRY,0342
54586,32,180,675,2000.0,19023.0,38908.0,0.853466,1.28277,BRA,PRY,0342
54587,42,180,675,2000.0,26715.0,0.0,-0.011509,0.0031190000000000002,CHL,PRY,0342
54588,230,180,675,2000.0,11645.0,0.0,0.18688,0.575136,URY,PRY,0342
54589,246,180,675,2000.0,5069.0,0.0,0.304739,2.2212709999999998,ZAF,PRY,0342
54590,51,203,675,2000.0,10554.0,0.0,0.358579,-0.238117,CPV,STP,0342
54591,114,203,675,2000.0,0.0,317149.0,2.8218240000000003,0.255803,JPN,STP,0342
54592,155,203,675,2000.0,0.0,2960.0,-0.42796999999999996,-0.643361,NAM,STP,0342
54593,179,203,675,2000.0,4265.0,6380263.0,0.624078,1.342565,PRT,STP,0342
54594,192,203,675,2000.0,0.0,999932.0,1.5432860000000002,0.519856,SGP,STP,0342
54595,64,209,675,2000.0,6666.0,0.0,1.312843,1.4304370000000002,DNK,SWZ,0342
54596,97,209,675,2000.0,0.0,48932.0,0.564112,1.776282,HKG,SWZ,0342
54597,147,209,675,2000.0,1555.0,5296.0,-0.774857,-0.792454,MOZ,SWZ,0342
54598,216,209,675,2000.0,7177.0,0.0,0.505423,1.358217,THA,SWZ,0342
54599,246,209,675,2000.0,1940850.0,3065.0,0.304739,2.2212709999999998,ZAF,SWZ,0342
54600,7,226,675,2000.0,0.0,15418.0,-0.421385,-0.675566,ARE,TZA,0342
54601,17,226,675,2000.0,0.0,2308.0,-1.104559,-0.979765,BDI,TZA,0342
54602,18,226,675,2000.0,0.0,387020.0,1.382578,1.406981,BEL,TZA,0342
54603,43,226,675,2000.0,0.0,39792.0,0.43423,2.461961,CHN,TZA,0342
54604,44,226,675,2000.0,0.0,1812751.0,-0.7955,-0.7019989999999999,CIV,TZA,0342
54605,58,226,675,2000.0,0.0,23656.0,0.264835,0.268755,CYP,TZA,0342
54606,71,226,675,2000.0,0.0,171537.0,1.158711,1.7613189999999999,ESP,TZA,0342
54607,84,226,675,2000.0,0.0,208749.0,0.726867,-0.177457,GIB,TZA,0342
54608,90,226,675,2000.0,0.0,149129.0,0.26193,1.607656,GRC,TZA,0342
54609,97,226,675,2000.0,0.0,628490.0,0.564112,1.776282,HKG,TZA,0342
54610,106,226,675,2000.0,0.0,331258.0,1.647548,0.34018899999999996,IRL,TZA,0342
54611,111,226,675,2000.0,0.0,93561.0,1.51508,0.818283,ITA,TZA,0342
54612,114,226,675,2000.0,0.0,18853.0,2.8218240000000003,0.255803,JPN,TZA,0342
54613,116,226,675,2000.0,0.0,150389.0,-0.554244,-0.1757,KEN,TZA,0342
54614,136,226,675,2000.0,8968.0,0.0,-1.082986,-0.614482,MDG,TZA,0342
54615,151,226,675,2000.0,0.0,4209.0,-0.472778,-0.6301760000000001,MUS,TZA,0342
54616,155,226,675,2000.0,115310.0,23079.0,-0.42796999999999996,-0.643361,NAM,TZA,0342
54617,159,226,675,2000.0,0.0,35922.0,-2.192487,-1.30587,NGA,TZA,0342
54618,162,226,675,2000.0,0.0,1028958.0,1.259257,1.595796,NLD,TZA,0342
54619,163,226,675,2000.0,0.0,1690.0,0.6499050000000001,-0.177091,NOR,TZA,0342
54620,177,226,675,2000.0,0.0,208260.0,0.9513659999999999,1.8445669999999998,POL,TZA,0342
54621,179,226,675,2000.0,0.0,2659030.0,0.624078,1.342565,PRT,TZA,0342
54622,216,226,675,2000.0,0.0,212535.0,0.505423,1.358217,THA,TZA,0342
54623,227,226,675,2000.0,0.0,1734.0,-1.275188,-0.9400639999999999,UGA,TZA,0342
54624,236,226,675,2000.0,0.0,67490.0,-0.12500999999999998,-0.8610610000000001,VEN,TZA,0342
54625,8,230,675,2000.0,72956.0,312010.0,0.140533,0.888049,ARG,URY,0342
54626,18,230,675,2000.0,0.0,254953.0,1.382578,1.406981,BEL,URY,0342
54627,28,230,675,2000.0,0.0,7040.0,0.7323649999999999,1.1536170000000001,BLR,URY,0342
54628,31,230,675,2000.0,8402.0,0.0,-0.400861,-0.41780900000000004,BOL,URY,0342
54629,32,230,675,2000.0,6150.0,4897404.0,0.853466,1.28277,BRA,URY,0342
54630,39,230,675,2000.0,0.0,3217036.0,1.069101,1.284017,CAN,URY,0342
54631,42,230,675,2000.0,391839.0,415272.0,-0.011509,0.0031190000000000002,CHL,URY,0342
54632,43,230,675,2000.0,52273.0,13327305.0,0.43423,2.461961,CHN,URY,0342
54633,52,230,675,2000.0,0.0,8873.0,-0.136989,-0.190298,CRI,URY,0342
54634,54,230,675,2000.0,0.0,40667.0,-0.800886,-1.133715,CUB,URY,0342
54635,61,230,675,2000.0,0.0,207825.0,2.3753580000000003,-2.4481029999999997,DEU,URY,0342
54636,65,230,675,2000.0,0.0,22068.0,-0.5679569999999999,-0.61125,DOM,URY,0342
54637,67,230,675,2000.0,50224.0,0.0,-1.016643,-0.8385469999999999,ECU,URY,0342
54638,68,230,675,2000.0,0.0,186592.0,-0.365578,0.01634,EGY,URY,0342
54639,71,230,675,2000.0,105842.0,3321904.0,1.158711,1.7613189999999999,ESP,URY,0342
54640,77,230,675,2000.0,0.0,522745.0,1.644969,0.56481,FRA,URY,0342
54641,81,230,675,2000.0,0.0,328343.0,2.099928,0.564025,GBR,URY,0342
54642,90,230,675,2000.0,0.0,78746.0,0.26193,1.607656,GRC,URY,0342
54643,97,230,675,2000.0,0.0,2490674.0,0.564112,1.776282,HKG,URY,0342
54644,100,230,675,2000.0,0.0,20206.0,0.640015,1.1175899999999999,HRV,URY,0342
54645,102,230,675,2000.0,0.0,17366.0,1.047497,1.284513,HUN,URY,0342
54646,110,230,675,2000.0,0.0,1576537.0,1.4153870000000002,0.828117,ISR,URY,0342
54647,111,230,675,2000.0,0.0,1266247.0,1.51508,0.818283,ITA,URY,0342
54648,113,230,675,2000.0,0.0,128317.0,0.677723,1.497694,JOR,URY,0342
54649,114,230,675,2000.0,364154.0,5935112.0,2.8218240000000003,0.255803,JPN,URY,0342
54650,121,230,675,2000.0,0.0,1815704.0,1.248356,1.000666,KOR,URY,0342
54651,130,230,675,2000.0,0.0,205111.0,0.22767199999999999,0.794208,LTU,URY,0342
54652,134,230,675,2000.0,48485.0,0.0,-0.5460510000000001,-0.33865100000000004,MAR,URY,0342
54653,138,230,675,2000.0,33251.0,0.0,0.9020379999999999,0.671139,MEX,URY,0342
54654,153,230,675,2000.0,0.0,106491.0,0.789007,0.16084600000000002,MYS,URY,0342
54655,155,230,675,2000.0,0.0,128590.0,-0.42796999999999996,-0.643361,NAM,URY,0342
54656,159,230,675,2000.0,0.0,770056.0,-2.192487,-1.30587,NGA,URY,0342
54657,162,230,675,2000.0,0.0,184944.0,1.259257,1.595796,NLD,URY,0342
54658,166,230,675,2000.0,11627.0,0.0,0.419671,0.809288,NZL,URY,0342
54659,169,230,675,2000.0,67857.0,0.0,0.107412,0.41455600000000004,PAN,URY,0342
54660,173,230,675,2000.0,23014.0,0.0,-0.390278,-0.018691,PER,URY,0342
54661,177,230,675,2000.0,0.0,31826.0,0.9513659999999999,1.8445669999999998,POL,URY,0342
54662,178,230,675,2000.0,0.0,70209.0,0.795818,1.089874,PRK,URY,0342
54663,179,230,675,2000.0,0.0,499085.0,0.624078,1.342565,PRT,URY,0342
54664,180,230,675,2000.0,0.0,11645.0,-0.82839,-0.8787010000000001,PRY,URY,0342
54665,186,230,675,2000.0,0.0,239902.0,0.765547,0.369255,RUS,URY,0342
54666,188,230,675,2000.0,0.0,489590.0,0.005864,-0.983202,SAU,URY,0342
54667,189,230,675,2000.0,0.0,20274.0,0.484573,2.767036,SCG,URY,0342
54668,192,230,675,2000.0,0.0,1549086.0,1.5432860000000002,0.519856,SGP,URY,0342
54669,216,230,675,2000.0,0.0,15810.0,0.505423,1.358217,THA,URY,0342
54670,231,230,675,2000.0,61028.0,14494731.0,1.9869709999999998,0.021666,USA,URY,0342
54671,236,230,675,2000.0,42244.0,0.0,-0.12500999999999998,-0.8610610000000001,VEN,URY,0342
54672,246,230,675,2000.0,110572.0,0.0,0.304739,2.2212709999999998,ZAF,URY,0342
54673,249,230,675,2000.0,1122482.0,235736.0,1.642139,1.2375639999999999,TWN,URY,0342
54674,2,246,675,2000.0,0.0,119943.0,-1.9108209999999999,-1.2573379999999998,AGO,ZAF,0342
54675,6,246,675,2000.0,0.0,11642.0,0.25759099999999996,-0.555668,ANT,ZAF,0342
54676,8,246,675,2000.0,145977.0,13232.0,0.140533,0.888049,ARG,ZAF,0342
54677,14,246,675,2000.0,26952.0,2481932.0,0.039636000000000005,1.001203,AUS,ZAF,0342
54678,18,246,675,2000.0,0.0,363184.0,1.382578,1.406981,BEL,ZAF,0342
54679,22,246,675,2000.0,28948.0,0.0,-0.8757879999999999,-0.95126,BGD,ZAF,0342
54680,30,246,675,2000.0,0.0,3828.0,0.770323,-0.5255350000000001,BMU,ZAF,0342
54681,32,246,675,2000.0,0.0,33443.0,0.853466,1.28277,BRA,ZAF,0342
54682,37,246,675,2000.0,0.0,457390.0,-0.203984,-1.053587,BWA,ZAF,0342
54683,39,246,675,2000.0,248120.0,265552.0,1.069101,1.284017,CAN,ZAF,0342
54684,41,246,675,2000.0,0.0,147435.0,2.268929,0.538191,CHE,ZAF,0342
54685,42,246,675,2000.0,314390.0,0.0,-0.011509,0.0031190000000000002,CHL,ZAF,0342
54686,43,246,675,2000.0,75540.0,1058542.0,0.43423,2.461961,CHN,ZAF,0342
54687,44,246,675,2000.0,0.0,62933.0,-0.7955,-0.7019989999999999,CIV,ZAF,0342
54688,46,246,675,2000.0,0.0,573752.0,-0.814385,-1.049396,COD,ZAF,0342
54689,47,246,675,2000.0,0.0,9157.0,-1.7116900000000002,-1.270469,COG,ZAF,0342
54690,58,246,675,2000.0,0.0,12631.0,0.264835,0.268755,CYP,ZAF,0342
54691,61,246,675,2000.0,0.0,1237298.0,2.3753580000000003,-2.4481029999999997,DEU,ZAF,0342
54692,64,246,675,2000.0,0.0,39503.0,1.312843,1.4304370000000002,DNK,ZAF,0342
54693,67,246,675,2000.0,34865.0,0.0,-1.016643,-0.8385469999999999,ECU,ZAF,0342
54694,71,246,675,2000.0,171739.0,14192827.0,1.158711,1.7613189999999999,ESP,ZAF,0342
54695,73,246,675,2000.0,0.0,13974.0,-1.1137629999999998,-1.020996,ETH,ZAF,0342
54696,75,246,675,2000.0,0.0,27928.0,-0.775963,-0.28976999999999997,FJI,ZAF,0342
54697,77,246,675,2000.0,0.0,1989505.0,1.644969,0.56481,FRA,ZAF,0342
54698,81,246,675,2000.0,69748.0,531840.0,2.099928,0.564025,GBR,ZAF,0342
54699,83,246,675,2000.0,0.0,454084.0,-1.092586,-0.8195030000000001,GHA,ZAF,0342
54700,87,246,675,2000.0,41007.0,0.0,-0.33173400000000003,-0.43841499999999994,GMB,ZAF,0342
54701,90,246,675,2000.0,26660.0,191449.0,0.26193,1.607656,GRC,ZAF,0342
54702,97,246,675,2000.0,8769.0,1726982.0,0.564112,1.776282,HKG,ZAF,0342
54703,103,246,675,2000.0,250783.0,6396.0,0.05846799999999999,1.577531,IDN,ZAF,0342
54704,104,246,675,2000.0,581009.0,0.0,0.323006,2.3446860000000003,IND,ZAF,0342
54705,110,246,675,2000.0,0.0,85944.0,1.4153870000000002,0.828117,ISR,ZAF,0342
54706,111,246,675,2000.0,0.0,10133745.0,1.51508,0.818283,ITA,ZAF,0342
54707,113,246,675,2000.0,0.0,275343.0,0.677723,1.497694,JOR,ZAF,0342
54708,114,246,675,2000.0,4291880.0,4495218.0,2.8218240000000003,0.255803,JPN,ZAF,0342
54709,116,246,675,2000.0,0.0,3445.0,-0.554244,-0.1757,KEN,ZAF,0342
54710,121,246,675,2000.0,316719.0,1453080.0,1.248356,1.000666,KOR,ZAF,0342
54711,124,246,675,2000.0,0.0,41915.0,0.139623,1.095387,LBN,ZAF,0342
54712,129,246,675,2000.0,0.0,555272.0,-0.67732,-0.9360229999999999,LSO,ZAF,0342
54713,130,246,675,2000.0,0.0,6190.0,0.22767199999999999,0.794208,LTU,ZAF,0342
54714,133,246,675,2000.0,0.0,3897.0,-0.19656300000000002,-0.519896,MAC,ZAF,0342
54715,142,246,675,2000.0,0.0,22434.0,0.8771450000000001,-0.013614,MLT,ZAF,0342
54716,147,246,675,2000.0,184509.0,4738431.0,-0.774857,-0.792454,MOZ,ZAF,0342
54717,151,246,675,2000.0,0.0,903667.0,-0.472778,-0.6301760000000001,MUS,ZAF,0342
54718,152,246,675,2000.0,0.0,45378.0,-1.128603,-1.026119,MWI,ZAF,0342
54719,153,246,675,2000.0,0.0,3041313.0,0.789007,0.16084600000000002,MYS,ZAF,0342
54720,155,246,675,2000.0,1143667.0,3849424.0,-0.42796999999999996,-0.643361,NAM,ZAF,0342
54721,159,246,675,2000.0,0.0,3283271.0,-2.192487,-1.30587,NGA,ZAF,0342
54722,162,246,675,2000.0,106479.0,94200.0,1.259257,1.595796,NLD,ZAF,0342
54723,163,246,675,2000.0,916621.0,0.0,0.6499050000000001,-0.177091,NOR,ZAF,0342
54724,166,246,675,2000.0,994797.0,982589.0,0.419671,0.809288,NZL,ZAF,0342
54725,167,246,675,2000.0,19240.0,0.0,-1.291169,-1.3004040000000001,OMN,ZAF,0342
54726,168,246,675,2000.0,151441.0,38853.0,-0.76763,-0.435066,PAK,ZAF,0342
54727,169,246,675,2000.0,0.0,15331.0,0.107412,0.41455600000000004,PAN,ZAF,0342
54728,173,246,675,2000.0,187559.0,0.0,-0.390278,-0.018691,PER,ZAF,0342
54729,174,246,675,2000.0,150346.0,9159.0,-0.010024,-0.368702,PHL,ZAF,0342
54730,176,246,675,2000.0,0.0,15291.0,-1.31124,-1.127378,PNG,ZAF,0342
54731,179,246,675,2000.0,162944.0,8607115.0,0.624078,1.342565,PRT,ZAF,0342
54732,180,246,675,2000.0,0.0,5069.0,-0.82839,-0.8787010000000001,PRY,ZAF,0342
54733,186,246,675,2000.0,150383.0,31032.0,0.765547,0.369255,RUS,ZAF,0342
54734,191,246,675,2000.0,210430.0,0.0,-0.449184,-0.375335,SEN,ZAF,0342
54735,192,246,675,2000.0,593056.0,1648192.0,1.5432860000000002,0.519856,SGP,ZAF,0342
54736,194,246,675,2000.0,0.0,5682.0,1.2709540000000001,0.296809,SHN,ZAF,0342
54737,207,246,675,2000.0,0.0,39135.0,1.485695,1.122069,SVN,ZAF,0342
54738,209,246,675,2000.0,3065.0,1940850.0,0.265079,-0.277499,SWZ,ZAF,0342
54739,211,246,675,2000.0,0.0,113492.0,-0.868394,-0.9754459999999999,SYC,ZAF,0342
54740,216,246,675,2000.0,0.0,2614780.0,0.505423,1.358217,THA,ZAF,0342
54741,223,246,675,2000.0,0.0,14638.0,-0.061203999999999995,0.149345,TUN,ZAF,0342
54742,227,246,675,2000.0,0.0,6497.0,-1.275188,-0.9400639999999999,UGA,ZAF,0342
54743,230,246,675,2000.0,0.0,110572.0,0.18688,0.575136,URY,ZAF,0342
54744,231,246,675,2000.0,909088.0,8225706.0,1.9869709999999998,0.021666,USA,ZAF,0342
54745,236,246,675,2000.0,0.0,20748.0,-0.12500999999999998,-0.8610610000000001,VEN,ZAF,0342
54746,247,246,675,2000.0,0.0,98403.0,-0.6563060000000001,-0.5822069999999999,ZMB,ZAF,0342
54747,248,246,675,2000.0,1003.0,1267449.0,-0.43871899999999997,0.491989,ZWE,ZAF,0342
54748,249,246,675,2000.0,3203758.0,404686.0,1.642139,1.2375639999999999,TWN,ZAF,0342
54749,250,246,675,2000.0,69536.0,4246.0,1.094325,-0.32521100000000003,ANS,ZAF,0342
54750,37,247,675,2000.0,0.0,91506.0,-0.203984,-1.053587,BWA,ZMB,0342
54751,46,247,675,2000.0,0.0,286347.0,-0.814385,-1.049396,COD,ZMB,0342
54752,104,247,675,2000.0,0.0,1770.0,0.323006,2.3446860000000003,IND,ZMB,0342
54753,152,247,675,2000.0,0.0,1226.0,-1.128603,-1.026119,MWI,ZMB,0342
54754,155,247,675,2000.0,28327.0,0.0,-0.42796999999999996,-0.643361,NAM,ZMB,0342
54755,246,247,675,2000.0,98403.0,0.0,0.304739,2.2212709999999998,ZAF,ZMB,0342
54756,248,247,675,2000.0,45451.0,0.0,-0.43871899999999997,0.491989,ZWE,ZMB,0342
54757,18,248,675,2000.0,0.0,15494.0,1.382578,1.406981,BEL,ZWE,0342
54758,37,248,675,2000.0,0.0,3160.0,-0.203984,-1.053587,BWA,ZWE,0342
54759,64,248,675,2000.0,0.0,32434.0,1.312843,1.4304370000000002,DNK,ZWE,0342
54760,77,248,675,2000.0,0.0,1881445.0,1.644969,0.56481,FRA,ZWE,0342
54761,83,248,675,2000.0,0.0,92752.0,-1.092586,-0.8195030000000001,GHA,ZWE,0342
54762,147,248,675,2000.0,5640.0,0.0,-0.774857,-0.792454,MOZ,ZWE,0342
54763,152,248,675,2000.0,0.0,15587.0,-1.128603,-1.026119,MWI,ZWE,0342
54764,155,248,675,2000.0,1242916.0,0.0,-0.42796999999999996,-0.643361,NAM,ZWE,0342
54765,159,248,675,2000.0,0.0,244709.0,-2.192487,-1.30587,NGA,ZWE,0342
54766,162,248,675,2000.0,0.0,515804.0,1.259257,1.595796,NLD,ZWE,0342
54767,246,248,675,2000.0,1267449.0,1003.0,0.304739,2.2212709999999998,ZAF,ZWE,0342
54768,247,248,675,2000.0,0.0,45451.0,-0.6563060000000001,-0.5822069999999999,ZMB,ZWE,0342
54769,8,65,675,2000.0,152175.0,0.0,0.140533,0.888049,ARG,DOM,0342
54770,18,65,675,2000.0,20081.0,0.0,1.382578,1.406981,BEL,DOM,0342
54771,32,65,675,2000.0,86815.0,0.0,0.853466,1.28277,BRA,DOM,0342
54772,42,65,675,2000.0,9761.0,0.0,-0.011509,0.0031190000000000002,CHL,DOM,0342
54773,67,65,675,2000.0,252624.0,0.0,-1.016643,-0.8385469999999999,ECU,DOM,0342
54774,71,65,675,2000.0,355115.0,0.0,1.158711,1.7613189999999999,ESP,DOM,0342
54775,96,65,675,2000.0,4013.0,0.0,-0.7425069999999999,-0.892847,GUY,DOM,0342
54776,104,65,675,2000.0,125163.0,0.0,0.323006,2.3446860000000003,IND,DOM,0342
54777,138,65,675,2000.0,60770.0,0.0,0.9020379999999999,0.671139,MEX,DOM,0342
54778,162,65,675,2000.0,12896.0,0.0,1.259257,1.595796,NLD,DOM,0342
54779,163,65,675,2000.0,70137.0,0.0,0.6499050000000001,-0.177091,NOR,DOM,0342
54780,169,65,675,2000.0,34303.0,0.0,0.107412,0.41455600000000004,PAN,DOM,0342
54781,173,65,675,2000.0,89885.0,0.0,-0.390278,-0.018691,PER,DOM,0342
54782,192,65,675,2000.0,42437.0,0.0,1.5432860000000002,0.519856,SGP,DOM,0342
54783,230,65,675,2000.0,22068.0,0.0,0.18688,0.575136,URY,DOM,0342
54784,231,65,675,2000.0,1008766.0,30390.0,1.9869709999999998,0.021666,USA,DOM,0342
54785,249,65,675,2000.0,301645.0,0.0,1.642139,1.2375639999999999,TWN,DOM,0342
54786,14,75,675,2000.0,85938.0,142591.0,0.039636000000000005,1.001203,AUS,FJI,0342
54787,39,75,675,2000.0,21903.0,30360.0,1.069101,1.284017,CAN,FJI,0342
54788,43,75,675,2000.0,184627.0,37423.0,0.43423,2.461961,CHN,FJI,0342
54789,77,75,675,2000.0,0.0,104487.0,1.644969,0.56481,FRA,FJI,0342
54790,97,75,675,2000.0,13499.0,794118.0,0.564112,1.776282,HKG,FJI,0342
54791,103,75,675,2000.0,181767.0,0.0,0.05846799999999999,1.577531,IDN,FJI,0342
54792,114,75,675,2000.0,1516216.0,47211.0,2.8218240000000003,0.255803,JPN,FJI,0342
54793,121,75,675,2000.0,268133.0,238256.0,1.248356,1.000666,KOR,FJI,0342
54794,153,75,675,2000.0,0.0,205666.0,0.789007,0.16084600000000002,MYS,FJI,0342
54795,166,75,675,2000.0,1374798.0,6610.0,0.419671,0.809288,NZL,FJI,0342
54796,173,75,675,2000.0,53529.0,0.0,-0.390278,-0.018691,PER,FJI,0342
54797,192,75,675,2000.0,0.0,45619.0,1.5432860000000002,0.519856,SGP,FJI,0342
54798,231,75,675,2000.0,154750.0,4862145.0,1.9869709999999998,0.021666,USA,FJI,0342
54799,239,75,675,2000.0,70000.0,0.0,-0.589009,0.518708,VNM,FJI,0342
54800,246,75,675,2000.0,27928.0,0.0,0.304739,2.2212709999999998,ZAF,FJI,0342
54801,249,75,675,2000.0,137042.0,1489.0,1.642139,1.2375639999999999,TWN,FJI,0342
54802,250,75,675,2000.0,0.0,204438.0,1.094325,-0.32521100000000003,ANS,FJI,0342
54803,8,110,675,2000.0,1398990.0,0.0,0.140533,0.888049,ARG,ISR,0342
54804,14,110,675,2000.0,30899.0,0.0,0.039636000000000005,1.001203,AUS,ISR,0342
54805,18,110,675,2000.0,42676.0,0.0,1.382578,1.406981,BEL,ISR,0342
54806,32,110,675,2000.0,160754.0,0.0,0.853466,1.28277,BRA,ISR,0342
54807,39,110,675,2000.0,139781.0,0.0,1.069101,1.284017,CAN,ISR,0342
54808,41,110,675,2000.0,0.0,27253.0,2.268929,0.538191,CHE,ISR,0342
54809,42,110,675,2000.0,620987.0,0.0,-0.011509,0.0031190000000000002,CHL,ISR,0342
54810,58,110,675,2000.0,0.0,46444.0,0.264835,0.268755,CYP,ISR,0342
54811,61,110,675,2000.0,600701.0,0.0,2.3753580000000003,-2.4481029999999997,DEU,ISR,0342
54812,64,110,675,2000.0,474039.0,0.0,1.312843,1.4304370000000002,DNK,ISR,0342
54813,71,110,675,2000.0,324883.0,7640.0,1.158711,1.7613189999999999,ESP,ISR,0342
54814,77,110,675,2000.0,28946.0,433408.0,1.644969,0.56481,FRA,ISR,0342
54815,81,110,675,2000.0,322301.0,33069.0,2.099928,0.564025,GBR,ISR,0342
54816,83,110,675,2000.0,0.0,1149.0,-1.092586,-0.8195030000000001,GHA,ISR,0342
54817,90,110,675,2000.0,127071.0,27604.0,0.26193,1.607656,GRC,ISR,0342
54818,100,110,675,2000.0,0.0,3969.0,0.640015,1.1175899999999999,HRV,ISR,0342
54819,102,110,675,2000.0,266904.0,0.0,1.047497,1.284513,HUN,ISR,0342
54820,104,110,675,2000.0,50391.0,0.0,0.323006,2.3446860000000003,IND,ISR,0342
54821,106,110,675,2000.0,73929.0,0.0,1.647548,0.34018899999999996,IRL,ISR,0342
54822,109,110,675,2000.0,1096137.0,0.0,-0.070436,-0.5575439999999999,ISL,ISR,0342
54823,111,110,675,2000.0,0.0,236194.0,1.51508,0.818283,ITA,ISR,0342
54824,113,110,675,2000.0,50182.0,0.0,0.677723,1.497694,JOR,ISR,0342
54825,116,110,675,2000.0,442929.0,0.0,-0.554244,-0.1757,KEN,ISR,0342
54826,130,110,675,2000.0,18700.0,0.0,0.22767199999999999,0.794208,LTU,ISR,0342
54827,132,110,675,2000.0,13078.0,0.0,0.27229699999999996,0.402929,LVA,ISR,0342
54828,159,110,675,2000.0,0.0,167201.0,-2.192487,-1.30587,NGA,ISR,0342
54829,162,110,675,2000.0,1175874.0,99515.0,1.259257,1.595796,NLD,ISR,0342
54830,163,110,675,2000.0,13009290.0,0.0,0.6499050000000001,-0.177091,NOR,ISR,0342
54831,166,110,675,2000.0,21545.0,0.0,0.419671,0.809288,NZL,ISR,0342
54832,167,110,675,2000.0,45147.0,0.0,-1.291169,-1.3004040000000001,OMN,ISR,0342
54833,173,110,675,2000.0,8109.0,0.0,-0.390278,-0.018691,PER,ISR,0342
54834,179,110,675,2000.0,49677.0,0.0,0.624078,1.342565,PRT,ISR,0342
54835,186,110,675,2000.0,180474.0,0.0,0.765547,0.369255,RUS,ISR,0342
54836,189,110,675,2000.0,0.0,2606.0,0.484573,2.767036,SCG,ISR,0342
54837,192,110,675,2000.0,2480052.0,0.0,1.5432860000000002,0.519856,SGP,ISR,0342
54838,207,110,675,2000.0,0.0,1742.0,1.485695,1.122069,SVN,ISR,0342
54839,208,110,675,2000.0,36607.0,0.0,2.087984,0.811167,SWE,ISR,0342
54840,216,110,675,2000.0,273947.0,39612.0,0.505423,1.358217,THA,ISR,0342
54841,228,110,675,2000.0,14105.0,0.0,0.622654,1.191971,UKR,ISR,0342
54842,230,110,675,2000.0,1576537.0,0.0,0.18688,0.575136,URY,ISR,0342
54843,231,110,675,2000.0,2709297.0,8748.0,1.9869709999999998,0.021666,USA,ISR,0342
54844,246,110,675,2000.0,85944.0,0.0,0.304739,2.2212709999999998,ZAF,ISR,0342
54845,249,110,675,2000.0,35337.0,2488.0,1.642139,1.2375639999999999,TWN,ISR,0342
54846,250,110,675,2000.0,8472.0,200000.0,1.094325,-0.32521100000000003,ANS,ISR,0342
54847,6,120,675,2000.0,246660.0,0.0,0.25759099999999996,-0.555668,ANT,KNA,0342
54848,39,120,675,2000.0,4660.0,0.0,1.069101,1.284017,CAN,KNA,0342
54849,77,120,675,2000.0,11033.0,0.0,1.644969,0.56481,FRA,KNA,0342
54850,81,120,675,2000.0,2700.0,0.0,2.099928,0.564025,GBR,KNA,0342
54851,96,120,675,2000.0,3768.0,0.0,-0.7425069999999999,-0.892847,GUY,KNA,0342
54852,222,120,675,2000.0,57699.0,0.0,0.011104000000000001,-0.831385,TTO,KNA,0342
54853,231,120,675,2000.0,186484.0,0.0,1.9869709999999998,0.021666,USA,KNA,0342
54854,33,127,675,2000.0,1613.0,0.0,0.610079,0.267843,BRB,LCA,0342
54855,42,127,675,2000.0,19781.0,0.0,-0.011509,0.0031190000000000002,CHL,LCA,0342
54856,49,127,675,2000.0,12609.0,0.0,0.12351400000000001,0.255517,COL,LCA,0342
54857,77,127,675,2000.0,1806.0,0.0,1.644969,0.56481,FRA,LCA,0342
54858,81,127,675,2000.0,35430.0,0.0,2.099928,0.564025,GBR,LCA,0342
54859,96,127,675,2000.0,15764.0,0.0,-0.7425069999999999,-0.892847,GUY,LCA,0342
54860,169,127,675,2000.0,47688.0,0.0,0.107412,0.41455600000000004,PAN,LCA,0342
54861,222,127,675,2000.0,9724.0,0.0,0.011104000000000001,-0.831385,TTO,LCA,0342
54862,231,127,675,2000.0,58445.0,0.0,1.9869709999999998,0.021666,USA,LCA,0342
54863,18,135,675,2000.0,2650.0,0.0,1.382578,1.406981,BEL,MDA,0342
54864,23,135,675,2000.0,10372.0,0.0,0.47338800000000003,1.7633599999999998,BGR,MDA,0342
54865,61,135,675,2000.0,4720.0,0.0,2.3753580000000003,-2.4481029999999997,DEU,MDA,0342
54866,71,135,675,2000.0,29311.0,0.0,1.158711,1.7613189999999999,ESP,MDA,0342
54867,72,135,675,2000.0,175817.0,0.0,0.353545,0.665942,EST,MDA,0342
54868,77,135,675,2000.0,31008.0,0.0,1.644969,0.56481,FRA,MDA,0342
54869,81,135,675,2000.0,70774.0,0.0,2.099928,0.564025,GBR,MDA,0342
54870,106,135,675,2000.0,2012.0,0.0,1.647548,0.34018899999999996,IRL,MDA,0342
54871,111,135,675,2000.0,13831.0,0.0,1.51508,0.818283,ITA,MDA,0342
54872,130,135,675,2000.0,24844.0,0.0,0.22767199999999999,0.794208,LTU,MDA,0342
54873,132,135,675,2000.0,4690.0,0.0,0.27229699999999996,0.402929,LVA,MDA,0342
54874,162,135,675,2000.0,208943.0,0.0,1.259257,1.595796,NLD,MDA,0342
54875,163,135,675,2000.0,2060436.0,0.0,0.6499050000000001,-0.177091,NOR,MDA,0342
54876,177,135,675,2000.0,1120391.0,0.0,0.9513659999999999,1.8445669999999998,POL,MDA,0342
54877,185,135,675,2000.0,7845.0,0.0,0.55594,1.054573,ROU,MDA,0342
54878,186,135,675,2000.0,388785.0,0.0,0.765547,0.369255,RUS,MDA,0342
54879,208,135,675,2000.0,3711.0,0.0,2.087984,0.811167,SWE,MDA,0342
54880,228,135,675,2000.0,79358.0,0.0,0.622654,1.191971,UKR,MDA,0342
54881,130,9,675,2000.0,0.0,3676.0,0.22767199999999999,0.794208,LTU,ARM,0342
54882,186,9,675,2000.0,5325.0,2376.0,0.765547,0.369255,RUS,ARM,0342
54883,16,82,675,2000.0,2442.0,0.0,-0.36515,-0.8104979999999999,AZE,GEO,0342
54884,18,82,675,2000.0,44350.0,0.0,1.382578,1.406981,BEL,GEO,0342
54885,23,82,675,2000.0,376778.0,0.0,0.47338800000000003,1.7633599999999998,BGR,GEO,0342
54886,28,82,675,2000.0,0.0,4002.0,0.7323649999999999,1.1536170000000001,BLR,GEO,0342
54887,77,82,675,2000.0,0.0,19151.0,1.644969,0.56481,FRA,GEO,0342
54888,90,82,675,2000.0,2553.0,0.0,0.26193,1.607656,GRC,GEO,0342
54889,115,82,675,2000.0,4322.0,0.0,-0.16554100000000002,-0.70523,KAZ,GEO,0342
54890,162,82,675,2000.0,28826.0,0.0,1.259257,1.595796,NLD,GEO,0342
54891,163,82,675,2000.0,33985.0,0.0,0.6499050000000001,-0.177091,NOR,GEO,0342
54892,186,82,675,2000.0,76145.0,57312.0,0.765547,0.369255,RUS,GEO,0342
54893,224,82,675,2000.0,3557.0,0.0,0.127924,2.039773,TUR,GEO,0342
54894,228,82,675,2000.0,162923.0,56292.0,0.622654,1.191971,UKR,GEO,0342
54895,231,82,675,2000.0,41728.0,0.0,1.9869709999999998,0.021666,USA,GEO,0342
54896,8,100,675,2000.0,84814.0,0.0,0.140533,0.888049,ARG,HRV,0342
54897,18,100,675,2000.0,31212.0,0.0,1.382578,1.406981,BEL,HRV,0342
54898,26,100,675,2000.0,0.0,34971.0,0.167776,0.32192,BIH,HRV,0342
54899,39,100,675,2000.0,10480.0,0.0,1.069101,1.284017,CAN,HRV,0342
54900,42,100,675,2000.0,13861.0,0.0,-0.011509,0.0031190000000000002,CHL,HRV,0342
54901,43,100,675,2000.0,10581.0,0.0,0.43423,2.461961,CHN,HRV,0342
54902,61,100,675,2000.0,103442.0,0.0,2.3753580000000003,-2.4481029999999997,DEU,HRV,0342
54903,64,100,675,2000.0,445579.0,0.0,1.312843,1.4304370000000002,DNK,HRV,0342
54904,71,100,675,2000.0,660915.0,0.0,1.158711,1.7613189999999999,ESP,HRV,0342
54905,72,100,675,2000.0,13079.0,0.0,0.353545,0.665942,EST,HRV,0342
54906,76,100,675,2000.0,4903.0,0.0,0.10759,-0.8671260000000001,FLK,HRV,0342
54907,77,100,675,2000.0,211312.0,0.0,1.644969,0.56481,FRA,HRV,0342
54908,81,100,675,2000.0,19982.0,0.0,2.099928,0.564025,GBR,HRV,0342
54909,92,100,675,2000.0,326900.0,0.0,-0.365398,-0.849985,GRL,HRV,0342
54910,106,100,675,2000.0,141688.0,0.0,1.647548,0.34018899999999996,IRL,HRV,0342
54911,109,100,675,2000.0,194631.0,0.0,-0.070436,-0.5575439999999999,ISL,HRV,0342
54912,110,100,675,2000.0,3969.0,0.0,1.4153870000000002,0.828117,ISR,HRV,0342
54913,111,100,675,2000.0,1291910.0,8413.0,1.51508,0.818283,ITA,HRV,0342
54914,114,100,675,2000.0,0.0,9709203.0,2.8218240000000003,0.255803,JPN,HRV,0342
54915,121,100,675,2000.0,7694.0,0.0,1.248356,1.000666,KOR,HRV,0342
54916,130,100,675,2000.0,8525.0,0.0,0.22767199999999999,0.794208,LTU,HRV,0342
54917,134,100,675,2000.0,44787.0,0.0,-0.5460510000000001,-0.33865100000000004,MAR,HRV,0342
54918,138,100,675,2000.0,18365.0,0.0,0.9020379999999999,0.671139,MEX,HRV,0342
54919,148,100,675,2000.0,433886.0,0.0,-1.444615,-1.29284,MRT,HRV,0342
54920,162,100,675,2000.0,617397.0,872141.0,1.259257,1.595796,NLD,HRV,0342
54921,163,100,675,2000.0,37750.0,0.0,0.6499050000000001,-0.177091,NOR,HRV,0342
54922,173,100,675,2000.0,69691.0,0.0,-0.390278,-0.018691,PER,HRV,0342
54923,177,100,675,2000.0,1011420.0,3885.0,0.9513659999999999,1.8445669999999998,POL,HRV,0342
54924,179,100,675,2000.0,69749.0,0.0,0.624078,1.342565,PRT,HRV,0342
54925,186,100,675,2000.0,52224.0,0.0,0.765547,0.369255,RUS,HRV,0342
54926,189,100,675,2000.0,0.0,145338.0,0.484573,2.767036,SCG,HRV,0342
54927,207,100,675,2000.0,101702.0,33532.0,1.485695,1.122069,SVN,HRV,0342
54928,208,100,675,2000.0,1120087.0,0.0,2.087984,0.811167,SWE,HRV,0342
54929,224,100,675,2000.0,1728.0,0.0,0.127924,2.039773,TUR,HRV,0342
54930,230,100,675,2000.0,20206.0,0.0,0.18688,0.575136,URY,HRV,0342
54931,231,100,675,2000.0,111668.0,0.0,1.9869709999999998,0.021666,USA,HRV,0342
54932,49,126,675,2000.0,449304.0,0.0,0.12351400000000001,0.255517,COL,LBY,0342
54933,71,126,675,2000.0,149605.0,0.0,1.158711,1.7613189999999999,ESP,LBY,0342
54934,114,126,675,2000.0,0.0,6433832.0,2.8218240000000003,0.255803,JPN,LBY,0342
54935,121,126,675,2000.0,212824.0,500361.0,1.248356,1.000666,KOR,LBY,0342
54936,142,126,675,2000.0,28427.0,0.0,0.8771450000000001,-0.013614,MLT,LBY,0342
54937,162,126,675,2000.0,20261.0,0.0,1.259257,1.595796,NLD,LBY,0342
54938,192,126,675,2000.0,56826.0,0.0,1.5432860000000002,0.519856,SGP,LBY,0342
54939,8,140,675,2000.0,111244.0,0.0,0.140533,0.888049,ARG,MKD,0342
54940,14,140,675,2000.0,2053.0,0.0,0.039636000000000005,1.001203,AUS,MKD,0342
54941,23,140,675,2000.0,5079.0,5935.0,0.47338800000000003,1.7633599999999998,BGR,MKD,0342
54942,58,140,675,2000.0,11104.0,0.0,0.264835,0.268755,CYP,MKD,0342
54943,61,140,675,2000.0,52169.0,0.0,2.3753580000000003,-2.4481029999999997,DEU,MKD,0342
54944,71,140,675,2000.0,62580.0,0.0,1.158711,1.7613189999999999,ESP,MKD,0342
54945,77,140,675,2000.0,226241.0,0.0,1.644969,0.56481,FRA,MKD,0342
54946,81,140,675,2000.0,12906.0,0.0,2.099928,0.564025,GBR,MKD,0342
54947,90,140,675,2000.0,92544.0,0.0,0.26193,1.607656,GRC,MKD,0342
54948,106,140,675,2000.0,47607.0,0.0,1.647548,0.34018899999999996,IRL,MKD,0342
54949,111,140,675,2000.0,26742.0,0.0,1.51508,0.818283,ITA,MKD,0342
54950,153,140,675,2000.0,2574.0,0.0,0.789007,0.16084600000000002,MYS,MKD,0342
54951,162,140,675,2000.0,212996.0,0.0,1.259257,1.595796,NLD,MKD,0342
54952,163,140,675,2000.0,115793.0,0.0,0.6499050000000001,-0.177091,NOR,MKD,0342
54953,166,140,675,2000.0,97836.0,0.0,0.419671,0.809288,NZL,MKD,0342
54954,173,140,675,2000.0,136923.0,0.0,-0.390278,-0.018691,PER,MKD,0342
54955,177,140,675,2000.0,36306.0,0.0,0.9513659999999999,1.8445669999999998,POL,MKD,0342
54956,179,140,675,2000.0,15514.0,0.0,0.624078,1.342565,PRT,MKD,0342
54957,186,140,675,2000.0,45397.0,0.0,0.765547,0.369255,RUS,MKD,0342
54958,192,140,675,2000.0,1028.0,0.0,1.5432860000000002,0.519856,SGP,MKD,0342
54959,231,140,675,2000.0,35820.0,0.0,1.9869709999999998,0.021666,USA,MKD,0342
54960,7,142,675,2000.0,35102.0,0.0,-0.421385,-0.675566,ARE,MLT,0342
54961,8,142,675,2000.0,41373.0,0.0,0.140533,0.888049,ARG,MLT,0342
54962,18,142,675,2000.0,65687.0,0.0,1.382578,1.406981,BEL,MLT,0342
54963,23,142,675,2000.0,2697.0,0.0,0.47338800000000003,1.7633599999999998,BGR,MLT,0342
54964,39,142,675,2000.0,1605.0,0.0,1.069101,1.284017,CAN,MLT,0342
54965,64,142,675,2000.0,62590.0,0.0,1.312843,1.4304370000000002,DNK,MLT,0342
54966,71,142,675,2000.0,219118.0,0.0,1.158711,1.7613189999999999,ESP,MLT,0342
54967,81,142,675,2000.0,335250.0,0.0,2.099928,0.564025,GBR,MLT,0342
54968,83,142,675,2000.0,0.0,779353.0,-1.092586,-0.8195030000000001,GHA,MLT,0342
54969,90,142,675,2000.0,4828.0,0.0,0.26193,1.607656,GRC,MLT,0342
54970,97,142,675,2000.0,8522.0,0.0,0.564112,1.776282,HKG,MLT,0342
54971,111,142,675,2000.0,892708.0,83864.0,1.51508,0.818283,ITA,MLT,0342
54972,114,142,675,2000.0,2615.0,1604207.0,2.8218240000000003,0.255803,JPN,MLT,0342
54973,121,142,675,2000.0,4395.0,409075.0,1.248356,1.000666,KOR,MLT,0342
54974,126,142,675,2000.0,0.0,28427.0,-0.8606719999999999,-1.188626,LBY,MLT,0342
54975,134,142,675,2000.0,15013.0,0.0,-0.5460510000000001,-0.33865100000000004,MAR,MLT,0342
54976,151,142,675,2000.0,5514.0,0.0,-0.472778,-0.6301760000000001,MUS,MLT,0342
54977,153,142,675,2000.0,4238.0,0.0,0.789007,0.16084600000000002,MYS,MLT,0342
54978,162,142,675,2000.0,262986.0,0.0,1.259257,1.595796,NLD,MLT,0342
54979,163,142,675,2000.0,669665.0,0.0,0.6499050000000001,-0.177091,NOR,MLT,0342
54980,166,142,675,2000.0,2973.0,0.0,0.419671,0.809288,NZL,MLT,0342
54981,173,142,675,2000.0,1647.0,0.0,-0.390278,-0.018691,PER,MLT,0342
54982,185,142,675,2000.0,3946.0,0.0,0.55594,1.054573,ROU,MLT,0342
54983,199,142,675,2000.0,229573.0,0.0,-0.548938,-0.831367,SOM,MLT,0342
54984,216,142,675,2000.0,8590.0,0.0,0.505423,1.358217,THA,MLT,0342
54985,231,142,675,2000.0,431124.0,0.0,1.9869709999999998,0.021666,USA,MLT,0342
54986,246,142,675,2000.0,22434.0,0.0,0.304739,2.2212709999999998,ZAF,MLT,0342
54987,23,178,675,2000.0,0.0,7355.0,0.47338800000000003,1.7633599999999998,BGR,PRK,0342
54988,32,178,675,2000.0,1169145.0,0.0,0.853466,1.28277,BRA,PRK,0342
54989,42,178,675,2000.0,42024.0,0.0,-0.011509,0.0031190000000000002,CHL,PRK,0342
54990,43,178,675,2000.0,88456.0,854318.0,0.43423,2.461961,CHN,PRK,0342
54991,64,178,675,2000.0,12096.0,367951.0,1.312843,1.4304370000000002,DNK,PRK,0342
54992,67,178,675,2000.0,10635.0,0.0,-1.016643,-0.8385469999999999,ECU,PRK,0342
54993,77,178,675,2000.0,0.0,12714.0,1.644969,0.56481,FRA,PRK,0342
54994,83,178,675,2000.0,0.0,9422.0,-1.092586,-0.8195030000000001,GHA,PRK,0342
54995,97,178,675,2000.0,1451.0,0.0,0.564112,1.776282,HKG,PRK,0342
54996,104,178,675,2000.0,2463119.0,0.0,0.323006,2.3446860000000003,IND,PRK,0342
54997,114,178,675,2000.0,420782.0,3600770.0,2.8218240000000003,0.255803,JPN,PRK,0342
54998,138,178,675,2000.0,11280.0,10427.0,0.9020379999999999,0.671139,MEX,PRK,0342
54999,162,178,675,2000.0,236931.0,0.0,1.259257,1.595796,NLD,PRK,0342
55000,173,178,675,2000.0,13208.0,0.0,-0.390278,-0.018691,PER,PRK,0342
55001,188,178,675,2000.0,95467.0,0.0,0.005864,-0.983202,SAU,PRK,0342
55002,216,178,675,2000.0,66641.0,0.0,0.505423,1.358217,THA,PRK,0342
55003,230,178,675,2000.0,70209.0,0.0,0.18688,0.575136,URY,PRK,0342
55004,239,178,675,2000.0,158000.0,0.0,-0.589009,0.518708,VNM,PRK,0342
55005,8,185,675,2000.0,545274.0,0.0,0.140533,0.888049,ARG,ROU,0342
55006,15,185,675,2000.0,10216.0,0.0,1.823798,0.465513,AUT,ROU,0342
55007,23,185,675,2000.0,179449.0,8201.0,0.47338800000000003,1.7633599999999998,BGR,ROU,0342
55008,58,185,675,2000.0,40861.0,0.0,0.264835,0.268755,CYP,ROU,0342
55009,61,185,675,2000.0,56819.0,0.0,2.3753580000000003,-2.4481029999999997,DEU,ROU,0342
55010,64,185,675,2000.0,952992.0,0.0,1.312843,1.4304370000000002,DNK,ROU,0342
55011,71,185,675,2000.0,228721.0,0.0,1.158711,1.7613189999999999,ESP,ROU,0342
55012,72,185,675,2000.0,81166.0,0.0,0.353545,0.665942,EST,ROU,0342
55013,77,185,675,2000.0,95233.0,12403.0,1.644969,0.56481,FRA,ROU,0342
55014,81,185,675,2000.0,280557.0,0.0,2.099928,0.564025,GBR,ROU,0342
55015,90,185,675,2000.0,174364.0,0.0,0.26193,1.607656,GRC,ROU,0342
55016,102,185,675,2000.0,20265.0,0.0,1.047497,1.284513,HUN,ROU,0342
55017,106,185,675,2000.0,970260.0,0.0,1.647548,0.34018899999999996,IRL,ROU,0342
55018,109,185,675,2000.0,5075.0,0.0,-0.070436,-0.5575439999999999,ISL,ROU,0342
55019,111,185,675,2000.0,5594.0,0.0,1.51508,0.818283,ITA,ROU,0342
55020,121,185,675,2000.0,1658.0,0.0,1.248356,1.000666,KOR,ROU,0342
55021,130,185,675,2000.0,172045.0,0.0,0.22767199999999999,0.794208,LTU,ROU,0342
55022,135,185,675,2000.0,0.0,7845.0,0.039072,0.103148,MDA,ROU,0342
55023,142,185,675,2000.0,0.0,3946.0,0.8771450000000001,-0.013614,MLT,ROU,0342
55024,162,185,675,2000.0,2294311.0,0.0,1.259257,1.595796,NLD,ROU,0342
55025,163,185,675,2000.0,3042880.0,0.0,0.6499050000000001,-0.177091,NOR,ROU,0342
55026,166,185,675,2000.0,124958.0,0.0,0.419671,0.809288,NZL,ROU,0342
55027,169,185,675,2000.0,0.0,1000.0,0.107412,0.41455600000000004,PAN,ROU,0342
55028,173,185,675,2000.0,3049.0,0.0,-0.390278,-0.018691,PER,ROU,0342
55029,177,185,675,2000.0,839463.0,0.0,0.9513659999999999,1.8445669999999998,POL,ROU,0342
55030,186,185,675,2000.0,95671.0,0.0,0.765547,0.369255,RUS,ROU,0342
55031,208,185,675,2000.0,48305.0,0.0,2.087984,0.811167,SWE,ROU,0342
55032,231,185,675,2000.0,22755.0,0.0,1.9869709999999998,0.021666,USA,ROU,0342
55033,8,189,675,2000.0,161612.0,0.0,0.140533,0.888049,ARG,SCG,0342
55034,15,189,675,2000.0,10667.0,0.0,1.823798,0.465513,AUT,SCG,0342
55035,23,189,675,2000.0,47092.0,0.0,0.47338800000000003,1.7633599999999998,BGR,SCG,0342
55036,26,189,675,2000.0,10270.0,0.0,0.167776,0.32192,BIH,SCG,0342
55037,41,189,675,2000.0,14455.0,0.0,2.268929,0.538191,CHE,SCG,0342
55038,42,189,675,2000.0,7282.0,0.0,-0.011509,0.0031190000000000002,CHL,SCG,0342
55039,61,189,675,2000.0,359366.0,0.0,2.3753580000000003,-2.4481029999999997,DEU,SCG,0342
55040,64,189,675,2000.0,11741.0,0.0,1.312843,1.4304370000000002,DNK,SCG,0342
55041,71,189,675,2000.0,108910.0,0.0,1.158711,1.7613189999999999,ESP,SCG,0342
55042,77,189,675,2000.0,26657.0,0.0,1.644969,0.56481,FRA,SCG,0342
55043,81,189,675,2000.0,68118.0,0.0,2.099928,0.564025,GBR,SCG,0342
55044,90,189,675,2000.0,230254.0,0.0,0.26193,1.607656,GRC,SCG,0342
55045,100,189,675,2000.0,145338.0,0.0,0.640015,1.1175899999999999,HRV,SCG,0342
55046,106,189,675,2000.0,23820.0,0.0,1.647548,0.34018899999999996,IRL,SCG,0342
55047,107,189,675,2000.0,16219.0,0.0,-0.8148770000000001,-1.040305,IRN,SCG,0342
55048,110,189,675,2000.0,2606.0,0.0,1.4153870000000002,0.828117,ISR,SCG,0342
55049,111,189,675,2000.0,695525.0,0.0,1.51508,0.818283,ITA,SCG,0342
55050,134,189,675,2000.0,16123.0,0.0,-0.5460510000000001,-0.33865100000000004,MAR,SCG,0342
55051,162,189,675,2000.0,251426.0,0.0,1.259257,1.595796,NLD,SCG,0342
55052,163,189,675,2000.0,290084.0,0.0,0.6499050000000001,-0.177091,NOR,SCG,0342
55053,166,189,675,2000.0,144434.0,0.0,0.419671,0.809288,NZL,SCG,0342
55054,173,189,675,2000.0,10338.0,0.0,-0.390278,-0.018691,PER,SCG,0342
55055,177,189,675,2000.0,225625.0,0.0,0.9513659999999999,1.8445669999999998,POL,SCG,0342
55056,179,189,675,2000.0,7310.0,0.0,0.624078,1.342565,PRT,SCG,0342
55057,186,189,675,2000.0,306645.0,0.0,0.765547,0.369255,RUS,SCG,0342
55058,208,189,675,2000.0,8239.0,0.0,2.087984,0.811167,SWE,SCG,0342
55059,224,189,675,2000.0,41683.0,0.0,0.127924,2.039773,TUR,SCG,0342
55060,230,189,675,2000.0,20274.0,0.0,0.18688,0.575136,URY,SCG,0342
55061,22,212,675,2000.0,0.0,8087.0,-0.8757879999999999,-0.95126,BGD,SYR,0342
55062,162,212,675,2000.0,9213.0,0.0,1.259257,1.595796,NLD,SYR,0342
55063,163,212,675,2000.0,3365.0,0.0,0.6499050000000001,-0.177091,NOR,SYR,0342
55064,13,234,675,2000.0,0.0,1186.0,0.146899,-0.622011,ATG,VCT,0342
55065,33,234,675,2000.0,0.0,31576.0,0.610079,0.267843,BRB,VCT,0342
55066,44,234,675,2000.0,0.0,1140938.0,-0.7955,-0.7019989999999999,CIV,VCT,0342
55067,61,234,675,2000.0,0.0,11424.0,2.3753580000000003,-2.4481029999999997,DEU,VCT,0342
55068,64,234,675,2000.0,0.0,4807168.0,1.312843,1.4304370000000002,DNK,VCT,0342
55069,71,234,675,2000.0,0.0,124174.0,1.158711,1.7613189999999999,ESP,VCT,0342
55070,77,234,675,2000.0,0.0,69380.0,1.644969,0.56481,FRA,VCT,0342
55071,81,234,675,2000.0,2976.0,0.0,2.099928,0.564025,GBR,VCT,0342
55072,114,234,675,2000.0,0.0,2397598.0,2.8218240000000003,0.255803,JPN,VCT,0342
55073,155,234,675,2000.0,28893.0,2743377.0,-0.42796999999999996,-0.643361,NAM,VCT,0342
55074,216,234,675,2000.0,0.0,82639.0,0.505423,1.358217,THA,VCT,0342
55075,222,234,675,2000.0,2455.0,72522.0,0.011104000000000001,-0.831385,TTO,VCT,0342
55076,231,234,675,2000.0,0.0,61030.0,1.9869709999999998,0.021666,USA,VCT,0342
55077,249,234,675,2000.0,0.0,758971.0,1.642139,1.2375639999999999,TWN,VCT,0342
55078,8,250,675,2000.0,0.0,95321.0,0.140533,0.888049,ARG,ANS,0342
55079,21,250,675,2000.0,0.0,1660.0,-0.0024059999999999997,-0.128391,BFA,ANS,0342
55080,23,250,675,2000.0,6618.0,14723.0,0.47338800000000003,1.7633599999999998,BGR,ANS,0342
55081,38,250,675,2000.0,0.0,43160.0,-0.8516819999999999,-0.9873059999999999,CAF,ANS,0342
55082,42,250,675,2000.0,583179.0,10381.0,-0.011509,0.0031190000000000002,CHL,ANS,0342
55083,43,250,675,2000.0,149375.0,0.0,0.43423,2.461961,CHN,ANS,0342
55084,44,250,675,2000.0,68497.0,0.0,-0.7955,-0.7019989999999999,CIV,ANS,0342
55085,45,250,675,2000.0,0.0,521704.0,-1.6617520000000001,-1.264815,CMR,ANS,0342
55086,49,250,675,2000.0,34373764.0,0.0,0.12351400000000001,0.255517,COL,ANS,0342
55087,51,250,675,2000.0,27137.0,0.0,0.358579,-0.238117,CPV,ANS,0342
55088,52,250,675,2000.0,0.0,3258453.0,-0.136989,-0.190298,CRI,ANS,0342
55089,61,250,675,2000.0,17709.0,0.0,2.3753580000000003,-2.4481029999999997,DEU,ANS,0342
55090,63,250,675,2000.0,0.0,6335.0,0.8950530000000001,0.295721,DMA,ANS,0342
55091,64,250,675,2000.0,0.0,27676.0,1.312843,1.4304370000000002,DNK,ANS,0342
55092,67,250,675,2000.0,0.0,24842.0,-1.016643,-0.8385469999999999,ECU,ANS,0342
55093,68,250,675,2000.0,0.0,294886.0,-0.365578,0.01634,EGY,ANS,0342
55094,71,250,675,2000.0,354685.0,0.0,1.158711,1.7613189999999999,ESP,ANS,0342
55095,72,250,675,2000.0,0.0,91123.0,0.353545,0.665942,EST,ANS,0342
55096,75,250,675,2000.0,204438.0,0.0,-0.775963,-0.28976999999999997,FJI,ANS,0342
55097,77,250,675,2000.0,0.0,2262.0,1.644969,0.56481,FRA,ANS,0342
55098,83,250,675,2000.0,276331.0,37442332.0,-1.092586,-0.8195030000000001,GHA,ANS,0342
55099,90,250,675,2000.0,21553.0,0.0,0.26193,1.607656,GRC,ANS,0342
55100,92,250,675,2000.0,0.0,72832.0,-0.365398,-0.849985,GRL,ANS,0342
55101,106,250,675,2000.0,226344.0,21040.0,1.647548,0.34018899999999996,IRL,ANS,0342
55102,110,250,675,2000.0,200000.0,8472.0,1.4153870000000002,0.828117,ISR,ANS,0342
55103,111,250,675,2000.0,0.0,117603.0,1.51508,0.818283,ITA,ANS,0342
55104,113,250,675,2000.0,137590.0,0.0,0.677723,1.497694,JOR,ANS,0342
55105,114,250,675,2000.0,20719.0,0.0,2.8218240000000003,0.255803,JPN,ANS,0342
55106,116,250,675,2000.0,1250.0,0.0,-0.554244,-0.1757,KEN,ANS,0342
55107,121,250,675,2000.0,948562.0,675822.0,1.248356,1.000666,KOR,ANS,0342
55108,132,250,675,2000.0,0.0,1405.0,0.27229699999999996,0.402929,LVA,ANS,0342
55109,137,250,675,2000.0,0.0,4961.0,-1.070968,-1.0570469999999998,MDV,ANS,0342
55110,148,250,675,2000.0,1147620.0,0.0,-1.444615,-1.29284,MRT,ANS,0342
55111,155,250,675,2000.0,24903.0,0.0,-0.42796999999999996,-0.643361,NAM,ANS,0342
55112,156,250,675,2000.0,0.0,1881.0,-0.138942,-0.903899,NCL,ANS,0342
55113,162,250,675,2000.0,18192.0,39128.0,1.259257,1.595796,NLD,ANS,0342
55114,166,250,675,2000.0,0.0,91022.0,0.419671,0.809288,NZL,ANS,0342
55115,173,250,675,2000.0,559114.0,43232.0,-0.390278,-0.018691,PER,ANS,0342
55116,176,250,675,2000.0,27853.0,0.0,-1.31124,-1.127378,PNG,ANS,0342
55117,179,250,675,2000.0,422957.0,0.0,0.624078,1.342565,PRT,ANS,0342
55118,186,250,675,2000.0,1254.0,286798.0,0.765547,0.369255,RUS,ANS,0342
55119,191,250,675,2000.0,5801.0,0.0,-0.449184,-0.375335,SEN,ANS,0342
55120,215,250,675,2000.0,7014.0,0.0,-0.741812,-0.6781550000000001,TGO,ANS,0342
55121,216,250,675,2000.0,0.0,8746336.0,0.505423,1.358217,THA,ANS,0342
55122,222,250,675,2000.0,9050.0,0.0,0.011104000000000001,-0.831385,TTO,ANS,0342
55123,224,250,675,2000.0,122539.0,41414.0,0.127924,2.039773,TUR,ANS,0342
55124,246,250,675,2000.0,4246.0,69536.0,0.304739,2.2212709999999998,ZAF,ANS,0342
55125,249,250,675,2000.0,24183830.0,187551.0,1.642139,1.2375639999999999,TWN,ANS,0342
55126,42,63,675,2000.0,211122.0,0.0,-0.011509,0.0031190000000000002,CHL,DMA,0342
55127,96,63,675,2000.0,4297.0,0.0,-0.7425069999999999,-0.892847,GUY,DMA,0342
55128,163,63,675,2000.0,35070.0,0.0,0.6499050000000001,-0.177091,NOR,DMA,0342
55129,222,63,675,2000.0,24928.0,0.0,0.011104000000000001,-0.831385,TTO,DMA,0342
55130,231,63,675,2000.0,4180.0,0.0,1.9869709999999998,0.021666,USA,DMA,0342
55131,250,63,675,2000.0,6335.0,0.0,1.094325,-0.32521100000000003,ANS,DMA,0342
55132,8,66,675,2000.0,37566.0,0.0,0.140533,0.888049,ARG,DZA,0342
55133,43,66,675,2000.0,29457.0,0.0,0.43423,2.461961,CHN,DZA,0342
55134,61,66,675,2000.0,8766.0,0.0,2.3753580000000003,-2.4481029999999997,DEU,DZA,0342
55135,71,66,675,2000.0,3772967.0,12637.0,1.158711,1.7613189999999999,ESP,DZA,0342
55136,77,66,675,2000.0,0.0,5849.0,1.644969,0.56481,FRA,DZA,0342
55137,81,66,675,2000.0,13604.0,0.0,2.099928,0.564025,GBR,DZA,0342
55138,104,66,675,2000.0,1238.0,0.0,0.323006,2.3446860000000003,IND,DZA,0342
55139,111,66,675,2000.0,53682.0,0.0,1.51508,0.818283,ITA,DZA,0342
55140,134,66,675,2000.0,10321.0,0.0,-0.5460510000000001,-0.33865100000000004,MAR,DZA,0342
55141,148,66,675,2000.0,557299.0,0.0,-1.444615,-1.29284,MRT,DZA,0342
55142,159,66,675,2000.0,2480.0,0.0,-2.192487,-1.30587,NGA,DZA,0342
55143,173,66,675,2000.0,1351.0,0.0,-0.390278,-0.018691,PER,DZA,0342
55144,191,66,675,2000.0,33183.0,0.0,-0.449184,-0.375335,SEN,DZA,0342
55145,43,133,675,2000.0,19203.0,25765.0,0.43423,2.461961,CHN,MAC,0342
55146,81,133,675,2000.0,15039.0,0.0,2.099928,0.564025,GBR,MAC,0342
55147,97,133,675,2000.0,212634.0,37911.0,0.564112,1.776282,HKG,MAC,0342
55148,179,133,675,2000.0,101690.0,0.0,0.624078,1.342565,PRT,MAC,0342
55149,231,133,675,2000.0,1186.0,0.0,1.9869709999999998,0.021666,USA,MAC,0342
55150,246,133,675,2000.0,3897.0,0.0,0.304739,2.2212709999999998,ZAF,MAC,0342
55151,14,168,675,2000.0,0.0,13283.0,0.039636000000000005,1.001203,AUS,PAK,0342
55152,22,168,675,2000.0,29353.0,0.0,-0.8757879999999999,-0.95126,BGD,PAK,0342
55153,24,168,675,2000.0,0.0,54961.0,-0.270413,-0.882984,BHR,PAK,0342
55154,39,168,675,2000.0,0.0,31474.0,1.069101,1.284017,CAN,PAK,0342
55155,41,168,675,2000.0,0.0,2660.0,2.268929,0.538191,CHE,PAK,0342
55156,43,168,675,2000.0,0.0,5954154.0,0.43423,2.461961,CHN,PAK,0342
55157,61,168,675,2000.0,0.0,37914.0,2.3753580000000003,-2.4481029999999997,DEU,PAK,0342
55158,71,168,675,2000.0,0.0,148219.0,1.158711,1.7613189999999999,ESP,PAK,0342
55159,77,168,675,2000.0,0.0,42930.0,1.644969,0.56481,FRA,PAK,0342
55160,81,168,675,2000.0,0.0,1860908.0,2.099928,0.564025,GBR,PAK,0342
55161,90,168,675,2000.0,0.0,30416.0,0.26193,1.607656,GRC,PAK,0342
55162,97,168,675,2000.0,0.0,1264873.0,0.564112,1.776282,HKG,PAK,0342
55163,111,168,675,2000.0,0.0,83838.0,1.51508,0.818283,ITA,PAK,0342
55164,114,168,675,2000.0,0.0,2451752.0,2.8218240000000003,0.255803,JPN,PAK,0342
55165,121,168,675,2000.0,0.0,182454.0,1.248356,1.000666,KOR,PAK,0342
55166,124,168,675,2000.0,0.0,70029.0,0.139623,1.095387,LBN,PAK,0342
55167,128,168,675,2000.0,0.0,258659.0,-0.497407,0.004686999999999999,LKA,PAK,0342
55168,153,168,675,2000.0,0.0,1576822.0,0.789007,0.16084600000000002,MYS,PAK,0342
55169,162,168,675,2000.0,0.0,52334.0,1.259257,1.595796,NLD,PAK,0342
55170,163,168,675,2000.0,21666.0,0.0,0.6499050000000001,-0.177091,NOR,PAK,0342
55171,183,168,675,2000.0,0.0,211428.0,-0.534754,-1.139729,QAT,PAK,0342
55172,186,168,675,2000.0,0.0,6287.0,0.765547,0.369255,RUS,PAK,0342
55173,188,168,675,2000.0,0.0,2136230.0,0.005864,-0.983202,SAU,PAK,0342
55174,192,168,675,2000.0,1339.0,138583.0,1.5432860000000002,0.519856,SGP,PAK,0342
55175,216,168,675,2000.0,0.0,1098005.0,0.505423,1.358217,THA,PAK,0342
55176,224,168,675,2000.0,0.0,1409.0,0.127924,2.039773,TUR,PAK,0342
55177,231,168,675,2000.0,0.0,311820.0,1.9869709999999998,0.021666,USA,PAK,0342
55178,239,168,675,2000.0,0.0,160284.0,-0.589009,0.518708,VNM,PAK,0342
55179,246,168,675,2000.0,38853.0,151441.0,0.304739,2.2212709999999998,ZAF,PAK,0342
55180,249,168,675,2000.0,0.0,618267.0,1.642139,1.2375639999999999,TWN,PAK,0342
55181,93,0,675,2000.0,4508772.0,0.0,-0.37711100000000003,0.191477,GTM,ABW,0342
55182,162,0,675,2000.0,58112.0,0.0,1.259257,1.595796,NLD,ABW,0342
55183,173,0,675,2000.0,9471.0,0.0,-0.390278,-0.018691,PER,ABW,0342
55184,231,0,675,2000.0,136912.0,0.0,1.9869709999999998,0.021666,USA,ABW,0342
55185,6,3,675,2000.0,1672.0,0.0,0.25759099999999996,-0.555668,ANT,AIA,0342
55186,39,3,675,2000.0,2429.0,0.0,1.069101,1.284017,CAN,AIA,0342
55187,231,3,675,2000.0,23195.0,0.0,1.9869709999999998,0.021666,USA,AIA,0342
55188,71,4,675,2000.0,3353.0,0.0,1.158711,1.7613189999999999,ESP,ALB,0342
55189,90,4,675,2000.0,31259.0,0.0,0.26193,1.607656,GRC,ALB,0342
55190,106,4,675,2000.0,17111.0,0.0,1.647548,0.34018899999999996,IRL,ALB,0342
55191,111,4,675,2000.0,69086.0,66707.0,1.51508,0.818283,ITA,ALB,0342
55192,159,4,675,2000.0,0.0,842527.0,-2.192487,-1.30587,NGA,ALB,0342
55193,162,4,675,2000.0,9283.0,0.0,1.259257,1.595796,NLD,ALB,0342
55194,166,4,675,2000.0,6337.0,0.0,0.419671,0.809288,NZL,ALB,0342
55195,32,29,675,2000.0,0.0,144669.0,0.853466,1.28277,BRA,BLZ,0342
55196,44,29,675,2000.0,0.0,122018.0,-0.7955,-0.7019989999999999,CIV,BLZ,0342
55197,71,29,675,2000.0,0.0,15971532.0,1.158711,1.7613189999999999,ESP,BLZ,0342
55198,77,29,675,2000.0,0.0,353364.0,1.644969,0.56481,FRA,BLZ,0342
55199,90,29,675,2000.0,0.0,206598.0,0.26193,1.607656,GRC,BLZ,0342
55200,106,29,675,2000.0,0.0,43736.0,1.647548,0.34018899999999996,IRL,BLZ,0342
55201,111,29,675,2000.0,0.0,4730640.0,1.51508,0.818283,ITA,BLZ,0342
55202,112,29,675,2000.0,0.0,51857.0,-0.724729,-0.91094,JAM,BLZ,0342
55203,114,29,675,2000.0,14358.0,32555120.0,2.8218240000000003,0.255803,JPN,BLZ,0342
55204,121,29,675,2000.0,0.0,334034.0,1.248356,1.000666,KOR,BLZ,0342
55205,151,29,675,2000.0,0.0,293048.0,-0.472778,-0.6301760000000001,MUS,BLZ,0342
55206,155,29,675,2000.0,3249.0,140352.0,-0.42796999999999996,-0.643361,NAM,BLZ,0342
55207,162,29,675,2000.0,17120.0,0.0,1.259257,1.595796,NLD,BLZ,0342
55208,179,29,675,2000.0,0.0,1134861.0,0.624078,1.342565,PRT,BLZ,0342
55209,186,29,675,2000.0,235217.0,0.0,0.765547,0.369255,RUS,BLZ,0342
55210,192,29,675,2000.0,0.0,279223.0,1.5432860000000002,0.519856,SGP,BLZ,0342
55211,216,29,675,2000.0,0.0,50975.0,0.505423,1.358217,THA,BLZ,0342
55212,222,29,675,2000.0,0.0,13941.0,0.011104000000000001,-0.831385,TTO,BLZ,0342
55213,231,29,675,2000.0,0.0,7369.0,1.9869709999999998,0.021666,USA,BLZ,0342
55214,8,31,675,2000.0,8068.0,0.0,0.140533,0.888049,ARG,BOL,0342
55215,32,31,675,2000.0,0.0,2274.0,0.853466,1.28277,BRA,BOL,0342
55216,42,31,675,2000.0,34809.0,0.0,-0.011509,0.0031190000000000002,CHL,BOL,0342
55217,114,31,675,2000.0,0.0,224253.0,2.8218240000000003,0.255803,JPN,BOL,0342
55218,169,31,675,2000.0,80824.0,0.0,0.107412,0.41455600000000004,PAN,BOL,0342
55219,230,31,675,2000.0,0.0,8402.0,0.18688,0.575136,URY,BOL,0342
55220,155,37,675,2000.0,20212.0,0.0,-0.42796999999999996,-0.643361,NAM,BWA,0342
55221,246,37,675,2000.0,457390.0,0.0,0.304739,2.2212709999999998,ZAF,BWA,0342
55222,247,37,675,2000.0,91506.0,0.0,-0.6563060000000001,-0.5822069999999999,ZMB,BWA,0342
55223,248,37,675,2000.0,3160.0,0.0,-0.43871899999999997,0.491989,ZWE,BWA,0342
55224,61,73,675,2000.0,1381.0,0.0,2.3753580000000003,-2.4481029999999997,DEU,ETH,0342
55225,81,73,675,2000.0,0.0,24480.0,2.099928,0.564025,GBR,ETH,0342
55226,116,73,675,2000.0,5399.0,0.0,-0.554244,-0.1757,KEN,ETH,0342
55227,162,73,675,2000.0,1215.0,0.0,1.259257,1.595796,NLD,ETH,0342
55228,167,73,675,2000.0,3485.0,0.0,-1.291169,-1.3004040000000001,OMN,ETH,0342
55229,246,73,675,2000.0,13974.0,0.0,0.304739,2.2212709999999998,ZAF,ETH,0342
55230,33,91,675,2000.0,0.0,15525.0,0.610079,0.267843,BRB,GRD,0342
55231,77,91,675,2000.0,0.0,38064.0,1.644969,0.56481,FRA,GRD,0342
55232,96,91,675,2000.0,2706.0,0.0,-0.7425069999999999,-0.892847,GUY,GRD,0342
55233,222,91,675,2000.0,29521.0,0.0,0.011104000000000001,-0.831385,TTO,GRD,0342
55234,231,91,675,2000.0,0.0,684972.0,1.9869709999999998,0.021666,USA,GRD,0342
55235,32,99,675,2000.0,0.0,90114.0,0.853466,1.28277,BRA,HND,0342
55236,39,99,675,2000.0,0.0,14122.0,1.069101,1.284017,CAN,HND,0342
55237,52,99,675,2000.0,3983.0,179426.0,-0.136989,-0.190298,CRI,HND,0342
55238,71,99,675,2000.0,0.0,1421846.0,1.158711,1.7613189999999999,ESP,HND,0342
55239,114,99,675,2000.0,0.0,41823368.0,2.8218240000000003,0.255803,JPN,HND,0342
55240,121,99,675,2000.0,30976.0,242550.0,1.248356,1.000666,KOR,HND,0342
55241,160,99,675,2000.0,11704.0,0.0,-0.753571,-0.620488,NIC,HND,0342
55242,169,99,675,2000.0,6804.0,0.0,0.107412,0.41455600000000004,PAN,HND,0342
55243,197,99,675,2000.0,2796.0,5021.0,-0.077776,-0.084655,SLV,HND,0342
55244,231,99,675,2000.0,674087.0,656336.0,1.9869709999999998,0.021666,USA,HND,0342
55245,6,112,675,2000.0,278972.0,0.0,0.25759099999999996,-0.555668,ANT,JAM,0342
55246,14,112,675,2000.0,14697.0,0.0,0.039636000000000005,1.001203,AUS,JAM,0342
55247,29,112,675,2000.0,51857.0,0.0,-0.762942,-0.794567,BLZ,JAM,0342
55248,39,112,675,2000.0,106961.0,49952.0,1.069101,1.284017,CAN,JAM,0342
55249,57,112,675,2000.0,0.0,2911.0,0.602984,-0.688476,CYM,JAM,0342
55250,64,112,675,2000.0,55424.0,0.0,1.312843,1.4304370000000002,DNK,JAM,0342
55251,77,112,675,2000.0,1788.0,0.0,1.644969,0.56481,FRA,JAM,0342
55252,96,112,675,2000.0,4058460.0,0.0,-0.7425069999999999,-0.892847,GUY,JAM,0342
55253,109,112,675,2000.0,326833.0,0.0,-0.070436,-0.5575439999999999,ISL,JAM,0342
55254,114,112,675,2000.0,18356.0,0.0,2.8218240000000003,0.255803,JPN,JAM,0342
55255,162,112,675,2000.0,824007.0,0.0,1.259257,1.595796,NLD,JAM,0342
55256,163,112,675,2000.0,134215.0,0.0,0.6499050000000001,-0.177091,NOR,JAM,0342
55257,179,112,675,2000.0,28441.0,0.0,0.624078,1.342565,PRT,JAM,0342
55258,205,112,675,2000.0,4587306.0,0.0,-0.7238720000000001,-0.807254,SUR,JAM,0342
55259,213,112,675,2000.0,0.0,1396.0,0.978576,0.035098000000000004,TCA,JAM,0342
55260,222,112,675,2000.0,352270.0,0.0,0.011104000000000001,-0.831385,TTO,JAM,0342
55261,231,112,675,2000.0,140508.0,12538.0,1.9869709999999998,0.021666,USA,JAM,0342
55262,39,160,675,2000.0,0.0,25720.0,1.069101,1.284017,CAN,NIC,0342
55263,43,160,675,2000.0,0.0,50395.0,0.43423,2.461961,CHN,NIC,0342
55264,49,160,675,2000.0,0.0,1470.0,0.12351400000000001,0.255517,COL,NIC,0342
55265,52,160,675,2000.0,21101.0,52322.0,-0.136989,-0.190298,CRI,NIC,0342
55266,64,160,675,2000.0,41090.0,0.0,1.312843,1.4304370000000002,DNK,NIC,0342
55267,97,160,675,2000.0,0.0,63535.0,0.564112,1.776282,HKG,NIC,0342
55268,99,160,675,2000.0,0.0,11704.0,-0.756031,-0.58392,HND,NIC,0342
55269,138,160,675,2000.0,0.0,7723.0,0.9020379999999999,0.671139,MEX,NIC,0342
55270,197,160,675,2000.0,0.0,1677.0,-0.077776,-0.084655,SLV,NIC,0342
55271,231,160,675,2000.0,5845.0,808793.0,1.9869709999999998,0.021666,USA,NIC,0342
55272,236,160,675,2000.0,0.0,8000.0,-0.12500999999999998,-0.8610610000000001,VEN,NIC,0342
55273,18,205,675,2000.0,0.0,33914.0,1.382578,1.406981,BEL,SUR,0342
55274,39,205,675,2000.0,0.0,274205.0,1.069101,1.284017,CAN,SUR,0342
55275,77,205,675,2000.0,8319.0,959029.0,1.644969,0.56481,FRA,SUR,0342
55276,112,205,675,2000.0,0.0,4587306.0,-0.724729,-0.91094,JAM,SUR,0342
55277,153,205,675,2000.0,0.0,44198.0,0.789007,0.16084600000000002,MYS,SUR,0342
55278,162,205,675,2000.0,1623.0,1145955.0,1.259257,1.595796,NLD,SUR,0342
55279,231,205,675,2000.0,3999.0,916355.0,1.9869709999999998,0.021666,USA,SUR,0342
55280,236,205,675,2000.0,6208.0,213871.0,-0.12500999999999998,-0.8610610000000001,VEN,SUR,0342
55281,83,1,675,2000.0,88647.0,0.0,-1.092586,-0.8195030000000001,GHA,AFG,0342
55282,153,1,675,2000.0,0.0,2009.0,0.789007,0.16084600000000002,MYS,AFG,0342
55283,18,17,675,2000.0,1360.0,0.0,1.382578,1.406981,BEL,BDI,0342
55284,104,17,675,2000.0,8289.0,0.0,0.323006,2.3446860000000003,IND,BDI,0342
55285,226,17,675,2000.0,2308.0,0.0,-1.14198,-0.368647,TZA,BDI,0342
55286,18,19,675,2000.0,0.0,77494.0,1.382578,1.406981,BEL,BEN,0342
55287,71,19,675,2000.0,0.0,7995.0,1.158711,1.7613189999999999,ESP,BEN,0342
55288,77,19,675,2000.0,2940.0,0.0,1.644969,0.56481,FRA,BEN,0342
55289,83,19,675,2000.0,1794.0,0.0,-1.092586,-0.8195030000000001,GHA,BEN,0342
55290,90,19,675,2000.0,86848.0,0.0,0.26193,1.607656,GRC,BEN,0342
55291,106,19,675,2000.0,212518.0,0.0,1.647548,0.34018899999999996,IRL,BEN,0342
55292,148,19,675,2000.0,3781109.0,0.0,-1.444615,-1.29284,MRT,BEN,0342
55293,157,19,675,2000.0,0.0,8428.0,-0.8181390000000001,-0.527107,NER,BEN,0342
55294,159,19,675,2000.0,8417.0,0.0,-2.192487,-1.30587,NGA,BEN,0342
55295,162,19,675,2000.0,1250248.0,0.0,1.259257,1.595796,NLD,BEN,0342
55296,215,19,675,2000.0,1085531.0,31975.0,-0.741812,-0.6781550000000001,TGO,BEN,0342
55297,44,21,675,2000.0,86730.0,0.0,-0.7955,-0.7019989999999999,CIV,BFA,0342
55298,83,21,675,2000.0,141824.0,33334.0,-1.092586,-0.8195030000000001,GHA,BFA,0342
55299,148,21,675,2000.0,128190.0,0.0,-1.444615,-1.29284,MRT,BFA,0342
55300,191,21,675,2000.0,762836.0,0.0,-0.449184,-0.375335,SEN,BFA,0342
55301,215,21,675,2000.0,104614.0,0.0,-0.741812,-0.6781550000000001,TGO,BFA,0342
55302,250,21,675,2000.0,1660.0,0.0,1.094325,-0.32521100000000003,ANS,BFA,0342
55303,7,24,675,2000.0,98476.0,58511.0,-0.421385,-0.675566,ARE,BHR,0342
55304,22,24,675,2000.0,59403.0,0.0,-0.8757879999999999,-0.95126,BGD,BHR,0342
55305,58,24,675,2000.0,0.0,3032.0,0.264835,0.268755,CYP,BHR,0342
55306,77,24,675,2000.0,3255.0,0.0,1.644969,0.56481,FRA,BHR,0342
55307,81,24,675,2000.0,52704.0,0.0,2.099928,0.564025,GBR,BHR,0342
55308,103,24,675,2000.0,5827.0,0.0,0.05846799999999999,1.577531,IDN,BHR,0342
55309,104,24,675,2000.0,413881.0,0.0,0.323006,2.3446860000000003,IND,BHR,0342
55310,107,24,675,2000.0,19629.0,0.0,-0.8148770000000001,-1.040305,IRN,BHR,0342
55311,114,24,675,2000.0,11102.0,0.0,2.8218240000000003,0.255803,JPN,BHR,0342
55312,121,24,675,2000.0,37261.0,16332.0,1.248356,1.000666,KOR,BHR,0342
55313,143,24,675,2000.0,125393.0,0.0,-1.260786,-0.9277549999999999,MMR,BHR,0342
55314,153,24,675,2000.0,1261.0,0.0,0.789007,0.16084600000000002,MYS,BHR,0342
55315,162,24,675,2000.0,27027.0,0.0,1.259257,1.595796,NLD,BHR,0342
55316,163,24,675,2000.0,30005.0,0.0,0.6499050000000001,-0.177091,NOR,BHR,0342
55317,167,24,675,2000.0,24132.0,0.0,-1.291169,-1.3004040000000001,OMN,BHR,0342
55318,168,24,675,2000.0,54961.0,0.0,-0.76763,-0.435066,PAK,BHR,0342
55319,188,24,675,2000.0,41914.0,40295.0,0.005864,-0.983202,SAU,BHR,0342
55320,216,24,675,2000.0,75266.0,0.0,0.505423,1.358217,THA,BHR,0342
55321,231,24,675,2000.0,33010.0,0.0,1.9869709999999998,0.021666,USA,BHR,0342
55322,249,24,675,2000.0,86711.0,0.0,1.642139,1.2375639999999999,TWN,BHR,0342
55323,162,50,675,2000.0,6988.0,0.0,1.259257,1.595796,NLD,COM,0342
55324,8,72,675,2000.0,128923.0,0.0,0.140533,0.888049,ARG,EST,0342
55325,15,72,675,2000.0,0.0,5017.0,1.823798,0.465513,AUT,EST,0342
55326,18,72,675,2000.0,48937.0,0.0,1.382578,1.406981,BEL,EST,0342
55327,23,72,675,2000.0,0.0,7698.0,0.47338800000000003,1.7633599999999998,BGR,EST,0342
55328,28,72,675,2000.0,0.0,47448.0,0.7323649999999999,1.1536170000000001,BLR,EST,0342
55329,39,72,675,2000.0,0.0,224047.0,1.069101,1.284017,CAN,EST,0342
55330,41,72,675,2000.0,0.0,40512.0,2.268929,0.538191,CHE,EST,0342
55331,42,72,675,2000.0,3180.0,0.0,-0.011509,0.0031190000000000002,CHL,EST,0342
55332,43,72,675,2000.0,22940.0,595501.0,0.43423,2.461961,CHN,EST,0342
55333,61,72,675,2000.0,227978.0,152412.0,2.3753580000000003,-2.4481029999999997,DEU,EST,0342
55334,64,72,675,2000.0,206485.0,185964.0,1.312843,1.4304370000000002,DNK,EST,0342
55335,67,72,675,2000.0,2136.0,0.0,-1.016643,-0.8385469999999999,ECU,EST,0342
55336,71,72,675,2000.0,191352.0,182313.0,1.158711,1.7613189999999999,ESP,EST,0342
55337,74,72,675,2000.0,219248.0,244622.0,1.9705560000000002,0.874341,FIN,EST,0342
55338,77,72,675,2000.0,59793.0,15079.0,1.644969,0.56481,FRA,EST,0342
55339,81,72,675,2000.0,534719.0,0.0,2.099928,0.564025,GBR,EST,0342
55340,100,72,675,2000.0,0.0,13079.0,0.640015,1.1175899999999999,HRV,EST,0342
55341,104,72,675,2000.0,98668.0,0.0,0.323006,2.3446860000000003,IND,EST,0342
55342,109,72,675,2000.0,30040.0,0.0,-0.070436,-0.5575439999999999,ISL,EST,0342
55343,114,72,675,2000.0,0.0,1406524.0,2.8218240000000003,0.255803,JPN,EST,0342
55344,121,72,675,2000.0,0.0,748243.0,1.248356,1.000666,KOR,EST,0342
55345,128,72,675,2000.0,1346.0,0.0,-0.497407,0.004686999999999999,LKA,EST,0342
55346,130,72,675,2000.0,94115.0,21925.0,0.22767199999999999,0.794208,LTU,EST,0342
55347,132,72,675,2000.0,24299.0,438121.0,0.27229699999999996,0.402929,LVA,EST,0342
55348,135,72,675,2000.0,0.0,175817.0,0.039072,0.103148,MDA,EST,0342
55349,148,72,675,2000.0,234341.0,0.0,-1.444615,-1.29284,MRT,EST,0342
55350,162,72,675,2000.0,588090.0,230108.0,1.259257,1.595796,NLD,EST,0342
55351,163,72,675,2000.0,4367249.0,0.0,0.6499050000000001,-0.177091,NOR,EST,0342
55352,169,72,675,2000.0,0.0,5133.0,0.107412,0.41455600000000004,PAN,EST,0342
55353,173,72,675,2000.0,106412.0,0.0,-0.390278,-0.018691,PER,EST,0342
55354,177,72,675,2000.0,523351.0,0.0,0.9513659999999999,1.8445669999999998,POL,EST,0342
55355,185,72,675,2000.0,0.0,81166.0,0.55594,1.054573,ROU,EST,0342
55356,186,72,675,2000.0,805487.0,1925633.0,0.765547,0.369255,RUS,EST,0342
55357,206,72,675,2000.0,0.0,3604.0,1.3226360000000001,1.1967809999999999,SVK,EST,0342
55358,208,72,675,2000.0,888937.0,35305.0,2.087984,0.811167,SWE,EST,0342
55359,216,72,675,2000.0,8132.0,0.0,0.505423,1.358217,THA,EST,0342
55360,228,72,675,2000.0,18779.0,3183972.0,0.622654,1.191971,UKR,EST,0342
55361,231,72,675,2000.0,150971.0,307232.0,1.9869709999999998,0.021666,USA,EST,0342
55362,250,72,675,2000.0,91123.0,0.0,1.094325,-0.32521100000000003,ANS,EST,0342
55363,18,87,675,2000.0,20994.0,684889.0,1.382578,1.406981,BEL,GMB,0342
55364,39,87,675,2000.0,0.0,2814.0,1.069101,1.284017,CAN,GMB,0342
55365,61,87,675,2000.0,0.0,1482.0,2.3753580000000003,-2.4481029999999997,DEU,GMB,0342
55366,71,87,675,2000.0,0.0,4718.0,1.158711,1.7613189999999999,ESP,GMB,0342
55367,77,87,675,2000.0,0.0,5676.0,1.644969,0.56481,FRA,GMB,0342
55368,83,87,675,2000.0,0.0,283272.0,-1.092586,-0.8195030000000001,GHA,GMB,0342
55369,111,87,675,2000.0,0.0,20385.0,1.51508,0.818283,ITA,GMB,0342
55370,114,87,675,2000.0,0.0,808948.0,2.8218240000000003,0.255803,JPN,GMB,0342
55371,134,87,675,2000.0,26600.0,0.0,-0.5460510000000001,-0.33865100000000004,MAR,GMB,0342
55372,162,87,675,2000.0,0.0,12390.0,1.259257,1.595796,NLD,GMB,0342
55373,191,87,675,2000.0,0.0,2466.0,-0.449184,-0.375335,SEN,GMB,0342
55374,231,87,675,2000.0,54872.0,90557.0,1.9869709999999998,0.021666,USA,GMB,0342
55375,246,87,675,2000.0,0.0,41007.0,0.304739,2.2212709999999998,ZAF,GMB,0342
55376,15,109,675,2000.0,0.0,25702.0,1.823798,0.465513,AUT,ISL,0342
55377,18,109,675,2000.0,0.0,193862.0,1.382578,1.406981,BEL,ISL,0342
55378,28,109,675,2000.0,0.0,401074.0,0.7323649999999999,1.1536170000000001,BLR,ISL,0342
55379,32,109,675,2000.0,0.0,62011.0,0.853466,1.28277,BRA,ISL,0342
55380,39,109,675,2000.0,67458.0,2897172.0,1.069101,1.284017,CAN,ISL,0342
55381,41,109,675,2000.0,0.0,225489.0,2.268929,0.538191,CHE,ISL,0342
55382,43,109,675,2000.0,81436.0,6516630.0,0.43423,2.461961,CHN,ISL,0342
55383,58,109,675,2000.0,0.0,12863.0,0.264835,0.268755,CYP,ISL,0342
55384,59,109,675,2000.0,0.0,92934.0,1.526256,0.9255639999999999,CZE,ISL,0342
55385,61,109,675,2000.0,139399.0,2518057.0,2.3753580000000003,-2.4481029999999997,DEU,ISL,0342
55386,64,109,675,2000.0,227761.0,901043.0,1.312843,1.4304370000000002,DNK,ISL,0342
55387,71,109,675,2000.0,423897.0,3145283.0,1.158711,1.7613189999999999,ESP,ISL,0342
55388,72,109,675,2000.0,0.0,30040.0,0.353545,0.665942,EST,ISL,0342
55389,77,109,675,2000.0,0.0,4458554.0,1.644969,0.56481,FRA,ISL,0342
55390,78,109,675,2000.0,147562.0,95116.0,-0.25500700000000004,-0.823207,FRO,ISL,0342
55391,81,109,675,2000.0,86126.0,8578812.0,2.099928,0.564025,GBR,ISL,0342
55392,90,109,675,2000.0,0.0,239960.0,0.26193,1.607656,GRC,ISL,0342
55393,97,109,675,2000.0,0.0,97124.0,0.564112,1.776282,HKG,ISL,0342
55394,100,109,675,2000.0,0.0,194631.0,0.640015,1.1175899999999999,HRV,ISL,0342
55395,103,109,675,2000.0,0.0,134399.0,0.05846799999999999,1.577531,IDN,ISL,0342
55396,106,109,675,2000.0,209590.0,0.0,1.647548,0.34018899999999996,IRL,ISL,0342
55397,110,109,675,2000.0,0.0,1096137.0,1.4153870000000002,0.828117,ISR,ISL,0342
55398,111,109,675,2000.0,0.0,2593.0,1.51508,0.818283,ITA,ISL,0342
55399,112,109,675,2000.0,0.0,326833.0,-0.724729,-0.91094,JAM,ISL,0342
55400,114,109,675,2000.0,482502.0,90168048.0,2.8218240000000003,0.255803,JPN,ISL,0342
55401,121,109,675,2000.0,11122.0,1146233.0,1.248356,1.000666,KOR,ISL,0342
55402,130,109,675,2000.0,0.0,1849606.0,0.22767199999999999,0.794208,LTU,ISL,0342
55403,131,109,675,2000.0,0.0,2678.0,1.203242,1.0729790000000001,LUX,ISL,0342
55404,132,109,675,2000.0,63922.0,391803.0,0.27229699999999996,0.402929,LVA,ISL,0342
55405,153,109,675,2000.0,0.0,15482.0,0.789007,0.16084600000000002,MYS,ISL,0342
55406,162,109,675,2000.0,14155.0,4374830.0,1.259257,1.595796,NLD,ISL,0342
55407,163,109,675,2000.0,460780.0,2587092.0,0.6499050000000001,-0.177091,NOR,ISL,0342
55408,177,109,675,2000.0,0.0,956813.0,0.9513659999999999,1.8445669999999998,POL,ISL,0342
55409,179,109,675,2000.0,1222044.0,1985884.0,0.624078,1.342565,PRT,ISL,0342
55410,185,109,675,2000.0,0.0,5075.0,0.55594,1.054573,ROU,ISL,0342
55411,186,109,675,2000.0,1141596.0,810008.0,0.765547,0.369255,RUS,ISL,0342
55412,192,109,675,2000.0,0.0,64556.0,1.5432860000000002,0.519856,SGP,ISL,0342
55413,207,109,675,2000.0,0.0,71227.0,1.485695,1.122069,SVN,ISL,0342
55414,208,109,675,2000.0,0.0,201341.0,2.087984,0.811167,SWE,ISL,0342
55415,216,109,675,2000.0,2448.0,622223.0,0.505423,1.358217,THA,ISL,0342
55416,228,109,675,2000.0,0.0,1660355.0,0.622654,1.191971,UKR,ISL,0342
55417,231,109,675,2000.0,409022.0,3429086.0,1.9869709999999998,0.021666,USA,ISL,0342
55418,239,109,675,2000.0,1222.0,0.0,-0.589009,0.518708,VNM,ISL,0342
55419,249,109,675,2000.0,0.0,9637996.0,1.642139,1.2375639999999999,TWN,ISL,0342
55420,8,130,675,2000.0,574291.0,0.0,0.140533,0.888049,ARG,LTU,0342
55421,9,130,675,2000.0,3676.0,0.0,0.597113,-0.089798,ARM,LTU,0342
55422,15,130,675,2000.0,0.0,1917.0,1.823798,0.465513,AUT,LTU,0342
55423,23,130,675,2000.0,94668.0,192266.0,0.47338800000000003,1.7633599999999998,BGR,LTU,0342
55424,28,130,675,2000.0,103953.0,559434.0,0.7323649999999999,1.1536170000000001,BLR,LTU,0342
55425,39,130,675,2000.0,408446.0,30806.0,1.069101,1.284017,CAN,LTU,0342
55426,42,130,675,2000.0,79710.0,0.0,-0.011509,0.0031190000000000002,CHL,LTU,0342
55427,43,130,675,2000.0,2425.0,83882.0,0.43423,2.461961,CHN,LTU,0342
55428,59,130,675,2000.0,6786.0,0.0,1.526256,0.9255639999999999,CZE,LTU,0342
55429,61,130,675,2000.0,293338.0,57153.0,2.3753580000000003,-2.4481029999999997,DEU,LTU,0342
55430,64,130,675,2000.0,554488.0,191802.0,1.312843,1.4304370000000002,DNK,LTU,0342
55431,71,130,675,2000.0,427014.0,34422.0,1.158711,1.7613189999999999,ESP,LTU,0342
55432,72,130,675,2000.0,21925.0,94115.0,0.353545,0.665942,EST,LTU,0342
55433,74,130,675,2000.0,7612.0,0.0,1.9705560000000002,0.874341,FIN,LTU,0342
55434,77,130,675,2000.0,270646.0,49676.0,1.644969,0.56481,FRA,LTU,0342
55435,78,130,675,2000.0,423468.0,0.0,-0.25500700000000004,-0.823207,FRO,LTU,0342
55436,81,130,675,2000.0,1904762.0,6545.0,2.099928,0.564025,GBR,LTU,0342
55437,90,130,675,2000.0,0.0,66994.0,0.26193,1.607656,GRC,LTU,0342
55438,100,130,675,2000.0,0.0,8525.0,0.640015,1.1175899999999999,HRV,LTU,0342
55439,104,130,675,2000.0,1374357.0,18440.0,0.323006,2.3446860000000003,IND,LTU,0342
55440,106,130,675,2000.0,14787.0,5688.0,1.647548,0.34018899999999996,IRL,LTU,0342
55441,109,130,675,2000.0,1849606.0,0.0,-0.070436,-0.5575439999999999,ISL,LTU,0342
55442,110,130,675,2000.0,0.0,18700.0,1.4153870000000002,0.828117,ISR,LTU,0342
55443,111,130,675,2000.0,38904.0,0.0,1.51508,0.818283,ITA,LTU,0342
55444,114,130,675,2000.0,0.0,128458.0,2.8218240000000003,0.255803,JPN,LTU,0342
55445,115,130,675,2000.0,112389.0,11480.0,-0.16554100000000002,-0.70523,KAZ,LTU,0342
55446,121,130,675,2000.0,11837.0,696842.0,1.248356,1.000666,KOR,LTU,0342
55447,132,130,675,2000.0,236780.0,449227.0,0.27229699999999996,0.402929,LVA,LTU,0342
55448,135,130,675,2000.0,0.0,24844.0,0.039072,0.103148,MDA,LTU,0342
55449,148,130,675,2000.0,1956123.0,0.0,-1.444615,-1.29284,MRT,LTU,0342
55450,162,130,675,2000.0,1480644.0,137343.0,1.259257,1.595796,NLD,LTU,0342
55451,163,130,675,2000.0,8981680.0,47875.0,0.6499050000000001,-0.177091,NOR,LTU,0342
55452,173,130,675,2000.0,312915.0,0.0,-0.390278,-0.018691,PER,LTU,0342
55453,177,130,675,2000.0,110003.0,141292.0,0.9513659999999999,1.8445669999999998,POL,LTU,0342
55454,179,130,675,2000.0,48632.0,0.0,0.624078,1.342565,PRT,LTU,0342
55455,185,130,675,2000.0,0.0,172045.0,0.55594,1.054573,ROU,LTU,0342
55456,186,130,675,2000.0,1262758.0,1429282.0,0.765547,0.369255,RUS,LTU,0342
55457,208,130,675,2000.0,60128.0,0.0,2.087984,0.811167,SWE,LTU,0342
55458,216,130,675,2000.0,5134.0,0.0,0.505423,1.358217,THA,LTU,0342
55459,228,130,675,2000.0,97854.0,200364.0,0.622654,1.191971,UKR,LTU,0342
55460,230,130,675,2000.0,205111.0,0.0,0.18688,0.575136,URY,LTU,0342
55461,231,130,675,2000.0,1941135.0,936227.0,1.9869709999999998,0.021666,USA,LTU,0342
55462,246,130,675,2000.0,6190.0,0.0,0.304739,2.2212709999999998,ZAF,LTU,0342
55463,18,136,675,2000.0,0.0,26439.0,1.382578,1.406981,BEL,MDG,0342
55464,64,136,675,2000.0,0.0,10141.0,1.312843,1.4304370000000002,DNK,MDG,0342
55465,71,136,675,2000.0,1377564.0,86086.0,1.158711,1.7613189999999999,ESP,MDG,0342
55466,77,136,675,2000.0,4226400.0,1024543.0,1.644969,0.56481,FRA,MDG,0342
55467,90,136,675,2000.0,0.0,21625.0,0.26193,1.607656,GRC,MDG,0342
55468,97,136,675,2000.0,0.0,158512.0,0.564112,1.776282,HKG,MDG,0342
55469,104,136,675,2000.0,22522.0,0.0,0.323006,2.3446860000000003,IND,MDG,0342
55470,151,136,675,2000.0,20798.0,774494.0,-0.472778,-0.6301760000000001,MUS,MDG,0342
55471,162,136,675,2000.0,0.0,274107.0,1.259257,1.595796,NLD,MDG,0342
55472,186,136,675,2000.0,0.0,7943.0,0.765547,0.369255,RUS,MDG,0342
55473,216,136,675,2000.0,0.0,993661.0,0.505423,1.358217,THA,MDG,0342
55474,226,136,675,2000.0,0.0,8968.0,-1.14198,-0.368647,TZA,MDG,0342
55475,7,137,675,2000.0,9179.0,0.0,-0.421385,-0.675566,ARE,MDV,0342
55476,14,137,675,2000.0,7396.0,0.0,0.039636000000000005,1.001203,AUS,MDV,0342
55477,61,137,675,2000.0,2823.0,0.0,2.3753580000000003,-2.4481029999999997,DEU,MDV,0342
55478,111,137,675,2000.0,0.0,123655.0,1.51508,0.818283,ITA,MDV,0342
55479,114,137,675,2000.0,0.0,1530570.0,2.8218240000000003,0.255803,JPN,MDV,0342
55480,128,137,675,2000.0,2225.0,421326.0,-0.497407,0.004686999999999999,LKA,MDV,0342
55481,192,137,675,2000.0,27451.0,0.0,1.5432860000000002,0.519856,SGP,MDV,0342
55482,216,137,675,2000.0,0.0,3763096.0,0.505423,1.358217,THA,MDV,0342
55483,223,137,675,2000.0,0.0,398224.0,-0.061203999999999995,0.149345,TUN,MDV,0342
55484,239,137,675,2000.0,13231.0,0.0,-0.589009,0.518708,VNM,MDV,0342
55485,250,137,675,2000.0,4961.0,0.0,1.094325,-0.32521100000000003,ANS,MDV,0342
55486,19,148,675,2000.0,0.0,3781109.0,-0.8717870000000001,-0.788797,BEN,MRT,0342
55487,21,148,675,2000.0,0.0,128190.0,-0.0024059999999999997,-0.128391,BFA,MRT,0342
55488,23,148,675,2000.0,0.0,741763.0,0.47338800000000003,1.7633599999999998,BGR,MRT,0342
55489,28,148,675,2000.0,0.0,1154972.0,0.7323649999999999,1.1536170000000001,BLR,MRT,0342
55490,32,148,675,2000.0,0.0,3638908.0,0.853466,1.28277,BRA,MRT,0342
55491,43,148,675,2000.0,0.0,1415282.0,0.43423,2.461961,CHN,MRT,0342
55492,44,148,675,2000.0,0.0,14573166.0,-0.7955,-0.7019989999999999,CIV,MRT,0342
55493,45,148,675,2000.0,0.0,7721887.0,-1.6617520000000001,-1.264815,CMR,MRT,0342
55494,61,148,675,2000.0,0.0,60941.0,2.3753580000000003,-2.4481029999999997,DEU,MRT,0342
55495,66,148,675,2000.0,0.0,557299.0,-0.9876940000000001,-1.194216,DZA,MRT,0342
55496,71,148,675,2000.0,27001.0,21893556.0,1.158711,1.7613189999999999,ESP,MRT,0342
55497,72,148,675,2000.0,0.0,234341.0,0.353545,0.665942,EST,MRT,0342
55498,77,148,675,2000.0,0.0,898191.0,1.644969,0.56481,FRA,MRT,0342
55499,80,148,675,2000.0,0.0,118123.0,-0.798345,-1.1725450000000002,GAB,MRT,0342
55500,90,148,675,2000.0,0.0,1426985.0,0.26193,1.607656,GRC,MRT,0342
55501,97,148,675,2000.0,0.0,23642.0,0.564112,1.776282,HKG,MRT,0342
55502,100,148,675,2000.0,0.0,433886.0,0.640015,1.1175899999999999,HRV,MRT,0342
55503,111,148,675,2000.0,0.0,8367251.0,1.51508,0.818283,ITA,MRT,0342
55504,114,148,675,2000.0,0.0,23161182.0,2.8218240000000003,0.255803,JPN,MRT,0342
55505,121,148,675,2000.0,0.0,145817.0,1.248356,1.000666,KOR,MRT,0342
55506,124,148,675,2000.0,0.0,181963.0,0.139623,1.095387,LBN,MRT,0342
55507,130,148,675,2000.0,0.0,1956123.0,0.22767199999999999,0.794208,LTU,MRT,0342
55508,132,148,675,2000.0,0.0,321621.0,0.27229699999999996,0.402929,LVA,MRT,0342
55509,143,148,675,2000.0,0.0,156081.0,-1.260786,-0.9277549999999999,MMR,MRT,0342
55510,159,148,675,2000.0,0.0,23389562.0,-2.192487,-1.30587,NGA,MRT,0342
55511,162,148,675,2000.0,0.0,188793.0,1.259257,1.595796,NLD,MRT,0342
55512,174,148,675,2000.0,0.0,1984421.0,-0.010024,-0.368702,PHL,MRT,0342
55513,177,148,675,2000.0,0.0,290870.0,0.9513659999999999,1.8445669999999998,POL,MRT,0342
55514,179,148,675,2000.0,4176.0,568642.0,0.624078,1.342565,PRT,MRT,0342
55515,186,148,675,2000.0,0.0,3718865.0,0.765547,0.369255,RUS,MRT,0342
55516,191,148,675,2000.0,0.0,8004.0,-0.449184,-0.375335,SEN,MRT,0342
55517,215,148,675,2000.0,0.0,3515066.0,-0.741812,-0.6781550000000001,TGO,MRT,0342
55518,216,148,675,2000.0,0.0,1692224.0,0.505423,1.358217,THA,MRT,0342
55519,223,148,675,2000.0,0.0,8152.0,-0.061203999999999995,0.149345,TUN,MRT,0342
55520,228,148,675,2000.0,10467673.0,401682.0,0.622654,1.191971,UKR,MRT,0342
55521,231,148,675,2000.0,0.0,22075.0,1.9869709999999998,0.021666,USA,MRT,0342
55522,250,148,675,2000.0,0.0,1147620.0,1.094325,-0.32521100000000003,ANS,MRT,0342
55523,7,151,675,2000.0,253341.0,0.0,-0.421385,-0.675566,ARE,MUS,0342
55524,14,151,675,2000.0,0.0,19193.0,0.039636000000000005,1.001203,AUS,MUS,0342
55525,29,151,675,2000.0,293048.0,0.0,-0.762942,-0.794567,BLZ,MUS,0342
55526,39,151,675,2000.0,0.0,141037.0,1.069101,1.284017,CAN,MUS,0342
55527,43,151,675,2000.0,45757.0,18520724.0,0.43423,2.461961,CHN,MUS,0342
55528,61,151,675,2000.0,0.0,40730.0,2.3753580000000003,-2.4481029999999997,DEU,MUS,0342
55529,71,151,675,2000.0,892066.0,64555.0,1.158711,1.7613189999999999,ESP,MUS,0342
55530,77,151,675,2000.0,3314519.0,20564.0,1.644969,0.56481,FRA,MUS,0342
55531,83,151,675,2000.0,0.0,1345528.0,-1.092586,-0.8195030000000001,GHA,MUS,0342
55532,97,151,675,2000.0,0.0,4737591.0,0.564112,1.776282,HKG,MUS,0342
55533,103,151,675,2000.0,102940.0,0.0,0.05846799999999999,1.577531,IDN,MUS,0342
55534,104,151,675,2000.0,1355140.0,0.0,0.323006,2.3446860000000003,IND,MUS,0342
55535,111,151,675,2000.0,201282.0,695586.0,1.51508,0.818283,ITA,MUS,0342
55536,114,151,675,2000.0,276354.0,16124825.0,2.8218240000000003,0.255803,JPN,MUS,0342
55537,121,151,675,2000.0,0.0,88077.0,1.248356,1.000666,KOR,MUS,0342
55538,136,151,675,2000.0,774494.0,20798.0,-1.082986,-0.614482,MDG,MUS,0342
55539,138,151,675,2000.0,0.0,94518.0,0.9020379999999999,0.671139,MEX,MUS,0342
55540,142,151,675,2000.0,0.0,5514.0,0.8771450000000001,-0.013614,MLT,MUS,0342
55541,153,151,675,2000.0,11233.0,121481.0,0.789007,0.16084600000000002,MYS,MUS,0342
55542,155,151,675,2000.0,96789.0,114917.0,-0.42796999999999996,-0.643361,NAM,MUS,0342
55543,159,151,675,2000.0,0.0,1285695.0,-2.192487,-1.30587,NGA,MUS,0342
55544,166,151,675,2000.0,1624971.0,100891.0,0.419671,0.809288,NZL,MUS,0342
55545,167,151,675,2000.0,265419.0,0.0,-1.291169,-1.3004040000000001,OMN,MUS,0342
55546,186,151,675,2000.0,375410.0,0.0,0.765547,0.369255,RUS,MUS,0342
55547,188,151,675,2000.0,24556.0,0.0,0.005864,-0.983202,SAU,MUS,0342
55548,192,151,675,2000.0,373744.0,2528777.0,1.5432860000000002,0.519856,SGP,MUS,0342
55549,211,151,675,2000.0,627317.0,0.0,-0.868394,-0.9754459999999999,SYC,MUS,0342
55550,216,151,675,2000.0,119579.0,233778.0,0.505423,1.358217,THA,MUS,0342
55551,226,151,675,2000.0,4209.0,0.0,-1.14198,-0.368647,TZA,MUS,0342
55552,228,151,675,2000.0,924758.0,0.0,0.622654,1.191971,UKR,MUS,0342
55553,231,151,675,2000.0,1648.0,11916147.0,1.9869709999999998,0.021666,USA,MUS,0342
55554,246,151,675,2000.0,903667.0,0.0,0.304739,2.2212709999999998,ZAF,MUS,0342
55555,249,151,675,2000.0,3965114.0,110656.0,1.642139,1.2375639999999999,TWN,MUS,0342
55556,155,152,675,2000.0,27814.0,0.0,-0.42796999999999996,-0.643361,NAM,MWI,0342
55557,246,152,675,2000.0,45378.0,0.0,0.304739,2.2212709999999998,ZAF,MWI,0342
55558,247,152,675,2000.0,1226.0,0.0,-0.6563060000000001,-0.5822069999999999,ZMB,MWI,0342
55559,248,152,675,2000.0,15587.0,0.0,-0.43871899999999997,0.491989,ZWE,MWI,0342
55560,77,154,675,2000.0,28177.0,0.0,1.644969,0.56481,FRA,MYT,0342
55561,162,154,675,2000.0,58963.0,0.0,1.259257,1.595796,NLD,MYT,0342
55562,19,157,675,2000.0,8428.0,0.0,-0.8717870000000001,-0.788797,BEN,NER,0342
55563,44,157,675,2000.0,49380.0,0.0,-0.7955,-0.7019989999999999,CIV,NER,0342
55564,77,157,675,2000.0,1514.0,0.0,1.644969,0.56481,FRA,NER,0342
55565,81,157,675,2000.0,773381.0,0.0,2.099928,0.564025,GBR,NER,0342
55566,83,157,675,2000.0,22110.0,6297.0,-1.092586,-0.8195030000000001,GHA,NER,0342
55567,159,157,675,2000.0,4571.0,0.0,-2.192487,-1.30587,NGA,NER,0342
55568,34,164,675,2000.0,2035.0,0.0,-1.690871,-1.122819,BRN,NPL,0342
55569,162,164,675,2000.0,3676.0,0.0,1.259257,1.595796,NLD,NPL,0342
55570,163,164,675,2000.0,1893.0,0.0,0.6499050000000001,-0.177091,NOR,NPL,0342
55571,192,164,675,2000.0,7984.0,0.0,1.5432860000000002,0.519856,SGP,NPL,0342
55572,216,164,675,2000.0,3321.0,19028.0,0.505423,1.358217,THA,NPL,0342
55573,8,182,675,2000.0,3317.0,0.0,0.140533,0.888049,ARG,PYF,0342
55574,14,182,675,2000.0,1274.0,0.0,0.039636000000000005,1.001203,AUS,PYF,0342
55575,39,182,675,2000.0,6376.0,0.0,1.069101,1.284017,CAN,PYF,0342
55576,42,182,675,2000.0,1035.0,0.0,-0.011509,0.0031190000000000002,CHL,PYF,0342
55577,71,182,675,2000.0,0.0,131539.0,1.158711,1.7613189999999999,ESP,PYF,0342
55578,77,182,675,2000.0,16935.0,422963.0,1.644969,0.56481,FRA,PYF,0342
55579,81,182,675,2000.0,0.0,4649.0,2.099928,0.564025,GBR,PYF,0342
55580,114,182,675,2000.0,24118.0,9850.0,2.8218240000000003,0.255803,JPN,PYF,0342
55581,121,182,675,2000.0,14136.0,0.0,1.248356,1.000666,KOR,PYF,0342
55582,156,182,675,2000.0,19241.0,0.0,-0.138942,-0.903899,NCL,PYF,0342
55583,166,182,675,2000.0,84417.0,0.0,0.419671,0.809288,NZL,PYF,0342
55584,231,182,675,2000.0,573782.0,154179.0,1.9869709999999998,0.021666,USA,PYF,0342
55585,242,182,675,2000.0,0.0,1167114.0,-1.06243,-1.012707,WSM,PYF,0342
55586,18,191,675,2000.0,0.0,245227.0,1.382578,1.406981,BEL,SEN,0342
55587,21,191,675,2000.0,0.0,762836.0,-0.0024059999999999997,-0.128391,BFA,SEN,0342
55588,43,191,675,2000.0,12778.0,179778.0,0.43423,2.461961,CHN,SEN,0342
55589,44,191,675,2000.0,0.0,3366452.0,-0.7955,-0.7019989999999999,CIV,SEN,0342
55590,45,191,675,2000.0,0.0,3595971.0,-1.6617520000000001,-1.264815,CMR,SEN,0342
55591,47,191,675,2000.0,0.0,803512.0,-1.7116900000000002,-1.270469,COG,SEN,0342
55592,51,191,675,2000.0,0.0,1367.0,0.358579,-0.238117,CPV,SEN,0342
55593,61,191,675,2000.0,0.0,612720.0,2.3753580000000003,-2.4481029999999997,DEU,SEN,0342
55594,66,191,675,2000.0,0.0,33183.0,-0.9876940000000001,-1.194216,DZA,SEN,0342
55595,71,191,675,2000.0,105973.0,4561796.0,1.158711,1.7613189999999999,ESP,SEN,0342
55596,77,191,675,2000.0,15116.0,2130027.0,1.644969,0.56481,FRA,SEN,0342
55597,80,191,675,2000.0,0.0,1658411.0,-0.798345,-1.1725450000000002,GAB,SEN,0342
55598,81,191,675,2000.0,0.0,192904.0,2.099928,0.564025,GBR,SEN,0342
55599,83,191,675,2000.0,0.0,375511.0,-1.092586,-0.8195030000000001,GHA,SEN,0342
55600,85,191,675,2000.0,6515.0,426234.0,-1.632607,-1.261362,GIN,SEN,0342
55601,87,191,675,2000.0,2466.0,0.0,-0.33173400000000003,-0.43841499999999994,GMB,SEN,0342
55602,89,191,675,2000.0,0.0,166264.0,-2.374006,-1.056431,GNQ,SEN,0342
55603,90,191,675,2000.0,0.0,1106922.0,0.26193,1.607656,GRC,SEN,0342
55604,97,191,675,2000.0,0.0,19897.0,0.564112,1.776282,HKG,SEN,0342
55605,103,191,675,2000.0,0.0,90225.0,0.05846799999999999,1.577531,IDN,SEN,0342
55606,104,191,675,2000.0,139206.0,0.0,0.323006,2.3446860000000003,IND,SEN,0342
55607,111,191,675,2000.0,146906.0,2077555.0,1.51508,0.818283,ITA,SEN,0342
55608,113,191,675,2000.0,0.0,125304.0,0.677723,1.497694,JOR,SEN,0342
55609,114,191,675,2000.0,35146.0,1333128.0,2.8218240000000003,0.255803,JPN,SEN,0342
55610,121,191,675,2000.0,0.0,326984.0,1.248356,1.000666,KOR,SEN,0342
55611,124,191,675,2000.0,0.0,19907.0,0.139623,1.095387,LBN,SEN,0342
55612,125,191,675,2000.0,0.0,82625.0,-0.763757,-1.1284129999999999,LBR,SEN,0342
55613,134,191,675,2000.0,0.0,314466.0,-0.5460510000000001,-0.33865100000000004,MAR,SEN,0342
55614,141,191,675,2000.0,0.0,254551.0,-0.38716799999999996,-0.511165,MLI,SEN,0342
55615,148,191,675,2000.0,8004.0,0.0,-1.444615,-1.29284,MRT,SEN,0342
55616,159,191,675,2000.0,0.0,104519.0,-2.192487,-1.30587,NGA,SEN,0342
55617,163,191,675,2000.0,3210.0,0.0,0.6499050000000001,-0.177091,NOR,SEN,0342
55618,179,191,675,2000.0,0.0,110700.0,0.624078,1.342565,PRT,SEN,0342
55619,192,191,675,2000.0,22186.0,0.0,1.5432860000000002,0.519856,SGP,SEN,0342
55620,196,191,675,2000.0,0.0,15988.0,0.507205,-0.055387,SLE,SEN,0342
55621,207,191,675,2000.0,0.0,8077.0,1.485695,1.122069,SVN,SEN,0342
55622,216,191,675,2000.0,8393.0,41858.0,0.505423,1.358217,THA,SEN,0342
55623,231,191,675,2000.0,8854.0,0.0,1.9869709999999998,0.021666,USA,SEN,0342
55624,246,191,675,2000.0,0.0,210430.0,0.304739,2.2212709999999998,ZAF,SEN,0342
55625,249,191,675,2000.0,0.0,96224.0,1.642139,1.2375639999999999,TWN,SEN,0342
55626,250,191,675,2000.0,0.0,5801.0,1.094325,-0.32521100000000003,ANS,SEN,0342
55627,61,211,675,2000.0,0.0,24836.0,2.3753580000000003,-2.4481029999999997,DEU,SYC,0342
55628,71,211,675,2000.0,15400620.0,817773.0,1.158711,1.7613189999999999,ESP,SYC,0342
55629,77,211,675,2000.0,10246360.0,412657.0,1.644969,0.56481,FRA,SYC,0342
55630,81,211,675,2000.0,0.0,57512.0,2.099928,0.564025,GBR,SYC,0342
55631,111,211,675,2000.0,0.0,2123660.0,1.51508,0.818283,ITA,SYC,0342
55632,114,211,675,2000.0,127479.0,7921434.0,2.8218240000000003,0.255803,JPN,SYC,0342
55633,116,211,675,2000.0,0.0,175617.0,-0.554244,-0.1757,KEN,SYC,0342
55634,151,211,675,2000.0,0.0,627317.0,-0.472778,-0.6301760000000001,MUS,SYC,0342
55635,192,211,675,2000.0,1396250.0,0.0,1.5432860000000002,0.519856,SGP,SYC,0342
55636,216,211,675,2000.0,0.0,8278264.0,0.505423,1.358217,THA,SYC,0342
55637,223,211,675,2000.0,0.0,679762.0,-0.061203999999999995,0.149345,TUN,SYC,0342
55638,224,211,675,2000.0,0.0,132566.0,0.127924,2.039773,TUR,SYC,0342
55639,231,211,675,2000.0,0.0,804424.0,1.9869709999999998,0.021666,USA,SYC,0342
55640,246,211,675,2000.0,113492.0,0.0,0.304739,2.2212709999999998,ZAF,SYC,0342
55641,18,215,675,2000.0,486463.0,8008.0,1.382578,1.406981,BEL,TGO,0342
55642,19,215,675,2000.0,31975.0,1085531.0,-0.8717870000000001,-0.788797,BEN,TGO,0342
55643,21,215,675,2000.0,0.0,104614.0,-0.0024059999999999997,-0.128391,BFA,TGO,0342
55644,41,215,675,2000.0,0.0,2979.0,2.268929,0.538191,CHE,TGO,0342
55645,47,215,675,2000.0,0.0,9312.0,-1.7116900000000002,-1.270469,COG,TGO,0342
55646,64,215,675,2000.0,27995.0,17785.0,1.312843,1.4304370000000002,DNK,TGO,0342
55647,77,215,675,2000.0,337951.0,3527.0,1.644969,0.56481,FRA,TGO,0342
55648,83,215,675,2000.0,95030.0,405273.0,-1.092586,-0.8195030000000001,GHA,TGO,0342
55649,90,215,675,2000.0,0.0,32604.0,0.26193,1.607656,GRC,TGO,0342
55650,111,215,675,2000.0,0.0,3582.0,1.51508,0.818283,ITA,TGO,0342
55651,114,215,675,2000.0,0.0,1602.0,2.8218240000000003,0.255803,JPN,TGO,0342
55652,148,215,675,2000.0,3515066.0,0.0,-1.444615,-1.29284,MRT,TGO,0342
55653,159,215,675,2000.0,0.0,187459.0,-2.192487,-1.30587,NGA,TGO,0342
55654,162,215,675,2000.0,634243.0,0.0,1.259257,1.595796,NLD,TGO,0342
55655,179,215,675,2000.0,0.0,27919.0,0.624078,1.342565,PRT,TGO,0342
55656,250,215,675,2000.0,0.0,7014.0,1.094325,-0.32521100000000003,ANS,TGO,0342
55657,14,227,675,2000.0,0.0,25759.0,0.039636000000000005,1.001203,AUS,UGA,0342
55658,18,227,675,2000.0,0.0,23037.0,1.382578,1.406981,BEL,UGA,0342
55659,39,227,675,2000.0,0.0,34838.0,1.069101,1.284017,CAN,UGA,0342
55660,43,227,675,2000.0,0.0,10562.0,0.43423,2.461961,CHN,UGA,0342
55661,58,227,675,2000.0,0.0,48531.0,0.264835,0.268755,CYP,UGA,0342
55662,68,227,675,2000.0,0.0,175644.0,-0.365578,0.01634,EGY,UGA,0342
55663,90,227,675,2000.0,0.0,38097.0,0.26193,1.607656,GRC,UGA,0342
55664,97,227,675,2000.0,0.0,95362.0,0.564112,1.776282,HKG,UGA,0342
55665,114,227,675,2000.0,0.0,90397.0,2.8218240000000003,0.255803,JPN,UGA,0342
55666,116,227,675,2000.0,1690.0,0.0,-0.554244,-0.1757,KEN,UGA,0342
55667,121,227,675,2000.0,0.0,6896.0,1.248356,1.000666,KOR,UGA,0342
55668,153,227,675,2000.0,0.0,26199.0,0.789007,0.16084600000000002,MYS,UGA,0342
55669,162,227,675,2000.0,0.0,99232.0,1.259257,1.595796,NLD,UGA,0342
55670,179,227,675,2000.0,0.0,290057.0,0.624078,1.342565,PRT,UGA,0342
55671,192,227,675,2000.0,0.0,9180.0,1.5432860000000002,0.519856,SGP,UGA,0342
55672,216,227,675,2000.0,0.0,101089.0,0.505423,1.358217,THA,UGA,0342
55673,226,227,675,2000.0,1734.0,0.0,-1.14198,-0.368647,TZA,UGA,0342
55674,231,227,675,2000.0,0.0,109989.0,1.9869709999999998,0.021666,USA,UGA,0342
55675,246,227,675,2000.0,6497.0,0.0,0.304739,2.2212709999999998,ZAF,UGA,0342
55676,18,243,675,2000.0,1685.0,0.0,1.382578,1.406981,BEL,YEM,0342
55677,43,243,675,2000.0,0.0,45714.0,0.43423,2.461961,CHN,YEM,0342
55678,61,243,675,2000.0,0.0,30123.0,2.3753580000000003,-2.4481029999999997,DEU,YEM,0342
55679,68,243,675,2000.0,0.0,17545.0,-0.365578,0.01634,EGY,YEM,0342
55680,71,243,675,2000.0,0.0,1133.0,1.158711,1.7613189999999999,ESP,YEM,0342
55681,77,243,675,2000.0,0.0,282284.0,1.644969,0.56481,FRA,YEM,0342
55682,104,243,675,2000.0,1651.0,0.0,0.323006,2.3446860000000003,IND,YEM,0342
55683,111,243,675,2000.0,11734.0,0.0,1.51508,0.818283,ITA,YEM,0342
55684,113,243,675,2000.0,50802.0,85581.0,0.677723,1.497694,JOR,YEM,0342
55685,124,243,675,2000.0,0.0,199197.0,0.139623,1.095387,LBN,YEM,0342
55686,162,243,675,2000.0,0.0,67618.0,1.259257,1.595796,NLD,YEM,0342
55687,167,243,675,2000.0,2318.0,155287.0,-1.291169,-1.3004040000000001,OMN,YEM,0342
55688,179,243,675,2000.0,0.0,18780.0,0.624078,1.342565,PRT,YEM,0342
55689,183,243,675,2000.0,0.0,1119.0,-0.534754,-1.139729,QAT,YEM,0342
55690,188,243,675,2000.0,0.0,166134.0,0.005864,-0.983202,SAU,YEM,0342
55691,192,243,675,2000.0,0.0,23830.0,1.5432860000000002,0.519856,SGP,YEM,0342
55692,216,243,675,2000.0,0.0,1733956.0,0.505423,1.358217,THA,YEM,0342
55693,223,243,675,2000.0,0.0,48242.0,-0.061203999999999995,0.149345,TUN,YEM,0342
55694,32,2,675,2000.0,62512.0,0.0,0.853466,1.28277,BRA,AGO,0342
55695,71,2,675,2000.0,0.0,3404749.0,1.158711,1.7613189999999999,ESP,AGO,0342
55696,77,2,675,2000.0,5621.0,1164.0,1.644969,0.56481,FRA,AGO,0342
55697,104,2,675,2000.0,39127.0,0.0,0.323006,2.3446860000000003,IND,AGO,0342
55698,111,2,675,2000.0,5096.0,230695.0,1.51508,0.818283,ITA,AGO,0342
55699,114,2,675,2000.0,0.0,32722.0,2.8218240000000003,0.255803,JPN,AGO,0342
55700,121,2,675,2000.0,855434.0,0.0,1.248356,1.000666,KOR,AGO,0342
55701,155,2,675,2000.0,48068.0,0.0,-0.42796999999999996,-0.643361,NAM,AGO,0342
55702,159,2,675,2000.0,0.0,811982.0,-2.192487,-1.30587,NGA,AGO,0342
55703,162,2,675,2000.0,28568.0,0.0,1.259257,1.595796,NLD,AGO,0342
55704,163,2,675,2000.0,87713.0,0.0,0.6499050000000001,-0.177091,NOR,AGO,0342
55705,179,2,675,2000.0,64624.0,57195.0,0.624078,1.342565,PRT,AGO,0342
55706,246,2,675,2000.0,119943.0,0.0,0.304739,2.2212709999999998,ZAF,AGO,0342
55707,23,26,675,2000.0,24221.0,0.0,0.47338800000000003,1.7633599999999998,BGR,BIH,0342
55708,61,26,675,2000.0,6094.0,0.0,2.3753580000000003,-2.4481029999999997,DEU,BIH,0342
55709,64,26,675,2000.0,19601.0,0.0,1.312843,1.4304370000000002,DNK,BIH,0342
55710,71,26,675,2000.0,672991.0,0.0,1.158711,1.7613189999999999,ESP,BIH,0342
55711,90,26,675,2000.0,37710.0,0.0,0.26193,1.607656,GRC,BIH,0342
55712,100,26,675,2000.0,34971.0,0.0,0.640015,1.1175899999999999,HRV,BIH,0342
55713,111,26,675,2000.0,107618.0,0.0,1.51508,0.818283,ITA,BIH,0342
55714,162,26,675,2000.0,3686.0,0.0,1.259257,1.595796,NLD,BIH,0342
55715,163,26,675,2000.0,88562.0,0.0,0.6499050000000001,-0.177091,NOR,BIH,0342
55716,189,26,675,2000.0,0.0,10270.0,0.484573,2.767036,SCG,BIH,0342
55717,207,26,675,2000.0,137837.0,0.0,1.485695,1.122069,SVN,BIH,0342
55718,64,34,675,2000.0,24417.0,0.0,1.312843,1.4304370000000002,DNK,BRN,0342
55719,153,34,675,2000.0,149930.0,0.0,0.789007,0.16084600000000002,MYS,BRN,0342
55720,164,34,675,2000.0,0.0,2035.0,-0.366774,0.318676,NPL,BRN,0342
55721,192,34,675,2000.0,2037662.0,59388.0,1.5432860000000002,0.519856,SGP,BRN,0342
55722,216,34,675,2000.0,35244.0,0.0,0.505423,1.358217,THA,BRN,0342
55723,249,34,675,2000.0,13292.0,0.0,1.642139,1.2375639999999999,TWN,BRN,0342
55724,18,46,675,2000.0,11113.0,0.0,1.382578,1.406981,BEL,COD,0342
55725,162,46,675,2000.0,11978.0,0.0,1.259257,1.595796,NLD,COD,0342
55726,179,46,675,2000.0,1198.0,0.0,0.624078,1.342565,PRT,COD,0342
55727,246,46,675,2000.0,573752.0,0.0,0.304739,2.2212709999999998,ZAF,COD,0342
55728,247,46,675,2000.0,286347.0,0.0,-0.6563060000000001,-0.5822069999999999,ZMB,COD,0342
55729,8,47,675,2000.0,121963.0,0.0,0.140533,0.888049,ARG,COG,0342
55730,44,47,675,2000.0,2439.0,0.0,-0.7955,-0.7019989999999999,CIV,COG,0342
55731,111,47,675,2000.0,1782.0,0.0,1.51508,0.818283,ITA,COG,0342
55732,114,47,675,2000.0,317251.0,0.0,2.8218240000000003,0.255803,JPN,COG,0342
55733,134,47,675,2000.0,28987.0,0.0,-0.5460510000000001,-0.33865100000000004,MAR,COG,0342
55734,155,47,675,2000.0,395850.0,0.0,-0.42796999999999996,-0.643361,NAM,COG,0342
55735,159,47,675,2000.0,0.0,971235.0,-2.192487,-1.30587,NGA,COG,0342
55736,191,47,675,2000.0,803512.0,0.0,-0.449184,-0.375335,SEN,COG,0342
55737,215,47,675,2000.0,9312.0,0.0,-0.741812,-0.6781550000000001,TGO,COG,0342
55738,231,47,675,2000.0,9406.0,0.0,1.9869709999999998,0.021666,USA,COG,0342
55739,246,47,675,2000.0,9157.0,0.0,0.304739,2.2212709999999998,ZAF,COG,0342
55740,15,78,675,2000.0,0.0,83818.0,1.823798,0.465513,AUT,FRO,0342
55741,18,78,675,2000.0,0.0,59153.0,1.382578,1.406981,BEL,FRO,0342
55742,39,78,675,2000.0,0.0,298579.0,1.069101,1.284017,CAN,FRO,0342
55743,43,78,675,2000.0,84583.0,1718176.0,0.43423,2.461961,CHN,FRO,0342
55744,61,78,675,2000.0,0.0,1267193.0,2.3753580000000003,-2.4481029999999997,DEU,FRO,0342
55745,64,78,675,2000.0,313330.0,6965860.0,1.312843,1.4304370000000002,DNK,FRO,0342
55746,71,78,675,2000.0,0.0,419430.0,1.158711,1.7613189999999999,ESP,FRO,0342
55747,77,78,675,2000.0,0.0,1502577.0,1.644969,0.56481,FRA,FRO,0342
55748,81,78,675,2000.0,75931.0,3545550.0,2.099928,0.564025,GBR,FRO,0342
55749,90,78,675,2000.0,0.0,56927.0,0.26193,1.607656,GRC,FRO,0342
55750,97,78,675,2000.0,0.0,198731.0,0.564112,1.776282,HKG,FRO,0342
55751,106,78,675,2000.0,0.0,107356.0,1.647548,0.34018899999999996,IRL,FRO,0342
55752,109,78,675,2000.0,95116.0,147562.0,-0.070436,-0.5575439999999999,ISL,FRO,0342
55753,111,78,675,2000.0,0.0,1200.0,1.51508,0.818283,ITA,FRO,0342
55754,114,78,675,2000.0,0.0,8623223.0,2.8218240000000003,0.255803,JPN,FRO,0342
55755,121,78,675,2000.0,0.0,94969.0,1.248356,1.000666,KOR,FRO,0342
55756,130,78,675,2000.0,0.0,423468.0,0.22767199999999999,0.794208,LTU,FRO,0342
55757,132,78,675,2000.0,0.0,87860.0,0.27229699999999996,0.402929,LVA,FRO,0342
55758,159,78,675,2000.0,0.0,779933.0,-2.192487,-1.30587,NGA,FRO,0342
55759,162,78,675,2000.0,0.0,88700.0,1.259257,1.595796,NLD,FRO,0342
55760,163,78,675,2000.0,337180.0,3968608.0,0.6499050000000001,-0.177091,NOR,FRO,0342
55761,177,78,675,2000.0,0.0,765569.0,0.9513659999999999,1.8445669999999998,POL,FRO,0342
55762,186,78,675,2000.0,560257.0,360319.0,0.765547,0.369255,RUS,FRO,0342
55763,208,78,675,2000.0,0.0,233434.0,2.087984,0.811167,SWE,FRO,0342
55764,231,78,675,2000.0,0.0,1584663.0,1.9869709999999998,0.021666,USA,FRO,0342
55765,249,78,675,2000.0,0.0,428078.0,1.642139,1.2375639999999999,TWN,FRO,0342
55766,114,89,675,2000.0,22268.0,28958658.0,2.8218240000000003,0.255803,JPN,GNQ,0342
55767,134,89,675,2000.0,303688.0,0.0,-0.5460510000000001,-0.33865100000000004,MAR,GNQ,0342
55768,162,89,675,2000.0,390108.0,0.0,1.259257,1.595796,NLD,GNQ,0342
55769,191,89,675,2000.0,166264.0,0.0,-0.449184,-0.375335,SEN,GNQ,0342
55770,39,101,675,2000.0,20936.0,0.0,1.069101,1.284017,CAN,HTI,0342
55771,54,101,675,2000.0,65117.0,0.0,-0.800886,-1.133715,CUB,HTI,0342
55772,61,101,675,2000.0,18202.0,0.0,2.3753580000000003,-2.4481029999999997,DEU,HTI,0342
55773,77,101,675,2000.0,129551.0,0.0,1.644969,0.56481,FRA,HTI,0342
55774,162,101,675,2000.0,2274876.0,0.0,1.259257,1.595796,NLD,HTI,0342
55775,173,101,675,2000.0,10004.0,0.0,-0.390278,-0.018691,PER,HTI,0342
55776,231,101,675,2000.0,9607.0,0.0,1.9869709999999998,0.021666,USA,HTI,0342
55777,61,125,675,2000.0,74068.0,0.0,2.3753580000000003,-2.4481029999999997,DEU,LBR,0342
55778,83,125,675,2000.0,246828.0,10383.0,-1.092586,-0.8195030000000001,GHA,LBR,0342
55779,111,125,675,2000.0,0.0,5442.0,1.51508,0.818283,ITA,LBR,0342
55780,162,125,675,2000.0,745898.0,0.0,1.259257,1.595796,NLD,LBR,0342
55781,191,125,675,2000.0,82625.0,0.0,-0.449184,-0.375335,SEN,LBR,0342
55782,246,129,675,2000.0,555272.0,0.0,0.304739,2.2212709999999998,ZAF,LSO,0342
55783,14,143,675,2000.0,0.0,285406.0,0.039636000000000005,1.001203,AUS,MMR,0342
55784,22,143,675,2000.0,0.0,111220.0,-0.8757879999999999,-0.95126,BGD,MMR,0342
55785,24,143,675,2000.0,0.0,125393.0,-0.270413,-0.882984,BHR,MMR,0342
55786,39,143,675,2000.0,0.0,98493.0,1.069101,1.284017,CAN,MMR,0342
55787,43,143,675,2000.0,0.0,1126661.0,0.43423,2.461961,CHN,MMR,0342
55788,81,143,675,2000.0,0.0,3734352.0,2.099928,0.564025,GBR,MMR,0342
55789,97,143,675,2000.0,0.0,979218.0,0.564112,1.776282,HKG,MMR,0342
55790,104,143,675,2000.0,0.0,183023.0,0.323006,2.3446860000000003,IND,MMR,0342
55791,114,143,675,2000.0,12999.0,1455807.0,2.8218240000000003,0.255803,JPN,MMR,0342
55792,121,143,675,2000.0,0.0,148609.0,1.248356,1.000666,KOR,MMR,0342
55793,148,143,675,2000.0,156081.0,0.0,-1.444615,-1.29284,MRT,MMR,0342
55794,153,143,675,2000.0,8311.0,7575180.0,0.789007,0.16084600000000002,MYS,MMR,0342
55795,174,143,675,2000.0,0.0,8332.0,-0.010024,-0.368702,PHL,MMR,0342
55796,183,143,675,2000.0,0.0,152557.0,-0.534754,-1.139729,QAT,MMR,0342
55797,192,143,675,2000.0,14241.0,2905758.0,1.5432860000000002,0.519856,SGP,MMR,0342
55798,216,143,675,2000.0,1253.0,1789328.0,0.505423,1.358217,THA,MMR,0342
55799,231,143,675,2000.0,0.0,805877.0,1.9869709999999998,0.021666,USA,MMR,0342
55800,249,143,675,2000.0,0.0,161967.0,1.642139,1.2375639999999999,TWN,MMR,0342
55801,64,156,675,2000.0,22900.0,0.0,1.312843,1.4304370000000002,DNK,NCL,0342
55802,77,156,675,2000.0,98214.0,0.0,1.644969,0.56481,FRA,NCL,0342
55803,114,156,675,2000.0,24081.0,0.0,2.8218240000000003,0.255803,JPN,NCL,0342
55804,153,156,675,2000.0,0.0,478237.0,0.789007,0.16084600000000002,MYS,NCL,0342
55805,162,156,675,2000.0,140675.0,0.0,1.259257,1.595796,NLD,NCL,0342
55806,163,156,675,2000.0,3530.0,0.0,0.6499050000000001,-0.177091,NOR,NCL,0342
55807,166,156,675,2000.0,134491.0,0.0,0.419671,0.809288,NZL,NCL,0342
55808,182,156,675,2000.0,0.0,19241.0,-0.382787,-0.837533,PYF,NCL,0342
55809,192,156,675,2000.0,0.0,11902.0,1.5432860000000002,0.519856,SGP,NCL,0342
55810,242,156,675,2000.0,0.0,249500.0,-1.06243,-1.012707,WSM,NCL,0342
55811,250,156,675,2000.0,1881.0,0.0,1.094325,-0.32521100000000003,ANS,NCL,0342
55812,114,199,675,2000.0,0.0,194035.0,2.8218240000000003,0.255803,JPN,SOM,0342
55813,142,199,675,2000.0,0.0,229573.0,0.8771450000000001,-0.013614,MLT,SOM,0342
55814,64,232,675,2000.0,72179.0,0.0,1.312843,1.4304370000000002,DNK,UZB,0342
55815,186,232,675,2000.0,27506.0,0.0,0.765547,0.369255,RUS,UZB,0342
55816,219,232,675,2000.0,40610.0,0.0,-0.839936,-1.168236,TKM,UZB,0342
55817,71,84,675,2000.0,86531.0,0.0,1.158711,1.7613189999999999,ESP,GIB,0342
55818,81,84,675,2000.0,174948.0,0.0,2.099928,0.564025,GBR,GIB,0342
55819,83,84,675,2000.0,58908.0,0.0,-1.092586,-0.8195030000000001,GHA,GIB,0342
55820,162,84,675,2000.0,1844.0,0.0,1.259257,1.595796,NLD,GIB,0342
55821,163,84,675,2000.0,19000.0,0.0,0.6499050000000001,-0.177091,NOR,GIB,0342
55822,226,84,675,2000.0,208749.0,0.0,-1.14198,-0.368647,TZA,GIB,0342
55823,163,237,675,2000.0,621466.0,0.0,0.6499050000000001,-0.177091,NOR,VGB,0342
55824,186,237,675,2000.0,477359.0,0.0,0.765547,0.369255,RUS,VGB,0342
55825,216,237,675,2000.0,0.0,7428.0,0.505423,1.358217,THA,VGB,0342
55826,231,237,675,2000.0,0.0,563215.0,1.9869709999999998,0.021666,USA,VGB,0342
55827,114,221,675,2000.0,26456.0,0.0,2.8218240000000003,0.255803,JPN,TON,0342
55828,166,221,675,2000.0,8575.0,9882.0,0.419671,0.809288,NZL,TON,0342
55829,216,149,675,2000.0,0.0,345174.0,0.505423,1.358217,THA,MSR,0342
55830,231,149,675,2000.0,2701.0,0.0,1.9869709999999998,0.021666,USA,MSR,0342
55831,71,5,675,2000.0,1030168.0,0.0,1.158711,1.7613189999999999,ESP,AND,0342
55832,77,5,675,2000.0,1703.0,0.0,1.644969,0.56481,FRA,AND,0342
55833,162,5,675,2000.0,23064.0,0.0,1.259257,1.595796,NLD,AND,0342
55834,192,5,675,2000.0,0.0,137075.0,1.5432860000000002,0.519856,SGP,AND,0342
55835,14,10,675,2000.0,75410.0,0.0,0.039636000000000005,1.001203,AUS,ASM,0342
55836,114,10,675,2000.0,1300972.0,9390.0,2.8218240000000003,0.255803,JPN,ASM,0342
55837,166,10,675,2000.0,2313990.0,0.0,0.419671,0.809288,NZL,ASM,0342
55838,174,10,675,2000.0,896682.0,0.0,-0.010024,-0.368702,PHL,ASM,0342
55839,192,10,675,2000.0,0.0,18192.0,1.5432860000000002,0.519856,SGP,ASM,0342
55840,216,10,675,2000.0,0.0,501193.0,0.505423,1.358217,THA,ASM,0342
55841,81,30,675,2000.0,2487.0,0.0,2.099928,0.564025,GBR,BMU,0342
55842,231,30,675,2000.0,323476.0,0.0,1.9869709999999998,0.021666,USA,BMU,0342
55843,246,30,675,2000.0,3828.0,0.0,0.304739,2.2212709999999998,ZAF,BMU,0342
55844,45,38,675,2000.0,4719.0,0.0,-1.6617520000000001,-1.264815,CMR,CAF,0342
55845,77,38,675,2000.0,4196.0,0.0,1.644969,0.56481,FRA,CAF,0342
55846,250,38,675,2000.0,43160.0,0.0,1.094325,-0.32521100000000003,ANS,CAF,0342
55847,104,40,675,2000.0,56336.0,0.0,0.323006,2.3446860000000003,IND,CCK,0342
55848,77,62,675,2000.0,6329.0,0.0,1.644969,0.56481,FRA,DJI,0342
55849,162,69,675,2000.0,0.0,191466.0,1.259257,1.595796,NLD,ERI,0342
55850,216,69,675,2000.0,0.0,21407.0,0.505423,1.358217,THA,ERI,0342
55851,71,76,675,2000.0,0.0,7475558.0,1.158711,1.7613189999999999,ESP,FLK,0342
55852,81,76,675,2000.0,5583.0,0.0,2.099928,0.564025,GBR,FLK,0342
55853,100,76,675,2000.0,0.0,4903.0,0.640015,1.1175899999999999,HRV,FLK,0342
55854,114,76,675,2000.0,0.0,794906.0,2.8218240000000003,0.255803,JPN,FLK,0342
55855,179,76,675,2000.0,0.0,99611.0,0.624078,1.342565,PRT,FLK,0342
55856,231,76,675,2000.0,0.0,177791.0,1.9869709999999998,0.021666,USA,FLK,0342
55857,114,79,675,2000.0,0.0,487807.0,2.8218240000000003,0.255803,JPN,FSM,0342
55858,121,79,675,2000.0,97447.0,0.0,1.248356,1.000666,KOR,FSM,0342
55859,216,79,675,2000.0,0.0,28862226.0,0.505423,1.358217,THA,FSM,0342
55860,231,79,675,2000.0,24738.0,92862.0,1.9869709999999998,0.021666,USA,FSM,0342
55861,249,79,675,2000.0,57391.0,0.0,1.642139,1.2375639999999999,TWN,FSM,0342
55862,14,95,675,2000.0,11717.0,0.0,0.039636000000000005,1.001203,AUS,GUM,0342
55863,103,95,675,2000.0,12709.0,0.0,0.05846799999999999,1.577531,IDN,GUM,0342
55864,114,95,675,2000.0,205937.0,366701.0,2.8218240000000003,0.255803,JPN,GUM,0342
55865,121,95,675,2000.0,68227.0,0.0,1.248356,1.000666,KOR,GUM,0342
55866,166,95,675,2000.0,1062.0,0.0,0.419671,0.809288,NZL,GUM,0342
55867,174,95,675,2000.0,72406.0,425096.0,-0.010024,-0.368702,PHL,GUM,0342
55868,192,95,675,2000.0,0.0,1040497.0,1.5432860000000002,0.519856,SGP,GUM,0342
55869,216,95,675,2000.0,0.0,171565.0,0.505423,1.358217,THA,GUM,0342
55870,239,95,675,2000.0,244000.0,0.0,-0.589009,0.518708,VNM,GUM,0342
55871,192,105,675,2000.0,3851718.0,41130040.0,1.5432860000000002,0.519856,SGP,IOT,0342
55872,103,119,675,2000.0,8215.0,0.0,0.05846799999999999,1.577531,IDN,KIR,0342
55873,114,119,675,2000.0,24681.0,11691969.0,2.8218240000000003,0.255803,JPN,KIR,0342
55874,216,119,675,2000.0,0.0,2349919.0,0.505423,1.358217,THA,KIR,0342
55875,104,123,675,2000.0,16414.0,0.0,0.323006,2.3446860000000003,IND,LAO,0342
55876,216,123,675,2000.0,179244.0,0.0,0.505423,1.358217,THA,LAO,0342
55877,114,139,675,2000.0,0.0,218423.0,2.8218240000000003,0.255803,JPN,MHL,0342
55878,174,139,675,2000.0,0.0,780174.0,-0.010024,-0.368702,PHL,MHL,0342
55879,216,139,675,2000.0,0.0,13582867.0,0.505423,1.358217,THA,MHL,0342
55880,231,139,675,2000.0,0.0,19397.0,1.9869709999999998,0.021666,USA,MHL,0342
55881,14,146,675,2000.0,5713.0,0.0,0.039636000000000005,1.001203,AUS,MNP,0342
55882,114,146,675,2000.0,2116.0,0.0,2.8218240000000003,0.255803,JPN,MNP,0342
55883,249,146,675,2000.0,287067.0,0.0,1.642139,1.2375639999999999,TWN,MNP,0342
55884,14,158,675,2000.0,25103.0,0.0,0.039636000000000005,1.001203,AUS,NFK,0342
55885,159,165,675,2000.0,0.0,829123.0,-2.192487,-1.30587,NGA,NRU,0342
55886,216,165,675,2000.0,0.0,333893.0,0.505423,1.358217,THA,NRU,0342
55887,231,165,675,2000.0,11093.0,0.0,1.9869709999999998,0.021666,USA,NRU,0342
55888,159,175,675,2000.0,0.0,318640.0,-2.192487,-1.30587,NGA,PLW,0342
55889,231,175,675,2000.0,27176.0,0.0,1.9869709999999998,0.021666,USA,PLW,0342
55890,14,176,675,2000.0,75375.0,10356.0,0.039636000000000005,1.001203,AUS,PNG,0342
55891,43,176,675,2000.0,1153424.0,0.0,0.43423,2.461961,CHN,PNG,0342
55892,97,176,675,2000.0,0.0,12805.0,0.564112,1.776282,HKG,PNG,0342
55893,103,176,675,2000.0,15619.0,0.0,0.05846799999999999,1.577531,IDN,PNG,0342
55894,114,176,675,2000.0,7075.0,219597.0,2.8218240000000003,0.255803,JPN,PNG,0342
55895,121,176,675,2000.0,517648.0,0.0,1.248356,1.000666,KOR,PNG,0342
55896,166,176,675,2000.0,255276.0,0.0,0.419671,0.809288,NZL,PNG,0342
55897,174,176,675,2000.0,0.0,1496760.0,-0.010024,-0.368702,PHL,PNG,0342
55898,216,176,675,2000.0,302543.0,20229284.0,0.505423,1.358217,THA,PNG,0342
55899,231,176,675,2000.0,2057290.0,29632.0,1.9869709999999998,0.021666,USA,PNG,0342
55900,246,176,675,2000.0,15291.0,0.0,0.304739,2.2212709999999998,ZAF,PNG,0342
55901,250,176,675,2000.0,0.0,27853.0,1.094325,-0.32521100000000003,ANS,PNG,0342
55902,162,181,675,2000.0,41548.0,0.0,1.259257,1.595796,NLD,PSE,0342
55903,114,187,675,2000.0,0.0,103117.0,2.8218240000000003,0.255803,JPN,RWA,0342
55904,81,194,675,2000.0,3757.0,0.0,2.099928,0.564025,GBR,SHN,0342
55905,246,194,675,2000.0,5682.0,0.0,0.304739,2.2212709999999998,ZAF,SHN,0342
55906,104,195,675,2000.0,4547.0,0.0,0.323006,2.3446860000000003,IND,SLB,0342
55907,114,195,675,2000.0,304475.0,2872078.0,2.8218240000000003,0.255803,JPN,SLB,0342
55908,153,195,675,2000.0,0.0,47913.0,0.789007,0.16084600000000002,MYS,SLB,0342
55909,166,195,675,2000.0,0.0,47058.0,0.419671,0.809288,NZL,SLB,0342
55910,216,195,675,2000.0,0.0,2396196.0,0.505423,1.358217,THA,SLB,0342
55911,231,195,675,2000.0,32900.0,0.0,1.9869709999999998,0.021666,USA,SLB,0342
55912,249,195,675,2000.0,264161.0,0.0,1.642139,1.2375639999999999,TWN,SLB,0342
55913,39,200,675,2000.0,8725.0,8860.0,1.069101,1.284017,CAN,SPM,0342
55914,114,200,675,2000.0,5451132.0,0.0,2.8218240000000003,0.255803,JPN,SPM,0342
55915,231,200,675,2000.0,0.0,117351.0,1.9869709999999998,0.021666,USA,SPM,0342
55916,186,217,675,2000.0,1563.0,0.0,0.765547,0.369255,RUS,TJK,0342
55917,103,220,675,2000.0,211069.0,0.0,0.05846799999999999,1.577531,IDN,TLS,0342
55918,162,229,675,2000.0,8313.0,0.0,1.259257,1.595796,NLD,UMI,0342
55919,174,229,675,2000.0,67479.0,0.0,-0.010024,-0.368702,PHL,UMI,0342
55920,14,240,675,2000.0,4319.0,0.0,0.039636000000000005,1.001203,AUS,VUT,0342
55921,114,240,675,2000.0,0.0,6046910.0,2.8218240000000003,0.255803,JPN,VUT,0342
55922,216,240,675,2000.0,0.0,2587966.0,0.505423,1.358217,THA,VUT,0342
55923,14,242,675,2000.0,17992.0,0.0,0.039636000000000005,1.001203,AUS,WSM,0342
55924,43,242,675,2000.0,60687.0,0.0,0.43423,2.461961,CHN,WSM,0342
55925,121,242,675,2000.0,903886.0,0.0,1.248356,1.000666,KOR,WSM,0342
55926,156,242,675,2000.0,249500.0,0.0,-0.138942,-0.903899,NCL,WSM,0342
55927,166,242,675,2000.0,4168.0,0.0,0.419671,0.809288,NZL,WSM,0342
55928,182,242,675,2000.0,1167114.0,0.0,-0.382787,-0.837533,PYF,WSM,0342
55929,216,242,675,2000.0,0.0,2490703.0,0.505423,1.358217,THA,WSM,0342
55930,231,242,675,2000.0,161974.0,0.0,1.9869709999999998,0.021666,USA,WSM,0342
55931,249,242,675,2000.0,35104.0,0.0,1.642139,1.2375639999999999,TWN,WSM,0342
55932,71,51,675,2000.0,0.0,487785.0,1.158711,1.7613189999999999,ESP,CPV,0342
55933,179,51,675,2000.0,24039.0,10759.0,0.624078,1.342565,PRT,CPV,0342
55934,188,51,675,2000.0,0.0,191775.0,0.005864,-0.983202,SAU,CPV,0342
55935,191,51,675,2000.0,1367.0,0.0,-0.449184,-0.375335,SEN,CPV,0342
55936,203,51,675,2000.0,0.0,10554.0,0.602001,-0.31771,STP,CPV,0342
55937,250,51,675,2000.0,0.0,27137.0,1.094325,-0.32521100000000003,ANS,CPV,0342
55938,81,196,675,2000.0,17565.0,0.0,2.099928,0.564025,GBR,SLE,0342
55939,90,196,675,2000.0,0.0,4051.0,0.26193,1.607656,GRC,SLE,0342
55940,111,196,675,2000.0,4710.0,0.0,1.51508,0.818283,ITA,SLE,0342
55941,114,196,675,2000.0,0.0,320452.0,2.8218240000000003,0.255803,JPN,SLE,0342
55942,121,196,675,2000.0,170320.0,0.0,1.248356,1.000666,KOR,SLE,0342
55943,162,196,675,2000.0,3047.0,0.0,1.259257,1.595796,NLD,SLE,0342
55944,191,196,675,2000.0,15988.0,0.0,-0.449184,-0.375335,SEN,SLE,0342
55945,216,196,675,2000.0,0.0,53732.0,0.505423,1.358217,THA,SLE,0342
55946,104,213,675,2000.0,25542.0,0.0,0.323006,2.3446860000000003,IND,TCA,0342
55947,112,213,675,2000.0,1396.0,0.0,-0.724729,-0.91094,JAM,TCA,0342
55948,231,213,675,2000.0,40273.0,0.0,1.9869709999999998,0.021666,USA,TCA,0342
55949,104,214,675,2000.0,23551.0,0.0,0.323006,2.3446860000000003,IND,TCD,0342
55950,162,214,675,2000.0,28709.0,0.0,1.259257,1.595796,NLD,TCD,0342
55951,64,57,675,2000.0,0.0,6515.0,1.312843,1.4304370000000002,DNK,CYM,0342
55952,112,57,675,2000.0,2911.0,0.0,-0.724729,-0.91094,JAM,CYM,0342
55953,163,57,675,2000.0,1367.0,0.0,0.6499050000000001,-0.177091,NOR,CYM,0342
55954,231,57,675,2000.0,229886.0,0.0,1.9869709999999998,0.021666,USA,CYM,0342
55955,43,88,675,2000.0,0.0,61918.0,0.43423,2.461961,CHN,GNB,0342
55956,44,88,675,2000.0,0.0,216274.0,-0.7955,-0.7019989999999999,CIV,GNB,0342
55957,111,88,675,2000.0,0.0,665948.0,1.51508,0.818283,ITA,GNB,0342
55958,121,88,675,2000.0,0.0,2150280.0,1.248356,1.000666,KOR,GNB,0342
55959,159,88,675,2000.0,0.0,403814.0,-2.192487,-1.30587,NGA,GNB,0342
55960,179,88,675,2000.0,0.0,219864.0,0.624078,1.342565,PRT,GNB,0342
55961,39,92,675,2000.0,0.0,1178015.0,1.069101,1.284017,CAN,GRL,0342
55962,61,92,675,2000.0,0.0,631890.0,2.3753580000000003,-2.4481029999999997,DEU,GRL,0342
55963,64,92,675,2000.0,254361.0,20233568.0,1.312843,1.4304370000000002,DNK,GRL,0342
55964,71,92,675,2000.0,0.0,184347.0,1.158711,1.7613189999999999,ESP,GRL,0342
55965,77,92,675,2000.0,0.0,138701.0,1.644969,0.56481,FRA,GRL,0342
55966,81,92,675,2000.0,0.0,26348.0,2.099928,0.564025,GBR,GRL,0342
55967,100,92,675,2000.0,0.0,326900.0,0.640015,1.1175899999999999,HRV,GRL,0342
55968,114,92,675,2000.0,0.0,8971991.0,2.8218240000000003,0.255803,JPN,GRL,0342
55969,163,92,675,2000.0,139676.0,63298.0,0.6499050000000001,-0.177091,NOR,GRL,0342
55970,177,92,675,2000.0,0.0,50268.0,0.9513659999999999,1.8445669999999998,POL,GRL,0342
55971,216,92,675,2000.0,0.0,337794.0,0.505423,1.358217,THA,GRL,0342
55972,249,92,675,2000.0,0.0,2111136.0,1.642139,1.2375639999999999,TWN,GRL,0342
55973,250,92,675,2000.0,72832.0,0.0,1.094325,-0.32521100000000003,ANS,GRL,0342
55974,3,6,676,2000.0,0.0,2090.0,1.626272,0.420422,AIA,ANT,0343
55975,77,6,676,2000.0,0.0,9040.0,1.644969,0.56481,FRA,ANT,0343
55976,162,6,676,2000.0,39632.0,0.0,1.259257,1.595796,NLD,ANT,0343
55977,163,6,676,2000.0,1763.0,0.0,0.6499050000000001,-0.177091,NOR,ANT,0343
55978,231,6,676,2000.0,3062.0,79032.0,1.9869709999999998,0.021666,USA,ANT,0343
55979,33,13,676,2000.0,3510.0,0.0,0.610079,0.267843,BRB,ATG,0343
55980,39,13,676,2000.0,0.0,8192.0,1.069101,1.284017,CAN,ATG,0343
55981,81,13,676,2000.0,2881.0,0.0,2.099928,0.564025,GBR,ATG,0343
55982,96,13,676,2000.0,34174.0,0.0,-0.7425069999999999,-0.892847,GUY,ATG,0343
55983,222,13,676,2000.0,4123.0,0.0,0.011104000000000001,-0.831385,TTO,ATG,0343
55984,231,13,676,2000.0,29868.0,0.0,1.9869709999999998,0.021666,USA,ATG,0343
55985,18,15,676,2000.0,20007.0,0.0,1.382578,1.406981,BEL,AUT,0343
55986,32,15,676,2000.0,19029.0,0.0,0.853466,1.28277,BRA,AUT,0343
55987,41,15,676,2000.0,0.0,103815.0,2.268929,0.538191,CHE,AUT,0343
55988,59,15,676,2000.0,117240.0,0.0,1.526256,0.9255639999999999,CZE,AUT,0343
55989,61,15,676,2000.0,2977241.0,54761.0,2.3753580000000003,-2.4481029999999997,DEU,AUT,0343
55990,64,15,676,2000.0,3649132.0,7943.0,1.312843,1.4304370000000002,DNK,AUT,0343
55991,71,15,676,2000.0,106386.0,0.0,1.158711,1.7613189999999999,ESP,AUT,0343
55992,77,15,676,2000.0,248314.0,1046.0,1.644969,0.56481,FRA,AUT,0343
55993,81,15,676,2000.0,50247.0,0.0,2.099928,0.564025,GBR,AUT,0343
55994,90,15,676,2000.0,37890.0,0.0,0.26193,1.607656,GRC,AUT,0343
55995,100,15,676,2000.0,194919.0,250054.0,0.640015,1.1175899999999999,HRV,AUT,0343
55996,103,15,676,2000.0,28282.0,0.0,0.05846799999999999,1.577531,IDN,AUT,0343
55997,106,15,676,2000.0,6217.0,0.0,1.647548,0.34018899999999996,IRL,AUT,0343
55998,109,15,676,2000.0,8622.0,0.0,-0.070436,-0.5575439999999999,ISL,AUT,0343
55999,111,15,676,2000.0,196485.0,0.0,1.51508,0.818283,ITA,AUT,0343
56000,116,15,676,2000.0,4104.0,0.0,-0.554244,-0.1757,KEN,AUT,0343
56001,160,15,676,2000.0,1003.0,0.0,-0.753571,-0.620488,NIC,AUT,0343
56002,162,15,676,2000.0,1558626.0,0.0,1.259257,1.595796,NLD,AUT,0343
56003,163,15,676,2000.0,1281954.0,0.0,0.6499050000000001,-0.177091,NOR,AUT,0343
56004,164,15,676,2000.0,0.0,1575.0,-0.366774,0.318676,NPL,AUT,0343
56005,177,15,676,2000.0,4479.0,0.0,0.9513659999999999,1.8445669999999998,POL,AUT,0343
56006,191,15,676,2000.0,24406.0,0.0,-0.449184,-0.375335,SEN,AUT,0343
56007,208,15,676,2000.0,19035.0,0.0,2.087984,0.811167,SWE,AUT,0343
56008,211,15,676,2000.0,346411.0,0.0,-0.868394,-0.9754459999999999,SYC,AUT,0343
56009,216,15,676,2000.0,1625.0,0.0,0.505423,1.358217,THA,AUT,0343
56010,224,15,676,2000.0,54882.0,0.0,0.127924,2.039773,TUR,AUT,0343
56011,231,15,676,2000.0,2671.0,0.0,1.9869709999999998,0.021666,USA,AUT,0343
56012,239,15,676,2000.0,7153.0,0.0,-0.589009,0.518708,VNM,AUT,0343
56013,15,18,676,2000.0,0.0,20007.0,1.823798,0.465513,AUT,BEL,0343
56014,39,18,676,2000.0,0.0,5267.0,1.069101,1.284017,CAN,BEL,0343
56015,41,18,676,2000.0,0.0,3856.0,2.268929,0.538191,CHE,BEL,0343
56016,42,18,676,2000.0,7661.0,0.0,-0.011509,0.0031190000000000002,CHL,BEL,0343
56017,46,18,676,2000.0,0.0,7923.0,-0.814385,-1.049396,COD,BEL,0343
56018,59,18,676,2000.0,0.0,15028.0,1.526256,0.9255639999999999,CZE,BEL,0343
56019,61,18,676,2000.0,978882.0,2522336.0,2.3753580000000003,-2.4481029999999997,DEU,BEL,0343
56020,64,18,676,2000.0,11467656.0,136995.0,1.312843,1.4304370000000002,DNK,BEL,0343
56021,71,18,676,2000.0,869332.0,7444715.0,1.158711,1.7613189999999999,ESP,BEL,0343
56022,72,18,676,2000.0,2900.0,1003.0,0.353545,0.665942,EST,BEL,0343
56023,77,18,676,2000.0,8819123.0,7750320.0,1.644969,0.56481,FRA,BEL,0343
56024,78,18,676,2000.0,2591.0,0.0,-0.25500700000000004,-0.823207,FRO,BEL,0343
56025,81,18,676,2000.0,12960443.0,47395.0,2.099928,0.564025,GBR,BEL,0343
56026,82,18,676,2000.0,0.0,4934.0,0.335756,0.217348,GEO,BEL,0343
56027,90,18,676,2000.0,2080.0,1706.0,0.26193,1.607656,GRC,BEL,0343
56028,97,18,676,2000.0,0.0,9827.0,0.564112,1.776282,HKG,BEL,0343
56029,103,18,676,2000.0,7141.0,0.0,0.05846799999999999,1.577531,IDN,BEL,0343
56030,106,18,676,2000.0,37847.0,3499.0,1.647548,0.34018899999999996,IRL,BEL,0343
56031,109,18,676,2000.0,14872387.0,1225.0,-0.070436,-0.5575439999999999,ISL,BEL,0343
56032,111,18,676,2000.0,29392.0,4907372.0,1.51508,0.818283,ITA,BEL,0343
56033,112,18,676,2000.0,236935.0,0.0,-0.724729,-0.91094,JAM,BEL,0343
56034,116,18,676,2000.0,3876.0,0.0,-0.554244,-0.1757,KEN,BEL,0343
56035,124,18,676,2000.0,0.0,1311.0,0.139623,1.095387,LBN,BEL,0343
56036,128,18,676,2000.0,60360.0,0.0,-0.497407,0.004686999999999999,LKA,BEL,0343
56037,130,18,676,2000.0,31028.0,0.0,0.22767199999999999,0.794208,LTU,BEL,0343
56038,131,18,676,2000.0,79154.0,999408.0,1.203242,1.0729790000000001,LUX,BEL,0343
56039,148,18,676,2000.0,10208.0,0.0,-1.444615,-1.29284,MRT,BEL,0343
56040,162,18,676,2000.0,11426432.0,23801424.0,1.259257,1.595796,NLD,BEL,0343
56041,163,18,676,2000.0,3632892.0,0.0,0.6499050000000001,-0.177091,NOR,BEL,0343
56042,169,18,676,2000.0,19966.0,0.0,0.107412,0.41455600000000004,PAN,BEL,0343
56043,174,18,676,2000.0,79504.0,0.0,-0.010024,-0.368702,PHL,BEL,0343
56044,177,18,676,2000.0,2139.0,0.0,0.9513659999999999,1.8445669999999998,POL,BEL,0343
56045,179,18,676,2000.0,8265.0,0.0,0.624078,1.342565,PRT,BEL,0343
56046,185,18,676,2000.0,0.0,6270.0,0.55594,1.054573,ROU,BEL,0343
56047,188,18,676,2000.0,12185.0,0.0,0.005864,-0.983202,SAU,BEL,0343
56048,190,18,676,2000.0,0.0,2358.0,-1.446942,-1.216142,SDN,BEL,0343
56049,191,18,676,2000.0,117833.0,0.0,-0.449184,-0.375335,SEN,BEL,0343
56050,205,18,676,2000.0,1559.0,0.0,-0.7238720000000001,-0.807254,SUR,BEL,0343
56051,208,18,676,2000.0,2085821.0,17566.0,2.087984,0.811167,SWE,BEL,0343
56052,226,18,676,2000.0,47204432.0,0.0,-1.14198,-0.368647,TZA,BEL,0343
56053,227,18,676,2000.0,6525736.0,0.0,-1.275188,-0.9400639999999999,UGA,BEL,0343
56054,231,18,676,2000.0,76064.0,3668.0,1.9869709999999998,0.021666,USA,BEL,0343
56055,249,18,676,2000.0,30583.0,0.0,1.642139,1.2375639999999999,TWN,BEL,0343
56056,106,23,676,2000.0,13110.0,0.0,1.647548,0.34018899999999996,IRL,BGR,0343
56057,163,23,676,2000.0,1296.0,0.0,0.6499050000000001,-0.177091,NOR,BGR,0343
56058,228,23,676,2000.0,0.0,1185.0,0.622654,1.191971,UKR,BGR,0343
56059,90,25,676,2000.0,21852.0,0.0,0.26193,1.607656,GRC,BHS,0343
56060,231,25,676,2000.0,41040.0,0.0,1.9869709999999998,0.021666,USA,BHS,0343
56061,8,32,676,2000.0,8073.0,0.0,0.140533,0.888049,ARG,BRA,0343
56062,15,32,676,2000.0,0.0,19029.0,1.823798,0.465513,AUT,BRA,0343
56063,39,32,676,2000.0,0.0,1733.0,1.069101,1.284017,CAN,BRA,0343
56064,41,32,676,2000.0,0.0,4971.0,2.268929,0.538191,CHE,BRA,0343
56065,42,32,676,2000.0,542140.0,0.0,-0.011509,0.0031190000000000002,CHL,BRA,0343
56066,43,32,676,2000.0,0.0,31423.0,0.43423,2.461961,CHN,BRA,0343
56067,61,32,676,2000.0,0.0,15618.0,2.3753580000000003,-2.4481029999999997,DEU,BRA,0343
56068,71,32,676,2000.0,16025.0,3537.0,1.158711,1.7613189999999999,ESP,BRA,0343
56069,77,32,676,2000.0,0.0,15265.0,1.644969,0.56481,FRA,BRA,0343
56070,81,32,676,2000.0,0.0,4635.0,2.099928,0.564025,GBR,BRA,0343
56071,103,32,676,2000.0,8054.0,0.0,0.05846799999999999,1.577531,IDN,BRA,0343
56072,111,32,676,2000.0,0.0,14617.0,1.51508,0.818283,ITA,BRA,0343
56073,162,32,676,2000.0,0.0,1796.0,1.259257,1.595796,NLD,BRA,0343
56074,163,32,676,2000.0,319335.0,0.0,0.6499050000000001,-0.177091,NOR,BRA,0343
56075,231,32,676,2000.0,0.0,223383.0,1.9869709999999998,0.021666,USA,BRA,0343
56076,13,33,676,2000.0,0.0,3510.0,0.146899,-0.622011,ATG,BRB,0343
56077,39,33,676,2000.0,0.0,10335.0,1.069101,1.284017,CAN,BRB,0343
56078,77,33,676,2000.0,0.0,7883.0,1.644969,0.56481,FRA,BRB,0343
56079,81,33,676,2000.0,1012.0,0.0,2.099928,0.564025,GBR,BRB,0343
56080,96,33,676,2000.0,2224.0,0.0,-0.7425069999999999,-0.892847,GUY,BRB,0343
56081,162,33,676,2000.0,0.0,1578.0,1.259257,1.595796,NLD,BRB,0343
56082,222,33,676,2000.0,199797.0,0.0,0.011104000000000001,-0.831385,TTO,BRB,0343
56083,231,33,676,2000.0,7329.0,2170.0,1.9869709999999998,0.021666,USA,BRB,0343
56084,8,39,676,2000.0,14152.0,0.0,0.140533,0.888049,ARG,CAN,0343
56085,13,39,676,2000.0,8192.0,0.0,0.146899,-0.622011,ATG,CAN,0343
56086,14,39,676,2000.0,1510.0,0.0,0.039636000000000005,1.001203,AUS,CAN,0343
56087,18,39,676,2000.0,5267.0,0.0,1.382578,1.406981,BEL,CAN,0343
56088,32,39,676,2000.0,1733.0,0.0,0.853466,1.28277,BRA,CAN,0343
56089,33,39,676,2000.0,10335.0,0.0,0.610079,0.267843,BRB,CAN,0343
56090,41,39,676,2000.0,36087.0,64919.0,2.268929,0.538191,CHE,CAN,0343
56091,42,39,676,2000.0,4152045.0,0.0,-0.011509,0.0031190000000000002,CHL,CAN,0343
56092,43,39,676,2000.0,1213347.0,0.0,0.43423,2.461961,CHN,CAN,0343
56093,52,39,676,2000.0,32959.0,0.0,-0.136989,-0.190298,CRI,CAN,0343
56094,54,39,676,2000.0,3919.0,0.0,-0.800886,-1.133715,CUB,CAN,0343
56095,61,39,676,2000.0,10820.0,33017.0,2.3753580000000003,-2.4481029999999997,DEU,CAN,0343
56096,64,39,676,2000.0,29299.0,0.0,1.312843,1.4304370000000002,DNK,CAN,0343
56097,67,39,676,2000.0,113325.0,0.0,-1.016643,-0.8385469999999999,ECU,CAN,0343
56098,68,39,676,2000.0,0.0,40307.0,-0.365578,0.01634,EGY,CAN,0343
56099,72,39,676,2000.0,14569.0,0.0,0.353545,0.665942,EST,CAN,0343
56100,74,39,676,2000.0,0.0,1806.0,1.9705560000000002,0.874341,FIN,CAN,0343
56101,75,39,676,2000.0,3437.0,0.0,-0.775963,-0.28976999999999997,FJI,CAN,0343
56102,77,39,676,2000.0,4946.0,0.0,1.644969,0.56481,FRA,CAN,0343
56103,81,39,676,2000.0,15774.0,19657.0,2.099928,0.564025,GBR,CAN,0343
56104,90,39,676,2000.0,0.0,4705.0,0.26193,1.607656,GRC,CAN,0343
56105,92,39,676,2000.0,452895.0,0.0,-0.365398,-0.849985,GRL,CAN,0343
56106,96,39,676,2000.0,2931.0,0.0,-0.7425069999999999,-0.892847,GUY,CAN,0343
56107,97,39,676,2000.0,26802.0,2150.0,0.564112,1.776282,HKG,CAN,0343
56108,99,39,676,2000.0,4901.0,0.0,-0.756031,-0.58392,HND,CAN,0343
56109,104,39,676,2000.0,12698.0,0.0,0.323006,2.3446860000000003,IND,CAN,0343
56110,106,39,676,2000.0,17868.0,0.0,1.647548,0.34018899999999996,IRL,CAN,0343
56111,109,39,676,2000.0,1136.0,0.0,-0.070436,-0.5575439999999999,ISL,CAN,0343
56112,111,39,676,2000.0,28360.0,30218.0,1.51508,0.818283,ITA,CAN,0343
56113,112,39,676,2000.0,277543.0,0.0,-0.724729,-0.91094,JAM,CAN,0343
56114,114,39,676,2000.0,910790.0,222669.0,2.8218240000000003,0.255803,JPN,CAN,0343
56115,121,39,676,2000.0,0.0,11544.0,1.248356,1.000666,KOR,CAN,0343
56116,138,39,676,2000.0,0.0,7669.0,0.9020379999999999,0.671139,MEX,CAN,0343
56117,162,39,676,2000.0,82641.0,0.0,1.259257,1.595796,NLD,CAN,0343
56118,163,39,676,2000.0,86930.0,0.0,0.6499050000000001,-0.177091,NOR,CAN,0343
56119,166,39,676,2000.0,84198.0,0.0,0.419671,0.809288,NZL,CAN,0343
56120,169,39,676,2000.0,220493.0,0.0,0.107412,0.41455600000000004,PAN,CAN,0343
56121,174,39,676,2000.0,7966.0,0.0,-0.010024,-0.368702,PHL,CAN,0343
56122,186,39,676,2000.0,112737.0,0.0,0.765547,0.369255,RUS,CAN,0343
56123,188,39,676,2000.0,16542.0,0.0,0.005864,-0.983202,SAU,CAN,0343
56124,191,39,676,2000.0,11070.0,0.0,-0.449184,-0.375335,SEN,CAN,0343
56125,192,39,676,2000.0,0.0,19898.0,1.5432860000000002,0.519856,SGP,CAN,0343
56126,216,39,676,2000.0,36156.0,0.0,0.505423,1.358217,THA,CAN,0343
56127,224,39,676,2000.0,1815.0,0.0,0.127924,2.039773,TUR,CAN,0343
56128,231,39,676,2000.0,20598594.0,151984512.0,1.9869709999999998,0.021666,USA,CAN,0343
56129,249,39,676,2000.0,4332.0,64781.0,1.642139,1.2375639999999999,TWN,CAN,0343
56130,7,41,676,2000.0,1772.0,0.0,-0.421385,-0.675566,ARE,CHE,0343
56131,14,41,676,2000.0,4942.0,0.0,0.039636000000000005,1.001203,AUS,CHE,0343
56132,15,41,676,2000.0,103815.0,0.0,1.823798,0.465513,AUT,CHE,0343
56133,18,41,676,2000.0,3856.0,0.0,1.382578,1.406981,BEL,CHE,0343
56134,32,41,676,2000.0,4971.0,0.0,0.853466,1.28277,BRA,CHE,0343
56135,39,41,676,2000.0,64919.0,36087.0,1.069101,1.284017,CAN,CHE,0343
56136,42,41,676,2000.0,166111.0,0.0,-0.011509,0.0031190000000000002,CHL,CHE,0343
56137,61,41,676,2000.0,907979.0,0.0,2.3753580000000003,-2.4481029999999997,DEU,CHE,0343
56138,64,41,676,2000.0,9296921.0,0.0,1.312843,1.4304370000000002,DNK,CHE,0343
56139,71,41,676,2000.0,79178.0,0.0,1.158711,1.7613189999999999,ESP,CHE,0343
56140,72,41,676,2000.0,3566343.0,0.0,0.353545,0.665942,EST,CHE,0343
56141,74,41,676,2000.0,9157.0,0.0,1.9705560000000002,0.874341,FIN,CHE,0343
56142,77,41,676,2000.0,994786.0,0.0,1.644969,0.56481,FRA,CHE,0343
56143,78,41,676,2000.0,1361.0,0.0,-0.25500700000000004,-0.823207,FRO,CHE,0343
56144,81,41,676,2000.0,29485.0,0.0,2.099928,0.564025,GBR,CHE,0343
56145,90,41,676,2000.0,1248.0,0.0,0.26193,1.607656,GRC,CHE,0343
56146,93,41,676,2000.0,1017.0,0.0,-0.37711100000000003,0.191477,GTM,CHE,0343
56147,103,41,676,2000.0,5557.0,0.0,0.05846799999999999,1.577531,IDN,CHE,0343
56148,104,41,676,2000.0,3460.0,0.0,0.323006,2.3446860000000003,IND,CHE,0343
56149,106,41,676,2000.0,535924.0,0.0,1.647548,0.34018899999999996,IRL,CHE,0343
56150,107,41,676,2000.0,16051.0,0.0,-0.8148770000000001,-1.040305,IRN,CHE,0343
56151,109,41,676,2000.0,1013916.0,0.0,-0.070436,-0.5575439999999999,ISL,CHE,0343
56152,111,41,676,2000.0,509166.0,0.0,1.51508,0.818283,ITA,CHE,0343
56153,128,41,676,2000.0,14726.0,0.0,-0.497407,0.004686999999999999,LKA,CHE,0343
56154,134,41,676,2000.0,5259.0,0.0,-0.5460510000000001,-0.33865100000000004,MAR,CHE,0343
56155,153,41,676,2000.0,4610.0,0.0,0.789007,0.16084600000000002,MYS,CHE,0343
56156,161,41,676,2000.0,31248.0,0.0,0.896134,-0.22487600000000002,NIU,CHE,0343
56157,162,41,676,2000.0,7423486.0,0.0,1.259257,1.595796,NLD,CHE,0343
56158,163,41,676,2000.0,4053634.0,0.0,0.6499050000000001,-0.177091,NOR,CHE,0343
56159,166,41,676,2000.0,100947.0,0.0,0.419671,0.809288,NZL,CHE,0343
56160,167,41,676,2000.0,259881.0,0.0,-1.291169,-1.3004040000000001,OMN,CHE,0343
56161,174,41,676,2000.0,640017.0,0.0,-0.010024,-0.368702,PHL,CHE,0343
56162,177,41,676,2000.0,1749805.0,0.0,0.9513659999999999,1.8445669999999998,POL,CHE,0343
56163,179,41,676,2000.0,14868.0,0.0,0.624078,1.342565,PRT,CHE,0343
56164,186,41,676,2000.0,128695.0,0.0,0.765547,0.369255,RUS,CHE,0343
56165,191,41,676,2000.0,279677.0,0.0,-0.449184,-0.375335,SEN,CHE,0343
56166,197,41,676,2000.0,2271.0,0.0,-0.077776,-0.084655,SLV,CHE,0343
56167,208,41,676,2000.0,10753.0,0.0,2.087984,0.811167,SWE,CHE,0343
56168,216,41,676,2000.0,24909.0,0.0,0.505423,1.358217,THA,CHE,0343
56169,224,41,676,2000.0,124790.0,0.0,0.127924,2.039773,TUR,CHE,0343
56170,231,41,676,2000.0,48750.0,1673.0,1.9869709999999998,0.021666,USA,CHE,0343
56171,239,41,676,2000.0,531595.0,0.0,-0.589009,0.518708,VNM,CHE,0343
56172,8,42,676,2000.0,0.0,448251.0,0.140533,0.888049,ARG,CHL,0343
56173,18,42,676,2000.0,0.0,7661.0,1.382578,1.406981,BEL,CHL,0343
56174,31,42,676,2000.0,0.0,9998.0,-0.400861,-0.41780900000000004,BOL,CHL,0343
56175,32,42,676,2000.0,0.0,542140.0,0.853466,1.28277,BRA,CHL,0343
56176,39,42,676,2000.0,0.0,4152045.0,1.069101,1.284017,CAN,CHL,0343
56177,41,42,676,2000.0,0.0,166111.0,2.268929,0.538191,CHE,CHL,0343
56178,49,42,676,2000.0,0.0,100926.0,0.12351400000000001,0.255517,COL,CHL,0343
56179,52,42,676,2000.0,0.0,16431.0,-0.136989,-0.190298,CRI,CHL,0343
56180,54,42,676,2000.0,0.0,107532.0,-0.800886,-1.133715,CUB,CHL,0343
56181,61,42,676,2000.0,0.0,98036.0,2.3753580000000003,-2.4481029999999997,DEU,CHL,0343
56182,67,42,676,2000.0,0.0,66746.0,-1.016643,-0.8385469999999999,ECU,CHL,0343
56183,71,42,676,2000.0,0.0,363314.0,1.158711,1.7613189999999999,ESP,CHL,0343
56184,77,42,676,2000.0,0.0,203689.0,1.644969,0.56481,FRA,CHL,0343
56185,81,42,676,2000.0,0.0,1025189.0,2.099928,0.564025,GBR,CHL,0343
56186,111,42,676,2000.0,0.0,170157.0,1.51508,0.818283,ITA,CHL,0343
56187,114,42,676,2000.0,0.0,52620.0,2.8218240000000003,0.255803,JPN,CHL,0343
56188,138,42,676,2000.0,0.0,3365366.0,0.9020379999999999,0.671139,MEX,CHL,0343
56189,162,42,676,2000.0,0.0,21594.0,1.259257,1.595796,NLD,CHL,0343
56190,163,42,676,2000.0,2607.0,64133.0,0.6499050000000001,-0.177091,NOR,CHL,0343
56191,173,42,676,2000.0,0.0,65141.0,-0.390278,-0.018691,PER,CHL,0343
56192,179,42,676,2000.0,0.0,28632.0,0.624078,1.342565,PRT,CHL,0343
56193,180,42,676,2000.0,0.0,24942.0,-0.82839,-0.8787010000000001,PRY,CHL,0343
56194,182,42,676,2000.0,0.0,65750.0,-0.382787,-0.837533,PYF,CHL,0343
56195,208,42,676,2000.0,0.0,80028.0,2.087984,0.811167,SWE,CHL,0343
56196,230,42,676,2000.0,0.0,3621.0,0.18688,0.575136,URY,CHL,0343
56197,231,42,676,2000.0,0.0,281332832.0,1.9869709999999998,0.021666,USA,CHL,0343
56198,236,42,676,2000.0,0.0,123872.0,-0.12500999999999998,-0.8610610000000001,VEN,CHL,0343
56199,246,42,676,2000.0,0.0,15327.0,0.304739,2.2212709999999998,ZAF,CHL,0343
56200,250,42,676,2000.0,0.0,62819.0,1.094325,-0.32521100000000003,ANS,CHL,0343
56201,14,43,676,2000.0,53780.0,0.0,0.039636000000000005,1.001203,AUS,CHN,0343
56202,32,43,676,2000.0,31423.0,0.0,0.853466,1.28277,BRA,CHN,0343
56203,39,43,676,2000.0,0.0,1213347.0,1.069101,1.284017,CAN,CHN,0343
56204,59,43,676,2000.0,0.0,118893.0,1.526256,0.9255639999999999,CZE,CHN,0343
56205,71,43,676,2000.0,315777.0,0.0,1.158711,1.7613189999999999,ESP,CHN,0343
56206,77,43,676,2000.0,0.0,26173.0,1.644969,0.56481,FRA,CHN,0343
56207,81,43,676,2000.0,0.0,66942.0,2.099928,0.564025,GBR,CHN,0343
56208,97,43,676,2000.0,165242.0,7266664.0,0.564112,1.776282,HKG,CHN,0343
56209,102,43,676,2000.0,0.0,4319.0,1.047497,1.284513,HUN,CHN,0343
56210,103,43,676,2000.0,41112.0,0.0,0.05846799999999999,1.577531,IDN,CHN,0343
56211,106,43,676,2000.0,27584.0,0.0,1.647548,0.34018899999999996,IRL,CHN,0343
56212,114,43,676,2000.0,101511.0,628932.0,2.8218240000000003,0.255803,JPN,CHN,0343
56213,121,43,676,2000.0,0.0,35033.0,1.248356,1.000666,KOR,CHN,0343
56214,133,43,676,2000.0,1106.0,365499.0,-0.19656300000000002,-0.519896,MAC,CHN,0343
56215,142,43,676,2000.0,0.0,3710.0,0.8771450000000001,-0.013614,MLT,CHN,0343
56216,153,43,676,2000.0,5579.0,0.0,0.789007,0.16084600000000002,MYS,CHN,0343
56217,162,43,676,2000.0,0.0,41671.0,1.259257,1.595796,NLD,CHN,0343
56218,163,43,676,2000.0,34026.0,29110.0,0.6499050000000001,-0.177091,NOR,CHN,0343
56219,166,43,676,2000.0,0.0,1540.0,0.419671,0.809288,NZL,CHN,0343
56220,169,43,676,2000.0,5443.0,0.0,0.107412,0.41455600000000004,PAN,CHN,0343
56221,174,43,676,2000.0,29714.0,0.0,-0.010024,-0.368702,PHL,CHN,0343
56222,206,43,676,2000.0,0.0,37827.0,1.3226360000000001,1.1967809999999999,SVK,CHN,0343
56223,207,43,676,2000.0,0.0,3822.0,1.485695,1.122069,SVN,CHN,0343
56224,216,43,676,2000.0,16193.0,0.0,0.505423,1.358217,THA,CHN,0343
56225,224,43,676,2000.0,0.0,7958.0,0.127924,2.039773,TUR,CHN,0343
56226,226,43,676,2000.0,8669.0,0.0,-1.14198,-0.368647,TZA,CHN,0343
56227,230,43,676,2000.0,41006.0,0.0,0.18688,0.575136,URY,CHN,0343
56228,231,43,676,2000.0,333531.0,863224.0,1.9869709999999998,0.021666,USA,CHN,0343
56229,42,49,676,2000.0,100926.0,0.0,-0.011509,0.0031190000000000002,CHL,COL,0343
56230,67,49,676,2000.0,14653.0,0.0,-1.016643,-0.8385469999999999,ECU,COL,0343
56231,207,49,676,2000.0,0.0,1435.0,1.485695,1.122069,SVN,COL,0343
56232,231,49,676,2000.0,105278.0,259668.0,1.9869709999999998,0.021666,USA,COL,0343
56233,39,52,676,2000.0,0.0,32959.0,1.069101,1.284017,CAN,CRI,0343
56234,42,52,676,2000.0,16431.0,0.0,-0.011509,0.0031190000000000002,CHL,CRI,0343
56235,71,52,676,2000.0,2044.0,21589.0,1.158711,1.7613189999999999,ESP,CRI,0343
56236,77,52,676,2000.0,0.0,8977.0,1.644969,0.56481,FRA,CRI,0343
56237,81,52,676,2000.0,0.0,181573.0,2.099928,0.564025,GBR,CRI,0343
56238,111,52,676,2000.0,0.0,26251.0,1.51508,0.818283,ITA,CRI,0343
56239,169,52,676,2000.0,224423.0,0.0,0.107412,0.41455600000000004,PAN,CRI,0343
56240,231,52,676,2000.0,49720.0,19525690.0,1.9869709999999998,0.021666,USA,CRI,0343
56241,250,52,676,2000.0,0.0,1471.0,1.094325,-0.32521100000000003,ANS,CRI,0343
56242,39,54,676,2000.0,0.0,3919.0,1.069101,1.284017,CAN,CUB,0343
56243,42,54,676,2000.0,107532.0,0.0,-0.011509,0.0031190000000000002,CHL,CUB,0343
56244,71,54,676,2000.0,58572.0,0.0,1.158711,1.7613189999999999,ESP,CUB,0343
56245,15,59,676,2000.0,0.0,117240.0,1.823798,0.465513,AUT,CZE,0343
56246,18,59,676,2000.0,15028.0,0.0,1.382578,1.406981,BEL,CZE,0343
56247,43,59,676,2000.0,118893.0,0.0,0.43423,2.461961,CHN,CZE,0343
56248,61,59,676,2000.0,88224.0,55164.0,2.3753580000000003,-2.4481029999999997,DEU,CZE,0343
56249,64,59,676,2000.0,45133.0,0.0,1.312843,1.4304370000000002,DNK,CZE,0343
56250,71,59,676,2000.0,4987.0,0.0,1.158711,1.7613189999999999,ESP,CZE,0343
56251,77,59,676,2000.0,110471.0,0.0,1.644969,0.56481,FRA,CZE,0343
56252,81,59,676,2000.0,18258.0,0.0,2.099928,0.564025,GBR,CZE,0343
56253,102,59,676,2000.0,12084.0,0.0,1.047497,1.284513,HUN,CZE,0343
56254,106,59,676,2000.0,11757.0,0.0,1.647548,0.34018899999999996,IRL,CZE,0343
56255,162,59,676,2000.0,1966.0,0.0,1.259257,1.595796,NLD,CZE,0343
56256,163,59,676,2000.0,30466.0,0.0,0.6499050000000001,-0.177091,NOR,CZE,0343
56257,173,59,676,2000.0,2419.0,0.0,-0.390278,-0.018691,PER,CZE,0343
56258,206,59,676,2000.0,9858.0,55252.0,1.3226360000000001,1.1967809999999999,SVK,CZE,0343
56259,228,59,676,2000.0,0.0,1068.0,0.622654,1.191971,UKR,CZE,0343
56260,7,61,676,2000.0,2844.0,21163.0,-0.421385,-0.675566,ARE,DEU,0343
56261,8,61,676,2000.0,265632.0,0.0,0.140533,0.888049,ARG,DEU,0343
56262,14,61,676,2000.0,4608.0,0.0,0.039636000000000005,1.001203,AUS,DEU,0343
56263,15,61,676,2000.0,54761.0,2977241.0,1.823798,0.465513,AUT,DEU,0343
56264,18,61,676,2000.0,2522336.0,978882.0,1.382578,1.406981,BEL,DEU,0343
56265,24,61,676,2000.0,0.0,9993.0,-0.270413,-0.882984,BHR,DEU,0343
56266,32,61,676,2000.0,15618.0,0.0,0.853466,1.28277,BRA,DEU,0343
56267,39,61,676,2000.0,33017.0,10820.0,1.069101,1.284017,CAN,DEU,0343
56268,41,61,676,2000.0,0.0,907979.0,2.268929,0.538191,CHE,DEU,0343
56269,42,61,676,2000.0,98036.0,0.0,-0.011509,0.0031190000000000002,CHL,DEU,0343
56270,51,61,676,2000.0,1863.0,0.0,0.358579,-0.238117,CPV,DEU,0343
56271,59,61,676,2000.0,55164.0,88224.0,1.526256,0.9255639999999999,CZE,DEU,0343
56272,64,61,676,2000.0,79038064.0,640146.0,1.312843,1.4304370000000002,DNK,DEU,0343
56273,69,61,676,2000.0,293621.0,0.0,0.159365,-0.437571,ERI,DEU,0343
56274,71,61,676,2000.0,290826.0,1624970.0,1.158711,1.7613189999999999,ESP,DEU,0343
56275,72,61,676,2000.0,1609908.0,0.0,0.353545,0.665942,EST,DEU,0343
56276,74,61,676,2000.0,51094.0,4851.0,1.9705560000000002,0.874341,FIN,DEU,0343
56277,75,61,676,2000.0,402923.0,0.0,-0.775963,-0.28976999999999997,FJI,DEU,0343
56278,77,61,676,2000.0,4488940.0,4109698.0,1.644969,0.56481,FRA,DEU,0343
56279,78,61,676,2000.0,213864.0,0.0,-0.25500700000000004,-0.823207,FRO,DEU,0343
56280,81,61,676,2000.0,18171976.0,655574.0,2.099928,0.564025,GBR,DEU,0343
56281,82,61,676,2000.0,11929.0,0.0,0.335756,0.217348,GEO,DEU,0343
56282,90,61,676,2000.0,87004.0,51905.0,0.26193,1.607656,GRC,DEU,0343
56283,97,61,676,2000.0,0.0,1903.0,0.564112,1.776282,HKG,DEU,0343
56284,103,61,676,2000.0,465468.0,0.0,0.05846799999999999,1.577531,IDN,DEU,0343
56285,104,61,676,2000.0,1958.0,0.0,0.323006,2.3446860000000003,IND,DEU,0343
56286,106,61,676,2000.0,921060.0,5729.0,1.647548,0.34018899999999996,IRL,DEU,0343
56287,109,61,676,2000.0,3845080.0,2768.0,-0.070436,-0.5575439999999999,ISL,DEU,0343
56288,111,61,676,2000.0,1007500.0,467515.0,1.51508,0.818283,ITA,DEU,0343
56289,112,61,676,2000.0,86443.0,0.0,-0.724729,-0.91094,JAM,DEU,0343
56290,116,61,676,2000.0,87333.0,0.0,-0.554244,-0.1757,KEN,DEU,0343
56291,128,61,676,2000.0,1113964.0,0.0,-0.497407,0.004686999999999999,LKA,DEU,0343
56292,130,61,676,2000.0,16796.0,8722.0,0.22767199999999999,0.794208,LTU,DEU,0343
56293,131,61,676,2000.0,28962.0,62139.0,1.203242,1.0729790000000001,LUX,DEU,0343
56294,132,61,676,2000.0,0.0,17226.0,0.27229699999999996,0.402929,LVA,DEU,0343
56295,137,61,676,2000.0,4130.0,0.0,-1.070968,-1.0570469999999998,MDV,DEU,0343
56296,142,61,676,2000.0,0.0,7060.0,0.8771450000000001,-0.013614,MLT,DEU,0343
56297,148,61,676,2000.0,1497.0,0.0,-1.444615,-1.29284,MRT,DEU,0343
56298,155,61,676,2000.0,72906.0,0.0,-0.42796999999999996,-0.643361,NAM,DEU,0343
56299,162,61,676,2000.0,26889282.0,5363664.0,1.259257,1.595796,NLD,DEU,0343
56300,163,61,676,2000.0,11264718.0,18484.0,0.6499050000000001,-0.177091,NOR,DEU,0343
56301,166,61,676,2000.0,78236.0,0.0,0.419671,0.809288,NZL,DEU,0343
56302,167,61,676,2000.0,224613.0,0.0,-1.291169,-1.3004040000000001,OMN,DEU,0343
56303,177,61,676,2000.0,367695.0,165035.0,0.9513659999999999,1.8445669999999998,POL,DEU,0343
56304,179,61,676,2000.0,15367.0,14316.0,0.624078,1.342565,PRT,DEU,0343
56305,185,61,676,2000.0,1901.0,0.0,0.55594,1.054573,ROU,DEU,0343
56306,186,61,676,2000.0,1092337.0,8849.0,0.765547,0.369255,RUS,DEU,0343
56307,191,61,676,2000.0,282790.0,0.0,-0.449184,-0.375335,SEN,DEU,0343
56308,206,61,676,2000.0,10968.0,1642.0,1.3226360000000001,1.1967809999999999,SVK,DEU,0343
56309,208,61,676,2000.0,1486160.0,38023.0,2.087984,0.811167,SWE,DEU,0343
56310,211,61,676,2000.0,161931.0,0.0,-0.868394,-0.9754459999999999,SYC,DEU,0343
56311,216,61,676,2000.0,1542.0,0.0,0.505423,1.358217,THA,DEU,0343
56312,226,61,676,2000.0,917985.0,0.0,-1.14198,-0.368647,TZA,DEU,0343
56313,227,61,676,2000.0,343962.0,0.0,-1.275188,-0.9400639999999999,UGA,DEU,0343
56314,231,61,676,2000.0,115424.0,57029.0,1.9869709999999998,0.021666,USA,DEU,0343
56315,243,61,676,2000.0,131125.0,0.0,-1.6733,-1.292217,YEM,DEU,0343
56316,250,61,676,2000.0,0.0,9962.0,1.094325,-0.32521100000000003,ANS,DEU,0343
56317,7,64,676,2000.0,0.0,1861.0,-0.421385,-0.675566,ARE,DNK,0343
56318,8,64,676,2000.0,4232.0,0.0,0.140533,0.888049,ARG,DNK,0343
56319,15,64,676,2000.0,7943.0,3649132.0,1.823798,0.465513,AUT,DNK,0343
56320,16,64,676,2000.0,0.0,8498.0,-0.36515,-0.8104979999999999,AZE,DNK,0343
56321,18,64,676,2000.0,136995.0,11467656.0,1.382578,1.406981,BEL,DNK,0343
56322,39,64,676,2000.0,0.0,29299.0,1.069101,1.284017,CAN,DNK,0343
56323,41,64,676,2000.0,0.0,9296921.0,2.268929,0.538191,CHE,DNK,0343
56324,58,64,676,2000.0,0.0,23787.0,0.264835,0.268755,CYP,DNK,0343
56325,59,64,676,2000.0,0.0,45133.0,1.526256,0.9255639999999999,CZE,DNK,0343
56326,61,64,676,2000.0,640146.0,79038064.0,2.3753580000000003,-2.4481029999999997,DEU,DNK,0343
56327,71,64,676,2000.0,36829.0,12750932.0,1.158711,1.7613189999999999,ESP,DNK,0343
56328,72,64,676,2000.0,1838283.0,1739.0,0.353545,0.665942,EST,DNK,0343
56329,74,64,676,2000.0,2685.0,414890.0,1.9705560000000002,0.874341,FIN,DNK,0343
56330,77,64,676,2000.0,87188.0,14249404.0,1.644969,0.56481,FRA,DNK,0343
56331,78,64,676,2000.0,8093991.0,2438.0,-0.25500700000000004,-0.823207,FRO,DNK,0343
56332,81,64,676,2000.0,247714.0,1700834.0,2.099928,0.564025,GBR,DNK,0343
56333,90,64,676,2000.0,0.0,47030.0,0.26193,1.607656,GRC,DNK,0343
56334,92,64,676,2000.0,215004.0,12544.0,-0.365398,-0.849985,GRL,DNK,0343
56335,97,64,676,2000.0,0.0,21723.0,0.564112,1.776282,HKG,DNK,0343
56336,102,64,676,2000.0,0.0,18221.0,1.047497,1.284513,HUN,DNK,0343
56337,106,64,676,2000.0,128059.0,7332.0,1.647548,0.34018899999999996,IRL,DNK,0343
56338,109,64,676,2000.0,166173.0,3143.0,-0.070436,-0.5575439999999999,ISL,DNK,0343
56339,111,64,676,2000.0,43921.0,16338310.0,1.51508,0.818283,ITA,DNK,0343
56340,113,64,676,2000.0,0.0,1463.0,0.677723,1.497694,JOR,DNK,0343
56341,114,64,676,2000.0,0.0,33757.0,2.8218240000000003,0.255803,JPN,DNK,0343
56342,121,64,676,2000.0,0.0,10730.0,1.248356,1.000666,KOR,DNK,0343
56343,127,64,676,2000.0,0.0,2164.0,-0.0033490000000000004,-0.6011340000000001,LCA,DNK,0343
56344,130,64,676,2000.0,0.0,24722.0,0.22767199999999999,0.794208,LTU,DNK,0343
56345,131,64,676,2000.0,0.0,80695.0,1.203242,1.0729790000000001,LUX,DNK,0343
56346,132,64,676,2000.0,0.0,1162.0,0.27229699999999996,0.402929,LVA,DNK,0343
56347,142,64,676,2000.0,0.0,2898.0,0.8771450000000001,-0.013614,MLT,DNK,0343
56348,162,64,676,2000.0,1025021.0,4777478.0,1.259257,1.595796,NLD,DNK,0343
56349,163,64,676,2000.0,6407216.0,497815.0,0.6499050000000001,-0.177091,NOR,DNK,0343
56350,166,64,676,2000.0,4037.0,0.0,0.419671,0.809288,NZL,DNK,0343
56351,177,64,676,2000.0,28976.0,1291737.0,0.9513659999999999,1.8445669999999998,POL,DNK,0343
56352,179,64,676,2000.0,26471.0,3115.0,0.624078,1.342565,PRT,DNK,0343
56353,186,64,676,2000.0,12103.0,0.0,0.765547,0.369255,RUS,DNK,0343
56354,192,64,676,2000.0,0.0,1226.0,1.5432860000000002,0.519856,SGP,DNK,0343
56355,206,64,676,2000.0,0.0,2254.0,1.3226360000000001,1.1967809999999999,SVK,DNK,0343
56356,207,64,676,2000.0,0.0,6710.0,1.485695,1.122069,SVN,DNK,0343
56357,208,64,676,2000.0,4388324.0,8589071.0,2.087984,0.811167,SWE,DNK,0343
56358,224,64,676,2000.0,6344.0,13752.0,0.127924,2.039773,TUR,DNK,0343
56359,228,64,676,2000.0,0.0,5188.0,0.622654,1.191971,UKR,DNK,0343
56360,231,64,676,2000.0,9437.0,6400.0,1.9869709999999998,0.021666,USA,DNK,0343
56361,250,64,676,2000.0,5855.0,2468.0,1.094325,-0.32521100000000003,ANS,DNK,0343
56362,1,67,676,2000.0,0.0,36239.0,-0.321246,-0.499699,AFG,ECU,0343
56363,39,67,676,2000.0,0.0,113325.0,1.069101,1.284017,CAN,ECU,0343
56364,42,67,676,2000.0,66746.0,0.0,-0.011509,0.0031190000000000002,CHL,ECU,0343
56365,49,67,676,2000.0,0.0,14653.0,0.12351400000000001,0.255517,COL,ECU,0343
56366,77,67,676,2000.0,2785.0,2293.0,1.644969,0.56481,FRA,ECU,0343
56367,81,67,676,2000.0,0.0,629833.0,2.099928,0.564025,GBR,ECU,0343
56368,111,67,676,2000.0,0.0,6418.0,1.51508,0.818283,ITA,ECU,0343
56369,162,67,676,2000.0,0.0,19594.0,1.259257,1.595796,NLD,ECU,0343
56370,169,67,676,2000.0,3182.0,0.0,0.107412,0.41455600000000004,PAN,ECU,0343
56371,231,67,676,2000.0,0.0,23951606.0,1.9869709999999998,0.021666,USA,ECU,0343
56372,236,67,676,2000.0,0.0,3271.0,-0.12500999999999998,-0.8610610000000001,VEN,ECU,0343
56373,8,71,676,2000.0,414050.0,0.0,0.140533,0.888049,ARG,ESP,0343
56374,15,71,676,2000.0,0.0,106386.0,1.823798,0.465513,AUT,ESP,0343
56375,18,71,676,2000.0,7444715.0,869332.0,1.382578,1.406981,BEL,ESP,0343
56376,32,71,676,2000.0,3537.0,16025.0,0.853466,1.28277,BRA,ESP,0343
56377,41,71,676,2000.0,0.0,79178.0,2.268929,0.538191,CHE,ESP,0343
56378,42,71,676,2000.0,363314.0,0.0,-0.011509,0.0031190000000000002,CHL,ESP,0343
56379,43,71,676,2000.0,0.0,315777.0,0.43423,2.461961,CHN,ESP,0343
56380,44,71,676,2000.0,101487.0,0.0,-0.7955,-0.7019989999999999,CIV,ESP,0343
56381,52,71,676,2000.0,21589.0,2044.0,-0.136989,-0.190298,CRI,ESP,0343
56382,54,71,676,2000.0,0.0,58572.0,-0.800886,-1.133715,CUB,ESP,0343
56383,59,71,676,2000.0,0.0,4987.0,1.526256,0.9255639999999999,CZE,ESP,0343
56384,61,71,676,2000.0,1624970.0,290826.0,2.3753580000000003,-2.4481029999999997,DEU,ESP,0343
56385,64,71,676,2000.0,12750932.0,36829.0,1.312843,1.4304370000000002,DNK,ESP,0343
56386,65,71,676,2000.0,0.0,6667.0,-0.5679569999999999,-0.61125,DOM,ESP,0343
56387,66,71,676,2000.0,0.0,14012.0,-0.9876940000000001,-1.194216,DZA,ESP,0343
56388,72,71,676,2000.0,0.0,1923.0,0.353545,0.665942,EST,ESP,0343
56389,77,71,676,2000.0,1766815.0,4177662.0,1.644969,0.56481,FRA,ESP,0343
56390,78,71,676,2000.0,11466.0,0.0,-0.25500700000000004,-0.823207,FRO,ESP,0343
56391,81,71,676,2000.0,1031028.0,773026.0,2.099928,0.564025,GBR,ESP,0343
56392,85,71,676,2000.0,7903.0,0.0,-1.632607,-1.261362,GIN,ESP,0343
56393,90,71,676,2000.0,21269.0,52497.0,0.26193,1.607656,GRC,ESP,0343
56394,97,71,676,2000.0,0.0,5728712.0,0.564112,1.776282,HKG,ESP,0343
56395,103,71,676,2000.0,36919.0,0.0,0.05846799999999999,1.577531,IDN,ESP,0343
56396,106,71,676,2000.0,256124.0,0.0,1.647548,0.34018899999999996,IRL,ESP,0343
56397,109,71,676,2000.0,387457.0,0.0,-0.070436,-0.5575439999999999,ISL,ESP,0343
56398,110,71,676,2000.0,0.0,5339.0,1.4153870000000002,0.828117,ISR,ESP,0343
56399,111,71,676,2000.0,281194.0,3158286.0,1.51508,0.818283,ITA,ESP,0343
56400,114,71,676,2000.0,0.0,1343137.0,2.8218240000000003,0.255803,JPN,ESP,0343
56401,131,71,676,2000.0,56654.0,0.0,1.203242,1.0729790000000001,LUX,ESP,0343
56402,134,71,676,2000.0,144602.0,0.0,-0.5460510000000001,-0.33865100000000004,MAR,ESP,0343
56403,138,71,676,2000.0,11907.0,9831.0,0.9020379999999999,0.671139,MEX,ESP,0343
56404,142,71,676,2000.0,0.0,1211.0,0.8771450000000001,-0.013614,MLT,ESP,0343
56405,148,71,676,2000.0,10951.0,118213.0,-1.444615,-1.29284,MRT,ESP,0343
56406,155,71,676,2000.0,350432.0,0.0,-0.42796999999999996,-0.643361,NAM,ESP,0343
56407,162,71,676,2000.0,18543858.0,1611443.0,1.259257,1.595796,NLD,ESP,0343
56408,163,71,676,2000.0,2119185.0,0.0,0.6499050000000001,-0.177091,NOR,ESP,0343
56409,166,71,676,2000.0,2380.0,0.0,0.419671,0.809288,NZL,ESP,0343
56410,167,71,676,2000.0,10184.0,0.0,-1.291169,-1.3004040000000001,OMN,ESP,0343
56411,169,71,676,2000.0,3651.0,0.0,0.107412,0.41455600000000004,PAN,ESP,0343
56412,173,71,676,2000.0,19840.0,4609.0,-0.390278,-0.018691,PER,ESP,0343
56413,179,71,676,2000.0,421752.0,1380762.0,0.624078,1.342565,PRT,ESP,0343
56414,186,71,676,2000.0,0.0,9232.0,0.765547,0.369255,RUS,ESP,0343
56415,191,71,676,2000.0,116637.0,1944.0,-0.449184,-0.375335,SEN,ESP,0343
56416,192,71,676,2000.0,0.0,260085.0,1.5432860000000002,0.519856,SGP,ESP,0343
56417,208,71,676,2000.0,1331829.0,0.0,2.087984,0.811167,SWE,ESP,0343
56418,224,71,676,2000.0,1848.0,0.0,0.127924,2.039773,TUR,ESP,0343
56419,226,71,676,2000.0,1551447.0,0.0,-1.14198,-0.368647,TZA,ESP,0343
56420,227,71,676,2000.0,22845.0,0.0,-1.275188,-0.9400639999999999,UGA,ESP,0343
56421,230,71,676,2000.0,3098.0,0.0,0.18688,0.575136,URY,ESP,0343
56422,231,71,676,2000.0,56494.0,3480.0,1.9869709999999998,0.021666,USA,ESP,0343
56423,239,71,676,2000.0,1070.0,179333.0,-0.589009,0.518708,VNM,ESP,0343
56424,246,71,676,2000.0,4549.0,0.0,0.304739,2.2212709999999998,ZAF,ESP,0343
56425,39,74,676,2000.0,1806.0,0.0,1.069101,1.284017,CAN,FIN,0343
56426,41,74,676,2000.0,0.0,9157.0,2.268929,0.538191,CHE,FIN,0343
56427,61,74,676,2000.0,4851.0,51094.0,2.3753580000000003,-2.4481029999999997,DEU,FIN,0343
56428,64,74,676,2000.0,414890.0,2685.0,1.312843,1.4304370000000002,DNK,FIN,0343
56429,72,74,676,2000.0,1193329.0,26741.0,0.353545,0.665942,EST,FIN,0343
56430,77,74,676,2000.0,3405.0,11103.0,1.644969,0.56481,FRA,FIN,0343
56431,103,74,676,2000.0,62880.0,0.0,0.05846799999999999,1.577531,IDN,FIN,0343
56432,106,74,676,2000.0,18329.0,0.0,1.647548,0.34018899999999996,IRL,FIN,0343
56433,162,74,676,2000.0,173104.0,0.0,1.259257,1.595796,NLD,FIN,0343
56434,163,74,676,2000.0,1042667.0,0.0,0.6499050000000001,-0.177091,NOR,FIN,0343
56435,186,74,676,2000.0,286962.0,69128.0,0.765547,0.369255,RUS,FIN,0343
56436,208,74,676,2000.0,1192111.0,107988.0,2.087984,0.811167,SWE,FIN,0343
56437,228,74,676,2000.0,0.0,28145.0,0.622654,1.191971,UKR,FIN,0343
56438,231,74,676,2000.0,14064.0,6107.0,1.9869709999999998,0.021666,USA,FIN,0343
56439,6,77,676,2000.0,9040.0,0.0,0.25759099999999996,-0.555668,ANT,FRA,0343
56440,7,77,676,2000.0,5794.0,0.0,-0.421385,-0.675566,ARE,FRA,0343
56441,8,77,676,2000.0,222894.0,0.0,0.140533,0.888049,ARG,FRA,0343
56442,14,77,676,2000.0,81885.0,0.0,0.039636000000000005,1.001203,AUS,FRA,0343
56443,15,77,676,2000.0,1046.0,248314.0,1.823798,0.465513,AUT,FRA,0343
56444,18,77,676,2000.0,7750320.0,8819123.0,1.382578,1.406981,BEL,FRA,0343
56445,28,77,676,2000.0,0.0,4241.0,0.7323649999999999,1.1536170000000001,BLR,FRA,0343
56446,32,77,676,2000.0,15265.0,0.0,0.853466,1.28277,BRA,FRA,0343
56447,33,77,676,2000.0,7883.0,0.0,0.610079,0.267843,BRB,FRA,0343
56448,38,77,676,2000.0,0.0,1947.0,-0.8516819999999999,-0.9873059999999999,CAF,FRA,0343
56449,39,77,676,2000.0,0.0,4946.0,1.069101,1.284017,CAN,FRA,0343
56450,41,77,676,2000.0,0.0,994786.0,2.268929,0.538191,CHE,FRA,0343
56451,42,77,676,2000.0,203689.0,0.0,-0.011509,0.0031190000000000002,CHL,FRA,0343
56452,43,77,676,2000.0,26173.0,0.0,0.43423,2.461961,CHN,FRA,0343
56453,44,77,676,2000.0,70192.0,0.0,-0.7955,-0.7019989999999999,CIV,FRA,0343
56454,52,77,676,2000.0,8977.0,0.0,-0.136989,-0.190298,CRI,FRA,0343
56455,59,77,676,2000.0,0.0,110471.0,1.526256,0.9255639999999999,CZE,FRA,0343
56456,61,77,676,2000.0,4109698.0,4488940.0,2.3753580000000003,-2.4481029999999997,DEU,FRA,0343
56457,64,77,676,2000.0,14249404.0,87188.0,1.312843,1.4304370000000002,DNK,FRA,0343
56458,67,77,676,2000.0,2293.0,2785.0,-1.016643,-0.8385469999999999,ECU,FRA,0343
56459,69,77,676,2000.0,1204.0,0.0,0.159365,-0.437571,ERI,FRA,0343
56460,71,77,676,2000.0,4177662.0,1766815.0,1.158711,1.7613189999999999,ESP,FRA,0343
56461,72,77,676,2000.0,187535.0,0.0,0.353545,0.665942,EST,FRA,0343
56462,74,77,676,2000.0,11103.0,3405.0,1.9705560000000002,0.874341,FIN,FRA,0343
56463,78,77,676,2000.0,845070.0,0.0,-0.25500700000000004,-0.823207,FRO,FRA,0343
56464,81,77,676,2000.0,26702062.0,4788218.0,2.099928,0.564025,GBR,FRA,0343
56465,82,77,676,2000.0,23325.0,0.0,0.335756,0.217348,GEO,FRA,0343
56466,85,77,676,2000.0,10122.0,0.0,-1.632607,-1.261362,GIN,FRA,0343
56467,90,77,676,2000.0,29446.0,67254.0,0.26193,1.607656,GRC,FRA,0343
56468,102,77,676,2000.0,0.0,55488.0,1.047497,1.284513,HUN,FRA,0343
56469,103,77,676,2000.0,74816.0,0.0,0.05846799999999999,1.577531,IDN,FRA,0343
56470,104,77,676,2000.0,2403.0,0.0,0.323006,2.3446860000000003,IND,FRA,0343
56471,106,77,676,2000.0,656689.0,115810.0,1.647548,0.34018899999999996,IRL,FRA,0343
56472,107,77,676,2000.0,1818.0,0.0,-0.8148770000000001,-1.040305,IRN,FRA,0343
56473,109,77,676,2000.0,2947720.0,0.0,-0.070436,-0.5575439999999999,ISL,FRA,0343
56474,110,77,676,2000.0,0.0,4062.0,1.4153870000000002,0.828117,ISR,FRA,0343
56475,111,77,676,2000.0,1152533.0,6068924.0,1.51508,0.818283,ITA,FRA,0343
56476,114,77,676,2000.0,2888.0,515078.0,2.8218240000000003,0.255803,JPN,FRA,0343
56477,116,77,676,2000.0,5059.0,0.0,-0.554244,-0.1757,KEN,FRA,0343
56478,122,77,676,2000.0,4738.0,9672.0,-0.825533,-1.190257,KWT,FRA,0343
56479,124,77,676,2000.0,0.0,4301.0,0.139623,1.095387,LBN,FRA,0343
56480,125,77,676,2000.0,25573.0,0.0,-0.763757,-1.1284129999999999,LBR,FRA,0343
56481,128,77,676,2000.0,2011499.0,0.0,-0.497407,0.004686999999999999,LKA,FRA,0343
56482,129,77,676,2000.0,4871.0,0.0,-0.67732,-0.9360229999999999,LSO,FRA,0343
56483,131,77,676,2000.0,677019.0,2470909.0,1.203242,1.0729790000000001,LUX,FRA,0343
56484,134,77,676,2000.0,0.0,16959.0,-0.5460510000000001,-0.33865100000000004,MAR,FRA,0343
56485,141,77,676,2000.0,1788.0,1626.0,-0.38716799999999996,-0.511165,MLI,FRA,0343
56486,148,77,676,2000.0,727512.0,0.0,-1.444615,-1.29284,MRT,FRA,0343
56487,151,77,676,2000.0,0.0,11973.0,-0.472778,-0.6301760000000001,MUS,FRA,0343
56488,154,77,676,2000.0,0.0,1151.0,1.449263,-0.190901,MYT,FRA,0343
56489,156,77,676,2000.0,0.0,5305.0,-0.138942,-0.903899,NCL,FRA,0343
56490,162,77,676,2000.0,27037476.0,5125604.0,1.259257,1.595796,NLD,FRA,0343
56491,163,77,676,2000.0,11964624.0,4224.0,0.6499050000000001,-0.177091,NOR,FRA,0343
56492,166,77,676,2000.0,2140.0,0.0,0.419671,0.809288,NZL,FRA,0343
56493,167,77,676,2000.0,429356.0,0.0,-1.291169,-1.3004040000000001,OMN,FRA,0343
56494,168,77,676,2000.0,5147.0,0.0,-0.76763,-0.435066,PAK,FRA,0343
56495,169,77,676,2000.0,4809.0,0.0,0.107412,0.41455600000000004,PAN,FRA,0343
56496,177,77,676,2000.0,178298.0,0.0,0.9513659999999999,1.8445669999999998,POL,FRA,0343
56497,179,77,676,2000.0,244843.0,19701.0,0.624078,1.342565,PRT,FRA,0343
56498,182,77,676,2000.0,18298.0,4744.0,-0.382787,-0.837533,PYF,FRA,0343
56499,185,77,676,2000.0,1503.0,0.0,0.55594,1.054573,ROU,FRA,0343
56500,186,77,676,2000.0,0.0,6180.0,0.765547,0.369255,RUS,FRA,0343
56501,191,77,676,2000.0,8009760.0,3527.0,-0.449184,-0.375335,SEN,FRA,0343
56502,192,77,676,2000.0,0.0,6128.0,1.5432860000000002,0.519856,SGP,FRA,0343
56503,206,77,676,2000.0,9585.0,3961.0,1.3226360000000001,1.1967809999999999,SVK,FRA,0343
56504,207,77,676,2000.0,0.0,6318.0,1.485695,1.122069,SVN,FRA,0343
56505,208,77,676,2000.0,4844738.0,102119.0,2.087984,0.811167,SWE,FRA,0343
56506,211,77,676,2000.0,132653.0,3635.0,-0.868394,-0.9754459999999999,SYC,FRA,0343
56507,223,77,676,2000.0,2648.0,51219.0,-0.061203999999999995,0.149345,TUN,FRA,0343
56508,224,77,676,2000.0,220086.0,0.0,0.127924,2.039773,TUR,FRA,0343
56509,226,77,676,2000.0,1245458.0,0.0,-1.14198,-0.368647,TZA,FRA,0343
56510,227,77,676,2000.0,184248.0,0.0,-1.275188,-0.9400639999999999,UGA,FRA,0343
56511,228,77,676,2000.0,0.0,10604.0,0.622654,1.191971,UKR,FRA,0343
56512,231,77,676,2000.0,1153565.0,10449.0,1.9869709999999998,0.021666,USA,FRA,0343
56513,239,77,676,2000.0,1348.0,0.0,-0.589009,0.518708,VNM,FRA,0343
56514,243,77,676,2000.0,763754.0,0.0,-1.6733,-1.292217,YEM,FRA,0343
56515,246,77,676,2000.0,196790.0,5433.0,0.304739,2.2212709999999998,ZAF,FRA,0343
56516,248,77,676,2000.0,28874.0,0.0,-0.43871899999999997,0.491989,ZWE,FRA,0343
56517,250,77,676,2000.0,6189.0,0.0,1.094325,-0.32521100000000003,ANS,FRA,0343
56518,7,81,676,2000.0,0.0,27476.0,-0.421385,-0.675566,ARE,GBR,0343
56519,13,81,676,2000.0,0.0,2881.0,0.146899,-0.622011,ATG,GBR,0343
56520,14,81,676,2000.0,16212.0,0.0,0.039636000000000005,1.001203,AUS,GBR,0343
56521,15,81,676,2000.0,0.0,50247.0,1.823798,0.465513,AUT,GBR,0343
56522,18,81,676,2000.0,47395.0,12960443.0,1.382578,1.406981,BEL,GBR,0343
56523,24,81,676,2000.0,0.0,3361.0,-0.270413,-0.882984,BHR,GBR,0343
56524,32,81,676,2000.0,4635.0,0.0,0.853466,1.28277,BRA,GBR,0343
56525,33,81,676,2000.0,0.0,1012.0,0.610079,0.267843,BRB,GBR,0343
56526,39,81,676,2000.0,19657.0,15774.0,1.069101,1.284017,CAN,GBR,0343
56527,41,81,676,2000.0,0.0,29485.0,2.268929,0.538191,CHE,GBR,0343
56528,42,81,676,2000.0,1025189.0,0.0,-0.011509,0.0031190000000000002,CHL,GBR,0343
56529,43,81,676,2000.0,66942.0,0.0,0.43423,2.461961,CHN,GBR,0343
56530,44,81,676,2000.0,18223.0,0.0,-0.7955,-0.7019989999999999,CIV,GBR,0343
56531,52,81,676,2000.0,181573.0,0.0,-0.136989,-0.190298,CRI,GBR,0343
56532,58,81,676,2000.0,8721.0,36391.0,0.264835,0.268755,CYP,GBR,0343
56533,59,81,676,2000.0,0.0,18258.0,1.526256,0.9255639999999999,CZE,GBR,0343
56534,61,81,676,2000.0,655574.0,18171976.0,2.3753580000000003,-2.4481029999999997,DEU,GBR,0343
56535,64,81,676,2000.0,1700834.0,247714.0,1.312843,1.4304370000000002,DNK,GBR,0343
56536,67,81,676,2000.0,629833.0,0.0,-1.016643,-0.8385469999999999,ECU,GBR,0343
56537,69,81,676,2000.0,38465.0,0.0,0.159365,-0.437571,ERI,GBR,0343
56538,71,81,676,2000.0,773026.0,1031028.0,1.158711,1.7613189999999999,ESP,GBR,0343
56539,75,81,676,2000.0,7311.0,0.0,-0.775963,-0.28976999999999997,FJI,GBR,0343
56540,77,81,676,2000.0,4788218.0,26702062.0,1.644969,0.56481,FRA,GBR,0343
56541,78,81,676,2000.0,3019566.0,0.0,-0.25500700000000004,-0.823207,FRO,GBR,0343
56542,83,81,676,2000.0,35734.0,17054.0,-1.092586,-0.8195030000000001,GHA,GBR,0343
56543,85,81,676,2000.0,2436.0,0.0,-1.632607,-1.261362,GIN,GBR,0343
56544,90,81,676,2000.0,3356.0,3233.0,0.26193,1.607656,GRC,GBR,0343
56545,97,81,676,2000.0,0.0,1083.0,0.564112,1.776282,HKG,GBR,0343
56546,102,81,676,2000.0,0.0,10125.0,1.047497,1.284513,HUN,GBR,0343
56547,103,81,676,2000.0,1269248.0,0.0,0.05846799999999999,1.577531,IDN,GBR,0343
56548,104,81,676,2000.0,2987.0,0.0,0.323006,2.3446860000000003,IND,GBR,0343
56549,106,81,676,2000.0,170424.0,716999.0,1.647548,0.34018899999999996,IRL,GBR,0343
56550,109,81,676,2000.0,29666302.0,0.0,-0.070436,-0.5575439999999999,ISL,GBR,0343
56551,110,81,676,2000.0,0.0,25854.0,1.4153870000000002,0.828117,ISR,GBR,0343
56552,111,81,676,2000.0,2950.0,2809494.0,1.51508,0.818283,ITA,GBR,0343
56553,112,81,676,2000.0,90168.0,0.0,-0.724729,-0.91094,JAM,GBR,0343
56554,114,81,676,2000.0,3532.0,407607.0,2.8218240000000003,0.255803,JPN,GBR,0343
56555,122,81,676,2000.0,0.0,1835.0,-0.825533,-1.190257,KWT,GBR,0343
56556,124,81,676,2000.0,0.0,205082.0,0.139623,1.095387,LBN,GBR,0343
56557,125,81,676,2000.0,3263.0,0.0,-0.763757,-1.1284129999999999,LBR,GBR,0343
56558,128,81,676,2000.0,3628049.0,0.0,-0.497407,0.004686999999999999,LKA,GBR,0343
56559,130,81,676,2000.0,38809.0,0.0,0.22767199999999999,0.794208,LTU,GBR,0343
56560,131,81,676,2000.0,0.0,209197.0,1.203242,1.0729790000000001,LUX,GBR,0343
56561,134,81,676,2000.0,0.0,2702.0,-0.5460510000000001,-0.33865100000000004,MAR,GBR,0343
56562,137,81,676,2000.0,500287.0,0.0,-1.070968,-1.0570469999999998,MDV,GBR,0343
56563,142,81,676,2000.0,0.0,1659.0,0.8771450000000001,-0.013614,MLT,GBR,0343
56564,151,81,676,2000.0,0.0,2621.0,-0.472778,-0.6301760000000001,MUS,GBR,0343
56565,155,81,676,2000.0,5578.0,0.0,-0.42796999999999996,-0.643361,NAM,GBR,0343
56566,162,81,676,2000.0,2637468.0,3343849.0,1.259257,1.595796,NLD,GBR,0343
56567,163,81,676,2000.0,1003189.0,16165.0,0.6499050000000001,-0.177091,NOR,GBR,0343
56568,167,81,676,2000.0,177382.0,0.0,-1.291169,-1.3004040000000001,OMN,GBR,0343
56569,168,81,676,2000.0,1746.0,0.0,-0.76763,-0.435066,PAK,GBR,0343
56570,169,81,676,2000.0,104982.0,0.0,0.107412,0.41455600000000004,PAN,GBR,0343
56571,174,81,676,2000.0,6735.0,0.0,-0.010024,-0.368702,PHL,GBR,0343
56572,177,81,676,2000.0,1454.0,56230.0,0.9513659999999999,1.8445669999999998,POL,GBR,0343
56573,183,81,676,2000.0,0.0,6377.0,-0.534754,-1.139729,QAT,GBR,0343
56574,185,81,676,2000.0,0.0,145744.0,0.55594,1.054573,ROU,GBR,0343
56575,186,81,676,2000.0,0.0,6166.0,0.765547,0.369255,RUS,GBR,0343
56576,191,81,676,2000.0,13442.0,0.0,-0.449184,-0.375335,SEN,GBR,0343
56577,192,81,676,2000.0,0.0,1755.0,1.5432860000000002,0.519856,SGP,GBR,0343
56578,206,81,676,2000.0,0.0,11543.0,1.3226360000000001,1.1967809999999999,SVK,GBR,0343
56579,207,81,676,2000.0,0.0,35253.0,1.485695,1.122069,SVN,GBR,0343
56580,208,81,676,2000.0,948084.0,2956.0,2.087984,0.811167,SWE,GBR,0343
56581,211,81,676,2000.0,1385945.0,0.0,-0.868394,-0.9754459999999999,SYC,GBR,0343
56582,224,81,676,2000.0,2547.0,0.0,0.127924,2.039773,TUR,GBR,0343
56583,227,81,676,2000.0,3474.0,0.0,-1.275188,-0.9400639999999999,UGA,GBR,0343
56584,228,81,676,2000.0,0.0,5298.0,0.622654,1.191971,UKR,GBR,0343
56585,229,81,676,2000.0,182619.0,0.0,0.309713,-0.289804,UMI,GBR,0343
56586,231,81,676,2000.0,756385.0,893726.0,1.9869709999999998,0.021666,USA,GBR,0343
56587,236,81,676,2000.0,25420.0,0.0,-0.12500999999999998,-0.8610610000000001,VEN,GBR,0343
56588,239,81,676,2000.0,59553.0,0.0,-0.589009,0.518708,VNM,GBR,0343
56589,243,81,676,2000.0,6672.0,0.0,-1.6733,-1.292217,YEM,GBR,0343
56590,247,81,676,2000.0,0.0,1118.0,-0.6563060000000001,-0.5822069999999999,ZMB,GBR,0343
56591,248,81,676,2000.0,24037.0,0.0,-0.43871899999999997,0.491989,ZWE,GBR,0343
56592,249,81,676,2000.0,23907.0,0.0,1.642139,1.2375639999999999,TWN,GBR,0343
56593,71,85,676,2000.0,0.0,7903.0,1.158711,1.7613189999999999,ESP,GIN,0343
56594,77,85,676,2000.0,0.0,10122.0,1.644969,0.56481,FRA,GIN,0343
56595,81,85,676,2000.0,0.0,2436.0,2.099928,0.564025,GBR,GIN,0343
56596,111,85,676,2000.0,0.0,4168.0,1.51508,0.818283,ITA,GIN,0343
56597,4,90,676,2000.0,1364.0,3121.0,-0.123951,0.21450300000000003,ALB,GRC,0343
56598,15,90,676,2000.0,0.0,37890.0,1.823798,0.465513,AUT,GRC,0343
56599,18,90,676,2000.0,1706.0,2080.0,1.382578,1.406981,BEL,GRC,0343
56600,24,90,676,2000.0,0.0,9203.0,-0.270413,-0.882984,BHR,GRC,0343
56601,25,90,676,2000.0,0.0,21852.0,0.7182970000000001,0.139012,BHS,GRC,0343
56602,39,90,676,2000.0,4705.0,0.0,1.069101,1.284017,CAN,GRC,0343
56603,41,90,676,2000.0,0.0,1248.0,2.268929,0.538191,CHE,GRC,0343
56604,61,90,676,2000.0,51905.0,87004.0,2.3753580000000003,-2.4481029999999997,DEU,GRC,0343
56605,64,90,676,2000.0,47030.0,0.0,1.312843,1.4304370000000002,DNK,GRC,0343
56606,71,90,676,2000.0,52497.0,21269.0,1.158711,1.7613189999999999,ESP,GRC,0343
56607,77,90,676,2000.0,67254.0,29446.0,1.644969,0.56481,FRA,GRC,0343
56608,81,90,676,2000.0,3233.0,3356.0,2.099928,0.564025,GBR,GRC,0343
56609,111,90,676,2000.0,434453.0,376826.0,1.51508,0.818283,ITA,GRC,0343
56610,114,90,676,2000.0,0.0,59173.0,2.8218240000000003,0.255803,JPN,GRC,0343
56611,140,90,676,2000.0,0.0,1496.0,0.159675,0.429424,MKD,GRC,0343
56612,162,90,676,2000.0,253519.0,17977.0,1.259257,1.595796,NLD,GRC,0343
56613,163,90,676,2000.0,7372.0,1446.0,0.6499050000000001,-0.177091,NOR,GRC,0343
56614,191,90,676,2000.0,30458.0,2668.0,-0.449184,-0.375335,SEN,GRC,0343
56615,208,90,676,2000.0,4420.0,0.0,2.087984,0.811167,SWE,GRC,0343
56616,224,90,676,2000.0,84418.0,0.0,0.127924,2.039773,TUR,GRC,0343
56617,231,90,676,2000.0,0.0,177683.0,1.9869709999999998,0.021666,USA,GRC,0343
56618,250,90,676,2000.0,0.0,37348.0,1.094325,-0.32521100000000003,ANS,GRC,0343
56619,41,93,676,2000.0,0.0,1017.0,2.268929,0.538191,CHE,GTM,0343
56620,169,93,676,2000.0,253197.0,0.0,0.107412,0.41455600000000004,PAN,GTM,0343
56621,197,93,676,2000.0,8011.0,0.0,-0.077776,-0.084655,SLV,GTM,0343
56622,231,93,676,2000.0,10080.0,78663.0,1.9869709999999998,0.021666,USA,GTM,0343
56623,13,96,676,2000.0,0.0,34174.0,0.146899,-0.622011,ATG,GUY,0343
56624,33,96,676,2000.0,0.0,2224.0,0.610079,0.267843,BRB,GUY,0343
56625,39,96,676,2000.0,0.0,2931.0,1.069101,1.284017,CAN,GUY,0343
56626,97,96,676,2000.0,0.0,5527.0,0.564112,1.776282,HKG,GUY,0343
56627,112,96,676,2000.0,0.0,34707.0,-0.724729,-0.91094,JAM,GUY,0343
56628,231,96,676,2000.0,0.0,4053.0,1.9869709999999998,0.021666,USA,GUY,0343
56629,14,97,676,2000.0,51058.0,0.0,0.039636000000000005,1.001203,AUS,HKG,0343
56630,18,97,676,2000.0,9827.0,0.0,1.382578,1.406981,BEL,HKG,0343
56631,22,97,676,2000.0,2608.0,0.0,-0.8757879999999999,-0.95126,BGD,HKG,0343
56632,39,97,676,2000.0,2150.0,26802.0,1.069101,1.284017,CAN,HKG,0343
56633,43,97,676,2000.0,7266664.0,165242.0,0.43423,2.461961,CHN,HKG,0343
56634,61,97,676,2000.0,1903.0,0.0,2.3753580000000003,-2.4481029999999997,DEU,HKG,0343
56635,64,97,676,2000.0,21723.0,0.0,1.312843,1.4304370000000002,DNK,HKG,0343
56636,71,97,676,2000.0,5728712.0,0.0,1.158711,1.7613189999999999,ESP,HKG,0343
56637,80,97,676,2000.0,1036.0,0.0,-0.798345,-1.1725450000000002,GAB,HKG,0343
56638,81,97,676,2000.0,1083.0,0.0,2.099928,0.564025,GBR,HKG,0343
56639,96,97,676,2000.0,5527.0,0.0,-0.7425069999999999,-0.892847,GUY,HKG,0343
56640,103,97,676,2000.0,26703.0,0.0,0.05846799999999999,1.577531,IDN,HKG,0343
56641,104,97,676,2000.0,24096.0,0.0,0.323006,2.3446860000000003,IND,HKG,0343
56642,114,97,676,2000.0,60418.0,29364.0,2.8218240000000003,0.255803,JPN,HKG,0343
56643,133,97,676,2000.0,3777.0,13744.0,-0.19656300000000002,-0.519896,MAC,HKG,0343
56644,143,97,676,2000.0,1222.0,0.0,-1.260786,-0.9277549999999999,MMR,HKG,0343
56645,162,97,676,2000.0,8447.0,0.0,1.259257,1.595796,NLD,HKG,0343
56646,163,97,676,2000.0,181450.0,0.0,0.6499050000000001,-0.177091,NOR,HKG,0343
56647,166,97,676,2000.0,27996.0,0.0,0.419671,0.809288,NZL,HKG,0343
56648,167,97,676,2000.0,8120.0,0.0,-1.291169,-1.3004040000000001,OMN,HKG,0343
56649,169,97,676,2000.0,119890.0,0.0,0.107412,0.41455600000000004,PAN,HKG,0343
56650,174,97,676,2000.0,1566895.0,0.0,-0.010024,-0.368702,PHL,HKG,0343
56651,192,97,676,2000.0,0.0,34264.0,1.5432860000000002,0.519856,SGP,HKG,0343
56652,216,97,676,2000.0,63720.0,0.0,0.505423,1.358217,THA,HKG,0343
56653,226,97,676,2000.0,52379.0,0.0,-1.14198,-0.368647,TZA,HKG,0343
56654,227,97,676,2000.0,2985.0,0.0,-1.275188,-0.9400639999999999,UGA,HKG,0343
56655,231,97,676,2000.0,18287.0,41199.0,1.9869709999999998,0.021666,USA,HKG,0343
56656,239,97,676,2000.0,8940.0,0.0,-0.589009,0.518708,VNM,HKG,0343
56657,249,97,676,2000.0,11382.0,0.0,1.642139,1.2375639999999999,TWN,HKG,0343
56658,14,103,676,2000.0,4817.0,62724.0,0.039636000000000005,1.001203,AUS,IDN,0343
56659,15,103,676,2000.0,0.0,28282.0,1.823798,0.465513,AUT,IDN,0343
56660,18,103,676,2000.0,0.0,7141.0,1.382578,1.406981,BEL,IDN,0343
56661,32,103,676,2000.0,0.0,8054.0,0.853466,1.28277,BRA,IDN,0343
56662,41,103,676,2000.0,0.0,5557.0,2.268929,0.538191,CHE,IDN,0343
56663,43,103,676,2000.0,0.0,41112.0,0.43423,2.461961,CHN,IDN,0343
56664,61,103,676,2000.0,0.0,465468.0,2.3753580000000003,-2.4481029999999997,DEU,IDN,0343
56665,71,103,676,2000.0,0.0,36919.0,1.158711,1.7613189999999999,ESP,IDN,0343
56666,74,103,676,2000.0,0.0,62880.0,1.9705560000000002,0.874341,FIN,IDN,0343
56667,77,103,676,2000.0,0.0,74816.0,1.644969,0.56481,FRA,IDN,0343
56668,81,103,676,2000.0,0.0,1269248.0,2.099928,0.564025,GBR,IDN,0343
56669,92,103,676,2000.0,0.0,50593.0,-0.365398,-0.849985,GRL,IDN,0343
56670,97,103,676,2000.0,0.0,26703.0,0.564112,1.776282,HKG,IDN,0343
56671,111,103,676,2000.0,0.0,147194.0,1.51508,0.818283,ITA,IDN,0343
56672,114,103,676,2000.0,63413.0,324858.0,2.8218240000000003,0.255803,JPN,IDN,0343
56673,121,103,676,2000.0,14696.0,150478.0,1.248356,1.000666,KOR,IDN,0343
56674,128,103,676,2000.0,0.0,11760.0,-0.497407,0.004686999999999999,LKA,IDN,0343
56675,153,103,676,2000.0,5218.0,69753.0,0.789007,0.16084600000000002,MYS,IDN,0343
56676,162,103,676,2000.0,4450.0,1568460.0,1.259257,1.595796,NLD,IDN,0343
56677,192,103,676,2000.0,0.0,1539238.0,1.5432860000000002,0.519856,SGP,IDN,0343
56678,208,103,676,2000.0,0.0,63033.0,2.087984,0.811167,SWE,IDN,0343
56679,216,103,676,2000.0,0.0,4019.0,0.505423,1.358217,THA,IDN,0343
56680,231,103,676,2000.0,1718.0,1414521.0,1.9869709999999998,0.021666,USA,IDN,0343
56681,249,103,676,2000.0,71118.0,11787.0,1.642139,1.2375639999999999,TWN,IDN,0343
56682,7,104,676,2000.0,0.0,30225.0,-0.421385,-0.675566,ARE,IND,0343
56683,24,104,676,2000.0,0.0,2964.0,-0.270413,-0.882984,BHR,IND,0343
56684,39,104,676,2000.0,0.0,12698.0,1.069101,1.284017,CAN,IND,0343
56685,41,104,676,2000.0,0.0,3460.0,2.268929,0.538191,CHE,IND,0343
56686,61,104,676,2000.0,0.0,1958.0,2.3753580000000003,-2.4481029999999997,DEU,IND,0343
56687,77,104,676,2000.0,0.0,2403.0,1.644969,0.56481,FRA,IND,0343
56688,81,104,676,2000.0,0.0,2987.0,2.099928,0.564025,GBR,IND,0343
56689,97,104,676,2000.0,0.0,24096.0,0.564112,1.776282,HKG,IND,0343
56690,114,104,676,2000.0,0.0,15749.0,2.8218240000000003,0.255803,JPN,IND,0343
56691,124,104,676,2000.0,0.0,7244.0,0.139623,1.095387,LBN,IND,0343
56692,137,104,676,2000.0,0.0,12907.0,-1.070968,-1.0570469999999998,MDV,IND,0343
56693,153,104,676,2000.0,0.0,11064.0,0.789007,0.16084600000000002,MYS,IND,0343
56694,163,104,676,2000.0,27112.0,0.0,0.6499050000000001,-0.177091,NOR,IND,0343
56695,192,104,676,2000.0,0.0,15915.0,1.5432860000000002,0.519856,SGP,IND,0343
56696,216,104,676,2000.0,0.0,36661.0,0.505423,1.358217,THA,IND,0343
56697,231,104,676,2000.0,0.0,61003.0,1.9869709999999998,0.021666,USA,IND,0343
56698,236,104,676,2000.0,0.0,10751.0,-0.12500999999999998,-0.8610610000000001,VEN,IND,0343
56699,7,106,676,2000.0,2585.0,0.0,-0.421385,-0.675566,ARE,IRL,0343
56700,15,106,676,2000.0,0.0,6217.0,1.823798,0.465513,AUT,IRL,0343
56701,18,106,676,2000.0,3499.0,37847.0,1.382578,1.406981,BEL,IRL,0343
56702,23,106,676,2000.0,0.0,13110.0,0.47338800000000003,1.7633599999999998,BGR,IRL,0343
56703,39,106,676,2000.0,0.0,17868.0,1.069101,1.284017,CAN,IRL,0343
56704,41,106,676,2000.0,0.0,535924.0,2.268929,0.538191,CHE,IRL,0343
56705,43,106,676,2000.0,0.0,27584.0,0.43423,2.461961,CHN,IRL,0343
56706,59,106,676,2000.0,0.0,11757.0,1.526256,0.9255639999999999,CZE,IRL,0343
56707,61,106,676,2000.0,5729.0,921060.0,2.3753580000000003,-2.4481029999999997,DEU,IRL,0343
56708,64,106,676,2000.0,7332.0,128059.0,1.312843,1.4304370000000002,DNK,IRL,0343
56709,71,106,676,2000.0,0.0,256124.0,1.158711,1.7613189999999999,ESP,IRL,0343
56710,74,106,676,2000.0,0.0,18329.0,1.9705560000000002,0.874341,FIN,IRL,0343
56711,77,106,676,2000.0,115810.0,656689.0,1.644969,0.56481,FRA,IRL,0343
56712,81,106,676,2000.0,716999.0,170424.0,2.099928,0.564025,GBR,IRL,0343
56713,109,106,676,2000.0,25266.0,0.0,-0.070436,-0.5575439999999999,ISL,IRL,0343
56714,111,106,676,2000.0,0.0,8192.0,1.51508,0.818283,ITA,IRL,0343
56715,114,106,676,2000.0,9249.0,93057.0,2.8218240000000003,0.255803,JPN,IRL,0343
56716,121,106,676,2000.0,0.0,49499.0,1.248356,1.000666,KOR,IRL,0343
56717,162,106,676,2000.0,591846.0,11609.0,1.259257,1.595796,NLD,IRL,0343
56718,163,106,676,2000.0,0.0,63390.0,0.6499050000000001,-0.177091,NOR,IRL,0343
56719,167,106,676,2000.0,6003.0,0.0,-1.291169,-1.3004040000000001,OMN,IRL,0343
56720,177,106,676,2000.0,0.0,763308.0,0.9513659999999999,1.8445669999999998,POL,IRL,0343
56721,186,106,676,2000.0,0.0,71475.0,0.765547,0.369255,RUS,IRL,0343
56722,206,106,676,2000.0,0.0,42329.0,1.3226360000000001,1.1967809999999999,SVK,IRL,0343
56723,207,106,676,2000.0,0.0,24927.0,1.485695,1.122069,SVN,IRL,0343
56724,226,106,676,2000.0,2754787.0,0.0,-1.14198,-0.368647,TZA,IRL,0343
56725,231,106,676,2000.0,4753.0,39119.0,1.9869709999999998,0.021666,USA,IRL,0343
56726,250,106,676,2000.0,44128.0,0.0,1.094325,-0.32521100000000003,ANS,IRL,0343
56727,41,107,676,2000.0,0.0,16051.0,2.268929,0.538191,CHE,IRN,0343
56728,77,107,676,2000.0,0.0,1818.0,1.644969,0.56481,FRA,IRN,0343
56729,231,107,676,2000.0,0.0,4911.0,1.9869709999999998,0.021666,USA,IRN,0343
56730,4,111,676,2000.0,0.0,21917.0,-0.123951,0.21450300000000003,ALB,ITA,0343
56731,8,111,676,2000.0,1800016.0,0.0,0.140533,0.888049,ARG,ITA,0343
56732,15,111,676,2000.0,0.0,196485.0,1.823798,0.465513,AUT,ITA,0343
56733,18,111,676,2000.0,4907372.0,29392.0,1.382578,1.406981,BEL,ITA,0343
56734,32,111,676,2000.0,14617.0,0.0,0.853466,1.28277,BRA,ITA,0343
56735,39,111,676,2000.0,30218.0,28360.0,1.069101,1.284017,CAN,ITA,0343
56736,41,111,676,2000.0,0.0,509166.0,2.268929,0.538191,CHE,ITA,0343
56737,42,111,676,2000.0,170157.0,0.0,-0.011509,0.0031190000000000002,CHL,ITA,0343
56738,44,111,676,2000.0,13359.0,0.0,-0.7955,-0.7019989999999999,CIV,ITA,0343
56739,52,111,676,2000.0,26251.0,0.0,-0.136989,-0.190298,CRI,ITA,0343
56740,61,111,676,2000.0,467515.0,1007500.0,2.3753580000000003,-2.4481029999999997,DEU,ITA,0343
56741,64,111,676,2000.0,16338310.0,43921.0,1.312843,1.4304370000000002,DNK,ITA,0343
56742,67,111,676,2000.0,6418.0,0.0,-1.016643,-0.8385469999999999,ECU,ITA,0343
56743,69,111,676,2000.0,14607.0,0.0,0.159365,-0.437571,ERI,ITA,0343
56744,71,111,676,2000.0,3158286.0,281194.0,1.158711,1.7613189999999999,ESP,ITA,0343
56745,77,111,676,2000.0,6068924.0,1152533.0,1.644969,0.56481,FRA,ITA,0343
56746,81,111,676,2000.0,2809494.0,2950.0,2.099928,0.564025,GBR,ITA,0343
56747,85,111,676,2000.0,4168.0,0.0,-1.632607,-1.261362,GIN,ITA,0343
56748,90,111,676,2000.0,376826.0,434453.0,0.26193,1.607656,GRC,ITA,0343
56749,102,111,676,2000.0,13394.0,2954.0,1.047497,1.284513,HUN,ITA,0343
56750,103,111,676,2000.0,147194.0,0.0,0.05846799999999999,1.577531,IDN,ITA,0343
56751,106,111,676,2000.0,8192.0,0.0,1.647548,0.34018899999999996,IRL,ITA,0343
56752,114,111,676,2000.0,0.0,11352.0,2.8218240000000003,0.255803,JPN,ITA,0343
56753,116,111,676,2000.0,1077.0,0.0,-0.554244,-0.1757,KEN,ITA,0343
56754,128,111,676,2000.0,1568.0,0.0,-0.497407,0.004686999999999999,LKA,ITA,0343
56755,131,111,676,2000.0,58522.0,1046.0,1.203242,1.0729790000000001,LUX,ITA,0343
56756,134,111,676,2000.0,8738.0,0.0,-0.5460510000000001,-0.33865100000000004,MAR,ITA,0343
56757,142,111,676,2000.0,0.0,9719.0,0.8771450000000001,-0.013614,MLT,ITA,0343
56758,162,111,676,2000.0,27023780.0,5441343.0,1.259257,1.595796,NLD,ITA,0343
56759,163,111,676,2000.0,315417.0,0.0,0.6499050000000001,-0.177091,NOR,ITA,0343
56760,179,111,676,2000.0,90063.0,0.0,0.624078,1.342565,PRT,ITA,0343
56761,191,111,676,2000.0,484956.0,0.0,-0.449184,-0.375335,SEN,ITA,0343
56762,207,111,676,2000.0,0.0,170722.0,1.485695,1.122069,SVN,ITA,0343
56763,208,111,676,2000.0,601538.0,0.0,2.087984,0.811167,SWE,ITA,0343
56764,224,111,676,2000.0,27530.0,0.0,0.127924,2.039773,TUR,ITA,0343
56765,226,111,676,2000.0,410872.0,0.0,-1.14198,-0.368647,TZA,ITA,0343
56766,227,111,676,2000.0,248904.0,0.0,-1.275188,-0.9400639999999999,UGA,ITA,0343
56767,230,111,676,2000.0,1410.0,0.0,0.18688,0.575136,URY,ITA,0343
56768,231,111,676,2000.0,157600.0,6608.0,1.9869709999999998,0.021666,USA,ITA,0343
56769,246,111,676,2000.0,4344.0,0.0,0.304739,2.2212709999999998,ZAF,ITA,0343
56770,10,114,676,2000.0,3733.0,0.0,1.106474,0.32893,ASM,JPN,0343
56771,14,114,676,2000.0,1482391.0,4881.0,0.039636000000000005,1.001203,AUS,JPN,0343
56772,39,114,676,2000.0,222669.0,910790.0,1.069101,1.284017,CAN,JPN,0343
56773,42,114,676,2000.0,52620.0,0.0,-0.011509,0.0031190000000000002,CHL,JPN,0343
56774,43,114,676,2000.0,628932.0,101511.0,0.43423,2.461961,CHN,JPN,0343
56775,64,114,676,2000.0,33757.0,0.0,1.312843,1.4304370000000002,DNK,JPN,0343
56776,71,114,676,2000.0,1343137.0,0.0,1.158711,1.7613189999999999,ESP,JPN,0343
56777,75,114,676,2000.0,585099.0,0.0,-0.775963,-0.28976999999999997,FJI,JPN,0343
56778,77,114,676,2000.0,515078.0,2888.0,1.644969,0.56481,FRA,JPN,0343
56779,81,114,676,2000.0,407607.0,3532.0,2.099928,0.564025,GBR,JPN,0343
56780,90,114,676,2000.0,59173.0,0.0,0.26193,1.607656,GRC,JPN,0343
56781,95,114,676,2000.0,0.0,229978.0,-0.235483,-0.92404,GUM,JPN,0343
56782,97,114,676,2000.0,29364.0,60418.0,0.564112,1.776282,HKG,JPN,0343
56783,100,114,676,2000.0,13271.0,0.0,0.640015,1.1175899999999999,HRV,JPN,0343
56784,103,114,676,2000.0,324858.0,63413.0,0.05846799999999999,1.577531,IDN,JPN,0343
56785,104,114,676,2000.0,15749.0,0.0,0.323006,2.3446860000000003,IND,JPN,0343
56786,106,114,676,2000.0,93057.0,9249.0,1.647548,0.34018899999999996,IRL,JPN,0343
56787,109,114,676,2000.0,22498.0,0.0,-0.070436,-0.5575439999999999,ISL,JPN,0343
56788,111,114,676,2000.0,11352.0,0.0,1.51508,0.818283,ITA,JPN,0343
56789,118,114,676,2000.0,3150.0,0.0,-0.9248430000000001,-1.071231,KHM,JPN,0343
56790,121,114,676,2000.0,44955464.0,11807.0,1.248356,1.000666,KOR,JPN,0343
56791,128,114,676,2000.0,116226.0,0.0,-0.497407,0.004686999999999999,LKA,JPN,0343
56792,133,114,676,2000.0,0.0,9396.0,-0.19656300000000002,-0.519896,MAC,JPN,0343
56793,134,114,676,2000.0,132644.0,0.0,-0.5460510000000001,-0.33865100000000004,MAR,JPN,0343
56794,142,114,676,2000.0,12287.0,0.0,0.8771450000000001,-0.013614,MLT,JPN,0343
56795,146,114,676,2000.0,0.0,98668.0,0.223586,-0.596917,MNP,JPN,0343
56796,153,114,676,2000.0,0.0,4545.0,0.789007,0.16084600000000002,MYS,JPN,0343
56797,163,114,676,2000.0,5479467.0,0.0,0.6499050000000001,-0.177091,NOR,JPN,0343
56798,166,114,676,2000.0,202413.0,0.0,0.419671,0.809288,NZL,JPN,0343
56799,169,114,676,2000.0,440250.0,0.0,0.107412,0.41455600000000004,PAN,JPN,0343
56800,174,114,676,2000.0,481081.0,0.0,-0.010024,-0.368702,PHL,JPN,0343
56801,192,114,676,2000.0,6914.0,244622.0,1.5432860000000002,0.519856,SGP,JPN,0343
56802,216,114,676,2000.0,105149.0,1179.0,0.505423,1.358217,THA,JPN,0343
56803,221,114,676,2000.0,11555.0,0.0,-0.980166,-0.979022,TON,JPN,0343
56804,223,114,676,2000.0,270714.0,0.0,-0.061203999999999995,0.149345,TUN,JPN,0343
56805,224,114,676,2000.0,1355922.0,0.0,0.127924,2.039773,TUR,JPN,0343
56806,226,114,676,2000.0,39620.0,0.0,-1.14198,-0.368647,TZA,JPN,0343
56807,227,114,676,2000.0,40942.0,0.0,-1.275188,-0.9400639999999999,UGA,JPN,0343
56808,231,114,676,2000.0,892873.0,18767342.0,1.9869709999999998,0.021666,USA,JPN,0343
56809,239,114,676,2000.0,632201.0,0.0,-0.589009,0.518708,VNM,JPN,0343
56810,249,114,676,2000.0,4476843.0,237661.0,1.642139,1.2375639999999999,TWN,JPN,0343
56811,114,118,676,2000.0,0.0,3150.0,2.8218240000000003,0.255803,JPN,KHM,0343
56812,192,118,676,2000.0,0.0,1896.0,1.5432860000000002,0.519856,SGP,KHM,0343
56813,249,118,676,2000.0,0.0,1977.0,1.642139,1.2375639999999999,TWN,KHM,0343
56814,14,121,676,2000.0,23453.0,0.0,0.039636000000000005,1.001203,AUS,KOR,0343
56815,39,121,676,2000.0,11544.0,0.0,1.069101,1.284017,CAN,KOR,0343
56816,43,121,676,2000.0,35033.0,0.0,0.43423,2.461961,CHN,KOR,0343
56817,64,121,676,2000.0,10730.0,0.0,1.312843,1.4304370000000002,DNK,KOR,0343
56818,103,121,676,2000.0,150478.0,14696.0,0.05846799999999999,1.577531,IDN,KOR,0343
56819,106,121,676,2000.0,49499.0,0.0,1.647548,0.34018899999999996,IRL,KOR,0343
56820,114,121,676,2000.0,11807.0,44955464.0,2.8218240000000003,0.255803,JPN,KOR,0343
56821,166,121,676,2000.0,28992.0,0.0,0.419671,0.809288,NZL,KOR,0343
56822,167,121,676,2000.0,1278.0,0.0,-1.291169,-1.3004040000000001,OMN,KOR,0343
56823,174,121,676,2000.0,13738.0,0.0,-0.010024,-0.368702,PHL,KOR,0343
56824,192,121,676,2000.0,53443.0,0.0,1.5432860000000002,0.519856,SGP,KOR,0343
56825,231,121,676,2000.0,456237.0,73502.0,1.9869709999999998,0.021666,USA,KOR,0343
56826,18,124,676,2000.0,1311.0,0.0,1.382578,1.406981,BEL,LBN,0343
56827,68,124,676,2000.0,1283.0,0.0,-0.365578,0.01634,EGY,LBN,0343
56828,77,124,676,2000.0,4301.0,0.0,1.644969,0.56481,FRA,LBN,0343
56829,81,124,676,2000.0,205082.0,0.0,2.099928,0.564025,GBR,LBN,0343
56830,104,124,676,2000.0,7244.0,0.0,0.323006,2.3446860000000003,IND,LBN,0343
56831,162,124,676,2000.0,12592.0,0.0,1.259257,1.595796,NLD,LBN,0343
56832,163,124,676,2000.0,35097.0,0.0,0.6499050000000001,-0.177091,NOR,LBN,0343
56833,167,124,676,2000.0,20923.0,0.0,-1.291169,-1.3004040000000001,OMN,LBN,0343
56834,174,124,676,2000.0,3791.0,0.0,-0.010024,-0.368702,PHL,LBN,0343
56835,191,124,676,2000.0,28095.0,0.0,-0.449184,-0.375335,SEN,LBN,0343
56836,231,124,676,2000.0,12410.0,0.0,1.9869709999999998,0.021666,USA,LBN,0343
56837,39,138,676,2000.0,7669.0,0.0,1.069101,1.284017,CAN,MEX,0343
56838,42,138,676,2000.0,3365366.0,0.0,-0.011509,0.0031190000000000002,CHL,MEX,0343
56839,71,138,676,2000.0,9831.0,11907.0,1.158711,1.7613189999999999,ESP,MEX,0343
56840,169,138,676,2000.0,1604.0,0.0,0.107412,0.41455600000000004,PAN,MEX,0343
56841,231,138,676,2000.0,107610.0,6520549.0,1.9869709999999998,0.021666,USA,MEX,0343
56842,14,153,676,2000.0,1363.0,4449.0,0.039636000000000005,1.001203,AUS,MYS,0343
56843,22,153,676,2000.0,2478.0,1029.0,-0.8757879999999999,-0.95126,BGD,MYS,0343
56844,41,153,676,2000.0,0.0,4610.0,2.268929,0.538191,CHE,MYS,0343
56845,43,153,676,2000.0,0.0,5579.0,0.43423,2.461961,CHN,MYS,0343
56846,103,153,676,2000.0,69753.0,5218.0,0.05846799999999999,1.577531,IDN,MYS,0343
56847,104,153,676,2000.0,11064.0,0.0,0.323006,2.3446860000000003,IND,MYS,0343
56848,114,153,676,2000.0,4545.0,0.0,2.8218240000000003,0.255803,JPN,MYS,0343
56849,116,153,676,2000.0,64666.0,0.0,-0.554244,-0.1757,KEN,MYS,0343
56850,122,153,676,2000.0,0.0,14674.0,-0.825533,-1.190257,KWT,MYS,0343
56851,143,153,676,2000.0,12193.0,0.0,-1.260786,-0.9277549999999999,MMR,MYS,0343
56852,162,153,676,2000.0,5775.0,0.0,1.259257,1.595796,NLD,MYS,0343
56853,163,153,676,2000.0,154327.0,0.0,0.6499050000000001,-0.177091,NOR,MYS,0343
56854,166,153,676,2000.0,12057.0,0.0,0.419671,0.809288,NZL,MYS,0343
56855,192,153,676,2000.0,24499.0,78518.0,1.5432860000000002,0.519856,SGP,MYS,0343
56856,216,153,676,2000.0,19303.0,0.0,0.505423,1.358217,THA,MYS,0343
56857,231,153,676,2000.0,0.0,48195.0,1.9869709999999998,0.021666,USA,MYS,0343
56858,239,153,676,2000.0,1021.0,0.0,-0.589009,0.518708,VNM,MYS,0343
56859,0,162,676,2000.0,0.0,42432.0,-0.197305,-0.888491,ABW,NLD,0343
56860,2,162,676,2000.0,0.0,33175.0,-1.9108209999999999,-1.2573379999999998,AGO,NLD,0343
56861,6,162,676,2000.0,0.0,39632.0,0.25759099999999996,-0.555668,ANT,NLD,0343
56862,7,162,676,2000.0,3095.0,11965.0,-0.421385,-0.675566,ARE,NLD,0343
56863,8,162,676,2000.0,1688.0,0.0,0.140533,0.888049,ARG,NLD,0343
56864,15,162,676,2000.0,0.0,1558626.0,1.823798,0.465513,AUT,NLD,0343
56865,18,162,676,2000.0,23801424.0,11426432.0,1.382578,1.406981,BEL,NLD,0343
56866,24,162,676,2000.0,0.0,4021.0,-0.270413,-0.882984,BHR,NLD,0343
56867,32,162,676,2000.0,1796.0,0.0,0.853466,1.28277,BRA,NLD,0343
56868,33,162,676,2000.0,1578.0,0.0,0.610079,0.267843,BRB,NLD,0343
56869,39,162,676,2000.0,0.0,82641.0,1.069101,1.284017,CAN,NLD,0343
56870,41,162,676,2000.0,0.0,7423486.0,2.268929,0.538191,CHE,NLD,0343
56871,42,162,676,2000.0,21594.0,0.0,-0.011509,0.0031190000000000002,CHL,NLD,0343
56872,43,162,676,2000.0,41671.0,0.0,0.43423,2.461961,CHN,NLD,0343
56873,44,162,676,2000.0,18715.0,0.0,-0.7955,-0.7019989999999999,CIV,NLD,0343
56874,59,162,676,2000.0,0.0,1966.0,1.526256,0.9255639999999999,CZE,NLD,0343
56875,61,162,676,2000.0,5363664.0,26889282.0,2.3753580000000003,-2.4481029999999997,DEU,NLD,0343
56876,64,162,676,2000.0,4777478.0,1025021.0,1.312843,1.4304370000000002,DNK,NLD,0343
56877,67,162,676,2000.0,19594.0,0.0,-1.016643,-0.8385469999999999,ECU,NLD,0343
56878,69,162,676,2000.0,80494.0,0.0,0.159365,-0.437571,ERI,NLD,0343
56879,71,162,676,2000.0,1611443.0,18543858.0,1.158711,1.7613189999999999,ESP,NLD,0343
56880,72,162,676,2000.0,6594161.0,0.0,0.353545,0.665942,EST,NLD,0343
56881,74,162,676,2000.0,0.0,173104.0,1.9705560000000002,0.874341,FIN,NLD,0343
56882,77,162,676,2000.0,5125604.0,27037476.0,1.644969,0.56481,FRA,NLD,0343
56883,78,162,676,2000.0,1721.0,0.0,-0.25500700000000004,-0.823207,FRO,NLD,0343
56884,81,162,676,2000.0,3343849.0,2637468.0,2.099928,0.564025,GBR,NLD,0343
56885,83,162,676,2000.0,1326.0,0.0,-1.092586,-0.8195030000000001,GHA,NLD,0343
56886,90,162,676,2000.0,17977.0,253519.0,0.26193,1.607656,GRC,NLD,0343
56887,97,162,676,2000.0,0.0,8447.0,0.564112,1.776282,HKG,NLD,0343
56888,102,162,676,2000.0,0.0,14867.0,1.047497,1.284513,HUN,NLD,0343
56889,103,162,676,2000.0,1568460.0,4450.0,0.05846799999999999,1.577531,IDN,NLD,0343
56890,106,162,676,2000.0,11609.0,591846.0,1.647548,0.34018899999999996,IRL,NLD,0343
56891,109,162,676,2000.0,739782.0,3331.0,-0.070436,-0.5575439999999999,ISL,NLD,0343
56892,110,162,676,2000.0,0.0,18208.0,1.4153870000000002,0.828117,ISR,NLD,0343
56893,111,162,676,2000.0,5441343.0,27023780.0,1.51508,0.818283,ITA,NLD,0343
56894,115,162,676,2000.0,0.0,2733.0,-0.16554100000000002,-0.70523,KAZ,NLD,0343
56895,116,162,676,2000.0,62643.0,0.0,-0.554244,-0.1757,KEN,NLD,0343
56896,122,162,676,2000.0,0.0,13949.0,-0.825533,-1.190257,KWT,NLD,0343
56897,124,162,676,2000.0,0.0,12592.0,0.139623,1.095387,LBN,NLD,0343
56898,128,162,676,2000.0,433418.0,0.0,-0.497407,0.004686999999999999,LKA,NLD,0343
56899,130,162,676,2000.0,0.0,54647.0,0.22767199999999999,0.794208,LTU,NLD,0343
56900,131,162,676,2000.0,0.0,516659.0,1.203242,1.0729790000000001,LUX,NLD,0343
56901,132,162,676,2000.0,0.0,8144.0,0.27229699999999996,0.402929,LVA,NLD,0343
56902,134,162,676,2000.0,0.0,18648.0,-0.5460510000000001,-0.33865100000000004,MAR,NLD,0343
56903,142,162,676,2000.0,0.0,5639.0,0.8771450000000001,-0.013614,MLT,NLD,0343
56904,148,162,676,2000.0,23599.0,0.0,-1.444615,-1.29284,MRT,NLD,0343
56905,153,162,676,2000.0,0.0,5775.0,0.789007,0.16084600000000002,MYS,NLD,0343
56906,163,162,676,2000.0,3245522.0,32545.0,0.6499050000000001,-0.177091,NOR,NLD,0343
56907,167,162,676,2000.0,206148.0,0.0,-1.291169,-1.3004040000000001,OMN,NLD,0343
56908,177,162,676,2000.0,0.0,38498.0,0.9513659999999999,1.8445669999999998,POL,NLD,0343
56909,179,162,676,2000.0,0.0,724560.0,0.624078,1.342565,PRT,NLD,0343
56910,186,162,676,2000.0,373989.0,37719.0,0.765547,0.369255,RUS,NLD,0343
56911,188,162,676,2000.0,0.0,13889.0,0.005864,-0.983202,SAU,NLD,0343
56912,190,162,676,2000.0,0.0,1821.0,-1.446942,-1.216142,SDN,NLD,0343
56913,191,162,676,2000.0,12508.0,0.0,-0.449184,-0.375335,SEN,NLD,0343
56914,192,162,676,2000.0,0.0,9907.0,1.5432860000000002,0.519856,SGP,NLD,0343
56915,205,162,676,2000.0,0.0,11540.0,-0.7238720000000001,-0.807254,SUR,NLD,0343
56916,207,162,676,2000.0,0.0,4389.0,1.485695,1.122069,SVN,NLD,0343
56917,208,162,676,2000.0,1696811.0,1997609.0,2.087984,0.811167,SWE,NLD,0343
56918,211,162,676,2000.0,175789.0,0.0,-0.868394,-0.9754459999999999,SYC,NLD,0343
56919,216,162,676,2000.0,3080.0,0.0,0.505423,1.358217,THA,NLD,0343
56920,224,162,676,2000.0,104436.0,6309.0,0.127924,2.039773,TUR,NLD,0343
56921,226,162,676,2000.0,10922829.0,0.0,-1.14198,-0.368647,TZA,NLD,0343
56922,227,162,676,2000.0,2306533.0,0.0,-1.275188,-0.9400639999999999,UGA,NLD,0343
56923,231,162,676,2000.0,15435.0,725910.0,1.9869709999999998,0.021666,USA,NLD,0343
56924,246,162,676,2000.0,9306.0,0.0,0.304739,2.2212709999999998,ZAF,NLD,0343
56925,248,162,676,2000.0,1394647.0,0.0,-0.43871899999999997,0.491989,ZWE,NLD,0343
56926,249,162,676,2000.0,0.0,111511.0,1.642139,1.2375639999999999,TWN,NLD,0343
56927,250,162,676,2000.0,0.0,6702.0,1.094325,-0.32521100000000003,ANS,NLD,0343
56928,6,163,676,2000.0,0.0,1763.0,0.25759099999999996,-0.555668,ANT,NOR,0343
56929,7,163,676,2000.0,0.0,118374.0,-0.421385,-0.675566,ARE,NOR,0343
56930,14,163,676,2000.0,0.0,15628.0,0.039636000000000005,1.001203,AUS,NOR,0343
56931,15,163,676,2000.0,0.0,1281954.0,1.823798,0.465513,AUT,NOR,0343
56932,16,163,676,2000.0,0.0,30138.0,-0.36515,-0.8104979999999999,AZE,NOR,0343
56933,18,163,676,2000.0,0.0,3632892.0,1.382578,1.406981,BEL,NOR,0343
56934,23,163,676,2000.0,0.0,1296.0,0.47338800000000003,1.7633599999999998,BGR,NOR,0343
56935,24,163,676,2000.0,0.0,1174.0,-0.270413,-0.882984,BHR,NOR,0343
56936,28,163,676,2000.0,0.0,429802.0,0.7323649999999999,1.1536170000000001,BLR,NOR,0343
56937,32,163,676,2000.0,0.0,319335.0,0.853466,1.28277,BRA,NOR,0343
56938,39,163,676,2000.0,0.0,86930.0,1.069101,1.284017,CAN,NOR,0343
56939,41,163,676,2000.0,0.0,4053634.0,2.268929,0.538191,CHE,NOR,0343
56940,42,163,676,2000.0,64133.0,2607.0,-0.011509,0.0031190000000000002,CHL,NOR,0343
56941,43,163,676,2000.0,29110.0,34026.0,0.43423,2.461961,CHN,NOR,0343
56942,58,163,676,2000.0,0.0,29250.0,0.264835,0.268755,CYP,NOR,0343
56943,59,163,676,2000.0,0.0,30466.0,1.526256,0.9255639999999999,CZE,NOR,0343
56944,61,163,676,2000.0,18484.0,11264718.0,2.3753580000000003,-2.4481029999999997,DEU,NOR,0343
56945,63,163,676,2000.0,0.0,5231.0,0.8950530000000001,0.295721,DMA,NOR,0343
56946,64,163,676,2000.0,497815.0,6407216.0,1.312843,1.4304370000000002,DNK,NOR,0343
56947,65,163,676,2000.0,0.0,5723.0,-0.5679569999999999,-0.61125,DOM,NOR,0343
56948,68,163,676,2000.0,0.0,10131.0,-0.365578,0.01634,EGY,NOR,0343
56949,71,163,676,2000.0,0.0,2119185.0,1.158711,1.7613189999999999,ESP,NOR,0343
56950,72,163,676,2000.0,3521.0,26288.0,0.353545,0.665942,EST,NOR,0343
56951,74,163,676,2000.0,0.0,1042667.0,1.9705560000000002,0.874341,FIN,NOR,0343
56952,77,163,676,2000.0,4224.0,11964624.0,1.644969,0.56481,FRA,NOR,0343
56953,78,163,676,2000.0,9886.0,0.0,-0.25500700000000004,-0.823207,FRO,NOR,0343
56954,81,163,676,2000.0,16165.0,1003189.0,2.099928,0.564025,GBR,NOR,0343
56955,90,163,676,2000.0,1446.0,7372.0,0.26193,1.607656,GRC,NOR,0343
56956,95,163,676,2000.0,0.0,1438.0,-0.235483,-0.92404,GUM,NOR,0343
56957,97,163,676,2000.0,0.0,181450.0,0.564112,1.776282,HKG,NOR,0343
56958,100,163,676,2000.0,0.0,6148.0,0.640015,1.1175899999999999,HRV,NOR,0343
56959,102,163,676,2000.0,0.0,16659.0,1.047497,1.284513,HUN,NOR,0343
56960,104,163,676,2000.0,0.0,27112.0,0.323006,2.3446860000000003,IND,NOR,0343
56961,106,163,676,2000.0,63390.0,0.0,1.647548,0.34018899999999996,IRL,NOR,0343
56962,109,163,676,2000.0,3176.0,4225.0,-0.070436,-0.5575439999999999,ISL,NOR,0343
56963,110,163,676,2000.0,0.0,310841.0,1.4153870000000002,0.828117,ISR,NOR,0343
56964,111,163,676,2000.0,0.0,315417.0,1.51508,0.818283,ITA,NOR,0343
56965,114,163,676,2000.0,0.0,5479467.0,2.8218240000000003,0.255803,JPN,NOR,0343
56966,116,163,676,2000.0,0.0,4243.0,-0.554244,-0.1757,KEN,NOR,0343
56967,124,163,676,2000.0,0.0,35097.0,0.139623,1.095387,LBN,NOR,0343
56968,128,163,676,2000.0,9008.0,0.0,-0.497407,0.004686999999999999,LKA,NOR,0343
56969,130,163,676,2000.0,0.0,25480.0,0.22767199999999999,0.794208,LTU,NOR,0343
56970,132,163,676,2000.0,0.0,6977.0,0.27229699999999996,0.402929,LVA,NOR,0343
56971,133,163,676,2000.0,0.0,1674.0,-0.19656300000000002,-0.519896,MAC,NOR,0343
56972,142,163,676,2000.0,0.0,3906.0,0.8771450000000001,-0.013614,MLT,NOR,0343
56973,153,163,676,2000.0,0.0,154327.0,0.789007,0.16084600000000002,MYS,NOR,0343
56974,162,163,676,2000.0,32545.0,3245522.0,1.259257,1.595796,NLD,NOR,0343
56975,166,163,676,2000.0,28532.0,0.0,0.419671,0.809288,NZL,NOR,0343
56976,167,163,676,2000.0,30396.0,0.0,-1.291169,-1.3004040000000001,OMN,NOR,0343
56977,177,163,676,2000.0,0.0,865748.0,0.9513659999999999,1.8445669999999998,POL,NOR,0343
56978,179,163,676,2000.0,60007.0,6366.0,0.624078,1.342565,PRT,NOR,0343
56979,183,163,676,2000.0,0.0,12636.0,-0.534754,-1.139729,QAT,NOR,0343
56980,185,163,676,2000.0,0.0,42698.0,0.55594,1.054573,ROU,NOR,0343
56981,186,163,676,2000.0,444085.0,361359.0,0.765547,0.369255,RUS,NOR,0343
56982,188,163,676,2000.0,0.0,2942.0,0.005864,-0.983202,SAU,NOR,0343
56983,192,163,676,2000.0,0.0,429324.0,1.5432860000000002,0.519856,SGP,NOR,0343
56984,206,163,676,2000.0,0.0,42207.0,1.3226360000000001,1.1967809999999999,SVK,NOR,0343
56985,208,163,676,2000.0,138404.0,15857182.0,2.087984,0.811167,SWE,NOR,0343
56986,212,163,676,2000.0,0.0,1838.0,-1.203106,-0.889915,SYR,NOR,0343
56987,216,163,676,2000.0,0.0,1791.0,0.505423,1.358217,THA,NOR,0343
56988,224,163,676,2000.0,0.0,30061.0,0.127924,2.039773,TUR,NOR,0343
56989,228,163,676,2000.0,0.0,6833.0,0.622654,1.191971,UKR,NOR,0343
56990,231,163,676,2000.0,23398.0,23418686.0,1.9869709999999998,0.021666,USA,NOR,0343
56991,239,163,676,2000.0,1046.0,7413.0,-0.589009,0.518708,VNM,NOR,0343
56992,246,163,676,2000.0,0.0,52003.0,0.304739,2.2212709999999998,ZAF,NOR,0343
56993,248,163,676,2000.0,0.0,6904.0,-0.43871899999999997,0.491989,ZWE,NOR,0343
56994,249,163,676,2000.0,0.0,39702.0,1.642139,1.2375639999999999,TWN,NOR,0343
56995,0,169,676,2000.0,0.0,10479.0,-0.197305,-0.888491,ABW,PAN,0343
56996,18,169,676,2000.0,0.0,19966.0,1.382578,1.406981,BEL,PAN,0343
56997,39,169,676,2000.0,0.0,220493.0,1.069101,1.284017,CAN,PAN,0343
56998,43,169,676,2000.0,0.0,5443.0,0.43423,2.461961,CHN,PAN,0343
56999,52,169,676,2000.0,0.0,224423.0,-0.136989,-0.190298,CRI,PAN,0343
57000,65,169,676,2000.0,0.0,114596.0,-0.5679569999999999,-0.61125,DOM,PAN,0343
57001,67,169,676,2000.0,0.0,3182.0,-1.016643,-0.8385469999999999,ECU,PAN,0343
57002,71,169,676,2000.0,0.0,3651.0,1.158711,1.7613189999999999,ESP,PAN,0343
57003,77,169,676,2000.0,0.0,4809.0,1.644969,0.56481,FRA,PAN,0343
57004,81,169,676,2000.0,0.0,104982.0,2.099928,0.564025,GBR,PAN,0343
57005,93,169,676,2000.0,0.0,253197.0,-0.37711100000000003,0.191477,GTM,PAN,0343
57006,97,169,676,2000.0,0.0,119890.0,0.564112,1.776282,HKG,PAN,0343
57007,112,169,676,2000.0,0.0,74503.0,-0.724729,-0.91094,JAM,PAN,0343
57008,114,169,676,2000.0,0.0,440250.0,2.8218240000000003,0.255803,JPN,PAN,0343
57009,138,169,676,2000.0,0.0,1604.0,0.9020379999999999,0.671139,MEX,PAN,0343
57010,231,169,676,2000.0,6033.0,1448544.0,1.9869709999999998,0.021666,USA,PAN,0343
57011,236,169,676,2000.0,0.0,305244.0,-0.12500999999999998,-0.8610610000000001,VEN,PAN,0343
57012,42,173,676,2000.0,65141.0,0.0,-0.011509,0.0031190000000000002,CHL,PER,0343
57013,59,173,676,2000.0,0.0,2419.0,1.526256,0.9255639999999999,CZE,PER,0343
57014,65,173,676,2000.0,2247.0,0.0,-0.5679569999999999,-0.61125,DOM,PER,0343
57015,71,173,676,2000.0,4609.0,19840.0,1.158711,1.7613189999999999,ESP,PER,0343
57016,130,173,676,2000.0,0.0,25804.0,0.22767199999999999,0.794208,LTU,PER,0343
57017,231,173,676,2000.0,0.0,84742.0,1.9869709999999998,0.021666,USA,PER,0343
57018,18,174,676,2000.0,0.0,79504.0,1.382578,1.406981,BEL,PHL,0343
57019,39,174,676,2000.0,0.0,7966.0,1.069101,1.284017,CAN,PHL,0343
57020,41,174,676,2000.0,0.0,640017.0,2.268929,0.538191,CHE,PHL,0343
57021,43,174,676,2000.0,0.0,29714.0,0.43423,2.461961,CHN,PHL,0343
57022,81,174,676,2000.0,0.0,6735.0,2.099928,0.564025,GBR,PHL,0343
57023,97,174,676,2000.0,0.0,1566895.0,0.564112,1.776282,HKG,PHL,0343
57024,114,174,676,2000.0,0.0,481081.0,2.8218240000000003,0.255803,JPN,PHL,0343
57025,121,174,676,2000.0,0.0,13738.0,1.248356,1.000666,KOR,PHL,0343
57026,124,174,676,2000.0,0.0,3791.0,0.139623,1.095387,LBN,PHL,0343
57027,133,174,676,2000.0,0.0,2691.0,-0.19656300000000002,-0.519896,MAC,PHL,0343
57028,192,174,676,2000.0,0.0,1368.0,1.5432860000000002,0.519856,SGP,PHL,0343
57029,216,174,676,2000.0,0.0,38554.0,0.505423,1.358217,THA,PHL,0343
57030,231,174,676,2000.0,67017.0,1554538.0,1.9869709999999998,0.021666,USA,PHL,0343
57031,15,177,676,2000.0,0.0,4479.0,1.823798,0.465513,AUT,POL,0343
57032,18,177,676,2000.0,0.0,2139.0,1.382578,1.406981,BEL,POL,0343
57033,41,177,676,2000.0,0.0,1749805.0,2.268929,0.538191,CHE,POL,0343
57034,61,177,676,2000.0,165035.0,367695.0,2.3753580000000003,-2.4481029999999997,DEU,POL,0343
57035,64,177,676,2000.0,1291737.0,28976.0,1.312843,1.4304370000000002,DNK,POL,0343
57036,77,177,676,2000.0,0.0,178298.0,1.644969,0.56481,FRA,POL,0343
57037,81,177,676,2000.0,56230.0,1454.0,2.099928,0.564025,GBR,POL,0343
57038,106,177,676,2000.0,763308.0,0.0,1.647548,0.34018899999999996,IRL,POL,0343
57039,130,177,676,2000.0,24651.0,0.0,0.22767199999999999,0.794208,LTU,POL,0343
57040,162,177,676,2000.0,38498.0,0.0,1.259257,1.595796,NLD,POL,0343
57041,163,177,676,2000.0,865748.0,0.0,0.6499050000000001,-0.177091,NOR,POL,0343
57042,186,177,676,2000.0,0.0,8809.0,0.765547,0.369255,RUS,POL,0343
57043,206,177,676,2000.0,0.0,1859.0,1.3226360000000001,1.1967809999999999,SVK,POL,0343
57044,228,177,676,2000.0,0.0,1366.0,0.622654,1.191971,UKR,POL,0343
57045,231,177,676,2000.0,0.0,11677.0,1.9869709999999998,0.021666,USA,POL,0343
57046,8,179,676,2000.0,1966.0,0.0,0.140533,0.888049,ARG,PRT,0343
57047,18,179,676,2000.0,0.0,8265.0,1.382578,1.406981,BEL,PRT,0343
57048,41,179,676,2000.0,0.0,14868.0,2.268929,0.538191,CHE,PRT,0343
57049,42,179,676,2000.0,28632.0,0.0,-0.011509,0.0031190000000000002,CHL,PRT,0343
57050,61,179,676,2000.0,14316.0,15367.0,2.3753580000000003,-2.4481029999999997,DEU,PRT,0343
57051,64,179,676,2000.0,3115.0,26471.0,1.312843,1.4304370000000002,DNK,PRT,0343
57052,71,179,676,2000.0,1380762.0,421752.0,1.158711,1.7613189999999999,ESP,PRT,0343
57053,77,179,676,2000.0,19701.0,244843.0,1.644969,0.56481,FRA,PRT,0343
57054,111,179,676,2000.0,0.0,90063.0,1.51508,0.818283,ITA,PRT,0343
57055,131,179,676,2000.0,0.0,15466.0,1.203242,1.0729790000000001,LUX,PRT,0343
57056,162,179,676,2000.0,724560.0,0.0,1.259257,1.595796,NLD,PRT,0343
57057,163,179,676,2000.0,6366.0,60007.0,0.6499050000000001,-0.177091,NOR,PRT,0343
57058,191,179,676,2000.0,4878.0,0.0,-0.449184,-0.375335,SEN,PRT,0343
57059,226,179,676,2000.0,78337.0,0.0,-1.14198,-0.368647,TZA,PRT,0343
57060,231,179,676,2000.0,0.0,2968.0,1.9869709999999998,0.021666,USA,PRT,0343
57061,236,179,676,2000.0,0.0,1618.0,-0.12500999999999998,-0.8610610000000001,VEN,PRT,0343
57062,246,179,676,2000.0,75134.0,0.0,0.304739,2.2212709999999998,ZAF,PRT,0343
57063,18,190,676,2000.0,2358.0,0.0,1.382578,1.406981,BEL,SDN,0343
57064,162,190,676,2000.0,1821.0,0.0,1.259257,1.595796,NLD,SDN,0343
57065,14,192,676,2000.0,83334.0,0.0,0.039636000000000005,1.001203,AUS,SGP,0343
57066,22,192,676,2000.0,0.0,1198.0,-0.8757879999999999,-0.95126,BGD,SGP,0343
57067,34,192,676,2000.0,0.0,5924.0,-1.690871,-1.122819,BRN,SGP,0343
57068,39,192,676,2000.0,19898.0,0.0,1.069101,1.284017,CAN,SGP,0343
57069,64,192,676,2000.0,1226.0,0.0,1.312843,1.4304370000000002,DNK,SGP,0343
57070,71,192,676,2000.0,260085.0,0.0,1.158711,1.7613189999999999,ESP,SGP,0343
57071,77,192,676,2000.0,6128.0,0.0,1.644969,0.56481,FRA,SGP,0343
57072,81,192,676,2000.0,1755.0,0.0,2.099928,0.564025,GBR,SGP,0343
57073,97,192,676,2000.0,34264.0,0.0,0.564112,1.776282,HKG,SGP,0343
57074,103,192,676,2000.0,1539238.0,0.0,0.05846799999999999,1.577531,IDN,SGP,0343
57075,104,192,676,2000.0,15915.0,0.0,0.323006,2.3446860000000003,IND,SGP,0343
57076,114,192,676,2000.0,244622.0,6914.0,2.8218240000000003,0.255803,JPN,SGP,0343
57077,116,192,676,2000.0,29607.0,0.0,-0.554244,-0.1757,KEN,SGP,0343
57078,118,192,676,2000.0,1896.0,0.0,-0.9248430000000001,-1.071231,KHM,SGP,0343
57079,121,192,676,2000.0,0.0,53443.0,1.248356,1.000666,KOR,SGP,0343
57080,137,192,676,2000.0,0.0,1014.0,-1.070968,-1.0570469999999998,MDV,SGP,0343
57081,143,192,676,2000.0,5589.0,0.0,-1.260786,-0.9277549999999999,MMR,SGP,0343
57082,153,192,676,2000.0,78518.0,24499.0,0.789007,0.16084600000000002,MYS,SGP,0343
57083,162,192,676,2000.0,9907.0,0.0,1.259257,1.595796,NLD,SGP,0343
57084,163,192,676,2000.0,429324.0,0.0,0.6499050000000001,-0.177091,NOR,SGP,0343
57085,166,192,676,2000.0,61075.0,0.0,0.419671,0.809288,NZL,SGP,0343
57086,174,192,676,2000.0,1368.0,0.0,-0.010024,-0.368702,PHL,SGP,0343
57087,216,192,676,2000.0,259618.0,0.0,0.505423,1.358217,THA,SGP,0343
57088,231,192,676,2000.0,0.0,31136.0,1.9869709999999998,0.021666,USA,SGP,0343
57089,239,192,676,2000.0,84699.0,0.0,-0.589009,0.518708,VNM,SGP,0343
57090,246,192,676,2000.0,5344.0,0.0,0.304739,2.2212709999999998,ZAF,SGP,0343
57091,249,192,676,2000.0,1153.0,11387.0,1.642139,1.2375639999999999,TWN,SGP,0343
57092,41,197,676,2000.0,0.0,2271.0,2.268929,0.538191,CHE,SLV,0343
57093,93,197,676,2000.0,0.0,8011.0,-0.37711100000000003,0.191477,GTM,SLV,0343
57094,231,197,676,2000.0,2844.0,239692.0,1.9869709999999998,0.021666,USA,SLV,0343
57095,15,208,676,2000.0,0.0,19035.0,1.823798,0.465513,AUT,SWE,0343
57096,18,208,676,2000.0,17566.0,2085821.0,1.382578,1.406981,BEL,SWE,0343
57097,41,208,676,2000.0,0.0,10753.0,2.268929,0.538191,CHE,SWE,0343
57098,42,208,676,2000.0,80028.0,0.0,-0.011509,0.0031190000000000002,CHL,SWE,0343
57099,61,208,676,2000.0,38023.0,1486160.0,2.3753580000000003,-2.4481029999999997,DEU,SWE,0343
57100,64,208,676,2000.0,8589071.0,4388324.0,1.312843,1.4304370000000002,DNK,SWE,0343
57101,71,208,676,2000.0,0.0,1331829.0,1.158711,1.7613189999999999,ESP,SWE,0343
57102,72,208,676,2000.0,1680952.0,2303.0,0.353545,0.665942,EST,SWE,0343
57103,74,208,676,2000.0,107988.0,1192111.0,1.9705560000000002,0.874341,FIN,SWE,0343
57104,77,208,676,2000.0,102119.0,4844738.0,1.644969,0.56481,FRA,SWE,0343
57105,78,208,676,2000.0,2800.0,0.0,-0.25500700000000004,-0.823207,FRO,SWE,0343
57106,81,208,676,2000.0,2956.0,948084.0,2.099928,0.564025,GBR,SWE,0343
57107,90,208,676,2000.0,0.0,4420.0,0.26193,1.607656,GRC,SWE,0343
57108,102,208,676,2000.0,0.0,3774.0,1.047497,1.284513,HUN,SWE,0343
57109,103,208,676,2000.0,63033.0,0.0,0.05846799999999999,1.577531,IDN,SWE,0343
57110,109,208,676,2000.0,294285.0,0.0,-0.070436,-0.5575439999999999,ISL,SWE,0343
57111,111,208,676,2000.0,0.0,601538.0,1.51508,0.818283,ITA,SWE,0343
57112,128,208,676,2000.0,166277.0,0.0,-0.497407,0.004686999999999999,LKA,SWE,0343
57113,132,208,676,2000.0,2083.0,6436.0,0.27229699999999996,0.402929,LVA,SWE,0343
57114,162,208,676,2000.0,1997609.0,1696811.0,1.259257,1.595796,NLD,SWE,0343
57115,163,208,676,2000.0,15857182.0,138404.0,0.6499050000000001,-0.177091,NOR,SWE,0343
57116,167,208,676,2000.0,1817.0,0.0,-1.291169,-1.3004040000000001,OMN,SWE,0343
57117,186,208,676,2000.0,0.0,7020.0,0.765547,0.369255,RUS,SWE,0343
57118,216,208,676,2000.0,4458.0,0.0,0.505423,1.358217,THA,SWE,0343
57119,231,208,676,2000.0,0.0,3705.0,1.9869709999999998,0.021666,USA,SWE,0343
57120,14,216,676,2000.0,89088.0,250054.0,0.039636000000000005,1.001203,AUS,THA,0343
57121,15,216,676,2000.0,0.0,1625.0,1.823798,0.465513,AUT,THA,0343
57122,24,216,676,2000.0,0.0,21632.0,-0.270413,-0.882984,BHR,THA,0343
57123,34,216,676,2000.0,0.0,4487.0,-1.690871,-1.122819,BRN,THA,0343
57124,39,216,676,2000.0,0.0,36156.0,1.069101,1.284017,CAN,THA,0343
57125,41,216,676,2000.0,0.0,24909.0,2.268929,0.538191,CHE,THA,0343
57126,43,216,676,2000.0,0.0,16193.0,0.43423,2.461961,CHN,THA,0343
57127,61,216,676,2000.0,0.0,1542.0,2.3753580000000003,-2.4481029999999997,DEU,THA,0343
57128,97,216,676,2000.0,0.0,63720.0,0.564112,1.776282,HKG,THA,0343
57129,103,216,676,2000.0,4019.0,0.0,0.05846799999999999,1.577531,IDN,THA,0343
57130,104,216,676,2000.0,36661.0,0.0,0.323006,2.3446860000000003,IND,THA,0343
57131,114,216,676,2000.0,1179.0,105149.0,2.8218240000000003,0.255803,JPN,THA,0343
57132,153,216,676,2000.0,0.0,19303.0,0.789007,0.16084600000000002,MYS,THA,0343
57133,162,216,676,2000.0,0.0,3080.0,1.259257,1.595796,NLD,THA,0343
57134,163,216,676,2000.0,1791.0,0.0,0.6499050000000001,-0.177091,NOR,THA,0343
57135,166,216,676,2000.0,1341.0,2458.0,0.419671,0.809288,NZL,THA,0343
57136,174,216,676,2000.0,38554.0,0.0,-0.010024,-0.368702,PHL,THA,0343
57137,178,216,676,2000.0,0.0,22467.0,0.795818,1.089874,PRK,THA,0343
57138,192,216,676,2000.0,0.0,259618.0,1.5432860000000002,0.519856,SGP,THA,0343
57139,208,216,676,2000.0,0.0,4458.0,2.087984,0.811167,SWE,THA,0343
57140,231,216,676,2000.0,0.0,78313.0,1.9869709999999998,0.021666,USA,THA,0343
57141,249,216,676,2000.0,0.0,66138.0,1.642139,1.2375639999999999,TWN,THA,0343
57142,13,222,676,2000.0,0.0,4123.0,0.146899,-0.622011,ATG,TTO,0343
57143,33,222,676,2000.0,0.0,199797.0,0.610079,0.267843,BRB,TTO,0343
57144,231,222,676,2000.0,0.0,7429.0,1.9869709999999998,0.021666,USA,TTO,0343
57145,15,224,676,2000.0,0.0,54882.0,1.823798,0.465513,AUT,TUR,0343
57146,39,224,676,2000.0,0.0,1815.0,1.069101,1.284017,CAN,TUR,0343
57147,41,224,676,2000.0,0.0,124790.0,2.268929,0.538191,CHE,TUR,0343
57148,43,224,676,2000.0,7958.0,0.0,0.43423,2.461961,CHN,TUR,0343
57149,58,224,676,2000.0,0.0,46220.0,0.264835,0.268755,CYP,TUR,0343
57150,64,224,676,2000.0,13752.0,6344.0,1.312843,1.4304370000000002,DNK,TUR,0343
57151,71,224,676,2000.0,0.0,1848.0,1.158711,1.7613189999999999,ESP,TUR,0343
57152,77,224,676,2000.0,0.0,220086.0,1.644969,0.56481,FRA,TUR,0343
57153,81,224,676,2000.0,0.0,2547.0,2.099928,0.564025,GBR,TUR,0343
57154,90,224,676,2000.0,0.0,84418.0,0.26193,1.607656,GRC,TUR,0343
57155,110,224,676,2000.0,0.0,6326.0,1.4153870000000002,0.828117,ISR,TUR,0343
57156,111,224,676,2000.0,0.0,27530.0,1.51508,0.818283,ITA,TUR,0343
57157,114,224,676,2000.0,0.0,1355922.0,2.8218240000000003,0.255803,JPN,TUR,0343
57158,162,224,676,2000.0,6309.0,104436.0,1.259257,1.595796,NLD,TUR,0343
57159,163,224,676,2000.0,30061.0,0.0,0.6499050000000001,-0.177091,NOR,TUR,0343
57160,231,224,676,2000.0,0.0,72317.0,1.9869709999999998,0.021666,USA,TUR,0343
57161,0,231,676,2000.0,0.0,54931.0,-0.197305,-0.888491,ABW,USA,0343
57162,3,231,676,2000.0,0.0,14301.0,1.626272,0.420422,AIA,USA,0343
57163,6,231,676,2000.0,79032.0,3062.0,0.25759099999999996,-0.555668,ANT,USA,0343
57164,8,231,676,2000.0,1692543.0,0.0,0.140533,0.888049,ARG,USA,0343
57165,13,231,676,2000.0,0.0,29868.0,0.146899,-0.622011,ATG,USA,0343
57166,14,231,676,2000.0,961336.0,0.0,0.039636000000000005,1.001203,AUS,USA,0343
57167,15,231,676,2000.0,0.0,2671.0,1.823798,0.465513,AUT,USA,0343
57168,18,231,676,2000.0,3668.0,76064.0,1.382578,1.406981,BEL,USA,0343
57169,25,231,676,2000.0,0.0,41040.0,0.7182970000000001,0.139012,BHS,USA,0343
57170,30,231,676,2000.0,0.0,28929.0,0.770323,-0.5255350000000001,BMU,USA,0343
57171,32,231,676,2000.0,223383.0,0.0,0.853466,1.28277,BRA,USA,0343
57172,33,231,676,2000.0,2170.0,7329.0,0.610079,0.267843,BRB,USA,0343
57173,39,231,676,2000.0,151984512.0,20598594.0,1.069101,1.284017,CAN,USA,0343
57174,41,231,676,2000.0,1673.0,48750.0,2.268929,0.538191,CHE,USA,0343
57175,42,231,676,2000.0,281332832.0,0.0,-0.011509,0.0031190000000000002,CHL,USA,0343
57176,43,231,676,2000.0,863224.0,333531.0,0.43423,2.461961,CHN,USA,0343
57177,47,231,676,2000.0,0.0,11333.0,-1.7116900000000002,-1.270469,COG,USA,0343
57178,48,231,676,2000.0,3800.0,0.0,0.171492,-0.580616,COK,USA,0343
57179,49,231,676,2000.0,259668.0,105278.0,0.12351400000000001,0.255517,COL,USA,0343
57180,52,231,676,2000.0,19525690.0,49720.0,-0.136989,-0.190298,CRI,USA,0343
57181,57,231,676,2000.0,8279.0,0.0,0.602984,-0.688476,CYM,USA,0343
57182,58,231,676,2000.0,3449.0,0.0,0.264835,0.268755,CYP,USA,0343
57183,61,231,676,2000.0,57029.0,115424.0,2.3753580000000003,-2.4481029999999997,DEU,USA,0343
57184,64,231,676,2000.0,6400.0,9437.0,1.312843,1.4304370000000002,DNK,USA,0343
57185,65,231,676,2000.0,0.0,99664.0,-0.5679569999999999,-0.61125,DOM,USA,0343
57186,67,231,676,2000.0,23951606.0,0.0,-1.016643,-0.8385469999999999,ECU,USA,0343
57187,71,231,676,2000.0,3480.0,56494.0,1.158711,1.7613189999999999,ESP,USA,0343
57188,72,231,676,2000.0,65634.0,0.0,0.353545,0.665942,EST,USA,0343
57189,74,231,676,2000.0,6107.0,14064.0,1.9705560000000002,0.874341,FIN,USA,0343
57190,75,231,676,2000.0,19081.0,0.0,-0.775963,-0.28976999999999997,FJI,USA,0343
57191,77,231,676,2000.0,10449.0,1153565.0,1.644969,0.56481,FRA,USA,0343
57192,78,231,676,2000.0,286919.0,0.0,-0.25500700000000004,-0.823207,FRO,USA,0343
57193,81,231,676,2000.0,893726.0,756385.0,2.099928,0.564025,GBR,USA,0343
57194,90,231,676,2000.0,177683.0,0.0,0.26193,1.607656,GRC,USA,0343
57195,91,231,676,2000.0,200732.0,0.0,0.581976,-0.196366,GRD,USA,0343
57196,92,231,676,2000.0,220652.0,0.0,-0.365398,-0.849985,GRL,USA,0343
57197,93,231,676,2000.0,78663.0,10080.0,-0.37711100000000003,0.191477,GTM,USA,0343
57198,96,231,676,2000.0,4053.0,0.0,-0.7425069999999999,-0.892847,GUY,USA,0343
57199,97,231,676,2000.0,41199.0,18287.0,0.564112,1.776282,HKG,USA,0343
57200,99,231,676,2000.0,5802896.0,26230.0,-0.756031,-0.58392,HND,USA,0343
57201,103,231,676,2000.0,1414521.0,1718.0,0.05846799999999999,1.577531,IDN,USA,0343
57202,104,231,676,2000.0,61003.0,0.0,0.323006,2.3446860000000003,IND,USA,0343
57203,106,231,676,2000.0,39119.0,4753.0,1.647548,0.34018899999999996,IRL,USA,0343
57204,107,231,676,2000.0,4911.0,0.0,-0.8148770000000001,-1.040305,IRN,USA,0343
57205,109,231,676,2000.0,26640024.0,0.0,-0.070436,-0.5575439999999999,ISL,USA,0343
57206,111,231,676,2000.0,6608.0,157600.0,1.51508,0.818283,ITA,USA,0343
57207,112,231,676,2000.0,1140151.0,4973.0,-0.724729,-0.91094,JAM,USA,0343
57208,114,231,676,2000.0,18767342.0,892873.0,2.8218240000000003,0.255803,JPN,USA,0343
57209,116,231,676,2000.0,21060.0,0.0,-0.554244,-0.1757,KEN,USA,0343
57210,120,231,676,2000.0,0.0,4463.0,0.774566,-0.46352299999999996,KNA,USA,0343
57211,121,231,676,2000.0,73502.0,456237.0,1.248356,1.000666,KOR,USA,0343
57212,122,231,676,2000.0,0.0,5070.0,-0.825533,-1.190257,KWT,USA,0343
57213,124,231,676,2000.0,0.0,12410.0,0.139623,1.095387,LBN,USA,0343
57214,127,231,676,2000.0,0.0,10678.0,-0.0033490000000000004,-0.6011340000000001,LCA,USA,0343
57215,132,231,676,2000.0,0.0,64157.0,0.27229699999999996,0.402929,LVA,USA,0343
57216,133,231,676,2000.0,0.0,1141.0,-0.19656300000000002,-0.519896,MAC,USA,0343
57217,138,231,676,2000.0,6520549.0,107610.0,0.9020379999999999,0.671139,MEX,USA,0343
57218,153,231,676,2000.0,48195.0,0.0,0.789007,0.16084600000000002,MYS,USA,0343
57219,160,231,676,2000.0,446059.0,3857.0,-0.753571,-0.620488,NIC,USA,0343
57220,162,231,676,2000.0,725910.0,15435.0,1.259257,1.595796,NLD,USA,0343
57221,163,231,676,2000.0,23418686.0,23398.0,0.6499050000000001,-0.177091,NOR,USA,0343
57222,166,231,676,2000.0,1094891.0,0.0,0.419671,0.809288,NZL,USA,0343
57223,169,231,676,2000.0,1448544.0,6033.0,0.107412,0.41455600000000004,PAN,USA,0343
57224,173,231,676,2000.0,84742.0,0.0,-0.390278,-0.018691,PER,USA,0343
57225,174,231,676,2000.0,1554538.0,67017.0,-0.010024,-0.368702,PHL,USA,0343
57226,177,231,676,2000.0,11677.0,0.0,0.9513659999999999,1.8445669999999998,POL,USA,0343
57227,179,231,676,2000.0,2968.0,0.0,0.624078,1.342565,PRT,USA,0343
57228,182,231,676,2000.0,0.0,1943.0,-0.382787,-0.837533,PYF,USA,0343
57229,186,231,676,2000.0,227064.0,26095.0,0.765547,0.369255,RUS,USA,0343
57230,191,231,676,2000.0,8080.0,0.0,-0.449184,-0.375335,SEN,USA,0343
57231,192,231,676,2000.0,31136.0,0.0,1.5432860000000002,0.519856,SGP,USA,0343
57232,197,231,676,2000.0,239692.0,2844.0,-0.077776,-0.084655,SLV,USA,0343
57233,205,231,676,2000.0,179552.0,0.0,-0.7238720000000001,-0.807254,SUR,USA,0343
57234,208,231,676,2000.0,3705.0,0.0,2.087984,0.811167,SWE,USA,0343
57235,213,231,676,2000.0,0.0,5920.0,0.978576,0.035098000000000004,TCA,USA,0343
57236,216,231,676,2000.0,78313.0,0.0,0.505423,1.358217,THA,USA,0343
57237,222,231,676,2000.0,7429.0,0.0,0.011104000000000001,-0.831385,TTO,USA,0343
57238,224,231,676,2000.0,72317.0,0.0,0.127924,2.039773,TUR,USA,0343
57239,226,231,676,2000.0,51915.0,0.0,-1.14198,-0.368647,TZA,USA,0343
57240,227,231,676,2000.0,3038694.0,0.0,-1.275188,-0.9400639999999999,UGA,USA,0343
57241,230,231,676,2000.0,43215.0,0.0,0.18688,0.575136,URY,USA,0343
57242,236,231,676,2000.0,45187.0,36875.0,-0.12500999999999998,-0.8610610000000001,VEN,USA,0343
57243,239,231,676,2000.0,482348.0,0.0,-0.589009,0.518708,VNM,USA,0343
57244,242,231,676,2000.0,30033.0,0.0,-1.06243,-1.012707,WSM,USA,0343
57245,249,231,676,2000.0,334668.0,153513.0,1.642139,1.2375639999999999,TWN,USA,0343
57246,8,236,676,2000.0,8184.0,0.0,0.140533,0.888049,ARG,VEN,0343
57247,42,236,676,2000.0,123872.0,0.0,-0.011509,0.0031190000000000002,CHL,VEN,0343
57248,67,236,676,2000.0,3271.0,0.0,-1.016643,-0.8385469999999999,ECU,VEN,0343
57249,81,236,676,2000.0,0.0,25420.0,2.099928,0.564025,GBR,VEN,0343
57250,104,236,676,2000.0,10751.0,0.0,0.323006,2.3446860000000003,IND,VEN,0343
57251,169,236,676,2000.0,305244.0,0.0,0.107412,0.41455600000000004,PAN,VEN,0343
57252,179,236,676,2000.0,1618.0,0.0,0.624078,1.342565,PRT,VEN,0343
57253,205,236,676,2000.0,0.0,6208.0,-0.7238720000000001,-0.807254,SUR,VEN,0343
57254,231,236,676,2000.0,36875.0,45187.0,1.9869709999999998,0.021666,USA,VEN,0343
57255,15,239,676,2000.0,0.0,7153.0,1.823798,0.465513,AUT,VNM,0343
57256,41,239,676,2000.0,0.0,531595.0,2.268929,0.538191,CHE,VNM,0343
57257,71,239,676,2000.0,179333.0,1070.0,1.158711,1.7613189999999999,ESP,VNM,0343
57258,77,239,676,2000.0,0.0,1348.0,1.644969,0.56481,FRA,VNM,0343
57259,81,239,676,2000.0,0.0,59553.0,2.099928,0.564025,GBR,VNM,0343
57260,97,239,676,2000.0,0.0,8940.0,0.564112,1.776282,HKG,VNM,0343
57261,114,239,676,2000.0,0.0,632201.0,2.8218240000000003,0.255803,JPN,VNM,0343
57262,133,239,676,2000.0,0.0,3139.0,-0.19656300000000002,-0.519896,MAC,VNM,0343
57263,153,239,676,2000.0,0.0,1021.0,0.789007,0.16084600000000002,MYS,VNM,0343
57264,163,239,676,2000.0,7413.0,1046.0,0.6499050000000001,-0.177091,NOR,VNM,0343
57265,192,239,676,2000.0,0.0,84699.0,1.5432860000000002,0.519856,SGP,VNM,0343
57266,231,239,676,2000.0,0.0,482348.0,1.9869709999999998,0.021666,USA,VNM,0343
57267,249,239,676,2000.0,0.0,172907.0,1.642139,1.2375639999999999,TWN,VNM,0343
57268,14,249,676,2000.0,25908.0,0.0,0.039636000000000005,1.001203,AUS,TWN,0343
57269,18,249,676,2000.0,0.0,30583.0,1.382578,1.406981,BEL,TWN,0343
57270,24,249,676,2000.0,0.0,16248.0,-0.270413,-0.882984,BHR,TWN,0343
57271,39,249,676,2000.0,64781.0,4332.0,1.069101,1.284017,CAN,TWN,0343
57272,81,249,676,2000.0,0.0,23907.0,2.099928,0.564025,GBR,TWN,0343
57273,97,249,676,2000.0,0.0,11382.0,0.564112,1.776282,HKG,TWN,0343
57274,103,249,676,2000.0,11787.0,71118.0,0.05846799999999999,1.577531,IDN,TWN,0343
57275,114,249,676,2000.0,237661.0,4476843.0,2.8218240000000003,0.255803,JPN,TWN,0343
57276,118,249,676,2000.0,1977.0,0.0,-0.9248430000000001,-1.071231,KHM,TWN,0343
57277,162,249,676,2000.0,111511.0,0.0,1.259257,1.595796,NLD,TWN,0343
57278,163,249,676,2000.0,39702.0,0.0,0.6499050000000001,-0.177091,NOR,TWN,0343
57279,192,249,676,2000.0,11387.0,1153.0,1.5432860000000002,0.519856,SGP,TWN,0343
57280,216,249,676,2000.0,66138.0,0.0,0.505423,1.358217,THA,TWN,0343
57281,231,249,676,2000.0,153513.0,334668.0,1.9869709999999998,0.021666,USA,TWN,0343
57282,239,249,676,2000.0,172907.0,0.0,-0.589009,0.518708,VNM,TWN,0343
57283,24,7,676,2000.0,0.0,51300.0,-0.270413,-0.882984,BHR,ARE,0343
57284,41,7,676,2000.0,0.0,1772.0,2.268929,0.538191,CHE,ARE,0343
57285,61,7,676,2000.0,21163.0,2844.0,2.3753580000000003,-2.4481029999999997,DEU,ARE,0343
57286,64,7,676,2000.0,1861.0,0.0,1.312843,1.4304370000000002,DNK,ARE,0343
57287,77,7,676,2000.0,0.0,5794.0,1.644969,0.56481,FRA,ARE,0343
57288,81,7,676,2000.0,27476.0,0.0,2.099928,0.564025,GBR,ARE,0343
57289,104,7,676,2000.0,30225.0,0.0,0.323006,2.3446860000000003,IND,ARE,0343
57290,106,7,676,2000.0,0.0,2585.0,1.647548,0.34018899999999996,IRL,ARE,0343
57291,116,7,676,2000.0,1129.0,0.0,-0.554244,-0.1757,KEN,ARE,0343
57292,122,7,676,2000.0,0.0,2129.0,-0.825533,-1.190257,KWT,ARE,0343
57293,137,7,676,2000.0,0.0,5485.0,-1.070968,-1.0570469999999998,MDV,ARE,0343
57294,162,7,676,2000.0,11965.0,3095.0,1.259257,1.595796,NLD,ARE,0343
57295,163,7,676,2000.0,118374.0,0.0,0.6499050000000001,-0.177091,NOR,ARE,0343
57296,219,7,676,2000.0,0.0,1668.0,-0.839936,-1.168236,TKM,ARE,0343
57297,227,7,676,2000.0,19159.0,0.0,-1.275188,-0.9400639999999999,UGA,ARE,0343
57298,64,16,676,2000.0,8498.0,0.0,1.312843,1.4304370000000002,DNK,AZE,0343
57299,163,16,676,2000.0,30138.0,0.0,0.6499050000000001,-0.177091,NOR,AZE,0343
57300,24,22,676,2000.0,0.0,50724.0,-0.270413,-0.882984,BHR,BGD,0343
57301,97,22,676,2000.0,0.0,2608.0,0.564112,1.776282,HKG,BGD,0343
57302,153,22,676,2000.0,1029.0,2478.0,0.789007,0.16084600000000002,MYS,BGD,0343
57303,192,22,676,2000.0,1198.0,0.0,1.5432860000000002,0.519856,SGP,BGD,0343
57304,77,28,676,2000.0,4241.0,0.0,1.644969,0.56481,FRA,BLR,0343
57305,163,28,676,2000.0,429802.0,0.0,0.6499050000000001,-0.177091,NOR,BLR,0343
57306,186,28,676,2000.0,6113.0,19424.0,0.765547,0.369255,RUS,BLR,0343
57307,64,58,676,2000.0,23787.0,0.0,1.312843,1.4304370000000002,DNK,CYP,0343
57308,81,58,676,2000.0,36391.0,8721.0,2.099928,0.564025,GBR,CYP,0343
57309,163,58,676,2000.0,29250.0,0.0,0.6499050000000001,-0.177091,NOR,CYP,0343
57310,224,58,676,2000.0,46220.0,0.0,0.127924,2.039773,TUR,CYP,0343
57311,231,58,676,2000.0,0.0,3449.0,1.9869709999999998,0.021666,USA,CYP,0343
57312,39,68,676,2000.0,40307.0,0.0,1.069101,1.284017,CAN,EGY,0343
57313,124,68,676,2000.0,0.0,1283.0,0.139623,1.095387,LBN,EGY,0343
57314,163,68,676,2000.0,10131.0,0.0,0.6499050000000001,-0.177091,NOR,EGY,0343
57315,227,68,676,2000.0,81101.0,0.0,-1.275188,-0.9400639999999999,UGA,EGY,0343
57316,247,68,676,2000.0,69424.0,0.0,-0.6563060000000001,-0.5822069999999999,ZMB,EGY,0343
57317,81,83,676,2000.0,17054.0,35734.0,2.099928,0.564025,GBR,GHA,0343
57318,162,83,676,2000.0,0.0,1326.0,1.259257,1.595796,NLD,GHA,0343
57319,43,102,676,2000.0,4319.0,0.0,0.43423,2.461961,CHN,HUN,0343
57320,59,102,676,2000.0,0.0,12084.0,1.526256,0.9255639999999999,CZE,HUN,0343
57321,64,102,676,2000.0,18221.0,0.0,1.312843,1.4304370000000002,DNK,HUN,0343
57322,77,102,676,2000.0,55488.0,0.0,1.644969,0.56481,FRA,HUN,0343
57323,81,102,676,2000.0,10125.0,0.0,2.099928,0.564025,GBR,HUN,0343
57324,111,102,676,2000.0,2954.0,13394.0,1.51508,0.818283,ITA,HUN,0343
57325,128,102,676,2000.0,1679.0,0.0,-0.497407,0.004686999999999999,LKA,HUN,0343
57326,162,102,676,2000.0,14867.0,0.0,1.259257,1.595796,NLD,HUN,0343
57327,163,102,676,2000.0,16659.0,0.0,0.6499050000000001,-0.177091,NOR,HUN,0343
57328,185,102,676,2000.0,5727.0,4825.0,0.55594,1.054573,ROU,HUN,0343
57329,206,102,676,2000.0,0.0,5557.0,1.3226360000000001,1.1967809999999999,SVK,HUN,0343
57330,208,102,676,2000.0,3774.0,0.0,2.087984,0.811167,SWE,HUN,0343
57331,64,113,676,2000.0,1463.0,0.0,1.312843,1.4304370000000002,DNK,JOR,0343
57332,162,115,676,2000.0,2733.0,0.0,1.259257,1.595796,NLD,KAZ,0343
57333,186,115,676,2000.0,0.0,16486.0,0.765547,0.369255,RUS,KAZ,0343
57334,7,116,676,2000.0,0.0,1129.0,-0.421385,-0.675566,ARE,KEN,0343
57335,15,116,676,2000.0,0.0,4104.0,1.823798,0.465513,AUT,KEN,0343
57336,18,116,676,2000.0,0.0,3876.0,1.382578,1.406981,BEL,KEN,0343
57337,61,116,676,2000.0,0.0,87333.0,2.3753580000000003,-2.4481029999999997,DEU,KEN,0343
57338,73,116,676,2000.0,0.0,1755.0,-1.1137629999999998,-1.020996,ETH,KEN,0343
57339,77,116,676,2000.0,0.0,5059.0,1.644969,0.56481,FRA,KEN,0343
57340,111,116,676,2000.0,0.0,1077.0,1.51508,0.818283,ITA,KEN,0343
57341,153,116,676,2000.0,0.0,64666.0,0.789007,0.16084600000000002,MYS,KEN,0343
57342,162,116,676,2000.0,0.0,62643.0,1.259257,1.595796,NLD,KEN,0343
57343,163,116,676,2000.0,4243.0,0.0,0.6499050000000001,-0.177091,NOR,KEN,0343
57344,192,116,676,2000.0,0.0,29607.0,1.5432860000000002,0.519856,SGP,KEN,0343
57345,226,116,676,2000.0,13411.0,0.0,-1.14198,-0.368647,TZA,KEN,0343
57346,231,116,676,2000.0,0.0,21060.0,1.9869709999999998,0.021666,USA,KEN,0343
57347,250,116,676,2000.0,0.0,1861.0,1.094325,-0.32521100000000003,ANS,KEN,0343
57348,7,122,676,2000.0,2129.0,0.0,-0.421385,-0.675566,ARE,KWT,0343
57349,77,122,676,2000.0,9672.0,4738.0,1.644969,0.56481,FRA,KWT,0343
57350,81,122,676,2000.0,1835.0,0.0,2.099928,0.564025,GBR,KWT,0343
57351,153,122,676,2000.0,14674.0,0.0,0.789007,0.16084600000000002,MYS,KWT,0343
57352,162,122,676,2000.0,13949.0,0.0,1.259257,1.595796,NLD,KWT,0343
57353,188,122,676,2000.0,9583.0,0.0,0.005864,-0.983202,SAU,KWT,0343
57354,231,122,676,2000.0,5070.0,0.0,1.9869709999999998,0.021666,USA,KWT,0343
57355,246,122,676,2000.0,22133.0,0.0,0.304739,2.2212709999999998,ZAF,KWT,0343
57356,18,128,676,2000.0,0.0,60360.0,1.382578,1.406981,BEL,LKA,0343
57357,41,128,676,2000.0,0.0,14726.0,2.268929,0.538191,CHE,LKA,0343
57358,61,128,676,2000.0,0.0,1113964.0,2.3753580000000003,-2.4481029999999997,DEU,LKA,0343
57359,77,128,676,2000.0,0.0,2011499.0,1.644969,0.56481,FRA,LKA,0343
57360,81,128,676,2000.0,0.0,3628049.0,2.099928,0.564025,GBR,LKA,0343
57361,102,128,676,2000.0,0.0,1679.0,1.047497,1.284513,HUN,LKA,0343
57362,103,128,676,2000.0,11760.0,0.0,0.05846799999999999,1.577531,IDN,LKA,0343
57363,111,128,676,2000.0,0.0,1568.0,1.51508,0.818283,ITA,LKA,0343
57364,114,128,676,2000.0,0.0,116226.0,2.8218240000000003,0.255803,JPN,LKA,0343
57365,137,128,676,2000.0,89701.0,0.0,-1.070968,-1.0570469999999998,MDV,LKA,0343
57366,162,128,676,2000.0,0.0,433418.0,1.259257,1.595796,NLD,LKA,0343
57367,163,128,676,2000.0,0.0,9008.0,0.6499050000000001,-0.177091,NOR,LKA,0343
57368,208,128,676,2000.0,0.0,166277.0,2.087984,0.811167,SWE,LKA,0343
57369,61,132,676,2000.0,17226.0,0.0,2.3753580000000003,-2.4481029999999997,DEU,LVA,0343
57370,64,132,676,2000.0,1162.0,0.0,1.312843,1.4304370000000002,DNK,LVA,0343
57371,72,132,676,2000.0,3050.0,0.0,0.353545,0.665942,EST,LVA,0343
57372,130,132,676,2000.0,0.0,1346.0,0.22767199999999999,0.794208,LTU,LVA,0343
57373,162,132,676,2000.0,8144.0,0.0,1.259257,1.595796,NLD,LVA,0343
57374,163,132,676,2000.0,6977.0,0.0,0.6499050000000001,-0.177091,NOR,LVA,0343
57375,186,132,676,2000.0,0.0,1969.0,0.765547,0.369255,RUS,LVA,0343
57376,208,132,676,2000.0,6436.0,2083.0,2.087984,0.811167,SWE,LVA,0343
57377,231,132,676,2000.0,64157.0,0.0,1.9869709999999998,0.021666,USA,LVA,0343
57378,250,132,676,2000.0,0.0,3675.0,1.094325,-0.32521100000000003,ANS,LVA,0343
57379,10,166,676,2000.0,0.0,1061.0,1.106474,0.32893,ASM,NZL,0343
57380,14,166,676,2000.0,7540.0,830074.0,0.039636000000000005,1.001203,AUS,NZL,0343
57381,39,166,676,2000.0,0.0,84198.0,1.069101,1.284017,CAN,NZL,0343
57382,41,166,676,2000.0,0.0,100947.0,2.268929,0.538191,CHE,NZL,0343
57383,43,166,676,2000.0,1540.0,0.0,0.43423,2.461961,CHN,NZL,0343
57384,48,166,676,2000.0,0.0,10412.0,0.171492,-0.580616,COK,NZL,0343
57385,61,166,676,2000.0,0.0,78236.0,2.3753580000000003,-2.4481029999999997,DEU,NZL,0343
57386,64,166,676,2000.0,0.0,4037.0,1.312843,1.4304370000000002,DNK,NZL,0343
57387,71,166,676,2000.0,0.0,2380.0,1.158711,1.7613189999999999,ESP,NZL,0343
57388,75,166,676,2000.0,1185.0,1102.0,-0.775963,-0.28976999999999997,FJI,NZL,0343
57389,77,166,676,2000.0,0.0,2140.0,1.644969,0.56481,FRA,NZL,0343
57390,95,166,676,2000.0,0.0,23421.0,-0.235483,-0.92404,GUM,NZL,0343
57391,97,166,676,2000.0,0.0,27996.0,0.564112,1.776282,HKG,NZL,0343
57392,114,166,676,2000.0,0.0,202413.0,2.8218240000000003,0.255803,JPN,NZL,0343
57393,121,166,676,2000.0,0.0,28992.0,1.248356,1.000666,KOR,NZL,0343
57394,133,166,676,2000.0,0.0,17368.0,-0.19656300000000002,-0.519896,MAC,NZL,0343
57395,153,166,676,2000.0,0.0,12057.0,0.789007,0.16084600000000002,MYS,NZL,0343
57396,156,166,676,2000.0,0.0,16032.0,-0.138942,-0.903899,NCL,NZL,0343
57397,163,166,676,2000.0,0.0,28532.0,0.6499050000000001,-0.177091,NOR,NZL,0343
57398,182,166,676,2000.0,0.0,6544.0,-0.382787,-0.837533,PYF,NZL,0343
57399,192,166,676,2000.0,0.0,61075.0,1.5432860000000002,0.519856,SGP,NZL,0343
57400,216,166,676,2000.0,2458.0,1341.0,0.505423,1.358217,THA,NZL,0343
57401,221,166,676,2000.0,1033.0,0.0,-0.980166,-0.979022,TON,NZL,0343
57402,231,166,676,2000.0,0.0,1094891.0,1.9869709999999998,0.021666,USA,NZL,0343
57403,41,167,676,2000.0,0.0,259881.0,2.268929,0.538191,CHE,OMN,0343
57404,61,167,676,2000.0,0.0,224613.0,2.3753580000000003,-2.4481029999999997,DEU,OMN,0343
57405,71,167,676,2000.0,0.0,10184.0,1.158711,1.7613189999999999,ESP,OMN,0343
57406,77,167,676,2000.0,0.0,429356.0,1.644969,0.56481,FRA,OMN,0343
57407,81,167,676,2000.0,0.0,177382.0,2.099928,0.564025,GBR,OMN,0343
57408,97,167,676,2000.0,0.0,8120.0,0.564112,1.776282,HKG,OMN,0343
57409,106,167,676,2000.0,0.0,6003.0,1.647548,0.34018899999999996,IRL,OMN,0343
57410,110,167,676,2000.0,0.0,9335.0,1.4153870000000002,0.828117,ISR,OMN,0343
57411,121,167,676,2000.0,0.0,1278.0,1.248356,1.000666,KOR,OMN,0343
57412,124,167,676,2000.0,0.0,20923.0,0.139623,1.095387,LBN,OMN,0343
57413,162,167,676,2000.0,0.0,206148.0,1.259257,1.595796,NLD,OMN,0343
57414,163,167,676,2000.0,0.0,30396.0,0.6499050000000001,-0.177091,NOR,OMN,0343
57415,208,167,676,2000.0,0.0,1817.0,2.087984,0.811167,SWE,OMN,0343
57416,81,183,676,2000.0,6377.0,0.0,2.099928,0.564025,GBR,QAT,0343
57417,163,183,676,2000.0,12636.0,0.0,0.6499050000000001,-0.177091,NOR,QAT,0343
57418,28,186,676,2000.0,19424.0,6113.0,0.7323649999999999,1.1536170000000001,BLR,RUS,0343
57419,39,186,676,2000.0,0.0,112737.0,1.069101,1.284017,CAN,RUS,0343
57420,41,186,676,2000.0,0.0,128695.0,2.268929,0.538191,CHE,RUS,0343
57421,61,186,676,2000.0,8849.0,1092337.0,2.3753580000000003,-2.4481029999999997,DEU,RUS,0343
57422,64,186,676,2000.0,0.0,12103.0,1.312843,1.4304370000000002,DNK,RUS,0343
57423,71,186,676,2000.0,9232.0,0.0,1.158711,1.7613189999999999,ESP,RUS,0343
57424,72,186,676,2000.0,1084.0,85594.0,0.353545,0.665942,EST,RUS,0343
57425,74,186,676,2000.0,69128.0,286962.0,1.9705560000000002,0.874341,FIN,RUS,0343
57426,77,186,676,2000.0,6180.0,0.0,1.644969,0.56481,FRA,RUS,0343
57427,81,186,676,2000.0,6166.0,0.0,2.099928,0.564025,GBR,RUS,0343
57428,106,186,676,2000.0,71475.0,0.0,1.647548,0.34018899999999996,IRL,RUS,0343
57429,115,186,676,2000.0,16486.0,0.0,-0.16554100000000002,-0.70523,KAZ,RUS,0343
57430,132,186,676,2000.0,1969.0,0.0,0.27229699999999996,0.402929,LVA,RUS,0343
57431,134,186,676,2000.0,3462.0,0.0,-0.5460510000000001,-0.33865100000000004,MAR,RUS,0343
57432,162,186,676,2000.0,37719.0,373989.0,1.259257,1.595796,NLD,RUS,0343
57433,163,186,676,2000.0,361359.0,444085.0,0.6499050000000001,-0.177091,NOR,RUS,0343
57434,177,186,676,2000.0,8809.0,0.0,0.9513659999999999,1.8445669999999998,POL,RUS,0343
57435,208,186,676,2000.0,7020.0,0.0,2.087984,0.811167,SWE,RUS,0343
57436,219,186,676,2000.0,0.0,1510.0,-0.839936,-1.168236,TKM,RUS,0343
57437,231,186,676,2000.0,26095.0,227064.0,1.9869709999999998,0.021666,USA,RUS,0343
57438,18,188,676,2000.0,0.0,12185.0,1.382578,1.406981,BEL,SAU,0343
57439,39,188,676,2000.0,0.0,16542.0,1.069101,1.284017,CAN,SAU,0343
57440,73,188,676,2000.0,8532.0,0.0,-1.1137629999999998,-1.020996,ETH,SAU,0343
57441,122,188,676,2000.0,0.0,9583.0,-0.825533,-1.190257,KWT,SAU,0343
57442,162,188,676,2000.0,13889.0,0.0,1.259257,1.595796,NLD,SAU,0343
57443,163,188,676,2000.0,2942.0,0.0,0.6499050000000001,-0.177091,NOR,SAU,0343
57444,43,206,676,2000.0,37827.0,0.0,0.43423,2.461961,CHN,SVK,0343
57445,59,206,676,2000.0,55252.0,9858.0,1.526256,0.9255639999999999,CZE,SVK,0343
57446,61,206,676,2000.0,1642.0,10968.0,2.3753580000000003,-2.4481029999999997,DEU,SVK,0343
57447,64,206,676,2000.0,2254.0,0.0,1.312843,1.4304370000000002,DNK,SVK,0343
57448,77,206,676,2000.0,3961.0,9585.0,1.644969,0.56481,FRA,SVK,0343
57449,81,206,676,2000.0,11543.0,0.0,2.099928,0.564025,GBR,SVK,0343
57450,102,206,676,2000.0,5557.0,0.0,1.047497,1.284513,HUN,SVK,0343
57451,106,206,676,2000.0,42329.0,0.0,1.647548,0.34018899999999996,IRL,SVK,0343
57452,163,206,676,2000.0,42207.0,0.0,0.6499050000000001,-0.177091,NOR,SVK,0343
57453,177,206,676,2000.0,1859.0,0.0,0.9513659999999999,1.8445669999999998,POL,SVK,0343
57454,43,207,676,2000.0,3822.0,0.0,0.43423,2.461961,CHN,SVN,0343
57455,49,207,676,2000.0,1435.0,0.0,0.12351400000000001,0.255517,COL,SVN,0343
57456,64,207,676,2000.0,6710.0,0.0,1.312843,1.4304370000000002,DNK,SVN,0343
57457,77,207,676,2000.0,6318.0,0.0,1.644969,0.56481,FRA,SVN,0343
57458,81,207,676,2000.0,35253.0,0.0,2.099928,0.564025,GBR,SVN,0343
57459,106,207,676,2000.0,24927.0,0.0,1.647548,0.34018899999999996,IRL,SVN,0343
57460,111,207,676,2000.0,170722.0,0.0,1.51508,0.818283,ITA,SVN,0343
57461,162,207,676,2000.0,4389.0,0.0,1.259257,1.595796,NLD,SVN,0343
57462,191,207,676,2000.0,5705.0,0.0,-0.449184,-0.375335,SEN,SVN,0343
57463,226,207,676,2000.0,18422.0,0.0,-1.14198,-0.368647,TZA,SVN,0343
57464,7,219,676,2000.0,1668.0,0.0,-0.421385,-0.675566,ARE,TKM,0343
57465,186,219,676,2000.0,1510.0,0.0,0.765547,0.369255,RUS,TKM,0343
57466,77,223,676,2000.0,51219.0,2648.0,1.644969,0.56481,FRA,TUN,0343
57467,114,223,676,2000.0,0.0,270714.0,2.8218240000000003,0.255803,JPN,TUN,0343
57468,134,223,676,2000.0,7552.0,0.0,-0.5460510000000001,-0.33865100000000004,MAR,TUN,0343
57469,23,228,676,2000.0,1185.0,0.0,0.47338800000000003,1.7633599999999998,BGR,UKR,0343
57470,59,228,676,2000.0,1068.0,0.0,1.526256,0.9255639999999999,CZE,UKR,0343
57471,64,228,676,2000.0,5188.0,0.0,1.312843,1.4304370000000002,DNK,UKR,0343
57472,74,228,676,2000.0,28145.0,0.0,1.9705560000000002,0.874341,FIN,UKR,0343
57473,77,228,676,2000.0,10604.0,0.0,1.644969,0.56481,FRA,UKR,0343
57474,81,228,676,2000.0,5298.0,0.0,2.099928,0.564025,GBR,UKR,0343
57475,163,228,676,2000.0,6833.0,0.0,0.6499050000000001,-0.177091,NOR,UKR,0343
57476,177,228,676,2000.0,1366.0,0.0,0.9513659999999999,1.8445669999999998,POL,UKR,0343
57477,32,8,676,2000.0,0.0,8073.0,0.853466,1.28277,BRA,ARG,0343
57478,39,8,676,2000.0,0.0,14152.0,1.069101,1.284017,CAN,ARG,0343
57479,42,8,676,2000.0,448251.0,0.0,-0.011509,0.0031190000000000002,CHL,ARG,0343
57480,61,8,676,2000.0,0.0,265632.0,2.3753580000000003,-2.4481029999999997,DEU,ARG,0343
57481,64,8,676,2000.0,0.0,4232.0,1.312843,1.4304370000000002,DNK,ARG,0343
57482,71,8,676,2000.0,0.0,414050.0,1.158711,1.7613189999999999,ESP,ARG,0343
57483,77,8,676,2000.0,0.0,222894.0,1.644969,0.56481,FRA,ARG,0343
57484,111,8,676,2000.0,0.0,1800016.0,1.51508,0.818283,ITA,ARG,0343
57485,131,8,676,2000.0,0.0,11434.0,1.203242,1.0729790000000001,LUX,ARG,0343
57486,133,8,676,2000.0,0.0,20571.0,-0.19656300000000002,-0.519896,MAC,ARG,0343
57487,142,8,676,2000.0,0.0,9557.0,0.8771450000000001,-0.013614,MLT,ARG,0343
57488,162,8,676,2000.0,0.0,1688.0,1.259257,1.595796,NLD,ARG,0343
57489,179,8,676,2000.0,0.0,1966.0,0.624078,1.342565,PRT,ARG,0343
57490,185,8,676,2000.0,0.0,2584.0,0.55594,1.054573,ROU,ARG,0343
57491,230,8,676,2000.0,26878.0,64252.0,0.18688,0.575136,URY,ARG,0343
57492,231,8,676,2000.0,0.0,1692543.0,1.9869709999999998,0.021666,USA,ARG,0343
57493,236,8,676,2000.0,0.0,8184.0,-0.12500999999999998,-0.8610610000000001,VEN,ARG,0343
57494,246,8,676,2000.0,0.0,18475.0,0.304739,2.2212709999999998,ZAF,ARG,0343
57495,39,14,676,2000.0,0.0,1510.0,1.069101,1.284017,CAN,AUS,0343
57496,41,14,676,2000.0,0.0,4942.0,2.268929,0.538191,CHE,AUS,0343
57497,43,14,676,2000.0,0.0,53780.0,0.43423,2.461961,CHN,AUS,0343
57498,56,14,676,2000.0,0.0,6944.0,0.533805,-0.738391,CXR,AUS,0343
57499,61,14,676,2000.0,0.0,4608.0,2.3753580000000003,-2.4481029999999997,DEU,AUS,0343
57500,75,14,676,2000.0,11235.0,0.0,-0.775963,-0.28976999999999997,FJI,AUS,0343
57501,77,14,676,2000.0,0.0,81885.0,1.644969,0.56481,FRA,AUS,0343
57502,81,14,676,2000.0,0.0,16212.0,2.099928,0.564025,GBR,AUS,0343
57503,95,14,676,2000.0,0.0,9502.0,-0.235483,-0.92404,GUM,AUS,0343
57504,97,14,676,2000.0,0.0,51058.0,0.564112,1.776282,HKG,AUS,0343
57505,103,14,676,2000.0,62724.0,4817.0,0.05846799999999999,1.577531,IDN,AUS,0343
57506,114,14,676,2000.0,4881.0,1482391.0,2.8218240000000003,0.255803,JPN,AUS,0343
57507,121,14,676,2000.0,0.0,23453.0,1.248356,1.000666,KOR,AUS,0343
57508,137,14,676,2000.0,0.0,1070.0,-1.070968,-1.0570469999999998,MDV,AUS,0343
57509,151,14,676,2000.0,0.0,17561.0,-0.472778,-0.6301760000000001,MUS,AUS,0343
57510,153,14,676,2000.0,4449.0,1363.0,0.789007,0.16084600000000002,MYS,AUS,0343
57511,163,14,676,2000.0,15628.0,0.0,0.6499050000000001,-0.177091,NOR,AUS,0343
57512,166,14,676,2000.0,830074.0,7540.0,0.419671,0.809288,NZL,AUS,0343
57513,192,14,676,2000.0,0.0,83334.0,1.5432860000000002,0.519856,SGP,AUS,0343
57514,216,14,676,2000.0,250054.0,89088.0,0.505423,1.358217,THA,AUS,0343
57515,226,14,676,2000.0,44951.0,0.0,-1.14198,-0.368647,TZA,AUS,0343
57516,227,14,676,2000.0,71576.0,0.0,-1.275188,-0.9400639999999999,UGA,AUS,0343
57517,231,14,676,2000.0,0.0,961336.0,1.9869709999999998,0.021666,USA,AUS,0343
57518,240,14,676,2000.0,0.0,1533.0,-0.865708,-0.973247,VUT,AUS,0343
57519,246,14,676,2000.0,179083.0,0.0,0.304739,2.2212709999999998,ZAF,AUS,0343
57520,249,14,676,2000.0,0.0,25908.0,1.642139,1.2375639999999999,TWN,AUS,0343
57521,21,44,676,2000.0,0.0,2635.0,-0.0024059999999999997,-0.128391,BFA,CIV,0343
57522,71,44,676,2000.0,0.0,101487.0,1.158711,1.7613189999999999,ESP,CIV,0343
57523,77,44,676,2000.0,0.0,70192.0,1.644969,0.56481,FRA,CIV,0343
57524,81,44,676,2000.0,0.0,18223.0,2.099928,0.564025,GBR,CIV,0343
57525,111,44,676,2000.0,0.0,13359.0,1.51508,0.818283,ITA,CIV,0343
57526,162,44,676,2000.0,0.0,18715.0,1.259257,1.595796,NLD,CIV,0343
57527,97,80,676,2000.0,0.0,1036.0,0.564112,1.776282,HKG,GAB,0343
57528,8,131,676,2000.0,11434.0,0.0,0.140533,0.888049,ARG,LUX,0343
57529,18,131,676,2000.0,999408.0,79154.0,1.382578,1.406981,BEL,LUX,0343
57530,61,131,676,2000.0,62139.0,28962.0,2.3753580000000003,-2.4481029999999997,DEU,LUX,0343
57531,64,131,676,2000.0,80695.0,0.0,1.312843,1.4304370000000002,DNK,LUX,0343
57532,71,131,676,2000.0,0.0,56654.0,1.158711,1.7613189999999999,ESP,LUX,0343
57533,77,131,676,2000.0,2470909.0,677019.0,1.644969,0.56481,FRA,LUX,0343
57534,81,131,676,2000.0,209197.0,0.0,2.099928,0.564025,GBR,LUX,0343
57535,109,131,676,2000.0,85822.0,0.0,-0.070436,-0.5575439999999999,ISL,LUX,0343
57536,111,131,676,2000.0,1046.0,58522.0,1.51508,0.818283,ITA,LUX,0343
57537,162,131,676,2000.0,516659.0,0.0,1.259257,1.595796,NLD,LUX,0343
57538,179,131,676,2000.0,15466.0,0.0,0.624078,1.342565,PRT,LUX,0343
57539,41,134,676,2000.0,0.0,5259.0,2.268929,0.538191,CHE,MAR,0343
57540,71,134,676,2000.0,0.0,144602.0,1.158711,1.7613189999999999,ESP,MAR,0343
57541,77,134,676,2000.0,16959.0,0.0,1.644969,0.56481,FRA,MAR,0343
57542,81,134,676,2000.0,2702.0,0.0,2.099928,0.564025,GBR,MAR,0343
57543,111,134,676,2000.0,0.0,8738.0,1.51508,0.818283,ITA,MAR,0343
57544,114,134,676,2000.0,0.0,132644.0,2.8218240000000003,0.255803,JPN,MAR,0343
57545,162,134,676,2000.0,18648.0,0.0,1.259257,1.595796,NLD,MAR,0343
57546,186,134,676,2000.0,0.0,3462.0,0.765547,0.369255,RUS,MAR,0343
57547,223,134,676,2000.0,0.0,7552.0,-0.061203999999999995,0.149345,TUN,MAR,0343
57548,77,141,676,2000.0,1626.0,1788.0,1.644969,0.56481,FRA,MLI,0343
57549,246,147,676,2000.0,15095.0,0.0,0.304739,2.2212709999999998,ZAF,MOZ,0343
57550,61,155,676,2000.0,0.0,72906.0,2.3753580000000003,-2.4481029999999997,DEU,NAM,0343
57551,71,155,676,2000.0,0.0,350432.0,1.158711,1.7613189999999999,ESP,NAM,0343
57552,81,155,676,2000.0,0.0,5578.0,2.099928,0.564025,GBR,NAM,0343
57553,246,155,676,2000.0,137472.0,9063.0,0.304739,2.2212709999999998,ZAF,NAM,0343
57554,42,180,676,2000.0,24942.0,0.0,-0.011509,0.0031190000000000002,CHL,PRY,0343
57555,246,209,676,2000.0,53868.0,0.0,0.304739,2.2212709999999998,ZAF,SWZ,0343
57556,14,226,676,2000.0,0.0,44951.0,0.039636000000000005,1.001203,AUS,TZA,0343
57557,18,226,676,2000.0,0.0,47204432.0,1.382578,1.406981,BEL,TZA,0343
57558,43,226,676,2000.0,0.0,8669.0,0.43423,2.461961,CHN,TZA,0343
57559,61,226,676,2000.0,0.0,917985.0,2.3753580000000003,-2.4481029999999997,DEU,TZA,0343
57560,71,226,676,2000.0,0.0,1551447.0,1.158711,1.7613189999999999,ESP,TZA,0343
57561,77,226,676,2000.0,0.0,1245458.0,1.644969,0.56481,FRA,TZA,0343
57562,84,226,676,2000.0,0.0,172921.0,0.726867,-0.177457,GIB,TZA,0343
57563,97,226,676,2000.0,0.0,52379.0,0.564112,1.776282,HKG,TZA,0343
57564,106,226,676,2000.0,0.0,2754787.0,1.647548,0.34018899999999996,IRL,TZA,0343
57565,110,226,676,2000.0,0.0,28308.0,1.4153870000000002,0.828117,ISR,TZA,0343
57566,111,226,676,2000.0,0.0,410872.0,1.51508,0.818283,ITA,TZA,0343
57567,114,226,676,2000.0,0.0,39620.0,2.8218240000000003,0.255803,JPN,TZA,0343
57568,116,226,676,2000.0,0.0,13411.0,-0.554244,-0.1757,KEN,TZA,0343
57569,162,226,676,2000.0,0.0,10922829.0,1.259257,1.595796,NLD,TZA,0343
57570,179,226,676,2000.0,0.0,78337.0,0.624078,1.342565,PRT,TZA,0343
57571,207,226,676,2000.0,0.0,18422.0,1.485695,1.122069,SVN,TZA,0343
57572,231,226,676,2000.0,0.0,51915.0,1.9869709999999998,0.021666,USA,TZA,0343
57573,8,230,676,2000.0,64252.0,26878.0,0.140533,0.888049,ARG,URY,0343
57574,42,230,676,2000.0,3621.0,0.0,-0.011509,0.0031190000000000002,CHL,URY,0343
57575,43,230,676,2000.0,0.0,41006.0,0.43423,2.461961,CHN,URY,0343
57576,71,230,676,2000.0,0.0,3098.0,1.158711,1.7613189999999999,ESP,URY,0343
57577,111,230,676,2000.0,0.0,1410.0,1.51508,0.818283,ITA,URY,0343
57578,231,230,676,2000.0,0.0,43215.0,1.9869709999999998,0.021666,USA,URY,0343
57579,2,246,676,2000.0,0.0,2725.0,-1.9108209999999999,-1.2573379999999998,AGO,ZAF,0343
57580,8,246,676,2000.0,18475.0,0.0,0.140533,0.888049,ARG,ZAF,0343
57581,14,246,676,2000.0,0.0,179083.0,0.039636000000000005,1.001203,AUS,ZAF,0343
57582,37,246,676,2000.0,0.0,127677.0,-0.203984,-1.053587,BWA,ZAF,0343
57583,42,246,676,2000.0,15327.0,0.0,-0.011509,0.0031190000000000002,CHL,ZAF,0343
57584,71,246,676,2000.0,0.0,4549.0,1.158711,1.7613189999999999,ESP,ZAF,0343
57585,77,246,676,2000.0,5433.0,196790.0,1.644969,0.56481,FRA,ZAF,0343
57586,111,246,676,2000.0,0.0,4344.0,1.51508,0.818283,ITA,ZAF,0343
57587,122,246,676,2000.0,0.0,22133.0,-0.825533,-1.190257,KWT,ZAF,0343
57588,129,246,676,2000.0,0.0,24451.0,-0.67732,-0.9360229999999999,LSO,ZAF,0343
57589,133,246,676,2000.0,0.0,1031.0,-0.19656300000000002,-0.519896,MAC,ZAF,0343
57590,147,246,676,2000.0,0.0,15095.0,-0.774857,-0.792454,MOZ,ZAF,0343
57591,155,246,676,2000.0,9063.0,137472.0,-0.42796999999999996,-0.643361,NAM,ZAF,0343
57592,162,246,676,2000.0,0.0,9306.0,1.259257,1.595796,NLD,ZAF,0343
57593,163,246,676,2000.0,52003.0,0.0,0.6499050000000001,-0.177091,NOR,ZAF,0343
57594,179,246,676,2000.0,0.0,75134.0,0.624078,1.342565,PRT,ZAF,0343
57595,191,246,676,2000.0,22199.0,0.0,-0.449184,-0.375335,SEN,ZAF,0343
57596,192,246,676,2000.0,0.0,5344.0,1.5432860000000002,0.519856,SGP,ZAF,0343
57597,209,246,676,2000.0,0.0,53868.0,0.265079,-0.277499,SWZ,ZAF,0343
57598,227,246,676,2000.0,2341.0,0.0,-1.275188,-0.9400639999999999,UGA,ZAF,0343
57599,248,246,676,2000.0,3761.0,0.0,-0.43871899999999997,0.491989,ZWE,ZAF,0343
57600,68,247,676,2000.0,0.0,69424.0,-0.365578,0.01634,EGY,ZMB,0343
57601,81,247,676,2000.0,1118.0,0.0,2.099928,0.564025,GBR,ZMB,0343
57602,37,248,676,2000.0,0.0,11573.0,-0.203984,-1.053587,BWA,ZWE,0343
57603,77,248,676,2000.0,0.0,28874.0,1.644969,0.56481,FRA,ZWE,0343
57604,81,248,676,2000.0,0.0,24037.0,2.099928,0.564025,GBR,ZWE,0343
57605,162,248,676,2000.0,0.0,1394647.0,1.259257,1.595796,NLD,ZWE,0343
57606,163,248,676,2000.0,6904.0,0.0,0.6499050000000001,-0.177091,NOR,ZWE,0343
57607,246,248,676,2000.0,0.0,3761.0,0.304739,2.2212709999999998,ZAF,ZWE,0343
57608,71,65,676,2000.0,6667.0,0.0,1.158711,1.7613189999999999,ESP,DOM,0343
57609,163,65,676,2000.0,5723.0,0.0,0.6499050000000001,-0.177091,NOR,DOM,0343
57610,169,65,676,2000.0,114596.0,0.0,0.107412,0.41455600000000004,PAN,DOM,0343
57611,173,65,676,2000.0,0.0,2247.0,-0.390278,-0.018691,PER,DOM,0343
57612,231,65,676,2000.0,99664.0,0.0,1.9869709999999998,0.021666,USA,DOM,0343
57613,14,75,676,2000.0,0.0,11235.0,0.039636000000000005,1.001203,AUS,FJI,0343
57614,39,75,676,2000.0,0.0,3437.0,1.069101,1.284017,CAN,FJI,0343
57615,61,75,676,2000.0,0.0,402923.0,2.3753580000000003,-2.4481029999999997,DEU,FJI,0343
57616,81,75,676,2000.0,0.0,7311.0,2.099928,0.564025,GBR,FJI,0343
57617,114,75,676,2000.0,0.0,585099.0,2.8218240000000003,0.255803,JPN,FJI,0343
57618,123,75,676,2000.0,0.0,205582.0,-1.057474,-1.15404,LAO,FJI,0343
57619,166,75,676,2000.0,1102.0,1185.0,0.419671,0.809288,NZL,FJI,0343
57620,231,75,676,2000.0,0.0,19081.0,1.9869709999999998,0.021666,USA,FJI,0343
57621,242,75,676,2000.0,0.0,2204.0,-1.06243,-1.012707,WSM,FJI,0343
57622,250,75,676,2000.0,0.0,557963.0,1.094325,-0.32521100000000003,ANS,FJI,0343
57623,71,110,676,2000.0,5339.0,0.0,1.158711,1.7613189999999999,ESP,ISR,0343
57624,77,110,676,2000.0,4062.0,0.0,1.644969,0.56481,FRA,ISR,0343
57625,81,110,676,2000.0,25854.0,0.0,2.099928,0.564025,GBR,ISR,0343
57626,162,110,676,2000.0,18208.0,0.0,1.259257,1.595796,NLD,ISR,0343
57627,163,110,676,2000.0,310841.0,0.0,0.6499050000000001,-0.177091,NOR,ISR,0343
57628,167,110,676,2000.0,9335.0,0.0,-1.291169,-1.3004040000000001,OMN,ISR,0343
57629,224,110,676,2000.0,6326.0,0.0,0.127924,2.039773,TUR,ISR,0343
57630,226,110,676,2000.0,28308.0,0.0,-1.14198,-0.368647,TZA,ISR,0343
57631,227,110,676,2000.0,6084.0,0.0,-1.275188,-0.9400639999999999,UGA,ISR,0343
57632,231,120,676,2000.0,4463.0,0.0,1.9869709999999998,0.021666,USA,KNA,0343
57633,64,127,676,2000.0,2164.0,0.0,1.312843,1.4304370000000002,DNK,LCA,0343
57634,231,127,676,2000.0,10678.0,0.0,1.9869709999999998,0.021666,USA,LCA,0343
57635,18,82,676,2000.0,4934.0,0.0,1.382578,1.406981,BEL,GEO,0343
57636,61,82,676,2000.0,0.0,11929.0,2.3753580000000003,-2.4481029999999997,DEU,GEO,0343
57637,77,82,676,2000.0,0.0,23325.0,1.644969,0.56481,FRA,GEO,0343
57638,15,100,676,2000.0,250054.0,194919.0,1.823798,0.465513,AUT,HRV,0343
57639,114,100,676,2000.0,0.0,13271.0,2.8218240000000003,0.255803,JPN,HRV,0343
57640,163,100,676,2000.0,6148.0,0.0,0.6499050000000001,-0.177091,NOR,HRV,0343
57641,90,140,676,2000.0,1496.0,0.0,0.26193,1.607656,GRC,MKD,0343
57642,8,142,676,2000.0,9557.0,0.0,0.140533,0.888049,ARG,MLT,0343
57643,43,142,676,2000.0,3710.0,0.0,0.43423,2.461961,CHN,MLT,0343
57644,61,142,676,2000.0,7060.0,0.0,2.3753580000000003,-2.4481029999999997,DEU,MLT,0343
57645,64,142,676,2000.0,2898.0,0.0,1.312843,1.4304370000000002,DNK,MLT,0343
57646,71,142,676,2000.0,1211.0,0.0,1.158711,1.7613189999999999,ESP,MLT,0343
57647,72,142,676,2000.0,1463.0,0.0,0.353545,0.665942,EST,MLT,0343
57648,81,142,676,2000.0,1659.0,0.0,2.099928,0.564025,GBR,MLT,0343
57649,111,142,676,2000.0,9719.0,0.0,1.51508,0.818283,ITA,MLT,0343
57650,114,142,676,2000.0,0.0,12287.0,2.8218240000000003,0.255803,JPN,MLT,0343
57651,162,142,676,2000.0,5639.0,0.0,1.259257,1.595796,NLD,MLT,0343
57652,163,142,676,2000.0,3906.0,0.0,0.6499050000000001,-0.177091,NOR,MLT,0343
57653,216,178,676,2000.0,22467.0,0.0,0.505423,1.358217,THA,PRK,0343
57654,8,185,676,2000.0,2584.0,0.0,0.140533,0.888049,ARG,ROU,0343
57655,18,185,676,2000.0,6270.0,0.0,1.382578,1.406981,BEL,ROU,0343
57656,61,185,676,2000.0,0.0,1901.0,2.3753580000000003,-2.4481029999999997,DEU,ROU,0343
57657,77,185,676,2000.0,0.0,1503.0,1.644969,0.56481,FRA,ROU,0343
57658,81,185,676,2000.0,145744.0,0.0,2.099928,0.564025,GBR,ROU,0343
57659,102,185,676,2000.0,4825.0,5727.0,1.047497,1.284513,HUN,ROU,0343
57660,163,185,676,2000.0,42698.0,0.0,0.6499050000000001,-0.177091,NOR,ROU,0343
57661,163,212,676,2000.0,1838.0,0.0,0.6499050000000001,-0.177091,NOR,SYR,0343
57662,42,250,676,2000.0,62819.0,0.0,-0.011509,0.0031190000000000002,CHL,ANS,0343
57663,52,250,676,2000.0,1471.0,0.0,-0.136989,-0.190298,CRI,ANS,0343
57664,61,250,676,2000.0,9962.0,0.0,2.3753580000000003,-2.4481029999999997,DEU,ANS,0343
57665,63,250,676,2000.0,0.0,2550.0,0.8950530000000001,0.295721,DMA,ANS,0343
57666,64,250,676,2000.0,2468.0,5855.0,1.312843,1.4304370000000002,DNK,ANS,0343
57667,72,250,676,2000.0,0.0,2862.0,0.353545,0.665942,EST,ANS,0343
57668,75,250,676,2000.0,557963.0,0.0,-0.775963,-0.28976999999999997,FJI,ANS,0343
57669,77,250,676,2000.0,0.0,6189.0,1.644969,0.56481,FRA,ANS,0343
57670,78,250,676,2000.0,430787.0,0.0,-0.25500700000000004,-0.823207,FRO,ANS,0343
57671,90,250,676,2000.0,37348.0,0.0,0.26193,1.607656,GRC,ANS,0343
57672,106,250,676,2000.0,0.0,44128.0,1.647548,0.34018899999999996,IRL,ANS,0343
57673,116,250,676,2000.0,1861.0,0.0,-0.554244,-0.1757,KEN,ANS,0343
57674,132,250,676,2000.0,3675.0,0.0,0.27229699999999996,0.402929,LVA,ANS,0343
57675,162,250,676,2000.0,6702.0,0.0,1.259257,1.595796,NLD,ANS,0343
57676,163,63,676,2000.0,5231.0,0.0,0.6499050000000001,-0.177091,NOR,DMA,0343
57677,250,63,676,2000.0,2550.0,0.0,1.094325,-0.32521100000000003,ANS,DMA,0343
57678,71,66,676,2000.0,14012.0,0.0,1.158711,1.7613189999999999,ESP,DZA,0343
57679,8,133,676,2000.0,20571.0,0.0,0.140533,0.888049,ARG,MAC,0343
57680,43,133,676,2000.0,365499.0,1106.0,0.43423,2.461961,CHN,MAC,0343
57681,97,133,676,2000.0,13744.0,3777.0,0.564112,1.776282,HKG,MAC,0343
57682,114,133,676,2000.0,9396.0,0.0,2.8218240000000003,0.255803,JPN,MAC,0343
57683,143,133,676,2000.0,14884.0,0.0,-1.260786,-0.9277549999999999,MMR,MAC,0343
57684,163,133,676,2000.0,1674.0,0.0,0.6499050000000001,-0.177091,NOR,MAC,0343
57685,166,133,676,2000.0,17368.0,0.0,0.419671,0.809288,NZL,MAC,0343
57686,174,133,676,2000.0,2691.0,0.0,-0.010024,-0.368702,PHL,MAC,0343
57687,231,133,676,2000.0,1141.0,0.0,1.9869709999999998,0.021666,USA,MAC,0343
57688,239,133,676,2000.0,3139.0,0.0,-0.589009,0.518708,VNM,MAC,0343
57689,246,133,676,2000.0,1031.0,0.0,0.304739,2.2212709999999998,ZAF,MAC,0343
57690,77,168,676,2000.0,0.0,5147.0,1.644969,0.56481,FRA,PAK,0343
57691,81,168,676,2000.0,0.0,1746.0,2.099928,0.564025,GBR,PAK,0343
57692,162,0,676,2000.0,42432.0,0.0,1.259257,1.595796,NLD,ABW,0343
57693,169,0,676,2000.0,10479.0,0.0,0.107412,0.41455600000000004,PAN,ABW,0343
57694,231,0,676,2000.0,54931.0,0.0,1.9869709999999998,0.021666,USA,ABW,0343
57695,6,3,676,2000.0,2090.0,0.0,0.25759099999999996,-0.555668,ANT,AIA,0343
57696,231,3,676,2000.0,14301.0,0.0,1.9869709999999998,0.021666,USA,AIA,0343
57697,90,4,676,2000.0,3121.0,1364.0,0.26193,1.607656,GRC,ALB,0343
57698,111,4,676,2000.0,21917.0,0.0,1.51508,0.818283,ITA,ALB,0343
57699,42,31,676,2000.0,9998.0,0.0,-0.011509,0.0031190000000000002,CHL,BOL,0343
57700,246,37,676,2000.0,127677.0,0.0,0.304739,2.2212709999999998,ZAF,BWA,0343
57701,248,37,676,2000.0,11573.0,0.0,-0.43871899999999997,0.491989,ZWE,BWA,0343
57702,62,73,676,2000.0,6625.0,0.0,-0.108877,-0.305752,DJI,ETH,0343
57703,116,73,676,2000.0,1755.0,0.0,-0.554244,-0.1757,KEN,ETH,0343
57704,188,73,676,2000.0,0.0,8532.0,0.005864,-0.983202,SAU,ETH,0343
57705,231,91,676,2000.0,0.0,200732.0,1.9869709999999998,0.021666,USA,GRD,0343
57706,39,99,676,2000.0,0.0,4901.0,1.069101,1.284017,CAN,HND,0343
57707,231,99,676,2000.0,26230.0,5802896.0,1.9869709999999998,0.021666,USA,HND,0343
57708,18,112,676,2000.0,0.0,236935.0,1.382578,1.406981,BEL,JAM,0343
57709,30,112,676,2000.0,0.0,6662.0,0.770323,-0.5255350000000001,BMU,JAM,0343
57710,39,112,676,2000.0,0.0,277543.0,1.069101,1.284017,CAN,JAM,0343
57711,57,112,676,2000.0,0.0,1659.0,0.602984,-0.688476,CYM,JAM,0343
57712,61,112,676,2000.0,0.0,86443.0,2.3753580000000003,-2.4481029999999997,DEU,JAM,0343
57713,81,112,676,2000.0,0.0,90168.0,2.099928,0.564025,GBR,JAM,0343
57714,96,112,676,2000.0,34707.0,0.0,-0.7425069999999999,-0.892847,GUY,JAM,0343
57715,169,112,676,2000.0,74503.0,0.0,0.107412,0.41455600000000004,PAN,JAM,0343
57716,231,112,676,2000.0,4973.0,1140151.0,1.9869709999999998,0.021666,USA,JAM,0343
57717,15,160,676,2000.0,0.0,1003.0,1.823798,0.465513,AUT,NIC,0343
57718,231,160,676,2000.0,3857.0,446059.0,1.9869709999999998,0.021666,USA,NIC,0343
57719,18,205,676,2000.0,0.0,1559.0,1.382578,1.406981,BEL,SUR,0343
57720,162,205,676,2000.0,11540.0,0.0,1.259257,1.595796,NLD,SUR,0343
57721,231,205,676,2000.0,0.0,179552.0,1.9869709999999998,0.021666,USA,SUR,0343
57722,236,205,676,2000.0,6208.0,0.0,-0.12500999999999998,-0.8610610000000001,VEN,SUR,0343
57723,67,1,676,2000.0,36239.0,0.0,-1.016643,-0.8385469999999999,ECU,AFG,0343
57724,44,21,676,2000.0,2635.0,0.0,-0.7955,-0.7019989999999999,CIV,BFA,0343
57725,7,24,676,2000.0,51300.0,0.0,-0.421385,-0.675566,ARE,BHR,0343
57726,22,24,676,2000.0,50724.0,0.0,-0.8757879999999999,-0.95126,BGD,BHR,0343
57727,61,24,676,2000.0,9993.0,0.0,2.3753580000000003,-2.4481029999999997,DEU,BHR,0343
57728,81,24,676,2000.0,3361.0,0.0,2.099928,0.564025,GBR,BHR,0343
57729,90,24,676,2000.0,9203.0,0.0,0.26193,1.607656,GRC,BHR,0343
57730,104,24,676,2000.0,2964.0,0.0,0.323006,2.3446860000000003,IND,BHR,0343
57731,162,24,676,2000.0,4021.0,0.0,1.259257,1.595796,NLD,BHR,0343
57732,163,24,676,2000.0,1174.0,0.0,0.6499050000000001,-0.177091,NOR,BHR,0343
57733,216,24,676,2000.0,21632.0,0.0,0.505423,1.358217,THA,BHR,0343
57734,249,24,676,2000.0,16248.0,0.0,1.642139,1.2375639999999999,TWN,BHR,0343
57735,18,72,676,2000.0,1003.0,2900.0,1.382578,1.406981,BEL,EST,0343
57736,39,72,676,2000.0,0.0,14569.0,1.069101,1.284017,CAN,EST,0343
57737,41,72,676,2000.0,0.0,3566343.0,2.268929,0.538191,CHE,EST,0343
57738,61,72,676,2000.0,0.0,1609908.0,2.3753580000000003,-2.4481029999999997,DEU,EST,0343
57739,64,72,676,2000.0,1739.0,1838283.0,1.312843,1.4304370000000002,DNK,EST,0343
57740,71,72,676,2000.0,1923.0,0.0,1.158711,1.7613189999999999,ESP,EST,0343
57741,74,72,676,2000.0,26741.0,1193329.0,1.9705560000000002,0.874341,FIN,EST,0343
57742,77,72,676,2000.0,0.0,187535.0,1.644969,0.56481,FRA,EST,0343
57743,132,72,676,2000.0,0.0,3050.0,0.27229699999999996,0.402929,LVA,EST,0343
57744,142,72,676,2000.0,0.0,1463.0,0.8771450000000001,-0.013614,MLT,EST,0343
57745,162,72,676,2000.0,0.0,6594161.0,1.259257,1.595796,NLD,EST,0343
57746,163,72,676,2000.0,26288.0,3521.0,0.6499050000000001,-0.177091,NOR,EST,0343
57747,186,72,676,2000.0,85594.0,1084.0,0.765547,0.369255,RUS,EST,0343
57748,208,72,676,2000.0,2303.0,1680952.0,2.087984,0.811167,SWE,EST,0343
57749,231,72,676,2000.0,0.0,65634.0,1.9869709999999998,0.021666,USA,EST,0343
57750,250,72,676,2000.0,2862.0,0.0,1.094325,-0.32521100000000003,ANS,EST,0343
57751,15,109,676,2000.0,0.0,8622.0,1.823798,0.465513,AUT,ISL,0343
57752,18,109,676,2000.0,1225.0,14872387.0,1.382578,1.406981,BEL,ISL,0343
57753,39,109,676,2000.0,0.0,1136.0,1.069101,1.284017,CAN,ISL,0343
57754,41,109,676,2000.0,0.0,1013916.0,2.268929,0.538191,CHE,ISL,0343
57755,61,109,676,2000.0,2768.0,3845080.0,2.3753580000000003,-2.4481029999999997,DEU,ISL,0343
57756,64,109,676,2000.0,3143.0,166173.0,1.312843,1.4304370000000002,DNK,ISL,0343
57757,71,109,676,2000.0,0.0,387457.0,1.158711,1.7613189999999999,ESP,ISL,0343
57758,77,109,676,2000.0,0.0,2947720.0,1.644969,0.56481,FRA,ISL,0343
57759,78,109,676,2000.0,2802.0,2225.0,-0.25500700000000004,-0.823207,FRO,ISL,0343
57760,81,109,676,2000.0,0.0,29666302.0,2.099928,0.564025,GBR,ISL,0343
57761,106,109,676,2000.0,0.0,25266.0,1.647548,0.34018899999999996,IRL,ISL,0343
57762,114,109,676,2000.0,0.0,22498.0,2.8218240000000003,0.255803,JPN,ISL,0343
57763,131,109,676,2000.0,0.0,85822.0,1.203242,1.0729790000000001,LUX,ISL,0343
57764,162,109,676,2000.0,3331.0,739782.0,1.259257,1.595796,NLD,ISL,0343
57765,163,109,676,2000.0,4225.0,3176.0,0.6499050000000001,-0.177091,NOR,ISL,0343
57766,208,109,676,2000.0,0.0,294285.0,2.087984,0.811167,SWE,ISL,0343
57767,231,109,676,2000.0,0.0,26640024.0,1.9869709999999998,0.021666,USA,ISL,0343
57768,18,130,676,2000.0,0.0,31028.0,1.382578,1.406981,BEL,LTU,0343
57769,61,130,676,2000.0,8722.0,16796.0,2.3753580000000003,-2.4481029999999997,DEU,LTU,0343
57770,64,130,676,2000.0,24722.0,0.0,1.312843,1.4304370000000002,DNK,LTU,0343
57771,81,130,676,2000.0,0.0,38809.0,2.099928,0.564025,GBR,LTU,0343
57772,132,130,676,2000.0,1346.0,0.0,0.27229699999999996,0.402929,LVA,LTU,0343
57773,162,130,676,2000.0,54647.0,0.0,1.259257,1.595796,NLD,LTU,0343
57774,163,130,676,2000.0,25480.0,0.0,0.6499050000000001,-0.177091,NOR,LTU,0343
57775,173,130,676,2000.0,25804.0,0.0,-0.390278,-0.018691,PER,LTU,0343
57776,177,130,676,2000.0,0.0,24651.0,0.9513659999999999,1.8445669999999998,POL,LTU,0343
57777,151,136,676,2000.0,0.0,2187.0,-0.472778,-0.6301760000000001,MUS,MDG,0343
57778,7,137,676,2000.0,5485.0,0.0,-0.421385,-0.675566,ARE,MDV,0343
57779,14,137,676,2000.0,1070.0,0.0,0.039636000000000005,1.001203,AUS,MDV,0343
57780,61,137,676,2000.0,0.0,4130.0,2.3753580000000003,-2.4481029999999997,DEU,MDV,0343
57781,81,137,676,2000.0,0.0,500287.0,2.099928,0.564025,GBR,MDV,0343
57782,104,137,676,2000.0,12907.0,0.0,0.323006,2.3446860000000003,IND,MDV,0343
57783,128,137,676,2000.0,0.0,89701.0,-0.497407,0.004686999999999999,LKA,MDV,0343
57784,192,137,676,2000.0,1014.0,0.0,1.5432860000000002,0.519856,SGP,MDV,0343
57785,18,148,676,2000.0,0.0,10208.0,1.382578,1.406981,BEL,MRT,0343
57786,61,148,676,2000.0,0.0,1497.0,2.3753580000000003,-2.4481029999999997,DEU,MRT,0343
57787,71,148,676,2000.0,118213.0,10951.0,1.158711,1.7613189999999999,ESP,MRT,0343
57788,77,148,676,2000.0,0.0,727512.0,1.644969,0.56481,FRA,MRT,0343
57789,162,148,676,2000.0,0.0,23599.0,1.259257,1.595796,NLD,MRT,0343
57790,14,151,676,2000.0,17561.0,0.0,0.039636000000000005,1.001203,AUS,MUS,0343
57791,77,151,676,2000.0,11973.0,0.0,1.644969,0.56481,FRA,MUS,0343
57792,81,151,676,2000.0,2621.0,0.0,2.099928,0.564025,GBR,MUS,0343
57793,136,151,676,2000.0,2187.0,0.0,-1.082986,-0.614482,MDG,MUS,0343
57794,211,151,676,2000.0,3723.0,0.0,-0.868394,-0.9754459999999999,SYC,MUS,0343
57795,77,154,676,2000.0,1151.0,0.0,1.644969,0.56481,FRA,MYT,0343
57796,15,164,676,2000.0,1575.0,0.0,1.823798,0.465513,AUT,NPL,0343
57797,42,182,676,2000.0,65750.0,0.0,-0.011509,0.0031190000000000002,CHL,PYF,0343
57798,77,182,676,2000.0,4744.0,18298.0,1.644969,0.56481,FRA,PYF,0343
57799,166,182,676,2000.0,6544.0,0.0,0.419671,0.809288,NZL,PYF,0343
57800,231,182,676,2000.0,1943.0,0.0,1.9869709999999998,0.021666,USA,PYF,0343
57801,15,191,676,2000.0,0.0,24406.0,1.823798,0.465513,AUT,SEN,0343
57802,18,191,676,2000.0,0.0,117833.0,1.382578,1.406981,BEL,SEN,0343
57803,39,191,676,2000.0,0.0,11070.0,1.069101,1.284017,CAN,SEN,0343
57804,41,191,676,2000.0,0.0,279677.0,2.268929,0.538191,CHE,SEN,0343
57805,61,191,676,2000.0,0.0,282790.0,2.3753580000000003,-2.4481029999999997,DEU,SEN,0343
57806,71,191,676,2000.0,1944.0,116637.0,1.158711,1.7613189999999999,ESP,SEN,0343
57807,77,191,676,2000.0,3527.0,8009760.0,1.644969,0.56481,FRA,SEN,0343
57808,81,191,676,2000.0,0.0,13442.0,2.099928,0.564025,GBR,SEN,0343
57809,90,191,676,2000.0,2668.0,30458.0,0.26193,1.607656,GRC,SEN,0343
57810,111,191,676,2000.0,0.0,484956.0,1.51508,0.818283,ITA,SEN,0343
57811,124,191,676,2000.0,0.0,28095.0,0.139623,1.095387,LBN,SEN,0343
57812,156,191,676,2000.0,0.0,1373.0,-0.138942,-0.903899,NCL,SEN,0343
57813,162,191,676,2000.0,0.0,12508.0,1.259257,1.595796,NLD,SEN,0343
57814,179,191,676,2000.0,0.0,4878.0,0.624078,1.342565,PRT,SEN,0343
57815,207,191,676,2000.0,0.0,5705.0,1.485695,1.122069,SVN,SEN,0343
57816,231,191,676,2000.0,0.0,8080.0,1.9869709999999998,0.021666,USA,SEN,0343
57817,246,191,676,2000.0,0.0,22199.0,0.304739,2.2212709999999998,ZAF,SEN,0343
57818,15,211,676,2000.0,0.0,346411.0,1.823798,0.465513,AUT,SYC,0343
57819,61,211,676,2000.0,0.0,161931.0,2.3753580000000003,-2.4481029999999997,DEU,SYC,0343
57820,77,211,676,2000.0,3635.0,132653.0,1.644969,0.56481,FRA,SYC,0343
57821,81,211,676,2000.0,0.0,1385945.0,2.099928,0.564025,GBR,SYC,0343
57822,151,211,676,2000.0,0.0,3723.0,-0.472778,-0.6301760000000001,MUS,SYC,0343
57823,162,211,676,2000.0,0.0,175789.0,1.259257,1.595796,NLD,SYC,0343
57824,7,227,676,2000.0,0.0,19159.0,-0.421385,-0.675566,ARE,UGA,0343
57825,14,227,676,2000.0,0.0,71576.0,0.039636000000000005,1.001203,AUS,UGA,0343
57826,18,227,676,2000.0,0.0,6525736.0,1.382578,1.406981,BEL,UGA,0343
57827,61,227,676,2000.0,0.0,343962.0,2.3753580000000003,-2.4481029999999997,DEU,UGA,0343
57828,68,227,676,2000.0,0.0,81101.0,-0.365578,0.01634,EGY,UGA,0343
57829,71,227,676,2000.0,0.0,22845.0,1.158711,1.7613189999999999,ESP,UGA,0343
57830,77,227,676,2000.0,0.0,184248.0,1.644969,0.56481,FRA,UGA,0343
57831,81,227,676,2000.0,0.0,3474.0,2.099928,0.564025,GBR,UGA,0343
57832,97,227,676,2000.0,0.0,2985.0,0.564112,1.776282,HKG,UGA,0343
57833,110,227,676,2000.0,0.0,6084.0,1.4153870000000002,0.828117,ISR,UGA,0343
57834,111,227,676,2000.0,0.0,248904.0,1.51508,0.818283,ITA,UGA,0343
57835,114,227,676,2000.0,0.0,40942.0,2.8218240000000003,0.255803,JPN,UGA,0343
57836,162,227,676,2000.0,0.0,2306533.0,1.259257,1.595796,NLD,UGA,0343
57837,231,227,676,2000.0,0.0,3038694.0,1.9869709999999998,0.021666,USA,UGA,0343
57838,246,227,676,2000.0,0.0,2341.0,0.304739,2.2212709999999998,ZAF,UGA,0343
57839,61,243,676,2000.0,0.0,131125.0,2.3753580000000003,-2.4481029999999997,DEU,YEM,0343
57840,77,243,676,2000.0,0.0,763754.0,1.644969,0.56481,FRA,YEM,0343
57841,81,243,676,2000.0,0.0,6672.0,2.099928,0.564025,GBR,YEM,0343
57842,162,2,676,2000.0,33175.0,0.0,1.259257,1.595796,NLD,AGO,0343
57843,246,2,676,2000.0,2725.0,0.0,0.304739,2.2212709999999998,ZAF,AGO,0343
57844,192,34,676,2000.0,5924.0,0.0,1.5432860000000002,0.519856,SGP,BRN,0343
57845,216,34,676,2000.0,4487.0,0.0,0.505423,1.358217,THA,BRN,0343
57846,18,46,676,2000.0,7923.0,0.0,1.382578,1.406981,BEL,COD,0343
57847,231,47,676,2000.0,11333.0,0.0,1.9869709999999998,0.021666,USA,COG,0343
57848,18,78,676,2000.0,0.0,2591.0,1.382578,1.406981,BEL,FRO,0343
57849,41,78,676,2000.0,0.0,1361.0,2.268929,0.538191,CHE,FRO,0343
57850,61,78,676,2000.0,0.0,213864.0,2.3753580000000003,-2.4481029999999997,DEU,FRO,0343
57851,64,78,676,2000.0,2438.0,8093991.0,1.312843,1.4304370000000002,DNK,FRO,0343
57852,71,78,676,2000.0,0.0,11466.0,1.158711,1.7613189999999999,ESP,FRO,0343
57853,77,78,676,2000.0,0.0,845070.0,1.644969,0.56481,FRA,FRO,0343
57854,81,78,676,2000.0,0.0,3019566.0,2.099928,0.564025,GBR,FRO,0343
57855,109,78,676,2000.0,2225.0,2802.0,-0.070436,-0.5575439999999999,ISL,FRO,0343
57856,162,78,676,2000.0,0.0,1721.0,1.259257,1.595796,NLD,FRO,0343
57857,163,78,676,2000.0,0.0,9886.0,0.6499050000000001,-0.177091,NOR,FRO,0343
57858,208,78,676,2000.0,0.0,2800.0,2.087984,0.811167,SWE,FRO,0343
57859,231,78,676,2000.0,0.0,286919.0,1.9869709999999998,0.021666,USA,FRO,0343
57860,250,78,676,2000.0,0.0,430787.0,1.094325,-0.32521100000000003,ANS,FRO,0343
57861,77,125,676,2000.0,0.0,25573.0,1.644969,0.56481,FRA,LBR,0343
57862,81,125,676,2000.0,0.0,3263.0,2.099928,0.564025,GBR,LBR,0343
57863,77,129,676,2000.0,0.0,4871.0,1.644969,0.56481,FRA,LSO,0343
57864,246,129,676,2000.0,24451.0,0.0,0.304739,2.2212709999999998,ZAF,LSO,0343
57865,97,143,676,2000.0,0.0,1222.0,0.564112,1.776282,HKG,MMR,0343
57866,133,143,676,2000.0,0.0,14884.0,-0.19656300000000002,-0.519896,MAC,MMR,0343
57867,153,143,676,2000.0,0.0,12193.0,0.789007,0.16084600000000002,MYS,MMR,0343
57868,192,143,676,2000.0,0.0,5589.0,1.5432860000000002,0.519856,SGP,MMR,0343
57869,77,156,676,2000.0,5305.0,0.0,1.644969,0.56481,FRA,NCL,0343
57870,166,156,676,2000.0,16032.0,0.0,0.419671,0.809288,NZL,NCL,0343
57871,191,156,676,2000.0,1373.0,0.0,-0.449184,-0.375335,SEN,NCL,0343
57872,226,84,676,2000.0,172921.0,0.0,-1.14198,-0.368647,TZA,GIB,0343
57873,114,221,676,2000.0,0.0,11555.0,2.8218240000000003,0.255803,JPN,TON,0343
57874,166,221,676,2000.0,0.0,1033.0,0.419671,0.809288,NZL,TON,0343
57875,114,10,676,2000.0,0.0,3733.0,2.8218240000000003,0.255803,JPN,ASM,0343
57876,166,10,676,2000.0,1061.0,0.0,0.419671,0.809288,NZL,ASM,0343
57877,112,30,676,2000.0,6662.0,0.0,-0.724729,-0.91094,JAM,BMU,0343
57878,231,30,676,2000.0,28929.0,0.0,1.9869709999999998,0.021666,USA,BMU,0343
57879,77,38,676,2000.0,1947.0,0.0,1.644969,0.56481,FRA,CAF,0343
57880,166,48,676,2000.0,10412.0,0.0,0.419671,0.809288,NZL,COK,0343
57881,231,48,676,2000.0,0.0,3800.0,1.9869709999999998,0.021666,USA,COK,0343
57882,14,56,676,2000.0,6944.0,0.0,0.039636000000000005,1.001203,AUS,CXR,0343
57883,73,62,676,2000.0,0.0,6625.0,-1.1137629999999998,-1.020996,ETH,DJI,0343
57884,61,69,676,2000.0,0.0,293621.0,2.3753580000000003,-2.4481029999999997,DEU,ERI,0343
57885,77,69,676,2000.0,0.0,1204.0,1.644969,0.56481,FRA,ERI,0343
57886,81,69,676,2000.0,0.0,38465.0,2.099928,0.564025,GBR,ERI,0343
57887,111,69,676,2000.0,0.0,14607.0,1.51508,0.818283,ITA,ERI,0343
57888,162,69,676,2000.0,0.0,80494.0,1.259257,1.595796,NLD,ERI,0343
57889,14,95,676,2000.0,9502.0,0.0,0.039636000000000005,1.001203,AUS,GUM,0343
57890,114,95,676,2000.0,229978.0,0.0,2.8218240000000003,0.255803,JPN,GUM,0343
57891,163,95,676,2000.0,1438.0,0.0,0.6499050000000001,-0.177091,NOR,GUM,0343
57892,166,95,676,2000.0,23421.0,0.0,0.419671,0.809288,NZL,GUM,0343
57893,75,123,676,2000.0,205582.0,0.0,-0.775963,-0.28976999999999997,FJI,LAO,0343
57894,114,146,676,2000.0,98668.0,0.0,2.8218240000000003,0.255803,JPN,MNP,0343
57895,81,229,676,2000.0,0.0,182619.0,2.099928,0.564025,GBR,UMI,0343
57896,14,240,676,2000.0,1533.0,0.0,0.039636000000000005,1.001203,AUS,VUT,0343
57897,75,242,676,2000.0,2204.0,0.0,-0.775963,-0.28976999999999997,FJI,WSM,0343
57898,231,242,676,2000.0,0.0,30033.0,1.9869709999999998,0.021666,USA,WSM,0343
57899,61,51,676,2000.0,0.0,1863.0,2.3753580000000003,-2.4481029999999997,DEU,CPV,0343
57900,231,213,676,2000.0,5920.0,0.0,1.9869709999999998,0.021666,USA,TCA,0343
57901,112,57,676,2000.0,1659.0,0.0,-0.724729,-0.91094,JAM,CYM,0343
57902,231,57,676,2000.0,0.0,8279.0,1.9869709999999998,0.021666,USA,CYM,0343
57903,39,92,676,2000.0,0.0,452895.0,1.069101,1.284017,CAN,GRL,0343
57904,64,92,676,2000.0,12544.0,215004.0,1.312843,1.4304370000000002,DNK,GRL,0343
57905,103,92,676,2000.0,50593.0,0.0,0.05846799999999999,1.577531,IDN,GRL,0343
57906,231,92,676,2000.0,0.0,220652.0,1.9869709999999998,0.021666,USA,GRL,0343
57907,41,161,676,2000.0,0.0,31248.0,2.268929,0.538191,CHE,NIU,0343
57908,3,6,677,2000.0,0.0,1059.0,1.626272,0.420422,AIA,ANT,0344
57909,18,6,677,2000.0,1126.0,0.0,1.382578,1.406981,BEL,ANT,0344
57910,33,6,677,2000.0,2459.0,0.0,0.610079,0.267843,BRB,ANT,0344
57911,49,6,677,2000.0,4193.0,0.0,0.12351400000000001,0.255517,COL,ANT,0344
57912,61,6,677,2000.0,3014.0,2437.0,2.3753580000000003,-2.4481029999999997,DEU,ANT,0344
57913,77,6,677,2000.0,0.0,5378.0,1.644969,0.56481,FRA,ANT,0344
57914,120,6,677,2000.0,0.0,4102.0,0.774566,-0.46352299999999996,KNA,ANT,0344
57915,162,6,677,2000.0,234108.0,0.0,1.259257,1.595796,NLD,ANT,0344
57916,231,6,677,2000.0,324850.0,0.0,1.9869709999999998,0.021666,USA,ANT,0344
57917,249,6,677,2000.0,4158.0,0.0,1.642139,1.2375639999999999,TWN,ANT,0344
57918,33,13,677,2000.0,5435.0,0.0,0.610079,0.267843,BRB,ATG,0344
57919,54,13,677,2000.0,0.0,114790.0,-0.800886,-1.133715,CUB,ATG,0344
57920,81,13,677,2000.0,7482.0,0.0,2.099928,0.564025,GBR,ATG,0344
57921,102,13,677,2000.0,0.0,33062.0,1.047497,1.284513,HUN,ATG,0344
57922,222,13,677,2000.0,35796.0,0.0,0.011104000000000001,-0.831385,TTO,ATG,0344
57923,231,13,677,2000.0,62257.0,0.0,1.9869709999999998,0.021666,USA,ATG,0344
57924,18,15,677,2000.0,466341.0,39427.0,1.382578,1.406981,BEL,AUT,0344
57925,39,15,677,2000.0,33167.0,133515.0,1.069101,1.284017,CAN,AUT,0344
57926,41,15,677,2000.0,0.0,79194.0,2.268929,0.538191,CHE,AUT,0344
57927,42,15,677,2000.0,10956.0,0.0,-0.011509,0.0031190000000000002,CHL,AUT,0344
57928,43,15,677,2000.0,18453.0,0.0,0.43423,2.461961,CHN,AUT,0344
57929,61,15,677,2000.0,16064564.0,123277.0,2.3753580000000003,-2.4481029999999997,DEU,AUT,0344
57930,64,15,677,2000.0,3494350.0,30959.0,1.312843,1.4304370000000002,DNK,AUT,0344
57931,71,15,677,2000.0,19093.0,0.0,1.158711,1.7613189999999999,ESP,AUT,0344
57932,72,15,677,2000.0,69841.0,0.0,0.353545,0.665942,EST,AUT,0344
57933,77,15,677,2000.0,459083.0,0.0,1.644969,0.56481,FRA,AUT,0344
57934,78,15,677,2000.0,23526.0,0.0,-0.25500700000000004,-0.823207,FRO,AUT,0344
57935,81,15,677,2000.0,41879.0,0.0,2.099928,0.564025,GBR,AUT,0344
57936,90,15,677,2000.0,0.0,3258.0,0.26193,1.607656,GRC,AUT,0344
57937,102,15,677,2000.0,0.0,8951.0,1.047497,1.284513,HUN,AUT,0344
57938,103,15,677,2000.0,11072.0,0.0,0.05846799999999999,1.577531,IDN,AUT,0344
57939,106,15,677,2000.0,19015.0,0.0,1.647548,0.34018899999999996,IRL,AUT,0344
57940,109,15,677,2000.0,63838.0,0.0,-0.070436,-0.5575439999999999,ISL,AUT,0344
57941,111,15,677,2000.0,26469.0,146862.0,1.51508,0.818283,ITA,AUT,0344
57942,155,15,677,2000.0,2141.0,0.0,-0.42796999999999996,-0.643361,NAM,AUT,0344
57943,159,15,677,2000.0,12742.0,0.0,-2.192487,-1.30587,NGA,AUT,0344
57944,162,15,677,2000.0,1270467.0,0.0,1.259257,1.595796,NLD,AUT,0344
57945,163,15,677,2000.0,217403.0,0.0,0.6499050000000001,-0.177091,NOR,AUT,0344
57946,166,15,677,2000.0,197874.0,0.0,0.419671,0.809288,NZL,AUT,0344
57947,177,15,677,2000.0,211933.0,0.0,0.9513659999999999,1.8445669999999998,POL,AUT,0344
57948,185,15,677,2000.0,38454.0,0.0,0.55594,1.054573,ROU,AUT,0344
57949,186,15,677,2000.0,113197.0,0.0,0.765547,0.369255,RUS,AUT,0344
57950,189,15,677,2000.0,0.0,1991.0,0.484573,2.767036,SCG,AUT,0344
57951,191,15,677,2000.0,2243.0,0.0,-0.449184,-0.375335,SEN,AUT,0344
57952,207,15,677,2000.0,0.0,3186.0,1.485695,1.122069,SVN,AUT,0344
57953,208,15,677,2000.0,274100.0,0.0,2.087984,0.811167,SWE,AUT,0344
57954,216,15,677,2000.0,4251.0,0.0,0.505423,1.358217,THA,AUT,0344
57955,224,15,677,2000.0,213351.0,0.0,0.127924,2.039773,TUR,AUT,0344
57956,226,15,677,2000.0,7421.0,0.0,-1.14198,-0.368647,TZA,AUT,0344
57957,227,15,677,2000.0,24129.0,0.0,-1.275188,-0.9400639999999999,UGA,AUT,0344
57958,231,15,677,2000.0,7004.0,0.0,1.9869709999999998,0.021666,USA,AUT,0344
57959,239,15,677,2000.0,33587.0,0.0,-0.589009,0.518708,VNM,AUT,0344
57960,249,15,677,2000.0,6319.0,0.0,1.642139,1.2375639999999999,TWN,AUT,0344
57961,6,18,677,2000.0,0.0,1126.0,0.25759099999999996,-0.555668,ANT,BEL,0344
57962,7,18,677,2000.0,0.0,38084.0,-0.421385,-0.675566,ARE,BEL,0344
57963,8,18,677,2000.0,296334.0,0.0,0.140533,0.888049,ARG,BEL,0344
57964,15,18,677,2000.0,39427.0,466341.0,1.823798,0.465513,AUT,BEL,0344
57965,22,18,677,2000.0,17302.0,0.0,-0.8757879999999999,-0.95126,BGD,BEL,0344
57966,23,18,677,2000.0,0.0,4106.0,0.47338800000000003,1.7633599999999998,BGR,BEL,0344
57967,39,18,677,2000.0,317784.0,175612.0,1.069101,1.284017,CAN,BEL,0344
57968,41,18,677,2000.0,0.0,236983.0,2.268929,0.538191,CHE,BEL,0344
57969,42,18,677,2000.0,845444.0,0.0,-0.011509,0.0031190000000000002,CHL,BEL,0344
57970,43,18,677,2000.0,5075716.0,0.0,0.43423,2.461961,CHN,BEL,0344
57971,46,18,677,2000.0,0.0,1343.0,-0.814385,-1.049396,COD,BEL,0344
57972,58,18,677,2000.0,0.0,6705.0,0.264835,0.268755,CYP,BEL,0344
57973,59,18,677,2000.0,0.0,26963.0,1.526256,0.9255639999999999,CZE,BEL,0344
57974,61,18,677,2000.0,10509536.0,4331665.0,2.3753580000000003,-2.4481029999999997,DEU,BEL,0344
57975,64,18,677,2000.0,5717878.0,513488.0,1.312843,1.4304370000000002,DNK,BEL,0344
57976,67,18,677,2000.0,83607.0,0.0,-1.016643,-0.8385469999999999,ECU,BEL,0344
57977,71,18,677,2000.0,105960.0,630380.0,1.158711,1.7613189999999999,ESP,BEL,0344
57978,72,18,677,2000.0,4787.0,10329.0,0.353545,0.665942,EST,BEL,0344
57979,74,18,677,2000.0,0.0,15794.0,1.9705560000000002,0.874341,FIN,BEL,0344
57980,77,18,677,2000.0,6319830.0,18321820.0,1.644969,0.56481,FRA,BEL,0344
57981,78,18,677,2000.0,67399.0,0.0,-0.25500700000000004,-0.823207,FRO,BEL,0344
57982,81,18,677,2000.0,1938539.0,124331.0,2.099928,0.564025,GBR,BEL,0344
57983,87,18,677,2000.0,747323.0,7844.0,-0.33173400000000003,-0.43841499999999994,GMB,BEL,0344
57984,90,18,677,2000.0,1641.0,14460.0,0.26193,1.607656,GRC,BEL,0344
57985,97,18,677,2000.0,81481.0,0.0,0.564112,1.776282,HKG,BEL,0344
57986,102,18,677,2000.0,0.0,4781.0,1.047497,1.284513,HUN,BEL,0344
57987,103,18,677,2000.0,1090369.0,0.0,0.05846799999999999,1.577531,IDN,BEL,0344
57988,104,18,677,2000.0,3195.0,0.0,0.323006,2.3446860000000003,IND,BEL,0344
57989,106,18,677,2000.0,152050.0,103581.0,1.647548,0.34018899999999996,IRL,BEL,0344
57990,109,18,677,2000.0,7562651.0,0.0,-0.070436,-0.5575439999999999,ISL,BEL,0344
57991,110,18,677,2000.0,0.0,137727.0,1.4153870000000002,0.828117,ISR,BEL,0344
57992,111,18,677,2000.0,10469.0,1179450.0,1.51508,0.818283,ITA,BEL,0344
57993,113,18,677,2000.0,0.0,23410.0,0.677723,1.497694,JOR,BEL,0344
57994,114,18,677,2000.0,0.0,225265.0,2.8218240000000003,0.255803,JPN,BEL,0344
57995,115,18,677,2000.0,0.0,3570.0,-0.16554100000000002,-0.70523,KAZ,BEL,0344
57996,121,18,677,2000.0,43897.0,0.0,1.248356,1.000666,KOR,BEL,0344
57997,130,18,677,2000.0,61420.0,0.0,0.22767199999999999,0.794208,LTU,BEL,0344
57998,131,18,677,2000.0,152561.0,1464482.0,1.203242,1.0729790000000001,LUX,BEL,0344
57999,132,18,677,2000.0,90300.0,0.0,0.27229699999999996,0.402929,LVA,BEL,0344
58000,142,18,677,2000.0,0.0,15827.0,0.8771450000000001,-0.013614,MLT,BEL,0344
58001,153,18,677,2000.0,0.0,14838.0,0.789007,0.16084600000000002,MYS,BEL,0344
58002,155,18,677,2000.0,789395.0,0.0,-0.42796999999999996,-0.643361,NAM,BEL,0344
58003,159,18,677,2000.0,358736.0,0.0,-2.192487,-1.30587,NGA,BEL,0344
58004,162,18,677,2000.0,5890328.0,12509634.0,1.259257,1.595796,NLD,BEL,0344
58005,163,18,677,2000.0,1410322.0,7854.0,0.6499050000000001,-0.177091,NOR,BEL,0344
58006,166,18,677,2000.0,1538618.0,0.0,0.419671,0.809288,NZL,BEL,0344
58007,168,18,677,2000.0,195475.0,0.0,-0.76763,-0.435066,PAK,BEL,0344
58008,173,18,677,2000.0,738993.0,0.0,-0.390278,-0.018691,PER,BEL,0344
58009,174,18,677,2000.0,118639.0,0.0,-0.010024,-0.368702,PHL,BEL,0344
58010,177,18,677,2000.0,2864164.0,125059.0,0.9513659999999999,1.8445669999999998,POL,BEL,0344
58011,179,18,677,2000.0,29875.0,50153.0,0.624078,1.342565,PRT,BEL,0344
58012,185,18,677,2000.0,0.0,8319.0,0.55594,1.054573,ROU,BEL,0344
58013,186,18,677,2000.0,766656.0,3278.0,0.765547,0.369255,RUS,BEL,0344
58014,188,18,677,2000.0,0.0,23943.0,0.005864,-0.983202,SAU,BEL,0344
58015,191,18,677,2000.0,472945.0,0.0,-0.449184,-0.375335,SEN,BEL,0344
58016,192,18,677,2000.0,0.0,14842.0,1.5432860000000002,0.519856,SGP,BEL,0344
58017,205,18,677,2000.0,32330.0,0.0,-0.7238720000000001,-0.807254,SUR,BEL,0344
58018,208,18,677,2000.0,712254.0,82744.0,2.087984,0.811167,SWE,BEL,0344
58019,215,18,677,2000.0,18019.0,0.0,-0.741812,-0.6781550000000001,TGO,BEL,0344
58020,216,18,677,2000.0,1931676.0,0.0,0.505423,1.358217,THA,BEL,0344
58021,224,18,677,2000.0,468696.0,54621.0,0.127924,2.039773,TUR,BEL,0344
58022,226,18,677,2000.0,1157990.0,0.0,-1.14198,-0.368647,TZA,BEL,0344
58023,227,18,677,2000.0,725282.0,0.0,-1.275188,-0.9400639999999999,UGA,BEL,0344
58024,228,18,677,2000.0,0.0,18479.0,0.622654,1.191971,UKR,BEL,0344
58025,230,18,677,2000.0,2663824.0,0.0,0.18688,0.575136,URY,BEL,0344
58026,231,18,677,2000.0,245373.0,54306.0,1.9869709999999998,0.021666,USA,BEL,0344
58027,232,18,677,2000.0,0.0,3186.0,-0.487961,-0.64882,UZB,BEL,0344
58028,239,18,677,2000.0,775421.0,0.0,-0.589009,0.518708,VNM,BEL,0344
58029,246,18,677,2000.0,1606730.0,0.0,0.304739,2.2212709999999998,ZAF,BEL,0344
58030,248,18,677,2000.0,88486.0,0.0,-0.43871899999999997,0.491989,ZWE,BEL,0344
58031,249,18,677,2000.0,701984.0,0.0,1.642139,1.2375639999999999,TWN,BEL,0344
58032,250,18,677,2000.0,49827.0,0.0,1.094325,-0.32521100000000003,ANS,BEL,0344
58033,8,23,677,2000.0,23937.0,0.0,0.140533,0.888049,ARG,BGR,0344
58034,18,23,677,2000.0,4106.0,0.0,1.382578,1.406981,BEL,BGR,0344
58035,43,23,677,2000.0,49394.0,0.0,0.43423,2.461961,CHN,BGR,0344
58036,58,23,677,2000.0,0.0,1246.0,0.264835,0.268755,CYP,BGR,0344
58037,61,23,677,2000.0,13717.0,93669.0,2.3753580000000003,-2.4481029999999997,DEU,BGR,0344
58038,64,23,677,2000.0,6181.0,0.0,1.312843,1.4304370000000002,DNK,BGR,0344
58039,71,23,677,2000.0,24284.0,0.0,1.158711,1.7613189999999999,ESP,BGR,0344
58040,81,23,677,2000.0,11769.0,0.0,2.099928,0.564025,GBR,BGR,0344
58041,90,23,677,2000.0,7570.0,0.0,0.26193,1.607656,GRC,BGR,0344
58042,103,23,677,2000.0,27014.0,0.0,0.05846799999999999,1.577531,IDN,BGR,0344
58043,109,23,677,2000.0,21703.0,0.0,-0.070436,-0.5575439999999999,ISL,BGR,0344
58044,142,23,677,2000.0,0.0,1326.0,0.8771450000000001,-0.013614,MLT,BGR,0344
58045,162,23,677,2000.0,24423.0,0.0,1.259257,1.595796,NLD,BGR,0344
58046,163,23,677,2000.0,49541.0,0.0,0.6499050000000001,-0.177091,NOR,BGR,0344
58047,173,23,677,2000.0,13691.0,0.0,-0.390278,-0.018691,PER,BGR,0344
58048,177,23,677,2000.0,45143.0,0.0,0.9513659999999999,1.8445669999999998,POL,BGR,0344
58049,226,23,677,2000.0,21898.0,0.0,-1.14198,-0.368647,TZA,BGR,0344
58050,250,23,677,2000.0,0.0,7220.0,1.094325,-0.32521100000000003,ANS,BGR,0344
58051,90,25,677,2000.0,113674.0,0.0,0.26193,1.607656,GRC,BHS,0344
58052,231,25,677,2000.0,155066.0,0.0,1.9869709999999998,0.021666,USA,BHS,0344
58053,2,32,677,2000.0,0.0,52478.0,-1.9108209999999999,-1.2573379999999998,AGO,BRA,0344
58054,8,32,677,2000.0,46749000.0,0.0,0.140533,0.888049,ARG,BRA,0344
58055,31,32,677,2000.0,29409.0,0.0,-0.400861,-0.41780900000000004,BOL,BRA,0344
58056,39,32,677,2000.0,149296.0,42789.0,1.069101,1.284017,CAN,BRA,0344
58057,42,32,677,2000.0,14645914.0,0.0,-0.011509,0.0031190000000000002,CHL,BRA,0344
58058,43,32,677,2000.0,0.0,30794.0,0.43423,2.461961,CHN,BRA,0344
58059,61,32,677,2000.0,13670.0,89949.0,2.3753580000000003,-2.4481029999999997,DEU,BRA,0344
58060,71,32,677,2000.0,309852.0,24916.0,1.158711,1.7613189999999999,ESP,BRA,0344
58061,77,32,677,2000.0,0.0,39968.0,1.644969,0.56481,FRA,BRA,0344
58062,81,32,677,2000.0,52485.0,0.0,2.099928,0.564025,GBR,BRA,0344
58063,114,32,677,2000.0,0.0,10706.0,2.8218240000000003,0.255803,JPN,BRA,0344
58064,121,32,677,2000.0,55674.0,149272.0,1.248356,1.000666,KOR,BRA,0344
58065,163,32,677,2000.0,77786.0,0.0,0.6499050000000001,-0.177091,NOR,BRA,0344
58066,173,32,677,2000.0,232778.0,0.0,-0.390278,-0.018691,PER,BRA,0344
58067,180,32,677,2000.0,3497.0,13545.0,-0.82839,-0.8787010000000001,PRY,BRA,0344
58068,230,32,677,2000.0,3515657.0,0.0,0.18688,0.575136,URY,BRA,0344
58069,231,32,677,2000.0,827143.0,2140683.0,1.9869709999999998,0.021666,USA,BRA,0344
58070,236,32,677,2000.0,0.0,1690.0,-0.12500999999999998,-0.8610610000000001,VEN,BRA,0344
58071,246,32,677,2000.0,43473.0,0.0,0.304739,2.2212709999999998,ZAF,BRA,0344
58072,6,33,677,2000.0,0.0,2459.0,0.25759099999999996,-0.555668,ANT,BRB,0344
58073,13,33,677,2000.0,0.0,5435.0,0.146899,-0.622011,ATG,BRB,0344
58074,30,33,677,2000.0,0.0,1723.0,0.770323,-0.5255350000000001,BMU,BRB,0344
58075,39,33,677,2000.0,0.0,23315.0,1.069101,1.284017,CAN,BRB,0344
58076,61,33,677,2000.0,0.0,3080.0,2.3753580000000003,-2.4481029999999997,DEU,BRB,0344
58077,64,33,677,2000.0,1354.0,0.0,1.312843,1.4304370000000002,DNK,BRB,0344
58078,81,33,677,2000.0,47574.0,0.0,2.099928,0.564025,GBR,BRB,0344
58079,96,33,677,2000.0,15749.0,0.0,-0.7425069999999999,-0.892847,GUY,BRB,0344
58080,163,33,677,2000.0,1776.0,0.0,0.6499050000000001,-0.177091,NOR,BRB,0344
58081,222,33,677,2000.0,158976.0,0.0,0.011104000000000001,-0.831385,TTO,BRB,0344
58082,231,33,677,2000.0,110877.0,0.0,1.9869709999999998,0.021666,USA,BRB,0344
58083,234,33,677,2000.0,1200.0,0.0,0.216315,-0.206287,VCT,BRB,0344
58084,249,33,677,2000.0,6522.0,0.0,1.642139,1.2375639999999999,TWN,BRB,0344
58085,8,39,677,2000.0,17653.0,64283.0,0.140533,0.888049,ARG,CAN,0344
58086,14,39,677,2000.0,99263.0,1560.0,0.039636000000000005,1.001203,AUS,CAN,0344
58087,15,39,677,2000.0,133515.0,33167.0,1.823798,0.465513,AUT,CAN,0344
58088,18,39,677,2000.0,175612.0,317784.0,1.382578,1.406981,BEL,CAN,0344
58089,22,39,677,2000.0,74751.0,0.0,-0.8757879999999999,-0.95126,BGD,CAN,0344
58090,28,39,677,2000.0,0.0,2456.0,0.7323649999999999,1.1536170000000001,BLR,CAN,0344
58091,32,39,677,2000.0,42789.0,149296.0,0.853466,1.28277,BRA,CAN,0344
58092,33,39,677,2000.0,23315.0,0.0,0.610079,0.267843,BRB,CAN,0344
58093,41,39,677,2000.0,94823.0,560257.0,2.268929,0.538191,CHE,CAN,0344
58094,42,39,677,2000.0,1304269.0,0.0,-0.011509,0.0031190000000000002,CHL,CAN,0344
58095,43,39,677,2000.0,22296836.0,272990.0,0.43423,2.461961,CHN,CAN,0344
58096,52,39,677,2000.0,56011.0,0.0,-0.136989,-0.190298,CRI,CAN,0344
58097,54,39,677,2000.0,2080.0,12671.0,-0.800886,-1.133715,CUB,CAN,0344
58098,59,39,677,2000.0,0.0,122715.0,1.526256,0.9255639999999999,CZE,CAN,0344
58099,61,39,677,2000.0,33606.0,1580686.0,2.3753580000000003,-2.4481029999999997,DEU,CAN,0344
58100,64,39,677,2000.0,282688.0,164096.0,1.312843,1.4304370000000002,DNK,CAN,0344
58101,65,39,677,2000.0,0.0,19097.0,-0.5679569999999999,-0.61125,DOM,CAN,0344
58102,67,39,677,2000.0,3514.0,0.0,-1.016643,-0.8385469999999999,ECU,CAN,0344
58103,68,39,677,2000.0,0.0,24794.0,-0.365578,0.01634,EGY,CAN,0344
58104,71,39,677,2000.0,9166.0,46680.0,1.158711,1.7613189999999999,ESP,CAN,0344
58105,72,39,677,2000.0,484702.0,0.0,0.353545,0.665942,EST,CAN,0344
58106,74,39,677,2000.0,205455.0,40266.0,1.9705560000000002,0.874341,FIN,CAN,0344
58107,77,39,677,2000.0,0.0,2662115.0,1.644969,0.56481,FRA,CAN,0344
58108,78,39,677,2000.0,3554731.0,0.0,-0.25500700000000004,-0.823207,FRO,CAN,0344
58109,81,39,677,2000.0,521769.0,1749958.0,2.099928,0.564025,GBR,CAN,0344
58110,92,39,677,2000.0,99525.0,0.0,-0.365398,-0.849985,GRL,CAN,0344
58111,95,39,677,2000.0,8708.0,0.0,-0.235483,-0.92404,GUM,CAN,0344
58112,96,39,677,2000.0,34456.0,0.0,-0.7425069999999999,-0.892847,GUY,CAN,0344
58113,97,39,677,2000.0,41616.0,25818.0,0.564112,1.776282,HKG,CAN,0344
58114,103,39,677,2000.0,321071.0,0.0,0.05846799999999999,1.577531,IDN,CAN,0344
58115,104,39,677,2000.0,37798.0,0.0,0.323006,2.3446860000000003,IND,CAN,0344
58116,106,39,677,2000.0,67622.0,0.0,1.647548,0.34018899999999996,IRL,CAN,0344
58117,109,39,677,2000.0,744425.0,0.0,-0.070436,-0.5575439999999999,ISL,CAN,0344
58118,110,39,677,2000.0,0.0,39939.0,1.4153870000000002,0.828117,ISR,CAN,0344
58119,111,39,677,2000.0,0.0,79419.0,1.51508,0.818283,ITA,CAN,0344
58120,112,39,677,2000.0,0.0,8368.0,-0.724729,-0.91094,JAM,CAN,0344
58121,114,39,677,2000.0,125849.0,3494809.0,2.8218240000000003,0.255803,JPN,CAN,0344
58122,121,39,677,2000.0,677342.0,183078.0,1.248356,1.000666,KOR,CAN,0344
58123,128,39,677,2000.0,0.0,7199.0,-0.497407,0.004686999999999999,LKA,CAN,0344
58124,130,39,677,2000.0,0.0,36380.0,0.22767199999999999,0.794208,LTU,CAN,0344
58125,134,39,677,2000.0,4690.0,0.0,-0.5460510000000001,-0.33865100000000004,MAR,CAN,0344
58126,138,39,677,2000.0,0.0,13800.0,0.9020379999999999,0.671139,MEX,CAN,0344
58127,143,39,677,2000.0,9365.0,0.0,-1.260786,-0.9277549999999999,MMR,CAN,0344
58128,153,39,677,2000.0,43692.0,0.0,0.789007,0.16084600000000002,MYS,CAN,0344
58129,162,39,677,2000.0,1359681.0,73098.0,1.259257,1.595796,NLD,CAN,0344
58130,163,39,677,2000.0,1844185.0,0.0,0.6499050000000001,-0.177091,NOR,CAN,0344
58131,166,39,677,2000.0,2655008.0,0.0,0.419671,0.809288,NZL,CAN,0344
58132,168,39,677,2000.0,73339.0,0.0,-0.76763,-0.435066,PAK,CAN,0344
58133,173,39,677,2000.0,214880.0,0.0,-0.390278,-0.018691,PER,CAN,0344
58134,174,39,677,2000.0,7212.0,0.0,-0.010024,-0.368702,PHL,CAN,0344
58135,177,39,677,2000.0,492880.0,336008.0,0.9513659999999999,1.8445669999999998,POL,CAN,0344
58136,179,39,677,2000.0,38839.0,241784.0,0.624078,1.342565,PRT,CAN,0344
58137,186,39,677,2000.0,688732.0,74497.0,0.765547,0.369255,RUS,CAN,0344
58138,189,39,677,2000.0,0.0,6992.0,0.484573,2.767036,SCG,CAN,0344
58139,192,39,677,2000.0,16761.0,0.0,1.5432860000000002,0.519856,SGP,CAN,0344
58140,208,39,677,2000.0,50187.0,50308.0,2.087984,0.811167,SWE,CAN,0344
58141,216,39,677,2000.0,338166.0,173502.0,0.505423,1.358217,THA,CAN,0344
58142,222,39,677,2000.0,3849.0,109990.0,0.011104000000000001,-0.831385,TTO,CAN,0344
58143,224,39,677,2000.0,1193971.0,67242.0,0.127924,2.039773,TUR,CAN,0344
58144,226,39,677,2000.0,1876.0,0.0,-1.14198,-0.368647,TZA,CAN,0344
58145,230,39,677,2000.0,527950.0,0.0,0.18688,0.575136,URY,CAN,0344
58146,231,39,677,2000.0,27645240.0,152768000.0,1.9869709999999998,0.021666,USA,CAN,0344
58147,239,39,677,2000.0,917162.0,0.0,-0.589009,0.518708,VNM,CAN,0344
58148,246,39,677,2000.0,41000.0,0.0,0.304739,2.2212709999999998,ZAF,CAN,0344
58149,249,39,677,2000.0,515932.0,159173.0,1.642139,1.2375639999999999,TWN,CAN,0344
58150,14,41,677,2000.0,21188.0,0.0,0.039636000000000005,1.001203,AUS,CHE,0344
58151,15,41,677,2000.0,79194.0,0.0,1.823798,0.465513,AUT,CHE,0344
58152,18,41,677,2000.0,236983.0,0.0,1.382578,1.406981,BEL,CHE,0344
58153,22,41,677,2000.0,6260.0,0.0,-0.8757879999999999,-0.95126,BGD,CHE,0344
58154,39,41,677,2000.0,560257.0,94823.0,1.069101,1.284017,CAN,CHE,0344
58155,42,41,677,2000.0,2525794.0,0.0,-0.011509,0.0031190000000000002,CHL,CHE,0344
58156,43,41,677,2000.0,191951.0,0.0,0.43423,2.461961,CHN,CHE,0344
58157,59,41,677,2000.0,0.0,42929.0,1.526256,0.9255639999999999,CZE,CHE,0344
58158,61,41,677,2000.0,2516934.0,19965.0,2.3753580000000003,-2.4481029999999997,DEU,CHE,0344
58159,64,41,677,2000.0,3454702.0,0.0,1.312843,1.4304370000000002,DNK,CHE,0344
58160,71,41,677,2000.0,129965.0,0.0,1.158711,1.7613189999999999,ESP,CHE,0344
58161,72,41,677,2000.0,1470253.0,2251.0,0.353545,0.665942,EST,CHE,0344
58162,74,41,677,2000.0,47484.0,0.0,1.9705560000000002,0.874341,FIN,CHE,0344
58163,77,41,677,2000.0,700681.0,10239.0,1.644969,0.56481,FRA,CHE,0344
58164,78,41,677,2000.0,46094.0,0.0,-0.25500700000000004,-0.823207,FRO,CHE,0344
58165,81,41,677,2000.0,1863.0,2995.0,2.099928,0.564025,GBR,CHE,0344
58166,97,41,677,2000.0,0.0,18628.0,0.564112,1.776282,HKG,CHE,0344
58167,102,41,677,2000.0,0.0,23858.0,1.047497,1.284513,HUN,CHE,0344
58168,103,41,677,2000.0,9304.0,0.0,0.05846799999999999,1.577531,IDN,CHE,0344
58169,106,41,677,2000.0,137664.0,0.0,1.647548,0.34018899999999996,IRL,CHE,0344
58170,107,41,677,2000.0,38566.0,0.0,-0.8148770000000001,-1.040305,IRN,CHE,0344
58171,109,41,677,2000.0,60593.0,4236.0,-0.070436,-0.5575439999999999,ISL,CHE,0344
58172,111,41,677,2000.0,50982.0,0.0,1.51508,0.818283,ITA,CHE,0344
58173,114,41,677,2000.0,8182.0,0.0,2.8218240000000003,0.255803,JPN,CHE,0344
58174,116,41,677,2000.0,41090.0,0.0,-0.554244,-0.1757,KEN,CHE,0344
58175,130,41,677,2000.0,0.0,16023.0,0.22767199999999999,0.794208,LTU,CHE,0344
58176,162,41,677,2000.0,2544662.0,0.0,1.259257,1.595796,NLD,CHE,0344
58177,163,41,677,2000.0,2660972.0,5157.0,0.6499050000000001,-0.177091,NOR,CHE,0344
58178,166,41,677,2000.0,1068061.0,0.0,0.419671,0.809288,NZL,CHE,0344
58179,174,41,677,2000.0,25420.0,3546.0,-0.010024,-0.368702,PHL,CHE,0344
58180,177,41,677,2000.0,1308312.0,9931.0,0.9513659999999999,1.8445669999999998,POL,CHE,0344
58181,179,41,677,2000.0,37452.0,0.0,0.624078,1.342565,PRT,CHE,0344
58182,186,41,677,2000.0,596975.0,0.0,0.765547,0.369255,RUS,CHE,0344
58183,189,41,677,2000.0,0.0,1971.0,0.484573,2.767036,SCG,CHE,0344
58184,191,41,677,2000.0,167057.0,0.0,-0.449184,-0.375335,SEN,CHE,0344
58185,192,41,677,2000.0,60944.0,0.0,1.5432860000000002,0.519856,SGP,CHE,0344
58186,208,41,677,2000.0,453141.0,0.0,2.087984,0.811167,SWE,CHE,0344
58187,216,41,677,2000.0,284963.0,0.0,0.505423,1.358217,THA,CHE,0344
58188,224,41,677,2000.0,385323.0,0.0,0.127924,2.039773,TUR,CHE,0344
58189,227,41,677,2000.0,13174.0,0.0,-1.275188,-0.9400639999999999,UGA,CHE,0344
58190,228,41,677,2000.0,19733.0,0.0,0.622654,1.191971,UKR,CHE,0344
58191,231,41,677,2000.0,360348.0,0.0,1.9869709999999998,0.021666,USA,CHE,0344
58192,239,41,677,2000.0,2263193.0,0.0,-0.589009,0.518708,VNM,CHE,0344
58193,246,41,677,2000.0,186687.0,0.0,0.304739,2.2212709999999998,ZAF,CHE,0344
58194,8,42,677,2000.0,0.0,1494809.0,0.140533,0.888049,ARG,CHL,0344
58195,14,42,677,2000.0,0.0,6366628.0,0.039636000000000005,1.001203,AUS,CHL,0344
58196,15,42,677,2000.0,0.0,10956.0,1.823798,0.465513,AUT,CHL,0344
58197,18,42,677,2000.0,0.0,845444.0,1.382578,1.406981,BEL,CHL,0344
58198,31,42,677,2000.0,0.0,72936.0,-0.400861,-0.41780900000000004,BOL,CHL,0344
58199,32,42,677,2000.0,0.0,14645914.0,0.853466,1.28277,BRA,CHL,0344
58200,39,42,677,2000.0,0.0,1304269.0,1.069101,1.284017,CAN,CHL,0344
58201,41,42,677,2000.0,0.0,2525794.0,2.268929,0.538191,CHE,CHL,0344
58202,43,42,677,2000.0,0.0,137696.0,0.43423,2.461961,CHN,CHL,0344
58203,49,42,677,2000.0,0.0,2262930.0,0.12351400000000001,0.255517,COL,CHL,0344
58204,52,42,677,2000.0,0.0,24542.0,-0.136989,-0.190298,CRI,CHL,0344
58205,54,42,677,2000.0,0.0,16914.0,-0.800886,-1.133715,CUB,CHL,0344
58206,61,42,677,2000.0,0.0,14337799.0,2.3753580000000003,-2.4481029999999997,DEU,CHL,0344
58207,64,42,677,2000.0,0.0,3539135.0,1.312843,1.4304370000000002,DNK,CHL,0344
58208,65,42,677,2000.0,0.0,48261.0,-0.5679569999999999,-0.61125,DOM,CHL,0344
58209,67,42,677,2000.0,26784.0,11325.0,-1.016643,-0.8385469999999999,ECU,CHL,0344
58210,71,42,677,2000.0,4230.0,2551362.0,1.158711,1.7613189999999999,ESP,CHL,0344
58211,77,42,677,2000.0,0.0,20777770.0,1.644969,0.56481,FRA,CHL,0344
58212,81,42,677,2000.0,0.0,5164678.0,2.099928,0.564025,GBR,CHL,0344
58213,93,42,677,2000.0,0.0,86741.0,-0.37711100000000003,0.191477,GTM,CHL,0344
58214,97,42,677,2000.0,0.0,103772.0,0.564112,1.776282,HKG,CHL,0344
58215,102,42,677,2000.0,0.0,5339.0,1.047497,1.284513,HUN,CHL,0344
58216,104,42,677,2000.0,62396.0,0.0,0.323006,2.3446860000000003,IND,CHL,0344
58217,110,42,677,2000.0,0.0,824390.0,1.4153870000000002,0.828117,ISR,CHL,0344
58218,111,42,677,2000.0,0.0,3678786.0,1.51508,0.818283,ITA,CHL,0344
58219,114,42,677,2000.0,4328.0,97848784.0,2.8218240000000003,0.255803,JPN,CHL,0344
58220,121,42,677,2000.0,0.0,357327.0,1.248356,1.000666,KOR,CHL,0344
58221,130,42,677,2000.0,0.0,17583.0,0.22767199999999999,0.794208,LTU,CHL,0344
58222,131,42,677,2000.0,0.0,6805.0,1.203242,1.0729790000000001,LUX,CHL,0344
58223,138,42,677,2000.0,0.0,3751662.0,0.9020379999999999,0.671139,MEX,CHL,0344
58224,153,42,677,2000.0,0.0,146011.0,0.789007,0.16084600000000002,MYS,CHL,0344
58225,156,42,677,2000.0,0.0,1702.0,-0.138942,-0.903899,NCL,CHL,0344
58226,162,42,677,2000.0,0.0,4921862.0,1.259257,1.595796,NLD,CHL,0344
58227,163,42,677,2000.0,0.0,107444.0,0.6499050000000001,-0.177091,NOR,CHL,0344
58228,169,42,677,2000.0,0.0,19922.0,0.107412,0.41455600000000004,PAN,CHL,0344
58229,173,42,677,2000.0,0.0,22697.0,-0.390278,-0.018691,PER,CHL,0344
58230,177,42,677,2000.0,0.0,326334.0,0.9513659999999999,1.8445669999999998,POL,CHL,0344
58231,179,42,677,2000.0,0.0,178829.0,0.624078,1.342565,PRT,CHL,0344
58232,180,42,677,2000.0,0.0,79010.0,-0.82839,-0.8787010000000001,PRY,CHL,0344
58233,182,42,677,2000.0,0.0,1174.0,-0.382787,-0.837533,PYF,CHL,0344
58234,192,42,677,2000.0,0.0,730253.0,1.5432860000000002,0.519856,SGP,CHL,0344
58235,197,42,677,2000.0,0.0,4779.0,-0.077776,-0.084655,SLV,CHL,0344
58236,207,42,677,2000.0,0.0,28513.0,1.485695,1.122069,SVN,CHL,0344
58237,208,42,677,2000.0,0.0,748292.0,2.087984,0.811167,SWE,CHL,0344
58238,212,42,677,2000.0,0.0,115500.0,-1.203106,-0.889915,SYR,CHL,0344
58239,216,42,677,2000.0,0.0,1062085.0,0.505423,1.358217,THA,CHL,0344
58240,223,42,677,2000.0,0.0,82445.0,-0.061203999999999995,0.149345,TUN,CHL,0344
58241,230,42,677,2000.0,5003.0,373041.0,0.18688,0.575136,URY,CHL,0344
58242,231,42,677,2000.0,23847.0,70049392.0,1.9869709999999998,0.021666,USA,CHL,0344
58243,236,42,677,2000.0,0.0,2258890.0,-0.12500999999999998,-0.8610610000000001,VEN,CHL,0344
58244,249,42,677,2000.0,0.0,3100.0,1.642139,1.2375639999999999,TWN,CHL,0344
58245,250,42,677,2000.0,2367.0,63051.0,1.094325,-0.32521100000000003,ANS,CHL,0344
58246,7,43,677,2000.0,0.0,182946.0,-0.421385,-0.675566,ARE,CHN,0344
58247,8,43,677,2000.0,209157.0,0.0,0.140533,0.888049,ARG,CHN,0344
58248,14,43,677,2000.0,142485.0,697974.0,0.039636000000000005,1.001203,AUS,CHN,0344
58249,15,43,677,2000.0,0.0,18453.0,1.823798,0.465513,AUT,CHN,0344
58250,18,43,677,2000.0,0.0,5075716.0,1.382578,1.406981,BEL,CHN,0344
58251,23,43,677,2000.0,0.0,49394.0,0.47338800000000003,1.7633599999999998,BGR,CHN,0344
58252,26,43,677,2000.0,0.0,41833.0,0.167776,0.32192,BIH,CHN,0344
58253,28,43,677,2000.0,0.0,2429.0,0.7323649999999999,1.1536170000000001,BLR,CHN,0344
58254,32,43,677,2000.0,30794.0,0.0,0.853466,1.28277,BRA,CHN,0344
58255,39,43,677,2000.0,272990.0,22296836.0,1.069101,1.284017,CAN,CHN,0344
58256,41,43,677,2000.0,0.0,191951.0,2.268929,0.538191,CHE,CHN,0344
58257,42,43,677,2000.0,137696.0,0.0,-0.011509,0.0031190000000000002,CHL,CHN,0344
58258,49,43,677,2000.0,0.0,10674.0,0.12351400000000001,0.255517,COL,CHN,0344
58259,58,43,677,2000.0,0.0,148067.0,0.264835,0.268755,CYP,CHN,0344
58260,59,43,677,2000.0,0.0,3303503.0,1.526256,0.9255639999999999,CZE,CHN,0344
58261,61,43,677,2000.0,110850.0,60520712.0,2.3753580000000003,-2.4481029999999997,DEU,CHN,0344
58262,63,43,677,2000.0,0.0,47475.0,0.8950530000000001,0.295721,DMA,CHN,0344
58263,64,43,677,2000.0,12018.0,1463520.0,1.312843,1.4304370000000002,DNK,CHN,0344
58264,71,43,677,2000.0,0.0,4229332.0,1.158711,1.7613189999999999,ESP,CHN,0344
58265,72,43,677,2000.0,0.0,16801.0,0.353545,0.665942,EST,CHN,0344
58266,74,43,677,2000.0,0.0,20355.0,1.9705560000000002,0.874341,FIN,CHN,0344
58267,77,43,677,2000.0,5983.0,27698496.0,1.644969,0.56481,FRA,CHN,0344
58268,78,43,677,2000.0,209796.0,26212.0,-0.25500700000000004,-0.823207,FRO,CHN,0344
58269,81,43,677,2000.0,36039.0,26823344.0,2.099928,0.564025,GBR,CHN,0344
58270,90,43,677,2000.0,0.0,397720.0,0.26193,1.607656,GRC,CHN,0344
58271,97,43,677,2000.0,2632949.0,1536666.0,0.564112,1.776282,HKG,CHN,0344
58272,100,43,677,2000.0,0.0,902384.0,0.640015,1.1175899999999999,HRV,CHN,0344
58273,102,43,677,2000.0,0.0,529639.0,1.047497,1.284513,HUN,CHN,0344
58274,103,43,677,2000.0,1760726.0,21798.0,0.05846799999999999,1.577531,IDN,CHN,0344
58275,104,43,677,2000.0,1225693.0,0.0,0.323006,2.3446860000000003,IND,CHN,0344
58276,109,43,677,2000.0,49390.0,138591.0,-0.070436,-0.5575439999999999,ISL,CHN,0344
58277,110,43,677,2000.0,0.0,542284.0,1.4153870000000002,0.828117,ISR,CHN,0344
58278,111,43,677,2000.0,0.0,1481679.0,1.51508,0.818283,ITA,CHN,0344
58279,113,43,677,2000.0,0.0,20385.0,0.677723,1.497694,JOR,CHN,0344
58280,114,43,677,2000.0,996981.0,160107264.0,2.8218240000000003,0.255803,JPN,CHN,0344
58281,116,43,677,2000.0,207249.0,0.0,-0.554244,-0.1757,KEN,CHN,0344
58282,117,43,677,2000.0,0.0,1406.0,0.215581,0.343262,KGZ,CHN,0344
58283,121,43,677,2000.0,409893.0,18237324.0,1.248356,1.000666,KOR,CHN,0344
58284,124,43,677,2000.0,0.0,24465.0,0.139623,1.095387,LBN,CHN,0344
58285,130,43,677,2000.0,0.0,115053.0,0.22767199999999999,0.794208,LTU,CHN,0344
58286,132,43,677,2000.0,0.0,2632.0,0.27229699999999996,0.402929,LVA,CHN,0344
58287,138,43,677,2000.0,22262.0,800210.0,0.9020379999999999,0.671139,MEX,CHN,0344
58288,140,43,677,2000.0,0.0,16671.0,0.159675,0.429424,MKD,CHN,0344
58289,151,43,677,2000.0,0.0,12231.0,-0.472778,-0.6301760000000001,MUS,CHN,0344
58290,153,43,677,2000.0,13246.0,466439.0,0.789007,0.16084600000000002,MYS,CHN,0344
58291,154,43,677,2000.0,0.0,3688.0,1.449263,-0.190901,MYT,CHN,0344
58292,162,43,677,2000.0,23873.0,12779381.0,1.259257,1.595796,NLD,CHN,0344
58293,163,43,677,2000.0,626203.0,452064.0,0.6499050000000001,-0.177091,NOR,CHN,0344
58294,166,43,677,2000.0,2719837.0,331796.0,0.419671,0.809288,NZL,CHN,0344
58295,173,43,677,2000.0,22105.0,0.0,-0.390278,-0.018691,PER,CHN,0344
58296,174,43,677,2000.0,3814.0,42141.0,-0.010024,-0.368702,PHL,CHN,0344
58297,177,43,677,2000.0,0.0,13762560.0,0.9513659999999999,1.8445669999999998,POL,CHN,0344
58298,179,43,677,2000.0,0.0,349944.0,0.624078,1.342565,PRT,CHN,0344
58299,185,43,677,2000.0,0.0,15836.0,0.55594,1.054573,ROU,CHN,0344
58300,186,43,677,2000.0,1678939.0,161218.0,0.765547,0.369255,RUS,CHN,0344
58301,189,43,677,2000.0,0.0,144938.0,0.484573,2.767036,SCG,CHN,0344
58302,191,43,677,2000.0,2939.0,0.0,-0.449184,-0.375335,SEN,CHN,0344
58303,192,43,677,2000.0,4650.0,326403.0,1.5432860000000002,0.519856,SGP,CHN,0344
58304,206,43,677,2000.0,0.0,80485.0,1.3226360000000001,1.1967809999999999,SVK,CHN,0344
58305,207,43,677,2000.0,0.0,327660.0,1.485695,1.122069,SVN,CHN,0344
58306,208,43,677,2000.0,3961.0,2488076.0,2.087984,0.811167,SWE,CHN,0344
58307,216,43,677,2000.0,132337.0,593058.0,0.505423,1.358217,THA,CHN,0344
58308,224,43,677,2000.0,0.0,70836.0,0.127924,2.039773,TUR,CHN,0344
58309,226,43,677,2000.0,86980.0,0.0,-1.14198,-0.368647,TZA,CHN,0344
58310,227,43,677,2000.0,161035.0,0.0,-1.275188,-0.9400639999999999,UGA,CHN,0344
58311,228,43,677,2000.0,0.0,61726.0,0.622654,1.191971,UKR,CHN,0344
58312,231,43,677,2000.0,4821178.0,215349872.0,1.9869709999999998,0.021666,USA,CHN,0344
58313,236,43,677,2000.0,0.0,17714.0,-0.12500999999999998,-0.8610610000000001,VEN,CHN,0344
58314,239,43,677,2000.0,271571.0,0.0,-0.589009,0.518708,VNM,CHN,0344
58315,249,43,677,2000.0,22153.0,47613.0,1.642139,1.2375639999999999,TWN,CHN,0344
58316,6,49,677,2000.0,0.0,4193.0,0.25759099999999996,-0.555668,ANT,COL,0344
58317,8,49,677,2000.0,36704.0,0.0,0.140533,0.888049,ARG,COL,0344
58318,42,49,677,2000.0,2262930.0,0.0,-0.011509,0.0031190000000000002,CHL,COL,0344
58319,43,49,677,2000.0,10674.0,0.0,0.43423,2.461961,CHN,COL,0344
58320,61,49,677,2000.0,5742.0,97944.0,2.3753580000000003,-2.4481029999999997,DEU,COL,0344
58321,67,49,677,2000.0,1320474.0,0.0,-1.016643,-0.8385469999999999,ECU,COL,0344
58322,71,49,677,2000.0,0.0,589132.0,1.158711,1.7613189999999999,ESP,COL,0344
58323,116,49,677,2000.0,74532.0,0.0,-0.554244,-0.1757,KEN,COL,0344
58324,127,49,677,2000.0,0.0,13629.0,-0.0033490000000000004,-0.6011340000000001,LCA,COL,0344
58325,160,49,677,2000.0,29519.0,0.0,-0.753571,-0.620488,NIC,COL,0344
58326,173,49,677,2000.0,1639081.0,0.0,-0.390278,-0.018691,PER,COL,0344
58327,227,49,677,2000.0,158841.0,0.0,-1.275188,-0.9400639999999999,UGA,COL,0344
58328,231,49,677,2000.0,296026.0,427676.0,1.9869709999999998,0.021666,USA,COL,0344
58329,236,49,677,2000.0,0.0,89529.0,-0.12500999999999998,-0.8610610000000001,VEN,COL,0344
58330,39,52,677,2000.0,0.0,56011.0,1.069101,1.284017,CAN,CRI,0344
58331,42,52,677,2000.0,24542.0,0.0,-0.011509,0.0031190000000000002,CHL,CRI,0344
58332,54,52,677,2000.0,0.0,11457.0,-0.800886,-1.133715,CUB,CRI,0344
58333,71,52,677,2000.0,0.0,1542154.0,1.158711,1.7613189999999999,ESP,CRI,0344
58334,77,52,677,2000.0,0.0,77636.0,1.644969,0.56481,FRA,CRI,0344
58335,90,52,677,2000.0,0.0,646198.0,0.26193,1.607656,GRC,CRI,0344
58336,121,52,677,2000.0,0.0,35079.0,1.248356,1.000666,KOR,CRI,0344
58337,138,52,677,2000.0,0.0,57428.0,0.9020379999999999,0.671139,MEX,CRI,0344
58338,160,52,677,2000.0,8413.0,0.0,-0.753571,-0.620488,NIC,CRI,0344
58339,166,52,677,2000.0,26583.0,0.0,0.419671,0.809288,NZL,CRI,0344
58340,169,52,677,2000.0,14296.0,0.0,0.107412,0.41455600000000004,PAN,CRI,0344
58341,231,52,677,2000.0,79847.0,3847196.0,1.9869709999999998,0.021666,USA,CRI,0344
58342,236,52,677,2000.0,0.0,7878.0,-0.12500999999999998,-0.8610610000000001,VEN,CRI,0344
58343,8,54,677,2000.0,910825.0,0.0,0.140533,0.888049,ARG,CUB,0344
58344,13,54,677,2000.0,114790.0,0.0,0.146899,-0.622011,ATG,CUB,0344
58345,39,54,677,2000.0,12671.0,2080.0,1.069101,1.284017,CAN,CUB,0344
58346,42,54,677,2000.0,16914.0,0.0,-0.011509,0.0031190000000000002,CHL,CUB,0344
58347,52,54,677,2000.0,11457.0,0.0,-0.136989,-0.190298,CRI,CUB,0344
58348,71,54,677,2000.0,523159.0,0.0,1.158711,1.7613189999999999,ESP,CUB,0344
58349,77,54,677,2000.0,0.0,1349.0,1.644969,0.56481,FRA,CUB,0344
58350,101,54,677,2000.0,0.0,10757.0,-0.946832,-0.818751,HTI,CUB,0344
58351,116,54,677,2000.0,59449.0,0.0,-0.554244,-0.1757,KEN,CUB,0344
58352,173,54,677,2000.0,58834.0,0.0,-0.390278,-0.018691,PER,CUB,0344
58353,191,54,677,2000.0,2132.0,0.0,-0.449184,-0.375335,SEN,CUB,0344
58354,192,54,677,2000.0,30471.0,0.0,1.5432860000000002,0.519856,SGP,CUB,0344
58355,226,54,677,2000.0,238339.0,0.0,-1.14198,-0.368647,TZA,CUB,0344
58356,8,59,677,2000.0,108684.0,0.0,0.140533,0.888049,ARG,CZE,0344
58357,18,59,677,2000.0,26963.0,0.0,1.382578,1.406981,BEL,CZE,0344
58358,39,59,677,2000.0,122715.0,0.0,1.069101,1.284017,CAN,CZE,0344
58359,41,59,677,2000.0,42929.0,0.0,2.268929,0.538191,CHE,CZE,0344
58360,43,59,677,2000.0,3303503.0,0.0,0.43423,2.461961,CHN,CZE,0344
58361,61,59,677,2000.0,303350.0,39006.0,2.3753580000000003,-2.4481029999999997,DEU,CZE,0344
58362,64,59,677,2000.0,614487.0,0.0,1.312843,1.4304370000000002,DNK,CZE,0344
58363,71,59,677,2000.0,75232.0,24426.0,1.158711,1.7613189999999999,ESP,CZE,0344
58364,77,59,677,2000.0,24382.0,0.0,1.644969,0.56481,FRA,CZE,0344
58365,81,59,677,2000.0,10482.0,0.0,2.099928,0.564025,GBR,CZE,0344
58366,102,59,677,2000.0,16261.0,0.0,1.047497,1.284513,HUN,CZE,0344
58367,103,59,677,2000.0,10915.0,0.0,0.05846799999999999,1.577531,IDN,CZE,0344
58368,106,59,677,2000.0,142718.0,0.0,1.647548,0.34018899999999996,IRL,CZE,0344
58369,109,59,677,2000.0,48089.0,0.0,-0.070436,-0.5575439999999999,ISL,CZE,0344
58370,111,59,677,2000.0,75525.0,0.0,1.51508,0.818283,ITA,CZE,0344
58371,130,59,677,2000.0,0.0,92416.0,0.22767199999999999,0.794208,LTU,CZE,0344
58372,153,59,677,2000.0,11304.0,0.0,0.789007,0.16084600000000002,MYS,CZE,0344
58373,162,59,677,2000.0,106120.0,0.0,1.259257,1.595796,NLD,CZE,0344
58374,163,59,677,2000.0,1084265.0,0.0,0.6499050000000001,-0.177091,NOR,CZE,0344
58375,166,59,677,2000.0,110964.0,0.0,0.419671,0.809288,NZL,CZE,0344
58376,173,59,677,2000.0,325954.0,0.0,-0.390278,-0.018691,PER,CZE,0344
58377,177,59,677,2000.0,69740.0,8736.0,0.9513659999999999,1.8445669999999998,POL,CZE,0344
58378,186,59,677,2000.0,242788.0,0.0,0.765547,0.369255,RUS,CZE,0344
58379,206,59,677,2000.0,216242.0,1503136.0,1.3226360000000001,1.1967809999999999,SVK,CZE,0344
58380,208,59,677,2000.0,51297.0,0.0,2.087984,0.811167,SWE,CZE,0344
58381,216,59,677,2000.0,1285.0,0.0,0.505423,1.358217,THA,CZE,0344
58382,228,59,677,2000.0,0.0,27051.0,0.622654,1.191971,UKR,CZE,0344
58383,231,59,677,2000.0,35121.0,0.0,1.9869709999999998,0.021666,USA,CZE,0344
58384,250,59,677,2000.0,36338.0,0.0,1.094325,-0.32521100000000003,ANS,CZE,0344
58385,6,61,677,2000.0,2437.0,3014.0,0.25759099999999996,-0.555668,ANT,DEU,0344
58386,7,61,677,2000.0,0.0,1008.0,-0.421385,-0.675566,ARE,DEU,0344
58387,8,61,677,2000.0,4698024.0,0.0,0.140533,0.888049,ARG,DEU,0344
58388,11,61,677,2000.0,8026.0,0.0,1.890484,-0.43010299999999996,ATA,DEU,0344
58389,14,61,677,2000.0,82953.0,87751.0,0.039636000000000005,1.001203,AUS,DEU,0344
58390,15,61,677,2000.0,123277.0,16064564.0,1.823798,0.465513,AUT,DEU,0344
58391,16,61,677,2000.0,112181.0,0.0,-0.36515,-0.8104979999999999,AZE,DEU,0344
58392,18,61,677,2000.0,4331665.0,10509536.0,1.382578,1.406981,BEL,DEU,0344
58393,19,61,677,2000.0,87001.0,0.0,-0.8717870000000001,-0.788797,BEN,DEU,0344
58394,23,61,677,2000.0,93669.0,13717.0,0.47338800000000003,1.7633599999999998,BGR,DEU,0344
58395,26,61,677,2000.0,0.0,24375.0,0.167776,0.32192,BIH,DEU,0344
58396,28,61,677,2000.0,48033.0,6630.0,0.7323649999999999,1.1536170000000001,BLR,DEU,0344
58397,29,61,677,2000.0,19802.0,0.0,-0.762942,-0.794567,BLZ,DEU,0344
58398,32,61,677,2000.0,89949.0,13670.0,0.853466,1.28277,BRA,DEU,0344
58399,33,61,677,2000.0,3080.0,0.0,0.610079,0.267843,BRB,DEU,0344
58400,39,61,677,2000.0,1580686.0,33606.0,1.069101,1.284017,CAN,DEU,0344
58401,41,61,677,2000.0,19965.0,2516934.0,2.268929,0.538191,CHE,DEU,0344
58402,42,61,677,2000.0,14337799.0,0.0,-0.011509,0.0031190000000000002,CHL,DEU,0344
58403,43,61,677,2000.0,60520712.0,110850.0,0.43423,2.461961,CHN,DEU,0344
58404,44,61,677,2000.0,17998.0,0.0,-0.7955,-0.7019989999999999,CIV,DEU,0344
58405,45,61,677,2000.0,2350.0,0.0,-1.6617520000000001,-1.264815,CMR,DEU,0344
58406,49,61,677,2000.0,97944.0,5742.0,0.12351400000000001,0.255517,COL,DEU,0344
58407,58,61,677,2000.0,0.0,19478.0,0.264835,0.268755,CYP,DEU,0344
58408,59,61,677,2000.0,39006.0,303350.0,1.526256,0.9255639999999999,CZE,DEU,0344
58409,64,61,677,2000.0,45819796.0,4404650.0,1.312843,1.4304370000000002,DNK,DEU,0344
58410,65,61,677,2000.0,0.0,8198.0,-0.5679569999999999,-0.61125,DOM,DEU,0344
58411,68,61,677,2000.0,4261.0,0.0,-0.365578,0.01634,EGY,DEU,0344
58412,69,61,677,2000.0,1722.0,0.0,0.159365,-0.437571,ERI,DEU,0344
58413,71,61,677,2000.0,1112948.0,1954679.0,1.158711,1.7613189999999999,ESP,DEU,0344
58414,72,61,677,2000.0,1493695.0,9595.0,0.353545,0.665942,EST,DEU,0344
58415,74,61,677,2000.0,28489.0,1239835.0,1.9705560000000002,0.874341,FIN,DEU,0344
58416,75,61,677,2000.0,51399.0,0.0,-0.775963,-0.28976999999999997,FJI,DEU,0344
58417,77,61,677,2000.0,6486021.0,64819708.0,1.644969,0.56481,FRA,DEU,0344
58418,78,61,677,2000.0,7017753.0,7845.0,-0.25500700000000004,-0.823207,FRO,DEU,0344
58419,81,61,677,2000.0,4712854.0,47688444.0,2.099928,0.564025,GBR,DEU,0344
58420,82,61,677,2000.0,11386.0,0.0,0.335756,0.217348,GEO,DEU,0344
58421,83,61,677,2000.0,0.0,59880.0,-1.092586,-0.8195030000000001,GHA,DEU,0344
58422,87,61,677,2000.0,47805.0,0.0,-0.33173400000000003,-0.43841499999999994,GMB,DEU,0344
58423,90,61,677,2000.0,38999.0,301642.0,0.26193,1.607656,GRC,DEU,0344
58424,92,61,677,2000.0,169097.0,0.0,-0.365398,-0.849985,GRL,DEU,0344
58425,97,61,677,2000.0,0.0,207443.0,0.564112,1.776282,HKG,DEU,0344
58426,100,61,677,2000.0,0.0,19236.0,0.640015,1.1175899999999999,HRV,DEU,0344
58427,102,61,677,2000.0,26064.0,52410.0,1.047497,1.284513,HUN,DEU,0344
58428,103,61,677,2000.0,727041.0,0.0,0.05846799999999999,1.577531,IDN,DEU,0344
58429,104,61,677,2000.0,11361.0,1816.0,0.323006,2.3446860000000003,IND,DEU,0344
58430,106,61,677,2000.0,4921726.0,10506.0,1.647548,0.34018899999999996,IRL,DEU,0344
58431,107,61,677,2000.0,29089.0,0.0,-0.8148770000000001,-1.040305,IRN,DEU,0344
58432,109,61,677,2000.0,38300504.0,20301.0,-0.070436,-0.5575439999999999,ISL,DEU,0344
58433,110,61,677,2000.0,0.0,5884.0,1.4153870000000002,0.828117,ISR,DEU,0344
58434,111,61,677,2000.0,191961.0,8012634.0,1.51508,0.818283,ITA,DEU,0344
58435,114,61,677,2000.0,495066.0,482275.0,2.8218240000000003,0.255803,JPN,DEU,0344
58436,115,61,677,2000.0,0.0,5083.0,-0.16554100000000002,-0.70523,KAZ,DEU,0344
58437,116,61,677,2000.0,50604.0,1626.0,-0.554244,-0.1757,KEN,DEU,0344
58438,121,61,677,2000.0,138781.0,16259.0,1.248356,1.000666,KOR,DEU,0344
58439,124,61,677,2000.0,3992.0,21134.0,0.139623,1.095387,LBN,DEU,0344
58440,128,61,677,2000.0,59238.0,0.0,-0.497407,0.004686999999999999,LKA,DEU,0344
58441,130,61,677,2000.0,4744106.0,127539.0,0.22767199999999999,0.794208,LTU,DEU,0344
58442,131,61,677,2000.0,566155.0,2274482.0,1.203242,1.0729790000000001,LUX,DEU,0344
58443,132,61,677,2000.0,71381.0,33363.0,0.27229699999999996,0.402929,LVA,DEU,0344
58444,134,61,677,2000.0,14330.0,3652.0,-0.5460510000000001,-0.33865100000000004,MAR,DEU,0344
58445,135,61,677,2000.0,0.0,3945.0,0.039072,0.103148,MDA,DEU,0344
58446,137,61,677,2000.0,2478.0,0.0,-1.070968,-1.0570469999999998,MDV,DEU,0344
58447,140,61,677,2000.0,0.0,26969.0,0.159675,0.429424,MKD,DEU,0344
58448,141,61,677,2000.0,1732.0,0.0,-0.38716799999999996,-0.511165,MLI,DEU,0344
58449,142,61,677,2000.0,0.0,14794.0,0.8771450000000001,-0.013614,MLT,DEU,0344
58450,143,61,677,2000.0,9695.0,0.0,-1.260786,-0.9277549999999999,MMR,DEU,0344
58451,148,61,677,2000.0,23949.0,0.0,-1.444615,-1.29284,MRT,DEU,0344
58452,151,61,677,2000.0,39249.0,0.0,-0.472778,-0.6301760000000001,MUS,DEU,0344
58453,153,61,677,2000.0,30054.0,7602.0,0.789007,0.16084600000000002,MYS,DEU,0344
58454,155,61,677,2000.0,3469157.0,0.0,-0.42796999999999996,-0.643361,NAM,DEU,0344
58455,159,61,677,2000.0,1724.0,0.0,-2.192487,-1.30587,NGA,DEU,0344
58456,160,61,677,2000.0,4948.0,0.0,-0.753571,-0.620488,NIC,DEU,0344
58457,162,61,677,2000.0,31517910.0,21254090.0,1.259257,1.595796,NLD,DEU,0344
58458,163,61,677,2000.0,64816288.0,590540.0,0.6499050000000001,-0.177091,NOR,DEU,0344
58459,166,61,677,2000.0,9297022.0,11007.0,0.419671,0.809288,NZL,DEU,0344
58460,167,61,677,2000.0,5804.0,0.0,-1.291169,-1.3004040000000001,OMN,DEU,0344
58461,168,61,677,2000.0,150814.0,0.0,-0.76763,-0.435066,PAK,DEU,0344
58462,173,61,677,2000.0,7369688.0,0.0,-0.390278,-0.018691,PER,DEU,0344
58463,174,61,677,2000.0,74494.0,5559.0,-0.010024,-0.368702,PHL,DEU,0344
58464,177,61,677,2000.0,52852008.0,2891429.0,0.9513659999999999,1.8445669999999998,POL,DEU,0344
58465,179,61,677,2000.0,27304.0,284455.0,0.624078,1.342565,PRT,DEU,0344
58466,185,61,677,2000.0,1223.0,79346.0,0.55594,1.054573,ROU,DEU,0344
58467,186,61,677,2000.0,142133408.0,544667.0,0.765547,0.369255,RUS,DEU,0344
58468,189,61,677,2000.0,0.0,21924.0,0.484573,2.767036,SCG,DEU,0344
58469,191,61,677,2000.0,2285033.0,0.0,-0.449184,-0.375335,SEN,DEU,0344
58470,192,61,677,2000.0,1063838.0,68558.0,1.5432860000000002,0.519856,SGP,DEU,0344
58471,195,61,677,2000.0,1670.0,0.0,-0.673555,-0.8710319999999999,SLB,DEU,0344
58472,196,61,677,2000.0,0.0,30794.0,0.507205,-0.055387,SLE,DEU,0344
58473,206,61,677,2000.0,0.0,123202.0,1.3226360000000001,1.1967809999999999,SVK,DEU,0344
58474,207,61,677,2000.0,4016.0,78724.0,1.485695,1.122069,SVN,DEU,0344
58475,208,61,677,2000.0,2822469.0,1898737.0,2.087984,0.811167,SWE,DEU,0344
58476,211,61,677,2000.0,3974.0,0.0,-0.868394,-0.9754459999999999,SYC,DEU,0344
58477,215,61,677,2000.0,1536.0,0.0,-0.741812,-0.6781550000000001,TGO,DEU,0344
58478,216,61,677,2000.0,1430684.0,12962.0,0.505423,1.358217,THA,DEU,0344
58479,221,61,677,2000.0,24704.0,0.0,-0.980166,-0.979022,TON,DEU,0344
58480,224,61,677,2000.0,15444.0,8642.0,0.127924,2.039773,TUR,DEU,0344
58481,226,61,677,2000.0,380242.0,0.0,-1.14198,-0.368647,TZA,DEU,0344
58482,228,61,677,2000.0,1837.0,27456.0,0.622654,1.191971,UKR,DEU,0344
58483,230,61,677,2000.0,3002769.0,0.0,0.18688,0.575136,URY,DEU,0344
58484,231,61,677,2000.0,4360890.0,56916.0,1.9869709999999998,0.021666,USA,DEU,0344
58485,239,61,677,2000.0,2464788.0,0.0,-0.589009,0.518708,VNM,DEU,0344
58486,240,61,677,2000.0,4008.0,0.0,-0.865708,-0.973247,VUT,DEU,0344
58487,246,61,677,2000.0,648494.0,5809.0,0.304739,2.2212709999999998,ZAF,DEU,0344
58488,248,61,677,2000.0,3604.0,0.0,-0.43871899999999997,0.491989,ZWE,DEU,0344
58489,249,61,677,2000.0,110667.0,275589.0,1.642139,1.2375639999999999,TWN,DEU,0344
58490,250,61,677,2000.0,11475.0,100722.0,1.094325,-0.32521100000000003,ANS,DEU,0344
58491,7,64,677,2000.0,0.0,30843.0,-0.421385,-0.675566,ARE,DNK,0344
58492,8,64,677,2000.0,79297.0,0.0,0.140533,0.888049,ARG,DNK,0344
58493,14,64,677,2000.0,21181.0,256218.0,0.039636000000000005,1.001203,AUS,DNK,0344
58494,15,64,677,2000.0,30959.0,3494350.0,1.823798,0.465513,AUT,DNK,0344
58495,16,64,677,2000.0,0.0,7835.0,-0.36515,-0.8104979999999999,AZE,DNK,0344
58496,18,64,677,2000.0,513488.0,5717878.0,1.382578,1.406981,BEL,DNK,0344
58497,23,64,677,2000.0,0.0,6181.0,0.47338800000000003,1.7633599999999998,BGR,DNK,0344
58498,26,64,677,2000.0,0.0,120822.0,0.167776,0.32192,BIH,DNK,0344
58499,33,64,677,2000.0,0.0,1354.0,0.610079,0.267843,BRB,DNK,0344
58500,39,64,677,2000.0,164096.0,282688.0,1.069101,1.284017,CAN,DNK,0344
58501,41,64,677,2000.0,0.0,3454702.0,2.268929,0.538191,CHE,DNK,0344
58502,42,64,677,2000.0,3539135.0,0.0,-0.011509,0.0031190000000000002,CHL,DNK,0344
58503,43,64,677,2000.0,1463520.0,12018.0,0.43423,2.461961,CHN,DNK,0344
58504,58,64,677,2000.0,0.0,111615.0,0.264835,0.268755,CYP,DNK,0344
58505,59,64,677,2000.0,0.0,614487.0,1.526256,0.9255639999999999,CZE,DNK,0344
58506,61,64,677,2000.0,4404650.0,45819796.0,2.3753580000000003,-2.4481029999999997,DEU,DNK,0344
58507,71,64,677,2000.0,114756.0,4753186.0,1.158711,1.7613189999999999,ESP,DNK,0344
58508,72,64,677,2000.0,319190.0,1537.0,0.353545,0.665942,EST,DNK,0344
58509,74,64,677,2000.0,6494.0,1056452.0,1.9705560000000002,0.874341,FIN,DNK,0344
58510,77,64,677,2000.0,827488.0,21374488.0,1.644969,0.56481,FRA,DNK,0344
58511,78,64,677,2000.0,21101204.0,87440.0,-0.25500700000000004,-0.823207,FRO,DNK,0344
58512,81,64,677,2000.0,741029.0,40616000.0,2.099928,0.564025,GBR,DNK,0344
58513,82,64,677,2000.0,0.0,2029.0,0.335756,0.217348,GEO,DNK,0344
58514,90,64,677,2000.0,0.0,806443.0,0.26193,1.607656,GRC,DNK,0344
58515,92,64,677,2000.0,17330450.0,76219.0,-0.365398,-0.849985,GRL,DNK,0344
58516,97,64,677,2000.0,0.0,115790.0,0.564112,1.776282,HKG,DNK,0344
58517,100,64,677,2000.0,0.0,1425.0,0.640015,1.1175899999999999,HRV,DNK,0344
58518,102,64,677,2000.0,0.0,55670.0,1.047497,1.284513,HUN,DNK,0344
58519,103,64,677,2000.0,207239.0,0.0,0.05846799999999999,1.577531,IDN,DNK,0344
58520,106,64,677,2000.0,209401.0,7085061.0,1.647548,0.34018899999999996,IRL,DNK,0344
58521,109,64,677,2000.0,1349038.0,0.0,-0.070436,-0.5575439999999999,ISL,DNK,0344
58522,110,64,677,2000.0,0.0,9430.0,1.4153870000000002,0.828117,ISR,DNK,0344
58523,111,64,677,2000.0,37052.0,5567668.0,1.51508,0.818283,ITA,DNK,0344
58524,112,64,677,2000.0,0.0,3453.0,-0.724729,-0.91094,JAM,DNK,0344
58525,114,64,677,2000.0,0.0,587673.0,2.8218240000000003,0.255803,JPN,DNK,0344
58526,116,64,677,2000.0,33388.0,0.0,-0.554244,-0.1757,KEN,DNK,0344
58527,117,64,677,2000.0,0.0,3746.0,0.215581,0.343262,KGZ,DNK,0344
58528,121,64,677,2000.0,0.0,7875.0,1.248356,1.000666,KOR,DNK,0344
58529,130,64,677,2000.0,3310364.0,59059.0,0.22767199999999999,0.794208,LTU,DNK,0344
58530,132,64,677,2000.0,208025.0,28298.0,0.27229699999999996,0.402929,LVA,DNK,0344
58531,142,64,677,2000.0,0.0,24904.0,0.8771450000000001,-0.013614,MLT,DNK,0344
58532,153,64,677,2000.0,0.0,30229.0,0.789007,0.16084600000000002,MYS,DNK,0344
58533,155,64,677,2000.0,372687.0,0.0,-0.42796999999999996,-0.643361,NAM,DNK,0344
58534,156,64,677,2000.0,0.0,4704.0,-0.138942,-0.903899,NCL,DNK,0344
58535,162,64,677,2000.0,3118261.0,4832965.0,1.259257,1.595796,NLD,DNK,0344
58536,163,64,677,2000.0,19666470.0,1347957.0,0.6499050000000001,-0.177091,NOR,DNK,0344
58537,166,64,677,2000.0,871887.0,38656.0,0.419671,0.809288,NZL,DNK,0344
58538,167,64,677,2000.0,0.0,2486.0,-1.291169,-1.3004040000000001,OMN,DNK,0344
58539,173,64,677,2000.0,163620.0,0.0,-0.390278,-0.018691,PER,DNK,0344
58540,174,64,677,2000.0,0.0,8363.0,-0.010024,-0.368702,PHL,DNK,0344
58541,177,64,677,2000.0,6113688.0,232933.0,0.9513659999999999,1.8445669999999998,POL,DNK,0344
58542,179,64,677,2000.0,1041.0,252670.0,0.624078,1.342565,PRT,DNK,0344
58543,186,64,677,2000.0,5428146.0,168371.0,0.765547,0.369255,RUS,DNK,0344
58544,188,64,677,2000.0,0.0,21585.0,0.005864,-0.983202,SAU,DNK,0344
58545,192,64,677,2000.0,86015.0,32792.0,1.5432860000000002,0.519856,SGP,DNK,0344
58546,206,64,677,2000.0,0.0,209169.0,1.3226360000000001,1.1967809999999999,SVK,DNK,0344
58547,207,64,677,2000.0,0.0,31035.0,1.485695,1.122069,SVN,DNK,0344
58548,208,64,677,2000.0,3095137.0,15983335.0,2.087984,0.811167,SWE,DNK,0344
58549,209,64,677,2000.0,0.0,23759.0,0.265079,-0.277499,SWZ,DNK,0344
58550,215,64,677,2000.0,0.0,1685.0,-0.741812,-0.6781550000000001,TGO,DNK,0344
58551,216,64,677,2000.0,73592.0,20567.0,0.505423,1.358217,THA,DNK,0344
58552,224,64,677,2000.0,0.0,61787.0,0.127924,2.039773,TUR,DNK,0344
58553,227,64,677,2000.0,41745.0,0.0,-1.275188,-0.9400639999999999,UGA,DNK,0344
58554,228,64,677,2000.0,0.0,18244.0,0.622654,1.191971,UKR,DNK,0344
58555,231,64,677,2000.0,831768.0,11091463.0,1.9869709999999998,0.021666,USA,DNK,0344
58556,232,64,677,2000.0,0.0,5107.0,-0.487961,-0.64882,UZB,DNK,0344
58557,239,64,677,2000.0,55679.0,0.0,-0.589009,0.518708,VNM,DNK,0344
58558,248,64,677,2000.0,34995.0,0.0,-0.43871899999999997,0.491989,ZWE,DNK,0344
58559,249,64,677,2000.0,2242.0,128550.0,1.642139,1.2375639999999999,TWN,DNK,0344
58560,250,64,677,2000.0,1560.0,0.0,1.094325,-0.32521100000000003,ANS,DNK,0344
58561,18,67,677,2000.0,0.0,83607.0,1.382578,1.406981,BEL,ECU,0344
58562,39,67,677,2000.0,0.0,3514.0,1.069101,1.284017,CAN,ECU,0344
58563,42,67,677,2000.0,11325.0,26784.0,-0.011509,0.0031190000000000002,CHL,ECU,0344
58564,49,67,677,2000.0,0.0,1320474.0,0.12351400000000001,0.255517,COL,ECU,0344
58565,65,67,677,2000.0,0.0,61320.0,-0.5679569999999999,-0.61125,DOM,ECU,0344
58566,71,67,677,2000.0,0.0,46233.0,1.158711,1.7613189999999999,ESP,ECU,0344
58567,77,67,677,2000.0,0.0,220745.0,1.644969,0.56481,FRA,ECU,0344
58568,81,67,677,2000.0,0.0,2689.0,2.099928,0.564025,GBR,ECU,0344
58569,90,67,677,2000.0,0.0,50028.0,0.26193,1.607656,GRC,ECU,0344
58570,100,67,677,2000.0,0.0,25934.0,0.640015,1.1175899999999999,HRV,ECU,0344
58571,111,67,677,2000.0,0.0,3888.0,1.51508,0.818283,ITA,ECU,0344
58572,114,67,677,2000.0,0.0,163206.0,2.8218240000000003,0.255803,JPN,ECU,0344
58573,138,67,677,2000.0,0.0,449035.0,0.9020379999999999,0.671139,MEX,ECU,0344
58574,162,67,677,2000.0,0.0,43606.0,1.259257,1.595796,NLD,ECU,0344
58575,169,67,677,2000.0,3935.0,0.0,0.107412,0.41455600000000004,PAN,ECU,0344
58576,179,67,677,2000.0,0.0,46906.0,0.624078,1.342565,PRT,ECU,0344
58577,207,67,677,2000.0,0.0,36828.0,1.485695,1.122069,SVN,ECU,0344
58578,222,67,677,2000.0,0.0,23900.0,0.011104000000000001,-0.831385,TTO,ECU,0344
58579,231,67,677,2000.0,2081.0,12275757.0,1.9869709999999998,0.021666,USA,ECU,0344
58580,2,71,677,2000.0,131739.0,0.0,-1.9108209999999999,-1.2573379999999998,AGO,ESP,0344
58581,5,71,677,2000.0,0.0,353065.0,1.1846510000000001,0.816685,AND,ESP,0344
58582,7,71,677,2000.0,91026.0,0.0,-0.421385,-0.675566,ARE,ESP,0344
58583,8,71,677,2000.0,13918681.0,16854.0,0.140533,0.888049,ARG,ESP,0344
58584,15,71,677,2000.0,0.0,19093.0,1.823798,0.465513,AUT,ESP,0344
58585,18,71,677,2000.0,630380.0,105960.0,1.382578,1.406981,BEL,ESP,0344
58586,23,71,677,2000.0,0.0,24284.0,0.47338800000000003,1.7633599999999998,BGR,ESP,0344
58587,26,71,677,2000.0,0.0,48245.0,0.167776,0.32192,BIH,ESP,0344
58588,29,71,677,2000.0,193300.0,0.0,-0.762942,-0.794567,BLZ,ESP,0344
58589,32,71,677,2000.0,24916.0,309852.0,0.853466,1.28277,BRA,ESP,0344
58590,39,71,677,2000.0,46680.0,9166.0,1.069101,1.284017,CAN,ESP,0344
58591,41,71,677,2000.0,0.0,129965.0,2.268929,0.538191,CHE,ESP,0344
58592,42,71,677,2000.0,2551362.0,4230.0,-0.011509,0.0031190000000000002,CHL,ESP,0344
58593,43,71,677,2000.0,4229332.0,0.0,0.43423,2.461961,CHN,ESP,0344
58594,44,71,677,2000.0,6638.0,0.0,-0.7955,-0.7019989999999999,CIV,ESP,0344
58595,49,71,677,2000.0,589132.0,0.0,0.12351400000000001,0.255517,COL,ESP,0344
58596,52,71,677,2000.0,1542154.0,0.0,-0.136989,-0.190298,CRI,ESP,0344
58597,54,71,677,2000.0,0.0,523159.0,-0.800886,-1.133715,CUB,ESP,0344
58598,58,71,677,2000.0,0.0,79535.0,0.264835,0.268755,CYP,ESP,0344
58599,59,71,677,2000.0,24426.0,75232.0,1.526256,0.9255639999999999,CZE,ESP,0344
58600,61,71,677,2000.0,1954679.0,1112948.0,2.3753580000000003,-2.4481029999999997,DEU,ESP,0344
58601,64,71,677,2000.0,4753186.0,114756.0,1.312843,1.4304370000000002,DNK,ESP,0344
58602,65,71,677,2000.0,0.0,144408.0,-0.5679569999999999,-0.61125,DOM,ESP,0344
58603,66,71,677,2000.0,24932.0,915638.0,-0.9876940000000001,-1.194216,DZA,ESP,0344
58604,67,71,677,2000.0,46233.0,0.0,-1.016643,-0.8385469999999999,ECU,ESP,0344
58605,72,71,677,2000.0,0.0,133764.0,0.353545,0.665942,EST,ESP,0344
58606,74,71,677,2000.0,18887.0,15537.0,1.9705560000000002,0.874341,FIN,ESP,0344
58607,76,71,677,2000.0,2845465.0,0.0,0.10759,-0.8671260000000001,FLK,ESP,0344
58608,77,71,677,2000.0,4312941.0,10883477.0,1.644969,0.56481,FRA,ESP,0344
58609,78,71,677,2000.0,884363.0,0.0,-0.25500700000000004,-0.823207,FRO,ESP,0344
58610,81,71,677,2000.0,384134.0,6077325.0,2.099928,0.564025,GBR,ESP,0344
58611,84,71,677,2000.0,0.0,60345.0,0.726867,-0.177457,GIB,ESP,0344
58612,85,71,677,2000.0,1144.0,0.0,-1.632607,-1.261362,GIN,ESP,0344
58613,87,71,677,2000.0,5312.0,0.0,-0.33173400000000003,-0.43841499999999994,GMB,ESP,0344
58614,89,71,677,2000.0,0.0,1142.0,-2.374006,-1.056431,GNQ,ESP,0344
58615,90,71,677,2000.0,14141.0,1327566.0,0.26193,1.607656,GRC,ESP,0344
58616,92,71,677,2000.0,22817.0,0.0,-0.365398,-0.849985,GRL,ESP,0344
58617,93,71,677,2000.0,0.0,16629.0,-0.37711100000000003,0.191477,GTM,ESP,0344
58618,100,71,677,2000.0,0.0,139225.0,0.640015,1.1175899999999999,HRV,ESP,0344
58619,102,71,677,2000.0,0.0,115233.0,1.047497,1.284513,HUN,ESP,0344
58620,103,71,677,2000.0,405458.0,36137.0,0.05846799999999999,1.577531,IDN,ESP,0344
58621,104,71,677,2000.0,544511.0,0.0,0.323006,2.3446860000000003,IND,ESP,0344
58622,106,71,677,2000.0,99339.0,0.0,1.647548,0.34018899999999996,IRL,ESP,0344
58623,109,71,677,2000.0,11121118.0,0.0,-0.070436,-0.5575439999999999,ISL,ESP,0344
58624,110,71,677,2000.0,0.0,176357.0,1.4153870000000002,0.828117,ISR,ESP,0344
58625,111,71,677,2000.0,448773.0,17552536.0,1.51508,0.818283,ITA,ESP,0344
58626,113,71,677,2000.0,0.0,76521.0,0.677723,1.497694,JOR,ESP,0344
58627,114,71,677,2000.0,27995.0,19330802.0,2.8218240000000003,0.255803,JPN,ESP,0344
58628,116,71,677,2000.0,169121.0,0.0,-0.554244,-0.1757,KEN,ESP,0344
58629,121,71,677,2000.0,108024.0,347913.0,1.248356,1.000666,KOR,ESP,0344
58630,124,71,677,2000.0,0.0,1694.0,0.139623,1.095387,LBN,ESP,0344
58631,130,71,677,2000.0,0.0,893530.0,0.22767199999999999,0.794208,LTU,ESP,0344
58632,132,71,677,2000.0,0.0,52853.0,0.27229699999999996,0.402929,LVA,ESP,0344
58633,134,71,677,2000.0,186025.0,5845.0,-0.5460510000000001,-0.33865100000000004,MAR,ESP,0344
58634,135,71,677,2000.0,0.0,16715.0,0.039072,0.103148,MDA,ESP,0344
58635,138,71,677,2000.0,16009.0,44951.0,0.9020379999999999,0.671139,MEX,ESP,0344
58636,140,71,677,2000.0,0.0,18139.0,0.159675,0.429424,MKD,ESP,0344
58637,142,71,677,2000.0,0.0,32657.0,0.8771450000000001,-0.013614,MLT,ESP,0344
58638,148,71,677,2000.0,400567.0,0.0,-1.444615,-1.29284,MRT,ESP,0344
58639,155,71,677,2000.0,50444900.0,3258.0,-0.42796999999999996,-0.643361,NAM,ESP,0344
58640,160,71,677,2000.0,1742.0,0.0,-0.753571,-0.620488,NIC,ESP,0344
58641,162,71,677,2000.0,3940062.0,3457085.0,1.259257,1.595796,NLD,ESP,0344
58642,163,71,677,2000.0,708905.0,5055.0,0.6499050000000001,-0.177091,NOR,ESP,0344
58643,166,71,677,2000.0,2431694.0,61793.0,0.419671,0.809288,NZL,ESP,0344
58644,168,71,677,2000.0,129093.0,0.0,-0.76763,-0.435066,PAK,ESP,0344
58645,173,71,677,2000.0,693729.0,0.0,-0.390278,-0.018691,PER,ESP,0344
58646,177,71,677,2000.0,0.0,1336363.0,0.9513659999999999,1.8445669999999998,POL,ESP,0344
58647,179,71,677,2000.0,6608692.0,14058856.0,0.624078,1.342565,PRT,ESP,0344
58648,185,71,677,2000.0,0.0,47642.0,0.55594,1.054573,ROU,ESP,0344
58649,186,71,677,2000.0,240385.0,189801.0,0.765547,0.369255,RUS,ESP,0344
58650,189,71,677,2000.0,0.0,38369.0,0.484573,2.767036,SCG,ESP,0344
58651,191,71,677,2000.0,295099.0,1896.0,-0.449184,-0.375335,SEN,ESP,0344
58652,192,71,677,2000.0,86324.0,0.0,1.5432860000000002,0.519856,SGP,ESP,0344
58653,206,71,677,2000.0,0.0,66449.0,1.3226360000000001,1.1967809999999999,SVK,ESP,0344
58654,207,71,677,2000.0,0.0,99554.0,1.485695,1.122069,SVN,ESP,0344
58655,208,71,677,2000.0,328732.0,76728.0,2.087984,0.811167,SWE,ESP,0344
58656,216,71,677,2000.0,367345.0,0.0,0.505423,1.358217,THA,ESP,0344
58657,223,71,677,2000.0,0.0,81177.0,-0.061203999999999995,0.149345,TUN,ESP,0344
58658,224,71,677,2000.0,0.0,273923.0,0.127924,2.039773,TUR,ESP,0344
58659,226,71,677,2000.0,2830280.0,0.0,-1.14198,-0.368647,TZA,ESP,0344
58660,227,71,677,2000.0,18595.0,0.0,-1.275188,-0.9400639999999999,UGA,ESP,0344
58661,228,71,677,2000.0,0.0,162382.0,0.622654,1.191971,UKR,ESP,0344
58662,230,71,677,2000.0,233072.0,14669.0,0.18688,0.575136,URY,ESP,0344
58663,231,71,677,2000.0,1601747.0,619370.0,1.9869709999999998,0.021666,USA,ESP,0344
58664,236,71,677,2000.0,0.0,81921.0,-0.12500999999999998,-0.8610610000000001,VEN,ESP,0344
58665,237,71,677,2000.0,65773.0,0.0,0.583925,-0.110356,VGB,ESP,0344
58666,239,71,677,2000.0,128535.0,0.0,-0.589009,0.518708,VNM,ESP,0344
58667,246,71,677,2000.0,4946900.0,0.0,0.304739,2.2212709999999998,ZAF,ESP,0344
58668,250,71,677,2000.0,0.0,42058.0,1.094325,-0.32521100000000003,ANS,ESP,0344
58669,18,74,677,2000.0,15794.0,0.0,1.382578,1.406981,BEL,FIN,0344
58670,39,74,677,2000.0,40266.0,205455.0,1.069101,1.284017,CAN,FIN,0344
58671,41,74,677,2000.0,0.0,47484.0,2.268929,0.538191,CHE,FIN,0344
58672,43,74,677,2000.0,20355.0,0.0,0.43423,2.461961,CHN,FIN,0344
58673,61,74,677,2000.0,1239835.0,28489.0,2.3753580000000003,-2.4481029999999997,DEU,FIN,0344
58674,64,74,677,2000.0,1056452.0,6494.0,1.312843,1.4304370000000002,DNK,FIN,0344
58675,71,74,677,2000.0,15537.0,18887.0,1.158711,1.7613189999999999,ESP,FIN,0344
58676,72,74,677,2000.0,534326.0,113519.0,0.353545,0.665942,EST,FIN,0344
58677,77,74,677,2000.0,4681.0,0.0,1.644969,0.56481,FRA,FIN,0344
58678,78,74,677,2000.0,198759.0,0.0,-0.25500700000000004,-0.823207,FRO,FIN,0344
58679,81,74,677,2000.0,0.0,14026.0,2.099928,0.564025,GBR,FIN,0344
58680,90,74,677,2000.0,3120.0,0.0,0.26193,1.607656,GRC,FIN,0344
58681,103,74,677,2000.0,3443.0,0.0,0.05846799999999999,1.577531,IDN,FIN,0344
58682,109,74,677,2000.0,48615.0,0.0,-0.070436,-0.5575439999999999,ISL,FIN,0344
58683,111,74,677,2000.0,0.0,2585.0,1.51508,0.818283,ITA,FIN,0344
58684,114,74,677,2000.0,0.0,57794.0,2.8218240000000003,0.255803,JPN,FIN,0344
58685,162,74,677,2000.0,142892.0,0.0,1.259257,1.595796,NLD,FIN,0344
58686,163,74,677,2000.0,7268332.0,19996.0,0.6499050000000001,-0.177091,NOR,FIN,0344
58687,166,74,677,2000.0,1101.0,0.0,0.419671,0.809288,NZL,FIN,0344
58688,173,74,677,2000.0,189887.0,0.0,-0.390278,-0.018691,PER,FIN,0344
58689,186,74,677,2000.0,23799.0,34181.0,0.765547,0.369255,RUS,FIN,0344
58690,208,74,677,2000.0,272178.0,102990.0,2.087984,0.811167,SWE,FIN,0344
58691,228,74,677,2000.0,0.0,2087.0,0.622654,1.191971,UKR,FIN,0344
58692,231,74,677,2000.0,15777.0,0.0,1.9869709999999998,0.021666,USA,FIN,0344
58693,2,77,677,2000.0,0.0,12647.0,-1.9108209999999999,-1.2573379999999998,AGO,FRA,0344
58694,3,77,677,2000.0,0.0,1302.0,1.626272,0.420422,AIA,FRA,0344
58695,5,77,677,2000.0,0.0,1572.0,1.1846510000000001,0.816685,AND,FRA,0344
58696,6,77,677,2000.0,5378.0,0.0,0.25759099999999996,-0.555668,ANT,FRA,0344
58697,7,77,677,2000.0,7185.0,0.0,-0.421385,-0.675566,ARE,FRA,0344
58698,8,77,677,2000.0,6419590.0,0.0,0.140533,0.888049,ARG,FRA,0344
58699,14,77,677,2000.0,344063.0,0.0,0.039636000000000005,1.001203,AUS,FRA,0344
58700,15,77,677,2000.0,0.0,459083.0,1.823798,0.465513,AUT,FRA,0344
58701,16,77,677,2000.0,52037.0,0.0,-0.36515,-0.8104979999999999,AZE,FRA,0344
58702,18,77,677,2000.0,18321820.0,6319830.0,1.382578,1.406981,BEL,FRA,0344
58703,19,77,677,2000.0,29898.0,0.0,-0.8717870000000001,-0.788797,BEN,FRA,0344
58704,28,77,677,2000.0,12019.0,0.0,0.7323649999999999,1.1536170000000001,BLR,FRA,0344
58705,29,77,677,2000.0,1007.0,0.0,-0.762942,-0.794567,BLZ,FRA,0344
58706,32,77,677,2000.0,39968.0,0.0,0.853466,1.28277,BRA,FRA,0344
58707,39,77,677,2000.0,2662115.0,0.0,1.069101,1.284017,CAN,FRA,0344
58708,41,77,677,2000.0,10239.0,700681.0,2.268929,0.538191,CHE,FRA,0344
58709,42,77,677,2000.0,20777770.0,0.0,-0.011509,0.0031190000000000002,CHL,FRA,0344
58710,43,77,677,2000.0,27698496.0,5983.0,0.43423,2.461961,CHN,FRA,0344
58711,44,77,677,2000.0,145062.0,0.0,-0.7955,-0.7019989999999999,CIV,FRA,0344
58712,45,77,677,2000.0,104785.0,0.0,-1.6617520000000001,-1.264815,CMR,FRA,0344
58713,52,77,677,2000.0,77636.0,0.0,-0.136989,-0.190298,CRI,FRA,0344
58714,54,77,677,2000.0,1349.0,0.0,-0.800886,-1.133715,CUB,FRA,0344
58715,58,77,677,2000.0,0.0,1556.0,0.264835,0.268755,CYP,FRA,0344
58716,59,77,677,2000.0,0.0,24382.0,1.526256,0.9255639999999999,CZE,FRA,0344
58717,61,77,677,2000.0,64819708.0,6486021.0,2.3753580000000003,-2.4481029999999997,DEU,FRA,0344
58718,62,77,677,2000.0,0.0,3657.0,-0.108877,-0.305752,DJI,FRA,0344
58719,64,77,677,2000.0,21374488.0,827488.0,1.312843,1.4304370000000002,DNK,FRA,0344
58720,65,77,677,2000.0,0.0,1546.0,-0.5679569999999999,-0.61125,DOM,FRA,0344
58721,67,77,677,2000.0,220745.0,0.0,-1.016643,-0.8385469999999999,ECU,FRA,0344
58722,71,77,677,2000.0,10883477.0,4312941.0,1.158711,1.7613189999999999,ESP,FRA,0344
58723,72,77,677,2000.0,474122.0,1555.0,0.353545,0.665942,EST,FRA,0344
58724,74,77,677,2000.0,0.0,4681.0,1.9705560000000002,0.874341,FIN,FRA,0344
58725,75,77,677,2000.0,49780.0,0.0,-0.775963,-0.28976999999999997,FJI,FRA,0344
58726,78,77,677,2000.0,11898828.0,0.0,-0.25500700000000004,-0.823207,FRO,FRA,0344
58727,80,77,677,2000.0,0.0,18538.0,-0.798345,-1.1725450000000002,GAB,FRA,0344
58728,81,77,677,2000.0,11562349.0,1234785.0,2.099928,0.564025,GBR,FRA,0344
58729,82,77,677,2000.0,41124.0,0.0,0.335756,0.217348,GEO,FRA,0344
58730,87,77,677,2000.0,212905.0,0.0,-0.33173400000000003,-0.43841499999999994,GMB,FRA,0344
58731,90,77,677,2000.0,1444.0,29005.0,0.26193,1.607656,GRC,FRA,0344
58732,92,77,677,2000.0,118614.0,0.0,-0.365398,-0.849985,GRL,FRA,0344
58733,97,77,677,2000.0,0.0,6366.0,0.564112,1.776282,HKG,FRA,0344
58734,100,77,677,2000.0,0.0,53201.0,0.640015,1.1175899999999999,HRV,FRA,0344
58735,102,77,677,2000.0,0.0,1349.0,1.047497,1.284513,HUN,FRA,0344
58736,103,77,677,2000.0,845730.0,3499.0,0.05846799999999999,1.577531,IDN,FRA,0344
58737,104,77,677,2000.0,149284.0,0.0,0.323006,2.3446860000000003,IND,FRA,0344
58738,106,77,677,2000.0,1687366.0,9597.0,1.647548,0.34018899999999996,IRL,FRA,0344
58739,109,77,677,2000.0,29458486.0,40789.0,-0.070436,-0.5575439999999999,ISL,FRA,0344
58740,110,77,677,2000.0,0.0,2859.0,1.4153870000000002,0.828117,ISR,FRA,0344
58741,111,77,677,2000.0,418174.0,3290968.0,1.51508,0.818283,ITA,FRA,0344
58742,114,77,677,2000.0,0.0,809972.0,2.8218240000000003,0.255803,JPN,FRA,0344
58743,116,77,677,2000.0,19448.0,0.0,-0.554244,-0.1757,KEN,FRA,0344
58744,121,77,677,2000.0,0.0,959353.0,1.248356,1.000666,KOR,FRA,0344
58745,124,77,677,2000.0,0.0,268221.0,0.139623,1.095387,LBN,FRA,0344
58746,125,77,677,2000.0,0.0,1975.0,-0.763757,-1.1284129999999999,LBR,FRA,0344
58747,130,77,677,2000.0,1158439.0,0.0,0.22767199999999999,0.794208,LTU,FRA,0344
58748,131,77,677,2000.0,25129.0,356986.0,1.203242,1.0729790000000001,LUX,FRA,0344
58749,134,77,677,2000.0,251881.0,201579.0,-0.5460510000000001,-0.33865100000000004,MAR,FRA,0344
58750,135,77,677,2000.0,12313.0,6884.0,0.039072,0.103148,MDA,FRA,0344
58751,136,77,677,2000.0,5046.0,3377.0,-1.082986,-0.614482,MDG,FRA,0344
58752,148,77,677,2000.0,912522.0,0.0,-1.444615,-1.29284,MRT,FRA,0344
58753,151,77,677,2000.0,0.0,29891.0,-0.472778,-0.6301760000000001,MUS,FRA,0344
58754,153,77,677,2000.0,8726.0,1876.0,0.789007,0.16084600000000002,MYS,FRA,0344
58755,154,77,677,2000.0,0.0,12048.0,1.449263,-0.190901,MYT,FRA,0344
58756,155,77,677,2000.0,2093932.0,0.0,-0.42796999999999996,-0.643361,NAM,FRA,0344
58757,156,77,677,2000.0,0.0,66103.0,-0.138942,-0.903899,NCL,FRA,0344
58758,159,77,677,2000.0,861107.0,6377.0,-2.192487,-1.30587,NGA,FRA,0344
58759,162,77,677,2000.0,27875344.0,1458167.0,1.259257,1.595796,NLD,FRA,0344
58760,163,77,677,2000.0,40513940.0,118829.0,0.6499050000000001,-0.177091,NOR,FRA,0344
58761,166,77,677,2000.0,9660966.0,0.0,0.419671,0.809288,NZL,FRA,0344
58762,167,77,677,2000.0,31014.0,0.0,-1.291169,-1.3004040000000001,OMN,FRA,0344
58763,168,77,677,2000.0,152538.0,0.0,-0.76763,-0.435066,PAK,FRA,0344
58764,173,77,677,2000.0,3123767.0,0.0,-0.390278,-0.018691,PER,FRA,0344
58765,177,77,677,2000.0,8297712.0,26354.0,0.9513659999999999,1.8445669999999998,POL,FRA,0344
58766,179,77,677,2000.0,488424.0,108068.0,0.624078,1.342565,PRT,FRA,0344
58767,182,77,677,2000.0,649052.0,46491.0,-0.382787,-0.837533,PYF,FRA,0344
58768,183,77,677,2000.0,20136.0,0.0,-0.534754,-1.139729,QAT,FRA,0344
58769,186,77,677,2000.0,26678298.0,137807.0,0.765547,0.369255,RUS,FRA,0344
58770,189,77,677,2000.0,0.0,1740.0,0.484573,2.767036,SCG,FRA,0344
58771,191,77,677,2000.0,10950681.0,0.0,-0.449184,-0.375335,SEN,FRA,0344
58772,192,77,677,2000.0,336754.0,10373.0,1.5432860000000002,0.519856,SGP,FRA,0344
58773,205,77,677,2000.0,14208.0,0.0,-0.7238720000000001,-0.807254,SUR,FRA,0344
58774,207,77,677,2000.0,0.0,29364.0,1.485695,1.122069,SVN,FRA,0344
58775,208,77,677,2000.0,8162272.0,600571.0,2.087984,0.811167,SWE,FRA,0344
58776,216,77,677,2000.0,5199319.0,0.0,0.505423,1.358217,THA,FRA,0344
58777,219,77,677,2000.0,0.0,2236.0,-0.839936,-1.168236,TKM,FRA,0344
58778,223,77,677,2000.0,0.0,31132.0,-0.061203999999999995,0.149345,TUN,FRA,0344
58779,224,77,677,2000.0,74137.0,0.0,0.127924,2.039773,TUR,FRA,0344
58780,226,77,677,2000.0,288454.0,0.0,-1.14198,-0.368647,TZA,FRA,0344
58781,227,77,677,2000.0,21519.0,0.0,-1.275188,-0.9400639999999999,UGA,FRA,0344
58782,228,77,677,2000.0,0.0,10132.0,0.622654,1.191971,UKR,FRA,0344
58783,230,77,677,2000.0,2714969.0,0.0,0.18688,0.575136,URY,FRA,0344
58784,231,77,677,2000.0,4997244.0,80972.0,1.9869709999999998,0.021666,USA,FRA,0344
58785,234,77,677,2000.0,0.0,4034.0,0.216315,-0.206287,VCT,FRA,0344
58786,236,77,677,2000.0,13686.0,0.0,-0.12500999999999998,-0.8610610000000001,VEN,FRA,0344
58787,239,77,677,2000.0,1748793.0,25336.0,-0.589009,0.518708,VNM,FRA,0344
58788,241,77,677,2000.0,0.0,2077.0,0.747376,-0.617317,WLF,FRA,0344
58789,243,77,677,2000.0,614304.0,0.0,-1.6733,-1.292217,YEM,FRA,0344
58790,246,77,677,2000.0,5787941.0,7461.0,0.304739,2.2212709999999998,ZAF,FRA,0344
58791,248,77,677,2000.0,704407.0,0.0,-0.43871899999999997,0.491989,ZWE,FRA,0344
58792,249,77,677,2000.0,153931.0,0.0,1.642139,1.2375639999999999,TWN,FRA,0344
58793,250,77,677,2000.0,8451.0,0.0,1.094325,-0.32521100000000003,ANS,FRA,0344
58794,7,81,677,2000.0,0.0,62133.0,-0.421385,-0.675566,ARE,GBR,0344
58795,8,81,677,2000.0,932266.0,0.0,0.140533,0.888049,ARG,GBR,0344
58796,13,81,677,2000.0,0.0,7482.0,0.146899,-0.622011,ATG,GBR,0344
58797,14,81,677,2000.0,98399.0,819219.0,0.039636000000000005,1.001203,AUS,GBR,0344
58798,15,81,677,2000.0,0.0,41879.0,1.823798,0.465513,AUT,GBR,0344
58799,18,81,677,2000.0,124331.0,1938539.0,1.382578,1.406981,BEL,GBR,0344
58800,23,81,677,2000.0,0.0,11769.0,0.47338800000000003,1.7633599999999998,BGR,GBR,0344
58801,24,81,677,2000.0,0.0,17277.0,-0.270413,-0.882984,BHR,GBR,0344
58802,30,81,677,2000.0,0.0,2160.0,0.770323,-0.5255350000000001,BMU,GBR,0344
58803,32,81,677,2000.0,0.0,52485.0,0.853466,1.28277,BRA,GBR,0344
58804,33,81,677,2000.0,0.0,47574.0,0.610079,0.267843,BRB,GBR,0344
58805,39,81,677,2000.0,1749958.0,521769.0,1.069101,1.284017,CAN,GBR,0344
58806,41,81,677,2000.0,2995.0,1863.0,2.268929,0.538191,CHE,GBR,0344
58807,42,81,677,2000.0,5164678.0,0.0,-0.011509,0.0031190000000000002,CHL,GBR,0344
58808,43,81,677,2000.0,26823344.0,36039.0,0.43423,2.461961,CHN,GBR,0344
58809,44,81,677,2000.0,22715.0,0.0,-0.7955,-0.7019989999999999,CIV,GBR,0344
58810,58,81,677,2000.0,0.0,259728.0,0.264835,0.268755,CYP,GBR,0344
58811,59,81,677,2000.0,0.0,10482.0,1.526256,0.9255639999999999,CZE,GBR,0344
58812,61,81,677,2000.0,47688444.0,4712854.0,2.3753580000000003,-2.4481029999999997,DEU,GBR,0344
58813,64,81,677,2000.0,40616000.0,741029.0,1.312843,1.4304370000000002,DNK,GBR,0344
58814,66,81,677,2000.0,0.0,4495.0,-0.9876940000000001,-1.194216,DZA,GBR,0344
58815,67,81,677,2000.0,2689.0,0.0,-1.016643,-0.8385469999999999,ECU,GBR,0344
58816,71,81,677,2000.0,6077325.0,384134.0,1.158711,1.7613189999999999,ESP,GBR,0344
58817,72,81,677,2000.0,0.0,16007.0,0.353545,0.665942,EST,GBR,0344
58818,74,81,677,2000.0,14026.0,0.0,1.9705560000000002,0.874341,FIN,GBR,0344
58819,77,81,677,2000.0,1234785.0,11562349.0,1.644969,0.56481,FRA,GBR,0344
58820,78,81,677,2000.0,44393512.0,117939.0,-0.25500700000000004,-0.823207,FRO,GBR,0344
58821,83,81,677,2000.0,0.0,9002.0,-1.092586,-0.8195030000000001,GHA,GBR,0344
58822,84,81,677,2000.0,0.0,20820.0,0.726867,-0.177457,GIB,GBR,0344
58823,90,81,677,2000.0,0.0,134231.0,0.26193,1.607656,GRC,GBR,0344
58824,92,81,677,2000.0,2185861.0,0.0,-0.365398,-0.849985,GRL,GBR,0344
58825,97,81,677,2000.0,0.0,238606.0,0.564112,1.776282,HKG,GBR,0344
58826,99,81,677,2000.0,0.0,3162.0,-0.756031,-0.58392,HND,GBR,0344
58827,100,81,677,2000.0,0.0,21316.0,0.640015,1.1175899999999999,HRV,GBR,0344
58828,103,81,677,2000.0,1329022.0,59091.0,0.05846799999999999,1.577531,IDN,GBR,0344
58829,104,81,677,2000.0,190308.0,0.0,0.323006,2.3446860000000003,IND,GBR,0344
58830,106,81,677,2000.0,316259.0,6407823.0,1.647548,0.34018899999999996,IRL,GBR,0344
58831,109,81,677,2000.0,104304112.0,265191.0,-0.070436,-0.5575439999999999,ISL,GBR,0344
58832,110,81,677,2000.0,0.0,3574.0,1.4153870000000002,0.828117,ISR,GBR,0344
58833,111,81,677,2000.0,1940.0,408388.0,1.51508,0.818283,ITA,GBR,0344
58834,112,81,677,2000.0,0.0,24614.0,-0.724729,-0.91094,JAM,GBR,0344
58835,114,81,677,2000.0,0.0,870448.0,2.8218240000000003,0.255803,JPN,GBR,0344
58836,116,81,677,2000.0,38479.0,0.0,-0.554244,-0.1757,KEN,GBR,0344
58837,120,81,677,2000.0,0.0,1309.0,0.774566,-0.46352299999999996,KNA,GBR,0344
58838,121,81,677,2000.0,1405863.0,3245.0,1.248356,1.000666,KOR,GBR,0344
58839,122,81,677,2000.0,0.0,31938.0,-0.825533,-1.190257,KWT,GBR,0344
58840,127,81,677,2000.0,0.0,3104.0,-0.0033490000000000004,-0.6011340000000001,LCA,GBR,0344
58841,128,81,677,2000.0,106279.0,0.0,-0.497407,0.004686999999999999,LKA,GBR,0344
58842,130,81,677,2000.0,308024.0,78339.0,0.22767199999999999,0.794208,LTU,GBR,0344
58843,132,81,677,2000.0,0.0,5436.0,0.27229699999999996,0.402929,LVA,GBR,0344
58844,134,81,677,2000.0,0.0,101354.0,-0.5460510000000001,-0.33865100000000004,MAR,GBR,0344
58845,142,81,677,2000.0,0.0,62007.0,0.8771450000000001,-0.013614,MLT,GBR,0344
58846,143,81,677,2000.0,47812.0,0.0,-1.260786,-0.9277549999999999,MMR,GBR,0344
58847,153,81,677,2000.0,4267.0,0.0,0.789007,0.16084600000000002,MYS,GBR,0344
58848,155,81,677,2000.0,1284103.0,0.0,-0.42796999999999996,-0.643361,NAM,GBR,0344
58849,156,81,677,2000.0,0.0,1513.0,-0.138942,-0.903899,NCL,GBR,0344
58850,159,81,677,2000.0,24177.0,6418.0,-2.192487,-1.30587,NGA,GBR,0344
58851,162,81,677,2000.0,13782893.0,4531957.0,1.259257,1.595796,NLD,GBR,0344
58852,163,81,677,2000.0,112943808.0,523534.0,0.6499050000000001,-0.177091,NOR,GBR,0344
58853,166,81,677,2000.0,3717893.0,4816.0,0.419671,0.809288,NZL,GBR,0344
58854,167,81,677,2000.0,12237.0,1145.0,-1.291169,-1.3004040000000001,OMN,GBR,0344
58855,169,81,677,2000.0,7110.0,1113.0,0.107412,0.41455600000000004,PAN,GBR,0344
58856,173,81,677,2000.0,136354.0,0.0,-0.390278,-0.018691,PER,GBR,0344
58857,174,81,677,2000.0,5700.0,0.0,-0.010024,-0.368702,PHL,GBR,0344
58858,177,81,677,2000.0,5813037.0,1286434.0,0.9513659999999999,1.8445669999999998,POL,GBR,0344
58859,179,81,677,2000.0,1454115.0,213121.0,0.624078,1.342565,PRT,GBR,0344
58860,182,81,677,2000.0,54139.0,0.0,-0.382787,-0.837533,PYF,GBR,0344
58861,183,81,677,2000.0,0.0,16882.0,-0.534754,-1.139729,QAT,GBR,0344
58862,186,81,677,2000.0,58537880.0,675515.0,0.765547,0.369255,RUS,GBR,0344
58863,188,81,677,2000.0,0.0,72311.0,0.005864,-0.983202,SAU,GBR,0344
58864,192,81,677,2000.0,208004.0,72486.0,1.5432860000000002,0.519856,SGP,GBR,0344
58865,194,81,677,2000.0,75563.0,0.0,1.2709540000000001,0.296809,SHN,GBR,0344
58866,196,81,677,2000.0,0.0,7065.0,0.507205,-0.055387,SLE,GBR,0344
58867,206,81,677,2000.0,0.0,99447.0,1.3226360000000001,1.1967809999999999,SVK,GBR,0344
58868,207,81,677,2000.0,0.0,111405.0,1.485695,1.122069,SVN,GBR,0344
58869,208,81,677,2000.0,799256.0,91820.0,2.087984,0.811167,SWE,GBR,0344
58870,211,81,677,2000.0,21399.0,0.0,-0.868394,-0.9754459999999999,SYC,GBR,0344
58871,216,81,677,2000.0,242935.0,0.0,0.505423,1.358217,THA,GBR,0344
58872,224,81,677,2000.0,43297.0,3615.0,0.127924,2.039773,TUR,GBR,0344
58873,226,81,677,2000.0,65595.0,0.0,-1.14198,-0.368647,TZA,GBR,0344
58874,227,81,677,2000.0,24051.0,0.0,-1.275188,-0.9400639999999999,UGA,GBR,0344
58875,228,81,677,2000.0,0.0,12168.0,0.622654,1.191971,UKR,GBR,0344
58876,231,81,677,2000.0,2749475.0,841510.0,1.9869709999999998,0.021666,USA,GBR,0344
58877,236,81,677,2000.0,0.0,5769.0,-0.12500999999999998,-0.8610610000000001,VEN,GBR,0344
58878,239,81,677,2000.0,317445.0,0.0,-0.589009,0.518708,VNM,GBR,0344
58879,243,81,677,2000.0,291274.0,0.0,-1.6733,-1.292217,YEM,GBR,0344
58880,246,81,677,2000.0,2850672.0,17003.0,0.304739,2.2212709999999998,ZAF,GBR,0344
58881,249,81,677,2000.0,590456.0,11234.0,1.642139,1.2375639999999999,TWN,GBR,0344
58882,5,85,677,2000.0,0.0,5495.0,1.1846510000000001,0.816685,AND,GIN,0344
58883,71,85,677,2000.0,0.0,1144.0,1.158711,1.7613189999999999,ESP,GIN,0344
58884,114,85,677,2000.0,0.0,2101406.0,2.8218240000000003,0.255803,JPN,GIN,0344
58885,162,85,677,2000.0,0.0,48693.0,1.259257,1.595796,NLD,GIN,0344
58886,8,90,677,2000.0,546701.0,0.0,0.140533,0.888049,ARG,GRC,0344
58887,14,90,677,2000.0,80750.0,0.0,0.039636000000000005,1.001203,AUS,GRC,0344
58888,15,90,677,2000.0,3258.0,0.0,1.823798,0.465513,AUT,GRC,0344
58889,18,90,677,2000.0,14460.0,1641.0,1.382578,1.406981,BEL,GRC,0344
58890,23,90,677,2000.0,0.0,7570.0,0.47338800000000003,1.7633599999999998,BGR,GRC,0344
58891,25,90,677,2000.0,0.0,113674.0,0.7182970000000001,0.139012,BHS,GRC,0344
58892,26,90,677,2000.0,71663.0,0.0,0.167776,0.32192,BIH,GRC,0344
58893,43,90,677,2000.0,397720.0,0.0,0.43423,2.461961,CHN,GRC,0344
58894,52,90,677,2000.0,646198.0,0.0,-0.136989,-0.190298,CRI,GRC,0344
58895,58,90,677,2000.0,0.0,1798.0,0.264835,0.268755,CYP,GRC,0344
58896,61,90,677,2000.0,301642.0,38999.0,2.3753580000000003,-2.4481029999999997,DEU,GRC,0344
58897,64,90,677,2000.0,806443.0,0.0,1.312843,1.4304370000000002,DNK,GRC,0344
58898,67,90,677,2000.0,50028.0,0.0,-1.016643,-0.8385469999999999,ECU,GRC,0344
58899,71,90,677,2000.0,1327566.0,14141.0,1.158711,1.7613189999999999,ESP,GRC,0344
58900,74,90,677,2000.0,0.0,3120.0,1.9705560000000002,0.874341,FIN,GRC,0344
58901,77,90,677,2000.0,29005.0,1444.0,1.644969,0.56481,FRA,GRC,0344
58902,78,90,677,2000.0,24689.0,0.0,-0.25500700000000004,-0.823207,FRO,GRC,0344
58903,81,90,677,2000.0,134231.0,0.0,2.099928,0.564025,GBR,GRC,0344
58904,102,90,677,2000.0,0.0,1581.0,1.047497,1.284513,HUN,GRC,0344
58905,103,90,677,2000.0,27468.0,0.0,0.05846799999999999,1.577531,IDN,GRC,0344
58906,104,90,677,2000.0,45852.0,0.0,0.323006,2.3446860000000003,IND,GRC,0344
58907,106,90,677,2000.0,35904.0,0.0,1.647548,0.34018899999999996,IRL,GRC,0344
58908,109,90,677,2000.0,25914.0,0.0,-0.070436,-0.5575439999999999,ISL,GRC,0344
58909,111,90,677,2000.0,143608.0,84357.0,1.51508,0.818283,ITA,GRC,0344
58910,113,90,677,2000.0,0.0,1027.0,0.677723,1.497694,JOR,GRC,0344
58911,114,90,677,2000.0,24183.0,0.0,2.8218240000000003,0.255803,JPN,GRC,0344
58912,138,90,677,2000.0,1087.0,0.0,0.9020379999999999,0.671139,MEX,GRC,0344
58913,140,90,677,2000.0,0.0,2619.0,0.159675,0.429424,MKD,GRC,0344
58914,142,90,677,2000.0,0.0,19493.0,0.8771450000000001,-0.013614,MLT,GRC,0344
58915,155,90,677,2000.0,46112.0,0.0,-0.42796999999999996,-0.643361,NAM,GRC,0344
58916,162,90,677,2000.0,930133.0,13362.0,1.259257,1.595796,NLD,GRC,0344
58917,163,90,677,2000.0,294377.0,25423.0,0.6499050000000001,-0.177091,NOR,GRC,0344
58918,167,90,677,2000.0,59505.0,0.0,-1.291169,-1.3004040000000001,OMN,GRC,0344
58919,168,90,677,2000.0,50949.0,0.0,-0.76763,-0.435066,PAK,GRC,0344
58920,179,90,677,2000.0,22925.0,0.0,0.624078,1.342565,PRT,GRC,0344
58921,208,90,677,2000.0,0.0,16850.0,2.087984,0.811167,SWE,GRC,0344
58922,216,90,677,2000.0,73372.0,0.0,0.505423,1.358217,THA,GRC,0344
58923,224,90,677,2000.0,0.0,6724.0,0.127924,2.039773,TUR,GRC,0344
58924,226,90,677,2000.0,2876822.0,18157.0,-1.14198,-0.368647,TZA,GRC,0344
58925,227,90,677,2000.0,354890.0,0.0,-1.275188,-0.9400639999999999,UGA,GRC,0344
58926,231,90,677,2000.0,151117.0,132938.0,1.9869709999999998,0.021666,USA,GRC,0344
58927,246,90,677,2000.0,47849.0,0.0,0.304739,2.2212709999999998,ZAF,GRC,0344
58928,42,93,677,2000.0,86741.0,0.0,-0.011509,0.0031190000000000002,CHL,GTM,0344
58929,71,93,677,2000.0,16629.0,0.0,1.158711,1.7613189999999999,ESP,GTM,0344
58930,160,93,677,2000.0,4942.0,0.0,-0.753571,-0.620488,NIC,GTM,0344
58931,231,93,677,2000.0,72690.0,131288.0,1.9869709999999998,0.021666,USA,GTM,0344
58932,33,96,677,2000.0,0.0,15749.0,0.610079,0.267843,BRB,GUY,0344
58933,39,96,677,2000.0,0.0,34456.0,1.069101,1.284017,CAN,GUY,0344
58934,63,96,677,2000.0,0.0,2113.0,0.8950530000000001,0.295721,DMA,GUY,0344
58935,97,96,677,2000.0,0.0,4479.0,0.564112,1.776282,HKG,GUY,0344
58936,112,96,677,2000.0,0.0,670663.0,-0.724729,-0.91094,JAM,GUY,0344
58937,127,96,677,2000.0,0.0,14411.0,-0.0033490000000000004,-0.6011340000000001,LCA,GUY,0344
58938,222,96,677,2000.0,16093.0,0.0,0.011104000000000001,-0.831385,TTO,GUY,0344
58939,231,96,677,2000.0,0.0,1794390.0,1.9869709999999998,0.021666,USA,GUY,0344
58940,7,97,677,2000.0,26632.0,0.0,-0.421385,-0.675566,ARE,HKG,0344
58941,8,97,677,2000.0,1474369.0,0.0,0.140533,0.888049,ARG,HKG,0344
58942,14,97,677,2000.0,199609.0,16030.0,0.039636000000000005,1.001203,AUS,HKG,0344
58943,18,97,677,2000.0,0.0,81481.0,1.382578,1.406981,BEL,HKG,0344
58944,39,97,677,2000.0,25818.0,41616.0,1.069101,1.284017,CAN,HKG,0344
58945,41,97,677,2000.0,18628.0,0.0,2.268929,0.538191,CHE,HKG,0344
58946,42,97,677,2000.0,103772.0,0.0,-0.011509,0.0031190000000000002,CHL,HKG,0344
58947,43,97,677,2000.0,1536666.0,2632949.0,0.43423,2.461961,CHN,HKG,0344
58948,61,97,677,2000.0,207443.0,0.0,2.3753580000000003,-2.4481029999999997,DEU,HKG,0344
58949,64,97,677,2000.0,115790.0,0.0,1.312843,1.4304370000000002,DNK,HKG,0344
58950,77,97,677,2000.0,6366.0,0.0,1.644969,0.56481,FRA,HKG,0344
58951,81,97,677,2000.0,238606.0,0.0,2.099928,0.564025,GBR,HKG,0344
58952,96,97,677,2000.0,4479.0,0.0,-0.7425069999999999,-0.892847,GUY,HKG,0344
58953,103,97,677,2000.0,539319.0,22483.0,0.05846799999999999,1.577531,IDN,HKG,0344
58954,104,97,677,2000.0,56864.0,0.0,0.323006,2.3446860000000003,IND,HKG,0344
58955,114,97,677,2000.0,2777483.0,336647.0,2.8218240000000003,0.255803,JPN,HKG,0344
58956,116,97,677,2000.0,3002194.0,0.0,-0.554244,-0.1757,KEN,HKG,0344
58957,121,97,677,2000.0,94931.0,33420.0,1.248356,1.000666,KOR,HKG,0344
58958,133,97,677,2000.0,0.0,432970.0,-0.19656300000000002,-0.519896,MAC,HKG,0344
58959,143,97,677,2000.0,3114.0,0.0,-1.260786,-0.9277549999999999,MMR,HKG,0344
58960,153,97,677,2000.0,384404.0,1627.0,0.789007,0.16084600000000002,MYS,HKG,0344
58961,162,97,677,2000.0,3059.0,302345.0,1.259257,1.595796,NLD,HKG,0344
58962,163,97,677,2000.0,47356.0,0.0,0.6499050000000001,-0.177091,NOR,HKG,0344
58963,166,97,677,2000.0,13265999.0,0.0,0.419671,0.809288,NZL,HKG,0344
58964,174,97,677,2000.0,412206.0,12401.0,-0.010024,-0.368702,PHL,HKG,0344
58965,192,97,677,2000.0,432085.0,34767.0,1.5432860000000002,0.519856,SGP,HKG,0344
58966,208,97,677,2000.0,5326.0,0.0,2.087984,0.811167,SWE,HKG,0344
58967,216,97,677,2000.0,1344861.0,8027.0,0.505423,1.358217,THA,HKG,0344
58968,224,97,677,2000.0,6525.0,0.0,0.127924,2.039773,TUR,HKG,0344
58969,226,97,677,2000.0,182108.0,0.0,-1.14198,-0.368647,TZA,HKG,0344
58970,227,97,677,2000.0,175032.0,0.0,-1.275188,-0.9400639999999999,UGA,HKG,0344
58971,231,97,677,2000.0,515108.0,124673.0,1.9869709999999998,0.021666,USA,HKG,0344
58972,239,97,677,2000.0,4207121.0,0.0,-0.589009,0.518708,VNM,HKG,0344
58973,246,97,677,2000.0,123575.0,0.0,0.304739,2.2212709999999998,ZAF,HKG,0344
58974,249,97,677,2000.0,729032.0,24832.0,1.642139,1.2375639999999999,TWN,HKG,0344
58975,14,103,677,2000.0,54591.0,2031018.0,0.039636000000000005,1.001203,AUS,IDN,0344
58976,15,103,677,2000.0,0.0,11072.0,1.823798,0.465513,AUT,IDN,0344
58977,18,103,677,2000.0,0.0,1090369.0,1.382578,1.406981,BEL,IDN,0344
58978,23,103,677,2000.0,0.0,27014.0,0.47338800000000003,1.7633599999999998,BGR,IDN,0344
58979,24,103,677,2000.0,0.0,9179.0,-0.270413,-0.882984,BHR,IDN,0344
58980,39,103,677,2000.0,0.0,321071.0,1.069101,1.284017,CAN,IDN,0344
58981,41,103,677,2000.0,0.0,9304.0,2.268929,0.538191,CHE,IDN,0344
58982,43,103,677,2000.0,21798.0,1760726.0,0.43423,2.461961,CHN,IDN,0344
58983,58,103,677,2000.0,0.0,45422.0,0.264835,0.268755,CYP,IDN,0344
58984,59,103,677,2000.0,0.0,10915.0,1.526256,0.9255639999999999,CZE,IDN,0344
58985,61,103,677,2000.0,0.0,727041.0,2.3753580000000003,-2.4481029999999997,DEU,IDN,0344
58986,64,103,677,2000.0,0.0,207239.0,1.312843,1.4304370000000002,DNK,IDN,0344
58987,65,103,677,2000.0,0.0,195716.0,-0.5679569999999999,-0.61125,DOM,IDN,0344
58988,71,103,677,2000.0,36137.0,405458.0,1.158711,1.7613189999999999,ESP,IDN,0344
58989,74,103,677,2000.0,0.0,3443.0,1.9705560000000002,0.874341,FIN,IDN,0344
58990,77,103,677,2000.0,3499.0,845730.0,1.644969,0.56481,FRA,IDN,0344
58991,81,103,677,2000.0,59091.0,1329022.0,2.099928,0.564025,GBR,IDN,0344
58992,90,103,677,2000.0,0.0,27468.0,0.26193,1.607656,GRC,IDN,0344
58993,97,103,677,2000.0,22483.0,539319.0,0.564112,1.776282,HKG,IDN,0344
58994,102,103,677,2000.0,0.0,3080.0,1.047497,1.284513,HUN,IDN,0344
58995,109,103,677,2000.0,0.0,12358.0,-0.070436,-0.5575439999999999,ISL,IDN,0344
58996,111,103,677,2000.0,0.0,50943.0,1.51508,0.818283,ITA,IDN,0344
58997,114,103,677,2000.0,30625.0,8606034.0,2.8218240000000003,0.255803,JPN,IDN,0344
58998,116,103,677,2000.0,66472.0,0.0,-0.554244,-0.1757,KEN,IDN,0344
58999,121,103,677,2000.0,15780.0,1268292.0,1.248356,1.000666,KOR,IDN,0344
59000,124,103,677,2000.0,0.0,14888.0,0.139623,1.095387,LBN,IDN,0344
59001,138,103,677,2000.0,0.0,10361.0,0.9020379999999999,0.671139,MEX,IDN,0344
59002,141,103,677,2000.0,0.0,9220.0,-0.38716799999999996,-0.511165,MLI,IDN,0344
59003,153,103,677,2000.0,70012.0,357451.0,0.789007,0.16084600000000002,MYS,IDN,0344
59004,157,103,677,2000.0,0.0,12567.0,-0.8181390000000001,-0.527107,NER,IDN,0344
59005,162,103,677,2000.0,97301.0,1541864.0,1.259257,1.595796,NLD,IDN,0344
59006,163,103,677,2000.0,2722.0,37738.0,0.6499050000000001,-0.177091,NOR,IDN,0344
59007,166,103,677,2000.0,67747.0,0.0,0.419671,0.809288,NZL,IDN,0344
59008,174,103,677,2000.0,0.0,47325.0,-0.010024,-0.368702,PHL,IDN,0344
59009,179,103,677,2000.0,0.0,16876.0,0.624078,1.342565,PRT,IDN,0344
59010,186,103,677,2000.0,0.0,4469.0,0.765547,0.369255,RUS,IDN,0344
59011,192,103,677,2000.0,21719.0,1993542.0,1.5432860000000002,0.519856,SGP,IDN,0344
59012,208,103,677,2000.0,0.0,34501.0,2.087984,0.811167,SWE,IDN,0344
59013,216,103,677,2000.0,138736.0,124222.0,0.505423,1.358217,THA,IDN,0344
59014,220,103,677,2000.0,0.0,3913.0,-0.552758,-0.964945,TLS,IDN,0344
59015,226,103,677,2000.0,114221.0,0.0,-1.14198,-0.368647,TZA,IDN,0344
59016,228,103,677,2000.0,0.0,5332.0,0.622654,1.191971,UKR,IDN,0344
59017,231,103,677,2000.0,139523.0,36721620.0,1.9869709999999998,0.021666,USA,IDN,0344
59018,236,103,677,2000.0,0.0,34817.0,-0.12500999999999998,-0.8610610000000001,VEN,IDN,0344
59019,239,103,677,2000.0,212961.0,59999.0,-0.589009,0.518708,VNM,IDN,0344
59020,249,103,677,2000.0,46844.0,111883.0,1.642139,1.2375639999999999,TWN,IDN,0344
59021,7,104,677,2000.0,0.0,501479.0,-0.421385,-0.675566,ARE,IND,0344
59022,14,104,677,2000.0,0.0,37698.0,0.039636000000000005,1.001203,AUS,IND,0344
59023,18,104,677,2000.0,0.0,3195.0,1.382578,1.406981,BEL,IND,0344
59024,24,104,677,2000.0,0.0,14505.0,-0.270413,-0.882984,BHR,IND,0344
59025,39,104,677,2000.0,0.0,37798.0,1.069101,1.284017,CAN,IND,0344
59026,42,104,677,2000.0,0.0,62396.0,-0.011509,0.0031190000000000002,CHL,IND,0344
59027,43,104,677,2000.0,0.0,1225693.0,0.43423,2.461961,CHN,IND,0344
59028,58,104,677,2000.0,0.0,16339.0,0.264835,0.268755,CYP,IND,0344
59029,61,104,677,2000.0,1816.0,11361.0,2.3753580000000003,-2.4481029999999997,DEU,IND,0344
59030,71,104,677,2000.0,0.0,544511.0,1.158711,1.7613189999999999,ESP,IND,0344
59031,77,104,677,2000.0,0.0,149284.0,1.644969,0.56481,FRA,IND,0344
59032,81,104,677,2000.0,0.0,190308.0,2.099928,0.564025,GBR,IND,0344
59033,90,104,677,2000.0,0.0,45852.0,0.26193,1.607656,GRC,IND,0344
59034,97,104,677,2000.0,0.0,56864.0,0.564112,1.776282,HKG,IND,0344
59035,102,104,677,2000.0,0.0,2112.0,1.047497,1.284513,HUN,IND,0344
59036,110,104,677,2000.0,0.0,23422.0,1.4153870000000002,0.828117,ISR,IND,0344
59037,111,104,677,2000.0,0.0,611569.0,1.51508,0.818283,ITA,IND,0344
59038,114,104,677,2000.0,9497.0,1280711.0,2.8218240000000003,0.255803,JPN,IND,0344
59039,121,104,677,2000.0,0.0,20036.0,1.248356,1.000666,KOR,IND,0344
59040,122,104,677,2000.0,0.0,37673.0,-0.825533,-1.190257,KWT,IND,0344
59041,124,104,677,2000.0,0.0,4649.0,0.139623,1.095387,LBN,IND,0344
59042,128,104,677,2000.0,0.0,19342.0,-0.497407,0.004686999999999999,LKA,IND,0344
59043,138,104,677,2000.0,0.0,1400.0,0.9020379999999999,0.671139,MEX,IND,0344
59044,151,104,677,2000.0,0.0,14619.0,-0.472778,-0.6301760000000001,MUS,IND,0344
59045,153,104,677,2000.0,0.0,43927.0,0.789007,0.16084600000000002,MYS,IND,0344
59046,154,104,677,2000.0,0.0,1368.0,1.449263,-0.190901,MYT,IND,0344
59047,162,104,677,2000.0,0.0,101661.0,1.259257,1.595796,NLD,IND,0344
59048,163,104,677,2000.0,2373.0,0.0,0.6499050000000001,-0.177091,NOR,IND,0344
59049,166,104,677,2000.0,0.0,6984.0,0.419671,0.809288,NZL,IND,0344
59050,169,104,677,2000.0,0.0,20152.0,0.107412,0.41455600000000004,PAN,IND,0344
59051,174,104,677,2000.0,0.0,12650.0,-0.010024,-0.368702,PHL,IND,0344
59052,178,104,677,2000.0,0.0,1658.0,0.795818,1.089874,PRK,IND,0344
59053,183,104,677,2000.0,0.0,10114.0,-0.534754,-1.139729,QAT,IND,0344
59054,188,104,677,2000.0,0.0,1972.0,0.005864,-0.983202,SAU,IND,0344
59055,192,104,677,2000.0,0.0,30984.0,1.5432860000000002,0.519856,SGP,IND,0344
59056,207,104,677,2000.0,0.0,1146.0,1.485695,1.122069,SVN,IND,0344
59057,216,104,677,2000.0,0.0,34562.0,0.505423,1.358217,THA,IND,0344
59058,231,104,677,2000.0,0.0,849547.0,1.9869709999999998,0.021666,USA,IND,0344
59059,236,104,677,2000.0,0.0,3170.0,-0.12500999999999998,-0.8610610000000001,VEN,IND,0344
59060,249,104,677,2000.0,0.0,518687.0,1.642139,1.2375639999999999,TWN,IND,0344
59061,15,106,677,2000.0,0.0,19015.0,1.823798,0.465513,AUT,IRL,0344
59062,18,106,677,2000.0,103581.0,152050.0,1.382578,1.406981,BEL,IRL,0344
59063,39,106,677,2000.0,0.0,67622.0,1.069101,1.284017,CAN,IRL,0344
59064,41,106,677,2000.0,0.0,137664.0,2.268929,0.538191,CHE,IRL,0344
59065,59,106,677,2000.0,0.0,142718.0,1.526256,0.9255639999999999,CZE,IRL,0344
59066,61,106,677,2000.0,10506.0,4921726.0,2.3753580000000003,-2.4481029999999997,DEU,IRL,0344
59067,64,106,677,2000.0,7085061.0,209401.0,1.312843,1.4304370000000002,DNK,IRL,0344
59068,71,106,677,2000.0,0.0,99339.0,1.158711,1.7613189999999999,ESP,IRL,0344
59069,77,106,677,2000.0,9597.0,1687366.0,1.644969,0.56481,FRA,IRL,0344
59070,78,106,677,2000.0,15621.0,0.0,-0.25500700000000004,-0.823207,FRO,IRL,0344
59071,81,106,677,2000.0,6407823.0,316259.0,2.099928,0.564025,GBR,IRL,0344
59072,90,106,677,2000.0,0.0,35904.0,0.26193,1.607656,GRC,IRL,0344
59073,100,106,677,2000.0,0.0,1302.0,0.640015,1.1175899999999999,HRV,IRL,0344
59074,109,106,677,2000.0,34335.0,0.0,-0.070436,-0.5575439999999999,ISL,IRL,0344
59075,110,106,677,2000.0,55361.0,82249.0,1.4153870000000002,0.828117,ISR,IRL,0344
59076,111,106,677,2000.0,0.0,43502.0,1.51508,0.818283,ITA,IRL,0344
59077,114,106,677,2000.0,0.0,2115329.0,2.8218240000000003,0.255803,JPN,IRL,0344
59078,116,106,677,2000.0,50560.0,0.0,-0.554244,-0.1757,KEN,IRL,0344
59079,121,106,677,2000.0,0.0,269970.0,1.248356,1.000666,KOR,IRL,0344
59080,130,106,677,2000.0,1813.0,0.0,0.22767199999999999,0.794208,LTU,IRL,0344
59081,134,106,677,2000.0,0.0,9135.0,-0.5460510000000001,-0.33865100000000004,MAR,IRL,0344
59082,153,106,677,2000.0,0.0,5278.0,0.789007,0.16084600000000002,MYS,IRL,0344
59083,159,106,677,2000.0,0.0,86587.0,-2.192487,-1.30587,NGA,IRL,0344
59084,162,106,677,2000.0,1882270.0,169954.0,1.259257,1.595796,NLD,IRL,0344
59085,163,106,677,2000.0,29310.0,88593.0,0.6499050000000001,-0.177091,NOR,IRL,0344
59086,177,106,677,2000.0,6614.0,1424918.0,0.9513659999999999,1.8445669999999998,POL,IRL,0344
59087,179,106,677,2000.0,11113.0,13225.0,0.624078,1.342565,PRT,IRL,0344
59088,185,106,677,2000.0,0.0,386062.0,0.55594,1.054573,ROU,IRL,0344
59089,186,106,677,2000.0,0.0,14161.0,0.765547,0.369255,RUS,IRL,0344
59090,206,106,677,2000.0,0.0,233994.0,1.3226360000000001,1.1967809999999999,SVK,IRL,0344
59091,207,106,677,2000.0,0.0,2390.0,1.485695,1.122069,SVN,IRL,0344
59092,208,106,677,2000.0,0.0,458618.0,2.087984,0.811167,SWE,IRL,0344
59093,226,106,677,2000.0,1557612.0,0.0,-1.14198,-0.368647,TZA,IRL,0344
59094,231,106,677,2000.0,15107.0,51759.0,1.9869709999999998,0.021666,USA,IRL,0344
59095,250,106,677,2000.0,64980.0,145125.0,1.094325,-0.32521100000000003,ANS,IRL,0344
59096,7,107,677,2000.0,0.0,1631.0,-0.421385,-0.675566,ARE,IRN,0344
59097,41,107,677,2000.0,0.0,38566.0,2.268929,0.538191,CHE,IRN,0344
59098,61,107,677,2000.0,0.0,29089.0,2.3753580000000003,-2.4481029999999997,DEU,IRN,0344
59099,114,107,677,2000.0,0.0,2687.0,2.8218240000000003,0.255803,JPN,IRN,0344
59100,131,107,677,2000.0,0.0,25750.0,1.203242,1.0729790000000001,LUX,IRN,0344
59101,179,107,677,2000.0,0.0,11469.0,0.624078,1.342565,PRT,IRN,0344
59102,8,111,677,2000.0,5930142.0,0.0,0.140533,0.888049,ARG,ITA,0344
59103,15,111,677,2000.0,146862.0,26469.0,1.823798,0.465513,AUT,ITA,0344
59104,18,111,677,2000.0,1179450.0,10469.0,1.382578,1.406981,BEL,ITA,0344
59105,39,111,677,2000.0,79419.0,0.0,1.069101,1.284017,CAN,ITA,0344
59106,41,111,677,2000.0,0.0,50982.0,2.268929,0.538191,CHE,ITA,0344
59107,42,111,677,2000.0,3678786.0,0.0,-0.011509,0.0031190000000000002,CHL,ITA,0344
59108,43,111,677,2000.0,1481679.0,0.0,0.43423,2.461961,CHN,ITA,0344
59109,59,111,677,2000.0,0.0,75525.0,1.526256,0.9255639999999999,CZE,ITA,0344
59110,61,111,677,2000.0,8012634.0,191961.0,2.3753580000000003,-2.4481029999999997,DEU,ITA,0344
59111,64,111,677,2000.0,5567668.0,37052.0,1.312843,1.4304370000000002,DNK,ITA,0344
59112,66,111,677,2000.0,0.0,11697.0,-0.9876940000000001,-1.194216,DZA,ITA,0344
59113,67,111,677,2000.0,3888.0,0.0,-1.016643,-0.8385469999999999,ECU,ITA,0344
59114,68,111,677,2000.0,0.0,24012.0,-0.365578,0.01634,EGY,ITA,0344
59115,71,111,677,2000.0,17552536.0,448773.0,1.158711,1.7613189999999999,ESP,ITA,0344
59116,72,111,677,2000.0,14349.0,0.0,0.353545,0.665942,EST,ITA,0344
59117,74,111,677,2000.0,2585.0,0.0,1.9705560000000002,0.874341,FIN,ITA,0344
59118,77,111,677,2000.0,3290968.0,418174.0,1.644969,0.56481,FRA,ITA,0344
59119,81,111,677,2000.0,408388.0,1940.0,2.099928,0.564025,GBR,ITA,0344
59120,83,111,677,2000.0,5623.0,0.0,-1.092586,-0.8195030000000001,GHA,ITA,0344
59121,90,111,677,2000.0,84357.0,143608.0,0.26193,1.607656,GRC,ITA,0344
59122,100,111,677,2000.0,0.0,58416.0,0.640015,1.1175899999999999,HRV,ITA,0344
59123,102,111,677,2000.0,0.0,66567.0,1.047497,1.284513,HUN,ITA,0344
59124,103,111,677,2000.0,50943.0,0.0,0.05846799999999999,1.577531,IDN,ITA,0344
59125,104,111,677,2000.0,611569.0,0.0,0.323006,2.3446860000000003,IND,ITA,0344
59126,106,111,677,2000.0,43502.0,0.0,1.647548,0.34018899999999996,IRL,ITA,0344
59127,109,111,677,2000.0,11812.0,0.0,-0.070436,-0.5575439999999999,ISL,ITA,0344
59128,114,111,677,2000.0,610744.0,7776158.0,2.8218240000000003,0.255803,JPN,ITA,0344
59129,121,111,677,2000.0,51171.0,220374.0,1.248356,1.000666,KOR,ITA,0344
59130,131,111,677,2000.0,84677.0,0.0,1.203242,1.0729790000000001,LUX,ITA,0344
59131,134,111,677,2000.0,16306.0,0.0,-0.5460510000000001,-0.33865100000000004,MAR,ITA,0344
59132,135,111,677,2000.0,0.0,1917.0,0.039072,0.103148,MDA,ITA,0344
59133,142,111,677,2000.0,0.0,19064.0,0.8771450000000001,-0.013614,MLT,ITA,0344
59134,148,111,677,2000.0,169723.0,0.0,-1.444615,-1.29284,MRT,ITA,0344
59135,153,111,677,2000.0,7017.0,0.0,0.789007,0.16084600000000002,MYS,ITA,0344
59136,155,111,677,2000.0,1329806.0,0.0,-0.42796999999999996,-0.643361,NAM,ITA,0344
59137,162,111,677,2000.0,51487084.0,4486.0,1.259257,1.595796,NLD,ITA,0344
59138,163,111,677,2000.0,1456615.0,0.0,0.6499050000000001,-0.177091,NOR,ITA,0344
59139,166,111,677,2000.0,877335.0,0.0,0.419671,0.809288,NZL,ITA,0344
59140,168,111,677,2000.0,39213.0,0.0,-0.76763,-0.435066,PAK,ITA,0344
59141,173,111,677,2000.0,744123.0,0.0,-0.390278,-0.018691,PER,ITA,0344
59142,179,111,677,2000.0,10964.0,0.0,0.624078,1.342565,PRT,ITA,0344
59143,186,111,677,2000.0,73265.0,0.0,0.765547,0.369255,RUS,ITA,0344
59144,189,111,677,2000.0,0.0,22751.0,0.484573,2.767036,SCG,ITA,0344
59145,191,111,677,2000.0,3396004.0,0.0,-0.449184,-0.375335,SEN,ITA,0344
59146,192,111,677,2000.0,423133.0,0.0,1.5432860000000002,0.519856,SGP,ITA,0344
59147,207,111,677,2000.0,0.0,236220.0,1.485695,1.122069,SVN,ITA,0344
59148,208,111,677,2000.0,1160307.0,0.0,2.087984,0.811167,SWE,ITA,0344
59149,216,111,677,2000.0,563448.0,0.0,0.505423,1.358217,THA,ITA,0344
59150,219,111,677,2000.0,0.0,1365.0,-0.839936,-1.168236,TKM,ITA,0344
59151,223,111,677,2000.0,0.0,48936.0,-0.061203999999999995,0.149345,TUN,ITA,0344
59152,224,111,677,2000.0,262842.0,0.0,0.127924,2.039773,TUR,ITA,0344
59153,226,111,677,2000.0,609186.0,0.0,-1.14198,-0.368647,TZA,ITA,0344
59154,230,111,677,2000.0,11038219.0,0.0,0.18688,0.575136,URY,ITA,0344
59155,231,111,677,2000.0,149640.0,2911.0,1.9869709999999998,0.021666,USA,ITA,0344
59156,239,111,677,2000.0,81290.0,0.0,-0.589009,0.518708,VNM,ITA,0344
59157,246,111,677,2000.0,11828398.0,50069.0,0.304739,2.2212709999999998,ZAF,ITA,0344
59158,249,111,677,2000.0,29730.0,0.0,1.642139,1.2375639999999999,TWN,ITA,0344
59159,2,114,677,2000.0,5684.0,0.0,-1.9108209999999999,-1.2573379999999998,AGO,JPN,0344
59160,7,114,677,2000.0,0.0,10836.0,-0.421385,-0.675566,ARE,JPN,0344
59161,8,114,677,2000.0,12987384.0,0.0,0.140533,0.888049,ARG,JPN,0344
59162,14,114,677,2000.0,2680092.0,10517.0,0.039636000000000005,1.001203,AUS,JPN,0344
59163,18,114,677,2000.0,225265.0,0.0,1.382578,1.406981,BEL,JPN,0344
59164,22,114,677,2000.0,32375.0,0.0,-0.8757879999999999,-0.95126,BGD,JPN,0344
59165,29,114,677,2000.0,120910.0,0.0,-0.762942,-0.794567,BLZ,JPN,0344
59166,32,114,677,2000.0,10706.0,0.0,0.853466,1.28277,BRA,JPN,0344
59167,39,114,677,2000.0,3494809.0,125849.0,1.069101,1.284017,CAN,JPN,0344
59168,41,114,677,2000.0,0.0,8182.0,2.268929,0.538191,CHE,JPN,0344
59169,42,114,677,2000.0,97848784.0,4328.0,-0.011509,0.0031190000000000002,CHL,JPN,0344
59170,43,114,677,2000.0,160107264.0,996981.0,0.43423,2.461961,CHN,JPN,0344
59171,61,114,677,2000.0,482275.0,495066.0,2.3753580000000003,-2.4481029999999997,DEU,JPN,0344
59172,64,114,677,2000.0,587673.0,0.0,1.312843,1.4304370000000002,DNK,JPN,0344
59173,67,114,677,2000.0,163206.0,0.0,-1.016643,-0.8385469999999999,ECU,JPN,0344
59174,71,114,677,2000.0,19330802.0,27995.0,1.158711,1.7613189999999999,ESP,JPN,0344
59175,74,114,677,2000.0,57794.0,0.0,1.9705560000000002,0.874341,FIN,JPN,0344
59176,75,114,677,2000.0,67336.0,0.0,-0.775963,-0.28976999999999997,FJI,JPN,0344
59177,77,114,677,2000.0,809972.0,0.0,1.644969,0.56481,FRA,JPN,0344
59178,78,114,677,2000.0,22466.0,0.0,-0.25500700000000004,-0.823207,FRO,JPN,0344
59179,81,114,677,2000.0,870448.0,0.0,2.099928,0.564025,GBR,JPN,0344
59180,85,114,677,2000.0,2101406.0,0.0,-1.632607,-1.261362,GIN,JPN,0344
59181,90,114,677,2000.0,0.0,24183.0,0.26193,1.607656,GRC,JPN,0344
59182,92,114,677,2000.0,231179.0,0.0,-0.365398,-0.849985,GRL,JPN,0344
59183,95,114,677,2000.0,47806.0,160927.0,-0.235483,-0.92404,GUM,JPN,0344
59184,97,114,677,2000.0,336647.0,2777483.0,0.564112,1.776282,HKG,JPN,0344
59185,99,114,677,2000.0,10059852.0,0.0,-0.756031,-0.58392,HND,JPN,0344
59186,100,114,677,2000.0,219325.0,0.0,0.640015,1.1175899999999999,HRV,JPN,0344
59187,103,114,677,2000.0,8606034.0,30625.0,0.05846799999999999,1.577531,IDN,JPN,0344
59188,104,114,677,2000.0,1280711.0,9497.0,0.323006,2.3446860000000003,IND,JPN,0344
59189,106,114,677,2000.0,2115329.0,0.0,1.647548,0.34018899999999996,IRL,JPN,0344
59190,107,114,677,2000.0,2687.0,0.0,-0.8148770000000001,-1.040305,IRN,JPN,0344
59191,109,114,677,2000.0,2426209.0,0.0,-0.070436,-0.5575439999999999,ISL,JPN,0344
59192,111,114,677,2000.0,7776158.0,610744.0,1.51508,0.818283,ITA,JPN,0344
59193,116,114,677,2000.0,4416774.0,0.0,-0.554244,-0.1757,KEN,JPN,0344
59194,118,114,677,2000.0,164023.0,0.0,-0.9248430000000001,-1.071231,KHM,JPN,0344
59195,121,114,677,2000.0,51358164.0,3324501.0,1.248356,1.000666,KOR,JPN,0344
59196,122,114,677,2000.0,0.0,4895.0,-0.825533,-1.190257,KWT,JPN,0344
59197,134,114,677,2000.0,3710681.0,0.0,-0.5460510000000001,-0.33865100000000004,MAR,JPN,0344
59198,138,114,677,2000.0,147984.0,156215.0,0.9020379999999999,0.671139,MEX,JPN,0344
59199,142,114,677,2000.0,2305796.0,0.0,0.8771450000000001,-0.013614,MLT,JPN,0344
59200,143,114,677,2000.0,149334.0,0.0,-1.260786,-0.9277549999999999,MMR,JPN,0344
59201,146,114,677,2000.0,0.0,76297.0,0.223586,-0.596917,MNP,JPN,0344
59202,151,114,677,2000.0,2791.0,0.0,-0.472778,-0.6301760000000001,MUS,JPN,0344
59203,153,114,677,2000.0,33865.0,219105.0,0.789007,0.16084600000000002,MYS,JPN,0344
59204,155,114,677,2000.0,29837.0,0.0,-0.42796999999999996,-0.643361,NAM,JPN,0344
59205,162,114,677,2000.0,189846.0,954979.0,1.259257,1.595796,NLD,JPN,0344
59206,163,114,677,2000.0,47472508.0,89424.0,0.6499050000000001,-0.177091,NOR,JPN,0344
59207,166,114,677,2000.0,27046974.0,937230.0,0.419671,0.809288,NZL,JPN,0344
59208,167,114,677,2000.0,73601.0,0.0,-1.291169,-1.3004040000000001,OMN,JPN,0344
59209,168,114,677,2000.0,292728.0,0.0,-0.76763,-0.435066,PAK,JPN,0344
59210,169,114,677,2000.0,14052016.0,0.0,0.107412,0.41455600000000004,PAN,JPN,0344
59211,173,114,677,2000.0,368768.0,0.0,-0.390278,-0.018691,PER,JPN,0344
59212,174,114,677,2000.0,3540190.0,17358.0,-0.010024,-0.368702,PHL,JPN,0344
59213,177,114,677,2000.0,348937.0,0.0,0.9513659999999999,1.8445669999999998,POL,JPN,0344
59214,178,114,677,2000.0,0.0,8360.0,0.795818,1.089874,PRK,JPN,0344
59215,179,114,677,2000.0,21521.0,0.0,0.624078,1.342565,PRT,JPN,0344
59216,186,114,677,2000.0,1125933.0,110504.0,0.765547,0.369255,RUS,JPN,0344
59217,191,114,677,2000.0,175268.0,0.0,-0.449184,-0.375335,SEN,JPN,0344
59218,192,114,677,2000.0,1394753.0,1970405.0,1.5432860000000002,0.519856,SGP,JPN,0344
59219,216,114,677,2000.0,58455804.0,780792.0,0.505423,1.358217,THA,JPN,0344
59220,223,114,677,2000.0,804394.0,0.0,-0.061203999999999995,0.149345,TUN,JPN,0344
59221,226,114,677,2000.0,5408252.0,0.0,-1.14198,-0.368647,TZA,JPN,0344
59222,227,114,677,2000.0,3905911.0,0.0,-1.275188,-0.9400639999999999,UGA,JPN,0344
59223,228,114,677,2000.0,17893.0,0.0,0.622654,1.191971,UKR,JPN,0344
59224,230,114,677,2000.0,2702.0,0.0,0.18688,0.575136,URY,JPN,0344
59225,231,114,677,2000.0,9759247.0,15823472.0,1.9869709999999998,0.021666,USA,JPN,0344
59226,236,114,677,2000.0,0.0,2941.0,-0.12500999999999998,-0.8610610000000001,VEN,JPN,0344
59227,239,114,677,2000.0,12131450.0,0.0,-0.589009,0.518708,VNM,JPN,0344
59228,246,114,677,2000.0,169280.0,38273.0,0.304739,2.2212709999999998,ZAF,JPN,0344
59229,249,114,677,2000.0,5822152.0,204022.0,1.642139,1.2375639999999999,TWN,JPN,0344
59230,14,118,677,2000.0,0.0,8339.0,0.039636000000000005,1.001203,AUS,KHM,0344
59231,114,118,677,2000.0,0.0,164023.0,2.8218240000000003,0.255803,JPN,KHM,0344
59232,192,118,677,2000.0,1119.0,0.0,1.5432860000000002,0.519856,SGP,KHM,0344
59233,231,118,677,2000.0,2192.0,0.0,1.9869709999999998,0.021666,USA,KHM,0344
59234,8,121,677,2000.0,37802.0,0.0,0.140533,0.888049,ARG,KOR,0344
59235,14,121,677,2000.0,66542.0,39667.0,0.039636000000000005,1.001203,AUS,KOR,0344
59236,18,121,677,2000.0,0.0,43897.0,1.382578,1.406981,BEL,KOR,0344
59237,24,121,677,2000.0,0.0,17479.0,-0.270413,-0.882984,BHR,KOR,0344
59238,32,121,677,2000.0,149272.0,55674.0,0.853466,1.28277,BRA,KOR,0344
59239,39,121,677,2000.0,183078.0,677342.0,1.069101,1.284017,CAN,KOR,0344
59240,42,121,677,2000.0,357327.0,0.0,-0.011509,0.0031190000000000002,CHL,KOR,0344
59241,43,121,677,2000.0,18237324.0,409893.0,0.43423,2.461961,CHN,KOR,0344
59242,52,121,677,2000.0,35079.0,0.0,-0.136989,-0.190298,CRI,KOR,0344
59243,58,121,677,2000.0,0.0,3553.0,0.264835,0.268755,CYP,KOR,0344
59244,61,121,677,2000.0,16259.0,138781.0,2.3753580000000003,-2.4481029999999997,DEU,KOR,0344
59245,64,121,677,2000.0,7875.0,0.0,1.312843,1.4304370000000002,DNK,KOR,0344
59246,71,121,677,2000.0,347913.0,108024.0,1.158711,1.7613189999999999,ESP,KOR,0344
59247,77,121,677,2000.0,959353.0,0.0,1.644969,0.56481,FRA,KOR,0344
59248,81,121,677,2000.0,3245.0,1405863.0,2.099928,0.564025,GBR,KOR,0344
59249,89,121,677,2000.0,100901.0,0.0,-2.374006,-1.056431,GNQ,KOR,0344
59250,97,121,677,2000.0,33420.0,94931.0,0.564112,1.776282,HKG,KOR,0344
59251,100,121,677,2000.0,0.0,4903.0,0.640015,1.1175899999999999,HRV,KOR,0344
59252,103,121,677,2000.0,1268292.0,15780.0,0.05846799999999999,1.577531,IDN,KOR,0344
59253,104,121,677,2000.0,20036.0,0.0,0.323006,2.3446860000000003,IND,KOR,0344
59254,106,121,677,2000.0,269970.0,0.0,1.647548,0.34018899999999996,IRL,KOR,0344
59255,111,121,677,2000.0,220374.0,51171.0,1.51508,0.818283,ITA,KOR,0344
59256,114,121,677,2000.0,3324501.0,51358164.0,2.8218240000000003,0.255803,JPN,KOR,0344
59257,116,121,677,2000.0,141529.0,0.0,-0.554244,-0.1757,KEN,KOR,0344
59258,134,121,677,2000.0,547712.0,0.0,-0.5460510000000001,-0.33865100000000004,MAR,KOR,0344
59259,138,121,677,2000.0,0.0,7981.0,0.9020379999999999,0.671139,MEX,KOR,0344
59260,142,121,677,2000.0,2732211.0,11508.0,0.8771450000000001,-0.013614,MLT,KOR,0344
59261,151,121,677,2000.0,14184.0,0.0,-0.472778,-0.6301760000000001,MUS,KOR,0344
59262,153,121,677,2000.0,3643.0,33089.0,0.789007,0.16084600000000002,MYS,KOR,0344
59263,162,121,677,2000.0,0.0,112494.0,1.259257,1.595796,NLD,KOR,0344
59264,163,121,677,2000.0,87978.0,50601.0,0.6499050000000001,-0.177091,NOR,KOR,0344
59265,166,121,677,2000.0,1067253.0,0.0,0.419671,0.809288,NZL,KOR,0344
59266,168,121,677,2000.0,41459.0,0.0,-0.76763,-0.435066,PAK,KOR,0344
59267,173,121,677,2000.0,104513.0,0.0,-0.390278,-0.018691,PER,KOR,0344
59268,174,121,677,2000.0,210174.0,61649.0,-0.010024,-0.368702,PHL,KOR,0344
59269,186,121,677,2000.0,489598.0,2872.0,0.765547,0.369255,RUS,KOR,0344
59270,191,121,677,2000.0,4025.0,0.0,-0.449184,-0.375335,SEN,KOR,0344
59271,192,121,677,2000.0,3419764.0,82265.0,1.5432860000000002,0.519856,SGP,KOR,0344
59272,206,121,677,2000.0,0.0,3536.0,1.3226360000000001,1.1967809999999999,SVK,KOR,0344
59273,216,121,677,2000.0,2380032.0,0.0,0.505423,1.358217,THA,KOR,0344
59274,226,121,677,2000.0,30058.0,0.0,-1.14198,-0.368647,TZA,KOR,0344
59275,227,121,677,2000.0,184893.0,0.0,-1.275188,-0.9400639999999999,UGA,KOR,0344
59276,231,121,677,2000.0,9021277.0,2885865.0,1.9869709999999998,0.021666,USA,KOR,0344
59277,239,121,677,2000.0,511985.0,0.0,-0.589009,0.518708,VNM,KOR,0344
59278,249,121,677,2000.0,3191989.0,3985.0,1.642139,1.2375639999999999,TWN,KOR,0344
59279,7,124,677,2000.0,23173.0,0.0,-0.421385,-0.675566,ARE,LBN,0344
59280,8,124,677,2000.0,133881.0,0.0,0.140533,0.888049,ARG,LBN,0344
59281,28,124,677,2000.0,27822.0,0.0,0.7323649999999999,1.1536170000000001,BLR,LBN,0344
59282,43,124,677,2000.0,24465.0,0.0,0.43423,2.461961,CHN,LBN,0344
59283,58,124,677,2000.0,36904.0,0.0,0.264835,0.268755,CYP,LBN,0344
59284,61,124,677,2000.0,21134.0,3992.0,2.3753580000000003,-2.4481029999999997,DEU,LBN,0344
59285,71,124,677,2000.0,1694.0,0.0,1.158711,1.7613189999999999,ESP,LBN,0344
59286,77,124,677,2000.0,268221.0,0.0,1.644969,0.56481,FRA,LBN,0344
59287,103,124,677,2000.0,14888.0,0.0,0.05846799999999999,1.577531,IDN,LBN,0344
59288,104,124,677,2000.0,4649.0,0.0,0.323006,2.3446860000000003,IND,LBN,0344
59289,162,124,677,2000.0,42588.0,0.0,1.259257,1.595796,NLD,LBN,0344
59290,163,124,677,2000.0,14173.0,0.0,0.6499050000000001,-0.177091,NOR,LBN,0344
59291,166,124,677,2000.0,171036.0,0.0,0.419671,0.809288,NZL,LBN,0344
59292,168,124,677,2000.0,10496.0,0.0,-0.76763,-0.435066,PAK,LBN,0344
59293,174,124,677,2000.0,39097.0,0.0,-0.010024,-0.368702,PHL,LBN,0344
59294,191,124,677,2000.0,40145.0,0.0,-0.449184,-0.375335,SEN,LBN,0344
59295,216,124,677,2000.0,1919.0,0.0,0.505423,1.358217,THA,LBN,0344
59296,239,124,677,2000.0,3476.0,0.0,-0.589009,0.518708,VNM,LBN,0344
59297,246,124,677,2000.0,15075.0,0.0,0.304739,2.2212709999999998,ZAF,LBN,0344
59298,8,138,677,2000.0,826399.0,0.0,0.140533,0.888049,ARG,MEX,0344
59299,39,138,677,2000.0,13800.0,0.0,1.069101,1.284017,CAN,MEX,0344
59300,42,138,677,2000.0,3751662.0,0.0,-0.011509,0.0031190000000000002,CHL,MEX,0344
59301,43,138,677,2000.0,800210.0,22262.0,0.43423,2.461961,CHN,MEX,0344
59302,52,138,677,2000.0,57428.0,0.0,-0.136989,-0.190298,CRI,MEX,0344
59303,67,138,677,2000.0,449035.0,0.0,-1.016643,-0.8385469999999999,ECU,MEX,0344
59304,71,138,677,2000.0,44951.0,16009.0,1.158711,1.7613189999999999,ESP,MEX,0344
59305,90,138,677,2000.0,0.0,1087.0,0.26193,1.607656,GRC,MEX,0344
59306,103,138,677,2000.0,10361.0,0.0,0.05846799999999999,1.577531,IDN,MEX,0344
59307,104,138,677,2000.0,1400.0,0.0,0.323006,2.3446860000000003,IND,MEX,0344
59308,114,138,677,2000.0,156215.0,147984.0,2.8218240000000003,0.255803,JPN,MEX,0344
59309,116,138,677,2000.0,47792.0,0.0,-0.554244,-0.1757,KEN,MEX,0344
59310,121,138,677,2000.0,7981.0,0.0,1.248356,1.000666,KOR,MEX,0344
59311,160,138,677,2000.0,382765.0,0.0,-0.753571,-0.620488,NIC,MEX,0344
59312,163,138,677,2000.0,29360.0,0.0,0.6499050000000001,-0.177091,NOR,MEX,0344
59313,166,138,677,2000.0,3081.0,0.0,0.419671,0.809288,NZL,MEX,0344
59314,173,138,677,2000.0,105386.0,0.0,-0.390278,-0.018691,PER,MEX,0344
59315,174,138,677,2000.0,31574.0,0.0,-0.010024,-0.368702,PHL,MEX,0344
59316,178,138,677,2000.0,3341.0,0.0,0.795818,1.089874,PRK,MEX,0344
59317,179,138,677,2000.0,2292.0,0.0,0.624078,1.342565,PRT,MEX,0344
59318,192,138,677,2000.0,226819.0,40622.0,1.5432860000000002,0.519856,SGP,MEX,0344
59319,226,138,677,2000.0,43858.0,0.0,-1.14198,-0.368647,TZA,MEX,0344
59320,227,138,677,2000.0,39343.0,0.0,-1.275188,-0.9400639999999999,UGA,MEX,0344
59321,230,138,677,2000.0,658335.0,0.0,0.18688,0.575136,URY,MEX,0344
59322,231,138,677,2000.0,3704184.0,526130.0,1.9869709999999998,0.021666,USA,MEX,0344
59323,236,138,677,2000.0,13093.0,0.0,-0.12500999999999998,-0.8610610000000001,VEN,MEX,0344
59324,239,138,677,2000.0,12700.0,0.0,-0.589009,0.518708,VNM,MEX,0344
59325,249,138,677,2000.0,914943.0,0.0,1.642139,1.2375639999999999,TWN,MEX,0344
59326,8,153,677,2000.0,86429.0,0.0,0.140533,0.888049,ARG,MYS,0344
59327,14,153,677,2000.0,105274.0,213550.0,0.039636000000000005,1.001203,AUS,MYS,0344
59328,18,153,677,2000.0,14838.0,0.0,1.382578,1.406981,BEL,MYS,0344
59329,24,153,677,2000.0,0.0,1947.0,-0.270413,-0.882984,BHR,MYS,0344
59330,34,153,677,2000.0,0.0,13825.0,-1.690871,-1.122819,BRN,MYS,0344
59331,39,153,677,2000.0,0.0,43692.0,1.069101,1.284017,CAN,MYS,0344
59332,42,153,677,2000.0,146011.0,0.0,-0.011509,0.0031190000000000002,CHL,MYS,0344
59333,43,153,677,2000.0,466439.0,13246.0,0.43423,2.461961,CHN,MYS,0344
59334,59,153,677,2000.0,0.0,11304.0,1.526256,0.9255639999999999,CZE,MYS,0344
59335,61,153,677,2000.0,7602.0,30054.0,2.3753580000000003,-2.4481029999999997,DEU,MYS,0344
59336,64,153,677,2000.0,30229.0,0.0,1.312843,1.4304370000000002,DNK,MYS,0344
59337,77,153,677,2000.0,1876.0,8726.0,1.644969,0.56481,FRA,MYS,0344
59338,81,153,677,2000.0,0.0,4267.0,2.099928,0.564025,GBR,MYS,0344
59339,97,153,677,2000.0,1627.0,384404.0,0.564112,1.776282,HKG,MYS,0344
59340,103,153,677,2000.0,357451.0,70012.0,0.05846799999999999,1.577531,IDN,MYS,0344
59341,104,153,677,2000.0,43927.0,0.0,0.323006,2.3446860000000003,IND,MYS,0344
59342,106,153,677,2000.0,5278.0,0.0,1.647548,0.34018899999999996,IRL,MYS,0344
59343,111,153,677,2000.0,0.0,7017.0,1.51508,0.818283,ITA,MYS,0344
59344,114,153,677,2000.0,219105.0,33865.0,2.8218240000000003,0.255803,JPN,MYS,0344
59345,116,153,677,2000.0,827975.0,0.0,-0.554244,-0.1757,KEN,MYS,0344
59346,121,153,677,2000.0,33089.0,3643.0,1.248356,1.000666,KOR,MYS,0344
59347,142,153,677,2000.0,0.0,1349.0,0.8771450000000001,-0.013614,MLT,MYS,0344
59348,143,153,677,2000.0,26915.0,0.0,-1.260786,-0.9277549999999999,MMR,MYS,0344
59349,151,153,677,2000.0,152123.0,0.0,-0.472778,-0.6301760000000001,MUS,MYS,0344
59350,155,153,677,2000.0,45895.0,0.0,-0.42796999999999996,-0.643361,NAM,MYS,0344
59351,162,153,677,2000.0,10096.0,0.0,1.259257,1.595796,NLD,MYS,0344
59352,163,153,677,2000.0,173696.0,0.0,0.6499050000000001,-0.177091,NOR,MYS,0344
59353,166,153,677,2000.0,1170659.0,5615.0,0.419671,0.809288,NZL,MYS,0344
59354,168,153,677,2000.0,2899.0,0.0,-0.76763,-0.435066,PAK,MYS,0344
59355,174,153,677,2000.0,0.0,45356.0,-0.010024,-0.368702,PHL,MYS,0344
59356,188,153,677,2000.0,1128.0,0.0,0.005864,-0.983202,SAU,MYS,0344
59357,192,153,677,2000.0,656575.0,1196976.0,1.5432860000000002,0.519856,SGP,MYS,0344
59358,195,153,677,2000.0,7701.0,0.0,-0.673555,-0.8710319999999999,SLB,MYS,0344
59359,216,153,677,2000.0,19296.0,1749.0,0.505423,1.358217,THA,MYS,0344
59360,226,153,677,2000.0,33929.0,0.0,-1.14198,-0.368647,TZA,MYS,0344
59361,227,153,677,2000.0,360546.0,0.0,-1.275188,-0.9400639999999999,UGA,MYS,0344
59362,230,153,677,2000.0,103836.0,0.0,0.18688,0.575136,URY,MYS,0344
59363,231,153,677,2000.0,49609.0,23171.0,1.9869709999999998,0.021666,USA,MYS,0344
59364,239,153,677,2000.0,68957.0,0.0,-0.589009,0.518708,VNM,MYS,0344
59365,246,153,677,2000.0,428349.0,0.0,0.304739,2.2212709999999998,ZAF,MYS,0344
59366,249,153,677,2000.0,6531.0,0.0,1.642139,1.2375639999999999,TWN,MYS,0344
59367,0,162,677,2000.0,0.0,30440.0,-0.197305,-0.888491,ABW,NLD,0344
59368,2,162,677,2000.0,0.0,59899.0,-1.9108209999999999,-1.2573379999999998,AGO,NLD,0344
59369,5,162,677,2000.0,0.0,4430.0,1.1846510000000001,0.816685,AND,NLD,0344
59370,6,162,677,2000.0,0.0,234108.0,0.25759099999999996,-0.555668,ANT,NLD,0344
59371,7,162,677,2000.0,0.0,48780.0,-0.421385,-0.675566,ARE,NLD,0344
59372,8,162,677,2000.0,2149016.0,0.0,0.140533,0.888049,ARG,NLD,0344
59373,14,162,677,2000.0,174901.0,207231.0,0.039636000000000005,1.001203,AUS,NLD,0344
59374,15,162,677,2000.0,0.0,1270467.0,1.823798,0.465513,AUT,NLD,0344
59375,16,162,677,2000.0,0.0,7311.0,-0.36515,-0.8104979999999999,AZE,NLD,0344
59376,18,162,677,2000.0,12509634.0,5890328.0,1.382578,1.406981,BEL,NLD,0344
59377,23,162,677,2000.0,0.0,24423.0,0.47338800000000003,1.7633599999999998,BGR,NLD,0344
59378,24,162,677,2000.0,0.0,6172.0,-0.270413,-0.882984,BHR,NLD,0344
59379,26,162,677,2000.0,0.0,26727.0,0.167776,0.32192,BIH,NLD,0344
59380,28,162,677,2000.0,0.0,11342.0,0.7323649999999999,1.1536170000000001,BLR,NLD,0344
59381,34,162,677,2000.0,0.0,1853.0,-1.690871,-1.122819,BRN,NLD,0344
59382,39,162,677,2000.0,73098.0,1359681.0,1.069101,1.284017,CAN,NLD,0344
59383,41,162,677,2000.0,0.0,2544662.0,2.268929,0.538191,CHE,NLD,0344
59384,42,162,677,2000.0,4921862.0,0.0,-0.011509,0.0031190000000000002,CHL,NLD,0344
59385,43,162,677,2000.0,12779381.0,23873.0,0.43423,2.461961,CHN,NLD,0344
59386,47,162,677,2000.0,0.0,2766.0,-1.7116900000000002,-1.270469,COG,NLD,0344
59387,58,162,677,2000.0,0.0,458689.0,0.264835,0.268755,CYP,NLD,0344
59388,59,162,677,2000.0,0.0,106120.0,1.526256,0.9255639999999999,CZE,NLD,0344
59389,61,162,677,2000.0,21254090.0,31517910.0,2.3753580000000003,-2.4481029999999997,DEU,NLD,0344
59390,64,162,677,2000.0,4832965.0,3118261.0,1.312843,1.4304370000000002,DNK,NLD,0344
59391,67,162,677,2000.0,43606.0,0.0,-1.016643,-0.8385469999999999,ECU,NLD,0344
59392,68,162,677,2000.0,0.0,33971.0,-0.365578,0.01634,EGY,NLD,0344
59393,69,162,677,2000.0,483747.0,0.0,0.159365,-0.437571,ERI,NLD,0344
59394,71,162,677,2000.0,3457085.0,3940062.0,1.158711,1.7613189999999999,ESP,NLD,0344
59395,72,162,677,2000.0,257016.0,26897.0,0.353545,0.665942,EST,NLD,0344
59396,74,162,677,2000.0,0.0,142892.0,1.9705560000000002,0.874341,FIN,NLD,0344
59397,77,162,677,2000.0,1458167.0,27875344.0,1.644969,0.56481,FRA,NLD,0344
59398,78,162,677,2000.0,2012123.0,0.0,-0.25500700000000004,-0.823207,FRO,NLD,0344
59399,80,162,677,2000.0,0.0,14343.0,-0.798345,-1.1725450000000002,GAB,NLD,0344
59400,81,162,677,2000.0,4531957.0,13782893.0,2.099928,0.564025,GBR,NLD,0344
59401,82,162,677,2000.0,0.0,5454.0,0.335756,0.217348,GEO,NLD,0344
59402,83,162,677,2000.0,18568.0,2009.0,-1.092586,-0.8195030000000001,GHA,NLD,0344
59403,84,162,677,2000.0,0.0,13830.0,0.726867,-0.177457,GIB,NLD,0344
59404,85,162,677,2000.0,48693.0,0.0,-1.632607,-1.261362,GIN,NLD,0344
59405,87,162,677,2000.0,74338.0,0.0,-0.33173400000000003,-0.43841499999999994,GMB,NLD,0344
59406,90,162,677,2000.0,13362.0,930133.0,0.26193,1.607656,GRC,NLD,0344
59407,97,162,677,2000.0,302345.0,3059.0,0.564112,1.776282,HKG,NLD,0344
59408,100,162,677,2000.0,0.0,28405.0,0.640015,1.1175899999999999,HRV,NLD,0344
59409,102,162,677,2000.0,0.0,226713.0,1.047497,1.284513,HUN,NLD,0344
59410,103,162,677,2000.0,1541864.0,97301.0,0.05846799999999999,1.577531,IDN,NLD,0344
59411,104,162,677,2000.0,101661.0,0.0,0.323006,2.3446860000000003,IND,NLD,0344
59412,106,162,677,2000.0,169954.0,1882270.0,1.647548,0.34018899999999996,IRL,NLD,0344
59413,109,162,677,2000.0,29089344.0,136553.0,-0.070436,-0.5575439999999999,ISL,NLD,0344
59414,110,162,677,2000.0,125214.0,4261189.0,1.4153870000000002,0.828117,ISR,NLD,0344
59415,111,162,677,2000.0,4486.0,51487084.0,1.51508,0.818283,ITA,NLD,0344
59416,113,162,677,2000.0,0.0,17473.0,0.677723,1.497694,JOR,NLD,0344
59417,114,162,677,2000.0,954979.0,189846.0,2.8218240000000003,0.255803,JPN,NLD,0344
59418,115,162,677,2000.0,0.0,37347.0,-0.16554100000000002,-0.70523,KAZ,NLD,0344
59419,116,162,677,2000.0,67717.0,0.0,-0.554244,-0.1757,KEN,NLD,0344
59420,121,162,677,2000.0,112494.0,0.0,1.248356,1.000666,KOR,NLD,0344
59421,124,162,677,2000.0,0.0,42588.0,0.139623,1.095387,LBN,NLD,0344
59422,126,162,677,2000.0,0.0,30390.0,-0.8606719999999999,-1.188626,LBY,NLD,0344
59423,130,162,677,2000.0,62585.0,249506.0,0.22767199999999999,0.794208,LTU,NLD,0344
59424,132,162,677,2000.0,0.0,4363.0,0.27229699999999996,0.402929,LVA,NLD,0344
59425,134,162,677,2000.0,37224.0,11716.0,-0.5460510000000001,-0.33865100000000004,MAR,NLD,0344
59426,136,162,677,2000.0,2709.0,0.0,-1.082986,-0.614482,MDG,NLD,0344
59427,140,162,677,2000.0,0.0,8384.0,0.159675,0.429424,MKD,NLD,0344
59428,142,162,677,2000.0,0.0,50755.0,0.8771450000000001,-0.013614,MLT,NLD,0344
59429,153,162,677,2000.0,0.0,10096.0,0.789007,0.16084600000000002,MYS,NLD,0344
59430,155,162,677,2000.0,1908288.0,0.0,-0.42796999999999996,-0.643361,NAM,NLD,0344
59431,159,162,677,2000.0,331535.0,5701.0,-2.192487,-1.30587,NGA,NLD,0344
59432,163,162,677,2000.0,4048292.0,77373.0,0.6499050000000001,-0.177091,NOR,NLD,0344
59433,166,162,677,2000.0,1074891.0,2206.0,0.419671,0.809288,NZL,NLD,0344
59434,167,162,677,2000.0,26112.0,0.0,-1.291169,-1.3004040000000001,OMN,NLD,0344
59435,168,162,677,2000.0,195484.0,0.0,-0.76763,-0.435066,PAK,NLD,0344
59436,173,162,677,2000.0,878830.0,10134.0,-0.390278,-0.018691,PER,NLD,0344
59437,174,162,677,2000.0,85619.0,0.0,-0.010024,-0.368702,PHL,NLD,0344
59438,177,162,677,2000.0,6581988.0,520237.0,0.9513659999999999,1.8445669999999998,POL,NLD,0344
59439,179,162,677,2000.0,10792.0,816162.0,0.624078,1.342565,PRT,NLD,0344
59440,186,162,677,2000.0,4379412.0,190375.0,0.765547,0.369255,RUS,NLD,0344
59441,188,162,677,2000.0,0.0,23693.0,0.005864,-0.983202,SAU,NLD,0344
59442,189,162,677,2000.0,0.0,6348.0,0.484573,2.767036,SCG,NLD,0344
59443,191,162,677,2000.0,276544.0,0.0,-0.449184,-0.375335,SEN,NLD,0344
59444,192,162,677,2000.0,1034135.0,17343.0,1.5432860000000002,0.519856,SGP,NLD,0344
59445,196,162,677,2000.0,0.0,37324.0,0.507205,-0.055387,SLE,NLD,0344
59446,205,162,677,2000.0,105830.0,0.0,-0.7238720000000001,-0.807254,SUR,NLD,0344
59447,206,162,677,2000.0,0.0,72910.0,1.3226360000000001,1.1967809999999999,SVK,NLD,0344
59448,207,162,677,2000.0,0.0,110729.0,1.485695,1.122069,SVN,NLD,0344
59449,208,162,677,2000.0,575140.0,8827592.0,2.087984,0.811167,SWE,NLD,0344
59450,211,162,677,2000.0,8541.0,0.0,-0.868394,-0.9754459999999999,SYC,NLD,0344
59451,216,162,677,2000.0,2213932.0,0.0,0.505423,1.358217,THA,NLD,0344
59452,224,162,677,2000.0,310276.0,51842.0,0.127924,2.039773,TUR,NLD,0344
59453,226,162,677,2000.0,8106926.0,0.0,-1.14198,-0.368647,TZA,NLD,0344
59454,227,162,677,2000.0,381040.0,0.0,-1.275188,-0.9400639999999999,UGA,NLD,0344
59455,228,162,677,2000.0,0.0,69802.0,0.622654,1.191971,UKR,NLD,0344
59456,230,162,677,2000.0,211551.0,0.0,0.18688,0.575136,URY,NLD,0344
59457,231,162,677,2000.0,1008584.0,7304572.0,1.9869709999999998,0.021666,USA,NLD,0344
59458,236,162,677,2000.0,37703.0,92717.0,-0.12500999999999998,-0.8610610000000001,VEN,NLD,0344
59459,239,162,677,2000.0,1659234.0,0.0,-0.589009,0.518708,VNM,NLD,0344
59460,243,162,677,2000.0,41969.0,0.0,-1.6733,-1.292217,YEM,NLD,0344
59461,246,162,677,2000.0,241765.0,5371.0,0.304739,2.2212709999999998,ZAF,NLD,0344
59462,249,162,677,2000.0,2708537.0,0.0,1.642139,1.2375639999999999,TWN,NLD,0344
59463,250,162,677,2000.0,0.0,20107.0,1.094325,-0.32521100000000003,ANS,NLD,0344
59464,7,163,677,2000.0,0.0,107354.0,-0.421385,-0.675566,ARE,NOR,0344
59465,14,163,677,2000.0,0.0,14907.0,0.039636000000000005,1.001203,AUS,NOR,0344
59466,15,163,677,2000.0,0.0,217403.0,1.823798,0.465513,AUT,NOR,0344
59467,18,163,677,2000.0,7854.0,1410322.0,1.382578,1.406981,BEL,NOR,0344
59468,23,163,677,2000.0,0.0,49541.0,0.47338800000000003,1.7633599999999998,BGR,NOR,0344
59469,28,163,677,2000.0,0.0,967316.0,0.7323649999999999,1.1536170000000001,BLR,NOR,0344
59470,32,163,677,2000.0,0.0,77786.0,0.853466,1.28277,BRA,NOR,0344
59471,33,163,677,2000.0,0.0,1776.0,0.610079,0.267843,BRB,NOR,0344
59472,39,163,677,2000.0,0.0,1844185.0,1.069101,1.284017,CAN,NOR,0344
59473,41,163,677,2000.0,5157.0,2660972.0,2.268929,0.538191,CHE,NOR,0344
59474,42,163,677,2000.0,107444.0,0.0,-0.011509,0.0031190000000000002,CHL,NOR,0344
59475,43,163,677,2000.0,452064.0,626203.0,0.43423,2.461961,CHN,NOR,0344
59476,58,163,677,2000.0,44102.0,436839.0,0.264835,0.268755,CYP,NOR,0344
59477,59,163,677,2000.0,0.0,1084265.0,1.526256,0.9255639999999999,CZE,NOR,0344
59478,61,163,677,2000.0,590540.0,64816288.0,2.3753580000000003,-2.4481029999999997,DEU,NOR,0344
59479,63,163,677,2000.0,0.0,13720.0,0.8950530000000001,0.295721,DMA,NOR,0344
59480,64,163,677,2000.0,1347957.0,19666470.0,1.312843,1.4304370000000002,DNK,NOR,0344
59481,65,163,677,2000.0,0.0,50133.0,-0.5679569999999999,-0.61125,DOM,NOR,0344
59482,71,163,677,2000.0,5055.0,708905.0,1.158711,1.7613189999999999,ESP,NOR,0344
59483,72,163,677,2000.0,36445.0,771250.0,0.353545,0.665942,EST,NOR,0344
59484,74,163,677,2000.0,19996.0,7268332.0,1.9705560000000002,0.874341,FIN,NOR,0344
59485,77,163,677,2000.0,118829.0,40513940.0,1.644969,0.56481,FRA,NOR,0344
59486,78,163,677,2000.0,169111.0,0.0,-0.25500700000000004,-0.823207,FRO,NOR,0344
59487,81,163,677,2000.0,523534.0,112943808.0,2.099928,0.564025,GBR,NOR,0344
59488,90,163,677,2000.0,25423.0,294377.0,0.26193,1.607656,GRC,NOR,0344
59489,92,163,677,2000.0,0.0,2350657.0,-0.365398,-0.849985,GRL,NOR,0344
59490,97,163,677,2000.0,0.0,47356.0,0.564112,1.776282,HKG,NOR,0344
59491,100,163,677,2000.0,0.0,5023.0,0.640015,1.1175899999999999,HRV,NOR,0344
59492,102,163,677,2000.0,0.0,133120.0,1.047497,1.284513,HUN,NOR,0344
59493,103,163,677,2000.0,37738.0,2722.0,0.05846799999999999,1.577531,IDN,NOR,0344
59494,104,163,677,2000.0,0.0,2373.0,0.323006,2.3446860000000003,IND,NOR,0344
59495,106,163,677,2000.0,88593.0,29310.0,1.647548,0.34018899999999996,IRL,NOR,0344
59496,109,163,677,2000.0,375074.0,2328178.0,-0.070436,-0.5575439999999999,ISL,NOR,0344
59497,110,163,677,2000.0,0.0,4268480.0,1.4153870000000002,0.828117,ISR,NOR,0344
59498,111,163,677,2000.0,0.0,1456615.0,1.51508,0.818283,ITA,NOR,0344
59499,114,163,677,2000.0,89424.0,47472508.0,2.8218240000000003,0.255803,JPN,NOR,0344
59500,115,163,677,2000.0,0.0,14066.0,-0.16554100000000002,-0.70523,KAZ,NOR,0344
59501,116,163,677,2000.0,0.0,2339.0,-0.554244,-0.1757,KEN,NOR,0344
59502,121,163,677,2000.0,50601.0,87978.0,1.248356,1.000666,KOR,NOR,0344
59503,124,163,677,2000.0,0.0,14173.0,0.139623,1.095387,LBN,NOR,0344
59504,128,163,677,2000.0,3720.0,0.0,-0.497407,0.004686999999999999,LKA,NOR,0344
59505,130,163,677,2000.0,3461.0,3570195.0,0.22767199999999999,0.794208,LTU,NOR,0344
59506,132,163,677,2000.0,0.0,1328724.0,0.27229699999999996,0.402929,LVA,NOR,0344
59507,135,163,677,2000.0,0.0,5528.0,0.039072,0.103148,MDA,NOR,0344
59508,138,163,677,2000.0,0.0,29360.0,0.9020379999999999,0.671139,MEX,NOR,0344
59509,142,163,677,2000.0,0.0,137822.0,0.8771450000000001,-0.013614,MLT,NOR,0344
59510,153,163,677,2000.0,0.0,173696.0,0.789007,0.16084600000000002,MYS,NOR,0344
59511,155,163,677,2000.0,1027.0,0.0,-0.42796999999999996,-0.643361,NAM,NOR,0344
59512,156,163,677,2000.0,0.0,42265.0,-0.138942,-0.903899,NCL,NOR,0344
59513,162,163,677,2000.0,77373.0,4048292.0,1.259257,1.595796,NLD,NOR,0344
59514,166,163,677,2000.0,37331.0,10127.0,0.419671,0.809288,NZL,NOR,0344
59515,174,163,677,2000.0,21046.0,23078.0,-0.010024,-0.368702,PHL,NOR,0344
59516,177,163,677,2000.0,268448.0,28966330.0,0.9513659999999999,1.8445669999999998,POL,NOR,0344
59517,179,163,677,2000.0,2668.0,166168.0,0.624078,1.342565,PRT,NOR,0344
59518,183,163,677,2000.0,0.0,5365.0,-0.534754,-1.139729,QAT,NOR,0344
59519,185,163,677,2000.0,0.0,271940.0,0.55594,1.054573,ROU,NOR,0344
59520,186,163,677,2000.0,5202453.0,3039568.0,0.765547,0.369255,RUS,NOR,0344
59521,188,163,677,2000.0,0.0,104357.0,0.005864,-0.983202,SAU,NOR,0344
59522,192,163,677,2000.0,6959.0,1380220.0,1.5432860000000002,0.519856,SGP,NOR,0344
59523,206,163,677,2000.0,0.0,404876.0,1.3226360000000001,1.1967809999999999,SVK,NOR,0344
59524,207,163,677,2000.0,0.0,7502.0,1.485695,1.122069,SVN,NOR,0344
59525,208,163,677,2000.0,210863.0,34632428.0,2.087984,0.811167,SWE,NOR,0344
59526,216,163,677,2000.0,1986.0,343536.0,0.505423,1.358217,THA,NOR,0344
59527,224,163,677,2000.0,46836.0,242354.0,0.127924,2.039773,TUR,NOR,0344
59528,227,163,677,2000.0,478967.0,0.0,-1.275188,-0.9400639999999999,UGA,NOR,0344
59529,228,163,677,2000.0,0.0,546825.0,0.622654,1.191971,UKR,NOR,0344
59530,230,163,677,2000.0,0.0,1934.0,0.18688,0.575136,URY,NOR,0344
59531,231,163,677,2000.0,1456792.0,49423240.0,1.9869709999999998,0.021666,USA,NOR,0344
59532,236,163,677,2000.0,0.0,83445.0,-0.12500999999999998,-0.8610610000000001,VEN,NOR,0344
59533,237,163,677,2000.0,0.0,68275.0,0.583925,-0.110356,VGB,NOR,0344
59534,239,163,677,2000.0,75779.0,0.0,-0.589009,0.518708,VNM,NOR,0344
59535,246,163,677,2000.0,0.0,236318.0,0.304739,2.2212709999999998,ZAF,NOR,0344
59536,248,163,677,2000.0,1167.0,0.0,-0.43871899999999997,0.491989,ZWE,NOR,0344
59537,249,163,677,2000.0,1796.0,51930.0,1.642139,1.2375639999999999,TWN,NOR,0344
59538,42,169,677,2000.0,19922.0,0.0,-0.011509,0.0031190000000000002,CHL,PAN,0344
59539,52,169,677,2000.0,0.0,14296.0,-0.136989,-0.190298,CRI,PAN,0344
59540,67,169,677,2000.0,0.0,3935.0,-1.016643,-0.8385469999999999,ECU,PAN,0344
59541,81,169,677,2000.0,1113.0,7110.0,2.099928,0.564025,GBR,PAN,0344
59542,104,169,677,2000.0,20152.0,0.0,0.323006,2.3446860000000003,IND,PAN,0344
59543,114,169,677,2000.0,0.0,14052016.0,2.8218240000000003,0.255803,JPN,PAN,0344
59544,231,169,677,2000.0,5272.0,475728.0,1.9869709999999998,0.021666,USA,PAN,0344
59545,0,173,677,2000.0,0.0,1340.0,-0.197305,-0.888491,ABW,PER,0344
59546,8,173,677,2000.0,0.0,7327.0,0.140533,0.888049,ARG,PER,0344
59547,14,173,677,2000.0,0.0,81667.0,0.039636000000000005,1.001203,AUS,PER,0344
59548,18,173,677,2000.0,0.0,738993.0,1.382578,1.406981,BEL,PER,0344
59549,23,173,677,2000.0,0.0,13691.0,0.47338800000000003,1.7633599999999998,BGR,PER,0344
59550,28,173,677,2000.0,0.0,27207.0,0.7323649999999999,1.1536170000000001,BLR,PER,0344
59551,31,173,677,2000.0,0.0,5756.0,-0.400861,-0.41780900000000004,BOL,PER,0344
59552,32,173,677,2000.0,0.0,232778.0,0.853466,1.28277,BRA,PER,0344
59553,39,173,677,2000.0,0.0,214880.0,1.069101,1.284017,CAN,PER,0344
59554,42,173,677,2000.0,22697.0,0.0,-0.011509,0.0031190000000000002,CHL,PER,0344
59555,43,173,677,2000.0,0.0,22105.0,0.43423,2.461961,CHN,PER,0344
59556,49,173,677,2000.0,0.0,1639081.0,0.12351400000000001,0.255517,COL,PER,0344
59557,54,173,677,2000.0,0.0,58834.0,-0.800886,-1.133715,CUB,PER,0344
59558,59,173,677,2000.0,0.0,325954.0,1.526256,0.9255639999999999,CZE,PER,0344
59559,61,173,677,2000.0,0.0,7369688.0,2.3753580000000003,-2.4481029999999997,DEU,PER,0344
59560,64,173,677,2000.0,0.0,163620.0,1.312843,1.4304370000000002,DNK,PER,0344
59561,65,173,677,2000.0,0.0,42958.0,-0.5679569999999999,-0.61125,DOM,PER,0344
59562,71,173,677,2000.0,0.0,693729.0,1.158711,1.7613189999999999,ESP,PER,0344
59563,72,173,677,2000.0,0.0,34929.0,0.353545,0.665942,EST,PER,0344
59564,74,173,677,2000.0,0.0,189887.0,1.9705560000000002,0.874341,FIN,PER,0344
59565,77,173,677,2000.0,0.0,3123767.0,1.644969,0.56481,FRA,PER,0344
59566,81,173,677,2000.0,0.0,136354.0,2.099928,0.564025,GBR,PER,0344
59567,100,173,677,2000.0,0.0,53795.0,0.640015,1.1175899999999999,HRV,PER,0344
59568,102,173,677,2000.0,0.0,32564.0,1.047497,1.284513,HUN,PER,0344
59569,111,173,677,2000.0,0.0,744123.0,1.51508,0.818283,ITA,PER,0344
59570,114,173,677,2000.0,0.0,368768.0,2.8218240000000003,0.255803,JPN,PER,0344
59571,121,173,677,2000.0,0.0,104513.0,1.248356,1.000666,KOR,PER,0344
59572,130,173,677,2000.0,0.0,186891.0,0.22767199999999999,0.794208,LTU,PER,0344
59573,132,173,677,2000.0,0.0,1480.0,0.27229699999999996,0.402929,LVA,PER,0344
59574,138,173,677,2000.0,0.0,105386.0,0.9020379999999999,0.671139,MEX,PER,0344
59575,162,173,677,2000.0,10134.0,878830.0,1.259257,1.595796,NLD,PER,0344
59576,177,173,677,2000.0,0.0,2178069.0,0.9513659999999999,1.8445669999999998,POL,PER,0344
59577,179,173,677,2000.0,0.0,18485.0,0.624078,1.342565,PRT,PER,0344
59578,186,173,677,2000.0,0.0,192955.0,0.765547,0.369255,RUS,PER,0344
59579,206,173,677,2000.0,0.0,963216.0,1.3226360000000001,1.1967809999999999,SVK,PER,0344
59580,207,173,677,2000.0,0.0,23211.0,1.485695,1.122069,SVN,PER,0344
59581,208,173,677,2000.0,0.0,216529.0,2.087984,0.811167,SWE,PER,0344
59582,223,173,677,2000.0,0.0,18367.0,-0.061203999999999995,0.149345,TUN,PER,0344
59583,231,173,677,2000.0,0.0,4209246.0,1.9869709999999998,0.021666,USA,PER,0344
59584,236,173,677,2000.0,0.0,111511.0,-0.12500999999999998,-0.8610610000000001,VEN,PER,0344
59585,14,174,677,2000.0,0.0,1269.0,0.039636000000000005,1.001203,AUS,PHL,0344
59586,18,174,677,2000.0,0.0,118639.0,1.382578,1.406981,BEL,PHL,0344
59587,39,174,677,2000.0,0.0,7212.0,1.069101,1.284017,CAN,PHL,0344
59588,41,174,677,2000.0,3546.0,25420.0,2.268929,0.538191,CHE,PHL,0344
59589,43,174,677,2000.0,42141.0,3814.0,0.43423,2.461961,CHN,PHL,0344
59590,61,174,677,2000.0,5559.0,74494.0,2.3753580000000003,-2.4481029999999997,DEU,PHL,0344
59591,64,174,677,2000.0,8363.0,0.0,1.312843,1.4304370000000002,DNK,PHL,0344
59592,81,174,677,2000.0,0.0,5700.0,2.099928,0.564025,GBR,PHL,0344
59593,97,174,677,2000.0,12401.0,412206.0,0.564112,1.776282,HKG,PHL,0344
59594,103,174,677,2000.0,47325.0,0.0,0.05846799999999999,1.577531,IDN,PHL,0344
59595,104,174,677,2000.0,12650.0,0.0,0.323006,2.3446860000000003,IND,PHL,0344
59596,114,174,677,2000.0,17358.0,3540190.0,2.8218240000000003,0.255803,JPN,PHL,0344
59597,121,174,677,2000.0,61649.0,210174.0,1.248356,1.000666,KOR,PHL,0344
59598,124,174,677,2000.0,0.0,39097.0,0.139623,1.095387,LBN,PHL,0344
59599,138,174,677,2000.0,0.0,31574.0,0.9020379999999999,0.671139,MEX,PHL,0344
59600,153,174,677,2000.0,45356.0,0.0,0.789007,0.16084600000000002,MYS,PHL,0344
59601,162,174,677,2000.0,0.0,85619.0,1.259257,1.595796,NLD,PHL,0344
59602,163,174,677,2000.0,23078.0,21046.0,0.6499050000000001,-0.177091,NOR,PHL,0344
59603,166,174,677,2000.0,29378.0,0.0,0.419671,0.809288,NZL,PHL,0344
59604,192,174,677,2000.0,94256.0,30352.0,1.5432860000000002,0.519856,SGP,PHL,0344
59605,216,174,677,2000.0,25106.0,792391.0,0.505423,1.358217,THA,PHL,0344
59606,231,174,677,2000.0,104259.0,12616880.0,1.9869709999999998,0.021666,USA,PHL,0344
59607,249,174,677,2000.0,319861.0,139998.0,1.642139,1.2375639999999999,TWN,PHL,0344
59608,8,177,677,2000.0,639301.0,0.0,0.140533,0.888049,ARG,POL,0344
59609,15,177,677,2000.0,0.0,211933.0,1.823798,0.465513,AUT,POL,0344
59610,18,177,677,2000.0,125059.0,2864164.0,1.382578,1.406981,BEL,POL,0344
59611,23,177,677,2000.0,0.0,45143.0,0.47338800000000003,1.7633599999999998,BGR,POL,0344
59612,28,177,677,2000.0,16611.0,604185.0,0.7323649999999999,1.1536170000000001,BLR,POL,0344
59613,39,177,677,2000.0,336008.0,492880.0,1.069101,1.284017,CAN,POL,0344
59614,41,177,677,2000.0,9931.0,1308312.0,2.268929,0.538191,CHE,POL,0344
59615,42,177,677,2000.0,326334.0,0.0,-0.011509,0.0031190000000000002,CHL,POL,0344
59616,43,177,677,2000.0,13762560.0,0.0,0.43423,2.461961,CHN,POL,0344
59617,59,177,677,2000.0,8736.0,69740.0,1.526256,0.9255639999999999,CZE,POL,0344
59618,61,177,677,2000.0,2891429.0,52852008.0,2.3753580000000003,-2.4481029999999997,DEU,POL,0344
59619,64,177,677,2000.0,232933.0,6113688.0,1.312843,1.4304370000000002,DNK,POL,0344
59620,71,177,677,2000.0,1336363.0,0.0,1.158711,1.7613189999999999,ESP,POL,0344
59621,72,177,677,2000.0,7917.0,501151.0,0.353545,0.665942,EST,POL,0344
59622,77,177,677,2000.0,26354.0,8297712.0,1.644969,0.56481,FRA,POL,0344
59623,78,177,677,2000.0,718647.0,0.0,-0.25500700000000004,-0.823207,FRO,POL,0344
59624,81,177,677,2000.0,1286434.0,5813037.0,2.099928,0.564025,GBR,POL,0344
59625,102,177,677,2000.0,2824.0,392082.0,1.047497,1.284513,HUN,POL,0344
59626,106,177,677,2000.0,1424918.0,6614.0,1.647548,0.34018899999999996,IRL,POL,0344
59627,109,177,677,2000.0,656509.0,0.0,-0.070436,-0.5575439999999999,ISL,POL,0344
59628,114,177,677,2000.0,0.0,348937.0,2.8218240000000003,0.255803,JPN,POL,0344
59629,117,177,677,2000.0,0.0,3610.0,0.215581,0.343262,KGZ,POL,0344
59630,130,177,677,2000.0,219300.0,95996.0,0.22767199999999999,0.794208,LTU,POL,0344
59631,132,177,677,2000.0,0.0,22264.0,0.27229699999999996,0.402929,LVA,POL,0344
59632,140,177,677,2000.0,0.0,12410.0,0.159675,0.429424,MKD,POL,0344
59633,162,177,677,2000.0,520237.0,6581988.0,1.259257,1.595796,NLD,POL,0344
59634,163,177,677,2000.0,28966330.0,268448.0,0.6499050000000001,-0.177091,NOR,POL,0344
59635,166,177,677,2000.0,250439.0,0.0,0.419671,0.809288,NZL,POL,0344
59636,173,177,677,2000.0,2178069.0,0.0,-0.390278,-0.018691,PER,POL,0344
59637,185,177,677,2000.0,0.0,11880.0,0.55594,1.054573,ROU,POL,0344
59638,186,177,677,2000.0,10224464.0,789272.0,0.765547,0.369255,RUS,POL,0344
59639,206,177,677,2000.0,0.0,9663.0,1.3226360000000001,1.1967809999999999,SVK,POL,0344
59640,207,177,677,2000.0,0.0,92683.0,1.485695,1.122069,SVN,POL,0344
59641,208,177,677,2000.0,100982.0,90493.0,2.087984,0.811167,SWE,POL,0344
59642,216,177,677,2000.0,3111.0,0.0,0.505423,1.358217,THA,POL,0344
59643,226,177,677,2000.0,58027.0,0.0,-1.14198,-0.368647,TZA,POL,0344
59644,227,177,677,2000.0,81824.0,0.0,-1.275188,-0.9400639999999999,UGA,POL,0344
59645,228,177,677,2000.0,700102.0,17306.0,0.622654,1.191971,UKR,POL,0344
59646,231,177,677,2000.0,0.0,1889991.0,1.9869709999999998,0.021666,USA,POL,0344
59647,239,177,677,2000.0,61656.0,0.0,-0.589009,0.518708,VNM,POL,0344
59648,2,179,677,2000.0,0.0,5074.0,-1.9108209999999999,-1.2573379999999998,AGO,PRT,0344
59649,8,179,677,2000.0,246076.0,0.0,0.140533,0.888049,ARG,PRT,0344
59650,18,179,677,2000.0,50153.0,29875.0,1.382578,1.406981,BEL,PRT,0344
59651,39,179,677,2000.0,241784.0,38839.0,1.069101,1.284017,CAN,PRT,0344
59652,41,179,677,2000.0,0.0,37452.0,2.268929,0.538191,CHE,PRT,0344
59653,42,179,677,2000.0,178829.0,0.0,-0.011509,0.0031190000000000002,CHL,PRT,0344
59654,43,179,677,2000.0,349944.0,0.0,0.43423,2.461961,CHN,PRT,0344
59655,44,179,677,2000.0,12704.0,0.0,-0.7955,-0.7019989999999999,CIV,PRT,0344
59656,51,179,677,2000.0,0.0,2849.0,0.358579,-0.238117,CPV,PRT,0344
59657,58,179,677,2000.0,0.0,15519.0,0.264835,0.268755,CYP,PRT,0344
59658,61,179,677,2000.0,284455.0,27304.0,2.3753580000000003,-2.4481029999999997,DEU,PRT,0344
59659,64,179,677,2000.0,252670.0,1041.0,1.312843,1.4304370000000002,DNK,PRT,0344
59660,67,179,677,2000.0,46906.0,0.0,-1.016643,-0.8385469999999999,ECU,PRT,0344
59661,71,179,677,2000.0,14058856.0,6608692.0,1.158711,1.7613189999999999,ESP,PRT,0344
59662,77,179,677,2000.0,108068.0,488424.0,1.644969,0.56481,FRA,PRT,0344
59663,81,179,677,2000.0,213121.0,1454115.0,2.099928,0.564025,GBR,PRT,0344
59664,90,179,677,2000.0,0.0,22925.0,0.26193,1.607656,GRC,PRT,0344
59665,103,179,677,2000.0,16876.0,0.0,0.05846799999999999,1.577531,IDN,PRT,0344
59666,106,179,677,2000.0,13225.0,11113.0,1.647548,0.34018899999999996,IRL,PRT,0344
59667,107,179,677,2000.0,11469.0,0.0,-0.8148770000000001,-1.040305,IRN,PRT,0344
59668,109,179,677,2000.0,78942.0,0.0,-0.070436,-0.5575439999999999,ISL,PRT,0344
59669,111,179,677,2000.0,0.0,10964.0,1.51508,0.818283,ITA,PRT,0344
59670,114,179,677,2000.0,0.0,21521.0,2.8218240000000003,0.255803,JPN,PRT,0344
59671,116,179,677,2000.0,2775.0,0.0,-0.554244,-0.1757,KEN,PRT,0344
59672,131,179,677,2000.0,0.0,23052.0,1.203242,1.0729790000000001,LUX,PRT,0344
59673,138,179,677,2000.0,0.0,2292.0,0.9020379999999999,0.671139,MEX,PRT,0344
59674,155,179,677,2000.0,333790.0,0.0,-0.42796999999999996,-0.643361,NAM,PRT,0344
59675,156,179,677,2000.0,0.0,2242.0,-0.138942,-0.903899,NCL,PRT,0344
59676,162,179,677,2000.0,816162.0,10792.0,1.259257,1.595796,NLD,PRT,0344
59677,163,179,677,2000.0,166168.0,2668.0,0.6499050000000001,-0.177091,NOR,PRT,0344
59678,166,179,677,2000.0,31049.0,0.0,0.419671,0.809288,NZL,PRT,0344
59679,173,179,677,2000.0,18485.0,0.0,-0.390278,-0.018691,PER,PRT,0344
59680,186,179,677,2000.0,65590.0,0.0,0.765547,0.369255,RUS,PRT,0344
59681,203,179,677,2000.0,46343.0,0.0,0.602001,-0.31771,STP,PRT,0344
59682,208,179,677,2000.0,7322.0,0.0,2.087984,0.811167,SWE,PRT,0344
59683,216,179,677,2000.0,30159.0,0.0,0.505423,1.358217,THA,PRT,0344
59684,226,179,677,2000.0,1134378.0,0.0,-1.14198,-0.368647,TZA,PRT,0344
59685,231,179,677,2000.0,5737303.0,72707.0,1.9869709999999998,0.021666,USA,PRT,0344
59686,236,179,677,2000.0,0.0,53166.0,-0.12500999999999998,-0.8610610000000001,VEN,PRT,0344
59687,246,179,677,2000.0,2914580.0,0.0,0.304739,2.2212709999999998,ZAF,PRT,0344
59688,8,192,677,2000.0,19639.0,0.0,0.140533,0.888049,ARG,SGP,0344
59689,14,192,677,2000.0,44982.0,1506076.0,0.039636000000000005,1.001203,AUS,SGP,0344
59690,18,192,677,2000.0,14842.0,0.0,1.382578,1.406981,BEL,SGP,0344
59691,34,192,677,2000.0,0.0,334524.0,-1.690871,-1.122819,BRN,SGP,0344
59692,39,192,677,2000.0,0.0,16761.0,1.069101,1.284017,CAN,SGP,0344
59693,41,192,677,2000.0,0.0,60944.0,2.268929,0.538191,CHE,SGP,0344
59694,42,192,677,2000.0,730253.0,0.0,-0.011509,0.0031190000000000002,CHL,SGP,0344
59695,43,192,677,2000.0,326403.0,4650.0,0.43423,2.461961,CHN,SGP,0344
59696,54,192,677,2000.0,0.0,30471.0,-0.800886,-1.133715,CUB,SGP,0344
59697,61,192,677,2000.0,68558.0,1063838.0,2.3753580000000003,-2.4481029999999997,DEU,SGP,0344
59698,64,192,677,2000.0,32792.0,86015.0,1.312843,1.4304370000000002,DNK,SGP,0344
59699,65,192,677,2000.0,0.0,68432.0,-0.5679569999999999,-0.61125,DOM,SGP,0344
59700,71,192,677,2000.0,0.0,86324.0,1.158711,1.7613189999999999,ESP,SGP,0344
59701,77,192,677,2000.0,10373.0,336754.0,1.644969,0.56481,FRA,SGP,0344
59702,81,192,677,2000.0,72486.0,208004.0,2.099928,0.564025,GBR,SGP,0344
59703,97,192,677,2000.0,34767.0,432085.0,0.564112,1.776282,HKG,SGP,0344
59704,103,192,677,2000.0,1993542.0,21719.0,0.05846799999999999,1.577531,IDN,SGP,0344
59705,104,192,677,2000.0,30984.0,0.0,0.323006,2.3446860000000003,IND,SGP,0344
59706,105,192,677,2000.0,0.0,1316.0,-0.30440100000000003,-0.8569399999999999,IOT,SGP,0344
59707,110,192,677,2000.0,0.0,2532796.0,1.4153870000000002,0.828117,ISR,SGP,0344
59708,111,192,677,2000.0,0.0,423133.0,1.51508,0.818283,ITA,SGP,0344
59709,114,192,677,2000.0,1970405.0,1394753.0,2.8218240000000003,0.255803,JPN,SGP,0344
59710,116,192,677,2000.0,3193618.0,0.0,-0.554244,-0.1757,KEN,SGP,0344
59711,118,192,677,2000.0,0.0,1119.0,-0.9248430000000001,-1.071231,KHM,SGP,0344
59712,121,192,677,2000.0,82265.0,3419764.0,1.248356,1.000666,KOR,SGP,0344
59713,128,192,677,2000.0,34288.0,8014.0,-0.497407,0.004686999999999999,LKA,SGP,0344
59714,137,192,677,2000.0,0.0,8120.0,-1.070968,-1.0570469999999998,MDV,SGP,0344
59715,138,192,677,2000.0,40622.0,226819.0,0.9020379999999999,0.671139,MEX,SGP,0344
59716,143,192,677,2000.0,520707.0,0.0,-1.260786,-0.9277549999999999,MMR,SGP,0344
59717,153,192,677,2000.0,1196976.0,656575.0,0.789007,0.16084600000000002,MYS,SGP,0344
59718,162,192,677,2000.0,17343.0,1034135.0,1.259257,1.595796,NLD,SGP,0344
59719,163,192,677,2000.0,1380220.0,6959.0,0.6499050000000001,-0.177091,NOR,SGP,0344
59720,166,192,677,2000.0,858457.0,0.0,0.419671,0.809288,NZL,SGP,0344
59721,168,192,677,2000.0,13809.0,0.0,-0.76763,-0.435066,PAK,SGP,0344
59722,174,192,677,2000.0,30352.0,94256.0,-0.010024,-0.368702,PHL,SGP,0344
59723,186,192,677,2000.0,0.0,4259.0,0.765547,0.369255,RUS,SGP,0344
59724,208,192,677,2000.0,42063.0,60660.0,2.087984,0.811167,SWE,SGP,0344
59725,216,192,677,2000.0,2475701.0,157280.0,0.505423,1.358217,THA,SGP,0344
59726,226,192,677,2000.0,54460.0,0.0,-1.14198,-0.368647,TZA,SGP,0344
59727,227,192,677,2000.0,268853.0,0.0,-1.275188,-0.9400639999999999,UGA,SGP,0344
59728,231,192,677,2000.0,258543.0,38548856.0,1.9869709999999998,0.021666,USA,SGP,0344
59729,239,192,677,2000.0,3248977.0,6231.0,-0.589009,0.518708,VNM,SGP,0344
59730,246,192,677,2000.0,32778.0,0.0,0.304739,2.2212709999999998,ZAF,SGP,0344
59731,249,192,677,2000.0,53452.0,17489.0,1.642139,1.2375639999999999,TWN,SGP,0344
59732,42,197,677,2000.0,4779.0,0.0,-0.011509,0.0031190000000000002,CHL,SLV,0344
59733,160,197,677,2000.0,6069.0,0.0,-0.753571,-0.620488,NIC,SLV,0344
59734,231,197,677,2000.0,9514.0,67829.0,1.9869709999999998,0.021666,USA,SLV,0344
59735,8,208,677,2000.0,296456.0,0.0,0.140533,0.888049,ARG,SWE,0344
59736,15,208,677,2000.0,0.0,274100.0,1.823798,0.465513,AUT,SWE,0344
59737,18,208,677,2000.0,82744.0,712254.0,1.382578,1.406981,BEL,SWE,0344
59738,39,208,677,2000.0,50308.0,50187.0,1.069101,1.284017,CAN,SWE,0344
59739,41,208,677,2000.0,0.0,453141.0,2.268929,0.538191,CHE,SWE,0344
59740,42,208,677,2000.0,748292.0,0.0,-0.011509,0.0031190000000000002,CHL,SWE,0344
59741,43,208,677,2000.0,2488076.0,3961.0,0.43423,2.461961,CHN,SWE,0344
59742,58,208,677,2000.0,0.0,5126.0,0.264835,0.268755,CYP,SWE,0344
59743,59,208,677,2000.0,0.0,51297.0,1.526256,0.9255639999999999,CZE,SWE,0344
59744,61,208,677,2000.0,1898737.0,2822469.0,2.3753580000000003,-2.4481029999999997,DEU,SWE,0344
59745,64,208,677,2000.0,15983335.0,3095137.0,1.312843,1.4304370000000002,DNK,SWE,0344
59746,71,208,677,2000.0,76728.0,328732.0,1.158711,1.7613189999999999,ESP,SWE,0344
59747,72,208,677,2000.0,441279.0,333908.0,0.353545,0.665942,EST,SWE,0344
59748,74,208,677,2000.0,102990.0,272178.0,1.9705560000000002,0.874341,FIN,SWE,0344
59749,77,208,677,2000.0,600571.0,8162272.0,1.644969,0.56481,FRA,SWE,0344
59750,78,208,677,2000.0,13299.0,0.0,-0.25500700000000004,-0.823207,FRO,SWE,0344
59751,81,208,677,2000.0,91820.0,799256.0,2.099928,0.564025,GBR,SWE,0344
59752,90,208,677,2000.0,16850.0,0.0,0.26193,1.607656,GRC,SWE,0344
59753,97,208,677,2000.0,0.0,5326.0,0.564112,1.776282,HKG,SWE,0344
59754,102,208,677,2000.0,0.0,65148.0,1.047497,1.284513,HUN,SWE,0344
59755,103,208,677,2000.0,34501.0,0.0,0.05846799999999999,1.577531,IDN,SWE,0344
59756,106,208,677,2000.0,458618.0,0.0,1.647548,0.34018899999999996,IRL,SWE,0344
59757,109,208,677,2000.0,192487.0,0.0,-0.070436,-0.5575439999999999,ISL,SWE,0344
59758,111,208,677,2000.0,0.0,1160307.0,1.51508,0.818283,ITA,SWE,0344
59759,132,208,677,2000.0,3978322.0,13132.0,0.27229699999999996,0.402929,LVA,SWE,0344
59760,155,208,677,2000.0,54858.0,0.0,-0.42796999999999996,-0.643361,NAM,SWE,0344
59761,162,208,677,2000.0,8827592.0,575140.0,1.259257,1.595796,NLD,SWE,0344
59762,163,208,677,2000.0,34632428.0,210863.0,0.6499050000000001,-0.177091,NOR,SWE,0344
59763,166,208,677,2000.0,564044.0,0.0,0.419671,0.809288,NZL,SWE,0344
59764,173,208,677,2000.0,216529.0,0.0,-0.390278,-0.018691,PER,SWE,0344
59765,177,208,677,2000.0,90493.0,100982.0,0.9513659999999999,1.8445669999999998,POL,SWE,0344
59766,179,208,677,2000.0,0.0,7322.0,0.624078,1.342565,PRT,SWE,0344
59767,185,208,677,2000.0,0.0,6320.0,0.55594,1.054573,ROU,SWE,0344
59768,186,208,677,2000.0,2654090.0,47915.0,0.765547,0.369255,RUS,SWE,0344
59769,191,208,677,2000.0,70437.0,0.0,-0.449184,-0.375335,SEN,SWE,0344
59770,192,208,677,2000.0,60660.0,42063.0,1.5432860000000002,0.519856,SGP,SWE,0344
59771,206,208,677,2000.0,0.0,20801.0,1.3226360000000001,1.1967809999999999,SVK,SWE,0344
59772,216,208,677,2000.0,11341.0,0.0,0.505423,1.358217,THA,SWE,0344
59773,224,208,677,2000.0,39023.0,0.0,0.127924,2.039773,TUR,SWE,0344
59774,226,208,677,2000.0,18056.0,0.0,-1.14198,-0.368647,TZA,SWE,0344
59775,230,208,677,2000.0,45636.0,0.0,0.18688,0.575136,URY,SWE,0344
59776,231,208,677,2000.0,311098.0,18785.0,1.9869709999999998,0.021666,USA,SWE,0344
59777,249,208,677,2000.0,89605.0,5388.0,1.642139,1.2375639999999999,TWN,SWE,0344
59778,7,216,677,2000.0,0.0,5711.0,-0.421385,-0.675566,ARE,THA,0344
59779,8,216,677,2000.0,25041.0,0.0,0.140533,0.888049,ARG,THA,0344
59780,14,216,677,2000.0,108260.0,3504963.0,0.039636000000000005,1.001203,AUS,THA,0344
59781,15,216,677,2000.0,0.0,4251.0,1.823798,0.465513,AUT,THA,0344
59782,18,216,677,2000.0,0.0,1931676.0,1.382578,1.406981,BEL,THA,0344
59783,22,216,677,2000.0,0.0,138415.0,-0.8757879999999999,-0.95126,BGD,THA,0344
59784,39,216,677,2000.0,173502.0,338166.0,1.069101,1.284017,CAN,THA,0344
59785,41,216,677,2000.0,0.0,284963.0,2.268929,0.538191,CHE,THA,0344
59786,42,216,677,2000.0,1062085.0,0.0,-0.011509,0.0031190000000000002,CHL,THA,0344
59787,43,216,677,2000.0,593058.0,132337.0,0.43423,2.461961,CHN,THA,0344
59788,58,216,677,2000.0,0.0,433335.0,0.264835,0.268755,CYP,THA,0344
59789,59,216,677,2000.0,0.0,1285.0,1.526256,0.9255639999999999,CZE,THA,0344
59790,61,216,677,2000.0,12962.0,1430684.0,2.3753580000000003,-2.4481029999999997,DEU,THA,0344
59791,64,216,677,2000.0,20567.0,73592.0,1.312843,1.4304370000000002,DNK,THA,0344
59792,71,216,677,2000.0,0.0,367345.0,1.158711,1.7613189999999999,ESP,THA,0344
59793,77,216,677,2000.0,0.0,5199319.0,1.644969,0.56481,FRA,THA,0344
59794,81,216,677,2000.0,0.0,242935.0,2.099928,0.564025,GBR,THA,0344
59795,90,216,677,2000.0,0.0,73372.0,0.26193,1.607656,GRC,THA,0344
59796,97,216,677,2000.0,8027.0,1344861.0,0.564112,1.776282,HKG,THA,0344
59797,102,216,677,2000.0,0.0,8894.0,1.047497,1.284513,HUN,THA,0344
59798,103,216,677,2000.0,124222.0,138736.0,0.05846799999999999,1.577531,IDN,THA,0344
59799,104,216,677,2000.0,34562.0,0.0,0.323006,2.3446860000000003,IND,THA,0344
59800,110,216,677,2000.0,0.0,471110.0,1.4153870000000002,0.828117,ISR,THA,0344
59801,111,216,677,2000.0,0.0,563448.0,1.51508,0.818283,ITA,THA,0344
59802,114,216,677,2000.0,780792.0,58455804.0,2.8218240000000003,0.255803,JPN,THA,0344
59803,116,216,677,2000.0,22003.0,0.0,-0.554244,-0.1757,KEN,THA,0344
59804,121,216,677,2000.0,0.0,2380032.0,1.248356,1.000666,KOR,THA,0344
59805,122,216,677,2000.0,0.0,1362.0,-0.825533,-1.190257,KWT,THA,0344
59806,124,216,677,2000.0,0.0,1919.0,0.139623,1.095387,LBN,THA,0344
59807,142,216,677,2000.0,0.0,1541.0,0.8771450000000001,-0.013614,MLT,THA,0344
59808,151,216,677,2000.0,0.0,1487.0,-0.472778,-0.6301760000000001,MUS,THA,0344
59809,153,216,677,2000.0,1749.0,19296.0,0.789007,0.16084600000000002,MYS,THA,0344
59810,154,216,677,2000.0,0.0,6673.0,1.449263,-0.190901,MYT,THA,0344
59811,162,216,677,2000.0,0.0,2213932.0,1.259257,1.595796,NLD,THA,0344
59812,163,216,677,2000.0,343536.0,1986.0,0.6499050000000001,-0.177091,NOR,THA,0344
59813,164,216,677,2000.0,0.0,3906.0,-0.366774,0.318676,NPL,THA,0344
59814,166,216,677,2000.0,267569.0,160285.0,0.419671,0.809288,NZL,THA,0344
59815,174,216,677,2000.0,792391.0,25106.0,-0.010024,-0.368702,PHL,THA,0344
59816,177,216,677,2000.0,0.0,3111.0,0.9513659999999999,1.8445669999999998,POL,THA,0344
59817,178,216,677,2000.0,0.0,101314.0,0.795818,1.089874,PRK,THA,0344
59818,179,216,677,2000.0,0.0,30159.0,0.624078,1.342565,PRT,THA,0344
59819,186,216,677,2000.0,54238.0,0.0,0.765547,0.369255,RUS,THA,0344
59820,188,216,677,2000.0,0.0,15742.0,0.005864,-0.983202,SAU,THA,0344
59821,192,216,677,2000.0,157280.0,2475701.0,1.5432860000000002,0.519856,SGP,THA,0344
59822,208,216,677,2000.0,0.0,11341.0,2.087984,0.811167,SWE,THA,0344
59823,222,216,677,2000.0,0.0,61280.0,0.011104000000000001,-0.831385,TTO,THA,0344
59824,227,216,677,2000.0,55751.0,0.0,-1.275188,-0.9400639999999999,UGA,THA,0344
59825,231,216,677,2000.0,724331.0,25825318.0,1.9869709999999998,0.021666,USA,THA,0344
59826,239,216,677,2000.0,1051367.0,0.0,-0.589009,0.518708,VNM,THA,0344
59827,246,216,677,2000.0,38790.0,0.0,0.304739,2.2212709999999998,ZAF,THA,0344
59828,249,216,677,2000.0,0.0,224674.0,1.642139,1.2375639999999999,TWN,THA,0344
59829,13,222,677,2000.0,0.0,35796.0,0.146899,-0.622011,ATG,TTO,0344
59830,33,222,677,2000.0,0.0,158976.0,0.610079,0.267843,BRB,TTO,0344
59831,39,222,677,2000.0,109990.0,3849.0,1.069101,1.284017,CAN,TTO,0344
59832,63,222,677,2000.0,0.0,2446.0,0.8950530000000001,0.295721,DMA,TTO,0344
59833,67,222,677,2000.0,23900.0,0.0,-1.016643,-0.8385469999999999,ECU,TTO,0344
59834,91,222,677,2000.0,0.0,15191.0,0.581976,-0.196366,GRD,TTO,0344
59835,96,222,677,2000.0,0.0,16093.0,-0.7425069999999999,-0.892847,GUY,TTO,0344
59836,112,222,677,2000.0,0.0,54342.0,-0.724729,-0.91094,JAM,TTO,0344
59837,120,222,677,2000.0,0.0,11438.0,0.774566,-0.46352299999999996,KNA,TTO,0344
59838,127,222,677,2000.0,0.0,89514.0,-0.0033490000000000004,-0.6011340000000001,LCA,TTO,0344
59839,216,222,677,2000.0,61280.0,0.0,0.505423,1.358217,THA,TTO,0344
59840,231,222,677,2000.0,3929.0,15146.0,1.9869709999999998,0.021666,USA,TTO,0344
59841,234,222,677,2000.0,0.0,1113.0,0.216315,-0.206287,VCT,TTO,0344
59842,250,222,677,2000.0,0.0,3542.0,1.094325,-0.32521100000000003,ANS,TTO,0344
59843,8,224,677,2000.0,282819.0,0.0,0.140533,0.888049,ARG,TUR,0344
59844,15,224,677,2000.0,0.0,213351.0,1.823798,0.465513,AUT,TUR,0344
59845,18,224,677,2000.0,54621.0,468696.0,1.382578,1.406981,BEL,TUR,0344
59846,39,224,677,2000.0,67242.0,1193971.0,1.069101,1.284017,CAN,TUR,0344
59847,41,224,677,2000.0,0.0,385323.0,2.268929,0.538191,CHE,TUR,0344
59848,43,224,677,2000.0,70836.0,0.0,0.43423,2.461961,CHN,TUR,0344
59849,61,224,677,2000.0,8642.0,15444.0,2.3753580000000003,-2.4481029999999997,DEU,TUR,0344
59850,64,224,677,2000.0,61787.0,0.0,1.312843,1.4304370000000002,DNK,TUR,0344
59851,71,224,677,2000.0,273923.0,0.0,1.158711,1.7613189999999999,ESP,TUR,0344
59852,77,224,677,2000.0,0.0,74137.0,1.644969,0.56481,FRA,TUR,0344
59853,81,224,677,2000.0,3615.0,43297.0,2.099928,0.564025,GBR,TUR,0344
59854,90,224,677,2000.0,6724.0,0.0,0.26193,1.607656,GRC,TUR,0344
59855,97,224,677,2000.0,0.0,6525.0,0.564112,1.776282,HKG,TUR,0344
59856,102,224,677,2000.0,0.0,4082.0,1.047497,1.284513,HUN,TUR,0344
59857,111,224,677,2000.0,0.0,262842.0,1.51508,0.818283,ITA,TUR,0344
59858,162,224,677,2000.0,51842.0,310276.0,1.259257,1.595796,NLD,TUR,0344
59859,163,224,677,2000.0,242354.0,46836.0,0.6499050000000001,-0.177091,NOR,TUR,0344
59860,188,224,677,2000.0,0.0,17117.0,0.005864,-0.983202,SAU,TUR,0344
59861,208,224,677,2000.0,0.0,39023.0,2.087984,0.811167,SWE,TUR,0344
59862,226,224,677,2000.0,16445.0,0.0,-1.14198,-0.368647,TZA,TUR,0344
59863,231,224,677,2000.0,0.0,1497127.0,1.9869709999999998,0.021666,USA,TUR,0344
59864,250,224,677,2000.0,31311.0,0.0,1.094325,-0.32521100000000003,ANS,TUR,0344
59865,0,231,677,2000.0,0.0,75498.0,-0.197305,-0.888491,ABW,USA,0344
59866,3,231,677,2000.0,0.0,5855.0,1.626272,0.420422,AIA,USA,0344
59867,6,231,677,2000.0,0.0,324850.0,0.25759099999999996,-0.555668,ANT,USA,0344
59868,7,231,677,2000.0,0.0,3213.0,-0.421385,-0.675566,ARE,USA,0344
59869,8,231,677,2000.0,40669424.0,0.0,0.140533,0.888049,ARG,USA,0344
59870,13,231,677,2000.0,0.0,62257.0,0.146899,-0.622011,ATG,USA,0344
59871,14,231,677,2000.0,8354068.0,219021.0,0.039636000000000005,1.001203,AUS,USA,0344
59872,15,231,677,2000.0,0.0,7004.0,1.823798,0.465513,AUT,USA,0344
59873,18,231,677,2000.0,54306.0,245373.0,1.382578,1.406981,BEL,USA,0344
59874,22,231,677,2000.0,157448.0,0.0,-0.8757879999999999,-0.95126,BGD,USA,0344
59875,25,231,677,2000.0,0.0,155066.0,0.7182970000000001,0.139012,BHS,USA,0344
59876,29,231,677,2000.0,435156.0,0.0,-0.762942,-0.794567,BLZ,USA,0344
59877,30,231,677,2000.0,0.0,2557326.0,0.770323,-0.5255350000000001,BMU,USA,0344
59878,31,231,677,2000.0,0.0,4716.0,-0.400861,-0.41780900000000004,BOL,USA,0344
59879,32,231,677,2000.0,2140683.0,827143.0,0.853466,1.28277,BRA,USA,0344
59880,33,231,677,2000.0,0.0,110877.0,0.610079,0.267843,BRB,USA,0344
59881,39,231,677,2000.0,152768000.0,27645240.0,1.069101,1.284017,CAN,USA,0344
59882,41,231,677,2000.0,0.0,360348.0,2.268929,0.538191,CHE,USA,0344
59883,42,231,677,2000.0,70049392.0,23847.0,-0.011509,0.0031190000000000002,CHL,USA,0344
59884,43,231,677,2000.0,215349872.0,4821178.0,0.43423,2.461961,CHN,USA,0344
59885,47,231,677,2000.0,0.0,43297.0,-1.7116900000000002,-1.270469,COG,USA,0344
59886,49,231,677,2000.0,427676.0,296026.0,0.12351400000000001,0.255517,COL,USA,0344
59887,52,231,677,2000.0,3847196.0,79847.0,-0.136989,-0.190298,CRI,USA,0344
59888,57,231,677,2000.0,0.0,16642.0,0.602984,-0.688476,CYM,USA,0344
59889,59,231,677,2000.0,0.0,35121.0,1.526256,0.9255639999999999,CZE,USA,0344
59890,61,231,677,2000.0,56916.0,4360890.0,2.3753580000000003,-2.4481029999999997,DEU,USA,0344
59891,64,231,677,2000.0,11091463.0,831768.0,1.312843,1.4304370000000002,DNK,USA,0344
59892,65,231,677,2000.0,0.0,771295.0,-0.5679569999999999,-0.61125,DOM,USA,0344
59893,67,231,677,2000.0,12275757.0,2081.0,-1.016643,-0.8385469999999999,ECU,USA,0344
59894,71,231,677,2000.0,619370.0,1601747.0,1.158711,1.7613189999999999,ESP,USA,0344
59895,72,231,677,2000.0,2188791.0,39459.0,0.353545,0.665942,EST,USA,0344
59896,74,231,677,2000.0,0.0,15777.0,1.9705560000000002,0.874341,FIN,USA,0344
59897,75,231,677,2000.0,1448.0,87719.0,-0.775963,-0.28976999999999997,FJI,USA,0344
59898,76,231,677,2000.0,762958.0,0.0,0.10759,-0.8671260000000001,FLK,USA,0344
59899,77,231,677,2000.0,80972.0,4997244.0,1.644969,0.56481,FRA,USA,0344
59900,78,231,677,2000.0,15635345.0,50598.0,-0.25500700000000004,-0.823207,FRO,USA,0344
59901,79,231,677,2000.0,0.0,21588.0,-1.366403,-1.116484,FSM,USA,0344
59902,81,231,677,2000.0,841510.0,2749475.0,2.099928,0.564025,GBR,USA,0344
59903,82,231,677,2000.0,0.0,79503.0,0.335756,0.217348,GEO,USA,0344
59904,87,231,677,2000.0,12678.0,0.0,-0.33173400000000003,-0.43841499999999994,GMB,USA,0344
59905,90,231,677,2000.0,132938.0,151117.0,0.26193,1.607656,GRC,USA,0344
59906,91,231,677,2000.0,0.0,3547.0,0.581976,-0.196366,GRD,USA,0344
59907,92,231,677,2000.0,1385989.0,0.0,-0.365398,-0.849985,GRL,USA,0344
59908,93,231,677,2000.0,131288.0,72690.0,-0.37711100000000003,0.191477,GTM,USA,0344
59909,96,231,677,2000.0,1794390.0,0.0,-0.7425069999999999,-0.892847,GUY,USA,0344
59910,97,231,677,2000.0,124673.0,515108.0,0.564112,1.776282,HKG,USA,0344
59911,99,231,677,2000.0,43094.0,14661.0,-0.756031,-0.58392,HND,USA,0344
59912,102,231,677,2000.0,0.0,26043.0,1.047497,1.284513,HUN,USA,0344
59913,103,231,677,2000.0,36721620.0,139523.0,0.05846799999999999,1.577531,IDN,USA,0344
59914,104,231,677,2000.0,849547.0,0.0,0.323006,2.3446860000000003,IND,USA,0344
59915,106,231,677,2000.0,51759.0,15107.0,1.647548,0.34018899999999996,IRL,USA,0344
59916,109,231,677,2000.0,115907408.0,347494.0,-0.070436,-0.5575439999999999,ISL,USA,0344
59917,110,231,677,2000.0,0.0,252404.0,1.4153870000000002,0.828117,ISR,USA,0344
59918,111,231,677,2000.0,2911.0,149640.0,1.51508,0.818283,ITA,USA,0344
59919,112,231,677,2000.0,85800.0,74540.0,-0.724729,-0.91094,JAM,USA,0344
59920,114,231,677,2000.0,15823472.0,9759247.0,2.8218240000000003,0.255803,JPN,USA,0344
59921,116,231,677,2000.0,672173.0,0.0,-0.554244,-0.1757,KEN,USA,0344
59922,118,231,677,2000.0,0.0,2192.0,-0.9248430000000001,-1.071231,KHM,USA,0344
59923,120,231,677,2000.0,0.0,22151.0,0.774566,-0.46352299999999996,KNA,USA,0344
59924,121,231,677,2000.0,2885865.0,9021277.0,1.248356,1.000666,KOR,USA,0344
59925,122,231,677,2000.0,0.0,14075.0,-0.825533,-1.190257,KWT,USA,0344
59926,127,231,677,2000.0,0.0,10965.0,-0.0033490000000000004,-0.6011340000000001,LCA,USA,0344
59927,130,231,677,2000.0,182680.0,68368.0,0.22767199999999999,0.794208,LTU,USA,0344
59928,131,231,677,2000.0,0.0,4372.0,1.203242,1.0729790000000001,LUX,USA,0344
59929,132,231,677,2000.0,0.0,21924.0,0.27229699999999996,0.402929,LVA,USA,0344
59930,138,231,677,2000.0,526130.0,3704184.0,0.9020379999999999,0.671139,MEX,USA,0344
59931,142,231,677,2000.0,0.0,82763.0,0.8771450000000001,-0.013614,MLT,USA,0344
59932,151,231,677,2000.0,3034487.0,0.0,-0.472778,-0.6301760000000001,MUS,USA,0344
59933,153,231,677,2000.0,23171.0,49609.0,0.789007,0.16084600000000002,MYS,USA,0344
59934,155,231,677,2000.0,8264504.0,0.0,-0.42796999999999996,-0.643361,NAM,USA,0344
59935,156,231,677,2000.0,0.0,1567.0,-0.138942,-0.903899,NCL,USA,0344
59936,160,231,677,2000.0,1669374.0,0.0,-0.753571,-0.620488,NIC,USA,0344
59937,162,231,677,2000.0,7304572.0,1008584.0,1.259257,1.595796,NLD,USA,0344
59938,163,231,677,2000.0,49423240.0,1456792.0,0.6499050000000001,-0.177091,NOR,USA,0344
59939,166,231,677,2000.0,60434476.0,7538.0,0.419671,0.809288,NZL,USA,0344
59940,167,231,677,2000.0,50182.0,0.0,-1.291169,-1.3004040000000001,OMN,USA,0344
59941,168,231,677,2000.0,87193.0,0.0,-0.76763,-0.435066,PAK,USA,0344
59942,169,231,677,2000.0,475728.0,5272.0,0.107412,0.41455600000000004,PAN,USA,0344
59943,173,231,677,2000.0,4209246.0,0.0,-0.390278,-0.018691,PER,USA,0344
59944,174,231,677,2000.0,12616880.0,104259.0,-0.010024,-0.368702,PHL,USA,0344
59945,176,231,677,2000.0,14214.0,0.0,-1.31124,-1.127378,PNG,USA,0344
59946,177,231,677,2000.0,1889991.0,0.0,0.9513659999999999,1.8445669999999998,POL,USA,0344
59947,179,231,677,2000.0,72707.0,5737303.0,0.624078,1.342565,PRT,USA,0344
59948,182,231,677,2000.0,760986.0,7374.0,-0.382787,-0.837533,PYF,USA,0344
59949,183,231,677,2000.0,0.0,14000.0,-0.534754,-1.139729,QAT,USA,0344
59950,186,231,677,2000.0,58830852.0,96166.0,0.765547,0.369255,RUS,USA,0344
59951,192,231,677,2000.0,38548856.0,258543.0,1.5432860000000002,0.519856,SGP,USA,0344
59952,197,231,677,2000.0,67829.0,9514.0,-0.077776,-0.084655,SLV,USA,0344
59953,200,231,677,2000.0,5436176.0,0.0,-0.50629,-0.9165399999999999,SPM,USA,0344
59954,205,231,677,2000.0,76406.0,0.0,-0.7238720000000001,-0.807254,SUR,USA,0344
59955,206,231,677,2000.0,0.0,7852.0,1.3226360000000001,1.1967809999999999,SVK,USA,0344
59956,207,231,677,2000.0,0.0,17551.0,1.485695,1.122069,SVN,USA,0344
59957,208,231,677,2000.0,18785.0,311098.0,2.087984,0.811167,SWE,USA,0344
59958,213,231,677,2000.0,0.0,19483.0,0.978576,0.035098000000000004,TCA,USA,0344
59959,216,231,677,2000.0,25825318.0,724331.0,0.505423,1.358217,THA,USA,0344
59960,218,231,677,2000.0,26399.0,0.0,0.5286529999999999,0.502173,TKL,USA,0344
59961,222,231,677,2000.0,15146.0,3929.0,0.011104000000000001,-0.831385,TTO,USA,0344
59962,223,231,677,2000.0,61930.0,0.0,-0.061203999999999995,0.149345,TUN,USA,0344
59963,224,231,677,2000.0,1497127.0,0.0,0.127924,2.039773,TUR,USA,0344
59964,226,231,677,2000.0,2239460.0,0.0,-1.14198,-0.368647,TZA,USA,0344
59965,227,231,677,2000.0,2102078.0,0.0,-1.275188,-0.9400639999999999,UGA,USA,0344
59966,228,231,677,2000.0,0.0,67550.0,0.622654,1.191971,UKR,USA,0344
59967,230,231,677,2000.0,4924223.0,13988.0,0.18688,0.575136,URY,USA,0344
59968,234,231,677,2000.0,0.0,4159.0,0.216315,-0.206287,VCT,USA,0344
59969,236,231,677,2000.0,26393.0,182816.0,-0.12500999999999998,-0.8610610000000001,VEN,USA,0344
59970,237,231,677,2000.0,4007434.0,54428.0,0.583925,-0.110356,VGB,USA,0344
59971,239,231,677,2000.0,24681766.0,48695.0,-0.589009,0.518708,VNM,USA,0344
59972,246,231,677,2000.0,8313647.0,23533.0,0.304739,2.2212709999999998,ZAF,USA,0344
59973,249,231,677,2000.0,23172540.0,629990.0,1.642139,1.2375639999999999,TWN,USA,0344
59974,0,236,677,2000.0,12113.0,1839.0,-0.197305,-0.888491,ABW,VEN,0344
59975,8,236,677,2000.0,138785.0,0.0,0.140533,0.888049,ARG,VEN,0344
59976,32,236,677,2000.0,1690.0,0.0,0.853466,1.28277,BRA,VEN,0344
59977,42,236,677,2000.0,2258890.0,0.0,-0.011509,0.0031190000000000002,CHL,VEN,0344
59978,43,236,677,2000.0,17714.0,0.0,0.43423,2.461961,CHN,VEN,0344
59979,49,236,677,2000.0,89529.0,0.0,0.12351400000000001,0.255517,COL,VEN,0344
59980,52,236,677,2000.0,7878.0,0.0,-0.136989,-0.190298,CRI,VEN,0344
59981,71,236,677,2000.0,81921.0,0.0,1.158711,1.7613189999999999,ESP,VEN,0344
59982,77,236,677,2000.0,0.0,13686.0,1.644969,0.56481,FRA,VEN,0344
59983,81,236,677,2000.0,5769.0,0.0,2.099928,0.564025,GBR,VEN,0344
59984,103,236,677,2000.0,34817.0,0.0,0.05846799999999999,1.577531,IDN,VEN,0344
59985,104,236,677,2000.0,3170.0,0.0,0.323006,2.3446860000000003,IND,VEN,0344
59986,114,236,677,2000.0,2941.0,0.0,2.8218240000000003,0.255803,JPN,VEN,0344
59987,138,236,677,2000.0,0.0,13093.0,0.9020379999999999,0.671139,MEX,VEN,0344
59988,162,236,677,2000.0,92717.0,37703.0,1.259257,1.595796,NLD,VEN,0344
59989,163,236,677,2000.0,83445.0,0.0,0.6499050000000001,-0.177091,NOR,VEN,0344
59990,166,236,677,2000.0,8822.0,0.0,0.419671,0.809288,NZL,VEN,0344
59991,173,236,677,2000.0,111511.0,0.0,-0.390278,-0.018691,PER,VEN,0344
59992,179,236,677,2000.0,53166.0,0.0,0.624078,1.342565,PRT,VEN,0344
59993,226,236,677,2000.0,223665.0,0.0,-1.14198,-0.368647,TZA,VEN,0344
59994,227,236,677,2000.0,156240.0,0.0,-1.275188,-0.9400639999999999,UGA,VEN,0344
59995,231,236,677,2000.0,182816.0,26393.0,1.9869709999999998,0.021666,USA,VEN,0344
59996,246,236,677,2000.0,22784.0,0.0,0.304739,2.2212709999999998,ZAF,VEN,0344
59997,14,239,677,2000.0,0.0,4999005.0,0.039636000000000005,1.001203,AUS,VNM,0344
59998,15,239,677,2000.0,0.0,33587.0,1.823798,0.465513,AUT,VNM,0344
