5639999,148,32,9220,2019,0.0,3183.0,-1.711918,-1.339005,MRT,BRA,847989
5640000,153,32,9220,2019,877131.0,18076.0,1.192967,0.730971,MYS,BRA,847989
5640001,155,32,9220,2019,0.0,188669.0,-0.545575,-0.744274,NAM,BRA,847989
5640002,159,32,9220,2019,0.0,435463.0,-1.7383970000000002,-1.220333,NGA,BRA,847989
5640003,160,32,9220,2019,0.0,13069.0,-1.058553,-0.854482,NIC,BRA,847989
5640004,162,32,9220,2019,6290254.0,37696.0,1.145044,1.3523530000000001,NLD,BRA,847989
5640005,163,32,9220,2019,3065347.0,70767.0,0.6957300000000001,0.181607,NOR,BRA,847989
5640006,166,32,9220,2019,3101.0,7623.0,0.119281,0.039036,NZL,BRA,847989
5640007,168,32,9220,2019,0.0,33239.0,-0.6909270000000001,0.8651120000000001,PAK,BRA,847989
5640008,169,32,9220,2019,6761.0,261410.0,0.00926,-0.308483,PAN,BRA,847989
5640009,173,32,9220,2019,0.0,3139066.0,-0.76944,-0.216619,PER,BRA,847989
5640010,174,32,9220,2019,9497.0,81378.0,0.762884,0.3318,PHL,BRA,847989
5640011,176,32,9220,2019,0.0,13907.0,-1.654143,-1.249707,PNG,BRA,847989
5640012,177,32,9220,2019,6144510.0,91164.0,1.088347,1.275875,POL,BRA,847989
5640013,179,32,9220,2019,1626742.0,115875.0,0.545467,2.344447,PRT,BRA,847989
5640014,180,32,9220,2019,1459402.0,10387580.0,-0.500999,-0.8635219999999999,PRY,BRA,847989
5640015,183,32,9220,2019,0.0,117386.0,-0.064127,-1.065046,QAT,BRA,847989
5640016,185,32,9220,2019,308015.0,36976.0,1.044289,1.013691,ROU,BRA,847989
5640017,186,32,9220,2019,157750.0,129682.0,0.329884,0.26215,RUS,BRA,847989
5640018,188,32,9220,2019,0.0,31138.0,0.787798,-0.41350600000000004,SAU,BRA,847989
5640019,190,32,9220,2019,0.0,3467.0,-1.25579,-1.208796,SDN,BRA,847989
5640020,191,32,9220,2019,0.0,366416.0,-0.721992,-0.385479,SEN,BRA,847989
5640021,192,32,9220,2019,4821806.0,1184433.0,2.0264599999999997,0.665506,SGP,BRA,847989
5640022,197,32,9220,2019,0.0,126627.0,0.014037,0.23216599999999998,SLV,BRA,847989
5640023,198,32,9220,2019,20818.0,0.0,1.144691,0.7038989999999999,SMR,BRA,847989
5640024,201,32,9220,2019,8439.0,4074.0,0.543913,1.210102,SRB,BRA,847989
5640025,205,32,9220,2019,0.0,57536.0,-0.369004,-1.017133,SUR,BRA,847989
5640026,206,32,9220,2019,973310.0,11330.0,1.39311,0.743107,SVK,BRA,847989
5640027,207,32,9220,2019,102676.0,1420.0,1.63711,0.803198,SVN,BRA,847989
5640028,208,32,9220,2019,4868626.0,65651.0,1.781148,0.742037,SWE,BRA,847989
5640029,216,32,9220,2019,6872350.0,49553.0,0.9744229999999999,1.401199,THA,BRA,847989
5640030,222,32,9220,2019,0.0,867847.0,0.1861,-0.874604,TTO,BRA,847989
5640031,223,32,9220,2019,969.0,3311.0,0.19601300000000002,1.159766,TUN,BRA,847989
5640032,224,32,9220,2019,469667.0,142007.0,0.569408,2.364546,TUR,BRA,847989
5640033,226,32,9220,2019,0.0,5539.0,-0.907172,0.37293899999999996,TZA,BRA,847989
5640034,227,32,9220,2019,0.0,36244.0,-0.639476,0.148255,UGA,BRA,847989
5640035,228,32,9220,2019,1822.0,31299.0,0.303802,0.5650270000000001,UKR,BRA,847989
5640036,230,32,9220,2019,104539.0,3441490.0,-0.077549,-0.473943,URY,BRA,847989
5640037,231,32,9220,2019,94592632.0,11361232.0,1.606808,0.3232,USA,BRA,847989
5640038,236,32,9220,2019,0.0,326111.0,-1.318175,-1.2506110000000001,VEN,BRA,847989
5640039,237,32,9220,2019,0.0,124274.0,1.145175,-0.41776199999999997,VGB,BRA,847989
5640040,239,32,9220,2019,1159672.0,306949.0,-0.048147,1.098784,VNM,BRA,847989
5640041,246,32,9220,2019,1457992.0,458132.0,0.129921,1.101027,ZAF,BRA,847989
5640042,248,32,9220,2019,0.0,62768.0,-0.9993780000000001,-1.018174,ZWE,BRA,847989
5640043,249,32,9220,2019,2865162.0,38930.0,2.123296,1.1786969999999999,TWN,BRA,847989
5640044,250,32,9220,2019,7491962.0,0.0,0.8996129999999999,-0.152746,ANS,BRA,847989
5640045,13,33,9220,2019,0.0,1244.0,0.391831,-0.723957,ATG,BRB,847989
5640046,39,33,9220,2019,15270.0,0.0,0.657292,1.187872,CAN,BRB,847989
5640047,43,33,9220,2019,8679.0,0.0,1.196265,1.2258870000000002,CHN,BRB,847989
5640048,61,33,9220,2019,326720.0,0.0,2.078626,-2.124816,DEU,BRB,847989
5640049,81,33,9220,2019,26067.0,0.0,1.731106,0.717566,GBR,BRB,847989
5640050,91,33,9220,2019,0.0,1537.0,0.297653,-0.409112,GRD,BRB,847989
5640051,96,33,9220,2019,35656.0,0.0,-0.308365,-0.7833359999999999,GUY,BRB,847989
5640052,104,33,9220,2019,55207.0,0.0,0.43196,2.661139,IND,BRB,847989
5640053,111,33,9220,2019,47460.0,0.0,1.25898,0.926639,ITA,BRB,847989
5640054,138,33,9220,2019,3974.0,0.0,1.083041,0.569353,MEX,BRB,847989
5640055,153,33,9220,2019,6117.0,0.0,1.192967,0.730971,MYS,BRB,847989
5640056,162,33,9220,2019,5878.0,7470.0,1.145044,1.3523530000000001,NLD,BRB,847989
5640057,222,33,9220,2019,1064.0,0.0,0.1861,-0.874604,TTO,BRB,847989
5640058,231,33,9220,2019,1468090.0,43884.0,1.606808,0.3232,USA,BRB,847989
5640059,249,33,9220,2019,1479.0,0.0,2.123296,1.1786969999999999,TWN,BRB,847989
5640060,2,39,9220,2019,0.0,6756.0,-1.096127,-1.195434,AGO,CAN,847989
5640061,4,39,9220,2019,0.0,1292422.0,-0.459614,-0.019257,ALB,CAN,847989
5640062,7,39,9220,2019,204413.0,7917067.0,-0.165113,-0.8973540000000001,ARE,CAN,847989
5640063,8,39,9220,2019,81291.0,1652948.0,-0.136634,0.127073,ARG,CAN,847989
5640064,9,39,9220,2019,0.0,153794.0,-0.203986,-0.667607,ARM,CAN,847989
5640065,14,39,9220,2019,2410844.0,5318454.0,-0.294558,-0.180198,AUS,CAN,847989
5640066,15,39,9220,2019,7086458.0,198136.0,1.743927,-0.076778,AUT,CAN,847989
5640067,16,39,9220,2019,6396.0,1635.0,-1.005636,-1.2094209999999999,AZE,CAN,847989
5640068,18,39,9220,2019,1016188.0,5684801.0,1.2555969999999999,1.168642,BEL,CAN,847989
5640069,21,39,9220,2019,0.0,14939.0,-0.805181,-0.941847,BFA,CAN,847989
5640070,22,39,9220,2019,0.0,381635.0,-1.113148,-0.9513299999999999,BGD,CAN,847989
5640071,23,39,9220,2019,86087.0,170146.0,0.572997,1.863346,BGR,CAN,847989
5640072,24,39,9220,2019,694179.0,893185.0,0.378349,-0.621468,BHR,CAN,847989
5640073,25,39,9220,2019,0.0,7982.0,-0.10707799999999999,-0.7419720000000001,BHS,CAN,847989
5640074,26,39,9220,2019,0.0,1267.0,0.6525,0.83988,BIH,CAN,847989
5640075,28,39,9220,2019,2752.0,140827.0,0.7849649999999999,0.8951600000000001,BLR,CAN,847989
5640076,29,39,9220,2019,0.0,8225.0,-0.484834,-0.638616,BLZ,CAN,847989
5640077,30,39,9220,2019,0.0,3914.0,0.875265,-0.498062,BMU,CAN,847989
5640078,31,39,9220,2019,0.0,19645.0,-1.012748,-0.999245,BOL,CAN,847989
5640079,32,39,9220,2019,658926.0,3632832.0,0.076947,0.660604,BRA,CAN,847989
5640080,33,39,9220,2019,0.0,15270.0,0.6228199999999999,-0.10803499999999999,BRB,CAN,847989
5640081,34,39,9220,2019,0.0,59978.0,0.9608620000000001,-0.7012619999999999,BRN,CAN,847989
5640082,37,39,9220,2019,0.0,1010.0,-0.492807,-1.152651,BWA,CAN,847989
5640083,38,39,9220,2019,0.0,35783.0,-0.027091000000000004,-0.7267899999999999,CAF,CAN,847989
5640084,41,39,9220,2019,10347436.0,1088424.0,2.1990849999999997,0.8394229999999999,CHE,CAN,847989
5640085,42,39,9220,2019,88858.0,2044957.0,-0.34416199999999997,-0.432674,CHL,CAN,847989
5640086,43,39,9220,2019,73009680.0,37975040.0,1.196265,1.2258870000000002,CHN,CAN,847989
5640087,44,39,9220,2019,0.0,8800.0,-0.9916719999999999,-0.960625,CIV,CAN,847989
5640088,45,39,9220,2019,0.0,74502.0,-1.461279,-1.214274,CMR,CAN,847989
5640089,46,39,9220,2019,0.0,344483.0,-1.2685879999999998,-1.148403,COD,CAN,847989
5640090,47,39,9220,2019,0.0,154921.0,-1.305193,-1.162808,COG,CAN,847989
5640091,49,39,9220,2019,16273.0,2608069.0,0.099936,-0.15568800000000002,COL,CAN,847989
5640092,52,39,9220,2019,7774.0,22786.0,0.38045,0.08960900000000001,CRI,CAN,847989
5640093,54,39,9220,2019,0.0,152987.0,-0.880892,-1.141591,CUB,CAN,847989
5640094,56,39,9220,2019,0.0,44761.0,1.097952,-0.513787,CXR,CAN,847989
5640095,58,39,9220,2019,0.0,66182.0,0.657782,0.209481,CYP,CAN,847989
5640096,59,39,9220,2019,1736740.0,505040.0,1.797611,0.406708,CZE,CAN,847989
5640097,61,39,9220,2019,91396264.0,8132582.0,2.078626,-2.124816,DEU,CAN,847989
5640098,62,39,9220,2019,0.0,1488.0,-0.602334,-0.794205,DJI,CAN,847989
5640099,64,39,9220,2019,8791715.0,508921.0,1.0768280000000001,1.2615610000000002,DNK,CAN,847989
5640100,65,39,9220,2019,0.0,116054.0,-0.20594,0.309785,DOM,CAN,847989
5640101,66,39,9220,2019,0.0,744658.0,-1.008866,-1.215228,DZA,CAN,847989
5640102,67,39,9220,2019,68109.0,1112084.0,-1.12261,-1.094275,ECU,CAN,847989
5640103,68,39,9220,2019,0.0,2515584.0,-0.152353,1.5426309999999999,EGY,CAN,847989
5640104,71,39,9220,2019,6132716.0,1350394.0,0.678454,3.007838,ESP,CAN,847989
5640105,72,39,9220,2019,3812758.0,123467.0,0.962284,1.346195,EST,CAN,847989
5640106,73,39,9220,2019,0.0,4922.0,-1.073631,-0.617885,ETH,CAN,847989
5640107,74,39,9220,2019,2783470.0,516173.0,1.495278,1.034435,FIN,CAN,847989
5640108,75,39,9220,2019,0.0,4251.0,-0.274278,-0.049333,FJI,CAN,847989
5640109,77,39,9220,2019,8475112.0,13505067.0,1.380982,0.9510629999999999,FRA,CAN,847989
5640110,78,39,9220,2019,49083.0,0.0,-1.164816,-0.9571540000000001,FRO,CAN,847989
5640111,80,39,9220,2019,0.0,1619452.0,-1.08556,-1.183434,GAB,CAN,847989
5640112,81,39,9220,2019,19075122.0,22375718.0,1.731106,0.717566,GBR,CAN,847989
5640113,82,39,9220,2019,1791.0,6705.0,-0.057798,-0.206771,GEO,CAN,847989
5640114,83,39,9220,2019,0.0,37135.0,-0.9581,-0.8727879999999999,GHA,CAN,847989
5640115,85,39,9220,2019,0.0,39915.0,-1.366633,-1.196123,GIN,CAN,847989
5640116,89,39,9220,2019,0.0,112423.0,-1.9057680000000001,-0.968132,GNQ,CAN,847989
5640117,90,39,9220,2019,11225.0,361346.0,0.08904400000000001,1.059396,GRC,CAN,847989
5640118,92,39,9220,2019,0.0,27296.0,-0.808258,-0.936559,GRL,CAN,847989
5640119,93,39,9220,2019,0.0,47923.0,-0.43447299999999994,0.658475,GTM,CAN,847989
5640120,96,39,9220,2019,0.0,423596.0,-0.308365,-0.7833359999999999,GUY,CAN,847989
5640121,97,39,9220,2019,571266.0,6421402.0,0.992556,1.523004,HKG,CAN,847989
5640122,99,39,9220,2019,15017.0,142240.0,-0.6444439999999999,-0.203443,HND,CAN,847989
5640123,100,39,9220,2019,59217.0,221864.0,0.850527,1.280845,HRV,CAN,847989
5640124,101,39,9220,2019,0.0,3088.0,-1.120295,-0.967447,HTI,CAN,847989
5640125,102,39,9220,2019,1277518.0,365972.0,1.462102,0.809183,HUN,CAN,847989
5640126,103,39,9220,2019,6937.0,653678.0,-0.141811,1.385726,IDN,CAN,847989
5640127,104,39,9220,2019,4240752.0,2849497.0,0.43196,2.661139,IND,CAN,847989
5640128,106,39,9220,2019,967499.0,36499116.0,1.3812389999999999,-0.025366,IRL,CAN,847989
5640129,108,39,9220,2019,0.0,828451.0,-1.593359,-0.9927860000000001,IRQ,CAN,847989
5640130,109,39,9220,2019,331401.0,156196.0,0.378873,-0.162129,ISL,CAN,847989
5640131,110,39,9220,2019,2480788.0,718821.0,1.488686,0.823376,ISR,CAN,847989
5640132,111,39,9220,2019,41254828.0,1684828.0,1.25898,0.926639,ITA,CAN,847989
5640133,112,39,9220,2019,0.0,185238.0,-0.18387799999999999,-0.710004,JAM,CAN,847989
5640134,113,39,9220,2019,0.0,573626.0,-0.003529,0.255816,JOR,CAN,847989
5640135,114,39,9220,2019,30611024.0,7251222.0,2.4931509999999997,-0.558811,JPN,CAN,847989
5640136,115,39,9220,2019,93607.0,3913283.0,-0.26529400000000003,-0.523479,KAZ,CAN,847989
5640137,116,39,9220,2019,0.0,7761.0,-0.406684,0.8588969999999999,KEN,CAN,847989
5640138,117,39,9220,2019,0.0,26666.0,-0.297072,0.306611,KGZ,CAN,847989
5640139,121,39,9220,2019,10573146.0,2587444.0,2.115482,0.696838,KOR,CAN,847989
5640140,122,39,9220,2019,0.0,887405.0,0.081686,-1.087259,KWT,CAN,847989
5640141,124,39,9220,2019,5809.0,3348.0,0.26155700000000004,1.062317,LBN,CAN,847989
5640142,126,39,9220,2019,0.0,766463.0,-1.552842,-1.2316690000000001,LBY,CAN,847989
5640143,128,39,9220,2019,0.0,233923.0,-0.592952,0.394811,LKA,CAN,847989
5640144,130,39,9220,2019,300364.0,103684.0,0.858456,1.364581,LTU,CAN,847989
5640145,131,39,9220,2019,35898.0,74329.0,1.234145,1.3754309999999998,LUX,CAN,847989
5640146,132,39,9220,2019,5788.0,144656.0,0.7804300000000001,1.159592,LVA,CAN,847989
5640147,133,39,9220,2019,0.0,3246.0,0.397984,-0.061689,MAC,CAN,847989
5640148,134,39,9220,2019,14582.0,282711.0,-0.747739,-0.154125,MAR,CAN,847989
5640149,135,39,9220,2019,0.0,1184.0,-0.333385,-0.35752,MDA,CAN,847989
5640150,138,39,9220,2019,26732792.0,15551081.0,1.083041,0.569353,MEX,CAN,847989
5640151,140,39,9220,2019,1557.0,55604.0,0.050624,-0.11143299999999999,MKD,CAN,847989
5640152,141,39,9220,2019,0.0,603610.0,-0.381732,-0.606313,MLI,CAN,847989
5640153,142,39,9220,2019,29977.0,0.0,0.893992,0.25255500000000003,MLT,CAN,847989
5640154,143,39,9220,2019,0.0,22654.0,-1.196733,-0.435766,MMR,CAN,847989
5640155,144,39,9220,2019,0.0,13648.0,0.40415100000000004,0.068967,MNE,CAN,847989
5640156,145,39,9220,2019,30369.0,8328.0,-1.1612049999999998,-1.1615739999999999,MNG,CAN,847989
5640157,147,39,9220,2019,0.0,1653.0,-1.264532,-1.072626,MOZ,CAN,847989
5640158,148,39,9220,2019,0.0,1247728.0,-1.711918,-1.339005,MRT,CAN,847989
5640159,153,39,9220,2019,3557992.0,1951681.0,1.192967,0.730971,MYS,CAN,847989
5640160,155,39,9220,2019,0.0,40648.0,-0.545575,-0.744274,NAM,CAN,847989
5640161,159,39,9220,2019,0.0,1042969.0,-1.7383970000000002,-1.220333,NGA,CAN,847989
5640162,162,39,9220,2019,7085759.0,6444587.0,1.145044,1.3523530000000001,NLD,CAN,847989
5640163,163,39,9220,2019,3470061.0,2520744.0,0.6957300000000001,0.181607,NOR,CAN,847989
5640164,166,39,9220,2019,987391.0,1084172.0,0.119281,0.039036,NZL,CAN,847989
5640165,167,39,9220,2019,0.0,3867674.0,-0.40120100000000003,-0.881602,OMN,CAN,847989
5640166,168,39,9220,2019,23414.0,60647.0,-0.6909270000000001,0.8651120000000001,PAK,CAN,847989
5640167,169,39,9220,2019,2490.0,586172.0,0.00926,-0.308483,PAN,CAN,847989
5640168,173,39,9220,2019,0.0,382855.0,-0.76944,-0.216619,PER,CAN,847989
5640169,174,39,9220,2019,4208.0,600965.0,0.762884,0.3318,PHL,CAN,847989
5640170,176,39,9220,2019,0.0,7609.0,-1.654143,-1.249707,PNG,CAN,847989
5640171,177,39,9220,2019,99843.0,2526209.0,1.088347,1.275875,POL,CAN,847989
5640172,179,39,9220,2019,66340.0,219250.0,0.545467,2.344447,PRT,CAN,847989
5640173,180,39,9220,2019,0.0,1948.0,-0.500999,-0.8635219999999999,PRY,CAN,847989
5640174,182,39,9220,2019,0.0,3896.0,0.30119,-0.39213000000000003,PYF,CAN,847989
5640175,183,39,9220,2019,0.0,4323968.0,-0.064127,-1.065046,QAT,CAN,847989
5640176,185,39,9220,2019,3279973.0,723647.0,1.044289,1.013691,ROU,CAN,847989
5640177,186,39,9220,2019,135064.0,8502298.0,0.329884,0.26215,RUS,CAN,847989
5640178,188,39,9220,2019,22033.0,9483808.0,0.787798,-0.41350600000000004,SAU,CAN,847989
5640179,190,39,9220,2019,0.0,9051.0,-1.25579,-1.208796,SDN,CAN,847989
5640180,192,39,9220,2019,2127964.0,2099297.0,2.0264599999999997,0.665506,SGP,CAN,847989
5640181,197,39,9220,2019,0.0,14517.0,0.014037,0.23216599999999998,SLV,CAN,847989
5640182,199,39,9220,2019,0.0,116557.0,-1.046802,-0.961166,SOM,CAN,847989
5640183,200,39,9220,2019,0.0,4023.0,0.14380199999999999,-0.788161,SPM,CAN,847989
5640184,201,39,9220,2019,0.0,628270.0,0.543913,1.210102,SRB,CAN,847989
5640185,205,39,9220,2019,0.0,76372.0,-0.369004,-1.017133,SUR,CAN,847989
5640186,206,39,9220,2019,18451.0,18004.0,1.39311,0.743107,SVK,CAN,847989
5640187,207,39,9220,2019,1108455.0,101357.0,1.63711,0.803198,SVN,CAN,847989
5640188,208,39,9220,2019,9480503.0,5032134.0,1.781148,0.742037,SWE,CAN,847989
5640189,209,39,9220,2019,0.0,2593.0,0.087181,-0.760434,SWZ,CAN,847989
5640190,213,39,9220,2019,0.0,9015.0,0.729377,-0.28097300000000003,TCA,CAN,847989
5640191,214,39,9220,2019,0.0,164000.0,-2.636669,-1.033665,TCD,CAN,847989
5640192,216,39,9220,2019,87295.0,654523.0,0.9744229999999999,1.401199,THA,CAN,847989
5640193,219,39,9220,2019,0.0,16353.0,-0.9725950000000001,-1.16562,TKM,CAN,847989
5640194,222,39,9220,2019,2843.0,419306.0,0.1861,-0.874604,TTO,CAN,847989
5640195,223,39,9220,2019,0.0,189793.0,0.19601300000000002,1.159766,TUN,CAN,847989
5640196,224,39,9220,2019,1291409.0,2602674.0,0.569408,2.364546,TUR,CAN,847989
5640197,226,39,9220,2019,0.0,204348.0,-0.907172,0.37293899999999996,TZA,CAN,847989
5640198,228,39,9220,2019,31233.0,386724.0,0.303802,0.5650270000000001,UKR,CAN,847989
5640199,230,39,9220,2019,0.0,39326.0,-0.077549,-0.473943,URY,CAN,847989
5640200,231,39,9220,2019,678212672.0,711449600.0,1.606808,0.3232,USA,CAN,847989
5640201,232,39,9220,2019,0.0,83876.0,-0.5856060000000001,-0.311248,UZB,CAN,847989
5640202,234,39,9220,2019,0.0,25905.0,-0.712703,-0.859416,VCT,CAN,847989
5640203,236,39,9220,2019,0.0,449684.0,-1.318175,-1.2506110000000001,VEN,CAN,847989
5640204,239,39,9220,2019,493113.0,399867.0,-0.048147,1.098784,VNM,CAN,847989
5640205,240,39,9220,2019,0.0,43373.0,-0.88634,-0.943023,VUT,CAN,847989
5640206,243,39,9220,2019,0.0,30065.0,-1.4367860000000001,-1.262101,YEM,CAN,847989
5640207,246,39,9220,2019,140197.0,598672.0,0.129921,1.101027,ZAF,CAN,847989
5640208,247,39,9220,2019,0.0,281828.0,-0.629261,-0.8471489999999999,ZMB,CAN,847989
5640209,248,39,9220,2019,0.0,30736.0,-0.9993780000000001,-1.018174,ZWE,CAN,847989
5640210,249,39,9220,2019,2050917.0,726249.0,2.123296,1.1786969999999999,TWN,CAN,847989
5640211,250,39,9220,2019,10064690.0,0.0,0.8996129999999999,-0.152746,ANS,CAN,847989
5640212,2,41,9220,2019,0.0,9176.0,-1.096127,-1.195434,AGO,CHE,847989
5640213,4,41,9220,2019,1632.0,17889.0,-0.459614,-0.019257,ALB,CHE,847989
5640214,7,41,9220,2019,309594.0,3026379.0,-0.165113,-0.8973540000000001,ARE,CHE,847989
5640215,8,41,9220,2019,0.0,474168.0,-0.136634,0.127073,ARG,CHE,847989
5640216,9,41,9220,2019,2821.0,482462.0,-0.203986,-0.667607,ARM,CHE,847989
5640217,14,41,9220,2019,481636.0,12838692.0,-0.294558,-0.180198,AUS,CHE,847989
5640218,15,41,9220,2019,27446396.0,29080128.0,1.743927,-0.076778,AUT,CHE,847989
5640219,16,41,9220,2019,0.0,203646.0,-1.005636,-1.2094209999999999,AZE,CHE,847989
5640220,17,41,9220,2019,0.0,248.0,-0.689117,-0.9027209999999999,BDI,CHE,847989
5640221,18,41,9220,2019,6886591.0,20594122.0,1.2555969999999999,1.168642,BEL,CHE,847989
5640222,21,41,9220,2019,0.0,1393.0,-0.805181,-0.941847,BFA,CHE,847989
5640223,22,41,9220,2019,18243.0,2062740.0,-1.113148,-0.9513299999999999,BGD,CHE,847989
5640224,23,41,9220,2019,7072.0,1215166.0,0.572997,1.863346,BGR,CHE,847989
5640225,24,41,9220,2019,0.0,82091.0,0.378349,-0.621468,BHR,CHE,847989
5640226,26,41,9220,2019,3771.0,119229.0,0.6525,0.83988,BIH,CHE,847989
5640227,28,41,9220,2019,73429.0,438921.0,0.7849649999999999,0.8951600000000001,BLR,CHE,847989
5640228,31,41,9220,2019,0.0,2901.0,-1.012748,-0.999245,BOL,CHE,847989
5640229,32,41,9220,2019,196256.0,6596736.0,0.076947,0.660604,BRA,CHE,847989
5640230,34,41,9220,2019,0.0,46519.0,0.9608620000000001,-0.7012619999999999,BRN,CHE,847989
5640231,37,41,9220,2019,0.0,1437.0,-0.492807,-1.152651,BWA,CHE,847989
5640232,39,41,9220,2019,1088424.0,10347436.0,0.657292,1.187872,CAN,CHE,847989
5640233,42,41,9220,2019,71284.0,4616571.0,-0.34416199999999997,-0.432674,CHL,CHE,847989
5640234,43,41,9220,2019,8313970.0,139556496.0,1.196265,1.2258870000000002,CHN,CHE,847989
5640235,44,41,9220,2019,0.0,5682.0,-0.9916719999999999,-0.960625,CIV,CHE,847989
5640236,45,41,9220,2019,0.0,15675.0,-1.461279,-1.214274,CMR,CHE,847989
5640237,46,41,9220,2019,0.0,274889.0,-1.2685879999999998,-1.148403,COD,CHE,847989
5640238,49,41,9220,2019,6358.0,1630592.0,0.099936,-0.15568800000000002,COL,CHE,847989
5640239,52,41,9220,2019,3293.0,379703.0,0.38045,0.08960900000000001,CRI,CHE,847989
5640240,54,41,9220,2019,0.0,28477.0,-0.880892,-1.141591,CUB,CHE,847989
5640241,58,41,9220,2019,0.0,51389.0,0.657782,0.209481,CYP,CHE,847989
5640242,59,41,9220,2019,4330170.0,42215456.0,1.797611,0.406708,CZE,CHE,847989
5640243,61,41,9220,2019,367856352.0,358774432.0,2.078626,-2.124816,DEU,CHE,847989
5640244,64,41,9220,2019,5299615.0,18828592.0,1.0768280000000001,1.2615610000000002,DNK,CHE,847989
5640245,65,41,9220,2019,0.0,72919.0,-0.20594,0.309785,DOM,CHE,847989
5640246,66,41,9220,2019,0.0,1079395.0,-1.008866,-1.215228,DZA,CHE,847989
5640247,67,41,9220,2019,0.0,187887.0,-1.12261,-1.094275,ECU,CHE,847989
5640248,68,41,9220,2019,4059.0,6297809.0,-0.152353,1.5426309999999999,EGY,CHE,847989
5640249,71,41,9220,2019,3505738.0,9330479.0,0.678454,3.007838,ESP,CHE,847989
5640250,72,41,9220,2019,20667.0,785035.0,0.962284,1.346195,EST,CHE,847989
5640251,73,41,9220,2019,0.0,641828.0,-1.073631,-0.617885,ETH,CHE,847989
5640252,74,41,9220,2019,1417525.0,8596188.0,1.495278,1.034435,FIN,CHE,847989
5640253,77,41,9220,2019,45820520.0,78597328.0,1.380982,0.9510629999999999,FRA,CHE,847989
5640254,78,41,9220,2019,11711.0,0.0,-1.164816,-0.9571540000000001,FRO,CHE,847989
5640255,80,41,9220,2019,0.0,29236.0,-1.08556,-1.183434,GAB,CHE,847989
5640256,81,41,9220,2019,12797547.0,21371414.0,1.731106,0.717566,GBR,CHE,847989
5640257,82,41,9220,2019,0.0,11432.0,-0.057798,-0.206771,GEO,CHE,847989
5640258,83,41,9220,2019,5767.0,12311.0,-0.9581,-0.8727879999999999,GHA,CHE,847989
5640259,85,41,9220,2019,0.0,3152.0,-1.366633,-1.196123,GIN,CHE,847989
5640260,87,41,9220,2019,0.0,1601.0,-1.0174450000000002,-0.790743,GMB,CHE,847989
5640261,90,41,9220,2019,13108.0,2364026.0,0.08904400000000001,1.059396,GRC,CHE,847989
5640262,93,41,9220,2019,0.0,32566.0,-0.43447299999999994,0.658475,GTM,CHE,847989
5640263,97,41,9220,2019,557672.0,11208167.0,0.992556,1.523004,HKG,CHE,847989
5640264,99,41,9220,2019,0.0,104785.0,-0.6444439999999999,-0.203443,HND,CHE,847989
5640265,100,41,9220,2019,384873.0,354511.0,0.850527,1.280845,HRV,CHE,847989
5640266,102,41,9220,2019,1796022.0,3150582.0,1.462102,0.809183,HUN,CHE,847989
5640267,103,41,9220,2019,14321.0,1496692.0,-0.141811,1.385726,IDN,CHE,847989
5640268,104,41,9220,2019,552004.0,8271068.0,0.43196,2.661139,IND,CHE,847989
5640269,106,41,9220,2019,804440.0,14845105.0,1.3812389999999999,-0.025366,IRL,CHE,847989
5640270,107,41,9220,2019,0.0,5577.0,-0.386813,-0.467873,IRN,CHE,847989
5640271,108,41,9220,2019,0.0,28118.0,-1.593359,-0.9927860000000001,IRQ,CHE,847989
5640272,109,41,9220,2019,0.0,208768.0,0.378873,-0.162129,ISL,CHE,847989
5640273,110,41,9220,2019,1675164.0,2509458.0,1.488686,0.823376,ISR,CHE,847989
5640274,111,41,9220,2019,55320976.0,32092660.0,1.25898,0.926639,ITA,CHE,847989
5640275,112,41,9220,2019,0.0,5519.0,-0.18387799999999999,-0.710004,JAM,CHE,847989
5640276,113,41,9220,2019,2821.0,35821.0,-0.003529,0.255816,JOR,CHE,847989
5640277,114,41,9220,2019,6560244.0,27016440.0,2.4931509999999997,-0.558811,JPN,CHE,847989
5640278,115,41,9220,2019,0.0,100135.0,-0.26529400000000003,-0.523479,KAZ,CHE,847989
5640279,116,41,9220,2019,0.0,81032.0,-0.406684,0.8588969999999999,KEN,CHE,847989
5640280,117,41,9220,2019,0.0,7284.0,-0.297072,0.306611,KGZ,CHE,847989
5640281,118,41,9220,2019,0.0,3458.0,-0.7499359999999999,-0.627125,KHM,CHE,847989
5640282,121,41,9220,2019,1436792.0,22738182.0,2.115482,0.696838,KOR,CHE,847989
5640283,122,41,9220,2019,0.0,165927.0,0.081686,-1.087259,KWT,CHE,847989
5640284,124,41,9220,2019,0.0,126626.0,0.26155700000000004,1.062317,LBN,CHE,847989
5640285,126,41,9220,2019,0.0,2985.0,-1.552842,-1.2316690000000001,LBY,CHE,847989
5640286,127,41,9220,2019,0.0,13657.0,0.21145,-0.08792699999999999,LCA,CHE,847989
5640287,128,41,9220,2019,465234.0,67328.0,-0.592952,0.394811,LKA,CHE,847989
5640288,130,41,9220,2019,62354.0,1151827.0,0.858456,1.364581,LTU,CHE,847989
5640289,131,41,9220,2019,426317.0,1624212.0,1.234145,1.3754309999999998,LUX,CHE,847989
5640290,132,41,9220,2019,17612.0,458875.0,0.7804300000000001,1.159592,LVA,CHE,847989
5640291,133,41,9220,2019,0.0,50020.0,0.397984,-0.061689,MAC,CHE,847989
5640292,134,41,9220,2019,0.0,1132207.0,-0.747739,-0.154125,MAR,CHE,847989
5640293,135,41,9220,2019,0.0,4137.0,-0.333385,-0.35752,MDA,CHE,847989
5640294,136,41,9220,2019,74025.0,23179.0,-1.267516,-0.733849,MDG,CHE,847989
5640295,137,41,9220,2019,0.0,4150.0,-0.37792800000000004,-0.8963059999999999,MDV,CHE,847989
5640296,138,41,9220,2019,78565.0,7951438.0,1.083041,0.569353,MEX,CHE,847989
5640297,140,41,9220,2019,48912.0,228843.0,0.050624,-0.11143299999999999,MKD,CHE,847989
5640298,142,41,9220,2019,17295.0,286315.0,0.893992,0.25255500000000003,MLT,CHE,847989
5640299,143,41,9220,2019,0.0,18172.0,-1.196733,-0.435766,MMR,CHE,847989
5640300,144,41,9220,2019,2386.0,6274.0,0.40415100000000004,0.068967,MNE,CHE,847989
5640301,145,41,9220,2019,0.0,8218.0,-1.1612049999999998,-1.1615739999999999,MNG,CHE,847989
5640302,147,41,9220,2019,0.0,2039.0,-1.264532,-1.072626,MOZ,CHE,847989
5640303,151,41,9220,2019,53483.0,28486.0,-0.15909600000000002,0.034770999999999996,MUS,CHE,847989
5640304,153,41,9220,2019,1471187.0,9764392.0,1.192967,0.730971,MYS,CHE,847989
5640305,157,41,9220,2019,0.0,4437.0,-0.345047,-0.792769,NER,CHE,847989
5640306,159,41,9220,2019,0.0,483250.0,-1.7383970000000002,-1.220333,NGA,CHE,847989
5640307,160,41,9220,2019,0.0,2455.0,-1.058553,-0.854482,NIC,CHE,847989
5640308,162,41,9220,2019,18296176.0,51491696.0,1.145044,1.3523530000000001,NLD,CHE,847989
5640309,163,41,9220,2019,1258788.0,10708685.0,0.6957300000000001,0.181607,NOR,CHE,847989
5640310,164,41,9220,2019,0.0,13167.0,-0.23868000000000003,0.42732299999999995,NPL,CHE,847989
5640311,166,41,9220,2019,93025.0,934865.0,0.119281,0.039036,NZL,CHE,847989
5640312,167,41,9220,2019,0.0,189651.0,-0.40120100000000003,-0.881602,OMN,CHE,847989
5640313,168,41,9220,2019,0.0,2595381.0,-0.6909270000000001,0.8651120000000001,PAK,CHE,847989
5640314,169,41,9220,2019,0.0,31666.0,0.00926,-0.308483,PAN,CHE,847989
5640315,173,41,9220,2019,0.0,141031.0,-0.76944,-0.216619,PER,CHE,847989
5640316,174,41,9220,2019,36526.0,2182627.0,0.762884,0.3318,PHL,CHE,847989
5640317,176,41,9220,2019,554598.0,5339.0,-1.654143,-1.249707,PNG,CHE,847989
5640318,177,41,9220,2019,10168943.0,12622490.0,1.088347,1.275875,POL,CHE,847989
5640319,179,41,9220,2019,604389.0,3215890.0,0.545467,2.344447,PRT,CHE,847989
5640320,180,41,9220,2019,0.0,65032.0,-0.500999,-0.8635219999999999,PRY,CHE,847989
5640321,181,41,9220,2019,0.0,2833.0,0.05640800000000001,0.708102,PSE,CHE,847989
5640322,182,41,9220,2019,0.0,17100.0,0.30119,-0.39213000000000003,PYF,CHE,847989
5640323,183,41,9220,2019,0.0,1379739.0,-0.064127,-1.065046,QAT,CHE,847989
5640324,185,41,9220,2019,1921357.0,1847394.0,1.044289,1.013691,ROU,CHE,847989
5640325,186,41,9220,2019,106248.0,8717840.0,0.329884,0.26215,RUS,CHE,847989
5640326,187,41,9220,2019,0.0,2805.0,-0.812602,-0.737603,RWA,CHE,847989
5640327,188,41,9220,2019,33759.0,4564964.0,0.787798,-0.41350600000000004,SAU,CHE,847989
5640328,190,41,9220,2019,0.0,18544.0,-1.25579,-1.208796,SDN,CHE,847989
5640329,191,41,9220,2019,0.0,40984.0,-0.721992,-0.385479,SEN,CHE,847989
5640330,192,41,9220,2019,6052496.0,20211998.0,2.0264599999999997,0.665506,SGP,CHE,847989
5640331,197,41,9220,2019,0.0,68810.0,0.014037,0.23216599999999998,SLV,CHE,847989
5640332,201,41,9220,2019,92702.0,702703.0,0.543913,1.210102,SRB,CHE,847989
5640333,205,41,9220,2019,0.0,42710.0,-0.369004,-1.017133,SUR,CHE,847989
5640334,206,41,9220,2019,2451150.0,2132899.0,1.39311,0.743107,SVK,CHE,847989
5640335,207,41,9220,2019,737958.0,1545651.0,1.63711,0.803198,SVN,CHE,847989
5640336,208,41,9220,2019,8965162.0,6740210.0,1.781148,0.742037,SWE,CHE,847989
5640337,209,41,9220,2019,0.0,35222.0,0.087181,-0.760434,SWZ,CHE,847989
5640338,211,41,9220,2019,0.0,1002.0,0.024113,-0.711363,SYC,CHE,847989
5640339,212,41,9220,2019,0.0,4192.0,-0.67825,0.385416,SYR,CHE,847989
5640340,215,41,9220,2019,0.0,999.0,-0.823204,-0.819535,TGO,CHE,847989
5640341,216,41,9220,2019,4104285.0,4928692.0,0.9744229999999999,1.401199,THA,CHE,847989
5640342,223,41,9220,2019,1058.0,2085087.0,0.19601300000000002,1.159766,TUN,CHE,847989
5640343,224,41,9220,2019,851173.0,11457714.0,0.569408,2.364546,TUR,CHE,847989
5640344,226,41,9220,2019,0.0,17873.0,-0.907172,0.37293899999999996,TZA,CHE,847989
5640345,227,41,9220,2019,0.0,70772.0,-0.639476,0.148255,UGA,CHE,847989
5640346,228,41,9220,2019,157955.0,489544.0,0.303802,0.5650270000000001,UKR,CHE,847989
5640347,230,41,9220,2019,0.0,101412.0,-0.077549,-0.473943,URY,CHE,847989
5640348,231,41,9220,2019,15750195.0,181787712.0,1.606808,0.3232,USA,CHE,847989
5640349,232,41,9220,2019,0.0,29316.0,-0.5856060000000001,-0.311248,UZB,CHE,847989
5640350,239,41,9220,2019,553658.0,4507354.0,-0.048147,1.098784,VNM,CHE,847989
5640351,243,41,9220,2019,0.0,4243.0,-1.4367860000000001,-1.262101,YEM,CHE,847989
5640352,246,41,9220,2019,28205.0,2460311.0,0.129921,1.101027,ZAF,CHE,847989
5640353,247,41,9220,2019,0.0,3847.0,-0.629261,-0.8471489999999999,ZMB,CHE,847989
5640354,248,41,9220,2019,0.0,6772.0,-0.9993780000000001,-1.018174,ZWE,CHE,847989
5640355,249,41,9220,2019,239600.0,4330972.0,2.123296,1.1786969999999999,TWN,CHE,847989
5640356,3,42,9220,2019,3787.0,0.0,0.9469639999999999,-0.526437,AIA,CHL,847989
5640357,7,42,9220,2019,1285.0,3049.0,-0.165113,-0.8973540000000001,ARE,CHL,847989
5640358,8,42,9220,2019,1549879.0,1570345.0,-0.136634,0.127073,ARG,CHL,847989
5640359,14,42,9220,2019,503846.0,362663.0,-0.294558,-0.180198,AUS,CHL,847989
5640360,15,42,9220,2019,375144.0,0.0,1.743927,-0.076778,AUT,CHL,847989
5640361,18,42,9220,2019,234533.0,19549.0,1.2555969999999999,1.168642,BEL,CHL,847989
5640362,23,42,9220,2019,5644.0,0.0,0.572997,1.863346,BGR,CHL,847989
5640363,31,42,9220,2019,0.0,950733.0,-1.012748,-0.999245,BOL,CHL,847989
5640364,32,42,9220,2019,6714732.0,96221.0,0.076947,0.660604,BRA,CHL,847989
5640365,39,42,9220,2019,2044957.0,88858.0,0.657292,1.187872,CAN,CHL,847989
5640366,41,42,9220,2019,4616571.0,71284.0,2.1990849999999997,0.8394229999999999,CHE,CHL,847989
5640367,43,42,9220,2019,34326328.0,195994.0,1.196265,1.2258870000000002,CHN,CHL,847989
5640368,49,42,9220,2019,104109.0,76807.0,0.099936,-0.15568800000000002,COL,CHL,847989
5640369,52,42,9220,2019,1530.0,0.0,0.38045,0.08960900000000001,CRI,CHL,847989
5640370,59,42,9220,2019,430573.0,0.0,1.797611,0.406708,CZE,CHL,847989
5640371,61,42,9220,2019,14123066.0,92856.0,2.078626,-2.124816,DEU,CHL,847989
5640372,64,42,9220,2019,1238792.0,41754.0,1.0768280000000001,1.2615610000000002,DNK,CHL,847989
5640373,65,42,9220,2019,25538.0,0.0,-0.20594,0.309785,DOM,CHL,847989
5640374,67,42,9220,2019,46641.0,469773.0,-1.12261,-1.094275,ECU,CHL,847989
5640375,68,42,9220,2019,0.0,8878.0,-0.152353,1.5426309999999999,EGY,CHL,847989
5640376,71,42,9220,2019,9265766.0,1073849.0,0.678454,3.007838,ESP,CHL,847989
5640377,72,42,9220,2019,11080.0,0.0,0.962284,1.346195,EST,CHL,847989
5640378,74,42,9220,2019,380374.0,0.0,1.495278,1.034435,FIN,CHL,847989
5640379,77,42,9220,2019,1351943.0,0.0,1.380982,0.9510629999999999,FRA,CHL,847989
5640380,81,42,9220,2019,2677739.0,65848.0,1.731106,0.717566,GBR,CHL,847989
5640381,90,42,9220,2019,4189.0,0.0,0.08904400000000001,1.059396,GRC,CHL,847989
5640382,93,42,9220,2019,0.0,1542.0,-0.43447299999999994,0.658475,GTM,CHL,847989
5640383,97,42,9220,2019,45329.0,0.0,0.992556,1.523004,HKG,CHL,847989
5640384,100,42,9220,2019,290637.0,0.0,0.850527,1.280845,HRV,CHL,847989
5640385,102,42,9220,2019,351294.0,0.0,1.462102,0.809183,HUN,CHL,847989
5640386,103,42,9220,2019,46490.0,0.0,-0.141811,1.385726,IDN,CHL,847989
5640387,104,42,9220,2019,622543.0,133351.0,0.43196,2.661139,IND,CHL,847989
5640388,106,42,9220,2019,124579.0,0.0,1.3812389999999999,-0.025366,IRL,CHL,847989
5640389,110,42,9220,2019,424898.0,0.0,1.488686,0.823376,ISR,CHL,847989
5640390,111,42,9220,2019,18758110.0,8515.0,1.25898,0.926639,ITA,CHL,847989
5640391,114,42,9220,2019,624526.0,3993.0,2.4931509999999997,-0.558811,JPN,CHL,847989
5640392,121,42,9220,2019,1718539.0,0.0,2.115482,0.696838,KOR,CHL,847989
5640393,124,42,9220,2019,6520.0,0.0,0.26155700000000004,1.062317,LBN,CHL,847989
5640394,130,42,9220,2019,2384.0,0.0,0.858456,1.364581,LTU,CHL,847989
5640395,131,42,9220,2019,8635.0,0.0,1.234145,1.3754309999999998,LUX,CHL,847989
5640396,138,42,9220,2019,2057648.0,228619.0,1.083041,0.569353,MEX,CHL,847989
5640397,142,42,9220,2019,4190.0,0.0,0.893992,0.25255500000000003,MLT,CHL,847989
5640398,153,42,9220,2019,124719.0,0.0,1.192967,0.730971,MYS,CHL,847989
5640399,162,42,9220,2019,2234196.0,16903.0,1.145044,1.3523530000000001,NLD,CHL,847989
5640400,163,42,9220,2019,1014626.0,190997.0,0.6957300000000001,0.181607,NOR,CHL,847989
5640401,166,42,9220,2019,608169.0,1125468.0,0.119281,0.039036,NZL,CHL,847989
5640402,167,42,9220,2019,0.0,6288.0,-0.40120100000000003,-0.881602,OMN,CHL,847989
5640403,168,42,9220,2019,1268.0,3859.0,-0.6909270000000001,0.8651120000000001,PAK,CHL,847989
5640404,169,42,9220,2019,15198.0,0.0,0.00926,-0.308483,PAN,CHL,847989
5640405,173,42,9220,2019,404342.0,2585156.0,-0.76944,-0.216619,PER,CHL,847989
5640406,174,42,9220,2019,136057.0,31103.0,0.762884,0.3318,PHL,CHL,847989
5640407,177,42,9220,2019,86585.0,0.0,1.088347,1.275875,POL,CHL,847989
5640408,179,42,9220,2019,289625.0,23618.0,0.545467,2.344447,PRT,CHL,847989
5640409,180,42,9220,2019,110147.0,50851.0,-0.500999,-0.8635219999999999,PRY,CHL,847989
5640410,185,42,9220,2019,895.0,0.0,1.044289,1.013691,ROU,CHL,847989
5640411,186,42,9220,2019,39585.0,12045.0,0.329884,0.26215,RUS,CHL,847989
5640412,188,42,9220,2019,0.0,160864.0,0.787798,-0.41350600000000004,SAU,CHL,847989
5640413,192,42,9220,2019,105325.0,0.0,2.0264599999999997,0.665506,SGP,CHL,847989
5640414,205,42,9220,2019,0.0,4595.0,-0.369004,-1.017133,SUR,CHL,847989
5640415,206,42,9220,2019,11938.0,0.0,1.39311,0.743107,SVK,CHL,847989
5640416,207,42,9220,2019,48312.0,1567.0,1.63711,0.803198,SVN,CHL,847989
5640417,208,42,9220,2019,566424.0,0.0,1.781148,0.742037,SWE,CHL,847989
5640418,216,42,9220,2019,110049.0,53721.0,0.9744229999999999,1.401199,THA,CHL,847989
5640419,224,42,9220,2019,622097.0,34089.0,0.569408,2.364546,TUR,CHL,847989
5640420,228,42,9220,2019,20755.0,0.0,0.303802,0.5650270000000001,UKR,CHL,847989
5640421,230,42,9220,2019,40527.0,11427.0,-0.077549,-0.473943,URY,CHL,847989
5640422,231,42,9220,2019,22421872.0,566179.0,1.606808,0.3232,USA,CHL,847989
5640423,236,42,9220,2019,10847.0,0.0,-1.318175,-1.2506110000000001,VEN,CHL,847989
5640424,239,42,9220,2019,2839749.0,848332.0,-0.048147,1.098784,VNM,CHL,847989
5640425,246,42,9220,2019,44922.0,13767.0,0.129921,1.101027,ZAF,CHL,847989
5640426,249,42,9220,2019,298313.0,0.0,2.123296,1.1786969999999999,TWN,CHL,847989
5640427,250,42,9220,2019,791726.0,30668.0,0.8996129999999999,-0.152746,ANS,CHL,847989
5640428,0,43,9220,2019,0.0,25776.0,1.077214,-0.060235000000000004,ABW,CHN,847989
5640429,1,43,9220,2019,0.0,622262.0,-1.187576,-0.7731979999999999,AFG,CHN,847989
5640430,2,43,9220,2019,519871.0,3815578.0,-1.096127,-1.195434,AGO,CHN,847989
5640431,4,43,9220,2019,0.0,1316322.0,-0.459614,-0.019257,ALB,CHN,847989
5640432,5,43,9220,2019,0.0,39728.0,0.776042,0.167417,AND,CHN,847989
5640433,7,43,9220,2019,1766703.0,55385912.0,-0.165113,-0.8973540000000001,ARE,CHN,847989
5640434,8,43,9220,2019,248571.0,9671037.0,-0.136634,0.127073,ARG,CHN,847989
5640435,9,43,9220,2019,0.0,601914.0,-0.203986,-0.667607,ARM,CHN,847989
5640436,13,43,9220,2019,0.0,53335.0,0.391831,-0.723957,ATG,CHN,847989
5640437,14,43,9220,2019,20153728.0,149494064.0,-0.294558,-0.180198,AUS,CHN,847989
5640438,15,43,9220,2019,47749388.0,5843268.0,1.743927,-0.076778,AUT,CHN,847989
5640439,16,43,9220,2019,0.0,3483940.0,-1.005636,-1.2094209999999999,AZE,CHN,847989
5640440,17,43,9220,2019,0.0,1224466.0,-0.689117,-0.9027209999999999,BDI,CHN,847989
5640441,18,43,9220,2019,27473794.0,31749204.0,1.2555969999999999,1.168642,BEL,CHN,847989
5640442,19,43,9220,2019,0.0,188394.0,-0.861242,-0.8837440000000001,BEN,CHN,847989
5640443,21,43,9220,2019,0.0,323677.0,-0.805181,-0.941847,BFA,CHN,847989
5640444,22,43,9220,2019,0.0,28878430.0,-1.113148,-0.9513299999999999,BGD,CHN,847989
5640445,23,43,9220,2019,2761557.0,3068040.0,0.572997,1.863346,BGR,CHN,847989
5640446,24,43,9220,2019,0.0,881677.0,0.378349,-0.621468,BHR,CHN,847989
5640447,25,43,9220,2019,0.0,123294.0,-0.10707799999999999,-0.7419720000000001,BHS,CHN,847989
5640448,26,43,9220,2019,0.0,151627.0,0.6525,0.83988,BIH,CHN,847989
5640449,28,43,9220,2019,1335723.0,3875876.0,0.7849649999999999,0.8951600000000001,BLR,CHN,847989
5640450,29,43,9220,2019,0.0,129844.0,-0.484834,-0.638616,BLZ,CHN,847989
5640451,30,43,9220,2019,0.0,4789.0,0.875265,-0.498062,BMU,CHN,847989
5640452,31,43,9220,2019,0.0,946110.0,-1.012748,-0.999245,BOL,CHN,847989
5640453,32,43,9220,2019,1812060.0,93446496.0,0.076947,0.660604,BRA,CHN,847989
5640454,33,43,9220,2019,0.0,8679.0,0.6228199999999999,-0.10803499999999999,BRB,CHN,847989
5640455,34,43,9220,2019,1036493.0,6169064.0,0.9608620000000001,-0.7012619999999999,BRN,CHN,847989
5640456,35,43,9220,2019,0.0,3921.0,0.008482,-0.767876,BTN,CHN,847989
5640457,37,43,9220,2019,0.0,124969.0,-0.492807,-1.152651,BWA,CHN,847989
5640458,38,43,9220,2019,0.0,149544.0,-0.027091000000000004,-0.7267899999999999,CAF,CHN,847989
5640459,39,43,9220,2019,37975040.0,73009680.0,0.657292,1.187872,CAN,CHN,847989
5640460,41,43,9220,2019,139556496.0,8313970.0,2.1990849999999997,0.8394229999999999,CHE,CHN,847989
5640461,42,43,9220,2019,195994.0,34326328.0,-0.34416199999999997,-0.432674,CHL,CHN,847989
5640462,44,43,9220,2019,0.0,384219.0,-0.9916719999999999,-0.960625,CIV,CHN,847989
5640463,45,43,9220,2019,0.0,610784.0,-1.461279,-1.214274,CMR,CHN,847989
5640464,46,43,9220,2019,0.0,5852605.0,-1.2685879999999998,-1.148403,COD,CHN,847989
5640465,47,43,9220,2019,12927.0,1887245.0,-1.305193,-1.162808,COG,CHN,847989
5640466,49,43,9220,2019,10061.0,16086424.0,0.099936,-0.15568800000000002,COL,CHN,847989
5640467,50,43,9220,2019,0.0,5339.0,0.21475,-0.737725,COM,CHN,847989
5640468,51,43,9220,2019,0.0,5444.0,-0.094961,-0.751246,CPV,CHN,847989
5640469,52,43,9220,2019,38501.0,2158781.0,0.38045,0.08960900000000001,CRI,CHN,847989
5640470,54,43,9220,2019,0.0,10161792.0,-0.880892,-1.141591,CUB,CHN,847989
5640471,55,43,9220,2019,0.0,13608.0,0.808621,-0.225196,CUW,CHN,847989
5640472,57,43,9220,2019,0.0,55851.0,0.27157800000000004,-0.901875,CYM,CHN,847989
5640473,58,43,9220,2019,0.0,749655.0,0.657782,0.209481,CYP,CHN,847989
5640474,59,43,9220,2019,27019920.0,21614036.0,1.797611,0.406708,CZE,CHN,847989
5640475,61,43,9220,2019,1892719872.0,243847056.0,2.078626,-2.124816,DEU,CHN,847989
5640476,62,43,9220,2019,0.0,1414130.0,-0.602334,-0.794205,DJI,CHN,847989
5640477,63,43,9220,2019,0.0,18639.0,0.131177,-0.313508,DMA,CHN,847989
5640478,64,43,9220,2019,47668924.0,13392729.0,1.0768280000000001,1.2615610000000002,DNK,CHN,847989
5640479,65,43,9220,2019,0.0,748055.0,-0.20594,0.309785,DOM,CHN,847989
5640480,66,43,9220,2019,0.0,23478372.0,-1.008866,-1.215228,DZA,CHN,847989
5640481,67,43,9220,2019,0.0,8765979.0,-1.12261,-1.094275,ECU,CHN,847989
5640482,68,43,9220,2019,20790.0,31475770.0,-0.152353,1.5426309999999999,EGY,CHN,847989
5640483,69,43,9220,2019,0.0,64719.0,-1.7266080000000001,-1.0303360000000001,ERI,CHN,847989
5640484,71,43,9220,2019,20587192.0,35208028.0,0.678454,3.007838,ESP,CHN,847989
5640485,72,43,9220,2019,527458.0,2481782.0,0.962284,1.346195,EST,CHN,847989
5640486,73,43,9220,2019,0.0,6162639.0,-1.073631,-0.617885,ETH,CHN,847989
5640487,74,43,9220,2019,29959456.0,8149408.0,1.495278,1.034435,FIN,CHN,847989
5640488,75,43,9220,2019,0.0,473032.0,-0.274278,-0.049333,FJI,CHN,847989
5640489,77,43,9220,2019,106477104.0,73470848.0,1.380982,0.9510629999999999,FRA,CHN,847989
5640490,79,43,9220,2019,0.0,108496.0,-1.11436,-0.9806819999999999,FSM,CHN,847989
5640491,80,43,9220,2019,0.0,1808796.0,-1.08556,-1.183434,GAB,CHN,847989
5640492,81,43,9220,2019,31225954.0,104049584.0,1.731106,0.717566,GBR,CHN,847989
5640493,82,43,9220,2019,0.0,4448531.0,-0.057798,-0.206771,GEO,CHN,847989
5640494,83,43,9220,2019,0.0,3327162.0,-0.9581,-0.8727879999999999,GHA,CHN,847989
5640495,85,43,9220,2019,0.0,1815634.0,-1.366633,-1.196123,GIN,CHN,847989
5640496,87,43,9220,2019,0.0,1225940.0,-1.0174450000000002,-0.790743,GMB,CHN,847989
5640497,88,43,9220,2019,0.0,58556.0,-1.9842009999999999,-1.0293379999999999,GNB,CHN,847989
5640498,89,43,9220,2019,0.0,24945.0,-1.9057680000000001,-0.968132,GNQ,CHN,847989
5640499,90,43,9220,2019,241988.0,3750806.0,0.08904400000000001,1.059396,GRC,CHN,847989
5640500,91,43,9220,2019,0.0,2955.0,0.297653,-0.409112,GRD,CHN,847989
5640501,93,43,9220,2019,0.0,1259597.0,-0.43447299999999994,0.658475,GTM,CHN,847989
5640502,96,43,9220,2019,0.0,483184.0,-0.308365,-0.7833359999999999,GUY,CHN,847989
5640503,97,43,9220,2019,65846768.0,571784448.0,0.992556,1.523004,HKG,CHN,847989
5640504,99,43,9220,2019,0.0,570717.0,-0.6444439999999999,-0.203443,HND,CHN,847989
5640505,100,43,9220,2019,931986.0,2508620.0,0.850527,1.280845,HRV,CHN,847989
5640506,101,43,9220,2019,26393.0,48294.0,-1.120295,-0.967447,HTI,CHN,847989
5640507,102,43,9220,2019,11232301.0,36415032.0,1.462102,0.809183,HUN,CHN,847989
5640508,103,43,9220,2019,3964404.0,128704224.0,-0.141811,1.385726,IDN,CHN,847989
5640509,104,43,9220,2019,13512517.0,304309856.0,0.43196,2.661139,IND,CHN,847989
5640510,106,43,9220,2019,4721626.0,3636000.0,1.3812389999999999,-0.025366,IRL,CHN,847989
5640511,107,43,9220,2019,40060.0,30131524.0,-0.386813,-0.467873,IRN,CHN,847989
5640512,108,43,9220,2019,0.0,62832468.0,-1.593359,-0.9927860000000001,IRQ,CHN,847989
5640513,109,43,9220,2019,0.0,131564.0,0.378873,-0.162129,ISL,CHN,847989
5640514,110,43,9220,2019,12784522.0,16242633.0,1.488686,0.823376,ISR,CHN,847989
5640515,111,43,9220,2019,169235104.0,53574424.0,1.25898,0.926639,ITA,CHN,847989
5640516,112,43,9220,2019,0.0,318649.0,-0.18387799999999999,-0.710004,JAM,CHN,847989
5640517,113,43,9220,2019,319026.0,17460722.0,-0.003529,0.255816,JOR,CHN,847989
5640518,114,43,9220,2019,6869255680.0,232508208.0,2.4931509999999997,-0.558811,JPN,CHN,847989
5640519,115,43,9220,2019,0.0,28822986.0,-0.26529400000000003,-0.523479,KAZ,CHN,847989
5640520,116,43,9220,2019,0.0,2861139.0,-0.406684,0.8588969999999999,KEN,CHN,847989
5640521,117,43,9220,2019,0.0,8299862.0,-0.297072,0.306611,KGZ,CHN,847989
5640522,118,43,9220,2019,8053.0,16598435.0,-0.7499359999999999,-0.627125,KHM,CHN,847989
5640523,119,43,9220,2019,0.0,1917.0,-0.719943,-0.9396709999999999,KIR,CHN,847989
5640524,120,43,9220,2019,0.0,61586.0,0.739775,-0.644166,KNA,CHN,847989
5640525,121,43,9220,2019,4979620864.0,215540608.0,2.115482,0.696838,KOR,CHN,847989
5640526,122,43,9220,2019,157788.0,11266845.0,0.081686,-1.087259,KWT,CHN,847989
5640527,123,43,9220,2019,0.0,6098655.0,-0.8232889999999999,-0.7276590000000001,LAO,CHN,847989
5640528,124,43,9220,2019,15019.0,2802267.0,0.26155700000000004,1.062317,LBN,CHN,847989
5640529,125,43,9220,2019,0.0,458648.0,-1.288568,-1.172395,LBR,CHN,847989
5640530,126,43,9220,2019,0.0,4036320.0,-1.552842,-1.2316690000000001,LBY,CHN,847989
5640531,127,43,9220,2019,0.0,15445.0,0.21145,-0.08792699999999999,LCA,CHN,847989
5640532,128,43,9220,2019,154642.0,5265534.0,-0.592952,0.394811,LKA,CHN,847989
5640533,129,43,9220,2019,0.0,13678.0,-0.905482,-0.69457,LSO,CHN,847989
5640534,130,43,9220,2019,1097431.0,6468633.0,0.858456,1.364581,LTU,CHN,847989
5640535,131,43,9220,2019,1336242.0,654490.0,1.234145,1.3754309999999998,LUX,CHN,847989
5640536,132,43,9220,2019,255437.0,1363587.0,0.7804300000000001,1.159592,LVA,CHN,847989
5640537,133,43,9220,2019,89163.0,3423376.0,0.397984,-0.061689,MAC,CHN,847989
5640538,134,43,9220,2019,154272.0,9582830.0,-0.747739,-0.154125,MAR,CHN,847989
5640539,135,43,9220,2019,0.0,202493.0,-0.333385,-0.35752,MDA,CHN,847989
5640540,136,43,9220,2019,0.0,148499.0,-1.267516,-0.733849,MDG,CHN,847989
5640541,137,43,9220,2019,0.0,630575.0,-0.37792800000000004,-0.8963059999999999,MDV,CHN,847989
5640542,138,43,9220,2019,9492197.0,152008320.0,1.083041,0.569353,MEX,CHN,847989
5640543,139,43,9220,2019,0.0,36169.0,-0.592066,-0.900875,MHL,CHN,847989
5640544,140,43,9220,2019,5231.0,920551.0,0.050624,-0.11143299999999999,MKD,CHN,847989
5640545,141,43,9220,2019,0.0,1001845.0,-0.381732,-0.606313,MLI,CHN,847989
5640546,142,43,9220,2019,0.0,884797.0,0.893992,0.25255500000000003,MLT,CHN,847989
5640547,143,43,9220,2019,0.0,16309220.0,-1.196733,-0.435766,MMR,CHN,847989
5640548,144,43,9220,2019,0.0,131362.0,0.40415100000000004,0.068967,MNE,CHN,847989
5640549,145,43,9220,2019,0.0,1923311.0,-1.1612049999999998,-1.1615739999999999,MNG,CHN,847989
5640550,147,43,9220,2019,0.0,807390.0,-1.264532,-1.072626,MOZ,CHN,847989
5640551,148,43,9220,2019,0.0,148350.0,-1.711918,-1.339005,MRT,CHN,847989
5640552,151,43,9220,2019,0.0,1058710.0,-0.15909600000000002,0.034770999999999996,MUS,CHN,847989
5640553,152,43,9220,2019,0.0,64644.0,-1.0178479999999999,-1.1028879999999999,MWI,CHN,847989
5640554,153,43,9220,2019,213714080.0,184042256.0,1.192967,0.730971,MYS,CHN,847989
5640555,155,43,9220,2019,0.0,186579.0,-0.545575,-0.744274,NAM,CHN,847989
5640556,156,43,9220,2019,0.0,62082.0,-0.342544,-0.867944,NCL,CHN,847989
5640557,157,43,9220,2019,0.0,2065240.0,-0.345047,-0.792769,NER,CHN,847989
5640558,159,43,9220,2019,0.0,18701100.0,-1.7383970000000002,-1.220333,NGA,CHN,847989
5640559,160,43,9220,2019,0.0,263753.0,-1.058553,-0.854482,NIC,CHN,847989
5640560,162,43,9220,2019,127000544.0,58313856.0,1.145044,1.3523530000000001,NLD,CHN,847989
5640561,163,43,9220,2019,16443715.0,7812224.0,0.6957300000000001,0.181607,NOR,CHN,847989
5640562,164,43,9220,2019,0.0,1084804.0,-0.23868000000000003,0.42732299999999995,NPL,CHN,847989
5640563,166,43,9220,2019,1803000.0,14899863.0,0.119281,0.039036,NZL,CHN,847989
5640564,167,43,9220,2019,0.0,14122747.0,-0.40120100000000003,-0.881602,OMN,CHN,847989
5640565,168,43,9220,2019,506027.0,33761748.0,-0.6909270000000001,0.8651120000000001,PAK,CHN,847989
5640566,169,43,9220,2019,0.0,7312038.0,0.00926,-0.308483,PAN,CHN,847989
5640567,173,43,9220,2019,0.0,6495860.0,-0.76944,-0.216619,PER,CHN,847989
5640568,174,43,9220,2019,1752005.0,59621052.0,0.762884,0.3318,PHL,CHN,847989
5640569,175,43,9220,2019,0.0,3231.0,0.03565,-0.8227690000000001,PLW,CHN,847989
5640570,176,43,9220,2019,0.0,381171.0,-1.654143,-1.249707,PNG,CHN,847989
5640571,177,43,9220,2019,5144416.0,43365304.0,1.088347,1.275875,POL,CHN,847989
5640572,179,43,9220,2019,3690081.0,8344018.0,0.545467,2.344447,PRT,CHN,847989
5640573,180,43,9220,2019,0.0,871994.0,-0.500999,-0.8635219999999999,PRY,CHN,847989
5640574,181,43,9220,2019,0.0,105530.0,0.05640800000000001,0.708102,PSE,CHN,847989
5640575,182,43,9220,2019,0.0,166190.0,0.30119,-0.39213000000000003,PYF,CHN,847989
5640576,183,43,9220,2019,0.0,3541909.0,-0.064127,-1.065046,QAT,CHN,847989
5640577,185,43,9220,2019,4003951.0,11402320.0,1.044289,1.013691,ROU,CHN,847989
5640578,186,43,9220,2019,2356678.0,152681472.0,0.329884,0.26215,RUS,CHN,847989
5640579,187,43,9220,2019,0.0,391643.0,-0.812602,-0.737603,RWA,CHN,847989
5640580,188,43,9220,2019,0.0,51984600.0,0.787798,-0.41350600000000004,SAU,CHN,847989
5640581,190,43,9220,2019,0.0,6612398.0,-1.25579,-1.208796,SDN,CHN,847989
5640582,191,43,9220,2019,0.0,1462156.0,-0.721992,-0.385479,SEN,CHN,847989
5640583,192,43,9220,2019,816566656.0,213331968.0,2.0264599999999997,0.665506,SGP,CHN,847989
5640584,195,43,9220,2019,0.0,59484.0,-1.650959,-1.013001,SLB,CHN,847989
5640585,196,43,9220,2019,0.0,135559.0,-0.402403,-0.639318,SLE,CHN,847989
5640586,197,43,9220,2019,0.0,874539.0,0.014037,0.23216599999999998,SLV,CHN,847989
5640587,199,43,9220,2019,0.0,13827.0,-1.046802,-0.961166,SOM,CHN,847989
5640588,201,43,9220,2019,59568.0,8598109.0,0.543913,1.210102,SRB,CHN,847989
5640589,202,43,9220,2019,0.0,1863868.0,-1.8098990000000001,-1.0067979999999999,SSD,CHN,847989
5640590,205,43,9220,2019,0.0,111108.0,-0.369004,-1.017133,SUR,CHN,847989
5640591,206,43,9220,2019,11435522.0,8307820.0,1.39311,0.743107,SVK,CHN,847989
5640592,207,43,9220,2019,1689986.0,9638570.0,1.63711,0.803198,SVN,CHN,847989
5640593,208,43,9220,2019,101260208.0,27769580.0,1.781148,0.742037,SWE,CHN,847989
5640594,209,43,9220,2019,57972.0,7520.0,0.087181,-0.760434,SWZ,CHN,847989
5640595,211,43,9220,2019,0.0,15194.0,0.024113,-0.711363,SYC,CHN,847989
5640596,212,43,9220,2019,0.0,1687834.0,-0.67825,0.385416,SYR,CHN,847989
5640597,214,43,9220,2019,0.0,4297164.0,-2.636669,-1.033665,TCD,CHN,847989
5640598,215,43,9220,2019,0.0,266973.0,-0.823204,-0.819535,TGO,CHN,847989
5640599,216,43,9220,2019,13982317.0,230481904.0,0.9744229999999999,1.401199,THA,CHN,847989
5640600,217,43,9220,2019,0.0,1640588.0,-0.7940020000000001,-1.075605,TJK,CHN,847989
5640601,219,43,9220,2019,0.0,1170121.0,-0.9725950000000001,-1.16562,TKM,CHN,847989
5640602,220,43,9220,2019,0.0,56295.0,-1.173671,-1.002383,TLS,CHN,847989
5640603,221,43,9220,2019,0.0,4030.0,-0.057787,-0.671035,TON,CHN,847989
5640604,222,43,9220,2019,0.0,348238.0,0.1861,-0.874604,TTO,CHN,847989
5640605,223,43,9220,2019,949842.0,3857064.0,0.19601300000000002,1.159766,TUN,CHN,847989
5640606,224,43,9220,2019,5878554.0,56824476.0,0.569408,2.364546,TUR,CHN,847989
5640607,226,43,9220,2019,0.0,3429364.0,-0.907172,0.37293899999999996,TZA,CHN,847989
5640608,227,43,9220,2019,0.0,1246257.0,-0.639476,0.148255,UGA,CHN,847989
5640609,228,43,9220,2019,1678210.0,13529554.0,0.303802,0.5650270000000001,UKR,CHN,847989
5640610,230,43,9220,2019,0.0,2386271.0,-0.077549,-0.473943,URY,CHN,847989
5640611,231,43,9220,2019,402139456.0,740941824.0,1.606808,0.3232,USA,CHN,847989
5640612,232,43,9220,2019,0.0,31826922.0,-0.5856060000000001,-0.311248,UZB,CHN,847989
5640613,234,43,9220,2019,0.0,1891.0,-0.712703,-0.859416,VCT,CHN,847989
5640614,236,43,9220,2019,0.0,337891.0,-1.318175,-1.2506110000000001,VEN,CHN,847989
5640615,239,43,9220,2019,64574976.0,668757248.0,-0.048147,1.098784,VNM,CHN,847989
5640616,240,43,9220,2019,0.0,29406.0,-0.88634,-0.943023,VUT,CHN,847989
5640617,242,43,9220,2019,0.0,140638.0,0.22290700000000002,-0.164178,WSM,CHN,847989
5640618,243,43,9220,2019,0.0,849736.0,-1.4367860000000001,-1.262101,YEM,CHN,847989
5640619,246,43,9220,2019,1255995.0,28544600.0,0.129921,1.101027,ZAF,CHN,847989
5640620,247,43,9220,2019,0.0,4119709.0,-0.629261,-0.8471489999999999,ZMB,CHN,847989
5640621,248,43,9220,2019,0.0,686413.0,-0.9993780000000001,-1.018174,ZWE,CHN,847989
5640622,249,43,9220,2019,1489280128.0,202848224.0,2.123296,1.1786969999999999,TWN,CHN,847989
5640623,250,43,9220,2019,35062.0,2367427.0,0.8996129999999999,-0.152746,ANS,CHN,847989
5640624,7,49,9220,2019,286542.0,50673.0,-0.165113,-0.8973540000000001,ARE,COL,847989
5640625,8,49,9220,2019,1026295.0,382026.0,-0.136634,0.127073,ARG,COL,847989
5640626,14,49,9220,2019,308339.0,12473.0,-0.294558,-0.180198,AUS,COL,847989
5640627,15,49,9220,2019,224385.0,3111.0,1.743927,-0.076778,AUT,COL,847989
5640628,16,49,9220,2019,0.0,17657.0,-1.005636,-1.2094209999999999,AZE,COL,847989
5640629,18,49,9220,2019,944017.0,2833.0,1.2555969999999999,1.168642,BEL,COL,847989
5640630,23,49,9220,2019,11344.0,13878.0,0.572997,1.863346,BGR,COL,847989
5640631,28,49,9220,2019,22792.0,0.0,0.7849649999999999,0.8951600000000001,BLR,COL,847989
5640632,31,49,9220,2019,201525.0,46687.0,-1.012748,-0.999245,BOL,COL,847989
5640633,32,49,9220,2019,5763882.0,207722.0,0.076947,0.660604,BRA,COL,847989
5640634,34,49,9220,2019,14418.0,0.0,0.9608620000000001,-0.7012619999999999,BRN,COL,847989
5640635,39,49,9220,2019,2608069.0,16273.0,0.657292,1.187872,CAN,COL,847989
5640636,41,49,9220,2019,1630592.0,6358.0,2.1990849999999997,0.8394229999999999,CHE,COL,847989
5640637,42,49,9220,2019,76807.0,104109.0,-0.34416199999999997,-0.432674,CHL,COL,847989
5640638,43,49,9220,2019,16086424.0,10061.0,1.196265,1.2258870000000002,CHN,COL,847989
5640639,52,49,9220,2019,425455.0,10744.0,0.38045,0.08960900000000001,CRI,COL,847989
5640640,54,49,9220,2019,0.0,37312.0,-0.880892,-1.141591,CUB,COL,847989
5640641,59,49,9220,2019,215734.0,8024.0,1.797611,0.406708,CZE,COL,847989
5640642,61,49,9220,2019,8819806.0,8847.0,2.078626,-2.124816,DEU,COL,847989
5640643,64,49,9220,2019,268984.0,14668.0,1.0768280000000001,1.2615610000000002,DNK,COL,847989
5640644,65,49,9220,2019,17204.0,15943.0,-0.20594,0.309785,DOM,COL,847989
5640645,67,49,9220,2019,391569.0,452953.0,-1.12261,-1.094275,ECU,COL,847989
5640646,68,49,9220,2019,0.0,44898.0,-0.152353,1.5426309999999999,EGY,COL,847989
5640647,71,49,9220,2019,5199246.0,31300.0,0.678454,3.007838,ESP,COL,847989
5640648,72,49,9220,2019,5469.0,0.0,0.962284,1.346195,EST,COL,847989
5640649,74,49,9220,2019,29042.0,0.0,1.495278,1.034435,FIN,COL,847989
5640650,77,49,9220,2019,987502.0,2199.0,1.380982,0.9510629999999999,FRA,COL,847989
5640651,81,49,9220,2019,1154172.0,28184.0,1.731106,0.717566,GBR,COL,847989
5640652,90,49,9220,2019,360837.0,0.0,0.08904400000000001,1.059396,GRC,COL,847989
5640653,93,49,9220,2019,7906.0,77867.0,-0.43447299999999994,0.658475,GTM,COL,847989
5640654,97,49,9220,2019,58103.0,0.0,0.992556,1.523004,HKG,COL,847989
5640655,99,49,9220,2019,0.0,2257.0,-0.6444439999999999,-0.203443,HND,COL,847989
5640656,100,49,9220,2019,3488.0,0.0,0.850527,1.280845,HRV,COL,847989
5640657,102,49,9220,2019,5538.0,0.0,1.462102,0.809183,HUN,COL,847989
5640658,103,49,9220,2019,16971.0,0.0,-0.141811,1.385726,IDN,COL,847989
5640659,104,49,9220,2019,1059916.0,40027.0,0.43196,2.661139,IND,COL,847989
5640660,106,49,9220,2019,5610.0,0.0,1.3812389999999999,-0.025366,IRL,COL,847989
5640661,109,49,9220,2019,2144.0,0.0,0.378873,-0.162129,ISL,COL,847989
5640662,110,49,9220,2019,117534.0,0.0,1.488686,0.823376,ISR,COL,847989
5640663,111,49,9220,2019,8598318.0,80932.0,1.25898,0.926639,ITA,COL,847989
5640664,112,49,9220,2019,0.0,1816.0,-0.18387799999999999,-0.710004,JAM,COL,847989
5640665,114,49,9220,2019,1006861.0,0.0,2.4931509999999997,-0.558811,JPN,COL,847989
5640666,115,49,9220,2019,0.0,8889.0,-0.26529400000000003,-0.523479,KAZ,COL,847989
5640667,121,49,9220,2019,6961864.0,0.0,2.115482,0.696838,KOR,COL,847989
5640668,122,49,9220,2019,52689.0,11171.0,0.081686,-1.087259,KWT,COL,847989
5640669,130,49,9220,2019,3149.0,0.0,0.858456,1.364581,LTU,COL,847989
5640670,138,49,9220,2019,2609602.0,1003838.0,1.083041,0.569353,MEX,COL,847989
5640671,142,49,9220,2019,847.0,0.0,0.893992,0.25255500000000003,MLT,COL,847989
5640672,148,49,9220,2019,1682.0,0.0,-1.711918,-1.339005,MRT,COL,847989
5640673,153,49,9220,2019,199299.0,47434.0,1.192967,0.730971,MYS,COL,847989
5640674,159,49,9220,2019,0.0,15859.0,-1.7383970000000002,-1.220333,NGA,COL,847989
5640675,160,49,9220,2019,0.0,27607.0,-1.058553,-0.854482,NIC,COL,847989
5640676,162,49,9220,2019,420744.0,36577.0,1.145044,1.3523530000000001,NLD,COL,847989
5640677,163,49,9220,2019,4108.0,1493.0,0.6957300000000001,0.181607,NOR,COL,847989
5640678,166,49,9220,2019,20671.0,0.0,0.119281,0.039036,NZL,COL,847989
5640679,167,49,9220,2019,0.0,40638.0,-0.40120100000000003,-0.881602,OMN,COL,847989
5640680,168,49,9220,2019,0.0,1191.0,-0.6909270000000001,0.8651120000000001,PAK,COL,847989
5640681,169,49,9220,2019,5885.0,429168.0,0.00926,-0.308483,PAN,COL,847989
5640682,173,49,9220,2019,379263.0,341967.0,-0.76944,-0.216619,PER,COL,847989
5640683,177,49,9220,2019,144793.0,113333.0,1.088347,1.275875,POL,COL,847989
5640684,179,49,9220,2019,73948.0,0.0,0.545467,2.344447,PRT,COL,847989
5640685,180,49,9220,2019,0.0,4834.0,-0.500999,-0.8635219999999999,PRY,COL,847989
5640686,183,49,9220,2019,0.0,32259.0,-0.064127,-1.065046,QAT,COL,847989
5640687,185,49,9220,2019,16689.0,14695.0,1.044289,1.013691,ROU,COL,847989
5640688,186,49,9220,2019,576410.0,45674.0,0.329884,0.26215,RUS,COL,847989
5640689,188,49,9220,2019,41842.0,103189.0,0.787798,-0.41350600000000004,SAU,COL,847989
5640690,192,49,9220,2019,1196738.0,92253.0,2.0264599999999997,0.665506,SGP,COL,847989
5640691,197,49,9220,2019,0.0,19596.0,0.014037,0.23216599999999998,SLV,COL,847989
5640692,205,49,9220,2019,0.0,24127.0,-0.369004,-1.017133,SUR,COL,847989
5640693,206,49,9220,2019,10114.0,0.0,1.39311,0.743107,SVK,COL,847989
5640694,207,49,9220,2019,32478.0,0.0,1.63711,0.803198,SVN,COL,847989
5640695,208,49,9220,2019,84633.0,0.0,1.781148,0.742037,SWE,COL,847989
5640696,216,49,9220,2019,15050.0,15251.0,0.9744229999999999,1.401199,THA,COL,847989
5640697,219,49,9220,2019,0.0,3703.0,-0.9725950000000001,-1.16562,TKM,COL,847989
5640698,222,49,9220,2019,21545.0,40258.0,0.1861,-0.874604,TTO,COL,847989
5640699,223,49,9220,2019,0.0,1190.0,0.19601300000000002,1.159766,TUN,COL,847989
5640700,224,49,9220,2019,1109040.0,0.0,0.569408,2.364546,TUR,COL,847989
5640701,228,49,9220,2019,4306.0,4689.0,0.303802,0.5650270000000001,UKR,COL,847989
5640702,230,49,9220,2019,86985.0,0.0,-0.077549,-0.473943,URY,COL,847989
5640703,231,49,9220,2019,33516958.0,266181.0,1.606808,0.3232,USA,COL,847989
5640704,236,49,9220,2019,28805.0,194235.0,-1.318175,-1.2506110000000001,VEN,COL,847989
5640705,239,49,9220,2019,10579.0,0.0,-0.048147,1.098784,VNM,COL,847989
5640706,246,49,9220,2019,78459.0,0.0,0.129921,1.101027,ZAF,COL,847989
5640707,249,49,9220,2019,41044.0,0.0,2.123296,1.1786969999999999,TWN,COL,847989
5640708,250,49,9220,2019,1640066.0,80009.0,0.8996129999999999,-0.152746,ANS,COL,847989
5640709,8,52,9220,2019,11187.0,3431.0,-0.136634,0.127073,ARG,CRI,847989
5640710,14,52,9220,2019,18288.0,0.0,-0.294558,-0.180198,AUS,CRI,847989
5640711,15,52,9220,2019,48356.0,0.0,1.743927,-0.076778,AUT,CRI,847989
5640712,18,52,9220,2019,79688.0,2069.0,1.2555969999999999,1.168642,BEL,CRI,847989
5640713,32,52,9220,2019,195723.0,0.0,0.076947,0.660604,BRA,CRI,847989
5640714,39,52,9220,2019,22786.0,7774.0,0.657292,1.187872,CAN,CRI,847989
5640715,41,52,9220,2019,379703.0,3293.0,2.1990849999999997,0.8394229999999999,CHE,CRI,847989
5640716,42,52,9220,2019,0.0,1530.0,-0.34416199999999997,-0.432674,CHL,CRI,847989
5640717,43,52,9220,2019,2158781.0,38501.0,1.196265,1.2258870000000002,CHN,CRI,847989
5640718,45,52,9220,2019,0.0,12203.0,-1.461279,-1.214274,CMR,CRI,847989
5640719,49,52,9220,2019,10744.0,425455.0,0.099936,-0.15568800000000002,COL,CRI,847989
5640720,59,52,9220,2019,1845.0,507626.0,1.797611,0.406708,CZE,CRI,847989
5640721,61,52,9220,2019,1716040.0,71160.0,2.078626,-2.124816,DEU,CRI,847989
5640722,64,52,9220,2019,101547.0,3361.0,1.0768280000000001,1.2615610000000002,DNK,CRI,847989
5640723,65,52,9220,2019,5209.0,910.0,-0.20594,0.309785,DOM,CRI,847989
5640724,67,52,9220,2019,2526.0,15066.0,-1.12261,-1.094275,ECU,CRI,847989
5640725,71,52,9220,2019,707742.0,1255.0,0.678454,3.007838,ESP,CRI,847989
5640726,74,52,9220,2019,52431.0,0.0,1.495278,1.034435,FIN,CRI,847989
5640727,77,52,9220,2019,27511.0,23516.0,1.380982,0.9510629999999999,FRA,CRI,847989
5640728,81,52,9220,2019,90756.0,0.0,1.731106,0.717566,GBR,CRI,847989
5640729,90,52,9220,2019,1141.0,0.0,0.08904400000000001,1.059396,GRC,CRI,847989
5640730,93,52,9220,2019,43150.0,303042.0,-0.43447299999999994,0.658475,GTM,CRI,847989
5640731,96,52,9220,2019,0.0,1378.0,-0.308365,-0.7833359999999999,GUY,CRI,847989
5640732,97,52,9220,2019,45506.0,0.0,0.992556,1.523004,HKG,CRI,847989
5640733,99,52,9220,2019,1565.0,34316.0,-0.6444439999999999,-0.203443,HND,CRI,847989
5640734,102,52,9220,2019,65084.0,0.0,1.462102,0.809183,HUN,CRI,847989
5640735,103,52,9220,2019,0.0,1772.0,-0.141811,1.385726,IDN,CRI,847989
5640736,104,52,9220,2019,15505.0,0.0,0.43196,2.661139,IND,CRI,847989
5640737,106,52,9220,2019,91967.0,0.0,1.3812389999999999,-0.025366,IRL,CRI,847989
5640738,110,52,9220,2019,32486.0,0.0,1.488686,0.823376,ISR,CRI,847989
5640739,111,52,9220,2019,1237797.0,0.0,1.25898,0.926639,ITA,CRI,847989
5640740,114,52,9220,2019,148045.0,0.0,2.4931509999999997,-0.558811,JPN,CRI,847989
5640741,121,52,9220,2019,2884.0,0.0,2.115482,0.696838,KOR,CRI,847989
5640742,130,52,9220,2019,53692.0,0.0,0.858456,1.364581,LTU,CRI,847989
5640743,138,52,9220,2019,513403.0,56383.0,1.083041,0.569353,MEX,CRI,847989
5640744,153,52,9220,2019,98312.0,131473.0,1.192967,0.730971,MYS,CRI,847989
5640745,160,52,9220,2019,12468.0,38095.0,-1.058553,-0.854482,NIC,CRI,847989
5640746,162,52,9220,2019,385784.0,0.0,1.145044,1.3523530000000001,NLD,CRI,847989
5640747,163,52,9220,2019,0.0,1722.0,0.6957300000000001,0.181607,NOR,CRI,847989
5640748,166,52,9220,2019,0.0,378975.0,0.119281,0.039036,NZL,CRI,847989
5640749,169,52,9220,2019,54556.0,60675.0,0.00926,-0.308483,PAN,CRI,847989
5640750,174,52,9220,2019,0.0,67455.0,0.762884,0.3318,PHL,CRI,847989
5640751,177,52,9220,2019,1428.0,0.0,1.088347,1.275875,POL,CRI,847989
5640752,179,52,9220,2019,27438.0,608975.0,0.545467,2.344447,PRT,CRI,847989
5640753,185,52,9220,2019,2232.0,0.0,1.044289,1.013691,ROU,CRI,847989
5640754,192,52,9220,2019,1422432.0,0.0,2.0264599999999997,0.665506,SGP,CRI,847989
5640755,197,52,9220,2019,3255.0,50027.0,0.014037,0.23216599999999998,SLV,CRI,847989
5640756,206,52,9220,2019,14507.0,0.0,1.39311,0.743107,SVK,CRI,847989
5640757,207,52,9220,2019,2106.0,1268.0,1.63711,0.803198,SVN,CRI,847989
5640758,208,52,9220,2019,9512.0,0.0,1.781148,0.742037,SWE,CRI,847989
5640759,224,52,9220,2019,34161.0,0.0,0.569408,2.364546,TUR,CRI,847989
5640760,230,52,9220,2019,86122.0,0.0,-0.077549,-0.473943,URY,CRI,847989
5640761,231,52,9220,2019,24101500.0,295842.0,1.606808,0.3232,USA,CRI,847989
5640762,236,52,9220,2019,0.0,1274.0,-1.318175,-1.2506110000000001,VEN,CRI,847989
5640763,249,52,9220,2019,77153.0,0.0,2.123296,1.1786969999999999,TWN,CRI,847989
5640764,250,52,9220,2019,159677.0,0.0,0.8996129999999999,-0.152746,ANS,CRI,847989
5640765,15,55,9220,2019,3040.0,0.0,1.743927,-0.076778,AUT,CUW,847989
5640766,32,55,9220,2019,1439.0,0.0,0.076947,0.660604,BRA,CUW,847989
5640767,43,55,9220,2019,13608.0,0.0,1.196265,1.2258870000000002,CHN,CUW,847989
5640768,61,55,9220,2019,373541.0,0.0,2.078626,-2.124816,DEU,CUW,847989
5640769,71,55,9220,2019,53791.0,0.0,0.678454,3.007838,ESP,CUW,847989
5640770,77,55,9220,2019,3871.0,0.0,1.380982,0.9510629999999999,FRA,CUW,847989
5640771,81,55,9220,2019,3065.0,0.0,1.731106,0.717566,GBR,CUW,847989
5640772,83,55,9220,2019,0.0,1436.0,-0.9581,-0.8727879999999999,GHA,CUW,847989
5640773,111,55,9220,2019,30625.0,0.0,1.25898,0.926639,ITA,CUW,847989
5640774,147,55,9220,2019,0.0,1052.0,-1.264532,-1.072626,MOZ,CUW,847989
5640775,159,55,9220,2019,0.0,56028.0,-1.7383970000000002,-1.220333,NGA,CUW,847989
5640776,162,55,9220,2019,141813.0,0.0,1.145044,1.3523530000000001,NLD,CUW,847989
5640777,179,55,9220,2019,39791.0,0.0,0.545467,2.344447,PRT,CUW,847989
5640778,216,55,9220,2019,0.0,166835.0,0.9744229999999999,1.401199,THA,CUW,847989
5640779,231,55,9220,2019,574448.0,14952.0,1.606808,0.3232,USA,CUW,847989
5640780,7,58,9220,2019,88425.0,0.0,-0.165113,-0.8973540000000001,ARE,CYP,847989
5640781,14,58,9220,2019,23450.0,0.0,-0.294558,-0.180198,AUS,CYP,847989
5640782,15,58,9220,2019,534178.0,0.0,1.743927,-0.076778,AUT,CYP,847989
5640783,18,58,9220,2019,28312.0,0.0,1.2555969999999999,1.168642,BEL,CYP,847989
5640784,23,58,9220,2019,194867.0,527021.0,0.572997,1.863346,BGR,CYP,847989
5640785,39,58,9220,2019,66182.0,0.0,0.657292,1.187872,CAN,CYP,847989
5640786,41,58,9220,2019,51389.0,0.0,2.1990849999999997,0.8394229999999999,CHE,CYP,847989
5640787,43,58,9220,2019,749655.0,0.0,1.196265,1.2258870000000002,CHN,CYP,847989
5640788,59,58,9220,2019,657312.0,0.0,1.797611,0.406708,CZE,CYP,847989
5640789,61,58,9220,2019,1886248.0,60858.0,2.078626,-2.124816,DEU,CYP,847989
5640790,64,58,9220,2019,100758.0,0.0,1.0768280000000001,1.2615610000000002,DNK,CYP,847989
5640791,68,58,9220,2019,0.0,19694.0,-0.152353,1.5426309999999999,EGY,CYP,847989
5640792,71,58,9220,2019,204393.0,0.0,0.678454,3.007838,ESP,CYP,847989
5640793,74,58,9220,2019,14477.0,0.0,1.495278,1.034435,FIN,CYP,847989
5640794,77,58,9220,2019,63416.0,21314.0,1.380982,0.9510629999999999,FRA,CYP,847989
5640795,81,58,9220,2019,361131.0,966.0,1.731106,0.717566,GBR,CYP,847989
5640796,82,58,9220,2019,0.0,1301.0,-0.057798,-0.206771,GEO,CYP,847989
5640797,90,58,9220,2019,1035471.0,139037.0,0.08904400000000001,1.059396,GRC,CYP,847989
5640798,97,58,9220,2019,100654.0,63783.0,0.992556,1.523004,HKG,CYP,847989
5640799,100,58,9220,2019,14045.0,0.0,0.850527,1.280845,HRV,CYP,847989
5640800,102,58,9220,2019,9884.0,0.0,1.462102,0.809183,HUN,CYP,847989
5640801,104,58,9220,2019,20082.0,902.0,0.43196,2.661139,IND,CYP,847989
5640802,110,58,9220,2019,134359.0,22221882.0,1.488686,0.823376,ISR,CYP,847989
5640803,111,58,9220,2019,3383606.0,799478.0,1.25898,0.926639,ITA,CYP,847989
5640804,114,58,9220,2019,28779.0,0.0,2.4931509999999997,-0.558811,JPN,CYP,847989
5640805,124,58,9220,2019,10017.0,1291.0,0.26155700000000004,1.062317,LBN,CYP,847989
5640806,126,58,9220,2019,0.0,5607.0,-1.552842,-1.2316690000000001,LBY,CYP,847989
5640807,130,58,9220,2019,1006.0,0.0,0.858456,1.364581,LTU,CYP,847989
5640808,131,58,9220,2019,2473.0,0.0,1.234145,1.3754309999999998,LUX,CYP,847989
5640809,135,58,9220,2019,1874.0,0.0,-0.333385,-0.35752,MDA,CYP,847989
5640810,153,58,9220,2019,6143.0,0.0,1.192967,0.730971,MYS,CYP,847989
5640811,162,58,9220,2019,655760.0,349856.0,1.145044,1.3523530000000001,NLD,CYP,847989
5640812,163,58,9220,2019,12317.0,17676.0,0.6957300000000001,0.181607,NOR,CYP,847989
5640813,177,58,9220,2019,61856.0,23566.0,1.088347,1.275875,POL,CYP,847989
5640814,179,58,9220,2019,7200.0,0.0,0.545467,2.344447,PRT,CYP,847989
5640815,185,58,9220,2019,7237.0,63589.0,1.044289,1.013691,ROU,CYP,847989
5640816,186,58,9220,2019,27460.0,8099.0,0.329884,0.26215,RUS,CYP,847989
5640817,192,58,9220,2019,523996.0,0.0,2.0264599999999997,0.665506,SGP,CYP,847989
5640818,207,58,9220,2019,2801.0,0.0,1.63711,0.803198,SVN,CYP,847989
5640819,208,58,9220,2019,107343.0,3024.0,1.781148,0.742037,SWE,CYP,847989
5640820,224,58,9220,2019,1423500.0,0.0,0.569408,2.364546,TUR,CYP,847989
5640821,228,58,9220,2019,3362.0,0.0,0.303802,0.5650270000000001,UKR,CYP,847989
5640822,231,58,9220,2019,1288671.0,70396.0,1.606808,0.3232,USA,CYP,847989
5640823,249,58,9220,2019,12669.0,0.0,2.123296,1.1786969999999999,TWN,CYP,847989
5640824,1,59,9220,2019,0.0,33900.0,-1.187576,-0.7731979999999999,AFG,CZE,847989
5640825,2,59,9220,2019,0.0,612316.0,-1.096127,-1.195434,AGO,CZE,847989
5640826,4,59,9220,2019,0.0,3769.0,-0.459614,-0.019257,ALB,CZE,847989
5640827,7,59,9220,2019,131057.0,6982005.0,-0.165113,-0.8973540000000001,ARE,CZE,847989
5640828,8,59,9220,2019,690.0,785142.0,-0.136634,0.127073,ARG,CZE,847989
5640829,9,59,9220,2019,0.0,31775.0,-0.203986,-0.667607,ARM,CZE,847989
5640830,14,59,9220,2019,59950.0,2870367.0,-0.294558,-0.180198,AUS,CZE,847989
5640831,15,59,9220,2019,54863380.0,10383173.0,1.743927,-0.076778,AUT,CZE,847989
5640832,16,59,9220,2019,0.0,4471.0,-1.005636,-1.2094209999999999,AZE,CZE,847989
5640833,18,59,9220,2019,4176245.0,18831104.0,1.2555969999999999,1.168642,BEL,CZE,847989
5640834,22,59,9220,2019,0.0,131224.0,-1.113148,-0.9513299999999999,BGD,CZE,847989
5640835,23,59,9220,2019,118839.0,14588580.0,0.572997,1.863346,BGR,CZE,847989
5640836,24,59,9220,2019,0.0,997184.0,0.378349,-0.621468,BHR,CZE,847989
5640837,26,59,9220,2019,7416.0,625242.0,0.6525,0.83988,BIH,CZE,847989
5640838,28,59,9220,2019,1990917.0,1591024.0,0.7849649999999999,0.8951600000000001,BLR,CZE,847989
5640839,29,59,9220,2019,0.0,109924.0,-0.484834,-0.638616,BLZ,CZE,847989
5640840,31,59,9220,2019,0.0,91274.0,-1.012748,-0.999245,BOL,CZE,847989
5640841,32,59,9220,2019,19004.0,1763837.0,0.076947,0.660604,BRA,CZE,847989
5640842,37,59,9220,2019,0.0,64928.0,-0.492807,-1.152651,BWA,CZE,847989
5640843,39,59,9220,2019,505040.0,1736740.0,0.657292,1.187872,CAN,CZE,847989
5640844,41,59,9220,2019,42215456.0,4330170.0,2.1990849999999997,0.8394229999999999,CHE,CZE,847989
5640845,42,59,9220,2019,0.0,430573.0,-0.34416199999999997,-0.432674,CHL,CZE,847989
5640846,43,59,9220,2019,21614036.0,27019920.0,1.196265,1.2258870000000002,CHN,CZE,847989
5640847,44,59,9220,2019,0.0,11029.0,-0.9916719999999999,-0.960625,CIV,CZE,847989
5640848,45,59,9220,2019,0.0,8549.0,-1.461279,-1.214274,CMR,CZE,847989
5640849,46,59,9220,2019,0.0,772.0,-1.2685879999999998,-1.148403,COD,CZE,847989
5640850,47,59,9220,2019,1700.0,0.0,-1.305193,-1.162808,COG,CZE,847989
5640851,49,59,9220,2019,8024.0,215734.0,0.099936,-0.15568800000000002,COL,CZE,847989
5640852,52,59,9220,2019,507626.0,1845.0,0.38045,0.08960900000000001,CRI,CZE,847989
5640853,54,59,9220,2019,0.0,1759709.0,-0.880892,-1.141591,CUB,CZE,847989
5640854,58,59,9220,2019,0.0,657312.0,0.657782,0.209481,CYP,CZE,847989
5640855,61,59,9220,2019,398721984.0,169775392.0,2.078626,-2.124816,DEU,CZE,847989
5640856,62,59,9220,2019,0.0,47588.0,-0.602334,-0.794205,DJI,CZE,847989
5640857,64,59,9220,2019,6260474.0,2151457.0,1.0768280000000001,1.2615610000000002,DNK,CZE,847989
5640858,65,59,9220,2019,0.0,22447.0,-0.20594,0.309785,DOM,CZE,847989
5640859,66,59,9220,2019,0.0,31627.0,-1.008866,-1.215228,DZA,CZE,847989
5640860,67,59,9220,2019,0.0,32852.0,-1.12261,-1.094275,ECU,CZE,847989
5640861,68,59,9220,2019,5272.0,609548.0,-0.152353,1.5426309999999999,EGY,CZE,847989
5640862,71,59,9220,2019,6235478.0,20414700.0,0.678454,3.007838,ESP,CZE,847989
5640863,72,59,9220,2019,333521.0,1823112.0,0.962284,1.346195,EST,CZE,847989
5640864,73,59,9220,2019,0.0,741991.0,-1.073631,-0.617885,ETH,CZE,847989
5640865,74,59,9220,2019,406072.0,7559080.0,1.495278,1.034435,FIN,CZE,847989
5640866,75,59,9220,2019,0.0,32323.0,-0.274278,-0.049333,FJI,CZE,847989
5640867,77,59,9220,2019,15833758.0,28092152.0,1.380982,0.9510629999999999,FRA,CZE,847989
5640868,78,59,9220,2019,0.0,3700.0,-1.164816,-0.9571540000000001,FRO,CZE,847989
5640869,81,59,9220,2019,5857109.0,21978318.0,1.731106,0.717566,GBR,CZE,847989
5640870,82,59,9220,2019,2673.0,273646.0,-0.057798,-0.206771,GEO,CZE,847989
5640871,90,59,9220,2019,49708.0,485800.0,0.08904400000000001,1.059396,GRC,CZE,847989
5640872,93,59,9220,2019,0.0,15219.0,-0.43447299999999994,0.658475,GTM,CZE,847989
5640873,97,59,9220,2019,102617.0,3667778.0,0.992556,1.523004,HKG,CZE,847989
5640874,99,59,9220,2019,0.0,3285.0,-0.6444439999999999,-0.203443,HND,CZE,847989
5640875,100,59,9220,2019,225863.0,1298604.0,0.850527,1.280845,HRV,CZE,847989
5640876,102,59,9220,2019,8223588.0,5137366.0,1.462102,0.809183,HUN,CZE,847989
5640877,103,59,9220,2019,7864.0,381072.0,-0.141811,1.385726,IDN,CZE,847989
5640878,104,59,9220,2019,517642.0,3979559.0,0.43196,2.661139,IND,CZE,847989
5640879,106,59,9220,2019,559183.0,707722.0,1.3812389999999999,-0.025366,IRL,CZE,847989
5640880,107,59,9220,2019,0.0,366581.0,-0.386813,-0.467873,IRN,CZE,847989
5640881,108,59,9220,2019,0.0,280572.0,-1.593359,-0.9927860000000001,IRQ,CZE,847989
5640882,109,59,9220,2019,0.0,147908.0,0.378873,-0.162129,ISL,CZE,847989
5640883,110,59,9220,2019,217729.0,901289.0,1.488686,0.823376,ISR,CZE,847989
5640884,111,59,9220,2019,49665552.0,21792190.0,1.25898,0.926639,ITA,CZE,847989
5640885,113,59,9220,2019,0.0,82427.0,-0.003529,0.255816,JOR,CZE,847989
5640886,114,59,9220,2019,29327684.0,4321990.0,2.4931509999999997,-0.558811,JPN,CZE,847989
5640887,115,59,9220,2019,0.0,33631.0,-0.26529400000000003,-0.523479,KAZ,CZE,847989
5640888,116,59,9220,2019,0.0,102210.0,-0.406684,0.8588969999999999,KEN,CZE,847989
5640889,121,59,9220,2019,37012788.0,1933267.0,2.115482,0.696838,KOR,CZE,847989
5640890,122,59,9220,2019,0.0,142611.0,0.081686,-1.087259,KWT,CZE,847989
5640891,123,59,9220,2019,1661.0,40018.0,-0.8232889999999999,-0.7276590000000001,LAO,CZE,847989
5640892,124,59,9220,2019,0.0,98995.0,0.26155700000000004,1.062317,LBN,CZE,847989
5640893,128,59,9220,2019,0.0,16557.0,-0.592952,0.394811,LKA,CZE,847989
5640894,130,59,9220,2019,164389.0,849774.0,0.858456,1.364581,LTU,CZE,847989
5640895,131,59,9220,2019,769499.0,307591.0,1.234145,1.3754309999999998,LUX,CZE,847989
5640896,132,59,9220,2019,1513.0,437879.0,0.7804300000000001,1.159592,LVA,CZE,847989
5640897,134,59,9220,2019,100014.0,2904735.0,-0.747739,-0.154125,MAR,CZE,847989
5640898,135,59,9220,2019,0.0,146804.0,-0.333385,-0.35752,MDA,CZE,847989
5640899,136,59,9220,2019,0.0,7178.0,-1.267516,-0.733849,MDG,CZE,847989
5640900,137,59,9220,2019,0.0,10100.0,-0.37792800000000004,-0.8963059999999999,MDV,CZE,847989
5640901,138,59,9220,2019,2082330.0,12166395.0,1.083041,0.569353,MEX,CZE,847989
5640902,140,59,9220,2019,0.0,168713.0,0.050624,-0.11143299999999999,MKD,CZE,847989
5640903,141,59,9220,2019,0.0,1248.0,-0.381732,-0.606313,MLI,CZE,847989
5640904,142,59,9220,2019,188242.0,105353.0,0.893992,0.25255500000000003,MLT,CZE,847989
5640905,144,59,9220,2019,0.0,6942.0,0.40415100000000004,0.068967,MNE,CZE,847989
5640906,145,59,9220,2019,0.0,1299.0,-1.1612049999999998,-1.1615739999999999,MNG,CZE,847989
5640907,151,59,9220,2019,0.0,3649.0,-0.15909600000000002,0.034770999999999996,MUS,CZE,847989
5640908,153,59,9220,2019,127236.0,1702682.0,1.192967,0.730971,MYS,CZE,847989
5640909,155,59,9220,2019,0.0,1797.0,-0.545575,-0.744274,NAM,CZE,847989
5640910,157,59,9220,2019,0.0,157965.0,-0.345047,-0.792769,NER,CZE,847989
5640911,159,59,9220,2019,0.0,73817.0,-1.7383970000000002,-1.220333,NGA,CZE,847989
5640912,162,59,9220,2019,17761530.0,9617443.0,1.145044,1.3523530000000001,NLD,CZE,847989
5640913,163,59,9220,2019,37840.0,4108090.0,0.6957300000000001,0.181607,NOR,CZE,847989
5640914,166,59,9220,2019,0.0,415308.0,0.119281,0.039036,NZL,CZE,847989
5640915,167,59,9220,2019,0.0,104811.0,-0.40120100000000003,-0.881602,OMN,CZE,847989
5640916,168,59,9220,2019,0.0,136829.0,-0.6909270000000001,0.8651120000000001,PAK,CZE,847989
5640917,169,59,9220,2019,0.0,66584.0,0.00926,-0.308483,PAN,CZE,847989
5640918,173,59,9220,2019,0.0,1087900.0,-0.76944,-0.216619,PER,CZE,847989
5640919,174,59,9220,2019,0.0,22960.0,0.762884,0.3318,PHL,CZE,847989
5640920,176,59,9220,2019,0.0,5320.0,-1.654143,-1.249707,PNG,CZE,847989
5640921,177,59,9220,2019,14057558.0,23725186.0,1.088347,1.275875,POL,CZE,847989
5640922,179,59,9220,2019,1498835.0,2111230.0,0.545467,2.344447,PRT,CZE,847989
5640923,180,59,9220,2019,0.0,46320.0,-0.500999,-0.8635219999999999,PRY,CZE,847989
5640924,181,59,9220,2019,0.0,1483.0,0.05640800000000001,0.708102,PSE,CZE,847989
5640925,182,59,9220,2019,0.0,1056.0,0.30119,-0.39213000000000003,PYF,CZE,847989
5640926,183,59,9220,2019,0.0,385347.0,-0.064127,-1.065046,QAT,CZE,847989
5640927,185,59,9220,2019,1938068.0,9212610.0,1.044289,1.013691,ROU,CZE,847989
5640928,186,59,9220,2019,129443.0,10827536.0,0.329884,0.26215,RUS,CZE,847989
5640929,188,59,9220,2019,0.0,877997.0,0.787798,-0.41350600000000004,SAU,CZE,847989
5640930,192,59,9220,2019,10624856.0,672533.0,2.0264599999999997,0.665506,SGP,CZE,847989
5640931,197,59,9220,2019,0.0,32537.0,0.014037,0.23216599999999998,SLV,CZE,847989
5640932,199,59,9220,2019,0.0,2099.0,-1.046802,-0.961166,SOM,CZE,847989
5640933,201,59,9220,2019,45689.0,1497928.0,0.543913,1.210102,SRB,CZE,847989
5640934,206,59,9220,2019,21021776.0,34323096.0,1.39311,0.743107,SVK,CZE,847989
5640935,207,59,9220,2019,856586.0,4898275.0,1.63711,0.803198,SVN,CZE,847989
5640936,208,59,9220,2019,5446317.0,36395876.0,1.781148,0.742037,SWE,CZE,847989
5640937,215,59,9220,2019,0.0,4075.0,-0.823204,-0.819535,TGO,CZE,847989
5640938,216,59,9220,2019,3365815.0,1095772.0,0.9744229999999999,1.401199,THA,CZE,847989
5640939,219,59,9220,2019,0.0,10145.0,-0.9725950000000001,-1.16562,TKM,CZE,847989
5640940,223,59,9220,2019,129262.0,386831.0,0.19601300000000002,1.159766,TUN,CZE,847989
5640941,224,59,9220,2019,2800813.0,8808734.0,0.569408,2.364546,TUR,CZE,847989
5640942,226,59,9220,2019,0.0,558072.0,-0.907172,0.37293899999999996,TZA,CZE,847989
5640943,227,59,9220,2019,0.0,9034.0,-0.639476,0.148255,UGA,CZE,847989
5640944,228,59,9220,2019,293775.0,2130824.0,0.303802,0.5650270000000001,UKR,CZE,847989
5640945,230,59,9220,2019,0.0,90171.0,-0.077549,-0.473943,URY,CZE,847989
5640946,231,59,9220,2019,14072910.0,23843102.0,1.606808,0.3232,USA,CZE,847989
5640947,232,59,9220,2019,0.0,7142.0,-0.5856060000000001,-0.311248,UZB,CZE,847989
5640948,239,59,9220,2019,108375.0,329273.0,-0.048147,1.098784,VNM,CZE,847989
5640949,243,59,9220,2019,0.0,659700.0,-1.4367860000000001,-1.262101,YEM,CZE,847989
5640950,246,59,9220,2019,30374.0,1614222.0,0.129921,1.101027,ZAF,CZE,847989
5640951,247,59,9220,2019,0.0,3840.0,-0.629261,-0.8471489999999999,ZMB,CZE,847989
5640952,249,59,9220,2019,358977.0,592723.0,2.123296,1.1786969999999999,TWN,CZE,847989
5640953,250,59,9220,2019,3233092.0,0.0,0.8996129999999999,-0.152746,ANS,CZE,847989
5640954,0,61,9220,2019,0.0,56201.0,1.077214,-0.060235000000000004,ABW,DEU,847989
5640955,1,61,9220,2019,0.0,637989.0,-1.187576,-0.7731979999999999,AFG,DEU,847989
5640956,2,61,9220,2019,501656.0,1066837.0,-1.096127,-1.195434,AGO,DEU,847989
5640957,4,61,9220,2019,0.0,447906.0,-0.459614,-0.019257,ALB,DEU,847989
5640958,5,61,9220,2019,0.0,190596.0,0.776042,0.167417,AND,DEU,847989
5640959,7,61,9220,2019,1126530.0,57558252.0,-0.165113,-0.8973540000000001,ARE,DEU,847989
5640960,8,61,9220,2019,59891.0,31452558.0,-0.136634,0.127073,ARG,DEU,847989
5640961,9,61,9220,2019,9317.0,254756.0,-0.203986,-0.667607,ARM,DEU,847989
5640962,11,61,9220,2019,0.0,48459.0,1.444007,-0.373372,ATA,DEU,847989
5640963,12,61,9220,2019,0.0,209019.0,1.100273,-0.637684,ATF,DEU,847989
5640964,13,61,9220,2019,0.0,2357.0,0.391831,-0.723957,ATG,DEU,847989
5640965,14,61,9220,2019,10694348.0,128008592.0,-0.294558,-0.180198,AUS,DEU,847989
5640966,15,61,9220,2019,154407472.0,438557824.0,1.743927,-0.076778,AUT,DEU,847989
5640967,16,61,9220,2019,4673.0,3466834.0,-1.005636,-1.2094209999999999,AZE,DEU,847989
5640968,17,61,9220,2019,0.0,185983.0,-0.689117,-0.9027209999999999,BDI,DEU,847989
5640969,18,61,9220,2019,51175852.0,221490912.0,1.2555969999999999,1.168642,BEL,DEU,847989
5640970,19,61,9220,2019,0.0,365801.0,-0.861242,-0.8837440000000001,BEN,DEU,847989
5640971,20,61,9220,2019,0.0,2097.0,0.41463500000000003,-0.899409,BES,DEU,847989
5640972,21,61,9220,2019,57008.0,492851.0,-0.805181,-0.941847,BFA,DEU,847989
5640973,22,61,9220,2019,7078.0,15951808.0,-1.113148,-0.9513299999999999,BGD,DEU,847989
5640974,23,61,9220,2019,4829374.0,43985824.0,0.572997,1.863346,BGR,DEU,847989
5640975,24,61,9220,2019,13080.0,2970650.0,0.378349,-0.621468,BHR,DEU,847989
5640976,25,61,9220,2019,0.0,131373.0,-0.10707799999999999,-0.7419720000000001,BHS,DEU,847989
5640977,26,61,9220,2019,295718.0,5065789.0,0.6525,0.83988,BIH,DEU,847989
5640978,27,61,9220,2019,0.0,13680.0,0.6343979999999999,-0.19001400000000002,BLM,DEU,847989
5640979,28,61,9220,2019,42108.0,18407576.0,0.7849649999999999,0.8951600000000001,BLR,DEU,847989
5640980,29,61,9220,2019,0.0,25894.0,-0.484834,-0.638616,BLZ,DEU,847989
5640981,30,61,9220,2019,0.0,122242.0,0.875265,-0.498062,BMU,DEU,847989
5640982,31,61,9220,2019,1691.0,1918675.0,-1.012748,-0.999245,BOL,DEU,847989
5640983,32,61,9220,2019,6863938.0,112338280.0,0.076947,0.660604,BRA,DEU,847989
5640984,33,61,9220,2019,0.0,326720.0,0.6228199999999999,-0.10803499999999999,BRB,DEU,847989
5640985,34,61,9220,2019,0.0,876958.0,0.9608620000000001,-0.7012619999999999,BRN,DEU,847989
5640986,35,61,9220,2019,0.0,2141.0,0.008482,-0.767876,BTN,DEU,847989
5640987,37,61,9220,2019,0.0,598736.0,-0.492807,-1.152651,BWA,DEU,847989
5640988,38,61,9220,2019,0.0,1127.0,-0.027091000000000004,-0.7267899999999999,CAF,DEU,847989
5640989,39,61,9220,2019,8132582.0,91396264.0,0.657292,1.187872,CAN,DEU,847989
5640990,41,61,9220,2019,358774432.0,367856352.0,2.1990849999999997,0.8394229999999999,CHE,DEU,847989
5640991,42,61,9220,2019,92856.0,14123066.0,-0.34416199999999997,-0.432674,CHL,DEU,847989
5640992,43,61,9220,2019,243847056.0,1892719872.0,1.196265,1.2258870000000002,CHN,DEU,847989
5640993,44,61,9220,2019,1406.0,678549.0,-0.9916719999999999,-0.960625,CIV,DEU,847989
5640994,45,61,9220,2019,0.0,1218999.0,-1.461279,-1.214274,CMR,DEU,847989
5640995,46,61,9220,2019,0.0,205329.0,-1.2685879999999998,-1.148403,COD,DEU,847989
5640996,47,61,9220,2019,990.0,1312260.0,-1.305193,-1.162808,COG,DEU,847989
5640997,49,61,9220,2019,8847.0,8819806.0,0.099936,-0.15568800000000002,COL,DEU,847989
5640998,51,61,9220,2019,0.0,137960.0,-0.094961,-0.751246,CPV,DEU,847989
5640999,52,61,9220,2019,71160.0,1716040.0,0.38045,0.08960900000000001,CRI,DEU,847989
5641000,54,61,9220,2019,199676.0,926286.0,-0.880892,-1.141591,CUB,DEU,847989
5641001,55,61,9220,2019,0.0,373541.0,0.808621,-0.225196,CUW,DEU,847989
5641002,57,61,9220,2019,5931.0,1599.0,0.27157800000000004,-0.901875,CYM,DEU,847989
5641003,58,61,9220,2019,60858.0,1886248.0,0.657782,0.209481,CYP,DEU,847989
5641004,59,61,9220,2019,169775392.0,398721984.0,1.797611,0.406708,CZE,DEU,847989
5641005,62,61,9220,2019,0.0,1158981.0,-0.602334,-0.794205,DJI,DEU,847989
5641006,63,61,9220,2019,0.0,28576.0,0.131177,-0.313508,DMA,DEU,847989
5641007,64,61,9220,2019,69162656.0,172464944.0,1.0768280000000001,1.2615610000000002,DNK,DEU,847989
5641008,65,61,9220,2019,0.0,4568936.0,-0.20594,0.309785,DOM,DEU,847989
5641009,66,61,9220,2019,0.0,14845918.0,-1.008866,-1.215228,DZA,DEU,847989
5641010,67,61,9220,2019,4985.0,3311536.0,-1.12261,-1.094275,ECU,DEU,847989
5641011,68,61,9220,2019,135037.0,24397294.0,-0.152353,1.5426309999999999,EGY,DEU,847989
5641012,69,61,9220,2019,0.0,2272.0,-1.7266080000000001,-1.0303360000000001,ERI,DEU,847989
5641013,71,61,9220,2019,37648664.0,264200384.0,0.678454,3.007838,ESP,DEU,847989
5641014,72,61,9220,2019,488873.0,18283664.0,0.962284,1.346195,EST,DEU,847989
5641015,73,61,9220,2019,37214.0,3003804.0,-1.073631,-0.617885,ETH,DEU,847989
5641016,74,61,9220,2019,33997920.0,117633592.0,1.495278,1.034435,FIN,DEU,847989
5641017,75,61,9220,2019,0.0,344695.0,-0.274278,-0.049333,FJI,DEU,847989
5641018,77,61,9220,2019,120997728.0,611502656.0,1.380982,0.9510629999999999,FRA,DEU,847989
5641019,78,61,9220,2019,0.0,270330.0,-1.164816,-0.9571540000000001,FRO,DEU,847989
5641020,80,61,9220,2019,0.0,883672.0,-1.08556,-1.183434,GAB,DEU,847989
5641021,81,61,9220,2019,90318072.0,413019808.0,1.731106,0.717566,GBR,DEU,847989
5641022,82,61,9220,2019,181834.0,3607645.0,-0.057798,-0.206771,GEO,DEU,847989
5641023,83,61,9220,2019,0.0,1855969.0,-0.9581,-0.8727879999999999,GHA,DEU,847989
5641024,84,61,9220,2019,385664.0,97446.0,0.5167470000000001,-0.484465,GIB,DEU,847989
5641025,85,61,9220,2019,0.0,4054766.0,-1.366633,-1.196123,GIN,DEU,847989
5641026,87,61,9220,2019,0.0,224920.0,-1.0174450000000002,-0.790743,GMB,DEU,847989
5641027,89,61,9220,2019,0.0,204968.0,-1.9057680000000001,-0.968132,GNQ,DEU,847989
5641028,90,61,9220,2019,146375.0,26398308.0,0.08904400000000001,1.059396,GRC,DEU,847989
5641029,91,61,9220,2019,0.0,3283.0,0.297653,-0.409112,GRD,DEU,847989
5641030,92,61,9220,2019,0.0,2679.0,-0.808258,-0.936559,GRL,DEU,847989
5641031,93,61,9220,2019,0.0,2456207.0,-0.43447299999999994,0.658475,GTM,DEU,847989
5641032,96,61,9220,2019,0.0,59325.0,-0.308365,-0.7833359999999999,GUY,DEU,847989
5641033,97,61,9220,2019,2367066.0,100998928.0,0.992556,1.523004,HKG,DEU,847989
5641034,99,61,9220,2019,0.0,3125717.0,-0.6444439999999999,-0.203443,HND,DEU,847989
5641035,100,61,9220,2019,4782142.0,23461644.0,0.850527,1.280845,HRV,DEU,847989
5641036,101,61,9220,2019,0.0,1795.0,-1.120295,-0.967447,HTI,DEU,847989
5641037,102,61,9220,2019,79215296.0,261009616.0,1.462102,0.809183,HUN,DEU,847989
5641038,103,61,9220,2019,376849.0,32842420.0,-0.141811,1.385726,IDN,DEU,847989
5641039,104,61,9220,2019,9701660.0,196079552.0,0.43196,2.661139,IND,DEU,847989
5641040,106,61,9220,2019,14083835.0,48267496.0,1.3812389999999999,-0.025366,IRL,DEU,847989
5641041,107,61,9220,2019,4354.0,15616924.0,-0.386813,-0.467873,IRN,DEU,847989
5641042,108,61,9220,2019,2766.0,5443376.0,-1.593359,-0.9927860000000001,IRQ,DEU,847989
5641043,109,61,9220,2019,17700.0,3323745.0,0.378873,-0.162129,ISL,DEU,847989
5641044,110,61,9220,2019,6947644.0,51279020.0,1.488686,0.823376,ISR,DEU,847989
5641045,111,61,9220,2019,284783648.0,415100000.0,1.25898,0.926639,ITA,DEU,847989
5641046,112,61,9220,2019,33995.0,168133.0,-0.18387799999999999,-0.710004,JAM,DEU,847989
5641047,113,61,9220,2019,3897.0,6869225.0,-0.003529,0.255816,JOR,DEU,847989
5641048,114,61,9220,2019,257826144.0,171507056.0,2.4931509999999997,-0.558811,JPN,DEU,847989
5641049,115,61,9220,2019,64980.0,9128053.0,-0.26529400000000003,-0.523479,KAZ,DEU,847989
5641050,116,61,9220,2019,27637.0,1306890.0,-0.406684,0.8588969999999999,KEN,DEU,847989
5641051,117,61,9220,2019,0.0,91950.0,-0.297072,0.306611,KGZ,DEU,847989
5641052,118,61,9220,2019,0.0,2038179.0,-0.7499359999999999,-0.627125,KHM,DEU,847989
5641053,121,61,9220,2019,123818928.0,261050544.0,2.115482,0.696838,KOR,DEU,847989
5641054,122,61,9220,2019,12846.0,6475589.0,0.081686,-1.087259,KWT,DEU,847989
5641055,123,61,9220,2019,0.0,48075.0,-0.8232889999999999,-0.7276590000000001,LAO,DEU,847989
5641056,124,61,9220,2019,1391.0,4712942.0,0.26155700000000004,1.062317,LBN,DEU,847989
5641057,125,61,9220,2019,0.0,222023.0,-1.288568,-1.172395,LBR,DEU,847989
5641058,126,61,9220,2019,0.0,969072.0,-1.552842,-1.2316690000000001,LBY,DEU,847989
5641059,127,61,9220,2019,0.0,5624.0,0.21145,-0.08792699999999999,LCA,DEU,847989
5641060,128,61,9220,2019,256725.0,2518779.0,-0.592952,0.394811,LKA,DEU,847989
5641061,130,61,9220,2019,14953628.0,35411452.0,0.858456,1.364581,LTU,DEU,847989
5641062,131,61,9220,2019,6537415.0,33621908.0,1.234145,1.3754309999999998,LUX,DEU,847989
5641063,132,61,9220,2019,586377.0,9576540.0,0.7804300000000001,1.159592,LVA,DEU,847989
5641064,133,61,9220,2019,0.0,280020.0,0.397984,-0.061689,MAC,DEU,847989
5641065,134,61,9220,2019,38119.0,10469946.0,-0.747739,-0.154125,MAR,DEU,847989
5641066,135,61,9220,2019,2646.0,1738000.0,-0.333385,-0.35752,MDA,DEU,847989
5641067,136,61,9220,2019,3101.0,194686.0,-1.267516,-0.733849,MDG,DEU,847989
5641068,137,61,9220,2019,0.0,297042.0,-0.37792800000000004,-0.8963059999999999,MDV,DEU,847989
5641069,138,61,9220,2019,17431202.0,198177568.0,1.083041,0.569353,MEX,DEU,847989
5641070,139,61,9220,2019,0.0,3302.0,-0.592066,-0.900875,MHL,DEU,847989
5641071,140,61,9220,2019,534218.0,15114431.0,0.050624,-0.11143299999999999,MKD,DEU,847989
5641072,141,61,9220,2019,10404.0,100844.0,-0.381732,-0.606313,MLI,DEU,847989
5641073,142,61,9220,2019,4672008.0,23419918.0,0.893992,0.25255500000000003,MLT,DEU,847989
5641074,143,61,9220,2019,257743.0,848091.0,-1.196733,-0.435766,MMR,DEU,847989
5641075,144,61,9220,2019,0.0,1542236.0,0.40415100000000004,0.068967,MNE,DEU,847989
5641076,145,61,9220,2019,0.0,457870.0,-1.1612049999999998,-1.1615739999999999,MNG,DEU,847989
5641077,147,61,9220,2019,0.0,2378785.0,-1.264532,-1.072626,MOZ,DEU,847989
5641078,148,61,9220,2019,0.0,119646.0,-1.711918,-1.339005,MRT,DEU,847989
5641079,151,61,9220,2019,0.0,387951.0,-0.15909600000000002,0.034770999999999996,MUS,DEU,847989
5641080,152,61,9220,2019,0.0,89148.0,-1.0178479999999999,-1.1028879999999999,MWI,DEU,847989
5641081,153,61,9220,2019,53057444.0,61652972.0,1.192967,0.730971,MYS,DEU,847989
5641082,155,61,9220,2019,0.0,431501.0,-0.545575,-0.744274,NAM,DEU,847989
5641083,156,61,9220,2019,0.0,327909.0,-0.342544,-0.867944,NCL,DEU,847989
5641084,157,61,9220,2019,0.0,33172.0,-0.345047,-0.792769,NER,DEU,847989
5641085,159,61,9220,2019,17712.0,8775833.0,-1.7383970000000002,-1.220333,NGA,DEU,847989
5641086,160,61,9220,2019,0.0,119329.0,-1.058553,-0.854482,NIC,DEU,847989
5641087,162,61,9220,2019,129035512.0,345316640.0,1.145044,1.3523530000000001,NLD,DEU,847989
5641088,163,61,9220,2019,2686474.0,87139400.0,0.6957300000000001,0.181607,NOR,DEU,847989
5641089,164,61,9220,2019,0.0,183130.0,-0.23868000000000003,0.42732299999999995,NPL,DEU,847989
5641090,166,61,9220,2019,50025.0,9933334.0,0.119281,0.039036,NZL,DEU,847989
5641091,167,61,9220,2019,11167.0,4139533.0,-0.40120100000000003,-0.881602,OMN,DEU,847989
5641092,168,61,9220,2019,15655.0,10401475.0,-0.6909270000000001,0.8651120000000001,PAK,DEU,847989
5641093,169,61,9220,2019,7399.0,4820040.0,0.00926,-0.308483,PAN,DEU,847989
5641094,173,61,9220,2019,3302.0,4224500.0,-0.76944,-0.216619,PER,DEU,847989
5641095,174,61,9220,2019,2219617.0,15780859.0,0.762884,0.3318,PHL,DEU,847989
5641096,176,61,9220,2019,0.0,468398.0,-1.654143,-1.249707,PNG,DEU,847989
5641097,177,61,9220,2019,167761520.0,752974528.0,1.088347,1.275875,POL,DEU,847989
5641098,179,61,9220,2019,27604960.0,58436304.0,0.545467,2.344447,PRT,DEU,847989
5641099,180,61,9220,2019,0.0,759655.0,-0.500999,-0.8635219999999999,PRY,DEU,847989
5641100,181,61,9220,2019,0.0,74357.0,0.05640800000000001,0.708102,PSE,DEU,847989
5641101,182,61,9220,2019,0.0,45214.0,0.30119,-0.39213000000000003,PYF,DEU,847989
5641102,183,61,9220,2019,21138.0,5226756.0,-0.064127,-1.065046,QAT,DEU,847989
5641103,185,61,9220,2019,119764912.0,214358080.0,1.044289,1.013691,ROU,DEU,847989
5641104,186,61,9220,2019,740759.0,335265664.0,0.329884,0.26215,RUS,DEU,847989
5641105,187,61,9220,2019,0.0,777219.0,-0.812602,-0.737603,RWA,DEU,847989
5641106,188,61,9220,2019,73429.0,31009864.0,0.787798,-0.41350600000000004,SAU,DEU,847989
5641107,190,61,9220,2019,0.0,738278.0,-1.25579,-1.208796,SDN,DEU,847989
5641108,191,61,9220,2019,0.0,598691.0,-0.721992,-0.385479,SEN,DEU,847989
5641109,192,61,9220,2019,48638864.0,109065576.0,2.0264599999999997,0.665506,SGP,DEU,847989
5641110,196,61,9220,2019,0.0,65897.0,-0.402403,-0.639318,SLE,DEU,847989
5641111,197,61,9220,2019,7777.0,1007638.0,0.014037,0.23216599999999998,SLV,DEU,847989
5641112,198,61,9220,2019,13667.0,381725.0,1.144691,0.7038989999999999,SMR,DEU,847989
5641113,199,61,9220,2019,0.0,21584.0,-1.046802,-0.961166,SOM,DEU,847989
5641114,200,61,9220,2019,0.0,155035.0,0.14380199999999999,-0.788161,SPM,DEU,847989
5641115,201,61,9220,2019,969104.0,36834904.0,0.543913,1.210102,SRB,DEU,847989
5641116,202,61,9220,2019,0.0,225260.0,-1.8098990000000001,-1.0067979999999999,SSD,DEU,847989
5641117,205,61,9220,2019,0.0,43769.0,-0.369004,-1.017133,SUR,DEU,847989
5641118,206,61,9220,2019,48043752.0,106203680.0,1.39311,0.743107,SVK,DEU,847989
5641119,207,61,9220,2019,11899950.0,35001132.0,1.63711,0.803198,SVN,DEU,847989
5641120,208,61,9220,2019,69870472.0,214548912.0,1.781148,0.742037,SWE,DEU,847989
5641121,209,61,9220,2019,0.0,14853.0,0.087181,-0.760434,SWZ,DEU,847989
5641122,211,61,9220,2019,0.0,31903.0,0.024113,-0.711363,SYC,DEU,847989
5641123,212,61,9220,2019,0.0,596776.0,-0.67825,0.385416,SYR,DEU,847989
5641124,214,61,9220,2019,0.0,3399.0,-2.636669,-1.033665,TCD,DEU,847989
5641125,215,61,9220,2019,0.0,228675.0,-0.823204,-0.819535,TGO,DEU,847989
5641126,216,61,9220,2019,3504906.0,54604020.0,0.9744229999999999,1.401199,THA,DEU,847989
5641127,217,61,9220,2019,0.0,431132.0,-0.7940020000000001,-1.075605,TJK,DEU,847989
5641128,218,61,9220,2019,31326.0,0.0,0.49747600000000003,0.238225,TKL,DEU,847989
5641129,219,61,9220,2019,0.0,227736.0,-0.9725950000000001,-1.16562,TKM,DEU,847989
5641130,222,61,9220,2019,0.0,578769.0,0.1861,-0.874604,TTO,DEU,847989
5641131,223,61,9220,2019,218509.0,18349382.0,0.19601300000000002,1.159766,TUN,DEU,847989
5641132,224,61,9220,2019,13768504.0,162593216.0,0.569408,2.364546,TUR,DEU,847989
5641133,226,61,9220,2019,0.0,1552157.0,-0.907172,0.37293899999999996,TZA,DEU,847989
5641134,227,61,9220,2019,4192.0,1281263.0,-0.639476,0.148255,UGA,DEU,847989
5641135,228,61,9220,2019,338491.0,31889418.0,0.303802,0.5650270000000001,UKR,DEU,847989
5641136,230,61,9220,2019,0.0,1138325.0,-0.077549,-0.473943,URY,DEU,847989
5641137,231,61,9220,2019,213944512.0,1299862016.0,1.606808,0.3232,USA,DEU,847989
5641138,232,61,9220,2019,2022.0,2141431.0,-0.5856060000000001,-0.311248,UZB,DEU,847989
5641139,233,61,9220,2019,18214.0,0.0,1.235527,-0.155683,VAT,DEU,847989
5641140,234,61,9220,2019,0.0,26248.0,-0.712703,-0.859416,VCT,DEU,847989
5641141,236,61,9220,2019,0.0,183655.0,-1.318175,-1.2506110000000001,VEN,DEU,847989
5641142,239,61,9220,2019,4290028.0,61324392.0,-0.048147,1.098784,VNM,DEU,847989
5641143,243,61,9220,2019,0.0,753384.0,-1.4367860000000001,-1.262101,YEM,DEU,847989
5641144,246,61,9220,2019,2181086.0,65493872.0,0.129921,1.101027,ZAF,DEU,847989
5641145,247,61,9220,2019,25863.0,966339.0,-0.629261,-0.8471489999999999,ZMB,DEU,847989
5641146,248,61,9220,2019,17746.0,13585.0,-0.9993780000000001,-1.018174,ZWE,DEU,847989
5641147,249,61,9220,2019,16069864.0,198730800.0,2.123296,1.1786969999999999,TWN,DEU,847989
5641148,250,61,9220,2019,0.0,1217504.0,0.8996129999999999,-0.152746,ANS,DEU,847989
5641149,1,64,9220,2019,0.0,2437.0,-1.187576,-0.7731979999999999,AFG,DNK,847989
5641150,2,64,9220,2019,10126.0,13556.0,-1.096127,-1.195434,AGO,DNK,847989
5641151,4,64,9220,2019,0.0,4318.0,-0.459614,-0.019257,ALB,DNK,847989
5641152,7,64,9220,2019,3117.0,909776.0,-0.165113,-0.8973540000000001,ARE,DNK,847989
5641153,8,64,9220,2019,0.0,669586.0,-0.136634,0.127073,ARG,DNK,847989
5641154,9,64,9220,2019,0.0,851.0,-0.203986,-0.667607,ARM,DNK,847989
5641155,14,64,9220,2019,102948.0,9036103.0,-0.294558,-0.180198,AUS,DNK,847989
5641156,15,64,9220,2019,3578410.0,4922707.0,1.743927,-0.076778,AUT,DNK,847989
5641157,16,64,9220,2019,54407.0,5531.0,-1.005636,-1.2094209999999999,AZE,DNK,847989
5641158,18,64,9220,2019,1121534.0,7872349.0,1.2555969999999999,1.168642,BEL,DNK,847989
5641159,22,64,9220,2019,0.0,1301302.0,-1.113148,-0.9513299999999999,BGD,DNK,847989
5641160,23,64,9220,2019,17493.0,464454.0,0.572997,1.863346,BGR,DNK,847989
5641161,24,64,9220,2019,0.0,140742.0,0.378349,-0.621468,BHR,DNK,847989
5641162,26,64,9220,2019,0.0,8927.0,0.6525,0.83988,BIH,DNK,847989
5641163,28,64,9220,2019,4047.0,196233.0,0.7849649999999999,0.8951600000000001,BLR,DNK,847989
5641164,30,64,9220,2019,0.0,60214.0,0.875265,-0.498062,BMU,DNK,847989
5641165,31,64,9220,2019,0.0,19232.0,-1.012748,-0.999245,BOL,DNK,847989
5641166,32,64,9220,2019,99177.0,5703134.0,0.076947,0.660604,BRA,DNK,847989
5641167,34,64,9220,2019,0.0,832.0,0.9608620000000001,-0.7012619999999999,BRN,DNK,847989
5641168,39,64,9220,2019,508921.0,8791715.0,0.657292,1.187872,CAN,DNK,847989
5641169,41,64,9220,2019,18828592.0,5299615.0,2.1990849999999997,0.8394229999999999,CHE,DNK,847989
5641170,42,64,9220,2019,41754.0,1238792.0,-0.34416199999999997,-0.432674,CHL,DNK,847989
5641171,43,64,9220,2019,13392729.0,47668924.0,1.196265,1.2258870000000002,CHN,DNK,847989
5641172,44,64,9220,2019,395.0,1442.0,-0.9916719999999999,-0.960625,CIV,DNK,847989
5641173,45,64,9220,2019,0.0,1045.0,-1.461279,-1.214274,CMR,DNK,847989
5641174,46,64,9220,2019,0.0,8799.0,-1.2685879999999998,-1.148403,COD,DNK,847989
5641175,47,64,9220,2019,1486.0,1988.0,-1.305193,-1.162808,COG,DNK,847989
5641176,49,64,9220,2019,14668.0,268984.0,0.099936,-0.15568800000000002,COL,DNK,847989
5641177,51,64,9220,2019,0.0,1159.0,-0.094961,-0.751246,CPV,DNK,847989
5641178,52,64,9220,2019,3361.0,101547.0,0.38045,0.08960900000000001,CRI,DNK,847989
5641179,54,64,9220,2019,0.0,3262.0,-0.880892,-1.141591,CUB,DNK,847989
5641180,58,64,9220,2019,0.0,100758.0,0.657782,0.209481,CYP,DNK,847989
5641181,59,64,9220,2019,2151457.0,6260474.0,1.797611,0.406708,CZE,DNK,847989
5641182,61,64,9220,2019,172464944.0,69162656.0,2.078626,-2.124816,DEU,DNK,847989
5641183,62,64,9220,2019,0.0,3061.0,-0.602334,-0.794205,DJI,DNK,847989
5641184,65,64,9220,2019,0.0,143041.0,-0.20594,0.309785,DOM,DNK,847989
5641185,66,64,9220,2019,0.0,257598.0,-1.008866,-1.215228,DZA,DNK,847989
5641186,67,64,9220,2019,4378.0,100477.0,-1.12261,-1.094275,ECU,DNK,847989
5641187,68,64,9220,2019,0.0,404383.0,-0.152353,1.5426309999999999,EGY,DNK,847989
5641188,71,64,9220,2019,5104234.0,11130183.0,0.678454,3.007838,ESP,DNK,847989
5641189,72,64,9220,2019,211731.0,1723875.0,0.962284,1.346195,EST,DNK,847989
5641190,73,64,9220,2019,0.0,2334.0,-1.073631,-0.617885,ETH,DNK,847989
5641191,74,64,9220,2019,4609977.0,6069064.0,1.495278,1.034435,FIN,DNK,847989
5641192,75,64,9220,2019,0.0,9467.0,-0.274278,-0.049333,FJI,DNK,847989
5641193,77,64,9220,2019,5320838.0,34630468.0,1.380982,0.9510629999999999,FRA,DNK,847989
5641194,78,64,9220,2019,88284.0,1222378.0,-1.164816,-0.9571540000000001,FRO,DNK,847989
5641195,80,64,9220,2019,0.0,3153.0,-1.08556,-1.183434,GAB,DNK,847989
5641196,81,64,9220,2019,10564040.0,30371726.0,1.731106,0.717566,GBR,DNK,847989
5641197,82,64,9220,2019,0.0,153212.0,-0.057798,-0.206771,GEO,DNK,847989
5641198,83,64,9220,2019,1280.0,21357.0,-0.9581,-0.8727879999999999,GHA,DNK,847989
5641199,84,64,9220,2019,0.0,14392.0,0.5167470000000001,-0.484465,GIB,DNK,847989
5641200,89,64,9220,2019,0.0,7093.0,-1.9057680000000001,-0.968132,GNQ,DNK,847989
5641201,90,64,9220,2019,47019.0,1849090.0,0.08904400000000001,1.059396,GRC,DNK,847989
5641202,92,64,9220,2019,0.0,490731.0,-0.808258,-0.936559,GRL,DNK,847989
5641203,93,64,9220,2019,0.0,10575.0,-0.43447299999999994,0.658475,GTM,DNK,847989
5641204,97,64,9220,2019,313218.0,1214542.0,0.992556,1.523004,HKG,DNK,847989
5641205,100,64,9220,2019,338899.0,261987.0,0.850527,1.280845,HRV,DNK,847989
5641206,102,64,9220,2019,48815656.0,5124698.0,1.462102,0.809183,HUN,DNK,847989
5641207,103,64,9220,2019,16362.0,822915.0,-0.141811,1.385726,IDN,DNK,847989
5641208,104,64,9220,2019,80743.0,5109020.0,0.43196,2.661139,IND,DNK,847989
5641209,106,64,9220,2019,626716.0,2301981.0,1.3812389999999999,-0.025366,IRL,DNK,847989
5641210,108,64,9220,2019,0.0,237649.0,-1.593359,-0.9927860000000001,IRQ,DNK,847989
5641211,109,64,9220,2019,1440421.0,1858075.0,0.378873,-0.162129,ISL,DNK,847989
5641212,110,64,9220,2019,124514.0,980304.0,1.488686,0.823376,ISR,DNK,847989
5641213,111,64,9220,2019,22515232.0,16747934.0,1.25898,0.926639,ITA,DNK,847989
5641214,112,64,9220,2019,0.0,1050.0,-0.18387799999999999,-0.710004,JAM,DNK,847989
5641215,113,64,9220,2019,0.0,293327.0,-0.003529,0.255816,JOR,DNK,847989
5641216,114,64,9220,2019,2248908.0,14892264.0,2.4931509999999997,-0.558811,JPN,DNK,847989
5641217,115,64,9220,2019,2693.0,216321.0,-0.26529400000000003,-0.523479,KAZ,DNK,847989
5641218,116,64,9220,2019,8210.0,94659.0,-0.406684,0.8588969999999999,KEN,DNK,847989
5641219,121,64,9220,2019,775782.0,9018021.0,2.115482,0.696838,KOR,DNK,847989
5641220,122,64,9220,2019,20667.0,860206.0,0.081686,-1.087259,KWT,DNK,847989
5641221,124,64,9220,2019,0.0,42058.0,0.26155700000000004,1.062317,LBN,DNK,847989
5641222,126,64,9220,2019,0.0,42222.0,-1.552842,-1.2316690000000001,LBY,DNK,847989
5641223,128,64,9220,2019,0.0,8963.0,-0.592952,0.394811,LKA,DNK,847989
5641224,130,64,9220,2019,515067.0,979577.0,0.858456,1.364581,LTU,DNK,847989
5641225,131,64,9220,2019,120996.0,315300.0,1.234145,1.3754309999999998,LUX,DNK,847989
5641226,132,64,9220,2019,303226.0,1167775.0,0.7804300000000001,1.159592,LVA,DNK,847989
5641227,133,64,9220,2019,0.0,11584.0,0.397984,-0.061689,MAC,DNK,847989
5641228,134,64,9220,2019,1033.0,238046.0,-0.747739,-0.154125,MAR,DNK,847989
5641229,136,64,9220,2019,0.0,20304.0,-1.267516,-0.733849,MDG,DNK,847989
5641230,137,64,9220,2019,0.0,18984.0,-0.37792800000000004,-0.8963059999999999,MDV,DNK,847989
5641231,138,64,9220,2019,1151862.0,10085053.0,1.083041,0.569353,MEX,DNK,847989
5641232,140,64,9220,2019,0.0,6199.0,0.050624,-0.11143299999999999,MKD,DNK,847989
5641233,141,64,9220,2019,0.0,293248.0,-0.381732,-0.606313,MLI,DNK,847989
5641234,142,64,9220,2019,0.0,397173.0,0.893992,0.25255500000000003,MLT,DNK,847989
5641235,143,64,9220,2019,0.0,72969.0,-1.196733,-0.435766,MMR,DNK,847989
5641236,144,64,9220,2019,0.0,1658.0,0.40415100000000004,0.068967,MNE,DNK,847989
5641237,147,64,9220,2019,0.0,474.0,-1.264532,-1.072626,MOZ,DNK,847989
5641238,151,64,9220,2019,0.0,23099.0,-0.15909600000000002,0.034770999999999996,MUS,DNK,847989
5641239,153,64,9220,2019,1116559.0,2253008.0,1.192967,0.730971,MYS,DNK,847989
5641240,155,64,9220,2019,0.0,36420.0,-0.545575,-0.744274,NAM,DNK,847989
5641241,159,64,9220,2019,6161.0,279693.0,-1.7383970000000002,-1.220333,NGA,DNK,847989
5641242,162,64,9220,2019,14818041.0,14472515.0,1.145044,1.3523530000000001,NLD,DNK,847989
5641243,163,64,9220,2019,7749856.0,45730604.0,0.6957300000000001,0.181607,NOR,DNK,847989
5641244,166,64,9220,2019,272950.0,1157094.0,0.119281,0.039036,NZL,DNK,847989
5641245,167,64,9220,2019,0.0,179754.0,-0.40120100000000003,-0.881602,OMN,DNK,847989
5641246,168,64,9220,2019,0.0,77594.0,-0.6909270000000001,0.8651120000000001,PAK,DNK,847989
5641247,169,64,9220,2019,0.0,50328.0,0.00926,-0.308483,PAN,DNK,847989
5641248,173,64,9220,2019,0.0,223243.0,-0.76944,-0.216619,PER,DNK,847989
5641249,174,64,9220,2019,0.0,860576.0,0.762884,0.3318,PHL,DNK,847989
5641250,177,64,9220,2019,6487898.0,14691828.0,1.088347,1.275875,POL,DNK,847989
5641251,179,64,9220,2019,420464.0,1447176.0,0.545467,2.344447,PRT,DNK,847989
5641252,182,64,9220,2019,0.0,3197.0,0.30119,-0.39213000000000003,PYF,DNK,847989
5641253,183,64,9220,2019,5163.0,665495.0,-0.064127,-1.065046,QAT,DNK,847989
5641254,185,64,9220,2019,298000.0,3861498.0,1.044289,1.013691,ROU,DNK,847989
5641255,186,64,9220,2019,56245.0,11607278.0,0.329884,0.26215,RUS,DNK,847989
5641256,188,64,9220,2019,2829.0,1014633.0,0.787798,-0.41350600000000004,SAU,DNK,847989
5641257,191,64,9220,2019,0.0,19290.0,-0.721992,-0.385479,SEN,DNK,847989
5641258,192,64,9220,2019,320086.0,2976114.0,2.0264599999999997,0.665506,SGP,DNK,847989
5641259,197,64,9220,2019,0.0,54125.0,0.014037,0.23216599999999998,SLV,DNK,847989
5641260,198,64,9220,2019,377555.0,0.0,1.144691,0.7038989999999999,SMR,DNK,847989
5641261,201,64,9220,2019,2024.0,206511.0,0.543913,1.210102,SRB,DNK,847989
5641262,206,64,9220,2019,239543.0,2476814.0,1.39311,0.743107,SVK,DNK,847989
5641263,207,64,9220,2019,724048.0,2493113.0,1.63711,0.803198,SVN,DNK,847989
5641264,208,64,9220,2019,15911608.0,27387028.0,1.781148,0.742037,SWE,DNK,847989
5641265,216,64,9220,2019,187561.0,5699235.0,0.9744229999999999,1.401199,THA,DNK,847989
5641266,217,64,9220,2019,0.0,3320.0,-0.7940020000000001,-1.075605,TJK,DNK,847989
5641267,222,64,9220,2019,0.0,1735.0,0.1861,-0.874604,TTO,DNK,847989
5641268,223,64,9220,2019,0.0,100279.0,0.19601300000000002,1.159766,TUN,DNK,847989
5641269,224,64,9220,2019,1566842.0,7040618.0,0.569408,2.364546,TUR,DNK,847989
5641270,226,64,9220,2019,0.0,2071.0,-0.907172,0.37293899999999996,TZA,DNK,847989
5641271,227,64,9220,2019,0.0,29975.0,-0.639476,0.148255,UGA,DNK,847989
5641272,228,64,9220,2019,66326.0,269067.0,0.303802,0.5650270000000001,UKR,DNK,847989
5641273,230,64,9220,2019,0.0,30179.0,-0.077549,-0.473943,URY,DNK,847989
5641274,231,64,9220,2019,37005764.0,55926712.0,1.606808,0.3232,USA,DNK,847989
5641275,239,64,9220,2019,42964.0,483244.0,-0.048147,1.098784,VNM,DNK,847989
5641276,246,64,9220,2019,124444.0,2016916.0,0.129921,1.101027,ZAF,DNK,847989
5641277,249,64,9220,2019,944262.0,7768502.0,2.123296,1.1786969999999999,TWN,DNK,847989
5641278,250,64,9220,2019,7636.0,0.0,0.8996129999999999,-0.152746,ANS,DNK,847989
5641279,8,65,9220,2019,153854.0,0.0,-0.136634,0.127073,ARG,DOM,847989
5641280,15,65,9220,2019,659775.0,0.0,1.743927,-0.076778,AUT,DOM,847989
5641281,18,65,9220,2019,48420.0,0.0,1.2555969999999999,1.168642,BEL,DOM,847989
5641282,32,65,9220,2019,309002.0,0.0,0.076947,0.660604,BRA,DOM,847989
5641283,39,65,9220,2019,116054.0,0.0,0.657292,1.187872,CAN,DOM,847989
5641284,41,65,9220,2019,72919.0,0.0,2.1990849999999997,0.8394229999999999,CHE,DOM,847989
5641285,42,65,9220,2019,0.0,25538.0,-0.34416199999999997,-0.432674,CHL,DOM,847989
5641286,43,65,9220,2019,748055.0,0.0,1.196265,1.2258870000000002,CHN,DOM,847989
5641287,49,65,9220,2019,15943.0,17204.0,0.099936,-0.15568800000000002,COL,DOM,847989
5641288,52,65,9220,2019,910.0,5209.0,0.38045,0.08960900000000001,CRI,DOM,847989
5641289,54,65,9220,2019,0.0,7085.0,-0.880892,-1.141591,CUB,DOM,847989
5641290,59,65,9220,2019,22447.0,0.0,1.797611,0.406708,CZE,DOM,847989
5641291,61,65,9220,2019,4568936.0,0.0,2.078626,-2.124816,DEU,DOM,847989
5641292,64,65,9220,2019,143041.0,0.0,1.0768280000000001,1.2615610000000002,DNK,DOM,847989
5641293,67,65,9220,2019,36778.0,0.0,-1.12261,-1.094275,ECU,DOM,847989
5641294,68,65,9220,2019,0.0,4855.0,-0.152353,1.5426309999999999,EGY,DOM,847989
5641295,71,65,9220,2019,1139342.0,0.0,0.678454,3.007838,ESP,DOM,847989
5641296,74,65,9220,2019,37833.0,0.0,1.495278,1.034435,FIN,DOM,847989
5641297,77,65,9220,2019,266517.0,8205.0,1.380982,0.9510629999999999,FRA,DOM,847989
5641298,81,65,9220,2019,234598.0,0.0,1.731106,0.717566,GBR,DOM,847989
5641299,93,65,9220,2019,9048.0,887.0,-0.43447299999999994,0.658475,GTM,DOM,847989
5641300,97,65,9220,2019,47396.0,0.0,0.992556,1.523004,HKG,DOM,847989
5641301,101,65,9220,2019,0.0,55878.0,-1.120295,-0.967447,HTI,DOM,847989
5641302,102,65,9220,2019,3953.0,0.0,1.462102,0.809183,HUN,DOM,847989
5641303,104,65,9220,2019,46216.0,0.0,0.43196,2.661139,IND,DOM,847989
5641304,110,65,9220,2019,16876.0,0.0,1.488686,0.823376,ISR,DOM,847989
5641305,111,65,9220,2019,2036281.0,1331917.0,1.25898,0.926639,ITA,DOM,847989
5641306,112,65,9220,2019,0.0,2224.0,-0.18387799999999999,-0.710004,JAM,DOM,847989
5641307,114,65,9220,2019,56372.0,0.0,2.4931509999999997,-0.558811,JPN,DOM,847989
5641308,121,65,9220,2019,359682.0,0.0,2.115482,0.696838,KOR,DOM,847989
5641309,128,65,9220,2019,987.0,0.0,-0.592952,0.394811,LKA,DOM,847989
5641310,130,65,9220,2019,1323.0,0.0,0.858456,1.364581,LTU,DOM,847989
5641311,138,65,9220,2019,361894.0,31588.0,1.083041,0.569353,MEX,DOM,847989
5641312,162,65,9220,2019,9169.0,0.0,1.145044,1.3523530000000001,NLD,DOM,847989
5641313,163,65,9220,2019,6376.0,0.0,0.6957300000000001,0.181607,NOR,DOM,847989
5641314,169,65,9220,2019,28811.0,0.0,0.00926,-0.308483,PAN,DOM,847989
5641315,173,65,9220,2019,19585.0,0.0,-0.76944,-0.216619,PER,DOM,847989
5641316,177,65,9220,2019,3802.0,0.0,1.088347,1.275875,POL,DOM,847989
5641317,179,65,9220,2019,249065.0,0.0,0.545467,2.344447,PRT,DOM,847989
5641318,185,65,9220,2019,20413.0,0.0,1.044289,1.013691,ROU,DOM,847989
5641319,191,65,9220,2019,0.0,45377.0,-0.721992,-0.385479,SEN,DOM,847989
5641320,192,65,9220,2019,2805.0,0.0,2.0264599999999997,0.665506,SGP,DOM,847989
5641321,197,65,9220,2019,0.0,22133.0,0.014037,0.23216599999999998,SLV,DOM,847989
5641322,208,65,9220,2019,3647.0,0.0,1.781148,0.742037,SWE,DOM,847989
5641323,216,65,9220,2019,2573.0,0.0,0.9744229999999999,1.401199,THA,DOM,847989
5641324,224,65,9220,2019,8416.0,0.0,0.569408,2.364546,TUR,DOM,847989
5641325,231,65,9220,2019,9038321.0,116824.0,1.606808,0.3232,USA,DOM,847989
5641326,236,65,9220,2019,3652.0,2319.0,-1.318175,-1.2506110000000001,VEN,DOM,847989
5641327,239,65,9220,2019,1787.0,0.0,-0.048147,1.098784,VNM,DOM,847989
5641328,249,65,9220,2019,34337.0,0.0,2.123296,1.1786969999999999,TWN,DOM,847989
5641329,250,65,9220,2019,2038.0,0.0,0.8996129999999999,-0.152746,ANS,DOM,847989
5641330,7,67,9220,2019,10586.0,0.0,-0.165113,-0.8973540000000001,ARE,ECU,847989
5641331,8,67,9220,2019,47961.0,16447.0,-0.136634,0.127073,ARG,ECU,847989
5641332,14,67,9220,2019,44903.0,40192.0,-0.294558,-0.180198,AUS,ECU,847989
5641333,15,67,9220,2019,23422.0,0.0,1.743927,-0.076778,AUT,ECU,847989
5641334,16,67,9220,2019,0.0,6722.0,-1.005636,-1.2094209999999999,AZE,ECU,847989
5641335,18,67,9220,2019,5782.0,20784.0,1.2555969999999999,1.168642,BEL,ECU,847989
5641336,31,67,9220,2019,29226.0,103275.0,-1.012748,-0.999245,BOL,ECU,847989
5641337,32,67,9220,2019,5661408.0,0.0,0.076947,0.660604,BRA,ECU,847989
5641338,39,67,9220,2019,1112084.0,68109.0,0.657292,1.187872,CAN,ECU,847989
5641339,41,67,9220,2019,187887.0,0.0,2.1990849999999997,0.8394229999999999,CHE,ECU,847989
5641340,42,67,9220,2019,469773.0,46641.0,-0.34416199999999997,-0.432674,CHL,ECU,847989
5641341,43,67,9220,2019,8765979.0,0.0,1.196265,1.2258870000000002,CHN,ECU,847989
5641342,49,67,9220,2019,452953.0,391569.0,0.099936,-0.15568800000000002,COL,ECU,847989
5641343,52,67,9220,2019,15066.0,2526.0,0.38045,0.08960900000000001,CRI,ECU,847989
5641344,59,67,9220,2019,32852.0,0.0,1.797611,0.406708,CZE,ECU,847989
5641345,61,67,9220,2019,3311536.0,4985.0,2.078626,-2.124816,DEU,ECU,847989
5641346,64,67,9220,2019,100477.0,4378.0,1.0768280000000001,1.2615610000000002,DNK,ECU,847989
5641347,65,67,9220,2019,0.0,36778.0,-0.20594,0.309785,DOM,ECU,847989
5641348,68,67,9220,2019,530271.0,22144.0,-0.152353,1.5426309999999999,EGY,ECU,847989
5641349,71,67,9220,2019,5295931.0,50837.0,0.678454,3.007838,ESP,ECU,847989
5641350,74,67,9220,2019,214072.0,0.0,1.495278,1.034435,FIN,ECU,847989
5641351,77,67,9220,2019,467382.0,0.0,1.380982,0.9510629999999999,FRA,ECU,847989
5641352,81,67,9220,2019,51376.0,14737.0,1.731106,0.717566,GBR,ECU,847989
5641353,97,67,9220,2019,222247.0,0.0,0.992556,1.523004,HKG,ECU,847989
5641354,99,67,9220,2019,0.0,159433.0,-0.6444439999999999,-0.203443,HND,ECU,847989
5641355,102,67,9220,2019,5876.0,0.0,1.462102,0.809183,HUN,ECU,847989
5641356,103,67,9220,2019,3301.0,0.0,-0.141811,1.385726,IDN,ECU,847989
5641357,104,67,9220,2019,687573.0,0.0,0.43196,2.661139,IND,ECU,847989
5641358,106,67,9220,2019,6765.0,0.0,1.3812389999999999,-0.025366,IRL,ECU,847989
5641359,110,67,9220,2019,19893.0,1844.0,1.488686,0.823376,ISR,ECU,847989
5641360,111,67,9220,2019,3828488.0,7976.0,1.25898,0.926639,ITA,ECU,847989
5641361,114,67,9220,2019,452117.0,0.0,2.4931509999999997,-0.558811,JPN,ECU,847989
5641362,121,67,9220,2019,329009.0,0.0,2.115482,0.696838,KOR,ECU,847989
5641363,122,67,9220,2019,0.0,5326.0,0.081686,-1.087259,KWT,ECU,847989
5641364,130,67,9220,2019,5384.0,0.0,0.858456,1.364581,LTU,ECU,847989
5641365,138,67,9220,2019,2366187.0,190655.0,1.083041,0.569353,MEX,ECU,847989
5641366,153,67,9220,2019,300792.0,7141.0,1.192967,0.730971,MYS,ECU,847989
5641367,159,67,9220,2019,0.0,5333.0,-1.7383970000000002,-1.220333,NGA,ECU,847989
5641368,160,67,9220,2019,0.0,13194.0,-1.058553,-0.854482,NIC,ECU,847989
5641369,162,67,9220,2019,226312.0,0.0,1.145044,1.3523530000000001,NLD,ECU,847989
5641370,163,67,9220,2019,84884.0,5757.0,0.6957300000000001,0.181607,NOR,ECU,847989
5641371,169,67,9220,2019,0.0,9861.0,0.00926,-0.308483,PAN,ECU,847989
5641372,173,67,9220,2019,489777.0,87641.0,-0.76944,-0.216619,PER,ECU,847989
5641373,177,67,9220,2019,3866.0,0.0,1.088347,1.275875,POL,ECU,847989
5641374,179,67,9220,2019,66274.0,0.0,0.545467,2.344447,PRT,ECU,847989
5641375,185,67,9220,2019,18281.0,3425.0,1.044289,1.013691,ROU,ECU,847989
5641376,186,67,9220,2019,388256.0,0.0,0.329884,0.26215,RUS,ECU,847989
5641377,188,67,9220,2019,50751.0,4499.0,0.787798,-0.41350600000000004,SAU,ECU,847989
5641378,192,67,9220,2019,1217661.0,0.0,2.0264599999999997,0.665506,SGP,ECU,847989
5641379,207,67,9220,2019,7419.0,0.0,1.63711,0.803198,SVN,ECU,847989
5641380,208,67,9220,2019,79573.0,0.0,1.781148,0.742037,SWE,ECU,847989
5641381,216,67,9220,2019,4159.0,7974.0,0.9744229999999999,1.401199,THA,ECU,847989
5641382,222,67,9220,2019,0.0,10168.0,0.1861,-0.874604,TTO,ECU,847989
5641383,224,67,9220,2019,459438.0,0.0,0.569408,2.364546,TUR,ECU,847989
5641384,230,67,9220,2019,101419.0,0.0,-0.077549,-0.473943,URY,ECU,847989
5641385,231,67,9220,2019,10075841.0,56465.0,1.606808,0.3232,USA,ECU,847989
5641386,246,67,9220,2019,90648.0,0.0,0.129921,1.101027,ZAF,ECU,847989
5641387,249,67,9220,2019,1373323.0,0.0,2.123296,1.1786969999999999,TWN,ECU,847989
5641388,2,71,9220,2019,210241.0,94300.0,-1.096127,-1.195434,AGO,ESP,847989
5641389,5,71,9220,2019,0.0,2231819.0,0.776042,0.167417,AND,ESP,847989
5641390,7,71,9220,2019,8503.0,4587292.0,-0.165113,-0.8973540000000001,ARE,ESP,847989
5641391,8,71,9220,2019,678672.0,18537162.0,-0.136634,0.127073,ARG,ESP,847989
5641392,9,71,9220,2019,0.0,2464.0,-0.203986,-0.667607,ARM,ESP,847989
5641393,14,71,9220,2019,2610897.0,5993046.0,-0.294558,-0.180198,AUS,ESP,847989
5641394,15,71,9220,2019,9860197.0,2800942.0,1.743927,-0.076778,AUT,ESP,847989
5641395,16,71,9220,2019,0.0,1373.0,-1.005636,-1.2094209999999999,AZE,ESP,847989
5641396,18,71,9220,2019,9157766.0,5227742.0,1.2555969999999999,1.168642,BEL,ESP,847989
5641397,19,71,9220,2019,0.0,59593.0,-0.861242,-0.8837440000000001,BEN,ESP,847989
5641398,21,71,9220,2019,0.0,37855.0,-0.805181,-0.941847,BFA,ESP,847989
5641399,22,71,9220,2019,0.0,284844.0,-1.113148,-0.9513299999999999,BGD,ESP,847989
5641400,23,71,9220,2019,215320.0,1009032.0,0.572997,1.863346,BGR,ESP,847989
5641401,24,71,9220,2019,0.0,25037.0,0.378349,-0.621468,BHR,ESP,847989
5641402,25,71,9220,2019,0.0,3473.0,-0.10707799999999999,-0.7419720000000001,BHS,ESP,847989
5641403,26,71,9220,2019,0.0,192198.0,0.6525,0.83988,BIH,ESP,847989
5641404,28,71,9220,2019,0.0,47562.0,0.7849649999999999,0.8951600000000001,BLR,ESP,847989
5641405,29,71,9220,2019,1124.0,12778.0,-0.484834,-0.638616,BLZ,ESP,847989
5641406,30,71,9220,2019,0.0,2363683.0,0.875265,-0.498062,BMU,ESP,847989
5641407,31,71,9220,2019,28505.0,399457.0,-1.012748,-0.999245,BOL,ESP,847989
5641408,32,71,9220,2019,71749.0,43369688.0,0.076947,0.660604,BRA,ESP,847989
5641409,39,71,9220,2019,1350394.0,6132716.0,0.657292,1.187872,CAN,ESP,847989
5641410,41,71,9220,2019,9330479.0,3505738.0,2.1990849999999997,0.8394229999999999,CHE,ESP,847989
5641411,42,71,9220,2019,1073849.0,9265766.0,-0.34416199999999997,-0.432674,CHL,ESP,847989
5641412,43,71,9220,2019,35208028.0,20587192.0,1.196265,1.2258870000000002,CHN,ESP,847989
5641413,44,71,9220,2019,1241.0,118015.0,-0.9916719999999999,-0.960625,CIV,ESP,847989
5641414,45,71,9220,2019,0.0,1582.0,-1.461279,-1.214274,CMR,ESP,847989
5641415,46,71,9220,2019,0.0,1929.0,-1.2685879999999998,-1.148403,COD,ESP,847989
5641416,47,71,9220,2019,0.0,389732.0,-1.305193,-1.162808,COG,ESP,847989
5641417,49,71,9220,2019,31300.0,5199246.0,0.099936,-0.15568800000000002,COL,ESP,847989
5641418,51,71,9220,2019,0.0,12635.0,-0.094961,-0.751246,CPV,ESP,847989
5641419,52,71,9220,2019,1255.0,707742.0,0.38045,0.08960900000000001,CRI,ESP,847989
5641420,54,71,9220,2019,0.0,1194462.0,-0.880892,-1.141591,CUB,ESP,847989
5641421,55,71,9220,2019,0.0,53791.0,0.808621,-0.225196,CUW,ESP,847989
5641422,58,71,9220,2019,0.0,204393.0,0.657782,0.209481,CYP,ESP,847989
5641423,59,71,9220,2019,20414700.0,6235478.0,1.797611,0.406708,CZE,ESP,847989
5641424,61,71,9220,2019,264200384.0,37648664.0,2.078626,-2.124816,DEU,ESP,847989
5641425,62,71,9220,2019,0.0,100238.0,-0.602334,-0.794205,DJI,ESP,847989
5641426,64,71,9220,2019,11130183.0,5104234.0,1.0768280000000001,1.2615610000000002,DNK,ESP,847989
5641427,65,71,9220,2019,0.0,1139342.0,-0.20594,0.309785,DOM,ESP,847989
5641428,66,71,9220,2019,45370.0,7664487.0,-1.008866,-1.215228,DZA,ESP,847989
5641429,67,71,9220,2019,50837.0,5295931.0,-1.12261,-1.094275,ECU,ESP,847989
5641430,68,71,9220,2019,235486.0,1886553.0,-0.152353,1.5426309999999999,EGY,ESP,847989
5641431,72,71,9220,2019,129084.0,193488.0,0.962284,1.346195,EST,ESP,847989
5641432,73,71,9220,2019,0.0,9701.0,-1.073631,-0.617885,ETH,ESP,847989
5641433,74,71,9220,2019,3621581.0,3956877.0,1.495278,1.034435,FIN,ESP,847989
5641434,75,71,9220,2019,0.0,14242.0,-0.274278,-0.049333,FJI,ESP,847989
5641435,77,71,9220,2019,48241296.0,70292200.0,1.380982,0.9510629999999999,FRA,ESP,847989
5641436,80,71,9220,2019,0.0,5365.0,-1.08556,-1.183434,GAB,ESP,847989
5641437,81,71,9220,2019,22729550.0,32731912.0,1.731106,0.717566,GBR,ESP,847989
5641438,82,71,9220,2019,0.0,25927.0,-0.057798,-0.206771,GEO,ESP,847989
5641439,83,71,9220,2019,0.0,212232.0,-0.9581,-0.8727879999999999,GHA,ESP,847989
5641440,84,71,9220,2019,16949.0,356279.0,0.5167470000000001,-0.484465,GIB,ESP,847989
5641441,85,71,9220,2019,0.0,7973380.0,-1.366633,-1.196123,GIN,ESP,847989
5641442,87,71,9220,2019,0.0,2578.0,-1.0174450000000002,-0.790743,GMB,ESP,847989
5641443,89,71,9220,2019,0.0,49197.0,-1.9057680000000001,-0.968132,GNQ,ESP,847989
5641444,90,71,9220,2019,42766.0,2228796.0,0.08904400000000001,1.059396,GRC,ESP,847989
5641445,91,71,9220,2019,0.0,2778.0,0.297653,-0.409112,GRD,ESP,847989
5641446,93,71,9220,2019,28640.0,533814.0,-0.43447299999999994,0.658475,GTM,ESP,847989
5641447,96,71,9220,2019,4075.0,562836.0,-0.308365,-0.7833359999999999,GUY,ESP,847989
5641448,97,71,9220,2019,92444.0,156856.0,0.992556,1.523004,HKG,ESP,847989
5641449,99,71,9220,2019,0.0,221004.0,-0.6444439999999999,-0.203443,HND,ESP,847989
5641450,100,71,9220,2019,501745.0,731685.0,0.850527,1.280845,HRV,ESP,847989
5641451,101,71,9220,2019,0.0,26337.0,-1.120295,-0.967447,HTI,ESP,847989
5641452,102,71,9220,2019,767760.0,4539983.0,1.462102,0.809183,HUN,ESP,847989
5641453,103,71,9220,2019,444120.0,1075858.0,-0.141811,1.385726,IDN,ESP,847989
5641454,104,71,9220,2019,7771122.0,4739316.0,0.43196,2.661139,IND,ESP,847989
5641455,106,71,9220,2019,2155058.0,881336.0,1.3812389999999999,-0.025366,IRL,ESP,847989
5641456,107,71,9220,2019,6750.0,63482.0,-0.386813,-0.467873,IRN,ESP,847989
5641457,108,71,9220,2019,0.0,2183642.0,-1.593359,-0.9927860000000001,IRQ,ESP,847989
5641458,109,71,9220,2019,0.0,13415.0,0.378873,-0.162129,ISL,ESP,847989
5641459,110,71,9220,2019,4745582.0,2243914.0,1.488686,0.823376,ISR,ESP,847989
5641460,111,71,9220,2019,128344816.0,20271896.0,1.25898,0.926639,ITA,ESP,847989
5641461,112,71,9220,2019,2061.0,648981.0,-0.18387799999999999,-0.710004,JAM,ESP,847989
5641462,113,71,9220,2019,354138.0,79120.0,-0.003529,0.255816,JOR,ESP,847989
5641463,114,71,9220,2019,12170071.0,294991.0,2.4931509999999997,-0.558811,JPN,ESP,847989
5641464,115,71,9220,2019,0.0,1050316.0,-0.26529400000000003,-0.523479,KAZ,ESP,847989
5641465,116,71,9220,2019,0.0,23023.0,-0.406684,0.8588969999999999,KEN,ESP,847989
5641466,118,71,9220,2019,0.0,6052.0,-0.7499359999999999,-0.627125,KHM,ESP,847989
5641467,121,71,9220,2019,7098371.0,1615769.0,2.115482,0.696838,KOR,ESP,847989
5641468,122,71,9220,2019,0.0,2155584.0,0.081686,-1.087259,KWT,ESP,847989
5641469,124,71,9220,2019,0.0,219109.0,0.26155700000000004,1.062317,LBN,ESP,847989
5641470,125,71,9220,2019,4751.0,10944.0,-1.288568,-1.172395,LBR,ESP,847989
5641471,126,71,9220,2019,0.0,86600.0,-1.552842,-1.2316690000000001,LBY,ESP,847989
5641472,127,71,9220,2019,0.0,869.0,0.21145,-0.08792699999999999,LCA,ESP,847989
5641473,128,71,9220,2019,29858.0,2264.0,-0.592952,0.394811,LKA,ESP,847989
5641474,129,71,9220,2019,0.0,2512456.0,-0.905482,-0.69457,LSO,ESP,847989
5641475,130,71,9220,2019,84775.0,592622.0,0.858456,1.364581,LTU,ESP,847989
5641476,131,71,9220,2019,715804.0,67890.0,1.234145,1.3754309999999998,LUX,ESP,847989
5641477,132,71,9220,2019,22128.0,305181.0,0.7804300000000001,1.159592,LVA,ESP,847989
5641478,133,71,9220,2019,0.0,13117.0,0.397984,-0.061689,MAC,ESP,847989
5641479,134,71,9220,2019,1192004.0,22683262.0,-0.747739,-0.154125,MAR,ESP,847989
5641480,135,71,9220,2019,0.0,24428.0,-0.333385,-0.35752,MDA,ESP,847989
5641481,136,71,9220,2019,2107.0,259645.0,-1.267516,-0.733849,MDG,ESP,847989
5641482,137,71,9220,2019,0.0,1399.0,-0.37792800000000004,-0.8963059999999999,MDV,ESP,847989
5641483,138,71,9220,2019,607483.0,77449008.0,1.083041,0.569353,MEX,ESP,847989
5641484,140,71,9220,2019,0.0,5466.0,0.050624,-0.11143299999999999,MKD,ESP,847989
5641485,141,71,9220,2019,0.0,27944.0,-0.381732,-0.606313,MLI,ESP,847989
5641486,142,71,9220,2019,0.0,328244.0,0.893992,0.25255500000000003,MLT,ESP,847989
5641487,143,71,9220,2019,0.0,3038.0,-1.196733,-0.435766,MMR,ESP,847989
5641488,144,71,9220,2019,0.0,10890.0,0.40415100000000004,0.068967,MNE,ESP,847989
5641489,145,71,9220,2019,0.0,2533.0,-1.1612049999999998,-1.1615739999999999,MNG,ESP,847989
5641490,147,71,9220,2019,0.0,10997.0,-1.264532,-1.072626,MOZ,ESP,847989
5641491,148,71,9220,2019,0.0,46823.0,-1.711918,-1.339005,MRT,ESP,847989
5641492,151,71,9220,2019,0.0,26321.0,-0.15909600000000002,0.034770999999999996,MUS,ESP,847989
5641493,153,71,9220,2019,5137515.0,626411.0,1.192967,0.730971,MYS,ESP,847989
5641494,155,71,9220,2019,1508.0,105452.0,-0.545575,-0.744274,NAM,ESP,847989
5641495,156,71,9220,2019,0.0,11557.0,-0.342544,-0.867944,NCL,ESP,847989
5641496,159,71,9220,2019,0.0,676169.0,-1.7383970000000002,-1.220333,NGA,ESP,847989
5641497,160,71,9220,2019,0.0,27077.0,-1.058553,-0.854482,NIC,ESP,847989
5641498,162,71,9220,2019,19205830.0,6629768.0,1.145044,1.3523530000000001,NLD,ESP,847989
5641499,163,71,9220,2019,2667066.0,1716746.0,0.6957300000000001,0.181607,NOR,ESP,847989
5641500,166,71,9220,2019,5492.0,437054.0,0.119281,0.039036,NZL,ESP,847989
5641501,167,71,9220,2019,0.0,225926.0,-0.40120100000000003,-0.881602,OMN,ESP,847989
5641502,168,71,9220,2019,2474.0,69986.0,-0.6909270000000001,0.8651120000000001,PAK,ESP,847989
5641503,169,71,9220,2019,3698.0,824309.0,0.00926,-0.308483,PAN,ESP,847989
5641504,173,71,9220,2019,9137.0,2832402.0,-0.76944,-0.216619,PER,ESP,847989
5641505,174,71,9220,2019,2960.0,2196437.0,0.762884,0.3318,PHL,ESP,847989
5641506,177,71,9220,2019,10836504.0,8635200.0,1.088347,1.275875,POL,ESP,847989
5641507,179,71,9220,2019,11348306.0,33531142.0,0.545467,2.344447,PRT,ESP,847989
5641508,180,71,9220,2019,0.0,92713.0,-0.500999,-0.8635219999999999,PRY,ESP,847989
5641509,182,71,9220,2019,0.0,2719.0,0.30119,-0.39213000000000003,PYF,ESP,847989
5641510,183,71,9220,2019,10903.0,283170.0,-0.064127,-1.065046,QAT,ESP,847989
5641511,185,71,9220,2019,5934430.0,6740896.0,1.044289,1.013691,ROU,ESP,847989
5641512,186,71,9220,2019,49135.0,13204124.0,0.329884,0.26215,RUS,ESP,847989
5641513,188,71,9220,2019,0.0,1423978.0,0.787798,-0.41350600000000004,SAU,ESP,847989
5641514,191,71,9220,2019,0.0,335269.0,-0.721992,-0.385479,SEN,ESP,847989
5641515,192,71,9220,2019,1192089.0,7113280.0,2.0264599999999997,0.665506,SGP,ESP,847989
5641516,197,71,9220,2019,0.0,981935.0,0.014037,0.23216599999999998,SLV,ESP,847989
5641517,198,71,9220,2019,4151.0,0.0,1.144691,0.7038989999999999,SMR,ESP,847989
5641518,199,71,9220,2019,0.0,106418.0,-1.046802,-0.961166,SOM,ESP,847989
5641519,201,71,9220,2019,33451.0,428894.0,0.543913,1.210102,SRB,ESP,847989
5641520,206,71,9220,2019,6058993.0,1595890.0,1.39311,0.743107,SVK,ESP,847989
5641521,207,71,9220,2019,172546.0,1627252.0,1.63711,0.803198,SVN,ESP,847989
5641522,208,71,9220,2019,12497596.0,3520260.0,1.781148,0.742037,SWE,ESP,847989
5641523,209,71,9220,2019,0.0,1292.0,0.087181,-0.760434,SWZ,ESP,847989
5641524,212,71,9220,2019,0.0,34830.0,-0.67825,0.385416,SYR,ESP,847989
5641525,215,71,9220,2019,0.0,14182.0,-0.823204,-0.819535,TGO,ESP,847989
5641526,216,71,9220,2019,0.0,530878.0,0.9744229999999999,1.401199,THA,ESP,847989
5641527,222,71,9220,2019,0.0,46474.0,0.1861,-0.874604,TTO,ESP,847989
5641528,223,71,9220,2019,45307.0,201325.0,0.19601300000000002,1.159766,TUN,ESP,847989
5641529,224,71,9220,2019,4511790.0,6864166.0,0.569408,2.364546,TUR,ESP,847989
5641530,226,71,9220,2019,0.0,6172.0,-0.907172,0.37293899999999996,TZA,ESP,847989
5641531,227,71,9220,2019,0.0,541646.0,-0.639476,0.148255,UGA,ESP,847989
5641532,228,71,9220,2019,186432.0,434487.0,0.303802,0.5650270000000001,UKR,ESP,847989
5641533,230,71,9220,2019,0.0,428303.0,-0.077549,-0.473943,URY,ESP,847989
5641534,231,71,9220,2019,26842872.0,40462764.0,1.606808,0.3232,USA,ESP,847989
5641535,232,71,9220,2019,8772.0,98839.0,-0.5856060000000001,-0.311248,UZB,ESP,847989
5641536,236,71,9220,2019,0.0,10548.0,-1.318175,-1.2506110000000001,VEN,ESP,847989
5641537,239,71,9220,2019,68888.0,294455.0,-0.048147,1.098784,VNM,ESP,847989
5641538,246,71,9220,2019,187488.0,3871823.0,0.129921,1.101027,ZAF,ESP,847989
5641539,247,71,9220,2019,0.0,19876.0,-0.629261,-0.8471489999999999,ZMB,ESP,847989
5641540,249,71,9220,2019,1547693.0,216307.0,2.123296,1.1786969999999999,TWN,ESP,847989
5641541,250,71,9220,2019,2720479.0,420893.0,0.8996129999999999,-0.152746,ANS,ESP,847989
5641542,2,74,9220,2019,0.0,7064.0,-1.096127,-1.195434,AGO,FIN,847989
5641543,4,74,9220,2019,0.0,1098.0,-0.459614,-0.019257,ALB,FIN,847989
5641544,7,74,9220,2019,12716.0,1455440.0,-0.165113,-0.8973540000000001,ARE,FIN,847989
5641545,8,74,9220,2019,0.0,47561.0,-0.136634,0.127073,ARG,FIN,847989
5641546,9,74,9220,2019,0.0,478782.0,-0.203986,-0.667607,ARM,FIN,847989
5641547,14,74,9220,2019,58250.0,4907982.0,-0.294558,-0.180198,AUS,FIN,847989
5641548,15,74,9220,2019,1504008.0,1250347.0,1.743927,-0.076778,AUT,FIN,847989
5641549,16,74,9220,2019,0.0,2785.0,-1.005636,-1.2094209999999999,AZE,FIN,847989
5641550,18,74,9220,2019,2461254.0,10186705.0,1.2555969999999999,1.168642,BEL,FIN,847989
5641551,21,74,9220,2019,0.0,6124.0,-0.805181,-0.941847,BFA,FIN,847989
5641552,22,74,9220,2019,0.0,107626.0,-1.113148,-0.9513299999999999,BGD,FIN,847989
5641553,23,74,9220,2019,2854.0,269602.0,0.572997,1.863346,BGR,FIN,847989
5641554,24,74,9220,2019,0.0,10944.0,0.378349,-0.621468,BHR,FIN,847989
5641555,25,74,9220,2019,0.0,15978.0,-0.10707799999999999,-0.7419720000000001,BHS,FIN,847989
5641556,26,74,9220,2019,0.0,4175.0,0.6525,0.83988,BIH,FIN,847989
5641557,28,74,9220,2019,75087.0,2606.0,0.7849649999999999,0.8951600000000001,BLR,FIN,847989
5641558,31,74,9220,2019,0.0,1425.0,-1.012748,-0.999245,BOL,FIN,847989
5641559,32,74,9220,2019,21337.0,800558.0,0.076947,0.660604,BRA,FIN,847989
5641560,37,74,9220,2019,0.0,3578.0,-0.492807,-1.152651,BWA,FIN,847989
5641561,39,74,9220,2019,516173.0,2783470.0,0.657292,1.187872,CAN,FIN,847989
5641562,41,74,9220,2019,8596188.0,1417525.0,2.1990849999999997,0.8394229999999999,CHE,FIN,847989
5641563,42,74,9220,2019,0.0,380374.0,-0.34416199999999997,-0.432674,CHL,FIN,847989
5641564,43,74,9220,2019,8149408.0,29959456.0,1.196265,1.2258870000000002,CHN,FIN,847989
5641565,44,74,9220,2019,1957.0,5731.0,-0.9916719999999999,-0.960625,CIV,FIN,847989
5641566,46,74,9220,2019,0.0,1150.0,-1.2685879999999998,-1.148403,COD,FIN,847989
5641567,49,74,9220,2019,0.0,29042.0,0.099936,-0.15568800000000002,COL,FIN,847989
5641568,52,74,9220,2019,0.0,52431.0,0.38045,0.08960900000000001,CRI,FIN,847989
5641569,58,74,9220,2019,0.0,14477.0,0.657782,0.209481,CYP,FIN,847989
5641570,59,74,9220,2019,7559080.0,406072.0,1.797611,0.406708,CZE,FIN,847989
5641571,61,74,9220,2019,117633592.0,33997920.0,2.078626,-2.124816,DEU,FIN,847989
5641572,64,74,9220,2019,6069064.0,4609977.0,1.0768280000000001,1.2615610000000002,DNK,FIN,847989
5641573,65,74,9220,2019,0.0,37833.0,-0.20594,0.309785,DOM,FIN,847989
5641574,67,74,9220,2019,0.0,214072.0,-1.12261,-1.094275,ECU,FIN,847989
5641575,68,74,9220,2019,0.0,1552530.0,-0.152353,1.5426309999999999,EGY,FIN,847989
5641576,71,74,9220,2019,3956877.0,3621581.0,0.678454,3.007838,ESP,FIN,847989
5641577,72,74,9220,2019,4581012.0,4766450.0,0.962284,1.346195,EST,FIN,847989
5641578,73,74,9220,2019,0.0,6535.0,-1.073631,-0.617885,ETH,FIN,847989
5641579,77,74,9220,2019,1497063.0,11124312.0,1.380982,0.9510629999999999,FRA,FIN,847989
5641580,78,74,9220,2019,0.0,1353.0,-1.164816,-0.9571540000000001,FRO,FIN,847989
5641581,81,74,9220,2019,1293326.0,2840915.0,1.731106,0.717566,GBR,FIN,847989
5641582,82,74,9220,2019,0.0,12759.0,-0.057798,-0.206771,GEO,FIN,847989
5641583,83,74,9220,2019,0.0,9682.0,-0.9581,-0.8727879999999999,GHA,FIN,847989
5641584,90,74,9220,2019,12520.0,233360.0,0.08904400000000001,1.059396,GRC,FIN,847989
5641585,93,74,9220,2019,0.0,6998.0,-0.43447299999999994,0.658475,GTM,FIN,847989
5641586,96,74,9220,2019,0.0,5576.0,-0.308365,-0.7833359999999999,GUY,FIN,847989
5641587,97,74,9220,2019,36282.0,1337548.0,0.992556,1.523004,HKG,FIN,847989
5641588,99,74,9220,2019,0.0,13490.0,-0.6444439999999999,-0.203443,HND,FIN,847989
5641589,100,74,9220,2019,31228.0,79632.0,0.850527,1.280845,HRV,FIN,847989
5641590,102,74,9220,2019,182373.0,328697.0,1.462102,0.809183,HUN,FIN,847989
5641591,103,74,9220,2019,745.0,457955.0,-0.141811,1.385726,IDN,FIN,847989
5641592,104,74,9220,2019,158688.0,7259738.0,0.43196,2.661139,IND,FIN,847989
5641593,106,74,9220,2019,46141.0,29068.0,1.3812389999999999,-0.025366,IRL,FIN,847989
5641594,107,74,9220,2019,0.0,24641.0,-0.386813,-0.467873,IRN,FIN,847989
5641595,109,74,9220,2019,1690.0,95878.0,0.378873,-0.162129,ISL,FIN,847989
5641596,110,74,9220,2019,271328.0,5496923.0,1.488686,0.823376,ISR,FIN,847989
5641597,111,74,9220,2019,9040051.0,6525570.0,1.25898,0.926639,ITA,FIN,847989
5641598,113,74,9220,2019,0.0,2490.0,-0.003529,0.255816,JOR,FIN,847989
5641599,114,74,9220,2019,4620267.0,2636072.0,2.4931509999999997,-0.558811,JPN,FIN,847989
5641600,115,74,9220,2019,0.0,1341794.0,-0.26529400000000003,-0.523479,KAZ,FIN,847989
5641601,116,74,9220,2019,0.0,13988.0,-0.406684,0.8588969999999999,KEN,FIN,847989
5641602,117,74,9220,2019,5612.0,3028.0,-0.297072,0.306611,KGZ,FIN,847989
5641603,121,74,9220,2019,1409270.0,9848142.0,2.115482,0.696838,KOR,FIN,847989
5641604,122,74,9220,2019,0.0,899.0,0.081686,-1.087259,KWT,FIN,847989
5641605,124,74,9220,2019,0.0,4241.0,0.26155700000000004,1.062317,LBN,FIN,847989
5641606,128,74,9220,2019,688.0,0.0,-0.592952,0.394811,LKA,FIN,847989
5641607,130,74,9220,2019,925849.0,1905990.0,0.858456,1.364581,LTU,FIN,847989
5641608,131,74,9220,2019,152826.0,20965.0,1.234145,1.3754309999999998,LUX,FIN,847989
5641609,132,74,9220,2019,118328.0,240119.0,0.7804300000000001,1.159592,LVA,FIN,847989
5641610,134,74,9220,2019,0.0,50055.0,-0.747739,-0.154125,MAR,FIN,847989
5641611,138,74,9220,2019,118051.0,355059.0,1.083041,0.569353,MEX,FIN,847989
5641612,140,74,9220,2019,0.0,3485.0,0.050624,-0.11143299999999999,MKD,FIN,847989
5641613,142,74,9220,2019,1801.0,31126.0,0.893992,0.25255500000000003,MLT,FIN,847989
5641614,144,74,9220,2019,0.0,1378.0,0.40415100000000004,0.068967,MNE,FIN,847989
5641615,145,74,9220,2019,0.0,13445.0,-1.1612049999999998,-1.1615739999999999,MNG,FIN,847989
5641616,148,74,9220,2019,0.0,67503.0,-1.711918,-1.339005,MRT,FIN,847989
5641617,151,74,9220,2019,0.0,4450.0,-0.15909600000000002,0.034770999999999996,MUS,FIN,847989
5641618,153,74,9220,2019,546226.0,1033381.0,1.192967,0.730971,MYS,FIN,847989
5641619,156,74,9220,2019,0.0,3099.0,-0.342544,-0.867944,NCL,FIN,847989
5641620,159,74,9220,2019,0.0,39189.0,-1.7383970000000002,-1.220333,NGA,FIN,847989
5641621,160,74,9220,2019,0.0,787.0,-1.058553,-0.854482,NIC,FIN,847989
5641622,162,74,9220,2019,8976370.0,2499600.0,1.145044,1.3523530000000001,NLD,FIN,847989
5641623,163,74,9220,2019,1407434.0,11008304.0,0.6957300000000001,0.181607,NOR,FIN,847989
5641624,166,74,9220,2019,1052.0,91434.0,0.119281,0.039036,NZL,FIN,847989
5641625,167,74,9220,2019,0.0,131581.0,-0.40120100000000003,-0.881602,OMN,FIN,847989
5641626,168,74,9220,2019,0.0,2310.0,-0.6909270000000001,0.8651120000000001,PAK,FIN,847989
5641627,169,74,9220,2019,0.0,44042.0,0.00926,-0.308483,PAN,FIN,847989
5641628,173,74,9220,2019,0.0,35524.0,-0.76944,-0.216619,PER,FIN,847989
5641629,174,74,9220,2019,1036.0,187311.0,0.762884,0.3318,PHL,FIN,847989
5641630,176,74,9220,2019,0.0,5104.0,-1.654143,-1.249707,PNG,FIN,847989
5641631,177,74,9220,2019,4470862.0,1868516.0,1.088347,1.275875,POL,FIN,847989
5641632,179,74,9220,2019,95534.0,3773915.0,0.545467,2.344447,PRT,FIN,847989
5641633,180,74,9220,2019,0.0,40967.0,-0.500999,-0.8635219999999999,PRY,FIN,847989
5641634,181,74,9220,2019,0.0,822.0,0.05640800000000001,0.708102,PSE,FIN,847989
5641635,183,74,9220,2019,0.0,10222.0,-0.064127,-1.065046,QAT,FIN,847989
5641636,185,74,9220,2019,480079.0,6476702.0,1.044289,1.013691,ROU,FIN,847989
5641637,186,74,9220,2019,2812192.0,26595902.0,0.329884,0.26215,RUS,FIN,847989
5641638,188,74,9220,2019,0.0,711127.0,0.787798,-0.41350600000000004,SAU,FIN,847989
5641639,191,74,9220,2019,0.0,1700.0,-0.721992,-0.385479,SEN,FIN,847989
5641640,192,74,9220,2019,234895.0,8726207.0,2.0264599999999997,0.665506,SGP,FIN,847989
5641641,197,74,9220,2019,0.0,1809.0,0.014037,0.23216599999999998,SLV,FIN,847989
5641642,201,74,9220,2019,20393.0,116316.0,0.543913,1.210102,SRB,FIN,847989
5641643,205,74,9220,2019,0.0,6283.0,-0.369004,-1.017133,SUR,FIN,847989
5641644,206,74,9220,2019,185187.0,215006.0,1.39311,0.743107,SVK,FIN,847989
5641645,207,74,9220,2019,148253.0,4937.0,1.63711,0.803198,SVN,FIN,847989
5641646,208,74,9220,2019,15564725.0,8420950.0,1.781148,0.742037,SWE,FIN,847989
5641647,211,74,9220,2019,0.0,15303.0,0.024113,-0.711363,SYC,FIN,847989
5641648,216,74,9220,2019,10706.0,3157585.0,0.9744229999999999,1.401199,THA,FIN,847989
5641649,219,74,9220,2019,0.0,404203.0,-0.9725950000000001,-1.16562,TKM,FIN,847989
5641650,222,74,9220,2019,0.0,31125.0,0.1861,-0.874604,TTO,FIN,847989
5641651,223,74,9220,2019,0.0,33683.0,0.19601300000000002,1.159766,TUN,FIN,847989
5641652,224,74,9220,2019,426355.0,15137301.0,0.569408,2.364546,TUR,FIN,847989
5641653,226,74,9220,2019,0.0,11498.0,-0.907172,0.37293899999999996,TZA,FIN,847989
5641654,228,74,9220,2019,44186.0,951146.0,0.303802,0.5650270000000001,UKR,FIN,847989
5641655,230,74,9220,2019,0.0,13975.0,-0.077549,-0.473943,URY,FIN,847989
5641656,231,74,9220,2019,6685284.0,28843034.0,1.606808,0.3232,USA,FIN,847989
5641657,232,74,9220,2019,0.0,2729.0,-0.5856060000000001,-0.311248,UZB,FIN,847989
5641658,239,74,9220,2019,24190.0,11110498.0,-0.048147,1.098784,VNM,FIN,847989
5641659,246,74,9220,2019,4917.0,178275.0,0.129921,1.101027,ZAF,FIN,847989
5641660,248,74,9220,2019,0.0,1920.0,-0.9993780000000001,-1.018174,ZWE,FIN,847989
5641661,249,74,9220,2019,167411.0,4545694.0,2.123296,1.1786969999999999,TWN,FIN,847989
5641662,250,74,9220,2019,0.0,45407.0,0.8996129999999999,-0.152746,ANS,FIN,847989
5641663,1,77,9220,2019,0.0,1117.0,-1.187576,-0.7731979999999999,AFG,FRA,847989
5641664,2,77,9220,2019,2457.0,159775.0,-1.096127,-1.195434,AGO,FRA,847989
5641665,4,77,9220,2019,2011.0,45233.0,-0.459614,-0.019257,ALB,FRA,847989
5641666,5,77,9220,2019,6166.0,347263.0,0.776042,0.167417,AND,FRA,847989
5641667,7,77,9220,2019,133211.0,3428537.0,-0.165113,-0.8973540000000001,ARE,FRA,847989
5641668,8,77,9220,2019,6561.0,4038911.0,-0.136634,0.127073,ARG,FRA,847989
5641669,9,77,9220,2019,0.0,4745.0,-0.203986,-0.667607,ARM,FRA,847989
5641670,12,77,9220,2019,0.0,58776.0,1.100273,-0.637684,ATF,FRA,847989
5641671,14,77,9220,2019,1600848.0,2243235.0,-0.294558,-0.180198,AUS,FRA,847989
5641672,15,77,9220,2019,21333894.0,9154544.0,1.743927,-0.076778,AUT,FRA,847989
5641673,16,77,9220,2019,16057.0,121909.0,-1.005636,-1.2094209999999999,AZE,FRA,847989
5641674,17,77,9220,2019,0.0,2205.0,-0.689117,-0.9027209999999999,BDI,FRA,847989
5641675,18,77,9220,2019,31707628.0,26173062.0,1.2555969999999999,1.168642,BEL,FRA,847989
5641676,19,77,9220,2019,4270.0,114596.0,-0.861242,-0.8837440000000001,BEN,FRA,847989
5641677,21,77,9220,2019,0.0,502576.0,-0.805181,-0.941847,BFA,FRA,847989
5641678,22,77,9220,2019,1455.0,90502.0,-1.113148,-0.9513299999999999,BGD,FRA,847989
5641679,23,77,9220,2019,33326.0,854265.0,0.572997,1.863346,BGR,FRA,847989
5641680,24,77,9220,2019,0.0,320118.0,0.378349,-0.621468,BHR,FRA,847989
5641681,26,77,9220,2019,0.0,80341.0,0.6525,0.83988,BIH,FRA,847989
5641682,27,77,9220,2019,1718.0,311275.0,0.6343979999999999,-0.19001400000000002,BLM,FRA,847989
5641683,28,77,9220,2019,21331.0,27474.0,0.7849649999999999,0.8951600000000001,BLR,FRA,847989
5641684,31,77,9220,2019,0.0,26079.0,-1.012748,-0.999245,BOL,FRA,847989
5641685,32,77,9220,2019,8134737.0,15779256.0,0.076947,0.660604,BRA,FRA,847989
5641686,34,77,9220,2019,0.0,1820.0,0.9608620000000001,-0.7012619999999999,BRN,FRA,847989
5641687,37,77,9220,2019,0.0,1114.0,-0.492807,-1.152651,BWA,FRA,847989
5641688,38,77,9220,2019,0.0,113752.0,-0.027091000000000004,-0.7267899999999999,CAF,FRA,847989
5641689,39,77,9220,2019,13505067.0,8475112.0,0.657292,1.187872,CAN,FRA,847989
5641690,41,77,9220,2019,78597328.0,45820520.0,2.1990849999999997,0.8394229999999999,CHE,FRA,847989
5641691,42,77,9220,2019,0.0,1351943.0,-0.34416199999999997,-0.432674,CHL,FRA,847989
5641692,43,77,9220,2019,73470848.0,106477104.0,1.196265,1.2258870000000002,CHN,FRA,847989
5641693,44,77,9220,2019,80117.0,1545324.0,-0.9916719999999999,-0.960625,CIV,FRA,847989
5641694,45,77,9220,2019,0.0,1172983.0,-1.461279,-1.214274,CMR,FRA,847989
5641695,46,77,9220,2019,0.0,28380.0,-1.2685879999999998,-1.148403,COD,FRA,847989
5641696,47,77,9220,2019,833.0,318678.0,-1.305193,-1.162808,COG,FRA,847989
5641697,49,77,9220,2019,2199.0,987502.0,0.099936,-0.15568800000000002,COL,FRA,847989
5641698,50,77,9220,2019,0.0,31118.0,0.21475,-0.737725,COM,FRA,847989
5641699,51,77,9220,2019,0.0,25358.0,-0.094961,-0.751246,CPV,FRA,847989
5641700,52,77,9220,2019,23516.0,27511.0,0.38045,0.08960900000000001,CRI,FRA,847989
5641701,54,77,9220,2019,0.0,1524.0,-0.880892,-1.141591,CUB,FRA,847989
5641702,55,77,9220,2019,0.0,3871.0,0.808621,-0.225196,CUW,FRA,847989
5641703,57,77,9220,2019,0.0,275167.0,0.27157800000000004,-0.901875,CYM,FRA,847989
5641704,58,77,9220,2019,21314.0,63416.0,0.657782,0.209481,CYP,FRA,847989
5641705,59,77,9220,2019,28092152.0,15833758.0,1.797611,0.406708,CZE,FRA,847989
5641706,61,77,9220,2019,611502656.0,120997728.0,2.078626,-2.124816,DEU,FRA,847989
5641707,62,77,9220,2019,0.0,133290.0,-0.602334,-0.794205,DJI,FRA,847989
5641708,64,77,9220,2019,34630468.0,5320838.0,1.0768280000000001,1.2615610000000002,DNK,FRA,847989
5641709,65,77,9220,2019,8205.0,266517.0,-0.20594,0.309785,DOM,FRA,847989
5641710,66,77,9220,2019,0.0,15916057.0,-1.008866,-1.215228,DZA,FRA,847989
5641711,67,77,9220,2019,0.0,467382.0,-1.12261,-1.094275,ECU,FRA,847989
5641712,68,77,9220,2019,0.0,626119.0,-0.152353,1.5426309999999999,EGY,FRA,847989
5641713,71,77,9220,2019,70292200.0,48241296.0,0.678454,3.007838,ESP,FRA,847989
5641714,72,77,9220,2019,318471.0,256434.0,0.962284,1.346195,EST,FRA,847989
5641715,73,77,9220,2019,0.0,54793.0,-1.073631,-0.617885,ETH,FRA,847989
5641716,74,77,9220,2019,11124312.0,1497063.0,1.495278,1.034435,FIN,FRA,847989
5641717,80,77,9220,2019,0.0,1014045.0,-1.08556,-1.183434,GAB,FRA,847989
5641718,81,77,9220,2019,71116720.0,43399752.0,1.731106,0.717566,GBR,FRA,847989
5641719,82,77,9220,2019,0.0,737155.0,-0.057798,-0.206771,GEO,FRA,847989
5641720,83,77,9220,2019,0.0,57151.0,-0.9581,-0.8727879999999999,GHA,FRA,847989
5641721,85,77,9220,2019,0.0,368258.0,-1.366633,-1.196123,GIN,FRA,847989
5641722,87,77,9220,2019,0.0,4080.0,-1.0174450000000002,-0.790743,GMB,FRA,847989
5641723,89,77,9220,2019,0.0,11578.0,-1.9057680000000001,-0.968132,GNQ,FRA,847989
5641724,90,77,9220,2019,63911.0,651453.0,0.08904400000000001,1.059396,GRC,FRA,847989
5641725,91,77,9220,2019,0.0,3528.0,0.297653,-0.409112,GRD,FRA,847989
5641726,92,77,9220,2019,0.0,18829.0,-0.808258,-0.936559,GRL,FRA,847989
5641727,93,77,9220,2019,0.0,1515.0,-0.43447299999999994,0.658475,GTM,FRA,847989
5641728,97,77,9220,2019,395084.0,1881171.0,0.992556,1.523004,HKG,FRA,847989
5641729,99,77,9220,2019,0.0,37689.0,-0.6444439999999999,-0.203443,HND,FRA,847989
5641730,100,77,9220,2019,800701.0,744550.0,0.850527,1.280845,HRV,FRA,847989
5641731,101,77,9220,2019,0.0,3752.0,-1.120295,-0.967447,HTI,FRA,847989
5641732,102,77,9220,2019,12636654.0,8362894.0,1.462102,0.809183,HUN,FRA,847989
5641733,103,77,9220,2019,1400363.0,2339342.0,-0.141811,1.385726,IDN,FRA,847989
5641734,104,77,9220,2019,3335611.0,10892792.0,0.43196,2.661139,IND,FRA,847989
5641735,106,77,9220,2019,5190992.0,1820305.0,1.3812389999999999,-0.025366,IRL,FRA,847989
5641736,107,77,9220,2019,8870.0,53693.0,-0.386813,-0.467873,IRN,FRA,847989
5641737,108,77,9220,2019,0.0,88884.0,-1.593359,-0.9927860000000001,IRQ,FRA,847989
5641738,109,77,9220,2019,0.0,80312.0,0.378873,-0.162129,ISL,FRA,847989
5641739,110,77,9220,2019,815166.0,1216883.0,1.488686,0.823376,ISR,FRA,847989
5641740,111,77,9220,2019,208429792.0,38987872.0,1.25898,0.926639,ITA,FRA,847989
5641741,112,77,9220,2019,0.0,58402.0,-0.18387799999999999,-0.710004,JAM,FRA,847989
5641742,113,77,9220,2019,0.0,61799.0,-0.003529,0.255816,JOR,FRA,847989
5641743,114,77,9220,2019,52180312.0,12095658.0,2.4931509999999997,-0.558811,JPN,FRA,847989
5641744,115,77,9220,2019,4553.0,134586.0,-0.26529400000000003,-0.523479,KAZ,FRA,847989
5641745,116,77,9220,2019,0.0,39599.0,-0.406684,0.8588969999999999,KEN,FRA,847989
5641746,117,77,9220,2019,19525.0,1739.0,-0.297072,0.306611,KGZ,FRA,847989
5641747,118,77,9220,2019,0.0,14753.0,-0.7499359999999999,-0.627125,KHM,FRA,847989
5641748,121,77,9220,2019,11060530.0,10338738.0,2.115482,0.696838,KOR,FRA,847989
5641749,122,77,9220,2019,0.0,9044410.0,0.081686,-1.087259,KWT,FRA,847989
5641750,123,77,9220,2019,0.0,5367.0,-0.8232889999999999,-0.7276590000000001,LAO,FRA,847989
5641751,124,77,9220,2019,0.0,654846.0,0.26155700000000004,1.062317,LBN,FRA,847989
5641752,125,77,9220,2019,0.0,1659.0,-1.288568,-1.172395,LBR,FRA,847989
5641753,126,77,9220,2019,0.0,43114.0,-1.552842,-1.2316690000000001,LBY,FRA,847989
5641754,127,77,9220,2019,0.0,3421.0,0.21145,-0.08792699999999999,LCA,FRA,847989
5641755,128,77,9220,2019,8985.0,838458.0,-0.592952,0.394811,LKA,FRA,847989
5641756,130,77,9220,2019,1141045.0,177424.0,0.858456,1.364581,LTU,FRA,847989
5641757,131,77,9220,2019,13847163.0,3278962.0,1.234145,1.3754309999999998,LUX,FRA,847989
5641758,132,77,9220,2019,7550.0,301384.0,0.7804300000000001,1.159592,LVA,FRA,847989
5641759,133,77,9220,2019,0.0,2958.0,0.397984,-0.061689,MAC,FRA,847989
5641760,134,77,9220,2019,1624100.0,29119236.0,-0.747739,-0.154125,MAR,FRA,847989
5641761,135,77,9220,2019,0.0,7059.0,-0.333385,-0.35752,MDA,FRA,847989
5641762,136,77,9220,2019,0.0,384751.0,-1.267516,-0.733849,MDG,FRA,847989
5641763,137,77,9220,2019,0.0,4066.0,-0.37792800000000004,-0.8963059999999999,MDV,FRA,847989
5641764,138,77,9220,2019,1964006.0,12569617.0,1.083041,0.569353,MEX,FRA,847989
5641765,140,77,9220,2019,3172.0,91263.0,0.050624,-0.11143299999999999,MKD,FRA,847989
5641766,141,77,9220,2019,0.0,81805.0,-0.381732,-0.606313,MLI,FRA,847989
5641767,142,77,9220,2019,579767.0,142556.0,0.893992,0.25255500000000003,MLT,FRA,847989
5641768,143,77,9220,2019,0.0,986.0,-1.196733,-0.435766,MMR,FRA,847989
5641769,144,77,9220,2019,0.0,22069.0,0.40415100000000004,0.068967,MNE,FRA,847989
5641770,145,77,9220,2019,0.0,8248.0,-1.1612049999999998,-1.1615739999999999,MNG,FRA,847989
5641771,147,77,9220,2019,0.0,974010.0,-1.264532,-1.072626,MOZ,FRA,847989
5641772,148,77,9220,2019,0.0,186757.0,-1.711918,-1.339005,MRT,FRA,847989
5641773,151,77,9220,2019,14338.0,410775.0,-0.15909600000000002,0.034770999999999996,MUS,FRA,847989
5641774,152,77,9220,2019,0.0,32621.0,-1.0178479999999999,-1.1028879999999999,MWI,FRA,847989
5641775,153,77,9220,2019,5101131.0,2846092.0,1.192967,0.730971,MYS,FRA,847989
5641776,155,77,9220,2019,0.0,2286.0,-0.545575,-0.744274,NAM,FRA,847989
5641777,156,77,9220,2019,0.0,1412025.0,-0.342544,-0.867944,NCL,FRA,847989
5641778,157,77,9220,2019,0.0,214358.0,-0.345047,-0.792769,NER,FRA,847989
5641779,159,77,9220,2019,6192.0,621415.0,-1.7383970000000002,-1.220333,NGA,FRA,847989
5641780,160,77,9220,2019,0.0,50549.0,-1.058553,-0.854482,NIC,FRA,847989
5641781,162,77,9220,2019,74376096.0,26497268.0,1.145044,1.3523530000000001,NLD,FRA,847989
5641782,163,77,9220,2019,2766798.0,2389598.0,0.6957300000000001,0.181607,NOR,FRA,847989
5641783,164,77,9220,2019,0.0,5285.0,-0.23868000000000003,0.42732299999999995,NPL,FRA,847989
5641784,166,77,9220,2019,125675.0,1044527.0,0.119281,0.039036,NZL,FRA,847989
5641785,167,77,9220,2019,0.0,721678.0,-0.40120100000000003,-0.881602,OMN,FRA,847989
5641786,168,77,9220,2019,40175.0,44436.0,-0.6909270000000001,0.8651120000000001,PAK,FRA,847989
5641787,169,77,9220,2019,0.0,291830.0,0.00926,-0.308483,PAN,FRA,847989
5641788,173,77,9220,2019,468716.0,292766.0,-0.76944,-0.216619,PER,FRA,847989
5641789,174,77,9220,2019,17231.0,904551.0,0.762884,0.3318,PHL,FRA,847989
5641790,176,77,9220,2019,0.0,5211.0,-1.654143,-1.249707,PNG,FRA,847989
5641791,177,77,9220,2019,28152108.0,23687506.0,1.088347,1.275875,POL,FRA,847989
5641792,179,77,9220,2019,8181956.0,12782110.0,0.545467,2.344447,PRT,FRA,847989
5641793,180,77,9220,2019,0.0,6231.0,-0.500999,-0.8635219999999999,PRY,FRA,847989
5641794,182,77,9220,2019,3449.0,1003233.0,0.30119,-0.39213000000000003,PYF,FRA,847989
5641795,183,77,9220,2019,143388.0,2759237.0,-0.064127,-1.065046,QAT,FRA,847989
5641796,185,77,9220,2019,4384636.0,21059548.0,1.044289,1.013691,ROU,FRA,847989
5641797,186,77,9220,2019,40248.0,7265137.0,0.329884,0.26215,RUS,FRA,847989
5641798,187,77,9220,2019,0.0,6834.0,-0.812602,-0.737603,RWA,FRA,847989
5641799,188,77,9220,2019,54158.0,6788884.0,0.787798,-0.41350600000000004,SAU,FRA,847989
5641800,190,77,9220,2019,0.0,51412.0,-1.25579,-1.208796,SDN,FRA,847989
5641801,191,77,9220,2019,18188.0,405707.0,-0.721992,-0.385479,SEN,FRA,847989
5641802,192,77,9220,2019,12141022.0,6476004.0,2.0264599999999997,0.665506,SGP,FRA,847989
5641803,196,77,9220,2019,1136.0,1270.0,-0.402403,-0.639318,SLE,FRA,847989
5641804,197,77,9220,2019,0.0,61545.0,0.014037,0.23216599999999998,SLV,FRA,847989
5641805,200,77,9220,2019,0.0,235022.0,0.14380199999999999,-0.788161,SPM,FRA,847989
5641806,201,77,9220,2019,25217.0,1942992.0,0.543913,1.210102,SRB,FRA,847989
5641807,205,77,9220,2019,0.0,2498.0,-0.369004,-1.017133,SUR,FRA,847989
5641808,206,77,9220,2019,3294357.0,11810283.0,1.39311,0.743107,SVK,FRA,847989
5641809,207,77,9220,2019,963841.0,2625001.0,1.63711,0.803198,SVN,FRA,847989
5641810,208,77,9220,2019,22172822.0,6614513.0,1.781148,0.742037,SWE,FRA,847989
5641811,209,77,9220,2019,1049.0,0.0,0.087181,-0.760434,SWZ,FRA,847989
5641812,210,77,9220,2019,0.0,10955.0,0.8903719999999999,0.116156,SXM,FRA,847989
5641813,211,77,9220,2019,0.0,51196.0,0.024113,-0.711363,SYC,FRA,847989
5641814,214,77,9220,2019,0.0,24820.0,-2.636669,-1.033665,TCD,FRA,847989
5641815,215,77,9220,2019,0.0,38964.0,-0.823204,-0.819535,TGO,FRA,847989
5641816,216,77,9220,2019,256329.0,3125574.0,0.9744229999999999,1.401199,THA,FRA,847989
5641817,219,77,9220,2019,0.0,186491.0,-0.9725950000000001,-1.16562,TKM,FRA,847989
5641818,222,77,9220,2019,0.0,14873.0,0.1861,-0.874604,TTO,FRA,847989
5641819,223,77,9220,2019,497256.0,9774782.0,0.19601300000000002,1.159766,TUN,FRA,847989
5641820,224,77,9220,2019,7443052.0,15271842.0,0.569408,2.364546,TUR,FRA,847989
5641821,226,77,9220,2019,0.0,7294.0,-0.907172,0.37293899999999996,TZA,FRA,847989
5641822,227,77,9220,2019,0.0,85719.0,-0.639476,0.148255,UGA,FRA,847989
5641823,228,77,9220,2019,458925.0,373429.0,0.303802,0.5650270000000001,UKR,FRA,847989
5641824,230,77,9220,2019,2701.0,481995.0,-0.077549,-0.473943,URY,FRA,847989
5641825,231,77,9220,2019,104293976.0,85494912.0,1.606808,0.3232,USA,FRA,847989
5641826,232,77,9220,2019,0.0,63507.0,-0.5856060000000001,-0.311248,UZB,FRA,847989
5641827,236,77,9220,2019,0.0,252022.0,-1.318175,-1.2506110000000001,VEN,FRA,847989
5641828,237,77,9220,2019,0.0,3659.0,1.145175,-0.41776199999999997,VGB,FRA,847989
5641829,239,77,9220,2019,623085.0,2192157.0,-0.048147,1.098784,VNM,FRA,847989
5641830,240,77,9220,2019,0.0,1723.0,-0.88634,-0.943023,VUT,FRA,847989
5641831,241,77,9220,2019,0.0,19057.0,2.073123,-0.6077170000000001,WLF,FRA,847989
5641832,243,77,9220,2019,0.0,9020.0,-1.4367860000000001,-1.262101,YEM,FRA,847989
5641833,246,77,9220,2019,141496.0,1873176.0,0.129921,1.101027,ZAF,FRA,847989
5641834,247,77,9220,2019,0.0,39593.0,-0.629261,-0.8471489999999999,ZMB,FRA,847989
5641835,248,77,9220,2019,0.0,166092.0,-0.9993780000000001,-1.018174,ZWE,FRA,847989
5641836,249,77,9220,2019,2647006.0,3570626.0,2.123296,1.1786969999999999,TWN,FRA,847989
5641837,250,77,9220,2019,10850047.0,0.0,0.8996129999999999,-0.152746,ANS,FRA,847989
5641838,0,81,9220,2019,0.0,18692.0,1.077214,-0.060235000000000004,ABW,GBR,847989
5641839,1,81,9220,2019,0.0,39697.0,-1.187576,-0.7731979999999999,AFG,GBR,847989
5641840,2,81,9220,2019,2641.0,2103264.0,-1.096127,-1.195434,AGO,GBR,847989
5641841,4,81,9220,2019,1246.0,429506.0,-0.459614,-0.019257,ALB,GBR,847989
5641842,7,81,9220,2019,2645617.0,17832908.0,-0.165113,-0.8973540000000001,ARE,GBR,847989
5641843,8,81,9220,2019,264514.0,1238894.0,-0.136634,0.127073,ARG,GBR,847989
5641844,9,81,9220,2019,0.0,1072.0,-0.203986,-0.667607,ARM,GBR,847989
5641845,10,81,9220,2019,1538.0,0.0,1.121876,0.061064999999999994,ASM,GBR,847989
5641846,13,81,9220,2019,0.0,1176.0,0.391831,-0.723957,ATG,GBR,847989
5641847,14,81,9220,2019,3854079.0,23727646.0,-0.294558,-0.180198,AUS,GBR,847989
5641848,15,81,9220,2019,8316820.0,3019541.0,1.743927,-0.076778,AUT,GBR,847989
5641849,16,81,9220,2019,1040723.0,5510047.0,-1.005636,-1.2094209999999999,AZE,GBR,847989
5641850,18,81,9220,2019,12590061.0,13622540.0,1.2555969999999999,1.168642,BEL,GBR,847989
5641851,19,81,9220,2019,23640.0,51525.0,-0.861242,-0.8837440000000001,BEN,GBR,847989
5641852,21,81,9220,2019,0.0,1774.0,-0.805181,-0.941847,BFA,GBR,847989
5641853,22,81,9220,2019,0.0,1502051.0,-1.113148,-0.9513299999999999,BGD,GBR,847989
5641854,23,81,9220,2019,47662.0,534180.0,0.572997,1.863346,BGR,GBR,847989
5641855,24,81,9220,2019,76218.0,1626633.0,0.378349,-0.621468,BHR,GBR,847989
5641856,25,81,9220,2019,13545.0,141003.0,-0.10707799999999999,-0.7419720000000001,BHS,GBR,847989
5641857,26,81,9220,2019,4818.0,2613.0,0.6525,0.83988,BIH,GBR,847989
5641858,28,81,9220,2019,2158.0,139241.0,0.7849649999999999,0.8951600000000001,BLR,GBR,847989
5641859,29,81,9220,2019,1562.0,0.0,-0.484834,-0.638616,BLZ,GBR,847989
5641860,30,81,9220,2019,0.0,4962.0,0.875265,-0.498062,BMU,GBR,847989
5641861,31,81,9220,2019,2441.0,58280.0,-1.012748,-0.999245,BOL,GBR,847989
5641862,32,81,9220,2019,2182223.0,14346250.0,0.076947,0.660604,BRA,GBR,847989
5641863,33,81,9220,2019,0.0,26067.0,0.6228199999999999,-0.10803499999999999,BRB,GBR,847989
5641864,34,81,9220,2019,2589.0,1003666.0,0.9608620000000001,-0.7012619999999999,BRN,GBR,847989
5641865,37,81,9220,2019,0.0,1540.0,-0.492807,-1.152651,BWA,GBR,847989
5641866,38,81,9220,2019,0.0,1150.0,-0.027091000000000004,-0.7267899999999999,CAF,GBR,847989
5641867,39,81,9220,2019,22375718.0,19075122.0,0.657292,1.187872,CAN,GBR,847989
5641868,41,81,9220,2019,21371414.0,12797547.0,2.1990849999999997,0.8394229999999999,CHE,GBR,847989
5641869,42,81,9220,2019,65848.0,2677739.0,-0.34416199999999997,-0.432674,CHL,GBR,847989
5641870,43,81,9220,2019,104049584.0,31225954.0,1.196265,1.2258870000000002,CHN,GBR,847989
5641871,44,81,9220,2019,183227.0,158530.0,-0.9916719999999999,-0.960625,CIV,GBR,847989
5641872,45,81,9220,2019,50657.0,54110.0,-1.461279,-1.214274,CMR,GBR,847989
5641873,46,81,9220,2019,0.0,27805.0,-1.2685879999999998,-1.148403,COD,GBR,847989
5641874,47,81,9220,2019,2166.0,117700.0,-1.305193,-1.162808,COG,GBR,847989
5641875,49,81,9220,2019,28184.0,1154172.0,0.099936,-0.15568800000000002,COL,GBR,847989
5641876,52,81,9220,2019,0.0,90756.0,0.38045,0.08960900000000001,CRI,GBR,847989
5641877,55,81,9220,2019,0.0,3065.0,0.808621,-0.225196,CUW,GBR,847989
5641878,58,81,9220,2019,966.0,361131.0,0.657782,0.209481,CYP,GBR,847989
5641879,59,81,9220,2019,21978318.0,5857109.0,1.797611,0.406708,CZE,GBR,847989
5641880,61,81,9220,2019,413019808.0,90318072.0,2.078626,-2.124816,DEU,GBR,847989
5641881,62,81,9220,2019,0.0,34872.0,-0.602334,-0.794205,DJI,GBR,847989
5641882,63,81,9220,2019,0.0,2713.0,0.131177,-0.313508,DMA,GBR,847989
5641883,64,81,9220,2019,30371726.0,10564040.0,1.0768280000000001,1.2615610000000002,DNK,GBR,847989
5641884,65,81,9220,2019,0.0,234598.0,-0.20594,0.309785,DOM,GBR,847989
5641885,66,81,9220,2019,0.0,1619673.0,-1.008866,-1.215228,DZA,GBR,847989
5641886,67,81,9220,2019,14737.0,51376.0,-1.12261,-1.094275,ECU,GBR,847989
5641887,68,81,9220,2019,1038562.0,8466749.0,-0.152353,1.5426309999999999,EGY,GBR,847989
5641888,69,81,9220,2019,0.0,12196.0,-1.7266080000000001,-1.0303360000000001,ERI,GBR,847989
5641889,71,81,9220,2019,32731912.0,22729550.0,0.678454,3.007838,ESP,GBR,847989
5641890,72,81,9220,2019,142840.0,386838.0,0.962284,1.346195,EST,GBR,847989
5641891,73,81,9220,2019,0.0,169215.0,-1.073631,-0.617885,ETH,GBR,847989
5641892,74,81,9220,2019,2840915.0,1293326.0,1.495278,1.034435,FIN,GBR,847989
5641893,75,81,9220,2019,0.0,65702.0,-0.274278,-0.049333,FJI,GBR,847989
5641894,76,81,9220,2019,0.0,630922.0,-1.633601,-0.991559,FLK,GBR,847989
5641895,77,81,9220,2019,43399752.0,71116720.0,1.380982,0.9510629999999999,FRA,GBR,847989
5641896,78,81,9220,2019,0.0,11356.0,-1.164816,-0.9571540000000001,FRO,GBR,847989
5641897,80,81,9220,2019,0.0,923685.0,-1.08556,-1.183434,GAB,GBR,847989
5641898,82,81,9220,2019,0.0,13766.0,-0.057798,-0.206771,GEO,GBR,847989
5641899,83,81,9220,2019,5875.0,1047199.0,-0.9581,-0.8727879999999999,GHA,GBR,847989
5641900,84,81,9220,2019,0.0,176164.0,0.5167470000000001,-0.484465,GIB,GBR,847989
5641901,85,81,9220,2019,0.0,4698.0,-1.366633,-1.196123,GIN,GBR,847989
5641902,87,81,9220,2019,0.0,38271.0,-1.0174450000000002,-0.790743,GMB,GBR,847989
5641903,89,81,9220,2019,0.0,1878685.0,-1.9057680000000001,-0.968132,GNQ,GBR,847989
5641904,90,81,9220,2019,161643.0,1255021.0,0.08904400000000001,1.059396,GRC,GBR,847989
5641905,91,81,9220,2019,0.0,4495.0,0.297653,-0.409112,GRD,GBR,847989
5641906,93,81,9220,2019,0.0,6783.0,-0.43447299999999994,0.658475,GTM,GBR,847989
5641907,95,81,9220,2019,0.0,7229.0,0.12159400000000001,-0.657729,GUM,GBR,847989
5641908,96,81,9220,2019,0.0,157658.0,-0.308365,-0.7833359999999999,GUY,GBR,847989
5641909,97,81,9220,2019,605671.0,6179825.0,0.992556,1.523004,HKG,GBR,847989
5641910,99,81,9220,2019,0.0,4460.0,-0.6444439999999999,-0.203443,HND,GBR,847989
5641911,100,81,9220,2019,13833.0,448736.0,0.850527,1.280845,HRV,GBR,847989
5641912,102,81,9220,2019,11810670.0,3518465.0,1.462102,0.809183,HUN,GBR,847989
5641913,103,81,9220,2019,250843.0,2808508.0,-0.141811,1.385726,IDN,GBR,847989
5641914,104,81,9220,2019,18188016.0,22829958.0,0.43196,2.661139,IND,GBR,847989
5641915,106,81,9220,2019,8696261.0,39190976.0,1.3812389999999999,-0.025366,IRL,GBR,847989
5641916,107,81,9220,2019,11061.0,0.0,-0.386813,-0.467873,IRN,GBR,847989
5641917,108,81,9220,2019,33939.0,1453412.0,-1.593359,-0.9927860000000001,IRQ,GBR,847989
5641918,109,81,9220,2019,11569.0,946544.0,0.378873,-0.162129,ISL,GBR,847989
5641919,110,81,9220,2019,696807.0,3469682.0,1.488686,0.823376,ISR,GBR,847989
5641920,111,81,9220,2019,95544352.0,19501862.0,1.25898,0.926639,ITA,GBR,847989
5641921,112,81,9220,2019,0.0,24851.0,-0.18387799999999999,-0.710004,JAM,GBR,847989
5641922,113,81,9220,2019,10722.0,1754421.0,-0.003529,0.255816,JOR,GBR,847989
5641923,114,81,9220,2019,21250644.0,19344508.0,2.4931509999999997,-0.558811,JPN,GBR,847989
5641924,115,81,9220,2019,274016.0,19022416.0,-0.26529400000000003,-0.523479,KAZ,GBR,847989
5641925,116,81,9220,2019,0.0,776228.0,-0.406684,0.8588969999999999,KEN,GBR,847989
5641926,117,81,9220,2019,0.0,2757.0,-0.297072,0.306611,KGZ,GBR,847989
5641927,118,81,9220,2019,0.0,16651.0,-0.7499359999999999,-0.627125,KHM,GBR,847989
5641928,120,81,9220,2019,0.0,3196.0,0.739775,-0.644166,KNA,GBR,847989
5641929,121,81,9220,2019,7953256.0,34586124.0,2.115482,0.696838,KOR,GBR,847989
5641930,122,81,9220,2019,4328.0,1360687.0,0.081686,-1.087259,KWT,GBR,847989
5641931,123,81,9220,2019,6825.0,6188.0,-0.8232889999999999,-0.7276590000000001,LAO,GBR,847989
5641932,124,81,9220,2019,1795.0,167299.0,0.26155700000000004,1.062317,LBN,GBR,847989
5641933,125,81,9220,2019,0.0,51931.0,-1.288568,-1.172395,LBR,GBR,847989
5641934,126,81,9220,2019,4969.0,968960.0,-1.552842,-1.2316690000000001,LBY,GBR,847989
5641935,127,81,9220,2019,0.0,6406.0,0.21145,-0.08792699999999999,LCA,GBR,847989
5641936,128,81,9220,2019,9481.0,299058.0,-0.592952,0.394811,LKA,GBR,847989
5641937,129,81,9220,2019,0.0,1226.0,-0.905482,-0.69457,LSO,GBR,847989
5641938,130,81,9220,2019,632524.0,1211148.0,0.858456,1.364581,LTU,GBR,847989
5641939,131,81,9220,2019,1630673.0,260777.0,1.234145,1.3754309999999998,LUX,GBR,847989
5641940,132,81,9220,2019,18562.0,231723.0,0.7804300000000001,1.159592,LVA,GBR,847989
5641941,133,81,9220,2019,721.0,49161.0,0.397984,-0.061689,MAC,GBR,847989
5641942,134,81,9220,2019,11285.0,171452.0,-0.747739,-0.154125,MAR,GBR,847989
5641943,135,81,9220,2019,5111.0,18252.0,-0.333385,-0.35752,MDA,GBR,847989
5641944,136,81,9220,2019,0.0,12784.0,-1.267516,-0.733849,MDG,GBR,847989
5641945,137,81,9220,2019,0.0,33489.0,-0.37792800000000004,-0.8963059999999999,MDV,GBR,847989
5641946,138,81,9220,2019,1799559.0,8865952.0,1.083041,0.569353,MEX,GBR,847989
5641947,139,81,9220,2019,0.0,15202.0,-0.592066,-0.900875,MHL,GBR,847989
5641948,140,81,9220,2019,609804.0,79035.0,0.050624,-0.11143299999999999,MKD,GBR,847989
5641949,141,81,9220,2019,0.0,16993.0,-0.381732,-0.606313,MLI,GBR,847989
5641950,142,81,9220,2019,2796180.0,657950.0,0.893992,0.25255500000000003,MLT,GBR,847989
5641951,143,81,9220,2019,0.0,60343.0,-1.196733,-0.435766,MMR,GBR,847989
5641952,144,81,9220,2019,0.0,37275.0,0.40415100000000004,0.068967,MNE,GBR,847989
5641953,145,81,9220,2019,3152.0,69119.0,-1.1612049999999998,-1.1615739999999999,MNG,GBR,847989
5641954,147,81,9220,2019,0.0,2469274.0,-1.264532,-1.072626,MOZ,GBR,847989
5641955,148,81,9220,2019,0.0,633676.0,-1.711918,-1.339005,MRT,GBR,847989
5641956,151,81,9220,2019,10990.0,306527.0,-0.15909600000000002,0.034770999999999996,MUS,GBR,847989
5641957,152,81,9220,2019,0.0,3087.0,-1.0178479999999999,-1.1028879999999999,MWI,GBR,847989
5641958,153,81,9220,2019,4247688.0,13406370.0,1.192967,0.730971,MYS,GBR,847989
5641959,155,81,9220,2019,0.0,7335.0,-0.545575,-0.744274,NAM,GBR,847989
5641960,156,81,9220,2019,0.0,3505.0,-0.342544,-0.867944,NCL,GBR,847989
5641961,157,81,9220,2019,0.0,21121.0,-0.345047,-0.792769,NER,GBR,847989
5641962,159,81,9220,2019,100516.0,16523699.0,-1.7383970000000002,-1.220333,NGA,GBR,847989
5641963,160,81,9220,2019,0.0,1717.0,-1.058553,-0.854482,NIC,GBR,847989
5641964,162,81,9220,2019,56311664.0,38322756.0,1.145044,1.3523530000000001,NLD,GBR,847989
5641965,163,81,9220,2019,18351330.0,55211896.0,0.6957300000000001,0.181607,NOR,GBR,847989
5641966,164,81,9220,2019,5537.0,30279.0,-0.23868000000000003,0.42732299999999995,NPL,GBR,847989
5641967,166,81,9220,2019,2033543.0,2353970.0,0.119281,0.039036,NZL,GBR,847989
5641968,167,81,9220,2019,55410.0,3059666.0,-0.40120100000000003,-0.881602,OMN,GBR,847989
5641969,168,81,9220,2019,18376.0,313643.0,-0.6909270000000001,0.8651120000000001,PAK,GBR,847989
5641970,169,81,9220,2019,0.0,132004.0,0.00926,-0.308483,PAN,GBR,847989
5641971,173,81,9220,2019,0.0,783819.0,-0.76944,-0.216619,PER,GBR,847989
5641972,174,81,9220,2019,116944.0,929506.0,0.762884,0.3318,PHL,GBR,847989
5641973,176,81,9220,2019,0.0,120691.0,-1.654143,-1.249707,PNG,GBR,847989
5641974,177,81,9220,2019,20238226.0,10663014.0,1.088347,1.275875,POL,GBR,847989
5641975,179,81,9220,2019,2345963.0,2395254.0,0.545467,2.344447,PRT,GBR,847989
5641976,180,81,9220,2019,0.0,2635.0,-0.500999,-0.8635219999999999,PRY,GBR,847989
5641977,181,81,9220,2019,0.0,4396.0,0.05640800000000001,0.708102,PSE,GBR,847989
5641978,182,81,9220,2019,0.0,3954.0,0.30119,-0.39213000000000003,PYF,GBR,847989
5641979,183,81,9220,2019,4249.0,4615352.0,-0.064127,-1.065046,QAT,GBR,847989
5641980,185,81,9220,2019,1512390.0,4294473.0,1.044289,1.013691,ROU,GBR,847989
5641981,186,81,9220,2019,607885.0,5156443.0,0.329884,0.26215,RUS,GBR,847989
5641982,187,81,9220,2019,4279.0,98858.0,-0.812602,-0.737603,RWA,GBR,847989
5641983,188,81,9220,2019,15925.0,33997260.0,0.787798,-0.41350600000000004,SAU,GBR,847989
5641984,190,81,9220,2019,0.0,9947.0,-1.25579,-1.208796,SDN,GBR,847989
5641985,191,81,9220,2019,812073.0,2684238.0,-0.721992,-0.385479,SEN,GBR,847989
5641986,192,81,9220,2019,11845475.0,16049446.0,2.0264599999999997,0.665506,SGP,GBR,847989
5641987,194,81,9220,2019,0.0,122827.0,1.242378,-0.470654,SHN,GBR,847989
5641988,196,81,9220,2019,0.0,8542.0,-0.402403,-0.639318,SLE,GBR,847989
5641989,197,81,9220,2019,0.0,12758.0,0.014037,0.23216599999999998,SLV,GBR,847989
5641990,199,81,9220,2019,0.0,3072.0,-1.046802,-0.961166,SOM,GBR,847989
5641991,201,81,9220,2019,33588.0,193566.0,0.543913,1.210102,SRB,GBR,847989
5641992,205,81,9220,2019,0.0,2657.0,-0.369004,-1.017133,SUR,GBR,847989
5641993,206,81,9220,2019,9807272.0,806493.0,1.39311,0.743107,SVK,GBR,847989
5641994,207,81,9220,2019,296732.0,668369.0,1.63711,0.803198,SVN,GBR,847989
5641995,208,81,9220,2019,20767310.0,21800882.0,1.781148,0.742037,SWE,GBR,847989
5641996,209,81,9220,2019,0.0,69159.0,0.087181,-0.760434,SWZ,GBR,847989
5641997,211,81,9220,2019,0.0,13982.0,0.024113,-0.711363,SYC,GBR,847989
5641998,212,81,9220,2019,0.0,28951.0,-0.67825,0.385416,SYR,GBR,847989
5641999,214,81,9220,2019,0.0,13287.0,-2.636669,-1.033665,TCD,GBR,847989
5642000,215,81,9220,2019,0.0,3346.0,-0.823204,-0.819535,TGO,GBR,847989
5642001,216,81,9220,2019,525548.0,2113532.0,0.9744229999999999,1.401199,THA,GBR,847989
5642002,219,81,9220,2019,0.0,125225.0,-0.9725950000000001,-1.16562,TKM,GBR,847989
5642003,220,81,9220,2019,0.0,3038.0,-1.173671,-1.002383,TLS,GBR,847989
5642004,222,81,9220,2019,0.0,2179340.0,0.1861,-0.874604,TTO,GBR,847989
5642005,223,81,9220,2019,118804.0,528510.0,0.19601300000000002,1.159766,TUN,GBR,847989
5642006,224,81,9220,2019,6189960.0,7142882.0,0.569408,2.364546,TUR,GBR,847989
5642007,226,81,9220,2019,0.0,653597.0,-0.907172,0.37293899999999996,TZA,GBR,847989
5642008,227,81,9220,2019,0.0,28382.0,-0.639476,0.148255,UGA,GBR,847989
5642009,228,81,9220,2019,640820.0,423391.0,0.303802,0.5650270000000001,UKR,GBR,847989
5642010,230,81,9220,2019,0.0,7185.0,-0.077549,-0.473943,URY,GBR,847989
5642011,231,81,9220,2019,162412624.0,276901664.0,1.606808,0.3232,USA,GBR,847989
5642012,232,81,9220,2019,0.0,1744.0,-0.5856060000000001,-0.311248,UZB,GBR,847989
5642013,234,81,9220,2019,0.0,20785.0,-0.712703,-0.859416,VCT,GBR,847989
5642014,237,81,9220,2019,0.0,67005.0,1.145175,-0.41776199999999997,VGB,GBR,847989
5642015,239,81,9220,2019,2028691.0,14092230.0,-0.048147,1.098784,VNM,GBR,847989
5642016,246,81,9220,2019,421075.0,7395362.0,0.129921,1.101027,ZAF,GBR,847989
5642017,247,81,9220,2019,0.0,29808.0,-0.629261,-0.8471489999999999,ZMB,GBR,847989
5642018,248,81,9220,2019,0.0,5979.0,-0.9993780000000001,-1.018174,ZWE,GBR,847989
5642019,249,81,9220,2019,3877358.0,3992211.0,2.123296,1.1786969999999999,TWN,GBR,847989
5642020,250,81,9220,2019,0.0,448315.0,0.8996129999999999,-0.152746,ANS,GBR,847989
5642021,4,90,9220,2019,0.0,47285.0,-0.459614,-0.019257,ALB,GRC,847989
5642022,7,90,9220,2019,10700.0,19359.0,-0.165113,-0.8973540000000001,ARE,GRC,847989
5642023,8,90,9220,2019,22206.0,2385.0,-0.136634,0.127073,ARG,GRC,847989
5642024,14,90,9220,2019,29310.0,538730.0,-0.294558,-0.180198,AUS,GRC,847989
5642025,15,90,9220,2019,3956045.0,5536.0,1.743927,-0.076778,AUT,GRC,847989
5642026,16,90,9220,2019,0.0,1155.0,-1.005636,-1.2094209999999999,AZE,GRC,847989
5642027,18,90,9220,2019,797336.0,142761.0,1.2555969999999999,1.168642,BEL,GRC,847989
5642028,23,90,9220,2019,626216.0,2173649.0,0.572997,1.863346,BGR,GRC,847989
5642029,25,90,9220,2019,0.0,1716.0,-0.10707799999999999,-0.7419720000000001,BHS,GRC,847989
5642030,26,90,9220,2019,0.0,5693.0,0.6525,0.83988,BIH,GRC,847989
5642031,32,90,9220,2019,0.0,318108.0,0.076947,0.660604,BRA,GRC,847989
5642032,34,90,9220,2019,0.0,2083.0,0.9608620000000001,-0.7012619999999999,BRN,GRC,847989
5642033,39,90,9220,2019,361346.0,11225.0,0.657292,1.187872,CAN,GRC,847989
5642034,41,90,9220,2019,2364026.0,13108.0,2.1990849999999997,0.8394229999999999,CHE,GRC,847989
5642035,42,90,9220,2019,0.0,4189.0,-0.34416199999999997,-0.432674,CHL,GRC,847989
5642036,43,90,9220,2019,3750806.0,241988.0,1.196265,1.2258870000000002,CHN,GRC,847989
5642037,44,90,9220,2019,0.0,2510.0,-0.9916719999999999,-0.960625,CIV,GRC,847989
5642038,49,90,9220,2019,0.0,360837.0,0.099936,-0.15568800000000002,COL,GRC,847989
5642039,52,90,9220,2019,0.0,1141.0,0.38045,0.08960900000000001,CRI,GRC,847989
5642040,58,90,9220,2019,139037.0,1035471.0,0.657782,0.209481,CYP,GRC,847989
5642041,59,90,9220,2019,485800.0,49708.0,1.797611,0.406708,CZE,GRC,847989
5642042,61,90,9220,2019,26398308.0,146375.0,2.078626,-2.124816,DEU,GRC,847989
5642043,62,90,9220,2019,0.0,1457.0,-0.602334,-0.794205,DJI,GRC,847989
5642044,64,90,9220,2019,1849090.0,47019.0,1.0768280000000001,1.2615610000000002,DNK,GRC,847989
5642045,68,90,9220,2019,0.0,63039.0,-0.152353,1.5426309999999999,EGY,GRC,847989
5642046,71,90,9220,2019,2228796.0,42766.0,0.678454,3.007838,ESP,GRC,847989
5642047,72,90,9220,2019,3208.0,0.0,0.962284,1.346195,EST,GRC,847989
5642048,74,90,9220,2019,233360.0,12520.0,1.495278,1.034435,FIN,GRC,847989
5642049,77,90,9220,2019,651453.0,63911.0,1.380982,0.9510629999999999,FRA,GRC,847989
5642050,81,90,9220,2019,1255021.0,161643.0,1.731106,0.717566,GBR,GRC,847989
5642051,83,90,9220,2019,0.0,59039.0,-0.9581,-0.8727879999999999,GHA,GRC,847989
5642052,85,90,9220,2019,0.0,22643.0,-1.366633,-1.196123,GIN,GRC,847989
5642053,97,90,9220,2019,31442.0,0.0,0.992556,1.523004,HKG,GRC,847989
5642054,100,90,9220,2019,79814.0,424159.0,0.850527,1.280845,HRV,GRC,847989
5642055,102,90,9220,2019,111947.0,0.0,1.462102,0.809183,HUN,GRC,847989
5642056,104,90,9220,2019,593533.0,44193.0,0.43196,2.661139,IND,GRC,847989
5642057,106,90,9220,2019,11463.0,0.0,1.3812389999999999,-0.025366,IRL,GRC,847989
5642058,109,90,9220,2019,13461.0,13044.0,0.378873,-0.162129,ISL,GRC,847989
5642059,110,90,9220,2019,764851.0,117644.0,1.488686,0.823376,ISR,GRC,847989
5642060,111,90,9220,2019,14362836.0,4550746.0,1.25898,0.926639,ITA,GRC,847989
5642061,113,90,9220,2019,0.0,91251.0,-0.003529,0.255816,JOR,GRC,847989
5642062,114,90,9220,2019,316989.0,26585.0,2.4931509999999997,-0.558811,JPN,GRC,847989
5642063,115,90,9220,2019,0.0,9070.0,-0.26529400000000003,-0.523479,KAZ,GRC,847989
5642064,121,90,9220,2019,259649.0,1132046.0,2.115482,0.696838,KOR,GRC,847989
5642065,124,90,9220,2019,0.0,8661.0,0.26155700000000004,1.062317,LBN,GRC,847989
5642066,125,90,9220,2019,0.0,13422.0,-1.288568,-1.172395,LBR,GRC,847989
5642067,126,90,9220,2019,0.0,44781.0,-1.552842,-1.2316690000000001,LBY,GRC,847989
5642068,128,90,9220,2019,0.0,1967.0,-0.592952,0.394811,LKA,GRC,847989
5642069,130,90,9220,2019,35643.0,0.0,0.858456,1.364581,LTU,GRC,847989
5642070,131,90,9220,2019,11834.0,1938.0,1.234145,1.3754309999999998,LUX,GRC,847989
5642071,132,90,9220,2019,13562.0,0.0,0.7804300000000001,1.159592,LVA,GRC,847989
5642072,134,90,9220,2019,0.0,9161.0,-0.747739,-0.154125,MAR,GRC,847989
5642073,135,90,9220,2019,0.0,7122.0,-0.333385,-0.35752,MDA,GRC,847989
5642074,138,90,9220,2019,0.0,389388.0,1.083041,0.569353,MEX,GRC,847989
5642075,139,90,9220,2019,0.0,187732.0,-0.592066,-0.900875,MHL,GRC,847989
5642076,140,90,9220,2019,51117.0,104838.0,0.050624,-0.11143299999999999,MKD,GRC,847989
5642077,142,90,9220,2019,0.0,55288.0,0.893992,0.25255500000000003,MLT,GRC,847989
5642078,144,90,9220,2019,0.0,13106.0,0.40415100000000004,0.068967,MNE,GRC,847989
5642079,147,90,9220,2019,0.0,359816.0,-1.264532,-1.072626,MOZ,GRC,847989
5642080,153,90,9220,2019,0.0,35470.0,1.192967,0.730971,MYS,GRC,847989
5642081,159,90,9220,2019,0.0,14836.0,-1.7383970000000002,-1.220333,NGA,GRC,847989
5642082,162,90,9220,2019,3691150.0,62915.0,1.145044,1.3523530000000001,NLD,GRC,847989
5642083,163,90,9220,2019,218514.0,7897.0,0.6957300000000001,0.181607,NOR,GRC,847989
5642084,166,90,9220,2019,265420.0,0.0,0.119281,0.039036,NZL,GRC,847989
5642085,167,90,9220,2019,0.0,20972.0,-0.40120100000000003,-0.881602,OMN,GRC,847989
5642086,169,90,9220,2019,0.0,18097.0,0.00926,-0.308483,PAN,GRC,847989
5642087,177,90,9220,2019,890783.0,136029.0,1.088347,1.275875,POL,GRC,847989
5642088,179,90,9220,2019,72141.0,253575.0,0.545467,2.344447,PRT,GRC,847989
5642089,181,90,9220,2019,0.0,358.0,0.05640800000000001,0.708102,PSE,GRC,847989
5642090,183,90,9220,2019,0.0,49767.0,-0.064127,-1.065046,QAT,GRC,847989
5642091,185,90,9220,2019,147167.0,24243.0,1.044289,1.013691,ROU,GRC,847989
5642092,186,90,9220,2019,0.0,17755.0,0.329884,0.26215,RUS,GRC,847989
5642093,188,90,9220,2019,0.0,9440.0,0.787798,-0.41350600000000004,SAU,GRC,847989
5642094,192,90,9220,2019,3844.0,309221.0,2.0264599999999997,0.665506,SGP,GRC,847989
5642095,201,90,9220,2019,12488.0,63801.0,0.543913,1.210102,SRB,GRC,847989
5642096,202,90,9220,2019,0.0,1094.0,-1.8098990000000001,-1.0067979999999999,SSD,GRC,847989
5642097,206,90,9220,2019,256480.0,11217.0,1.39311,0.743107,SVK,GRC,847989
5642098,207,90,9220,2019,104550.0,74409.0,1.63711,0.803198,SVN,GRC,847989
5642099,208,90,9220,2019,914453.0,7890.0,1.781148,0.742037,SWE,GRC,847989
5642100,216,90,9220,2019,1240.0,2609.0,0.9744229999999999,1.401199,THA,GRC,847989
5642101,224,90,9220,2019,1353914.0,53239.0,0.569408,2.364546,TUR,GRC,847989
5642102,228,90,9220,2019,77729.0,2295.0,0.303802,0.5650270000000001,UKR,GRC,847989
5642103,231,90,9220,2019,1890498.0,560982.0,1.606808,0.3232,USA,GRC,847989
5642104,239,90,9220,2019,181853.0,0.0,-0.048147,1.098784,VNM,GRC,847989
5642105,246,90,9220,2019,164489.0,2675.0,0.129921,1.101027,ZAF,GRC,847989
5642106,249,90,9220,2019,172255.0,0.0,2.123296,1.1786969999999999,TWN,GRC,847989
5642107,250,90,9220,2019,38603.0,0.0,0.8996129999999999,-0.152746,ANS,GRC,847989
5642108,7,93,9220,2019,4645.0,0.0,-0.165113,-0.8973540000000001,ARE,GTM,847989
5642109,8,93,9220,2019,332844.0,0.0,-0.136634,0.127073,ARG,GTM,847989
5642110,14,93,9220,2019,0.0,2472.0,-0.294558,-0.180198,AUS,GTM,847989
5642111,15,93,9220,2019,167186.0,0.0,1.743927,-0.076778,AUT,GTM,847989
5642112,18,93,9220,2019,243804.0,0.0,1.2555969999999999,1.168642,BEL,GTM,847989
5642113,23,93,9220,2019,232674.0,0.0,0.572997,1.863346,BGR,GTM,847989
5642114,29,93,9220,2019,0.0,990.0,-0.484834,-0.638616,BLZ,GTM,847989
5642115,31,93,9220,2019,0.0,21209.0,-1.012748,-0.999245,BOL,GTM,847989
5642116,32,93,9220,2019,325294.0,0.0,0.076947,0.660604,BRA,GTM,847989
5642117,39,93,9220,2019,47923.0,0.0,0.657292,1.187872,CAN,GTM,847989
5642118,41,93,9220,2019,32566.0,0.0,2.1990849999999997,0.8394229999999999,CHE,GTM,847989
5642119,42,93,9220,2019,1542.0,0.0,-0.34416199999999997,-0.432674,CHL,GTM,847989
5642120,43,93,9220,2019,1259597.0,0.0,1.196265,1.2258870000000002,CHN,GTM,847989
5642121,49,93,9220,2019,77867.0,7906.0,0.099936,-0.15568800000000002,COL,GTM,847989
5642122,52,93,9220,2019,303042.0,43150.0,0.38045,0.08960900000000001,CRI,GTM,847989
5642123,59,93,9220,2019,15219.0,0.0,1.797611,0.406708,CZE,GTM,847989
5642124,61,93,9220,2019,2456207.0,0.0,2.078626,-2.124816,DEU,GTM,847989
5642125,64,93,9220,2019,10575.0,0.0,1.0768280000000001,1.2615610000000002,DNK,GTM,847989
5642126,65,93,9220,2019,887.0,9048.0,-0.20594,0.309785,DOM,GTM,847989
5642127,71,93,9220,2019,533814.0,28640.0,0.678454,3.007838,ESP,GTM,847989
5642128,74,93,9220,2019,6998.0,0.0,1.495278,1.034435,FIN,GTM,847989
5642129,77,93,9220,2019,1515.0,0.0,1.380982,0.9510629999999999,FRA,GTM,847989
5642130,81,93,9220,2019,6783.0,0.0,1.731106,0.717566,GBR,GTM,847989
5642131,97,93,9220,2019,52269.0,0.0,0.992556,1.523004,HKG,GTM,847989
5642132,99,93,9220,2019,2667.0,57383.0,-0.6444439999999999,-0.203443,HND,GTM,847989
5642133,104,93,9220,2019,122056.0,0.0,0.43196,2.661139,IND,GTM,847989
5642134,110,93,9220,2019,111752.0,0.0,1.488686,0.823376,ISR,GTM,847989
5642135,111,93,9220,2019,1363056.0,123315.0,1.25898,0.926639,ITA,GTM,847989
5642136,114,93,9220,2019,49251.0,0.0,2.4931509999999997,-0.558811,JPN,GTM,847989
5642137,121,93,9220,2019,30038.0,1170.0,2.115482,0.696838,KOR,GTM,847989
5642138,138,93,9220,2019,857532.0,24082.0,1.083041,0.569353,MEX,GTM,847989
5642139,153,93,9220,2019,180383.0,0.0,1.192967,0.730971,MYS,GTM,847989
5642140,160,93,9220,2019,43294.0,18820.0,-1.058553,-0.854482,NIC,GTM,847989
5642141,162,93,9220,2019,68184.0,0.0,1.145044,1.3523530000000001,NLD,GTM,847989
5642142,169,93,9220,2019,168344.0,24139.0,0.00926,-0.308483,PAN,GTM,847989
5642143,173,93,9220,2019,1881751.0,1795.0,-0.76944,-0.216619,PER,GTM,847989
5642144,174,93,9220,2019,0.0,8856.0,0.762884,0.3318,PHL,GTM,847989
5642145,177,93,9220,2019,869.0,0.0,1.088347,1.275875,POL,GTM,847989
5642146,179,93,9220,2019,93805.0,0.0,0.545467,2.344447,PRT,GTM,847989
5642147,197,93,9220,2019,14369.0,40159.0,0.014037,0.23216599999999998,SLV,GTM,847989
5642148,224,93,9220,2019,2694.0,0.0,0.569408,2.364546,TUR,GTM,847989
5642149,228,93,9220,2019,33551.0,0.0,0.303802,0.5650270000000001,UKR,GTM,847989
5642150,230,93,9220,2019,1183.0,0.0,-0.077549,-0.473943,URY,GTM,847989
5642151,231,93,9220,2019,3035966.0,324486.0,1.606808,0.3232,USA,GTM,847989
5642152,249,93,9220,2019,31971.0,0.0,2.123296,1.1786969999999999,TWN,GTM,847989
5642153,32,96,9220,2019,783018.0,0.0,0.076947,0.660604,BRA,GUY,847989
5642154,33,96,9220,2019,0.0,35656.0,0.6228199999999999,-0.10803499999999999,BRB,GUY,847989
5642155,39,96,9220,2019,423596.0,0.0,0.657292,1.187872,CAN,GUY,847989
5642156,43,96,9220,2019,483184.0,0.0,1.196265,1.2258870000000002,CHN,GUY,847989
5642157,52,96,9220,2019,1378.0,0.0,0.38045,0.08960900000000001,CRI,GUY,847989
5642158,61,96,9220,2019,59325.0,0.0,2.078626,-2.124816,DEU,GUY,847989
5642159,71,96,9220,2019,562836.0,4075.0,0.678454,3.007838,ESP,GUY,847989
5642160,74,96,9220,2019,5576.0,0.0,1.495278,1.034435,FIN,GUY,847989
5642161,81,96,9220,2019,157658.0,0.0,1.731106,0.717566,GBR,GUY,847989
5642162,97,96,9220,2019,716.0,0.0,0.992556,1.523004,HKG,GUY,847989
5642163,104,96,9220,2019,3075.0,0.0,0.43196,2.661139,IND,GUY,847989
5642164,111,96,9220,2019,10078.0,0.0,1.25898,0.926639,ITA,GUY,847989
5642165,127,96,9220,2019,0.0,2235.0,0.21145,-0.08792699999999999,LCA,GUY,847989
5642166,138,96,9220,2019,1874061.0,0.0,1.083041,0.569353,MEX,GUY,847989
5642167,162,96,9220,2019,104230.0,0.0,1.145044,1.3523530000000001,NLD,GUY,847989
5642168,169,96,9220,2019,4343.0,0.0,0.00926,-0.308483,PAN,GUY,847989
5642169,173,96,9220,2019,2805.0,0.0,-0.76944,-0.216619,PER,GUY,847989
5642170,192,96,9220,2019,1431.0,0.0,2.0264599999999997,0.665506,SGP,GUY,847989
5642171,205,96,9220,2019,18216.0,0.0,-0.369004,-1.017133,SUR,GUY,847989
5642172,208,96,9220,2019,1662.0,0.0,1.781148,0.742037,SWE,GUY,847989
5642173,222,96,9220,2019,3259436.0,431816.0,0.1861,-0.874604,TTO,GUY,847989
5642174,224,96,9220,2019,813.0,0.0,0.569408,2.364546,TUR,GUY,847989
5642175,231,96,9220,2019,15595727.0,553998.0,1.606808,0.3232,USA,GUY,847989
5642176,246,96,9220,2019,42670.0,0.0,0.129921,1.101027,ZAF,GUY,847989
5642177,249,96,9220,2019,1548.0,0.0,2.123296,1.1786969999999999,TWN,GUY,847989
5642178,2,97,9220,2019,0.0,11348.0,-1.096127,-1.195434,AGO,HKG,847989
5642179,7,97,9220,2019,367396.0,31101.0,-0.165113,-0.8973540000000001,ARE,HKG,847989
5642180,8,97,9220,2019,156308.0,8291.0,-0.136634,0.127073,ARG,HKG,847989
5642181,14,97,9220,2019,471093.0,665775.0,-0.294558,-0.180198,AUS,HKG,847989
5642182,15,97,9220,2019,2270281.0,42449.0,1.743927,-0.076778,AUT,HKG,847989
5642183,16,97,9220,2019,0.0,2743.0,-1.005636,-1.2094209999999999,AZE,HKG,847989
5642184,17,97,9220,2019,0.0,2467.0,-0.689117,-0.9027209999999999,BDI,HKG,847989
5642185,18,97,9220,2019,2319516.0,155625.0,1.2555969999999999,1.168642,BEL,HKG,847989
5642186,22,97,9220,2019,0.0,1001254.0,-1.113148,-0.9513299999999999,BGD,HKG,847989
5642187,23,97,9220,2019,0.0,361306.0,0.572997,1.863346,BGR,HKG,847989
5642188,24,97,9220,2019,0.0,5146.0,0.378349,-0.621468,BHR,HKG,847989
5642189,28,97,9220,2019,0.0,3528.0,0.7849649999999999,0.8951600000000001,BLR,HKG,847989
5642190,31,97,9220,2019,0.0,5610.0,-1.012748,-0.999245,BOL,HKG,847989
5642191,32,97,9220,2019,1088814.0,1813497.0,0.076947,0.660604,BRA,HKG,847989
5642192,34,97,9220,2019,0.0,7606.0,0.9608620000000001,-0.7012619999999999,BRN,HKG,847989
5642193,39,97,9220,2019,6421402.0,571266.0,0.657292,1.187872,CAN,HKG,847989
5642194,41,97,9220,2019,11208167.0,557672.0,2.1990849999999997,0.8394229999999999,CHE,HKG,847989
5642195,42,97,9220,2019,0.0,45329.0,-0.34416199999999997,-0.432674,CHL,HKG,847989
5642196,43,97,9220,2019,571784448.0,65846768.0,1.196265,1.2258870000000002,CHN,HKG,847989
5642197,49,97,9220,2019,0.0,58103.0,0.099936,-0.15568800000000002,COL,HKG,847989
5642198,52,97,9220,2019,0.0,45506.0,0.38045,0.08960900000000001,CRI,HKG,847989
5642199,58,97,9220,2019,63783.0,100654.0,0.657782,0.209481,CYP,HKG,847989
5642200,59,97,9220,2019,3667778.0,102617.0,1.797611,0.406708,CZE,HKG,847989
5642201,61,97,9220,2019,100998928.0,2367066.0,2.078626,-2.124816,DEU,HKG,847989
5642202,64,97,9220,2019,1214542.0,313218.0,1.0768280000000001,1.2615610000000002,DNK,HKG,847989
5642203,65,97,9220,2019,0.0,47396.0,-0.20594,0.309785,DOM,HKG,847989
5642204,66,97,9220,2019,0.0,2058240.0,-1.008866,-1.215228,DZA,HKG,847989
5642205,67,97,9220,2019,0.0,222247.0,-1.12261,-1.094275,ECU,HKG,847989
5642206,68,97,9220,2019,1009.0,164848.0,-0.152353,1.5426309999999999,EGY,HKG,847989
5642207,71,97,9220,2019,156856.0,92444.0,0.678454,3.007838,ESP,HKG,847989
5642208,72,97,9220,2019,23232.0,4282.0,0.962284,1.346195,EST,HKG,847989
5642209,73,97,9220,2019,0.0,37900.0,-1.073631,-0.617885,ETH,HKG,847989
5642210,74,97,9220,2019,1337548.0,36282.0,1.495278,1.034435,FIN,HKG,847989
5642211,75,97,9220,2019,0.0,11452.0,-0.274278,-0.049333,FJI,HKG,847989
5642212,77,97,9220,2019,1881171.0,395084.0,1.380982,0.9510629999999999,FRA,HKG,847989
5642213,81,97,9220,2019,6179825.0,605671.0,1.731106,0.717566,GBR,HKG,847989
5642214,82,97,9220,2019,0.0,626240.0,-0.057798,-0.206771,GEO,HKG,847989
5642215,83,97,9220,2019,0.0,213252.0,-0.9581,-0.8727879999999999,GHA,HKG,847989
5642216,90,97,9220,2019,0.0,31442.0,0.08904400000000001,1.059396,GRC,HKG,847989
5642217,91,97,9220,2019,0.0,2520.0,0.297653,-0.409112,GRD,HKG,847989
5642218,93,97,9220,2019,0.0,52269.0,-0.43447299999999994,0.658475,GTM,HKG,847989
5642219,96,97,9220,2019,0.0,716.0,-0.308365,-0.7833359999999999,GUY,HKG,847989
5642220,99,97,9220,2019,0.0,1614.0,-0.6444439999999999,-0.203443,HND,HKG,847989
5642221,100,97,9220,2019,1613212.0,0.0,0.850527,1.280845,HRV,HKG,847989
5642222,101,97,9220,2019,0.0,12099.0,-1.120295,-0.967447,HTI,HKG,847989
5642223,102,97,9220,2019,341999.0,911747.0,1.462102,0.809183,HUN,HKG,847989
5642224,103,97,9220,2019,120560.0,704790.0,-0.141811,1.385726,IDN,HKG,847989
5642225,104,97,9220,2019,238678.0,20246948.0,0.43196,2.661139,IND,HKG,847989
5642226,106,97,9220,2019,69485.0,6779.0,1.3812389999999999,-0.025366,IRL,HKG,847989
5642227,107,97,9220,2019,0.0,10210.0,-0.386813,-0.467873,IRN,HKG,847989
5642228,108,97,9220,2019,0.0,16837.0,-1.593359,-0.9927860000000001,IRQ,HKG,847989
5642229,109,97,9220,2019,0.0,67403.0,0.378873,-0.162129,ISL,HKG,847989
5642230,110,97,9220,2019,7803490.0,718303.0,1.488686,0.823376,ISR,HKG,847989
5642231,111,97,9220,2019,6827248.0,34222.0,1.25898,0.926639,ITA,HKG,847989
5642232,112,97,9220,2019,0.0,9272.0,-0.18387799999999999,-0.710004,JAM,HKG,847989
5642233,113,97,9220,2019,11609.0,39651.0,-0.003529,0.255816,JOR,HKG,847989
5642234,114,97,9220,2019,265390240.0,1068516.0,2.4931509999999997,-0.558811,JPN,HKG,847989
5642235,115,97,9220,2019,0.0,63315.0,-0.26529400000000003,-0.523479,KAZ,HKG,847989
5642236,116,97,9220,2019,0.0,41260.0,-0.406684,0.8588969999999999,KEN,HKG,847989
5642237,118,97,9220,2019,0.0,93958.0,-0.7499359999999999,-0.627125,KHM,HKG,847989
5642238,121,97,9220,2019,121241784.0,4286705.0,2.115482,0.696838,KOR,HKG,847989
5642239,122,97,9220,2019,0.0,13879.0,0.081686,-1.087259,KWT,HKG,847989
5642240,123,97,9220,2019,0.0,2493.0,-0.8232889999999999,-0.7276590000000001,LAO,HKG,847989
5642241,124,97,9220,2019,0.0,465.0,0.26155700000000004,1.062317,LBN,HKG,847989
5642242,128,97,9220,2019,3694.0,300787.0,-0.592952,0.394811,LKA,HKG,847989
5642243,130,97,9220,2019,0.0,29894.0,0.858456,1.364581,LTU,HKG,847989
5642244,131,97,9220,2019,1954306.0,1566.0,1.234145,1.3754309999999998,LUX,HKG,847989
5642245,132,97,9220,2019,0.0,75138.0,0.7804300000000001,1.159592,LVA,HKG,847989
5642246,133,97,9220,2019,430097.0,3615178.0,0.397984,-0.061689,MAC,HKG,847989
5642247,134,97,9220,2019,0.0,1415017.0,-0.747739,-0.154125,MAR,HKG,847989
5642248,136,97,9220,2019,0.0,12769.0,-1.267516,-0.733849,MDG,HKG,847989
5642249,137,97,9220,2019,0.0,25843.0,-0.37792800000000004,-0.8963059999999999,MDV,HKG,847989
5642250,138,97,9220,2019,2816045.0,1039902.0,1.083041,0.569353,MEX,HKG,847989
5642251,140,97,9220,2019,0.0,13929.0,0.050624,-0.11143299999999999,MKD,HKG,847989
5642252,141,97,9220,2019,0.0,32882.0,-0.381732,-0.606313,MLI,HKG,847989
5642253,142,97,9220,2019,65578.0,35315.0,0.893992,0.25255500000000003,MLT,HKG,847989
5642254,143,97,9220,2019,0.0,162180.0,-1.196733,-0.435766,MMR,HKG,847989
5642255,145,97,9220,2019,0.0,52894.0,-1.1612049999999998,-1.1615739999999999,MNG,HKG,847989
5642256,147,97,9220,2019,0.0,22939.0,-1.264532,-1.072626,MOZ,HKG,847989
5642257,151,97,9220,2019,0.0,60802.0,-0.15909600000000002,0.034770999999999996,MUS,HKG,847989
5642258,152,97,9220,2019,0.0,7509133.0,-1.0178479999999999,-1.1028879999999999,MWI,HKG,847989
5642259,153,97,9220,2019,8626883.0,13838248.0,1.192967,0.730971,MYS,HKG,847989
5642260,159,97,9220,2019,0.0,96300.0,-1.7383970000000002,-1.220333,NGA,HKG,847989
5642261,162,97,9220,2019,3407234.0,10585062.0,1.145044,1.3523530000000001,NLD,HKG,847989
5642262,163,97,9220,2019,102571.0,50261.0,0.6957300000000001,0.181607,NOR,HKG,847989
5642263,166,97,9220,2019,19530.0,11843.0,0.119281,0.039036,NZL,HKG,847989
5642264,168,97,9220,2019,0.0,111270.0,-0.6909270000000001,0.8651120000000001,PAK,HKG,847989
5642265,169,97,9220,2019,0.0,5512.0,0.00926,-0.308483,PAN,HKG,847989
5642266,173,97,9220,2019,0.0,25332.0,-0.76944,-0.216619,PER,HKG,847989
5642267,174,97,9220,2019,11583202.0,18527804.0,0.762884,0.3318,PHL,HKG,847989
5642268,177,97,9220,2019,1046697.0,362169.0,1.088347,1.275875,POL,HKG,847989
5642269,179,97,9220,2019,0.0,113709.0,0.545467,2.344447,PRT,HKG,847989
5642270,180,97,9220,2019,0.0,10955.0,-0.500999,-0.8635219999999999,PRY,HKG,847989
5642271,181,97,9220,2019,0.0,9145.0,0.05640800000000001,0.708102,PSE,HKG,847989
5642272,182,97,9220,2019,0.0,7548.0,0.30119,-0.39213000000000003,PYF,HKG,847989
5642273,183,97,9220,2019,0.0,19322.0,-0.064127,-1.065046,QAT,HKG,847989
5642274,185,97,9220,2019,87160.0,107195.0,1.044289,1.013691,ROU,HKG,847989
5642275,186,97,9220,2019,53995.0,675753.0,0.329884,0.26215,RUS,HKG,847989
5642276,188,97,9220,2019,0.0,55416.0,0.787798,-0.41350600000000004,SAU,HKG,847989
5642277,192,97,9220,2019,65167548.0,37725428.0,2.0264599999999997,0.665506,SGP,HKG,847989
5642278,197,97,9220,2019,0.0,17810.0,0.014037,0.23216599999999998,SLV,HKG,847989
5642279,201,97,9220,2019,76112.0,25984.0,0.543913,1.210102,SRB,HKG,847989
5642280,205,97,9220,2019,0.0,1649.0,-0.369004,-1.017133,SUR,HKG,847989
5642281,206,97,9220,2019,126429.0,52642.0,1.39311,0.743107,SVK,HKG,847989
5642282,207,97,9220,2019,348262.0,30334.0,1.63711,0.803198,SVN,HKG,847989
5642283,208,97,9220,2019,2016968.0,1170826.0,1.781148,0.742037,SWE,HKG,847989
5642284,211,97,9220,2019,0.0,8706.0,0.024113,-0.711363,SYC,HKG,847989
5642285,216,97,9220,2019,4085399.0,2915703.0,0.9744229999999999,1.401199,THA,HKG,847989
5642286,223,97,9220,2019,0.0,64940.0,0.19601300000000002,1.159766,TUN,HKG,847989
5642287,224,97,9220,2019,4615.0,34292.0,0.569408,2.364546,TUR,HKG,847989
5642288,226,97,9220,2019,0.0,10747.0,-0.907172,0.37293899999999996,TZA,HKG,847989
5642289,227,97,9220,2019,0.0,1558.0,-0.639476,0.148255,UGA,HKG,847989
5642290,228,97,9220,2019,53703.0,24621.0,0.303802,0.5650270000000001,UKR,HKG,847989
5642291,230,97,9220,2019,0.0,10128.0,-0.077549,-0.473943,URY,HKG,847989
5642292,231,97,9220,2019,63304636.0,3626399.0,1.606808,0.3232,USA,HKG,847989
5642293,232,97,9220,2019,0.0,66270.0,-0.5856060000000001,-0.311248,UZB,HKG,847989
5642294,239,97,9220,2019,8842546.0,26613418.0,-0.048147,1.098784,VNM,HKG,847989
5642295,242,97,9220,2019,0.0,568.0,0.22290700000000002,-0.164178,WSM,HKG,847989
5642296,246,97,9220,2019,331518.0,60574.0,0.129921,1.101027,ZAF,HKG,847989
5642297,247,97,9220,2019,0.0,69455.0,-0.629261,-0.8471489999999999,ZMB,HKG,847989
5642298,248,97,9220,2019,0.0,52500.0,-0.9993780000000001,-1.018174,ZWE,HKG,847989
5642299,249,97,9220,2019,26261550.0,3713849.0,2.123296,1.1786969999999999,TWN,HKG,847989
5642300,2,99,9220,2019,0.0,2789.0,-1.096127,-1.195434,AGO,HND,847989
5642301,14,99,9220,2019,239492.0,0.0,-0.294558,-0.180198,AUS,HND,847989
5642302,15,99,9220,2019,78835.0,0.0,1.743927,-0.076778,AUT,HND,847989
5642303,32,99,9220,2019,88185.0,0.0,0.076947,0.660604,BRA,HND,847989
5642304,39,99,9220,2019,142240.0,15017.0,0.657292,1.187872,CAN,HND,847989
5642305,41,99,9220,2019,104785.0,0.0,2.1990849999999997,0.8394229999999999,CHE,HND,847989
5642306,43,99,9220,2019,570717.0,0.0,1.196265,1.2258870000000002,CHN,HND,847989
5642307,49,99,9220,2019,2257.0,0.0,0.099936,-0.15568800000000002,COL,HND,847989
5642308,52,99,9220,2019,34316.0,1565.0,0.38045,0.08960900000000001,CRI,HND,847989
5642309,59,99,9220,2019,3285.0,0.0,1.797611,0.406708,CZE,HND,847989
5642310,61,99,9220,2019,3125717.0,0.0,2.078626,-2.124816,DEU,HND,847989
5642311,67,99,9220,2019,159433.0,0.0,-1.12261,-1.094275,ECU,HND,847989
5642312,71,99,9220,2019,221004.0,0.0,0.678454,3.007838,ESP,HND,847989
5642313,74,99,9220,2019,13490.0,0.0,1.495278,1.034435,FIN,HND,847989
5642314,77,99,9220,2019,37689.0,0.0,1.380982,0.9510629999999999,FRA,HND,847989
5642315,81,99,9220,2019,4460.0,0.0,1.731106,0.717566,GBR,HND,847989
5642316,93,99,9220,2019,57383.0,2667.0,-0.43447299999999994,0.658475,GTM,HND,847989
5642317,97,99,9220,2019,1614.0,0.0,0.992556,1.523004,HKG,HND,847989
5642318,104,99,9220,2019,126697.0,0.0,0.43196,2.661139,IND,HND,847989
5642319,110,99,9220,2019,1233.0,0.0,1.488686,0.823376,ISR,HND,847989
5642320,111,99,9220,2019,1397140.0,0.0,1.25898,0.926639,ITA,HND,847989
5642321,114,99,9220,2019,69639.0,0.0,2.4931509999999997,-0.558811,JPN,HND,847989
5642322,121,99,9220,2019,2298149.0,0.0,2.115482,0.696838,KOR,HND,847989
5642323,130,99,9220,2019,3119.0,0.0,0.858456,1.364581,LTU,HND,847989
5642324,134,99,9220,2019,0.0,6573.0,-0.747739,-0.154125,MAR,HND,847989
5642325,138,99,9220,2019,372326.0,45347.0,1.083041,0.569353,MEX,HND,847989
5642326,153,99,9220,2019,17389.0,0.0,1.192967,0.730971,MYS,HND,847989
5642327,160,99,9220,2019,0.0,20213.0,-1.058553,-0.854482,NIC,HND,847989
5642328,162,99,9220,2019,29128.0,0.0,1.145044,1.3523530000000001,NLD,HND,847989
5642329,177,99,9220,2019,103183.0,0.0,1.088347,1.275875,POL,HND,847989
5642330,179,99,9220,2019,1129.0,0.0,0.545467,2.344447,PRT,HND,847989
5642331,197,99,9220,2019,29975.0,0.0,0.014037,0.23216599999999998,SLV,HND,847989
5642332,231,99,9220,2019,5120190.0,2204690.0,1.606808,0.3232,USA,HND,847989
5642333,239,99,9220,2019,4255.0,0.0,-0.048147,1.098784,VNM,HND,847989
5642334,249,99,9220,2019,12727.0,0.0,2.123296,1.1786969999999999,TWN,HND,847989
5642335,4,102,9220,2019,0.0,64503.0,-0.459614,-0.019257,ALB,HUN,847989
5642336,7,102,9220,2019,125595.0,690429.0,-0.165113,-0.8973540000000001,ARE,HUN,847989
5642337,8,102,9220,2019,0.0,93404.0,-0.136634,0.127073,ARG,HUN,847989
5642338,9,102,9220,2019,0.0,23315.0,-0.203986,-0.667607,ARM,HUN,847989
5642339,14,102,9220,2019,73117.0,3049609.0,-0.294558,-0.180198,AUS,HUN,847989
5642340,15,102,9220,2019,17511846.0,22344522.0,1.743927,-0.076778,AUT,HUN,847989
5642341,16,102,9220,2019,0.0,61315.0,-1.005636,-1.2094209999999999,AZE,HUN,847989
5642342,18,102,9220,2019,1630952.0,406186.0,1.2555969999999999,1.168642,BEL,HUN,847989
5642343,23,102,9220,2019,16469.0,470864.0,0.572997,1.863346,BGR,HUN,847989
5642344,24,102,9220,2019,0.0,23488.0,0.378349,-0.621468,BHR,HUN,847989
5642345,26,102,9220,2019,56574.0,161221.0,0.6525,0.83988,BIH,HUN,847989
5642346,28,102,9220,2019,88538.0,13498.0,0.7849649999999999,0.8951600000000001,BLR,HUN,847989
5642347,31,102,9220,2019,0.0,8289.0,-1.012748,-0.999245,BOL,HUN,847989
5642348,32,102,9220,2019,31386.0,996893.0,0.076947,0.660604,BRA,HUN,847989
5642349,39,102,9220,2019,365972.0,1277518.0,0.657292,1.187872,CAN,HUN,847989
5642350,41,102,9220,2019,3150582.0,1796022.0,2.1990849999999997,0.8394229999999999,CHE,HUN,847989
5642351,42,102,9220,2019,0.0,351294.0,-0.34416199999999997,-0.432674,CHL,HUN,847989
5642352,43,102,9220,2019,36415032.0,11232301.0,1.196265,1.2258870000000002,CHN,HUN,847989
5642353,49,102,9220,2019,0.0,5538.0,0.099936,-0.15568800000000002,COL,HUN,847989
5642354,52,102,9220,2019,0.0,65084.0,0.38045,0.08960900000000001,CRI,HUN,847989
5642355,54,102,9220,2019,0.0,4321.0,-0.880892,-1.141591,CUB,HUN,847989
5642356,58,102,9220,2019,0.0,9884.0,0.657782,0.209481,CYP,HUN,847989
5642357,59,102,9220,2019,5137366.0,8223588.0,1.797611,0.406708,CZE,HUN,847989
5642358,61,102,9220,2019,261009616.0,79215296.0,2.078626,-2.124816,DEU,HUN,847989
5642359,64,102,9220,2019,5124698.0,48815656.0,1.0768280000000001,1.2615610000000002,DNK,HUN,847989
5642360,65,102,9220,2019,0.0,3953.0,-0.20594,0.309785,DOM,HUN,847989
5642361,67,102,9220,2019,0.0,5876.0,-1.12261,-1.094275,ECU,HUN,847989
5642362,68,102,9220,2019,0.0,31862.0,-0.152353,1.5426309999999999,EGY,HUN,847989
5642363,71,102,9220,2019,4539983.0,767760.0,0.678454,3.007838,ESP,HUN,847989
5642364,72,102,9220,2019,245018.0,291947.0,0.962284,1.346195,EST,HUN,847989
5642365,74,102,9220,2019,328697.0,182373.0,1.495278,1.034435,FIN,HUN,847989
5642366,77,102,9220,2019,8362894.0,12636654.0,1.380982,0.9510629999999999,FRA,HUN,847989
5642367,81,102,9220,2019,3518465.0,11810670.0,1.731106,0.717566,GBR,HUN,847989
5642368,82,102,9220,2019,0.0,3343.0,-0.057798,-0.206771,GEO,HUN,847989
5642369,90,102,9220,2019,0.0,111947.0,0.08904400000000001,1.059396,GRC,HUN,847989
5642370,97,102,9220,2019,911747.0,341999.0,0.992556,1.523004,HKG,HUN,847989
5642371,100,102,9220,2019,279171.0,768965.0,0.850527,1.280845,HRV,HUN,847989
5642372,103,102,9220,2019,411556.0,62708.0,-0.141811,1.385726,IDN,HUN,847989
5642373,104,102,9220,2019,616962.0,582530.0,0.43196,2.661139,IND,HUN,847989
5642374,106,102,9220,2019,18212670.0,38674.0,1.3812389999999999,-0.025366,IRL,HUN,847989
5642375,107,102,9220,2019,0.0,1906.0,-0.386813,-0.467873,IRN,HUN,847989
5642376,108,102,9220,2019,0.0,10208.0,-1.593359,-0.9927860000000001,IRQ,HUN,847989
5642377,109,102,9220,2019,0.0,87448.0,0.378873,-0.162129,ISL,HUN,847989
5642378,110,102,9220,2019,70216.0,250517.0,1.488686,0.823376,ISR,HUN,847989
5642379,111,102,9220,2019,25060468.0,7262929.0,1.25898,0.926639,ITA,HUN,847989
5642380,113,102,9220,2019,0.0,303204.0,-0.003529,0.255816,JOR,HUN,847989
5642381,114,102,9220,2019,25517492.0,325364.0,2.4931509999999997,-0.558811,JPN,HUN,847989
5642382,115,102,9220,2019,0.0,232958.0,-0.26529400000000003,-0.523479,KAZ,HUN,847989
5642383,116,102,9220,2019,0.0,5396.0,-0.406684,0.8588969999999999,KEN,HUN,847989
5642384,117,102,9220,2019,0.0,2753.0,-0.297072,0.306611,KGZ,HUN,847989
5642385,118,102,9220,2019,0.0,1799.0,-0.7499359999999999,-0.627125,KHM,HUN,847989
5642386,121,102,9220,2019,233845968.0,9884941.0,2.115482,0.696838,KOR,HUN,847989
5642387,122,102,9220,2019,0.0,34680.0,0.081686,-1.087259,KWT,HUN,847989
5642388,124,102,9220,2019,1779.0,36451.0,0.26155700000000004,1.062317,LBN,HUN,847989
5642389,128,102,9220,2019,0.0,2116.0,-0.592952,0.394811,LKA,HUN,847989
5642390,130,102,9220,2019,21148.0,101371.0,0.858456,1.364581,LTU,HUN,847989
5642391,131,102,9220,2019,326921.0,2124.0,1.234145,1.3754309999999998,LUX,HUN,847989
5642392,132,102,9220,2019,3805.0,49056.0,0.7804300000000001,1.159592,LVA,HUN,847989
5642393,134,102,9220,2019,0.0,1204311.0,-0.747739,-0.154125,MAR,HUN,847989
5642394,135,102,9220,2019,0.0,23180.0,-0.333385,-0.35752,MDA,HUN,847989
5642395,138,102,9220,2019,1141384.0,2413845.0,1.083041,0.569353,MEX,HUN,847989
5642396,140,102,9220,2019,10655.0,690460.0,0.050624,-0.11143299999999999,MKD,HUN,847989
5642397,142,102,9220,2019,249140.0,1390.0,0.893992,0.25255500000000003,MLT,HUN,847989
5642398,144,102,9220,2019,0.0,25393.0,0.40415100000000004,0.068967,MNE,HUN,847989
5642399,145,102,9220,2019,0.0,13099.0,-1.1612049999999998,-1.1615739999999999,MNG,HUN,847989
5642400,151,102,9220,2019,0.0,3362.0,-0.15909600000000002,0.034770999999999996,MUS,HUN,847989
5642401,153,102,9220,2019,13335.0,2097799.0,1.192967,0.730971,MYS,HUN,847989
5642402,162,102,9220,2019,10597695.0,436721.0,1.145044,1.3523530000000001,NLD,HUN,847989
5642403,163,102,9220,2019,12607.0,484332.0,0.6957300000000001,0.181607,NOR,HUN,847989
5642404,166,102,9220,2019,0.0,814638.0,0.119281,0.039036,NZL,HUN,847989
5642405,168,102,9220,2019,0.0,8603.0,-0.6909270000000001,0.8651120000000001,PAK,HUN,847989
5642406,173,102,9220,2019,0.0,68850.0,-0.76944,-0.216619,PER,HUN,847989
5642407,174,102,9220,2019,0.0,3552.0,0.762884,0.3318,PHL,HUN,847989
5642408,177,102,9220,2019,4144545.0,5521698.0,1.088347,1.275875,POL,HUN,847989
5642409,179,102,9220,2019,6560308.0,205720.0,0.545467,2.344447,PRT,HUN,847989
5642410,182,102,9220,2019,0.0,2821.0,0.30119,-0.39213000000000003,PYF,HUN,847989
5642411,183,102,9220,2019,0.0,57765.0,-0.064127,-1.065046,QAT,HUN,847989
5642412,185,102,9220,2019,5411088.0,8603230.0,1.044289,1.013691,ROU,HUN,847989
5642413,186,102,9220,2019,291428.0,4307998.0,0.329884,0.26215,RUS,HUN,847989
5642414,188,102,9220,2019,0.0,131999.0,0.787798,-0.41350600000000004,SAU,HUN,847989
5642415,192,102,9220,2019,4418772.0,278142.0,2.0264599999999997,0.665506,SGP,HUN,847989
5642416,201,102,9220,2019,116264.0,3484648.0,0.543913,1.210102,SRB,HUN,847989
5642417,206,102,9220,2019,6630776.0,7289325.0,1.39311,0.743107,SVK,HUN,847989
5642418,207,102,9220,2019,2376542.0,493915.0,1.63711,0.803198,SVN,HUN,847989
5642419,208,102,9220,2019,1710694.0,5126298.0,1.781148,0.742037,SWE,HUN,847989
5642420,216,102,9220,2019,0.0,1013998.0,0.9744229999999999,1.401199,THA,HUN,847989
5642421,217,102,9220,2019,0.0,1456.0,-0.7940020000000001,-1.075605,TJK,HUN,847989
5642422,223,102,9220,2019,0.0,50318.0,0.19601300000000002,1.159766,TUN,HUN,847989
5642423,224,102,9220,2019,2499864.0,1554616.0,0.569408,2.364546,TUR,HUN,847989
5642424,226,102,9220,2019,13748.0,0.0,-0.907172,0.37293899999999996,TZA,HUN,847989
5642425,228,102,9220,2019,300477.0,4125774.0,0.303802,0.5650270000000001,UKR,HUN,847989
5642426,230,102,9220,2019,0.0,9680.0,-0.077549,-0.473943,URY,HUN,847989
5642427,231,102,9220,2019,7968316.0,21283946.0,1.606808,0.3232,USA,HUN,847989
5642428,232,102,9220,2019,0.0,41830.0,-0.5856060000000001,-0.311248,UZB,HUN,847989
5642429,239,102,9220,2019,10360.0,105299.0,-0.048147,1.098784,VNM,HUN,847989
5642430,246,102,9220,2019,15572.0,230535.0,0.129921,1.101027,ZAF,HUN,847989
5642431,249,102,9220,2019,784679.0,359862.0,2.123296,1.1786969999999999,TWN,HUN,847989
5642432,2,103,9220,2019,40608.0,116259.0,-1.096127,-1.195434,AGO,IDN,847989
5642433,7,103,9220,2019,555546.0,189514.0,-0.165113,-0.8973540000000001,ARE,IDN,847989
5642434,8,103,9220,2019,7187.0,30658.0,-0.136634,0.127073,ARG,IDN,847989
5642435,14,103,9220,2019,5780608.0,95784.0,-0.294558,-0.180198,AUS,IDN,847989
5642436,15,103,9220,2019,235952.0,0.0,1.743927,-0.076778,AUT,IDN,847989
5642437,18,103,9220,2019,4624902.0,5702.0,1.2555969999999999,1.168642,BEL,IDN,847989
5642438,23,103,9220,2019,13950.0,0.0,0.572997,1.863346,BGR,IDN,847989
5642439,24,103,9220,2019,0.0,22082.0,0.378349,-0.621468,BHR,IDN,847989
5642440,26,103,9220,2019,0.0,842.0,0.6525,0.83988,BIH,IDN,847989
5642441,28,103,9220,2019,1955.0,0.0,0.7849649999999999,0.8951600000000001,BLR,IDN,847989
5642442,32,103,9220,2019,211824.0,21285492.0,0.076947,0.660604,BRA,IDN,847989
5642443,34,103,9220,2019,6680.0,3950.0,0.9608620000000001,-0.7012619999999999,BRN,IDN,847989
5642444,39,103,9220,2019,653678.0,6937.0,0.657292,1.187872,CAN,IDN,847989
5642445,41,103,9220,2019,1496692.0,14321.0,2.1990849999999997,0.8394229999999999,CHE,IDN,847989
5642446,42,103,9220,2019,0.0,46490.0,-0.34416199999999997,-0.432674,CHL,IDN,847989
5642447,43,103,9220,2019,128704224.0,3964404.0,1.196265,1.2258870000000002,CHN,IDN,847989
5642448,44,103,9220,2019,0.0,2437.0,-0.9916719999999999,-0.960625,CIV,IDN,847989
5642449,47,103,9220,2019,15189.0,9705.0,-1.305193,-1.162808,COG,IDN,847989
5642450,49,103,9220,2019,0.0,16971.0,0.099936,-0.15568800000000002,COL,IDN,847989
5642451,52,103,9220,2019,1772.0,0.0,0.38045,0.08960900000000001,CRI,IDN,847989
5642452,59,103,9220,2019,381072.0,7864.0,1.797611,0.406708,CZE,IDN,847989
5642453,61,103,9220,2019,32842420.0,376849.0,2.078626,-2.124816,DEU,IDN,847989
5642454,64,103,9220,2019,822915.0,16362.0,1.0768280000000001,1.2615610000000002,DNK,IDN,847989
5642455,67,103,9220,2019,0.0,3301.0,-1.12261,-1.094275,ECU,IDN,847989
5642456,68,103,9220,2019,0.0,211616.0,-0.152353,1.5426309999999999,EGY,IDN,847989
5642457,71,103,9220,2019,1075858.0,444120.0,0.678454,3.007838,ESP,IDN,847989
5642458,72,103,9220,2019,1925.0,25869.0,0.962284,1.346195,EST,IDN,847989
5642459,74,103,9220,2019,457955.0,745.0,1.495278,1.034435,FIN,IDN,847989
5642460,77,103,9220,2019,2339342.0,1400363.0,1.380982,0.9510629999999999,FRA,IDN,847989
5642461,81,103,9220,2019,2808508.0,250843.0,1.731106,0.717566,GBR,IDN,847989
5642462,83,103,9220,2019,0.0,3451.0,-0.9581,-0.8727879999999999,GHA,IDN,847989
5642463,97,103,9220,2019,704790.0,120560.0,0.992556,1.523004,HKG,IDN,847989
5642464,100,103,9220,2019,1148719.0,0.0,0.850527,1.280845,HRV,IDN,847989
5642465,102,103,9220,2019,62708.0,411556.0,1.462102,0.809183,HUN,IDN,847989
5642466,104,103,9220,2019,7085668.0,1781663.0,0.43196,2.661139,IND,IDN,847989
5642467,106,103,9220,2019,24431.0,0.0,1.3812389999999999,-0.025366,IRL,IDN,847989
5642468,108,103,9220,2019,0.0,2702.0,-1.593359,-0.9927860000000001,IRQ,IDN,847989
5642469,109,103,9220,2019,0.0,1590.0,0.378873,-0.162129,ISL,IDN,847989
5642470,110,103,9220,2019,349792.0,22880.0,1.488686,0.823376,ISR,IDN,847989
5642471,111,103,9220,2019,28930902.0,102110.0,1.25898,0.926639,ITA,IDN,847989
5642472,113,103,9220,2019,0.0,40259.0,-0.003529,0.255816,JOR,IDN,847989
5642473,114,103,9220,2019,107153384.0,12685613.0,2.4931509999999997,-0.558811,JPN,IDN,847989
5642474,115,103,9220,2019,0.0,5321.0,-0.26529400000000003,-0.523479,KAZ,IDN,847989
5642475,116,103,9220,2019,0.0,11848.0,-0.406684,0.8588969999999999,KEN,IDN,847989
5642476,121,103,9220,2019,29403642.0,368229.0,2.115482,0.696838,KOR,IDN,847989
5642477,122,103,9220,2019,0.0,3775472.0,0.081686,-1.087259,KWT,IDN,847989
5642478,124,103,9220,2019,0.0,6196.0,0.26155700000000004,1.062317,LBN,IDN,847989
5642479,128,103,9220,2019,43396.0,56204.0,-0.592952,0.394811,LKA,IDN,847989
5642480,130,103,9220,2019,7159.0,0.0,0.858456,1.364581,LTU,IDN,847989
5642481,131,103,9220,2019,2085.0,0.0,1.234145,1.3754309999999998,LUX,IDN,847989
5642482,132,103,9220,2019,38998.0,0.0,0.7804300000000001,1.159592,LVA,IDN,847989
5642483,134,103,9220,2019,0.0,3435.0,-0.747739,-0.154125,MAR,IDN,847989
5642484,137,103,9220,2019,0.0,987.0,-0.37792800000000004,-0.8963059999999999,MDV,IDN,847989
5642485,138,103,9220,2019,349732.0,147558.0,1.083041,0.569353,MEX,IDN,847989
5642486,139,103,9220,2019,0.0,720005.0,-0.592066,-0.900875,MHL,IDN,847989
5642487,142,103,9220,2019,14353.0,0.0,0.893992,0.25255500000000003,MLT,IDN,847989
5642488,143,103,9220,2019,0.0,3709.0,-1.196733,-0.435766,MMR,IDN,847989
5642489,147,103,9220,2019,0.0,546951.0,-1.264532,-1.072626,MOZ,IDN,847989
5642490,153,103,9220,2019,12818046.0,2219716.0,1.192967,0.730971,MYS,IDN,847989
5642491,155,103,9220,2019,0.0,977.0,-0.545575,-0.744274,NAM,IDN,847989
5642492,159,103,9220,2019,0.0,9639.0,-1.7383970000000002,-1.220333,NGA,IDN,847989
5642493,162,103,9220,2019,5312632.0,242706.0,1.145044,1.3523530000000001,NLD,IDN,847989
5642494,163,103,9220,2019,422808.0,770.0,0.6957300000000001,0.181607,NOR,IDN,847989
5642495,166,103,9220,2019,4475.0,43760.0,0.119281,0.039036,NZL,IDN,847989
5642496,167,103,9220,2019,0.0,184987.0,-0.40120100000000003,-0.881602,OMN,IDN,847989
5642497,168,103,9220,2019,0.0,24696.0,-0.6909270000000001,0.8651120000000001,PAK,IDN,847989
5642498,174,103,9220,2019,776434.0,865191.0,0.762884,0.3318,PHL,IDN,847989
5642499,177,103,9220,2019,43315.0,734862.0,1.088347,1.275875,POL,IDN,847989
5642500,181,103,9220,2019,0.0,4392.0,0.05640800000000001,0.708102,PSE,IDN,847989
5642501,185,103,9220,2019,31093.0,5298.0,1.044289,1.013691,ROU,IDN,847989
5642502,186,103,9220,2019,368678.0,30023.0,0.329884,0.26215,RUS,IDN,847989
5642503,188,103,9220,2019,0.0,4719.0,0.787798,-0.41350600000000004,SAU,IDN,847989
5642504,191,103,9220,2019,0.0,9713.0,-0.721992,-0.385479,SEN,IDN,847989
5642505,192,103,9220,2019,41381384.0,6375664.0,2.0264599999999997,0.665506,SGP,IDN,847989
5642506,206,103,9220,2019,2135598.0,2969.0,1.39311,0.743107,SVK,IDN,847989
5642507,207,103,9220,2019,47819.0,0.0,1.63711,0.803198,SVN,IDN,847989
5642508,208,103,9220,2019,515010.0,36516.0,1.781148,0.742037,SWE,IDN,847989
5642509,209,103,9220,2019,1510.0,0.0,0.087181,-0.760434,SWZ,IDN,847989
5642510,216,103,9220,2019,3375462.0,1115894.0,0.9744229999999999,1.401199,THA,IDN,847989
5642511,217,103,9220,2019,0.0,310225.0,-0.7940020000000001,-1.075605,TJK,IDN,847989
5642512,220,103,9220,2019,0.0,23943.0,-1.173671,-1.002383,TLS,IDN,847989
5642513,223,103,9220,2019,37199.0,0.0,0.19601300000000002,1.159766,TUN,IDN,847989
5642514,224,103,9220,2019,310057.0,2525.0,0.569408,2.364546,TUR,IDN,847989
5642515,227,103,9220,2019,0.0,1457.0,-0.639476,0.148255,UGA,IDN,847989
5642516,228,103,9220,2019,8208.0,10856.0,0.303802,0.5650270000000001,UKR,IDN,847989
5642517,231,103,9220,2019,19718244.0,1159838.0,1.606808,0.3232,USA,IDN,847989
5642518,232,103,9220,2019,0.0,2687.0,-0.5856060000000001,-0.311248,UZB,IDN,847989
5642519,239,103,9220,2019,584435.0,575554.0,-0.048147,1.098784,VNM,IDN,847989
5642520,246,103,9220,2019,23494.0,10389.0,0.129921,1.101027,ZAF,IDN,847989
5642521,249,103,9220,2019,8715480.0,63499.0,2.123296,1.1786969999999999,TWN,IDN,847989
5642522,1,104,9220,2019,0.0,137445.0,-1.187576,-0.7731979999999999,AFG,IND,847989
5642523,2,104,9220,2019,449902.0,371524.0,-1.096127,-1.195434,AGO,IND,847989
5642524,7,104,9220,2019,11076522.0,33680988.0,-0.165113,-0.8973540000000001,ARE,IND,847989
5642525,8,104,9220,2019,257844.0,273542.0,-0.136634,0.127073,ARG,IND,847989
5642526,9,104,9220,2019,36765.0,14673.0,-0.203986,-0.667607,ARM,IND,847989
5642527,14,104,9220,2019,1351918.0,1579733.0,-0.294558,-0.180198,AUS,IND,847989
5642528,15,104,9220,2019,5476357.0,158935.0,1.743927,-0.076778,AUT,IND,847989
5642529,16,104,9220,2019,28149.0,20402.0,-1.005636,-1.2094209999999999,AZE,IND,847989
5642530,17,104,9220,2019,0.0,91699.0,-0.689117,-0.9027209999999999,BDI,IND,847989
5642531,18,104,9220,2019,4225890.0,202311.0,1.2555969999999999,1.168642,BEL,IND,847989
5642532,19,104,9220,2019,0.0,79631.0,-0.861242,-0.8837440000000001,BEN,IND,847989
5642533,21,104,9220,2019,0.0,81699.0,-0.805181,-0.941847,BFA,IND,847989
5642534,22,104,9220,2019,348590.0,22256030.0,-1.113148,-0.9513299999999999,BGD,IND,847989
5642535,23,104,9220,2019,25193.0,108043.0,0.572997,1.863346,BGR,IND,847989
5642536,24,104,9220,2019,11520.0,342872.0,0.378349,-0.621468,BHR,IND,847989
5642537,25,104,9220,2019,0.0,5022.0,-0.10707799999999999,-0.7419720000000001,BHS,IND,847989
5642538,26,104,9220,2019,0.0,17210.0,0.6525,0.83988,BIH,IND,847989
5642539,28,104,9220,2019,7549.0,212731.0,0.7849649999999999,0.8951600000000001,BLR,IND,847989
5642540,31,104,9220,2019,0.0,143141.0,-1.012748,-0.999245,BOL,IND,847989
5642541,32,104,9220,2019,2406113.0,9203013.0,0.076947,0.660604,BRA,IND,847989
5642542,33,104,9220,2019,0.0,55207.0,0.6228199999999999,-0.10803499999999999,BRB,IND,847989
5642543,34,104,9220,2019,115347.0,111243.0,0.9608620000000001,-0.7012619999999999,BRN,IND,847989
5642544,35,104,9220,2019,0.0,388064.0,0.008482,-0.767876,BTN,IND,847989
5642545,37,104,9220,2019,0.0,25451.0,-0.492807,-1.152651,BWA,IND,847989
5642546,39,104,9220,2019,2849497.0,4240752.0,0.657292,1.187872,CAN,IND,847989
5642547,41,104,9220,2019,8271068.0,552004.0,2.1990849999999997,0.8394229999999999,CHE,IND,847989
5642548,42,104,9220,2019,133351.0,622543.0,-0.34416199999999997,-0.432674,CHL,IND,847989
5642549,43,104,9220,2019,304309856.0,13512517.0,1.196265,1.2258870000000002,CHN,IND,847989
5642550,44,104,9220,2019,0.0,2172841.0,-0.9916719999999999,-0.960625,CIV,IND,847989
5642551,45,104,9220,2019,0.0,230738.0,-1.461279,-1.214274,CMR,IND,847989
5642552,46,104,9220,2019,0.0,272343.0,-1.2685879999999998,-1.148403,COD,IND,847989
5642553,47,104,9220,2019,422249.0,4787.0,-1.305193,-1.162808,COG,IND,847989
5642554,49,104,9220,2019,40027.0,1059916.0,0.099936,-0.15568800000000002,COL,IND,847989
5642555,50,104,9220,2019,0.0,68176.0,0.21475,-0.737725,COM,IND,847989
5642556,52,104,9220,2019,0.0,15505.0,0.38045,0.08960900000000001,CRI,IND,847989
5642557,54,104,9220,2019,0.0,15163.0,-0.880892,-1.141591,CUB,IND,847989
5642558,58,104,9220,2019,902.0,20082.0,0.657782,0.209481,CYP,IND,847989
5642559,59,104,9220,2019,3979559.0,517642.0,1.797611,0.406708,CZE,IND,847989
5642560,61,104,9220,2019,196079552.0,9701660.0,2.078626,-2.124816,DEU,IND,847989
5642561,62,104,9220,2019,0.0,230997.0,-0.602334,-0.794205,DJI,IND,847989
5642562,64,104,9220,2019,5109020.0,80743.0,1.0768280000000001,1.2615610000000002,DNK,IND,847989
5642563,65,104,9220,2019,0.0,46216.0,-0.20594,0.309785,DOM,IND,847989
5642564,66,104,9220,2019,1024.0,8190666.0,-1.008866,-1.215228,DZA,IND,847989
5642565,67,104,9220,2019,0.0,687573.0,-1.12261,-1.094275,ECU,IND,847989
5642566,68,104,9220,2019,1322403.0,5996427.0,-0.152353,1.5426309999999999,EGY,IND,847989
5642567,71,104,9220,2019,4739316.0,7771122.0,0.678454,3.007838,ESP,IND,847989
5642568,72,104,9220,2019,31134.0,3069.0,0.962284,1.346195,EST,IND,847989
5642569,73,104,9220,2019,0.0,1552099.0,-1.073631,-0.617885,ETH,IND,847989
5642570,74,104,9220,2019,7259738.0,158688.0,1.495278,1.034435,FIN,IND,847989
5642571,75,104,9220,2019,0.0,70783.0,-0.274278,-0.049333,FJI,IND,847989
5642572,77,104,9220,2019,10892792.0,3335611.0,1.380982,0.9510629999999999,FRA,IND,847989
5642573,80,104,9220,2019,0.0,73952.0,-1.08556,-1.183434,GAB,IND,847989
5642574,81,104,9220,2019,22829958.0,18188016.0,1.731106,0.717566,GBR,IND,847989
5642575,82,104,9220,2019,0.0,13292.0,-0.057798,-0.206771,GEO,IND,847989
5642576,83,104,9220,2019,0.0,1906610.0,-0.9581,-0.8727879999999999,GHA,IND,847989
5642577,85,104,9220,2019,0.0,201639.0,-1.366633,-1.196123,GIN,IND,847989
5642578,87,104,9220,2019,0.0,38067.0,-1.0174450000000002,-0.790743,GMB,IND,847989
5642579,90,104,9220,2019,44193.0,593533.0,0.08904400000000001,1.059396,GRC,IND,847989
5642580,93,104,9220,2019,0.0,122056.0,-0.43447299999999994,0.658475,GTM,IND,847989
5642581,96,104,9220,2019,0.0,3075.0,-0.308365,-0.7833359999999999,GUY,IND,847989
5642582,97,104,9220,2019,20246948.0,238678.0,0.992556,1.523004,HKG,IND,847989
5642583,99,104,9220,2019,0.0,126697.0,-0.6444439999999999,-0.203443,HND,IND,847989
5642584,100,104,9220,2019,56784.0,55201.0,0.850527,1.280845,HRV,IND,847989
5642585,102,104,9220,2019,582530.0,616962.0,1.462102,0.809183,HUN,IND,847989
5642586,103,104,9220,2019,1781663.0,7085668.0,-0.141811,1.385726,IDN,IND,847989
5642587,106,104,9220,2019,2814944.0,44756.0,1.3812389999999999,-0.025366,IRL,IND,847989
5642588,107,104,9220,2019,147663.0,1746749.0,-0.386813,-0.467873,IRN,IND,847989
5642589,108,104,9220,2019,0.0,307767.0,-1.593359,-0.9927860000000001,IRQ,IND,847989
5642590,109,104,9220,2019,0.0,1776.0,0.378873,-0.162129,ISL,IND,847989
5642591,110,104,9220,2019,4095666.0,1208806.0,1.488686,0.823376,ISR,IND,847989
5642592,111,104,9220,2019,82854208.0,5088778.0,1.25898,0.926639,ITA,IND,847989
5642593,112,104,9220,2019,0.0,28801.0,-0.18387799999999999,-0.710004,JAM,IND,847989
5642594,113,104,9220,2019,3559.0,2760739.0,-0.003529,0.255816,JOR,IND,847989
5642595,114,104,9220,2019,251629392.0,3805100.0,2.4931509999999997,-0.558811,JPN,IND,847989
5642596,115,104,9220,2019,0.0,161467.0,-0.26529400000000003,-0.523479,KAZ,IND,847989
5642597,116,104,9220,2019,211812.0,4027450.0,-0.406684,0.8588969999999999,KEN,IND,847989
5642598,118,104,9220,2019,7783.0,279915.0,-0.7499359999999999,-0.627125,KHM,IND,847989
5642599,121,104,9220,2019,191087104.0,4029994.0,2.115482,0.696838,KOR,IND,847989
5642600,122,104,9220,2019,200317.0,6423540.0,0.081686,-1.087259,KWT,IND,847989
5642601,124,104,9220,2019,12602.0,1237854.0,0.26155700000000004,1.062317,LBN,IND,847989
5642602,125,104,9220,2019,0.0,42195.0,-1.288568,-1.172395,LBR,IND,847989
5642603,126,104,9220,2019,0.0,69671.0,-1.552842,-1.2316690000000001,LBY,IND,847989
5642604,128,104,9220,2019,205474.0,4583592.0,-0.592952,0.394811,LKA,IND,847989
5642605,130,104,9220,2019,2333.0,59587.0,0.858456,1.364581,LTU,IND,847989
5642606,131,104,9220,2019,80319.0,0.0,1.234145,1.3754309999999998,LUX,IND,847989
5642607,132,104,9220,2019,145238.0,82716.0,0.7804300000000001,1.159592,LVA,IND,847989
5642608,134,104,9220,2019,11185.0,1021217.0,-0.747739,-0.154125,MAR,IND,847989
5642609,135,104,9220,2019,0.0,3828.0,-0.333385,-0.35752,MDA,IND,847989
5642610,136,104,9220,2019,0.0,362054.0,-1.267516,-0.733849,MDG,IND,847989
5642611,137,104,9220,2019,0.0,112799.0,-0.37792800000000004,-0.8963059999999999,MDV,IND,847989
5642612,138,104,9220,2019,2317479.0,6608788.0,1.083041,0.569353,MEX,IND,847989
5642613,140,104,9220,2019,58342.0,6670.0,0.050624,-0.11143299999999999,MKD,IND,847989
5642614,141,104,9220,2019,0.0,179982.0,-0.381732,-0.606313,MLI,IND,847989
5642615,142,104,9220,2019,184613.0,649669.0,0.893992,0.25255500000000003,MLT,IND,847989
5642616,143,104,9220,2019,5584.0,8674049.0,-1.196733,-0.435766,MMR,IND,847989
5642617,144,104,9220,2019,0.0,7212.0,0.40415100000000004,0.068967,MNE,IND,847989
5642618,147,104,9220,2019,0.0,321093.0,-1.264532,-1.072626,MOZ,IND,847989
5642619,148,104,9220,2019,0.0,345675.0,-1.711918,-1.339005,MRT,IND,847989
5642620,151,104,9220,2019,0.0,238539.0,-0.15909600000000002,0.034770999999999996,MUS,IND,847989
5642621,152,104,9220,2019,0.0,740381.0,-1.0178479999999999,-1.1028879999999999,MWI,IND,847989
5642622,153,104,9220,2019,4496055.0,7368882.0,1.192967,0.730971,MYS,IND,847989
5642623,155,104,9220,2019,0.0,97708.0,-0.545575,-0.744274,NAM,IND,847989
5642624,156,104,9220,2019,0.0,30814.0,-0.342544,-0.867944,NCL,IND,847989
5642625,157,104,9220,2019,0.0,77594.0,-0.345047,-0.792769,NER,IND,847989
5642626,159,104,9220,2019,88993.0,12521666.0,-1.7383970000000002,-1.220333,NGA,IND,847989
5642627,160,104,9220,2019,0.0,62697.0,-1.058553,-0.854482,NIC,IND,847989
5642628,162,104,9220,2019,7805448.0,2987368.0,1.145044,1.3523530000000001,NLD,IND,847989
5642629,163,104,9220,2019,204244.0,387608.0,0.6957300000000001,0.181607,NOR,IND,847989
5642630,164,104,9220,2019,62785.0,7927894.0,-0.23868000000000003,0.42732299999999995,NPL,IND,847989
5642631,166,104,9220,2019,47052.0,181486.0,0.119281,0.039036,NZL,IND,847989
5642632,167,104,9220,2019,307407.0,15725491.0,-0.40120100000000003,-0.881602,OMN,IND,847989
5642633,168,104,9220,2019,0.0,1074927.0,-0.6909270000000001,0.8651120000000001,PAK,IND,847989
5642634,169,104,9220,2019,0.0,507165.0,0.00926,-0.308483,PAN,IND,847989
5642635,173,104,9220,2019,0.0,641202.0,-0.76944,-0.216619,PER,IND,847989
5642636,174,104,9220,2019,2678.0,1560146.0,0.762884,0.3318,PHL,IND,847989
5642637,176,104,9220,2019,0.0,11719.0,-1.654143,-1.249707,PNG,IND,847989
5642638,177,104,9220,2019,1265963.0,480175.0,1.088347,1.275875,POL,IND,847989
5642639,179,104,9220,2019,445090.0,259789.0,0.545467,2.344447,PRT,IND,847989
5642640,180,104,9220,2019,0.0,105142.0,-0.500999,-0.8635219999999999,PRY,IND,847989
5642641,181,104,9220,2019,0.0,1371.0,0.05640800000000001,0.708102,PSE,IND,847989
5642642,183,104,9220,2019,33023.0,858157.0,-0.064127,-1.065046,QAT,IND,847989
5642643,185,104,9220,2019,2018175.0,699950.0,1.044289,1.013691,ROU,IND,847989
5642644,186,104,9220,2019,11292087.0,9170225.0,0.329884,0.26215,RUS,IND,847989
5642645,187,104,9220,2019,0.0,889942.0,-0.812602,-0.737603,RWA,IND,847989
5642646,188,104,9220,2019,1323893.0,16444496.0,0.787798,-0.41350600000000004,SAU,IND,847989
5642647,190,104,9220,2019,0.0,832608.0,-1.25579,-1.208796,SDN,IND,847989
5642648,191,104,9220,2019,0.0,215127.0,-0.721992,-0.385479,SEN,IND,847989
5642649,192,104,9220,2019,17422206.0,2790739.0,2.0264599999999997,0.665506,SGP,IND,847989
5642650,196,104,9220,2019,0.0,525242.0,-0.402403,-0.639318,SLE,IND,847989
5642651,197,104,9220,2019,0.0,45687.0,0.014037,0.23216599999999998,SLV,IND,847989
5642652,199,104,9220,2019,0.0,25317.0,-1.046802,-0.961166,SOM,IND,847989
5642653,201,104,9220,2019,0.0,155205.0,0.543913,1.210102,SRB,IND,847989
5642654,205,104,9220,2019,0.0,27835.0,-0.369004,-1.017133,SUR,IND,847989
5642655,206,104,9220,2019,576790.0,727731.0,1.39311,0.743107,SVK,IND,847989
5642656,207,104,9220,2019,700919.0,200104.0,1.63711,0.803198,SVN,IND,847989
5642657,208,104,9220,2019,20890952.0,333783.0,1.781148,0.742037,SWE,IND,847989
5642658,209,104,9220,2019,0.0,4672.0,0.087181,-0.760434,SWZ,IND,847989
5642659,211,104,9220,2019,25975.0,6365.0,0.024113,-0.711363,SYC,IND,847989
5642660,212,104,9220,2019,0.0,1777294.0,-0.67825,0.385416,SYR,IND,847989
5642661,214,104,9220,2019,0.0,13230.0,-2.636669,-1.033665,TCD,IND,847989
5642662,215,104,9220,2019,0.0,84868.0,-0.823204,-0.819535,TGO,IND,847989
5642663,216,104,9220,2019,8171806.0,15239871.0,0.9744229999999999,1.401199,THA,IND,847989
5642664,217,104,9220,2019,0.0,269339.0,-0.7940020000000001,-1.075605,TJK,IND,847989
5642665,219,104,9220,2019,0.0,88787.0,-0.9725950000000001,-1.16562,TKM,IND,847989
5642666,222,104,9220,2019,0.0,29804.0,0.1861,-0.874604,TTO,IND,847989
5642667,223,104,9220,2019,18092.0,715886.0,0.19601300000000002,1.159766,TUN,IND,847989
5642668,224,104,9220,2019,3882038.0,4446443.0,0.569408,2.364546,TUR,IND,847989
5642669,226,104,9220,2019,0.0,2123300.0,-0.907172,0.37293899999999996,TZA,IND,847989
5642670,227,104,9220,2019,11338.0,3917929.0,-0.639476,0.148255,UGA,IND,847989
5642671,228,104,9220,2019,489480.0,2519192.0,0.303802,0.5650270000000001,UKR,IND,847989
5642672,230,104,9220,2019,0.0,1291295.0,-0.077549,-0.473943,URY,IND,847989
5642673,231,104,9220,2019,41174692.0,38972512.0,1.606808,0.3232,USA,IND,847989
5642674,232,104,9220,2019,0.0,1635903.0,-0.5856060000000001,-0.311248,UZB,IND,847989
5642675,239,104,9220,2019,11939257.0,38241104.0,-0.048147,1.098784,VNM,IND,847989
5642676,243,104,9220,2019,0.0,258115.0,-1.4367860000000001,-1.262101,YEM,IND,847989
5642677,246,104,9220,2019,2069848.0,4049343.0,0.129921,1.101027,ZAF,IND,847989
5642678,247,104,9220,2019,5967.0,416574.0,-0.629261,-0.8471489999999999,ZMB,IND,847989
5642679,248,104,9220,2019,0.0,128291.0,-0.9993780000000001,-1.018174,ZWE,IND,847989
5642680,249,104,9220,2019,17888278.0,1222578.0,2.123296,1.1786969999999999,TWN,IND,847989
5642681,250,104,9220,2019,67318.0,0.0,0.8996129999999999,-0.152746,ANS,IND,847989
5642682,7,106,9220,2019,44979.0,7235.0,-0.165113,-0.8973540000000001,ARE,IRL,847989
5642683,8,106,9220,2019,0.0,33407.0,-0.136634,0.127073,ARG,IRL,847989
5642684,14,106,9220,2019,62680.0,5062424.0,-0.294558,-0.180198,AUS,IRL,847989
5642685,15,106,9220,2019,935003.0,161207.0,1.743927,-0.076778,AUT,IRL,847989
5642686,18,106,9220,2019,304938.0,214673.0,1.2555969999999999,1.168642,BEL,IRL,847989
5642687,23,106,9220,2019,0.0,3490.0,0.572997,1.863346,BGR,IRL,847989
5642688,24,106,9220,2019,0.0,1438.0,0.378349,-0.621468,BHR,IRL,847989
5642689,32,106,9220,2019,0.0,3986.0,0.076947,0.660604,BRA,IRL,847989
5642690,39,106,9220,2019,36499116.0,967499.0,0.657292,1.187872,CAN,IRL,847989
5642691,41,106,9220,2019,14845105.0,804440.0,2.1990849999999997,0.8394229999999999,CHE,IRL,847989
5642692,42,106,9220,2019,0.0,124579.0,-0.34416199999999997,-0.432674,CHL,IRL,847989
5642693,43,106,9220,2019,3636000.0,4721626.0,1.196265,1.2258870000000002,CHN,IRL,847989
5642694,49,106,9220,2019,0.0,5610.0,0.099936,-0.15568800000000002,COL,IRL,847989
5642695,52,106,9220,2019,0.0,91967.0,0.38045,0.08960900000000001,CRI,IRL,847989
5642696,59,106,9220,2019,707722.0,559183.0,1.797611,0.406708,CZE,IRL,847989
5642697,61,106,9220,2019,48267496.0,14083835.0,2.078626,-2.124816,DEU,IRL,847989
5642698,62,106,9220,2019,7109.0,0.0,-0.602334,-0.794205,DJI,IRL,847989
5642699,64,106,9220,2019,2301981.0,626716.0,1.0768280000000001,1.2615610000000002,DNK,IRL,847989
5642700,67,106,9220,2019,0.0,6765.0,-1.12261,-1.094275,ECU,IRL,847989
5642701,68,106,9220,2019,0.0,38872.0,-0.152353,1.5426309999999999,EGY,IRL,847989
5642702,71,106,9220,2019,881336.0,2155058.0,0.678454,3.007838,ESP,IRL,847989
5642703,72,106,9220,2019,11391.0,43159.0,0.962284,1.346195,EST,IRL,847989
5642704,74,106,9220,2019,29068.0,46141.0,1.495278,1.034435,FIN,IRL,847989
5642705,77,106,9220,2019,1820305.0,5190992.0,1.380982,0.9510629999999999,FRA,IRL,847989
5642706,81,106,9220,2019,39190976.0,8696261.0,1.731106,0.717566,GBR,IRL,847989
5642707,83,106,9220,2019,0.0,4135.0,-0.9581,-0.8727879999999999,GHA,IRL,847989
5642708,90,106,9220,2019,0.0,11463.0,0.08904400000000001,1.059396,GRC,IRL,847989
5642709,97,106,9220,2019,6779.0,69485.0,0.992556,1.523004,HKG,IRL,847989
5642710,100,106,9220,2019,213913.0,20801.0,0.850527,1.280845,HRV,IRL,847989
5642711,102,106,9220,2019,38674.0,18212670.0,1.462102,0.809183,HUN,IRL,847989
5642712,103,106,9220,2019,0.0,24431.0,-0.141811,1.385726,IDN,IRL,847989
5642713,104,106,9220,2019,44756.0,2814944.0,0.43196,2.661139,IND,IRL,847989
5642714,110,106,9220,2019,227091.0,132675.0,1.488686,0.823376,ISR,IRL,847989
5642715,111,106,9220,2019,10590193.0,374381.0,1.25898,0.926639,ITA,IRL,847989
5642716,113,106,9220,2019,0.0,6095.0,-0.003529,0.255816,JOR,IRL,847989
5642717,114,106,9220,2019,17291904.0,260380.0,2.4931509999999997,-0.558811,JPN,IRL,847989
5642718,121,106,9220,2019,426608.0,141362.0,2.115482,0.696838,KOR,IRL,847989
5642719,122,106,9220,2019,0.0,82876.0,0.081686,-1.087259,KWT,IRL,847989
5642720,128,106,9220,2019,27124.0,0.0,-0.592952,0.394811,LKA,IRL,847989
5642721,130,106,9220,2019,6541.0,13967.0,0.858456,1.364581,LTU,IRL,847989
5642722,131,106,9220,2019,2317.0,14145.0,1.234145,1.3754309999999998,LUX,IRL,847989
5642723,132,106,9220,2019,196398.0,3542.0,0.7804300000000001,1.159592,LVA,IRL,847989
5642724,134,106,9220,2019,0.0,1139.0,-0.747739,-0.154125,MAR,IRL,847989
5642725,135,106,9220,2019,0.0,1673.0,-0.333385,-0.35752,MDA,IRL,847989
5642726,138,106,9220,2019,29946.0,245763.0,1.083041,0.569353,MEX,IRL,847989
5642727,140,106,9220,2019,0.0,9357.0,0.050624,-0.11143299999999999,MKD,IRL,847989
5642728,142,106,9220,2019,1342.0,0.0,0.893992,0.25255500000000003,MLT,IRL,847989
5642729,148,106,9220,2019,0.0,7728.0,-1.711918,-1.339005,MRT,IRL,847989
5642730,153,106,9220,2019,568268.0,573567.0,1.192967,0.730971,MYS,IRL,847989
5642731,159,106,9220,2019,0.0,1582.0,-1.7383970000000002,-1.220333,NGA,IRL,847989
5642732,162,106,9220,2019,9890015.0,2869467.0,1.145044,1.3523530000000001,NLD,IRL,847989
5642733,163,106,9220,2019,80097.0,229295.0,0.6957300000000001,0.181607,NOR,IRL,847989
5642734,166,106,9220,2019,15787.0,43483.0,0.119281,0.039036,NZL,IRL,847989
5642735,168,106,9220,2019,0.0,23287.0,-0.6909270000000001,0.8651120000000001,PAK,IRL,847989
5642736,174,106,9220,2019,5647.0,1274.0,0.762884,0.3318,PHL,IRL,847989
5642737,177,106,9220,2019,937653.0,6362341.0,1.088347,1.275875,POL,IRL,847989
5642738,179,106,9220,2019,94066.0,47035.0,0.545467,2.344447,PRT,IRL,847989
5642739,182,106,9220,2019,0.0,1541.0,0.30119,-0.39213000000000003,PYF,IRL,847989
5642740,185,106,9220,2019,22639.0,297767.0,1.044289,1.013691,ROU,IRL,847989
5642741,186,106,9220,2019,35904.0,75128.0,0.329884,0.26215,RUS,IRL,847989
5642742,191,106,9220,2019,0.0,5172.0,-0.721992,-0.385479,SEN,IRL,847989
5642743,192,106,9220,2019,823942.0,241824.0,2.0264599999999997,0.665506,SGP,IRL,847989
5642744,201,106,9220,2019,0.0,1173.0,0.543913,1.210102,SRB,IRL,847989
5642745,206,106,9220,2019,560456.0,521142.0,1.39311,0.743107,SVK,IRL,847989
5642746,207,106,9220,2019,92412.0,42451.0,1.63711,0.803198,SVN,IRL,847989
5642747,208,106,9220,2019,1054250.0,218463.0,1.781148,0.742037,SWE,IRL,847989
5642748,216,106,9220,2019,0.0,263240.0,0.9744229999999999,1.401199,THA,IRL,847989
5642749,223,106,9220,2019,122673.0,127966.0,0.19601300000000002,1.159766,TUN,IRL,847989
5642750,224,106,9220,2019,1525964.0,12455.0,0.569408,2.364546,TUR,IRL,847989
5642751,228,106,9220,2019,65432.0,8275.0,0.303802,0.5650270000000001,UKR,IRL,847989
5642752,230,106,9220,2019,0.0,4230.0,-0.077549,-0.473943,URY,IRL,847989
5642753,231,106,9220,2019,14945324.0,2386694.0,1.606808,0.3232,USA,IRL,847989
5642754,232,106,9220,2019,219665.0,0.0,-0.5856060000000001,-0.311248,UZB,IRL,847989
5642755,239,106,9220,2019,27016.0,3533.0,-0.048147,1.098784,VNM,IRL,847989
5642756,246,106,9220,2019,60817.0,10826.0,0.129921,1.101027,ZAF,IRL,847989
5642757,247,106,9220,2019,0.0,7775.0,-0.629261,-0.8471489999999999,ZMB,IRL,847989
5642758,248,106,9220,2019,0.0,11270.0,-0.9993780000000001,-1.018174,ZWE,IRL,847989
5642759,249,106,9220,2019,682473.0,96783.0,2.123296,1.1786969999999999,TWN,IRL,847989
5642760,250,106,9220,2019,958352.0,0.0,0.8996129999999999,-0.152746,ANS,IRL,847989
5642761,1,111,9220,2019,0.0,53332.0,-1.187576,-0.7731979999999999,AFG,ITA,847989
5642762,2,111,9220,2019,13410.0,1121211.0,-1.096127,-1.195434,AGO,ITA,847989
5642763,4,111,9220,2019,240494.0,3070891.0,-0.459614,-0.019257,ALB,ITA,847989
5642764,7,111,9220,2019,1080160.0,23635976.0,-0.165113,-0.8973540000000001,ARE,ITA,847989
5642765,8,111,9220,2019,38331.0,15445050.0,-0.136634,0.127073,ARG,ITA,847989
5642766,9,111,9220,2019,0.0,351493.0,-0.203986,-0.667607,ARM,ITA,847989
5642767,13,111,9220,2019,0.0,92313.0,0.391831,-0.723957,ATG,ITA,847989
5642768,14,111,9220,2019,682156.0,35640056.0,-0.294558,-0.180198,AUS,ITA,847989
5642769,15,111,9220,2019,39177248.0,31954550.0,1.743927,-0.076778,AUT,ITA,847989
5642770,16,111,9220,2019,13753.0,4548826.0,-1.005636,-1.2094209999999999,AZE,ITA,847989
5642771,17,111,9220,2019,0.0,157347.0,-0.689117,-0.9027209999999999,BDI,ITA,847989
5642772,18,111,9220,2019,23734666.0,74561360.0,1.2555969999999999,1.168642,BEL,ITA,847989
5642773,19,111,9220,2019,0.0,28999.0,-0.861242,-0.8837440000000001,BEN,ITA,847989
5642774,21,111,9220,2019,0.0,2800334.0,-0.805181,-0.941847,BFA,ITA,847989
5642775,22,111,9220,2019,0.0,10779530.0,-1.113148,-0.9513299999999999,BGD,ITA,847989
5642776,23,111,9220,2019,2687028.0,19358104.0,0.572997,1.863346,BGR,ITA,847989
5642777,24,111,9220,2019,0.0,2855642.0,0.378349,-0.621468,BHR,ITA,847989
5642778,25,111,9220,2019,409644.0,357289.0,-0.10707799999999999,-0.7419720000000001,BHS,ITA,847989
5642779,26,111,9220,2019,1156.0,2426483.0,0.6525,0.83988,BIH,ITA,847989
5642780,28,111,9220,2019,17132.0,12680562.0,0.7849649999999999,0.8951600000000001,BLR,ITA,847989
5642781,30,111,9220,2019,0.0,5147.0,0.875265,-0.498062,BMU,ITA,847989
5642782,31,111,9220,2019,0.0,788222.0,-1.012748,-0.999245,BOL,ITA,847989
5642783,32,111,9220,2019,194443.0,92802336.0,0.076947,0.660604,BRA,ITA,847989
5642784,33,111,9220,2019,0.0,47460.0,0.6228199999999999,-0.10803499999999999,BRB,ITA,847989
5642785,34,111,9220,2019,6308.0,50031.0,0.9608620000000001,-0.7012619999999999,BRN,ITA,847989
5642786,37,111,9220,2019,49287.0,4545.0,-0.492807,-1.152651,BWA,ITA,847989
5642787,39,111,9220,2019,1684828.0,41254828.0,0.657292,1.187872,CAN,ITA,847989
5642788,41,111,9220,2019,32092660.0,55320976.0,2.1990849999999997,0.8394229999999999,CHE,ITA,847989
5642789,42,111,9220,2019,8515.0,18758110.0,-0.34416199999999997,-0.432674,CHL,ITA,847989
5642790,43,111,9220,2019,53574424.0,169235104.0,1.196265,1.2258870000000002,CHN,ITA,847989
5642791,44,111,9220,2019,693015.0,1208800.0,-0.9916719999999999,-0.960625,CIV,ITA,847989
5642792,45,111,9220,2019,0.0,665709.0,-1.461279,-1.214274,CMR,ITA,847989
5642793,46,111,9220,2019,0.0,9673877.0,-1.2685879999999998,-1.148403,COD,ITA,847989
5642794,47,111,9220,2019,20524.0,2274729.0,-1.305193,-1.162808,COG,ITA,847989
5642795,49,111,9220,2019,80932.0,8598318.0,0.099936,-0.15568800000000002,COL,ITA,847989
5642796,50,111,9220,2019,0.0,29703.0,0.21475,-0.737725,COM,ITA,847989
5642797,51,111,9220,2019,0.0,282183.0,-0.094961,-0.751246,CPV,ITA,847989
5642798,52,111,9220,2019,0.0,1237797.0,0.38045,0.08960900000000001,CRI,ITA,847989
5642799,54,111,9220,2019,0.0,5927730.0,-0.880892,-1.141591,CUB,ITA,847989
5642800,55,111,9220,2019,0.0,30625.0,0.808621,-0.225196,CUW,ITA,847989
5642801,57,111,9220,2019,0.0,7640.0,0.27157800000000004,-0.901875,CYM,ITA,847989
5642802,58,111,9220,2019,799478.0,3383606.0,0.657782,0.209481,CYP,ITA,847989
5642803,59,111,9220,2019,21792190.0,49665552.0,1.797611,0.406708,CZE,ITA,847989
5642804,61,111,9220,2019,415100000.0,284783648.0,2.078626,-2.124816,DEU,ITA,847989
5642805,63,111,9220,2019,0.0,2299.0,0.131177,-0.313508,DMA,ITA,847989
5642806,64,111,9220,2019,16747934.0,22515232.0,1.0768280000000001,1.2615610000000002,DNK,ITA,847989
5642807,65,111,9220,2019,1331917.0,2036281.0,-0.20594,0.309785,DOM,ITA,847989
5642808,66,111,9220,2019,53022.0,33328594.0,-1.008866,-1.215228,DZA,ITA,847989
5642809,67,111,9220,2019,7976.0,3828488.0,-1.12261,-1.094275,ECU,ITA,847989
5642810,68,111,9220,2019,23025.0,25943552.0,-0.152353,1.5426309999999999,EGY,ITA,847989
5642811,69,111,9220,2019,0.0,721799.0,-1.7266080000000001,-1.0303360000000001,ERI,ITA,847989
5642812,71,111,9220,2019,20271896.0,128344816.0,0.678454,3.007838,ESP,ITA,847989
5642813,72,111,9220,2019,15176.0,2841367.0,0.962284,1.346195,EST,ITA,847989
5642814,73,111,9220,2019,1802.0,4125391.0,-1.073631,-0.617885,ETH,ITA,847989
5642815,74,111,9220,2019,6525570.0,9040051.0,1.495278,1.034435,FIN,ITA,847989
5642816,75,111,9220,2019,0.0,91820.0,-0.274278,-0.049333,FJI,ITA,847989
5642817,77,111,9220,2019,38987872.0,208429792.0,1.380982,0.9510629999999999,FRA,ITA,847989
5642818,80,111,9220,2019,0.0,56497.0,-1.08556,-1.183434,GAB,ITA,847989
5642819,81,111,9220,2019,19501862.0,95544352.0,1.731106,0.717566,GBR,ITA,847989
5642820,82,111,9220,2019,5270.0,927240.0,-0.057798,-0.206771,GEO,ITA,847989
5642821,83,111,9220,2019,0.0,2151191.0,-0.9581,-0.8727879999999999,GHA,ITA,847989
5642822,85,111,9220,2019,0.0,358470.0,-1.366633,-1.196123,GIN,ITA,847989
5642823,89,111,9220,2019,0.0,1194.0,-1.9057680000000001,-0.968132,GNQ,ITA,847989
5642824,90,111,9220,2019,4550746.0,14362836.0,0.08904400000000001,1.059396,GRC,ITA,847989
5642825,93,111,9220,2019,123315.0,1363056.0,-0.43447299999999994,0.658475,GTM,ITA,847989
5642826,96,111,9220,2019,0.0,10078.0,-0.308365,-0.7833359999999999,GUY,ITA,847989
5642827,97,111,9220,2019,34222.0,6827248.0,0.992556,1.523004,HKG,ITA,847989
5642828,99,111,9220,2019,0.0,1397140.0,-0.6444439999999999,-0.203443,HND,ITA,847989
5642829,100,111,9220,2019,9916726.0,9753724.0,0.850527,1.280845,HRV,ITA,847989
5642830,101,111,9220,2019,0.0,4899.0,-1.120295,-0.967447,HTI,ITA,847989
5642831,102,111,9220,2019,7262929.0,25060468.0,1.462102,0.809183,HUN,ITA,847989
5642832,103,111,9220,2019,102110.0,28930902.0,-0.141811,1.385726,IDN,ITA,847989
5642833,104,111,9220,2019,5088778.0,82854208.0,0.43196,2.661139,IND,ITA,847989
5642834,106,111,9220,2019,374381.0,10590193.0,1.3812389999999999,-0.025366,IRL,ITA,847989
5642835,107,111,9220,2019,0.0,13329303.0,-0.386813,-0.467873,IRN,ITA,847989
5642836,108,111,9220,2019,2125.0,12130617.0,-1.593359,-0.9927860000000001,IRQ,ITA,847989
5642837,109,111,9220,2019,0.0,555374.0,0.378873,-0.162129,ISL,ITA,847989
5642838,110,111,9220,2019,1700213.0,15371132.0,1.488686,0.823376,ISR,ITA,847989
5642839,112,111,9220,2019,0.0,24629.0,-0.18387799999999999,-0.710004,JAM,ITA,847989
5642840,113,111,9220,2019,41110.0,4856888.0,-0.003529,0.255816,JOR,ITA,847989
5642841,114,111,9220,2019,30279184.0,37055596.0,2.4931509999999997,-0.558811,JPN,ITA,847989
5642842,115,111,9220,2019,70129.0,3234160.0,-0.26529400000000003,-0.523479,KAZ,ITA,847989
5642843,116,111,9220,2019,0.0,5607969.0,-0.406684,0.8588969999999999,KEN,ITA,847989
5642844,118,111,9220,2019,0.0,572166.0,-0.7499359999999999,-0.627125,KHM,ITA,847989
5642845,121,111,9220,2019,5636334.0,33915816.0,2.115482,0.696838,KOR,ITA,847989
5642846,122,111,9220,2019,6948.0,5630059.0,0.081686,-1.087259,KWT,ITA,847989
5642847,123,111,9220,2019,0.0,100516.0,-0.8232889999999999,-0.7276590000000001,LAO,ITA,847989
5642848,124,111,9220,2019,0.0,13728736.0,0.26155700000000004,1.062317,LBN,ITA,847989
5642849,125,111,9220,2019,0.0,9099.0,-1.288568,-1.172395,LBR,ITA,847989
5642850,126,111,9220,2019,0.0,3554239.0,-1.552842,-1.2316690000000001,LBY,ITA,847989
5642851,128,111,9220,2019,8969.0,1025692.0,-0.592952,0.394811,LKA,ITA,847989
5642852,130,111,9220,2019,1025076.0,7971212.0,0.858456,1.364581,LTU,ITA,847989
5642853,131,111,9220,2019,35647216.0,4814551.0,1.234145,1.3754309999999998,LUX,ITA,847989
5642854,132,111,9220,2019,882913.0,6132058.0,0.7804300000000001,1.159592,LVA,ITA,847989
5642855,133,111,9220,2019,0.0,98225.0,0.397984,-0.061689,MAC,ITA,847989
5642856,134,111,9220,2019,192005.0,28988824.0,-0.747739,-0.154125,MAR,ITA,847989
5642857,135,111,9220,2019,5167.0,955322.0,-0.333385,-0.35752,MDA,ITA,847989
5642858,136,111,9220,2019,0.0,1530527.0,-1.267516,-0.733849,MDG,ITA,847989
5642859,137,111,9220,2019,0.0,542767.0,-0.37792800000000004,-0.8963059999999999,MDV,ITA,847989
5642860,138,111,9220,2019,1138509.0,54818060.0,1.083041,0.569353,MEX,ITA,847989
5642861,140,111,9220,2019,1103702.0,6753012.0,0.050624,-0.11143299999999999,MKD,ITA,847989
5642862,141,111,9220,2019,0.0,318202.0,-0.381732,-0.606313,MLI,ITA,847989
5642863,142,111,9220,2019,6973975.0,4721721.0,0.893992,0.25255500000000003,MLT,ITA,847989
5642864,143,111,9220,2019,0.0,119680.0,-1.196733,-0.435766,MMR,ITA,847989
5642865,144,111,9220,2019,0.0,127963.0,0.40415100000000004,0.068967,MNE,ITA,847989
5642866,145,111,9220,2019,0.0,263430.0,-1.1612049999999998,-1.1615739999999999,MNG,ITA,847989
5642867,147,111,9220,2019,0.0,390473.0,-1.264532,-1.072626,MOZ,ITA,847989
5642868,148,111,9220,2019,0.0,84903.0,-1.711918,-1.339005,MRT,ITA,847989
5642869,151,111,9220,2019,1463.0,461154.0,-0.15909600000000002,0.034770999999999996,MUS,ITA,847989
5642870,152,111,9220,2019,0.0,703551.0,-1.0178479999999999,-1.1028879999999999,MWI,ITA,847989
5642871,153,111,9220,2019,997198.0,12209048.0,1.192967,0.730971,MYS,ITA,847989
5642872,155,111,9220,2019,4933.0,67737.0,-0.545575,-0.744274,NAM,ITA,847989
5642873,156,111,9220,2019,0.0,499979.0,-0.342544,-0.867944,NCL,ITA,847989
5642874,157,111,9220,2019,0.0,186119.0,-0.345047,-0.792769,NER,ITA,847989
5642875,159,111,9220,2019,0.0,13115056.0,-1.7383970000000002,-1.220333,NGA,ITA,847989
5642876,160,111,9220,2019,0.0,30364.0,-1.058553,-0.854482,NIC,ITA,847989
5642877,162,111,9220,2019,37467440.0,69336864.0,1.145044,1.3523530000000001,NLD,ITA,847989
5642878,163,111,9220,2019,2104343.0,16799988.0,0.6957300000000001,0.181607,NOR,ITA,847989
5642879,164,111,9220,2019,0.0,42494.0,-0.23868000000000003,0.42732299999999995,NPL,ITA,847989
5642880,166,111,9220,2019,16678.0,6776153.0,0.119281,0.039036,NZL,ITA,847989
5642881,167,111,9220,2019,4387.0,2500460.0,-0.40120100000000003,-0.881602,OMN,ITA,847989
5642882,168,111,9220,2019,2738.0,3761928.0,-0.6909270000000001,0.8651120000000001,PAK,ITA,847989
5642883,169,111,9220,2019,15356.0,923057.0,0.00926,-0.308483,PAN,ITA,847989
5642884,173,111,9220,2019,39644.0,6512360.0,-0.76944,-0.216619,PER,ITA,847989
5642885,174,111,9220,2019,1764.0,6222828.0,0.762884,0.3318,PHL,ITA,847989
5642886,176,111,9220,2019,0.0,54691.0,-1.654143,-1.249707,PNG,ITA,847989
5642887,177,111,9220,2019,16685709.0,101647520.0,1.088347,1.275875,POL,ITA,847989
5642888,179,111,9220,2019,2073461.0,34515312.0,0.545467,2.344447,PRT,ITA,847989
5642889,180,111,9220,2019,0.0,1747706.0,-0.500999,-0.8635219999999999,PRY,ITA,847989
5642890,181,111,9220,2019,0.0,1268.0,0.05640800000000001,0.708102,PSE,ITA,847989
5642891,182,111,9220,2019,0.0,77929.0,0.30119,-0.39213000000000003,PYF,ITA,847989
5642892,183,111,9220,2019,0.0,6235222.0,-0.064127,-1.065046,QAT,ITA,847989
5642893,185,111,9220,2019,7946072.0,44957132.0,1.044289,1.013691,ROU,ITA,847989
5642894,186,111,9220,2019,852828.0,97206536.0,0.329884,0.26215,RUS,ITA,847989
5642895,187,111,9220,2019,0.0,1619.0,-0.812602,-0.737603,RWA,ITA,847989
5642896,188,111,9220,2019,35652.0,36910384.0,0.787798,-0.41350600000000004,SAU,ITA,847989
5642897,190,111,9220,2019,0.0,286301.0,-1.25579,-1.208796,SDN,ITA,847989
5642898,191,111,9220,2019,6389.0,951904.0,-0.721992,-0.385479,SEN,ITA,847989
5642899,192,111,9220,2019,2096460.0,14898694.0,2.0264599999999997,0.665506,SGP,ITA,847989
5642900,196,111,9220,2019,0.0,4638.0,-0.402403,-0.639318,SLE,ITA,847989
5642901,197,111,9220,2019,0.0,757563.0,0.014037,0.23216599999999998,SLV,ITA,847989
5642902,199,111,9220,2019,0.0,8976.0,-1.046802,-0.961166,SOM,ITA,847989
5642903,201,111,9220,2019,1022265.0,12667502.0,0.543913,1.210102,SRB,ITA,847989
5642904,202,111,9220,2019,0.0,144233.0,-1.8098990000000001,-1.0067979999999999,SSD,ITA,847989
5642905,205,111,9220,2019,0.0,2025.0,-0.369004,-1.017133,SUR,ITA,847989
5642906,206,111,9220,2019,8611667.0,22184700.0,1.39311,0.743107,SVK,ITA,847989
5642907,207,111,9220,2019,3190233.0,16831184.0,1.63711,0.803198,SVN,ITA,847989
5642908,208,111,9220,2019,44330720.0,20128686.0,1.781148,0.742037,SWE,ITA,847989
5642909,210,111,9220,2019,0.0,21527.0,0.8903719999999999,0.116156,SXM,ITA,847989
5642910,211,111,9220,2019,0.0,125828.0,0.024113,-0.711363,SYC,ITA,847989
5642911,212,111,9220,2019,0.0,6139220.0,-0.67825,0.385416,SYR,ITA,847989
5642912,215,111,9220,2019,0.0,556600.0,-0.823204,-0.819535,TGO,ITA,847989
5642913,216,111,9220,2019,1808819.0,26995732.0,0.9744229999999999,1.401199,THA,ITA,847989
5642914,217,111,9220,2019,0.0,34025.0,-0.7940020000000001,-1.075605,TJK,ITA,847989
5642915,219,111,9220,2019,0.0,108433.0,-0.9725950000000001,-1.16562,TKM,ITA,847989
5642916,222,111,9220,2019,0.0,360390.0,0.1861,-0.874604,TTO,ITA,847989
5642917,223,111,9220,2019,532758.0,12665803.0,0.19601300000000002,1.159766,TUN,ITA,847989
5642918,224,111,9220,2019,6206518.0,63070532.0,0.569408,2.364546,TUR,ITA,847989
5642919,226,111,9220,2019,0.0,2722411.0,-0.907172,0.37293899999999996,TZA,ITA,847989
5642920,227,111,9220,2019,0.0,485932.0,-0.639476,0.148255,UGA,ITA,847989
5642921,228,111,9220,2019,461105.0,14685729.0,0.303802,0.5650270000000001,UKR,ITA,847989
5642922,230,111,9220,2019,0.0,2327564.0,-0.077549,-0.473943,URY,ITA,847989
5642923,231,111,9220,2019,52151208.0,402031200.0,1.606808,0.3232,USA,ITA,847989
5642924,232,111,9220,2019,0.0,3144161.0,-0.5856060000000001,-0.311248,UZB,ITA,847989
5642925,234,111,9220,2019,0.0,1959.0,-0.712703,-0.859416,VCT,ITA,847989
5642926,236,111,9220,2019,0.0,1171926.0,-1.318175,-1.2506110000000001,VEN,ITA,847989
5642927,237,111,9220,2019,0.0,1265.0,1.145175,-0.41776199999999997,VGB,ITA,847989
5642928,239,111,9220,2019,345828.0,15580888.0,-0.048147,1.098784,VNM,ITA,847989
5642929,242,111,9220,2019,0.0,1195.0,0.22290700000000002,-0.164178,WSM,ITA,847989
5642930,243,111,9220,2019,0.0,1072.0,-1.4367860000000001,-1.262101,YEM,ITA,847989
5642931,246,111,9220,2019,85810.0,22257068.0,0.129921,1.101027,ZAF,ITA,847989
5642932,247,111,9220,2019,0.0,43989.0,-0.629261,-0.8471489999999999,ZMB,ITA,847989
5642933,248,111,9220,2019,0.0,128692.0,-0.9993780000000001,-1.018174,ZWE,ITA,847989
5642934,249,111,9220,2019,3547076.0,13190379.0,2.123296,1.1786969999999999,TWN,ITA,847989
5642935,250,111,9220,2019,106791.0,892466.0,0.8996129999999999,-0.152746,ANS,ITA,847989
5642936,15,112,9220,2019,4471.0,0.0,1.743927,-0.076778,AUT,JAM,847989
5642937,32,112,9220,2019,87429.0,0.0,0.076947,0.660604,BRA,JAM,847989
5642938,39,112,9220,2019,185238.0,0.0,0.657292,1.187872,CAN,JAM,847989
5642939,41,112,9220,2019,5519.0,0.0,2.1990849999999997,0.8394229999999999,CHE,JAM,847989
5642940,43,112,9220,2019,318649.0,0.0,1.196265,1.2258870000000002,CHN,JAM,847989
5642941,49,112,9220,2019,1816.0,0.0,0.099936,-0.15568800000000002,COL,JAM,847989
5642942,57,112,9220,2019,2268.0,0.0,0.27157800000000004,-0.901875,CYM,JAM,847989
5642943,61,112,9220,2019,168133.0,33995.0,2.078626,-2.124816,DEU,JAM,847989
5642944,64,112,9220,2019,1050.0,0.0,1.0768280000000001,1.2615610000000002,DNK,JAM,847989
5642945,65,112,9220,2019,2224.0,0.0,-0.20594,0.309785,DOM,JAM,847989
5642946,71,112,9220,2019,648981.0,2061.0,0.678454,3.007838,ESP,JAM,847989
5642947,77,112,9220,2019,58402.0,0.0,1.380982,0.9510629999999999,FRA,JAM,847989
5642948,81,112,9220,2019,24851.0,0.0,1.731106,0.717566,GBR,JAM,847989
5642949,97,112,9220,2019,9272.0,0.0,0.992556,1.523004,HKG,JAM,847989
5642950,101,112,9220,2019,1602.0,0.0,-1.120295,-0.967447,HTI,JAM,847989
5642951,104,112,9220,2019,28801.0,0.0,0.43196,2.661139,IND,JAM,847989
5642952,110,112,9220,2019,3572.0,0.0,1.488686,0.823376,ISR,JAM,847989
5642953,111,112,9220,2019,24629.0,0.0,1.25898,0.926639,ITA,JAM,847989
5642954,114,112,9220,2019,18409.0,0.0,2.4931509999999997,-0.558811,JPN,JAM,847989
5642955,121,112,9220,2019,9481.0,0.0,2.115482,0.696838,KOR,JAM,847989
5642956,138,112,9220,2019,41729.0,0.0,1.083041,0.569353,MEX,JAM,847989
5642957,162,112,9220,2019,104750.0,9811.0,1.145044,1.3523530000000001,NLD,JAM,847989
5642958,169,112,9220,2019,11132.0,0.0,0.00926,-0.308483,PAN,JAM,847989
5642959,192,112,9220,2019,7069.0,4402.0,2.0264599999999997,0.665506,SGP,JAM,847989
5642960,208,112,9220,2019,5076.0,0.0,1.781148,0.742037,SWE,JAM,847989
5642961,222,112,9220,2019,7694.0,0.0,0.1861,-0.874604,TTO,JAM,847989
5642962,231,112,9220,2019,2650993.0,1988.0,1.606808,0.3232,USA,JAM,847989
5642963,236,112,9220,2019,1225.0,0.0,-1.318175,-1.2506110000000001,VEN,JAM,847989
5642964,249,112,9220,2019,0.0,2266.0,2.123296,1.1786969999999999,TWN,JAM,847989
5642965,7,113,9220,2019,539862.0,8886.0,-0.165113,-0.8973540000000001,ARE,JOR,847989
5642966,14,113,9220,2019,28582.0,1915.0,-0.294558,-0.180198,AUS,JOR,847989
5642967,15,113,9220,2019,184540.0,0.0,1.743927,-0.076778,AUT,JOR,847989
5642968,18,113,9220,2019,84586.0,0.0,1.2555969999999999,1.168642,BEL,JOR,847989
5642969,24,113,9220,2019,2102.0,0.0,0.378349,-0.621468,BHR,JOR,847989
5642970,32,113,9220,2019,39450.0,0.0,0.076947,0.660604,BRA,JOR,847989
5642971,39,113,9220,2019,573626.0,0.0,0.657292,1.187872,CAN,JOR,847989
5642972,41,113,9220,2019,35821.0,2821.0,2.1990849999999997,0.8394229999999999,CHE,JOR,847989
5642973,43,113,9220,2019,17460722.0,319026.0,1.196265,1.2258870000000002,CHN,JOR,847989
5642974,59,113,9220,2019,82427.0,0.0,1.797611,0.406708,CZE,JOR,847989
5642975,61,113,9220,2019,6869225.0,3897.0,2.078626,-2.124816,DEU,JOR,847989
5642976,64,113,9220,2019,293327.0,0.0,1.0768280000000001,1.2615610000000002,DNK,JOR,847989
5642977,66,113,9220,2019,0.0,81386.0,-1.008866,-1.215228,DZA,JOR,847989
5642978,68,113,9220,2019,58331.0,153226.0,-0.152353,1.5426309999999999,EGY,JOR,847989
5642979,71,113,9220,2019,79120.0,354138.0,0.678454,3.007838,ESP,JOR,847989
5642980,72,113,9220,2019,172075.0,0.0,0.962284,1.346195,EST,JOR,847989
5642981,74,113,9220,2019,2490.0,0.0,1.495278,1.034435,FIN,JOR,847989
5642982,77,113,9220,2019,61799.0,0.0,1.380982,0.9510629999999999,FRA,JOR,847989
5642983,81,113,9220,2019,1754421.0,10722.0,1.731106,0.717566,GBR,JOR,847989
5642984,90,113,9220,2019,91251.0,0.0,0.08904400000000001,1.059396,GRC,JOR,847989
5642985,97,113,9220,2019,39651.0,11609.0,0.992556,1.523004,HKG,JOR,847989
5642986,102,113,9220,2019,303204.0,0.0,1.462102,0.809183,HUN,JOR,847989
5642987,103,113,9220,2019,40259.0,0.0,-0.141811,1.385726,IDN,JOR,847989
5642988,104,113,9220,2019,2760739.0,3559.0,0.43196,2.661139,IND,JOR,847989
5642989,106,113,9220,2019,6095.0,0.0,1.3812389999999999,-0.025366,IRL,JOR,847989
5642990,107,113,9220,2019,23060.0,157631.0,-0.386813,-0.467873,IRN,JOR,847989
5642991,108,113,9220,2019,0.0,232322.0,-1.593359,-0.9927860000000001,IRQ,JOR,847989
5642992,110,113,9220,2019,2495.0,71400.0,1.488686,0.823376,ISR,JOR,847989
5642993,111,113,9220,2019,4856888.0,41110.0,1.25898,0.926639,ITA,JOR,847989
5642994,114,113,9220,2019,59772.0,0.0,2.4931509999999997,-0.558811,JPN,JOR,847989
5642995,121,113,9220,2019,707667.0,0.0,2.115482,0.696838,KOR,JOR,847989
5642996,122,113,9220,2019,94049.0,8196.0,0.081686,-1.087259,KWT,JOR,847989
5642997,124,113,9220,2019,18456.0,43868.0,0.26155700000000004,1.062317,LBN,JOR,847989
5642998,126,113,9220,2019,0.0,12036.0,-1.552842,-1.2316690000000001,LBY,JOR,847989
5642999,138,113,9220,2019,6094.0,0.0,1.083041,0.569353,MEX,JOR,847989
5643000,140,113,9220,2019,28634.0,0.0,0.050624,-0.11143299999999999,MKD,JOR,847989
5643001,153,113,9220,2019,88077.0,0.0,1.192967,0.730971,MYS,JOR,847989
5643002,162,113,9220,2019,369316.0,1295.0,1.145044,1.3523530000000001,NLD,JOR,847989
5643003,163,113,9220,2019,0.0,1336.0,0.6957300000000001,0.181607,NOR,JOR,847989
5643004,167,113,9220,2019,0.0,12923.0,-0.40120100000000003,-0.881602,OMN,JOR,847989
5643005,177,113,9220,2019,235843.0,0.0,1.088347,1.275875,POL,JOR,847989
5643006,179,113,9220,2019,0.0,8115.0,0.545467,2.344447,PRT,JOR,847989
5643007,181,113,9220,2019,0.0,13569.0,0.05640800000000001,0.708102,PSE,JOR,847989
5643008,183,113,9220,2019,0.0,25245.0,-0.064127,-1.065046,QAT,JOR,847989
5643009,185,113,9220,2019,68859.0,0.0,1.044289,1.013691,ROU,JOR,847989
5643010,186,113,9220,2019,16568.0,0.0,0.329884,0.26215,RUS,JOR,847989
5643011,188,113,9220,2019,1067077.0,14638.0,0.787798,-0.41350600000000004,SAU,JOR,847989
5643012,192,113,9220,2019,157186.0,0.0,2.0264599999999997,0.665506,SGP,JOR,847989
5643013,206,113,9220,2019,8544.0,0.0,1.39311,0.743107,SVK,JOR,847989
5643014,207,113,9220,2019,178340.0,0.0,1.63711,0.803198,SVN,JOR,847989
5643015,208,113,9220,2019,220608.0,236909.0,1.781148,0.742037,SWE,JOR,847989
5643016,212,113,9220,2019,0.0,502069.0,-0.67825,0.385416,SYR,JOR,847989
5643017,216,113,9220,2019,233805.0,0.0,0.9744229999999999,1.401199,THA,JOR,847989
5643018,223,113,9220,2019,1360.0,177443.0,0.19601300000000002,1.159766,TUN,JOR,847989
5643019,224,113,9220,2019,898612.0,3891.0,0.569408,2.364546,TUR,JOR,847989
5643020,231,113,9220,2019,1698180.0,81571.0,1.606808,0.3232,USA,JOR,847989
5643021,239,113,9220,2019,38465.0,0.0,-0.048147,1.098784,VNM,JOR,847989
5643022,243,113,9220,2019,0.0,4886.0,-1.4367860000000001,-1.262101,YEM,JOR,847989
5643023,246,113,9220,2019,721.0,0.0,0.129921,1.101027,ZAF,JOR,847989
5643024,249,113,9220,2019,241854.0,0.0,2.123296,1.1786969999999999,TWN,JOR,847989
5643025,250,113,9220,2019,0.0,1203171.0,0.8996129999999999,-0.152746,ANS,JOR,847989
5643026,1,114,9220,2019,0.0,20444.0,-1.187576,-0.7731979999999999,AFG,JPN,847989
5643027,2,114,9220,2019,0.0,12547.0,-1.096127,-1.195434,AGO,JPN,847989
5643028,3,114,9220,2019,0.0,18345.0,0.9469639999999999,-0.526437,AIA,JPN,847989
5643029,7,114,9220,2019,31494.0,2792735.0,-0.165113,-0.8973540000000001,ARE,JPN,847989
5643030,8,114,9220,2019,149720.0,3401826.0,-0.136634,0.127073,ARG,JPN,847989
5643031,9,114,9220,2019,0.0,84136.0,-0.203986,-0.667607,ARM,JPN,847989
5643032,14,114,9220,2019,3061736.0,19983278.0,-0.294558,-0.180198,AUS,JPN,847989
5643033,15,114,9220,2019,6816238.0,9468210.0,1.743927,-0.076778,AUT,JPN,847989
5643034,16,114,9220,2019,0.0,1992.0,-1.005636,-1.2094209999999999,AZE,JPN,847989
5643035,18,114,9220,2019,2867748.0,5829602.0,1.2555969999999999,1.168642,BEL,JPN,847989
5643036,22,114,9220,2019,8446.0,5522242.0,-1.113148,-0.9513299999999999,BGD,JPN,847989
5643037,23,114,9220,2019,51104.0,880478.0,0.572997,1.863346,BGR,JPN,847989
5643038,24,114,9220,2019,0.0,38605.0,0.378349,-0.621468,BHR,JPN,847989
5643039,25,114,9220,2019,0.0,287784.0,-0.10707799999999999,-0.7419720000000001,BHS,JPN,847989
5643040,26,114,9220,2019,0.0,7828.0,0.6525,0.83988,BIH,JPN,847989
5643041,28,114,9220,2019,1079.0,58534.0,0.7849649999999999,0.8951600000000001,BLR,JPN,847989
5643042,29,114,9220,2019,0.0,392366.0,-0.484834,-0.638616,BLZ,JPN,847989
5643043,31,114,9220,2019,0.0,38819.0,-1.012748,-0.999245,BOL,JPN,847989
5643044,32,114,9220,2019,138205.0,49939964.0,0.076947,0.660604,BRA,JPN,847989
5643045,34,114,9220,2019,132734.0,34027.0,0.9608620000000001,-0.7012619999999999,BRN,JPN,847989
5643046,39,114,9220,2019,7251222.0,30611024.0,0.657292,1.187872,CAN,JPN,847989
5643047,41,114,9220,2019,27016440.0,6560244.0,2.1990849999999997,0.8394229999999999,CHE,JPN,847989
5643048,42,114,9220,2019,3993.0,624526.0,-0.34416199999999997,-0.432674,CHL,JPN,847989
5643049,43,114,9220,2019,232508208.0,6869255680.0,1.196265,1.2258870000000002,CHN,JPN,847989
5643050,44,114,9220,2019,0.0,6400.0,-0.9916719999999999,-0.960625,CIV,JPN,847989
5643051,46,114,9220,2019,0.0,19345.0,-1.2685879999999998,-1.148403,COD,JPN,847989
5643052,47,114,9220,2019,0.0,26916.0,-1.305193,-1.162808,COG,JPN,847989
5643053,49,114,9220,2019,0.0,1006861.0,0.099936,-0.15568800000000002,COL,JPN,847989
5643054,52,114,9220,2019,0.0,148045.0,0.38045,0.08960900000000001,CRI,JPN,847989
5643055,57,114,9220,2019,0.0,7264.0,0.27157800000000004,-0.901875,CYM,JPN,847989
5643056,58,114,9220,2019,0.0,28779.0,0.657782,0.209481,CYP,JPN,847989
5643057,59,114,9220,2019,4321990.0,29327684.0,1.797611,0.406708,CZE,JPN,847989
5643058,61,114,9220,2019,171507056.0,257826144.0,2.078626,-2.124816,DEU,JPN,847989
5643059,64,114,9220,2019,14892264.0,2248908.0,1.0768280000000001,1.2615610000000002,DNK,JPN,847989
5643060,65,114,9220,2019,0.0,56372.0,-0.20594,0.309785,DOM,JPN,847989
5643061,66,114,9220,2019,0.0,1005080.0,-1.008866,-1.215228,DZA,JPN,847989
5643062,67,114,9220,2019,0.0,452117.0,-1.12261,-1.094275,ECU,JPN,847989
5643063,68,114,9220,2019,0.0,4363626.0,-0.152353,1.5426309999999999,EGY,JPN,847989
5643064,71,114,9220,2019,294991.0,12170071.0,0.678454,3.007838,ESP,JPN,847989
5643065,72,114,9220,2019,0.0,30897.0,0.962284,1.346195,EST,JPN,847989
5643066,73,114,9220,2019,0.0,15074.0,-1.073631,-0.617885,ETH,JPN,847989
5643067,74,114,9220,2019,2636072.0,4620267.0,1.495278,1.034435,FIN,JPN,847989
5643068,75,114,9220,2019,0.0,1918.0,-0.274278,-0.049333,FJI,JPN,847989
5643069,77,114,9220,2019,12095658.0,52180312.0,1.380982,0.9510629999999999,FRA,JPN,847989
5643070,79,114,9220,2019,0.0,1907.0,-1.11436,-0.9806819999999999,FSM,JPN,847989
5643071,80,114,9220,2019,0.0,2210.0,-1.08556,-1.183434,GAB,JPN,847989
5643072,81,114,9220,2019,19344508.0,21250644.0,1.731106,0.717566,GBR,JPN,847989
5643073,82,114,9220,2019,0.0,80839.0,-0.057798,-0.206771,GEO,JPN,847989
5643074,83,114,9220,2019,0.0,24020.0,-0.9581,-0.8727879999999999,GHA,JPN,847989
5643075,85,114,9220,2019,0.0,118593.0,-1.366633,-1.196123,GIN,JPN,847989
5643076,90,114,9220,2019,26585.0,316989.0,0.08904400000000001,1.059396,GRC,JPN,847989
5643077,93,114,9220,2019,0.0,49251.0,-0.43447299999999994,0.658475,GTM,JPN,847989
5643078,95,114,9220,2019,0.0,21390.0,0.12159400000000001,-0.657729,GUM,JPN,847989
5643079,97,114,9220,2019,1068516.0,265390240.0,0.992556,1.523004,HKG,JPN,847989
5643080,99,114,9220,2019,0.0,69639.0,-0.6444439999999999,-0.203443,HND,JPN,847989
5643081,100,114,9220,2019,15257.0,127092.0,0.850527,1.280845,HRV,JPN,847989
5643082,102,114,9220,2019,325364.0,25517492.0,1.462102,0.809183,HUN,JPN,847989
5643083,103,114,9220,2019,12685613.0,107153384.0,-0.141811,1.385726,IDN,JPN,847989
5643084,104,114,9220,2019,3805100.0,251629392.0,0.43196,2.661139,IND,JPN,847989
5643085,106,114,9220,2019,260380.0,17291904.0,1.3812389999999999,-0.025366,IRL,JPN,847989
5643086,108,114,9220,2019,0.0,3380140.0,-1.593359,-0.9927860000000001,IRQ,JPN,847989
5643087,109,114,9220,2019,0.0,97785.0,0.378873,-0.162129,ISL,JPN,847989
5643088,110,114,9220,2019,1802560.0,19846894.0,1.488686,0.823376,ISR,JPN,847989
5643089,111,114,9220,2019,37055596.0,30279184.0,1.25898,0.926639,ITA,JPN,847989
5643090,112,114,9220,2019,0.0,18409.0,-0.18387799999999999,-0.710004,JAM,JPN,847989
5643091,113,114,9220,2019,0.0,59772.0,-0.003529,0.255816,JOR,JPN,847989
5643092,115,114,9220,2019,0.0,63695.0,-0.26529400000000003,-0.523479,KAZ,JPN,847989
5643093,116,114,9220,2019,0.0,222849.0,-0.406684,0.8588969999999999,KEN,JPN,847989
5643094,117,114,9220,2019,0.0,67001.0,-0.297072,0.306611,KGZ,JPN,847989
5643095,118,114,9220,2019,22265.0,4027282.0,-0.7499359999999999,-0.627125,KHM,JPN,847989
5643096,121,114,9220,2019,166574480.0,994188096.0,2.115482,0.696838,KOR,JPN,847989
5643097,122,114,9220,2019,1582.0,982400.0,0.081686,-1.087259,KWT,JPN,847989
5643098,123,114,9220,2019,0.0,532587.0,-0.8232889999999999,-0.7276590000000001,LAO,JPN,847989
5643099,124,114,9220,2019,0.0,42098.0,0.26155700000000004,1.062317,LBN,JPN,847989
5643100,125,114,9220,2019,0.0,67446.0,-1.288568,-1.172395,LBR,JPN,847989
5643101,128,114,9220,2019,19593.0,1576954.0,-0.592952,0.394811,LKA,JPN,847989
5643102,130,114,9220,2019,847714.0,3781107.0,0.858456,1.364581,LTU,JPN,847989
5643103,131,114,9220,2019,39911.0,158992768.0,1.234145,1.3754309999999998,LUX,JPN,847989
5643104,132,114,9220,2019,58372.0,356066.0,0.7804300000000001,1.159592,LVA,JPN,847989
5643105,133,114,9220,2019,18965.0,44441.0,0.397984,-0.061689,MAC,JPN,847989
5643106,134,114,9220,2019,56183.0,4971582.0,-0.747739,-0.154125,MAR,JPN,847989
5643107,135,114,9220,2019,0.0,17489.0,-0.333385,-0.35752,MDA,JPN,847989
5643108,136,114,9220,2019,0.0,51356.0,-1.267516,-0.733849,MDG,JPN,847989
5643109,137,114,9220,2019,0.0,3945.0,-0.37792800000000004,-0.8963059999999999,MDV,JPN,847989
5643110,138,114,9220,2019,630850.0,140069472.0,1.083041,0.569353,MEX,JPN,847989
5643111,139,114,9220,2019,0.0,605113.0,-0.592066,-0.900875,MHL,JPN,847989
5643112,140,114,9220,2019,302014.0,150519.0,0.050624,-0.11143299999999999,MKD,JPN,847989
5643113,141,114,9220,2019,0.0,1770.0,-0.381732,-0.606313,MLI,JPN,847989
5643114,142,114,9220,2019,22597.0,3023113.0,0.893992,0.25255500000000003,MLT,JPN,847989
5643115,143,114,9220,2019,5478.0,4077678.0,-1.196733,-0.435766,MMR,JPN,847989
5643116,144,114,9220,2019,0.0,51496.0,0.40415100000000004,0.068967,MNE,JPN,847989
5643117,145,114,9220,2019,0.0,190358.0,-1.1612049999999998,-1.1615739999999999,MNG,JPN,847989
5643118,147,114,9220,2019,0.0,29292.0,-1.264532,-1.072626,MOZ,JPN,847989
5643119,151,114,9220,2019,0.0,29145.0,-0.15909600000000002,0.034770999999999996,MUS,JPN,847989
5643120,153,114,9220,2019,20117454.0,205983648.0,1.192967,0.730971,MYS,JPN,847989
5643121,155,114,9220,2019,0.0,50616.0,-0.545575,-0.744274,NAM,JPN,847989
5643122,156,114,9220,2019,0.0,4421.0,-0.342544,-0.867944,NCL,JPN,847989
5643123,159,114,9220,2019,0.0,42548.0,-1.7383970000000002,-1.220333,NGA,JPN,847989
5643124,160,114,9220,2019,0.0,1041.0,-1.058553,-0.854482,NIC,JPN,847989
5643125,162,114,9220,2019,11725078.0,48260584.0,1.145044,1.3523530000000001,NLD,JPN,847989
5643126,163,114,9220,2019,328941.0,1068809.0,0.6957300000000001,0.181607,NOR,JPN,847989
5643127,164,114,9220,2019,0.0,28574.0,-0.23868000000000003,0.42732299999999995,NPL,JPN,847989
5643128,166,114,9220,2019,2454768.0,4777391.0,0.119281,0.039036,NZL,JPN,847989
5643129,167,114,9220,2019,0.0,3011736.0,-0.40120100000000003,-0.881602,OMN,JPN,847989
5643130,168,114,9220,2019,11319.0,7649572.0,-0.6909270000000001,0.8651120000000001,PAK,JPN,847989
5643131,169,114,9220,2019,0.0,3512969.0,0.00926,-0.308483,PAN,JPN,847989
5643132,173,114,9220,2019,17508.0,252458.0,-0.76944,-0.216619,PER,JPN,847989
5643133,174,114,9220,2019,5617070.0,132474960.0,0.762884,0.3318,PHL,JPN,847989
5643134,175,114,9220,2019,0.0,95203.0,0.03565,-0.8227690000000001,PLW,JPN,847989
5643135,176,114,9220,2019,0.0,17336.0,-1.654143,-1.249707,PNG,JPN,847989
5643136,177,114,9220,2019,2651025.0,52775300.0,1.088347,1.275875,POL,JPN,847989
5643137,179,114,9220,2019,790199.0,3845150.0,0.545467,2.344447,PRT,JPN,847989
5643138,180,114,9220,2019,0.0,908665.0,-0.500999,-0.8635219999999999,PRY,JPN,847989
5643139,181,114,9220,2019,0.0,3445.0,0.05640800000000001,0.708102,PSE,JPN,847989
5643140,182,114,9220,2019,0.0,44677.0,0.30119,-0.39213000000000003,PYF,JPN,847989
5643141,183,114,9220,2019,0.0,644415.0,-0.064127,-1.065046,QAT,JPN,847989
5643142,185,114,9220,2019,220133.0,6624356.0,1.044289,1.013691,ROU,JPN,847989
5643143,186,114,9220,2019,186723.0,15651008.0,0.329884,0.26215,RUS,JPN,847989
5643144,187,114,9220,2019,0.0,787.0,-0.812602,-0.737603,RWA,JPN,847989
5643145,188,114,9220,2019,15135.0,7724573.0,0.787798,-0.41350600000000004,SAU,JPN,847989
5643146,192,114,9220,2019,216565920.0,223198672.0,2.0264599999999997,0.665506,SGP,JPN,847989
5643147,197,114,9220,2019,0.0,289564.0,0.014037,0.23216599999999998,SLV,JPN,847989
5643148,201,114,9220,2019,15371.0,300752.0,0.543913,1.210102,SRB,JPN,847989
5643149,206,114,9220,2019,2803822.0,2486460.0,1.39311,0.743107,SVK,JPN,847989
5643150,207,114,9220,2019,871749.0,4202106.0,1.63711,0.803198,SVN,JPN,847989
5643151,208,114,9220,2019,53181004.0,25209480.0,1.781148,0.742037,SWE,JPN,847989
5643152,209,114,9220,2019,0.0,297929.0,0.087181,-0.760434,SWZ,JPN,847989
5643153,211,114,9220,2019,0.0,1500.0,0.024113,-0.711363,SYC,JPN,847989
5643154,212,114,9220,2019,0.0,22555.0,-0.67825,0.385416,SYR,JPN,847989
5643155,216,114,9220,2019,18578820.0,331319616.0,0.9744229999999999,1.401199,THA,JPN,847989
5643156,217,114,9220,2019,0.0,2554.0,-0.7940020000000001,-1.075605,TJK,JPN,847989
5643157,220,114,9220,2019,0.0,2228.0,-1.173671,-1.002383,TLS,JPN,847989
5643158,221,114,9220,2019,0.0,37708.0,-0.057787,-0.671035,TON,JPN,847989
5643159,223,114,9220,2019,0.0,1198438.0,0.19601300000000002,1.159766,TUN,JPN,847989
5643160,224,114,9220,2019,48448.0,16748464.0,0.569408,2.364546,TUR,JPN,847989
5643161,226,114,9220,2019,0.0,7910.0,-0.907172,0.37293899999999996,TZA,JPN,847989
5643162,227,114,9220,2019,54048.0,11462.0,-0.639476,0.148255,UGA,JPN,847989
5643163,228,114,9220,2019,40395.0,28933.0,0.303802,0.5650270000000001,UKR,JPN,847989
5643164,230,114,9220,2019,0.0,39160.0,-0.077549,-0.473943,URY,JPN,847989
5643165,231,114,9220,2019,119892112.0,898253184.0,1.606808,0.3232,USA,JPN,847989
5643166,232,114,9220,2019,16994.0,216623.0,-0.5856060000000001,-0.311248,UZB,JPN,847989
5643167,239,114,9220,2019,24313564.0,242077424.0,-0.048147,1.098784,VNM,JPN,847989
5643168,242,114,9220,2019,0.0,2833.0,0.22290700000000002,-0.164178,WSM,JPN,847989
5643169,246,114,9220,2019,0.0,12826874.0,0.129921,1.101027,ZAF,JPN,847989
5643170,247,114,9220,2019,0.0,229181.0,-0.629261,-0.8471489999999999,ZMB,JPN,847989
5643171,249,114,9220,2019,107016168.0,1075790720.0,2.123296,1.1786969999999999,TWN,JPN,847989
5643172,250,114,9220,2019,2428.0,2173.0,0.8996129999999999,-0.152746,ANS,JPN,847989
5643173,2,121,9220,2019,0.0,5349.0,-1.096127,-1.195434,AGO,KOR,847989
5643174,4,121,9220,2019,0.0,86228.0,-0.459614,-0.019257,ALB,KOR,847989
5643175,7,121,9220,2019,198246.0,5587710.0,-0.165113,-0.8973540000000001,ARE,KOR,847989
5643176,8,121,9220,2019,15580.0,7937770.0,-0.136634,0.127073,ARG,KOR,847989
5643177,9,121,9220,2019,0.0,3156.0,-0.203986,-0.667607,ARM,KOR,847989
5643178,14,121,9220,2019,1943426.0,6201380.0,-0.294558,-0.180198,AUS,KOR,847989
5643179,15,121,9220,2019,6433271.0,2796061.0,1.743927,-0.076778,AUT,KOR,847989
5643180,16,121,9220,2019,0.0,4099.0,-1.005636,-1.2094209999999999,AZE,KOR,847989
5643181,18,121,9220,2019,5068554.0,5746961.0,1.2555969999999999,1.168642,BEL,KOR,847989
5643182,22,121,9220,2019,0.0,18169924.0,-1.113148,-0.9513299999999999,BGD,KOR,847989
5643183,23,121,9220,2019,0.0,328139.0,0.572997,1.863346,BGR,KOR,847989
5643184,24,121,9220,2019,0.0,387993.0,0.378349,-0.621468,BHR,KOR,847989
5643185,26,121,9220,2019,0.0,31809.0,0.6525,0.83988,BIH,KOR,847989
5643186,28,121,9220,2019,55814.0,53180.0,0.7849649999999999,0.8951600000000001,BLR,KOR,847989
5643187,31,121,9220,2019,0.0,5742.0,-1.012748,-0.999245,BOL,KOR,847989
5643188,32,121,9220,2019,43289.0,29655042.0,0.076947,0.660604,BRA,KOR,847989
5643189,34,121,9220,2019,0.0,14408.0,0.9608620000000001,-0.7012619999999999,BRN,KOR,847989
5643190,37,121,9220,2019,1835.0,0.0,-0.492807,-1.152651,BWA,KOR,847989
5643191,39,121,9220,2019,2587444.0,10573146.0,0.657292,1.187872,CAN,KOR,847989
5643192,41,121,9220,2019,22738182.0,1436792.0,2.1990849999999997,0.8394229999999999,CHE,KOR,847989
5643193,42,121,9220,2019,0.0,1718539.0,-0.34416199999999997,-0.432674,CHL,KOR,847989
5643194,43,121,9220,2019,215540608.0,4979620864.0,1.196265,1.2258870000000002,CHN,KOR,847989
5643195,44,121,9220,2019,0.0,11810.0,-0.9916719999999999,-0.960625,CIV,KOR,847989
5643196,46,121,9220,2019,0.0,8936.0,-1.2685879999999998,-1.148403,COD,KOR,847989
5643197,49,121,9220,2019,0.0,6961864.0,0.099936,-0.15568800000000002,COL,KOR,847989
5643198,52,121,9220,2019,0.0,2884.0,0.38045,0.08960900000000001,CRI,KOR,847989
5643199,59,121,9220,2019,1933267.0,37012788.0,1.797611,0.406708,CZE,KOR,847989
5643200,61,121,9220,2019,261050544.0,123818928.0,2.078626,-2.124816,DEU,KOR,847989
5643201,62,121,9220,2019,0.0,4005.0,-0.602334,-0.794205,DJI,KOR,847989
5643202,64,121,9220,2019,9018021.0,775782.0,1.0768280000000001,1.2615610000000002,DNK,KOR,847989
5643203,65,121,9220,2019,0.0,359682.0,-0.20594,0.309785,DOM,KOR,847989
5643204,66,121,9220,2019,0.0,18017434.0,-1.008866,-1.215228,DZA,KOR,847989
5643205,67,121,9220,2019,0.0,329009.0,-1.12261,-1.094275,ECU,KOR,847989
5643206,68,121,9220,2019,21955.0,4702208.0,-0.152353,1.5426309999999999,EGY,KOR,847989
5643207,71,121,9220,2019,1615769.0,7098371.0,0.678454,3.007838,ESP,KOR,847989
5643208,72,121,9220,2019,34544.0,286490.0,0.962284,1.346195,EST,KOR,847989
5643209,73,121,9220,2019,0.0,220081.0,-1.073631,-0.617885,ETH,KOR,847989
5643210,74,121,9220,2019,9848142.0,1409270.0,1.495278,1.034435,FIN,KOR,847989
5643211,75,121,9220,2019,0.0,9147.0,-0.274278,-0.049333,FJI,KOR,847989
5643212,77,121,9220,2019,10338738.0,11060530.0,1.380982,0.9510629999999999,FRA,KOR,847989
5643213,81,121,9220,2019,34586124.0,7953256.0,1.731106,0.717566,GBR,KOR,847989
5643214,82,121,9220,2019,45969.0,7680.0,-0.057798,-0.206771,GEO,KOR,847989
5643215,83,121,9220,2019,0.0,203233.0,-0.9581,-0.8727879999999999,GHA,KOR,847989
5643216,85,121,9220,2019,0.0,25223.0,-1.366633,-1.196123,GIN,KOR,847989
5643217,90,121,9220,2019,1132046.0,259649.0,0.08904400000000001,1.059396,GRC,KOR,847989
5643218,93,121,9220,2019,1170.0,30038.0,-0.43447299999999994,0.658475,GTM,KOR,847989
5643219,95,121,9220,2019,1378.0,1043.0,0.12159400000000001,-0.657729,GUM,KOR,847989
5643220,97,121,9220,2019,4286705.0,121241784.0,0.992556,1.523004,HKG,KOR,847989
5643221,99,121,9220,2019,0.0,2298149.0,-0.6444439999999999,-0.203443,HND,KOR,847989
5643222,100,121,9220,2019,54446.0,2996058.0,0.850527,1.280845,HRV,KOR,847989
5643223,101,121,9220,2019,0.0,15983.0,-1.120295,-0.967447,HTI,KOR,847989
5643224,102,121,9220,2019,9884941.0,233845968.0,1.462102,0.809183,HUN,KOR,847989
5643225,103,121,9220,2019,368229.0,29403642.0,-0.141811,1.385726,IDN,KOR,847989
5643226,104,121,9220,2019,4029994.0,191087104.0,0.43196,2.661139,IND,KOR,847989
5643227,106,121,9220,2019,141362.0,426608.0,1.3812389999999999,-0.025366,IRL,KOR,847989
5643228,107,121,9220,2019,1176.0,1962908.0,-0.386813,-0.467873,IRN,KOR,847989
5643229,108,121,9220,2019,602237.0,4961992.0,-1.593359,-0.9927860000000001,IRQ,KOR,847989
5643230,109,121,9220,2019,0.0,3020.0,0.378873,-0.162129,ISL,KOR,847989
5643231,110,121,9220,2019,7382822.0,2760008.0,1.488686,0.823376,ISR,KOR,847989
5643232,111,121,9220,2019,33915816.0,5636334.0,1.25898,0.926639,ITA,KOR,847989
5643233,112,121,9220,2019,0.0,9481.0,-0.18387799999999999,-0.710004,JAM,KOR,847989
5643234,113,121,9220,2019,0.0,707667.0,-0.003529,0.255816,JOR,KOR,847989
5643235,114,121,9220,2019,994188096.0,166574480.0,2.4931509999999997,-0.558811,JPN,KOR,847989
5643236,115,121,9220,2019,0.0,4990446.0,-0.26529400000000003,-0.523479,KAZ,KOR,847989
5643237,116,121,9220,2019,0.0,221958.0,-0.406684,0.8588969999999999,KEN,KOR,847989
5643238,117,121,9220,2019,0.0,8373.0,-0.297072,0.306611,KGZ,KOR,847989
5643239,118,121,9220,2019,0.0,1346533.0,-0.7499359999999999,-0.627125,KHM,KOR,847989
5643240,122,121,9220,2019,12089.0,626981.0,0.081686,-1.087259,KWT,KOR,847989
5643241,123,121,9220,2019,0.0,115175.0,-0.8232889999999999,-0.7276590000000001,LAO,KOR,847989
5643242,124,121,9220,2019,0.0,42759.0,0.26155700000000004,1.062317,LBN,KOR,847989
5643243,126,121,9220,2019,0.0,20641.0,-1.552842,-1.2316690000000001,LBY,KOR,847989
5643244,128,121,9220,2019,0.0,1618544.0,-0.592952,0.394811,LKA,KOR,847989
5643245,130,121,9220,2019,40079.0,2428281.0,0.858456,1.364581,LTU,KOR,847989
5643246,131,121,9220,2019,2063.0,12433.0,1.234145,1.3754309999999998,LUX,KOR,847989
5643247,132,121,9220,2019,0.0,35952.0,0.7804300000000001,1.159592,LVA,KOR,847989
5643248,133,121,9220,2019,0.0,35558.0,0.397984,-0.061689,MAC,KOR,847989
5643249,134,121,9220,2019,0.0,5820879.0,-0.747739,-0.154125,MAR,KOR,847989
5643250,135,121,9220,2019,0.0,3775.0,-0.333385,-0.35752,MDA,KOR,847989
5643251,136,121,9220,2019,0.0,11255.0,-1.267516,-0.733849,MDG,KOR,847989
5643252,137,121,9220,2019,0.0,30374.0,-0.37792800000000004,-0.8963059999999999,MDV,KOR,847989
5643253,138,121,9220,2019,614909.0,52178984.0,1.083041,0.569353,MEX,KOR,847989
5643254,139,121,9220,2019,0.0,3366.0,-0.592066,-0.900875,MHL,KOR,847989
5643255,140,121,9220,2019,0.0,300529.0,0.050624,-0.11143299999999999,MKD,KOR,847989
5643256,142,121,9220,2019,14113.0,1561782.0,0.893992,0.25255500000000003,MLT,KOR,847989
5643257,143,121,9220,2019,35440.0,1723570.0,-1.196733,-0.435766,MMR,KOR,847989
5643258,144,121,9220,2019,0.0,5237.0,0.40415100000000004,0.068967,MNE,KOR,847989
5643259,145,121,9220,2019,0.0,477729.0,-1.1612049999999998,-1.1615739999999999,MNG,KOR,847989
5643260,146,121,9220,2019,6844.0,1052.0,0.9892219999999999,-0.5955520000000001,MNP,KOR,847989
5643261,147,121,9220,2019,0.0,5166.0,-1.264532,-1.072626,MOZ,KOR,847989
5643262,151,121,9220,2019,0.0,18479.0,-0.15909600000000002,0.034770999999999996,MUS,KOR,847989
5643263,153,121,9220,2019,26696148.0,46983480.0,1.192967,0.730971,MYS,KOR,847989
5643264,156,121,9220,2019,0.0,146654.0,-0.342544,-0.867944,NCL,KOR,847989
5643265,159,121,9220,2019,0.0,2784502.0,-1.7383970000000002,-1.220333,NGA,KOR,847989
5643266,160,121,9220,2019,0.0,61780.0,-1.058553,-0.854482,NIC,KOR,847989
5643267,161,121,9220,2019,22268.0,0.0,1.3109819999999999,-0.730798,NIU,KOR,847989
5643268,162,121,9220,2019,25344598.0,23026578.0,1.145044,1.3523530000000001,NLD,KOR,847989
5643269,163,121,9220,2019,28046614.0,223929.0,0.6957300000000001,0.181607,NOR,KOR,847989
5643270,164,121,9220,2019,0.0,77489.0,-0.23868000000000003,0.42732299999999995,NPL,KOR,847989
5643271,166,121,9220,2019,31708.0,2372022.0,0.119281,0.039036,NZL,KOR,847989
5643272,167,121,9220,2019,3956.0,2676195.0,-0.40120100000000003,-0.881602,OMN,KOR,847989
5643273,168,121,9220,2019,0.0,2966046.0,-0.6909270000000001,0.8651120000000001,PAK,KOR,847989
5643274,169,121,9220,2019,0.0,125359.0,0.00926,-0.308483,PAN,KOR,847989
5643275,173,121,9220,2019,0.0,1474256.0,-0.76944,-0.216619,PER,KOR,847989
5643276,174,121,9220,2019,2465112.0,27237188.0,0.762884,0.3318,PHL,KOR,847989
5643277,177,121,9220,2019,2181874.0,581129600.0,1.088347,1.275875,POL,KOR,847989
5643278,179,121,9220,2019,464435.0,839954.0,0.545467,2.344447,PRT,KOR,847989
5643279,180,121,9220,2019,0.0,1197029.0,-0.500999,-0.8635219999999999,PRY,KOR,847989
5643280,182,121,9220,2019,0.0,688.0,0.30119,-0.39213000000000003,PYF,KOR,847989
5643281,183,121,9220,2019,19075.0,1759207.0,-0.064127,-1.065046,QAT,KOR,847989
5643282,185,121,9220,2019,2244186.0,4027978.0,1.044289,1.013691,ROU,KOR,847989
5643283,186,121,9220,2019,1373387.0,41571156.0,0.329884,0.26215,RUS,KOR,847989
5643284,187,121,9220,2019,0.0,52353.0,-0.812602,-0.737603,RWA,KOR,847989
5643285,188,121,9220,2019,75666.0,9745077.0,0.787798,-0.41350600000000004,SAU,KOR,847989
5643286,190,121,9220,2019,0.0,130271.0,-1.25579,-1.208796,SDN,KOR,847989
5643287,191,121,9220,2019,0.0,27949.0,-0.721992,-0.385479,SEN,KOR,847989
5643288,192,121,9220,2019,323365664.0,96665472.0,2.0264599999999997,0.665506,SGP,KOR,847989
5643289,195,121,9220,2019,0.0,17065.0,-1.650959,-1.013001,SLB,KOR,847989
5643290,197,121,9220,2019,0.0,94539.0,0.014037,0.23216599999999998,SLV,KOR,847989
5643291,201,121,9220,2019,0.0,1687822.0,0.543913,1.210102,SRB,KOR,847989
5643292,206,121,9220,2019,4003351.0,11091847.0,1.39311,0.743107,SVK,KOR,847989
5643293,207,121,9220,2019,1105930.0,12486592.0,1.63711,0.803198,SVN,KOR,847989
5643294,208,121,9220,2019,23455862.0,11196061.0,1.781148,0.742037,SWE,KOR,847989
5643295,209,121,9220,2019,0.0,2044.0,0.087181,-0.760434,SWZ,KOR,847989
5643296,212,121,9220,2019,0.0,962861.0,-0.67825,0.385416,SYR,KOR,847989
5643297,215,121,9220,2019,0.0,31751.0,-0.823204,-0.819535,TGO,KOR,847989
5643298,216,121,9220,2019,2105425.0,37476116.0,0.9744229999999999,1.401199,THA,KOR,847989
5643299,219,121,9220,2019,0.0,154141.0,-0.9725950000000001,-1.16562,TKM,KOR,847989
5643300,222,121,9220,2019,0.0,18113.0,0.1861,-0.874604,TTO,KOR,847989
5643301,223,121,9220,2019,79352.0,317435.0,0.19601300000000002,1.159766,TUN,KOR,847989
5643302,224,121,9220,2019,995861.0,18090408.0,0.569408,2.364546,TUR,KOR,847989
5643303,226,121,9220,2019,0.0,99674.0,-0.907172,0.37293899999999996,TZA,KOR,847989
5643304,227,121,9220,2019,14591.0,39290.0,-0.639476,0.148255,UGA,KOR,847989
5643305,228,121,9220,2019,152265.0,504626.0,0.303802,0.5650270000000001,UKR,KOR,847989
5643306,230,121,9220,2019,0.0,27642.0,-0.077549,-0.473943,URY,KOR,847989
5643307,231,121,9220,2019,168283888.0,287591456.0,1.606808,0.3232,USA,KOR,847989
5643308,232,121,9220,2019,0.0,6413860.0,-0.5856060000000001,-0.311248,UZB,KOR,847989
5643309,239,121,9220,2019,18595642.0,807616320.0,-0.048147,1.098784,VNM,KOR,847989
5643310,243,121,9220,2019,0.0,30773.0,-1.4367860000000001,-1.262101,YEM,KOR,847989
5643311,246,121,9220,2019,490718.0,1896853.0,0.129921,1.101027,ZAF,KOR,847989
5643312,247,121,9220,2019,0.0,39617.0,-0.629261,-0.8471489999999999,ZMB,KOR,847989
5643313,249,121,9220,2019,84272720.0,136383824.0,2.123296,1.1786969999999999,TWN,KOR,847989
5643314,250,121,9220,2019,0.0,131577.0,0.8996129999999999,-0.152746,ANS,KOR,847989
5643315,2,122,9220,2019,0.0,3351.0,-1.096127,-1.195434,AGO,KWT,847989
5643316,7,122,9220,2019,6371782.0,37382.0,-0.165113,-0.8973540000000001,ARE,KWT,847989
5643317,14,122,9220,2019,29073.0,205719.0,-0.294558,-0.180198,AUS,KWT,847989
5643318,15,122,9220,2019,153996.0,15341.0,1.743927,-0.076778,AUT,KWT,847989
5643319,16,122,9220,2019,8309.0,0.0,-1.005636,-1.2094209999999999,AZE,KWT,847989
5643320,18,122,9220,2019,181160.0,0.0,1.2555969999999999,1.168642,BEL,KWT,847989
5643321,24,122,9220,2019,176274.0,20023.0,0.378349,-0.621468,BHR,KWT,847989
5643322,28,122,9220,2019,2524.0,0.0,0.7849649999999999,0.8951600000000001,BLR,KWT,847989
5643323,32,122,9220,2019,26480.0,0.0,0.076947,0.660604,BRA,KWT,847989
5643324,34,122,9220,2019,100602.0,0.0,0.9608620000000001,-0.7012619999999999,BRN,KWT,847989
5643325,39,122,9220,2019,887405.0,0.0,0.657292,1.187872,CAN,KWT,847989
5643326,41,122,9220,2019,165927.0,0.0,2.1990849999999997,0.8394229999999999,CHE,KWT,847989
5643327,43,122,9220,2019,11266845.0,157788.0,1.196265,1.2258870000000002,CHN,KWT,847989
5643328,47,122,9220,2019,2097.0,642.0,-1.305193,-1.162808,COG,KWT,847989
5643329,49,122,9220,2019,11171.0,52689.0,0.099936,-0.15568800000000002,COL,KWT,847989
5643330,59,122,9220,2019,142611.0,0.0,1.797611,0.406708,CZE,KWT,847989
5643331,61,122,9220,2019,6475589.0,12846.0,2.078626,-2.124816,DEU,KWT,847989
5643332,64,122,9220,2019,860206.0,20667.0,1.0768280000000001,1.2615610000000002,DNK,KWT,847989
5643333,66,122,9220,2019,0.0,34042.0,-1.008866,-1.215228,DZA,KWT,847989
5643334,67,122,9220,2019,5326.0,0.0,-1.12261,-1.094275,ECU,KWT,847989
5643335,68,122,9220,2019,7657.0,73165.0,-0.152353,1.5426309999999999,EGY,KWT,847989
5643336,71,122,9220,2019,2155584.0,0.0,0.678454,3.007838,ESP,KWT,847989
5643337,74,122,9220,2019,899.0,0.0,1.495278,1.034435,FIN,KWT,847989
5643338,77,122,9220,2019,9044410.0,0.0,1.380982,0.9510629999999999,FRA,KWT,847989
5643339,81,122,9220,2019,1360687.0,4328.0,1.731106,0.717566,GBR,KWT,847989
5643340,97,122,9220,2019,13879.0,0.0,0.992556,1.523004,HKG,KWT,847989
5643341,100,122,9220,2019,262003.0,0.0,0.850527,1.280845,HRV,KWT,847989
5643342,102,122,9220,2019,34680.0,0.0,1.462102,0.809183,HUN,KWT,847989
5643343,103,122,9220,2019,3775472.0,0.0,-0.141811,1.385726,IDN,KWT,847989
5643344,104,122,9220,2019,6423540.0,200317.0,0.43196,2.661139,IND,KWT,847989
5643345,106,122,9220,2019,82876.0,0.0,1.3812389999999999,-0.025366,IRL,KWT,847989
5643346,107,122,9220,2019,172232.0,188146.0,-0.386813,-0.467873,IRN,KWT,847989
5643347,108,122,9220,2019,0.0,34106.0,-1.593359,-0.9927860000000001,IRQ,KWT,847989
5643348,111,122,9220,2019,5630059.0,6948.0,1.25898,0.926639,ITA,KWT,847989
5643349,113,122,9220,2019,8196.0,94049.0,-0.003529,0.255816,JOR,KWT,847989
5643350,114,122,9220,2019,982400.0,1582.0,2.4931509999999997,-0.558811,JPN,KWT,847989
5643351,115,122,9220,2019,1392.0,17011.0,-0.26529400000000003,-0.523479,KAZ,KWT,847989
5643352,121,122,9220,2019,626981.0,12089.0,2.115482,0.696838,KOR,KWT,847989
5643353,124,122,9220,2019,9532.0,0.0,0.26155700000000004,1.062317,LBN,KWT,847989
5643354,130,122,9220,2019,1181.0,0.0,0.858456,1.364581,LTU,KWT,847989
5643355,138,122,9220,2019,93074.0,0.0,1.083041,0.569353,MEX,KWT,847989
5643356,153,122,9220,2019,666053.0,12471.0,1.192967,0.730971,MYS,KWT,847989
5643357,157,122,9220,2019,0.0,46639.0,-0.345047,-0.792769,NER,KWT,847989
5643358,159,122,9220,2019,0.0,3169.0,-1.7383970000000002,-1.220333,NGA,KWT,847989
5643359,162,122,9220,2019,5073418.0,76144.0,1.145044,1.3523530000000001,NLD,KWT,847989
5643360,163,122,9220,2019,0.0,976.0,0.6957300000000001,0.181607,NOR,KWT,847989
5643361,167,122,9220,2019,0.0,36009.0,-0.40120100000000003,-0.881602,OMN,KWT,847989
5643362,168,122,9220,2019,63590.0,72220.0,-0.6909270000000001,0.8651120000000001,PAK,KWT,847989
5643363,174,122,9220,2019,1230.0,0.0,0.762884,0.3318,PHL,KWT,847989
5643364,177,122,9220,2019,101066.0,0.0,1.088347,1.275875,POL,KWT,847989
5643365,179,122,9220,2019,95660.0,0.0,0.545467,2.344447,PRT,KWT,847989
5643366,183,122,9220,2019,0.0,101752.0,-0.064127,-1.065046,QAT,KWT,847989
5643367,185,122,9220,2019,18850.0,61212.0,1.044289,1.013691,ROU,KWT,847989
5643368,186,122,9220,2019,77485.0,96595.0,0.329884,0.26215,RUS,KWT,847989
5643369,188,122,9220,2019,11219.0,47671.0,0.787798,-0.41350600000000004,SAU,KWT,847989
5643370,192,122,9220,2019,17805202.0,106042.0,2.0264599999999997,0.665506,SGP,KWT,847989
5643371,206,122,9220,2019,102411.0,0.0,1.39311,0.743107,SVK,KWT,847989
5643372,207,122,9220,2019,24959.0,2156.0,1.63711,0.803198,SVN,KWT,847989
5643373,208,122,9220,2019,1552472.0,0.0,1.781148,0.742037,SWE,KWT,847989
5643374,216,122,9220,2019,556459.0,3791.0,0.9744229999999999,1.401199,THA,KWT,847989
5643375,223,122,9220,2019,19955.0,0.0,0.19601300000000002,1.159766,TUN,KWT,847989
5643376,224,122,9220,2019,3043800.0,0.0,0.569408,2.364546,TUR,KWT,847989
5643377,228,122,9220,2019,55197.0,0.0,0.303802,0.5650270000000001,UKR,KWT,847989
5643378,231,122,9220,2019,13389069.0,507779.0,1.606808,0.3232,USA,KWT,847989
5643379,236,122,9220,2019,0.0,11994.0,-1.318175,-1.2506110000000001,VEN,KWT,847989
5643380,239,122,9220,2019,247990.0,0.0,-0.048147,1.098784,VNM,KWT,847989
5643381,246,122,9220,2019,6940.0,0.0,0.129921,1.101027,ZAF,KWT,847989
5643382,249,122,9220,2019,22254.0,0.0,2.123296,1.1786969999999999,TWN,KWT,847989
5643383,2,124,9220,2019,0.0,14484.0,-1.096127,-1.195434,AGO,LBN,847989
5643384,7,124,9220,2019,894107.0,19069.0,-0.165113,-0.8973540000000001,ARE,LBN,847989
5643385,9,124,9220,2019,0.0,7046.0,-0.203986,-0.667607,ARM,LBN,847989
5643386,14,124,9220,2019,17198.0,27890.0,-0.294558,-0.180198,AUS,LBN,847989
5643387,15,124,9220,2019,73421.0,0.0,1.743927,-0.076778,AUT,LBN,847989
5643388,18,124,9220,2019,574225.0,0.0,1.2555969999999999,1.168642,BEL,LBN,847989
5643389,21,124,9220,2019,0.0,10822.0,-0.805181,-0.941847,BFA,LBN,847989
5643390,23,124,9220,2019,3030.0,0.0,0.572997,1.863346,BGR,LBN,847989
5643391,32,124,9220,2019,2562.0,0.0,0.076947,0.660604,BRA,LBN,847989
5643392,38,124,9220,2019,0.0,1161.0,-0.027091000000000004,-0.7267899999999999,CAF,LBN,847989
5643393,39,124,9220,2019,3348.0,5809.0,0.657292,1.187872,CAN,LBN,847989
5643394,41,124,9220,2019,126626.0,0.0,2.1990849999999997,0.8394229999999999,CHE,LBN,847989
5643395,42,124,9220,2019,0.0,6520.0,-0.34416199999999997,-0.432674,CHL,LBN,847989
5643396,43,124,9220,2019,2802267.0,15019.0,1.196265,1.2258870000000002,CHN,LBN,847989
5643397,44,124,9220,2019,0.0,75207.0,-0.9916719999999999,-0.960625,CIV,LBN,847989
5643398,46,124,9220,2019,0.0,4680.0,-1.2685879999999998,-1.148403,COD,LBN,847989
5643399,47,124,9220,2019,0.0,11890.0,-1.305193,-1.162808,COG,LBN,847989
5643400,58,124,9220,2019,1291.0,10017.0,0.657782,0.209481,CYP,LBN,847989
5643401,59,124,9220,2019,98995.0,0.0,1.797611,0.406708,CZE,LBN,847989
5643402,61,124,9220,2019,4712942.0,1391.0,2.078626,-2.124816,DEU,LBN,847989
5643403,64,124,9220,2019,42058.0,0.0,1.0768280000000001,1.2615610000000002,DNK,LBN,847989
5643404,68,124,9220,2019,581728.0,11666.0,-0.152353,1.5426309999999999,EGY,LBN,847989
5643405,71,124,9220,2019,219109.0,0.0,0.678454,3.007838,ESP,LBN,847989
5643406,72,124,9220,2019,110749.0,0.0,0.962284,1.346195,EST,LBN,847989
5643407,74,124,9220,2019,4241.0,0.0,1.495278,1.034435,FIN,LBN,847989
5643408,77,124,9220,2019,654846.0,0.0,1.380982,0.9510629999999999,FRA,LBN,847989
5643409,80,124,9220,2019,0.0,2194.0,-1.08556,-1.183434,GAB,LBN,847989
5643410,81,124,9220,2019,167299.0,1795.0,1.731106,0.717566,GBR,LBN,847989
5643411,83,124,9220,2019,0.0,32429.0,-0.9581,-0.8727879999999999,GHA,LBN,847989
5643412,85,124,9220,2019,0.0,3264.0,-1.366633,-1.196123,GIN,LBN,847989
5643413,90,124,9220,2019,8661.0,0.0,0.08904400000000001,1.059396,GRC,LBN,847989
5643414,97,124,9220,2019,465.0,0.0,0.992556,1.523004,HKG,LBN,847989
5643415,102,124,9220,2019,36451.0,1779.0,1.462102,0.809183,HUN,LBN,847989
5643416,103,124,9220,2019,6196.0,0.0,-0.141811,1.385726,IDN,LBN,847989
5643417,104,124,9220,2019,1237854.0,12602.0,0.43196,2.661139,IND,LBN,847989
5643418,107,124,9220,2019,2389.0,40043.0,-0.386813,-0.467873,IRN,LBN,847989
5643419,111,124,9220,2019,13728736.0,0.0,1.25898,0.926639,ITA,LBN,847989
5643420,113,124,9220,2019,43868.0,18456.0,-0.003529,0.255816,JOR,LBN,847989
5643421,114,124,9220,2019,42098.0,0.0,2.4931509999999997,-0.558811,JPN,LBN,847989
5643422,121,124,9220,2019,42759.0,0.0,2.115482,0.696838,KOR,LBN,847989
5643423,122,124,9220,2019,0.0,9532.0,0.081686,-1.087259,KWT,LBN,847989
5643424,125,124,9220,2019,0.0,20372.0,-1.288568,-1.172395,LBR,LBN,847989
5643425,132,124,9220,2019,1781.0,0.0,0.7804300000000001,1.159592,LVA,LBN,847989
5643426,141,124,9220,2019,0.0,21886.0,-0.381732,-0.606313,MLI,LBN,847989
5643427,142,124,9220,2019,24574.0,0.0,0.893992,0.25255500000000003,MLT,LBN,847989
5643428,147,124,9220,2019,0.0,2657.0,-1.264532,-1.072626,MOZ,LBN,847989
5643429,152,124,9220,2019,0.0,2105.0,-1.0178479999999999,-1.1028879999999999,MWI,LBN,847989
5643430,153,124,9220,2019,22064.0,1389.0,1.192967,0.730971,MYS,LBN,847989
5643431,159,124,9220,2019,0.0,96657.0,-1.7383970000000002,-1.220333,NGA,LBN,847989
5643432,162,124,9220,2019,185006.0,251035.0,1.145044,1.3523530000000001,NLD,LBN,847989
5643433,163,124,9220,2019,2425.0,0.0,0.6957300000000001,0.181607,NOR,LBN,847989
5643434,167,124,9220,2019,0.0,94245.0,-0.40120100000000003,-0.881602,OMN,LBN,847989
5643435,174,124,9220,2019,1801.0,1017.0,0.762884,0.3318,PHL,LBN,847989
5643436,177,124,9220,2019,13639.0,0.0,1.088347,1.275875,POL,LBN,847989
5643437,179,124,9220,2019,27149.0,2092.0,0.545467,2.344447,PRT,LBN,847989
5643438,183,124,9220,2019,0.0,26019.0,-0.064127,-1.065046,QAT,LBN,847989
5643439,185,124,9220,2019,46419.0,37368.0,1.044289,1.013691,ROU,LBN,847989
5643440,188,124,9220,2019,17007.0,96868.0,0.787798,-0.41350600000000004,SAU,LBN,847989
5643441,190,124,9220,2019,0.0,1966.0,-1.25579,-1.208796,SDN,LBN,847989
5643442,191,124,9220,2019,0.0,1913.0,-0.721992,-0.385479,SEN,LBN,847989
5643443,192,124,9220,2019,10806.0,904.0,2.0264599999999997,0.665506,SGP,LBN,847989
5643444,196,124,9220,2019,0.0,4197.0,-0.402403,-0.639318,SLE,LBN,847989
5643445,206,124,9220,2019,13724.0,0.0,1.39311,0.743107,SVK,LBN,847989
5643446,207,124,9220,2019,2137.0,0.0,1.63711,0.803198,SVN,LBN,847989
5643447,208,124,9220,2019,138519.0,0.0,1.781148,0.742037,SWE,LBN,847989
5643448,211,124,9220,2019,0.0,1439.0,0.024113,-0.711363,SYC,LBN,847989
5643449,212,124,9220,2019,8609.0,89021.0,-0.67825,0.385416,SYR,LBN,847989
5643450,215,124,9220,2019,0.0,4206.0,-0.823204,-0.819535,TGO,LBN,847989
5643451,216,124,9220,2019,419754.0,0.0,0.9744229999999999,1.401199,THA,LBN,847989
5643452,223,124,9220,2019,0.0,2498.0,0.19601300000000002,1.159766,TUN,LBN,847989
5643453,224,124,9220,2019,609305.0,36616.0,0.569408,2.364546,TUR,LBN,847989
5643454,226,124,9220,2019,0.0,1423.0,-0.907172,0.37293899999999996,TZA,LBN,847989
5643455,227,124,9220,2019,0.0,25629.0,-0.639476,0.148255,UGA,LBN,847989
5643456,231,124,9220,2019,248417.0,3563.0,1.606808,0.3232,USA,LBN,847989
5643457,236,124,9220,2019,0.0,18429.0,-1.318175,-1.2506110000000001,VEN,LBN,847989
5643458,239,124,9220,2019,33053.0,0.0,-0.048147,1.098784,VNM,LBN,847989
5643459,243,124,9220,2019,0.0,25522.0,-1.4367860000000001,-1.262101,YEM,LBN,847989
5643460,246,124,9220,2019,10318.0,1924.0,0.129921,1.101027,ZAF,LBN,847989
5643461,247,124,9220,2019,0.0,2759.0,-0.629261,-0.8471489999999999,ZMB,LBN,847989
5643462,248,124,9220,2019,0.0,2182.0,-0.9993780000000001,-1.018174,ZWE,LBN,847989
5643463,249,124,9220,2019,15119.0,0.0,2.123296,1.1786969999999999,TWN,LBN,847989
5643464,250,124,9220,2019,1395.0,5892.0,0.8996129999999999,-0.152746,ANS,LBN,847989
5643465,14,127,9220,2019,2560.0,0.0,-0.294558,-0.180198,AUS,LCA,847989
5643466,18,127,9220,2019,1217.0,0.0,1.2555969999999999,1.168642,BEL,LCA,847989
5643467,41,127,9220,2019,13657.0,0.0,2.1990849999999997,0.8394229999999999,CHE,LCA,847989
5643468,43,127,9220,2019,15445.0,0.0,1.196265,1.2258870000000002,CHN,LCA,847989
5643469,61,127,9220,2019,5624.0,0.0,2.078626,-2.124816,DEU,LCA,847989
5643470,71,127,9220,2019,869.0,0.0,0.678454,3.007838,ESP,LCA,847989
5643471,77,127,9220,2019,3421.0,0.0,1.380982,0.9510629999999999,FRA,LCA,847989
5643472,81,127,9220,2019,6406.0,0.0,1.731106,0.717566,GBR,LCA,847989
5643473,96,127,9220,2019,2235.0,0.0,-0.308365,-0.7833359999999999,GUY,LCA,847989
5643474,231,127,9220,2019,226266.0,0.0,1.606808,0.3232,USA,LCA,847989
5643475,234,127,9220,2019,6698.0,1599.0,-0.712703,-0.859416,VCT,LCA,847989
5643476,7,130,9220,2019,1126.0,107350.0,-0.165113,-0.8973540000000001,ARE,LTU,847989
5643477,8,130,9220,2019,0.0,10666.0,-0.136634,0.127073,ARG,LTU,847989
5643478,9,130,9220,2019,0.0,6981.0,-0.203986,-0.667607,ARM,LTU,847989
5643479,14,130,9220,2019,22989.0,361089.0,-0.294558,-0.180198,AUS,LTU,847989
5643480,15,130,9220,2019,1876998.0,17812.0,1.743927,-0.076778,AUT,LTU,847989
5643481,16,130,9220,2019,0.0,26990.0,-1.005636,-1.2094209999999999,AZE,LTU,847989
5643482,18,130,9220,2019,236081.0,71452.0,1.2555969999999999,1.168642,BEL,LTU,847989
5643483,22,130,9220,2019,0.0,83788.0,-1.113148,-0.9513299999999999,BGD,LTU,847989
5643484,23,130,9220,2019,41140.0,3710.0,0.572997,1.863346,BGR,LTU,847989
5643485,26,130,9220,2019,0.0,33809.0,0.6525,0.83988,BIH,LTU,847989
5643486,28,130,9220,2019,4457304.0,5831644.0,0.7849649999999999,0.8951600000000001,BLR,LTU,847989
5643487,31,130,9220,2019,0.0,1187.0,-1.012748,-0.999245,BOL,LTU,847989
5643488,32,130,9220,2019,55322.0,973900.0,0.076947,0.660604,BRA,LTU,847989
5643489,39,130,9220,2019,103684.0,300364.0,0.657292,1.187872,CAN,LTU,847989
5643490,41,130,9220,2019,1151827.0,62354.0,2.1990849999999997,0.8394229999999999,CHE,LTU,847989
5643491,42,130,9220,2019,0.0,2384.0,-0.34416199999999997,-0.432674,CHL,LTU,847989
5643492,43,130,9220,2019,6468633.0,1097431.0,1.196265,1.2258870000000002,CHN,LTU,847989
5643493,44,130,9220,2019,0.0,2038.0,-0.9916719999999999,-0.960625,CIV,LTU,847989
5643494,49,130,9220,2019,0.0,3149.0,0.099936,-0.15568800000000002,COL,LTU,847989
5643495,52,130,9220,2019,0.0,53692.0,0.38045,0.08960900000000001,CRI,LTU,847989
5643496,58,130,9220,2019,0.0,1006.0,0.657782,0.209481,CYP,LTU,847989
5643497,59,130,9220,2019,849774.0,164389.0,1.797611,0.406708,CZE,LTU,847989
5643498,61,130,9220,2019,35411452.0,14953628.0,2.078626,-2.124816,DEU,LTU,847989
5643499,64,130,9220,2019,979577.0,515067.0,1.0768280000000001,1.2615610000000002,DNK,LTU,847989
5643500,65,130,9220,2019,0.0,1323.0,-0.20594,0.309785,DOM,LTU,847989
5643501,67,130,9220,2019,0.0,5384.0,-1.12261,-1.094275,ECU,LTU,847989
5643502,68,130,9220,2019,0.0,1521.0,-0.152353,1.5426309999999999,EGY,LTU,847989
5643503,71,130,9220,2019,592622.0,84775.0,0.678454,3.007838,ESP,LTU,847989
5643504,72,130,9220,2019,1247602.0,1714870.0,0.962284,1.346195,EST,LTU,847989
5643505,73,130,9220,2019,0.0,3622.0,-1.073631,-0.617885,ETH,LTU,847989
5643506,74,130,9220,2019,1905990.0,925849.0,1.495278,1.034435,FIN,LTU,847989
5643507,77,130,9220,2019,177424.0,1141045.0,1.380982,0.9510629999999999,FRA,LTU,847989
5643508,81,130,9220,2019,1211148.0,632524.0,1.731106,0.717566,GBR,LTU,847989
5643509,82,130,9220,2019,0.0,18786.0,-0.057798,-0.206771,GEO,LTU,847989
5643510,90,130,9220,2019,0.0,35643.0,0.08904400000000001,1.059396,GRC,LTU,847989
5643511,97,130,9220,2019,29894.0,0.0,0.992556,1.523004,HKG,LTU,847989
5643512,99,130,9220,2019,0.0,3119.0,-0.6444439999999999,-0.203443,HND,LTU,847989
5643513,100,130,9220,2019,76547.0,7852.0,0.850527,1.280845,HRV,LTU,847989
5643514,102,130,9220,2019,101371.0,21148.0,1.462102,0.809183,HUN,LTU,847989
5643515,103,130,9220,2019,0.0,7159.0,-0.141811,1.385726,IDN,LTU,847989
5643516,104,130,9220,2019,59587.0,2333.0,0.43196,2.661139,IND,LTU,847989
5643517,106,130,9220,2019,13967.0,6541.0,1.3812389999999999,-0.025366,IRL,LTU,847989
5643518,109,130,9220,2019,0.0,77965.0,0.378873,-0.162129,ISL,LTU,847989
5643519,110,130,9220,2019,217720.0,69114.0,1.488686,0.823376,ISR,LTU,847989
5643520,111,130,9220,2019,7971212.0,1025076.0,1.25898,0.926639,ITA,LTU,847989
5643521,114,130,9220,2019,3781107.0,847714.0,2.4931509999999997,-0.558811,JPN,LTU,847989
5643522,115,130,9220,2019,0.0,1708229.0,-0.26529400000000003,-0.523479,KAZ,LTU,847989
5643523,116,130,9220,2019,0.0,29979.0,-0.406684,0.8588969999999999,KEN,LTU,847989
5643524,117,130,9220,2019,5943.0,7291.0,-0.297072,0.306611,KGZ,LTU,847989
5643525,121,130,9220,2019,2428281.0,40079.0,2.115482,0.696838,KOR,LTU,847989
5643526,122,130,9220,2019,0.0,1181.0,0.081686,-1.087259,KWT,LTU,847989
5643527,128,130,9220,2019,0.0,6484.0,-0.592952,0.394811,LKA,LTU,847989
5643528,131,130,9220,2019,175571.0,0.0,1.234145,1.3754309999999998,LUX,LTU,847989
5643529,132,130,9220,2019,2175929.0,3603534.0,0.7804300000000001,1.159592,LVA,LTU,847989
5643530,134,130,9220,2019,0.0,14670.0,-0.747739,-0.154125,MAR,LTU,847989
5643531,135,130,9220,2019,0.0,69776.0,-0.333385,-0.35752,MDA,LTU,847989
5643532,138,130,9220,2019,94871.0,134816.0,1.083041,0.569353,MEX,LTU,847989
5643533,140,130,9220,2019,0.0,7257.0,0.050624,-0.11143299999999999,MKD,LTU,847989
5643534,142,130,9220,2019,0.0,3663.0,0.893992,0.25255500000000003,MLT,LTU,847989
5643535,143,130,9220,2019,0.0,739.0,-1.196733,-0.435766,MMR,LTU,847989
5643536,144,130,9220,2019,0.0,3439.0,0.40415100000000004,0.068967,MNE,LTU,847989
5643537,145,130,9220,2019,0.0,5167.0,-1.1612049999999998,-1.1615739999999999,MNG,LTU,847989
5643538,151,130,9220,2019,0.0,2297.0,-0.15909600000000002,0.034770999999999996,MUS,LTU,847989
5643539,153,130,9220,2019,4980.0,6539.0,1.192967,0.730971,MYS,LTU,847989
5643540,159,130,9220,2019,0.0,2100.0,-1.7383970000000002,-1.220333,NGA,LTU,847989
5643541,160,130,9220,2019,0.0,2067.0,-1.058553,-0.854482,NIC,LTU,847989
5643542,162,130,9220,2019,2364967.0,1168242.0,1.145044,1.3523530000000001,NLD,LTU,847989
5643543,163,130,9220,2019,270674.0,368659.0,0.6957300000000001,0.181607,NOR,LTU,847989
5643544,166,130,9220,2019,0.0,58685.0,0.119281,0.039036,NZL,LTU,847989
5643545,168,130,9220,2019,0.0,2515.0,-0.6909270000000001,0.8651120000000001,PAK,LTU,847989
5643546,173,130,9220,2019,0.0,52213.0,-0.76944,-0.216619,PER,LTU,847989
5643547,174,130,9220,2019,0.0,1339.0,0.762884,0.3318,PHL,LTU,847989
5643548,177,130,9220,2019,4090014.0,2515253.0,1.088347,1.275875,POL,LTU,847989
5643549,179,130,9220,2019,120509.0,1805.0,0.545467,2.344447,PRT,LTU,847989
5643550,183,130,9220,2019,0.0,1706.0,-0.064127,-1.065046,QAT,LTU,847989
5643551,185,130,9220,2019,0.0,4926.0,1.044289,1.013691,ROU,LTU,847989
5643552,186,130,9220,2019,544513.0,20802336.0,0.329884,0.26215,RUS,LTU,847989
5643553,188,130,9220,2019,0.0,1506.0,0.787798,-0.41350600000000004,SAU,LTU,847989
5643554,192,130,9220,2019,2429.0,53385.0,2.0264599999999997,0.665506,SGP,LTU,847989
5643555,201,130,9220,2019,53619.0,44337.0,0.543913,1.210102,SRB,LTU,847989
5643556,206,130,9220,2019,2563778.0,150580.0,1.39311,0.743107,SVK,LTU,847989
5643557,207,130,9220,2019,21370.0,9132.0,1.63711,0.803198,SVN,LTU,847989
5643558,208,130,9220,2019,1881456.0,309652.0,1.781148,0.742037,SWE,LTU,847989
5643559,211,130,9220,2019,0.0,406.0,0.024113,-0.711363,SYC,LTU,847989
5643560,212,130,9220,2019,0.0,9608.0,-0.67825,0.385416,SYR,LTU,847989
5643561,216,130,9220,2019,0.0,13553.0,0.9744229999999999,1.401199,THA,LTU,847989
5643562,217,130,9220,2019,0.0,9181.0,-0.7940020000000001,-1.075605,TJK,LTU,847989
5643563,219,130,9220,2019,0.0,330470.0,-0.9725950000000001,-1.16562,TKM,LTU,847989
5643564,224,130,9220,2019,1602797.0,150193.0,0.569408,2.364546,TUR,LTU,847989
5643565,226,130,9220,2019,0.0,1423.0,-0.907172,0.37293899999999996,TZA,LTU,847989
5643566,228,130,9220,2019,443117.0,814316.0,0.303802,0.5650270000000001,UKR,LTU,847989
5643567,230,130,9220,2019,0.0,6555.0,-0.077549,-0.473943,URY,LTU,847989
5643568,231,130,9220,2019,2192084.0,2201270.0,1.606808,0.3232,USA,LTU,847989
5643569,232,130,9220,2019,0.0,935738.0,-0.5856060000000001,-0.311248,UZB,LTU,847989
5643570,239,130,9220,2019,0.0,4852.0,-0.048147,1.098784,VNM,LTU,847989
5643571,246,130,9220,2019,0.0,792457.0,0.129921,1.101027,ZAF,LTU,847989
5643572,249,130,9220,2019,30570.0,49366.0,2.123296,1.1786969999999999,TWN,LTU,847989
5643573,7,131,9220,2019,0.0,80639.0,-0.165113,-0.8973540000000001,ARE,LUX,847989
5643574,9,131,9220,2019,0.0,48884.0,-0.203986,-0.667607,ARM,LUX,847989
5643575,14,131,9220,2019,1329.0,1162.0,-0.294558,-0.180198,AUS,LUX,847989
5643576,15,131,9220,2019,673726.0,209418.0,1.743927,-0.076778,AUT,LUX,847989
5643577,16,131,9220,2019,0.0,6590.0,-1.005636,-1.2094209999999999,AZE,LUX,847989
5643578,18,131,9220,2019,19471608.0,3495505.0,1.2555969999999999,1.168642,BEL,LUX,847989
5643579,23,131,9220,2019,0.0,8782.0,0.572997,1.863346,BGR,LUX,847989
5643580,26,131,9220,2019,0.0,6749.0,0.6525,0.83988,BIH,LUX,847989
5643581,28,131,9220,2019,0.0,11854.0,0.7849649999999999,0.8951600000000001,BLR,LUX,847989
5643582,32,131,9220,2019,0.0,198575.0,0.076947,0.660604,BRA,LUX,847989
5643583,39,131,9220,2019,74329.0,35898.0,0.657292,1.187872,CAN,LUX,847989
5643584,41,131,9220,2019,1624212.0,426317.0,2.1990849999999997,0.8394229999999999,CHE,LUX,847989
5643585,42,131,9220,2019,0.0,8635.0,-0.34416199999999997,-0.432674,CHL,LUX,847989
5643586,43,131,9220,2019,654490.0,1336242.0,1.196265,1.2258870000000002,CHN,LUX,847989
5643587,46,131,9220,2019,0.0,3162.0,-1.2685879999999998,-1.148403,COD,LUX,847989
5643588,58,131,9220,2019,0.0,2473.0,0.657782,0.209481,CYP,LUX,847989
5643589,59,131,9220,2019,307591.0,769499.0,1.797611,0.406708,CZE,LUX,847989
5643590,61,131,9220,2019,33621908.0,6537415.0,2.078626,-2.124816,DEU,LUX,847989
5643591,64,131,9220,2019,315300.0,120996.0,1.0768280000000001,1.2615610000000002,DNK,LUX,847989
5643592,66,131,9220,2019,0.0,23396.0,-1.008866,-1.215228,DZA,LUX,847989
5643593,68,131,9220,2019,0.0,4613.0,-0.152353,1.5426309999999999,EGY,LUX,847989
5643594,71,131,9220,2019,67890.0,715804.0,0.678454,3.007838,ESP,LUX,847989
5643595,72,131,9220,2019,0.0,76130.0,0.962284,1.346195,EST,LUX,847989
5643596,74,131,9220,2019,20965.0,152826.0,1.495278,1.034435,FIN,LUX,847989
5643597,77,131,9220,2019,3278962.0,13847163.0,1.380982,0.9510629999999999,FRA,LUX,847989
5643598,81,131,9220,2019,260777.0,1630673.0,1.731106,0.717566,GBR,LUX,847989
5643599,82,131,9220,2019,0.0,791.0,-0.057798,-0.206771,GEO,LUX,847989
5643600,90,131,9220,2019,1938.0,11834.0,0.08904400000000001,1.059396,GRC,LUX,847989
5643601,97,131,9220,2019,1566.0,1954306.0,0.992556,1.523004,HKG,LUX,847989
5643602,102,131,9220,2019,2124.0,326921.0,1.462102,0.809183,HUN,LUX,847989
5643603,103,131,9220,2019,0.0,2085.0,-0.141811,1.385726,IDN,LUX,847989
5643604,104,131,9220,2019,0.0,80319.0,0.43196,2.661139,IND,LUX,847989
5643605,106,131,9220,2019,14145.0,2317.0,1.3812389999999999,-0.025366,IRL,LUX,847989
5643606,109,131,9220,2019,0.0,12229.0,0.378873,-0.162129,ISL,LUX,847989
5643607,110,131,9220,2019,0.0,7330.0,1.488686,0.823376,ISR,LUX,847989
5643608,111,131,9220,2019,4814551.0,35647216.0,1.25898,0.926639,ITA,LUX,847989
5643609,114,131,9220,2019,158992768.0,39911.0,2.4931509999999997,-0.558811,JPN,LUX,847989
5643610,115,131,9220,2019,0.0,9363.0,-0.26529400000000003,-0.523479,KAZ,LUX,847989
5643611,121,131,9220,2019,12433.0,2063.0,2.115482,0.696838,KOR,LUX,847989
5643612,130,131,9220,2019,0.0,175571.0,0.858456,1.364581,LTU,LUX,847989
5643613,134,131,9220,2019,0.0,19876.0,-0.747739,-0.154125,MAR,LUX,847989
5643614,138,131,9220,2019,91128.0,0.0,1.083041,0.569353,MEX,LUX,847989
5643615,140,131,9220,2019,0.0,51541.0,0.050624,-0.11143299999999999,MKD,LUX,847989
5643616,142,131,9220,2019,0.0,2339.0,0.893992,0.25255500000000003,MLT,LUX,847989
5643617,153,131,9220,2019,28257.0,442660.0,1.192967,0.730971,MYS,LUX,847989
5643618,159,131,9220,2019,0.0,123230.0,-1.7383970000000002,-1.220333,NGA,LUX,847989
5643619,162,131,9220,2019,3610408.0,1661024.0,1.145044,1.3523530000000001,NLD,LUX,847989
5643620,163,131,9220,2019,115357.0,96197.0,0.6957300000000001,0.181607,NOR,LUX,847989
5643621,168,131,9220,2019,0.0,734.0,-0.6909270000000001,0.8651120000000001,PAK,LUX,847989
5643622,173,131,9220,2019,0.0,4790.0,-0.76944,-0.216619,PER,LUX,847989
5643623,174,131,9220,2019,0.0,37698.0,0.762884,0.3318,PHL,LUX,847989
5643624,177,131,9220,2019,284504.0,484251.0,1.088347,1.275875,POL,LUX,847989
5643625,179,131,9220,2019,92959.0,104561.0,0.545467,2.344447,PRT,LUX,847989
5643626,183,131,9220,2019,0.0,5634.0,-0.064127,-1.065046,QAT,LUX,847989
5643627,185,131,9220,2019,3627.0,84878.0,1.044289,1.013691,ROU,LUX,847989
5643628,186,131,9220,2019,0.0,161248.0,0.329884,0.26215,RUS,LUX,847989
5643629,188,131,9220,2019,0.0,2715.0,0.787798,-0.41350600000000004,SAU,LUX,847989
5643630,192,131,9220,2019,1555263.0,0.0,2.0264599999999997,0.665506,SGP,LUX,847989
5643631,206,131,9220,2019,1270.0,138112.0,1.39311,0.743107,SVK,LUX,847989
5643632,207,131,9220,2019,0.0,44778.0,1.63711,0.803198,SVN,LUX,847989
5643633,208,131,9220,2019,229052.0,22986.0,1.781148,0.742037,SWE,LUX,847989
5643634,219,131,9220,2019,0.0,17332.0,-0.9725950000000001,-1.16562,TKM,LUX,847989
5643635,224,131,9220,2019,65661.0,4877884.0,0.569408,2.364546,TUR,LUX,847989
5643636,228,131,9220,2019,0.0,9108.0,0.303802,0.5650270000000001,UKR,LUX,847989
5643637,230,131,9220,2019,0.0,1432.0,-0.077549,-0.473943,URY,LUX,847989
5643638,231,131,9220,2019,1969247.0,704316.0,1.606808,0.3232,USA,LUX,847989
5643639,232,131,9220,2019,0.0,142413.0,-0.5856060000000001,-0.311248,UZB,LUX,847989
5643640,239,131,9220,2019,0.0,29836.0,-0.048147,1.098784,VNM,LUX,847989
5643641,246,131,9220,2019,0.0,3045.0,0.129921,1.101027,ZAF,LUX,847989
5643642,249,131,9220,2019,288879.0,94803.0,2.123296,1.1786969999999999,TWN,LUX,847989
5643643,250,131,9220,2019,1035916.0,0.0,0.8996129999999999,-0.152746,ANS,LUX,847989
5643644,2,138,9220,2019,0.0,251649.0,-1.096127,-1.195434,AGO,MEX,847989
5643645,7,138,9220,2019,2812850.0,3521437.0,-0.165113,-0.8973540000000001,ARE,MEX,847989
5643646,8,138,9220,2019,1517663.0,863838.0,-0.136634,0.127073,ARG,MEX,847989
5643647,9,138,9220,2019,0.0,562.0,-0.203986,-0.667607,ARM,MEX,847989
5643648,14,138,9220,2019,903955.0,2337964.0,-0.294558,-0.180198,AUS,MEX,847989
5643649,15,138,9220,2019,26560450.0,84586.0,1.743927,-0.076778,AUT,MEX,847989
5643650,16,138,9220,2019,0.0,516629.0,-1.005636,-1.2094209999999999,AZE,MEX,847989
5643651,18,138,9220,2019,2471295.0,296662.0,1.2555969999999999,1.168642,BEL,MEX,847989
5643652,23,138,9220,2019,145868.0,0.0,0.572997,1.863346,BGR,MEX,847989
5643653,24,138,9220,2019,0.0,53216.0,0.378349,-0.621468,BHR,MEX,847989
5643654,26,138,9220,2019,0.0,1992.0,0.6525,0.83988,BIH,MEX,847989
5643655,28,138,9220,2019,0.0,2415.0,0.7849649999999999,0.8951600000000001,BLR,MEX,847989
5643656,29,138,9220,2019,0.0,15237.0,-0.484834,-0.638616,BLZ,MEX,847989
5643657,31,138,9220,2019,188726.0,119726.0,-1.012748,-0.999245,BOL,MEX,847989
5643658,32,138,9220,2019,4831076.0,500306.0,0.076947,0.660604,BRA,MEX,847989
5643659,33,138,9220,2019,0.0,3974.0,0.6228199999999999,-0.10803499999999999,BRB,MEX,847989
5643660,34,138,9220,2019,0.0,380813.0,0.9608620000000001,-0.7012619999999999,BRN,MEX,847989
5643661,37,138,9220,2019,0.0,2205.0,-0.492807,-1.152651,BWA,MEX,847989
5643662,39,138,9220,2019,15551081.0,26732792.0,0.657292,1.187872,CAN,MEX,847989
5643663,41,138,9220,2019,7951438.0,78565.0,2.1990849999999997,0.8394229999999999,CHE,MEX,847989
5643664,42,138,9220,2019,228619.0,2057648.0,-0.34416199999999997,-0.432674,CHL,MEX,847989
5643665,43,138,9220,2019,152008320.0,9492197.0,1.196265,1.2258870000000002,CHN,MEX,847989
5643666,44,138,9220,2019,0.0,130768.0,-0.9916719999999999,-0.960625,CIV,MEX,847989
5643667,46,138,9220,2019,0.0,1602.0,-1.2685879999999998,-1.148403,COD,MEX,847989
5643668,47,138,9220,2019,0.0,4485.0,-1.305193,-1.162808,COG,MEX,847989
5643669,49,138,9220,2019,1003838.0,2609602.0,0.099936,-0.15568800000000002,COL,MEX,847989
5643670,52,138,9220,2019,56383.0,513403.0,0.38045,0.08960900000000001,CRI,MEX,847989
5643671,54,138,9220,2019,0.0,65922.0,-0.880892,-1.141591,CUB,MEX,847989
5643672,59,138,9220,2019,12166395.0,2082330.0,1.797611,0.406708,CZE,MEX,847989
5643673,61,138,9220,2019,198177568.0,17431202.0,2.078626,-2.124816,DEU,MEX,847989
5643674,64,138,9220,2019,10085053.0,1151862.0,1.0768280000000001,1.2615610000000002,DNK,MEX,847989
5643675,65,138,9220,2019,31588.0,361894.0,-0.20594,0.309785,DOM,MEX,847989
5643676,67,138,9220,2019,190655.0,2366187.0,-1.12261,-1.094275,ECU,MEX,847989
5643677,68,138,9220,2019,0.0,46765.0,-0.152353,1.5426309999999999,EGY,MEX,847989
5643678,71,138,9220,2019,77449008.0,607483.0,0.678454,3.007838,ESP,MEX,847989
5643679,72,138,9220,2019,7585.0,4882.0,0.962284,1.346195,EST,MEX,847989
5643680,73,138,9220,2019,0.0,1747.0,-1.073631,-0.617885,ETH,MEX,847989
5643681,74,138,9220,2019,355059.0,118051.0,1.495278,1.034435,FIN,MEX,847989
5643682,77,138,9220,2019,12569617.0,1964006.0,1.380982,0.9510629999999999,FRA,MEX,847989
5643683,81,138,9220,2019,8865952.0,1799559.0,1.731106,0.717566,GBR,MEX,847989
5643684,90,138,9220,2019,389388.0,0.0,0.08904400000000001,1.059396,GRC,MEX,847989
5643685,93,138,9220,2019,24082.0,857532.0,-0.43447299999999994,0.658475,GTM,MEX,847989
5643686,96,138,9220,2019,0.0,1874061.0,-0.308365,-0.7833359999999999,GUY,MEX,847989
5643687,97,138,9220,2019,1039902.0,2816045.0,0.992556,1.523004,HKG,MEX,847989
5643688,99,138,9220,2019,45347.0,372326.0,-0.6444439999999999,-0.203443,HND,MEX,847989
5643689,100,138,9220,2019,13472.0,4156.0,0.850527,1.280845,HRV,MEX,847989
5643690,102,138,9220,2019,2413845.0,1141384.0,1.462102,0.809183,HUN,MEX,847989
5643691,103,138,9220,2019,147558.0,349732.0,-0.141811,1.385726,IDN,MEX,847989
5643692,104,138,9220,2019,6608788.0,2317479.0,0.43196,2.661139,IND,MEX,847989
5643693,106,138,9220,2019,245763.0,29946.0,1.3812389999999999,-0.025366,IRL,MEX,847989
5643694,109,138,9220,2019,0.0,16543.0,0.378873,-0.162129,ISL,MEX,847989
5643695,110,138,9220,2019,581754.0,95613.0,1.488686,0.823376,ISR,MEX,847989
5643696,111,138,9220,2019,54818060.0,1138509.0,1.25898,0.926639,ITA,MEX,847989
5643697,112,138,9220,2019,0.0,41729.0,-0.18387799999999999,-0.710004,JAM,MEX,847989
5643698,113,138,9220,2019,0.0,6094.0,-0.003529,0.255816,JOR,MEX,847989
5643699,114,138,9220,2019,140069472.0,630850.0,2.4931509999999997,-0.558811,JPN,MEX,847989
5643700,115,138,9220,2019,0.0,92518.0,-0.26529400000000003,-0.523479,KAZ,MEX,847989
5643701,118,138,9220,2019,0.0,1025.0,-0.7499359999999999,-0.627125,KHM,MEX,847989
5643702,121,138,9220,2019,52178984.0,614909.0,2.115482,0.696838,KOR,MEX,847989
5643703,122,138,9220,2019,0.0,93074.0,0.081686,-1.087259,KWT,MEX,847989
5643704,128,138,9220,2019,0.0,27737.0,-0.592952,0.394811,LKA,MEX,847989
5643705,130,138,9220,2019,134816.0,94871.0,0.858456,1.364581,LTU,MEX,847989
5643706,131,138,9220,2019,0.0,91128.0,1.234145,1.3754309999999998,LUX,MEX,847989
5643707,134,138,9220,2019,3021.0,4497.0,-0.747739,-0.154125,MAR,MEX,847989
5643708,135,138,9220,2019,0.0,3473.0,-0.333385,-0.35752,MDA,MEX,847989
5643709,145,138,9220,2019,0.0,35700.0,-1.1612049999999998,-1.1615739999999999,MNG,MEX,847989
5643710,147,138,9220,2019,0.0,75743.0,-1.264532,-1.072626,MOZ,MEX,847989
5643711,151,138,9220,2019,0.0,2493.0,-0.15909600000000002,0.034770999999999996,MUS,MEX,847989
5643712,153,138,9220,2019,1557052.0,311014.0,1.192967,0.730971,MYS,MEX,847989
5643713,159,138,9220,2019,0.0,539175.0,-1.7383970000000002,-1.220333,NGA,MEX,847989
5643714,160,138,9220,2019,0.0,1194398.0,-1.058553,-0.854482,NIC,MEX,847989
5643715,162,138,9220,2019,3780786.0,433549.0,1.145044,1.3523530000000001,NLD,MEX,847989
5643716,163,138,9220,2019,211366.0,733250.0,0.6957300000000001,0.181607,NOR,MEX,847989
5643717,166,138,9220,2019,98602.0,298075.0,0.119281,0.039036,NZL,MEX,847989
5643718,167,138,9220,2019,0.0,621091.0,-0.40120100000000003,-0.881602,OMN,MEX,847989
5643719,168,138,9220,2019,0.0,104802.0,-0.6909270000000001,0.8651120000000001,PAK,MEX,847989
5643720,169,138,9220,2019,6196.0,333566.0,0.00926,-0.308483,PAN,MEX,847989
5643721,173,138,9220,2019,57223.0,1169526.0,-0.76944,-0.216619,PER,MEX,847989
5643722,174,138,9220,2019,43162.0,24387.0,0.762884,0.3318,PHL,MEX,847989
5643723,177,138,9220,2019,7595580.0,375514.0,1.088347,1.275875,POL,MEX,847989
5643724,179,138,9220,2019,4291578.0,0.0,0.545467,2.344447,PRT,MEX,847989
5643725,180,138,9220,2019,3798.0,59423.0,-0.500999,-0.8635219999999999,PRY,MEX,847989
5643726,183,138,9220,2019,0.0,107400.0,-0.064127,-1.065046,QAT,MEX,847989
5643727,185,138,9220,2019,3923140.0,216772.0,1.044289,1.013691,ROU,MEX,847989
5643728,186,138,9220,2019,79626.0,839131.0,0.329884,0.26215,RUS,MEX,847989
5643729,188,138,9220,2019,0.0,19976400.0,0.787798,-0.41350600000000004,SAU,MEX,847989
5643730,192,138,9220,2019,2581781.0,922549.0,2.0264599999999997,0.665506,SGP,MEX,847989
5643731,197,138,9220,2019,2005.0,271944.0,0.014037,0.23216599999999998,SLV,MEX,847989
5643732,201,138,9220,2019,26249.0,180637.0,0.543913,1.210102,SRB,MEX,847989
5643733,206,138,9220,2019,953393.0,118602.0,1.39311,0.743107,SVK,MEX,847989
5643734,207,138,9220,2019,731865.0,44482.0,1.63711,0.803198,SVN,MEX,847989
5643735,208,138,9220,2019,3865226.0,1311639.0,1.781148,0.742037,SWE,MEX,847989
5643736,209,138,9220,2019,87795.0,0.0,0.087181,-0.760434,SWZ,MEX,847989
5643737,216,138,9220,2019,256739.0,299412.0,0.9744229999999999,1.401199,THA,MEX,847989
5643738,222,138,9220,2019,0.0,1165563.0,0.1861,-0.874604,TTO,MEX,847989
5643739,223,138,9220,2019,0.0,44232.0,0.19601300000000002,1.159766,TUN,MEX,847989
5643740,224,138,9220,2019,1233473.0,305146.0,0.569408,2.364546,TUR,MEX,847989
5643741,228,138,9220,2019,94785.0,0.0,0.303802,0.5650270000000001,UKR,MEX,847989
5643742,230,138,9220,2019,75574.0,137895.0,-0.077549,-0.473943,URY,MEX,847989
5643743,231,138,9220,2019,792557888.0,318333184.0,1.606808,0.3232,USA,MEX,847989
5643744,236,138,9220,2019,0.0,146923.0,-1.318175,-1.2506110000000001,VEN,MEX,847989
5643745,239,138,9220,2019,2814182.0,125601.0,-0.048147,1.098784,VNM,MEX,847989
5643746,246,138,9220,2019,2747556.0,663478.0,0.129921,1.101027,ZAF,MEX,847989
5643747,249,138,9220,2019,6882684.0,335137.0,2.123296,1.1786969999999999,TWN,MEX,847989
5643748,250,138,9220,2019,93759.0,0.0,0.8996129999999999,-0.152746,ANS,MEX,847989
5643749,2,153,9220,2019,41042.0,113657.0,-1.096127,-1.195434,AGO,MYS,847989
5643750,7,153,9220,2019,982649.0,9668616.0,-0.165113,-0.8973540000000001,ARE,MYS,847989
5643751,8,153,9220,2019,5750.0,183223.0,-0.136634,0.127073,ARG,MYS,847989
5643752,9,153,9220,2019,0.0,40321.0,-0.203986,-0.667607,ARM,MYS,847989
5643753,14,153,9220,2019,2181424.0,10627140.0,-0.294558,-0.180198,AUS,MYS,847989
5643754,15,153,9220,2019,3288409.0,836561.0,1.743927,-0.076778,AUT,MYS,847989
5643755,16,153,9220,2019,0.0,16253.0,-1.005636,-1.2094209999999999,AZE,MYS,847989
5643756,18,153,9220,2019,1146382.0,755820.0,1.2555969999999999,1.168642,BEL,MYS,847989
5643757,22,153,9220,2019,0.0,268891.0,-1.113148,-0.9513299999999999,BGD,MYS,847989
5643758,23,153,9220,2019,101248.0,162256.0,0.572997,1.863346,BGR,MYS,847989
5643759,24,153,9220,2019,0.0,58090.0,0.378349,-0.621468,BHR,MYS,847989
5643760,26,153,9220,2019,0.0,3340.0,0.6525,0.83988,BIH,MYS,847989
5643761,28,153,9220,2019,0.0,294.0,0.7849649999999999,0.8951600000000001,BLR,MYS,847989
5643762,31,153,9220,2019,0.0,41923.0,-1.012748,-0.999245,BOL,MYS,847989
5643763,32,153,9220,2019,18076.0,877131.0,0.076947,0.660604,BRA,MYS,847989
5643764,33,153,9220,2019,0.0,6117.0,0.6228199999999999,-0.10803499999999999,BRB,MYS,847989
5643765,34,153,9220,2019,260927.0,808165.0,0.9608620000000001,-0.7012619999999999,BRN,MYS,847989
5643766,39,153,9220,2019,1951681.0,3557992.0,0.657292,1.187872,CAN,MYS,847989
5643767,41,153,9220,2019,9764392.0,1471187.0,2.1990849999999997,0.8394229999999999,CHE,MYS,847989
5643768,42,153,9220,2019,0.0,124719.0,-0.34416199999999997,-0.432674,CHL,MYS,847989
5643769,43,153,9220,2019,184042256.0,213714080.0,1.196265,1.2258870000000002,CHN,MYS,847989
5643770,44,153,9220,2019,0.0,123485.0,-0.9916719999999999,-0.960625,CIV,MYS,847989
5643771,45,153,9220,2019,0.0,12544.0,-1.461279,-1.214274,CMR,MYS,847989
5643772,46,153,9220,2019,0.0,253336.0,-1.2685879999999998,-1.148403,COD,MYS,847989
5643773,47,153,9220,2019,0.0,1279097.0,-1.305193,-1.162808,COG,MYS,847989
5643774,49,153,9220,2019,47434.0,199299.0,0.099936,-0.15568800000000002,COL,MYS,847989
5643775,52,153,9220,2019,131473.0,98312.0,0.38045,0.08960900000000001,CRI,MYS,847989
5643776,58,153,9220,2019,0.0,6143.0,0.657782,0.209481,CYP,MYS,847989
5643777,59,153,9220,2019,1702682.0,127236.0,1.797611,0.406708,CZE,MYS,847989
5643778,61,153,9220,2019,61652972.0,53057444.0,2.078626,-2.124816,DEU,MYS,847989
5643779,62,153,9220,2019,0.0,21155.0,-0.602334,-0.794205,DJI,MYS,847989
5643780,64,153,9220,2019,2253008.0,1116559.0,1.0768280000000001,1.2615610000000002,DNK,MYS,847989
5643781,66,153,9220,2019,0.0,41416.0,-1.008866,-1.215228,DZA,MYS,847989
5643782,67,153,9220,2019,7141.0,300792.0,-1.12261,-1.094275,ECU,MYS,847989
5643783,68,153,9220,2019,214435.0,534172.0,-0.152353,1.5426309999999999,EGY,MYS,847989
5643784,71,153,9220,2019,626411.0,5137515.0,0.678454,3.007838,ESP,MYS,847989
5643785,72,153,9220,2019,1686.0,24968.0,0.962284,1.346195,EST,MYS,847989
5643786,74,153,9220,2019,1033381.0,546226.0,1.495278,1.034435,FIN,MYS,847989
5643787,75,153,9220,2019,0.0,10233.0,-0.274278,-0.049333,FJI,MYS,847989
5643788,77,153,9220,2019,2846092.0,5101131.0,1.380982,0.9510629999999999,FRA,MYS,847989
5643789,80,153,9220,2019,0.0,47768.0,-1.08556,-1.183434,GAB,MYS,847989
5643790,81,153,9220,2019,13406370.0,4247688.0,1.731106,0.717566,GBR,MYS,847989
5643791,82,153,9220,2019,0.0,88883.0,-0.057798,-0.206771,GEO,MYS,847989
5643792,83,153,9220,2019,7847.0,173122.0,-0.9581,-0.8727879999999999,GHA,MYS,847989
5643793,89,153,9220,2019,0.0,50597.0,-1.9057680000000001,-0.968132,GNQ,MYS,847989
5643794,90,153,9220,2019,35470.0,0.0,0.08904400000000001,1.059396,GRC,MYS,847989
5643795,93,153,9220,2019,0.0,180383.0,-0.43447299999999994,0.658475,GTM,MYS,847989
5643796,97,153,9220,2019,13838248.0,8626883.0,0.992556,1.523004,HKG,MYS,847989
5643797,99,153,9220,2019,0.0,17389.0,-0.6444439999999999,-0.203443,HND,MYS,847989
5643798,100,153,9220,2019,61164.0,0.0,0.850527,1.280845,HRV,MYS,847989
5643799,102,153,9220,2019,2097799.0,13335.0,1.462102,0.809183,HUN,MYS,847989
5643800,103,153,9220,2019,2219716.0,12818046.0,-0.141811,1.385726,IDN,MYS,847989
5643801,104,153,9220,2019,7368882.0,4496055.0,0.43196,2.661139,IND,MYS,847989
5643802,106,153,9220,2019,573567.0,568268.0,1.3812389999999999,-0.025366,IRL,MYS,847989
5643803,107,153,9220,2019,0.0,48578.0,-0.386813,-0.467873,IRN,MYS,847989
5643804,108,153,9220,2019,0.0,646217.0,-1.593359,-0.9927860000000001,IRQ,MYS,847989
5643805,109,153,9220,2019,0.0,1518.0,0.378873,-0.162129,ISL,MYS,847989
5643806,110,153,9220,2019,7000.0,6179702.0,1.488686,0.823376,ISR,MYS,847989
5643807,111,153,9220,2019,12209048.0,997198.0,1.25898,0.926639,ITA,MYS,847989
5643808,113,153,9220,2019,0.0,88077.0,-0.003529,0.255816,JOR,MYS,847989
5643809,114,153,9220,2019,205983648.0,20117454.0,2.4931509999999997,-0.558811,JPN,MYS,847989
5643810,115,153,9220,2019,3946.0,44795.0,-0.26529400000000003,-0.523479,KAZ,MYS,847989
5643811,116,153,9220,2019,0.0,9281.0,-0.406684,0.8588969999999999,KEN,MYS,847989
5643812,118,153,9220,2019,2595.0,107816.0,-0.7499359999999999,-0.627125,KHM,MYS,847989
5643813,121,153,9220,2019,46983480.0,26696148.0,2.115482,0.696838,KOR,MYS,847989
5643814,122,153,9220,2019,12471.0,666053.0,0.081686,-1.087259,KWT,MYS,847989
5643815,123,153,9220,2019,0.0,1026.0,-0.8232889999999999,-0.7276590000000001,LAO,MYS,847989
5643816,124,153,9220,2019,1389.0,22064.0,0.26155700000000004,1.062317,LBN,MYS,847989
5643817,128,153,9220,2019,1043.0,167376.0,-0.592952,0.394811,LKA,MYS,847989
5643818,130,153,9220,2019,6539.0,4980.0,0.858456,1.364581,LTU,MYS,847989
5643819,131,153,9220,2019,442660.0,28257.0,1.234145,1.3754309999999998,LUX,MYS,847989
5643820,132,153,9220,2019,73515.0,0.0,0.7804300000000001,1.159592,LVA,MYS,847989
5643821,133,153,9220,2019,0.0,12370.0,0.397984,-0.061689,MAC,MYS,847989
5643822,134,153,9220,2019,0.0,751480.0,-0.747739,-0.154125,MAR,MYS,847989
5643823,135,153,9220,2019,0.0,2067.0,-0.333385,-0.35752,MDA,MYS,847989
5643824,136,153,9220,2019,0.0,25125.0,-1.267516,-0.733849,MDG,MYS,847989
5643825,137,153,9220,2019,2604.0,28091.0,-0.37792800000000004,-0.8963059999999999,MDV,MYS,847989
5643826,138,153,9220,2019,311014.0,1557052.0,1.083041,0.569353,MEX,MYS,847989
5643827,140,153,9220,2019,0.0,2341.0,0.050624,-0.11143299999999999,MKD,MYS,847989
5643828,142,153,9220,2019,602259.0,2707518.0,0.893992,0.25255500000000003,MLT,MYS,847989
5643829,143,153,9220,2019,0.0,767254.0,-1.196733,-0.435766,MMR,MYS,847989
5643830,144,153,9220,2019,0.0,4246.0,0.40415100000000004,0.068967,MNE,MYS,847989
5643831,145,153,9220,2019,0.0,15692.0,-1.1612049999999998,-1.1615739999999999,MNG,MYS,847989
5643832,151,153,9220,2019,0.0,92325.0,-0.15909600000000002,0.034770999999999996,MUS,MYS,847989
5643833,159,153,9220,2019,0.0,187246.0,-1.7383970000000002,-1.220333,NGA,MYS,847989
5643834,160,153,9220,2019,0.0,30485.0,-1.058553,-0.854482,NIC,MYS,847989
5643835,162,153,9220,2019,8469311.0,1943461.0,1.145044,1.3523530000000001,NLD,MYS,847989
5643836,163,153,9220,2019,1236669.0,131987.0,0.6957300000000001,0.181607,NOR,MYS,847989
5643837,164,153,9220,2019,0.0,27568.0,-0.23868000000000003,0.42732299999999995,NPL,MYS,847989
5643838,166,153,9220,2019,81342.0,338650.0,0.119281,0.039036,NZL,MYS,847989
5643839,167,153,9220,2019,0.0,106865.0,-0.40120100000000003,-0.881602,OMN,MYS,847989
5643840,168,153,9220,2019,2448.0,275759.0,-0.6909270000000001,0.8651120000000001,PAK,MYS,847989
5643841,173,153,9220,2019,0.0,31799.0,-0.76944,-0.216619,PER,MYS,847989
5643842,174,153,9220,2019,914297.0,13964123.0,0.762884,0.3318,PHL,MYS,847989
5643843,176,153,9220,2019,0.0,100957.0,-1.654143,-1.249707,PNG,MYS,847989
5643844,177,153,9220,2019,1354665.0,1908025.0,1.088347,1.275875,POL,MYS,847989
5643845,179,153,9220,2019,665087.0,362438.0,0.545467,2.344447,PRT,MYS,847989
5643846,180,153,9220,2019,0.0,84742.0,-0.500999,-0.8635219999999999,PRY,MYS,847989
5643847,182,153,9220,2019,0.0,7396.0,0.30119,-0.39213000000000003,PYF,MYS,847989
5643848,183,153,9220,2019,0.0,159186.0,-0.064127,-1.065046,QAT,MYS,847989
5643849,185,153,9220,2019,108524.0,240581.0,1.044289,1.013691,ROU,MYS,847989
5643850,186,153,9220,2019,599402.0,628237.0,0.329884,0.26215,RUS,MYS,847989
5643851,188,153,9220,2019,0.0,11384250.0,0.787798,-0.41350600000000004,SAU,MYS,847989
5643852,191,153,9220,2019,0.0,12416.0,-0.721992,-0.385479,SEN,MYS,847989
5643853,192,153,9220,2019,145811520.0,309786400.0,2.0264599999999997,0.665506,SGP,MYS,847989
5643854,201,153,9220,2019,0.0,5946.0,0.543913,1.210102,SRB,MYS,847989
5643855,205,153,9220,2019,0.0,1496.0,-0.369004,-1.017133,SUR,MYS,847989
5643856,206,153,9220,2019,931845.0,558236.0,1.39311,0.743107,SVK,MYS,847989
5643857,207,153,9220,2019,1552908.0,307071.0,1.63711,0.803198,SVN,MYS,847989
5643858,208,153,9220,2019,1681398.0,526546.0,1.781148,0.742037,SWE,MYS,847989
5643859,211,153,9220,2019,0.0,6500.0,0.024113,-0.711363,SYC,MYS,847989
5643860,216,153,9220,2019,8811642.0,59740208.0,0.9744229999999999,1.401199,THA,MYS,847989
5643861,223,153,9220,2019,0.0,23224.0,0.19601300000000002,1.159766,TUN,MYS,847989
5643862,224,153,9220,2019,237756.0,146272.0,0.569408,2.364546,TUR,MYS,847989
5643863,226,153,9220,2019,0.0,2625.0,-0.907172,0.37293899999999996,TZA,MYS,847989
5643864,228,153,9220,2019,55337.0,2036.0,0.303802,0.5650270000000001,UKR,MYS,847989
5643865,231,153,9220,2019,60809360.0,82357992.0,1.606808,0.3232,USA,MYS,847989
5643866,232,153,9220,2019,0.0,8562.0,-0.5856060000000001,-0.311248,UZB,MYS,847989
5643867,239,153,9220,2019,3383011.0,35276720.0,-0.048147,1.098784,VNM,MYS,847989
5643868,240,153,9220,2019,0.0,2681.0,-0.88634,-0.943023,VUT,MYS,847989
5643869,246,153,9220,2019,27003.0,1027116.0,0.129921,1.101027,ZAF,MYS,847989
5643870,247,153,9220,2019,0.0,798.0,-0.629261,-0.8471489999999999,ZMB,MYS,847989
5643871,249,153,9220,2019,33717708.0,30961276.0,2.123296,1.1786969999999999,TWN,MYS,847989
5643872,0,162,9220,2019,0.0,331842.0,1.077214,-0.060235000000000004,ABW,NLD,847989
5643873,1,162,9220,2019,0.0,165191.0,-1.187576,-0.7731979999999999,AFG,NLD,847989
5643874,2,162,9220,2019,10177.0,755537.0,-1.096127,-1.195434,AGO,NLD,847989
5643875,4,162,9220,2019,18596.0,766836.0,-0.459614,-0.019257,ALB,NLD,847989
5643876,5,162,9220,2019,0.0,12134.0,0.776042,0.167417,AND,NLD,847989
5643877,7,162,9220,2019,414332.0,5954626.0,-0.165113,-0.8973540000000001,ARE,NLD,847989
5643878,8,162,9220,2019,5897.0,1376699.0,-0.136634,0.127073,ARG,NLD,847989
5643879,9,162,9220,2019,0.0,6741.0,-0.203986,-0.667607,ARM,NLD,847989
5643880,13,162,9220,2019,0.0,4250.0,0.391831,-0.723957,ATG,NLD,847989
5643881,14,162,9220,2019,2525619.0,14913802.0,-0.294558,-0.180198,AUS,NLD,847989
5643882,15,162,9220,2019,9492990.0,24454900.0,1.743927,-0.076778,AUT,NLD,847989
5643883,16,162,9220,2019,1885.0,2529768.0,-1.005636,-1.2094209999999999,AZE,NLD,847989
5643884,17,162,9220,2019,0.0,7900.0,-0.689117,-0.9027209999999999,BDI,NLD,847989
5643885,18,162,9220,2019,33591748.0,104214168.0,1.2555969999999999,1.168642,BEL,NLD,847989
5643886,19,162,9220,2019,0.0,2387.0,-0.861242,-0.8837440000000001,BEN,NLD,847989
5643887,20,162,9220,2019,0.0,36513.0,0.41463500000000003,-0.899409,BES,NLD,847989
5643888,21,162,9220,2019,0.0,18486.0,-0.805181,-0.941847,BFA,NLD,847989
5643889,22,162,9220,2019,0.0,698710.0,-1.113148,-0.9513299999999999,BGD,NLD,847989
5643890,23,162,9220,2019,392238.0,2328454.0,0.572997,1.863346,BGR,NLD,847989
5643891,24,162,9220,2019,0.0,434692.0,0.378349,-0.621468,BHR,NLD,847989
5643892,25,162,9220,2019,79227.0,2616.0,-0.10707799999999999,-0.7419720000000001,BHS,NLD,847989
5643893,26,162,9220,2019,2943.0,233289.0,0.6525,0.83988,BIH,NLD,847989
5643894,28,162,9220,2019,0.0,557636.0,0.7849649999999999,0.8951600000000001,BLR,NLD,847989
5643895,29,162,9220,2019,0.0,25024.0,-0.484834,-0.638616,BLZ,NLD,847989
5643896,30,162,9220,2019,0.0,1407.0,0.875265,-0.498062,BMU,NLD,847989
5643897,31,162,9220,2019,1695.0,6300.0,-1.012748,-0.999245,BOL,NLD,847989
5643898,32,162,9220,2019,37696.0,6290254.0,0.076947,0.660604,BRA,NLD,847989
5643899,33,162,9220,2019,7470.0,5878.0,0.6228199999999999,-0.10803499999999999,BRB,NLD,847989
5643900,34,162,9220,2019,0.0,255280.0,0.9608620000000001,-0.7012619999999999,BRN,NLD,847989
5643901,39,162,9220,2019,6444587.0,7085759.0,0.657292,1.187872,CAN,NLD,847989
5643902,41,162,9220,2019,51491696.0,18296176.0,2.1990849999999997,0.8394229999999999,CHE,NLD,847989
5643903,42,162,9220,2019,16903.0,2234196.0,-0.34416199999999997,-0.432674,CHL,NLD,847989
5643904,43,162,9220,2019,58313856.0,127000544.0,1.196265,1.2258870000000002,CHN,NLD,847989
5643905,44,162,9220,2019,7414.0,337163.0,-0.9916719999999999,-0.960625,CIV,NLD,847989
5643906,45,162,9220,2019,0.0,32815.0,-1.461279,-1.214274,CMR,NLD,847989
5643907,46,162,9220,2019,0.0,16149.0,-1.2685879999999998,-1.148403,COD,NLD,847989
5643908,47,162,9220,2019,1092.0,80716.0,-1.305193,-1.162808,COG,NLD,847989
5643909,49,162,9220,2019,36577.0,420744.0,0.099936,-0.15568800000000002,COL,NLD,847989
5643910,51,162,9220,2019,0.0,1829.0,-0.094961,-0.751246,CPV,NLD,847989
5643911,52,162,9220,2019,0.0,385784.0,0.38045,0.08960900000000001,CRI,NLD,847989
5643912,54,162,9220,2019,0.0,65374.0,-0.880892,-1.141591,CUB,NLD,847989
5643913,55,162,9220,2019,0.0,141813.0,0.808621,-0.225196,CUW,NLD,847989
5643914,58,162,9220,2019,349856.0,655760.0,0.657782,0.209481,CYP,NLD,847989
5643915,59,162,9220,2019,9617443.0,17761530.0,1.797611,0.406708,CZE,NLD,847989
5643916,61,162,9220,2019,345316640.0,129035512.0,2.078626,-2.124816,DEU,NLD,847989
5643917,62,162,9220,2019,0.0,1675.0,-0.602334,-0.794205,DJI,NLD,847989
5643918,64,162,9220,2019,14472515.0,14818041.0,1.0768280000000001,1.2615610000000002,DNK,NLD,847989
5643919,65,162,9220,2019,0.0,9169.0,-0.20594,0.309785,DOM,NLD,847989
5643920,66,162,9220,2019,0.0,970548.0,-1.008866,-1.215228,DZA,NLD,847989
5643921,67,162,9220,2019,0.0,226312.0,-1.12261,-1.094275,ECU,NLD,847989
5643922,68,162,9220,2019,2228.0,5178534.0,-0.152353,1.5426309999999999,EGY,NLD,847989
5643923,71,162,9220,2019,6629768.0,19205830.0,0.678454,3.007838,ESP,NLD,847989
5643924,72,162,9220,2019,88271.0,4978278.0,0.962284,1.346195,EST,NLD,847989
5643925,73,162,9220,2019,0.0,124025.0,-1.073631,-0.617885,ETH,NLD,847989
5643926,74,162,9220,2019,2499600.0,8976370.0,1.495278,1.034435,FIN,NLD,847989
5643927,75,162,9220,2019,0.0,2855.0,-0.274278,-0.049333,FJI,NLD,847989
5643928,77,162,9220,2019,26497268.0,74376096.0,1.380982,0.9510629999999999,FRA,NLD,847989
5643929,78,162,9220,2019,0.0,142214.0,-1.164816,-0.9571540000000001,FRO,NLD,847989
5643930,80,162,9220,2019,0.0,98584.0,-1.08556,-1.183434,GAB,NLD,847989
5643931,81,162,9220,2019,38322756.0,56311664.0,1.731106,0.717566,GBR,NLD,847989
5643932,82,162,9220,2019,36080.0,73093.0,-0.057798,-0.206771,GEO,NLD,847989
5643933,83,162,9220,2019,18233.0,367650.0,-0.9581,-0.8727879999999999,GHA,NLD,847989
5643934,84,162,9220,2019,0.0,16604.0,0.5167470000000001,-0.484465,GIB,NLD,847989
5643935,85,162,9220,2019,0.0,24405.0,-1.366633,-1.196123,GIN,NLD,847989
5643936,87,162,9220,2019,0.0,2798.0,-1.0174450000000002,-0.790743,GMB,NLD,847989
5643937,88,162,9220,2019,0.0,45507.0,-1.9842009999999999,-1.0293379999999999,GNB,NLD,847989
5643938,89,162,9220,2019,0.0,37180.0,-1.9057680000000001,-0.968132,GNQ,NLD,847989
5643939,90,162,9220,2019,62915.0,3691150.0,0.08904400000000001,1.059396,GRC,NLD,847989
5643940,92,162,9220,2019,0.0,15881.0,-0.808258,-0.936559,GRL,NLD,847989
5643941,93,162,9220,2019,0.0,68184.0,-0.43447299999999994,0.658475,GTM,NLD,847989
5643942,96,162,9220,2019,0.0,104230.0,-0.308365,-0.7833359999999999,GUY,NLD,847989
5643943,97,162,9220,2019,10585062.0,3407234.0,0.992556,1.523004,HKG,NLD,847989
5643944,99,162,9220,2019,0.0,29128.0,-0.6444439999999999,-0.203443,HND,NLD,847989
5643945,100,162,9220,2019,159609.0,924540.0,0.850527,1.280845,HRV,NLD,847989
5643946,102,162,9220,2019,436721.0,10597695.0,1.462102,0.809183,HUN,NLD,847989
5643947,103,162,9220,2019,242706.0,5312632.0,-0.141811,1.385726,IDN,NLD,847989
5643948,104,162,9220,2019,2987368.0,7805448.0,0.43196,2.661139,IND,NLD,847989
5643949,106,162,9220,2019,2869467.0,9890015.0,1.3812389999999999,-0.025366,IRL,NLD,847989
5643950,107,162,9220,2019,0.0,13318273.0,-0.386813,-0.467873,IRN,NLD,847989
5643951,108,162,9220,2019,0.0,180710.0,-1.593359,-0.9927860000000001,IRQ,NLD,847989
5643952,109,162,9220,2019,53429.0,1119471.0,0.378873,-0.162129,ISL,NLD,847989
5643953,110,162,9220,2019,1308770.0,6058608.0,1.488686,0.823376,ISR,NLD,847989
5643954,111,162,9220,2019,69336864.0,37467440.0,1.25898,0.926639,ITA,NLD,847989
5643955,112,162,9220,2019,9811.0,104750.0,-0.18387799999999999,-0.710004,JAM,NLD,847989
5643956,113,162,9220,2019,1295.0,369316.0,-0.003529,0.255816,JOR,NLD,847989
5643957,114,162,9220,2019,48260584.0,11725078.0,2.4931509999999997,-0.558811,JPN,NLD,847989
5643958,115,162,9220,2019,2780.0,2526788.0,-0.26529400000000003,-0.523479,KAZ,NLD,847989
5643959,116,162,9220,2019,4873.0,249963.0,-0.406684,0.8588969999999999,KEN,NLD,847989
5643960,117,162,9220,2019,0.0,11464.0,-0.297072,0.306611,KGZ,NLD,847989
5643961,121,162,9220,2019,23026578.0,25344598.0,2.115482,0.696838,KOR,NLD,847989
5643962,122,162,9220,2019,76144.0,5073418.0,0.081686,-1.087259,KWT,NLD,847989
5643963,124,162,9220,2019,251035.0,185006.0,0.26155700000000004,1.062317,LBN,NLD,847989
5643964,125,162,9220,2019,0.0,38617.0,-1.288568,-1.172395,LBR,NLD,847989
5643965,126,162,9220,2019,0.0,318493.0,-1.552842,-1.2316690000000001,LBY,NLD,847989
5643966,128,162,9220,2019,0.0,95058.0,-0.592952,0.394811,LKA,NLD,847989
5643967,130,162,9220,2019,1168242.0,2364967.0,0.858456,1.364581,LTU,NLD,847989
5643968,131,162,9220,2019,1661024.0,3610408.0,1.234145,1.3754309999999998,LUX,NLD,847989
5643969,132,162,9220,2019,182635.0,777774.0,0.7804300000000001,1.159592,LVA,NLD,847989
5643970,133,162,9220,2019,0.0,10601.0,0.397984,-0.061689,MAC,NLD,847989
5643971,134,162,9220,2019,81642.0,962648.0,-0.747739,-0.154125,MAR,NLD,847989
5643972,135,162,9220,2019,155745.0,6999.0,-0.333385,-0.35752,MDA,NLD,847989
5643973,136,162,9220,2019,0.0,31659.0,-1.267516,-0.733849,MDG,NLD,847989
5643974,137,162,9220,2019,0.0,5043.0,-0.37792800000000004,-0.8963059999999999,MDV,NLD,847989
5643975,138,162,9220,2019,433549.0,3780786.0,1.083041,0.569353,MEX,NLD,847989
5643976,140,162,9220,2019,82471.0,203578.0,0.050624,-0.11143299999999999,MKD,NLD,847989
5643977,141,162,9220,2019,3847.0,18596.0,-0.381732,-0.606313,MLI,NLD,847989
5643978,142,162,9220,2019,4307.0,1776354.0,0.893992,0.25255500000000003,MLT,NLD,847989
5643979,143,162,9220,2019,134776.0,22378.0,-1.196733,-0.435766,MMR,NLD,847989
5643980,144,162,9220,2019,0.0,19991.0,0.40415100000000004,0.068967,MNE,NLD,847989
5643981,145,162,9220,2019,3335.0,25249.0,-1.1612049999999998,-1.1615739999999999,MNG,NLD,847989
5643982,147,162,9220,2019,15166.0,58435.0,-1.264532,-1.072626,MOZ,NLD,847989
5643983,148,162,9220,2019,0.0,35838.0,-1.711918,-1.339005,MRT,NLD,847989
5643984,151,162,9220,2019,0.0,111723.0,-0.15909600000000002,0.034770999999999996,MUS,NLD,847989
5643985,152,162,9220,2019,0.0,31834.0,-1.0178479999999999,-1.1028879999999999,MWI,NLD,847989
5643986,153,162,9220,2019,1943461.0,8469311.0,1.192967,0.730971,MYS,NLD,847989
5643987,155,162,9220,2019,29748.0,52252.0,-0.545575,-0.744274,NAM,NLD,847989
5643988,156,162,9220,2019,0.0,43074.0,-0.342544,-0.867944,NCL,NLD,847989
5643989,159,162,9220,2019,1823.0,1018930.0,-1.7383970000000002,-1.220333,NGA,NLD,847989
5643990,163,162,9220,2019,3897256.0,21073312.0,0.6957300000000001,0.181607,NOR,NLD,847989
5643991,166,162,9220,2019,570421.0,2635622.0,0.119281,0.039036,NZL,NLD,847989
5643992,167,162,9220,2019,51924.0,3166543.0,-0.40120100000000003,-0.881602,OMN,NLD,847989
5643993,168,162,9220,2019,0.0,196554.0,-0.6909270000000001,0.8651120000000001,PAK,NLD,847989
5643994,169,162,9220,2019,176036.0,47056.0,0.00926,-0.308483,PAN,NLD,847989
5643995,173,162,9220,2019,6347.0,1168910.0,-0.76944,-0.216619,PER,NLD,847989
5643996,174,162,9220,2019,240508.0,168480.0,0.762884,0.3318,PHL,NLD,847989
5643997,176,162,9220,2019,33764.0,258086.0,-1.654143,-1.249707,PNG,NLD,847989
5643998,177,162,9220,2019,10430356.0,24518756.0,1.088347,1.275875,POL,NLD,847989
5643999,179,162,9220,2019,2432375.0,6607961.0,0.545467,2.344447,PRT,NLD,847989
5644000,180,162,9220,2019,0.0,128952.0,-0.500999,-0.8635219999999999,PRY,NLD,847989
5644001,182,162,9220,2019,57430.0,12993.0,0.30119,-0.39213000000000003,PYF,NLD,847989
5644002,183,162,9220,2019,54016.0,3499470.0,-0.064127,-1.065046,QAT,NLD,847989
5644003,185,162,9220,2019,8354026.0,8125047.0,1.044289,1.013691,ROU,NLD,847989
5644004,186,162,9220,2019,893586.0,22262060.0,0.329884,0.26215,RUS,NLD,847989
5644005,187,162,9220,2019,0.0,1225.0,-0.812602,-0.737603,RWA,NLD,847989
5644006,188,162,9220,2019,148147.0,6225070.0,0.787798,-0.41350600000000004,SAU,NLD,847989
5644007,190,162,9220,2019,0.0,5627.0,-1.25579,-1.208796,SDN,NLD,847989
5644008,191,162,9220,2019,28523.0,3503.0,-0.721992,-0.385479,SEN,NLD,847989
5644009,192,162,9220,2019,26705470.0,35703196.0,2.0264599999999997,0.665506,SGP,NLD,847989
5644010,194,162,9220,2019,0.0,37725.0,1.242378,-0.470654,SHN,NLD,847989
5644011,197,162,9220,2019,0.0,100567.0,0.014037,0.23216599999999998,SLV,NLD,847989
5644012,198,162,9220,2019,0.0,122795.0,1.144691,0.7038989999999999,SMR,NLD,847989
5644013,201,162,9220,2019,2091.0,1102991.0,0.543913,1.210102,SRB,NLD,847989
5644014,205,162,9220,2019,1848.0,213995.0,-0.369004,-1.017133,SUR,NLD,847989
5644015,206,162,9220,2019,4059635.0,3123717.0,1.39311,0.743107,SVK,NLD,847989
5644016,207,162,9220,2019,968779.0,1018662.0,1.63711,0.803198,SVN,NLD,847989
5644017,208,162,9220,2019,16817400.0,33332092.0,1.781148,0.742037,SWE,NLD,847989
5644018,210,162,9220,2019,0.0,24960.0,0.8903719999999999,0.116156,SXM,NLD,847989
5644019,211,162,9220,2019,0.0,2593.0,0.024113,-0.711363,SYC,NLD,847989
5644020,214,162,9220,2019,0.0,22163.0,-2.636669,-1.033665,TCD,NLD,847989
5644021,215,162,9220,2019,0.0,30349.0,-0.823204,-0.819535,TGO,NLD,847989
5644022,216,162,9220,2019,184702.0,2630643.0,0.9744229999999999,1.401199,THA,NLD,847989
5644023,219,162,9220,2019,0.0,7479.0,-0.9725950000000001,-1.16562,TKM,NLD,847989
5644024,222,162,9220,2019,17166.0,2035.0,0.1861,-0.874604,TTO,NLD,847989
5644025,223,162,9220,2019,34066.0,309608.0,0.19601300000000002,1.159766,TUN,NLD,847989
5644026,224,162,9220,2019,2154744.0,10227513.0,0.569408,2.364546,TUR,NLD,847989
5644027,226,162,9220,2019,16069.0,66411.0,-0.907172,0.37293899999999996,TZA,NLD,847989
5644028,227,162,9220,2019,0.0,3734.0,-0.639476,0.148255,UGA,NLD,847989
5644029,228,162,9220,2019,163348.0,1447256.0,0.303802,0.5650270000000001,UKR,NLD,847989
5644030,229,162,9220,2019,0.0,8484.0,1.4488940000000001,-0.266596,UMI,NLD,847989
5644031,230,162,9220,2019,0.0,8265.0,-0.077549,-0.473943,URY,NLD,847989
5644032,231,162,9220,2019,118618320.0,100185288.0,1.606808,0.3232,USA,NLD,847989
5644033,232,162,9220,2019,0.0,9879.0,-0.5856060000000001,-0.311248,UZB,NLD,847989
5644034,236,162,9220,2019,0.0,3431.0,-1.318175,-1.2506110000000001,VEN,NLD,847989
5644035,237,162,9220,2019,0.0,6225.0,1.145175,-0.41776199999999997,VGB,NLD,847989
5644036,239,162,9220,2019,206757.0,4425950.0,-0.048147,1.098784,VNM,NLD,847989
5644037,243,162,9220,2019,0.0,8075.0,-1.4367860000000001,-1.262101,YEM,NLD,847989
5644038,246,162,9220,2019,157455.0,3916543.0,0.129921,1.101027,ZAF,NLD,847989
5644039,247,162,9220,2019,0.0,49537.0,-0.629261,-0.8471489999999999,ZMB,NLD,847989
5644040,249,162,9220,2019,8015826.0,13510076.0,2.123296,1.1786969999999999,TWN,NLD,847989
5644041,250,162,9220,2019,3235780.0,1476422.0,0.8996129999999999,-0.152746,ANS,NLD,847989
5644042,1,163,9220,2019,0.0,4512.0,-1.187576,-0.7731979999999999,AFG,NOR,847989
5644043,2,163,9220,2019,303708.0,1077355.0,-1.096127,-1.195434,AGO,NOR,847989
5644044,7,163,9220,2019,1316547.0,4136540.0,-0.165113,-0.8973540000000001,ARE,NOR,847989
5644045,8,163,9220,2019,953.0,64898.0,-0.136634,0.127073,ARG,NOR,847989
5644046,9,163,9220,2019,0.0,857.0,-0.203986,-0.667607,ARM,NOR,847989
5644047,14,163,9220,2019,1178258.0,1564576.0,-0.294558,-0.180198,AUS,NOR,847989
5644048,15,163,9220,2019,4108061.0,70374.0,1.743927,-0.076778,AUT,NOR,847989
5644049,16,163,9220,2019,123602.0,1544252.0,-1.005636,-1.2094209999999999,AZE,NOR,847989
5644050,18,163,9220,2019,1448190.0,429555.0,1.2555969999999999,1.168642,BEL,NOR,847989
5644051,22,163,9220,2019,0.0,10812.0,-1.113148,-0.9513299999999999,BGD,NOR,847989
5644052,23,163,9220,2019,1225.0,6938.0,0.572997,1.863346,BGR,NOR,847989
5644053,24,163,9220,2019,0.0,7954.0,0.378349,-0.621468,BHR,NOR,847989
5644054,25,163,9220,2019,0.0,34117.0,-0.10707799999999999,-0.7419720000000001,BHS,NOR,847989
5644055,26,163,9220,2019,1249.0,554.0,0.6525,0.83988,BIH,NOR,847989
5644056,28,163,9220,2019,954094.0,0.0,0.7849649999999999,0.8951600000000001,BLR,NOR,847989
5644057,31,163,9220,2019,0.0,14038.0,-1.012748,-0.999245,BOL,NOR,847989
5644058,32,163,9220,2019,70767.0,3065347.0,0.076947,0.660604,BRA,NOR,847989
5644059,34,163,9220,2019,16859.0,35530.0,0.9608620000000001,-0.7012619999999999,BRN,NOR,847989
5644060,39,163,9220,2019,2520744.0,3470061.0,0.657292,1.187872,CAN,NOR,847989
5644061,41,163,9220,2019,10708685.0,1258788.0,2.1990849999999997,0.8394229999999999,CHE,NOR,847989
5644062,42,163,9220,2019,190997.0,1014626.0,-0.34416199999999997,-0.432674,CHL,NOR,847989
5644063,43,163,9220,2019,7812224.0,16443715.0,1.196265,1.2258870000000002,CHN,NOR,847989
5644064,44,163,9220,2019,1118155.0,127110.0,-0.9916719999999999,-0.960625,CIV,NOR,847989
5644065,45,163,9220,2019,0.0,15961.0,-1.461279,-1.214274,CMR,NOR,847989
5644066,46,163,9220,2019,0.0,58264.0,-1.2685879999999998,-1.148403,COD,NOR,847989
5644067,47,163,9220,2019,189727.0,196401.0,-1.305193,-1.162808,COG,NOR,847989
5644068,49,163,9220,2019,1493.0,4108.0,0.099936,-0.15568800000000002,COL,NOR,847989
5644069,52,163,9220,2019,1722.0,0.0,0.38045,0.08960900000000001,CRI,NOR,847989
5644070,57,163,9220,2019,22679.0,0.0,0.27157800000000004,-0.901875,CYM,NOR,847989
5644071,58,163,9220,2019,17676.0,12317.0,0.657782,0.209481,CYP,NOR,847989
5644072,59,163,9220,2019,4108090.0,37840.0,1.797611,0.406708,CZE,NOR,847989
5644073,61,163,9220,2019,87139400.0,2686474.0,2.078626,-2.124816,DEU,NOR,847989
5644074,64,163,9220,2019,45730604.0,7749856.0,1.0768280000000001,1.2615610000000002,DNK,NOR,847989
5644075,65,163,9220,2019,0.0,6376.0,-0.20594,0.309785,DOM,NOR,847989
5644076,67,163,9220,2019,5757.0,84884.0,-1.12261,-1.094275,ECU,NOR,847989
5644077,68,163,9220,2019,0.0,2950832.0,-0.152353,1.5426309999999999,EGY,NOR,847989
5644078,71,163,9220,2019,1716746.0,2667066.0,0.678454,3.007838,ESP,NOR,847989
5644079,72,163,9220,2019,918302.0,375063.0,0.962284,1.346195,EST,NOR,847989
5644080,74,163,9220,2019,11008304.0,1407434.0,1.495278,1.034435,FIN,NOR,847989
5644081,77,163,9220,2019,2389598.0,2766798.0,1.380982,0.9510629999999999,FRA,NOR,847989
5644082,78,163,9220,2019,15802.0,428722.0,-1.164816,-0.9571540000000001,FRO,NOR,847989
5644083,80,163,9220,2019,0.0,20644.0,-1.08556,-1.183434,GAB,NOR,847989
5644084,81,163,9220,2019,55211896.0,18351330.0,1.731106,0.717566,GBR,NOR,847989
5644085,82,163,9220,2019,0.0,16111.0,-0.057798,-0.206771,GEO,NOR,847989
5644086,83,163,9220,2019,101560.0,197437.0,-0.9581,-0.8727879999999999,GHA,NOR,847989
5644087,89,163,9220,2019,0.0,1587593.0,-1.9057680000000001,-0.968132,GNQ,NOR,847989
5644088,90,163,9220,2019,7897.0,218514.0,0.08904400000000001,1.059396,GRC,NOR,847989
5644089,92,163,9220,2019,0.0,114798.0,-0.808258,-0.936559,GRL,NOR,847989
5644090,97,163,9220,2019,50261.0,102571.0,0.992556,1.523004,HKG,NOR,847989
5644091,100,163,9220,2019,489367.0,322833.0,0.850527,1.280845,HRV,NOR,847989
5644092,102,163,9220,2019,484332.0,12607.0,1.462102,0.809183,HUN,NOR,847989
5644093,103,163,9220,2019,770.0,422808.0,-0.141811,1.385726,IDN,NOR,847989
5644094,104,163,9220,2019,387608.0,204244.0,0.43196,2.661139,IND,NOR,847989
5644095,106,163,9220,2019,229295.0,80097.0,1.3812389999999999,-0.025366,IRL,NOR,847989
5644096,108,163,9220,2019,0.0,84045.0,-1.593359,-0.9927860000000001,IRQ,NOR,847989
5644097,109,163,9220,2019,1457895.0,1787894.0,0.378873,-0.162129,ISL,NOR,847989
5644098,110,163,9220,2019,283598.0,2590282.0,1.488686,0.823376,ISR,NOR,847989
5644099,111,163,9220,2019,16799988.0,2104343.0,1.25898,0.926639,ITA,NOR,847989
5644100,113,163,9220,2019,1336.0,0.0,-0.003529,0.255816,JOR,NOR,847989
5644101,114,163,9220,2019,1068809.0,328941.0,2.4931509999999997,-0.558811,JPN,NOR,847989
5644102,115,163,9220,2019,8809.0,170725.0,-0.26529400000000003,-0.523479,KAZ,NOR,847989
5644103,118,163,9220,2019,0.0,7731.0,-0.7499359999999999,-0.627125,KHM,NOR,847989
5644104,121,163,9220,2019,223929.0,28046614.0,2.115482,0.696838,KOR,NOR,847989
5644105,122,163,9220,2019,976.0,0.0,0.081686,-1.087259,KWT,NOR,847989
5644106,124,163,9220,2019,0.0,2425.0,0.26155700000000004,1.062317,LBN,NOR,847989
5644107,125,163,9220,2019,0.0,4057.0,-1.288568,-1.172395,LBR,NOR,847989
5644108,128,163,9220,2019,0.0,6024.0,-0.592952,0.394811,LKA,NOR,847989
5644109,130,163,9220,2019,368659.0,270674.0,0.858456,1.364581,LTU,NOR,847989
5644110,131,163,9220,2019,96197.0,115357.0,1.234145,1.3754309999999998,LUX,NOR,847989
5644111,132,163,9220,2019,12346.0,83740.0,0.7804300000000001,1.159592,LVA,NOR,847989
5644112,138,163,9220,2019,733250.0,211366.0,1.083041,0.569353,MEX,NOR,847989
5644113,139,163,9220,2019,0.0,14424.0,-0.592066,-0.900875,MHL,NOR,847989
5644114,140,163,9220,2019,2040.0,0.0,0.050624,-0.11143299999999999,MKD,NOR,847989
5644115,142,163,9220,2019,21293.0,4766.0,0.893992,0.25255500000000003,MLT,NOR,847989
5644116,147,163,9220,2019,0.0,2627.0,-1.264532,-1.072626,MOZ,NOR,847989
5644117,148,163,9220,2019,0.0,9309.0,-1.711918,-1.339005,MRT,NOR,847989
5644118,151,163,9220,2019,0.0,220797.0,-0.15909600000000002,0.034770999999999996,MUS,NOR,847989
5644119,153,163,9220,2019,131987.0,1236669.0,1.192967,0.730971,MYS,NOR,847989
5644120,155,163,9220,2019,1421.0,0.0,-0.545575,-0.744274,NAM,NOR,847989
5644121,159,163,9220,2019,0.0,843133.0,-1.7383970000000002,-1.220333,NGA,NOR,847989
5644122,162,163,9220,2019,21073312.0,3897256.0,1.145044,1.3523530000000001,NLD,NOR,847989
5644123,166,163,9220,2019,27782.0,264839.0,0.119281,0.039036,NZL,NOR,847989
5644124,167,163,9220,2019,0.0,112369.0,-0.40120100000000003,-0.881602,OMN,NOR,847989
5644125,169,163,9220,2019,0.0,393244.0,0.00926,-0.308483,PAN,NOR,847989
5644126,173,163,9220,2019,0.0,456311.0,-0.76944,-0.216619,PER,NOR,847989
5644127,174,163,9220,2019,44803.0,7785.0,0.762884,0.3318,PHL,NOR,847989
5644128,176,163,9220,2019,0.0,5524.0,-1.654143,-1.249707,PNG,NOR,847989
5644129,177,163,9220,2019,7514833.0,5949564.0,1.088347,1.275875,POL,NOR,847989
5644130,179,163,9220,2019,182097.0,473817.0,0.545467,2.344447,PRT,NOR,847989
5644131,182,163,9220,2019,0.0,1137.0,0.30119,-0.39213000000000003,PYF,NOR,847989
5644132,183,163,9220,2019,31310.0,178639.0,-0.064127,-1.065046,QAT,NOR,847989
5644133,185,163,9220,2019,9579089.0,1628576.0,1.044289,1.013691,ROU,NOR,847989
5644134,186,163,9220,2019,286920.0,4684243.0,0.329884,0.26215,RUS,NOR,847989
5644135,188,163,9220,2019,26195.0,1608280.0,0.787798,-0.41350600000000004,SAU,NOR,847989
5644136,191,163,9220,2019,0.0,7527.0,-0.721992,-0.385479,SEN,NOR,847989
5644137,192,163,9220,2019,9442913.0,1076357.0,2.0264599999999997,0.665506,SGP,NOR,847989
5644138,201,163,9220,2019,0.0,827.0,0.543913,1.210102,SRB,NOR,847989
5644139,206,163,9220,2019,734546.0,866.0,1.39311,0.743107,SVK,NOR,847989
5644140,207,163,9220,2019,39700.0,12129.0,1.63711,0.803198,SVN,NOR,847989
5644141,208,163,9220,2019,38126016.0,5278388.0,1.781148,0.742037,SWE,NOR,847989
5644142,214,163,9220,2019,0.0,13264.0,-2.636669,-1.033665,TCD,NOR,847989
5644143,216,163,9220,2019,13285.0,36840.0,0.9744229999999999,1.401199,THA,NOR,847989
5644144,219,163,9220,2019,0.0,16565.0,-0.9725950000000001,-1.16562,TKM,NOR,847989
5644145,222,163,9220,2019,3209.0,1124640.0,0.1861,-0.874604,TTO,NOR,847989
5644146,223,163,9220,2019,483512.0,595187.0,0.19601300000000002,1.159766,TUN,NOR,847989
5644147,224,163,9220,2019,857279.0,5167042.0,0.569408,2.364546,TUR,NOR,847989
5644148,228,163,9220,2019,11963.0,1887.0,0.303802,0.5650270000000001,UKR,NOR,847989
5644149,230,163,9220,2019,15135.0,0.0,-0.077549,-0.473943,URY,NOR,847989
5644150,231,163,9220,2019,70762856.0,20529388.0,1.606808,0.3232,USA,NOR,847989
5644151,236,163,9220,2019,0.0,1274.0,-1.318175,-1.2506110000000001,VEN,NOR,847989
5644152,239,163,9220,2019,76950.0,1390148.0,-0.048147,1.098784,VNM,NOR,847989
5644153,246,163,9220,2019,442054.0,86196.0,0.129921,1.101027,ZAF,NOR,847989
5644154,248,163,9220,2019,0.0,6137.0,-0.9993780000000001,-1.018174,ZWE,NOR,847989
5644155,249,163,9220,2019,839836.0,180620.0,2.123296,1.1786969999999999,TWN,NOR,847989
5644156,7,166,9220,2019,32648.0,15534.0,-0.165113,-0.8973540000000001,ARE,NZL,847989
5644157,8,166,9220,2019,0.0,13990.0,-0.136634,0.127073,ARG,NZL,847989
5644158,14,166,9220,2019,14987468.0,5730788.0,-0.294558,-0.180198,AUS,NZL,847989
5644159,15,166,9220,2019,4029079.0,570.0,1.743927,-0.076778,AUT,NZL,847989
5644160,16,166,9220,2019,0.0,98798.0,-1.005636,-1.2094209999999999,AZE,NZL,847989
5644161,18,166,9220,2019,162940.0,1998.0,1.2555969999999999,1.168642,BEL,NZL,847989
5644162,23,166,9220,2019,0.0,18600.0,0.572997,1.863346,BGR,NZL,847989
5644163,28,166,9220,2019,2085.0,0.0,0.7849649999999999,0.8951600000000001,BLR,NZL,847989
5644164,32,166,9220,2019,7623.0,3101.0,0.076947,0.660604,BRA,NZL,847989
5644165,34,166,9220,2019,0.0,1082.0,0.9608620000000001,-0.7012619999999999,BRN,NZL,847989
5644166,39,166,9220,2019,1084172.0,987391.0,0.657292,1.187872,CAN,NZL,847989
5644167,41,166,9220,2019,934865.0,93025.0,2.1990849999999997,0.8394229999999999,CHE,NZL,847989
5644168,42,166,9220,2019,1125468.0,608169.0,-0.34416199999999997,-0.432674,CHL,NZL,847989
5644169,43,166,9220,2019,14899863.0,1803000.0,1.196265,1.2258870000000002,CHN,NZL,847989
5644170,48,166,9220,2019,0.0,168358.0,0.430439,-0.7410720000000001,COK,NZL,847989
5644171,49,166,9220,2019,0.0,20671.0,0.099936,-0.15568800000000002,COL,NZL,847989
5644172,52,166,9220,2019,378975.0,0.0,0.38045,0.08960900000000001,CRI,NZL,847989
5644173,59,166,9220,2019,415308.0,0.0,1.797611,0.406708,CZE,NZL,847989
5644174,61,166,9220,2019,9933334.0,50025.0,2.078626,-2.124816,DEU,NZL,847989
5644175,64,166,9220,2019,1157094.0,272950.0,1.0768280000000001,1.2615610000000002,DNK,NZL,847989
5644176,68,166,9220,2019,0.0,3546.0,-0.152353,1.5426309999999999,EGY,NZL,847989
5644177,71,166,9220,2019,437054.0,5492.0,0.678454,3.007838,ESP,NZL,847989
5644178,72,166,9220,2019,371593.0,0.0,0.962284,1.346195,EST,NZL,847989
5644179,74,166,9220,2019,91434.0,1052.0,1.495278,1.034435,FIN,NZL,847989
5644180,75,166,9220,2019,2271.0,900092.0,-0.274278,-0.049333,FJI,NZL,847989
5644181,77,166,9220,2019,1044527.0,125675.0,1.380982,0.9510629999999999,FRA,NZL,847989
5644182,79,166,9220,2019,0.0,56667.0,-1.11436,-0.9806819999999999,FSM,NZL,847989
5644183,81,166,9220,2019,2353970.0,2033543.0,1.731106,0.717566,GBR,NZL,847989
5644184,90,166,9220,2019,0.0,265420.0,0.08904400000000001,1.059396,GRC,NZL,847989
5644185,97,166,9220,2019,11843.0,19530.0,0.992556,1.523004,HKG,NZL,847989
5644186,102,166,9220,2019,814638.0,0.0,1.462102,0.809183,HUN,NZL,847989
5644187,103,166,9220,2019,43760.0,4475.0,-0.141811,1.385726,IDN,NZL,847989
5644188,104,166,9220,2019,181486.0,47052.0,0.43196,2.661139,IND,NZL,847989
5644189,106,166,9220,2019,43483.0,15787.0,1.3812389999999999,-0.025366,IRL,NZL,847989
5644190,109,166,9220,2019,2129.0,0.0,0.378873,-0.162129,ISL,NZL,847989
5644191,110,166,9220,2019,2681051.0,1550.0,1.488686,0.823376,ISR,NZL,847989
5644192,111,166,9220,2019,6776153.0,16678.0,1.25898,0.926639,ITA,NZL,847989
5644193,114,166,9220,2019,4777391.0,2454768.0,2.4931509999999997,-0.558811,JPN,NZL,847989
5644194,121,166,9220,2019,2372022.0,31708.0,2.115482,0.696838,KOR,NZL,847989
5644195,130,166,9220,2019,58685.0,0.0,0.858456,1.364581,LTU,NZL,847989
5644196,134,166,9220,2019,0.0,38236.0,-0.747739,-0.154125,MAR,NZL,847989
5644197,137,166,9220,2019,0.0,47738.0,-0.37792800000000004,-0.8963059999999999,MDV,NZL,847989
5644198,138,166,9220,2019,298075.0,98602.0,1.083041,0.569353,MEX,NZL,847989
5644199,140,166,9220,2019,46223.0,0.0,0.050624,-0.11143299999999999,MKD,NZL,847989
5644200,142,166,9220,2019,10878.0,3196.0,0.893992,0.25255500000000003,MLT,NZL,847989
5644201,153,166,9220,2019,338650.0,81342.0,1.192967,0.730971,MYS,NZL,847989
5644202,156,166,9220,2019,0.0,32036.0,-0.342544,-0.867944,NCL,NZL,847989
5644203,158,166,9220,2019,0.0,19096.0,0.92635,-0.31332,NFK,NZL,847989
5644204,159,166,9220,2019,0.0,129150.0,-1.7383970000000002,-1.220333,NGA,NZL,847989
5644205,161,166,9220,2019,0.0,7345.0,1.3109819999999999,-0.730798,NIU,NZL,847989
5644206,162,166,9220,2019,2635622.0,570421.0,1.145044,1.3523530000000001,NLD,NZL,847989
5644207,163,166,9220,2019,264839.0,27782.0,0.6957300000000001,0.181607,NOR,NZL,847989
5644208,168,166,9220,2019,0.0,24222.0,-0.6909270000000001,0.8651120000000001,PAK,NZL,847989
5644209,169,166,9220,2019,0.0,10040.0,0.00926,-0.308483,PAN,NZL,847989
5644210,177,166,9220,2019,131505.0,5338.0,1.088347,1.275875,POL,NZL,847989
5644211,179,166,9220,2019,49549.0,0.0,0.545467,2.344447,PRT,NZL,847989
5644212,182,166,9220,2019,0.0,70985.0,0.30119,-0.39213000000000003,PYF,NZL,847989
5644213,183,166,9220,2019,0.0,75136.0,-0.064127,-1.065046,QAT,NZL,847989
5644214,185,166,9220,2019,113300.0,0.0,1.044289,1.013691,ROU,NZL,847989
5644215,186,166,9220,2019,1580.0,25282.0,0.329884,0.26215,RUS,NZL,847989
5644216,188,166,9220,2019,0.0,760685.0,0.787798,-0.41350600000000004,SAU,NZL,847989
5644217,192,166,9220,2019,522158.0,60432.0,2.0264599999999997,0.665506,SGP,NZL,847989
5644218,206,166,9220,2019,18284.0,0.0,1.39311,0.743107,SVK,NZL,847989
5644219,207,166,9220,2019,54603.0,0.0,1.63711,0.803198,SVN,NZL,847989
5644220,208,166,9220,2019,1317389.0,84865.0,1.781148,0.742037,SWE,NZL,847989
5644221,216,166,9220,2019,73115.0,71362.0,0.9744229999999999,1.401199,THA,NZL,847989
5644222,221,166,9220,2019,0.0,39386.0,-0.057787,-0.671035,TON,NZL,847989
5644223,224,166,9220,2019,4222.0,3283.0,0.569408,2.364546,TUR,NZL,847989
5644224,228,166,9220,2019,0.0,2108.0,0.303802,0.5650270000000001,UKR,NZL,847989
5644225,231,166,9220,2019,10525692.0,10621483.0,1.606808,0.3232,USA,NZL,847989
5644226,239,166,9220,2019,39969.0,30287.0,-0.048147,1.098784,VNM,NZL,847989
5644227,240,166,9220,2019,0.0,11255.0,-0.88634,-0.943023,VUT,NZL,847989
5644228,242,166,9220,2019,0.0,189814.0,0.22290700000000002,-0.164178,WSM,NZL,847989
5644229,246,166,9220,2019,84956.0,109473.0,0.129921,1.101027,ZAF,NZL,847989
5644230,248,166,9220,2019,0.0,2769.0,-0.9993780000000001,-1.018174,ZWE,NZL,847989
5644231,249,166,9220,2019,613257.0,5897.0,2.123296,1.1786969999999999,TWN,NZL,847989
5644232,1,168,9220,2019,0.0,3733.0,-1.187576,-0.7731979999999999,AFG,PAK,847989
5644233,2,168,9220,2019,0.0,7756.0,-1.096127,-1.195434,AGO,PAK,847989
5644234,7,168,9220,2019,2429788.0,394736.0,-0.165113,-0.8973540000000001,ARE,PAK,847989
5644235,8,168,9220,2019,24545.0,0.0,-0.136634,0.127073,ARG,PAK,847989
5644236,9,168,9220,2019,448.0,0.0,-0.203986,-0.667607,ARM,PAK,847989
5644237,14,168,9220,2019,96009.0,0.0,-0.294558,-0.180198,AUS,PAK,847989
5644238,15,168,9220,2019,29473.0,0.0,1.743927,-0.076778,AUT,PAK,847989
5644239,18,168,9220,2019,4691398.0,0.0,1.2555969999999999,1.168642,BEL,PAK,847989
5644240,22,168,9220,2019,80091.0,13327.0,-1.113148,-0.9513299999999999,BGD,PAK,847989
5644241,32,168,9220,2019,33239.0,0.0,0.076947,0.660604,BRA,PAK,847989
5644242,37,168,9220,2019,0.0,1067.0,-0.492807,-1.152651,BWA,PAK,847989
5644243,39,168,9220,2019,60647.0,23414.0,0.657292,1.187872,CAN,PAK,847989
5644244,41,168,9220,2019,2595381.0,0.0,2.1990849999999997,0.8394229999999999,CHE,PAK,847989
5644245,42,168,9220,2019,3859.0,1268.0,-0.34416199999999997,-0.432674,CHL,PAK,847989
5644246,43,168,9220,2019,33761748.0,506027.0,1.196265,1.2258870000000002,CHN,PAK,847989
5644247,49,168,9220,2019,1191.0,0.0,0.099936,-0.15568800000000002,COL,PAK,847989
5644248,59,168,9220,2019,136829.0,0.0,1.797611,0.406708,CZE,PAK,847989
5644249,61,168,9220,2019,10401475.0,15655.0,2.078626,-2.124816,DEU,PAK,847989
5644250,64,168,9220,2019,77594.0,0.0,1.0768280000000001,1.2615610000000002,DNK,PAK,847989
5644251,66,168,9220,2019,0.0,16346.0,-1.008866,-1.215228,DZA,PAK,847989
5644252,68,168,9220,2019,0.0,33534.0,-0.152353,1.5426309999999999,EGY,PAK,847989
5644253,71,168,9220,2019,69986.0,2474.0,0.678454,3.007838,ESP,PAK,847989
5644254,74,168,9220,2019,2310.0,0.0,1.495278,1.034435,FIN,PAK,847989
5644255,77,168,9220,2019,44436.0,40175.0,1.380982,0.9510629999999999,FRA,PAK,847989
5644256,81,168,9220,2019,313643.0,18376.0,1.731106,0.717566,GBR,PAK,847989
5644257,97,168,9220,2019,111270.0,0.0,0.992556,1.523004,HKG,PAK,847989
5644258,102,168,9220,2019,8603.0,0.0,1.462102,0.809183,HUN,PAK,847989
5644259,103,168,9220,2019,24696.0,0.0,-0.141811,1.385726,IDN,PAK,847989
5644260,104,168,9220,2019,1074927.0,0.0,0.43196,2.661139,IND,PAK,847989
5644261,106,168,9220,2019,23287.0,0.0,1.3812389999999999,-0.025366,IRL,PAK,847989
5644262,107,168,9220,2019,281846.0,0.0,-0.386813,-0.467873,IRN,PAK,847989
5644263,111,168,9220,2019,3761928.0,2738.0,1.25898,0.926639,ITA,PAK,847989
5644264,114,168,9220,2019,7649572.0,11319.0,2.4931509999999997,-0.558811,JPN,PAK,847989
5644265,121,168,9220,2019,2966046.0,0.0,2.115482,0.696838,KOR,PAK,847989
5644266,122,168,9220,2019,72220.0,63590.0,0.081686,-1.087259,KWT,PAK,847989
5644267,125,168,9220,2019,0.0,7030.0,-1.288568,-1.172395,LBR,PAK,847989
5644268,130,168,9220,2019,2515.0,0.0,0.858456,1.364581,LTU,PAK,847989
5644269,131,168,9220,2019,734.0,0.0,1.234145,1.3754309999999998,LUX,PAK,847989
5644270,138,168,9220,2019,104802.0,0.0,1.083041,0.569353,MEX,PAK,847989
5644271,152,168,9220,2019,0.0,3212.0,-1.0178479999999999,-1.1028879999999999,MWI,PAK,847989
5644272,153,168,9220,2019,275759.0,2448.0,1.192967,0.730971,MYS,PAK,847989
5644273,155,168,9220,2019,0.0,8166.0,-0.545575,-0.744274,NAM,PAK,847989
5644274,159,168,9220,2019,0.0,224568.0,-1.7383970000000002,-1.220333,NGA,PAK,847989
5644275,162,168,9220,2019,196554.0,0.0,1.145044,1.3523530000000001,NLD,PAK,847989
5644276,166,168,9220,2019,24222.0,0.0,0.119281,0.039036,NZL,PAK,847989
5644277,167,168,9220,2019,0.0,11403.0,-0.40120100000000003,-0.881602,OMN,PAK,847989
5644278,174,168,9220,2019,1218555.0,0.0,0.762884,0.3318,PHL,PAK,847989
5644279,177,168,9220,2019,653180.0,0.0,1.088347,1.275875,POL,PAK,847989
5644280,183,168,9220,2019,0.0,368653.0,-0.064127,-1.065046,QAT,PAK,847989
5644281,185,168,9220,2019,174977.0,0.0,1.044289,1.013691,ROU,PAK,847989
5644282,186,168,9220,2019,15183.0,0.0,0.329884,0.26215,RUS,PAK,847989
5644283,188,168,9220,2019,0.0,147508.0,0.787798,-0.41350600000000004,SAU,PAK,847989
5644284,190,168,9220,2019,0.0,2083.0,-1.25579,-1.208796,SDN,PAK,847989
5644285,192,168,9220,2019,3344120.0,632326.0,2.0264599999999997,0.665506,SGP,PAK,847989
5644286,207,168,9220,2019,10443.0,0.0,1.63711,0.803198,SVN,PAK,847989
5644287,208,168,9220,2019,824303.0,0.0,1.781148,0.742037,SWE,PAK,847989
5644288,209,168,9220,2019,81471.0,0.0,0.087181,-0.760434,SWZ,PAK,847989
5644289,216,168,9220,2019,468877.0,2026.0,0.9744229999999999,1.401199,THA,PAK,847989
5644290,223,168,9220,2019,14191.0,0.0,0.19601300000000002,1.159766,TUN,PAK,847989
5644291,224,168,9220,2019,2738634.0,0.0,0.569408,2.364546,TUR,PAK,847989
5644292,227,168,9220,2019,0.0,790.0,-0.639476,0.148255,UGA,PAK,847989
5644293,228,168,9220,2019,6964.0,0.0,0.303802,0.5650270000000001,UKR,PAK,847989
5644294,231,168,9220,2019,1709854.0,50617.0,1.606808,0.3232,USA,PAK,847989
5644295,232,168,9220,2019,0.0,149555.0,-0.5856060000000001,-0.311248,UZB,PAK,847989
5644296,239,168,9220,2019,8345.0,0.0,-0.048147,1.098784,VNM,PAK,847989
5644297,246,168,9220,2019,10080.0,18239.0,0.129921,1.101027,ZAF,PAK,847989
5644298,249,168,9220,2019,782964.0,9166.0,2.123296,1.1786969999999999,TWN,PAK,847989
5644299,250,168,9220,2019,3170279.0,0.0,0.8996129999999999,-0.152746,ANS,PAK,847989
5644300,2,169,9220,2019,0.0,19238.0,-1.096127,-1.195434,AGO,PAN,847989
5644301,8,169,9220,2019,11651.0,0.0,-0.136634,0.127073,ARG,PAN,847989
5644302,14,169,9220,2019,27666.0,0.0,-0.294558,-0.180198,AUS,PAN,847989
5644303,15,169,9220,2019,5757.0,0.0,1.743927,-0.076778,AUT,PAN,847989
5644304,18,169,9220,2019,29001.0,0.0,1.2555969999999999,1.168642,BEL,PAN,847989
5644305,29,169,9220,2019,0.0,4667.0,-0.484834,-0.638616,BLZ,PAN,847989
5644306,32,169,9220,2019,261410.0,6761.0,0.076947,0.660604,BRA,PAN,847989
5644307,39,169,9220,2019,586172.0,2490.0,0.657292,1.187872,CAN,PAN,847989
5644308,41,169,9220,2019,31666.0,0.0,2.1990849999999997,0.8394229999999999,CHE,PAN,847989
5644309,42,169,9220,2019,0.0,15198.0,-0.34416199999999997,-0.432674,CHL,PAN,847989
5644310,43,169,9220,2019,7312038.0,0.0,1.196265,1.2258870000000002,CHN,PAN,847989
5644311,49,169,9220,2019,429168.0,5885.0,0.099936,-0.15568800000000002,COL,PAN,847989
5644312,52,169,9220,2019,60675.0,54556.0,0.38045,0.08960900000000001,CRI,PAN,847989
5644313,59,169,9220,2019,66584.0,0.0,1.797611,0.406708,CZE,PAN,847989
5644314,61,169,9220,2019,4820040.0,7399.0,2.078626,-2.124816,DEU,PAN,847989
5644315,64,169,9220,2019,50328.0,0.0,1.0768280000000001,1.2615610000000002,DNK,PAN,847989
5644316,65,169,9220,2019,0.0,28811.0,-0.20594,0.309785,DOM,PAN,847989
5644317,67,169,9220,2019,9861.0,0.0,-1.12261,-1.094275,ECU,PAN,847989
5644318,71,169,9220,2019,824309.0,3698.0,0.678454,3.007838,ESP,PAN,847989
5644319,74,169,9220,2019,44042.0,0.0,1.495278,1.034435,FIN,PAN,847989
5644320,77,169,9220,2019,291830.0,0.0,1.380982,0.9510629999999999,FRA,PAN,847989
5644321,81,169,9220,2019,132004.0,0.0,1.731106,0.717566,GBR,PAN,847989
5644322,83,169,9220,2019,0.0,33746.0,-0.9581,-0.8727879999999999,GHA,PAN,847989
5644323,90,169,9220,2019,18097.0,0.0,0.08904400000000001,1.059396,GRC,PAN,847989
5644324,93,169,9220,2019,24139.0,168344.0,-0.43447299999999994,0.658475,GTM,PAN,847989
5644325,96,169,9220,2019,0.0,4343.0,-0.308365,-0.7833359999999999,GUY,PAN,847989
5644326,97,169,9220,2019,5512.0,0.0,0.992556,1.523004,HKG,PAN,847989
5644327,104,169,9220,2019,507165.0,0.0,0.43196,2.661139,IND,PAN,847989
5644328,110,169,9220,2019,7000.0,0.0,1.488686,0.823376,ISR,PAN,847989
5644329,111,169,9220,2019,923057.0,15356.0,1.25898,0.926639,ITA,PAN,847989
5644330,112,169,9220,2019,0.0,11132.0,-0.18387799999999999,-0.710004,JAM,PAN,847989
5644331,114,169,9220,2019,3512969.0,0.0,2.4931509999999997,-0.558811,JPN,PAN,847989
5644332,121,169,9220,2019,125359.0,0.0,2.115482,0.696838,KOR,PAN,847989
5644333,138,169,9220,2019,333566.0,6196.0,1.083041,0.569353,MEX,PAN,847989
5644334,160,169,9220,2019,111553.0,0.0,-1.058553,-0.854482,NIC,PAN,847989
5644335,162,169,9220,2019,47056.0,176036.0,1.145044,1.3523530000000001,NLD,PAN,847989
5644336,163,169,9220,2019,393244.0,0.0,0.6957300000000001,0.181607,NOR,PAN,847989
5644337,166,169,9220,2019,10040.0,0.0,0.119281,0.039036,NZL,PAN,847989
5644338,173,169,9220,2019,22264.0,0.0,-0.76944,-0.216619,PER,PAN,847989
5644339,177,169,9220,2019,9237.0,0.0,1.088347,1.275875,POL,PAN,847989
5644340,179,169,9220,2019,1434.0,0.0,0.545467,2.344447,PRT,PAN,847989
5644341,180,169,9220,2019,0.0,56955.0,-0.500999,-0.8635219999999999,PRY,PAN,847989
5644342,186,169,9220,2019,19528.0,0.0,0.329884,0.26215,RUS,PAN,847989
5644343,192,169,9220,2019,56009.0,0.0,2.0264599999999997,0.665506,SGP,PAN,847989
5644344,201,169,9220,2019,50593.0,0.0,0.543913,1.210102,SRB,PAN,847989
5644345,205,169,9220,2019,0.0,22802.0,-0.369004,-1.017133,SUR,PAN,847989
5644346,208,169,9220,2019,3071.0,0.0,1.781148,0.742037,SWE,PAN,847989
5644347,224,169,9220,2019,14815.0,0.0,0.569408,2.364546,TUR,PAN,847989
5644348,228,169,9220,2019,3046.0,0.0,0.303802,0.5650270000000001,UKR,PAN,847989
5644349,230,169,9220,2019,1851.0,0.0,-0.077549,-0.473943,URY,PAN,847989
5644350,231,169,9220,2019,5240002.0,251134.0,1.606808,0.3232,USA,PAN,847989
5644351,239,169,9220,2019,1095.0,0.0,-0.048147,1.098784,VNM,PAN,847989
5644352,249,169,9220,2019,12104.0,0.0,2.123296,1.1786969999999999,TWN,PAN,847989
5644353,7,173,9220,2019,5863.0,0.0,-0.165113,-0.8973540000000001,ARE,PER,847989
5644354,8,173,9220,2019,658341.0,23066.0,-0.136634,0.127073,ARG,PER,847989
5644355,14,173,9220,2019,59165.0,0.0,-0.294558,-0.180198,AUS,PER,847989
5644356,15,173,9220,2019,212216.0,0.0,1.743927,-0.076778,AUT,PER,847989
5644357,18,173,9220,2019,87120.0,12395.0,1.2555969999999999,1.168642,BEL,PER,847989
5644358,28,173,9220,2019,10443.0,0.0,0.7849649999999999,0.8951600000000001,BLR,PER,847989
5644359,31,173,9220,2019,0.0,37628.0,-1.012748,-0.999245,BOL,PER,847989
5644360,32,173,9220,2019,3139066.0,0.0,0.076947,0.660604,BRA,PER,847989
5644361,39,173,9220,2019,382855.0,0.0,0.657292,1.187872,CAN,PER,847989
5644362,41,173,9220,2019,141031.0,0.0,2.1990849999999997,0.8394229999999999,CHE,PER,847989
5644363,42,173,9220,2019,2585156.0,404342.0,-0.34416199999999997,-0.432674,CHL,PER,847989
5644364,43,173,9220,2019,6495860.0,0.0,1.196265,1.2258870000000002,CHN,PER,847989
5644365,47,173,9220,2019,38916.0,0.0,-1.305193,-1.162808,COG,PER,847989
5644366,49,173,9220,2019,341967.0,379263.0,0.099936,-0.15568800000000002,COL,PER,847989
5644367,59,173,9220,2019,1087900.0,0.0,1.797611,0.406708,CZE,PER,847989
5644368,61,173,9220,2019,4224500.0,3302.0,2.078626,-2.124816,DEU,PER,847989
5644369,64,173,9220,2019,223243.0,0.0,1.0768280000000001,1.2615610000000002,DNK,PER,847989
5644370,65,173,9220,2019,0.0,19585.0,-0.20594,0.309785,DOM,PER,847989
5644371,67,173,9220,2019,87641.0,489777.0,-1.12261,-1.094275,ECU,PER,847989
5644372,71,173,9220,2019,2832402.0,9137.0,0.678454,3.007838,ESP,PER,847989
5644373,74,173,9220,2019,35524.0,0.0,1.495278,1.034435,FIN,PER,847989
5644374,77,173,9220,2019,292766.0,468716.0,1.380982,0.9510629999999999,FRA,PER,847989
5644375,81,173,9220,2019,783819.0,0.0,1.731106,0.717566,GBR,PER,847989
5644376,93,173,9220,2019,1795.0,1881751.0,-0.43447299999999994,0.658475,GTM,PER,847989
5644377,96,173,9220,2019,0.0,2805.0,-0.308365,-0.7833359999999999,GUY,PER,847989
5644378,97,173,9220,2019,25332.0,0.0,0.992556,1.523004,HKG,PER,847989
5644379,100,173,9220,2019,63092.0,0.0,0.850527,1.280845,HRV,PER,847989
5644380,101,173,9220,2019,0.0,56012.0,-1.120295,-0.967447,HTI,PER,847989
5644381,102,173,9220,2019,68850.0,0.0,1.462102,0.809183,HUN,PER,847989
5644382,104,173,9220,2019,641202.0,0.0,0.43196,2.661139,IND,PER,847989
5644383,108,173,9220,2019,0.0,320310.0,-1.593359,-0.9927860000000001,IRQ,PER,847989
5644384,110,173,9220,2019,26446.0,0.0,1.488686,0.823376,ISR,PER,847989
5644385,111,173,9220,2019,6512360.0,39644.0,1.25898,0.926639,ITA,PER,847989
5644386,114,173,9220,2019,252458.0,17508.0,2.4931509999999997,-0.558811,JPN,PER,847989
5644387,118,173,9220,2019,62646.0,0.0,-0.7499359999999999,-0.627125,KHM,PER,847989
5644388,121,173,9220,2019,1474256.0,0.0,2.115482,0.696838,KOR,PER,847989
5644389,130,173,9220,2019,52213.0,0.0,0.858456,1.364581,LTU,PER,847989
5644390,131,173,9220,2019,4790.0,0.0,1.234145,1.3754309999999998,LUX,PER,847989
5644391,132,173,9220,2019,4710.0,0.0,0.7804300000000001,1.159592,LVA,PER,847989
5644392,138,173,9220,2019,1169526.0,57223.0,1.083041,0.569353,MEX,PER,847989
5644393,142,173,9220,2019,9341.0,0.0,0.893992,0.25255500000000003,MLT,PER,847989
5644394,153,173,9220,2019,31799.0,0.0,1.192967,0.730971,MYS,PER,847989
5644395,162,173,9220,2019,1168910.0,6347.0,1.145044,1.3523530000000001,NLD,PER,847989
5644396,163,173,9220,2019,456311.0,0.0,0.6957300000000001,0.181607,NOR,PER,847989
5644397,169,173,9220,2019,0.0,22264.0,0.00926,-0.308483,PAN,PER,847989
5644398,174,173,9220,2019,1300.0,0.0,0.762884,0.3318,PHL,PER,847989
5644399,177,173,9220,2019,52812.0,0.0,1.088347,1.275875,POL,PER,847989
5644400,179,173,9220,2019,36456.0,7265.0,0.545467,2.344447,PRT,PER,847989
5644401,185,173,9220,2019,8053.0,0.0,1.044289,1.013691,ROU,PER,847989
5644402,186,173,9220,2019,293597.0,0.0,0.329884,0.26215,RUS,PER,847989
5644403,192,173,9220,2019,78157.0,0.0,2.0264599999999997,0.665506,SGP,PER,847989
5644404,197,173,9220,2019,0.0,31334.0,0.014037,0.23216599999999998,SLV,PER,847989
5644405,201,173,9220,2019,21607.0,0.0,0.543913,1.210102,SRB,PER,847989
5644406,205,173,9220,2019,0.0,26619.0,-0.369004,-1.017133,SUR,PER,847989
5644407,206,173,9220,2019,117464.0,0.0,1.39311,0.743107,SVK,PER,847989
5644408,207,173,9220,2019,0.0,1911.0,1.63711,0.803198,SVN,PER,847989
5644409,208,173,9220,2019,522990.0,0.0,1.781148,0.742037,SWE,PER,847989
5644410,216,173,9220,2019,286033.0,0.0,0.9744229999999999,1.401199,THA,PER,847989
5644411,224,173,9220,2019,202831.0,0.0,0.569408,2.364546,TUR,PER,847989
5644412,230,173,9220,2019,34101.0,0.0,-0.077549,-0.473943,URY,PER,847989
5644413,231,173,9220,2019,12584781.0,108009.0,1.606808,0.3232,USA,PER,847989
5644414,239,173,9220,2019,23924.0,0.0,-0.048147,1.098784,VNM,PER,847989
5644415,246,173,9220,2019,9558.0,0.0,0.129921,1.101027,ZAF,PER,847989
5644416,249,173,9220,2019,209333.0,0.0,2.123296,1.1786969999999999,TWN,PER,847989
5644417,250,173,9220,2019,0.0,7062.0,0.8996129999999999,-0.152746,ANS,PER,847989
5644418,7,174,9220,2019,76360.0,0.0,-0.165113,-0.8973540000000001,ARE,PHL,847989
5644419,14,174,9220,2019,845273.0,749144.0,-0.294558,-0.180198,AUS,PHL,847989
5644420,15,174,9220,2019,490452.0,688.0,1.743927,-0.076778,AUT,PHL,847989
5644421,18,174,9220,2019,211004.0,10409.0,1.2555969999999999,1.168642,BEL,PHL,847989
5644422,23,174,9220,2019,25774.0,0.0,0.572997,1.863346,BGR,PHL,847989
5644423,32,174,9220,2019,81378.0,9497.0,0.076947,0.660604,BRA,PHL,847989
5644424,34,174,9220,2019,6609.0,58122.0,0.9608620000000001,-0.7012619999999999,BRN,PHL,847989
5644425,39,174,9220,2019,600965.0,4208.0,0.657292,1.187872,CAN,PHL,847989
5644426,41,174,9220,2019,2182627.0,36526.0,2.1990849999999997,0.8394229999999999,CHE,PHL,847989
5644427,42,174,9220,2019,31103.0,136057.0,-0.34416199999999997,-0.432674,CHL,PHL,847989
5644428,43,174,9220,2019,59621052.0,1752005.0,1.196265,1.2258870000000002,CHN,PHL,847989
5644429,52,174,9220,2019,67455.0,0.0,0.38045,0.08960900000000001,CRI,PHL,847989
5644430,59,174,9220,2019,22960.0,0.0,1.797611,0.406708,CZE,PHL,847989
5644431,61,174,9220,2019,15780859.0,2219617.0,2.078626,-2.124816,DEU,PHL,847989
5644432,64,174,9220,2019,860576.0,0.0,1.0768280000000001,1.2615610000000002,DNK,PHL,847989
5644433,71,174,9220,2019,2196437.0,2960.0,0.678454,3.007838,ESP,PHL,847989
5644434,72,174,9220,2019,115085.0,0.0,0.962284,1.346195,EST,PHL,847989
5644435,74,174,9220,2019,187311.0,1036.0,1.495278,1.034435,FIN,PHL,847989
5644436,77,174,9220,2019,904551.0,17231.0,1.380982,0.9510629999999999,FRA,PHL,847989
5644437,81,174,9220,2019,929506.0,116944.0,1.731106,0.717566,GBR,PHL,847989
5644438,85,174,9220,2019,0.0,12541.0,-1.366633,-1.196123,GIN,PHL,847989
5644439,93,174,9220,2019,8856.0,0.0,-0.43447299999999994,0.658475,GTM,PHL,847989
5644440,97,174,9220,2019,18527804.0,11583202.0,0.992556,1.523004,HKG,PHL,847989
5644441,102,174,9220,2019,3552.0,0.0,1.462102,0.809183,HUN,PHL,847989
5644442,103,174,9220,2019,865191.0,776434.0,-0.141811,1.385726,IDN,PHL,847989
5644443,104,174,9220,2019,1560146.0,2678.0,0.43196,2.661139,IND,PHL,847989
5644444,106,174,9220,2019,1274.0,5647.0,1.3812389999999999,-0.025366,IRL,PHL,847989
5644445,110,174,9220,2019,153737.0,0.0,1.488686,0.823376,ISR,PHL,847989
5644446,111,174,9220,2019,6222828.0,1764.0,1.25898,0.926639,ITA,PHL,847989
5644447,114,174,9220,2019,132474960.0,5617070.0,2.4931509999999997,-0.558811,JPN,PHL,847989
5644448,115,174,9220,2019,0.0,1050.0,-0.26529400000000003,-0.523479,KAZ,PHL,847989
5644449,118,174,9220,2019,57089.0,8593.0,-0.7499359999999999,-0.627125,KHM,PHL,847989
5644450,121,174,9220,2019,27237188.0,2465112.0,2.115482,0.696838,KOR,PHL,847989
5644451,122,174,9220,2019,0.0,1230.0,0.081686,-1.087259,KWT,PHL,847989
5644452,124,174,9220,2019,1017.0,1801.0,0.26155700000000004,1.062317,LBN,PHL,847989
5644453,130,174,9220,2019,1339.0,0.0,0.858456,1.364581,LTU,PHL,847989
5644454,131,174,9220,2019,37698.0,0.0,1.234145,1.3754309999999998,LUX,PHL,847989
5644455,133,174,9220,2019,1822.0,0.0,0.397984,-0.061689,MAC,PHL,847989
5644456,138,174,9220,2019,24387.0,43162.0,1.083041,0.569353,MEX,PHL,847989
5644457,140,174,9220,2019,54949.0,0.0,0.050624,-0.11143299999999999,MKD,PHL,847989
5644458,142,174,9220,2019,175450.0,0.0,0.893992,0.25255500000000003,MLT,PHL,847989
5644459,153,174,9220,2019,13964123.0,914297.0,1.192967,0.730971,MYS,PHL,847989
5644460,162,174,9220,2019,168480.0,240508.0,1.145044,1.3523530000000001,NLD,PHL,847989
5644461,163,174,9220,2019,7785.0,44803.0,0.6957300000000001,0.181607,NOR,PHL,847989
5644462,168,174,9220,2019,0.0,1218555.0,-0.6909270000000001,0.8651120000000001,PAK,PHL,847989
5644463,173,174,9220,2019,0.0,1300.0,-0.76944,-0.216619,PER,PHL,847989
5644464,177,174,9220,2019,217499.0,754239.0,1.088347,1.275875,POL,PHL,847989
5644465,179,174,9220,2019,26310.0,0.0,0.545467,2.344447,PRT,PHL,847989
5644466,180,174,9220,2019,34704.0,30952.0,-0.500999,-0.8635219999999999,PRY,PHL,847989
5644467,182,174,9220,2019,0.0,1639.0,0.30119,-0.39213000000000003,PYF,PHL,847989
5644468,185,174,9220,2019,7701.0,0.0,1.044289,1.013691,ROU,PHL,847989
5644469,186,174,9220,2019,77650.0,0.0,0.329884,0.26215,RUS,PHL,847989
5644470,188,174,9220,2019,10407.0,0.0,0.787798,-0.41350600000000004,SAU,PHL,847989
5644471,192,174,9220,2019,34762432.0,1935629.0,2.0264599999999997,0.665506,SGP,PHL,847989
5644472,207,174,9220,2019,39259.0,570.0,1.63711,0.803198,SVN,PHL,847989
5644473,208,174,9220,2019,1061874.0,56852.0,1.781148,0.742037,SWE,PHL,847989
5644474,216,174,9220,2019,4052080.0,1542976.0,0.9744229999999999,1.401199,THA,PHL,847989
5644475,224,174,9220,2019,308261.0,21885.0,0.569408,2.364546,TUR,PHL,847989
5644476,228,174,9220,2019,3547.0,0.0,0.303802,0.5650270000000001,UKR,PHL,847989
5644477,231,174,9220,2019,11011930.0,1024001.0,1.606808,0.3232,USA,PHL,847989
5644478,239,174,9220,2019,699319.0,6076784.0,-0.048147,1.098784,VNM,PHL,847989
5644479,246,174,9220,2019,0.0,38296.0,0.129921,1.101027,ZAF,PHL,847989
5644480,249,174,9220,2019,7401861.0,11019647.0,2.123296,1.1786969999999999,TWN,PHL,847989
5644481,4,177,9220,2019,0.0,94227.0,-0.459614,-0.019257,ALB,POL,847989
5644482,7,177,9220,2019,5642.0,4488972.0,-0.165113,-0.8973540000000001,ARE,POL,847989
5644483,8,177,9220,2019,0.0,1709181.0,-0.136634,0.127073,ARG,POL,847989
5644484,9,177,9220,2019,0.0,102900.0,-0.203986,-0.667607,ARM,POL,847989
5644485,14,177,9220,2019,89126.0,1623244.0,-0.294558,-0.180198,AUS,POL,847989
5644486,15,177,9220,2019,39606532.0,19030988.0,1.743927,-0.076778,AUT,POL,847989
5644487,16,177,9220,2019,0.0,19923.0,-1.005636,-1.2094209999999999,AZE,POL,847989
5644488,18,177,9220,2019,9664664.0,10529036.0,1.2555969999999999,1.168642,BEL,POL,847989
5644489,19,177,9220,2019,0.0,6961.0,-0.861242,-0.8837440000000001,BEN,POL,847989
5644490,22,177,9220,2019,1867.0,566664.0,-1.113148,-0.9513299999999999,BGD,POL,847989
5644491,23,177,9220,2019,221674.0,779219.0,0.572997,1.863346,BGR,POL,847989
5644492,24,177,9220,2019,0.0,101658.0,0.378349,-0.621468,BHR,POL,847989
5644493,26,177,9220,2019,0.0,295739.0,0.6525,0.83988,BIH,POL,847989
5644494,28,177,9220,2019,254091.0,4209267.0,0.7849649999999999,0.8951600000000001,BLR,POL,847989
5644495,31,177,9220,2019,0.0,9364.0,-1.012748,-0.999245,BOL,POL,847989
5644496,32,177,9220,2019,91164.0,6144510.0,0.076947,0.660604,BRA,POL,847989
5644497,34,177,9220,2019,0.0,956.0,0.9608620000000001,-0.7012619999999999,BRN,POL,847989
5644498,39,177,9220,2019,2526209.0,99843.0,0.657292,1.187872,CAN,POL,847989
5644499,41,177,9220,2019,12622490.0,10168943.0,2.1990849999999997,0.8394229999999999,CHE,POL,847989
5644500,42,177,9220,2019,0.0,86585.0,-0.34416199999999997,-0.432674,CHL,POL,847989
5644501,43,177,9220,2019,43365304.0,5144416.0,1.196265,1.2258870000000002,CHN,POL,847989
5644502,44,177,9220,2019,0.0,8159.0,-0.9916719999999999,-0.960625,CIV,POL,847989
5644503,45,177,9220,2019,0.0,182522.0,-1.461279,-1.214274,CMR,POL,847989
5644504,46,177,9220,2019,0.0,2765.0,-1.2685879999999998,-1.148403,COD,POL,847989
5644505,47,177,9220,2019,0.0,57940.0,-1.305193,-1.162808,COG,POL,847989
5644506,49,177,9220,2019,113333.0,144793.0,0.099936,-0.15568800000000002,COL,POL,847989
5644507,52,177,9220,2019,0.0,1428.0,0.38045,0.08960900000000001,CRI,POL,847989
5644508,57,177,9220,2019,0.0,9365.0,0.27157800000000004,-0.901875,CYM,POL,847989
5644509,58,177,9220,2019,23566.0,61856.0,0.657782,0.209481,CYP,POL,847989
5644510,59,177,9220,2019,23725186.0,14057558.0,1.797611,0.406708,CZE,POL,847989
5644511,61,177,9220,2019,752974528.0,167761520.0,2.078626,-2.124816,DEU,POL,847989
5644512,64,177,9220,2019,14691828.0,6487898.0,1.0768280000000001,1.2615610000000002,DNK,POL,847989
5644513,65,177,9220,2019,0.0,3802.0,-0.20594,0.309785,DOM,POL,847989
5644514,66,177,9220,2019,0.0,8430113.0,-1.008866,-1.215228,DZA,POL,847989
5644515,67,177,9220,2019,0.0,3866.0,-1.12261,-1.094275,ECU,POL,847989
5644516,68,177,9220,2019,927.0,434608.0,-0.152353,1.5426309999999999,EGY,POL,847989
5644517,71,177,9220,2019,8635200.0,10836504.0,0.678454,3.007838,ESP,POL,847989
5644518,72,177,9220,2019,66769.0,2835119.0,0.962284,1.346195,EST,POL,847989
5644519,73,177,9220,2019,5266.0,6172.0,-1.073631,-0.617885,ETH,POL,847989
5644520,74,177,9220,2019,1868516.0,4470862.0,1.495278,1.034435,FIN,POL,847989
5644521,77,177,9220,2019,23687506.0,28152108.0,1.380982,0.9510629999999999,FRA,POL,847989
5644522,78,177,9220,2019,0.0,2152.0,-1.164816,-0.9571540000000001,FRO,POL,847989
5644523,81,177,9220,2019,10663014.0,20238226.0,1.731106,0.717566,GBR,POL,847989
5644524,82,177,9220,2019,5424.0,57928.0,-0.057798,-0.206771,GEO,POL,847989
5644525,83,177,9220,2019,0.0,4678.0,-0.9581,-0.8727879999999999,GHA,POL,847989
5644526,87,177,9220,2019,0.0,5861.0,-1.0174450000000002,-0.790743,GMB,POL,847989
5644527,90,177,9220,2019,136029.0,890783.0,0.08904400000000001,1.059396,GRC,POL,847989
5644528,93,177,9220,2019,0.0,869.0,-0.43447299999999994,0.658475,GTM,POL,847989
5644529,97,177,9220,2019,362169.0,1046697.0,0.992556,1.523004,HKG,POL,847989
5644530,99,177,9220,2019,0.0,103183.0,-0.6444439999999999,-0.203443,HND,POL,847989
5644531,100,177,9220,2019,559476.0,2378138.0,0.850527,1.280845,HRV,POL,847989
5644532,102,177,9220,2019,5521698.0,4144545.0,1.462102,0.809183,HUN,POL,847989
5644533,103,177,9220,2019,734862.0,43315.0,-0.141811,1.385726,IDN,POL,847989
5644534,104,177,9220,2019,480175.0,1265963.0,0.43196,2.661139,IND,POL,847989
5644535,106,177,9220,2019,6362341.0,937653.0,1.3812389999999999,-0.025366,IRL,POL,847989
5644536,108,177,9220,2019,0.0,825691.0,-1.593359,-0.9927860000000001,IRQ,POL,847989
5644537,109,177,9220,2019,3687.0,97460.0,0.378873,-0.162129,ISL,POL,847989
5644538,110,177,9220,2019,1132541.0,1983077.0,1.488686,0.823376,ISR,POL,847989
5644539,111,177,9220,2019,101647520.0,16685709.0,1.25898,0.926639,ITA,POL,847989
5644540,113,177,9220,2019,0.0,235843.0,-0.003529,0.255816,JOR,POL,847989
5644541,114,177,9220,2019,52775300.0,2651025.0,2.4931509999999997,-0.558811,JPN,POL,847989
5644542,115,177,9220,2019,26562.0,17463838.0,-0.26529400000000003,-0.523479,KAZ,POL,847989
5644543,116,177,9220,2019,0.0,883.0,-0.406684,0.8588969999999999,KEN,POL,847989
5644544,117,177,9220,2019,0.0,3357.0,-0.297072,0.306611,KGZ,POL,847989
5644545,121,177,9220,2019,581129600.0,2181874.0,2.115482,0.696838,KOR,POL,847989
5644546,122,177,9220,2019,0.0,101066.0,0.081686,-1.087259,KWT,POL,847989
5644547,123,177,9220,2019,14087.0,0.0,-0.8232889999999999,-0.7276590000000001,LAO,POL,847989
5644548,124,177,9220,2019,0.0,13639.0,0.26155700000000004,1.062317,LBN,POL,847989
5644549,126,177,9220,2019,0.0,2020134.0,-1.552842,-1.2316690000000001,LBY,POL,847989
5644550,128,177,9220,2019,0.0,43671.0,-0.592952,0.394811,LKA,POL,847989
5644551,130,177,9220,2019,2515253.0,4090014.0,0.858456,1.364581,LTU,POL,847989
5644552,131,177,9220,2019,484251.0,284504.0,1.234145,1.3754309999999998,LUX,POL,847989
5644553,132,177,9220,2019,289077.0,1786688.0,0.7804300000000001,1.159592,LVA,POL,847989
5644554,133,177,9220,2019,0.0,6294.0,0.397984,-0.061689,MAC,POL,847989
5644555,134,177,9220,2019,1779.0,1383479.0,-0.747739,-0.154125,MAR,POL,847989
5644556,135,177,9220,2019,928.0,493260.0,-0.333385,-0.35752,MDA,POL,847989
5644557,138,177,9220,2019,375514.0,7595580.0,1.083041,0.569353,MEX,POL,847989
5644558,140,177,9220,2019,6496.0,61431.0,0.050624,-0.11143299999999999,MKD,POL,847989
5644559,142,177,9220,2019,432283.0,65293.0,0.893992,0.25255500000000003,MLT,POL,847989
5644560,144,177,9220,2019,0.0,60927.0,0.40415100000000004,0.068967,MNE,POL,847989
5644561,145,177,9220,2019,0.0,11407.0,-1.1612049999999998,-1.1615739999999999,MNG,POL,847989
5644562,147,177,9220,2019,0.0,47839.0,-1.264532,-1.072626,MOZ,POL,847989
5644563,151,177,9220,2019,0.0,15578.0,-0.15909600000000002,0.034770999999999996,MUS,POL,847989
5644564,153,177,9220,2019,1908025.0,1354665.0,1.192967,0.730971,MYS,POL,847989
5644565,155,177,9220,2019,0.0,43465.0,-0.545575,-0.744274,NAM,POL,847989
5644566,159,177,9220,2019,0.0,382137.0,-1.7383970000000002,-1.220333,NGA,POL,847989
5644567,162,177,9220,2019,24518756.0,10430356.0,1.145044,1.3523530000000001,NLD,POL,847989
5644568,163,177,9220,2019,5949564.0,7514833.0,0.6957300000000001,0.181607,NOR,POL,847989
5644569,164,177,9220,2019,0.0,1749.0,-0.23868000000000003,0.42732299999999995,NPL,POL,847989
5644570,166,177,9220,2019,5338.0,131505.0,0.119281,0.039036,NZL,POL,847989
5644571,167,177,9220,2019,0.0,14584.0,-0.40120100000000003,-0.881602,OMN,POL,847989
5644572,168,177,9220,2019,0.0,653180.0,-0.6909270000000001,0.8651120000000001,PAK,POL,847989
5644573,169,177,9220,2019,0.0,9237.0,0.00926,-0.308483,PAN,POL,847989
5644574,173,177,9220,2019,0.0,52812.0,-0.76944,-0.216619,PER,POL,847989
5644575,174,177,9220,2019,754239.0,217499.0,0.762884,0.3318,PHL,POL,847989
5644576,179,177,9220,2019,2896940.0,1912465.0,0.545467,2.344447,PRT,POL,847989
5644577,181,177,9220,2019,0.0,4055.0,0.05640800000000001,0.708102,PSE,POL,847989
5644578,183,177,9220,2019,0.0,231397.0,-0.064127,-1.065046,QAT,POL,847989
5644579,185,177,9220,2019,1801010.0,10586931.0,1.044289,1.013691,ROU,POL,847989
5644580,186,177,9220,2019,528521.0,112891712.0,0.329884,0.26215,RUS,POL,847989
5644581,188,177,9220,2019,0.0,1675438.0,0.787798,-0.41350600000000004,SAU,POL,847989
5644582,191,177,9220,2019,0.0,5470.0,-0.721992,-0.385479,SEN,POL,847989
5644583,192,177,9220,2019,958521.0,832580.0,2.0264599999999997,0.665506,SGP,POL,847989
5644584,197,177,9220,2019,0.0,5074.0,0.014037,0.23216599999999998,SLV,POL,847989
5644585,198,177,9220,2019,276114.0,118759.0,1.144691,0.7038989999999999,SMR,POL,847989
5644586,201,177,9220,2019,207110.0,2198587.0,0.543913,1.210102,SRB,POL,847989
5644587,205,177,9220,2019,0.0,3104.0,-0.369004,-1.017133,SUR,POL,847989
5644588,206,177,9220,2019,12060218.0,17108368.0,1.39311,0.743107,SVK,POL,847989
5644589,207,177,9220,2019,646412.0,1211552.0,1.63711,0.803198,SVN,POL,847989
5644590,208,177,9220,2019,12558320.0,35091700.0,1.781148,0.742037,SWE,POL,847989
5644591,209,177,9220,2019,0.0,8208.0,0.087181,-0.760434,SWZ,POL,847989
5644592,211,177,9220,2019,0.0,3037.0,0.024113,-0.711363,SYC,POL,847989
5644593,216,177,9220,2019,1224.0,618209.0,0.9744229999999999,1.401199,THA,POL,847989
5644594,217,177,9220,2019,0.0,5542.0,-0.7940020000000001,-1.075605,TJK,POL,847989
5644595,223,177,9220,2019,91403.0,609356.0,0.19601300000000002,1.159766,TUN,POL,847989
5644596,224,177,9220,2019,9644502.0,6145154.0,0.569408,2.364546,TUR,POL,847989
5644597,226,177,9220,2019,0.0,1125.0,-0.907172,0.37293899999999996,TZA,POL,847989
5644598,228,177,9220,2019,5833924.0,13643821.0,0.303802,0.5650270000000001,UKR,POL,847989
5644599,230,177,9220,2019,0.0,8801.0,-0.077549,-0.473943,URY,POL,847989
5644600,231,177,9220,2019,20156594.0,21334358.0,1.606808,0.3232,USA,POL,847989
5644601,232,177,9220,2019,0.0,2719590.0,-0.5856060000000001,-0.311248,UZB,POL,847989
5644602,239,177,9220,2019,765453.0,6305926.0,-0.048147,1.098784,VNM,POL,847989
5644603,246,177,9220,2019,116588.0,1083351.0,0.129921,1.101027,ZAF,POL,847989
5644604,248,177,9220,2019,0.0,1734.0,-0.9993780000000001,-1.018174,ZWE,POL,847989
5644605,249,177,9220,2019,2110291.0,904859.0,2.123296,1.1786969999999999,TWN,POL,847989
5644606,250,177,9220,2019,3469450.0,180907.0,0.8996129999999999,-0.152746,ANS,POL,847989
5644607,2,179,9220,2019,45776.0,2790812.0,-1.096127,-1.195434,AGO,PRT,847989
5644608,7,179,9220,2019,109783.0,114403.0,-0.165113,-0.8973540000000001,ARE,PRT,847989
5644609,8,179,9220,2019,0.0,28918.0,-0.136634,0.127073,ARG,PRT,847989
5644610,14,179,9220,2019,192794.0,144495.0,-0.294558,-0.180198,AUS,PRT,847989
5644611,15,179,9220,2019,5665304.0,1524536.0,1.743927,-0.076778,AUT,PRT,847989
5644612,16,179,9220,2019,0.0,552.0,-1.005636,-1.2094209999999999,AZE,PRT,847989
5644613,18,179,9220,2019,1283133.0,3794111.0,1.2555969999999999,1.168642,BEL,PRT,847989
5644614,19,179,9220,2019,0.0,27039.0,-0.861242,-0.8837440000000001,BEN,PRT,847989
5644615,21,179,9220,2019,0.0,5037.0,-0.805181,-0.941847,BFA,PRT,847989
5644616,23,179,9220,2019,75717.0,2505294.0,0.572997,1.863346,BGR,PRT,847989
5644617,24,179,9220,2019,170.0,2748.0,0.378349,-0.621468,BHR,PRT,847989
5644618,26,179,9220,2019,0.0,319.0,0.6525,0.83988,BIH,PRT,847989
5644619,27,179,9220,2019,0.0,6411.0,0.6343979999999999,-0.19001400000000002,BLM,PRT,847989
5644620,31,179,9220,2019,0.0,7416.0,-1.012748,-0.999245,BOL,PRT,847989
5644621,32,179,9220,2019,115875.0,1626742.0,0.076947,0.660604,BRA,PRT,847989
5644622,39,179,9220,2019,219250.0,66340.0,0.657292,1.187872,CAN,PRT,847989
5644623,41,179,9220,2019,3215890.0,604389.0,2.1990849999999997,0.8394229999999999,CHE,PRT,847989
5644624,42,179,9220,2019,23618.0,289625.0,-0.34416199999999997,-0.432674,CHL,PRT,847989
5644625,43,179,9220,2019,8344018.0,3690081.0,1.196265,1.2258870000000002,CHN,PRT,847989
5644626,44,179,9220,2019,0.0,32643.0,-0.9916719999999999,-0.960625,CIV,PRT,847989
5644627,45,179,9220,2019,18660.0,1236.0,-1.461279,-1.214274,CMR,PRT,847989
5644628,46,179,9220,2019,0.0,3755.0,-1.2685879999999998,-1.148403,COD,PRT,847989
5644629,49,179,9220,2019,0.0,73948.0,0.099936,-0.15568800000000002,COL,PRT,847989
5644630,51,179,9220,2019,13212.0,357545.0,-0.094961,-0.751246,CPV,PRT,847989
5644631,52,179,9220,2019,608975.0,27438.0,0.38045,0.08960900000000001,CRI,PRT,847989
5644632,54,179,9220,2019,0.0,4205.0,-0.880892,-1.141591,CUB,PRT,847989
5644633,55,179,9220,2019,0.0,39791.0,0.808621,-0.225196,CUW,PRT,847989
5644634,58,179,9220,2019,0.0,7200.0,0.657782,0.209481,CYP,PRT,847989
5644635,59,179,9220,2019,2111230.0,1498835.0,1.797611,0.406708,CZE,PRT,847989
5644636,61,179,9220,2019,58436304.0,27604960.0,2.078626,-2.124816,DEU,PRT,847989
5644637,62,179,9220,2019,0.0,5036.0,-0.602334,-0.794205,DJI,PRT,847989
5644638,64,179,9220,2019,1447176.0,420464.0,1.0768280000000001,1.2615610000000002,DNK,PRT,847989
5644639,65,179,9220,2019,0.0,249065.0,-0.20594,0.309785,DOM,PRT,847989
5644640,66,179,9220,2019,0.0,168591.0,-1.008866,-1.215228,DZA,PRT,847989
5644641,67,179,9220,2019,0.0,66274.0,-1.12261,-1.094275,ECU,PRT,847989
5644642,68,179,9220,2019,0.0,232028.0,-0.152353,1.5426309999999999,EGY,PRT,847989
5644643,71,179,9220,2019,33531142.0,11348306.0,0.678454,3.007838,ESP,PRT,847989
5644644,72,179,9220,2019,573552.0,75456.0,0.962284,1.346195,EST,PRT,847989
5644645,74,179,9220,2019,3773915.0,95534.0,1.495278,1.034435,FIN,PRT,847989
5644646,77,179,9220,2019,12782110.0,8181956.0,1.380982,0.9510629999999999,FRA,PRT,847989
5644647,81,179,9220,2019,2395254.0,2345963.0,1.731106,0.717566,GBR,PRT,847989
5644648,83,179,9220,2019,0.0,2999.0,-0.9581,-0.8727879999999999,GHA,PRT,847989
5644649,85,179,9220,2019,0.0,1354.0,-1.366633,-1.196123,GIN,PRT,847989
5644650,88,179,9220,2019,0.0,4130.0,-1.9842009999999999,-1.0293379999999999,GNB,PRT,847989
5644651,89,179,9220,2019,0.0,1962.0,-1.9057680000000001,-0.968132,GNQ,PRT,847989
5644652,90,179,9220,2019,253575.0,72141.0,0.08904400000000001,1.059396,GRC,PRT,847989
5644653,93,179,9220,2019,0.0,93805.0,-0.43447299999999994,0.658475,GTM,PRT,847989
5644654,97,179,9220,2019,113709.0,0.0,0.992556,1.523004,HKG,PRT,847989
5644655,99,179,9220,2019,0.0,1129.0,-0.6444439999999999,-0.203443,HND,PRT,847989
5644656,100,179,9220,2019,383389.0,62084.0,0.850527,1.280845,HRV,PRT,847989
5644657,102,179,9220,2019,205720.0,6560308.0,1.462102,0.809183,HUN,PRT,847989
5644658,104,179,9220,2019,259789.0,445090.0,0.43196,2.661139,IND,PRT,847989
5644659,106,179,9220,2019,47035.0,94066.0,1.3812389999999999,-0.025366,IRL,PRT,847989
5644660,109,179,9220,2019,0.0,191832.0,0.378873,-0.162129,ISL,PRT,847989
5644661,110,179,9220,2019,170622.0,18994.0,1.488686,0.823376,ISR,PRT,847989
5644662,111,179,9220,2019,34515312.0,2073461.0,1.25898,0.926639,ITA,PRT,847989
5644663,113,179,9220,2019,8115.0,0.0,-0.003529,0.255816,JOR,PRT,847989
5644664,114,179,9220,2019,3845150.0,790199.0,2.4931509999999997,-0.558811,JPN,PRT,847989
5644665,116,179,9220,2019,2243.0,9551.0,-0.406684,0.8588969999999999,KEN,PRT,847989
5644666,121,179,9220,2019,839954.0,464435.0,2.115482,0.696838,KOR,PRT,847989
5644667,122,179,9220,2019,0.0,95660.0,0.081686,-1.087259,KWT,PRT,847989
5644668,124,179,9220,2019,2092.0,27149.0,0.26155700000000004,1.062317,LBN,PRT,847989
5644669,130,179,9220,2019,1805.0,120509.0,0.858456,1.364581,LTU,PRT,847989
5644670,131,179,9220,2019,104561.0,92959.0,1.234145,1.3754309999999998,LUX,PRT,847989
5644671,132,179,9220,2019,0.0,189608.0,0.7804300000000001,1.159592,LVA,PRT,847989
5644672,133,179,9220,2019,0.0,219809.0,0.397984,-0.061689,MAC,PRT,847989
5644673,134,179,9220,2019,70497.0,2721712.0,-0.747739,-0.154125,MAR,PRT,847989
5644674,136,179,9220,2019,0.0,1675.0,-1.267516,-0.733849,MDG,PRT,847989
5644675,138,179,9220,2019,0.0,4291578.0,1.083041,0.569353,MEX,PRT,847989
5644676,142,179,9220,2019,8510.0,0.0,0.893992,0.25255500000000003,MLT,PRT,847989
5644677,147,179,9220,2019,60045.0,824191.0,-1.264532,-1.072626,MOZ,PRT,847989
5644678,151,179,9220,2019,0.0,16554.0,-0.15909600000000002,0.034770999999999996,MUS,PRT,847989
5644679,152,179,9220,2019,0.0,1633.0,-1.0178479999999999,-1.1028879999999999,MWI,PRT,847989
5644680,153,179,9220,2019,362438.0,665087.0,1.192967,0.730971,MYS,PRT,847989
5644681,156,179,9220,2019,0.0,1362.0,-0.342544,-0.867944,NCL,PRT,847989
5644682,157,179,9220,2019,0.0,2748.0,-0.345047,-0.792769,NER,PRT,847989
5644683,159,179,9220,2019,0.0,5022.0,-1.7383970000000002,-1.220333,NGA,PRT,847989
5644684,162,179,9220,2019,6607961.0,2432375.0,1.145044,1.3523530000000001,NLD,PRT,847989
5644685,163,179,9220,2019,473817.0,182097.0,0.6957300000000001,0.181607,NOR,PRT,847989
5644686,166,179,9220,2019,0.0,49549.0,0.119281,0.039036,NZL,PRT,847989
5644687,167,179,9220,2019,0.0,4154.0,-0.40120100000000003,-0.881602,OMN,PRT,847989
5644688,169,179,9220,2019,0.0,1434.0,0.00926,-0.308483,PAN,PRT,847989
5644689,173,179,9220,2019,7265.0,36456.0,-0.76944,-0.216619,PER,PRT,847989
5644690,174,179,9220,2019,0.0,26310.0,0.762884,0.3318,PHL,PRT,847989
5644691,177,179,9220,2019,1912465.0,2896940.0,1.088347,1.275875,POL,PRT,847989
5644692,180,179,9220,2019,0.0,1429.0,-0.500999,-0.8635219999999999,PRY,PRT,847989
5644693,182,179,9220,2019,0.0,5704.0,0.30119,-0.39213000000000003,PYF,PRT,847989
5644694,185,179,9220,2019,473844.0,2157767.0,1.044289,1.013691,ROU,PRT,847989
5644695,186,179,9220,2019,0.0,463893.0,0.329884,0.26215,RUS,PRT,847989
5644696,187,179,9220,2019,0.0,2521.0,-0.812602,-0.737603,RWA,PRT,847989
5644697,188,179,9220,2019,0.0,51268.0,0.787798,-0.41350600000000004,SAU,PRT,847989
5644698,190,179,9220,2019,0.0,99582.0,-1.25579,-1.208796,SDN,PRT,847989
5644699,191,179,9220,2019,0.0,10009.0,-0.721992,-0.385479,SEN,PRT,847989
5644700,192,179,9220,2019,98265.0,165601.0,2.0264599999999997,0.665506,SGP,PRT,847989
5644701,197,179,9220,2019,0.0,1405.0,0.014037,0.23216599999999998,SLV,PRT,847989
5644702,201,179,9220,2019,3599.0,49424.0,0.543913,1.210102,SRB,PRT,847989
5644703,203,179,9220,2019,0.0,41335.0,0.8287889999999999,-0.345114,STP,PRT,847989
5644704,206,179,9220,2019,441732.0,4146463.0,1.39311,0.743107,SVK,PRT,847989
5644705,207,179,9220,2019,84442.0,62137.0,1.63711,0.803198,SVN,PRT,847989
5644706,208,179,9220,2019,3618168.0,0.0,1.781148,0.742037,SWE,PRT,847989
5644707,216,179,9220,2019,0.0,25207.0,0.9744229999999999,1.401199,THA,PRT,847989
5644708,223,179,9220,2019,0.0,216040.0,0.19601300000000002,1.159766,TUN,PRT,847989
5644709,224,179,9220,2019,730556.0,150953.0,0.569408,2.364546,TUR,PRT,847989
5644710,226,179,9220,2019,0.0,961.0,-0.907172,0.37293899999999996,TZA,PRT,847989
5644711,227,179,9220,2019,0.0,64420.0,-0.639476,0.148255,UGA,PRT,847989
5644712,228,179,9220,2019,84166.0,27560.0,0.303802,0.5650270000000001,UKR,PRT,847989
5644713,230,179,9220,2019,0.0,54997.0,-0.077549,-0.473943,URY,PRT,847989
5644714,231,179,9220,2019,2249658.0,2580419.0,1.606808,0.3232,USA,PRT,847989
5644715,236,179,9220,2019,0.0,27169.0,-1.318175,-1.2506110000000001,VEN,PRT,847989
5644716,239,179,9220,2019,5790.0,13928.0,-0.048147,1.098784,VNM,PRT,847989
5644717,246,179,9220,2019,115418.0,564893.0,0.129921,1.101027,ZAF,PRT,847989
5644718,249,179,9220,2019,750960.0,8241.0,2.123296,1.1786969999999999,TWN,PRT,847989
5644719,250,179,9220,2019,0.0,21521.0,0.8996129999999999,-0.152746,ANS,PRT,847989
5644720,7,180,9220,2019,7699.0,0.0,-0.165113,-0.8973540000000001,ARE,PRY,847989
5644721,8,180,9220,2019,1463663.0,10332.0,-0.136634,0.127073,ARG,PRY,847989
5644722,14,180,9220,2019,65102.0,0.0,-0.294558,-0.180198,AUS,PRY,847989
5644723,15,180,9220,2019,192771.0,0.0,1.743927,-0.076778,AUT,PRY,847989
5644724,23,180,9220,2019,12247.0,0.0,0.572997,1.863346,BGR,PRY,847989
5644725,31,180,9220,2019,5089.0,3289.0,-1.012748,-0.999245,BOL,PRY,847989
5644726,32,180,9220,2019,10387580.0,1459402.0,0.076947,0.660604,BRA,PRY,847989
5644727,39,180,9220,2019,1948.0,0.0,0.657292,1.187872,CAN,PRY,847989
5644728,41,180,9220,2019,65032.0,0.0,2.1990849999999997,0.8394229999999999,CHE,PRY,847989
5644729,42,180,9220,2019,50851.0,110147.0,-0.34416199999999997,-0.432674,CHL,PRY,847989
5644730,43,180,9220,2019,871994.0,0.0,1.196265,1.2258870000000002,CHN,PRY,847989
5644731,49,180,9220,2019,4834.0,0.0,0.099936,-0.15568800000000002,COL,PRY,847989
5644732,59,180,9220,2019,46320.0,0.0,1.797611,0.406708,CZE,PRY,847989
5644733,61,180,9220,2019,759655.0,0.0,2.078626,-2.124816,DEU,PRY,847989
5644734,71,180,9220,2019,92713.0,0.0,0.678454,3.007838,ESP,PRY,847989
5644735,74,180,9220,2019,40967.0,0.0,1.495278,1.034435,FIN,PRY,847989
5644736,77,180,9220,2019,6231.0,0.0,1.380982,0.9510629999999999,FRA,PRY,847989
5644737,81,180,9220,2019,2635.0,0.0,1.731106,0.717566,GBR,PRY,847989
5644738,97,180,9220,2019,10955.0,0.0,0.992556,1.523004,HKG,PRY,847989
5644739,104,180,9220,2019,105142.0,0.0,0.43196,2.661139,IND,PRY,847989
5644740,110,180,9220,2019,4628.0,0.0,1.488686,0.823376,ISR,PRY,847989
5644741,111,180,9220,2019,1747706.0,0.0,1.25898,0.926639,ITA,PRY,847989
5644742,114,180,9220,2019,908665.0,0.0,2.4931509999999997,-0.558811,JPN,PRY,847989
5644743,121,180,9220,2019,1197029.0,0.0,2.115482,0.696838,KOR,PRY,847989
5644744,138,180,9220,2019,59423.0,3798.0,1.083041,0.569353,MEX,PRY,847989
5644745,153,180,9220,2019,84742.0,0.0,1.192967,0.730971,MYS,PRY,847989
5644746,162,180,9220,2019,128952.0,0.0,1.145044,1.3523530000000001,NLD,PRY,847989
5644747,169,180,9220,2019,56955.0,0.0,0.00926,-0.308483,PAN,PRY,847989
5644748,174,180,9220,2019,30952.0,34704.0,0.762884,0.3318,PHL,PRY,847989
5644749,179,180,9220,2019,1429.0,0.0,0.545467,2.344447,PRT,PRY,847989
5644750,192,180,9220,2019,10495.0,0.0,2.0264599999999997,0.665506,SGP,PRY,847989
5644751,207,180,9220,2019,110014.0,0.0,1.63711,0.803198,SVN,PRY,847989
5644752,208,180,9220,2019,4190.0,0.0,1.781148,0.742037,SWE,PRY,847989
5644753,224,180,9220,2019,243325.0,0.0,0.569408,2.364546,TUR,PRY,847989
5644754,230,180,9220,2019,91338.0,0.0,-0.077549,-0.473943,URY,PRY,847989
5644755,231,180,9220,2019,530719.0,8442.0,1.606808,0.3232,USA,PRY,847989
5644756,239,180,9220,2019,21844.0,0.0,-0.048147,1.098784,VNM,PRY,847989
5644757,249,180,9220,2019,36969.0,0.0,2.123296,1.1786969999999999,TWN,PRY,847989
5644758,250,180,9220,2019,0.0,9291.0,0.8996129999999999,-0.152746,ANS,PRY,847989
5644759,0,188,9220,2019,58749.0,0.0,1.077214,-0.060235000000000004,ABW,SAU,847989
5644760,1,188,9220,2019,0.0,1904.0,-1.187576,-0.7731979999999999,AFG,SAU,847989
5644761,2,188,9220,2019,14150.0,2190.0,-1.096127,-1.195434,AGO,SAU,847989
5644762,4,188,9220,2019,2116.0,0.0,-0.459614,-0.019257,ALB,SAU,847989
5644763,7,188,9220,2019,44221612.0,318550.0,-0.165113,-0.8973540000000001,ARE,SAU,847989
5644764,14,188,9220,2019,1813498.0,0.0,-0.294558,-0.180198,AUS,SAU,847989
5644765,15,188,9220,2019,1137271.0,8213.0,1.743927,-0.076778,AUT,SAU,847989
5644766,16,188,9220,2019,62898.0,0.0,-1.005636,-1.2094209999999999,AZE,SAU,847989
5644767,18,188,9220,2019,908922.0,0.0,1.2555969999999999,1.168642,BEL,SAU,847989
5644768,23,188,9220,2019,45182.0,0.0,0.572997,1.863346,BGR,SAU,847989
5644769,24,188,9220,2019,1503045.0,26558.0,0.378349,-0.621468,BHR,SAU,847989
5644770,26,188,9220,2019,11624.0,0.0,0.6525,0.83988,BIH,SAU,847989
5644771,32,188,9220,2019,31138.0,0.0,0.076947,0.660604,BRA,SAU,847989
5644772,39,188,9220,2019,9483808.0,22033.0,0.657292,1.187872,CAN,SAU,847989
5644773,41,188,9220,2019,4564964.0,33759.0,2.1990849999999997,0.8394229999999999,CHE,SAU,847989
5644774,42,188,9220,2019,160864.0,0.0,-0.34416199999999997,-0.432674,CHL,SAU,847989
5644775,43,188,9220,2019,51984600.0,0.0,1.196265,1.2258870000000002,CHN,SAU,847989
5644776,47,188,9220,2019,2165.0,1044.0,-1.305193,-1.162808,COG,SAU,847989
5644777,49,188,9220,2019,103189.0,41842.0,0.099936,-0.15568800000000002,COL,SAU,847989
5644778,59,188,9220,2019,877997.0,0.0,1.797611,0.406708,CZE,SAU,847989
5644779,61,188,9220,2019,31009864.0,73429.0,2.078626,-2.124816,DEU,SAU,847989
5644780,64,188,9220,2019,1014633.0,2829.0,1.0768280000000001,1.2615610000000002,DNK,SAU,847989
5644781,67,188,9220,2019,4499.0,50751.0,-1.12261,-1.094275,ECU,SAU,847989
5644782,68,188,9220,2019,49645.0,1160932.0,-0.152353,1.5426309999999999,EGY,SAU,847989
5644783,71,188,9220,2019,1423978.0,0.0,0.678454,3.007838,ESP,SAU,847989
5644784,72,188,9220,2019,1441.0,0.0,0.962284,1.346195,EST,SAU,847989
5644785,73,188,9220,2019,0.0,6565.0,-1.073631,-0.617885,ETH,SAU,847989
5644786,74,188,9220,2019,711127.0,0.0,1.495278,1.034435,FIN,SAU,847989
5644787,77,188,9220,2019,6788884.0,54158.0,1.380982,0.9510629999999999,FRA,SAU,847989
5644788,81,188,9220,2019,33997260.0,15925.0,1.731106,0.717566,GBR,SAU,847989
5644789,90,188,9220,2019,9440.0,0.0,0.08904400000000001,1.059396,GRC,SAU,847989
5644790,97,188,9220,2019,55416.0,0.0,0.992556,1.523004,HKG,SAU,847989
5644791,102,188,9220,2019,131999.0,0.0,1.462102,0.809183,HUN,SAU,847989
5644792,103,188,9220,2019,4719.0,0.0,-0.141811,1.385726,IDN,SAU,847989
5644793,104,188,9220,2019,16444496.0,1323893.0,0.43196,2.661139,IND,SAU,847989
5644794,111,188,9220,2019,36910384.0,35652.0,1.25898,0.926639,ITA,SAU,847989
5644795,113,188,9220,2019,14638.0,1067077.0,-0.003529,0.255816,JOR,SAU,847989
5644796,114,188,9220,2019,7724573.0,15135.0,2.4931509999999997,-0.558811,JPN,SAU,847989
5644797,115,188,9220,2019,6261.0,0.0,-0.26529400000000003,-0.523479,KAZ,SAU,847989
5644798,116,188,9220,2019,0.0,1336.0,-0.406684,0.8588969999999999,KEN,SAU,847989
5644799,121,188,9220,2019,9745077.0,75666.0,2.115482,0.696838,KOR,SAU,847989
5644800,122,188,9220,2019,47671.0,11219.0,0.081686,-1.087259,KWT,SAU,847989
5644801,124,188,9220,2019,96868.0,17007.0,0.26155700000000004,1.062317,LBN,SAU,847989
5644802,130,188,9220,2019,1506.0,0.0,0.858456,1.364581,LTU,SAU,847989
5644803,131,188,9220,2019,2715.0,0.0,1.234145,1.3754309999999998,LUX,SAU,847989
5644804,138,188,9220,2019,19976400.0,0.0,1.083041,0.569353,MEX,SAU,847989
5644805,153,188,9220,2019,11384250.0,0.0,1.192967,0.730971,MYS,SAU,847989
5644806,157,188,9220,2019,0.0,1412.0,-0.345047,-0.792769,NER,SAU,847989
5644807,159,188,9220,2019,0.0,15993.0,-1.7383970000000002,-1.220333,NGA,SAU,847989
5644808,162,188,9220,2019,6225070.0,148147.0,1.145044,1.3523530000000001,NLD,SAU,847989
5644809,163,188,9220,2019,1608280.0,26195.0,0.6957300000000001,0.181607,NOR,SAU,847989
5644810,166,188,9220,2019,760685.0,0.0,0.119281,0.039036,NZL,SAU,847989
5644811,167,188,9220,2019,23874.0,0.0,-0.40120100000000003,-0.881602,OMN,SAU,847989
5644812,168,188,9220,2019,147508.0,0.0,-0.6909270000000001,0.8651120000000001,PAK,SAU,847989
5644813,174,188,9220,2019,0.0,10407.0,0.762884,0.3318,PHL,SAU,847989
5644814,177,188,9220,2019,1675438.0,0.0,1.088347,1.275875,POL,SAU,847989
5644815,179,188,9220,2019,51268.0,0.0,0.545467,2.344447,PRT,SAU,847989
5644816,185,188,9220,2019,1794321.0,1041.0,1.044289,1.013691,ROU,SAU,847989
5644817,186,188,9220,2019,66349.0,0.0,0.329884,0.26215,RUS,SAU,847989
5644818,190,188,9220,2019,0.0,54954.0,-1.25579,-1.208796,SDN,SAU,847989
5644819,191,188,9220,2019,0.0,22578.0,-0.721992,-0.385479,SEN,SAU,847989
5644820,192,188,9220,2019,12165213.0,5886.0,2.0264599999999997,0.665506,SGP,SAU,847989
5644821,201,188,9220,2019,8609.0,0.0,0.543913,1.210102,SRB,SAU,847989
5644822,206,188,9220,2019,2024.0,0.0,1.39311,0.743107,SVK,SAU,847989
5644823,207,188,9220,2019,74555.0,0.0,1.63711,0.803198,SVN,SAU,847989
5644824,208,188,9220,2019,1608083.0,4993.0,1.781148,0.742037,SWE,SAU,847989
5644825,216,188,9220,2019,5066040.0,1826.0,0.9744229999999999,1.401199,THA,SAU,847989
5644826,223,188,9220,2019,33938.0,0.0,0.19601300000000002,1.159766,TUN,SAU,847989
5644827,224,188,9220,2019,7728306.0,12146.0,0.569408,2.364546,TUR,SAU,847989
5644828,226,188,9220,2019,0.0,104161.0,-0.907172,0.37293899999999996,TZA,SAU,847989
5644829,228,188,9220,2019,353619.0,0.0,0.303802,0.5650270000000001,UKR,SAU,847989
5644830,231,188,9220,2019,81892312.0,309347.0,1.606808,0.3232,USA,SAU,847989
5644831,239,188,9220,2019,94145.0,0.0,-0.048147,1.098784,VNM,SAU,847989
5644832,246,188,9220,2019,62691.0,65001.0,0.129921,1.101027,ZAF,SAU,847989
5644833,247,188,9220,2019,0.0,3590.0,-0.629261,-0.8471489999999999,ZMB,SAU,847989
5644834,249,188,9220,2019,163544.0,0.0,2.123296,1.1786969999999999,TWN,SAU,847989
5644835,250,188,9220,2019,16279.0,0.0,0.8996129999999999,-0.152746,ANS,SAU,847989
5644836,8,197,9220,2019,7245.0,0.0,-0.136634,0.127073,ARG,SLV,847989
5644837,14,197,9220,2019,23663.0,0.0,-0.294558,-0.180198,AUS,SLV,847989
5644838,15,197,9220,2019,784.0,0.0,1.743927,-0.076778,AUT,SLV,847989
5644839,32,197,9220,2019,126627.0,0.0,0.076947,0.660604,BRA,SLV,847989
5644840,39,197,9220,2019,14517.0,0.0,0.657292,1.187872,CAN,SLV,847989
5644841,41,197,9220,2019,68810.0,0.0,2.1990849999999997,0.8394229999999999,CHE,SLV,847989
5644842,43,197,9220,2019,874539.0,0.0,1.196265,1.2258870000000002,CHN,SLV,847989
5644843,49,197,9220,2019,19596.0,0.0,0.099936,-0.15568800000000002,COL,SLV,847989
5644844,52,197,9220,2019,50027.0,3255.0,0.38045,0.08960900000000001,CRI,SLV,847989
5644845,59,197,9220,2019,32537.0,0.0,1.797611,0.406708,CZE,SLV,847989
5644846,61,197,9220,2019,1007638.0,7777.0,2.078626,-2.124816,DEU,SLV,847989
5644847,64,197,9220,2019,54125.0,0.0,1.0768280000000001,1.2615610000000002,DNK,SLV,847989
5644848,65,197,9220,2019,22133.0,0.0,-0.20594,0.309785,DOM,SLV,847989
5644849,71,197,9220,2019,981935.0,0.0,0.678454,3.007838,ESP,SLV,847989
5644850,74,197,9220,2019,1809.0,0.0,1.495278,1.034435,FIN,SLV,847989
5644851,77,197,9220,2019,61545.0,0.0,1.380982,0.9510629999999999,FRA,SLV,847989
5644852,81,197,9220,2019,12758.0,0.0,1.731106,0.717566,GBR,SLV,847989
5644853,93,197,9220,2019,40159.0,14369.0,-0.43447299999999994,0.658475,GTM,SLV,847989
5644854,97,197,9220,2019,17810.0,0.0,0.992556,1.523004,HKG,SLV,847989
5644855,99,197,9220,2019,0.0,29975.0,-0.6444439999999999,-0.203443,HND,SLV,847989
5644856,104,197,9220,2019,45687.0,0.0,0.43196,2.661139,IND,SLV,847989
5644857,110,197,9220,2019,5555.0,0.0,1.488686,0.823376,ISR,SLV,847989
5644858,111,197,9220,2019,757563.0,0.0,1.25898,0.926639,ITA,SLV,847989
5644859,114,197,9220,2019,289564.0,0.0,2.4931509999999997,-0.558811,JPN,SLV,847989
5644860,121,197,9220,2019,94539.0,0.0,2.115482,0.696838,KOR,SLV,847989
5644861,138,197,9220,2019,271944.0,2005.0,1.083041,0.569353,MEX,SLV,847989
5644862,160,197,9220,2019,4807.0,6556.0,-1.058553,-0.854482,NIC,SLV,847989
5644863,162,197,9220,2019,100567.0,0.0,1.145044,1.3523530000000001,NLD,SLV,847989
5644864,173,197,9220,2019,31334.0,0.0,-0.76944,-0.216619,PER,SLV,847989
5644865,177,197,9220,2019,5074.0,0.0,1.088347,1.275875,POL,SLV,847989
5644866,179,197,9220,2019,1405.0,0.0,0.545467,2.344447,PRT,SLV,847989
5644867,224,197,9220,2019,98628.0,0.0,0.569408,2.364546,TUR,SLV,847989
5644868,228,197,9220,2019,3166.0,0.0,0.303802,0.5650270000000001,UKR,SLV,847989
5644869,231,197,9220,2019,1538675.0,44292.0,1.606808,0.3232,USA,SLV,847989
5644870,249,197,9220,2019,5003.0,0.0,2.123296,1.1786969999999999,TWN,SLV,847989
5644871,14,205,9220,2019,43653.0,0.0,-0.294558,-0.180198,AUS,SUR,847989
5644872,32,205,9220,2019,57536.0,0.0,0.076947,0.660604,BRA,SUR,847989
5644873,39,205,9220,2019,76372.0,0.0,0.657292,1.187872,CAN,SUR,847989
5644874,41,205,9220,2019,42710.0,0.0,2.1990849999999997,0.8394229999999999,CHE,SUR,847989
5644875,42,205,9220,2019,4595.0,0.0,-0.34416199999999997,-0.432674,CHL,SUR,847989
5644876,43,205,9220,2019,111108.0,0.0,1.196265,1.2258870000000002,CHN,SUR,847989
5644877,49,205,9220,2019,24127.0,0.0,0.099936,-0.15568800000000002,COL,SUR,847989
5644878,61,205,9220,2019,43769.0,0.0,2.078626,-2.124816,DEU,SUR,847989
5644879,74,205,9220,2019,6283.0,0.0,1.495278,1.034435,FIN,SUR,847989
5644880,77,205,9220,2019,2498.0,0.0,1.380982,0.9510629999999999,FRA,SUR,847989
5644881,81,205,9220,2019,2657.0,0.0,1.731106,0.717566,GBR,SUR,847989
5644882,96,205,9220,2019,0.0,18216.0,-0.308365,-0.7833359999999999,GUY,SUR,847989
5644883,97,205,9220,2019,1649.0,0.0,0.992556,1.523004,HKG,SUR,847989
5644884,104,205,9220,2019,27835.0,0.0,0.43196,2.661139,IND,SUR,847989
5644885,111,205,9220,2019,2025.0,0.0,1.25898,0.926639,ITA,SUR,847989
5644886,153,205,9220,2019,1496.0,0.0,1.192967,0.730971,MYS,SUR,847989
5644887,162,205,9220,2019,213995.0,1848.0,1.145044,1.3523530000000001,NLD,SUR,847989
5644888,169,205,9220,2019,22802.0,0.0,0.00926,-0.308483,PAN,SUR,847989
5644889,173,205,9220,2019,26619.0,0.0,-0.76944,-0.216619,PER,SUR,847989
5644890,177,205,9220,2019,3104.0,0.0,1.088347,1.275875,POL,SUR,847989
5644891,208,205,9220,2019,28552.0,0.0,1.781148,0.742037,SWE,SUR,847989
5644892,222,205,9220,2019,210300.0,7208.0,0.1861,-0.874604,TTO,SUR,847989
5644893,224,205,9220,2019,2858.0,0.0,0.569408,2.364546,TUR,SUR,847989
5644894,231,205,9220,2019,1076261.0,41804.0,1.606808,0.3232,USA,SUR,847989
5644895,249,205,9220,2019,29151.0,0.0,2.123296,1.1786969999999999,TWN,SUR,847989
5644896,1,206,9220,2019,0.0,23482.0,-1.187576,-0.7731979999999999,AFG,SVK,847989
5644897,7,206,9220,2019,0.0,512492.0,-0.165113,-0.8973540000000001,ARE,SVK,847989
5644898,8,206,9220,2019,0.0,173029.0,-0.136634,0.127073,ARG,SVK,847989
5644899,14,206,9220,2019,328786.0,1082350.0,-0.294558,-0.180198,AUS,SVK,847989
5644900,15,206,9220,2019,13722423.0,39600720.0,1.743927,-0.076778,AUT,SVK,847989
5644901,16,206,9220,2019,0.0,12722.0,-1.005636,-1.2094209999999999,AZE,SVK,847989
5644902,18,206,9220,2019,879211.0,4779722.0,1.2555969999999999,1.168642,BEL,SVK,847989
5644903,23,206,9220,2019,87449.0,571758.0,0.572997,1.863346,BGR,SVK,847989
5644904,26,206,9220,2019,0.0,1412900.0,0.6525,0.83988,BIH,SVK,847989
5644905,28,206,9220,2019,18784.0,259180.0,0.7849649999999999,0.8951600000000001,BLR,SVK,847989
5644906,31,206,9220,2019,0.0,20501.0,-1.012748,-0.999245,BOL,SVK,847989
5644907,32,206,9220,2019,11330.0,973310.0,0.076947,0.660604,BRA,SVK,847989
5644908,39,206,9220,2019,18004.0,18451.0,0.657292,1.187872,CAN,SVK,847989
5644909,41,206,9220,2019,2132899.0,2451150.0,2.1990849999999997,0.8394229999999999,CHE,SVK,847989
5644910,42,206,9220,2019,0.0,11938.0,-0.34416199999999997,-0.432674,CHL,SVK,847989
5644911,43,206,9220,2019,8307820.0,11435522.0,1.196265,1.2258870000000002,CHN,SVK,847989
5644912,44,206,9220,2019,0.0,215903.0,-0.9916719999999999,-0.960625,CIV,SVK,847989
5644913,46,206,9220,2019,0.0,2262.0,-1.2685879999999998,-1.148403,COD,SVK,847989
5644914,49,206,9220,2019,0.0,10114.0,0.099936,-0.15568800000000002,COL,SVK,847989
5644915,52,206,9220,2019,0.0,14507.0,0.38045,0.08960900000000001,CRI,SVK,847989
5644916,54,206,9220,2019,0.0,58707.0,-0.880892,-1.141591,CUB,SVK,847989
5644917,59,206,9220,2019,34323096.0,21021776.0,1.797611,0.406708,CZE,SVK,847989
5644918,61,206,9220,2019,106203680.0,48043752.0,2.078626,-2.124816,DEU,SVK,847989
5644919,64,206,9220,2019,2476814.0,239543.0,1.0768280000000001,1.2615610000000002,DNK,SVK,847989
5644920,66,206,9220,2019,0.0,42998.0,-1.008866,-1.215228,DZA,SVK,847989
5644921,68,206,9220,2019,0.0,269554.0,-0.152353,1.5426309999999999,EGY,SVK,847989
5644922,71,206,9220,2019,1595890.0,6058993.0,0.678454,3.007838,ESP,SVK,847989
5644923,72,206,9220,2019,66881.0,9520.0,0.962284,1.346195,EST,SVK,847989
5644924,74,206,9220,2019,215006.0,185187.0,1.495278,1.034435,FIN,SVK,847989
5644925,77,206,9220,2019,11810283.0,3294357.0,1.380982,0.9510629999999999,FRA,SVK,847989
5644926,81,206,9220,2019,806493.0,9807272.0,1.731106,0.717566,GBR,SVK,847989
5644927,82,206,9220,2019,0.0,18523.0,-0.057798,-0.206771,GEO,SVK,847989
5644928,90,206,9220,2019,11217.0,256480.0,0.08904400000000001,1.059396,GRC,SVK,847989
5644929,97,206,9220,2019,52642.0,126429.0,0.992556,1.523004,HKG,SVK,847989
5644930,100,206,9220,2019,59668.0,683047.0,0.850527,1.280845,HRV,SVK,847989
5644931,102,206,9220,2019,7289325.0,6630776.0,1.462102,0.809183,HUN,SVK,847989
5644932,103,206,9220,2019,2969.0,2135598.0,-0.141811,1.385726,IDN,SVK,847989
5644933,104,206,9220,2019,727731.0,576790.0,0.43196,2.661139,IND,SVK,847989
5644934,106,206,9220,2019,521142.0,560456.0,1.3812389999999999,-0.025366,IRL,SVK,847989
5644935,107,206,9220,2019,0.0,60618.0,-0.386813,-0.467873,IRN,SVK,847989
5644936,109,206,9220,2019,7210.0,19462.0,0.378873,-0.162129,ISL,SVK,847989
5644937,110,206,9220,2019,1678.0,715386.0,1.488686,0.823376,ISR,SVK,847989
5644938,111,206,9220,2019,22184700.0,8611667.0,1.25898,0.926639,ITA,SVK,847989
5644939,113,206,9220,2019,0.0,8544.0,-0.003529,0.255816,JOR,SVK,847989
5644940,114,206,9220,2019,2486460.0,2803822.0,2.4931509999999997,-0.558811,JPN,SVK,847989
5644941,115,206,9220,2019,0.0,2682.0,-0.26529400000000003,-0.523479,KAZ,SVK,847989
5644942,121,206,9220,2019,11091847.0,4003351.0,2.115482,0.696838,KOR,SVK,847989
5644943,122,206,9220,2019,0.0,102411.0,0.081686,-1.087259,KWT,SVK,847989
5644944,124,206,9220,2019,0.0,13724.0,0.26155700000000004,1.062317,LBN,SVK,847989
5644945,130,206,9220,2019,150580.0,2563778.0,0.858456,1.364581,LTU,SVK,847989
5644946,131,206,9220,2019,138112.0,1270.0,1.234145,1.3754309999999998,LUX,SVK,847989
5644947,132,206,9220,2019,204657.0,265935.0,0.7804300000000001,1.159592,LVA,SVK,847989
5644948,134,206,9220,2019,0.0,358737.0,-0.747739,-0.154125,MAR,SVK,847989
5644949,135,206,9220,2019,0.0,221692.0,-0.333385,-0.35752,MDA,SVK,847989
5644950,136,206,9220,2019,0.0,180746.0,-1.267516,-0.733849,MDG,SVK,847989
5644951,138,206,9220,2019,118602.0,953393.0,1.083041,0.569353,MEX,SVK,847989
5644952,140,206,9220,2019,102379.0,21236.0,0.050624,-0.11143299999999999,MKD,SVK,847989
5644953,142,206,9220,2019,18991.0,2952.0,0.893992,0.25255500000000003,MLT,SVK,847989
5644954,144,206,9220,2019,0.0,1413.0,0.40415100000000004,0.068967,MNE,SVK,847989
5644955,152,206,9220,2019,0.0,82144.0,-1.0178479999999999,-1.1028879999999999,MWI,SVK,847989
5644956,153,206,9220,2019,558236.0,931845.0,1.192967,0.730971,MYS,SVK,847989
5644957,159,206,9220,2019,0.0,2278.0,-1.7383970000000002,-1.220333,NGA,SVK,847989
5644958,162,206,9220,2019,3123717.0,4059635.0,1.145044,1.3523530000000001,NLD,SVK,847989
5644959,163,206,9220,2019,866.0,734546.0,0.6957300000000001,0.181607,NOR,SVK,847989
5644960,166,206,9220,2019,0.0,18284.0,0.119281,0.039036,NZL,SVK,847989
5644961,167,206,9220,2019,0.0,7922.0,-0.40120100000000003,-0.881602,OMN,SVK,847989
5644962,173,206,9220,2019,0.0,117464.0,-0.76944,-0.216619,PER,SVK,847989
5644963,177,206,9220,2019,17108368.0,12060218.0,1.088347,1.275875,POL,SVK,847989
5644964,179,206,9220,2019,4146463.0,441732.0,0.545467,2.344447,PRT,SVK,847989
5644965,182,206,9220,2019,0.0,4622.0,0.30119,-0.39213000000000003,PYF,SVK,847989
5644966,183,206,9220,2019,0.0,29221.0,-0.064127,-1.065046,QAT,SVK,847989
5644967,185,206,9220,2019,2945670.0,3525504.0,1.044289,1.013691,ROU,SVK,847989
5644968,186,206,9220,2019,28320.0,5174478.0,0.329884,0.26215,RUS,SVK,847989
5644969,188,206,9220,2019,0.0,2024.0,0.787798,-0.41350600000000004,SAU,SVK,847989
5644970,192,206,9220,2019,0.0,877199.0,2.0264599999999997,0.665506,SGP,SVK,847989
5644971,201,206,9220,2019,20971.0,505370.0,0.543913,1.210102,SRB,SVK,847989
5644972,207,206,9220,2019,2409876.0,1209957.0,1.63711,0.803198,SVN,SVK,847989
5644973,208,206,9220,2019,4702978.0,226766.0,1.781148,0.742037,SWE,SVK,847989
5644974,216,206,9220,2019,10146.0,132569.0,0.9744229999999999,1.401199,THA,SVK,847989
5644975,223,206,9220,2019,0.0,81043.0,0.19601300000000002,1.159766,TUN,SVK,847989
5644976,224,206,9220,2019,542673.0,2662973.0,0.569408,2.364546,TUR,SVK,847989
5644977,228,206,9220,2019,271950.0,566217.0,0.303802,0.5650270000000001,UKR,SVK,847989
5644978,231,206,9220,2019,762411.0,5109916.0,1.606808,0.3232,USA,SVK,847989
5644979,239,206,9220,2019,8060.0,351337.0,-0.048147,1.098784,VNM,SVK,847989
5644980,246,206,9220,2019,0.0,542053.0,0.129921,1.101027,ZAF,SVK,847989
5644981,249,206,9220,2019,26031.0,1762292.0,2.123296,1.1786969999999999,TWN,SVK,847989
5644982,250,206,9220,2019,7005072.0,0.0,0.8996129999999999,-0.152746,ANS,SVK,847989
5644983,4,207,9220,2019,0.0,87999.0,-0.459614,-0.019257,ALB,SVN,847989
5644984,7,207,9220,2019,28722.0,31283.0,-0.165113,-0.8973540000000001,ARE,SVN,847989
5644985,9,207,9220,2019,0.0,1834.0,-0.203986,-0.667607,ARM,SVN,847989
5644986,14,207,9220,2019,561819.0,398250.0,-0.294558,-0.180198,AUS,SVN,847989
5644987,15,207,9220,2019,6595447.0,2925460.0,1.743927,-0.076778,AUT,SVN,847989
5644988,16,207,9220,2019,0.0,2821.0,-1.005636,-1.2094209999999999,AZE,SVN,847989
5644989,18,207,9220,2019,1094510.0,1257265.0,1.2555969999999999,1.168642,BEL,SVN,847989
5644990,23,207,9220,2019,820601.0,1712705.0,0.572997,1.863346,BGR,SVN,847989
5644991,24,207,9220,2019,32097.0,36462.0,0.378349,-0.621468,BHR,SVN,847989
5644992,26,207,9220,2019,63758.0,2944566.0,0.6525,0.83988,BIH,SVN,847989
5644993,28,207,9220,2019,0.0,181232.0,0.7849649999999999,0.8951600000000001,BLR,SVN,847989
5644994,32,207,9220,2019,1420.0,102676.0,0.076947,0.660604,BRA,SVN,847989
5644995,39,207,9220,2019,101357.0,1108455.0,0.657292,1.187872,CAN,SVN,847989
5644996,41,207,9220,2019,1545651.0,737958.0,2.1990849999999997,0.8394229999999999,CHE,SVN,847989
5644997,42,207,9220,2019,1567.0,48312.0,-0.34416199999999997,-0.432674,CHL,SVN,847989
5644998,43,207,9220,2019,9638570.0,1689986.0,1.196265,1.2258870000000002,CHN,SVN,847989
5644999,44,207,9220,2019,0.0,6341.0,-0.9916719999999999,-0.960625,CIV,SVN,847989
5645000,49,207,9220,2019,0.0,32478.0,0.099936,-0.15568800000000002,COL,SVN,847989
5645001,52,207,9220,2019,1268.0,2106.0,0.38045,0.08960900000000001,CRI,SVN,847989
5645002,58,207,9220,2019,0.0,2801.0,0.657782,0.209481,CYP,SVN,847989
5645003,59,207,9220,2019,4898275.0,856586.0,1.797611,0.406708,CZE,SVN,847989
5645004,61,207,9220,2019,35001132.0,11899950.0,2.078626,-2.124816,DEU,SVN,847989
5645005,64,207,9220,2019,2493113.0,724048.0,1.0768280000000001,1.2615610000000002,DNK,SVN,847989
5645006,67,207,9220,2019,0.0,7419.0,-1.12261,-1.094275,ECU,SVN,847989
5645007,68,207,9220,2019,0.0,26085.0,-0.152353,1.5426309999999999,EGY,SVN,847989
5645008,71,207,9220,2019,1627252.0,172546.0,0.678454,3.007838,ESP,SVN,847989
5645009,72,207,9220,2019,3492.0,26572.0,0.962284,1.346195,EST,SVN,847989
5645010,73,207,9220,2019,0.0,901.0,-1.073631,-0.617885,ETH,SVN,847989
5645011,74,207,9220,2019,4937.0,148253.0,1.495278,1.034435,FIN,SVN,847989
5645012,77,207,9220,2019,2625001.0,963841.0,1.380982,0.9510629999999999,FRA,SVN,847989
5645013,81,207,9220,2019,668369.0,296732.0,1.731106,0.717566,GBR,SVN,847989
5645014,82,207,9220,2019,0.0,18818.0,-0.057798,-0.206771,GEO,SVN,847989
5645015,90,207,9220,2019,74409.0,104550.0,0.08904400000000001,1.059396,GRC,SVN,847989
5645016,97,207,9220,2019,30334.0,348262.0,0.992556,1.523004,HKG,SVN,847989
5645017,100,207,9220,2019,2061157.0,6652767.0,0.850527,1.280845,HRV,SVN,847989
5645018,102,207,9220,2019,493915.0,2376542.0,1.462102,0.809183,HUN,SVN,847989
5645019,103,207,9220,2019,0.0,47819.0,-0.141811,1.385726,IDN,SVN,847989
5645020,104,207,9220,2019,200104.0,700919.0,0.43196,2.661139,IND,SVN,847989
5645021,106,207,9220,2019,42451.0,92412.0,1.3812389999999999,-0.025366,IRL,SVN,847989
5645022,108,207,9220,2019,0.0,2451.0,-1.593359,-0.9927860000000001,IRQ,SVN,847989
5645023,109,207,9220,2019,1465.0,22879.0,0.378873,-0.162129,ISL,SVN,847989
5645024,110,207,9220,2019,79039.0,127566.0,1.488686,0.823376,ISR,SVN,847989
5645025,111,207,9220,2019,16831184.0,3190233.0,1.25898,0.926639,ITA,SVN,847989
5645026,113,207,9220,2019,0.0,178340.0,-0.003529,0.255816,JOR,SVN,847989
5645027,114,207,9220,2019,4202106.0,871749.0,2.4931509999999997,-0.558811,JPN,SVN,847989
5645028,115,207,9220,2019,0.0,5656.0,-0.26529400000000003,-0.523479,KAZ,SVN,847989
5645029,116,207,9220,2019,0.0,1823.0,-0.406684,0.8588969999999999,KEN,SVN,847989
5645030,121,207,9220,2019,12486592.0,1105930.0,2.115482,0.696838,KOR,SVN,847989
5645031,122,207,9220,2019,2156.0,24959.0,0.081686,-1.087259,KWT,SVN,847989
5645032,124,207,9220,2019,0.0,2137.0,0.26155700000000004,1.062317,LBN,SVN,847989
5645033,130,207,9220,2019,9132.0,21370.0,0.858456,1.364581,LTU,SVN,847989
5645034,131,207,9220,2019,44778.0,0.0,1.234145,1.3754309999999998,LUX,SVN,847989
5645035,132,207,9220,2019,106372.0,7253.0,0.7804300000000001,1.159592,LVA,SVN,847989
5645036,134,207,9220,2019,53251.0,27624.0,-0.747739,-0.154125,MAR,SVN,847989
5645037,135,207,9220,2019,1185.0,7208.0,-0.333385,-0.35752,MDA,SVN,847989
5645038,137,207,9220,2019,0.0,2948.0,-0.37792800000000004,-0.8963059999999999,MDV,SVN,847989
5645039,138,207,9220,2019,44482.0,731865.0,1.083041,0.569353,MEX,SVN,847989
5645040,140,207,9220,2019,171777.0,1949025.0,0.050624,-0.11143299999999999,MKD,SVN,847989
5645041,142,207,9220,2019,0.0,7310.0,0.893992,0.25255500000000003,MLT,SVN,847989
5645042,143,207,9220,2019,0.0,106112.0,-1.196733,-0.435766,MMR,SVN,847989
5645043,144,207,9220,2019,3037.0,362611.0,0.40415100000000004,0.068967,MNE,SVN,847989
5645044,145,207,9220,2019,0.0,2392.0,-1.1612049999999998,-1.1615739999999999,MNG,SVN,847989
5645045,153,207,9220,2019,307071.0,1552908.0,1.192967,0.730971,MYS,SVN,847989
5645046,155,207,9220,2019,0.0,7116.0,-0.545575,-0.744274,NAM,SVN,847989
5645047,159,207,9220,2019,0.0,39425.0,-1.7383970000000002,-1.220333,NGA,SVN,847989
5645048,162,207,9220,2019,1018662.0,968779.0,1.145044,1.3523530000000001,NLD,SVN,847989
5645049,163,207,9220,2019,12129.0,39700.0,0.6957300000000001,0.181607,NOR,SVN,847989
5645050,166,207,9220,2019,0.0,54603.0,0.119281,0.039036,NZL,SVN,847989
5645051,167,207,9220,2019,0.0,30522.0,-0.40120100000000003,-0.881602,OMN,SVN,847989
5645052,168,207,9220,2019,0.0,10443.0,-0.6909270000000001,0.8651120000000001,PAK,SVN,847989
5645053,173,207,9220,2019,1911.0,0.0,-0.76944,-0.216619,PER,SVN,847989
5645054,174,207,9220,2019,570.0,39259.0,0.762884,0.3318,PHL,SVN,847989
5645055,177,207,9220,2019,1211552.0,646412.0,1.088347,1.275875,POL,SVN,847989
5645056,179,207,9220,2019,62137.0,84442.0,0.545467,2.344447,PRT,SVN,847989
5645057,180,207,9220,2019,0.0,110014.0,-0.500999,-0.8635219999999999,PRY,SVN,847989
5645058,183,207,9220,2019,0.0,7882.0,-0.064127,-1.065046,QAT,SVN,847989
5645059,185,207,9220,2019,122809.0,2253883.0,1.044289,1.013691,ROU,SVN,847989
5645060,186,207,9220,2019,9983.0,2209094.0,0.329884,0.26215,RUS,SVN,847989
5645061,188,207,9220,2019,0.0,74555.0,0.787798,-0.41350600000000004,SAU,SVN,847989
5645062,192,207,9220,2019,22496.0,45721.0,2.0264599999999997,0.665506,SGP,SVN,847989
5645063,201,207,9220,2019,405833.0,5760357.0,0.543913,1.210102,SRB,SVN,847989
5645064,206,207,9220,2019,1209957.0,2409876.0,1.39311,0.743107,SVK,SVN,847989
5645065,208,207,9220,2019,628053.0,2254794.0,1.781148,0.742037,SWE,SVN,847989
5645066,216,207,9220,2019,5054.0,91719.0,0.9744229999999999,1.401199,THA,SVN,847989
5645067,223,207,9220,2019,0.0,172099.0,0.19601300000000002,1.159766,TUN,SVN,847989
5645068,224,207,9220,2019,88358.0,2212178.0,0.569408,2.364546,TUR,SVN,847989
5645069,228,207,9220,2019,31322.0,30940.0,0.303802,0.5650270000000001,UKR,SVN,847989
5645070,230,207,9220,2019,5464.0,0.0,-0.077549,-0.473943,URY,SVN,847989
5645071,231,207,9220,2019,662421.0,1498453.0,1.606808,0.3232,USA,SVN,847989
5645072,236,207,9220,2019,0.0,4344.0,-1.318175,-1.2506110000000001,VEN,SVN,847989
5645073,239,207,9220,2019,47198.0,27475.0,-0.048147,1.098784,VNM,SVN,847989
5645074,246,207,9220,2019,0.0,83227.0,0.129921,1.101027,ZAF,SVN,847989
5645075,249,207,9220,2019,191126.0,3044.0,2.123296,1.1786969999999999,TWN,SVN,847989
5645076,250,207,9220,2019,141793.0,0.0,0.8996129999999999,-0.152746,ANS,SVN,847989
5645077,2,208,9220,2019,0.0,386.0,-1.096127,-1.195434,AGO,SWE,847989
5645078,4,208,9220,2019,0.0,117448.0,-0.459614,-0.019257,ALB,SWE,847989
5645079,7,208,9220,2019,1037.0,1599637.0,-0.165113,-0.8973540000000001,ARE,SWE,847989
5645080,8,208,9220,2019,0.0,4354739.0,-0.136634,0.127073,ARG,SWE,847989
5645081,9,208,9220,2019,0.0,7489.0,-0.203986,-0.667607,ARM,SWE,847989
5645082,14,208,9220,2019,145128.0,5282655.0,-0.294558,-0.180198,AUS,SWE,847989
5645083,15,208,9220,2019,7031986.0,4760278.0,1.743927,-0.076778,AUT,SWE,847989
5645084,16,208,9220,2019,0.0,46074.0,-1.005636,-1.2094209999999999,AZE,SWE,847989
5645085,18,208,9220,2019,6581948.0,20043820.0,1.2555969999999999,1.168642,BEL,SWE,847989
5645086,21,208,9220,2019,0.0,21444.0,-0.805181,-0.941847,BFA,SWE,847989
5645087,22,208,9220,2019,0.0,225092.0,-1.113148,-0.9513299999999999,BGD,SWE,847989
5645088,23,208,9220,2019,6942.0,348759.0,0.572997,1.863346,BGR,SWE,847989
5645089,24,208,9220,2019,45021.0,215606.0,0.378349,-0.621468,BHR,SWE,847989
5645090,26,208,9220,2019,991.0,48553.0,0.6525,0.83988,BIH,SWE,847989
5645091,28,208,9220,2019,0.0,90728.0,0.7849649999999999,0.8951600000000001,BLR,SWE,847989
5645092,31,208,9220,2019,0.0,3495.0,-1.012748,-0.999245,BOL,SWE,847989
5645093,32,208,9220,2019,65651.0,4868626.0,0.076947,0.660604,BRA,SWE,847989
5645094,34,208,9220,2019,0.0,6615.0,0.9608620000000001,-0.7012619999999999,BRN,SWE,847989
5645095,37,208,9220,2019,0.0,2887.0,-0.492807,-1.152651,BWA,SWE,847989
5645096,39,208,9220,2019,5032134.0,9480503.0,0.657292,1.187872,CAN,SWE,847989
5645097,41,208,9220,2019,6740210.0,8965162.0,2.1990849999999997,0.8394229999999999,CHE,SWE,847989
5645098,42,208,9220,2019,0.0,566424.0,-0.34416199999999997,-0.432674,CHL,SWE,847989
5645099,43,208,9220,2019,27769580.0,101260208.0,1.196265,1.2258870000000002,CHN,SWE,847989
5645100,44,208,9220,2019,0.0,3278.0,-0.9916719999999999,-0.960625,CIV,SWE,847989
5645101,45,208,9220,2019,0.0,16436.0,-1.461279,-1.214274,CMR,SWE,847989
5645102,46,208,9220,2019,0.0,3301.0,-1.2685879999999998,-1.148403,COD,SWE,847989
5645103,47,208,9220,2019,0.0,63894.0,-1.305193,-1.162808,COG,SWE,847989
5645104,49,208,9220,2019,0.0,84633.0,0.099936,-0.15568800000000002,COL,SWE,847989
5645105,52,208,9220,2019,0.0,9512.0,0.38045,0.08960900000000001,CRI,SWE,847989
5645106,58,208,9220,2019,3024.0,107343.0,0.657782,0.209481,CYP,SWE,847989
5645107,59,208,9220,2019,36395876.0,5446317.0,1.797611,0.406708,CZE,SWE,847989
5645108,61,208,9220,2019,214548912.0,69870472.0,2.078626,-2.124816,DEU,SWE,847989
5645109,62,208,9220,2019,0.0,86200.0,-0.602334,-0.794205,DJI,SWE,847989
5645110,64,208,9220,2019,27387028.0,15911608.0,1.0768280000000001,1.2615610000000002,DNK,SWE,847989
5645111,65,208,9220,2019,0.0,3647.0,-0.20594,0.309785,DOM,SWE,847989
5645112,66,208,9220,2019,0.0,344920.0,-1.008866,-1.215228,DZA,SWE,847989
5645113,67,208,9220,2019,0.0,79573.0,-1.12261,-1.094275,ECU,SWE,847989
5645114,68,208,9220,2019,0.0,1963792.0,-0.152353,1.5426309999999999,EGY,SWE,847989
5645115,71,208,9220,2019,3520260.0,12497596.0,0.678454,3.007838,ESP,SWE,847989
5645116,72,208,9220,2019,2113098.0,2632234.0,0.962284,1.346195,EST,SWE,847989
5645117,73,208,9220,2019,0.0,19091.0,-1.073631,-0.617885,ETH,SWE,847989
5645118,74,208,9220,2019,8420950.0,15564725.0,1.495278,1.034435,FIN,SWE,847989
5645119,77,208,9220,2019,6614513.0,22172822.0,1.380982,0.9510629999999999,FRA,SWE,847989
5645120,78,208,9220,2019,0.0,43618.0,-1.164816,-0.9571540000000001,FRO,SWE,847989
5645121,80,208,9220,2019,0.0,5404.0,-1.08556,-1.183434,GAB,SWE,847989
5645122,81,208,9220,2019,21800882.0,20767310.0,1.731106,0.717566,GBR,SWE,847989
5645123,82,208,9220,2019,0.0,3685.0,-0.057798,-0.206771,GEO,SWE,847989
5645124,83,208,9220,2019,0.0,11114.0,-0.9581,-0.8727879999999999,GHA,SWE,847989
5645125,90,208,9220,2019,7890.0,914453.0,0.08904400000000001,1.059396,GRC,SWE,847989
5645126,92,208,9220,2019,0.0,18304.0,-0.808258,-0.936559,GRL,SWE,847989
5645127,96,208,9220,2019,0.0,1662.0,-0.308365,-0.7833359999999999,GUY,SWE,847989
5645128,97,208,9220,2019,1170826.0,2016968.0,0.992556,1.523004,HKG,SWE,847989
5645129,100,208,9220,2019,12263.0,377216.0,0.850527,1.280845,HRV,SWE,847989
5645130,102,208,9220,2019,5126298.0,1710694.0,1.462102,0.809183,HUN,SWE,847989
5645131,103,208,9220,2019,36516.0,515010.0,-0.141811,1.385726,IDN,SWE,847989
5645132,104,208,9220,2019,333783.0,20890952.0,0.43196,2.661139,IND,SWE,847989
5645133,106,208,9220,2019,218463.0,1054250.0,1.3812389999999999,-0.025366,IRL,SWE,847989
5645134,107,208,9220,2019,0.0,184074.0,-0.386813,-0.467873,IRN,SWE,847989
5645135,108,208,9220,2019,0.0,16610.0,-1.593359,-0.9927860000000001,IRQ,SWE,847989
5645136,109,208,9220,2019,15878.0,489554.0,0.378873,-0.162129,ISL,SWE,847989
5645137,110,208,9220,2019,396667.0,1098049.0,1.488686,0.823376,ISR,SWE,847989
5645138,111,208,9220,2019,20128686.0,44330720.0,1.25898,0.926639,ITA,SWE,847989
5645139,112,208,9220,2019,0.0,5076.0,-0.18387799999999999,-0.710004,JAM,SWE,847989
5645140,113,208,9220,2019,236909.0,220608.0,-0.003529,0.255816,JOR,SWE,847989
5645141,114,208,9220,2019,25209480.0,53181004.0,2.4931509999999997,-0.558811,JPN,SWE,847989
5645142,115,208,9220,2019,0.0,421054.0,-0.26529400000000003,-0.523479,KAZ,SWE,847989
5645143,116,208,9220,2019,0.0,12360.0,-0.406684,0.8588969999999999,KEN,SWE,847989
5645144,121,208,9220,2019,11196061.0,23455862.0,2.115482,0.696838,KOR,SWE,847989
5645145,122,208,9220,2019,0.0,1552472.0,0.081686,-1.087259,KWT,SWE,847989
5645146,124,208,9220,2019,0.0,138519.0,0.26155700000000004,1.062317,LBN,SWE,847989
5645147,128,208,9220,2019,0.0,7085.0,-0.592952,0.394811,LKA,SWE,847989
5645148,130,208,9220,2019,309652.0,1881456.0,0.858456,1.364581,LTU,SWE,847989
5645149,131,208,9220,2019,22986.0,229052.0,1.234145,1.3754309999999998,LUX,SWE,847989
5645150,132,208,9220,2019,364501.0,351316.0,0.7804300000000001,1.159592,LVA,SWE,847989
5645151,133,208,9220,2019,0.0,21866.0,0.397984,-0.061689,MAC,SWE,847989
5645152,134,208,9220,2019,0.0,37237.0,-0.747739,-0.154125,MAR,SWE,847989
5645153,135,208,9220,2019,0.0,1619.0,-0.333385,-0.35752,MDA,SWE,847989
5645154,136,208,9220,2019,0.0,11059.0,-1.267516,-0.733849,MDG,SWE,847989
5645155,137,208,9220,2019,0.0,34062.0,-0.37792800000000004,-0.8963059999999999,MDV,SWE,847989
5645156,138,208,9220,2019,1311639.0,3865226.0,1.083041,0.569353,MEX,SWE,847989
5645157,140,208,9220,2019,0.0,10257.0,0.050624,-0.11143299999999999,MKD,SWE,847989
5645158,142,208,9220,2019,0.0,77874.0,0.893992,0.25255500000000003,MLT,SWE,847989
5645159,144,208,9220,2019,0.0,829.0,0.40415100000000004,0.068967,MNE,SWE,847989
5645160,145,208,9220,2019,0.0,7816.0,-1.1612049999999998,-1.1615739999999999,MNG,SWE,847989
5645161,151,208,9220,2019,0.0,1346.0,-0.15909600000000002,0.034770999999999996,MUS,SWE,847989
5645162,153,208,9220,2019,526546.0,1681398.0,1.192967,0.730971,MYS,SWE,847989
5645163,155,208,9220,2019,0.0,873.0,-0.545575,-0.744274,NAM,SWE,847989
5645164,156,208,9220,2019,0.0,1386.0,-0.342544,-0.867944,NCL,SWE,847989
5645165,159,208,9220,2019,0.0,113062.0,-1.7383970000000002,-1.220333,NGA,SWE,847989
5645166,160,208,9220,2019,0.0,26047.0,-1.058553,-0.854482,NIC,SWE,847989
5645167,162,208,9220,2019,33332092.0,16817400.0,1.145044,1.3523530000000001,NLD,SWE,847989
5645168,163,208,9220,2019,5278388.0,38126016.0,0.6957300000000001,0.181607,NOR,SWE,847989
5645169,164,208,9220,2019,4801.0,5548.0,-0.23868000000000003,0.42732299999999995,NPL,SWE,847989
5645170,166,208,9220,2019,84865.0,1317389.0,0.119281,0.039036,NZL,SWE,847989
5645171,167,208,9220,2019,0.0,88228.0,-0.40120100000000003,-0.881602,OMN,SWE,847989
5645172,168,208,9220,2019,0.0,824303.0,-0.6909270000000001,0.8651120000000001,PAK,SWE,847989
5645173,169,208,9220,2019,0.0,3071.0,0.00926,-0.308483,PAN,SWE,847989
5645174,173,208,9220,2019,0.0,522990.0,-0.76944,-0.216619,PER,SWE,847989
5645175,174,208,9220,2019,56852.0,1061874.0,0.762884,0.3318,PHL,SWE,847989
5645176,176,208,9220,2019,0.0,176123.0,-1.654143,-1.249707,PNG,SWE,847989
5645177,177,208,9220,2019,35091700.0,12558320.0,1.088347,1.275875,POL,SWE,847989
5645178,179,208,9220,2019,0.0,3618168.0,0.545467,2.344447,PRT,SWE,847989
5645179,180,208,9220,2019,0.0,4190.0,-0.500999,-0.8635219999999999,PRY,SWE,847989
5645180,182,208,9220,2019,0.0,23547.0,0.30119,-0.39213000000000003,PYF,SWE,847989
5645181,183,208,9220,2019,26894.0,508318.0,-0.064127,-1.065046,QAT,SWE,847989
5645182,185,208,9220,2019,40643.0,2928006.0,1.044289,1.013691,ROU,SWE,847989
5645183,186,208,9220,2019,111741.0,12998123.0,0.329884,0.26215,RUS,SWE,847989
5645184,187,208,9220,2019,0.0,1395.0,-0.812602,-0.737603,RWA,SWE,847989
5645185,188,208,9220,2019,4993.0,1608083.0,0.787798,-0.41350600000000004,SAU,SWE,847989
5645186,190,208,9220,2019,0.0,1904.0,-1.25579,-1.208796,SDN,SWE,847989
5645187,192,208,9220,2019,1790234.0,3491623.0,2.0264599999999997,0.665506,SGP,SWE,847989
5645188,201,208,9220,2019,49369.0,153237.0,0.543913,1.210102,SRB,SWE,847989
5645189,205,208,9220,2019,0.0,28552.0,-0.369004,-1.017133,SUR,SWE,847989
5645190,206,208,9220,2019,226766.0,4702978.0,1.39311,0.743107,SVK,SWE,847989
5645191,207,208,9220,2019,2254794.0,628053.0,1.63711,0.803198,SVN,SWE,847989
5645192,211,208,9220,2019,0.0,749.0,0.024113,-0.711363,SYC,SWE,847989
5645193,216,208,9220,2019,113886.0,2311885.0,0.9744229999999999,1.401199,THA,SWE,847989
5645194,222,208,9220,2019,0.0,7088.0,0.1861,-0.874604,TTO,SWE,847989
5645195,223,208,9220,2019,0.0,8347.0,0.19601300000000002,1.159766,TUN,SWE,847989
5645196,224,208,9220,2019,2152480.0,13650827.0,0.569408,2.364546,TUR,SWE,847989
5645197,226,208,9220,2019,0.0,184687.0,-0.907172,0.37293899999999996,TZA,SWE,847989
5645198,228,208,9220,2019,99076.0,292681.0,0.303802,0.5650270000000001,UKR,SWE,847989
5645199,230,208,9220,2019,0.0,19126.0,-0.077549,-0.473943,URY,SWE,847989
5645200,231,208,9220,2019,16462240.0,98803984.0,1.606808,0.3232,USA,SWE,847989
5645201,232,208,9220,2019,0.0,7954.0,-0.5856060000000001,-0.311248,UZB,SWE,847989
5645202,239,208,9220,2019,22081.0,275658.0,-0.048147,1.098784,VNM,SWE,847989
5645203,246,208,9220,2019,0.0,2175860.0,0.129921,1.101027,ZAF,SWE,847989
5645204,247,208,9220,2019,0.0,15981.0,-0.629261,-0.8471489999999999,ZMB,SWE,847989
5645205,248,208,9220,2019,0.0,55851.0,-0.9993780000000001,-1.018174,ZWE,SWE,847989
5645206,249,208,9220,2019,407304.0,17847084.0,2.123296,1.1786969999999999,TWN,SWE,847989
5645207,250,208,9220,2019,0.0,62485.0,0.8996129999999999,-0.152746,ANS,SWE,847989
5645208,1,216,9220,2019,0.0,2774.0,-1.187576,-0.7731979999999999,AFG,THA,847989
5645209,2,216,9220,2019,0.0,1422.0,-1.096127,-1.195434,AGO,THA,847989
5645210,7,216,9220,2019,171160.0,8593577.0,-0.165113,-0.8973540000000001,ARE,THA,847989
5645211,8,216,9220,2019,100262.0,2151.0,-0.136634,0.127073,ARG,THA,847989
5645212,9,216,9220,2019,0.0,3569.0,-0.203986,-0.667607,ARM,THA,847989
5645213,10,216,9220,2019,0.0,6553.0,1.121876,0.061064999999999994,ASM,THA,847989
5645214,14,216,9220,2019,1837973.0,1088614.0,-0.294558,-0.180198,AUS,THA,847989
5645215,15,216,9220,2019,2402756.0,39229.0,1.743927,-0.076778,AUT,THA,847989
5645216,16,216,9220,2019,0.0,13487.0,-1.005636,-1.2094209999999999,AZE,THA,847989
5645217,18,216,9220,2019,632050.0,49168.0,1.2555969999999999,1.168642,BEL,THA,847989
5645218,21,216,9220,2019,0.0,150.0,-0.805181,-0.941847,BFA,THA,847989
5645219,22,216,9220,2019,0.0,1138460.0,-1.113148,-0.9513299999999999,BGD,THA,847989
5645220,23,216,9220,2019,303170.0,0.0,0.572997,1.863346,BGR,THA,847989
5645221,24,216,9220,2019,0.0,674185.0,0.378349,-0.621468,BHR,THA,847989
5645222,31,216,9220,2019,4475.0,7068.0,-1.012748,-0.999245,BOL,THA,847989
5645223,32,216,9220,2019,49553.0,6872350.0,0.076947,0.660604,BRA,THA,847989
5645224,34,216,9220,2019,5347.0,134744.0,0.9608620000000001,-0.7012619999999999,BRN,THA,847989
5645225,35,216,9220,2019,0.0,6025.0,0.008482,-0.767876,BTN,THA,847989
5645226,39,216,9220,2019,654523.0,87295.0,0.657292,1.187872,CAN,THA,847989
5645227,41,216,9220,2019,4928692.0,4104285.0,2.1990849999999997,0.8394229999999999,CHE,THA,847989
5645228,42,216,9220,2019,53721.0,110049.0,-0.34416199999999997,-0.432674,CHL,THA,847989
5645229,43,216,9220,2019,230481904.0,13982317.0,1.196265,1.2258870000000002,CHN,THA,847989
5645230,44,216,9220,2019,8442.0,9294.0,-0.9916719999999999,-0.960625,CIV,THA,847989
5645231,47,216,9220,2019,4346.0,0.0,-1.305193,-1.162808,COG,THA,847989
5645232,49,216,9220,2019,15251.0,15050.0,0.099936,-0.15568800000000002,COL,THA,847989
5645233,55,216,9220,2019,166835.0,0.0,0.808621,-0.225196,CUW,THA,847989
5645234,59,216,9220,2019,1095772.0,3365815.0,1.797611,0.406708,CZE,THA,847989
5645235,61,216,9220,2019,54604020.0,3504906.0,2.078626,-2.124816,DEU,THA,847989
5645236,64,216,9220,2019,5699235.0,187561.0,1.0768280000000001,1.2615610000000002,DNK,THA,847989
5645237,65,216,9220,2019,0.0,2573.0,-0.20594,0.309785,DOM,THA,847989
5645238,66,216,9220,2019,0.0,5456.0,-1.008866,-1.215228,DZA,THA,847989
5645239,67,216,9220,2019,7974.0,4159.0,-1.12261,-1.094275,ECU,THA,847989
5645240,68,216,9220,2019,0.0,729132.0,-0.152353,1.5426309999999999,EGY,THA,847989
5645241,71,216,9220,2019,530878.0,0.0,0.678454,3.007838,ESP,THA,847989
5645242,73,216,9220,2019,0.0,2817.0,-1.073631,-0.617885,ETH,THA,847989
5645243,74,216,9220,2019,3157585.0,10706.0,1.495278,1.034435,FIN,THA,847989
5645244,75,216,9220,2019,0.0,19822.0,-0.274278,-0.049333,FJI,THA,847989
5645245,77,216,9220,2019,3125574.0,256329.0,1.380982,0.9510629999999999,FRA,THA,847989
5645246,81,216,9220,2019,2113532.0,525548.0,1.731106,0.717566,GBR,THA,847989
5645247,82,216,9220,2019,0.0,45672.0,-0.057798,-0.206771,GEO,THA,847989
5645248,90,216,9220,2019,2609.0,1240.0,0.08904400000000001,1.059396,GRC,THA,847989
5645249,97,216,9220,2019,2915703.0,4085399.0,0.992556,1.523004,HKG,THA,847989
5645250,100,216,9220,2019,29484.0,0.0,0.850527,1.280845,HRV,THA,847989
5645251,102,216,9220,2019,1013998.0,0.0,1.462102,0.809183,HUN,THA,847989
5645252,103,216,9220,2019,1115894.0,3375462.0,-0.141811,1.385726,IDN,THA,847989
5645253,104,216,9220,2019,15239871.0,8171806.0,0.43196,2.661139,IND,THA,847989
5645254,106,216,9220,2019,263240.0,0.0,1.3812389999999999,-0.025366,IRL,THA,847989
5645255,107,216,9220,2019,0.0,5365.0,-0.386813,-0.467873,IRN,THA,847989
5645256,108,216,9220,2019,0.0,254266.0,-1.593359,-0.9927860000000001,IRQ,THA,847989
5645257,110,216,9220,2019,971706.0,867693.0,1.488686,0.823376,ISR,THA,847989
5645258,111,216,9220,2019,26995732.0,1808819.0,1.25898,0.926639,ITA,THA,847989
5645259,113,216,9220,2019,0.0,233805.0,-0.003529,0.255816,JOR,THA,847989
5645260,114,216,9220,2019,331319616.0,18578820.0,2.4931509999999997,-0.558811,JPN,THA,847989
5645261,115,216,9220,2019,0.0,9830.0,-0.26529400000000003,-0.523479,KAZ,THA,847989
5645262,116,216,9220,2019,0.0,44545.0,-0.406684,0.8588969999999999,KEN,THA,847989
5645263,117,216,9220,2019,0.0,26257.0,-0.297072,0.306611,KGZ,THA,847989
5645264,118,216,9220,2019,4379.0,1902902.0,-0.7499359999999999,-0.627125,KHM,THA,847989
5645265,121,216,9220,2019,37476116.0,2105425.0,2.115482,0.696838,KOR,THA,847989
5645266,122,216,9220,2019,3791.0,556459.0,0.081686,-1.087259,KWT,THA,847989
5645267,123,216,9220,2019,81754.0,2192544.0,-0.8232889999999999,-0.7276590000000001,LAO,THA,847989
5645268,124,216,9220,2019,0.0,419754.0,0.26155700000000004,1.062317,LBN,THA,847989
5645269,126,216,9220,2019,0.0,661922.0,-1.552842,-1.2316690000000001,LBY,THA,847989
5645270,128,216,9220,2019,11754.0,137797.0,-0.592952,0.394811,LKA,THA,847989
5645271,130,216,9220,2019,13553.0,0.0,0.858456,1.364581,LTU,THA,847989
5645272,132,216,9220,2019,2392.0,0.0,0.7804300000000001,1.159592,LVA,THA,847989
5645273,134,216,9220,2019,0.0,55980.0,-0.747739,-0.154125,MAR,THA,847989
5645274,136,216,9220,2019,0.0,25464.0,-1.267516,-0.733849,MDG,THA,847989
5645275,137,216,9220,2019,0.0,63055.0,-0.37792800000000004,-0.8963059999999999,MDV,THA,847989
5645276,138,216,9220,2019,299412.0,256739.0,1.083041,0.569353,MEX,THA,847989
5645277,140,216,9220,2019,0.0,469.0,0.050624,-0.11143299999999999,MKD,THA,847989
5645278,142,216,9220,2019,39925.0,0.0,0.893992,0.25255500000000003,MLT,THA,847989
5645279,143,216,9220,2019,0.0,6125336.0,-1.196733,-0.435766,MMR,THA,847989
5645280,145,216,9220,2019,0.0,184929.0,-1.1612049999999998,-1.1615739999999999,MNG,THA,847989
5645281,151,216,9220,2019,0.0,31100.0,-0.15909600000000002,0.034770999999999996,MUS,THA,847989
5645282,153,216,9220,2019,59740208.0,8811642.0,1.192967,0.730971,MYS,THA,847989
5645283,159,216,9220,2019,0.0,11303.0,-1.7383970000000002,-1.220333,NGA,THA,847989
5645284,160,216,9220,2019,0.0,3147.0,-1.058553,-0.854482,NIC,THA,847989
5645285,162,216,9220,2019,2630643.0,184702.0,1.145044,1.3523530000000001,NLD,THA,847989
5645286,163,216,9220,2019,36840.0,13285.0,0.6957300000000001,0.181607,NOR,THA,847989
5645287,164,216,9220,2019,0.0,70931.0,-0.23868000000000003,0.42732299999999995,NPL,THA,847989
5645288,166,216,9220,2019,71362.0,73115.0,0.119281,0.039036,NZL,THA,847989
5645289,167,216,9220,2019,0.0,911578.0,-0.40120100000000003,-0.881602,OMN,THA,847989
5645290,168,216,9220,2019,2026.0,468877.0,-0.6909270000000001,0.8651120000000001,PAK,THA,847989
5645291,173,216,9220,2019,0.0,286033.0,-0.76944,-0.216619,PER,THA,847989
5645292,174,216,9220,2019,1542976.0,4052080.0,0.762884,0.3318,PHL,THA,847989
5645293,176,216,9220,2019,0.0,24030.0,-1.654143,-1.249707,PNG,THA,847989
5645294,177,216,9220,2019,618209.0,1224.0,1.088347,1.275875,POL,THA,847989
5645295,179,216,9220,2019,25207.0,0.0,0.545467,2.344447,PRT,THA,847989
5645296,182,216,9220,2019,0.0,3921.0,0.30119,-0.39213000000000003,PYF,THA,847989
5645297,183,216,9220,2019,0.0,1172482.0,-0.064127,-1.065046,QAT,THA,847989
5645298,185,216,9220,2019,253483.0,11695.0,1.044289,1.013691,ROU,THA,847989
5645299,186,216,9220,2019,15997.0,58529.0,0.329884,0.26215,RUS,THA,847989
5645300,188,216,9220,2019,1826.0,5066040.0,0.787798,-0.41350600000000004,SAU,THA,847989
5645301,192,216,9220,2019,152716080.0,7131724.0,2.0264599999999997,0.665506,SGP,THA,847989
5645302,195,216,9220,2019,0.0,5005.0,-1.650959,-1.013001,SLB,THA,847989
5645303,201,216,9220,2019,0.0,3916.0,0.543913,1.210102,SRB,THA,847989
5645304,206,216,9220,2019,132569.0,10146.0,1.39311,0.743107,SVK,THA,847989
5645305,207,216,9220,2019,91719.0,5054.0,1.63711,0.803198,SVN,THA,847989
5645306,208,216,9220,2019,2311885.0,113886.0,1.781148,0.742037,SWE,THA,847989
5645307,209,216,9220,2019,19438.0,0.0,0.087181,-0.760434,SWZ,THA,847989
5645308,211,216,9220,2019,0.0,2153.0,0.024113,-0.711363,SYC,THA,847989
5645309,217,216,9220,2019,0.0,5634.0,-0.7940020000000001,-1.075605,TJK,THA,847989
5645310,221,216,9220,2019,0.0,3002.0,-0.057787,-0.671035,TON,THA,847989
5645311,222,216,9220,2019,0.0,44676.0,0.1861,-0.874604,TTO,THA,847989
5645312,223,216,9220,2019,0.0,16227.0,0.19601300000000002,1.159766,TUN,THA,847989
5645313,224,216,9220,2019,539394.0,62444.0,0.569408,2.364546,TUR,THA,847989
5645314,226,216,9220,2019,0.0,187562.0,-0.907172,0.37293899999999996,TZA,THA,847989
5645315,227,216,9220,2019,0.0,18880.0,-0.639476,0.148255,UGA,THA,847989
5645316,228,216,9220,2019,9673.0,125687.0,0.303802,0.5650270000000001,UKR,THA,847989
5645317,231,216,9220,2019,33793556.0,7335996.0,1.606808,0.3232,USA,THA,847989
5645318,232,216,9220,2019,0.0,9180.0,-0.5856060000000001,-0.311248,UZB,THA,847989
5645319,239,216,9220,2019,4846072.0,18087854.0,-0.048147,1.098784,VNM,THA,847989
5645320,243,216,9220,2019,0.0,18115.0,-1.4367860000000001,-1.262101,YEM,THA,847989
5645321,246,216,9220,2019,4795.0,33152.0,0.129921,1.101027,ZAF,THA,847989
5645322,249,216,9220,2019,30947338.0,6443700.0,2.123296,1.1786969999999999,TWN,THA,847989
5645323,2,222,9220,2019,57502.0,0.0,-1.096127,-1.195434,AGO,TTO,847989
5645324,7,222,9220,2019,1431447.0,0.0,-0.165113,-0.8973540000000001,ARE,TTO,847989
5645325,14,222,9220,2019,96989.0,0.0,-0.294558,-0.180198,AUS,TTO,847989
5645326,15,222,9220,2019,42475.0,0.0,1.743927,-0.076778,AUT,TTO,847989
5645327,31,222,9220,2019,12548.0,0.0,-1.012748,-0.999245,BOL,TTO,847989
5645328,32,222,9220,2019,867847.0,0.0,0.076947,0.660604,BRA,TTO,847989
5645329,33,222,9220,2019,0.0,1064.0,0.6228199999999999,-0.10803499999999999,BRB,TTO,847989
5645330,39,222,9220,2019,419306.0,2843.0,0.657292,1.187872,CAN,TTO,847989
5645331,43,222,9220,2019,348238.0,0.0,1.196265,1.2258870000000002,CHN,TTO,847989
5645332,49,222,9220,2019,40258.0,21545.0,0.099936,-0.15568800000000002,COL,TTO,847989
5645333,61,222,9220,2019,578769.0,0.0,2.078626,-2.124816,DEU,TTO,847989
5645334,64,222,9220,2019,1735.0,0.0,1.0768280000000001,1.2615610000000002,DNK,TTO,847989
5645335,67,222,9220,2019,10168.0,0.0,-1.12261,-1.094275,ECU,TTO,847989
5645336,71,222,9220,2019,46474.0,0.0,0.678454,3.007838,ESP,TTO,847989
5645337,74,222,9220,2019,31125.0,0.0,1.495278,1.034435,FIN,TTO,847989
5645338,77,222,9220,2019,14873.0,0.0,1.380982,0.9510629999999999,FRA,TTO,847989
5645339,81,222,9220,2019,2179340.0,0.0,1.731106,0.717566,GBR,TTO,847989
5645340,91,222,9220,2019,3184.0,7716.0,0.297653,-0.409112,GRD,TTO,847989
5645341,96,222,9220,2019,431816.0,3259436.0,-0.308365,-0.7833359999999999,GUY,TTO,847989
5645342,104,222,9220,2019,29804.0,0.0,0.43196,2.661139,IND,TTO,847989
5645343,110,222,9220,2019,2000.0,0.0,1.488686,0.823376,ISR,TTO,847989
5645344,111,222,9220,2019,360390.0,0.0,1.25898,0.926639,ITA,TTO,847989
5645345,112,222,9220,2019,0.0,7694.0,-0.18387799999999999,-0.710004,JAM,TTO,847989
5645346,121,222,9220,2019,18113.0,0.0,2.115482,0.696838,KOR,TTO,847989
5645347,138,222,9220,2019,1165563.0,0.0,1.083041,0.569353,MEX,TTO,847989
5645348,162,222,9220,2019,2035.0,17166.0,1.145044,1.3523530000000001,NLD,TTO,847989
5645349,163,222,9220,2019,1124640.0,3209.0,0.6957300000000001,0.181607,NOR,TTO,847989
5645350,185,222,9220,2019,254608.0,0.0,1.044289,1.013691,ROU,TTO,847989
5645351,186,222,9220,2019,8491.0,0.0,0.329884,0.26215,RUS,TTO,847989
5645352,192,222,9220,2019,122634.0,0.0,2.0264599999999997,0.665506,SGP,TTO,847989
5645353,205,222,9220,2019,7208.0,210300.0,-0.369004,-1.017133,SUR,TTO,847989
5645354,208,222,9220,2019,7088.0,0.0,1.781148,0.742037,SWE,TTO,847989
5645355,216,222,9220,2019,44676.0,0.0,0.9744229999999999,1.401199,THA,TTO,847989
5645356,224,222,9220,2019,194846.0,0.0,0.569408,2.364546,TUR,TTO,847989
5645357,231,222,9220,2019,34424232.0,13667.0,1.606808,0.3232,USA,TTO,847989
5645358,234,222,9220,2019,0.0,9439.0,-0.712703,-0.859416,VCT,TTO,847989
5645359,249,222,9220,2019,4632.0,0.0,2.123296,1.1786969999999999,TWN,TTO,847989
5645360,1,224,9220,2019,0.0,111935.0,-1.187576,-0.7731979999999999,AFG,TUR,847989
5645361,2,224,9220,2019,0.0,54301.0,-1.096127,-1.195434,AGO,TUR,847989
5645362,4,224,9220,2019,3453.0,458991.0,-0.459614,-0.019257,ALB,TUR,847989
5645363,7,224,9220,2019,762897.0,5934676.0,-0.165113,-0.8973540000000001,ARE,TUR,847989
5645364,8,224,9220,2019,0.0,620209.0,-0.136634,0.127073,ARG,TUR,847989
5645365,9,224,9220,2019,0.0,18.0,-0.203986,-0.667607,ARM,TUR,847989
5645366,14,224,9220,2019,480227.0,876997.0,-0.294558,-0.180198,AUS,TUR,847989
5645367,15,224,9220,2019,3729371.0,389659.0,1.743927,-0.076778,AUT,TUR,847989
5645368,16,224,9220,2019,72723.0,6861909.0,-1.005636,-1.2094209999999999,AZE,TUR,847989
5645369,17,224,9220,2019,0.0,1550.0,-0.689117,-0.9027209999999999,BDI,TUR,847989
5645370,18,224,9220,2019,5404794.0,1908775.0,1.2555969999999999,1.168642,BEL,TUR,847989
5645371,19,224,9220,2019,0.0,20429.0,-0.861242,-0.8837440000000001,BEN,TUR,847989
5645372,21,224,9220,2019,0.0,37027.0,-0.805181,-0.941847,BFA,TUR,847989
5645373,22,224,9220,2019,0.0,2097792.0,-1.113148,-0.9513299999999999,BGD,TUR,847989
5645374,23,224,9220,2019,2004335.0,6059246.0,0.572997,1.863346,BGR,TUR,847989
5645375,24,224,9220,2019,0.0,218591.0,0.378349,-0.621468,BHR,TUR,847989
5645376,25,224,9220,2019,0.0,1120.0,-0.10707799999999999,-0.7419720000000001,BHS,TUR,847989
5645377,26,224,9220,2019,0.0,1967984.0,0.6525,0.83988,BIH,TUR,847989
5645378,28,224,9220,2019,9192.0,4785316.0,0.7849649999999999,0.8951600000000001,BLR,TUR,847989
5645379,31,224,9220,2019,0.0,833.0,-1.012748,-0.999245,BOL,TUR,847989
5645380,32,224,9220,2019,142007.0,469667.0,0.076947,0.660604,BRA,TUR,847989
5645381,34,224,9220,2019,0.0,2486.0,0.9608620000000001,-0.7012619999999999,BRN,TUR,847989
5645382,39,224,9220,2019,2602674.0,1291409.0,0.657292,1.187872,CAN,TUR,847989
5645383,41,224,9220,2019,11457714.0,851173.0,2.1990849999999997,0.8394229999999999,CHE,TUR,847989
5645384,42,224,9220,2019,34089.0,622097.0,-0.34416199999999997,-0.432674,CHL,TUR,847989
5645385,43,224,9220,2019,56824476.0,5878554.0,1.196265,1.2258870000000002,CHN,TUR,847989
5645386,44,224,9220,2019,0.0,85512.0,-0.9916719999999999,-0.960625,CIV,TUR,847989
5645387,45,224,9220,2019,0.0,593440.0,-1.461279,-1.214274,CMR,TUR,847989
5645388,46,224,9220,2019,0.0,58243.0,-1.2685879999999998,-1.148403,COD,TUR,847989
5645389,47,224,9220,2019,0.0,422414.0,-1.305193,-1.162808,COG,TUR,847989
5645390,48,224,9220,2019,0.0,6557.0,0.430439,-0.7410720000000001,COK,TUR,847989
5645391,49,224,9220,2019,0.0,1109040.0,0.099936,-0.15568800000000002,COL,TUR,847989
5645392,50,224,9220,2019,0.0,2033.0,0.21475,-0.737725,COM,TUR,847989
5645393,52,224,9220,2019,0.0,34161.0,0.38045,0.08960900000000001,CRI,TUR,847989
5645394,54,224,9220,2019,145139.0,15504.0,-0.880892,-1.141591,CUB,TUR,847989
5645395,58,224,9220,2019,0.0,1423500.0,0.657782,0.209481,CYP,TUR,847989
5645396,59,224,9220,2019,8808734.0,2800813.0,1.797611,0.406708,CZE,TUR,847989
5645397,61,224,9220,2019,162593216.0,13768504.0,2.078626,-2.124816,DEU,TUR,847989
5645398,62,224,9220,2019,0.0,25113.0,-0.602334,-0.794205,DJI,TUR,847989
5645399,64,224,9220,2019,7040618.0,1566842.0,1.0768280000000001,1.2615610000000002,DNK,TUR,847989
5645400,65,224,9220,2019,0.0,8416.0,-0.20594,0.309785,DOM,TUR,847989
5645401,66,224,9220,2019,2928.0,10084958.0,-1.008866,-1.215228,DZA,TUR,847989
5645402,67,224,9220,2019,0.0,459438.0,-1.12261,-1.094275,ECU,TUR,847989
5645403,68,224,9220,2019,34054.0,4756886.0,-0.152353,1.5426309999999999,EGY,TUR,847989
5645404,71,224,9220,2019,6864166.0,4511790.0,0.678454,3.007838,ESP,TUR,847989
5645405,72,224,9220,2019,1166057.0,268852.0,0.962284,1.346195,EST,TUR,847989
5645406,73,224,9220,2019,0.0,248672.0,-1.073631,-0.617885,ETH,TUR,847989
5645407,74,224,9220,2019,15137301.0,426355.0,1.495278,1.034435,FIN,TUR,847989
5645408,75,224,9220,2019,0.0,32536.0,-0.274278,-0.049333,FJI,TUR,847989
5645409,77,224,9220,2019,15271842.0,7443052.0,1.380982,0.9510629999999999,FRA,TUR,847989
5645410,80,224,9220,2019,0.0,5656.0,-1.08556,-1.183434,GAB,TUR,847989
5645411,81,224,9220,2019,7142882.0,6189960.0,1.731106,0.717566,GBR,TUR,847989
5645412,82,224,9220,2019,2710.0,2484086.0,-0.057798,-0.206771,GEO,TUR,847989
5645413,83,224,9220,2019,0.0,303280.0,-0.9581,-0.8727879999999999,GHA,TUR,847989
5645414,85,224,9220,2019,0.0,274257.0,-1.366633,-1.196123,GIN,TUR,847989
5645415,87,224,9220,2019,0.0,7291.0,-1.0174450000000002,-0.790743,GMB,TUR,847989
5645416,89,224,9220,2019,0.0,2212.0,-1.9057680000000001,-0.968132,GNQ,TUR,847989
5645417,90,224,9220,2019,53239.0,1353914.0,0.08904400000000001,1.059396,GRC,TUR,847989
5645418,93,224,9220,2019,0.0,2694.0,-0.43447299999999994,0.658475,GTM,TUR,847989
5645419,96,224,9220,2019,0.0,813.0,-0.308365,-0.7833359999999999,GUY,TUR,847989
5645420,97,224,9220,2019,34292.0,4615.0,0.992556,1.523004,HKG,TUR,847989
5645421,100,224,9220,2019,270141.0,691055.0,0.850527,1.280845,HRV,TUR,847989
5645422,102,224,9220,2019,1554616.0,2499864.0,1.462102,0.809183,HUN,TUR,847989
5645423,103,224,9220,2019,2525.0,310057.0,-0.141811,1.385726,IDN,TUR,847989
5645424,104,224,9220,2019,4446443.0,3882038.0,0.43196,2.661139,IND,TUR,847989
5645425,106,224,9220,2019,12455.0,1525964.0,1.3812389999999999,-0.025366,IRL,TUR,847989
5645426,107,224,9220,2019,2884516.0,6293670.0,-0.386813,-0.467873,IRN,TUR,847989
5645427,108,224,9220,2019,1489.0,9605656.0,-1.593359,-0.9927860000000001,IRQ,TUR,847989
5645428,109,224,9220,2019,0.0,3904.0,0.378873,-0.162129,ISL,TUR,847989
5645429,110,224,9220,2019,567392.0,2169129.0,1.488686,0.823376,ISR,TUR,847989
5645430,111,224,9220,2019,63070532.0,6206518.0,1.25898,0.926639,ITA,TUR,847989
5645431,113,224,9220,2019,3891.0,898612.0,-0.003529,0.255816,JOR,TUR,847989
5645432,114,224,9220,2019,16748464.0,48448.0,2.4931509999999997,-0.558811,JPN,TUR,847989
5645433,115,224,9220,2019,70090.0,2538149.0,-0.26529400000000003,-0.523479,KAZ,TUR,847989
5645434,116,224,9220,2019,0.0,1996951.0,-0.406684,0.8588969999999999,KEN,TUR,847989
5645435,117,224,9220,2019,0.0,633875.0,-0.297072,0.306611,KGZ,TUR,847989
5645436,121,224,9220,2019,18090408.0,995861.0,2.115482,0.696838,KOR,TUR,847989
5645437,122,224,9220,2019,0.0,3043800.0,0.081686,-1.087259,KWT,TUR,847989
5645438,124,224,9220,2019,36616.0,609305.0,0.26155700000000004,1.062317,LBN,TUR,847989
5645439,125,224,9220,2019,0.0,703608.0,-1.288568,-1.172395,LBR,TUR,847989
5645440,126,224,9220,2019,0.0,4320267.0,-1.552842,-1.2316690000000001,LBY,TUR,847989
5645441,128,224,9220,2019,0.0,365197.0,-0.592952,0.394811,LKA,TUR,847989
5645442,130,224,9220,2019,150193.0,1602797.0,0.858456,1.364581,LTU,TUR,847989
5645443,131,224,9220,2019,4877884.0,65661.0,1.234145,1.3754309999999998,LUX,TUR,847989
5645444,132,224,9220,2019,16530.0,234307.0,0.7804300000000001,1.159592,LVA,TUR,847989
5645445,134,224,9220,2019,24930.0,8939634.0,-0.747739,-0.154125,MAR,TUR,847989
5645446,135,224,9220,2019,0.0,370271.0,-0.333385,-0.35752,MDA,TUR,847989
5645447,136,224,9220,2019,0.0,4761.0,-1.267516,-0.733849,MDG,TUR,847989
5645448,137,224,9220,2019,0.0,43965.0,-0.37792800000000004,-0.8963059999999999,MDV,TUR,847989
5645449,138,224,9220,2019,305146.0,1233473.0,1.083041,0.569353,MEX,TUR,847989
5645450,139,224,9220,2019,0.0,126237.0,-0.592066,-0.900875,MHL,TUR,847989
5645451,140,224,9220,2019,320454.0,4022884.0,0.050624,-0.11143299999999999,MKD,TUR,847989
5645452,141,224,9220,2019,0.0,40459.0,-0.381732,-0.606313,MLI,TUR,847989
5645453,142,224,9220,2019,639735.0,140224.0,0.893992,0.25255500000000003,MLT,TUR,847989
5645454,143,224,9220,2019,0.0,4011.0,-1.196733,-0.435766,MMR,TUR,847989
5645455,144,224,9220,2019,0.0,69138.0,0.40415100000000004,0.068967,MNE,TUR,847989
5645456,145,224,9220,2019,0.0,58044.0,-1.1612049999999998,-1.1615739999999999,MNG,TUR,847989
5645457,147,224,9220,2019,0.0,14599.0,-1.264532,-1.072626,MOZ,TUR,847989
5645458,148,224,9220,2019,0.0,124109.0,-1.711918,-1.339005,MRT,TUR,847989
5645459,151,224,9220,2019,0.0,144754.0,-0.15909600000000002,0.034770999999999996,MUS,TUR,847989
5645460,152,224,9220,2019,0.0,3019.0,-1.0178479999999999,-1.1028879999999999,MWI,TUR,847989
5645461,153,224,9220,2019,146272.0,237756.0,1.192967,0.730971,MYS,TUR,847989
5645462,155,224,9220,2019,0.0,1096.0,-0.545575,-0.744274,NAM,TUR,847989
5645463,157,224,9220,2019,0.0,2010216.0,-0.345047,-0.792769,NER,TUR,847989
5645464,159,224,9220,2019,0.0,951418.0,-1.7383970000000002,-1.220333,NGA,TUR,847989
5645465,162,224,9220,2019,10227513.0,2154744.0,1.145044,1.3523530000000001,NLD,TUR,847989
5645466,163,224,9220,2019,5167042.0,857279.0,0.6957300000000001,0.181607,NOR,TUR,847989
5645467,164,224,9220,2019,0.0,3187.0,-0.23868000000000003,0.42732299999999995,NPL,TUR,847989
5645468,166,224,9220,2019,3283.0,4222.0,0.119281,0.039036,NZL,TUR,847989
5645469,167,224,9220,2019,0.0,408227.0,-0.40120100000000003,-0.881602,OMN,TUR,847989
5645470,168,224,9220,2019,0.0,2738634.0,-0.6909270000000001,0.8651120000000001,PAK,TUR,847989
5645471,169,224,9220,2019,0.0,14815.0,0.00926,-0.308483,PAN,TUR,847989
5645472,173,224,9220,2019,0.0,202831.0,-0.76944,-0.216619,PER,TUR,847989
5645473,174,224,9220,2019,21885.0,308261.0,0.762884,0.3318,PHL,TUR,847989
5645474,177,224,9220,2019,6145154.0,9644502.0,1.088347,1.275875,POL,TUR,847989
5645475,179,224,9220,2019,150953.0,730556.0,0.545467,2.344447,PRT,TUR,847989
5645476,180,224,9220,2019,0.0,243325.0,-0.500999,-0.8635219999999999,PRY,TUR,847989
5645477,181,224,9220,2019,0.0,2990.0,0.05640800000000001,0.708102,PSE,TUR,847989
5645478,183,224,9220,2019,0.0,2302611.0,-0.064127,-1.065046,QAT,TUR,847989
5645479,185,224,9220,2019,1359722.0,14273394.0,1.044289,1.013691,ROU,TUR,847989
5645480,186,224,9220,2019,60710.0,13764424.0,0.329884,0.26215,RUS,TUR,847989
5645481,187,224,9220,2019,0.0,87156.0,-0.812602,-0.737603,RWA,TUR,847989
5645482,188,224,9220,2019,12146.0,7728306.0,0.787798,-0.41350600000000004,SAU,TUR,847989
5645483,190,224,9220,2019,2221.0,635943.0,-1.25579,-1.208796,SDN,TUR,847989
5645484,191,224,9220,2019,2345.0,66392.0,-0.721992,-0.385479,SEN,TUR,847989
5645485,192,224,9220,2019,336016.0,354472.0,2.0264599999999997,0.665506,SGP,TUR,847989
5645486,197,224,9220,2019,0.0,98628.0,0.014037,0.23216599999999998,SLV,TUR,847989
5645487,199,224,9220,2019,0.0,66853.0,-1.046802,-0.961166,SOM,TUR,847989
5645488,201,224,9220,2019,85460.0,5923013.0,0.543913,1.210102,SRB,TUR,847989
5645489,205,224,9220,2019,0.0,2858.0,-0.369004,-1.017133,SUR,TUR,847989
5645490,206,224,9220,2019,2662973.0,542673.0,1.39311,0.743107,SVK,TUR,847989
5645491,207,224,9220,2019,2212178.0,88358.0,1.63711,0.803198,SVN,TUR,847989
5645492,208,224,9220,2019,13650827.0,2152480.0,1.781148,0.742037,SWE,TUR,847989
5645493,211,224,9220,2019,0.0,2972.0,0.024113,-0.711363,SYC,TUR,847989
5645494,212,224,9220,2019,0.0,121750.0,-0.67825,0.385416,SYR,TUR,847989
5645495,215,224,9220,2019,0.0,3470.0,-0.823204,-0.819535,TGO,TUR,847989
5645496,216,224,9220,2019,62444.0,539394.0,0.9744229999999999,1.401199,THA,TUR,847989
5645497,217,224,9220,2019,0.0,498801.0,-0.7940020000000001,-1.075605,TJK,TUR,847989
5645498,219,224,9220,2019,0.0,3432342.0,-0.9725950000000001,-1.16562,TKM,TUR,847989
5645499,222,224,9220,2019,0.0,194846.0,0.1861,-0.874604,TTO,TUR,847989
5645500,223,224,9220,2019,63975.0,2116560.0,0.19601300000000002,1.159766,TUN,TUR,847989
5645501,226,224,9220,2019,0.0,643147.0,-0.907172,0.37293899999999996,TZA,TUR,847989
5645502,227,224,9220,2019,0.0,11056.0,-0.639476,0.148255,UGA,TUR,847989
5645503,228,224,9220,2019,59126.0,2239432.0,0.303802,0.5650270000000001,UKR,TUR,847989
5645504,230,224,9220,2019,0.0,16883.0,-0.077549,-0.473943,URY,TUR,847989
5645505,231,224,9220,2019,21549650.0,7738521.0,1.606808,0.3232,USA,TUR,847989
5645506,232,224,9220,2019,12629.0,18345998.0,-0.5856060000000001,-0.311248,UZB,TUR,847989
5645507,236,224,9220,2019,0.0,91518.0,-1.318175,-1.2506110000000001,VEN,TUR,847989
5645508,239,224,9220,2019,53290.0,533882.0,-0.048147,1.098784,VNM,TUR,847989
5645509,243,224,9220,2019,0.0,410191.0,-1.4367860000000001,-1.262101,YEM,TUR,847989
5645510,246,224,9220,2019,75834.0,1155477.0,0.129921,1.101027,ZAF,TUR,847989
5645511,247,224,9220,2019,0.0,40088.0,-0.629261,-0.8471489999999999,ZMB,TUR,847989
5645512,249,224,9220,2019,2073896.0,63555.0,2.123296,1.1786969999999999,TWN,TUR,847989
5645513,250,224,9220,2019,0.0,175242.0,0.8996129999999999,-0.152746,ANS,TUR,847989
5645514,8,230,9220,2019,1285540.0,2355.0,-0.136634,0.127073,ARG,URY,847989
5645515,14,230,9220,2019,21247.0,0.0,-0.294558,-0.180198,AUS,URY,847989
5645516,15,230,9220,2019,26256.0,0.0,1.743927,-0.076778,AUT,URY,847989
5645517,18,230,9220,2019,50516.0,0.0,1.2555969999999999,1.168642,BEL,URY,847989
5645518,31,230,9220,2019,131293.0,0.0,-1.012748,-0.999245,BOL,URY,847989
5645519,32,230,9220,2019,3441490.0,104539.0,0.076947,0.660604,BRA,URY,847989
5645520,39,230,9220,2019,39326.0,0.0,0.657292,1.187872,CAN,URY,847989
5645521,41,230,9220,2019,101412.0,0.0,2.1990849999999997,0.8394229999999999,CHE,URY,847989
5645522,42,230,9220,2019,11427.0,40527.0,-0.34416199999999997,-0.432674,CHL,URY,847989
5645523,43,230,9220,2019,2386271.0,0.0,1.196265,1.2258870000000002,CHN,URY,847989
5645524,49,230,9220,2019,0.0,86985.0,0.099936,-0.15568800000000002,COL,URY,847989
5645525,52,230,9220,2019,0.0,86122.0,0.38045,0.08960900000000001,CRI,URY,847989
5645526,59,230,9220,2019,90171.0,0.0,1.797611,0.406708,CZE,URY,847989
5645527,61,230,9220,2019,1138325.0,0.0,2.078626,-2.124816,DEU,URY,847989
5645528,64,230,9220,2019,30179.0,0.0,1.0768280000000001,1.2615610000000002,DNK,URY,847989
5645529,67,230,9220,2019,0.0,101419.0,-1.12261,-1.094275,ECU,URY,847989
5645530,71,230,9220,2019,428303.0,0.0,0.678454,3.007838,ESP,URY,847989
5645531,74,230,9220,2019,13975.0,0.0,1.495278,1.034435,FIN,URY,847989
5645532,77,230,9220,2019,481995.0,2701.0,1.380982,0.9510629999999999,FRA,URY,847989
5645533,81,230,9220,2019,7185.0,0.0,1.731106,0.717566,GBR,URY,847989
5645534,93,230,9220,2019,0.0,1183.0,-0.43447299999999994,0.658475,GTM,URY,847989
5645535,97,230,9220,2019,10128.0,0.0,0.992556,1.523004,HKG,URY,847989
5645536,102,230,9220,2019,9680.0,0.0,1.462102,0.809183,HUN,URY,847989
5645537,104,230,9220,2019,1291295.0,0.0,0.43196,2.661139,IND,URY,847989
5645538,106,230,9220,2019,4230.0,0.0,1.3812389999999999,-0.025366,IRL,URY,847989
5645539,110,230,9220,2019,904.0,0.0,1.488686,0.823376,ISR,URY,847989
5645540,111,230,9220,2019,2327564.0,0.0,1.25898,0.926639,ITA,URY,847989
5645541,114,230,9220,2019,39160.0,0.0,2.4931509999999997,-0.558811,JPN,URY,847989
5645542,121,230,9220,2019,27642.0,0.0,2.115482,0.696838,KOR,URY,847989
5645543,130,230,9220,2019,6555.0,0.0,0.858456,1.364581,LTU,URY,847989
5645544,131,230,9220,2019,1432.0,0.0,1.234145,1.3754309999999998,LUX,URY,847989
5645545,138,230,9220,2019,137895.0,75574.0,1.083041,0.569353,MEX,URY,847989
5645546,162,230,9220,2019,8265.0,0.0,1.145044,1.3523530000000001,NLD,URY,847989
5645547,163,230,9220,2019,0.0,15135.0,0.6957300000000001,0.181607,NOR,URY,847989
5645548,169,230,9220,2019,0.0,1851.0,0.00926,-0.308483,PAN,URY,847989
5645549,173,230,9220,2019,0.0,34101.0,-0.76944,-0.216619,PER,URY,847989
5645550,177,230,9220,2019,8801.0,0.0,1.088347,1.275875,POL,URY,847989
5645551,179,230,9220,2019,54997.0,0.0,0.545467,2.344447,PRT,URY,847989
5645552,180,230,9220,2019,0.0,91338.0,-0.500999,-0.8635219999999999,PRY,URY,847989
5645553,183,230,9220,2019,950.0,0.0,-0.064127,-1.065046,QAT,URY,847989
5645554,185,230,9220,2019,3670.0,0.0,1.044289,1.013691,ROU,URY,847989
5645555,192,230,9220,2019,50726.0,0.0,2.0264599999999997,0.665506,SGP,URY,847989
5645556,201,230,9220,2019,0.0,4378.0,0.543913,1.210102,SRB,URY,847989
5645557,207,230,9220,2019,0.0,5464.0,1.63711,0.803198,SVN,URY,847989
5645558,208,230,9220,2019,19126.0,0.0,1.781148,0.742037,SWE,URY,847989
5645559,224,230,9220,2019,16883.0,0.0,0.569408,2.364546,TUR,URY,847989
5645560,231,230,9220,2019,1073031.0,13274.0,1.606808,0.3232,USA,URY,847989
5645561,239,230,9220,2019,105418.0,0.0,-0.048147,1.098784,VNM,URY,847989
5645562,249,230,9220,2019,4805.0,0.0,2.123296,1.1786969999999999,TWN,URY,847989
5645563,250,230,9220,2019,12462.0,0.0,0.8996129999999999,-0.152746,ANS,URY,847989
5645564,0,231,9220,2019,38245.0,365149.0,1.077214,-0.060235000000000004,ABW,USA,847989
5645565,1,231,9220,2019,12884.0,463183.0,-1.187576,-0.7731979999999999,AFG,USA,847989
5645566,2,231,9220,2019,1337825.0,8225652.0,-1.096127,-1.195434,AGO,USA,847989
5645567,3,231,9220,2019,0.0,251273.0,0.9469639999999999,-0.526437,AIA,USA,847989
5645568,4,231,9220,2019,3548.0,155874.0,-0.459614,-0.019257,ALB,USA,847989
5645569,7,231,9220,2019,5111426.0,111862344.0,-0.165113,-0.8973540000000001,ARE,USA,847989
5645570,8,231,9220,2019,3172319.0,46062040.0,-0.136634,0.127073,ARG,USA,847989
5645571,9,231,9220,2019,54354.0,29770.0,-0.203986,-0.667607,ARM,USA,847989
5645572,12,231,9220,2019,93843.0,0.0,1.100273,-0.637684,ATF,USA,847989
5645573,13,231,9220,2019,0.0,278262.0,0.391831,-0.723957,ATG,USA,847989
5645574,14,231,9220,2019,49890756.0,93208800.0,-0.294558,-0.180198,AUS,USA,847989
5645575,15,231,9220,2019,58692404.0,12709177.0,1.743927,-0.076778,AUT,USA,847989
5645576,16,231,9220,2019,223926.0,6093733.0,-1.005636,-1.2094209999999999,AZE,USA,847989
5645577,18,231,9220,2019,35037512.0,45946748.0,1.2555969999999999,1.168642,BEL,USA,847989
5645578,19,231,9220,2019,0.0,189143.0,-0.861242,-0.8837440000000001,BEN,USA,847989
5645579,21,231,9220,2019,7227.0,152755.0,-0.805181,-0.941847,BFA,USA,847989
5645580,22,231,9220,2019,0.0,311405.0,-1.113148,-0.9513299999999999,BGD,USA,847989
5645581,23,231,9220,2019,1298894.0,4378132.0,0.572997,1.863346,BGR,USA,847989
5645582,24,231,9220,2019,36931.0,5611353.0,0.378349,-0.621468,BHR,USA,847989
5645583,25,231,9220,2019,0.0,3574370.0,-0.10707799999999999,-0.7419720000000001,BHS,USA,847989
5645584,26,231,9220,2019,1036.0,6395.0,0.6525,0.83988,BIH,USA,847989
5645585,28,231,9220,2019,22282.0,294136.0,0.7849649999999999,0.8951600000000001,BLR,USA,847989
5645586,29,231,9220,2019,0.0,237762.0,-0.484834,-0.638616,BLZ,USA,847989
5645587,30,231,9220,2019,26789.0,474049.0,0.875265,-0.498062,BMU,USA,847989
5645588,31,231,9220,2019,688728.0,3174042.0,-1.012748,-0.999245,BOL,USA,847989
5645589,32,231,9220,2019,11361232.0,94592632.0,0.076947,0.660604,BRA,USA,847989
5645590,33,231,9220,2019,43884.0,1468090.0,0.6228199999999999,-0.10803499999999999,BRB,USA,847989
5645591,34,231,9220,2019,564374.0,1853178.0,0.9608620000000001,-0.7012619999999999,BRN,USA,847989
5645592,37,231,9220,2019,0.0,69223.0,-0.492807,-1.152651,BWA,USA,847989
5645593,38,231,9220,2019,14910.0,10261.0,-0.027091000000000004,-0.7267899999999999,CAF,USA,847989
5645594,39,231,9220,2019,711449600.0,678212672.0,0.657292,1.187872,CAN,USA,847989
5645595,41,231,9220,2019,181787712.0,15750195.0,2.1990849999999997,0.8394229999999999,CHE,USA,847989
5645596,42,231,9220,2019,566179.0,22421872.0,-0.34416199999999997,-0.432674,CHL,USA,847989
5645597,43,231,9220,2019,740941824.0,402139456.0,1.196265,1.2258870000000002,CHN,USA,847989
5645598,44,231,9220,2019,1272496.0,216758.0,-0.9916719999999999,-0.960625,CIV,USA,847989
5645599,45,231,9220,2019,0.0,1989590.0,-1.461279,-1.214274,CMR,USA,847989
5645600,46,231,9220,2019,0.0,62126.0,-1.2685879999999998,-1.148403,COD,USA,847989
5645601,47,231,9220,2019,0.0,1950324.0,-1.305193,-1.162808,COG,USA,847989
5645602,48,231,9220,2019,10876.0,0.0,0.430439,-0.7410720000000001,COK,USA,847989
5645603,49,231,9220,2019,266181.0,33516958.0,0.099936,-0.15568800000000002,COL,USA,847989
5645604,51,231,9220,2019,0.0,12745.0,-0.094961,-0.751246,CPV,USA,847989
5645605,52,231,9220,2019,295842.0,24101500.0,0.38045,0.08960900000000001,CRI,USA,847989
5645606,55,231,9220,2019,14952.0,574448.0,0.808621,-0.225196,CUW,USA,847989
5645607,57,231,9220,2019,4946.0,1080508.0,0.27157800000000004,-0.901875,CYM,USA,847989
5645608,58,231,9220,2019,70396.0,1288671.0,0.657782,0.209481,CYP,USA,847989
5645609,59,231,9220,2019,23843102.0,14072910.0,1.797611,0.406708,CZE,USA,847989
5645610,61,231,9220,2019,1299862016.0,213944512.0,2.078626,-2.124816,DEU,USA,847989
5645611,62,231,9220,2019,144245.0,106671.0,-0.602334,-0.794205,DJI,USA,847989
5645612,63,231,9220,2019,0.0,29551.0,0.131177,-0.313508,DMA,USA,847989
5645613,64,231,9220,2019,55926712.0,37005764.0,1.0768280000000001,1.2615610000000002,DNK,USA,847989
5645614,65,231,9220,2019,116824.0,9038321.0,-0.20594,0.309785,DOM,USA,847989
5645615,66,231,9220,2019,0.0,9840666.0,-1.008866,-1.215228,DZA,USA,847989
5645616,67,231,9220,2019,56465.0,10075841.0,-1.12261,-1.094275,ECU,USA,847989
5645617,68,231,9220,2019,1466921.0,15445108.0,-0.152353,1.5426309999999999,EGY,USA,847989
5645618,71,231,9220,2019,40462764.0,26842872.0,0.678454,3.007838,ESP,USA,847989
5645619,72,231,9220,2019,53083856.0,636526.0,0.962284,1.346195,EST,USA,847989
5645620,73,231,9220,2019,0.0,1908780.0,-1.073631,-0.617885,ETH,USA,847989
5645621,74,231,9220,2019,28843034.0,6685284.0,1.495278,1.034435,FIN,USA,847989
5645622,75,231,9220,2019,7102.0,30182.0,-0.274278,-0.049333,FJI,USA,847989
5645623,77,231,9220,2019,85494912.0,104293976.0,1.380982,0.9510629999999999,FRA,USA,847989
5645624,80,231,9220,2019,0.0,3950921.0,-1.08556,-1.183434,GAB,USA,847989
5645625,81,231,9220,2019,276901664.0,162412624.0,1.731106,0.717566,GBR,USA,847989
5645626,82,231,9220,2019,59270.0,93301.0,-0.057798,-0.206771,GEO,USA,847989
5645627,83,231,9220,2019,4157.0,9426236.0,-0.9581,-0.8727879999999999,GHA,USA,847989
5645628,84,231,9220,2019,0.0,25779.0,0.5167470000000001,-0.484465,GIB,USA,847989
5645629,85,231,9220,2019,4132.0,39431.0,-1.366633,-1.196123,GIN,USA,847989
5645630,88,231,9220,2019,0.0,134100.0,-1.9842009999999999,-1.0293379999999999,GNB,USA,847989
5645631,89,231,9220,2019,0.0,21069076.0,-1.9057680000000001,-0.968132,GNQ,USA,847989
5645632,90,231,9220,2019,560982.0,1890498.0,0.08904400000000001,1.059396,GRC,USA,847989
5645633,91,231,9220,2019,0.0,119044.0,0.297653,-0.409112,GRD,USA,847989
5645634,93,231,9220,2019,324486.0,3035966.0,-0.43447299999999994,0.658475,GTM,USA,847989
5645635,96,231,9220,2019,553998.0,15595727.0,-0.308365,-0.7833359999999999,GUY,USA,847989
5645636,97,231,9220,2019,3626399.0,63304636.0,0.992556,1.523004,HKG,USA,847989
5645637,99,231,9220,2019,2204690.0,5120190.0,-0.6444439999999999,-0.203443,HND,USA,847989
5645638,100,231,9220,2019,303383.0,1154020.0,0.850527,1.280845,HRV,USA,847989
5645639,101,231,9220,2019,0.0,1348832.0,-1.120295,-0.967447,HTI,USA,847989
5645640,102,231,9220,2019,21283946.0,7968316.0,1.462102,0.809183,HUN,USA,847989
5645641,103,231,9220,2019,1159838.0,19718244.0,-0.141811,1.385726,IDN,USA,847989
5645642,104,231,9220,2019,38972512.0,41174692.0,0.43196,2.661139,IND,USA,847989
5645643,105,231,9220,2019,0.0,142894.0,-0.7551760000000001,-0.939959,IOT,USA,847989
5645644,106,231,9220,2019,2386694.0,14945324.0,1.3812389999999999,-0.025366,IRL,USA,847989
5645645,108,231,9220,2019,8200.0,21669128.0,-1.593359,-0.9927860000000001,IRQ,USA,847989
5645646,109,231,9220,2019,7762.0,350112.0,0.378873,-0.162129,ISL,USA,847989
5645647,110,231,9220,2019,18588196.0,30296438.0,1.488686,0.823376,ISR,USA,847989
5645648,111,231,9220,2019,402031200.0,52151208.0,1.25898,0.926639,ITA,USA,847989
5645649,112,231,9220,2019,1988.0,2650993.0,-0.18387799999999999,-0.710004,JAM,USA,847989
5645650,113,231,9220,2019,81571.0,1698180.0,-0.003529,0.255816,JOR,USA,847989
5645651,114,231,9220,2019,898253184.0,119892112.0,2.4931509999999997,-0.558811,JPN,USA,847989
5645652,115,231,9220,2019,5466.0,8244378.0,-0.26529400000000003,-0.523479,KAZ,USA,847989
5645653,116,231,9220,2019,0.0,348934.0,-0.406684,0.8588969999999999,KEN,USA,847989
5645654,117,231,9220,2019,3513.0,310101.0,-0.297072,0.306611,KGZ,USA,847989
5645655,118,231,9220,2019,0.0,137730.0,-0.7499359999999999,-0.627125,KHM,USA,847989
5645656,119,231,9220,2019,0.0,6638.0,-0.719943,-0.9396709999999999,KIR,USA,847989
5645657,120,231,9220,2019,0.0,290755.0,0.739775,-0.644166,KNA,USA,847989
5645658,121,231,9220,2019,287591456.0,168283888.0,2.115482,0.696838,KOR,USA,847989
5645659,122,231,9220,2019,507779.0,13389069.0,0.081686,-1.087259,KWT,USA,847989
5645660,123,231,9220,2019,0.0,32283.0,-0.8232889999999999,-0.7276590000000001,LAO,USA,847989
5645661,124,231,9220,2019,3563.0,248417.0,0.26155700000000004,1.062317,LBN,USA,847989
5645662,125,231,9220,2019,0.0,1625814.0,-1.288568,-1.172395,LBR,USA,847989
5645663,126,231,9220,2019,0.0,1545452.0,-1.552842,-1.2316690000000001,LBY,USA,847989
5645664,127,231,9220,2019,0.0,226266.0,0.21145,-0.08792699999999999,LCA,USA,847989
5645665,128,231,9220,2019,34124.0,152604.0,-0.592952,0.394811,LKA,USA,847989
5645666,130,231,9220,2019,2201270.0,2192084.0,0.858456,1.364581,LTU,USA,847989
5645667,131,231,9220,2019,704316.0,1969247.0,1.234145,1.3754309999999998,LUX,USA,847989
5645668,132,231,9220,2019,87280.0,615954.0,0.7804300000000001,1.159592,LVA,USA,847989
5645669,133,231,9220,2019,2697.0,1321082.0,0.397984,-0.061689,MAC,USA,847989
5645670,134,231,9220,2019,65928.0,77950768.0,-0.747739,-0.154125,MAR,USA,847989
5645671,135,231,9220,2019,87069.0,14790.0,-0.333385,-0.35752,MDA,USA,847989
5645672,136,231,9220,2019,0.0,40159.0,-1.267516,-0.733849,MDG,USA,847989
5645673,137,231,9220,2019,0.0,63280.0,-0.37792800000000004,-0.8963059999999999,MDV,USA,847989
5645674,138,231,9220,2019,318333184.0,792557888.0,1.083041,0.569353,MEX,USA,847989
5645675,139,231,9220,2019,0.0,44768.0,-0.592066,-0.900875,MHL,USA,847989
5645676,140,231,9220,2019,26532.0,676.0,0.050624,-0.11143299999999999,MKD,USA,847989
5645677,141,231,9220,2019,479.0,91955.0,-0.381732,-0.606313,MLI,USA,847989
5645678,142,231,9220,2019,2697289.0,183288.0,0.893992,0.25255500000000003,MLT,USA,847989
5645679,143,231,9220,2019,0.0,372982.0,-1.196733,-0.435766,MMR,USA,847989
5645680,144,231,9220,2019,0.0,22280.0,0.40415100000000004,0.068967,MNE,USA,847989
5645681,145,231,9220,2019,2327.0,89325.0,-1.1612049999999998,-1.1615739999999999,MNG,USA,847989
5645682,147,231,9220,2019,0.0,1253684.0,-1.264532,-1.072626,MOZ,USA,847989
5645683,148,231,9220,2019,0.0,600084.0,-1.711918,-1.339005,MRT,USA,847989
5645684,151,231,9220,2019,11649.0,163632.0,-0.15909600000000002,0.034770999999999996,MUS,USA,847989
5645685,152,231,9220,2019,0.0,55650.0,-1.0178479999999999,-1.1028879999999999,MWI,USA,847989
5645686,153,231,9220,2019,82357992.0,60809360.0,1.192967,0.730971,MYS,USA,847989
5645687,155,231,9220,2019,0.0,561184.0,-0.545575,-0.744274,NAM,USA,847989
5645688,156,231,9220,2019,0.0,7971.0,-0.342544,-0.867944,NCL,USA,847989
5645689,157,231,9220,2019,0.0,5692.0,-0.345047,-0.792769,NER,USA,847989
5645690,159,231,9220,2019,0.0,14339816.0,-1.7383970000000002,-1.220333,NGA,USA,847989
5645691,160,231,9220,2019,11460.0,599614.0,-1.058553,-0.854482,NIC,USA,847989
5645692,162,231,9220,2019,100185288.0,118618320.0,1.145044,1.3523530000000001,NLD,USA,847989
5645693,163,231,9220,2019,20529388.0,70762856.0,0.6957300000000001,0.181607,NOR,USA,847989
5645694,164,231,9220,2019,2394.0,640411.0,-0.23868000000000003,0.42732299999999995,NPL,USA,847989
5645695,165,231,9220,2019,18987.0,106900.0,0.726887,-0.407936,NRU,USA,847989
5645696,166,231,9220,2019,10621483.0,10525692.0,0.119281,0.039036,NZL,USA,847989
5645697,167,231,9220,2019,0.0,13619530.0,-0.40120100000000003,-0.881602,OMN,USA,847989
5645698,168,231,9220,2019,50617.0,1709854.0,-0.6909270000000001,0.8651120000000001,PAK,USA,847989
5645699,169,231,9220,2019,251134.0,5240002.0,0.00926,-0.308483,PAN,USA,847989
5645700,173,231,9220,2019,108009.0,12584781.0,-0.76944,-0.216619,PER,USA,847989
5645701,174,231,9220,2019,1024001.0,11011930.0,0.762884,0.3318,PHL,USA,847989
5645702,175,231,9220,2019,3260.0,67570.0,0.03565,-0.8227690000000001,PLW,USA,847989
5645703,176,231,9220,2019,0.0,1913898.0,-1.654143,-1.249707,PNG,USA,847989
5645704,177,231,9220,2019,21334358.0,20156594.0,1.088347,1.275875,POL,USA,847989
5645705,179,231,9220,2019,2580419.0,2249658.0,0.545467,2.344447,PRT,USA,847989
5645706,180,231,9220,2019,8442.0,530719.0,-0.500999,-0.8635219999999999,PRY,USA,847989
5645707,181,231,9220,2019,0.0,3593.0,0.05640800000000001,0.708102,PSE,USA,847989
5645708,182,231,9220,2019,0.0,45006.0,0.30119,-0.39213000000000003,PYF,USA,847989
5645709,183,231,9220,2019,0.0,33891376.0,-0.064127,-1.065046,QAT,USA,847989
5645710,185,231,9220,2019,8831487.0,5501748.0,1.044289,1.013691,ROU,USA,847989
5645711,186,231,9220,2019,2665450.0,98976456.0,0.329884,0.26215,RUS,USA,847989
5645712,187,231,9220,2019,0.0,3933.0,-0.812602,-0.737603,RWA,USA,847989
5645713,188,231,9220,2019,309347.0,81892312.0,0.787798,-0.41350600000000004,SAU,USA,847989
5645714,191,231,9220,2019,0.0,243717.0,-0.721992,-0.385479,SEN,USA,847989
5645715,192,231,9220,2019,156250016.0,164361008.0,2.0264599999999997,0.665506,SGP,USA,847989
5645716,195,231,9220,2019,0.0,30000.0,-1.650959,-1.013001,SLB,USA,847989
5645717,196,231,9220,2019,10847.0,392818.0,-0.402403,-0.639318,SLE,USA,847989
5645718,197,231,9220,2019,44292.0,1538675.0,0.014037,0.23216599999999998,SLV,USA,847989
5645719,199,231,9220,2019,0.0,11567.0,-1.046802,-0.961166,SOM,USA,847989
5645720,201,231,9220,2019,81492.0,281117.0,0.543913,1.210102,SRB,USA,847989
5645721,202,231,9220,2019,0.0,33075.0,-1.8098990000000001,-1.0067979999999999,SSD,USA,847989
5645722,203,231,9220,2019,183853.0,0.0,0.8287889999999999,-0.345114,STP,USA,847989
5645723,205,231,9220,2019,41804.0,1076261.0,-0.369004,-1.017133,SUR,USA,847989
5645724,206,231,9220,2019,5109916.0,762411.0,1.39311,0.743107,SVK,USA,847989
5645725,207,231,9220,2019,1498453.0,662421.0,1.63711,0.803198,SVN,USA,847989
5645726,208,231,9220,2019,98803984.0,16462240.0,1.781148,0.742037,SWE,USA,847989
5645727,209,231,9220,2019,7743.0,0.0,0.087181,-0.760434,SWZ,USA,847989
5645728,210,231,9220,2019,0.0,190084.0,0.8903719999999999,0.116156,SXM,USA,847989
5645729,211,231,9220,2019,0.0,11279.0,0.024113,-0.711363,SYC,USA,847989
5645730,213,231,9220,2019,0.0,116972.0,0.729377,-0.28097300000000003,TCA,USA,847989
5645731,214,231,9220,2019,0.0,223139.0,-2.636669,-1.033665,TCD,USA,847989
5645732,216,231,9220,2019,7335996.0,33793556.0,0.9744229999999999,1.401199,THA,USA,847989
5645733,217,231,9220,2019,0.0,14439.0,-0.7940020000000001,-1.075605,TJK,USA,847989
5645734,219,231,9220,2019,0.0,819280.0,-0.9725950000000001,-1.16562,TKM,USA,847989
5645735,222,231,9220,2019,13667.0,34424232.0,0.1861,-0.874604,TTO,USA,847989
5645736,223,231,9220,2019,26962.0,1789361.0,0.19601300000000002,1.159766,TUN,USA,847989
5645737,224,231,9220,2019,7738521.0,21549650.0,0.569408,2.364546,TUR,USA,847989
5645738,226,231,9220,2019,8752.0,107040.0,-0.907172,0.37293899999999996,TZA,USA,847989
5645739,227,231,9220,2019,23863.0,10785.0,-0.639476,0.148255,UGA,USA,847989
5645740,228,231,9220,2019,131491.0,3541379.0,0.303802,0.5650270000000001,UKR,USA,847989
5645741,230,231,9220,2019,13274.0,1073031.0,-0.077549,-0.473943,URY,USA,847989
5645742,232,231,9220,2019,0.0,58790.0,-0.5856060000000001,-0.311248,UZB,USA,847989
5645743,234,231,9220,2019,0.0,93762.0,-0.712703,-0.859416,VCT,USA,847989
5645744,236,231,9220,2019,0.0,1152218.0,-1.318175,-1.2506110000000001,VEN,USA,847989
5645745,237,231,9220,2019,0.0,314109.0,1.145175,-0.41776199999999997,VGB,USA,847989
5645746,239,231,9220,2019,49387724.0,33108498.0,-0.048147,1.098784,VNM,USA,847989
5645747,246,231,9220,2019,7399137.0,6715500.0,0.129921,1.101027,ZAF,USA,847989
5645748,247,231,9220,2019,0.0,33746.0,-0.629261,-0.8471489999999999,ZMB,USA,847989
5645749,248,231,9220,2019,0.0,4515.0,-0.9993780000000001,-1.018174,ZWE,USA,847989
5645750,249,231,9220,2019,69673352.0,120800816.0,2.123296,1.1786969999999999,TWN,USA,847989
5645751,2,236,9220,2019,29756.0,0.0,-1.096127,-1.195434,AGO,VEN,847989
5645752,7,236,9220,2019,1881.0,0.0,-0.165113,-0.8973540000000001,ARE,VEN,847989
5645753,15,236,9220,2019,4517.0,0.0,1.743927,-0.076778,AUT,VEN,847989
5645754,32,236,9220,2019,326111.0,0.0,0.076947,0.660604,BRA,VEN,847989
5645755,39,236,9220,2019,449684.0,0.0,0.657292,1.187872,CAN,VEN,847989
5645756,42,236,9220,2019,0.0,10847.0,-0.34416199999999997,-0.432674,CHL,VEN,847989
5645757,43,236,9220,2019,337891.0,0.0,1.196265,1.2258870000000002,CHN,VEN,847989
5645758,49,236,9220,2019,194235.0,28805.0,0.099936,-0.15568800000000002,COL,VEN,847989
5645759,52,236,9220,2019,1274.0,0.0,0.38045,0.08960900000000001,CRI,VEN,847989
5645760,61,236,9220,2019,183655.0,0.0,2.078626,-2.124816,DEU,VEN,847989
5645761,65,236,9220,2019,2319.0,3652.0,-0.20594,0.309785,DOM,VEN,847989
5645762,71,236,9220,2019,10548.0,0.0,0.678454,3.007838,ESP,VEN,847989
5645763,77,236,9220,2019,252022.0,0.0,1.380982,0.9510629999999999,FRA,VEN,847989
5645764,111,236,9220,2019,1171926.0,0.0,1.25898,0.926639,ITA,VEN,847989
5645765,112,236,9220,2019,0.0,1225.0,-0.18387799999999999,-0.710004,JAM,VEN,847989
5645766,122,236,9220,2019,11994.0,0.0,0.081686,-1.087259,KWT,VEN,847989
5645767,124,236,9220,2019,18429.0,0.0,0.26155700000000004,1.062317,LBN,VEN,847989
5645768,138,236,9220,2019,146923.0,0.0,1.083041,0.569353,MEX,VEN,847989
5645769,162,236,9220,2019,3431.0,0.0,1.145044,1.3523530000000001,NLD,VEN,847989
5645770,163,236,9220,2019,1274.0,0.0,0.6957300000000001,0.181607,NOR,VEN,847989
5645771,179,236,9220,2019,27169.0,0.0,0.545467,2.344447,PRT,VEN,847989
5645772,186,236,9220,2019,550132.0,0.0,0.329884,0.26215,RUS,VEN,847989
5645773,192,236,9220,2019,123861.0,0.0,2.0264599999999997,0.665506,SGP,VEN,847989
5645774,207,236,9220,2019,4344.0,0.0,1.63711,0.803198,SVN,VEN,847989
5645775,224,236,9220,2019,91518.0,0.0,0.569408,2.364546,TUR,VEN,847989
5645776,231,236,9220,2019,1152218.0,0.0,1.606808,0.3232,USA,VEN,847989
5645777,7,243,9220,2019,1822771.0,0.0,-0.165113,-0.8973540000000001,ARE,YEM,847989
5645778,15,243,9220,2019,4582.0,0.0,1.743927,-0.076778,AUT,YEM,847989
5645779,18,243,9220,2019,5646.0,0.0,1.2555969999999999,1.168642,BEL,YEM,847989
5645780,39,243,9220,2019,30065.0,0.0,0.657292,1.187872,CAN,YEM,847989
5645781,41,243,9220,2019,4243.0,0.0,2.1990849999999997,0.8394229999999999,CHE,YEM,847989
5645782,43,243,9220,2019,849736.0,0.0,1.196265,1.2258870000000002,CHN,YEM,847989
5645783,59,243,9220,2019,659700.0,0.0,1.797611,0.406708,CZE,YEM,847989
5645784,61,243,9220,2019,753384.0,0.0,2.078626,-2.124816,DEU,YEM,847989
5645785,77,243,9220,2019,9020.0,0.0,1.380982,0.9510629999999999,FRA,YEM,847989
5645786,104,243,9220,2019,258115.0,0.0,0.43196,2.661139,IND,YEM,847989
5645787,111,243,9220,2019,1072.0,0.0,1.25898,0.926639,ITA,YEM,847989
5645788,113,243,9220,2019,4886.0,0.0,-0.003529,0.255816,JOR,YEM,847989
5645789,121,243,9220,2019,30773.0,0.0,2.115482,0.696838,KOR,YEM,847989
5645790,124,243,9220,2019,25522.0,0.0,0.26155700000000004,1.062317,LBN,YEM,847989
5645791,162,243,9220,2019,8075.0,0.0,1.145044,1.3523530000000001,NLD,YEM,847989
5645792,212,243,9220,2019,4543.0,0.0,-0.67825,0.385416,SYR,YEM,847989
5645793,216,243,9220,2019,18115.0,0.0,0.9744229999999999,1.401199,THA,YEM,847989
5645794,224,243,9220,2019,410191.0,0.0,0.569408,2.364546,TUR,YEM,847989
5645795,250,243,9220,2019,43989.0,0.0,0.8996129999999999,-0.152746,ANS,YEM,847989
5645796,2,246,9220,2019,0.0,1580864.0,-1.096127,-1.195434,AGO,ZAF,847989
5645797,7,246,9220,2019,539965.0,155534.0,-0.165113,-0.8973540000000001,ARE,ZAF,847989
5645798,8,246,9220,2019,0.0,278732.0,-0.136634,0.127073,ARG,ZAF,847989
5645799,14,246,9220,2019,1103556.0,1180495.0,-0.294558,-0.180198,AUS,ZAF,847989
5645800,15,246,9220,2019,2389844.0,7040.0,1.743927,-0.076778,AUT,ZAF,847989
5645801,17,246,9220,2019,0.0,512.0,-0.689117,-0.9027209999999999,BDI,ZAF,847989
5645802,18,246,9220,2019,1077836.0,67204.0,1.2555969999999999,1.168642,BEL,ZAF,847989
5645803,21,246,9220,2019,0.0,43086.0,-0.805181,-0.941847,BFA,ZAF,847989
5645804,23,246,9220,2019,29149.0,0.0,0.572997,1.863346,BGR,ZAF,847989
5645805,24,246,9220,2019,0.0,2704.0,0.378349,-0.621468,BHR,ZAF,847989
5645806,28,246,9220,2019,511.0,85527.0,0.7849649999999999,0.8951600000000001,BLR,ZAF,847989
5645807,32,246,9220,2019,458132.0,1457992.0,0.076947,0.660604,BRA,ZAF,847989
5645808,37,246,9220,2019,25264.0,2944282.0,-0.492807,-1.152651,BWA,ZAF,847989
5645809,39,246,9220,2019,598672.0,140197.0,0.657292,1.187872,CAN,ZAF,847989
5645810,41,246,9220,2019,2460311.0,28205.0,2.1990849999999997,0.8394229999999999,CHE,ZAF,847989
5645811,42,246,9220,2019,13767.0,44922.0,-0.34416199999999997,-0.432674,CHL,ZAF,847989
5645812,43,246,9220,2019,28544600.0,1255995.0,1.196265,1.2258870000000002,CHN,ZAF,847989
5645813,44,246,9220,2019,317.0,22416.0,-0.9916719999999999,-0.960625,CIV,ZAF,847989
5645814,45,246,9220,2019,0.0,86046.0,-1.461279,-1.214274,CMR,ZAF,847989
5645815,46,246,9220,2019,3076.0,1581930.0,-1.2685879999999998,-1.148403,COD,ZAF,847989
5645816,47,246,9220,2019,27257.0,18605.0,-1.305193,-1.162808,COG,ZAF,847989
5645817,49,246,9220,2019,0.0,78459.0,0.099936,-0.15568800000000002,COL,ZAF,847989
5645818,59,246,9220,2019,1614222.0,30374.0,1.797611,0.406708,CZE,ZAF,847989
5645819,61,246,9220,2019,65493872.0,2181086.0,2.078626,-2.124816,DEU,ZAF,847989
5645820,64,246,9220,2019,2016916.0,124444.0,1.0768280000000001,1.2615610000000002,DNK,ZAF,847989
5645821,67,246,9220,2019,0.0,90648.0,-1.12261,-1.094275,ECU,ZAF,847989
5645822,68,246,9220,2019,0.0,127421.0,-0.152353,1.5426309999999999,EGY,ZAF,847989
5645823,69,246,9220,2019,0.0,4392.0,-1.7266080000000001,-1.0303360000000001,ERI,ZAF,847989
5645824,71,246,9220,2019,3871823.0,187488.0,0.678454,3.007838,ESP,ZAF,847989
5645825,72,246,9220,2019,9874.0,0.0,0.962284,1.346195,EST,ZAF,847989
5645826,73,246,9220,2019,5278.0,6990.0,-1.073631,-0.617885,ETH,ZAF,847989
5645827,74,246,9220,2019,178275.0,4917.0,1.495278,1.034435,FIN,ZAF,847989
5645828,77,246,9220,2019,1873176.0,141496.0,1.380982,0.9510629999999999,FRA,ZAF,847989
5645829,80,246,9220,2019,0.0,42420.0,-1.08556,-1.183434,GAB,ZAF,847989
5645830,81,246,9220,2019,7395362.0,421075.0,1.731106,0.717566,GBR,ZAF,847989
5645831,83,246,9220,2019,447.0,345896.0,-0.9581,-0.8727879999999999,GHA,ZAF,847989
5645832,85,246,9220,2019,0.0,8511.0,-1.366633,-1.196123,GIN,ZAF,847989
5645833,89,246,9220,2019,0.0,1556.0,-1.9057680000000001,-0.968132,GNQ,ZAF,847989
5645834,90,246,9220,2019,2675.0,164489.0,0.08904400000000001,1.059396,GRC,ZAF,847989
5645835,96,246,9220,2019,0.0,42670.0,-0.308365,-0.7833359999999999,GUY,ZAF,847989
5645836,97,246,9220,2019,60574.0,331518.0,0.992556,1.523004,HKG,ZAF,847989
5645837,100,246,9220,2019,88431.0,0.0,0.850527,1.280845,HRV,ZAF,847989
5645838,102,246,9220,2019,230535.0,15572.0,1.462102,0.809183,HUN,ZAF,847989
5645839,103,246,9220,2019,10389.0,23494.0,-0.141811,1.385726,IDN,ZAF,847989
5645840,104,246,9220,2019,4049343.0,2069848.0,0.43196,2.661139,IND,ZAF,847989
5645841,106,246,9220,2019,10826.0,60817.0,1.3812389999999999,-0.025366,IRL,ZAF,847989
5645842,107,246,9220,2019,3445.0,3445.0,-0.386813,-0.467873,IRN,ZAF,847989
5645843,108,246,9220,2019,11390.0,0.0,-1.593359,-0.9927860000000001,IRQ,ZAF,847989
5645844,110,246,9220,2019,378581.0,7257.0,1.488686,0.823376,ISR,ZAF,847989
5645845,111,246,9220,2019,22257068.0,85810.0,1.25898,0.926639,ITA,ZAF,847989
5645846,113,246,9220,2019,0.0,721.0,-0.003529,0.255816,JOR,ZAF,847989
5645847,114,246,9220,2019,12826874.0,0.0,2.4931509999999997,-0.558811,JPN,ZAF,847989
5645848,115,246,9220,2019,0.0,32423.0,-0.26529400000000003,-0.523479,KAZ,ZAF,847989
5645849,116,246,9220,2019,1218.0,1544512.0,-0.406684,0.8588969999999999,KEN,ZAF,847989
5645850,117,246,9220,2019,0.0,51964.0,-0.297072,0.306611,KGZ,ZAF,847989
5645851,121,246,9220,2019,1896853.0,490718.0,2.115482,0.696838,KOR,ZAF,847989
5645852,122,246,9220,2019,0.0,6940.0,0.081686,-1.087259,KWT,ZAF,847989
5645853,124,246,9220,2019,1924.0,10318.0,0.26155700000000004,1.062317,LBN,ZAF,847989
5645854,125,246,9220,2019,0.0,58698.0,-1.288568,-1.172395,LBR,ZAF,847989
5645855,128,246,9220,2019,0.0,923.0,-0.592952,0.394811,LKA,ZAF,847989
5645856,129,246,9220,2019,3504.0,528641.0,-0.905482,-0.69457,LSO,ZAF,847989
5645857,130,246,9220,2019,792457.0,0.0,0.858456,1.364581,LTU,ZAF,847989
5645858,131,246,9220,2019,3045.0,0.0,1.234145,1.3754309999999998,LUX,ZAF,847989
5645859,132,246,9220,2019,58461.0,48647.0,0.7804300000000001,1.159592,LVA,ZAF,847989
5645860,134,246,9220,2019,0.0,4398.0,-0.747739,-0.154125,MAR,ZAF,847989
5645861,136,246,9220,2019,0.0,255531.0,-1.267516,-0.733849,MDG,ZAF,847989
5645862,137,246,9220,2019,1431.0,4376.0,-0.37792800000000004,-0.8963059999999999,MDV,ZAF,847989
5645863,138,246,9220,2019,663478.0,2747556.0,1.083041,0.569353,MEX,ZAF,847989
5645864,141,246,9220,2019,0.0,42680.0,-0.381732,-0.606313,MLI,ZAF,847989
5645865,142,246,9220,2019,626093.0,0.0,0.893992,0.25255500000000003,MLT,ZAF,847989
5645866,147,246,9220,2019,5345.0,2333137.0,-1.264532,-1.072626,MOZ,ZAF,847989
5645867,148,246,9220,2019,0.0,4574.0,-1.711918,-1.339005,MRT,ZAF,847989
5645868,151,246,9220,2019,2108.0,250013.0,-0.15909600000000002,0.034770999999999996,MUS,ZAF,847989
5645869,152,246,9220,2019,91010.0,364234.0,-1.0178479999999999,-1.1028879999999999,MWI,ZAF,847989
5645870,153,246,9220,2019,1027116.0,27003.0,1.192967,0.730971,MYS,ZAF,847989
5645871,155,246,9220,2019,90695.0,3580654.0,-0.545575,-0.744274,NAM,ZAF,847989
5645872,159,246,9220,2019,0.0,1219771.0,-1.7383970000000002,-1.220333,NGA,ZAF,847989
5645873,162,246,9220,2019,3916543.0,157455.0,1.145044,1.3523530000000001,NLD,ZAF,847989
5645874,163,246,9220,2019,86196.0,442054.0,0.6957300000000001,0.181607,NOR,ZAF,847989
5645875,166,246,9220,2019,109473.0,84956.0,0.119281,0.039036,NZL,ZAF,847989
5645876,167,246,9220,2019,0.0,31413.0,-0.40120100000000003,-0.881602,OMN,ZAF,847989
5645877,168,246,9220,2019,18239.0,10080.0,-0.6909270000000001,0.8651120000000001,PAK,ZAF,847989
5645878,173,246,9220,2019,0.0,9558.0,-0.76944,-0.216619,PER,ZAF,847989
5645879,174,246,9220,2019,38296.0,0.0,0.762884,0.3318,PHL,ZAF,847989
5645880,176,246,9220,2019,0.0,1449.0,-1.654143,-1.249707,PNG,ZAF,847989
5645881,177,246,9220,2019,1083351.0,116588.0,1.088347,1.275875,POL,ZAF,847989
5645882,179,246,9220,2019,564893.0,115418.0,0.545467,2.344447,PRT,ZAF,847989
5645883,183,246,9220,2019,0.0,44503.0,-0.064127,-1.065046,QAT,ZAF,847989
5645884,185,246,9220,2019,287238.0,0.0,1.044289,1.013691,ROU,ZAF,847989
5645885,186,246,9220,2019,14993.0,795728.0,0.329884,0.26215,RUS,ZAF,847989
5645886,187,246,9220,2019,0.0,85289.0,-0.812602,-0.737603,RWA,ZAF,847989
5645887,188,246,9220,2019,65001.0,62691.0,0.787798,-0.41350600000000004,SAU,ZAF,847989
5645888,190,246,9220,2019,0.0,24043.0,-1.25579,-1.208796,SDN,ZAF,847989
5645889,191,246,9220,2019,0.0,13824.0,-0.721992,-0.385479,SEN,ZAF,847989
5645890,192,246,9220,2019,699610.0,278886.0,2.0264599999999997,0.665506,SGP,ZAF,847989
5645891,194,246,9220,2019,0.0,2876.0,1.242378,-0.470654,SHN,ZAF,847989
5645892,196,246,9220,2019,0.0,74071.0,-0.402403,-0.639318,SLE,ZAF,847989
5645893,199,246,9220,2019,0.0,31446.0,-1.046802,-0.961166,SOM,ZAF,847989
5645894,201,246,9220,2019,5509.0,1515.0,0.543913,1.210102,SRB,ZAF,847989
5645895,206,246,9220,2019,542053.0,0.0,1.39311,0.743107,SVK,ZAF,847989
5645896,207,246,9220,2019,83227.0,0.0,1.63711,0.803198,SVN,ZAF,847989
5645897,208,246,9220,2019,2175860.0,0.0,1.781148,0.742037,SWE,ZAF,847989
5645898,209,246,9220,2019,12287.0,653460.0,0.087181,-0.760434,SWZ,ZAF,847989
5645899,211,246,9220,2019,1324.0,83102.0,0.024113,-0.711363,SYC,ZAF,847989
5645900,214,246,9220,2019,0.0,2254.0,-2.636669,-1.033665,TCD,ZAF,847989
5645901,216,246,9220,2019,33152.0,4795.0,0.9744229999999999,1.401199,THA,ZAF,847989
5645902,224,246,9220,2019,1155477.0,75834.0,0.569408,2.364546,TUR,ZAF,847989
5645903,226,246,9220,2019,111.0,262421.0,-0.907172,0.37293899999999996,TZA,ZAF,847989
5645904,227,246,9220,2019,0.0,78751.0,-0.639476,0.148255,UGA,ZAF,847989
5645905,228,246,9220,2019,34867.0,3775.0,0.303802,0.5650270000000001,UKR,ZAF,847989
5645906,231,246,9220,2019,6715500.0,7399137.0,1.606808,0.3232,USA,ZAF,847989
5645907,239,246,9220,2019,231213.0,2491.0,-0.048147,1.098784,VNM,ZAF,847989
5645908,247,246,9220,2019,104735.0,1830814.0,-0.629261,-0.8471489999999999,ZMB,ZAF,847989
5645909,248,246,9220,2019,480.0,1254822.0,-0.9993780000000001,-1.018174,ZWE,ZAF,847989
5645910,249,246,9220,2019,1052468.0,4935.0,2.123296,1.1786969999999999,TWN,ZAF,847989
5645911,250,246,9220,2019,203619.0,295394.0,0.8996129999999999,-0.152746,ANS,ZAF,847989
5645912,7,249,9220,2019,4795.0,479530.0,-0.165113,-0.8973540000000001,ARE,TWN,847989
5645913,8,249,9220,2019,0.0,47945.0,-0.136634,0.127073,ARG,TWN,847989
5645914,14,249,9220,2019,579053.0,1623936.0,-0.294558,-0.180198,AUS,TWN,847989
5645915,15,249,9220,2019,80405040.0,426874.0,1.743927,-0.076778,AUT,TWN,847989
5645916,16,249,9220,2019,0.0,5443.0,-1.005636,-1.2094209999999999,AZE,TWN,847989
5645917,18,249,9220,2019,1156922.0,1128108.0,1.2555969999999999,1.168642,BEL,TWN,847989
5645918,21,249,9220,2019,0.0,10112.0,-0.805181,-0.941847,BFA,TWN,847989
5645919,22,249,9220,2019,0.0,2654703.0,-1.113148,-0.9513299999999999,BGD,TWN,847989
5645920,23,249,9220,2019,35148.0,178022.0,0.572997,1.863346,BGR,TWN,847989
5645921,24,249,9220,2019,0.0,11103.0,0.378349,-0.621468,BHR,TWN,847989
5645922,26,249,9220,2019,0.0,11361.0,0.6525,0.83988,BIH,TWN,847989
5645923,28,249,9220,2019,0.0,145771.0,0.7849649999999999,0.8951600000000001,BLR,TWN,847989
5645924,30,249,9220,2019,0.0,1372.0,0.875265,-0.498062,BMU,TWN,847989
5645925,31,249,9220,2019,0.0,2582.0,-1.012748,-0.999245,BOL,TWN,847989
5645926,32,249,9220,2019,38930.0,2865162.0,0.076947,0.660604,BRA,TWN,847989
5645927,33,249,9220,2019,0.0,1479.0,0.6228199999999999,-0.10803499999999999,BRB,TWN,847989
5645928,34,249,9220,2019,0.0,1332.0,0.9608620000000001,-0.7012619999999999,BRN,TWN,847989
5645929,39,249,9220,2019,726249.0,2050917.0,0.657292,1.187872,CAN,TWN,847989
5645930,41,249,9220,2019,4330972.0,239600.0,2.1990849999999997,0.8394229999999999,CHE,TWN,847989
5645931,42,249,9220,2019,0.0,298313.0,-0.34416199999999997,-0.432674,CHL,TWN,847989
5645932,43,249,9220,2019,202848224.0,1489280128.0,1.196265,1.2258870000000002,CHN,TWN,847989
5645933,44,249,9220,2019,2927.0,17400.0,-0.9916719999999999,-0.960625,CIV,TWN,847989
5645934,45,249,9220,2019,0.0,7578.0,-1.461279,-1.214274,CMR,TWN,847989
5645935,46,249,9220,2019,0.0,927.0,-1.2685879999999998,-1.148403,COD,TWN,847989
5645936,49,249,9220,2019,0.0,41044.0,0.099936,-0.15568800000000002,COL,TWN,847989
5645937,52,249,9220,2019,0.0,77153.0,0.38045,0.08960900000000001,CRI,TWN,847989
5645938,58,249,9220,2019,0.0,12669.0,0.657782,0.209481,CYP,TWN,847989
5645939,59,249,9220,2019,592723.0,358977.0,1.797611,0.406708,CZE,TWN,847989
5645940,61,249,9220,2019,198730800.0,16069864.0,2.078626,-2.124816,DEU,TWN,847989
5645941,62,249,9220,2019,0.0,88247.0,-0.602334,-0.794205,DJI,TWN,847989
5645942,64,249,9220,2019,7768502.0,944262.0,1.0768280000000001,1.2615610000000002,DNK,TWN,847989
5645943,65,249,9220,2019,0.0,34337.0,-0.20594,0.309785,DOM,TWN,847989
5645944,66,249,9220,2019,0.0,292275.0,-1.008866,-1.215228,DZA,TWN,847989
5645945,67,249,9220,2019,0.0,1373323.0,-1.12261,-1.094275,ECU,TWN,847989
5645946,68,249,9220,2019,0.0,1053806.0,-0.152353,1.5426309999999999,EGY,TWN,847989
5645947,71,249,9220,2019,216307.0,1547693.0,0.678454,3.007838,ESP,TWN,847989
5645948,72,249,9220,2019,0.0,50932.0,0.962284,1.346195,EST,TWN,847989
5645949,73,249,9220,2019,0.0,3084.0,-1.073631,-0.617885,ETH,TWN,847989
5645950,74,249,9220,2019,4545694.0,167411.0,1.495278,1.034435,FIN,TWN,847989
5645951,75,249,9220,2019,0.0,7613.0,-0.274278,-0.049333,FJI,TWN,847989
5645952,77,249,9220,2019,3570626.0,2647006.0,1.380982,0.9510629999999999,FRA,TWN,847989
5645953,79,249,9220,2019,0.0,28612.0,-1.11436,-0.9806819999999999,FSM,TWN,847989
5645954,81,249,9220,2019,3992211.0,3877358.0,1.731106,0.717566,GBR,TWN,847989
5645955,83,249,9220,2019,0.0,5800.0,-0.9581,-0.8727879999999999,GHA,TWN,847989
5645956,85,249,9220,2019,0.0,3566.0,-1.366633,-1.196123,GIN,TWN,847989
5645957,90,249,9220,2019,0.0,172255.0,0.08904400000000001,1.059396,GRC,TWN,847989
5645958,93,249,9220,2019,0.0,31971.0,-0.43447299999999994,0.658475,GTM,TWN,847989
5645959,96,249,9220,2019,0.0,1548.0,-0.308365,-0.7833359999999999,GUY,TWN,847989
5645960,97,249,9220,2019,3713849.0,26261550.0,0.992556,1.523004,HKG,TWN,847989
5645961,99,249,9220,2019,0.0,12727.0,-0.6444439999999999,-0.203443,HND,TWN,847989
5645962,100,249,9220,2019,0.0,3000.0,0.850527,1.280845,HRV,TWN,847989
5645963,101,249,9220,2019,0.0,48609.0,-1.120295,-0.967447,HTI,TWN,847989
5645964,102,249,9220,2019,359862.0,784679.0,1.462102,0.809183,HUN,TWN,847989
5645965,103,249,9220,2019,63499.0,8715480.0,-0.141811,1.385726,IDN,TWN,847989
5645966,104,249,9220,2019,1222578.0,17888278.0,0.43196,2.661139,IND,TWN,847989
5645967,106,249,9220,2019,96783.0,682473.0,1.3812389999999999,-0.025366,IRL,TWN,847989
5645968,107,249,9220,2019,0.0,22230.0,-0.386813,-0.467873,IRN,TWN,847989
5645969,108,249,9220,2019,0.0,24984.0,-1.593359,-0.9927860000000001,IRQ,TWN,847989
5645970,109,249,9220,2019,0.0,497.0,0.378873,-0.162129,ISL,TWN,847989
5645971,110,249,9220,2019,5892804.0,8044709.0,1.488686,0.823376,ISR,TWN,847989
5645972,111,249,9220,2019,13190379.0,3547076.0,1.25898,0.926639,ITA,TWN,847989
5645973,112,249,9220,2019,2266.0,0.0,-0.18387799999999999,-0.710004,JAM,TWN,847989
5645974,113,249,9220,2019,0.0,241854.0,-0.003529,0.255816,JOR,TWN,847989
5645975,114,249,9220,2019,1075790720.0,107016168.0,2.4931509999999997,-0.558811,JPN,TWN,847989
5645976,115,249,9220,2019,0.0,28074.0,-0.26529400000000003,-0.523479,KAZ,TWN,847989
5645977,116,249,9220,2019,0.0,1367284.0,-0.406684,0.8588969999999999,KEN,TWN,847989
5645978,118,249,9220,2019,0.0,377934.0,-0.7499359999999999,-0.627125,KHM,TWN,847989
5645979,121,249,9220,2019,136383824.0,84272720.0,2.115482,0.696838,KOR,TWN,847989
5645980,122,249,9220,2019,0.0,22254.0,0.081686,-1.087259,KWT,TWN,847989
5645981,123,249,9220,2019,0.0,9430.0,-0.8232889999999999,-0.7276590000000001,LAO,TWN,847989
5645982,124,249,9220,2019,0.0,15119.0,0.26155700000000004,1.062317,LBN,TWN,847989
5645983,125,249,9220,2019,0.0,8096.0,-1.288568,-1.172395,LBR,TWN,847989
5645984,128,249,9220,2019,0.0,646053.0,-0.592952,0.394811,LKA,TWN,847989
5645985,129,249,9220,2019,0.0,3412.0,-0.905482,-0.69457,LSO,TWN,847989
5645986,130,249,9220,2019,49366.0,30570.0,0.858456,1.364581,LTU,TWN,847989
5645987,131,249,9220,2019,94803.0,288879.0,1.234145,1.3754309999999998,LUX,TWN,847989
5645988,132,249,9220,2019,0.0,89961.0,0.7804300000000001,1.159592,LVA,TWN,847989
5645989,133,249,9220,2019,0.0,94480.0,0.397984,-0.061689,MAC,TWN,847989
5645990,134,249,9220,2019,0.0,280745.0,-0.747739,-0.154125,MAR,TWN,847989
5645991,135,249,9220,2019,0.0,2114.0,-0.333385,-0.35752,MDA,TWN,847989
5645992,137,249,9220,2019,0.0,2907.0,-0.37792800000000004,-0.8963059999999999,MDV,TWN,847989
5645993,138,249,9220,2019,335137.0,6882684.0,1.083041,0.569353,MEX,TWN,847989
5645994,140,249,9220,2019,58931.0,38099.0,0.050624,-0.11143299999999999,MKD,TWN,847989
5645995,142,249,9220,2019,0.0,2186.0,0.893992,0.25255500000000003,MLT,TWN,847989
5645996,143,249,9220,2019,0.0,359184.0,-1.196733,-0.435766,MMR,TWN,847989
5645997,144,249,9220,2019,0.0,3579.0,0.40415100000000004,0.068967,MNE,TWN,847989
5645998,145,249,9220,2019,0.0,3885.0,-1.1612049999999998,-1.1615739999999999,MNG,TWN,847989
5645999,147,249,9220,2019,0.0,231160.0,-1.264532,-1.072626,MOZ,TWN,847989
5646000,151,249,9220,2019,0.0,22625.0,-0.15909600000000002,0.034770999999999996,MUS,TWN,847989
5646001,153,249,9220,2019,30961276.0,33717708.0,1.192967,0.730971,MYS,TWN,847989
5646002,156,249,9220,2019,0.0,23613.0,-0.342544,-0.867944,NCL,TWN,847989
5646003,159,249,9220,2019,0.0,554777.0,-1.7383970000000002,-1.220333,NGA,TWN,847989
5646004,162,249,9220,2019,13510076.0,8015826.0,1.145044,1.3523530000000001,NLD,TWN,847989
5646005,163,249,9220,2019,180620.0,839836.0,0.6957300000000001,0.181607,NOR,TWN,847989
5646006,166,249,9220,2019,5897.0,613257.0,0.119281,0.039036,NZL,TWN,847989
5646007,167,249,9220,2019,0.0,48542.0,-0.40120100000000003,-0.881602,OMN,TWN,847989
5646008,168,249,9220,2019,9166.0,782964.0,-0.6909270000000001,0.8651120000000001,PAK,TWN,847989
5646009,169,249,9220,2019,0.0,12104.0,0.00926,-0.308483,PAN,TWN,847989
5646010,173,249,9220,2019,0.0,209333.0,-0.76944,-0.216619,PER,TWN,847989
5646011,174,249,9220,2019,11019647.0,7401861.0,0.762884,0.3318,PHL,TWN,847989
5646012,175,249,9220,2019,0.0,19803.0,0.03565,-0.8227690000000001,PLW,TWN,847989
5646013,176,249,9220,2019,0.0,23493.0,-1.654143,-1.249707,PNG,TWN,847989
5646014,177,249,9220,2019,904859.0,2110291.0,1.088347,1.275875,POL,TWN,847989
5646015,179,249,9220,2019,8241.0,750960.0,0.545467,2.344447,PRT,TWN,847989
5646016,180,249,9220,2019,0.0,36969.0,-0.500999,-0.8635219999999999,PRY,TWN,847989
5646017,181,249,9220,2019,0.0,123.0,0.05640800000000001,0.708102,PSE,TWN,847989
5646018,183,249,9220,2019,0.0,14965.0,-0.064127,-1.065046,QAT,TWN,847989
5646019,185,249,9220,2019,12153.0,175378.0,1.044289,1.013691,ROU,TWN,847989
5646020,186,249,9220,2019,3378.0,1415909.0,0.329884,0.26215,RUS,TWN,847989
5646021,188,249,9220,2019,0.0,163544.0,0.787798,-0.41350600000000004,SAU,TWN,847989
5646022,191,249,9220,2019,0.0,864.0,-0.721992,-0.385479,SEN,TWN,847989
5646023,192,249,9220,2019,413818144.0,30041030.0,2.0264599999999997,0.665506,SGP,TWN,847989
5646024,195,249,9220,2019,0.0,3736.0,-1.650959,-1.013001,SLB,TWN,847989
5646025,197,249,9220,2019,0.0,5003.0,0.014037,0.23216599999999998,SLV,TWN,847989
5646026,199,249,9220,2019,0.0,47399.0,-1.046802,-0.961166,SOM,TWN,847989
5646027,201,249,9220,2019,0.0,809386.0,0.543913,1.210102,SRB,TWN,847989
5646028,205,249,9220,2019,0.0,29151.0,-0.369004,-1.017133,SUR,TWN,847989
5646029,206,249,9220,2019,1762292.0,26031.0,1.39311,0.743107,SVK,TWN,847989
5646030,207,249,9220,2019,3044.0,191126.0,1.63711,0.803198,SVN,TWN,847989
5646031,208,249,9220,2019,17847084.0,407304.0,1.781148,0.742037,SWE,TWN,847989
5646032,209,249,9220,2019,0.0,1087.0,0.087181,-0.760434,SWZ,TWN,847989
5646033,211,249,9220,2019,0.0,1816.0,0.024113,-0.711363,SYC,TWN,847989
5646034,216,249,9220,2019,6443700.0,30947338.0,0.9744229999999999,1.401199,THA,TWN,847989
5646035,222,249,9220,2019,0.0,4632.0,0.1861,-0.874604,TTO,TWN,847989
5646036,223,249,9220,2019,0.0,11280.0,0.19601300000000002,1.159766,TUN,TWN,847989
5646037,224,249,9220,2019,63555.0,2073896.0,0.569408,2.364546,TUR,TWN,847989
5646038,226,249,9220,2019,0.0,2584.0,-0.907172,0.37293899999999996,TZA,TWN,847989
5646039,227,249,9220,2019,0.0,1371.0,-0.639476,0.148255,UGA,TWN,847989
5646040,228,249,9220,2019,9617.0,23898.0,0.303802,0.5650270000000001,UKR,TWN,847989
5646041,230,249,9220,2019,0.0,4805.0,-0.077549,-0.473943,URY,TWN,847989
5646042,231,249,9220,2019,120800816.0,69673352.0,1.606808,0.3232,USA,TWN,847989
5646043,232,249,9220,2019,0.0,24276.0,-0.5856060000000001,-0.311248,UZB,TWN,847989
5646044,239,249,9220,2019,22563086.0,47379780.0,-0.048147,1.098784,VNM,TWN,847989
5646045,246,249,9220,2019,4935.0,1052468.0,0.129921,1.101027,ZAF,TWN,847989
5646046,247,249,9220,2019,0.0,664.0,-0.629261,-0.8471489999999999,ZMB,TWN,847989
5646047,248,249,9220,2019,0.0,9074.0,-0.9993780000000001,-1.018174,ZWE,TWN,847989
5646048,250,249,9220,2019,8915877.0,30384.0,0.8996129999999999,-0.152746,ANS,TWN,847989
5646049,0,250,9220,2019,7229.0,170572.0,1.077214,-0.060235000000000004,ABW,ANS,847989
5646050,8,250,9220,2019,0.0,27614.0,-0.136634,0.127073,ARG,ANS,847989
5646051,9,250,9220,2019,0.0,35079.0,-0.203986,-0.667607,ARM,ANS,847989
5646052,14,250,9220,2019,684676.0,2323.0,-0.294558,-0.180198,AUS,ANS,847989
5646053,18,250,9220,2019,290142.0,0.0,1.2555969999999999,1.168642,BEL,ANS,847989
5646054,23,250,9220,2019,102480.0,828384.0,0.572997,1.863346,BGR,ANS,847989
5646055,24,250,9220,2019,172088.0,0.0,0.378349,-0.621468,BHR,ANS,847989
5646056,28,250,9220,2019,0.0,455380.0,0.7849649999999999,0.8951600000000001,BLR,ANS,847989
5646057,32,250,9220,2019,0.0,7491962.0,0.076947,0.660604,BRA,ANS,847989
5646058,39,250,9220,2019,0.0,10064690.0,0.657292,1.187872,CAN,ANS,847989
5646059,42,250,9220,2019,30668.0,791726.0,-0.34416199999999997,-0.432674,CHL,ANS,847989
5646060,43,250,9220,2019,2367427.0,35062.0,1.196265,1.2258870000000002,CHN,ANS,847989
5646061,49,250,9220,2019,80009.0,1640066.0,0.099936,-0.15568800000000002,COL,ANS,847989
5646062,51,250,9220,2019,0.0,5534.0,-0.094961,-0.751246,CPV,ANS,847989
5646063,52,250,9220,2019,0.0,159677.0,0.38045,0.08960900000000001,CRI,ANS,847989
5646064,59,250,9220,2019,0.0,3233092.0,1.797611,0.406708,CZE,ANS,847989
5646065,61,250,9220,2019,1217504.0,0.0,2.078626,-2.124816,DEU,ANS,847989
5646066,64,250,9220,2019,0.0,7636.0,1.0768280000000001,1.2615610000000002,DNK,ANS,847989
5646067,65,250,9220,2019,0.0,2038.0,-0.20594,0.309785,DOM,ANS,847989
5646068,68,250,9220,2019,0.0,349698.0,-0.152353,1.5426309999999999,EGY,ANS,847989
5646069,71,250,9220,2019,420893.0,2720479.0,0.678454,3.007838,ESP,ANS,847989
5646070,72,250,9220,2019,0.0,1789136.0,0.962284,1.346195,EST,ANS,847989
5646071,74,250,9220,2019,45407.0,0.0,1.495278,1.034435,FIN,ANS,847989
5646072,77,250,9220,2019,0.0,10850047.0,1.380982,0.9510629999999999,FRA,ANS,847989
5646073,81,250,9220,2019,448315.0,0.0,1.731106,0.717566,GBR,ANS,847989
5646074,90,250,9220,2019,0.0,38603.0,0.08904400000000001,1.059396,GRC,ANS,847989
5646075,100,250,9220,2019,0.0,336908.0,0.850527,1.280845,HRV,ANS,847989
5646076,104,250,9220,2019,0.0,67318.0,0.43196,2.661139,IND,ANS,847989
5646077,106,250,9220,2019,0.0,958352.0,1.3812389999999999,-0.025366,IRL,ANS,847989
5646078,110,250,9220,2019,436000.0,6639.0,1.488686,0.823376,ISR,ANS,847989
5646079,111,250,9220,2019,892466.0,106791.0,1.25898,0.926639,ITA,ANS,847989
5646080,113,250,9220,2019,1203171.0,0.0,-0.003529,0.255816,JOR,ANS,847989
5646081,114,250,9220,2019,2173.0,2428.0,2.4931509999999997,-0.558811,JPN,ANS,847989
5646082,121,250,9220,2019,131577.0,0.0,2.115482,0.696838,KOR,ANS,847989
5646083,124,250,9220,2019,5892.0,1395.0,0.26155700000000004,1.062317,LBN,ANS,847989
5646084,131,250,9220,2019,0.0,1035916.0,1.234145,1.3754309999999998,LUX,ANS,847989
5646085,134,250,9220,2019,4723.0,0.0,-0.747739,-0.154125,MAR,ANS,847989
5646086,135,250,9220,2019,0.0,5400.0,-0.333385,-0.35752,MDA,ANS,847989
5646087,136,250,9220,2019,17222.0,3354.0,-1.267516,-0.733849,MDG,ANS,847989
5646088,138,250,9220,2019,0.0,93759.0,1.083041,0.569353,MEX,ANS,847989
5646089,144,250,9220,2019,0.0,4288.0,0.40415100000000004,0.068967,MNE,ANS,847989
5646090,155,250,9220,2019,113261.0,1057.0,-0.545575,-0.744274,NAM,ANS,847989
5646091,157,250,9220,2019,0.0,142877.0,-0.345047,-0.792769,NER,ANS,847989
5646092,162,250,9220,2019,1476422.0,3235780.0,1.145044,1.3523530000000001,NLD,ANS,847989
5646093,168,250,9220,2019,0.0,3170279.0,-0.6909270000000001,0.8651120000000001,PAK,ANS,847989
5646094,173,250,9220,2019,7062.0,0.0,-0.76944,-0.216619,PER,ANS,847989
5646095,177,250,9220,2019,180907.0,3469450.0,1.088347,1.275875,POL,ANS,847989
5646096,179,250,9220,2019,21521.0,0.0,0.545467,2.344447,PRT,ANS,847989
5646097,180,250,9220,2019,9291.0,0.0,-0.500999,-0.8635219999999999,PRY,ANS,847989
5646098,186,250,9220,2019,120932.0,773943.0,0.329884,0.26215,RUS,ANS,847989
5646099,188,250,9220,2019,0.0,16279.0,0.787798,-0.41350600000000004,SAU,ANS,847989
5646100,206,250,9220,2019,0.0,7005072.0,1.39311,0.743107,SVK,ANS,847989
5646101,207,250,9220,2019,0.0,141793.0,1.63711,0.803198,SVN,ANS,847989
5646102,208,250,9220,2019,62485.0,0.0,1.781148,0.742037,SWE,ANS,847989
5646103,223,250,9220,2019,4069562.0,1282843.0,0.19601300000000002,1.159766,TUN,ANS,847989
5646104,224,250,9220,2019,175242.0,0.0,0.569408,2.364546,TUR,ANS,847989
5646105,230,250,9220,2019,0.0,12462.0,-0.077549,-0.473943,URY,ANS,847989
5646106,243,250,9220,2019,0.0,43989.0,-1.4367860000000001,-1.262101,YEM,ANS,847989
5646107,246,250,9220,2019,295394.0,203619.0,0.129921,1.101027,ZAF,ANS,847989
5646108,248,250,9220,2019,12156.0,0.0,-0.9993780000000001,-1.018174,ZWE,ANS,847989
5646109,249,250,9220,2019,30384.0,8915877.0,2.123296,1.1786969999999999,TWN,ANS,847989
5646110,32,0,9220,2019,5251.0,0.0,0.076947,0.660604,BRA,ABW,847989
5646111,43,0,9220,2019,25776.0,0.0,1.196265,1.2258870000000002,CHN,ABW,847989
5646112,61,0,9220,2019,56201.0,0.0,2.078626,-2.124816,DEU,ABW,847989
5646113,81,0,9220,2019,18692.0,0.0,1.731106,0.717566,GBR,ABW,847989
5646114,162,0,9220,2019,331842.0,0.0,1.145044,1.3523530000000001,NLD,ABW,847989
5646115,188,0,9220,2019,0.0,58749.0,0.787798,-0.41350600000000004,SAU,ABW,847989
5646116,231,0,9220,2019,365149.0,38245.0,1.606808,0.3232,USA,ABW,847989
5646117,250,0,9220,2019,170572.0,7229.0,0.8996129999999999,-0.152746,ANS,ABW,847989
5646118,14,10,9220,2019,0.0,7385.0,-0.294558,-0.180198,AUS,ASM,847989
5646119,81,10,9220,2019,0.0,1538.0,1.731106,0.717566,GBR,ASM,847989
5646120,216,10,9220,2019,6553.0,0.0,0.9744229999999999,1.401199,THA,ASM,847989
5646121,1,14,9220,2019,0.0,10086.0,-1.187576,-0.7731979999999999,AFG,AUS,847989
5646122,2,14,9220,2019,0.0,57643.0,-1.096127,-1.195434,AGO,AUS,847989
5646123,7,14,9220,2019,2931453.0,941103.0,-0.165113,-0.8973540000000001,ARE,AUS,847989
5646124,8,14,9220,2019,131030.0,298625.0,-0.136634,0.127073,ARG,AUS,847989
5646125,9,14,9220,2019,0.0,8613.0,-0.203986,-0.667607,ARM,AUS,847989
5646126,10,14,9220,2019,7385.0,0.0,1.121876,0.061064999999999994,ASM,AUS,847989
5646127,15,14,9220,2019,3417526.0,12874.0,1.743927,-0.076778,AUT,AUS,847989
5646128,16,14,9220,2019,278.0,268.0,-1.005636,-1.2094209999999999,AZE,AUS,847989
5646129,18,14,9220,2019,733417.0,441645.0,1.2555969999999999,1.168642,BEL,AUS,847989
5646130,21,14,9220,2019,0.0,11407.0,-0.805181,-0.941847,BFA,AUS,847989
5646131,22,14,9220,2019,0.0,4090.0,-1.113148,-0.9513299999999999,BGD,AUS,847989
5646132,23,14,9220,2019,30048.0,2392.0,0.572997,1.863346,BGR,AUS,847989
5646133,24,14,9220,2019,0.0,16035.0,0.378349,-0.621468,BHR,AUS,847989
5646134,26,14,9220,2019,0.0,1522.0,0.6525,0.83988,BIH,AUS,847989
5646135,28,14,9220,2019,40809.0,15714.0,0.7849649999999999,0.8951600000000001,BLR,AUS,847989
5646136,29,14,9220,2019,1318.0,0.0,-0.484834,-0.638616,BLZ,AUS,847989
5646137,31,14,9220,2019,182.0,0.0,-1.012748,-0.999245,BOL,AUS,847989
5646138,32,14,9220,2019,218461.0,636198.0,0.076947,0.660604,BRA,AUS,847989
5646139,34,14,9220,2019,71514.0,358791.0,0.9608620000000001,-0.7012619999999999,BRN,AUS,847989
5646140,37,14,9220,2019,0.0,2727.0,-0.492807,-1.152651,BWA,AUS,847989
5646141,39,14,9220,2019,5318454.0,2410844.0,0.657292,1.187872,CAN,AUS,847989
5646142,41,14,9220,2019,12838692.0,481636.0,2.1990849999999997,0.8394229999999999,CHE,AUS,847989
5646143,42,14,9220,2019,362663.0,503846.0,-0.34416199999999997,-0.432674,CHL,AUS,847989
5646144,43,14,9220,2019,149494064.0,20153728.0,1.196265,1.2258870000000002,CHN,AUS,847989
5646145,44,14,9220,2019,0.0,372056.0,-0.9916719999999999,-0.960625,CIV,AUS,847989
5646146,46,14,9220,2019,0.0,218.0,-1.2685879999999998,-1.148403,COD,AUS,847989
5646147,47,14,9220,2019,36167.0,3121.0,-1.305193,-1.162808,COG,AUS,847989
5646148,48,14,9220,2019,0.0,567747.0,0.430439,-0.7410720000000001,COK,AUS,847989
5646149,49,14,9220,2019,12473.0,308339.0,0.099936,-0.15568800000000002,COL,AUS,847989
5646150,52,14,9220,2019,0.0,18288.0,0.38045,0.08960900000000001,CRI,AUS,847989
5646151,56,14,9220,2019,0.0,52384.0,1.097952,-0.513787,CXR,AUS,847989
5646152,58,14,9220,2019,0.0,23450.0,0.657782,0.209481,CYP,AUS,847989
5646153,59,14,9220,2019,2870367.0,59950.0,1.797611,0.406708,CZE,AUS,847989
5646154,61,14,9220,2019,128008592.0,10694348.0,2.078626,-2.124816,DEU,AUS,847989
5646155,64,14,9220,2019,9036103.0,102948.0,1.0768280000000001,1.2615610000000002,DNK,AUS,847989
5646156,66,14,9220,2019,0.0,4113.0,-1.008866,-1.215228,DZA,AUS,847989
5646157,67,14,9220,2019,40192.0,44903.0,-1.12261,-1.094275,ECU,AUS,847989
5646158,68,14,9220,2019,0.0,29654.0,-0.152353,1.5426309999999999,EGY,AUS,847989
5646159,71,14,9220,2019,5993046.0,2610897.0,0.678454,3.007838,ESP,AUS,847989
5646160,72,14,9220,2019,260070.0,1184.0,0.962284,1.346195,EST,AUS,847989
5646161,74,14,9220,2019,4907982.0,58250.0,1.495278,1.034435,FIN,AUS,847989
5646162,75,14,9220,2019,36565.0,383142.0,-0.274278,-0.049333,FJI,AUS,847989
5646163,77,14,9220,2019,2243235.0,1600848.0,1.380982,0.9510629999999999,FRA,AUS,847989
5646164,79,14,9220,2019,0.0,2770.0,-1.11436,-0.9806819999999999,FSM,AUS,847989
5646165,80,14,9220,2019,0.0,164554.0,-1.08556,-1.183434,GAB,AUS,847989
5646166,81,14,9220,2019,23727646.0,3854079.0,1.731106,0.717566,GBR,AUS,847989
5646167,83,14,9220,2019,0.0,352908.0,-0.9581,-0.8727879999999999,GHA,AUS,847989
5646168,85,14,9220,2019,0.0,1197.0,-1.366633,-1.196123,GIN,AUS,847989
5646169,90,14,9220,2019,538730.0,29310.0,0.08904400000000001,1.059396,GRC,AUS,847989
5646170,91,14,9220,2019,0.0,2732.0,0.297653,-0.409112,GRD,AUS,847989
5646171,93,14,9220,2019,2472.0,0.0,-0.43447299999999994,0.658475,GTM,AUS,847989
5646172,97,14,9220,2019,665775.0,471093.0,0.992556,1.523004,HKG,AUS,847989
5646173,99,14,9220,2019,0.0,239492.0,-0.6444439999999999,-0.203443,HND,AUS,847989
5646174,100,14,9220,2019,21717.0,1426.0,0.850527,1.280845,HRV,AUS,847989
5646175,102,14,9220,2019,3049609.0,73117.0,1.462102,0.809183,HUN,AUS,847989
5646176,103,14,9220,2019,95784.0,5780608.0,-0.141811,1.385726,IDN,AUS,847989
5646177,104,14,9220,2019,1579733.0,1351918.0,0.43196,2.661139,IND,AUS,847989
5646178,106,14,9220,2019,5062424.0,62680.0,1.3812389999999999,-0.025366,IRL,AUS,847989
5646179,107,14,9220,2019,7909.0,0.0,-0.386813,-0.467873,IRN,AUS,847989
5646180,108,14,9220,2019,0.0,27189.0,-1.593359,-0.9927860000000001,IRQ,AUS,847989
5646181,109,14,9220,2019,32466.0,4319.0,0.378873,-0.162129,ISL,AUS,847989
5646182,110,14,9220,2019,7143216.0,250731.0,1.488686,0.823376,ISR,AUS,847989
5646183,111,14,9220,2019,35640056.0,682156.0,1.25898,0.926639,ITA,AUS,847989
5646184,113,14,9220,2019,1915.0,28582.0,-0.003529,0.255816,JOR,AUS,847989
5646185,114,14,9220,2019,19983278.0,3061736.0,2.4931509999999997,-0.558811,JPN,AUS,847989
5646186,115,14,9220,2019,1774.0,46682.0,-0.26529400000000003,-0.523479,KAZ,AUS,847989
5646187,116,14,9220,2019,0.0,82934.0,-0.406684,0.8588969999999999,KEN,AUS,847989
5646188,118,14,9220,2019,0.0,4487.0,-0.7499359999999999,-0.627125,KHM,AUS,847989
5646189,121,14,9220,2019,6201380.0,1943426.0,2.115482,0.696838,KOR,AUS,847989
5646190,122,14,9220,2019,205719.0,29073.0,0.081686,-1.087259,KWT,AUS,847989
5646191,123,14,9220,2019,0.0,16649.0,-0.8232889999999999,-0.7276590000000001,LAO,AUS,847989
5646192,124,14,9220,2019,27890.0,17198.0,0.26155700000000004,1.062317,LBN,AUS,847989
5646193,127,14,9220,2019,0.0,2560.0,0.21145,-0.08792699999999999,LCA,AUS,847989
5646194,128,14,9220,2019,10550.0,218157.0,-0.592952,0.394811,LKA,AUS,847989
5646195,130,14,9220,2019,361089.0,22989.0,0.858456,1.364581,LTU,AUS,847989
5646196,131,14,9220,2019,1162.0,1329.0,1.234145,1.3754309999999998,LUX,AUS,847989
5646197,132,14,9220,2019,53036.0,0.0,0.7804300000000001,1.159592,LVA,AUS,847989
5646198,134,14,9220,2019,0.0,27876.0,-0.747739,-0.154125,MAR,AUS,847989
5646199,136,14,9220,2019,0.0,32856.0,-1.267516,-0.733849,MDG,AUS,847989
5646200,137,14,9220,2019,0.0,17022.0,-0.37792800000000004,-0.8963059999999999,MDV,AUS,847989
5646201,138,14,9220,2019,2337964.0,903955.0,1.083041,0.569353,MEX,AUS,847989
5646202,139,14,9220,2019,0.0,13945.0,-0.592066,-0.900875,MHL,AUS,847989
5646203,140,14,9220,2019,21471.0,0.0,0.050624,-0.11143299999999999,MKD,AUS,847989
5646204,141,14,9220,2019,0.0,12137.0,-0.381732,-0.606313,MLI,AUS,847989
5646205,142,14,9220,2019,355511.0,6136.0,0.893992,0.25255500000000003,MLT,AUS,847989
5646206,143,14,9220,2019,0.0,1367.0,-1.196733,-0.435766,MMR,AUS,847989
5646207,144,14,9220,2019,0.0,1472.0,0.40415100000000004,0.068967,MNE,AUS,847989
5646208,145,14,9220,2019,0.0,351975.0,-1.1612049999999998,-1.1615739999999999,MNG,AUS,847989
5646209,147,14,9220,2019,0.0,151331.0,-1.264532,-1.072626,MOZ,AUS,847989
5646210,148,14,9220,2019,0.0,19224.0,-1.711918,-1.339005,MRT,AUS,847989
5646211,151,14,9220,2019,0.0,1539.0,-0.15909600000000002,0.034770999999999996,MUS,AUS,847989
5646212,153,14,9220,2019,10627140.0,2181424.0,1.192967,0.730971,MYS,AUS,847989
5646213,156,14,9220,2019,1021.0,594883.0,-0.342544,-0.867944,NCL,AUS,847989
5646214,158,14,9220,2019,0.0,17654.0,0.92635,-0.31332,NFK,AUS,847989
5646215,159,14,9220,2019,0.0,199170.0,-1.7383970000000002,-1.220333,NGA,AUS,847989
5646216,162,14,9220,2019,14913802.0,2525619.0,1.145044,1.3523530000000001,NLD,AUS,847989
5646217,163,14,9220,2019,1564576.0,1178258.0,0.6957300000000001,0.181607,NOR,AUS,847989
5646218,166,14,9220,2019,5730788.0,14987468.0,0.119281,0.039036,NZL,AUS,847989
5646219,167,14,9220,2019,0.0,236755.0,-0.40120100000000003,-0.881602,OMN,AUS,847989
5646220,168,14,9220,2019,0.0,96009.0,-0.6909270000000001,0.8651120000000001,PAK,AUS,847989
5646221,169,14,9220,2019,0.0,27666.0,0.00926,-0.308483,PAN,AUS,847989
5646222,173,14,9220,2019,0.0,59165.0,-0.76944,-0.216619,PER,AUS,847989
5646223,174,14,9220,2019,749144.0,845273.0,0.762884,0.3318,PHL,AUS,847989
5646224,176,14,9220,2019,30464.0,6354909.0,-1.654143,-1.249707,PNG,AUS,847989
5646225,177,14,9220,2019,1623244.0,89126.0,1.088347,1.275875,POL,AUS,847989
5646226,179,14,9220,2019,144495.0,192794.0,0.545467,2.344447,PRT,AUS,847989
5646227,180,14,9220,2019,0.0,65102.0,-0.500999,-0.8635219999999999,PRY,AUS,847989
5646228,182,14,9220,2019,0.0,8355.0,0.30119,-0.39213000000000003,PYF,AUS,847989
5646229,183,14,9220,2019,0.0,689488.0,-0.064127,-1.065046,QAT,AUS,847989
5646230,185,14,9220,2019,205084.0,17956.0,1.044289,1.013691,ROU,AUS,847989
5646231,186,14,9220,2019,31865.0,247523.0,0.329884,0.26215,RUS,AUS,847989
5646232,188,14,9220,2019,0.0,1813498.0,0.787798,-0.41350600000000004,SAU,AUS,847989
5646233,191,14,9220,2019,0.0,8629.0,-0.721992,-0.385479,SEN,AUS,847989
5646234,192,14,9220,2019,14843555.0,13329141.0,2.0264599999999997,0.665506,SGP,AUS,847989
5646235,195,14,9220,2019,0.0,35910.0,-1.650959,-1.013001,SLB,AUS,847989
5646236,196,14,9220,2019,43121.0,0.0,-0.402403,-0.639318,SLE,AUS,847989
5646237,197,14,9220,2019,0.0,23663.0,0.014037,0.23216599999999998,SLV,AUS,847989
5646238,201,14,9220,2019,6105.0,7370.0,0.543913,1.210102,SRB,AUS,847989
5646239,205,14,9220,2019,0.0,43653.0,-0.369004,-1.017133,SUR,AUS,847989
5646240,206,14,9220,2019,1082350.0,328786.0,1.39311,0.743107,SVK,AUS,847989
5646241,207,14,9220,2019,398250.0,561819.0,1.63711,0.803198,SVN,AUS,847989
5646242,208,14,9220,2019,5282655.0,145128.0,1.781148,0.742037,SWE,AUS,847989
5646243,211,14,9220,2019,0.0,13476.0,0.024113,-0.711363,SYC,AUS,847989
5646244,216,14,9220,2019,1088614.0,1837973.0,0.9744229999999999,1.401199,THA,AUS,847989
5646245,220,14,9220,2019,0.0,7000.0,-1.173671,-1.002383,TLS,AUS,847989
5646246,222,14,9220,2019,0.0,96989.0,0.1861,-0.874604,TTO,AUS,847989
5646247,223,14,9220,2019,0.0,12096.0,0.19601300000000002,1.159766,TUN,AUS,847989
5646248,224,14,9220,2019,876997.0,480227.0,0.569408,2.364546,TUR,AUS,847989
5646249,226,14,9220,2019,0.0,43107.0,-0.907172,0.37293899999999996,TZA,AUS,847989
5646250,227,14,9220,2019,0.0,9068.0,-0.639476,0.148255,UGA,AUS,847989
5646251,228,14,9220,2019,12417.0,3819.0,0.303802,0.5650270000000001,UKR,AUS,847989
5646252,230,14,9220,2019,0.0,21247.0,-0.077549,-0.473943,URY,AUS,847989
5646253,231,14,9220,2019,93208800.0,49890756.0,1.606808,0.3232,USA,AUS,847989
5646254,232,14,9220,2019,1808.0,0.0,-0.5856060000000001,-0.311248,UZB,AUS,847989
5646255,239,14,9220,2019,658673.0,1225848.0,-0.048147,1.098784,VNM,AUS,847989
5646256,240,14,9220,2019,0.0,7004.0,-0.88634,-0.943023,VUT,AUS,847989
5646257,242,14,9220,2019,0.0,1798.0,0.22290700000000002,-0.164178,WSM,AUS,847989
5646258,246,14,9220,2019,1180495.0,1103556.0,0.129921,1.101027,ZAF,AUS,847989
5646259,247,14,9220,2019,0.0,5650.0,-0.629261,-0.8471489999999999,ZMB,AUS,847989
5646260,249,14,9220,2019,1623936.0,579053.0,2.123296,1.1786969999999999,TWN,AUS,847989
5646261,250,14,9220,2019,2323.0,684676.0,0.8996129999999999,-0.152746,ANS,AUS,847989
5646262,7,16,9220,2019,454919.0,3879.0,-0.165113,-0.8973540000000001,ARE,AZE,847989
5646263,14,16,9220,2019,268.0,278.0,-0.294558,-0.180198,AUS,AZE,847989
5646264,15,16,9220,2019,74028.0,0.0,1.743927,-0.076778,AUT,AZE,847989
5646265,18,16,9220,2019,6442.0,0.0,1.2555969999999999,1.168642,BEL,AZE,847989
5646266,23,16,9220,2019,3063.0,0.0,0.572997,1.863346,BGR,AZE,847989
5646267,28,16,9220,2019,88451.0,0.0,0.7849649999999999,0.8951600000000001,BLR,AZE,847989
5646268,39,16,9220,2019,1635.0,6396.0,0.657292,1.187872,CAN,AZE,847989
5646269,41,16,9220,2019,203646.0,0.0,2.1990849999999997,0.8394229999999999,CHE,AZE,847989
5646270,43,16,9220,2019,3483940.0,0.0,1.196265,1.2258870000000002,CHN,AZE,847989
5646271,47,16,9220,2019,81980.0,0.0,-1.305193,-1.162808,COG,AZE,847989
5646272,49,16,9220,2019,17657.0,0.0,0.099936,-0.15568800000000002,COL,AZE,847989
5646273,59,16,9220,2019,4471.0,0.0,1.797611,0.406708,CZE,AZE,847989
5646274,61,16,9220,2019,3466834.0,4673.0,2.078626,-2.124816,DEU,AZE,847989
5646275,64,16,9220,2019,5531.0,54407.0,1.0768280000000001,1.2615610000000002,DNK,AZE,847989
5646276,67,16,9220,2019,6722.0,0.0,-1.12261,-1.094275,ECU,AZE,847989
5646277,71,16,9220,2019,1373.0,0.0,0.678454,3.007838,ESP,AZE,847989
5646278,74,16,9220,2019,2785.0,0.0,1.495278,1.034435,FIN,AZE,847989
5646279,77,16,9220,2019,121909.0,16057.0,1.380982,0.9510629999999999,FRA,AZE,847989
5646280,81,16,9220,2019,5510047.0,1040723.0,1.731106,0.717566,GBR,AZE,847989
5646281,82,16,9220,2019,214293.0,21263.0,-0.057798,-0.206771,GEO,AZE,847989
5646282,83,16,9220,2019,0.0,1524.0,-0.9581,-0.8727879999999999,GHA,AZE,847989
5646283,90,16,9220,2019,1155.0,0.0,0.08904400000000001,1.059396,GRC,AZE,847989
5646284,97,16,9220,2019,2743.0,0.0,0.992556,1.523004,HKG,AZE,847989
5646285,102,16,9220,2019,61315.0,0.0,1.462102,0.809183,HUN,AZE,847989
5646286,104,16,9220,2019,20402.0,28149.0,0.43196,2.661139,IND,AZE,847989
5646287,107,16,9220,2019,57160.0,0.0,-0.386813,-0.467873,IRN,AZE,847989
5646288,110,16,9220,2019,532865.0,0.0,1.488686,0.823376,ISR,AZE,847989
5646289,111,16,9220,2019,4548826.0,13753.0,1.25898,0.926639,ITA,AZE,847989
5646290,114,16,9220,2019,1992.0,0.0,2.4931509999999997,-0.558811,JPN,AZE,847989
5646291,115,16,9220,2019,45615.0,201904.0,-0.26529400000000003,-0.523479,KAZ,AZE,847989
5646292,121,16,9220,2019,4099.0,0.0,2.115482,0.696838,KOR,AZE,847989
5646293,122,16,9220,2019,0.0,8309.0,0.081686,-1.087259,KWT,AZE,847989
5646294,130,16,9220,2019,26990.0,0.0,0.858456,1.364581,LTU,AZE,847989
5646295,131,16,9220,2019,6590.0,0.0,1.234145,1.3754309999999998,LUX,AZE,847989
5646296,132,16,9220,2019,6083.0,0.0,0.7804300000000001,1.159592,LVA,AZE,847989
5646297,135,16,9220,2019,2069.0,0.0,-0.333385,-0.35752,MDA,AZE,847989
5646298,138,16,9220,2019,516629.0,0.0,1.083041,0.569353,MEX,AZE,847989
5646299,153,16,9220,2019,16253.0,0.0,1.192967,0.730971,MYS,AZE,847989
5646300,159,16,9220,2019,0.0,55507.0,-1.7383970000000002,-1.220333,NGA,AZE,847989
5646301,162,16,9220,2019,2529768.0,1885.0,1.145044,1.3523530000000001,NLD,AZE,847989
5646302,163,16,9220,2019,1544252.0,123602.0,0.6957300000000001,0.181607,NOR,AZE,847989
5646303,166,16,9220,2019,98798.0,0.0,0.119281,0.039036,NZL,AZE,847989
5646304,177,16,9220,2019,19923.0,0.0,1.088347,1.275875,POL,AZE,847989
5646305,179,16,9220,2019,552.0,0.0,0.545467,2.344447,PRT,AZE,847989
5646306,183,16,9220,2019,0.0,1658.0,-0.064127,-1.065046,QAT,AZE,847989
5646307,185,16,9220,2019,3854168.0,0.0,1.044289,1.013691,ROU,AZE,847989
5646308,186,16,9220,2019,4137106.0,265736.0,0.329884,0.26215,RUS,AZE,847989
5646309,188,16,9220,2019,0.0,62898.0,0.787798,-0.41350600000000004,SAU,AZE,847989
5646310,191,16,9220,2019,0.0,3050.0,-0.721992,-0.385479,SEN,AZE,847989
5646311,192,16,9220,2019,2180412.0,0.0,2.0264599999999997,0.665506,SGP,AZE,847989
5646312,206,16,9220,2019,12722.0,0.0,1.39311,0.743107,SVK,AZE,847989
5646313,207,16,9220,2019,2821.0,0.0,1.63711,0.803198,SVN,AZE,847989
5646314,208,16,9220,2019,46074.0,0.0,1.781148,0.742037,SWE,AZE,847989
5646315,216,16,9220,2019,13487.0,0.0,0.9744229999999999,1.401199,THA,AZE,847989
5646316,219,16,9220,2019,0.0,39953.0,-0.9725950000000001,-1.16562,TKM,AZE,847989
5646317,224,16,9220,2019,6861909.0,72723.0,0.569408,2.364546,TUR,AZE,847989
5646318,228,16,9220,2019,153750.0,0.0,0.303802,0.5650270000000001,UKR,AZE,847989
5646319,231,16,9220,2019,6093733.0,223926.0,1.606808,0.3232,USA,AZE,847989
5646320,232,16,9220,2019,77375.0,97541.0,-0.5856060000000001,-0.311248,UZB,AZE,847989
5646321,239,16,9220,2019,512378.0,0.0,-0.048147,1.098784,VNM,AZE,847989
5646322,249,16,9220,2019,5443.0,0.0,2.123296,1.1786969999999999,TWN,AZE,847989
5646323,7,22,9220,2019,149000.0,0.0,-0.165113,-0.8973540000000001,ARE,BGD,847989
5646324,14,22,9220,2019,4090.0,0.0,-0.294558,-0.180198,AUS,BGD,847989
5646325,15,22,9220,2019,145397.0,0.0,1.743927,-0.076778,AUT,BGD,847989
5646326,18,22,9220,2019,82710.0,0.0,1.2555969999999999,1.168642,BEL,BGD,847989
5646327,34,22,9220,2019,8941.0,0.0,0.9608620000000001,-0.7012619999999999,BRN,BGD,847989
5646328,39,22,9220,2019,381635.0,0.0,0.657292,1.187872,CAN,BGD,847989
5646329,41,22,9220,2019,2062740.0,18243.0,2.1990849999999997,0.8394229999999999,CHE,BGD,847989
5646330,43,22,9220,2019,28878430.0,0.0,1.196265,1.2258870000000002,CHN,BGD,847989
5646331,59,22,9220,2019,131224.0,0.0,1.797611,0.406708,CZE,BGD,847989
5646332,61,22,9220,2019,15951808.0,7078.0,2.078626,-2.124816,DEU,BGD,847989
5646333,64,22,9220,2019,1301302.0,0.0,1.0768280000000001,1.2615610000000002,DNK,BGD,847989
5646334,71,22,9220,2019,284844.0,0.0,0.678454,3.007838,ESP,BGD,847989
5646335,73,22,9220,2019,0.0,8923.0,-1.073631,-0.617885,ETH,BGD,847989
5646336,74,22,9220,2019,107626.0,0.0,1.495278,1.034435,FIN,BGD,847989
5646337,77,22,9220,2019,90502.0,1455.0,1.380982,0.9510629999999999,FRA,BGD,847989
5646338,81,22,9220,2019,1502051.0,0.0,1.731106,0.717566,GBR,BGD,847989
5646339,97,22,9220,2019,1001254.0,0.0,0.992556,1.523004,HKG,BGD,847989
5646340,100,22,9220,2019,10156.0,0.0,0.850527,1.280845,HRV,BGD,847989
5646341,104,22,9220,2019,22256030.0,348590.0,0.43196,2.661139,IND,BGD,847989
5646342,111,22,9220,2019,10779530.0,0.0,1.25898,0.926639,ITA,BGD,847989
5646343,114,22,9220,2019,5522242.0,8446.0,2.4931509999999997,-0.558811,JPN,BGD,847989
5646344,121,22,9220,2019,18169924.0,0.0,2.115482,0.696838,KOR,BGD,847989
5646345,128,22,9220,2019,10358.0,0.0,-0.592952,0.394811,LKA,BGD,847989
5646346,130,22,9220,2019,83788.0,0.0,0.858456,1.364581,LTU,BGD,847989
5646347,153,22,9220,2019,268891.0,0.0,1.192967,0.730971,MYS,BGD,847989
5646348,159,22,9220,2019,0.0,4066.0,-1.7383970000000002,-1.220333,NGA,BGD,847989
5646349,162,22,9220,2019,698710.0,0.0,1.145044,1.3523530000000001,NLD,BGD,847989
5646350,163,22,9220,2019,10812.0,0.0,0.6957300000000001,0.181607,NOR,BGD,847989
5646351,168,22,9220,2019,13327.0,80091.0,-0.6909270000000001,0.8651120000000001,PAK,BGD,847989
5646352,177,22,9220,2019,566664.0,1867.0,1.088347,1.275875,POL,BGD,847989
5646353,186,22,9220,2019,937859.0,0.0,0.329884,0.26215,RUS,BGD,847989
5646354,192,22,9220,2019,1921894.0,69347.0,2.0264599999999997,0.665506,SGP,BGD,847989
5646355,208,22,9220,2019,225092.0,0.0,1.781148,0.742037,SWE,BGD,847989
5646356,216,22,9220,2019,1138460.0,0.0,0.9744229999999999,1.401199,THA,BGD,847989
5646357,224,22,9220,2019,2097792.0,0.0,0.569408,2.364546,TUR,BGD,847989
5646358,228,22,9220,2019,5790.0,0.0,0.303802,0.5650270000000001,UKR,BGD,847989
5646359,231,22,9220,2019,311405.0,0.0,1.606808,0.3232,USA,BGD,847989
5646360,239,22,9220,2019,63696.0,0.0,-0.048147,1.098784,VNM,BGD,847989
5646361,249,22,9220,2019,2654703.0,0.0,2.123296,1.1786969999999999,TWN,BGD,847989
5646362,7,24,9220,2019,1956103.0,41764.0,-0.165113,-0.8973540000000001,ARE,BHR,847989
5646363,14,24,9220,2019,16035.0,0.0,-0.294558,-0.180198,AUS,BHR,847989
5646364,15,24,9220,2019,457606.0,0.0,1.743927,-0.076778,AUT,BHR,847989
5646365,18,24,9220,2019,61352.0,0.0,1.2555969999999999,1.168642,BEL,BHR,847989
5646366,39,24,9220,2019,893185.0,694179.0,0.657292,1.187872,CAN,BHR,847989
5646367,41,24,9220,2019,82091.0,0.0,2.1990849999999997,0.8394229999999999,CHE,BHR,847989
5646368,43,24,9220,2019,881677.0,0.0,1.196265,1.2258870000000002,CHN,BHR,847989
5646369,59,24,9220,2019,997184.0,0.0,1.797611,0.406708,CZE,BHR,847989
5646370,61,24,9220,2019,2970650.0,13080.0,2.078626,-2.124816,DEU,BHR,847989
5646371,64,24,9220,2019,140742.0,0.0,1.0768280000000001,1.2615610000000002,DNK,BHR,847989
5646372,68,24,9220,2019,0.0,372999.0,-0.152353,1.5426309999999999,EGY,BHR,847989
5646373,71,24,9220,2019,25037.0,0.0,0.678454,3.007838,ESP,BHR,847989
5646374,74,24,9220,2019,10944.0,0.0,1.495278,1.034435,FIN,BHR,847989
5646375,77,24,9220,2019,320118.0,0.0,1.380982,0.9510629999999999,FRA,BHR,847989
5646376,81,24,9220,2019,1626633.0,76218.0,1.731106,0.717566,GBR,BHR,847989
5646377,97,24,9220,2019,5146.0,0.0,0.992556,1.523004,HKG,BHR,847989
5646378,100,24,9220,2019,15903.0,0.0,0.850527,1.280845,HRV,BHR,847989
5646379,102,24,9220,2019,23488.0,0.0,1.462102,0.809183,HUN,BHR,847989
5646380,103,24,9220,2019,22082.0,0.0,-0.141811,1.385726,IDN,BHR,847989
5646381,104,24,9220,2019,342872.0,11520.0,0.43196,2.661139,IND,BHR,847989
5646382,106,24,9220,2019,1438.0,0.0,1.3812389999999999,-0.025366,IRL,BHR,847989
5646383,108,24,9220,2019,0.0,1658.0,-1.593359,-0.9927860000000001,IRQ,BHR,847989
5646384,111,24,9220,2019,2855642.0,0.0,1.25898,0.926639,ITA,BHR,847989
5646385,113,24,9220,2019,0.0,2102.0,-0.003529,0.255816,JOR,BHR,847989
5646386,114,24,9220,2019,38605.0,0.0,2.4931509999999997,-0.558811,JPN,BHR,847989
5646387,121,24,9220,2019,387993.0,0.0,2.115482,0.696838,KOR,BHR,847989
5646388,122,24,9220,2019,20023.0,176274.0,0.081686,-1.087259,KWT,BHR,847989
5646389,128,24,9220,2019,1199.0,0.0,-0.592952,0.394811,LKA,BHR,847989
5646390,138,24,9220,2019,53216.0,0.0,1.083041,0.569353,MEX,BHR,847989
5646391,153,24,9220,2019,58090.0,0.0,1.192967,0.730971,MYS,BHR,847989
5646392,159,24,9220,2019,0.0,522787.0,-1.7383970000000002,-1.220333,NGA,BHR,847989
5646393,162,24,9220,2019,434692.0,0.0,1.145044,1.3523530000000001,NLD,BHR,847989
5646394,163,24,9220,2019,7954.0,0.0,0.6957300000000001,0.181607,NOR,BHR,847989
5646395,167,24,9220,2019,0.0,108820.0,-0.40120100000000003,-0.881602,OMN,BHR,847989
5646396,177,24,9220,2019,101658.0,0.0,1.088347,1.275875,POL,BHR,847989
5646397,179,24,9220,2019,2748.0,170.0,0.545467,2.344447,PRT,BHR,847989
5646398,185,24,9220,2019,20126.0,0.0,1.044289,1.013691,ROU,BHR,847989
5646399,186,24,9220,2019,492489.0,0.0,0.329884,0.26215,RUS,BHR,847989
5646400,188,24,9220,2019,26558.0,1503045.0,0.787798,-0.41350600000000004,SAU,BHR,847989
5646401,190,24,9220,2019,0.0,1596.0,-1.25579,-1.208796,SDN,BHR,847989
5646402,192,24,9220,2019,2423531.0,0.0,2.0264599999999997,0.665506,SGP,BHR,847989
5646403,207,24,9220,2019,36462.0,32097.0,1.63711,0.803198,SVN,BHR,847989
5646404,208,24,9220,2019,215606.0,45021.0,1.781148,0.742037,SWE,BHR,847989
5646405,216,24,9220,2019,674185.0,0.0,0.9744229999999999,1.401199,THA,BHR,847989
5646406,224,24,9220,2019,218591.0,0.0,0.569408,2.364546,TUR,BHR,847989
5646407,228,24,9220,2019,19161.0,0.0,0.303802,0.5650270000000001,UKR,BHR,847989
5646408,231,24,9220,2019,5611353.0,36931.0,1.606808,0.3232,USA,BHR,847989
5646409,246,24,9220,2019,2704.0,0.0,0.129921,1.101027,ZAF,BHR,847989
5646410,249,24,9220,2019,11103.0,0.0,2.123296,1.1786969999999999,TWN,BHR,847989
5646411,250,24,9220,2019,0.0,172088.0,0.8996129999999999,-0.152746,ANS,BHR,847989
5646412,14,26,9220,2019,1522.0,0.0,-0.294558,-0.180198,AUS,BIH,847989
5646413,15,26,9220,2019,1842641.0,70740.0,1.743927,-0.076778,AUT,BIH,847989
5646414,18,26,9220,2019,6149217.0,0.0,1.2555969999999999,1.168642,BEL,BIH,847989
5646415,23,26,9220,2019,12998.0,0.0,0.572997,1.863346,BGR,BIH,847989
5646416,32,26,9220,2019,132.0,0.0,0.076947,0.660604,BRA,BIH,847989
5646417,39,26,9220,2019,1267.0,0.0,0.657292,1.187872,CAN,BIH,847989
5646418,41,26,9220,2019,119229.0,3771.0,2.1990849999999997,0.8394229999999999,CHE,BIH,847989
5646419,43,26,9220,2019,151627.0,0.0,1.196265,1.2258870000000002,CHN,BIH,847989
5646420,59,26,9220,2019,625242.0,7416.0,1.797611,0.406708,CZE,BIH,847989
5646421,61,26,9220,2019,5065789.0,295718.0,2.078626,-2.124816,DEU,BIH,847989
5646422,64,26,9220,2019,8927.0,0.0,1.0768280000000001,1.2615610000000002,DNK,BIH,847989
5646423,71,26,9220,2019,192198.0,0.0,0.678454,3.007838,ESP,BIH,847989
5646424,74,26,9220,2019,4175.0,0.0,1.495278,1.034435,FIN,BIH,847989
5646425,77,26,9220,2019,80341.0,0.0,1.380982,0.9510629999999999,FRA,BIH,847989
5646426,81,26,9220,2019,2613.0,4818.0,1.731106,0.717566,GBR,BIH,847989
5646427,90,26,9220,2019,5693.0,0.0,0.08904400000000001,1.059396,GRC,BIH,847989
5646428,100,26,9220,2019,1707424.0,372213.0,0.850527,1.280845,HRV,BIH,847989
5646429,102,26,9220,2019,161221.0,56574.0,1.462102,0.809183,HUN,BIH,847989
5646430,103,26,9220,2019,842.0,0.0,-0.141811,1.385726,IDN,BIH,847989
5646431,104,26,9220,2019,17210.0,0.0,0.43196,2.661139,IND,BIH,847989
5646432,110,26,9220,2019,4519.0,0.0,1.488686,0.823376,ISR,BIH,847989
5646433,111,26,9220,2019,2426483.0,1156.0,1.25898,0.926639,ITA,BIH,847989
5646434,114,26,9220,2019,7828.0,0.0,2.4931509999999997,-0.558811,JPN,BIH,847989
5646435,121,26,9220,2019,31809.0,0.0,2.115482,0.696838,KOR,BIH,847989
5646436,126,26,9220,2019,0.0,1533.0,-1.552842,-1.2316690000000001,LBY,BIH,847989
5646437,130,26,9220,2019,33809.0,0.0,0.858456,1.364581,LTU,BIH,847989
5646438,131,26,9220,2019,6749.0,0.0,1.234145,1.3754309999999998,LUX,BIH,847989
5646439,132,26,9220,2019,0.0,904.0,0.7804300000000001,1.159592,LVA,BIH,847989
5646440,138,26,9220,2019,1992.0,0.0,1.083041,0.569353,MEX,BIH,847989
5646441,140,26,9220,2019,4836.0,1870.0,0.050624,-0.11143299999999999,MKD,BIH,847989
5646442,142,26,9220,2019,613.0,0.0,0.893992,0.25255500000000003,MLT,BIH,847989
5646443,144,26,9220,2019,15416.0,48672.0,0.40415100000000004,0.068967,MNE,BIH,847989
5646444,153,26,9220,2019,3340.0,0.0,1.192967,0.730971,MYS,BIH,847989
5646445,162,26,9220,2019,233289.0,2943.0,1.145044,1.3523530000000001,NLD,BIH,847989
5646446,163,26,9220,2019,554.0,1249.0,0.6957300000000001,0.181607,NOR,BIH,847989
5646447,177,26,9220,2019,295739.0,0.0,1.088347,1.275875,POL,BIH,847989
5646448,179,26,9220,2019,319.0,0.0,0.545467,2.344447,PRT,BIH,847989
5646449,185,26,9220,2019,8131.0,3660.0,1.044289,1.013691,ROU,BIH,847989
5646450,186,26,9220,2019,92494.0,0.0,0.329884,0.26215,RUS,BIH,847989
5646451,188,26,9220,2019,0.0,11624.0,0.787798,-0.41350600000000004,SAU,BIH,847989
5646452,192,26,9220,2019,437.0,0.0,2.0264599999999997,0.665506,SGP,BIH,847989
5646453,201,26,9220,2019,1049480.0,362223.0,0.543913,1.210102,SRB,BIH,847989
5646454,206,26,9220,2019,1412900.0,0.0,1.39311,0.743107,SVK,BIH,847989
5646455,207,26,9220,2019,2944566.0,63758.0,1.63711,0.803198,SVN,BIH,847989
5646456,208,26,9220,2019,48553.0,991.0,1.781148,0.742037,SWE,BIH,847989
5646457,224,26,9220,2019,1967984.0,0.0,0.569408,2.364546,TUR,BIH,847989
5646458,228,26,9220,2019,42208.0,0.0,0.303802,0.5650270000000001,UKR,BIH,847989
5646459,231,26,9220,2019,6395.0,1036.0,1.606808,0.3232,USA,BIH,847989
5646460,239,26,9220,2019,990882.0,0.0,-0.048147,1.098784,VNM,BIH,847989
5646461,249,26,9220,2019,11361.0,0.0,2.123296,1.1786969999999999,TWN,BIH,847989
5646462,4,28,9220,2019,0.0,3819.0,-0.459614,-0.019257,ALB,BLR,847989
5646463,7,28,9220,2019,18704.0,66419.0,-0.165113,-0.8973540000000001,ARE,BLR,847989
5646464,9,28,9220,2019,0.0,50963.0,-0.203986,-0.667607,ARM,BLR,847989
5646465,14,28,9220,2019,15714.0,40809.0,-0.294558,-0.180198,AUS,BLR,847989
5646466,15,28,9220,2019,515152.0,0.0,1.743927,-0.076778,AUT,BLR,847989
5646467,16,28,9220,2019,0.0,88451.0,-1.005636,-1.2094209999999999,AZE,BLR,847989
5646468,18,28,9220,2019,7445.0,0.0,1.2555969999999999,1.168642,BEL,BLR,847989
5646469,23,28,9220,2019,7268.0,0.0,0.572997,1.863346,BGR,BLR,847989
5646470,32,28,9220,2019,34534.0,0.0,0.076947,0.660604,BRA,BLR,847989
5646471,39,28,9220,2019,140827.0,2752.0,0.657292,1.187872,CAN,BLR,847989
5646472,41,28,9220,2019,438921.0,73429.0,2.1990849999999997,0.8394229999999999,CHE,BLR,847989
5646473,43,28,9220,2019,3875876.0,1335723.0,1.196265,1.2258870000000002,CHN,BLR,847989
5646474,44,28,9220,2019,0.0,22994.0,-0.9916719999999999,-0.960625,CIV,BLR,847989
5646475,49,28,9220,2019,0.0,22792.0,0.099936,-0.15568800000000002,COL,BLR,847989
5646476,59,28,9220,2019,1591024.0,1990917.0,1.797611,0.406708,CZE,BLR,847989
5646477,61,28,9220,2019,18407576.0,42108.0,2.078626,-2.124816,DEU,BLR,847989
5646478,64,28,9220,2019,196233.0,4047.0,1.0768280000000001,1.2615610000000002,DNK,BLR,847989
5646479,68,28,9220,2019,0.0,99579.0,-0.152353,1.5426309999999999,EGY,BLR,847989
5646480,71,28,9220,2019,47562.0,0.0,0.678454,3.007838,ESP,BLR,847989
5646481,72,28,9220,2019,58962.0,0.0,0.962284,1.346195,EST,BLR,847989
5646482,74,28,9220,2019,2606.0,75087.0,1.495278,1.034435,FIN,BLR,847989
5646483,77,28,9220,2019,27474.0,21331.0,1.380982,0.9510629999999999,FRA,BLR,847989
5646484,81,28,9220,2019,139241.0,2158.0,1.731106,0.717566,GBR,BLR,847989
5646485,82,28,9220,2019,0.0,69934.0,-0.057798,-0.206771,GEO,BLR,847989
5646486,97,28,9220,2019,3528.0,0.0,0.992556,1.523004,HKG,BLR,847989
5646487,102,28,9220,2019,13498.0,88538.0,1.462102,0.809183,HUN,BLR,847989
5646488,103,28,9220,2019,0.0,1955.0,-0.141811,1.385726,IDN,BLR,847989
5646489,104,28,9220,2019,212731.0,7549.0,0.43196,2.661139,IND,BLR,847989
5646490,107,28,9220,2019,0.0,17225.0,-0.386813,-0.467873,IRN,BLR,847989
5646491,110,28,9220,2019,10859.0,5160.0,1.488686,0.823376,ISR,BLR,847989
5646492,111,28,9220,2019,12680562.0,17132.0,1.25898,0.926639,ITA,BLR,847989
5646493,114,28,9220,2019,58534.0,1079.0,2.4931509999999997,-0.558811,JPN,BLR,847989
5646494,115,28,9220,2019,297345.0,656484.0,-0.26529400000000003,-0.523479,KAZ,BLR,847989
5646495,116,28,9220,2019,0.0,2801.0,-0.406684,0.8588969999999999,KEN,BLR,847989
5646496,117,28,9220,2019,0.0,71353.0,-0.297072,0.306611,KGZ,BLR,847989
5646497,121,28,9220,2019,53180.0,55814.0,2.115482,0.696838,KOR,BLR,847989
5646498,122,28,9220,2019,0.0,2524.0,0.081686,-1.087259,KWT,BLR,847989
5646499,130,28,9220,2019,5831644.0,4457304.0,0.858456,1.364581,LTU,BLR,847989
5646500,131,28,9220,2019,11854.0,0.0,1.234145,1.3754309999999998,LUX,BLR,847989
5646501,132,28,9220,2019,369977.0,51917.0,0.7804300000000001,1.159592,LVA,BLR,847989
5646502,135,28,9220,2019,2036.0,197473.0,-0.333385,-0.35752,MDA,BLR,847989
5646503,138,28,9220,2019,2415.0,0.0,1.083041,0.569353,MEX,BLR,847989
5646504,140,28,9220,2019,1523.0,0.0,0.050624,-0.11143299999999999,MKD,BLR,847989
5646505,145,28,9220,2019,0.0,170107.0,-1.1612049999999998,-1.1615739999999999,MNG,BLR,847989
5646506,153,28,9220,2019,294.0,0.0,1.192967,0.730971,MYS,BLR,847989
5646507,162,28,9220,2019,557636.0,0.0,1.145044,1.3523530000000001,NLD,BLR,847989
5646508,163,28,9220,2019,0.0,954094.0,0.6957300000000001,0.181607,NOR,BLR,847989
5646509,166,28,9220,2019,0.0,2085.0,0.119281,0.039036,NZL,BLR,847989
5646510,173,28,9220,2019,0.0,10443.0,-0.76944,-0.216619,PER,BLR,847989
5646511,177,28,9220,2019,4209267.0,254091.0,1.088347,1.275875,POL,BLR,847989
5646512,185,28,9220,2019,6243.0,0.0,1.044289,1.013691,ROU,BLR,847989
5646513,186,28,9220,2019,31704996.0,13134608.0,0.329884,0.26215,RUS,BLR,847989
5646514,190,28,9220,2019,0.0,18036.0,-1.25579,-1.208796,SDN,BLR,847989
5646515,201,28,9220,2019,40333.0,92309.0,0.543913,1.210102,SRB,BLR,847989
5646516,206,28,9220,2019,259180.0,18784.0,1.39311,0.743107,SVK,BLR,847989
5646517,207,28,9220,2019,181232.0,0.0,1.63711,0.803198,SVN,BLR,847989
5646518,208,28,9220,2019,90728.0,0.0,1.781148,0.742037,SWE,BLR,847989
5646519,217,28,9220,2019,0.0,1453.0,-0.7940020000000001,-1.075605,TJK,BLR,847989
5646520,224,28,9220,2019,4785316.0,9192.0,0.569408,2.364546,TUR,BLR,847989
5646521,228,28,9220,2019,720239.0,1366650.0,0.303802,0.5650270000000001,UKR,BLR,847989
5646522,231,28,9220,2019,294136.0,22282.0,1.606808,0.3232,USA,BLR,847989
5646523,232,28,9220,2019,0.0,304210.0,-0.5856060000000001,-0.311248,UZB,BLR,847989
5646524,239,28,9220,2019,988.0,1125.0,-0.048147,1.098784,VNM,BLR,847989
5646525,246,28,9220,2019,85527.0,511.0,0.129921,1.101027,ZAF,BLR,847989
5646526,249,28,9220,2019,145771.0,0.0,2.123296,1.1786969999999999,TWN,BLR,847989
5646527,250,28,9220,2019,455380.0,0.0,0.8996129999999999,-0.152746,ANS,BLR,847989
5646528,7,31,9220,2019,8230.0,0.0,-0.165113,-0.8973540000000001,ARE,BOL,847989
5646529,8,31,9220,2019,1064264.0,17362.0,-0.136634,0.127073,ARG,BOL,847989
5646530,14,31,9220,2019,0.0,182.0,-0.294558,-0.180198,AUS,BOL,847989
5646531,15,31,9220,2019,17829.0,11041.0,1.743927,-0.076778,AUT,BOL,847989
5646532,18,31,9220,2019,2167.0,0.0,1.2555969999999999,1.168642,BEL,BOL,847989
5646533,32,31,9220,2019,4722349.0,64910.0,0.076947,0.660604,BRA,BOL,847989
5646534,39,31,9220,2019,19645.0,0.0,0.657292,1.187872,CAN,BOL,847989
5646535,41,31,9220,2019,2901.0,0.0,2.1990849999999997,0.8394229999999999,CHE,BOL,847989
5646536,42,31,9220,2019,950733.0,0.0,-0.34416199999999997,-0.432674,CHL,BOL,847989
5646537,43,31,9220,2019,946110.0,0.0,1.196265,1.2258870000000002,CHN,BOL,847989
5646538,49,31,9220,2019,46687.0,201525.0,0.099936,-0.15568800000000002,COL,BOL,847989
5646539,59,31,9220,2019,91274.0,0.0,1.797611,0.406708,CZE,BOL,847989
5646540,61,31,9220,2019,1918675.0,1691.0,2.078626,-2.124816,DEU,BOL,847989
5646541,64,31,9220,2019,19232.0,0.0,1.0768280000000001,1.2615610000000002,DNK,BOL,847989
5646542,66,31,9220,2019,0.0,4661.0,-1.008866,-1.215228,DZA,BOL,847989
5646543,67,31,9220,2019,103275.0,29226.0,-1.12261,-1.094275,ECU,BOL,847989
5646544,71,31,9220,2019,399457.0,28505.0,0.678454,3.007838,ESP,BOL,847989
5646545,74,31,9220,2019,1425.0,0.0,1.495278,1.034435,FIN,BOL,847989
5646546,77,31,9220,2019,26079.0,0.0,1.380982,0.9510629999999999,FRA,BOL,847989
5646547,81,31,9220,2019,58280.0,2441.0,1.731106,0.717566,GBR,BOL,847989
5646548,93,31,9220,2019,21209.0,0.0,-0.43447299999999994,0.658475,GTM,BOL,847989
5646549,97,31,9220,2019,5610.0,0.0,0.992556,1.523004,HKG,BOL,847989
5646550,102,31,9220,2019,8289.0,0.0,1.462102,0.809183,HUN,BOL,847989
5646551,104,31,9220,2019,143141.0,0.0,0.43196,2.661139,IND,BOL,847989
5646552,107,31,9220,2019,2762.0,0.0,-0.386813,-0.467873,IRN,BOL,847989
5646553,111,31,9220,2019,788222.0,0.0,1.25898,0.926639,ITA,BOL,847989
5646554,114,31,9220,2019,38819.0,0.0,2.4931509999999997,-0.558811,JPN,BOL,847989
5646555,121,31,9220,2019,5742.0,0.0,2.115482,0.696838,KOR,BOL,847989
5646556,130,31,9220,2019,1187.0,0.0,0.858456,1.364581,LTU,BOL,847989
5646557,138,31,9220,2019,119726.0,188726.0,1.083041,0.569353,MEX,BOL,847989
5646558,153,31,9220,2019,41923.0,0.0,1.192967,0.730971,MYS,BOL,847989
5646559,159,31,9220,2019,0.0,9613.0,-1.7383970000000002,-1.220333,NGA,BOL,847989
5646560,162,31,9220,2019,6300.0,1695.0,1.145044,1.3523530000000001,NLD,BOL,847989
5646561,163,31,9220,2019,14038.0,0.0,0.6957300000000001,0.181607,NOR,BOL,847989
5646562,173,31,9220,2019,37628.0,0.0,-0.76944,-0.216619,PER,BOL,847989
5646563,177,31,9220,2019,9364.0,0.0,1.088347,1.275875,POL,BOL,847989
5646564,179,31,9220,2019,7416.0,0.0,0.545467,2.344447,PRT,BOL,847989
5646565,180,31,9220,2019,3289.0,5089.0,-0.500999,-0.8635219999999999,PRY,BOL,847989
5646566,183,31,9220,2019,0.0,34734.0,-0.064127,-1.065046,QAT,BOL,847989
5646567,185,31,9220,2019,54400.0,101318.0,1.044289,1.013691,ROU,BOL,847989
5646568,192,31,9220,2019,198129.0,0.0,2.0264599999999997,0.665506,SGP,BOL,847989
5646569,206,31,9220,2019,20501.0,0.0,1.39311,0.743107,SVK,BOL,847989
5646570,208,31,9220,2019,3495.0,0.0,1.781148,0.742037,SWE,BOL,847989
5646571,216,31,9220,2019,7068.0,4475.0,0.9744229999999999,1.401199,THA,BOL,847989
5646572,222,31,9220,2019,0.0,12548.0,0.1861,-0.874604,TTO,BOL,847989
5646573,224,31,9220,2019,833.0,0.0,0.569408,2.364546,TUR,BOL,847989
5646574,228,31,9220,2019,0.0,1056.0,0.303802,0.5650270000000001,UKR,BOL,847989
5646575,230,31,9220,2019,0.0,131293.0,-0.077549,-0.473943,URY,BOL,847989
5646576,231,31,9220,2019,3174042.0,688728.0,1.606808,0.3232,USA,BOL,847989
5646577,239,31,9220,2019,28235.0,0.0,-0.048147,1.098784,VNM,BOL,847989
5646578,249,31,9220,2019,2582.0,0.0,2.123296,1.1786969999999999,TWN,BOL,847989
5646579,15,38,9220,2019,2492.0,0.0,1.743927,-0.076778,AUT,CAF,847989
5646580,39,38,9220,2019,35783.0,0.0,0.657292,1.187872,CAN,CAF,847989
5646581,43,38,9220,2019,149544.0,0.0,1.196265,1.2258870000000002,CHN,CAF,847989
5646582,61,38,9220,2019,1127.0,0.0,2.078626,-2.124816,DEU,CAF,847989
5646583,77,38,9220,2019,113752.0,0.0,1.380982,0.9510629999999999,FRA,CAF,847989
5646584,81,38,9220,2019,1150.0,0.0,1.731106,0.717566,GBR,CAF,847989
5646585,124,38,9220,2019,1161.0,0.0,0.26155700000000004,1.062317,LBN,CAF,847989
5646586,231,38,9220,2019,10261.0,14910.0,1.606808,0.3232,USA,CAF,847989
5646587,2,68,9220,2019,0.0,1211.0,-1.096127,-1.195434,AGO,EGY,847989
5646588,7,68,9220,2019,5123550.0,64195.0,-0.165113,-0.8973540000000001,ARE,EGY,847989
5646589,8,68,9220,2019,431825.0,0.0,-0.136634,0.127073,ARG,EGY,847989
5646590,14,68,9220,2019,29654.0,0.0,-0.294558,-0.180198,AUS,EGY,847989
5646591,15,68,9220,2019,742872.0,0.0,1.743927,-0.076778,AUT,EGY,847989
5646592,18,68,9220,2019,1294386.0,0.0,1.2555969999999999,1.168642,BEL,EGY,847989
5646593,23,68,9220,2019,145928.0,0.0,0.572997,1.863346,BGR,EGY,847989
5646594,24,68,9220,2019,372999.0,0.0,0.378349,-0.621468,BHR,EGY,847989
5646595,28,68,9220,2019,99579.0,0.0,0.7849649999999999,0.8951600000000001,BLR,EGY,847989
5646596,32,68,9220,2019,11618.0,0.0,0.076947,0.660604,BRA,EGY,847989
5646597,34,68,9220,2019,49509.0,0.0,0.9608620000000001,-0.7012619999999999,BRN,EGY,847989
5646598,39,68,9220,2019,2515584.0,0.0,0.657292,1.187872,CAN,EGY,847989
5646599,41,68,9220,2019,6297809.0,4059.0,2.1990849999999997,0.8394229999999999,CHE,EGY,847989
5646600,42,68,9220,2019,8878.0,0.0,-0.34416199999999997,-0.432674,CHL,EGY,847989
5646601,43,68,9220,2019,31475770.0,20790.0,1.196265,1.2258870000000002,CHN,EGY,847989
5646602,47,68,9220,2019,1754.0,0.0,-1.305193,-1.162808,COG,EGY,847989
5646603,49,68,9220,2019,44898.0,0.0,0.099936,-0.15568800000000002,COL,EGY,847989
5646604,58,68,9220,2019,19694.0,0.0,0.657782,0.209481,CYP,EGY,847989
5646605,59,68,9220,2019,609548.0,5272.0,1.797611,0.406708,CZE,EGY,847989
5646606,61,68,9220,2019,24397294.0,135037.0,2.078626,-2.124816,DEU,EGY,847989
5646607,64,68,9220,2019,404383.0,0.0,1.0768280000000001,1.2615610000000002,DNK,EGY,847989
5646608,65,68,9220,2019,4855.0,0.0,-0.20594,0.309785,DOM,EGY,847989
5646609,67,68,9220,2019,22144.0,530271.0,-1.12261,-1.094275,ECU,EGY,847989
5646610,71,68,9220,2019,1886553.0,235486.0,0.678454,3.007838,ESP,EGY,847989
5646611,72,68,9220,2019,25631.0,0.0,0.962284,1.346195,EST,EGY,847989
5646612,74,68,9220,2019,1552530.0,0.0,1.495278,1.034435,FIN,EGY,847989
5646613,77,68,9220,2019,626119.0,0.0,1.380982,0.9510629999999999,FRA,EGY,847989
5646614,81,68,9220,2019,8466749.0,1038562.0,1.731106,0.717566,GBR,EGY,847989
5646615,82,68,9220,2019,13880.0,0.0,-0.057798,-0.206771,GEO,EGY,847989
5646616,90,68,9220,2019,63039.0,0.0,0.08904400000000001,1.059396,GRC,EGY,847989
5646617,97,68,9220,2019,164848.0,1009.0,0.992556,1.523004,HKG,EGY,847989
5646618,100,68,9220,2019,130052.0,0.0,0.850527,1.280845,HRV,EGY,847989
5646619,102,68,9220,2019,31862.0,0.0,1.462102,0.809183,HUN,EGY,847989
5646620,103,68,9220,2019,211616.0,0.0,-0.141811,1.385726,IDN,EGY,847989
5646621,104,68,9220,2019,5996427.0,1322403.0,0.43196,2.661139,IND,EGY,847989
5646622,106,68,9220,2019,38872.0,0.0,1.3812389999999999,-0.025366,IRL,EGY,847989
5646623,110,68,9220,2019,10551.0,0.0,1.488686,0.823376,ISR,EGY,847989
5646624,111,68,9220,2019,25943552.0,23025.0,1.25898,0.926639,ITA,EGY,847989
5646625,113,68,9220,2019,153226.0,58331.0,-0.003529,0.255816,JOR,EGY,847989
5646626,114,68,9220,2019,4363626.0,0.0,2.4931509999999997,-0.558811,JPN,EGY,847989
5646627,121,68,9220,2019,4702208.0,21955.0,2.115482,0.696838,KOR,EGY,847989
5646628,122,68,9220,2019,73165.0,7657.0,0.081686,-1.087259,KWT,EGY,847989
5646629,124,68,9220,2019,11666.0,581728.0,0.26155700000000004,1.062317,LBN,EGY,847989
5646630,130,68,9220,2019,1521.0,0.0,0.858456,1.364581,LTU,EGY,847989
5646631,131,68,9220,2019,4613.0,0.0,1.234145,1.3754309999999998,LUX,EGY,847989
5646632,134,68,9220,2019,320858.0,2593.0,-0.747739,-0.154125,MAR,EGY,847989
5646633,138,68,9220,2019,46765.0,0.0,1.083041,0.569353,MEX,EGY,847989
5646634,142,68,9220,2019,27116.0,0.0,0.893992,0.25255500000000003,MLT,EGY,847989
5646635,147,68,9220,2019,0.0,4460.0,-1.264532,-1.072626,MOZ,EGY,847989
5646636,151,68,9220,2019,0.0,2170.0,-0.15909600000000002,0.034770999999999996,MUS,EGY,847989
5646637,153,68,9220,2019,534172.0,214435.0,1.192967,0.730971,MYS,EGY,847989
5646638,159,68,9220,2019,0.0,72467.0,-1.7383970000000002,-1.220333,NGA,EGY,847989
5646639,162,68,9220,2019,5178534.0,2228.0,1.145044,1.3523530000000001,NLD,EGY,847989
5646640,163,68,9220,2019,2950832.0,0.0,0.6957300000000001,0.181607,NOR,EGY,847989
5646641,166,68,9220,2019,3546.0,0.0,0.119281,0.039036,NZL,EGY,847989
5646642,168,68,9220,2019,33534.0,0.0,-0.6909270000000001,0.8651120000000001,PAK,EGY,847989
5646643,177,68,9220,2019,434608.0,927.0,1.088347,1.275875,POL,EGY,847989
5646644,179,68,9220,2019,232028.0,0.0,0.545467,2.344447,PRT,EGY,847989
5646645,181,68,9220,2019,0.0,1217.0,0.05640800000000001,0.708102,PSE,EGY,847989
5646646,185,68,9220,2019,356992.0,0.0,1.044289,1.013691,ROU,EGY,847989
5646647,186,68,9220,2019,183687.0,1292.0,0.329884,0.26215,RUS,EGY,847989
5646648,188,68,9220,2019,1160932.0,49645.0,0.787798,-0.41350600000000004,SAU,EGY,847989
5646649,192,68,9220,2019,4113050.0,24643.0,2.0264599999999997,0.665506,SGP,EGY,847989
5646650,201,68,9220,2019,63407.0,0.0,0.543913,1.210102,SRB,EGY,847989
5646651,206,68,9220,2019,269554.0,0.0,1.39311,0.743107,SVK,EGY,847989
5646652,207,68,9220,2019,26085.0,0.0,1.63711,0.803198,SVN,EGY,847989
5646653,208,68,9220,2019,1963792.0,0.0,1.781148,0.742037,SWE,EGY,847989
5646654,212,68,9220,2019,8064.0,2306.0,-0.67825,0.385416,SYR,EGY,847989
5646655,216,68,9220,2019,729132.0,0.0,0.9744229999999999,1.401199,THA,EGY,847989
5646656,223,68,9220,2019,152998.0,44667.0,0.19601300000000002,1.159766,TUN,EGY,847989
5646657,224,68,9220,2019,4756886.0,34054.0,0.569408,2.364546,TUR,EGY,847989
5646658,226,68,9220,2019,0.0,1466.0,-0.907172,0.37293899999999996,TZA,EGY,847989
5646659,227,68,9220,2019,0.0,2195.0,-0.639476,0.148255,UGA,EGY,847989
5646660,228,68,9220,2019,4865.0,0.0,0.303802,0.5650270000000001,UKR,EGY,847989
5646661,231,68,9220,2019,15445108.0,1466921.0,1.606808,0.3232,USA,EGY,847989
5646662,239,68,9220,2019,184608.0,0.0,-0.048147,1.098784,VNM,EGY,847989
5646663,246,68,9220,2019,127421.0,0.0,0.129921,1.101027,ZAF,EGY,847989
5646664,249,68,9220,2019,1053806.0,0.0,2.123296,1.1786969999999999,TWN,EGY,847989
5646665,250,68,9220,2019,349698.0,0.0,0.8996129999999999,-0.152746,ANS,EGY,847989
5646666,7,72,9220,2019,2740.0,25577.0,-0.165113,-0.8973540000000001,ARE,EST,847989
5646667,9,72,9220,2019,0.0,2879.0,-0.203986,-0.667607,ARM,EST,847989
5646668,14,72,9220,2019,1184.0,260070.0,-0.294558,-0.180198,AUS,EST,847989
5646669,15,72,9220,2019,704822.0,30406.0,1.743927,-0.076778,AUT,EST,847989
5646670,18,72,9220,2019,230497.0,3511.0,1.2555969999999999,1.168642,BEL,EST,847989
5646671,23,72,9220,2019,24802.0,11829.0,0.572997,1.863346,BGR,EST,847989
5646672,28,72,9220,2019,0.0,58962.0,0.7849649999999999,0.8951600000000001,BLR,EST,847989
5646673,32,72,9220,2019,1291.0,78005.0,0.076947,0.660604,BRA,EST,847989
5646674,34,72,9220,2019,0.0,5046.0,0.9608620000000001,-0.7012619999999999,BRN,EST,847989
5646675,39,72,9220,2019,123467.0,3812758.0,0.657292,1.187872,CAN,EST,847989
5646676,41,72,9220,2019,785035.0,20667.0,2.1990849999999997,0.8394229999999999,CHE,EST,847989
5646677,42,72,9220,2019,0.0,11080.0,-0.34416199999999997,-0.432674,CHL,EST,847989
5646678,43,72,9220,2019,2481782.0,527458.0,1.196265,1.2258870000000002,CHN,EST,847989
5646679,49,72,9220,2019,0.0,5469.0,0.099936,-0.15568800000000002,COL,EST,847989
5646680,54,72,9220,2019,0.0,41199.0,-0.880892,-1.141591,CUB,EST,847989
5646681,59,72,9220,2019,1823112.0,333521.0,1.797611,0.406708,CZE,EST,847989
5646682,61,72,9220,2019,18283664.0,488873.0,2.078626,-2.124816,DEU,EST,847989
5646683,64,72,9220,2019,1723875.0,211731.0,1.0768280000000001,1.2615610000000002,DNK,EST,847989
5646684,68,72,9220,2019,0.0,25631.0,-0.152353,1.5426309999999999,EGY,EST,847989
5646685,71,72,9220,2019,193488.0,129084.0,0.678454,3.007838,ESP,EST,847989
5646686,74,72,9220,2019,4766450.0,4581012.0,1.495278,1.034435,FIN,EST,847989
5646687,77,72,9220,2019,256434.0,318471.0,1.380982,0.9510629999999999,FRA,EST,847989
5646688,81,72,9220,2019,386838.0,142840.0,1.731106,0.717566,GBR,EST,847989
5646689,82,72,9220,2019,0.0,19920.0,-0.057798,-0.206771,GEO,EST,847989
5646690,83,72,9220,2019,0.0,1060.0,-0.9581,-0.8727879999999999,GHA,EST,847989
5646691,90,72,9220,2019,0.0,3208.0,0.08904400000000001,1.059396,GRC,EST,847989
5646692,97,72,9220,2019,4282.0,23232.0,0.992556,1.523004,HKG,EST,847989
5646693,100,72,9220,2019,59708.0,36421.0,0.850527,1.280845,HRV,EST,847989
5646694,102,72,9220,2019,291947.0,245018.0,1.462102,0.809183,HUN,EST,847989
5646695,103,72,9220,2019,25869.0,1925.0,-0.141811,1.385726,IDN,EST,847989
5646696,104,72,9220,2019,3069.0,31134.0,0.43196,2.661139,IND,EST,847989
5646697,106,72,9220,2019,43159.0,11391.0,1.3812389999999999,-0.025366,IRL,EST,847989
5646698,110,72,9220,2019,28518.0,0.0,1.488686,0.823376,ISR,EST,847989
5646699,111,72,9220,2019,2841367.0,15176.0,1.25898,0.926639,ITA,EST,847989
5646700,113,72,9220,2019,0.0,172075.0,-0.003529,0.255816,JOR,EST,847989
5646701,114,72,9220,2019,30897.0,0.0,2.4931509999999997,-0.558811,JPN,EST,847989
5646702,115,72,9220,2019,1438.0,44567.0,-0.26529400000000003,-0.523479,KAZ,EST,847989
5646703,117,72,9220,2019,0.0,988.0,-0.297072,0.306611,KGZ,EST,847989
5646704,121,72,9220,2019,286490.0,34544.0,2.115482,0.696838,KOR,EST,847989
5646705,124,72,9220,2019,0.0,110749.0,0.26155700000000004,1.062317,LBN,EST,847989
5646706,126,72,9220,2019,0.0,4342.0,-1.552842,-1.2316690000000001,LBY,EST,847989
5646707,130,72,9220,2019,1714870.0,1247602.0,0.858456,1.364581,LTU,EST,847989
5646708,131,72,9220,2019,76130.0,0.0,1.234145,1.3754309999999998,LUX,EST,847989
5646709,132,72,9220,2019,711805.0,1142086.0,0.7804300000000001,1.159592,LVA,EST,847989
5646710,135,72,9220,2019,0.0,29574.0,-0.333385,-0.35752,MDA,EST,847989
5646711,138,72,9220,2019,4882.0,7585.0,1.083041,0.569353,MEX,EST,847989
5646712,140,72,9220,2019,0.0,2589.0,0.050624,-0.11143299999999999,MKD,EST,847989
5646713,153,72,9220,2019,24968.0,1686.0,1.192967,0.730971,MYS,EST,847989
5646714,162,72,9220,2019,4978278.0,88271.0,1.145044,1.3523530000000001,NLD,EST,847989
5646715,163,72,9220,2019,375063.0,918302.0,0.6957300000000001,0.181607,NOR,EST,847989
5646716,166,72,9220,2019,0.0,371593.0,0.119281,0.039036,NZL,EST,847989
5646717,174,72,9220,2019,0.0,115085.0,0.762884,0.3318,PHL,EST,847989
5646718,177,72,9220,2019,2835119.0,66769.0,1.088347,1.275875,POL,EST,847989
5646719,179,72,9220,2019,75456.0,573552.0,0.545467,2.344447,PRT,EST,847989
5646720,185,72,9220,2019,26036.0,88609.0,1.044289,1.013691,ROU,EST,847989
5646721,186,72,9220,2019,1392616.0,4065834.0,0.329884,0.26215,RUS,EST,847989
5646722,188,72,9220,2019,0.0,1441.0,0.787798,-0.41350600000000004,SAU,EST,847989
5646723,191,72,9220,2019,0.0,2130.0,-0.721992,-0.385479,SEN,EST,847989
5646724,192,72,9220,2019,115624.0,196426.0,2.0264599999999997,0.665506,SGP,EST,847989
5646725,201,72,9220,2019,0.0,13335.0,0.543913,1.210102,SRB,EST,847989
5646726,206,72,9220,2019,9520.0,66881.0,1.39311,0.743107,SVK,EST,847989
5646727,207,72,9220,2019,26572.0,3492.0,1.63711,0.803198,SVN,EST,847989
5646728,208,72,9220,2019,2632234.0,2113098.0,1.781148,0.742037,SWE,EST,847989
5646729,217,72,9220,2019,0.0,2399.0,-0.7940020000000001,-1.075605,TJK,EST,847989
5646730,224,72,9220,2019,268852.0,1166057.0,0.569408,2.364546,TUR,EST,847989
5646731,228,72,9220,2019,43933.0,117475.0,0.303802,0.5650270000000001,UKR,EST,847989
5646732,231,72,9220,2019,636526.0,53083856.0,1.606808,0.3232,USA,EST,847989
5646733,232,72,9220,2019,0.0,4348.0,-0.5856060000000001,-0.311248,UZB,EST,847989
5646734,239,72,9220,2019,4535.0,6977.0,-0.048147,1.098784,VNM,EST,847989
5646735,246,72,9220,2019,0.0,9874.0,0.129921,1.101027,ZAF,EST,847989
5646736,249,72,9220,2019,50932.0,0.0,2.123296,1.1786969999999999,TWN,EST,847989
5646737,250,72,9220,2019,1789136.0,0.0,0.8996129999999999,-0.152746,ANS,EST,847989
5646738,7,82,9220,2019,102234.0,0.0,-0.165113,-0.8973540000000001,ARE,GEO,847989
5646739,9,82,9220,2019,16269.0,677751.0,-0.203986,-0.667607,ARM,GEO,847989
5646740,15,82,9220,2019,356082.0,2101.0,1.743927,-0.076778,AUT,GEO,847989
5646741,16,82,9220,2019,21263.0,214293.0,-1.005636,-1.2094209999999999,AZE,GEO,847989
5646742,18,82,9220,2019,1223.0,7001.0,1.2555969999999999,1.168642,BEL,GEO,847989
5646743,23,82,9220,2019,78834.0,0.0,0.572997,1.863346,BGR,GEO,847989
5646744,28,82,9220,2019,69934.0,0.0,0.7849649999999999,0.8951600000000001,BLR,GEO,847989
5646745,32,82,9220,2019,3303.0,0.0,0.076947,0.660604,BRA,GEO,847989
5646746,39,82,9220,2019,6705.0,1791.0,0.657292,1.187872,CAN,GEO,847989
5646747,41,82,9220,2019,11432.0,0.0,2.1990849999999997,0.8394229999999999,CHE,GEO,847989
5646748,43,82,9220,2019,4448531.0,0.0,1.196265,1.2258870000000002,CHN,GEO,847989
5646749,58,82,9220,2019,1301.0,0.0,0.657782,0.209481,CYP,GEO,847989
5646750,59,82,9220,2019,273646.0,2673.0,1.797611,0.406708,CZE,GEO,847989
5646751,61,82,9220,2019,3607645.0,181834.0,2.078626,-2.124816,DEU,GEO,847989
5646752,64,82,9220,2019,153212.0,0.0,1.0768280000000001,1.2615610000000002,DNK,GEO,847989
5646753,68,82,9220,2019,0.0,13880.0,-0.152353,1.5426309999999999,EGY,GEO,847989
5646754,71,82,9220,2019,25927.0,0.0,0.678454,3.007838,ESP,GEO,847989
5646755,72,82,9220,2019,19920.0,0.0,0.962284,1.346195,EST,GEO,847989
5646756,74,82,9220,2019,12759.0,0.0,1.495278,1.034435,FIN,GEO,847989
5646757,77,82,9220,2019,737155.0,0.0,1.380982,0.9510629999999999,FRA,GEO,847989
5646758,81,82,9220,2019,13766.0,0.0,1.731106,0.717566,GBR,GEO,847989
5646759,97,82,9220,2019,626240.0,0.0,0.992556,1.523004,HKG,GEO,847989
5646760,100,82,9220,2019,61349.0,0.0,0.850527,1.280845,HRV,GEO,847989
5646761,102,82,9220,2019,3343.0,0.0,1.462102,0.809183,HUN,GEO,847989
5646762,104,82,9220,2019,13292.0,0.0,0.43196,2.661139,IND,GEO,847989
5646763,107,82,9220,2019,20266.0,0.0,-0.386813,-0.467873,IRN,GEO,847989
5646764,110,82,9220,2019,22579.0,0.0,1.488686,0.823376,ISR,GEO,847989
5646765,111,82,9220,2019,927240.0,5270.0,1.25898,0.926639,ITA,GEO,847989
5646766,114,82,9220,2019,80839.0,0.0,2.4931509999999997,-0.558811,JPN,GEO,847989
5646767,115,82,9220,2019,5220.0,3150.0,-0.26529400000000003,-0.523479,KAZ,GEO,847989
5646768,117,82,9220,2019,0.0,25258.0,-0.297072,0.306611,KGZ,GEO,847989
5646769,121,82,9220,2019,7680.0,45969.0,2.115482,0.696838,KOR,GEO,847989
5646770,128,82,9220,2019,0.0,1131.0,-0.592952,0.394811,LKA,GEO,847989
5646771,130,82,9220,2019,18786.0,0.0,0.858456,1.364581,LTU,GEO,847989
5646772,131,82,9220,2019,791.0,0.0,1.234145,1.3754309999999998,LUX,GEO,847989
5646773,132,82,9220,2019,3041.0,0.0,0.7804300000000001,1.159592,LVA,GEO,847989
5646774,153,82,9220,2019,88883.0,0.0,1.192967,0.730971,MYS,GEO,847989
5646775,162,82,9220,2019,73093.0,36080.0,1.145044,1.3523530000000001,NLD,GEO,847989
5646776,163,82,9220,2019,16111.0,0.0,0.6957300000000001,0.181607,NOR,GEO,847989
5646777,177,82,9220,2019,57928.0,5424.0,1.088347,1.275875,POL,GEO,847989
5646778,183,82,9220,2019,0.0,149942.0,-0.064127,-1.065046,QAT,GEO,847989
5646779,186,82,9220,2019,1293751.0,80760.0,0.329884,0.26215,RUS,GEO,847989
5646780,192,82,9220,2019,1382896.0,0.0,2.0264599999999997,0.665506,SGP,GEO,847989
5646781,201,82,9220,2019,1416.0,0.0,0.543913,1.210102,SRB,GEO,847989
5646782,206,82,9220,2019,18523.0,0.0,1.39311,0.743107,SVK,GEO,847989
5646783,207,82,9220,2019,18818.0,0.0,1.63711,0.803198,SVN,GEO,847989
5646784,208,82,9220,2019,3685.0,0.0,1.781148,0.742037,SWE,GEO,847989
5646785,216,82,9220,2019,45672.0,0.0,0.9744229999999999,1.401199,THA,GEO,847989
5646786,219,82,9220,2019,0.0,3293.0,-0.9725950000000001,-1.16562,TKM,GEO,847989
5646787,224,82,9220,2019,2484086.0,2710.0,0.569408,2.364546,TUR,GEO,847989
5646788,228,82,9220,2019,149576.0,16449.0,0.303802,0.5650270000000001,UKR,GEO,847989
5646789,231,82,9220,2019,93301.0,59270.0,1.606808,0.3232,USA,GEO,847989
5646790,4,100,9220,2019,0.0,10439.0,-0.459614,-0.019257,ALB,HRV,847989
5646791,7,100,9220,2019,0.0,70064.0,-0.165113,-0.8973540000000001,ARE,HRV,847989
5646792,8,100,9220,2019,0.0,13526.0,-0.136634,0.127073,ARG,HRV,847989
5646793,14,100,9220,2019,1426.0,21717.0,-0.294558,-0.180198,AUS,HRV,847989
5646794,15,100,9220,2019,3059836.0,354998.0,1.743927,-0.076778,AUT,HRV,847989
5646795,18,100,9220,2019,329767.0,127283.0,1.2555969999999999,1.168642,BEL,HRV,847989
5646796,21,100,9220,2019,0.0,604.0,-0.805181,-0.941847,BFA,HRV,847989
5646797,22,100,9220,2019,0.0,10156.0,-1.113148,-0.9513299999999999,BGD,HRV,847989
5646798,23,100,9220,2019,40259.0,48506.0,0.572997,1.863346,BGR,HRV,847989
5646799,24,100,9220,2019,0.0,15903.0,0.378349,-0.621468,BHR,HRV,847989
5646800,26,100,9220,2019,372213.0,1707424.0,0.6525,0.83988,BIH,HRV,847989
5646801,32,100,9220,2019,0.0,28902.0,0.076947,0.660604,BRA,HRV,847989
5646802,39,100,9220,2019,221864.0,59217.0,0.657292,1.187872,CAN,HRV,847989
5646803,41,100,9220,2019,354511.0,384873.0,2.1990849999999997,0.8394229999999999,CHE,HRV,847989
5646804,42,100,9220,2019,0.0,290637.0,-0.34416199999999997,-0.432674,CHL,HRV,847989
5646805,43,100,9220,2019,2508620.0,931986.0,1.196265,1.2258870000000002,CHN,HRV,847989
5646806,49,100,9220,2019,0.0,3488.0,0.099936,-0.15568800000000002,COL,HRV,847989
5646807,58,100,9220,2019,0.0,14045.0,0.657782,0.209481,CYP,HRV,847989
5646808,59,100,9220,2019,1298604.0,225863.0,1.797611,0.406708,CZE,HRV,847989
5646809,61,100,9220,2019,23461644.0,4782142.0,2.078626,-2.124816,DEU,HRV,847989
5646810,64,100,9220,2019,261987.0,338899.0,1.0768280000000001,1.2615610000000002,DNK,HRV,847989
5646811,68,100,9220,2019,0.0,130052.0,-0.152353,1.5426309999999999,EGY,HRV,847989
5646812,71,100,9220,2019,731685.0,501745.0,0.678454,3.007838,ESP,HRV,847989
5646813,72,100,9220,2019,36421.0,59708.0,0.962284,1.346195,EST,HRV,847989
5646814,74,100,9220,2019,79632.0,31228.0,1.495278,1.034435,FIN,HRV,847989
5646815,77,100,9220,2019,744550.0,800701.0,1.380982,0.9510629999999999,FRA,HRV,847989
5646816,81,100,9220,2019,448736.0,13833.0,1.731106,0.717566,GBR,HRV,847989
5646817,82,100,9220,2019,0.0,61349.0,-0.057798,-0.206771,GEO,HRV,847989
5646818,90,100,9220,2019,424159.0,79814.0,0.08904400000000001,1.059396,GRC,HRV,847989
5646819,97,100,9220,2019,0.0,1613212.0,0.992556,1.523004,HKG,HRV,847989
5646820,102,100,9220,2019,768965.0,279171.0,1.462102,0.809183,HUN,HRV,847989
5646821,103,100,9220,2019,0.0,1148719.0,-0.141811,1.385726,IDN,HRV,847989
5646822,104,100,9220,2019,55201.0,56784.0,0.43196,2.661139,IND,HRV,847989
5646823,106,100,9220,2019,20801.0,213913.0,1.3812389999999999,-0.025366,IRL,HRV,847989
5646824,110,100,9220,2019,8047.0,25463.0,1.488686,0.823376,ISR,HRV,847989
5646825,111,100,9220,2019,9753724.0,9916726.0,1.25898,0.926639,ITA,HRV,847989
5646826,114,100,9220,2019,127092.0,15257.0,2.4931509999999997,-0.558811,JPN,HRV,847989
5646827,115,100,9220,2019,0.0,3872.0,-0.26529400000000003,-0.523479,KAZ,HRV,847989
5646828,121,100,9220,2019,2996058.0,54446.0,2.115482,0.696838,KOR,HRV,847989
5646829,122,100,9220,2019,0.0,262003.0,0.081686,-1.087259,KWT,HRV,847989
5646830,128,100,9220,2019,7435.0,0.0,-0.592952,0.394811,LKA,HRV,847989
5646831,130,100,9220,2019,7852.0,76547.0,0.858456,1.364581,LTU,HRV,847989
5646832,132,100,9220,2019,17292.0,9208.0,0.7804300000000001,1.159592,LVA,HRV,847989
5646833,134,100,9220,2019,0.0,9404.0,-0.747739,-0.154125,MAR,HRV,847989
5646834,135,100,9220,2019,0.0,1030.0,-0.333385,-0.35752,MDA,HRV,847989
5646835,138,100,9220,2019,4156.0,13472.0,1.083041,0.569353,MEX,HRV,847989
5646836,140,100,9220,2019,2314.0,79752.0,0.050624,-0.11143299999999999,MKD,HRV,847989
5646837,142,100,9220,2019,0.0,6837.0,0.893992,0.25255500000000003,MLT,HRV,847989
5646838,144,100,9220,2019,940.0,168859.0,0.40415100000000004,0.068967,MNE,HRV,847989
5646839,153,100,9220,2019,0.0,61164.0,1.192967,0.730971,MYS,HRV,847989
5646840,162,100,9220,2019,924540.0,159609.0,1.145044,1.3523530000000001,NLD,HRV,847989
5646841,163,100,9220,2019,322833.0,489367.0,0.6957300000000001,0.181607,NOR,HRV,847989
5646842,167,100,9220,2019,0.0,6545.0,-0.40120100000000003,-0.881602,OMN,HRV,847989
5646843,173,100,9220,2019,0.0,63092.0,-0.76944,-0.216619,PER,HRV,847989
5646844,177,100,9220,2019,2378138.0,559476.0,1.088347,1.275875,POL,HRV,847989
5646845,179,100,9220,2019,62084.0,383389.0,0.545467,2.344447,PRT,HRV,847989
5646846,185,100,9220,2019,54282.0,1007965.0,1.044289,1.013691,ROU,HRV,847989
5646847,186,100,9220,2019,255596.0,181146.0,0.329884,0.26215,RUS,HRV,847989
5646848,192,100,9220,2019,0.0,17187.0,2.0264599999999997,0.665506,SGP,HRV,847989
5646849,201,100,9220,2019,602953.0,4513223.0,0.543913,1.210102,SRB,HRV,847989
5646850,206,100,9220,2019,683047.0,59668.0,1.39311,0.743107,SVK,HRV,847989
5646851,207,100,9220,2019,6652767.0,2061157.0,1.63711,0.803198,SVN,HRV,847989
5646852,208,100,9220,2019,377216.0,12263.0,1.781148,0.742037,SWE,HRV,847989
5646853,216,100,9220,2019,0.0,29484.0,0.9744229999999999,1.401199,THA,HRV,847989
5646854,224,100,9220,2019,691055.0,270141.0,0.569408,2.364546,TUR,HRV,847989
5646855,228,100,9220,2019,0.0,17588.0,0.303802,0.5650270000000001,UKR,HRV,847989
5646856,231,100,9220,2019,1154020.0,303383.0,1.606808,0.3232,USA,HRV,847989
5646857,239,100,9220,2019,1084.0,1569.0,-0.048147,1.098784,VNM,HRV,847989
5646858,246,100,9220,2019,0.0,88431.0,0.129921,1.101027,ZAF,HRV,847989
5646859,249,100,9220,2019,3000.0,0.0,2.123296,1.1786969999999999,TWN,HRV,847989
5646860,250,100,9220,2019,336908.0,0.0,0.8996129999999999,-0.152746,ANS,HRV,847989
5646861,7,107,9220,2019,17312536.0,96280.0,-0.165113,-0.8973540000000001,ARE,IRN,847989
5646862,9,107,9220,2019,8282.0,1830213.0,-0.203986,-0.667607,ARM,IRN,847989
5646863,14,107,9220,2019,0.0,7909.0,-0.294558,-0.180198,AUS,IRN,847989
5646864,15,107,9220,2019,633817.0,3500.0,1.743927,-0.076778,AUT,IRN,847989
5646865,16,107,9220,2019,0.0,57160.0,-1.005636,-1.2094209999999999,AZE,IRN,847989
5646866,18,107,9220,2019,3897.0,0.0,1.2555969999999999,1.168642,BEL,IRN,847989
5646867,23,107,9220,2019,256708.0,0.0,0.572997,1.863346,BGR,IRN,847989
5646868,28,107,9220,2019,17225.0,0.0,0.7849649999999999,0.8951600000000001,BLR,IRN,847989
5646869,31,107,9220,2019,0.0,2762.0,-1.012748,-0.999245,BOL,IRN,847989
5646870,41,107,9220,2019,5577.0,0.0,2.1990849999999997,0.8394229999999999,CHE,IRN,847989
5646871,43,107,9220,2019,30131524.0,40060.0,1.196265,1.2258870000000002,CHN,IRN,847989
5646872,59,107,9220,2019,366581.0,0.0,1.797611,0.406708,CZE,IRN,847989
5646873,61,107,9220,2019,15616924.0,4354.0,2.078626,-2.124816,DEU,IRN,847989
5646874,71,107,9220,2019,63482.0,6750.0,0.678454,3.007838,ESP,IRN,847989
5646875,74,107,9220,2019,24641.0,0.0,1.495278,1.034435,FIN,IRN,847989
5646876,77,107,9220,2019,53693.0,8870.0,1.380982,0.9510629999999999,FRA,IRN,847989
5646877,81,107,9220,2019,0.0,11061.0,1.731106,0.717566,GBR,IRN,847989
5646878,82,107,9220,2019,0.0,20266.0,-0.057798,-0.206771,GEO,IRN,847989
5646879,97,107,9220,2019,10210.0,0.0,0.992556,1.523004,HKG,IRN,847989
5646880,102,107,9220,2019,1906.0,0.0,1.462102,0.809183,HUN,IRN,847989
5646881,104,107,9220,2019,1746749.0,147663.0,0.43196,2.661139,IND,IRN,847989
5646882,111,107,9220,2019,13329303.0,0.0,1.25898,0.926639,ITA,IRN,847989
5646883,113,107,9220,2019,157631.0,23060.0,-0.003529,0.255816,JOR,IRN,847989
5646884,121,107,9220,2019,1962908.0,1176.0,2.115482,0.696838,KOR,IRN,847989
5646885,122,107,9220,2019,188146.0,172232.0,0.081686,-1.087259,KWT,IRN,847989
5646886,124,107,9220,2019,40043.0,2389.0,0.26155700000000004,1.062317,LBN,IRN,847989
5646887,128,107,9220,2019,0.0,27262.0,-0.592952,0.394811,LKA,IRN,847989
5646888,153,107,9220,2019,48578.0,0.0,1.192967,0.730971,MYS,IRN,847989
5646889,162,107,9220,2019,13318273.0,0.0,1.145044,1.3523530000000001,NLD,IRN,847989
5646890,168,107,9220,2019,0.0,281846.0,-0.6909270000000001,0.8651120000000001,PAK,IRN,847989
5646891,186,107,9220,2019,1123388.0,37451.0,0.329884,0.26215,RUS,IRN,847989
5646892,206,107,9220,2019,60618.0,0.0,1.39311,0.743107,SVK,IRN,847989
5646893,208,107,9220,2019,184074.0,0.0,1.781148,0.742037,SWE,IRN,847989
5646894,216,107,9220,2019,5365.0,0.0,0.9744229999999999,1.401199,THA,IRN,847989
5646895,217,107,9220,2019,0.0,5400.0,-0.7940020000000001,-1.075605,TJK,IRN,847989
5646896,224,107,9220,2019,6293670.0,2884516.0,0.569408,2.364546,TUR,IRN,847989
5646897,232,107,9220,2019,0.0,116252.0,-0.5856060000000001,-0.311248,UZB,IRN,847989
5646898,246,107,9220,2019,3445.0,3445.0,0.129921,1.101027,ZAF,IRN,847989
5646899,249,107,9220,2019,22230.0,0.0,2.123296,1.1786969999999999,TWN,IRN,847989
5646900,7,108,9220,2019,78037888.0,0.0,-0.165113,-0.8973540000000001,ARE,IRQ,847989
5646901,14,108,9220,2019,27189.0,0.0,-0.294558,-0.180198,AUS,IRQ,847989
5646902,15,108,9220,2019,194202.0,0.0,1.743927,-0.076778,AUT,IRQ,847989
5646903,24,108,9220,2019,1658.0,0.0,0.378349,-0.621468,BHR,IRQ,847989
5646904,32,108,9220,2019,8830.0,0.0,0.076947,0.660604,BRA,IRQ,847989
5646905,39,108,9220,2019,828451.0,0.0,0.657292,1.187872,CAN,IRQ,847989
5646906,41,108,9220,2019,28118.0,0.0,2.1990849999999997,0.8394229999999999,CHE,IRQ,847989
5646907,43,108,9220,2019,62832468.0,0.0,1.196265,1.2258870000000002,CHN,IRQ,847989
5646908,59,108,9220,2019,280572.0,0.0,1.797611,0.406708,CZE,IRQ,847989
5646909,61,108,9220,2019,5443376.0,2766.0,2.078626,-2.124816,DEU,IRQ,847989
5646910,64,108,9220,2019,237649.0,0.0,1.0768280000000001,1.2615610000000002,DNK,IRQ,847989
5646911,71,108,9220,2019,2183642.0,0.0,0.678454,3.007838,ESP,IRQ,847989
5646912,77,108,9220,2019,88884.0,0.0,1.380982,0.9510629999999999,FRA,IRQ,847989
5646913,81,108,9220,2019,1453412.0,33939.0,1.731106,0.717566,GBR,IRQ,847989
5646914,97,108,9220,2019,16837.0,0.0,0.992556,1.523004,HKG,IRQ,847989
5646915,102,108,9220,2019,10208.0,0.0,1.462102,0.809183,HUN,IRQ,847989
5646916,103,108,9220,2019,2702.0,0.0,-0.141811,1.385726,IDN,IRQ,847989
5646917,104,108,9220,2019,307767.0,0.0,0.43196,2.661139,IND,IRQ,847989
5646918,111,108,9220,2019,12130617.0,2125.0,1.25898,0.926639,ITA,IRQ,847989
5646919,113,108,9220,2019,232322.0,0.0,-0.003529,0.255816,JOR,IRQ,847989
5646920,114,108,9220,2019,3380140.0,0.0,2.4931509999999997,-0.558811,JPN,IRQ,847989
5646921,115,108,9220,2019,2432.0,0.0,-0.26529400000000003,-0.523479,KAZ,IRQ,847989
5646922,121,108,9220,2019,4961992.0,602237.0,2.115482,0.696838,KOR,IRQ,847989
5646923,122,108,9220,2019,34106.0,0.0,0.081686,-1.087259,KWT,IRQ,847989
5646924,153,108,9220,2019,646217.0,0.0,1.192967,0.730971,MYS,IRQ,847989
5646925,159,108,9220,2019,0.0,16069.0,-1.7383970000000002,-1.220333,NGA,IRQ,847989
5646926,162,108,9220,2019,180710.0,0.0,1.145044,1.3523530000000001,NLD,IRQ,847989
5646927,163,108,9220,2019,84045.0,0.0,0.6957300000000001,0.181607,NOR,IRQ,847989
5646928,173,108,9220,2019,320310.0,0.0,-0.76944,-0.216619,PER,IRQ,847989
5646929,177,108,9220,2019,825691.0,0.0,1.088347,1.275875,POL,IRQ,847989
5646930,185,108,9220,2019,27862.0,0.0,1.044289,1.013691,ROU,IRQ,847989
5646931,186,108,9220,2019,180133.0,0.0,0.329884,0.26215,RUS,IRQ,847989
5646932,192,108,9220,2019,1470632.0,0.0,2.0264599999999997,0.665506,SGP,IRQ,847989
5646933,207,108,9220,2019,2451.0,0.0,1.63711,0.803198,SVN,IRQ,847989
5646934,208,108,9220,2019,16610.0,0.0,1.781148,0.742037,SWE,IRQ,847989
5646935,216,108,9220,2019,254266.0,0.0,0.9744229999999999,1.401199,THA,IRQ,847989
5646936,223,108,9220,2019,13428.0,0.0,0.19601300000000002,1.159766,TUN,IRQ,847989
5646937,224,108,9220,2019,9605656.0,1489.0,0.569408,2.364546,TUR,IRQ,847989
5646938,231,108,9220,2019,21669128.0,8200.0,1.606808,0.3232,USA,IRQ,847989
5646939,239,108,9220,2019,44072.0,0.0,-0.048147,1.098784,VNM,IRQ,847989
5646940,246,108,9220,2019,0.0,11390.0,0.129921,1.101027,ZAF,IRQ,847989
5646941,249,108,9220,2019,24984.0,0.0,2.123296,1.1786969999999999,TWN,IRQ,847989
5646942,2,110,9220,2019,0.0,9536.0,-1.096127,-1.195434,AGO,ISR,847989
5646943,8,110,9220,2019,0.0,73995.0,-0.136634,0.127073,ARG,ISR,847989
5646944,9,110,9220,2019,0.0,821.0,-0.203986,-0.667607,ARM,ISR,847989
5646945,14,110,9220,2019,250731.0,7143216.0,-0.294558,-0.180198,AUS,ISR,847989
5646946,15,110,9220,2019,2444635.0,368376.0,1.743927,-0.076778,AUT,ISR,847989
5646947,16,110,9220,2019,0.0,532865.0,-1.005636,-1.2094209999999999,AZE,ISR,847989
5646948,18,110,9220,2019,1588506.0,505910.0,1.2555969999999999,1.168642,BEL,ISR,847989
5646949,23,110,9220,2019,232107.0,45697.0,0.572997,1.863346,BGR,ISR,847989
5646950,26,110,9220,2019,0.0,4519.0,0.6525,0.83988,BIH,ISR,847989
5646951,28,110,9220,2019,5160.0,10859.0,0.7849649999999999,0.8951600000000001,BLR,ISR,847989
5646952,32,110,9220,2019,25886.0,496456.0,0.076947,0.660604,BRA,ISR,847989
5646953,37,110,9220,2019,0.0,422474.0,-0.492807,-1.152651,BWA,ISR,847989
5646954,39,110,9220,2019,718821.0,2480788.0,0.657292,1.187872,CAN,ISR,847989
5646955,41,110,9220,2019,2509458.0,1675164.0,2.1990849999999997,0.8394229999999999,CHE,ISR,847989
5646956,42,110,9220,2019,0.0,424898.0,-0.34416199999999997,-0.432674,CHL,ISR,847989
5646957,43,110,9220,2019,16242633.0,12784522.0,1.196265,1.2258870000000002,CHN,ISR,847989
5646958,44,110,9220,2019,1079.0,0.0,-0.9916719999999999,-0.960625,CIV,ISR,847989
5646959,45,110,9220,2019,0.0,39000.0,-1.461279,-1.214274,CMR,ISR,847989
5646960,49,110,9220,2019,0.0,117534.0,0.099936,-0.15568800000000002,COL,ISR,847989
5646961,52,110,9220,2019,0.0,32486.0,0.38045,0.08960900000000001,CRI,ISR,847989
5646962,58,110,9220,2019,22221882.0,134359.0,0.657782,0.209481,CYP,ISR,847989
5646963,59,110,9220,2019,901289.0,217729.0,1.797611,0.406708,CZE,ISR,847989
5646964,61,110,9220,2019,51279020.0,6947644.0,2.078626,-2.124816,DEU,ISR,847989
5646965,64,110,9220,2019,980304.0,124514.0,1.0768280000000001,1.2615610000000002,DNK,ISR,847989
5646966,65,110,9220,2019,0.0,16876.0,-0.20594,0.309785,DOM,ISR,847989
5646967,67,110,9220,2019,1844.0,19893.0,-1.12261,-1.094275,ECU,ISR,847989
5646968,68,110,9220,2019,0.0,10551.0,-0.152353,1.5426309999999999,EGY,ISR,847989
5646969,71,110,9220,2019,2243914.0,4745582.0,0.678454,3.007838,ESP,ISR,847989
5646970,72,110,9220,2019,0.0,28518.0,0.962284,1.346195,EST,ISR,847989
5646971,73,110,9220,2019,0.0,1953.0,-1.073631,-0.617885,ETH,ISR,847989
5646972,74,110,9220,2019,5496923.0,271328.0,1.495278,1.034435,FIN,ISR,847989
5646973,75,110,9220,2019,0.0,6468.0,-0.274278,-0.049333,FJI,ISR,847989
5646974,77,110,9220,2019,1216883.0,815166.0,1.380982,0.9510629999999999,FRA,ISR,847989
5646975,81,110,9220,2019,3469682.0,696807.0,1.731106,0.717566,GBR,ISR,847989
5646976,82,110,9220,2019,0.0,22579.0,-0.057798,-0.206771,GEO,ISR,847989
5646977,83,110,9220,2019,0.0,13591.0,-0.9581,-0.8727879999999999,GHA,ISR,847989
5646978,90,110,9220,2019,117644.0,764851.0,0.08904400000000001,1.059396,GRC,ISR,847989
5646979,93,110,9220,2019,0.0,111752.0,-0.43447299999999994,0.658475,GTM,ISR,847989
5646980,97,110,9220,2019,718303.0,7803490.0,0.992556,1.523004,HKG,ISR,847989
5646981,99,110,9220,2019,0.0,1233.0,-0.6444439999999999,-0.203443,HND,ISR,847989
5646982,100,110,9220,2019,25463.0,8047.0,0.850527,1.280845,HRV,ISR,847989
5646983,102,110,9220,2019,250517.0,70216.0,1.462102,0.809183,HUN,ISR,847989
5646984,103,110,9220,2019,22880.0,349792.0,-0.141811,1.385726,IDN,ISR,847989
5646985,104,110,9220,2019,1208806.0,4095666.0,0.43196,2.661139,IND,ISR,847989
5646986,106,110,9220,2019,132675.0,227091.0,1.3812389999999999,-0.025366,IRL,ISR,847989
5646987,109,110,9220,2019,0.0,3280.0,0.378873,-0.162129,ISL,ISR,847989
5646988,111,110,9220,2019,15371132.0,1700213.0,1.25898,0.926639,ITA,ISR,847989
5646989,112,110,9220,2019,0.0,3572.0,-0.18387799999999999,-0.710004,JAM,ISR,847989
5646990,113,110,9220,2019,71400.0,2495.0,-0.003529,0.255816,JOR,ISR,847989
5646991,114,110,9220,2019,19846894.0,1802560.0,2.4931509999999997,-0.558811,JPN,ISR,847989
5646992,115,110,9220,2019,0.0,4796.0,-0.26529400000000003,-0.523479,KAZ,ISR,847989
5646993,116,110,9220,2019,0.0,237655.0,-0.406684,0.8588969999999999,KEN,ISR,847989
5646994,121,110,9220,2019,2760008.0,7382822.0,2.115482,0.696838,KOR,ISR,847989
5646995,128,110,9220,2019,0.0,23298.0,-0.592952,0.394811,LKA,ISR,847989
5646996,130,110,9220,2019,69114.0,217720.0,0.858456,1.364581,LTU,ISR,847989
5646997,131,110,9220,2019,7330.0,0.0,1.234145,1.3754309999999998,LUX,ISR,847989
5646998,132,110,9220,2019,10341.0,5875.0,0.7804300000000001,1.159592,LVA,ISR,847989
5646999,133,110,9220,2019,0.0,34663.0,0.397984,-0.061689,MAC,ISR,847989
5647000,135,110,9220,2019,0.0,17224.0,-0.333385,-0.35752,MDA,ISR,847989
5647001,138,110,9220,2019,95613.0,581754.0,1.083041,0.569353,MEX,ISR,847989
5647002,140,110,9220,2019,53470.0,1213.0,0.050624,-0.11143299999999999,MKD,ISR,847989
5647003,142,110,9220,2019,23694.0,0.0,0.893992,0.25255500000000003,MLT,ISR,847989
5647004,144,110,9220,2019,0.0,3836.0,0.40415100000000004,0.068967,MNE,ISR,847989
5647005,145,110,9220,2019,0.0,730.0,-1.1612049999999998,-1.1615739999999999,MNG,ISR,847989
5647006,153,110,9220,2019,6179702.0,7000.0,1.192967,0.730971,MYS,ISR,847989
5647007,155,110,9220,2019,0.0,183700.0,-0.545575,-0.744274,NAM,ISR,847989
5647008,157,110,9220,2019,0.0,1614.0,-0.345047,-0.792769,NER,ISR,847989
5647009,159,110,9220,2019,0.0,4762.0,-1.7383970000000002,-1.220333,NGA,ISR,847989
5647010,162,110,9220,2019,6058608.0,1308770.0,1.145044,1.3523530000000001,NLD,ISR,847989
5647011,163,110,9220,2019,2590282.0,283598.0,0.6957300000000001,0.181607,NOR,ISR,847989
5647012,164,110,9220,2019,4510.0,1218.0,-0.23868000000000003,0.42732299999999995,NPL,ISR,847989
5647013,166,110,9220,2019,1550.0,2681051.0,0.119281,0.039036,NZL,ISR,847989
5647014,169,110,9220,2019,0.0,7000.0,0.00926,-0.308483,PAN,ISR,847989
5647015,173,110,9220,2019,0.0,26446.0,-0.76944,-0.216619,PER,ISR,847989
5647016,174,110,9220,2019,0.0,153737.0,0.762884,0.3318,PHL,ISR,847989
5647017,176,110,9220,2019,0.0,3000.0,-1.654143,-1.249707,PNG,ISR,847989
5647018,177,110,9220,2019,1983077.0,1132541.0,1.088347,1.275875,POL,ISR,847989
5647019,179,110,9220,2019,18994.0,170622.0,0.545467,2.344447,PRT,ISR,847989
5647020,180,110,9220,2019,0.0,4628.0,-0.500999,-0.8635219999999999,PRY,ISR,847989
5647021,181,110,9220,2019,0.0,114962.0,0.05640800000000001,0.708102,PSE,ISR,847989
5647022,182,110,9220,2019,0.0,6215.0,0.30119,-0.39213000000000003,PYF,ISR,847989
5647023,185,110,9220,2019,57972.0,198604.0,1.044289,1.013691,ROU,ISR,847989
5647024,186,110,9220,2019,31547.0,846694.0,0.329884,0.26215,RUS,ISR,847989
5647025,187,110,9220,2019,0.0,1292.0,-0.812602,-0.737603,RWA,ISR,847989
5647026,191,110,9220,2019,0.0,2656.0,-0.721992,-0.385479,SEN,ISR,847989
5647027,192,110,9220,2019,24207622.0,1580027.0,2.0264599999999997,0.665506,SGP,ISR,847989
5647028,197,110,9220,2019,0.0,5555.0,0.014037,0.23216599999999998,SLV,ISR,847989
5647029,201,110,9220,2019,8087.0,38542.0,0.543913,1.210102,SRB,ISR,847989
5647030,206,110,9220,2019,715386.0,1678.0,1.39311,0.743107,SVK,ISR,847989
5647031,207,110,9220,2019,127566.0,79039.0,1.63711,0.803198,SVN,ISR,847989
5647032,208,110,9220,2019,1098049.0,396667.0,1.781148,0.742037,SWE,ISR,847989
5647033,216,110,9220,2019,867693.0,971706.0,0.9744229999999999,1.401199,THA,ISR,847989
5647034,222,110,9220,2019,0.0,2000.0,0.1861,-0.874604,TTO,ISR,847989
5647035,224,110,9220,2019,2169129.0,567392.0,0.569408,2.364546,TUR,ISR,847989
5647036,226,110,9220,2019,0.0,182910.0,-0.907172,0.37293899999999996,TZA,ISR,847989
5647037,227,110,9220,2019,0.0,691.0,-0.639476,0.148255,UGA,ISR,847989
5647038,228,110,9220,2019,142998.0,56055.0,0.303802,0.5650270000000001,UKR,ISR,847989
5647039,230,110,9220,2019,0.0,904.0,-0.077549,-0.473943,URY,ISR,847989
5647040,231,110,9220,2019,30296438.0,18588196.0,1.606808,0.3232,USA,ISR,847989
5647041,232,110,9220,2019,0.0,18616.0,-0.5856060000000001,-0.311248,UZB,ISR,847989
5647042,239,110,9220,2019,783376.0,800785.0,-0.048147,1.098784,VNM,ISR,847989
5647043,246,110,9220,2019,7257.0,378581.0,0.129921,1.101027,ZAF,ISR,847989
5647044,247,110,9220,2019,0.0,4632.0,-0.629261,-0.8471489999999999,ZMB,ISR,847989
5647045,248,110,9220,2019,0.0,52780.0,-0.9993780000000001,-1.018174,ZWE,ISR,847989
5647046,249,110,9220,2019,8044709.0,5892804.0,2.123296,1.1786969999999999,TWN,ISR,847989
5647047,250,110,9220,2019,6639.0,436000.0,0.8996129999999999,-0.152746,ANS,ISR,847989
5647048,1,115,9220,2019,1139.0,0.0,-1.187576,-0.7731979999999999,AFG,KAZ,847989
5647049,7,115,9220,2019,199686.0,61832.0,-0.165113,-0.8973540000000001,ARE,KAZ,847989
5647050,14,115,9220,2019,46682.0,1774.0,-0.294558,-0.180198,AUS,KAZ,847989
5647051,15,115,9220,2019,109644.0,723.0,1.743927,-0.076778,AUT,KAZ,847989
5647052,16,115,9220,2019,201904.0,45615.0,-1.005636,-1.2094209999999999,AZE,KAZ,847989
5647053,18,115,9220,2019,21578.0,0.0,1.2555969999999999,1.168642,BEL,KAZ,847989
5647054,28,115,9220,2019,656484.0,297345.0,0.7849649999999999,0.8951600000000001,BLR,KAZ,847989
5647055,32,115,9220,2019,13537.0,3217.0,0.076947,0.660604,BRA,KAZ,847989
5647056,39,115,9220,2019,3913283.0,93607.0,0.657292,1.187872,CAN,KAZ,847989
5647057,41,115,9220,2019,100135.0,0.0,2.1990849999999997,0.8394229999999999,CHE,KAZ,847989
5647058,43,115,9220,2019,28822986.0,0.0,1.196265,1.2258870000000002,CHN,KAZ,847989
5647059,49,115,9220,2019,8889.0,0.0,0.099936,-0.15568800000000002,COL,KAZ,847989
5647060,59,115,9220,2019,33631.0,0.0,1.797611,0.406708,CZE,KAZ,847989
5647061,61,115,9220,2019,9128053.0,64980.0,2.078626,-2.124816,DEU,KAZ,847989
5647062,64,115,9220,2019,216321.0,2693.0,1.0768280000000001,1.2615610000000002,DNK,KAZ,847989
5647063,71,115,9220,2019,1050316.0,0.0,0.678454,3.007838,ESP,KAZ,847989
5647064,72,115,9220,2019,44567.0,1438.0,0.962284,1.346195,EST,KAZ,847989
5647065,74,115,9220,2019,1341794.0,0.0,1.495278,1.034435,FIN,KAZ,847989
5647066,77,115,9220,2019,134586.0,4553.0,1.380982,0.9510629999999999,FRA,KAZ,847989
5647067,81,115,9220,2019,19022416.0,274016.0,1.731106,0.717566,GBR,KAZ,847989
5647068,82,115,9220,2019,3150.0,5220.0,-0.057798,-0.206771,GEO,KAZ,847989
5647069,90,115,9220,2019,9070.0,0.0,0.08904400000000001,1.059396,GRC,KAZ,847989
5647070,97,115,9220,2019,63315.0,0.0,0.992556,1.523004,HKG,KAZ,847989
5647071,100,115,9220,2019,3872.0,0.0,0.850527,1.280845,HRV,KAZ,847989
5647072,102,115,9220,2019,232958.0,0.0,1.462102,0.809183,HUN,KAZ,847989
5647073,103,115,9220,2019,5321.0,0.0,-0.141811,1.385726,IDN,KAZ,847989
5647074,104,115,9220,2019,161467.0,0.0,0.43196,2.661139,IND,KAZ,847989
5647075,108,115,9220,2019,0.0,2432.0,-1.593359,-0.9927860000000001,IRQ,KAZ,847989
5647076,110,115,9220,2019,4796.0,0.0,1.488686,0.823376,ISR,KAZ,847989
5647077,111,115,9220,2019,3234160.0,70129.0,1.25898,0.926639,ITA,KAZ,847989
5647078,114,115,9220,2019,63695.0,0.0,2.4931509999999997,-0.558811,JPN,KAZ,847989
5647079,117,115,9220,2019,702460.0,899205.0,-0.297072,0.306611,KGZ,KAZ,847989
5647080,121,115,9220,2019,4990446.0,0.0,2.115482,0.696838,KOR,KAZ,847989
5647081,122,115,9220,2019,17011.0,1392.0,0.081686,-1.087259,KWT,KAZ,847989
5647082,130,115,9220,2019,1708229.0,0.0,0.858456,1.364581,LTU,KAZ,847989
5647083,131,115,9220,2019,9363.0,0.0,1.234145,1.3754309999999998,LUX,KAZ,847989
5647084,132,115,9220,2019,75794.0,0.0,0.7804300000000001,1.159592,LVA,KAZ,847989
5647085,138,115,9220,2019,92518.0,0.0,1.083041,0.569353,MEX,KAZ,847989
5647086,142,115,9220,2019,3788.0,0.0,0.893992,0.25255500000000003,MLT,KAZ,847989
5647087,153,115,9220,2019,44795.0,3946.0,1.192967,0.730971,MYS,KAZ,847989
5647088,162,115,9220,2019,2526788.0,2780.0,1.145044,1.3523530000000001,NLD,KAZ,847989
5647089,163,115,9220,2019,170725.0,8809.0,0.6957300000000001,0.181607,NOR,KAZ,847989
5647090,174,115,9220,2019,1050.0,0.0,0.762884,0.3318,PHL,KAZ,847989
5647091,177,115,9220,2019,17463838.0,26562.0,1.088347,1.275875,POL,KAZ,847989
5647092,185,115,9220,2019,2485107.0,3422.0,1.044289,1.013691,ROU,KAZ,847989
5647093,186,115,9220,2019,31319752.0,705145.0,0.329884,0.26215,RUS,KAZ,847989
5647094,188,115,9220,2019,0.0,6261.0,0.787798,-0.41350600000000004,SAU,KAZ,847989
5647095,192,115,9220,2019,148354.0,85561.0,2.0264599999999997,0.665506,SGP,KAZ,847989
5647096,206,115,9220,2019,2682.0,0.0,1.39311,0.743107,SVK,KAZ,847989
5647097,207,115,9220,2019,5656.0,0.0,1.63711,0.803198,SVN,KAZ,847989
5647098,208,115,9220,2019,421054.0,0.0,1.781148,0.742037,SWE,KAZ,847989
5647099,216,115,9220,2019,9830.0,0.0,0.9744229999999999,1.401199,THA,KAZ,847989
5647100,217,115,9220,2019,0.0,3266.0,-0.7940020000000001,-1.075605,TJK,KAZ,847989
5647101,219,115,9220,2019,0.0,17364.0,-0.9725950000000001,-1.16562,TKM,KAZ,847989
5647102,224,115,9220,2019,2538149.0,70090.0,0.569408,2.364546,TUR,KAZ,847989
5647103,228,115,9220,2019,861444.0,22869.0,0.303802,0.5650270000000001,UKR,KAZ,847989
5647104,231,115,9220,2019,8244378.0,5466.0,1.606808,0.3232,USA,KAZ,847989
5647105,232,115,9220,2019,799146.0,472105.0,-0.5856060000000001,-0.311248,UZB,KAZ,847989
5647106,239,115,9220,2019,11092085.0,0.0,-0.048147,1.098784,VNM,KAZ,847989
5647107,246,115,9220,2019,32423.0,0.0,0.129921,1.101027,ZAF,KAZ,847989
5647108,249,115,9220,2019,28074.0,0.0,2.123296,1.1786969999999999,TWN,KAZ,847989
5647109,7,116,9220,2019,824890.0,921.0,-0.165113,-0.8973540000000001,ARE,KEN,847989
5647110,14,116,9220,2019,82934.0,0.0,-0.294558,-0.180198,AUS,KEN,847989
5647111,15,116,9220,2019,39844.0,0.0,1.743927,-0.076778,AUT,KEN,847989
5647112,18,116,9220,2019,20465.0,0.0,1.2555969999999999,1.168642,BEL,KEN,847989
5647113,23,116,9220,2019,2311.0,0.0,0.572997,1.863346,BGR,KEN,847989
5647114,28,116,9220,2019,2801.0,0.0,0.7849649999999999,0.8951600000000001,BLR,KEN,847989
5647115,32,116,9220,2019,48083.0,0.0,0.076947,0.660604,BRA,KEN,847989
5647116,37,116,9220,2019,0.0,10448.0,-0.492807,-1.152651,BWA,KEN,847989
5647117,39,116,9220,2019,7761.0,0.0,0.657292,1.187872,CAN,KEN,847989
5647118,41,116,9220,2019,81032.0,0.0,2.1990849999999997,0.8394229999999999,CHE,KEN,847989
5647119,43,116,9220,2019,2861139.0,0.0,1.196265,1.2258870000000002,CHN,KEN,847989
5647120,45,116,9220,2019,0.0,27894.0,-1.461279,-1.214274,CMR,KEN,847989
5647121,46,116,9220,2019,965.0,5635.0,-1.2685879999999998,-1.148403,COD,KEN,847989
5647122,47,116,9220,2019,0.0,328.0,-1.305193,-1.162808,COG,KEN,847989
5647123,59,116,9220,2019,102210.0,0.0,1.797611,0.406708,CZE,KEN,847989
5647124,61,116,9220,2019,1306890.0,27637.0,2.078626,-2.124816,DEU,KEN,847989
5647125,64,116,9220,2019,94659.0,8210.0,1.0768280000000001,1.2615610000000002,DNK,KEN,847989
5647126,71,116,9220,2019,23023.0,0.0,0.678454,3.007838,ESP,KEN,847989
5647127,73,116,9220,2019,762.0,20271.0,-1.073631,-0.617885,ETH,KEN,847989
5647128,74,116,9220,2019,13988.0,0.0,1.495278,1.034435,FIN,KEN,847989
5647129,77,116,9220,2019,39599.0,0.0,1.380982,0.9510629999999999,FRA,KEN,847989
5647130,80,116,9220,2019,0.0,23603.0,-1.08556,-1.183434,GAB,KEN,847989
5647131,81,116,9220,2019,776228.0,0.0,1.731106,0.717566,GBR,KEN,847989
5647132,97,116,9220,2019,41260.0,0.0,0.992556,1.523004,HKG,KEN,847989
5647133,102,116,9220,2019,5396.0,0.0,1.462102,0.809183,HUN,KEN,847989
5647134,103,116,9220,2019,11848.0,0.0,-0.141811,1.385726,IDN,KEN,847989
5647135,104,116,9220,2019,4027450.0,211812.0,0.43196,2.661139,IND,KEN,847989
5647136,110,116,9220,2019,237655.0,0.0,1.488686,0.823376,ISR,KEN,847989
5647137,111,116,9220,2019,5607969.0,0.0,1.25898,0.926639,ITA,KEN,847989
5647138,114,116,9220,2019,222849.0,0.0,2.4931509999999997,-0.558811,JPN,KEN,847989
5647139,121,116,9220,2019,221958.0,0.0,2.115482,0.696838,KOR,KEN,847989
5647140,128,116,9220,2019,5199.0,0.0,-0.592952,0.394811,LKA,KEN,847989
5647141,130,116,9220,2019,29979.0,0.0,0.858456,1.364581,LTU,KEN,847989
5647142,147,116,9220,2019,1234.0,2690.0,-1.264532,-1.072626,MOZ,KEN,847989
5647143,152,116,9220,2019,2182.0,0.0,-1.0178479999999999,-1.1028879999999999,MWI,KEN,847989
5647144,153,116,9220,2019,9281.0,0.0,1.192967,0.730971,MYS,KEN,847989
5647145,159,116,9220,2019,309659.0,36741.0,-1.7383970000000002,-1.220333,NGA,KEN,847989
5647146,162,116,9220,2019,249963.0,4873.0,1.145044,1.3523530000000001,NLD,KEN,847989
5647147,167,116,9220,2019,0.0,5722.0,-0.40120100000000003,-0.881602,OMN,KEN,847989
5647148,177,116,9220,2019,883.0,0.0,1.088347,1.275875,POL,KEN,847989
5647149,179,116,9220,2019,9551.0,2243.0,0.545467,2.344447,PRT,KEN,847989
5647150,185,116,9220,2019,2306.0,0.0,1.044289,1.013691,ROU,KEN,847989
5647151,186,116,9220,2019,18677.0,0.0,0.329884,0.26215,RUS,KEN,847989
5647152,187,116,9220,2019,0.0,36135.0,-0.812602,-0.737603,RWA,KEN,847989
5647153,188,116,9220,2019,1336.0,0.0,0.787798,-0.41350600000000004,SAU,KEN,847989
5647154,192,116,9220,2019,1242.0,0.0,2.0264599999999997,0.665506,SGP,KEN,847989
5647155,199,116,9220,2019,0.0,1676.0,-1.046802,-0.961166,SOM,KEN,847989
5647156,201,116,9220,2019,4811.0,0.0,0.543913,1.210102,SRB,KEN,847989
5647157,202,116,9220,2019,0.0,55290.0,-1.8098990000000001,-1.0067979999999999,SSD,KEN,847989
5647158,207,116,9220,2019,1823.0,0.0,1.63711,0.803198,SVN,KEN,847989
5647159,208,116,9220,2019,12360.0,0.0,1.781148,0.742037,SWE,KEN,847989
5647160,209,116,9220,2019,0.0,5970.0,0.087181,-0.760434,SWZ,KEN,847989
5647161,214,116,9220,2019,0.0,26603.0,-2.636669,-1.033665,TCD,KEN,847989
5647162,216,116,9220,2019,44545.0,0.0,0.9744229999999999,1.401199,THA,KEN,847989
5647163,224,116,9220,2019,1996951.0,0.0,0.569408,2.364546,TUR,KEN,847989
5647164,226,116,9220,2019,3732.0,25204.0,-0.907172,0.37293899999999996,TZA,KEN,847989
5647165,227,116,9220,2019,0.0,115909.0,-0.639476,0.148255,UGA,KEN,847989
5647166,231,116,9220,2019,348934.0,0.0,1.606808,0.3232,USA,KEN,847989
5647167,239,116,9220,2019,11834.0,0.0,-0.048147,1.098784,VNM,KEN,847989
5647168,246,116,9220,2019,1544512.0,1218.0,0.129921,1.101027,ZAF,KEN,847989
5647169,247,116,9220,2019,0.0,7991.0,-0.629261,-0.8471489999999999,ZMB,KEN,847989
5647170,249,116,9220,2019,1367284.0,0.0,2.123296,1.1786969999999999,TWN,KEN,847989
5647171,7,117,9220,2019,500702.0,2991.0,-0.165113,-0.8973540000000001,ARE,KGZ,847989
5647172,15,117,9220,2019,3547.0,0.0,1.743927,-0.076778,AUT,KGZ,847989
5647173,23,117,9220,2019,5978.0,1372.0,0.572997,1.863346,BGR,KGZ,847989
5647174,28,117,9220,2019,71353.0,0.0,0.7849649999999999,0.8951600000000001,BLR,KGZ,847989
5647175,39,117,9220,2019,26666.0,0.0,0.657292,1.187872,CAN,KGZ,847989
5647176,41,117,9220,2019,7284.0,0.0,2.1990849999999997,0.8394229999999999,CHE,KGZ,847989
5647177,43,117,9220,2019,8299862.0,0.0,1.196265,1.2258870000000002,CHN,KGZ,847989
5647178,61,117,9220,2019,91950.0,0.0,2.078626,-2.124816,DEU,KGZ,847989
5647179,72,117,9220,2019,988.0,0.0,0.962284,1.346195,EST,KGZ,847989
5647180,74,117,9220,2019,3028.0,5612.0,1.495278,1.034435,FIN,KGZ,847989
5647181,77,117,9220,2019,1739.0,19525.0,1.380982,0.9510629999999999,FRA,KGZ,847989
5647182,81,117,9220,2019,2757.0,0.0,1.731106,0.717566,GBR,KGZ,847989
5647183,82,117,9220,2019,25258.0,0.0,-0.057798,-0.206771,GEO,KGZ,847989
5647184,102,117,9220,2019,2753.0,0.0,1.462102,0.809183,HUN,KGZ,847989
5647185,114,117,9220,2019,67001.0,0.0,2.4931509999999997,-0.558811,JPN,KGZ,847989
5647186,115,117,9220,2019,899205.0,702460.0,-0.26529400000000003,-0.523479,KAZ,KGZ,847989
5647187,121,117,9220,2019,8373.0,0.0,2.115482,0.696838,KOR,KGZ,847989
5647188,130,117,9220,2019,7291.0,5943.0,0.858456,1.364581,LTU,KGZ,847989
5647189,162,117,9220,2019,11464.0,0.0,1.145044,1.3523530000000001,NLD,KGZ,847989
5647190,177,117,9220,2019,3357.0,0.0,1.088347,1.275875,POL,KGZ,847989
5647191,186,117,9220,2019,343421.0,20353.0,0.329884,0.26215,RUS,KGZ,847989
5647192,216,117,9220,2019,26257.0,0.0,0.9744229999999999,1.401199,THA,KGZ,847989
5647193,217,117,9220,2019,0.0,3680.0,-0.7940020000000001,-1.075605,TJK,KGZ,847989
5647194,224,117,9220,2019,633875.0,0.0,0.569408,2.364546,TUR,KGZ,847989
5647195,231,117,9220,2019,310101.0,3513.0,1.606808,0.3232,USA,KGZ,847989
5647196,232,117,9220,2019,496174.0,0.0,-0.5856060000000001,-0.311248,UZB,KGZ,847989
5647197,239,117,9220,2019,19967.0,0.0,-0.048147,1.098784,VNM,KGZ,847989
5647198,246,117,9220,2019,51964.0,0.0,0.129921,1.101027,ZAF,KGZ,847989
5647199,5,128,9220,2019,4606.0,0.0,0.776042,0.167417,AND,LKA,847989
5647200,7,128,9220,2019,61658.0,5459.0,-0.165113,-0.8973540000000001,ARE,LKA,847989
5647201,14,128,9220,2019,218157.0,10550.0,-0.294558,-0.180198,AUS,LKA,847989
5647202,15,128,9220,2019,52462.0,1816.0,1.743927,-0.076778,AUT,LKA,847989
5647203,18,128,9220,2019,16776.0,12698.0,1.2555969999999999,1.168642,BEL,LKA,847989
5647204,22,128,9220,2019,0.0,10358.0,-1.113148,-0.9513299999999999,BGD,LKA,847989
5647205,23,128,9220,2019,27854.0,0.0,0.572997,1.863346,BGR,LKA,847989
5647206,24,128,9220,2019,0.0,1199.0,0.378349,-0.621468,BHR,LKA,847989
5647207,32,128,9220,2019,2238654.0,0.0,0.076947,0.660604,BRA,LKA,847989
5647208,39,128,9220,2019,233923.0,0.0,0.657292,1.187872,CAN,LKA,847989
5647209,41,128,9220,2019,67328.0,465234.0,2.1990849999999997,0.8394229999999999,CHE,LKA,847989
5647210,43,128,9220,2019,5265534.0,154642.0,1.196265,1.2258870000000002,CHN,LKA,847989
5647211,59,128,9220,2019,16557.0,0.0,1.797611,0.406708,CZE,LKA,847989
5647212,61,128,9220,2019,2518779.0,256725.0,2.078626,-2.124816,DEU,LKA,847989
5647213,64,128,9220,2019,8963.0,0.0,1.0768280000000001,1.2615610000000002,DNK,LKA,847989
5647214,65,128,9220,2019,0.0,987.0,-0.20594,0.309785,DOM,LKA,847989
5647215,71,128,9220,2019,2264.0,29858.0,0.678454,3.007838,ESP,LKA,847989
5647216,73,128,9220,2019,6977.0,16467.0,-1.073631,-0.617885,ETH,LKA,847989
5647217,74,128,9220,2019,0.0,688.0,1.495278,1.034435,FIN,LKA,847989
5647218,77,128,9220,2019,838458.0,8985.0,1.380982,0.9510629999999999,FRA,LKA,847989
5647219,81,128,9220,2019,299058.0,9481.0,1.731106,0.717566,GBR,LKA,847989
5647220,82,128,9220,2019,1131.0,0.0,-0.057798,-0.206771,GEO,LKA,847989
5647221,83,128,9220,2019,0.0,1806.0,-0.9581,-0.8727879999999999,GHA,LKA,847989
5647222,90,128,9220,2019,1967.0,0.0,0.08904400000000001,1.059396,GRC,LKA,847989
5647223,97,128,9220,2019,300787.0,3694.0,0.992556,1.523004,HKG,LKA,847989
5647224,100,128,9220,2019,0.0,7435.0,0.850527,1.280845,HRV,LKA,847989
5647225,101,128,9220,2019,0.0,1138.0,-1.120295,-0.967447,HTI,LKA,847989
5647226,102,128,9220,2019,2116.0,0.0,1.462102,0.809183,HUN,LKA,847989
5647227,103,128,9220,2019,56204.0,43396.0,-0.141811,1.385726,IDN,LKA,847989
5647228,104,128,9220,2019,4583592.0,205474.0,0.43196,2.661139,IND,LKA,847989
5647229,106,128,9220,2019,0.0,27124.0,1.3812389999999999,-0.025366,IRL,LKA,847989
5647230,107,128,9220,2019,27262.0,0.0,-0.386813,-0.467873,IRN,LKA,847989
5647231,110,128,9220,2019,23298.0,0.0,1.488686,0.823376,ISR,LKA,847989
5647232,111,128,9220,2019,1025692.0,8969.0,1.25898,0.926639,ITA,LKA,847989
5647233,114,128,9220,2019,1576954.0,19593.0,2.4931509999999997,-0.558811,JPN,LKA,847989
5647234,116,128,9220,2019,0.0,5199.0,-0.406684,0.8588969999999999,KEN,LKA,847989
5647235,121,128,9220,2019,1618544.0,0.0,2.115482,0.696838,KOR,LKA,847989
5647236,130,128,9220,2019,6484.0,0.0,0.858456,1.364581,LTU,LKA,847989
5647237,137,128,9220,2019,1852.0,125090.0,-0.37792800000000004,-0.8963059999999999,MDV,LKA,847989
5647238,138,128,9220,2019,27737.0,0.0,1.083041,0.569353,MEX,LKA,847989
5647239,143,128,9220,2019,0.0,97546.0,-1.196733,-0.435766,MMR,LKA,847989
5647240,153,128,9220,2019,167376.0,1043.0,1.192967,0.730971,MYS,LKA,847989
5647241,162,128,9220,2019,95058.0,0.0,1.145044,1.3523530000000001,NLD,LKA,847989
5647242,163,128,9220,2019,6024.0,0.0,0.6957300000000001,0.181607,NOR,LKA,847989
5647243,177,128,9220,2019,43671.0,0.0,1.088347,1.275875,POL,LKA,847989
5647244,185,128,9220,2019,13920.0,0.0,1.044289,1.013691,ROU,LKA,847989
5647245,186,128,9220,2019,1115.0,0.0,0.329884,0.26215,RUS,LKA,847989
5647246,187,128,9220,2019,0.0,6137.0,-0.812602,-0.737603,RWA,LKA,847989
5647247,192,128,9220,2019,468371.0,15604.0,2.0264599999999997,0.665506,SGP,LKA,847989
5647248,208,128,9220,2019,7085.0,0.0,1.781148,0.742037,SWE,LKA,847989
5647249,209,128,9220,2019,37241.0,0.0,0.087181,-0.760434,SWZ,LKA,847989
5647250,211,128,9220,2019,0.0,1916.0,0.024113,-0.711363,SYC,LKA,847989
5647251,216,128,9220,2019,137797.0,11754.0,0.9744229999999999,1.401199,THA,LKA,847989
5647252,224,128,9220,2019,365197.0,0.0,0.569408,2.364546,TUR,LKA,847989
5647253,226,128,9220,2019,0.0,958.0,-0.907172,0.37293899999999996,TZA,LKA,847989
5647254,227,128,9220,2019,0.0,36375.0,-0.639476,0.148255,UGA,LKA,847989
5647255,231,128,9220,2019,152604.0,34124.0,1.606808,0.3232,USA,LKA,847989
5647256,239,128,9220,2019,184383.0,0.0,-0.048147,1.098784,VNM,LKA,847989
5647257,246,128,9220,2019,923.0,0.0,0.129921,1.101027,ZAF,LKA,847989
5647258,249,128,9220,2019,646053.0,0.0,2.123296,1.1786969999999999,TWN,LKA,847989
5647259,7,132,9220,2019,6033.0,2259.0,-0.165113,-0.8973540000000001,ARE,LVA,847989
5647260,8,132,9220,2019,0.0,2038.0,-0.136634,0.127073,ARG,LVA,847989
5647261,9,132,9220,2019,0.0,1846.0,-0.203986,-0.667607,ARM,LVA,847989
5647262,14,132,9220,2019,0.0,53036.0,-0.294558,-0.180198,AUS,LVA,847989
5647263,15,132,9220,2019,1683624.0,11902.0,1.743927,-0.076778,AUT,LVA,847989
5647264,16,132,9220,2019,0.0,6083.0,-1.005636,-1.2094209999999999,AZE,LVA,847989
5647265,18,132,9220,2019,68984.0,139231.0,1.2555969999999999,1.168642,BEL,LVA,847989
5647266,23,132,9220,2019,11037.0,0.0,0.572997,1.863346,BGR,LVA,847989
5647267,26,132,9220,2019,904.0,0.0,0.6525,0.83988,BIH,LVA,847989
5647268,28,132,9220,2019,51917.0,369977.0,0.7849649999999999,0.8951600000000001,BLR,LVA,847989
5647269,39,132,9220,2019,144656.0,5788.0,0.657292,1.187872,CAN,LVA,847989
5647270,41,132,9220,2019,458875.0,17612.0,2.1990849999999997,0.8394229999999999,CHE,LVA,847989
5647271,43,132,9220,2019,1363587.0,255437.0,1.196265,1.2258870000000002,CHN,LVA,847989
5647272,59,132,9220,2019,437879.0,1513.0,1.797611,0.406708,CZE,LVA,847989
5647273,61,132,9220,2019,9576540.0,586377.0,2.078626,-2.124816,DEU,LVA,847989
5647274,64,132,9220,2019,1167775.0,303226.0,1.0768280000000001,1.2615610000000002,DNK,LVA,847989
5647275,71,132,9220,2019,305181.0,22128.0,0.678454,3.007838,ESP,LVA,847989
5647276,72,132,9220,2019,1142086.0,711805.0,0.962284,1.346195,EST,LVA,847989
5647277,74,132,9220,2019,240119.0,118328.0,1.495278,1.034435,FIN,LVA,847989
5647278,77,132,9220,2019,301384.0,7550.0,1.380982,0.9510629999999999,FRA,LVA,847989
5647279,81,132,9220,2019,231723.0,18562.0,1.731106,0.717566,GBR,LVA,847989
5647280,82,132,9220,2019,0.0,3041.0,-0.057798,-0.206771,GEO,LVA,847989
5647281,90,132,9220,2019,0.0,13562.0,0.08904400000000001,1.059396,GRC,LVA,847989
5647282,97,132,9220,2019,75138.0,0.0,0.992556,1.523004,HKG,LVA,847989
5647283,100,132,9220,2019,9208.0,17292.0,0.850527,1.280845,HRV,LVA,847989
5647284,102,132,9220,2019,49056.0,3805.0,1.462102,0.809183,HUN,LVA,847989
5647285,103,132,9220,2019,0.0,38998.0,-0.141811,1.385726,IDN,LVA,847989
5647286,104,132,9220,2019,82716.0,145238.0,0.43196,2.661139,IND,LVA,847989
5647287,106,132,9220,2019,3542.0,196398.0,1.3812389999999999,-0.025366,IRL,LVA,847989
5647288,110,132,9220,2019,5875.0,10341.0,1.488686,0.823376,ISR,LVA,847989
5647289,111,132,9220,2019,6132058.0,882913.0,1.25898,0.926639,ITA,LVA,847989
5647290,114,132,9220,2019,356066.0,58372.0,2.4931509999999997,-0.558811,JPN,LVA,847989
5647291,115,132,9220,2019,0.0,75794.0,-0.26529400000000003,-0.523479,KAZ,LVA,847989
5647292,121,132,9220,2019,35952.0,0.0,2.115482,0.696838,KOR,LVA,847989
5647293,124,132,9220,2019,0.0,1781.0,0.26155700000000004,1.062317,LBN,LVA,847989
5647294,130,132,9220,2019,3603534.0,2175929.0,0.858456,1.364581,LTU,LVA,847989
5647295,134,132,9220,2019,0.0,30760.0,-0.747739,-0.154125,MAR,LVA,847989
5647296,135,132,9220,2019,0.0,3669.0,-0.333385,-0.35752,MDA,LVA,847989
5647297,142,132,9220,2019,0.0,8136.0,0.893992,0.25255500000000003,MLT,LVA,847989
5647298,145,132,9220,2019,0.0,7320.0,-1.1612049999999998,-1.1615739999999999,MNG,LVA,847989
5647299,153,132,9220,2019,0.0,73515.0,1.192967,0.730971,MYS,LVA,847989
5647300,159,132,9220,2019,0.0,780.0,-1.7383970000000002,-1.220333,NGA,LVA,847989
5647301,162,132,9220,2019,777774.0,182635.0,1.145044,1.3523530000000001,NLD,LVA,847989
5647302,163,132,9220,2019,83740.0,12346.0,0.6957300000000001,0.181607,NOR,LVA,847989
5647303,173,132,9220,2019,0.0,4710.0,-0.76944,-0.216619,PER,LVA,847989
5647304,177,132,9220,2019,1786688.0,289077.0,1.088347,1.275875,POL,LVA,847989
5647305,179,132,9220,2019,189608.0,0.0,0.545467,2.344447,PRT,LVA,847989
5647306,185,132,9220,2019,4915.0,3845.0,1.044289,1.013691,ROU,LVA,847989
5647307,186,132,9220,2019,777011.0,3359851.0,0.329884,0.26215,RUS,LVA,847989
5647308,192,132,9220,2019,2413.0,0.0,2.0264599999999997,0.665506,SGP,LVA,847989
5647309,206,132,9220,2019,265935.0,204657.0,1.39311,0.743107,SVK,LVA,847989
5647310,207,132,9220,2019,7253.0,106372.0,1.63711,0.803198,SVN,LVA,847989
5647311,208,132,9220,2019,351316.0,364501.0,1.781148,0.742037,SWE,LVA,847989
5647312,216,132,9220,2019,0.0,2392.0,0.9744229999999999,1.401199,THA,LVA,847989
5647313,217,132,9220,2019,0.0,8013.0,-0.7940020000000001,-1.075605,TJK,LVA,847989
5647314,224,132,9220,2019,234307.0,16530.0,0.569408,2.364546,TUR,LVA,847989
5647315,228,132,9220,2019,65479.0,30437.0,0.303802,0.5650270000000001,UKR,LVA,847989
5647316,231,132,9220,2019,615954.0,87280.0,1.606808,0.3232,USA,LVA,847989
5647317,232,132,9220,2019,0.0,67083.0,-0.5856060000000001,-0.311248,UZB,LVA,847989
5647318,239,132,9220,2019,0.0,16513.0,-0.048147,1.098784,VNM,LVA,847989
5647319,246,132,9220,2019,48647.0,58461.0,0.129921,1.101027,ZAF,LVA,847989
5647320,249,132,9220,2019,89961.0,0.0,2.123296,1.1786969999999999,TWN,LVA,847989
5647321,7,134,9220,2019,23802.0,844.0,-0.165113,-0.8973540000000001,ARE,MAR,847989
5647322,8,134,9220,2019,2170.0,0.0,-0.136634,0.127073,ARG,MAR,847989
5647323,14,134,9220,2019,27876.0,0.0,-0.294558,-0.180198,AUS,MAR,847989
5647324,15,134,9220,2019,2585820.0,730.0,1.743927,-0.076778,AUT,MAR,847989
5647325,18,134,9220,2019,307031.0,4221.0,1.2555969999999999,1.168642,BEL,MAR,847989
5647326,19,134,9220,2019,0.0,9172.0,-0.861242,-0.8837440000000001,BEN,MAR,847989
5647327,21,134,9220,2019,0.0,18581.0,-0.805181,-0.941847,BFA,MAR,847989
5647328,23,134,9220,2019,14939.0,3630.0,0.572997,1.863346,BGR,MAR,847989
5647329,39,134,9220,2019,282711.0,14582.0,0.657292,1.187872,CAN,MAR,847989
5647330,41,134,9220,2019,1132207.0,0.0,2.1990849999999997,0.8394229999999999,CHE,MAR,847989
5647331,43,134,9220,2019,9582830.0,154272.0,1.196265,1.2258870000000002,CHN,MAR,847989
5647332,44,134,9220,2019,0.0,17094.0,-0.9916719999999999,-0.960625,CIV,MAR,847989
5647333,51,134,9220,2019,0.0,19567.0,-0.094961,-0.751246,CPV,MAR,847989
5647334,59,134,9220,2019,2904735.0,100014.0,1.797611,0.406708,CZE,MAR,847989
5647335,61,134,9220,2019,10469946.0,38119.0,2.078626,-2.124816,DEU,MAR,847989
5647336,64,134,9220,2019,238046.0,1033.0,1.0768280000000001,1.2615610000000002,DNK,MAR,847989
5647337,66,134,9220,2019,0.0,35275.0,-1.008866,-1.215228,DZA,MAR,847989
5647338,68,134,9220,2019,2593.0,320858.0,-0.152353,1.5426309999999999,EGY,MAR,847989
5647339,71,134,9220,2019,22683262.0,1192004.0,0.678454,3.007838,ESP,MAR,847989
5647340,74,134,9220,2019,50055.0,0.0,1.495278,1.034435,FIN,MAR,847989
5647341,77,134,9220,2019,29119236.0,1624100.0,1.380982,0.9510629999999999,FRA,MAR,847989
5647342,80,134,9220,2019,0.0,18357.0,-1.08556,-1.183434,GAB,MAR,847989
5647343,81,134,9220,2019,171452.0,11285.0,1.731106,0.717566,GBR,MAR,847989
5647344,85,134,9220,2019,0.0,7588.0,-1.366633,-1.196123,GIN,MAR,847989
5647345,90,134,9220,2019,9161.0,0.0,0.08904400000000001,1.059396,GRC,MAR,847989
5647346,97,134,9220,2019,1415017.0,0.0,0.992556,1.523004,HKG,MAR,847989
5647347,99,134,9220,2019,6573.0,0.0,-0.6444439999999999,-0.203443,HND,MAR,847989
5647348,100,134,9220,2019,9404.0,0.0,0.850527,1.280845,HRV,MAR,847989
5647349,102,134,9220,2019,1204311.0,0.0,1.462102,0.809183,HUN,MAR,847989
5647350,103,134,9220,2019,3435.0,0.0,-0.141811,1.385726,IDN,MAR,847989
5647351,104,134,9220,2019,1021217.0,11185.0,0.43196,2.661139,IND,MAR,847989
5647352,106,134,9220,2019,1139.0,0.0,1.3812389999999999,-0.025366,IRL,MAR,847989
5647353,111,134,9220,2019,28988824.0,192005.0,1.25898,0.926639,ITA,MAR,847989
5647354,114,134,9220,2019,4971582.0,56183.0,2.4931509999999997,-0.558811,JPN,MAR,847989
5647355,121,134,9220,2019,5820879.0,0.0,2.115482,0.696838,KOR,MAR,847989
5647356,126,134,9220,2019,0.0,47506.0,-1.552842,-1.2316690000000001,LBY,MAR,847989
5647357,130,134,9220,2019,14670.0,0.0,0.858456,1.364581,LTU,MAR,847989
5647358,131,134,9220,2019,19876.0,0.0,1.234145,1.3754309999999998,LUX,MAR,847989
5647359,132,134,9220,2019,30760.0,0.0,0.7804300000000001,1.159592,LVA,MAR,847989
5647360,136,134,9220,2019,0.0,4226.0,-1.267516,-0.733849,MDG,MAR,847989
5647361,138,134,9220,2019,4497.0,3021.0,1.083041,0.569353,MEX,MAR,847989
5647362,141,134,9220,2019,0.0,1366.0,-0.381732,-0.606313,MLI,MAR,847989
5647363,142,134,9220,2019,29141.0,0.0,0.893992,0.25255500000000003,MLT,MAR,847989
5647364,148,134,9220,2019,0.0,16889.0,-1.711918,-1.339005,MRT,MAR,847989
5647365,153,134,9220,2019,751480.0,0.0,1.192967,0.730971,MYS,MAR,847989
5647366,159,134,9220,2019,0.0,12484.0,-1.7383970000000002,-1.220333,NGA,MAR,847989
5647367,162,134,9220,2019,962648.0,81642.0,1.145044,1.3523530000000001,NLD,MAR,847989
5647368,166,134,9220,2019,38236.0,0.0,0.119281,0.039036,NZL,MAR,847989
5647369,177,134,9220,2019,1383479.0,1779.0,1.088347,1.275875,POL,MAR,847989
5647370,179,134,9220,2019,2721712.0,70497.0,0.545467,2.344447,PRT,MAR,847989
5647371,185,134,9220,2019,1196070.0,22362.0,1.044289,1.013691,ROU,MAR,847989
5647372,186,134,9220,2019,19827.0,0.0,0.329884,0.26215,RUS,MAR,847989
5647373,190,134,9220,2019,0.0,6428.0,-1.25579,-1.208796,SDN,MAR,847989
5647374,191,134,9220,2019,0.0,16569.0,-0.721992,-0.385479,SEN,MAR,847989
5647375,192,134,9220,2019,1121952.0,26500.0,2.0264599999999997,0.665506,SGP,MAR,847989
5647376,201,134,9220,2019,206000.0,0.0,0.543913,1.210102,SRB,MAR,847989
5647377,206,134,9220,2019,358737.0,0.0,1.39311,0.743107,SVK,MAR,847989
5647378,207,134,9220,2019,27624.0,53251.0,1.63711,0.803198,SVN,MAR,847989
5647379,208,134,9220,2019,37237.0,0.0,1.781148,0.742037,SWE,MAR,847989
5647380,209,134,9220,2019,0.0,688.0,0.087181,-0.760434,SWZ,MAR,847989
5647381,215,134,9220,2019,0.0,1041.0,-0.823204,-0.819535,TGO,MAR,847989
5647382,216,134,9220,2019,55980.0,0.0,0.9744229999999999,1.401199,THA,MAR,847989
5647383,223,134,9220,2019,1238707.0,80574.0,0.19601300000000002,1.159766,TUN,MAR,847989
5647384,224,134,9220,2019,8939634.0,24930.0,0.569408,2.364546,TUR,MAR,847989
5647385,228,134,9220,2019,187545.0,0.0,0.303802,0.5650270000000001,UKR,MAR,847989
5647386,231,134,9220,2019,77950768.0,65928.0,1.606808,0.3232,USA,MAR,847989
5647387,239,134,9220,2019,368121.0,0.0,-0.048147,1.098784,VNM,MAR,847989
5647388,246,134,9220,2019,4398.0,0.0,0.129921,1.101027,ZAF,MAR,847989
5647389,249,134,9220,2019,280745.0,0.0,2.123296,1.1786969999999999,TWN,MAR,847989
5647390,250,134,9220,2019,0.0,4723.0,0.8996129999999999,-0.152746,ANS,MAR,847989
5647391,15,135,9220,2019,355911.0,878.0,1.743927,-0.076778,AUT,MDA,847989
5647392,16,135,9220,2019,0.0,2069.0,-1.005636,-1.2094209999999999,AZE,MDA,847989
5647393,18,135,9220,2019,3511.0,2547.0,1.2555969999999999,1.168642,BEL,MDA,847989
5647394,23,135,9220,2019,6575.0,0.0,0.572997,1.863346,BGR,MDA,847989
5647395,28,135,9220,2019,197473.0,2036.0,0.7849649999999999,0.8951600000000001,BLR,MDA,847989
5647396,39,135,9220,2019,1184.0,0.0,0.657292,1.187872,CAN,MDA,847989
5647397,41,135,9220,2019,4137.0,0.0,2.1990849999999997,0.8394229999999999,CHE,MDA,847989
5647398,43,135,9220,2019,202493.0,0.0,1.196265,1.2258870000000002,CHN,MDA,847989
5647399,58,135,9220,2019,0.0,1874.0,0.657782,0.209481,CYP,MDA,847989
5647400,59,135,9220,2019,146804.0,0.0,1.797611,0.406708,CZE,MDA,847989
5647401,61,135,9220,2019,1738000.0,2646.0,2.078626,-2.124816,DEU,MDA,847989
5647402,71,135,9220,2019,24428.0,0.0,0.678454,3.007838,ESP,MDA,847989
5647403,72,135,9220,2019,29574.0,0.0,0.962284,1.346195,EST,MDA,847989
5647404,77,135,9220,2019,7059.0,0.0,1.380982,0.9510629999999999,FRA,MDA,847989
5647405,81,135,9220,2019,18252.0,5111.0,1.731106,0.717566,GBR,MDA,847989
5647406,90,135,9220,2019,7122.0,0.0,0.08904400000000001,1.059396,GRC,MDA,847989
5647407,100,135,9220,2019,1030.0,0.0,0.850527,1.280845,HRV,MDA,847989
5647408,102,135,9220,2019,23180.0,0.0,1.462102,0.809183,HUN,MDA,847989
5647409,104,135,9220,2019,3828.0,0.0,0.43196,2.661139,IND,MDA,847989
5647410,106,135,9220,2019,1673.0,0.0,1.3812389999999999,-0.025366,IRL,MDA,847989
5647411,110,135,9220,2019,17224.0,0.0,1.488686,0.823376,ISR,MDA,847989
5647412,111,135,9220,2019,955322.0,5167.0,1.25898,0.926639,ITA,MDA,847989
5647413,114,135,9220,2019,17489.0,0.0,2.4931509999999997,-0.558811,JPN,MDA,847989
5647414,121,135,9220,2019,3775.0,0.0,2.115482,0.696838,KOR,MDA,847989
5647415,130,135,9220,2019,69776.0,0.0,0.858456,1.364581,LTU,MDA,847989
5647416,132,135,9220,2019,3669.0,0.0,0.7804300000000001,1.159592,LVA,MDA,847989
5647417,138,135,9220,2019,3473.0,0.0,1.083041,0.569353,MEX,MDA,847989
5647418,153,135,9220,2019,2067.0,0.0,1.192967,0.730971,MYS,MDA,847989
5647419,162,135,9220,2019,6999.0,155745.0,1.145044,1.3523530000000001,NLD,MDA,847989
5647420,177,135,9220,2019,493260.0,928.0,1.088347,1.275875,POL,MDA,847989
5647421,185,135,9220,2019,1130292.0,138749.0,1.044289,1.013691,ROU,MDA,847989
5647422,186,135,9220,2019,351488.0,103889.0,0.329884,0.26215,RUS,MDA,847989
5647423,201,135,9220,2019,2284.0,0.0,0.543913,1.210102,SRB,MDA,847989
5647424,206,135,9220,2019,221692.0,0.0,1.39311,0.743107,SVK,MDA,847989
5647425,207,135,9220,2019,7208.0,1185.0,1.63711,0.803198,SVN,MDA,847989
5647426,208,135,9220,2019,1619.0,0.0,1.781148,0.742037,SWE,MDA,847989
5647427,224,135,9220,2019,370271.0,0.0,0.569408,2.364546,TUR,MDA,847989
5647428,228,135,9220,2019,206292.0,5191.0,0.303802,0.5650270000000001,UKR,MDA,847989
5647429,231,135,9220,2019,14790.0,87069.0,1.606808,0.3232,USA,MDA,847989
5647430,239,135,9220,2019,13520.0,0.0,-0.048147,1.098784,VNM,MDA,847989
5647431,249,135,9220,2019,2114.0,0.0,2.123296,1.1786969999999999,TWN,MDA,847989
5647432,250,135,9220,2019,5400.0,0.0,0.8996129999999999,-0.152746,ANS,MDA,847989
5647433,7,143,9220,2019,52772.0,948.0,-0.165113,-0.8973540000000001,ARE,MMR,847989
5647434,14,143,9220,2019,1367.0,0.0,-0.294558,-0.180198,AUS,MMR,847989
5647435,15,143,9220,2019,527356.0,0.0,1.743927,-0.076778,AUT,MMR,847989
5647436,39,143,9220,2019,22654.0,0.0,0.657292,1.187872,CAN,MMR,847989
5647437,41,143,9220,2019,18172.0,0.0,2.1990849999999997,0.8394229999999999,CHE,MMR,847989
5647438,43,143,9220,2019,16309220.0,0.0,1.196265,1.2258870000000002,CHN,MMR,847989
5647439,44,143,9220,2019,3486.0,0.0,-0.9916719999999999,-0.960625,CIV,MMR,847989
5647440,61,143,9220,2019,848091.0,257743.0,2.078626,-2.124816,DEU,MMR,847989
5647441,64,143,9220,2019,72969.0,0.0,1.0768280000000001,1.2615610000000002,DNK,MMR,847989
5647442,71,143,9220,2019,3038.0,0.0,0.678454,3.007838,ESP,MMR,847989
5647443,77,143,9220,2019,986.0,0.0,1.380982,0.9510629999999999,FRA,MMR,847989
5647444,81,143,9220,2019,60343.0,0.0,1.731106,0.717566,GBR,MMR,847989
5647445,97,143,9220,2019,162180.0,0.0,0.992556,1.523004,HKG,MMR,847989
5647446,103,143,9220,2019,3709.0,0.0,-0.141811,1.385726,IDN,MMR,847989
5647447,104,143,9220,2019,8674049.0,5584.0,0.43196,2.661139,IND,MMR,847989
5647448,111,143,9220,2019,119680.0,0.0,1.25898,0.926639,ITA,MMR,847989
5647449,114,143,9220,2019,4077678.0,5478.0,2.4931509999999997,-0.558811,JPN,MMR,847989
5647450,121,143,9220,2019,1723570.0,35440.0,2.115482,0.696838,KOR,MMR,847989
5647451,128,143,9220,2019,97546.0,0.0,-0.592952,0.394811,LKA,MMR,847989
5647452,130,143,9220,2019,739.0,0.0,0.858456,1.364581,LTU,MMR,847989
5647453,153,143,9220,2019,767254.0,0.0,1.192967,0.730971,MYS,MMR,847989
5647454,162,143,9220,2019,22378.0,134776.0,1.145044,1.3523530000000001,NLD,MMR,847989
5647455,185,143,9220,2019,1024.0,0.0,1.044289,1.013691,ROU,MMR,847989
5647456,186,143,9220,2019,1724585.0,0.0,0.329884,0.26215,RUS,MMR,847989
5647457,192,143,9220,2019,1092819.0,5452.0,2.0264599999999997,0.665506,SGP,MMR,847989
5647458,207,143,9220,2019,106112.0,0.0,1.63711,0.803198,SVN,MMR,847989
5647459,209,143,9220,2019,14196.0,0.0,0.087181,-0.760434,SWZ,MMR,847989
5647460,216,143,9220,2019,6125336.0,0.0,0.9744229999999999,1.401199,THA,MMR,847989
5647461,224,143,9220,2019,4011.0,0.0,0.569408,2.364546,TUR,MMR,847989
5647462,228,143,9220,2019,17593.0,0.0,0.303802,0.5650270000000001,UKR,MMR,847989
5647463,231,143,9220,2019,372982.0,0.0,1.606808,0.3232,USA,MMR,847989
5647464,239,143,9220,2019,306562.0,0.0,-0.048147,1.098784,VNM,MMR,847989
5647465,249,143,9220,2019,359184.0,0.0,2.123296,1.1786969999999999,TWN,MMR,847989
5647466,2,147,9220,2019,7638.0,3335.0,-1.096127,-1.195434,AGO,MOZ,847989
5647467,7,147,9220,2019,262037.0,0.0,-0.165113,-0.8973540000000001,ARE,MOZ,847989
5647468,14,147,9220,2019,151331.0,0.0,-0.294558,-0.180198,AUS,MOZ,847989
5647469,15,147,9220,2019,1765.0,0.0,1.743927,-0.076778,AUT,MOZ,847989
5647470,32,147,9220,2019,29354.0,0.0,0.076947,0.660604,BRA,MOZ,847989
5647471,39,147,9220,2019,1653.0,0.0,0.657292,1.187872,CAN,MOZ,847989
5647472,41,147,9220,2019,2039.0,0.0,2.1990849999999997,0.8394229999999999,CHE,MOZ,847989
5647473,43,147,9220,2019,807390.0,0.0,1.196265,1.2258870000000002,CHN,MOZ,847989
5647474,44,147,9220,2019,5337.0,0.0,-0.9916719999999999,-0.960625,CIV,MOZ,847989
5647475,55,147,9220,2019,1052.0,0.0,0.808621,-0.225196,CUW,MOZ,847989
5647476,61,147,9220,2019,2378785.0,0.0,2.078626,-2.124816,DEU,MOZ,847989
5647477,64,147,9220,2019,474.0,0.0,1.0768280000000001,1.2615610000000002,DNK,MOZ,847989
5647478,68,147,9220,2019,4460.0,0.0,-0.152353,1.5426309999999999,EGY,MOZ,847989
5647479,71,147,9220,2019,10997.0,0.0,0.678454,3.007838,ESP,MOZ,847989
5647480,73,147,9220,2019,3047.0,0.0,-1.073631,-0.617885,ETH,MOZ,847989
5647481,77,147,9220,2019,974010.0,0.0,1.380982,0.9510629999999999,FRA,MOZ,847989
5647482,81,147,9220,2019,2469274.0,0.0,1.731106,0.717566,GBR,MOZ,847989
5647483,83,147,9220,2019,5661.0,0.0,-0.9581,-0.8727879999999999,GHA,MOZ,847989
5647484,90,147,9220,2019,359816.0,0.0,0.08904400000000001,1.059396,GRC,MOZ,847989
5647485,97,147,9220,2019,22939.0,0.0,0.992556,1.523004,HKG,MOZ,847989
5647486,103,147,9220,2019,546951.0,0.0,-0.141811,1.385726,IDN,MOZ,847989
5647487,104,147,9220,2019,321093.0,0.0,0.43196,2.661139,IND,MOZ,847989
5647488,111,147,9220,2019,390473.0,0.0,1.25898,0.926639,ITA,MOZ,847989
5647489,114,147,9220,2019,29292.0,0.0,2.4931509999999997,-0.558811,JPN,MOZ,847989
5647490,116,147,9220,2019,2690.0,1234.0,-0.406684,0.8588969999999999,KEN,MOZ,847989
5647491,121,147,9220,2019,5166.0,0.0,2.115482,0.696838,KOR,MOZ,847989
5647492,124,147,9220,2019,2657.0,0.0,0.26155700000000004,1.062317,LBN,MOZ,847989
5647493,138,147,9220,2019,75743.0,0.0,1.083041,0.569353,MEX,MOZ,847989
5647494,152,147,9220,2019,10168.0,0.0,-1.0178479999999999,-1.1028879999999999,MWI,MOZ,847989
5647495,155,147,9220,2019,4686.0,0.0,-0.545575,-0.744274,NAM,MOZ,847989
5647496,162,147,9220,2019,58435.0,15166.0,1.145044,1.3523530000000001,NLD,MOZ,847989
5647497,163,147,9220,2019,2627.0,0.0,0.6957300000000001,0.181607,NOR,MOZ,847989
5647498,177,147,9220,2019,47839.0,0.0,1.088347,1.275875,POL,MOZ,847989
5647499,178,147,9220,2019,10228.0,0.0,1.049447,0.46940699999999996,PRK,MOZ,847989
5647500,179,147,9220,2019,824191.0,60045.0,0.545467,2.344447,PRT,MOZ,847989
5647501,192,147,9220,2019,450025.0,0.0,2.0264599999999997,0.665506,SGP,MOZ,847989
5647502,224,147,9220,2019,14599.0,0.0,0.569408,2.364546,TUR,MOZ,847989
5647503,226,147,9220,2019,1320562.0,5177.0,-0.907172,0.37293899999999996,TZA,MOZ,847989
5647504,231,147,9220,2019,1253684.0,0.0,1.606808,0.3232,USA,MOZ,847989
5647505,239,147,9220,2019,30781.0,0.0,-0.048147,1.098784,VNM,MOZ,847989
5647506,246,147,9220,2019,2333137.0,5345.0,0.129921,1.101027,ZAF,MOZ,847989
5647507,247,147,9220,2019,16717.0,0.0,-0.629261,-0.8471489999999999,ZMB,MOZ,847989
5647508,248,147,9220,2019,0.0,16464.0,-0.9993780000000001,-1.018174,ZWE,MOZ,847989
5647509,249,147,9220,2019,231160.0,0.0,2.123296,1.1786969999999999,TWN,MOZ,847989
5647510,7,151,9220,2019,82223.0,0.0,-0.165113,-0.8973540000000001,ARE,MUS,847989
5647511,14,151,9220,2019,1539.0,0.0,-0.294558,-0.180198,AUS,MUS,847989
5647512,15,151,9220,2019,3819.0,0.0,1.743927,-0.076778,AUT,MUS,847989
5647513,18,151,9220,2019,113593.0,0.0,1.2555969999999999,1.168642,BEL,MUS,847989
5647514,23,151,9220,2019,2822.0,0.0,0.572997,1.863346,BGR,MUS,847989
5647515,41,151,9220,2019,28486.0,53483.0,2.1990849999999997,0.8394229999999999,CHE,MUS,847989
5647516,43,151,9220,2019,1058710.0,0.0,1.196265,1.2258870000000002,CHN,MUS,847989
5647517,44,151,9220,2019,0.0,5106.0,-0.9916719999999999,-0.960625,CIV,MUS,847989
5647518,59,151,9220,2019,3649.0,0.0,1.797611,0.406708,CZE,MUS,847989
5647519,61,151,9220,2019,387951.0,0.0,2.078626,-2.124816,DEU,MUS,847989
5647520,64,151,9220,2019,23099.0,0.0,1.0768280000000001,1.2615610000000002,DNK,MUS,847989
5647521,68,151,9220,2019,2170.0,0.0,-0.152353,1.5426309999999999,EGY,MUS,847989
5647522,71,151,9220,2019,26321.0,0.0,0.678454,3.007838,ESP,MUS,847989
5647523,74,151,9220,2019,4450.0,0.0,1.495278,1.034435,FIN,MUS,847989
5647524,77,151,9220,2019,410775.0,14338.0,1.380982,0.9510629999999999,FRA,MUS,847989
5647525,81,151,9220,2019,306527.0,10990.0,1.731106,0.717566,GBR,MUS,847989
5647526,83,151,9220,2019,0.0,2605.0,-0.9581,-0.8727879999999999,GHA,MUS,847989
5647527,97,151,9220,2019,60802.0,0.0,0.992556,1.523004,HKG,MUS,847989
5647528,102,151,9220,2019,3362.0,0.0,1.462102,0.809183,HUN,MUS,847989
5647529,104,151,9220,2019,238539.0,0.0,0.43196,2.661139,IND,MUS,847989
5647530,111,151,9220,2019,461154.0,1463.0,1.25898,0.926639,ITA,MUS,847989
5647531,114,151,9220,2019,29145.0,0.0,2.4931509999999997,-0.558811,JPN,MUS,847989
5647532,121,151,9220,2019,18479.0,0.0,2.115482,0.696838,KOR,MUS,847989
5647533,130,151,9220,2019,2297.0,0.0,0.858456,1.364581,LTU,MUS,847989
5647534,136,151,9220,2019,0.0,66733.0,-1.267516,-0.733849,MDG,MUS,847989
5647535,137,151,9220,2019,0.0,4899.0,-0.37792800000000004,-0.8963059999999999,MDV,MUS,847989
5647536,138,151,9220,2019,2493.0,0.0,1.083041,0.569353,MEX,MUS,847989
5647537,142,151,9220,2019,2519.0,0.0,0.893992,0.25255500000000003,MLT,MUS,847989
5647538,153,151,9220,2019,92325.0,0.0,1.192967,0.730971,MYS,MUS,847989
5647539,162,151,9220,2019,111723.0,0.0,1.145044,1.3523530000000001,NLD,MUS,847989
5647540,163,151,9220,2019,220797.0,0.0,0.6957300000000001,0.181607,NOR,MUS,847989
5647541,177,151,9220,2019,15578.0,0.0,1.088347,1.275875,POL,MUS,847989
5647542,179,151,9220,2019,16554.0,0.0,0.545467,2.344447,PRT,MUS,847989
5647543,192,151,9220,2019,122345.0,10263.0,2.0264599999999997,0.665506,SGP,MUS,847989
5647544,208,151,9220,2019,1346.0,0.0,1.781148,0.742037,SWE,MUS,847989
5647545,209,151,9220,2019,612.0,0.0,0.087181,-0.760434,SWZ,MUS,847989
5647546,211,151,9220,2019,0.0,53688.0,0.024113,-0.711363,SYC,MUS,847989
5647547,216,151,9220,2019,31100.0,0.0,0.9744229999999999,1.401199,THA,MUS,847989
5647548,224,151,9220,2019,144754.0,0.0,0.569408,2.364546,TUR,MUS,847989
5647549,226,151,9220,2019,0.0,32795.0,-0.907172,0.37293899999999996,TZA,MUS,847989
5647550,227,151,9220,2019,0.0,84308.0,-0.639476,0.148255,UGA,MUS,847989
5647551,228,151,9220,2019,20443.0,0.0,0.303802,0.5650270000000001,UKR,MUS,847989
5647552,231,151,9220,2019,163632.0,11649.0,1.606808,0.3232,USA,MUS,847989
5647553,239,151,9220,2019,67383.0,0.0,-0.048147,1.098784,VNM,MUS,847989
5647554,246,151,9220,2019,250013.0,2108.0,0.129921,1.101027,ZAF,MUS,847989
5647555,248,151,9220,2019,0.0,37613.0,-0.9993780000000001,-1.018174,ZWE,MUS,847989
5647556,249,151,9220,2019,22625.0,0.0,2.123296,1.1786969999999999,TWN,MUS,847989
5647557,2,159,9220,2019,284353.0,39451.0,-1.096127,-1.195434,AGO,NGA,847989
5647558,7,159,9220,2019,2118414.0,1539.0,-0.165113,-0.8973540000000001,ARE,NGA,847989
5647559,8,159,9220,2019,2527.0,0.0,-0.136634,0.127073,ARG,NGA,847989
5647560,14,159,9220,2019,199170.0,0.0,-0.294558,-0.180198,AUS,NGA,847989
5647561,15,159,9220,2019,157697.0,0.0,1.743927,-0.076778,AUT,NGA,847989
5647562,16,159,9220,2019,55507.0,0.0,-1.005636,-1.2094209999999999,AZE,NGA,847989
5647563,18,159,9220,2019,277766.0,0.0,1.2555969999999999,1.168642,BEL,NGA,847989
5647564,22,159,9220,2019,4066.0,0.0,-1.113148,-0.9513299999999999,BGD,NGA,847989
5647565,24,159,9220,2019,522787.0,0.0,0.378349,-0.621468,BHR,NGA,847989
5647566,31,159,9220,2019,9613.0,0.0,-1.012748,-0.999245,BOL,NGA,847989
5647567,32,159,9220,2019,435463.0,0.0,0.076947,0.660604,BRA,NGA,847989
5647568,34,159,9220,2019,1689.0,0.0,0.9608620000000001,-0.7012619999999999,BRN,NGA,847989
5647569,39,159,9220,2019,1042969.0,0.0,0.657292,1.187872,CAN,NGA,847989
5647570,41,159,9220,2019,483250.0,0.0,2.1990849999999997,0.8394229999999999,CHE,NGA,847989
5647571,43,159,9220,2019,18701100.0,0.0,1.196265,1.2258870000000002,CHN,NGA,847989
5647572,44,159,9220,2019,6157.0,18160.0,-0.9916719999999999,-0.960625,CIV,NGA,847989
5647573,45,159,9220,2019,3021.0,0.0,-1.461279,-1.214274,CMR,NGA,847989
5647574,47,159,9220,2019,106429.0,8654.0,-1.305193,-1.162808,COG,NGA,847989
5647575,49,159,9220,2019,15859.0,0.0,0.099936,-0.15568800000000002,COL,NGA,847989
5647576,55,159,9220,2019,56028.0,0.0,0.808621,-0.225196,CUW,NGA,847989
5647577,59,159,9220,2019,73817.0,0.0,1.797611,0.406708,CZE,NGA,847989
5647578,61,159,9220,2019,8775833.0,17712.0,2.078626,-2.124816,DEU,NGA,847989
5647579,64,159,9220,2019,279693.0,6161.0,1.0768280000000001,1.2615610000000002,DNK,NGA,847989
5647580,67,159,9220,2019,5333.0,0.0,-1.12261,-1.094275,ECU,NGA,847989
5647581,68,159,9220,2019,72467.0,0.0,-0.152353,1.5426309999999999,EGY,NGA,847989
5647582,71,159,9220,2019,676169.0,0.0,0.678454,3.007838,ESP,NGA,847989
5647583,74,159,9220,2019,39189.0,0.0,1.495278,1.034435,FIN,NGA,847989
5647584,77,159,9220,2019,621415.0,6192.0,1.380982,0.9510629999999999,FRA,NGA,847989
5647585,80,159,9220,2019,5733.0,0.0,-1.08556,-1.183434,GAB,NGA,847989
5647586,81,159,9220,2019,16523699.0,100516.0,1.731106,0.717566,GBR,NGA,847989
5647587,83,159,9220,2019,41164.0,91188.0,-0.9581,-0.8727879999999999,GHA,NGA,847989
5647588,90,159,9220,2019,14836.0,0.0,0.08904400000000001,1.059396,GRC,NGA,847989
5647589,97,159,9220,2019,96300.0,0.0,0.992556,1.523004,HKG,NGA,847989
5647590,103,159,9220,2019,9639.0,0.0,-0.141811,1.385726,IDN,NGA,847989
5647591,104,159,9220,2019,12521666.0,88993.0,0.43196,2.661139,IND,NGA,847989
5647592,106,159,9220,2019,1582.0,0.0,1.3812389999999999,-0.025366,IRL,NGA,847989
5647593,108,159,9220,2019,16069.0,0.0,-1.593359,-0.9927860000000001,IRQ,NGA,847989
5647594,110,159,9220,2019,4762.0,0.0,1.488686,0.823376,ISR,NGA,847989
5647595,111,159,9220,2019,13115056.0,0.0,1.25898,0.926639,ITA,NGA,847989
5647596,114,159,9220,2019,42548.0,0.0,2.4931509999999997,-0.558811,JPN,NGA,847989
5647597,116,159,9220,2019,36741.0,309659.0,-0.406684,0.8588969999999999,KEN,NGA,847989
5647598,121,159,9220,2019,2784502.0,0.0,2.115482,0.696838,KOR,NGA,847989
5647599,122,159,9220,2019,3169.0,0.0,0.081686,-1.087259,KWT,NGA,847989
5647600,124,159,9220,2019,96657.0,0.0,0.26155700000000004,1.062317,LBN,NGA,847989
5647601,130,159,9220,2019,2100.0,0.0,0.858456,1.364581,LTU,NGA,847989
5647602,131,159,9220,2019,123230.0,0.0,1.234145,1.3754309999999998,LUX,NGA,847989
5647603,132,159,9220,2019,780.0,0.0,0.7804300000000001,1.159592,LVA,NGA,847989
5647604,134,159,9220,2019,12484.0,0.0,-0.747739,-0.154125,MAR,NGA,847989
5647605,138,159,9220,2019,539175.0,0.0,1.083041,0.569353,MEX,NGA,847989
5647606,153,159,9220,2019,187246.0,0.0,1.192967,0.730971,MYS,NGA,847989
5647607,157,159,9220,2019,0.0,3158.0,-0.345047,-0.792769,NER,NGA,847989
5647608,162,159,9220,2019,1018930.0,1823.0,1.145044,1.3523530000000001,NLD,NGA,847989
5647609,163,159,9220,2019,843133.0,0.0,0.6957300000000001,0.181607,NOR,NGA,847989
5647610,166,159,9220,2019,129150.0,0.0,0.119281,0.039036,NZL,NGA,847989
5647611,167,159,9220,2019,17688.0,0.0,-0.40120100000000003,-0.881602,OMN,NGA,847989
5647612,168,159,9220,2019,224568.0,0.0,-0.6909270000000001,0.8651120000000001,PAK,NGA,847989
5647613,177,159,9220,2019,382137.0,0.0,1.088347,1.275875,POL,NGA,847989
5647614,179,159,9220,2019,5022.0,0.0,0.545467,2.344447,PRT,NGA,847989
5647615,185,159,9220,2019,1782034.0,0.0,1.044289,1.013691,ROU,NGA,847989
5647616,186,159,9220,2019,91193.0,0.0,0.329884,0.26215,RUS,NGA,847989
5647617,188,159,9220,2019,15993.0,0.0,0.787798,-0.41350600000000004,SAU,NGA,847989
5647618,190,159,9220,2019,487583.0,0.0,-1.25579,-1.208796,SDN,NGA,847989
5647619,192,159,9220,2019,3910584.0,0.0,2.0264599999999997,0.665506,SGP,NGA,847989
5647620,206,159,9220,2019,2278.0,0.0,1.39311,0.743107,SVK,NGA,847989
5647621,207,159,9220,2019,39425.0,0.0,1.63711,0.803198,SVN,NGA,847989
5647622,208,159,9220,2019,113062.0,0.0,1.781148,0.742037,SWE,NGA,847989
5647623,216,159,9220,2019,11303.0,0.0,0.9744229999999999,1.401199,THA,NGA,847989
5647624,224,159,9220,2019,951418.0,0.0,0.569408,2.364546,TUR,NGA,847989
5647625,228,159,9220,2019,16354.0,0.0,0.303802,0.5650270000000001,UKR,NGA,847989
5647626,231,159,9220,2019,14339816.0,0.0,1.606808,0.3232,USA,NGA,847989
5647627,239,159,9220,2019,6884.0,0.0,-0.048147,1.098784,VNM,NGA,847989
5647628,246,159,9220,2019,1219771.0,0.0,0.129921,1.101027,ZAF,NGA,847989
5647629,249,159,9220,2019,554777.0,0.0,2.123296,1.1786969999999999,TWN,NGA,847989
5647630,7,167,9220,2019,14436382.0,0.0,-0.165113,-0.8973540000000001,ARE,OMN,847989
5647631,14,167,9220,2019,236755.0,0.0,-0.294558,-0.180198,AUS,OMN,847989
5647632,15,167,9220,2019,829515.0,0.0,1.743927,-0.076778,AUT,OMN,847989
5647633,18,167,9220,2019,20391.0,0.0,1.2555969999999999,1.168642,BEL,OMN,847989
5647634,24,167,9220,2019,108820.0,0.0,0.378349,-0.621468,BHR,OMN,847989
5647635,39,167,9220,2019,3867674.0,0.0,0.657292,1.187872,CAN,OMN,847989
5647636,41,167,9220,2019,189651.0,0.0,2.1990849999999997,0.8394229999999999,CHE,OMN,847989
5647637,42,167,9220,2019,6288.0,0.0,-0.34416199999999997,-0.432674,CHL,OMN,847989
5647638,43,167,9220,2019,14122747.0,0.0,1.196265,1.2258870000000002,CHN,OMN,847989
5647639,49,167,9220,2019,40638.0,0.0,0.099936,-0.15568800000000002,COL,OMN,847989
5647640,59,167,9220,2019,104811.0,0.0,1.797611,0.406708,CZE,OMN,847989
5647641,61,167,9220,2019,4139533.0,11167.0,2.078626,-2.124816,DEU,OMN,847989
5647642,64,167,9220,2019,179754.0,0.0,1.0768280000000001,1.2615610000000002,DNK,OMN,847989
5647643,71,167,9220,2019,225926.0,0.0,0.678454,3.007838,ESP,OMN,847989
5647644,74,167,9220,2019,131581.0,0.0,1.495278,1.034435,FIN,OMN,847989
5647645,77,167,9220,2019,721678.0,0.0,1.380982,0.9510629999999999,FRA,OMN,847989
5647646,81,167,9220,2019,3059666.0,55410.0,1.731106,0.717566,GBR,OMN,847989
5647647,90,167,9220,2019,20972.0,0.0,0.08904400000000001,1.059396,GRC,OMN,847989
5647648,100,167,9220,2019,6545.0,0.0,0.850527,1.280845,HRV,OMN,847989
5647649,103,167,9220,2019,184987.0,0.0,-0.141811,1.385726,IDN,OMN,847989
5647650,104,167,9220,2019,15725491.0,307407.0,0.43196,2.661139,IND,OMN,847989
5647651,111,167,9220,2019,2500460.0,4387.0,1.25898,0.926639,ITA,OMN,847989
5647652,113,167,9220,2019,12923.0,0.0,-0.003529,0.255816,JOR,OMN,847989
5647653,114,167,9220,2019,3011736.0,0.0,2.4931509999999997,-0.558811,JPN,OMN,847989
5647654,116,167,9220,2019,5722.0,0.0,-0.406684,0.8588969999999999,KEN,OMN,847989
5647655,121,167,9220,2019,2676195.0,3956.0,2.115482,0.696838,KOR,OMN,847989
5647656,122,167,9220,2019,36009.0,0.0,0.081686,-1.087259,KWT,OMN,847989
5647657,124,167,9220,2019,94245.0,0.0,0.26155700000000004,1.062317,LBN,OMN,847989
5647658,138,167,9220,2019,621091.0,0.0,1.083041,0.569353,MEX,OMN,847989
5647659,153,167,9220,2019,106865.0,0.0,1.192967,0.730971,MYS,OMN,847989
5647660,159,167,9220,2019,0.0,17688.0,-1.7383970000000002,-1.220333,NGA,OMN,847989
5647661,162,167,9220,2019,3166543.0,51924.0,1.145044,1.3523530000000001,NLD,OMN,847989
5647662,163,167,9220,2019,112369.0,0.0,0.6957300000000001,0.181607,NOR,OMN,847989
5647663,168,167,9220,2019,11403.0,0.0,-0.6909270000000001,0.8651120000000001,PAK,OMN,847989
5647664,177,167,9220,2019,14584.0,0.0,1.088347,1.275875,POL,OMN,847989
5647665,179,167,9220,2019,4154.0,0.0,0.545467,2.344447,PRT,OMN,847989
5647666,185,167,9220,2019,2827058.0,5730.0,1.044289,1.013691,ROU,OMN,847989
5647667,186,167,9220,2019,962171.0,0.0,0.329884,0.26215,RUS,OMN,847989
5647668,188,167,9220,2019,0.0,23874.0,0.787798,-0.41350600000000004,SAU,OMN,847989
5647669,192,167,9220,2019,2897766.0,0.0,2.0264599999999997,0.665506,SGP,OMN,847989
5647670,206,167,9220,2019,7922.0,0.0,1.39311,0.743107,SVK,OMN,847989
5647671,207,167,9220,2019,30522.0,0.0,1.63711,0.803198,SVN,OMN,847989
5647672,208,167,9220,2019,88228.0,0.0,1.781148,0.742037,SWE,OMN,847989
5647673,216,167,9220,2019,911578.0,0.0,0.9744229999999999,1.401199,THA,OMN,847989
5647674,223,167,9220,2019,10064.0,0.0,0.19601300000000002,1.159766,TUN,OMN,847989
5647675,224,167,9220,2019,408227.0,0.0,0.569408,2.364546,TUR,OMN,847989
5647676,231,167,9220,2019,13619530.0,0.0,1.606808,0.3232,USA,OMN,847989
5647677,246,167,9220,2019,31413.0,0.0,0.129921,1.101027,ZAF,OMN,847989
5647678,249,167,9220,2019,48542.0,0.0,2.123296,1.1786969999999999,TWN,OMN,847989
5647679,2,183,9220,2019,27690.0,0.0,-1.096127,-1.195434,AGO,QAT,847989
5647680,14,183,9220,2019,689488.0,0.0,-0.294558,-0.180198,AUS,QAT,847989
5647681,15,183,9220,2019,264173.0,15027.0,1.743927,-0.076778,AUT,QAT,847989
5647682,16,183,9220,2019,1658.0,0.0,-1.005636,-1.2094209999999999,AZE,QAT,847989
5647683,18,183,9220,2019,1302343.0,0.0,1.2555969999999999,1.168642,BEL,QAT,847989
5647684,31,183,9220,2019,34734.0,0.0,-1.012748,-0.999245,BOL,QAT,847989
5647685,32,183,9220,2019,117386.0,0.0,0.076947,0.660604,BRA,QAT,847989
5647686,34,183,9220,2019,57896.0,0.0,0.9608620000000001,-0.7012619999999999,BRN,QAT,847989
5647687,39,183,9220,2019,4323968.0,0.0,0.657292,1.187872,CAN,QAT,847989
5647688,41,183,9220,2019,1379739.0,0.0,2.1990849999999997,0.8394229999999999,CHE,QAT,847989
5647689,43,183,9220,2019,3541909.0,0.0,1.196265,1.2258870000000002,CHN,QAT,847989
5647690,44,183,9220,2019,4457.0,0.0,-0.9916719999999999,-0.960625,CIV,QAT,847989
5647691,49,183,9220,2019,32259.0,0.0,0.099936,-0.15568800000000002,COL,QAT,847989
5647692,59,183,9220,2019,385347.0,0.0,1.797611,0.406708,CZE,QAT,847989
5647693,61,183,9220,2019,5226756.0,21138.0,2.078626,-2.124816,DEU,QAT,847989
5647694,64,183,9220,2019,665495.0,5163.0,1.0768280000000001,1.2615610000000002,DNK,QAT,847989
5647695,71,183,9220,2019,283170.0,10903.0,0.678454,3.007838,ESP,QAT,847989
5647696,74,183,9220,2019,10222.0,0.0,1.495278,1.034435,FIN,QAT,847989
5647697,77,183,9220,2019,2759237.0,143388.0,1.380982,0.9510629999999999,FRA,QAT,847989
5647698,81,183,9220,2019,4615352.0,4249.0,1.731106,0.717566,GBR,QAT,847989
5647699,82,183,9220,2019,149942.0,0.0,-0.057798,-0.206771,GEO,QAT,847989
5647700,83,183,9220,2019,0.0,38028.0,-0.9581,-0.8727879999999999,GHA,QAT,847989
5647701,90,183,9220,2019,49767.0,0.0,0.08904400000000001,1.059396,GRC,QAT,847989
5647702,97,183,9220,2019,19322.0,0.0,0.992556,1.523004,HKG,QAT,847989
5647703,102,183,9220,2019,57765.0,0.0,1.462102,0.809183,HUN,QAT,847989
5647704,104,183,9220,2019,858157.0,33023.0,0.43196,2.661139,IND,QAT,847989
5647705,111,183,9220,2019,6235222.0,0.0,1.25898,0.926639,ITA,QAT,847989
5647706,113,183,9220,2019,25245.0,0.0,-0.003529,0.255816,JOR,QAT,847989
5647707,114,183,9220,2019,644415.0,0.0,2.4931509999999997,-0.558811,JPN,QAT,847989
5647708,121,183,9220,2019,1759207.0,19075.0,2.115482,0.696838,KOR,QAT,847989
5647709,122,183,9220,2019,101752.0,0.0,0.081686,-1.087259,KWT,QAT,847989
5647710,124,183,9220,2019,26019.0,0.0,0.26155700000000004,1.062317,LBN,QAT,847989
5647711,130,183,9220,2019,1706.0,0.0,0.858456,1.364581,LTU,QAT,847989
5647712,131,183,9220,2019,5634.0,0.0,1.234145,1.3754309999999998,LUX,QAT,847989
5647713,138,183,9220,2019,107400.0,0.0,1.083041,0.569353,MEX,QAT,847989
5647714,153,183,9220,2019,159186.0,0.0,1.192967,0.730971,MYS,QAT,847989
5647715,162,183,9220,2019,3499470.0,54016.0,1.145044,1.3523530000000001,NLD,QAT,847989
5647716,163,183,9220,2019,178639.0,31310.0,0.6957300000000001,0.181607,NOR,QAT,847989
5647717,166,183,9220,2019,75136.0,0.0,0.119281,0.039036,NZL,QAT,847989
5647718,168,183,9220,2019,368653.0,0.0,-0.6909270000000001,0.8651120000000001,PAK,QAT,847989
5647719,177,183,9220,2019,231397.0,0.0,1.088347,1.275875,POL,QAT,847989
5647720,185,183,9220,2019,8708.0,0.0,1.044289,1.013691,ROU,QAT,847989
5647721,186,183,9220,2019,684964.0,0.0,0.329884,0.26215,RUS,QAT,847989
5647722,192,183,9220,2019,6932150.0,0.0,2.0264599999999997,0.665506,SGP,QAT,847989
5647723,201,183,9220,2019,0.0,1348.0,0.543913,1.210102,SRB,QAT,847989
5647724,206,183,9220,2019,29221.0,0.0,1.39311,0.743107,SVK,QAT,847989
5647725,207,183,9220,2019,7882.0,0.0,1.63711,0.803198,SVN,QAT,847989
5647726,208,183,9220,2019,508318.0,26894.0,1.781148,0.742037,SWE,QAT,847989
5647727,216,183,9220,2019,1172482.0,0.0,0.9744229999999999,1.401199,THA,QAT,847989
5647728,224,183,9220,2019,2302611.0,0.0,0.569408,2.364546,TUR,QAT,847989
5647729,228,183,9220,2019,337305.0,0.0,0.303802,0.5650270000000001,UKR,QAT,847989
5647730,230,183,9220,2019,0.0,950.0,-0.077549,-0.473943,URY,QAT,847989
5647731,231,183,9220,2019,33891376.0,0.0,1.606808,0.3232,USA,QAT,847989
5647732,239,183,9220,2019,325407.0,0.0,-0.048147,1.098784,VNM,QAT,847989
5647733,246,183,9220,2019,44503.0,0.0,0.129921,1.101027,ZAF,QAT,847989
5647734,249,183,9220,2019,14965.0,0.0,2.123296,1.1786969999999999,TWN,QAT,847989
5647735,4,185,9220,2019,919.0,0.0,-0.459614,-0.019257,ALB,ROU,847989
5647736,7,185,9220,2019,92699.0,5945976.0,-0.165113,-0.8973540000000001,ARE,ROU,847989
5647737,8,185,9220,2019,0.0,234198.0,-0.136634,0.127073,ARG,ROU,847989
5647738,9,185,9220,2019,0.0,1999.0,-0.203986,-0.667607,ARM,ROU,847989
5647739,14,185,9220,2019,17956.0,205084.0,-0.294558,-0.180198,AUS,ROU,847989
5647740,15,185,9220,2019,14758683.0,1017956.0,1.743927,-0.076778,AUT,ROU,847989
5647741,16,185,9220,2019,0.0,3854168.0,-1.005636,-1.2094209999999999,AZE,ROU,847989
5647742,18,185,9220,2019,2606555.0,323904.0,1.2555969999999999,1.168642,BEL,ROU,847989
5647743,23,185,9220,2019,1397034.0,3815181.0,0.572997,1.863346,BGR,ROU,847989
5647744,24,185,9220,2019,0.0,20126.0,0.378349,-0.621468,BHR,ROU,847989
5647745,26,185,9220,2019,3660.0,8131.0,0.6525,0.83988,BIH,ROU,847989
5647746,28,185,9220,2019,0.0,6243.0,0.7849649999999999,0.8951600000000001,BLR,ROU,847989
5647747,31,185,9220,2019,101318.0,54400.0,-1.012748,-0.999245,BOL,ROU,847989
5647748,32,185,9220,2019,36976.0,308015.0,0.076947,0.660604,BRA,ROU,847989
5647749,39,185,9220,2019,723647.0,3279973.0,0.657292,1.187872,CAN,ROU,847989
5647750,41,185,9220,2019,1847394.0,1921357.0,2.1990849999999997,0.8394229999999999,CHE,ROU,847989
5647751,42,185,9220,2019,0.0,895.0,-0.34416199999999997,-0.432674,CHL,ROU,847989
5647752,43,185,9220,2019,11402320.0,4003951.0,1.196265,1.2258870000000002,CHN,ROU,847989
5647753,44,185,9220,2019,0.0,10881.0,-0.9916719999999999,-0.960625,CIV,ROU,847989
5647754,45,185,9220,2019,0.0,73309.0,-1.461279,-1.214274,CMR,ROU,847989
5647755,47,185,9220,2019,0.0,288710.0,-1.305193,-1.162808,COG,ROU,847989
5647756,49,185,9220,2019,14695.0,16689.0,0.099936,-0.15568800000000002,COL,ROU,847989
5647757,52,185,9220,2019,0.0,2232.0,0.38045,0.08960900000000001,CRI,ROU,847989
5647758,58,185,9220,2019,63589.0,7237.0,0.657782,0.209481,CYP,ROU,847989
5647759,59,185,9220,2019,9212610.0,1938068.0,1.797611,0.406708,CZE,ROU,847989
5647760,61,185,9220,2019,214358080.0,119764912.0,2.078626,-2.124816,DEU,ROU,847989
5647761,64,185,9220,2019,3861498.0,298000.0,1.0768280000000001,1.2615610000000002,DNK,ROU,847989
5647762,65,185,9220,2019,0.0,20413.0,-0.20594,0.309785,DOM,ROU,847989
5647763,66,185,9220,2019,0.0,513978.0,-1.008866,-1.215228,DZA,ROU,847989
5647764,67,185,9220,2019,3425.0,18281.0,-1.12261,-1.094275,ECU,ROU,847989
5647765,68,185,9220,2019,0.0,356992.0,-0.152353,1.5426309999999999,EGY,ROU,847989
5647766,71,185,9220,2019,6740896.0,5934430.0,0.678454,3.007838,ESP,ROU,847989
5647767,72,185,9220,2019,88609.0,26036.0,0.962284,1.346195,EST,ROU,847989
5647768,73,185,9220,2019,0.0,1029.0,-1.073631,-0.617885,ETH,ROU,847989
5647769,74,185,9220,2019,6476702.0,480079.0,1.495278,1.034435,FIN,ROU,847989
5647770,77,185,9220,2019,21059548.0,4384636.0,1.380982,0.9510629999999999,FRA,ROU,847989
5647771,80,185,9220,2019,0.0,795987.0,-1.08556,-1.183434,GAB,ROU,847989
5647772,81,185,9220,2019,4294473.0,1512390.0,1.731106,0.717566,GBR,ROU,847989
5647773,85,185,9220,2019,0.0,20544.0,-1.366633,-1.196123,GIN,ROU,847989
5647774,90,185,9220,2019,24243.0,147167.0,0.08904400000000001,1.059396,GRC,ROU,847989
5647775,97,185,9220,2019,107195.0,87160.0,0.992556,1.523004,HKG,ROU,847989
5647776,100,185,9220,2019,1007965.0,54282.0,0.850527,1.280845,HRV,ROU,847989
5647777,102,185,9220,2019,8603230.0,5411088.0,1.462102,0.809183,HUN,ROU,847989
5647778,103,185,9220,2019,5298.0,31093.0,-0.141811,1.385726,IDN,ROU,847989
5647779,104,185,9220,2019,699950.0,2018175.0,0.43196,2.661139,IND,ROU,847989
5647780,106,185,9220,2019,297767.0,22639.0,1.3812389999999999,-0.025366,IRL,ROU,847989
5647781,108,185,9220,2019,0.0,27862.0,-1.593359,-0.9927860000000001,IRQ,ROU,847989
5647782,109,185,9220,2019,0.0,118374.0,0.378873,-0.162129,ISL,ROU,847989
5647783,110,185,9220,2019,198604.0,57972.0,1.488686,0.823376,ISR,ROU,847989
5647784,111,185,9220,2019,44957132.0,7946072.0,1.25898,0.926639,ITA,ROU,847989
5647785,113,185,9220,2019,0.0,68859.0,-0.003529,0.255816,JOR,ROU,847989
5647786,114,185,9220,2019,6624356.0,220133.0,2.4931509999999997,-0.558811,JPN,ROU,847989
5647787,115,185,9220,2019,3422.0,2485107.0,-0.26529400000000003,-0.523479,KAZ,ROU,847989
5647788,116,185,9220,2019,0.0,2306.0,-0.406684,0.8588969999999999,KEN,ROU,847989
5647789,121,185,9220,2019,4027978.0,2244186.0,2.115482,0.696838,KOR,ROU,847989
5647790,122,185,9220,2019,61212.0,18850.0,0.081686,-1.087259,KWT,ROU,847989
5647791,124,185,9220,2019,37368.0,46419.0,0.26155700000000004,1.062317,LBN,ROU,847989
5647792,128,185,9220,2019,0.0,13920.0,-0.592952,0.394811,LKA,ROU,847989
5647793,130,185,9220,2019,4926.0,0.0,0.858456,1.364581,LTU,ROU,847989
5647794,131,185,9220,2019,84878.0,3627.0,1.234145,1.3754309999999998,LUX,ROU,847989
5647795,132,185,9220,2019,3845.0,4915.0,0.7804300000000001,1.159592,LVA,ROU,847989
5647796,134,185,9220,2019,22362.0,1196070.0,-0.747739,-0.154125,MAR,ROU,847989
5647797,135,185,9220,2019,138749.0,1130292.0,-0.333385,-0.35752,MDA,ROU,847989
5647798,138,185,9220,2019,216772.0,3923140.0,1.083041,0.569353,MEX,ROU,847989
5647799,140,185,9220,2019,372995.0,886363.0,0.050624,-0.11143299999999999,MKD,ROU,847989
5647800,142,185,9220,2019,0.0,2824.0,0.893992,0.25255500000000003,MLT,ROU,847989
5647801,143,185,9220,2019,0.0,1024.0,-1.196733,-0.435766,MMR,ROU,847989
5647802,144,185,9220,2019,0.0,19151.0,0.40415100000000004,0.068967,MNE,ROU,847989
5647803,145,185,9220,2019,0.0,644.0,-1.1612049999999998,-1.1615739999999999,MNG,ROU,847989
5647804,153,185,9220,2019,240581.0,108524.0,1.192967,0.730971,MYS,ROU,847989
5647805,159,185,9220,2019,0.0,1782034.0,-1.7383970000000002,-1.220333,NGA,ROU,847989
5647806,160,185,9220,2019,0.0,1011.0,-1.058553,-0.854482,NIC,ROU,847989
5647807,162,185,9220,2019,8125047.0,8354026.0,1.145044,1.3523530000000001,NLD,ROU,847989
5647808,163,185,9220,2019,1628576.0,9579089.0,0.6957300000000001,0.181607,NOR,ROU,847989
5647809,164,185,9220,2019,0.0,1348.0,-0.23868000000000003,0.42732299999999995,NPL,ROU,847989
5647810,166,185,9220,2019,0.0,113300.0,0.119281,0.039036,NZL,ROU,847989
5647811,167,185,9220,2019,5730.0,2827058.0,-0.40120100000000003,-0.881602,OMN,ROU,847989
5647812,168,185,9220,2019,0.0,174977.0,-0.6909270000000001,0.8651120000000001,PAK,ROU,847989
5647813,173,185,9220,2019,0.0,8053.0,-0.76944,-0.216619,PER,ROU,847989
5647814,174,185,9220,2019,0.0,7701.0,0.762884,0.3318,PHL,ROU,847989
5647815,177,185,9220,2019,10586931.0,1801010.0,1.088347,1.275875,POL,ROU,847989
5647816,179,185,9220,2019,2157767.0,473844.0,0.545467,2.344447,PRT,ROU,847989
5647817,182,185,9220,2019,0.0,9325.0,0.30119,-0.39213000000000003,PYF,ROU,847989
5647818,183,185,9220,2019,0.0,8708.0,-0.064127,-1.065046,QAT,ROU,847989
5647819,186,185,9220,2019,449241.0,6960104.0,0.329884,0.26215,RUS,ROU,847989
5647820,188,185,9220,2019,1041.0,1794321.0,0.787798,-0.41350600000000004,SAU,ROU,847989
5647821,192,185,9220,2019,357476.0,27868.0,2.0264599999999997,0.665506,SGP,ROU,847989
5647822,201,185,9220,2019,57626.0,851972.0,0.543913,1.210102,SRB,ROU,847989
5647823,206,185,9220,2019,3525504.0,2945670.0,1.39311,0.743107,SVK,ROU,847989
5647824,207,185,9220,2019,2253883.0,122809.0,1.63711,0.803198,SVN,ROU,847989
5647825,208,185,9220,2019,2928006.0,40643.0,1.781148,0.742037,SWE,ROU,847989
5647826,216,185,9220,2019,11695.0,253483.0,0.9744229999999999,1.401199,THA,ROU,847989
5647827,219,185,9220,2019,0.0,94455.0,-0.9725950000000001,-1.16562,TKM,ROU,847989
5647828,222,185,9220,2019,0.0,254608.0,0.1861,-0.874604,TTO,ROU,847989
5647829,223,185,9220,2019,0.0,72718.0,0.19601300000000002,1.159766,TUN,ROU,847989
5647830,224,185,9220,2019,14273394.0,1359722.0,0.569408,2.364546,TUR,ROU,847989
5647831,226,185,9220,2019,0.0,3079.0,-0.907172,0.37293899999999996,TZA,ROU,847989
5647832,228,185,9220,2019,424820.0,426347.0,0.303802,0.5650270000000001,UKR,ROU,847989
5647833,230,185,9220,2019,0.0,3670.0,-0.077549,-0.473943,URY,ROU,847989
5647834,231,185,9220,2019,5501748.0,8831487.0,1.606808,0.3232,USA,ROU,847989
5647835,232,185,9220,2019,0.0,8743.0,-0.5856060000000001,-0.311248,UZB,ROU,847989
5647836,239,185,9220,2019,0.0,714185.0,-0.048147,1.098784,VNM,ROU,847989
5647837,246,185,9220,2019,0.0,287238.0,0.129921,1.101027,ZAF,ROU,847989
5647838,249,185,9220,2019,175378.0,12153.0,2.123296,1.1786969999999999,TWN,ROU,847989
5647839,2,186,9220,2019,4462.0,11778.0,-1.096127,-1.195434,AGO,RUS,847989
5647840,4,186,9220,2019,0.0,9235.0,-0.459614,-0.019257,ALB,RUS,847989
5647841,7,186,9220,2019,2207504.0,941453.0,-0.165113,-0.8973540000000001,ARE,RUS,847989
5647842,8,186,9220,2019,346030.0,2798.0,-0.136634,0.127073,ARG,RUS,847989
5647843,9,186,9220,2019,37735.0,2077223.0,-0.203986,-0.667607,ARM,RUS,847989
5647844,14,186,9220,2019,247523.0,31865.0,-0.294558,-0.180198,AUS,RUS,847989
5647845,15,186,9220,2019,12505178.0,11045.0,1.743927,-0.076778,AUT,RUS,847989
5647846,16,186,9220,2019,265736.0,4137106.0,-1.005636,-1.2094209999999999,AZE,RUS,847989
5647847,18,186,9220,2019,4302576.0,16064.0,1.2555969999999999,1.168642,BEL,RUS,847989
5647848,22,186,9220,2019,0.0,937859.0,-1.113148,-0.9513299999999999,BGD,RUS,847989
5647849,23,186,9220,2019,1300192.0,506750.0,0.572997,1.863346,BGR,RUS,847989
5647850,24,186,9220,2019,0.0,492489.0,0.378349,-0.621468,BHR,RUS,847989
5647851,26,186,9220,2019,0.0,92494.0,0.6525,0.83988,BIH,RUS,847989
5647852,28,186,9220,2019,13134608.0,31704996.0,0.7849649999999999,0.8951600000000001,BLR,RUS,847989
5647853,29,186,9220,2019,0.0,71113.0,-0.484834,-0.638616,BLZ,RUS,847989
5647854,32,186,9220,2019,129682.0,157750.0,0.076947,0.660604,BRA,RUS,847989
5647855,39,186,9220,2019,8502298.0,135064.0,0.657292,1.187872,CAN,RUS,847989
5647856,41,186,9220,2019,8717840.0,106248.0,2.1990849999999997,0.8394229999999999,CHE,RUS,847989
5647857,42,186,9220,2019,12045.0,39585.0,-0.34416199999999997,-0.432674,CHL,RUS,847989
5647858,43,186,9220,2019,152681472.0,2356678.0,1.196265,1.2258870000000002,CHN,RUS,847989
5647859,44,186,9220,2019,23183.0,0.0,-0.9916719999999999,-0.960625,CIV,RUS,847989
5647860,46,186,9220,2019,0.0,12924.0,-1.2685879999999998,-1.148403,COD,RUS,847989
5647861,47,186,9220,2019,829.0,4386.0,-1.305193,-1.162808,COG,RUS,847989
5647862,49,186,9220,2019,45674.0,576410.0,0.099936,-0.15568800000000002,COL,RUS,847989
5647863,54,186,9220,2019,0.0,1253390.0,-0.880892,-1.141591,CUB,RUS,847989
5647864,58,186,9220,2019,8099.0,27460.0,0.657782,0.209481,CYP,RUS,847989
5647865,59,186,9220,2019,10827536.0,129443.0,1.797611,0.406708,CZE,RUS,847989
5647866,61,186,9220,2019,335265664.0,740759.0,2.078626,-2.124816,DEU,RUS,847989
5647867,64,186,9220,2019,11607278.0,56245.0,1.0768280000000001,1.2615610000000002,DNK,RUS,847989
5647868,66,186,9220,2019,0.0,232432.0,-1.008866,-1.215228,DZA,RUS,847989
5647869,67,186,9220,2019,0.0,388256.0,-1.12261,-1.094275,ECU,RUS,847989
5647870,68,186,9220,2019,1292.0,183687.0,-0.152353,1.5426309999999999,EGY,RUS,847989
5647871,71,186,9220,2019,13204124.0,49135.0,0.678454,3.007838,ESP,RUS,847989
5647872,72,186,9220,2019,4065834.0,1392616.0,0.962284,1.346195,EST,RUS,847989
5647873,73,186,9220,2019,0.0,2225.0,-1.073631,-0.617885,ETH,RUS,847989
5647874,74,186,9220,2019,26595902.0,2812192.0,1.495278,1.034435,FIN,RUS,847989
5647875,77,186,9220,2019,7265137.0,40248.0,1.380982,0.9510629999999999,FRA,RUS,847989
5647876,80,186,9220,2019,0.0,15613.0,-1.08556,-1.183434,GAB,RUS,847989
5647877,81,186,9220,2019,5156443.0,607885.0,1.731106,0.717566,GBR,RUS,847989
5647878,82,186,9220,2019,80760.0,1293751.0,-0.057798,-0.206771,GEO,RUS,847989
5647879,83,186,9220,2019,0.0,5447.0,-0.9581,-0.8727879999999999,GHA,RUS,847989
5647880,85,186,9220,2019,0.0,27325.0,-1.366633,-1.196123,GIN,RUS,847989
5647881,90,186,9220,2019,17755.0,0.0,0.08904400000000001,1.059396,GRC,RUS,847989
5647882,97,186,9220,2019,675753.0,53995.0,0.992556,1.523004,HKG,RUS,847989
5647883,100,186,9220,2019,181146.0,255596.0,0.850527,1.280845,HRV,RUS,847989
5647884,102,186,9220,2019,4307998.0,291428.0,1.462102,0.809183,HUN,RUS,847989
5647885,103,186,9220,2019,30023.0,368678.0,-0.141811,1.385726,IDN,RUS,847989
5647886,104,186,9220,2019,9170225.0,11292087.0,0.43196,2.661139,IND,RUS,847989
5647887,106,186,9220,2019,75128.0,35904.0,1.3812389999999999,-0.025366,IRL,RUS,847989
5647888,107,186,9220,2019,37451.0,1123388.0,-0.386813,-0.467873,IRN,RUS,847989
5647889,108,186,9220,2019,0.0,180133.0,-1.593359,-0.9927860000000001,IRQ,RUS,847989
5647890,109,186,9220,2019,359570.0,0.0,0.378873,-0.162129,ISL,RUS,847989
5647891,110,186,9220,2019,846694.0,31547.0,1.488686,0.823376,ISR,RUS,847989
5647892,111,186,9220,2019,97206536.0,852828.0,1.25898,0.926639,ITA,RUS,847989
5647893,113,186,9220,2019,0.0,16568.0,-0.003529,0.255816,JOR,RUS,847989
5647894,114,186,9220,2019,15651008.0,186723.0,2.4931509999999997,-0.558811,JPN,RUS,847989
5647895,115,186,9220,2019,705145.0,31319752.0,-0.26529400000000003,-0.523479,KAZ,RUS,847989
5647896,116,186,9220,2019,0.0,18677.0,-0.406684,0.8588969999999999,KEN,RUS,847989
5647897,117,186,9220,2019,20353.0,343421.0,-0.297072,0.306611,KGZ,RUS,847989
5647898,118,186,9220,2019,0.0,2868.0,-0.7499359999999999,-0.627125,KHM,RUS,847989
5647899,121,186,9220,2019,41571156.0,1373387.0,2.115482,0.696838,KOR,RUS,847989
5647900,122,186,9220,2019,96595.0,77485.0,0.081686,-1.087259,KWT,RUS,847989
5647901,123,186,9220,2019,0.0,72154.0,-0.8232889999999999,-0.7276590000000001,LAO,RUS,847989
5647902,126,186,9220,2019,0.0,46323.0,-1.552842,-1.2316690000000001,LBY,RUS,847989
5647903,128,186,9220,2019,0.0,1115.0,-0.592952,0.394811,LKA,RUS,847989
5647904,130,186,9220,2019,20802336.0,544513.0,0.858456,1.364581,LTU,RUS,847989
5647905,131,186,9220,2019,161248.0,0.0,1.234145,1.3754309999999998,LUX,RUS,847989
5647906,132,186,9220,2019,3359851.0,777011.0,0.7804300000000001,1.159592,LVA,RUS,847989
5647907,134,186,9220,2019,0.0,19827.0,-0.747739,-0.154125,MAR,RUS,847989
5647908,135,186,9220,2019,103889.0,351488.0,-0.333385,-0.35752,MDA,RUS,847989
5647909,137,186,9220,2019,0.0,16938.0,-0.37792800000000004,-0.8963059999999999,MDV,RUS,847989
5647910,138,186,9220,2019,839131.0,79626.0,1.083041,0.569353,MEX,RUS,847989
5647911,140,186,9220,2019,1033064.0,0.0,0.050624,-0.11143299999999999,MKD,RUS,847989
5647912,141,186,9220,2019,0.0,42715.0,-0.381732,-0.606313,MLI,RUS,847989
5647913,142,186,9220,2019,542435.0,0.0,0.893992,0.25255500000000003,MLT,RUS,847989
5647914,143,186,9220,2019,0.0,1724585.0,-1.196733,-0.435766,MMR,RUS,847989
5647915,145,186,9220,2019,9442.0,131850.0,-1.1612049999999998,-1.1615739999999999,MNG,RUS,847989
5647916,153,186,9220,2019,628237.0,599402.0,1.192967,0.730971,MYS,RUS,847989
5647917,159,186,9220,2019,0.0,91193.0,-1.7383970000000002,-1.220333,NGA,RUS,847989
5647918,162,186,9220,2019,22262060.0,893586.0,1.145044,1.3523530000000001,NLD,RUS,847989
5647919,163,186,9220,2019,4684243.0,286920.0,0.6957300000000001,0.181607,NOR,RUS,847989
5647920,166,186,9220,2019,25282.0,1580.0,0.119281,0.039036,NZL,RUS,847989
5647921,167,186,9220,2019,0.0,962171.0,-0.40120100000000003,-0.881602,OMN,RUS,847989
5647922,168,186,9220,2019,0.0,15183.0,-0.6909270000000001,0.8651120000000001,PAK,RUS,847989
5647923,169,186,9220,2019,0.0,19528.0,0.00926,-0.308483,PAN,RUS,847989
5647924,173,186,9220,2019,0.0,293597.0,-0.76944,-0.216619,PER,RUS,847989
5647925,174,186,9220,2019,0.0,77650.0,0.762884,0.3318,PHL,RUS,847989
5647926,176,186,9220,2019,0.0,76342.0,-1.654143,-1.249707,PNG,RUS,847989
5647927,177,186,9220,2019,112891712.0,528521.0,1.088347,1.275875,POL,RUS,847989
5647928,179,186,9220,2019,463893.0,0.0,0.545467,2.344447,PRT,RUS,847989
5647929,183,186,9220,2019,0.0,684964.0,-0.064127,-1.065046,QAT,RUS,847989
5647930,185,186,9220,2019,6960104.0,449241.0,1.044289,1.013691,ROU,RUS,847989
5647931,187,186,9220,2019,0.0,2362.0,-0.812602,-0.737603,RWA,RUS,847989
5647932,188,186,9220,2019,0.0,66349.0,0.787798,-0.41350600000000004,SAU,RUS,847989
5647933,190,186,9220,2019,0.0,92799.0,-1.25579,-1.208796,SDN,RUS,847989
5647934,191,186,9220,2019,0.0,16058.0,-0.721992,-0.385479,SEN,RUS,847989
5647935,192,186,9220,2019,4254178.0,364783.0,2.0264599999999997,0.665506,SGP,RUS,847989
5647936,196,186,9220,2019,0.0,1732.0,-0.402403,-0.639318,SLE,RUS,847989
5647937,198,186,9220,2019,5308.0,0.0,1.144691,0.7038989999999999,SMR,RUS,847989
5647938,199,186,9220,2019,0.0,7801.0,-1.046802,-0.961166,SOM,RUS,847989
5647939,201,186,9220,2019,519134.0,546831.0,0.543913,1.210102,SRB,RUS,847989
5647940,202,186,9220,2019,0.0,87987.0,-1.8098990000000001,-1.0067979999999999,SSD,RUS,847989
5647941,206,186,9220,2019,5174478.0,28320.0,1.39311,0.743107,SVK,RUS,847989
5647942,207,186,9220,2019,2209094.0,9983.0,1.63711,0.803198,SVN,RUS,847989
5647943,208,186,9220,2019,12998123.0,111741.0,1.781148,0.742037,SWE,RUS,847989
5647944,211,186,9220,2019,0.0,1643.0,0.024113,-0.711363,SYC,RUS,847989
5647945,212,186,9220,2019,0.0,320173.0,-0.67825,0.385416,SYR,RUS,847989
5647946,214,186,9220,2019,0.0,2751.0,-2.636669,-1.033665,TCD,RUS,847989
5647947,216,186,9220,2019,58529.0,15997.0,0.9744229999999999,1.401199,THA,RUS,847989
5647948,217,186,9220,2019,0.0,596383.0,-0.7940020000000001,-1.075605,TJK,RUS,847989
5647949,219,186,9220,2019,0.0,1157942.0,-0.9725950000000001,-1.16562,TKM,RUS,847989
5647950,222,186,9220,2019,0.0,8491.0,0.1861,-0.874604,TTO,RUS,847989
5647951,224,186,9220,2019,13764424.0,60710.0,0.569408,2.364546,TUR,RUS,847989
5647952,227,186,9220,2019,0.0,5153.0,-0.639476,0.148255,UGA,RUS,847989
5647953,228,186,9220,2019,4223082.0,2908681.0,0.303802,0.5650270000000001,UKR,RUS,847989
5647954,231,186,9220,2019,98976456.0,2665450.0,1.606808,0.3232,USA,RUS,847989
5647955,232,186,9220,2019,14821.0,4166154.0,-0.5856060000000001,-0.311248,UZB,RUS,847989
5647956,236,186,9220,2019,0.0,550132.0,-1.318175,-1.2506110000000001,VEN,RUS,847989
5647957,239,186,9220,2019,73219944.0,542602.0,-0.048147,1.098784,VNM,RUS,847989
5647958,246,186,9220,2019,795728.0,14993.0,0.129921,1.101027,ZAF,RUS,847989
5647959,249,186,9220,2019,1415909.0,3378.0,2.123296,1.1786969999999999,TWN,RUS,847989
5647960,250,186,9220,2019,773943.0,120932.0,0.8996129999999999,-0.152746,ANS,RUS,847989
5647961,7,187,9220,2019,6347069.0,0.0,-0.165113,-0.8973540000000001,ARE,RWA,847989
5647962,18,187,9220,2019,10712.0,0.0,1.2555969999999999,1.168642,BEL,RWA,847989
5647963,41,187,9220,2019,2805.0,0.0,2.1990849999999997,0.8394229999999999,CHE,RWA,847989
5647964,43,187,9220,2019,391643.0,0.0,1.196265,1.2258870000000002,CHN,RWA,847989
5647965,46,187,9220,2019,0.0,5599.0,-1.2685879999999998,-1.148403,COD,RWA,847989
5647966,61,187,9220,2019,777219.0,0.0,2.078626,-2.124816,DEU,RWA,847989
5647967,77,187,9220,2019,6834.0,0.0,1.380982,0.9510629999999999,FRA,RWA,847989
5647968,81,187,9220,2019,98858.0,4279.0,1.731106,0.717566,GBR,RWA,847989
5647969,104,187,9220,2019,889942.0,0.0,0.43196,2.661139,IND,RWA,847989
5647970,110,187,9220,2019,1292.0,0.0,1.488686,0.823376,ISR,RWA,847989
5647971,111,187,9220,2019,1619.0,0.0,1.25898,0.926639,ITA,RWA,847989
5647972,114,187,9220,2019,787.0,0.0,2.4931509999999997,-0.558811,JPN,RWA,847989
5647973,116,187,9220,2019,36135.0,0.0,-0.406684,0.8588969999999999,KEN,RWA,847989
5647974,121,187,9220,2019,52353.0,0.0,2.115482,0.696838,KOR,RWA,847989
5647975,128,187,9220,2019,6137.0,0.0,-0.592952,0.394811,LKA,RWA,847989
5647976,162,187,9220,2019,1225.0,0.0,1.145044,1.3523530000000001,NLD,RWA,847989
5647977,179,187,9220,2019,2521.0,0.0,0.545467,2.344447,PRT,RWA,847989
5647978,186,187,9220,2019,2362.0,0.0,0.329884,0.26215,RUS,RWA,847989
5647979,208,187,9220,2019,1395.0,0.0,1.781148,0.742037,SWE,RWA,847989
5647980,224,187,9220,2019,87156.0,0.0,0.569408,2.364546,TUR,RWA,847989
5647981,226,187,9220,2019,903.0,0.0,-0.907172,0.37293899999999996,TZA,RWA,847989
5647982,227,187,9220,2019,2336.0,522.0,-0.639476,0.148255,UGA,RWA,847989
5647983,231,187,9220,2019,3933.0,0.0,1.606808,0.3232,USA,RWA,847989
5647984,246,187,9220,2019,85289.0,0.0,0.129921,1.101027,ZAF,RWA,847989
5647985,247,187,9220,2019,2383.0,0.0,-0.629261,-0.8471489999999999,ZMB,RWA,847989
5647986,7,190,9220,2019,432140.0,0.0,-0.165113,-0.8973540000000001,ARE,SDN,847989
5647987,15,190,9220,2019,26453.0,0.0,1.743927,-0.076778,AUT,SDN,847989
5647988,24,190,9220,2019,1596.0,0.0,0.378349,-0.621468,BHR,SDN,847989
5647989,28,190,9220,2019,18036.0,0.0,0.7849649999999999,0.8951600000000001,BLR,SDN,847989
5647990,32,190,9220,2019,3467.0,0.0,0.076947,0.660604,BRA,SDN,847989
5647991,39,190,9220,2019,9051.0,0.0,0.657292,1.187872,CAN,SDN,847989
5647992,41,190,9220,2019,18544.0,0.0,2.1990849999999997,0.8394229999999999,CHE,SDN,847989
5647993,43,190,9220,2019,6612398.0,0.0,1.196265,1.2258870000000002,CHN,SDN,847989
5647994,61,190,9220,2019,738278.0,0.0,2.078626,-2.124816,DEU,SDN,847989
5647995,77,190,9220,2019,51412.0,0.0,1.380982,0.9510629999999999,FRA,SDN,847989
5647996,81,190,9220,2019,9947.0,0.0,1.731106,0.717566,GBR,SDN,847989
5647997,104,190,9220,2019,832608.0,0.0,0.43196,2.661139,IND,SDN,847989
5647998,111,190,9220,2019,286301.0,0.0,1.25898,0.926639,ITA,SDN,847989
5647999,121,190,9220,2019,130271.0,0.0,2.115482,0.696838,KOR,SDN,847989
5648000,124,190,9220,2019,1966.0,0.0,0.26155700000000004,1.062317,LBN,SDN,847989
5648001,134,190,9220,2019,6428.0,0.0,-0.747739,-0.154125,MAR,SDN,847989
5648002,159,190,9220,2019,0.0,487583.0,-1.7383970000000002,-1.220333,NGA,SDN,847989
5648003,162,190,9220,2019,5627.0,0.0,1.145044,1.3523530000000001,NLD,SDN,847989
5648004,168,190,9220,2019,2083.0,0.0,-0.6909270000000001,0.8651120000000001,PAK,SDN,847989
5648005,179,190,9220,2019,99582.0,0.0,0.545467,2.344447,PRT,SDN,847989
5648006,186,190,9220,2019,92799.0,0.0,0.329884,0.26215,RUS,SDN,847989
5648007,188,190,9220,2019,54954.0,0.0,0.787798,-0.41350600000000004,SAU,SDN,847989
5648008,208,190,9220,2019,1904.0,0.0,1.781148,0.742037,SWE,SDN,847989
5648009,224,190,9220,2019,635943.0,2221.0,0.569408,2.364546,TUR,SDN,847989
5648010,246,190,9220,2019,24043.0,0.0,0.129921,1.101027,ZAF,SDN,847989
5648011,2,191,9220,2019,68793.0,0.0,-1.096127,-1.195434,AGO,SEN,847989
5648012,4,191,9220,2019,0.0,3009.0,-0.459614,-0.019257,ALB,SEN,847989
5648013,7,191,9220,2019,520710.0,0.0,-0.165113,-0.8973540000000001,ARE,SEN,847989
5648014,13,191,9220,2019,1050.0,0.0,0.391831,-0.723957,ATG,SEN,847989
5648015,14,191,9220,2019,8629.0,0.0,-0.294558,-0.180198,AUS,SEN,847989
5648016,15,191,9220,2019,2229.0,0.0,1.743927,-0.076778,AUT,SEN,847989
5648017,16,191,9220,2019,3050.0,0.0,-1.005636,-1.2094209999999999,AZE,SEN,847989
5648018,18,191,9220,2019,78754.0,0.0,1.2555969999999999,1.168642,BEL,SEN,847989
5648019,19,191,9220,2019,0.0,13823.0,-0.861242,-0.8837440000000001,BEN,SEN,847989
5648020,32,191,9220,2019,366416.0,0.0,0.076947,0.660604,BRA,SEN,847989
5648021,41,191,9220,2019,40984.0,0.0,2.1990849999999997,0.8394229999999999,CHE,SEN,847989
5648022,43,191,9220,2019,1462156.0,0.0,1.196265,1.2258870000000002,CHN,SEN,847989
5648023,44,191,9220,2019,199631.0,13877.0,-0.9916719999999999,-0.960625,CIV,SEN,847989
5648024,45,191,9220,2019,10284.0,0.0,-1.461279,-1.214274,CMR,SEN,847989
5648025,61,191,9220,2019,598691.0,0.0,2.078626,-2.124816,DEU,SEN,847989
5648026,64,191,9220,2019,19290.0,0.0,1.0768280000000001,1.2615610000000002,DNK,SEN,847989
5648027,65,191,9220,2019,45377.0,0.0,-0.20594,0.309785,DOM,SEN,847989
5648028,71,191,9220,2019,335269.0,0.0,0.678454,3.007838,ESP,SEN,847989
5648029,72,191,9220,2019,2130.0,0.0,0.962284,1.346195,EST,SEN,847989
5648030,74,191,9220,2019,1700.0,0.0,1.495278,1.034435,FIN,SEN,847989
5648031,77,191,9220,2019,405707.0,18188.0,1.380982,0.9510629999999999,FRA,SEN,847989
5648032,81,191,9220,2019,2684238.0,812073.0,1.731106,0.717566,GBR,SEN,847989
5648033,87,191,9220,2019,12703.0,0.0,-1.0174450000000002,-0.790743,GMB,SEN,847989
5648034,103,191,9220,2019,9713.0,0.0,-0.141811,1.385726,IDN,SEN,847989
5648035,104,191,9220,2019,215127.0,0.0,0.43196,2.661139,IND,SEN,847989
5648036,106,191,9220,2019,5172.0,0.0,1.3812389999999999,-0.025366,IRL,SEN,847989
5648037,109,191,9220,2019,1098171.0,0.0,0.378873,-0.162129,ISL,SEN,847989
5648038,110,191,9220,2019,2656.0,0.0,1.488686,0.823376,ISR,SEN,847989
5648039,111,191,9220,2019,951904.0,6389.0,1.25898,0.926639,ITA,SEN,847989
5648040,121,191,9220,2019,27949.0,0.0,2.115482,0.696838,KOR,SEN,847989
5648041,124,191,9220,2019,1913.0,0.0,0.26155700000000004,1.062317,LBN,SEN,847989
5648042,134,191,9220,2019,16569.0,0.0,-0.747739,-0.154125,MAR,SEN,847989
5648043,141,191,9220,2019,1911.0,41303.0,-0.381732,-0.606313,MLI,SEN,847989
5648044,148,191,9220,2019,0.0,485233.0,-1.711918,-1.339005,MRT,SEN,847989
5648045,153,191,9220,2019,12416.0,0.0,1.192967,0.730971,MYS,SEN,847989
5648046,157,191,9220,2019,0.0,15202.0,-0.345047,-0.792769,NER,SEN,847989
5648047,162,191,9220,2019,3503.0,28523.0,1.145044,1.3523530000000001,NLD,SEN,847989
5648048,163,191,9220,2019,7527.0,0.0,0.6957300000000001,0.181607,NOR,SEN,847989
5648049,177,191,9220,2019,5470.0,0.0,1.088347,1.275875,POL,SEN,847989
5648050,179,191,9220,2019,10009.0,0.0,0.545467,2.344447,PRT,SEN,847989
5648051,186,191,9220,2019,16058.0,0.0,0.329884,0.26215,RUS,SEN,847989
5648052,188,191,9220,2019,22578.0,0.0,0.787798,-0.41350600000000004,SAU,SEN,847989
5648053,223,191,9220,2019,11452.0,0.0,0.19601300000000002,1.159766,TUN,SEN,847989
5648054,224,191,9220,2019,66392.0,2345.0,0.569408,2.364546,TUR,SEN,847989
5648055,227,191,9220,2019,55672.0,0.0,-0.639476,0.148255,UGA,SEN,847989
5648056,231,191,9220,2019,243717.0,0.0,1.606808,0.3232,USA,SEN,847989
5648057,239,191,9220,2019,4477.0,0.0,-0.048147,1.098784,VNM,SEN,847989
5648058,246,191,9220,2019,13824.0,0.0,0.129921,1.101027,ZAF,SEN,847989
5648059,249,191,9220,2019,864.0,0.0,2.123296,1.1786969999999999,TWN,SEN,847989
5648060,1,192,9220,2019,0.0,59205.0,-1.187576,-0.7731979999999999,AFG,SGP,847989
5648061,2,192,9220,2019,0.0,1947561.0,-1.096127,-1.195434,AGO,SGP,847989
5648062,7,192,9220,2019,1779162.0,25092172.0,-0.165113,-0.8973540000000001,ARE,SGP,847989
5648063,8,192,9220,2019,0.0,213590.0,-0.136634,0.127073,ARG,SGP,847989
5648064,9,192,9220,2019,8260.0,197161.0,-0.203986,-0.667607,ARM,SGP,847989
5648065,14,192,9220,2019,13329141.0,14843555.0,-0.294558,-0.180198,AUS,SGP,847989
5648066,15,192,9220,2019,2182608.0,2055108.0,1.743927,-0.076778,AUT,SGP,847989
5648067,16,192,9220,2019,0.0,2180412.0,-1.005636,-1.2094209999999999,AZE,SGP,847989
5648068,18,192,9220,2019,1233890.0,2096930.0,1.2555969999999999,1.168642,BEL,SGP,847989
5648069,19,192,9220,2019,0.0,1126.0,-0.861242,-0.8837440000000001,BEN,SGP,847989
5648070,22,192,9220,2019,69347.0,1921894.0,-1.113148,-0.9513299999999999,BGD,SGP,847989
5648071,23,192,9220,2019,66619.0,45403.0,0.572997,1.863346,BGR,SGP,847989
5648072,24,192,9220,2019,0.0,2423531.0,0.378349,-0.621468,BHR,SGP,847989
5648073,26,192,9220,2019,0.0,437.0,0.6525,0.83988,BIH,SGP,847989
5648074,31,192,9220,2019,0.0,198129.0,-1.012748,-0.999245,BOL,SGP,847989
5648075,32,192,9220,2019,1184433.0,4821806.0,0.076947,0.660604,BRA,SGP,847989
5648076,34,192,9220,2019,1122668.0,5487407.0,0.9608620000000001,-0.7012619999999999,BRN,SGP,847989
5648077,39,192,9220,2019,2099297.0,2127964.0,0.657292,1.187872,CAN,SGP,847989
5648078,41,192,9220,2019,20211998.0,6052496.0,2.1990849999999997,0.8394229999999999,CHE,SGP,847989
5648079,42,192,9220,2019,0.0,105325.0,-0.34416199999999997,-0.432674,CHL,SGP,847989
5648080,43,192,9220,2019,213331968.0,816566656.0,1.196265,1.2258870000000002,CHN,SGP,847989
5648081,44,192,9220,2019,3367.0,293277.0,-0.9916719999999999,-0.960625,CIV,SGP,847989
5648082,45,192,9220,2019,7392.0,1348428.0,-1.461279,-1.214274,CMR,SGP,847989
5648083,46,192,9220,2019,0.0,7710.0,-1.2685879999999998,-1.148403,COD,SGP,847989
5648084,47,192,9220,2019,0.0,529200.0,-1.305193,-1.162808,COG,SGP,847989
5648085,49,192,9220,2019,92253.0,1196738.0,0.099936,-0.15568800000000002,COL,SGP,847989
5648086,52,192,9220,2019,0.0,1422432.0,0.38045,0.08960900000000001,CRI,SGP,847989
5648087,58,192,9220,2019,0.0,523996.0,0.657782,0.209481,CYP,SGP,847989
5648088,59,192,9220,2019,672533.0,10624856.0,1.797611,0.406708,CZE,SGP,847989
5648089,61,192,9220,2019,109065576.0,48638864.0,2.078626,-2.124816,DEU,SGP,847989
5648090,62,192,9220,2019,0.0,18083.0,-0.602334,-0.794205,DJI,SGP,847989
5648091,64,192,9220,2019,2976114.0,320086.0,1.0768280000000001,1.2615610000000002,DNK,SGP,847989
5648092,65,192,9220,2019,0.0,2805.0,-0.20594,0.309785,DOM,SGP,847989
5648093,66,192,9220,2019,0.0,1473744.0,-1.008866,-1.215228,DZA,SGP,847989
5648094,67,192,9220,2019,0.0,1217661.0,-1.12261,-1.094275,ECU,SGP,847989
5648095,68,192,9220,2019,24643.0,4113050.0,-0.152353,1.5426309999999999,EGY,SGP,847989
5648096,71,192,9220,2019,7113280.0,1192089.0,0.678454,3.007838,ESP,SGP,847989
5648097,72,192,9220,2019,196426.0,115624.0,0.962284,1.346195,EST,SGP,847989
5648098,73,192,9220,2019,0.0,74017.0,-1.073631,-0.617885,ETH,SGP,847989
5648099,74,192,9220,2019,8726207.0,234895.0,1.495278,1.034435,FIN,SGP,847989
5648100,75,192,9220,2019,0.0,81950.0,-0.274278,-0.049333,FJI,SGP,847989
5648101,77,192,9220,2019,6476004.0,12141022.0,1.380982,0.9510629999999999,FRA,SGP,847989
5648102,80,192,9220,2019,0.0,875052.0,-1.08556,-1.183434,GAB,SGP,847989
5648103,81,192,9220,2019,16049446.0,11845475.0,1.731106,0.717566,GBR,SGP,847989
5648104,82,192,9220,2019,0.0,1382896.0,-0.057798,-0.206771,GEO,SGP,847989
5648105,83,192,9220,2019,61173.0,487742.0,-0.9581,-0.8727879999999999,GHA,SGP,847989
5648106,87,192,9220,2019,0.0,1207.0,-1.0174450000000002,-0.790743,GMB,SGP,847989
5648107,89,192,9220,2019,0.0,73230.0,-1.9057680000000001,-0.968132,GNQ,SGP,847989
5648108,90,192,9220,2019,309221.0,3844.0,0.08904400000000001,1.059396,GRC,SGP,847989
5648109,95,192,9220,2019,0.0,20098.0,0.12159400000000001,-0.657729,GUM,SGP,847989
5648110,96,192,9220,2019,0.0,1431.0,-0.308365,-0.7833359999999999,GUY,SGP,847989
5648111,97,192,9220,2019,37725428.0,65167548.0,0.992556,1.523004,HKG,SGP,847989
5648112,100,192,9220,2019,17187.0,0.0,0.850527,1.280845,HRV,SGP,847989
5648113,102,192,9220,2019,278142.0,4418772.0,1.462102,0.809183,HUN,SGP,847989
5648114,103,192,9220,2019,6375664.0,41381384.0,-0.141811,1.385726,IDN,SGP,847989
5648115,104,192,9220,2019,2790739.0,17422206.0,0.43196,2.661139,IND,SGP,847989
5648116,106,192,9220,2019,241824.0,823942.0,1.3812389999999999,-0.025366,IRL,SGP,847989
5648117,108,192,9220,2019,0.0,1470632.0,-1.593359,-0.9927860000000001,IRQ,SGP,847989
5648118,109,192,9220,2019,0.0,1904.0,0.378873,-0.162129,ISL,SGP,847989
5648119,110,192,9220,2019,1580027.0,24207622.0,1.488686,0.823376,ISR,SGP,847989
5648120,111,192,9220,2019,14898694.0,2096460.0,1.25898,0.926639,ITA,SGP,847989
5648121,112,192,9220,2019,4402.0,7069.0,-0.18387799999999999,-0.710004,JAM,SGP,847989
5648122,113,192,9220,2019,0.0,157186.0,-0.003529,0.255816,JOR,SGP,847989
5648123,114,192,9220,2019,223198672.0,216565920.0,2.4931509999999997,-0.558811,JPN,SGP,847989
5648124,115,192,9220,2019,85561.0,148354.0,-0.26529400000000003,-0.523479,KAZ,SGP,847989
5648125,116,192,9220,2019,0.0,1242.0,-0.406684,0.8588969999999999,KEN,SGP,847989
5648126,118,192,9220,2019,0.0,167728.0,-0.7499359999999999,-0.627125,KHM,SGP,847989
5648127,121,192,9220,2019,96665472.0,323365664.0,2.115482,0.696838,KOR,SGP,847989
5648128,122,192,9220,2019,106042.0,17805202.0,0.081686,-1.087259,KWT,SGP,847989
5648129,123,192,9220,2019,0.0,4320.0,-0.8232889999999999,-0.7276590000000001,LAO,SGP,847989
5648130,124,192,9220,2019,904.0,10806.0,0.26155700000000004,1.062317,LBN,SGP,847989
5648131,125,192,9220,2019,0.0,5485.0,-1.288568,-1.172395,LBR,SGP,847989
5648132,126,192,9220,2019,0.0,632589.0,-1.552842,-1.2316690000000001,LBY,SGP,847989
5648133,128,192,9220,2019,15604.0,468371.0,-0.592952,0.394811,LKA,SGP,847989
5648134,130,192,9220,2019,53385.0,2429.0,0.858456,1.364581,LTU,SGP,847989
5648135,131,192,9220,2019,0.0,1555263.0,1.234145,1.3754309999999998,LUX,SGP,847989
5648136,132,192,9220,2019,0.0,2413.0,0.7804300000000001,1.159592,LVA,SGP,847989
5648137,133,192,9220,2019,7699.0,15152.0,0.397984,-0.061689,MAC,SGP,847989
5648138,134,192,9220,2019,26500.0,1121952.0,-0.747739,-0.154125,MAR,SGP,847989
5648139,136,192,9220,2019,0.0,4535.0,-1.267516,-0.733849,MDG,SGP,847989
5648140,137,192,9220,2019,0.0,604476.0,-0.37792800000000004,-0.8963059999999999,MDV,SGP,847989
5648141,138,192,9220,2019,922549.0,2581781.0,1.083041,0.569353,MEX,SGP,847989
5648142,142,192,9220,2019,85047.0,379648.0,0.893992,0.25255500000000003,MLT,SGP,847989
5648143,143,192,9220,2019,5452.0,1092819.0,-1.196733,-0.435766,MMR,SGP,847989
5648144,144,192,9220,2019,0.0,13059.0,0.40415100000000004,0.068967,MNE,SGP,847989
5648145,145,192,9220,2019,0.0,141450.0,-1.1612049999999998,-1.1615739999999999,MNG,SGP,847989
5648146,146,192,9220,2019,0.0,11376.0,0.9892219999999999,-0.5955520000000001,MNP,SGP,847989
5648147,147,192,9220,2019,0.0,450025.0,-1.264532,-1.072626,MOZ,SGP,847989
5648148,148,192,9220,2019,0.0,26434.0,-1.711918,-1.339005,MRT,SGP,847989
5648149,151,192,9220,2019,10263.0,122345.0,-0.15909600000000002,0.034770999999999996,MUS,SGP,847989
5648150,153,192,9220,2019,309786400.0,145811520.0,1.192967,0.730971,MYS,SGP,847989
5648151,155,192,9220,2019,21374.0,864.0,-0.545575,-0.744274,NAM,SGP,847989
5648152,156,192,9220,2019,0.0,32445.0,-0.342544,-0.867944,NCL,SGP,847989
5648153,159,192,9220,2019,0.0,3910584.0,-1.7383970000000002,-1.220333,NGA,SGP,847989
5648154,162,192,9220,2019,35703196.0,26705470.0,1.145044,1.3523530000000001,NLD,SGP,847989
5648155,163,192,9220,2019,1076357.0,9442913.0,0.6957300000000001,0.181607,NOR,SGP,847989
5648156,164,192,9220,2019,898.0,49099.0,-0.23868000000000003,0.42732299999999995,NPL,SGP,847989
5648157,166,192,9220,2019,60432.0,522158.0,0.119281,0.039036,NZL,SGP,847989
5648158,167,192,9220,2019,0.0,2897766.0,-0.40120100000000003,-0.881602,OMN,SGP,847989
5648159,168,192,9220,2019,632326.0,3344120.0,-0.6909270000000001,0.8651120000000001,PAK,SGP,847989
5648160,169,192,9220,2019,0.0,56009.0,0.00926,-0.308483,PAN,SGP,847989
5648161,173,192,9220,2019,0.0,78157.0,-0.76944,-0.216619,PER,SGP,847989
5648162,174,192,9220,2019,1935629.0,34762432.0,0.762884,0.3318,PHL,SGP,847989
5648163,176,192,9220,2019,2623.0,439699.0,-1.654143,-1.249707,PNG,SGP,847989
5648164,177,192,9220,2019,832580.0,958521.0,1.088347,1.275875,POL,SGP,847989
5648165,179,192,9220,2019,165601.0,98265.0,0.545467,2.344447,PRT,SGP,847989
5648166,180,192,9220,2019,0.0,10495.0,-0.500999,-0.8635219999999999,PRY,SGP,847989
5648167,181,192,9220,2019,0.0,19264.0,0.05640800000000001,0.708102,PSE,SGP,847989
5648168,182,192,9220,2019,0.0,21493.0,0.30119,-0.39213000000000003,PYF,SGP,847989
5648169,183,192,9220,2019,0.0,6932150.0,-0.064127,-1.065046,QAT,SGP,847989
5648170,185,192,9220,2019,27868.0,357476.0,1.044289,1.013691,ROU,SGP,847989
5648171,186,192,9220,2019,364783.0,4254178.0,0.329884,0.26215,RUS,SGP,847989
5648172,188,192,9220,2019,5886.0,12165213.0,0.787798,-0.41350600000000004,SAU,SGP,847989
5648173,195,192,9220,2019,0.0,1109.0,-1.650959,-1.013001,SLB,SGP,847989
5648174,201,192,9220,2019,10140.0,12595.0,0.543913,1.210102,SRB,SGP,847989
5648175,206,192,9220,2019,877199.0,0.0,1.39311,0.743107,SVK,SGP,847989
5648176,207,192,9220,2019,45721.0,22496.0,1.63711,0.803198,SVN,SGP,847989
5648177,208,192,9220,2019,3491623.0,1790234.0,1.781148,0.742037,SWE,SGP,847989
5648178,209,192,9220,2019,0.0,566.0,0.087181,-0.760434,SWZ,SGP,847989
5648179,211,192,9220,2019,0.0,29903.0,0.024113,-0.711363,SYC,SGP,847989
5648180,214,192,9220,2019,0.0,27284.0,-2.636669,-1.033665,TCD,SGP,847989
5648181,216,192,9220,2019,7131724.0,152716080.0,0.9744229999999999,1.401199,THA,SGP,847989
5648182,220,192,9220,2019,0.0,1603.0,-1.173671,-1.002383,TLS,SGP,847989
5648183,221,192,9220,2019,0.0,4087.0,-0.057787,-0.671035,TON,SGP,847989
5648184,222,192,9220,2019,0.0,122634.0,0.1861,-0.874604,TTO,SGP,847989
5648185,223,192,9220,2019,33204.0,724330.0,0.19601300000000002,1.159766,TUN,SGP,847989
5648186,224,192,9220,2019,354472.0,336016.0,0.569408,2.364546,TUR,SGP,847989
5648187,226,192,9220,2019,0.0,5005.0,-0.907172,0.37293899999999996,TZA,SGP,847989
5648188,227,192,9220,2019,1754.0,0.0,-0.639476,0.148255,UGA,SGP,847989
5648189,228,192,9220,2019,77359.0,45376.0,0.303802,0.5650270000000001,UKR,SGP,847989
5648190,230,192,9220,2019,0.0,50726.0,-0.077549,-0.473943,URY,SGP,847989
5648191,231,192,9220,2019,164361008.0,156250016.0,1.606808,0.3232,USA,SGP,847989
5648192,232,192,9220,2019,0.0,205208.0,-0.5856060000000001,-0.311248,UZB,SGP,847989
5648193,236,192,9220,2019,0.0,123861.0,-1.318175,-1.2506110000000001,VEN,SGP,847989
5648194,239,192,9220,2019,14863008.0,43768552.0,-0.048147,1.098784,VNM,SGP,847989
5648195,240,192,9220,2019,0.0,4843.0,-0.88634,-0.943023,VUT,SGP,847989
5648196,242,192,9220,2019,0.0,1606.0,0.22290700000000002,-0.164178,WSM,SGP,847989
5648197,246,192,9220,2019,278886.0,699610.0,0.129921,1.101027,ZAF,SGP,847989
5648198,248,192,9220,2019,0.0,15399.0,-0.9993780000000001,-1.018174,ZWE,SGP,847989
5648199,249,192,9220,2019,30041030.0,413818144.0,2.123296,1.1786969999999999,TWN,SGP,847989
5648200,4,201,9220,2019,0.0,68502.0,-0.459614,-0.019257,ALB,SRB,847989
5648201,7,201,9220,2019,1089.0,14936.0,-0.165113,-0.8973540000000001,ARE,SRB,847989
5648202,14,201,9220,2019,7370.0,6105.0,-0.294558,-0.180198,AUS,SRB,847989
5648203,15,201,9220,2019,2374003.0,86791.0,1.743927,-0.076778,AUT,SRB,847989
5648204,18,201,9220,2019,1723728.0,8109.0,1.2555969999999999,1.168642,BEL,SRB,847989
5648205,23,201,9220,2019,249908.0,34407.0,0.572997,1.863346,BGR,SRB,847989
5648206,26,201,9220,2019,362223.0,1049480.0,0.6525,0.83988,BIH,SRB,847989
5648207,28,201,9220,2019,92309.0,40333.0,0.7849649999999999,0.8951600000000001,BLR,SRB,847989
5648208,32,201,9220,2019,4074.0,8439.0,0.076947,0.660604,BRA,SRB,847989
5648209,39,201,9220,2019,628270.0,0.0,0.657292,1.187872,CAN,SRB,847989
5648210,41,201,9220,2019,702703.0,92702.0,2.1990849999999997,0.8394229999999999,CHE,SRB,847989
5648211,43,201,9220,2019,8598109.0,59568.0,1.196265,1.2258870000000002,CHN,SRB,847989
5648212,59,201,9220,2019,1497928.0,45689.0,1.797611,0.406708,CZE,SRB,847989
5648213,61,201,9220,2019,36834904.0,969104.0,2.078626,-2.124816,DEU,SRB,847989
5648214,64,201,9220,2019,206511.0,2024.0,1.0768280000000001,1.2615610000000002,DNK,SRB,847989
5648215,66,201,9220,2019,0.0,2633729.0,-1.008866,-1.215228,DZA,SRB,847989
5648216,68,201,9220,2019,0.0,63407.0,-0.152353,1.5426309999999999,EGY,SRB,847989
5648217,71,201,9220,2019,428894.0,33451.0,0.678454,3.007838,ESP,SRB,847989
5648218,72,201,9220,2019,13335.0,0.0,0.962284,1.346195,EST,SRB,847989
5648219,74,201,9220,2019,116316.0,20393.0,1.495278,1.034435,FIN,SRB,847989
5648220,77,201,9220,2019,1942992.0,25217.0,1.380982,0.9510629999999999,FRA,SRB,847989
5648221,81,201,9220,2019,193566.0,33588.0,1.731106,0.717566,GBR,SRB,847989
5648222,82,201,9220,2019,0.0,1416.0,-0.057798,-0.206771,GEO,SRB,847989
5648223,90,201,9220,2019,63801.0,12488.0,0.08904400000000001,1.059396,GRC,SRB,847989
5648224,97,201,9220,2019,25984.0,76112.0,0.992556,1.523004,HKG,SRB,847989
5648225,100,201,9220,2019,4513223.0,602953.0,0.850527,1.280845,HRV,SRB,847989
5648226,102,201,9220,2019,3484648.0,116264.0,1.462102,0.809183,HUN,SRB,847989
5648227,104,201,9220,2019,155205.0,0.0,0.43196,2.661139,IND,SRB,847989
5648228,106,201,9220,2019,1173.0,0.0,1.3812389999999999,-0.025366,IRL,SRB,847989
5648229,110,201,9220,2019,38542.0,8087.0,1.488686,0.823376,ISR,SRB,847989
5648230,111,201,9220,2019,12667502.0,1022265.0,1.25898,0.926639,ITA,SRB,847989
5648231,114,201,9220,2019,300752.0,15371.0,2.4931509999999997,-0.558811,JPN,SRB,847989
5648232,116,201,9220,2019,0.0,4811.0,-0.406684,0.8588969999999999,KEN,SRB,847989
5648233,121,201,9220,2019,1687822.0,0.0,2.115482,0.696838,KOR,SRB,847989
5648234,130,201,9220,2019,44337.0,53619.0,0.858456,1.364581,LTU,SRB,847989
5648235,134,201,9220,2019,0.0,206000.0,-0.747739,-0.154125,MAR,SRB,847989
5648236,135,201,9220,2019,0.0,2284.0,-0.333385,-0.35752,MDA,SRB,847989
5648237,138,201,9220,2019,180637.0,26249.0,1.083041,0.569353,MEX,SRB,847989
5648238,140,201,9220,2019,199710.0,1325348.0,0.050624,-0.11143299999999999,MKD,SRB,847989
5648239,141,201,9220,2019,0.0,620.0,-0.381732,-0.606313,MLI,SRB,847989
5648240,142,201,9220,2019,1008.0,2121.0,0.893992,0.25255500000000003,MLT,SRB,847989
5648241,144,201,9220,2019,14152.0,643999.0,0.40415100000000004,0.068967,MNE,SRB,847989
5648242,153,201,9220,2019,5946.0,0.0,1.192967,0.730971,MYS,SRB,847989
5648243,162,201,9220,2019,1102991.0,2091.0,1.145044,1.3523530000000001,NLD,SRB,847989
5648244,163,201,9220,2019,827.0,0.0,0.6957300000000001,0.181607,NOR,SRB,847989
5648245,169,201,9220,2019,0.0,50593.0,0.00926,-0.308483,PAN,SRB,847989
5648246,173,201,9220,2019,0.0,21607.0,-0.76944,-0.216619,PER,SRB,847989
5648247,177,201,9220,2019,2198587.0,207110.0,1.088347,1.275875,POL,SRB,847989
5648248,179,201,9220,2019,49424.0,3599.0,0.545467,2.344447,PRT,SRB,847989
5648249,183,201,9220,2019,1348.0,0.0,-0.064127,-1.065046,QAT,SRB,847989
5648250,185,201,9220,2019,851972.0,57626.0,1.044289,1.013691,ROU,SRB,847989
5648251,186,201,9220,2019,546831.0,519134.0,0.329884,0.26215,RUS,SRB,847989
5648252,188,201,9220,2019,0.0,8609.0,0.787798,-0.41350600000000004,SAU,SRB,847989
5648253,192,201,9220,2019,12595.0,10140.0,2.0264599999999997,0.665506,SGP,SRB,847989
5648254,206,201,9220,2019,505370.0,20971.0,1.39311,0.743107,SVK,SRB,847989
5648255,207,201,9220,2019,5760357.0,405833.0,1.63711,0.803198,SVN,SRB,847989
5648256,208,201,9220,2019,153237.0,49369.0,1.781148,0.742037,SWE,SRB,847989
5648257,216,201,9220,2019,3916.0,0.0,0.9744229999999999,1.401199,THA,SRB,847989
5648258,217,201,9220,2019,0.0,845.0,-0.7940020000000001,-1.075605,TJK,SRB,847989
5648259,223,201,9220,2019,0.0,967.0,0.19601300000000002,1.159766,TUN,SRB,847989
5648260,224,201,9220,2019,5923013.0,85460.0,0.569408,2.364546,TUR,SRB,847989
5648261,226,201,9220,2019,0.0,62867.0,-0.907172,0.37293899999999996,TZA,SRB,847989
5648262,227,201,9220,2019,0.0,4920.0,-0.639476,0.148255,UGA,SRB,847989
5648263,228,201,9220,2019,48986.0,0.0,0.303802,0.5650270000000001,UKR,SRB,847989
5648264,230,201,9220,2019,4378.0,0.0,-0.077549,-0.473943,URY,SRB,847989
5648265,231,201,9220,2019,281117.0,81492.0,1.606808,0.3232,USA,SRB,847989
5648266,232,201,9220,2019,0.0,2750.0,-0.5856060000000001,-0.311248,UZB,SRB,847989
5648267,239,201,9220,2019,970256.0,12491.0,-0.048147,1.098784,VNM,SRB,847989
5648268,246,201,9220,2019,1515.0,5509.0,0.129921,1.101027,ZAF,SRB,847989
5648269,249,201,9220,2019,809386.0,0.0,2.123296,1.1786969999999999,TWN,SRB,847989
5648270,39,209,9220,2019,2593.0,0.0,0.657292,1.187872,CAN,SWZ,847989
5648271,41,209,9220,2019,35222.0,0.0,2.1990849999999997,0.8394229999999999,CHE,SWZ,847989
5648272,43,209,9220,2019,7520.0,57972.0,1.196265,1.2258870000000002,CHN,SWZ,847989
5648273,61,209,9220,2019,14853.0,0.0,2.078626,-2.124816,DEU,SWZ,847989
5648274,71,209,9220,2019,1292.0,0.0,0.678454,3.007838,ESP,SWZ,847989
5648275,73,209,9220,2019,0.0,1888114.0,-1.073631,-0.617885,ETH,SWZ,847989
5648276,77,209,9220,2019,0.0,1049.0,1.380982,0.9510629999999999,FRA,SWZ,847989
5648277,81,209,9220,2019,69159.0,0.0,1.731106,0.717566,GBR,SWZ,847989
5648278,103,209,9220,2019,0.0,1510.0,-0.141811,1.385726,IDN,SWZ,847989
5648279,104,209,9220,2019,4672.0,0.0,0.43196,2.661139,IND,SWZ,847989
5648280,114,209,9220,2019,297929.0,0.0,2.4931509999999997,-0.558811,JPN,SWZ,847989
5648281,116,209,9220,2019,5970.0,0.0,-0.406684,0.8588969999999999,KEN,SWZ,847989
5648282,121,209,9220,2019,2044.0,0.0,2.115482,0.696838,KOR,SWZ,847989
5648283,128,209,9220,2019,0.0,37241.0,-0.592952,0.394811,LKA,SWZ,847989
5648284,134,209,9220,2019,688.0,0.0,-0.747739,-0.154125,MAR,SWZ,847989
5648285,138,209,9220,2019,0.0,87795.0,1.083041,0.569353,MEX,SWZ,847989
5648286,143,209,9220,2019,0.0,14196.0,-1.196733,-0.435766,MMR,SWZ,847989
5648287,151,209,9220,2019,0.0,612.0,-0.15909600000000002,0.034770999999999996,MUS,SWZ,847989
5648288,168,209,9220,2019,0.0,81471.0,-0.6909270000000001,0.8651120000000001,PAK,SWZ,847989
5648289,177,209,9220,2019,8208.0,0.0,1.088347,1.275875,POL,SWZ,847989
5648290,192,209,9220,2019,566.0,0.0,2.0264599999999997,0.665506,SGP,SWZ,847989
5648291,216,209,9220,2019,0.0,19438.0,0.9744229999999999,1.401199,THA,SWZ,847989
5648292,231,209,9220,2019,0.0,7743.0,1.606808,0.3232,USA,SWZ,847989
5648293,246,209,9220,2019,653460.0,12287.0,0.129921,1.101027,ZAF,SWZ,847989
5648294,249,209,9220,2019,1087.0,0.0,2.123296,1.1786969999999999,TWN,SWZ,847989
5648295,7,211,9220,2019,63493.0,0.0,-0.165113,-0.8973540000000001,ARE,SYC,847989
5648296,14,211,9220,2019,13476.0,0.0,-0.294558,-0.180198,AUS,SYC,847989
5648297,18,211,9220,2019,1752.0,0.0,1.2555969999999999,1.168642,BEL,SYC,847989
5648298,41,211,9220,2019,1002.0,0.0,2.1990849999999997,0.8394229999999999,CHE,SYC,847989
5648299,43,211,9220,2019,15194.0,0.0,1.196265,1.2258870000000002,CHN,SYC,847989
5648300,61,211,9220,2019,31903.0,0.0,2.078626,-2.124816,DEU,SYC,847989
5648301,74,211,9220,2019,15303.0,0.0,1.495278,1.034435,FIN,SYC,847989
5648302,77,211,9220,2019,51196.0,0.0,1.380982,0.9510629999999999,FRA,SYC,847989
5648303,81,211,9220,2019,13982.0,0.0,1.731106,0.717566,GBR,SYC,847989
5648304,97,211,9220,2019,8706.0,0.0,0.992556,1.523004,HKG,SYC,847989
5648305,104,211,9220,2019,6365.0,25975.0,0.43196,2.661139,IND,SYC,847989
5648306,111,211,9220,2019,125828.0,0.0,1.25898,0.926639,ITA,SYC,847989
5648307,114,211,9220,2019,1500.0,0.0,2.4931509999999997,-0.558811,JPN,SYC,847989
5648308,124,211,9220,2019,1439.0,0.0,0.26155700000000004,1.062317,LBN,SYC,847989
5648309,128,211,9220,2019,1916.0,0.0,-0.592952,0.394811,LKA,SYC,847989
5648310,130,211,9220,2019,406.0,0.0,0.858456,1.364581,LTU,SYC,847989
5648311,151,211,9220,2019,53688.0,0.0,-0.15909600000000002,0.034770999999999996,MUS,SYC,847989
5648312,153,211,9220,2019,6500.0,0.0,1.192967,0.730971,MYS,SYC,847989
5648313,162,211,9220,2019,2593.0,0.0,1.145044,1.3523530000000001,NLD,SYC,847989
5648314,177,211,9220,2019,3037.0,0.0,1.088347,1.275875,POL,SYC,847989
5648315,186,211,9220,2019,1643.0,0.0,0.329884,0.26215,RUS,SYC,847989
5648316,192,211,9220,2019,29903.0,0.0,2.0264599999999997,0.665506,SGP,SYC,847989
5648317,208,211,9220,2019,749.0,0.0,1.781148,0.742037,SWE,SYC,847989
5648318,216,211,9220,2019,2153.0,0.0,0.9744229999999999,1.401199,THA,SYC,847989
5648319,224,211,9220,2019,2972.0,0.0,0.569408,2.364546,TUR,SYC,847989
5648320,231,211,9220,2019,11279.0,0.0,1.606808,0.3232,USA,SYC,847989
5648321,246,211,9220,2019,83102.0,1324.0,0.129921,1.101027,ZAF,SYC,847989
5648322,249,211,9220,2019,1816.0,0.0,2.123296,1.1786969999999999,TWN,SYC,847989
5648323,7,217,9220,2019,353931.0,0.0,-0.165113,-0.8973540000000001,ARE,TJK,847989
5648324,15,217,9220,2019,1031.0,0.0,1.743927,-0.076778,AUT,TJK,847989
5648325,28,217,9220,2019,1453.0,0.0,0.7849649999999999,0.8951600000000001,BLR,TJK,847989
5648326,43,217,9220,2019,1640588.0,0.0,1.196265,1.2258870000000002,CHN,TJK,847989
5648327,61,217,9220,2019,431132.0,0.0,2.078626,-2.124816,DEU,TJK,847989
5648328,64,217,9220,2019,3320.0,0.0,1.0768280000000001,1.2615610000000002,DNK,TJK,847989
5648329,72,217,9220,2019,2399.0,0.0,0.962284,1.346195,EST,TJK,847989
5648330,102,217,9220,2019,1456.0,0.0,1.462102,0.809183,HUN,TJK,847989
5648331,103,217,9220,2019,310225.0,0.0,-0.141811,1.385726,IDN,TJK,847989
5648332,104,217,9220,2019,269339.0,0.0,0.43196,2.661139,IND,TJK,847989
5648333,107,217,9220,2019,5400.0,0.0,-0.386813,-0.467873,IRN,TJK,847989
5648334,111,217,9220,2019,34025.0,0.0,1.25898,0.926639,ITA,TJK,847989
5648335,114,217,9220,2019,2554.0,0.0,2.4931509999999997,-0.558811,JPN,TJK,847989
5648336,115,217,9220,2019,3266.0,0.0,-0.26529400000000003,-0.523479,KAZ,TJK,847989
5648337,117,217,9220,2019,3680.0,0.0,-0.297072,0.306611,KGZ,TJK,847989
5648338,130,217,9220,2019,9181.0,0.0,0.858456,1.364581,LTU,TJK,847989
5648339,132,217,9220,2019,8013.0,0.0,0.7804300000000001,1.159592,LVA,TJK,847989
5648340,177,217,9220,2019,5542.0,0.0,1.088347,1.275875,POL,TJK,847989
5648341,186,217,9220,2019,596383.0,0.0,0.329884,0.26215,RUS,TJK,847989
5648342,201,217,9220,2019,845.0,0.0,0.543913,1.210102,SRB,TJK,847989
5648343,216,217,9220,2019,5634.0,0.0,0.9744229999999999,1.401199,THA,TJK,847989
5648344,224,217,9220,2019,498801.0,0.0,0.569408,2.364546,TUR,TJK,847989
5648345,231,217,9220,2019,14439.0,0.0,1.606808,0.3232,USA,TJK,847989
5648346,232,217,9220,2019,276494.0,0.0,-0.5856060000000001,-0.311248,UZB,TJK,847989
5648347,239,217,9220,2019,119077.0,0.0,-0.048147,1.098784,VNM,TJK,847989
5648348,7,219,9220,2019,1668988.0,0.0,-0.165113,-0.8973540000000001,ARE,TKM,847989
5648349,15,219,9220,2019,259341.0,0.0,1.743927,-0.076778,AUT,TKM,847989
5648350,16,219,9220,2019,39953.0,0.0,-1.005636,-1.2094209999999999,AZE,TKM,847989
5648351,39,219,9220,2019,16353.0,0.0,0.657292,1.187872,CAN,TKM,847989
5648352,43,219,9220,2019,1170121.0,0.0,1.196265,1.2258870000000002,CHN,TKM,847989
5648353,49,219,9220,2019,3703.0,0.0,0.099936,-0.15568800000000002,COL,TKM,847989
5648354,59,219,9220,2019,10145.0,0.0,1.797611,0.406708,CZE,TKM,847989
5648355,61,219,9220,2019,227736.0,0.0,2.078626,-2.124816,DEU,TKM,847989
5648356,74,219,9220,2019,404203.0,0.0,1.495278,1.034435,FIN,TKM,847989
5648357,77,219,9220,2019,186491.0,0.0,1.380982,0.9510629999999999,FRA,TKM,847989
5648358,81,219,9220,2019,125225.0,0.0,1.731106,0.717566,GBR,TKM,847989
5648359,82,219,9220,2019,3293.0,0.0,-0.057798,-0.206771,GEO,TKM,847989
5648360,104,219,9220,2019,88787.0,0.0,0.43196,2.661139,IND,TKM,847989
5648361,111,219,9220,2019,108433.0,0.0,1.25898,0.926639,ITA,TKM,847989
5648362,115,219,9220,2019,17364.0,0.0,-0.26529400000000003,-0.523479,KAZ,TKM,847989
5648363,121,219,9220,2019,154141.0,0.0,2.115482,0.696838,KOR,TKM,847989
5648364,130,219,9220,2019,330470.0,0.0,0.858456,1.364581,LTU,TKM,847989
5648365,131,219,9220,2019,17332.0,0.0,1.234145,1.3754309999999998,LUX,TKM,847989
5648366,162,219,9220,2019,7479.0,0.0,1.145044,1.3523530000000001,NLD,TKM,847989
5648367,163,219,9220,2019,16565.0,0.0,0.6957300000000001,0.181607,NOR,TKM,847989
5648368,185,219,9220,2019,94455.0,0.0,1.044289,1.013691,ROU,TKM,847989
5648369,186,219,9220,2019,1157942.0,0.0,0.329884,0.26215,RUS,TKM,847989
5648370,224,219,9220,2019,3432342.0,0.0,0.569408,2.364546,TUR,TKM,847989
5648371,231,219,9220,2019,819280.0,0.0,1.606808,0.3232,USA,TKM,847989
5648372,232,219,9220,2019,0.0,3408160.0,-0.5856060000000001,-0.311248,UZB,TKM,847989
5648373,2,223,9220,2019,0.0,6411.0,-1.096127,-1.195434,AGO,TUN,847989
5648374,7,223,9220,2019,828104.0,21491.0,-0.165113,-0.8973540000000001,ARE,TUN,847989
5648375,14,223,9220,2019,12096.0,0.0,-0.294558,-0.180198,AUS,TUN,847989
5648376,15,223,9220,2019,226535.0,0.0,1.743927,-0.076778,AUT,TUN,847989
5648377,18,223,9220,2019,88422.0,43411.0,1.2555969999999999,1.168642,BEL,TUN,847989
5648378,21,223,9220,2019,0.0,1015.0,-0.805181,-0.941847,BFA,TUN,847989
5648379,23,223,9220,2019,33615.0,0.0,0.572997,1.863346,BGR,TUN,847989
5648380,32,223,9220,2019,3311.0,969.0,0.076947,0.660604,BRA,TUN,847989
5648381,39,223,9220,2019,189793.0,0.0,0.657292,1.187872,CAN,TUN,847989
5648382,41,223,9220,2019,2085087.0,1058.0,2.1990849999999997,0.8394229999999999,CHE,TUN,847989
5648383,43,223,9220,2019,3857064.0,949842.0,1.196265,1.2258870000000002,CHN,TUN,847989
5648384,44,223,9220,2019,0.0,5060.0,-0.9916719999999999,-0.960625,CIV,TUN,847989
5648385,49,223,9220,2019,1190.0,0.0,0.099936,-0.15568800000000002,COL,TUN,847989
5648386,59,223,9220,2019,386831.0,129262.0,1.797611,0.406708,CZE,TUN,847989
5648387,61,223,9220,2019,18349382.0,218509.0,2.078626,-2.124816,DEU,TUN,847989
5648388,64,223,9220,2019,100279.0,0.0,1.0768280000000001,1.2615610000000002,DNK,TUN,847989
5648389,66,223,9220,2019,5634.0,5011660.0,-1.008866,-1.215228,DZA,TUN,847989
5648390,68,223,9220,2019,44667.0,152998.0,-0.152353,1.5426309999999999,EGY,TUN,847989
5648391,71,223,9220,2019,201325.0,45307.0,0.678454,3.007838,ESP,TUN,847989
5648392,73,223,9220,2019,0.0,83247.0,-1.073631,-0.617885,ETH,TUN,847989
5648393,74,223,9220,2019,33683.0,0.0,1.495278,1.034435,FIN,TUN,847989
5648394,77,223,9220,2019,9774782.0,497256.0,1.380982,0.9510629999999999,FRA,TUN,847989
5648395,81,223,9220,2019,528510.0,118804.0,1.731106,0.717566,GBR,TUN,847989
5648396,97,223,9220,2019,64940.0,0.0,0.992556,1.523004,HKG,TUN,847989
5648397,102,223,9220,2019,50318.0,0.0,1.462102,0.809183,HUN,TUN,847989
5648398,103,223,9220,2019,0.0,37199.0,-0.141811,1.385726,IDN,TUN,847989
5648399,104,223,9220,2019,715886.0,18092.0,0.43196,2.661139,IND,TUN,847989
5648400,106,223,9220,2019,127966.0,122673.0,1.3812389999999999,-0.025366,IRL,TUN,847989
5648401,108,223,9220,2019,0.0,13428.0,-1.593359,-0.9927860000000001,IRQ,TUN,847989
5648402,111,223,9220,2019,12665803.0,532758.0,1.25898,0.926639,ITA,TUN,847989
5648403,113,223,9220,2019,177443.0,1360.0,-0.003529,0.255816,JOR,TUN,847989
5648404,114,223,9220,2019,1198438.0,0.0,2.4931509999999997,-0.558811,JPN,TUN,847989
5648405,121,223,9220,2019,317435.0,79352.0,2.115482,0.696838,KOR,TUN,847989
5648406,122,223,9220,2019,0.0,19955.0,0.081686,-1.087259,KWT,TUN,847989
5648407,124,223,9220,2019,2498.0,0.0,0.26155700000000004,1.062317,LBN,TUN,847989
5648408,126,223,9220,2019,0.0,1137346.0,-1.552842,-1.2316690000000001,LBY,TUN,847989
5648409,134,223,9220,2019,80574.0,1238707.0,-0.747739,-0.154125,MAR,TUN,847989
5648410,138,223,9220,2019,44232.0,0.0,1.083041,0.569353,MEX,TUN,847989
5648411,142,223,9220,2019,10840.0,0.0,0.893992,0.25255500000000003,MLT,TUN,847989
5648412,153,223,9220,2019,23224.0,0.0,1.192967,0.730971,MYS,TUN,847989
5648413,162,223,9220,2019,309608.0,34066.0,1.145044,1.3523530000000001,NLD,TUN,847989
5648414,163,223,9220,2019,595187.0,483512.0,0.6957300000000001,0.181607,NOR,TUN,847989
5648415,167,223,9220,2019,0.0,10064.0,-0.40120100000000003,-0.881602,OMN,TUN,847989
5648416,168,223,9220,2019,0.0,14191.0,-0.6909270000000001,0.8651120000000001,PAK,TUN,847989
5648417,177,223,9220,2019,609356.0,91403.0,1.088347,1.275875,POL,TUN,847989
5648418,179,223,9220,2019,216040.0,0.0,0.545467,2.344447,PRT,TUN,847989
5648419,185,223,9220,2019,72718.0,0.0,1.044289,1.013691,ROU,TUN,847989
5648420,188,223,9220,2019,0.0,33938.0,0.787798,-0.41350600000000004,SAU,TUN,847989
5648421,191,223,9220,2019,0.0,11452.0,-0.721992,-0.385479,SEN,TUN,847989
5648422,192,223,9220,2019,724330.0,33204.0,2.0264599999999997,0.665506,SGP,TUN,847989
5648423,201,223,9220,2019,967.0,0.0,0.543913,1.210102,SRB,TUN,847989
5648424,206,223,9220,2019,81043.0,0.0,1.39311,0.743107,SVK,TUN,847989
5648425,207,223,9220,2019,172099.0,0.0,1.63711,0.803198,SVN,TUN,847989
5648426,208,223,9220,2019,8347.0,0.0,1.781148,0.742037,SWE,TUN,847989
5648427,216,223,9220,2019,16227.0,0.0,0.9744229999999999,1.401199,THA,TUN,847989
5648428,224,223,9220,2019,2116560.0,63975.0,0.569408,2.364546,TUR,TUN,847989
5648429,231,223,9220,2019,1789361.0,26962.0,1.606808,0.3232,USA,TUN,847989
5648430,239,223,9220,2019,21542.0,0.0,-0.048147,1.098784,VNM,TUN,847989
5648431,249,223,9220,2019,11280.0,0.0,2.123296,1.1786969999999999,TWN,TUN,847989
5648432,250,223,9220,2019,1282843.0,4069562.0,0.8996129999999999,-0.152746,ANS,TUN,847989
5648433,7,226,9220,2019,193896.0,0.0,-0.165113,-0.8973540000000001,ARE,TZA,847989
5648434,14,226,9220,2019,43107.0,0.0,-0.294558,-0.180198,AUS,TZA,847989
5648435,15,226,9220,2019,3097.0,0.0,1.743927,-0.076778,AUT,TZA,847989
5648436,18,226,9220,2019,41197.0,1554.0,1.2555969999999999,1.168642,BEL,TZA,847989
5648437,23,226,9220,2019,24123.0,0.0,0.572997,1.863346,BGR,TZA,847989
5648438,32,226,9220,2019,5539.0,0.0,0.076947,0.660604,BRA,TZA,847989
5648439,39,226,9220,2019,204348.0,0.0,0.657292,1.187872,CAN,TZA,847989
5648440,41,226,9220,2019,17873.0,0.0,2.1990849999999997,0.8394229999999999,CHE,TZA,847989
5648441,43,226,9220,2019,3429364.0,0.0,1.196265,1.2258870000000002,CHN,TZA,847989
5648442,44,226,9220,2019,629.0,0.0,-0.9916719999999999,-0.960625,CIV,TZA,847989
5648443,46,226,9220,2019,0.0,978.0,-1.2685879999999998,-1.148403,COD,TZA,847989
5648444,59,226,9220,2019,558072.0,0.0,1.797611,0.406708,CZE,TZA,847989
5648445,61,226,9220,2019,1552157.0,0.0,2.078626,-2.124816,DEU,TZA,847989
5648446,64,226,9220,2019,2071.0,0.0,1.0768280000000001,1.2615610000000002,DNK,TZA,847989
5648447,68,226,9220,2019,1466.0,0.0,-0.152353,1.5426309999999999,EGY,TZA,847989
5648448,71,226,9220,2019,6172.0,0.0,0.678454,3.007838,ESP,TZA,847989
5648449,73,226,9220,2019,6036.0,0.0,-1.073631,-0.617885,ETH,TZA,847989
5648450,74,226,9220,2019,11498.0,0.0,1.495278,1.034435,FIN,TZA,847989
5648451,77,226,9220,2019,7294.0,0.0,1.380982,0.9510629999999999,FRA,TZA,847989
5648452,81,226,9220,2019,653597.0,0.0,1.731106,0.717566,GBR,TZA,847989
5648453,83,226,9220,2019,0.0,96893.0,-0.9581,-0.8727879999999999,GHA,TZA,847989
5648454,97,226,9220,2019,10747.0,0.0,0.992556,1.523004,HKG,TZA,847989
5648455,102,226,9220,2019,0.0,13748.0,1.462102,0.809183,HUN,TZA,847989
5648456,104,226,9220,2019,2123300.0,0.0,0.43196,2.661139,IND,TZA,847989
5648457,110,226,9220,2019,182910.0,0.0,1.488686,0.823376,ISR,TZA,847989
5648458,111,226,9220,2019,2722411.0,0.0,1.25898,0.926639,ITA,TZA,847989
5648459,114,226,9220,2019,7910.0,0.0,2.4931509999999997,-0.558811,JPN,TZA,847989
5648460,116,226,9220,2019,25204.0,3732.0,-0.406684,0.8588969999999999,KEN,TZA,847989
5648461,121,226,9220,2019,99674.0,0.0,2.115482,0.696838,KOR,TZA,847989
5648462,124,226,9220,2019,1423.0,0.0,0.26155700000000004,1.062317,LBN,TZA,847989
5648463,128,226,9220,2019,958.0,0.0,-0.592952,0.394811,LKA,TZA,847989
5648464,130,226,9220,2019,1423.0,0.0,0.858456,1.364581,LTU,TZA,847989
5648465,147,226,9220,2019,5177.0,1320562.0,-1.264532,-1.072626,MOZ,TZA,847989
5648466,148,226,9220,2019,0.0,1331.0,-1.711918,-1.339005,MRT,TZA,847989
5648467,151,226,9220,2019,32795.0,0.0,-0.15909600000000002,0.034770999999999996,MUS,TZA,847989
5648468,153,226,9220,2019,2625.0,0.0,1.192967,0.730971,MYS,TZA,847989
5648469,162,226,9220,2019,66411.0,16069.0,1.145044,1.3523530000000001,NLD,TZA,847989
5648470,177,226,9220,2019,1125.0,0.0,1.088347,1.275875,POL,TZA,847989
5648471,179,226,9220,2019,961.0,0.0,0.545467,2.344447,PRT,TZA,847989
5648472,185,226,9220,2019,3079.0,0.0,1.044289,1.013691,ROU,TZA,847989
5648473,187,226,9220,2019,0.0,903.0,-0.812602,-0.737603,RWA,TZA,847989
5648474,188,226,9220,2019,104161.0,0.0,0.787798,-0.41350600000000004,SAU,TZA,847989
5648475,192,226,9220,2019,5005.0,0.0,2.0264599999999997,0.665506,SGP,TZA,847989
5648476,201,226,9220,2019,62867.0,0.0,0.543913,1.210102,SRB,TZA,847989
5648477,208,226,9220,2019,184687.0,0.0,1.781148,0.742037,SWE,TZA,847989
5648478,216,226,9220,2019,187562.0,0.0,0.9744229999999999,1.401199,THA,TZA,847989
5648479,224,226,9220,2019,643147.0,0.0,0.569408,2.364546,TUR,TZA,847989
5648480,227,226,9220,2019,1952.0,25536.0,-0.639476,0.148255,UGA,TZA,847989
5648481,228,226,9220,2019,14669.0,0.0,0.303802,0.5650270000000001,UKR,TZA,847989
5648482,231,226,9220,2019,107040.0,8752.0,1.606808,0.3232,USA,TZA,847989
5648483,239,226,9220,2019,758.0,0.0,-0.048147,1.098784,VNM,TZA,847989
5648484,246,226,9220,2019,262421.0,111.0,0.129921,1.101027,ZAF,TZA,847989
5648485,247,226,9220,2019,0.0,2963.0,-0.629261,-0.8471489999999999,ZMB,TZA,847989
5648486,248,226,9220,2019,12182.0,0.0,-0.9993780000000001,-1.018174,ZWE,TZA,847989
5648487,249,226,9220,2019,2584.0,0.0,2.123296,1.1786969999999999,TWN,TZA,847989
5648488,7,227,9220,2019,173384.0,0.0,-0.165113,-0.8973540000000001,ARE,UGA,847989
5648489,14,227,9220,2019,9068.0,0.0,-0.294558,-0.180198,AUS,UGA,847989
5648490,15,227,9220,2019,11089.0,12829.0,1.743927,-0.076778,AUT,UGA,847989
5648491,17,227,9220,2019,0.0,238393.0,-0.689117,-0.9027209999999999,BDI,UGA,847989
5648492,18,227,9220,2019,6242.0,0.0,1.2555969999999999,1.168642,BEL,UGA,847989
5648493,32,227,9220,2019,36244.0,0.0,0.076947,0.660604,BRA,UGA,847989
5648494,41,227,9220,2019,70772.0,0.0,2.1990849999999997,0.8394229999999999,CHE,UGA,847989
5648495,43,227,9220,2019,1246257.0,0.0,1.196265,1.2258870000000002,CHN,UGA,847989
5648496,46,227,9220,2019,0.0,21809.0,-1.2685879999999998,-1.148403,COD,UGA,847989
5648497,59,227,9220,2019,9034.0,0.0,1.797611,0.406708,CZE,UGA,847989
5648498,61,227,9220,2019,1281263.0,4192.0,2.078626,-2.124816,DEU,UGA,847989
5648499,64,227,9220,2019,29975.0,0.0,1.0768280000000001,1.2615610000000002,DNK,UGA,847989
5648500,68,227,9220,2019,2195.0,0.0,-0.152353,1.5426309999999999,EGY,UGA,847989
5648501,71,227,9220,2019,541646.0,0.0,0.678454,3.007838,ESP,UGA,847989
5648502,73,227,9220,2019,801.0,0.0,-1.073631,-0.617885,ETH,UGA,847989
5648503,77,227,9220,2019,85719.0,0.0,1.380982,0.9510629999999999,FRA,UGA,847989
5648504,81,227,9220,2019,28382.0,0.0,1.731106,0.717566,GBR,UGA,847989
5648505,83,227,9220,2019,0.0,9287.0,-0.9581,-0.8727879999999999,GHA,UGA,847989
5648506,97,227,9220,2019,1558.0,0.0,0.992556,1.523004,HKG,UGA,847989
5648507,103,227,9220,2019,1457.0,0.0,-0.141811,1.385726,IDN,UGA,847989
5648508,104,227,9220,2019,3917929.0,11338.0,0.43196,2.661139,IND,UGA,847989
5648509,110,227,9220,2019,691.0,0.0,1.488686,0.823376,ISR,UGA,847989
5648510,111,227,9220,2019,485932.0,0.0,1.25898,0.926639,ITA,UGA,847989
5648511,114,227,9220,2019,11462.0,54048.0,2.4931509999999997,-0.558811,JPN,UGA,847989
5648512,116,227,9220,2019,115909.0,0.0,-0.406684,0.8588969999999999,KEN,UGA,847989
5648513,121,227,9220,2019,39290.0,14591.0,2.115482,0.696838,KOR,UGA,847989
5648514,124,227,9220,2019,25629.0,0.0,0.26155700000000004,1.062317,LBN,UGA,847989
5648515,128,227,9220,2019,36375.0,0.0,-0.592952,0.394811,LKA,UGA,847989
5648516,151,227,9220,2019,84308.0,0.0,-0.15909600000000002,0.034770999999999996,MUS,UGA,847989
5648517,162,227,9220,2019,3734.0,0.0,1.145044,1.3523530000000001,NLD,UGA,847989
5648518,168,227,9220,2019,790.0,0.0,-0.6909270000000001,0.8651120000000001,PAK,UGA,847989
5648519,179,227,9220,2019,64420.0,0.0,0.545467,2.344447,PRT,UGA,847989
5648520,186,227,9220,2019,5153.0,0.0,0.329884,0.26215,RUS,UGA,847989
5648521,187,227,9220,2019,522.0,2336.0,-0.812602,-0.737603,RWA,UGA,847989
5648522,191,227,9220,2019,0.0,55672.0,-0.721992,-0.385479,SEN,UGA,847989
5648523,192,227,9220,2019,0.0,1754.0,2.0264599999999997,0.665506,SGP,UGA,847989
5648524,201,227,9220,2019,4920.0,0.0,0.543913,1.210102,SRB,UGA,847989
5648525,202,227,9220,2019,0.0,10616.0,-1.8098990000000001,-1.0067979999999999,SSD,UGA,847989
5648526,216,227,9220,2019,18880.0,0.0,0.9744229999999999,1.401199,THA,UGA,847989
5648527,224,227,9220,2019,11056.0,0.0,0.569408,2.364546,TUR,UGA,847989
5648528,226,227,9220,2019,25536.0,1952.0,-0.907172,0.37293899999999996,TZA,UGA,847989
5648529,228,227,9220,2019,171768.0,0.0,0.303802,0.5650270000000001,UKR,UGA,847989
5648530,231,227,9220,2019,10785.0,23863.0,1.606808,0.3232,USA,UGA,847989
5648531,246,227,9220,2019,78751.0,0.0,0.129921,1.101027,ZAF,UGA,847989
5648532,249,227,9220,2019,1371.0,0.0,2.123296,1.1786969999999999,TWN,UGA,847989
5648533,7,228,9220,2019,166922.0,386008.0,-0.165113,-0.8973540000000001,ARE,UKR,847989
5648534,8,228,9220,2019,0.0,10751.0,-0.136634,0.127073,ARG,UKR,847989
5648535,9,228,9220,2019,0.0,21559.0,-0.203986,-0.667607,ARM,UKR,847989
5648536,14,228,9220,2019,3819.0,12417.0,-0.294558,-0.180198,AUS,UKR,847989
5648537,15,228,9220,2019,2441808.0,52037.0,1.743927,-0.076778,AUT,UKR,847989
5648538,16,228,9220,2019,0.0,153750.0,-1.005636,-1.2094209999999999,AZE,UKR,847989
5648539,18,228,9220,2019,155045.0,11890.0,1.2555969999999999,1.168642,BEL,UKR,847989
5648540,22,228,9220,2019,0.0,5790.0,-1.113148,-0.9513299999999999,BGD,UKR,847989
5648541,23,228,9220,2019,162028.0,198343.0,0.572997,1.863346,BGR,UKR,847989
5648542,24,228,9220,2019,0.0,19161.0,0.378349,-0.621468,BHR,UKR,847989
5648543,26,228,9220,2019,0.0,42208.0,0.6525,0.83988,BIH,UKR,847989
5648544,28,228,9220,2019,1366650.0,720239.0,0.7849649999999999,0.8951600000000001,BLR,UKR,847989
5648545,31,228,9220,2019,1056.0,0.0,-1.012748,-0.999245,BOL,UKR,847989
5648546,32,228,9220,2019,31299.0,1822.0,0.076947,0.660604,BRA,UKR,847989
5648547,39,228,9220,2019,386724.0,31233.0,0.657292,1.187872,CAN,UKR,847989
5648548,41,228,9220,2019,489544.0,157955.0,2.1990849999999997,0.8394229999999999,CHE,UKR,847989
5648549,42,228,9220,2019,0.0,20755.0,-0.34416199999999997,-0.432674,CHL,UKR,847989
5648550,43,228,9220,2019,13529554.0,1678210.0,1.196265,1.2258870000000002,CHN,UKR,847989
5648551,44,228,9220,2019,0.0,36850.0,-0.9916719999999999,-0.960625,CIV,UKR,847989
5648552,46,228,9220,2019,0.0,8121.0,-1.2685879999999998,-1.148403,COD,UKR,847989
5648553,49,228,9220,2019,4689.0,4306.0,0.099936,-0.15568800000000002,COL,UKR,847989
5648554,54,228,9220,2019,0.0,6803.0,-0.880892,-1.141591,CUB,UKR,847989
5648555,58,228,9220,2019,0.0,3362.0,0.657782,0.209481,CYP,UKR,847989
5648556,59,228,9220,2019,2130824.0,293775.0,1.797611,0.406708,CZE,UKR,847989
5648557,61,228,9220,2019,31889418.0,338491.0,2.078626,-2.124816,DEU,UKR,847989
5648558,64,228,9220,2019,269067.0,66326.0,1.0768280000000001,1.2615610000000002,DNK,UKR,847989
5648559,66,228,9220,2019,0.0,29344.0,-1.008866,-1.215228,DZA,UKR,847989
5648560,68,228,9220,2019,0.0,4865.0,-0.152353,1.5426309999999999,EGY,UKR,847989
5648561,71,228,9220,2019,434487.0,186432.0,0.678454,3.007838,ESP,UKR,847989
5648562,72,228,9220,2019,117475.0,43933.0,0.962284,1.346195,EST,UKR,847989
5648563,74,228,9220,2019,951146.0,44186.0,1.495278,1.034435,FIN,UKR,847989
5648564,77,228,9220,2019,373429.0,458925.0,1.380982,0.9510629999999999,FRA,UKR,847989
5648565,81,228,9220,2019,423391.0,640820.0,1.731106,0.717566,GBR,UKR,847989
5648566,82,228,9220,2019,16449.0,149576.0,-0.057798,-0.206771,GEO,UKR,847989
5648567,90,228,9220,2019,2295.0,77729.0,0.08904400000000001,1.059396,GRC,UKR,847989
5648568,93,228,9220,2019,0.0,33551.0,-0.43447299999999994,0.658475,GTM,UKR,847989
5648569,97,228,9220,2019,24621.0,53703.0,0.992556,1.523004,HKG,UKR,847989
5648570,100,228,9220,2019,17588.0,0.0,0.850527,1.280845,HRV,UKR,847989
5648571,102,228,9220,2019,4125774.0,300477.0,1.462102,0.809183,HUN,UKR,847989
5648572,103,228,9220,2019,10856.0,8208.0,-0.141811,1.385726,IDN,UKR,847989
5648573,104,228,9220,2019,2519192.0,489480.0,0.43196,2.661139,IND,UKR,847989
5648574,106,228,9220,2019,8275.0,65432.0,1.3812389999999999,-0.025366,IRL,UKR,847989
5648575,109,228,9220,2019,0.0,2662.0,0.378873,-0.162129,ISL,UKR,847989
5648576,110,228,9220,2019,56055.0,142998.0,1.488686,0.823376,ISR,UKR,847989
5648577,111,228,9220,2019,14685729.0,461105.0,1.25898,0.926639,ITA,UKR,847989
5648578,114,228,9220,2019,28933.0,40395.0,2.4931509999999997,-0.558811,JPN,UKR,847989
5648579,115,228,9220,2019,22869.0,861444.0,-0.26529400000000003,-0.523479,KAZ,UKR,847989
5648580,121,228,9220,2019,504626.0,152265.0,2.115482,0.696838,KOR,UKR,847989
5648581,122,228,9220,2019,0.0,55197.0,0.081686,-1.087259,KWT,UKR,847989
5648582,130,228,9220,2019,814316.0,443117.0,0.858456,1.364581,LTU,UKR,847989
5648583,131,228,9220,2019,9108.0,0.0,1.234145,1.3754309999999998,LUX,UKR,847989
5648584,132,228,9220,2019,30437.0,65479.0,0.7804300000000001,1.159592,LVA,UKR,847989
5648585,134,228,9220,2019,0.0,187545.0,-0.747739,-0.154125,MAR,UKR,847989
5648586,135,228,9220,2019,5191.0,206292.0,-0.333385,-0.35752,MDA,UKR,847989
5648587,138,228,9220,2019,0.0,94785.0,1.083041,0.569353,MEX,UKR,847989
5648588,140,228,9220,2019,0.0,4169.0,0.050624,-0.11143299999999999,MKD,UKR,847989
5648589,141,228,9220,2019,1411.0,17480.0,-0.381732,-0.606313,MLI,UKR,847989
5648590,142,228,9220,2019,179315.0,0.0,0.893992,0.25255500000000003,MLT,UKR,847989
5648591,143,228,9220,2019,0.0,17593.0,-1.196733,-0.435766,MMR,UKR,847989
5648592,144,228,9220,2019,0.0,8506.0,0.40415100000000004,0.068967,MNE,UKR,847989
5648593,151,228,9220,2019,0.0,20443.0,-0.15909600000000002,0.034770999999999996,MUS,UKR,847989
5648594,153,228,9220,2019,2036.0,55337.0,1.192967,0.730971,MYS,UKR,847989
5648595,159,228,9220,2019,0.0,16354.0,-1.7383970000000002,-1.220333,NGA,UKR,847989
5648596,162,228,9220,2019,1447256.0,163348.0,1.145044,1.3523530000000001,NLD,UKR,847989
5648597,163,228,9220,2019,1887.0,11963.0,0.6957300000000001,0.181607,NOR,UKR,847989
5648598,166,228,9220,2019,2108.0,0.0,0.119281,0.039036,NZL,UKR,847989
5648599,168,228,9220,2019,0.0,6964.0,-0.6909270000000001,0.8651120000000001,PAK,UKR,847989
5648600,169,228,9220,2019,0.0,3046.0,0.00926,-0.308483,PAN,UKR,847989
5648601,174,228,9220,2019,0.0,3547.0,0.762884,0.3318,PHL,UKR,847989
5648602,177,228,9220,2019,13643821.0,5833924.0,1.088347,1.275875,POL,UKR,847989
5648603,179,228,9220,2019,27560.0,84166.0,0.545467,2.344447,PRT,UKR,847989
5648604,183,228,9220,2019,0.0,337305.0,-0.064127,-1.065046,QAT,UKR,847989
5648605,185,228,9220,2019,426347.0,424820.0,1.044289,1.013691,ROU,UKR,847989
5648606,186,228,9220,2019,2908681.0,4223082.0,0.329884,0.26215,RUS,UKR,847989
5648607,188,228,9220,2019,0.0,353619.0,0.787798,-0.41350600000000004,SAU,UKR,847989
5648608,192,228,9220,2019,45376.0,77359.0,2.0264599999999997,0.665506,SGP,UKR,847989
5648609,197,228,9220,2019,0.0,3166.0,0.014037,0.23216599999999998,SLV,UKR,847989
5648610,199,228,9220,2019,7491.0,0.0,-1.046802,-0.961166,SOM,UKR,847989
5648611,201,228,9220,2019,0.0,48986.0,0.543913,1.210102,SRB,UKR,847989
5648612,206,228,9220,2019,566217.0,271950.0,1.39311,0.743107,SVK,UKR,847989
5648613,207,228,9220,2019,30940.0,31322.0,1.63711,0.803198,SVN,UKR,847989
5648614,208,228,9220,2019,292681.0,99076.0,1.781148,0.742037,SWE,UKR,847989
5648615,216,228,9220,2019,125687.0,9673.0,0.9744229999999999,1.401199,THA,UKR,847989
5648616,224,228,9220,2019,2239432.0,59126.0,0.569408,2.364546,TUR,UKR,847989
5648617,226,228,9220,2019,0.0,14669.0,-0.907172,0.37293899999999996,TZA,UKR,847989
5648618,227,228,9220,2019,0.0,171768.0,-0.639476,0.148255,UGA,UKR,847989
5648619,231,228,9220,2019,3541379.0,131491.0,1.606808,0.3232,USA,UKR,847989
5648620,232,228,9220,2019,705011.0,219526.0,-0.5856060000000001,-0.311248,UZB,UKR,847989
5648621,239,228,9220,2019,1781238.0,33415.0,-0.048147,1.098784,VNM,UKR,847989
5648622,246,228,9220,2019,3775.0,34867.0,0.129921,1.101027,ZAF,UKR,847989
5648623,249,228,9220,2019,23898.0,9617.0,2.123296,1.1786969999999999,TWN,UKR,847989
5648624,1,232,9220,2019,0.0,1208.0,-1.187576,-0.7731979999999999,AFG,UZB,847989
5648625,7,232,9220,2019,261481.0,0.0,-0.165113,-0.8973540000000001,ARE,UZB,847989
5648626,9,232,9220,2019,0.0,40008.0,-0.203986,-0.667607,ARM,UZB,847989
5648627,14,232,9220,2019,0.0,1808.0,-0.294558,-0.180198,AUS,UZB,847989
5648628,15,232,9220,2019,900798.0,0.0,1.743927,-0.076778,AUT,UZB,847989
5648629,16,232,9220,2019,97541.0,77375.0,-1.005636,-1.2094209999999999,AZE,UZB,847989
5648630,18,232,9220,2019,4513.0,0.0,1.2555969999999999,1.168642,BEL,UZB,847989
5648631,28,232,9220,2019,304210.0,0.0,0.7849649999999999,0.8951600000000001,BLR,UZB,847989
5648632,39,232,9220,2019,83876.0,0.0,0.657292,1.187872,CAN,UZB,847989
5648633,41,232,9220,2019,29316.0,0.0,2.1990849999999997,0.8394229999999999,CHE,UZB,847989
5648634,43,232,9220,2019,31826922.0,0.0,1.196265,1.2258870000000002,CHN,UZB,847989
5648635,59,232,9220,2019,7142.0,0.0,1.797611,0.406708,CZE,UZB,847989
5648636,61,232,9220,2019,2141431.0,2022.0,2.078626,-2.124816,DEU,UZB,847989
5648637,71,232,9220,2019,98839.0,8772.0,0.678454,3.007838,ESP,UZB,847989
5648638,72,232,9220,2019,4348.0,0.0,0.962284,1.346195,EST,UZB,847989
5648639,74,232,9220,2019,2729.0,0.0,1.495278,1.034435,FIN,UZB,847989
5648640,77,232,9220,2019,63507.0,0.0,1.380982,0.9510629999999999,FRA,UZB,847989
5648641,81,232,9220,2019,1744.0,0.0,1.731106,0.717566,GBR,UZB,847989
5648642,97,232,9220,2019,66270.0,0.0,0.992556,1.523004,HKG,UZB,847989
5648643,102,232,9220,2019,41830.0,0.0,1.462102,0.809183,HUN,UZB,847989
5648644,103,232,9220,2019,2687.0,0.0,-0.141811,1.385726,IDN,UZB,847989
5648645,104,232,9220,2019,1635903.0,0.0,0.43196,2.661139,IND,UZB,847989
5648646,106,232,9220,2019,0.0,219665.0,1.3812389999999999,-0.025366,IRL,UZB,847989
5648647,107,232,9220,2019,116252.0,0.0,-0.386813,-0.467873,IRN,UZB,847989
5648648,110,232,9220,2019,18616.0,0.0,1.488686,0.823376,ISR,UZB,847989
5648649,111,232,9220,2019,3144161.0,0.0,1.25898,0.926639,ITA,UZB,847989
5648650,114,232,9220,2019,216623.0,16994.0,2.4931509999999997,-0.558811,JPN,UZB,847989
5648651,115,232,9220,2019,472105.0,799146.0,-0.26529400000000003,-0.523479,KAZ,UZB,847989
5648652,117,232,9220,2019,0.0,496174.0,-0.297072,0.306611,KGZ,UZB,847989
5648653,121,232,9220,2019,6413860.0,0.0,2.115482,0.696838,KOR,UZB,847989
5648654,130,232,9220,2019,935738.0,0.0,0.858456,1.364581,LTU,UZB,847989
5648655,131,232,9220,2019,142413.0,0.0,1.234145,1.3754309999999998,LUX,UZB,847989
5648656,132,232,9220,2019,67083.0,0.0,0.7804300000000001,1.159592,LVA,UZB,847989
5648657,153,232,9220,2019,8562.0,0.0,1.192967,0.730971,MYS,UZB,847989
5648658,162,232,9220,2019,9879.0,0.0,1.145044,1.3523530000000001,NLD,UZB,847989
5648659,168,232,9220,2019,149555.0,0.0,-0.6909270000000001,0.8651120000000001,PAK,UZB,847989
5648660,177,232,9220,2019,2719590.0,0.0,1.088347,1.275875,POL,UZB,847989
5648661,185,232,9220,2019,8743.0,0.0,1.044289,1.013691,ROU,UZB,847989
5648662,186,232,9220,2019,4166154.0,14821.0,0.329884,0.26215,RUS,UZB,847989
5648663,192,232,9220,2019,205208.0,0.0,2.0264599999999997,0.665506,SGP,UZB,847989
5648664,201,232,9220,2019,2750.0,0.0,0.543913,1.210102,SRB,UZB,847989
5648665,208,232,9220,2019,7954.0,0.0,1.781148,0.742037,SWE,UZB,847989
5648666,216,232,9220,2019,9180.0,0.0,0.9744229999999999,1.401199,THA,UZB,847989
5648667,217,232,9220,2019,0.0,276494.0,-0.7940020000000001,-1.075605,TJK,UZB,847989
5648668,219,232,9220,2019,3408160.0,0.0,-0.9725950000000001,-1.16562,TKM,UZB,847989
5648669,224,232,9220,2019,18345998.0,12629.0,0.569408,2.364546,TUR,UZB,847989
5648670,228,232,9220,2019,219526.0,705011.0,0.303802,0.5650270000000001,UKR,UZB,847989
5648671,231,232,9220,2019,58790.0,0.0,1.606808,0.3232,USA,UZB,847989
5648672,239,232,9220,2019,1130165.0,0.0,-0.048147,1.098784,VNM,UZB,847989
5648673,249,232,9220,2019,24276.0,0.0,2.123296,1.1786969999999999,TWN,UZB,847989
5648674,2,239,9220,2019,0.0,2274.0,-1.096127,-1.195434,AGO,VNM,847989
5648675,4,239,9220,2019,0.0,175784.0,-0.459614,-0.019257,ALB,VNM,847989
5648676,7,239,9220,2019,60522.0,1588480.0,-0.165113,-0.8973540000000001,ARE,VNM,847989
5648677,8,239,9220,2019,2484.0,209106.0,-0.136634,0.127073,ARG,VNM,847989
5648678,9,239,9220,2019,0.0,596753.0,-0.203986,-0.667607,ARM,VNM,847989
5648679,14,239,9220,2019,1225848.0,658673.0,-0.294558,-0.180198,AUS,VNM,847989
5648680,15,239,9220,2019,525503.0,172370.0,1.743927,-0.076778,AUT,VNM,847989
5648681,16,239,9220,2019,0.0,512378.0,-1.005636,-1.2094209999999999,AZE,VNM,847989
5648682,18,239,9220,2019,1127407.0,7841.0,1.2555969999999999,1.168642,BEL,VNM,847989
5648683,22,239,9220,2019,0.0,63696.0,-1.113148,-0.9513299999999999,BGD,VNM,847989
5648684,26,239,9220,2019,0.0,990882.0,0.6525,0.83988,BIH,VNM,847989
5648685,28,239,9220,2019,1125.0,988.0,0.7849649999999999,0.8951600000000001,BLR,VNM,847989
5648686,31,239,9220,2019,0.0,28235.0,-1.012748,-0.999245,BOL,VNM,847989
5648687,32,239,9220,2019,306949.0,1159672.0,0.076947,0.660604,BRA,VNM,847989
5648688,34,239,9220,2019,18804.0,62905.0,0.9608620000000001,-0.7012619999999999,BRN,VNM,847989
5648689,39,239,9220,2019,399867.0,493113.0,0.657292,1.187872,CAN,VNM,847989
5648690,41,239,9220,2019,4507354.0,553658.0,2.1990849999999997,0.8394229999999999,CHE,VNM,847989
5648691,42,239,9220,2019,848332.0,2839749.0,-0.34416199999999997,-0.432674,CHL,VNM,847989
5648692,43,239,9220,2019,668757248.0,64574976.0,1.196265,1.2258870000000002,CHN,VNM,847989
5648693,44,239,9220,2019,2790.0,51656.0,-0.9916719999999999,-0.960625,CIV,VNM,847989
5648694,47,239,9220,2019,0.0,20913.0,-1.305193,-1.162808,COG,VNM,847989
5648695,49,239,9220,2019,0.0,10579.0,0.099936,-0.15568800000000002,COL,VNM,847989
5648696,59,239,9220,2019,329273.0,108375.0,1.797611,0.406708,CZE,VNM,847989
5648697,61,239,9220,2019,61324392.0,4290028.0,2.078626,-2.124816,DEU,VNM,847989
5648698,64,239,9220,2019,483244.0,42964.0,1.0768280000000001,1.2615610000000002,DNK,VNM,847989
5648699,65,239,9220,2019,0.0,1787.0,-0.20594,0.309785,DOM,VNM,847989
5648700,68,239,9220,2019,0.0,184608.0,-0.152353,1.5426309999999999,EGY,VNM,847989
5648701,71,239,9220,2019,294455.0,68888.0,0.678454,3.007838,ESP,VNM,847989
5648702,72,239,9220,2019,6977.0,4535.0,0.962284,1.346195,EST,VNM,847989
5648703,73,239,9220,2019,0.0,105965.0,-1.073631,-0.617885,ETH,VNM,847989
5648704,74,239,9220,2019,11110498.0,24190.0,1.495278,1.034435,FIN,VNM,847989
5648705,77,239,9220,2019,2192157.0,623085.0,1.380982,0.9510629999999999,FRA,VNM,847989
5648706,81,239,9220,2019,14092230.0,2028691.0,1.731106,0.717566,GBR,VNM,847989
5648707,83,239,9220,2019,0.0,3460.0,-0.9581,-0.8727879999999999,GHA,VNM,847989
5648708,90,239,9220,2019,0.0,181853.0,0.08904400000000001,1.059396,GRC,VNM,847989
5648709,97,239,9220,2019,26613418.0,8842546.0,0.992556,1.523004,HKG,VNM,847989
5648710,99,239,9220,2019,0.0,4255.0,-0.6444439999999999,-0.203443,HND,VNM,847989
5648711,100,239,9220,2019,1569.0,1084.0,0.850527,1.280845,HRV,VNM,847989
5648712,102,239,9220,2019,105299.0,10360.0,1.462102,0.809183,HUN,VNM,847989
5648713,103,239,9220,2019,575554.0,584435.0,-0.141811,1.385726,IDN,VNM,847989
5648714,104,239,9220,2019,38241104.0,11939257.0,0.43196,2.661139,IND,VNM,847989
5648715,106,239,9220,2019,3533.0,27016.0,1.3812389999999999,-0.025366,IRL,VNM,847989
5648716,108,239,9220,2019,0.0,44072.0,-1.593359,-0.9927860000000001,IRQ,VNM,847989
5648717,109,239,9220,2019,42845.0,0.0,0.378873,-0.162129,ISL,VNM,847989
5648718,110,239,9220,2019,800785.0,783376.0,1.488686,0.823376,ISR,VNM,847989
5648719,111,239,9220,2019,15580888.0,345828.0,1.25898,0.926639,ITA,VNM,847989
5648720,113,239,9220,2019,0.0,38465.0,-0.003529,0.255816,JOR,VNM,847989
5648721,114,239,9220,2019,242077424.0,24313564.0,2.4931509999999997,-0.558811,JPN,VNM,847989
5648722,115,239,9220,2019,0.0,11092085.0,-0.26529400000000003,-0.523479,KAZ,VNM,847989
5648723,116,239,9220,2019,0.0,11834.0,-0.406684,0.8588969999999999,KEN,VNM,847989
5648724,117,239,9220,2019,0.0,19967.0,-0.297072,0.306611,KGZ,VNM,847989
5648725,118,239,9220,2019,1246.0,510481.0,-0.7499359999999999,-0.627125,KHM,VNM,847989
5648726,121,239,9220,2019,807616320.0,18595642.0,2.115482,0.696838,KOR,VNM,847989
5648727,122,239,9220,2019,0.0,247990.0,0.081686,-1.087259,KWT,VNM,847989
5648728,123,239,9220,2019,0.0,116591.0,-0.8232889999999999,-0.7276590000000001,LAO,VNM,847989
5648729,124,239,9220,2019,0.0,33053.0,0.26155700000000004,1.062317,LBN,VNM,847989
5648730,128,239,9220,2019,0.0,184383.0,-0.592952,0.394811,LKA,VNM,847989
5648731,130,239,9220,2019,4852.0,0.0,0.858456,1.364581,LTU,VNM,847989
5648732,131,239,9220,2019,29836.0,0.0,1.234145,1.3754309999999998,LUX,VNM,847989
5648733,132,239,9220,2019,16513.0,0.0,0.7804300000000001,1.159592,LVA,VNM,847989
5648734,134,239,9220,2019,0.0,368121.0,-0.747739,-0.154125,MAR,VNM,847989
5648735,135,239,9220,2019,0.0,13520.0,-0.333385,-0.35752,MDA,VNM,847989
5648736,138,239,9220,2019,125601.0,2814182.0,1.083041,0.569353,MEX,VNM,847989
5648737,140,239,9220,2019,0.0,371539.0,0.050624,-0.11143299999999999,MKD,VNM,847989
5648738,142,239,9220,2019,0.0,31812.0,0.893992,0.25255500000000003,MLT,VNM,847989
5648739,143,239,9220,2019,0.0,306562.0,-1.196733,-0.435766,MMR,VNM,847989
5648740,144,239,9220,2019,0.0,228014.0,0.40415100000000004,0.068967,MNE,VNM,847989
5648741,145,239,9220,2019,0.0,474952.0,-1.1612049999999998,-1.1615739999999999,MNG,VNM,847989
5648742,147,239,9220,2019,0.0,30781.0,-1.264532,-1.072626,MOZ,VNM,847989
5648743,151,239,9220,2019,0.0,67383.0,-0.15909600000000002,0.034770999999999996,MUS,VNM,847989
5648744,153,239,9220,2019,35276720.0,3383011.0,1.192967,0.730971,MYS,VNM,847989
5648745,159,239,9220,2019,0.0,6884.0,-1.7383970000000002,-1.220333,NGA,VNM,847989
5648746,162,239,9220,2019,4425950.0,206757.0,1.145044,1.3523530000000001,NLD,VNM,847989
5648747,163,239,9220,2019,1390148.0,76950.0,0.6957300000000001,0.181607,NOR,VNM,847989
5648748,166,239,9220,2019,30287.0,39969.0,0.119281,0.039036,NZL,VNM,847989
5648749,168,239,9220,2019,0.0,8345.0,-0.6909270000000001,0.8651120000000001,PAK,VNM,847989
5648750,169,239,9220,2019,0.0,1095.0,0.00926,-0.308483,PAN,VNM,847989
5648751,173,239,9220,2019,0.0,23924.0,-0.76944,-0.216619,PER,VNM,847989
5648752,174,239,9220,2019,6076784.0,699319.0,0.762884,0.3318,PHL,VNM,847989
5648753,177,239,9220,2019,6305926.0,765453.0,1.088347,1.275875,POL,VNM,847989
5648754,179,239,9220,2019,13928.0,5790.0,0.545467,2.344447,PRT,VNM,847989
5648755,180,239,9220,2019,0.0,21844.0,-0.500999,-0.8635219999999999,PRY,VNM,847989
5648756,183,239,9220,2019,0.0,325407.0,-0.064127,-1.065046,QAT,VNM,847989
5648757,185,239,9220,2019,714185.0,0.0,1.044289,1.013691,ROU,VNM,847989
5648758,186,239,9220,2019,542602.0,73219944.0,0.329884,0.26215,RUS,VNM,847989
5648759,188,239,9220,2019,0.0,94145.0,0.787798,-0.41350600000000004,SAU,VNM,847989
5648760,191,239,9220,2019,0.0,4477.0,-0.721992,-0.385479,SEN,VNM,847989
5648761,192,239,9220,2019,43768552.0,14863008.0,2.0264599999999997,0.665506,SGP,VNM,847989
5648762,201,239,9220,2019,12491.0,970256.0,0.543913,1.210102,SRB,VNM,847989
5648763,206,239,9220,2019,351337.0,8060.0,1.39311,0.743107,SVK,VNM,847989
5648764,207,239,9220,2019,27475.0,47198.0,1.63711,0.803198,SVN,VNM,847989
5648765,208,239,9220,2019,275658.0,22081.0,1.781148,0.742037,SWE,VNM,847989
5648766,216,239,9220,2019,18087854.0,4846072.0,0.9744229999999999,1.401199,THA,VNM,847989
5648767,217,239,9220,2019,0.0,119077.0,-0.7940020000000001,-1.075605,TJK,VNM,847989
5648768,223,239,9220,2019,0.0,21542.0,0.19601300000000002,1.159766,TUN,VNM,847989
5648769,224,239,9220,2019,533882.0,53290.0,0.569408,2.364546,TUR,VNM,847989
5648770,226,239,9220,2019,0.0,758.0,-0.907172,0.37293899999999996,TZA,VNM,847989
5648771,228,239,9220,2019,33415.0,1781238.0,0.303802,0.5650270000000001,UKR,VNM,847989
5648772,230,239,9220,2019,0.0,105418.0,-0.077549,-0.473943,URY,VNM,847989
5648773,231,239,9220,2019,33108498.0,49387724.0,1.606808,0.3232,USA,VNM,847989
5648774,232,239,9220,2019,0.0,1130165.0,-0.5856060000000001,-0.311248,UZB,VNM,847989
5648775,246,239,9220,2019,2491.0,231213.0,0.129921,1.101027,ZAF,VNM,847989
5648776,249,239,9220,2019,47379780.0,22563086.0,2.123296,1.1786969999999999,TWN,VNM,847989
5648777,15,5,9220,2019,60581.0,0.0,1.743927,-0.076778,AUT,AND,847989
5648778,43,5,9220,2019,39728.0,0.0,1.196265,1.2258870000000002,CHN,AND,847989
5648779,61,5,9220,2019,190596.0,0.0,2.078626,-2.124816,DEU,AND,847989
5648780,71,5,9220,2019,2231819.0,0.0,0.678454,3.007838,ESP,AND,847989
5648781,77,5,9220,2019,347263.0,6166.0,1.380982,0.9510629999999999,FRA,AND,847989
5648782,128,5,9220,2019,0.0,4606.0,-0.592952,0.394811,LKA,AND,847989
5648783,162,5,9220,2019,12134.0,0.0,1.145044,1.3523530000000001,NLD,AND,847989
5648784,7,9,9220,2019,344656.0,40985.0,-0.165113,-0.8973540000000001,ARE,ARM,847989
5648785,8,9,9220,2019,1663.0,0.0,-0.136634,0.127073,ARG,ARM,847989
5648786,14,9,9220,2019,8613.0,0.0,-0.294558,-0.180198,AUS,ARM,847989
5648787,15,9,9220,2019,14517.0,0.0,1.743927,-0.076778,AUT,ARM,847989
5648788,18,9,9220,2019,1951.0,0.0,1.2555969999999999,1.168642,BEL,ARM,847989
5648789,23,9,9220,2019,107367.0,0.0,0.572997,1.863346,BGR,ARM,847989
5648790,28,9,9220,2019,50963.0,0.0,0.7849649999999999,0.8951600000000001,BLR,ARM,847989
5648791,39,9,9220,2019,153794.0,0.0,0.657292,1.187872,CAN,ARM,847989
5648792,41,9,9220,2019,482462.0,2821.0,2.1990849999999997,0.8394229999999999,CHE,ARM,847989
5648793,43,9,9220,2019,601914.0,0.0,1.196265,1.2258870000000002,CHN,ARM,847989
5648794,59,9,9220,2019,31775.0,0.0,1.797611,0.406708,CZE,ARM,847989
5648795,61,9,9220,2019,254756.0,9317.0,2.078626,-2.124816,DEU,ARM,847989
5648796,64,9,9220,2019,851.0,0.0,1.0768280000000001,1.2615610000000002,DNK,ARM,847989
5648797,71,9,9220,2019,2464.0,0.0,0.678454,3.007838,ESP,ARM,847989
5648798,72,9,9220,2019,2879.0,0.0,0.962284,1.346195,EST,ARM,847989
5648799,74,9,9220,2019,478782.0,0.0,1.495278,1.034435,FIN,ARM,847989
5648800,77,9,9220,2019,4745.0,0.0,1.380982,0.9510629999999999,FRA,ARM,847989
5648801,81,9,9220,2019,1072.0,0.0,1.731106,0.717566,GBR,ARM,847989
5648802,82,9,9220,2019,677751.0,16269.0,-0.057798,-0.206771,GEO,ARM,847989
5648803,102,9,9220,2019,23315.0,0.0,1.462102,0.809183,HUN,ARM,847989
5648804,104,9,9220,2019,14673.0,36765.0,0.43196,2.661139,IND,ARM,847989
5648805,107,9,9220,2019,1830213.0,8282.0,-0.386813,-0.467873,IRN,ARM,847989
5648806,110,9,9220,2019,821.0,0.0,1.488686,0.823376,ISR,ARM,847989
5648807,111,9,9220,2019,351493.0,0.0,1.25898,0.926639,ITA,ARM,847989
5648808,114,9,9220,2019,84136.0,0.0,2.4931509999999997,-0.558811,JPN,ARM,847989
5648809,121,9,9220,2019,3156.0,0.0,2.115482,0.696838,KOR,ARM,847989
5648810,124,9,9220,2019,7046.0,0.0,0.26155700000000004,1.062317,LBN,ARM,847989
5648811,130,9,9220,2019,6981.0,0.0,0.858456,1.364581,LTU,ARM,847989
5648812,131,9,9220,2019,48884.0,0.0,1.234145,1.3754309999999998,LUX,ARM,847989
5648813,132,9,9220,2019,1846.0,0.0,0.7804300000000001,1.159592,LVA,ARM,847989
5648814,138,9,9220,2019,562.0,0.0,1.083041,0.569353,MEX,ARM,847989
5648815,153,9,9220,2019,40321.0,0.0,1.192967,0.730971,MYS,ARM,847989
5648816,162,9,9220,2019,6741.0,0.0,1.145044,1.3523530000000001,NLD,ARM,847989
5648817,163,9,9220,2019,857.0,0.0,0.6957300000000001,0.181607,NOR,ARM,847989
5648818,168,9,9220,2019,0.0,448.0,-0.6909270000000001,0.8651120000000001,PAK,ARM,847989
5648819,177,9,9220,2019,102900.0,0.0,1.088347,1.275875,POL,ARM,847989
5648820,185,9,9220,2019,1999.0,0.0,1.044289,1.013691,ROU,ARM,847989
5648821,186,9,9220,2019,2077223.0,37735.0,0.329884,0.26215,RUS,ARM,847989
5648822,192,9,9220,2019,197161.0,8260.0,2.0264599999999997,0.665506,SGP,ARM,847989
5648823,207,9,9220,2019,1834.0,0.0,1.63711,0.803198,SVN,ARM,847989
5648824,208,9,9220,2019,7489.0,0.0,1.781148,0.742037,SWE,ARM,847989
5648825,216,9,9220,2019,3569.0,0.0,0.9744229999999999,1.401199,THA,ARM,847989
5648826,224,9,9220,2019,18.0,0.0,0.569408,2.364546,TUR,ARM,847989
5648827,228,9,9220,2019,21559.0,0.0,0.303802,0.5650270000000001,UKR,ARM,847989
5648828,231,9,9220,2019,29770.0,54354.0,1.606808,0.3232,USA,ARM,847989
5648829,232,9,9220,2019,40008.0,0.0,-0.5856060000000001,-0.311248,UZB,ARM,847989
5648830,239,9,9220,2019,596753.0,0.0,-0.048147,1.098784,VNM,ARM,847989
5648831,250,9,9220,2019,35079.0,0.0,0.8996129999999999,-0.152746,ANS,ARM,847989
5648832,33,13,9220,2019,1244.0,0.0,0.6228199999999999,-0.10803499999999999,BRB,ATG,847989
5648833,43,13,9220,2019,53335.0,0.0,1.196265,1.2258870000000002,CHN,ATG,847989
5648834,61,13,9220,2019,2357.0,0.0,2.078626,-2.124816,DEU,ATG,847989
5648835,81,13,9220,2019,1176.0,0.0,1.731106,0.717566,GBR,ATG,847989
5648836,111,13,9220,2019,92313.0,0.0,1.25898,0.926639,ITA,ATG,847989
5648837,162,13,9220,2019,4250.0,0.0,1.145044,1.3523530000000001,NLD,ATG,847989
5648838,191,13,9220,2019,0.0,1050.0,-0.721992,-0.385479,SEN,ATG,847989
5648839,231,13,9220,2019,278262.0,0.0,1.606808,0.3232,USA,ATG,847989
5648840,7,19,9220,2019,12888.0,0.0,-0.165113,-0.8973540000000001,ARE,BEN,847989
5648841,15,19,9220,2019,4893.0,0.0,1.743927,-0.076778,AUT,BEN,847989
5648842,18,19,9220,2019,10553.0,0.0,1.2555969999999999,1.168642,BEL,BEN,847989
5648843,32,19,9220,2019,1403.0,0.0,0.076947,0.660604,BRA,BEN,847989
5648844,43,19,9220,2019,188394.0,0.0,1.196265,1.2258870000000002,CHN,BEN,847989
5648845,47,19,9220,2019,14980.0,0.0,-1.305193,-1.162808,COG,BEN,847989
5648846,61,19,9220,2019,365801.0,0.0,2.078626,-2.124816,DEU,BEN,847989
5648847,71,19,9220,2019,59593.0,0.0,0.678454,3.007838,ESP,BEN,847989
5648848,77,19,9220,2019,114596.0,4270.0,1.380982,0.9510629999999999,FRA,BEN,847989
5648849,81,19,9220,2019,51525.0,23640.0,1.731106,0.717566,GBR,BEN,847989
5648850,104,19,9220,2019,79631.0,0.0,0.43196,2.661139,IND,BEN,847989
5648851,111,19,9220,2019,28999.0,0.0,1.25898,0.926639,ITA,BEN,847989
5648852,134,19,9220,2019,9172.0,0.0,-0.747739,-0.154125,MAR,BEN,847989
5648853,157,19,9220,2019,0.0,29624.0,-0.345047,-0.792769,NER,BEN,847989
5648854,162,19,9220,2019,2387.0,0.0,1.145044,1.3523530000000001,NLD,BEN,847989
5648855,177,19,9220,2019,6961.0,0.0,1.088347,1.275875,POL,BEN,847989
5648856,179,19,9220,2019,27039.0,0.0,0.545467,2.344447,PRT,BEN,847989
5648857,191,19,9220,2019,13823.0,0.0,-0.721992,-0.385479,SEN,BEN,847989
5648858,192,19,9220,2019,1126.0,0.0,2.0264599999999997,0.665506,SGP,BEN,847989
5648859,224,19,9220,2019,20429.0,0.0,0.569408,2.364546,TUR,BEN,847989
5648860,231,19,9220,2019,189143.0,0.0,1.606808,0.3232,USA,BEN,847989
5648861,7,21,9220,2019,164578.0,0.0,-0.165113,-0.8973540000000001,ARE,BFA,847989
5648862,14,21,9220,2019,11407.0,0.0,-0.294558,-0.180198,AUS,BFA,847989
5648863,15,21,9220,2019,262272.0,0.0,1.743927,-0.076778,AUT,BFA,847989
5648864,18,21,9220,2019,21534.0,0.0,1.2555969999999999,1.168642,BEL,BFA,847989
5648865,39,21,9220,2019,14939.0,0.0,0.657292,1.187872,CAN,BFA,847989
5648866,41,21,9220,2019,1393.0,0.0,2.1990849999999997,0.8394229999999999,CHE,BFA,847989
5648867,43,21,9220,2019,323677.0,0.0,1.196265,1.2258870000000002,CHN,BFA,847989
5648868,44,21,9220,2019,11242.0,0.0,-0.9916719999999999,-0.960625,CIV,BFA,847989
5648869,61,21,9220,2019,492851.0,57008.0,2.078626,-2.124816,DEU,BFA,847989
5648870,71,21,9220,2019,37855.0,0.0,0.678454,3.007838,ESP,BFA,847989
5648871,74,21,9220,2019,6124.0,0.0,1.495278,1.034435,FIN,BFA,847989
5648872,77,21,9220,2019,502576.0,0.0,1.380982,0.9510629999999999,FRA,BFA,847989
5648873,81,21,9220,2019,1774.0,0.0,1.731106,0.717566,GBR,BFA,847989
5648874,83,21,9220,2019,6381.0,0.0,-0.9581,-0.8727879999999999,GHA,BFA,847989
5648875,100,21,9220,2019,604.0,0.0,0.850527,1.280845,HRV,BFA,847989
5648876,104,21,9220,2019,81699.0,0.0,0.43196,2.661139,IND,BFA,847989
5648877,111,21,9220,2019,2800334.0,0.0,1.25898,0.926639,ITA,BFA,847989
5648878,124,21,9220,2019,10822.0,0.0,0.26155700000000004,1.062317,LBN,BFA,847989
5648879,134,21,9220,2019,18581.0,0.0,-0.747739,-0.154125,MAR,BFA,847989
5648880,141,21,9220,2019,0.0,7047.0,-0.381732,-0.606313,MLI,BFA,847989
5648881,162,21,9220,2019,18486.0,0.0,1.145044,1.3523530000000001,NLD,BFA,847989
5648882,179,21,9220,2019,5037.0,0.0,0.545467,2.344447,PRT,BFA,847989
5648883,208,21,9220,2019,21444.0,0.0,1.781148,0.742037,SWE,BFA,847989
5648884,215,21,9220,2019,0.0,8519.0,-0.823204,-0.819535,TGO,BFA,847989
5648885,216,21,9220,2019,150.0,0.0,0.9744229999999999,1.401199,THA,BFA,847989
5648886,223,21,9220,2019,1015.0,0.0,0.19601300000000002,1.159766,TUN,BFA,847989
5648887,224,21,9220,2019,37027.0,0.0,0.569408,2.364546,TUR,BFA,847989
5648888,231,21,9220,2019,152755.0,7227.0,1.606808,0.3232,USA,BFA,847989
5648889,246,21,9220,2019,43086.0,0.0,0.129921,1.101027,ZAF,BFA,847989
5648890,249,21,9220,2019,10112.0,0.0,2.123296,1.1786969999999999,TWN,BFA,847989
5648891,7,34,9220,2019,32845.0,3705.0,-0.165113,-0.8973540000000001,ARE,BRN,847989
5648892,14,34,9220,2019,358791.0,71514.0,-0.294558,-0.180198,AUS,BRN,847989
5648893,15,34,9220,2019,502105.0,0.0,1.743927,-0.076778,AUT,BRN,847989
5648894,18,34,9220,2019,7883.0,0.0,1.2555969999999999,1.168642,BEL,BRN,847989
5648895,22,34,9220,2019,0.0,8941.0,-1.113148,-0.9513299999999999,BGD,BRN,847989
5648896,32,34,9220,2019,45634.0,2649.0,0.076947,0.660604,BRA,BRN,847989
5648897,39,34,9220,2019,59978.0,0.0,0.657292,1.187872,CAN,BRN,847989
5648898,41,34,9220,2019,46519.0,0.0,2.1990849999999997,0.8394229999999999,CHE,BRN,847989
5648899,43,34,9220,2019,6169064.0,1036493.0,1.196265,1.2258870000000002,CHN,BRN,847989
5648900,49,34,9220,2019,0.0,14418.0,0.099936,-0.15568800000000002,COL,BRN,847989
5648901,61,34,9220,2019,876958.0,0.0,2.078626,-2.124816,DEU,BRN,847989
5648902,64,34,9220,2019,832.0,0.0,1.0768280000000001,1.2615610000000002,DNK,BRN,847989
5648903,68,34,9220,2019,0.0,49509.0,-0.152353,1.5426309999999999,EGY,BRN,847989
5648904,72,34,9220,2019,5046.0,0.0,0.962284,1.346195,EST,BRN,847989
5648905,77,34,9220,2019,1820.0,0.0,1.380982,0.9510629999999999,FRA,BRN,847989
5648906,81,34,9220,2019,1003666.0,2589.0,1.731106,0.717566,GBR,BRN,847989
5648907,83,34,9220,2019,0.0,4518.0,-0.9581,-0.8727879999999999,GHA,BRN,847989
5648908,90,34,9220,2019,2083.0,0.0,0.08904400000000001,1.059396,GRC,BRN,847989
5648909,97,34,9220,2019,7606.0,0.0,0.992556,1.523004,HKG,BRN,847989
5648910,103,34,9220,2019,3950.0,6680.0,-0.141811,1.385726,IDN,BRN,847989
5648911,104,34,9220,2019,111243.0,115347.0,0.43196,2.661139,IND,BRN,847989
5648912,111,34,9220,2019,50031.0,6308.0,1.25898,0.926639,ITA,BRN,847989
5648913,114,34,9220,2019,34027.0,132734.0,2.4931509999999997,-0.558811,JPN,BRN,847989
5648914,121,34,9220,2019,14408.0,0.0,2.115482,0.696838,KOR,BRN,847989
5648915,122,34,9220,2019,0.0,100602.0,0.081686,-1.087259,KWT,BRN,847989
5648916,138,34,9220,2019,380813.0,0.0,1.083041,0.569353,MEX,BRN,847989
5648917,153,34,9220,2019,808165.0,260927.0,1.192967,0.730971,MYS,BRN,847989
5648918,159,34,9220,2019,0.0,1689.0,-1.7383970000000002,-1.220333,NGA,BRN,847989
5648919,162,34,9220,2019,255280.0,0.0,1.145044,1.3523530000000001,NLD,BRN,847989
5648920,163,34,9220,2019,35530.0,16859.0,0.6957300000000001,0.181607,NOR,BRN,847989
5648921,166,34,9220,2019,1082.0,0.0,0.119281,0.039036,NZL,BRN,847989
5648922,174,34,9220,2019,58122.0,6609.0,0.762884,0.3318,PHL,BRN,847989
5648923,177,34,9220,2019,956.0,0.0,1.088347,1.275875,POL,BRN,847989
5648924,183,34,9220,2019,0.0,57896.0,-0.064127,-1.065046,QAT,BRN,847989
5648925,192,34,9220,2019,5487407.0,1122668.0,2.0264599999999997,0.665506,SGP,BRN,847989
5648926,208,34,9220,2019,6615.0,0.0,1.781148,0.742037,SWE,BRN,847989
5648927,216,34,9220,2019,134744.0,5347.0,0.9744229999999999,1.401199,THA,BRN,847989
5648928,224,34,9220,2019,2486.0,0.0,0.569408,2.364546,TUR,BRN,847989
5648929,231,34,9220,2019,1853178.0,564374.0,1.606808,0.3232,USA,BRN,847989
5648930,239,34,9220,2019,62905.0,18804.0,-0.048147,1.098784,VNM,BRN,847989
5648931,249,34,9220,2019,1332.0,0.0,2.123296,1.1786969999999999,TWN,BRN,847989
5648932,7,37,9220,2019,1157.0,0.0,-0.165113,-0.8973540000000001,ARE,BWA,847989
5648933,14,37,9220,2019,2727.0,0.0,-0.294558,-0.180198,AUS,BWA,847989
5648934,15,37,9220,2019,732.0,0.0,1.743927,-0.076778,AUT,BWA,847989
5648935,18,37,9220,2019,6521.0,0.0,1.2555969999999999,1.168642,BEL,BWA,847989
5648936,39,37,9220,2019,1010.0,0.0,0.657292,1.187872,CAN,BWA,847989
5648937,41,37,9220,2019,1437.0,0.0,2.1990849999999997,0.8394229999999999,CHE,BWA,847989
5648938,43,37,9220,2019,124969.0,0.0,1.196265,1.2258870000000002,CHN,BWA,847989
5648939,59,37,9220,2019,64928.0,0.0,1.797611,0.406708,CZE,BWA,847989
5648940,61,37,9220,2019,598736.0,0.0,2.078626,-2.124816,DEU,BWA,847989
5648941,74,37,9220,2019,3578.0,0.0,1.495278,1.034435,FIN,BWA,847989
5648942,77,37,9220,2019,1114.0,0.0,1.380982,0.9510629999999999,FRA,BWA,847989
5648943,81,37,9220,2019,1540.0,0.0,1.731106,0.717566,GBR,BWA,847989
5648944,104,37,9220,2019,25451.0,0.0,0.43196,2.661139,IND,BWA,847989
5648945,110,37,9220,2019,422474.0,0.0,1.488686,0.823376,ISR,BWA,847989
5648946,111,37,9220,2019,4545.0,49287.0,1.25898,0.926639,ITA,BWA,847989
5648947,116,37,9220,2019,10448.0,0.0,-0.406684,0.8588969999999999,KEN,BWA,847989
5648948,121,37,9220,2019,0.0,1835.0,2.115482,0.696838,KOR,BWA,847989
5648949,138,37,9220,2019,2205.0,0.0,1.083041,0.569353,MEX,BWA,847989
5648950,168,37,9220,2019,1067.0,0.0,-0.6909270000000001,0.8651120000000001,PAK,BWA,847989
5648951,208,37,9220,2019,2887.0,0.0,1.781148,0.742037,SWE,BWA,847989
5648952,231,37,9220,2019,69223.0,0.0,1.606808,0.3232,USA,BWA,847989
5648953,246,37,9220,2019,2944282.0,25264.0,0.129921,1.101027,ZAF,BWA,847989
5648954,247,37,9220,2019,0.0,3200.0,-0.629261,-0.8471489999999999,ZMB,BWA,847989
5648955,248,37,9220,2019,0.0,14038.0,-0.9993780000000001,-1.018174,ZWE,BWA,847989
5648956,2,44,9220,2019,85417.0,17573.0,-1.096127,-1.195434,AGO,CIV,847989
5648957,7,44,9220,2019,545668.0,0.0,-0.165113,-0.8973540000000001,ARE,CIV,847989
5648958,14,44,9220,2019,372056.0,0.0,-0.294558,-0.180198,AUS,CIV,847989
5648959,15,44,9220,2019,13688.0,0.0,1.743927,-0.076778,AUT,CIV,847989
5648960,18,44,9220,2019,168842.0,3992.0,1.2555969999999999,1.168642,BEL,CIV,847989
5648961,21,44,9220,2019,0.0,11242.0,-0.805181,-0.941847,BFA,CIV,847989
5648962,28,44,9220,2019,22994.0,0.0,0.7849649999999999,0.8951600000000001,BLR,CIV,847989
5648963,32,44,9220,2019,2419.0,0.0,0.076947,0.660604,BRA,CIV,847989
5648964,39,44,9220,2019,8800.0,0.0,0.657292,1.187872,CAN,CIV,847989
5648965,41,44,9220,2019,5682.0,0.0,2.1990849999999997,0.8394229999999999,CHE,CIV,847989
5648966,43,44,9220,2019,384219.0,0.0,1.196265,1.2258870000000002,CHN,CIV,847989
5648967,45,44,9220,2019,0.0,105924.0,-1.461279,-1.214274,CMR,CIV,847989
5648968,46,44,9220,2019,0.0,94155.0,-1.2685879999999998,-1.148403,COD,CIV,847989
5648969,47,44,9220,2019,0.0,5175.0,-1.305193,-1.162808,COG,CIV,847989
5648970,59,44,9220,2019,11029.0,0.0,1.797611,0.406708,CZE,CIV,847989
5648971,61,44,9220,2019,678549.0,1406.0,2.078626,-2.124816,DEU,CIV,847989
5648972,64,44,9220,2019,1442.0,395.0,1.0768280000000001,1.2615610000000002,DNK,CIV,847989
5648973,66,44,9220,2019,0.0,149824.0,-1.008866,-1.215228,DZA,CIV,847989
5648974,71,44,9220,2019,118015.0,1241.0,0.678454,3.007838,ESP,CIV,847989
5648975,74,44,9220,2019,5731.0,1957.0,1.495278,1.034435,FIN,CIV,847989
5648976,77,44,9220,2019,1545324.0,80117.0,1.380982,0.9510629999999999,FRA,CIV,847989
5648977,80,44,9220,2019,0.0,8261.0,-1.08556,-1.183434,GAB,CIV,847989
5648978,81,44,9220,2019,158530.0,183227.0,1.731106,0.717566,GBR,CIV,847989
5648979,83,44,9220,2019,3884.0,288836.0,-0.9581,-0.8727879999999999,GHA,CIV,847989
5648980,85,44,9220,2019,1694.0,3160.0,-1.366633,-1.196123,GIN,CIV,847989
5648981,90,44,9220,2019,2510.0,0.0,0.08904400000000001,1.059396,GRC,CIV,847989
5648982,103,44,9220,2019,2437.0,0.0,-0.141811,1.385726,IDN,CIV,847989
5648983,104,44,9220,2019,2172841.0,0.0,0.43196,2.661139,IND,CIV,847989
5648984,110,44,9220,2019,0.0,1079.0,1.488686,0.823376,ISR,CIV,847989
5648985,111,44,9220,2019,1208800.0,693015.0,1.25898,0.926639,ITA,CIV,847989
5648986,114,44,9220,2019,6400.0,0.0,2.4931509999999997,-0.558811,JPN,CIV,847989
5648987,121,44,9220,2019,11810.0,0.0,2.115482,0.696838,KOR,CIV,847989
5648988,124,44,9220,2019,75207.0,0.0,0.26155700000000004,1.062317,LBN,CIV,847989
5648989,130,44,9220,2019,2038.0,0.0,0.858456,1.364581,LTU,CIV,847989
5648990,134,44,9220,2019,17094.0,0.0,-0.747739,-0.154125,MAR,CIV,847989
5648991,138,44,9220,2019,130768.0,0.0,1.083041,0.569353,MEX,CIV,847989
5648992,141,44,9220,2019,0.0,1230.0,-0.381732,-0.606313,MLI,CIV,847989
5648993,143,44,9220,2019,0.0,3486.0,-1.196733,-0.435766,MMR,CIV,847989
5648994,147,44,9220,2019,0.0,5337.0,-1.264532,-1.072626,MOZ,CIV,847989
5648995,148,44,9220,2019,0.0,888.0,-1.711918,-1.339005,MRT,CIV,847989
5648996,151,44,9220,2019,5106.0,0.0,-0.15909600000000002,0.034770999999999996,MUS,CIV,847989
5648997,153,44,9220,2019,123485.0,0.0,1.192967,0.730971,MYS,CIV,847989
5648998,159,44,9220,2019,18160.0,6157.0,-1.7383970000000002,-1.220333,NGA,CIV,847989
5648999,162,44,9220,2019,337163.0,7414.0,1.145044,1.3523530000000001,NLD,CIV,847989
5649000,163,44,9220,2019,127110.0,1118155.0,0.6957300000000001,0.181607,NOR,CIV,847989
5649001,177,44,9220,2019,8159.0,0.0,1.088347,1.275875,POL,CIV,847989
5649002,179,44,9220,2019,32643.0,0.0,0.545467,2.344447,PRT,CIV,847989
5649003,183,44,9220,2019,0.0,4457.0,-0.064127,-1.065046,QAT,CIV,847989
5649004,185,44,9220,2019,10881.0,0.0,1.044289,1.013691,ROU,CIV,847989
5649005,186,44,9220,2019,0.0,23183.0,0.329884,0.26215,RUS,CIV,847989
5649006,191,44,9220,2019,13877.0,199631.0,-0.721992,-0.385479,SEN,CIV,847989
5649007,192,44,9220,2019,293277.0,3367.0,2.0264599999999997,0.665506,SGP,CIV,847989
5649008,206,44,9220,2019,215903.0,0.0,1.39311,0.743107,SVK,CIV,847989
5649009,207,44,9220,2019,6341.0,0.0,1.63711,0.803198,SVN,CIV,847989
5649010,208,44,9220,2019,3278.0,0.0,1.781148,0.742037,SWE,CIV,847989
5649011,216,44,9220,2019,9294.0,8442.0,0.9744229999999999,1.401199,THA,CIV,847989
5649012,223,44,9220,2019,5060.0,0.0,0.19601300000000002,1.159766,TUN,CIV,847989
5649013,224,44,9220,2019,85512.0,0.0,0.569408,2.364546,TUR,CIV,847989
5649014,226,44,9220,2019,0.0,629.0,-0.907172,0.37293899999999996,TZA,CIV,847989
5649015,228,44,9220,2019,36850.0,0.0,0.303802,0.5650270000000001,UKR,CIV,847989
5649016,231,44,9220,2019,216758.0,1272496.0,1.606808,0.3232,USA,CIV,847989
5649017,239,44,9220,2019,51656.0,2790.0,-0.048147,1.098784,VNM,CIV,847989
5649018,246,44,9220,2019,22416.0,317.0,0.129921,1.101027,ZAF,CIV,847989
5649019,247,44,9220,2019,0.0,1214.0,-0.629261,-0.8471489999999999,ZMB,CIV,847989
5649020,249,44,9220,2019,17400.0,2927.0,2.123296,1.1786969999999999,TWN,CIV,847989
5649021,2,45,9220,2019,49410.0,0.0,-1.096127,-1.195434,AGO,CMR,847989
5649022,7,45,9220,2019,536914.0,0.0,-0.165113,-0.8973540000000001,ARE,CMR,847989
5649023,15,45,9220,2019,194535.0,0.0,1.743927,-0.076778,AUT,CMR,847989
5649024,18,45,9220,2019,57121.0,0.0,1.2555969999999999,1.168642,BEL,CMR,847989
5649025,39,45,9220,2019,74502.0,0.0,0.657292,1.187872,CAN,CMR,847989
5649026,41,45,9220,2019,15675.0,0.0,2.1990849999999997,0.8394229999999999,CHE,CMR,847989
5649027,43,45,9220,2019,610784.0,0.0,1.196265,1.2258870000000002,CHN,CMR,847989
5649028,44,45,9220,2019,105924.0,0.0,-0.9916719999999999,-0.960625,CIV,CMR,847989
5649029,47,45,9220,2019,301922.0,118091.0,-1.305193,-1.162808,COG,CMR,847989
5649030,52,45,9220,2019,12203.0,0.0,0.38045,0.08960900000000001,CRI,CMR,847989
5649031,59,45,9220,2019,8549.0,0.0,1.797611,0.406708,CZE,CMR,847989
5649032,61,45,9220,2019,1218999.0,0.0,2.078626,-2.124816,DEU,CMR,847989
5649033,64,45,9220,2019,1045.0,0.0,1.0768280000000001,1.2615610000000002,DNK,CMR,847989
5649034,71,45,9220,2019,1582.0,0.0,0.678454,3.007838,ESP,CMR,847989
5649035,77,45,9220,2019,1172983.0,0.0,1.380982,0.9510629999999999,FRA,CMR,847989
5649036,81,45,9220,2019,54110.0,50657.0,1.731106,0.717566,GBR,CMR,847989
5649037,83,45,9220,2019,0.0,19971.0,-0.9581,-0.8727879999999999,GHA,CMR,847989
5649038,104,45,9220,2019,230738.0,0.0,0.43196,2.661139,IND,CMR,847989
5649039,110,45,9220,2019,39000.0,0.0,1.488686,0.823376,ISR,CMR,847989
5649040,111,45,9220,2019,665709.0,0.0,1.25898,0.926639,ITA,CMR,847989
5649041,116,45,9220,2019,27894.0,0.0,-0.406684,0.8588969999999999,KEN,CMR,847989
5649042,153,45,9220,2019,12544.0,0.0,1.192967,0.730971,MYS,CMR,847989
5649043,159,45,9220,2019,0.0,3021.0,-1.7383970000000002,-1.220333,NGA,CMR,847989
5649044,162,45,9220,2019,32815.0,0.0,1.145044,1.3523530000000001,NLD,CMR,847989
5649045,163,45,9220,2019,15961.0,0.0,0.6957300000000001,0.181607,NOR,CMR,847989
5649046,177,45,9220,2019,182522.0,0.0,1.088347,1.275875,POL,CMR,847989
5649047,179,45,9220,2019,1236.0,18660.0,0.545467,2.344447,PRT,CMR,847989
5649048,185,45,9220,2019,73309.0,0.0,1.044289,1.013691,ROU,CMR,847989
5649049,191,45,9220,2019,0.0,10284.0,-0.721992,-0.385479,SEN,CMR,847989
5649050,192,45,9220,2019,1348428.0,7392.0,2.0264599999999997,0.665506,SGP,CMR,847989
5649051,208,45,9220,2019,16436.0,0.0,1.781148,0.742037,SWE,CMR,847989
5649052,224,45,9220,2019,593440.0,0.0,0.569408,2.364546,TUR,CMR,847989
5649053,231,45,9220,2019,1989590.0,0.0,1.606808,0.3232,USA,CMR,847989
5649054,246,45,9220,2019,86046.0,0.0,0.129921,1.101027,ZAF,CMR,847989
5649055,249,45,9220,2019,7578.0,0.0,2.123296,1.1786969999999999,TWN,CMR,847989
5649056,2,46,9220,2019,719.0,0.0,-1.096127,-1.195434,AGO,COD,847989
5649057,7,46,9220,2019,285922.0,0.0,-0.165113,-0.8973540000000001,ARE,COD,847989
5649058,14,46,9220,2019,218.0,0.0,-0.294558,-0.180198,AUS,COD,847989
5649059,15,46,9220,2019,17015.0,0.0,1.743927,-0.076778,AUT,COD,847989
5649060,18,46,9220,2019,300115.0,641.0,1.2555969999999999,1.168642,BEL,COD,847989
5649061,32,46,9220,2019,8235.0,0.0,0.076947,0.660604,BRA,COD,847989
5649062,39,46,9220,2019,344483.0,0.0,0.657292,1.187872,CAN,COD,847989
5649063,41,46,9220,2019,274889.0,0.0,2.1990849999999997,0.8394229999999999,CHE,COD,847989
5649064,43,46,9220,2019,5852605.0,0.0,1.196265,1.2258870000000002,CHN,COD,847989
5649065,44,46,9220,2019,94155.0,0.0,-0.9916719999999999,-0.960625,CIV,COD,847989
5649066,47,46,9220,2019,5757.0,20741.0,-1.305193,-1.162808,COG,COD,847989
5649067,59,46,9220,2019,772.0,0.0,1.797611,0.406708,CZE,COD,847989
5649068,61,46,9220,2019,205329.0,0.0,2.078626,-2.124816,DEU,COD,847989
5649069,64,46,9220,2019,8799.0,0.0,1.0768280000000001,1.2615610000000002,DNK,COD,847989
5649070,71,46,9220,2019,1929.0,0.0,0.678454,3.007838,ESP,COD,847989
5649071,74,46,9220,2019,1150.0,0.0,1.495278,1.034435,FIN,COD,847989
5649072,77,46,9220,2019,28380.0,0.0,1.380982,0.9510629999999999,FRA,COD,847989
5649073,81,46,9220,2019,27805.0,0.0,1.731106,0.717566,GBR,COD,847989
5649074,104,46,9220,2019,272343.0,0.0,0.43196,2.661139,IND,COD,847989
5649075,111,46,9220,2019,9673877.0,0.0,1.25898,0.926639,ITA,COD,847989
5649076,114,46,9220,2019,19345.0,0.0,2.4931509999999997,-0.558811,JPN,COD,847989
5649077,116,46,9220,2019,5635.0,965.0,-0.406684,0.8588969999999999,KEN,COD,847989
5649078,121,46,9220,2019,8936.0,0.0,2.115482,0.696838,KOR,COD,847989
5649079,124,46,9220,2019,4680.0,0.0,0.26155700000000004,1.062317,LBN,COD,847989
5649080,131,46,9220,2019,3162.0,0.0,1.234145,1.3754309999999998,LUX,COD,847989
5649081,138,46,9220,2019,1602.0,0.0,1.083041,0.569353,MEX,COD,847989
5649082,141,46,9220,2019,6123.0,0.0,-0.381732,-0.606313,MLI,COD,847989
5649083,153,46,9220,2019,253336.0,0.0,1.192967,0.730971,MYS,COD,847989
5649084,155,46,9220,2019,4540.0,0.0,-0.545575,-0.744274,NAM,COD,847989
5649085,162,46,9220,2019,16149.0,0.0,1.145044,1.3523530000000001,NLD,COD,847989
5649086,163,46,9220,2019,58264.0,0.0,0.6957300000000001,0.181607,NOR,COD,847989
5649087,177,46,9220,2019,2765.0,0.0,1.088347,1.275875,POL,COD,847989
5649088,179,46,9220,2019,3755.0,0.0,0.545467,2.344447,PRT,COD,847989
5649089,186,46,9220,2019,12924.0,0.0,0.329884,0.26215,RUS,COD,847989
5649090,187,46,9220,2019,5599.0,0.0,-0.812602,-0.737603,RWA,COD,847989
5649091,192,46,9220,2019,7710.0,0.0,2.0264599999999997,0.665506,SGP,COD,847989
5649092,206,46,9220,2019,2262.0,0.0,1.39311,0.743107,SVK,COD,847989
5649093,208,46,9220,2019,3301.0,0.0,1.781148,0.742037,SWE,COD,847989
5649094,224,46,9220,2019,58243.0,0.0,0.569408,2.364546,TUR,COD,847989
5649095,226,46,9220,2019,978.0,0.0,-0.907172,0.37293899999999996,TZA,COD,847989
5649096,227,46,9220,2019,21809.0,0.0,-0.639476,0.148255,UGA,COD,847989
5649097,228,46,9220,2019,8121.0,0.0,0.303802,0.5650270000000001,UKR,COD,847989
5649098,231,46,9220,2019,62126.0,0.0,1.606808,0.3232,USA,COD,847989
5649099,246,46,9220,2019,1581930.0,3076.0,0.129921,1.101027,ZAF,COD,847989
5649100,247,46,9220,2019,29918.0,4522.0,-0.629261,-0.8471489999999999,ZMB,COD,847989
5649101,249,46,9220,2019,927.0,0.0,2.123296,1.1786969999999999,TWN,COD,847989
5649102,2,47,9220,2019,98074.0,109011.0,-1.096127,-1.195434,AGO,COG,847989
5649103,7,47,9220,2019,2054275.0,41756.0,-0.165113,-0.8973540000000001,ARE,COG,847989
5649104,14,47,9220,2019,3121.0,36167.0,-0.294558,-0.180198,AUS,COG,847989
5649105,16,47,9220,2019,0.0,81980.0,-1.005636,-1.2094209999999999,AZE,COG,847989
5649106,18,47,9220,2019,33892.0,0.0,1.2555969999999999,1.168642,BEL,COG,847989
5649107,19,47,9220,2019,0.0,14980.0,-0.861242,-0.8837440000000001,BEN,COG,847989
5649108,32,47,9220,2019,15395.0,0.0,0.076947,0.660604,BRA,COG,847989
5649109,39,47,9220,2019,154921.0,0.0,0.657292,1.187872,CAN,COG,847989
5649110,43,47,9220,2019,1887245.0,12927.0,1.196265,1.2258870000000002,CHN,COG,847989
5649111,44,47,9220,2019,5175.0,0.0,-0.9916719999999999,-0.960625,CIV,COG,847989
5649112,45,47,9220,2019,118091.0,301922.0,-1.461279,-1.214274,CMR,COG,847989
5649113,46,47,9220,2019,20741.0,5757.0,-1.2685879999999998,-1.148403,COD,COG,847989
5649114,59,47,9220,2019,0.0,1700.0,1.797611,0.406708,CZE,COG,847989
5649115,61,47,9220,2019,1312260.0,990.0,2.078626,-2.124816,DEU,COG,847989
5649116,64,47,9220,2019,1988.0,1486.0,1.0768280000000001,1.2615610000000002,DNK,COG,847989
5649117,66,47,9220,2019,0.0,4800.0,-1.008866,-1.215228,DZA,COG,847989
5649118,68,47,9220,2019,0.0,1754.0,-0.152353,1.5426309999999999,EGY,COG,847989
5649119,71,47,9220,2019,389732.0,0.0,0.678454,3.007838,ESP,COG,847989
5649120,77,47,9220,2019,318678.0,833.0,1.380982,0.9510629999999999,FRA,COG,847989
5649121,80,47,9220,2019,22418.0,211578.0,-1.08556,-1.183434,GAB,COG,847989
5649122,81,47,9220,2019,117700.0,2166.0,1.731106,0.717566,GBR,COG,847989
5649123,83,47,9220,2019,143263.0,34241.0,-0.9581,-0.8727879999999999,GHA,COG,847989
5649124,89,47,9220,2019,0.0,28904.0,-1.9057680000000001,-0.968132,GNQ,COG,847989
5649125,103,47,9220,2019,9705.0,15189.0,-0.141811,1.385726,IDN,COG,847989
5649126,104,47,9220,2019,4787.0,422249.0,0.43196,2.661139,IND,COG,847989
5649127,111,47,9220,2019,2274729.0,20524.0,1.25898,0.926639,ITA,COG,847989
5649128,114,47,9220,2019,26916.0,0.0,2.4931509999999997,-0.558811,JPN,COG,847989
5649129,116,47,9220,2019,328.0,0.0,-0.406684,0.8588969999999999,KEN,COG,847989
5649130,122,47,9220,2019,642.0,2097.0,0.081686,-1.087259,KWT,COG,847989
5649131,124,47,9220,2019,11890.0,0.0,0.26155700000000004,1.062317,LBN,COG,847989
5649132,138,47,9220,2019,4485.0,0.0,1.083041,0.569353,MEX,COG,847989
5649133,153,47,9220,2019,1279097.0,0.0,1.192967,0.730971,MYS,COG,847989
5649134,155,47,9220,2019,0.0,62949.0,-0.545575,-0.744274,NAM,COG,847989
5649135,159,47,9220,2019,8654.0,106429.0,-1.7383970000000002,-1.220333,NGA,COG,847989
5649136,162,47,9220,2019,80716.0,1092.0,1.145044,1.3523530000000001,NLD,COG,847989
5649137,163,47,9220,2019,196401.0,189727.0,0.6957300000000001,0.181607,NOR,COG,847989
5649138,173,47,9220,2019,0.0,38916.0,-0.76944,-0.216619,PER,COG,847989
5649139,177,47,9220,2019,57940.0,0.0,1.088347,1.275875,POL,COG,847989
5649140,185,47,9220,2019,288710.0,0.0,1.044289,1.013691,ROU,COG,847989
5649141,186,47,9220,2019,4386.0,829.0,0.329884,0.26215,RUS,COG,847989
5649142,188,47,9220,2019,1044.0,2165.0,0.787798,-0.41350600000000004,SAU,COG,847989
5649143,192,47,9220,2019,529200.0,0.0,2.0264599999999997,0.665506,SGP,COG,847989
5649144,208,47,9220,2019,63894.0,0.0,1.781148,0.742037,SWE,COG,847989
5649145,214,47,9220,2019,0.0,6672.0,-2.636669,-1.033665,TCD,COG,847989
5649146,216,47,9220,2019,0.0,4346.0,0.9744229999999999,1.401199,THA,COG,847989
5649147,224,47,9220,2019,422414.0,0.0,0.569408,2.364546,TUR,COG,847989
5649148,231,47,9220,2019,1950324.0,0.0,1.606808,0.3232,USA,COG,847989
5649149,239,47,9220,2019,20913.0,0.0,-0.048147,1.098784,VNM,COG,847989
5649150,246,47,9220,2019,18605.0,27257.0,0.129921,1.101027,ZAF,COG,847989
5649151,18,51,9220,2019,3368.0,0.0,1.2555969999999999,1.168642,BEL,CPV,847989
5649152,43,51,9220,2019,5444.0,0.0,1.196265,1.2258870000000002,CHN,CPV,847989
5649153,61,51,9220,2019,137960.0,0.0,2.078626,-2.124816,DEU,CPV,847989
5649154,64,51,9220,2019,1159.0,0.0,1.0768280000000001,1.2615610000000002,DNK,CPV,847989
5649155,71,51,9220,2019,12635.0,0.0,0.678454,3.007838,ESP,CPV,847989
5649156,77,51,9220,2019,25358.0,0.0,1.380982,0.9510629999999999,FRA,CPV,847989
5649157,111,51,9220,2019,282183.0,0.0,1.25898,0.926639,ITA,CPV,847989
5649158,134,51,9220,2019,19567.0,0.0,-0.747739,-0.154125,MAR,CPV,847989
5649159,162,51,9220,2019,1829.0,0.0,1.145044,1.3523530000000001,NLD,CPV,847989
5649160,179,51,9220,2019,357545.0,13212.0,0.545467,2.344447,PRT,CPV,847989
5649161,231,51,9220,2019,12745.0,0.0,1.606808,0.3232,USA,CPV,847989
5649162,250,51,9220,2019,5534.0,0.0,0.8996129999999999,-0.152746,ANS,CPV,847989
5649163,7,54,9220,2019,514661.0,0.0,-0.165113,-0.8973540000000001,ARE,CUB,847989
5649164,15,54,9220,2019,28464.0,0.0,1.743927,-0.076778,AUT,CUB,847989
5649165,18,54,9220,2019,69710.0,0.0,1.2555969999999999,1.168642,BEL,CUB,847989
5649166,32,54,9220,2019,43596.0,0.0,0.076947,0.660604,BRA,CUB,847989
5649167,39,54,9220,2019,152987.0,0.0,0.657292,1.187872,CAN,CUB,847989
5649168,41,54,9220,2019,28477.0,0.0,2.1990849999999997,0.8394229999999999,CHE,CUB,847989
5649169,43,54,9220,2019,10161792.0,0.0,1.196265,1.2258870000000002,CHN,CUB,847989
5649170,49,54,9220,2019,37312.0,0.0,0.099936,-0.15568800000000002,COL,CUB,847989
5649171,59,54,9220,2019,1759709.0,0.0,1.797611,0.406708,CZE,CUB,847989
5649172,61,54,9220,2019,926286.0,199676.0,2.078626,-2.124816,DEU,CUB,847989
5649173,64,54,9220,2019,3262.0,0.0,1.0768280000000001,1.2615610000000002,DNK,CUB,847989
5649174,65,54,9220,2019,7085.0,0.0,-0.20594,0.309785,DOM,CUB,847989
5649175,71,54,9220,2019,1194462.0,0.0,0.678454,3.007838,ESP,CUB,847989
5649176,72,54,9220,2019,41199.0,0.0,0.962284,1.346195,EST,CUB,847989
5649177,77,54,9220,2019,1524.0,0.0,1.380982,0.9510629999999999,FRA,CUB,847989
5649178,102,54,9220,2019,4321.0,0.0,1.462102,0.809183,HUN,CUB,847989
5649179,104,54,9220,2019,15163.0,0.0,0.43196,2.661139,IND,CUB,847989
5649180,111,54,9220,2019,5927730.0,0.0,1.25898,0.926639,ITA,CUB,847989
5649181,138,54,9220,2019,65922.0,0.0,1.083041,0.569353,MEX,CUB,847989
5649182,162,54,9220,2019,65374.0,0.0,1.145044,1.3523530000000001,NLD,CUB,847989
5649183,179,54,9220,2019,4205.0,0.0,0.545467,2.344447,PRT,CUB,847989
5649184,186,54,9220,2019,1253390.0,0.0,0.329884,0.26215,RUS,CUB,847989
5649185,206,54,9220,2019,58707.0,0.0,1.39311,0.743107,SVK,CUB,847989
5649186,224,54,9220,2019,15504.0,145139.0,0.569408,2.364546,TUR,CUB,847989
5649187,228,54,9220,2019,6803.0,0.0,0.303802,0.5650270000000001,UKR,CUB,847989
5649188,43,57,9220,2019,55851.0,0.0,1.196265,1.2258870000000002,CHN,CYM,847989
5649189,61,57,9220,2019,1599.0,5931.0,2.078626,-2.124816,DEU,CYM,847989
5649190,77,57,9220,2019,275167.0,0.0,1.380982,0.9510629999999999,FRA,CYM,847989
5649191,111,57,9220,2019,7640.0,0.0,1.25898,0.926639,ITA,CYM,847989
5649192,112,57,9220,2019,0.0,2268.0,-0.18387799999999999,-0.710004,JAM,CYM,847989
5649193,114,57,9220,2019,7264.0,0.0,2.4931509999999997,-0.558811,JPN,CYM,847989
5649194,163,57,9220,2019,0.0,22679.0,0.6957300000000001,0.181607,NOR,CYM,847989
5649195,177,57,9220,2019,9365.0,0.0,1.088347,1.275875,POL,CYM,847989
5649196,231,57,9220,2019,1080508.0,4946.0,1.606808,0.3232,USA,CYM,847989
5649197,7,62,9220,2019,247078.0,0.0,-0.165113,-0.8973540000000001,ARE,DJI,847989
5649198,39,62,9220,2019,1488.0,0.0,0.657292,1.187872,CAN,DJI,847989
5649199,43,62,9220,2019,1414130.0,0.0,1.196265,1.2258870000000002,CHN,DJI,847989
5649200,59,62,9220,2019,47588.0,0.0,1.797611,0.406708,CZE,DJI,847989
5649201,61,62,9220,2019,1158981.0,0.0,2.078626,-2.124816,DEU,DJI,847989
5649202,64,62,9220,2019,3061.0,0.0,1.0768280000000001,1.2615610000000002,DNK,DJI,847989
5649203,71,62,9220,2019,100238.0,0.0,0.678454,3.007838,ESP,DJI,847989
5649204,73,62,9220,2019,5550.0,0.0,-1.073631,-0.617885,ETH,DJI,847989
5649205,77,62,9220,2019,133290.0,0.0,1.380982,0.9510629999999999,FRA,DJI,847989
5649206,81,62,9220,2019,34872.0,0.0,1.731106,0.717566,GBR,DJI,847989
5649207,90,62,9220,2019,1457.0,0.0,0.08904400000000001,1.059396,GRC,DJI,847989
5649208,104,62,9220,2019,230997.0,0.0,0.43196,2.661139,IND,DJI,847989
5649209,106,62,9220,2019,0.0,7109.0,1.3812389999999999,-0.025366,IRL,DJI,847989
5649210,121,62,9220,2019,4005.0,0.0,2.115482,0.696838,KOR,DJI,847989
5649211,153,62,9220,2019,21155.0,0.0,1.192967,0.730971,MYS,DJI,847989
5649212,162,62,9220,2019,1675.0,0.0,1.145044,1.3523530000000001,NLD,DJI,847989
5649213,179,62,9220,2019,5036.0,0.0,0.545467,2.344447,PRT,DJI,847989
5649214,192,62,9220,2019,18083.0,0.0,2.0264599999999997,0.665506,SGP,DJI,847989
5649215,208,62,9220,2019,86200.0,0.0,1.781148,0.742037,SWE,DJI,847989
5649216,224,62,9220,2019,25113.0,0.0,0.569408,2.364546,TUR,DJI,847989
5649217,231,62,9220,2019,106671.0,144245.0,1.606808,0.3232,USA,DJI,847989
5649218,249,62,9220,2019,88247.0,0.0,2.123296,1.1786969999999999,TWN,DJI,847989
5649219,2,66,9220,2019,1421.0,0.0,-1.096127,-1.195434,AGO,DZA,847989
5649220,7,66,9220,2019,8529895.0,0.0,-0.165113,-0.8973540000000001,ARE,DZA,847989
5649221,8,66,9220,2019,344360.0,0.0,-0.136634,0.127073,ARG,DZA,847989
5649222,14,66,9220,2019,4113.0,0.0,-0.294558,-0.180198,AUS,DZA,847989
5649223,15,66,9220,2019,9783742.0,0.0,1.743927,-0.076778,AUT,DZA,847989
5649224,18,66,9220,2019,725212.0,0.0,1.2555969999999999,1.168642,BEL,DZA,847989
5649225,31,66,9220,2019,4661.0,0.0,-1.012748,-0.999245,BOL,DZA,847989
5649226,39,66,9220,2019,744658.0,0.0,0.657292,1.187872,CAN,DZA,847989
5649227,41,66,9220,2019,1079395.0,0.0,2.1990849999999997,0.8394229999999999,CHE,DZA,847989
5649228,43,66,9220,2019,23478372.0,0.0,1.196265,1.2258870000000002,CHN,DZA,847989
5649229,44,66,9220,2019,149824.0,0.0,-0.9916719999999999,-0.960625,CIV,DZA,847989
5649230,47,66,9220,2019,4800.0,0.0,-1.305193,-1.162808,COG,DZA,847989
5649231,59,66,9220,2019,31627.0,0.0,1.797611,0.406708,CZE,DZA,847989
5649232,61,66,9220,2019,14845918.0,0.0,2.078626,-2.124816,DEU,DZA,847989
5649233,64,66,9220,2019,257598.0,0.0,1.0768280000000001,1.2615610000000002,DNK,DZA,847989
5649234,71,66,9220,2019,7664487.0,45370.0,0.678454,3.007838,ESP,DZA,847989
5649235,73,66,9220,2019,1063.0,0.0,-1.073631,-0.617885,ETH,DZA,847989
5649236,77,66,9220,2019,15916057.0,0.0,1.380982,0.9510629999999999,FRA,DZA,847989
5649237,81,66,9220,2019,1619673.0,0.0,1.731106,0.717566,GBR,DZA,847989
5649238,97,66,9220,2019,2058240.0,0.0,0.992556,1.523004,HKG,DZA,847989
5649239,104,66,9220,2019,8190666.0,1024.0,0.43196,2.661139,IND,DZA,847989
5649240,111,66,9220,2019,33328594.0,53022.0,1.25898,0.926639,ITA,DZA,847989
5649241,113,66,9220,2019,81386.0,0.0,-0.003529,0.255816,JOR,DZA,847989
5649242,114,66,9220,2019,1005080.0,0.0,2.4931509999999997,-0.558811,JPN,DZA,847989
5649243,121,66,9220,2019,18017434.0,0.0,2.115482,0.696838,KOR,DZA,847989
5649244,122,66,9220,2019,34042.0,0.0,0.081686,-1.087259,KWT,DZA,847989
5649245,131,66,9220,2019,23396.0,0.0,1.234145,1.3754309999999998,LUX,DZA,847989
5649246,134,66,9220,2019,35275.0,0.0,-0.747739,-0.154125,MAR,DZA,847989
5649247,153,66,9220,2019,41416.0,0.0,1.192967,0.730971,MYS,DZA,847989
5649248,157,66,9220,2019,0.0,23237.0,-0.345047,-0.792769,NER,DZA,847989
5649249,162,66,9220,2019,970548.0,0.0,1.145044,1.3523530000000001,NLD,DZA,847989
5649250,168,66,9220,2019,16346.0,0.0,-0.6909270000000001,0.8651120000000001,PAK,DZA,847989
5649251,177,66,9220,2019,8430113.0,0.0,1.088347,1.275875,POL,DZA,847989
5649252,179,66,9220,2019,168591.0,0.0,0.545467,2.344447,PRT,DZA,847989
5649253,185,66,9220,2019,513978.0,0.0,1.044289,1.013691,ROU,DZA,847989
5649254,186,66,9220,2019,232432.0,0.0,0.329884,0.26215,RUS,DZA,847989
5649255,192,66,9220,2019,1473744.0,0.0,2.0264599999999997,0.665506,SGP,DZA,847989
5649256,201,66,9220,2019,2633729.0,0.0,0.543913,1.210102,SRB,DZA,847989
5649257,206,66,9220,2019,42998.0,0.0,1.39311,0.743107,SVK,DZA,847989
5649258,208,66,9220,2019,344920.0,0.0,1.781148,0.742037,SWE,DZA,847989
5649259,216,66,9220,2019,5456.0,0.0,0.9744229999999999,1.401199,THA,DZA,847989
5649260,223,66,9220,2019,5011660.0,5634.0,0.19601300000000002,1.159766,TUN,DZA,847989
5649261,224,66,9220,2019,10084958.0,2928.0,0.569408,2.364546,TUR,DZA,847989
5649262,228,66,9220,2019,29344.0,0.0,0.303802,0.5650270000000001,UKR,DZA,847989
5649263,231,66,9220,2019,9840666.0,0.0,1.606808,0.3232,USA,DZA,847989
5649264,249,66,9220,2019,292275.0,0.0,2.123296,1.1786969999999999,TWN,DZA,847989
5649265,7,73,9220,2019,48259.0,0.0,-0.165113,-0.8973540000000001,ARE,ETH,847989
5649266,15,73,9220,2019,22771.0,0.0,1.743927,-0.076778,AUT,ETH,847989
5649267,18,73,9220,2019,9581.0,0.0,1.2555969999999999,1.168642,BEL,ETH,847989
5649268,22,73,9220,2019,8923.0,0.0,-1.113148,-0.9513299999999999,BGD,ETH,847989
5649269,39,73,9220,2019,4922.0,0.0,0.657292,1.187872,CAN,ETH,847989
5649270,41,73,9220,2019,641828.0,0.0,2.1990849999999997,0.8394229999999999,CHE,ETH,847989
5649271,43,73,9220,2019,6162639.0,0.0,1.196265,1.2258870000000002,CHN,ETH,847989
5649272,59,73,9220,2019,741991.0,0.0,1.797611,0.406708,CZE,ETH,847989
5649273,61,73,9220,2019,3003804.0,37214.0,2.078626,-2.124816,DEU,ETH,847989
5649274,62,73,9220,2019,0.0,5550.0,-0.602334,-0.794205,DJI,ETH,847989
5649275,64,73,9220,2019,2334.0,0.0,1.0768280000000001,1.2615610000000002,DNK,ETH,847989
5649276,66,73,9220,2019,0.0,1063.0,-1.008866,-1.215228,DZA,ETH,847989
5649277,71,73,9220,2019,9701.0,0.0,0.678454,3.007838,ESP,ETH,847989
5649278,74,73,9220,2019,6535.0,0.0,1.495278,1.034435,FIN,ETH,847989
5649279,77,73,9220,2019,54793.0,0.0,1.380982,0.9510629999999999,FRA,ETH,847989
5649280,81,73,9220,2019,169215.0,0.0,1.731106,0.717566,GBR,ETH,847989
5649281,97,73,9220,2019,37900.0,0.0,0.992556,1.523004,HKG,ETH,847989
5649282,104,73,9220,2019,1552099.0,0.0,0.43196,2.661139,IND,ETH,847989
5649283,110,73,9220,2019,1953.0,0.0,1.488686,0.823376,ISR,ETH,847989
5649284,111,73,9220,2019,4125391.0,1802.0,1.25898,0.926639,ITA,ETH,847989
5649285,114,73,9220,2019,15074.0,0.0,2.4931509999999997,-0.558811,JPN,ETH,847989
5649286,116,73,9220,2019,20271.0,762.0,-0.406684,0.8588969999999999,KEN,ETH,847989
5649287,121,73,9220,2019,220081.0,0.0,2.115482,0.696838,KOR,ETH,847989
5649288,128,73,9220,2019,16467.0,6977.0,-0.592952,0.394811,LKA,ETH,847989
5649289,130,73,9220,2019,3622.0,0.0,0.858456,1.364581,LTU,ETH,847989
5649290,138,73,9220,2019,1747.0,0.0,1.083041,0.569353,MEX,ETH,847989
5649291,147,73,9220,2019,0.0,3047.0,-1.264532,-1.072626,MOZ,ETH,847989
5649292,162,73,9220,2019,124025.0,0.0,1.145044,1.3523530000000001,NLD,ETH,847989
5649293,177,73,9220,2019,6172.0,5266.0,1.088347,1.275875,POL,ETH,847989
5649294,185,73,9220,2019,1029.0,0.0,1.044289,1.013691,ROU,ETH,847989
5649295,186,73,9220,2019,2225.0,0.0,0.329884,0.26215,RUS,ETH,847989
5649296,188,73,9220,2019,6565.0,0.0,0.787798,-0.41350600000000004,SAU,ETH,847989
5649297,192,73,9220,2019,74017.0,0.0,2.0264599999999997,0.665506,SGP,ETH,847989
5649298,207,73,9220,2019,901.0,0.0,1.63711,0.803198,SVN,ETH,847989
5649299,208,73,9220,2019,19091.0,0.0,1.781148,0.742037,SWE,ETH,847989
5649300,209,73,9220,2019,1888114.0,0.0,0.087181,-0.760434,SWZ,ETH,847989
5649301,216,73,9220,2019,2817.0,0.0,0.9744229999999999,1.401199,THA,ETH,847989
5649302,223,73,9220,2019,83247.0,0.0,0.19601300000000002,1.159766,TUN,ETH,847989
5649303,224,73,9220,2019,248672.0,0.0,0.569408,2.364546,TUR,ETH,847989
5649304,226,73,9220,2019,0.0,6036.0,-0.907172,0.37293899999999996,TZA,ETH,847989
5649305,227,73,9220,2019,0.0,801.0,-0.639476,0.148255,UGA,ETH,847989
5649306,231,73,9220,2019,1908780.0,0.0,1.606808,0.3232,USA,ETH,847989
5649307,239,73,9220,2019,105965.0,0.0,-0.048147,1.098784,VNM,ETH,847989
5649308,246,73,9220,2019,6990.0,5278.0,0.129921,1.101027,ZAF,ETH,847989
5649309,249,73,9220,2019,3084.0,0.0,2.123296,1.1786969999999999,TWN,ETH,847989
5649310,2,80,9220,2019,671764.0,34587.0,-1.096127,-1.195434,AGO,GAB,847989
5649311,7,80,9220,2019,721583.0,0.0,-0.165113,-0.8973540000000001,ARE,GAB,847989
5649312,14,80,9220,2019,164554.0,0.0,-0.294558,-0.180198,AUS,GAB,847989
5649313,15,80,9220,2019,0.0,23055.0,1.743927,-0.076778,AUT,GAB,847989
5649314,18,80,9220,2019,10441.0,0.0,1.2555969999999999,1.168642,BEL,GAB,847989
5649315,39,80,9220,2019,1619452.0,0.0,0.657292,1.187872,CAN,GAB,847989
5649316,41,80,9220,2019,29236.0,0.0,2.1990849999999997,0.8394229999999999,CHE,GAB,847989
5649317,43,80,9220,2019,1808796.0,0.0,1.196265,1.2258870000000002,CHN,GAB,847989
5649318,44,80,9220,2019,8261.0,0.0,-0.9916719999999999,-0.960625,CIV,GAB,847989
5649319,47,80,9220,2019,211578.0,22418.0,-1.305193,-1.162808,COG,GAB,847989
5649320,61,80,9220,2019,883672.0,0.0,2.078626,-2.124816,DEU,GAB,847989
5649321,64,80,9220,2019,3153.0,0.0,1.0768280000000001,1.2615610000000002,DNK,GAB,847989
5649322,71,80,9220,2019,5365.0,0.0,0.678454,3.007838,ESP,GAB,847989
5649323,77,80,9220,2019,1014045.0,0.0,1.380982,0.9510629999999999,FRA,GAB,847989
5649324,81,80,9220,2019,923685.0,0.0,1.731106,0.717566,GBR,GAB,847989
5649325,104,80,9220,2019,73952.0,0.0,0.43196,2.661139,IND,GAB,847989
5649326,111,80,9220,2019,56497.0,0.0,1.25898,0.926639,ITA,GAB,847989
5649327,114,80,9220,2019,2210.0,0.0,2.4931509999999997,-0.558811,JPN,GAB,847989
5649328,116,80,9220,2019,23603.0,0.0,-0.406684,0.8588969999999999,KEN,GAB,847989
5649329,124,80,9220,2019,2194.0,0.0,0.26155700000000004,1.062317,LBN,GAB,847989
5649330,134,80,9220,2019,18357.0,0.0,-0.747739,-0.154125,MAR,GAB,847989
5649331,153,80,9220,2019,47768.0,0.0,1.192967,0.730971,MYS,GAB,847989
5649332,159,80,9220,2019,0.0,5733.0,-1.7383970000000002,-1.220333,NGA,GAB,847989
5649333,162,80,9220,2019,98584.0,0.0,1.145044,1.3523530000000001,NLD,GAB,847989
5649334,163,80,9220,2019,20644.0,0.0,0.6957300000000001,0.181607,NOR,GAB,847989
5649335,185,80,9220,2019,795987.0,0.0,1.044289,1.013691,ROU,GAB,847989
5649336,186,80,9220,2019,15613.0,0.0,0.329884,0.26215,RUS,GAB,847989
5649337,192,80,9220,2019,875052.0,0.0,2.0264599999999997,0.665506,SGP,GAB,847989
5649338,208,80,9220,2019,5404.0,0.0,1.781148,0.742037,SWE,GAB,847989
5649339,224,80,9220,2019,5656.0,0.0,0.569408,2.364546,TUR,GAB,847989
5649340,231,80,9220,2019,3950921.0,0.0,1.606808,0.3232,USA,GAB,847989
5649341,246,80,9220,2019,42420.0,0.0,0.129921,1.101027,ZAF,GAB,847989
5649342,2,83,9220,2019,16917.0,0.0,-1.096127,-1.195434,AGO,GHA,847989
5649343,7,83,9220,2019,400546.0,0.0,-0.165113,-0.8973540000000001,ARE,GHA,847989
5649344,14,83,9220,2019,352908.0,0.0,-0.294558,-0.180198,AUS,GHA,847989
5649345,15,83,9220,2019,108285.0,0.0,1.743927,-0.076778,AUT,GHA,847989
5649346,16,83,9220,2019,1524.0,0.0,-1.005636,-1.2094209999999999,AZE,GHA,847989
5649347,18,83,9220,2019,1889530.0,0.0,1.2555969999999999,1.168642,BEL,GHA,847989
5649348,21,83,9220,2019,0.0,6381.0,-0.805181,-0.941847,BFA,GHA,847989
5649349,32,83,9220,2019,145413.0,0.0,0.076947,0.660604,BRA,GHA,847989
5649350,34,83,9220,2019,4518.0,0.0,0.9608620000000001,-0.7012619999999999,BRN,GHA,847989
5649351,39,83,9220,2019,37135.0,0.0,0.657292,1.187872,CAN,GHA,847989
5649352,41,83,9220,2019,12311.0,5767.0,2.1990849999999997,0.8394229999999999,CHE,GHA,847989
5649353,43,83,9220,2019,3327162.0,0.0,1.196265,1.2258870000000002,CHN,GHA,847989
5649354,44,83,9220,2019,288836.0,3884.0,-0.9916719999999999,-0.960625,CIV,GHA,847989
5649355,45,83,9220,2019,19971.0,0.0,-1.461279,-1.214274,CMR,GHA,847989
5649356,47,83,9220,2019,34241.0,143263.0,-1.305193,-1.162808,COG,GHA,847989
5649357,55,83,9220,2019,1436.0,0.0,0.808621,-0.225196,CUW,GHA,847989
5649358,61,83,9220,2019,1855969.0,0.0,2.078626,-2.124816,DEU,GHA,847989
5649359,64,83,9220,2019,21357.0,1280.0,1.0768280000000001,1.2615610000000002,DNK,GHA,847989
5649360,71,83,9220,2019,212232.0,0.0,0.678454,3.007838,ESP,GHA,847989
5649361,72,83,9220,2019,1060.0,0.0,0.962284,1.346195,EST,GHA,847989
5649362,74,83,9220,2019,9682.0,0.0,1.495278,1.034435,FIN,GHA,847989
5649363,77,83,9220,2019,57151.0,0.0,1.380982,0.9510629999999999,FRA,GHA,847989
5649364,81,83,9220,2019,1047199.0,5875.0,1.731106,0.717566,GBR,GHA,847989
5649365,85,83,9220,2019,4895.0,0.0,-1.366633,-1.196123,GIN,GHA,847989
5649366,89,83,9220,2019,283501.0,0.0,-1.9057680000000001,-0.968132,GNQ,GHA,847989
5649367,90,83,9220,2019,59039.0,0.0,0.08904400000000001,1.059396,GRC,GHA,847989
5649368,97,83,9220,2019,213252.0,0.0,0.992556,1.523004,HKG,GHA,847989
5649369,103,83,9220,2019,3451.0,0.0,-0.141811,1.385726,IDN,GHA,847989
5649370,104,83,9220,2019,1906610.0,0.0,0.43196,2.661139,IND,GHA,847989
5649371,105,83,9220,2019,1442.0,0.0,-0.7551760000000001,-0.939959,IOT,GHA,847989
5649372,106,83,9220,2019,4135.0,0.0,1.3812389999999999,-0.025366,IRL,GHA,847989
5649373,110,83,9220,2019,13591.0,0.0,1.488686,0.823376,ISR,GHA,847989
5649374,111,83,9220,2019,2151191.0,0.0,1.25898,0.926639,ITA,GHA,847989
5649375,114,83,9220,2019,24020.0,0.0,2.4931509999999997,-0.558811,JPN,GHA,847989
5649376,121,83,9220,2019,203233.0,0.0,2.115482,0.696838,KOR,GHA,847989
5649377,124,83,9220,2019,32429.0,0.0,0.26155700000000004,1.062317,LBN,GHA,847989
5649378,128,83,9220,2019,1806.0,0.0,-0.592952,0.394811,LKA,GHA,847989
5649379,139,83,9220,2019,2286.0,0.0,-0.592066,-0.900875,MHL,GHA,847989
5649380,141,83,9220,2019,0.0,2443.0,-0.381732,-0.606313,MLI,GHA,847989
5649381,147,83,9220,2019,0.0,5661.0,-1.264532,-1.072626,MOZ,GHA,847989
5649382,148,83,9220,2019,16424.0,0.0,-1.711918,-1.339005,MRT,GHA,847989
5649383,151,83,9220,2019,2605.0,0.0,-0.15909600000000002,0.034770999999999996,MUS,GHA,847989
5649384,153,83,9220,2019,173122.0,7847.0,1.192967,0.730971,MYS,GHA,847989
5649385,157,83,9220,2019,0.0,6254.0,-0.345047,-0.792769,NER,GHA,847989
5649386,159,83,9220,2019,91188.0,41164.0,-1.7383970000000002,-1.220333,NGA,GHA,847989
5649387,162,83,9220,2019,367650.0,18233.0,1.145044,1.3523530000000001,NLD,GHA,847989
5649388,163,83,9220,2019,197437.0,101560.0,0.6957300000000001,0.181607,NOR,GHA,847989
5649389,169,83,9220,2019,33746.0,0.0,0.00926,-0.308483,PAN,GHA,847989
5649390,177,83,9220,2019,4678.0,0.0,1.088347,1.275875,POL,GHA,847989
5649391,179,83,9220,2019,2999.0,0.0,0.545467,2.344447,PRT,GHA,847989
5649392,183,83,9220,2019,38028.0,0.0,-0.064127,-1.065046,QAT,GHA,847989
5649393,186,83,9220,2019,5447.0,0.0,0.329884,0.26215,RUS,GHA,847989
5649394,192,83,9220,2019,487742.0,61173.0,2.0264599999999997,0.665506,SGP,GHA,847989
5649395,208,83,9220,2019,11114.0,0.0,1.781148,0.742037,SWE,GHA,847989
5649396,215,83,9220,2019,2684.0,0.0,-0.823204,-0.819535,TGO,GHA,847989
5649397,224,83,9220,2019,303280.0,0.0,0.569408,2.364546,TUR,GHA,847989
5649398,226,83,9220,2019,96893.0,0.0,-0.907172,0.37293899999999996,TZA,GHA,847989
5649399,227,83,9220,2019,9287.0,0.0,-0.639476,0.148255,UGA,GHA,847989
5649400,231,83,9220,2019,9426236.0,4157.0,1.606808,0.3232,USA,GHA,847989
5649401,239,83,9220,2019,3460.0,0.0,-0.048147,1.098784,VNM,GHA,847989
5649402,246,83,9220,2019,345896.0,447.0,0.129921,1.101027,ZAF,GHA,847989
5649403,249,83,9220,2019,5800.0,0.0,2.123296,1.1786969999999999,TWN,GHA,847989
5649404,61,84,9220,2019,97446.0,385664.0,2.078626,-2.124816,DEU,GIB,847989
5649405,64,84,9220,2019,14392.0,0.0,1.0768280000000001,1.2615610000000002,DNK,GIB,847989
5649406,71,84,9220,2019,356279.0,16949.0,0.678454,3.007838,ESP,GIB,847989
5649407,81,84,9220,2019,176164.0,0.0,1.731106,0.717566,GBR,GIB,847989
5649408,162,84,9220,2019,16604.0,0.0,1.145044,1.3523530000000001,NLD,GIB,847989
5649409,231,84,9220,2019,25779.0,0.0,1.606808,0.3232,USA,GIB,847989
5649410,7,85,9220,2019,7027.0,0.0,-0.165113,-0.8973540000000001,ARE,GIN,847989
5649411,14,85,9220,2019,1197.0,0.0,-0.294558,-0.180198,AUS,GIN,847989
5649412,15,85,9220,2019,20411.0,0.0,1.743927,-0.076778,AUT,GIN,847989
5649413,18,85,9220,2019,39452.0,0.0,1.2555969999999999,1.168642,BEL,GIN,847989
5649414,39,85,9220,2019,39915.0,0.0,0.657292,1.187872,CAN,GIN,847989
5649415,41,85,9220,2019,3152.0,0.0,2.1990849999999997,0.8394229999999999,CHE,GIN,847989
5649416,43,85,9220,2019,1815634.0,0.0,1.196265,1.2258870000000002,CHN,GIN,847989
5649417,44,85,9220,2019,3160.0,1694.0,-0.9916719999999999,-0.960625,CIV,GIN,847989
5649418,61,85,9220,2019,4054766.0,0.0,2.078626,-2.124816,DEU,GIN,847989
5649419,71,85,9220,2019,7973380.0,0.0,0.678454,3.007838,ESP,GIN,847989
5649420,77,85,9220,2019,368258.0,0.0,1.380982,0.9510629999999999,FRA,GIN,847989
5649421,81,85,9220,2019,4698.0,0.0,1.731106,0.717566,GBR,GIN,847989
5649422,83,85,9220,2019,0.0,4895.0,-0.9581,-0.8727879999999999,GHA,GIN,847989
5649423,87,85,9220,2019,3591.0,0.0,-1.0174450000000002,-0.790743,GMB,GIN,847989
5649424,90,85,9220,2019,22643.0,0.0,0.08904400000000001,1.059396,GRC,GIN,847989
5649425,104,85,9220,2019,201639.0,0.0,0.43196,2.661139,IND,GIN,847989
5649426,111,85,9220,2019,358470.0,0.0,1.25898,0.926639,ITA,GIN,847989
5649427,114,85,9220,2019,118593.0,0.0,2.4931509999999997,-0.558811,JPN,GIN,847989
5649428,121,85,9220,2019,25223.0,0.0,2.115482,0.696838,KOR,GIN,847989
5649429,124,85,9220,2019,3264.0,0.0,0.26155700000000004,1.062317,LBN,GIN,847989
5649430,134,85,9220,2019,7588.0,0.0,-0.747739,-0.154125,MAR,GIN,847989
5649431,141,85,9220,2019,22213.0,0.0,-0.381732,-0.606313,MLI,GIN,847989
5649432,162,85,9220,2019,24405.0,0.0,1.145044,1.3523530000000001,NLD,GIN,847989
5649433,174,85,9220,2019,12541.0,0.0,0.762884,0.3318,PHL,GIN,847989
5649434,179,85,9220,2019,1354.0,0.0,0.545467,2.344447,PRT,GIN,847989
5649435,185,85,9220,2019,20544.0,0.0,1.044289,1.013691,ROU,GIN,847989
5649436,186,85,9220,2019,27325.0,0.0,0.329884,0.26215,RUS,GIN,847989
5649437,224,85,9220,2019,274257.0,0.0,0.569408,2.364546,TUR,GIN,847989
5649438,231,85,9220,2019,39431.0,4132.0,1.606808,0.3232,USA,GIN,847989
5649439,246,85,9220,2019,8511.0,0.0,0.129921,1.101027,ZAF,GIN,847989
5649440,249,85,9220,2019,3566.0,0.0,2.123296,1.1786969999999999,TWN,GIN,847989
5649441,2,89,9220,2019,138774.0,31365.0,-1.096127,-1.195434,AGO,GNQ,847989
5649442,7,89,9220,2019,58815.0,0.0,-0.165113,-0.8973540000000001,ARE,GNQ,847989
5649443,18,89,9220,2019,2962.0,0.0,1.2555969999999999,1.168642,BEL,GNQ,847989
5649444,32,89,9220,2019,1641.0,0.0,0.076947,0.660604,BRA,GNQ,847989
5649445,39,89,9220,2019,112423.0,0.0,0.657292,1.187872,CAN,GNQ,847989
5649446,43,89,9220,2019,24945.0,0.0,1.196265,1.2258870000000002,CHN,GNQ,847989
5649447,47,89,9220,2019,28904.0,0.0,-1.305193,-1.162808,COG,GNQ,847989
5649448,61,89,9220,2019,204968.0,0.0,2.078626,-2.124816,DEU,GNQ,847989
5649449,64,89,9220,2019,7093.0,0.0,1.0768280000000001,1.2615610000000002,DNK,GNQ,847989
5649450,71,89,9220,2019,49197.0,0.0,0.678454,3.007838,ESP,GNQ,847989
5649451,77,89,9220,2019,11578.0,0.0,1.380982,0.9510629999999999,FRA,GNQ,847989
5649452,81,89,9220,2019,1878685.0,0.0,1.731106,0.717566,GBR,GNQ,847989
5649453,83,89,9220,2019,0.0,283501.0,-0.9581,-0.8727879999999999,GHA,GNQ,847989
5649454,111,89,9220,2019,1194.0,0.0,1.25898,0.926639,ITA,GNQ,847989
5649455,153,89,9220,2019,50597.0,0.0,1.192967,0.730971,MYS,GNQ,847989
5649456,162,89,9220,2019,37180.0,0.0,1.145044,1.3523530000000001,NLD,GNQ,847989
5649457,163,89,9220,2019,1587593.0,0.0,0.6957300000000001,0.181607,NOR,GNQ,847989
5649458,179,89,9220,2019,1962.0,0.0,0.545467,2.344447,PRT,GNQ,847989
5649459,192,89,9220,2019,73230.0,0.0,2.0264599999999997,0.665506,SGP,GNQ,847989
5649460,224,89,9220,2019,2212.0,0.0,0.569408,2.364546,TUR,GNQ,847989
5649461,231,89,9220,2019,21069076.0,0.0,1.606808,0.3232,USA,GNQ,847989
5649462,246,89,9220,2019,1556.0,0.0,0.129921,1.101027,ZAF,GNQ,847989
5649463,14,109,9220,2019,4319.0,32466.0,-0.294558,-0.180198,AUS,ISL,847989
5649464,15,109,9220,2019,81698.0,0.0,1.743927,-0.076778,AUT,ISL,847989
5649465,18,109,9220,2019,14394.0,0.0,1.2555969999999999,1.168642,BEL,ISL,847989
5649466,23,109,9220,2019,15176.0,0.0,0.572997,1.863346,BGR,ISL,847989
5649467,32,109,9220,2019,0.0,3556.0,0.076947,0.660604,BRA,ISL,847989
5649468,39,109,9220,2019,156196.0,331401.0,0.657292,1.187872,CAN,ISL,847989
5649469,41,109,9220,2019,208768.0,0.0,2.1990849999999997,0.8394229999999999,CHE,ISL,847989
5649470,43,109,9220,2019,131564.0,0.0,1.196265,1.2258870000000002,CHN,ISL,847989
5649471,49,109,9220,2019,0.0,2144.0,0.099936,-0.15568800000000002,COL,ISL,847989
5649472,59,109,9220,2019,147908.0,0.0,1.797611,0.406708,CZE,ISL,847989
5649473,61,109,9220,2019,3323745.0,17700.0,2.078626,-2.124816,DEU,ISL,847989
5649474,64,109,9220,2019,1858075.0,1440421.0,1.0768280000000001,1.2615610000000002,DNK,ISL,847989
5649475,71,109,9220,2019,13415.0,0.0,0.678454,3.007838,ESP,ISL,847989
5649476,74,109,9220,2019,95878.0,1690.0,1.495278,1.034435,FIN,ISL,847989
5649477,77,109,9220,2019,80312.0,0.0,1.380982,0.9510629999999999,FRA,ISL,847989
5649478,81,109,9220,2019,946544.0,11569.0,1.731106,0.717566,GBR,ISL,847989
5649479,90,109,9220,2019,13044.0,13461.0,0.08904400000000001,1.059396,GRC,ISL,847989
5649480,97,109,9220,2019,67403.0,0.0,0.992556,1.523004,HKG,ISL,847989
5649481,102,109,9220,2019,87448.0,0.0,1.462102,0.809183,HUN,ISL,847989
5649482,103,109,9220,2019,1590.0,0.0,-0.141811,1.385726,IDN,ISL,847989
5649483,104,109,9220,2019,1776.0,0.0,0.43196,2.661139,IND,ISL,847989
5649484,110,109,9220,2019,3280.0,0.0,1.488686,0.823376,ISR,ISL,847989
5649485,111,109,9220,2019,555374.0,0.0,1.25898,0.926639,ITA,ISL,847989
5649486,114,109,9220,2019,97785.0,0.0,2.4931509999999997,-0.558811,JPN,ISL,847989
5649487,121,109,9220,2019,3020.0,0.0,2.115482,0.696838,KOR,ISL,847989
5649488,130,109,9220,2019,77965.0,0.0,0.858456,1.364581,LTU,ISL,847989
5649489,131,109,9220,2019,12229.0,0.0,1.234145,1.3754309999999998,LUX,ISL,847989
5649490,138,109,9220,2019,16543.0,0.0,1.083041,0.569353,MEX,ISL,847989
5649491,142,109,9220,2019,12794.0,0.0,0.893992,0.25255500000000003,MLT,ISL,847989
5649492,153,109,9220,2019,1518.0,0.0,1.192967,0.730971,MYS,ISL,847989
5649493,162,109,9220,2019,1119471.0,53429.0,1.145044,1.3523530000000001,NLD,ISL,847989
5649494,163,109,9220,2019,1787894.0,1457895.0,0.6957300000000001,0.181607,NOR,ISL,847989
5649495,166,109,9220,2019,0.0,2129.0,0.119281,0.039036,NZL,ISL,847989
5649496,177,109,9220,2019,97460.0,3687.0,1.088347,1.275875,POL,ISL,847989
5649497,179,109,9220,2019,191832.0,0.0,0.545467,2.344447,PRT,ISL,847989
5649498,185,109,9220,2019,118374.0,0.0,1.044289,1.013691,ROU,ISL,847989
5649499,186,109,9220,2019,0.0,359570.0,0.329884,0.26215,RUS,ISL,847989
5649500,191,109,9220,2019,0.0,1098171.0,-0.721992,-0.385479,SEN,ISL,847989
5649501,192,109,9220,2019,1904.0,0.0,2.0264599999999997,0.665506,SGP,ISL,847989
5649502,206,109,9220,2019,19462.0,7210.0,1.39311,0.743107,SVK,ISL,847989
5649503,207,109,9220,2019,22879.0,1465.0,1.63711,0.803198,SVN,ISL,847989
5649504,208,109,9220,2019,489554.0,15878.0,1.781148,0.742037,SWE,ISL,847989
5649505,224,109,9220,2019,3904.0,0.0,0.569408,2.364546,TUR,ISL,847989
5649506,228,109,9220,2019,2662.0,0.0,0.303802,0.5650270000000001,UKR,ISL,847989
5649507,231,109,9220,2019,350112.0,7762.0,1.606808,0.3232,USA,ISL,847989
5649508,239,109,9220,2019,0.0,42845.0,-0.048147,1.098784,VNM,ISL,847989
5649509,249,109,9220,2019,497.0,0.0,2.123296,1.1786969999999999,TWN,ISL,847989
5649510,14,123,9220,2019,16649.0,0.0,-0.294558,-0.180198,AUS,LAO,847989
5649511,15,123,9220,2019,14181.0,0.0,1.743927,-0.076778,AUT,LAO,847989
5649512,43,123,9220,2019,6098655.0,0.0,1.196265,1.2258870000000002,CHN,LAO,847989
5649513,59,123,9220,2019,40018.0,1661.0,1.797611,0.406708,CZE,LAO,847989
5649514,61,123,9220,2019,48075.0,0.0,2.078626,-2.124816,DEU,LAO,847989
5649515,77,123,9220,2019,5367.0,0.0,1.380982,0.9510629999999999,FRA,LAO,847989
5649516,81,123,9220,2019,6188.0,6825.0,1.731106,0.717566,GBR,LAO,847989
5649517,97,123,9220,2019,2493.0,0.0,0.992556,1.523004,HKG,LAO,847989
5649518,111,123,9220,2019,100516.0,0.0,1.25898,0.926639,ITA,LAO,847989
5649519,114,123,9220,2019,532587.0,0.0,2.4931509999999997,-0.558811,JPN,LAO,847989
5649520,121,123,9220,2019,115175.0,0.0,2.115482,0.696838,KOR,LAO,847989
5649521,153,123,9220,2019,1026.0,0.0,1.192967,0.730971,MYS,LAO,847989
5649522,177,123,9220,2019,0.0,14087.0,1.088347,1.275875,POL,LAO,847989
5649523,186,123,9220,2019,72154.0,0.0,0.329884,0.26215,RUS,LAO,847989
5649524,192,123,9220,2019,4320.0,0.0,2.0264599999999997,0.665506,SGP,LAO,847989
5649525,216,123,9220,2019,2192544.0,81754.0,0.9744229999999999,1.401199,THA,LAO,847989
5649526,231,123,9220,2019,32283.0,0.0,1.606808,0.3232,USA,LAO,847989
5649527,239,123,9220,2019,116591.0,0.0,-0.048147,1.098784,VNM,LAO,847989
5649528,249,123,9220,2019,9430.0,0.0,2.123296,1.1786969999999999,TWN,LAO,847989
5649529,7,125,9220,2019,3517.0,0.0,-0.165113,-0.8973540000000001,ARE,LBR,847989
5649530,32,125,9220,2019,166962.0,0.0,0.076947,0.660604,BRA,LBR,847989
5649531,43,125,9220,2019,458648.0,0.0,1.196265,1.2258870000000002,CHN,LBR,847989
5649532,61,125,9220,2019,222023.0,0.0,2.078626,-2.124816,DEU,LBR,847989
5649533,71,125,9220,2019,10944.0,4751.0,0.678454,3.007838,ESP,LBR,847989
5649534,77,125,9220,2019,1659.0,0.0,1.380982,0.9510629999999999,FRA,LBR,847989
5649535,81,125,9220,2019,51931.0,0.0,1.731106,0.717566,GBR,LBR,847989
5649536,90,125,9220,2019,13422.0,0.0,0.08904400000000001,1.059396,GRC,LBR,847989
5649537,104,125,9220,2019,42195.0,0.0,0.43196,2.661139,IND,LBR,847989
5649538,111,125,9220,2019,9099.0,0.0,1.25898,0.926639,ITA,LBR,847989
5649539,114,125,9220,2019,67446.0,0.0,2.4931509999999997,-0.558811,JPN,LBR,847989
5649540,124,125,9220,2019,20372.0,0.0,0.26155700000000004,1.062317,LBN,LBR,847989
5649541,162,125,9220,2019,38617.0,0.0,1.145044,1.3523530000000001,NLD,LBR,847989
5649542,163,125,9220,2019,4057.0,0.0,0.6957300000000001,0.181607,NOR,LBR,847989
5649543,168,125,9220,2019,7030.0,0.0,-0.6909270000000001,0.8651120000000001,PAK,LBR,847989
5649544,192,125,9220,2019,5485.0,0.0,2.0264599999999997,0.665506,SGP,LBR,847989
5649545,224,125,9220,2019,703608.0,0.0,0.569408,2.364546,TUR,LBR,847989
5649546,231,125,9220,2019,1625814.0,0.0,1.606808,0.3232,USA,LBR,847989
5649547,246,125,9220,2019,58698.0,0.0,0.129921,1.101027,ZAF,LBR,847989
5649548,249,125,9220,2019,8096.0,0.0,2.123296,1.1786969999999999,TWN,LBR,847989
5649549,39,133,9220,2019,3246.0,0.0,0.657292,1.187872,CAN,MAC,847989
5649550,41,133,9220,2019,50020.0,0.0,2.1990849999999997,0.8394229999999999,CHE,MAC,847989
5649551,43,133,9220,2019,3423376.0,89163.0,1.196265,1.2258870000000002,CHN,MAC,847989
5649552,61,133,9220,2019,280020.0,0.0,2.078626,-2.124816,DEU,MAC,847989
5649553,64,133,9220,2019,11584.0,0.0,1.0768280000000001,1.2615610000000002,DNK,MAC,847989
5649554,71,133,9220,2019,13117.0,0.0,0.678454,3.007838,ESP,MAC,847989
5649555,77,133,9220,2019,2958.0,0.0,1.380982,0.9510629999999999,FRA,MAC,847989
5649556,81,133,9220,2019,49161.0,721.0,1.731106,0.717566,GBR,MAC,847989
5649557,97,133,9220,2019,3615178.0,430097.0,0.992556,1.523004,HKG,MAC,847989
5649558,110,133,9220,2019,34663.0,0.0,1.488686,0.823376,ISR,MAC,847989
5649559,111,133,9220,2019,98225.0,0.0,1.25898,0.926639,ITA,MAC,847989
5649560,114,133,9220,2019,44441.0,18965.0,2.4931509999999997,-0.558811,JPN,MAC,847989
5649561,121,133,9220,2019,35558.0,0.0,2.115482,0.696838,KOR,MAC,847989
5649562,153,133,9220,2019,12370.0,0.0,1.192967,0.730971,MYS,MAC,847989
5649563,162,133,9220,2019,10601.0,0.0,1.145044,1.3523530000000001,NLD,MAC,847989
5649564,174,133,9220,2019,0.0,1822.0,0.762884,0.3318,PHL,MAC,847989
5649565,177,133,9220,2019,6294.0,0.0,1.088347,1.275875,POL,MAC,847989
5649566,179,133,9220,2019,219809.0,0.0,0.545467,2.344447,PRT,MAC,847989
5649567,192,133,9220,2019,15152.0,7699.0,2.0264599999999997,0.665506,SGP,MAC,847989
5649568,208,133,9220,2019,21866.0,0.0,1.781148,0.742037,SWE,MAC,847989
5649569,231,133,9220,2019,1321082.0,2697.0,1.606808,0.3232,USA,MAC,847989
5649570,249,133,9220,2019,94480.0,0.0,2.123296,1.1786969999999999,TWN,MAC,847989
5649571,14,139,9220,2019,13945.0,0.0,-0.294558,-0.180198,AUS,MHL,847989
5649572,32,139,9220,2019,1055.0,0.0,0.076947,0.660604,BRA,MHL,847989
5649573,43,139,9220,2019,36169.0,0.0,1.196265,1.2258870000000002,CHN,MHL,847989
5649574,61,139,9220,2019,3302.0,0.0,2.078626,-2.124816,DEU,MHL,847989
5649575,81,139,9220,2019,15202.0,0.0,1.731106,0.717566,GBR,MHL,847989
5649576,83,139,9220,2019,0.0,2286.0,-0.9581,-0.8727879999999999,GHA,MHL,847989
5649577,90,139,9220,2019,187732.0,0.0,0.08904400000000001,1.059396,GRC,MHL,847989
5649578,103,139,9220,2019,720005.0,0.0,-0.141811,1.385726,IDN,MHL,847989
5649579,114,139,9220,2019,605113.0,0.0,2.4931509999999997,-0.558811,JPN,MHL,847989
5649580,121,139,9220,2019,3366.0,0.0,2.115482,0.696838,KOR,MHL,847989
5649581,163,139,9220,2019,14424.0,0.0,0.6957300000000001,0.181607,NOR,MHL,847989
5649582,224,139,9220,2019,126237.0,0.0,0.569408,2.364546,TUR,MHL,847989
5649583,231,139,9220,2019,44768.0,0.0,1.606808,0.3232,USA,MHL,847989
5649584,7,142,9220,2019,114407.0,98887.0,-0.165113,-0.8973540000000001,ARE,MLT,847989
5649585,8,142,9220,2019,0.0,25657.0,-0.136634,0.127073,ARG,MLT,847989
5649586,14,142,9220,2019,6136.0,355511.0,-0.294558,-0.180198,AUS,MLT,847989
5649587,15,142,9220,2019,855893.0,76577.0,1.743927,-0.076778,AUT,MLT,847989
5649588,18,142,9220,2019,22480.0,2626.0,1.2555969999999999,1.168642,BEL,MLT,847989
5649589,23,142,9220,2019,1260.0,0.0,0.572997,1.863346,BGR,MLT,847989
5649590,26,142,9220,2019,0.0,613.0,0.6525,0.83988,BIH,MLT,847989
5649591,32,142,9220,2019,0.0,650083.0,0.076947,0.660604,BRA,MLT,847989
5649592,39,142,9220,2019,0.0,29977.0,0.657292,1.187872,CAN,MLT,847989
5649593,41,142,9220,2019,286315.0,17295.0,2.1990849999999997,0.8394229999999999,CHE,MLT,847989
5649594,42,142,9220,2019,0.0,4190.0,-0.34416199999999997,-0.432674,CHL,MLT,847989
5649595,43,142,9220,2019,884797.0,0.0,1.196265,1.2258870000000002,CHN,MLT,847989
5649596,49,142,9220,2019,0.0,847.0,0.099936,-0.15568800000000002,COL,MLT,847989
5649597,59,142,9220,2019,105353.0,188242.0,1.797611,0.406708,CZE,MLT,847989
5649598,61,142,9220,2019,23419918.0,4672008.0,2.078626,-2.124816,DEU,MLT,847989
5649599,64,142,9220,2019,397173.0,0.0,1.0768280000000001,1.2615610000000002,DNK,MLT,847989
5649600,68,142,9220,2019,0.0,27116.0,-0.152353,1.5426309999999999,EGY,MLT,847989
5649601,71,142,9220,2019,328244.0,0.0,0.678454,3.007838,ESP,MLT,847989
5649602,74,142,9220,2019,31126.0,1801.0,1.495278,1.034435,FIN,MLT,847989
5649603,77,142,9220,2019,142556.0,579767.0,1.380982,0.9510629999999999,FRA,MLT,847989
5649604,81,142,9220,2019,657950.0,2796180.0,1.731106,0.717566,GBR,MLT,847989
5649605,90,142,9220,2019,55288.0,0.0,0.08904400000000001,1.059396,GRC,MLT,847989
5649606,97,142,9220,2019,35315.0,65578.0,0.992556,1.523004,HKG,MLT,847989
5649607,100,142,9220,2019,6837.0,0.0,0.850527,1.280845,HRV,MLT,847989
5649608,102,142,9220,2019,1390.0,249140.0,1.462102,0.809183,HUN,MLT,847989
5649609,103,142,9220,2019,0.0,14353.0,-0.141811,1.385726,IDN,MLT,847989
5649610,104,142,9220,2019,649669.0,184613.0,0.43196,2.661139,IND,MLT,847989
5649611,106,142,9220,2019,0.0,1342.0,1.3812389999999999,-0.025366,IRL,MLT,847989
5649612,109,142,9220,2019,0.0,12794.0,0.378873,-0.162129,ISL,MLT,847989
5649613,110,142,9220,2019,0.0,23694.0,1.488686,0.823376,ISR,MLT,847989
5649614,111,142,9220,2019,4721721.0,6973975.0,1.25898,0.926639,ITA,MLT,847989
5649615,114,142,9220,2019,3023113.0,22597.0,2.4931509999999997,-0.558811,JPN,MLT,847989
5649616,115,142,9220,2019,0.0,3788.0,-0.26529400000000003,-0.523479,KAZ,MLT,847989
5649617,121,142,9220,2019,1561782.0,14113.0,2.115482,0.696838,KOR,MLT,847989
5649618,124,142,9220,2019,0.0,24574.0,0.26155700000000004,1.062317,LBN,MLT,847989
5649619,126,142,9220,2019,4559540.0,163094.0,-1.552842,-1.2316690000000001,LBY,MLT,847989
5649620,130,142,9220,2019,3663.0,0.0,0.858456,1.364581,LTU,MLT,847989
5649621,131,142,9220,2019,2339.0,0.0,1.234145,1.3754309999999998,LUX,MLT,847989
5649622,132,142,9220,2019,8136.0,0.0,0.7804300000000001,1.159592,LVA,MLT,847989
5649623,134,142,9220,2019,0.0,29141.0,-0.747739,-0.154125,MAR,MLT,847989
5649624,151,142,9220,2019,0.0,2519.0,-0.15909600000000002,0.034770999999999996,MUS,MLT,847989
5649625,153,142,9220,2019,2707518.0,602259.0,1.192967,0.730971,MYS,MLT,847989
5649626,160,142,9220,2019,0.0,1087.0,-1.058553,-0.854482,NIC,MLT,847989
5649627,162,142,9220,2019,1776354.0,4307.0,1.145044,1.3523530000000001,NLD,MLT,847989
5649628,163,142,9220,2019,4766.0,21293.0,0.6957300000000001,0.181607,NOR,MLT,847989
5649629,166,142,9220,2019,3196.0,10878.0,0.119281,0.039036,NZL,MLT,847989
5649630,173,142,9220,2019,0.0,9341.0,-0.76944,-0.216619,PER,MLT,847989
5649631,174,142,9220,2019,0.0,175450.0,0.762884,0.3318,PHL,MLT,847989
5649632,177,142,9220,2019,65293.0,432283.0,1.088347,1.275875,POL,MLT,847989
5649633,179,142,9220,2019,0.0,8510.0,0.545467,2.344447,PRT,MLT,847989
5649634,185,142,9220,2019,2824.0,0.0,1.044289,1.013691,ROU,MLT,847989
5649635,186,142,9220,2019,0.0,542435.0,0.329884,0.26215,RUS,MLT,847989
5649636,192,142,9220,2019,379648.0,85047.0,2.0264599999999997,0.665506,SGP,MLT,847989
5649637,198,142,9220,2019,3865.0,0.0,1.144691,0.7038989999999999,SMR,MLT,847989
5649638,201,142,9220,2019,2121.0,1008.0,0.543913,1.210102,SRB,MLT,847989
5649639,206,142,9220,2019,2952.0,18991.0,1.39311,0.743107,SVK,MLT,847989
5649640,207,142,9220,2019,7310.0,0.0,1.63711,0.803198,SVN,MLT,847989
5649641,208,142,9220,2019,77874.0,0.0,1.781148,0.742037,SWE,MLT,847989
5649642,216,142,9220,2019,0.0,39925.0,0.9744229999999999,1.401199,THA,MLT,847989
5649643,223,142,9220,2019,0.0,10840.0,0.19601300000000002,1.159766,TUN,MLT,847989
5649644,224,142,9220,2019,140224.0,639735.0,0.569408,2.364546,TUR,MLT,847989
5649645,228,142,9220,2019,0.0,179315.0,0.303802,0.5650270000000001,UKR,MLT,847989
5649646,231,142,9220,2019,183288.0,2697289.0,1.606808,0.3232,USA,MLT,847989
5649647,239,142,9220,2019,31812.0,0.0,-0.048147,1.098784,VNM,MLT,847989
5649648,246,142,9220,2019,0.0,626093.0,0.129921,1.101027,ZAF,MLT,847989
5649649,249,142,9220,2019,2186.0,0.0,2.123296,1.1786969999999999,TWN,MLT,847989
5649650,7,148,9220,2019,15662.0,0.0,-0.165113,-0.8973540000000001,ARE,MRT,847989
5649651,14,148,9220,2019,19224.0,0.0,-0.294558,-0.180198,AUS,MRT,847989
5649652,15,148,9220,2019,1317.0,0.0,1.743927,-0.076778,AUT,MRT,847989
5649653,18,148,9220,2019,23703.0,0.0,1.2555969999999999,1.168642,BEL,MRT,847989
5649654,32,148,9220,2019,3183.0,0.0,0.076947,0.660604,BRA,MRT,847989
5649655,39,148,9220,2019,1247728.0,0.0,0.657292,1.187872,CAN,MRT,847989
5649656,43,148,9220,2019,148350.0,0.0,1.196265,1.2258870000000002,CHN,MRT,847989
5649657,44,148,9220,2019,888.0,0.0,-0.9916719999999999,-0.960625,CIV,MRT,847989
5649658,49,148,9220,2019,0.0,1682.0,0.099936,-0.15568800000000002,COL,MRT,847989
5649659,61,148,9220,2019,119646.0,0.0,2.078626,-2.124816,DEU,MRT,847989
5649660,71,148,9220,2019,46823.0,0.0,0.678454,3.007838,ESP,MRT,847989
5649661,74,148,9220,2019,67503.0,0.0,1.495278,1.034435,FIN,MRT,847989
5649662,77,148,9220,2019,186757.0,0.0,1.380982,0.9510629999999999,FRA,MRT,847989
5649663,81,148,9220,2019,633676.0,0.0,1.731106,0.717566,GBR,MRT,847989
5649664,83,148,9220,2019,0.0,16424.0,-0.9581,-0.8727879999999999,GHA,MRT,847989
5649665,104,148,9220,2019,345675.0,0.0,0.43196,2.661139,IND,MRT,847989
5649666,106,148,9220,2019,7728.0,0.0,1.3812389999999999,-0.025366,IRL,MRT,847989
5649667,111,148,9220,2019,84903.0,0.0,1.25898,0.926639,ITA,MRT,847989
5649668,134,148,9220,2019,16889.0,0.0,-0.747739,-0.154125,MAR,MRT,847989
5649669,162,148,9220,2019,35838.0,0.0,1.145044,1.3523530000000001,NLD,MRT,847989
5649670,163,148,9220,2019,9309.0,0.0,0.6957300000000001,0.181607,NOR,MRT,847989
5649671,191,148,9220,2019,485233.0,0.0,-0.721992,-0.385479,SEN,MRT,847989
5649672,192,148,9220,2019,26434.0,0.0,2.0264599999999997,0.665506,SGP,MRT,847989
5649673,224,148,9220,2019,124109.0,0.0,0.569408,2.364546,TUR,MRT,847989
5649674,226,148,9220,2019,1331.0,0.0,-0.907172,0.37293899999999996,TZA,MRT,847989
5649675,231,148,9220,2019,600084.0,0.0,1.606808,0.3232,USA,MRT,847989
5649676,246,148,9220,2019,4574.0,0.0,0.129921,1.101027,ZAF,MRT,847989
5649677,7,152,9220,2019,33509.0,0.0,-0.165113,-0.8973540000000001,ARE,MWI,847989
5649678,18,152,9220,2019,39893.0,0.0,1.2555969999999999,1.168642,BEL,MWI,847989
5649679,43,152,9220,2019,64644.0,0.0,1.196265,1.2258870000000002,CHN,MWI,847989
5649680,61,152,9220,2019,89148.0,0.0,2.078626,-2.124816,DEU,MWI,847989
5649681,77,152,9220,2019,32621.0,0.0,1.380982,0.9510629999999999,FRA,MWI,847989
5649682,81,152,9220,2019,3087.0,0.0,1.731106,0.717566,GBR,MWI,847989
5649683,97,152,9220,2019,7509133.0,0.0,0.992556,1.523004,HKG,MWI,847989
5649684,104,152,9220,2019,740381.0,0.0,0.43196,2.661139,IND,MWI,847989
5649685,111,152,9220,2019,703551.0,0.0,1.25898,0.926639,ITA,MWI,847989
5649686,116,152,9220,2019,0.0,2182.0,-0.406684,0.8588969999999999,KEN,MWI,847989
5649687,124,152,9220,2019,2105.0,0.0,0.26155700000000004,1.062317,LBN,MWI,847989
5649688,147,152,9220,2019,0.0,10168.0,-1.264532,-1.072626,MOZ,MWI,847989
5649689,162,152,9220,2019,31834.0,0.0,1.145044,1.3523530000000001,NLD,MWI,847989
5649690,168,152,9220,2019,3212.0,0.0,-0.6909270000000001,0.8651120000000001,PAK,MWI,847989
5649691,179,152,9220,2019,1633.0,0.0,0.545467,2.344447,PRT,MWI,847989
5649692,206,152,9220,2019,82144.0,0.0,1.39311,0.743107,SVK,MWI,847989
5649693,224,152,9220,2019,3019.0,0.0,0.569408,2.364546,TUR,MWI,847989
5649694,231,152,9220,2019,55650.0,0.0,1.606808,0.3232,USA,MWI,847989
5649695,246,152,9220,2019,364234.0,91010.0,0.129921,1.101027,ZAF,MWI,847989
5649696,247,152,9220,2019,5126.0,13992.0,-0.629261,-0.8471489999999999,ZMB,MWI,847989
5649697,2,155,9220,2019,0.0,9081.0,-1.096127,-1.195434,AGO,NAM,847989
5649698,7,155,9220,2019,1330.0,1916.0,-0.165113,-0.8973540000000001,ARE,NAM,847989
5649699,30,155,9220,2019,0.0,1245.0,0.875265,-0.498062,BMU,NAM,847989
5649700,32,155,9220,2019,188669.0,0.0,0.076947,0.660604,BRA,NAM,847989
5649701,39,155,9220,2019,40648.0,0.0,0.657292,1.187872,CAN,NAM,847989
5649702,43,155,9220,2019,186579.0,0.0,1.196265,1.2258870000000002,CHN,NAM,847989
5649703,46,155,9220,2019,0.0,4540.0,-1.2685879999999998,-1.148403,COD,NAM,847989
5649704,47,155,9220,2019,62949.0,0.0,-1.305193,-1.162808,COG,NAM,847989
5649705,59,155,9220,2019,1797.0,0.0,1.797611,0.406708,CZE,NAM,847989
5649706,61,155,9220,2019,431501.0,0.0,2.078626,-2.124816,DEU,NAM,847989
5649707,64,155,9220,2019,36420.0,0.0,1.0768280000000001,1.2615610000000002,DNK,NAM,847989
5649708,71,155,9220,2019,105452.0,1508.0,0.678454,3.007838,ESP,NAM,847989
5649709,77,155,9220,2019,2286.0,0.0,1.380982,0.9510629999999999,FRA,NAM,847989
5649710,81,155,9220,2019,7335.0,0.0,1.731106,0.717566,GBR,NAM,847989
5649711,103,155,9220,2019,977.0,0.0,-0.141811,1.385726,IDN,NAM,847989
5649712,104,155,9220,2019,97708.0,0.0,0.43196,2.661139,IND,NAM,847989
5649713,110,155,9220,2019,183700.0,0.0,1.488686,0.823376,ISR,NAM,847989
5649714,111,155,9220,2019,67737.0,4933.0,1.25898,0.926639,ITA,NAM,847989
5649715,114,155,9220,2019,50616.0,0.0,2.4931509999999997,-0.558811,JPN,NAM,847989
5649716,147,155,9220,2019,0.0,4686.0,-1.264532,-1.072626,MOZ,NAM,847989
5649717,162,155,9220,2019,52252.0,29748.0,1.145044,1.3523530000000001,NLD,NAM,847989
5649718,163,155,9220,2019,0.0,1421.0,0.6957300000000001,0.181607,NOR,NAM,847989
5649719,168,155,9220,2019,8166.0,0.0,-0.6909270000000001,0.8651120000000001,PAK,NAM,847989
5649720,177,155,9220,2019,43465.0,0.0,1.088347,1.275875,POL,NAM,847989
5649721,192,155,9220,2019,864.0,21374.0,2.0264599999999997,0.665506,SGP,NAM,847989
5649722,207,155,9220,2019,7116.0,0.0,1.63711,0.803198,SVN,NAM,847989
5649723,208,155,9220,2019,873.0,0.0,1.781148,0.742037,SWE,NAM,847989
5649724,224,155,9220,2019,1096.0,0.0,0.569408,2.364546,TUR,NAM,847989
5649725,231,155,9220,2019,561184.0,0.0,1.606808,0.3232,USA,NAM,847989
5649726,246,155,9220,2019,3580654.0,90695.0,0.129921,1.101027,ZAF,NAM,847989
5649727,250,155,9220,2019,1057.0,113261.0,0.8996129999999999,-0.152746,ANS,NAM,847989
5649728,14,156,9220,2019,594883.0,1021.0,-0.294558,-0.180198,AUS,NCL,847989
5649729,43,156,9220,2019,62082.0,0.0,1.196265,1.2258870000000002,CHN,NCL,847989
5649730,61,156,9220,2019,327909.0,0.0,2.078626,-2.124816,DEU,NCL,847989
5649731,71,156,9220,2019,11557.0,0.0,0.678454,3.007838,ESP,NCL,847989
5649732,74,156,9220,2019,3099.0,0.0,1.495278,1.034435,FIN,NCL,847989
5649733,75,156,9220,2019,0.0,16488.0,-0.274278,-0.049333,FJI,NCL,847989
5649734,77,156,9220,2019,1412025.0,0.0,1.380982,0.9510629999999999,FRA,NCL,847989
5649735,81,156,9220,2019,3505.0,0.0,1.731106,0.717566,GBR,NCL,847989
5649736,104,156,9220,2019,30814.0,0.0,0.43196,2.661139,IND,NCL,847989
5649737,111,156,9220,2019,499979.0,0.0,1.25898,0.926639,ITA,NCL,847989
5649738,114,156,9220,2019,4421.0,0.0,2.4931509999999997,-0.558811,JPN,NCL,847989
5649739,121,156,9220,2019,146654.0,0.0,2.115482,0.696838,KOR,NCL,847989
5649740,162,156,9220,2019,43074.0,0.0,1.145044,1.3523530000000001,NLD,NCL,847989
5649741,166,156,9220,2019,32036.0,0.0,0.119281,0.039036,NZL,NCL,847989
5649742,179,156,9220,2019,1362.0,0.0,0.545467,2.344447,PRT,NCL,847989
5649743,192,156,9220,2019,32445.0,0.0,2.0264599999999997,0.665506,SGP,NCL,847989
5649744,208,156,9220,2019,1386.0,0.0,1.781148,0.742037,SWE,NCL,847989
5649745,231,156,9220,2019,7971.0,0.0,1.606808,0.3232,USA,NCL,847989
5649746,249,156,9220,2019,23613.0,0.0,2.123296,1.1786969999999999,TWN,NCL,847989
5649747,7,157,9220,2019,7727.0,29313.0,-0.165113,-0.8973540000000001,ARE,NER,847989
5649748,15,157,9220,2019,4105.0,0.0,1.743927,-0.076778,AUT,NER,847989
5649749,18,157,9220,2019,43570.0,0.0,1.2555969999999999,1.168642,BEL,NER,847989
5649750,19,157,9220,2019,29624.0,0.0,-0.861242,-0.8837440000000001,BEN,NER,847989
5649751,41,157,9220,2019,4437.0,0.0,2.1990849999999997,0.8394229999999999,CHE,NER,847989
5649752,43,157,9220,2019,2065240.0,0.0,1.196265,1.2258870000000002,CHN,NER,847989
5649753,59,157,9220,2019,157965.0,0.0,1.797611,0.406708,CZE,NER,847989
5649754,61,157,9220,2019,33172.0,0.0,2.078626,-2.124816,DEU,NER,847989
5649755,66,157,9220,2019,23237.0,0.0,-1.008866,-1.215228,DZA,NER,847989
5649756,77,157,9220,2019,214358.0,0.0,1.380982,0.9510629999999999,FRA,NER,847989
5649757,81,157,9220,2019,21121.0,0.0,1.731106,0.717566,GBR,NER,847989
5649758,83,157,9220,2019,6254.0,0.0,-0.9581,-0.8727879999999999,GHA,NER,847989
5649759,104,157,9220,2019,77594.0,0.0,0.43196,2.661139,IND,NER,847989
5649760,110,157,9220,2019,1614.0,0.0,1.488686,0.823376,ISR,NER,847989
5649761,111,157,9220,2019,186119.0,0.0,1.25898,0.926639,ITA,NER,847989
5649762,122,157,9220,2019,46639.0,0.0,0.081686,-1.087259,KWT,NER,847989
5649763,141,157,9220,2019,718.0,0.0,-0.381732,-0.606313,MLI,NER,847989
5649764,159,157,9220,2019,3158.0,0.0,-1.7383970000000002,-1.220333,NGA,NER,847989
5649765,179,157,9220,2019,2748.0,0.0,0.545467,2.344447,PRT,NER,847989
5649766,188,157,9220,2019,1412.0,0.0,0.787798,-0.41350600000000004,SAU,NER,847989
5649767,191,157,9220,2019,15202.0,0.0,-0.721992,-0.385479,SEN,NER,847989
5649768,215,157,9220,2019,15470.0,0.0,-0.823204,-0.819535,TGO,NER,847989
5649769,224,157,9220,2019,2010216.0,0.0,0.569408,2.364546,TUR,NER,847989
5649770,231,157,9220,2019,5692.0,0.0,1.606808,0.3232,USA,NER,847989
5649771,250,157,9220,2019,142877.0,0.0,0.8996129999999999,-0.152746,ANS,NER,847989
5649772,15,160,9220,2019,2433.0,0.0,1.743927,-0.076778,AUT,NIC,847989
5649773,18,160,9220,2019,4587.0,0.0,1.2555969999999999,1.168642,BEL,NIC,847989
5649774,32,160,9220,2019,13069.0,0.0,0.076947,0.660604,BRA,NIC,847989
5649775,41,160,9220,2019,2455.0,0.0,2.1990849999999997,0.8394229999999999,CHE,NIC,847989
5649776,43,160,9220,2019,263753.0,0.0,1.196265,1.2258870000000002,CHN,NIC,847989
5649777,49,160,9220,2019,27607.0,0.0,0.099936,-0.15568800000000002,COL,NIC,847989
5649778,52,160,9220,2019,38095.0,12468.0,0.38045,0.08960900000000001,CRI,NIC,847989
5649779,61,160,9220,2019,119329.0,0.0,2.078626,-2.124816,DEU,NIC,847989
5649780,67,160,9220,2019,13194.0,0.0,-1.12261,-1.094275,ECU,NIC,847989
5649781,71,160,9220,2019,27077.0,0.0,0.678454,3.007838,ESP,NIC,847989
5649782,74,160,9220,2019,787.0,0.0,1.495278,1.034435,FIN,NIC,847989
5649783,77,160,9220,2019,50549.0,0.0,1.380982,0.9510629999999999,FRA,NIC,847989
5649784,81,160,9220,2019,1717.0,0.0,1.731106,0.717566,GBR,NIC,847989
5649785,93,160,9220,2019,18820.0,43294.0,-0.43447299999999994,0.658475,GTM,NIC,847989
5649786,99,160,9220,2019,20213.0,0.0,-0.6444439999999999,-0.203443,HND,NIC,847989
5649787,104,160,9220,2019,62697.0,0.0,0.43196,2.661139,IND,NIC,847989
5649788,111,160,9220,2019,30364.0,0.0,1.25898,0.926639,ITA,NIC,847989
5649789,114,160,9220,2019,1041.0,0.0,2.4931509999999997,-0.558811,JPN,NIC,847989
5649790,121,160,9220,2019,61780.0,0.0,2.115482,0.696838,KOR,NIC,847989
5649791,130,160,9220,2019,2067.0,0.0,0.858456,1.364581,LTU,NIC,847989
5649792,138,160,9220,2019,1194398.0,0.0,1.083041,0.569353,MEX,NIC,847989
5649793,142,160,9220,2019,1087.0,0.0,0.893992,0.25255500000000003,MLT,NIC,847989
5649794,153,160,9220,2019,30485.0,0.0,1.192967,0.730971,MYS,NIC,847989
5649795,169,160,9220,2019,0.0,111553.0,0.00926,-0.308483,PAN,NIC,847989
5649796,185,160,9220,2019,1011.0,0.0,1.044289,1.013691,ROU,NIC,847989
5649797,197,160,9220,2019,6556.0,4807.0,0.014037,0.23216599999999998,SLV,NIC,847989
5649798,208,160,9220,2019,26047.0,0.0,1.781148,0.742037,SWE,NIC,847989
5649799,216,160,9220,2019,3147.0,0.0,0.9744229999999999,1.401199,THA,NIC,847989
5649800,231,160,9220,2019,599614.0,11460.0,1.606808,0.3232,USA,NIC,847989
5649801,231,165,9220,2019,106900.0,18987.0,1.606808,0.3232,USA,NRU,847989
5649802,7,176,9220,2019,10209.0,0.0,-0.165113,-0.8973540000000001,ARE,PNG,847989
5649803,14,176,9220,2019,6354909.0,30464.0,-0.294558,-0.180198,AUS,PNG,847989
5649804,15,176,9220,2019,1433.0,0.0,1.743927,-0.076778,AUT,PNG,847989
5649805,23,176,9220,2019,26122.0,0.0,0.572997,1.863346,BGR,PNG,847989
5649806,32,176,9220,2019,13907.0,0.0,0.076947,0.660604,BRA,PNG,847989
5649807,39,176,9220,2019,7609.0,0.0,0.657292,1.187872,CAN,PNG,847989
5649808,41,176,9220,2019,5339.0,554598.0,2.1990849999999997,0.8394229999999999,CHE,PNG,847989
5649809,43,176,9220,2019,381171.0,0.0,1.196265,1.2258870000000002,CHN,PNG,847989
5649810,59,176,9220,2019,5320.0,0.0,1.797611,0.406708,CZE,PNG,847989
5649811,61,176,9220,2019,468398.0,0.0,2.078626,-2.124816,DEU,PNG,847989
5649812,74,176,9220,2019,5104.0,0.0,1.495278,1.034435,FIN,PNG,847989
5649813,75,176,9220,2019,10232.0,0.0,-0.274278,-0.049333,FJI,PNG,847989
5649814,77,176,9220,2019,5211.0,0.0,1.380982,0.9510629999999999,FRA,PNG,847989
5649815,81,176,9220,2019,120691.0,0.0,1.731106,0.717566,GBR,PNG,847989
5649816,104,176,9220,2019,11719.0,0.0,0.43196,2.661139,IND,PNG,847989
5649817,110,176,9220,2019,3000.0,0.0,1.488686,0.823376,ISR,PNG,847989
5649818,111,176,9220,2019,54691.0,0.0,1.25898,0.926639,ITA,PNG,847989
5649819,114,176,9220,2019,17336.0,0.0,2.4931509999999997,-0.558811,JPN,PNG,847989
5649820,153,176,9220,2019,100957.0,0.0,1.192967,0.730971,MYS,PNG,847989
5649821,162,176,9220,2019,258086.0,33764.0,1.145044,1.3523530000000001,NLD,PNG,847989
5649822,163,176,9220,2019,5524.0,0.0,0.6957300000000001,0.181607,NOR,PNG,847989
5649823,186,176,9220,2019,76342.0,0.0,0.329884,0.26215,RUS,PNG,847989
5649824,192,176,9220,2019,439699.0,2623.0,2.0264599999999997,0.665506,SGP,PNG,847989
5649825,208,176,9220,2019,176123.0,0.0,1.781148,0.742037,SWE,PNG,847989
5649826,216,176,9220,2019,24030.0,0.0,0.9744229999999999,1.401199,THA,PNG,847989
5649827,231,176,9220,2019,1913898.0,0.0,1.606808,0.3232,USA,PNG,847989
5649828,246,176,9220,2019,1449.0,0.0,0.129921,1.101027,ZAF,PNG,847989
5649829,249,176,9220,2019,23493.0,0.0,2.123296,1.1786969999999999,TWN,PNG,847989
5649830,147,178,9220,2019,0.0,10228.0,-1.264532,-1.072626,MOZ,PRK,847989
5649831,81,194,9220,2019,122827.0,0.0,1.731106,0.717566,GBR,SHN,847989
5649832,162,194,9220,2019,37725.0,0.0,1.145044,1.3523530000000001,NLD,SHN,847989
5649833,246,194,9220,2019,2876.0,0.0,0.129921,1.101027,ZAF,SHN,847989
5649834,179,203,9220,2019,41335.0,0.0,0.545467,2.344447,PRT,STP,847989
5649835,231,203,9220,2019,0.0,183853.0,1.606808,0.3232,USA,STP,847989
5649836,7,215,9220,2019,4136.0,0.0,-0.165113,-0.8973540000000001,ARE,TGO,847989
5649837,18,215,9220,2019,13632.0,0.0,1.2555969999999999,1.168642,BEL,TGO,847989
5649838,21,215,9220,2019,8519.0,0.0,-0.805181,-0.941847,BFA,TGO,847989
5649839,41,215,9220,2019,999.0,0.0,2.1990849999999997,0.8394229999999999,CHE,TGO,847989
5649840,43,215,9220,2019,266973.0,0.0,1.196265,1.2258870000000002,CHN,TGO,847989
5649841,59,215,9220,2019,4075.0,0.0,1.797611,0.406708,CZE,TGO,847989
5649842,61,215,9220,2019,228675.0,0.0,2.078626,-2.124816,DEU,TGO,847989
5649843,71,215,9220,2019,14182.0,0.0,0.678454,3.007838,ESP,TGO,847989
5649844,77,215,9220,2019,38964.0,0.0,1.380982,0.9510629999999999,FRA,TGO,847989
5649845,81,215,9220,2019,3346.0,0.0,1.731106,0.717566,GBR,TGO,847989
5649846,83,215,9220,2019,0.0,2684.0,-0.9581,-0.8727879999999999,GHA,TGO,847989
5649847,104,215,9220,2019,84868.0,0.0,0.43196,2.661139,IND,TGO,847989
5649848,111,215,9220,2019,556600.0,0.0,1.25898,0.926639,ITA,TGO,847989
5649849,121,215,9220,2019,31751.0,0.0,2.115482,0.696838,KOR,TGO,847989
5649850,124,215,9220,2019,4206.0,0.0,0.26155700000000004,1.062317,LBN,TGO,847989
5649851,134,215,9220,2019,1041.0,0.0,-0.747739,-0.154125,MAR,TGO,847989
5649852,157,215,9220,2019,0.0,15470.0,-0.345047,-0.792769,NER,TGO,847989
5649853,162,215,9220,2019,30349.0,0.0,1.145044,1.3523530000000001,NLD,TGO,847989
5649854,224,215,9220,2019,3470.0,0.0,0.569408,2.364546,TUR,TGO,847989
5649855,2,237,9220,2019,0.0,122766.0,-1.096127,-1.195434,AGO,VGB,847989
5649856,32,237,9220,2019,124274.0,0.0,0.076947,0.660604,BRA,VGB,847989
5649857,77,237,9220,2019,3659.0,0.0,1.380982,0.9510629999999999,FRA,VGB,847989
5649858,81,237,9220,2019,67005.0,0.0,1.731106,0.717566,GBR,VGB,847989
5649859,111,237,9220,2019,1265.0,0.0,1.25898,0.926639,ITA,VGB,847989
5649860,162,237,9220,2019,6225.0,0.0,1.145044,1.3523530000000001,NLD,VGB,847989
5649861,231,237,9220,2019,314109.0,0.0,1.606808,0.3232,USA,VGB,847989
5649862,2,247,9220,2019,0.0,2090.0,-1.096127,-1.195434,AGO,ZMB,847989
5649863,7,247,9220,2019,71700.0,0.0,-0.165113,-0.8973540000000001,ARE,ZMB,847989
5649864,14,247,9220,2019,5650.0,0.0,-0.294558,-0.180198,AUS,ZMB,847989
5649865,15,247,9220,2019,1154.0,0.0,1.743927,-0.076778,AUT,ZMB,847989
5649866,18,247,9220,2019,12883.0,0.0,1.2555969999999999,1.168642,BEL,ZMB,847989
5649867,37,247,9220,2019,3200.0,0.0,-0.492807,-1.152651,BWA,ZMB,847989
5649868,39,247,9220,2019,281828.0,0.0,0.657292,1.187872,CAN,ZMB,847989
5649869,41,247,9220,2019,3847.0,0.0,2.1990849999999997,0.8394229999999999,CHE,ZMB,847989
5649870,43,247,9220,2019,4119709.0,0.0,1.196265,1.2258870000000002,CHN,ZMB,847989
5649871,44,247,9220,2019,1214.0,0.0,-0.9916719999999999,-0.960625,CIV,ZMB,847989
5649872,46,247,9220,2019,4522.0,29918.0,-1.2685879999999998,-1.148403,COD,ZMB,847989
5649873,59,247,9220,2019,3840.0,0.0,1.797611,0.406708,CZE,ZMB,847989
5649874,61,247,9220,2019,966339.0,25863.0,2.078626,-2.124816,DEU,ZMB,847989
5649875,71,247,9220,2019,19876.0,0.0,0.678454,3.007838,ESP,ZMB,847989
5649876,77,247,9220,2019,39593.0,0.0,1.380982,0.9510629999999999,FRA,ZMB,847989
5649877,81,247,9220,2019,29808.0,0.0,1.731106,0.717566,GBR,ZMB,847989
5649878,97,247,9220,2019,69455.0,0.0,0.992556,1.523004,HKG,ZMB,847989
5649879,104,247,9220,2019,416574.0,5967.0,0.43196,2.661139,IND,ZMB,847989
5649880,106,247,9220,2019,7775.0,0.0,1.3812389999999999,-0.025366,IRL,ZMB,847989
5649881,110,247,9220,2019,4632.0,0.0,1.488686,0.823376,ISR,ZMB,847989
5649882,111,247,9220,2019,43989.0,0.0,1.25898,0.926639,ITA,ZMB,847989
5649883,114,247,9220,2019,229181.0,0.0,2.4931509999999997,-0.558811,JPN,ZMB,847989
5649884,116,247,9220,2019,7991.0,0.0,-0.406684,0.8588969999999999,KEN,ZMB,847989
5649885,121,247,9220,2019,39617.0,0.0,2.115482,0.696838,KOR,ZMB,847989
5649886,124,247,9220,2019,2759.0,0.0,0.26155700000000004,1.062317,LBN,ZMB,847989
5649887,147,247,9220,2019,0.0,16717.0,-1.264532,-1.072626,MOZ,ZMB,847989
5649888,152,247,9220,2019,13992.0,5126.0,-1.0178479999999999,-1.1028879999999999,MWI,ZMB,847989
5649889,153,247,9220,2019,798.0,0.0,1.192967,0.730971,MYS,ZMB,847989
5649890,162,247,9220,2019,49537.0,0.0,1.145044,1.3523530000000001,NLD,ZMB,847989
5649891,187,247,9220,2019,0.0,2383.0,-0.812602,-0.737603,RWA,ZMB,847989
5649892,188,247,9220,2019,3590.0,0.0,0.787798,-0.41350600000000004,SAU,ZMB,847989
5649893,208,247,9220,2019,15981.0,0.0,1.781148,0.742037,SWE,ZMB,847989
5649894,224,247,9220,2019,40088.0,0.0,0.569408,2.364546,TUR,ZMB,847989
5649895,226,247,9220,2019,2963.0,0.0,-0.907172,0.37293899999999996,TZA,ZMB,847989
5649896,231,247,9220,2019,33746.0,0.0,1.606808,0.3232,USA,ZMB,847989
5649897,246,247,9220,2019,1830814.0,104735.0,0.129921,1.101027,ZAF,ZMB,847989
5649898,248,247,9220,2019,16050.0,4354.0,-0.9993780000000001,-1.018174,ZWE,ZMB,847989
5649899,249,247,9220,2019,664.0,0.0,2.123296,1.1786969999999999,TWN,ZMB,847989
5649900,7,248,9220,2019,32704.0,0.0,-0.165113,-0.8973540000000001,ARE,ZWE,847989
5649901,15,248,9220,2019,3131.0,0.0,1.743927,-0.076778,AUT,ZWE,847989
5649902,32,248,9220,2019,62768.0,0.0,0.076947,0.660604,BRA,ZWE,847989
5649903,37,248,9220,2019,14038.0,0.0,-0.492807,-1.152651,BWA,ZWE,847989
5649904,39,248,9220,2019,30736.0,0.0,0.657292,1.187872,CAN,ZWE,847989
5649905,41,248,9220,2019,6772.0,0.0,2.1990849999999997,0.8394229999999999,CHE,ZWE,847989
5649906,43,248,9220,2019,686413.0,0.0,1.196265,1.2258870000000002,CHN,ZWE,847989
5649907,61,248,9220,2019,13585.0,17746.0,2.078626,-2.124816,DEU,ZWE,847989
5649908,74,248,9220,2019,1920.0,0.0,1.495278,1.034435,FIN,ZWE,847989
5649909,77,248,9220,2019,166092.0,0.0,1.380982,0.9510629999999999,FRA,ZWE,847989
5649910,81,248,9220,2019,5979.0,0.0,1.731106,0.717566,GBR,ZWE,847989
5649911,97,248,9220,2019,52500.0,0.0,0.992556,1.523004,HKG,ZWE,847989
5649912,104,248,9220,2019,128291.0,0.0,0.43196,2.661139,IND,ZWE,847989
5649913,106,248,9220,2019,11270.0,0.0,1.3812389999999999,-0.025366,IRL,ZWE,847989
5649914,110,248,9220,2019,52780.0,0.0,1.488686,0.823376,ISR,ZWE,847989
5649915,111,248,9220,2019,128692.0,0.0,1.25898,0.926639,ITA,ZWE,847989
5649916,124,248,9220,2019,2182.0,0.0,0.26155700000000004,1.062317,LBN,ZWE,847989
5649917,147,248,9220,2019,16464.0,0.0,-1.264532,-1.072626,MOZ,ZWE,847989
5649918,151,248,9220,2019,37613.0,0.0,-0.15909600000000002,0.034770999999999996,MUS,ZWE,847989
5649919,163,248,9220,2019,6137.0,0.0,0.6957300000000001,0.181607,NOR,ZWE,847989
5649920,166,248,9220,2019,2769.0,0.0,0.119281,0.039036,NZL,ZWE,847989
5649921,177,248,9220,2019,1734.0,0.0,1.088347,1.275875,POL,ZWE,847989
5649922,192,248,9220,2019,15399.0,0.0,2.0264599999999997,0.665506,SGP,ZWE,847989
5649923,208,248,9220,2019,55851.0,0.0,1.781148,0.742037,SWE,ZWE,847989
5649924,226,248,9220,2019,0.0,12182.0,-0.907172,0.37293899999999996,TZA,ZWE,847989
5649925,231,248,9220,2019,4515.0,0.0,1.606808,0.3232,USA,ZWE,847989
5649926,246,248,9220,2019,1254822.0,480.0,0.129921,1.101027,ZAF,ZWE,847989
5649927,247,248,9220,2019,4354.0,16050.0,-0.629261,-0.8471489999999999,ZMB,ZWE,847989
5649928,249,248,9220,2019,9074.0,0.0,2.123296,1.1786969999999999,TWN,ZWE,847989
5649929,250,248,9220,2019,0.0,12156.0,0.8996129999999999,-0.152746,ANS,ZWE,847989
5649930,39,30,9220,2019,3914.0,0.0,0.657292,1.187872,CAN,BMU,847989
5649931,43,30,9220,2019,4789.0,0.0,1.196265,1.2258870000000002,CHN,BMU,847989
5649932,61,30,9220,2019,122242.0,0.0,2.078626,-2.124816,DEU,BMU,847989
5649933,64,30,9220,2019,60214.0,0.0,1.0768280000000001,1.2615610000000002,DNK,BMU,847989
5649934,71,30,9220,2019,2363683.0,0.0,0.678454,3.007838,ESP,BMU,847989
5649935,81,30,9220,2019,4962.0,0.0,1.731106,0.717566,GBR,BMU,847989
5649936,111,30,9220,2019,5147.0,0.0,1.25898,0.926639,ITA,BMU,847989
5649937,155,30,9220,2019,1245.0,0.0,-0.545575,-0.744274,NAM,BMU,847989
5649938,162,30,9220,2019,1407.0,0.0,1.145044,1.3523530000000001,NLD,BMU,847989
5649939,231,30,9220,2019,474049.0,26789.0,1.606808,0.3232,USA,BMU,847989
5649940,249,30,9220,2019,1372.0,0.0,2.123296,1.1786969999999999,TWN,BMU,847989
5649941,3,91,9220,2019,0.0,1006.0,0.9469639999999999,-0.526437,AIA,GRD,847989
5649942,14,91,9220,2019,2732.0,0.0,-0.294558,-0.180198,AUS,GRD,847989
5649943,32,91,9220,2019,5613.0,0.0,0.076947,0.660604,BRA,GRD,847989
5649944,33,91,9220,2019,1537.0,0.0,0.6228199999999999,-0.10803499999999999,BRB,GRD,847989
5649945,43,91,9220,2019,2955.0,0.0,1.196265,1.2258870000000002,CHN,GRD,847989
5649946,61,91,9220,2019,3283.0,0.0,2.078626,-2.124816,DEU,GRD,847989
5649947,71,91,9220,2019,2778.0,0.0,0.678454,3.007838,ESP,GRD,847989
5649948,77,91,9220,2019,3528.0,0.0,1.380982,0.9510629999999999,FRA,GRD,847989
5649949,81,91,9220,2019,4495.0,0.0,1.731106,0.717566,GBR,GRD,847989
5649950,97,91,9220,2019,2520.0,0.0,0.992556,1.523004,HKG,GRD,847989
5649951,222,91,9220,2019,7716.0,3184.0,0.1861,-0.874604,TTO,GRD,847989
5649952,231,91,9220,2019,119044.0,0.0,1.606808,0.3232,USA,GRD,847989
5649953,234,91,9220,2019,0.0,695.0,-0.712703,-0.859416,VCT,GRD,847989
5649954,39,234,9220,2019,25905.0,0.0,0.657292,1.187872,CAN,VCT,847989
5649955,43,234,9220,2019,1891.0,0.0,1.196265,1.2258870000000002,CHN,VCT,847989
5649956,61,234,9220,2019,26248.0,0.0,2.078626,-2.124816,DEU,VCT,847989
5649957,81,234,9220,2019,20785.0,0.0,1.731106,0.717566,GBR,VCT,847989
5649958,91,234,9220,2019,695.0,0.0,0.297653,-0.409112,GRD,VCT,847989
5649959,111,234,9220,2019,1959.0,0.0,1.25898,0.926639,ITA,VCT,847989
5649960,127,234,9220,2019,1599.0,6698.0,0.21145,-0.08792699999999999,LCA,VCT,847989
5649961,222,234,9220,2019,9439.0,0.0,0.1861,-0.874604,TTO,VCT,847989
5649962,231,234,9220,2019,93762.0,0.0,1.606808,0.3232,USA,VCT,847989
5649963,81,76,9220,2019,630922.0,0.0,1.731106,0.717566,GBR,FLK,847989
5649964,7,87,9220,2019,1908.0,0.0,-0.165113,-0.8973540000000001,ARE,GMB,847989
5649965,41,87,9220,2019,1601.0,0.0,2.1990849999999997,0.8394229999999999,CHE,GMB,847989
5649966,43,87,9220,2019,1225940.0,0.0,1.196265,1.2258870000000002,CHN,GMB,847989
5649967,61,87,9220,2019,224920.0,0.0,2.078626,-2.124816,DEU,GMB,847989
5649968,71,87,9220,2019,2578.0,0.0,0.678454,3.007838,ESP,GMB,847989
5649969,77,87,9220,2019,4080.0,0.0,1.380982,0.9510629999999999,FRA,GMB,847989
5649970,81,87,9220,2019,38271.0,0.0,1.731106,0.717566,GBR,GMB,847989
5649971,85,87,9220,2019,0.0,3591.0,-1.366633,-1.196123,GIN,GMB,847989
5649972,104,87,9220,2019,38067.0,0.0,0.43196,2.661139,IND,GMB,847989
5649973,162,87,9220,2019,2798.0,0.0,1.145044,1.3523530000000001,NLD,GMB,847989
5649974,177,87,9220,2019,5861.0,0.0,1.088347,1.275875,POL,GMB,847989
5649975,191,87,9220,2019,0.0,12703.0,-0.721992,-0.385479,SEN,GMB,847989
5649976,192,87,9220,2019,1207.0,0.0,2.0264599999999997,0.665506,SGP,GMB,847989
5649977,224,87,9220,2019,7291.0,0.0,0.569408,2.364546,TUR,GMB,847989
5649978,39,92,9220,2019,27296.0,0.0,0.657292,1.187872,CAN,GRL,847989
5649979,61,92,9220,2019,2679.0,0.0,2.078626,-2.124816,DEU,GRL,847989
5649980,64,92,9220,2019,490731.0,0.0,1.0768280000000001,1.2615610000000002,DNK,GRL,847989
5649981,77,92,9220,2019,18829.0,0.0,1.380982,0.9510629999999999,FRA,GRL,847989
5649982,162,92,9220,2019,15881.0,0.0,1.145044,1.3523530000000001,NLD,GRL,847989
5649983,163,92,9220,2019,114798.0,0.0,0.6957300000000001,0.181607,NOR,GRL,847989
5649984,208,92,9220,2019,18304.0,0.0,1.781148,0.742037,SWE,GRL,847989
5649985,7,118,9220,2019,0.0,53637.0,-0.165113,-0.8973540000000001,ARE,KHM,847989
5649986,14,118,9220,2019,4487.0,0.0,-0.294558,-0.180198,AUS,KHM,847989
5649987,15,118,9220,2019,5740.0,0.0,1.743927,-0.076778,AUT,KHM,847989
5649988,18,118,9220,2019,1069.0,0.0,1.2555969999999999,1.168642,BEL,KHM,847989
5649989,41,118,9220,2019,3458.0,0.0,2.1990849999999997,0.8394229999999999,CHE,KHM,847989
5649990,43,118,9220,2019,16598435.0,8053.0,1.196265,1.2258870000000002,CHN,KHM,847989
5649991,61,118,9220,2019,2038179.0,0.0,2.078626,-2.124816,DEU,KHM,847989
5649992,71,118,9220,2019,6052.0,0.0,0.678454,3.007838,ESP,KHM,847989
5649993,77,118,9220,2019,14753.0,0.0,1.380982,0.9510629999999999,FRA,KHM,847989
5649994,81,118,9220,2019,16651.0,0.0,1.731106,0.717566,GBR,KHM,847989
5649995,97,118,9220,2019,93958.0,0.0,0.992556,1.523004,HKG,KHM,847989
5649996,102,118,9220,2019,1799.0,0.0,1.462102,0.809183,HUN,KHM,847989
5649997,104,118,9220,2019,279915.0,7783.0,0.43196,2.661139,IND,KHM,847989
5649998,111,118,9220,2019,572166.0,0.0,1.25898,0.926639,ITA,KHM,847989
