2229999,61,141,1236,2018.0,5365.0,0.0,2.126861,-2.619524,DEU,MLI,7371
2230000,77,141,1236,2018.0,7102.0,0.0,1.3578540000000001,0.9033700000000001,FRA,MLI,7371
2230001,83,141,1236,2018.0,4950.0,0.0,-0.769089,-0.8389200000000001,GHA,MLI,7371
2230002,104,141,1236,2018.0,27867.0,0.0,0.536561,2.450287,IND,MLI,7371
2230003,111,141,1236,2018.0,1589.0,0.0,1.4594799999999999,0.05113,ITA,MLI,7371
2230004,246,141,1236,2018.0,2272.0,0.0,-0.053311000000000004,1.45561,ZAF,MLI,7371
2230005,111,142,1236,2018.0,22005.0,0.0,1.4594799999999999,0.05113,ITA,MLT,7371
2230006,43,148,1236,2018.0,17504.0,0.0,1.378018,0.513572,CHN,MRT,7371
2230007,104,148,1236,2018.0,36450.0,0.0,0.536561,2.450287,IND,MRT,7371
2230008,39,155,1236,2018.0,1641.0,0.0,0.60854,1.475283,CAN,NAM,7371
2230009,43,155,1236,2018.0,44640.0,0.0,1.378018,0.513572,CHN,NAM,7371
2230010,61,155,1236,2018.0,0.0,19949.0,2.126861,-2.619524,DEU,NAM,7371
2230011,71,155,1236,2018.0,24958.0,0.0,0.851197,2.261012,ESP,NAM,7371
2230012,246,155,1236,2018.0,52722.0,17143.0,-0.053311000000000004,1.45561,ZAF,NAM,7371
2230013,15,183,1236,2018.0,37487.0,0.0,1.798687,-0.557271,AUT,QAT,7371
2230014,18,183,1236,2018.0,11446.0,0.0,1.244674,1.1368969999999998,BEL,QAT,7371
2230015,43,183,1236,2018.0,86246.0,0.0,1.378018,0.513572,CHN,QAT,7371
2230016,61,183,1236,2018.0,22612.0,0.0,2.126861,-2.619524,DEU,QAT,7371
2230017,71,183,1236,2018.0,1112073.0,0.0,0.851197,2.261012,ESP,QAT,7371
2230018,77,183,1236,2018.0,1243808.0,0.0,1.3578540000000001,0.9033700000000001,FRA,QAT,7371
2230019,81,183,1236,2018.0,8297.0,0.0,1.481442,1.050259,GBR,QAT,7371
2230020,104,183,1236,2018.0,89095.0,0.0,0.536561,2.450287,IND,QAT,7371
2230021,111,183,1236,2018.0,56552.0,0.0,1.4594799999999999,0.05113,ITA,QAT,7371
2230022,114,183,1236,2018.0,177019.0,0.0,2.480327,-0.559793,JPN,QAT,7371
2230023,122,183,1236,2018.0,1047.0,0.0,-0.790523,-1.136525,KWT,QAT,7371
2230024,162,183,1236,2018.0,36948.0,0.0,1.060964,1.491808,NLD,QAT,7371
2230025,163,183,1236,2018.0,34448.0,0.0,0.359254,-0.059994000000000006,NOR,QAT,7371
2230026,167,183,1236,2018.0,0.0,183058.0,-0.513727,-0.9944280000000001,OMN,QAT,7371
2230027,224,183,1236,2018.0,8283.0,0.0,0.5883510000000001,2.357541,TUR,QAT,7371
2230028,42,196,1236,2018.0,0.0,1001.0,-0.24325300000000002,-0.350271,CHL,SLE,7371
2230029,61,196,1236,2018.0,1311.0,0.0,2.126861,-2.619524,DEU,SLE,7371
2230030,231,196,1236,2018.0,0.0,5648.0,1.5527739999999999,0.288577,USA,SLE,7371
2230031,7,211,1236,2018.0,5794.0,0.0,-0.020214,-0.570049,ARE,SYC,7371
2230032,14,211,1236,2018.0,1947.0,0.0,-0.5578930000000001,-0.15666300000000002,AUS,SYC,7371
2230033,151,211,1236,2018.0,2298.0,0.0,-0.268625,0.104254,MUS,SYC,7371
2230034,231,211,1236,2018.0,7990.0,0.0,1.5527739999999999,0.288577,USA,SYC,7371
2230035,45,213,1236,2018.0,0.0,4016.0,-1.2144,-1.0318260000000001,CMR,TCA,7371
2230036,190,213,1236,2018.0,0.0,4886.0,-1.3426719999999999,-1.1851909999999999,SDN,TCA,7371
2230037,43,215,1236,2018.0,135781.0,0.0,1.378018,0.513572,CHN,TGO,7371
2230038,104,215,1236,2018.0,26403.0,0.0,0.536561,2.450287,IND,TGO,7371
2230039,124,215,1236,2018.0,3727.0,0.0,0.37832899999999997,1.077452,LBN,TGO,7371
2230040,61,218,1236,2018.0,508625.0,0.0,2.126861,-2.619524,DEU,TKL,7371
2230041,43,226,1236,2018.0,205784.0,0.0,1.378018,0.513572,CHN,TZA,7371
2230042,104,226,1236,2018.0,808281.0,0.0,0.536561,2.450287,IND,TZA,7371
2230043,168,226,1236,2018.0,2967.0,0.0,-0.737637,0.274296,PAK,TZA,7371
2230044,224,226,1236,2018.0,34762.0,0.0,0.5883510000000001,2.357541,TUR,TZA,7371
2230045,246,226,1236,2018.0,37445.0,0.0,-0.053311000000000004,1.45561,ZAF,TZA,7371
2230046,7,227,1236,2018.0,1386.0,0.0,-0.020214,-0.570049,ARE,UGA,7371
2230047,43,227,1236,2018.0,142670.0,0.0,1.378018,0.513572,CHN,UGA,7371
2230048,81,227,1236,2018.0,1231.0,0.0,1.481442,1.050259,GBR,UGA,7371
2230049,104,227,1236,2018.0,201942.0,0.0,0.536561,2.450287,IND,UGA,7371
2230050,153,227,1236,2018.0,4702.0,0.0,1.047185,0.732742,MYS,UGA,7371
2230051,187,227,1236,2018.0,0.0,37444.0,-0.48781199999999997,-0.741734,RWA,UGA,7371
2230052,224,227,1236,2018.0,7616.0,0.0,0.5883510000000001,2.357541,TUR,UGA,7371
2230053,231,227,1236,2018.0,23565.0,0.0,1.5527739999999999,0.288577,USA,UGA,7371
2230054,246,227,1236,2018.0,13114.0,0.0,-0.053311000000000004,1.45561,ZAF,UGA,7371
2230055,249,227,1236,2018.0,1663.0,0.0,2.0283580000000003,1.1648319999999999,TWN,UGA,7371
2230056,7,247,1236,2018.0,142339.0,0.0,-0.020214,-0.570049,ARE,ZMB,7371
2230057,39,247,1236,2018.0,6250.0,0.0,0.60854,1.475283,CAN,ZMB,7371
2230058,43,247,1236,2018.0,1009075.0,0.0,1.378018,0.513572,CHN,ZMB,7371
2230059,61,247,1236,2018.0,5120.0,0.0,2.126861,-2.619524,DEU,ZMB,7371
2230060,74,247,1236,2018.0,196043.0,0.0,1.561518,1.0198450000000001,FIN,ZMB,7371
2230061,104,247,1236,2018.0,454210.0,0.0,0.536561,2.450287,IND,ZMB,7371
2230062,224,247,1236,2018.0,1138.0,0.0,0.5883510000000001,2.357541,TUR,ZMB,7371
2230063,231,247,1236,2018.0,84615.0,0.0,1.5527739999999999,0.288577,USA,ZMB,7371
2230064,246,247,1236,2018.0,81349.0,0.0,-0.053311000000000004,1.45561,ZAF,ZMB,7371
2230065,43,248,1236,2018.0,1775722.0,0.0,1.378018,0.513572,CHN,ZWE,7371
2230066,74,248,1236,2018.0,89808.0,0.0,1.561518,1.0198450000000001,FIN,ZWE,7371
2230067,81,248,1236,2018.0,3376.0,0.0,1.481442,1.050259,GBR,ZWE,7371
2230068,104,248,1236,2018.0,309685.0,0.0,0.536561,2.450287,IND,ZWE,7371
2230069,121,248,1236,2018.0,32625.0,0.0,2.139149,0.795045,KOR,ZWE,7371
2230070,231,248,1236,2018.0,11361.0,0.0,1.5527739999999999,0.288577,USA,ZWE,7371
2230071,246,248,1236,2018.0,2997112.0,0.0,-0.053311000000000004,1.45561,ZAF,ZWE,7371
2230072,15,9,1236,2018.0,12979.0,0.0,1.798687,-0.557271,AUT,ARM,7371
2230073,18,9,1236,2018.0,9194.0,0.0,1.244674,1.1368969999999998,BEL,ARM,7371
2230074,43,9,1236,2018.0,71470.0,0.0,1.378018,0.513572,CHN,ARM,7371
2230075,61,9,1236,2018.0,965419.0,0.0,2.126861,-2.619524,DEU,ARM,7371
2230076,107,9,1236,2018.0,9885.0,0.0,-0.290723,-0.430805,IRN,ARM,7371
2230077,111,9,1236,2018.0,184227.0,0.0,1.4594799999999999,0.05113,ITA,ARM,7371
2230078,186,9,1236,2018.0,76618.0,3070.0,-0.079971,0.11098599999999999,RUS,ARM,7371
2230079,231,30,1236,2018.0,3520.0,0.0,1.5527739999999999,0.288577,USA,BMU,7371
2230080,15,126,1236,2018.0,75641.0,0.0,1.798687,-0.557271,AUT,LBY,7371
2230081,41,126,1236,2018.0,805882.0,0.0,2.173252,0.861742,CHE,LBY,7371
2230082,43,126,1236,2018.0,68194.0,0.0,1.378018,0.513572,CHN,LBY,7371
2230083,104,126,1236,2018.0,31607.0,0.0,0.536561,2.450287,IND,LBY,7371
2230084,224,126,1236,2018.0,59582.0,0.0,0.5883510000000001,2.357541,TUR,LBY,7371
2230085,231,126,1236,2018.0,121506.0,0.0,1.5527739999999999,0.288577,USA,LBY,7371
2230086,15,140,1236,2018.0,421274.0,0.0,1.798687,-0.557271,AUT,MKD,7371
2230087,23,140,1236,2018.0,5533.0,3549.0,0.516917,1.915288,BGR,MKD,7371
2230088,26,140,1236,2018.0,46784.0,0.0,0.676528,0.8948299999999999,BIH,MKD,7371
2230089,41,140,1236,2018.0,36934.0,39059.0,2.173252,0.861742,CHE,MKD,7371
2230090,43,140,1236,2018.0,257157.0,0.0,1.378018,0.513572,CHN,MKD,7371
2230091,61,140,1236,2018.0,200225.0,0.0,2.126861,-2.619524,DEU,MKD,7371
2230092,77,140,1236,2018.0,2977.0,0.0,1.3578540000000001,0.9033700000000001,FRA,MKD,7371
2230093,81,140,1236,2018.0,1237.0,0.0,1.481442,1.050259,GBR,MKD,7371
2230094,100,140,1236,2018.0,2247.0,5841.0,0.8873559999999999,1.480788,HRV,MKD,7371
2230095,111,140,1236,2018.0,204853.0,21679.0,1.4594799999999999,0.05113,ITA,MKD,7371
2230096,201,140,1236,2018.0,3754.0,0.0,0.665772,1.552409,SRB,MKD,7371
2230097,207,140,1236,2018.0,333456.0,30793.0,1.623183,0.7150850000000001,SVN,MKD,7371
2230098,224,140,1236,2018.0,0.0,21258.0,0.5883510000000001,2.357541,TUR,MKD,7371
2230099,26,144,1236,2018.0,52571.0,0.0,0.676528,0.8948299999999999,BIH,MNE,7371
2230100,61,144,1236,2018.0,18216.0,0.0,2.126861,-2.619524,DEU,MNE,7371
2230101,177,144,1236,2018.0,294502.0,0.0,1.1323860000000001,1.1465040000000002,POL,MNE,7371
2230102,224,144,1236,2018.0,11911.0,0.0,0.5883510000000001,2.357541,TUR,MNE,7371
2230103,43,145,1236,2018.0,382438.0,0.0,1.378018,0.513572,CHN,MNG,7371
2230104,43,157,1236,2018.0,5190.0,0.0,1.378018,0.513572,CHN,NER,7371
2230105,231,157,1236,2018.0,3186.0,0.0,1.5527739999999999,0.288577,USA,NER,7371
2230106,188,243,1236,2018.0,3090.0,0.0,0.600485,-0.450466,SAU,YEM,7371
2230107,250,243,1236,2018.0,7727.0,0.0,0.760441,-0.310861,ANS,YEM,7371
2230108,7,2,1236,2018.0,8375.0,0.0,-0.020214,-0.570049,ARE,AGO,7371
2230109,43,2,1236,2018.0,2761734.0,0.0,1.378018,0.513572,CHN,AGO,7371
2230110,66,2,1236,2018.0,0.0,31396.0,-1.121185,-1.196891,DZA,AGO,7371
2230111,68,2,1236,2018.0,15577.0,0.0,-0.093935,1.6368610000000001,EGY,AGO,7371
2230112,104,2,1236,2018.0,288087.0,0.0,0.536561,2.450287,IND,AGO,7371
2230113,111,2,1236,2018.0,94112.0,0.0,1.4594799999999999,0.05113,ITA,AGO,7371
2230114,114,2,1236,2018.0,215161.0,0.0,2.480327,-0.559793,JPN,AGO,7371
2230115,121,2,1236,2018.0,25519.0,0.0,2.139149,0.795045,KOR,AGO,7371
2230116,179,2,1236,2018.0,29878.0,0.0,0.787381,1.959475,PRT,AGO,7371
2230117,231,2,1236,2018.0,9044.0,0.0,1.5527739999999999,0.288577,USA,AGO,7371
2230118,246,2,1236,2018.0,30110.0,0.0,-0.053311000000000004,1.45561,ZAF,AGO,7371
2230119,249,2,1236,2018.0,75228.0,0.0,2.0283580000000003,1.1648319999999999,TWN,AGO,7371
2230120,43,4,1236,2018.0,178065.0,0.0,1.378018,0.513572,CHN,ALB,7371
2230121,61,4,1236,2018.0,41718.0,0.0,2.126861,-2.619524,DEU,ALB,7371
2230122,111,4,1236,2018.0,772167.0,13687.0,1.4594799999999999,0.05113,ITA,ALB,7371
2230123,177,4,1236,2018.0,136668.0,0.0,1.1323860000000001,1.1465040000000002,POL,ALB,7371
2230124,224,4,1236,2018.0,385098.0,7788.0,0.5883510000000001,2.357541,TUR,ALB,7371
2230125,61,34,1236,2018.0,5455.0,0.0,2.126861,-2.619524,DEU,BRN,7371
2230126,192,34,1236,2018.0,6991.0,0.0,1.870268,0.672214,SGP,BRN,7371
2230127,104,35,1236,2018.0,326629.0,15767.0,0.536561,2.450287,IND,BTN,7371
2230128,43,50,1236,2018.0,1646.0,0.0,1.378018,0.513572,CHN,COM,7371
2230129,77,50,1236,2018.0,3139.0,0.0,1.3578540000000001,0.9033700000000001,FRA,COM,7371
2230130,162,50,1236,2018.0,7343.0,0.0,1.060964,1.491808,NLD,COM,7371
2230131,231,63,1236,2018.0,7500.0,0.0,1.5527739999999999,0.288577,USA,DMA,7371
2230132,14,75,1236,2018.0,1408.0,0.0,-0.5578930000000001,-0.15666300000000002,AUS,FJI,7371
2230133,43,75,1236,2018.0,13185.0,0.0,1.378018,0.513572,CHN,FJI,7371
2230134,104,75,1236,2018.0,19147.0,0.0,0.536561,2.450287,IND,FJI,7371
2230135,71,78,1236,2018.0,3088.0,0.0,0.851197,2.261012,ESP,FRO,7371
2230136,147,78,1236,2018.0,0.0,5492.0,-1.253762,-1.0049,MOZ,FRO,7371
2230137,104,87,1236,2018.0,1267.0,0.0,0.536561,2.450287,IND,GMB,7371
2230138,39,136,1236,2018.0,5423.0,0.0,0.60854,1.475283,CAN,MDG,7371
2230139,43,136,1236,2018.0,9137.0,0.0,1.378018,0.513572,CHN,MDG,7371
2230140,77,136,1236,2018.0,4187.0,0.0,1.3578540000000001,0.9033700000000001,FRA,MDG,7371
2230141,104,136,1236,2018.0,8557.0,0.0,0.536561,2.450287,IND,MDG,7371
2230142,14,137,1236,2018.0,3371.0,0.0,-0.5578930000000001,-0.15666300000000002,AUS,MDV,7371
2230143,192,137,1236,2018.0,1244.0,0.0,1.870268,0.672214,SGP,MDV,7371
2230144,231,137,1236,2018.0,5059.0,0.0,1.5527739999999999,0.288577,USA,MDV,7371
2230145,41,156,1236,2018.0,192317.0,0.0,2.173252,0.861742,CHE,NCL,7371
2230146,43,156,1236,2018.0,102070.0,0.0,1.378018,0.513572,CHN,NCL,7371
2230147,61,156,1236,2018.0,72560.0,0.0,2.126861,-2.619524,DEU,NCL,7371
2230148,77,156,1236,2018.0,32109.0,0.0,1.3578540000000001,0.9033700000000001,FRA,NCL,7371
2230149,166,156,1236,2018.0,2823.0,0.0,0.113398,0.017740000000000002,NZL,NCL,7371
2230150,208,156,1236,2018.0,68303.0,0.0,1.7254209999999999,0.638757,SWE,NCL,7371
2230151,249,156,1236,2018.0,23250.0,0.0,2.0283580000000003,1.1648319999999999,TWN,NCL,7371
2230152,249,175,1236,2018.0,3865.0,0.0,2.0283580000000003,1.1648319999999999,TWN,PLW,7371
2230153,14,176,1236,2018.0,71903.0,0.0,-0.5578930000000001,-0.15666300000000002,AUS,PNG,7371
2230154,192,176,1236,2018.0,16399.0,0.0,1.870268,0.672214,SGP,PNG,7371
2230155,43,181,1236,2018.0,2055.0,0.0,1.378018,0.513572,CHN,PSE,7371
2230156,224,181,1236,2018.0,1172.0,0.0,0.5883510000000001,2.357541,TUR,PSE,7371
2230157,43,202,1236,2018.0,1637.0,0.0,1.378018,0.513572,CHN,SSD,7371
2230158,43,212,1236,2018.0,374522.0,0.0,1.378018,0.513572,CHN,SYR,7371
2230159,104,212,1236,2018.0,137944.0,0.0,0.536561,2.450287,IND,SYR,7371
2230160,111,212,1236,2018.0,224705.0,0.0,1.4594799999999999,0.05113,ITA,SYR,7371
2230161,124,212,1236,2018.0,21693.0,0.0,0.37832899999999997,1.077452,LBN,SYR,7371
2230162,224,212,1236,2018.0,7114.0,0.0,0.5883510000000001,2.357541,TUR,SYR,7371
2230163,43,195,1236,2018.0,1913.0,0.0,1.378018,0.513572,CHN,SLB,7371
2230164,97,195,1236,2018.0,2001.0,0.0,0.8625149999999999,1.21001,HKG,SLB,7371
2230165,111,242,1236,2018.0,19238.0,0.0,1.4594799999999999,0.05113,ITA,WSM,7371
2230166,7,1,1238,2018.0,54267.0,0.0,-0.020214,-0.570049,ARE,AFG,7373
2230167,43,1,1238,2018.0,94844.0,0.0,1.378018,0.513572,CHN,AFG,7373
2230168,61,1,1238,2018.0,5654.0,0.0,2.126861,-2.619524,DEU,AFG,7373
2230169,81,1,1238,2018.0,1349.0,0.0,1.481442,1.050259,GBR,AFG,7373
2230170,104,1,1238,2018.0,7446.0,0.0,0.536561,2.450287,IND,AFG,7373
2230171,107,1,1238,2018.0,12568.0,0.0,-0.290723,-0.430805,IRN,AFG,7373
2230172,111,1,1238,2018.0,13071.0,0.0,1.4594799999999999,0.05113,ITA,AFG,7373
2230173,114,1,1238,2018.0,0.0,2606.0,2.480327,-0.559793,JPN,AFG,7373
2230174,224,1,1238,2018.0,31935.0,0.0,0.5883510000000001,2.357541,TUR,AFG,7373
2230175,231,1,1238,2018.0,119602.0,0.0,1.5527739999999999,0.288577,USA,AFG,7373
2230176,0,7,1238,2018.0,6160.0,0.0,0.800212,0.174964,ABW,ARE,7373
2230177,1,7,1238,2018.0,0.0,54267.0,-1.098293,-0.812288,AFG,ARE,7373
2230178,2,7,1238,2018.0,0.0,223160.0,-1.6785400000000001,-1.2244030000000001,AGO,ARE,7373
2230179,9,7,1238,2018.0,0.0,15947.0,-0.42181499999999994,-0.663385,ARM,ARE,7373
2230180,14,7,1238,2018.0,114465.0,420359.0,-0.5578930000000001,-0.15666300000000002,AUS,ARE,7373
2230181,15,7,1238,2018.0,2714486.0,29085.0,1.798687,-0.557271,AUT,ARE,7373
2230182,16,7,1238,2018.0,0.0,34078.0,-1.47928,-1.313633,AZE,ARE,7373
2230183,18,7,1238,2018.0,113049.0,12595.0,1.244674,1.1368969999999998,BEL,ARE,7373
2230184,19,7,1238,2018.0,0.0,36611.0,-0.775822,-0.800248,BEN,ARE,7373
2230185,21,7,1238,2018.0,0.0,7230.0,-0.625138,-0.848562,BFA,ARE,7373
2230186,22,7,1238,2018.0,1162.0,78902.0,-0.9003549999999999,-1.1066610000000001,BGD,ARE,7373
2230187,23,7,1238,2018.0,3953.0,18446.0,0.516917,1.915288,BGR,ARE,7373
2230188,24,7,1238,2018.0,79855.0,1127760.0,0.335652,-0.646621,BHR,ARE,7373
2230189,26,7,1238,2018.0,4667.0,0.0,0.676528,0.8948299999999999,BIH,ARE,7373
2230190,31,7,1238,2018.0,0.0,16458.0,-1.069519,-0.942264,BOL,ARE,7373
2230191,32,7,1238,2018.0,20334.0,0.0,0.166542,0.718965,BRA,ARE,7373
2230192,39,7,1238,2018.0,480433.0,0.0,0.60854,1.475283,CAN,ARE,7373
2230193,41,7,1238,2018.0,3402098.0,75263.0,2.173252,0.861742,CHE,ARE,7373
2230194,43,7,1238,2018.0,16524067.0,0.0,1.378018,0.513572,CHN,ARE,7373
2230195,44,7,1238,2018.0,0.0,153142.0,-1.021384,-0.898676,CIV,ARE,7373
2230196,45,7,1238,2018.0,0.0,13106.0,-1.2144,-1.0318260000000001,CMR,ARE,7373
2230197,46,7,1238,2018.0,0.0,126926.0,-1.704339,-1.211619,COD,ARE,7373
2230198,47,7,1238,2018.0,5756.0,16162.0,-1.614157,-1.177288,COG,ARE,7373
2230199,49,7,1238,2018.0,16806.0,28636.0,0.144073,-0.10276199999999999,COL,ARE,7373
2230200,50,7,1238,2018.0,0.0,1549.0,-0.657909,-0.9868680000000001,COM,ARE,7373
2230201,58,7,1238,2018.0,0.0,15166.0,0.180009,-0.26353200000000004,CYP,ARE,7373
2230202,59,7,1238,2018.0,1157537.0,5140.0,1.8018669999999999,0.022382,CZE,ARE,7373
2230203,61,7,1238,2018.0,6484716.0,309770.0,2.126861,-2.619524,DEU,ARE,7373
2230204,62,7,1238,2018.0,0.0,91577.0,-0.266256,-0.608169,DJI,ARE,7373
2230205,64,7,1238,2018.0,42070.0,0.0,1.094761,1.337348,DNK,ARE,7373
2230206,66,7,1238,2018.0,0.0,53837.0,-1.121185,-1.196891,DZA,ARE,7373
2230207,67,7,1238,2018.0,0.0,1513.0,-0.9813709999999999,-1.073273,ECU,ARE,7373
2230208,68,7,1238,2018.0,2519.0,277761.0,-0.093935,1.6368610000000001,EGY,ARE,7373
2230209,69,7,1238,2018.0,0.0,71376.0,-1.782586,-1.131987,ERI,ARE,7373
2230210,71,7,1238,2018.0,182340.0,17952.0,0.851197,2.261012,ESP,ARE,7373
2230211,72,7,1238,2018.0,0.0,2432.0,0.957627,1.294173,EST,ARE,7373
2230212,73,7,1238,2018.0,2599.0,38575.0,-0.663343,-0.384372,ETH,ARE,7373
2230213,74,7,1238,2018.0,1163187.0,36032.0,1.561518,1.0198450000000001,FIN,ARE,7373
2230214,77,7,1238,2018.0,1486354.0,3680234.0,1.3578540000000001,0.9033700000000001,FRA,ARE,7373
2230215,80,7,1238,2018.0,0.0,37901.0,-1.4532129999999999,-1.155702,GAB,ARE,7373
2230216,81,7,1238,2018.0,893334.0,1059490.0,1.481442,1.050259,GBR,ARE,7373
2230217,82,7,1238,2018.0,0.0,158974.0,-0.059633000000000005,-0.073048,GEO,ARE,7373
2230218,83,7,1238,2018.0,0.0,463139.0,-0.769089,-0.8389200000000001,GHA,ARE,7373
2230219,85,7,1238,2018.0,0.0,32273.0,-1.3262909999999999,-1.237056,GIN,ARE,7373
2230220,90,7,1238,2018.0,21133.0,200294.0,0.069841,0.922895,GRC,ARE,7373
2230221,97,7,1238,2018.0,92007.0,43736.0,0.8625149999999999,1.21001,HKG,ARE,7373
2230222,100,7,1238,2018.0,61393.0,0.0,0.8873559999999999,1.480788,HRV,ARE,7373
2230223,102,7,1238,2018.0,50064.0,0.0,1.6983409999999999,0.693194,HUN,ARE,7373
2230224,103,7,1238,2018.0,6369.0,15713.0,-0.0009939999999999999,1.417371,IDN,ARE,7373
2230225,104,7,1238,2018.0,3092833.0,382669.0,0.536561,2.450287,IND,ARE,7373
2230226,106,7,1238,2018.0,1342.0,0.0,1.3647,0.094596,IRL,ARE,7373
2230227,107,7,1238,2018.0,75885.0,1794346.0,-0.290723,-0.430805,IRN,ARE,7373
2230228,108,7,1238,2018.0,0.0,1536733.0,-0.627753,-0.983086,IRQ,ARE,7373
2230229,111,7,1238,2018.0,5676615.0,30157.0,1.4594799999999999,0.05113,ITA,ARE,7373
2230230,113,7,1238,2018.0,6657.0,367759.0,0.125467,0.382625,JOR,ARE,7373
2230231,114,7,1238,2018.0,2195883.0,4848.0,2.480327,-0.559793,JPN,ARE,7373
2230232,115,7,1238,2018.0,2132.0,62654.0,-0.625674,-0.605028,KAZ,ARE,7373
2230233,116,7,1238,2018.0,0.0,320025.0,-0.381632,0.460819,KEN,ARE,7373
2230234,121,7,1238,2018.0,1452417.0,380400.0,2.139149,0.795045,KOR,ARE,7373
2230235,122,7,1238,2018.0,240623.0,3081772.0,-0.790523,-1.136525,KWT,ARE,7373
2230236,124,7,1238,2018.0,10228.0,105468.0,0.37832899999999997,1.077452,LBN,ARE,7373
2230237,125,7,1238,2018.0,0.0,24727.0,-1.081874,-1.105082,LBR,ARE,7373
2230238,126,7,1238,2018.0,0.0,27333.0,-1.454322,-1.169087,LBY,ARE,7373
2230239,128,7,1238,2018.0,0.0,120343.0,-0.364093,0.347953,LKA,ARE,7373
2230240,130,7,1238,2018.0,0.0,2518.0,0.839052,1.5688790000000001,LTU,ARE,7373
2230241,134,7,1238,2018.0,2162.0,1028.0,-0.57445,-0.14461400000000002,MAR,ARE,7373
2230242,136,7,1238,2018.0,0.0,7386.0,-1.056786,-0.9160709999999999,MDG,ARE,7373
2230243,137,7,1238,2018.0,0.0,36608.0,-1.128674,-1.053328,MDV,ARE,7373
2230244,138,7,1238,2018.0,956476.0,0.0,1.272851,0.646359,MEX,ARE,7373
2230245,141,7,1238,2018.0,0.0,11841.0,-0.805876,-0.907854,MLI,ARE,7373
2230246,142,7,1238,2018.0,0.0,4909.0,0.860195,0.281449,MLT,ARE,7373
2230247,143,7,1238,2018.0,41363.0,0.0,-0.9970469999999999,-0.28486,MMR,ARE,7373
2230248,147,7,1238,2018.0,0.0,14481.0,-1.253762,-1.0049,MOZ,ARE,7373
2230249,148,7,1238,2018.0,0.0,1279.0,-1.219419,-1.2586,MRT,ARE,7373
2230250,151,7,1238,2018.0,0.0,128835.0,-0.268625,0.104254,MUS,ARE,7373
2230251,152,7,1238,2018.0,0.0,19681.0,-0.717512,-0.8799450000000001,MWI,ARE,7373
2230252,153,7,1238,2018.0,661622.0,3547110.0,1.047185,0.732742,MYS,ARE,7373
2230253,157,7,1238,2018.0,0.0,15092.0,-0.432568,-0.841635,NER,ARE,7373
2230254,159,7,1238,2018.0,0.0,730084.0,-1.839074,-1.29837,NGA,ARE,7373
2230255,162,7,1238,2018.0,4760170.0,202686.0,1.060964,1.491808,NLD,ARE,7373
2230256,163,7,1238,2018.0,345704.0,0.0,0.359254,-0.059994000000000006,NOR,ARE,7373
2230257,164,7,1238,2018.0,0.0,7514.0,-0.15379500000000002,0.7814369999999999,NPL,ARE,7373
2230258,167,7,1238,2018.0,687056.0,7941884.0,-0.513727,-0.9944280000000001,OMN,ARE,7373
2230259,168,7,1238,2018.0,17434.0,486251.0,-0.737637,0.274296,PAK,ARE,7373
2230260,174,7,1238,2018.0,0.0,263680.0,0.7233649999999999,0.23715300000000003,PHL,ARE,7373
2230261,177,7,1238,2018.0,1669848.0,70456.0,1.1323860000000001,1.1465040000000002,POL,ARE,7373
2230262,179,7,1238,2018.0,217022.0,2541.0,0.787381,1.959475,PRT,ARE,7373
2230263,185,7,1238,2018.0,85767.0,0.0,1.1458030000000001,1.194413,ROU,ARE,7373
2230264,186,7,1238,2018.0,23418.0,11874.0,-0.079971,0.11098599999999999,RUS,ARE,7373
2230265,187,7,1238,2018.0,0.0,48476.0,-0.48781199999999997,-0.741734,RWA,ARE,7373
2230266,188,7,1238,2018.0,2034318.0,1560282.0,0.600485,-0.450466,SAU,ARE,7373
2230267,190,7,1238,2018.0,0.0,233917.0,-1.3426719999999999,-1.1851909999999999,SDN,ARE,7373
2230268,191,7,1238,2018.0,0.0,40742.0,-0.699313,-0.360203,SEN,ARE,7373
2230269,192,7,1238,2018.0,533947.0,6806.0,1.870268,0.672214,SGP,ARE,7373
2230270,196,7,1238,2018.0,0.0,9756.0,-0.17023,-0.25755700000000004,SLE,ARE,7373
2230271,198,7,1238,2018.0,57233.0,0.0,1.1010280000000001,0.679361,SMR,ARE,7373
2230272,199,7,1238,2018.0,0.0,25740.0,-1.210687,-1.0716700000000001,SOM,ARE,7373
2230273,201,7,1238,2018.0,44604.0,14833.0,0.665772,1.552409,SRB,ARE,7373
2230274,202,7,1238,2018.0,0.0,7926.0,-2.425557,-1.114587,SSD,ARE,7373
2230275,206,7,1238,2018.0,135435.0,0.0,1.445669,0.9135850000000001,SVK,ARE,7373
2230276,207,7,1238,2018.0,33312.0,8945.0,1.623183,0.7150850000000001,SVN,ARE,7373
2230277,208,7,1238,2018.0,550271.0,14222.0,1.7254209999999999,0.638757,SWE,ARE,7373
2230278,211,7,1238,2018.0,0.0,43145.0,-0.222908,-0.7792100000000001,SYC,ARE,7373
2230279,212,7,1238,2018.0,0.0,221740.0,-0.665828,-0.006848000000000001,SYR,ARE,7373
2230280,215,7,1238,2018.0,0.0,2922.0,-0.681426,-0.7010270000000001,TGO,ARE,7373
2230281,216,7,1238,2018.0,62214.0,1583.0,1.188923,1.264666,THA,ARE,7373
2230282,219,7,1238,2018.0,0.0,94813.0,-0.802551,-1.154068,TKM,ARE,7373
2230283,223,7,1238,2018.0,0.0,7145.0,0.39611799999999997,1.252702,TUN,ARE,7373
2230284,224,7,1238,2018.0,1417117.0,50814.0,0.5883510000000001,2.357541,TUR,ARE,7373
2230285,226,7,1238,2018.0,0.0,286311.0,-0.12971300000000002,1.379649,TZA,ARE,7373
2230286,227,7,1238,2018.0,0.0,100604.0,-0.569114,0.36182800000000004,UGA,ARE,7373
2230287,228,7,1238,2018.0,20522.0,0.0,0.3281,1.0037459999999998,UKR,ARE,7373
2230288,231,7,1238,2018.0,8591960.0,504110.0,1.5527739999999999,0.288577,USA,ARE,7373
2230289,232,7,1238,2018.0,0.0,280048.0,-0.485013,-0.390021,UZB,ARE,7373
2230290,239,7,1238,2018.0,6230.0,25568.0,0.111848,0.915842,VNM,ARE,7373
2230291,243,7,1238,2018.0,0.0,71217.0,-1.260844,-1.187614,YEM,ARE,7373
2230292,246,7,1238,2018.0,101612.0,17820.0,-0.053311000000000004,1.45561,ZAF,ARE,7373
2230293,247,7,1238,2018.0,0.0,32830.0,-0.8302510000000001,-0.932916,ZMB,ARE,7373
2230294,248,7,1238,2018.0,0.0,11162.0,-1.071621,-1.112033,ZWE,ARE,7373
2230295,249,7,1238,2018.0,623253.0,5111.0,2.0283580000000003,1.1648319999999999,TWN,ARE,7373
2230296,14,8,1238,2018.0,13438.0,0.0,-0.5578930000000001,-0.15666300000000002,AUS,ARG,7373
2230297,15,8,1238,2018.0,580374.0,0.0,1.798687,-0.557271,AUT,ARG,7373
2230298,18,8,1238,2018.0,147838.0,0.0,1.244674,1.1368969999999998,BEL,ARG,7373
2230299,23,8,1238,2018.0,71447.0,0.0,0.516917,1.915288,BGR,ARG,7373
2230300,31,8,1238,2018.0,13776.0,285141.0,-1.069519,-0.942264,BOL,ARG,7373
2230301,32,8,1238,2018.0,3536856.0,52619.0,0.166542,0.718965,BRA,ARG,7373
2230302,39,8,1238,2018.0,27673.0,0.0,0.60854,1.475283,CAN,ARG,7373
2230303,41,8,1238,2018.0,3274482.0,8712.0,2.173252,0.861742,CHE,ARG,7373
2230304,42,8,1238,2018.0,106464.0,58615.0,-0.24325300000000002,-0.350271,CHL,ARG,7373
2230305,43,8,1238,2018.0,32077372.0,0.0,1.378018,0.513572,CHN,ARG,7373
2230306,49,8,1238,2018.0,0.0,9026.0,0.144073,-0.10276199999999999,COL,ARG,7373
2230307,59,8,1238,2018.0,223191.0,0.0,1.8018669999999999,0.022382,CZE,ARG,7373
2230308,61,8,1238,2018.0,3267578.0,25898.0,2.126861,-2.619524,DEU,ARG,7373
2230309,64,8,1238,2018.0,3771.0,0.0,1.094761,1.337348,DNK,ARG,7373
2230310,67,8,1238,2018.0,0.0,13361.0,-0.9813709999999999,-1.073273,ECU,ARG,7373
2230311,71,8,1238,2018.0,2001543.0,0.0,0.851197,2.261012,ESP,ARG,7373
2230312,74,8,1238,2018.0,40394.0,0.0,1.561518,1.0198450000000001,FIN,ARG,7373
2230313,77,8,1238,2018.0,3425951.0,0.0,1.3578540000000001,0.9033700000000001,FRA,ARG,7373
2230314,81,8,1238,2018.0,67838.0,0.0,1.481442,1.050259,GBR,ARG,7373
2230315,97,8,1238,2018.0,109510.0,0.0,0.8625149999999999,1.21001,HKG,ARG,7373
2230316,100,8,1238,2018.0,1703.0,0.0,0.8873559999999999,1.480788,HRV,ARG,7373
2230317,104,8,1238,2018.0,69973.0,0.0,0.536561,2.450287,IND,ARG,7373
2230318,110,8,1238,2018.0,2803.0,0.0,1.205666,1.001693,ISR,ARG,7373
2230319,111,8,1238,2018.0,4250270.0,7439.0,1.4594799999999999,0.05113,ITA,ARG,7373
2230320,114,8,1238,2018.0,2578317.0,13770.0,2.480327,-0.559793,JPN,ARG,7373
2230321,121,8,1238,2018.0,354047.0,0.0,2.139149,0.795045,KOR,ARG,7373
2230322,138,8,1238,2018.0,176424.0,0.0,1.272851,0.646359,MEX,ARG,7373
2230323,142,8,1238,2018.0,0.0,5061.0,0.860195,0.281449,MLT,ARG,7373
2230324,153,8,1238,2018.0,10580.0,0.0,1.047185,0.732742,MYS,ARG,7373
2230325,160,8,1238,2018.0,0.0,1613.0,-0.8788790000000001,-0.747015,NIC,ARG,7373
2230326,162,8,1238,2018.0,89582.0,3150.0,1.060964,1.491808,NLD,ARG,7373
2230327,168,8,1238,2018.0,2167.0,0.0,-0.737637,0.274296,PAK,ARG,7373
2230328,173,8,1238,2018.0,0.0,6138.0,-0.842934,-0.302396,PER,ARG,7373
2230329,177,8,1238,2018.0,673564.0,0.0,1.1323860000000001,1.1465040000000002,POL,ARG,7373
2230330,179,8,1238,2018.0,579793.0,0.0,0.787381,1.959475,PRT,ARG,7373
2230331,180,8,1238,2018.0,0.0,35312.0,-0.504343,-0.8482040000000001,PRY,ARG,7373
2230332,185,8,1238,2018.0,18049.0,0.0,1.1458030000000001,1.194413,ROU,ARG,7373
2230333,201,8,1238,2018.0,6059.0,0.0,0.665772,1.552409,SRB,ARG,7373
2230334,206,8,1238,2018.0,2215.0,0.0,1.445669,0.9135850000000001,SVK,ARG,7373
2230335,207,8,1238,2018.0,4050.0,0.0,1.623183,0.7150850000000001,SVN,ARG,7373
2230336,208,8,1238,2018.0,262795.0,0.0,1.7254209999999999,0.638757,SWE,ARG,7373
2230337,224,8,1238,2018.0,403886.0,0.0,0.5883510000000001,2.357541,TUR,ARG,7373
2230338,230,8,1238,2018.0,5781.0,124299.0,0.016527,-0.250715,URY,ARG,7373
2230339,231,8,1238,2018.0,6197644.0,0.0,1.5527739999999999,0.288577,USA,ARG,7373
2230340,246,8,1238,2018.0,5915.0,0.0,-0.053311000000000004,1.45561,ZAF,ARG,7373
2230341,249,8,1238,2018.0,297365.0,0.0,2.0283580000000003,1.1648319999999999,TWN,ARG,7373
2230342,2,15,1238,2018.0,82504.0,4756.0,-1.6785400000000001,-1.2244030000000001,AGO,AUT,7373
2230343,4,15,1238,2018.0,9349.0,3077.0,-0.403248,-0.180523,ALB,AUT,7373
2230344,7,15,1238,2018.0,29085.0,2714486.0,-0.020214,-0.570049,ARE,AUT,7373
2230345,8,15,1238,2018.0,0.0,580374.0,-0.239502,0.297865,ARG,AUT,7373
2230346,14,15,1238,2018.0,13317.0,8067625.0,-0.5578930000000001,-0.15666300000000002,AUS,AUT,7373
2230347,16,15,1238,2018.0,0.0,71992.0,-1.47928,-1.313633,AZE,AUT,7373
2230348,18,15,1238,2018.0,127783.0,1761802.0,1.244674,1.1368969999999998,BEL,AUT,7373
2230349,22,15,1238,2018.0,5892.0,5769.0,-0.9003549999999999,-1.1066610000000001,BGD,AUT,7373
2230350,23,15,1238,2018.0,132317.0,1491362.0,0.516917,1.915288,BGR,AUT,7373
2230351,24,15,1238,2018.0,0.0,29205.0,0.335652,-0.646621,BHR,AUT,7373
2230352,25,15,1238,2018.0,0.0,1577.0,0.359908,-0.445567,BHS,AUT,7373
2230353,26,15,1238,2018.0,221649.0,941670.0,0.676528,0.8948299999999999,BIH,AUT,7373
2230354,28,15,1238,2018.0,0.0,285063.0,0.86016,1.034144,BLR,AUT,7373
2230355,31,15,1238,2018.0,0.0,17761.0,-1.069519,-0.942264,BOL,AUT,7373
2230356,32,15,1238,2018.0,117560.0,4063876.0,0.166542,0.718965,BRA,AUT,7373
2230357,39,15,1238,2018.0,102179.0,5972881.0,0.60854,1.475283,CAN,AUT,7373
2230358,41,15,1238,2018.0,19506012.0,11386920.0,2.173252,0.861742,CHE,AUT,7373
2230359,42,15,1238,2018.0,2377.0,350840.0,-0.24325300000000002,-0.350271,CHL,AUT,7373
2230360,43,15,1238,2018.0,5057488.0,25309616.0,1.378018,0.513572,CHN,AUT,7373
2230361,44,15,1238,2018.0,0.0,52651.0,-1.021384,-0.898676,CIV,AUT,7373
2230362,46,15,1238,2018.0,8925.0,0.0,-1.704339,-1.211619,COD,AUT,7373
2230363,49,15,1238,2018.0,0.0,177635.0,0.144073,-0.10276199999999999,COL,AUT,7373
2230364,52,15,1238,2018.0,9824.0,88032.0,0.27715,0.33261999999999997,CRI,AUT,7373
2230365,54,15,1238,2018.0,0.0,834130.0,-1.077539,-1.241754,CUB,AUT,7373
2230366,58,15,1238,2018.0,0.0,32524.0,0.180009,-0.26353200000000004,CYP,AUT,7373
2230367,59,15,1238,2018.0,5134154.0,10766581.0,1.8018669999999999,0.022382,CZE,AUT,7373
2230368,61,15,1238,2018.0,100550720.0,51078632.0,2.126861,-2.619524,DEU,AUT,7373
2230369,64,15,1238,2018.0,832660.0,770678.0,1.094761,1.337348,DNK,AUT,7373
2230370,65,15,1238,2018.0,7816.0,14898.0,-0.205988,0.291906,DOM,AUT,7373
2230371,66,15,1238,2018.0,0.0,43916.0,-1.121185,-1.196891,DZA,AUT,7373
2230372,67,15,1238,2018.0,0.0,817355.0,-0.9813709999999999,-1.073273,ECU,AUT,7373
2230373,68,15,1238,2018.0,24274.0,220505.0,-0.093935,1.6368610000000001,EGY,AUT,7373
2230374,71,15,1238,2018.0,678465.0,13430192.0,0.851197,2.261012,ESP,AUT,7373
2230375,72,15,1238,2018.0,37031.0,5942958.0,0.957627,1.294173,EST,AUT,7373
2230376,73,15,1238,2018.0,0.0,4681.0,-0.663343,-0.384372,ETH,AUT,7373
2230377,74,15,1238,2018.0,993688.0,3214243.0,1.561518,1.0198450000000001,FIN,AUT,7373
2230378,77,15,1238,2018.0,1805292.0,15797810.0,1.3578540000000001,0.9033700000000001,FRA,AUT,7373
2230379,81,15,1238,2018.0,607017.0,4437424.0,1.481442,1.050259,GBR,AUT,7373
2230380,82,15,1238,2018.0,6463.0,9165.0,-0.059633000000000005,-0.073048,GEO,AUT,7373
2230381,83,15,1238,2018.0,0.0,19052.0,-0.769089,-0.8389200000000001,GHA,AUT,7373
2230382,90,15,1238,2018.0,147028.0,176996.0,0.069841,0.922895,GRC,AUT,7373
2230383,97,15,1238,2018.0,34460.0,11478966.0,0.8625149999999999,1.21001,HKG,AUT,7373
2230384,100,15,1238,2018.0,61568.0,3173014.0,0.8873559999999999,1.480788,HRV,AUT,7373
2230385,102,15,1238,2018.0,31650758.0,10905987.0,1.6983409999999999,0.693194,HUN,AUT,7373
2230386,103,15,1238,2018.0,0.0,2344838.0,-0.0009939999999999999,1.417371,IDN,AUT,7373
2230387,104,15,1238,2018.0,756349.0,9605566.0,0.536561,2.450287,IND,AUT,7373
2230388,106,15,1238,2018.0,27847.0,627143.0,1.3647,0.094596,IRL,AUT,7373
2230389,107,15,1238,2018.0,35868.0,108024.0,-0.290723,-0.430805,IRN,AUT,7373
2230390,109,15,1238,2018.0,135351.0,357698.0,0.161776,-0.293048,ISL,AUT,7373
2230391,110,15,1238,2018.0,18330.0,598023.0,1.205666,1.001693,ISR,AUT,7373
2230392,111,15,1238,2018.0,4988258.0,21370834.0,1.4594799999999999,0.05113,ITA,AUT,7373
2230393,113,15,1238,2018.0,0.0,51539.0,0.125467,0.382625,JOR,AUT,7373
2230394,114,15,1238,2018.0,177125.0,5217670.0,2.480327,-0.559793,JPN,AUT,7373
2230395,115,15,1238,2018.0,0.0,128608.0,-0.625674,-0.605028,KAZ,AUT,7373
2230396,116,15,1238,2018.0,0.0,4888.0,-0.381632,0.460819,KEN,AUT,7373
2230397,117,15,1238,2018.0,0.0,2217.0,0.000495,0.601278,KGZ,AUT,7373
2230398,121,15,1238,2018.0,1096900.0,6765725.0,2.139149,0.795045,KOR,AUT,7373
2230399,122,15,1238,2018.0,0.0,1436144.0,-0.790523,-1.136525,KWT,AUT,7373
2230400,123,15,1238,2018.0,7619.0,3282.0,-0.60597,-0.479868,LAO,AUT,7373
2230401,124,15,1238,2018.0,0.0,49183.0,0.37832899999999997,1.077452,LBN,AUT,7373
2230402,128,15,1238,2018.0,14676.0,90587.0,-0.364093,0.347953,LKA,AUT,7373
2230403,130,15,1238,2018.0,416693.0,436778.0,0.839052,1.5688790000000001,LTU,AUT,7373
2230404,131,15,1238,2018.0,415501.0,113781.0,1.098797,1.390282,LUX,AUT,7373
2230405,132,15,1238,2018.0,0.0,192889.0,0.6984560000000001,1.29918,LVA,AUT,7373
2230406,133,15,1238,2018.0,0.0,9353.0,0.358075,0.081041,MAC,AUT,7373
2230407,134,15,1238,2018.0,14950.0,2039956.0,-0.57445,-0.14461400000000002,MAR,AUT,7373
2230408,135,15,1238,2018.0,0.0,18768.0,-0.222348,-0.091067,MDA,AUT,7373
2230409,136,15,1238,2018.0,0.0,10436.0,-1.056786,-0.9160709999999999,MDG,AUT,7373
2230410,138,15,1238,2018.0,841615.0,4679448.0,1.272851,0.646359,MEX,AUT,7373
2230411,140,15,1238,2018.0,29463.0,44369.0,0.056548,-0.273964,MKD,AUT,7373
2230412,142,15,1238,2018.0,9005.0,25656.0,0.860195,0.281449,MLT,AUT,7373
2230413,143,15,1238,2018.0,1798.0,2478.0,-0.9970469999999999,-0.28486,MMR,AUT,7373
2230414,144,15,1238,2018.0,1031.0,22342.0,0.166157,0.132633,MNE,AUT,7373
2230415,145,15,1238,2018.0,0.0,13263.0,-0.892013,-1.115228,MNG,AUT,7373
2230416,151,15,1238,2018.0,0.0,10282.0,-0.268625,0.104254,MUS,AUT,7373
2230417,152,15,1238,2018.0,0.0,43163.0,-0.717512,-0.8799450000000001,MWI,AUT,7373
2230418,153,15,1238,2018.0,50300.0,3021940.0,1.047185,0.732742,MYS,AUT,7373
2230419,159,15,1238,2018.0,0.0,977062.0,-1.839074,-1.29837,NGA,AUT,7373
2230420,162,15,1238,2018.0,2255694.0,7639738.0,1.060964,1.491808,NLD,AUT,7373
2230421,163,15,1238,2018.0,246307.0,4391970.0,0.359254,-0.059994000000000006,NOR,AUT,7373
2230422,166,15,1238,2018.0,9087.0,488732.0,0.113398,0.017740000000000002,NZL,AUT,7373
2230423,167,15,1238,2018.0,1101.0,271469.0,-0.513727,-0.9944280000000001,OMN,AUT,7373
2230424,168,15,1238,2018.0,0.0,7660.0,-0.737637,0.274296,PAK,AUT,7373
2230425,169,15,1238,2018.0,0.0,22712.0,0.007061,-0.13867100000000002,PAN,AUT,7373
2230426,173,15,1238,2018.0,0.0,49848.0,-0.842934,-0.302396,PER,AUT,7373
2230427,174,15,1238,2018.0,73980.0,18769.0,0.7233649999999999,0.23715300000000003,PHL,AUT,7373
2230428,177,15,1238,2018.0,803419.0,15926723.0,1.1323860000000001,1.1465040000000002,POL,AUT,7373
2230429,179,15,1238,2018.0,91997.0,4015006.0,0.787381,1.959475,PRT,AUT,7373
2230430,183,15,1238,2018.0,0.0,140420.0,-0.291537,-1.022145,QAT,AUT,7373
2230431,185,15,1238,2018.0,2891088.0,2925661.0,1.1458030000000001,1.194413,ROU,AUT,7373
2230432,186,15,1238,2018.0,21548.0,6786270.0,-0.079971,0.11098599999999999,RUS,AUT,7373
2230433,188,15,1238,2018.0,4002.0,5936736.0,0.600485,-0.450466,SAU,AUT,7373
2230434,191,15,1238,2018.0,0.0,23193.0,-0.699313,-0.360203,SEN,AUT,7373
2230435,192,15,1238,2018.0,148272.0,5705936.0,1.870268,0.672214,SGP,AUT,7373
2230436,197,15,1238,2018.0,0.0,1648.0,0.07891799999999999,0.219075,SLV,AUT,7373
2230437,198,15,1238,2018.0,2899.0,26095.0,1.1010280000000001,0.679361,SMR,AUT,7373
2230438,201,15,1238,2018.0,38907.0,1354797.0,0.665772,1.552409,SRB,AUT,7373
2230439,206,15,1238,2018.0,1372129.0,4487890.0,1.445669,0.9135850000000001,SVK,AUT,7373
2230440,207,15,1238,2018.0,2209330.0,4177399.0,1.623183,0.7150850000000001,SVN,AUT,7373
2230441,208,15,1238,2018.0,11593390.0,5496438.0,1.7254209999999999,0.638757,SWE,AUT,7373
2230442,210,15,1238,2018.0,0.0,7787.0,1.1925059999999998,-0.707432,SXM,AUT,7373
2230443,214,15,1238,2018.0,5075.0,0.0,-1.587501,-1.047253,TCD,AUT,7373
2230444,216,15,1238,2018.0,181466.0,1258753.0,1.188923,1.264666,THA,AUT,7373
2230445,219,15,1238,2018.0,343887.0,0.0,-0.802551,-1.154068,TKM,AUT,7373
2230446,222,15,1238,2018.0,0.0,70609.0,-0.32209299999999996,-1.0651540000000002,TTO,AUT,7373
2230447,223,15,1238,2018.0,20139.0,124105.0,0.39611799999999997,1.252702,TUN,AUT,7373
2230448,224,15,1238,2018.0,57662.0,4383970.0,0.5883510000000001,2.357541,TUR,AUT,7373
2230449,226,15,1238,2018.0,0.0,5737.0,-0.12971300000000002,1.379649,TZA,AUT,7373
2230450,227,15,1238,2018.0,0.0,47786.0,-0.569114,0.36182800000000004,UGA,AUT,7373
2230451,228,15,1238,2018.0,33254.0,1640681.0,0.3281,1.0037459999999998,UKR,AUT,7373
2230452,230,15,1238,2018.0,0.0,247155.0,0.016527,-0.250715,URY,AUT,7373
2230453,231,15,1238,2018.0,521822.0,30865688.0,1.5527739999999999,0.288577,USA,AUT,7373
2230454,232,15,1238,2018.0,0.0,70107.0,-0.485013,-0.390021,UZB,AUT,7373
2230455,236,15,1238,2018.0,0.0,1746.0,-1.180083,-1.23326,VEN,AUT,7373
2230456,239,15,1238,2018.0,123890.0,983773.0,0.111848,0.915842,VNM,AUT,7373
2230457,246,15,1238,2018.0,4186.0,462277.0,-0.053311000000000004,1.45561,ZAF,AUT,7373
2230458,249,15,1238,2018.0,166933.0,1577349.0,2.0283580000000003,1.1648319999999999,TWN,AUT,7373
2230459,2,18,1238,2018.0,0.0,23100.0,-1.6785400000000001,-1.2244030000000001,AGO,BEL,7373
2230460,4,18,1238,2018.0,3931.0,0.0,-0.403248,-0.180523,ALB,BEL,7373
2230461,7,18,1238,2018.0,12595.0,113049.0,-0.020214,-0.570049,ARE,BEL,7373
2230462,8,18,1238,2018.0,0.0,147838.0,-0.239502,0.297865,ARG,BEL,7373
2230463,14,18,1238,2018.0,7242.0,995738.0,-0.5578930000000001,-0.15666300000000002,AUS,BEL,7373
2230464,15,18,1238,2018.0,1761802.0,127783.0,1.798687,-0.557271,AUT,BEL,7373
2230465,16,18,1238,2018.0,0.0,10988.0,-1.47928,-1.313633,AZE,BEL,7373
2230466,17,18,1238,2018.0,0.0,9160.0,-0.542607,-1.0593540000000001,BDI,BEL,7373
2230467,19,18,1238,2018.0,0.0,2512.0,-0.775822,-0.800248,BEN,BEL,7373
2230468,21,18,1238,2018.0,0.0,17171.0,-0.625138,-0.848562,BFA,BEL,7373
2230469,23,18,1238,2018.0,39578.0,67183.0,0.516917,1.915288,BGR,BEL,7373
2230470,24,18,1238,2018.0,0.0,7918.0,0.335652,-0.646621,BHR,BEL,7373
2230471,26,18,1238,2018.0,0.0,33749.0,0.676528,0.8948299999999999,BIH,BEL,7373
2230472,28,18,1238,2018.0,0.0,27509.0,0.86016,1.034144,BLR,BEL,7373
2230473,32,18,1238,2018.0,20865.0,322318.0,0.166542,0.718965,BRA,BEL,7373
2230474,39,18,1238,2018.0,163400.0,36243.0,0.60854,1.475283,CAN,BEL,7373
2230475,41,18,1238,2018.0,2861888.0,930422.0,2.173252,0.861742,CHE,BEL,7373
2230476,42,18,1238,2018.0,0.0,82278.0,-0.24325300000000002,-0.350271,CHL,BEL,7373
2230477,43,18,1238,2018.0,8373352.0,1429575.0,1.378018,0.513572,CHN,BEL,7373
2230478,44,18,1238,2018.0,0.0,19755.0,-1.021384,-0.898676,CIV,BEL,7373
2230479,45,18,1238,2018.0,0.0,37463.0,-1.2144,-1.0318260000000001,CMR,BEL,7373
2230480,46,18,1238,2018.0,0.0,99232.0,-1.704339,-1.211619,COD,BEL,7373
2230481,47,18,1238,2018.0,0.0,10768.0,-1.614157,-1.177288,COG,BEL,7373
2230482,49,18,1238,2018.0,0.0,5851.0,0.144073,-0.10276199999999999,COL,BEL,7373
2230483,58,18,1238,2018.0,0.0,67385.0,0.180009,-0.26353200000000004,CYP,BEL,7373
2230484,59,18,1238,2018.0,641292.0,2817558.0,1.8018669999999999,0.022382,CZE,BEL,7373
2230485,61,18,1238,2018.0,33683376.0,4114796.0,2.126861,-2.619524,DEU,BEL,7373
2230486,64,18,1238,2018.0,235165.0,124115.0,1.094761,1.337348,DNK,BEL,7373
2230487,65,18,1238,2018.0,0.0,6559.0,-0.205988,0.291906,DOM,BEL,7373
2230488,66,18,1238,2018.0,0.0,85110.0,-1.121185,-1.196891,DZA,BEL,7373
2230489,68,18,1238,2018.0,0.0,201195.0,-0.093935,1.6368610000000001,EGY,BEL,7373
2230490,71,18,1238,2018.0,753631.0,603688.0,0.851197,2.261012,ESP,BEL,7373
2230491,72,18,1238,2018.0,0.0,32786.0,0.957627,1.294173,EST,BEL,7373
2230492,73,18,1238,2018.0,0.0,16639.0,-0.663343,-0.384372,ETH,BEL,7373
2230493,74,18,1238,2018.0,977063.0,212662.0,1.561518,1.0198450000000001,FIN,BEL,7373
2230494,75,18,1238,2018.0,0.0,23013.0,-0.31149299999999996,0.198303,FJI,BEL,7373
2230495,77,18,1238,2018.0,8140364.0,2474630.0,1.3578540000000001,0.9033700000000001,FRA,BEL,7373
2230496,80,18,1238,2018.0,0.0,2991.0,-1.4532129999999999,-1.155702,GAB,BEL,7373
2230497,81,18,1238,2018.0,3116050.0,1615772.0,1.481442,1.050259,GBR,BEL,7373
2230498,82,18,1238,2018.0,0.0,14986.0,-0.059633000000000005,-0.073048,GEO,BEL,7373
2230499,83,18,1238,2018.0,0.0,22348.0,-0.769089,-0.8389200000000001,GHA,BEL,7373
2230500,85,18,1238,2018.0,0.0,14770.0,-1.3262909999999999,-1.237056,GIN,BEL,7373
2230501,87,18,1238,2018.0,0.0,28782.0,-1.001758,-0.771311,GMB,BEL,7373
2230502,90,18,1238,2018.0,20619.0,70714.0,0.069841,0.922895,GRC,BEL,7373
2230503,97,18,1238,2018.0,127106.0,257153.0,0.8625149999999999,1.21001,HKG,BEL,7373
2230504,100,18,1238,2018.0,22442.0,20831.0,0.8873559999999999,1.480788,HRV,BEL,7373
2230505,101,18,1238,2018.0,0.0,2805.0,-0.95605,-0.9751629999999999,HTI,BEL,7373
2230506,102,18,1238,2018.0,182452.0,435743.0,1.6983409999999999,0.693194,HUN,BEL,7373
2230507,103,18,1238,2018.0,0.0,225826.0,-0.0009939999999999999,1.417371,IDN,BEL,7373
2230508,104,18,1238,2018.0,99230.0,2249260.0,0.536561,2.450287,IND,BEL,7373
2230509,106,18,1238,2018.0,50054.0,178933.0,1.3647,0.094596,IRL,BEL,7373
2230510,109,18,1238,2018.0,6130.0,74823.0,0.161776,-0.293048,ISL,BEL,7373
2230511,110,18,1238,2018.0,30325.0,45423.0,1.205666,1.001693,ISR,BEL,7373
2230512,111,18,1238,2018.0,6038051.0,2468450.0,1.4594799999999999,0.05113,ITA,BEL,7373
2230513,113,18,1238,2018.0,13423.0,7536.0,0.125467,0.382625,JOR,BEL,7373
2230514,114,18,1238,2018.0,38035800.0,9325.0,2.480327,-0.559793,JPN,BEL,7373
2230515,115,18,1238,2018.0,0.0,38634.0,-0.625674,-0.605028,KAZ,BEL,7373
2230516,116,18,1238,2018.0,0.0,4463.0,-0.381632,0.460819,KEN,BEL,7373
2230517,117,18,1238,2018.0,0.0,5191.0,0.000495,0.601278,KGZ,BEL,7373
2230518,121,18,1238,2018.0,65854.0,34386.0,2.139149,0.795045,KOR,BEL,7373
2230519,122,18,1238,2018.0,0.0,90249.0,-0.790523,-1.136525,KWT,BEL,7373
2230520,124,18,1238,2018.0,0.0,33730.0,0.37832899999999997,1.077452,LBN,BEL,7373
2230521,125,18,1238,2018.0,0.0,6797.0,-1.081874,-1.105082,LBR,BEL,7373
2230522,126,18,1238,2018.0,0.0,100585.0,-1.454322,-1.169087,LBY,BEL,7373
2230523,130,18,1238,2018.0,25824.0,170953.0,0.839052,1.5688790000000001,LTU,BEL,7373
2230524,131,18,1238,2018.0,420567.0,340079.0,1.098797,1.390282,LUX,BEL,7373
2230525,132,18,1238,2018.0,0.0,47641.0,0.6984560000000001,1.29918,LVA,BEL,7373
2230526,134,18,1238,2018.0,7914.0,264930.0,-0.57445,-0.14461400000000002,MAR,BEL,7373
2230527,135,18,1238,2018.0,1520.0,35690.0,-0.222348,-0.091067,MDA,BEL,7373
2230528,137,18,1238,2018.0,0.0,21551.0,-1.128674,-1.053328,MDV,BEL,7373
2230529,138,18,1238,2018.0,14806.0,629122.0,1.272851,0.646359,MEX,BEL,7373
2230530,140,18,1238,2018.0,3657.0,25606.0,0.056548,-0.273964,MKD,BEL,7373
2230531,141,18,1238,2018.0,0.0,28020.0,-0.805876,-0.907854,MLI,BEL,7373
2230532,147,18,1238,2018.0,0.0,6584.0,-1.253762,-1.0049,MOZ,BEL,7373
2230533,148,18,1238,2018.0,0.0,173690.0,-1.219419,-1.2586,MRT,BEL,7373
2230534,151,18,1238,2018.0,0.0,6729.0,-0.268625,0.104254,MUS,BEL,7373
2230535,152,18,1238,2018.0,0.0,2429.0,-0.717512,-0.8799450000000001,MWI,BEL,7373
2230536,153,18,1238,2018.0,30975.0,125953.0,1.047185,0.732742,MYS,BEL,7373
2230537,157,18,1238,2018.0,0.0,5455.0,-0.432568,-0.841635,NER,BEL,7373
2230538,159,18,1238,2018.0,0.0,67409.0,-1.839074,-1.29837,NGA,BEL,7373
2230539,162,18,1238,2018.0,29263214.0,7668168.0,1.060964,1.491808,NLD,BEL,7373
2230540,163,18,1238,2018.0,563793.0,69755.0,0.359254,-0.059994000000000006,NOR,BEL,7373
2230541,166,18,1238,2018.0,0.0,24637.0,0.113398,0.017740000000000002,NZL,BEL,7373
2230542,168,18,1238,2018.0,0.0,9995.0,-0.737637,0.274296,PAK,BEL,7373
2230543,169,18,1238,2018.0,0.0,1192.0,0.007061,-0.13867100000000002,PAN,BEL,7373
2230544,174,18,1238,2018.0,0.0,312214.0,0.7233649999999999,0.23715300000000003,PHL,BEL,7373
2230545,177,18,1238,2018.0,3016924.0,1381046.0,1.1323860000000001,1.1465040000000002,POL,BEL,7373
2230546,179,18,1238,2018.0,456234.0,192844.0,0.787381,1.959475,PRT,BEL,7373
2230547,181,18,1238,2018.0,0.0,1195.0,0.260898,0.79366,PSE,BEL,7373
2230548,182,18,1238,2018.0,0.0,1784.0,-0.167505,-0.7041350000000001,PYF,BEL,7373
2230549,183,18,1238,2018.0,0.0,47561.0,-0.291537,-1.022145,QAT,BEL,7373
2230550,185,18,1238,2018.0,1025572.0,1995388.0,1.1458030000000001,1.194413,ROU,BEL,7373
2230551,186,18,1238,2018.0,142598.0,425535.0,-0.079971,0.11098599999999999,RUS,BEL,7373
2230552,187,18,1238,2018.0,0.0,13635.0,-0.48781199999999997,-0.741734,RWA,BEL,7373
2230553,188,18,1238,2018.0,90026.0,147756.0,0.600485,-0.450466,SAU,BEL,7373
2230554,191,18,1238,2018.0,0.0,11358.0,-0.699313,-0.360203,SEN,BEL,7373
2230555,192,18,1238,2018.0,5821.0,23725.0,1.870268,0.672214,SGP,BEL,7373
2230556,196,18,1238,2018.0,0.0,9723.0,-0.17023,-0.25755700000000004,SLE,BEL,7373
2230557,197,18,1238,2018.0,0.0,4016.0,0.07891799999999999,0.219075,SLV,BEL,7373
2230558,201,18,1238,2018.0,24238.0,307945.0,0.665772,1.552409,SRB,BEL,7373
2230559,206,18,1238,2018.0,1171509.0,741712.0,1.445669,0.9135850000000001,SVK,BEL,7373
2230560,207,18,1238,2018.0,58130.0,2376684.0,1.623183,0.7150850000000001,SVN,BEL,7373
2230561,208,18,1238,2018.0,8310134.0,1635102.0,1.7254209999999999,0.638757,SWE,BEL,7373
2230562,211,18,1238,2018.0,0.0,1947.0,-0.222908,-0.7792100000000001,SYC,BEL,7373
2230563,215,18,1238,2018.0,0.0,70318.0,-0.681426,-0.7010270000000001,TGO,BEL,7373
2230564,216,18,1238,2018.0,1721.0,32779.0,1.188923,1.264666,THA,BEL,7373
2230565,219,18,1238,2018.0,0.0,4140.0,-0.802551,-1.154068,TKM,BEL,7373
2230566,223,18,1238,2018.0,0.0,25117.0,0.39611799999999997,1.252702,TUN,BEL,7373
2230567,224,18,1238,2018.0,48178.0,2096705.0,0.5883510000000001,2.357541,TUR,BEL,7373
2230568,226,18,1238,2018.0,0.0,1049.0,-0.12971300000000002,1.379649,TZA,BEL,7373
2230569,227,18,1238,2018.0,0.0,2653.0,-0.569114,0.36182800000000004,UGA,BEL,7373
2230570,228,18,1238,2018.0,0.0,3158.0,0.3281,1.0037459999999998,UKR,BEL,7373
2230571,230,18,1238,2018.0,0.0,1296.0,0.016527,-0.250715,URY,BEL,7373
2230572,231,18,1238,2018.0,5897148.0,2399084.0,1.5527739999999999,0.288577,USA,BEL,7373
2230573,239,18,1238,2018.0,0.0,542941.0,0.111848,0.915842,VNM,BEL,7373
2230574,246,18,1238,2018.0,25872.0,1148805.0,-0.053311000000000004,1.45561,ZAF,BEL,7373
2230575,247,18,1238,2018.0,0.0,2088.0,-0.8302510000000001,-0.932916,ZMB,BEL,7373
2230576,249,18,1238,2018.0,347626.0,0.0,2.0283580000000003,1.1648319999999999,TWN,BEL,7373
2230577,250,18,1238,2018.0,0.0,48787.0,0.760441,-0.310861,ANS,BEL,7373
2230578,7,23,1238,2018.0,18446.0,3953.0,-0.020214,-0.570049,ARE,BGR,7373
2230579,8,23,1238,2018.0,0.0,71447.0,-0.239502,0.297865,ARG,BGR,7373
2230580,9,23,1238,2018.0,0.0,1109.0,-0.42181499999999994,-0.663385,ARM,BGR,7373
2230581,14,23,1238,2018.0,1273.0,0.0,-0.5578930000000001,-0.15666300000000002,AUS,BGR,7373
2230582,15,23,1238,2018.0,1491362.0,132317.0,1.798687,-0.557271,AUT,BGR,7373
2230583,18,23,1238,2018.0,67183.0,39578.0,1.244674,1.1368969999999998,BEL,BGR,7373
2230584,26,23,1238,2018.0,0.0,39576.0,0.676528,0.8948299999999999,BIH,BGR,7373
2230585,32,23,1238,2018.0,0.0,6752.0,0.166542,0.718965,BRA,BGR,7373
2230586,39,23,1238,2018.0,0.0,227692.0,0.60854,1.475283,CAN,BGR,7373
2230587,41,23,1238,2018.0,2514432.0,96196.0,2.173252,0.861742,CHE,BGR,7373
2230588,43,23,1238,2018.0,3040636.0,887090.0,1.378018,0.513572,CHN,BGR,7373
2230589,59,23,1238,2018.0,617572.0,43615.0,1.8018669999999999,0.022382,CZE,BGR,7373
2230590,61,23,1238,2018.0,11245037.0,274948.0,2.126861,-2.619524,DEU,BGR,7373
2230591,64,23,1238,2018.0,12691.0,2283.0,1.094761,1.337348,DNK,BGR,7373
2230592,66,23,1238,2018.0,0.0,211329.0,-1.121185,-1.196891,DZA,BGR,7373
2230593,71,23,1238,2018.0,123852.0,11184.0,0.851197,2.261012,ESP,BGR,7373
2230594,72,23,1238,2018.0,6974.0,0.0,0.957627,1.294173,EST,BGR,7373
2230595,74,23,1238,2018.0,1077694.0,15820.0,1.561518,1.0198450000000001,FIN,BGR,7373
2230596,77,23,1238,2018.0,615022.0,6967.0,1.3578540000000001,0.9033700000000001,FRA,BGR,7373
2230597,81,23,1238,2018.0,541100.0,59683.0,1.481442,1.050259,GBR,BGR,7373
2230598,82,23,1238,2018.0,0.0,58184.0,-0.059633000000000005,-0.073048,GEO,BGR,7373
2230599,90,23,1238,2018.0,642024.0,332269.0,0.069841,0.922895,GRC,BGR,7373
2230600,97,23,1238,2018.0,72243.0,0.0,0.8625149999999999,1.21001,HKG,BGR,7373
2230601,100,23,1238,2018.0,13618.0,21207.0,0.8873559999999999,1.480788,HRV,BGR,7373
2230602,102,23,1238,2018.0,141233.0,0.0,1.6983409999999999,0.693194,HUN,BGR,7373
2230603,103,23,1238,2018.0,0.0,3539.0,-0.0009939999999999999,1.417371,IDN,BGR,7373
2230604,104,23,1238,2018.0,19806.0,2448.0,0.536561,2.450287,IND,BGR,7373
2230605,110,23,1238,2018.0,0.0,3822.0,1.205666,1.001693,ISR,BGR,7373
2230606,111,23,1238,2018.0,2260480.0,199580.0,1.4594799999999999,0.05113,ITA,BGR,7373
2230607,114,23,1238,2018.0,336240.0,5908.0,2.480327,-0.559793,JPN,BGR,7373
2230608,121,23,1238,2018.0,142782.0,0.0,2.139149,0.795045,KOR,BGR,7373
2230609,130,23,1238,2018.0,30541.0,304744.0,0.839052,1.5688790000000001,LTU,BGR,7373
2230610,131,23,1238,2018.0,77242.0,0.0,1.098797,1.390282,LUX,BGR,7373
2230611,132,23,1238,2018.0,0.0,4907.0,0.6984560000000001,1.29918,LVA,BGR,7373
2230612,134,23,1238,2018.0,5628.0,133573.0,-0.57445,-0.14461400000000002,MAR,BGR,7373
2230613,135,23,1238,2018.0,0.0,9200.0,-0.222348,-0.091067,MDA,BGR,7373
2230614,140,23,1238,2018.0,72924.0,151989.0,0.056548,-0.273964,MKD,BGR,7373
2230615,142,23,1238,2018.0,0.0,4168.0,0.860195,0.281449,MLT,BGR,7373
2230616,153,23,1238,2018.0,49160.0,662979.0,1.047185,0.732742,MYS,BGR,7373
2230617,162,23,1238,2018.0,205375.0,43052.0,1.060964,1.491808,NLD,BGR,7373
2230618,166,23,1238,2018.0,0.0,1077.0,0.113398,0.017740000000000002,NZL,BGR,7373
2230619,169,23,1238,2018.0,0.0,2022.0,0.007061,-0.13867100000000002,PAN,BGR,7373
2230620,177,23,1238,2018.0,1253178.0,65573.0,1.1323860000000001,1.1465040000000002,POL,BGR,7373
2230621,179,23,1238,2018.0,344408.0,2027.0,0.787381,1.959475,PRT,BGR,7373
2230622,185,23,1238,2018.0,848549.0,944504.0,1.1458030000000001,1.194413,ROU,BGR,7373
2230623,186,23,1238,2018.0,6234.0,243314.0,-0.079971,0.11098599999999999,RUS,BGR,7373
2230624,192,23,1238,2018.0,0.0,487702.0,1.870268,0.672214,SGP,BGR,7373
2230625,201,23,1238,2018.0,131256.0,107192.0,0.665772,1.552409,SRB,BGR,7373
2230626,206,23,1238,2018.0,169805.0,20361.0,1.445669,0.9135850000000001,SVK,BGR,7373
2230627,207,23,1238,2018.0,86085.0,1399.0,1.623183,0.7150850000000001,SVN,BGR,7373
2230628,208,23,1238,2018.0,167178.0,0.0,1.7254209999999999,0.638757,SWE,BGR,7373
2230629,224,23,1238,2018.0,1107887.0,263104.0,0.5883510000000001,2.357541,TUR,BGR,7373
2230630,228,23,1238,2018.0,7409.0,126101.0,0.3281,1.0037459999999998,UKR,BGR,7373
2230631,231,23,1238,2018.0,82852.0,156942.0,1.5527739999999999,0.288577,USA,BGR,7373
2230632,246,23,1238,2018.0,0.0,1141989.0,-0.053311000000000004,1.45561,ZAF,BGR,7373
2230633,249,23,1238,2018.0,85419.0,0.0,2.0283580000000003,1.1648319999999999,TWN,BGR,7373
2230634,7,24,1238,2018.0,1127760.0,79855.0,-0.020214,-0.570049,ARE,BHR,7373
2230635,14,24,1238,2018.0,6526.0,0.0,-0.5578930000000001,-0.15666300000000002,AUS,BHR,7373
2230636,15,24,1238,2018.0,29205.0,0.0,1.798687,-0.557271,AUT,BHR,7373
2230637,18,24,1238,2018.0,7918.0,0.0,1.244674,1.1368969999999998,BEL,BHR,7373
2230638,39,24,1238,2018.0,44544.0,0.0,0.60854,1.475283,CAN,BHR,7373
2230639,41,24,1238,2018.0,70952.0,0.0,2.173252,0.861742,CHE,BHR,7373
2230640,43,24,1238,2018.0,2046651.0,0.0,1.378018,0.513572,CHN,BHR,7373
2230641,59,24,1238,2018.0,23914.0,0.0,1.8018669999999999,0.022382,CZE,BHR,7373
2230642,61,24,1238,2018.0,332605.0,31060.0,2.126861,-2.619524,DEU,BHR,7373
2230643,71,24,1238,2018.0,9089.0,0.0,0.851197,2.261012,ESP,BHR,7373
2230644,74,24,1238,2018.0,56962.0,0.0,1.561518,1.0198450000000001,FIN,BHR,7373
2230645,77,24,1238,2018.0,524308.0,0.0,1.3578540000000001,0.9033700000000001,FRA,BHR,7373
2230646,81,24,1238,2018.0,46434.0,2205.0,1.481442,1.050259,GBR,BHR,7373
2230647,104,24,1238,2018.0,164927.0,0.0,0.536561,2.450287,IND,BHR,7373
2230648,107,24,1238,2018.0,27317.0,0.0,-0.290723,-0.430805,IRN,BHR,7373
2230649,111,24,1238,2018.0,213478.0,1739.0,1.4594799999999999,0.05113,ITA,BHR,7373
2230650,114,24,1238,2018.0,62641.0,0.0,2.480327,-0.559793,JPN,BHR,7373
2230651,121,24,1238,2018.0,3178.0,0.0,2.139149,0.795045,KOR,BHR,7373
2230652,122,24,1238,2018.0,0.0,39089.0,-0.790523,-1.136525,KWT,BHR,7373
2230653,125,24,1238,2018.0,0.0,2414.0,-1.081874,-1.105082,LBR,BHR,7373
2230654,138,24,1238,2018.0,11077.0,0.0,1.272851,0.646359,MEX,BHR,7373
2230655,153,24,1238,2018.0,3771.0,0.0,1.047185,0.732742,MYS,BHR,7373
2230656,162,24,1238,2018.0,110867.0,0.0,1.060964,1.491808,NLD,BHR,7373
2230657,167,24,1238,2018.0,5689.0,0.0,-0.513727,-0.9944280000000001,OMN,BHR,7373
2230658,168,24,1238,2018.0,0.0,1104.0,-0.737637,0.274296,PAK,BHR,7373
2230659,177,24,1238,2018.0,40405.0,0.0,1.1323860000000001,1.1465040000000002,POL,BHR,7373
2230660,188,24,1238,2018.0,425099.0,220521.0,0.600485,-0.450466,SAU,BHR,7373
2230661,207,24,1238,2018.0,6059.0,0.0,1.623183,0.7150850000000001,SVN,BHR,7373
2230662,208,24,1238,2018.0,20471.0,0.0,1.7254209999999999,0.638757,SWE,BHR,7373
2230663,216,24,1238,2018.0,60696.0,0.0,1.188923,1.264666,THA,BHR,7373
2230664,224,24,1238,2018.0,26940.0,0.0,0.5883510000000001,2.357541,TUR,BHR,7373
2230665,228,24,1238,2018.0,2274.0,1666.0,0.3281,1.0037459999999998,UKR,BHR,7373
2230666,231,24,1238,2018.0,1249452.0,0.0,1.5527739999999999,0.288577,USA,BHR,7373
2230667,249,24,1238,2018.0,15033.0,0.0,2.0283580000000003,1.1648319999999999,TWN,BHR,7373
2230668,250,24,1238,2018.0,9527.0,4520.0,0.760441,-0.310861,ANS,BHR,7373
2230669,2,32,1238,2018.0,0.0,15272.0,-1.6785400000000001,-1.2244030000000001,AGO,BRA,7373
2230670,7,32,1238,2018.0,0.0,20334.0,-0.020214,-0.570049,ARE,BRA,7373
2230671,8,32,1238,2018.0,52619.0,3536856.0,-0.239502,0.297865,ARG,BRA,7373
2230672,14,32,1238,2018.0,15575.0,40990.0,-0.5578930000000001,-0.15666300000000002,AUS,BRA,7373
2230673,15,32,1238,2018.0,4063876.0,117560.0,1.798687,-0.557271,AUT,BRA,7373
2230674,18,32,1238,2018.0,322318.0,20865.0,1.244674,1.1368969999999998,BEL,BRA,7373
2230675,23,32,1238,2018.0,6752.0,0.0,0.516917,1.915288,BGR,BRA,7373
2230676,26,32,1238,2018.0,16670.0,0.0,0.676528,0.8948299999999999,BIH,BRA,7373
2230677,28,32,1238,2018.0,20331.0,0.0,0.86016,1.034144,BLR,BRA,7373
2230678,31,32,1238,2018.0,0.0,469114.0,-1.069519,-0.942264,BOL,BRA,7373
2230679,39,32,1238,2018.0,2091993.0,226381.0,0.60854,1.475283,CAN,BRA,7373
2230680,41,32,1238,2018.0,5281492.0,35044.0,2.173252,0.861742,CHE,BRA,7373
2230681,42,32,1238,2018.0,21795.0,8789247.0,-0.24325300000000002,-0.350271,CHL,BRA,7373
2230682,43,32,1238,2018.0,49576068.0,37063.0,1.378018,0.513572,CHN,BRA,7373
2230683,44,32,1238,2018.0,0.0,6379.0,-1.021384,-0.898676,CIV,BRA,7373
2230684,45,32,1238,2018.0,0.0,2924.0,-1.2144,-1.0318260000000001,CMR,BRA,7373
2230685,49,32,1238,2018.0,0.0,197072.0,0.144073,-0.10276199999999999,COL,BRA,7373
2230686,52,32,1238,2018.0,6130.0,7674.0,0.27715,0.33261999999999997,CRI,BRA,7373
2230687,54,32,1238,2018.0,0.0,6445.0,-1.077539,-1.241754,CUB,BRA,7373
2230688,58,32,1238,2018.0,0.0,1644.0,0.180009,-0.26353200000000004,CYP,BRA,7373
2230689,59,32,1238,2018.0,1963806.0,0.0,1.8018669999999999,0.022382,CZE,BRA,7373
2230690,61,32,1238,2018.0,21581980.0,536493.0,2.126861,-2.619524,DEU,BRA,7373
2230691,64,32,1238,2018.0,84226.0,6598.0,1.094761,1.337348,DNK,BRA,7373
2230692,65,32,1238,2018.0,59210.0,268876.0,-0.205988,0.291906,DOM,BRA,7373
2230693,67,32,1238,2018.0,0.0,203088.0,-0.9813709999999999,-1.073273,ECU,BRA,7373
2230694,68,32,1238,2018.0,0.0,2377.0,-0.093935,1.6368610000000001,EGY,BRA,7373
2230695,71,32,1238,2018.0,911606.0,49599.0,0.851197,2.261012,ESP,BRA,7373
2230696,74,32,1238,2018.0,208190.0,17767.0,1.561518,1.0198450000000001,FIN,BRA,7373
2230697,77,32,1238,2018.0,5394576.0,29360.0,1.3578540000000001,0.9033700000000001,FRA,BRA,7373
2230698,81,32,1238,2018.0,609176.0,1209104.0,1.481442,1.050259,GBR,BRA,7373
2230699,90,32,1238,2018.0,291727.0,6513.0,0.069841,0.922895,GRC,BRA,7373
2230700,93,32,1238,2018.0,0.0,8884.0,-0.321177,0.6339090000000001,GTM,BRA,7373
2230701,96,32,1238,2018.0,0.0,26014.0,-0.83525,-1.040274,GUY,BRA,7373
2230702,97,32,1238,2018.0,857856.0,0.0,0.8625149999999999,1.21001,HKG,BRA,7373
2230703,99,32,1238,2018.0,0.0,3776.0,-0.505516,-0.20719899999999997,HND,BRA,7373
2230704,102,32,1238,2018.0,28755.0,12068.0,1.6983409999999999,0.693194,HUN,BRA,7373
2230705,103,32,1238,2018.0,10616.0,0.0,-0.0009939999999999999,1.417371,IDN,BRA,7373
2230706,104,32,1238,2018.0,277735.0,159075.0,0.536561,2.450287,IND,BRA,7373
2230707,106,32,1238,2018.0,538553.0,0.0,1.3647,0.094596,IRL,BRA,7373
2230708,110,32,1238,2018.0,6479.0,8278.0,1.205666,1.001693,ISR,BRA,7373
2230709,111,32,1238,2018.0,6719972.0,185113.0,1.4594799999999999,0.05113,ITA,BRA,7373
2230710,114,32,1238,2018.0,22363460.0,15819.0,2.480327,-0.559793,JPN,BRA,7373
2230711,121,32,1238,2018.0,5696025.0,0.0,2.139149,0.795045,KOR,BRA,7373
2230712,138,32,1238,2018.0,365480.0,1131311.0,1.272851,0.646359,MEX,BRA,7373
2230713,153,32,1238,2018.0,476647.0,19225.0,1.047185,0.732742,MYS,BRA,7373
2230714,160,32,1238,2018.0,0.0,14049.0,-0.8788790000000001,-0.747015,NIC,BRA,7373
2230715,162,32,1238,2018.0,607835.0,0.0,1.060964,1.491808,NLD,BRA,7373
2230716,163,32,1238,2018.0,25693.0,0.0,0.359254,-0.059994000000000006,NOR,BRA,7373
2230717,166,32,1238,2018.0,0.0,3399.0,0.113398,0.017740000000000002,NZL,BRA,7373
2230718,169,32,1238,2018.0,0.0,85054.0,0.007061,-0.13867100000000002,PAN,BRA,7373
2230719,173,32,1238,2018.0,1357.0,169083.0,-0.842934,-0.302396,PER,BRA,7373
2230720,174,32,1238,2018.0,0.0,1388.0,0.7233649999999999,0.23715300000000003,PHL,BRA,7373
2230721,177,32,1238,2018.0,997518.0,69061.0,1.1323860000000001,1.1465040000000002,POL,BRA,7373
2230722,179,32,1238,2018.0,207181.0,10229.0,0.787381,1.959475,PRT,BRA,7373
2230723,180,32,1238,2018.0,18896.0,829879.0,-0.504343,-0.8482040000000001,PRY,BRA,7373
2230724,185,32,1238,2018.0,6241.0,0.0,1.1458030000000001,1.194413,ROU,BRA,7373
2230725,186,32,1238,2018.0,0.0,6983.0,-0.079971,0.11098599999999999,RUS,BRA,7373
2230726,188,32,1238,2018.0,0.0,19984.0,0.600485,-0.450466,SAU,BRA,7373
2230727,192,32,1238,2018.0,190608.0,310919.0,1.870268,0.672214,SGP,BRA,7373
2230728,197,32,1238,2018.0,0.0,76141.0,0.07891799999999999,0.219075,SLV,BRA,7373
2230729,205,32,1238,2018.0,0.0,13546.0,-0.721134,-1.069008,SUR,BRA,7373
2230730,206,32,1238,2018.0,23204.0,0.0,1.445669,0.9135850000000001,SVK,BRA,7373
2230731,207,32,1238,2018.0,88766.0,0.0,1.623183,0.7150850000000001,SVN,BRA,7373
2230732,208,32,1238,2018.0,369527.0,7779.0,1.7254209999999999,0.638757,SWE,BRA,7373
2230733,216,32,1238,2018.0,370288.0,13049.0,1.188923,1.264666,THA,BRA,7373
2230734,223,32,1238,2018.0,0.0,5539.0,0.39611799999999997,1.252702,TUN,BRA,7373
2230735,224,32,1238,2018.0,146038.0,99903.0,0.5883510000000001,2.357541,TUR,BRA,7373
2230736,230,32,1238,2018.0,29811.0,85209.0,0.016527,-0.250715,URY,BRA,7373
2230737,231,32,1238,2018.0,20521338.0,1587425.0,1.5527739999999999,0.288577,USA,BRA,7373
2230738,239,32,1238,2018.0,23193.0,5583.0,0.111848,0.915842,VNM,BRA,7373
2230739,246,32,1238,2018.0,0.0,835658.0,-0.053311000000000004,1.45561,ZAF,BRA,7373
2230740,248,32,1238,2018.0,0.0,1959.0,-1.071621,-1.112033,ZWE,BRA,7373
2230741,249,32,1238,2018.0,2151027.0,1743.0,2.0283580000000003,1.1648319999999999,TWN,BRA,7373
2230742,14,33,1238,2018.0,28540.0,0.0,-0.5578930000000001,-0.15666300000000002,AUS,BRB,7373
2230743,39,33,1238,2018.0,2314.0,0.0,0.60854,1.475283,CAN,BRB,7373
2230744,43,33,1238,2018.0,25892.0,0.0,1.378018,0.513572,CHN,BRB,7373
2230745,64,33,1238,2018.0,4689.0,0.0,1.094761,1.337348,DNK,BRB,7373
2230746,81,33,1238,2018.0,13897.0,0.0,1.481442,1.050259,GBR,BRB,7373
2230747,138,33,1238,2018.0,1904.0,0.0,1.272851,0.646359,MEX,BRB,7373
2230748,231,33,1238,2018.0,453947.0,9893.0,1.5527739999999999,0.288577,USA,BRB,7373
2230749,249,33,1238,2018.0,2047.0,0.0,2.0283580000000003,1.1648319999999999,TWN,BRB,7373
2230750,3,39,1238,2018.0,0.0,55349.0,1.413459,0.36430799999999997,AIA,CAN,7373
2230751,7,39,1238,2018.0,0.0,480433.0,-0.020214,-0.570049,ARE,CAN,7373
2230752,8,39,1238,2018.0,0.0,27673.0,-0.239502,0.297865,ARG,CAN,7373
2230753,9,39,1238,2018.0,0.0,1094.0,-0.42181499999999994,-0.663385,ARM,CAN,7373
2230754,14,39,1238,2018.0,56671.0,927013.0,-0.5578930000000001,-0.15666300000000002,AUS,CAN,7373
2230755,15,39,1238,2018.0,5972881.0,102179.0,1.798687,-0.557271,AUT,CAN,7373
2230756,18,39,1238,2018.0,36243.0,163400.0,1.244674,1.1368969999999998,BEL,CAN,7373
2230757,21,39,1238,2018.0,2372.0,75434.0,-0.625138,-0.848562,BFA,CAN,7373
2230758,22,39,1238,2018.0,0.0,46138.0,-0.9003549999999999,-1.1066610000000001,BGD,CAN,7373
2230759,23,39,1238,2018.0,227692.0,0.0,0.516917,1.915288,BGR,CAN,7373
2230760,24,39,1238,2018.0,0.0,44544.0,0.335652,-0.646621,BHR,CAN,7373
2230761,26,39,1238,2018.0,11455.0,0.0,0.676528,0.8948299999999999,BIH,CAN,7373
2230762,28,39,1238,2018.0,44276.0,0.0,0.86016,1.034144,BLR,CAN,7373
2230763,29,39,1238,2018.0,0.0,5667.0,-0.242696,-0.558757,BLZ,CAN,7373
2230764,30,39,1238,2018.0,20124.0,29758.0,0.423382,-0.559448,BMU,CAN,7373
2230765,31,39,1238,2018.0,0.0,4621.0,-1.069519,-0.942264,BOL,CAN,7373
2230766,32,39,1238,2018.0,226381.0,2091993.0,0.166542,0.718965,BRA,CAN,7373
2230767,33,39,1238,2018.0,0.0,2314.0,0.50894,0.043631,BRB,CAN,7373
2230768,41,39,1238,2018.0,2606594.0,2794.0,2.173252,0.861742,CHE,CAN,7373
2230769,42,39,1238,2018.0,0.0,79153.0,-0.24325300000000002,-0.350271,CHL,CAN,7373
2230770,43,39,1238,2018.0,13011644.0,4535458.0,1.378018,0.513572,CHN,CAN,7373
2230771,44,39,1238,2018.0,0.0,1937.0,-1.021384,-0.898676,CIV,CAN,7373
2230772,45,39,1238,2018.0,0.0,5061.0,-1.2144,-1.0318260000000001,CMR,CAN,7373
2230773,47,39,1238,2018.0,0.0,1692.0,-1.614157,-1.177288,COG,CAN,7373
2230774,49,39,1238,2018.0,19621.0,63227.0,0.144073,-0.10276199999999999,COL,CAN,7373
2230775,52,39,1238,2018.0,22984.0,25557.0,0.27715,0.33261999999999997,CRI,CAN,7373
2230776,54,39,1238,2018.0,0.0,312822.0,-1.077539,-1.241754,CUB,CAN,7373
2230777,58,39,1238,2018.0,0.0,9819.0,0.180009,-0.26353200000000004,CYP,CAN,7373
2230778,59,39,1238,2018.0,160291.0,60348.0,1.8018669999999999,0.022382,CZE,CAN,7373
2230779,61,39,1238,2018.0,25451780.0,1040842.0,2.126861,-2.619524,DEU,CAN,7373
2230780,64,39,1238,2018.0,10406.0,2078.0,1.094761,1.337348,DNK,CAN,7373
2230781,66,39,1238,2018.0,0.0,459298.0,-1.121185,-1.196891,DZA,CAN,7373
2230782,67,39,1238,2018.0,0.0,255259.0,-0.9813709999999999,-1.073273,ECU,CAN,7373
2230783,68,39,1238,2018.0,0.0,333391.0,-0.093935,1.6368610000000001,EGY,CAN,7373
2230784,71,39,1238,2018.0,163973.0,216567.0,0.851197,2.261012,ESP,CAN,7373
2230785,72,39,1238,2018.0,5916.0,6773.0,0.957627,1.294173,EST,CAN,7373
2230786,74,39,1238,2018.0,1841491.0,73113.0,1.561518,1.0198450000000001,FIN,CAN,7373
2230787,75,39,1238,2018.0,0.0,3755.0,-0.31149299999999996,0.198303,FJI,CAN,7373
2230788,77,39,1238,2018.0,1086926.0,4797942.0,1.3578540000000001,0.9033700000000001,FRA,CAN,7373
2230789,81,39,1238,2018.0,1178350.0,453016.0,1.481442,1.050259,GBR,CAN,7373
2230790,83,39,1238,2018.0,0.0,37644.0,-0.769089,-0.8389200000000001,GHA,CAN,7373
2230791,85,39,1238,2018.0,0.0,91654.0,-1.3262909999999999,-1.237056,GIN,CAN,7373
2230792,97,39,1238,2018.0,350535.0,91114.0,0.8625149999999999,1.21001,HKG,CAN,7373
2230793,99,39,1238,2018.0,0.0,5390.0,-0.505516,-0.20719899999999997,HND,CAN,7373
2230794,102,39,1238,2018.0,4232.0,223977.0,1.6983409999999999,0.693194,HUN,CAN,7373
2230795,103,39,1238,2018.0,0.0,170595.0,-0.0009939999999999999,1.417371,IDN,CAN,7373
2230796,104,39,1238,2018.0,196330.0,934530.0,0.536561,2.450287,IND,CAN,7373
2230797,106,39,1238,2018.0,15650.0,1360.0,1.3647,0.094596,IRL,CAN,7373
2230798,108,39,1238,2018.0,0.0,7129.0,-0.627753,-0.983086,IRQ,CAN,7373
2230799,110,39,1238,2018.0,1759.0,55072.0,1.205666,1.001693,ISR,CAN,7373
2230800,111,39,1238,2018.0,2680335.0,594100.0,1.4594799999999999,0.05113,ITA,CAN,7373
2230801,112,39,1238,2018.0,0.0,4980.0,-0.210475,-0.808499,JAM,CAN,7373
2230802,114,39,1238,2018.0,53702440.0,781774.0,2.480327,-0.559793,JPN,CAN,7373
2230803,115,39,1238,2018.0,1836.0,2988.0,-0.625674,-0.605028,KAZ,CAN,7373
2230804,116,39,1238,2018.0,0.0,7166.0,-0.381632,0.460819,KEN,CAN,7373
2230805,117,39,1238,2018.0,0.0,22735.0,0.000495,0.601278,KGZ,CAN,7373
2230806,121,39,1238,2018.0,471620.0,1203561.0,2.139149,0.795045,KOR,CAN,7373
2230807,122,39,1238,2018.0,0.0,59446.0,-0.790523,-1.136525,KWT,CAN,7373
2230808,124,39,1238,2018.0,0.0,1377.0,0.37832899999999997,1.077452,LBN,CAN,7373
2230809,126,39,1238,2018.0,0.0,11266.0,-1.454322,-1.169087,LBY,CAN,7373
2230810,130,39,1238,2018.0,0.0,300169.0,0.839052,1.5688790000000001,LTU,CAN,7373
2230811,134,39,1238,2018.0,2206.0,2449.0,-0.57445,-0.14461400000000002,MAR,CAN,7373
2230812,137,39,1238,2018.0,0.0,6468.0,-1.128674,-1.053328,MDV,CAN,7373
2230813,138,39,1238,2018.0,12233756.0,10797776.0,1.272851,0.646359,MEX,CAN,7373
2230814,147,39,1238,2018.0,0.0,4083.0,-1.253762,-1.0049,MOZ,CAN,7373
2230815,153,39,1238,2018.0,139588.0,161604.0,1.047185,0.732742,MYS,CAN,7373
2230816,159,39,1238,2018.0,0.0,168007.0,-1.839074,-1.29837,NGA,CAN,7373
2230817,160,39,1238,2018.0,0.0,3282.0,-0.8788790000000001,-0.747015,NIC,CAN,7373
2230818,162,39,1238,2018.0,1333812.0,261823.0,1.060964,1.491808,NLD,CAN,7373
2230819,163,39,1238,2018.0,131248.0,12399.0,0.359254,-0.059994000000000006,NOR,CAN,7373
2230820,166,39,1238,2018.0,17692.0,30498.0,0.113398,0.017740000000000002,NZL,CAN,7373
2230821,167,39,1238,2018.0,0.0,14860.0,-0.513727,-0.9944280000000001,OMN,CAN,7373
2230822,168,39,1238,2018.0,1680.0,8126.0,-0.737637,0.274296,PAK,CAN,7373
2230823,169,39,1238,2018.0,0.0,23592.0,0.007061,-0.13867100000000002,PAN,CAN,7373
2230824,173,39,1238,2018.0,0.0,53715.0,-0.842934,-0.302396,PER,CAN,7373
2230825,174,39,1238,2018.0,118524.0,0.0,0.7233649999999999,0.23715300000000003,PHL,CAN,7373
2230826,177,39,1238,2018.0,324776.0,17118.0,1.1323860000000001,1.1465040000000002,POL,CAN,7373
2230827,179,39,1238,2018.0,410950.0,0.0,0.787381,1.959475,PRT,CAN,7373
2230828,183,39,1238,2018.0,0.0,12943.0,-0.291537,-1.022145,QAT,CAN,7373
2230829,185,39,1238,2018.0,2633.0,28474.0,1.1458030000000001,1.194413,ROU,CAN,7373
2230830,186,39,1238,2018.0,0.0,694547.0,-0.079971,0.11098599999999999,RUS,CAN,7373
2230831,188,39,1238,2018.0,0.0,1514279.0,0.600485,-0.450466,SAU,CAN,7373
2230832,192,39,1238,2018.0,6293.0,913042.0,1.870268,0.672214,SGP,CAN,7373
2230833,196,39,1238,2018.0,0.0,2118.0,-0.17023,-0.25755700000000004,SLE,CAN,7373
2230834,201,39,1238,2018.0,35296.0,0.0,0.665772,1.552409,SRB,CAN,7373
2230835,205,39,1238,2018.0,0.0,30262.0,-0.721134,-1.069008,SUR,CAN,7373
2230836,206,39,1238,2018.0,56603.0,466174.0,1.445669,0.9135850000000001,SVK,CAN,7373
2230837,208,39,1238,2018.0,1084357.0,537436.0,1.7254209999999999,0.638757,SWE,CAN,7373
2230838,209,39,1238,2018.0,1900.0,0.0,-0.136719,-0.38962800000000003,SWZ,CAN,7373
2230839,214,39,1238,2018.0,3514.0,0.0,-1.587501,-1.047253,TCD,CAN,7373
2230840,216,39,1238,2018.0,564760.0,97843.0,1.188923,1.264666,THA,CAN,7373
2230841,222,39,1238,2018.0,0.0,11881.0,-0.32209299999999996,-1.0651540000000002,TTO,CAN,7373
2230842,223,39,1238,2018.0,0.0,78661.0,0.39611799999999997,1.252702,TUN,CAN,7373
2230843,224,39,1238,2018.0,46191.0,78553.0,0.5883510000000001,2.357541,TUR,CAN,7373
2230844,226,39,1238,2018.0,0.0,4641.0,-0.12971300000000002,1.379649,TZA,CAN,7373
2230845,227,39,1238,2018.0,0.0,7644.0,-0.569114,0.36182800000000004,UGA,CAN,7373
2230846,228,39,1238,2018.0,1150.0,42834.0,0.3281,1.0037459999999998,UKR,CAN,7373
2230847,230,39,1238,2018.0,0.0,14453.0,0.016527,-0.250715,URY,CAN,7373
2230848,231,39,1238,2018.0,261083584.0,248994560.0,1.5527739999999999,0.288577,USA,CAN,7373
2230849,239,39,1238,2018.0,11549.0,134172.0,0.111848,0.915842,VNM,CAN,7373
2230850,246,39,1238,2018.0,11259.0,327143.0,-0.053311000000000004,1.45561,ZAF,CAN,7373
2230851,247,39,1238,2018.0,0.0,10688.0,-0.8302510000000001,-0.932916,ZMB,CAN,7373
2230852,249,39,1238,2018.0,2209764.0,58371.0,2.0283580000000003,1.1648319999999999,TWN,CAN,7373
2230853,250,39,1238,2018.0,3009529.0,0.0,0.760441,-0.310861,ANS,CAN,7373
2230854,2,41,1238,2018.0,0.0,7818.0,-1.6785400000000001,-1.2244030000000001,AGO,CHE,7373
2230855,4,41,1238,2018.0,0.0,24043.0,-0.403248,-0.180523,ALB,CHE,7373
2230856,7,41,1238,2018.0,75263.0,3402098.0,-0.020214,-0.570049,ARE,CHE,7373
2230857,8,41,1238,2018.0,8712.0,3274482.0,-0.239502,0.297865,ARG,CHE,7373
2230858,14,41,1238,2018.0,3371.0,5574198.0,-0.5578930000000001,-0.15666300000000002,AUS,CHE,7373
2230859,15,41,1238,2018.0,11386920.0,19506012.0,1.798687,-0.557271,AUT,CHE,7373
2230860,16,41,1238,2018.0,0.0,20578.0,-1.47928,-1.313633,AZE,CHE,7373
2230861,18,41,1238,2018.0,930422.0,2861888.0,1.244674,1.1368969999999998,BEL,CHE,7373
2230862,19,41,1238,2018.0,0.0,3866.0,-0.775822,-0.800248,BEN,CHE,7373
2230863,22,41,1238,2018.0,0.0,121303.0,-0.9003549999999999,-1.1066610000000001,BGD,CHE,7373
2230864,23,41,1238,2018.0,96196.0,2514432.0,0.516917,1.915288,BGR,CHE,7373
2230865,24,41,1238,2018.0,0.0,70952.0,0.335652,-0.646621,BHR,CHE,7373
2230866,25,41,1238,2018.0,0.0,3943.0,0.359908,-0.445567,BHS,CHE,7373
2230867,26,41,1238,2018.0,5845.0,527971.0,0.676528,0.8948299999999999,BIH,CHE,7373
2230868,28,41,1238,2018.0,6391.0,169492.0,0.86016,1.034144,BLR,CHE,7373
2230869,31,41,1238,2018.0,0.0,24565.0,-1.069519,-0.942264,BOL,CHE,7373
2230870,32,41,1238,2018.0,35044.0,5281492.0,0.166542,0.718965,BRA,CHE,7373
2230871,39,41,1238,2018.0,2794.0,2606594.0,0.60854,1.475283,CAN,CHE,7373
2230872,42,41,1238,2018.0,0.0,2412839.0,-0.24325300000000002,-0.350271,CHL,CHE,7373
2230873,43,41,1238,2018.0,1032413.0,28055942.0,1.378018,0.513572,CHN,CHE,7373
2230874,44,41,1238,2018.0,0.0,182950.0,-1.021384,-0.898676,CIV,CHE,7373
2230875,45,41,1238,2018.0,0.0,4311.0,-1.2144,-1.0318260000000001,CMR,CHE,7373
2230876,46,41,1238,2018.0,0.0,8162.0,-1.704339,-1.211619,COD,CHE,7373
2230877,49,41,1238,2018.0,3297.0,547186.0,0.144073,-0.10276199999999999,COL,CHE,7373
2230878,52,41,1238,2018.0,50264.0,1421070.0,0.27715,0.33261999999999997,CRI,CHE,7373
2230879,58,41,1238,2018.0,0.0,1148.0,0.180009,-0.26353200000000004,CYP,CHE,7373
2230880,59,41,1238,2018.0,2666315.0,5224676.0,1.8018669999999999,0.022382,CZE,CHE,7373
2230881,61,41,1238,2018.0,72706664.0,110377304.0,2.126861,-2.619524,DEU,CHE,7373
2230882,62,41,1238,2018.0,0.0,22257.0,-0.266256,-0.608169,DJI,CHE,7373
2230883,64,41,1238,2018.0,461176.0,2566928.0,1.094761,1.337348,DNK,CHE,7373
2230884,65,41,1238,2018.0,0.0,225040.0,-0.205988,0.291906,DOM,CHE,7373
2230885,66,41,1238,2018.0,0.0,2264654.0,-1.121185,-1.196891,DZA,CHE,7373
2230886,67,41,1238,2018.0,0.0,433335.0,-0.9813709999999999,-1.073273,ECU,CHE,7373
2230887,68,41,1238,2018.0,5678.0,2387646.0,-0.093935,1.6368610000000001,EGY,CHE,7373
2230888,71,41,1238,2018.0,221821.0,15657293.0,0.851197,2.261012,ESP,CHE,7373
2230889,72,41,1238,2018.0,18817.0,558764.0,0.957627,1.294173,EST,CHE,7373
2230890,73,41,1238,2018.0,0.0,63815.0,-0.663343,-0.384372,ETH,CHE,7373
2230891,74,41,1238,2018.0,2032945.0,982517.0,1.561518,1.0198450000000001,FIN,CHE,7373
2230892,77,41,1238,2018.0,3926084.0,23334794.0,1.3578540000000001,0.9033700000000001,FRA,CHE,7373
2230893,81,41,1238,2018.0,1116650.0,10306459.0,1.481442,1.050259,GBR,CHE,7373
2230894,82,41,1238,2018.0,0.0,26279.0,-0.059633000000000005,-0.073048,GEO,CHE,7373
2230895,83,41,1238,2018.0,0.0,117616.0,-0.769089,-0.8389200000000001,GHA,CHE,7373
2230896,90,41,1238,2018.0,22582.0,766755.0,0.069841,0.922895,GRC,CHE,7373
2230897,93,41,1238,2018.0,0.0,114812.0,-0.321177,0.6339090000000001,GTM,CHE,7373
2230898,97,41,1238,2018.0,70633.0,1447198.0,0.8625149999999999,1.21001,HKG,CHE,7373
2230899,99,41,1238,2018.0,0.0,11943.0,-0.505516,-0.20719899999999997,HND,CHE,7373
2230900,100,41,1238,2018.0,776730.0,497581.0,0.8873559999999999,1.480788,HRV,CHE,7373
2230901,102,41,1238,2018.0,2506534.0,3281597.0,1.6983409999999999,0.693194,HUN,CHE,7373
2230902,103,41,1238,2018.0,0.0,1370093.0,-0.0009939999999999999,1.417371,IDN,CHE,7373
2230903,104,41,1238,2018.0,256805.0,7312338.0,0.536561,2.450287,IND,CHE,7373
2230904,106,41,1238,2018.0,63999.0,8475574.0,1.3647,0.094596,IRL,CHE,7373
2230905,107,41,1238,2018.0,9272.0,1574606.0,-0.290723,-0.430805,IRN,CHE,7373
2230906,108,41,1238,2018.0,0.0,1686665.0,-0.627753,-0.983086,IRQ,CHE,7373
2230907,109,41,1238,2018.0,4669.0,24214.0,0.161776,-0.293048,ISL,CHE,7373
2230908,110,41,1238,2018.0,33051.0,3708130.0,1.205666,1.001693,ISR,CHE,7373
2230909,111,41,1238,2018.0,16944094.0,18794456.0,1.4594799999999999,0.05113,ITA,CHE,7373
2230910,113,41,1238,2018.0,0.0,152053.0,0.125467,0.382625,JOR,CHE,7373
2230911,114,41,1238,2018.0,905412.0,12165938.0,2.480327,-0.559793,JPN,CHE,7373
2230912,115,41,1238,2018.0,0.0,271741.0,-0.625674,-0.605028,KAZ,CHE,7373
2230913,116,41,1238,2018.0,0.0,109433.0,-0.381632,0.460819,KEN,CHE,7373
2230914,121,41,1238,2018.0,204061.0,6288662.0,2.139149,0.795045,KOR,CHE,7373
2230915,122,41,1238,2018.0,1003.0,106795.0,-0.790523,-1.136525,KWT,CHE,7373
2230916,123,41,1238,2018.0,5347.0,0.0,-0.60597,-0.479868,LAO,CHE,7373
2230917,124,41,1238,2018.0,0.0,34721.0,0.37832899999999997,1.077452,LBN,CHE,7373
2230918,126,41,1238,2018.0,0.0,66830.0,-1.454322,-1.169087,LBY,CHE,7373
2230919,128,41,1238,2018.0,0.0,87349.0,-0.364093,0.347953,LKA,CHE,7373
2230920,130,41,1238,2018.0,5081.0,780065.0,0.839052,1.5688790000000001,LTU,CHE,7373
2230921,131,41,1238,2018.0,64708.0,82844.0,1.098797,1.390282,LUX,CHE,7373
2230922,132,41,1238,2018.0,0.0,110062.0,0.6984560000000001,1.29918,LVA,CHE,7373
2230923,133,41,1238,2018.0,0.0,3060.0,0.358075,0.081041,MAC,CHE,7373
2230924,134,41,1238,2018.0,0.0,910169.0,-0.57445,-0.14461400000000002,MAR,CHE,7373
2230925,135,41,1238,2018.0,0.0,6780.0,-0.222348,-0.091067,MDA,CHE,7373
2230926,136,41,1238,2018.0,0.0,13632.0,-1.056786,-0.9160709999999999,MDG,CHE,7373
2230927,137,41,1238,2018.0,0.0,53361.0,-1.128674,-1.053328,MDV,CHE,7373
2230928,138,41,1238,2018.0,369654.0,12813410.0,1.272851,0.646359,MEX,CHE,7373
2230929,140,41,1238,2018.0,0.0,148415.0,0.056548,-0.273964,MKD,CHE,7373
2230930,142,41,1238,2018.0,0.0,359750.0,0.860195,0.281449,MLT,CHE,7373
2230931,143,41,1238,2018.0,0.0,5371.0,-0.9970469999999999,-0.28486,MMR,CHE,7373
2230932,144,41,1238,2018.0,0.0,5950.0,0.166157,0.132633,MNE,CHE,7373
2230933,145,41,1238,2018.0,0.0,35314.0,-0.892013,-1.115228,MNG,CHE,7373
2230934,148,41,1238,2018.0,0.0,110476.0,-1.219419,-1.2586,MRT,CHE,7373
2230935,151,41,1238,2018.0,0.0,41311.0,-0.268625,0.104254,MUS,CHE,7373
2230936,153,41,1238,2018.0,237000.0,4399994.0,1.047185,0.732742,MYS,CHE,7373
2230937,156,41,1238,2018.0,0.0,5436.0,-0.260395,-0.805425,NCL,CHE,7373
2230938,159,41,1238,2018.0,0.0,704013.0,-1.839074,-1.29837,NGA,CHE,7373
2230939,160,41,1238,2018.0,0.0,29766.0,-0.8788790000000001,-0.747015,NIC,CHE,7373
2230940,162,41,1238,2018.0,3195610.0,9011231.0,1.060964,1.491808,NLD,CHE,7373
2230941,163,41,1238,2018.0,190682.0,1168059.0,0.359254,-0.059994000000000006,NOR,CHE,7373
2230942,166,41,1238,2018.0,0.0,1265515.0,0.113398,0.017740000000000002,NZL,CHE,7373
2230943,167,41,1238,2018.0,0.0,108287.0,-0.513727,-0.9944280000000001,OMN,CHE,7373
2230944,168,41,1238,2018.0,0.0,50887.0,-0.737637,0.274296,PAK,CHE,7373
2230945,169,41,1238,2018.0,7162.0,444330.0,0.007061,-0.13867100000000002,PAN,CHE,7373
2230946,173,41,1238,2018.0,1373.0,1580448.0,-0.842934,-0.302396,PER,CHE,7373
2230947,174,41,1238,2018.0,9586.0,4299362.0,0.7233649999999999,0.23715300000000003,PHL,CHE,7373
2230948,176,41,1238,2018.0,0.0,4688.0,-1.7208310000000002,-1.2635370000000001,PNG,CHE,7373
2230949,177,41,1238,2018.0,467480.0,6467897.0,1.1323860000000001,1.1465040000000002,POL,CHE,7373
2230950,179,41,1238,2018.0,25507.0,543573.0,0.787381,1.959475,PRT,CHE,7373
2230951,180,41,1238,2018.0,0.0,1839.0,-0.504343,-0.8482040000000001,PRY,CHE,7373
2230952,181,41,1238,2018.0,0.0,349055.0,0.260898,0.79366,PSE,CHE,7373
2230953,182,41,1238,2018.0,0.0,1977.0,-0.167505,-0.7041350000000001,PYF,CHE,7373
2230954,183,41,1238,2018.0,0.0,338478.0,-0.291537,-1.022145,QAT,CHE,7373
2230955,185,41,1238,2018.0,979666.0,3562662.0,1.1458030000000001,1.194413,ROU,CHE,7373
2230956,186,41,1238,2018.0,66893.0,10487498.0,-0.079971,0.11098599999999999,RUS,CHE,7373
2230957,188,41,1238,2018.0,25223.0,1178475.0,0.600485,-0.450466,SAU,CHE,7373
2230958,190,41,1238,2018.0,0.0,27464.0,-1.3426719999999999,-1.1851909999999999,SDN,CHE,7373
2230959,191,41,1238,2018.0,0.0,47733.0,-0.699313,-0.360203,SEN,CHE,7373
2230960,192,41,1238,2018.0,354763.0,10751339.0,1.870268,0.672214,SGP,CHE,7373
2230961,201,41,1238,2018.0,1884021.0,945132.0,0.665772,1.552409,SRB,CHE,7373
2230962,206,41,1238,2018.0,1103013.0,1152792.0,1.445669,0.9135850000000001,SVK,CHE,7373
2230963,207,41,1238,2018.0,116350.0,1590410.0,1.623183,0.7150850000000001,SVN,CHE,7373
2230964,208,41,1238,2018.0,316322.0,7978442.0,1.7254209999999999,0.638757,SWE,CHE,7373
2230965,211,41,1238,2018.0,0.0,19205.0,-0.222908,-0.7792100000000001,SYC,CHE,7373
2230966,212,41,1238,2018.0,0.0,14660.0,-0.665828,-0.006848000000000001,SYR,CHE,7373
2230967,215,41,1238,2018.0,0.0,14849.0,-0.681426,-0.7010270000000001,TGO,CHE,7373
2230968,216,41,1238,2018.0,31541.0,5314507.0,1.188923,1.264666,THA,CHE,7373
2230969,217,41,1238,2018.0,0.0,11548.0,-1.199219,-1.254751,TJK,CHE,7373
2230970,222,41,1238,2018.0,0.0,14777.0,-0.32209299999999996,-1.0651540000000002,TTO,CHE,7373
2230971,223,41,1238,2018.0,6473.0,524988.0,0.39611799999999997,1.252702,TUN,CHE,7373
2230972,224,41,1238,2018.0,129830.0,5120367.0,0.5883510000000001,2.357541,TUR,CHE,7373
2230973,226,41,1238,2018.0,0.0,24789.0,-0.12971300000000002,1.379649,TZA,CHE,7373
2230974,228,41,1238,2018.0,4901.0,581423.0,0.3281,1.0037459999999998,UKR,CHE,7373
2230975,230,41,1238,2018.0,0.0,18176.0,0.016527,-0.250715,URY,CHE,7373
2230976,231,41,1238,2018.0,5045762.0,103760472.0,1.5527739999999999,0.288577,USA,CHE,7373
2230977,232,41,1238,2018.0,0.0,4962.0,-0.485013,-0.390021,UZB,CHE,7373
2230978,236,41,1238,2018.0,0.0,112147.0,-1.180083,-1.23326,VEN,CHE,7373
2230979,239,41,1238,2018.0,1244.0,845850.0,0.111848,0.915842,VNM,CHE,7373
2230980,243,41,1238,2018.0,0.0,74985.0,-1.260844,-1.187614,YEM,CHE,7373
2230981,246,41,1238,2018.0,59975.0,3061287.0,-0.053311000000000004,1.45561,ZAF,CHE,7373
2230982,247,41,1238,2018.0,0.0,3383.0,-0.8302510000000001,-0.932916,ZMB,CHE,7373
2230983,248,41,1238,2018.0,0.0,14870.0,-1.071621,-1.112033,ZWE,CHE,7373
2230984,249,41,1238,2018.0,235920.0,2834696.0,2.0283580000000003,1.1648319999999999,TWN,CHE,7373
2230985,8,42,1238,2018.0,58615.0,106464.0,-0.239502,0.297865,ARG,CHL,7373
2230986,15,42,1238,2018.0,350840.0,2377.0,1.798687,-0.557271,AUT,CHL,7373
2230987,18,42,1238,2018.0,82278.0,0.0,1.244674,1.1368969999999998,BEL,CHL,7373
2230988,31,42,1238,2018.0,0.0,726652.0,-1.069519,-0.942264,BOL,CHL,7373
2230989,32,42,1238,2018.0,8789247.0,21795.0,0.166542,0.718965,BRA,CHL,7373
2230990,39,42,1238,2018.0,79153.0,0.0,0.60854,1.475283,CAN,CHL,7373
2230991,41,42,1238,2018.0,2412839.0,0.0,2.173252,0.861742,CHE,CHL,7373
2230992,43,42,1238,2018.0,20043616.0,70181.0,1.378018,0.513572,CHN,CHL,7373
2230993,49,42,1238,2018.0,53777.0,46522.0,0.144073,-0.10276199999999999,COL,CHL,7373
2230994,59,42,1238,2018.0,225136.0,1184.0,1.8018669999999999,0.022382,CZE,CHL,7373
2230995,61,42,1238,2018.0,1619948.0,25958.0,2.126861,-2.619524,DEU,CHL,7373
2230996,64,42,1238,2018.0,70262.0,0.0,1.094761,1.337348,DNK,CHL,7373
2230997,67,42,1238,2018.0,0.0,38724.0,-0.9813709999999999,-1.073273,ECU,CHL,7373
2230998,71,42,1238,2018.0,220324.0,98212.0,0.851197,2.261012,ESP,CHL,7373
2230999,72,42,1238,2018.0,2892.0,0.0,0.957627,1.294173,EST,CHL,7373
2231000,74,42,1238,2018.0,1525978.0,0.0,1.561518,1.0198450000000001,FIN,CHL,7373
2231001,77,42,1238,2018.0,183345.0,22153.0,1.3578540000000001,0.9033700000000001,FRA,CHL,7373
2231002,81,42,1238,2018.0,253842.0,0.0,1.481442,1.050259,GBR,CHL,7373
2231003,93,42,1238,2018.0,0.0,3582.0,-0.321177,0.6339090000000001,GTM,CHL,7373
2231004,97,42,1238,2018.0,129774.0,0.0,0.8625149999999999,1.21001,HKG,CHL,7373
2231005,104,42,1238,2018.0,51543.0,0.0,0.536561,2.450287,IND,CHL,7373
2231006,106,42,1238,2018.0,1299.0,0.0,1.3647,0.094596,IRL,CHL,7373
2231007,110,42,1238,2018.0,94616.0,0.0,1.205666,1.001693,ISR,CHL,7373
2231008,111,42,1238,2018.0,3603840.0,6820.0,1.4594799999999999,0.05113,ITA,CHL,7373
2231009,114,42,1238,2018.0,305375.0,0.0,2.480327,-0.559793,JPN,CHL,7373
2231010,121,42,1238,2018.0,501214.0,27136.0,2.139149,0.795045,KOR,CHL,7373
2231011,134,42,1238,2018.0,0.0,1360.0,-0.57445,-0.14461400000000002,MAR,CHL,7373
2231012,138,42,1238,2018.0,332234.0,39647.0,1.272851,0.646359,MEX,CHL,7373
2231013,153,42,1238,2018.0,5861.0,0.0,1.047185,0.732742,MYS,CHL,7373
2231014,162,42,1238,2018.0,60314.0,0.0,1.060964,1.491808,NLD,CHL,7373
2231015,163,42,1238,2018.0,5479.0,0.0,0.359254,-0.059994000000000006,NOR,CHL,7373
2231016,166,42,1238,2018.0,4385.0,0.0,0.113398,0.017740000000000002,NZL,CHL,7373
2231017,169,42,1238,2018.0,1402.0,0.0,0.007061,-0.13867100000000002,PAN,CHL,7373
2231018,173,42,1238,2018.0,109517.0,509561.0,-0.842934,-0.302396,PER,CHL,7373
2231019,177,42,1238,2018.0,1072618.0,0.0,1.1323860000000001,1.1465040000000002,POL,CHL,7373
2231020,179,42,1238,2018.0,5712.0,0.0,0.787381,1.959475,PRT,CHL,7373
2231021,180,42,1238,2018.0,0.0,48083.0,-0.504343,-0.8482040000000001,PRY,CHL,7373
2231022,185,42,1238,2018.0,1699.0,0.0,1.1458030000000001,1.194413,ROU,CHL,7373
2231023,206,42,1238,2018.0,13315.0,0.0,1.445669,0.9135850000000001,SVK,CHL,7373
2231024,208,42,1238,2018.0,28972.0,0.0,1.7254209999999999,0.638757,SWE,CHL,7373
2231025,224,42,1238,2018.0,588781.0,0.0,0.5883510000000001,2.357541,TUR,CHL,7373
2231026,230,42,1238,2018.0,0.0,21576.0,0.016527,-0.250715,URY,CHL,7373
2231027,231,42,1238,2018.0,5563374.0,1276226.0,1.5527739999999999,0.288577,USA,CHL,7373
2231028,240,42,1238,2018.0,2073.0,0.0,-1.240625,-1.029865,VUT,CHL,7373
2231029,246,42,1238,2018.0,8982.0,0.0,-0.053311000000000004,1.45561,ZAF,CHL,7373
2231030,249,42,1238,2018.0,318976.0,0.0,2.0283580000000003,1.1648319999999999,TWN,CHL,7373
2231031,250,42,1238,2018.0,789219.0,1822.0,0.760441,-0.310861,ANS,CHL,7373
2231032,0,43,1238,2018.0,0.0,1335.0,0.800212,0.174964,ABW,CHN,7373
2231033,1,43,1238,2018.0,0.0,94844.0,-1.098293,-0.812288,AFG,CHN,7373
2231034,2,43,1238,2018.0,3094.0,628394.0,-1.6785400000000001,-1.2244030000000001,AGO,CHN,7373
2231035,4,43,1238,2018.0,0.0,707488.0,-0.403248,-0.180523,ALB,CHN,7373
2231036,7,43,1238,2018.0,0.0,16524067.0,-0.020214,-0.570049,ARE,CHN,7373
2231037,8,43,1238,2018.0,0.0,32077372.0,-0.239502,0.297865,ARG,CHN,7373
2231038,9,43,1238,2018.0,4050.0,138225.0,-0.42181499999999994,-0.663385,ARM,CHN,7373
2231039,13,43,1238,2018.0,0.0,11086.0,-0.120975,-0.721043,ATG,CHN,7373
2231040,14,43,1238,2018.0,154083.0,38757844.0,-0.5578930000000001,-0.15666300000000002,AUS,CHN,7373
2231041,15,43,1238,2018.0,25309616.0,5057488.0,1.798687,-0.557271,AUT,CHN,7373
2231042,16,43,1238,2018.0,0.0,208389.0,-1.47928,-1.313633,AZE,CHN,7373
2231043,17,43,1238,2018.0,0.0,8918.0,-0.542607,-1.0593540000000001,BDI,CHN,7373
2231044,18,43,1238,2018.0,1429575.0,8373352.0,1.244674,1.1368969999999998,BEL,CHN,7373
2231045,19,43,1238,2018.0,0.0,259259.0,-0.775822,-0.800248,BEN,CHN,7373
2231046,21,43,1238,2018.0,0.0,34972.0,-0.625138,-0.848562,BFA,CHN,7373
2231047,22,43,1238,2018.0,0.0,14671251.0,-0.9003549999999999,-1.1066610000000001,BGD,CHN,7373
2231048,23,43,1238,2018.0,887090.0,3040636.0,0.516917,1.915288,BGR,CHN,7373
2231049,24,43,1238,2018.0,0.0,2046651.0,0.335652,-0.646621,BHR,CHN,7373
2231050,25,43,1238,2018.0,0.0,58070.0,0.359908,-0.445567,BHS,CHN,7373
2231051,26,43,1238,2018.0,57614.0,133365.0,0.676528,0.8948299999999999,BIH,CHN,7373
2231052,28,43,1238,2018.0,82825.0,6249714.0,0.86016,1.034144,BLR,CHN,7373
2231053,29,43,1238,2018.0,0.0,9858.0,-0.242696,-0.558757,BLZ,CHN,7373
2231054,31,43,1238,2018.0,0.0,1357025.0,-1.069519,-0.942264,BOL,CHN,7373
2231055,32,43,1238,2018.0,37063.0,49576068.0,0.166542,0.718965,BRA,CHN,7373
2231056,33,43,1238,2018.0,0.0,25892.0,0.50894,0.043631,BRB,CHN,7373
2231057,34,43,1238,2018.0,649759.0,3249610.0,-0.360468,-0.826729,BRN,CHN,7373
2231058,35,43,1238,2018.0,0.0,18091.0,-0.118432,-0.779945,BTN,CHN,7373
2231059,37,43,1238,2018.0,0.0,126682.0,-0.611288,-1.125815,BWA,CHN,7373
2231060,38,43,1238,2018.0,0.0,1222.0,-0.30997399999999997,-0.754026,CAF,CHN,7373
2231061,39,43,1238,2018.0,4535458.0,13011644.0,0.60854,1.475283,CAN,CHN,7373
2231062,41,43,1238,2018.0,28055942.0,1032413.0,2.173252,0.861742,CHE,CHN,7373
2231063,42,43,1238,2018.0,70181.0,20043616.0,-0.24325300000000002,-0.350271,CHL,CHN,7373
2231064,44,43,1238,2018.0,0.0,568109.0,-1.021384,-0.898676,CIV,CHN,7373
2231065,45,43,1238,2018.0,0.0,680500.0,-1.2144,-1.0318260000000001,CMR,CHN,7373
2231066,46,43,1238,2018.0,0.0,1150278.0,-1.704339,-1.211619,COD,CHN,7373
2231067,47,43,1238,2018.0,0.0,65456.0,-1.614157,-1.177288,COG,CHN,7373
2231068,48,43,1238,2018.0,0.0,1703.0,0.9972559999999999,-0.46956000000000003,COK,CHN,7373
2231069,49,43,1238,2018.0,0.0,9766878.0,0.144073,-0.10276199999999999,COL,CHN,7373
2231070,50,43,1238,2018.0,0.0,72941.0,-0.657909,-0.9868680000000001,COM,CHN,7373
2231071,51,43,1238,2018.0,0.0,15688.0,-0.43036899999999995,-0.761514,CPV,CHN,7373
2231072,52,43,1238,2018.0,22723.0,2842776.0,0.27715,0.33261999999999997,CRI,CHN,7373
2231073,54,43,1238,2018.0,0.0,1108993.0,-1.077539,-1.241754,CUB,CHN,7373
2231074,55,43,1238,2018.0,0.0,13049.0,0.844115,-0.134234,CUW,CHN,7373
2231075,58,43,1238,2018.0,0.0,303844.0,0.180009,-0.26353200000000004,CYP,CHN,7373
2231076,59,43,1238,2018.0,2194534.0,9455480.0,1.8018669999999999,0.022382,CZE,CHN,7373
2231077,61,43,1238,2018.0,342811232.0,80631184.0,2.126861,-2.619524,DEU,CHN,7373
2231078,62,43,1238,2018.0,0.0,423901.0,-0.266256,-0.608169,DJI,CHN,7373
2231079,63,43,1238,2018.0,0.0,16978.0,0.24612199999999998,-0.044363,DMA,CHN,7373
2231080,64,43,1238,2018.0,1939042.0,6283356.0,1.094761,1.337348,DNK,CHN,7373
2231081,65,43,1238,2018.0,0.0,1469119.0,-0.205988,0.291906,DOM,CHN,7373
2231082,66,43,1238,2018.0,0.0,6550012.0,-1.121185,-1.196891,DZA,CHN,7373
2231083,67,43,1238,2018.0,0.0,7311780.0,-0.9813709999999999,-1.073273,ECU,CHN,7373
2231084,68,43,1238,2018.0,92147.0,9121873.0,-0.093935,1.6368610000000001,EGY,CHN,7373
2231085,69,43,1238,2018.0,0.0,26066.0,-1.782586,-1.131987,ERI,CHN,7373
2231086,71,43,1238,2018.0,6510840.0,19366664.0,0.851197,2.261012,ESP,CHN,7373
2231087,72,43,1238,2018.0,1047.0,757240.0,0.957627,1.294173,EST,CHN,7373
2231088,73,43,1238,2018.0,33494.0,1723630.0,-0.663343,-0.384372,ETH,CHN,7373
2231089,74,43,1238,2018.0,11719010.0,5721114.0,1.561518,1.0198450000000001,FIN,CHN,7373
2231090,75,43,1238,2018.0,0.0,264934.0,-0.31149299999999996,0.198303,FJI,CHN,7373
2231091,77,43,1238,2018.0,30703156.0,15536311.0,1.3578540000000001,0.9033700000000001,FRA,CHN,7373
2231092,80,43,1238,2018.0,0.0,79012.0,-1.4532129999999999,-1.155702,GAB,CHN,7373
2231093,81,43,1238,2018.0,7884468.0,31723532.0,1.481442,1.050259,GBR,CHN,7373
2231094,82,43,1238,2018.0,0.0,1640623.0,-0.059633000000000005,-0.073048,GEO,CHN,7373
2231095,83,43,1238,2018.0,0.0,1730932.0,-0.769089,-0.8389200000000001,GHA,CHN,7373
2231096,85,43,1238,2018.0,0.0,211641.0,-1.3262909999999999,-1.237056,GIN,CHN,7373
2231097,87,43,1238,2018.0,0.0,45240.0,-1.001758,-0.771311,GMB,CHN,7373
2231098,88,43,1238,2018.0,0.0,33497.0,-1.317251,-1.011586,GNB,CHN,7373
2231099,89,43,1238,2018.0,0.0,23393.0,-2.065257,-0.986057,GNQ,CHN,7373
2231100,90,43,1238,2018.0,16117.0,3728154.0,0.069841,0.922895,GRC,CHN,7373
2231101,91,43,1238,2018.0,0.0,2059.0,0.508417,-0.198203,GRD,CHN,7373
2231102,93,43,1238,2018.0,0.0,1432531.0,-0.321177,0.6339090000000001,GTM,CHN,7373
2231103,96,43,1238,2018.0,0.0,188751.0,-0.83525,-1.040274,GUY,CHN,7373
2231104,97,43,1238,2018.0,23888280.0,48316312.0,0.8625149999999999,1.21001,HKG,CHN,7373
2231105,99,43,1238,2018.0,0.0,1112124.0,-0.505516,-0.20719899999999997,HND,CHN,7373
2231106,100,43,1238,2018.0,1055.0,1064856.0,0.8873559999999999,1.480788,HRV,CHN,7373
2231107,101,43,1238,2018.0,0.0,89802.0,-0.95605,-0.9751629999999999,HTI,CHN,7373
2231108,102,43,1238,2018.0,2277084.0,8003958.0,1.6983409999999999,0.693194,HUN,CHN,7373
2231109,103,43,1238,2018.0,41259.0,58984488.0,-0.0009939999999999999,1.417371,IDN,CHN,7373
2231110,104,43,1238,2018.0,3127171.0,120277776.0,0.536561,2.450287,IND,CHN,7373
2231111,106,43,1238,2018.0,56493.0,956034.0,1.3647,0.094596,IRL,CHN,7373
2231112,107,43,1238,2018.0,1419.0,18184878.0,-0.290723,-0.430805,IRN,CHN,7373
2231113,108,43,1238,2018.0,0.0,6963314.0,-0.627753,-0.983086,IRQ,CHN,7373
2231114,109,43,1238,2018.0,0.0,109067.0,0.161776,-0.293048,ISL,CHN,7373
2231115,110,43,1238,2018.0,1264283.0,5016526.0,1.205666,1.001693,ISR,CHN,7373
2231116,111,43,1238,2018.0,27265700.0,20776100.0,1.4594799999999999,0.05113,ITA,CHN,7373
2231117,112,43,1238,2018.0,0.0,147266.0,-0.210475,-0.808499,JAM,CHN,7373
2231118,113,43,1238,2018.0,0.0,1360437.0,0.125467,0.382625,JOR,CHN,7373
2231119,114,43,1238,2018.0,208673344.0,76783120.0,2.480327,-0.559793,JPN,CHN,7373
2231120,115,43,1238,2018.0,0.0,20776186.0,-0.625674,-0.605028,KAZ,CHN,7373
2231121,116,43,1238,2018.0,1244.0,2751468.0,-0.381632,0.460819,KEN,CHN,7373
2231122,117,43,1238,2018.0,0.0,1370804.0,0.000495,0.601278,KGZ,CHN,7373
2231123,118,43,1238,2018.0,6749.0,6671674.0,-0.5513779999999999,-0.598237,KHM,CHN,7373
2231124,119,43,1238,2018.0,0.0,1512.0,-0.616492,-0.950478,KIR,CHN,7373
2231125,121,43,1238,2018.0,135055024.0,45182952.0,2.139149,0.795045,KOR,CHN,7373
2231126,122,43,1238,2018.0,0.0,1425028.0,-0.790523,-1.136525,KWT,CHN,7373
2231127,123,43,1238,2018.0,0.0,2131466.0,-0.60597,-0.479868,LAO,CHN,7373
2231128,124,43,1238,2018.0,0.0,1932663.0,0.37832899999999997,1.077452,LBN,CHN,7373
2231129,125,43,1238,2018.0,0.0,69859.0,-1.081874,-1.105082,LBR,CHN,7373
2231130,126,43,1238,2018.0,0.0,432736.0,-1.454322,-1.169087,LBY,CHN,7373
2231131,127,43,1238,2018.0,0.0,7725.0,0.412714,0.17183900000000002,LCA,CHN,7373
2231132,128,43,1238,2018.0,0.0,2848622.0,-0.364093,0.347953,LKA,CHN,7373
2231133,129,43,1238,2018.0,0.0,3295.0,-0.159081,-0.22921799999999998,LSO,CHN,7373
2231134,130,43,1238,2018.0,0.0,4745448.0,0.839052,1.5688790000000001,LTU,CHN,7373
2231135,131,43,1238,2018.0,13020.0,214154.0,1.098797,1.390282,LUX,CHN,7373
2231136,132,43,1238,2018.0,1256.0,2568708.0,0.6984560000000001,1.29918,LVA,CHN,7373
2231137,133,43,1238,2018.0,0.0,140581.0,0.358075,0.081041,MAC,CHN,7373
2231138,134,43,1238,2018.0,0.0,3526740.0,-0.57445,-0.14461400000000002,MAR,CHN,7373
2231139,135,43,1238,2018.0,0.0,311831.0,-0.222348,-0.091067,MDA,CHN,7373
2231140,136,43,1238,2018.0,0.0,447576.0,-1.056786,-0.9160709999999999,MDG,CHN,7373
2231141,137,43,1238,2018.0,0.0,209706.0,-1.128674,-1.053328,MDV,CHN,7373
2231142,138,43,1238,2018.0,5505958.0,43828144.0,1.272851,0.646359,MEX,CHN,7373
2231143,139,43,1238,2018.0,0.0,20615.0,-0.131983,-0.743376,MHL,CHN,7373
2231144,140,43,1238,2018.0,0.0,174478.0,0.056548,-0.273964,MKD,CHN,7373
2231145,141,43,1238,2018.0,0.0,120324.0,-0.805876,-0.907854,MLI,CHN,7373
2231146,142,43,1238,2018.0,9519.0,50649.0,0.860195,0.281449,MLT,CHN,7373
2231147,143,43,1238,2018.0,8046.0,7675846.0,-0.9970469999999999,-0.28486,MMR,CHN,7373
2231148,144,43,1238,2018.0,0.0,88890.0,0.166157,0.132633,MNE,CHN,7373
2231149,145,43,1238,2018.0,11758.0,334808.0,-0.892013,-1.115228,MNG,CHN,7373
2231150,147,43,1238,2018.0,0.0,601651.0,-1.253762,-1.0049,MOZ,CHN,7373
2231151,148,43,1238,2018.0,0.0,113861.0,-1.219419,-1.2586,MRT,CHN,7373
2231152,151,43,1238,2018.0,0.0,419335.0,-0.268625,0.104254,MUS,CHN,7373
2231153,152,43,1238,2018.0,0.0,52629.0,-0.717512,-0.8799450000000001,MWI,CHN,7373
2231154,153,43,1238,2018.0,1734035.0,36405552.0,1.047185,0.732742,MYS,CHN,7373
2231155,155,43,1238,2018.0,6703.0,44812.0,-0.45412600000000003,-0.673077,NAM,CHN,7373
2231156,156,43,1238,2018.0,0.0,91243.0,-0.260395,-0.805425,NCL,CHN,7373
2231157,157,43,1238,2018.0,0.0,53804.0,-0.432568,-0.841635,NER,CHN,7373
2231158,159,43,1238,2018.0,0.0,6765262.0,-1.839074,-1.29837,NGA,CHN,7373
2231159,160,43,1238,2018.0,0.0,541871.0,-0.8788790000000001,-0.747015,NIC,CHN,7373
2231160,162,43,1238,2018.0,4189650.0,15338740.0,1.060964,1.491808,NLD,CHN,7373
2231161,163,43,1238,2018.0,294834.0,436690.0,0.359254,-0.059994000000000006,NOR,CHN,7373
2231162,164,43,1238,2018.0,0.0,820324.0,-0.15379500000000002,0.7814369999999999,NPL,CHN,7373
2231163,165,43,1238,2018.0,0.0,1638.0,0.7573529999999999,0.089247,NRU,CHN,7373
2231164,166,43,1238,2018.0,2213906.0,4991866.0,0.113398,0.017740000000000002,NZL,CHN,7373
2231165,167,43,1238,2018.0,0.0,795645.0,-0.513727,-0.9944280000000001,OMN,CHN,7373
2231166,168,43,1238,2018.0,29928.0,9870346.0,-0.737637,0.274296,PAK,CHN,7373
2231167,169,43,1238,2018.0,0.0,1886308.0,0.007061,-0.13867100000000002,PAN,CHN,7373
2231168,173,43,1238,2018.0,0.0,9814909.0,-0.842934,-0.302396,PER,CHN,7373
2231169,174,43,1238,2018.0,643553.0,30750850.0,0.7233649999999999,0.23715300000000003,PHL,CHN,7373
2231170,175,43,1238,2018.0,0.0,5115.0,-0.020347,-0.781658,PLW,CHN,7373
2231171,176,43,1238,2018.0,0.0,276771.0,-1.7208310000000002,-1.2635370000000001,PNG,CHN,7373
2231172,177,43,1238,2018.0,2164905.0,33644796.0,1.1323860000000001,1.1465040000000002,POL,CHN,7373
2231173,178,43,1238,2018.0,0.0,9550.0,0.766691,0.6022930000000001,PRK,CHN,7373
2231174,179,43,1238,2018.0,1150.0,3340964.0,0.787381,1.959475,PRT,CHN,7373
2231175,180,43,1238,2018.0,0.0,3111190.0,-0.504343,-0.8482040000000001,PRY,CHN,7373
2231176,181,43,1238,2018.0,0.0,50709.0,0.260898,0.79366,PSE,CHN,7373
2231177,182,43,1238,2018.0,0.0,93581.0,-0.167505,-0.7041350000000001,PYF,CHN,7373
2231178,183,43,1238,2018.0,0.0,2655871.0,-0.291537,-1.022145,QAT,CHN,7373
2231179,185,43,1238,2018.0,190629.0,7525054.0,1.1458030000000001,1.194413,ROU,CHN,7373
2231180,186,43,1238,2018.0,1611486.0,125174160.0,-0.079971,0.11098599999999999,RUS,CHN,7373
2231181,187,43,1238,2018.0,0.0,37139.0,-0.48781199999999997,-0.741734,RWA,CHN,7373
2231182,188,43,1238,2018.0,1144741.0,9976989.0,0.600485,-0.450466,SAU,CHN,7373
2231183,190,43,1238,2018.0,0.0,774245.0,-1.3426719999999999,-1.1851909999999999,SDN,CHN,7373
2231184,191,43,1238,2018.0,21175.0,410560.0,-0.699313,-0.360203,SEN,CHN,7373
2231185,192,43,1238,2018.0,5423406.0,16818398.0,1.870268,0.672214,SGP,CHN,7373
2231186,195,43,1238,2018.0,0.0,50161.0,-1.09344,-0.976073,SLB,CHN,7373
2231187,196,43,1238,2018.0,0.0,32136.0,-0.17023,-0.25755700000000004,SLE,CHN,7373
2231188,197,43,1238,2018.0,0.0,828670.0,0.07891799999999999,0.219075,SLV,CHN,7373
2231189,198,43,1238,2018.0,190443.0,0.0,1.1010280000000001,0.679361,SMR,CHN,7373
2231190,199,43,1238,2018.0,0.0,86743.0,-1.210687,-1.0716700000000001,SOM,CHN,7373
2231191,201,43,1238,2018.0,35721.0,2906684.0,0.665772,1.552409,SRB,CHN,7373
2231192,202,43,1238,2018.0,0.0,10235.0,-2.425557,-1.114587,SSD,CHN,7373
2231193,203,43,1238,2018.0,0.0,1906.0,1.469753,0.128072,STP,CHN,7373
2231194,205,43,1238,2018.0,0.0,133755.0,-0.721134,-1.069008,SUR,CHN,7373
2231195,206,43,1238,2018.0,2967924.0,1787496.0,1.445669,0.9135850000000001,SVK,CHN,7373
2231196,207,43,1238,2018.0,30552.0,5094626.0,1.623183,0.7150850000000001,SVN,CHN,7373
2231197,208,43,1238,2018.0,10896309.0,2564504.0,1.7254209999999999,0.638757,SWE,CHN,7373
2231198,211,43,1238,2018.0,0.0,27716.0,-0.222908,-0.7792100000000001,SYC,CHN,7373
2231199,212,43,1238,2018.0,0.0,2430422.0,-0.665828,-0.006848000000000001,SYR,CHN,7373
2231200,214,43,1238,2018.0,0.0,49079.0,-1.587501,-1.047253,TCD,CHN,7373
2231201,215,43,1238,2018.0,0.0,74907.0,-0.681426,-0.7010270000000001,TGO,CHN,7373
2231202,216,43,1238,2018.0,4126901.0,72309280.0,1.188923,1.264666,THA,CHN,7373
2231203,217,43,1238,2018.0,0.0,538148.0,-1.199219,-1.254751,TJK,CHN,7373
2231204,219,43,1238,2018.0,0.0,357628.0,-0.802551,-1.154068,TKM,CHN,7373
2231205,220,43,1238,2018.0,0.0,242477.0,-0.15203,-0.7739590000000001,TLS,CHN,7373
2231206,221,43,1238,2018.0,0.0,1083.0,0.405594,-0.318379,TON,CHN,7373
2231207,222,43,1238,2018.0,0.0,110973.0,-0.32209299999999996,-1.0651540000000002,TTO,CHN,7373
2231208,223,43,1238,2018.0,0.0,1172065.0,0.39611799999999997,1.252702,TUN,CHN,7373
2231209,224,43,1238,2018.0,185251.0,14307286.0,0.5883510000000001,2.357541,TUR,CHN,7373
2231210,226,43,1238,2018.0,0.0,1487515.0,-0.12971300000000002,1.379649,TZA,CHN,7373
2231211,227,43,1238,2018.0,0.0,289327.0,-0.569114,0.36182800000000004,UGA,CHN,7373
2231212,228,43,1238,2018.0,2021031.0,25479996.0,0.3281,1.0037459999999998,UKR,CHN,7373
2231213,230,43,1238,2018.0,0.0,3067794.0,0.016527,-0.250715,URY,CHN,7373
2231214,231,43,1238,2018.0,55488008.0,148502112.0,1.5527739999999999,0.288577,USA,CHN,7373
2231215,232,43,1238,2018.0,3515.0,8441820.0,-0.485013,-0.390021,UZB,CHN,7373
2231216,234,43,1238,2018.0,0.0,11026.0,-0.37162,-0.674759,VCT,CHN,7373
2231217,236,43,1238,2018.0,0.0,1451264.0,-1.180083,-1.23326,VEN,CHN,7373
2231218,239,43,1238,2018.0,198152.0,94938976.0,0.111848,0.915842,VNM,CHN,7373
2231219,240,43,1238,2018.0,0.0,27423.0,-1.240625,-1.029865,VUT,CHN,7373
2231220,242,43,1238,2018.0,0.0,24057.0,0.18920399999999998,0.27458299999999997,WSM,CHN,7373
2231221,243,43,1238,2018.0,0.0,983755.0,-1.260844,-1.187614,YEM,CHN,7373
2231222,246,43,1238,2018.0,380592.0,21914250.0,-0.053311000000000004,1.45561,ZAF,CHN,7373
2231223,247,43,1238,2018.0,0.0,426884.0,-0.8302510000000001,-0.932916,ZMB,CHN,7373
2231224,248,43,1238,2018.0,0.0,314431.0,-1.071621,-1.112033,ZWE,CHN,7373
2231225,249,43,1238,2018.0,35274476.0,19154198.0,2.0283580000000003,1.1648319999999999,TWN,CHN,7373
2231226,250,43,1238,2018.0,0.0,1389.0,0.760441,-0.310861,ANS,CHN,7373
2231227,7,49,1238,2018.0,28636.0,16806.0,-0.020214,-0.570049,ARE,COL,7373
2231228,8,49,1238,2018.0,9026.0,0.0,-0.239502,0.297865,ARG,COL,7373
2231229,14,49,1238,2018.0,5417.0,38278.0,-0.5578930000000001,-0.15666300000000002,AUS,COL,7373
2231230,15,49,1238,2018.0,177635.0,0.0,1.798687,-0.557271,AUT,COL,7373
2231231,18,49,1238,2018.0,5851.0,0.0,1.244674,1.1368969999999998,BEL,COL,7373
2231232,29,49,1238,2018.0,0.0,3621.0,-0.242696,-0.558757,BLZ,COL,7373
2231233,31,49,1238,2018.0,0.0,19158.0,-1.069519,-0.942264,BOL,COL,7373
2231234,32,49,1238,2018.0,197072.0,0.0,0.166542,0.718965,BRA,COL,7373
2231235,39,49,1238,2018.0,63227.0,19621.0,0.60854,1.475283,CAN,COL,7373
2231236,41,49,1238,2018.0,547186.0,3297.0,2.173252,0.861742,CHE,COL,7373
2231237,42,49,1238,2018.0,46522.0,53777.0,-0.24325300000000002,-0.350271,CHL,COL,7373
2231238,43,49,1238,2018.0,9766878.0,0.0,1.378018,0.513572,CHN,COL,7373
2231239,52,49,1238,2018.0,0.0,83493.0,0.27715,0.33261999999999997,CRI,COL,7373
2231240,59,49,1238,2018.0,174549.0,0.0,1.8018669999999999,0.022382,CZE,COL,7373
2231241,61,49,1238,2018.0,1204696.0,3095.0,2.126861,-2.619524,DEU,COL,7373
2231242,64,49,1238,2018.0,1699.0,0.0,1.094761,1.337348,DNK,COL,7373
2231243,65,49,1238,2018.0,0.0,50591.0,-0.205988,0.291906,DOM,COL,7373
2231244,67,49,1238,2018.0,8561.0,66539.0,-0.9813709999999999,-1.073273,ECU,COL,7373
2231245,71,49,1238,2018.0,182089.0,4885.0,0.851197,2.261012,ESP,COL,7373
2231246,74,49,1238,2018.0,329965.0,0.0,1.561518,1.0198450000000001,FIN,COL,7373
2231247,77,49,1238,2018.0,261991.0,0.0,1.3578540000000001,0.9033700000000001,FRA,COL,7373
2231248,81,49,1238,2018.0,67348.0,5139.0,1.481442,1.050259,GBR,COL,7373
2231249,93,49,1238,2018.0,0.0,82995.0,-0.321177,0.6339090000000001,GTM,COL,7373
2231250,97,49,1238,2018.0,48927.0,0.0,0.8625149999999999,1.21001,HKG,COL,7373
2231251,101,49,1238,2018.0,0.0,1666.0,-0.95605,-0.9751629999999999,HTI,COL,7373
2231252,102,49,1238,2018.0,1502.0,0.0,1.6983409999999999,0.693194,HUN,COL,7373
2231253,104,49,1238,2018.0,40095.0,0.0,0.536561,2.450287,IND,COL,7373
2231254,108,49,1238,2018.0,0.0,45008.0,-0.627753,-0.983086,IRQ,COL,7373
2231255,111,49,1238,2018.0,967522.0,2903.0,1.4594799999999999,0.05113,ITA,COL,7373
2231256,114,49,1238,2018.0,457654.0,0.0,2.480327,-0.559793,JPN,COL,7373
2231257,121,49,1238,2018.0,118845.0,0.0,2.139149,0.795045,KOR,COL,7373
2231258,138,49,1238,2018.0,1071850.0,71544.0,1.272851,0.646359,MEX,COL,7373
2231259,160,49,1238,2018.0,0.0,4234.0,-0.8788790000000001,-0.747015,NIC,COL,7373
2231260,162,49,1238,2018.0,20394.0,0.0,1.060964,1.491808,NLD,COL,7373
2231261,163,49,1238,2018.0,3191.0,0.0,0.359254,-0.059994000000000006,NOR,COL,7373
2231262,169,49,1238,2018.0,5930.0,89873.0,0.007061,-0.13867100000000002,PAN,COL,7373
2231263,173,49,1238,2018.0,106312.0,1057606.0,-0.842934,-0.302396,PER,COL,7373
2231264,177,49,1238,2018.0,81406.0,0.0,1.1323860000000001,1.1465040000000002,POL,COL,7373
2231265,179,49,1238,2018.0,46516.0,0.0,0.787381,1.959475,PRT,COL,7373
2231266,198,49,1238,2018.0,1510.0,0.0,1.1010280000000001,0.679361,SMR,COL,7373
2231267,208,49,1238,2018.0,27223.0,0.0,1.7254209999999999,0.638757,SWE,COL,7373
2231268,216,49,1238,2018.0,15510.0,0.0,1.188923,1.264666,THA,COL,7373
2231269,218,49,1238,2018.0,2462.0,0.0,0.42714399999999997,0.206551,TKL,COL,7373
2231270,224,49,1238,2018.0,107928.0,0.0,0.5883510000000001,2.357541,TUR,COL,7373
2231271,231,49,1238,2018.0,6995344.0,24341.0,1.5527739999999999,0.288577,USA,COL,7373
2231272,236,49,1238,2018.0,0.0,4584.0,-1.180083,-1.23326,VEN,COL,7373
2231273,246,49,1238,2018.0,5062.0,0.0,-0.053311000000000004,1.45561,ZAF,COL,7373
2231274,249,49,1238,2018.0,131980.0,0.0,2.0283580000000003,1.1648319999999999,TWN,COL,7373
2231275,250,49,1238,2018.0,0.0,3629.0,0.760441,-0.310861,ANS,COL,7373
2231276,15,52,1238,2018.0,88032.0,9824.0,1.798687,-0.557271,AUT,CRI,7373
2231277,32,52,1238,2018.0,7674.0,6130.0,0.166542,0.718965,BRA,CRI,7373
2231278,39,52,1238,2018.0,25557.0,22984.0,0.60854,1.475283,CAN,CRI,7373
2231279,41,52,1238,2018.0,1421070.0,50264.0,2.173252,0.861742,CHE,CRI,7373
2231280,43,52,1238,2018.0,2842776.0,22723.0,1.378018,0.513572,CHN,CRI,7373
2231281,49,52,1238,2018.0,83493.0,0.0,0.144073,-0.10276199999999999,COL,CRI,7373
2231282,59,52,1238,2018.0,0.0,40011.0,1.8018669999999999,0.022382,CZE,CRI,7373
2231283,61,52,1238,2018.0,144473.0,232388.0,2.126861,-2.619524,DEU,CRI,7373
2231284,64,52,1238,2018.0,0.0,25669.0,1.094761,1.337348,DNK,CRI,7373
2231285,65,52,1238,2018.0,0.0,27110.0,-0.205988,0.291906,DOM,CRI,7373
2231286,67,52,1238,2018.0,0.0,4206.0,-0.9813709999999999,-1.073273,ECU,CRI,7373
2231287,71,52,1238,2018.0,17270.0,390367.0,0.851197,2.261012,ESP,CRI,7373
2231288,74,52,1238,2018.0,51660.0,2149.0,1.561518,1.0198450000000001,FIN,CRI,7373
2231289,77,52,1238,2018.0,39339.0,19489.0,1.3578540000000001,0.9033700000000001,FRA,CRI,7373
2231290,81,52,1238,2018.0,6878.0,0.0,1.481442,1.050259,GBR,CRI,7373
2231291,90,52,1238,2018.0,4619.0,0.0,0.069841,0.922895,GRC,CRI,7373
2231292,93,52,1238,2018.0,0.0,147250.0,-0.321177,0.6339090000000001,GTM,CRI,7373
2231293,97,52,1238,2018.0,22933.0,0.0,0.8625149999999999,1.21001,HKG,CRI,7373
2231294,103,52,1238,2018.0,1528.0,0.0,-0.0009939999999999999,1.417371,IDN,CRI,7373
2231295,104,52,1238,2018.0,10001.0,258938.0,0.536561,2.450287,IND,CRI,7373
2231296,106,52,1238,2018.0,1981.0,0.0,1.3647,0.094596,IRL,CRI,7373
2231297,110,52,1238,2018.0,3427.0,8011.0,1.205666,1.001693,ISR,CRI,7373
2231298,111,52,1238,2018.0,32445.0,19821.0,1.4594799999999999,0.05113,ITA,CRI,7373
2231299,114,52,1238,2018.0,215132.0,0.0,2.480327,-0.559793,JPN,CRI,7373
2231300,121,52,1238,2018.0,63765.0,1148.0,2.139149,0.795045,KOR,CRI,7373
2231301,138,52,1238,2018.0,324908.0,2018.0,1.272851,0.646359,MEX,CRI,7373
2231302,140,52,1238,2018.0,0.0,1388.0,0.056548,-0.273964,MKD,CRI,7373
2231303,153,52,1238,2018.0,2361.0,3879.0,1.047185,0.732742,MYS,CRI,7373
2231304,160,52,1238,2018.0,6632.0,16440.0,-0.8788790000000001,-0.747015,NIC,CRI,7373
2231305,162,52,1238,2018.0,0.0,36902.0,1.060964,1.491808,NLD,CRI,7373
2231306,169,52,1238,2018.0,37893.0,34527.0,0.007061,-0.13867100000000002,PAN,CRI,7373
2231307,174,52,1238,2018.0,0.0,1289.0,0.7233649999999999,0.23715300000000003,PHL,CRI,7373
2231308,177,52,1238,2018.0,8893.0,5838.0,1.1323860000000001,1.1465040000000002,POL,CRI,7373
2231309,185,52,1238,2018.0,0.0,38807.0,1.1458030000000001,1.194413,ROU,CRI,7373
2231310,186,52,1238,2018.0,0.0,8280.0,-0.079971,0.11098599999999999,RUS,CRI,7373
2231311,192,52,1238,2018.0,0.0,8095.0,1.870268,0.672214,SGP,CRI,7373
2231312,197,52,1238,2018.0,0.0,65881.0,0.07891799999999999,0.219075,SLV,CRI,7373
2231313,206,52,1238,2018.0,0.0,4224.0,1.445669,0.9135850000000001,SVK,CRI,7373
2231314,207,52,1238,2018.0,0.0,4779.0,1.623183,0.7150850000000001,SVN,CRI,7373
2231315,216,52,1238,2018.0,0.0,184267.0,1.188923,1.264666,THA,CRI,7373
2231316,223,52,1238,2018.0,0.0,5532.0,0.39611799999999997,1.252702,TUN,CRI,7373
2231317,224,52,1238,2018.0,0.0,1548.0,0.5883510000000001,2.357541,TUR,CRI,7373
2231318,228,52,1238,2018.0,0.0,5731.0,0.3281,1.0037459999999998,UKR,CRI,7373
2231319,231,52,1238,2018.0,4914626.0,2479379.0,1.5527739999999999,0.288577,USA,CRI,7373
2231320,236,52,1238,2018.0,0.0,1059.0,-1.180083,-1.23326,VEN,CRI,7373
2231321,239,52,1238,2018.0,0.0,22498.0,0.111848,0.915842,VNM,CRI,7373
2231322,246,52,1238,2018.0,0.0,65762.0,-0.053311000000000004,1.45561,ZAF,CRI,7373
2231323,249,52,1238,2018.0,14118.0,0.0,2.0283580000000003,1.1648319999999999,TWN,CRI,7373
2231324,250,52,1238,2018.0,56512.0,0.0,0.760441,-0.310861,ANS,CRI,7373
2231325,43,55,1238,2018.0,13049.0,0.0,1.378018,0.513572,CHN,CUW,7373
2231326,61,55,1238,2018.0,5062.0,0.0,2.126861,-2.619524,DEU,CUW,7373
2231327,114,55,1238,2018.0,4076.0,0.0,2.480327,-0.559793,JPN,CUW,7373
2231328,162,55,1238,2018.0,248269.0,6665.0,1.060964,1.491808,NLD,CUW,7373
2231329,231,55,1238,2018.0,192359.0,10072.0,1.5527739999999999,0.288577,USA,CUW,7373
2231330,234,55,1238,2018.0,0.0,5684.0,-0.37162,-0.674759,VCT,CUW,7373
2231331,2,58,1238,2018.0,0.0,2002.0,-1.6785400000000001,-1.2244030000000001,AGO,CYP,7373
2231332,7,58,1238,2018.0,15166.0,0.0,-0.020214,-0.570049,ARE,CYP,7373
2231333,15,58,1238,2018.0,32524.0,0.0,1.798687,-0.557271,AUT,CYP,7373
2231334,18,58,1238,2018.0,67385.0,0.0,1.244674,1.1368969999999998,BEL,CYP,7373
2231335,32,58,1238,2018.0,1644.0,0.0,0.166542,0.718965,BRA,CYP,7373
2231336,39,58,1238,2018.0,9819.0,0.0,0.60854,1.475283,CAN,CYP,7373
2231337,41,58,1238,2018.0,1148.0,0.0,2.173252,0.861742,CHE,CYP,7373
2231338,43,58,1238,2018.0,303844.0,0.0,1.378018,0.513572,CHN,CYP,7373
2231339,59,58,1238,2018.0,15495.0,0.0,1.8018669999999999,0.022382,CZE,CYP,7373
2231340,61,58,1238,2018.0,194549.0,0.0,2.126861,-2.619524,DEU,CYP,7373
2231341,64,58,1238,2018.0,329174.0,0.0,1.094761,1.337348,DNK,CYP,7373
2231342,68,58,1238,2018.0,0.0,8671.0,-0.093935,1.6368610000000001,EGY,CYP,7373
2231343,71,58,1238,2018.0,24379.0,0.0,0.851197,2.261012,ESP,CYP,7373
2231344,74,58,1238,2018.0,41181.0,0.0,1.561518,1.0198450000000001,FIN,CYP,7373
2231345,77,58,1238,2018.0,138980.0,0.0,1.3578540000000001,0.9033700000000001,FRA,CYP,7373
2231346,81,58,1238,2018.0,90719.0,47254.0,1.481442,1.050259,GBR,CYP,7373
2231347,90,58,1238,2018.0,165610.0,69792.0,0.069841,0.922895,GRC,CYP,7373
2231348,97,58,1238,2018.0,14948.0,0.0,0.8625149999999999,1.21001,HKG,CYP,7373
2231349,102,58,1238,2018.0,6341.0,0.0,1.6983409999999999,0.693194,HUN,CYP,7373
2231350,104,58,1238,2018.0,65497.0,0.0,0.536561,2.450287,IND,CYP,7373
2231351,110,58,1238,2018.0,0.0,23946.0,1.205666,1.001693,ISR,CYP,7373
2231352,111,58,1238,2018.0,929643.0,0.0,1.4594799999999999,0.05113,ITA,CYP,7373
2231353,113,58,1238,2018.0,3063.0,0.0,0.125467,0.382625,JOR,CYP,7373
2231354,114,58,1238,2018.0,5263.0,0.0,2.480327,-0.559793,JPN,CYP,7373
2231355,124,58,1238,2018.0,10192.0,0.0,0.37832899999999997,1.077452,LBN,CYP,7373
2231356,130,58,1238,2018.0,5663.0,0.0,0.839052,1.5688790000000001,LTU,CYP,7373
2231357,162,58,1238,2018.0,123392.0,2110.0,1.060964,1.491808,NLD,CYP,7373
2231358,177,58,1238,2018.0,66828.0,0.0,1.1323860000000001,1.1465040000000002,POL,CYP,7373
2231359,186,58,1238,2018.0,1174.0,1984.0,-0.079971,0.11098599999999999,RUS,CYP,7373
2231360,201,58,1238,2018.0,8131.0,0.0,0.665772,1.552409,SRB,CYP,7373
2231361,206,58,1238,2018.0,3671.0,0.0,1.445669,0.9135850000000001,SVK,CYP,7373
2231362,208,58,1238,2018.0,3604.0,0.0,1.7254209999999999,0.638757,SWE,CYP,7373
2231363,224,58,1238,2018.0,267335.0,0.0,0.5883510000000001,2.357541,TUR,CYP,7373
2231364,226,58,1238,2018.0,2080.0,0.0,-0.12971300000000002,1.379649,TZA,CYP,7373
2231365,231,58,1238,2018.0,2283.0,0.0,1.5527739999999999,0.288577,USA,CYP,7373
2231366,249,58,1238,2018.0,1832.0,0.0,2.0283580000000003,1.1648319999999999,TWN,CYP,7373
2231367,1,61,1238,2018.0,0.0,5654.0,-1.098293,-0.812288,AFG,DEU,7373
2231368,2,61,1238,2018.0,0.0,27305.0,-1.6785400000000001,-1.2244030000000001,AGO,DEU,7373
2231369,4,61,1238,2018.0,0.0,472024.0,-0.403248,-0.180523,ALB,DEU,7373
2231370,7,61,1238,2018.0,309770.0,6484716.0,-0.020214,-0.570049,ARE,DEU,7373
2231371,8,61,1238,2018.0,25898.0,3267578.0,-0.239502,0.297865,ARG,DEU,7373
2231372,9,61,1238,2018.0,1234.0,48965.0,-0.42181499999999994,-0.663385,ARM,DEU,7373
2231373,12,61,1238,2018.0,0.0,2987.0,1.027283,-0.42601000000000006,ATF,DEU,7373
2231374,14,61,1238,2018.0,81124.0,12620139.0,-0.5578930000000001,-0.15666300000000002,AUS,DEU,7373
2231375,15,61,1238,2018.0,51078632.0,100550720.0,1.798687,-0.557271,AUT,DEU,7373
2231376,16,61,1238,2018.0,0.0,89370.0,-1.47928,-1.313633,AZE,DEU,7373
2231377,18,61,1238,2018.0,4114796.0,33683376.0,1.244674,1.1368969999999998,BEL,DEU,7373
2231378,19,61,1238,2018.0,0.0,1121.0,-0.775822,-0.800248,BEN,DEU,7373
2231379,21,61,1238,2018.0,0.0,31288.0,-0.625138,-0.848562,BFA,DEU,7373
2231380,22,61,1238,2018.0,48191.0,274844.0,-0.9003549999999999,-1.1066610000000001,BGD,DEU,7373
2231381,23,61,1238,2018.0,274948.0,11245037.0,0.516917,1.915288,BGR,DEU,7373
2231382,24,61,1238,2018.0,31060.0,332605.0,0.335652,-0.646621,BHR,DEU,7373
2231383,25,61,1238,2018.0,24943.0,111861.0,0.359908,-0.445567,BHS,DEU,7373
2231384,26,61,1238,2018.0,1659578.0,1700615.0,0.676528,0.8948299999999999,BIH,DEU,7373
2231385,28,61,1238,2018.0,71861.0,1902698.0,0.86016,1.034144,BLR,DEU,7373
2231386,31,61,1238,2018.0,0.0,53677.0,-1.069519,-0.942264,BOL,DEU,7373
2231387,32,61,1238,2018.0,536493.0,21581980.0,0.166542,0.718965,BRA,DEU,7373
2231388,37,61,1238,2018.0,0.0,261900.0,-0.611288,-1.125815,BWA,DEU,7373
2231389,39,61,1238,2018.0,1040842.0,25451780.0,0.60854,1.475283,CAN,DEU,7373
2231390,41,61,1238,2018.0,110377304.0,72706664.0,2.173252,0.861742,CHE,DEU,7373
2231391,42,61,1238,2018.0,25958.0,1619948.0,-0.24325300000000002,-0.350271,CHL,DEU,7373
2231392,43,61,1238,2018.0,80631184.0,342811232.0,1.378018,0.513572,CHN,DEU,7373
2231393,44,61,1238,2018.0,0.0,272401.0,-1.021384,-0.898676,CIV,DEU,7373
2231394,45,61,1238,2018.0,0.0,21866.0,-1.2144,-1.0318260000000001,CMR,DEU,7373
2231395,46,61,1238,2018.0,1059.0,26704.0,-1.704339,-1.211619,COD,DEU,7373
2231396,47,61,1238,2018.0,14946.0,3403.0,-1.614157,-1.177288,COG,DEU,7373
2231397,49,61,1238,2018.0,3095.0,1204696.0,0.144073,-0.10276199999999999,COL,DEU,7373
2231398,51,61,1238,2018.0,0.0,24079.0,-0.43036899999999995,-0.761514,CPV,DEU,7373
2231399,52,61,1238,2018.0,232388.0,144473.0,0.27715,0.33261999999999997,CRI,DEU,7373
2231400,54,61,1238,2018.0,0.0,37060.0,-1.077539,-1.241754,CUB,DEU,7373
2231401,55,61,1238,2018.0,0.0,5062.0,0.844115,-0.134234,CUW,DEU,7373
2231402,58,61,1238,2018.0,0.0,194549.0,0.180009,-0.26353200000000004,CYP,DEU,7373
2231403,59,61,1238,2018.0,71382960.0,104075160.0,1.8018669999999999,0.022382,CZE,DEU,7373
2231404,62,61,1238,2018.0,0.0,4818.0,-0.266256,-0.608169,DJI,DEU,7373
2231405,64,61,1238,2018.0,7343510.0,11149598.0,1.094761,1.337348,DNK,DEU,7373
2231406,65,61,1238,2018.0,3862.0,284286.0,-0.205988,0.291906,DOM,DEU,7373
2231407,66,61,1238,2018.0,12865.0,2383436.0,-1.121185,-1.196891,DZA,DEU,7373
2231408,67,61,1238,2018.0,0.0,312515.0,-0.9813709999999999,-1.073273,ECU,DEU,7373
2231409,68,61,1238,2018.0,0.0,3213460.0,-0.093935,1.6368610000000001,EGY,DEU,7373
2231410,71,61,1238,2018.0,30634804.0,94011072.0,0.851197,2.261012,ESP,DEU,7373
2231411,72,61,1238,2018.0,4907808.0,2751802.0,0.957627,1.294173,EST,DEU,7373
2231412,73,61,1238,2018.0,0.0,218283.0,-0.663343,-0.384372,ETH,DEU,7373
2231413,74,61,1238,2018.0,10057240.0,11156174.0,1.561518,1.0198450000000001,FIN,DEU,7373
2231414,77,61,1238,2018.0,31228316.0,105302024.0,1.3578540000000001,0.9033700000000001,FRA,DEU,7373
2231415,78,61,1238,2018.0,0.0,6476.0,-1.2035120000000001,-1.0473700000000001,FRO,DEU,7373
2231416,81,61,1238,2018.0,10444796.0,52289164.0,1.481442,1.050259,GBR,DEU,7373
2231417,82,61,1238,2018.0,1283.0,48804.0,-0.059633000000000005,-0.073048,GEO,DEU,7373
2231418,83,61,1238,2018.0,2257.0,220612.0,-0.769089,-0.8389200000000001,GHA,DEU,7373
2231419,84,61,1238,2018.0,2360.0,5087.0,0.47997399999999996,-0.650043,GIB,DEU,7373
2231420,85,61,1238,2018.0,0.0,12445.0,-1.3262909999999999,-1.237056,GIN,DEU,7373
2231421,90,61,1238,2018.0,3509809.0,2871088.0,0.069841,0.922895,GRC,DEU,7373
2231422,91,61,1238,2018.0,0.0,7088.0,0.508417,-0.198203,GRD,DEU,7373
2231423,92,61,1238,2018.0,0.0,1540.0,-1.0319049999999999,-1.0353629999999998,GRL,DEU,7373
2231424,93,61,1238,2018.0,0.0,434734.0,-0.321177,0.6339090000000001,GTM,DEU,7373
2231425,96,61,1238,2018.0,0.0,4000.0,-0.83525,-1.040274,GUY,DEU,7373
2231426,97,61,1238,2018.0,1476074.0,15004499.0,0.8625149999999999,1.21001,HKG,DEU,7373
2231427,99,61,1238,2018.0,1978.0,78343.0,-0.505516,-0.20719899999999997,HND,DEU,7373
2231428,100,61,1238,2018.0,9781072.0,5851060.0,0.8873559999999999,1.480788,HRV,DEU,7373
2231429,101,61,1238,2018.0,0.0,21595.0,-0.95605,-0.9751629999999999,HTI,DEU,7373
2231430,102,61,1238,2018.0,8647001.0,62097884.0,1.6983409999999999,0.693194,HUN,DEU,7373
2231431,103,61,1238,2018.0,72880.0,3745845.0,-0.0009939999999999999,1.417371,IDN,DEU,7373
2231432,104,61,1238,2018.0,6848304.0,46048692.0,0.536561,2.450287,IND,DEU,7373
2231433,106,61,1238,2018.0,2121311.0,6459770.0,1.3647,0.094596,IRL,DEU,7373
2231434,107,61,1238,2018.0,0.0,1517926.0,-0.290723,-0.430805,IRN,DEU,7373
2231435,108,61,1238,2018.0,0.0,337412.0,-0.627753,-0.983086,IRQ,DEU,7373
2231436,109,61,1238,2018.0,122714.0,341616.0,0.161776,-0.293048,ISL,DEU,7373
2231437,110,61,1238,2018.0,211581.0,7692352.0,1.205666,1.001693,ISR,DEU,7373
2231438,111,61,1238,2018.0,64998736.0,108039160.0,1.4594799999999999,0.05113,ITA,DEU,7373
2231439,112,61,1238,2018.0,0.0,42600.0,-0.210475,-0.808499,JAM,DEU,7373
2231440,113,61,1238,2018.0,0.0,99130.0,0.125467,0.382625,JOR,DEU,7373
2231441,114,61,1238,2018.0,13513221.0,60785080.0,2.480327,-0.559793,JPN,DEU,7373
2231442,115,61,1238,2018.0,65065.0,6700330.0,-0.625674,-0.605028,KAZ,DEU,7373
2231443,116,61,1238,2018.0,0.0,107604.0,-0.381632,0.460819,KEN,DEU,7373
2231444,117,61,1238,2018.0,0.0,15267.0,0.000495,0.601278,KGZ,DEU,7373
2231445,118,61,1238,2018.0,0.0,18633.0,-0.5513779999999999,-0.598237,KHM,DEU,7373
2231446,121,61,1238,2018.0,6829454.0,38045848.0,2.139149,0.795045,KOR,DEU,7373
2231447,122,61,1238,2018.0,18104.0,1117585.0,-0.790523,-1.136525,KWT,DEU,7373
2231448,123,61,1238,2018.0,851865.0,0.0,-0.60597,-0.479868,LAO,DEU,7373
2231449,124,61,1238,2018.0,0.0,365357.0,0.37832899999999997,1.077452,LBN,DEU,7373
2231450,126,61,1238,2018.0,0.0,87025.0,-1.454322,-1.169087,LBY,DEU,7373
2231451,128,61,1238,2018.0,9906.0,478197.0,-0.364093,0.347953,LKA,DEU,7373
2231452,130,61,1238,2018.0,534467.0,5461072.0,0.839052,1.5688790000000001,LTU,DEU,7373
2231453,131,61,1238,2018.0,4371489.0,3038620.0,1.098797,1.390282,LUX,DEU,7373
2231454,132,61,1238,2018.0,3054.0,1577554.0,0.6984560000000001,1.29918,LVA,DEU,7373
2231455,133,61,1238,2018.0,2128.0,7350.0,0.358075,0.081041,MAC,DEU,7373
2231456,134,61,1238,2018.0,43171.0,14758056.0,-0.57445,-0.14461400000000002,MAR,DEU,7373
2231457,135,61,1238,2018.0,44393.0,1992589.0,-0.222348,-0.091067,MDA,DEU,7373
2231458,136,61,1238,2018.0,4284.0,25153.0,-1.056786,-0.9160709999999999,MDG,DEU,7373
2231459,137,61,1238,2018.0,0.0,4358.0,-1.128674,-1.053328,MDV,DEU,7373
2231460,138,61,1238,2018.0,2895696.0,102306288.0,1.272851,0.646359,MEX,DEU,7373
2231461,140,61,1238,2018.0,69747.0,2862454.0,0.056548,-0.273964,MKD,DEU,7373
2231462,141,61,1238,2018.0,0.0,29976.0,-0.805876,-0.907854,MLI,DEU,7373
2231463,142,61,1238,2018.0,34558.0,469587.0,0.860195,0.281449,MLT,DEU,7373
2231464,143,61,1238,2018.0,0.0,19839.0,-0.9970469999999999,-0.28486,MMR,DEU,7373
2231465,144,61,1238,2018.0,0.0,24853.0,0.166157,0.132633,MNE,DEU,7373
2231466,145,61,1238,2018.0,0.0,18139.0,-0.892013,-1.115228,MNG,DEU,7373
2231467,147,61,1238,2018.0,1174.0,23484.0,-1.253762,-1.0049,MOZ,DEU,7373
2231468,148,61,1238,2018.0,0.0,21188.0,-1.219419,-1.2586,MRT,DEU,7373
2231469,151,61,1238,2018.0,0.0,26235.0,-0.268625,0.104254,MUS,DEU,7373
2231470,152,61,1238,2018.0,0.0,39203.0,-0.717512,-0.8799450000000001,MWI,DEU,7373
2231471,153,61,1238,2018.0,941308.0,10276397.0,1.047185,0.732742,MYS,DEU,7373
2231472,155,61,1238,2018.0,0.0,167372.0,-0.45412600000000003,-0.673077,NAM,DEU,7373
2231473,156,61,1238,2018.0,0.0,22139.0,-0.260395,-0.805425,NCL,DEU,7373
2231474,157,61,1238,2018.0,0.0,6594.0,-0.432568,-0.841635,NER,DEU,7373
2231475,159,61,1238,2018.0,0.0,1391656.0,-1.839074,-1.29837,NGA,DEU,7373
2231476,160,61,1238,2018.0,0.0,252781.0,-0.8788790000000001,-0.747015,NIC,DEU,7373
2231477,162,61,1238,2018.0,45011572.0,47490696.0,1.060964,1.491808,NLD,DEU,7373
2231478,163,61,1238,2018.0,532260.0,7254009.0,0.359254,-0.059994000000000006,NOR,DEU,7373
2231479,166,61,1238,2018.0,30548.0,2548000.0,0.113398,0.017740000000000002,NZL,DEU,7373
2231480,167,61,1238,2018.0,24476.0,274600.0,-0.513727,-0.9944280000000001,OMN,DEU,7373
2231481,168,61,1238,2018.0,4527.0,702128.0,-0.737637,0.274296,PAK,DEU,7373
2231482,169,61,1238,2018.0,4992.0,183753.0,0.007061,-0.13867100000000002,PAN,DEU,7373
2231483,173,61,1238,2018.0,6576.0,1249002.0,-0.842934,-0.302396,PER,DEU,7373
2231484,174,61,1238,2018.0,18302.0,3163628.0,0.7233649999999999,0.23715300000000003,PHL,DEU,7373
2231485,177,61,1238,2018.0,19732072.0,138121936.0,1.1323860000000001,1.1465040000000002,POL,DEU,7373
2231486,179,61,1238,2018.0,1448968.0,20972260.0,0.787381,1.959475,PRT,DEU,7373
2231487,180,61,1238,2018.0,0.0,123422.0,-0.504343,-0.8482040000000001,PRY,DEU,7373
2231488,181,61,1238,2018.0,0.0,1052.0,0.260898,0.79366,PSE,DEU,7373
2231489,182,61,1238,2018.0,0.0,22028.0,-0.167505,-0.7041350000000001,PYF,DEU,7373
2231490,183,61,1238,2018.0,0.0,733381.0,-0.291537,-1.022145,QAT,DEU,7373
2231491,185,61,1238,2018.0,21002862.0,68527960.0,1.1458030000000001,1.194413,ROU,DEU,7373
2231492,186,61,1238,2018.0,957096.0,71058504.0,-0.079971,0.11098599999999999,RUS,DEU,7373
2231493,187,61,1238,2018.0,0.0,10349.0,-0.48781199999999997,-0.741734,RWA,DEU,7373
2231494,188,61,1238,2018.0,83571.0,4211340.0,0.600485,-0.450466,SAU,DEU,7373
2231495,190,61,1238,2018.0,0.0,49967.0,-1.3426719999999999,-1.1851909999999999,SDN,DEU,7373
2231496,191,61,1238,2018.0,0.0,62318.0,-0.699313,-0.360203,SEN,DEU,7373
2231497,192,61,1238,2018.0,816808.0,8872729.0,1.870268,0.672214,SGP,DEU,7373
2231498,197,61,1238,2018.0,0.0,117993.0,0.07891799999999999,0.219075,SLV,DEU,7373
2231499,198,61,1238,2018.0,0.0,1405.0,1.1010280000000001,0.679361,SMR,DEU,7373
2231500,201,61,1238,2018.0,1056764.0,8467651.0,0.665772,1.552409,SRB,DEU,7373
2231501,205,61,1238,2018.0,0.0,8781.0,-0.721134,-1.069008,SUR,DEU,7373
2231502,206,61,1238,2018.0,13170159.0,35489612.0,1.445669,0.9135850000000001,SVK,DEU,7373
2231503,207,61,1238,2018.0,9644992.0,31405790.0,1.623183,0.7150850000000001,SVN,DEU,7373
2231504,208,61,1238,2018.0,84044208.0,24311228.0,1.7254209999999999,0.638757,SWE,DEU,7373
2231505,209,61,1238,2018.0,0.0,2346.0,-0.136719,-0.38962800000000003,SWZ,DEU,7373
2231506,211,61,1238,2018.0,0.0,5194.0,-0.222908,-0.7792100000000001,SYC,DEU,7373
2231507,215,61,1238,2018.0,0.0,17063.0,-0.681426,-0.7010270000000001,TGO,DEU,7373
2231508,216,61,1238,2018.0,333483.0,24856844.0,1.188923,1.264666,THA,DEU,7373
2231509,217,61,1238,2018.0,0.0,3993.0,-1.199219,-1.254751,TJK,DEU,7373
2231510,219,61,1238,2018.0,0.0,50196.0,-0.802551,-1.154068,TKM,DEU,7373
2231511,222,61,1238,2018.0,0.0,19825.0,-0.32209299999999996,-1.0651540000000002,TTO,DEU,7373
2231512,223,61,1238,2018.0,45662.0,7955096.0,0.39611799999999997,1.252702,TUN,DEU,7373
2231513,224,61,1238,2018.0,1158004.0,41530748.0,0.5883510000000001,2.357541,TUR,DEU,7373
2231514,226,61,1238,2018.0,0.0,87462.0,-0.12971300000000002,1.379649,TZA,DEU,7373
2231515,227,61,1238,2018.0,0.0,14512.0,-0.569114,0.36182800000000004,UGA,DEU,7373
2231516,228,61,1238,2018.0,134783.0,7988512.0,0.3281,1.0037459999999998,UKR,DEU,7373
2231517,230,61,1238,2018.0,0.0,118095.0,0.016527,-0.250715,URY,DEU,7373
2231518,231,61,1238,2018.0,27006120.0,376553760.0,1.5527739999999999,0.288577,USA,DEU,7373
2231519,232,61,1238,2018.0,7294.0,1929737.0,-0.485013,-0.390021,UZB,DEU,7373
2231520,234,61,1238,2018.0,0.0,5545.0,-0.37162,-0.674759,VCT,DEU,7373
2231521,236,61,1238,2018.0,0.0,3132.0,-1.180083,-1.23326,VEN,DEU,7373
2231522,239,61,1238,2018.0,9022.0,154812784.0,0.111848,0.915842,VNM,DEU,7373
2231523,243,61,1238,2018.0,0.0,6701.0,-1.260844,-1.187614,YEM,DEU,7373
2231524,246,61,1238,2018.0,1426989.0,17277644.0,-0.053311000000000004,1.45561,ZAF,DEU,7373
2231525,247,61,1238,2018.0,0.0,28433.0,-0.8302510000000001,-0.932916,ZMB,DEU,7373
2231526,248,61,1238,2018.0,0.0,7678.0,-1.071621,-1.112033,ZWE,DEU,7373
2231527,249,61,1238,2018.0,4046551.0,10625441.0,2.0283580000000003,1.1648319999999999,TWN,DEU,7373
2231528,250,61,1238,2018.0,0.0,108554.0,0.760441,-0.310861,ANS,DEU,7373
2231529,7,64,1238,2018.0,0.0,42070.0,-0.020214,-0.570049,ARE,DNK,7373
2231530,8,64,1238,2018.0,0.0,3771.0,-0.239502,0.297865,ARG,DNK,7373
2231531,14,64,1238,2018.0,0.0,430574.0,-0.5578930000000001,-0.15666300000000002,AUS,DNK,7373
2231532,15,64,1238,2018.0,770678.0,832660.0,1.798687,-0.557271,AUT,DNK,7373
2231533,18,64,1238,2018.0,124115.0,235165.0,1.244674,1.1368969999999998,BEL,DNK,7373
2231534,21,64,1238,2018.0,0.0,2945.0,-0.625138,-0.848562,BFA,DNK,7373
2231535,23,64,1238,2018.0,2283.0,12691.0,0.516917,1.915288,BGR,DNK,7373
2231536,26,64,1238,2018.0,0.0,535545.0,0.676528,0.8948299999999999,BIH,DNK,7373
2231537,28,64,1238,2018.0,0.0,1850.0,0.86016,1.034144,BLR,DNK,7373
2231538,31,64,1238,2018.0,0.0,9132.0,-1.069519,-0.942264,BOL,DNK,7373
2231539,32,64,1238,2018.0,6598.0,84226.0,0.166542,0.718965,BRA,DNK,7373
2231540,33,64,1238,2018.0,0.0,4689.0,0.50894,0.043631,BRB,DNK,7373
2231541,39,64,1238,2018.0,2078.0,10406.0,0.60854,1.475283,CAN,DNK,7373
2231542,41,64,1238,2018.0,2566928.0,461176.0,2.173252,0.861742,CHE,DNK,7373
2231543,42,64,1238,2018.0,0.0,70262.0,-0.24325300000000002,-0.350271,CHL,DNK,7373
2231544,43,64,1238,2018.0,6283356.0,1939042.0,1.378018,0.513572,CHN,DNK,7373
2231545,44,64,1238,2018.0,0.0,1019.0,-1.021384,-0.898676,CIV,DNK,7373
2231546,49,64,1238,2018.0,0.0,1699.0,0.144073,-0.10276199999999999,COL,DNK,7373
2231547,52,64,1238,2018.0,25669.0,0.0,0.27715,0.33261999999999997,CRI,DNK,7373
2231548,58,64,1238,2018.0,0.0,329174.0,0.180009,-0.26353200000000004,CYP,DNK,7373
2231549,59,64,1238,2018.0,783840.0,3272914.0,1.8018669999999999,0.022382,CZE,DNK,7373
2231550,61,64,1238,2018.0,11149598.0,7343510.0,2.126861,-2.619524,DEU,DNK,7373
2231551,65,64,1238,2018.0,0.0,11343.0,-0.205988,0.291906,DOM,DNK,7373
2231552,71,64,1238,2018.0,200145.0,509624.0,0.851197,2.261012,ESP,DNK,7373
2231553,72,64,1238,2018.0,23876.0,66346.0,0.957627,1.294173,EST,DNK,7373
2231554,74,64,1238,2018.0,2389654.0,523697.0,1.561518,1.0198450000000001,FIN,DNK,7373
2231555,77,64,1238,2018.0,827713.0,296544.0,1.3578540000000001,0.9033700000000001,FRA,DNK,7373
2231556,78,64,1238,2018.0,0.0,265706.0,-1.2035120000000001,-1.0473700000000001,FRO,DNK,7373
2231557,81,64,1238,2018.0,936705.0,323193.0,1.481442,1.050259,GBR,DNK,7373
2231558,83,64,1238,2018.0,0.0,16939.0,-0.769089,-0.8389200000000001,GHA,DNK,7373
2231559,90,64,1238,2018.0,3317.0,14380.0,0.069841,0.922895,GRC,DNK,7373
2231560,92,64,1238,2018.0,0.0,975935.0,-1.0319049999999999,-1.0353629999999998,GRL,DNK,7373
2231561,97,64,1238,2018.0,13149.0,60103.0,0.8625149999999999,1.21001,HKG,DNK,7373
2231562,100,64,1238,2018.0,7290.0,4994.0,0.8873559999999999,1.480788,HRV,DNK,7373
2231563,102,64,1238,2018.0,32463.0,276014.0,1.6983409999999999,0.693194,HUN,DNK,7373
2231564,103,64,1238,2018.0,0.0,67967.0,-0.0009939999999999999,1.417371,IDN,DNK,7373
2231565,104,64,1238,2018.0,13346.0,316126.0,0.536561,2.450287,IND,DNK,7373
2231566,106,64,1238,2018.0,115348.0,39305.0,1.3647,0.094596,IRL,DNK,7373
2231567,107,64,1238,2018.0,0.0,2738.0,-0.290723,-0.430805,IRN,DNK,7373
2231568,109,64,1238,2018.0,0.0,206601.0,0.161776,-0.293048,ISL,DNK,7373
2231569,110,64,1238,2018.0,0.0,14788.0,1.205666,1.001693,ISR,DNK,7373
2231570,111,64,1238,2018.0,1978664.0,1341522.0,1.4594799999999999,0.05113,ITA,DNK,7373
2231571,113,64,1238,2018.0,0.0,2298.0,0.125467,0.382625,JOR,DNK,7373
2231572,114,64,1238,2018.0,259521.0,18114.0,2.480327,-0.559793,JPN,DNK,7373
2231573,121,64,1238,2018.0,70489.0,65155.0,2.139149,0.795045,KOR,DNK,7373
2231574,124,64,1238,2018.0,0.0,3171.0,0.37832899999999997,1.077452,LBN,DNK,7373
2231575,128,64,1238,2018.0,0.0,5669.0,-0.364093,0.347953,LKA,DNK,7373
2231576,130,64,1238,2018.0,50195.0,142836.0,0.839052,1.5688790000000001,LTU,DNK,7373
2231577,131,64,1238,2018.0,154285.0,0.0,1.098797,1.390282,LUX,DNK,7373
2231578,132,64,1238,2018.0,81599.0,697131.0,0.6984560000000001,1.29918,LVA,DNK,7373
2231579,134,64,1238,2018.0,0.0,63688.0,-0.57445,-0.14461400000000002,MAR,DNK,7373
2231580,137,64,1238,2018.0,0.0,1529.0,-1.128674,-1.053328,MDV,DNK,7373
2231581,138,64,1238,2018.0,0.0,20026.0,1.272851,0.646359,MEX,DNK,7373
2231582,143,64,1238,2018.0,0.0,21083.0,-0.9970469999999999,-0.28486,MMR,DNK,7373
2231583,144,64,1238,2018.0,0.0,1694.0,0.166157,0.132633,MNE,DNK,7373
2231584,153,64,1238,2018.0,6904.0,78563.0,1.047185,0.732742,MYS,DNK,7373
2231585,162,64,1238,2018.0,3395750.0,1004936.0,1.060964,1.491808,NLD,DNK,7373
2231586,163,64,1238,2018.0,209226.0,2968416.0,0.359254,-0.059994000000000006,NOR,DNK,7373
2231587,166,64,1238,2018.0,0.0,70721.0,0.113398,0.017740000000000002,NZL,DNK,7373
2231588,168,64,1238,2018.0,0.0,36198.0,-0.737637,0.274296,PAK,DNK,7373
2231589,173,64,1238,2018.0,0.0,9251.0,-0.842934,-0.302396,PER,DNK,7373
2231590,174,64,1238,2018.0,11647.0,14756.0,0.7233649999999999,0.23715300000000003,PHL,DNK,7373
2231591,177,64,1238,2018.0,1280683.0,1639688.0,1.1323860000000001,1.1465040000000002,POL,DNK,7373
2231592,179,64,1238,2018.0,6935.0,109872.0,0.787381,1.959475,PRT,DNK,7373
2231593,183,64,1238,2018.0,23638.0,4309.0,-0.291537,-1.022145,QAT,DNK,7373
2231594,185,64,1238,2018.0,12033.0,37158.0,1.1458030000000001,1.194413,ROU,DNK,7373
2231595,186,64,1238,2018.0,0.0,174667.0,-0.079971,0.11098599999999999,RUS,DNK,7373
2231596,188,64,1238,2018.0,2123.0,3184.0,0.600485,-0.450466,SAU,DNK,7373
2231597,192,64,1238,2018.0,5153.0,34897.0,1.870268,0.672214,SGP,DNK,7373
2231598,201,64,1238,2018.0,4953.0,37998.0,0.665772,1.552409,SRB,DNK,7373
2231599,206,64,1238,2018.0,64634.0,3777.0,1.445669,0.9135850000000001,SVK,DNK,7373
2231600,207,64,1238,2018.0,8108.0,16877.0,1.623183,0.7150850000000001,SVN,DNK,7373
2231601,208,64,1238,2018.0,5835678.0,4059028.0,1.7254209999999999,0.638757,SWE,DNK,7373
2231602,211,64,1238,2018.0,0.0,3729.0,-0.222908,-0.7792100000000001,SYC,DNK,7373
2231603,216,64,1238,2018.0,5434.0,136867.0,1.188923,1.264666,THA,DNK,7373
2231604,223,64,1238,2018.0,0.0,14344.0,0.39611799999999997,1.252702,TUN,DNK,7373
2231605,224,64,1238,2018.0,64637.0,64231.0,0.5883510000000001,2.357541,TUR,DNK,7373
2231606,227,64,1238,2018.0,0.0,1512.0,-0.569114,0.36182800000000004,UGA,DNK,7373
2231607,228,64,1238,2018.0,1625.0,316243.0,0.3281,1.0037459999999998,UKR,DNK,7373
2231608,231,64,1238,2018.0,335978.0,972491.0,1.5527739999999999,0.288577,USA,DNK,7373
2231609,239,64,1238,2018.0,0.0,53222.0,0.111848,0.915842,VNM,DNK,7373
2231610,246,64,1238,2018.0,0.0,40999.0,-0.053311000000000004,1.45561,ZAF,DNK,7373
2231611,249,64,1238,2018.0,81467.0,456276.0,2.0283580000000003,1.1648319999999999,TWN,DNK,7373
2231612,250,64,1238,2018.0,0.0,65803.0,0.760441,-0.310861,ANS,DNK,7373
2231613,13,65,1238,2018.0,0.0,1033.0,-0.120975,-0.721043,ATG,DOM,7373
2231614,15,65,1238,2018.0,14898.0,7816.0,1.798687,-0.557271,AUT,DOM,7373
2231615,18,65,1238,2018.0,6559.0,0.0,1.244674,1.1368969999999998,BEL,DOM,7373
2231616,25,65,1238,2018.0,0.0,5722.0,0.359908,-0.445567,BHS,DOM,7373
2231617,31,65,1238,2018.0,43092.0,0.0,-1.069519,-0.942264,BOL,DOM,7373
2231618,32,65,1238,2018.0,268876.0,59210.0,0.166542,0.718965,BRA,DOM,7373
2231619,41,65,1238,2018.0,225040.0,0.0,2.173252,0.861742,CHE,DOM,7373
2231620,43,65,1238,2018.0,1469119.0,0.0,1.378018,0.513572,CHN,DOM,7373
2231621,49,65,1238,2018.0,50591.0,0.0,0.144073,-0.10276199999999999,COL,DOM,7373
2231622,52,65,1238,2018.0,27110.0,0.0,0.27715,0.33261999999999997,CRI,DOM,7373
2231623,54,65,1238,2018.0,0.0,6597.0,-1.077539,-1.241754,CUB,DOM,7373
2231624,61,65,1238,2018.0,284286.0,3862.0,2.126861,-2.619524,DEU,DOM,7373
2231625,64,65,1238,2018.0,11343.0,0.0,1.094761,1.337348,DNK,DOM,7373
2231626,71,65,1238,2018.0,305599.0,9144.0,0.851197,2.261012,ESP,DOM,7373
2231627,74,65,1238,2018.0,2608.0,0.0,1.561518,1.0198450000000001,FIN,DOM,7373
2231628,77,65,1238,2018.0,7184.0,0.0,1.3578540000000001,0.9033700000000001,FRA,DOM,7373
2231629,81,65,1238,2018.0,4514.0,0.0,1.481442,1.050259,GBR,DOM,7373
2231630,93,65,1238,2018.0,2843.0,0.0,-0.321177,0.6339090000000001,GTM,DOM,7373
2231631,99,65,1238,2018.0,1875.0,0.0,-0.505516,-0.20719899999999997,HND,DOM,7373
2231632,101,65,1238,2018.0,0.0,27764.0,-0.95605,-0.9751629999999999,HTI,DOM,7373
2231633,103,65,1238,2018.0,1590.0,0.0,-0.0009939999999999999,1.417371,IDN,DOM,7373
2231634,111,65,1238,2018.0,682722.0,0.0,1.4594799999999999,0.05113,ITA,DOM,7373
2231635,112,65,1238,2018.0,0.0,2351.0,-0.210475,-0.808499,JAM,DOM,7373
2231636,114,65,1238,2018.0,172384.0,0.0,2.480327,-0.559793,JPN,DOM,7373
2231637,121,65,1238,2018.0,19019.0,0.0,2.139149,0.795045,KOR,DOM,7373
2231638,127,65,1238,2018.0,1607.0,0.0,0.412714,0.17183900000000002,LCA,DOM,7373
2231639,138,65,1238,2018.0,196965.0,4374.0,1.272851,0.646359,MEX,DOM,7373
2231640,160,65,1238,2018.0,0.0,2824.0,-0.8788790000000001,-0.747015,NIC,DOM,7373
2231641,162,65,1238,2018.0,13727.0,0.0,1.060964,1.491808,NLD,DOM,7373
2231642,169,65,1238,2018.0,3180.0,0.0,0.007061,-0.13867100000000002,PAN,DOM,7373
2231643,177,65,1238,2018.0,1165.0,0.0,1.1323860000000001,1.1465040000000002,POL,DOM,7373
2231644,179,65,1238,2018.0,41998.0,0.0,0.787381,1.959475,PRT,DOM,7373
2231645,192,65,1238,2018.0,0.0,2978.0,1.870268,0.672214,SGP,DOM,7373
2231646,207,65,1238,2018.0,3227.0,0.0,1.623183,0.7150850000000001,SVN,DOM,7373
2231647,213,65,1238,2018.0,0.0,2278.0,0.929666,0.23509499999999997,TCA,DOM,7373
2231648,224,65,1238,2018.0,11578.0,0.0,0.5883510000000001,2.357541,TUR,DOM,7373
2231649,231,65,1238,2018.0,7570077.0,72276.0,1.5527739999999999,0.288577,USA,DOM,7373
2231650,249,65,1238,2018.0,28293.0,0.0,2.0283580000000003,1.1648319999999999,TWN,DOM,7373
2231651,0,67,1238,2018.0,0.0,4541.0,0.800212,0.174964,ABW,ECU,7373
2231652,7,67,1238,2018.0,1513.0,0.0,-0.020214,-0.570049,ARE,ECU,7373
2231653,8,67,1238,2018.0,13361.0,0.0,-0.239502,0.297865,ARG,ECU,7373
2231654,15,67,1238,2018.0,817355.0,0.0,1.798687,-0.557271,AUT,ECU,7373
2231655,31,67,1238,2018.0,29363.0,0.0,-1.069519,-0.942264,BOL,ECU,7373
2231656,32,67,1238,2018.0,203088.0,0.0,0.166542,0.718965,BRA,ECU,7373
2231657,39,67,1238,2018.0,255259.0,0.0,0.60854,1.475283,CAN,ECU,7373
2231658,41,67,1238,2018.0,433335.0,0.0,2.173252,0.861742,CHE,ECU,7373
2231659,42,67,1238,2018.0,38724.0,0.0,-0.24325300000000002,-0.350271,CHL,ECU,7373
2231660,43,67,1238,2018.0,7311780.0,0.0,1.378018,0.513572,CHN,ECU,7373
2231661,49,67,1238,2018.0,66539.0,8561.0,0.144073,-0.10276199999999999,COL,ECU,7373
2231662,52,67,1238,2018.0,4206.0,0.0,0.27715,0.33261999999999997,CRI,ECU,7373
2231663,59,67,1238,2018.0,5693.0,0.0,1.8018669999999999,0.022382,CZE,ECU,7373
2231664,61,67,1238,2018.0,312515.0,0.0,2.126861,-2.619524,DEU,ECU,7373
2231665,71,67,1238,2018.0,80869.0,0.0,0.851197,2.261012,ESP,ECU,7373
2231666,77,67,1238,2018.0,125382.0,0.0,1.3578540000000001,0.9033700000000001,FRA,ECU,7373
2231667,81,67,1238,2018.0,16521.0,0.0,1.481442,1.050259,GBR,ECU,7373
2231668,90,67,1238,2018.0,35432.0,0.0,0.069841,0.922895,GRC,ECU,7373
2231669,93,67,1238,2018.0,5032.0,0.0,-0.321177,0.6339090000000001,GTM,ECU,7373
2231670,97,67,1238,2018.0,43028.0,0.0,0.8625149999999999,1.21001,HKG,ECU,7373
2231671,102,67,1238,2018.0,1301.0,0.0,1.6983409999999999,0.693194,HUN,ECU,7373
2231672,104,67,1238,2018.0,52639.0,0.0,0.536561,2.450287,IND,ECU,7373
2231673,111,67,1238,2018.0,1616302.0,0.0,1.4594799999999999,0.05113,ITA,ECU,7373
2231674,114,67,1238,2018.0,159786.0,0.0,2.480327,-0.559793,JPN,ECU,7373
2231675,121,67,1238,2018.0,1369662.0,32102.0,2.139149,0.795045,KOR,ECU,7373
2231676,138,67,1238,2018.0,361770.0,0.0,1.272851,0.646359,MEX,ECU,7373
2231677,169,67,1238,2018.0,19501.0,1170.0,0.007061,-0.13867100000000002,PAN,ECU,7373
2231678,173,67,1238,2018.0,40461.0,5930.0,-0.842934,-0.302396,PER,ECU,7373
2231679,177,67,1238,2018.0,282510.0,0.0,1.1323860000000001,1.1465040000000002,POL,ECU,7373
2231680,208,67,1238,2018.0,13332.0,0.0,1.7254209999999999,0.638757,SWE,ECU,7373
2231681,224,67,1238,2018.0,29349.0,0.0,0.5883510000000001,2.357541,TUR,ECU,7373
2231682,231,67,1238,2018.0,3987918.0,4579.0,1.5527739999999999,0.288577,USA,ECU,7373
2231683,236,67,1238,2018.0,1600.0,0.0,-1.180083,-1.23326,VEN,ECU,7373
2231684,249,67,1238,2018.0,121244.0,0.0,2.0283580000000003,1.1648319999999999,TWN,ECU,7373
2231685,250,67,1238,2018.0,0.0,3756.0,0.760441,-0.310861,ANS,ECU,7373
2231686,2,71,1238,2018.0,0.0,34833.0,-1.6785400000000001,-1.2244030000000001,AGO,ESP,7373
2231687,5,71,1238,2018.0,0.0,84827.0,1.024277,0.7635689999999999,AND,ESP,7373
2231688,7,71,1238,2018.0,17952.0,182340.0,-0.020214,-0.570049,ARE,ESP,7373
2231689,8,71,1238,2018.0,0.0,2001543.0,-0.239502,0.297865,ARG,ESP,7373
2231690,9,71,1238,2018.0,0.0,13534.0,-0.42181499999999994,-0.663385,ARM,ESP,7373
2231691,13,71,1238,2018.0,0.0,83312.0,-0.120975,-0.721043,ATG,ESP,7373
2231692,14,71,1238,2018.0,90028.0,599801.0,-0.5578930000000001,-0.15666300000000002,AUS,ESP,7373
2231693,15,71,1238,2018.0,13430192.0,678465.0,1.798687,-0.557271,AUT,ESP,7373
2231694,18,71,1238,2018.0,603688.0,753631.0,1.244674,1.1368969999999998,BEL,ESP,7373
2231695,21,71,1238,2018.0,0.0,1068.0,-0.625138,-0.848562,BFA,ESP,7373
2231696,22,71,1238,2018.0,0.0,11495.0,-0.9003549999999999,-1.1066610000000001,BGD,ESP,7373
2231697,23,71,1238,2018.0,11184.0,123852.0,0.516917,1.915288,BGR,ESP,7373
2231698,24,71,1238,2018.0,0.0,9089.0,0.335652,-0.646621,BHR,ESP,7373
2231699,25,71,1238,2018.0,35306.0,0.0,0.359908,-0.445567,BHS,ESP,7373
2231700,26,71,1238,2018.0,540931.0,0.0,0.676528,0.8948299999999999,BIH,ESP,7373
2231701,28,71,1238,2018.0,0.0,108458.0,0.86016,1.034144,BLR,ESP,7373
2231702,31,71,1238,2018.0,23027.0,119954.0,-1.069519,-0.942264,BOL,ESP,7373
2231703,32,71,1238,2018.0,49599.0,911606.0,0.166542,0.718965,BRA,ESP,7373
2231704,37,71,1238,2018.0,0.0,10242.0,-0.611288,-1.125815,BWA,ESP,7373
2231705,39,71,1238,2018.0,216567.0,163973.0,0.60854,1.475283,CAN,ESP,7373
2231706,41,71,1238,2018.0,15657293.0,221821.0,2.173252,0.861742,CHE,ESP,7373
2231707,42,71,1238,2018.0,98212.0,220324.0,-0.24325300000000002,-0.350271,CHL,ESP,7373
2231708,43,71,1238,2018.0,19366664.0,6510840.0,1.378018,0.513572,CHN,ESP,7373
2231709,44,71,1238,2018.0,24814.0,25381.0,-1.021384,-0.898676,CIV,ESP,7373
2231710,45,71,1238,2018.0,0.0,36654.0,-1.2144,-1.0318260000000001,CMR,ESP,7373
2231711,47,71,1238,2018.0,0.0,1746.0,-1.614157,-1.177288,COG,ESP,7373
2231712,49,71,1238,2018.0,4885.0,182089.0,0.144073,-0.10276199999999999,COL,ESP,7373
2231713,51,71,1238,2018.0,0.0,32520.0,-0.43036899999999995,-0.761514,CPV,ESP,7373
2231714,52,71,1238,2018.0,390367.0,17270.0,0.27715,0.33261999999999997,CRI,ESP,7373
2231715,54,71,1238,2018.0,0.0,4098712.0,-1.077539,-1.241754,CUB,ESP,7373
2231716,58,71,1238,2018.0,0.0,24379.0,0.180009,-0.26353200000000004,CYP,ESP,7373
2231717,59,71,1238,2018.0,1384490.0,7573578.0,1.8018669999999999,0.022382,CZE,ESP,7373
2231718,61,71,1238,2018.0,94011072.0,30634804.0,2.126861,-2.619524,DEU,ESP,7373
2231719,64,71,1238,2018.0,509624.0,200145.0,1.094761,1.337348,DNK,ESP,7373
2231720,65,71,1238,2018.0,9144.0,305599.0,-0.205988,0.291906,DOM,ESP,7373
2231721,66,71,1238,2018.0,0.0,792488.0,-1.121185,-1.196891,DZA,ESP,7373
2231722,67,71,1238,2018.0,0.0,80869.0,-0.9813709999999999,-1.073273,ECU,ESP,7373
2231723,68,71,1238,2018.0,0.0,138201.0,-0.093935,1.6368610000000001,EGY,ESP,7373
2231724,72,71,1238,2018.0,1087.0,42591.0,0.957627,1.294173,EST,ESP,7373
2231725,73,71,1238,2018.0,0.0,9075.0,-0.663343,-0.384372,ETH,ESP,7373
2231726,74,71,1238,2018.0,2242379.0,467250.0,1.561518,1.0198450000000001,FIN,ESP,7373
2231727,77,71,1238,2018.0,18328398.0,7298618.0,1.3578540000000001,0.9033700000000001,FRA,ESP,7373
2231728,81,71,1238,2018.0,3681033.0,11098538.0,1.481442,1.050259,GBR,ESP,7373
2231729,83,71,1238,2018.0,0.0,110188.0,-0.769089,-0.8389200000000001,GHA,ESP,7373
2231730,84,71,1238,2018.0,0.0,45751.0,0.47997399999999996,-0.650043,GIB,ESP,7373
2231731,85,71,1238,2018.0,0.0,28908.0,-1.3262909999999999,-1.237056,GIN,ESP,7373
2231732,89,71,1238,2018.0,0.0,12241.0,-2.065257,-0.986057,GNQ,ESP,7373
2231733,90,71,1238,2018.0,40037.0,152853.0,0.069841,0.922895,GRC,ESP,7373
2231734,93,71,1238,2018.0,0.0,13287.0,-0.321177,0.6339090000000001,GTM,ESP,7373
2231735,97,71,1238,2018.0,506127.0,64142.0,0.8625149999999999,1.21001,HKG,ESP,7373
2231736,99,71,1238,2018.0,0.0,6207.0,-0.505516,-0.20719899999999997,HND,ESP,7373
2231737,100,71,1238,2018.0,0.0,53205.0,0.8873559999999999,1.480788,HRV,ESP,7373
2231738,101,71,1238,2018.0,0.0,3773.0,-0.95605,-0.9751629999999999,HTI,ESP,7373
2231739,102,71,1238,2018.0,183157.0,1099199.0,1.6983409999999999,0.693194,HUN,ESP,7373
2231740,103,71,1238,2018.0,0.0,15763.0,-0.0009939999999999999,1.417371,IDN,ESP,7373
2231741,104,71,1238,2018.0,1194057.0,896051.0,0.536561,2.450287,IND,ESP,7373
2231742,106,71,1238,2018.0,294371.0,76625.0,1.3647,0.094596,IRL,ESP,7373
2231743,107,71,1238,2018.0,0.0,25525.0,-0.290723,-0.430805,IRN,ESP,7373
2231744,110,71,1238,2018.0,19950.0,450685.0,1.205666,1.001693,ISR,ESP,7373
2231745,111,71,1238,2018.0,27962088.0,6121572.0,1.4594799999999999,0.05113,ITA,ESP,7373
2231746,112,71,1238,2018.0,0.0,64549.0,-0.210475,-0.808499,JAM,ESP,7373
2231747,113,71,1238,2018.0,0.0,28555.0,0.125467,0.382625,JOR,ESP,7373
2231748,114,71,1238,2018.0,10700483.0,570564.0,2.480327,-0.559793,JPN,ESP,7373
2231749,115,71,1238,2018.0,0.0,19367.0,-0.625674,-0.605028,KAZ,ESP,7373
2231750,116,71,1238,2018.0,0.0,2262.0,-0.381632,0.460819,KEN,ESP,7373
2231751,121,71,1238,2018.0,2013869.0,8725.0,2.139149,0.795045,KOR,ESP,7373
2231752,122,71,1238,2018.0,0.0,23408.0,-0.790523,-1.136525,KWT,ESP,7373
2231753,124,71,1238,2018.0,0.0,9910.0,0.37832899999999997,1.077452,LBN,ESP,7373
2231754,128,71,1238,2018.0,0.0,1622.0,-0.364093,0.347953,LKA,ESP,7373
2231755,130,71,1238,2018.0,46707.0,838570.0,0.839052,1.5688790000000001,LTU,ESP,7373
2231756,131,71,1238,2018.0,2457304.0,1775.0,1.098797,1.390282,LUX,ESP,7373
2231757,132,71,1238,2018.0,14205.0,6755.0,0.6984560000000001,1.29918,LVA,ESP,7373
2231758,134,71,1238,2018.0,47266.0,5637683.0,-0.57445,-0.14461400000000002,MAR,ESP,7373
2231759,135,71,1238,2018.0,0.0,9773.0,-0.222348,-0.091067,MDA,ESP,7373
2231760,136,71,1238,2018.0,0.0,5924.0,-1.056786,-0.9160709999999999,MDG,ESP,7373
2231761,138,71,1238,2018.0,430484.0,8628905.0,1.272851,0.646359,MEX,ESP,7373
2231762,140,71,1238,2018.0,0.0,3605.0,0.056548,-0.273964,MKD,ESP,7373
2231763,141,71,1238,2018.0,0.0,15916.0,-0.805876,-0.907854,MLI,ESP,7373
2231764,142,71,1238,2018.0,5149.0,79032.0,0.860195,0.281449,MLT,ESP,7373
2231765,143,71,1238,2018.0,0.0,7138.0,-0.9970469999999999,-0.28486,MMR,ESP,7373
2231766,144,71,1238,2018.0,0.0,1298.0,0.166157,0.132633,MNE,ESP,7373
2231767,148,71,1238,2018.0,0.0,85073.0,-1.219419,-1.2586,MRT,ESP,7373
2231768,151,71,1238,2018.0,0.0,5815.0,-0.268625,0.104254,MUS,ESP,7373
2231769,152,71,1238,2018.0,0.0,8906.0,-0.717512,-0.8799450000000001,MWI,ESP,7373
2231770,153,71,1238,2018.0,37720.0,69368.0,1.047185,0.732742,MYS,ESP,7373
2231771,155,71,1238,2018.0,0.0,89729.0,-0.45412600000000003,-0.673077,NAM,ESP,7373
2231772,156,71,1238,2018.0,0.0,5759.0,-0.260395,-0.805425,NCL,ESP,7373
2231773,159,71,1238,2018.0,0.0,10546.0,-1.839074,-1.29837,NGA,ESP,7373
2231774,160,71,1238,2018.0,0.0,5256.0,-0.8788790000000001,-0.747015,NIC,ESP,7373
2231775,162,71,1238,2018.0,4075618.0,2430704.0,1.060964,1.491808,NLD,ESP,7373
2231776,163,71,1238,2018.0,244254.0,57496.0,0.359254,-0.059994000000000006,NOR,ESP,7373
2231777,166,71,1238,2018.0,0.0,5924.0,0.113398,0.017740000000000002,NZL,ESP,7373
2231778,167,71,1238,2018.0,0.0,14161.0,-0.513727,-0.9944280000000001,OMN,ESP,7373
2231779,168,71,1238,2018.0,0.0,48731.0,-0.737637,0.274296,PAK,ESP,7373
2231780,169,71,1238,2018.0,0.0,61130.0,0.007061,-0.13867100000000002,PAN,ESP,7373
2231781,173,71,1238,2018.0,15707.0,725230.0,-0.842934,-0.302396,PER,ESP,7373
2231782,174,71,1238,2018.0,0.0,24518.0,0.7233649999999999,0.23715300000000003,PHL,ESP,7373
2231783,177,71,1238,2018.0,4957036.0,8887042.0,1.1323860000000001,1.1465040000000002,POL,ESP,7373
2231784,179,71,1238,2018.0,3109234.0,13876197.0,0.787381,1.959475,PRT,ESP,7373
2231785,180,71,1238,2018.0,0.0,10607.0,-0.504343,-0.8482040000000001,PRY,ESP,7373
2231786,181,71,1238,2018.0,0.0,10048.0,0.260898,0.79366,PSE,ESP,7373
2231787,182,71,1238,2018.0,0.0,23146.0,-0.167505,-0.7041350000000001,PYF,ESP,7373
2231788,183,71,1238,2018.0,0.0,71903.0,-0.291537,-1.022145,QAT,ESP,7373
2231789,185,71,1238,2018.0,1588958.0,1470122.0,1.1458030000000001,1.194413,ROU,ESP,7373
2231790,186,71,1238,2018.0,56687.0,1840665.0,-0.079971,0.11098599999999999,RUS,ESP,7373
2231791,187,71,1238,2018.0,0.0,1788.0,-0.48781199999999997,-0.741734,RWA,ESP,7373
2231792,188,71,1238,2018.0,3454.0,142710.0,0.600485,-0.450466,SAU,ESP,7373
2231793,191,71,1238,2018.0,0.0,14156.0,-0.699313,-0.360203,SEN,ESP,7373
2231794,192,71,1238,2018.0,71806.0,354893.0,1.870268,0.672214,SGP,ESP,7373
2231795,197,71,1238,2018.0,0.0,4808.0,0.07891799999999999,0.219075,SLV,ESP,7373
2231796,198,71,1238,2018.0,0.0,47930.0,1.1010280000000001,0.679361,SMR,ESP,7373
2231797,201,71,1238,2018.0,0.0,270964.0,0.665772,1.552409,SRB,ESP,7373
2231798,206,71,1238,2018.0,2792704.0,581489.0,1.445669,0.9135850000000001,SVK,ESP,7373
2231799,207,71,1238,2018.0,142811.0,294606.0,1.623183,0.7150850000000001,SVN,ESP,7373
2231800,208,71,1238,2018.0,24886618.0,1380451.0,1.7254209999999999,0.638757,SWE,ESP,7373
2231801,214,71,1238,2018.0,0.0,1346.0,-1.587501,-1.047253,TCD,ESP,7373
2231802,215,71,1238,2018.0,0.0,159470.0,-0.681426,-0.7010270000000001,TGO,ESP,7373
2231803,216,71,1238,2018.0,113626.0,206799.0,1.188923,1.264666,THA,ESP,7373
2231804,223,71,1238,2018.0,31318.0,270436.0,0.39611799999999997,1.252702,TUN,ESP,7373
2231805,224,71,1238,2018.0,1326343.0,12884524.0,0.5883510000000001,2.357541,TUR,ESP,7373
2231806,226,71,1238,2018.0,0.0,5220.0,-0.12971300000000002,1.379649,TZA,ESP,7373
2231807,228,71,1238,2018.0,4316.0,40180.0,0.3281,1.0037459999999998,UKR,ESP,7373
2231808,230,71,1238,2018.0,0.0,66546.0,0.016527,-0.250715,URY,ESP,7373
2231809,231,71,1238,2018.0,2546870.0,10317122.0,1.5527739999999999,0.288577,USA,ESP,7373
2231810,236,71,1238,2018.0,0.0,24667.0,-1.180083,-1.23326,VEN,ESP,7373
2231811,239,71,1238,2018.0,0.0,525166.0,0.111848,0.915842,VNM,ESP,7373
2231812,246,71,1238,2018.0,112644.0,362774.0,-0.053311000000000004,1.45561,ZAF,ESP,7373
2231813,248,71,1238,2018.0,0.0,1025.0,-1.071621,-1.112033,ZWE,ESP,7373
2231814,249,71,1238,2018.0,999719.0,342520.0,2.0283580000000003,1.1648319999999999,TWN,ESP,7373
2231815,250,71,1238,2018.0,1056217.0,111379.0,0.760441,-0.310861,ANS,ESP,7373
2231816,4,74,1238,2018.0,7022.0,0.0,-0.403248,-0.180523,ALB,FIN,7373
2231817,7,74,1238,2018.0,36032.0,1163187.0,-0.020214,-0.570049,ARE,FIN,7373
2231818,8,74,1238,2018.0,0.0,40394.0,-0.239502,0.297865,ARG,FIN,7373
2231819,14,74,1238,2018.0,10020.0,4337746.0,-0.5578930000000001,-0.15666300000000002,AUS,FIN,7373
2231820,15,74,1238,2018.0,3214243.0,993688.0,1.798687,-0.557271,AUT,FIN,7373
2231821,16,74,1238,2018.0,0.0,16212.0,-1.47928,-1.313633,AZE,FIN,7373
2231822,18,74,1238,2018.0,212662.0,977063.0,1.244674,1.1368969999999998,BEL,FIN,7373
2231823,23,74,1238,2018.0,15820.0,1077694.0,0.516917,1.915288,BGR,FIN,7373
2231824,24,74,1238,2018.0,0.0,56962.0,0.335652,-0.646621,BHR,FIN,7373
2231825,25,74,1238,2018.0,0.0,11739.0,0.359908,-0.445567,BHS,FIN,7373
2231826,26,74,1238,2018.0,14254.0,403095.0,0.676528,0.8948299999999999,BIH,FIN,7373
2231827,28,74,1238,2018.0,0.0,401960.0,0.86016,1.034144,BLR,FIN,7373
2231828,31,74,1238,2018.0,0.0,2010.0,-1.069519,-0.942264,BOL,FIN,7373
2231829,32,74,1238,2018.0,17767.0,208190.0,0.166542,0.718965,BRA,FIN,7373
2231830,39,74,1238,2018.0,73113.0,1841491.0,0.60854,1.475283,CAN,FIN,7373
2231831,41,74,1238,2018.0,982517.0,2032945.0,2.173252,0.861742,CHE,FIN,7373
2231832,42,74,1238,2018.0,0.0,1525978.0,-0.24325300000000002,-0.350271,CHL,FIN,7373
2231833,43,74,1238,2018.0,5721114.0,11719010.0,1.378018,0.513572,CHN,FIN,7373
2231834,44,74,1238,2018.0,0.0,8426.0,-1.021384,-0.898676,CIV,FIN,7373
2231835,49,74,1238,2018.0,0.0,329965.0,0.144073,-0.10276199999999999,COL,FIN,7373
2231836,52,74,1238,2018.0,2149.0,51660.0,0.27715,0.33261999999999997,CRI,FIN,7373
2231837,58,74,1238,2018.0,0.0,41181.0,0.180009,-0.26353200000000004,CYP,FIN,7373
2231838,59,74,1238,2018.0,793435.0,1597613.0,1.8018669999999999,0.022382,CZE,FIN,7373
2231839,61,74,1238,2018.0,11156174.0,10057240.0,2.126861,-2.619524,DEU,FIN,7373
2231840,64,74,1238,2018.0,523697.0,2389654.0,1.094761,1.337348,DNK,FIN,7373
2231841,65,74,1238,2018.0,0.0,2608.0,-0.205988,0.291906,DOM,FIN,7373
2231842,66,74,1238,2018.0,0.0,180626.0,-1.121185,-1.196891,DZA,FIN,7373
2231843,68,74,1238,2018.0,0.0,39327.0,-0.093935,1.6368610000000001,EGY,FIN,7373
2231844,71,74,1238,2018.0,467250.0,2242379.0,0.851197,2.261012,ESP,FIN,7373
2231845,72,74,1238,2018.0,1803819.0,1710202.0,0.957627,1.294173,EST,FIN,7373
2231846,73,74,1238,2018.0,0.0,2244.0,-0.663343,-0.384372,ETH,FIN,7373
2231847,77,74,1238,2018.0,1485678.0,12234929.0,1.3578540000000001,0.9033700000000001,FRA,FIN,7373
2231848,78,74,1238,2018.0,0.0,77801.0,-1.2035120000000001,-1.0473700000000001,FRO,FIN,7373
2231849,81,74,1238,2018.0,1075297.0,9297152.0,1.481442,1.050259,GBR,FIN,7373
2231850,82,74,1238,2018.0,0.0,11011.0,-0.059633000000000005,-0.073048,GEO,FIN,7373
2231851,90,74,1238,2018.0,14112.0,469136.0,0.069841,0.922895,GRC,FIN,7373
2231852,97,74,1238,2018.0,4702.0,5634.0,0.8625149999999999,1.21001,HKG,FIN,7373
2231853,100,74,1238,2018.0,11664.0,678761.0,0.8873559999999999,1.480788,HRV,FIN,7373
2231854,102,74,1238,2018.0,49750.0,618243.0,1.6983409999999999,0.693194,HUN,FIN,7373
2231855,103,74,1238,2018.0,0.0,85479.0,-0.0009939999999999999,1.417371,IDN,FIN,7373
2231856,104,74,1238,2018.0,307792.0,1737928.0,0.536561,2.450287,IND,FIN,7373
2231857,106,74,1238,2018.0,31363.0,229955.0,1.3647,0.094596,IRL,FIN,7373
2231858,109,74,1238,2018.0,0.0,339025.0,0.161776,-0.293048,ISL,FIN,7373
2231859,110,74,1238,2018.0,2558.0,268625.0,1.205666,1.001693,ISR,FIN,7373
2231860,111,74,1238,2018.0,5280516.0,8897229.0,1.4594799999999999,0.05113,ITA,FIN,7373
2231861,114,74,1238,2018.0,928635.0,320320.0,2.480327,-0.559793,JPN,FIN,7373
2231862,115,74,1238,2018.0,0.0,738104.0,-0.625674,-0.605028,KAZ,FIN,7373
2231863,121,74,1238,2018.0,133025.0,181347.0,2.139149,0.795045,KOR,FIN,7373
2231864,122,74,1238,2018.0,0.0,3861.0,-0.790523,-1.136525,KWT,FIN,7373
2231865,124,74,1238,2018.0,0.0,16439.0,0.37832899999999997,1.077452,LBN,FIN,7373
2231866,128,74,1238,2018.0,24773.0,0.0,-0.364093,0.347953,LKA,FIN,7373
2231867,130,74,1238,2018.0,12172.0,1040224.0,0.839052,1.5688790000000001,LTU,FIN,7373
2231868,131,74,1238,2018.0,82023.0,2478.0,1.098797,1.390282,LUX,FIN,7373
2231869,132,74,1238,2018.0,6595.0,462577.0,0.6984560000000001,1.29918,LVA,FIN,7373
2231870,134,74,1238,2018.0,3540.0,22740.0,-0.57445,-0.14461400000000002,MAR,FIN,7373
2231871,135,74,1238,2018.0,0.0,23554.0,-0.222348,-0.091067,MDA,FIN,7373
2231872,138,74,1238,2018.0,302277.0,58267.0,1.272851,0.646359,MEX,FIN,7373
2231873,140,74,1238,2018.0,0.0,22172.0,0.056548,-0.273964,MKD,FIN,7373
2231874,144,74,1238,2018.0,1211.0,23361.0,0.166157,0.132633,MNE,FIN,7373
2231875,145,74,1238,2018.0,0.0,33576.0,-0.892013,-1.115228,MNG,FIN,7373
2231876,151,74,1238,2018.0,0.0,3681.0,-0.268625,0.104254,MUS,FIN,7373
2231877,153,74,1238,2018.0,32913.0,278614.0,1.047185,0.732742,MYS,FIN,7373
2231878,156,74,1238,2018.0,0.0,4359.0,-0.260395,-0.805425,NCL,FIN,7373
2231879,159,74,1238,2018.0,0.0,64663.0,-1.839074,-1.29837,NGA,FIN,7373
2231880,162,74,1238,2018.0,2334145.0,5000215.0,1.060964,1.491808,NLD,FIN,7373
2231881,163,74,1238,2018.0,258495.0,4855407.0,0.359254,-0.059994000000000006,NOR,FIN,7373
2231882,166,74,1238,2018.0,1562.0,419105.0,0.113398,0.017740000000000002,NZL,FIN,7373
2231883,167,74,1238,2018.0,0.0,14665.0,-0.513727,-0.9944280000000001,OMN,FIN,7373
2231884,168,74,1238,2018.0,0.0,2921.0,-0.737637,0.274296,PAK,FIN,7373
2231885,173,74,1238,2018.0,0.0,181389.0,-0.842934,-0.302396,PER,FIN,7373
2231886,174,74,1238,2018.0,134007.0,143490.0,0.7233649999999999,0.23715300000000003,PHL,FIN,7373
2231887,177,74,1238,2018.0,1486910.0,6639352.0,1.1323860000000001,1.1465040000000002,POL,FIN,7373
2231888,179,74,1238,2018.0,7201.0,1266208.0,0.787381,1.959475,PRT,FIN,7373
2231889,183,74,1238,2018.0,0.0,61423.0,-0.291537,-1.022145,QAT,FIN,7373
2231890,185,74,1238,2018.0,10603.0,1983493.0,1.1458030000000001,1.194413,ROU,FIN,7373
2231891,186,74,1238,2018.0,0.0,12348890.0,-0.079971,0.11098599999999999,RUS,FIN,7373
2231892,188,74,1238,2018.0,0.0,223390.0,0.600485,-0.450466,SAU,FIN,7373
2231893,192,74,1238,2018.0,138119.0,391848.0,1.870268,0.672214,SGP,FIN,7373
2231894,201,74,1238,2018.0,0.0,920520.0,0.665772,1.552409,SRB,FIN,7373
2231895,206,74,1238,2018.0,0.0,1256924.0,1.445669,0.9135850000000001,SVK,FIN,7373
2231896,207,74,1238,2018.0,3538.0,1686053.0,1.623183,0.7150850000000001,SVN,FIN,7373
2231897,208,74,1238,2018.0,6724974.0,4936589.0,1.7254209999999999,0.638757,SWE,FIN,7373
2231898,216,74,1238,2018.0,6579.0,520343.0,1.188923,1.264666,THA,FIN,7373
2231899,223,74,1238,2018.0,0.0,22548.0,0.39611799999999997,1.252702,TUN,FIN,7373
2231900,224,74,1238,2018.0,61541.0,738034.0,0.5883510000000001,2.357541,TUR,FIN,7373
2231901,226,74,1238,2018.0,0.0,7630.0,-0.12971300000000002,1.379649,TZA,FIN,7373
2231902,228,74,1238,2018.0,6104.0,571152.0,0.3281,1.0037459999999998,UKR,FIN,7373
2231903,230,74,1238,2018.0,0.0,8523.0,0.016527,-0.250715,URY,FIN,7373
2231904,231,74,1238,2018.0,757695.0,4369457.0,1.5527739999999999,0.288577,USA,FIN,7373
2231905,232,74,1238,2018.0,0.0,2691.0,-0.485013,-0.390021,UZB,FIN,7373
2231906,239,74,1238,2018.0,0.0,541077.0,0.111848,0.915842,VNM,FIN,7373
2231907,246,74,1238,2018.0,0.0,236720.0,-0.053311000000000004,1.45561,ZAF,FIN,7373
2231908,247,74,1238,2018.0,0.0,8471.0,-0.8302510000000001,-0.932916,ZMB,FIN,7373
2231909,249,74,1238,2018.0,173809.0,22595.0,2.0283580000000003,1.1648319999999999,TWN,FIN,7373
2231910,250,74,1238,2018.0,0.0,6971.0,0.760441,-0.310861,ANS,FIN,7373
2231911,0,77,1238,2018.0,0.0,2368.0,0.800212,0.174964,ABW,FRA,7373
2231912,2,77,1238,2018.0,18513.0,88361.0,-1.6785400000000001,-1.2244030000000001,AGO,FRA,7373
2231913,4,77,1238,2018.0,3277.0,114781.0,-0.403248,-0.180523,ALB,FRA,7373
2231914,5,77,1238,2018.0,1310.0,13637.0,1.024277,0.7635689999999999,AND,FRA,7373
2231915,7,77,1238,2018.0,3680234.0,1486354.0,-0.020214,-0.570049,ARE,FRA,7373
2231916,8,77,1238,2018.0,0.0,3425951.0,-0.239502,0.297865,ARG,FRA,7373
2231917,9,77,1238,2018.0,0.0,3467.0,-0.42181499999999994,-0.663385,ARM,FRA,7373
2231918,14,77,1238,2018.0,68979.0,1331878.0,-0.5578930000000001,-0.15666300000000002,AUS,FRA,7373
2231919,15,77,1238,2018.0,15797810.0,1805292.0,1.798687,-0.557271,AUT,FRA,7373
2231920,16,77,1238,2018.0,0.0,17332.0,-1.47928,-1.313633,AZE,FRA,7373
2231921,17,77,1238,2018.0,0.0,8852.0,-0.542607,-1.0593540000000001,BDI,FRA,7373
2231922,18,77,1238,2018.0,2474630.0,8140364.0,1.244674,1.1368969999999998,BEL,FRA,7373
2231923,19,77,1238,2018.0,6105.0,82392.0,-0.775822,-0.800248,BEN,FRA,7373
2231924,21,77,1238,2018.0,33222.0,356317.0,-0.625138,-0.848562,BFA,FRA,7373
2231925,22,77,1238,2018.0,0.0,141453.0,-0.9003549999999999,-1.1066610000000001,BGD,FRA,7373
2231926,23,77,1238,2018.0,6967.0,615022.0,0.516917,1.915288,BGR,FRA,7373
2231927,24,77,1238,2018.0,0.0,524308.0,0.335652,-0.646621,BHR,FRA,7373
2231928,26,77,1238,2018.0,74081.0,23984.0,0.676528,0.8948299999999999,BIH,FRA,7373
2231929,27,77,1238,2018.0,0.0,25574.0,1.055834,0.369676,BLM,FRA,7373
2231930,28,77,1238,2018.0,0.0,24998.0,0.86016,1.034144,BLR,FRA,7373
2231931,31,77,1238,2018.0,0.0,13605.0,-1.069519,-0.942264,BOL,FRA,7373
2231932,32,77,1238,2018.0,29360.0,5394576.0,0.166542,0.718965,BRA,FRA,7373
2231933,37,77,1238,2018.0,0.0,17849.0,-0.611288,-1.125815,BWA,FRA,7373
2231934,38,77,1238,2018.0,0.0,33980.0,-0.30997399999999997,-0.754026,CAF,FRA,7373
2231935,39,77,1238,2018.0,4797942.0,1086926.0,0.60854,1.475283,CAN,FRA,7373
2231936,41,77,1238,2018.0,23334794.0,3926084.0,2.173252,0.861742,CHE,FRA,7373
2231937,42,77,1238,2018.0,22153.0,183345.0,-0.24325300000000002,-0.350271,CHL,FRA,7373
2231938,43,77,1238,2018.0,15536311.0,30703156.0,1.378018,0.513572,CHN,FRA,7373
2231939,44,77,1238,2018.0,0.0,1125570.0,-1.021384,-0.898676,CIV,FRA,7373
2231940,45,77,1238,2018.0,0.0,646480.0,-1.2144,-1.0318260000000001,CMR,FRA,7373
2231941,46,77,1238,2018.0,0.0,45733.0,-1.704339,-1.211619,COD,FRA,7373
2231942,47,77,1238,2018.0,1093.0,172890.0,-1.614157,-1.177288,COG,FRA,7373
2231943,49,77,1238,2018.0,0.0,261991.0,0.144073,-0.10276199999999999,COL,FRA,7373
2231944,50,77,1238,2018.0,2326.0,121259.0,-0.657909,-0.9868680000000001,COM,FRA,7373
2231945,52,77,1238,2018.0,19489.0,39339.0,0.27715,0.33261999999999997,CRI,FRA,7373
2231946,54,77,1238,2018.0,0.0,1170.0,-1.077539,-1.241754,CUB,FRA,7373
2231947,58,77,1238,2018.0,0.0,138980.0,0.180009,-0.26353200000000004,CYP,FRA,7373
2231948,59,77,1238,2018.0,4675664.0,4441663.0,1.8018669999999999,0.022382,CZE,FRA,7373
2231949,61,77,1238,2018.0,105302024.0,31228316.0,2.126861,-2.619524,DEU,FRA,7373
2231950,62,77,1238,2018.0,0.0,60371.0,-0.266256,-0.608169,DJI,FRA,7373
2231951,64,77,1238,2018.0,296544.0,827713.0,1.094761,1.337348,DNK,FRA,7373
2231952,65,77,1238,2018.0,0.0,7184.0,-0.205988,0.291906,DOM,FRA,7373
2231953,66,77,1238,2018.0,0.0,5586756.0,-1.121185,-1.196891,DZA,FRA,7373
2231954,67,77,1238,2018.0,0.0,125382.0,-0.9813709999999999,-1.073273,ECU,FRA,7373
2231955,68,77,1238,2018.0,2367.0,571848.0,-0.093935,1.6368610000000001,EGY,FRA,7373
2231956,71,77,1238,2018.0,7298618.0,18328398.0,0.851197,2.261012,ESP,FRA,7373
2231957,72,77,1238,2018.0,4479.0,119936.0,0.957627,1.294173,EST,FRA,7373
2231958,73,77,1238,2018.0,0.0,1289.0,-0.663343,-0.384372,ETH,FRA,7373
2231959,74,77,1238,2018.0,12234929.0,1485678.0,1.561518,1.0198450000000001,FIN,FRA,7373
2231960,75,77,1238,2018.0,0.0,15527.0,-0.31149299999999996,0.198303,FJI,FRA,7373
2231961,80,77,1238,2018.0,0.0,658675.0,-1.4532129999999999,-1.155702,GAB,FRA,7373
2231962,81,77,1238,2018.0,7984664.0,15835130.0,1.481442,1.050259,GBR,FRA,7373
2231963,82,77,1238,2018.0,0.0,29649.0,-0.059633000000000005,-0.073048,GEO,FRA,7373
2231964,83,77,1238,2018.0,1139.0,642059.0,-0.769089,-0.8389200000000001,GHA,FRA,7373
2231965,85,77,1238,2018.0,0.0,131077.0,-1.3262909999999999,-1.237056,GIN,FRA,7373
2231966,87,77,1238,2018.0,0.0,12816.0,-1.001758,-0.771311,GMB,FRA,7373
2231967,90,77,1238,2018.0,1141515.0,285679.0,0.069841,0.922895,GRC,FRA,7373
2231968,93,77,1238,2018.0,0.0,182897.0,-0.321177,0.6339090000000001,GTM,FRA,7373
2231969,97,77,1238,2018.0,168586.0,661032.0,0.8625149999999999,1.21001,HKG,FRA,7373
2231970,100,77,1238,2018.0,0.0,96804.0,0.8873559999999999,1.480788,HRV,FRA,7373
2231971,101,77,1238,2018.0,0.0,1199.0,-0.95605,-0.9751629999999999,HTI,FRA,7373
2231972,102,77,1238,2018.0,303512.0,2750813.0,1.6983409999999999,0.693194,HUN,FRA,7373
2231973,103,77,1238,2018.0,302517.0,650750.0,-0.0009939999999999999,1.417371,IDN,FRA,7373
2231974,104,77,1238,2018.0,2602521.0,7062411.0,0.536561,2.450287,IND,FRA,7373
2231975,106,77,1238,2018.0,201691.0,1136043.0,1.3647,0.094596,IRL,FRA,7373
2231976,107,77,1238,2018.0,44589.0,2164423.0,-0.290723,-0.430805,IRN,FRA,7373
2231977,108,77,1238,2018.0,0.0,14216.0,-0.627753,-0.983086,IRQ,FRA,7373
2231978,109,77,1238,2018.0,0.0,44735.0,0.161776,-0.293048,ISL,FRA,7373
2231979,110,77,1238,2018.0,19586.0,637622.0,1.205666,1.001693,ISR,FRA,7373
2231980,111,77,1238,2018.0,45418536.0,12330998.0,1.4594799999999999,0.05113,ITA,FRA,7373
2231981,112,77,1238,2018.0,0.0,1001.0,-0.210475,-0.808499,JAM,FRA,7373
2231982,113,77,1238,2018.0,0.0,131744.0,0.125467,0.382625,JOR,FRA,7373
2231983,114,77,1238,2018.0,8422822.0,3195273.0,2.480327,-0.559793,JPN,FRA,7373
2231984,115,77,1238,2018.0,0.0,72295.0,-0.625674,-0.605028,KAZ,FRA,7373
2231985,116,77,1238,2018.0,0.0,110391.0,-0.381632,0.460819,KEN,FRA,7373
2231986,118,77,1238,2018.0,0.0,12533.0,-0.5513779999999999,-0.598237,KHM,FRA,7373
2231987,121,77,1238,2018.0,1539518.0,4057722.0,2.139149,0.795045,KOR,FRA,7373
2231988,122,77,1238,2018.0,0.0,333257.0,-0.790523,-1.136525,KWT,FRA,7373
2231989,123,77,1238,2018.0,6104.0,0.0,-0.60597,-0.479868,LAO,FRA,7373
2231990,124,77,1238,2018.0,0.0,101797.0,0.37832899999999997,1.077452,LBN,FRA,7373
2231991,125,77,1238,2018.0,0.0,20926.0,-1.081874,-1.105082,LBR,FRA,7373
2231992,126,77,1238,2018.0,0.0,24771.0,-1.454322,-1.169087,LBY,FRA,7373
2231993,127,77,1238,2018.0,0.0,3199.0,0.412714,0.17183900000000002,LCA,FRA,7373
2231994,128,77,1238,2018.0,0.0,13449.0,-0.364093,0.347953,LKA,FRA,7373
2231995,130,77,1238,2018.0,8167.0,547253.0,0.839052,1.5688790000000001,LTU,FRA,7373
2231996,131,77,1238,2018.0,919532.0,1068775.0,1.098797,1.390282,LUX,FRA,7373
2231997,132,77,1238,2018.0,0.0,28313.0,0.6984560000000001,1.29918,LVA,FRA,7373
2231998,134,77,1238,2018.0,94357.0,8169830.0,-0.57445,-0.14461400000000002,MAR,FRA,7373
2231999,135,77,1238,2018.0,0.0,16615.0,-0.222348,-0.091067,MDA,FRA,7373
2232000,136,77,1238,2018.0,16765.0,381025.0,-1.056786,-0.9160709999999999,MDG,FRA,7373
2232001,138,77,1238,2018.0,1101523.0,7930120.0,1.272851,0.646359,MEX,FRA,7373
2232002,140,77,1238,2018.0,15175.0,146585.0,0.056548,-0.273964,MKD,FRA,7373
2232003,141,77,1238,2018.0,5648.0,216223.0,-0.805876,-0.907854,MLI,FRA,7373
2232004,142,77,1238,2018.0,0.0,150271.0,0.860195,0.281449,MLT,FRA,7373
2232005,144,77,1238,2018.0,0.0,29963.0,0.166157,0.132633,MNE,FRA,7373
2232006,145,77,1238,2018.0,0.0,11925.0,-0.892013,-1.115228,MNG,FRA,7373
2232007,147,77,1238,2018.0,0.0,35871.0,-1.253762,-1.0049,MOZ,FRA,7373
2232008,148,77,1238,2018.0,0.0,160614.0,-1.219419,-1.2586,MRT,FRA,7373
2232009,151,77,1238,2018.0,4685.0,482632.0,-0.268625,0.104254,MUS,FRA,7373
2232010,152,77,1238,2018.0,0.0,79469.0,-0.717512,-0.8799450000000001,MWI,FRA,7373
2232011,153,77,1238,2018.0,595203.0,3681949.0,1.047185,0.732742,MYS,FRA,7373
2232012,156,77,1238,2018.0,0.0,850204.0,-0.260395,-0.805425,NCL,FRA,7373
2232013,157,77,1238,2018.0,0.0,41288.0,-0.432568,-0.841635,NER,FRA,7373
2232014,159,77,1238,2018.0,0.0,743342.0,-1.839074,-1.29837,NGA,FRA,7373
2232015,162,77,1238,2018.0,18990474.0,6739139.0,1.060964,1.491808,NLD,FRA,7373
2232016,163,77,1238,2018.0,58445.0,786136.0,0.359254,-0.059994000000000006,NOR,FRA,7373
2232017,166,77,1238,2018.0,0.0,116532.0,0.113398,0.017740000000000002,NZL,FRA,7373
2232018,167,77,1238,2018.0,0.0,78455.0,-0.513727,-0.9944280000000001,OMN,FRA,7373
2232019,168,77,1238,2018.0,0.0,304831.0,-0.737637,0.274296,PAK,FRA,7373
2232020,169,77,1238,2018.0,0.0,1295.0,0.007061,-0.13867100000000002,PAN,FRA,7373
2232021,173,77,1238,2018.0,0.0,181148.0,-0.842934,-0.302396,PER,FRA,7373
2232022,174,77,1238,2018.0,1107.0,88374.0,0.7233649999999999,0.23715300000000003,PHL,FRA,7373
2232023,177,77,1238,2018.0,7783982.0,5137373.0,1.1323860000000001,1.1465040000000002,POL,FRA,7373
2232024,179,77,1238,2018.0,2430689.0,2350820.0,0.787381,1.959475,PRT,FRA,7373
2232025,181,77,1238,2018.0,0.0,1326.0,0.260898,0.79366,PSE,FRA,7373
2232026,182,77,1238,2018.0,0.0,505991.0,-0.167505,-0.7041350000000001,PYF,FRA,7373
2232027,183,77,1238,2018.0,0.0,635411.0,-0.291537,-1.022145,QAT,FRA,7373
2232028,185,77,1238,2018.0,1697704.0,8855050.0,1.1458030000000001,1.194413,ROU,FRA,7373
2232029,186,77,1238,2018.0,0.0,4209408.0,-0.079971,0.11098599999999999,RUS,FRA,7373
2232030,187,77,1238,2018.0,0.0,16636.0,-0.48781199999999997,-0.741734,RWA,FRA,7373
2232031,188,77,1238,2018.0,574313.0,3871143.0,0.600485,-0.450466,SAU,FRA,7373
2232032,190,77,1238,2018.0,0.0,5164.0,-1.3426719999999999,-1.1851909999999999,SDN,FRA,7373
2232033,191,77,1238,2018.0,0.0,810181.0,-0.699313,-0.360203,SEN,FRA,7373
2232034,192,77,1238,2018.0,1088850.0,1145961.0,1.870268,0.672214,SGP,FRA,7373
2232035,197,77,1238,2018.0,0.0,133247.0,0.07891799999999999,0.219075,SLV,FRA,7373
2232036,198,77,1238,2018.0,72011.0,0.0,1.1010280000000001,0.679361,SMR,FRA,7373
2232037,200,77,1238,2018.0,7977.0,23265.0,0.360797,-0.693129,SPM,FRA,7373
2232038,201,77,1238,2018.0,6934.0,117945.0,0.665772,1.552409,SRB,FRA,7373
2232039,203,77,1238,2018.0,0.0,1080.0,1.469753,0.128072,STP,FRA,7373
2232040,206,77,1238,2018.0,10920778.0,8493964.0,1.445669,0.9135850000000001,SVK,FRA,7373
2232041,207,77,1238,2018.0,682451.0,2440785.0,1.623183,0.7150850000000001,SVN,FRA,7373
2232042,208,77,1238,2018.0,25200678.0,1621960.0,1.7254209999999999,0.638757,SWE,FRA,7373
2232043,210,77,1238,2018.0,3682.0,1655.0,1.1925059999999998,-0.707432,SXM,FRA,7373
2232044,212,77,1238,2018.0,0.0,69643.0,-0.665828,-0.006848000000000001,SYR,FRA,7373
2232045,215,77,1238,2018.0,0.0,123639.0,-0.681426,-0.7010270000000001,TGO,FRA,7373
2232046,216,77,1238,2018.0,85891.0,2706646.0,1.188923,1.264666,THA,FRA,7373
2232047,219,77,1238,2018.0,0.0,56601.0,-0.802551,-1.154068,TKM,FRA,7373
2232048,223,77,1238,2018.0,223195.0,3143301.0,0.39611799999999997,1.252702,TUN,FRA,7373
2232049,224,77,1238,2018.0,928422.0,11619984.0,0.5883510000000001,2.357541,TUR,FRA,7373
2232050,226,77,1238,2018.0,0.0,3689.0,-0.12971300000000002,1.379649,TZA,FRA,7373
2232051,227,77,1238,2018.0,0.0,27063.0,-0.569114,0.36182800000000004,UGA,FRA,7373
2232052,228,77,1238,2018.0,572437.0,401979.0,0.3281,1.0037459999999998,UKR,FRA,7373
2232053,230,77,1238,2018.0,0.0,30481.0,0.016527,-0.250715,URY,FRA,7373
2232054,231,77,1238,2018.0,11091183.0,29553078.0,1.5527739999999999,0.288577,USA,FRA,7373
2232055,232,77,1238,2018.0,0.0,86985.0,-0.485013,-0.390021,UZB,FRA,7373
2232056,234,77,1238,2018.0,5309.0,0.0,-0.37162,-0.674759,VCT,FRA,7373
2232057,236,77,1238,2018.0,0.0,19856.0,-1.180083,-1.23326,VEN,FRA,7373
2232058,239,77,1238,2018.0,0.0,998532.0,0.111848,0.915842,VNM,FRA,7373
2232059,240,77,1238,2018.0,0.0,9292.0,-1.240625,-1.029865,VUT,FRA,7373
2232060,241,77,1238,2018.0,0.0,8348.0,1.7181509999999998,-0.357819,WLF,FRA,7373
2232061,246,77,1238,2018.0,162112.0,644414.0,-0.053311000000000004,1.45561,ZAF,FRA,7373
2232062,247,77,1238,2018.0,0.0,1105.0,-0.8302510000000001,-0.932916,ZMB,FRA,7373
2232063,248,77,1238,2018.0,0.0,2942.0,-1.071621,-1.112033,ZWE,FRA,7373
2232064,249,77,1238,2018.0,692034.0,2648034.0,2.0283580000000003,1.1648319999999999,TWN,FRA,7373
2232065,250,77,1238,2018.0,3360586.0,3225.0,0.760441,-0.310861,ANS,FRA,7373
2232066,1,81,1238,2018.0,0.0,1349.0,-1.098293,-0.812288,AFG,GBR,7373
2232067,2,81,1238,2018.0,0.0,28932.0,-1.6785400000000001,-1.2244030000000001,AGO,GBR,7373
2232068,4,81,1238,2018.0,2406.0,6508.0,-0.403248,-0.180523,ALB,GBR,7373
2232069,7,81,1238,2018.0,1059490.0,893334.0,-0.020214,-0.570049,ARE,GBR,7373
2232070,8,81,1238,2018.0,0.0,67838.0,-0.239502,0.297865,ARG,GBR,7373
2232071,14,81,1238,2018.0,226633.0,3438482.0,-0.5578930000000001,-0.15666300000000002,AUS,GBR,7373
2232072,15,81,1238,2018.0,4437424.0,607017.0,1.798687,-0.557271,AUT,GBR,7373
2232073,16,81,1238,2018.0,0.0,44307.0,-1.47928,-1.313633,AZE,GBR,7373
2232074,18,81,1238,2018.0,1615772.0,3116050.0,1.244674,1.1368969999999998,BEL,GBR,7373
2232075,19,81,1238,2018.0,14812.0,0.0,-0.775822,-0.800248,BEN,GBR,7373
2232076,20,81,1238,2018.0,0.0,5259.0,0.820852,-0.582549,BES,GBR,7373
2232077,21,81,1238,2018.0,3462.0,13671.0,-0.625138,-0.848562,BFA,GBR,7373
2232078,22,81,1238,2018.0,0.0,14631.0,-0.9003549999999999,-1.1066610000000001,BGD,GBR,7373
2232079,23,81,1238,2018.0,59683.0,541100.0,0.516917,1.915288,BGR,GBR,7373
2232080,24,81,1238,2018.0,2205.0,46434.0,0.335652,-0.646621,BHR,GBR,7373
2232081,25,81,1238,2018.0,0.0,14673.0,0.359908,-0.445567,BHS,GBR,7373
2232082,26,81,1238,2018.0,0.0,2670.0,0.676528,0.8948299999999999,BIH,GBR,7373
2232083,28,81,1238,2018.0,2283.0,66982.0,0.86016,1.034144,BLR,GBR,7373
2232084,32,81,1238,2018.0,1209104.0,609176.0,0.166542,0.718965,BRA,GBR,7373
2232085,33,81,1238,2018.0,0.0,13897.0,0.50894,0.043631,BRB,GBR,7373
2232086,34,81,1238,2018.0,0.0,65249.0,-0.360468,-0.826729,BRN,GBR,7373
2232087,37,81,1238,2018.0,0.0,1678.0,-0.611288,-1.125815,BWA,GBR,7373
2232088,39,81,1238,2018.0,453016.0,1178350.0,0.60854,1.475283,CAN,GBR,7373
2232089,41,81,1238,2018.0,10306459.0,1116650.0,2.173252,0.861742,CHE,GBR,7373
2232090,42,81,1238,2018.0,0.0,253842.0,-0.24325300000000002,-0.350271,CHL,GBR,7373
2232091,43,81,1238,2018.0,31723532.0,7884468.0,1.378018,0.513572,CHN,GBR,7373
2232092,44,81,1238,2018.0,0.0,76989.0,-1.021384,-0.898676,CIV,GBR,7373
2232093,45,81,1238,2018.0,0.0,8521.0,-1.2144,-1.0318260000000001,CMR,GBR,7373
2232094,46,81,1238,2018.0,0.0,30937.0,-1.704339,-1.211619,COD,GBR,7373
2232095,47,81,1238,2018.0,21295.0,3394.0,-1.614157,-1.177288,COG,GBR,7373
2232096,49,81,1238,2018.0,5139.0,67348.0,0.144073,-0.10276199999999999,COL,GBR,7373
2232097,52,81,1238,2018.0,0.0,6878.0,0.27715,0.33261999999999997,CRI,GBR,7373
2232098,58,81,1238,2018.0,47254.0,90719.0,0.180009,-0.26353200000000004,CYP,GBR,7373
2232099,59,81,1238,2018.0,3670087.0,1371379.0,1.8018669999999999,0.022382,CZE,GBR,7373
2232100,61,81,1238,2018.0,52289164.0,10444796.0,2.126861,-2.619524,DEU,GBR,7373
2232101,64,81,1238,2018.0,323193.0,936705.0,1.094761,1.337348,DNK,GBR,7373
2232102,65,81,1238,2018.0,0.0,4514.0,-0.205988,0.291906,DOM,GBR,7373
2232103,66,81,1238,2018.0,0.0,6088.0,-1.121185,-1.196891,DZA,GBR,7373
2232104,67,81,1238,2018.0,0.0,16521.0,-0.9813709999999999,-1.073273,ECU,GBR,7373
2232105,68,81,1238,2018.0,0.0,1313630.0,-0.093935,1.6368610000000001,EGY,GBR,7373
2232106,69,81,1238,2018.0,0.0,5415.0,-1.782586,-1.131987,ERI,GBR,7373
2232107,71,81,1238,2018.0,11098538.0,3681033.0,0.851197,2.261012,ESP,GBR,7373
2232108,72,81,1238,2018.0,1051.0,140981.0,0.957627,1.294173,EST,GBR,7373
2232109,73,81,1238,2018.0,0.0,5457.0,-0.663343,-0.384372,ETH,GBR,7373
2232110,74,81,1238,2018.0,9297152.0,1075297.0,1.561518,1.0198450000000001,FIN,GBR,7373
2232111,76,81,1238,2018.0,0.0,3232.0,-1.245106,-1.02129,FLK,GBR,7373
2232112,77,81,1238,2018.0,15835130.0,7984664.0,1.3578540000000001,0.9033700000000001,FRA,GBR,7373
2232113,78,81,1238,2018.0,0.0,71624.0,-1.2035120000000001,-1.0473700000000001,FRO,GBR,7373
2232114,82,81,1238,2018.0,0.0,4953.0,-0.059633000000000005,-0.073048,GEO,GBR,7373
2232115,83,81,1238,2018.0,0.0,146259.0,-0.769089,-0.8389200000000001,GHA,GBR,7373
2232116,84,81,1238,2018.0,0.0,3737.0,0.47997399999999996,-0.650043,GIB,GBR,7373
2232117,89,81,1238,2018.0,0.0,6448.0,-2.065257,-0.986057,GNQ,GBR,7373
2232118,90,81,1238,2018.0,0.0,363312.0,0.069841,0.922895,GRC,GBR,7373
2232119,91,81,1238,2018.0,0.0,4727.0,0.508417,-0.198203,GRD,GBR,7373
2232120,93,81,1238,2018.0,0.0,2021.0,-0.321177,0.6339090000000001,GTM,GBR,7373
2232121,96,81,1238,2018.0,0.0,8002.0,-0.83525,-1.040274,GUY,GBR,7373
2232122,97,81,1238,2018.0,156303.0,728094.0,0.8625149999999999,1.21001,HKG,GBR,7373
2232123,99,81,1238,2018.0,0.0,23956.0,-0.505516,-0.20719899999999997,HND,GBR,7373
2232124,100,81,1238,2018.0,18622.0,35388.0,0.8873559999999999,1.480788,HRV,GBR,7373
2232125,102,81,1238,2018.0,1098176.0,1480184.0,1.6983409999999999,0.693194,HUN,GBR,7373
2232126,103,81,1238,2018.0,7599.0,337196.0,-0.0009939999999999999,1.417371,IDN,GBR,7373
2232127,104,81,1238,2018.0,1756931.0,4618092.0,0.536561,2.450287,IND,GBR,7373
2232128,106,81,1238,2018.0,1281097.0,9305122.0,1.3647,0.094596,IRL,GBR,7373
2232129,108,81,1238,2018.0,0.0,48811.0,-0.627753,-0.983086,IRQ,GBR,7373
2232130,109,81,1238,2018.0,0.0,104880.0,0.161776,-0.293048,ISL,GBR,7373
2232131,110,81,1238,2018.0,28516.0,412733.0,1.205666,1.001693,ISR,GBR,7373
2232132,111,81,1238,2018.0,16444800.0,3737976.0,1.4594799999999999,0.05113,ITA,GBR,7373
2232133,112,81,1238,2018.0,0.0,59070.0,-0.210475,-0.808499,JAM,GBR,7373
2232134,113,81,1238,2018.0,0.0,22557.0,0.125467,0.382625,JOR,GBR,7373
2232135,114,81,1238,2018.0,46076748.0,1036977.0,2.480327,-0.559793,JPN,GBR,7373
2232136,115,81,1238,2018.0,0.0,215810.0,-0.625674,-0.605028,KAZ,GBR,7373
2232137,116,81,1238,2018.0,0.0,133774.0,-0.381632,0.460819,KEN,GBR,7373
2232138,120,81,1238,2018.0,1399.0,2942.0,0.379669,-0.630851,KNA,GBR,7373
2232139,121,81,1238,2018.0,440418.0,4466987.0,2.139149,0.795045,KOR,GBR,7373
2232140,122,81,1238,2018.0,2730.0,195519.0,-0.790523,-1.136525,KWT,GBR,7373
2232141,124,81,1238,2018.0,0.0,74050.0,0.37832899999999997,1.077452,LBN,GBR,7373
2232142,126,81,1238,2018.0,0.0,185809.0,-1.454322,-1.169087,LBY,GBR,7373
2232143,127,81,1238,2018.0,1042.0,14248.0,0.412714,0.17183900000000002,LCA,GBR,7373
2232144,128,81,1238,2018.0,3855.0,50479.0,-0.364093,0.347953,LKA,GBR,7373
2232145,130,81,1238,2018.0,188568.0,211171.0,0.839052,1.5688790000000001,LTU,GBR,7373
2232146,131,81,1238,2018.0,402560.0,6261.0,1.098797,1.390282,LUX,GBR,7373
2232147,132,81,1238,2018.0,0.0,66488.0,0.6984560000000001,1.29918,LVA,GBR,7373
2232148,134,81,1238,2018.0,0.0,470491.0,-0.57445,-0.14461400000000002,MAR,GBR,7373
2232149,135,81,1238,2018.0,0.0,8172.0,-0.222348,-0.091067,MDA,GBR,7373
2232150,136,81,1238,2018.0,0.0,3755.0,-1.056786,-0.9160709999999999,MDG,GBR,7373
2232151,138,81,1238,2018.0,26600.0,1692682.0,1.272851,0.646359,MEX,GBR,7373
2232152,140,81,1238,2018.0,0.0,48470.0,0.056548,-0.273964,MKD,GBR,7373
2232153,142,81,1238,2018.0,117559.0,245285.0,0.860195,0.281449,MLT,GBR,7373
2232154,143,81,1238,2018.0,0.0,3096.0,-0.9970469999999999,-0.28486,MMR,GBR,7373
2232155,145,81,1238,2018.0,0.0,21596.0,-0.892013,-1.115228,MNG,GBR,7373
2232156,147,81,1238,2018.0,0.0,1153.0,-1.253762,-1.0049,MOZ,GBR,7373
2232157,151,81,1238,2018.0,3215.0,90732.0,-0.268625,0.104254,MUS,GBR,7373
2232158,153,81,1238,2018.0,115418.0,895260.0,1.047185,0.732742,MYS,GBR,7373
2232159,155,81,1238,2018.0,0.0,38571.0,-0.45412600000000003,-0.673077,NAM,GBR,7373
2232160,159,81,1238,2018.0,0.0,363184.0,-1.839074,-1.29837,NGA,GBR,7373
2232161,160,81,1238,2018.0,0.0,1505.0,-0.8788790000000001,-0.747015,NIC,GBR,7373
2232162,162,81,1238,2018.0,11844115.0,3616152.0,1.060964,1.491808,NLD,GBR,7373
2232163,163,81,1238,2018.0,2377332.0,2843198.0,0.359254,-0.059994000000000006,NOR,GBR,7373
2232164,166,81,1238,2018.0,0.0,372264.0,0.113398,0.017740000000000002,NZL,GBR,7373
2232165,167,81,1238,2018.0,4402.0,219857.0,-0.513727,-0.9944280000000001,OMN,GBR,7373
2232166,168,81,1238,2018.0,11103.0,62960.0,-0.737637,0.274296,PAK,GBR,7373
2232167,169,81,1238,2018.0,0.0,39926.0,0.007061,-0.13867100000000002,PAN,GBR,7373
2232168,173,81,1238,2018.0,0.0,54523.0,-0.842934,-0.302396,PER,GBR,7373
2232169,174,81,1238,2018.0,0.0,28783.0,0.7233649999999999,0.23715300000000003,PHL,GBR,7373
2232170,177,81,1238,2018.0,4288208.0,9117382.0,1.1323860000000001,1.1465040000000002,POL,GBR,7373
2232171,179,81,1238,2018.0,12242.0,786049.0,0.787381,1.959475,PRT,GBR,7373
2232172,181,81,1238,2018.0,0.0,1163.0,0.260898,0.79366,PSE,GBR,7373
2232173,183,81,1238,2018.0,0.0,371449.0,-0.291537,-1.022145,QAT,GBR,7373
2232174,185,81,1238,2018.0,13220768.0,1340903.0,1.1458030000000001,1.194413,ROU,GBR,7373
2232175,186,81,1238,2018.0,1601.0,1274643.0,-0.079971,0.11098599999999999,RUS,GBR,7373
2232176,187,81,1238,2018.0,0.0,36920.0,-0.48781199999999997,-0.741734,RWA,GBR,7373
2232177,188,81,1238,2018.0,1199.0,785462.0,0.600485,-0.450466,SAU,GBR,7373
2232178,190,81,1238,2018.0,0.0,7475.0,-1.3426719999999999,-1.1851909999999999,SDN,GBR,7373
2232179,191,81,1238,2018.0,0.0,39762.0,-0.699313,-0.360203,SEN,GBR,7373
2232180,192,81,1238,2018.0,146263.0,906725.0,1.870268,0.672214,SGP,GBR,7373
2232181,196,81,1238,2018.0,0.0,32397.0,-0.17023,-0.25755700000000004,SLE,GBR,7373
2232182,197,81,1238,2018.0,43068.0,15355.0,0.07891799999999999,0.219075,SLV,GBR,7373
2232183,201,81,1238,2018.0,358259.0,166424.0,0.665772,1.552409,SRB,GBR,7373
2232184,206,81,1238,2018.0,649797.0,1806843.0,1.445669,0.9135850000000001,SVK,GBR,7373
2232185,207,81,1238,2018.0,484085.0,262258.0,1.623183,0.7150850000000001,SVN,GBR,7373
2232186,208,81,1238,2018.0,22582960.0,2620355.0,1.7254209999999999,0.638757,SWE,GBR,7373
2232187,211,81,1238,2018.0,0.0,17487.0,-0.222908,-0.7792100000000001,SYC,GBR,7373
2232188,212,81,1238,2018.0,0.0,7679.0,-0.665828,-0.006848000000000001,SYR,GBR,7373
2232189,214,81,1238,2018.0,0.0,21146.0,-1.587501,-1.047253,TCD,GBR,7373
2232190,216,81,1238,2018.0,382595.0,402345.0,1.188923,1.264666,THA,GBR,7373
2232191,222,81,1238,2018.0,0.0,39872.0,-0.32209299999999996,-1.0651540000000002,TTO,GBR,7373
2232192,223,81,1238,2018.0,0.0,212173.0,0.39611799999999997,1.252702,TUN,GBR,7373
2232193,224,81,1238,2018.0,2776368.0,1319689.0,0.5883510000000001,2.357541,TUR,GBR,7373
2232194,226,81,1238,2018.0,0.0,37798.0,-0.12971300000000002,1.379649,TZA,GBR,7373
2232195,227,81,1238,2018.0,0.0,13874.0,-0.569114,0.36182800000000004,UGA,GBR,7373
2232196,228,81,1238,2018.0,884892.0,190770.0,0.3281,1.0037459999999998,UKR,GBR,7373
2232197,230,81,1238,2018.0,0.0,39968.0,0.016527,-0.250715,URY,GBR,7373
2232198,231,81,1238,2018.0,22957076.0,19103730.0,1.5527739999999999,0.288577,USA,GBR,7373
2232199,232,81,1238,2018.0,0.0,126295.0,-0.485013,-0.390021,UZB,GBR,7373
2232200,234,81,1238,2018.0,0.0,57498.0,-0.37162,-0.674759,VCT,GBR,7373
2232201,239,81,1238,2018.0,3528.0,325276.0,0.111848,0.915842,VNM,GBR,7373
2232202,246,81,1238,2018.0,54471.0,2078417.0,-0.053311000000000004,1.45561,ZAF,GBR,7373
2232203,247,81,1238,2018.0,0.0,5437.0,-0.8302510000000001,-0.932916,ZMB,GBR,7373
2232204,248,81,1238,2018.0,0.0,2137.0,-1.071621,-1.112033,ZWE,GBR,7373
2232205,249,81,1238,2018.0,1450667.0,340495.0,2.0283580000000003,1.1648319999999999,TWN,GBR,7373
2232206,250,81,1238,2018.0,0.0,2135.0,0.760441,-0.310861,ANS,GBR,7373
2232207,4,90,1238,2018.0,0.0,69796.0,-0.403248,-0.180523,ALB,GRC,7373
2232208,7,90,1238,2018.0,200294.0,21133.0,-0.020214,-0.570049,ARE,GRC,7373
2232209,15,90,1238,2018.0,176996.0,147028.0,1.798687,-0.557271,AUT,GRC,7373
2232210,18,90,1238,2018.0,70714.0,20619.0,1.244674,1.1368969999999998,BEL,GRC,7373
2232211,23,90,1238,2018.0,332269.0,642024.0,0.516917,1.915288,BGR,GRC,7373
2232212,30,90,1238,2018.0,0.0,4933.0,0.423382,-0.559448,BMU,GRC,7373
2232213,32,90,1238,2018.0,6513.0,291727.0,0.166542,0.718965,BRA,GRC,7373
2232214,41,90,1238,2018.0,766755.0,22582.0,2.173252,0.861742,CHE,GRC,7373
2232215,43,90,1238,2018.0,3728154.0,16117.0,1.378018,0.513572,CHN,GRC,7373
2232216,52,90,1238,2018.0,0.0,4619.0,0.27715,0.33261999999999997,CRI,GRC,7373
2232217,58,90,1238,2018.0,69792.0,165610.0,0.180009,-0.26353200000000004,CYP,GRC,7373
2232218,59,90,1238,2018.0,295328.0,3120.0,1.8018669999999999,0.022382,CZE,GRC,7373
2232219,61,90,1238,2018.0,2871088.0,3509809.0,2.126861,-2.619524,DEU,GRC,7373
2232220,64,90,1238,2018.0,14380.0,3317.0,1.094761,1.337348,DNK,GRC,7373
2232221,66,90,1238,2018.0,0.0,103951.0,-1.121185,-1.196891,DZA,GRC,7373
2232222,67,90,1238,2018.0,0.0,35432.0,-0.9813709999999999,-1.073273,ECU,GRC,7373
2232223,68,90,1238,2018.0,1042.0,7896.0,-0.093935,1.6368610000000001,EGY,GRC,7373
2232224,71,90,1238,2018.0,152853.0,40037.0,0.851197,2.261012,ESP,GRC,7373
2232225,72,90,1238,2018.0,0.0,1063.0,0.957627,1.294173,EST,GRC,7373
2232226,74,90,1238,2018.0,469136.0,14112.0,1.561518,1.0198450000000001,FIN,GRC,7373
2232227,77,90,1238,2018.0,285679.0,1141515.0,1.3578540000000001,0.9033700000000001,FRA,GRC,7373
2232228,81,90,1238,2018.0,363312.0,0.0,1.481442,1.050259,GBR,GRC,7373
2232229,97,90,1238,2018.0,5882.0,0.0,0.8625149999999999,1.21001,HKG,GRC,7373
2232230,102,90,1238,2018.0,64811.0,0.0,1.6983409999999999,0.693194,HUN,GRC,7373
2232231,104,90,1238,2018.0,0.0,1264.0,0.536561,2.450287,IND,GRC,7373
2232232,106,90,1238,2018.0,27530.0,6906.0,1.3647,0.094596,IRL,GRC,7373
2232233,110,90,1238,2018.0,60244.0,483882.0,1.205666,1.001693,ISR,GRC,7373
2232234,111,90,1238,2018.0,3908996.0,28658.0,1.4594799999999999,0.05113,ITA,GRC,7373
2232235,114,90,1238,2018.0,80907.0,1743.0,2.480327,-0.559793,JPN,GRC,7373
2232236,121,90,1238,2018.0,30480.0,5853.0,2.139149,0.795045,KOR,GRC,7373
2232237,125,90,1238,2018.0,0.0,4127.0,-1.081874,-1.105082,LBR,GRC,7373
2232238,130,90,1238,2018.0,21230.0,167133.0,0.839052,1.5688790000000001,LTU,GRC,7373
2232239,131,90,1238,2018.0,23137.0,0.0,1.098797,1.390282,LUX,GRC,7373
2232240,134,90,1238,2018.0,0.0,23877.0,-0.57445,-0.14461400000000002,MAR,GRC,7373
2232241,139,90,1238,2018.0,0.0,3038.0,-0.131983,-0.743376,MHL,GRC,7373
2232242,140,90,1238,2018.0,18639.0,14824.0,0.056548,-0.273964,MKD,GRC,7373
2232243,142,90,1238,2018.0,0.0,14933.0,0.860195,0.281449,MLT,GRC,7373
2232244,153,90,1238,2018.0,3430.0,0.0,1.047185,0.732742,MYS,GRC,7373
2232245,159,90,1238,2018.0,0.0,22975.0,-1.839074,-1.29837,NGA,GRC,7373
2232246,162,90,1238,2018.0,450144.0,19492.0,1.060964,1.491808,NLD,GRC,7373
2232247,167,90,1238,2018.0,18063.0,0.0,-0.513727,-0.9944280000000001,OMN,GRC,7373
2232248,173,90,1238,2018.0,0.0,1138.0,-0.842934,-0.302396,PER,GRC,7373
2232249,174,90,1238,2018.0,0.0,5131.0,0.7233649999999999,0.23715300000000003,PHL,GRC,7373
2232250,177,90,1238,2018.0,163884.0,9192.0,1.1323860000000001,1.1465040000000002,POL,GRC,7373
2232251,179,90,1238,2018.0,1502.0,6383.0,0.787381,1.959475,PRT,GRC,7373
2232252,185,90,1238,2018.0,105823.0,21455.0,1.1458030000000001,1.194413,ROU,GRC,7373
2232253,186,90,1238,2018.0,0.0,445535.0,-0.079971,0.11098599999999999,RUS,GRC,7373
2232254,188,90,1238,2018.0,0.0,18697.0,0.600485,-0.450466,SAU,GRC,7373
2232255,192,90,1238,2018.0,0.0,1116.0,1.870268,0.672214,SGP,GRC,7373
2232256,201,90,1238,2018.0,130101.0,11228.0,0.665772,1.552409,SRB,GRC,7373
2232257,206,90,1238,2018.0,29699.0,0.0,1.445669,0.9135850000000001,SVK,GRC,7373
2232258,208,90,1238,2018.0,13979.0,11013.0,1.7254209999999999,0.638757,SWE,GRC,7373
2232259,224,90,1238,2018.0,321463.0,469421.0,0.5883510000000001,2.357541,TUR,GRC,7373
2232260,228,90,1238,2018.0,1448.0,0.0,0.3281,1.0037459999999998,UKR,GRC,7373
2232261,231,90,1238,2018.0,747612.0,1875151.0,1.5527739999999999,0.288577,USA,GRC,7373
2232262,240,90,1238,2018.0,0.0,2333.0,-1.240625,-1.029865,VUT,GRC,7373
2232263,246,90,1238,2018.0,0.0,2746.0,-0.053311000000000004,1.45561,ZAF,GRC,7373
2232264,249,90,1238,2018.0,60518.0,0.0,2.0283580000000003,1.1648319999999999,TWN,GRC,7373
2232265,29,93,1238,2018.0,7512.0,27786.0,-0.242696,-0.558757,BLZ,GTM,7373
2232266,32,93,1238,2018.0,8884.0,0.0,0.166542,0.718965,BRA,GTM,7373
2232267,41,93,1238,2018.0,114812.0,0.0,2.173252,0.861742,CHE,GTM,7373
2232268,42,93,1238,2018.0,3582.0,0.0,-0.24325300000000002,-0.350271,CHL,GTM,7373
2232269,43,93,1238,2018.0,1432531.0,0.0,1.378018,0.513572,CHN,GTM,7373
2232270,49,93,1238,2018.0,82995.0,0.0,0.144073,-0.10276199999999999,COL,GTM,7373
2232271,52,93,1238,2018.0,147250.0,0.0,0.27715,0.33261999999999997,CRI,GTM,7373
2232272,61,93,1238,2018.0,434734.0,0.0,2.126861,-2.619524,DEU,GTM,7373
2232273,65,93,1238,2018.0,0.0,2843.0,-0.205988,0.291906,DOM,GTM,7373
2232274,67,93,1238,2018.0,0.0,5032.0,-0.9813709999999999,-1.073273,ECU,GTM,7373
2232275,71,93,1238,2018.0,13287.0,0.0,0.851197,2.261012,ESP,GTM,7373
2232276,77,93,1238,2018.0,182897.0,0.0,1.3578540000000001,0.9033700000000001,FRA,GTM,7373
2232277,81,93,1238,2018.0,2021.0,0.0,1.481442,1.050259,GBR,GTM,7373
2232278,97,93,1238,2018.0,62627.0,0.0,0.8625149999999999,1.21001,HKG,GTM,7373
2232279,99,93,1238,2018.0,8880.0,62754.0,-0.505516,-0.20719899999999997,HND,GTM,7373
2232280,101,93,1238,2018.0,0.0,2901.0,-0.95605,-0.9751629999999999,HTI,GTM,7373
2232281,104,93,1238,2018.0,28910.0,0.0,0.536561,2.450287,IND,GTM,7373
2232282,111,93,1238,2018.0,48840.0,14467.0,1.4594799999999999,0.05113,ITA,GTM,7373
2232283,114,93,1238,2018.0,60666.0,0.0,2.480327,-0.559793,JPN,GTM,7373
2232284,121,93,1238,2018.0,13630.0,0.0,2.139149,0.795045,KOR,GTM,7373
2232285,138,93,1238,2018.0,1057069.0,70451.0,1.272851,0.646359,MEX,GTM,7373
2232286,160,93,1238,2018.0,88661.0,53556.0,-0.8788790000000001,-0.747015,NIC,GTM,7373
2232287,162,93,1238,2018.0,2984.0,0.0,1.060964,1.491808,NLD,GTM,7373
2232288,169,93,1238,2018.0,82798.0,43424.0,0.007061,-0.13867100000000002,PAN,GTM,7373
2232289,177,93,1238,2018.0,29301.0,0.0,1.1323860000000001,1.1465040000000002,POL,GTM,7373
2232290,197,93,1238,2018.0,62659.0,246046.0,0.07891799999999999,0.219075,SLV,GTM,7373
2232291,224,93,1238,2018.0,6282.0,0.0,0.5883510000000001,2.357541,TUR,GTM,7373
2232292,231,93,1238,2018.0,2260992.0,22778.0,1.5527739999999999,0.288577,USA,GTM,7373
2232293,246,93,1238,2018.0,4225.0,0.0,-0.053311000000000004,1.45561,ZAF,GTM,7373
2232294,249,93,1238,2018.0,86305.0,0.0,2.0283580000000003,1.1648319999999999,TWN,GTM,7373
2232295,32,96,1238,2018.0,26014.0,0.0,0.166542,0.718965,BRA,GUY,7373
2232296,43,96,1238,2018.0,188751.0,0.0,1.378018,0.513572,CHN,GUY,7373
2232297,61,96,1238,2018.0,4000.0,0.0,2.126861,-2.619524,DEU,GUY,7373
2232298,81,96,1238,2018.0,8002.0,0.0,1.481442,1.050259,GBR,GUY,7373
2232299,138,96,1238,2018.0,1780.0,0.0,1.272851,0.646359,MEX,GUY,7373
2232300,162,96,1238,2018.0,3692.0,0.0,1.060964,1.491808,NLD,GUY,7373
2232301,169,96,1238,2018.0,4624.0,0.0,0.007061,-0.13867100000000002,PAN,GUY,7373
2232302,222,96,1238,2018.0,58082.0,7599.0,-0.32209299999999996,-1.0651540000000002,TTO,GUY,7373
2232303,231,96,1238,2018.0,310093.0,0.0,1.5527739999999999,0.288577,USA,GUY,7373
2232304,2,97,1238,2018.0,0.0,5287.0,-1.6785400000000001,-1.2244030000000001,AGO,HKG,7373
2232305,4,97,1238,2018.0,0.0,16801.0,-0.403248,-0.180523,ALB,HKG,7373
2232306,7,97,1238,2018.0,43736.0,92007.0,-0.020214,-0.570049,ARE,HKG,7373
2232307,8,97,1238,2018.0,0.0,109510.0,-0.239502,0.297865,ARG,HKG,7373
2232308,14,97,1238,2018.0,64289.0,54242.0,-0.5578930000000001,-0.15666300000000002,AUS,HKG,7373
2232309,15,97,1238,2018.0,11478966.0,34460.0,1.798687,-0.557271,AUT,HKG,7373
2232310,16,97,1238,2018.0,0.0,3062.0,-1.47928,-1.313633,AZE,HKG,7373
2232311,18,97,1238,2018.0,257153.0,127106.0,1.244674,1.1368969999999998,BEL,HKG,7373
2232312,21,97,1238,2018.0,0.0,2982.0,-0.625138,-0.848562,BFA,HKG,7373
2232313,22,97,1238,2018.0,0.0,87868.0,-0.9003549999999999,-1.1066610000000001,BGD,HKG,7373
2232314,23,97,1238,2018.0,0.0,72243.0,0.516917,1.915288,BGR,HKG,7373
2232315,26,97,1238,2018.0,0.0,1063.0,0.676528,0.8948299999999999,BIH,HKG,7373
2232316,28,97,1238,2018.0,9922.0,4500.0,0.86016,1.034144,BLR,HKG,7373
2232317,31,97,1238,2018.0,0.0,20953.0,-1.069519,-0.942264,BOL,HKG,7373
2232318,32,97,1238,2018.0,0.0,857856.0,0.166542,0.718965,BRA,HKG,7373
2232319,34,97,1238,2018.0,0.0,9148.0,-0.360468,-0.826729,BRN,HKG,7373
2232320,37,97,1238,2018.0,0.0,4098.0,-0.611288,-1.125815,BWA,HKG,7373
2232321,39,97,1238,2018.0,91114.0,350535.0,0.60854,1.475283,CAN,HKG,7373
2232322,41,97,1238,2018.0,1447198.0,70633.0,2.173252,0.861742,CHE,HKG,7373
2232323,42,97,1238,2018.0,0.0,129774.0,-0.24325300000000002,-0.350271,CHL,HKG,7373
2232324,43,97,1238,2018.0,48316312.0,23888280.0,1.378018,0.513572,CHN,HKG,7373
2232325,45,97,1238,2018.0,0.0,21779.0,-1.2144,-1.0318260000000001,CMR,HKG,7373
2232326,46,97,1238,2018.0,0.0,4684.0,-1.704339,-1.211619,COD,HKG,7373
2232327,49,97,1238,2018.0,0.0,48927.0,0.144073,-0.10276199999999999,COL,HKG,7373
2232328,52,97,1238,2018.0,0.0,22933.0,0.27715,0.33261999999999997,CRI,HKG,7373
2232329,58,97,1238,2018.0,0.0,14948.0,0.180009,-0.26353200000000004,CYP,HKG,7373
2232330,59,97,1238,2018.0,46533.0,15780.0,1.8018669999999999,0.022382,CZE,HKG,7373
2232331,61,97,1238,2018.0,15004499.0,1476074.0,2.126861,-2.619524,DEU,HKG,7373
2232332,64,97,1238,2018.0,60103.0,13149.0,1.094761,1.337348,DNK,HKG,7373
2232333,66,97,1238,2018.0,0.0,77875.0,-1.121185,-1.196891,DZA,HKG,7373
2232334,67,97,1238,2018.0,0.0,43028.0,-0.9813709999999999,-1.073273,ECU,HKG,7373
2232335,68,97,1238,2018.0,0.0,30693.0,-0.093935,1.6368610000000001,EGY,HKG,7373
2232336,71,97,1238,2018.0,64142.0,506127.0,0.851197,2.261012,ESP,HKG,7373
2232337,72,97,1238,2018.0,0.0,3180.0,0.957627,1.294173,EST,HKG,7373
2232338,74,97,1238,2018.0,5634.0,4702.0,1.561518,1.0198450000000001,FIN,HKG,7373
2232339,75,97,1238,2018.0,0.0,1725.0,-0.31149299999999996,0.198303,FJI,HKG,7373
2232340,77,97,1238,2018.0,661032.0,168586.0,1.3578540000000001,0.9033700000000001,FRA,HKG,7373
2232341,79,97,1238,2018.0,0.0,1822.0,-0.738301,-0.9456889999999999,FSM,HKG,7373
2232342,81,97,1238,2018.0,728094.0,156303.0,1.481442,1.050259,GBR,HKG,7373
2232343,82,97,1238,2018.0,0.0,20792.0,-0.059633000000000005,-0.073048,GEO,HKG,7373
2232344,83,97,1238,2018.0,0.0,22106.0,-0.769089,-0.8389200000000001,GHA,HKG,7373
2232345,90,97,1238,2018.0,0.0,5882.0,0.069841,0.922895,GRC,HKG,7373
2232346,93,97,1238,2018.0,0.0,62627.0,-0.321177,0.6339090000000001,GTM,HKG,7373
2232347,100,97,1238,2018.0,0.0,1619.0,0.8873559999999999,1.480788,HRV,HKG,7373
2232348,102,97,1238,2018.0,5731.0,665806.0,1.6983409999999999,0.693194,HUN,HKG,7373
2232349,103,97,1238,2018.0,5496.0,354072.0,-0.0009939999999999999,1.417371,IDN,HKG,7373
2232350,104,97,1238,2018.0,455627.0,3746250.0,0.536561,2.450287,IND,HKG,7373
2232351,106,97,1238,2018.0,0.0,14164.0,1.3647,0.094596,IRL,HKG,7373
2232352,107,97,1238,2018.0,0.0,10410.0,-0.290723,-0.430805,IRN,HKG,7373
2232353,110,97,1238,2018.0,404036.0,138446.0,1.205666,1.001693,ISR,HKG,7373
2232354,111,97,1238,2018.0,1453656.0,68179.0,1.4594799999999999,0.05113,ITA,HKG,7373
2232355,112,97,1238,2018.0,0.0,5453.0,-0.210475,-0.808499,JAM,HKG,7373
2232356,113,97,1238,2018.0,0.0,1052.0,0.125467,0.382625,JOR,HKG,7373
2232357,114,97,1238,2018.0,20187042.0,306825.0,2.480327,-0.559793,JPN,HKG,7373
2232358,115,97,1238,2018.0,0.0,1090.0,-0.625674,-0.605028,KAZ,HKG,7373
2232359,116,97,1238,2018.0,0.0,25260.0,-0.381632,0.460819,KEN,HKG,7373
2232360,118,97,1238,2018.0,0.0,111137.0,-0.5513779999999999,-0.598237,KHM,HKG,7373
2232361,121,97,1238,2018.0,8101946.0,112443.0,2.139149,0.795045,KOR,HKG,7373
2232362,123,97,1238,2018.0,0.0,25899.0,-0.60597,-0.479868,LAO,HKG,7373
2232363,128,97,1238,2018.0,0.0,19399.0,-0.364093,0.347953,LKA,HKG,7373
2232364,130,97,1238,2018.0,0.0,22397.0,0.839052,1.5688790000000001,LTU,HKG,7373
2232365,131,97,1238,2018.0,0.0,5156.0,1.098797,1.390282,LUX,HKG,7373
2232366,132,97,1238,2018.0,0.0,5723.0,0.6984560000000001,1.29918,LVA,HKG,7373
2232367,133,97,1238,2018.0,30173.0,412425.0,0.358075,0.081041,MAC,HKG,7373
2232368,134,97,1238,2018.0,69615.0,3769.0,-0.57445,-0.14461400000000002,MAR,HKG,7373
2232369,135,97,1238,2018.0,0.0,7292.0,-0.222348,-0.091067,MDA,HKG,7373
2232370,137,97,1238,2018.0,0.0,4012.0,-1.128674,-1.053328,MDV,HKG,7373
2232371,138,97,1238,2018.0,5508.0,546964.0,1.272851,0.646359,MEX,HKG,7373
2232372,140,97,1238,2018.0,0.0,37557.0,0.056548,-0.273964,MKD,HKG,7373
2232373,141,97,1238,2018.0,0.0,3555.0,-0.805876,-0.907854,MLI,HKG,7373
2232374,142,97,1238,2018.0,137619.0,226043.0,0.860195,0.281449,MLT,HKG,7373
2232375,143,97,1238,2018.0,0.0,10008.0,-0.9970469999999999,-0.28486,MMR,HKG,7373
2232376,151,97,1238,2018.0,0.0,4419.0,-0.268625,0.104254,MUS,HKG,7373
2232377,152,97,1238,2018.0,0.0,2014.0,-0.717512,-0.8799450000000001,MWI,HKG,7373
2232378,153,97,1238,2018.0,822810.0,5594215.0,1.047185,0.732742,MYS,HKG,7373
2232379,159,97,1238,2018.0,0.0,120828.0,-1.839074,-1.29837,NGA,HKG,7373
2232380,160,97,1238,2018.0,0.0,2371.0,-0.8788790000000001,-0.747015,NIC,HKG,7373
2232381,162,97,1238,2018.0,384607.0,103078.0,1.060964,1.491808,NLD,HKG,7373
2232382,163,97,1238,2018.0,100671.0,8559.0,0.359254,-0.059994000000000006,NOR,HKG,7373
2232383,164,97,1238,2018.0,0.0,1456.0,-0.15379500000000002,0.7814369999999999,NPL,HKG,7373
2232384,166,97,1238,2018.0,0.0,27610.0,0.113398,0.017740000000000002,NZL,HKG,7373
2232385,167,97,1238,2018.0,0.0,4964.0,-0.513727,-0.9944280000000001,OMN,HKG,7373
2232386,168,97,1238,2018.0,56963.0,336830.0,-0.737637,0.274296,PAK,HKG,7373
2232387,173,97,1238,2018.0,0.0,43689.0,-0.842934,-0.302396,PER,HKG,7373
2232388,174,97,1238,2018.0,153124.0,3317096.0,0.7233649999999999,0.23715300000000003,PHL,HKG,7373
2232389,175,97,1238,2018.0,0.0,1261.0,-0.020347,-0.781658,PLW,HKG,7373
2232390,177,97,1238,2018.0,87181.0,141435.0,1.1323860000000001,1.1465040000000002,POL,HKG,7373
2232391,179,97,1238,2018.0,0.0,295382.0,0.787381,1.959475,PRT,HKG,7373
2232392,180,97,1238,2018.0,0.0,20297.0,-0.504343,-0.8482040000000001,PRY,HKG,7373
2232393,181,97,1238,2018.0,0.0,8811.0,0.260898,0.79366,PSE,HKG,7373
2232394,182,97,1238,2018.0,0.0,1699.0,-0.167505,-0.7041350000000001,PYF,HKG,7373
2232395,183,97,1238,2018.0,17791.0,0.0,-0.291537,-1.022145,QAT,HKG,7373
2232396,185,97,1238,2018.0,1924.0,31311.0,1.1458030000000001,1.194413,ROU,HKG,7373
2232397,186,97,1238,2018.0,9557.0,187173.0,-0.079971,0.11098599999999999,RUS,HKG,7373
2232398,188,97,1238,2018.0,0.0,13654.0,0.600485,-0.450466,SAU,HKG,7373
2232399,192,97,1238,2018.0,1126712.0,401694.0,1.870268,0.672214,SGP,HKG,7373
2232400,196,97,1238,2018.0,0.0,23404.0,-0.17023,-0.25755700000000004,SLE,HKG,7373
2232401,201,97,1238,2018.0,0.0,149006.0,0.665772,1.552409,SRB,HKG,7373
2232402,206,97,1238,2018.0,8006.0,9570.0,1.445669,0.9135850000000001,SVK,HKG,7373
2232403,207,97,1238,2018.0,0.0,36901.0,1.623183,0.7150850000000001,SVN,HKG,7373
2232404,208,97,1238,2018.0,65863.0,356921.0,1.7254209999999999,0.638757,SWE,HKG,7373
2232405,215,97,1238,2018.0,0.0,15795.0,-0.681426,-0.7010270000000001,TGO,HKG,7373
2232406,216,97,1238,2018.0,2211671.0,932966.0,1.188923,1.264666,THA,HKG,7373
2232407,223,97,1238,2018.0,0.0,1399.0,0.39611799999999997,1.252702,TUN,HKG,7373
2232408,224,97,1238,2018.0,5245.0,65799.0,0.5883510000000001,2.357541,TUR,HKG,7373
2232409,226,97,1238,2018.0,0.0,9038.0,-0.12971300000000002,1.379649,TZA,HKG,7373
2232410,227,97,1238,2018.0,0.0,5270.0,-0.569114,0.36182800000000004,UGA,HKG,7373
2232411,228,97,1238,2018.0,648251.0,189643.0,0.3281,1.0037459999999998,UKR,HKG,7373
2232412,230,97,1238,2018.0,0.0,39258.0,0.016527,-0.250715,URY,HKG,7373
2232413,231,97,1238,2018.0,8003764.0,457630.0,1.5527739999999999,0.288577,USA,HKG,7373
2232414,232,97,1238,2018.0,0.0,17423.0,-0.485013,-0.390021,UZB,HKG,7373
2232415,239,97,1238,2018.0,404072.0,854657.0,0.111848,0.915842,VNM,HKG,7373
2232416,246,97,1238,2018.0,0.0,135399.0,-0.053311000000000004,1.45561,ZAF,HKG,7373
2232417,247,97,1238,2018.0,0.0,12010.0,-0.8302510000000001,-0.932916,ZMB,HKG,7373
2232418,248,97,1238,2018.0,0.0,136379.0,-1.071621,-1.112033,ZWE,HKG,7373
2232419,249,97,1238,2018.0,2199896.0,2067997.0,2.0283580000000003,1.1648319999999999,TWN,HKG,7373
2232420,250,97,1238,2018.0,0.0,13719.0,0.760441,-0.310861,ANS,HKG,7373
2232421,32,99,1238,2018.0,3776.0,0.0,0.166542,0.718965,BRA,HND,7373
2232422,39,99,1238,2018.0,5390.0,0.0,0.60854,1.475283,CAN,HND,7373
2232423,41,99,1238,2018.0,11943.0,0.0,2.173252,0.861742,CHE,HND,7373
2232424,43,99,1238,2018.0,1112124.0,0.0,1.378018,0.513572,CHN,HND,7373
2232425,59,99,1238,2018.0,1129.0,0.0,1.8018669999999999,0.022382,CZE,HND,7373
2232426,61,99,1238,2018.0,78343.0,1978.0,2.126861,-2.619524,DEU,HND,7373
2232427,65,99,1238,2018.0,0.0,1875.0,-0.205988,0.291906,DOM,HND,7373
2232428,71,99,1238,2018.0,6207.0,0.0,0.851197,2.261012,ESP,HND,7373
2232429,81,99,1238,2018.0,23956.0,0.0,1.481442,1.050259,GBR,HND,7373
2232430,93,99,1238,2018.0,62754.0,8880.0,-0.321177,0.6339090000000001,GTM,HND,7373
2232431,104,99,1238,2018.0,17979.0,0.0,0.536561,2.450287,IND,HND,7373
2232432,111,99,1238,2018.0,15066.0,0.0,1.4594799999999999,0.05113,ITA,HND,7373
2232433,114,99,1238,2018.0,5959.0,0.0,2.480327,-0.559793,JPN,HND,7373
2232434,121,99,1238,2018.0,6956.0,0.0,2.139149,0.795045,KOR,HND,7373
2232435,138,99,1238,2018.0,480489.0,0.0,1.272851,0.646359,MEX,HND,7373
2232436,160,99,1238,2018.0,1630.0,1270.0,-0.8788790000000001,-0.747015,NIC,HND,7373
2232437,173,99,1238,2018.0,2571.0,0.0,-0.842934,-0.302396,PER,HND,7373
2232438,177,99,1238,2018.0,1966.0,0.0,1.1323860000000001,1.1465040000000002,POL,HND,7373
2232439,197,99,1238,2018.0,20265.0,2570.0,0.07891799999999999,0.219075,SLV,HND,7373
2232440,206,99,1238,2018.0,1205.0,0.0,1.445669,0.9135850000000001,SVK,HND,7373
2232441,231,99,1238,2018.0,2115004.0,52233.0,1.5527739999999999,0.288577,USA,HND,7373
2232442,249,99,1238,2018.0,76687.0,0.0,2.0283580000000003,1.1648319999999999,TWN,HND,7373
2232443,7,102,1238,2018.0,0.0,50064.0,-0.020214,-0.570049,ARE,HUN,7373
2232444,14,102,1238,2018.0,10678.0,844205.0,-0.5578930000000001,-0.15666300000000002,AUS,HUN,7373
2232445,15,102,1238,2018.0,10905987.0,31650758.0,1.798687,-0.557271,AUT,HUN,7373
2232446,18,102,1238,2018.0,435743.0,182452.0,1.244674,1.1368969999999998,BEL,HUN,7373
2232447,23,102,1238,2018.0,0.0,141233.0,0.516917,1.915288,BGR,HUN,7373
2232448,26,102,1238,2018.0,0.0,4866.0,0.676528,0.8948299999999999,BIH,HUN,7373
2232449,32,102,1238,2018.0,12068.0,28755.0,0.166542,0.718965,BRA,HUN,7373
2232450,39,102,1238,2018.0,223977.0,4232.0,0.60854,1.475283,CAN,HUN,7373
2232451,41,102,1238,2018.0,3281597.0,2506534.0,2.173252,0.861742,CHE,HUN,7373
2232452,43,102,1238,2018.0,8003958.0,2277084.0,1.378018,0.513572,CHN,HUN,7373
2232453,49,102,1238,2018.0,0.0,1502.0,0.144073,-0.10276199999999999,COL,HUN,7373
2232454,58,102,1238,2018.0,0.0,6341.0,0.180009,-0.26353200000000004,CYP,HUN,7373
2232455,59,102,1238,2018.0,3167209.0,1394435.0,1.8018669999999999,0.022382,CZE,HUN,7373
2232456,61,102,1238,2018.0,62097884.0,8647001.0,2.126861,-2.619524,DEU,HUN,7373
2232457,64,102,1238,2018.0,276014.0,32463.0,1.094761,1.337348,DNK,HUN,7373
2232458,67,102,1238,2018.0,0.0,1301.0,-0.9813709999999999,-1.073273,ECU,HUN,7373
2232459,68,102,1238,2018.0,0.0,3412.0,-0.093935,1.6368610000000001,EGY,HUN,7373
2232460,71,102,1238,2018.0,1099199.0,183157.0,0.851197,2.261012,ESP,HUN,7373
2232461,72,102,1238,2018.0,0.0,16368.0,0.957627,1.294173,EST,HUN,7373
2232462,74,102,1238,2018.0,618243.0,49750.0,1.561518,1.0198450000000001,FIN,HUN,7373
2232463,77,102,1238,2018.0,2750813.0,303512.0,1.3578540000000001,0.9033700000000001,FRA,HUN,7373
2232464,81,102,1238,2018.0,1480184.0,1098176.0,1.481442,1.050259,GBR,HUN,7373
2232465,90,102,1238,2018.0,0.0,64811.0,0.069841,0.922895,GRC,HUN,7373
2232466,97,102,1238,2018.0,665806.0,5731.0,0.8625149999999999,1.21001,HKG,HUN,7373
2232467,100,102,1238,2018.0,6312.0,139931.0,0.8873559999999999,1.480788,HRV,HUN,7373
2232468,103,102,1238,2018.0,0.0,23804.0,-0.0009939999999999999,1.417371,IDN,HUN,7373
2232469,104,102,1238,2018.0,75759.0,27131.0,0.536561,2.450287,IND,HUN,7373
2232470,106,102,1238,2018.0,109143.0,50419.0,1.3647,0.094596,IRL,HUN,7373
2232471,108,102,1238,2018.0,0.0,1234.0,-0.627753,-0.983086,IRQ,HUN,7373
2232472,110,102,1238,2018.0,0.0,8530.0,1.205666,1.001693,ISR,HUN,7373
2232473,111,102,1238,2018.0,4198418.0,109135.0,1.4594799999999999,0.05113,ITA,HUN,7373
2232474,113,102,1238,2018.0,0.0,7017.0,0.125467,0.382625,JOR,HUN,7373
2232475,114,102,1238,2018.0,2017055.0,12738.0,2.480327,-0.559793,JPN,HUN,7373
2232476,117,102,1238,2018.0,0.0,231531.0,0.000495,0.601278,KGZ,HUN,7373
2232477,121,102,1238,2018.0,75774688.0,2042.0,2.139149,0.795045,KOR,HUN,7373
2232478,122,102,1238,2018.0,0.0,3278.0,-0.790523,-1.136525,KWT,HUN,7373
2232479,124,102,1238,2018.0,0.0,10020.0,0.37832899999999997,1.077452,LBN,HUN,7373
2232480,128,102,1238,2018.0,0.0,11927.0,-0.364093,0.347953,LKA,HUN,7373
2232481,130,102,1238,2018.0,2492.0,48055.0,0.839052,1.5688790000000001,LTU,HUN,7373
2232482,131,102,1238,2018.0,178241.0,0.0,1.098797,1.390282,LUX,HUN,7373
2232483,132,102,1238,2018.0,0.0,3549.0,0.6984560000000001,1.29918,LVA,HUN,7373
2232484,134,102,1238,2018.0,0.0,53902.0,-0.57445,-0.14461400000000002,MAR,HUN,7373
2232485,138,102,1238,2018.0,12061.0,339844.0,1.272851,0.646359,MEX,HUN,7373
2232486,140,102,1238,2018.0,0.0,25267.0,0.056548,-0.273964,MKD,HUN,7373
2232487,144,102,1238,2018.0,0.0,4849.0,0.166157,0.132633,MNE,HUN,7373
2232488,153,102,1238,2018.0,19687.0,0.0,1.047185,0.732742,MYS,HUN,7373
2232489,162,102,1238,2018.0,7460808.0,108131.0,1.060964,1.491808,NLD,HUN,7373
2232490,163,102,1238,2018.0,9681.0,17809.0,0.359254,-0.059994000000000006,NOR,HUN,7373
2232491,166,102,1238,2018.0,0.0,57710.0,0.113398,0.017740000000000002,NZL,HUN,7373
2232492,167,102,1238,2018.0,0.0,4639.0,-0.513727,-0.9944280000000001,OMN,HUN,7373
2232493,173,102,1238,2018.0,0.0,5844.0,-0.842934,-0.302396,PER,HUN,7373
2232494,177,102,1238,2018.0,2188955.0,704995.0,1.1323860000000001,1.1465040000000002,POL,HUN,7373
2232495,179,102,1238,2018.0,346826.0,0.0,0.787381,1.959475,PRT,HUN,7373
2232496,185,102,1238,2018.0,655304.0,2174153.0,1.1458030000000001,1.194413,ROU,HUN,7373
2232497,186,102,1238,2018.0,1648.0,243693.0,-0.079971,0.11098599999999999,RUS,HUN,7373
2232498,188,102,1238,2018.0,0.0,5641.0,0.600485,-0.450466,SAU,HUN,7373
2232499,192,102,1238,2018.0,784422.0,29376.0,1.870268,0.672214,SGP,HUN,7373
2232500,198,102,1238,2018.0,0.0,7935.0,1.1010280000000001,0.679361,SMR,HUN,7373
2232501,201,102,1238,2018.0,423881.0,1858593.0,0.665772,1.552409,SRB,HUN,7373
2232502,206,102,1238,2018.0,569499.0,508904.0,1.445669,0.9135850000000001,SVK,HUN,7373
2232503,207,102,1238,2018.0,3044799.0,213495.0,1.623183,0.7150850000000001,SVN,HUN,7373
2232504,208,102,1238,2018.0,2202727.0,37312.0,1.7254209999999999,0.638757,SWE,HUN,7373
2232505,216,102,1238,2018.0,0.0,8378.0,1.188923,1.264666,THA,HUN,7373
2232506,223,102,1238,2018.0,0.0,49686.0,0.39611799999999997,1.252702,TUN,HUN,7373
2232507,224,102,1238,2018.0,296769.0,347475.0,0.5883510000000001,2.357541,TUR,HUN,7373
2232508,227,102,1238,2018.0,0.0,1568.0,-0.569114,0.36182800000000004,UGA,HUN,7373
2232509,228,102,1238,2018.0,105250.0,749413.0,0.3281,1.0037459999999998,UKR,HUN,7373
2232510,231,102,1238,2018.0,514278.0,1703544.0,1.5527739999999999,0.288577,USA,HUN,7373
2232511,239,102,1238,2018.0,0.0,94390.0,0.111848,0.915842,VNM,HUN,7373
2232512,246,102,1238,2018.0,0.0,11087.0,-0.053311000000000004,1.45561,ZAF,HUN,7373
2232513,248,102,1238,2018.0,0.0,13808.0,-1.071621,-1.112033,ZWE,HUN,7373
2232514,249,102,1238,2018.0,215877.0,0.0,2.0283580000000003,1.1648319999999999,TWN,HUN,7373
2232515,7,103,1238,2018.0,15713.0,6369.0,-0.020214,-0.570049,ARE,IDN,7373
2232516,14,103,1238,2018.0,2142668.0,580407.0,-0.5578930000000001,-0.15666300000000002,AUS,IDN,7373
2232517,15,103,1238,2018.0,2344838.0,0.0,1.798687,-0.557271,AUT,IDN,7373
2232518,18,103,1238,2018.0,225826.0,0.0,1.244674,1.1368969999999998,BEL,IDN,7373
2232519,23,103,1238,2018.0,3539.0,0.0,0.516917,1.915288,BGR,IDN,7373
2232520,32,103,1238,2018.0,0.0,10616.0,0.166542,0.718965,BRA,IDN,7373
2232521,39,103,1238,2018.0,170595.0,0.0,0.60854,1.475283,CAN,IDN,7373
2232522,41,103,1238,2018.0,1370093.0,0.0,2.173252,0.861742,CHE,IDN,7373
2232523,43,103,1238,2018.0,58984488.0,41259.0,1.378018,0.513572,CHN,IDN,7373
2232524,52,103,1238,2018.0,0.0,1528.0,0.27715,0.33261999999999997,CRI,IDN,7373
2232525,59,103,1238,2018.0,231754.0,0.0,1.8018669999999999,0.022382,CZE,IDN,7373
2232526,61,103,1238,2018.0,3745845.0,72880.0,2.126861,-2.619524,DEU,IDN,7373
2232527,64,103,1238,2018.0,67967.0,0.0,1.094761,1.337348,DNK,IDN,7373
2232528,65,103,1238,2018.0,0.0,1590.0,-0.205988,0.291906,DOM,IDN,7373
2232529,68,103,1238,2018.0,5271.0,2455.0,-0.093935,1.6368610000000001,EGY,IDN,7373
2232530,71,103,1238,2018.0,15763.0,0.0,0.851197,2.261012,ESP,IDN,7373
2232531,74,103,1238,2018.0,85479.0,0.0,1.561518,1.0198450000000001,FIN,IDN,7373
2232532,77,103,1238,2018.0,650750.0,302517.0,1.3578540000000001,0.9033700000000001,FRA,IDN,7373
2232533,81,103,1238,2018.0,337196.0,7599.0,1.481442,1.050259,GBR,IDN,7373
2232534,83,103,1238,2018.0,0.0,29955.0,-0.769089,-0.8389200000000001,GHA,IDN,7373
2232535,97,103,1238,2018.0,354072.0,5496.0,0.8625149999999999,1.21001,HKG,IDN,7373
2232536,100,103,1238,2018.0,90476.0,0.0,0.8873559999999999,1.480788,HRV,IDN,7373
2232537,102,103,1238,2018.0,23804.0,0.0,1.6983409999999999,0.693194,HUN,IDN,7373
2232538,104,103,1238,2018.0,219937.0,983606.0,0.536561,2.450287,IND,IDN,7373
2232539,106,103,1238,2018.0,6277.0,0.0,1.3647,0.094596,IRL,IDN,7373
2232540,111,103,1238,2018.0,2274099.0,22489.0,1.4594799999999999,0.05113,ITA,IDN,7373
2232541,114,103,1238,2018.0,39159420.0,617891.0,2.480327,-0.559793,JPN,IDN,7373
2232542,121,103,1238,2018.0,6956078.0,0.0,2.139149,0.795045,KOR,IDN,7373
2232543,122,103,1238,2018.0,0.0,1084.0,-0.790523,-1.136525,KWT,IDN,7373
2232544,134,103,1238,2018.0,0.0,1431.0,-0.57445,-0.14461400000000002,MAR,IDN,7373
2232545,138,103,1238,2018.0,115218.0,12385.0,1.272851,0.646359,MEX,IDN,7373
2232546,143,103,1238,2018.0,0.0,8649.0,-0.9970469999999999,-0.28486,MMR,IDN,7373
2232547,153,103,1238,2018.0,1994558.0,1166110.0,1.047185,0.732742,MYS,IDN,7373
2232548,159,103,1238,2018.0,0.0,2251.0,-1.839074,-1.29837,NGA,IDN,7373
2232549,162,103,1238,2018.0,199690.0,16592.0,1.060964,1.491808,NLD,IDN,7373
2232550,163,103,1238,2018.0,17534.0,0.0,0.359254,-0.059994000000000006,NOR,IDN,7373
2232551,166,103,1238,2018.0,2630.0,18422.0,0.113398,0.017740000000000002,NZL,IDN,7373
2232552,168,103,1238,2018.0,0.0,37945.0,-0.737637,0.274296,PAK,IDN,7373
2232553,173,103,1238,2018.0,5138.0,0.0,-0.842934,-0.302396,PER,IDN,7373
2232554,174,103,1238,2018.0,85284.0,123466.0,0.7233649999999999,0.23715300000000003,PHL,IDN,7373
2232555,177,103,1238,2018.0,122122.0,0.0,1.1323860000000001,1.1465040000000002,POL,IDN,7373
2232556,185,103,1238,2018.0,3709.0,0.0,1.1458030000000001,1.194413,ROU,IDN,7373
2232557,186,103,1238,2018.0,0.0,116793.0,-0.079971,0.11098599999999999,RUS,IDN,7373
2232558,192,103,1238,2018.0,11373645.0,2294144.0,1.870268,0.672214,SGP,IDN,7373
2232559,206,103,1238,2018.0,23792.0,0.0,1.445669,0.9135850000000001,SVK,IDN,7373
2232560,207,103,1238,2018.0,5628.0,0.0,1.623183,0.7150850000000001,SVN,IDN,7373
2232561,208,103,1238,2018.0,81819.0,0.0,1.7254209999999999,0.638757,SWE,IDN,7373
2232562,216,103,1238,2018.0,8488416.0,79185.0,1.188923,1.264666,THA,IDN,7373
2232563,220,103,1238,2018.0,0.0,21385.0,-0.15203,-0.7739590000000001,TLS,IDN,7373
2232564,222,103,1238,2018.0,0.0,65934.0,-0.32209299999999996,-1.0651540000000002,TTO,IDN,7373
2232565,223,103,1238,2018.0,1102.0,0.0,0.39611799999999997,1.252702,TUN,IDN,7373
2232566,224,103,1238,2018.0,39341.0,0.0,0.5883510000000001,2.357541,TUR,IDN,7373
2232567,231,103,1238,2018.0,4178198.0,34311.0,1.5527739999999999,0.288577,USA,IDN,7373
2232568,239,103,1238,2018.0,131327.0,28174.0,0.111848,0.915842,VNM,IDN,7373
2232569,246,103,1238,2018.0,1193506.0,2851.0,-0.053311000000000004,1.45561,ZAF,IDN,7373
2232570,249,103,1238,2018.0,2335706.0,24635.0,2.0283580000000003,1.1648319999999999,TWN,IDN,7373
2232571,1,104,1238,2018.0,0.0,7446.0,-1.098293,-0.812288,AFG,IND,7373
2232572,2,104,1238,2018.0,0.0,95542.0,-1.6785400000000001,-1.2244030000000001,AGO,IND,7373
2232573,4,104,1238,2018.0,0.0,1544.0,-0.403248,-0.180523,ALB,IND,7373
2232574,7,104,1238,2018.0,382669.0,3092833.0,-0.020214,-0.570049,ARE,IND,7373
2232575,8,104,1238,2018.0,0.0,69973.0,-0.239502,0.297865,ARG,IND,7373
2232576,9,104,1238,2018.0,0.0,2810.0,-0.42181499999999994,-0.663385,ARM,IND,7373
2232577,14,104,1238,2018.0,148561.0,399935.0,-0.5578930000000001,-0.15666300000000002,AUS,IND,7373
2232578,15,104,1238,2018.0,9605566.0,756349.0,1.798687,-0.557271,AUT,IND,7373
2232579,16,104,1238,2018.0,0.0,14368.0,-1.47928,-1.313633,AZE,IND,7373
2232580,17,104,1238,2018.0,0.0,10469.0,-0.542607,-1.0593540000000001,BDI,IND,7373
2232581,18,104,1238,2018.0,2249260.0,99230.0,1.244674,1.1368969999999998,BEL,IND,7373
2232582,19,104,1238,2018.0,0.0,2006.0,-0.775822,-0.800248,BEN,IND,7373
2232583,21,104,1238,2018.0,0.0,16038.0,-0.625138,-0.848562,BFA,IND,7373
2232584,22,104,1238,2018.0,9468.0,1505476.0,-0.9003549999999999,-1.1066610000000001,BGD,IND,7373
2232585,23,104,1238,2018.0,2448.0,19806.0,0.516917,1.915288,BGR,IND,7373
2232586,24,104,1238,2018.0,0.0,164927.0,0.335652,-0.646621,BHR,IND,7373
2232587,26,104,1238,2018.0,0.0,7221.0,0.676528,0.8948299999999999,BIH,IND,7373
2232588,28,104,1238,2018.0,0.0,20315.0,0.86016,1.034144,BLR,IND,7373
2232589,29,104,1238,2018.0,0.0,42637.0,-0.242696,-0.558757,BLZ,IND,7373
2232590,32,104,1238,2018.0,159075.0,277735.0,0.166542,0.718965,BRA,IND,7373
2232591,34,104,1238,2018.0,0.0,1232.0,-0.360468,-0.826729,BRN,IND,7373
2232592,35,104,1238,2018.0,0.0,147847.0,-0.118432,-0.779945,BTN,IND,7373
2232593,37,104,1238,2018.0,0.0,81499.0,-0.611288,-1.125815,BWA,IND,7373
2232594,39,104,1238,2018.0,934530.0,196330.0,0.60854,1.475283,CAN,IND,7373
2232595,41,104,1238,2018.0,7312338.0,256805.0,2.173252,0.861742,CHE,IND,7373
2232596,42,104,1238,2018.0,0.0,51543.0,-0.24325300000000002,-0.350271,CHL,IND,7373
2232597,43,104,1238,2018.0,120277776.0,3127171.0,1.378018,0.513572,CHN,IND,7373
2232598,44,104,1238,2018.0,0.0,28621.0,-1.021384,-0.898676,CIV,IND,7373
2232599,45,104,1238,2018.0,0.0,37545.0,-1.2144,-1.0318260000000001,CMR,IND,7373
2232600,46,104,1238,2018.0,0.0,159361.0,-1.704339,-1.211619,COD,IND,7373
2232601,47,104,1238,2018.0,0.0,64569.0,-1.614157,-1.177288,COG,IND,7373
2232602,49,104,1238,2018.0,0.0,40095.0,0.144073,-0.10276199999999999,COL,IND,7373
2232603,50,104,1238,2018.0,0.0,3143.0,-0.657909,-0.9868680000000001,COM,IND,7373
2232604,52,104,1238,2018.0,258938.0,10001.0,0.27715,0.33261999999999997,CRI,IND,7373
2232605,58,104,1238,2018.0,0.0,65497.0,0.180009,-0.26353200000000004,CYP,IND,7373
2232606,59,104,1238,2018.0,985908.0,85629.0,1.8018669999999999,0.022382,CZE,IND,7373
2232607,61,104,1238,2018.0,46048692.0,6848304.0,2.126861,-2.619524,DEU,IND,7373
2232608,62,104,1238,2018.0,0.0,1826.0,-0.266256,-0.608169,DJI,IND,7373
2232609,64,104,1238,2018.0,316126.0,13346.0,1.094761,1.337348,DNK,IND,7373
2232610,66,104,1238,2018.0,0.0,5220.0,-1.121185,-1.196891,DZA,IND,7373
2232611,67,104,1238,2018.0,0.0,52639.0,-0.9813709999999999,-1.073273,ECU,IND,7373
2232612,68,104,1238,2018.0,0.0,368524.0,-0.093935,1.6368610000000001,EGY,IND,7373
2232613,71,104,1238,2018.0,896051.0,1194057.0,0.851197,2.261012,ESP,IND,7373
2232614,72,104,1238,2018.0,0.0,24060.0,0.957627,1.294173,EST,IND,7373
2232615,73,104,1238,2018.0,0.0,362243.0,-0.663343,-0.384372,ETH,IND,7373
2232616,74,104,1238,2018.0,1737928.0,307792.0,1.561518,1.0198450000000001,FIN,IND,7373
2232617,75,104,1238,2018.0,0.0,2414.0,-0.31149299999999996,0.198303,FJI,IND,7373
2232618,77,104,1238,2018.0,7062411.0,2602521.0,1.3578540000000001,0.9033700000000001,FRA,IND,7373
2232619,80,104,1238,2018.0,0.0,30839.0,-1.4532129999999999,-1.155702,GAB,IND,7373
2232620,81,104,1238,2018.0,4618092.0,1756931.0,1.481442,1.050259,GBR,IND,7373
2232621,82,104,1238,2018.0,0.0,14555.0,-0.059633000000000005,-0.073048,GEO,IND,7373
2232622,83,104,1238,2018.0,0.0,698242.0,-0.769089,-0.8389200000000001,GHA,IND,7373
2232623,85,104,1238,2018.0,0.0,80063.0,-1.3262909999999999,-1.237056,GIN,IND,7373
2232624,88,104,1238,2018.0,0.0,2091.0,-1.317251,-1.011586,GNB,IND,7373
2232625,90,104,1238,2018.0,1264.0,0.0,0.069841,0.922895,GRC,IND,7373
2232626,93,104,1238,2018.0,0.0,28910.0,-0.321177,0.6339090000000001,GTM,IND,7373
2232627,97,104,1238,2018.0,3746250.0,455627.0,0.8625149999999999,1.21001,HKG,IND,7373
2232628,99,104,1238,2018.0,0.0,17979.0,-0.505516,-0.20719899999999997,HND,IND,7373
2232629,100,104,1238,2018.0,0.0,38945.0,0.8873559999999999,1.480788,HRV,IND,7373
2232630,102,104,1238,2018.0,27131.0,75759.0,1.6983409999999999,0.693194,HUN,IND,7373
2232631,103,104,1238,2018.0,983606.0,219937.0,-0.0009939999999999999,1.417371,IDN,IND,7373
2232632,106,104,1238,2018.0,57019.0,11149.0,1.3647,0.094596,IRL,IND,7373
2232633,107,104,1238,2018.0,0.0,2842461.0,-0.290723,-0.430805,IRN,IND,7373
2232634,108,104,1238,2018.0,0.0,46176.0,-0.627753,-0.983086,IRQ,IND,7373
2232635,109,104,1238,2018.0,0.0,2489.0,0.161776,-0.293048,ISL,IND,7373
2232636,110,104,1238,2018.0,9770.0,22393.0,1.205666,1.001693,ISR,IND,7373
2232637,111,104,1238,2018.0,16685335.0,969823.0,1.4594799999999999,0.05113,ITA,IND,7373
2232638,113,104,1238,2018.0,0.0,42017.0,0.125467,0.382625,JOR,IND,7373
2232639,114,104,1238,2018.0,53287064.0,350138.0,2.480327,-0.559793,JPN,IND,7373
2232640,115,104,1238,2018.0,0.0,1038.0,-0.625674,-0.605028,KAZ,IND,7373
2232641,116,104,1238,2018.0,4264.0,1149544.0,-0.381632,0.460819,KEN,IND,7373
2232642,121,104,1238,2018.0,31042312.0,735007.0,2.139149,0.795045,KOR,IND,7373
2232643,122,104,1238,2018.0,151740.0,566111.0,-0.790523,-1.136525,KWT,IND,7373
2232644,123,104,1238,2018.0,0.0,1231.0,-0.60597,-0.479868,LAO,IND,7373
2232645,124,104,1238,2018.0,0.0,13176.0,0.37832899999999997,1.077452,LBN,IND,7373
2232646,126,104,1238,2018.0,0.0,92306.0,-1.454322,-1.169087,LBY,IND,7373
2232647,128,104,1238,2018.0,1749096.0,307933.0,-0.364093,0.347953,LKA,IND,7373
2232648,130,104,1238,2018.0,0.0,52250.0,0.839052,1.5688790000000001,LTU,IND,7373
2232649,134,104,1238,2018.0,0.0,391353.0,-0.57445,-0.14461400000000002,MAR,IND,7373
2232650,136,104,1238,2018.0,0.0,2984.0,-1.056786,-0.9160709999999999,MDG,IND,7373
2232651,137,104,1238,2018.0,0.0,41535.0,-1.128674,-1.053328,MDV,IND,7373
2232652,138,104,1238,2018.0,256508.0,761677.0,1.272851,0.646359,MEX,IND,7373
2232653,140,104,1238,2018.0,0.0,5038.0,0.056548,-0.273964,MKD,IND,7373
2232654,141,104,1238,2018.0,2382.0,8341.0,-0.805876,-0.907854,MLI,IND,7373
2232655,142,104,1238,2018.0,0.0,77022.0,0.860195,0.281449,MLT,IND,7373
2232656,143,104,1238,2018.0,0.0,197576.0,-0.9970469999999999,-0.28486,MMR,IND,7373
2232657,144,104,1238,2018.0,0.0,8596.0,0.166157,0.132633,MNE,IND,7373
2232658,145,104,1238,2018.0,0.0,20530.0,-0.892013,-1.115228,MNG,IND,7373
2232659,147,104,1238,2018.0,0.0,100716.0,-1.253762,-1.0049,MOZ,IND,7373
2232660,148,104,1238,2018.0,0.0,7353.0,-1.219419,-1.2586,MRT,IND,7373
2232661,151,104,1238,2018.0,8322.0,21945.0,-0.268625,0.104254,MUS,IND,7373
2232662,152,104,1238,2018.0,0.0,55417.0,-0.717512,-0.8799450000000001,MWI,IND,7373
2232663,153,104,1238,2018.0,304062.0,960979.0,1.047185,0.732742,MYS,IND,7373
2232664,155,104,1238,2018.0,0.0,27430.0,-0.45412600000000003,-0.673077,NAM,IND,7373
2232665,156,104,1238,2018.0,0.0,2949.0,-0.260395,-0.805425,NCL,IND,7373
2232666,159,104,1238,2018.0,3863.0,1309460.0,-1.839074,-1.29837,NGA,IND,7373
2232667,160,104,1238,2018.0,0.0,7265.0,-0.8788790000000001,-0.747015,NIC,IND,7373
2232668,162,104,1238,2018.0,5678544.0,3241215.0,1.060964,1.491808,NLD,IND,7373
2232669,163,104,1238,2018.0,49888.0,24322.0,0.359254,-0.059994000000000006,NOR,IND,7373
2232670,164,104,1238,2018.0,8087.0,2098278.0,-0.15379500000000002,0.7814369999999999,NPL,IND,7373
2232671,166,104,1238,2018.0,3307.0,9838.0,0.113398,0.017740000000000002,NZL,IND,7373
2232672,167,104,1238,2018.0,26290.0,1388554.0,-0.513727,-0.9944280000000001,OMN,IND,7373
2232673,168,104,1238,2018.0,0.0,67652.0,-0.737637,0.274296,PAK,IND,7373
2232674,173,104,1238,2018.0,0.0,17482.0,-0.842934,-0.302396,PER,IND,7373
2232675,174,104,1238,2018.0,39158.0,125066.0,0.7233649999999999,0.23715300000000003,PHL,IND,7373
2232676,176,104,1238,2018.0,0.0,3427.0,-1.7208310000000002,-1.2635370000000001,PNG,IND,7373
2232677,177,104,1238,2018.0,720572.0,591383.0,1.1323860000000001,1.1465040000000002,POL,IND,7373
2232678,178,104,1238,2018.0,0.0,2476.0,0.766691,0.6022930000000001,PRK,IND,7373
2232679,179,104,1238,2018.0,0.0,6063.0,0.787381,1.959475,PRT,IND,7373
2232680,182,104,1238,2018.0,0.0,2509.0,-0.167505,-0.7041350000000001,PYF,IND,7373
2232681,183,104,1238,2018.0,0.0,663245.0,-0.291537,-1.022145,QAT,IND,7373
2232682,185,104,1238,2018.0,85937.0,30046.0,1.1458030000000001,1.194413,ROU,IND,7373
2232683,186,104,1238,2018.0,851228.0,1861884.0,-0.079971,0.11098599999999999,RUS,IND,7373
2232684,187,104,1238,2018.0,0.0,56352.0,-0.48781199999999997,-0.741734,RWA,IND,7373
2232685,188,104,1238,2018.0,4861.0,891529.0,0.600485,-0.450466,SAU,IND,7373
2232686,190,104,1238,2018.0,0.0,183273.0,-1.3426719999999999,-1.1851909999999999,SDN,IND,7373
2232687,191,104,1238,2018.0,0.0,35749.0,-0.699313,-0.360203,SEN,IND,7373
2232688,192,104,1238,2018.0,2302773.0,162520.0,1.870268,0.672214,SGP,IND,7373
2232689,196,104,1238,2018.0,0.0,4371.0,-0.17023,-0.25755700000000004,SLE,IND,7373
2232690,199,104,1238,2018.0,0.0,1769.0,-1.210687,-1.0716700000000001,SOM,IND,7373
2232691,201,104,1238,2018.0,0.0,19408.0,0.665772,1.552409,SRB,IND,7373
2232692,206,104,1238,2018.0,34555.0,459174.0,1.445669,0.9135850000000001,SVK,IND,7373
2232693,207,104,1238,2018.0,2775.0,11595.0,1.623183,0.7150850000000001,SVN,IND,7373
2232694,208,104,1238,2018.0,1858396.0,19535.0,1.7254209999999999,0.638757,SWE,IND,7373
2232695,209,104,1238,2018.0,19624.0,0.0,-0.136719,-0.38962800000000003,SWZ,IND,7373
2232696,211,104,1238,2018.0,0.0,29701.0,-0.222908,-0.7792100000000001,SYC,IND,7373
2232697,215,104,1238,2018.0,0.0,3885.0,-0.681426,-0.7010270000000001,TGO,IND,7373
2232698,216,104,1238,2018.0,1484276.0,588831.0,1.188923,1.264666,THA,IND,7373
2232699,220,104,1238,2018.0,0.0,6358.0,-0.15203,-0.7739590000000001,TLS,IND,7373
2232700,223,104,1238,2018.0,0.0,56467.0,0.39611799999999997,1.252702,TUN,IND,7373
2232701,224,104,1238,2018.0,631894.0,625984.0,0.5883510000000001,2.357541,TUR,IND,7373
2232702,226,104,1238,2018.0,0.0,222563.0,-0.12971300000000002,1.379649,TZA,IND,7373
2232703,227,104,1238,2018.0,0.0,351087.0,-0.569114,0.36182800000000004,UGA,IND,7373
2232704,228,104,1238,2018.0,106702.0,24636.0,0.3281,1.0037459999999998,UKR,IND,7373
2232705,230,104,1238,2018.0,0.0,15865.0,0.016527,-0.250715,URY,IND,7373
2232706,231,104,1238,2018.0,12028864.0,4803562.0,1.5527739999999999,0.288577,USA,IND,7373
2232707,232,104,1238,2018.0,0.0,1031.0,-0.485013,-0.390021,UZB,IND,7373
2232708,237,104,1238,2018.0,2104.0,0.0,1.107364,0.036629,VGB,IND,7373
2232709,239,104,1238,2018.0,58954.0,109467.0,0.111848,0.915842,VNM,IND,7373
2232710,243,104,1238,2018.0,0.0,3307.0,-1.260844,-1.187614,YEM,IND,7373
2232711,246,104,1238,2018.0,227368.0,908653.0,-0.053311000000000004,1.45561,ZAF,IND,7373
2232712,247,104,1238,2018.0,0.0,127929.0,-0.8302510000000001,-0.932916,ZMB,IND,7373
2232713,248,104,1238,2018.0,0.0,62852.0,-1.071621,-1.112033,ZWE,IND,7373
2232714,249,104,1238,2018.0,3518132.0,48994.0,2.0283580000000003,1.1648319999999999,TWN,IND,7373
2232715,250,104,1238,2018.0,161229.0,0.0,0.760441,-0.310861,ANS,IND,7373
2232716,7,106,1238,2018.0,0.0,1342.0,-0.020214,-0.570049,ARE,IRL,7373
2232717,14,106,1238,2018.0,11976.0,504667.0,-0.5578930000000001,-0.15666300000000002,AUS,IRL,7373
2232718,15,106,1238,2018.0,627143.0,27847.0,1.798687,-0.557271,AUT,IRL,7373
2232719,18,106,1238,2018.0,178933.0,50054.0,1.244674,1.1368969999999998,BEL,IRL,7373
2232720,26,106,1238,2018.0,18054.0,0.0,0.676528,0.8948299999999999,BIH,IRL,7373
2232721,31,106,1238,2018.0,0.0,1325.0,-1.069519,-0.942264,BOL,IRL,7373
2232722,32,106,1238,2018.0,0.0,538553.0,0.166542,0.718965,BRA,IRL,7373
2232723,39,106,1238,2018.0,1360.0,15650.0,0.60854,1.475283,CAN,IRL,7373
2232724,41,106,1238,2018.0,8475574.0,63999.0,2.173252,0.861742,CHE,IRL,7373
2232725,42,106,1238,2018.0,0.0,1299.0,-0.24325300000000002,-0.350271,CHL,IRL,7373
2232726,43,106,1238,2018.0,956034.0,56493.0,1.378018,0.513572,CHN,IRL,7373
2232727,52,106,1238,2018.0,0.0,1981.0,0.27715,0.33261999999999997,CRI,IRL,7373
2232728,59,106,1238,2018.0,313645.0,157996.0,1.8018669999999999,0.022382,CZE,IRL,7373
2232729,61,106,1238,2018.0,6459770.0,2121311.0,2.126861,-2.619524,DEU,IRL,7373
2232730,64,106,1238,2018.0,39305.0,115348.0,1.094761,1.337348,DNK,IRL,7373
2232731,71,106,1238,2018.0,76625.0,294371.0,0.851197,2.261012,ESP,IRL,7373
2232732,72,106,1238,2018.0,25742.0,0.0,0.957627,1.294173,EST,IRL,7373
2232733,73,106,1238,2018.0,0.0,14027.0,-0.663343,-0.384372,ETH,IRL,7373
2232734,74,106,1238,2018.0,229955.0,31363.0,1.561518,1.0198450000000001,FIN,IRL,7373
2232735,77,106,1238,2018.0,1136043.0,201691.0,1.3578540000000001,0.9033700000000001,FRA,IRL,7373
2232736,80,106,1238,2018.0,6355.0,0.0,-1.4532129999999999,-1.155702,GAB,IRL,7373
2232737,81,106,1238,2018.0,9305122.0,1281097.0,1.481442,1.050259,GBR,IRL,7373
2232738,83,106,1238,2018.0,0.0,2536.0,-0.769089,-0.8389200000000001,GHA,IRL,7373
2232739,90,106,1238,2018.0,6906.0,27530.0,0.069841,0.922895,GRC,IRL,7373
2232740,97,106,1238,2018.0,14164.0,0.0,0.8625149999999999,1.21001,HKG,IRL,7373
2232741,102,106,1238,2018.0,50419.0,109143.0,1.6983409999999999,0.693194,HUN,IRL,7373
2232742,103,106,1238,2018.0,0.0,6277.0,-0.0009939999999999999,1.417371,IDN,IRL,7373
2232743,104,106,1238,2018.0,11149.0,57019.0,0.536561,2.450287,IND,IRL,7373
2232744,109,106,1238,2018.0,0.0,1771.0,0.161776,-0.293048,ISL,IRL,7373
2232745,110,106,1238,2018.0,2063.0,37690.0,1.205666,1.001693,ISR,IRL,7373
2232746,111,106,1238,2018.0,1948263.0,76639.0,1.4594799999999999,0.05113,ITA,IRL,7373
2232747,114,106,1238,2018.0,1064286.0,28338.0,2.480327,-0.559793,JPN,IRL,7373
2232748,121,106,1238,2018.0,52881.0,16764.0,2.139149,0.795045,KOR,IRL,7373
2232749,126,106,1238,2018.0,0.0,2900.0,-1.454322,-1.169087,LBY,IRL,7373
2232750,130,106,1238,2018.0,0.0,39507.0,0.839052,1.5688790000000001,LTU,IRL,7373
2232751,131,106,1238,2018.0,0.0,1646.0,1.098797,1.390282,LUX,IRL,7373
2232752,134,106,1238,2018.0,0.0,2507.0,-0.57445,-0.14461400000000002,MAR,IRL,7373
2232753,138,106,1238,2018.0,148842.0,248063.0,1.272851,0.646359,MEX,IRL,7373
2232754,153,106,1238,2018.0,3087.0,21305.0,1.047185,0.732742,MYS,IRL,7373
2232755,160,106,1238,2018.0,5552.0,0.0,-0.8788790000000001,-0.747015,NIC,IRL,7373
2232756,162,106,1238,2018.0,1522591.0,532898.0,1.060964,1.491808,NLD,IRL,7373
2232757,166,106,1238,2018.0,0.0,11284.0,0.113398,0.017740000000000002,NZL,IRL,7373
2232758,174,106,1238,2018.0,0.0,1540.0,0.7233649999999999,0.23715300000000003,PHL,IRL,7373
2232759,177,106,1238,2018.0,285324.0,111765.0,1.1323860000000001,1.1465040000000002,POL,IRL,7373
2232760,179,106,1238,2018.0,397326.0,24892.0,0.787381,1.959475,PRT,IRL,7373
2232761,185,106,1238,2018.0,0.0,384874.0,1.1458030000000001,1.194413,ROU,IRL,7373
2232762,186,106,1238,2018.0,0.0,23007.0,-0.079971,0.11098599999999999,RUS,IRL,7373
2232763,188,106,1238,2018.0,0.0,50023.0,0.600485,-0.450466,SAU,IRL,7373
2232764,192,106,1238,2018.0,5397.0,43773.0,1.870268,0.672214,SGP,IRL,7373
2232765,201,106,1238,2018.0,5655.0,4107.0,0.665772,1.552409,SRB,IRL,7373
2232766,206,106,1238,2018.0,0.0,60825.0,1.445669,0.9135850000000001,SVK,IRL,7373
2232767,207,106,1238,2018.0,58198.0,5454.0,1.623183,0.7150850000000001,SVN,IRL,7373
2232768,208,106,1238,2018.0,406460.0,225735.0,1.7254209999999999,0.638757,SWE,IRL,7373
2232769,224,106,1238,2018.0,226798.0,35013.0,0.5883510000000001,2.357541,TUR,IRL,7373
2232770,226,106,1238,2018.0,0.0,8317.0,-0.12971300000000002,1.379649,TZA,IRL,7373
2232771,228,106,1238,2018.0,0.0,2013.0,0.3281,1.0037459999999998,UKR,IRL,7373
2232772,230,106,1238,2018.0,0.0,2595.0,0.016527,-0.250715,URY,IRL,7373
2232773,231,106,1238,2018.0,1239539.0,2285703.0,1.5527739999999999,0.288577,USA,IRL,7373
2232774,239,106,1238,2018.0,1086.0,0.0,0.111848,0.915842,VNM,IRL,7373
2232775,246,106,1238,2018.0,0.0,29961.0,-0.053311000000000004,1.45561,ZAF,IRL,7373
2232776,249,106,1238,2018.0,56548.0,5608.0,2.0283580000000003,1.1648319999999999,TWN,IRL,7373
2232777,250,106,1238,2018.0,185542.0,0.0,0.760441,-0.310861,ANS,IRL,7373
2232778,1,111,1238,2018.0,0.0,13071.0,-1.098293,-0.812288,AFG,ITA,7373
2232779,2,111,1238,2018.0,0.0,62420.0,-1.6785400000000001,-1.2244030000000001,AGO,ITA,7373
2232780,4,111,1238,2018.0,3208.0,758859.0,-0.403248,-0.180523,ALB,ITA,7373
2232781,5,111,1238,2018.0,0.0,2849.0,1.024277,0.7635689999999999,AND,ITA,7373
2232782,7,111,1238,2018.0,30157.0,5676615.0,-0.020214,-0.570049,ARE,ITA,7373
2232783,8,111,1238,2018.0,7439.0,4250270.0,-0.239502,0.297865,ARG,ITA,7373
2232784,9,111,1238,2018.0,0.0,162787.0,-0.42181499999999994,-0.663385,ARM,ITA,7373
2232785,13,111,1238,2018.0,0.0,1043.0,-0.120975,-0.721043,ATG,ITA,7373
2232786,14,111,1238,2018.0,317182.0,5410262.0,-0.5578930000000001,-0.15666300000000002,AUS,ITA,7373
2232787,15,111,1238,2018.0,21370834.0,4988258.0,1.798687,-0.557271,AUT,ITA,7373
2232788,16,111,1238,2018.0,0.0,221289.0,-1.47928,-1.313633,AZE,ITA,7373
2232789,18,111,1238,2018.0,2468450.0,6038051.0,1.244674,1.1368969999999998,BEL,ITA,7373
2232790,19,111,1238,2018.0,4251.0,249060.0,-0.775822,-0.800248,BEN,ITA,7373
2232791,21,111,1238,2018.0,0.0,168215.0,-0.625138,-0.848562,BFA,ITA,7373
2232792,22,111,1238,2018.0,0.0,732401.0,-0.9003549999999999,-1.1066610000000001,BGD,ITA,7373
2232793,23,111,1238,2018.0,199580.0,2260480.0,0.516917,1.915288,BGR,ITA,7373
2232794,24,111,1238,2018.0,1739.0,213478.0,0.335652,-0.646621,BHR,ITA,7373
2232795,25,111,1238,2018.0,5101.0,12928.0,0.359908,-0.445567,BHS,ITA,7373
2232796,26,111,1238,2018.0,27835.0,1066271.0,0.676528,0.8948299999999999,BIH,ITA,7373
2232797,28,111,1238,2018.0,122986.0,511206.0,0.86016,1.034144,BLR,ITA,7373
2232798,31,111,1238,2018.0,0.0,475991.0,-1.069519,-0.942264,BOL,ITA,7373
2232799,32,111,1238,2018.0,185113.0,6719972.0,0.166542,0.718965,BRA,ITA,7373
2232800,39,111,1238,2018.0,594100.0,2680335.0,0.60854,1.475283,CAN,ITA,7373
2232801,41,111,1238,2018.0,18794456.0,16944094.0,2.173252,0.861742,CHE,ITA,7373
2232802,42,111,1238,2018.0,6820.0,3603840.0,-0.24325300000000002,-0.350271,CHL,ITA,7373
2232803,43,111,1238,2018.0,20776100.0,27265700.0,1.378018,0.513572,CHN,ITA,7373
2232804,44,111,1238,2018.0,29369.0,489827.0,-1.021384,-0.898676,CIV,ITA,7373
2232805,45,111,1238,2018.0,9642.0,293092.0,-1.2144,-1.0318260000000001,CMR,ITA,7373
2232806,46,111,1238,2018.0,2439.0,188611.0,-1.704339,-1.211619,COD,ITA,7373
2232807,47,111,1238,2018.0,0.0,37843.0,-1.614157,-1.177288,COG,ITA,7373
2232808,48,111,1238,2018.0,0.0,7526.0,0.9972559999999999,-0.46956000000000003,COK,ITA,7373
2232809,49,111,1238,2018.0,2903.0,967522.0,0.144073,-0.10276199999999999,COL,ITA,7373
2232810,51,111,1238,2018.0,0.0,1248.0,-0.43036899999999995,-0.761514,CPV,ITA,7373
2232811,52,111,1238,2018.0,19821.0,32445.0,0.27715,0.33261999999999997,CRI,ITA,7373
2232812,54,111,1238,2018.0,0.0,407009.0,-1.077539,-1.241754,CUB,ITA,7373
2232813,58,111,1238,2018.0,0.0,929643.0,0.180009,-0.26353200000000004,CYP,ITA,7373
2232814,59,111,1238,2018.0,3410698.0,8143672.0,1.8018669999999999,0.022382,CZE,ITA,7373
2232815,61,111,1238,2018.0,108039160.0,64998736.0,2.126861,-2.619524,DEU,ITA,7373
2232816,63,111,1238,2018.0,0.0,49147.0,0.24612199999999998,-0.044363,DMA,ITA,7373
2232817,64,111,1238,2018.0,1341522.0,1978664.0,1.094761,1.337348,DNK,ITA,7373
2232818,65,111,1238,2018.0,0.0,682722.0,-0.205988,0.291906,DOM,ITA,7373
2232819,66,111,1238,2018.0,279156.0,4118492.0,-1.121185,-1.196891,DZA,ITA,7373
2232820,67,111,1238,2018.0,0.0,1616302.0,-0.9813709999999999,-1.073273,ECU,ITA,7373
2232821,68,111,1238,2018.0,1620.0,4528016.0,-0.093935,1.6368610000000001,EGY,ITA,7373
2232822,69,111,1238,2018.0,0.0,278368.0,-1.782586,-1.131987,ERI,ITA,7373
2232823,71,111,1238,2018.0,6121572.0,27962088.0,0.851197,2.261012,ESP,ITA,7373
2232824,72,111,1238,2018.0,95778.0,1627577.0,0.957627,1.294173,EST,ITA,7373
2232825,73,111,1238,2018.0,0.0,689076.0,-0.663343,-0.384372,ETH,ITA,7373
2232826,74,111,1238,2018.0,8897229.0,5280516.0,1.561518,1.0198450000000001,FIN,ITA,7373
2232827,75,111,1238,2018.0,0.0,3648.0,-0.31149299999999996,0.198303,FJI,ITA,7373
2232828,77,111,1238,2018.0,12330998.0,45418536.0,1.3578540000000001,0.9033700000000001,FRA,ITA,7373
2232829,80,111,1238,2018.0,0.0,56737.0,-1.4532129999999999,-1.155702,GAB,ITA,7373
2232830,81,111,1238,2018.0,3737976.0,16444800.0,1.481442,1.050259,GBR,ITA,7373
2232831,82,111,1238,2018.0,0.0,195487.0,-0.059633000000000005,-0.073048,GEO,ITA,7373
2232832,83,111,1238,2018.0,12017.0,438169.0,-0.769089,-0.8389200000000001,GHA,ITA,7373
2232833,85,111,1238,2018.0,0.0,40665.0,-1.3262909999999999,-1.237056,GIN,ITA,7373
2232834,90,111,1238,2018.0,28658.0,3908996.0,0.069841,0.922895,GRC,ITA,7373
2232835,93,111,1238,2018.0,14467.0,48840.0,-0.321177,0.6339090000000001,GTM,ITA,7373
2232836,97,111,1238,2018.0,68179.0,1453656.0,0.8625149999999999,1.21001,HKG,ITA,7373
2232837,99,111,1238,2018.0,0.0,15066.0,-0.505516,-0.20719899999999997,HND,ITA,7373
2232838,100,111,1238,2018.0,9077.0,4408494.0,0.8873559999999999,1.480788,HRV,ITA,7373
2232839,101,111,1238,2018.0,0.0,11276.0,-0.95605,-0.9751629999999999,HTI,ITA,7373
2232840,102,111,1238,2018.0,109135.0,4198418.0,1.6983409999999999,0.693194,HUN,ITA,7373
2232841,103,111,1238,2018.0,22489.0,2274099.0,-0.0009939999999999999,1.417371,IDN,ITA,7373
2232842,104,111,1238,2018.0,969823.0,16685335.0,0.536561,2.450287,IND,ITA,7373
2232843,106,111,1238,2018.0,76639.0,1948263.0,1.3647,0.094596,IRL,ITA,7373
2232844,107,111,1238,2018.0,0.0,2914077.0,-0.290723,-0.430805,IRN,ITA,7373
2232845,108,111,1238,2018.0,0.0,1258971.0,-0.627753,-0.983086,IRQ,ITA,7373
2232846,109,111,1238,2018.0,0.0,77688.0,0.161776,-0.293048,ISL,ITA,7373
2232847,110,111,1238,2018.0,130215.0,2885818.0,1.205666,1.001693,ISR,ITA,7373
2232848,112,111,1238,2018.0,0.0,4513.0,-0.210475,-0.808499,JAM,ITA,7373
2232849,113,111,1238,2018.0,0.0,558908.0,0.125467,0.382625,JOR,ITA,7373
2232850,114,111,1238,2018.0,5946142.0,5386182.0,2.480327,-0.559793,JPN,ITA,7373
2232851,115,111,1238,2018.0,0.0,840299.0,-0.625674,-0.605028,KAZ,ITA,7373
2232852,116,111,1238,2018.0,0.0,380463.0,-0.381632,0.460819,KEN,ITA,7373
2232853,117,111,1238,2018.0,0.0,2649.0,0.000495,0.601278,KGZ,ITA,7373
2232854,118,111,1238,2018.0,0.0,74469.0,-0.5513779999999999,-0.598237,KHM,ITA,7373
2232855,121,111,1238,2018.0,1244671.0,3105671.0,2.139149,0.795045,KOR,ITA,7373
2232856,122,111,1238,2018.0,38698.0,1630653.0,-0.790523,-1.136525,KWT,ITA,7373
2232857,124,111,1238,2018.0,4922.0,924059.0,0.37832899999999997,1.077452,LBN,ITA,7373
2232858,126,111,1238,2018.0,0.0,140713.0,-1.454322,-1.169087,LBY,ITA,7373
2232859,128,111,1238,2018.0,0.0,808009.0,-0.364093,0.347953,LKA,ITA,7373
2232860,130,111,1238,2018.0,1757.0,3302164.0,0.839052,1.5688790000000001,LTU,ITA,7373
2232861,131,111,1238,2018.0,1240680.0,692026.0,1.098797,1.390282,LUX,ITA,7373
2232862,132,111,1238,2018.0,1646.0,789467.0,0.6984560000000001,1.29918,LVA,ITA,7373
2232863,134,111,1238,2018.0,72372.0,7429426.0,-0.57445,-0.14461400000000002,MAR,ITA,7373
2232864,135,111,1238,2018.0,0.0,48088.0,-0.222348,-0.091067,MDA,ITA,7373
2232865,136,111,1238,2018.0,0.0,34926.0,-1.056786,-0.9160709999999999,MDG,ITA,7373
2232866,137,111,1238,2018.0,0.0,54867.0,-1.128674,-1.053328,MDV,ITA,7373
2232867,138,111,1238,2018.0,164154.0,10382880.0,1.272851,0.646359,MEX,ITA,7373
2232868,140,111,1238,2018.0,6494.0,800473.0,0.056548,-0.273964,MKD,ITA,7373
2232869,141,111,1238,2018.0,0.0,59237.0,-0.805876,-0.907854,MLI,ITA,7373
2232870,142,111,1238,2018.0,0.0,716797.0,0.860195,0.281449,MLT,ITA,7373
2232871,143,111,1238,2018.0,0.0,7838.0,-0.9970469999999999,-0.28486,MMR,ITA,7373
2232872,144,111,1238,2018.0,0.0,272102.0,0.166157,0.132633,MNE,ITA,7373
2232873,145,111,1238,2018.0,1582.0,5688.0,-0.892013,-1.115228,MNG,ITA,7373
2232874,147,111,1238,2018.0,20367.0,56923.0,-1.253762,-1.0049,MOZ,ITA,7373
2232875,148,111,1238,2018.0,0.0,6112.0,-1.219419,-1.2586,MRT,ITA,7373
2232876,151,111,1238,2018.0,0.0,160740.0,-0.268625,0.104254,MUS,ITA,7373
2232877,152,111,1238,2018.0,0.0,12580.0,-0.717512,-0.8799450000000001,MWI,ITA,7373
2232878,153,111,1238,2018.0,238941.0,633070.0,1.047185,0.732742,MYS,ITA,7373
2232879,155,111,1238,2018.0,0.0,5591.0,-0.45412600000000003,-0.673077,NAM,ITA,7373
2232880,156,111,1238,2018.0,0.0,31816.0,-0.260395,-0.805425,NCL,ITA,7373
2232881,159,111,1238,2018.0,0.0,350700.0,-1.839074,-1.29837,NGA,ITA,7373
2232882,160,111,1238,2018.0,0.0,2402.0,-0.8788790000000001,-0.747015,NIC,ITA,7373
2232883,162,111,1238,2018.0,8713834.0,11195857.0,1.060964,1.491808,NLD,ITA,7373
2232884,163,111,1238,2018.0,506624.0,2356970.0,0.359254,-0.059994000000000006,NOR,ITA,7373
2232885,164,111,1238,2018.0,0.0,10429.0,-0.15379500000000002,0.7814369999999999,NPL,ITA,7373
2232886,166,111,1238,2018.0,4029.0,1080471.0,0.113398,0.017740000000000002,NZL,ITA,7373
2232887,167,111,1238,2018.0,88351.0,1253534.0,-0.513727,-0.9944280000000001,OMN,ITA,7373
2232888,168,111,1238,2018.0,1089.0,218229.0,-0.737637,0.274296,PAK,ITA,7373
2232889,169,111,1238,2018.0,0.0,99426.0,0.007061,-0.13867100000000002,PAN,ITA,7373
2232890,173,111,1238,2018.0,28418.0,1587421.0,-0.842934,-0.302396,PER,ITA,7373
2232891,174,111,1238,2018.0,2283.0,514889.0,0.7233649999999999,0.23715300000000003,PHL,ITA,7373
2232892,176,111,1238,2018.0,0.0,38930.0,-1.7208310000000002,-1.2635370000000001,PNG,ITA,7373
2232893,177,111,1238,2018.0,6170049.0,50683464.0,1.1323860000000001,1.1465040000000002,POL,ITA,7373
2232894,179,111,1238,2018.0,0.0,5410321.0,0.787381,1.959475,PRT,ITA,7373
2232895,180,111,1238,2018.0,0.0,556974.0,-0.504343,-0.8482040000000001,PRY,ITA,7373
2232896,181,111,1238,2018.0,0.0,12829.0,0.260898,0.79366,PSE,ITA,7373
2232897,182,111,1238,2018.0,0.0,27209.0,-0.167505,-0.7041350000000001,PYF,ITA,7373
2232898,183,111,1238,2018.0,0.0,2720579.0,-0.291537,-1.022145,QAT,ITA,7373
2232899,185,111,1238,2018.0,797379.0,15822998.0,1.1458030000000001,1.194413,ROU,ITA,7373
2232900,186,111,1238,2018.0,88693.0,11637354.0,-0.079971,0.11098599999999999,RUS,ITA,7373
2232901,187,111,1238,2018.0,0.0,14329.0,-0.48781199999999997,-0.741734,RWA,ITA,7373
2232902,188,111,1238,2018.0,10256.0,5357974.0,0.600485,-0.450466,SAU,ITA,7373
2232903,190,111,1238,2018.0,0.0,137180.0,-1.3426719999999999,-1.1851909999999999,SDN,ITA,7373
2232904,191,111,1238,2018.0,0.0,151007.0,-0.699313,-0.360203,SEN,ITA,7373
2232905,192,111,1238,2018.0,48937.0,3699125.0,1.870268,0.672214,SGP,ITA,7373
2232906,196,111,1238,2018.0,0.0,2705.0,-0.17023,-0.25755700000000004,SLE,ITA,7373
2232907,197,111,1238,2018.0,0.0,10436.0,0.07891799999999999,0.219075,SLV,ITA,7373
2232908,201,111,1238,2018.0,236301.0,2471068.0,0.665772,1.552409,SRB,ITA,7373
2232909,205,111,1238,2018.0,0.0,24952.0,-0.721134,-1.069008,SUR,ITA,7373
2232910,206,111,1238,2018.0,8159168.0,4865633.0,1.445669,0.9135850000000001,SVK,ITA,7373
2232911,207,111,1238,2018.0,540160.0,6574818.0,1.623183,0.7150850000000001,SVN,ITA,7373
2232912,208,111,1238,2018.0,41348932.0,8373066.0,1.7254209999999999,0.638757,SWE,ITA,7373
2232913,210,111,1238,2018.0,0.0,1453.0,1.1925059999999998,-0.707432,SXM,ITA,7373
2232914,211,111,1238,2018.0,0.0,11627.0,-0.222908,-0.7792100000000001,SYC,ITA,7373
2232915,212,111,1238,2018.0,0.0,83232.0,-0.665828,-0.006848000000000001,SYR,ITA,7373
2232916,215,111,1238,2018.0,0.0,32014.0,-0.681426,-0.7010270000000001,TGO,ITA,7373
2232917,216,111,1238,2018.0,81257.0,1956065.0,1.188923,1.264666,THA,ITA,7373
2232918,217,111,1238,2018.0,6062.0,102051.0,-1.199219,-1.254751,TJK,ITA,7373
2232919,219,111,1238,2018.0,0.0,19667.0,-0.802551,-1.154068,TKM,ITA,7373
2232920,222,111,1238,2018.0,14505.0,89705.0,-0.32209299999999996,-1.0651540000000002,TTO,ITA,7373
2232921,223,111,1238,2018.0,241522.0,2288819.0,0.39611799999999997,1.252702,TUN,ITA,7373
2232922,224,111,1238,2018.0,1461268.0,38626704.0,0.5883510000000001,2.357541,TUR,ITA,7373
2232923,226,111,1238,2018.0,0.0,96793.0,-0.12971300000000002,1.379649,TZA,ITA,7373
2232924,227,111,1238,2018.0,0.0,31601.0,-0.569114,0.36182800000000004,UGA,ITA,7373
2232925,228,111,1238,2018.0,36533.0,1033412.0,0.3281,1.0037459999999998,UKR,ITA,7373
2232926,230,111,1238,2018.0,0.0,164268.0,0.016527,-0.250715,URY,ITA,7373
2232927,231,111,1238,2018.0,8027264.0,42907956.0,1.5527739999999999,0.288577,USA,ITA,7373
2232928,232,111,1238,2018.0,0.0,1614457.0,-0.485013,-0.390021,UZB,ITA,7373
2232929,236,111,1238,2018.0,0.0,106395.0,-1.180083,-1.23326,VEN,ITA,7373
2232930,239,111,1238,2018.0,28327.0,3347930.0,0.111848,0.915842,VNM,ITA,7373
2232931,246,111,1238,2018.0,39840.0,3592217.0,-0.053311000000000004,1.45561,ZAF,ITA,7373
2232932,247,111,1238,2018.0,0.0,64807.0,-0.8302510000000001,-0.932916,ZMB,ITA,7373
2232933,248,111,1238,2018.0,0.0,1124.0,-1.071621,-1.112033,ZWE,ITA,7373
2232934,249,111,1238,2018.0,738392.0,1696980.0,2.0283580000000003,1.1648319999999999,TWN,ITA,7373
2232935,250,111,1238,2018.0,0.0,512854.0,0.760441,-0.310861,ANS,ITA,7373
2232936,39,112,1238,2018.0,4980.0,0.0,0.60854,1.475283,CAN,JAM,7373
2232937,43,112,1238,2018.0,147266.0,0.0,1.378018,0.513572,CHN,JAM,7373
2232938,61,112,1238,2018.0,42600.0,0.0,2.126861,-2.619524,DEU,JAM,7373
2232939,65,112,1238,2018.0,2351.0,0.0,-0.205988,0.291906,DOM,JAM,7373
2232940,71,112,1238,2018.0,64549.0,0.0,0.851197,2.261012,ESP,JAM,7373
2232941,77,112,1238,2018.0,1001.0,0.0,1.3578540000000001,0.9033700000000001,FRA,JAM,7373
2232942,81,112,1238,2018.0,59070.0,0.0,1.481442,1.050259,GBR,JAM,7373
2232943,97,112,1238,2018.0,5453.0,0.0,0.8625149999999999,1.21001,HKG,JAM,7373
2232944,111,112,1238,2018.0,4513.0,0.0,1.4594799999999999,0.05113,ITA,JAM,7373
2232945,114,112,1238,2018.0,9359.0,0.0,2.480327,-0.559793,JPN,JAM,7373
2232946,138,112,1238,2018.0,25168.0,0.0,1.272851,0.646359,MEX,JAM,7373
2232947,162,112,1238,2018.0,2395.0,19350.0,1.060964,1.491808,NLD,JAM,7373
2232948,168,112,1238,2018.0,0.0,64846.0,-0.737637,0.274296,PAK,JAM,7373
2232949,169,112,1238,2018.0,4056.0,61712.0,0.007061,-0.13867100000000002,PAN,JAM,7373
2232950,231,112,1238,2018.0,881919.0,26067.0,1.5527739999999999,0.288577,USA,JAM,7373
2232951,7,113,1238,2018.0,367759.0,6657.0,-0.020214,-0.570049,ARE,JOR,7373
2232952,15,113,1238,2018.0,51539.0,0.0,1.798687,-0.557271,AUT,JOR,7373
2232953,18,113,1238,2018.0,7536.0,13423.0,1.244674,1.1368969999999998,BEL,JOR,7373
2232954,41,113,1238,2018.0,152053.0,0.0,2.173252,0.861742,CHE,JOR,7373
2232955,43,113,1238,2018.0,1360437.0,0.0,1.378018,0.513572,CHN,JOR,7373
2232956,58,113,1238,2018.0,0.0,3063.0,0.180009,-0.26353200000000004,CYP,JOR,7373
2232957,59,113,1238,2018.0,6030.0,0.0,1.8018669999999999,0.022382,CZE,JOR,7373
2232958,61,113,1238,2018.0,99130.0,0.0,2.126861,-2.619524,DEU,JOR,7373
2232959,64,113,1238,2018.0,2298.0,0.0,1.094761,1.337348,DNK,JOR,7373
2232960,71,113,1238,2018.0,28555.0,0.0,0.851197,2.261012,ESP,JOR,7373
2232961,77,113,1238,2018.0,131744.0,0.0,1.3578540000000001,0.9033700000000001,FRA,JOR,7373
2232962,81,113,1238,2018.0,22557.0,0.0,1.481442,1.050259,GBR,JOR,7373
2232963,97,113,1238,2018.0,1052.0,0.0,0.8625149999999999,1.21001,HKG,JOR,7373
2232964,102,113,1238,2018.0,7017.0,0.0,1.6983409999999999,0.693194,HUN,JOR,7373
2232965,104,113,1238,2018.0,42017.0,0.0,0.536561,2.450287,IND,JOR,7373
2232966,110,113,1238,2018.0,7805.0,0.0,1.205666,1.001693,ISR,JOR,7373
2232967,111,113,1238,2018.0,558908.0,0.0,1.4594799999999999,0.05113,ITA,JOR,7373
2232968,114,113,1238,2018.0,197206.0,0.0,2.480327,-0.559793,JPN,JOR,7373
2232969,157,113,1238,2018.0,0.0,35374.0,-0.432568,-0.841635,NER,JOR,7373
2232970,162,113,1238,2018.0,3542.0,0.0,1.060964,1.491808,NLD,JOR,7373
2232971,167,113,1238,2018.0,4412.0,0.0,-0.513727,-0.9944280000000001,OMN,JOR,7373
2232972,177,113,1238,2018.0,16742.0,0.0,1.1323860000000001,1.1465040000000002,POL,JOR,7373
2232973,181,113,1238,2018.0,0.0,1038.0,0.260898,0.79366,PSE,JOR,7373
2232974,188,113,1238,2018.0,67167.0,0.0,0.600485,-0.450466,SAU,JOR,7373
2232975,190,113,1238,2018.0,0.0,34760.0,-1.3426719999999999,-1.1851909999999999,SDN,JOR,7373
2232976,192,113,1238,2018.0,25879.0,0.0,1.870268,0.672214,SGP,JOR,7373
2232977,208,113,1238,2018.0,17217.0,0.0,1.7254209999999999,0.638757,SWE,JOR,7373
2232978,224,113,1238,2018.0,186234.0,0.0,0.5883510000000001,2.357541,TUR,JOR,7373
2232979,231,113,1238,2018.0,190101.0,36305.0,1.5527739999999999,0.288577,USA,JOR,7373
2232980,249,113,1238,2018.0,330480.0,0.0,2.0283580000000003,1.1648319999999999,TWN,JOR,7373
2232981,250,113,1238,2018.0,0.0,178496.0,0.760441,-0.310861,ANS,JOR,7373
2232982,1,114,1238,2018.0,2606.0,0.0,-1.098293,-0.812288,AFG,JPN,7373
2232983,2,114,1238,2018.0,0.0,50431.0,-1.6785400000000001,-1.2244030000000001,AGO,JPN,7373
2232984,7,114,1238,2018.0,4848.0,2195883.0,-0.020214,-0.570049,ARE,JPN,7373
2232985,8,114,1238,2018.0,13770.0,2578317.0,-0.239502,0.297865,ARG,JPN,7373
2232986,9,114,1238,2018.0,0.0,22914.0,-0.42181499999999994,-0.663385,ARM,JPN,7373
2232987,14,114,1238,2018.0,42537.0,3203815.0,-0.5578930000000001,-0.15666300000000002,AUS,JPN,7373
2232988,15,114,1238,2018.0,5217670.0,177125.0,1.798687,-0.557271,AUT,JPN,7373
2232989,16,114,1238,2018.0,0.0,15782.0,-1.47928,-1.313633,AZE,JPN,7373
2232990,18,114,1238,2018.0,9325.0,38035800.0,1.244674,1.1368969999999998,BEL,JPN,7373
2232991,21,114,1238,2018.0,0.0,3813.0,-0.625138,-0.848562,BFA,JPN,7373
2232992,22,114,1238,2018.0,4330.0,1033388.0,-0.9003549999999999,-1.1066610000000001,BGD,JPN,7373
2232993,23,114,1238,2018.0,5908.0,336240.0,0.516917,1.915288,BGR,JPN,7373
2232994,24,114,1238,2018.0,0.0,62641.0,0.335652,-0.646621,BHR,JPN,7373
2232995,25,114,1238,2018.0,0.0,1128.0,0.359908,-0.445567,BHS,JPN,7373
2232996,26,114,1238,2018.0,14605.0,4928.0,0.676528,0.8948299999999999,BIH,JPN,7373
2232997,28,114,1238,2018.0,0.0,109898.0,0.86016,1.034144,BLR,JPN,7373
2232998,31,114,1238,2018.0,0.0,208627.0,-1.069519,-0.942264,BOL,JPN,7373
2232999,32,114,1238,2018.0,15819.0,22363460.0,0.166542,0.718965,BRA,JPN,7373
2233000,34,114,1238,2018.0,0.0,42319.0,-0.360468,-0.826729,BRN,JPN,7373
2233001,37,114,1238,2018.0,0.0,1620.0,-0.611288,-1.125815,BWA,JPN,7373
2233002,39,114,1238,2018.0,781774.0,53702440.0,0.60854,1.475283,CAN,JPN,7373
2233003,41,114,1238,2018.0,12165938.0,905412.0,2.173252,0.861742,CHE,JPN,7373
2233004,42,114,1238,2018.0,0.0,305375.0,-0.24325300000000002,-0.350271,CHL,JPN,7373
2233005,43,114,1238,2018.0,76783120.0,208673344.0,1.378018,0.513572,CHN,JPN,7373
2233006,44,114,1238,2018.0,1204.0,87771.0,-1.021384,-0.898676,CIV,JPN,7373
2233007,46,114,1238,2018.0,0.0,25588.0,-1.704339,-1.211619,COD,JPN,7373
2233008,49,114,1238,2018.0,0.0,457654.0,0.144073,-0.10276199999999999,COL,JPN,7373
2233009,51,114,1238,2018.0,0.0,1873.0,-0.43036899999999995,-0.761514,CPV,JPN,7373
2233010,52,114,1238,2018.0,0.0,215132.0,0.27715,0.33261999999999997,CRI,JPN,7373
2233011,55,114,1238,2018.0,0.0,4076.0,0.844115,-0.134234,CUW,JPN,7373
2233012,58,114,1238,2018.0,0.0,5263.0,0.180009,-0.26353200000000004,CYP,JPN,7373
2233013,59,114,1238,2018.0,301881.0,2970290.0,1.8018669999999999,0.022382,CZE,JPN,7373
2233014,61,114,1238,2018.0,60785080.0,13513221.0,2.126861,-2.619524,DEU,JPN,7373
2233015,64,114,1238,2018.0,18114.0,259521.0,1.094761,1.337348,DNK,JPN,7373
2233016,65,114,1238,2018.0,0.0,172384.0,-0.205988,0.291906,DOM,JPN,7373
2233017,66,114,1238,2018.0,0.0,347803.0,-1.121185,-1.196891,DZA,JPN,7373
2233018,67,114,1238,2018.0,0.0,159786.0,-0.9813709999999999,-1.073273,ECU,JPN,7373
2233019,68,114,1238,2018.0,0.0,385658.0,-0.093935,1.6368610000000001,EGY,JPN,7373
2233020,71,114,1238,2018.0,570564.0,10700483.0,0.851197,2.261012,ESP,JPN,7373
2233021,72,114,1238,2018.0,0.0,94576.0,0.957627,1.294173,EST,JPN,7373
2233022,73,114,1238,2018.0,0.0,3337.0,-0.663343,-0.384372,ETH,JPN,7373
2233023,74,114,1238,2018.0,320320.0,928635.0,1.561518,1.0198450000000001,FIN,JPN,7373
2233024,75,114,1238,2018.0,0.0,2120.0,-0.31149299999999996,0.198303,FJI,JPN,7373
2233025,77,114,1238,2018.0,3195273.0,8422822.0,1.3578540000000001,0.9033700000000001,FRA,JPN,7373
2233026,79,114,1238,2018.0,0.0,6858.0,-0.738301,-0.9456889999999999,FSM,JPN,7373
2233027,81,114,1238,2018.0,1036977.0,46076748.0,1.481442,1.050259,GBR,JPN,7373
2233028,82,114,1238,2018.0,0.0,31178.0,-0.059633000000000005,-0.073048,GEO,JPN,7373
2233029,83,114,1238,2018.0,0.0,43231.0,-0.769089,-0.8389200000000001,GHA,JPN,7373
2233030,90,114,1238,2018.0,1743.0,80907.0,0.069841,0.922895,GRC,JPN,7373
2233031,93,114,1238,2018.0,0.0,60666.0,-0.321177,0.6339090000000001,GTM,JPN,7373
2233032,97,114,1238,2018.0,306825.0,20187042.0,0.8625149999999999,1.21001,HKG,JPN,7373
2233033,99,114,1238,2018.0,0.0,5959.0,-0.505516,-0.20719899999999997,HND,JPN,7373
2233034,100,114,1238,2018.0,0.0,19805.0,0.8873559999999999,1.480788,HRV,JPN,7373
2233035,102,114,1238,2018.0,12738.0,2017055.0,1.6983409999999999,0.693194,HUN,JPN,7373
2233036,103,114,1238,2018.0,617891.0,39159420.0,-0.0009939999999999999,1.417371,IDN,JPN,7373
2233037,104,114,1238,2018.0,350138.0,53287064.0,0.536561,2.450287,IND,JPN,7373
2233038,106,114,1238,2018.0,28338.0,1064286.0,1.3647,0.094596,IRL,JPN,7373
2233039,107,114,1238,2018.0,0.0,89006.0,-0.290723,-0.430805,IRN,JPN,7373
2233040,108,114,1238,2018.0,0.0,176306.0,-0.627753,-0.983086,IRQ,JPN,7373
2233041,109,114,1238,2018.0,0.0,58475.0,0.161776,-0.293048,ISL,JPN,7373
2233042,110,114,1238,2018.0,182813.0,558762.0,1.205666,1.001693,ISR,JPN,7373
2233043,111,114,1238,2018.0,5386182.0,5946142.0,1.4594799999999999,0.05113,ITA,JPN,7373
2233044,112,114,1238,2018.0,0.0,9359.0,-0.210475,-0.808499,JAM,JPN,7373
2233045,113,114,1238,2018.0,0.0,197206.0,0.125467,0.382625,JOR,JPN,7373
2233046,115,114,1238,2018.0,0.0,661359.0,-0.625674,-0.605028,KAZ,JPN,7373
2233047,116,114,1238,2018.0,0.0,273272.0,-0.381632,0.460819,KEN,JPN,7373
2233048,117,114,1238,2018.0,0.0,114171.0,0.000495,0.601278,KGZ,JPN,7373
2233049,118,114,1238,2018.0,21347.0,838936.0,-0.5513779999999999,-0.598237,KHM,JPN,7373
2233050,121,114,1238,2018.0,13550632.0,35736644.0,2.139149,0.795045,KOR,JPN,7373
2233051,122,114,1238,2018.0,0.0,843174.0,-0.790523,-1.136525,KWT,JPN,7373
2233052,123,114,1238,2018.0,0.0,198143.0,-0.60597,-0.479868,LAO,JPN,7373
2233053,124,114,1238,2018.0,0.0,59402.0,0.37832899999999997,1.077452,LBN,JPN,7373
2233054,125,114,1238,2018.0,0.0,3841.0,-1.081874,-1.105082,LBR,JPN,7373
2233055,128,114,1238,2018.0,7240.0,186614.0,-0.364093,0.347953,LKA,JPN,7373
2233056,130,114,1238,2018.0,0.0,939479.0,0.839052,1.5688790000000001,LTU,JPN,7373
2233057,131,114,1238,2018.0,0.0,234482.0,1.098797,1.390282,LUX,JPN,7373
2233058,132,114,1238,2018.0,0.0,1417072.0,0.6984560000000001,1.29918,LVA,JPN,7373
2233059,133,114,1238,2018.0,0.0,22946.0,0.358075,0.081041,MAC,JPN,7373
2233060,134,114,1238,2018.0,0.0,1075538.0,-0.57445,-0.14461400000000002,MAR,JPN,7373
2233061,135,114,1238,2018.0,0.0,1753.0,-0.222348,-0.091067,MDA,JPN,7373
2233062,136,114,1238,2018.0,0.0,15355.0,-1.056786,-0.9160709999999999,MDG,JPN,7373
2233063,137,114,1238,2018.0,0.0,7531.0,-1.128674,-1.053328,MDV,JPN,7373
2233064,138,114,1238,2018.0,2690008.0,122280080.0,1.272851,0.646359,MEX,JPN,7373
2233065,140,114,1238,2018.0,0.0,149973.0,0.056548,-0.273964,MKD,JPN,7373
2233066,141,114,1238,2018.0,0.0,12734.0,-0.805876,-0.907854,MLI,JPN,7373
2233067,142,114,1238,2018.0,0.0,2267.0,0.860195,0.281449,MLT,JPN,7373
2233068,143,114,1238,2018.0,133886.0,464000.0,-0.9970469999999999,-0.28486,MMR,JPN,7373
2233069,144,114,1238,2018.0,0.0,11181.0,0.166157,0.132633,MNE,JPN,7373
2233070,145,114,1238,2018.0,0.0,192682.0,-0.892013,-1.115228,MNG,JPN,7373
2233071,146,114,1238,2018.0,0.0,2717.0,1.215382,-0.35154,MNP,JPN,7373
2233072,147,114,1238,2018.0,0.0,3748.0,-1.253762,-1.0049,MOZ,JPN,7373
2233073,151,114,1238,2018.0,0.0,11389.0,-0.268625,0.104254,MUS,JPN,7373
2233074,153,114,1238,2018.0,2767302.0,24882204.0,1.047185,0.732742,MYS,JPN,7373
2233075,159,114,1238,2018.0,0.0,594064.0,-1.839074,-1.29837,NGA,JPN,7373
2233076,162,114,1238,2018.0,3498181.0,13259141.0,1.060964,1.491808,NLD,JPN,7373
2233077,163,114,1238,2018.0,134012.0,399428.0,0.359254,-0.059994000000000006,NOR,JPN,7373
2233078,164,114,1238,2018.0,0.0,313252.0,-0.15379500000000002,0.7814369999999999,NPL,JPN,7373
2233079,166,114,1238,2018.0,26186.0,669794.0,0.113398,0.017740000000000002,NZL,JPN,7373
2233080,167,114,1238,2018.0,0.0,721478.0,-0.513727,-0.9944280000000001,OMN,JPN,7373
2233081,168,114,1238,2018.0,0.0,8105084.0,-0.737637,0.274296,PAK,JPN,7373
2233082,169,114,1238,2018.0,0.0,73485.0,0.007061,-0.13867100000000002,PAN,JPN,7373
2233083,173,114,1238,2018.0,0.0,324832.0,-0.842934,-0.302396,PER,JPN,7373
2233084,174,114,1238,2018.0,2275771.0,22601396.0,0.7233649999999999,0.23715300000000003,PHL,JPN,7373
2233085,175,114,1238,2018.0,0.0,2545.0,-0.020347,-0.781658,PLW,JPN,7373
2233086,177,114,1238,2018.0,139186.0,6439568.0,1.1323860000000001,1.1465040000000002,POL,JPN,7373
2233087,179,114,1238,2018.0,18344.0,249200.0,0.787381,1.959475,PRT,JPN,7373
2233088,180,114,1238,2018.0,0.0,123324.0,-0.504343,-0.8482040000000001,PRY,JPN,7373
2233089,182,114,1238,2018.0,0.0,9167.0,-0.167505,-0.7041350000000001,PYF,JPN,7373
2233090,183,114,1238,2018.0,0.0,281916.0,-0.291537,-1.022145,QAT,JPN,7373
2233091,185,114,1238,2018.0,0.0,592420.0,1.1458030000000001,1.194413,ROU,JPN,7373
2233092,186,114,1238,2018.0,79226.0,13809479.0,-0.079971,0.11098599999999999,RUS,JPN,7373
2233093,188,114,1238,2018.0,0.0,1770958.0,0.600485,-0.450466,SAU,JPN,7373
2233094,191,114,1238,2018.0,0.0,7099.0,-0.699313,-0.360203,SEN,JPN,7373
2233095,192,114,1238,2018.0,2200830.0,17829408.0,1.870268,0.672214,SGP,JPN,7373
2233096,197,114,1238,2018.0,0.0,13267.0,0.07891799999999999,0.219075,SLV,JPN,7373
2233097,201,114,1238,2018.0,317857.0,261975.0,0.665772,1.552409,SRB,JPN,7373
2233098,206,114,1238,2018.0,152571.0,445091.0,1.445669,0.9135850000000001,SVK,JPN,7373
2233099,207,114,1238,2018.0,0.0,1122829.0,1.623183,0.7150850000000001,SVN,JPN,7373
2233100,208,114,1238,2018.0,803193.0,797974.0,1.7254209999999999,0.638757,SWE,JPN,7373
2233101,211,114,1238,2018.0,0.0,12453.0,-0.222908,-0.7792100000000001,SYC,JPN,7373
2233102,215,114,1238,2018.0,0.0,6532.0,-0.681426,-0.7010270000000001,TGO,JPN,7373
2233103,216,114,1238,2018.0,26963834.0,115288752.0,1.188923,1.264666,THA,JPN,7373
2233104,217,114,1238,2018.0,0.0,6418.0,-1.199219,-1.254751,TJK,JPN,7373
2233105,222,114,1238,2018.0,0.0,125480.0,-0.32209299999999996,-1.0651540000000002,TTO,JPN,7373
2233106,223,114,1238,2018.0,0.0,178169.0,0.39611799999999997,1.252702,TUN,JPN,7373
2233107,224,114,1238,2018.0,3243.0,9789870.0,0.5883510000000001,2.357541,TUR,JPN,7373
2233108,226,114,1238,2018.0,0.0,15521.0,-0.12971300000000002,1.379649,TZA,JPN,7373
2233109,227,114,1238,2018.0,435808.0,44173.0,-0.569114,0.36182800000000004,UGA,JPN,7373
2233110,228,114,1238,2018.0,0.0,530495.0,0.3281,1.0037459999999998,UKR,JPN,7373
2233111,230,114,1238,2018.0,0.0,136350.0,0.016527,-0.250715,URY,JPN,7373
2233112,231,114,1238,2018.0,29902416.0,412178560.0,1.5527739999999999,0.288577,USA,JPN,7373
2233113,232,114,1238,2018.0,0.0,451822.0,-0.485013,-0.390021,UZB,JPN,7373
2233114,239,114,1238,2018.0,3160216.0,20817374.0,0.111848,0.915842,VNM,JPN,7373
2233115,242,114,1238,2018.0,0.0,4487.0,0.18920399999999998,0.27458299999999997,WSM,JPN,7373
2233116,246,114,1238,2018.0,0.0,4232780.0,-0.053311000000000004,1.45561,ZAF,JPN,7373
2233117,247,114,1238,2018.0,0.0,13422.0,-0.8302510000000001,-0.932916,ZMB,JPN,7373
2233118,249,114,1238,2018.0,13118222.0,27214742.0,2.0283580000000003,1.1648319999999999,TWN,JPN,7373
2233119,43,118,1238,2018.0,6671674.0,6749.0,1.378018,0.513572,CHN,KHM,7373
2233120,61,118,1238,2018.0,18633.0,0.0,2.126861,-2.619524,DEU,KHM,7373
2233121,77,118,1238,2018.0,12533.0,0.0,1.3578540000000001,0.9033700000000001,FRA,KHM,7373
2233122,97,118,1238,2018.0,111137.0,0.0,0.8625149999999999,1.21001,HKG,KHM,7373
2233123,110,118,1238,2018.0,3338.0,0.0,1.205666,1.001693,ISR,KHM,7373
2233124,111,118,1238,2018.0,74469.0,0.0,1.4594799999999999,0.05113,ITA,KHM,7373
2233125,114,118,1238,2018.0,838936.0,21347.0,2.480327,-0.559793,JPN,KHM,7373
2233126,121,118,1238,2018.0,35128.0,0.0,2.139149,0.795045,KOR,KHM,7373
2233127,153,118,1238,2018.0,200275.0,0.0,1.047185,0.732742,MYS,KHM,7373
2233128,162,118,1238,2018.0,2459.0,0.0,1.060964,1.491808,NLD,KHM,7373
2233129,174,118,1238,2018.0,0.0,2578.0,0.7233649999999999,0.23715300000000003,PHL,KHM,7373
2233130,192,118,1238,2018.0,161379.0,0.0,1.870268,0.672214,SGP,KHM,7373
2233131,216,118,1238,2018.0,961397.0,4205.0,1.188923,1.264666,THA,KHM,7373
2233132,224,118,1238,2018.0,1781.0,0.0,0.5883510000000001,2.357541,TUR,KHM,7373
2233133,231,118,1238,2018.0,82361.0,0.0,1.5527739999999999,0.288577,USA,KHM,7373
2233134,239,118,1238,2018.0,133925.0,6630.0,0.111848,0.915842,VNM,KHM,7373
2233135,249,118,1238,2018.0,184452.0,0.0,2.0283580000000003,1.1648319999999999,TWN,KHM,7373
2233136,2,121,1238,2018.0,3315.0,2465.0,-1.6785400000000001,-1.2244030000000001,AGO,KOR,7373
2233137,4,121,1238,2018.0,0.0,16302.0,-0.403248,-0.180523,ALB,KOR,7373
2233138,7,121,1238,2018.0,380400.0,1452417.0,-0.020214,-0.570049,ARE,KOR,7373
2233139,8,121,1238,2018.0,0.0,354047.0,-0.239502,0.297865,ARG,KOR,7373
2233140,9,121,1238,2018.0,0.0,10923.0,-0.42181499999999994,-0.663385,ARM,KOR,7373
2233141,14,121,1238,2018.0,55239.0,1309951.0,-0.5578930000000001,-0.15666300000000002,AUS,KOR,7373
2233142,15,121,1238,2018.0,6765725.0,1096900.0,1.798687,-0.557271,AUT,KOR,7373
2233143,16,121,1238,2018.0,0.0,188213.0,-1.47928,-1.313633,AZE,KOR,7373
2233144,18,121,1238,2018.0,34386.0,65854.0,1.244674,1.1368969999999998,BEL,KOR,7373
2233145,22,121,1238,2018.0,0.0,103176.0,-0.9003549999999999,-1.1066610000000001,BGD,KOR,7373
2233146,23,121,1238,2018.0,0.0,142782.0,0.516917,1.915288,BGR,KOR,7373
2233147,24,121,1238,2018.0,0.0,3178.0,0.335652,-0.646621,BHR,KOR,7373
2233148,26,121,1238,2018.0,0.0,1750.0,0.676528,0.8948299999999999,BIH,KOR,7373
2233149,28,121,1238,2018.0,0.0,4693.0,0.86016,1.034144,BLR,KOR,7373
2233150,29,121,1238,2018.0,0.0,4232.0,-0.242696,-0.558757,BLZ,KOR,7373
2233151,31,121,1238,2018.0,0.0,21300.0,-1.069519,-0.942264,BOL,KOR,7373
2233152,32,121,1238,2018.0,0.0,5696025.0,0.166542,0.718965,BRA,KOR,7373
2233153,34,121,1238,2018.0,5096.0,37736.0,-0.360468,-0.826729,BRN,KOR,7373
2233154,35,121,1238,2018.0,0.0,4305.0,-0.118432,-0.779945,BTN,KOR,7373
2233155,37,121,1238,2018.0,0.0,1876.0,-0.611288,-1.125815,BWA,KOR,7373
2233156,39,121,1238,2018.0,1203561.0,471620.0,0.60854,1.475283,CAN,KOR,7373
2233157,41,121,1238,2018.0,6288662.0,204061.0,2.173252,0.861742,CHE,KOR,7373
2233158,42,121,1238,2018.0,27136.0,501214.0,-0.24325300000000002,-0.350271,CHL,KOR,7373
2233159,43,121,1238,2018.0,45182952.0,135055024.0,1.378018,0.513572,CHN,KOR,7373
2233160,45,121,1238,2018.0,0.0,2642.0,-1.2144,-1.0318260000000001,CMR,KOR,7373
2233161,46,121,1238,2018.0,0.0,2438.0,-1.704339,-1.211619,COD,KOR,7373
2233162,49,121,1238,2018.0,0.0,118845.0,0.144073,-0.10276199999999999,COL,KOR,7373
2233163,52,121,1238,2018.0,1148.0,63765.0,0.27715,0.33261999999999997,CRI,KOR,7373
2233164,59,121,1238,2018.0,943743.0,7394964.0,1.8018669999999999,0.022382,CZE,KOR,7373
2233165,61,121,1238,2018.0,38045848.0,6829454.0,2.126861,-2.619524,DEU,KOR,7373
2233166,64,121,1238,2018.0,65155.0,70489.0,1.094761,1.337348,DNK,KOR,7373
2233167,65,121,1238,2018.0,0.0,19019.0,-0.205988,0.291906,DOM,KOR,7373
2233168,66,121,1238,2018.0,0.0,923011.0,-1.121185,-1.196891,DZA,KOR,7373
2233169,67,121,1238,2018.0,32102.0,1369662.0,-0.9813709999999999,-1.073273,ECU,KOR,7373
2233170,68,121,1238,2018.0,0.0,1388287.0,-0.093935,1.6368610000000001,EGY,KOR,7373
2233171,71,121,1238,2018.0,8725.0,2013869.0,0.851197,2.261012,ESP,KOR,7373
2233172,72,121,1238,2018.0,0.0,18193.0,0.957627,1.294173,EST,KOR,7373
2233173,73,121,1238,2018.0,0.0,75137.0,-0.663343,-0.384372,ETH,KOR,7373
2233174,74,121,1238,2018.0,181347.0,133025.0,1.561518,1.0198450000000001,FIN,KOR,7373
2233175,75,121,1238,2018.0,0.0,5012.0,-0.31149299999999996,0.198303,FJI,KOR,7373
2233176,77,121,1238,2018.0,4057722.0,1539518.0,1.3578540000000001,0.9033700000000001,FRA,KOR,7373
2233177,80,121,1238,2018.0,0.0,17691.0,-1.4532129999999999,-1.155702,GAB,KOR,7373
2233178,81,121,1238,2018.0,4466987.0,440418.0,1.481442,1.050259,GBR,KOR,7373
2233179,82,121,1238,2018.0,0.0,47728.0,-0.059633000000000005,-0.073048,GEO,KOR,7373
2233180,90,121,1238,2018.0,5853.0,30480.0,0.069841,0.922895,GRC,KOR,7373
2233181,93,121,1238,2018.0,0.0,13630.0,-0.321177,0.6339090000000001,GTM,KOR,7373
2233182,97,121,1238,2018.0,112443.0,8101946.0,0.8625149999999999,1.21001,HKG,KOR,7373
2233183,99,121,1238,2018.0,0.0,6956.0,-0.505516,-0.20719899999999997,HND,KOR,7373
2233184,100,121,1238,2018.0,1555.0,38946.0,0.8873559999999999,1.480788,HRV,KOR,7373
2233185,101,121,1238,2018.0,0.0,25905.0,-0.95605,-0.9751629999999999,HTI,KOR,7373
2233186,102,121,1238,2018.0,2042.0,75774688.0,1.6983409999999999,0.693194,HUN,KOR,7373
2233187,103,121,1238,2018.0,0.0,6956078.0,-0.0009939999999999999,1.417371,IDN,KOR,7373
2233188,104,121,1238,2018.0,735007.0,31042312.0,0.536561,2.450287,IND,KOR,7373
2233189,106,121,1238,2018.0,16764.0,52881.0,1.3647,0.094596,IRL,KOR,7373
2233190,107,121,1238,2018.0,0.0,2394787.0,-0.290723,-0.430805,IRN,KOR,7373
2233191,108,121,1238,2018.0,0.0,45959.0,-0.627753,-0.983086,IRQ,KOR,7373
2233192,110,121,1238,2018.0,71173.0,240741.0,1.205666,1.001693,ISR,KOR,7373
2233193,111,121,1238,2018.0,3105671.0,1244671.0,1.4594799999999999,0.05113,ITA,KOR,7373
2233194,114,121,1238,2018.0,35736644.0,13550632.0,2.480327,-0.559793,JPN,KOR,7373
2233195,115,121,1238,2018.0,2972.0,39890.0,-0.625674,-0.605028,KAZ,KOR,7373
2233196,116,121,1238,2018.0,0.0,15115.0,-0.381632,0.460819,KEN,KOR,7373
2233197,118,121,1238,2018.0,0.0,35128.0,-0.5513779999999999,-0.598237,KHM,KOR,7373
2233198,122,121,1238,2018.0,144032.0,1528793.0,-0.790523,-1.136525,KWT,KOR,7373
2233199,123,121,1238,2018.0,0.0,497795.0,-0.60597,-0.479868,LAO,KOR,7373
2233200,126,121,1238,2018.0,0.0,6677.0,-1.454322,-1.169087,LBY,KOR,7373
2233201,128,121,1238,2018.0,0.0,27990.0,-0.364093,0.347953,LKA,KOR,7373
2233202,130,121,1238,2018.0,5591.0,19308.0,0.839052,1.5688790000000001,LTU,KOR,7373
2233203,132,121,1238,2018.0,0.0,16491.0,0.6984560000000001,1.29918,LVA,KOR,7373
2233204,134,121,1238,2018.0,0.0,1861811.0,-0.57445,-0.14461400000000002,MAR,KOR,7373
2233205,135,121,1238,2018.0,0.0,60335.0,-0.222348,-0.091067,MDA,KOR,7373
2233206,136,121,1238,2018.0,0.0,26307.0,-1.056786,-0.9160709999999999,MDG,KOR,7373
2233207,138,121,1238,2018.0,2217204.0,21241554.0,1.272851,0.646359,MEX,KOR,7373
2233208,139,121,1238,2018.0,0.0,4465.0,-0.131983,-0.743376,MHL,KOR,7373
2233209,143,121,1238,2018.0,0.0,156638.0,-0.9970469999999999,-0.28486,MMR,KOR,7373
2233210,145,121,1238,2018.0,0.0,103458.0,-0.892013,-1.115228,MNG,KOR,7373
2233211,151,121,1238,2018.0,0.0,4815.0,-0.268625,0.104254,MUS,KOR,7373
2233212,153,121,1238,2018.0,275927.0,6534483.0,1.047185,0.732742,MYS,KOR,7373
2233213,159,121,1238,2018.0,0.0,17317.0,-1.839074,-1.29837,NGA,KOR,7373
2233214,160,121,1238,2018.0,0.0,1255.0,-0.8788790000000001,-0.747015,NIC,KOR,7373
2233215,162,121,1238,2018.0,2080652.0,1252010.0,1.060964,1.491808,NLD,KOR,7373
2233216,163,121,1238,2018.0,0.0,260652.0,0.359254,-0.059994000000000006,NOR,KOR,7373
2233217,164,121,1238,2018.0,0.0,124917.0,-0.15379500000000002,0.7814369999999999,NPL,KOR,7373
2233218,166,121,1238,2018.0,2057.0,362422.0,0.113398,0.017740000000000002,NZL,KOR,7373
2233219,167,121,1238,2018.0,0.0,382714.0,-0.513727,-0.9944280000000001,OMN,KOR,7373
2233220,168,121,1238,2018.0,2995.0,289365.0,-0.737637,0.274296,PAK,KOR,7373
2233221,169,121,1238,2018.0,11519.0,112400.0,0.007061,-0.13867100000000002,PAN,KOR,7373
2233222,173,121,1238,2018.0,0.0,184728.0,-0.842934,-0.302396,PER,KOR,7373
2233223,174,121,1238,2018.0,40831.0,2821676.0,0.7233649999999999,0.23715300000000003,PHL,KOR,7373
2233224,177,121,1238,2018.0,197352.0,3218999.0,1.1323860000000001,1.1465040000000002,POL,KOR,7373
2233225,179,121,1238,2018.0,1421.0,275351.0,0.787381,1.959475,PRT,KOR,7373
2233226,181,121,1238,2018.0,0.0,4003.0,0.260898,0.79366,PSE,KOR,7373
2233227,183,121,1238,2018.0,3006.0,91904.0,-0.291537,-1.022145,QAT,KOR,7373
2233228,185,121,1238,2018.0,132649.0,394492.0,1.1458030000000001,1.194413,ROU,KOR,7373
2233229,186,121,1238,2018.0,322408.0,11863197.0,-0.079971,0.11098599999999999,RUS,KOR,7373
2233230,188,121,1238,2018.0,343334.0,255137.0,0.600485,-0.450466,SAU,KOR,7373
2233231,191,121,1238,2018.0,0.0,9853.0,-0.699313,-0.360203,SEN,KOR,7373
2233232,192,121,1238,2018.0,413820.0,844352.0,1.870268,0.672214,SGP,KOR,7373
2233233,195,121,1238,2018.0,0.0,1517.0,-1.09344,-0.976073,SLB,KOR,7373
2233234,197,121,1238,2018.0,0.0,9354.0,0.07891799999999999,0.219075,SLV,KOR,7373
2233235,201,121,1238,2018.0,0.0,4487542.0,0.665772,1.552409,SRB,KOR,7373
2233236,206,121,1238,2018.0,489508.0,2176854.0,1.445669,0.9135850000000001,SVK,KOR,7373
2233237,207,121,1238,2018.0,127841.0,256106.0,1.623183,0.7150850000000001,SVN,KOR,7373
2233238,208,121,1238,2018.0,369857.0,290452.0,1.7254209999999999,0.638757,SWE,KOR,7373
2233239,212,121,1238,2018.0,0.0,1000.0,-0.665828,-0.006848000000000001,SYR,KOR,7373
2233240,216,121,1238,2018.0,48732.0,7052776.0,1.188923,1.264666,THA,KOR,7373
2233241,223,121,1238,2018.0,0.0,33631.0,0.39611799999999997,1.252702,TUN,KOR,7373
2233242,224,121,1238,2018.0,60845.0,1442844.0,0.5883510000000001,2.357541,TUR,KOR,7373
2233243,226,121,1238,2018.0,0.0,15174.0,-0.12971300000000002,1.379649,TZA,KOR,7373
2233244,227,121,1238,2018.0,0.0,1008.0,-0.569114,0.36182800000000004,UGA,KOR,7373
2233245,228,121,1238,2018.0,716010.0,119457.0,0.3281,1.0037459999999998,UKR,KOR,7373
2233246,230,121,1238,2018.0,0.0,60881.0,0.016527,-0.250715,URY,KOR,7373
2233247,231,121,1238,2018.0,24385540.0,43833120.0,1.5527739999999999,0.288577,USA,KOR,7373
2233248,232,121,1238,2018.0,0.0,865950.0,-0.485013,-0.390021,UZB,KOR,7373
2233249,239,121,1238,2018.0,122107.0,60955580.0,0.111848,0.915842,VNM,KOR,7373
2233250,242,121,1238,2018.0,0.0,6031.0,0.18920399999999998,0.27458299999999997,WSM,KOR,7373
2233251,246,121,1238,2018.0,2675.0,1392053.0,-0.053311000000000004,1.45561,ZAF,KOR,7373
2233252,247,121,1238,2018.0,0.0,1119.0,-0.8302510000000001,-0.932916,ZMB,KOR,7373
2233253,248,121,1238,2018.0,0.0,1933.0,-1.071621,-1.112033,ZWE,KOR,7373
2233254,249,121,1238,2018.0,1642684.0,4113389.0,2.0283580000000003,1.1648319999999999,TWN,KOR,7373
2233255,0,122,1238,2018.0,2877.0,0.0,0.800212,0.174964,ABW,KWT,7373
2233256,7,122,1238,2018.0,3081772.0,240623.0,-0.020214,-0.570049,ARE,KWT,7373
2233257,14,122,1238,2018.0,5058.0,0.0,-0.5578930000000001,-0.15666300000000002,AUS,KWT,7373
2233258,15,122,1238,2018.0,1436144.0,0.0,1.798687,-0.557271,AUT,KWT,7373
2233259,18,122,1238,2018.0,90249.0,0.0,1.244674,1.1368969999999998,BEL,KWT,7373
2233260,24,122,1238,2018.0,39089.0,0.0,0.335652,-0.646621,BHR,KWT,7373
2233261,26,122,1238,2018.0,1841.0,0.0,0.676528,0.8948299999999999,BIH,KWT,7373
2233262,39,122,1238,2018.0,59446.0,0.0,0.60854,1.475283,CAN,KWT,7373
2233263,41,122,1238,2018.0,106795.0,1003.0,2.173252,0.861742,CHE,KWT,7373
2233264,43,122,1238,2018.0,1425028.0,0.0,1.378018,0.513572,CHN,KWT,7373
2233265,59,122,1238,2018.0,105323.0,0.0,1.8018669999999999,0.022382,CZE,KWT,7373
2233266,61,122,1238,2018.0,1117585.0,18104.0,2.126861,-2.619524,DEU,KWT,7373
2233267,68,122,1238,2018.0,0.0,227656.0,-0.093935,1.6368610000000001,EGY,KWT,7373
2233268,71,122,1238,2018.0,23408.0,0.0,0.851197,2.261012,ESP,KWT,7373
2233269,74,122,1238,2018.0,3861.0,0.0,1.561518,1.0198450000000001,FIN,KWT,7373
2233270,77,122,1238,2018.0,333257.0,0.0,1.3578540000000001,0.9033700000000001,FRA,KWT,7373
2233271,81,122,1238,2018.0,195519.0,2730.0,1.481442,1.050259,GBR,KWT,7373
2233272,100,122,1238,2018.0,0.0,58390.0,0.8873559999999999,1.480788,HRV,KWT,7373
2233273,102,122,1238,2018.0,3278.0,0.0,1.6983409999999999,0.693194,HUN,KWT,7373
2233274,103,122,1238,2018.0,1084.0,0.0,-0.0009939999999999999,1.417371,IDN,KWT,7373
2233275,104,122,1238,2018.0,566111.0,151740.0,0.536561,2.450287,IND,KWT,7373
2233276,108,122,1238,2018.0,0.0,150261.0,-0.627753,-0.983086,IRQ,KWT,7373
2233277,111,122,1238,2018.0,1630653.0,38698.0,1.4594799999999999,0.05113,ITA,KWT,7373
2233278,114,122,1238,2018.0,843174.0,0.0,2.480327,-0.559793,JPN,KWT,7373
2233279,121,122,1238,2018.0,1528793.0,144032.0,2.139149,0.795045,KOR,KWT,7373
2233280,124,122,1238,2018.0,21502.0,0.0,0.37832899999999997,1.077452,LBN,KWT,7373
2233281,138,122,1238,2018.0,35268.0,0.0,1.272851,0.646359,MEX,KWT,7373
2233282,153,122,1238,2018.0,28028.0,0.0,1.047185,0.732742,MYS,KWT,7373
2233283,162,122,1238,2018.0,312504.0,7280.0,1.060964,1.491808,NLD,KWT,7373
2233284,166,122,1238,2018.0,6770.0,0.0,0.113398,0.017740000000000002,NZL,KWT,7373
2233285,167,122,1238,2018.0,93294.0,0.0,-0.513727,-0.9944280000000001,OMN,KWT,7373
2233286,177,122,1238,2018.0,141103.0,0.0,1.1323860000000001,1.1465040000000002,POL,KWT,7373
2233287,183,122,1238,2018.0,0.0,236557.0,-0.291537,-1.022145,QAT,KWT,7373
2233288,185,122,1238,2018.0,14112.0,0.0,1.1458030000000001,1.194413,ROU,KWT,7373
2233289,188,122,1238,2018.0,955104.0,259226.0,0.600485,-0.450466,SAU,KWT,7373
2233290,192,122,1238,2018.0,36821.0,36390.0,1.870268,0.672214,SGP,KWT,7373
2233291,198,122,1238,2018.0,11455.0,0.0,1.1010280000000001,0.679361,SMR,KWT,7373
2233292,208,122,1238,2018.0,117826.0,0.0,1.7254209999999999,0.638757,SWE,KWT,7373
2233293,224,122,1238,2018.0,434726.0,0.0,0.5883510000000001,2.357541,TUR,KWT,7373
2233294,231,122,1238,2018.0,3605012.0,21903.0,1.5527739999999999,0.288577,USA,KWT,7373
2233295,249,122,1238,2018.0,26356.0,0.0,2.0283580000000003,1.1648319999999999,TWN,KWT,7373
2233296,7,130,1238,2018.0,2518.0,0.0,-0.020214,-0.570049,ARE,LTU,7373
2233297,14,130,1238,2018.0,0.0,3211.0,-0.5578930000000001,-0.15666300000000002,AUS,LTU,7373
2233298,15,130,1238,2018.0,436778.0,416693.0,1.798687,-0.557271,AUT,LTU,7373
2233299,18,130,1238,2018.0,170953.0,25824.0,1.244674,1.1368969999999998,BEL,LTU,7373
2233300,23,130,1238,2018.0,304744.0,30541.0,0.516917,1.915288,BGR,LTU,7373
2233301,28,130,1238,2018.0,144431.0,1855364.0,0.86016,1.034144,BLR,LTU,7373
2233302,39,130,1238,2018.0,300169.0,0.0,0.60854,1.475283,CAN,LTU,7373
2233303,41,130,1238,2018.0,780065.0,5081.0,2.173252,0.861742,CHE,LTU,7373
2233304,43,130,1238,2018.0,4745448.0,0.0,1.378018,0.513572,CHN,LTU,7373
2233305,58,130,1238,2018.0,0.0,5663.0,0.180009,-0.26353200000000004,CYP,LTU,7373
2233306,59,130,1238,2018.0,1192699.0,0.0,1.8018669999999999,0.022382,CZE,LTU,7373
2233307,61,130,1238,2018.0,5461072.0,534467.0,2.126861,-2.619524,DEU,LTU,7373
2233308,64,130,1238,2018.0,142836.0,50195.0,1.094761,1.337348,DNK,LTU,7373
2233309,71,130,1238,2018.0,838570.0,46707.0,0.851197,2.261012,ESP,LTU,7373
2233310,72,130,1238,2018.0,565362.0,516671.0,0.957627,1.294173,EST,LTU,7373
2233311,74,130,1238,2018.0,1040224.0,12172.0,1.561518,1.0198450000000001,FIN,LTU,7373
2233312,77,130,1238,2018.0,547253.0,8167.0,1.3578540000000001,0.9033700000000001,FRA,LTU,7373
2233313,81,130,1238,2018.0,211171.0,188568.0,1.481442,1.050259,GBR,LTU,7373
2233314,82,130,1238,2018.0,0.0,3574.0,-0.059633000000000005,-0.073048,GEO,LTU,7373
2233315,90,130,1238,2018.0,167133.0,21230.0,0.069841,0.922895,GRC,LTU,7373
2233316,97,130,1238,2018.0,22397.0,0.0,0.8625149999999999,1.21001,HKG,LTU,7373
2233317,102,130,1238,2018.0,48055.0,2492.0,1.6983409999999999,0.693194,HUN,LTU,7373
2233318,104,130,1238,2018.0,52250.0,0.0,0.536561,2.450287,IND,LTU,7373
2233319,106,130,1238,2018.0,39507.0,0.0,1.3647,0.094596,IRL,LTU,7373
2233320,109,130,1238,2018.0,0.0,15511.0,0.161776,-0.293048,ISL,LTU,7373
2233321,111,130,1238,2018.0,3302164.0,1757.0,1.4594799999999999,0.05113,ITA,LTU,7373
2233322,114,130,1238,2018.0,939479.0,0.0,2.480327,-0.559793,JPN,LTU,7373
2233323,115,130,1238,2018.0,0.0,190604.0,-0.625674,-0.605028,KAZ,LTU,7373
2233324,117,130,1238,2018.0,0.0,6392.0,0.000495,0.601278,KGZ,LTU,7373
2233325,121,130,1238,2018.0,19308.0,5591.0,2.139149,0.795045,KOR,LTU,7373
2233326,131,130,1238,2018.0,115336.0,0.0,1.098797,1.390282,LUX,LTU,7373
2233327,132,130,1238,2018.0,306919.0,1851785.0,0.6984560000000001,1.29918,LVA,LTU,7373
2233328,135,130,1238,2018.0,0.0,8533.0,-0.222348,-0.091067,MDA,LTU,7373
2233329,162,130,1238,2018.0,399141.0,93583.0,1.060964,1.491808,NLD,LTU,7373
2233330,163,130,1238,2018.0,3347.0,53991.0,0.359254,-0.059994000000000006,NOR,LTU,7373
2233331,177,130,1238,2018.0,835183.0,47301.0,1.1323860000000001,1.1465040000000002,POL,LTU,7373
2233332,185,130,1238,2018.0,317014.0,86055.0,1.1458030000000001,1.194413,ROU,LTU,7373
2233333,186,130,1238,2018.0,43233.0,12376257.0,-0.079971,0.11098599999999999,RUS,LTU,7373
2233334,188,130,1238,2018.0,0.0,3157.0,0.600485,-0.450466,SAU,LTU,7373
2233335,192,130,1238,2018.0,48162.0,0.0,1.870268,0.672214,SGP,LTU,7373
2233336,201,130,1238,2018.0,58824.0,24001.0,0.665772,1.552409,SRB,LTU,7373
2233337,206,130,1238,2018.0,18861.0,0.0,1.445669,0.9135850000000001,SVK,LTU,7373
2233338,207,130,1238,2018.0,112315.0,0.0,1.623183,0.7150850000000001,SVN,LTU,7373
2233339,208,130,1238,2018.0,1047263.0,87038.0,1.7254209999999999,0.638757,SWE,LTU,7373
2233340,224,130,1238,2018.0,38700.0,0.0,0.5883510000000001,2.357541,TUR,LTU,7373
2233341,228,130,1238,2018.0,4843696.0,62981.0,0.3281,1.0037459999999998,UKR,LTU,7373
2233342,231,130,1238,2018.0,115056.0,42187.0,1.5527739999999999,0.288577,USA,LTU,7373
2233343,232,130,1238,2018.0,0.0,1065688.0,-0.485013,-0.390021,UZB,LTU,7373
2233344,246,130,1238,2018.0,0.0,12116.0,-0.053311000000000004,1.45561,ZAF,LTU,7373
2233345,249,130,1238,2018.0,118390.0,6056.0,2.0283580000000003,1.1648319999999999,TWN,LTU,7373
2233346,2,138,1238,2018.0,0.0,2978.0,-1.6785400000000001,-1.2244030000000001,AGO,MEX,7373
2233347,7,138,1238,2018.0,0.0,956476.0,-0.020214,-0.570049,ARE,MEX,7373
2233348,8,138,1238,2018.0,0.0,176424.0,-0.239502,0.297865,ARG,MEX,7373
2233349,9,138,1238,2018.0,0.0,1353.0,-0.42181499999999994,-0.663385,ARM,MEX,7373
2233350,14,138,1238,2018.0,10796.0,843850.0,-0.5578930000000001,-0.15666300000000002,AUS,MEX,7373
2233351,15,138,1238,2018.0,4679448.0,841615.0,1.798687,-0.557271,AUT,MEX,7373
2233352,18,138,1238,2018.0,629122.0,14806.0,1.244674,1.1368969999999998,BEL,MEX,7373
2233353,24,138,1238,2018.0,0.0,11077.0,0.335652,-0.646621,BHR,MEX,7373
2233354,26,138,1238,2018.0,912569.0,2663.0,0.676528,0.8948299999999999,BIH,MEX,7373
2233355,28,138,1238,2018.0,0.0,7596.0,0.86016,1.034144,BLR,MEX,7373
2233356,29,138,1238,2018.0,0.0,45812.0,-0.242696,-0.558757,BLZ,MEX,7373
2233357,31,138,1238,2018.0,29242.0,341898.0,-1.069519,-0.942264,BOL,MEX,7373
2233358,32,138,1238,2018.0,1131311.0,365480.0,0.166542,0.718965,BRA,MEX,7373
2233359,33,138,1238,2018.0,0.0,1904.0,0.50894,0.043631,BRB,MEX,7373
2233360,39,138,1238,2018.0,10797776.0,12233756.0,0.60854,1.475283,CAN,MEX,7373
2233361,41,138,1238,2018.0,12813410.0,369654.0,2.173252,0.861742,CHE,MEX,7373
2233362,42,138,1238,2018.0,39647.0,332234.0,-0.24325300000000002,-0.350271,CHL,MEX,7373
2233363,43,138,1238,2018.0,43828144.0,5505958.0,1.378018,0.513572,CHN,MEX,7373
2233364,46,138,1238,2018.0,0.0,2115.0,-1.704339,-1.211619,COD,MEX,7373
2233365,49,138,1238,2018.0,71544.0,1071850.0,0.144073,-0.10276199999999999,COL,MEX,7373
2233366,52,138,1238,2018.0,2018.0,324908.0,0.27715,0.33261999999999997,CRI,MEX,7373
2233367,54,138,1238,2018.0,0.0,990208.0,-1.077539,-1.241754,CUB,MEX,7373
2233368,59,138,1238,2018.0,1441979.0,417226.0,1.8018669999999999,0.022382,CZE,MEX,7373
2233369,61,138,1238,2018.0,102306288.0,2895696.0,2.126861,-2.619524,DEU,MEX,7373
2233370,64,138,1238,2018.0,20026.0,0.0,1.094761,1.337348,DNK,MEX,7373
2233371,65,138,1238,2018.0,4374.0,196965.0,-0.205988,0.291906,DOM,MEX,7373
2233372,67,138,1238,2018.0,0.0,361770.0,-0.9813709999999999,-1.073273,ECU,MEX,7373
2233373,68,138,1238,2018.0,0.0,10015.0,-0.093935,1.6368610000000001,EGY,MEX,7373
2233374,71,138,1238,2018.0,8628905.0,430484.0,0.851197,2.261012,ESP,MEX,7373
2233375,72,138,1238,2018.0,0.0,5555.0,0.957627,1.294173,EST,MEX,7373
2233376,74,138,1238,2018.0,58267.0,302277.0,1.561518,1.0198450000000001,FIN,MEX,7373
2233377,77,138,1238,2018.0,7930120.0,1101523.0,1.3578540000000001,0.9033700000000001,FRA,MEX,7373
2233378,81,138,1238,2018.0,1692682.0,26600.0,1.481442,1.050259,GBR,MEX,7373
2233379,93,138,1238,2018.0,70451.0,1057069.0,-0.321177,0.6339090000000001,GTM,MEX,7373
2233380,96,138,1238,2018.0,0.0,1780.0,-0.83525,-1.040274,GUY,MEX,7373
2233381,97,138,1238,2018.0,546964.0,5508.0,0.8625149999999999,1.21001,HKG,MEX,7373
2233382,99,138,1238,2018.0,0.0,480489.0,-0.505516,-0.20719899999999997,HND,MEX,7373
2233383,100,138,1238,2018.0,1470.0,1820.0,0.8873559999999999,1.480788,HRV,MEX,7373
2233384,101,138,1238,2018.0,0.0,10027.0,-0.95605,-0.9751629999999999,HTI,MEX,7373
2233385,102,138,1238,2018.0,339844.0,12061.0,1.6983409999999999,0.693194,HUN,MEX,7373
2233386,103,138,1238,2018.0,12385.0,115218.0,-0.0009939999999999999,1.417371,IDN,MEX,7373
2233387,104,138,1238,2018.0,761677.0,256508.0,0.536561,2.450287,IND,MEX,7373
2233388,106,138,1238,2018.0,248063.0,148842.0,1.3647,0.094596,IRL,MEX,7373
2233389,109,138,1238,2018.0,0.0,1463.0,0.161776,-0.293048,ISL,MEX,7373
2233390,110,138,1238,2018.0,17495.0,218249.0,1.205666,1.001693,ISR,MEX,7373
2233391,111,138,1238,2018.0,10382880.0,164154.0,1.4594799999999999,0.05113,ITA,MEX,7373
2233392,112,138,1238,2018.0,0.0,25168.0,-0.210475,-0.808499,JAM,MEX,7373
2233393,114,138,1238,2018.0,122280080.0,2690008.0,2.480327,-0.559793,JPN,MEX,7373
2233394,115,138,1238,2018.0,0.0,9055.0,-0.625674,-0.605028,KAZ,MEX,7373
2233395,116,138,1238,2018.0,0.0,2109.0,-0.381632,0.460819,KEN,MEX,7373
2233396,117,138,1238,2018.0,0.0,13992.0,0.000495,0.601278,KGZ,MEX,7373
2233397,121,138,1238,2018.0,21241554.0,2217204.0,2.139149,0.795045,KOR,MEX,7373
2233398,122,138,1238,2018.0,0.0,35268.0,-0.790523,-1.136525,KWT,MEX,7373
2233399,124,138,1238,2018.0,0.0,3903.0,0.37832899999999997,1.077452,LBN,MEX,7373
2233400,131,138,1238,2018.0,2920.0,0.0,1.098797,1.390282,LUX,MEX,7373
2233401,134,138,1238,2018.0,0.0,69613.0,-0.57445,-0.14461400000000002,MAR,MEX,7373
2233402,135,138,1238,2018.0,1046.0,0.0,-0.222348,-0.091067,MDA,MEX,7373
2233403,140,138,1238,2018.0,0.0,2252.0,0.056548,-0.273964,MKD,MEX,7373
2233404,145,138,1238,2018.0,0.0,2088.0,-0.892013,-1.115228,MNG,MEX,7373
2233405,151,138,1238,2018.0,0.0,3118.0,-0.268625,0.104254,MUS,MEX,7373
2233406,153,138,1238,2018.0,362140.0,105906.0,1.047185,0.732742,MYS,MEX,7373
2233407,160,138,1238,2018.0,0.0,973309.0,-0.8788790000000001,-0.747015,NIC,MEX,7373
2233408,162,138,1238,2018.0,3372326.0,12255910.0,1.060964,1.491808,NLD,MEX,7373
2233409,163,138,1238,2018.0,26676.0,118313.0,0.359254,-0.059994000000000006,NOR,MEX,7373
2233410,166,138,1238,2018.0,0.0,58182.0,0.113398,0.017740000000000002,NZL,MEX,7373
2233411,167,138,1238,2018.0,0.0,11960.0,-0.513727,-0.9944280000000001,OMN,MEX,7373
2233412,168,138,1238,2018.0,0.0,5342.0,-0.737637,0.274296,PAK,MEX,7373
2233413,169,138,1238,2018.0,35704.0,477850.0,0.007061,-0.13867100000000002,PAN,MEX,7373
2233414,173,138,1238,2018.0,16601.0,401305.0,-0.842934,-0.302396,PER,MEX,7373
2233415,174,138,1238,2018.0,283834.0,18717.0,0.7233649999999999,0.23715300000000003,PHL,MEX,7373
2233416,177,138,1238,2018.0,4333224.0,1039203.0,1.1323860000000001,1.1465040000000002,POL,MEX,7373
2233417,179,138,1238,2018.0,792738.0,12620.0,0.787381,1.959475,PRT,MEX,7373
2233418,182,138,1238,2018.0,0.0,3581.0,-0.167505,-0.7041350000000001,PYF,MEX,7373
2233419,183,138,1238,2018.0,0.0,47684.0,-0.291537,-1.022145,QAT,MEX,7373
2233420,185,138,1238,2018.0,390641.0,1325.0,1.1458030000000001,1.194413,ROU,MEX,7373
2233421,186,138,1238,2018.0,39999.0,588059.0,-0.079971,0.11098599999999999,RUS,MEX,7373
2233422,188,138,1238,2018.0,0.0,1059112.0,0.600485,-0.450466,SAU,MEX,7373
2233423,192,138,1238,2018.0,964870.0,299476.0,1.870268,0.672214,SGP,MEX,7373
2233424,197,138,1238,2018.0,0.0,572472.0,0.07891799999999999,0.219075,SLV,MEX,7373
2233425,201,138,1238,2018.0,114654.0,35268.0,0.665772,1.552409,SRB,MEX,7373
2233426,206,138,1238,2018.0,756243.0,150850.0,1.445669,0.9135850000000001,SVK,MEX,7373
2233427,207,138,1238,2018.0,94497.0,80536.0,1.623183,0.7150850000000001,SVN,MEX,7373
2233428,208,138,1238,2018.0,272157.0,2286.0,1.7254209999999999,0.638757,SWE,MEX,7373
2233429,209,138,1238,2018.0,293586.0,0.0,-0.136719,-0.38962800000000003,SWZ,MEX,7373
2233430,216,138,1238,2018.0,1057667.0,284006.0,1.188923,1.264666,THA,MEX,7373
2233431,222,138,1238,2018.0,0.0,51284.0,-0.32209299999999996,-1.0651540000000002,TTO,MEX,7373
2233432,223,138,1238,2018.0,0.0,153065.0,0.39611799999999997,1.252702,TUN,MEX,7373
2233433,224,138,1238,2018.0,312937.0,833118.0,0.5883510000000001,2.357541,TUR,MEX,7373
2233434,228,138,1238,2018.0,0.0,11865.0,0.3281,1.0037459999999998,UKR,MEX,7373
2233435,230,138,1238,2018.0,0.0,3172.0,0.016527,-0.250715,URY,MEX,7373
2233436,231,138,1238,2018.0,386882400.0,129303176.0,1.5527739999999999,0.288577,USA,MEX,7373
2233437,236,138,1238,2018.0,0.0,20337.0,-1.180083,-1.23326,VEN,MEX,7373
2233438,239,138,1238,2018.0,60855.0,259351.0,0.111848,0.915842,VNM,MEX,7373
2233439,246,138,1238,2018.0,53919.0,368133.0,-0.053311000000000004,1.45561,ZAF,MEX,7373
2233440,249,138,1238,2018.0,1035052.0,132682.0,2.0283580000000003,1.1648319999999999,TWN,MEX,7373
2233441,250,138,1238,2018.0,53962.0,0.0,0.760441,-0.310861,ANS,MEX,7373
2233442,7,153,1238,2018.0,3547110.0,661622.0,-0.020214,-0.570049,ARE,MYS,7373
2233443,8,153,1238,2018.0,0.0,10580.0,-0.239502,0.297865,ARG,MYS,7373
2233444,14,153,1238,2018.0,328153.0,456816.0,-0.5578930000000001,-0.15666300000000002,AUS,MYS,7373
2233445,15,153,1238,2018.0,3021940.0,50300.0,1.798687,-0.557271,AUT,MYS,7373
2233446,18,153,1238,2018.0,125953.0,30975.0,1.244674,1.1368969999999998,BEL,MYS,7373
2233447,22,153,1238,2018.0,0.0,95865.0,-0.9003549999999999,-1.1066610000000001,BGD,MYS,7373
2233448,23,153,1238,2018.0,662979.0,49160.0,0.516917,1.915288,BGR,MYS,7373
2233449,24,153,1238,2018.0,0.0,3771.0,0.335652,-0.646621,BHR,MYS,7373
2233450,26,153,1238,2018.0,5436.0,0.0,0.676528,0.8948299999999999,BIH,MYS,7373
2233451,32,153,1238,2018.0,19225.0,476647.0,0.166542,0.718965,BRA,MYS,7373
2233452,34,153,1238,2018.0,36408.0,204957.0,-0.360468,-0.826729,BRN,MYS,7373
2233453,39,153,1238,2018.0,161604.0,139588.0,0.60854,1.475283,CAN,MYS,7373
2233454,41,153,1238,2018.0,4399994.0,237000.0,2.173252,0.861742,CHE,MYS,7373
2233455,42,153,1238,2018.0,0.0,5861.0,-0.24325300000000002,-0.350271,CHL,MYS,7373
2233456,43,153,1238,2018.0,36405552.0,1734035.0,1.378018,0.513572,CHN,MYS,7373
2233457,45,153,1238,2018.0,4155.0,0.0,-1.2144,-1.0318260000000001,CMR,MYS,7373
2233458,46,153,1238,2018.0,0.0,23664.0,-1.704339,-1.211619,COD,MYS,7373
2233459,52,153,1238,2018.0,3879.0,2361.0,0.27715,0.33261999999999997,CRI,MYS,7373
2233460,59,153,1238,2018.0,364976.0,56020.0,1.8018669999999999,0.022382,CZE,MYS,7373
2233461,61,153,1238,2018.0,10276397.0,941308.0,2.126861,-2.619524,DEU,MYS,7373
2233462,64,153,1238,2018.0,78563.0,6904.0,1.094761,1.337348,DNK,MYS,7373
2233463,68,153,1238,2018.0,0.0,61715.0,-0.093935,1.6368610000000001,EGY,MYS,7373
2233464,71,153,1238,2018.0,69368.0,37720.0,0.851197,2.261012,ESP,MYS,7373
2233465,74,153,1238,2018.0,278614.0,32913.0,1.561518,1.0198450000000001,FIN,MYS,7373
2233466,77,153,1238,2018.0,3681949.0,595203.0,1.3578540000000001,0.9033700000000001,FRA,MYS,7373
2233467,81,153,1238,2018.0,895260.0,115418.0,1.481442,1.050259,GBR,MYS,7373
2233468,83,153,1238,2018.0,0.0,14973.0,-0.769089,-0.8389200000000001,GHA,MYS,7373
2233469,90,153,1238,2018.0,0.0,3430.0,0.069841,0.922895,GRC,MYS,7373
2233470,97,153,1238,2018.0,5594215.0,822810.0,0.8625149999999999,1.21001,HKG,MYS,7373
2233471,102,153,1238,2018.0,0.0,19687.0,1.6983409999999999,0.693194,HUN,MYS,7373
2233472,103,153,1238,2018.0,1166110.0,1994558.0,-0.0009939999999999999,1.417371,IDN,MYS,7373
2233473,104,153,1238,2018.0,960979.0,304062.0,0.536561,2.450287,IND,MYS,7373
2233474,106,153,1238,2018.0,21305.0,3087.0,1.3647,0.094596,IRL,MYS,7373
2233475,107,153,1238,2018.0,0.0,5274.0,-0.290723,-0.430805,IRN,MYS,7373
2233476,108,153,1238,2018.0,0.0,25142.0,-0.627753,-0.983086,IRQ,MYS,7373
2233477,110,153,1238,2018.0,0.0,11202.0,1.205666,1.001693,ISR,MYS,7373
2233478,111,153,1238,2018.0,633070.0,238941.0,1.4594799999999999,0.05113,ITA,MYS,7373
2233479,114,153,1238,2018.0,24882204.0,2767302.0,2.480327,-0.559793,JPN,MYS,7373
2233480,116,153,1238,2018.0,0.0,209751.0,-0.381632,0.460819,KEN,MYS,7373
2233481,118,153,1238,2018.0,0.0,200275.0,-0.5513779999999999,-0.598237,KHM,MYS,7373
2233482,121,153,1238,2018.0,6534483.0,275927.0,2.139149,0.795045,KOR,MYS,7373
2233483,122,153,1238,2018.0,0.0,28028.0,-0.790523,-1.136525,KWT,MYS,7373
2233484,128,153,1238,2018.0,0.0,142919.0,-0.364093,0.347953,LKA,MYS,7373
2233485,131,153,1238,2018.0,180474.0,4401.0,1.098797,1.390282,LUX,MYS,7373
2233486,137,153,1238,2018.0,0.0,18259.0,-1.128674,-1.053328,MDV,MYS,7373
2233487,138,153,1238,2018.0,105906.0,362140.0,1.272851,0.646359,MEX,MYS,7373
2233488,142,153,1238,2018.0,0.0,2147.0,0.860195,0.281449,MLT,MYS,7373
2233489,143,153,1238,2018.0,58809.0,100388.0,-0.9970469999999999,-0.28486,MMR,MYS,7373
2233490,159,153,1238,2018.0,192526.0,451942.0,-1.839074,-1.29837,NGA,MYS,7373
2233491,162,153,1238,2018.0,774694.0,107007.0,1.060964,1.491808,NLD,MYS,7373
2233492,163,153,1238,2018.0,18161.0,13305.0,0.359254,-0.059994000000000006,NOR,MYS,7373
2233493,166,153,1238,2018.0,192125.0,148279.0,0.113398,0.017740000000000002,NZL,MYS,7373
2233494,168,153,1238,2018.0,0.0,187161.0,-0.737637,0.274296,PAK,MYS,7373
2233495,173,153,1238,2018.0,0.0,203568.0,-0.842934,-0.302396,PER,MYS,7373
2233496,174,153,1238,2018.0,3135.0,625105.0,0.7233649999999999,0.23715300000000003,PHL,MYS,7373
2233497,176,153,1238,2018.0,0.0,43915.0,-1.7208310000000002,-1.2635370000000001,PNG,MYS,7373
2233498,177,153,1238,2018.0,97438.0,52026.0,1.1323860000000001,1.1465040000000002,POL,MYS,7373
2233499,183,153,1238,2018.0,99113.0,37649.0,-0.291537,-1.022145,QAT,MYS,7373
2233500,185,153,1238,2018.0,0.0,3011.0,1.1458030000000001,1.194413,ROU,MYS,7373
2233501,186,153,1238,2018.0,0.0,97670.0,-0.079971,0.11098599999999999,RUS,MYS,7373
2233502,188,153,1238,2018.0,98596.0,1048113.0,0.600485,-0.450466,SAU,MYS,7373
2233503,190,153,1238,2018.0,0.0,30075.0,-1.3426719999999999,-1.1851909999999999,SDN,MYS,7373
2233504,192,153,1238,2018.0,9433018.0,15003952.0,1.870268,0.672214,SGP,MYS,7373
2233505,195,153,1238,2018.0,0.0,83208.0,-1.09344,-0.976073,SLB,MYS,7373
2233506,205,153,1238,2018.0,0.0,42738.0,-0.721134,-1.069008,SUR,MYS,7373
2233507,206,153,1238,2018.0,56641.0,47998.0,1.445669,0.9135850000000001,SVK,MYS,7373
2233508,207,153,1238,2018.0,16395.0,16525.0,1.623183,0.7150850000000001,SVN,MYS,7373
2233509,208,153,1238,2018.0,82062.0,3399.0,1.7254209999999999,0.638757,SWE,MYS,7373
2233510,216,153,1238,2018.0,10898036.0,6197614.0,1.188923,1.264666,THA,MYS,7373
2233511,220,153,1238,2018.0,0.0,2069.0,-0.15203,-0.7739590000000001,TLS,MYS,7373
2233512,222,153,1238,2018.0,0.0,4555.0,-0.32209299999999996,-1.0651540000000002,TTO,MYS,7373
2233513,224,153,1238,2018.0,30210.0,3612.0,0.5883510000000001,2.357541,TUR,MYS,7373
2233514,225,153,1238,2018.0,0.0,1934.0,1.029518,-0.8350360000000001,TUV,MYS,7373
2233515,227,153,1238,2018.0,0.0,4311.0,-0.569114,0.36182800000000004,UGA,MYS,7373
2233516,228,153,1238,2018.0,52660.0,0.0,0.3281,1.0037459999999998,UKR,MYS,7373
2233517,231,153,1238,2018.0,7617962.0,1913798.0,1.5527739999999999,0.288577,USA,MYS,7373
2233518,239,153,1238,2018.0,184804.0,461502.0,0.111848,0.915842,VNM,MYS,7373
2233519,242,153,1238,2018.0,0.0,2987.0,0.18920399999999998,0.27458299999999997,WSM,MYS,7373
2233520,246,153,1238,2018.0,0.0,23696.0,-0.053311000000000004,1.45561,ZAF,MYS,7373
2233521,249,153,1238,2018.0,4455212.0,281046.0,2.0283580000000003,1.1648319999999999,TWN,MYS,7373
2233522,8,160,1238,2018.0,1613.0,0.0,-0.239502,0.297865,ARG,NIC,7373
2233523,32,160,1238,2018.0,14049.0,0.0,0.166542,0.718965,BRA,NIC,7373
2233524,39,160,1238,2018.0,3282.0,0.0,0.60854,1.475283,CAN,NIC,7373
2233525,41,160,1238,2018.0,29766.0,0.0,2.173252,0.861742,CHE,NIC,7373
2233526,43,160,1238,2018.0,541871.0,0.0,1.378018,0.513572,CHN,NIC,7373
2233527,49,160,1238,2018.0,4234.0,0.0,0.144073,-0.10276199999999999,COL,NIC,7373
2233528,52,160,1238,2018.0,16440.0,6632.0,0.27715,0.33261999999999997,CRI,NIC,7373
2233529,59,160,1238,2018.0,21642.0,0.0,1.8018669999999999,0.022382,CZE,NIC,7373
2233530,61,160,1238,2018.0,252781.0,0.0,2.126861,-2.619524,DEU,NIC,7373
2233531,65,160,1238,2018.0,2824.0,0.0,-0.205988,0.291906,DOM,NIC,7373
2233532,71,160,1238,2018.0,5256.0,0.0,0.851197,2.261012,ESP,NIC,7373
2233533,81,160,1238,2018.0,1505.0,0.0,1.481442,1.050259,GBR,NIC,7373
2233534,93,160,1238,2018.0,53556.0,88661.0,-0.321177,0.6339090000000001,GTM,NIC,7373
2233535,97,160,1238,2018.0,2371.0,0.0,0.8625149999999999,1.21001,HKG,NIC,7373
2233536,99,160,1238,2018.0,1270.0,1630.0,-0.505516,-0.20719899999999997,HND,NIC,7373
2233537,104,160,1238,2018.0,7265.0,0.0,0.536561,2.450287,IND,NIC,7373
2233538,106,160,1238,2018.0,0.0,5552.0,1.3647,0.094596,IRL,NIC,7373
2233539,111,160,1238,2018.0,2402.0,0.0,1.4594799999999999,0.05113,ITA,NIC,7373
2233540,121,160,1238,2018.0,1255.0,0.0,2.139149,0.795045,KOR,NIC,7373
2233541,138,160,1238,2018.0,973309.0,0.0,1.272851,0.646359,MEX,NIC,7373
2233542,166,160,1238,2018.0,15643.0,0.0,0.113398,0.017740000000000002,NZL,NIC,7373
2233543,173,160,1238,2018.0,8315.0,0.0,-0.842934,-0.302396,PER,NIC,7373
2233544,177,160,1238,2018.0,1699.0,0.0,1.1323860000000001,1.1465040000000002,POL,NIC,7373
2233545,197,160,1238,2018.0,25211.0,19785.0,0.07891799999999999,0.219075,SLV,NIC,7373
2233546,224,160,1238,2018.0,2466.0,0.0,0.5883510000000001,2.357541,TUR,NIC,7373
2233547,231,160,1238,2018.0,728776.0,0.0,1.5527739999999999,0.288577,USA,NIC,7373
2233548,246,160,1238,2018.0,0.0,234513.0,-0.053311000000000004,1.45561,ZAF,NIC,7373
2233549,249,160,1238,2018.0,5630.0,0.0,2.0283580000000003,1.1648319999999999,TWN,NIC,7373
2233550,0,162,1238,2018.0,0.0,17208.0,0.800212,0.174964,ABW,NLD,7373
2233551,2,162,1238,2018.0,70566.0,69765.0,-1.6785400000000001,-1.2244030000000001,AGO,NLD,7373
2233552,4,162,1238,2018.0,0.0,24631.0,-0.403248,-0.180523,ALB,NLD,7373
2233553,7,162,1238,2018.0,202686.0,4760170.0,-0.020214,-0.570049,ARE,NLD,7373
2233554,8,162,1238,2018.0,3150.0,89582.0,-0.239502,0.297865,ARG,NLD,7373
2233555,9,162,1238,2018.0,0.0,2207.0,-0.42181499999999994,-0.663385,ARM,NLD,7373
2233556,13,162,1238,2018.0,0.0,1677.0,-0.120975,-0.721043,ATG,NLD,7373
2233557,14,162,1238,2018.0,8814.0,2212349.0,-0.5578930000000001,-0.15666300000000002,AUS,NLD,7373
2233558,15,162,1238,2018.0,7639738.0,2255694.0,1.798687,-0.557271,AUT,NLD,7373
2233559,16,162,1238,2018.0,3666.0,473211.0,-1.47928,-1.313633,AZE,NLD,7373
2233560,18,162,1238,2018.0,7668168.0,29263214.0,1.244674,1.1368969999999998,BEL,NLD,7373
2233561,20,162,1238,2018.0,0.0,5177.0,0.820852,-0.582549,BES,NLD,7373
2233562,21,162,1238,2018.0,0.0,3952.0,-0.625138,-0.848562,BFA,NLD,7373
2233563,22,162,1238,2018.0,0.0,374275.0,-0.9003549999999999,-1.1066610000000001,BGD,NLD,7373
2233564,23,162,1238,2018.0,43052.0,205375.0,0.516917,1.915288,BGR,NLD,7373
2233565,24,162,1238,2018.0,0.0,110867.0,0.335652,-0.646621,BHR,NLD,7373
2233566,25,162,1238,2018.0,0.0,8095.0,0.359908,-0.445567,BHS,NLD,7373
2233567,26,162,1238,2018.0,100105.0,87797.0,0.676528,0.8948299999999999,BIH,NLD,7373
2233568,28,162,1238,2018.0,0.0,5921.0,0.86016,1.034144,BLR,NLD,7373
2233569,31,162,1238,2018.0,0.0,6881.0,-1.069519,-0.942264,BOL,NLD,7373
2233570,32,162,1238,2018.0,0.0,607835.0,0.166542,0.718965,BRA,NLD,7373
2233571,39,162,1238,2018.0,261823.0,1333812.0,0.60854,1.475283,CAN,NLD,7373
2233572,41,162,1238,2018.0,9011231.0,3195610.0,2.173252,0.861742,CHE,NLD,7373
2233573,42,162,1238,2018.0,0.0,60314.0,-0.24325300000000002,-0.350271,CHL,NLD,7373
2233574,43,162,1238,2018.0,15338740.0,4189650.0,1.378018,0.513572,CHN,NLD,7373
2233575,44,162,1238,2018.0,0.0,67279.0,-1.021384,-0.898676,CIV,NLD,7373
2233576,45,162,1238,2018.0,0.0,20453.0,-1.2144,-1.0318260000000001,CMR,NLD,7373
2233577,49,162,1238,2018.0,0.0,20394.0,0.144073,-0.10276199999999999,COL,NLD,7373
2233578,52,162,1238,2018.0,36902.0,0.0,0.27715,0.33261999999999997,CRI,NLD,7373
2233579,54,162,1238,2018.0,0.0,15094.0,-1.077539,-1.241754,CUB,NLD,7373
2233580,55,162,1238,2018.0,6665.0,248269.0,0.844115,-0.134234,CUW,NLD,7373
2233581,58,162,1238,2018.0,2110.0,123392.0,0.180009,-0.26353200000000004,CYP,NLD,7373
2233582,59,162,1238,2018.0,9127606.0,13156642.0,1.8018669999999999,0.022382,CZE,NLD,7373
2233583,61,162,1238,2018.0,47490696.0,45011572.0,2.126861,-2.619524,DEU,NLD,7373
2233584,63,162,1238,2018.0,0.0,24035.0,0.24612199999999998,-0.044363,DMA,NLD,7373
2233585,64,162,1238,2018.0,1004936.0,3395750.0,1.094761,1.337348,DNK,NLD,7373
2233586,65,162,1238,2018.0,0.0,13727.0,-0.205988,0.291906,DOM,NLD,7373
2233587,66,162,1238,2018.0,0.0,32286.0,-1.121185,-1.196891,DZA,NLD,7373
2233588,68,162,1238,2018.0,0.0,850220.0,-0.093935,1.6368610000000001,EGY,NLD,7373
2233589,71,162,1238,2018.0,2430704.0,4075618.0,0.851197,2.261012,ESP,NLD,7373
2233590,72,162,1238,2018.0,25409.0,257738.0,0.957627,1.294173,EST,NLD,7373
2233591,73,162,1238,2018.0,0.0,36108.0,-0.663343,-0.384372,ETH,NLD,7373
2233592,74,162,1238,2018.0,5000215.0,2334145.0,1.561518,1.0198450000000001,FIN,NLD,7373
2233593,77,162,1238,2018.0,6739139.0,18990474.0,1.3578540000000001,0.9033700000000001,FRA,NLD,7373
2233594,78,162,1238,2018.0,0.0,6985.0,-1.2035120000000001,-1.0473700000000001,FRO,NLD,7373
2233595,81,162,1238,2018.0,3616152.0,11844115.0,1.481442,1.050259,GBR,NLD,7373
2233596,82,162,1238,2018.0,0.0,17807.0,-0.059633000000000005,-0.073048,GEO,NLD,7373
2233597,83,162,1238,2018.0,0.0,47391.0,-0.769089,-0.8389200000000001,GHA,NLD,7373
2233598,85,162,1238,2018.0,0.0,1579.0,-1.3262909999999999,-1.237056,GIN,NLD,7373
2233599,89,162,1238,2018.0,0.0,34858.0,-2.065257,-0.986057,GNQ,NLD,7373
2233600,90,162,1238,2018.0,19492.0,450144.0,0.069841,0.922895,GRC,NLD,7373
2233601,91,162,1238,2018.0,0.0,1007.0,0.508417,-0.198203,GRD,NLD,7373
2233602,93,162,1238,2018.0,0.0,2984.0,-0.321177,0.6339090000000001,GTM,NLD,7373
2233603,96,162,1238,2018.0,0.0,3692.0,-0.83525,-1.040274,GUY,NLD,7373
2233604,97,162,1238,2018.0,103078.0,384607.0,0.8625149999999999,1.21001,HKG,NLD,7373
2233605,100,162,1238,2018.0,88820.0,185864.0,0.8873559999999999,1.480788,HRV,NLD,7373
2233606,102,162,1238,2018.0,108131.0,7460808.0,1.6983409999999999,0.693194,HUN,NLD,7373
2233607,103,162,1238,2018.0,16592.0,199690.0,-0.0009939999999999999,1.417371,IDN,NLD,7373
2233608,104,162,1238,2018.0,3241215.0,5678544.0,0.536561,2.450287,IND,NLD,7373
2233609,106,162,1238,2018.0,532898.0,1522591.0,1.3647,0.094596,IRL,NLD,7373
2233610,107,162,1238,2018.0,0.0,260839.0,-0.290723,-0.430805,IRN,NLD,7373
2233611,108,162,1238,2018.0,0.0,80656.0,-0.627753,-0.983086,IRQ,NLD,7373
2233612,109,162,1238,2018.0,0.0,464234.0,0.161776,-0.293048,ISL,NLD,7373
2233613,110,162,1238,2018.0,289207.0,516054.0,1.205666,1.001693,ISR,NLD,7373
2233614,111,162,1238,2018.0,11195857.0,8713834.0,1.4594799999999999,0.05113,ITA,NLD,7373
2233615,112,162,1238,2018.0,19350.0,2395.0,-0.210475,-0.808499,JAM,NLD,7373
2233616,113,162,1238,2018.0,0.0,3542.0,0.125467,0.382625,JOR,NLD,7373
2233617,114,162,1238,2018.0,13259141.0,3498181.0,2.480327,-0.559793,JPN,NLD,7373
2233618,115,162,1238,2018.0,172206.0,124907.0,-0.625674,-0.605028,KAZ,NLD,7373
2233619,116,162,1238,2018.0,0.0,33447.0,-0.381632,0.460819,KEN,NLD,7373
2233620,118,162,1238,2018.0,0.0,2459.0,-0.5513779999999999,-0.598237,KHM,NLD,7373
2233621,121,162,1238,2018.0,1252010.0,2080652.0,2.139149,0.795045,KOR,NLD,7373
2233622,122,162,1238,2018.0,7280.0,312504.0,-0.790523,-1.136525,KWT,NLD,7373
2233623,124,162,1238,2018.0,0.0,5065.0,0.37832899999999997,1.077452,LBN,NLD,7373
2233624,128,162,1238,2018.0,0.0,103125.0,-0.364093,0.347953,LKA,NLD,7373
2233625,130,162,1238,2018.0,93583.0,399141.0,0.839052,1.5688790000000001,LTU,NLD,7373
2233626,131,162,1238,2018.0,236462.0,637028.0,1.098797,1.390282,LUX,NLD,7373
2233627,132,162,1238,2018.0,19074.0,263195.0,0.6984560000000001,1.29918,LVA,NLD,7373
2233628,133,162,1238,2018.0,0.0,3624.0,0.358075,0.081041,MAC,NLD,7373
2233629,134,162,1238,2018.0,10923.0,248179.0,-0.57445,-0.14461400000000002,MAR,NLD,7373
2233630,135,162,1238,2018.0,0.0,141307.0,-0.222348,-0.091067,MDA,NLD,7373
2233631,136,162,1238,2018.0,0.0,1511.0,-1.056786,-0.9160709999999999,MDG,NLD,7373
2233632,138,162,1238,2018.0,12255910.0,3372326.0,1.272851,0.646359,MEX,NLD,7373
2233633,140,162,1238,2018.0,0.0,209538.0,0.056548,-0.273964,MKD,NLD,7373
2233634,141,162,1238,2018.0,0.0,9234.0,-0.805876,-0.907854,MLI,NLD,7373
2233635,142,162,1238,2018.0,2220.0,78866.0,0.860195,0.281449,MLT,NLD,7373
2233636,145,162,1238,2018.0,0.0,194621.0,-0.892013,-1.115228,MNG,NLD,7373
2233637,151,162,1238,2018.0,0.0,1470.0,-0.268625,0.104254,MUS,NLD,7373
2233638,152,162,1238,2018.0,0.0,3254.0,-0.717512,-0.8799450000000001,MWI,NLD,7373
2233639,153,162,1238,2018.0,107007.0,774694.0,1.047185,0.732742,MYS,NLD,7373
2233640,155,162,1238,2018.0,0.0,9102.0,-0.45412600000000003,-0.673077,NAM,NLD,7373
2233641,159,162,1238,2018.0,0.0,1116432.0,-1.839074,-1.29837,NGA,NLD,7373
2233642,163,162,1238,2018.0,260097.0,1815858.0,0.359254,-0.059994000000000006,NOR,NLD,7373
2233643,166,162,1238,2018.0,0.0,54933.0,0.113398,0.017740000000000002,NZL,NLD,7373
2233644,167,162,1238,2018.0,10847.0,230602.0,-0.513727,-0.9944280000000001,OMN,NLD,7373
2233645,168,162,1238,2018.0,3431.0,74681.0,-0.737637,0.274296,PAK,NLD,7373
2233646,169,162,1238,2018.0,278746.0,1598.0,0.007061,-0.13867100000000002,PAN,NLD,7373
2233647,173,162,1238,2018.0,0.0,2034.0,-0.842934,-0.302396,PER,NLD,7373
2233648,174,162,1238,2018.0,410434.0,145321.0,0.7233649999999999,0.23715300000000003,PHL,NLD,7373
2233649,176,162,1238,2018.0,0.0,68174.0,-1.7208310000000002,-1.2635370000000001,PNG,NLD,7373
2233650,177,162,1238,2018.0,4522912.0,51052120.0,1.1323860000000001,1.1465040000000002,POL,NLD,7373
2233651,179,162,1238,2018.0,158489.0,4021621.0,0.787381,1.959475,PRT,NLD,7373
2233652,180,162,1238,2018.0,0.0,4095.0,-0.504343,-0.8482040000000001,PRY,NLD,7373
2233653,181,162,1238,2018.0,0.0,7005.0,0.260898,0.79366,PSE,NLD,7373
2233654,182,162,1238,2018.0,0.0,5194.0,-0.167505,-0.7041350000000001,PYF,NLD,7373
2233655,183,162,1238,2018.0,665281.0,70195.0,-0.291537,-1.022145,QAT,NLD,7373
2233656,185,162,1238,2018.0,2347722.0,6069840.0,1.1458030000000001,1.194413,ROU,NLD,7373
2233657,186,162,1238,2018.0,107236.0,3150145.0,-0.079971,0.11098599999999999,RUS,NLD,7373
2233658,188,162,1238,2018.0,847220.0,704504.0,0.600485,-0.450466,SAU,NLD,7373
2233659,192,162,1238,2018.0,1531292.0,1285816.0,1.870268,0.672214,SGP,NLD,7373
2233660,196,162,1238,2018.0,0.0,37832.0,-0.17023,-0.25755700000000004,SLE,NLD,7373
2233661,201,162,1238,2018.0,40280.0,926937.0,0.665772,1.552409,SRB,NLD,7373
2233662,205,162,1238,2018.0,0.0,45111.0,-0.721134,-1.069008,SUR,NLD,7373
2233663,206,162,1238,2018.0,5913501.0,4962350.0,1.445669,0.9135850000000001,SVK,NLD,7373
2233664,207,162,1238,2018.0,382708.0,1343990.0,1.623183,0.7150850000000001,SVN,NLD,7373
2233665,208,162,1238,2018.0,1207207.0,2846153.0,1.7254209999999999,0.638757,SWE,NLD,7373
2233666,210,162,1238,2018.0,3112.0,3529.0,1.1925059999999998,-0.707432,SXM,NLD,7373
2233667,216,162,1238,2018.0,396322.0,1479644.0,1.188923,1.264666,THA,NLD,7373
2233668,219,162,1238,2018.0,15991.0,0.0,-0.802551,-1.154068,TKM,NLD,7373
2233669,223,162,1238,2018.0,0.0,889817.0,0.39611799999999997,1.252702,TUN,NLD,7373
2233670,224,162,1238,2018.0,2637562.0,2676085.0,0.5883510000000001,2.357541,TUR,NLD,7373
2233671,226,162,1238,2018.0,0.0,75703.0,-0.12971300000000002,1.379649,TZA,NLD,7373
2233672,228,162,1238,2018.0,1572.0,462970.0,0.3281,1.0037459999999998,UKR,NLD,7373
2233673,231,162,1238,2018.0,27921514.0,20302562.0,1.5527739999999999,0.288577,USA,NLD,7373
2233674,232,162,1238,2018.0,0.0,335018.0,-0.485013,-0.390021,UZB,NLD,7373
2233675,239,162,1238,2018.0,0.0,309311.0,0.111848,0.915842,VNM,NLD,7373
2233676,246,162,1238,2018.0,94481.0,805026.0,-0.053311000000000004,1.45561,ZAF,NLD,7373
2233677,249,162,1238,2018.0,1826844.0,1073052.0,2.0283580000000003,1.1648319999999999,TWN,NLD,7373
2233678,250,162,1238,2018.0,24570.0,249665.0,0.760441,-0.310861,ANS,NLD,7373
2233679,4,163,1238,2018.0,4340.0,0.0,-0.403248,-0.180523,ALB,NOR,7373
2233680,7,163,1238,2018.0,0.0,345704.0,-0.020214,-0.570049,ARE,NOR,7373
2233681,14,163,1238,2018.0,28474.0,56311.0,-0.5578930000000001,-0.15666300000000002,AUS,NOR,7373
2233682,15,163,1238,2018.0,4391970.0,246307.0,1.798687,-0.557271,AUT,NOR,7373
2233683,16,163,1238,2018.0,0.0,45575.0,-1.47928,-1.313633,AZE,NOR,7373
2233684,18,163,1238,2018.0,69755.0,563793.0,1.244674,1.1368969999999998,BEL,NOR,7373
2233685,26,163,1238,2018.0,2977.0,0.0,0.676528,0.8948299999999999,BIH,NOR,7373
2233686,28,163,1238,2018.0,0.0,13500.0,0.86016,1.034144,BLR,NOR,7373
2233687,32,163,1238,2018.0,0.0,25693.0,0.166542,0.718965,BRA,NOR,7373
2233688,39,163,1238,2018.0,12399.0,131248.0,0.60854,1.475283,CAN,NOR,7373
2233689,41,163,1238,2018.0,1168059.0,190682.0,2.173252,0.861742,CHE,NOR,7373
2233690,42,163,1238,2018.0,0.0,5479.0,-0.24325300000000002,-0.350271,CHL,NOR,7373
2233691,43,163,1238,2018.0,436690.0,294834.0,1.378018,0.513572,CHN,NOR,7373
2233692,44,163,1238,2018.0,0.0,2916.0,-1.021384,-0.898676,CIV,NOR,7373
2233693,49,163,1238,2018.0,0.0,3191.0,0.144073,-0.10276199999999999,COL,NOR,7373
2233694,59,163,1238,2018.0,2005057.0,377573.0,1.8018669999999999,0.022382,CZE,NOR,7373
2233695,61,163,1238,2018.0,7254009.0,532260.0,2.126861,-2.619524,DEU,NOR,7373
2233696,64,163,1238,2018.0,2968416.0,209226.0,1.094761,1.337348,DNK,NOR,7373
2233697,66,163,1238,2018.0,0.0,32782.0,-1.121185,-1.196891,DZA,NOR,7373
2233698,68,163,1238,2018.0,0.0,14231.0,-0.093935,1.6368610000000001,EGY,NOR,7373
2233699,71,163,1238,2018.0,57496.0,244254.0,0.851197,2.261012,ESP,NOR,7373
2233700,72,163,1238,2018.0,289475.0,73463.0,0.957627,1.294173,EST,NOR,7373
2233701,74,163,1238,2018.0,4855407.0,258495.0,1.561518,1.0198450000000001,FIN,NOR,7373
2233702,77,163,1238,2018.0,786136.0,58445.0,1.3578540000000001,0.9033700000000001,FRA,NOR,7373
2233703,78,163,1238,2018.0,12252.0,2215.0,-1.2035120000000001,-1.0473700000000001,FRO,NOR,7373
2233704,81,163,1238,2018.0,2843198.0,2377332.0,1.481442,1.050259,GBR,NOR,7373
2233705,83,163,1238,2018.0,0.0,191854.0,-0.769089,-0.8389200000000001,GHA,NOR,7373
2233706,97,163,1238,2018.0,8559.0,100671.0,0.8625149999999999,1.21001,HKG,NOR,7373
2233707,100,163,1238,2018.0,0.0,2302.0,0.8873559999999999,1.480788,HRV,NOR,7373
2233708,102,163,1238,2018.0,17809.0,9681.0,1.6983409999999999,0.693194,HUN,NOR,7373
2233709,103,163,1238,2018.0,0.0,17534.0,-0.0009939999999999999,1.417371,IDN,NOR,7373
2233710,104,163,1238,2018.0,24322.0,49888.0,0.536561,2.450287,IND,NOR,7373
2233711,109,163,1238,2018.0,0.0,12870.0,0.161776,-0.293048,ISL,NOR,7373
2233712,111,163,1238,2018.0,2356970.0,506624.0,1.4594799999999999,0.05113,ITA,NOR,7373
2233713,114,163,1238,2018.0,399428.0,134012.0,2.480327,-0.559793,JPN,NOR,7373
2233714,121,163,1238,2018.0,260652.0,0.0,2.139149,0.795045,KOR,NOR,7373
2233715,124,163,1238,2018.0,0.0,1069.0,0.37832899999999997,1.077452,LBN,NOR,7373
2233716,130,163,1238,2018.0,53991.0,3347.0,0.839052,1.5688790000000001,LTU,NOR,7373
2233717,132,163,1238,2018.0,3190.0,14456.0,0.6984560000000001,1.29918,LVA,NOR,7373
2233718,133,163,1238,2018.0,35942.0,0.0,0.358075,0.081041,MAC,NOR,7373
2233719,138,163,1238,2018.0,118313.0,26676.0,1.272851,0.646359,MEX,NOR,7373
2233720,144,163,1238,2018.0,2585.0,0.0,0.166157,0.132633,MNE,NOR,7373
2233721,151,163,1238,2018.0,0.0,19815.0,-0.268625,0.104254,MUS,NOR,7373
2233722,153,163,1238,2018.0,13305.0,18161.0,1.047185,0.732742,MYS,NOR,7373
2233723,162,163,1238,2018.0,1815858.0,260097.0,1.060964,1.491808,NLD,NOR,7373
2233724,166,163,1238,2018.0,0.0,1245.0,0.113398,0.017740000000000002,NZL,NOR,7373
2233725,177,163,1238,2018.0,450173.0,126146.0,1.1323860000000001,1.1465040000000002,POL,NOR,7373
2233726,179,163,1238,2018.0,4287.0,0.0,0.787381,1.959475,PRT,NOR,7373
2233727,183,163,1238,2018.0,0.0,70047.0,-0.291537,-1.022145,QAT,NOR,7373
2233728,185,163,1238,2018.0,53523.0,46700.0,1.1458030000000001,1.194413,ROU,NOR,7373
2233729,186,163,1238,2018.0,0.0,107249.0,-0.079971,0.11098599999999999,RUS,NOR,7373
2233730,188,163,1238,2018.0,0.0,139065.0,0.600485,-0.450466,SAU,NOR,7373
2233731,192,163,1238,2018.0,171103.0,76455.0,1.870268,0.672214,SGP,NOR,7373
2233732,201,163,1238,2018.0,0.0,1545.0,0.665772,1.552409,SRB,NOR,7373
2233733,206,163,1238,2018.0,18623.0,2181.0,1.445669,0.9135850000000001,SVK,NOR,7373
2233734,207,163,1238,2018.0,3148.0,0.0,1.623183,0.7150850000000001,SVN,NOR,7373
2233735,208,163,1238,2018.0,5032318.0,1177360.0,1.7254209999999999,0.638757,SWE,NOR,7373
2233736,216,163,1238,2018.0,7034.0,0.0,1.188923,1.264666,THA,NOR,7373
2233737,222,163,1238,2018.0,0.0,3058.0,-0.32209299999999996,-1.0651540000000002,TTO,NOR,7373
2233738,224,163,1238,2018.0,46461.0,480072.0,0.5883510000000001,2.357541,TUR,NOR,7373
2233739,228,163,1238,2018.0,0.0,28053.0,0.3281,1.0037459999999998,UKR,NOR,7373
2233740,230,163,1238,2018.0,141180.0,0.0,0.016527,-0.250715,URY,NOR,7373
2233741,231,163,1238,2018.0,1795126.0,1747318.0,1.5527739999999999,0.288577,USA,NOR,7373
2233742,239,163,1238,2018.0,1389.0,509712.0,0.111848,0.915842,VNM,NOR,7373
2233743,246,163,1238,2018.0,0.0,33981.0,-0.053311000000000004,1.45561,ZAF,NOR,7373
2233744,249,163,1238,2018.0,68398.0,0.0,2.0283580000000003,1.1648319999999999,TWN,NOR,7373
2233745,10,166,1238,2018.0,0.0,18453.0,0.9338049999999999,-0.266333,ASM,NZL,7373
2233746,14,166,1238,2018.0,4074958.0,1750426.0,-0.5578930000000001,-0.15666300000000002,AUS,NZL,7373
2233747,15,166,1238,2018.0,488732.0,9087.0,1.798687,-0.557271,AUT,NZL,7373
2233748,18,166,1238,2018.0,24637.0,0.0,1.244674,1.1368969999999998,BEL,NZL,7373
2233749,23,166,1238,2018.0,1077.0,0.0,0.516917,1.915288,BGR,NZL,7373
2233750,30,166,1238,2018.0,1544.0,0.0,0.423382,-0.559448,BMU,NZL,7373
2233751,32,166,1238,2018.0,3399.0,0.0,0.166542,0.718965,BRA,NZL,7373
2233752,39,166,1238,2018.0,30498.0,17692.0,0.60854,1.475283,CAN,NZL,7373
2233753,41,166,1238,2018.0,1265515.0,0.0,2.173252,0.861742,CHE,NZL,7373
2233754,42,166,1238,2018.0,0.0,4385.0,-0.24325300000000002,-0.350271,CHL,NZL,7373
2233755,43,166,1238,2018.0,4991866.0,2213906.0,1.378018,0.513572,CHN,NZL,7373
2233756,48,166,1238,2018.0,0.0,14278.0,0.9972559999999999,-0.46956000000000003,COK,NZL,7373
2233757,59,166,1238,2018.0,482500.0,0.0,1.8018669999999999,0.022382,CZE,NZL,7373
2233758,61,166,1238,2018.0,2548000.0,30548.0,2.126861,-2.619524,DEU,NZL,7373
2233759,64,166,1238,2018.0,70721.0,0.0,1.094761,1.337348,DNK,NZL,7373
2233760,71,166,1238,2018.0,5924.0,0.0,0.851197,2.261012,ESP,NZL,7373
2233761,74,166,1238,2018.0,419105.0,1562.0,1.561518,1.0198450000000001,FIN,NZL,7373
2233762,75,166,1238,2018.0,36607.0,69292.0,-0.31149299999999996,0.198303,FJI,NZL,7373
2233763,76,166,1238,2018.0,0.0,4567.0,-1.245106,-1.02129,FLK,NZL,7373
2233764,77,166,1238,2018.0,116532.0,0.0,1.3578540000000001,0.9033700000000001,FRA,NZL,7373
2233765,81,166,1238,2018.0,372264.0,0.0,1.481442,1.050259,GBR,NZL,7373
2233766,97,166,1238,2018.0,27610.0,0.0,0.8625149999999999,1.21001,HKG,NZL,7373
2233767,102,166,1238,2018.0,57710.0,0.0,1.6983409999999999,0.693194,HUN,NZL,7373
2233768,103,166,1238,2018.0,18422.0,2630.0,-0.0009939999999999999,1.417371,IDN,NZL,7373
2233769,104,166,1238,2018.0,9838.0,3307.0,0.536561,2.450287,IND,NZL,7373
2233770,106,166,1238,2018.0,11284.0,0.0,1.3647,0.094596,IRL,NZL,7373
2233771,110,166,1238,2018.0,3074.0,3494.0,1.205666,1.001693,ISR,NZL,7373
2233772,111,166,1238,2018.0,1080471.0,4029.0,1.4594799999999999,0.05113,ITA,NZL,7373
2233773,114,166,1238,2018.0,669794.0,26186.0,2.480327,-0.559793,JPN,NZL,7373
2233774,121,166,1238,2018.0,362422.0,2057.0,2.139149,0.795045,KOR,NZL,7373
2233775,122,166,1238,2018.0,0.0,6770.0,-0.790523,-1.136525,KWT,NZL,7373
2233776,138,166,1238,2018.0,58182.0,0.0,1.272851,0.646359,MEX,NZL,7373
2233777,151,166,1238,2018.0,10724.0,0.0,-0.268625,0.104254,MUS,NZL,7373
2233778,153,166,1238,2018.0,148279.0,192125.0,1.047185,0.732742,MYS,NZL,7373
2233779,156,166,1238,2018.0,0.0,9665.0,-0.260395,-0.805425,NCL,NZL,7373
2233780,160,166,1238,2018.0,0.0,15643.0,-0.8788790000000001,-0.747015,NIC,NZL,7373
2233781,161,166,1238,2018.0,0.0,3504.0,1.161628,-0.780844,NIU,NZL,7373
2233782,162,166,1238,2018.0,54933.0,0.0,1.060964,1.491808,NLD,NZL,7373
2233783,163,166,1238,2018.0,1245.0,0.0,0.359254,-0.059994000000000006,NOR,NZL,7373
2233784,168,166,1238,2018.0,4445.0,0.0,-0.737637,0.274296,PAK,NZL,7373
2233785,176,166,1238,2018.0,0.0,7372.0,-1.7208310000000002,-1.2635370000000001,PNG,NZL,7373
2233786,177,166,1238,2018.0,326496.0,0.0,1.1323860000000001,1.1465040000000002,POL,NZL,7373
2233787,179,166,1238,2018.0,7889.0,2937.0,0.787381,1.959475,PRT,NZL,7373
2233788,182,166,1238,2018.0,0.0,11435.0,-0.167505,-0.7041350000000001,PYF,NZL,7373
2233789,188,166,1238,2018.0,0.0,2529.0,0.600485,-0.450466,SAU,NZL,7373
2233790,192,166,1238,2018.0,107499.0,32401.0,1.870268,0.672214,SGP,NZL,7373
2233791,195,166,1238,2018.0,0.0,2381.0,-1.09344,-0.976073,SLB,NZL,7373
2233792,206,166,1238,2018.0,2621.0,0.0,1.445669,0.9135850000000001,SVK,NZL,7373
2233793,208,166,1238,2018.0,40866.0,0.0,1.7254209999999999,0.638757,SWE,NZL,7373
2233794,216,166,1238,2018.0,673603.0,0.0,1.188923,1.264666,THA,NZL,7373
2233795,224,166,1238,2018.0,4062.0,0.0,0.5883510000000001,2.357541,TUR,NZL,7373
2233796,228,166,1238,2018.0,5154.0,0.0,0.3281,1.0037459999999998,UKR,NZL,7373
2233797,231,166,1238,2018.0,844146.0,5985004.0,1.5527739999999999,0.288577,USA,NZL,7373
2233798,239,166,1238,2018.0,12680.0,0.0,0.111848,0.915842,VNM,NZL,7373
2233799,240,166,1238,2018.0,0.0,10613.0,-1.240625,-1.029865,VUT,NZL,7373
2233800,242,166,1238,2018.0,0.0,31977.0,0.18920399999999998,0.27458299999999997,WSM,NZL,7373
2233801,246,166,1238,2018.0,0.0,4381.0,-0.053311000000000004,1.45561,ZAF,NZL,7373
2233802,249,166,1238,2018.0,328925.0,0.0,2.0283580000000003,1.1648319999999999,TWN,NZL,7373
2233803,13,169,1238,2018.0,0.0,9113.0,-0.120975,-0.721043,ATG,PAN,7373
2233804,15,169,1238,2018.0,22712.0,0.0,1.798687,-0.557271,AUT,PAN,7373
2233805,18,169,1238,2018.0,1192.0,0.0,1.244674,1.1368969999999998,BEL,PAN,7373
2233806,23,169,1238,2018.0,2022.0,0.0,0.516917,1.915288,BGR,PAN,7373
2233807,25,169,1238,2018.0,0.0,2361.0,0.359908,-0.445567,BHS,PAN,7373
2233808,29,169,1238,2018.0,0.0,2802.0,-0.242696,-0.558757,BLZ,PAN,7373
2233809,32,169,1238,2018.0,85054.0,0.0,0.166542,0.718965,BRA,PAN,7373
2233810,39,169,1238,2018.0,23592.0,0.0,0.60854,1.475283,CAN,PAN,7373
2233811,41,169,1238,2018.0,444330.0,7162.0,2.173252,0.861742,CHE,PAN,7373
2233812,42,169,1238,2018.0,0.0,1402.0,-0.24325300000000002,-0.350271,CHL,PAN,7373
2233813,43,169,1238,2018.0,1886308.0,0.0,1.378018,0.513572,CHN,PAN,7373
2233814,49,169,1238,2018.0,89873.0,5930.0,0.144073,-0.10276199999999999,COL,PAN,7373
2233815,52,169,1238,2018.0,34527.0,37893.0,0.27715,0.33261999999999997,CRI,PAN,7373
2233816,61,169,1238,2018.0,183753.0,4992.0,2.126861,-2.619524,DEU,PAN,7373
2233817,65,169,1238,2018.0,0.0,3180.0,-0.205988,0.291906,DOM,PAN,7373
2233818,67,169,1238,2018.0,1170.0,19501.0,-0.9813709999999999,-1.073273,ECU,PAN,7373
2233819,71,169,1238,2018.0,61130.0,0.0,0.851197,2.261012,ESP,PAN,7373
2233820,77,169,1238,2018.0,1295.0,0.0,1.3578540000000001,0.9033700000000001,FRA,PAN,7373
2233821,81,169,1238,2018.0,39926.0,0.0,1.481442,1.050259,GBR,PAN,7373
2233822,93,169,1238,2018.0,43424.0,82798.0,-0.321177,0.6339090000000001,GTM,PAN,7373
2233823,96,169,1238,2018.0,0.0,4624.0,-0.83525,-1.040274,GUY,PAN,7373
2233824,111,169,1238,2018.0,99426.0,0.0,1.4594799999999999,0.05113,ITA,PAN,7373
2233825,112,169,1238,2018.0,61712.0,4056.0,-0.210475,-0.808499,JAM,PAN,7373
2233826,114,169,1238,2018.0,73485.0,0.0,2.480327,-0.559793,JPN,PAN,7373
2233827,121,169,1238,2018.0,112400.0,11519.0,2.139149,0.795045,KOR,PAN,7373
2233828,138,169,1238,2018.0,477850.0,35704.0,1.272851,0.646359,MEX,PAN,7373
2233829,162,169,1238,2018.0,1598.0,278746.0,1.060964,1.491808,NLD,PAN,7373
2233830,173,169,1238,2018.0,0.0,6708.0,-0.842934,-0.302396,PER,PAN,7373
2233831,192,169,1238,2018.0,5209.0,0.0,1.870268,0.672214,SGP,PAN,7373
2233832,205,169,1238,2018.0,0.0,18000.0,-0.721134,-1.069008,SUR,PAN,7373
2233833,208,169,1238,2018.0,2075.0,0.0,1.7254209999999999,0.638757,SWE,PAN,7373
2233834,224,169,1238,2018.0,58439.0,0.0,0.5883510000000001,2.357541,TUR,PAN,7373
2233835,231,169,1238,2018.0,3154556.0,16594.0,1.5527739999999999,0.288577,USA,PAN,7373
2233836,246,169,1238,2018.0,21027.0,0.0,-0.053311000000000004,1.45561,ZAF,PAN,7373
2233837,8,173,1238,2018.0,6138.0,0.0,-0.239502,0.297865,ARG,PER,7373
2233838,14,173,1238,2018.0,5319.0,0.0,-0.5578930000000001,-0.15666300000000002,AUS,PER,7373
2233839,15,173,1238,2018.0,49848.0,0.0,1.798687,-0.557271,AUT,PER,7373
2233840,31,173,1238,2018.0,2721.0,112854.0,-1.069519,-0.942264,BOL,PER,7373
2233841,32,173,1238,2018.0,169083.0,1357.0,0.166542,0.718965,BRA,PER,7373
2233842,39,173,1238,2018.0,53715.0,0.0,0.60854,1.475283,CAN,PER,7373
2233843,41,173,1238,2018.0,1580448.0,1373.0,2.173252,0.861742,CHE,PER,7373
2233844,42,173,1238,2018.0,509561.0,109517.0,-0.24325300000000002,-0.350271,CHL,PER,7373
2233845,43,173,1238,2018.0,9814909.0,0.0,1.378018,0.513572,CHN,PER,7373
2233846,49,173,1238,2018.0,1057606.0,106312.0,0.144073,-0.10276199999999999,COL,PER,7373
2233847,59,173,1238,2018.0,412689.0,0.0,1.8018669999999999,0.022382,CZE,PER,7373
2233848,61,173,1238,2018.0,1249002.0,6576.0,2.126861,-2.619524,DEU,PER,7373
2233849,64,173,1238,2018.0,9251.0,0.0,1.094761,1.337348,DNK,PER,7373
2233850,67,173,1238,2018.0,5930.0,40461.0,-0.9813709999999999,-1.073273,ECU,PER,7373
2233851,71,173,1238,2018.0,725230.0,15707.0,0.851197,2.261012,ESP,PER,7373
2233852,74,173,1238,2018.0,181389.0,0.0,1.561518,1.0198450000000001,FIN,PER,7373
2233853,77,173,1238,2018.0,181148.0,0.0,1.3578540000000001,0.9033700000000001,FRA,PER,7373
2233854,81,173,1238,2018.0,54523.0,0.0,1.481442,1.050259,GBR,PER,7373
2233855,90,173,1238,2018.0,1138.0,0.0,0.069841,0.922895,GRC,PER,7373
2233856,97,173,1238,2018.0,43689.0,0.0,0.8625149999999999,1.21001,HKG,PER,7373
2233857,99,173,1238,2018.0,0.0,2571.0,-0.505516,-0.20719899999999997,HND,PER,7373
2233858,100,173,1238,2018.0,1218.0,0.0,0.8873559999999999,1.480788,HRV,PER,7373
2233859,102,173,1238,2018.0,5844.0,0.0,1.6983409999999999,0.693194,HUN,PER,7373
2233860,103,173,1238,2018.0,0.0,5138.0,-0.0009939999999999999,1.417371,IDN,PER,7373
2233861,104,173,1238,2018.0,17482.0,0.0,0.536561,2.450287,IND,PER,7373
2233862,111,173,1238,2018.0,1587421.0,28418.0,1.4594799999999999,0.05113,ITA,PER,7373
2233863,114,173,1238,2018.0,324832.0,0.0,2.480327,-0.559793,JPN,PER,7373
2233864,121,173,1238,2018.0,184728.0,0.0,2.139149,0.795045,KOR,PER,7373
2233865,138,173,1238,2018.0,401305.0,16601.0,1.272851,0.646359,MEX,PER,7373
2233866,153,173,1238,2018.0,203568.0,0.0,1.047185,0.732742,MYS,PER,7373
2233867,160,173,1238,2018.0,0.0,8315.0,-0.8788790000000001,-0.747015,NIC,PER,7373
2233868,162,173,1238,2018.0,2034.0,0.0,1.060964,1.491808,NLD,PER,7373
2233869,169,173,1238,2018.0,6708.0,0.0,0.007061,-0.13867100000000002,PAN,PER,7373
2233870,177,173,1238,2018.0,244526.0,0.0,1.1323860000000001,1.1465040000000002,POL,PER,7373
2233871,185,173,1238,2018.0,54797.0,0.0,1.1458030000000001,1.194413,ROU,PER,7373
2233872,186,173,1238,2018.0,2193.0,0.0,-0.079971,0.11098599999999999,RUS,PER,7373
2233873,206,173,1238,2018.0,17245.0,0.0,1.445669,0.9135850000000001,SVK,PER,7373
2233874,208,173,1238,2018.0,25655.0,0.0,1.7254209999999999,0.638757,SWE,PER,7373
2233875,216,173,1238,2018.0,4748.0,0.0,1.188923,1.264666,THA,PER,7373
2233876,224,173,1238,2018.0,17849.0,0.0,0.5883510000000001,2.357541,TUR,PER,7373
2233877,228,173,1238,2018.0,3352.0,0.0,0.3281,1.0037459999999998,UKR,PER,7373
2233878,231,173,1238,2018.0,8153530.0,150980.0,1.5527739999999999,0.288577,USA,PER,7373
2233879,239,173,1238,2018.0,13413.0,0.0,0.111848,0.915842,VNM,PER,7373
2233880,246,173,1238,2018.0,223421.0,0.0,-0.053311000000000004,1.45561,ZAF,PER,7373
2233881,249,173,1238,2018.0,147314.0,0.0,2.0283580000000003,1.1648319999999999,TWN,PER,7373
2233882,250,173,1238,2018.0,0.0,2792.0,0.760441,-0.310861,ANS,PER,7373
2233883,7,174,1238,2018.0,263680.0,0.0,-0.020214,-0.570049,ARE,PHL,7373
2233884,14,174,1238,2018.0,441853.0,0.0,-0.5578930000000001,-0.15666300000000002,AUS,PHL,7373
2233885,15,174,1238,2018.0,18769.0,73980.0,1.798687,-0.557271,AUT,PHL,7373
2233886,18,174,1238,2018.0,312214.0,0.0,1.244674,1.1368969999999998,BEL,PHL,7373
2233887,26,174,1238,2018.0,1388.0,0.0,0.676528,0.8948299999999999,BIH,PHL,7373
2233888,32,174,1238,2018.0,1388.0,0.0,0.166542,0.718965,BRA,PHL,7373
2233889,34,174,1238,2018.0,3424.0,0.0,-0.360468,-0.826729,BRN,PHL,7373
2233890,39,174,1238,2018.0,0.0,118524.0,0.60854,1.475283,CAN,PHL,7373
2233891,41,174,1238,2018.0,4299362.0,9586.0,2.173252,0.861742,CHE,PHL,7373
2233892,43,174,1238,2018.0,30750850.0,643553.0,1.378018,0.513572,CHN,PHL,7373
2233893,52,174,1238,2018.0,1289.0,0.0,0.27715,0.33261999999999997,CRI,PHL,7373
2233894,59,174,1238,2018.0,35584.0,0.0,1.8018669999999999,0.022382,CZE,PHL,7373
2233895,61,174,1238,2018.0,3163628.0,18302.0,2.126861,-2.619524,DEU,PHL,7373
2233896,64,174,1238,2018.0,14756.0,11647.0,1.094761,1.337348,DNK,PHL,7373
2233897,71,174,1238,2018.0,24518.0,0.0,0.851197,2.261012,ESP,PHL,7373
2233898,72,174,1238,2018.0,15997.0,0.0,0.957627,1.294173,EST,PHL,7373
2233899,74,174,1238,2018.0,143490.0,134007.0,1.561518,1.0198450000000001,FIN,PHL,7373
2233900,77,174,1238,2018.0,88374.0,1107.0,1.3578540000000001,0.9033700000000001,FRA,PHL,7373
2233901,81,174,1238,2018.0,28783.0,0.0,1.481442,1.050259,GBR,PHL,7373
2233902,90,174,1238,2018.0,5131.0,0.0,0.069841,0.922895,GRC,PHL,7373
2233903,95,174,1238,2018.0,0.0,13575.0,0.314369,-0.18573699999999999,GUM,PHL,7373
2233904,97,174,1238,2018.0,3317096.0,153124.0,0.8625149999999999,1.21001,HKG,PHL,7373
2233905,103,174,1238,2018.0,123466.0,85284.0,-0.0009939999999999999,1.417371,IDN,PHL,7373
2233906,104,174,1238,2018.0,125066.0,39158.0,0.536561,2.450287,IND,PHL,7373
2233907,106,174,1238,2018.0,1540.0,0.0,1.3647,0.094596,IRL,PHL,7373
2233908,110,174,1238,2018.0,2863.0,3026.0,1.205666,1.001693,ISR,PHL,7373
2233909,111,174,1238,2018.0,514889.0,2283.0,1.4594799999999999,0.05113,ITA,PHL,7373
2233910,114,174,1238,2018.0,22601396.0,2275771.0,2.480327,-0.559793,JPN,PHL,7373
2233911,118,174,1238,2018.0,2578.0,0.0,-0.5513779999999999,-0.598237,KHM,PHL,7373
2233912,119,174,1238,2018.0,0.0,4835.0,-0.616492,-0.950478,KIR,PHL,7373
2233913,121,174,1238,2018.0,2821676.0,40831.0,2.139149,0.795045,KOR,PHL,7373
2233914,138,174,1238,2018.0,18717.0,283834.0,1.272851,0.646359,MEX,PHL,7373
2233915,153,174,1238,2018.0,625105.0,3135.0,1.047185,0.732742,MYS,PHL,7373
2233916,162,174,1238,2018.0,145321.0,410434.0,1.060964,1.491808,NLD,PHL,7373
2233917,168,174,1238,2018.0,8696.0,0.0,-0.737637,0.274296,PAK,PHL,7373
2233918,176,174,1238,2018.0,17858.0,38123.0,-1.7208310000000002,-1.2635370000000001,PNG,PHL,7373
2233919,177,174,1238,2018.0,1822379.0,0.0,1.1323860000000001,1.1465040000000002,POL,PHL,7373
2233920,188,174,1238,2018.0,137868.0,4708.0,0.600485,-0.450466,SAU,PHL,7373
2233921,192,174,1238,2018.0,6399518.0,139164.0,1.870268,0.672214,SGP,PHL,7373
2233922,201,174,1238,2018.0,5512.0,0.0,0.665772,1.552409,SRB,PHL,7373
2233923,206,174,1238,2018.0,0.0,10045.0,1.445669,0.9135850000000001,SVK,PHL,7373
2233924,207,174,1238,2018.0,116355.0,0.0,1.623183,0.7150850000000001,SVN,PHL,7373
2233925,216,174,1238,2018.0,1644219.0,123126.0,1.188923,1.264666,THA,PHL,7373
2233926,224,174,1238,2018.0,7452.0,0.0,0.5883510000000001,2.357541,TUR,PHL,7373
2233927,231,174,1238,2018.0,1200918.0,295020.0,1.5527739999999999,0.288577,USA,PHL,7373
2233928,239,174,1238,2018.0,961603.0,204826.0,0.111848,0.915842,VNM,PHL,7373
2233929,246,174,1238,2018.0,2893.0,0.0,-0.053311000000000004,1.45561,ZAF,PHL,7373
2233930,249,174,1238,2018.0,1791317.0,29877.0,2.0283580000000003,1.1648319999999999,TWN,PHL,7373
2233931,2,177,1238,2018.0,0.0,1509.0,-1.6785400000000001,-1.2244030000000001,AGO,POL,7373
2233932,4,177,1238,2018.0,0.0,37858.0,-0.403248,-0.180523,ALB,POL,7373
2233933,7,177,1238,2018.0,70456.0,1669848.0,-0.020214,-0.570049,ARE,POL,7373
2233934,8,177,1238,2018.0,0.0,673564.0,-0.239502,0.297865,ARG,POL,7373
2233935,9,177,1238,2018.0,0.0,38315.0,-0.42181499999999994,-0.663385,ARM,POL,7373
2233936,14,177,1238,2018.0,5018.0,1750703.0,-0.5578930000000001,-0.15666300000000002,AUS,POL,7373
2233937,15,177,1238,2018.0,15926723.0,803419.0,1.798687,-0.557271,AUT,POL,7373
2233938,16,177,1238,2018.0,0.0,165739.0,-1.47928,-1.313633,AZE,POL,7373
2233939,18,177,1238,2018.0,1381046.0,3016924.0,1.244674,1.1368969999999998,BEL,POL,7373
2233940,21,177,1238,2018.0,0.0,31511.0,-0.625138,-0.848562,BFA,POL,7373
2233941,23,177,1238,2018.0,65573.0,1253178.0,0.516917,1.915288,BGR,POL,7373
2233942,24,177,1238,2018.0,0.0,40405.0,0.335652,-0.646621,BHR,POL,7373
2233943,25,177,1238,2018.0,0.0,2735.0,0.359908,-0.445567,BHS,POL,7373
2233944,26,177,1238,2018.0,209637.0,57964.0,0.676528,0.8948299999999999,BIH,POL,7373
2233945,28,177,1238,2018.0,84816.0,2875095.0,0.86016,1.034144,BLR,POL,7373
2233946,31,177,1238,2018.0,0.0,113802.0,-1.069519,-0.942264,BOL,POL,7373
2233947,32,177,1238,2018.0,69061.0,997518.0,0.166542,0.718965,BRA,POL,7373
2233948,34,177,1238,2018.0,0.0,13628.0,-0.360468,-0.826729,BRN,POL,7373
2233949,39,177,1238,2018.0,17118.0,324776.0,0.60854,1.475283,CAN,POL,7373
2233950,41,177,1238,2018.0,6467897.0,467480.0,2.173252,0.861742,CHE,POL,7373
2233951,42,177,1238,2018.0,0.0,1072618.0,-0.24325300000000002,-0.350271,CHL,POL,7373
2233952,43,177,1238,2018.0,33644796.0,2164905.0,1.378018,0.513572,CHN,POL,7373
2233953,44,177,1238,2018.0,0.0,133387.0,-1.021384,-0.898676,CIV,POL,7373
2233954,45,177,1238,2018.0,0.0,55476.0,-1.2144,-1.0318260000000001,CMR,POL,7373
2233955,46,177,1238,2018.0,0.0,5187.0,-1.704339,-1.211619,COD,POL,7373
2233956,49,177,1238,2018.0,0.0,81406.0,0.144073,-0.10276199999999999,COL,POL,7373
2233957,52,177,1238,2018.0,5838.0,8893.0,0.27715,0.33261999999999997,CRI,POL,7373
2233958,58,177,1238,2018.0,0.0,66828.0,0.180009,-0.26353200000000004,CYP,POL,7373
2233959,59,177,1238,2018.0,14782250.0,15199239.0,1.8018669999999999,0.022382,CZE,POL,7373
2233960,61,177,1238,2018.0,138121936.0,19732072.0,2.126861,-2.619524,DEU,POL,7373
2233961,64,177,1238,2018.0,1639688.0,1280683.0,1.094761,1.337348,DNK,POL,7373
2233962,65,177,1238,2018.0,0.0,1165.0,-0.205988,0.291906,DOM,POL,7373
2233963,66,177,1238,2018.0,0.0,573294.0,-1.121185,-1.196891,DZA,POL,7373
2233964,67,177,1238,2018.0,0.0,282510.0,-0.9813709999999999,-1.073273,ECU,POL,7373
2233965,68,177,1238,2018.0,0.0,555148.0,-0.093935,1.6368610000000001,EGY,POL,7373
2233966,71,177,1238,2018.0,8887042.0,4957036.0,0.851197,2.261012,ESP,POL,7373
2233967,72,177,1238,2018.0,61399.0,903558.0,0.957627,1.294173,EST,POL,7373
2233968,73,177,1238,2018.0,0.0,239047.0,-0.663343,-0.384372,ETH,POL,7373
2233969,74,177,1238,2018.0,6639352.0,1486910.0,1.561518,1.0198450000000001,FIN,POL,7373
2233970,77,177,1238,2018.0,5137373.0,7783982.0,1.3578540000000001,0.9033700000000001,FRA,POL,7373
2233971,80,177,1238,2018.0,0.0,17448.0,-1.4532129999999999,-1.155702,GAB,POL,7373
2233972,81,177,1238,2018.0,9117382.0,4288208.0,1.481442,1.050259,GBR,POL,7373
2233973,82,177,1238,2018.0,0.0,23369.0,-0.059633000000000005,-0.073048,GEO,POL,7373
2233974,83,177,1238,2018.0,0.0,1627.0,-0.769089,-0.8389200000000001,GHA,POL,7373
2233975,90,177,1238,2018.0,9192.0,163884.0,0.069841,0.922895,GRC,POL,7373
2233976,93,177,1238,2018.0,0.0,29301.0,-0.321177,0.6339090000000001,GTM,POL,7373
2233977,97,177,1238,2018.0,141435.0,87181.0,0.8625149999999999,1.21001,HKG,POL,7373
2233978,99,177,1238,2018.0,0.0,1966.0,-0.505516,-0.20719899999999997,HND,POL,7373
2233979,100,177,1238,2018.0,4890.0,427535.0,0.8873559999999999,1.480788,HRV,POL,7373
2233980,102,177,1238,2018.0,704995.0,2188955.0,1.6983409999999999,0.693194,HUN,POL,7373
2233981,103,177,1238,2018.0,0.0,122122.0,-0.0009939999999999999,1.417371,IDN,POL,7373
2233982,104,177,1238,2018.0,591383.0,720572.0,0.536561,2.450287,IND,POL,7373
2233983,106,177,1238,2018.0,111765.0,285324.0,1.3647,0.094596,IRL,POL,7373
2233984,107,177,1238,2018.0,0.0,6541.0,-0.290723,-0.430805,IRN,POL,7373
2233985,108,177,1238,2018.0,0.0,106553.0,-0.627753,-0.983086,IRQ,POL,7373
2233986,109,177,1238,2018.0,0.0,59824.0,0.161776,-0.293048,ISL,POL,7373
2233987,110,177,1238,2018.0,73273.0,266872.0,1.205666,1.001693,ISR,POL,7373
2233988,111,177,1238,2018.0,50683464.0,6170049.0,1.4594799999999999,0.05113,ITA,POL,7373
2233989,113,177,1238,2018.0,0.0,16742.0,0.125467,0.382625,JOR,POL,7373
2233990,114,177,1238,2018.0,6439568.0,139186.0,2.480327,-0.559793,JPN,POL,7373
2233991,115,177,1238,2018.0,0.0,84544.0,-0.625674,-0.605028,KAZ,POL,7373
2233992,116,177,1238,2018.0,0.0,18864.0,-0.381632,0.460819,KEN,POL,7373
2233993,117,177,1238,2018.0,0.0,1196.0,0.000495,0.601278,KGZ,POL,7373
2233994,121,177,1238,2018.0,3218999.0,197352.0,2.139149,0.795045,KOR,POL,7373
2233995,122,177,1238,2018.0,0.0,141103.0,-0.790523,-1.136525,KWT,POL,7373
2233996,124,177,1238,2018.0,0.0,28891.0,0.37832899999999997,1.077452,LBN,POL,7373
2233997,128,177,1238,2018.0,0.0,20219.0,-0.364093,0.347953,LKA,POL,7373
2233998,130,177,1238,2018.0,47301.0,835183.0,0.839052,1.5688790000000001,LTU,POL,7373
2233999,131,177,1238,2018.0,504673.0,119881.0,1.098797,1.390282,LUX,POL,7373
2234000,132,177,1238,2018.0,2946.0,355530.0,0.6984560000000001,1.29918,LVA,POL,7373
2234001,134,177,1238,2018.0,12545.0,358680.0,-0.57445,-0.14461400000000002,MAR,POL,7373
2234002,135,177,1238,2018.0,0.0,67712.0,-0.222348,-0.091067,MDA,POL,7373
2234003,136,177,1238,2018.0,0.0,37549.0,-1.056786,-0.9160709999999999,MDG,POL,7373
2234004,137,177,1238,2018.0,0.0,2344.0,-1.128674,-1.053328,MDV,POL,7373
2234005,138,177,1238,2018.0,1039203.0,4333224.0,1.272851,0.646359,MEX,POL,7373
2234006,140,177,1238,2018.0,0.0,8498.0,0.056548,-0.273964,MKD,POL,7373
2234007,142,177,1238,2018.0,0.0,1134.0,0.860195,0.281449,MLT,POL,7373
2234008,143,177,1238,2018.0,10517.0,2663.0,-0.9970469999999999,-0.28486,MMR,POL,7373
2234009,144,177,1238,2018.0,0.0,21303.0,0.166157,0.132633,MNE,POL,7373
2234010,145,177,1238,2018.0,0.0,16676.0,-0.892013,-1.115228,MNG,POL,7373
2234011,151,177,1238,2018.0,0.0,14004.0,-0.268625,0.104254,MUS,POL,7373
2234012,153,177,1238,2018.0,52026.0,97438.0,1.047185,0.732742,MYS,POL,7373
2234013,159,177,1238,2018.0,0.0,5845.0,-1.839074,-1.29837,NGA,POL,7373
2234014,160,177,1238,2018.0,0.0,1699.0,-0.8788790000000001,-0.747015,NIC,POL,7373
2234015,162,177,1238,2018.0,51052120.0,4522912.0,1.060964,1.491808,NLD,POL,7373
2234016,163,177,1238,2018.0,126146.0,450173.0,0.359254,-0.059994000000000006,NOR,POL,7373
2234017,166,177,1238,2018.0,0.0,326496.0,0.113398,0.017740000000000002,NZL,POL,7373
2234018,167,177,1238,2018.0,0.0,191011.0,-0.513727,-0.9944280000000001,OMN,POL,7373
2234019,168,177,1238,2018.0,0.0,85211.0,-0.737637,0.274296,PAK,POL,7373
2234020,173,177,1238,2018.0,0.0,244526.0,-0.842934,-0.302396,PER,POL,7373
2234021,174,177,1238,2018.0,0.0,1822379.0,0.7233649999999999,0.23715300000000003,PHL,POL,7373
2234022,179,177,1238,2018.0,817762.0,1151211.0,0.787381,1.959475,PRT,POL,7373
2234023,182,177,1238,2018.0,0.0,5731.0,-0.167505,-0.7041350000000001,PYF,POL,7373
2234024,183,177,1238,2018.0,0.0,365295.0,-0.291537,-1.022145,QAT,POL,7373
2234025,185,177,1238,2018.0,3777542.0,3984124.0,1.1458030000000001,1.194413,ROU,POL,7373
2234026,186,177,1238,2018.0,12688.0,23843038.0,-0.079971,0.11098599999999999,RUS,POL,7373
2234027,188,177,1238,2018.0,0.0,319395.0,0.600485,-0.450466,SAU,POL,7373
2234028,191,177,1238,2018.0,0.0,4628.0,-0.699313,-0.360203,SEN,POL,7373
2234029,192,177,1238,2018.0,2001.0,180193.0,1.870268,0.672214,SGP,POL,7373
2234030,197,177,1238,2018.0,0.0,45820.0,0.07891799999999999,0.219075,SLV,POL,7373
2234031,198,177,1238,2018.0,81092.0,0.0,1.1010280000000001,0.679361,SMR,POL,7373
2234032,201,177,1238,2018.0,167347.0,289508.0,0.665772,1.552409,SRB,POL,7373
2234033,206,177,1238,2018.0,5350860.0,4612743.0,1.445669,0.9135850000000001,SVK,POL,7373
2234034,207,177,1238,2018.0,1981421.0,80575.0,1.623183,0.7150850000000001,SVN,POL,7373
2234035,208,177,1238,2018.0,8227288.0,8697413.0,1.7254209999999999,0.638757,SWE,POL,7373
2234036,215,177,1238,2018.0,0.0,9081.0,-0.681426,-0.7010270000000001,TGO,POL,7373
2234037,216,177,1238,2018.0,167275.0,901342.0,1.188923,1.264666,THA,POL,7373
2234038,223,177,1238,2018.0,8196.0,203303.0,0.39611799999999997,1.252702,TUN,POL,7373
2234039,224,177,1238,2018.0,1963587.0,1770711.0,0.5883510000000001,2.357541,TUR,POL,7373
2234040,227,177,1238,2018.0,0.0,21044.0,-0.569114,0.36182800000000004,UGA,POL,7373
2234041,228,177,1238,2018.0,1778692.0,2355360.0,0.3281,1.0037459999999998,UKR,POL,7373
2234042,230,177,1238,2018.0,0.0,40808.0,0.016527,-0.250715,URY,POL,7373
2234043,231,177,1238,2018.0,1911530.0,24012960.0,1.5527739999999999,0.288577,USA,POL,7373
2234044,232,177,1238,2018.0,0.0,135512.0,-0.485013,-0.390021,UZB,POL,7373
2234045,239,177,1238,2018.0,7461.0,1297390.0,0.111848,0.915842,VNM,POL,7373
2234046,246,177,1238,2018.0,317788.0,702610.0,-0.053311000000000004,1.45561,ZAF,POL,7373
2234047,249,177,1238,2018.0,718904.0,65433.0,2.0283580000000003,1.1648319999999999,TWN,POL,7373
2234048,250,177,1238,2018.0,1012899.0,44802.0,0.760441,-0.310861,ANS,POL,7373
2234049,2,179,1238,2018.0,17393.0,1637663.0,-1.6785400000000001,-1.2244030000000001,AGO,PRT,7373
2234050,7,179,1238,2018.0,2541.0,217022.0,-0.020214,-0.570049,ARE,PRT,7373
2234051,8,179,1238,2018.0,0.0,579793.0,-0.239502,0.297865,ARG,PRT,7373
2234052,15,179,1238,2018.0,4015006.0,91997.0,1.798687,-0.557271,AUT,PRT,7373
2234053,18,179,1238,2018.0,192844.0,456234.0,1.244674,1.1368969999999998,BEL,PRT,7373
2234054,23,179,1238,2018.0,2027.0,344408.0,0.516917,1.915288,BGR,PRT,7373
2234055,26,179,1238,2018.0,0.0,2473.0,0.676528,0.8948299999999999,BIH,PRT,7373
2234056,27,179,1238,2018.0,0.0,3435.0,1.055834,0.369676,BLM,PRT,7373
2234057,31,179,1238,2018.0,6201.0,0.0,-1.069519,-0.942264,BOL,PRT,7373
2234058,32,179,1238,2018.0,10229.0,207181.0,0.166542,0.718965,BRA,PRT,7373
2234059,39,179,1238,2018.0,0.0,410950.0,0.60854,1.475283,CAN,PRT,7373
2234060,41,179,1238,2018.0,543573.0,25507.0,2.173252,0.861742,CHE,PRT,7373
2234061,42,179,1238,2018.0,0.0,5712.0,-0.24325300000000002,-0.350271,CHL,PRT,7373
2234062,43,179,1238,2018.0,3340964.0,1150.0,1.378018,0.513572,CHN,PRT,7373
2234063,44,179,1238,2018.0,0.0,96209.0,-1.021384,-0.898676,CIV,PRT,7373
2234064,45,179,1238,2018.0,0.0,23089.0,-1.2144,-1.0318260000000001,CMR,PRT,7373
2234065,47,179,1238,2018.0,0.0,5211.0,-1.614157,-1.177288,COG,PRT,7373
2234066,49,179,1238,2018.0,0.0,46516.0,0.144073,-0.10276199999999999,COL,PRT,7373
2234067,51,179,1238,2018.0,2061.0,137031.0,-0.43036899999999995,-0.761514,CPV,PRT,7373
2234068,59,179,1238,2018.0,640080.0,133515.0,1.8018669999999999,0.022382,CZE,PRT,7373
2234069,61,179,1238,2018.0,20972260.0,1448968.0,2.126861,-2.619524,DEU,PRT,7373
2234070,64,179,1238,2018.0,109872.0,6935.0,1.094761,1.337348,DNK,PRT,7373
2234071,65,179,1238,2018.0,0.0,41998.0,-0.205988,0.291906,DOM,PRT,7373
2234072,66,179,1238,2018.0,0.0,157405.0,-1.121185,-1.196891,DZA,PRT,7373
2234073,68,179,1238,2018.0,0.0,56556.0,-0.093935,1.6368610000000001,EGY,PRT,7373
2234074,71,179,1238,2018.0,13876197.0,3109234.0,0.851197,2.261012,ESP,PRT,7373
2234075,74,179,1238,2018.0,1266208.0,7201.0,1.561518,1.0198450000000001,FIN,PRT,7373
2234076,77,179,1238,2018.0,2350820.0,2430689.0,1.3578540000000001,0.9033700000000001,FRA,PRT,7373
2234077,80,179,1238,2018.0,0.0,1035.0,-1.4532129999999999,-1.155702,GAB,PRT,7373
2234078,81,179,1238,2018.0,786049.0,12242.0,1.481442,1.050259,GBR,PRT,7373
2234079,85,179,1238,2018.0,5191.0,20823.0,-1.3262909999999999,-1.237056,GIN,PRT,7373
2234080,88,179,1238,2018.0,0.0,9909.0,-1.317251,-1.011586,GNB,PRT,7373
2234081,89,179,1238,2018.0,0.0,34847.0,-2.065257,-0.986057,GNQ,PRT,7373
2234082,90,179,1238,2018.0,6383.0,1502.0,0.069841,0.922895,GRC,PRT,7373
2234083,97,179,1238,2018.0,295382.0,0.0,0.8625149999999999,1.21001,HKG,PRT,7373
2234084,100,179,1238,2018.0,1166.0,0.0,0.8873559999999999,1.480788,HRV,PRT,7373
2234085,102,179,1238,2018.0,0.0,346826.0,1.6983409999999999,0.693194,HUN,PRT,7373
2234086,104,179,1238,2018.0,6063.0,0.0,0.536561,2.450287,IND,PRT,7373
2234087,106,179,1238,2018.0,24892.0,397326.0,1.3647,0.094596,IRL,PRT,7373
2234088,110,179,1238,2018.0,0.0,13920.0,1.205666,1.001693,ISR,PRT,7373
2234089,111,179,1238,2018.0,5410321.0,0.0,1.4594799999999999,0.05113,ITA,PRT,7373
2234090,114,179,1238,2018.0,249200.0,18344.0,2.480327,-0.559793,JPN,PRT,7373
2234091,115,179,1238,2018.0,4980.0,0.0,-0.625674,-0.605028,KAZ,PRT,7373
2234092,121,179,1238,2018.0,275351.0,1421.0,2.139149,0.795045,KOR,PRT,7373
2234093,124,179,1238,2018.0,0.0,1095.0,0.37832899999999997,1.077452,LBN,PRT,7373
2234094,131,179,1238,2018.0,0.0,5470.0,1.098797,1.390282,LUX,PRT,7373
2234095,132,179,1238,2018.0,0.0,44180.0,0.6984560000000001,1.29918,LVA,PRT,7373
2234096,134,179,1238,2018.0,2162.0,378844.0,-0.57445,-0.14461400000000002,MAR,PRT,7373
2234097,138,179,1238,2018.0,12620.0,792738.0,1.272851,0.646359,MEX,PRT,7373
2234098,140,179,1238,2018.0,0.0,1868.0,0.056548,-0.273964,MKD,PRT,7373
2234099,142,179,1238,2018.0,0.0,52275.0,0.860195,0.281449,MLT,PRT,7373
2234100,147,179,1238,2018.0,0.0,135492.0,-1.253762,-1.0049,MOZ,PRT,7373
2234101,148,179,1238,2018.0,0.0,1391.0,-1.219419,-1.2586,MRT,PRT,7373
2234102,151,179,1238,2018.0,0.0,4993.0,-0.268625,0.104254,MUS,PRT,7373
2234103,152,179,1238,2018.0,0.0,10397.0,-0.717512,-0.8799450000000001,MWI,PRT,7373
2234104,156,179,1238,2018.0,0.0,3602.0,-0.260395,-0.805425,NCL,PRT,7373
2234105,162,179,1238,2018.0,4021621.0,158489.0,1.060964,1.491808,NLD,PRT,7373
2234106,163,179,1238,2018.0,0.0,4287.0,0.359254,-0.059994000000000006,NOR,PRT,7373
2234107,166,179,1238,2018.0,2937.0,7889.0,0.113398,0.017740000000000002,NZL,PRT,7373
2234108,167,179,1238,2018.0,0.0,1184.0,-0.513727,-0.9944280000000001,OMN,PRT,7373
2234109,177,179,1238,2018.0,1151211.0,817762.0,1.1323860000000001,1.1465040000000002,POL,PRT,7373
2234110,183,179,1238,2018.0,2152.0,17542.0,-0.291537,-1.022145,QAT,PRT,7373
2234111,185,179,1238,2018.0,40284.0,173403.0,1.1458030000000001,1.194413,ROU,PRT,7373
2234112,186,179,1238,2018.0,0.0,824827.0,-0.079971,0.11098599999999999,RUS,PRT,7373
2234113,187,179,1238,2018.0,0.0,3932.0,-0.48781199999999997,-0.741734,RWA,PRT,7373
2234114,188,179,1238,2018.0,0.0,82591.0,0.600485,-0.450466,SAU,PRT,7373
2234115,190,179,1238,2018.0,0.0,37560.0,-1.3426719999999999,-1.1851909999999999,SDN,PRT,7373
2234116,191,179,1238,2018.0,0.0,36406.0,-0.699313,-0.360203,SEN,PRT,7373
2234117,192,179,1238,2018.0,4283.0,0.0,1.870268,0.672214,SGP,PRT,7373
2234118,201,179,1238,2018.0,2146.0,72300.0,0.665772,1.552409,SRB,PRT,7373
2234119,203,179,1238,2018.0,0.0,28475.0,1.469753,0.128072,STP,PRT,7373
2234120,206,179,1238,2018.0,3219.0,0.0,1.445669,0.9135850000000001,SVK,PRT,7373
2234121,207,179,1238,2018.0,1155532.0,2230.0,1.623183,0.7150850000000001,SVN,PRT,7373
2234122,208,179,1238,2018.0,2711476.0,4445.0,1.7254209999999999,0.638757,SWE,PRT,7373
2234123,210,179,1238,2018.0,0.0,8334.0,1.1925059999999998,-0.707432,SXM,PRT,7373
2234124,215,179,1238,2018.0,0.0,3264.0,-0.681426,-0.7010270000000001,TGO,PRT,7373
2234125,223,179,1238,2018.0,0.0,14607.0,0.39611799999999997,1.252702,TUN,PRT,7373
2234126,224,179,1238,2018.0,348994.0,25833.0,0.5883510000000001,2.357541,TUR,PRT,7373
2234127,226,179,1238,2018.0,0.0,6885.0,-0.12971300000000002,1.379649,TZA,PRT,7373
2234128,227,179,1238,2018.0,0.0,6205.0,-0.569114,0.36182800000000004,UGA,PRT,7373
2234129,228,179,1238,2018.0,0.0,170608.0,0.3281,1.0037459999999998,UKR,PRT,7373
2234130,231,179,1238,2018.0,257072.0,37769.0,1.5527739999999999,0.288577,USA,PRT,7373
2234131,239,179,1238,2018.0,0.0,22806.0,0.111848,0.915842,VNM,PRT,7373
2234132,246,179,1238,2018.0,524470.0,10974.0,-0.053311000000000004,1.45561,ZAF,PRT,7373
2234133,249,179,1238,2018.0,39543.0,14010.0,2.0283580000000003,1.1648319999999999,TWN,PRT,7373
2234134,8,180,1238,2018.0,35312.0,0.0,-0.239502,0.297865,ARG,PRY,7373
2234135,31,180,1238,2018.0,18969.0,1180.0,-1.069519,-0.942264,BOL,PRY,7373
2234136,32,180,1238,2018.0,829879.0,18896.0,0.166542,0.718965,BRA,PRY,7373
2234137,41,180,1238,2018.0,1839.0,0.0,2.173252,0.861742,CHE,PRY,7373
2234138,42,180,1238,2018.0,48083.0,0.0,-0.24325300000000002,-0.350271,CHL,PRY,7373
2234139,43,180,1238,2018.0,3111190.0,0.0,1.378018,0.513572,CHN,PRY,7373
2234140,61,180,1238,2018.0,123422.0,0.0,2.126861,-2.619524,DEU,PRY,7373
2234141,71,180,1238,2018.0,10607.0,0.0,0.851197,2.261012,ESP,PRY,7373
2234142,97,180,1238,2018.0,20297.0,0.0,0.8625149999999999,1.21001,HKG,PRY,7373
2234143,111,180,1238,2018.0,556974.0,0.0,1.4594799999999999,0.05113,ITA,PRY,7373
2234144,114,180,1238,2018.0,123324.0,0.0,2.480327,-0.559793,JPN,PRY,7373
2234145,162,180,1238,2018.0,4095.0,0.0,1.060964,1.491808,NLD,PRY,7373
2234146,224,180,1238,2018.0,9857.0,0.0,0.5883510000000001,2.357541,TUR,PRY,7373
2234147,230,180,1238,2018.0,29396.0,0.0,0.016527,-0.250715,URY,PRY,7373
2234148,231,180,1238,2018.0,534570.0,0.0,1.5527739999999999,0.288577,USA,PRY,7373
2234149,7,188,1238,2018.0,1560282.0,2034318.0,-0.020214,-0.570049,ARE,SAU,7373
2234150,14,188,1238,2018.0,35977.0,0.0,-0.5578930000000001,-0.15666300000000002,AUS,SAU,7373
2234151,15,188,1238,2018.0,5936736.0,4002.0,1.798687,-0.557271,AUT,SAU,7373
2234152,18,188,1238,2018.0,147756.0,90026.0,1.244674,1.1368969999999998,BEL,SAU,7373
2234153,24,188,1238,2018.0,220521.0,425099.0,0.335652,-0.646621,BHR,SAU,7373
2234154,28,188,1238,2018.0,10612.0,0.0,0.86016,1.034144,BLR,SAU,7373
2234155,32,188,1238,2018.0,19984.0,0.0,0.166542,0.718965,BRA,SAU,7373
2234156,39,188,1238,2018.0,1514279.0,0.0,0.60854,1.475283,CAN,SAU,7373
2234157,41,188,1238,2018.0,1178475.0,25223.0,2.173252,0.861742,CHE,SAU,7373
2234158,43,188,1238,2018.0,9976989.0,1144741.0,1.378018,0.513572,CHN,SAU,7373
2234159,44,188,1238,2018.0,0.0,2353.0,-1.021384,-0.898676,CIV,SAU,7373
2234160,46,188,1238,2018.0,0.0,1369.0,-1.704339,-1.211619,COD,SAU,7373
2234161,59,188,1238,2018.0,536169.0,0.0,1.8018669999999999,0.022382,CZE,SAU,7373
2234162,61,188,1238,2018.0,4211340.0,83571.0,2.126861,-2.619524,DEU,SAU,7373
2234163,64,188,1238,2018.0,3184.0,2123.0,1.094761,1.337348,DNK,SAU,7373
2234164,68,188,1238,2018.0,0.0,52476.0,-0.093935,1.6368610000000001,EGY,SAU,7373
2234165,71,188,1238,2018.0,142710.0,3454.0,0.851197,2.261012,ESP,SAU,7373
2234166,74,188,1238,2018.0,223390.0,0.0,1.561518,1.0198450000000001,FIN,SAU,7373
2234167,77,188,1238,2018.0,3871143.0,574313.0,1.3578540000000001,0.9033700000000001,FRA,SAU,7373
2234168,81,188,1238,2018.0,785462.0,1199.0,1.481442,1.050259,GBR,SAU,7373
2234169,83,188,1238,2018.0,0.0,63471.0,-0.769089,-0.8389200000000001,GHA,SAU,7373
2234170,90,188,1238,2018.0,18697.0,0.0,0.069841,0.922895,GRC,SAU,7373
2234171,97,188,1238,2018.0,13654.0,0.0,0.8625149999999999,1.21001,HKG,SAU,7373
2234172,100,188,1238,2018.0,1909.0,0.0,0.8873559999999999,1.480788,HRV,SAU,7373
2234173,102,188,1238,2018.0,5641.0,0.0,1.6983409999999999,0.693194,HUN,SAU,7373
2234174,104,188,1238,2018.0,891529.0,4861.0,0.536561,2.450287,IND,SAU,7373
2234175,106,188,1238,2018.0,50023.0,0.0,1.3647,0.094596,IRL,SAU,7373
2234176,111,188,1238,2018.0,5357974.0,10256.0,1.4594799999999999,0.05113,ITA,SAU,7373
2234177,113,188,1238,2018.0,0.0,67167.0,0.125467,0.382625,JOR,SAU,7373
2234178,114,188,1238,2018.0,1770958.0,0.0,2.480327,-0.559793,JPN,SAU,7373
2234179,121,188,1238,2018.0,255137.0,343334.0,2.139149,0.795045,KOR,SAU,7373
2234180,122,188,1238,2018.0,259226.0,955104.0,-0.790523,-1.136525,KWT,SAU,7373
2234181,124,188,1238,2018.0,7379.0,0.0,0.37832899999999997,1.077452,LBN,SAU,7373
2234182,130,188,1238,2018.0,3157.0,0.0,0.839052,1.5688790000000001,LTU,SAU,7373
2234183,131,188,1238,2018.0,5436.0,0.0,1.098797,1.390282,LUX,SAU,7373
2234184,134,188,1238,2018.0,178939.0,0.0,-0.57445,-0.14461400000000002,MAR,SAU,7373
2234185,138,188,1238,2018.0,1059112.0,0.0,1.272851,0.646359,MEX,SAU,7373
2234186,148,188,1238,2018.0,0.0,10951.0,-1.219419,-1.2586,MRT,SAU,7373
2234187,153,188,1238,2018.0,1048113.0,98596.0,1.047185,0.732742,MYS,SAU,7373
2234188,162,188,1238,2018.0,704504.0,847220.0,1.060964,1.491808,NLD,SAU,7373
2234189,163,188,1238,2018.0,139065.0,0.0,0.359254,-0.059994000000000006,NOR,SAU,7373
2234190,166,188,1238,2018.0,2529.0,0.0,0.113398,0.017740000000000002,NZL,SAU,7373
2234191,167,188,1238,2018.0,137756.0,152579.0,-0.513727,-0.9944280000000001,OMN,SAU,7373
2234192,168,188,1238,2018.0,2148.0,0.0,-0.737637,0.274296,PAK,SAU,7373
2234193,174,188,1238,2018.0,4708.0,137868.0,0.7233649999999999,0.23715300000000003,PHL,SAU,7373
2234194,177,188,1238,2018.0,319395.0,0.0,1.1323860000000001,1.1465040000000002,POL,SAU,7373
2234195,179,188,1238,2018.0,82591.0,0.0,0.787381,1.959475,PRT,SAU,7373
2234196,185,188,1238,2018.0,19283.0,0.0,1.1458030000000001,1.194413,ROU,SAU,7373
2234197,190,188,1238,2018.0,0.0,30454.0,-1.3426719999999999,-1.1851909999999999,SDN,SAU,7373
2234198,192,188,1238,2018.0,422933.0,267926.0,1.870268,0.672214,SGP,SAU,7373
2234199,201,188,1238,2018.0,27149.0,0.0,0.665772,1.552409,SRB,SAU,7373
2234200,206,188,1238,2018.0,6072.0,0.0,1.445669,0.9135850000000001,SVK,SAU,7373
2234201,207,188,1238,2018.0,26706.0,0.0,1.623183,0.7150850000000001,SVN,SAU,7373
2234202,208,188,1238,2018.0,131958.0,0.0,1.7254209999999999,0.638757,SWE,SAU,7373
2234203,216,188,1238,2018.0,7498.0,0.0,1.188923,1.264666,THA,SAU,7373
2234204,223,188,1238,2018.0,0.0,1380.0,0.39611799999999997,1.252702,TUN,SAU,7373
2234205,224,188,1238,2018.0,1639670.0,38775.0,0.5883510000000001,2.357541,TUR,SAU,7373
2234206,228,188,1238,2018.0,42875.0,0.0,0.3281,1.0037459999999998,UKR,SAU,7373
2234207,231,188,1238,2018.0,8659973.0,98233.0,1.5527739999999999,0.288577,USA,SAU,7373
2234208,243,188,1238,2018.0,0.0,5832.0,-1.260844,-1.187614,YEM,SAU,7373
2234209,246,188,1238,2018.0,2593.0,0.0,-0.053311000000000004,1.45561,ZAF,SAU,7373
2234210,249,188,1238,2018.0,470369.0,0.0,2.0283580000000003,1.1648319999999999,TWN,SAU,7373
2234211,250,188,1238,2018.0,83297.0,0.0,0.760441,-0.310861,ANS,SAU,7373
2234212,7,190,1238,2018.0,233917.0,0.0,-0.020214,-0.570049,ARE,SDN,7373
2234213,28,190,1238,2018.0,30231.0,0.0,0.86016,1.034144,BLR,SDN,7373
2234214,41,190,1238,2018.0,27464.0,0.0,2.173252,0.861742,CHE,SDN,7373
2234215,43,190,1238,2018.0,774245.0,0.0,1.378018,0.513572,CHN,SDN,7373
2234216,61,190,1238,2018.0,49967.0,0.0,2.126861,-2.619524,DEU,SDN,7373
2234217,68,190,1238,2018.0,16878.0,0.0,-0.093935,1.6368610000000001,EGY,SDN,7373
2234218,77,190,1238,2018.0,5164.0,0.0,1.3578540000000001,0.9033700000000001,FRA,SDN,7373
2234219,81,190,1238,2018.0,7475.0,0.0,1.481442,1.050259,GBR,SDN,7373
2234220,104,190,1238,2018.0,183273.0,0.0,0.536561,2.450287,IND,SDN,7373
2234221,111,190,1238,2018.0,137180.0,0.0,1.4594799999999999,0.05113,ITA,SDN,7373
2234222,113,190,1238,2018.0,34760.0,0.0,0.125467,0.382625,JOR,SDN,7373
2234223,134,190,1238,2018.0,1531.0,0.0,-0.57445,-0.14461400000000002,MAR,SDN,7373
2234224,153,190,1238,2018.0,30075.0,0.0,1.047185,0.732742,MYS,SDN,7373
2234225,179,190,1238,2018.0,37560.0,0.0,0.787381,1.959475,PRT,SDN,7373
2234226,186,190,1238,2018.0,6284.0,0.0,-0.079971,0.11098599999999999,RUS,SDN,7373
2234227,188,190,1238,2018.0,30454.0,0.0,0.600485,-0.450466,SAU,SDN,7373
2234228,223,190,1238,2018.0,53462.0,0.0,0.39611799999999997,1.252702,TUN,SDN,7373
2234229,224,190,1238,2018.0,299782.0,0.0,0.5883510000000001,2.357541,TUR,SDN,7373
2234230,231,190,1238,2018.0,64833.0,0.0,1.5527739999999999,0.288577,USA,SDN,7373
2234231,234,190,1238,2018.0,2706.0,0.0,-0.37162,-0.674759,VCT,SDN,7373
2234232,249,190,1238,2018.0,13922.0,0.0,2.0283580000000003,1.1648319999999999,TWN,SDN,7373
2234233,2,192,1238,2018.0,0.0,81166.0,-1.6785400000000001,-1.2244030000000001,AGO,SGP,7373
2234234,7,192,1238,2018.0,6806.0,533947.0,-0.020214,-0.570049,ARE,SGP,7373
2234235,14,192,1238,2018.0,488348.0,1439735.0,-0.5578930000000001,-0.15666300000000002,AUS,SGP,7373
2234236,15,192,1238,2018.0,5705936.0,148272.0,1.798687,-0.557271,AUT,SGP,7373
2234237,16,192,1238,2018.0,0.0,2384.0,-1.47928,-1.313633,AZE,SGP,7373
2234238,18,192,1238,2018.0,23725.0,5821.0,1.244674,1.1368969999999998,BEL,SGP,7373
2234239,22,192,1238,2018.0,0.0,1430067.0,-0.9003549999999999,-1.1066610000000001,BGD,SGP,7373
2234240,23,192,1238,2018.0,487702.0,0.0,0.516917,1.915288,BGR,SGP,7373
2234241,25,192,1238,2018.0,24605.0,19966.0,0.359908,-0.445567,BHS,SGP,7373
2234242,26,192,1238,2018.0,1822.0,0.0,0.676528,0.8948299999999999,BIH,SGP,7373
2234243,32,192,1238,2018.0,310919.0,190608.0,0.166542,0.718965,BRA,SGP,7373
2234244,34,192,1238,2018.0,49359.0,102161.0,-0.360468,-0.826729,BRN,SGP,7373
2234245,39,192,1238,2018.0,913042.0,6293.0,0.60854,1.475283,CAN,SGP,7373
2234246,41,192,1238,2018.0,10751339.0,354763.0,2.173252,0.861742,CHE,SGP,7373
2234247,43,192,1238,2018.0,16818398.0,5423406.0,1.378018,0.513572,CHN,SGP,7373
2234248,44,192,1238,2018.0,0.0,1681.0,-1.021384,-0.898676,CIV,SGP,7373
2234249,46,192,1238,2018.0,0.0,1330.0,-1.704339,-1.211619,COD,SGP,7373
2234250,47,192,1238,2018.0,0.0,1824.0,-1.614157,-1.177288,COG,SGP,7373
2234251,52,192,1238,2018.0,8095.0,0.0,0.27715,0.33261999999999997,CRI,SGP,7373
2234252,59,192,1238,2018.0,675538.0,8109.0,1.8018669999999999,0.022382,CZE,SGP,7373
2234253,61,192,1238,2018.0,8872729.0,816808.0,2.126861,-2.619524,DEU,SGP,7373
2234254,64,192,1238,2018.0,34897.0,5153.0,1.094761,1.337348,DNK,SGP,7373
2234255,65,192,1238,2018.0,2978.0,0.0,-0.205988,0.291906,DOM,SGP,7373
2234256,68,192,1238,2018.0,0.0,64047.0,-0.093935,1.6368610000000001,EGY,SGP,7373
2234257,71,192,1238,2018.0,354893.0,71806.0,0.851197,2.261012,ESP,SGP,7373
2234258,72,192,1238,2018.0,53026.0,5002.0,0.957627,1.294173,EST,SGP,7373
2234259,73,192,1238,2018.0,0.0,1500.0,-0.663343,-0.384372,ETH,SGP,7373
2234260,74,192,1238,2018.0,391848.0,138119.0,1.561518,1.0198450000000001,FIN,SGP,7373
2234261,75,192,1238,2018.0,0.0,18898.0,-0.31149299999999996,0.198303,FJI,SGP,7373
2234262,77,192,1238,2018.0,1145961.0,1088850.0,1.3578540000000001,0.9033700000000001,FRA,SGP,7373
2234263,80,192,1238,2018.0,0.0,1392.0,-1.4532129999999999,-1.155702,GAB,SGP,7373
2234264,81,192,1238,2018.0,906725.0,146263.0,1.481442,1.050259,GBR,SGP,7373
2234265,83,192,1238,2018.0,0.0,68103.0,-0.769089,-0.8389200000000001,GHA,SGP,7373
2234266,90,192,1238,2018.0,1116.0,0.0,0.069841,0.922895,GRC,SGP,7373
2234267,97,192,1238,2018.0,401694.0,1126712.0,0.8625149999999999,1.21001,HKG,SGP,7373
2234268,100,192,1238,2018.0,5453.0,0.0,0.8873559999999999,1.480788,HRV,SGP,7373
2234269,102,192,1238,2018.0,29376.0,784422.0,1.6983409999999999,0.693194,HUN,SGP,7373
2234270,103,192,1238,2018.0,2294144.0,11373645.0,-0.0009939999999999999,1.417371,IDN,SGP,7373
2234271,104,192,1238,2018.0,162520.0,2302773.0,0.536561,2.450287,IND,SGP,7373
2234272,105,192,1238,2018.0,0.0,23475.0,0.931341,-0.063559,IOT,SGP,7373
2234273,106,192,1238,2018.0,43773.0,5397.0,1.3647,0.094596,IRL,SGP,7373
2234274,107,192,1238,2018.0,0.0,1308.0,-0.290723,-0.430805,IRN,SGP,7373
2234275,110,192,1238,2018.0,4136.0,109233.0,1.205666,1.001693,ISR,SGP,7373
2234276,111,192,1238,2018.0,3699125.0,48937.0,1.4594799999999999,0.05113,ITA,SGP,7373
2234277,113,192,1238,2018.0,0.0,25879.0,0.125467,0.382625,JOR,SGP,7373
2234278,114,192,1238,2018.0,17829408.0,2200830.0,2.480327,-0.559793,JPN,SGP,7373
2234279,115,192,1238,2018.0,0.0,1996.0,-0.625674,-0.605028,KAZ,SGP,7373
2234280,116,192,1238,2018.0,0.0,7172.0,-0.381632,0.460819,KEN,SGP,7373
2234281,118,192,1238,2018.0,0.0,161379.0,-0.5513779999999999,-0.598237,KHM,SGP,7373
2234282,121,192,1238,2018.0,844352.0,413820.0,2.139149,0.795045,KOR,SGP,7373
2234283,122,192,1238,2018.0,36390.0,36821.0,-0.790523,-1.136525,KWT,SGP,7373
2234284,123,192,1238,2018.0,0.0,32730.0,-0.60597,-0.479868,LAO,SGP,7373
2234285,124,192,1238,2018.0,0.0,1434.0,0.37832899999999997,1.077452,LBN,SGP,7373
2234286,128,192,1238,2018.0,0.0,88238.0,-0.364093,0.347953,LKA,SGP,7373
2234287,130,192,1238,2018.0,0.0,48162.0,0.839052,1.5688790000000001,LTU,SGP,7373
2234288,131,192,1238,2018.0,0.0,37208.0,1.098797,1.390282,LUX,SGP,7373
2234289,133,192,1238,2018.0,0.0,29444.0,0.358075,0.081041,MAC,SGP,7373
2234290,136,192,1238,2018.0,1632.0,4071.0,-1.056786,-0.9160709999999999,MDG,SGP,7373
2234291,137,192,1238,2018.0,0.0,48063.0,-1.128674,-1.053328,MDV,SGP,7373
2234292,138,192,1238,2018.0,299476.0,964870.0,1.272851,0.646359,MEX,SGP,7373
2234293,143,192,1238,2018.0,0.0,158474.0,-0.9970469999999999,-0.28486,MMR,SGP,7373
2234294,145,192,1238,2018.0,0.0,1549.0,-0.892013,-1.115228,MNG,SGP,7373
2234295,151,192,1238,2018.0,0.0,15925.0,-0.268625,0.104254,MUS,SGP,7373
2234296,153,192,1238,2018.0,15003952.0,9433018.0,1.047185,0.732742,MYS,SGP,7373
2234297,159,192,1238,2018.0,232508.0,303622.0,-1.839074,-1.29837,NGA,SGP,7373
2234298,162,192,1238,2018.0,1285816.0,1531292.0,1.060964,1.491808,NLD,SGP,7373
2234299,163,192,1238,2018.0,76455.0,171103.0,0.359254,-0.059994000000000006,NOR,SGP,7373
2234300,166,192,1238,2018.0,32401.0,107499.0,0.113398,0.017740000000000002,NZL,SGP,7373
2234301,168,192,1238,2018.0,0.0,188944.0,-0.737637,0.274296,PAK,SGP,7373
2234302,169,192,1238,2018.0,0.0,5209.0,0.007061,-0.13867100000000002,PAN,SGP,7373
2234303,174,192,1238,2018.0,139164.0,6399518.0,0.7233649999999999,0.23715300000000003,PHL,SGP,7373
2234304,176,192,1238,2018.0,0.0,28196.0,-1.7208310000000002,-1.2635370000000001,PNG,SGP,7373
2234305,177,192,1238,2018.0,180193.0,2001.0,1.1323860000000001,1.1465040000000002,POL,SGP,7373
2234306,179,192,1238,2018.0,0.0,4283.0,0.787381,1.959475,PRT,SGP,7373
2234307,182,192,1238,2018.0,0.0,4156.0,-0.167505,-0.7041350000000001,PYF,SGP,7373
2234308,183,192,1238,2018.0,0.0,57788.0,-0.291537,-1.022145,QAT,SGP,7373
2234309,185,192,1238,2018.0,15671.0,42215.0,1.1458030000000001,1.194413,ROU,SGP,7373
2234310,186,192,1238,2018.0,0.0,14013.0,-0.079971,0.11098599999999999,RUS,SGP,7373
2234311,188,192,1238,2018.0,267926.0,422933.0,0.600485,-0.450466,SAU,SGP,7373
2234312,195,192,1238,2018.0,0.0,1280.0,-1.09344,-0.976073,SLB,SGP,7373
2234313,206,192,1238,2018.0,30467.0,93498.0,1.445669,0.9135850000000001,SVK,SGP,7373
2234314,207,192,1238,2018.0,63115.0,0.0,1.623183,0.7150850000000001,SVN,SGP,7373
2234315,208,192,1238,2018.0,1643370.0,77186.0,1.7254209999999999,0.638757,SWE,SGP,7373
2234316,211,192,1238,2018.0,0.0,8919.0,-0.222908,-0.7792100000000001,SYC,SGP,7373
2234317,216,192,1238,2018.0,3168373.0,12530525.0,1.188923,1.264666,THA,SGP,7373
2234318,219,192,1238,2018.0,0.0,3755.0,-0.802551,-1.154068,TKM,SGP,7373
2234319,220,192,1238,2018.0,0.0,1849.0,-0.15203,-0.7739590000000001,TLS,SGP,7373
2234320,222,192,1238,2018.0,2579.0,14409.0,-0.32209299999999996,-1.0651540000000002,TTO,SGP,7373
2234321,223,192,1238,2018.0,0.0,77616.0,0.39611799999999997,1.252702,TUN,SGP,7373
2234322,224,192,1238,2018.0,28922.0,89549.0,0.5883510000000001,2.357541,TUR,SGP,7373
2234323,228,192,1238,2018.0,83173.0,0.0,0.3281,1.0037459999999998,UKR,SGP,7373
2234324,231,192,1238,2018.0,12358650.0,991588.0,1.5527739999999999,0.288577,USA,SGP,7373
2234325,239,192,1238,2018.0,53186.0,3387004.0,0.111848,0.915842,VNM,SGP,7373
2234326,240,192,1238,2018.0,0.0,16312.0,-1.240625,-1.029865,VUT,SGP,7373
2234327,246,192,1238,2018.0,13485.0,50668.0,-0.053311000000000004,1.45561,ZAF,SGP,7373
2234328,249,192,1238,2018.0,1079737.0,2086255.0,2.0283580000000003,1.1648319999999999,TWN,SGP,7373
2234329,250,192,1238,2018.0,1374.0,0.0,0.760441,-0.310861,ANS,SGP,7373
2234330,15,197,1238,2018.0,1648.0,0.0,1.798687,-0.557271,AUT,SLV,7373
2234331,18,197,1238,2018.0,4016.0,0.0,1.244674,1.1368969999999998,BEL,SLV,7373
2234332,29,197,1238,2018.0,0.0,1067.0,-0.242696,-0.558757,BLZ,SLV,7373
2234333,32,197,1238,2018.0,76141.0,0.0,0.166542,0.718965,BRA,SLV,7373
2234334,43,197,1238,2018.0,828670.0,0.0,1.378018,0.513572,CHN,SLV,7373
2234335,52,197,1238,2018.0,65881.0,0.0,0.27715,0.33261999999999997,CRI,SLV,7373
2234336,59,197,1238,2018.0,314871.0,0.0,1.8018669999999999,0.022382,CZE,SLV,7373
2234337,61,197,1238,2018.0,117993.0,0.0,2.126861,-2.619524,DEU,SLV,7373
2234338,71,197,1238,2018.0,4808.0,0.0,0.851197,2.261012,ESP,SLV,7373
2234339,77,197,1238,2018.0,133247.0,0.0,1.3578540000000001,0.9033700000000001,FRA,SLV,7373
2234340,81,197,1238,2018.0,15355.0,43068.0,1.481442,1.050259,GBR,SLV,7373
2234341,93,197,1238,2018.0,246046.0,62659.0,-0.321177,0.6339090000000001,GTM,SLV,7373
2234342,99,197,1238,2018.0,2570.0,20265.0,-0.505516,-0.20719899999999997,HND,SLV,7373
2234343,111,197,1238,2018.0,10436.0,0.0,1.4594799999999999,0.05113,ITA,SLV,7373
2234344,114,197,1238,2018.0,13267.0,0.0,2.480327,-0.559793,JPN,SLV,7373
2234345,121,197,1238,2018.0,9354.0,0.0,2.139149,0.795045,KOR,SLV,7373
2234346,138,197,1238,2018.0,572472.0,0.0,1.272851,0.646359,MEX,SLV,7373
2234347,160,197,1238,2018.0,19785.0,25211.0,-0.8788790000000001,-0.747015,NIC,SLV,7373
2234348,177,197,1238,2018.0,45820.0,0.0,1.1323860000000001,1.1465040000000002,POL,SLV,7373
2234349,231,197,1238,2018.0,818553.0,144461.0,1.5527739999999999,0.288577,USA,SLV,7373
2234350,236,197,1238,2018.0,2675.0,0.0,-1.180083,-1.23326,VEN,SLV,7373
2234351,249,197,1238,2018.0,66732.0,0.0,2.0283580000000003,1.1648319999999999,TWN,SLV,7373
2234352,250,197,1238,2018.0,1293.0,0.0,0.760441,-0.310861,ANS,SLV,7373
2234353,32,205,1238,2018.0,13546.0,0.0,0.166542,0.718965,BRA,SUR,7373
2234354,39,205,1238,2018.0,30262.0,0.0,0.60854,1.475283,CAN,SUR,7373
2234355,43,205,1238,2018.0,133755.0,0.0,1.378018,0.513572,CHN,SUR,7373
2234356,59,205,1238,2018.0,2869.0,1755.0,1.8018669999999999,0.022382,CZE,SUR,7373
2234357,61,205,1238,2018.0,8781.0,0.0,2.126861,-2.619524,DEU,SUR,7373
2234358,111,205,1238,2018.0,24952.0,0.0,1.4594799999999999,0.05113,ITA,SUR,7373
2234359,153,205,1238,2018.0,42738.0,0.0,1.047185,0.732742,MYS,SUR,7373
2234360,162,205,1238,2018.0,45111.0,0.0,1.060964,1.491808,NLD,SUR,7373
2234361,169,205,1238,2018.0,18000.0,0.0,0.007061,-0.13867100000000002,PAN,SUR,7373
2234362,222,205,1238,2018.0,32368.0,0.0,-0.32209299999999996,-1.0651540000000002,TTO,SUR,7373
2234363,231,205,1238,2018.0,525789.0,6833.0,1.5527739999999999,0.288577,USA,SUR,7373
2234364,234,205,1238,2018.0,13175.0,0.0,-0.37162,-0.674759,VCT,SUR,7373
2234365,249,205,1238,2018.0,3826.0,0.0,2.0283580000000003,1.1648319999999999,TWN,SUR,7373
2234366,4,206,1238,2018.0,0.0,3640.0,-0.403248,-0.180523,ALB,SVK,7373
2234367,7,206,1238,2018.0,0.0,135435.0,-0.020214,-0.570049,ARE,SVK,7373
2234368,8,206,1238,2018.0,0.0,2215.0,-0.239502,0.297865,ARG,SVK,7373
2234369,14,206,1238,2018.0,0.0,5938.0,-0.5578930000000001,-0.15666300000000002,AUS,SVK,7373
2234370,15,206,1238,2018.0,4487890.0,1372129.0,1.798687,-0.557271,AUT,SVK,7373
2234371,18,206,1238,2018.0,741712.0,1171509.0,1.244674,1.1368969999999998,BEL,SVK,7373
2234372,21,206,1238,2018.0,0.0,14580.0,-0.625138,-0.848562,BFA,SVK,7373
2234373,23,206,1238,2018.0,20361.0,169805.0,0.516917,1.915288,BGR,SVK,7373
2234374,26,206,1238,2018.0,38227.0,1526.0,0.676528,0.8948299999999999,BIH,SVK,7373
2234375,28,206,1238,2018.0,0.0,129769.0,0.86016,1.034144,BLR,SVK,7373
2234376,32,206,1238,2018.0,0.0,23204.0,0.166542,0.718965,BRA,SVK,7373
2234377,39,206,1238,2018.0,466174.0,56603.0,0.60854,1.475283,CAN,SVK,7373
2234378,41,206,1238,2018.0,1152792.0,1103013.0,2.173252,0.861742,CHE,SVK,7373
2234379,42,206,1238,2018.0,0.0,13315.0,-0.24325300000000002,-0.350271,CHL,SVK,7373
2234380,43,206,1238,2018.0,1787496.0,2967924.0,1.378018,0.513572,CHN,SVK,7373
2234381,44,206,1238,2018.0,0.0,27204.0,-1.021384,-0.898676,CIV,SVK,7373
2234382,45,206,1238,2018.0,0.0,8379.0,-1.2144,-1.0318260000000001,CMR,SVK,7373
2234383,52,206,1238,2018.0,4224.0,0.0,0.27715,0.33261999999999997,CRI,SVK,7373
2234384,54,206,1238,2018.0,0.0,141059.0,-1.077539,-1.241754,CUB,SVK,7373
2234385,58,206,1238,2018.0,0.0,3671.0,0.180009,-0.26353200000000004,CYP,SVK,7373
2234386,59,206,1238,2018.0,17339996.0,4014952.0,1.8018669999999999,0.022382,CZE,SVK,7373
2234387,61,206,1238,2018.0,35489612.0,13170159.0,2.126861,-2.619524,DEU,SVK,7373
2234388,62,206,1238,2018.0,3807.0,0.0,-0.266256,-0.608169,DJI,SVK,7373
2234389,64,206,1238,2018.0,3777.0,64634.0,1.094761,1.337348,DNK,SVK,7373
2234390,68,206,1238,2018.0,0.0,8956.0,-0.093935,1.6368610000000001,EGY,SVK,7373
2234391,71,206,1238,2018.0,581489.0,2792704.0,0.851197,2.261012,ESP,SVK,7373
2234392,72,206,1238,2018.0,10395.0,85253.0,0.957627,1.294173,EST,SVK,7373
2234393,74,206,1238,2018.0,1256924.0,0.0,1.561518,1.0198450000000001,FIN,SVK,7373
2234394,77,206,1238,2018.0,8493964.0,10920778.0,1.3578540000000001,0.9033700000000001,FRA,SVK,7373
2234395,81,206,1238,2018.0,1806843.0,649797.0,1.481442,1.050259,GBR,SVK,7373
2234396,90,206,1238,2018.0,0.0,29699.0,0.069841,0.922895,GRC,SVK,7373
2234397,97,206,1238,2018.0,9570.0,8006.0,0.8625149999999999,1.21001,HKG,SVK,7373
2234398,99,206,1238,2018.0,0.0,1205.0,-0.505516,-0.20719899999999997,HND,SVK,7373
2234399,100,206,1238,2018.0,4355.0,44928.0,0.8873559999999999,1.480788,HRV,SVK,7373
2234400,102,206,1238,2018.0,508904.0,569499.0,1.6983409999999999,0.693194,HUN,SVK,7373
2234401,103,206,1238,2018.0,0.0,23792.0,-0.0009939999999999999,1.417371,IDN,SVK,7373
2234402,104,206,1238,2018.0,459174.0,34555.0,0.536561,2.450287,IND,SVK,7373
2234403,106,206,1238,2018.0,60825.0,0.0,1.3647,0.094596,IRL,SVK,7373
2234404,110,206,1238,2018.0,2370.0,229853.0,1.205666,1.001693,ISR,SVK,7373
2234405,111,206,1238,2018.0,4865633.0,8159168.0,1.4594799999999999,0.05113,ITA,SVK,7373
2234406,114,206,1238,2018.0,445091.0,152571.0,2.480327,-0.559793,JPN,SVK,7373
2234407,115,206,1238,2018.0,0.0,7496.0,-0.625674,-0.605028,KAZ,SVK,7373
2234408,121,206,1238,2018.0,2176854.0,489508.0,2.139149,0.795045,KOR,SVK,7373
2234409,130,206,1238,2018.0,0.0,18861.0,0.839052,1.5688790000000001,LTU,SVK,7373
2234410,131,206,1238,2018.0,85139.0,0.0,1.098797,1.390282,LUX,SVK,7373
2234411,132,206,1238,2018.0,1176.0,48453.0,0.6984560000000001,1.29918,LVA,SVK,7373
2234412,134,206,1238,2018.0,0.0,39326.0,-0.57445,-0.14461400000000002,MAR,SVK,7373
2234413,135,206,1238,2018.0,0.0,3435.0,-0.222348,-0.091067,MDA,SVK,7373
2234414,136,206,1238,2018.0,0.0,9804.0,-1.056786,-0.9160709999999999,MDG,SVK,7373
2234415,138,206,1238,2018.0,150850.0,756243.0,1.272851,0.646359,MEX,SVK,7373
2234416,140,206,1238,2018.0,0.0,82174.0,0.056548,-0.273964,MKD,SVK,7373
2234417,141,206,1238,2018.0,0.0,1631.0,-0.805876,-0.907854,MLI,SVK,7373
2234418,144,206,1238,2018.0,0.0,5910.0,0.166157,0.132633,MNE,SVK,7373
2234419,151,206,1238,2018.0,0.0,3080.0,-0.268625,0.104254,MUS,SVK,7373
2234420,153,206,1238,2018.0,47998.0,56641.0,1.047185,0.732742,MYS,SVK,7373
2234421,162,206,1238,2018.0,4962350.0,5913501.0,1.060964,1.491808,NLD,SVK,7373
2234422,163,206,1238,2018.0,2181.0,18623.0,0.359254,-0.059994000000000006,NOR,SVK,7373
2234423,166,206,1238,2018.0,0.0,2621.0,0.113398,0.017740000000000002,NZL,SVK,7373
2234424,173,206,1238,2018.0,0.0,17245.0,-0.842934,-0.302396,PER,SVK,7373
2234425,174,206,1238,2018.0,10045.0,0.0,0.7233649999999999,0.23715300000000003,PHL,SVK,7373
2234426,177,206,1238,2018.0,4612743.0,5350860.0,1.1323860000000001,1.1465040000000002,POL,SVK,7373
2234427,179,206,1238,2018.0,0.0,3219.0,0.787381,1.959475,PRT,SVK,7373
2234428,185,206,1238,2018.0,37914.0,1118974.0,1.1458030000000001,1.194413,ROU,SVK,7373
2234429,186,206,1238,2018.0,0.0,1114621.0,-0.079971,0.11098599999999999,RUS,SVK,7373
2234430,188,206,1238,2018.0,0.0,6072.0,0.600485,-0.450466,SAU,SVK,7373
2234431,191,206,1238,2018.0,0.0,6031.0,-0.699313,-0.360203,SEN,SVK,7373
2234432,192,206,1238,2018.0,93498.0,30467.0,1.870268,0.672214,SGP,SVK,7373
2234433,201,206,1238,2018.0,19514.0,178950.0,0.665772,1.552409,SRB,SVK,7373
2234434,207,206,1238,2018.0,755474.0,22029.0,1.623183,0.7150850000000001,SVN,SVK,7373
2234435,208,206,1238,2018.0,7283762.0,33955.0,1.7254209999999999,0.638757,SWE,SVK,7373
2234436,216,206,1238,2018.0,73007.0,23032.0,1.188923,1.264666,THA,SVK,7373
2234437,223,206,1238,2018.0,0.0,163065.0,0.39611799999999997,1.252702,TUN,SVK,7373
2234438,224,206,1238,2018.0,22589.0,507570.0,0.5883510000000001,2.357541,TUR,SVK,7373
2234439,228,206,1238,2018.0,82195.0,295316.0,0.3281,1.0037459999999998,UKR,SVK,7373
2234440,231,206,1238,2018.0,622217.0,2294827.0,1.5527739999999999,0.288577,USA,SVK,7373
2234441,239,206,1238,2018.0,0.0,8638.0,0.111848,0.915842,VNM,SVK,7373
2234442,246,206,1238,2018.0,0.0,3546.0,-0.053311000000000004,1.45561,ZAF,SVK,7373
2234443,249,206,1238,2018.0,69864.0,28504.0,2.0283580000000003,1.1648319999999999,TWN,SVK,7373
2234444,250,206,1238,2018.0,5273666.0,0.0,0.760441,-0.310861,ANS,SVK,7373
2234445,4,207,1238,2018.0,9595.0,13486.0,-0.403248,-0.180523,ALB,SVN,7373
2234446,7,207,1238,2018.0,8945.0,33312.0,-0.020214,-0.570049,ARE,SVN,7373
2234447,8,207,1238,2018.0,0.0,4050.0,-0.239502,0.297865,ARG,SVN,7373
2234448,14,207,1238,2018.0,0.0,38254.0,-0.5578930000000001,-0.15666300000000002,AUS,SVN,7373
2234449,15,207,1238,2018.0,4177399.0,2209330.0,1.798687,-0.557271,AUT,SVN,7373
2234450,16,207,1238,2018.0,0.0,6614.0,-1.47928,-1.313633,AZE,SVN,7373
2234451,18,207,1238,2018.0,2376684.0,58130.0,1.244674,1.1368969999999998,BEL,SVN,7373
2234452,23,207,1238,2018.0,1399.0,86085.0,0.516917,1.915288,BGR,SVN,7373
2234453,24,207,1238,2018.0,0.0,6059.0,0.335652,-0.646621,BHR,SVN,7373
2234454,26,207,1238,2018.0,58808.0,779470.0,0.676528,0.8948299999999999,BIH,SVN,7373
2234455,28,207,1238,2018.0,0.0,828174.0,0.86016,1.034144,BLR,SVN,7373
2234456,32,207,1238,2018.0,0.0,88766.0,0.166542,0.718965,BRA,SVN,7373
2234457,41,207,1238,2018.0,1590410.0,116350.0,2.173252,0.861742,CHE,SVN,7373
2234458,43,207,1238,2018.0,5094626.0,30552.0,1.378018,0.513572,CHN,SVN,7373
2234459,52,207,1238,2018.0,4779.0,0.0,0.27715,0.33261999999999997,CRI,SVN,7373
2234460,59,207,1238,2018.0,388988.0,4205912.0,1.8018669999999999,0.022382,CZE,SVN,7373
2234461,61,207,1238,2018.0,31405790.0,9644992.0,2.126861,-2.619524,DEU,SVN,7373
2234462,64,207,1238,2018.0,16877.0,8108.0,1.094761,1.337348,DNK,SVN,7373
2234463,65,207,1238,2018.0,0.0,3227.0,-0.205988,0.291906,DOM,SVN,7373
2234464,71,207,1238,2018.0,294606.0,142811.0,0.851197,2.261012,ESP,SVN,7373
2234465,72,207,1238,2018.0,28792.0,13031.0,0.957627,1.294173,EST,SVN,7373
2234466,74,207,1238,2018.0,1686053.0,3538.0,1.561518,1.0198450000000001,FIN,SVN,7373
2234467,77,207,1238,2018.0,2440785.0,682451.0,1.3578540000000001,0.9033700000000001,FRA,SVN,7373
2234468,81,207,1238,2018.0,262258.0,484085.0,1.481442,1.050259,GBR,SVN,7373
2234469,82,207,1238,2018.0,0.0,4814.0,-0.059633000000000005,-0.073048,GEO,SVN,7373
2234470,97,207,1238,2018.0,36901.0,0.0,0.8625149999999999,1.21001,HKG,SVN,7373
2234471,100,207,1238,2018.0,267533.0,2482521.0,0.8873559999999999,1.480788,HRV,SVN,7373
2234472,102,207,1238,2018.0,213495.0,3044799.0,1.6983409999999999,0.693194,HUN,SVN,7373
2234473,103,207,1238,2018.0,0.0,5628.0,-0.0009939999999999999,1.417371,IDN,SVN,7373
2234474,104,207,1238,2018.0,11595.0,2775.0,0.536561,2.450287,IND,SVN,7373
2234475,106,207,1238,2018.0,5454.0,58198.0,1.3647,0.094596,IRL,SVN,7373
2234476,111,207,1238,2018.0,6574818.0,540160.0,1.4594799999999999,0.05113,ITA,SVN,7373
2234477,114,207,1238,2018.0,1122829.0,0.0,2.480327,-0.559793,JPN,SVN,7373
2234478,121,207,1238,2018.0,256106.0,127841.0,2.139149,0.795045,KOR,SVN,7373
2234479,126,207,1238,2018.0,0.0,98002.0,-1.454322,-1.169087,LBY,SVN,7373
2234480,130,207,1238,2018.0,0.0,112315.0,0.839052,1.5688790000000001,LTU,SVN,7373
2234481,131,207,1238,2018.0,410461.0,60254.0,1.098797,1.390282,LUX,SVN,7373
2234482,132,207,1238,2018.0,2618.0,26072.0,0.6984560000000001,1.29918,LVA,SVN,7373
2234483,134,207,1238,2018.0,0.0,9014.0,-0.57445,-0.14461400000000002,MAR,SVN,7373
2234484,135,207,1238,2018.0,0.0,13826.0,-0.222348,-0.091067,MDA,SVN,7373
2234485,138,207,1238,2018.0,80536.0,94497.0,1.272851,0.646359,MEX,SVN,7373
2234486,140,207,1238,2018.0,9730.0,918057.0,0.056548,-0.273964,MKD,SVN,7373
2234487,144,207,1238,2018.0,0.0,62342.0,0.166157,0.132633,MNE,SVN,7373
2234488,151,207,1238,2018.0,0.0,1032.0,-0.268625,0.104254,MUS,SVN,7373
2234489,153,207,1238,2018.0,16525.0,16395.0,1.047185,0.732742,MYS,SVN,7373
2234490,162,207,1238,2018.0,1343990.0,382708.0,1.060964,1.491808,NLD,SVN,7373
2234491,163,207,1238,2018.0,0.0,3148.0,0.359254,-0.059994000000000006,NOR,SVN,7373
2234492,174,207,1238,2018.0,0.0,116355.0,0.7233649999999999,0.23715300000000003,PHL,SVN,7373
2234493,177,207,1238,2018.0,80575.0,1981421.0,1.1323860000000001,1.1465040000000002,POL,SVN,7373
2234494,179,207,1238,2018.0,2230.0,1155532.0,0.787381,1.959475,PRT,SVN,7373
2234495,183,207,1238,2018.0,3296.0,0.0,-0.291537,-1.022145,QAT,SVN,7373
2234496,185,207,1238,2018.0,2480455.0,564142.0,1.1458030000000001,1.194413,ROU,SVN,7373
2234497,186,207,1238,2018.0,0.0,196649.0,-0.079971,0.11098599999999999,RUS,SVN,7373
2234498,188,207,1238,2018.0,0.0,26706.0,0.600485,-0.450466,SAU,SVN,7373
2234499,192,207,1238,2018.0,0.0,63115.0,1.870268,0.672214,SGP,SVN,7373
2234500,201,207,1238,2018.0,154613.0,2665495.0,0.665772,1.552409,SRB,SVN,7373
2234501,206,207,1238,2018.0,22029.0,755474.0,1.445669,0.9135850000000001,SVK,SVN,7373
2234502,208,207,1238,2018.0,3514747.0,154943.0,1.7254209999999999,0.638757,SWE,SVN,7373
2234503,216,207,1238,2018.0,44383.0,100191.0,1.188923,1.264666,THA,SVN,7373
2234504,224,207,1238,2018.0,514580.0,157392.0,0.5883510000000001,2.357541,TUR,SVN,7373
2234505,228,207,1238,2018.0,0.0,4992.0,0.3281,1.0037459999999998,UKR,SVN,7373
2234506,231,207,1238,2018.0,47983.0,1228815.0,1.5527739999999999,0.288577,USA,SVN,7373
2234507,246,207,1238,2018.0,0.0,646412.0,-0.053311000000000004,1.45561,ZAF,SVN,7373
2234508,249,207,1238,2018.0,42723.0,0.0,2.0283580000000003,1.1648319999999999,TWN,SVN,7373
2234509,4,208,1238,2018.0,0.0,142704.0,-0.403248,-0.180523,ALB,SWE,7373
2234510,7,208,1238,2018.0,14222.0,550271.0,-0.020214,-0.570049,ARE,SWE,7373
2234511,8,208,1238,2018.0,0.0,262795.0,-0.239502,0.297865,ARG,SWE,7373
2234512,9,208,1238,2018.0,0.0,2937.0,-0.42181499999999994,-0.663385,ARM,SWE,7373
2234513,14,208,1238,2018.0,19088.0,1077367.0,-0.5578930000000001,-0.15666300000000002,AUS,SWE,7373
2234514,15,208,1238,2018.0,5496438.0,11593390.0,1.798687,-0.557271,AUT,SWE,7373
2234515,16,208,1238,2018.0,8942.0,67654.0,-1.47928,-1.313633,AZE,SWE,7373
2234516,18,208,1238,2018.0,1635102.0,8310134.0,1.244674,1.1368969999999998,BEL,SWE,7373
2234517,23,208,1238,2018.0,0.0,167178.0,0.516917,1.915288,BGR,SWE,7373
2234518,24,208,1238,2018.0,0.0,20471.0,0.335652,-0.646621,BHR,SWE,7373
2234519,26,208,1238,2018.0,0.0,14298.0,0.676528,0.8948299999999999,BIH,SWE,7373
2234520,28,208,1238,2018.0,0.0,32805.0,0.86016,1.034144,BLR,SWE,7373
2234521,31,208,1238,2018.0,0.0,5470.0,-1.069519,-0.942264,BOL,SWE,7373
2234522,32,208,1238,2018.0,7779.0,369527.0,0.166542,0.718965,BRA,SWE,7373
2234523,34,208,1238,2018.0,0.0,155826.0,-0.360468,-0.826729,BRN,SWE,7373
2234524,39,208,1238,2018.0,537436.0,1084357.0,0.60854,1.475283,CAN,SWE,7373
2234525,41,208,1238,2018.0,7978442.0,316322.0,2.173252,0.861742,CHE,SWE,7373
2234526,42,208,1238,2018.0,0.0,28972.0,-0.24325300000000002,-0.350271,CHL,SWE,7373
2234527,43,208,1238,2018.0,2564504.0,10896309.0,1.378018,0.513572,CHN,SWE,7373
2234528,45,208,1238,2018.0,0.0,16670.0,-1.2144,-1.0318260000000001,CMR,SWE,7373
2234529,49,208,1238,2018.0,0.0,27223.0,0.144073,-0.10276199999999999,COL,SWE,7373
2234530,58,208,1238,2018.0,0.0,3604.0,0.180009,-0.26353200000000004,CYP,SWE,7373
2234531,59,208,1238,2018.0,1082384.0,18588140.0,1.8018669999999999,0.022382,CZE,SWE,7373
2234532,61,208,1238,2018.0,24311228.0,84044208.0,2.126861,-2.619524,DEU,SWE,7373
2234533,64,208,1238,2018.0,4059028.0,5835678.0,1.094761,1.337348,DNK,SWE,7373
2234534,66,208,1238,2018.0,0.0,28208.0,-1.121185,-1.196891,DZA,SWE,7373
2234535,67,208,1238,2018.0,0.0,13332.0,-0.9813709999999999,-1.073273,ECU,SWE,7373
2234536,68,208,1238,2018.0,0.0,43355.0,-0.093935,1.6368610000000001,EGY,SWE,7373
2234537,71,208,1238,2018.0,1380451.0,24886618.0,0.851197,2.261012,ESP,SWE,7373
2234538,72,208,1238,2018.0,317395.0,1929729.0,0.957627,1.294173,EST,SWE,7373
2234539,73,208,1238,2018.0,0.0,6987.0,-0.663343,-0.384372,ETH,SWE,7373
2234540,74,208,1238,2018.0,4936589.0,6724974.0,1.561518,1.0198450000000001,FIN,SWE,7373
2234541,77,208,1238,2018.0,1621960.0,25200678.0,1.3578540000000001,0.9033700000000001,FRA,SWE,7373
2234542,78,208,1238,2018.0,0.0,2193.0,-1.2035120000000001,-1.0473700000000001,FRO,SWE,7373
2234543,81,208,1238,2018.0,2620355.0,22582960.0,1.481442,1.050259,GBR,SWE,7373
2234544,90,208,1238,2018.0,11013.0,13979.0,0.069841,0.922895,GRC,SWE,7373
2234545,97,208,1238,2018.0,356921.0,65863.0,0.8625149999999999,1.21001,HKG,SWE,7373
2234546,100,208,1238,2018.0,0.0,132671.0,0.8873559999999999,1.480788,HRV,SWE,7373
2234547,102,208,1238,2018.0,37312.0,2202727.0,1.6983409999999999,0.693194,HUN,SWE,7373
2234548,103,208,1238,2018.0,0.0,81819.0,-0.0009939999999999999,1.417371,IDN,SWE,7373
2234549,104,208,1238,2018.0,19535.0,1858396.0,0.536561,2.450287,IND,SWE,7373
2234550,106,208,1238,2018.0,225735.0,406460.0,1.3647,0.094596,IRL,SWE,7373
2234551,107,208,1238,2018.0,0.0,1275.0,-0.290723,-0.430805,IRN,SWE,7373
2234552,108,208,1238,2018.0,0.0,25570.0,-0.627753,-0.983086,IRQ,SWE,7373
2234553,109,208,1238,2018.0,0.0,116258.0,0.161776,-0.293048,ISL,SWE,7373
2234554,110,208,1238,2018.0,5444.0,309213.0,1.205666,1.001693,ISR,SWE,7373
2234555,111,208,1238,2018.0,8373066.0,41348932.0,1.4594799999999999,0.05113,ITA,SWE,7373
2234556,113,208,1238,2018.0,0.0,17217.0,0.125467,0.382625,JOR,SWE,7373
2234557,114,208,1238,2018.0,797974.0,803193.0,2.480327,-0.559793,JPN,SWE,7373
2234558,115,208,1238,2018.0,0.0,43546.0,-0.625674,-0.605028,KAZ,SWE,7373
2234559,116,208,1238,2018.0,0.0,23134.0,-0.381632,0.460819,KEN,SWE,7373
2234560,121,208,1238,2018.0,290452.0,369857.0,2.139149,0.795045,KOR,SWE,7373
2234561,122,208,1238,2018.0,0.0,117826.0,-0.790523,-1.136525,KWT,SWE,7373
2234562,124,208,1238,2018.0,4674.0,10607.0,0.37832899999999997,1.077452,LBN,SWE,7373
2234563,125,208,1238,2018.0,0.0,8422.0,-1.081874,-1.105082,LBR,SWE,7373
2234564,130,208,1238,2018.0,87038.0,1047263.0,0.839052,1.5688790000000001,LTU,SWE,7373
2234565,131,208,1238,2018.0,54918.0,12387.0,1.098797,1.390282,LUX,SWE,7373
2234566,132,208,1238,2018.0,412566.0,315365.0,0.6984560000000001,1.29918,LVA,SWE,7373
2234567,134,208,1238,2018.0,0.0,165010.0,-0.57445,-0.14461400000000002,MAR,SWE,7373
2234568,135,208,1238,2018.0,0.0,13586.0,-0.222348,-0.091067,MDA,SWE,7373
2234569,138,208,1238,2018.0,2286.0,272157.0,1.272851,0.646359,MEX,SWE,7373
2234570,153,208,1238,2018.0,3399.0,82062.0,1.047185,0.732742,MYS,SWE,7373
2234571,156,208,1238,2018.0,0.0,2443.0,-0.260395,-0.805425,NCL,SWE,7373
2234572,157,208,1238,2018.0,0.0,22647.0,-0.432568,-0.841635,NER,SWE,7373
2234573,162,208,1238,2018.0,2846153.0,1207207.0,1.060964,1.491808,NLD,SWE,7373
2234574,163,208,1238,2018.0,1177360.0,5032318.0,0.359254,-0.059994000000000006,NOR,SWE,7373
2234575,166,208,1238,2018.0,0.0,40866.0,0.113398,0.017740000000000002,NZL,SWE,7373
2234576,167,208,1238,2018.0,1222.0,25890.0,-0.513727,-0.9944280000000001,OMN,SWE,7373
2234577,168,208,1238,2018.0,0.0,7083.0,-0.737637,0.274296,PAK,SWE,7373
2234578,169,208,1238,2018.0,0.0,2075.0,0.007061,-0.13867100000000002,PAN,SWE,7373
2234579,173,208,1238,2018.0,0.0,25655.0,-0.842934,-0.302396,PER,SWE,7373
2234580,177,208,1238,2018.0,8697413.0,8227288.0,1.1323860000000001,1.1465040000000002,POL,SWE,7373
2234581,179,208,1238,2018.0,4445.0,2711476.0,0.787381,1.959475,PRT,SWE,7373
2234582,183,208,1238,2018.0,0.0,122493.0,-0.291537,-1.022145,QAT,SWE,7373
2234583,185,208,1238,2018.0,601365.0,73061.0,1.1458030000000001,1.194413,ROU,SWE,7373
2234584,186,208,1238,2018.0,8216.0,1935193.0,-0.079971,0.11098599999999999,RUS,SWE,7373
2234585,188,208,1238,2018.0,0.0,131958.0,0.600485,-0.450466,SAU,SWE,7373
2234586,192,208,1238,2018.0,77186.0,1643370.0,1.870268,0.672214,SGP,SWE,7373
2234587,201,208,1238,2018.0,108405.0,19821.0,0.665772,1.552409,SRB,SWE,7373
2234588,206,208,1238,2018.0,33955.0,7283762.0,1.445669,0.9135850000000001,SVK,SWE,7373
2234589,207,208,1238,2018.0,154943.0,3514747.0,1.623183,0.7150850000000001,SVN,SWE,7373
2234590,216,208,1238,2018.0,8265.0,2529486.0,1.188923,1.264666,THA,SWE,7373
2234591,223,208,1238,2018.0,0.0,33127.0,0.39611799999999997,1.252702,TUN,SWE,7373
2234592,224,208,1238,2018.0,260077.0,1331355.0,0.5883510000000001,2.357541,TUR,SWE,7373
2234593,226,208,1238,2018.0,0.0,6493.0,-0.12971300000000002,1.379649,TZA,SWE,7373
2234594,228,208,1238,2018.0,0.0,234135.0,0.3281,1.0037459999999998,UKR,SWE,7373
2234595,230,208,1238,2018.0,0.0,18702.0,0.016527,-0.250715,URY,SWE,7373
2234596,231,208,1238,2018.0,2027474.0,18097286.0,1.5527739999999999,0.288577,USA,SWE,7373
2234597,239,208,1238,2018.0,0.0,260607.0,0.111848,0.915842,VNM,SWE,7373
2234598,246,208,1238,2018.0,0.0,1464155.0,-0.053311000000000004,1.45561,ZAF,SWE,7373
2234599,247,208,1238,2018.0,0.0,2477.0,-0.8302510000000001,-0.932916,ZMB,SWE,7373
2234600,249,208,1238,2018.0,395442.0,122620.0,2.0283580000000003,1.1648319999999999,TWN,SWE,7373
2234601,7,216,1238,2018.0,1583.0,62214.0,-0.020214,-0.570049,ARE,THA,7373
2234602,14,216,1238,2018.0,506321.0,340885.0,-0.5578930000000001,-0.15666300000000002,AUS,THA,7373
2234603,15,216,1238,2018.0,1258753.0,181466.0,1.798687,-0.557271,AUT,THA,7373
2234604,16,216,1238,2018.0,0.0,7410.0,-1.47928,-1.313633,AZE,THA,7373
2234605,18,216,1238,2018.0,32779.0,1721.0,1.244674,1.1368969999999998,BEL,THA,7373
2234606,22,216,1238,2018.0,0.0,402615.0,-0.9003549999999999,-1.1066610000000001,BGD,THA,7373
2234607,24,216,1238,2018.0,0.0,60696.0,0.335652,-0.646621,BHR,THA,7373
2234608,26,216,1238,2018.0,32786.0,7840.0,0.676528,0.8948299999999999,BIH,THA,7373
2234609,32,216,1238,2018.0,13049.0,370288.0,0.166542,0.718965,BRA,THA,7373
2234610,35,216,1238,2018.0,0.0,1606.0,-0.118432,-0.779945,BTN,THA,7373
2234611,39,216,1238,2018.0,97843.0,564760.0,0.60854,1.475283,CAN,THA,7373
2234612,41,216,1238,2018.0,5314507.0,31541.0,2.173252,0.861742,CHE,THA,7373
2234613,43,216,1238,2018.0,72309280.0,4126901.0,1.378018,0.513572,CHN,THA,7373
2234614,44,216,1238,2018.0,0.0,12273.0,-1.021384,-0.898676,CIV,THA,7373
2234615,49,216,1238,2018.0,0.0,15510.0,0.144073,-0.10276199999999999,COL,THA,7373
2234616,52,216,1238,2018.0,184267.0,0.0,0.27715,0.33261999999999997,CRI,THA,7373
2234617,59,216,1238,2018.0,37844.0,3089.0,1.8018669999999999,0.022382,CZE,THA,7373
2234618,61,216,1238,2018.0,24856844.0,333483.0,2.126861,-2.619524,DEU,THA,7373
2234619,64,216,1238,2018.0,136867.0,5434.0,1.094761,1.337348,DNK,THA,7373
2234620,68,216,1238,2018.0,0.0,5195.0,-0.093935,1.6368610000000001,EGY,THA,7373
2234621,71,216,1238,2018.0,206799.0,113626.0,0.851197,2.261012,ESP,THA,7373
2234622,74,216,1238,2018.0,520343.0,6579.0,1.561518,1.0198450000000001,FIN,THA,7373
2234623,75,216,1238,2018.0,0.0,1060.0,-0.31149299999999996,0.198303,FJI,THA,7373
2234624,77,216,1238,2018.0,2706646.0,85891.0,1.3578540000000001,0.9033700000000001,FRA,THA,7373
2234625,81,216,1238,2018.0,402345.0,382595.0,1.481442,1.050259,GBR,THA,7373
2234626,97,216,1238,2018.0,932966.0,2211671.0,0.8625149999999999,1.21001,HKG,THA,7373
2234627,100,216,1238,2018.0,0.0,36905.0,0.8873559999999999,1.480788,HRV,THA,7373
2234628,102,216,1238,2018.0,8378.0,0.0,1.6983409999999999,0.693194,HUN,THA,7373
2234629,103,216,1238,2018.0,79185.0,8488416.0,-0.0009939999999999999,1.417371,IDN,THA,7373
2234630,104,216,1238,2018.0,588831.0,1484276.0,0.536561,2.450287,IND,THA,7373
2234631,107,216,1238,2018.0,0.0,338300.0,-0.290723,-0.430805,IRN,THA,7373
2234632,110,216,1238,2018.0,1885398.0,0.0,1.205666,1.001693,ISR,THA,7373
2234633,111,216,1238,2018.0,1956065.0,81257.0,1.4594799999999999,0.05113,ITA,THA,7373
2234634,114,216,1238,2018.0,115288752.0,26963834.0,2.480327,-0.559793,JPN,THA,7373
2234635,115,216,1238,2018.0,0.0,12386.0,-0.625674,-0.605028,KAZ,THA,7373
2234636,116,216,1238,2018.0,0.0,6630.0,-0.381632,0.460819,KEN,THA,7373
2234637,118,216,1238,2018.0,4205.0,961397.0,-0.5513779999999999,-0.598237,KHM,THA,7373
2234638,121,216,1238,2018.0,7052776.0,48732.0,2.139149,0.795045,KOR,THA,7373
2234639,123,216,1238,2018.0,1074904.0,1125938.0,-0.60597,-0.479868,LAO,THA,7373
2234640,124,216,1238,2018.0,0.0,4759.0,0.37832899999999997,1.077452,LBN,THA,7373
2234641,128,216,1238,2018.0,0.0,166498.0,-0.364093,0.347953,LKA,THA,7373
2234642,134,216,1238,2018.0,0.0,12337.0,-0.57445,-0.14461400000000002,MAR,THA,7373
2234643,136,216,1238,2018.0,0.0,1048.0,-1.056786,-0.9160709999999999,MDG,THA,7373
2234644,137,216,1238,2018.0,0.0,53242.0,-1.128674,-1.053328,MDV,THA,7373
2234645,138,216,1238,2018.0,284006.0,1057667.0,1.272851,0.646359,MEX,THA,7373
2234646,142,216,1238,2018.0,0.0,1018.0,0.860195,0.281449,MLT,THA,7373
2234647,143,216,1238,2018.0,1082.0,704198.0,-0.9970469999999999,-0.28486,MMR,THA,7373
2234648,153,216,1238,2018.0,6197614.0,10898036.0,1.047185,0.732742,MYS,THA,7373
2234649,162,216,1238,2018.0,1479644.0,396322.0,1.060964,1.491808,NLD,THA,7373
2234650,163,216,1238,2018.0,0.0,7034.0,0.359254,-0.059994000000000006,NOR,THA,7373
2234651,166,216,1238,2018.0,0.0,673603.0,0.113398,0.017740000000000002,NZL,THA,7373
2234652,167,216,1238,2018.0,0.0,39091.0,-0.513727,-0.9944280000000001,OMN,THA,7373
2234653,168,216,1238,2018.0,4848.0,420431.0,-0.737637,0.274296,PAK,THA,7373
2234654,173,216,1238,2018.0,0.0,4748.0,-0.842934,-0.302396,PER,THA,7373
2234655,174,216,1238,2018.0,123126.0,1644219.0,0.7233649999999999,0.23715300000000003,PHL,THA,7373
2234656,176,216,1238,2018.0,0.0,5199.0,-1.7208310000000002,-1.2635370000000001,PNG,THA,7373
2234657,177,216,1238,2018.0,901342.0,167275.0,1.1323860000000001,1.1465040000000002,POL,THA,7373
2234658,186,216,1238,2018.0,9931.0,141865.0,-0.079971,0.11098599999999999,RUS,THA,7373
2234659,188,216,1238,2018.0,0.0,7498.0,0.600485,-0.450466,SAU,THA,7373
2234660,192,216,1238,2018.0,12530525.0,3168373.0,1.870268,0.672214,SGP,THA,7373
2234661,206,216,1238,2018.0,23032.0,73007.0,1.445669,0.9135850000000001,SVK,THA,7373
2234662,207,216,1238,2018.0,100191.0,44383.0,1.623183,0.7150850000000001,SVN,THA,7373
2234663,208,216,1238,2018.0,2529486.0,8265.0,1.7254209999999999,0.638757,SWE,THA,7373
2234664,212,216,1238,2018.0,0.0,1987.0,-0.665828,-0.006848000000000001,SYR,THA,7373
2234665,224,216,1238,2018.0,31041.0,137077.0,0.5883510000000001,2.357541,TUR,THA,7373
2234666,228,216,1238,2018.0,3226.0,26798.0,0.3281,1.0037459999999998,UKR,THA,7373
2234667,231,216,1238,2018.0,9625677.0,2106718.0,1.5527739999999999,0.288577,USA,THA,7373
2234668,239,216,1238,2018.0,198904.0,3917013.0,0.111848,0.915842,VNM,THA,7373
2234669,246,216,1238,2018.0,51274.0,76823.0,-0.053311000000000004,1.45561,ZAF,THA,7373
2234670,249,216,1238,2018.0,5085100.0,333568.0,2.0283580000000003,1.1648319999999999,TWN,THA,7373
2234671,14,222,1238,2018.0,190639.0,0.0,-0.5578930000000001,-0.15666300000000002,AUS,TTO,7373
2234672,15,222,1238,2018.0,70609.0,0.0,1.798687,-0.557271,AUT,TTO,7373
2234673,39,222,1238,2018.0,11881.0,0.0,0.60854,1.475283,CAN,TTO,7373
2234674,41,222,1238,2018.0,14777.0,0.0,2.173252,0.861742,CHE,TTO,7373
2234675,43,222,1238,2018.0,110973.0,0.0,1.378018,0.513572,CHN,TTO,7373
2234676,61,222,1238,2018.0,19825.0,0.0,2.126861,-2.619524,DEU,TTO,7373
2234677,81,222,1238,2018.0,39872.0,0.0,1.481442,1.050259,GBR,TTO,7373
2234678,91,222,1238,2018.0,6055.0,28788.0,0.508417,-0.198203,GRD,TTO,7373
2234679,96,222,1238,2018.0,7599.0,58082.0,-0.83525,-1.040274,GUY,TTO,7373
2234680,103,222,1238,2018.0,65934.0,0.0,-0.0009939999999999999,1.417371,IDN,TTO,7373
2234681,111,222,1238,2018.0,89705.0,14505.0,1.4594799999999999,0.05113,ITA,TTO,7373
2234682,114,222,1238,2018.0,125480.0,0.0,2.480327,-0.559793,JPN,TTO,7373
2234683,138,222,1238,2018.0,51284.0,0.0,1.272851,0.646359,MEX,TTO,7373
2234684,153,222,1238,2018.0,4555.0,0.0,1.047185,0.732742,MYS,TTO,7373
2234685,163,222,1238,2018.0,3058.0,0.0,0.359254,-0.059994000000000006,NOR,TTO,7373
2234686,192,222,1238,2018.0,14409.0,2579.0,1.870268,0.672214,SGP,TTO,7373
2234687,205,222,1238,2018.0,0.0,32368.0,-0.721134,-1.069008,SUR,TTO,7373
2234688,231,222,1238,2018.0,1386749.0,0.0,1.5527739999999999,0.288577,USA,TTO,7373
2234689,234,222,1238,2018.0,10550.0,0.0,-0.37162,-0.674759,VCT,TTO,7373
2234690,249,222,1238,2018.0,9171.0,0.0,2.0283580000000003,1.1648319999999999,TWN,TTO,7373
2234691,1,224,1238,2018.0,0.0,31935.0,-1.098293,-0.812288,AFG,TUR,7373
2234692,2,224,1238,2018.0,0.0,270034.0,-1.6785400000000001,-1.2244030000000001,AGO,TUR,7373
2234693,4,224,1238,2018.0,2475.0,133513.0,-0.403248,-0.180523,ALB,TUR,7373
2234694,7,224,1238,2018.0,50814.0,1417117.0,-0.020214,-0.570049,ARE,TUR,7373
2234695,8,224,1238,2018.0,0.0,403886.0,-0.239502,0.297865,ARG,TUR,7373
2234696,14,224,1238,2018.0,32393.0,26684.0,-0.5578930000000001,-0.15666300000000002,AUS,TUR,7373
2234697,15,224,1238,2018.0,4383970.0,57662.0,1.798687,-0.557271,AUT,TUR,7373
2234698,16,224,1238,2018.0,0.0,1689097.0,-1.47928,-1.313633,AZE,TUR,7373
2234699,18,224,1238,2018.0,2096705.0,48178.0,1.244674,1.1368969999999998,BEL,TUR,7373
2234700,19,224,1238,2018.0,0.0,13139.0,-0.775822,-0.800248,BEN,TUR,7373
2234701,21,224,1238,2018.0,0.0,35472.0,-0.625138,-0.848562,BFA,TUR,7373
2234702,22,224,1238,2018.0,0.0,669007.0,-0.9003549999999999,-1.1066610000000001,BGD,TUR,7373
2234703,23,224,1238,2018.0,263104.0,1107887.0,0.516917,1.915288,BGR,TUR,7373
2234704,24,224,1238,2018.0,0.0,26940.0,0.335652,-0.646621,BHR,TUR,7373
2234705,26,224,1238,2018.0,65445.0,248751.0,0.676528,0.8948299999999999,BIH,TUR,7373
2234706,28,224,1238,2018.0,0.0,142624.0,0.86016,1.034144,BLR,TUR,7373
2234707,31,224,1238,2018.0,0.0,2858.0,-1.069519,-0.942264,BOL,TUR,7373
2234708,32,224,1238,2018.0,99903.0,146038.0,0.166542,0.718965,BRA,TUR,7373
2234709,39,224,1238,2018.0,78553.0,46191.0,0.60854,1.475283,CAN,TUR,7373
2234710,41,224,1238,2018.0,5120367.0,129830.0,2.173252,0.861742,CHE,TUR,7373
2234711,42,224,1238,2018.0,0.0,588781.0,-0.24325300000000002,-0.350271,CHL,TUR,7373
2234712,43,224,1238,2018.0,14307286.0,185251.0,1.378018,0.513572,CHN,TUR,7373
2234713,44,224,1238,2018.0,0.0,243908.0,-1.021384,-0.898676,CIV,TUR,7373
2234714,45,224,1238,2018.0,0.0,47263.0,-1.2144,-1.0318260000000001,CMR,TUR,7373
2234715,46,224,1238,2018.0,0.0,10312.0,-1.704339,-1.211619,COD,TUR,7373
2234716,47,224,1238,2018.0,0.0,29195.0,-1.614157,-1.177288,COG,TUR,7373
2234717,49,224,1238,2018.0,0.0,107928.0,0.144073,-0.10276199999999999,COL,TUR,7373
2234718,52,224,1238,2018.0,1548.0,0.0,0.27715,0.33261999999999997,CRI,TUR,7373
2234719,58,224,1238,2018.0,0.0,267335.0,0.180009,-0.26353200000000004,CYP,TUR,7373
2234720,59,224,1238,2018.0,1587754.0,180683.0,1.8018669999999999,0.022382,CZE,TUR,7373
2234721,61,224,1238,2018.0,41530748.0,1158004.0,2.126861,-2.619524,DEU,TUR,7373
2234722,64,224,1238,2018.0,64231.0,64637.0,1.094761,1.337348,DNK,TUR,7373
2234723,65,224,1238,2018.0,0.0,11578.0,-0.205988,0.291906,DOM,TUR,7373
2234724,66,224,1238,2018.0,35722.0,3195947.0,-1.121185,-1.196891,DZA,TUR,7373
2234725,67,224,1238,2018.0,0.0,29349.0,-0.9813709999999999,-1.073273,ECU,TUR,7373
2234726,68,224,1238,2018.0,92134.0,1216329.0,-0.093935,1.6368610000000001,EGY,TUR,7373
2234727,71,224,1238,2018.0,12884524.0,1326343.0,0.851197,2.261012,ESP,TUR,7373
2234728,72,224,1238,2018.0,1913.0,91218.0,0.957627,1.294173,EST,TUR,7373
2234729,73,224,1238,2018.0,0.0,409294.0,-0.663343,-0.384372,ETH,TUR,7373
2234730,74,224,1238,2018.0,738034.0,61541.0,1.561518,1.0198450000000001,FIN,TUR,7373
2234731,77,224,1238,2018.0,11619984.0,928422.0,1.3578540000000001,0.9033700000000001,FRA,TUR,7373
2234732,81,224,1238,2018.0,1319689.0,2776368.0,1.481442,1.050259,GBR,TUR,7373
2234733,82,224,1238,2018.0,18083.0,914080.0,-0.059633000000000005,-0.073048,GEO,TUR,7373
2234734,83,224,1238,2018.0,0.0,21427.0,-0.769089,-0.8389200000000001,GHA,TUR,7373
2234735,85,224,1238,2018.0,0.0,38372.0,-1.3262909999999999,-1.237056,GIN,TUR,7373
2234736,87,224,1238,2018.0,0.0,7571.0,-1.001758,-0.771311,GMB,TUR,7373
2234737,90,224,1238,2018.0,469421.0,321463.0,0.069841,0.922895,GRC,TUR,7373
2234738,93,224,1238,2018.0,0.0,6282.0,-0.321177,0.6339090000000001,GTM,TUR,7373
2234739,97,224,1238,2018.0,65799.0,5245.0,0.8625149999999999,1.21001,HKG,TUR,7373
2234740,100,224,1238,2018.0,32028.0,58270.0,0.8873559999999999,1.480788,HRV,TUR,7373
2234741,102,224,1238,2018.0,347475.0,296769.0,1.6983409999999999,0.693194,HUN,TUR,7373
2234742,103,224,1238,2018.0,0.0,39341.0,-0.0009939999999999999,1.417371,IDN,TUR,7373
2234743,104,224,1238,2018.0,625984.0,631894.0,0.536561,2.450287,IND,TUR,7373
2234744,106,224,1238,2018.0,35013.0,226798.0,1.3647,0.094596,IRL,TUR,7373
2234745,107,224,1238,2018.0,0.0,1197799.0,-0.290723,-0.430805,IRN,TUR,7373
2234746,108,224,1238,2018.0,108099.0,1323090.0,-0.627753,-0.983086,IRQ,TUR,7373
2234747,110,224,1238,2018.0,4220.0,571631.0,1.205666,1.001693,ISR,TUR,7373
2234748,111,224,1238,2018.0,38626704.0,1461268.0,1.4594799999999999,0.05113,ITA,TUR,7373
2234749,113,224,1238,2018.0,0.0,186234.0,0.125467,0.382625,JOR,TUR,7373
2234750,114,224,1238,2018.0,9789870.0,3243.0,2.480327,-0.559793,JPN,TUR,7373
2234751,115,224,1238,2018.0,0.0,1093203.0,-0.625674,-0.605028,KAZ,TUR,7373
2234752,116,224,1238,2018.0,0.0,347317.0,-0.381632,0.460819,KEN,TUR,7373
2234753,117,224,1238,2018.0,0.0,40307.0,0.000495,0.601278,KGZ,TUR,7373
2234754,118,224,1238,2018.0,0.0,1781.0,-0.5513779999999999,-0.598237,KHM,TUR,7373
2234755,121,224,1238,2018.0,1442844.0,60845.0,2.139149,0.795045,KOR,TUR,7373
2234756,122,224,1238,2018.0,0.0,434726.0,-0.790523,-1.136525,KWT,TUR,7373
2234757,124,224,1238,2018.0,1869.0,848352.0,0.37832899999999997,1.077452,LBN,TUR,7373
2234758,125,224,1238,2018.0,0.0,173222.0,-1.081874,-1.105082,LBR,TUR,7373
2234759,126,224,1238,2018.0,0.0,205603.0,-1.454322,-1.169087,LBY,TUR,7373
2234760,127,224,1238,2018.0,0.0,8343.0,0.412714,0.17183900000000002,LCA,TUR,7373
2234761,128,224,1238,2018.0,0.0,73824.0,-0.364093,0.347953,LKA,TUR,7373
2234762,130,224,1238,2018.0,0.0,38700.0,0.839052,1.5688790000000001,LTU,TUR,7373
2234763,131,224,1238,2018.0,62416.0,0.0,1.098797,1.390282,LUX,TUR,7373
2234764,132,224,1238,2018.0,0.0,51802.0,0.6984560000000001,1.29918,LVA,TUR,7373
2234765,134,224,1238,2018.0,4204.0,1103075.0,-0.57445,-0.14461400000000002,MAR,TUR,7373
2234766,135,224,1238,2018.0,0.0,71631.0,-0.222348,-0.091067,MDA,TUR,7373
2234767,136,224,1238,2018.0,0.0,16044.0,-1.056786,-0.9160709999999999,MDG,TUR,7373
2234768,137,224,1238,2018.0,0.0,42036.0,-1.128674,-1.053328,MDV,TUR,7373
2234769,138,224,1238,2018.0,833118.0,312937.0,1.272851,0.646359,MEX,TUR,7373
2234770,139,224,1238,2018.0,0.0,2957.0,-0.131983,-0.743376,MHL,TUR,7373
2234771,140,224,1238,2018.0,0.0,136804.0,0.056548,-0.273964,MKD,TUR,7373
2234772,141,224,1238,2018.0,0.0,27506.0,-0.805876,-0.907854,MLI,TUR,7373
2234773,142,224,1238,2018.0,0.0,15878.0,0.860195,0.281449,MLT,TUR,7373
2234774,143,224,1238,2018.0,0.0,1620.0,-0.9970469999999999,-0.28486,MMR,TUR,7373
2234775,144,224,1238,2018.0,0.0,38287.0,0.166157,0.132633,MNE,TUR,7373
2234776,147,224,1238,2018.0,0.0,48128.0,-1.253762,-1.0049,MOZ,TUR,7373
2234777,148,224,1238,2018.0,0.0,78958.0,-1.219419,-1.2586,MRT,TUR,7373
2234778,151,224,1238,2018.0,0.0,19103.0,-0.268625,0.104254,MUS,TUR,7373
2234779,153,224,1238,2018.0,3612.0,30210.0,1.047185,0.732742,MYS,TUR,7373
2234780,157,224,1238,2018.0,0.0,14338.0,-0.432568,-0.841635,NER,TUR,7373
2234781,159,224,1238,2018.0,0.0,294387.0,-1.839074,-1.29837,NGA,TUR,7373
2234782,160,224,1238,2018.0,0.0,2466.0,-0.8788790000000001,-0.747015,NIC,TUR,7373
2234783,162,224,1238,2018.0,2676085.0,2637562.0,1.060964,1.491808,NLD,TUR,7373
2234784,163,224,1238,2018.0,480072.0,46461.0,0.359254,-0.059994000000000006,NOR,TUR,7373
2234785,164,224,1238,2018.0,0.0,26428.0,-0.15379500000000002,0.7814369999999999,NPL,TUR,7373
2234786,166,224,1238,2018.0,0.0,4062.0,0.113398,0.017740000000000002,NZL,TUR,7373
2234787,167,224,1238,2018.0,0.0,219968.0,-0.513727,-0.9944280000000001,OMN,TUR,7373
2234788,168,224,1238,2018.0,0.0,161711.0,-0.737637,0.274296,PAK,TUR,7373
2234789,169,224,1238,2018.0,0.0,58439.0,0.007061,-0.13867100000000002,PAN,TUR,7373
2234790,173,224,1238,2018.0,0.0,17849.0,-0.842934,-0.302396,PER,TUR,7373
2234791,174,224,1238,2018.0,0.0,7452.0,0.7233649999999999,0.23715300000000003,PHL,TUR,7373
2234792,176,224,1238,2018.0,0.0,1602.0,-1.7208310000000002,-1.2635370000000001,PNG,TUR,7373
2234793,177,224,1238,2018.0,1770711.0,1963587.0,1.1323860000000001,1.1465040000000002,POL,TUR,7373
2234794,179,224,1238,2018.0,25833.0,348994.0,0.787381,1.959475,PRT,TUR,7373
2234795,180,224,1238,2018.0,0.0,9857.0,-0.504343,-0.8482040000000001,PRY,TUR,7373
2234796,181,224,1238,2018.0,0.0,1684.0,0.260898,0.79366,PSE,TUR,7373
2234797,183,224,1238,2018.0,0.0,801315.0,-0.291537,-1.022145,QAT,TUR,7373
2234798,185,224,1238,2018.0,109793.0,1884528.0,1.1458030000000001,1.194413,ROU,TUR,7373
2234799,186,224,1238,2018.0,48388.0,3716767.0,-0.079971,0.11098599999999999,RUS,TUR,7373
2234800,187,224,1238,2018.0,0.0,21339.0,-0.48781199999999997,-0.741734,RWA,TUR,7373
2234801,188,224,1238,2018.0,38775.0,1639670.0,0.600485,-0.450466,SAU,TUR,7373
2234802,190,224,1238,2018.0,0.0,299782.0,-1.3426719999999999,-1.1851909999999999,SDN,TUR,7373
2234803,191,224,1238,2018.0,0.0,202149.0,-0.699313,-0.360203,SEN,TUR,7373
2234804,192,224,1238,2018.0,89549.0,28922.0,1.870268,0.672214,SGP,TUR,7373
2234805,196,224,1238,2018.0,0.0,1062.0,-0.17023,-0.25755700000000004,SLE,TUR,7373
2234806,198,224,1238,2018.0,4502.0,0.0,1.1010280000000001,0.679361,SMR,TUR,7373
2234807,199,224,1238,2018.0,0.0,15665.0,-1.210687,-1.0716700000000001,SOM,TUR,7373
2234808,201,224,1238,2018.0,20908.0,641415.0,0.665772,1.552409,SRB,TUR,7373
2234809,206,224,1238,2018.0,507570.0,22589.0,1.445669,0.9135850000000001,SVK,TUR,7373
2234810,207,224,1238,2018.0,157392.0,514580.0,1.623183,0.7150850000000001,SVN,TUR,7373
2234811,208,224,1238,2018.0,1331355.0,260077.0,1.7254209999999999,0.638757,SWE,TUR,7373
2234812,212,224,1238,2018.0,0.0,147946.0,-0.665828,-0.006848000000000001,SYR,TUR,7373
2234813,215,224,1238,2018.0,0.0,3342.0,-0.681426,-0.7010270000000001,TGO,TUR,7373
2234814,216,224,1238,2018.0,137077.0,31041.0,1.188923,1.264666,THA,TUR,7373
2234815,217,224,1238,2018.0,0.0,118937.0,-1.199219,-1.254751,TJK,TUR,7373
2234816,219,224,1238,2018.0,6802.0,118852.0,-0.802551,-1.154068,TKM,TUR,7373
2234817,223,224,1238,2018.0,0.0,399130.0,0.39611799999999997,1.252702,TUN,TUR,7373
2234818,226,224,1238,2018.0,0.0,274260.0,-0.12971300000000002,1.379649,TZA,TUR,7373
2234819,227,224,1238,2018.0,0.0,13451.0,-0.569114,0.36182800000000004,UGA,TUR,7373
2234820,228,224,1238,2018.0,163142.0,551682.0,0.3281,1.0037459999999998,UKR,TUR,7373
2234821,230,224,1238,2018.0,0.0,7157.0,0.016527,-0.250715,URY,TUR,7373
2234822,231,224,1238,2018.0,5945440.0,638744.0,1.5527739999999999,0.288577,USA,TUR,7373
2234823,232,224,1238,2018.0,1138.0,1905645.0,-0.485013,-0.390021,UZB,TUR,7373
2234824,239,224,1238,2018.0,151739.0,28150.0,0.111848,0.915842,VNM,TUR,7373
2234825,243,224,1238,2018.0,0.0,29544.0,-1.260844,-1.187614,YEM,TUR,7373
2234826,246,224,1238,2018.0,0.0,272989.0,-0.053311000000000004,1.45561,ZAF,TUR,7373
2234827,247,224,1238,2018.0,0.0,26679.0,-0.8302510000000001,-0.932916,ZMB,TUR,7373
2234828,249,224,1238,2018.0,859499.0,0.0,2.0283580000000003,1.1648319999999999,TWN,TUR,7373
2234829,250,224,1238,2018.0,19265.0,29624.0,0.760441,-0.310861,ANS,TUR,7373
2234830,8,230,1238,2018.0,124299.0,5781.0,-0.239502,0.297865,ARG,URY,7373
2234831,15,230,1238,2018.0,247155.0,0.0,1.798687,-0.557271,AUT,URY,7373
2234832,18,230,1238,2018.0,1296.0,0.0,1.244674,1.1368969999999998,BEL,URY,7373
2234833,32,230,1238,2018.0,85209.0,29811.0,0.166542,0.718965,BRA,URY,7373
2234834,39,230,1238,2018.0,14453.0,0.0,0.60854,1.475283,CAN,URY,7373
2234835,41,230,1238,2018.0,18176.0,0.0,2.173252,0.861742,CHE,URY,7373
2234836,42,230,1238,2018.0,21576.0,0.0,-0.24325300000000002,-0.350271,CHL,URY,7373
2234837,43,230,1238,2018.0,3067794.0,0.0,1.378018,0.513572,CHN,URY,7373
2234838,59,230,1238,2018.0,1364.0,0.0,1.8018669999999999,0.022382,CZE,URY,7373
2234839,61,230,1238,2018.0,118095.0,0.0,2.126861,-2.619524,DEU,URY,7373
2234840,71,230,1238,2018.0,66546.0,0.0,0.851197,2.261012,ESP,URY,7373
2234841,74,230,1238,2018.0,8523.0,0.0,1.561518,1.0198450000000001,FIN,URY,7373
2234842,77,230,1238,2018.0,30481.0,0.0,1.3578540000000001,0.9033700000000001,FRA,URY,7373
2234843,81,230,1238,2018.0,39968.0,0.0,1.481442,1.050259,GBR,URY,7373
2234844,97,230,1238,2018.0,39258.0,0.0,0.8625149999999999,1.21001,HKG,URY,7373
2234845,104,230,1238,2018.0,15865.0,0.0,0.536561,2.450287,IND,URY,7373
2234846,106,230,1238,2018.0,2595.0,0.0,1.3647,0.094596,IRL,URY,7373
2234847,111,230,1238,2018.0,164268.0,0.0,1.4594799999999999,0.05113,ITA,URY,7373
2234848,114,230,1238,2018.0,136350.0,0.0,2.480327,-0.559793,JPN,URY,7373
2234849,121,230,1238,2018.0,60881.0,0.0,2.139149,0.795045,KOR,URY,7373
2234850,138,230,1238,2018.0,3172.0,0.0,1.272851,0.646359,MEX,URY,7373
2234851,163,230,1238,2018.0,0.0,141180.0,0.359254,-0.059994000000000006,NOR,URY,7373
2234852,177,230,1238,2018.0,40808.0,0.0,1.1323860000000001,1.1465040000000002,POL,URY,7373
2234853,180,230,1238,2018.0,0.0,29396.0,-0.504343,-0.8482040000000001,PRY,URY,7373
2234854,208,230,1238,2018.0,18702.0,0.0,1.7254209999999999,0.638757,SWE,URY,7373
2234855,224,230,1238,2018.0,7157.0,0.0,0.5883510000000001,2.357541,TUR,URY,7373
2234856,231,230,1238,2018.0,234781.0,0.0,1.5527739999999999,0.288577,USA,URY,7373
2234857,246,230,1238,2018.0,3813.0,0.0,-0.053311000000000004,1.45561,ZAF,URY,7373
2234858,249,230,1238,2018.0,32652.0,0.0,2.0283580000000003,1.1648319999999999,TWN,URY,7373
2234859,0,231,1238,2018.0,0.0,109256.0,0.800212,0.174964,ABW,USA,7373
2234860,1,231,1238,2018.0,0.0,119602.0,-1.098293,-0.812288,AFG,USA,7373
2234861,2,231,1238,2018.0,240163.0,350424.0,-1.6785400000000001,-1.2244030000000001,AGO,USA,7373
2234862,3,231,1238,2018.0,0.0,28624.0,1.413459,0.36430799999999997,AIA,USA,7373
2234863,7,231,1238,2018.0,504110.0,8591960.0,-0.020214,-0.570049,ARE,USA,7373
2234864,8,231,1238,2018.0,0.0,6197644.0,-0.239502,0.297865,ARG,USA,7373
2234865,9,231,1238,2018.0,0.0,19994.0,-0.42181499999999994,-0.663385,ARM,USA,7373
2234866,13,231,1238,2018.0,0.0,105851.0,-0.120975,-0.721043,ATG,USA,7373
2234867,14,231,1238,2018.0,1411879.0,18679160.0,-0.5578930000000001,-0.15666300000000002,AUS,USA,7373
2234868,15,231,1238,2018.0,30865688.0,521822.0,1.798687,-0.557271,AUT,USA,7373
2234869,16,231,1238,2018.0,83444.0,120860.0,-1.47928,-1.313633,AZE,USA,7373
2234870,18,231,1238,2018.0,2399084.0,5897148.0,1.244674,1.1368969999999998,BEL,USA,7373
2234871,21,231,1238,2018.0,0.0,189295.0,-0.625138,-0.848562,BFA,USA,7373
2234872,22,231,1238,2018.0,0.0,297779.0,-0.9003549999999999,-1.1066610000000001,BGD,USA,7373
2234873,23,231,1238,2018.0,156942.0,82852.0,0.516917,1.915288,BGR,USA,7373
2234874,24,231,1238,2018.0,0.0,1249452.0,0.335652,-0.646621,BHR,USA,7373
2234875,25,231,1238,2018.0,371078.0,1493922.0,0.359908,-0.445567,BHS,USA,7373
2234876,26,231,1238,2018.0,96255.0,13822.0,0.676528,0.8948299999999999,BIH,USA,7373
2234877,28,231,1238,2018.0,53727.0,69481.0,0.86016,1.034144,BLR,USA,7373
2234878,29,231,1238,2018.0,2164.0,198515.0,-0.242696,-0.558757,BLZ,USA,7373
2234879,30,231,1238,2018.0,18130.0,137880.0,0.423382,-0.559448,BMU,USA,7373
2234880,31,231,1238,2018.0,28084.0,637905.0,-1.069519,-0.942264,BOL,USA,7373
2234881,32,231,1238,2018.0,1587425.0,20521338.0,0.166542,0.718965,BRA,USA,7373
2234882,33,231,1238,2018.0,9893.0,453947.0,0.50894,0.043631,BRB,USA,7373
2234883,34,231,1238,2018.0,0.0,15767.0,-0.360468,-0.826729,BRN,USA,7373
2234884,37,231,1238,2018.0,0.0,1324.0,-0.611288,-1.125815,BWA,USA,7373
2234885,39,231,1238,2018.0,248994560.0,261083584.0,0.60854,1.475283,CAN,USA,7373
2234886,41,231,1238,2018.0,103760472.0,5045762.0,2.173252,0.861742,CHE,USA,7373
2234887,42,231,1238,2018.0,1276226.0,5563374.0,-0.24325300000000002,-0.350271,CHL,USA,7373
2234888,43,231,1238,2018.0,148502112.0,55488008.0,1.378018,0.513572,CHN,USA,7373
2234889,44,231,1238,2018.0,0.0,58186.0,-1.021384,-0.898676,CIV,USA,7373
2234890,45,231,1238,2018.0,8083.0,52016.0,-1.2144,-1.0318260000000001,CMR,USA,7373
2234891,46,231,1238,2018.0,0.0,11306.0,-1.704339,-1.211619,COD,USA,7373
2234892,47,231,1238,2018.0,0.0,20373.0,-1.614157,-1.177288,COG,USA,7373
2234893,49,231,1238,2018.0,24341.0,6995344.0,0.144073,-0.10276199999999999,COL,USA,7373
2234894,52,231,1238,2018.0,2479379.0,4914626.0,0.27715,0.33261999999999997,CRI,USA,7373
2234895,55,231,1238,2018.0,10072.0,192359.0,0.844115,-0.134234,CUW,USA,7373
2234896,57,231,1238,2018.0,0.0,95468.0,0.050076999999999997,-0.901884,CYM,USA,7373
2234897,58,231,1238,2018.0,0.0,2283.0,0.180009,-0.26353200000000004,CYP,USA,7373
2234898,59,231,1238,2018.0,5900150.0,4650378.0,1.8018669999999999,0.022382,CZE,USA,7373
2234899,61,231,1238,2018.0,376553760.0,27006120.0,2.126861,-2.619524,DEU,USA,7373
2234900,62,231,1238,2018.0,0.0,2550.0,-0.266256,-0.608169,DJI,USA,7373
2234901,63,231,1238,2018.0,0.0,84436.0,0.24612199999999998,-0.044363,DMA,USA,7373
2234902,64,231,1238,2018.0,972491.0,335978.0,1.094761,1.337348,DNK,USA,7373
2234903,65,231,1238,2018.0,72276.0,7570077.0,-0.205988,0.291906,DOM,USA,7373
2234904,66,231,1238,2018.0,0.0,3175462.0,-1.121185,-1.196891,DZA,USA,7373
2234905,67,231,1238,2018.0,4579.0,3987918.0,-0.9813709999999999,-1.073273,ECU,USA,7373
2234906,68,231,1238,2018.0,0.0,1687012.0,-0.093935,1.6368610000000001,EGY,USA,7373
2234907,69,231,1238,2018.0,0.0,5951.0,-1.782586,-1.131987,ERI,USA,7373
2234908,71,231,1238,2018.0,10317122.0,2546870.0,0.851197,2.261012,ESP,USA,7373
2234909,72,231,1238,2018.0,61164.0,77980.0,0.957627,1.294173,EST,USA,7373
2234910,73,231,1238,2018.0,0.0,110342.0,-0.663343,-0.384372,ETH,USA,7373
2234911,74,231,1238,2018.0,4369457.0,757695.0,1.561518,1.0198450000000001,FIN,USA,7373
2234912,75,231,1238,2018.0,0.0,6169.0,-0.31149299999999996,0.198303,FJI,USA,7373
2234913,77,231,1238,2018.0,29553078.0,11091183.0,1.3578540000000001,0.9033700000000001,FRA,USA,7373
2234914,80,231,1238,2018.0,0.0,61860.0,-1.4532129999999999,-1.155702,GAB,USA,7373
2234915,81,231,1238,2018.0,19103730.0,22957076.0,1.481442,1.050259,GBR,USA,7373
2234916,82,231,1238,2018.0,7213.0,264751.0,-0.059633000000000005,-0.073048,GEO,USA,7373
2234917,83,231,1238,2018.0,0.0,444598.0,-0.769089,-0.8389200000000001,GHA,USA,7373
2234918,85,231,1238,2018.0,0.0,28100.0,-1.3262909999999999,-1.237056,GIN,USA,7373
2234919,89,231,1238,2018.0,0.0,118150.0,-2.065257,-0.986057,GNQ,USA,7373
2234920,90,231,1238,2018.0,1875151.0,747612.0,0.069841,0.922895,GRC,USA,7373
2234921,91,231,1238,2018.0,0.0,38073.0,0.508417,-0.198203,GRD,USA,7373
2234922,93,231,1238,2018.0,22778.0,2260992.0,-0.321177,0.6339090000000001,GTM,USA,7373
2234923,96,231,1238,2018.0,0.0,310093.0,-0.83525,-1.040274,GUY,USA,7373
2234924,97,231,1238,2018.0,457630.0,8003764.0,0.8625149999999999,1.21001,HKG,USA,7373
2234925,99,231,1238,2018.0,52233.0,2115004.0,-0.505516,-0.20719899999999997,HND,USA,7373
2234926,100,231,1238,2018.0,112343.0,13083.0,0.8873559999999999,1.480788,HRV,USA,7373
2234927,101,231,1238,2018.0,0.0,94334.0,-0.95605,-0.9751629999999999,HTI,USA,7373
2234928,102,231,1238,2018.0,1703544.0,514278.0,1.6983409999999999,0.693194,HUN,USA,7373
2234929,103,231,1238,2018.0,34311.0,4178198.0,-0.0009939999999999999,1.417371,IDN,USA,7373
2234930,104,231,1238,2018.0,4803562.0,12028864.0,0.536561,2.450287,IND,USA,7373
2234931,106,231,1238,2018.0,2285703.0,1239539.0,1.3647,0.094596,IRL,USA,7373
2234932,108,231,1238,2018.0,0.0,190060.0,-0.627753,-0.983086,IRQ,USA,7373
2234933,109,231,1238,2018.0,0.0,86249.0,0.161776,-0.293048,ISL,USA,7373
2234934,110,231,1238,2018.0,615187.0,3025838.0,1.205666,1.001693,ISR,USA,7373
2234935,111,231,1238,2018.0,42907956.0,8027264.0,1.4594799999999999,0.05113,ITA,USA,7373
2234936,112,231,1238,2018.0,26067.0,881919.0,-0.210475,-0.808499,JAM,USA,7373
2234937,113,231,1238,2018.0,36305.0,190101.0,0.125467,0.382625,JOR,USA,7373
2234938,114,231,1238,2018.0,412178560.0,29902416.0,2.480327,-0.559793,JPN,USA,7373
2234939,115,231,1238,2018.0,14379.0,664031.0,-0.625674,-0.605028,KAZ,USA,7373
2234940,116,231,1238,2018.0,128676.0,719708.0,-0.381632,0.460819,KEN,USA,7373
2234941,117,231,1238,2018.0,0.0,39420.0,0.000495,0.601278,KGZ,USA,7373
2234942,118,231,1238,2018.0,0.0,82361.0,-0.5513779999999999,-0.598237,KHM,USA,7373
2234943,119,231,1238,2018.0,0.0,8268.0,-0.616492,-0.950478,KIR,USA,7373
2234944,120,231,1238,2018.0,7440.0,73968.0,0.379669,-0.630851,KNA,USA,7373
2234945,121,231,1238,2018.0,43833120.0,24385540.0,2.139149,0.795045,KOR,USA,7373
2234946,122,231,1238,2018.0,21903.0,3605012.0,-0.790523,-1.136525,KWT,USA,7373
2234947,124,231,1238,2018.0,0.0,33849.0,0.37832899999999997,1.077452,LBN,USA,7373
2234948,125,231,1238,2018.0,0.0,665196.0,-1.081874,-1.105082,LBR,USA,7373
2234949,127,231,1238,2018.0,10157.0,97280.0,0.412714,0.17183900000000002,LCA,USA,7373
2234950,128,231,1238,2018.0,0.0,21544.0,-0.364093,0.347953,LKA,USA,7373
2234951,130,231,1238,2018.0,42187.0,115056.0,0.839052,1.5688790000000001,LTU,USA,7373
2234952,131,231,1238,2018.0,203832.0,56791.0,1.098797,1.390282,LUX,USA,7373
2234953,132,231,1238,2018.0,17842.0,226534.0,0.6984560000000001,1.29918,LVA,USA,7373
2234954,133,231,1238,2018.0,0.0,2227.0,0.358075,0.081041,MAC,USA,7373
2234955,134,231,1238,2018.0,0.0,194625.0,-0.57445,-0.14461400000000002,MAR,USA,7373
2234956,135,231,1238,2018.0,0.0,35288.0,-0.222348,-0.091067,MDA,USA,7373
2234957,136,231,1238,2018.0,0.0,104066.0,-1.056786,-0.9160709999999999,MDG,USA,7373
2234958,138,231,1238,2018.0,129303176.0,386882400.0,1.272851,0.646359,MEX,USA,7373
2234959,139,231,1238,2018.0,0.0,339262.0,-0.131983,-0.743376,MHL,USA,7373
2234960,140,231,1238,2018.0,0.0,114655.0,0.056548,-0.273964,MKD,USA,7373
2234961,141,231,1238,2018.0,2901.0,67231.0,-0.805876,-0.907854,MLI,USA,7373
2234962,142,231,1238,2018.0,11158.0,140506.0,0.860195,0.281449,MLT,USA,7373
2234963,143,231,1238,2018.0,0.0,268228.0,-0.9970469999999999,-0.28486,MMR,USA,7373
2234964,144,231,1238,2018.0,0.0,3421.0,0.166157,0.132633,MNE,USA,7373
2234965,145,231,1238,2018.0,0.0,291885.0,-0.892013,-1.115228,MNG,USA,7373
2234966,147,231,1238,2018.0,0.0,15283.0,-1.253762,-1.0049,MOZ,USA,7373
2234967,148,231,1238,2018.0,0.0,44644.0,-1.219419,-1.2586,MRT,USA,7373
2234968,151,231,1238,2018.0,0.0,18475.0,-0.268625,0.104254,MUS,USA,7373
2234969,152,231,1238,2018.0,2410.0,1720.0,-0.717512,-0.8799450000000001,MWI,USA,7373
2234970,153,231,1238,2018.0,1913798.0,7617962.0,1.047185,0.732742,MYS,USA,7373
2234971,155,231,1238,2018.0,0.0,4970.0,-0.45412600000000003,-0.673077,NAM,USA,7373
2234972,156,231,1238,2018.0,0.0,64124.0,-0.260395,-0.805425,NCL,USA,7373
2234973,157,231,1238,2018.0,0.0,26411.0,-0.432568,-0.841635,NER,USA,7373
2234974,159,231,1238,2018.0,0.0,1587374.0,-1.839074,-1.29837,NGA,USA,7373
2234975,160,231,1238,2018.0,0.0,728776.0,-0.8788790000000001,-0.747015,NIC,USA,7373
2234976,162,231,1238,2018.0,20302562.0,27921514.0,1.060964,1.491808,NLD,USA,7373
2234977,163,231,1238,2018.0,1747318.0,1795126.0,0.359254,-0.059994000000000006,NOR,USA,7373
2234978,166,231,1238,2018.0,5985004.0,844146.0,0.113398,0.017740000000000002,NZL,USA,7373
2234979,167,231,1238,2018.0,0.0,1769540.0,-0.513727,-0.9944280000000001,OMN,USA,7373
2234980,168,231,1238,2018.0,6011.0,1252071.0,-0.737637,0.274296,PAK,USA,7373
2234981,169,231,1238,2018.0,16594.0,3154556.0,0.007061,-0.13867100000000002,PAN,USA,7373
2234982,173,231,1238,2018.0,150980.0,8153530.0,-0.842934,-0.302396,PER,USA,7373
2234983,174,231,1238,2018.0,295020.0,1200918.0,0.7233649999999999,0.23715300000000003,PHL,USA,7373
2234984,175,231,1238,2018.0,0.0,19927.0,-0.020347,-0.781658,PLW,USA,7373
2234985,177,231,1238,2018.0,24012960.0,1911530.0,1.1323860000000001,1.1465040000000002,POL,USA,7373
2234986,179,231,1238,2018.0,37769.0,257072.0,0.787381,1.959475,PRT,USA,7373
2234987,180,231,1238,2018.0,0.0,534570.0,-0.504343,-0.8482040000000001,PRY,USA,7373
2234988,182,231,1238,2018.0,0.0,8172.0,-0.167505,-0.7041350000000001,PYF,USA,7373
2234989,183,231,1238,2018.0,0.0,425738.0,-0.291537,-1.022145,QAT,USA,7373
2234990,185,231,1238,2018.0,185417.0,924294.0,1.1458030000000001,1.194413,ROU,USA,7373
2234991,186,231,1238,2018.0,855275.0,5487954.0,-0.079971,0.11098599999999999,RUS,USA,7373
2234992,187,231,1238,2018.0,0.0,7139.0,-0.48781199999999997,-0.741734,RWA,USA,7373
2234993,188,231,1238,2018.0,98233.0,8659973.0,0.600485,-0.450466,SAU,USA,7373
2234994,190,231,1238,2018.0,0.0,64833.0,-1.3426719999999999,-1.1851909999999999,SDN,USA,7373
2234995,191,231,1238,2018.0,0.0,137360.0,-0.699313,-0.360203,SEN,USA,7373
2234996,192,231,1238,2018.0,991588.0,12358650.0,1.870268,0.672214,SGP,USA,7373
2234997,196,231,1238,2018.0,4400.0,7718.0,-0.17023,-0.25755700000000004,SLE,USA,7373
2234998,197,231,1238,2018.0,144461.0,818553.0,0.07891799999999999,0.219075,SLV,USA,7373
2234999,199,231,1238,2018.0,0.0,4685.0,-1.210687,-1.0716700000000001,SOM,USA,7373
2235000,201,231,1238,2018.0,1083713.0,81956.0,0.665772,1.552409,SRB,USA,7373
2235001,203,231,1238,2018.0,29040.0,0.0,1.469753,0.128072,STP,USA,7373
2235002,205,231,1238,2018.0,6833.0,525789.0,-0.721134,-1.069008,SUR,USA,7373
2235003,206,231,1238,2018.0,2294827.0,622217.0,1.445669,0.9135850000000001,SVK,USA,7373
2235004,207,231,1238,2018.0,1228815.0,47983.0,1.623183,0.7150850000000001,SVN,USA,7373
2235005,208,231,1238,2018.0,18097286.0,2027474.0,1.7254209999999999,0.638757,SWE,USA,7373
2235006,209,231,1238,2018.0,7024.0,0.0,-0.136719,-0.38962800000000003,SWZ,USA,7373
2235007,210,231,1238,2018.0,0.0,70091.0,1.1925059999999998,-0.707432,SXM,USA,7373
2235008,213,231,1238,2018.0,0.0,44051.0,0.929666,0.23509499999999997,TCA,USA,7373
2235009,214,231,1238,2018.0,0.0,6901.0,-1.587501,-1.047253,TCD,USA,7373
2235010,215,231,1238,2018.0,0.0,20654.0,-0.681426,-0.7010270000000001,TGO,USA,7373
2235011,216,231,1238,2018.0,2106718.0,9625677.0,1.188923,1.264666,THA,USA,7373
2235012,219,231,1238,2018.0,0.0,31889.0,-0.802551,-1.154068,TKM,USA,7373
2235013,222,231,1238,2018.0,0.0,1386749.0,-0.32209299999999996,-1.0651540000000002,TTO,USA,7373
2235014,223,231,1238,2018.0,0.0,354992.0,0.39611799999999997,1.252702,TUN,USA,7373
2235015,224,231,1238,2018.0,638744.0,5945440.0,0.5883510000000001,2.357541,TUR,USA,7373
2235016,226,231,1238,2018.0,0.0,70562.0,-0.12971300000000002,1.379649,TZA,USA,7373
2235017,227,231,1238,2018.0,0.0,8483.0,-0.569114,0.36182800000000004,UGA,USA,7373
2235018,228,231,1238,2018.0,758229.0,159964.0,0.3281,1.0037459999999998,UKR,USA,7373
2235019,230,231,1238,2018.0,0.0,234781.0,0.016527,-0.250715,URY,USA,7373
2235020,232,231,1238,2018.0,0.0,21222.0,-0.485013,-0.390021,UZB,USA,7373
2235021,234,231,1238,2018.0,0.0,26611.0,-0.37162,-0.674759,VCT,USA,7373
2235022,236,231,1238,2018.0,0.0,552068.0,-1.180083,-1.23326,VEN,USA,7373
2235023,237,231,1238,2018.0,6520.0,97347.0,1.107364,0.036629,VGB,USA,7373
2235024,239,231,1238,2018.0,117285.0,3973603.0,0.111848,0.915842,VNM,USA,7373
2235025,242,231,1238,2018.0,0.0,6297.0,0.18920399999999998,0.27458299999999997,WSM,USA,7373
2235026,246,231,1238,2018.0,3448604.0,4040764.0,-0.053311000000000004,1.45561,ZAF,USA,7373
2235027,247,231,1238,2018.0,0.0,78143.0,-0.8302510000000001,-0.932916,ZMB,USA,7373
2235028,248,231,1238,2018.0,0.0,4829.0,-1.071621,-1.112033,ZWE,USA,7373
2235029,249,231,1238,2018.0,12582278.0,6546267.0,2.0283580000000003,1.1648319999999999,TWN,USA,7373
2235030,15,236,1238,2018.0,1746.0,0.0,1.798687,-0.557271,AUT,VEN,7373
2235031,41,236,1238,2018.0,112147.0,0.0,2.173252,0.861742,CHE,VEN,7373
2235032,43,236,1238,2018.0,1451264.0,0.0,1.378018,0.513572,CHN,VEN,7373
2235033,49,236,1238,2018.0,4584.0,0.0,0.144073,-0.10276199999999999,COL,VEN,7373
2235034,52,236,1238,2018.0,1059.0,0.0,0.27715,0.33261999999999997,CRI,VEN,7373
2235035,61,236,1238,2018.0,3132.0,0.0,2.126861,-2.619524,DEU,VEN,7373
2235036,67,236,1238,2018.0,0.0,1600.0,-0.9813709999999999,-1.073273,ECU,VEN,7373
2235037,71,236,1238,2018.0,24667.0,0.0,0.851197,2.261012,ESP,VEN,7373
2235038,77,236,1238,2018.0,19856.0,0.0,1.3578540000000001,0.9033700000000001,FRA,VEN,7373
2235039,111,236,1238,2018.0,106395.0,0.0,1.4594799999999999,0.05113,ITA,VEN,7373
2235040,138,236,1238,2018.0,20337.0,0.0,1.272851,0.646359,MEX,VEN,7373
2235041,186,236,1238,2018.0,2034.0,0.0,-0.079971,0.11098599999999999,RUS,VEN,7373
2235042,197,236,1238,2018.0,0.0,2675.0,0.07891799999999999,0.219075,SLV,VEN,7373
2235043,231,236,1238,2018.0,552068.0,0.0,1.5527739999999999,0.288577,USA,VEN,7373
2235044,2,246,1238,2018.0,7116.0,171182.0,-1.6785400000000001,-1.2244030000000001,AGO,ZAF,7373
2235045,7,246,1238,2018.0,17820.0,101612.0,-0.020214,-0.570049,ARE,ZAF,7373
2235046,8,246,1238,2018.0,0.0,5915.0,-0.239502,0.297865,ARG,ZAF,7373
2235047,14,246,1238,2018.0,176454.0,11816.0,-0.5578930000000001,-0.15666300000000002,AUS,ZAF,7373
2235048,15,246,1238,2018.0,462277.0,4186.0,1.798687,-0.557271,AUT,ZAF,7373
2235049,18,246,1238,2018.0,1148805.0,25872.0,1.244674,1.1368969999999998,BEL,ZAF,7373
2235050,21,246,1238,2018.0,0.0,99484.0,-0.625138,-0.848562,BFA,ZAF,7373
2235051,23,246,1238,2018.0,1141989.0,0.0,0.516917,1.915288,BGR,ZAF,7373
2235052,26,246,1238,2018.0,11139.0,0.0,0.676528,0.8948299999999999,BIH,ZAF,7373
2235053,32,246,1238,2018.0,835658.0,0.0,0.166542,0.718965,BRA,ZAF,7373
2235054,37,246,1238,2018.0,101249.0,730386.0,-0.611288,-1.125815,BWA,ZAF,7373
2235055,39,246,1238,2018.0,327143.0,11259.0,0.60854,1.475283,CAN,ZAF,7373
2235056,41,246,1238,2018.0,3061287.0,59975.0,2.173252,0.861742,CHE,ZAF,7373
2235057,42,246,1238,2018.0,0.0,8982.0,-0.24325300000000002,-0.350271,CHL,ZAF,7373
2235058,43,246,1238,2018.0,21914250.0,380592.0,1.378018,0.513572,CHN,ZAF,7373
2235059,44,246,1238,2018.0,4041.0,68648.0,-1.021384,-0.898676,CIV,ZAF,7373
2235060,45,246,1238,2018.0,0.0,35011.0,-1.2144,-1.0318260000000001,CMR,ZAF,7373
2235061,46,246,1238,2018.0,2155.0,2102623.0,-1.704339,-1.211619,COD,ZAF,7373
2235062,49,246,1238,2018.0,0.0,5062.0,0.144073,-0.10276199999999999,COL,ZAF,7373
2235063,52,246,1238,2018.0,65762.0,0.0,0.27715,0.33261999999999997,CRI,ZAF,7373
2235064,59,246,1238,2018.0,703763.0,629168.0,1.8018669999999999,0.022382,CZE,ZAF,7373
2235065,61,246,1238,2018.0,17277644.0,1426989.0,2.126861,-2.619524,DEU,ZAF,7373
2235066,62,246,1238,2018.0,0.0,5660.0,-0.266256,-0.608169,DJI,ZAF,7373
2235067,64,246,1238,2018.0,40999.0,0.0,1.094761,1.337348,DNK,ZAF,7373
2235068,66,246,1238,2018.0,0.0,63906.0,-1.121185,-1.196891,DZA,ZAF,7373
2235069,68,246,1238,2018.0,0.0,44016.0,-0.093935,1.6368610000000001,EGY,ZAF,7373
2235070,69,246,1238,2018.0,0.0,4231.0,-1.782586,-1.131987,ERI,ZAF,7373
2235071,71,246,1238,2018.0,362774.0,112644.0,0.851197,2.261012,ESP,ZAF,7373
2235072,73,246,1238,2018.0,0.0,1778.0,-0.663343,-0.384372,ETH,ZAF,7373
2235073,74,246,1238,2018.0,236720.0,0.0,1.561518,1.0198450000000001,FIN,ZAF,7373
2235074,77,246,1238,2018.0,644414.0,162112.0,1.3578540000000001,0.9033700000000001,FRA,ZAF,7373
2235075,80,246,1238,2018.0,0.0,17300.0,-1.4532129999999999,-1.155702,GAB,ZAF,7373
2235076,81,246,1238,2018.0,2078417.0,54471.0,1.481442,1.050259,GBR,ZAF,7373
2235077,83,246,1238,2018.0,0.0,129462.0,-0.769089,-0.8389200000000001,GHA,ZAF,7373
2235078,85,246,1238,2018.0,0.0,49297.0,-1.3262909999999999,-1.237056,GIN,ZAF,7373
2235079,90,246,1238,2018.0,2746.0,0.0,0.069841,0.922895,GRC,ZAF,7373
2235080,93,246,1238,2018.0,0.0,4225.0,-0.321177,0.6339090000000001,GTM,ZAF,7373
2235081,97,246,1238,2018.0,135399.0,0.0,0.8625149999999999,1.21001,HKG,ZAF,7373
2235082,100,246,1238,2018.0,0.0,16240.0,0.8873559999999999,1.480788,HRV,ZAF,7373
2235083,102,246,1238,2018.0,11087.0,0.0,1.6983409999999999,0.693194,HUN,ZAF,7373
2235084,103,246,1238,2018.0,2851.0,1193506.0,-0.0009939999999999999,1.417371,IDN,ZAF,7373
2235085,104,246,1238,2018.0,908653.0,227368.0,0.536561,2.450287,IND,ZAF,7373
2235086,106,246,1238,2018.0,29961.0,0.0,1.3647,0.094596,IRL,ZAF,7373
2235087,110,246,1238,2018.0,14607.0,22788.0,1.205666,1.001693,ISR,ZAF,7373
2235088,111,246,1238,2018.0,3592217.0,39840.0,1.4594799999999999,0.05113,ITA,ZAF,7373
2235089,114,246,1238,2018.0,4232780.0,0.0,2.480327,-0.559793,JPN,ZAF,7373
2235090,116,246,1238,2018.0,45416.0,135758.0,-0.381632,0.460819,KEN,ZAF,7373
2235091,121,246,1238,2018.0,1392053.0,2675.0,2.139149,0.795045,KOR,ZAF,7373
2235092,128,246,1238,2018.0,0.0,2602.0,-0.364093,0.347953,LKA,ZAF,7373
2235093,129,246,1238,2018.0,16385.0,186384.0,-0.159081,-0.22921799999999998,LSO,ZAF,7373
2235094,130,246,1238,2018.0,12116.0,0.0,0.839052,1.5688790000000001,LTU,ZAF,7373
2235095,132,246,1238,2018.0,0.0,1145694.0,0.6984560000000001,1.29918,LVA,ZAF,7373
2235096,134,246,1238,2018.0,6713.0,0.0,-0.57445,-0.14461400000000002,MAR,ZAF,7373
2235097,136,246,1238,2018.0,0.0,172955.0,-1.056786,-0.9160709999999999,MDG,ZAF,7373
2235098,138,246,1238,2018.0,368133.0,53919.0,1.272851,0.646359,MEX,ZAF,7373
2235099,141,246,1238,2018.0,0.0,21898.0,-0.805876,-0.907854,MLI,ZAF,7373
2235100,147,246,1238,2018.0,104040.0,1170962.0,-1.253762,-1.0049,MOZ,ZAF,7373
2235101,148,246,1238,2018.0,0.0,1360.0,-1.219419,-1.2586,MRT,ZAF,7373
2235102,151,246,1238,2018.0,1065.0,39742.0,-0.268625,0.104254,MUS,ZAF,7373
2235103,152,246,1238,2018.0,42336.0,319266.0,-0.717512,-0.8799450000000001,MWI,ZAF,7373
2235104,153,246,1238,2018.0,23696.0,0.0,1.047185,0.732742,MYS,ZAF,7373
2235105,155,246,1238,2018.0,34573.0,1403117.0,-0.45412600000000003,-0.673077,NAM,ZAF,7373
2235106,159,246,1238,2018.0,0.0,135483.0,-1.839074,-1.29837,NGA,ZAF,7373
2235107,160,246,1238,2018.0,234513.0,0.0,-0.8788790000000001,-0.747015,NIC,ZAF,7373
2235108,162,246,1238,2018.0,805026.0,94481.0,1.060964,1.491808,NLD,ZAF,7373
2235109,163,246,1238,2018.0,33981.0,0.0,0.359254,-0.059994000000000006,NOR,ZAF,7373
2235110,166,246,1238,2018.0,4381.0,0.0,0.113398,0.017740000000000002,NZL,ZAF,7373
2235111,167,246,1238,2018.0,0.0,17537.0,-0.513727,-0.9944280000000001,OMN,ZAF,7373
2235112,169,246,1238,2018.0,0.0,21027.0,0.007061,-0.13867100000000002,PAN,ZAF,7373
2235113,173,246,1238,2018.0,0.0,223421.0,-0.842934,-0.302396,PER,ZAF,7373
2235114,174,246,1238,2018.0,0.0,2893.0,0.7233649999999999,0.23715300000000003,PHL,ZAF,7373
2235115,177,246,1238,2018.0,702610.0,317788.0,1.1323860000000001,1.1465040000000002,POL,ZAF,7373
2235116,179,246,1238,2018.0,10974.0,524470.0,0.787381,1.959475,PRT,ZAF,7373
2235117,183,246,1238,2018.0,2672.0,0.0,-0.291537,-1.022145,QAT,ZAF,7373
2235118,185,246,1238,2018.0,82881.0,861041.0,1.1458030000000001,1.194413,ROU,ZAF,7373
2235119,186,246,1238,2018.0,54790.0,1080153.0,-0.079971,0.11098599999999999,RUS,ZAF,7373
2235120,187,246,1238,2018.0,0.0,16713.0,-0.48781199999999997,-0.741734,RWA,ZAF,7373
2235121,188,246,1238,2018.0,0.0,2593.0,0.600485,-0.450466,SAU,ZAF,7373
2235122,191,246,1238,2018.0,0.0,18772.0,-0.699313,-0.360203,SEN,ZAF,7373
2235123,192,246,1238,2018.0,50668.0,13485.0,1.870268,0.672214,SGP,ZAF,7373
2235124,196,246,1238,2018.0,0.0,22695.0,-0.17023,-0.25755700000000004,SLE,ZAF,7373
2235125,199,246,1238,2018.0,0.0,1269.0,-1.210687,-1.0716700000000001,SOM,ZAF,7373
2235126,201,246,1238,2018.0,7662.0,0.0,0.665772,1.552409,SRB,ZAF,7373
2235127,206,246,1238,2018.0,3546.0,0.0,1.445669,0.9135850000000001,SVK,ZAF,7373
2235128,207,246,1238,2018.0,646412.0,0.0,1.623183,0.7150850000000001,SVN,ZAF,7373
2235129,208,246,1238,2018.0,1464155.0,0.0,1.7254209999999999,0.638757,SWE,ZAF,7373
2235130,209,246,1238,2018.0,5795.0,307430.0,-0.136719,-0.38962800000000003,SWZ,ZAF,7373
2235131,211,246,1238,2018.0,0.0,22466.0,-0.222908,-0.7792100000000001,SYC,ZAF,7373
2235132,216,246,1238,2018.0,76823.0,51274.0,1.188923,1.264666,THA,ZAF,7373
2235133,224,246,1238,2018.0,272989.0,0.0,0.5883510000000001,2.357541,TUR,ZAF,7373
2235134,226,246,1238,2018.0,0.0,188998.0,-0.12971300000000002,1.379649,TZA,ZAF,7373
2235135,227,246,1238,2018.0,0.0,46207.0,-0.569114,0.36182800000000004,UGA,ZAF,7373
2235136,228,246,1238,2018.0,0.0,549984.0,0.3281,1.0037459999999998,UKR,ZAF,7373
2235137,230,246,1238,2018.0,0.0,3813.0,0.016527,-0.250715,URY,ZAF,7373
2235138,231,246,1238,2018.0,4040764.0,3448604.0,1.5527739999999999,0.288577,USA,ZAF,7373
2235139,247,246,1238,2018.0,17105.0,1197723.0,-0.8302510000000001,-0.932916,ZMB,ZAF,7373
2235140,248,246,1238,2018.0,0.0,1122050.0,-1.071621,-1.112033,ZWE,ZAF,7373
2235141,249,246,1238,2018.0,386559.0,0.0,2.0283580000000003,1.1648319999999999,TWN,ZAF,7373
2235142,250,246,1238,2018.0,143964.0,67752.0,0.760441,-0.310861,ANS,ZAF,7373
2235143,7,249,1238,2018.0,5111.0,623253.0,-0.020214,-0.570049,ARE,TWN,7373
2235144,8,249,1238,2018.0,0.0,297365.0,-0.239502,0.297865,ARG,TWN,7373
2235145,14,249,1238,2018.0,242913.0,2751844.0,-0.5578930000000001,-0.15666300000000002,AUS,TWN,7373
2235146,15,249,1238,2018.0,1577349.0,166933.0,1.798687,-0.557271,AUT,TWN,7373
2235147,18,249,1238,2018.0,0.0,347626.0,1.244674,1.1368969999999998,BEL,TWN,7373
2235148,19,249,1238,2018.0,0.0,4529.0,-0.775822,-0.800248,BEN,TWN,7373
2235149,21,249,1238,2018.0,0.0,2584.0,-0.625138,-0.848562,BFA,TWN,7373
2235150,22,249,1238,2018.0,0.0,107827.0,-0.9003549999999999,-1.1066610000000001,BGD,TWN,7373
2235151,23,249,1238,2018.0,0.0,85419.0,0.516917,1.915288,BGR,TWN,7373
2235152,24,249,1238,2018.0,0.0,15033.0,0.335652,-0.646621,BHR,TWN,7373
2235153,26,249,1238,2018.0,1148.0,1800.0,0.676528,0.8948299999999999,BIH,TWN,7373
2235154,28,249,1238,2018.0,0.0,11528.0,0.86016,1.034144,BLR,TWN,7373
2235155,29,249,1238,2018.0,0.0,1017.0,-0.242696,-0.558757,BLZ,TWN,7373
2235156,32,249,1238,2018.0,1743.0,2151027.0,0.166542,0.718965,BRA,TWN,7373
2235157,33,249,1238,2018.0,0.0,2047.0,0.50894,0.043631,BRB,TWN,7373
2235158,34,249,1238,2018.0,0.0,2809.0,-0.360468,-0.826729,BRN,TWN,7373
2235159,39,249,1238,2018.0,58371.0,2209764.0,0.60854,1.475283,CAN,TWN,7373
2235160,41,249,1238,2018.0,2834696.0,235920.0,2.173252,0.861742,CHE,TWN,7373
2235161,42,249,1238,2018.0,0.0,318976.0,-0.24325300000000002,-0.350271,CHL,TWN,7373
2235162,43,249,1238,2018.0,19154198.0,35274476.0,1.378018,0.513572,CHN,TWN,7373
2235163,44,249,1238,2018.0,0.0,1473.0,-1.021384,-0.898676,CIV,TWN,7373
2235164,46,249,1238,2018.0,0.0,5134.0,-1.704339,-1.211619,COD,TWN,7373
2235165,49,249,1238,2018.0,0.0,131980.0,0.144073,-0.10276199999999999,COL,TWN,7373
2235166,52,249,1238,2018.0,0.0,14118.0,0.27715,0.33261999999999997,CRI,TWN,7373
2235167,58,249,1238,2018.0,0.0,1832.0,0.180009,-0.26353200000000004,CYP,TWN,7373
2235168,59,249,1238,2018.0,159141.0,207290.0,1.8018669999999999,0.022382,CZE,TWN,7373
2235169,61,249,1238,2018.0,10625441.0,4046551.0,2.126861,-2.619524,DEU,TWN,7373
2235170,64,249,1238,2018.0,456276.0,81467.0,1.094761,1.337348,DNK,TWN,7373
2235171,65,249,1238,2018.0,0.0,28293.0,-0.205988,0.291906,DOM,TWN,7373
2235172,66,249,1238,2018.0,0.0,297872.0,-1.121185,-1.196891,DZA,TWN,7373
2235173,67,249,1238,2018.0,0.0,121244.0,-0.9813709999999999,-1.073273,ECU,TWN,7373
2235174,68,249,1238,2018.0,0.0,275425.0,-0.093935,1.6368610000000001,EGY,TWN,7373
2235175,71,249,1238,2018.0,342520.0,999719.0,0.851197,2.261012,ESP,TWN,7373
2235176,72,249,1238,2018.0,0.0,70117.0,0.957627,1.294173,EST,TWN,7373
2235177,74,249,1238,2018.0,22595.0,173809.0,1.561518,1.0198450000000001,FIN,TWN,7373
2235178,77,249,1238,2018.0,2648034.0,692034.0,1.3578540000000001,0.9033700000000001,FRA,TWN,7373
2235179,81,249,1238,2018.0,340495.0,1450667.0,1.481442,1.050259,GBR,TWN,7373
2235180,85,249,1238,2018.0,0.0,13379.0,-1.3262909999999999,-1.237056,GIN,TWN,7373
2235181,90,249,1238,2018.0,0.0,60518.0,0.069841,0.922895,GRC,TWN,7373
2235182,93,249,1238,2018.0,0.0,86305.0,-0.321177,0.6339090000000001,GTM,TWN,7373
2235183,97,249,1238,2018.0,2067997.0,2199896.0,0.8625149999999999,1.21001,HKG,TWN,7373
2235184,99,249,1238,2018.0,0.0,76687.0,-0.505516,-0.20719899999999997,HND,TWN,7373
2235185,100,249,1238,2018.0,0.0,7568.0,0.8873559999999999,1.480788,HRV,TWN,7373
2235186,102,249,1238,2018.0,0.0,215877.0,1.6983409999999999,0.693194,HUN,TWN,7373
2235187,103,249,1238,2018.0,24635.0,2335706.0,-0.0009939999999999999,1.417371,IDN,TWN,7373
2235188,104,249,1238,2018.0,48994.0,3518132.0,0.536561,2.450287,IND,TWN,7373
2235189,106,249,1238,2018.0,5608.0,56548.0,1.3647,0.094596,IRL,TWN,7373
2235190,107,249,1238,2018.0,0.0,418251.0,-0.290723,-0.430805,IRN,TWN,7373
2235191,109,249,1238,2018.0,0.0,3823.0,0.161776,-0.293048,ISL,TWN,7373
2235192,110,249,1238,2018.0,60059.0,264492.0,1.205666,1.001693,ISR,TWN,7373
2235193,111,249,1238,2018.0,1696980.0,738392.0,1.4594799999999999,0.05113,ITA,TWN,7373
2235194,113,249,1238,2018.0,0.0,330480.0,0.125467,0.382625,JOR,TWN,7373
2235195,114,249,1238,2018.0,27214742.0,13118222.0,2.480327,-0.559793,JPN,TWN,7373
2235196,115,249,1238,2018.0,0.0,11162.0,-0.625674,-0.605028,KAZ,TWN,7373
2235197,116,249,1238,2018.0,0.0,107269.0,-0.381632,0.460819,KEN,TWN,7373
2235198,117,249,1238,2018.0,0.0,14818.0,0.000495,0.601278,KGZ,TWN,7373
2235199,118,249,1238,2018.0,0.0,184452.0,-0.5513779999999999,-0.598237,KHM,TWN,7373
2235200,121,249,1238,2018.0,4113389.0,1642684.0,2.139149,0.795045,KOR,TWN,7373
2235201,122,249,1238,2018.0,0.0,26356.0,-0.790523,-1.136525,KWT,TWN,7373
2235202,123,249,1238,2018.0,0.0,35674.0,-0.60597,-0.479868,LAO,TWN,7373
2235203,124,249,1238,2018.0,0.0,30666.0,0.37832899999999997,1.077452,LBN,TWN,7373
2235204,128,249,1238,2018.0,0.0,57468.0,-0.364093,0.347953,LKA,TWN,7373
2235205,130,249,1238,2018.0,6056.0,118390.0,0.839052,1.5688790000000001,LTU,TWN,7373
2235206,131,249,1238,2018.0,0.0,114584.0,1.098797,1.390282,LUX,TWN,7373
2235207,132,249,1238,2018.0,0.0,146094.0,0.6984560000000001,1.29918,LVA,TWN,7373
2235208,133,249,1238,2018.0,0.0,38387.0,0.358075,0.081041,MAC,TWN,7373
2235209,134,249,1238,2018.0,0.0,112005.0,-0.57445,-0.14461400000000002,MAR,TWN,7373
2235210,135,249,1238,2018.0,0.0,1488.0,-0.222348,-0.091067,MDA,TWN,7373
2235211,138,249,1238,2018.0,132682.0,1035052.0,1.272851,0.646359,MEX,TWN,7373
2235212,140,249,1238,2018.0,0.0,4779.0,0.056548,-0.273964,MKD,TWN,7373
2235213,142,249,1238,2018.0,0.0,22037.0,0.860195,0.281449,MLT,TWN,7373
2235214,143,249,1238,2018.0,0.0,127326.0,-0.9970469999999999,-0.28486,MMR,TWN,7373
2235215,144,249,1238,2018.0,0.0,3367.0,0.166157,0.132633,MNE,TWN,7373
2235216,145,249,1238,2018.0,0.0,4314.0,-0.892013,-1.115228,MNG,TWN,7373
2235217,151,249,1238,2018.0,0.0,1863.0,-0.268625,0.104254,MUS,TWN,7373
2235218,153,249,1238,2018.0,281046.0,4455212.0,1.047185,0.732742,MYS,TWN,7373
2235219,160,249,1238,2018.0,0.0,5630.0,-0.8788790000000001,-0.747015,NIC,TWN,7373
2235220,162,249,1238,2018.0,1073052.0,1826844.0,1.060964,1.491808,NLD,TWN,7373
2235221,163,249,1238,2018.0,0.0,68398.0,0.359254,-0.059994000000000006,NOR,TWN,7373
2235222,164,249,1238,2018.0,0.0,4479.0,-0.15379500000000002,0.7814369999999999,NPL,TWN,7373
2235223,166,249,1238,2018.0,0.0,328925.0,0.113398,0.017740000000000002,NZL,TWN,7373
2235224,167,249,1238,2018.0,0.0,14393.0,-0.513727,-0.9944280000000001,OMN,TWN,7373
2235225,168,249,1238,2018.0,0.0,516955.0,-0.737637,0.274296,PAK,TWN,7373
2235226,173,249,1238,2018.0,0.0,147314.0,-0.842934,-0.302396,PER,TWN,7373
2235227,174,249,1238,2018.0,29877.0,1791317.0,0.7233649999999999,0.23715300000000003,PHL,TWN,7373
2235228,177,249,1238,2018.0,65433.0,718904.0,1.1323860000000001,1.1465040000000002,POL,TWN,7373
2235229,179,249,1238,2018.0,14010.0,39543.0,0.787381,1.959475,PRT,TWN,7373
2235230,183,249,1238,2018.0,0.0,8224.0,-0.291537,-1.022145,QAT,TWN,7373
2235231,185,249,1238,2018.0,5127.0,66044.0,1.1458030000000001,1.194413,ROU,TWN,7373
2235232,186,249,1238,2018.0,0.0,989646.0,-0.079971,0.11098599999999999,RUS,TWN,7373
2235233,188,249,1238,2018.0,0.0,470369.0,0.600485,-0.450466,SAU,TWN,7373
2235234,190,249,1238,2018.0,0.0,13922.0,-1.3426719999999999,-1.1851909999999999,SDN,TWN,7373
2235235,192,249,1238,2018.0,2086255.0,1079737.0,1.870268,0.672214,SGP,TWN,7373
2235236,195,249,1238,2018.0,0.0,1738.0,-1.09344,-0.976073,SLB,TWN,7373
2235237,197,249,1238,2018.0,0.0,66732.0,0.07891799999999999,0.219075,SLV,TWN,7373
2235238,201,249,1238,2018.0,0.0,19179.0,0.665772,1.552409,SRB,TWN,7373
2235239,205,249,1238,2018.0,0.0,3826.0,-0.721134,-1.069008,SUR,TWN,7373
2235240,206,249,1238,2018.0,28504.0,69864.0,1.445669,0.9135850000000001,SVK,TWN,7373
2235241,207,249,1238,2018.0,0.0,42723.0,1.623183,0.7150850000000001,SVN,TWN,7373
2235242,208,249,1238,2018.0,122620.0,395442.0,1.7254209999999999,0.638757,SWE,TWN,7373
2235243,212,249,1238,2018.0,0.0,3914.0,-0.665828,-0.006848000000000001,SYR,TWN,7373
2235244,216,249,1238,2018.0,333568.0,5085100.0,1.188923,1.264666,THA,TWN,7373
2235245,222,249,1238,2018.0,0.0,9171.0,-0.32209299999999996,-1.0651540000000002,TTO,TWN,7373
2235246,223,249,1238,2018.0,0.0,159915.0,0.39611799999999997,1.252702,TUN,TWN,7373
2235247,224,249,1238,2018.0,0.0,859499.0,0.5883510000000001,2.357541,TUR,TWN,7373
2235248,228,249,1238,2018.0,44479.0,307652.0,0.3281,1.0037459999999998,UKR,TWN,7373
2235249,230,249,1238,2018.0,0.0,32652.0,0.016527,-0.250715,URY,TWN,7373
2235250,231,249,1238,2018.0,6546267.0,12582278.0,1.5527739999999999,0.288577,USA,TWN,7373
2235251,239,249,1238,2018.0,30267.0,6872700.0,0.111848,0.915842,VNM,TWN,7373
2235252,246,249,1238,2018.0,0.0,386559.0,-0.053311000000000004,1.45561,ZAF,TWN,7373
2235253,250,249,1238,2018.0,434568.0,30437.0,0.760441,-0.310861,ANS,TWN,7373
2235254,0,250,1238,2018.0,0.0,118906.0,0.800212,0.174964,ABW,ANS,7373
2235255,9,250,1238,2018.0,0.0,2341.0,-0.42181499999999994,-0.663385,ARM,ANS,7373
2235256,14,250,1238,2018.0,54334.0,0.0,-0.5578930000000001,-0.15666300000000002,AUS,ANS,7373
2235257,18,250,1238,2018.0,48787.0,0.0,1.244674,1.1368969999999998,BEL,ANS,7373
2235258,24,250,1238,2018.0,4520.0,9527.0,0.335652,-0.646621,BHR,ANS,7373
2235259,25,250,1238,2018.0,0.0,5828.0,0.359908,-0.445567,BHS,ANS,7373
2235260,38,250,1238,2018.0,0.0,3628.0,-0.30997399999999997,-0.754026,CAF,ANS,7373
2235261,39,250,1238,2018.0,0.0,3009529.0,0.60854,1.475283,CAN,ANS,7373
2235262,42,250,1238,2018.0,1822.0,789219.0,-0.24325300000000002,-0.350271,CHL,ANS,7373
2235263,43,250,1238,2018.0,1389.0,0.0,1.378018,0.513572,CHN,ANS,7373
2235264,44,250,1238,2018.0,7641.0,0.0,-1.021384,-0.898676,CIV,ANS,7373
2235265,49,250,1238,2018.0,3629.0,0.0,0.144073,-0.10276199999999999,COL,ANS,7373
2235266,51,250,1238,2018.0,0.0,3995.0,-0.43036899999999995,-0.761514,CPV,ANS,7373
2235267,52,250,1238,2018.0,0.0,56512.0,0.27715,0.33261999999999997,CRI,ANS,7373
2235268,59,250,1238,2018.0,0.0,239392.0,1.8018669999999999,0.022382,CZE,ANS,7373
2235269,61,250,1238,2018.0,108554.0,0.0,2.126861,-2.619524,DEU,ANS,7373
2235270,64,250,1238,2018.0,65803.0,0.0,1.094761,1.337348,DNK,ANS,7373
2235271,67,250,1238,2018.0,3756.0,0.0,-0.9813709999999999,-1.073273,ECU,ANS,7373
2235272,68,250,1238,2018.0,0.0,1013359.0,-0.093935,1.6368610000000001,EGY,ANS,7373
2235273,71,250,1238,2018.0,111379.0,1056217.0,0.851197,2.261012,ESP,ANS,7373
2235274,72,250,1238,2018.0,14655.0,509617.0,0.957627,1.294173,EST,ANS,7373
2235275,74,250,1238,2018.0,6971.0,0.0,1.561518,1.0198450000000001,FIN,ANS,7373
2235276,77,250,1238,2018.0,3225.0,3360586.0,1.3578540000000001,0.9033700000000001,FRA,ANS,7373
2235277,81,250,1238,2018.0,2135.0,0.0,1.481442,1.050259,GBR,ANS,7373
2235278,97,250,1238,2018.0,13719.0,0.0,0.8625149999999999,1.21001,HKG,ANS,7373
2235279,104,250,1238,2018.0,0.0,161229.0,0.536561,2.450287,IND,ANS,7373
2235280,106,250,1238,2018.0,0.0,185542.0,1.3647,0.094596,IRL,ANS,7373
2235281,107,250,1238,2018.0,0.0,14870.0,-0.290723,-0.430805,IRN,ANS,7373
2235282,110,250,1238,2018.0,8000.0,0.0,1.205666,1.001693,ISR,ANS,7373
2235283,111,250,1238,2018.0,512854.0,0.0,1.4594799999999999,0.05113,ITA,ANS,7373
2235284,113,250,1238,2018.0,178496.0,0.0,0.125467,0.382625,JOR,ANS,7373
2235285,123,250,1238,2018.0,0.0,200953.0,-0.60597,-0.479868,LAO,ANS,7373
2235286,124,250,1238,2018.0,5619.0,0.0,0.37832899999999997,1.077452,LBN,ANS,7373
2235287,129,250,1238,2018.0,34557.0,0.0,-0.159081,-0.22921799999999998,LSO,ANS,7373
2235288,131,250,1238,2018.0,0.0,211133.0,1.098797,1.390282,LUX,ANS,7373
2235289,136,250,1238,2018.0,2451.0,18070.0,-1.056786,-0.9160709999999999,MDG,ANS,7373
2235290,138,250,1238,2018.0,0.0,53962.0,1.272851,0.646359,MEX,ANS,7373
2235291,155,250,1238,2018.0,1116.0,0.0,-0.45412600000000003,-0.673077,NAM,ANS,7373
2235292,162,250,1238,2018.0,249665.0,24570.0,1.060964,1.491808,NLD,ANS,7373
2235293,167,250,1238,2018.0,0.0,1082.0,-0.513727,-0.9944280000000001,OMN,ANS,7373
2235294,168,250,1238,2018.0,0.0,139092.0,-0.737637,0.274296,PAK,ANS,7373
2235295,173,250,1238,2018.0,2792.0,0.0,-0.842934,-0.302396,PER,ANS,7373
2235296,177,250,1238,2018.0,44802.0,1012899.0,1.1323860000000001,1.1465040000000002,POL,ANS,7373
2235297,186,250,1238,2018.0,38087.0,0.0,-0.079971,0.11098599999999999,RUS,ANS,7373
2235298,188,250,1238,2018.0,0.0,83297.0,0.600485,-0.450466,SAU,ANS,7373
2235299,192,250,1238,2018.0,0.0,1374.0,1.870268,0.672214,SGP,ANS,7373
2235300,197,250,1238,2018.0,0.0,1293.0,0.07891799999999999,0.219075,SLV,ANS,7373
2235301,206,250,1238,2018.0,0.0,5273666.0,1.445669,0.9135850000000001,SVK,ANS,7373
2235302,217,250,1238,2018.0,0.0,2108.0,-1.199219,-1.254751,TJK,ANS,7373
2235303,223,250,1238,2018.0,1446357.0,234181.0,0.39611799999999997,1.252702,TUN,ANS,7373
2235304,224,250,1238,2018.0,29624.0,19265.0,0.5883510000000001,2.357541,TUR,ANS,7373
2235305,243,250,1238,2018.0,0.0,10083.0,-1.260844,-1.187614,YEM,ANS,7373
2235306,246,250,1238,2018.0,67752.0,143964.0,-0.053311000000000004,1.45561,ZAF,ANS,7373
2235307,248,250,1238,2018.0,9960.0,0.0,-1.071621,-1.112033,ZWE,ANS,7373
2235308,249,250,1238,2018.0,30437.0,434568.0,2.0283580000000003,1.1648319999999999,TWN,ANS,7373
2235309,7,0,1238,2018.0,0.0,6160.0,-0.020214,-0.570049,ARE,ABW,7373
2235310,43,0,1238,2018.0,1335.0,0.0,1.378018,0.513572,CHN,ABW,7373
2235311,67,0,1238,2018.0,4541.0,0.0,-0.9813709999999999,-1.073273,ECU,ABW,7373
2235312,77,0,1238,2018.0,2368.0,0.0,1.3578540000000001,0.9033700000000001,FRA,ABW,7373
2235313,122,0,1238,2018.0,0.0,2877.0,-0.790523,-1.136525,KWT,ABW,7373
2235314,162,0,1238,2018.0,17208.0,0.0,1.060964,1.491808,NLD,ABW,7373
2235315,231,0,1238,2018.0,109256.0,0.0,1.5527739999999999,0.288577,USA,ABW,7373
2235316,250,0,1238,2018.0,118906.0,0.0,0.760441,-0.310861,ANS,ABW,7373
2235317,14,10,1238,2018.0,0.0,5352.0,-0.5578930000000001,-0.15666300000000002,AUS,ASM,7373
2235318,166,10,1238,2018.0,18453.0,0.0,0.113398,0.017740000000000002,NZL,ASM,7373
2235319,7,14,1238,2018.0,420359.0,114465.0,-0.020214,-0.570049,ARE,AUS,7373
2235320,8,14,1238,2018.0,0.0,13438.0,-0.239502,0.297865,ARG,AUS,7373
2235321,10,14,1238,2018.0,5352.0,0.0,0.9338049999999999,-0.266333,ASM,AUS,7373
2235322,15,14,1238,2018.0,8067625.0,13317.0,1.798687,-0.557271,AUT,AUS,7373
2235323,18,14,1238,2018.0,995738.0,7242.0,1.244674,1.1368969999999998,BEL,AUS,7373
2235324,21,14,1238,2018.0,0.0,2907.0,-0.625138,-0.848562,BFA,AUS,7373
2235325,23,14,1238,2018.0,0.0,1273.0,0.516917,1.915288,BGR,AUS,7373
2235326,24,14,1238,2018.0,0.0,6526.0,0.335652,-0.646621,BHR,AUS,7373
2235327,32,14,1238,2018.0,40990.0,15575.0,0.166542,0.718965,BRA,AUS,7373
2235328,33,14,1238,2018.0,0.0,28540.0,0.50894,0.043631,BRB,AUS,7373
2235329,34,14,1238,2018.0,0.0,19704.0,-0.360468,-0.826729,BRN,AUS,7373
2235330,39,14,1238,2018.0,927013.0,56671.0,0.60854,1.475283,CAN,AUS,7373
2235331,40,14,1238,2018.0,0.0,11978.0,0.9563809999999999,0.33513899999999996,CCK,AUS,7373
2235332,41,14,1238,2018.0,5574198.0,3371.0,2.173252,0.861742,CHE,AUS,7373
2235333,43,14,1238,2018.0,38757844.0,154083.0,1.378018,0.513572,CHN,AUS,7373
2235334,44,14,1238,2018.0,0.0,108433.0,-1.021384,-0.898676,CIV,AUS,7373
2235335,49,14,1238,2018.0,38278.0,5417.0,0.144073,-0.10276199999999999,COL,AUS,7373
2235336,56,14,1238,2018.0,0.0,25467.0,0.845525,-0.579074,CXR,AUS,7373
2235337,59,14,1238,2018.0,1511209.0,43964.0,1.8018669999999999,0.022382,CZE,AUS,7373
2235338,61,14,1238,2018.0,12620139.0,81124.0,2.126861,-2.619524,DEU,AUS,7373
2235339,63,14,1238,2018.0,2021.0,0.0,0.24612199999999998,-0.044363,DMA,AUS,7373
2235340,64,14,1238,2018.0,430574.0,0.0,1.094761,1.337348,DNK,AUS,7373
2235341,68,14,1238,2018.0,0.0,159186.0,-0.093935,1.6368610000000001,EGY,AUS,7373
2235342,71,14,1238,2018.0,599801.0,90028.0,0.851197,2.261012,ESP,AUS,7373
2235343,72,14,1238,2018.0,1845.0,0.0,0.957627,1.294173,EST,AUS,7373
2235344,74,14,1238,2018.0,4337746.0,10020.0,1.561518,1.0198450000000001,FIN,AUS,7373
2235345,75,14,1238,2018.0,13483.0,967691.0,-0.31149299999999996,0.198303,FJI,AUS,7373
2235346,77,14,1238,2018.0,1331878.0,68979.0,1.3578540000000001,0.9033700000000001,FRA,AUS,7373
2235347,81,14,1238,2018.0,3438482.0,226633.0,1.481442,1.050259,GBR,AUS,7373
2235348,83,14,1238,2018.0,0.0,240872.0,-0.769089,-0.8389200000000001,GHA,AUS,7373
2235349,97,14,1238,2018.0,54242.0,64289.0,0.8625149999999999,1.21001,HKG,AUS,7373
2235350,102,14,1238,2018.0,844205.0,10678.0,1.6983409999999999,0.693194,HUN,AUS,7373
2235351,103,14,1238,2018.0,580407.0,2142668.0,-0.0009939999999999999,1.417371,IDN,AUS,7373
2235352,104,14,1238,2018.0,399935.0,148561.0,0.536561,2.450287,IND,AUS,7373
2235353,106,14,1238,2018.0,504667.0,11976.0,1.3647,0.094596,IRL,AUS,7373
2235354,107,14,1238,2018.0,45069.0,1032.0,-0.290723,-0.430805,IRN,AUS,7373
2235355,109,14,1238,2018.0,1340.0,0.0,0.161776,-0.293048,ISL,AUS,7373
2235356,110,14,1238,2018.0,110869.0,30840.0,1.205666,1.001693,ISR,AUS,7373
2235357,111,14,1238,2018.0,5410262.0,317182.0,1.4594799999999999,0.05113,ITA,AUS,7373
2235358,114,14,1238,2018.0,3203815.0,42537.0,2.480327,-0.559793,JPN,AUS,7373
2235359,115,14,1238,2018.0,0.0,51730.0,-0.625674,-0.605028,KAZ,AUS,7373
2235360,119,14,1238,2018.0,0.0,32677.0,-0.616492,-0.950478,KIR,AUS,7373
2235361,121,14,1238,2018.0,1309951.0,55239.0,2.139149,0.795045,KOR,AUS,7373
2235362,122,14,1238,2018.0,0.0,5058.0,-0.790523,-1.136525,KWT,AUS,7373
2235363,123,14,1238,2018.0,0.0,43917.0,-0.60597,-0.479868,LAO,AUS,7373
2235364,124,14,1238,2018.0,0.0,11956.0,0.37832899999999997,1.077452,LBN,AUS,7373
2235365,130,14,1238,2018.0,3211.0,0.0,0.839052,1.5688790000000001,LTU,AUS,7373
2235366,132,14,1238,2018.0,0.0,2332.0,0.6984560000000001,1.29918,LVA,AUS,7373
2235367,136,14,1238,2018.0,0.0,2404.0,-1.056786,-0.9160709999999999,MDG,AUS,7373
2235368,137,14,1238,2018.0,0.0,1499.0,-1.128674,-1.053328,MDV,AUS,7373
2235369,138,14,1238,2018.0,843850.0,10796.0,1.272851,0.646359,MEX,AUS,7373
2235370,141,14,1238,2018.0,0.0,2759.0,-0.805876,-0.907854,MLI,AUS,7373
2235371,143,14,1238,2018.0,0.0,10154.0,-0.9970469999999999,-0.28486,MMR,AUS,7373
2235372,145,14,1238,2018.0,0.0,124638.0,-0.892013,-1.115228,MNG,AUS,7373
2235373,148,14,1238,2018.0,0.0,25255.0,-1.219419,-1.2586,MRT,AUS,7373
2235374,151,14,1238,2018.0,0.0,1473.0,-0.268625,0.104254,MUS,AUS,7373
2235375,153,14,1238,2018.0,456816.0,328153.0,1.047185,0.732742,MYS,AUS,7373
2235376,156,14,1238,2018.0,0.0,468137.0,-0.260395,-0.805425,NCL,AUS,7373
2235377,158,14,1238,2018.0,0.0,4315.0,1.1190069999999999,-0.316179,NFK,AUS,7373
2235378,162,14,1238,2018.0,2212349.0,8814.0,1.060964,1.491808,NLD,AUS,7373
2235379,163,14,1238,2018.0,56311.0,28474.0,0.359254,-0.059994000000000006,NOR,AUS,7373
2235380,165,14,1238,2018.0,0.0,36669.0,0.7573529999999999,0.089247,NRU,AUS,7373
2235381,166,14,1238,2018.0,1750426.0,4074958.0,0.113398,0.017740000000000002,NZL,AUS,7373
2235382,168,14,1238,2018.0,0.0,6110.0,-0.737637,0.274296,PAK,AUS,7373
2235383,171,14,1238,2018.0,52230.0,0.0,1.206844,-0.15090599999999998,PCN,AUS,7373
2235384,173,14,1238,2018.0,0.0,5319.0,-0.842934,-0.302396,PER,AUS,7373
2235385,174,14,1238,2018.0,0.0,441853.0,0.7233649999999999,0.23715300000000003,PHL,AUS,7373
2235386,176,14,1238,2018.0,15146.0,1157540.0,-1.7208310000000002,-1.2635370000000001,PNG,AUS,7373
2235387,177,14,1238,2018.0,1750703.0,5018.0,1.1323860000000001,1.1465040000000002,POL,AUS,7373
2235388,183,14,1238,2018.0,0.0,20347.0,-0.291537,-1.022145,QAT,AUS,7373
2235389,185,14,1238,2018.0,23494.0,0.0,1.1458030000000001,1.194413,ROU,AUS,7373
2235390,188,14,1238,2018.0,0.0,35977.0,0.600485,-0.450466,SAU,AUS,7373
2235391,191,14,1238,2018.0,0.0,3855.0,-0.699313,-0.360203,SEN,AUS,7373
2235392,192,14,1238,2018.0,1439735.0,488348.0,1.870268,0.672214,SGP,AUS,7373
2235393,195,14,1238,2018.0,0.0,39253.0,-1.09344,-0.976073,SLB,AUS,7373
2235394,201,14,1238,2018.0,3113.0,0.0,0.665772,1.552409,SRB,AUS,7373
2235395,206,14,1238,2018.0,5938.0,0.0,1.445669,0.9135850000000001,SVK,AUS,7373
2235396,207,14,1238,2018.0,38254.0,0.0,1.623183,0.7150850000000001,SVN,AUS,7373
2235397,208,14,1238,2018.0,1077367.0,19088.0,1.7254209999999999,0.638757,SWE,AUS,7373
2235398,216,14,1238,2018.0,340885.0,506321.0,1.188923,1.264666,THA,AUS,7373
2235399,220,14,1238,2018.0,0.0,8867.0,-0.15203,-0.7739590000000001,TLS,AUS,7373
2235400,222,14,1238,2018.0,0.0,190639.0,-0.32209299999999996,-1.0651540000000002,TTO,AUS,7373
2235401,223,14,1238,2018.0,0.0,9823.0,0.39611799999999997,1.252702,TUN,AUS,7373
2235402,224,14,1238,2018.0,26684.0,32393.0,0.5883510000000001,2.357541,TUR,AUS,7373
2235403,226,14,1238,2018.0,0.0,14658.0,-0.12971300000000002,1.379649,TZA,AUS,7373
2235404,227,14,1238,2018.0,4537.0,0.0,-0.569114,0.36182800000000004,UGA,AUS,7373
2235405,228,14,1238,2018.0,205961.0,0.0,0.3281,1.0037459999999998,UKR,AUS,7373
2235406,231,14,1238,2018.0,18679160.0,1411879.0,1.5527739999999999,0.288577,USA,AUS,7373
2235407,239,14,1238,2018.0,114703.0,218682.0,0.111848,0.915842,VNM,AUS,7373
2235408,240,14,1238,2018.0,0.0,1508.0,-1.240625,-1.029865,VUT,AUS,7373
2235409,242,14,1238,2018.0,0.0,13145.0,0.18920399999999998,0.27458299999999997,WSM,AUS,7373
2235410,246,14,1238,2018.0,11816.0,176454.0,-0.053311000000000004,1.45561,ZAF,AUS,7373
2235411,247,14,1238,2018.0,0.0,2514.0,-0.8302510000000001,-0.932916,ZMB,AUS,7373
2235412,249,14,1238,2018.0,2751844.0,242913.0,2.0283580000000003,1.1648319999999999,TWN,AUS,7373
2235413,250,14,1238,2018.0,0.0,54334.0,0.760441,-0.310861,ANS,AUS,7373
2235414,7,16,1238,2018.0,34078.0,0.0,-0.020214,-0.570049,ARE,AZE,7373
2235415,15,16,1238,2018.0,71992.0,0.0,1.798687,-0.557271,AUT,AZE,7373
2235416,18,16,1238,2018.0,10988.0,0.0,1.244674,1.1368969999999998,BEL,AZE,7373
2235417,28,16,1238,2018.0,14384.0,0.0,0.86016,1.034144,BLR,AZE,7373
2235418,41,16,1238,2018.0,20578.0,0.0,2.173252,0.861742,CHE,AZE,7373
2235419,43,16,1238,2018.0,208389.0,0.0,1.378018,0.513572,CHN,AZE,7373
2235420,59,16,1238,2018.0,22489.0,0.0,1.8018669999999999,0.022382,CZE,AZE,7373
2235421,61,16,1238,2018.0,89370.0,0.0,2.126861,-2.619524,DEU,AZE,7373
2235422,72,16,1238,2018.0,2789.0,0.0,0.957627,1.294173,EST,AZE,7373
2235423,74,16,1238,2018.0,16212.0,0.0,1.561518,1.0198450000000001,FIN,AZE,7373
2235424,77,16,1238,2018.0,17332.0,0.0,1.3578540000000001,0.9033700000000001,FRA,AZE,7373
2235425,81,16,1238,2018.0,44307.0,0.0,1.481442,1.050259,GBR,AZE,7373
2235426,82,16,1238,2018.0,417137.0,77015.0,-0.059633000000000005,-0.073048,GEO,AZE,7373
2235427,97,16,1238,2018.0,3062.0,0.0,0.8625149999999999,1.21001,HKG,AZE,7373
2235428,104,16,1238,2018.0,14368.0,0.0,0.536561,2.450287,IND,AZE,7373
2235429,107,16,1238,2018.0,21617.0,0.0,-0.290723,-0.430805,IRN,AZE,7373
2235430,111,16,1238,2018.0,221289.0,0.0,1.4594799999999999,0.05113,ITA,AZE,7373
2235431,114,16,1238,2018.0,15782.0,0.0,2.480327,-0.559793,JPN,AZE,7373
2235432,121,16,1238,2018.0,188213.0,0.0,2.139149,0.795045,KOR,AZE,7373
2235433,132,16,1238,2018.0,6946.0,0.0,0.6984560000000001,1.29918,LVA,AZE,7373
2235434,162,16,1238,2018.0,473211.0,3666.0,1.060964,1.491808,NLD,AZE,7373
2235435,163,16,1238,2018.0,45575.0,0.0,0.359254,-0.059994000000000006,NOR,AZE,7373
2235436,177,16,1238,2018.0,165739.0,0.0,1.1323860000000001,1.1465040000000002,POL,AZE,7373
2235437,185,16,1238,2018.0,1700.0,0.0,1.1458030000000001,1.194413,ROU,AZE,7373
2235438,186,16,1238,2018.0,30415.0,0.0,-0.079971,0.11098599999999999,RUS,AZE,7373
2235439,192,16,1238,2018.0,2384.0,0.0,1.870268,0.672214,SGP,AZE,7373
2235440,207,16,1238,2018.0,6614.0,0.0,1.623183,0.7150850000000001,SVN,AZE,7373
2235441,208,16,1238,2018.0,67654.0,8942.0,1.7254209999999999,0.638757,SWE,AZE,7373
2235442,216,16,1238,2018.0,7410.0,0.0,1.188923,1.264666,THA,AZE,7373
2235443,224,16,1238,2018.0,1689097.0,0.0,0.5883510000000001,2.357541,TUR,AZE,7373
2235444,228,16,1238,2018.0,34176.0,0.0,0.3281,1.0037459999999998,UKR,AZE,7373
2235445,231,16,1238,2018.0,120860.0,83444.0,1.5527739999999999,0.288577,USA,AZE,7373
2235446,7,22,1238,2018.0,78902.0,1162.0,-0.020214,-0.570049,ARE,BGD,7373
2235447,15,22,1238,2018.0,5769.0,5892.0,1.798687,-0.557271,AUT,BGD,7373
2235448,39,22,1238,2018.0,46138.0,0.0,0.60854,1.475283,CAN,BGD,7373
2235449,41,22,1238,2018.0,121303.0,0.0,2.173252,0.861742,CHE,BGD,7373
2235450,43,22,1238,2018.0,14671251.0,0.0,1.378018,0.513572,CHN,BGD,7373
2235451,46,22,1238,2018.0,0.0,4061.0,-1.704339,-1.211619,COD,BGD,7373
2235452,61,22,1238,2018.0,274844.0,48191.0,2.126861,-2.619524,DEU,BGD,7373
2235453,71,22,1238,2018.0,11495.0,0.0,0.851197,2.261012,ESP,BGD,7373
2235454,73,22,1238,2018.0,0.0,11829.0,-0.663343,-0.384372,ETH,BGD,7373
2235455,77,22,1238,2018.0,141453.0,0.0,1.3578540000000001,0.9033700000000001,FRA,BGD,7373
2235456,81,22,1238,2018.0,14631.0,0.0,1.481442,1.050259,GBR,BGD,7373
2235457,97,22,1238,2018.0,87868.0,0.0,0.8625149999999999,1.21001,HKG,BGD,7373
2235458,104,22,1238,2018.0,1505476.0,9468.0,0.536561,2.450287,IND,BGD,7373
2235459,111,22,1238,2018.0,732401.0,0.0,1.4594799999999999,0.05113,ITA,BGD,7373
2235460,114,22,1238,2018.0,1033388.0,4330.0,2.480327,-0.559793,JPN,BGD,7373
2235461,121,22,1238,2018.0,103176.0,0.0,2.139149,0.795045,KOR,BGD,7373
2235462,153,22,1238,2018.0,95865.0,0.0,1.047185,0.732742,MYS,BGD,7373
2235463,159,22,1238,2018.0,0.0,39807.0,-1.839074,-1.29837,NGA,BGD,7373
2235464,162,22,1238,2018.0,374275.0,0.0,1.060964,1.491808,NLD,BGD,7373
2235465,186,22,1238,2018.0,107971.0,0.0,-0.079971,0.11098599999999999,RUS,BGD,7373
2235466,192,22,1238,2018.0,1430067.0,0.0,1.870268,0.672214,SGP,BGD,7373
2235467,216,22,1238,2018.0,402615.0,0.0,1.188923,1.264666,THA,BGD,7373
2235468,224,22,1238,2018.0,669007.0,0.0,0.5883510000000001,2.357541,TUR,BGD,7373
2235469,231,22,1238,2018.0,297779.0,0.0,1.5527739999999999,0.288577,USA,BGD,7373
2235470,239,22,1238,2018.0,51130.0,0.0,0.111848,0.915842,VNM,BGD,7373
2235471,249,22,1238,2018.0,107827.0,0.0,2.0283580000000003,1.1648319999999999,TWN,BGD,7373
2235472,7,26,1238,2018.0,0.0,4667.0,-0.020214,-0.570049,ARE,BIH,7373
2235473,15,26,1238,2018.0,941670.0,221649.0,1.798687,-0.557271,AUT,BIH,7373
2235474,18,26,1238,2018.0,33749.0,0.0,1.244674,1.1368969999999998,BEL,BIH,7373
2235475,23,26,1238,2018.0,39576.0,0.0,0.516917,1.915288,BGR,BIH,7373
2235476,32,26,1238,2018.0,0.0,16670.0,0.166542,0.718965,BRA,BIH,7373
2235477,39,26,1238,2018.0,0.0,11455.0,0.60854,1.475283,CAN,BIH,7373
2235478,41,26,1238,2018.0,527971.0,5845.0,2.173252,0.861742,CHE,BIH,7373
2235479,43,26,1238,2018.0,133365.0,57614.0,1.378018,0.513572,CHN,BIH,7373
2235480,59,26,1238,2018.0,237543.0,157026.0,1.8018669999999999,0.022382,CZE,BIH,7373
2235481,61,26,1238,2018.0,1700615.0,1659578.0,2.126861,-2.619524,DEU,BIH,7373
2235482,64,26,1238,2018.0,535545.0,0.0,1.094761,1.337348,DNK,BIH,7373
2235483,71,26,1238,2018.0,0.0,540931.0,0.851197,2.261012,ESP,BIH,7373
2235484,73,26,1238,2018.0,0.0,6943.0,-0.663343,-0.384372,ETH,BIH,7373
2235485,74,26,1238,2018.0,403095.0,14254.0,1.561518,1.0198450000000001,FIN,BIH,7373
2235486,77,26,1238,2018.0,23984.0,74081.0,1.3578540000000001,0.9033700000000001,FRA,BIH,7373
2235487,81,26,1238,2018.0,2670.0,0.0,1.481442,1.050259,GBR,BIH,7373
2235488,97,26,1238,2018.0,1063.0,0.0,0.8625149999999999,1.21001,HKG,BIH,7373
2235489,100,26,1238,2018.0,567128.0,140669.0,0.8873559999999999,1.480788,HRV,BIH,7373
2235490,102,26,1238,2018.0,4866.0,0.0,1.6983409999999999,0.693194,HUN,BIH,7373
2235491,104,26,1238,2018.0,7221.0,0.0,0.536561,2.450287,IND,BIH,7373
2235492,106,26,1238,2018.0,0.0,18054.0,1.3647,0.094596,IRL,BIH,7373
2235493,110,26,1238,2018.0,1174.0,5468.0,1.205666,1.001693,ISR,BIH,7373
2235494,111,26,1238,2018.0,1066271.0,27835.0,1.4594799999999999,0.05113,ITA,BIH,7373
2235495,114,26,1238,2018.0,4928.0,14605.0,2.480327,-0.559793,JPN,BIH,7373
2235496,121,26,1238,2018.0,1750.0,0.0,2.139149,0.795045,KOR,BIH,7373
2235497,122,26,1238,2018.0,0.0,1841.0,-0.790523,-1.136525,KWT,BIH,7373
2235498,132,26,1238,2018.0,1698.0,0.0,0.6984560000000001,1.29918,LVA,BIH,7373
2235499,134,26,1238,2018.0,0.0,18143.0,-0.57445,-0.14461400000000002,MAR,BIH,7373
2235500,138,26,1238,2018.0,2663.0,912569.0,1.272851,0.646359,MEX,BIH,7373
2235501,140,26,1238,2018.0,0.0,12273.0,0.056548,-0.273964,MKD,BIH,7373
2235502,144,26,1238,2018.0,0.0,38410.0,0.166157,0.132633,MNE,BIH,7373
2235503,153,26,1238,2018.0,0.0,5436.0,1.047185,0.732742,MYS,BIH,7373
2235504,162,26,1238,2018.0,87797.0,100105.0,1.060964,1.491808,NLD,BIH,7373
2235505,163,26,1238,2018.0,0.0,2977.0,0.359254,-0.059994000000000006,NOR,BIH,7373
2235506,174,26,1238,2018.0,0.0,1388.0,0.7233649999999999,0.23715300000000003,PHL,BIH,7373
2235507,177,26,1238,2018.0,57964.0,209637.0,1.1323860000000001,1.1465040000000002,POL,BIH,7373
2235508,179,26,1238,2018.0,2473.0,0.0,0.787381,1.959475,PRT,BIH,7373
2235509,183,26,1238,2018.0,0.0,144436.0,-0.291537,-1.022145,QAT,BIH,7373
2235510,185,26,1238,2018.0,1143.0,0.0,1.1458030000000001,1.194413,ROU,BIH,7373
2235511,186,26,1238,2018.0,0.0,52119.0,-0.079971,0.11098599999999999,RUS,BIH,7373
2235512,187,26,1238,2018.0,0.0,3791.0,-0.48781199999999997,-0.741734,RWA,BIH,7373
2235513,192,26,1238,2018.0,0.0,1822.0,1.870268,0.672214,SGP,BIH,7373
2235514,198,26,1238,2018.0,2010.0,0.0,1.1010280000000001,0.679361,SMR,BIH,7373
2235515,201,26,1238,2018.0,653467.0,17287.0,0.665772,1.552409,SRB,BIH,7373
2235516,206,26,1238,2018.0,1526.0,38227.0,1.445669,0.9135850000000001,SVK,BIH,7373
2235517,207,26,1238,2018.0,779470.0,58808.0,1.623183,0.7150850000000001,SVN,BIH,7373
2235518,208,26,1238,2018.0,14298.0,0.0,1.7254209999999999,0.638757,SWE,BIH,7373
2235519,216,26,1238,2018.0,7840.0,32786.0,1.188923,1.264666,THA,BIH,7373
2235520,223,26,1238,2018.0,0.0,41724.0,0.39611799999999997,1.252702,TUN,BIH,7373
2235521,224,26,1238,2018.0,248751.0,65445.0,0.5883510000000001,2.357541,TUR,BIH,7373
2235522,228,26,1238,2018.0,1983.0,7237.0,0.3281,1.0037459999999998,UKR,BIH,7373
2235523,231,26,1238,2018.0,13822.0,96255.0,1.5527739999999999,0.288577,USA,BIH,7373
2235524,246,26,1238,2018.0,0.0,11139.0,-0.053311000000000004,1.45561,ZAF,BIH,7373
2235525,249,26,1238,2018.0,1800.0,1148.0,2.0283580000000003,1.1648319999999999,TWN,BIH,7373
2235526,9,28,1238,2018.0,0.0,1702.0,-0.42181499999999994,-0.663385,ARM,BLR,7373
2235527,15,28,1238,2018.0,285063.0,0.0,1.798687,-0.557271,AUT,BLR,7373
2235528,16,28,1238,2018.0,0.0,14384.0,-1.47928,-1.313633,AZE,BLR,7373
2235529,18,28,1238,2018.0,27509.0,0.0,1.244674,1.1368969999999998,BEL,BLR,7373
2235530,32,28,1238,2018.0,0.0,20331.0,0.166542,0.718965,BRA,BLR,7373
2235531,39,28,1238,2018.0,0.0,44276.0,0.60854,1.475283,CAN,BLR,7373
2235532,41,28,1238,2018.0,169492.0,6391.0,2.173252,0.861742,CHE,BLR,7373
2235533,43,28,1238,2018.0,6249714.0,82825.0,1.378018,0.513572,CHN,BLR,7373
2235534,59,28,1238,2018.0,491888.0,0.0,1.8018669999999999,0.022382,CZE,BLR,7373
2235535,61,28,1238,2018.0,1902698.0,71861.0,2.126861,-2.619524,DEU,BLR,7373
2235536,64,28,1238,2018.0,1850.0,0.0,1.094761,1.337348,DNK,BLR,7373
2235537,71,28,1238,2018.0,108458.0,0.0,0.851197,2.261012,ESP,BLR,7373
2235538,74,28,1238,2018.0,401960.0,0.0,1.561518,1.0198450000000001,FIN,BLR,7373
2235539,77,28,1238,2018.0,24998.0,0.0,1.3578540000000001,0.9033700000000001,FRA,BLR,7373
2235540,81,28,1238,2018.0,66982.0,2283.0,1.481442,1.050259,GBR,BLR,7373
2235541,82,28,1238,2018.0,0.0,10003.0,-0.059633000000000005,-0.073048,GEO,BLR,7373
2235542,97,28,1238,2018.0,4500.0,9922.0,0.8625149999999999,1.21001,HKG,BLR,7373
2235543,104,28,1238,2018.0,20315.0,0.0,0.536561,2.450287,IND,BLR,7373
2235544,111,28,1238,2018.0,511206.0,122986.0,1.4594799999999999,0.05113,ITA,BLR,7373
2235545,114,28,1238,2018.0,109898.0,0.0,2.480327,-0.559793,JPN,BLR,7373
2235546,115,28,1238,2018.0,0.0,75253.0,-0.625674,-0.605028,KAZ,BLR,7373
2235547,117,28,1238,2018.0,0.0,30692.0,0.000495,0.601278,KGZ,BLR,7373
2235548,121,28,1238,2018.0,4693.0,0.0,2.139149,0.795045,KOR,BLR,7373
2235549,130,28,1238,2018.0,1855364.0,144431.0,0.839052,1.5688790000000001,LTU,BLR,7373
2235550,132,28,1238,2018.0,72407.0,86722.0,0.6984560000000001,1.29918,LVA,BLR,7373
2235551,135,28,1238,2018.0,19493.0,22760.0,-0.222348,-0.091067,MDA,BLR,7373
2235552,138,28,1238,2018.0,7596.0,0.0,1.272851,0.646359,MEX,BLR,7373
2235553,143,28,1238,2018.0,0.0,3270.0,-0.9970469999999999,-0.28486,MMR,BLR,7373
2235554,162,28,1238,2018.0,5921.0,0.0,1.060964,1.491808,NLD,BLR,7373
2235555,163,28,1238,2018.0,13500.0,0.0,0.359254,-0.059994000000000006,NOR,BLR,7373
2235556,177,28,1238,2018.0,2875095.0,84816.0,1.1323860000000001,1.1465040000000002,POL,BLR,7373
2235557,185,28,1238,2018.0,3053.0,0.0,1.1458030000000001,1.194413,ROU,BLR,7373
2235558,186,28,1238,2018.0,2893902.0,1552741.0,-0.079971,0.11098599999999999,RUS,BLR,7373
2235559,188,28,1238,2018.0,0.0,10612.0,0.600485,-0.450466,SAU,BLR,7373
2235560,190,28,1238,2018.0,0.0,30231.0,-1.3426719999999999,-1.1851909999999999,SDN,BLR,7373
2235561,201,28,1238,2018.0,79441.0,0.0,0.665772,1.552409,SRB,BLR,7373
2235562,206,28,1238,2018.0,129769.0,0.0,1.445669,0.9135850000000001,SVK,BLR,7373
2235563,207,28,1238,2018.0,828174.0,0.0,1.623183,0.7150850000000001,SVN,BLR,7373
2235564,208,28,1238,2018.0,32805.0,0.0,1.7254209999999999,0.638757,SWE,BLR,7373
2235565,224,28,1238,2018.0,142624.0,0.0,0.5883510000000001,2.357541,TUR,BLR,7373
2235566,228,28,1238,2018.0,367460.0,240189.0,0.3281,1.0037459999999998,UKR,BLR,7373
2235567,231,28,1238,2018.0,69481.0,53727.0,1.5527739999999999,0.288577,USA,BLR,7373
2235568,232,28,1238,2018.0,0.0,5577.0,-0.485013,-0.390021,UZB,BLR,7373
2235569,249,28,1238,2018.0,11528.0,0.0,2.0283580000000003,1.1648319999999999,TWN,BLR,7373
2235570,7,31,1238,2018.0,16458.0,0.0,-0.020214,-0.570049,ARE,BOL,7373
2235571,8,31,1238,2018.0,285141.0,13776.0,-0.239502,0.297865,ARG,BOL,7373
2235572,15,31,1238,2018.0,17761.0,0.0,1.798687,-0.557271,AUT,BOL,7373
2235573,32,31,1238,2018.0,469114.0,0.0,0.166542,0.718965,BRA,BOL,7373
2235574,39,31,1238,2018.0,4621.0,0.0,0.60854,1.475283,CAN,BOL,7373
2235575,41,31,1238,2018.0,24565.0,0.0,2.173252,0.861742,CHE,BOL,7373
2235576,42,31,1238,2018.0,726652.0,0.0,-0.24325300000000002,-0.350271,CHL,BOL,7373
2235577,43,31,1238,2018.0,1357025.0,0.0,1.378018,0.513572,CHN,BOL,7373
2235578,49,31,1238,2018.0,19158.0,0.0,0.144073,-0.10276199999999999,COL,BOL,7373
2235579,59,31,1238,2018.0,9707.0,0.0,1.8018669999999999,0.022382,CZE,BOL,7373
2235580,61,31,1238,2018.0,53677.0,0.0,2.126861,-2.619524,DEU,BOL,7373
2235581,64,31,1238,2018.0,9132.0,0.0,1.094761,1.337348,DNK,BOL,7373
2235582,65,31,1238,2018.0,0.0,43092.0,-0.205988,0.291906,DOM,BOL,7373
2235583,67,31,1238,2018.0,0.0,29363.0,-0.9813709999999999,-1.073273,ECU,BOL,7373
2235584,71,31,1238,2018.0,119954.0,23027.0,0.851197,2.261012,ESP,BOL,7373
2235585,74,31,1238,2018.0,2010.0,0.0,1.561518,1.0198450000000001,FIN,BOL,7373
2235586,77,31,1238,2018.0,13605.0,0.0,1.3578540000000001,0.9033700000000001,FRA,BOL,7373
2235587,97,31,1238,2018.0,20953.0,0.0,0.8625149999999999,1.21001,HKG,BOL,7373
2235588,106,31,1238,2018.0,1325.0,0.0,1.3647,0.094596,IRL,BOL,7373
2235589,111,31,1238,2018.0,475991.0,0.0,1.4594799999999999,0.05113,ITA,BOL,7373
2235590,114,31,1238,2018.0,208627.0,0.0,2.480327,-0.559793,JPN,BOL,7373
2235591,121,31,1238,2018.0,21300.0,0.0,2.139149,0.795045,KOR,BOL,7373
2235592,138,31,1238,2018.0,341898.0,29242.0,1.272851,0.646359,MEX,BOL,7373
2235593,162,31,1238,2018.0,6881.0,0.0,1.060964,1.491808,NLD,BOL,7373
2235594,173,31,1238,2018.0,112854.0,2721.0,-0.842934,-0.302396,PER,BOL,7373
2235595,177,31,1238,2018.0,113802.0,0.0,1.1323860000000001,1.1465040000000002,POL,BOL,7373
2235596,179,31,1238,2018.0,0.0,6201.0,0.787381,1.959475,PRT,BOL,7373
2235597,180,31,1238,2018.0,1180.0,18969.0,-0.504343,-0.8482040000000001,PRY,BOL,7373
2235598,208,31,1238,2018.0,5470.0,0.0,1.7254209999999999,0.638757,SWE,BOL,7373
2235599,224,31,1238,2018.0,2858.0,0.0,0.5883510000000001,2.357541,TUR,BOL,7373
2235600,231,31,1238,2018.0,637905.0,28084.0,1.5527739999999999,0.288577,USA,BOL,7373
2235601,2,59,1238,2018.0,0.0,2254.0,-1.6785400000000001,-1.2244030000000001,AGO,CZE,7373
2235602,4,59,1238,2018.0,0.0,97249.0,-0.403248,-0.180523,ALB,CZE,7373
2235603,7,59,1238,2018.0,5140.0,1157537.0,-0.020214,-0.570049,ARE,CZE,7373
2235604,8,59,1238,2018.0,0.0,223191.0,-0.239502,0.297865,ARG,CZE,7373
2235605,9,59,1238,2018.0,0.0,6386.0,-0.42181499999999994,-0.663385,ARM,CZE,7373
2235606,14,59,1238,2018.0,43964.0,1511209.0,-0.5578930000000001,-0.15666300000000002,AUS,CZE,7373
2235607,15,59,1238,2018.0,10766581.0,5134154.0,1.798687,-0.557271,AUT,CZE,7373
2235608,16,59,1238,2018.0,0.0,22489.0,-1.47928,-1.313633,AZE,CZE,7373
2235609,18,59,1238,2018.0,2817558.0,641292.0,1.244674,1.1368969999999998,BEL,CZE,7373
2235610,23,59,1238,2018.0,43615.0,617572.0,0.516917,1.915288,BGR,CZE,7373
2235611,24,59,1238,2018.0,0.0,23914.0,0.335652,-0.646621,BHR,CZE,7373
2235612,26,59,1238,2018.0,157026.0,237543.0,0.676528,0.8948299999999999,BIH,CZE,7373
2235613,28,59,1238,2018.0,0.0,491888.0,0.86016,1.034144,BLR,CZE,7373
2235614,31,59,1238,2018.0,0.0,9707.0,-1.069519,-0.942264,BOL,CZE,7373
2235615,32,59,1238,2018.0,0.0,1963806.0,0.166542,0.718965,BRA,CZE,7373
2235616,39,59,1238,2018.0,60348.0,160291.0,0.60854,1.475283,CAN,CZE,7373
2235617,41,59,1238,2018.0,5224676.0,2666315.0,2.173252,0.861742,CHE,CZE,7373
2235618,42,59,1238,2018.0,1184.0,225136.0,-0.24325300000000002,-0.350271,CHL,CZE,7373
2235619,43,59,1238,2018.0,9455480.0,2194534.0,1.378018,0.513572,CHN,CZE,7373
2235620,44,59,1238,2018.0,0.0,25468.0,-1.021384,-0.898676,CIV,CZE,7373
2235621,49,59,1238,2018.0,0.0,174549.0,0.144073,-0.10276199999999999,COL,CZE,7373
2235622,51,59,1238,2018.0,0.0,3429.0,-0.43036899999999995,-0.761514,CPV,CZE,7373
2235623,52,59,1238,2018.0,40011.0,0.0,0.27715,0.33261999999999997,CRI,CZE,7373
2235624,58,59,1238,2018.0,0.0,15495.0,0.180009,-0.26353200000000004,CYP,CZE,7373
2235625,61,59,1238,2018.0,104075160.0,71382960.0,2.126861,-2.619524,DEU,CZE,7373
2235626,64,59,1238,2018.0,3272914.0,783840.0,1.094761,1.337348,DNK,CZE,7373
2235627,66,59,1238,2018.0,0.0,661368.0,-1.121185,-1.196891,DZA,CZE,7373
2235628,67,59,1238,2018.0,0.0,5693.0,-0.9813709999999999,-1.073273,ECU,CZE,7373
2235629,68,59,1238,2018.0,0.0,138856.0,-0.093935,1.6368610000000001,EGY,CZE,7373
2235630,71,59,1238,2018.0,7573578.0,1384490.0,0.851197,2.261012,ESP,CZE,7373
2235631,72,59,1238,2018.0,6846.0,544033.0,0.957627,1.294173,EST,CZE,7373
2235632,73,59,1238,2018.0,0.0,27790.0,-0.663343,-0.384372,ETH,CZE,7373
2235633,74,59,1238,2018.0,1597613.0,793435.0,1.561518,1.0198450000000001,FIN,CZE,7373
2235634,77,59,1238,2018.0,4441663.0,4675664.0,1.3578540000000001,0.9033700000000001,FRA,CZE,7373
2235635,78,59,1238,2018.0,0.0,45161.0,-1.2035120000000001,-1.0473700000000001,FRO,CZE,7373
2235636,81,59,1238,2018.0,1371379.0,3670087.0,1.481442,1.050259,GBR,CZE,7373
2235637,82,59,1238,2018.0,0.0,25789.0,-0.059633000000000005,-0.073048,GEO,CZE,7373
2235638,83,59,1238,2018.0,0.0,19594.0,-0.769089,-0.8389200000000001,GHA,CZE,7373
2235639,90,59,1238,2018.0,3120.0,295328.0,0.069841,0.922895,GRC,CZE,7373
2235640,97,59,1238,2018.0,15780.0,46533.0,0.8625149999999999,1.21001,HKG,CZE,7373
2235641,99,59,1238,2018.0,0.0,1129.0,-0.505516,-0.20719899999999997,HND,CZE,7373
2235642,100,59,1238,2018.0,17987.0,472453.0,0.8873559999999999,1.480788,HRV,CZE,7373
2235643,102,59,1238,2018.0,1394435.0,3167209.0,1.6983409999999999,0.693194,HUN,CZE,7373
2235644,103,59,1238,2018.0,0.0,231754.0,-0.0009939999999999999,1.417371,IDN,CZE,7373
2235645,104,59,1238,2018.0,85629.0,985908.0,0.536561,2.450287,IND,CZE,7373
2235646,106,59,1238,2018.0,157996.0,313645.0,1.3647,0.094596,IRL,CZE,7373
2235647,108,59,1238,2018.0,0.0,11400.0,-0.627753,-0.983086,IRQ,CZE,7373
2235648,109,59,1238,2018.0,0.0,89102.0,0.161776,-0.293048,ISL,CZE,7373
2235649,110,59,1238,2018.0,23710.0,126993.0,1.205666,1.001693,ISR,CZE,7373
2235650,111,59,1238,2018.0,8143672.0,3410698.0,1.4594799999999999,0.05113,ITA,CZE,7373
2235651,113,59,1238,2018.0,0.0,6030.0,0.125467,0.382625,JOR,CZE,7373
2235652,114,59,1238,2018.0,2970290.0,301881.0,2.480327,-0.559793,JPN,CZE,7373
2235653,115,59,1238,2018.0,0.0,28124.0,-0.625674,-0.605028,KAZ,CZE,7373
2235654,117,59,1238,2018.0,0.0,5867.0,0.000495,0.601278,KGZ,CZE,7373
2235655,121,59,1238,2018.0,7394964.0,943743.0,2.139149,0.795045,KOR,CZE,7373
2235656,122,59,1238,2018.0,0.0,105323.0,-0.790523,-1.136525,KWT,CZE,7373
2235657,123,59,1238,2018.0,0.0,2593.0,-0.60597,-0.479868,LAO,CZE,7373
2235658,124,59,1238,2018.0,0.0,53854.0,0.37832899999999997,1.077452,LBN,CZE,7373
2235659,130,59,1238,2018.0,0.0,1192699.0,0.839052,1.5688790000000001,LTU,CZE,7373
2235660,131,59,1238,2018.0,209424.0,50723.0,1.098797,1.390282,LUX,CZE,7373
2235661,132,59,1238,2018.0,0.0,391260.0,0.6984560000000001,1.29918,LVA,CZE,7373
2235662,134,59,1238,2018.0,0.0,279704.0,-0.57445,-0.14461400000000002,MAR,CZE,7373
2235663,135,59,1238,2018.0,0.0,2908.0,-0.222348,-0.091067,MDA,CZE,7373
2235664,137,59,1238,2018.0,0.0,5867.0,-1.128674,-1.053328,MDV,CZE,7373
2235665,138,59,1238,2018.0,417226.0,1441979.0,1.272851,0.646359,MEX,CZE,7373
2235666,140,59,1238,2018.0,0.0,33021.0,0.056548,-0.273964,MKD,CZE,7373
2235667,142,59,1238,2018.0,0.0,97997.0,0.860195,0.281449,MLT,CZE,7373
2235668,144,59,1238,2018.0,0.0,40269.0,0.166157,0.132633,MNE,CZE,7373
2235669,145,59,1238,2018.0,0.0,23295.0,-0.892013,-1.115228,MNG,CZE,7373
2235670,151,59,1238,2018.0,0.0,5250.0,-0.268625,0.104254,MUS,CZE,7373
2235671,153,59,1238,2018.0,56020.0,364976.0,1.047185,0.732742,MYS,CZE,7373
2235672,159,59,1238,2018.0,0.0,22718.0,-1.839074,-1.29837,NGA,CZE,7373
2235673,160,59,1238,2018.0,0.0,21642.0,-0.8788790000000001,-0.747015,NIC,CZE,7373
2235674,162,59,1238,2018.0,13156642.0,9127606.0,1.060964,1.491808,NLD,CZE,7373
2235675,163,59,1238,2018.0,377573.0,2005057.0,0.359254,-0.059994000000000006,NOR,CZE,7373
2235676,166,59,1238,2018.0,0.0,482500.0,0.113398,0.017740000000000002,NZL,CZE,7373
2235677,167,59,1238,2018.0,0.0,50165.0,-0.513727,-0.9944280000000001,OMN,CZE,7373
2235678,168,59,1238,2018.0,6581.0,51983.0,-0.737637,0.274296,PAK,CZE,7373
2235679,173,59,1238,2018.0,0.0,412689.0,-0.842934,-0.302396,PER,CZE,7373
2235680,174,59,1238,2018.0,0.0,35584.0,0.7233649999999999,0.23715300000000003,PHL,CZE,7373
2235681,176,59,1238,2018.0,0.0,2452.0,-1.7208310000000002,-1.2635370000000001,PNG,CZE,7373
2235682,177,59,1238,2018.0,15199239.0,14782250.0,1.1323860000000001,1.1465040000000002,POL,CZE,7373
2235683,179,59,1238,2018.0,133515.0,640080.0,0.787381,1.959475,PRT,CZE,7373
2235684,183,59,1238,2018.0,0.0,144656.0,-0.291537,-1.022145,QAT,CZE,7373
2235685,185,59,1238,2018.0,389566.0,2114654.0,1.1458030000000001,1.194413,ROU,CZE,7373
2235686,186,59,1238,2018.0,11263.0,7115276.0,-0.079971,0.11098599999999999,RUS,CZE,7373
2235687,188,59,1238,2018.0,0.0,536169.0,0.600485,-0.450466,SAU,CZE,7373
2235688,191,59,1238,2018.0,0.0,5943.0,-0.699313,-0.360203,SEN,CZE,7373
2235689,192,59,1238,2018.0,8109.0,675538.0,1.870268,0.672214,SGP,CZE,7373
2235690,197,59,1238,2018.0,0.0,314871.0,0.07891799999999999,0.219075,SLV,CZE,7373
2235691,201,59,1238,2018.0,661719.0,424868.0,0.665772,1.552409,SRB,CZE,7373
2235692,205,59,1238,2018.0,1755.0,2869.0,-0.721134,-1.069008,SUR,CZE,7373
2235693,206,59,1238,2018.0,4014952.0,17339996.0,1.445669,0.9135850000000001,SVK,CZE,7373
2235694,207,59,1238,2018.0,4205912.0,388988.0,1.623183,0.7150850000000001,SVN,CZE,7373
2235695,208,59,1238,2018.0,18588140.0,1082384.0,1.7254209999999999,0.638757,SWE,CZE,7373
2235696,215,59,1238,2018.0,0.0,13148.0,-0.681426,-0.7010270000000001,TGO,CZE,7373
2235697,216,59,1238,2018.0,3089.0,37844.0,1.188923,1.264666,THA,CZE,7373
2235698,219,59,1238,2018.0,0.0,49141.0,-0.802551,-1.154068,TKM,CZE,7373
2235699,223,59,1238,2018.0,0.0,224552.0,0.39611799999999997,1.252702,TUN,CZE,7373
2235700,224,59,1238,2018.0,180683.0,1587754.0,0.5883510000000001,2.357541,TUR,CZE,7373
2235701,226,59,1238,2018.0,0.0,3039.0,-0.12971300000000002,1.379649,TZA,CZE,7373
2235702,228,59,1238,2018.0,74294.0,1023134.0,0.3281,1.0037459999999998,UKR,CZE,7373
2235703,230,59,1238,2018.0,0.0,1364.0,0.016527,-0.250715,URY,CZE,7373
2235704,231,59,1238,2018.0,4650378.0,5900150.0,1.5527739999999999,0.288577,USA,CZE,7373
2235705,232,59,1238,2018.0,0.0,25745.0,-0.485013,-0.390021,UZB,CZE,7373
2235706,239,59,1238,2018.0,28599.0,132398.0,0.111848,0.915842,VNM,CZE,7373
2235707,243,59,1238,2018.0,0.0,1778.0,-1.260844,-1.187614,YEM,CZE,7373
2235708,246,59,1238,2018.0,629168.0,703763.0,-0.053311000000000004,1.45561,ZAF,CZE,7373
2235709,247,59,1238,2018.0,0.0,5182.0,-0.8302510000000001,-0.932916,ZMB,CZE,7373
2235710,249,59,1238,2018.0,207290.0,159141.0,2.0283580000000003,1.1648319999999999,TWN,CZE,7373
2235711,250,59,1238,2018.0,239392.0,0.0,0.760441,-0.310861,ANS,CZE,7373
2235712,7,68,1238,2018.0,277761.0,2519.0,-0.020214,-0.570049,ARE,EGY,7373
2235713,14,68,1238,2018.0,159186.0,0.0,-0.5578930000000001,-0.15666300000000002,AUS,EGY,7373
2235714,15,68,1238,2018.0,220505.0,24274.0,1.798687,-0.557271,AUT,EGY,7373
2235715,18,68,1238,2018.0,201195.0,0.0,1.244674,1.1368969999999998,BEL,EGY,7373
2235716,32,68,1238,2018.0,2377.0,0.0,0.166542,0.718965,BRA,EGY,7373
2235717,39,68,1238,2018.0,333391.0,0.0,0.60854,1.475283,CAN,EGY,7373
2235718,41,68,1238,2018.0,2387646.0,5678.0,2.173252,0.861742,CHE,EGY,7373
2235719,43,68,1238,2018.0,9121873.0,92147.0,1.378018,0.513572,CHN,EGY,7373
2235720,58,68,1238,2018.0,8671.0,0.0,0.180009,-0.26353200000000004,CYP,EGY,7373
2235721,59,68,1238,2018.0,138856.0,0.0,1.8018669999999999,0.022382,CZE,EGY,7373
2235722,61,68,1238,2018.0,3213460.0,0.0,2.126861,-2.619524,DEU,EGY,7373
2235723,71,68,1238,2018.0,138201.0,0.0,0.851197,2.261012,ESP,EGY,7373
2235724,74,68,1238,2018.0,39327.0,0.0,1.561518,1.0198450000000001,FIN,EGY,7373
2235725,77,68,1238,2018.0,571848.0,2367.0,1.3578540000000001,0.9033700000000001,FRA,EGY,7373
2235726,81,68,1238,2018.0,1313630.0,0.0,1.481442,1.050259,GBR,EGY,7373
2235727,82,68,1238,2018.0,3848.0,0.0,-0.059633000000000005,-0.073048,GEO,EGY,7373
2235728,90,68,1238,2018.0,7896.0,1042.0,0.069841,0.922895,GRC,EGY,7373
2235729,97,68,1238,2018.0,30693.0,0.0,0.8625149999999999,1.21001,HKG,EGY,7373
2235730,100,68,1238,2018.0,1836.0,0.0,0.8873559999999999,1.480788,HRV,EGY,7373
2235731,102,68,1238,2018.0,3412.0,0.0,1.6983409999999999,0.693194,HUN,EGY,7373
2235732,103,68,1238,2018.0,2455.0,5271.0,-0.0009939999999999999,1.417371,IDN,EGY,7373
2235733,104,68,1238,2018.0,368524.0,0.0,0.536561,2.450287,IND,EGY,7373
2235734,110,68,1238,2018.0,5777.0,0.0,1.205666,1.001693,ISR,EGY,7373
2235735,111,68,1238,2018.0,4528016.0,1620.0,1.4594799999999999,0.05113,ITA,EGY,7373
2235736,114,68,1238,2018.0,385658.0,0.0,2.480327,-0.559793,JPN,EGY,7373
2235737,121,68,1238,2018.0,1388287.0,0.0,2.139149,0.795045,KOR,EGY,7373
2235738,122,68,1238,2018.0,227656.0,0.0,-0.790523,-1.136525,KWT,EGY,7373
2235739,138,68,1238,2018.0,10015.0,0.0,1.272851,0.646359,MEX,EGY,7373
2235740,142,68,1238,2018.0,0.0,11102.0,0.860195,0.281449,MLT,EGY,7373
2235741,151,68,1238,2018.0,11024.0,0.0,-0.268625,0.104254,MUS,EGY,7373
2235742,153,68,1238,2018.0,61715.0,0.0,1.047185,0.732742,MYS,EGY,7373
2235743,162,68,1238,2018.0,850220.0,0.0,1.060964,1.491808,NLD,EGY,7373
2235744,163,68,1238,2018.0,14231.0,0.0,0.359254,-0.059994000000000006,NOR,EGY,7373
2235745,168,68,1238,2018.0,0.0,205870.0,-0.737637,0.274296,PAK,EGY,7373
2235746,177,68,1238,2018.0,555148.0,0.0,1.1323860000000001,1.1465040000000002,POL,EGY,7373
2235747,179,68,1238,2018.0,56556.0,0.0,0.787381,1.959475,PRT,EGY,7373
2235748,183,68,1238,2018.0,7985.0,0.0,-0.291537,-1.022145,QAT,EGY,7373
2235749,185,68,1238,2018.0,24020.0,0.0,1.1458030000000001,1.194413,ROU,EGY,7373
2235750,186,68,1238,2018.0,22868.0,0.0,-0.079971,0.11098599999999999,RUS,EGY,7373
2235751,188,68,1238,2018.0,52476.0,0.0,0.600485,-0.450466,SAU,EGY,7373
2235752,190,68,1238,2018.0,0.0,16878.0,-1.3426719999999999,-1.1851909999999999,SDN,EGY,7373
2235753,192,68,1238,2018.0,64047.0,0.0,1.870268,0.672214,SGP,EGY,7373
2235754,201,68,1238,2018.0,3254.0,0.0,0.665772,1.552409,SRB,EGY,7373
2235755,206,68,1238,2018.0,8956.0,0.0,1.445669,0.9135850000000001,SVK,EGY,7373
2235756,208,68,1238,2018.0,43355.0,0.0,1.7254209999999999,0.638757,SWE,EGY,7373
2235757,216,68,1238,2018.0,5195.0,0.0,1.188923,1.264666,THA,EGY,7373
2235758,224,68,1238,2018.0,1216329.0,92134.0,0.5883510000000001,2.357541,TUR,EGY,7373
2235759,226,68,1238,2018.0,3756.0,0.0,-0.12971300000000002,1.379649,TZA,EGY,7373
2235760,228,68,1238,2018.0,20629.0,0.0,0.3281,1.0037459999999998,UKR,EGY,7373
2235761,231,68,1238,2018.0,1687012.0,0.0,1.5527739999999999,0.288577,USA,EGY,7373
2235762,246,68,1238,2018.0,44016.0,0.0,-0.053311000000000004,1.45561,ZAF,EGY,7373
2235763,247,68,1238,2018.0,0.0,19877.0,-0.8302510000000001,-0.932916,ZMB,EGY,7373
2235764,249,68,1238,2018.0,275425.0,0.0,2.0283580000000003,1.1648319999999999,TWN,EGY,7373
2235765,250,68,1238,2018.0,1013359.0,0.0,0.760441,-0.310861,ANS,EGY,7373
2235766,7,72,1238,2018.0,2432.0,0.0,-0.020214,-0.570049,ARE,EST,7373
2235767,14,72,1238,2018.0,0.0,1845.0,-0.5578930000000001,-0.15666300000000002,AUS,EST,7373
2235768,15,72,1238,2018.0,5942958.0,37031.0,1.798687,-0.557271,AUT,EST,7373
2235769,16,72,1238,2018.0,0.0,2789.0,-1.47928,-1.313633,AZE,EST,7373
2235770,18,72,1238,2018.0,32786.0,0.0,1.244674,1.1368969999999998,BEL,EST,7373
2235771,23,72,1238,2018.0,0.0,6974.0,0.516917,1.915288,BGR,EST,7373
2235772,25,72,1238,2018.0,0.0,8530.0,0.359908,-0.445567,BHS,EST,7373
2235773,39,72,1238,2018.0,6773.0,5916.0,0.60854,1.475283,CAN,EST,7373
2235774,41,72,1238,2018.0,558764.0,18817.0,2.173252,0.861742,CHE,EST,7373
2235775,42,72,1238,2018.0,0.0,2892.0,-0.24325300000000002,-0.350271,CHL,EST,7373
2235776,43,72,1238,2018.0,757240.0,1047.0,1.378018,0.513572,CHN,EST,7373
2235777,54,72,1238,2018.0,0.0,7118.0,-1.077539,-1.241754,CUB,EST,7373
2235778,59,72,1238,2018.0,544033.0,6846.0,1.8018669999999999,0.022382,CZE,EST,7373
2235779,61,72,1238,2018.0,2751802.0,4907808.0,2.126861,-2.619524,DEU,EST,7373
2235780,64,72,1238,2018.0,66346.0,23876.0,1.094761,1.337348,DNK,EST,7373
2235781,71,72,1238,2018.0,42591.0,1087.0,0.851197,2.261012,ESP,EST,7373
2235782,74,72,1238,2018.0,1710202.0,1803819.0,1.561518,1.0198450000000001,FIN,EST,7373
2235783,77,72,1238,2018.0,119936.0,4479.0,1.3578540000000001,0.9033700000000001,FRA,EST,7373
2235784,81,72,1238,2018.0,140981.0,1051.0,1.481442,1.050259,GBR,EST,7373
2235785,82,72,1238,2018.0,1919.0,0.0,-0.059633000000000005,-0.073048,GEO,EST,7373
2235786,83,72,1238,2018.0,0.0,1496.0,-0.769089,-0.8389200000000001,GHA,EST,7373
2235787,90,72,1238,2018.0,1063.0,0.0,0.069841,0.922895,GRC,EST,7373
2235788,97,72,1238,2018.0,3180.0,0.0,0.8625149999999999,1.21001,HKG,EST,7373
2235789,102,72,1238,2018.0,16368.0,0.0,1.6983409999999999,0.693194,HUN,EST,7373
2235790,104,72,1238,2018.0,24060.0,0.0,0.536561,2.450287,IND,EST,7373
2235791,106,72,1238,2018.0,0.0,25742.0,1.3647,0.094596,IRL,EST,7373
2235792,111,72,1238,2018.0,1627577.0,95778.0,1.4594799999999999,0.05113,ITA,EST,7373
2235793,114,72,1238,2018.0,94576.0,0.0,2.480327,-0.559793,JPN,EST,7373
2235794,115,72,1238,2018.0,0.0,67249.0,-0.625674,-0.605028,KAZ,EST,7373
2235795,121,72,1238,2018.0,18193.0,0.0,2.139149,0.795045,KOR,EST,7373
2235796,130,72,1238,2018.0,516671.0,565362.0,0.839052,1.5688790000000001,LTU,EST,7373
2235797,131,72,1238,2018.0,16344.0,1840.0,1.098797,1.390282,LUX,EST,7373
2235798,132,72,1238,2018.0,227851.0,827456.0,0.6984560000000001,1.29918,LVA,EST,7373
2235799,138,72,1238,2018.0,5555.0,0.0,1.272851,0.646359,MEX,EST,7373
2235800,162,72,1238,2018.0,257738.0,25409.0,1.060964,1.491808,NLD,EST,7373
2235801,163,72,1238,2018.0,73463.0,289475.0,0.359254,-0.059994000000000006,NOR,EST,7373
2235802,174,72,1238,2018.0,0.0,15997.0,0.7233649999999999,0.23715300000000003,PHL,EST,7373
2235803,177,72,1238,2018.0,903558.0,61399.0,1.1323860000000001,1.1465040000000002,POL,EST,7373
2235804,185,72,1238,2018.0,0.0,5650.0,1.1458030000000001,1.194413,ROU,EST,7373
2235805,186,72,1238,2018.0,10683.0,1170077.0,-0.079971,0.11098599999999999,RUS,EST,7373
2235806,192,72,1238,2018.0,5002.0,53026.0,1.870268,0.672214,SGP,EST,7373
2235807,201,72,1238,2018.0,7248.0,1668.0,0.665772,1.552409,SRB,EST,7373
2235808,206,72,1238,2018.0,85253.0,10395.0,1.445669,0.9135850000000001,SVK,EST,7373
2235809,207,72,1238,2018.0,13031.0,28792.0,1.623183,0.7150850000000001,SVN,EST,7373
2235810,208,72,1238,2018.0,1929729.0,317395.0,1.7254209999999999,0.638757,SWE,EST,7373
2235811,224,72,1238,2018.0,91218.0,1913.0,0.5883510000000001,2.357541,TUR,EST,7373
2235812,228,72,1238,2018.0,306573.0,2823.0,0.3281,1.0037459999999998,UKR,EST,7373
2235813,231,72,1238,2018.0,77980.0,61164.0,1.5527739999999999,0.288577,USA,EST,7373
2235814,249,72,1238,2018.0,70117.0,0.0,2.0283580000000003,1.1648319999999999,TWN,EST,7373
2235815,250,72,1238,2018.0,509617.0,14655.0,0.760441,-0.310861,ANS,EST,7373
2235816,7,73,1238,2018.0,38575.0,2599.0,-0.020214,-0.570049,ARE,ETH,7373
2235817,15,73,1238,2018.0,4681.0,0.0,1.798687,-0.557271,AUT,ETH,7373
2235818,18,73,1238,2018.0,16639.0,0.0,1.244674,1.1368969999999998,BEL,ETH,7373
2235819,22,73,1238,2018.0,11829.0,0.0,-0.9003549999999999,-1.1066610000000001,BGD,ETH,7373
2235820,26,73,1238,2018.0,6943.0,0.0,0.676528,0.8948299999999999,BIH,ETH,7373
2235821,41,73,1238,2018.0,63815.0,0.0,2.173252,0.861742,CHE,ETH,7373
2235822,43,73,1238,2018.0,1723630.0,33494.0,1.378018,0.513572,CHN,ETH,7373
2235823,44,73,1238,2018.0,0.0,2038.0,-1.021384,-0.898676,CIV,ETH,7373
2235824,59,73,1238,2018.0,27790.0,0.0,1.8018669999999999,0.022382,CZE,ETH,7373
2235825,61,73,1238,2018.0,218283.0,0.0,2.126861,-2.619524,DEU,ETH,7373
2235826,71,73,1238,2018.0,9075.0,0.0,0.851197,2.261012,ESP,ETH,7373
2235827,74,73,1238,2018.0,2244.0,0.0,1.561518,1.0198450000000001,FIN,ETH,7373
2235828,77,73,1238,2018.0,1289.0,0.0,1.3578540000000001,0.9033700000000001,FRA,ETH,7373
2235829,81,73,1238,2018.0,5457.0,0.0,1.481442,1.050259,GBR,ETH,7373
2235830,104,73,1238,2018.0,362243.0,0.0,0.536561,2.450287,IND,ETH,7373
2235831,106,73,1238,2018.0,14027.0,0.0,1.3647,0.094596,IRL,ETH,7373
2235832,110,73,1238,2018.0,1936.0,0.0,1.205666,1.001693,ISR,ETH,7373
2235833,111,73,1238,2018.0,689076.0,0.0,1.4594799999999999,0.05113,ITA,ETH,7373
2235834,114,73,1238,2018.0,3337.0,0.0,2.480327,-0.559793,JPN,ETH,7373
2235835,121,73,1238,2018.0,75137.0,0.0,2.139149,0.795045,KOR,ETH,7373
2235836,128,73,1238,2018.0,1337.0,0.0,-0.364093,0.347953,LKA,ETH,7373
2235837,162,73,1238,2018.0,36108.0,0.0,1.060964,1.491808,NLD,ETH,7373
2235838,177,73,1238,2018.0,239047.0,0.0,1.1323860000000001,1.1465040000000002,POL,ETH,7373
2235839,192,73,1238,2018.0,1500.0,0.0,1.870268,0.672214,SGP,ETH,7373
2235840,208,73,1238,2018.0,6987.0,0.0,1.7254209999999999,0.638757,SWE,ETH,7373
2235841,223,73,1238,2018.0,145905.0,0.0,0.39611799999999997,1.252702,TUN,ETH,7373
2235842,224,73,1238,2018.0,409294.0,0.0,0.5883510000000001,2.357541,TUR,ETH,7373
2235843,231,73,1238,2018.0,110342.0,0.0,1.5527739999999999,0.288577,USA,ETH,7373
2235844,246,73,1238,2018.0,1778.0,0.0,-0.053311000000000004,1.45561,ZAF,ETH,7373
2235845,7,82,1238,2018.0,158974.0,0.0,-0.020214,-0.570049,ARE,GEO,7373
2235846,9,82,1238,2018.0,0.0,19285.0,-0.42181499999999994,-0.663385,ARM,GEO,7373
2235847,15,82,1238,2018.0,9165.0,6463.0,1.798687,-0.557271,AUT,GEO,7373
2235848,16,82,1238,2018.0,77015.0,417137.0,-1.47928,-1.313633,AZE,GEO,7373
2235849,18,82,1238,2018.0,14986.0,0.0,1.244674,1.1368969999999998,BEL,GEO,7373
2235850,23,82,1238,2018.0,58184.0,0.0,0.516917,1.915288,BGR,GEO,7373
2235851,28,82,1238,2018.0,10003.0,0.0,0.86016,1.034144,BLR,GEO,7373
2235852,41,82,1238,2018.0,26279.0,0.0,2.173252,0.861742,CHE,GEO,7373
2235853,43,82,1238,2018.0,1640623.0,0.0,1.378018,0.513572,CHN,GEO,7373
2235854,59,82,1238,2018.0,25789.0,0.0,1.8018669999999999,0.022382,CZE,GEO,7373
2235855,61,82,1238,2018.0,48804.0,1283.0,2.126861,-2.619524,DEU,GEO,7373
2235856,68,82,1238,2018.0,0.0,3848.0,-0.093935,1.6368610000000001,EGY,GEO,7373
2235857,72,82,1238,2018.0,0.0,1919.0,0.957627,1.294173,EST,GEO,7373
2235858,74,82,1238,2018.0,11011.0,0.0,1.561518,1.0198450000000001,FIN,GEO,7373
2235859,77,82,1238,2018.0,29649.0,0.0,1.3578540000000001,0.9033700000000001,FRA,GEO,7373
2235860,81,82,1238,2018.0,4953.0,0.0,1.481442,1.050259,GBR,GEO,7373
2235861,97,82,1238,2018.0,20792.0,0.0,0.8625149999999999,1.21001,HKG,GEO,7373
2235862,100,82,1238,2018.0,22579.0,0.0,0.8873559999999999,1.480788,HRV,GEO,7373
2235863,104,82,1238,2018.0,14555.0,0.0,0.536561,2.450287,IND,GEO,7373
2235864,107,82,1238,2018.0,20439.0,0.0,-0.290723,-0.430805,IRN,GEO,7373
2235865,110,82,1238,2018.0,1112.0,0.0,1.205666,1.001693,ISR,GEO,7373
2235866,111,82,1238,2018.0,195487.0,0.0,1.4594799999999999,0.05113,ITA,GEO,7373
2235867,114,82,1238,2018.0,31178.0,0.0,2.480327,-0.559793,JPN,GEO,7373
2235868,115,82,1238,2018.0,0.0,1849.0,-0.625674,-0.605028,KAZ,GEO,7373
2235869,121,82,1238,2018.0,47728.0,0.0,2.139149,0.795045,KOR,GEO,7373
2235870,130,82,1238,2018.0,3574.0,0.0,0.839052,1.5688790000000001,LTU,GEO,7373
2235871,132,82,1238,2018.0,44668.0,1306.0,0.6984560000000001,1.29918,LVA,GEO,7373
2235872,162,82,1238,2018.0,17807.0,0.0,1.060964,1.491808,NLD,GEO,7373
2235873,177,82,1238,2018.0,23369.0,0.0,1.1323860000000001,1.1465040000000002,POL,GEO,7373
2235874,185,82,1238,2018.0,5824.0,0.0,1.1458030000000001,1.194413,ROU,GEO,7373
2235875,186,82,1238,2018.0,41451.0,1844.0,-0.079971,0.11098599999999999,RUS,GEO,7373
2235876,198,82,1238,2018.0,8277.0,0.0,1.1010280000000001,0.679361,SMR,GEO,7373
2235877,207,82,1238,2018.0,4814.0,0.0,1.623183,0.7150850000000001,SVN,GEO,7373
2235878,217,82,1238,2018.0,0.0,8099.0,-1.199219,-1.254751,TJK,GEO,7373
2235879,219,82,1238,2018.0,0.0,61256.0,-0.802551,-1.154068,TKM,GEO,7373
2235880,224,82,1238,2018.0,914080.0,18083.0,0.5883510000000001,2.357541,TUR,GEO,7373
2235881,228,82,1238,2018.0,248859.0,0.0,0.3281,1.0037459999999998,UKR,GEO,7373
2235882,231,82,1238,2018.0,264751.0,7213.0,1.5527739999999999,0.288577,USA,GEO,7373
2235883,4,100,1238,2018.0,0.0,2597.0,-0.403248,-0.180523,ALB,HRV,7373
2235884,7,100,1238,2018.0,0.0,61393.0,-0.020214,-0.570049,ARE,HRV,7373
2235885,8,100,1238,2018.0,0.0,1703.0,-0.239502,0.297865,ARG,HRV,7373
2235886,15,100,1238,2018.0,3173014.0,61568.0,1.798687,-0.557271,AUT,HRV,7373
2235887,18,100,1238,2018.0,20831.0,22442.0,1.244674,1.1368969999999998,BEL,HRV,7373
2235888,23,100,1238,2018.0,21207.0,13618.0,0.516917,1.915288,BGR,HRV,7373
2235889,26,100,1238,2018.0,140669.0,567128.0,0.676528,0.8948299999999999,BIH,HRV,7373
2235890,41,100,1238,2018.0,497581.0,776730.0,2.173252,0.861742,CHE,HRV,7373
2235891,43,100,1238,2018.0,1064856.0,1055.0,1.378018,0.513572,CHN,HRV,7373
2235892,44,100,1238,2018.0,0.0,5721.0,-1.021384,-0.898676,CIV,HRV,7373
2235893,46,100,1238,2018.0,0.0,10132.0,-1.704339,-1.211619,COD,HRV,7373
2235894,59,100,1238,2018.0,472453.0,17987.0,1.8018669999999999,0.022382,CZE,HRV,7373
2235895,61,100,1238,2018.0,5851060.0,9781072.0,2.126861,-2.619524,DEU,HRV,7373
2235896,64,100,1238,2018.0,4994.0,7290.0,1.094761,1.337348,DNK,HRV,7373
2235897,68,100,1238,2018.0,0.0,1836.0,-0.093935,1.6368610000000001,EGY,HRV,7373
2235898,71,100,1238,2018.0,53205.0,0.0,0.851197,2.261012,ESP,HRV,7373
2235899,74,100,1238,2018.0,678761.0,11664.0,1.561518,1.0198450000000001,FIN,HRV,7373
2235900,77,100,1238,2018.0,96804.0,0.0,1.3578540000000001,0.9033700000000001,FRA,HRV,7373
2235901,81,100,1238,2018.0,35388.0,18622.0,1.481442,1.050259,GBR,HRV,7373
2235902,82,100,1238,2018.0,0.0,22579.0,-0.059633000000000005,-0.073048,GEO,HRV,7373
2235903,97,100,1238,2018.0,1619.0,0.0,0.8625149999999999,1.21001,HKG,HRV,7373
2235904,102,100,1238,2018.0,139931.0,6312.0,1.6983409999999999,0.693194,HUN,HRV,7373
2235905,103,100,1238,2018.0,0.0,90476.0,-0.0009939999999999999,1.417371,IDN,HRV,7373
2235906,104,100,1238,2018.0,38945.0,0.0,0.536561,2.450287,IND,HRV,7373
2235907,111,100,1238,2018.0,4408494.0,9077.0,1.4594799999999999,0.05113,ITA,HRV,7373
2235908,114,100,1238,2018.0,19805.0,0.0,2.480327,-0.559793,JPN,HRV,7373
2235909,121,100,1238,2018.0,38946.0,1555.0,2.139149,0.795045,KOR,HRV,7373
2235910,122,100,1238,2018.0,58390.0,0.0,-0.790523,-1.136525,KWT,HRV,7373
2235911,131,100,1238,2018.0,18196.0,0.0,1.098797,1.390282,LUX,HRV,7373
2235912,138,100,1238,2018.0,1820.0,1470.0,1.272851,0.646359,MEX,HRV,7373
2235913,140,100,1238,2018.0,1743.0,416996.0,0.056548,-0.273964,MKD,HRV,7373
2235914,144,100,1238,2018.0,0.0,8790.0,0.166157,0.132633,MNE,HRV,7373
2235915,159,100,1238,2018.0,0.0,185483.0,-1.839074,-1.29837,NGA,HRV,7373
2235916,162,100,1238,2018.0,185864.0,88820.0,1.060964,1.491808,NLD,HRV,7373
2235917,163,100,1238,2018.0,2302.0,0.0,0.359254,-0.059994000000000006,NOR,HRV,7373
2235918,173,100,1238,2018.0,0.0,1218.0,-0.842934,-0.302396,PER,HRV,7373
2235919,177,100,1238,2018.0,427535.0,4890.0,1.1323860000000001,1.1465040000000002,POL,HRV,7373
2235920,179,100,1238,2018.0,0.0,1166.0,0.787381,1.959475,PRT,HRV,7373
2235921,185,100,1238,2018.0,4730.0,104017.0,1.1458030000000001,1.194413,ROU,HRV,7373
2235922,186,100,1238,2018.0,0.0,293702.0,-0.079971,0.11098599999999999,RUS,HRV,7373
2235923,188,100,1238,2018.0,0.0,1909.0,0.600485,-0.450466,SAU,HRV,7373
2235924,192,100,1238,2018.0,0.0,5453.0,1.870268,0.672214,SGP,HRV,7373
2235925,201,100,1238,2018.0,207333.0,559965.0,0.665772,1.552409,SRB,HRV,7373
2235926,206,100,1238,2018.0,44928.0,4355.0,1.445669,0.9135850000000001,SVK,HRV,7373
2235927,207,100,1238,2018.0,2482521.0,267533.0,1.623183,0.7150850000000001,SVN,HRV,7373
2235928,208,100,1238,2018.0,132671.0,0.0,1.7254209999999999,0.638757,SWE,HRV,7373
2235929,216,100,1238,2018.0,36905.0,0.0,1.188923,1.264666,THA,HRV,7373
2235930,224,100,1238,2018.0,58270.0,32028.0,0.5883510000000001,2.357541,TUR,HRV,7373
2235931,226,100,1238,2018.0,1410.0,0.0,-0.12971300000000002,1.379649,TZA,HRV,7373
2235932,227,100,1238,2018.0,0.0,10584.0,-0.569114,0.36182800000000004,UGA,HRV,7373
2235933,231,100,1238,2018.0,13083.0,112343.0,1.5527739999999999,0.288577,USA,HRV,7373
2235934,239,100,1238,2018.0,0.0,1851.0,0.111848,0.915842,VNM,HRV,7373
2235935,246,100,1238,2018.0,16240.0,0.0,-0.053311000000000004,1.45561,ZAF,HRV,7373
2235936,249,100,1238,2018.0,7568.0,0.0,2.0283580000000003,1.1648319999999999,TWN,HRV,7373
2235937,1,107,1238,2018.0,0.0,12568.0,-1.098293,-0.812288,AFG,IRN,7373
2235938,7,107,1238,2018.0,1794346.0,75885.0,-0.020214,-0.570049,ARE,IRN,7373
2235939,9,107,1238,2018.0,0.0,9865.0,-0.42181499999999994,-0.663385,ARM,IRN,7373
2235940,14,107,1238,2018.0,1032.0,45069.0,-0.5578930000000001,-0.15666300000000002,AUS,IRN,7373
2235941,15,107,1238,2018.0,108024.0,35868.0,1.798687,-0.557271,AUT,IRN,7373
2235942,16,107,1238,2018.0,0.0,21617.0,-1.47928,-1.313633,AZE,IRN,7373
2235943,24,107,1238,2018.0,0.0,27317.0,0.335652,-0.646621,BHR,IRN,7373
2235944,41,107,1238,2018.0,1574606.0,9272.0,2.173252,0.861742,CHE,IRN,7373
2235945,43,107,1238,2018.0,18184878.0,1419.0,1.378018,0.513572,CHN,IRN,7373
2235946,61,107,1238,2018.0,1517926.0,0.0,2.126861,-2.619524,DEU,IRN,7373
2235947,62,107,1238,2018.0,0.0,7630.0,-0.266256,-0.608169,DJI,IRN,7373
2235948,64,107,1238,2018.0,2738.0,0.0,1.094761,1.337348,DNK,IRN,7373
2235949,71,107,1238,2018.0,25525.0,0.0,0.851197,2.261012,ESP,IRN,7373
2235950,77,107,1238,2018.0,2164423.0,44589.0,1.3578540000000001,0.9033700000000001,FRA,IRN,7373
2235951,82,107,1238,2018.0,0.0,20439.0,-0.059633000000000005,-0.073048,GEO,IRN,7373
2235952,97,107,1238,2018.0,10410.0,0.0,0.8625149999999999,1.21001,HKG,IRN,7373
2235953,104,107,1238,2018.0,2842461.0,0.0,0.536561,2.450287,IND,IRN,7373
2235954,108,107,1238,2018.0,0.0,142354.0,-0.627753,-0.983086,IRQ,IRN,7373
2235955,111,107,1238,2018.0,2914077.0,0.0,1.4594799999999999,0.05113,ITA,IRN,7373
2235956,114,107,1238,2018.0,89006.0,0.0,2.480327,-0.559793,JPN,IRN,7373
2235957,121,107,1238,2018.0,2394787.0,0.0,2.139149,0.795045,KOR,IRN,7373
2235958,153,107,1238,2018.0,5274.0,0.0,1.047185,0.732742,MYS,IRN,7373
2235959,162,107,1238,2018.0,260839.0,0.0,1.060964,1.491808,NLD,IRN,7373
2235960,167,107,1238,2018.0,39293.0,0.0,-0.513727,-0.9944280000000001,OMN,IRN,7373
2235961,177,107,1238,2018.0,6541.0,0.0,1.1323860000000001,1.1465040000000002,POL,IRN,7373
2235962,192,107,1238,2018.0,1308.0,0.0,1.870268,0.672214,SGP,IRN,7373
2235963,208,107,1238,2018.0,1275.0,0.0,1.7254209999999999,0.638757,SWE,IRN,7373
2235964,216,107,1238,2018.0,338300.0,0.0,1.188923,1.264666,THA,IRN,7373
2235965,217,107,1238,2018.0,0.0,8201.0,-1.199219,-1.254751,TJK,IRN,7373
2235966,224,107,1238,2018.0,1197799.0,0.0,0.5883510000000001,2.357541,TUR,IRN,7373
2235967,249,107,1238,2018.0,418251.0,0.0,2.0283580000000003,1.1648319999999999,TWN,IRN,7373
2235968,250,107,1238,2018.0,14870.0,0.0,0.760441,-0.310861,ANS,IRN,7373
2235969,7,108,1238,2018.0,1536733.0,0.0,-0.020214,-0.570049,ARE,IRQ,7373
2235970,39,108,1238,2018.0,7129.0,0.0,0.60854,1.475283,CAN,IRQ,7373
2235971,41,108,1238,2018.0,1686665.0,0.0,2.173252,0.861742,CHE,IRQ,7373
2235972,43,108,1238,2018.0,6963314.0,0.0,1.378018,0.513572,CHN,IRQ,7373
2235973,49,108,1238,2018.0,45008.0,0.0,0.144073,-0.10276199999999999,COL,IRQ,7373
2235974,59,108,1238,2018.0,11400.0,0.0,1.8018669999999999,0.022382,CZE,IRQ,7373
2235975,61,108,1238,2018.0,337412.0,0.0,2.126861,-2.619524,DEU,IRQ,7373
2235976,77,108,1238,2018.0,14216.0,0.0,1.3578540000000001,0.9033700000000001,FRA,IRQ,7373
2235977,81,108,1238,2018.0,48811.0,0.0,1.481442,1.050259,GBR,IRQ,7373
2235978,102,108,1238,2018.0,1234.0,0.0,1.6983409999999999,0.693194,HUN,IRQ,7373
2235979,104,108,1238,2018.0,46176.0,0.0,0.536561,2.450287,IND,IRQ,7373
2235980,107,108,1238,2018.0,142354.0,0.0,-0.290723,-0.430805,IRN,IRQ,7373
2235981,111,108,1238,2018.0,1258971.0,0.0,1.4594799999999999,0.05113,ITA,IRQ,7373
2235982,114,108,1238,2018.0,176306.0,0.0,2.480327,-0.559793,JPN,IRQ,7373
2235983,121,108,1238,2018.0,45959.0,0.0,2.139149,0.795045,KOR,IRQ,7373
2235984,122,108,1238,2018.0,150261.0,0.0,-0.790523,-1.136525,KWT,IRQ,7373
2235985,124,108,1238,2018.0,10053.0,0.0,0.37832899999999997,1.077452,LBN,IRQ,7373
2235986,153,108,1238,2018.0,25142.0,0.0,1.047185,0.732742,MYS,IRQ,7373
2235987,162,108,1238,2018.0,80656.0,0.0,1.060964,1.491808,NLD,IRQ,7373
2235988,167,108,1238,2018.0,16507.0,0.0,-0.513727,-0.9944280000000001,OMN,IRQ,7373
2235989,177,108,1238,2018.0,106553.0,0.0,1.1323860000000001,1.1465040000000002,POL,IRQ,7373
2235990,208,108,1238,2018.0,25570.0,0.0,1.7254209999999999,0.638757,SWE,IRQ,7373
2235991,224,108,1238,2018.0,1323090.0,108099.0,0.5883510000000001,2.357541,TUR,IRQ,7373
2235992,231,108,1238,2018.0,190060.0,0.0,1.5527739999999999,0.288577,USA,IRQ,7373
2235993,7,115,1238,2018.0,62654.0,2132.0,-0.020214,-0.570049,ARE,KAZ,7373
2235994,14,115,1238,2018.0,51730.0,0.0,-0.5578930000000001,-0.15666300000000002,AUS,KAZ,7373
2235995,15,115,1238,2018.0,128608.0,0.0,1.798687,-0.557271,AUT,KAZ,7373
2235996,18,115,1238,2018.0,38634.0,0.0,1.244674,1.1368969999999998,BEL,KAZ,7373
2235997,28,115,1238,2018.0,75253.0,0.0,0.86016,1.034144,BLR,KAZ,7373
2235998,39,115,1238,2018.0,2988.0,1836.0,0.60854,1.475283,CAN,KAZ,7373
2235999,41,115,1238,2018.0,271741.0,0.0,2.173252,0.861742,CHE,KAZ,7373
2236000,43,115,1238,2018.0,20776186.0,0.0,1.378018,0.513572,CHN,KAZ,7373
2236001,59,115,1238,2018.0,28124.0,0.0,1.8018669999999999,0.022382,CZE,KAZ,7373
2236002,61,115,1238,2018.0,6700330.0,65065.0,2.126861,-2.619524,DEU,KAZ,7373
2236003,71,115,1238,2018.0,19367.0,0.0,0.851197,2.261012,ESP,KAZ,7373
2236004,72,115,1238,2018.0,67249.0,0.0,0.957627,1.294173,EST,KAZ,7373
2236005,74,115,1238,2018.0,738104.0,0.0,1.561518,1.0198450000000001,FIN,KAZ,7373
2236006,77,115,1238,2018.0,72295.0,0.0,1.3578540000000001,0.9033700000000001,FRA,KAZ,7373
2236007,81,115,1238,2018.0,215810.0,0.0,1.481442,1.050259,GBR,KAZ,7373
2236008,82,115,1238,2018.0,1849.0,0.0,-0.059633000000000005,-0.073048,GEO,KAZ,7373
2236009,97,115,1238,2018.0,1090.0,0.0,0.8625149999999999,1.21001,HKG,KAZ,7373
2236010,104,115,1238,2018.0,1038.0,0.0,0.536561,2.450287,IND,KAZ,7373
2236011,111,115,1238,2018.0,840299.0,0.0,1.4594799999999999,0.05113,ITA,KAZ,7373
2236012,114,115,1238,2018.0,661359.0,0.0,2.480327,-0.559793,JPN,KAZ,7373
2236013,117,115,1238,2018.0,0.0,48472.0,0.000495,0.601278,KGZ,KAZ,7373
2236014,121,115,1238,2018.0,39890.0,2972.0,2.139149,0.795045,KOR,KAZ,7373
2236015,130,115,1238,2018.0,190604.0,0.0,0.839052,1.5688790000000001,LTU,KAZ,7373
2236016,138,115,1238,2018.0,9055.0,0.0,1.272851,0.646359,MEX,KAZ,7373
2236017,162,115,1238,2018.0,124907.0,172206.0,1.060964,1.491808,NLD,KAZ,7373
2236018,177,115,1238,2018.0,84544.0,0.0,1.1323860000000001,1.1465040000000002,POL,KAZ,7373
2236019,179,115,1238,2018.0,0.0,4980.0,0.787381,1.959475,PRT,KAZ,7373
2236020,186,115,1238,2018.0,5500951.0,260099.0,-0.079971,0.11098599999999999,RUS,KAZ,7373
2236021,192,115,1238,2018.0,1996.0,0.0,1.870268,0.672214,SGP,KAZ,7373
2236022,201,115,1238,2018.0,2905.0,0.0,0.665772,1.552409,SRB,KAZ,7373
2236023,206,115,1238,2018.0,7496.0,0.0,1.445669,0.9135850000000001,SVK,KAZ,7373
2236024,208,115,1238,2018.0,43546.0,0.0,1.7254209999999999,0.638757,SWE,KAZ,7373
2236025,216,115,1238,2018.0,12386.0,0.0,1.188923,1.264666,THA,KAZ,7373
2236026,224,115,1238,2018.0,1093203.0,0.0,0.5883510000000001,2.357541,TUR,KAZ,7373
2236027,228,115,1238,2018.0,93218.0,0.0,0.3281,1.0037459999999998,UKR,KAZ,7373
2236028,231,115,1238,2018.0,664031.0,14379.0,1.5527739999999999,0.288577,USA,KAZ,7373
2236029,232,115,1238,2018.0,0.0,156527.0,-0.485013,-0.390021,UZB,KAZ,7373
2236030,249,115,1238,2018.0,11162.0,0.0,2.0283580000000003,1.1648319999999999,TWN,KAZ,7373
2236031,2,116,1238,2018.0,8649.0,0.0,-1.6785400000000001,-1.2244030000000001,AGO,KEN,7373
2236032,7,116,1238,2018.0,320025.0,0.0,-0.020214,-0.570049,ARE,KEN,7373
2236033,15,116,1238,2018.0,4888.0,0.0,1.798687,-0.557271,AUT,KEN,7373
2236034,18,116,1238,2018.0,4463.0,0.0,1.244674,1.1368969999999998,BEL,KEN,7373
2236035,39,116,1238,2018.0,7166.0,0.0,0.60854,1.475283,CAN,KEN,7373
2236036,41,116,1238,2018.0,109433.0,0.0,2.173252,0.861742,CHE,KEN,7373
2236037,43,116,1238,2018.0,2751468.0,1244.0,1.378018,0.513572,CHN,KEN,7373
2236038,46,116,1238,2018.0,0.0,1797.0,-1.704339,-1.211619,COD,KEN,7373
2236039,61,116,1238,2018.0,107604.0,0.0,2.126861,-2.619524,DEU,KEN,7373
2236040,71,116,1238,2018.0,2262.0,0.0,0.851197,2.261012,ESP,KEN,7373
2236041,77,116,1238,2018.0,110391.0,0.0,1.3578540000000001,0.9033700000000001,FRA,KEN,7373
2236042,81,116,1238,2018.0,133774.0,0.0,1.481442,1.050259,GBR,KEN,7373
2236043,97,116,1238,2018.0,25260.0,0.0,0.8625149999999999,1.21001,HKG,KEN,7373
2236044,104,116,1238,2018.0,1149544.0,4264.0,0.536561,2.450287,IND,KEN,7373
2236045,111,116,1238,2018.0,380463.0,0.0,1.4594799999999999,0.05113,ITA,KEN,7373
2236046,114,116,1238,2018.0,273272.0,0.0,2.480327,-0.559793,JPN,KEN,7373
2236047,121,116,1238,2018.0,15115.0,0.0,2.139149,0.795045,KOR,KEN,7373
2236048,138,116,1238,2018.0,2109.0,0.0,1.272851,0.646359,MEX,KEN,7373
2236049,153,116,1238,2018.0,209751.0,0.0,1.047185,0.732742,MYS,KEN,7373
2236050,162,116,1238,2018.0,33447.0,0.0,1.060964,1.491808,NLD,KEN,7373
2236051,177,116,1238,2018.0,18864.0,0.0,1.1323860000000001,1.1465040000000002,POL,KEN,7373
2236052,187,116,1238,2018.0,0.0,5180.0,-0.48781199999999997,-0.741734,RWA,KEN,7373
2236053,192,116,1238,2018.0,7172.0,0.0,1.870268,0.672214,SGP,KEN,7373
2236054,199,116,1238,2018.0,0.0,2831.0,-1.210687,-1.0716700000000001,SOM,KEN,7373
2236055,208,116,1238,2018.0,23134.0,0.0,1.7254209999999999,0.638757,SWE,KEN,7373
2236056,216,116,1238,2018.0,6630.0,0.0,1.188923,1.264666,THA,KEN,7373
2236057,223,116,1238,2018.0,4586.0,0.0,0.39611799999999997,1.252702,TUN,KEN,7373
2236058,224,116,1238,2018.0,347317.0,0.0,0.5883510000000001,2.357541,TUR,KEN,7373
2236059,226,116,1238,2018.0,537108.0,516944.0,-0.12971300000000002,1.379649,TZA,KEN,7373
2236060,227,116,1238,2018.0,9272.0,0.0,-0.569114,0.36182800000000004,UGA,KEN,7373
2236061,231,116,1238,2018.0,719708.0,128676.0,1.5527739999999999,0.288577,USA,KEN,7373
2236062,239,116,1238,2018.0,2847.0,0.0,0.111848,0.915842,VNM,KEN,7373
2236063,246,116,1238,2018.0,135758.0,45416.0,-0.053311000000000004,1.45561,ZAF,KEN,7373
2236064,247,116,1238,2018.0,0.0,14178.0,-0.8302510000000001,-0.932916,ZMB,KEN,7373
2236065,249,116,1238,2018.0,107269.0,0.0,2.0283580000000003,1.1648319999999999,TWN,KEN,7373
2236066,15,117,1238,2018.0,2217.0,0.0,1.798687,-0.557271,AUT,KGZ,7373
2236067,18,117,1238,2018.0,5191.0,0.0,1.244674,1.1368969999999998,BEL,KGZ,7373
2236068,28,117,1238,2018.0,30692.0,0.0,0.86016,1.034144,BLR,KGZ,7373
2236069,39,117,1238,2018.0,22735.0,0.0,0.60854,1.475283,CAN,KGZ,7373
2236070,43,117,1238,2018.0,1370804.0,0.0,1.378018,0.513572,CHN,KGZ,7373
2236071,59,117,1238,2018.0,5867.0,0.0,1.8018669999999999,0.022382,CZE,KGZ,7373
2236072,61,117,1238,2018.0,15267.0,0.0,2.126861,-2.619524,DEU,KGZ,7373
2236073,102,117,1238,2018.0,231531.0,0.0,1.6983409999999999,0.693194,HUN,KGZ,7373
2236074,111,117,1238,2018.0,2649.0,0.0,1.4594799999999999,0.05113,ITA,KGZ,7373
2236075,114,117,1238,2018.0,114171.0,0.0,2.480327,-0.559793,JPN,KGZ,7373
2236076,115,117,1238,2018.0,48472.0,0.0,-0.625674,-0.605028,KAZ,KGZ,7373
2236077,130,117,1238,2018.0,6392.0,0.0,0.839052,1.5688790000000001,LTU,KGZ,7373
2236078,138,117,1238,2018.0,13992.0,0.0,1.272851,0.646359,MEX,KGZ,7373
2236079,177,117,1238,2018.0,1196.0,0.0,1.1323860000000001,1.1465040000000002,POL,KGZ,7373
2236080,186,117,1238,2018.0,252900.0,22656.0,-0.079971,0.11098599999999999,RUS,KGZ,7373
2236081,224,117,1238,2018.0,40307.0,0.0,0.5883510000000001,2.357541,TUR,KGZ,7373
2236082,231,117,1238,2018.0,39420.0,0.0,1.5527739999999999,0.288577,USA,KGZ,7373
2236083,232,117,1238,2018.0,0.0,486144.0,-0.485013,-0.390021,UZB,KGZ,7373
2236084,249,117,1238,2018.0,14818.0,0.0,2.0283580000000003,1.1648319999999999,TWN,KGZ,7373
2236085,2,124,1238,2018.0,0.0,1864.0,-1.6785400000000001,-1.2244030000000001,AGO,LBN,7373
2236086,7,124,1238,2018.0,105468.0,10228.0,-0.020214,-0.570049,ARE,LBN,7373
2236087,14,124,1238,2018.0,11956.0,0.0,-0.5578930000000001,-0.15666300000000002,AUS,LBN,7373
2236088,15,124,1238,2018.0,49183.0,0.0,1.798687,-0.557271,AUT,LBN,7373
2236089,18,124,1238,2018.0,33730.0,0.0,1.244674,1.1368969999999998,BEL,LBN,7373
2236090,19,124,1238,2018.0,0.0,15192.0,-0.775822,-0.800248,BEN,LBN,7373
2236091,38,124,1238,2018.0,0.0,2576.0,-0.30997399999999997,-0.754026,CAF,LBN,7373
2236092,39,124,1238,2018.0,1377.0,0.0,0.60854,1.475283,CAN,LBN,7373
2236093,41,124,1238,2018.0,34721.0,0.0,2.173252,0.861742,CHE,LBN,7373
2236094,43,124,1238,2018.0,1932663.0,0.0,1.378018,0.513572,CHN,LBN,7373
2236095,44,124,1238,2018.0,0.0,7488.0,-1.021384,-0.898676,CIV,LBN,7373
2236096,45,124,1238,2018.0,0.0,15634.0,-1.2144,-1.0318260000000001,CMR,LBN,7373
2236097,47,124,1238,2018.0,0.0,32328.0,-1.614157,-1.177288,COG,LBN,7373
2236098,58,124,1238,2018.0,0.0,10192.0,0.180009,-0.26353200000000004,CYP,LBN,7373
2236099,59,124,1238,2018.0,53854.0,0.0,1.8018669999999999,0.022382,CZE,LBN,7373
2236100,61,124,1238,2018.0,365357.0,0.0,2.126861,-2.619524,DEU,LBN,7373
2236101,62,124,1238,2018.0,0.0,3161.0,-0.266256,-0.608169,DJI,LBN,7373
2236102,64,124,1238,2018.0,3171.0,0.0,1.094761,1.337348,DNK,LBN,7373
2236103,71,124,1238,2018.0,9910.0,0.0,0.851197,2.261012,ESP,LBN,7373
2236104,74,124,1238,2018.0,16439.0,0.0,1.561518,1.0198450000000001,FIN,LBN,7373
2236105,77,124,1238,2018.0,101797.0,0.0,1.3578540000000001,0.9033700000000001,FRA,LBN,7373
2236106,80,124,1238,2018.0,0.0,1074.0,-1.4532129999999999,-1.155702,GAB,LBN,7373
2236107,81,124,1238,2018.0,74050.0,0.0,1.481442,1.050259,GBR,LBN,7373
2236108,83,124,1238,2018.0,0.0,9309.0,-0.769089,-0.8389200000000001,GHA,LBN,7373
2236109,85,124,1238,2018.0,0.0,9581.0,-1.3262909999999999,-1.237056,GIN,LBN,7373
2236110,89,124,1238,2018.0,0.0,1291.0,-2.065257,-0.986057,GNQ,LBN,7373
2236111,102,124,1238,2018.0,10020.0,0.0,1.6983409999999999,0.693194,HUN,LBN,7373
2236112,104,124,1238,2018.0,13176.0,0.0,0.536561,2.450287,IND,LBN,7373
2236113,108,124,1238,2018.0,0.0,10053.0,-0.627753,-0.983086,IRQ,LBN,7373
2236114,111,124,1238,2018.0,924059.0,4922.0,1.4594799999999999,0.05113,ITA,LBN,7373
2236115,114,124,1238,2018.0,59402.0,0.0,2.480327,-0.559793,JPN,LBN,7373
2236116,122,124,1238,2018.0,0.0,21502.0,-0.790523,-1.136525,KWT,LBN,7373
2236117,125,124,1238,2018.0,0.0,1792.0,-1.081874,-1.105082,LBR,LBN,7373
2236118,138,124,1238,2018.0,3903.0,0.0,1.272851,0.646359,MEX,LBN,7373
2236119,141,124,1238,2018.0,0.0,9946.0,-0.805876,-0.907854,MLI,LBN,7373
2236120,159,124,1238,2018.0,0.0,3603.0,-1.839074,-1.29837,NGA,LBN,7373
2236121,162,124,1238,2018.0,5065.0,0.0,1.060964,1.491808,NLD,LBN,7373
2236122,163,124,1238,2018.0,1069.0,0.0,0.359254,-0.059994000000000006,NOR,LBN,7373
2236123,177,124,1238,2018.0,28891.0,0.0,1.1323860000000001,1.1465040000000002,POL,LBN,7373
2236124,179,124,1238,2018.0,1095.0,0.0,0.787381,1.959475,PRT,LBN,7373
2236125,183,124,1238,2018.0,0.0,16218.0,-0.291537,-1.022145,QAT,LBN,7373
2236126,185,124,1238,2018.0,4781.0,0.0,1.1458030000000001,1.194413,ROU,LBN,7373
2236127,188,124,1238,2018.0,0.0,7379.0,0.600485,-0.450466,SAU,LBN,7373
2236128,191,124,1238,2018.0,0.0,7644.0,-0.699313,-0.360203,SEN,LBN,7373
2236129,192,124,1238,2018.0,1434.0,0.0,1.870268,0.672214,SGP,LBN,7373
2236130,196,124,1238,2018.0,0.0,6750.0,-0.17023,-0.25755700000000004,SLE,LBN,7373
2236131,198,124,1238,2018.0,17123.0,0.0,1.1010280000000001,0.679361,SMR,LBN,7373
2236132,201,124,1238,2018.0,1510.0,0.0,0.665772,1.552409,SRB,LBN,7373
2236133,208,124,1238,2018.0,10607.0,4674.0,1.7254209999999999,0.638757,SWE,LBN,7373
2236134,212,124,1238,2018.0,0.0,18370.0,-0.665828,-0.006848000000000001,SYR,LBN,7373
2236135,215,124,1238,2018.0,0.0,9440.0,-0.681426,-0.7010270000000001,TGO,LBN,7373
2236136,216,124,1238,2018.0,4759.0,0.0,1.188923,1.264666,THA,LBN,7373
2236137,224,124,1238,2018.0,848352.0,1869.0,0.5883510000000001,2.357541,TUR,LBN,7373
2236138,227,124,1238,2018.0,8122.0,10079.0,-0.569114,0.36182800000000004,UGA,LBN,7373
2236139,231,124,1238,2018.0,33849.0,0.0,1.5527739999999999,0.288577,USA,LBN,7373
2236140,243,124,1238,2018.0,0.0,3434.0,-1.260844,-1.187614,YEM,LBN,7373
2236141,247,124,1238,2018.0,0.0,2530.0,-0.8302510000000001,-0.932916,ZMB,LBN,7373
2236142,249,124,1238,2018.0,30666.0,0.0,2.0283580000000003,1.1648319999999999,TWN,LBN,7373
2236143,250,124,1238,2018.0,0.0,5619.0,0.760441,-0.310861,ANS,LBN,7373
2236144,7,128,1238,2018.0,120343.0,0.0,-0.020214,-0.570049,ARE,LKA,7373
2236145,15,128,1238,2018.0,90587.0,14676.0,1.798687,-0.557271,AUT,LKA,7373
2236146,41,128,1238,2018.0,87349.0,0.0,2.173252,0.861742,CHE,LKA,7373
2236147,43,128,1238,2018.0,2848622.0,0.0,1.378018,0.513572,CHN,LKA,7373
2236148,61,128,1238,2018.0,478197.0,9906.0,2.126861,-2.619524,DEU,LKA,7373
2236149,64,128,1238,2018.0,5669.0,0.0,1.094761,1.337348,DNK,LKA,7373
2236150,71,128,1238,2018.0,1622.0,0.0,0.851197,2.261012,ESP,LKA,7373
2236151,73,128,1238,2018.0,0.0,1337.0,-0.663343,-0.384372,ETH,LKA,7373
2236152,74,128,1238,2018.0,0.0,24773.0,1.561518,1.0198450000000001,FIN,LKA,7373
2236153,77,128,1238,2018.0,13449.0,0.0,1.3578540000000001,0.9033700000000001,FRA,LKA,7373
2236154,81,128,1238,2018.0,50479.0,3855.0,1.481442,1.050259,GBR,LKA,7373
2236155,97,128,1238,2018.0,19399.0,0.0,0.8625149999999999,1.21001,HKG,LKA,7373
2236156,102,128,1238,2018.0,11927.0,0.0,1.6983409999999999,0.693194,HUN,LKA,7373
2236157,104,128,1238,2018.0,307933.0,1749096.0,0.536561,2.450287,IND,LKA,7373
2236158,111,128,1238,2018.0,808009.0,0.0,1.4594799999999999,0.05113,ITA,LKA,7373
2236159,114,128,1238,2018.0,186614.0,7240.0,2.480327,-0.559793,JPN,LKA,7373
2236160,121,128,1238,2018.0,27990.0,0.0,2.139149,0.795045,KOR,LKA,7373
2236161,137,128,1238,2018.0,0.0,11579.0,-1.128674,-1.053328,MDV,LKA,7373
2236162,153,128,1238,2018.0,142919.0,0.0,1.047185,0.732742,MYS,LKA,7373
2236163,162,128,1238,2018.0,103125.0,0.0,1.060964,1.491808,NLD,LKA,7373
2236164,177,128,1238,2018.0,20219.0,0.0,1.1323860000000001,1.1465040000000002,POL,LKA,7373
2236165,192,128,1238,2018.0,88238.0,0.0,1.870268,0.672214,SGP,LKA,7373
2236166,216,128,1238,2018.0,166498.0,0.0,1.188923,1.264666,THA,LKA,7373
2236167,224,128,1238,2018.0,73824.0,0.0,0.5883510000000001,2.357541,TUR,LKA,7373
2236168,227,128,1238,2018.0,0.0,8765.0,-0.569114,0.36182800000000004,UGA,LKA,7373
2236169,231,128,1238,2018.0,21544.0,0.0,1.5527739999999999,0.288577,USA,LKA,7373
2236170,246,128,1238,2018.0,2602.0,0.0,-0.053311000000000004,1.45561,ZAF,LKA,7373
2236171,249,128,1238,2018.0,57468.0,0.0,2.0283580000000003,1.1648319999999999,TWN,LKA,7373
2236172,15,131,1238,2018.0,113781.0,415501.0,1.798687,-0.557271,AUT,LUX,7373
2236173,18,131,1238,2018.0,340079.0,420567.0,1.244674,1.1368969999999998,BEL,LUX,7373
2236174,23,131,1238,2018.0,0.0,77242.0,0.516917,1.915288,BGR,LUX,7373
2236175,41,131,1238,2018.0,82844.0,64708.0,2.173252,0.861742,CHE,LUX,7373
2236176,43,131,1238,2018.0,214154.0,13020.0,1.378018,0.513572,CHN,LUX,7373
2236177,59,131,1238,2018.0,50723.0,209424.0,1.8018669999999999,0.022382,CZE,LUX,7373
2236178,61,131,1238,2018.0,3038620.0,4371489.0,2.126861,-2.619524,DEU,LUX,7373
2236179,64,131,1238,2018.0,0.0,154285.0,1.094761,1.337348,DNK,LUX,7373
2236180,71,131,1238,2018.0,1775.0,2457304.0,0.851197,2.261012,ESP,LUX,7373
2236181,72,131,1238,2018.0,1840.0,16344.0,0.957627,1.294173,EST,LUX,7373
2236182,74,131,1238,2018.0,2478.0,82023.0,1.561518,1.0198450000000001,FIN,LUX,7373
2236183,77,131,1238,2018.0,1068775.0,919532.0,1.3578540000000001,0.9033700000000001,FRA,LUX,7373
2236184,81,131,1238,2018.0,6261.0,402560.0,1.481442,1.050259,GBR,LUX,7373
2236185,90,131,1238,2018.0,0.0,23137.0,0.069841,0.922895,GRC,LUX,7373
2236186,97,131,1238,2018.0,5156.0,0.0,0.8625149999999999,1.21001,HKG,LUX,7373
2236187,100,131,1238,2018.0,0.0,18196.0,0.8873559999999999,1.480788,HRV,LUX,7373
2236188,102,131,1238,2018.0,0.0,178241.0,1.6983409999999999,0.693194,HUN,LUX,7373
2236189,106,131,1238,2018.0,1646.0,0.0,1.3647,0.094596,IRL,LUX,7373
2236190,110,131,1238,2018.0,0.0,1953.0,1.205666,1.001693,ISR,LUX,7373
2236191,111,131,1238,2018.0,692026.0,1240680.0,1.4594799999999999,0.05113,ITA,LUX,7373
2236192,114,131,1238,2018.0,234482.0,0.0,2.480327,-0.559793,JPN,LUX,7373
2236193,130,131,1238,2018.0,0.0,115336.0,0.839052,1.5688790000000001,LTU,LUX,7373
2236194,138,131,1238,2018.0,0.0,2920.0,1.272851,0.646359,MEX,LUX,7373
2236195,153,131,1238,2018.0,4401.0,180474.0,1.047185,0.732742,MYS,LUX,7373
2236196,162,131,1238,2018.0,637028.0,236462.0,1.060964,1.491808,NLD,LUX,7373
2236197,167,131,1238,2018.0,0.0,3012.0,-0.513727,-0.9944280000000001,OMN,LUX,7373
2236198,177,131,1238,2018.0,119881.0,504673.0,1.1323860000000001,1.1465040000000002,POL,LUX,7373
2236199,179,131,1238,2018.0,5470.0,0.0,0.787381,1.959475,PRT,LUX,7373
2236200,185,131,1238,2018.0,0.0,134158.0,1.1458030000000001,1.194413,ROU,LUX,7373
2236201,188,131,1238,2018.0,0.0,5436.0,0.600485,-0.450466,SAU,LUX,7373
2236202,192,131,1238,2018.0,37208.0,0.0,1.870268,0.672214,SGP,LUX,7373
2236203,206,131,1238,2018.0,0.0,85139.0,1.445669,0.9135850000000001,SVK,LUX,7373
2236204,207,131,1238,2018.0,60254.0,410461.0,1.623183,0.7150850000000001,SVN,LUX,7373
2236205,208,131,1238,2018.0,12387.0,54918.0,1.7254209999999999,0.638757,SWE,LUX,7373
2236206,224,131,1238,2018.0,0.0,62416.0,0.5883510000000001,2.357541,TUR,LUX,7373
2236207,231,131,1238,2018.0,56791.0,203832.0,1.5527739999999999,0.288577,USA,LUX,7373
2236208,232,131,1238,2018.0,0.0,8928.0,-0.485013,-0.390021,UZB,LUX,7373
2236209,249,131,1238,2018.0,114584.0,0.0,2.0283580000000003,1.1648319999999999,TWN,LUX,7373
2236210,250,131,1238,2018.0,211133.0,0.0,0.760441,-0.310861,ANS,LUX,7373
2236211,14,132,1238,2018.0,2332.0,0.0,-0.5578930000000001,-0.15666300000000002,AUS,LVA,7373
2236212,15,132,1238,2018.0,192889.0,0.0,1.798687,-0.557271,AUT,LVA,7373
2236213,16,132,1238,2018.0,0.0,6946.0,-1.47928,-1.313633,AZE,LVA,7373
2236214,18,132,1238,2018.0,47641.0,0.0,1.244674,1.1368969999999998,BEL,LVA,7373
2236215,23,132,1238,2018.0,4907.0,0.0,0.516917,1.915288,BGR,LVA,7373
2236216,26,132,1238,2018.0,0.0,1698.0,0.676528,0.8948299999999999,BIH,LVA,7373
2236217,28,132,1238,2018.0,86722.0,72407.0,0.86016,1.034144,BLR,LVA,7373
2236218,41,132,1238,2018.0,110062.0,0.0,2.173252,0.861742,CHE,LVA,7373
2236219,43,132,1238,2018.0,2568708.0,1256.0,1.378018,0.513572,CHN,LVA,7373
2236220,59,132,1238,2018.0,391260.0,0.0,1.8018669999999999,0.022382,CZE,LVA,7373
2236221,61,132,1238,2018.0,1577554.0,3054.0,2.126861,-2.619524,DEU,LVA,7373
2236222,64,132,1238,2018.0,697131.0,81599.0,1.094761,1.337348,DNK,LVA,7373
2236223,71,132,1238,2018.0,6755.0,14205.0,0.851197,2.261012,ESP,LVA,7373
2236224,72,132,1238,2018.0,827456.0,227851.0,0.957627,1.294173,EST,LVA,7373
2236225,74,132,1238,2018.0,462577.0,6595.0,1.561518,1.0198450000000001,FIN,LVA,7373
2236226,77,132,1238,2018.0,28313.0,0.0,1.3578540000000001,0.9033700000000001,FRA,LVA,7373
2236227,81,132,1238,2018.0,66488.0,0.0,1.481442,1.050259,GBR,LVA,7373
2236228,82,132,1238,2018.0,1306.0,44668.0,-0.059633000000000005,-0.073048,GEO,LVA,7373
2236229,97,132,1238,2018.0,5723.0,0.0,0.8625149999999999,1.21001,HKG,LVA,7373
2236230,102,132,1238,2018.0,3549.0,0.0,1.6983409999999999,0.693194,HUN,LVA,7373
2236231,111,132,1238,2018.0,789467.0,1646.0,1.4594799999999999,0.05113,ITA,LVA,7373
2236232,114,132,1238,2018.0,1417072.0,0.0,2.480327,-0.559793,JPN,LVA,7373
2236233,121,132,1238,2018.0,16491.0,0.0,2.139149,0.795045,KOR,LVA,7373
2236234,130,132,1238,2018.0,1851785.0,306919.0,0.839052,1.5688790000000001,LTU,LVA,7373
2236235,135,132,1238,2018.0,0.0,2313.0,-0.222348,-0.091067,MDA,LVA,7373
2236236,162,132,1238,2018.0,263195.0,19074.0,1.060964,1.491808,NLD,LVA,7373
2236237,163,132,1238,2018.0,14456.0,3190.0,0.359254,-0.059994000000000006,NOR,LVA,7373
2236238,177,132,1238,2018.0,355530.0,2946.0,1.1323860000000001,1.1465040000000002,POL,LVA,7373
2236239,179,132,1238,2018.0,44180.0,0.0,0.787381,1.959475,PRT,LVA,7373
2236240,186,132,1238,2018.0,31046.0,1598646.0,-0.079971,0.11098599999999999,RUS,LVA,7373
2236241,201,132,1238,2018.0,2843.0,0.0,0.665772,1.552409,SRB,LVA,7373
2236242,206,132,1238,2018.0,48453.0,1176.0,1.445669,0.9135850000000001,SVK,LVA,7373
2236243,207,132,1238,2018.0,26072.0,2618.0,1.623183,0.7150850000000001,SVN,LVA,7373
2236244,208,132,1238,2018.0,315365.0,412566.0,1.7254209999999999,0.638757,SWE,LVA,7373
2236245,224,132,1238,2018.0,51802.0,0.0,0.5883510000000001,2.357541,TUR,LVA,7373
2236246,226,132,1238,2018.0,0.0,1314.0,-0.12971300000000002,1.379649,TZA,LVA,7373
2236247,227,132,1238,2018.0,0.0,1357.0,-0.569114,0.36182800000000004,UGA,LVA,7373
2236248,228,132,1238,2018.0,685050.0,30066.0,0.3281,1.0037459999999998,UKR,LVA,7373
2236249,231,132,1238,2018.0,226534.0,17842.0,1.5527739999999999,0.288577,USA,LVA,7373
2236250,232,132,1238,2018.0,0.0,139765.0,-0.485013,-0.390021,UZB,LVA,7373
2236251,246,132,1238,2018.0,1145694.0,0.0,-0.053311000000000004,1.45561,ZAF,LVA,7373
2236252,249,132,1238,2018.0,146094.0,0.0,2.0283580000000003,1.1648319999999999,TWN,LVA,7373
2236253,2,134,1238,2018.0,0.0,16161.0,-1.6785400000000001,-1.2244030000000001,AGO,MAR,7373
2236254,7,134,1238,2018.0,1028.0,2162.0,-0.020214,-0.570049,ARE,MAR,7373
2236255,15,134,1238,2018.0,2039956.0,14950.0,1.798687,-0.557271,AUT,MAR,7373
2236256,18,134,1238,2018.0,264930.0,7914.0,1.244674,1.1368969999999998,BEL,MAR,7373
2236257,19,134,1238,2018.0,0.0,19676.0,-0.775822,-0.800248,BEN,MAR,7373
2236258,21,134,1238,2018.0,0.0,35468.0,-0.625138,-0.848562,BFA,MAR,7373
2236259,23,134,1238,2018.0,133573.0,5628.0,0.516917,1.915288,BGR,MAR,7373
2236260,26,134,1238,2018.0,18143.0,0.0,0.676528,0.8948299999999999,BIH,MAR,7373
2236261,39,134,1238,2018.0,2449.0,2206.0,0.60854,1.475283,CAN,MAR,7373
2236262,41,134,1238,2018.0,910169.0,0.0,2.173252,0.861742,CHE,MAR,7373
2236263,42,134,1238,2018.0,1360.0,0.0,-0.24325300000000002,-0.350271,CHL,MAR,7373
2236264,43,134,1238,2018.0,3526740.0,0.0,1.378018,0.513572,CHN,MAR,7373
2236265,44,134,1238,2018.0,0.0,19304.0,-1.021384,-0.898676,CIV,MAR,7373
2236266,47,134,1238,2018.0,0.0,16759.0,-1.614157,-1.177288,COG,MAR,7373
2236267,59,134,1238,2018.0,279704.0,0.0,1.8018669999999999,0.022382,CZE,MAR,7373
2236268,61,134,1238,2018.0,14758056.0,43171.0,2.126861,-2.619524,DEU,MAR,7373
2236269,64,134,1238,2018.0,63688.0,0.0,1.094761,1.337348,DNK,MAR,7373
2236270,66,134,1238,2018.0,0.0,3310.0,-1.121185,-1.196891,DZA,MAR,7373
2236271,71,134,1238,2018.0,5637683.0,47266.0,0.851197,2.261012,ESP,MAR,7373
2236272,74,134,1238,2018.0,22740.0,3540.0,1.561518,1.0198450000000001,FIN,MAR,7373
2236273,77,134,1238,2018.0,8169830.0,94357.0,1.3578540000000001,0.9033700000000001,FRA,MAR,7373
2236274,80,134,1238,2018.0,0.0,3293.0,-1.4532129999999999,-1.155702,GAB,MAR,7373
2236275,81,134,1238,2018.0,470491.0,0.0,1.481442,1.050259,GBR,MAR,7373
2236276,85,134,1238,2018.0,0.0,11207.0,-1.3262909999999999,-1.237056,GIN,MAR,7373
2236277,90,134,1238,2018.0,23877.0,0.0,0.069841,0.922895,GRC,MAR,7373
2236278,97,134,1238,2018.0,3769.0,69615.0,0.8625149999999999,1.21001,HKG,MAR,7373
2236279,102,134,1238,2018.0,53902.0,0.0,1.6983409999999999,0.693194,HUN,MAR,7373
2236280,103,134,1238,2018.0,1431.0,0.0,-0.0009939999999999999,1.417371,IDN,MAR,7373
2236281,104,134,1238,2018.0,391353.0,0.0,0.536561,2.450287,IND,MAR,7373
2236282,106,134,1238,2018.0,2507.0,0.0,1.3647,0.094596,IRL,MAR,7373
2236283,111,134,1238,2018.0,7429426.0,72372.0,1.4594799999999999,0.05113,ITA,MAR,7373
2236284,114,134,1238,2018.0,1075538.0,0.0,2.480327,-0.559793,JPN,MAR,7373
2236285,121,134,1238,2018.0,1861811.0,0.0,2.139149,0.795045,KOR,MAR,7373
2236286,136,134,1238,2018.0,0.0,12429.0,-1.056786,-0.9160709999999999,MDG,MAR,7373
2236287,138,134,1238,2018.0,69613.0,0.0,1.272851,0.646359,MEX,MAR,7373
2236288,141,134,1238,2018.0,0.0,4221.0,-0.805876,-0.907854,MLI,MAR,7373
2236289,148,134,1238,2018.0,0.0,16562.0,-1.219419,-1.2586,MRT,MAR,7373
2236290,162,134,1238,2018.0,248179.0,10923.0,1.060964,1.491808,NLD,MAR,7373
2236291,177,134,1238,2018.0,358680.0,12545.0,1.1323860000000001,1.1465040000000002,POL,MAR,7373
2236292,179,134,1238,2018.0,378844.0,2162.0,0.787381,1.959475,PRT,MAR,7373
2236293,185,134,1238,2018.0,327542.0,110078.0,1.1458030000000001,1.194413,ROU,MAR,7373
2236294,188,134,1238,2018.0,0.0,178939.0,0.600485,-0.450466,SAU,MAR,7373
2236295,190,134,1238,2018.0,0.0,1531.0,-1.3426719999999999,-1.1851909999999999,SDN,MAR,7373
2236296,198,134,1238,2018.0,10073.0,0.0,1.1010280000000001,0.679361,SMR,MAR,7373
2236297,206,134,1238,2018.0,39326.0,0.0,1.445669,0.9135850000000001,SVK,MAR,7373
2236298,207,134,1238,2018.0,9014.0,0.0,1.623183,0.7150850000000001,SVN,MAR,7373
2236299,208,134,1238,2018.0,165010.0,0.0,1.7254209999999999,0.638757,SWE,MAR,7373
2236300,215,134,1238,2018.0,0.0,10843.0,-0.681426,-0.7010270000000001,TGO,MAR,7373
2236301,216,134,1238,2018.0,12337.0,0.0,1.188923,1.264666,THA,MAR,7373
2236302,223,134,1238,2018.0,15317.0,5850.0,0.39611799999999997,1.252702,TUN,MAR,7373
2236303,224,134,1238,2018.0,1103075.0,4204.0,0.5883510000000001,2.357541,TUR,MAR,7373
2236304,226,134,1238,2018.0,0.0,2819.0,-0.12971300000000002,1.379649,TZA,MAR,7373
2236305,231,134,1238,2018.0,194625.0,0.0,1.5527739999999999,0.288577,USA,MAR,7373
2236306,246,134,1238,2018.0,0.0,6713.0,-0.053311000000000004,1.45561,ZAF,MAR,7373
2236307,249,134,1238,2018.0,112005.0,0.0,2.0283580000000003,1.1648319999999999,TWN,MAR,7373
2236308,15,135,1238,2018.0,18768.0,0.0,1.798687,-0.557271,AUT,MDA,7373
2236309,18,135,1238,2018.0,35690.0,1520.0,1.244674,1.1368969999999998,BEL,MDA,7373
2236310,23,135,1238,2018.0,9200.0,0.0,0.516917,1.915288,BGR,MDA,7373
2236311,28,135,1238,2018.0,22760.0,19493.0,0.86016,1.034144,BLR,MDA,7373
2236312,41,135,1238,2018.0,6780.0,0.0,2.173252,0.861742,CHE,MDA,7373
2236313,43,135,1238,2018.0,311831.0,0.0,1.378018,0.513572,CHN,MDA,7373
2236314,59,135,1238,2018.0,2908.0,0.0,1.8018669999999999,0.022382,CZE,MDA,7373
2236315,61,135,1238,2018.0,1992589.0,44393.0,2.126861,-2.619524,DEU,MDA,7373
2236316,71,135,1238,2018.0,9773.0,0.0,0.851197,2.261012,ESP,MDA,7373
2236317,74,135,1238,2018.0,23554.0,0.0,1.561518,1.0198450000000001,FIN,MDA,7373
2236318,77,135,1238,2018.0,16615.0,0.0,1.3578540000000001,0.9033700000000001,FRA,MDA,7373
2236319,81,135,1238,2018.0,8172.0,0.0,1.481442,1.050259,GBR,MDA,7373
2236320,97,135,1238,2018.0,7292.0,0.0,0.8625149999999999,1.21001,HKG,MDA,7373
2236321,111,135,1238,2018.0,48088.0,0.0,1.4594799999999999,0.05113,ITA,MDA,7373
2236322,114,135,1238,2018.0,1753.0,0.0,2.480327,-0.559793,JPN,MDA,7373
2236323,121,135,1238,2018.0,60335.0,0.0,2.139149,0.795045,KOR,MDA,7373
2236324,130,135,1238,2018.0,8533.0,0.0,0.839052,1.5688790000000001,LTU,MDA,7373
2236325,132,135,1238,2018.0,2313.0,0.0,0.6984560000000001,1.29918,LVA,MDA,7373
2236326,138,135,1238,2018.0,0.0,1046.0,1.272851,0.646359,MEX,MDA,7373
2236327,162,135,1238,2018.0,141307.0,0.0,1.060964,1.491808,NLD,MDA,7373
2236328,177,135,1238,2018.0,67712.0,0.0,1.1323860000000001,1.1465040000000002,POL,MDA,7373
2236329,185,135,1238,2018.0,678945.0,26448.0,1.1458030000000001,1.194413,ROU,MDA,7373
2236330,186,135,1238,2018.0,166445.0,6200.0,-0.079971,0.11098599999999999,RUS,MDA,7373
2236331,201,135,1238,2018.0,1510.0,8993.0,0.665772,1.552409,SRB,MDA,7373
2236332,206,135,1238,2018.0,3435.0,0.0,1.445669,0.9135850000000001,SVK,MDA,7373
2236333,207,135,1238,2018.0,13826.0,0.0,1.623183,0.7150850000000001,SVN,MDA,7373
2236334,208,135,1238,2018.0,13586.0,0.0,1.7254209999999999,0.638757,SWE,MDA,7373
2236335,224,135,1238,2018.0,71631.0,0.0,0.5883510000000001,2.357541,TUR,MDA,7373
2236336,228,135,1238,2018.0,288457.0,5593.0,0.3281,1.0037459999999998,UKR,MDA,7373
2236337,231,135,1238,2018.0,35288.0,0.0,1.5527739999999999,0.288577,USA,MDA,7373
2236338,249,135,1238,2018.0,1488.0,0.0,2.0283580000000003,1.1648319999999999,TWN,MDA,7373
2236339,7,143,1238,2018.0,0.0,41363.0,-0.020214,-0.570049,ARE,MMR,7373
2236340,14,143,1238,2018.0,10154.0,0.0,-0.5578930000000001,-0.15666300000000002,AUS,MMR,7373
2236341,15,143,1238,2018.0,2478.0,1798.0,1.798687,-0.557271,AUT,MMR,7373
2236342,28,143,1238,2018.0,3270.0,0.0,0.86016,1.034144,BLR,MMR,7373
2236343,41,143,1238,2018.0,5371.0,0.0,2.173252,0.861742,CHE,MMR,7373
2236344,43,143,1238,2018.0,7675846.0,8046.0,1.378018,0.513572,CHN,MMR,7373
2236345,47,143,1238,2018.0,17722.0,0.0,-1.614157,-1.177288,COG,MMR,7373
2236346,61,143,1238,2018.0,19839.0,0.0,2.126861,-2.619524,DEU,MMR,7373
2236347,64,143,1238,2018.0,21083.0,0.0,1.094761,1.337348,DNK,MMR,7373
2236348,71,143,1238,2018.0,7138.0,0.0,0.851197,2.261012,ESP,MMR,7373
2236349,81,143,1238,2018.0,3096.0,0.0,1.481442,1.050259,GBR,MMR,7373
2236350,97,143,1238,2018.0,10008.0,0.0,0.8625149999999999,1.21001,HKG,MMR,7373
2236351,103,143,1238,2018.0,8649.0,0.0,-0.0009939999999999999,1.417371,IDN,MMR,7373
2236352,104,143,1238,2018.0,197576.0,0.0,0.536561,2.450287,IND,MMR,7373
2236353,111,143,1238,2018.0,7838.0,0.0,1.4594799999999999,0.05113,ITA,MMR,7373
2236354,114,143,1238,2018.0,464000.0,133886.0,2.480327,-0.559793,JPN,MMR,7373
2236355,121,143,1238,2018.0,156638.0,0.0,2.139149,0.795045,KOR,MMR,7373
2236356,153,143,1238,2018.0,100388.0,58809.0,1.047185,0.732742,MYS,MMR,7373
2236357,177,143,1238,2018.0,2663.0,10517.0,1.1323860000000001,1.1465040000000002,POL,MMR,7373
2236358,186,143,1238,2018.0,32795.0,0.0,-0.079971,0.11098599999999999,RUS,MMR,7373
2236359,192,143,1238,2018.0,158474.0,0.0,1.870268,0.672214,SGP,MMR,7373
2236360,216,143,1238,2018.0,704198.0,1082.0,1.188923,1.264666,THA,MMR,7373
2236361,224,143,1238,2018.0,1620.0,0.0,0.5883510000000001,2.357541,TUR,MMR,7373
2236362,231,143,1238,2018.0,268228.0,0.0,1.5527739999999999,0.288577,USA,MMR,7373
2236363,239,143,1238,2018.0,162040.0,0.0,0.111848,0.915842,VNM,MMR,7373
2236364,249,143,1238,2018.0,127326.0,0.0,2.0283580000000003,1.1648319999999999,TWN,MMR,7373
2236365,2,147,1238,2018.0,7728.0,4049.0,-1.6785400000000001,-1.2244030000000001,AGO,MOZ,7373
2236366,7,147,1238,2018.0,14481.0,0.0,-0.020214,-0.570049,ARE,MOZ,7373
2236367,18,147,1238,2018.0,6584.0,0.0,1.244674,1.1368969999999998,BEL,MOZ,7373
2236368,39,147,1238,2018.0,4083.0,0.0,0.60854,1.475283,CAN,MOZ,7373
2236369,43,147,1238,2018.0,601651.0,0.0,1.378018,0.513572,CHN,MOZ,7373
2236370,61,147,1238,2018.0,23484.0,1174.0,2.126861,-2.619524,DEU,MOZ,7373
2236371,77,147,1238,2018.0,35871.0,0.0,1.3578540000000001,0.9033700000000001,FRA,MOZ,7373
2236372,81,147,1238,2018.0,1153.0,0.0,1.481442,1.050259,GBR,MOZ,7373
2236373,104,147,1238,2018.0,100716.0,0.0,0.536561,2.450287,IND,MOZ,7373
2236374,111,147,1238,2018.0,56923.0,20367.0,1.4594799999999999,0.05113,ITA,MOZ,7373
2236375,114,147,1238,2018.0,3748.0,0.0,2.480327,-0.559793,JPN,MOZ,7373
2236376,151,147,1238,2018.0,2105.0,3251.0,-0.268625,0.104254,MUS,MOZ,7373
2236377,179,147,1238,2018.0,135492.0,0.0,0.787381,1.959475,PRT,MOZ,7373
2236378,224,147,1238,2018.0,48128.0,0.0,0.5883510000000001,2.357541,TUR,MOZ,7373
2236379,231,147,1238,2018.0,15283.0,0.0,1.5527739999999999,0.288577,USA,MOZ,7373
2236380,239,147,1238,2018.0,311812.0,0.0,0.111848,0.915842,VNM,MOZ,7373
2236381,246,147,1238,2018.0,1170962.0,104040.0,-0.053311000000000004,1.45561,ZAF,MOZ,7373
2236382,7,151,1238,2018.0,128835.0,0.0,-0.020214,-0.570049,ARE,MUS,7373
2236383,14,151,1238,2018.0,1473.0,0.0,-0.5578930000000001,-0.15666300000000002,AUS,MUS,7373
2236384,15,151,1238,2018.0,10282.0,0.0,1.798687,-0.557271,AUT,MUS,7373
2236385,18,151,1238,2018.0,6729.0,0.0,1.244674,1.1368969999999998,BEL,MUS,7373
2236386,41,151,1238,2018.0,41311.0,0.0,2.173252,0.861742,CHE,MUS,7373
2236387,43,151,1238,2018.0,419335.0,0.0,1.378018,0.513572,CHN,MUS,7373
2236388,48,151,1238,2018.0,0.0,1096.0,0.9972559999999999,-0.46956000000000003,COK,MUS,7373
2236389,59,151,1238,2018.0,5250.0,0.0,1.8018669999999999,0.022382,CZE,MUS,7373
2236390,61,151,1238,2018.0,26235.0,0.0,2.126861,-2.619524,DEU,MUS,7373
2236391,68,151,1238,2018.0,0.0,11024.0,-0.093935,1.6368610000000001,EGY,MUS,7373
2236392,71,151,1238,2018.0,5815.0,0.0,0.851197,2.261012,ESP,MUS,7373
2236393,74,151,1238,2018.0,3681.0,0.0,1.561518,1.0198450000000001,FIN,MUS,7373
2236394,77,151,1238,2018.0,482632.0,4685.0,1.3578540000000001,0.9033700000000001,FRA,MUS,7373
2236395,81,151,1238,2018.0,90732.0,3215.0,1.481442,1.050259,GBR,MUS,7373
2236396,97,151,1238,2018.0,4419.0,0.0,0.8625149999999999,1.21001,HKG,MUS,7373
2236397,104,151,1238,2018.0,21945.0,8322.0,0.536561,2.450287,IND,MUS,7373
2236398,110,151,1238,2018.0,14526.0,0.0,1.205666,1.001693,ISR,MUS,7373
2236399,111,151,1238,2018.0,160740.0,0.0,1.4594799999999999,0.05113,ITA,MUS,7373
2236400,114,151,1238,2018.0,11389.0,0.0,2.480327,-0.559793,JPN,MUS,7373
2236401,121,151,1238,2018.0,4815.0,0.0,2.139149,0.795045,KOR,MUS,7373
2236402,138,151,1238,2018.0,3118.0,0.0,1.272851,0.646359,MEX,MUS,7373
2236403,147,151,1238,2018.0,3251.0,2105.0,-1.253762,-1.0049,MOZ,MUS,7373
2236404,162,151,1238,2018.0,1470.0,0.0,1.060964,1.491808,NLD,MUS,7373
2236405,163,151,1238,2018.0,19815.0,0.0,0.359254,-0.059994000000000006,NOR,MUS,7373
2236406,166,151,1238,2018.0,0.0,10724.0,0.113398,0.017740000000000002,NZL,MUS,7373
2236407,177,151,1238,2018.0,14004.0,0.0,1.1323860000000001,1.1465040000000002,POL,MUS,7373
2236408,179,151,1238,2018.0,4993.0,0.0,0.787381,1.959475,PRT,MUS,7373
2236409,192,151,1238,2018.0,15925.0,0.0,1.870268,0.672214,SGP,MUS,7373
2236410,206,151,1238,2018.0,3080.0,0.0,1.445669,0.9135850000000001,SVK,MUS,7373
2236411,207,151,1238,2018.0,1032.0,0.0,1.623183,0.7150850000000001,SVN,MUS,7373
2236412,209,151,1238,2018.0,17647.0,22053.0,-0.136719,-0.38962800000000003,SWZ,MUS,7373
2236413,211,151,1238,2018.0,1023.0,13772.0,-0.222908,-0.7792100000000001,SYC,MUS,7373
2236414,224,151,1238,2018.0,19103.0,0.0,0.5883510000000001,2.357541,TUR,MUS,7373
2236415,231,151,1238,2018.0,18475.0,0.0,1.5527739999999999,0.288577,USA,MUS,7373
2236416,246,151,1238,2018.0,39742.0,1065.0,-0.053311000000000004,1.45561,ZAF,MUS,7373
2236417,249,151,1238,2018.0,1863.0,0.0,2.0283580000000003,1.1648319999999999,TWN,MUS,7373
2236418,7,152,1238,2018.0,19681.0,0.0,-0.020214,-0.570049,ARE,MWI,7373
2236419,15,152,1238,2018.0,43163.0,0.0,1.798687,-0.557271,AUT,MWI,7373
2236420,18,152,1238,2018.0,2429.0,0.0,1.244674,1.1368969999999998,BEL,MWI,7373
2236421,43,152,1238,2018.0,52629.0,0.0,1.378018,0.513572,CHN,MWI,7373
2236422,61,152,1238,2018.0,39203.0,0.0,2.126861,-2.619524,DEU,MWI,7373
2236423,71,152,1238,2018.0,8906.0,0.0,0.851197,2.261012,ESP,MWI,7373
2236424,77,152,1238,2018.0,79469.0,0.0,1.3578540000000001,0.9033700000000001,FRA,MWI,7373
2236425,97,152,1238,2018.0,2014.0,0.0,0.8625149999999999,1.21001,HKG,MWI,7373
2236426,104,152,1238,2018.0,55417.0,0.0,0.536561,2.450287,IND,MWI,7373
2236427,111,152,1238,2018.0,12580.0,0.0,1.4594799999999999,0.05113,ITA,MWI,7373
2236428,162,152,1238,2018.0,3254.0,0.0,1.060964,1.491808,NLD,MWI,7373
2236429,179,152,1238,2018.0,10397.0,0.0,0.787381,1.959475,PRT,MWI,7373
2236430,187,152,1238,2018.0,0.0,17517.0,-0.48781199999999997,-0.741734,RWA,MWI,7373
2236431,226,152,1238,2018.0,1425.0,0.0,-0.12971300000000002,1.379649,TZA,MWI,7373
2236432,231,152,1238,2018.0,1720.0,2410.0,1.5527739999999999,0.288577,USA,MWI,7373
2236433,246,152,1238,2018.0,319266.0,42336.0,-0.053311000000000004,1.45561,ZAF,MWI,7373
2236434,247,152,1238,2018.0,1423.0,0.0,-0.8302510000000001,-0.932916,ZMB,MWI,7373
2236435,248,152,1238,2018.0,14550.0,6346.0,-1.071621,-1.112033,ZWE,MWI,7373
2236436,2,159,1238,2018.0,0.0,2628.0,-1.6785400000000001,-1.2244030000000001,AGO,NGA,7373
2236437,7,159,1238,2018.0,730084.0,0.0,-0.020214,-0.570049,ARE,NGA,7373
2236438,15,159,1238,2018.0,977062.0,0.0,1.798687,-0.557271,AUT,NGA,7373
2236439,18,159,1238,2018.0,67409.0,0.0,1.244674,1.1368969999999998,BEL,NGA,7373
2236440,22,159,1238,2018.0,39807.0,0.0,-0.9003549999999999,-1.1066610000000001,BGD,NGA,7373
2236441,39,159,1238,2018.0,168007.0,0.0,0.60854,1.475283,CAN,NGA,7373
2236442,41,159,1238,2018.0,704013.0,0.0,2.173252,0.861742,CHE,NGA,7373
2236443,43,159,1238,2018.0,6765262.0,0.0,1.378018,0.513572,CHN,NGA,7373
2236444,44,159,1238,2018.0,0.0,30504.0,-1.021384,-0.898676,CIV,NGA,7373
2236445,59,159,1238,2018.0,22718.0,0.0,1.8018669999999999,0.022382,CZE,NGA,7373
2236446,61,159,1238,2018.0,1391656.0,0.0,2.126861,-2.619524,DEU,NGA,7373
2236447,71,159,1238,2018.0,10546.0,0.0,0.851197,2.261012,ESP,NGA,7373
2236448,74,159,1238,2018.0,64663.0,0.0,1.561518,1.0198450000000001,FIN,NGA,7373
2236449,77,159,1238,2018.0,743342.0,0.0,1.3578540000000001,0.9033700000000001,FRA,NGA,7373
2236450,81,159,1238,2018.0,363184.0,0.0,1.481442,1.050259,GBR,NGA,7373
2236451,90,159,1238,2018.0,22975.0,0.0,0.069841,0.922895,GRC,NGA,7373
2236452,97,159,1238,2018.0,120828.0,0.0,0.8625149999999999,1.21001,HKG,NGA,7373
2236453,100,159,1238,2018.0,185483.0,0.0,0.8873559999999999,1.480788,HRV,NGA,7373
2236454,103,159,1238,2018.0,2251.0,0.0,-0.0009939999999999999,1.417371,IDN,NGA,7373
2236455,104,159,1238,2018.0,1309460.0,3863.0,0.536561,2.450287,IND,NGA,7373
2236456,110,159,1238,2018.0,5624.0,0.0,1.205666,1.001693,ISR,NGA,7373
2236457,111,159,1238,2018.0,350700.0,0.0,1.4594799999999999,0.05113,ITA,NGA,7373
2236458,114,159,1238,2018.0,594064.0,0.0,2.480327,-0.559793,JPN,NGA,7373
2236459,121,159,1238,2018.0,17317.0,0.0,2.139149,0.795045,KOR,NGA,7373
2236460,124,159,1238,2018.0,3603.0,0.0,0.37832899999999997,1.077452,LBN,NGA,7373
2236461,153,159,1238,2018.0,451942.0,192526.0,1.047185,0.732742,MYS,NGA,7373
2236462,155,159,1238,2018.0,4743.0,0.0,-0.45412600000000003,-0.673077,NAM,NGA,7373
2236463,162,159,1238,2018.0,1116432.0,0.0,1.060964,1.491808,NLD,NGA,7373
2236464,177,159,1238,2018.0,5845.0,0.0,1.1323860000000001,1.1465040000000002,POL,NGA,7373
2236465,186,159,1238,2018.0,2650.0,0.0,-0.079971,0.11098599999999999,RUS,NGA,7373
2236466,191,159,1238,2018.0,2806.0,0.0,-0.699313,-0.360203,SEN,NGA,7373
2236467,192,159,1238,2018.0,303622.0,232508.0,1.870268,0.672214,SGP,NGA,7373
2236468,224,159,1238,2018.0,294387.0,0.0,0.5883510000000001,2.357541,TUR,NGA,7373
2236469,231,159,1238,2018.0,1587374.0,0.0,1.5527739999999999,0.288577,USA,NGA,7373
2236470,246,159,1238,2018.0,135483.0,0.0,-0.053311000000000004,1.45561,ZAF,NGA,7373
2236471,7,164,1238,2018.0,7514.0,0.0,-0.020214,-0.570049,ARE,NPL,7373
2236472,35,164,1238,2018.0,13349.0,0.0,-0.118432,-0.779945,BTN,NPL,7373
2236473,43,164,1238,2018.0,820324.0,0.0,1.378018,0.513572,CHN,NPL,7373
2236474,97,164,1238,2018.0,1456.0,0.0,0.8625149999999999,1.21001,HKG,NPL,7373
2236475,104,164,1238,2018.0,2098278.0,8087.0,0.536561,2.450287,IND,NPL,7373
2236476,111,164,1238,2018.0,10429.0,0.0,1.4594799999999999,0.05113,ITA,NPL,7373
2236477,114,164,1238,2018.0,313252.0,0.0,2.480327,-0.559793,JPN,NPL,7373
2236478,121,164,1238,2018.0,124917.0,0.0,2.139149,0.795045,KOR,NPL,7373
2236479,224,164,1238,2018.0,26428.0,0.0,0.5883510000000001,2.357541,TUR,NPL,7373
2236480,249,164,1238,2018.0,4479.0,0.0,2.0283580000000003,1.1648319999999999,TWN,NPL,7373
2236481,7,167,1238,2018.0,7941884.0,687056.0,-0.020214,-0.570049,ARE,OMN,7373
2236482,15,167,1238,2018.0,271469.0,1101.0,1.798687,-0.557271,AUT,OMN,7373
2236483,24,167,1238,2018.0,0.0,5689.0,0.335652,-0.646621,BHR,OMN,7373
2236484,39,167,1238,2018.0,14860.0,0.0,0.60854,1.475283,CAN,OMN,7373
2236485,41,167,1238,2018.0,108287.0,0.0,2.173252,0.861742,CHE,OMN,7373
2236486,43,167,1238,2018.0,795645.0,0.0,1.378018,0.513572,CHN,OMN,7373
2236487,59,167,1238,2018.0,50165.0,0.0,1.8018669999999999,0.022382,CZE,OMN,7373
2236488,61,167,1238,2018.0,274600.0,24476.0,2.126861,-2.619524,DEU,OMN,7373
2236489,66,167,1238,2018.0,0.0,1850.0,-1.121185,-1.196891,DZA,OMN,7373
2236490,71,167,1238,2018.0,14161.0,0.0,0.851197,2.261012,ESP,OMN,7373
2236491,74,167,1238,2018.0,14665.0,0.0,1.561518,1.0198450000000001,FIN,OMN,7373
2236492,77,167,1238,2018.0,78455.0,0.0,1.3578540000000001,0.9033700000000001,FRA,OMN,7373
2236493,81,167,1238,2018.0,219857.0,4402.0,1.481442,1.050259,GBR,OMN,7373
2236494,90,167,1238,2018.0,0.0,18063.0,0.069841,0.922895,GRC,OMN,7373
2236495,97,167,1238,2018.0,4964.0,0.0,0.8625149999999999,1.21001,HKG,OMN,7373
2236496,102,167,1238,2018.0,4639.0,0.0,1.6983409999999999,0.693194,HUN,OMN,7373
2236497,104,167,1238,2018.0,1388554.0,26290.0,0.536561,2.450287,IND,OMN,7373
2236498,107,167,1238,2018.0,0.0,39293.0,-0.290723,-0.430805,IRN,OMN,7373
2236499,108,167,1238,2018.0,0.0,16507.0,-0.627753,-0.983086,IRQ,OMN,7373
2236500,111,167,1238,2018.0,1253534.0,88351.0,1.4594799999999999,0.05113,ITA,OMN,7373
2236501,113,167,1238,2018.0,0.0,4412.0,0.125467,0.382625,JOR,OMN,7373
2236502,114,167,1238,2018.0,721478.0,0.0,2.480327,-0.559793,JPN,OMN,7373
2236503,121,167,1238,2018.0,382714.0,0.0,2.139149,0.795045,KOR,OMN,7373
2236504,122,167,1238,2018.0,0.0,93294.0,-0.790523,-1.136525,KWT,OMN,7373
2236505,131,167,1238,2018.0,3012.0,0.0,1.098797,1.390282,LUX,OMN,7373
2236506,138,167,1238,2018.0,11960.0,0.0,1.272851,0.646359,MEX,OMN,7373
2236507,162,167,1238,2018.0,230602.0,10847.0,1.060964,1.491808,NLD,OMN,7373
2236508,168,167,1238,2018.0,0.0,16227.0,-0.737637,0.274296,PAK,OMN,7373
2236509,177,167,1238,2018.0,191011.0,0.0,1.1323860000000001,1.1465040000000002,POL,OMN,7373
2236510,179,167,1238,2018.0,1184.0,0.0,0.787381,1.959475,PRT,OMN,7373
2236511,183,167,1238,2018.0,523315.0,140833.0,-0.291537,-1.022145,QAT,OMN,7373
2236512,188,167,1238,2018.0,152579.0,137756.0,0.600485,-0.450466,SAU,OMN,7373
2236513,199,167,1238,2018.0,0.0,2023.0,-1.210687,-1.0716700000000001,SOM,OMN,7373
2236514,208,167,1238,2018.0,25890.0,1222.0,1.7254209999999999,0.638757,SWE,OMN,7373
2236515,216,167,1238,2018.0,39091.0,0.0,1.188923,1.264666,THA,OMN,7373
2236516,224,167,1238,2018.0,219968.0,0.0,0.5883510000000001,2.357541,TUR,OMN,7373
2236517,231,167,1238,2018.0,1769540.0,0.0,1.5527739999999999,0.288577,USA,OMN,7373
2236518,246,167,1238,2018.0,17537.0,0.0,-0.053311000000000004,1.45561,ZAF,OMN,7373
2236519,249,167,1238,2018.0,14393.0,0.0,2.0283580000000003,1.1648319999999999,TWN,OMN,7373
2236520,250,167,1238,2018.0,1082.0,0.0,0.760441,-0.310861,ANS,OMN,7373
2236521,7,168,1238,2018.0,486251.0,17434.0,-0.020214,-0.570049,ARE,PAK,7373
2236522,8,168,1238,2018.0,0.0,2167.0,-0.239502,0.297865,ARG,PAK,7373
2236523,14,168,1238,2018.0,6110.0,0.0,-0.5578930000000001,-0.15666300000000002,AUS,PAK,7373
2236524,15,168,1238,2018.0,7660.0,0.0,1.798687,-0.557271,AUT,PAK,7373
2236525,18,168,1238,2018.0,9995.0,0.0,1.244674,1.1368969999999998,BEL,PAK,7373
2236526,24,168,1238,2018.0,1104.0,0.0,0.335652,-0.646621,BHR,PAK,7373
2236527,39,168,1238,2018.0,8126.0,1680.0,0.60854,1.475283,CAN,PAK,7373
2236528,41,168,1238,2018.0,50887.0,0.0,2.173252,0.861742,CHE,PAK,7373
2236529,43,168,1238,2018.0,9870346.0,29928.0,1.378018,0.513572,CHN,PAK,7373
2236530,59,168,1238,2018.0,51983.0,6581.0,1.8018669999999999,0.022382,CZE,PAK,7373
2236531,61,168,1238,2018.0,702128.0,4527.0,2.126861,-2.619524,DEU,PAK,7373
2236532,64,168,1238,2018.0,36198.0,0.0,1.094761,1.337348,DNK,PAK,7373
2236533,68,168,1238,2018.0,205870.0,0.0,-0.093935,1.6368610000000001,EGY,PAK,7373
2236534,71,168,1238,2018.0,48731.0,0.0,0.851197,2.261012,ESP,PAK,7373
2236535,74,168,1238,2018.0,2921.0,0.0,1.561518,1.0198450000000001,FIN,PAK,7373
2236536,77,168,1238,2018.0,304831.0,0.0,1.3578540000000001,0.9033700000000001,FRA,PAK,7373
2236537,81,168,1238,2018.0,62960.0,11103.0,1.481442,1.050259,GBR,PAK,7373
2236538,97,168,1238,2018.0,336830.0,56963.0,0.8625149999999999,1.21001,HKG,PAK,7373
2236539,103,168,1238,2018.0,37945.0,0.0,-0.0009939999999999999,1.417371,IDN,PAK,7373
2236540,104,168,1238,2018.0,67652.0,0.0,0.536561,2.450287,IND,PAK,7373
2236541,111,168,1238,2018.0,218229.0,1089.0,1.4594799999999999,0.05113,ITA,PAK,7373
2236542,112,168,1238,2018.0,64846.0,0.0,-0.210475,-0.808499,JAM,PAK,7373
2236543,114,168,1238,2018.0,8105084.0,0.0,2.480327,-0.559793,JPN,PAK,7373
2236544,121,168,1238,2018.0,289365.0,2995.0,2.139149,0.795045,KOR,PAK,7373
2236545,138,168,1238,2018.0,5342.0,0.0,1.272851,0.646359,MEX,PAK,7373
2236546,153,168,1238,2018.0,187161.0,0.0,1.047185,0.732742,MYS,PAK,7373
2236547,162,168,1238,2018.0,74681.0,3431.0,1.060964,1.491808,NLD,PAK,7373
2236548,166,168,1238,2018.0,0.0,4445.0,0.113398,0.017740000000000002,NZL,PAK,7373
2236549,167,168,1238,2018.0,16227.0,0.0,-0.513727,-0.9944280000000001,OMN,PAK,7373
2236550,174,168,1238,2018.0,0.0,8696.0,0.7233649999999999,0.23715300000000003,PHL,PAK,7373
2236551,177,168,1238,2018.0,85211.0,0.0,1.1323860000000001,1.1465040000000002,POL,PAK,7373
2236552,178,168,1238,2018.0,2738.0,0.0,0.766691,0.6022930000000001,PRK,PAK,7373
2236553,183,168,1238,2018.0,0.0,6004.0,-0.291537,-1.022145,QAT,PAK,7373
2236554,188,168,1238,2018.0,0.0,2148.0,0.600485,-0.450466,SAU,PAK,7373
2236555,192,168,1238,2018.0,188944.0,0.0,1.870268,0.672214,SGP,PAK,7373
2236556,208,168,1238,2018.0,7083.0,0.0,1.7254209999999999,0.638757,SWE,PAK,7373
2236557,216,168,1238,2018.0,420431.0,4848.0,1.188923,1.264666,THA,PAK,7373
2236558,224,168,1238,2018.0,161711.0,0.0,0.5883510000000001,2.357541,TUR,PAK,7373
2236559,226,168,1238,2018.0,0.0,3515.0,-0.12971300000000002,1.379649,TZA,PAK,7373
2236560,227,168,1238,2018.0,0.0,3395.0,-0.569114,0.36182800000000004,UGA,PAK,7373
2236561,231,168,1238,2018.0,1252071.0,6011.0,1.5527739999999999,0.288577,USA,PAK,7373
2236562,232,168,1238,2018.0,0.0,8108.0,-0.485013,-0.390021,UZB,PAK,7373
2236563,243,168,1238,2018.0,0.0,6450.0,-1.260844,-1.187614,YEM,PAK,7373
2236564,249,168,1238,2018.0,516955.0,0.0,2.0283580000000003,1.1648319999999999,TWN,PAK,7373
2236565,250,168,1238,2018.0,139092.0,0.0,0.760441,-0.310861,ANS,PAK,7373
2236566,4,185,1238,2018.0,0.0,25406.0,-0.403248,-0.180523,ALB,ROU,7373
2236567,7,185,1238,2018.0,0.0,85767.0,-0.020214,-0.570049,ARE,ROU,7373
2236568,8,185,1238,2018.0,0.0,18049.0,-0.239502,0.297865,ARG,ROU,7373
2236569,14,185,1238,2018.0,0.0,23494.0,-0.5578930000000001,-0.15666300000000002,AUS,ROU,7373
2236570,15,185,1238,2018.0,2925661.0,2891088.0,1.798687,-0.557271,AUT,ROU,7373
2236571,16,185,1238,2018.0,0.0,1700.0,-1.47928,-1.313633,AZE,ROU,7373
2236572,18,185,1238,2018.0,1995388.0,1025572.0,1.244674,1.1368969999999998,BEL,ROU,7373
2236573,23,185,1238,2018.0,944504.0,848549.0,0.516917,1.915288,BGR,ROU,7373
2236574,26,185,1238,2018.0,0.0,1143.0,0.676528,0.8948299999999999,BIH,ROU,7373
2236575,28,185,1238,2018.0,0.0,3053.0,0.86016,1.034144,BLR,ROU,7373
2236576,32,185,1238,2018.0,0.0,6241.0,0.166542,0.718965,BRA,ROU,7373
2236577,39,185,1238,2018.0,28474.0,2633.0,0.60854,1.475283,CAN,ROU,7373
2236578,41,185,1238,2018.0,3562662.0,979666.0,2.173252,0.861742,CHE,ROU,7373
2236579,42,185,1238,2018.0,0.0,1699.0,-0.24325300000000002,-0.350271,CHL,ROU,7373
2236580,43,185,1238,2018.0,7525054.0,190629.0,1.378018,0.513572,CHN,ROU,7373
2236581,52,185,1238,2018.0,38807.0,0.0,0.27715,0.33261999999999997,CRI,ROU,7373
2236582,59,185,1238,2018.0,2114654.0,389566.0,1.8018669999999999,0.022382,CZE,ROU,7373
2236583,61,185,1238,2018.0,68527960.0,21002862.0,2.126861,-2.619524,DEU,ROU,7373
2236584,64,185,1238,2018.0,37158.0,12033.0,1.094761,1.337348,DNK,ROU,7373
2236585,68,185,1238,2018.0,0.0,24020.0,-0.093935,1.6368610000000001,EGY,ROU,7373
2236586,71,185,1238,2018.0,1470122.0,1588958.0,0.851197,2.261012,ESP,ROU,7373
2236587,72,185,1238,2018.0,5650.0,0.0,0.957627,1.294173,EST,ROU,7373
2236588,74,185,1238,2018.0,1983493.0,10603.0,1.561518,1.0198450000000001,FIN,ROU,7373
2236589,77,185,1238,2018.0,8855050.0,1697704.0,1.3578540000000001,0.9033700000000001,FRA,ROU,7373
2236590,81,185,1238,2018.0,1340903.0,13220768.0,1.481442,1.050259,GBR,ROU,7373
2236591,82,185,1238,2018.0,0.0,5824.0,-0.059633000000000005,-0.073048,GEO,ROU,7373
2236592,85,185,1238,2018.0,0.0,24887.0,-1.3262909999999999,-1.237056,GIN,ROU,7373
2236593,90,185,1238,2018.0,21455.0,105823.0,0.069841,0.922895,GRC,ROU,7373
2236594,97,185,1238,2018.0,31311.0,1924.0,0.8625149999999999,1.21001,HKG,ROU,7373
2236595,100,185,1238,2018.0,104017.0,4730.0,0.8873559999999999,1.480788,HRV,ROU,7373
2236596,102,185,1238,2018.0,2174153.0,655304.0,1.6983409999999999,0.693194,HUN,ROU,7373
2236597,103,185,1238,2018.0,0.0,3709.0,-0.0009939999999999999,1.417371,IDN,ROU,7373
2236598,104,185,1238,2018.0,30046.0,85937.0,0.536561,2.450287,IND,ROU,7373
2236599,106,185,1238,2018.0,384874.0,0.0,1.3647,0.094596,IRL,ROU,7373
2236600,110,185,1238,2018.0,15889.0,2674.0,1.205666,1.001693,ISR,ROU,7373
2236601,111,185,1238,2018.0,15822998.0,797379.0,1.4594799999999999,0.05113,ITA,ROU,7373
2236602,114,185,1238,2018.0,592420.0,0.0,2.480327,-0.559793,JPN,ROU,7373
2236603,121,185,1238,2018.0,394492.0,132649.0,2.139149,0.795045,KOR,ROU,7373
2236604,122,185,1238,2018.0,0.0,14112.0,-0.790523,-1.136525,KWT,ROU,7373
2236605,124,185,1238,2018.0,0.0,4781.0,0.37832899999999997,1.077452,LBN,ROU,7373
2236606,130,185,1238,2018.0,86055.0,317014.0,0.839052,1.5688790000000001,LTU,ROU,7373
2236607,131,185,1238,2018.0,134158.0,0.0,1.098797,1.390282,LUX,ROU,7373
2236608,134,185,1238,2018.0,110078.0,327542.0,-0.57445,-0.14461400000000002,MAR,ROU,7373
2236609,135,185,1238,2018.0,26448.0,678945.0,-0.222348,-0.091067,MDA,ROU,7373
2236610,138,185,1238,2018.0,1325.0,390641.0,1.272851,0.646359,MEX,ROU,7373
2236611,140,185,1238,2018.0,22241.0,308282.0,0.056548,-0.273964,MKD,ROU,7373
2236612,153,185,1238,2018.0,3011.0,0.0,1.047185,0.732742,MYS,ROU,7373
2236613,162,185,1238,2018.0,6069840.0,2347722.0,1.060964,1.491808,NLD,ROU,7373
2236614,163,185,1238,2018.0,46700.0,53523.0,0.359254,-0.059994000000000006,NOR,ROU,7373
2236615,173,185,1238,2018.0,0.0,54797.0,-0.842934,-0.302396,PER,ROU,7373
2236616,177,185,1238,2018.0,3984124.0,3777542.0,1.1323860000000001,1.1465040000000002,POL,ROU,7373
2236617,179,185,1238,2018.0,173403.0,40284.0,0.787381,1.959475,PRT,ROU,7373
2236618,182,185,1238,2018.0,0.0,2064.0,-0.167505,-0.7041350000000001,PYF,ROU,7373
2236619,183,185,1238,2018.0,0.0,2677.0,-0.291537,-1.022145,QAT,ROU,7373
2236620,186,185,1238,2018.0,8671.0,3146.0,-0.079971,0.11098599999999999,RUS,ROU,7373
2236621,188,185,1238,2018.0,0.0,19283.0,0.600485,-0.450466,SAU,ROU,7373
2236622,192,185,1238,2018.0,42215.0,15671.0,1.870268,0.672214,SGP,ROU,7373
2236623,201,185,1238,2018.0,117607.0,616652.0,0.665772,1.552409,SRB,ROU,7373
2236624,206,185,1238,2018.0,1118974.0,37914.0,1.445669,0.9135850000000001,SVK,ROU,7373
2236625,207,185,1238,2018.0,564142.0,2480455.0,1.623183,0.7150850000000001,SVN,ROU,7373
2236626,208,185,1238,2018.0,73061.0,601365.0,1.7254209999999999,0.638757,SWE,ROU,7373
2236627,209,185,1238,2018.0,0.0,488219.0,-0.136719,-0.38962800000000003,SWZ,ROU,7373
2236628,223,185,1238,2018.0,155678.0,51797.0,0.39611799999999997,1.252702,TUN,ROU,7373
2236629,224,185,1238,2018.0,1884528.0,109793.0,0.5883510000000001,2.357541,TUR,ROU,7373
2236630,228,185,1238,2018.0,59800.0,535317.0,0.3281,1.0037459999999998,UKR,ROU,7373
2236631,231,185,1238,2018.0,924294.0,185417.0,1.5527739999999999,0.288577,USA,ROU,7373
2236632,232,185,1238,2018.0,0.0,1856.0,-0.485013,-0.390021,UZB,ROU,7373
2236633,246,185,1238,2018.0,861041.0,82881.0,-0.053311000000000004,1.45561,ZAF,ROU,7373
2236634,249,185,1238,2018.0,66044.0,5127.0,2.0283580000000003,1.1648319999999999,TWN,ROU,7373
2236635,2,186,1238,2018.0,1659.0,5118.0,-1.6785400000000001,-1.2244030000000001,AGO,RUS,7373
2236636,7,186,1238,2018.0,11874.0,23418.0,-0.020214,-0.570049,ARE,RUS,7373
2236637,9,186,1238,2018.0,839544.0,166970.0,-0.42181499999999994,-0.663385,ARM,RUS,7373
2236638,15,186,1238,2018.0,6786270.0,21548.0,1.798687,-0.557271,AUT,RUS,7373
2236639,16,186,1238,2018.0,0.0,30415.0,-1.47928,-1.313633,AZE,RUS,7373
2236640,18,186,1238,2018.0,425535.0,142598.0,1.244674,1.1368969999999998,BEL,RUS,7373
2236641,22,186,1238,2018.0,0.0,107971.0,-0.9003549999999999,-1.1066610000000001,BGD,RUS,7373
2236642,23,186,1238,2018.0,243314.0,6234.0,0.516917,1.915288,BGR,RUS,7373
2236643,26,186,1238,2018.0,52119.0,0.0,0.676528,0.8948299999999999,BIH,RUS,7373
2236644,28,186,1238,2018.0,1552741.0,2893902.0,0.86016,1.034144,BLR,RUS,7373
2236645,32,186,1238,2018.0,6983.0,0.0,0.166542,0.718965,BRA,RUS,7373
2236646,39,186,1238,2018.0,694547.0,0.0,0.60854,1.475283,CAN,RUS,7373
2236647,41,186,1238,2018.0,10487498.0,66893.0,2.173252,0.861742,CHE,RUS,7373
2236648,43,186,1238,2018.0,125174160.0,1611486.0,1.378018,0.513572,CHN,RUS,7373
2236649,52,186,1238,2018.0,8280.0,0.0,0.27715,0.33261999999999997,CRI,RUS,7373
2236650,54,186,1238,2018.0,0.0,31134.0,-1.077539,-1.241754,CUB,RUS,7373
2236651,58,186,1238,2018.0,1984.0,1174.0,0.180009,-0.26353200000000004,CYP,RUS,7373
2236652,59,186,1238,2018.0,7115276.0,11263.0,1.8018669999999999,0.022382,CZE,RUS,7373
2236653,61,186,1238,2018.0,71058504.0,957096.0,2.126861,-2.619524,DEU,RUS,7373
2236654,64,186,1238,2018.0,174667.0,0.0,1.094761,1.337348,DNK,RUS,7373
2236655,68,186,1238,2018.0,0.0,22868.0,-0.093935,1.6368610000000001,EGY,RUS,7373
2236656,71,186,1238,2018.0,1840665.0,56687.0,0.851197,2.261012,ESP,RUS,7373
2236657,72,186,1238,2018.0,1170077.0,10683.0,0.957627,1.294173,EST,RUS,7373
2236658,74,186,1238,2018.0,12348890.0,0.0,1.561518,1.0198450000000001,FIN,RUS,7373
2236659,77,186,1238,2018.0,4209408.0,0.0,1.3578540000000001,0.9033700000000001,FRA,RUS,7373
2236660,81,186,1238,2018.0,1274643.0,1601.0,1.481442,1.050259,GBR,RUS,7373
2236661,82,186,1238,2018.0,1844.0,41451.0,-0.059633000000000005,-0.073048,GEO,RUS,7373
2236662,85,186,1238,2018.0,0.0,4119.0,-1.3262909999999999,-1.237056,GIN,RUS,7373
2236663,90,186,1238,2018.0,445535.0,0.0,0.069841,0.922895,GRC,RUS,7373
2236664,97,186,1238,2018.0,187173.0,9557.0,0.8625149999999999,1.21001,HKG,RUS,7373
2236665,100,186,1238,2018.0,293702.0,0.0,0.8873559999999999,1.480788,HRV,RUS,7373
2236666,102,186,1238,2018.0,243693.0,1648.0,1.6983409999999999,0.693194,HUN,RUS,7373
2236667,103,186,1238,2018.0,116793.0,0.0,-0.0009939999999999999,1.417371,IDN,RUS,7373
2236668,104,186,1238,2018.0,1861884.0,851228.0,0.536561,2.450287,IND,RUS,7373
2236669,106,186,1238,2018.0,23007.0,0.0,1.3647,0.094596,IRL,RUS,7373
2236670,110,186,1238,2018.0,19379.0,3317.0,1.205666,1.001693,ISR,RUS,7373
2236671,111,186,1238,2018.0,11637354.0,88693.0,1.4594799999999999,0.05113,ITA,RUS,7373
2236672,114,186,1238,2018.0,13809479.0,79226.0,2.480327,-0.559793,JPN,RUS,7373
2236673,115,186,1238,2018.0,260099.0,5500951.0,-0.625674,-0.605028,KAZ,RUS,7373
2236674,117,186,1238,2018.0,22656.0,252900.0,0.000495,0.601278,KGZ,RUS,7373
2236675,121,186,1238,2018.0,11863197.0,322408.0,2.139149,0.795045,KOR,RUS,7373
2236676,123,186,1238,2018.0,0.0,26795.0,-0.60597,-0.479868,LAO,RUS,7373
2236677,130,186,1238,2018.0,12376257.0,43233.0,0.839052,1.5688790000000001,LTU,RUS,7373
2236678,132,186,1238,2018.0,1598646.0,31046.0,0.6984560000000001,1.29918,LVA,RUS,7373
2236679,135,186,1238,2018.0,6200.0,166445.0,-0.222348,-0.091067,MDA,RUS,7373
2236680,138,186,1238,2018.0,588059.0,39999.0,1.272851,0.646359,MEX,RUS,7373
2236681,142,186,1238,2018.0,0.0,9646.0,0.860195,0.281449,MLT,RUS,7373
2236682,143,186,1238,2018.0,0.0,32795.0,-0.9970469999999999,-0.28486,MMR,RUS,7373
2236683,144,186,1238,2018.0,0.0,2939.0,0.166157,0.132633,MNE,RUS,7373
2236684,145,186,1238,2018.0,0.0,16695.0,-0.892013,-1.115228,MNG,RUS,7373
2236685,153,186,1238,2018.0,97670.0,0.0,1.047185,0.732742,MYS,RUS,7373
2236686,159,186,1238,2018.0,0.0,2650.0,-1.839074,-1.29837,NGA,RUS,7373
2236687,162,186,1238,2018.0,3150145.0,107236.0,1.060964,1.491808,NLD,RUS,7373
2236688,163,186,1238,2018.0,107249.0,0.0,0.359254,-0.059994000000000006,NOR,RUS,7373
2236689,173,186,1238,2018.0,0.0,2193.0,-0.842934,-0.302396,PER,RUS,7373
2236690,177,186,1238,2018.0,23843038.0,12688.0,1.1323860000000001,1.1465040000000002,POL,RUS,7373
2236691,178,186,1238,2018.0,0.0,1608.0,0.766691,0.6022930000000001,PRK,RUS,7373
2236692,179,186,1238,2018.0,824827.0,0.0,0.787381,1.959475,PRT,RUS,7373
2236693,185,186,1238,2018.0,3146.0,8671.0,1.1458030000000001,1.194413,ROU,RUS,7373
2236694,190,186,1238,2018.0,0.0,6284.0,-1.3426719999999999,-1.1851909999999999,SDN,RUS,7373
2236695,192,186,1238,2018.0,14013.0,0.0,1.870268,0.672214,SGP,RUS,7373
2236696,201,186,1238,2018.0,32695.0,6429.0,0.665772,1.552409,SRB,RUS,7373
2236697,206,186,1238,2018.0,1114621.0,0.0,1.445669,0.9135850000000001,SVK,RUS,7373
2236698,207,186,1238,2018.0,196649.0,0.0,1.623183,0.7150850000000001,SVN,RUS,7373
2236699,208,186,1238,2018.0,1935193.0,8216.0,1.7254209999999999,0.638757,SWE,RUS,7373
2236700,216,186,1238,2018.0,141865.0,9931.0,1.188923,1.264666,THA,RUS,7373
2236701,217,186,1238,2018.0,1753.0,18614.0,-1.199219,-1.254751,TJK,RUS,7373
2236702,224,186,1238,2018.0,3716767.0,48388.0,0.5883510000000001,2.357541,TUR,RUS,7373
2236703,228,186,1238,2018.0,1335511.0,741329.0,0.3281,1.0037459999999998,UKR,RUS,7373
2236704,231,186,1238,2018.0,5487954.0,855275.0,1.5527739999999999,0.288577,USA,RUS,7373
2236705,232,186,1238,2018.0,0.0,1140218.0,-0.485013,-0.390021,UZB,RUS,7373
2236706,236,186,1238,2018.0,0.0,2034.0,-1.180083,-1.23326,VEN,RUS,7373
2236707,239,186,1238,2018.0,0.0,182957.0,0.111848,0.915842,VNM,RUS,7373
2236708,246,186,1238,2018.0,1080153.0,54790.0,-0.053311000000000004,1.45561,ZAF,RUS,7373
2236709,249,186,1238,2018.0,989646.0,0.0,2.0283580000000003,1.1648319999999999,TWN,RUS,7373
2236710,250,186,1238,2018.0,0.0,38087.0,0.760441,-0.310861,ANS,RUS,7373
2236711,7,187,1238,2018.0,48476.0,0.0,-0.020214,-0.570049,ARE,RWA,7373
2236712,18,187,1238,2018.0,13635.0,0.0,1.244674,1.1368969999999998,BEL,RWA,7373
2236713,26,187,1238,2018.0,3791.0,0.0,0.676528,0.8948299999999999,BIH,RWA,7373
2236714,43,187,1238,2018.0,37139.0,0.0,1.378018,0.513572,CHN,RWA,7373
2236715,46,187,1238,2018.0,0.0,8915.0,-1.704339,-1.211619,COD,RWA,7373
2236716,61,187,1238,2018.0,10349.0,0.0,2.126861,-2.619524,DEU,RWA,7373
2236717,71,187,1238,2018.0,1788.0,0.0,0.851197,2.261012,ESP,RWA,7373
2236718,77,187,1238,2018.0,16636.0,0.0,1.3578540000000001,0.9033700000000001,FRA,RWA,7373
2236719,81,187,1238,2018.0,36920.0,0.0,1.481442,1.050259,GBR,RWA,7373
2236720,104,187,1238,2018.0,56352.0,0.0,0.536561,2.450287,IND,RWA,7373
2236721,111,187,1238,2018.0,14329.0,0.0,1.4594799999999999,0.05113,ITA,RWA,7373
2236722,116,187,1238,2018.0,5180.0,0.0,-0.381632,0.460819,KEN,RWA,7373
2236723,152,187,1238,2018.0,17517.0,0.0,-0.717512,-0.8799450000000001,MWI,RWA,7373
2236724,179,187,1238,2018.0,3932.0,0.0,0.787381,1.959475,PRT,RWA,7373
2236725,224,187,1238,2018.0,21339.0,0.0,0.5883510000000001,2.357541,TUR,RWA,7373
2236726,227,187,1238,2018.0,3538.0,0.0,-0.569114,0.36182800000000004,UGA,RWA,7373
2236727,231,187,1238,2018.0,7139.0,0.0,1.5527739999999999,0.288577,USA,RWA,7373
2236728,246,187,1238,2018.0,16713.0,0.0,-0.053311000000000004,1.45561,ZAF,RWA,7373
2236729,7,191,1238,2018.0,40742.0,0.0,-0.020214,-0.570049,ARE,SEN,7373
2236730,14,191,1238,2018.0,3855.0,0.0,-0.5578930000000001,-0.15666300000000002,AUS,SEN,7373
2236731,15,191,1238,2018.0,23193.0,0.0,1.798687,-0.557271,AUT,SEN,7373
2236732,18,191,1238,2018.0,11358.0,0.0,1.244674,1.1368969999999998,BEL,SEN,7373
2236733,21,191,1238,2018.0,3656.0,0.0,-0.625138,-0.848562,BFA,SEN,7373
2236734,41,191,1238,2018.0,47733.0,0.0,2.173252,0.861742,CHE,SEN,7373
2236735,43,191,1238,2018.0,410560.0,21175.0,1.378018,0.513572,CHN,SEN,7373
2236736,59,191,1238,2018.0,5943.0,0.0,1.8018669999999999,0.022382,CZE,SEN,7373
2236737,61,191,1238,2018.0,62318.0,0.0,2.126861,-2.619524,DEU,SEN,7373
2236738,71,191,1238,2018.0,14156.0,0.0,0.851197,2.261012,ESP,SEN,7373
2236739,77,191,1238,2018.0,810181.0,0.0,1.3578540000000001,0.9033700000000001,FRA,SEN,7373
2236740,81,191,1238,2018.0,39762.0,0.0,1.481442,1.050259,GBR,SEN,7373
2236741,85,191,1238,2018.0,0.0,26589.0,-1.3262909999999999,-1.237056,GIN,SEN,7373
2236742,87,191,1238,2018.0,0.0,15343.0,-1.001758,-0.771311,GMB,SEN,7373
2236743,104,191,1238,2018.0,35749.0,0.0,0.536561,2.450287,IND,SEN,7373
2236744,111,191,1238,2018.0,151007.0,0.0,1.4594799999999999,0.05113,ITA,SEN,7373
2236745,114,191,1238,2018.0,7099.0,0.0,2.480327,-0.559793,JPN,SEN,7373
2236746,121,191,1238,2018.0,9853.0,0.0,2.139149,0.795045,KOR,SEN,7373
2236747,124,191,1238,2018.0,7644.0,0.0,0.37832899999999997,1.077452,LBN,SEN,7373
2236748,141,191,1238,2018.0,0.0,99507.0,-0.805876,-0.907854,MLI,SEN,7373
2236749,159,191,1238,2018.0,0.0,2806.0,-1.839074,-1.29837,NGA,SEN,7373
2236750,177,191,1238,2018.0,4628.0,0.0,1.1323860000000001,1.1465040000000002,POL,SEN,7373
2236751,179,191,1238,2018.0,36406.0,0.0,0.787381,1.959475,PRT,SEN,7373
2236752,206,191,1238,2018.0,6031.0,0.0,1.445669,0.9135850000000001,SVK,SEN,7373
2236753,223,191,1238,2018.0,1064.0,0.0,0.39611799999999997,1.252702,TUN,SEN,7373
2236754,224,191,1238,2018.0,202149.0,0.0,0.5883510000000001,2.357541,TUR,SEN,7373
2236755,231,191,1238,2018.0,137360.0,0.0,1.5527739999999999,0.288577,USA,SEN,7373
2236756,246,191,1238,2018.0,18772.0,0.0,-0.053311000000000004,1.45561,ZAF,SEN,7373
2236757,4,201,1238,2018.0,0.0,11582.0,-0.403248,-0.180523,ALB,SRB,7373
2236758,7,201,1238,2018.0,14833.0,44604.0,-0.020214,-0.570049,ARE,SRB,7373
2236759,8,201,1238,2018.0,0.0,6059.0,-0.239502,0.297865,ARG,SRB,7373
2236760,14,201,1238,2018.0,0.0,3113.0,-0.5578930000000001,-0.15666300000000002,AUS,SRB,7373
2236761,15,201,1238,2018.0,1354797.0,38907.0,1.798687,-0.557271,AUT,SRB,7373
2236762,18,201,1238,2018.0,307945.0,24238.0,1.244674,1.1368969999999998,BEL,SRB,7373
2236763,23,201,1238,2018.0,107192.0,131256.0,0.516917,1.915288,BGR,SRB,7373
2236764,26,201,1238,2018.0,17287.0,653467.0,0.676528,0.8948299999999999,BIH,SRB,7373
2236765,28,201,1238,2018.0,0.0,79441.0,0.86016,1.034144,BLR,SRB,7373
2236766,39,201,1238,2018.0,0.0,35296.0,0.60854,1.475283,CAN,SRB,7373
2236767,41,201,1238,2018.0,945132.0,1884021.0,2.173252,0.861742,CHE,SRB,7373
2236768,43,201,1238,2018.0,2906684.0,35721.0,1.378018,0.513572,CHN,SRB,7373
2236769,58,201,1238,2018.0,0.0,8131.0,0.180009,-0.26353200000000004,CYP,SRB,7373
2236770,59,201,1238,2018.0,424868.0,661719.0,1.8018669999999999,0.022382,CZE,SRB,7373
2236771,61,201,1238,2018.0,8467651.0,1056764.0,2.126861,-2.619524,DEU,SRB,7373
2236772,64,201,1238,2018.0,37998.0,4953.0,1.094761,1.337348,DNK,SRB,7373
2236773,68,201,1238,2018.0,0.0,3254.0,-0.093935,1.6368610000000001,EGY,SRB,7373
2236774,71,201,1238,2018.0,270964.0,0.0,0.851197,2.261012,ESP,SRB,7373
2236775,72,201,1238,2018.0,1668.0,7248.0,0.957627,1.294173,EST,SRB,7373
2236776,74,201,1238,2018.0,920520.0,0.0,1.561518,1.0198450000000001,FIN,SRB,7373
2236777,77,201,1238,2018.0,117945.0,6934.0,1.3578540000000001,0.9033700000000001,FRA,SRB,7373
2236778,81,201,1238,2018.0,166424.0,358259.0,1.481442,1.050259,GBR,SRB,7373
2236779,90,201,1238,2018.0,11228.0,130101.0,0.069841,0.922895,GRC,SRB,7373
2236780,97,201,1238,2018.0,149006.0,0.0,0.8625149999999999,1.21001,HKG,SRB,7373
2236781,100,201,1238,2018.0,559965.0,207333.0,0.8873559999999999,1.480788,HRV,SRB,7373
2236782,102,201,1238,2018.0,1858593.0,423881.0,1.6983409999999999,0.693194,HUN,SRB,7373
2236783,104,201,1238,2018.0,19408.0,0.0,0.536561,2.450287,IND,SRB,7373
2236784,106,201,1238,2018.0,4107.0,5655.0,1.3647,0.094596,IRL,SRB,7373
2236785,110,201,1238,2018.0,0.0,14834.0,1.205666,1.001693,ISR,SRB,7373
2236786,111,201,1238,2018.0,2471068.0,236301.0,1.4594799999999999,0.05113,ITA,SRB,7373
2236787,114,201,1238,2018.0,261975.0,317857.0,2.480327,-0.559793,JPN,SRB,7373
2236788,115,201,1238,2018.0,0.0,2905.0,-0.625674,-0.605028,KAZ,SRB,7373
2236789,121,201,1238,2018.0,4487542.0,0.0,2.139149,0.795045,KOR,SRB,7373
2236790,124,201,1238,2018.0,0.0,1510.0,0.37832899999999997,1.077452,LBN,SRB,7373
2236791,130,201,1238,2018.0,24001.0,58824.0,0.839052,1.5688790000000001,LTU,SRB,7373
2236792,132,201,1238,2018.0,0.0,2843.0,0.6984560000000001,1.29918,LVA,SRB,7373
2236793,135,201,1238,2018.0,8993.0,1510.0,-0.222348,-0.091067,MDA,SRB,7373
2236794,138,201,1238,2018.0,35268.0,114654.0,1.272851,0.646359,MEX,SRB,7373
2236795,140,201,1238,2018.0,9458.0,142009.0,0.056548,-0.273964,MKD,SRB,7373
2236796,142,201,1238,2018.0,0.0,2399.0,0.860195,0.281449,MLT,SRB,7373
2236797,144,201,1238,2018.0,7223.0,255759.0,0.166157,0.132633,MNE,SRB,7373
2236798,162,201,1238,2018.0,926937.0,40280.0,1.060964,1.491808,NLD,SRB,7373
2236799,163,201,1238,2018.0,1545.0,0.0,0.359254,-0.059994000000000006,NOR,SRB,7373
2236800,174,201,1238,2018.0,0.0,5512.0,0.7233649999999999,0.23715300000000003,PHL,SRB,7373
2236801,177,201,1238,2018.0,289508.0,167347.0,1.1323860000000001,1.1465040000000002,POL,SRB,7373
2236802,179,201,1238,2018.0,72300.0,2146.0,0.787381,1.959475,PRT,SRB,7373
2236803,185,201,1238,2018.0,616652.0,117607.0,1.1458030000000001,1.194413,ROU,SRB,7373
2236804,186,201,1238,2018.0,6429.0,32695.0,-0.079971,0.11098599999999999,RUS,SRB,7373
2236805,188,201,1238,2018.0,0.0,27149.0,0.600485,-0.450466,SAU,SRB,7373
2236806,206,201,1238,2018.0,178950.0,19514.0,1.445669,0.9135850000000001,SVK,SRB,7373
2236807,207,201,1238,2018.0,2665495.0,154613.0,1.623183,0.7150850000000001,SVN,SRB,7373
2236808,208,201,1238,2018.0,19821.0,108405.0,1.7254209999999999,0.638757,SWE,SRB,7373
2236809,217,201,1238,2018.0,6893.0,0.0,-1.199219,-1.254751,TJK,SRB,7373
2236810,224,201,1238,2018.0,641415.0,20908.0,0.5883510000000001,2.357541,TUR,SRB,7373
2236811,228,201,1238,2018.0,943405.0,2563.0,0.3281,1.0037459999999998,UKR,SRB,7373
2236812,231,201,1238,2018.0,81956.0,1083713.0,1.5527739999999999,0.288577,USA,SRB,7373
2236813,239,201,1238,2018.0,0.0,37044.0,0.111848,0.915842,VNM,SRB,7373
2236814,246,201,1238,2018.0,0.0,7662.0,-0.053311000000000004,1.45561,ZAF,SRB,7373
2236815,249,201,1238,2018.0,19179.0,0.0,2.0283580000000003,1.1648319999999999,TWN,SRB,7373
2236816,39,209,1238,2018.0,0.0,1900.0,0.60854,1.475283,CAN,SWZ,7373
2236817,61,209,1238,2018.0,2346.0,0.0,2.126861,-2.619524,DEU,SWZ,7373
2236818,104,209,1238,2018.0,0.0,19624.0,0.536561,2.450287,IND,SWZ,7373
2236819,138,209,1238,2018.0,0.0,293586.0,1.272851,0.646359,MEX,SWZ,7373
2236820,151,209,1238,2018.0,22053.0,17647.0,-0.268625,0.104254,MUS,SWZ,7373
2236821,185,209,1238,2018.0,488219.0,0.0,1.1458030000000001,1.194413,ROU,SWZ,7373
2236822,231,209,1238,2018.0,0.0,7024.0,1.5527739999999999,0.288577,USA,SWZ,7373
2236823,246,209,1238,2018.0,307430.0,5795.0,-0.053311000000000004,1.45561,ZAF,SWZ,7373
2236824,41,217,1238,2018.0,11548.0,0.0,2.173252,0.861742,CHE,TJK,7373
2236825,43,217,1238,2018.0,538148.0,0.0,1.378018,0.513572,CHN,TJK,7373
2236826,61,217,1238,2018.0,3993.0,0.0,2.126861,-2.619524,DEU,TJK,7373
2236827,82,217,1238,2018.0,8099.0,0.0,-0.059633000000000005,-0.073048,GEO,TJK,7373
2236828,107,217,1238,2018.0,8201.0,0.0,-0.290723,-0.430805,IRN,TJK,7373
2236829,111,217,1238,2018.0,102051.0,6062.0,1.4594799999999999,0.05113,ITA,TJK,7373
2236830,114,217,1238,2018.0,6418.0,0.0,2.480327,-0.559793,JPN,TJK,7373
2236831,186,217,1238,2018.0,18614.0,1753.0,-0.079971,0.11098599999999999,RUS,TJK,7373
2236832,201,217,1238,2018.0,0.0,6893.0,0.665772,1.552409,SRB,TJK,7373
2236833,224,217,1238,2018.0,118937.0,0.0,0.5883510000000001,2.357541,TUR,TJK,7373
2236834,228,217,1238,2018.0,19780.0,0.0,0.3281,1.0037459999999998,UKR,TJK,7373
2236835,250,217,1238,2018.0,2108.0,0.0,0.760441,-0.310861,ANS,TJK,7373
2236836,7,219,1238,2018.0,94813.0,0.0,-0.020214,-0.570049,ARE,TKM,7373
2236837,15,219,1238,2018.0,0.0,343887.0,1.798687,-0.557271,AUT,TKM,7373
2236838,18,219,1238,2018.0,4140.0,0.0,1.244674,1.1368969999999998,BEL,TKM,7373
2236839,43,219,1238,2018.0,357628.0,0.0,1.378018,0.513572,CHN,TKM,7373
2236840,59,219,1238,2018.0,49141.0,0.0,1.8018669999999999,0.022382,CZE,TKM,7373
2236841,61,219,1238,2018.0,50196.0,0.0,2.126861,-2.619524,DEU,TKM,7373
2236842,77,219,1238,2018.0,56601.0,0.0,1.3578540000000001,0.9033700000000001,FRA,TKM,7373
2236843,82,219,1238,2018.0,61256.0,0.0,-0.059633000000000005,-0.073048,GEO,TKM,7373
2236844,111,219,1238,2018.0,19667.0,0.0,1.4594799999999999,0.05113,ITA,TKM,7373
2236845,162,219,1238,2018.0,0.0,15991.0,1.060964,1.491808,NLD,TKM,7373
2236846,192,219,1238,2018.0,3755.0,0.0,1.870268,0.672214,SGP,TKM,7373
2236847,224,219,1238,2018.0,118852.0,6802.0,0.5883510000000001,2.357541,TUR,TKM,7373
2236848,231,219,1238,2018.0,31889.0,0.0,1.5527739999999999,0.288577,USA,TKM,7373
2236849,232,219,1238,2018.0,0.0,21107.0,-0.485013,-0.390021,UZB,TKM,7373
2236850,7,223,1238,2018.0,7145.0,0.0,-0.020214,-0.570049,ARE,TUN,7373
2236851,14,223,1238,2018.0,9823.0,0.0,-0.5578930000000001,-0.15666300000000002,AUS,TUN,7373
2236852,15,223,1238,2018.0,124105.0,20139.0,1.798687,-0.557271,AUT,TUN,7373
2236853,18,223,1238,2018.0,25117.0,0.0,1.244674,1.1368969999999998,BEL,TUN,7373
2236854,26,223,1238,2018.0,41724.0,0.0,0.676528,0.8948299999999999,BIH,TUN,7373
2236855,32,223,1238,2018.0,5539.0,0.0,0.166542,0.718965,BRA,TUN,7373
2236856,39,223,1238,2018.0,78661.0,0.0,0.60854,1.475283,CAN,TUN,7373
2236857,41,223,1238,2018.0,524988.0,6473.0,2.173252,0.861742,CHE,TUN,7373
2236858,43,223,1238,2018.0,1172065.0,0.0,1.378018,0.513572,CHN,TUN,7373
2236859,52,223,1238,2018.0,5532.0,0.0,0.27715,0.33261999999999997,CRI,TUN,7373
2236860,59,223,1238,2018.0,224552.0,0.0,1.8018669999999999,0.022382,CZE,TUN,7373
2236861,61,223,1238,2018.0,7955096.0,45662.0,2.126861,-2.619524,DEU,TUN,7373
2236862,64,223,1238,2018.0,14344.0,0.0,1.094761,1.337348,DNK,TUN,7373
2236863,66,223,1238,2018.0,0.0,312508.0,-1.121185,-1.196891,DZA,TUN,7373
2236864,71,223,1238,2018.0,270436.0,31318.0,0.851197,2.261012,ESP,TUN,7373
2236865,73,223,1238,2018.0,0.0,145905.0,-0.663343,-0.384372,ETH,TUN,7373
2236866,74,223,1238,2018.0,22548.0,0.0,1.561518,1.0198450000000001,FIN,TUN,7373
2236867,77,223,1238,2018.0,3143301.0,223195.0,1.3578540000000001,0.9033700000000001,FRA,TUN,7373
2236868,81,223,1238,2018.0,212173.0,0.0,1.481442,1.050259,GBR,TUN,7373
2236869,85,223,1238,2018.0,0.0,1140.0,-1.3262909999999999,-1.237056,GIN,TUN,7373
2236870,87,223,1238,2018.0,41468.0,0.0,-1.001758,-0.771311,GMB,TUN,7373
2236871,97,223,1238,2018.0,1399.0,0.0,0.8625149999999999,1.21001,HKG,TUN,7373
2236872,102,223,1238,2018.0,49686.0,0.0,1.6983409999999999,0.693194,HUN,TUN,7373
2236873,103,223,1238,2018.0,0.0,1102.0,-0.0009939999999999999,1.417371,IDN,TUN,7373
2236874,104,223,1238,2018.0,56467.0,0.0,0.536561,2.450287,IND,TUN,7373
2236875,111,223,1238,2018.0,2288819.0,241522.0,1.4594799999999999,0.05113,ITA,TUN,7373
2236876,114,223,1238,2018.0,178169.0,0.0,2.480327,-0.559793,JPN,TUN,7373
2236877,116,223,1238,2018.0,0.0,4586.0,-0.381632,0.460819,KEN,TUN,7373
2236878,121,223,1238,2018.0,33631.0,0.0,2.139149,0.795045,KOR,TUN,7373
2236879,126,223,1238,2018.0,0.0,96277.0,-1.454322,-1.169087,LBY,TUN,7373
2236880,134,223,1238,2018.0,5850.0,15317.0,-0.57445,-0.14461400000000002,MAR,TUN,7373
2236881,138,223,1238,2018.0,153065.0,0.0,1.272851,0.646359,MEX,TUN,7373
2236882,142,223,1238,2018.0,14969.0,0.0,0.860195,0.281449,MLT,TUN,7373
2236883,162,223,1238,2018.0,889817.0,0.0,1.060964,1.491808,NLD,TUN,7373
2236884,177,223,1238,2018.0,203303.0,8196.0,1.1323860000000001,1.1465040000000002,POL,TUN,7373
2236885,179,223,1238,2018.0,14607.0,0.0,0.787381,1.959475,PRT,TUN,7373
2236886,185,223,1238,2018.0,51797.0,155678.0,1.1458030000000001,1.194413,ROU,TUN,7373
2236887,188,223,1238,2018.0,1380.0,0.0,0.600485,-0.450466,SAU,TUN,7373
2236888,190,223,1238,2018.0,0.0,53462.0,-1.3426719999999999,-1.1851909999999999,SDN,TUN,7373
2236889,191,223,1238,2018.0,0.0,1064.0,-0.699313,-0.360203,SEN,TUN,7373
2236890,192,223,1238,2018.0,77616.0,0.0,1.870268,0.672214,SGP,TUN,7373
2236891,206,223,1238,2018.0,163065.0,0.0,1.445669,0.9135850000000001,SVK,TUN,7373
2236892,208,223,1238,2018.0,33127.0,0.0,1.7254209999999999,0.638757,SWE,TUN,7373
2236893,224,223,1238,2018.0,399130.0,0.0,0.5883510000000001,2.357541,TUR,TUN,7373
2236894,228,223,1238,2018.0,1134.0,0.0,0.3281,1.0037459999999998,UKR,TUN,7373
2236895,231,223,1238,2018.0,354992.0,0.0,1.5527739999999999,0.288577,USA,TUN,7373
2236896,249,223,1238,2018.0,159915.0,0.0,2.0283580000000003,1.1648319999999999,TWN,TUN,7373
2236897,250,223,1238,2018.0,234181.0,1446357.0,0.760441,-0.310861,ANS,TUN,7373
2236898,7,228,1238,2018.0,0.0,20522.0,-0.020214,-0.570049,ARE,UKR,7373
2236899,9,228,1238,2018.0,0.0,12106.0,-0.42181499999999994,-0.663385,ARM,UKR,7373
2236900,14,228,1238,2018.0,0.0,205961.0,-0.5578930000000001,-0.15666300000000002,AUS,UKR,7373
2236901,15,228,1238,2018.0,1640681.0,33254.0,1.798687,-0.557271,AUT,UKR,7373
2236902,16,228,1238,2018.0,0.0,34176.0,-1.47928,-1.313633,AZE,UKR,7373
2236903,18,228,1238,2018.0,3158.0,0.0,1.244674,1.1368969999999998,BEL,UKR,7373
2236904,23,228,1238,2018.0,126101.0,7409.0,0.516917,1.915288,BGR,UKR,7373
2236905,24,228,1238,2018.0,1666.0,2274.0,0.335652,-0.646621,BHR,UKR,7373
2236906,26,228,1238,2018.0,7237.0,1983.0,0.676528,0.8948299999999999,BIH,UKR,7373
2236907,28,228,1238,2018.0,240189.0,367460.0,0.86016,1.034144,BLR,UKR,7373
2236908,39,228,1238,2018.0,42834.0,1150.0,0.60854,1.475283,CAN,UKR,7373
2236909,41,228,1238,2018.0,581423.0,4901.0,2.173252,0.861742,CHE,UKR,7373
2236910,43,228,1238,2018.0,25479996.0,2021031.0,1.378018,0.513572,CHN,UKR,7373
2236911,52,228,1238,2018.0,5731.0,0.0,0.27715,0.33261999999999997,CRI,UKR,7373
2236912,59,228,1238,2018.0,1023134.0,74294.0,1.8018669999999999,0.022382,CZE,UKR,7373
2236913,61,228,1238,2018.0,7988512.0,134783.0,2.126861,-2.619524,DEU,UKR,7373
2236914,64,228,1238,2018.0,316243.0,1625.0,1.094761,1.337348,DNK,UKR,7373
2236915,68,228,1238,2018.0,0.0,20629.0,-0.093935,1.6368610000000001,EGY,UKR,7373
2236916,71,228,1238,2018.0,40180.0,4316.0,0.851197,2.261012,ESP,UKR,7373
2236917,72,228,1238,2018.0,2823.0,306573.0,0.957627,1.294173,EST,UKR,7373
2236918,74,228,1238,2018.0,571152.0,6104.0,1.561518,1.0198450000000001,FIN,UKR,7373
2236919,77,228,1238,2018.0,401979.0,572437.0,1.3578540000000001,0.9033700000000001,FRA,UKR,7373
2236920,81,228,1238,2018.0,190770.0,884892.0,1.481442,1.050259,GBR,UKR,7373
2236921,82,228,1238,2018.0,0.0,248859.0,-0.059633000000000005,-0.073048,GEO,UKR,7373
2236922,89,228,1238,2018.0,0.0,3965.0,-2.065257,-0.986057,GNQ,UKR,7373
2236923,90,228,1238,2018.0,0.0,1448.0,0.069841,0.922895,GRC,UKR,7373
2236924,97,228,1238,2018.0,189643.0,648251.0,0.8625149999999999,1.21001,HKG,UKR,7373
2236925,102,228,1238,2018.0,749413.0,105250.0,1.6983409999999999,0.693194,HUN,UKR,7373
2236926,104,228,1238,2018.0,24636.0,106702.0,0.536561,2.450287,IND,UKR,7373
2236927,106,228,1238,2018.0,2013.0,0.0,1.3647,0.094596,IRL,UKR,7373
2236928,110,228,1238,2018.0,1047.0,0.0,1.205666,1.001693,ISR,UKR,7373
2236929,111,228,1238,2018.0,1033412.0,36533.0,1.4594799999999999,0.05113,ITA,UKR,7373
2236930,114,228,1238,2018.0,530495.0,0.0,2.480327,-0.559793,JPN,UKR,7373
2236931,115,228,1238,2018.0,0.0,93218.0,-0.625674,-0.605028,KAZ,UKR,7373
2236932,121,228,1238,2018.0,119457.0,716010.0,2.139149,0.795045,KOR,UKR,7373
2236933,130,228,1238,2018.0,62981.0,4843696.0,0.839052,1.5688790000000001,LTU,UKR,7373
2236934,132,228,1238,2018.0,30066.0,685050.0,0.6984560000000001,1.29918,LVA,UKR,7373
2236935,135,228,1238,2018.0,5593.0,288457.0,-0.222348,-0.091067,MDA,UKR,7373
2236936,138,228,1238,2018.0,11865.0,0.0,1.272851,0.646359,MEX,UKR,7373
2236937,153,228,1238,2018.0,0.0,52660.0,1.047185,0.732742,MYS,UKR,7373
2236938,162,228,1238,2018.0,462970.0,1572.0,1.060964,1.491808,NLD,UKR,7373
2236939,163,228,1238,2018.0,28053.0,0.0,0.359254,-0.059994000000000006,NOR,UKR,7373
2236940,166,228,1238,2018.0,0.0,5154.0,0.113398,0.017740000000000002,NZL,UKR,7373
2236941,173,228,1238,2018.0,0.0,3352.0,-0.842934,-0.302396,PER,UKR,7373
2236942,177,228,1238,2018.0,2355360.0,1778692.0,1.1323860000000001,1.1465040000000002,POL,UKR,7373
2236943,179,228,1238,2018.0,170608.0,0.0,0.787381,1.959475,PRT,UKR,7373
2236944,185,228,1238,2018.0,535317.0,59800.0,1.1458030000000001,1.194413,ROU,UKR,7373
2236945,186,228,1238,2018.0,741329.0,1335511.0,-0.079971,0.11098599999999999,RUS,UKR,7373
2236946,188,228,1238,2018.0,0.0,42875.0,0.600485,-0.450466,SAU,UKR,7373
2236947,192,228,1238,2018.0,0.0,83173.0,1.870268,0.672214,SGP,UKR,7373
2236948,198,228,1238,2018.0,34908.0,0.0,1.1010280000000001,0.679361,SMR,UKR,7373
2236949,201,228,1238,2018.0,2563.0,943405.0,0.665772,1.552409,SRB,UKR,7373
2236950,206,228,1238,2018.0,295316.0,82195.0,1.445669,0.9135850000000001,SVK,UKR,7373
2236951,207,228,1238,2018.0,4992.0,0.0,1.623183,0.7150850000000001,SVN,UKR,7373
2236952,208,228,1238,2018.0,234135.0,0.0,1.7254209999999999,0.638757,SWE,UKR,7373
2236953,216,228,1238,2018.0,26798.0,3226.0,1.188923,1.264666,THA,UKR,7373
2236954,217,228,1238,2018.0,0.0,19780.0,-1.199219,-1.254751,TJK,UKR,7373
2236955,223,228,1238,2018.0,0.0,1134.0,0.39611799999999997,1.252702,TUN,UKR,7373
2236956,224,228,1238,2018.0,551682.0,163142.0,0.5883510000000001,2.357541,TUR,UKR,7373
2236957,231,228,1238,2018.0,159964.0,758229.0,1.5527739999999999,0.288577,USA,UKR,7373
2236958,232,228,1238,2018.0,0.0,85350.0,-0.485013,-0.390021,UZB,UKR,7373
2236959,243,228,1238,2018.0,0.0,3447.0,-1.260844,-1.187614,YEM,UKR,7373
2236960,246,228,1238,2018.0,549984.0,0.0,-0.053311000000000004,1.45561,ZAF,UKR,7373
2236961,249,228,1238,2018.0,307652.0,44479.0,2.0283580000000003,1.1648319999999999,TWN,UKR,7373
2236962,7,232,1238,2018.0,280048.0,0.0,-0.020214,-0.570049,ARE,UZB,7373
2236963,15,232,1238,2018.0,70107.0,0.0,1.798687,-0.557271,AUT,UZB,7373
2236964,28,232,1238,2018.0,5577.0,0.0,0.86016,1.034144,BLR,UZB,7373
2236965,41,232,1238,2018.0,4962.0,0.0,2.173252,0.861742,CHE,UZB,7373
2236966,43,232,1238,2018.0,8441820.0,3515.0,1.378018,0.513572,CHN,UZB,7373
2236967,59,232,1238,2018.0,25745.0,0.0,1.8018669999999999,0.022382,CZE,UZB,7373
2236968,61,232,1238,2018.0,1929737.0,7294.0,2.126861,-2.619524,DEU,UZB,7373
2236969,74,232,1238,2018.0,2691.0,0.0,1.561518,1.0198450000000001,FIN,UZB,7373
2236970,77,232,1238,2018.0,86985.0,0.0,1.3578540000000001,0.9033700000000001,FRA,UZB,7373
2236971,81,232,1238,2018.0,126295.0,0.0,1.481442,1.050259,GBR,UZB,7373
2236972,97,232,1238,2018.0,17423.0,0.0,0.8625149999999999,1.21001,HKG,UZB,7373
2236973,104,232,1238,2018.0,1031.0,0.0,0.536561,2.450287,IND,UZB,7373
2236974,111,232,1238,2018.0,1614457.0,0.0,1.4594799999999999,0.05113,ITA,UZB,7373
2236975,114,232,1238,2018.0,451822.0,0.0,2.480327,-0.559793,JPN,UZB,7373
2236976,115,232,1238,2018.0,156527.0,0.0,-0.625674,-0.605028,KAZ,UZB,7373
2236977,117,232,1238,2018.0,486144.0,0.0,0.000495,0.601278,KGZ,UZB,7373
2236978,121,232,1238,2018.0,865950.0,0.0,2.139149,0.795045,KOR,UZB,7373
2236979,130,232,1238,2018.0,1065688.0,0.0,0.839052,1.5688790000000001,LTU,UZB,7373
2236980,131,232,1238,2018.0,8928.0,0.0,1.098797,1.390282,LUX,UZB,7373
2236981,132,232,1238,2018.0,139765.0,0.0,0.6984560000000001,1.29918,LVA,UZB,7373
2236982,162,232,1238,2018.0,335018.0,0.0,1.060964,1.491808,NLD,UZB,7373
2236983,168,232,1238,2018.0,8108.0,0.0,-0.737637,0.274296,PAK,UZB,7373
2236984,177,232,1238,2018.0,135512.0,0.0,1.1323860000000001,1.1465040000000002,POL,UZB,7373
2236985,185,232,1238,2018.0,1856.0,0.0,1.1458030000000001,1.194413,ROU,UZB,7373
2236986,186,232,1238,2018.0,1140218.0,0.0,-0.079971,0.11098599999999999,RUS,UZB,7373
2236987,219,232,1238,2018.0,21107.0,0.0,-0.802551,-1.154068,TKM,UZB,7373
2236988,224,232,1238,2018.0,1905645.0,1138.0,0.5883510000000001,2.357541,TUR,UZB,7373
2236989,228,232,1238,2018.0,85350.0,0.0,0.3281,1.0037459999999998,UKR,UZB,7373
2236990,231,232,1238,2018.0,21222.0,0.0,1.5527739999999999,0.288577,USA,UZB,7373
2236991,7,239,1238,2018.0,25568.0,6230.0,-0.020214,-0.570049,ARE,VNM,7373
2236992,14,239,1238,2018.0,218682.0,114703.0,-0.5578930000000001,-0.15666300000000002,AUS,VNM,7373
2236993,15,239,1238,2018.0,983773.0,123890.0,1.798687,-0.557271,AUT,VNM,7373
2236994,18,239,1238,2018.0,542941.0,0.0,1.244674,1.1368969999999998,BEL,VNM,7373
2236995,22,239,1238,2018.0,0.0,51130.0,-0.9003549999999999,-1.1066610000000001,BGD,VNM,7373
2236996,32,239,1238,2018.0,5583.0,23193.0,0.166542,0.718965,BRA,VNM,7373
2236997,34,239,1238,2018.0,0.0,39353.0,-0.360468,-0.826729,BRN,VNM,7373
2236998,39,239,1238,2018.0,134172.0,11549.0,0.60854,1.475283,CAN,VNM,7373
2236999,41,239,1238,2018.0,845850.0,1244.0,2.173252,0.861742,CHE,VNM,7373
2237000,43,239,1238,2018.0,94938976.0,198152.0,1.378018,0.513572,CHN,VNM,7373
2237001,45,239,1238,2018.0,0.0,2947.0,-1.2144,-1.0318260000000001,CMR,VNM,7373
2237002,52,239,1238,2018.0,22498.0,0.0,0.27715,0.33261999999999997,CRI,VNM,7373
2237003,59,239,1238,2018.0,132398.0,28599.0,1.8018669999999999,0.022382,CZE,VNM,7373
2237004,61,239,1238,2018.0,154812784.0,9022.0,2.126861,-2.619524,DEU,VNM,7373
2237005,64,239,1238,2018.0,53222.0,0.0,1.094761,1.337348,DNK,VNM,7373
2237006,71,239,1238,2018.0,525166.0,0.0,0.851197,2.261012,ESP,VNM,7373
2237007,74,239,1238,2018.0,541077.0,0.0,1.561518,1.0198450000000001,FIN,VNM,7373
2237008,77,239,1238,2018.0,998532.0,0.0,1.3578540000000001,0.9033700000000001,FRA,VNM,7373
2237009,81,239,1238,2018.0,325276.0,3528.0,1.481442,1.050259,GBR,VNM,7373
2237010,83,239,1238,2018.0,0.0,2907.0,-0.769089,-0.8389200000000001,GHA,VNM,7373
2237011,97,239,1238,2018.0,854657.0,404072.0,0.8625149999999999,1.21001,HKG,VNM,7373
2237012,100,239,1238,2018.0,1851.0,0.0,0.8873559999999999,1.480788,HRV,VNM,7373
2237013,102,239,1238,2018.0,94390.0,0.0,1.6983409999999999,0.693194,HUN,VNM,7373
2237014,103,239,1238,2018.0,28174.0,131327.0,-0.0009939999999999999,1.417371,IDN,VNM,7373
2237015,104,239,1238,2018.0,109467.0,58954.0,0.536561,2.450287,IND,VNM,7373
2237016,106,239,1238,2018.0,0.0,1086.0,1.3647,0.094596,IRL,VNM,7373
2237017,110,239,1238,2018.0,36100.0,0.0,1.205666,1.001693,ISR,VNM,7373
2237018,111,239,1238,2018.0,3347930.0,28327.0,1.4594799999999999,0.05113,ITA,VNM,7373
2237019,114,239,1238,2018.0,20817374.0,3160216.0,2.480327,-0.559793,JPN,VNM,7373
2237020,116,239,1238,2018.0,0.0,2847.0,-0.381632,0.460819,KEN,VNM,7373
2237021,118,239,1238,2018.0,6630.0,133925.0,-0.5513779999999999,-0.598237,KHM,VNM,7373
2237022,121,239,1238,2018.0,60955580.0,122107.0,2.139149,0.795045,KOR,VNM,7373
2237023,123,239,1238,2018.0,0.0,152382.0,-0.60597,-0.479868,LAO,VNM,7373
2237024,138,239,1238,2018.0,259351.0,60855.0,1.272851,0.646359,MEX,VNM,7373
2237025,142,239,1238,2018.0,0.0,5936.0,0.860195,0.281449,MLT,VNM,7373
2237026,143,239,1238,2018.0,0.0,162040.0,-0.9970469999999999,-0.28486,MMR,VNM,7373
2237027,147,239,1238,2018.0,0.0,311812.0,-1.253762,-1.0049,MOZ,VNM,7373
2237028,153,239,1238,2018.0,461502.0,184804.0,1.047185,0.732742,MYS,VNM,7373
2237029,162,239,1238,2018.0,309311.0,0.0,1.060964,1.491808,NLD,VNM,7373
2237030,163,239,1238,2018.0,509712.0,1389.0,0.359254,-0.059994000000000006,NOR,VNM,7373
2237031,166,239,1238,2018.0,0.0,12680.0,0.113398,0.017740000000000002,NZL,VNM,7373
2237032,173,239,1238,2018.0,0.0,13413.0,-0.842934,-0.302396,PER,VNM,7373
2237033,174,239,1238,2018.0,204826.0,961603.0,0.7233649999999999,0.23715300000000003,PHL,VNM,7373
2237034,177,239,1238,2018.0,1297390.0,7461.0,1.1323860000000001,1.1465040000000002,POL,VNM,7373
2237035,179,239,1238,2018.0,22806.0,0.0,0.787381,1.959475,PRT,VNM,7373
2237036,183,239,1238,2018.0,0.0,70797.0,-0.291537,-1.022145,QAT,VNM,7373
2237037,186,239,1238,2018.0,182957.0,0.0,-0.079971,0.11098599999999999,RUS,VNM,7373
2237038,192,239,1238,2018.0,3387004.0,53186.0,1.870268,0.672214,SGP,VNM,7373
2237039,201,239,1238,2018.0,37044.0,0.0,0.665772,1.552409,SRB,VNM,7373
2237040,206,239,1238,2018.0,8638.0,0.0,1.445669,0.9135850000000001,SVK,VNM,7373
2237041,208,239,1238,2018.0,260607.0,0.0,1.7254209999999999,0.638757,SWE,VNM,7373
2237042,216,239,1238,2018.0,3917013.0,198904.0,1.188923,1.264666,THA,VNM,7373
2237043,224,239,1238,2018.0,28150.0,151739.0,0.5883510000000001,2.357541,TUR,VNM,7373
2237044,226,239,1238,2018.0,0.0,6045.0,-0.12971300000000002,1.379649,TZA,VNM,7373
2237045,231,239,1238,2018.0,3973603.0,117285.0,1.5527739999999999,0.288577,USA,VNM,7373
2237046,249,239,1238,2018.0,6872700.0,30267.0,2.0283580000000003,1.1648319999999999,TWN,VNM,7373
2237047,43,13,1238,2018.0,11086.0,0.0,1.378018,0.513572,CHN,ATG,7373
2237048,65,13,1238,2018.0,1033.0,0.0,-0.205988,0.291906,DOM,ATG,7373
2237049,71,13,1238,2018.0,83312.0,0.0,0.851197,2.261012,ESP,ATG,7373
2237050,111,13,1238,2018.0,1043.0,0.0,1.4594799999999999,0.05113,ITA,ATG,7373
2237051,162,13,1238,2018.0,1677.0,0.0,1.060964,1.491808,NLD,ATG,7373
2237052,169,13,1238,2018.0,9113.0,0.0,0.007061,-0.13867100000000002,PAN,ATG,7373
2237053,231,13,1238,2018.0,105851.0,0.0,1.5527739999999999,0.288577,USA,ATG,7373
2237054,2,19,1238,2018.0,10269.0,0.0,-1.6785400000000001,-1.2244030000000001,AGO,BEN,7373
2237055,7,19,1238,2018.0,36611.0,0.0,-0.020214,-0.570049,ARE,BEN,7373
2237056,18,19,1238,2018.0,2512.0,0.0,1.244674,1.1368969999999998,BEL,BEN,7373
2237057,21,19,1238,2018.0,6359.0,0.0,-0.625138,-0.848562,BFA,BEN,7373
2237058,41,19,1238,2018.0,3866.0,0.0,2.173252,0.861742,CHE,BEN,7373
2237059,43,19,1238,2018.0,259259.0,0.0,1.378018,0.513572,CHN,BEN,7373
2237060,44,19,1238,2018.0,19211.0,0.0,-1.021384,-0.898676,CIV,BEN,7373
2237061,47,19,1238,2018.0,5814.0,0.0,-1.614157,-1.177288,COG,BEN,7373
2237062,61,19,1238,2018.0,1121.0,0.0,2.126861,-2.619524,DEU,BEN,7373
2237063,77,19,1238,2018.0,82392.0,6105.0,1.3578540000000001,0.9033700000000001,FRA,BEN,7373
2237064,81,19,1238,2018.0,0.0,14812.0,1.481442,1.050259,GBR,BEN,7373
2237065,104,19,1238,2018.0,2006.0,0.0,0.536561,2.450287,IND,BEN,7373
2237066,111,19,1238,2018.0,249060.0,4251.0,1.4594799999999999,0.05113,ITA,BEN,7373
2237067,124,19,1238,2018.0,15192.0,0.0,0.37832899999999997,1.077452,LBN,BEN,7373
2237068,134,19,1238,2018.0,19676.0,0.0,-0.57445,-0.14461400000000002,MAR,BEN,7373
2237069,148,19,1238,2018.0,0.0,24548.0,-1.219419,-1.2586,MRT,BEN,7373
2237070,215,19,1238,2018.0,3647.0,0.0,-0.681426,-0.7010270000000001,TGO,BEN,7373
2237071,224,19,1238,2018.0,13139.0,0.0,0.5883510000000001,2.357541,TUR,BEN,7373
2237072,249,19,1238,2018.0,4529.0,0.0,2.0283580000000003,1.1648319999999999,TWN,BEN,7373
2237073,7,21,1238,2018.0,7230.0,0.0,-0.020214,-0.570049,ARE,BFA,7373
2237074,14,21,1238,2018.0,2907.0,0.0,-0.5578930000000001,-0.15666300000000002,AUS,BFA,7373
2237075,18,21,1238,2018.0,17171.0,0.0,1.244674,1.1368969999999998,BEL,BFA,7373
2237076,19,21,1238,2018.0,0.0,6359.0,-0.775822,-0.800248,BEN,BFA,7373
2237077,39,21,1238,2018.0,75434.0,2372.0,0.60854,1.475283,CAN,BFA,7373
2237078,43,21,1238,2018.0,34972.0,0.0,1.378018,0.513572,CHN,BFA,7373
2237079,44,21,1238,2018.0,55181.0,0.0,-1.021384,-0.898676,CIV,BFA,7373
2237080,61,21,1238,2018.0,31288.0,0.0,2.126861,-2.619524,DEU,BFA,7373
2237081,64,21,1238,2018.0,2945.0,0.0,1.094761,1.337348,DNK,BFA,7373
2237082,71,21,1238,2018.0,1068.0,0.0,0.851197,2.261012,ESP,BFA,7373
2237083,77,21,1238,2018.0,356317.0,33222.0,1.3578540000000001,0.9033700000000001,FRA,BFA,7373
2237084,81,21,1238,2018.0,13671.0,3462.0,1.481442,1.050259,GBR,BFA,7373
2237085,83,21,1238,2018.0,24199.0,0.0,-0.769089,-0.8389200000000001,GHA,BFA,7373
2237086,97,21,1238,2018.0,2982.0,0.0,0.8625149999999999,1.21001,HKG,BFA,7373
2237087,104,21,1238,2018.0,16038.0,0.0,0.536561,2.450287,IND,BFA,7373
2237088,111,21,1238,2018.0,168215.0,0.0,1.4594799999999999,0.05113,ITA,BFA,7373
2237089,114,21,1238,2018.0,3813.0,0.0,2.480327,-0.559793,JPN,BFA,7373
2237090,134,21,1238,2018.0,35468.0,0.0,-0.57445,-0.14461400000000002,MAR,BFA,7373
2237091,141,21,1238,2018.0,6711.0,0.0,-0.805876,-0.907854,MLI,BFA,7373
2237092,157,21,1238,2018.0,2786.0,3402.0,-0.432568,-0.841635,NER,BFA,7373
2237093,162,21,1238,2018.0,3952.0,0.0,1.060964,1.491808,NLD,BFA,7373
2237094,177,21,1238,2018.0,31511.0,0.0,1.1323860000000001,1.1465040000000002,POL,BFA,7373
2237095,191,21,1238,2018.0,0.0,3656.0,-0.699313,-0.360203,SEN,BFA,7373
2237096,206,21,1238,2018.0,14580.0,0.0,1.445669,0.9135850000000001,SVK,BFA,7373
2237097,224,21,1238,2018.0,35472.0,0.0,0.5883510000000001,2.357541,TUR,BFA,7373
2237098,231,21,1238,2018.0,189295.0,0.0,1.5527739999999999,0.288577,USA,BFA,7373
2237099,246,21,1238,2018.0,99484.0,0.0,-0.053311000000000004,1.45561,ZAF,BFA,7373
2237100,249,21,1238,2018.0,2584.0,0.0,2.0283580000000003,1.1648319999999999,TWN,BFA,7373
2237101,15,25,1238,2018.0,1577.0,0.0,1.798687,-0.557271,AUT,BHS,7373
2237102,41,25,1238,2018.0,3943.0,0.0,2.173252,0.861742,CHE,BHS,7373
2237103,43,25,1238,2018.0,58070.0,0.0,1.378018,0.513572,CHN,BHS,7373
2237104,61,25,1238,2018.0,111861.0,24943.0,2.126861,-2.619524,DEU,BHS,7373
2237105,65,25,1238,2018.0,5722.0,0.0,-0.205988,0.291906,DOM,BHS,7373
2237106,71,25,1238,2018.0,0.0,35306.0,0.851197,2.261012,ESP,BHS,7373
2237107,72,25,1238,2018.0,8530.0,0.0,0.957627,1.294173,EST,BHS,7373
2237108,74,25,1238,2018.0,11739.0,0.0,1.561518,1.0198450000000001,FIN,BHS,7373
2237109,81,25,1238,2018.0,14673.0,0.0,1.481442,1.050259,GBR,BHS,7373
2237110,111,25,1238,2018.0,12928.0,5101.0,1.4594799999999999,0.05113,ITA,BHS,7373
2237111,114,25,1238,2018.0,1128.0,0.0,2.480327,-0.559793,JPN,BHS,7373
2237112,162,25,1238,2018.0,8095.0,0.0,1.060964,1.491808,NLD,BHS,7373
2237113,169,25,1238,2018.0,2361.0,0.0,0.007061,-0.13867100000000002,PAN,BHS,7373
2237114,177,25,1238,2018.0,2735.0,0.0,1.1323860000000001,1.1465040000000002,POL,BHS,7373
2237115,192,25,1238,2018.0,19966.0,24605.0,1.870268,0.672214,SGP,BHS,7373
2237116,231,25,1238,2018.0,1493922.0,371078.0,1.5527739999999999,0.288577,USA,BHS,7373
2237117,250,25,1238,2018.0,5828.0,0.0,0.760441,-0.310861,ANS,BHS,7373
2237118,39,29,1238,2018.0,5667.0,0.0,0.60854,1.475283,CAN,BLZ,7373
2237119,43,29,1238,2018.0,9858.0,0.0,1.378018,0.513572,CHN,BLZ,7373
2237120,49,29,1238,2018.0,3621.0,0.0,0.144073,-0.10276199999999999,COL,BLZ,7373
2237121,93,29,1238,2018.0,27786.0,7512.0,-0.321177,0.6339090000000001,GTM,BLZ,7373
2237122,104,29,1238,2018.0,42637.0,0.0,0.536561,2.450287,IND,BLZ,7373
2237123,121,29,1238,2018.0,4232.0,0.0,2.139149,0.795045,KOR,BLZ,7373
2237124,138,29,1238,2018.0,45812.0,0.0,1.272851,0.646359,MEX,BLZ,7373
2237125,169,29,1238,2018.0,2802.0,0.0,0.007061,-0.13867100000000002,PAN,BLZ,7373
2237126,197,29,1238,2018.0,1067.0,0.0,0.07891799999999999,0.219075,SLV,BLZ,7373
2237127,231,29,1238,2018.0,198515.0,2164.0,1.5527739999999999,0.288577,USA,BLZ,7373
2237128,249,29,1238,2018.0,1017.0,0.0,2.0283580000000003,1.1648319999999999,TWN,BLZ,7373
2237129,43,37,1238,2018.0,126682.0,0.0,1.378018,0.513572,CHN,BWA,7373
2237130,61,37,1238,2018.0,261900.0,0.0,2.126861,-2.619524,DEU,BWA,7373
2237131,71,37,1238,2018.0,10242.0,0.0,0.851197,2.261012,ESP,BWA,7373
2237132,77,37,1238,2018.0,17849.0,0.0,1.3578540000000001,0.9033700000000001,FRA,BWA,7373
2237133,81,37,1238,2018.0,1678.0,0.0,1.481442,1.050259,GBR,BWA,7373
2237134,97,37,1238,2018.0,4098.0,0.0,0.8625149999999999,1.21001,HKG,BWA,7373
2237135,104,37,1238,2018.0,81499.0,0.0,0.536561,2.450287,IND,BWA,7373
2237136,114,37,1238,2018.0,1620.0,0.0,2.480327,-0.559793,JPN,BWA,7373
2237137,121,37,1238,2018.0,1876.0,0.0,2.139149,0.795045,KOR,BWA,7373
2237138,155,37,1238,2018.0,0.0,3119.0,-0.45412600000000003,-0.673077,NAM,BWA,7373
2237139,226,37,1238,2018.0,5325.0,0.0,-0.12971300000000002,1.379649,TZA,BWA,7373
2237140,231,37,1238,2018.0,1324.0,0.0,1.5527739999999999,0.288577,USA,BWA,7373
2237141,246,37,1238,2018.0,730386.0,101249.0,-0.053311000000000004,1.45561,ZAF,BWA,7373
2237142,248,37,1238,2018.0,0.0,4642.0,-1.071621,-1.112033,ZWE,BWA,7373
2237143,2,44,1238,2018.0,0.0,3500.0,-1.6785400000000001,-1.2244030000000001,AGO,CIV,7373
2237144,7,44,1238,2018.0,153142.0,0.0,-0.020214,-0.570049,ARE,CIV,7373
2237145,14,44,1238,2018.0,108433.0,0.0,-0.5578930000000001,-0.15666300000000002,AUS,CIV,7373
2237146,15,44,1238,2018.0,52651.0,0.0,1.798687,-0.557271,AUT,CIV,7373
2237147,18,44,1238,2018.0,19755.0,0.0,1.244674,1.1368969999999998,BEL,CIV,7373
2237148,19,44,1238,2018.0,0.0,19211.0,-0.775822,-0.800248,BEN,CIV,7373
2237149,21,44,1238,2018.0,0.0,55181.0,-0.625138,-0.848562,BFA,CIV,7373
2237150,32,44,1238,2018.0,6379.0,0.0,0.166542,0.718965,BRA,CIV,7373
2237151,39,44,1238,2018.0,1937.0,0.0,0.60854,1.475283,CAN,CIV,7373
2237152,41,44,1238,2018.0,182950.0,0.0,2.173252,0.861742,CHE,CIV,7373
2237153,43,44,1238,2018.0,568109.0,0.0,1.378018,0.513572,CHN,CIV,7373
2237154,45,44,1238,2018.0,0.0,6351.0,-1.2144,-1.0318260000000001,CMR,CIV,7373
2237155,59,44,1238,2018.0,25468.0,0.0,1.8018669999999999,0.022382,CZE,CIV,7373
2237156,61,44,1238,2018.0,272401.0,0.0,2.126861,-2.619524,DEU,CIV,7373
2237157,64,44,1238,2018.0,1019.0,0.0,1.094761,1.337348,DNK,CIV,7373
2237158,71,44,1238,2018.0,25381.0,24814.0,0.851197,2.261012,ESP,CIV,7373
2237159,73,44,1238,2018.0,2038.0,0.0,-0.663343,-0.384372,ETH,CIV,7373
2237160,74,44,1238,2018.0,8426.0,0.0,1.561518,1.0198450000000001,FIN,CIV,7373
2237161,77,44,1238,2018.0,1125570.0,0.0,1.3578540000000001,0.9033700000000001,FRA,CIV,7373
2237162,81,44,1238,2018.0,76989.0,0.0,1.481442,1.050259,GBR,CIV,7373
2237163,83,44,1238,2018.0,2970.0,2173.0,-0.769089,-0.8389200000000001,GHA,CIV,7373
2237164,85,44,1238,2018.0,0.0,9151.0,-1.3262909999999999,-1.237056,GIN,CIV,7373
2237165,100,44,1238,2018.0,5721.0,0.0,0.8873559999999999,1.480788,HRV,CIV,7373
2237166,104,44,1238,2018.0,28621.0,0.0,0.536561,2.450287,IND,CIV,7373
2237167,111,44,1238,2018.0,489827.0,29369.0,1.4594799999999999,0.05113,ITA,CIV,7373
2237168,114,44,1238,2018.0,87771.0,1204.0,2.480327,-0.559793,JPN,CIV,7373
2237169,124,44,1238,2018.0,7488.0,0.0,0.37832899999999997,1.077452,LBN,CIV,7373
2237170,134,44,1238,2018.0,19304.0,0.0,-0.57445,-0.14461400000000002,MAR,CIV,7373
2237171,141,44,1238,2018.0,0.0,4842.0,-0.805876,-0.907854,MLI,CIV,7373
2237172,157,44,1238,2018.0,0.0,7720.0,-0.432568,-0.841635,NER,CIV,7373
2237173,159,44,1238,2018.0,30504.0,0.0,-1.839074,-1.29837,NGA,CIV,7373
2237174,162,44,1238,2018.0,67279.0,0.0,1.060964,1.491808,NLD,CIV,7373
2237175,163,44,1238,2018.0,2916.0,0.0,0.359254,-0.059994000000000006,NOR,CIV,7373
2237176,177,44,1238,2018.0,133387.0,0.0,1.1323860000000001,1.1465040000000002,POL,CIV,7373
2237177,179,44,1238,2018.0,96209.0,0.0,0.787381,1.959475,PRT,CIV,7373
2237178,188,44,1238,2018.0,2353.0,0.0,0.600485,-0.450466,SAU,CIV,7373
2237179,192,44,1238,2018.0,1681.0,0.0,1.870268,0.672214,SGP,CIV,7373
2237180,196,44,1238,2018.0,0.0,13061.0,-0.17023,-0.25755700000000004,SLE,CIV,7373
2237181,206,44,1238,2018.0,27204.0,0.0,1.445669,0.9135850000000001,SVK,CIV,7373
2237182,215,44,1238,2018.0,0.0,1756.0,-0.681426,-0.7010270000000001,TGO,CIV,7373
2237183,216,44,1238,2018.0,12273.0,0.0,1.188923,1.264666,THA,CIV,7373
2237184,224,44,1238,2018.0,243908.0,0.0,0.5883510000000001,2.357541,TUR,CIV,7373
2237185,231,44,1238,2018.0,58186.0,0.0,1.5527739999999999,0.288577,USA,CIV,7373
2237186,246,44,1238,2018.0,68648.0,4041.0,-0.053311000000000004,1.45561,ZAF,CIV,7373
2237187,249,44,1238,2018.0,1473.0,0.0,2.0283580000000003,1.1648319999999999,TWN,CIV,7373
2237188,250,44,1238,2018.0,0.0,7641.0,0.760441,-0.310861,ANS,CIV,7373
2237189,7,45,1238,2018.0,13106.0,0.0,-0.020214,-0.570049,ARE,CMR,7373
2237190,18,45,1238,2018.0,37463.0,0.0,1.244674,1.1368969999999998,BEL,CMR,7373
2237191,32,45,1238,2018.0,2924.0,0.0,0.166542,0.718965,BRA,CMR,7373
2237192,39,45,1238,2018.0,5061.0,0.0,0.60854,1.475283,CAN,CMR,7373
2237193,41,45,1238,2018.0,4311.0,0.0,2.173252,0.861742,CHE,CMR,7373
2237194,43,45,1238,2018.0,680500.0,0.0,1.378018,0.513572,CHN,CMR,7373
2237195,44,45,1238,2018.0,6351.0,0.0,-1.021384,-0.898676,CIV,CMR,7373
2237196,47,45,1238,2018.0,10368.0,1360.0,-1.614157,-1.177288,COG,CMR,7373
2237197,61,45,1238,2018.0,21866.0,0.0,2.126861,-2.619524,DEU,CMR,7373
2237198,71,45,1238,2018.0,36654.0,0.0,0.851197,2.261012,ESP,CMR,7373
2237199,77,45,1238,2018.0,646480.0,0.0,1.3578540000000001,0.9033700000000001,FRA,CMR,7373
2237200,81,45,1238,2018.0,8521.0,0.0,1.481442,1.050259,GBR,CMR,7373
2237201,97,45,1238,2018.0,21779.0,0.0,0.8625149999999999,1.21001,HKG,CMR,7373
2237202,104,45,1238,2018.0,37545.0,0.0,0.536561,2.450287,IND,CMR,7373
2237203,111,45,1238,2018.0,293092.0,9642.0,1.4594799999999999,0.05113,ITA,CMR,7373
2237204,121,45,1238,2018.0,2642.0,0.0,2.139149,0.795045,KOR,CMR,7373
2237205,124,45,1238,2018.0,15634.0,0.0,0.37832899999999997,1.077452,LBN,CMR,7373
2237206,153,45,1238,2018.0,0.0,4155.0,1.047185,0.732742,MYS,CMR,7373
2237207,155,45,1238,2018.0,24939.0,0.0,-0.45412600000000003,-0.673077,NAM,CMR,7373
2237208,162,45,1238,2018.0,20453.0,0.0,1.060964,1.491808,NLD,CMR,7373
2237209,177,45,1238,2018.0,55476.0,0.0,1.1323860000000001,1.1465040000000002,POL,CMR,7373
2237210,179,45,1238,2018.0,23089.0,0.0,0.787381,1.959475,PRT,CMR,7373
2237211,182,45,1238,2018.0,13454.0,0.0,-0.167505,-0.7041350000000001,PYF,CMR,7373
2237212,206,45,1238,2018.0,8379.0,0.0,1.445669,0.9135850000000001,SVK,CMR,7373
2237213,208,45,1238,2018.0,16670.0,0.0,1.7254209999999999,0.638757,SWE,CMR,7373
2237214,224,45,1238,2018.0,47263.0,0.0,0.5883510000000001,2.357541,TUR,CMR,7373
2237215,231,45,1238,2018.0,52016.0,8083.0,1.5527739999999999,0.288577,USA,CMR,7373
2237216,239,45,1238,2018.0,2947.0,0.0,0.111848,0.915842,VNM,CMR,7373
2237217,246,45,1238,2018.0,35011.0,0.0,-0.053311000000000004,1.45561,ZAF,CMR,7373
2237218,2,46,1238,2018.0,1052.0,0.0,-1.6785400000000001,-1.2244030000000001,AGO,COD,7373
2237219,7,46,1238,2018.0,126926.0,0.0,-0.020214,-0.570049,ARE,COD,7373
2237220,15,46,1238,2018.0,0.0,8925.0,1.798687,-0.557271,AUT,COD,7373
2237221,18,46,1238,2018.0,99232.0,0.0,1.244674,1.1368969999999998,BEL,COD,7373
2237222,22,46,1238,2018.0,4061.0,0.0,-0.9003549999999999,-1.1066610000000001,BGD,COD,7373
2237223,41,46,1238,2018.0,8162.0,0.0,2.173252,0.861742,CHE,COD,7373
2237224,43,46,1238,2018.0,1150278.0,0.0,1.378018,0.513572,CHN,COD,7373
2237225,47,46,1238,2018.0,0.0,1869.0,-1.614157,-1.177288,COG,COD,7373
2237226,61,46,1238,2018.0,26704.0,1059.0,2.126861,-2.619524,DEU,COD,7373
2237227,77,46,1238,2018.0,45733.0,0.0,1.3578540000000001,0.9033700000000001,FRA,COD,7373
2237228,81,46,1238,2018.0,30937.0,0.0,1.481442,1.050259,GBR,COD,7373
2237229,97,46,1238,2018.0,4684.0,0.0,0.8625149999999999,1.21001,HKG,COD,7373
2237230,100,46,1238,2018.0,10132.0,0.0,0.8873559999999999,1.480788,HRV,COD,7373
2237231,104,46,1238,2018.0,159361.0,0.0,0.536561,2.450287,IND,COD,7373
2237232,111,46,1238,2018.0,188611.0,2439.0,1.4594799999999999,0.05113,ITA,COD,7373
2237233,114,46,1238,2018.0,25588.0,0.0,2.480327,-0.559793,JPN,COD,7373
2237234,116,46,1238,2018.0,1797.0,0.0,-0.381632,0.460819,KEN,COD,7373
2237235,121,46,1238,2018.0,2438.0,0.0,2.139149,0.795045,KOR,COD,7373
2237236,138,46,1238,2018.0,2115.0,0.0,1.272851,0.646359,MEX,COD,7373
2237237,153,46,1238,2018.0,23664.0,0.0,1.047185,0.732742,MYS,COD,7373
2237238,177,46,1238,2018.0,5187.0,0.0,1.1323860000000001,1.1465040000000002,POL,COD,7373
2237239,187,46,1238,2018.0,8915.0,0.0,-0.48781199999999997,-0.741734,RWA,COD,7373
2237240,188,46,1238,2018.0,1369.0,0.0,0.600485,-0.450466,SAU,COD,7373
2237241,192,46,1238,2018.0,1330.0,0.0,1.870268,0.672214,SGP,COD,7373
2237242,224,46,1238,2018.0,10312.0,0.0,0.5883510000000001,2.357541,TUR,COD,7373
2237243,226,46,1238,2018.0,3693.0,0.0,-0.12971300000000002,1.379649,TZA,COD,7373
2237244,231,46,1238,2018.0,11306.0,0.0,1.5527739999999999,0.288577,USA,COD,7373
2237245,246,46,1238,2018.0,2102623.0,2155.0,-0.053311000000000004,1.45561,ZAF,COD,7373
2237246,247,46,1238,2018.0,38921.0,7635.0,-0.8302510000000001,-0.932916,ZMB,COD,7373
2237247,249,46,1238,2018.0,5134.0,0.0,2.0283580000000003,1.1648319999999999,TWN,COD,7373
2237248,2,47,1238,2018.0,1260.0,0.0,-1.6785400000000001,-1.2244030000000001,AGO,COG,7373
2237249,7,47,1238,2018.0,16162.0,5756.0,-0.020214,-0.570049,ARE,COG,7373
2237250,18,47,1238,2018.0,10768.0,0.0,1.244674,1.1368969999999998,BEL,COG,7373
2237251,19,47,1238,2018.0,0.0,5814.0,-0.775822,-0.800248,BEN,COG,7373
2237252,39,47,1238,2018.0,1692.0,0.0,0.60854,1.475283,CAN,COG,7373
2237253,43,47,1238,2018.0,65456.0,0.0,1.378018,0.513572,CHN,COG,7373
2237254,45,47,1238,2018.0,1360.0,10368.0,-1.2144,-1.0318260000000001,CMR,COG,7373
2237255,46,47,1238,2018.0,1869.0,0.0,-1.704339,-1.211619,COD,COG,7373
2237256,61,47,1238,2018.0,3403.0,14946.0,2.126861,-2.619524,DEU,COG,7373
2237257,71,47,1238,2018.0,1746.0,0.0,0.851197,2.261012,ESP,COG,7373
2237258,77,47,1238,2018.0,172890.0,1093.0,1.3578540000000001,0.9033700000000001,FRA,COG,7373
2237259,81,47,1238,2018.0,3394.0,21295.0,1.481442,1.050259,GBR,COG,7373
2237260,104,47,1238,2018.0,64569.0,0.0,0.536561,2.450287,IND,COG,7373
2237261,111,47,1238,2018.0,37843.0,0.0,1.4594799999999999,0.05113,ITA,COG,7373
2237262,124,47,1238,2018.0,32328.0,0.0,0.37832899999999997,1.077452,LBN,COG,7373
2237263,134,47,1238,2018.0,16759.0,0.0,-0.57445,-0.14461400000000002,MAR,COG,7373
2237264,143,47,1238,2018.0,0.0,17722.0,-0.9970469999999999,-0.28486,MMR,COG,7373
2237265,179,47,1238,2018.0,5211.0,0.0,0.787381,1.959475,PRT,COG,7373
2237266,192,47,1238,2018.0,1824.0,0.0,1.870268,0.672214,SGP,COG,7373
2237267,224,47,1238,2018.0,29195.0,0.0,0.5883510000000001,2.357541,TUR,COG,7373
2237268,231,47,1238,2018.0,20373.0,0.0,1.5527739999999999,0.288577,USA,COG,7373
2237269,43,51,1238,2018.0,15688.0,0.0,1.378018,0.513572,CHN,CPV,7373
2237270,59,51,1238,2018.0,3429.0,0.0,1.8018669999999999,0.022382,CZE,CPV,7373
2237271,61,51,1238,2018.0,24079.0,0.0,2.126861,-2.619524,DEU,CPV,7373
2237272,71,51,1238,2018.0,32520.0,0.0,0.851197,2.261012,ESP,CPV,7373
2237273,111,51,1238,2018.0,1248.0,0.0,1.4594799999999999,0.05113,ITA,CPV,7373
2237274,114,51,1238,2018.0,1873.0,0.0,2.480327,-0.559793,JPN,CPV,7373
2237275,179,51,1238,2018.0,137031.0,2061.0,0.787381,1.959475,PRT,CPV,7373
2237276,250,51,1238,2018.0,3995.0,0.0,0.760441,-0.310861,ANS,CPV,7373
2237277,15,54,1238,2018.0,834130.0,0.0,1.798687,-0.557271,AUT,CUB,7373
2237278,32,54,1238,2018.0,6445.0,0.0,0.166542,0.718965,BRA,CUB,7373
2237279,39,54,1238,2018.0,312822.0,0.0,0.60854,1.475283,CAN,CUB,7373
2237280,43,54,1238,2018.0,1108993.0,0.0,1.378018,0.513572,CHN,CUB,7373
2237281,61,54,1238,2018.0,37060.0,0.0,2.126861,-2.619524,DEU,CUB,7373
2237282,65,54,1238,2018.0,6597.0,0.0,-0.205988,0.291906,DOM,CUB,7373
2237283,71,54,1238,2018.0,4098712.0,0.0,0.851197,2.261012,ESP,CUB,7373
2237284,72,54,1238,2018.0,7118.0,0.0,0.957627,1.294173,EST,CUB,7373
2237285,77,54,1238,2018.0,1170.0,0.0,1.3578540000000001,0.9033700000000001,FRA,CUB,7373
2237286,111,54,1238,2018.0,407009.0,0.0,1.4594799999999999,0.05113,ITA,CUB,7373
2237287,138,54,1238,2018.0,990208.0,0.0,1.272851,0.646359,MEX,CUB,7373
2237288,162,54,1238,2018.0,15094.0,0.0,1.060964,1.491808,NLD,CUB,7373
2237289,186,54,1238,2018.0,31134.0,0.0,-0.079971,0.11098599999999999,RUS,CUB,7373
2237290,206,54,1238,2018.0,141059.0,0.0,1.445669,0.9135850000000001,SVK,CUB,7373
2237291,231,57,1238,2018.0,95468.0,0.0,1.5527739999999999,0.288577,USA,CYM,7373
2237292,7,62,1238,2018.0,91577.0,0.0,-0.020214,-0.570049,ARE,DJI,7373
2237293,41,62,1238,2018.0,22257.0,0.0,2.173252,0.861742,CHE,DJI,7373
2237294,43,62,1238,2018.0,423901.0,0.0,1.378018,0.513572,CHN,DJI,7373
2237295,61,62,1238,2018.0,4818.0,0.0,2.126861,-2.619524,DEU,DJI,7373
2237296,77,62,1238,2018.0,60371.0,0.0,1.3578540000000001,0.9033700000000001,FRA,DJI,7373
2237297,104,62,1238,2018.0,1826.0,0.0,0.536561,2.450287,IND,DJI,7373
2237298,107,62,1238,2018.0,7630.0,0.0,-0.290723,-0.430805,IRN,DJI,7373
2237299,124,62,1238,2018.0,3161.0,0.0,0.37832899999999997,1.077452,LBN,DJI,7373
2237300,206,62,1238,2018.0,0.0,3807.0,1.445669,0.9135850000000001,SVK,DJI,7373
2237301,231,62,1238,2018.0,2550.0,0.0,1.5527739999999999,0.288577,USA,DJI,7373
2237302,246,62,1238,2018.0,5660.0,0.0,-0.053311000000000004,1.45561,ZAF,DJI,7373
2237303,7,66,1238,2018.0,53837.0,0.0,-0.020214,-0.570049,ARE,DZA,7373
2237304,15,66,1238,2018.0,43916.0,0.0,1.798687,-0.557271,AUT,DZA,7373
2237305,18,66,1238,2018.0,85110.0,0.0,1.244674,1.1368969999999998,BEL,DZA,7373
2237306,23,66,1238,2018.0,211329.0,0.0,0.516917,1.915288,BGR,DZA,7373
2237307,39,66,1238,2018.0,459298.0,0.0,0.60854,1.475283,CAN,DZA,7373
2237308,41,66,1238,2018.0,2264654.0,0.0,2.173252,0.861742,CHE,DZA,7373
2237309,43,66,1238,2018.0,6550012.0,0.0,1.378018,0.513572,CHN,DZA,7373
2237310,59,66,1238,2018.0,661368.0,0.0,1.8018669999999999,0.022382,CZE,DZA,7373
2237311,61,66,1238,2018.0,2383436.0,12865.0,2.126861,-2.619524,DEU,DZA,7373
2237312,71,66,1238,2018.0,792488.0,0.0,0.851197,2.261012,ESP,DZA,7373
2237313,74,66,1238,2018.0,180626.0,0.0,1.561518,1.0198450000000001,FIN,DZA,7373
2237314,77,66,1238,2018.0,5586756.0,0.0,1.3578540000000001,0.9033700000000001,FRA,DZA,7373
2237315,81,66,1238,2018.0,6088.0,0.0,1.481442,1.050259,GBR,DZA,7373
2237316,90,66,1238,2018.0,103951.0,0.0,0.069841,0.922895,GRC,DZA,7373
2237317,97,66,1238,2018.0,77875.0,0.0,0.8625149999999999,1.21001,HKG,DZA,7373
2237318,104,66,1238,2018.0,5220.0,0.0,0.536561,2.450287,IND,DZA,7373
2237319,111,66,1238,2018.0,4118492.0,279156.0,1.4594799999999999,0.05113,ITA,DZA,7373
2237320,114,66,1238,2018.0,347803.0,0.0,2.480327,-0.559793,JPN,DZA,7373
2237321,121,66,1238,2018.0,923011.0,0.0,2.139149,0.795045,KOR,DZA,7373
2237322,134,66,1238,2018.0,3310.0,0.0,-0.57445,-0.14461400000000002,MAR,DZA,7373
2237323,162,66,1238,2018.0,32286.0,0.0,1.060964,1.491808,NLD,DZA,7373
2237324,163,66,1238,2018.0,32782.0,0.0,0.359254,-0.059994000000000006,NOR,DZA,7373
2237325,167,66,1238,2018.0,1850.0,0.0,-0.513727,-0.9944280000000001,OMN,DZA,7373
2237326,177,66,1238,2018.0,573294.0,0.0,1.1323860000000001,1.1465040000000002,POL,DZA,7373
2237327,179,66,1238,2018.0,157405.0,0.0,0.787381,1.959475,PRT,DZA,7373
2237328,208,66,1238,2018.0,28208.0,0.0,1.7254209999999999,0.638757,SWE,DZA,7373
2237329,223,66,1238,2018.0,312508.0,0.0,0.39611799999999997,1.252702,TUN,DZA,7373
2237330,224,66,1238,2018.0,3195947.0,35722.0,0.5883510000000001,2.357541,TUR,DZA,7373
2237331,231,66,1238,2018.0,3175462.0,0.0,1.5527739999999999,0.288577,USA,DZA,7373
2237332,246,66,1238,2018.0,63906.0,0.0,-0.053311000000000004,1.45561,ZAF,DZA,7373
2237333,249,66,1238,2018.0,297872.0,0.0,2.0283580000000003,1.1648319999999999,TWN,DZA,7373
2237334,7,80,1238,2018.0,37901.0,0.0,-0.020214,-0.570049,ARE,GAB,7373
2237335,18,80,1238,2018.0,2991.0,0.0,1.244674,1.1368969999999998,BEL,GAB,7373
2237336,43,80,1238,2018.0,79012.0,0.0,1.378018,0.513572,CHN,GAB,7373
2237337,77,80,1238,2018.0,658675.0,0.0,1.3578540000000001,0.9033700000000001,FRA,GAB,7373
2237338,83,80,1238,2018.0,0.0,3608.0,-0.769089,-0.8389200000000001,GHA,GAB,7373
2237339,104,80,1238,2018.0,30839.0,0.0,0.536561,2.450287,IND,GAB,7373
2237340,106,80,1238,2018.0,0.0,6355.0,1.3647,0.094596,IRL,GAB,7373
2237341,111,80,1238,2018.0,56737.0,0.0,1.4594799999999999,0.05113,ITA,GAB,7373
2237342,121,80,1238,2018.0,17691.0,0.0,2.139149,0.795045,KOR,GAB,7373
2237343,124,80,1238,2018.0,1074.0,0.0,0.37832899999999997,1.077452,LBN,GAB,7373
2237344,134,80,1238,2018.0,3293.0,0.0,-0.57445,-0.14461400000000002,MAR,GAB,7373
2237345,177,80,1238,2018.0,17448.0,0.0,1.1323860000000001,1.1465040000000002,POL,GAB,7373
2237346,179,80,1238,2018.0,1035.0,0.0,0.787381,1.959475,PRT,GAB,7373
2237347,192,80,1238,2018.0,1392.0,0.0,1.870268,0.672214,SGP,GAB,7373
2237348,231,80,1238,2018.0,61860.0,0.0,1.5527739999999999,0.288577,USA,GAB,7373
2237349,246,80,1238,2018.0,17300.0,0.0,-0.053311000000000004,1.45561,ZAF,GAB,7373
2237350,2,83,1238,2018.0,4917.0,0.0,-1.6785400000000001,-1.2244030000000001,AGO,GHA,7373
2237351,7,83,1238,2018.0,463139.0,0.0,-0.020214,-0.570049,ARE,GHA,7373
2237352,14,83,1238,2018.0,240872.0,0.0,-0.5578930000000001,-0.15666300000000002,AUS,GHA,7373
2237353,15,83,1238,2018.0,19052.0,0.0,1.798687,-0.557271,AUT,GHA,7373
2237354,18,83,1238,2018.0,22348.0,0.0,1.244674,1.1368969999999998,BEL,GHA,7373
2237355,21,83,1238,2018.0,0.0,24199.0,-0.625138,-0.848562,BFA,GHA,7373
2237356,39,83,1238,2018.0,37644.0,0.0,0.60854,1.475283,CAN,GHA,7373
2237357,41,83,1238,2018.0,117616.0,0.0,2.173252,0.861742,CHE,GHA,7373
2237358,43,83,1238,2018.0,1730932.0,0.0,1.378018,0.513572,CHN,GHA,7373
2237359,44,83,1238,2018.0,2173.0,2970.0,-1.021384,-0.898676,CIV,GHA,7373
2237360,59,83,1238,2018.0,19594.0,0.0,1.8018669999999999,0.022382,CZE,GHA,7373
2237361,61,83,1238,2018.0,220612.0,2257.0,2.126861,-2.619524,DEU,GHA,7373
2237362,64,83,1238,2018.0,16939.0,0.0,1.094761,1.337348,DNK,GHA,7373
2237363,71,83,1238,2018.0,110188.0,0.0,0.851197,2.261012,ESP,GHA,7373
2237364,72,83,1238,2018.0,1496.0,0.0,0.957627,1.294173,EST,GHA,7373
2237365,77,83,1238,2018.0,642059.0,1139.0,1.3578540000000001,0.9033700000000001,FRA,GHA,7373
2237366,80,83,1238,2018.0,3608.0,0.0,-1.4532129999999999,-1.155702,GAB,GHA,7373
2237367,81,83,1238,2018.0,146259.0,0.0,1.481442,1.050259,GBR,GHA,7373
2237368,97,83,1238,2018.0,22106.0,0.0,0.8625149999999999,1.21001,HKG,GHA,7373
2237369,103,83,1238,2018.0,29955.0,0.0,-0.0009939999999999999,1.417371,IDN,GHA,7373
2237370,104,83,1238,2018.0,698242.0,0.0,0.536561,2.450287,IND,GHA,7373
2237371,105,83,1238,2018.0,2515.0,0.0,0.931341,-0.063559,IOT,GHA,7373
2237372,106,83,1238,2018.0,2536.0,0.0,1.3647,0.094596,IRL,GHA,7373
2237373,110,83,1238,2018.0,37165.0,2415.0,1.205666,1.001693,ISR,GHA,7373
2237374,111,83,1238,2018.0,438169.0,12017.0,1.4594799999999999,0.05113,ITA,GHA,7373
2237375,114,83,1238,2018.0,43231.0,0.0,2.480327,-0.559793,JPN,GHA,7373
2237376,124,83,1238,2018.0,9309.0,0.0,0.37832899999999997,1.077452,LBN,GHA,7373
2237377,125,83,1238,2018.0,31625.0,0.0,-1.081874,-1.105082,LBR,GHA,7373
2237378,153,83,1238,2018.0,14973.0,0.0,1.047185,0.732742,MYS,GHA,7373
2237379,162,83,1238,2018.0,47391.0,0.0,1.060964,1.491808,NLD,GHA,7373
2237380,163,83,1238,2018.0,191854.0,0.0,0.359254,-0.059994000000000006,NOR,GHA,7373
2237381,177,83,1238,2018.0,1627.0,0.0,1.1323860000000001,1.1465040000000002,POL,GHA,7373
2237382,188,83,1238,2018.0,63471.0,0.0,0.600485,-0.450466,SAU,GHA,7373
2237383,192,83,1238,2018.0,68103.0,0.0,1.870268,0.672214,SGP,GHA,7373
2237384,215,83,1238,2018.0,15113.0,0.0,-0.681426,-0.7010270000000001,TGO,GHA,7373
2237385,224,83,1238,2018.0,21427.0,0.0,0.5883510000000001,2.357541,TUR,GHA,7373
2237386,231,83,1238,2018.0,444598.0,0.0,1.5527739999999999,0.288577,USA,GHA,7373
2237387,239,83,1238,2018.0,2907.0,0.0,0.111848,0.915842,VNM,GHA,7373
2237388,246,83,1238,2018.0,129462.0,0.0,-0.053311000000000004,1.45561,ZAF,GHA,7373
2237389,61,84,1238,2018.0,5087.0,2360.0,2.126861,-2.619524,DEU,GIB,7373
2237390,71,84,1238,2018.0,45751.0,0.0,0.851197,2.261012,ESP,GIB,7373
2237391,81,84,1238,2018.0,3737.0,0.0,1.481442,1.050259,GBR,GIB,7373
2237392,7,85,1238,2018.0,32273.0,0.0,-0.020214,-0.570049,ARE,GIN,7373
2237393,18,85,1238,2018.0,14770.0,0.0,1.244674,1.1368969999999998,BEL,GIN,7373
2237394,39,85,1238,2018.0,91654.0,0.0,0.60854,1.475283,CAN,GIN,7373
2237395,43,85,1238,2018.0,211641.0,0.0,1.378018,0.513572,CHN,GIN,7373
2237396,44,85,1238,2018.0,9151.0,0.0,-1.021384,-0.898676,CIV,GIN,7373
2237397,61,85,1238,2018.0,12445.0,0.0,2.126861,-2.619524,DEU,GIN,7373
2237398,71,85,1238,2018.0,28908.0,0.0,0.851197,2.261012,ESP,GIN,7373
2237399,77,85,1238,2018.0,131077.0,0.0,1.3578540000000001,0.9033700000000001,FRA,GIN,7373
2237400,104,85,1238,2018.0,80063.0,0.0,0.536561,2.450287,IND,GIN,7373
2237401,111,85,1238,2018.0,40665.0,0.0,1.4594799999999999,0.05113,ITA,GIN,7373
2237402,124,85,1238,2018.0,9581.0,0.0,0.37832899999999997,1.077452,LBN,GIN,7373
2237403,134,85,1238,2018.0,11207.0,0.0,-0.57445,-0.14461400000000002,MAR,GIN,7373
2237404,162,85,1238,2018.0,1579.0,0.0,1.060964,1.491808,NLD,GIN,7373
2237405,179,85,1238,2018.0,20823.0,5191.0,0.787381,1.959475,PRT,GIN,7373
2237406,185,85,1238,2018.0,24887.0,0.0,1.1458030000000001,1.194413,ROU,GIN,7373
2237407,186,85,1238,2018.0,4119.0,0.0,-0.079971,0.11098599999999999,RUS,GIN,7373
2237408,191,85,1238,2018.0,26589.0,0.0,-0.699313,-0.360203,SEN,GIN,7373
2237409,223,85,1238,2018.0,1140.0,0.0,0.39611799999999997,1.252702,TUN,GIN,7373
2237410,224,85,1238,2018.0,38372.0,0.0,0.5883510000000001,2.357541,TUR,GIN,7373
2237411,231,85,1238,2018.0,28100.0,0.0,1.5527739999999999,0.288577,USA,GIN,7373
2237412,246,85,1238,2018.0,49297.0,0.0,-0.053311000000000004,1.45561,ZAF,GIN,7373
2237413,249,85,1238,2018.0,13379.0,0.0,2.0283580000000003,1.1648319999999999,TWN,GIN,7373
2237414,2,89,1238,2018.0,0.0,11298.0,-1.6785400000000001,-1.2244030000000001,AGO,GNQ,7373
2237415,43,89,1238,2018.0,23393.0,0.0,1.378018,0.513572,CHN,GNQ,7373
2237416,71,89,1238,2018.0,12241.0,0.0,0.851197,2.261012,ESP,GNQ,7373
2237417,81,89,1238,2018.0,6448.0,0.0,1.481442,1.050259,GBR,GNQ,7373
2237418,124,89,1238,2018.0,1291.0,0.0,0.37832899999999997,1.077452,LBN,GNQ,7373
2237419,162,89,1238,2018.0,34858.0,0.0,1.060964,1.491808,NLD,GNQ,7373
2237420,179,89,1238,2018.0,34847.0,0.0,0.787381,1.959475,PRT,GNQ,7373
2237421,228,89,1238,2018.0,3965.0,0.0,0.3281,1.0037459999999998,UKR,GNQ,7373
2237422,231,89,1238,2018.0,118150.0,0.0,1.5527739999999999,0.288577,USA,GNQ,7373
2237423,14,109,1238,2018.0,0.0,1340.0,-0.5578930000000001,-0.15666300000000002,AUS,ISL,7373
2237424,15,109,1238,2018.0,357698.0,135351.0,1.798687,-0.557271,AUT,ISL,7373
2237425,18,109,1238,2018.0,74823.0,6130.0,1.244674,1.1368969999999998,BEL,ISL,7373
2237426,41,109,1238,2018.0,24214.0,4669.0,2.173252,0.861742,CHE,ISL,7373
2237427,43,109,1238,2018.0,109067.0,0.0,1.378018,0.513572,CHN,ISL,7373
2237428,59,109,1238,2018.0,89102.0,0.0,1.8018669999999999,0.022382,CZE,ISL,7373
2237429,61,109,1238,2018.0,341616.0,122714.0,2.126861,-2.619524,DEU,ISL,7373
2237430,64,109,1238,2018.0,206601.0,0.0,1.094761,1.337348,DNK,ISL,7373
2237431,74,109,1238,2018.0,339025.0,0.0,1.561518,1.0198450000000001,FIN,ISL,7373
2237432,77,109,1238,2018.0,44735.0,0.0,1.3578540000000001,0.9033700000000001,FRA,ISL,7373
2237433,78,109,1238,2018.0,11049.0,51110.0,-1.2035120000000001,-1.0473700000000001,FRO,ISL,7373
2237434,81,109,1238,2018.0,104880.0,0.0,1.481442,1.050259,GBR,ISL,7373
2237435,104,109,1238,2018.0,2489.0,0.0,0.536561,2.450287,IND,ISL,7373
2237436,106,109,1238,2018.0,1771.0,0.0,1.3647,0.094596,IRL,ISL,7373
2237437,111,109,1238,2018.0,77688.0,0.0,1.4594799999999999,0.05113,ITA,ISL,7373
2237438,114,109,1238,2018.0,58475.0,0.0,2.480327,-0.559793,JPN,ISL,7373
2237439,123,109,1238,2018.0,7490.0,0.0,-0.60597,-0.479868,LAO,ISL,7373
2237440,130,109,1238,2018.0,15511.0,0.0,0.839052,1.5688790000000001,LTU,ISL,7373
2237441,138,109,1238,2018.0,1463.0,0.0,1.272851,0.646359,MEX,ISL,7373
2237442,162,109,1238,2018.0,464234.0,0.0,1.060964,1.491808,NLD,ISL,7373
2237443,163,109,1238,2018.0,12870.0,0.0,0.359254,-0.059994000000000006,NOR,ISL,7373
2237444,177,109,1238,2018.0,59824.0,0.0,1.1323860000000001,1.1465040000000002,POL,ISL,7373
2237445,208,109,1238,2018.0,116258.0,0.0,1.7254209999999999,0.638757,SWE,ISL,7373
2237446,231,109,1238,2018.0,86249.0,0.0,1.5527739999999999,0.288577,USA,ISL,7373
2237447,249,109,1238,2018.0,3823.0,0.0,2.0283580000000003,1.1648319999999999,TWN,ISL,7373
2237448,2,110,1238,2018.0,0.0,1852.0,-1.6785400000000001,-1.2244030000000001,AGO,ISR,7373
2237449,8,110,1238,2018.0,0.0,2803.0,-0.239502,0.297865,ARG,ISR,7373
2237450,9,110,1238,2018.0,0.0,4523.0,-0.42181499999999994,-0.663385,ARM,ISR,7373
2237451,14,110,1238,2018.0,30840.0,110869.0,-0.5578930000000001,-0.15666300000000002,AUS,ISR,7373
2237452,15,110,1238,2018.0,598023.0,18330.0,1.798687,-0.557271,AUT,ISR,7373
2237453,18,110,1238,2018.0,45423.0,30325.0,1.244674,1.1368969999999998,BEL,ISR,7373
2237454,23,110,1238,2018.0,3822.0,0.0,0.516917,1.915288,BGR,ISR,7373
2237455,26,110,1238,2018.0,5468.0,1174.0,0.676528,0.8948299999999999,BIH,ISR,7373
2237456,32,110,1238,2018.0,8278.0,6479.0,0.166542,0.718965,BRA,ISR,7373
2237457,39,110,1238,2018.0,55072.0,1759.0,0.60854,1.475283,CAN,ISR,7373
2237458,41,110,1238,2018.0,3708130.0,33051.0,2.173252,0.861742,CHE,ISR,7373
2237459,42,110,1238,2018.0,0.0,94616.0,-0.24325300000000002,-0.350271,CHL,ISR,7373
2237460,43,110,1238,2018.0,5016526.0,1264283.0,1.378018,0.513572,CHN,ISR,7373
2237461,52,110,1238,2018.0,8011.0,3427.0,0.27715,0.33261999999999997,CRI,ISR,7373
2237462,58,110,1238,2018.0,23946.0,0.0,0.180009,-0.26353200000000004,CYP,ISR,7373
2237463,59,110,1238,2018.0,126993.0,23710.0,1.8018669999999999,0.022382,CZE,ISR,7373
2237464,61,110,1238,2018.0,7692352.0,211581.0,2.126861,-2.619524,DEU,ISR,7373
2237465,64,110,1238,2018.0,14788.0,0.0,1.094761,1.337348,DNK,ISR,7373
2237466,68,110,1238,2018.0,0.0,5777.0,-0.093935,1.6368610000000001,EGY,ISR,7373
2237467,71,110,1238,2018.0,450685.0,19950.0,0.851197,2.261012,ESP,ISR,7373
2237468,73,110,1238,2018.0,0.0,1936.0,-0.663343,-0.384372,ETH,ISR,7373
2237469,74,110,1238,2018.0,268625.0,2558.0,1.561518,1.0198450000000001,FIN,ISR,7373
2237470,77,110,1238,2018.0,637622.0,19586.0,1.3578540000000001,0.9033700000000001,FRA,ISR,7373
2237471,81,110,1238,2018.0,412733.0,28516.0,1.481442,1.050259,GBR,ISR,7373
2237472,82,110,1238,2018.0,0.0,1112.0,-0.059633000000000005,-0.073048,GEO,ISR,7373
2237473,83,110,1238,2018.0,2415.0,37165.0,-0.769089,-0.8389200000000001,GHA,ISR,7373
2237474,90,110,1238,2018.0,483882.0,60244.0,0.069841,0.922895,GRC,ISR,7373
2237475,97,110,1238,2018.0,138446.0,404036.0,0.8625149999999999,1.21001,HKG,ISR,7373
2237476,102,110,1238,2018.0,8530.0,0.0,1.6983409999999999,0.693194,HUN,ISR,7373
2237477,104,110,1238,2018.0,22393.0,9770.0,0.536561,2.450287,IND,ISR,7373
2237478,106,110,1238,2018.0,37690.0,2063.0,1.3647,0.094596,IRL,ISR,7373
2237479,111,110,1238,2018.0,2885818.0,130215.0,1.4594799999999999,0.05113,ITA,ISR,7373
2237480,113,110,1238,2018.0,0.0,7805.0,0.125467,0.382625,JOR,ISR,7373
2237481,114,110,1238,2018.0,558762.0,182813.0,2.480327,-0.559793,JPN,ISR,7373
2237482,118,110,1238,2018.0,0.0,3338.0,-0.5513779999999999,-0.598237,KHM,ISR,7373
2237483,121,110,1238,2018.0,240741.0,71173.0,2.139149,0.795045,KOR,ISR,7373
2237484,131,110,1238,2018.0,1953.0,0.0,1.098797,1.390282,LUX,ISR,7373
2237485,138,110,1238,2018.0,218249.0,17495.0,1.272851,0.646359,MEX,ISR,7373
2237486,151,110,1238,2018.0,0.0,14526.0,-0.268625,0.104254,MUS,ISR,7373
2237487,153,110,1238,2018.0,11202.0,0.0,1.047185,0.732742,MYS,ISR,7373
2237488,155,110,1238,2018.0,0.0,40161.0,-0.45412600000000003,-0.673077,NAM,ISR,7373
2237489,159,110,1238,2018.0,0.0,5624.0,-1.839074,-1.29837,NGA,ISR,7373
2237490,162,110,1238,2018.0,516054.0,289207.0,1.060964,1.491808,NLD,ISR,7373
2237491,166,110,1238,2018.0,3494.0,3074.0,0.113398,0.017740000000000002,NZL,ISR,7373
2237492,174,110,1238,2018.0,3026.0,2863.0,0.7233649999999999,0.23715300000000003,PHL,ISR,7373
2237493,177,110,1238,2018.0,266872.0,73273.0,1.1323860000000001,1.1465040000000002,POL,ISR,7373
2237494,179,110,1238,2018.0,13920.0,0.0,0.787381,1.959475,PRT,ISR,7373
2237495,181,110,1238,2018.0,2922.0,375395.0,0.260898,0.79366,PSE,ISR,7373
2237496,185,110,1238,2018.0,2674.0,15889.0,1.1458030000000001,1.194413,ROU,ISR,7373
2237497,186,110,1238,2018.0,3317.0,19379.0,-0.079971,0.11098599999999999,RUS,ISR,7373
2237498,192,110,1238,2018.0,109233.0,4136.0,1.870268,0.672214,SGP,ISR,7373
2237499,198,110,1238,2018.0,1790.0,0.0,1.1010280000000001,0.679361,SMR,ISR,7373
2237500,201,110,1238,2018.0,14834.0,0.0,0.665772,1.552409,SRB,ISR,7373
2237501,206,110,1238,2018.0,229853.0,2370.0,1.445669,0.9135850000000001,SVK,ISR,7373
2237502,208,110,1238,2018.0,309213.0,5444.0,1.7254209999999999,0.638757,SWE,ISR,7373
2237503,216,110,1238,2018.0,0.0,1885398.0,1.188923,1.264666,THA,ISR,7373
2237504,224,110,1238,2018.0,571631.0,4220.0,0.5883510000000001,2.357541,TUR,ISR,7373
2237505,226,110,1238,2018.0,0.0,40811.0,-0.12971300000000002,1.379649,TZA,ISR,7373
2237506,228,110,1238,2018.0,0.0,1047.0,0.3281,1.0037459999999998,UKR,ISR,7373
2237507,231,110,1238,2018.0,3025838.0,615187.0,1.5527739999999999,0.288577,USA,ISR,7373
2237508,239,110,1238,2018.0,0.0,36100.0,0.111848,0.915842,VNM,ISR,7373
2237509,246,110,1238,2018.0,22788.0,14607.0,-0.053311000000000004,1.45561,ZAF,ISR,7373
2237510,249,110,1238,2018.0,264492.0,60059.0,2.0283580000000003,1.1648319999999999,TWN,ISR,7373
2237511,250,110,1238,2018.0,0.0,8000.0,0.760441,-0.310861,ANS,ISR,7373
2237512,14,123,1238,2018.0,43917.0,0.0,-0.5578930000000001,-0.15666300000000002,AUS,LAO,7373
2237513,15,123,1238,2018.0,3282.0,7619.0,1.798687,-0.557271,AUT,LAO,7373
2237514,41,123,1238,2018.0,0.0,5347.0,2.173252,0.861742,CHE,LAO,7373
2237515,43,123,1238,2018.0,2131466.0,0.0,1.378018,0.513572,CHN,LAO,7373
2237516,59,123,1238,2018.0,2593.0,0.0,1.8018669999999999,0.022382,CZE,LAO,7373
2237517,61,123,1238,2018.0,0.0,851865.0,2.126861,-2.619524,DEU,LAO,7373
2237518,77,123,1238,2018.0,0.0,6104.0,1.3578540000000001,0.9033700000000001,FRA,LAO,7373
2237519,97,123,1238,2018.0,25899.0,0.0,0.8625149999999999,1.21001,HKG,LAO,7373
2237520,104,123,1238,2018.0,1231.0,0.0,0.536561,2.450287,IND,LAO,7373
2237521,109,123,1238,2018.0,0.0,7490.0,0.161776,-0.293048,ISL,LAO,7373
2237522,114,123,1238,2018.0,198143.0,0.0,2.480327,-0.559793,JPN,LAO,7373
2237523,121,123,1238,2018.0,497795.0,0.0,2.139149,0.795045,KOR,LAO,7373
2237524,186,123,1238,2018.0,26795.0,0.0,-0.079971,0.11098599999999999,RUS,LAO,7373
2237525,192,123,1238,2018.0,32730.0,0.0,1.870268,0.672214,SGP,LAO,7373
2237526,216,123,1238,2018.0,1125938.0,1074904.0,1.188923,1.264666,THA,LAO,7373
2237527,239,123,1238,2018.0,152382.0,0.0,0.111848,0.915842,VNM,LAO,7373
2237528,249,123,1238,2018.0,35674.0,0.0,2.0283580000000003,1.1648319999999999,TWN,LAO,7373
2237529,250,123,1238,2018.0,200953.0,0.0,0.760441,-0.310861,ANS,LAO,7373
2237530,7,125,1238,2018.0,24727.0,0.0,-0.020214,-0.570049,ARE,LBR,7373
2237531,18,125,1238,2018.0,6797.0,0.0,1.244674,1.1368969999999998,BEL,LBR,7373
2237532,24,125,1238,2018.0,2414.0,0.0,0.335652,-0.646621,BHR,LBR,7373
2237533,43,125,1238,2018.0,69859.0,0.0,1.378018,0.513572,CHN,LBR,7373
2237534,77,125,1238,2018.0,20926.0,0.0,1.3578540000000001,0.9033700000000001,FRA,LBR,7373
2237535,83,125,1238,2018.0,0.0,31625.0,-0.769089,-0.8389200000000001,GHA,LBR,7373
2237536,90,125,1238,2018.0,4127.0,0.0,0.069841,0.922895,GRC,LBR,7373
2237537,114,125,1238,2018.0,3841.0,0.0,2.480327,-0.559793,JPN,LBR,7373
2237538,124,125,1238,2018.0,1792.0,0.0,0.37832899999999997,1.077452,LBN,LBR,7373
2237539,141,125,1238,2018.0,0.0,1061.0,-0.805876,-0.907854,MLI,LBR,7373
2237540,208,125,1238,2018.0,8422.0,0.0,1.7254209999999999,0.638757,SWE,LBR,7373
2237541,224,125,1238,2018.0,173222.0,0.0,0.5883510000000001,2.357541,TUR,LBR,7373
2237542,231,125,1238,2018.0,665196.0,0.0,1.5527739999999999,0.288577,USA,LBR,7373
2237543,43,129,1238,2018.0,3295.0,0.0,1.378018,0.513572,CHN,LSO,7373
2237544,246,129,1238,2018.0,186384.0,16385.0,-0.053311000000000004,1.45561,ZAF,LSO,7373
2237545,250,129,1238,2018.0,0.0,34557.0,0.760441,-0.310861,ANS,LSO,7373
2237546,15,133,1238,2018.0,9353.0,0.0,1.798687,-0.557271,AUT,MAC,7373
2237547,41,133,1238,2018.0,3060.0,0.0,2.173252,0.861742,CHE,MAC,7373
2237548,43,133,1238,2018.0,140581.0,0.0,1.378018,0.513572,CHN,MAC,7373
2237549,61,133,1238,2018.0,7350.0,2128.0,2.126861,-2.619524,DEU,MAC,7373
2237550,97,133,1238,2018.0,412425.0,30173.0,0.8625149999999999,1.21001,HKG,MAC,7373
2237551,114,133,1238,2018.0,22946.0,0.0,2.480327,-0.559793,JPN,MAC,7373
2237552,162,133,1238,2018.0,3624.0,0.0,1.060964,1.491808,NLD,MAC,7373
2237553,163,133,1238,2018.0,0.0,35942.0,0.359254,-0.059994000000000006,NOR,MAC,7373
2237554,192,133,1238,2018.0,29444.0,0.0,1.870268,0.672214,SGP,MAC,7373
2237555,231,133,1238,2018.0,2227.0,0.0,1.5527739999999999,0.288577,USA,MAC,7373
2237556,249,133,1238,2018.0,38387.0,0.0,2.0283580000000003,1.1648319999999999,TWN,MAC,7373
2237557,43,139,1238,2018.0,20615.0,0.0,1.378018,0.513572,CHN,MHL,7373
2237558,90,139,1238,2018.0,3038.0,0.0,0.069841,0.922895,GRC,MHL,7373
2237559,121,139,1238,2018.0,4465.0,0.0,2.139149,0.795045,KOR,MHL,7373
2237560,224,139,1238,2018.0,2957.0,0.0,0.5883510000000001,2.357541,TUR,MHL,7373
2237561,231,139,1238,2018.0,339262.0,0.0,1.5527739999999999,0.288577,USA,MHL,7373
2237562,7,141,1238,2018.0,11841.0,0.0,-0.020214,-0.570049,ARE,MLI,7373
2237563,14,141,1238,2018.0,2759.0,0.0,-0.5578930000000001,-0.15666300000000002,AUS,MLI,7373
2237564,18,141,1238,2018.0,28020.0,0.0,1.244674,1.1368969999999998,BEL,MLI,7373
2237565,21,141,1238,2018.0,0.0,6711.0,-0.625138,-0.848562,BFA,MLI,7373
2237566,43,141,1238,2018.0,120324.0,0.0,1.378018,0.513572,CHN,MLI,7373
2237567,44,141,1238,2018.0,4842.0,0.0,-1.021384,-0.898676,CIV,MLI,7373
2237568,61,141,1238,2018.0,29976.0,0.0,2.126861,-2.619524,DEU,MLI,7373
2237569,71,141,1238,2018.0,15916.0,0.0,0.851197,2.261012,ESP,MLI,7373
2237570,77,141,1238,2018.0,216223.0,5648.0,1.3578540000000001,0.9033700000000001,FRA,MLI,7373
2237571,97,141,1238,2018.0,3555.0,0.0,0.8625149999999999,1.21001,HKG,MLI,7373
2237572,104,141,1238,2018.0,8341.0,2382.0,0.536561,2.450287,IND,MLI,7373
2237573,111,141,1238,2018.0,59237.0,0.0,1.4594799999999999,0.05113,ITA,MLI,7373
2237574,114,141,1238,2018.0,12734.0,0.0,2.480327,-0.559793,JPN,MLI,7373
2237575,124,141,1238,2018.0,9946.0,0.0,0.37832899999999997,1.077452,LBN,MLI,7373
2237576,125,141,1238,2018.0,1061.0,0.0,-1.081874,-1.105082,LBR,MLI,7373
2237577,126,141,1238,2018.0,3980.0,0.0,-1.454322,-1.169087,LBY,MLI,7373
2237578,134,141,1238,2018.0,4221.0,0.0,-0.57445,-0.14461400000000002,MAR,MLI,7373
2237579,162,141,1238,2018.0,9234.0,0.0,1.060964,1.491808,NLD,MLI,7373
2237580,178,141,1238,2018.0,1484.0,0.0,0.766691,0.6022930000000001,PRK,MLI,7373
2237581,191,141,1238,2018.0,99507.0,0.0,-0.699313,-0.360203,SEN,MLI,7373
2237582,206,141,1238,2018.0,1631.0,0.0,1.445669,0.9135850000000001,SVK,MLI,7373
2237583,215,141,1238,2018.0,3448.0,0.0,-0.681426,-0.7010270000000001,TGO,MLI,7373
2237584,224,141,1238,2018.0,27506.0,0.0,0.5883510000000001,2.357541,TUR,MLI,7373
2237585,231,141,1238,2018.0,67231.0,2901.0,1.5527739999999999,0.288577,USA,MLI,7373
2237586,246,141,1238,2018.0,21898.0,0.0,-0.053311000000000004,1.45561,ZAF,MLI,7373
2237587,7,142,1238,2018.0,4909.0,0.0,-0.020214,-0.570049,ARE,MLT,7373
2237588,8,142,1238,2018.0,5061.0,0.0,-0.239502,0.297865,ARG,MLT,7373
2237589,15,142,1238,2018.0,25656.0,9005.0,1.798687,-0.557271,AUT,MLT,7373
2237590,23,142,1238,2018.0,4168.0,0.0,0.516917,1.915288,BGR,MLT,7373
2237591,41,142,1238,2018.0,359750.0,0.0,2.173252,0.861742,CHE,MLT,7373
2237592,43,142,1238,2018.0,50649.0,9519.0,1.378018,0.513572,CHN,MLT,7373
2237593,59,142,1238,2018.0,97997.0,0.0,1.8018669999999999,0.022382,CZE,MLT,7373
2237594,61,142,1238,2018.0,469587.0,34558.0,2.126861,-2.619524,DEU,MLT,7373
2237595,68,142,1238,2018.0,11102.0,0.0,-0.093935,1.6368610000000001,EGY,MLT,7373
2237596,71,142,1238,2018.0,79032.0,5149.0,0.851197,2.261012,ESP,MLT,7373
2237597,77,142,1238,2018.0,150271.0,0.0,1.3578540000000001,0.9033700000000001,FRA,MLT,7373
2237598,81,142,1238,2018.0,245285.0,117559.0,1.481442,1.050259,GBR,MLT,7373
2237599,90,142,1238,2018.0,14933.0,0.0,0.069841,0.922895,GRC,MLT,7373
2237600,97,142,1238,2018.0,226043.0,137619.0,0.8625149999999999,1.21001,HKG,MLT,7373
2237601,104,142,1238,2018.0,77022.0,0.0,0.536561,2.450287,IND,MLT,7373
2237602,111,142,1238,2018.0,716797.0,0.0,1.4594799999999999,0.05113,ITA,MLT,7373
2237603,114,142,1238,2018.0,2267.0,0.0,2.480327,-0.559793,JPN,MLT,7373
2237604,126,142,1238,2018.0,0.0,16838.0,-1.454322,-1.169087,LBY,MLT,7373
2237605,153,142,1238,2018.0,2147.0,0.0,1.047185,0.732742,MYS,MLT,7373
2237606,162,142,1238,2018.0,78866.0,2220.0,1.060964,1.491808,NLD,MLT,7373
2237607,177,142,1238,2018.0,1134.0,0.0,1.1323860000000001,1.1465040000000002,POL,MLT,7373
2237608,179,142,1238,2018.0,52275.0,0.0,0.787381,1.959475,PRT,MLT,7373
2237609,186,142,1238,2018.0,9646.0,0.0,-0.079971,0.11098599999999999,RUS,MLT,7373
2237610,201,142,1238,2018.0,2399.0,0.0,0.665772,1.552409,SRB,MLT,7373
2237611,216,142,1238,2018.0,1018.0,0.0,1.188923,1.264666,THA,MLT,7373
2237612,223,142,1238,2018.0,0.0,14969.0,0.39611799999999997,1.252702,TUN,MLT,7373
2237613,224,142,1238,2018.0,15878.0,0.0,0.5883510000000001,2.357541,TUR,MLT,7373
2237614,231,142,1238,2018.0,140506.0,11158.0,1.5527739999999999,0.288577,USA,MLT,7373
2237615,239,142,1238,2018.0,5936.0,0.0,0.111848,0.915842,VNM,MLT,7373
2237616,249,142,1238,2018.0,22037.0,0.0,2.0283580000000003,1.1648319999999999,TWN,MLT,7373
2237617,7,148,1238,2018.0,1279.0,0.0,-0.020214,-0.570049,ARE,MRT,7373
2237618,14,148,1238,2018.0,25255.0,0.0,-0.5578930000000001,-0.15666300000000002,AUS,MRT,7373
2237619,18,148,1238,2018.0,173690.0,0.0,1.244674,1.1368969999999998,BEL,MRT,7373
2237620,19,148,1238,2018.0,24548.0,0.0,-0.775822,-0.800248,BEN,MRT,7373
2237621,41,148,1238,2018.0,110476.0,0.0,2.173252,0.861742,CHE,MRT,7373
2237622,43,148,1238,2018.0,113861.0,0.0,1.378018,0.513572,CHN,MRT,7373
2237623,61,148,1238,2018.0,21188.0,0.0,2.126861,-2.619524,DEU,MRT,7373
2237624,71,148,1238,2018.0,85073.0,0.0,0.851197,2.261012,ESP,MRT,7373
2237625,77,148,1238,2018.0,160614.0,0.0,1.3578540000000001,0.9033700000000001,FRA,MRT,7373
2237626,104,148,1238,2018.0,7353.0,0.0,0.536561,2.450287,IND,MRT,7373
2237627,111,148,1238,2018.0,6112.0,0.0,1.4594799999999999,0.05113,ITA,MRT,7373
2237628,134,148,1238,2018.0,16562.0,0.0,-0.57445,-0.14461400000000002,MAR,MRT,7373
2237629,179,148,1238,2018.0,1391.0,0.0,0.787381,1.959475,PRT,MRT,7373
2237630,188,148,1238,2018.0,10951.0,0.0,0.600485,-0.450466,SAU,MRT,7373
2237631,224,148,1238,2018.0,78958.0,0.0,0.5883510000000001,2.357541,TUR,MRT,7373
2237632,231,148,1238,2018.0,44644.0,0.0,1.5527739999999999,0.288577,USA,MRT,7373
2237633,246,148,1238,2018.0,1360.0,0.0,-0.053311000000000004,1.45561,ZAF,MRT,7373
2237634,2,155,1238,2018.0,3578.0,5506.0,-1.6785400000000001,-1.2244030000000001,AGO,NAM,7373
2237635,37,155,1238,2018.0,3119.0,0.0,-0.611288,-1.125815,BWA,NAM,7373
2237636,43,155,1238,2018.0,44812.0,6703.0,1.378018,0.513572,CHN,NAM,7373
2237637,45,155,1238,2018.0,0.0,24939.0,-1.2144,-1.0318260000000001,CMR,NAM,7373
2237638,61,155,1238,2018.0,167372.0,0.0,2.126861,-2.619524,DEU,NAM,7373
2237639,71,155,1238,2018.0,89729.0,0.0,0.851197,2.261012,ESP,NAM,7373
2237640,81,155,1238,2018.0,38571.0,0.0,1.481442,1.050259,GBR,NAM,7373
2237641,104,155,1238,2018.0,27430.0,0.0,0.536561,2.450287,IND,NAM,7373
2237642,110,155,1238,2018.0,40161.0,0.0,1.205666,1.001693,ISR,NAM,7373
2237643,111,155,1238,2018.0,5591.0,0.0,1.4594799999999999,0.05113,ITA,NAM,7373
2237644,159,155,1238,2018.0,0.0,4743.0,-1.839074,-1.29837,NGA,NAM,7373
2237645,162,155,1238,2018.0,9102.0,0.0,1.060964,1.491808,NLD,NAM,7373
2237646,231,155,1238,2018.0,4970.0,0.0,1.5527739999999999,0.288577,USA,NAM,7373
2237647,246,155,1238,2018.0,1403117.0,34573.0,-0.053311000000000004,1.45561,ZAF,NAM,7373
2237648,247,155,1238,2018.0,0.0,1705.0,-0.8302510000000001,-0.932916,ZMB,NAM,7373
2237649,250,155,1238,2018.0,0.0,1116.0,0.760441,-0.310861,ANS,NAM,7373
2237650,43,178,1238,2018.0,9550.0,0.0,1.378018,0.513572,CHN,PRK,7373
2237651,104,178,1238,2018.0,2476.0,0.0,0.536561,2.450287,IND,PRK,7373
2237652,141,178,1238,2018.0,0.0,1484.0,-0.805876,-0.907854,MLI,PRK,7373
2237653,168,178,1238,2018.0,0.0,2738.0,-0.737637,0.274296,PAK,PRK,7373
2237654,186,178,1238,2018.0,1608.0,0.0,-0.079971,0.11098599999999999,RUS,PRK,7373
2237655,14,183,1238,2018.0,20347.0,0.0,-0.5578930000000001,-0.15666300000000002,AUS,QAT,7373
2237656,15,183,1238,2018.0,140420.0,0.0,1.798687,-0.557271,AUT,QAT,7373
2237657,18,183,1238,2018.0,47561.0,0.0,1.244674,1.1368969999999998,BEL,QAT,7373
2237658,26,183,1238,2018.0,144436.0,0.0,0.676528,0.8948299999999999,BIH,QAT,7373
2237659,39,183,1238,2018.0,12943.0,0.0,0.60854,1.475283,CAN,QAT,7373
2237660,41,183,1238,2018.0,338478.0,0.0,2.173252,0.861742,CHE,QAT,7373
2237661,43,183,1238,2018.0,2655871.0,0.0,1.378018,0.513572,CHN,QAT,7373
2237662,59,183,1238,2018.0,144656.0,0.0,1.8018669999999999,0.022382,CZE,QAT,7373
2237663,61,183,1238,2018.0,733381.0,0.0,2.126861,-2.619524,DEU,QAT,7373
2237664,64,183,1238,2018.0,4309.0,23638.0,1.094761,1.337348,DNK,QAT,7373
2237665,68,183,1238,2018.0,0.0,7985.0,-0.093935,1.6368610000000001,EGY,QAT,7373
2237666,71,183,1238,2018.0,71903.0,0.0,0.851197,2.261012,ESP,QAT,7373
2237667,74,183,1238,2018.0,61423.0,0.0,1.561518,1.0198450000000001,FIN,QAT,7373
2237668,77,183,1238,2018.0,635411.0,0.0,1.3578540000000001,0.9033700000000001,FRA,QAT,7373
2237669,81,183,1238,2018.0,371449.0,0.0,1.481442,1.050259,GBR,QAT,7373
2237670,97,183,1238,2018.0,0.0,17791.0,0.8625149999999999,1.21001,HKG,QAT,7373
2237671,104,183,1238,2018.0,663245.0,0.0,0.536561,2.450287,IND,QAT,7373
2237672,111,183,1238,2018.0,2720579.0,0.0,1.4594799999999999,0.05113,ITA,QAT,7373
2237673,114,183,1238,2018.0,281916.0,0.0,2.480327,-0.559793,JPN,QAT,7373
2237674,121,183,1238,2018.0,91904.0,3006.0,2.139149,0.795045,KOR,QAT,7373
2237675,122,183,1238,2018.0,236557.0,0.0,-0.790523,-1.136525,KWT,QAT,7373
2237676,124,183,1238,2018.0,16218.0,0.0,0.37832899999999997,1.077452,LBN,QAT,7373
2237677,138,183,1238,2018.0,47684.0,0.0,1.272851,0.646359,MEX,QAT,7373
2237678,153,183,1238,2018.0,37649.0,99113.0,1.047185,0.732742,MYS,QAT,7373
2237679,162,183,1238,2018.0,70195.0,665281.0,1.060964,1.491808,NLD,QAT,7373
2237680,163,183,1238,2018.0,70047.0,0.0,0.359254,-0.059994000000000006,NOR,QAT,7373
2237681,167,183,1238,2018.0,140833.0,523315.0,-0.513727,-0.9944280000000001,OMN,QAT,7373
2237682,168,183,1238,2018.0,6004.0,0.0,-0.737637,0.274296,PAK,QAT,7373
2237683,177,183,1238,2018.0,365295.0,0.0,1.1323860000000001,1.1465040000000002,POL,QAT,7373
2237684,179,183,1238,2018.0,17542.0,2152.0,0.787381,1.959475,PRT,QAT,7373
2237685,185,183,1238,2018.0,2677.0,0.0,1.1458030000000001,1.194413,ROU,QAT,7373
2237686,192,183,1238,2018.0,57788.0,0.0,1.870268,0.672214,SGP,QAT,7373
2237687,207,183,1238,2018.0,0.0,3296.0,1.623183,0.7150850000000001,SVN,QAT,7373
2237688,208,183,1238,2018.0,122493.0,0.0,1.7254209999999999,0.638757,SWE,QAT,7373
2237689,224,183,1238,2018.0,801315.0,0.0,0.5883510000000001,2.357541,TUR,QAT,7373
2237690,231,183,1238,2018.0,425738.0,0.0,1.5527739999999999,0.288577,USA,QAT,7373
2237691,239,183,1238,2018.0,70797.0,0.0,0.111848,0.915842,VNM,QAT,7373
2237692,246,183,1238,2018.0,0.0,2672.0,-0.053311000000000004,1.45561,ZAF,QAT,7373
2237693,249,183,1238,2018.0,8224.0,0.0,2.0283580000000003,1.1648319999999999,TWN,QAT,7373
2237694,7,196,1238,2018.0,9756.0,0.0,-0.020214,-0.570049,ARE,SLE,7373
2237695,18,196,1238,2018.0,9723.0,0.0,1.244674,1.1368969999999998,BEL,SLE,7373
2237696,39,196,1238,2018.0,2118.0,0.0,0.60854,1.475283,CAN,SLE,7373
2237697,43,196,1238,2018.0,32136.0,0.0,1.378018,0.513572,CHN,SLE,7373
2237698,44,196,1238,2018.0,13061.0,0.0,-1.021384,-0.898676,CIV,SLE,7373
2237699,81,196,1238,2018.0,32397.0,0.0,1.481442,1.050259,GBR,SLE,7373
2237700,97,196,1238,2018.0,23404.0,0.0,0.8625149999999999,1.21001,HKG,SLE,7373
2237701,104,196,1238,2018.0,4371.0,0.0,0.536561,2.450287,IND,SLE,7373
2237702,111,196,1238,2018.0,2705.0,0.0,1.4594799999999999,0.05113,ITA,SLE,7373
2237703,124,196,1238,2018.0,6750.0,0.0,0.37832899999999997,1.077452,LBN,SLE,7373
2237704,162,196,1238,2018.0,37832.0,0.0,1.060964,1.491808,NLD,SLE,7373
2237705,224,196,1238,2018.0,1062.0,0.0,0.5883510000000001,2.357541,TUR,SLE,7373
2237706,226,196,1238,2018.0,0.0,6037.0,-0.12971300000000002,1.379649,TZA,SLE,7373
2237707,231,196,1238,2018.0,7718.0,4400.0,1.5527739999999999,0.288577,USA,SLE,7373
2237708,246,196,1238,2018.0,22695.0,0.0,-0.053311000000000004,1.45561,ZAF,SLE,7373
2237709,43,203,1238,2018.0,1906.0,0.0,1.378018,0.513572,CHN,STP,7373
2237710,77,203,1238,2018.0,1080.0,0.0,1.3578540000000001,0.9033700000000001,FRA,STP,7373
2237711,179,203,1238,2018.0,28475.0,0.0,0.787381,1.959475,PRT,STP,7373
2237712,231,203,1238,2018.0,0.0,29040.0,1.5527739999999999,0.288577,USA,STP,7373
2237713,7,211,1238,2018.0,43145.0,0.0,-0.020214,-0.570049,ARE,SYC,7373
2237714,18,211,1238,2018.0,1947.0,0.0,1.244674,1.1368969999999998,BEL,SYC,7373
2237715,41,211,1238,2018.0,19205.0,0.0,2.173252,0.861742,CHE,SYC,7373
2237716,43,211,1238,2018.0,27716.0,0.0,1.378018,0.513572,CHN,SYC,7373
2237717,61,211,1238,2018.0,5194.0,0.0,2.126861,-2.619524,DEU,SYC,7373
2237718,64,211,1238,2018.0,3729.0,0.0,1.094761,1.337348,DNK,SYC,7373
2237719,81,211,1238,2018.0,17487.0,0.0,1.481442,1.050259,GBR,SYC,7373
2237720,104,211,1238,2018.0,29701.0,0.0,0.536561,2.450287,IND,SYC,7373
2237721,111,211,1238,2018.0,11627.0,0.0,1.4594799999999999,0.05113,ITA,SYC,7373
2237722,114,211,1238,2018.0,12453.0,0.0,2.480327,-0.559793,JPN,SYC,7373
2237723,151,211,1238,2018.0,13772.0,1023.0,-0.268625,0.104254,MUS,SYC,7373
2237724,192,211,1238,2018.0,8919.0,0.0,1.870268,0.672214,SGP,SYC,7373
2237725,246,211,1238,2018.0,22466.0,0.0,-0.053311000000000004,1.45561,ZAF,SYC,7373
2237726,65,213,1238,2018.0,2278.0,0.0,-0.205988,0.291906,DOM,TCA,7373
2237727,231,213,1238,2018.0,44051.0,0.0,1.5527739999999999,0.288577,USA,TCA,7373
2237728,15,214,1238,2018.0,0.0,5075.0,1.798687,-0.557271,AUT,TCD,7373
2237729,39,214,1238,2018.0,0.0,3514.0,0.60854,1.475283,CAN,TCD,7373
2237730,43,214,1238,2018.0,49079.0,0.0,1.378018,0.513572,CHN,TCD,7373
2237731,71,214,1238,2018.0,1346.0,0.0,0.851197,2.261012,ESP,TCD,7373
2237732,81,214,1238,2018.0,21146.0,0.0,1.481442,1.050259,GBR,TCD,7373
2237733,231,214,1238,2018.0,6901.0,0.0,1.5527739999999999,0.288577,USA,TCD,7373
2237734,7,215,1238,2018.0,2922.0,0.0,-0.020214,-0.570049,ARE,TGO,7373
2237735,18,215,1238,2018.0,70318.0,0.0,1.244674,1.1368969999999998,BEL,TGO,7373
2237736,19,215,1238,2018.0,0.0,3647.0,-0.775822,-0.800248,BEN,TGO,7373
2237737,41,215,1238,2018.0,14849.0,0.0,2.173252,0.861742,CHE,TGO,7373
2237738,43,215,1238,2018.0,74907.0,0.0,1.378018,0.513572,CHN,TGO,7373
2237739,44,215,1238,2018.0,1756.0,0.0,-1.021384,-0.898676,CIV,TGO,7373
2237740,59,215,1238,2018.0,13148.0,0.0,1.8018669999999999,0.022382,CZE,TGO,7373
2237741,61,215,1238,2018.0,17063.0,0.0,2.126861,-2.619524,DEU,TGO,7373
2237742,71,215,1238,2018.0,159470.0,0.0,0.851197,2.261012,ESP,TGO,7373
2237743,77,215,1238,2018.0,123639.0,0.0,1.3578540000000001,0.9033700000000001,FRA,TGO,7373
2237744,83,215,1238,2018.0,0.0,15113.0,-0.769089,-0.8389200000000001,GHA,TGO,7373
2237745,97,215,1238,2018.0,15795.0,0.0,0.8625149999999999,1.21001,HKG,TGO,7373
2237746,104,215,1238,2018.0,3885.0,0.0,0.536561,2.450287,IND,TGO,7373
2237747,111,215,1238,2018.0,32014.0,0.0,1.4594799999999999,0.05113,ITA,TGO,7373
2237748,114,215,1238,2018.0,6532.0,0.0,2.480327,-0.559793,JPN,TGO,7373
2237749,124,215,1238,2018.0,9440.0,0.0,0.37832899999999997,1.077452,LBN,TGO,7373
2237750,134,215,1238,2018.0,10843.0,0.0,-0.57445,-0.14461400000000002,MAR,TGO,7373
2237751,141,215,1238,2018.0,0.0,3448.0,-0.805876,-0.907854,MLI,TGO,7373
2237752,177,215,1238,2018.0,9081.0,0.0,1.1323860000000001,1.1465040000000002,POL,TGO,7373
2237753,179,215,1238,2018.0,3264.0,0.0,0.787381,1.959475,PRT,TGO,7373
2237754,224,215,1238,2018.0,3342.0,0.0,0.5883510000000001,2.357541,TUR,TGO,7373
2237755,231,215,1238,2018.0,20654.0,0.0,1.5527739999999999,0.288577,USA,TGO,7373
2237756,49,218,1238,2018.0,0.0,2462.0,0.144073,-0.10276199999999999,COL,TKL,7373
2237757,14,220,1238,2018.0,8867.0,0.0,-0.5578930000000001,-0.15666300000000002,AUS,TLS,7373
2237758,43,220,1238,2018.0,242477.0,0.0,1.378018,0.513572,CHN,TLS,7373
2237759,103,220,1238,2018.0,21385.0,0.0,-0.0009939999999999999,1.417371,IDN,TLS,7373
2237760,104,220,1238,2018.0,6358.0,0.0,0.536561,2.450287,IND,TLS,7373
2237761,153,220,1238,2018.0,2069.0,0.0,1.047185,0.732742,MYS,TLS,7373
2237762,192,220,1238,2018.0,1849.0,0.0,1.870268,0.672214,SGP,TLS,7373
2237763,7,226,1238,2018.0,286311.0,0.0,-0.020214,-0.570049,ARE,TZA,7373
2237764,14,226,1238,2018.0,14658.0,0.0,-0.5578930000000001,-0.15666300000000002,AUS,TZA,7373
2237765,15,226,1238,2018.0,5737.0,0.0,1.798687,-0.557271,AUT,TZA,7373
2237766,18,226,1238,2018.0,1049.0,0.0,1.244674,1.1368969999999998,BEL,TZA,7373
2237767,30,226,1238,2018.0,1386.0,0.0,0.423382,-0.559448,BMU,TZA,7373
2237768,37,226,1238,2018.0,0.0,5325.0,-0.611288,-1.125815,BWA,TZA,7373
2237769,39,226,1238,2018.0,4641.0,0.0,0.60854,1.475283,CAN,TZA,7373
2237770,41,226,1238,2018.0,24789.0,0.0,2.173252,0.861742,CHE,TZA,7373
2237771,43,226,1238,2018.0,1487515.0,0.0,1.378018,0.513572,CHN,TZA,7373
2237772,46,226,1238,2018.0,0.0,3693.0,-1.704339,-1.211619,COD,TZA,7373
2237773,58,226,1238,2018.0,0.0,2080.0,0.180009,-0.26353200000000004,CYP,TZA,7373
2237774,59,226,1238,2018.0,3039.0,0.0,1.8018669999999999,0.022382,CZE,TZA,7373
2237775,61,226,1238,2018.0,87462.0,0.0,2.126861,-2.619524,DEU,TZA,7373
2237776,68,226,1238,2018.0,0.0,3756.0,-0.093935,1.6368610000000001,EGY,TZA,7373
2237777,71,226,1238,2018.0,5220.0,0.0,0.851197,2.261012,ESP,TZA,7373
2237778,74,226,1238,2018.0,7630.0,0.0,1.561518,1.0198450000000001,FIN,TZA,7373
2237779,77,226,1238,2018.0,3689.0,0.0,1.3578540000000001,0.9033700000000001,FRA,TZA,7373
2237780,81,226,1238,2018.0,37798.0,0.0,1.481442,1.050259,GBR,TZA,7373
2237781,97,226,1238,2018.0,9038.0,0.0,0.8625149999999999,1.21001,HKG,TZA,7373
2237782,100,226,1238,2018.0,0.0,1410.0,0.8873559999999999,1.480788,HRV,TZA,7373
2237783,104,226,1238,2018.0,222563.0,0.0,0.536561,2.450287,IND,TZA,7373
2237784,106,226,1238,2018.0,8317.0,0.0,1.3647,0.094596,IRL,TZA,7373
2237785,110,226,1238,2018.0,40811.0,0.0,1.205666,1.001693,ISR,TZA,7373
2237786,111,226,1238,2018.0,96793.0,0.0,1.4594799999999999,0.05113,ITA,TZA,7373
2237787,114,226,1238,2018.0,15521.0,0.0,2.480327,-0.559793,JPN,TZA,7373
2237788,116,226,1238,2018.0,516944.0,537108.0,-0.381632,0.460819,KEN,TZA,7373
2237789,121,226,1238,2018.0,15174.0,0.0,2.139149,0.795045,KOR,TZA,7373
2237790,132,226,1238,2018.0,1314.0,0.0,0.6984560000000001,1.29918,LVA,TZA,7373
2237791,134,226,1238,2018.0,2819.0,0.0,-0.57445,-0.14461400000000002,MAR,TZA,7373
2237792,152,226,1238,2018.0,0.0,1425.0,-0.717512,-0.8799450000000001,MWI,TZA,7373
2237793,162,226,1238,2018.0,75703.0,0.0,1.060964,1.491808,NLD,TZA,7373
2237794,168,226,1238,2018.0,3515.0,0.0,-0.737637,0.274296,PAK,TZA,7373
2237795,179,226,1238,2018.0,6885.0,0.0,0.787381,1.959475,PRT,TZA,7373
2237796,196,226,1238,2018.0,6037.0,0.0,-0.17023,-0.25755700000000004,SLE,TZA,7373
2237797,208,226,1238,2018.0,6493.0,0.0,1.7254209999999999,0.638757,SWE,TZA,7373
2237798,224,226,1238,2018.0,274260.0,0.0,0.5883510000000001,2.357541,TUR,TZA,7373
2237799,227,226,1238,2018.0,0.0,87532.0,-0.569114,0.36182800000000004,UGA,TZA,7373
2237800,231,226,1238,2018.0,70562.0,0.0,1.5527739999999999,0.288577,USA,TZA,7373
2237801,239,226,1238,2018.0,6045.0,0.0,0.111848,0.915842,VNM,TZA,7373
2237802,246,226,1238,2018.0,188998.0,0.0,-0.053311000000000004,1.45561,ZAF,TZA,7373
2237803,247,226,1238,2018.0,0.0,20999.0,-0.8302510000000001,-0.932916,ZMB,TZA,7373
2237804,7,227,1238,2018.0,100604.0,0.0,-0.020214,-0.570049,ARE,UGA,7373
2237805,14,227,1238,2018.0,0.0,4537.0,-0.5578930000000001,-0.15666300000000002,AUS,UGA,7373
2237806,15,227,1238,2018.0,47786.0,0.0,1.798687,-0.557271,AUT,UGA,7373
2237807,18,227,1238,2018.0,2653.0,0.0,1.244674,1.1368969999999998,BEL,UGA,7373
2237808,39,227,1238,2018.0,7644.0,0.0,0.60854,1.475283,CAN,UGA,7373
2237809,43,227,1238,2018.0,289327.0,0.0,1.378018,0.513572,CHN,UGA,7373
2237810,61,227,1238,2018.0,14512.0,0.0,2.126861,-2.619524,DEU,UGA,7373
2237811,64,227,1238,2018.0,1512.0,0.0,1.094761,1.337348,DNK,UGA,7373
2237812,77,227,1238,2018.0,27063.0,0.0,1.3578540000000001,0.9033700000000001,FRA,UGA,7373
2237813,81,227,1238,2018.0,13874.0,0.0,1.481442,1.050259,GBR,UGA,7373
2237814,97,227,1238,2018.0,5270.0,0.0,0.8625149999999999,1.21001,HKG,UGA,7373
2237815,100,227,1238,2018.0,10584.0,0.0,0.8873559999999999,1.480788,HRV,UGA,7373
2237816,102,227,1238,2018.0,1568.0,0.0,1.6983409999999999,0.693194,HUN,UGA,7373
2237817,104,227,1238,2018.0,351087.0,0.0,0.536561,2.450287,IND,UGA,7373
2237818,111,227,1238,2018.0,31601.0,0.0,1.4594799999999999,0.05113,ITA,UGA,7373
2237819,114,227,1238,2018.0,44173.0,435808.0,2.480327,-0.559793,JPN,UGA,7373
2237820,116,227,1238,2018.0,0.0,9272.0,-0.381632,0.460819,KEN,UGA,7373
2237821,121,227,1238,2018.0,1008.0,0.0,2.139149,0.795045,KOR,UGA,7373
2237822,124,227,1238,2018.0,10079.0,8122.0,0.37832899999999997,1.077452,LBN,UGA,7373
2237823,128,227,1238,2018.0,8765.0,0.0,-0.364093,0.347953,LKA,UGA,7373
2237824,132,227,1238,2018.0,1357.0,0.0,0.6984560000000001,1.29918,LVA,UGA,7373
2237825,153,227,1238,2018.0,4311.0,0.0,1.047185,0.732742,MYS,UGA,7373
2237826,168,227,1238,2018.0,3395.0,0.0,-0.737637,0.274296,PAK,UGA,7373
2237827,177,227,1238,2018.0,21044.0,0.0,1.1323860000000001,1.1465040000000002,POL,UGA,7373
2237828,179,227,1238,2018.0,6205.0,0.0,0.787381,1.959475,PRT,UGA,7373
2237829,187,227,1238,2018.0,0.0,3538.0,-0.48781199999999997,-0.741734,RWA,UGA,7373
2237830,202,227,1238,2018.0,0.0,6910.0,-2.425557,-1.114587,SSD,UGA,7373
2237831,224,227,1238,2018.0,13451.0,0.0,0.5883510000000001,2.357541,TUR,UGA,7373
2237832,226,227,1238,2018.0,87532.0,0.0,-0.12971300000000002,1.379649,TZA,UGA,7373
2237833,231,227,1238,2018.0,8483.0,0.0,1.5527739999999999,0.288577,USA,UGA,7373
2237834,246,227,1238,2018.0,46207.0,0.0,-0.053311000000000004,1.45561,ZAF,UGA,7373
2237835,43,234,1238,2018.0,11026.0,0.0,1.378018,0.513572,CHN,VCT,7373
2237836,55,234,1238,2018.0,5684.0,0.0,0.844115,-0.134234,CUW,VCT,7373
2237837,61,234,1238,2018.0,5545.0,0.0,2.126861,-2.619524,DEU,VCT,7373
2237838,77,234,1238,2018.0,0.0,5309.0,1.3578540000000001,0.9033700000000001,FRA,VCT,7373
2237839,81,234,1238,2018.0,57498.0,0.0,1.481442,1.050259,GBR,VCT,7373
2237840,91,234,1238,2018.0,2171.0,1394.0,0.508417,-0.198203,GRD,VCT,7373
2237841,127,234,1238,2018.0,3601.0,0.0,0.412714,0.17183900000000002,LCA,VCT,7373
2237842,190,234,1238,2018.0,0.0,2706.0,-1.3426719999999999,-1.1851909999999999,SDN,VCT,7373
2237843,205,234,1238,2018.0,0.0,13175.0,-0.721134,-1.069008,SUR,VCT,7373
2237844,222,234,1238,2018.0,0.0,10550.0,-0.32209299999999996,-1.0651540000000002,TTO,VCT,7373
2237845,231,234,1238,2018.0,26611.0,0.0,1.5527739999999999,0.288577,USA,VCT,7373
2237846,104,237,1238,2018.0,0.0,2104.0,0.536561,2.450287,IND,VGB,7373
2237847,231,237,1238,2018.0,97347.0,6520.0,1.5527739999999999,0.288577,USA,VGB,7373
2237848,14,240,1238,2018.0,1508.0,0.0,-0.5578930000000001,-0.15666300000000002,AUS,VUT,7373
2237849,42,240,1238,2018.0,0.0,2073.0,-0.24325300000000002,-0.350271,CHL,VUT,7373
2237850,43,240,1238,2018.0,27423.0,0.0,1.378018,0.513572,CHN,VUT,7373
2237851,77,240,1238,2018.0,9292.0,0.0,1.3578540000000001,0.9033700000000001,FRA,VUT,7373
2237852,90,240,1238,2018.0,2333.0,0.0,0.069841,0.922895,GRC,VUT,7373
2237853,166,240,1238,2018.0,10613.0,0.0,0.113398,0.017740000000000002,NZL,VUT,7373
2237854,192,240,1238,2018.0,16312.0,0.0,1.870268,0.672214,SGP,VUT,7373
2237855,7,247,1238,2018.0,32830.0,0.0,-0.020214,-0.570049,ARE,ZMB,7373
2237856,14,247,1238,2018.0,2514.0,0.0,-0.5578930000000001,-0.15666300000000002,AUS,ZMB,7373
2237857,18,247,1238,2018.0,2088.0,0.0,1.244674,1.1368969999999998,BEL,ZMB,7373
2237858,39,247,1238,2018.0,10688.0,0.0,0.60854,1.475283,CAN,ZMB,7373
2237859,41,247,1238,2018.0,3383.0,0.0,2.173252,0.861742,CHE,ZMB,7373
2237860,43,247,1238,2018.0,426884.0,0.0,1.378018,0.513572,CHN,ZMB,7373
2237861,46,247,1238,2018.0,7635.0,38921.0,-1.704339,-1.211619,COD,ZMB,7373
2237862,59,247,1238,2018.0,5182.0,0.0,1.8018669999999999,0.022382,CZE,ZMB,7373
2237863,61,247,1238,2018.0,28433.0,0.0,2.126861,-2.619524,DEU,ZMB,7373
2237864,68,247,1238,2018.0,19877.0,0.0,-0.093935,1.6368610000000001,EGY,ZMB,7373
2237865,74,247,1238,2018.0,8471.0,0.0,1.561518,1.0198450000000001,FIN,ZMB,7373
2237866,77,247,1238,2018.0,1105.0,0.0,1.3578540000000001,0.9033700000000001,FRA,ZMB,7373
2237867,81,247,1238,2018.0,5437.0,0.0,1.481442,1.050259,GBR,ZMB,7373
2237868,97,247,1238,2018.0,12010.0,0.0,0.8625149999999999,1.21001,HKG,ZMB,7373
2237869,104,247,1238,2018.0,127929.0,0.0,0.536561,2.450287,IND,ZMB,7373
2237870,111,247,1238,2018.0,64807.0,0.0,1.4594799999999999,0.05113,ITA,ZMB,7373
2237871,114,247,1238,2018.0,13422.0,0.0,2.480327,-0.559793,JPN,ZMB,7373
2237872,116,247,1238,2018.0,14178.0,0.0,-0.381632,0.460819,KEN,ZMB,7373
2237873,121,247,1238,2018.0,1119.0,0.0,2.139149,0.795045,KOR,ZMB,7373
2237874,124,247,1238,2018.0,2530.0,0.0,0.37832899999999997,1.077452,LBN,ZMB,7373
2237875,152,247,1238,2018.0,0.0,1423.0,-0.717512,-0.8799450000000001,MWI,ZMB,7373
2237876,155,247,1238,2018.0,1705.0,0.0,-0.45412600000000003,-0.673077,NAM,ZMB,7373
2237877,208,247,1238,2018.0,2477.0,0.0,1.7254209999999999,0.638757,SWE,ZMB,7373
2237878,224,247,1238,2018.0,26679.0,0.0,0.5883510000000001,2.357541,TUR,ZMB,7373
2237879,226,247,1238,2018.0,20999.0,0.0,-0.12971300000000002,1.379649,TZA,ZMB,7373
2237880,231,247,1238,2018.0,78143.0,0.0,1.5527739999999999,0.288577,USA,ZMB,7373
2237881,246,247,1238,2018.0,1197723.0,17105.0,-0.053311000000000004,1.45561,ZAF,ZMB,7373
2237882,248,247,1238,2018.0,3271.0,71948.0,-1.071621,-1.112033,ZWE,ZMB,7373
2237883,7,248,1238,2018.0,11162.0,0.0,-0.020214,-0.570049,ARE,ZWE,7373
2237884,32,248,1238,2018.0,1959.0,0.0,0.166542,0.718965,BRA,ZWE,7373
2237885,37,248,1238,2018.0,4642.0,0.0,-0.611288,-1.125815,BWA,ZWE,7373
2237886,41,248,1238,2018.0,14870.0,0.0,2.173252,0.861742,CHE,ZWE,7373
2237887,43,248,1238,2018.0,314431.0,0.0,1.378018,0.513572,CHN,ZWE,7373
2237888,61,248,1238,2018.0,7678.0,0.0,2.126861,-2.619524,DEU,ZWE,7373
2237889,71,248,1238,2018.0,1025.0,0.0,0.851197,2.261012,ESP,ZWE,7373
2237890,77,248,1238,2018.0,2942.0,0.0,1.3578540000000001,0.9033700000000001,FRA,ZWE,7373
2237891,81,248,1238,2018.0,2137.0,0.0,1.481442,1.050259,GBR,ZWE,7373
2237892,97,248,1238,2018.0,136379.0,0.0,0.8625149999999999,1.21001,HKG,ZWE,7373
2237893,102,248,1238,2018.0,13808.0,0.0,1.6983409999999999,0.693194,HUN,ZWE,7373
2237894,104,248,1238,2018.0,62852.0,0.0,0.536561,2.450287,IND,ZWE,7373
2237895,111,248,1238,2018.0,1124.0,0.0,1.4594799999999999,0.05113,ITA,ZWE,7373
2237896,121,248,1238,2018.0,1933.0,0.0,2.139149,0.795045,KOR,ZWE,7373
2237897,152,248,1238,2018.0,6346.0,14550.0,-0.717512,-0.8799450000000001,MWI,ZWE,7373
2237898,231,248,1238,2018.0,4829.0,0.0,1.5527739999999999,0.288577,USA,ZWE,7373
2237899,246,248,1238,2018.0,1122050.0,0.0,-0.053311000000000004,1.45561,ZAF,ZWE,7373
2237900,247,248,1238,2018.0,71948.0,3271.0,-0.8302510000000001,-0.932916,ZMB,ZWE,7373
2237901,250,248,1238,2018.0,0.0,9960.0,0.760441,-0.310861,ANS,ZWE,7373
2237902,7,9,1238,2018.0,15947.0,0.0,-0.020214,-0.570049,ARE,ARM,7373
2237903,23,9,1238,2018.0,1109.0,0.0,0.516917,1.915288,BGR,ARM,7373
2237904,28,9,1238,2018.0,1702.0,0.0,0.86016,1.034144,BLR,ARM,7373
2237905,39,9,1238,2018.0,1094.0,0.0,0.60854,1.475283,CAN,ARM,7373
2237906,43,9,1238,2018.0,138225.0,4050.0,1.378018,0.513572,CHN,ARM,7373
2237907,59,9,1238,2018.0,6386.0,0.0,1.8018669999999999,0.022382,CZE,ARM,7373
2237908,61,9,1238,2018.0,48965.0,1234.0,2.126861,-2.619524,DEU,ARM,7373
2237909,71,9,1238,2018.0,13534.0,0.0,0.851197,2.261012,ESP,ARM,7373
2237910,77,9,1238,2018.0,3467.0,0.0,1.3578540000000001,0.9033700000000001,FRA,ARM,7373
2237911,82,9,1238,2018.0,19285.0,0.0,-0.059633000000000005,-0.073048,GEO,ARM,7373
2237912,104,9,1238,2018.0,2810.0,0.0,0.536561,2.450287,IND,ARM,7373
2237913,107,9,1238,2018.0,9865.0,0.0,-0.290723,-0.430805,IRN,ARM,7373
2237914,110,9,1238,2018.0,4523.0,0.0,1.205666,1.001693,ISR,ARM,7373
2237915,111,9,1238,2018.0,162787.0,0.0,1.4594799999999999,0.05113,ITA,ARM,7373
2237916,114,9,1238,2018.0,22914.0,0.0,2.480327,-0.559793,JPN,ARM,7373
2237917,121,9,1238,2018.0,10923.0,0.0,2.139149,0.795045,KOR,ARM,7373
2237918,138,9,1238,2018.0,1353.0,0.0,1.272851,0.646359,MEX,ARM,7373
2237919,162,9,1238,2018.0,2207.0,0.0,1.060964,1.491808,NLD,ARM,7373
2237920,177,9,1238,2018.0,38315.0,0.0,1.1323860000000001,1.1465040000000002,POL,ARM,7373
2237921,186,9,1238,2018.0,166970.0,839544.0,-0.079971,0.11098599999999999,RUS,ARM,7373
2237922,208,9,1238,2018.0,2937.0,0.0,1.7254209999999999,0.638757,SWE,ARM,7373
2237923,228,9,1238,2018.0,12106.0,0.0,0.3281,1.0037459999999998,UKR,ARM,7373
2237924,231,9,1238,2018.0,19994.0,0.0,1.5527739999999999,0.288577,USA,ARM,7373
2237925,250,9,1238,2018.0,2341.0,0.0,0.760441,-0.310861,ANS,ARM,7373
2237926,39,30,1238,2018.0,29758.0,20124.0,0.60854,1.475283,CAN,BMU,7373
2237927,90,30,1238,2018.0,4933.0,0.0,0.069841,0.922895,GRC,BMU,7373
2237928,166,30,1238,2018.0,0.0,1544.0,0.113398,0.017740000000000002,NZL,BMU,7373
2237929,226,30,1238,2018.0,0.0,1386.0,-0.12971300000000002,1.379649,TZA,BMU,7373
2237930,231,30,1238,2018.0,137880.0,18130.0,1.5527739999999999,0.288577,USA,BMU,7373
2237931,43,127,1238,2018.0,7725.0,0.0,1.378018,0.513572,CHN,LCA,7373
2237932,65,127,1238,2018.0,0.0,1607.0,-0.205988,0.291906,DOM,LCA,7373
2237933,77,127,1238,2018.0,3199.0,0.0,1.3578540000000001,0.9033700000000001,FRA,LCA,7373
2237934,81,127,1238,2018.0,14248.0,1042.0,1.481442,1.050259,GBR,LCA,7373
2237935,91,127,1238,2018.0,0.0,5282.0,0.508417,-0.198203,GRD,LCA,7373
2237936,224,127,1238,2018.0,8343.0,0.0,0.5883510000000001,2.357541,TUR,LCA,7373
2237937,231,127,1238,2018.0,97280.0,10157.0,1.5527739999999999,0.288577,USA,LCA,7373
2237938,234,127,1238,2018.0,0.0,3601.0,-0.37162,-0.674759,VCT,LCA,7373
2237939,81,76,1238,2018.0,3232.0,0.0,1.481442,1.050259,GBR,FLK,7373
2237940,166,76,1238,2018.0,4567.0,0.0,0.113398,0.017740000000000002,NZL,FLK,7373
2237941,61,92,1238,2018.0,1540.0,0.0,2.126861,-2.619524,DEU,GRL,7373
2237942,64,92,1238,2018.0,975935.0,0.0,1.094761,1.337348,DNK,GRL,7373
2237943,7,126,1238,2018.0,27333.0,0.0,-0.020214,-0.570049,ARE,LBY,7373
2237944,18,126,1238,2018.0,100585.0,0.0,1.244674,1.1368969999999998,BEL,LBY,7373
2237945,39,126,1238,2018.0,11266.0,0.0,0.60854,1.475283,CAN,LBY,7373
2237946,41,126,1238,2018.0,66830.0,0.0,2.173252,0.861742,CHE,LBY,7373
2237947,43,126,1238,2018.0,432736.0,0.0,1.378018,0.513572,CHN,LBY,7373
2237948,61,126,1238,2018.0,87025.0,0.0,2.126861,-2.619524,DEU,LBY,7373
2237949,77,126,1238,2018.0,24771.0,0.0,1.3578540000000001,0.9033700000000001,FRA,LBY,7373
2237950,81,126,1238,2018.0,185809.0,0.0,1.481442,1.050259,GBR,LBY,7373
2237951,104,126,1238,2018.0,92306.0,0.0,0.536561,2.450287,IND,LBY,7373
2237952,106,126,1238,2018.0,2900.0,0.0,1.3647,0.094596,IRL,LBY,7373
2237953,111,126,1238,2018.0,140713.0,0.0,1.4594799999999999,0.05113,ITA,LBY,7373
2237954,121,126,1238,2018.0,6677.0,0.0,2.139149,0.795045,KOR,LBY,7373
2237955,141,126,1238,2018.0,0.0,3980.0,-0.805876,-0.907854,MLI,LBY,7373
2237956,142,126,1238,2018.0,16838.0,0.0,0.860195,0.281449,MLT,LBY,7373
2237957,207,126,1238,2018.0,98002.0,0.0,1.623183,0.7150850000000001,SVN,LBY,7373
2237958,223,126,1238,2018.0,96277.0,0.0,0.39611799999999997,1.252702,TUN,LBY,7373
2237959,224,126,1238,2018.0,205603.0,0.0,0.5883510000000001,2.357541,TUR,LBY,7373
2237960,15,140,1238,2018.0,44369.0,29463.0,1.798687,-0.557271,AUT,MKD,7373
2237961,18,140,1238,2018.0,25606.0,3657.0,1.244674,1.1368969999999998,BEL,MKD,7373
2237962,23,140,1238,2018.0,151989.0,72924.0,0.516917,1.915288,BGR,MKD,7373
2237963,26,140,1238,2018.0,12273.0,0.0,0.676528,0.8948299999999999,BIH,MKD,7373
2237964,41,140,1238,2018.0,148415.0,0.0,2.173252,0.861742,CHE,MKD,7373
2237965,43,140,1238,2018.0,174478.0,0.0,1.378018,0.513572,CHN,MKD,7373
2237966,52,140,1238,2018.0,1388.0,0.0,0.27715,0.33261999999999997,CRI,MKD,7373
2237967,59,140,1238,2018.0,33021.0,0.0,1.8018669999999999,0.022382,CZE,MKD,7373
2237968,61,140,1238,2018.0,2862454.0,69747.0,2.126861,-2.619524,DEU,MKD,7373
2237969,71,140,1238,2018.0,3605.0,0.0,0.851197,2.261012,ESP,MKD,7373
2237970,74,140,1238,2018.0,22172.0,0.0,1.561518,1.0198450000000001,FIN,MKD,7373
2237971,77,140,1238,2018.0,146585.0,15175.0,1.3578540000000001,0.9033700000000001,FRA,MKD,7373
2237972,81,140,1238,2018.0,48470.0,0.0,1.481442,1.050259,GBR,MKD,7373
2237973,90,140,1238,2018.0,14824.0,18639.0,0.069841,0.922895,GRC,MKD,7373
2237974,97,140,1238,2018.0,37557.0,0.0,0.8625149999999999,1.21001,HKG,MKD,7373
2237975,100,140,1238,2018.0,416996.0,1743.0,0.8873559999999999,1.480788,HRV,MKD,7373
2237976,102,140,1238,2018.0,25267.0,0.0,1.6983409999999999,0.693194,HUN,MKD,7373
2237977,104,140,1238,2018.0,5038.0,0.0,0.536561,2.450287,IND,MKD,7373
2237978,111,140,1238,2018.0,800473.0,6494.0,1.4594799999999999,0.05113,ITA,MKD,7373
2237979,114,140,1238,2018.0,149973.0,0.0,2.480327,-0.559793,JPN,MKD,7373
2237980,138,140,1238,2018.0,2252.0,0.0,1.272851,0.646359,MEX,MKD,7373
2237981,162,140,1238,2018.0,209538.0,0.0,1.060964,1.491808,NLD,MKD,7373
2237982,177,140,1238,2018.0,8498.0,0.0,1.1323860000000001,1.1465040000000002,POL,MKD,7373
2237983,179,140,1238,2018.0,1868.0,0.0,0.787381,1.959475,PRT,MKD,7373
2237984,185,140,1238,2018.0,308282.0,22241.0,1.1458030000000001,1.194413,ROU,MKD,7373
2237985,201,140,1238,2018.0,142009.0,9458.0,0.665772,1.552409,SRB,MKD,7373
2237986,206,140,1238,2018.0,82174.0,0.0,1.445669,0.9135850000000001,SVK,MKD,7373
2237987,207,140,1238,2018.0,918057.0,9730.0,1.623183,0.7150850000000001,SVN,MKD,7373
2237988,224,140,1238,2018.0,136804.0,0.0,0.5883510000000001,2.357541,TUR,MKD,7373
2237989,231,140,1238,2018.0,114655.0,0.0,1.5527739999999999,0.288577,USA,MKD,7373
2237990,249,140,1238,2018.0,4779.0,0.0,2.0283580000000003,1.1648319999999999,TWN,MKD,7373
2237991,4,144,1238,2018.0,0.0,1497.0,-0.403248,-0.180523,ALB,MNE,7373
2237992,15,144,1238,2018.0,22342.0,1031.0,1.798687,-0.557271,AUT,MNE,7373
2237993,26,144,1238,2018.0,38410.0,0.0,0.676528,0.8948299999999999,BIH,MNE,7373
2237994,41,144,1238,2018.0,5950.0,0.0,2.173252,0.861742,CHE,MNE,7373
2237995,43,144,1238,2018.0,88890.0,0.0,1.378018,0.513572,CHN,MNE,7373
2237996,59,144,1238,2018.0,40269.0,0.0,1.8018669999999999,0.022382,CZE,MNE,7373
2237997,61,144,1238,2018.0,24853.0,0.0,2.126861,-2.619524,DEU,MNE,7373
2237998,64,144,1238,2018.0,1694.0,0.0,1.094761,1.337348,DNK,MNE,7373
2237999,71,144,1238,2018.0,1298.0,0.0,0.851197,2.261012,ESP,MNE,7373
2238000,74,144,1238,2018.0,23361.0,1211.0,1.561518,1.0198450000000001,FIN,MNE,7373
2238001,77,144,1238,2018.0,29963.0,0.0,1.3578540000000001,0.9033700000000001,FRA,MNE,7373
2238002,100,144,1238,2018.0,8790.0,0.0,0.8873559999999999,1.480788,HRV,MNE,7373
2238003,102,144,1238,2018.0,4849.0,0.0,1.6983409999999999,0.693194,HUN,MNE,7373
2238004,104,144,1238,2018.0,8596.0,0.0,0.536561,2.450287,IND,MNE,7373
2238005,111,144,1238,2018.0,272102.0,0.0,1.4594799999999999,0.05113,ITA,MNE,7373
2238006,114,144,1238,2018.0,11181.0,0.0,2.480327,-0.559793,JPN,MNE,7373
2238007,163,144,1238,2018.0,0.0,2585.0,0.359254,-0.059994000000000006,NOR,MNE,7373
2238008,177,144,1238,2018.0,21303.0,0.0,1.1323860000000001,1.1465040000000002,POL,MNE,7373
2238009,186,144,1238,2018.0,2939.0,0.0,-0.079971,0.11098599999999999,RUS,MNE,7373
2238010,201,144,1238,2018.0,255759.0,7223.0,0.665772,1.552409,SRB,MNE,7373
2238011,206,144,1238,2018.0,5910.0,0.0,1.445669,0.9135850000000001,SVK,MNE,7373
2238012,207,144,1238,2018.0,62342.0,0.0,1.623183,0.7150850000000001,SVN,MNE,7373
2238013,224,144,1238,2018.0,38287.0,0.0,0.5883510000000001,2.357541,TUR,MNE,7373
2238014,231,144,1238,2018.0,3421.0,0.0,1.5527739999999999,0.288577,USA,MNE,7373
2238015,249,144,1238,2018.0,3367.0,0.0,2.0283580000000003,1.1648319999999999,TWN,MNE,7373
2238016,14,145,1238,2018.0,124638.0,0.0,-0.5578930000000001,-0.15666300000000002,AUS,MNG,7373
2238017,15,145,1238,2018.0,13263.0,0.0,1.798687,-0.557271,AUT,MNG,7373
2238018,41,145,1238,2018.0,35314.0,0.0,2.173252,0.861742,CHE,MNG,7373
2238019,43,145,1238,2018.0,334808.0,11758.0,1.378018,0.513572,CHN,MNG,7373
2238020,59,145,1238,2018.0,23295.0,0.0,1.8018669999999999,0.022382,CZE,MNG,7373
2238021,61,145,1238,2018.0,18139.0,0.0,2.126861,-2.619524,DEU,MNG,7373
2238022,74,145,1238,2018.0,33576.0,0.0,1.561518,1.0198450000000001,FIN,MNG,7373
2238023,77,145,1238,2018.0,11925.0,0.0,1.3578540000000001,0.9033700000000001,FRA,MNG,7373
2238024,81,145,1238,2018.0,21596.0,0.0,1.481442,1.050259,GBR,MNG,7373
2238025,104,145,1238,2018.0,20530.0,0.0,0.536561,2.450287,IND,MNG,7373
2238026,111,145,1238,2018.0,5688.0,1582.0,1.4594799999999999,0.05113,ITA,MNG,7373
2238027,114,145,1238,2018.0,192682.0,0.0,2.480327,-0.559793,JPN,MNG,7373
2238028,121,145,1238,2018.0,103458.0,0.0,2.139149,0.795045,KOR,MNG,7373
2238029,138,145,1238,2018.0,2088.0,0.0,1.272851,0.646359,MEX,MNG,7373
2238030,162,145,1238,2018.0,194621.0,0.0,1.060964,1.491808,NLD,MNG,7373
2238031,177,145,1238,2018.0,16676.0,0.0,1.1323860000000001,1.1465040000000002,POL,MNG,7373
2238032,186,145,1238,2018.0,16695.0,0.0,-0.079971,0.11098599999999999,RUS,MNG,7373
2238033,192,145,1238,2018.0,1549.0,0.0,1.870268,0.672214,SGP,MNG,7373
2238034,231,145,1238,2018.0,291885.0,0.0,1.5527739999999999,0.288577,USA,MNG,7373
2238035,249,145,1238,2018.0,4314.0,0.0,2.0283580000000003,1.1648319999999999,TWN,MNG,7373
2238036,7,157,1238,2018.0,15092.0,0.0,-0.020214,-0.570049,ARE,NER,7373
2238037,18,157,1238,2018.0,5455.0,0.0,1.244674,1.1368969999999998,BEL,NER,7373
2238038,21,157,1238,2018.0,3402.0,2786.0,-0.625138,-0.848562,BFA,NER,7373
2238039,43,157,1238,2018.0,53804.0,0.0,1.378018,0.513572,CHN,NER,7373
2238040,44,157,1238,2018.0,7720.0,0.0,-1.021384,-0.898676,CIV,NER,7373
2238041,61,157,1238,2018.0,6594.0,0.0,2.126861,-2.619524,DEU,NER,7373
2238042,77,157,1238,2018.0,41288.0,0.0,1.3578540000000001,0.9033700000000001,FRA,NER,7373
2238043,113,157,1238,2018.0,35374.0,0.0,0.125467,0.382625,JOR,NER,7373
2238044,208,157,1238,2018.0,22647.0,0.0,1.7254209999999999,0.638757,SWE,NER,7373
2238045,224,157,1238,2018.0,14338.0,0.0,0.5883510000000001,2.357541,TUR,NER,7373
2238046,231,157,1238,2018.0,26411.0,0.0,1.5527739999999999,0.288577,USA,NER,7373
2238047,7,198,1238,2018.0,0.0,57233.0,-0.020214,-0.570049,ARE,SMR,7373
2238048,15,198,1238,2018.0,26095.0,2899.0,1.798687,-0.557271,AUT,SMR,7373
2238049,26,198,1238,2018.0,0.0,2010.0,0.676528,0.8948299999999999,BIH,SMR,7373
2238050,43,198,1238,2018.0,0.0,190443.0,1.378018,0.513572,CHN,SMR,7373
2238051,49,198,1238,2018.0,0.0,1510.0,0.144073,-0.10276199999999999,COL,SMR,7373
2238052,61,198,1238,2018.0,1405.0,0.0,2.126861,-2.619524,DEU,SMR,7373
2238053,71,198,1238,2018.0,47930.0,0.0,0.851197,2.261012,ESP,SMR,7373
2238054,77,198,1238,2018.0,0.0,72011.0,1.3578540000000001,0.9033700000000001,FRA,SMR,7373
2238055,82,198,1238,2018.0,0.0,8277.0,-0.059633000000000005,-0.073048,GEO,SMR,7373
2238056,102,198,1238,2018.0,7935.0,0.0,1.6983409999999999,0.693194,HUN,SMR,7373
2238057,110,198,1238,2018.0,0.0,1790.0,1.205666,1.001693,ISR,SMR,7373
2238058,122,198,1238,2018.0,0.0,11455.0,-0.790523,-1.136525,KWT,SMR,7373
2238059,124,198,1238,2018.0,0.0,17123.0,0.37832899999999997,1.077452,LBN,SMR,7373
2238060,134,198,1238,2018.0,0.0,10073.0,-0.57445,-0.14461400000000002,MAR,SMR,7373
2238061,177,198,1238,2018.0,0.0,81092.0,1.1323860000000001,1.1465040000000002,POL,SMR,7373
2238062,224,198,1238,2018.0,0.0,4502.0,0.5883510000000001,2.357541,TUR,SMR,7373
2238063,228,198,1238,2018.0,0.0,34908.0,0.3281,1.0037459999999998,UKR,SMR,7373
2238064,18,17,1238,2018.0,9160.0,0.0,1.244674,1.1368969999999998,BEL,BDI,7373
2238065,43,17,1238,2018.0,8918.0,0.0,1.378018,0.513572,CHN,BDI,7373
2238066,77,17,1238,2018.0,8852.0,0.0,1.3578540000000001,0.9033700000000001,FRA,BDI,7373
2238067,104,17,1238,2018.0,10469.0,0.0,0.536561,2.450287,IND,BDI,7373
2238068,7,243,1238,2018.0,71217.0,0.0,-0.020214,-0.570049,ARE,YEM,7373
2238069,41,243,1238,2018.0,74985.0,0.0,2.173252,0.861742,CHE,YEM,7373
2238070,43,243,1238,2018.0,983755.0,0.0,1.378018,0.513572,CHN,YEM,7373
2238071,59,243,1238,2018.0,1778.0,0.0,1.8018669999999999,0.022382,CZE,YEM,7373
2238072,61,243,1238,2018.0,6701.0,0.0,2.126861,-2.619524,DEU,YEM,7373
2238073,104,243,1238,2018.0,3307.0,0.0,0.536561,2.450287,IND,YEM,7373
2238074,124,243,1238,2018.0,3434.0,0.0,0.37832899999999997,1.077452,LBN,YEM,7373
2238075,168,243,1238,2018.0,6450.0,0.0,-0.737637,0.274296,PAK,YEM,7373
2238076,188,243,1238,2018.0,5832.0,0.0,0.600485,-0.450466,SAU,YEM,7373
2238077,224,243,1238,2018.0,29544.0,0.0,0.5883510000000001,2.357541,TUR,YEM,7373
2238078,228,243,1238,2018.0,3447.0,0.0,0.3281,1.0037459999999998,UKR,YEM,7373
2238079,250,243,1238,2018.0,10083.0,0.0,0.760441,-0.310861,ANS,YEM,7373
2238080,7,2,1238,2018.0,223160.0,0.0,-0.020214,-0.570049,ARE,AGO,7373
2238081,15,2,1238,2018.0,4756.0,82504.0,1.798687,-0.557271,AUT,AGO,7373
2238082,18,2,1238,2018.0,23100.0,0.0,1.244674,1.1368969999999998,BEL,AGO,7373
2238083,19,2,1238,2018.0,0.0,10269.0,-0.775822,-0.800248,BEN,AGO,7373
2238084,32,2,1238,2018.0,15272.0,0.0,0.166542,0.718965,BRA,AGO,7373
2238085,41,2,1238,2018.0,7818.0,0.0,2.173252,0.861742,CHE,AGO,7373
2238086,43,2,1238,2018.0,628394.0,3094.0,1.378018,0.513572,CHN,AGO,7373
2238087,44,2,1238,2018.0,3500.0,0.0,-1.021384,-0.898676,CIV,AGO,7373
2238088,46,2,1238,2018.0,0.0,1052.0,-1.704339,-1.211619,COD,AGO,7373
2238089,47,2,1238,2018.0,0.0,1260.0,-1.614157,-1.177288,COG,AGO,7373
2238090,58,2,1238,2018.0,2002.0,0.0,0.180009,-0.26353200000000004,CYP,AGO,7373
2238091,59,2,1238,2018.0,2254.0,0.0,1.8018669999999999,0.022382,CZE,AGO,7373
2238092,61,2,1238,2018.0,27305.0,0.0,2.126861,-2.619524,DEU,AGO,7373
2238093,71,2,1238,2018.0,34833.0,0.0,0.851197,2.261012,ESP,AGO,7373
2238094,77,2,1238,2018.0,88361.0,18513.0,1.3578540000000001,0.9033700000000001,FRA,AGO,7373
2238095,81,2,1238,2018.0,28932.0,0.0,1.481442,1.050259,GBR,AGO,7373
2238096,83,2,1238,2018.0,0.0,4917.0,-0.769089,-0.8389200000000001,GHA,AGO,7373
2238097,89,2,1238,2018.0,11298.0,0.0,-2.065257,-0.986057,GNQ,AGO,7373
2238098,97,2,1238,2018.0,5287.0,0.0,0.8625149999999999,1.21001,HKG,AGO,7373
2238099,104,2,1238,2018.0,95542.0,0.0,0.536561,2.450287,IND,AGO,7373
2238100,110,2,1238,2018.0,1852.0,0.0,1.205666,1.001693,ISR,AGO,7373
2238101,111,2,1238,2018.0,62420.0,0.0,1.4594799999999999,0.05113,ITA,AGO,7373
2238102,114,2,1238,2018.0,50431.0,0.0,2.480327,-0.559793,JPN,AGO,7373
2238103,116,2,1238,2018.0,0.0,8649.0,-0.381632,0.460819,KEN,AGO,7373
2238104,121,2,1238,2018.0,2465.0,3315.0,2.139149,0.795045,KOR,AGO,7373
2238105,124,2,1238,2018.0,1864.0,0.0,0.37832899999999997,1.077452,LBN,AGO,7373
2238106,134,2,1238,2018.0,16161.0,0.0,-0.57445,-0.14461400000000002,MAR,AGO,7373
2238107,138,2,1238,2018.0,2978.0,0.0,1.272851,0.646359,MEX,AGO,7373
2238108,147,2,1238,2018.0,4049.0,7728.0,-1.253762,-1.0049,MOZ,AGO,7373
2238109,155,2,1238,2018.0,5506.0,3578.0,-0.45412600000000003,-0.673077,NAM,AGO,7373
2238110,159,2,1238,2018.0,2628.0,0.0,-1.839074,-1.29837,NGA,AGO,7373
2238111,162,2,1238,2018.0,69765.0,70566.0,1.060964,1.491808,NLD,AGO,7373
2238112,177,2,1238,2018.0,1509.0,0.0,1.1323860000000001,1.1465040000000002,POL,AGO,7373
2238113,179,2,1238,2018.0,1637663.0,17393.0,0.787381,1.959475,PRT,AGO,7373
2238114,186,2,1238,2018.0,5118.0,1659.0,-0.079971,0.11098599999999999,RUS,AGO,7373
2238115,192,2,1238,2018.0,81166.0,0.0,1.870268,0.672214,SGP,AGO,7373
2238116,224,2,1238,2018.0,270034.0,0.0,0.5883510000000001,2.357541,TUR,AGO,7373
2238117,231,2,1238,2018.0,350424.0,240163.0,1.5527739999999999,0.288577,USA,AGO,7373
2238118,246,2,1238,2018.0,171182.0,7116.0,-0.053311000000000004,1.45561,ZAF,AGO,7373
2238119,15,4,1238,2018.0,3077.0,9349.0,1.798687,-0.557271,AUT,ALB,7373
2238120,18,4,1238,2018.0,0.0,3931.0,1.244674,1.1368969999999998,BEL,ALB,7373
2238121,41,4,1238,2018.0,24043.0,0.0,2.173252,0.861742,CHE,ALB,7373
2238122,43,4,1238,2018.0,707488.0,0.0,1.378018,0.513572,CHN,ALB,7373
2238123,59,4,1238,2018.0,97249.0,0.0,1.8018669999999999,0.022382,CZE,ALB,7373
2238124,61,4,1238,2018.0,472024.0,0.0,2.126861,-2.619524,DEU,ALB,7373
2238125,74,4,1238,2018.0,0.0,7022.0,1.561518,1.0198450000000001,FIN,ALB,7373
2238126,77,4,1238,2018.0,114781.0,3277.0,1.3578540000000001,0.9033700000000001,FRA,ALB,7373
2238127,81,4,1238,2018.0,6508.0,2406.0,1.481442,1.050259,GBR,ALB,7373
2238128,90,4,1238,2018.0,69796.0,0.0,0.069841,0.922895,GRC,ALB,7373
2238129,97,4,1238,2018.0,16801.0,0.0,0.8625149999999999,1.21001,HKG,ALB,7373
2238130,100,4,1238,2018.0,2597.0,0.0,0.8873559999999999,1.480788,HRV,ALB,7373
2238131,104,4,1238,2018.0,1544.0,0.0,0.536561,2.450287,IND,ALB,7373
2238132,111,4,1238,2018.0,758859.0,3208.0,1.4594799999999999,0.05113,ITA,ALB,7373
2238133,121,4,1238,2018.0,16302.0,0.0,2.139149,0.795045,KOR,ALB,7373
2238134,144,4,1238,2018.0,1497.0,0.0,0.166157,0.132633,MNE,ALB,7373
2238135,162,4,1238,2018.0,24631.0,0.0,1.060964,1.491808,NLD,ALB,7373
2238136,163,4,1238,2018.0,0.0,4340.0,0.359254,-0.059994000000000006,NOR,ALB,7373
2238137,177,4,1238,2018.0,37858.0,0.0,1.1323860000000001,1.1465040000000002,POL,ALB,7373
2238138,185,4,1238,2018.0,25406.0,0.0,1.1458030000000001,1.194413,ROU,ALB,7373
2238139,201,4,1238,2018.0,11582.0,0.0,0.665772,1.552409,SRB,ALB,7373
2238140,206,4,1238,2018.0,3640.0,0.0,1.445669,0.9135850000000001,SVK,ALB,7373
2238141,207,4,1238,2018.0,13486.0,9595.0,1.623183,0.7150850000000001,SVN,ALB,7373
2238142,208,4,1238,2018.0,142704.0,0.0,1.7254209999999999,0.638757,SWE,ALB,7373
2238143,224,4,1238,2018.0,133513.0,2475.0,0.5883510000000001,2.357541,TUR,ALB,7373
2238144,71,5,1238,2018.0,84827.0,0.0,0.851197,2.261012,ESP,AND,7373
2238145,77,5,1238,2018.0,13637.0,1310.0,1.3578540000000001,0.9033700000000001,FRA,AND,7373
2238146,111,5,1238,2018.0,2849.0,0.0,1.4594799999999999,0.05113,ITA,AND,7373
2238147,14,34,1238,2018.0,19704.0,0.0,-0.5578930000000001,-0.15666300000000002,AUS,BRN,7373
2238148,43,34,1238,2018.0,3249610.0,649759.0,1.378018,0.513572,CHN,BRN,7373
2238149,81,34,1238,2018.0,65249.0,0.0,1.481442,1.050259,GBR,BRN,7373
2238150,97,34,1238,2018.0,9148.0,0.0,0.8625149999999999,1.21001,HKG,BRN,7373
2238151,104,34,1238,2018.0,1232.0,0.0,0.536561,2.450287,IND,BRN,7373
2238152,114,34,1238,2018.0,42319.0,0.0,2.480327,-0.559793,JPN,BRN,7373
2238153,121,34,1238,2018.0,37736.0,5096.0,2.139149,0.795045,KOR,BRN,7373
2238154,153,34,1238,2018.0,204957.0,36408.0,1.047185,0.732742,MYS,BRN,7373
2238155,174,34,1238,2018.0,0.0,3424.0,0.7233649999999999,0.23715300000000003,PHL,BRN,7373
2238156,177,34,1238,2018.0,13628.0,0.0,1.1323860000000001,1.1465040000000002,POL,BRN,7373
2238157,192,34,1238,2018.0,102161.0,49359.0,1.870268,0.672214,SGP,BRN,7373
2238158,208,34,1238,2018.0,155826.0,0.0,1.7254209999999999,0.638757,SWE,BRN,7373
2238159,231,34,1238,2018.0,15767.0,0.0,1.5527739999999999,0.288577,USA,BRN,7373
2238160,239,34,1238,2018.0,39353.0,0.0,0.111848,0.915842,VNM,BRN,7373
2238161,249,34,1238,2018.0,2809.0,0.0,2.0283580000000003,1.1648319999999999,TWN,BRN,7373
2238162,43,35,1238,2018.0,18091.0,0.0,1.378018,0.513572,CHN,BTN,7373
2238163,104,35,1238,2018.0,147847.0,0.0,0.536561,2.450287,IND,BTN,7373
2238164,121,35,1238,2018.0,4305.0,0.0,2.139149,0.795045,KOR,BTN,7373
2238165,164,35,1238,2018.0,0.0,13349.0,-0.15379500000000002,0.7814369999999999,NPL,BTN,7373
2238166,216,35,1238,2018.0,1606.0,0.0,1.188923,1.264666,THA,BTN,7373
2238167,43,38,1238,2018.0,1222.0,0.0,1.378018,0.513572,CHN,CAF,7373
2238168,77,38,1238,2018.0,33980.0,0.0,1.3578540000000001,0.9033700000000001,FRA,CAF,7373
2238169,124,38,1238,2018.0,2576.0,0.0,0.37832899999999997,1.077452,LBN,CAF,7373
2238170,250,38,1238,2018.0,3628.0,0.0,0.760441,-0.310861,ANS,CAF,7373
2238171,43,48,1238,2018.0,1703.0,0.0,1.378018,0.513572,CHN,COK,7373
2238172,111,48,1238,2018.0,7526.0,0.0,1.4594799999999999,0.05113,ITA,COK,7373
2238173,151,48,1238,2018.0,1096.0,0.0,-0.268625,0.104254,MUS,COK,7373
2238174,166,48,1238,2018.0,14278.0,0.0,0.113398,0.017740000000000002,NZL,COK,7373
2238175,7,50,1238,2018.0,1549.0,0.0,-0.020214,-0.570049,ARE,COM,7373
2238176,43,50,1238,2018.0,72941.0,0.0,1.378018,0.513572,CHN,COM,7373
2238177,77,50,1238,2018.0,121259.0,2326.0,1.3578540000000001,0.9033700000000001,FRA,COM,7373
2238178,104,50,1238,2018.0,3143.0,0.0,0.536561,2.450287,IND,COM,7373
2238179,14,63,1238,2018.0,0.0,2021.0,-0.5578930000000001,-0.15666300000000002,AUS,DMA,7373
2238180,43,63,1238,2018.0,16978.0,0.0,1.378018,0.513572,CHN,DMA,7373
2238181,111,63,1238,2018.0,49147.0,0.0,1.4594799999999999,0.05113,ITA,DMA,7373
2238182,162,63,1238,2018.0,24035.0,0.0,1.060964,1.491808,NLD,DMA,7373
2238183,231,63,1238,2018.0,84436.0,0.0,1.5527739999999999,0.288577,USA,DMA,7373
2238184,7,69,1238,2018.0,71376.0,0.0,-0.020214,-0.570049,ARE,ERI,7373
2238185,43,69,1238,2018.0,26066.0,0.0,1.378018,0.513572,CHN,ERI,7373
2238186,81,69,1238,2018.0,5415.0,0.0,1.481442,1.050259,GBR,ERI,7373
2238187,111,69,1238,2018.0,278368.0,0.0,1.4594799999999999,0.05113,ITA,ERI,7373
2238188,231,69,1238,2018.0,5951.0,0.0,1.5527739999999999,0.288577,USA,ERI,7373
2238189,246,69,1238,2018.0,4231.0,0.0,-0.053311000000000004,1.45561,ZAF,ERI,7373
2238190,14,75,1238,2018.0,967691.0,13483.0,-0.5578930000000001,-0.15666300000000002,AUS,FJI,7373
2238191,18,75,1238,2018.0,23013.0,0.0,1.244674,1.1368969999999998,BEL,FJI,7373
2238192,39,75,1238,2018.0,3755.0,0.0,0.60854,1.475283,CAN,FJI,7373
2238193,43,75,1238,2018.0,264934.0,0.0,1.378018,0.513572,CHN,FJI,7373
2238194,77,75,1238,2018.0,15527.0,0.0,1.3578540000000001,0.9033700000000001,FRA,FJI,7373
2238195,97,75,1238,2018.0,1725.0,0.0,0.8625149999999999,1.21001,HKG,FJI,7373
2238196,104,75,1238,2018.0,2414.0,0.0,0.536561,2.450287,IND,FJI,7373
2238197,111,75,1238,2018.0,3648.0,0.0,1.4594799999999999,0.05113,ITA,FJI,7373
2238198,114,75,1238,2018.0,2120.0,0.0,2.480327,-0.559793,JPN,FJI,7373
2238199,119,75,1238,2018.0,0.0,10292.0,-0.616492,-0.950478,KIR,FJI,7373
2238200,121,75,1238,2018.0,5012.0,0.0,2.139149,0.795045,KOR,FJI,7373
2238201,165,75,1238,2018.0,0.0,2615.0,0.7573529999999999,0.089247,NRU,FJI,7373
2238202,166,75,1238,2018.0,69292.0,36607.0,0.113398,0.017740000000000002,NZL,FJI,7373
2238203,192,75,1238,2018.0,18898.0,0.0,1.870268,0.672214,SGP,FJI,7373
2238204,216,75,1238,2018.0,1060.0,0.0,1.188923,1.264666,THA,FJI,7373
2238205,231,75,1238,2018.0,6169.0,0.0,1.5527739999999999,0.288577,USA,FJI,7373
2238206,59,78,1238,2018.0,45161.0,0.0,1.8018669999999999,0.022382,CZE,FRO,7373
2238207,61,78,1238,2018.0,6476.0,0.0,2.126861,-2.619524,DEU,FRO,7373
2238208,64,78,1238,2018.0,265706.0,0.0,1.094761,1.337348,DNK,FRO,7373
2238209,74,78,1238,2018.0,77801.0,0.0,1.561518,1.0198450000000001,FIN,FRO,7373
2238210,81,78,1238,2018.0,71624.0,0.0,1.481442,1.050259,GBR,FRO,7373
2238211,109,78,1238,2018.0,51110.0,11049.0,0.161776,-0.293048,ISL,FRO,7373
2238212,162,78,1238,2018.0,6985.0,0.0,1.060964,1.491808,NLD,FRO,7373
2238213,163,78,1238,2018.0,2215.0,12252.0,0.359254,-0.059994000000000006,NOR,FRO,7373
2238214,208,78,1238,2018.0,2193.0,0.0,1.7254209999999999,0.638757,SWE,FRO,7373
2238215,97,79,1238,2018.0,1822.0,0.0,0.8625149999999999,1.21001,HKG,FSM,7373
2238216,114,79,1238,2018.0,6858.0,0.0,2.480327,-0.559793,JPN,FSM,7373
2238217,18,87,1238,2018.0,28782.0,0.0,1.244674,1.1368969999999998,BEL,GMB,7373
2238218,43,87,1238,2018.0,45240.0,0.0,1.378018,0.513572,CHN,GMB,7373
2238219,77,87,1238,2018.0,12816.0,0.0,1.3578540000000001,0.9033700000000001,FRA,GMB,7373
2238220,191,87,1238,2018.0,15343.0,0.0,-0.699313,-0.360203,SEN,GMB,7373
2238221,223,87,1238,2018.0,0.0,41468.0,0.39611799999999997,1.252702,TUN,GMB,7373
2238222,224,87,1238,2018.0,7571.0,0.0,0.5883510000000001,2.357541,TUR,GMB,7373
2238223,43,88,1238,2018.0,33497.0,0.0,1.378018,0.513572,CHN,GNB,7373
2238224,104,88,1238,2018.0,2091.0,0.0,0.536561,2.450287,IND,GNB,7373
2238225,179,88,1238,2018.0,9909.0,0.0,0.787381,1.959475,PRT,GNB,7373
2238226,43,91,1238,2018.0,2059.0,0.0,1.378018,0.513572,CHN,GRD,7373
2238227,61,91,1238,2018.0,7088.0,0.0,2.126861,-2.619524,DEU,GRD,7373
2238228,81,91,1238,2018.0,4727.0,0.0,1.481442,1.050259,GBR,GRD,7373
2238229,127,91,1238,2018.0,5282.0,0.0,0.412714,0.17183900000000002,LCA,GRD,7373
2238230,162,91,1238,2018.0,1007.0,0.0,1.060964,1.491808,NLD,GRD,7373
2238231,222,91,1238,2018.0,28788.0,6055.0,-0.32209299999999996,-1.0651540000000002,TTO,GRD,7373
2238232,231,91,1238,2018.0,38073.0,0.0,1.5527739999999999,0.288577,USA,GRD,7373
2238233,234,91,1238,2018.0,1394.0,2171.0,-0.37162,-0.674759,VCT,GRD,7373
2238234,174,95,1238,2018.0,13575.0,0.0,0.7233649999999999,0.23715300000000003,PHL,GUM,7373
2238235,175,95,1238,2018.0,0.0,1320.0,-0.020347,-0.781658,PLW,GUM,7373
2238236,18,101,1238,2018.0,2805.0,0.0,1.244674,1.1368969999999998,BEL,HTI,7373
2238237,43,101,1238,2018.0,89802.0,0.0,1.378018,0.513572,CHN,HTI,7373
2238238,49,101,1238,2018.0,1666.0,0.0,0.144073,-0.10276199999999999,COL,HTI,7373
2238239,61,101,1238,2018.0,21595.0,0.0,2.126861,-2.619524,DEU,HTI,7373
2238240,65,101,1238,2018.0,27764.0,0.0,-0.205988,0.291906,DOM,HTI,7373
2238241,71,101,1238,2018.0,3773.0,0.0,0.851197,2.261012,ESP,HTI,7373
2238242,77,101,1238,2018.0,1199.0,0.0,1.3578540000000001,0.9033700000000001,FRA,HTI,7373
2238243,93,101,1238,2018.0,2901.0,0.0,-0.321177,0.6339090000000001,GTM,HTI,7373
2238244,111,101,1238,2018.0,11276.0,0.0,1.4594799999999999,0.05113,ITA,HTI,7373
2238245,121,101,1238,2018.0,25905.0,0.0,2.139149,0.795045,KOR,HTI,7373
2238246,138,101,1238,2018.0,10027.0,0.0,1.272851,0.646359,MEX,HTI,7373
2238247,231,101,1238,2018.0,94334.0,0.0,1.5527739999999999,0.288577,USA,HTI,7373
2238248,81,120,1238,2018.0,2942.0,1399.0,1.481442,1.050259,GBR,KNA,7373
2238249,231,120,1238,2018.0,73968.0,7440.0,1.5527739999999999,0.288577,USA,KNA,7373
2238250,7,136,1238,2018.0,7386.0,0.0,-0.020214,-0.570049,ARE,MDG,7373
2238251,14,136,1238,2018.0,2404.0,0.0,-0.5578930000000001,-0.15666300000000002,AUS,MDG,7373
2238252,15,136,1238,2018.0,10436.0,0.0,1.798687,-0.557271,AUT,MDG,7373
2238253,41,136,1238,2018.0,13632.0,0.0,2.173252,0.861742,CHE,MDG,7373
2238254,43,136,1238,2018.0,447576.0,0.0,1.378018,0.513572,CHN,MDG,7373
2238255,61,136,1238,2018.0,25153.0,4284.0,2.126861,-2.619524,DEU,MDG,7373
2238256,71,136,1238,2018.0,5924.0,0.0,0.851197,2.261012,ESP,MDG,7373
2238257,77,136,1238,2018.0,381025.0,16765.0,1.3578540000000001,0.9033700000000001,FRA,MDG,7373
2238258,81,136,1238,2018.0,3755.0,0.0,1.481442,1.050259,GBR,MDG,7373
2238259,104,136,1238,2018.0,2984.0,0.0,0.536561,2.450287,IND,MDG,7373
2238260,111,136,1238,2018.0,34926.0,0.0,1.4594799999999999,0.05113,ITA,MDG,7373
2238261,114,136,1238,2018.0,15355.0,0.0,2.480327,-0.559793,JPN,MDG,7373
2238262,121,136,1238,2018.0,26307.0,0.0,2.139149,0.795045,KOR,MDG,7373
2238263,134,136,1238,2018.0,12429.0,0.0,-0.57445,-0.14461400000000002,MAR,MDG,7373
2238264,162,136,1238,2018.0,1511.0,0.0,1.060964,1.491808,NLD,MDG,7373
2238265,177,136,1238,2018.0,37549.0,0.0,1.1323860000000001,1.1465040000000002,POL,MDG,7373
2238266,192,136,1238,2018.0,4071.0,1632.0,1.870268,0.672214,SGP,MDG,7373
2238267,206,136,1238,2018.0,9804.0,0.0,1.445669,0.9135850000000001,SVK,MDG,7373
2238268,216,136,1238,2018.0,1048.0,0.0,1.188923,1.264666,THA,MDG,7373
2238269,224,136,1238,2018.0,16044.0,0.0,0.5883510000000001,2.357541,TUR,MDG,7373
2238270,231,136,1238,2018.0,104066.0,0.0,1.5527739999999999,0.288577,USA,MDG,7373
2238271,246,136,1238,2018.0,172955.0,0.0,-0.053311000000000004,1.45561,ZAF,MDG,7373
2238272,250,136,1238,2018.0,18070.0,2451.0,0.760441,-0.310861,ANS,MDG,7373
2238273,7,137,1238,2018.0,36608.0,0.0,-0.020214,-0.570049,ARE,MDV,7373
2238274,14,137,1238,2018.0,1499.0,0.0,-0.5578930000000001,-0.15666300000000002,AUS,MDV,7373
2238275,18,137,1238,2018.0,21551.0,0.0,1.244674,1.1368969999999998,BEL,MDV,7373
2238276,39,137,1238,2018.0,6468.0,0.0,0.60854,1.475283,CAN,MDV,7373
2238277,41,137,1238,2018.0,53361.0,0.0,2.173252,0.861742,CHE,MDV,7373
2238278,43,137,1238,2018.0,209706.0,0.0,1.378018,0.513572,CHN,MDV,7373
2238279,59,137,1238,2018.0,5867.0,0.0,1.8018669999999999,0.022382,CZE,MDV,7373
2238280,61,137,1238,2018.0,4358.0,0.0,2.126861,-2.619524,DEU,MDV,7373
2238281,64,137,1238,2018.0,1529.0,0.0,1.094761,1.337348,DNK,MDV,7373
2238282,97,137,1238,2018.0,4012.0,0.0,0.8625149999999999,1.21001,HKG,MDV,7373
2238283,104,137,1238,2018.0,41535.0,0.0,0.536561,2.450287,IND,MDV,7373
2238284,111,137,1238,2018.0,54867.0,0.0,1.4594799999999999,0.05113,ITA,MDV,7373
2238285,114,137,1238,2018.0,7531.0,0.0,2.480327,-0.559793,JPN,MDV,7373
2238286,128,137,1238,2018.0,11579.0,0.0,-0.364093,0.347953,LKA,MDV,7373
2238287,153,137,1238,2018.0,18259.0,0.0,1.047185,0.732742,MYS,MDV,7373
2238288,177,137,1238,2018.0,2344.0,0.0,1.1323860000000001,1.1465040000000002,POL,MDV,7373
2238289,192,137,1238,2018.0,48063.0,0.0,1.870268,0.672214,SGP,MDV,7373
2238290,216,137,1238,2018.0,53242.0,0.0,1.188923,1.264666,THA,MDV,7373
2238291,224,137,1238,2018.0,42036.0,0.0,0.5883510000000001,2.357541,TUR,MDV,7373
2238292,14,156,1238,2018.0,468137.0,0.0,-0.5578930000000001,-0.15666300000000002,AUS,NCL,7373
2238293,41,156,1238,2018.0,5436.0,0.0,2.173252,0.861742,CHE,NCL,7373
2238294,43,156,1238,2018.0,91243.0,0.0,1.378018,0.513572,CHN,NCL,7373
2238295,61,156,1238,2018.0,22139.0,0.0,2.126861,-2.619524,DEU,NCL,7373
2238296,71,156,1238,2018.0,5759.0,0.0,0.851197,2.261012,ESP,NCL,7373
2238297,74,156,1238,2018.0,4359.0,0.0,1.561518,1.0198450000000001,FIN,NCL,7373
2238298,77,156,1238,2018.0,850204.0,0.0,1.3578540000000001,0.9033700000000001,FRA,NCL,7373
2238299,104,156,1238,2018.0,2949.0,0.0,0.536561,2.450287,IND,NCL,7373
2238300,111,156,1238,2018.0,31816.0,0.0,1.4594799999999999,0.05113,ITA,NCL,7373
2238301,166,156,1238,2018.0,9665.0,0.0,0.113398,0.017740000000000002,NZL,NCL,7373
2238302,179,156,1238,2018.0,3602.0,0.0,0.787381,1.959475,PRT,NCL,7373
2238303,208,156,1238,2018.0,2443.0,0.0,1.7254209999999999,0.638757,SWE,NCL,7373
2238304,231,156,1238,2018.0,64124.0,0.0,1.5527739999999999,0.288577,USA,NCL,7373
2238305,14,165,1238,2018.0,36669.0,0.0,-0.5578930000000001,-0.15666300000000002,AUS,NRU,7373
2238306,43,165,1238,2018.0,1638.0,0.0,1.378018,0.513572,CHN,NRU,7373
2238307,75,165,1238,2018.0,2615.0,0.0,-0.31149299999999996,0.198303,FJI,NRU,7373
2238308,43,175,1238,2018.0,5115.0,0.0,1.378018,0.513572,CHN,PLW,7373
2238309,95,175,1238,2018.0,1320.0,0.0,0.314369,-0.18573699999999999,GUM,PLW,7373
2238310,97,175,1238,2018.0,1261.0,0.0,0.8625149999999999,1.21001,HKG,PLW,7373
2238311,114,175,1238,2018.0,2545.0,0.0,2.480327,-0.559793,JPN,PLW,7373
2238312,231,175,1238,2018.0,19927.0,0.0,1.5527739999999999,0.288577,USA,PLW,7373
2238313,14,176,1238,2018.0,1157540.0,15146.0,-0.5578930000000001,-0.15666300000000002,AUS,PNG,7373
2238314,41,176,1238,2018.0,4688.0,0.0,2.173252,0.861742,CHE,PNG,7373
2238315,43,176,1238,2018.0,276771.0,0.0,1.378018,0.513572,CHN,PNG,7373
2238316,59,176,1238,2018.0,2452.0,0.0,1.8018669999999999,0.022382,CZE,PNG,7373
2238317,104,176,1238,2018.0,3427.0,0.0,0.536561,2.450287,IND,PNG,7373
2238318,111,176,1238,2018.0,38930.0,0.0,1.4594799999999999,0.05113,ITA,PNG,7373
2238319,153,176,1238,2018.0,43915.0,0.0,1.047185,0.732742,MYS,PNG,7373
2238320,162,176,1238,2018.0,68174.0,0.0,1.060964,1.491808,NLD,PNG,7373
2238321,166,176,1238,2018.0,7372.0,0.0,0.113398,0.017740000000000002,NZL,PNG,7373
2238322,174,176,1238,2018.0,38123.0,17858.0,0.7233649999999999,0.23715300000000003,PHL,PNG,7373
2238323,192,176,1238,2018.0,28196.0,0.0,1.870268,0.672214,SGP,PNG,7373
2238324,195,176,1238,2018.0,0.0,7581.0,-1.09344,-0.976073,SLB,PNG,7373
2238325,216,176,1238,2018.0,5199.0,0.0,1.188923,1.264666,THA,PNG,7373
2238326,224,176,1238,2018.0,1602.0,0.0,0.5883510000000001,2.357541,TUR,PNG,7373
2238327,18,181,1238,2018.0,1195.0,0.0,1.244674,1.1368969999999998,BEL,PSE,7373
2238328,41,181,1238,2018.0,349055.0,0.0,2.173252,0.861742,CHE,PSE,7373
2238329,43,181,1238,2018.0,50709.0,0.0,1.378018,0.513572,CHN,PSE,7373
2238330,61,181,1238,2018.0,1052.0,0.0,2.126861,-2.619524,DEU,PSE,7373
2238331,71,181,1238,2018.0,10048.0,0.0,0.851197,2.261012,ESP,PSE,7373
2238332,77,181,1238,2018.0,1326.0,0.0,1.3578540000000001,0.9033700000000001,FRA,PSE,7373
2238333,81,181,1238,2018.0,1163.0,0.0,1.481442,1.050259,GBR,PSE,7373
2238334,97,181,1238,2018.0,8811.0,0.0,0.8625149999999999,1.21001,HKG,PSE,7373
2238335,110,181,1238,2018.0,375395.0,2922.0,1.205666,1.001693,ISR,PSE,7373
2238336,111,181,1238,2018.0,12829.0,0.0,1.4594799999999999,0.05113,ITA,PSE,7373
2238337,113,181,1238,2018.0,1038.0,0.0,0.125467,0.382625,JOR,PSE,7373
2238338,121,181,1238,2018.0,4003.0,0.0,2.139149,0.795045,KOR,PSE,7373
2238339,162,181,1238,2018.0,7005.0,0.0,1.060964,1.491808,NLD,PSE,7373
2238340,224,181,1238,2018.0,1684.0,0.0,0.5883510000000001,2.357541,TUR,PSE,7373
2238341,18,182,1238,2018.0,1784.0,0.0,1.244674,1.1368969999999998,BEL,PYF,7373
2238342,41,182,1238,2018.0,1977.0,0.0,2.173252,0.861742,CHE,PYF,7373
2238343,43,182,1238,2018.0,93581.0,0.0,1.378018,0.513572,CHN,PYF,7373
2238344,45,182,1238,2018.0,0.0,13454.0,-1.2144,-1.0318260000000001,CMR,PYF,7373
2238345,61,182,1238,2018.0,22028.0,0.0,2.126861,-2.619524,DEU,PYF,7373
2238346,71,182,1238,2018.0,23146.0,0.0,0.851197,2.261012,ESP,PYF,7373
2238347,77,182,1238,2018.0,505991.0,0.0,1.3578540000000001,0.9033700000000001,FRA,PYF,7373
2238348,97,182,1238,2018.0,1699.0,0.0,0.8625149999999999,1.21001,HKG,PYF,7373
2238349,104,182,1238,2018.0,2509.0,0.0,0.536561,2.450287,IND,PYF,7373
2238350,111,182,1238,2018.0,27209.0,0.0,1.4594799999999999,0.05113,ITA,PYF,7373
2238351,114,182,1238,2018.0,9167.0,0.0,2.480327,-0.559793,JPN,PYF,7373
2238352,138,182,1238,2018.0,3581.0,0.0,1.272851,0.646359,MEX,PYF,7373
2238353,162,182,1238,2018.0,5194.0,0.0,1.060964,1.491808,NLD,PYF,7373
2238354,166,182,1238,2018.0,11435.0,0.0,0.113398,0.017740000000000002,NZL,PYF,7373
2238355,177,182,1238,2018.0,5731.0,0.0,1.1323860000000001,1.1465040000000002,POL,PYF,7373
2238356,185,182,1238,2018.0,2064.0,0.0,1.1458030000000001,1.194413,ROU,PYF,7373
2238357,192,182,1238,2018.0,4156.0,0.0,1.870268,0.672214,SGP,PYF,7373
2238358,231,182,1238,2018.0,8172.0,0.0,1.5527739999999999,0.288577,USA,PYF,7373
2238359,7,199,1238,2018.0,25740.0,0.0,-0.020214,-0.570049,ARE,SOM,7373
2238360,43,199,1238,2018.0,86743.0,0.0,1.378018,0.513572,CHN,SOM,7373
2238361,104,199,1238,2018.0,1769.0,0.0,0.536561,2.450287,IND,SOM,7373
2238362,116,199,1238,2018.0,2831.0,0.0,-0.381632,0.460819,KEN,SOM,7373
2238363,167,199,1238,2018.0,2023.0,0.0,-0.513727,-0.9944280000000001,OMN,SOM,7373
2238364,224,199,1238,2018.0,15665.0,0.0,0.5883510000000001,2.357541,TUR,SOM,7373
2238365,231,199,1238,2018.0,4685.0,0.0,1.5527739999999999,0.288577,USA,SOM,7373
2238366,246,199,1238,2018.0,1269.0,0.0,-0.053311000000000004,1.45561,ZAF,SOM,7373
2238367,7,202,1238,2018.0,7926.0,0.0,-0.020214,-0.570049,ARE,SSD,7373
2238368,43,202,1238,2018.0,10235.0,0.0,1.378018,0.513572,CHN,SSD,7373
2238369,227,202,1238,2018.0,6910.0,0.0,-0.569114,0.36182800000000004,UGA,SSD,7373
2238370,7,212,1238,2018.0,221740.0,0.0,-0.020214,-0.570049,ARE,SYR,7373
2238371,41,212,1238,2018.0,14660.0,0.0,2.173252,0.861742,CHE,SYR,7373
2238372,43,212,1238,2018.0,2430422.0,0.0,1.378018,0.513572,CHN,SYR,7373
2238373,77,212,1238,2018.0,69643.0,0.0,1.3578540000000001,0.9033700000000001,FRA,SYR,7373
2238374,81,212,1238,2018.0,7679.0,0.0,1.481442,1.050259,GBR,SYR,7373
2238375,111,212,1238,2018.0,83232.0,0.0,1.4594799999999999,0.05113,ITA,SYR,7373
2238376,121,212,1238,2018.0,1000.0,0.0,2.139149,0.795045,KOR,SYR,7373
2238377,124,212,1238,2018.0,18370.0,0.0,0.37832899999999997,1.077452,LBN,SYR,7373
2238378,216,212,1238,2018.0,1987.0,0.0,1.188923,1.264666,THA,SYR,7373
2238379,224,212,1238,2018.0,147946.0,0.0,0.5883510000000001,2.357541,TUR,SYR,7373
2238380,249,212,1238,2018.0,3914.0,0.0,2.0283580000000003,1.1648319999999999,TWN,SYR,7373
2238381,43,221,1238,2018.0,1083.0,0.0,1.378018,0.513572,CHN,TON,7373
2238382,39,3,1238,2018.0,55349.0,0.0,0.60854,1.475283,CAN,AIA,7373
2238383,231,3,1238,2018.0,28624.0,0.0,1.5527739999999999,0.288577,USA,AIA,7373
2238384,14,195,1238,2018.0,39253.0,0.0,-0.5578930000000001,-0.15666300000000002,AUS,SLB,7373
2238385,43,195,1238,2018.0,50161.0,0.0,1.378018,0.513572,CHN,SLB,7373
2238386,121,195,1238,2018.0,1517.0,0.0,2.139149,0.795045,KOR,SLB,7373
2238387,153,195,1238,2018.0,83208.0,0.0,1.047185,0.732742,MYS,SLB,7373
2238388,166,195,1238,2018.0,2381.0,0.0,0.113398,0.017740000000000002,NZL,SLB,7373
2238389,176,195,1238,2018.0,7581.0,0.0,-1.7208310000000002,-1.2635370000000001,PNG,SLB,7373
2238390,192,195,1238,2018.0,1280.0,0.0,1.870268,0.672214,SGP,SLB,7373
2238391,249,195,1238,2018.0,1738.0,0.0,2.0283580000000003,1.1648319999999999,TWN,SLB,7373
2238392,14,242,1238,2018.0,13145.0,0.0,-0.5578930000000001,-0.15666300000000002,AUS,WSM,7373
2238393,43,242,1238,2018.0,24057.0,0.0,1.378018,0.513572,CHN,WSM,7373
2238394,114,242,1238,2018.0,4487.0,0.0,2.480327,-0.559793,JPN,WSM,7373
2238395,121,242,1238,2018.0,6031.0,0.0,2.139149,0.795045,KOR,WSM,7373
2238396,153,242,1238,2018.0,2987.0,0.0,1.047185,0.732742,MYS,WSM,7373
2238397,166,242,1238,2018.0,31977.0,0.0,0.113398,0.017740000000000002,NZL,WSM,7373
2238398,231,242,1238,2018.0,6297.0,0.0,1.5527739999999999,0.288577,USA,WSM,7373
2238399,15,210,1238,2018.0,7787.0,0.0,1.798687,-0.557271,AUT,SXM,7373
2238400,77,210,1238,2018.0,1655.0,3682.0,1.3578540000000001,0.9033700000000001,FRA,SXM,7373
2238401,111,210,1238,2018.0,1453.0,0.0,1.4594799999999999,0.05113,ITA,SXM,7373
2238402,162,210,1238,2018.0,3529.0,3112.0,1.060964,1.491808,NLD,SXM,7373
2238403,179,210,1238,2018.0,8334.0,0.0,0.787381,1.959475,PRT,SXM,7373
2238404,231,210,1238,2018.0,70091.0,0.0,1.5527739999999999,0.288577,USA,SXM,7373
2238405,14,40,1238,2018.0,11978.0,0.0,-0.5578930000000001,-0.15666300000000002,AUS,CCK,7373
2238406,14,56,1238,2018.0,25467.0,0.0,-0.5578930000000001,-0.15666300000000002,AUS,CXR,7373
2238407,14,119,1238,2018.0,32677.0,0.0,-0.5578930000000001,-0.15666300000000002,AUS,KIR,7373
2238408,43,119,1238,2018.0,1512.0,0.0,1.378018,0.513572,CHN,KIR,7373
2238409,75,119,1238,2018.0,10292.0,0.0,-0.31149299999999996,0.198303,FJI,KIR,7373
2238410,174,119,1238,2018.0,4835.0,0.0,0.7233649999999999,0.23715300000000003,PHL,KIR,7373
2238411,231,119,1238,2018.0,8268.0,0.0,1.5527739999999999,0.288577,USA,KIR,7373
2238412,114,146,1238,2018.0,2717.0,0.0,2.480327,-0.559793,JPN,MNP,7373
2238413,14,158,1238,2018.0,4315.0,0.0,-0.5578930000000001,-0.15666300000000002,AUS,NFK,7373
2238414,166,161,1238,2018.0,3504.0,0.0,0.113398,0.017740000000000002,NZL,NIU,7373
2238415,14,171,1238,2018.0,0.0,52230.0,-0.5578930000000001,-0.15666300000000002,AUS,PCN,7373
2238416,153,225,1238,2018.0,1934.0,0.0,1.047185,0.732742,MYS,TUV,7373
2238417,77,241,1238,2018.0,8348.0,0.0,1.3578540000000001,0.9033700000000001,FRA,WLF,7373
2238418,81,20,1238,2018.0,5259.0,0.0,1.481442,1.050259,GBR,BES,7373
2238419,162,20,1238,2018.0,5177.0,0.0,1.060964,1.491808,NLD,BES,7373
2238420,61,12,1238,2018.0,2987.0,0.0,2.126861,-2.619524,DEU,ATF,7373
2238421,77,27,1238,2018.0,25574.0,0.0,1.3578540000000001,0.9033700000000001,FRA,BLM,7373
2238422,179,27,1238,2018.0,3435.0,0.0,0.787381,1.959475,PRT,BLM,7373
2238423,77,200,1238,2018.0,23265.0,7977.0,1.3578540000000001,0.9033700000000001,FRA,SPM,7373
2238424,83,105,1238,2018.0,0.0,2515.0,-0.769089,-0.8389200000000001,GHA,IOT,7373
2238425,192,105,1238,2018.0,23475.0,0.0,1.870268,0.672214,SGP,IOT,7373
2238426,7,1,1239,2018.0,1822.0,0.0,-0.020214,-0.570049,ARE,AFG,7411
2238427,104,1,1239,2018.0,29443.0,0.0,0.536561,2.450287,IND,AFG,7411
2238428,168,1,1239,2018.0,7794.0,0.0,-0.737637,0.274296,PAK,AFG,7411
2238429,224,1,1239,2018.0,19033.0,0.0,0.5883510000000001,2.357541,TUR,AFG,7411
2238430,231,1,1239,2018.0,3351404.0,0.0,1.5527739999999999,0.288577,USA,AFG,7411
2238431,1,7,1239,2018.0,0.0,1822.0,-1.098293,-0.812288,AFG,ARE,7411
2238432,2,7,1239,2018.0,2182.0,35580.0,-1.6785400000000001,-1.2244030000000001,AGO,ARE,7411
2238433,14,7,1239,2018.0,3648.0,0.0,-0.5578930000000001,-0.15666300000000002,AUS,ARE,7411
2238434,15,7,1239,2018.0,26411.0,0.0,1.798687,-0.557271,AUT,ARE,7411
2238435,16,7,1239,2018.0,0.0,5382.0,-1.47928,-1.313633,AZE,ARE,7411
2238436,18,7,1239,2018.0,363903.0,0.0,1.244674,1.1368969999999998,BEL,ARE,7411
2238437,22,7,1239,2018.0,0.0,32007.0,-0.9003549999999999,-1.1066610000000001,BGD,ARE,7411
2238438,24,7,1239,2018.0,8729.0,10781.0,0.335652,-0.646621,BHR,ARE,7411
2238439,39,7,1239,2018.0,22051.0,0.0,0.60854,1.475283,CAN,ARE,7411
2238440,41,7,1239,2018.0,2380.0,0.0,2.173252,0.861742,CHE,ARE,7411
2238441,43,7,1239,2018.0,2223391.0,0.0,1.378018,0.513572,CHN,ARE,7411
2238442,46,7,1239,2018.0,0.0,2830.0,-1.704339,-1.211619,COD,ARE,7411
2238443,61,7,1239,2018.0,142326.0,2290.0,2.126861,-2.619524,DEU,ARE,7411
2238444,64,7,1239,2018.0,7015.0,0.0,1.094761,1.337348,DNK,ARE,7411
2238445,65,7,1239,2018.0,0.0,2662.0,-0.205988,0.291906,DOM,ARE,7411
2238446,68,7,1239,2018.0,0.0,17821.0,-0.093935,1.6368610000000001,EGY,ARE,7411
2238447,71,7,1239,2018.0,2429.0,0.0,0.851197,2.261012,ESP,ARE,7411
2238448,73,7,1239,2018.0,0.0,30493.0,-0.663343,-0.384372,ETH,ARE,7411
2238449,74,7,1239,2018.0,2617.0,0.0,1.561518,1.0198450000000001,FIN,ARE,7411
2238450,77,7,1239,2018.0,185802.0,682072.0,1.3578540000000001,0.9033700000000001,FRA,ARE,7411
2238451,81,7,1239,2018.0,190259.0,44708.0,1.481442,1.050259,GBR,ARE,7411
2238452,104,7,1239,2018.0,294578.0,5123.0,0.536561,2.450287,IND,ARE,7411
2238453,107,7,1239,2018.0,0.0,210561.0,-0.290723,-0.430805,IRN,ARE,7411
2238454,108,7,1239,2018.0,0.0,685161.0,-0.627753,-0.983086,IRQ,ARE,7411
2238455,111,7,1239,2018.0,1084556.0,0.0,1.4594799999999999,0.05113,ITA,ARE,7411
2238456,113,7,1239,2018.0,0.0,57226.0,0.125467,0.382625,JOR,ARE,7411
2238457,114,7,1239,2018.0,228902.0,0.0,2.480327,-0.559793,JPN,ARE,7411
2238458,116,7,1239,2018.0,0.0,92894.0,-0.381632,0.460819,KEN,ARE,7411
2238459,121,7,1239,2018.0,231507.0,0.0,2.139149,0.795045,KOR,ARE,7411
2238460,122,7,1239,2018.0,0.0,2453806.0,-0.790523,-1.136525,KWT,ARE,7411
2238461,128,7,1239,2018.0,0.0,2048.0,-0.364093,0.347953,LKA,ARE,7411
2238462,137,7,1239,2018.0,0.0,395766.0,-1.128674,-1.053328,MDV,ARE,7411
2238463,143,7,1239,2018.0,0.0,321004.0,-0.9970469999999999,-0.28486,MMR,ARE,7411
2238464,147,7,1239,2018.0,0.0,7571.0,-1.253762,-1.0049,MOZ,ARE,7411
2238465,153,7,1239,2018.0,1283.0,0.0,1.047185,0.732742,MYS,ARE,7411
2238466,159,7,1239,2018.0,0.0,125390.0,-1.839074,-1.29837,NGA,ARE,7411
2238467,162,7,1239,2018.0,2982626.0,1238.0,1.060964,1.491808,NLD,ARE,7411
2238468,166,7,1239,2018.0,34145.0,0.0,0.113398,0.017740000000000002,NZL,ARE,7411
2238469,167,7,1239,2018.0,0.0,478207.0,-0.513727,-0.9944280000000001,OMN,ARE,7411
2238470,168,7,1239,2018.0,0.0,695776.0,-0.737637,0.274296,PAK,ARE,7411
2238471,179,7,1239,2018.0,7766.0,0.0,0.787381,1.959475,PRT,ARE,7411
2238472,187,7,1239,2018.0,0.0,3785.0,-0.48781199999999997,-0.741734,RWA,ARE,7411
2238473,188,7,1239,2018.0,1472.0,258477.0,0.600485,-0.450466,SAU,ARE,7411
2238474,190,7,1239,2018.0,0.0,77160.0,-1.3426719999999999,-1.1851909999999999,SDN,ARE,7411
2238475,191,7,1239,2018.0,0.0,9558.0,-0.699313,-0.360203,SEN,ARE,7411
2238476,192,7,1239,2018.0,12245.0,0.0,1.870268,0.672214,SGP,ARE,7411
2238477,208,7,1239,2018.0,4403.0,1172.0,1.7254209999999999,0.638757,SWE,ARE,7411
2238478,224,7,1239,2018.0,6973.0,56765.0,0.5883510000000001,2.357541,TUR,ARE,7411
2238479,226,7,1239,2018.0,0.0,59237.0,-0.12971300000000002,1.379649,TZA,ARE,7411
2238480,231,7,1239,2018.0,2132993.0,1928550.0,1.5527739999999999,0.288577,USA,ARE,7411
2238481,239,7,1239,2018.0,48111.0,0.0,0.111848,0.915842,VNM,ARE,7411
2238482,249,7,1239,2018.0,4971.0,0.0,2.0283580000000003,1.1648319999999999,TWN,ARE,7411
2238483,18,8,1239,2018.0,317677.0,0.0,1.244674,1.1368969999999998,BEL,ARG,7411
2238484,32,8,1239,2018.0,18524.0,0.0,0.166542,0.718965,BRA,ARG,7411
2238485,41,8,1239,2018.0,2776.0,0.0,2.173252,0.861742,CHE,ARG,7411
2238486,42,8,1239,2018.0,0.0,4483.0,-0.24325300000000002,-0.350271,CHL,ARG,7411
2238487,43,8,1239,2018.0,401578.0,0.0,1.378018,0.513572,CHN,ARG,7411
2238488,49,8,1239,2018.0,1195.0,0.0,0.144073,-0.10276199999999999,COL,ARG,7411
2238489,52,8,1239,2018.0,3450.0,0.0,0.27715,0.33261999999999997,CRI,ARG,7411
2238490,64,8,1239,2018.0,10695.0,0.0,1.094761,1.337348,DNK,ARG,7411
2238491,71,8,1239,2018.0,8380.0,0.0,0.851197,2.261012,ESP,ARG,7411
2238492,81,8,1239,2018.0,224692.0,0.0,1.481442,1.050259,GBR,ARG,7411
2238493,110,8,1239,2018.0,2728.0,0.0,1.205666,1.001693,ISR,ARG,7411
2238494,111,8,1239,2018.0,1298614.0,0.0,1.4594799999999999,0.05113,ITA,ARG,7411
2238495,121,8,1239,2018.0,3458.0,0.0,2.139149,0.795045,KOR,ARG,7411
2238496,162,8,1239,2018.0,40401.0,0.0,1.060964,1.491808,NLD,ARG,7411
2238497,173,8,1239,2018.0,1940.0,0.0,-0.842934,-0.302396,PER,ARG,7411
2238498,231,8,1239,2018.0,583024.0,0.0,1.5527739999999999,0.288577,USA,ARG,7411
2238499,7,15,1239,2018.0,0.0,26411.0,-0.020214,-0.570049,ARE,AUT,7411
2238500,14,15,1239,2018.0,0.0,9885.0,-0.5578930000000001,-0.15666300000000002,AUS,AUT,7411
2238501,18,15,1239,2018.0,431628.0,5660.0,1.244674,1.1368969999999998,BEL,AUT,7411
2238502,22,15,1239,2018.0,0.0,3003.0,-0.9003549999999999,-1.1066610000000001,BGD,AUT,7411
2238503,39,15,1239,2018.0,1881.0,0.0,0.60854,1.475283,CAN,AUT,7411
2238504,41,15,1239,2018.0,87128.0,615076.0,2.173252,0.861742,CHE,AUT,7411
2238505,42,15,1239,2018.0,0.0,484759.0,-0.24325300000000002,-0.350271,CHL,AUT,7411
2238506,43,15,1239,2018.0,2391.0,0.0,1.378018,0.513572,CHN,AUT,7411
2238507,59,15,1239,2018.0,0.0,115959.0,1.8018669999999999,0.022382,CZE,AUT,7411
2238508,61,15,1239,2018.0,163194.0,91896.0,2.126861,-2.619524,DEU,AUT,7411
2238509,65,15,1239,2018.0,0.0,32279.0,-0.205988,0.291906,DOM,AUT,7411
2238510,71,15,1239,2018.0,0.0,192472.0,0.851197,2.261012,ESP,AUT,7411
2238511,77,15,1239,2018.0,25011.0,6893.0,1.3578540000000001,0.9033700000000001,FRA,AUT,7411
2238512,80,15,1239,2018.0,0.0,28703.0,-1.4532129999999999,-1.155702,GAB,AUT,7411
2238513,81,15,1239,2018.0,114016.0,6086.0,1.481442,1.050259,GBR,AUT,7411
2238514,82,15,1239,2018.0,0.0,5042.0,-0.059633000000000005,-0.073048,GEO,AUT,7411
2238515,83,15,1239,2018.0,0.0,63679.0,-0.769089,-0.8389200000000001,GHA,AUT,7411
2238516,90,15,1239,2018.0,0.0,3254.0,0.069841,0.922895,GRC,AUT,7411
2238517,97,15,1239,2018.0,1258.0,0.0,0.8625149999999999,1.21001,HKG,AUT,7411
2238518,100,15,1239,2018.0,36005.0,0.0,0.8873559999999999,1.480788,HRV,AUT,7411
2238519,102,15,1239,2018.0,1057948.0,3340.0,1.6983409999999999,0.693194,HUN,AUT,7411
2238520,107,15,1239,2018.0,0.0,1546960.0,-0.290723,-0.430805,IRN,AUT,7411
2238521,111,15,1239,2018.0,339193.0,860732.0,1.4594799999999999,0.05113,ITA,AUT,7411
2238522,114,15,1239,2018.0,22643.0,12418.0,2.480327,-0.559793,JPN,AUT,7411
2238523,121,15,1239,2018.0,0.0,18492.0,2.139149,0.795045,KOR,AUT,7411
2238524,131,15,1239,2018.0,0.0,2109.0,1.098797,1.390282,LUX,AUT,7411
2238525,138,15,1239,2018.0,0.0,388691.0,1.272851,0.646359,MEX,AUT,7411
2238526,140,15,1239,2018.0,0.0,5926.0,0.056548,-0.273964,MKD,AUT,7411
2238527,162,15,1239,2018.0,118486.0,25332.0,1.060964,1.491808,NLD,AUT,7411
2238528,163,15,1239,2018.0,0.0,12099.0,0.359254,-0.059994000000000006,NOR,AUT,7411
2238529,168,15,1239,2018.0,0.0,28430.0,-0.737637,0.274296,PAK,AUT,7411
2238530,177,15,1239,2018.0,11641.0,3889.0,1.1323860000000001,1.1465040000000002,POL,AUT,7411
2238531,183,15,1239,2018.0,0.0,24206.0,-0.291537,-1.022145,QAT,AUT,7411
2238532,185,15,1239,2018.0,0.0,17231.0,1.1458030000000001,1.194413,ROU,AUT,7411
2238533,186,15,1239,2018.0,0.0,12902.0,-0.079971,0.11098599999999999,RUS,AUT,7411
2238534,188,15,1239,2018.0,0.0,1802.0,0.600485,-0.450466,SAU,AUT,7411
2238535,201,15,1239,2018.0,7592.0,0.0,0.665772,1.552409,SRB,AUT,7411
2238536,206,15,1239,2018.0,0.0,907938.0,1.445669,0.9135850000000001,SVK,AUT,7411
2238537,207,15,1239,2018.0,0.0,1082.0,1.623183,0.7150850000000001,SVN,AUT,7411
2238538,208,15,1239,2018.0,0.0,1849.0,1.7254209999999999,0.638757,SWE,AUT,7411
2238539,223,15,1239,2018.0,0.0,7031.0,0.39611799999999997,1.252702,TUN,AUT,7411
2238540,228,15,1239,2018.0,0.0,1048213.0,0.3281,1.0037459999999998,UKR,AUT,7411
2238541,231,15,1239,2018.0,19996.0,46694.0,1.5527739999999999,0.288577,USA,AUT,7411
2238542,239,15,1239,2018.0,0.0,329632.0,0.111848,0.915842,VNM,AUT,7411
2238543,246,15,1239,2018.0,0.0,4012.0,-0.053311000000000004,1.45561,ZAF,AUT,7411
2238544,249,15,1239,2018.0,0.0,242455.0,2.0283580000000003,1.1648319999999999,TWN,AUT,7411
2238545,2,18,1239,2018.0,0.0,13729.0,-1.6785400000000001,-1.2244030000000001,AGO,BEL,7411
2238546,7,18,1239,2018.0,0.0,363903.0,-0.020214,-0.570049,ARE,BEL,7411
2238547,8,18,1239,2018.0,0.0,317677.0,-0.239502,0.297865,ARG,BEL,7411
2238548,9,18,1239,2018.0,0.0,38415.0,-0.42181499999999994,-0.663385,ARM,BEL,7411
2238549,14,18,1239,2018.0,0.0,57145.0,-0.5578930000000001,-0.15666300000000002,AUS,BEL,7411
2238550,15,18,1239,2018.0,5660.0,431628.0,1.798687,-0.557271,AUT,BEL,7411
2238551,22,18,1239,2018.0,0.0,132248.0,-0.9003549999999999,-1.1066610000000001,BGD,BEL,7411
2238552,23,18,1239,2018.0,0.0,51869.0,0.516917,1.915288,BGR,BEL,7411
2238553,31,18,1239,2018.0,0.0,12019.0,-1.069519,-0.942264,BOL,BEL,7411
2238554,32,18,1239,2018.0,0.0,554978.0,0.166542,0.718965,BRA,BEL,7411
2238555,39,18,1239,2018.0,1721.0,351108.0,0.60854,1.475283,CAN,BEL,7411
2238556,41,18,1239,2018.0,0.0,217055.0,2.173252,0.861742,CHE,BEL,7411
2238557,42,18,1239,2018.0,0.0,478402.0,-0.24325300000000002,-0.350271,CHL,BEL,7411
2238558,43,18,1239,2018.0,208891.0,366466.0,1.378018,0.513572,CHN,BEL,7411
2238559,44,18,1239,2018.0,0.0,4012.0,-1.021384,-0.898676,CIV,BEL,7411
2238560,45,18,1239,2018.0,0.0,22345.0,-1.2144,-1.0318260000000001,CMR,BEL,7411
2238561,46,18,1239,2018.0,0.0,75734.0,-1.704339,-1.211619,COD,BEL,7411
2238562,47,18,1239,2018.0,0.0,14150.0,-1.614157,-1.177288,COG,BEL,7411
2238563,49,18,1239,2018.0,0.0,77749.0,0.144073,-0.10276199999999999,COL,BEL,7411
2238564,54,18,1239,2018.0,0.0,5778.0,-1.077539,-1.241754,CUB,BEL,7411
2238565,61,18,1239,2018.0,566023.0,2501403.0,2.126861,-2.619524,DEU,BEL,7411
2238566,64,18,1239,2018.0,5101.0,53312.0,1.094761,1.337348,DNK,BEL,7411
2238567,66,18,1239,2018.0,0.0,469600.0,-1.121185,-1.196891,DZA,BEL,7411
2238568,68,18,1239,2018.0,0.0,269526.0,-0.093935,1.6368610000000001,EGY,BEL,7411
2238569,71,18,1239,2018.0,152241.0,578124.0,0.851197,2.261012,ESP,BEL,7411
2238570,74,18,1239,2018.0,0.0,9878.0,1.561518,1.0198450000000001,FIN,BEL,7411
2238571,77,18,1239,2018.0,755315.0,2920073.0,1.3578540000000001,0.9033700000000001,FRA,BEL,7411
2238572,80,18,1239,2018.0,0.0,2059.0,-1.4532129999999999,-1.155702,GAB,BEL,7411
2238573,81,18,1239,2018.0,195301.0,637241.0,1.481442,1.050259,GBR,BEL,7411
2238574,82,18,1239,2018.0,0.0,36641.0,-0.059633000000000005,-0.073048,GEO,BEL,7411
2238575,85,18,1239,2018.0,0.0,11117.0,-1.3262909999999999,-1.237056,GIN,BEL,7411
2238576,90,18,1239,2018.0,0.0,14670.0,0.069841,0.922895,GRC,BEL,7411
2238577,97,18,1239,2018.0,3856.0,0.0,0.8625149999999999,1.21001,HKG,BEL,7411
2238578,100,18,1239,2018.0,20750.0,0.0,0.8873559999999999,1.480788,HRV,BEL,7411
2238579,102,18,1239,2018.0,0.0,13134.0,1.6983409999999999,0.693194,HUN,BEL,7411
2238580,103,18,1239,2018.0,0.0,17310.0,-0.0009939999999999999,1.417371,IDN,BEL,7411
2238581,104,18,1239,2018.0,0.0,316667.0,0.536561,2.450287,IND,BEL,7411
2238582,106,18,1239,2018.0,4384.0,29448.0,1.3647,0.094596,IRL,BEL,7411
2238583,107,18,1239,2018.0,0.0,28913.0,-0.290723,-0.430805,IRN,BEL,7411
2238584,108,18,1239,2018.0,0.0,63859.0,-0.627753,-0.983086,IRQ,BEL,7411
2238585,110,18,1239,2018.0,0.0,101032.0,1.205666,1.001693,ISR,BEL,7411
2238586,111,18,1239,2018.0,109180.0,682057.0,1.4594799999999999,0.05113,ITA,BEL,7411
2238587,113,18,1239,2018.0,0.0,23265.0,0.125467,0.382625,JOR,BEL,7411
2238588,115,18,1239,2018.0,0.0,6574.0,-0.625674,-0.605028,KAZ,BEL,7411
2238589,121,18,1239,2018.0,4383.0,61578.0,2.139149,0.795045,KOR,BEL,7411
2238590,128,18,1239,2018.0,0.0,49946.0,-0.364093,0.347953,LKA,BEL,7411
2238591,130,18,1239,2018.0,0.0,5816.0,0.839052,1.5688790000000001,LTU,BEL,7411
2238592,131,18,1239,2018.0,48192.0,1164565.0,1.098797,1.390282,LUX,BEL,7411
2238593,132,18,1239,2018.0,0.0,11789.0,0.6984560000000001,1.29918,LVA,BEL,7411
2238594,134,18,1239,2018.0,24607.0,44153.0,-0.57445,-0.14461400000000002,MAR,BEL,7411
2238595,135,18,1239,2018.0,0.0,84049.0,-0.222348,-0.091067,MDA,BEL,7411
2238596,138,18,1239,2018.0,0.0,145106.0,1.272851,0.646359,MEX,BEL,7411
2238597,153,18,1239,2018.0,0.0,234127.0,1.047185,0.732742,MYS,BEL,7411
2238598,159,18,1239,2018.0,0.0,11347.0,-1.839074,-1.29837,NGA,BEL,7411
2238599,162,18,1239,2018.0,999842.0,1370767.0,1.060964,1.491808,NLD,BEL,7411
2238600,163,18,1239,2018.0,0.0,79696.0,0.359254,-0.059994000000000006,NOR,BEL,7411
2238601,166,18,1239,2018.0,0.0,1058928.0,0.113398,0.017740000000000002,NZL,BEL,7411
2238602,168,18,1239,2018.0,0.0,16537.0,-0.737637,0.274296,PAK,BEL,7411
2238603,169,18,1239,2018.0,0.0,78716.0,0.007061,-0.13867100000000002,PAN,BEL,7411
2238604,173,18,1239,2018.0,0.0,39793.0,-0.842934,-0.302396,PER,BEL,7411
2238605,174,18,1239,2018.0,0.0,119025.0,0.7233649999999999,0.23715300000000003,PHL,BEL,7411
2238606,177,18,1239,2018.0,145649.0,1877724.0,1.1323860000000001,1.1465040000000002,POL,BEL,7411
2238607,179,18,1239,2018.0,49960.0,163554.0,0.787381,1.959475,PRT,BEL,7411
2238608,180,18,1239,2018.0,0.0,409114.0,-0.504343,-0.8482040000000001,PRY,BEL,7411
2238609,183,18,1239,2018.0,0.0,20885.0,-0.291537,-1.022145,QAT,BEL,7411
2238610,185,18,1239,2018.0,0.0,569570.0,1.1458030000000001,1.194413,ROU,BEL,7411
2238611,186,18,1239,2018.0,219312.0,1227435.0,-0.079971,0.11098599999999999,RUS,BEL,7411
2238612,191,18,1239,2018.0,0.0,2682.0,-0.699313,-0.360203,SEN,BEL,7411
2238613,192,18,1239,2018.0,0.0,94905.0,1.870268,0.672214,SGP,BEL,7411
2238614,201,18,1239,2018.0,0.0,293520.0,0.665772,1.552409,SRB,BEL,7411
2238615,206,18,1239,2018.0,0.0,1465.0,1.445669,0.9135850000000001,SVK,BEL,7411
2238616,207,18,1239,2018.0,0.0,276139.0,1.623183,0.7150850000000001,SVN,BEL,7411
2238617,208,18,1239,2018.0,70147.0,571990.0,1.7254209999999999,0.638757,SWE,BEL,7411
2238618,211,18,1239,2018.0,0.0,1571.0,-0.222908,-0.7792100000000001,SYC,BEL,7411
2238619,215,18,1239,2018.0,0.0,46380.0,-0.681426,-0.7010270000000001,TGO,BEL,7411
2238620,216,18,1239,2018.0,4229.0,31945.0,1.188923,1.264666,THA,BEL,7411
2238621,223,18,1239,2018.0,0.0,57436.0,0.39611799999999997,1.252702,TUN,BEL,7411
2238622,224,18,1239,2018.0,8516.0,379905.0,0.5883510000000001,2.357541,TUR,BEL,7411
2238623,228,18,1239,2018.0,0.0,10801.0,0.3281,1.0037459999999998,UKR,BEL,7411
2238624,230,18,1239,2018.0,0.0,25796.0,0.016527,-0.250715,URY,BEL,7411
2238625,231,18,1239,2018.0,22081.0,1559078.0,1.5527739999999999,0.288577,USA,BEL,7411
2238626,239,18,1239,2018.0,0.0,44337.0,0.111848,0.915842,VNM,BEL,7411
2238627,246,18,1239,2018.0,0.0,89986.0,-0.053311000000000004,1.45561,ZAF,BEL,7411
2238628,249,18,1239,2018.0,2916.0,147156.0,2.0283580000000003,1.1648319999999999,TWN,BEL,7411
2238629,18,23,1239,2018.0,51869.0,0.0,1.244674,1.1368969999999998,BEL,BGR,7411
2238630,39,23,1239,2018.0,0.0,39565.0,0.60854,1.475283,CAN,BGR,7411
2238631,41,23,1239,2018.0,5484.0,0.0,2.173252,0.861742,CHE,BGR,7411
2238632,43,23,1239,2018.0,12377.0,0.0,1.378018,0.513572,CHN,BGR,7411
2238633,59,23,1239,2018.0,304366.0,0.0,1.8018669999999999,0.022382,CZE,BGR,7411
2238634,61,23,1239,2018.0,37128.0,0.0,2.126861,-2.619524,DEU,BGR,7411
2238635,64,23,1239,2018.0,0.0,8085.0,1.094761,1.337348,DNK,BGR,7411
2238636,71,23,1239,2018.0,15525.0,0.0,0.851197,2.261012,ESP,BGR,7411
2238637,81,23,1239,2018.0,49018.0,3899.0,1.481442,1.050259,GBR,BGR,7411
2238638,82,23,1239,2018.0,0.0,8511.0,-0.059633000000000005,-0.073048,GEO,BGR,7411
2238639,90,23,1239,2018.0,4122.0,10434.0,0.069841,0.922895,GRC,BGR,7411
2238640,97,23,1239,2018.0,2426.0,0.0,0.8625149999999999,1.21001,HKG,BGR,7411
2238641,108,23,1239,2018.0,0.0,2833.0,-0.627753,-0.983086,IRQ,BGR,7411
2238642,110,23,1239,2018.0,3616.0,0.0,1.205666,1.001693,ISR,BGR,7411
2238643,111,23,1239,2018.0,69956.0,0.0,1.4594799999999999,0.05113,ITA,BGR,7411
2238644,132,23,1239,2018.0,0.0,1231.0,0.6984560000000001,1.29918,LVA,BGR,7411
2238645,162,23,1239,2018.0,0.0,1268320.0,1.060964,1.491808,NLD,BGR,7411
2238646,177,23,1239,2018.0,5711.0,0.0,1.1323860000000001,1.1465040000000002,POL,BGR,7411
2238647,179,23,1239,2018.0,3285.0,0.0,0.787381,1.959475,PRT,BGR,7411
2238648,192,23,1239,2018.0,0.0,156036.0,1.870268,0.672214,SGP,BGR,7411
2238649,207,23,1239,2018.0,11520.0,0.0,1.623183,0.7150850000000001,SVN,BGR,7411
2238650,224,23,1239,2018.0,27148.0,0.0,0.5883510000000001,2.357541,TUR,BGR,7411
2238651,231,23,1239,2018.0,2150.0,0.0,1.5527739999999999,0.288577,USA,BGR,7411
2238652,232,23,1239,2018.0,0.0,17665.0,-0.485013,-0.390021,UZB,BGR,7411
2238653,239,23,1239,2018.0,0.0,2625.0,0.111848,0.915842,VNM,BGR,7411
2238654,7,24,1239,2018.0,10781.0,8729.0,-0.020214,-0.570049,ARE,BHR,7411
2238655,41,24,1239,2018.0,35380.0,0.0,2.173252,0.861742,CHE,BHR,7411
2238656,43,24,1239,2018.0,2917.0,0.0,1.378018,0.513572,CHN,BHR,7411
2238657,64,24,1239,2018.0,19791.0,0.0,1.094761,1.337348,DNK,BHR,7411
2238658,81,24,1239,2018.0,26123.0,0.0,1.481442,1.050259,GBR,BHR,7411
2238659,104,24,1239,2018.0,16290.0,0.0,0.536561,2.450287,IND,BHR,7411
2238660,111,24,1239,2018.0,257669.0,0.0,1.4594799999999999,0.05113,ITA,BHR,7411
2238661,114,24,1239,2018.0,46479.0,0.0,2.480327,-0.559793,JPN,BHR,7411
2238662,121,24,1239,2018.0,474771.0,0.0,2.139149,0.795045,KOR,BHR,7411
2238663,138,24,1239,2018.0,1931.0,0.0,1.272851,0.646359,MEX,BHR,7411
2238664,188,24,1239,2018.0,1931.0,7273.0,0.600485,-0.450466,SAU,BHR,7411
2238665,224,24,1239,2018.0,2632.0,0.0,0.5883510000000001,2.357541,TUR,BHR,7411
2238666,231,24,1239,2018.0,43660.0,0.0,1.5527739999999999,0.288577,USA,BHR,7411
2238667,8,32,1239,2018.0,0.0,18524.0,-0.239502,0.297865,ARG,BRA,7411
2238668,14,32,1239,2018.0,1096.0,0.0,-0.5578930000000001,-0.15666300000000002,AUS,BRA,7411
2238669,18,32,1239,2018.0,554978.0,0.0,1.244674,1.1368969999999998,BEL,BRA,7411
2238670,31,32,1239,2018.0,0.0,5046.0,-1.069519,-0.942264,BOL,BRA,7411
2238671,39,32,1239,2018.0,12338.0,2338.0,0.60854,1.475283,CAN,BRA,7411
2238672,41,32,1239,2018.0,39076.0,0.0,2.173252,0.861742,CHE,BRA,7411
2238673,42,32,1239,2018.0,0.0,60100.0,-0.24325300000000002,-0.350271,CHL,BRA,7411
2238674,43,32,1239,2018.0,885966.0,202146.0,1.378018,0.513572,CHN,BRA,7411
2238675,49,32,1239,2018.0,12135.0,1620851.0,0.144073,-0.10276199999999999,COL,BRA,7411
2238676,59,32,1239,2018.0,10121.0,0.0,1.8018669999999999,0.022382,CZE,BRA,7411
2238677,61,32,1239,2018.0,18940.0,0.0,2.126861,-2.619524,DEU,BRA,7411
2238678,64,32,1239,2018.0,26045.0,3968.0,1.094761,1.337348,DNK,BRA,7411
2238679,67,32,1239,2018.0,0.0,4937.0,-0.9813709999999999,-1.073273,ECU,BRA,7411
2238680,77,32,1239,2018.0,1044187.0,212803.0,1.3578540000000001,0.9033700000000001,FRA,BRA,7411
2238681,81,32,1239,2018.0,971183.0,0.0,1.481442,1.050259,GBR,BRA,7411
2238682,97,32,1239,2018.0,5730.0,0.0,0.8625149999999999,1.21001,HKG,BRA,7411
2238683,104,32,1239,2018.0,1076.0,0.0,0.536561,2.450287,IND,BRA,7411
2238684,106,32,1239,2018.0,7892.0,0.0,1.3647,0.094596,IRL,BRA,7411
2238685,111,32,1239,2018.0,435229.0,0.0,1.4594799999999999,0.05113,ITA,BRA,7411
2238686,114,32,1239,2018.0,169318.0,0.0,2.480327,-0.559793,JPN,BRA,7411
2238687,121,32,1239,2018.0,51295.0,0.0,2.139149,0.795045,KOR,BRA,7411
2238688,138,32,1239,2018.0,8342.0,0.0,1.272851,0.646359,MEX,BRA,7411
2238689,162,32,1239,2018.0,554201.0,0.0,1.060964,1.491808,NLD,BRA,7411
2238690,163,32,1239,2018.0,7245.0,46011.0,0.359254,-0.059994000000000006,NOR,BRA,7411
2238691,167,32,1239,2018.0,0.0,23319.0,-0.513727,-0.9944280000000001,OMN,BRA,7411
2238692,173,32,1239,2018.0,0.0,93607.0,-0.842934,-0.302396,PER,BRA,7411
2238693,177,32,1239,2018.0,54635.0,0.0,1.1323860000000001,1.1465040000000002,POL,BRA,7411
2238694,180,32,1239,2018.0,0.0,17581.0,-0.504343,-0.8482040000000001,PRY,BRA,7411
2238695,192,32,1239,2018.0,2618.0,0.0,1.870268,0.672214,SGP,BRA,7411
2238696,206,32,1239,2018.0,29610.0,0.0,1.445669,0.9135850000000001,SVK,BRA,7411
2238697,230,32,1239,2018.0,0.0,11545.0,0.016527,-0.250715,URY,BRA,7411
2238698,231,32,1239,2018.0,1419391.0,2706.0,1.5527739999999999,0.288577,USA,BRA,7411
2238699,249,32,1239,2018.0,1741622.0,0.0,2.0283580000000003,1.1648319999999999,TWN,BRA,7411
2238700,43,33,1239,2018.0,1316.0,0.0,1.378018,0.513572,CHN,BRB,7411
2238701,64,33,1239,2018.0,312760.0,0.0,1.094761,1.337348,DNK,BRB,7411
2238702,81,33,1239,2018.0,5576.0,0.0,1.481442,1.050259,GBR,BRB,7411
2238703,97,33,1239,2018.0,1466.0,0.0,0.8625149999999999,1.21001,HKG,BRB,7411
2238704,121,33,1239,2018.0,159766.0,0.0,2.139149,0.795045,KOR,BRB,7411
2238705,231,33,1239,2018.0,90220.0,0.0,1.5527739999999999,0.288577,USA,BRB,7411
2238706,7,39,1239,2018.0,0.0,22051.0,-0.020214,-0.570049,ARE,CAN,7411
2238707,14,39,1239,2018.0,4507.0,747737.0,-0.5578930000000001,-0.15666300000000002,AUS,CAN,7411
2238708,15,39,1239,2018.0,0.0,1881.0,1.798687,-0.557271,AUT,CAN,7411
2238709,18,39,1239,2018.0,351108.0,1721.0,1.244674,1.1368969999999998,BEL,CAN,7411
2238710,23,39,1239,2018.0,39565.0,0.0,0.516917,1.915288,BGR,CAN,7411
2238711,32,39,1239,2018.0,2338.0,12338.0,0.166542,0.718965,BRA,CAN,7411
2238712,41,39,1239,2018.0,16763.0,1855.0,2.173252,0.861742,CHE,CAN,7411
2238713,42,39,1239,2018.0,0.0,479518.0,-0.24325300000000002,-0.350271,CHL,CAN,7411
2238714,43,39,1239,2018.0,1020503.0,241221.0,1.378018,0.513572,CHN,CAN,7411
2238715,61,39,1239,2018.0,77503.0,214619.0,2.126861,-2.619524,DEU,CAN,7411
2238716,63,39,1239,2018.0,0.0,1913.0,0.24612199999999998,-0.044363,DMA,CAN,7411
2238717,64,39,1239,2018.0,7564.0,0.0,1.094761,1.337348,DNK,CAN,7411
2238718,65,39,1239,2018.0,0.0,2229.0,-0.205988,0.291906,DOM,CAN,7411
2238719,77,39,1239,2018.0,42593.0,15936.0,1.3578540000000001,0.9033700000000001,FRA,CAN,7411
2238720,81,39,1239,2018.0,866141.0,68876.0,1.481442,1.050259,GBR,CAN,7411
2238721,90,39,1239,2018.0,0.0,2777.0,0.069841,0.922895,GRC,CAN,7411
2238722,97,39,1239,2018.0,4010.0,0.0,0.8625149999999999,1.21001,HKG,CAN,7411
2238723,102,39,1239,2018.0,1612.0,0.0,1.6983409999999999,0.693194,HUN,CAN,7411
2238724,104,39,1239,2018.0,84817.0,11125.0,0.536561,2.450287,IND,CAN,7411
2238725,109,39,1239,2018.0,32810.0,0.0,0.161776,-0.293048,ISL,CAN,7411
2238726,110,39,1239,2018.0,0.0,42677.0,1.205666,1.001693,ISR,CAN,7411
2238727,111,39,1239,2018.0,1786258.0,4089.0,1.4594799999999999,0.05113,ITA,CAN,7411
2238728,112,39,1239,2018.0,0.0,1610.0,-0.210475,-0.808499,JAM,CAN,7411
2238729,114,39,1239,2018.0,626659.0,27816.0,2.480327,-0.559793,JPN,CAN,7411
2238730,121,39,1239,2018.0,8197.0,1705854.0,2.139149,0.795045,KOR,CAN,7411
2238731,122,39,1239,2018.0,0.0,7161.0,-0.790523,-1.136525,KWT,CAN,7411
2238732,136,39,1239,2018.0,0.0,1138.0,-1.056786,-0.9160709999999999,MDG,CAN,7411
2238733,138,39,1239,2018.0,4810.0,2174.0,1.272851,0.646359,MEX,CAN,7411
2238734,142,39,1239,2018.0,6859.0,2659.0,0.860195,0.281449,MLT,CAN,7411
2238735,153,39,1239,2018.0,0.0,115137.0,1.047185,0.732742,MYS,CAN,7411
2238736,162,39,1239,2018.0,697110.0,24075.0,1.060964,1.491808,NLD,CAN,7411
2238737,163,39,1239,2018.0,4909.0,0.0,0.359254,-0.059994000000000006,NOR,CAN,7411
2238738,166,39,1239,2018.0,0.0,7180.0,0.113398,0.017740000000000002,NZL,CAN,7411
2238739,167,39,1239,2018.0,0.0,40258.0,-0.513727,-0.9944280000000001,OMN,CAN,7411
2238740,168,39,1239,2018.0,0.0,5529.0,-0.737637,0.274296,PAK,CAN,7411
2238741,169,39,1239,2018.0,0.0,7426.0,0.007061,-0.13867100000000002,PAN,CAN,7411
2238742,173,39,1239,2018.0,0.0,1721.0,-0.842934,-0.302396,PER,CAN,7411
2238743,174,39,1239,2018.0,0.0,159319.0,0.7233649999999999,0.23715300000000003,PHL,CAN,7411
2238744,177,39,1239,2018.0,0.0,5552.0,1.1323860000000001,1.1465040000000002,POL,CAN,7411
2238745,179,39,1239,2018.0,656079.0,498217.0,0.787381,1.959475,PRT,CAN,7411
2238746,183,39,1239,2018.0,0.0,1048.0,-0.291537,-1.022145,QAT,CAN,7411
2238747,185,39,1239,2018.0,0.0,230231.0,1.1458030000000001,1.194413,ROU,CAN,7411
2238748,186,39,1239,2018.0,0.0,18645.0,-0.079971,0.11098599999999999,RUS,CAN,7411
2238749,188,39,1239,2018.0,0.0,77530.0,0.600485,-0.450466,SAU,CAN,7411
2238750,192,39,1239,2018.0,0.0,19018.0,1.870268,0.672214,SGP,CAN,7411
2238751,208,39,1239,2018.0,0.0,38799.0,1.7254209999999999,0.638757,SWE,CAN,7411
2238752,216,39,1239,2018.0,2845.0,71500.0,1.188923,1.264666,THA,CAN,7411
2238753,223,39,1239,2018.0,0.0,2845920.0,0.39611799999999997,1.252702,TUN,CAN,7411
2238754,231,39,1239,2018.0,18959196.0,11414184.0,1.5527739999999999,0.288577,USA,CAN,7411
2238755,239,39,1239,2018.0,0.0,5364.0,0.111848,0.915842,VNM,CAN,7411
2238756,249,39,1239,2018.0,1517.0,0.0,2.0283580000000003,1.1648319999999999,TWN,CAN,7411
2238757,250,39,1239,2018.0,133996.0,0.0,0.760441,-0.310861,ANS,CAN,7411
2238758,2,41,1239,2018.0,0.0,5179.0,-1.6785400000000001,-1.2244030000000001,AGO,CHE,7411
2238759,7,41,1239,2018.0,0.0,2380.0,-0.020214,-0.570049,ARE,CHE,7411
2238760,8,41,1239,2018.0,0.0,2776.0,-0.239502,0.297865,ARG,CHE,7411
2238761,14,41,1239,2018.0,6180.0,73249.0,-0.5578930000000001,-0.15666300000000002,AUS,CHE,7411
2238762,15,41,1239,2018.0,615076.0,87128.0,1.798687,-0.557271,AUT,CHE,7411
2238763,18,41,1239,2018.0,217055.0,0.0,1.244674,1.1368969999999998,BEL,CHE,7411
2238764,23,41,1239,2018.0,0.0,5484.0,0.516917,1.915288,BGR,CHE,7411
2238765,24,41,1239,2018.0,0.0,35380.0,0.335652,-0.646621,BHR,CHE,7411
2238766,32,41,1239,2018.0,0.0,39076.0,0.166542,0.718965,BRA,CHE,7411
2238767,39,41,1239,2018.0,1855.0,16763.0,0.60854,1.475283,CAN,CHE,7411
2238768,43,41,1239,2018.0,33111.0,7066.0,1.378018,0.513572,CHN,CHE,7411
2238769,59,41,1239,2018.0,1284.0,24325.0,1.8018669999999999,0.022382,CZE,CHE,7411
2238770,61,41,1239,2018.0,143787.0,453337.0,2.126861,-2.619524,DEU,CHE,7411
2238771,64,41,1239,2018.0,45798.0,23366.0,1.094761,1.337348,DNK,CHE,7411
2238772,71,41,1239,2018.0,10993.0,21635.0,0.851197,2.261012,ESP,CHE,7411
2238773,74,41,1239,2018.0,1877.0,48914.0,1.561518,1.0198450000000001,FIN,CHE,7411
2238774,77,41,1239,2018.0,681769.0,21132.0,1.3578540000000001,0.9033700000000001,FRA,CHE,7411
2238775,81,41,1239,2018.0,317632.0,21599.0,1.481442,1.050259,GBR,CHE,7411
2238776,82,41,1239,2018.0,0.0,2587.0,-0.059633000000000005,-0.073048,GEO,CHE,7411
2238777,83,41,1239,2018.0,0.0,1793.0,-0.769089,-0.8389200000000001,GHA,CHE,7411
2238778,92,41,1239,2018.0,2600.0,0.0,-1.0319049999999999,-1.0353629999999998,GRL,CHE,7411
2238779,97,41,1239,2018.0,2300.0,52629.0,0.8625149999999999,1.21001,HKG,CHE,7411
2238780,102,41,1239,2018.0,2216.0,24565.0,1.6983409999999999,0.693194,HUN,CHE,7411
2238781,103,41,1239,2018.0,0.0,9500.0,-0.0009939999999999999,1.417371,IDN,CHE,7411
2238782,104,41,1239,2018.0,52234.0,165191.0,0.536561,2.450287,IND,CHE,7411
2238783,106,41,1239,2018.0,1530.0,0.0,1.3647,0.094596,IRL,CHE,7411
2238784,110,41,1239,2018.0,0.0,1486.0,1.205666,1.001693,ISR,CHE,7411
2238785,111,41,1239,2018.0,1826841.0,217708.0,1.4594799999999999,0.05113,ITA,CHE,7411
2238786,114,41,1239,2018.0,3902.0,15542.0,2.480327,-0.559793,JPN,CHE,7411
2238787,122,41,1239,2018.0,0.0,6475.0,-0.790523,-1.136525,KWT,CHE,7411
2238788,130,41,1239,2018.0,1498.0,0.0,0.839052,1.5688790000000001,LTU,CHE,7411
2238789,131,41,1239,2018.0,0.0,1539.0,1.098797,1.390282,LUX,CHE,7411
2238790,137,41,1239,2018.0,0.0,11955.0,-1.128674,-1.053328,MDV,CHE,7411
2238791,147,41,1239,2018.0,0.0,1639.0,-1.253762,-1.0049,MOZ,CHE,7411
2238792,153,41,1239,2018.0,0.0,2962.0,1.047185,0.732742,MYS,CHE,7411
2238793,162,41,1239,2018.0,62588.0,55514.0,1.060964,1.491808,NLD,CHE,7411
2238794,163,41,1239,2018.0,0.0,4234.0,0.359254,-0.059994000000000006,NOR,CHE,7411
2238795,167,41,1239,2018.0,0.0,2191.0,-0.513727,-0.9944280000000001,OMN,CHE,7411
2238796,174,41,1239,2018.0,0.0,3524.0,0.7233649999999999,0.23715300000000003,PHL,CHE,7411
2238797,177,41,1239,2018.0,14412.0,3140.0,1.1323860000000001,1.1465040000000002,POL,CHE,7411
2238798,185,41,1239,2018.0,0.0,43832.0,1.1458030000000001,1.194413,ROU,CHE,7411
2238799,186,41,1239,2018.0,18201.0,11391.0,-0.079971,0.11098599999999999,RUS,CHE,7411
2238800,192,41,1239,2018.0,0.0,25164.0,1.870268,0.672214,SGP,CHE,7411
2238801,207,41,1239,2018.0,6715.0,0.0,1.623183,0.7150850000000001,SVN,CHE,7411
2238802,208,41,1239,2018.0,4950.0,9042.0,1.7254209999999999,0.638757,SWE,CHE,7411
2238803,216,41,1239,2018.0,11274.0,0.0,1.188923,1.264666,THA,CHE,7411
2238804,224,41,1239,2018.0,0.0,26970.0,0.5883510000000001,2.357541,TUR,CHE,7411
2238805,231,41,1239,2018.0,293535.0,68981.0,1.5527739999999999,0.288577,USA,CHE,7411
2238806,239,41,1239,2018.0,0.0,60028.0,0.111848,0.915842,VNM,CHE,7411
2238807,249,41,1239,2018.0,2619.0,8671.0,2.0283580000000003,1.1648319999999999,TWN,CHE,7411
2238808,8,42,1239,2018.0,4483.0,0.0,-0.239502,0.297865,ARG,CHL,7411
2238809,14,42,1239,2018.0,2283.0,0.0,-0.5578930000000001,-0.15666300000000002,AUS,CHL,7411
2238810,15,42,1239,2018.0,484759.0,0.0,1.798687,-0.557271,AUT,CHL,7411
2238811,18,42,1239,2018.0,478402.0,0.0,1.244674,1.1368969999999998,BEL,CHL,7411
2238812,32,42,1239,2018.0,60100.0,0.0,0.166542,0.718965,BRA,CHL,7411
2238813,39,42,1239,2018.0,479518.0,0.0,0.60854,1.475283,CAN,CHL,7411
2238814,43,42,1239,2018.0,8976.0,0.0,1.378018,0.513572,CHN,CHL,7411
2238815,61,42,1239,2018.0,3512317.0,0.0,2.126861,-2.619524,DEU,CHL,7411
2238816,64,42,1239,2018.0,159514.0,0.0,1.094761,1.337348,DNK,CHL,7411
2238817,71,42,1239,2018.0,1800.0,45506.0,0.851197,2.261012,ESP,CHL,7411
2238818,77,42,1239,2018.0,135747.0,0.0,1.3578540000000001,0.9033700000000001,FRA,CHL,7411
2238819,81,42,1239,2018.0,563304.0,0.0,1.481442,1.050259,GBR,CHL,7411
2238820,97,42,1239,2018.0,1081.0,0.0,0.8625149999999999,1.21001,HKG,CHL,7411
2238821,111,42,1239,2018.0,130232.0,0.0,1.4594799999999999,0.05113,ITA,CHL,7411
2238822,138,42,1239,2018.0,19278.0,0.0,1.272851,0.646359,MEX,CHL,7411
2238823,162,42,1239,2018.0,70408.0,0.0,1.060964,1.491808,NLD,CHL,7411
2238824,163,42,1239,2018.0,3827.0,0.0,0.359254,-0.059994000000000006,NOR,CHL,7411
2238825,179,42,1239,2018.0,810044.0,0.0,0.787381,1.959475,PRT,CHL,7411
2238826,206,42,1239,2018.0,13284.0,0.0,1.445669,0.9135850000000001,SVK,CHL,7411
2238827,231,42,1239,2018.0,361567.0,0.0,1.5527739999999999,0.288577,USA,CHL,7411
2238828,250,42,1239,2018.0,1484.0,0.0,0.760441,-0.310861,ANS,CHL,7411
2238829,2,43,1239,2018.0,0.0,6705.0,-1.6785400000000001,-1.2244030000000001,AGO,CHN,7411
2238830,4,43,1239,2018.0,0.0,13679.0,-0.403248,-0.180523,ALB,CHN,7411
2238831,7,43,1239,2018.0,0.0,2223391.0,-0.020214,-0.570049,ARE,CHN,7411
2238832,8,43,1239,2018.0,0.0,401578.0,-0.239502,0.297865,ARG,CHN,7411
2238833,9,43,1239,2018.0,0.0,18458.0,-0.42181499999999994,-0.663385,ARM,CHN,7411
2238834,14,43,1239,2018.0,815650.0,883840.0,-0.5578930000000001,-0.15666300000000002,AUS,CHN,7411
2238835,15,43,1239,2018.0,0.0,2391.0,1.798687,-0.557271,AUT,CHN,7411
2238836,16,43,1239,2018.0,0.0,1556.0,-1.47928,-1.313633,AZE,CHN,7411
2238837,17,43,1239,2018.0,0.0,354645.0,-0.542607,-1.0593540000000001,BDI,CHN,7411
2238838,18,43,1239,2018.0,366466.0,208891.0,1.244674,1.1368969999999998,BEL,CHN,7411
2238839,22,43,1239,2018.0,0.0,1777558.0,-0.9003549999999999,-1.1066610000000001,BGD,CHN,7411
2238840,23,43,1239,2018.0,0.0,12377.0,0.516917,1.915288,BGR,CHN,7411
2238841,24,43,1239,2018.0,0.0,2917.0,0.335652,-0.646621,BHR,CHN,7411
2238842,25,43,1239,2018.0,0.0,1401.0,0.359908,-0.445567,BHS,CHN,7411
2238843,26,43,1239,2018.0,0.0,7345.0,0.676528,0.8948299999999999,BIH,CHN,7411
2238844,28,43,1239,2018.0,0.0,10175.0,0.86016,1.034144,BLR,CHN,7411
2238845,31,43,1239,2018.0,0.0,4373.0,-1.069519,-0.942264,BOL,CHN,7411
2238846,32,43,1239,2018.0,202146.0,885966.0,0.166542,0.718965,BRA,CHN,7411
2238847,33,43,1239,2018.0,0.0,1316.0,0.50894,0.043631,BRB,CHN,7411
2238848,34,43,1239,2018.0,0.0,99269.0,-0.360468,-0.826729,BRN,CHN,7411
2238849,39,43,1239,2018.0,241221.0,1020503.0,0.60854,1.475283,CAN,CHN,7411
2238850,41,43,1239,2018.0,7066.0,33111.0,2.173252,0.861742,CHE,CHN,7411
2238851,42,43,1239,2018.0,0.0,8976.0,-0.24325300000000002,-0.350271,CHL,CHN,7411
2238852,44,43,1239,2018.0,0.0,4894.0,-1.021384,-0.898676,CIV,CHN,7411
2238853,45,43,1239,2018.0,0.0,23817.0,-1.2144,-1.0318260000000001,CMR,CHN,7411
2238854,46,43,1239,2018.0,0.0,1125.0,-1.704339,-1.211619,COD,CHN,7411
2238855,47,43,1239,2018.0,0.0,12137.0,-1.614157,-1.177288,COG,CHN,7411
2238856,49,43,1239,2018.0,0.0,30154.0,0.144073,-0.10276199999999999,COL,CHN,7411
2238857,52,43,1239,2018.0,0.0,37214.0,0.27715,0.33261999999999997,CRI,CHN,7411
2238858,58,43,1239,2018.0,0.0,1942.0,0.180009,-0.26353200000000004,CYP,CHN,7411
2238859,59,43,1239,2018.0,5464.0,2782.0,1.8018669999999999,0.022382,CZE,CHN,7411
2238860,61,43,1239,2018.0,1586620.0,851437.0,2.126861,-2.619524,DEU,CHN,7411
2238861,62,43,1239,2018.0,0.0,2000.0,-0.266256,-0.608169,DJI,CHN,7411
2238862,64,43,1239,2018.0,1415368.0,981463.0,1.094761,1.337348,DNK,CHN,7411
2238863,65,43,1239,2018.0,0.0,8640.0,-0.205988,0.291906,DOM,CHN,7411
2238864,66,43,1239,2018.0,0.0,21652.0,-1.121185,-1.196891,DZA,CHN,7411
2238865,67,43,1239,2018.0,0.0,29711.0,-0.9813709999999999,-1.073273,ECU,CHN,7411
2238866,68,43,1239,2018.0,0.0,79616.0,-0.093935,1.6368610000000001,EGY,CHN,7411
2238867,71,43,1239,2018.0,517387.0,370787.0,0.851197,2.261012,ESP,CHN,7411
2238868,72,43,1239,2018.0,0.0,1915.0,0.957627,1.294173,EST,CHN,7411
2238869,73,43,1239,2018.0,0.0,1800828.0,-0.663343,-0.384372,ETH,CHN,7411
2238870,74,43,1239,2018.0,0.0,43028.0,1.561518,1.0198450000000001,FIN,CHN,7411
2238871,75,43,1239,2018.0,0.0,23716.0,-0.31149299999999996,0.198303,FJI,CHN,7411
2238872,77,43,1239,2018.0,131801.0,63711.0,1.3578540000000001,0.9033700000000001,FRA,CHN,7411
2238873,81,43,1239,2018.0,1769185.0,881759.0,1.481442,1.050259,GBR,CHN,7411
2238874,82,43,1239,2018.0,0.0,44993.0,-0.059633000000000005,-0.073048,GEO,CHN,7411
2238875,83,43,1239,2018.0,0.0,316230.0,-0.769089,-0.8389200000000001,GHA,CHN,7411
2238876,85,43,1239,2018.0,0.0,33722.0,-1.3262909999999999,-1.237056,GIN,CHN,7411
2238877,90,43,1239,2018.0,0.0,11392.0,0.069841,0.922895,GRC,CHN,7411
2238878,97,43,1239,2018.0,2716658.0,286314.0,0.8625149999999999,1.21001,HKG,CHN,7411
2238879,99,43,1239,2018.0,0.0,1647.0,-0.505516,-0.20719899999999997,HND,CHN,7411
2238880,102,43,1239,2018.0,0.0,5550.0,1.6983409999999999,0.693194,HUN,CHN,7411
2238881,103,43,1239,2018.0,195361.0,7791024.0,-0.0009939999999999999,1.417371,IDN,CHN,7411
2238882,104,43,1239,2018.0,23110.0,3074752.0,0.536561,2.450287,IND,CHN,7411
2238883,106,43,1239,2018.0,0.0,5336.0,1.3647,0.094596,IRL,CHN,7411
2238884,107,43,1239,2018.0,0.0,92865.0,-0.290723,-0.430805,IRN,CHN,7411
2238885,108,43,1239,2018.0,0.0,4108.0,-0.627753,-0.983086,IRQ,CHN,7411
2238886,110,43,1239,2018.0,4654.0,14607.0,1.205666,1.001693,ISR,CHN,7411
2238887,111,43,1239,2018.0,2836532.0,422388.0,1.4594799999999999,0.05113,ITA,CHN,7411
2238888,113,43,1239,2018.0,0.0,63697.0,0.125467,0.382625,JOR,CHN,7411
2238889,114,43,1239,2018.0,2985170.0,579432.0,2.480327,-0.559793,JPN,CHN,7411
2238890,115,43,1239,2018.0,0.0,16516.0,-0.625674,-0.605028,KAZ,CHN,7411
2238891,116,43,1239,2018.0,0.0,53178.0,-0.381632,0.460819,KEN,CHN,7411
2238892,117,43,1239,2018.0,0.0,141420.0,0.000495,0.601278,KGZ,CHN,7411
2238893,118,43,1239,2018.0,0.0,147916.0,-0.5513779999999999,-0.598237,KHM,CHN,7411
2238894,121,43,1239,2018.0,6690640.0,7180610.0,2.139149,0.795045,KOR,CHN,7411
2238895,122,43,1239,2018.0,0.0,7885364.0,-0.790523,-1.136525,KWT,CHN,7411
2238896,124,43,1239,2018.0,0.0,19948.0,0.37832899999999997,1.077452,LBN,CHN,7411
2238897,128,43,1239,2018.0,0.0,216031.0,-0.364093,0.347953,LKA,CHN,7411
2238898,130,43,1239,2018.0,0.0,12319.0,0.839052,1.5688790000000001,LTU,CHN,7411
2238899,131,43,1239,2018.0,0.0,5076.0,1.098797,1.390282,LUX,CHN,7411
2238900,133,43,1239,2018.0,0.0,8563.0,0.358075,0.081041,MAC,CHN,7411
2238901,134,43,1239,2018.0,0.0,7010.0,-0.57445,-0.14461400000000002,MAR,CHN,7411
2238902,136,43,1239,2018.0,0.0,2747.0,-1.056786,-0.9160709999999999,MDG,CHN,7411
2238903,137,43,1239,2018.0,0.0,161603.0,-1.128674,-1.053328,MDV,CHN,7411
2238904,138,43,1239,2018.0,0.0,31322.0,1.272851,0.646359,MEX,CHN,7411
2238905,140,43,1239,2018.0,0.0,8009.0,0.056548,-0.273964,MKD,CHN,7411
2238906,141,43,1239,2018.0,0.0,15748.0,-0.805876,-0.907854,MLI,CHN,7411
2238907,143,43,1239,2018.0,23462.0,685163.0,-0.9970469999999999,-0.28486,MMR,CHN,7411
2238908,145,43,1239,2018.0,0.0,185712.0,-0.892013,-1.115228,MNG,CHN,7411
2238909,147,43,1239,2018.0,0.0,17460.0,-1.253762,-1.0049,MOZ,CHN,7411
2238910,148,43,1239,2018.0,0.0,85016.0,-1.219419,-1.2586,MRT,CHN,7411
2238911,151,43,1239,2018.0,0.0,4106.0,-0.268625,0.104254,MUS,CHN,7411
2238912,152,43,1239,2018.0,0.0,6517.0,-0.717512,-0.8799450000000001,MWI,CHN,7411
2238913,153,43,1239,2018.0,52707.0,3165852.0,1.047185,0.732742,MYS,CHN,7411
2238914,159,43,1239,2018.0,0.0,211957.0,-1.839074,-1.29837,NGA,CHN,7411
2238915,160,43,1239,2018.0,0.0,10657.0,-0.8788790000000001,-0.747015,NIC,CHN,7411
2238916,162,43,1239,2018.0,21284140.0,123897.0,1.060964,1.491808,NLD,CHN,7411
2238917,163,43,1239,2018.0,14029.0,10717.0,0.359254,-0.059994000000000006,NOR,CHN,7411
2238918,164,43,1239,2018.0,0.0,69585.0,-0.15379500000000002,0.7814369999999999,NPL,CHN,7411
2238919,166,43,1239,2018.0,0.0,33140.0,0.113398,0.017740000000000002,NZL,CHN,7411
2238920,167,43,1239,2018.0,0.0,1953.0,-0.513727,-0.9944280000000001,OMN,CHN,7411
2238921,168,43,1239,2018.0,0.0,493618.0,-0.737637,0.274296,PAK,CHN,7411
2238922,173,43,1239,2018.0,0.0,7448.0,-0.842934,-0.302396,PER,CHN,7411
2238923,174,43,1239,2018.0,0.0,366578.0,0.7233649999999999,0.23715300000000003,PHL,CHN,7411
2238924,175,43,1239,2018.0,0.0,1071.0,-0.020347,-0.781658,PLW,CHN,7411
2238925,176,43,1239,2018.0,0.0,5949.0,-1.7208310000000002,-1.2635370000000001,PNG,CHN,7411
2238926,177,43,1239,2018.0,0.0,11876.0,1.1323860000000001,1.1465040000000002,POL,CHN,7411
2238927,179,43,1239,2018.0,0.0,14716.0,0.787381,1.959475,PRT,CHN,7411
2238928,180,43,1239,2018.0,0.0,28138.0,-0.504343,-0.8482040000000001,PRY,CHN,7411
2238929,183,43,1239,2018.0,0.0,27557.0,-0.291537,-1.022145,QAT,CHN,7411
2238930,185,43,1239,2018.0,0.0,168670.0,1.1458030000000001,1.194413,ROU,CHN,7411
2238931,186,43,1239,2018.0,0.0,396431.0,-0.079971,0.11098599999999999,RUS,CHN,7411
2238932,187,43,1239,2018.0,0.0,3742.0,-0.48781199999999997,-0.741734,RWA,CHN,7411
2238933,188,43,1239,2018.0,0.0,916106.0,0.600485,-0.450466,SAU,CHN,7411
2238934,190,43,1239,2018.0,0.0,388228.0,-1.3426719999999999,-1.1851909999999999,SDN,CHN,7411
2238935,191,43,1239,2018.0,0.0,226683.0,-0.699313,-0.360203,SEN,CHN,7411
2238936,192,43,1239,2018.0,1098677.0,860049.0,1.870268,0.672214,SGP,CHN,7411
2238937,195,43,1239,2018.0,0.0,23986.0,-1.09344,-0.976073,SLB,CHN,7411
2238938,201,43,1239,2018.0,0.0,4068.0,0.665772,1.552409,SRB,CHN,7411
2238939,205,43,1239,2018.0,0.0,1961.0,-0.721134,-1.069008,SUR,CHN,7411
2238940,207,43,1239,2018.0,0.0,6196.0,1.623183,0.7150850000000001,SVN,CHN,7411
2238941,208,43,1239,2018.0,1668.0,460012.0,1.7254209999999999,0.638757,SWE,CHN,7411
2238942,209,43,1239,2018.0,0.0,5609.0,-0.136719,-0.38962800000000003,SWZ,CHN,7411
2238943,216,43,1239,2018.0,0.0,177895.0,1.188923,1.264666,THA,CHN,7411
2238944,217,43,1239,2018.0,0.0,1999219.0,-1.199219,-1.254751,TJK,CHN,7411
2238945,222,43,1239,2018.0,0.0,2000.0,-0.32209299999999996,-1.0651540000000002,TTO,CHN,7411
2238946,223,43,1239,2018.0,0.0,7872.0,0.39611799999999997,1.252702,TUN,CHN,7411
2238947,224,43,1239,2018.0,0.0,1037275.0,0.5883510000000001,2.357541,TUR,CHN,7411
2238948,226,43,1239,2018.0,0.0,454605.0,-0.12971300000000002,1.379649,TZA,CHN,7411
2238949,227,43,1239,2018.0,0.0,24057.0,-0.569114,0.36182800000000004,UGA,CHN,7411
2238950,228,43,1239,2018.0,0.0,9683.0,0.3281,1.0037459999999998,UKR,CHN,7411
2238951,230,43,1239,2018.0,0.0,14868.0,0.016527,-0.250715,URY,CHN,7411
2238952,231,43,1239,2018.0,4559515.0,1642875.0,1.5527739999999999,0.288577,USA,CHN,7411
2238953,232,43,1239,2018.0,0.0,1115624.0,-0.485013,-0.390021,UZB,CHN,7411
2238954,236,43,1239,2018.0,0.0,4427.0,-1.180083,-1.23326,VEN,CHN,7411
2238955,239,43,1239,2018.0,0.0,7538350.0,0.111848,0.915842,VNM,CHN,7411
2238956,243,43,1239,2018.0,0.0,42117.0,-1.260844,-1.187614,YEM,CHN,7411
2238957,246,43,1239,2018.0,0.0,122420.0,-0.053311000000000004,1.45561,ZAF,CHN,7411
2238958,247,43,1239,2018.0,0.0,1490440.0,-0.8302510000000001,-0.932916,ZMB,CHN,7411
2238959,248,43,1239,2018.0,0.0,572056.0,-1.071621,-1.112033,ZWE,CHN,7411
2238960,249,43,1239,2018.0,95585.0,1921555.0,2.0283580000000003,1.1648319999999999,TWN,CHN,7411
2238961,250,43,1239,2018.0,27617.0,0.0,0.760441,-0.310861,ANS,CHN,7411
2238962,8,49,1239,2018.0,0.0,1195.0,-0.239502,0.297865,ARG,COL,7411
2238963,18,49,1239,2018.0,77749.0,0.0,1.244674,1.1368969999999998,BEL,COL,7411
2238964,32,49,1239,2018.0,1620851.0,12135.0,0.166542,0.718965,BRA,COL,7411
2238965,43,49,1239,2018.0,30154.0,0.0,1.378018,0.513572,CHN,COL,7411
2238966,61,49,1239,2018.0,18347.0,0.0,2.126861,-2.619524,DEU,COL,7411
2238967,64,49,1239,2018.0,11351.0,0.0,1.094761,1.337348,DNK,COL,7411
2238968,67,49,1239,2018.0,14554.0,0.0,-0.9813709999999999,-1.073273,ECU,COL,7411
2238969,71,49,1239,2018.0,30973.0,0.0,0.851197,2.261012,ESP,COL,7411
2238970,81,49,1239,2018.0,25812.0,0.0,1.481442,1.050259,GBR,COL,7411
2238971,97,49,1239,2018.0,3231.0,0.0,0.8625149999999999,1.21001,HKG,COL,7411
2238972,104,49,1239,2018.0,1700534.0,0.0,0.536561,2.450287,IND,COL,7411
2238973,111,49,1239,2018.0,15167.0,0.0,1.4594799999999999,0.05113,ITA,COL,7411
2238974,138,49,1239,2018.0,9677.0,0.0,1.272851,0.646359,MEX,COL,7411
2238975,162,49,1239,2018.0,86253.0,0.0,1.060964,1.491808,NLD,COL,7411
2238976,169,49,1239,2018.0,0.0,73203.0,0.007061,-0.13867100000000002,PAN,COL,7411
2238977,206,49,1239,2018.0,10983.0,0.0,1.445669,0.9135850000000001,SVK,COL,7411
2238978,231,49,1239,2018.0,990944.0,60582.0,1.5527739999999999,0.288577,USA,COL,7411
2238979,8,52,1239,2018.0,0.0,3450.0,-0.239502,0.297865,ARG,CRI,7411
2238980,43,52,1239,2018.0,37214.0,0.0,1.378018,0.513572,CHN,CRI,7411
2238981,61,52,1239,2018.0,49253.0,0.0,2.126861,-2.619524,DEU,CRI,7411
2238982,64,52,1239,2018.0,46567.0,0.0,1.094761,1.337348,DNK,CRI,7411
2238983,81,52,1239,2018.0,5893.0,0.0,1.481442,1.050259,GBR,CRI,7411
2238984,138,52,1239,2018.0,8696.0,0.0,1.272851,0.646359,MEX,CRI,7411
2238985,179,52,1239,2018.0,1833.0,0.0,0.787381,1.959475,PRT,CRI,7411
2238986,231,52,1239,2018.0,121233.0,405821.0,1.5527739999999999,0.288577,USA,CRI,7411
2238987,249,52,1239,2018.0,6259.0,0.0,2.0283580000000003,1.1648319999999999,TWN,CRI,7411
2238988,162,55,1239,2018.0,55753.0,0.0,1.060964,1.491808,NLD,CUW,7411
2238989,231,55,1239,2018.0,133570.0,0.0,1.5527739999999999,0.288577,USA,CUW,7411
2238990,43,58,1239,2018.0,1942.0,0.0,1.378018,0.513572,CHN,CYP,7411
2238991,71,58,1239,2018.0,37057.0,0.0,0.851197,2.261012,ESP,CYP,7411
2238992,81,58,1239,2018.0,13087.0,0.0,1.481442,1.050259,GBR,CYP,7411
2238993,90,58,1239,2018.0,30103.0,2554.0,0.069841,0.922895,GRC,CYP,7411
2238994,97,58,1239,2018.0,1271.0,0.0,0.8625149999999999,1.21001,HKG,CYP,7411
2238995,102,58,1239,2018.0,2845.0,0.0,1.6983409999999999,0.693194,HUN,CYP,7411
2238996,111,58,1239,2018.0,7878.0,0.0,1.4594799999999999,0.05113,ITA,CYP,7411
2238997,162,58,1239,2018.0,150991.0,0.0,1.060964,1.491808,NLD,CYP,7411
2238998,179,58,1239,2018.0,5254.0,0.0,0.787381,1.959475,PRT,CYP,7411
2238999,186,58,1239,2018.0,3928.0,0.0,-0.079971,0.11098599999999999,RUS,CYP,7411
2239000,224,58,1239,2018.0,8028.0,0.0,0.5883510000000001,2.357541,TUR,CYP,7411
2239001,231,58,1239,2018.0,15780.0,0.0,1.5527739999999999,0.288577,USA,CYP,7411
2239002,2,61,1239,2018.0,0.0,24776.0,-1.6785400000000001,-1.2244030000000001,AGO,DEU,7411
2239003,7,61,1239,2018.0,2290.0,142326.0,-0.020214,-0.570049,ARE,DEU,7411
2239004,9,61,1239,2018.0,0.0,27907.0,-0.42181499999999994,-0.663385,ARM,DEU,7411
2239005,14,61,1239,2018.0,21516.0,4888.0,-0.5578930000000001,-0.15666300000000002,AUS,DEU,7411
2239006,15,61,1239,2018.0,91896.0,163194.0,1.798687,-0.557271,AUT,DEU,7411
2239007,16,61,1239,2018.0,0.0,1557.0,-1.47928,-1.313633,AZE,DEU,7411
2239008,18,61,1239,2018.0,2501403.0,566023.0,1.244674,1.1368969999999998,BEL,DEU,7411
2239009,21,61,1239,2018.0,0.0,458286.0,-0.625138,-0.848562,BFA,DEU,7411
2239010,22,61,1239,2018.0,0.0,118411.0,-0.9003549999999999,-1.1066610000000001,BGD,DEU,7411
2239011,23,61,1239,2018.0,0.0,37128.0,0.516917,1.915288,BGR,DEU,7411
2239012,26,61,1239,2018.0,0.0,41191.0,0.676528,0.8948299999999999,BIH,DEU,7411
2239013,28,61,1239,2018.0,0.0,3850.0,0.86016,1.034144,BLR,DEU,7411
2239014,31,61,1239,2018.0,0.0,25856.0,-1.069519,-0.942264,BOL,DEU,7411
2239015,32,61,1239,2018.0,0.0,18940.0,0.166542,0.718965,BRA,DEU,7411
2239016,39,61,1239,2018.0,214619.0,77503.0,0.60854,1.475283,CAN,DEU,7411
2239017,41,61,1239,2018.0,453337.0,143787.0,2.173252,0.861742,CHE,DEU,7411
2239018,42,61,1239,2018.0,0.0,3512317.0,-0.24325300000000002,-0.350271,CHL,DEU,7411
2239019,43,61,1239,2018.0,851437.0,1586620.0,1.378018,0.513572,CHN,DEU,7411
2239020,44,61,1239,2018.0,0.0,9648.0,-1.021384,-0.898676,CIV,DEU,7411
2239021,45,61,1239,2018.0,0.0,564825.0,-1.2144,-1.0318260000000001,CMR,DEU,7411
2239022,49,61,1239,2018.0,0.0,18347.0,0.144073,-0.10276199999999999,COL,DEU,7411
2239023,52,61,1239,2018.0,0.0,49253.0,0.27715,0.33261999999999997,CRI,DEU,7411
2239024,54,61,1239,2018.0,0.0,29014.0,-1.077539,-1.241754,CUB,DEU,7411
2239025,59,61,1239,2018.0,14944.0,7903.0,1.8018669999999999,0.022382,CZE,DEU,7411
2239026,64,61,1239,2018.0,7931.0,16235.0,1.094761,1.337348,DNK,DEU,7411
2239027,67,61,1239,2018.0,0.0,24761.0,-0.9813709999999999,-1.073273,ECU,DEU,7411
2239028,68,61,1239,2018.0,0.0,126364.0,-0.093935,1.6368610000000001,EGY,DEU,7411
2239029,71,61,1239,2018.0,21601.0,26074.0,0.851197,2.261012,ESP,DEU,7411
2239030,72,61,1239,2018.0,0.0,3298.0,0.957627,1.294173,EST,DEU,7411
2239031,73,61,1239,2018.0,0.0,21001.0,-0.663343,-0.384372,ETH,DEU,7411
2239032,74,61,1239,2018.0,6371.0,223767.0,1.561518,1.0198450000000001,FIN,DEU,7411
2239033,77,61,1239,2018.0,519026.0,183147.0,1.3578540000000001,0.9033700000000001,FRA,DEU,7411
2239034,81,61,1239,2018.0,2766761.0,356775.0,1.481442,1.050259,GBR,DEU,7411
2239035,82,61,1239,2018.0,0.0,13230.0,-0.059633000000000005,-0.073048,GEO,DEU,7411
2239036,83,61,1239,2018.0,0.0,35286.0,-0.769089,-0.8389200000000001,GHA,DEU,7411
2239037,90,61,1239,2018.0,4748.0,421019.0,0.069841,0.922895,GRC,DEU,7411
2239038,95,61,1239,2018.0,0.0,8106.0,0.314369,-0.18573699999999999,GUM,DEU,7411
2239039,97,61,1239,2018.0,0.0,127955.0,0.8625149999999999,1.21001,HKG,DEU,7411
2239040,100,61,1239,2018.0,0.0,3397.0,0.8873559999999999,1.480788,HRV,DEU,7411
2239041,102,61,1239,2018.0,797782.0,1044802.0,1.6983409999999999,0.693194,HUN,DEU,7411
2239042,103,61,1239,2018.0,0.0,2351775.0,-0.0009939999999999999,1.417371,IDN,DEU,7411
2239043,104,61,1239,2018.0,53749.0,113492.0,0.536561,2.450287,IND,DEU,7411
2239044,106,61,1239,2018.0,0.0,87851.0,1.3647,0.094596,IRL,DEU,7411
2239045,107,61,1239,2018.0,0.0,268773.0,-0.290723,-0.430805,IRN,DEU,7411
2239046,108,61,1239,2018.0,0.0,16031.0,-0.627753,-0.983086,IRQ,DEU,7411
2239047,110,61,1239,2018.0,5893.0,66471.0,1.205666,1.001693,ISR,DEU,7411
2239048,111,61,1239,2018.0,1478580.0,211840.0,1.4594799999999999,0.05113,ITA,DEU,7411
2239049,113,61,1239,2018.0,0.0,356427.0,0.125467,0.382625,JOR,DEU,7411
2239050,114,61,1239,2018.0,34540.0,1422624.0,2.480327,-0.559793,JPN,DEU,7411
2239051,115,61,1239,2018.0,0.0,24483.0,-0.625674,-0.605028,KAZ,DEU,7411
2239052,116,61,1239,2018.0,0.0,6707.0,-0.381632,0.460819,KEN,DEU,7411
2239053,117,61,1239,2018.0,0.0,8989.0,0.000495,0.601278,KGZ,DEU,7411
2239054,121,61,1239,2018.0,575433.0,480320.0,2.139149,0.795045,KOR,DEU,7411
2239055,122,61,1239,2018.0,0.0,2479.0,-0.790523,-1.136525,KWT,DEU,7411
2239056,124,61,1239,2018.0,0.0,4457.0,0.37832899999999997,1.077452,LBN,DEU,7411
2239057,126,61,1239,2018.0,0.0,25288.0,-1.454322,-1.169087,LBY,DEU,7411
2239058,130,61,1239,2018.0,190416.0,9987.0,0.839052,1.5688790000000001,LTU,DEU,7411
2239059,131,61,1239,2018.0,8286.0,430078.0,1.098797,1.390282,LUX,DEU,7411
2239060,132,61,1239,2018.0,13525.0,2568.0,0.6984560000000001,1.29918,LVA,DEU,7411
2239061,134,61,1239,2018.0,0.0,38255.0,-0.57445,-0.14461400000000002,MAR,DEU,7411
2239062,138,61,1239,2018.0,0.0,60795.0,1.272851,0.646359,MEX,DEU,7411
2239063,145,61,1239,2018.0,0.0,1273.0,-0.892013,-1.115228,MNG,DEU,7411
2239064,147,61,1239,2018.0,0.0,14610.0,-1.253762,-1.0049,MOZ,DEU,7411
2239065,153,61,1239,2018.0,0.0,50172.0,1.047185,0.732742,MYS,DEU,7411
2239066,155,61,1239,2018.0,0.0,46640.0,-0.45412600000000003,-0.673077,NAM,DEU,7411
2239067,159,61,1239,2018.0,0.0,242048.0,-1.839074,-1.29837,NGA,DEU,7411
2239068,160,61,1239,2018.0,0.0,2356.0,-0.8788790000000001,-0.747015,NIC,DEU,7411
2239069,162,61,1239,2018.0,947939.0,148743.0,1.060964,1.491808,NLD,DEU,7411
2239070,163,61,1239,2018.0,19421.0,30043.0,0.359254,-0.059994000000000006,NOR,DEU,7411
2239071,166,61,1239,2018.0,23986.0,35744.0,0.113398,0.017740000000000002,NZL,DEU,7411
2239072,167,61,1239,2018.0,0.0,49158.0,-0.513727,-0.9944280000000001,OMN,DEU,7411
2239073,168,61,1239,2018.0,0.0,197549.0,-0.737637,0.274296,PAK,DEU,7411
2239074,173,61,1239,2018.0,0.0,44667.0,-0.842934,-0.302396,PER,DEU,7411
2239075,174,61,1239,2018.0,5971.0,14994.0,0.7233649999999999,0.23715300000000003,PHL,DEU,7411
2239076,176,61,1239,2018.0,0.0,33681.0,-1.7208310000000002,-1.2635370000000001,PNG,DEU,7411
2239077,177,61,1239,2018.0,78257.0,149609.0,1.1323860000000001,1.1465040000000002,POL,DEU,7411
2239078,179,61,1239,2018.0,56074.0,131278.0,0.787381,1.959475,PRT,DEU,7411
2239079,182,61,1239,2018.0,0.0,2963.0,-0.167505,-0.7041350000000001,PYF,DEU,7411
2239080,183,61,1239,2018.0,0.0,72384.0,-0.291537,-1.022145,QAT,DEU,7411
2239081,185,61,1239,2018.0,7293.0,376025.0,1.1458030000000001,1.194413,ROU,DEU,7411
2239082,186,61,1239,2018.0,68025.0,9932715.0,-0.079971,0.11098599999999999,RUS,DEU,7411
2239083,188,61,1239,2018.0,0.0,2171830.0,0.600485,-0.450466,SAU,DEU,7411
2239084,191,61,1239,2018.0,0.0,16600.0,-0.699313,-0.360203,SEN,DEU,7411
2239085,192,61,1239,2018.0,0.0,15697.0,1.870268,0.672214,SGP,DEU,7411
2239086,196,61,1239,2018.0,0.0,25092.0,-0.17023,-0.25755700000000004,SLE,DEU,7411
2239087,201,61,1239,2018.0,0.0,26848.0,0.665772,1.552409,SRB,DEU,7411
2239088,206,61,1239,2018.0,0.0,9850.0,1.445669,0.9135850000000001,SVK,DEU,7411
2239089,207,61,1239,2018.0,0.0,30622.0,1.623183,0.7150850000000001,SVN,DEU,7411
2239090,208,61,1239,2018.0,19571.0,21116.0,1.7254209999999999,0.638757,SWE,DEU,7411
2239091,216,61,1239,2018.0,5641.0,14624.0,1.188923,1.264666,THA,DEU,7411
2239092,223,61,1239,2018.0,6820.0,61801.0,0.39611799999999997,1.252702,TUN,DEU,7411
2239093,224,61,1239,2018.0,2013754.0,3372955.0,0.5883510000000001,2.357541,TUR,DEU,7411
2239094,228,61,1239,2018.0,0.0,3529613.0,0.3281,1.0037459999999998,UKR,DEU,7411
2239095,230,61,1239,2018.0,0.0,2800402.0,0.016527,-0.250715,URY,DEU,7411
2239096,231,61,1239,2018.0,8232258.0,736105.0,1.5527739999999999,0.288577,USA,DEU,7411
2239097,232,61,1239,2018.0,0.0,26941.0,-0.485013,-0.390021,UZB,DEU,7411
2239098,239,61,1239,2018.0,0.0,20713.0,0.111848,0.915842,VNM,DEU,7411
2239099,243,61,1239,2018.0,0.0,6900.0,-1.260844,-1.187614,YEM,DEU,7411
2239100,246,61,1239,2018.0,0.0,33687.0,-0.053311000000000004,1.45561,ZAF,DEU,7411
2239101,247,61,1239,2018.0,0.0,56253.0,-0.8302510000000001,-0.932916,ZMB,DEU,7411
2239102,249,61,1239,2018.0,2206.0,372512.0,2.0283580000000003,1.1648319999999999,TWN,DEU,7411
2239103,2,64,1239,2018.0,0.0,21820.0,-1.6785400000000001,-1.2244030000000001,AGO,DNK,7411
2239104,7,64,1239,2018.0,0.0,7015.0,-0.020214,-0.570049,ARE,DNK,7411
2239105,8,64,1239,2018.0,0.0,10695.0,-0.239502,0.297865,ARG,DNK,7411
2239106,14,64,1239,2018.0,0.0,15253.0,-0.5578930000000001,-0.15666300000000002,AUS,DNK,7411
2239107,16,64,1239,2018.0,0.0,20047.0,-1.47928,-1.313633,AZE,DNK,7411
2239108,18,64,1239,2018.0,53312.0,5101.0,1.244674,1.1368969999999998,BEL,DNK,7411
2239109,22,64,1239,2018.0,0.0,1982780.0,-0.9003549999999999,-1.1066610000000001,BGD,DNK,7411
2239110,23,64,1239,2018.0,8085.0,0.0,0.516917,1.915288,BGR,DNK,7411
2239111,24,64,1239,2018.0,0.0,19791.0,0.335652,-0.646621,BHR,DNK,7411
2239112,28,64,1239,2018.0,0.0,11757.0,0.86016,1.034144,BLR,DNK,7411
2239113,29,64,1239,2018.0,0.0,220252.0,-0.242696,-0.558757,BLZ,DNK,7411
2239114,32,64,1239,2018.0,3968.0,26045.0,0.166542,0.718965,BRA,DNK,7411
2239115,33,64,1239,2018.0,0.0,312760.0,0.50894,0.043631,BRB,DNK,7411
2239116,37,64,1239,2018.0,0.0,26103.0,-0.611288,-1.125815,BWA,DNK,7411
2239117,39,64,1239,2018.0,0.0,7564.0,0.60854,1.475283,CAN,DNK,7411
2239118,41,64,1239,2018.0,23366.0,45798.0,2.173252,0.861742,CHE,DNK,7411
2239119,42,64,1239,2018.0,0.0,159514.0,-0.24325300000000002,-0.350271,CHL,DNK,7411
2239120,43,64,1239,2018.0,981463.0,1415368.0,1.378018,0.513572,CHN,DNK,7411
2239121,44,64,1239,2018.0,0.0,814325.0,-1.021384,-0.898676,CIV,DNK,7411
2239122,45,64,1239,2018.0,0.0,38440.0,-1.2144,-1.0318260000000001,CMR,DNK,7411
2239123,49,64,1239,2018.0,0.0,11351.0,0.144073,-0.10276199999999999,COL,DNK,7411
2239124,51,64,1239,2018.0,0.0,5263.0,-0.43036899999999995,-0.761514,CPV,DNK,7411
2239125,52,64,1239,2018.0,0.0,46567.0,0.27715,0.33261999999999997,CRI,DNK,7411
2239126,61,64,1239,2018.0,16235.0,7931.0,2.126861,-2.619524,DEU,DNK,7411
2239127,66,64,1239,2018.0,0.0,263691.0,-1.121185,-1.196891,DZA,DNK,7411
2239128,67,64,1239,2018.0,0.0,116180.0,-0.9813709999999999,-1.073273,ECU,DNK,7411
2239129,68,64,1239,2018.0,0.0,51518.0,-0.093935,1.6368610000000001,EGY,DNK,7411
2239130,69,64,1239,2018.0,0.0,90049.0,-1.782586,-1.131987,ERI,DNK,7411
2239131,71,64,1239,2018.0,33862.0,0.0,0.851197,2.261012,ESP,DNK,7411
2239132,72,64,1239,2018.0,12812.0,0.0,0.957627,1.294173,EST,DNK,7411
2239133,73,64,1239,2018.0,0.0,34194.0,-0.663343,-0.384372,ETH,DNK,7411
2239134,77,64,1239,2018.0,124049.0,1926.0,1.3578540000000001,0.9033700000000001,FRA,DNK,7411
2239135,78,64,1239,2018.0,0.0,36289.0,-1.2035120000000001,-1.0473700000000001,FRO,DNK,7411
2239136,81,64,1239,2018.0,208896.0,7164.0,1.481442,1.050259,GBR,DNK,7411
2239137,83,64,1239,2018.0,0.0,93617.0,-0.769089,-0.8389200000000001,GHA,DNK,7411
2239138,85,64,1239,2018.0,0.0,354877.0,-1.3262909999999999,-1.237056,GIN,DNK,7411
2239139,90,64,1239,2018.0,1356.0,1569.0,0.069841,0.922895,GRC,DNK,7411
2239140,92,64,1239,2018.0,0.0,36957.0,-1.0319049999999999,-1.0353629999999998,GRL,DNK,7411
2239141,93,64,1239,2018.0,0.0,88600.0,-0.321177,0.6339090000000001,GTM,DNK,7411
2239142,97,64,1239,2018.0,0.0,5335.0,0.8625149999999999,1.21001,HKG,DNK,7411
2239143,102,64,1239,2018.0,0.0,1232.0,1.6983409999999999,0.693194,HUN,DNK,7411
2239144,103,64,1239,2018.0,0.0,7900.0,-0.0009939999999999999,1.417371,IDN,DNK,7411
2239145,106,64,1239,2018.0,0.0,21427.0,1.3647,0.094596,IRL,DNK,7411
2239146,107,64,1239,2018.0,59737.0,0.0,-0.290723,-0.430805,IRN,DNK,7411
2239147,109,64,1239,2018.0,0.0,22447.0,0.161776,-0.293048,ISL,DNK,7411
2239148,111,64,1239,2018.0,98242.0,1991.0,1.4594799999999999,0.05113,ITA,DNK,7411
2239149,114,64,1239,2018.0,0.0,784762.0,2.480327,-0.559793,JPN,DNK,7411
2239150,115,64,1239,2018.0,0.0,40701.0,-0.625674,-0.605028,KAZ,DNK,7411
2239151,121,64,1239,2018.0,5466.0,11793.0,2.139149,0.795045,KOR,DNK,7411
2239152,122,64,1239,2018.0,0.0,71273.0,-0.790523,-1.136525,KWT,DNK,7411
2239153,123,64,1239,2018.0,0.0,26541.0,-0.60597,-0.479868,LAO,DNK,7411
2239154,126,64,1239,2018.0,0.0,38244.0,-1.454322,-1.169087,LBY,DNK,7411
2239155,128,64,1239,2018.0,0.0,104302.0,-0.364093,0.347953,LKA,DNK,7411
2239156,130,64,1239,2018.0,20230.0,0.0,0.839052,1.5688790000000001,LTU,DNK,7411
2239157,132,64,1239,2018.0,3810.0,13724.0,0.6984560000000001,1.29918,LVA,DNK,7411
2239158,134,64,1239,2018.0,0.0,15758.0,-0.57445,-0.14461400000000002,MAR,DNK,7411
2239159,138,64,1239,2018.0,122845.0,414306.0,1.272851,0.646359,MEX,DNK,7411
2239160,143,64,1239,2018.0,0.0,105002.0,-0.9970469999999999,-0.28486,MMR,DNK,7411
2239161,145,64,1239,2018.0,0.0,12668.0,-0.892013,-1.115228,MNG,DNK,7411
2239162,152,64,1239,2018.0,0.0,11822.0,-0.717512,-0.8799450000000001,MWI,DNK,7411
2239163,153,64,1239,2018.0,0.0,3175.0,1.047185,0.732742,MYS,DNK,7411
2239164,159,64,1239,2018.0,0.0,235061.0,-1.839074,-1.29837,NGA,DNK,7411
2239165,162,64,1239,2018.0,706639.0,952157.0,1.060964,1.491808,NLD,DNK,7411
2239166,163,64,1239,2018.0,3519.0,119944.0,0.359254,-0.059994000000000006,NOR,DNK,7411
2239167,166,64,1239,2018.0,0.0,21555.0,0.113398,0.017740000000000002,NZL,DNK,7411
2239168,167,64,1239,2018.0,0.0,114917.0,-0.513727,-0.9944280000000001,OMN,DNK,7411
2239169,168,64,1239,2018.0,0.0,293747.0,-0.737637,0.274296,PAK,DNK,7411
2239170,173,64,1239,2018.0,0.0,2997.0,-0.842934,-0.302396,PER,DNK,7411
2239171,174,64,1239,2018.0,0.0,130482.0,0.7233649999999999,0.23715300000000003,PHL,DNK,7411
2239172,177,64,1239,2018.0,58989.0,46068.0,1.1323860000000001,1.1465040000000002,POL,DNK,7411
2239173,179,64,1239,2018.0,1255.0,0.0,0.787381,1.959475,PRT,DNK,7411
2239174,183,64,1239,2018.0,0.0,2097.0,-0.291537,-1.022145,QAT,DNK,7411
2239175,185,64,1239,2018.0,1399.0,4031.0,1.1458030000000001,1.194413,ROU,DNK,7411
2239176,186,64,1239,2018.0,15178.0,138336.0,-0.079971,0.11098599999999999,RUS,DNK,7411
2239177,188,64,1239,2018.0,0.0,184981.0,0.600485,-0.450466,SAU,DNK,7411
2239178,190,64,1239,2018.0,0.0,19146.0,-1.3426719999999999,-1.1851909999999999,SDN,DNK,7411
2239179,192,64,1239,2018.0,0.0,135722.0,1.870268,0.672214,SGP,DNK,7411
2239180,196,64,1239,2018.0,0.0,1816.0,-0.17023,-0.25755700000000004,SLE,DNK,7411
2239181,197,64,1239,2018.0,0.0,1113.0,0.07891799999999999,0.219075,SLV,DNK,7411
2239182,206,64,1239,2018.0,931592.0,0.0,1.445669,0.9135850000000001,SVK,DNK,7411
2239183,207,64,1239,2018.0,1318.0,0.0,1.623183,0.7150850000000001,SVN,DNK,7411
2239184,208,64,1239,2018.0,392586.0,0.0,1.7254209999999999,0.638757,SWE,DNK,7411
2239185,216,64,1239,2018.0,0.0,267579.0,1.188923,1.264666,THA,DNK,7411
2239186,219,64,1239,2018.0,0.0,8354.0,-0.802551,-1.154068,TKM,DNK,7411
2239187,220,64,1239,2018.0,0.0,64022.0,-0.15203,-0.7739590000000001,TLS,DNK,7411
2239188,223,64,1239,2018.0,0.0,443770.0,0.39611799999999997,1.252702,TUN,DNK,7411
2239189,224,64,1239,2018.0,6574.0,0.0,0.5883510000000001,2.357541,TUR,DNK,7411
2239190,226,64,1239,2018.0,0.0,104811.0,-0.12971300000000002,1.379649,TZA,DNK,7411
2239191,228,64,1239,2018.0,11670.0,200626.0,0.3281,1.0037459999999998,UKR,DNK,7411
2239192,231,64,1239,2018.0,189651.0,162054.0,1.5527739999999999,0.288577,USA,DNK,7411
2239193,239,64,1239,2018.0,0.0,11386.0,0.111848,0.915842,VNM,DNK,7411
2239194,246,64,1239,2018.0,0.0,470560.0,-0.053311000000000004,1.45561,ZAF,DNK,7411
2239195,7,65,1239,2018.0,2662.0,0.0,-0.020214,-0.570049,ARE,DOM,7411
2239196,15,65,1239,2018.0,32279.0,0.0,1.798687,-0.557271,AUT,DOM,7411
2239197,31,65,1239,2018.0,42033.0,0.0,-1.069519,-0.942264,BOL,DOM,7411
2239198,39,65,1239,2018.0,2229.0,0.0,0.60854,1.475283,CAN,DOM,7411
2239199,43,65,1239,2018.0,8640.0,0.0,1.378018,0.513572,CHN,DOM,7411
2239200,71,65,1239,2018.0,1576.0,0.0,0.851197,2.261012,ESP,DOM,7411
2239201,81,65,1239,2018.0,15648.0,0.0,1.481442,1.050259,GBR,DOM,7411
2239202,97,65,1239,2018.0,1485.0,0.0,0.8625149999999999,1.21001,HKG,DOM,7411
2239203,101,65,1239,2018.0,0.0,4307.0,-0.95605,-0.9751629999999999,HTI,DOM,7411
2239204,106,65,1239,2018.0,9518.0,0.0,1.3647,0.094596,IRL,DOM,7411
2239205,111,65,1239,2018.0,2943.0,0.0,1.4594799999999999,0.05113,ITA,DOM,7411
2239206,114,65,1239,2018.0,2172.0,0.0,2.480327,-0.559793,JPN,DOM,7411
2239207,162,65,1239,2018.0,29864.0,0.0,1.060964,1.491808,NLD,DOM,7411
2239208,169,65,1239,2018.0,0.0,2502.0,0.007061,-0.13867100000000002,PAN,DOM,7411
2239209,231,65,1239,2018.0,88657.0,0.0,1.5527739999999999,0.288577,USA,DOM,7411
2239210,32,67,1239,2018.0,4937.0,0.0,0.166542,0.718965,BRA,ECU,7411
2239211,43,67,1239,2018.0,29711.0,0.0,1.378018,0.513572,CHN,ECU,7411
2239212,49,67,1239,2018.0,0.0,14554.0,0.144073,-0.10276199999999999,COL,ECU,7411
2239213,61,67,1239,2018.0,24761.0,0.0,2.126861,-2.619524,DEU,ECU,7411
2239214,64,67,1239,2018.0,116180.0,0.0,1.094761,1.337348,DNK,ECU,7411
2239215,81,67,1239,2018.0,9089.0,0.0,1.481442,1.050259,GBR,ECU,7411
2239216,111,67,1239,2018.0,30493.0,0.0,1.4594799999999999,0.05113,ITA,ECU,7411
2239217,121,67,1239,2018.0,24005.0,0.0,2.139149,0.795045,KOR,ECU,7411
2239218,169,67,1239,2018.0,1470.0,0.0,0.007061,-0.13867100000000002,PAN,ECU,7411
2239219,231,67,1239,2018.0,120508.0,22316.0,1.5527739999999999,0.288577,USA,ECU,7411
2239220,5,71,1239,2018.0,0.0,1041.0,1.024277,0.7635689999999999,AND,ESP,7411
2239221,7,71,1239,2018.0,0.0,2429.0,-0.020214,-0.570049,ARE,ESP,7411
2239222,8,71,1239,2018.0,0.0,8380.0,-0.239502,0.297865,ARG,ESP,7411
2239223,15,71,1239,2018.0,192472.0,0.0,1.798687,-0.557271,AUT,ESP,7411
2239224,18,71,1239,2018.0,578124.0,152241.0,1.244674,1.1368969999999998,BEL,ESP,7411
2239225,23,71,1239,2018.0,0.0,15525.0,0.516917,1.915288,BGR,ESP,7411
2239226,26,71,1239,2018.0,0.0,2636.0,0.676528,0.8948299999999999,BIH,ESP,7411
2239227,31,71,1239,2018.0,0.0,144310.0,-1.069519,-0.942264,BOL,ESP,7411
2239228,34,71,1239,2018.0,0.0,44036.0,-0.360468,-0.826729,BRN,ESP,7411
2239229,41,71,1239,2018.0,21635.0,10993.0,2.173252,0.861742,CHE,ESP,7411
2239230,42,71,1239,2018.0,45506.0,1800.0,-0.24325300000000002,-0.350271,CHL,ESP,7411
2239231,43,71,1239,2018.0,370787.0,517387.0,1.378018,0.513572,CHN,ESP,7411
2239232,49,71,1239,2018.0,0.0,30973.0,0.144073,-0.10276199999999999,COL,ESP,7411
2239233,54,71,1239,2018.0,15195.0,214911.0,-1.077539,-1.241754,CUB,ESP,7411
2239234,58,71,1239,2018.0,0.0,37057.0,0.180009,-0.26353200000000004,CYP,ESP,7411
2239235,59,71,1239,2018.0,0.0,15756.0,1.8018669999999999,0.022382,CZE,ESP,7411
2239236,61,71,1239,2018.0,26074.0,21601.0,2.126861,-2.619524,DEU,ESP,7411
2239237,64,71,1239,2018.0,0.0,33862.0,1.094761,1.337348,DNK,ESP,7411
2239238,65,71,1239,2018.0,0.0,1576.0,-0.205988,0.291906,DOM,ESP,7411
2239239,66,71,1239,2018.0,0.0,22874.0,-1.121185,-1.196891,DZA,ESP,7411
2239240,72,71,1239,2018.0,0.0,9615.0,0.957627,1.294173,EST,ESP,7411
2239241,74,71,1239,2018.0,0.0,2356.0,1.561518,1.0198450000000001,FIN,ESP,7411
2239242,77,71,1239,2018.0,287221.0,659932.0,1.3578540000000001,0.9033700000000001,FRA,ESP,7411
2239243,81,71,1239,2018.0,484355.0,79690.0,1.481442,1.050259,GBR,ESP,7411
2239244,83,71,1239,2018.0,0.0,14387.0,-0.769089,-0.8389200000000001,GHA,ESP,7411
2239245,90,71,1239,2018.0,0.0,4005.0,0.069841,0.922895,GRC,ESP,7411
2239246,97,71,1239,2018.0,24396.0,0.0,0.8625149999999999,1.21001,HKG,ESP,7411
2239247,99,71,1239,2018.0,0.0,279206.0,-0.505516,-0.20719899999999997,HND,ESP,7411
2239248,104,71,1239,2018.0,81773.0,6458.0,0.536561,2.450287,IND,ESP,7411
2239249,106,71,1239,2018.0,98205.0,10976.0,1.3647,0.094596,IRL,ESP,7411
2239250,107,71,1239,2018.0,0.0,2875.0,-0.290723,-0.430805,IRN,ESP,7411
2239251,110,71,1239,2018.0,33676.0,2909.0,1.205666,1.001693,ISR,ESP,7411
2239252,111,71,1239,2018.0,849173.0,205250.0,1.4594799999999999,0.05113,ITA,ESP,7411
2239253,113,71,1239,2018.0,0.0,16300.0,0.125467,0.382625,JOR,ESP,7411
2239254,121,71,1239,2018.0,152401.0,0.0,2.139149,0.795045,KOR,ESP,7411
2239255,124,71,1239,2018.0,0.0,26662.0,0.37832899999999997,1.077452,LBN,ESP,7411
2239256,130,71,1239,2018.0,0.0,122696.0,0.839052,1.5688790000000001,LTU,ESP,7411
2239257,131,71,1239,2018.0,0.0,11156.0,1.098797,1.390282,LUX,ESP,7411
2239258,132,71,1239,2018.0,0.0,7741.0,0.6984560000000001,1.29918,LVA,ESP,7411
2239259,134,71,1239,2018.0,0.0,38796.0,-0.57445,-0.14461400000000002,MAR,ESP,7411
2239260,135,71,1239,2018.0,0.0,14637.0,-0.222348,-0.091067,MDA,ESP,7411
2239261,138,71,1239,2018.0,197363.0,18573.0,1.272851,0.646359,MEX,ESP,7411
2239262,142,71,1239,2018.0,0.0,3531.0,0.860195,0.281449,MLT,ESP,7411
2239263,155,71,1239,2018.0,2773.0,0.0,-0.45412600000000003,-0.673077,NAM,ESP,7411
2239264,162,71,1239,2018.0,59580.0,508252.0,1.060964,1.491808,NLD,ESP,7411
2239265,163,71,1239,2018.0,1586.0,3099.0,0.359254,-0.059994000000000006,NOR,ESP,7411
2239266,168,71,1239,2018.0,0.0,106048.0,-0.737637,0.274296,PAK,ESP,7411
2239267,177,71,1239,2018.0,0.0,27674.0,1.1323860000000001,1.1465040000000002,POL,ESP,7411
2239268,179,71,1239,2018.0,227316.0,60434.0,0.787381,1.959475,PRT,ESP,7411
2239269,180,71,1239,2018.0,0.0,9737.0,-0.504343,-0.8482040000000001,PRY,ESP,7411
2239270,185,71,1239,2018.0,0.0,15267.0,1.1458030000000001,1.194413,ROU,ESP,7411
2239271,188,71,1239,2018.0,0.0,386331.0,0.600485,-0.450466,SAU,ESP,7411
2239272,191,71,1239,2018.0,0.0,12749.0,-0.699313,-0.360203,SEN,ESP,7411
2239273,192,71,1239,2018.0,7296.0,4541.0,1.870268,0.672214,SGP,ESP,7411
2239274,208,71,1239,2018.0,1948.0,14101.0,1.7254209999999999,0.638757,SWE,ESP,7411
2239275,224,71,1239,2018.0,146424.0,2861048.0,0.5883510000000001,2.357541,TUR,ESP,7411
2239276,231,71,1239,2018.0,426707.0,6731030.0,1.5527739999999999,0.288577,USA,ESP,7411
2239277,239,71,1239,2018.0,0.0,3796.0,0.111848,0.915842,VNM,ESP,7411
2239278,246,71,1239,2018.0,0.0,4631.0,-0.053311000000000004,1.45561,ZAF,ESP,7411
2239279,250,71,1239,2018.0,1475115.0,330587.0,0.760441,-0.310861,ANS,ESP,7411
2239280,7,74,1239,2018.0,0.0,2617.0,-0.020214,-0.570049,ARE,FIN,7411
2239281,18,74,1239,2018.0,9878.0,0.0,1.244674,1.1368969999999998,BEL,FIN,7411
2239282,41,74,1239,2018.0,48914.0,1877.0,2.173252,0.861742,CHE,FIN,7411
2239283,43,74,1239,2018.0,43028.0,0.0,1.378018,0.513572,CHN,FIN,7411
2239284,61,74,1239,2018.0,223767.0,6371.0,2.126861,-2.619524,DEU,FIN,7411
2239285,71,74,1239,2018.0,2356.0,0.0,0.851197,2.261012,ESP,FIN,7411
2239286,72,74,1239,2018.0,0.0,9618.0,0.957627,1.294173,EST,FIN,7411
2239287,77,74,1239,2018.0,1522430.0,35495.0,1.3578540000000001,0.9033700000000001,FRA,FIN,7411
2239288,81,74,1239,2018.0,199712.0,65553.0,1.481442,1.050259,GBR,FIN,7411
2239289,97,74,1239,2018.0,0.0,8052.0,0.8625149999999999,1.21001,HKG,FIN,7411
2239290,104,74,1239,2018.0,1719.0,0.0,0.536561,2.450287,IND,FIN,7411
2239291,110,74,1239,2018.0,0.0,8277.0,1.205666,1.001693,ISR,FIN,7411
2239292,111,74,1239,2018.0,86775.0,1144.0,1.4594799999999999,0.05113,ITA,FIN,7411
2239293,121,74,1239,2018.0,0.0,2827.0,2.139149,0.795045,KOR,FIN,7411
2239294,138,74,1239,2018.0,0.0,1778.0,1.272851,0.646359,MEX,FIN,7411
2239295,155,74,1239,2018.0,0.0,1402.0,-0.45412600000000003,-0.673077,NAM,FIN,7411
2239296,162,74,1239,2018.0,318095.0,19728.0,1.060964,1.491808,NLD,FIN,7411
2239297,163,74,1239,2018.0,70957.0,2979.0,0.359254,-0.059994000000000006,NOR,FIN,7411
2239298,185,74,1239,2018.0,7793.0,0.0,1.1458030000000001,1.194413,ROU,FIN,7411
2239299,186,74,1239,2018.0,0.0,22715.0,-0.079971,0.11098599999999999,RUS,FIN,7411
2239300,208,74,1239,2018.0,4540.0,13505.0,1.7254209999999999,0.638757,SWE,FIN,7411
2239301,231,74,1239,2018.0,136509.0,44138.0,1.5527739999999999,0.288577,USA,FIN,7411
2239302,246,74,1239,2018.0,0.0,6109.0,-0.053311000000000004,1.45561,ZAF,FIN,7411
2239303,2,77,1239,2018.0,98377.0,35184.0,-1.6785400000000001,-1.2244030000000001,AGO,FRA,7411
2239304,7,77,1239,2018.0,682072.0,185802.0,-0.020214,-0.570049,ARE,FRA,7411
2239305,14,77,1239,2018.0,14560.0,50111.0,-0.5578930000000001,-0.15666300000000002,AUS,FRA,7411
2239306,15,77,1239,2018.0,6893.0,25011.0,1.798687,-0.557271,AUT,FRA,7411
2239307,16,77,1239,2018.0,0.0,3232.0,-1.47928,-1.313633,AZE,FRA,7411
2239308,18,77,1239,2018.0,2920073.0,755315.0,1.244674,1.1368969999999998,BEL,FRA,7411
2239309,21,77,1239,2018.0,0.0,2062.0,-0.625138,-0.848562,BFA,FRA,7411
2239310,22,77,1239,2018.0,0.0,1590.0,-0.9003549999999999,-1.1066610000000001,BGD,FRA,7411
2239311,31,77,1239,2018.0,0.0,4238.0,-1.069519,-0.942264,BOL,FRA,7411
2239312,32,77,1239,2018.0,212803.0,1044187.0,0.166542,0.718965,BRA,FRA,7411
2239313,34,77,1239,2018.0,0.0,4169.0,-0.360468,-0.826729,BRN,FRA,7411
2239314,39,77,1239,2018.0,15936.0,42593.0,0.60854,1.475283,CAN,FRA,7411
2239315,41,77,1239,2018.0,21132.0,681769.0,2.173252,0.861742,CHE,FRA,7411
2239316,42,77,1239,2018.0,0.0,135747.0,-0.24325300000000002,-0.350271,CHL,FRA,7411
2239317,43,77,1239,2018.0,63711.0,131801.0,1.378018,0.513572,CHN,FRA,7411
2239318,44,77,1239,2018.0,0.0,300076.0,-1.021384,-0.898676,CIV,FRA,7411
2239319,45,77,1239,2018.0,0.0,158126.0,-1.2144,-1.0318260000000001,CMR,FRA,7411
2239320,46,77,1239,2018.0,0.0,7161.0,-1.704339,-1.211619,COD,FRA,7411
2239321,47,77,1239,2018.0,0.0,214290.0,-1.614157,-1.177288,COG,FRA,7411
2239322,50,77,1239,2018.0,0.0,126693.0,-0.657909,-0.9868680000000001,COM,FRA,7411
2239323,59,77,1239,2018.0,0.0,52207.0,1.8018669999999999,0.022382,CZE,FRA,7411
2239324,61,77,1239,2018.0,183147.0,519026.0,2.126861,-2.619524,DEU,FRA,7411
2239325,62,77,1239,2018.0,0.0,17608.0,-0.266256,-0.608169,DJI,FRA,7411
2239326,64,77,1239,2018.0,1926.0,124049.0,1.094761,1.337348,DNK,FRA,7411
2239327,66,77,1239,2018.0,0.0,217829.0,-1.121185,-1.196891,DZA,FRA,7411
2239328,68,77,1239,2018.0,0.0,88150.0,-0.093935,1.6368610000000001,EGY,FRA,7411
2239329,71,77,1239,2018.0,659932.0,287221.0,0.851197,2.261012,ESP,FRA,7411
2239330,73,77,1239,2018.0,0.0,81088.0,-0.663343,-0.384372,ETH,FRA,7411
2239331,74,77,1239,2018.0,35495.0,1522430.0,1.561518,1.0198450000000001,FIN,FRA,7411
2239332,78,77,1239,2018.0,0.0,10858.0,-1.2035120000000001,-1.0473700000000001,FRO,FRA,7411
2239333,80,77,1239,2018.0,0.0,17586.0,-1.4532129999999999,-1.155702,GAB,FRA,7411
2239334,81,77,1239,2018.0,4684816.0,143359.0,1.481442,1.050259,GBR,FRA,7411
2239335,83,77,1239,2018.0,0.0,5587.0,-0.769089,-0.8389200000000001,GHA,FRA,7411
2239336,85,77,1239,2018.0,0.0,138407.0,-1.3262909999999999,-1.237056,GIN,FRA,7411
2239337,88,77,1239,2018.0,0.0,115960.0,-1.317251,-1.011586,GNB,FRA,7411
2239338,90,77,1239,2018.0,63580.0,33498.0,0.069841,0.922895,GRC,FRA,7411
2239339,97,77,1239,2018.0,8774.0,25733.0,0.8625149999999999,1.21001,HKG,FRA,7411
2239340,100,77,1239,2018.0,0.0,22937.0,0.8873559999999999,1.480788,HRV,FRA,7411
2239341,102,77,1239,2018.0,0.0,56065.0,1.6983409999999999,0.693194,HUN,FRA,7411
2239342,103,77,1239,2018.0,0.0,182415.0,-0.0009939999999999999,1.417371,IDN,FRA,7411
2239343,104,77,1239,2018.0,26122.0,1358389.0,0.536561,2.450287,IND,FRA,7411
2239344,106,77,1239,2018.0,0.0,48474.0,1.3647,0.094596,IRL,FRA,7411
2239345,107,77,1239,2018.0,0.0,7242.0,-0.290723,-0.430805,IRN,FRA,7411
2239346,108,77,1239,2018.0,0.0,3088.0,-0.627753,-0.983086,IRQ,FRA,7411
2239347,110,77,1239,2018.0,0.0,36116.0,1.205666,1.001693,ISR,FRA,7411
2239348,111,77,1239,2018.0,2295656.0,1306131.0,1.4594799999999999,0.05113,ITA,FRA,7411
2239349,112,77,1239,2018.0,0.0,38210.0,-0.210475,-0.808499,JAM,FRA,7411
2239350,113,77,1239,2018.0,0.0,23106.0,0.125467,0.382625,JOR,FRA,7411
2239351,114,77,1239,2018.0,41631.0,42331.0,2.480327,-0.559793,JPN,FRA,7411
2239352,115,77,1239,2018.0,0.0,15295.0,-0.625674,-0.605028,KAZ,FRA,7411
2239353,116,77,1239,2018.0,0.0,215534.0,-0.381632,0.460819,KEN,FRA,7411
2239354,121,77,1239,2018.0,314638.0,486128.0,2.139149,0.795045,KOR,FRA,7411
2239355,128,77,1239,2018.0,0.0,12762.0,-0.364093,0.347953,LKA,FRA,7411
2239356,130,77,1239,2018.0,0.0,2911.0,0.839052,1.5688790000000001,LTU,FRA,7411
2239357,131,77,1239,2018.0,20647.0,3939.0,1.098797,1.390282,LUX,FRA,7411
2239358,132,77,1239,2018.0,0.0,4512.0,0.6984560000000001,1.29918,LVA,FRA,7411
2239359,134,77,1239,2018.0,0.0,142325.0,-0.57445,-0.14461400000000002,MAR,FRA,7411
2239360,135,77,1239,2018.0,0.0,2812.0,-0.222348,-0.091067,MDA,FRA,7411
2239361,136,77,1239,2018.0,0.0,12027.0,-1.056786,-0.9160709999999999,MDG,FRA,7411
2239362,138,77,1239,2018.0,0.0,84314.0,1.272851,0.646359,MEX,FRA,7411
2239363,141,77,1239,2018.0,0.0,124211.0,-0.805876,-0.907854,MLI,FRA,7411
2239364,151,77,1239,2018.0,0.0,10973.0,-0.268625,0.104254,MUS,FRA,7411
2239365,153,77,1239,2018.0,0.0,109329.0,1.047185,0.732742,MYS,FRA,7411
2239366,155,77,1239,2018.0,0.0,42087.0,-0.45412600000000003,-0.673077,NAM,FRA,7411
2239367,156,77,1239,2018.0,0.0,21969.0,-0.260395,-0.805425,NCL,FRA,7411
2239368,157,77,1239,2018.0,0.0,3100.0,-0.432568,-0.841635,NER,FRA,7411
2239369,159,77,1239,2018.0,0.0,16825.0,-1.839074,-1.29837,NGA,FRA,7411
2239370,162,77,1239,2018.0,318131.0,312020.0,1.060964,1.491808,NLD,FRA,7411
2239371,163,77,1239,2018.0,0.0,110599.0,0.359254,-0.059994000000000006,NOR,FRA,7411
2239372,164,77,1239,2018.0,0.0,199491.0,-0.15379500000000002,0.7814369999999999,NPL,FRA,7411
2239373,166,77,1239,2018.0,0.0,7343.0,0.113398,0.017740000000000002,NZL,FRA,7411
2239374,167,77,1239,2018.0,0.0,27763.0,-0.513727,-0.9944280000000001,OMN,FRA,7411
2239375,168,77,1239,2018.0,0.0,1855.0,-0.737637,0.274296,PAK,FRA,7411
2239376,169,77,1239,2018.0,0.0,7281.0,0.007061,-0.13867100000000002,PAN,FRA,7411
2239377,173,77,1239,2018.0,0.0,188585.0,-0.842934,-0.302396,PER,FRA,7411
2239378,177,77,1239,2018.0,42163.0,46630.0,1.1323860000000001,1.1465040000000002,POL,FRA,7411
2239379,179,77,1239,2018.0,133623.0,27709.0,0.787381,1.959475,PRT,FRA,7411
2239380,180,77,1239,2018.0,0.0,146092.0,-0.504343,-0.8482040000000001,PRY,FRA,7411
2239381,182,77,1239,2018.0,2506.0,136329.0,-0.167505,-0.7041350000000001,PYF,FRA,7411
2239382,183,77,1239,2018.0,0.0,29998.0,-0.291537,-1.022145,QAT,FRA,7411
2239383,185,77,1239,2018.0,2964790.0,110403.0,1.1458030000000001,1.194413,ROU,FRA,7411
2239384,186,77,1239,2018.0,0.0,254174.0,-0.079971,0.11098599999999999,RUS,FRA,7411
2239385,188,77,1239,2018.0,0.0,98403.0,0.600485,-0.450466,SAU,FRA,7411
2239386,190,77,1239,2018.0,0.0,14185.0,-1.3426719999999999,-1.1851909999999999,SDN,FRA,7411
2239387,191,77,1239,2018.0,0.0,179289.0,-0.699313,-0.360203,SEN,FRA,7411
2239388,192,77,1239,2018.0,0.0,57588.0,1.870268,0.672214,SGP,FRA,7411
2239389,201,77,1239,2018.0,0.0,32941.0,0.665772,1.552409,SRB,FRA,7411
2239390,206,77,1239,2018.0,6370.0,0.0,1.445669,0.9135850000000001,SVK,FRA,7411
2239391,207,77,1239,2018.0,2354.0,0.0,1.623183,0.7150850000000001,SVN,FRA,7411
2239392,208,77,1239,2018.0,111748.0,432377.0,1.7254209999999999,0.638757,SWE,FRA,7411
2239393,211,77,1239,2018.0,0.0,9322.0,-0.222908,-0.7792100000000001,SYC,FRA,7411
2239394,214,77,1239,2018.0,0.0,115433.0,-1.587501,-1.047253,TCD,FRA,7411
2239395,216,77,1239,2018.0,0.0,26630.0,1.188923,1.264666,THA,FRA,7411
2239396,219,77,1239,2018.0,0.0,7165.0,-0.802551,-1.154068,TKM,FRA,7411
2239397,223,77,1239,2018.0,834783.0,146135.0,0.39611799999999997,1.252702,TUN,FRA,7411
2239398,224,77,1239,2018.0,7592.0,305031.0,0.5883510000000001,2.357541,TUR,FRA,7411
2239399,226,77,1239,2018.0,0.0,5207.0,-0.12971300000000002,1.379649,TZA,FRA,7411
2239400,227,77,1239,2018.0,0.0,16470.0,-0.569114,0.36182800000000004,UGA,FRA,7411
2239401,228,77,1239,2018.0,0.0,39335.0,0.3281,1.0037459999999998,UKR,FRA,7411
2239402,231,77,1239,2018.0,107246.0,2838672.0,1.5527739999999999,0.288577,USA,FRA,7411
2239403,239,77,1239,2018.0,0.0,40519.0,0.111848,0.915842,VNM,FRA,7411
2239404,246,77,1239,2018.0,0.0,97321.0,-0.053311000000000004,1.45561,ZAF,FRA,7411
2239405,247,77,1239,2018.0,0.0,2908.0,-0.8302510000000001,-0.932916,ZMB,FRA,7411
2239406,249,77,1239,2018.0,8496.0,122349.0,2.0283580000000003,1.1648319999999999,TWN,FRA,7411
2239407,250,77,1239,2018.0,540723.0,0.0,0.760441,-0.310861,ANS,FRA,7411
2239408,2,81,1239,2018.0,2481.0,0.0,-1.6785400000000001,-1.2244030000000001,AGO,GBR,7411
2239409,7,81,1239,2018.0,44708.0,190259.0,-0.020214,-0.570049,ARE,GBR,7411
2239410,8,81,1239,2018.0,0.0,224692.0,-0.239502,0.297865,ARG,GBR,7411
2239411,9,81,1239,2018.0,0.0,11014.0,-0.42181499999999994,-0.663385,ARM,GBR,7411
2239412,14,81,1239,2018.0,6270.0,251074.0,-0.5578930000000001,-0.15666300000000002,AUS,GBR,7411
2239413,15,81,1239,2018.0,6086.0,114016.0,1.798687,-0.557271,AUT,GBR,7411
2239414,16,81,1239,2018.0,78915.0,497864.0,-1.47928,-1.313633,AZE,GBR,7411
2239415,18,81,1239,2018.0,637241.0,195301.0,1.244674,1.1368969999999998,BEL,GBR,7411
2239416,22,81,1239,2018.0,0.0,162028.0,-0.9003549999999999,-1.1066610000000001,BGD,GBR,7411
2239417,23,81,1239,2018.0,3899.0,49018.0,0.516917,1.915288,BGR,GBR,7411
2239418,24,81,1239,2018.0,0.0,26123.0,0.335652,-0.646621,BHR,GBR,7411
2239419,28,81,1239,2018.0,0.0,98569.0,0.86016,1.034144,BLR,GBR,7411
2239420,31,81,1239,2018.0,0.0,1123.0,-1.069519,-0.942264,BOL,GBR,7411
2239421,32,81,1239,2018.0,0.0,971183.0,0.166542,0.718965,BRA,GBR,7411
2239422,33,81,1239,2018.0,0.0,5576.0,0.50894,0.043631,BRB,GBR,7411
2239423,34,81,1239,2018.0,0.0,130317.0,-0.360468,-0.826729,BRN,GBR,7411
2239424,39,81,1239,2018.0,68876.0,866141.0,0.60854,1.475283,CAN,GBR,7411
2239425,41,81,1239,2018.0,21599.0,317632.0,2.173252,0.861742,CHE,GBR,7411
2239426,42,81,1239,2018.0,0.0,563304.0,-0.24325300000000002,-0.350271,CHL,GBR,7411
2239427,43,81,1239,2018.0,881759.0,1769185.0,1.378018,0.513572,CHN,GBR,7411
2239428,44,81,1239,2018.0,0.0,16338.0,-1.021384,-0.898676,CIV,GBR,7411
2239429,45,81,1239,2018.0,0.0,101437.0,-1.2144,-1.0318260000000001,CMR,GBR,7411
2239430,49,81,1239,2018.0,0.0,25812.0,0.144073,-0.10276199999999999,COL,GBR,7411
2239431,52,81,1239,2018.0,0.0,5893.0,0.27715,0.33261999999999997,CRI,GBR,7411
2239432,58,81,1239,2018.0,0.0,13087.0,0.180009,-0.26353200000000004,CYP,GBR,7411
2239433,59,81,1239,2018.0,0.0,165624.0,1.8018669999999999,0.022382,CZE,GBR,7411
2239434,61,81,1239,2018.0,356775.0,2766761.0,2.126861,-2.619524,DEU,GBR,7411
2239435,64,81,1239,2018.0,7164.0,208896.0,1.094761,1.337348,DNK,GBR,7411
2239436,65,81,1239,2018.0,0.0,15648.0,-0.205988,0.291906,DOM,GBR,7411
2239437,67,81,1239,2018.0,0.0,9089.0,-0.9813709999999999,-1.073273,ECU,GBR,7411
2239438,68,81,1239,2018.0,0.0,72202.0,-0.093935,1.6368610000000001,EGY,GBR,7411
2239439,71,81,1239,2018.0,79690.0,484355.0,0.851197,2.261012,ESP,GBR,7411
2239440,72,81,1239,2018.0,0.0,23433.0,0.957627,1.294173,EST,GBR,7411
2239441,73,81,1239,2018.0,0.0,79512.0,-0.663343,-0.384372,ETH,GBR,7411
2239442,74,81,1239,2018.0,65553.0,199712.0,1.561518,1.0198450000000001,FIN,GBR,7411
2239443,76,81,1239,2018.0,0.0,19583.0,-1.245106,-1.02129,FLK,GBR,7411
2239444,77,81,1239,2018.0,143359.0,4684816.0,1.3578540000000001,0.9033700000000001,FRA,GBR,7411
2239445,82,81,1239,2018.0,0.0,3813.0,-0.059633000000000005,-0.073048,GEO,GBR,7411
2239446,83,81,1239,2018.0,0.0,32017.0,-0.769089,-0.8389200000000001,GHA,GBR,7411
2239447,84,81,1239,2018.0,0.0,1539.0,0.47997399999999996,-0.650043,GIB,GBR,7411
2239448,90,81,1239,2018.0,97006.0,44857.0,0.069841,0.922895,GRC,GBR,7411
2239449,97,81,1239,2018.0,5474.0,2341133.0,0.8625149999999999,1.21001,HKG,GBR,7411
2239450,99,81,1239,2018.0,0.0,20932.0,-0.505516,-0.20719899999999997,HND,GBR,7411
2239451,100,81,1239,2018.0,3201.0,11954.0,0.8873559999999999,1.480788,HRV,GBR,7411
2239452,102,81,1239,2018.0,18484.0,339309.0,1.6983409999999999,0.693194,HUN,GBR,7411
2239453,103,81,1239,2018.0,0.0,687511.0,-0.0009939999999999999,1.417371,IDN,GBR,7411
2239454,104,81,1239,2018.0,6626728.0,1177663.0,0.536561,2.450287,IND,GBR,7411
2239455,106,81,1239,2018.0,109893.0,3029112.0,1.3647,0.094596,IRL,GBR,7411
2239456,108,81,1239,2018.0,0.0,32773.0,-0.627753,-0.983086,IRQ,GBR,7411
2239457,109,81,1239,2018.0,0.0,48883.0,0.161776,-0.293048,ISL,GBR,7411
2239458,110,81,1239,2018.0,25215.0,87733.0,1.205666,1.001693,ISR,GBR,7411
2239459,111,81,1239,2018.0,905682.0,963188.0,1.4594799999999999,0.05113,ITA,GBR,7411
2239460,112,81,1239,2018.0,0.0,3920.0,-0.210475,-0.808499,JAM,GBR,7411
2239461,113,81,1239,2018.0,0.0,63759.0,0.125467,0.382625,JOR,GBR,7411
2239462,114,81,1239,2018.0,41166.0,449283.0,2.480327,-0.559793,JPN,GBR,7411
2239463,115,81,1239,2018.0,0.0,22911.0,-0.625674,-0.605028,KAZ,GBR,7411
2239464,116,81,1239,2018.0,0.0,46186.0,-0.381632,0.460819,KEN,GBR,7411
2239465,118,81,1239,2018.0,0.0,5886.0,-0.5513779999999999,-0.598237,KHM,GBR,7411
2239466,121,81,1239,2018.0,42107.0,4129943.0,2.139149,0.795045,KOR,GBR,7411
2239467,122,81,1239,2018.0,0.0,115168.0,-0.790523,-1.136525,KWT,GBR,7411
2239468,124,81,1239,2018.0,0.0,22763.0,0.37832899999999997,1.077452,LBN,GBR,7411
2239469,130,81,1239,2018.0,1387.0,25706.0,0.839052,1.5688790000000001,LTU,GBR,7411
2239470,131,81,1239,2018.0,303656.0,0.0,1.098797,1.390282,LUX,GBR,7411
2239471,132,81,1239,2018.0,3890.0,30880.0,0.6984560000000001,1.29918,LVA,GBR,7411
2239472,133,81,1239,2018.0,0.0,62344.0,0.358075,0.081041,MAC,GBR,7411
2239473,134,81,1239,2018.0,0.0,7301.0,-0.57445,-0.14461400000000002,MAR,GBR,7411
2239474,135,81,1239,2018.0,0.0,10639.0,-0.222348,-0.091067,MDA,GBR,7411
2239475,138,81,1239,2018.0,0.0,1303340.0,1.272851,0.646359,MEX,GBR,7411
2239476,142,81,1239,2018.0,0.0,1476.0,0.860195,0.281449,MLT,GBR,7411
2239477,143,81,1239,2018.0,0.0,96553.0,-0.9970469999999999,-0.28486,MMR,GBR,7411
2239478,145,81,1239,2018.0,0.0,18145.0,-0.892013,-1.115228,MNG,GBR,7411
2239479,147,81,1239,2018.0,0.0,1418198.0,-1.253762,-1.0049,MOZ,GBR,7411
2239480,153,81,1239,2018.0,9458.0,120321.0,1.047185,0.732742,MYS,GBR,7411
2239481,159,81,1239,2018.0,0.0,214234.0,-1.839074,-1.29837,NGA,GBR,7411
2239482,162,81,1239,2018.0,3613600.0,986264.0,1.060964,1.491808,NLD,GBR,7411
2239483,163,81,1239,2018.0,2767.0,598036.0,0.359254,-0.059994000000000006,NOR,GBR,7411
2239484,164,81,1239,2018.0,0.0,28105.0,-0.15379500000000002,0.7814369999999999,NPL,GBR,7411
2239485,166,81,1239,2018.0,0.0,404513.0,0.113398,0.017740000000000002,NZL,GBR,7411
2239486,167,81,1239,2018.0,0.0,14655.0,-0.513727,-0.9944280000000001,OMN,GBR,7411
2239487,168,81,1239,2018.0,0.0,123358.0,-0.737637,0.274296,PAK,GBR,7411
2239488,173,81,1239,2018.0,0.0,99053.0,-0.842934,-0.302396,PER,GBR,7411
2239489,174,81,1239,2018.0,0.0,361916.0,0.7233649999999999,0.23715300000000003,PHL,GBR,7411
2239490,177,81,1239,2018.0,14688.0,957940.0,1.1323860000000001,1.1465040000000002,POL,GBR,7411
2239491,179,81,1239,2018.0,194187.0,88560.0,0.787381,1.959475,PRT,GBR,7411
2239492,182,81,1239,2018.0,0.0,2363.0,-0.167505,-0.7041350000000001,PYF,GBR,7411
2239493,183,81,1239,2018.0,0.0,86681.0,-0.291537,-1.022145,QAT,GBR,7411
2239494,185,81,1239,2018.0,0.0,60523.0,1.1458030000000001,1.194413,ROU,GBR,7411
2239495,186,81,1239,2018.0,230327.0,44262.0,-0.079971,0.11098599999999999,RUS,GBR,7411
2239496,187,81,1239,2018.0,0.0,7262.0,-0.48781199999999997,-0.741734,RWA,GBR,7411
2239497,188,81,1239,2018.0,0.0,103667.0,0.600485,-0.450466,SAU,GBR,7411
2239498,191,81,1239,2018.0,0.0,28973.0,-0.699313,-0.360203,SEN,GBR,7411
2239499,192,81,1239,2018.0,0.0,559787.0,1.870268,0.672214,SGP,GBR,7411
2239500,197,81,1239,2018.0,0.0,16797.0,0.07891799999999999,0.219075,SLV,GBR,7411
2239501,201,81,1239,2018.0,0.0,9464.0,0.665772,1.552409,SRB,GBR,7411
2239502,206,81,1239,2018.0,0.0,16936.0,1.445669,0.9135850000000001,SVK,GBR,7411
2239503,207,81,1239,2018.0,0.0,17773.0,1.623183,0.7150850000000001,SVN,GBR,7411
2239504,208,81,1239,2018.0,3397.0,992994.0,1.7254209999999999,0.638757,SWE,GBR,7411
2239505,211,81,1239,2018.0,0.0,2175.0,-0.222908,-0.7792100000000001,SYC,GBR,7411
2239506,216,81,1239,2018.0,0.0,136830.0,1.188923,1.264666,THA,GBR,7411
2239507,219,81,1239,2018.0,0.0,761220.0,-0.802551,-1.154068,TKM,GBR,7411
2239508,223,81,1239,2018.0,385990.0,1820004.0,0.39611799999999997,1.252702,TUN,GBR,7411
2239509,224,81,1239,2018.0,8800.0,531943.0,0.5883510000000001,2.357541,TUR,GBR,7411
2239510,226,81,1239,2018.0,0.0,27794.0,-0.12971300000000002,1.379649,TZA,GBR,7411
2239511,228,81,1239,2018.0,43514.0,277514.0,0.3281,1.0037459999999998,UKR,GBR,7411
2239512,230,81,1239,2018.0,0.0,65817.0,0.016527,-0.250715,URY,GBR,7411
2239513,231,81,1239,2018.0,16818734.0,6959058.0,1.5527739999999999,0.288577,USA,GBR,7411
2239514,239,81,1239,2018.0,0.0,317234.0,0.111848,0.915842,VNM,GBR,7411
2239515,246,81,1239,2018.0,0.0,483874.0,-0.053311000000000004,1.45561,ZAF,GBR,7411
2239516,247,81,1239,2018.0,0.0,1289.0,-0.8302510000000001,-0.932916,ZMB,GBR,7411
2239517,249,81,1239,2018.0,15885.0,840690.0,2.0283580000000003,1.1648319999999999,TWN,GBR,7411
2239518,15,90,1239,2018.0,3254.0,0.0,1.798687,-0.557271,AUT,GRC,7411
2239519,18,90,1239,2018.0,14670.0,0.0,1.244674,1.1368969999999998,BEL,GRC,7411
2239520,23,90,1239,2018.0,10434.0,4122.0,0.516917,1.915288,BGR,GRC,7411
2239521,39,90,1239,2018.0,2777.0,0.0,0.60854,1.475283,CAN,GRC,7411
2239522,43,90,1239,2018.0,11392.0,0.0,1.378018,0.513572,CHN,GRC,7411
2239523,58,90,1239,2018.0,2554.0,30103.0,0.180009,-0.26353200000000004,CYP,GRC,7411
2239524,59,90,1239,2018.0,0.0,22511.0,1.8018669999999999,0.022382,CZE,GRC,7411
2239525,61,90,1239,2018.0,421019.0,4748.0,2.126861,-2.619524,DEU,GRC,7411
2239526,64,90,1239,2018.0,1569.0,1356.0,1.094761,1.337348,DNK,GRC,7411
2239527,71,90,1239,2018.0,4005.0,0.0,0.851197,2.261012,ESP,GRC,7411
2239528,77,90,1239,2018.0,33498.0,63580.0,1.3578540000000001,0.9033700000000001,FRA,GRC,7411
2239529,81,90,1239,2018.0,44857.0,97006.0,1.481442,1.050259,GBR,GRC,7411
2239530,97,90,1239,2018.0,2157.0,0.0,0.8625149999999999,1.21001,HKG,GRC,7411
2239531,104,90,1239,2018.0,32308.0,0.0,0.536561,2.450287,IND,GRC,7411
2239532,111,90,1239,2018.0,148638.0,0.0,1.4594799999999999,0.05113,ITA,GRC,7411
2239533,140,90,1239,2018.0,0.0,5251.0,0.056548,-0.273964,MKD,GRC,7411
2239534,151,90,1239,2018.0,0.0,4580.0,-0.268625,0.104254,MUS,GRC,7411
2239535,162,90,1239,2018.0,372376.0,2759.0,1.060964,1.491808,NLD,GRC,7411
2239536,163,90,1239,2018.0,0.0,13909.0,0.359254,-0.059994000000000006,NOR,GRC,7411
2239537,177,90,1239,2018.0,35461.0,0.0,1.1323860000000001,1.1465040000000002,POL,GRC,7411
2239538,179,90,1239,2018.0,6171.0,0.0,0.787381,1.959475,PRT,GRC,7411
2239539,185,90,1239,2018.0,9013.0,11028.0,1.1458030000000001,1.194413,ROU,GRC,7411
2239540,207,90,1239,2018.0,4986.0,0.0,1.623183,0.7150850000000001,SVN,GRC,7411
2239541,208,90,1239,2018.0,12946.0,0.0,1.7254209999999999,0.638757,SWE,GRC,7411
2239542,224,90,1239,2018.0,0.0,5788.0,0.5883510000000001,2.357541,TUR,GRC,7411
2239543,231,90,1239,2018.0,5328.0,0.0,1.5527739999999999,0.288577,USA,GRC,7411
2239544,64,93,1239,2018.0,88600.0,0.0,1.094761,1.337348,DNK,GTM,7411
2239545,104,93,1239,2018.0,9194.0,0.0,0.536561,2.450287,IND,GTM,7411
2239546,121,93,1239,2018.0,2073.0,0.0,2.139149,0.795045,KOR,GTM,7411
2239547,179,93,1239,2018.0,24119.0,0.0,0.787381,1.959475,PRT,GTM,7411
2239548,231,93,1239,2018.0,177390.0,155724.0,1.5527739999999999,0.288577,USA,GTM,7411
2239549,104,96,1239,2018.0,102883.0,0.0,0.536561,2.450287,IND,GUY,7411
2239550,231,96,1239,2018.0,67316.0,0.0,1.5527739999999999,0.288577,USA,GUY,7411
2239551,14,97,1239,2018.0,0.0,2898.0,-0.5578930000000001,-0.15666300000000002,AUS,HKG,7411
2239552,15,97,1239,2018.0,0.0,1258.0,1.798687,-0.557271,AUT,HKG,7411
2239553,18,97,1239,2018.0,0.0,3856.0,1.244674,1.1368969999999998,BEL,HKG,7411
2239554,23,97,1239,2018.0,0.0,2426.0,0.516917,1.915288,BGR,HKG,7411
2239555,32,97,1239,2018.0,0.0,5730.0,0.166542,0.718965,BRA,HKG,7411
2239556,33,97,1239,2018.0,0.0,1466.0,0.50894,0.043631,BRB,HKG,7411
2239557,39,97,1239,2018.0,0.0,4010.0,0.60854,1.475283,CAN,HKG,7411
2239558,41,97,1239,2018.0,52629.0,2300.0,2.173252,0.861742,CHE,HKG,7411
2239559,42,97,1239,2018.0,0.0,1081.0,-0.24325300000000002,-0.350271,CHL,HKG,7411
2239560,43,97,1239,2018.0,286314.0,2716658.0,1.378018,0.513572,CHN,HKG,7411
2239561,49,97,1239,2018.0,0.0,3231.0,0.144073,-0.10276199999999999,COL,HKG,7411
2239562,58,97,1239,2018.0,0.0,1271.0,0.180009,-0.26353200000000004,CYP,HKG,7411
2239563,61,97,1239,2018.0,127955.0,0.0,2.126861,-2.619524,DEU,HKG,7411
2239564,64,97,1239,2018.0,5335.0,0.0,1.094761,1.337348,DNK,HKG,7411
2239565,65,97,1239,2018.0,0.0,1485.0,-0.205988,0.291906,DOM,HKG,7411
2239566,71,97,1239,2018.0,0.0,24396.0,0.851197,2.261012,ESP,HKG,7411
2239567,74,97,1239,2018.0,8052.0,0.0,1.561518,1.0198450000000001,FIN,HKG,7411
2239568,77,97,1239,2018.0,25733.0,8774.0,1.3578540000000001,0.9033700000000001,FRA,HKG,7411
2239569,81,97,1239,2018.0,2341133.0,5474.0,1.481442,1.050259,GBR,HKG,7411
2239570,90,97,1239,2018.0,0.0,2157.0,0.069841,0.922895,GRC,HKG,7411
2239571,102,97,1239,2018.0,0.0,5769.0,1.6983409999999999,0.693194,HUN,HKG,7411
2239572,104,97,1239,2018.0,0.0,55732.0,0.536561,2.450287,IND,HKG,7411
2239573,110,97,1239,2018.0,0.0,1651.0,1.205666,1.001693,ISR,HKG,7411
2239574,111,97,1239,2018.0,129965.0,3811.0,1.4594799999999999,0.05113,ITA,HKG,7411
2239575,114,97,1239,2018.0,634548.0,0.0,2.480327,-0.559793,JPN,HKG,7411
2239576,116,97,1239,2018.0,0.0,90360.0,-0.381632,0.460819,KEN,HKG,7411
2239577,121,97,1239,2018.0,1985.0,1468.0,2.139149,0.795045,KOR,HKG,7411
2239578,153,97,1239,2018.0,25062.0,0.0,1.047185,0.732742,MYS,HKG,7411
2239579,162,97,1239,2018.0,22470.0,8194.0,1.060964,1.491808,NLD,HKG,7411
2239580,166,97,1239,2018.0,24847.0,0.0,0.113398,0.017740000000000002,NZL,HKG,7411
2239581,173,97,1239,2018.0,0.0,14713.0,-0.842934,-0.302396,PER,HKG,7411
2239582,174,97,1239,2018.0,0.0,83401.0,0.7233649999999999,0.23715300000000003,PHL,HKG,7411
2239583,185,97,1239,2018.0,0.0,5525.0,1.1458030000000001,1.194413,ROU,HKG,7411
2239584,192,97,1239,2018.0,68098.0,14583.0,1.870268,0.672214,SGP,HKG,7411
2239585,206,97,1239,2018.0,0.0,2741.0,1.445669,0.9135850000000001,SVK,HKG,7411
2239586,208,97,1239,2018.0,2396.0,0.0,1.7254209999999999,0.638757,SWE,HKG,7411
2239587,216,97,1239,2018.0,46133.0,0.0,1.188923,1.264666,THA,HKG,7411
2239588,224,97,1239,2018.0,0.0,2845.0,0.5883510000000001,2.357541,TUR,HKG,7411
2239589,226,97,1239,2018.0,0.0,1759.0,-0.12971300000000002,1.379649,TZA,HKG,7411
2239590,231,97,1239,2018.0,419575.0,47532.0,1.5527739999999999,0.288577,USA,HKG,7411
2239591,246,97,1239,2018.0,0.0,18157.0,-0.053311000000000004,1.45561,ZAF,HKG,7411
2239592,248,97,1239,2018.0,0.0,8422.0,-1.071621,-1.112033,ZWE,HKG,7411
2239593,43,99,1239,2018.0,1647.0,0.0,1.378018,0.513572,CHN,HND,7411
2239594,71,99,1239,2018.0,279206.0,0.0,0.851197,2.261012,ESP,HND,7411
2239595,81,99,1239,2018.0,20932.0,0.0,1.481442,1.050259,GBR,HND,7411
2239596,111,99,1239,2018.0,17003.0,0.0,1.4594799999999999,0.05113,ITA,HND,7411
2239597,138,99,1239,2018.0,19293.0,0.0,1.272851,0.646359,MEX,HND,7411
2239598,160,99,1239,2018.0,11016.0,0.0,-0.8788790000000001,-0.747015,NIC,HND,7411
2239599,231,99,1239,2018.0,202931.0,0.0,1.5527739999999999,0.288577,USA,HND,7411
2239600,15,102,1239,2018.0,3340.0,1057948.0,1.798687,-0.557271,AUT,HUN,7411
2239601,18,102,1239,2018.0,13134.0,0.0,1.244674,1.1368969999999998,BEL,HUN,7411
2239602,39,102,1239,2018.0,0.0,1612.0,0.60854,1.475283,CAN,HUN,7411
2239603,41,102,1239,2018.0,24565.0,2216.0,2.173252,0.861742,CHE,HUN,7411
2239604,43,102,1239,2018.0,5550.0,0.0,1.378018,0.513572,CHN,HUN,7411
2239605,58,102,1239,2018.0,0.0,2845.0,0.180009,-0.26353200000000004,CYP,HUN,7411
2239606,59,102,1239,2018.0,2231.0,0.0,1.8018669999999999,0.022382,CZE,HUN,7411
2239607,61,102,1239,2018.0,1044802.0,797782.0,2.126861,-2.619524,DEU,HUN,7411
2239608,64,102,1239,2018.0,1232.0,0.0,1.094761,1.337348,DNK,HUN,7411
2239609,66,102,1239,2018.0,0.0,169034.0,-1.121185,-1.196891,DZA,HUN,7411
2239610,77,102,1239,2018.0,56065.0,0.0,1.3578540000000001,0.9033700000000001,FRA,HUN,7411
2239611,81,102,1239,2018.0,339309.0,18484.0,1.481442,1.050259,GBR,HUN,7411
2239612,97,102,1239,2018.0,5769.0,0.0,0.8625149999999999,1.21001,HKG,HUN,7411
2239613,110,102,1239,2018.0,92314.0,0.0,1.205666,1.001693,ISR,HUN,7411
2239614,111,102,1239,2018.0,138655.0,0.0,1.4594799999999999,0.05113,ITA,HUN,7411
2239615,113,102,1239,2018.0,0.0,892239.0,0.125467,0.382625,JOR,HUN,7411
2239616,114,102,1239,2018.0,3444.0,327064.0,2.480327,-0.559793,JPN,HUN,7411
2239617,121,102,1239,2018.0,0.0,5872392.0,2.139149,0.795045,KOR,HUN,7411
2239618,123,102,1239,2018.0,0.0,1753.0,-0.60597,-0.479868,LAO,HUN,7411
2239619,131,102,1239,2018.0,44942.0,0.0,1.098797,1.390282,LUX,HUN,7411
2239620,138,102,1239,2018.0,0.0,1563.0,1.272851,0.646359,MEX,HUN,7411
2239621,162,102,1239,2018.0,2848.0,6826.0,1.060964,1.491808,NLD,HUN,7411
2239622,177,102,1239,2018.0,30445.0,3655.0,1.1323860000000001,1.1465040000000002,POL,HUN,7411
2239623,179,102,1239,2018.0,3441.0,0.0,0.787381,1.959475,PRT,HUN,7411
2239624,185,102,1239,2018.0,0.0,58868.0,1.1458030000000001,1.194413,ROU,HUN,7411
2239625,186,102,1239,2018.0,0.0,5083.0,-0.079971,0.11098599999999999,RUS,HUN,7411
2239626,216,102,1239,2018.0,0.0,2338.0,1.188923,1.264666,THA,HUN,7411
2239627,224,102,1239,2018.0,234975.0,0.0,0.5883510000000001,2.357541,TUR,HUN,7411
2239628,231,102,1239,2018.0,25369.0,9174.0,1.5527739999999999,0.288577,USA,HUN,7411
2239629,249,102,1239,2018.0,0.0,969832.0,2.0283580000000003,1.1648319999999999,TWN,HUN,7411
2239630,14,103,1239,2018.0,22040.0,0.0,-0.5578930000000001,-0.15666300000000002,AUS,IDN,7411
2239631,18,103,1239,2018.0,17310.0,0.0,1.244674,1.1368969999999998,BEL,IDN,7411
2239632,34,103,1239,2018.0,0.0,5129.0,-0.360468,-0.826729,BRN,IDN,7411
2239633,41,103,1239,2018.0,9500.0,0.0,2.173252,0.861742,CHE,IDN,7411
2239634,43,103,1239,2018.0,7791024.0,195361.0,1.378018,0.513572,CHN,IDN,7411
2239635,59,103,1239,2018.0,3019.0,0.0,1.8018669999999999,0.022382,CZE,IDN,7411
2239636,61,103,1239,2018.0,2351775.0,0.0,2.126861,-2.619524,DEU,IDN,7411
2239637,64,103,1239,2018.0,7900.0,0.0,1.094761,1.337348,DNK,IDN,7411
2239638,77,103,1239,2018.0,182415.0,0.0,1.3578540000000001,0.9033700000000001,FRA,IDN,7411
2239639,81,103,1239,2018.0,687511.0,0.0,1.481442,1.050259,GBR,IDN,7411
2239640,104,103,1239,2018.0,1372492.0,0.0,0.536561,2.450287,IND,IDN,7411
2239641,111,103,1239,2018.0,279986.0,0.0,1.4594799999999999,0.05113,ITA,IDN,7411
2239642,114,103,1239,2018.0,326858.0,0.0,2.480327,-0.559793,JPN,IDN,7411
2239643,121,103,1239,2018.0,632737.0,956663.0,2.139149,0.795045,KOR,IDN,7411
2239644,143,103,1239,2018.0,0.0,1339114.0,-0.9970469999999999,-0.28486,MMR,IDN,7411
2239645,153,103,1239,2018.0,461708.0,38449.0,1.047185,0.732742,MYS,IDN,7411
2239646,162,103,1239,2018.0,1175.0,0.0,1.060964,1.491808,NLD,IDN,7411
2239647,166,103,1239,2018.0,6357.0,0.0,0.113398,0.017740000000000002,NZL,IDN,7411
2239648,192,103,1239,2018.0,1710656.0,300336.0,1.870268,0.672214,SGP,IDN,7411
2239649,206,103,1239,2018.0,178394.0,0.0,1.445669,0.9135850000000001,SVK,IDN,7411
2239650,208,103,1239,2018.0,42565.0,0.0,1.7254209999999999,0.638757,SWE,IDN,7411
2239651,216,103,1239,2018.0,2947.0,0.0,1.188923,1.264666,THA,IDN,7411
2239652,231,103,1239,2018.0,830262.0,0.0,1.5527739999999999,0.288577,USA,IDN,7411
2239653,249,103,1239,2018.0,43748.0,0.0,2.0283580000000003,1.1648319999999999,TWN,IDN,7411
2239654,1,104,1239,2018.0,0.0,29443.0,-1.098293,-0.812288,AFG,IND,7411
2239655,2,104,1239,2018.0,0.0,37341.0,-1.6785400000000001,-1.2244030000000001,AGO,IND,7411
2239656,7,104,1239,2018.0,5123.0,294578.0,-0.020214,-0.570049,ARE,IND,7411
2239657,14,104,1239,2018.0,138884.0,38740.0,-0.5578930000000001,-0.15666300000000002,AUS,IND,7411
2239658,16,104,1239,2018.0,0.0,17634.0,-1.47928,-1.313633,AZE,IND,7411
2239659,18,104,1239,2018.0,316667.0,0.0,1.244674,1.1368969999999998,BEL,IND,7411
2239660,19,104,1239,2018.0,0.0,20029.0,-0.775822,-0.800248,BEN,IND,7411
2239661,21,104,1239,2018.0,0.0,10899.0,-0.625138,-0.848562,BFA,IND,7411
2239662,22,104,1239,2018.0,0.0,5364617.0,-0.9003549999999999,-1.1066610000000001,BGD,IND,7411
2239663,24,104,1239,2018.0,0.0,16290.0,0.335652,-0.646621,BHR,IND,7411
2239664,32,104,1239,2018.0,0.0,1076.0,0.166542,0.718965,BRA,IND,7411
2239665,35,104,1239,2018.0,0.0,19471.0,-0.118432,-0.779945,BTN,IND,7411
2239666,39,104,1239,2018.0,11125.0,84817.0,0.60854,1.475283,CAN,IND,7411
2239667,41,104,1239,2018.0,165191.0,52234.0,2.173252,0.861742,CHE,IND,7411
2239668,43,104,1239,2018.0,3074752.0,23110.0,1.378018,0.513572,CHN,IND,7411
2239669,45,104,1239,2018.0,0.0,51311.0,-1.2144,-1.0318260000000001,CMR,IND,7411
2239670,46,104,1239,2018.0,0.0,13401.0,-1.704339,-1.211619,COD,IND,7411
2239671,47,104,1239,2018.0,0.0,4060.0,-1.614157,-1.177288,COG,IND,7411
2239672,49,104,1239,2018.0,0.0,1700534.0,0.144073,-0.10276199999999999,COL,IND,7411
2239673,54,104,1239,2018.0,0.0,425338.0,-1.077539,-1.241754,CUB,IND,7411
2239674,59,104,1239,2018.0,7954.0,0.0,1.8018669999999999,0.022382,CZE,IND,7411
2239675,61,104,1239,2018.0,113492.0,53749.0,2.126861,-2.619524,DEU,IND,7411
2239676,66,104,1239,2018.0,0.0,52322.0,-1.121185,-1.196891,DZA,IND,7411
2239677,68,104,1239,2018.0,0.0,1639990.0,-0.093935,1.6368610000000001,EGY,IND,7411
2239678,71,104,1239,2018.0,6458.0,81773.0,0.851197,2.261012,ESP,IND,7411
2239679,73,104,1239,2018.0,0.0,2737.0,-0.663343,-0.384372,ETH,IND,7411
2239680,74,104,1239,2018.0,0.0,1719.0,1.561518,1.0198450000000001,FIN,IND,7411
2239681,77,104,1239,2018.0,1358389.0,26122.0,1.3578540000000001,0.9033700000000001,FRA,IND,7411
2239682,81,104,1239,2018.0,1177663.0,6626728.0,1.481442,1.050259,GBR,IND,7411
2239683,83,104,1239,2018.0,0.0,163531.0,-0.769089,-0.8389200000000001,GHA,IND,7411
2239684,87,104,1239,2018.0,0.0,7569.0,-1.001758,-0.771311,GMB,IND,7411
2239685,90,104,1239,2018.0,0.0,32308.0,0.069841,0.922895,GRC,IND,7411
2239686,93,104,1239,2018.0,0.0,9194.0,-0.321177,0.6339090000000001,GTM,IND,7411
2239687,96,104,1239,2018.0,0.0,102883.0,-0.83525,-1.040274,GUY,IND,7411
2239688,97,104,1239,2018.0,55732.0,0.0,0.8625149999999999,1.21001,HKG,IND,7411
2239689,103,104,1239,2018.0,0.0,1372492.0,-0.0009939999999999999,1.417371,IDN,IND,7411
2239690,107,104,1239,2018.0,0.0,69793.0,-0.290723,-0.430805,IRN,IND,7411
2239691,108,104,1239,2018.0,0.0,3294.0,-0.627753,-0.983086,IRQ,IND,7411
2239692,111,104,1239,2018.0,1102272.0,2352.0,1.4594799999999999,0.05113,ITA,IND,7411
2239693,113,104,1239,2018.0,0.0,262046.0,0.125467,0.382625,JOR,IND,7411
2239694,114,104,1239,2018.0,191437.0,11591.0,2.480327,-0.559793,JPN,IND,7411
2239695,116,104,1239,2018.0,0.0,143244.0,-0.381632,0.460819,KEN,IND,7411
2239696,118,104,1239,2018.0,0.0,38287.0,-0.5513779999999999,-0.598237,KHM,IND,7411
2239697,121,104,1239,2018.0,668702.0,49675.0,2.139149,0.795045,KOR,IND,7411
2239698,122,104,1239,2018.0,0.0,29710.0,-0.790523,-1.136525,KWT,IND,7411
2239699,124,104,1239,2018.0,0.0,2178.0,0.37832899999999997,1.077452,LBN,IND,7411
2239700,128,104,1239,2018.0,0.0,217319.0,-0.364093,0.347953,LKA,IND,7411
2239701,134,104,1239,2018.0,0.0,4056.0,-0.57445,-0.14461400000000002,MAR,IND,7411
2239702,136,104,1239,2018.0,0.0,17791.0,-1.056786,-0.9160709999999999,MDG,IND,7411
2239703,137,104,1239,2018.0,0.0,10644.0,-1.128674,-1.053328,MDV,IND,7411
2239704,138,104,1239,2018.0,149153.0,0.0,1.272851,0.646359,MEX,IND,7411
2239705,147,104,1239,2018.0,0.0,58609.0,-1.253762,-1.0049,MOZ,IND,7411
2239706,151,104,1239,2018.0,0.0,27535.0,-0.268625,0.104254,MUS,IND,7411
2239707,153,104,1239,2018.0,14817.0,161328.0,1.047185,0.732742,MYS,IND,7411
2239708,159,104,1239,2018.0,0.0,478135.0,-1.839074,-1.29837,NGA,IND,7411
2239709,162,104,1239,2018.0,59998.0,17859.0,1.060964,1.491808,NLD,IND,7411
2239710,163,104,1239,2018.0,28073.0,0.0,0.359254,-0.059994000000000006,NOR,IND,7411
2239711,164,104,1239,2018.0,0.0,464632.0,-0.15379500000000002,0.7814369999999999,NPL,IND,7411
2239712,167,104,1239,2018.0,0.0,352861.0,-0.513727,-0.9944280000000001,OMN,IND,7411
2239713,168,104,1239,2018.0,0.0,10765.0,-0.737637,0.274296,PAK,IND,7411
2239714,173,104,1239,2018.0,0.0,19937.0,-0.842934,-0.302396,PER,IND,7411
2239715,174,104,1239,2018.0,0.0,224276.0,0.7233649999999999,0.23715300000000003,PHL,IND,7411
2239716,179,104,1239,2018.0,25448.0,15318.0,0.787381,1.959475,PRT,IND,7411
2239717,183,104,1239,2018.0,0.0,7720.0,-0.291537,-1.022145,QAT,IND,7411
2239718,185,104,1239,2018.0,0.0,5457.0,1.1458030000000001,1.194413,ROU,IND,7411
2239719,186,104,1239,2018.0,61575.0,0.0,-0.079971,0.11098599999999999,RUS,IND,7411
2239720,187,104,1239,2018.0,0.0,1068.0,-0.48781199999999997,-0.741734,RWA,IND,7411
2239721,188,104,1239,2018.0,0.0,168710.0,0.600485,-0.450466,SAU,IND,7411
2239722,192,104,1239,2018.0,118592.0,246795.0,1.870268,0.672214,SGP,IND,7411
2239723,196,104,1239,2018.0,0.0,81075.0,-0.17023,-0.25755700000000004,SLE,IND,7411
2239724,199,104,1239,2018.0,0.0,13835.0,-1.210687,-1.0716700000000001,SOM,IND,7411
2239725,205,104,1239,2018.0,0.0,3392.0,-0.721134,-1.069008,SUR,IND,7411
2239726,206,104,1239,2018.0,48912.0,276448.0,1.445669,0.9135850000000001,SVK,IND,7411
2239727,207,104,1239,2018.0,0.0,97744.0,1.623183,0.7150850000000001,SVN,IND,7411
2239728,208,104,1239,2018.0,164604.0,130048.0,1.7254209999999999,0.638757,SWE,IND,7411
2239729,212,104,1239,2018.0,0.0,554459.0,-0.665828,-0.006848000000000001,SYR,IND,7411
2239730,216,104,1239,2018.0,69323.0,1333924.0,1.188923,1.264666,THA,IND,7411
2239731,223,104,1239,2018.0,0.0,55037.0,0.39611799999999997,1.252702,TUN,IND,7411
2239732,224,104,1239,2018.0,16213.0,27058.0,0.5883510000000001,2.357541,TUR,IND,7411
2239733,226,104,1239,2018.0,0.0,72404.0,-0.12971300000000002,1.379649,TZA,IND,7411
2239734,227,104,1239,2018.0,25411.0,16776.0,-0.569114,0.36182800000000004,UGA,IND,7411
2239735,231,104,1239,2018.0,3015277.0,1057071.0,1.5527739999999999,0.288577,USA,IND,7411
2239736,232,104,1239,2018.0,0.0,24834.0,-0.485013,-0.390021,UZB,IND,7411
2239737,237,104,1239,2018.0,14829.0,0.0,1.107364,0.036629,VGB,IND,7411
2239738,239,104,1239,2018.0,0.0,561263.0,0.111848,0.915842,VNM,IND,7411
2239739,246,104,1239,2018.0,12294.0,125135.0,-0.053311000000000004,1.45561,ZAF,IND,7411
2239740,247,104,1239,2018.0,0.0,12366.0,-0.8302510000000001,-0.932916,ZMB,IND,7411
2239741,248,104,1239,2018.0,0.0,1152.0,-1.071621,-1.112033,ZWE,IND,7411
2239742,249,104,1239,2018.0,174202.0,7100.0,2.0283580000000003,1.1648319999999999,TWN,IND,7411
2239743,250,104,1239,2018.0,2485.0,0.0,0.760441,-0.310861,ANS,IND,7411
2239744,2,106,1239,2018.0,0.0,3126.0,-1.6785400000000001,-1.2244030000000001,AGO,IRL,7411
2239745,18,106,1239,2018.0,29448.0,4384.0,1.244674,1.1368969999999998,BEL,IRL,7411
2239746,32,106,1239,2018.0,0.0,7892.0,0.166542,0.718965,BRA,IRL,7411
2239747,41,106,1239,2018.0,0.0,1530.0,2.173252,0.861742,CHE,IRL,7411
2239748,43,106,1239,2018.0,5336.0,0.0,1.378018,0.513572,CHN,IRL,7411
2239749,61,106,1239,2018.0,87851.0,0.0,2.126861,-2.619524,DEU,IRL,7411
2239750,64,106,1239,2018.0,21427.0,0.0,1.094761,1.337348,DNK,IRL,7411
2239751,65,106,1239,2018.0,0.0,9518.0,-0.205988,0.291906,DOM,IRL,7411
2239752,71,106,1239,2018.0,10976.0,98205.0,0.851197,2.261012,ESP,IRL,7411
2239753,77,106,1239,2018.0,48474.0,0.0,1.3578540000000001,0.9033700000000001,FRA,IRL,7411
2239754,81,106,1239,2018.0,3029112.0,109893.0,1.481442,1.050259,GBR,IRL,7411
2239755,110,106,1239,2018.0,0.0,1677.0,1.205666,1.001693,ISR,IRL,7411
2239756,111,106,1239,2018.0,14912.0,0.0,1.4594799999999999,0.05113,ITA,IRL,7411
2239757,114,106,1239,2018.0,1471.0,19905.0,2.480327,-0.559793,JPN,IRL,7411
2239758,162,106,1239,2018.0,39849.0,54148.0,1.060964,1.491808,NLD,IRL,7411
2239759,168,106,1239,2018.0,0.0,1764.0,-0.737637,0.274296,PAK,IRL,7411
2239760,179,106,1239,2018.0,144474.0,0.0,0.787381,1.959475,PRT,IRL,7411
2239761,186,106,1239,2018.0,0.0,3678.0,-0.079971,0.11098599999999999,RUS,IRL,7411
2239762,224,106,1239,2018.0,45038.0,6635.0,0.5883510000000001,2.357541,TUR,IRL,7411
2239763,231,106,1239,2018.0,129475.0,265885.0,1.5527739999999999,0.288577,USA,IRL,7411
2239764,249,106,1239,2018.0,2956.0,0.0,2.0283580000000003,1.1648319999999999,TWN,IRL,7411
2239765,250,106,1239,2018.0,8022.0,0.0,0.760441,-0.310861,ANS,IRL,7411
2239766,2,111,1239,2018.0,0.0,9555.0,-1.6785400000000001,-1.2244030000000001,AGO,ITA,7411
2239767,4,111,1239,2018.0,0.0,59436.0,-0.403248,-0.180523,ALB,ITA,7411
2239768,7,111,1239,2018.0,0.0,1084556.0,-0.020214,-0.570049,ARE,ITA,7411
2239769,8,111,1239,2018.0,0.0,1298614.0,-0.239502,0.297865,ARG,ITA,7411
2239770,9,111,1239,2018.0,0.0,44306.0,-0.42181499999999994,-0.663385,ARM,ITA,7411
2239771,14,111,1239,2018.0,181921.0,163682.0,-0.5578930000000001,-0.15666300000000002,AUS,ITA,7411
2239772,15,111,1239,2018.0,860732.0,339193.0,1.798687,-0.557271,AUT,ITA,7411
2239773,16,111,1239,2018.0,0.0,11963.0,-1.47928,-1.313633,AZE,ITA,7411
2239774,18,111,1239,2018.0,682057.0,109180.0,1.244674,1.1368969999999998,BEL,ITA,7411
2239775,21,111,1239,2018.0,0.0,29236.0,-0.625138,-0.848562,BFA,ITA,7411
2239776,22,111,1239,2018.0,0.0,22450.0,-0.9003549999999999,-1.1066610000000001,BGD,ITA,7411
2239777,23,111,1239,2018.0,0.0,69956.0,0.516917,1.915288,BGR,ITA,7411
2239778,24,111,1239,2018.0,0.0,257669.0,0.335652,-0.646621,BHR,ITA,7411
2239779,26,111,1239,2018.0,0.0,1835.0,0.676528,0.8948299999999999,BIH,ITA,7411
2239780,28,111,1239,2018.0,19253.0,46710.0,0.86016,1.034144,BLR,ITA,7411
2239781,31,111,1239,2018.0,2153.0,1724.0,-1.069519,-0.942264,BOL,ITA,7411
2239782,32,111,1239,2018.0,0.0,435229.0,0.166542,0.718965,BRA,ITA,7411
2239783,39,111,1239,2018.0,4089.0,1786258.0,0.60854,1.475283,CAN,ITA,7411
2239784,41,111,1239,2018.0,217708.0,1826841.0,2.173252,0.861742,CHE,ITA,7411
2239785,42,111,1239,2018.0,0.0,130232.0,-0.24325300000000002,-0.350271,CHL,ITA,7411
2239786,43,111,1239,2018.0,422388.0,2836532.0,1.378018,0.513572,CHN,ITA,7411
2239787,44,111,1239,2018.0,0.0,11724.0,-1.021384,-0.898676,CIV,ITA,7411
2239788,45,111,1239,2018.0,0.0,79938.0,-1.2144,-1.0318260000000001,CMR,ITA,7411
2239789,46,111,1239,2018.0,0.0,784692.0,-1.704339,-1.211619,COD,ITA,7411
2239790,47,111,1239,2018.0,0.0,70611.0,-1.614157,-1.177288,COG,ITA,7411
2239791,49,111,1239,2018.0,0.0,15167.0,0.144073,-0.10276199999999999,COL,ITA,7411
2239792,54,111,1239,2018.0,0.0,92511.0,-1.077539,-1.241754,CUB,ITA,7411
2239793,58,111,1239,2018.0,0.0,7878.0,0.180009,-0.26353200000000004,CYP,ITA,7411
2239794,59,111,1239,2018.0,1020.0,502625.0,1.8018669999999999,0.022382,CZE,ITA,7411
2239795,61,111,1239,2018.0,211840.0,1478580.0,2.126861,-2.619524,DEU,ITA,7411
2239796,64,111,1239,2018.0,1991.0,98242.0,1.094761,1.337348,DNK,ITA,7411
2239797,65,111,1239,2018.0,0.0,2943.0,-0.205988,0.291906,DOM,ITA,7411
2239798,66,111,1239,2018.0,0.0,1474641.0,-1.121185,-1.196891,DZA,ITA,7411
2239799,67,111,1239,2018.0,0.0,30493.0,-0.9813709999999999,-1.073273,ECU,ITA,7411
2239800,68,111,1239,2018.0,28848.0,1084858.0,-0.093935,1.6368610000000001,EGY,ITA,7411
2239801,71,111,1239,2018.0,205250.0,849173.0,0.851197,2.261012,ESP,ITA,7411
2239802,72,111,1239,2018.0,0.0,24598.0,0.957627,1.294173,EST,ITA,7411
2239803,73,111,1239,2018.0,0.0,35858.0,-0.663343,-0.384372,ETH,ITA,7411
2239804,74,111,1239,2018.0,1144.0,86775.0,1.561518,1.0198450000000001,FIN,ITA,7411
2239805,77,111,1239,2018.0,1306131.0,2295656.0,1.3578540000000001,0.9033700000000001,FRA,ITA,7411
2239806,81,111,1239,2018.0,963188.0,905682.0,1.481442,1.050259,GBR,ITA,7411
2239807,82,111,1239,2018.0,0.0,7903.0,-0.059633000000000005,-0.073048,GEO,ITA,7411
2239808,83,111,1239,2018.0,0.0,160568.0,-0.769089,-0.8389200000000001,GHA,ITA,7411
2239809,90,111,1239,2018.0,0.0,148638.0,0.069841,0.922895,GRC,ITA,7411
2239810,97,111,1239,2018.0,3811.0,129965.0,0.8625149999999999,1.21001,HKG,ITA,7411
2239811,99,111,1239,2018.0,0.0,17003.0,-0.505516,-0.20719899999999997,HND,ITA,7411
2239812,100,111,1239,2018.0,1345.0,41053.0,0.8873559999999999,1.480788,HRV,ITA,7411
2239813,102,111,1239,2018.0,0.0,138655.0,1.6983409999999999,0.693194,HUN,ITA,7411
2239814,103,111,1239,2018.0,0.0,279986.0,-0.0009939999999999999,1.417371,IDN,ITA,7411
2239815,104,111,1239,2018.0,2352.0,1102272.0,0.536561,2.450287,IND,ITA,7411
2239816,106,111,1239,2018.0,0.0,14912.0,1.3647,0.094596,IRL,ITA,7411
2239817,107,111,1239,2018.0,0.0,1287984.0,-0.290723,-0.430805,IRN,ITA,7411
2239818,108,111,1239,2018.0,0.0,511477.0,-0.627753,-0.983086,IRQ,ITA,7411
2239819,110,111,1239,2018.0,14869.0,204878.0,1.205666,1.001693,ISR,ITA,7411
2239820,112,111,1239,2018.0,0.0,148519.0,-0.210475,-0.808499,JAM,ITA,7411
2239821,113,111,1239,2018.0,0.0,273342.0,0.125467,0.382625,JOR,ITA,7411
2239822,114,111,1239,2018.0,196716.0,13561.0,2.480327,-0.559793,JPN,ITA,7411
2239823,115,111,1239,2018.0,0.0,9949.0,-0.625674,-0.605028,KAZ,ITA,7411
2239824,121,111,1239,2018.0,16349.0,286394.0,2.139149,0.795045,KOR,ITA,7411
2239825,122,111,1239,2018.0,0.0,2377164.0,-0.790523,-1.136525,KWT,ITA,7411
2239826,124,111,1239,2018.0,0.0,39596.0,0.37832899999999997,1.077452,LBN,ITA,7411
2239827,126,111,1239,2018.0,0.0,7571.0,-1.454322,-1.169087,LBY,ITA,7411
2239828,128,111,1239,2018.0,0.0,16529.0,-0.364093,0.347953,LKA,ITA,7411
2239829,130,111,1239,2018.0,0.0,16642.0,0.839052,1.5688790000000001,LTU,ITA,7411
2239830,132,111,1239,2018.0,0.0,48047.0,0.6984560000000001,1.29918,LVA,ITA,7411
2239831,134,111,1239,2018.0,0.0,76657.0,-0.57445,-0.14461400000000002,MAR,ITA,7411
2239832,135,111,1239,2018.0,0.0,27129.0,-0.222348,-0.091067,MDA,ITA,7411
2239833,137,111,1239,2018.0,0.0,9285.0,-1.128674,-1.053328,MDV,ITA,7411
2239834,138,111,1239,2018.0,0.0,84277.0,1.272851,0.646359,MEX,ITA,7411
2239835,142,111,1239,2018.0,0.0,201170.0,0.860195,0.281449,MLT,ITA,7411
2239836,145,111,1239,2018.0,0.0,7418.0,-0.892013,-1.115228,MNG,ITA,7411
2239837,151,111,1239,2018.0,0.0,8038.0,-0.268625,0.104254,MUS,ITA,7411
2239838,153,111,1239,2018.0,0.0,65866.0,1.047185,0.732742,MYS,ITA,7411
2239839,159,111,1239,2018.0,0.0,34992.0,-1.839074,-1.29837,NGA,ITA,7411
2239840,160,111,1239,2018.0,0.0,3370.0,-0.8788790000000001,-0.747015,NIC,ITA,7411
2239841,162,111,1239,2018.0,182072.0,445012.0,1.060964,1.491808,NLD,ITA,7411
2239842,163,111,1239,2018.0,0.0,316287.0,0.359254,-0.059994000000000006,NOR,ITA,7411
2239843,166,111,1239,2018.0,0.0,247595.0,0.113398,0.017740000000000002,NZL,ITA,7411
2239844,167,111,1239,2018.0,0.0,310051.0,-0.513727,-0.9944280000000001,OMN,ITA,7411
2239845,168,111,1239,2018.0,49686.0,30709.0,-0.737637,0.274296,PAK,ITA,7411
2239846,169,111,1239,2018.0,0.0,15019.0,0.007061,-0.13867100000000002,PAN,ITA,7411
2239847,173,111,1239,2018.0,0.0,30263.0,-0.842934,-0.302396,PER,ITA,7411
2239848,174,111,1239,2018.0,3780.0,518627.0,0.7233649999999999,0.23715300000000003,PHL,ITA,7411
2239849,177,111,1239,2018.0,33533.0,320176.0,1.1323860000000001,1.1465040000000002,POL,ITA,7411
2239850,179,111,1239,2018.0,217136.0,9703.0,0.787381,1.959475,PRT,ITA,7411
2239851,183,111,1239,2018.0,0.0,16062.0,-0.291537,-1.022145,QAT,ITA,7411
2239852,185,111,1239,2018.0,8101.0,109714.0,1.1458030000000001,1.194413,ROU,ITA,7411
2239853,186,111,1239,2018.0,0.0,756715.0,-0.079971,0.11098599999999999,RUS,ITA,7411
2239854,187,111,1239,2018.0,0.0,13198.0,-0.48781199999999997,-0.741734,RWA,ITA,7411
2239855,188,111,1239,2018.0,0.0,508115.0,0.600485,-0.450466,SAU,ITA,7411
2239856,190,111,1239,2018.0,0.0,65762.0,-1.3426719999999999,-1.1851909999999999,SDN,ITA,7411
2239857,192,111,1239,2018.0,2900863.0,161965.0,1.870268,0.672214,SGP,ITA,7411
2239858,197,111,1239,2018.0,0.0,15423.0,0.07891799999999999,0.219075,SLV,ITA,7411
2239859,199,111,1239,2018.0,0.0,109050.0,-1.210687,-1.0716700000000001,SOM,ITA,7411
2239860,201,111,1239,2018.0,0.0,14596.0,0.665772,1.552409,SRB,ITA,7411
2239861,206,111,1239,2018.0,3480831.0,2846.0,1.445669,0.9135850000000001,SVK,ITA,7411
2239862,207,111,1239,2018.0,0.0,31496.0,1.623183,0.7150850000000001,SVN,ITA,7411
2239863,208,111,1239,2018.0,0.0,95737.0,1.7254209999999999,0.638757,SWE,ITA,7411
2239864,210,111,1239,2018.0,0.0,15897.0,1.1925059999999998,-0.707432,SXM,ITA,7411
2239865,211,111,1239,2018.0,0.0,4124.0,-0.222908,-0.7792100000000001,SYC,ITA,7411
2239866,212,111,1239,2018.0,0.0,95097.0,-0.665828,-0.006848000000000001,SYR,ITA,7411
2239867,215,111,1239,2018.0,0.0,1892.0,-0.681426,-0.7010270000000001,TGO,ITA,7411
2239868,216,111,1239,2018.0,11939.0,116943.0,1.188923,1.264666,THA,ITA,7411
2239869,223,111,1239,2018.0,0.0,523203.0,0.39611799999999997,1.252702,TUN,ITA,7411
2239870,224,111,1239,2018.0,15239.0,1232821.0,0.5883510000000001,2.357541,TUR,ITA,7411
2239871,228,111,1239,2018.0,0.0,163150.0,0.3281,1.0037459999999998,UKR,ITA,7411
2239872,230,111,1239,2018.0,0.0,22597.0,0.016527,-0.250715,URY,ITA,7411
2239873,231,111,1239,2018.0,557235.0,3978686.0,1.5527739999999999,0.288577,USA,ITA,7411
2239874,232,111,1239,2018.0,0.0,5105.0,-0.485013,-0.390021,UZB,ITA,7411
2239875,236,111,1239,2018.0,0.0,84050.0,-1.180083,-1.23326,VEN,ITA,7411
2239876,239,111,1239,2018.0,0.0,68329.0,0.111848,0.915842,VNM,ITA,7411
2239877,246,111,1239,2018.0,0.0,233592.0,-0.053311000000000004,1.45561,ZAF,ITA,7411
2239878,248,111,1239,2018.0,0.0,19810.0,-1.071621,-1.112033,ZWE,ITA,7411
2239879,249,111,1239,2018.0,4957.0,46752.0,2.0283580000000003,1.1648319999999999,TWN,ITA,7411
2239880,250,111,1239,2018.0,0.0,20492.0,0.760441,-0.310861,ANS,ITA,7411
2239881,39,112,1239,2018.0,1610.0,0.0,0.60854,1.475283,CAN,JAM,7411
2239882,77,112,1239,2018.0,38210.0,0.0,1.3578540000000001,0.9033700000000001,FRA,JAM,7411
2239883,81,112,1239,2018.0,3920.0,0.0,1.481442,1.050259,GBR,JAM,7411
2239884,111,112,1239,2018.0,148519.0,0.0,1.4594799999999999,0.05113,ITA,JAM,7411
2239885,231,112,1239,2018.0,118184.0,0.0,1.5527739999999999,0.288577,USA,JAM,7411
2239886,7,113,1239,2018.0,57226.0,0.0,-0.020214,-0.570049,ARE,JOR,7411
2239887,18,113,1239,2018.0,23265.0,0.0,1.244674,1.1368969999999998,BEL,JOR,7411
2239888,43,113,1239,2018.0,63697.0,0.0,1.378018,0.513572,CHN,JOR,7411
2239889,59,113,1239,2018.0,5646.0,0.0,1.8018669999999999,0.022382,CZE,JOR,7411
2239890,61,113,1239,2018.0,356427.0,0.0,2.126861,-2.619524,DEU,JOR,7411
2239891,68,113,1239,2018.0,10217.0,0.0,-0.093935,1.6368610000000001,EGY,JOR,7411
2239892,71,113,1239,2018.0,16300.0,0.0,0.851197,2.261012,ESP,JOR,7411
2239893,77,113,1239,2018.0,23106.0,0.0,1.3578540000000001,0.9033700000000001,FRA,JOR,7411
2239894,81,113,1239,2018.0,63759.0,0.0,1.481442,1.050259,GBR,JOR,7411
2239895,102,113,1239,2018.0,892239.0,0.0,1.6983409999999999,0.693194,HUN,JOR,7411
2239896,104,113,1239,2018.0,262046.0,0.0,0.536561,2.450287,IND,JOR,7411
2239897,111,113,1239,2018.0,273342.0,0.0,1.4594799999999999,0.05113,ITA,JOR,7411
2239898,162,113,1239,2018.0,57627.0,0.0,1.060964,1.491808,NLD,JOR,7411
2239899,186,113,1239,2018.0,1386.0,0.0,-0.079971,0.11098599999999999,RUS,JOR,7411
2239900,206,113,1239,2018.0,32017.0,0.0,1.445669,0.9135850000000001,SVK,JOR,7411
2239901,224,113,1239,2018.0,80248.0,0.0,0.5883510000000001,2.357541,TUR,JOR,7411
2239902,231,113,1239,2018.0,3371492.0,0.0,1.5527739999999999,0.288577,USA,JOR,7411
2239903,7,114,1239,2018.0,0.0,228902.0,-0.020214,-0.570049,ARE,JPN,7411
2239904,9,114,1239,2018.0,0.0,12754.0,-0.42181499999999994,-0.663385,ARM,JPN,7411
2239905,14,114,1239,2018.0,3994.0,1011.0,-0.5578930000000001,-0.15666300000000002,AUS,JPN,7411
2239906,15,114,1239,2018.0,12418.0,22643.0,1.798687,-0.557271,AUT,JPN,7411
2239907,17,114,1239,2018.0,0.0,13495.0,-0.542607,-1.0593540000000001,BDI,JPN,7411
2239908,24,114,1239,2018.0,0.0,46479.0,0.335652,-0.646621,BHR,JPN,7411
2239909,25,114,1239,2018.0,0.0,1834.0,0.359908,-0.445567,BHS,JPN,7411
2239910,32,114,1239,2018.0,0.0,169318.0,0.166542,0.718965,BRA,JPN,7411
2239911,34,114,1239,2018.0,0.0,1765816.0,-0.360468,-0.826729,BRN,JPN,7411
2239912,39,114,1239,2018.0,27816.0,626659.0,0.60854,1.475283,CAN,JPN,7411
2239913,41,114,1239,2018.0,15542.0,3902.0,2.173252,0.861742,CHE,JPN,7411
2239914,43,114,1239,2018.0,579432.0,2985170.0,1.378018,0.513572,CHN,JPN,7411
2239915,61,114,1239,2018.0,1422624.0,34540.0,2.126861,-2.619524,DEU,JPN,7411
2239916,64,114,1239,2018.0,784762.0,0.0,1.094761,1.337348,DNK,JPN,7411
2239917,65,114,1239,2018.0,0.0,2172.0,-0.205988,0.291906,DOM,JPN,7411
2239918,77,114,1239,2018.0,42331.0,41631.0,1.3578540000000001,0.9033700000000001,FRA,JPN,7411
2239919,81,114,1239,2018.0,449283.0,41166.0,1.481442,1.050259,GBR,JPN,7411
2239920,97,114,1239,2018.0,0.0,634548.0,0.8625149999999999,1.21001,HKG,JPN,7411
2239921,102,114,1239,2018.0,327064.0,3444.0,1.6983409999999999,0.693194,HUN,JPN,7411
2239922,103,114,1239,2018.0,0.0,326858.0,-0.0009939999999999999,1.417371,IDN,JPN,7411
2239923,104,114,1239,2018.0,11591.0,191437.0,0.536561,2.450287,IND,JPN,7411
2239924,106,114,1239,2018.0,19905.0,1471.0,1.3647,0.094596,IRL,JPN,7411
2239925,110,114,1239,2018.0,27148.0,0.0,1.205666,1.001693,ISR,JPN,7411
2239926,111,114,1239,2018.0,13561.0,196716.0,1.4594799999999999,0.05113,ITA,JPN,7411
2239927,116,114,1239,2018.0,0.0,85655.0,-0.381632,0.460819,KEN,JPN,7411
2239928,118,114,1239,2018.0,0.0,2510.0,-0.5513779999999999,-0.598237,KHM,JPN,7411
2239929,121,114,1239,2018.0,1232490.0,903515.0,2.139149,0.795045,KOR,JPN,7411
2239930,124,114,1239,2018.0,0.0,8069.0,0.37832899999999997,1.077452,LBN,JPN,7411
2239931,128,114,1239,2018.0,5894.0,0.0,-0.364093,0.347953,LKA,JPN,7411
2239932,130,114,1239,2018.0,0.0,4493.0,0.839052,1.5688790000000001,LTU,JPN,7411
2239933,138,114,1239,2018.0,0.0,174050.0,1.272851,0.646359,MEX,JPN,7411
2239934,145,114,1239,2018.0,0.0,1064.0,-0.892013,-1.115228,MNG,JPN,7411
2239935,153,114,1239,2018.0,26217.0,135124.0,1.047185,0.732742,MYS,JPN,7411
2239936,162,114,1239,2018.0,20964360.0,3881.0,1.060964,1.491808,NLD,JPN,7411
2239937,163,114,1239,2018.0,493910.0,0.0,0.359254,-0.059994000000000006,NOR,JPN,7411
2239938,167,114,1239,2018.0,0.0,4054.0,-0.513727,-0.9944280000000001,OMN,JPN,7411
2239939,168,114,1239,2018.0,0.0,31606.0,-0.737637,0.274296,PAK,JPN,7411
2239940,169,114,1239,2018.0,0.0,2944.0,0.007061,-0.13867100000000002,PAN,JPN,7411
2239941,174,114,1239,2018.0,30847.0,1853806.0,0.7233649999999999,0.23715300000000003,PHL,JPN,7411
2239942,177,114,1239,2018.0,2498.0,0.0,1.1323860000000001,1.1465040000000002,POL,JPN,7411
2239943,179,114,1239,2018.0,13838.0,0.0,0.787381,1.959475,PRT,JPN,7411
2239944,183,114,1239,2018.0,0.0,2296372.0,-0.291537,-1.022145,QAT,JPN,7411
2239945,186,114,1239,2018.0,0.0,3452.0,-0.079971,0.11098599999999999,RUS,JPN,7411
2239946,188,114,1239,2018.0,0.0,703057.0,0.600485,-0.450466,SAU,JPN,7411
2239947,192,114,1239,2018.0,64947.0,243996.0,1.870268,0.672214,SGP,JPN,7411
2239948,206,114,1239,2018.0,0.0,4695.0,1.445669,0.9135850000000001,SVK,JPN,7411
2239949,208,114,1239,2018.0,102883.0,0.0,1.7254209999999999,0.638757,SWE,JPN,7411
2239950,216,114,1239,2018.0,19843.0,355780.0,1.188923,1.264666,THA,JPN,7411
2239951,223,114,1239,2018.0,0.0,1231.0,0.39611799999999997,1.252702,TUN,JPN,7411
2239952,224,114,1239,2018.0,0.0,147907.0,0.5883510000000001,2.357541,TUR,JPN,7411
2239953,228,114,1239,2018.0,0.0,2142.0,0.3281,1.0037459999999998,UKR,JPN,7411
2239954,231,114,1239,2018.0,1018348.0,661687.0,1.5527739999999999,0.288577,USA,JPN,7411
2239955,239,114,1239,2018.0,0.0,2847433.0,0.111848,0.915842,VNM,JPN,7411
2239956,246,114,1239,2018.0,0.0,20751.0,-0.053311000000000004,1.45561,ZAF,JPN,7411
2239957,249,114,1239,2018.0,203867.0,2102723.0,2.0283580000000003,1.1648319999999999,TWN,JPN,7411
2239958,43,118,1239,2018.0,147916.0,0.0,1.378018,0.513572,CHN,KHM,7411
2239959,81,118,1239,2018.0,5886.0,0.0,1.481442,1.050259,GBR,KHM,7411
2239960,104,118,1239,2018.0,38287.0,0.0,0.536561,2.450287,IND,KHM,7411
2239961,114,118,1239,2018.0,2510.0,0.0,2.480327,-0.559793,JPN,KHM,7411
2239962,130,118,1239,2018.0,1044.0,0.0,0.839052,1.5688790000000001,LTU,KHM,7411
2239963,162,118,1239,2018.0,34093.0,0.0,1.060964,1.491808,NLD,KHM,7411
2239964,216,118,1239,2018.0,68125.0,0.0,1.188923,1.264666,THA,KHM,7411
2239965,7,121,1239,2018.0,0.0,231507.0,-0.020214,-0.570049,ARE,KOR,7411
2239966,8,121,1239,2018.0,0.0,3458.0,-0.239502,0.297865,ARG,KOR,7411
2239967,14,121,1239,2018.0,304170.0,4843.0,-0.5578930000000001,-0.15666300000000002,AUS,KOR,7411
2239968,15,121,1239,2018.0,18492.0,0.0,1.798687,-0.557271,AUT,KOR,7411
2239969,16,121,1239,2018.0,0.0,3051.0,-1.47928,-1.313633,AZE,KOR,7411
2239970,18,121,1239,2018.0,61578.0,4383.0,1.244674,1.1368969999999998,BEL,KOR,7411
2239971,24,121,1239,2018.0,0.0,474771.0,0.335652,-0.646621,BHR,KOR,7411
2239972,31,121,1239,2018.0,0.0,24196.0,-1.069519,-0.942264,BOL,KOR,7411
2239973,32,121,1239,2018.0,0.0,51295.0,0.166542,0.718965,BRA,KOR,7411
2239974,33,121,1239,2018.0,0.0,159766.0,0.50894,0.043631,BRB,KOR,7411
2239975,39,121,1239,2018.0,1705854.0,8197.0,0.60854,1.475283,CAN,KOR,7411
2239976,43,121,1239,2018.0,7180610.0,6690640.0,1.378018,0.513572,CHN,KOR,7411
2239977,51,121,1239,2018.0,0.0,12412.0,-0.43036899999999995,-0.761514,CPV,KOR,7411
2239978,59,121,1239,2018.0,0.0,70691.0,1.8018669999999999,0.022382,CZE,KOR,7411
2239979,61,121,1239,2018.0,480320.0,575433.0,2.126861,-2.619524,DEU,KOR,7411
2239980,64,121,1239,2018.0,11793.0,5466.0,1.094761,1.337348,DNK,KOR,7411
2239981,66,121,1239,2018.0,0.0,144008.0,-1.121185,-1.196891,DZA,KOR,7411
2239982,67,121,1239,2018.0,0.0,24005.0,-0.9813709999999999,-1.073273,ECU,KOR,7411
2239983,68,121,1239,2018.0,0.0,1009.0,-0.093935,1.6368610000000001,EGY,KOR,7411
2239984,71,121,1239,2018.0,0.0,152401.0,0.851197,2.261012,ESP,KOR,7411
2239985,72,121,1239,2018.0,89872.0,0.0,0.957627,1.294173,EST,KOR,7411
2239986,74,121,1239,2018.0,2827.0,0.0,1.561518,1.0198450000000001,FIN,KOR,7411
2239987,77,121,1239,2018.0,486128.0,314638.0,1.3578540000000001,0.9033700000000001,FRA,KOR,7411
2239988,81,121,1239,2018.0,4129943.0,42107.0,1.481442,1.050259,GBR,KOR,7411
2239989,83,121,1239,2018.0,0.0,9835.0,-0.769089,-0.8389200000000001,GHA,KOR,7411
2239990,93,121,1239,2018.0,0.0,2073.0,-0.321177,0.6339090000000001,GTM,KOR,7411
2239991,97,121,1239,2018.0,1468.0,1985.0,0.8625149999999999,1.21001,HKG,KOR,7411
2239992,102,121,1239,2018.0,5872392.0,0.0,1.6983409999999999,0.693194,HUN,KOR,7411
2239993,103,121,1239,2018.0,956663.0,632737.0,-0.0009939999999999999,1.417371,IDN,KOR,7411
2239994,104,121,1239,2018.0,49675.0,668702.0,0.536561,2.450287,IND,KOR,7411
2239995,107,121,1239,2018.0,0.0,140598.0,-0.290723,-0.430805,IRN,KOR,7411
2239996,108,121,1239,2018.0,0.0,1128670.0,-0.627753,-0.983086,IRQ,KOR,7411
2239997,111,121,1239,2018.0,286394.0,16349.0,1.4594799999999999,0.05113,ITA,KOR,7411
2239998,114,121,1239,2018.0,903515.0,1232490.0,2.480327,-0.559793,JPN,KOR,7411
