9199999,102,74,8941,2018,0.0,5826.0,1.519662,0.833092,HUN,FIN,843039
9200000,104,74,8941,2018,0.0,88431.0,0.526015,2.448112,IND,FIN,843039
9200001,111,74,8941,2018,2683.0,204252.0,1.3602530000000002,0.453607,ITA,FIN,843039
9200002,121,74,8941,2018,14488.0,0.0,2.093866,0.764303,KOR,FIN,843039
9200003,144,74,8941,2018,0.0,5834.0,0.332495,0.124258,MNE,FIN,843039
9200004,162,74,8941,2018,0.0,7302.0,1.1478899999999999,1.454758,NLD,FIN,843039
9200005,163,74,8941,2018,0.0,7591.0,0.681639,0.021762,NOR,FIN,843039
9200006,173,74,8941,2018,0.0,6415.0,-0.6673060000000001,-0.183315,PER,FIN,843039
9200007,177,74,8941,2018,0.0,79962.0,1.132475,1.258945,POL,FIN,843039
9200008,186,74,8941,2018,0.0,23124.0,0.21398000000000003,0.100414,RUS,FIN,843039
9200009,190,74,8941,2018,0.0,355662.0,-1.278532,-1.176008,SDN,FIN,843039
9200010,192,74,8941,2018,0.0,11018.0,1.914132,0.652011,SGP,FIN,843039
9200011,208,74,8941,2018,398647.0,9474.0,1.76361,0.766904,SWE,FIN,843039
9200012,224,74,8941,2018,0.0,89644.0,0.518721,2.5581419999999997,TUR,FIN,843039
9200013,231,74,8941,2018,0.0,6053438.0,1.585861,0.44815900000000003,USA,FIN,843039
9200014,246,74,8941,2018,0.0,67448.0,0.158722,1.394829,ZAF,FIN,843039
9200015,14,77,8941,2018,310087.0,0.0,-0.29687199999999997,-0.123116,AUS,FRA,843039
9200016,15,77,8941,2018,795369.0,341848.0,1.774488,-0.21117800000000003,AUT,FRA,843039
9200017,18,77,8941,2018,144623.0,7214.0,1.270641,1.201063,BEL,FRA,843039
9200018,21,77,8941,2018,0.0,40007.0,-0.8835200000000001,-0.9790620000000001,BFA,FRA,843039
9200019,39,77,8941,2018,18023.0,162026.0,0.666822,1.218593,CAN,FRA,843039
9200020,41,77,8941,2018,351462.0,883390.0,2.2324330000000003,0.7801560000000001,CHE,FRA,843039
9200021,43,77,8941,2018,47439.0,6635361.0,1.200689,1.2822,CHN,FRA,843039
9200022,59,77,8941,2018,1105635.0,0.0,1.841016,0.220806,CZE,FRA,843039
9200023,61,77,8941,2018,1562174.0,118269.0,2.109059,-2.428826,DEU,FRA,843039
9200024,65,77,8941,2018,979.0,0.0,-0.084258,0.474872,DOM,FRA,843039
9200025,71,77,8941,2018,0.0,988.0,0.744825,2.919005,ESP,FRA,843039
9200026,73,77,8941,2018,0.0,27848.0,-0.874857,-0.464958,ETH,FRA,843039
9200027,74,77,8941,2018,200138.0,0.0,1.61151,0.9474549999999999,FIN,FRA,843039
9200028,81,77,8941,2018,110200.0,0.0,1.693008,0.768159,GBR,FRA,843039
9200029,85,77,8941,2018,0.0,83645.0,-1.036697,-1.1562860000000001,GIN,FRA,843039
9200030,90,77,8941,2018,122010.0,0.0,0.059539999999999996,1.0321879999999999,GRC,FRA,843039
9200031,102,77,8941,2018,857812.0,0.0,1.519662,0.833092,HUN,FRA,843039
9200032,109,77,8941,2018,0.0,7402.0,0.252338,-0.341319,ISL,FRA,843039
9200033,111,77,8941,2018,1179062.0,0.0,1.3602530000000002,0.453607,ITA,FRA,843039
9200034,114,77,8941,2018,311208.0,0.0,2.514533,-0.416074,JPN,FRA,843039
9200035,116,77,8941,2018,0.0,27140.0,-0.32707800000000004,0.71009,KEN,FRA,843039
9200036,121,77,8941,2018,14413.0,0.0,2.093866,0.764303,KOR,FRA,843039
9200037,134,77,8941,2018,0.0,110504.0,-0.712775,-0.090013,MAR,FRA,843039
9200038,141,77,8941,2018,0.0,2424.0,-0.49666499999999997,-0.7189909999999999,MLI,FRA,843039
9200039,148,77,8941,2018,0.0,8466.0,-1.511361,-1.296003,MRT,FRA,843039
9200040,157,77,8941,2018,0.0,312843.0,-0.633115,-0.839564,NER,FRA,843039
9200041,162,77,8941,2018,48721.0,0.0,1.1478899999999999,1.454758,NLD,FRA,843039
9200042,173,77,8941,2018,0.0,473819.0,-0.6673060000000001,-0.183315,PER,FRA,843039
9200043,177,77,8941,2018,0.0,4467.0,1.132475,1.258945,POL,FRA,843039
9200044,179,77,8941,2018,48727.0,0.0,0.652628,2.211758,PRT,FRA,843039
9200045,183,77,8941,2018,0.0,120187.0,-0.068401,-1.014732,QAT,FRA,843039
9200046,185,77,8941,2018,206472.0,15269.0,1.050715,1.04471,ROU,FRA,843039
9200047,207,77,8941,2018,0.0,9337.0,1.67428,0.7703800000000001,SVN,FRA,843039
9200048,216,77,8941,2018,0.0,8849.0,1.053177,1.4084969999999999,THA,FRA,843039
9200049,223,77,8941,2018,0.0,19123.0,0.259778,1.187194,TUN,FRA,843039
9200050,231,77,8941,2018,90694.0,3515844.0,1.585861,0.44815900000000003,USA,FRA,843039
9200051,4,81,8941,2018,0.0,1230.0,-0.456481,-0.139655,ALB,GBR,843039
9200052,7,81,8941,2018,0.0,156914.0,0.11804400000000001,-0.326851,ARE,GBR,843039
9200053,14,81,8941,2018,0.0,21800.0,-0.29687199999999997,-0.123116,AUS,GBR,843039
9200054,15,81,8941,2018,4026.0,69366.0,1.774488,-0.21117800000000003,AUT,GBR,843039
9200055,18,81,8941,2018,4548.0,10075.0,1.270641,1.201063,BEL,GBR,843039
9200056,20,81,8941,2018,0.0,4004.0,0.952758,-0.631328,BES,GBR,843039
9200057,23,81,8941,2018,0.0,62376.0,0.571226,1.836856,BGR,GBR,843039
9200058,24,81,8941,2018,0.0,2739.0,0.318352,-0.69221,BHR,GBR,843039
9200059,39,81,8941,2018,0.0,40144.0,0.666822,1.218593,CAN,GBR,843039
9200060,43,81,8941,2018,112549.0,14758.0,1.200689,1.2822,CHN,GBR,843039
9200061,44,81,8941,2018,0.0,9346.0,-0.8733569999999999,-0.8443139999999999,CIV,GBR,843039
9200062,59,81,8941,2018,0.0,14950.0,1.841016,0.220806,CZE,GBR,843039
9200063,61,81,8941,2018,2982822.0,2189644.0,2.109059,-2.428826,DEU,GBR,843039
9200064,64,81,8941,2018,0.0,977.0,1.0945040000000001,1.3311540000000002,DNK,GBR,843039
9200065,71,81,8941,2018,0.0,3036.0,0.744825,2.919005,ESP,GBR,843039
9200066,74,81,8941,2018,10724.0,0.0,1.61151,0.9474549999999999,FIN,GBR,843039
9200067,77,81,8941,2018,0.0,110200.0,1.420819,0.7793770000000001,FRA,GBR,843039
9200068,90,81,8941,2018,0.0,3727.0,0.059539999999999996,1.0321879999999999,GRC,GBR,843039
9200069,100,81,8941,2018,0.0,211108.0,0.7923720000000001,1.4047209999999999,HRV,GBR,843039
9200070,101,81,8941,2018,0.0,6921.0,-0.914545,-0.890601,HTI,GBR,843039
9200071,104,81,8941,2018,1665.0,127884.0,0.526015,2.448112,IND,GBR,843039
9200072,106,81,8941,2018,6469240.0,851716.0,1.262419,0.013576,IRL,GBR,843039
9200073,111,81,8941,2018,2231640.0,37383.0,1.3602530000000002,0.453607,ITA,GBR,843039
9200074,114,81,8941,2018,71953.0,0.0,2.514533,-0.416074,JPN,GBR,843039
9200075,121,81,8941,2018,1860847.0,0.0,2.093866,0.764303,KOR,GBR,843039
9200076,122,81,8941,2018,0.0,115974.0,-0.668802,-1.154012,KWT,GBR,843039
9200077,140,81,8941,2018,0.0,4055.0,0.079976,-0.20256,MKD,GBR,843039
9200078,144,81,8941,2018,0.0,21003.0,0.332495,0.124258,MNE,GBR,843039
9200079,159,81,8941,2018,0.0,6802.0,-1.8238,-1.259938,NGA,GBR,843039
9200080,162,81,8941,2018,15425.0,172672.0,1.1478899999999999,1.454758,NLD,GBR,843039
9200081,177,81,8941,2018,5586.0,46687.0,1.132475,1.258945,POL,GBR,843039
9200082,179,81,8941,2018,0.0,23388.0,0.652628,2.211758,PRT,GBR,843039
9200083,183,81,8941,2018,1263.0,0.0,-0.068401,-1.014732,QAT,GBR,843039
9200084,188,81,8941,2018,0.0,461548.0,0.5801810000000001,-0.447514,SAU,GBR,843039
9200085,192,81,8941,2018,0.0,87853.0,1.914132,0.652011,SGP,GBR,843039
9200086,196,81,8941,2018,0.0,3567.0,-0.06932999999999999,-0.36035300000000003,SLE,GBR,843039
9200087,207,81,8941,2018,0.0,3949.0,1.67428,0.7703800000000001,SVN,GBR,843039
9200088,208,81,8941,2018,0.0,15937.0,1.76361,0.766904,SWE,GBR,843039
9200089,211,81,8941,2018,0.0,14396.0,0.187352,-0.693013,SYC,GBR,843039
9200090,226,81,8941,2018,0.0,7195.0,-0.09850700000000001,1.145606,TZA,GBR,843039
9200091,227,81,8941,2018,0.0,4572.0,-0.621049,-0.061448,UGA,GBR,843039
9200092,231,81,8941,2018,74098.0,96542.0,1.585861,0.44815900000000003,USA,GBR,843039
9200093,4,90,8941,2018,0.0,173766.0,-0.456481,-0.139655,ALB,GRC,843039
9200094,43,90,8941,2018,27023.0,0.0,1.200689,1.2822,CHN,GRC,843039
9200095,58,90,8941,2018,0.0,2168.0,0.45442,-0.113303,CYP,GRC,843039
9200096,61,90,8941,2018,10824.0,0.0,2.109059,-2.428826,DEU,GRC,843039
9200097,77,90,8941,2018,0.0,122010.0,1.420819,0.7793770000000001,FRA,GRC,843039
9200098,81,90,8941,2018,3727.0,0.0,1.693008,0.768159,GBR,GRC,843039
9200099,111,90,8941,2018,75856.0,0.0,1.3602530000000002,0.453607,ITA,GRC,843039
9200100,192,90,8941,2018,0.0,251392.0,1.914132,0.652011,SGP,GRC,843039
9200101,43,93,8941,2018,11721.0,0.0,1.200689,1.2822,CHN,GTM,843039
9200102,197,93,8941,2018,13890.0,0.0,0.073928,0.22548600000000002,SLV,GTM,843039
9200103,231,93,8941,2018,6738.0,0.0,1.585861,0.44815900000000003,USA,GTM,843039
9200104,162,96,8941,2018,146207.0,0.0,1.1478899999999999,1.454758,NLD,GUY,843039
9200105,222,96,8941,2018,231850.0,0.0,-0.281617,-1.009652,TTO,GUY,843039
9200106,231,96,8941,2018,14943.0,0.0,1.585861,0.44815900000000003,USA,GUY,843039
9200107,14,97,8941,2018,15336.0,0.0,-0.29687199999999997,-0.123116,AUS,HKG,843039
9200108,43,97,8941,2018,68500.0,0.0,1.200689,1.2822,CHN,HKG,843039
9200109,61,97,8941,2018,765606.0,1824145.0,2.109059,-2.428826,DEU,HKG,843039
9200110,103,97,8941,2018,0.0,9935.0,-0.10130499999999999,1.2414209999999999,IDN,HKG,843039
9200111,111,97,8941,2018,13222.0,0.0,1.3602530000000002,0.453607,ITA,HKG,843039
9200112,114,97,8941,2018,575127.0,0.0,2.514533,-0.416074,JPN,HKG,843039
9200113,121,97,8941,2018,153310.0,0.0,2.093866,0.764303,KOR,HKG,843039
9200114,162,97,8941,2018,2505856.0,0.0,1.1478899999999999,1.454758,NLD,HKG,843039
9200115,168,97,8941,2018,0.0,2969.0,-0.64348,0.665045,PAK,HKG,843039
9200116,174,97,8941,2018,0.0,19958.0,0.781409,0.22126700000000002,PHL,HKG,843039
9200117,216,97,8941,2018,2525458.0,490017.0,1.053177,1.4084969999999999,THA,HKG,843039
9200118,43,99,8941,2018,2279.0,0.0,1.200689,1.2822,CHN,HND,843039
9200119,231,99,8941,2018,14413.0,0.0,1.585861,0.44815900000000003,USA,HND,843039
9200120,15,102,8941,2018,10382.0,0.0,1.774488,-0.21117800000000003,AUT,HUN,843039
9200121,43,102,8941,2018,5247.0,0.0,1.200689,1.2822,CHN,HUN,843039
9200122,74,102,8941,2018,5826.0,0.0,1.61151,0.9474549999999999,FIN,HUN,843039
9200123,77,102,8941,2018,0.0,857812.0,1.420819,0.7793770000000001,FRA,HUN,843039
9200124,100,102,8941,2018,5516.0,0.0,0.7923720000000001,1.4047209999999999,HRV,HUN,843039
9200125,111,102,8941,2018,35506.0,0.0,1.3602530000000002,0.453607,ITA,HUN,843039
9200126,143,102,8941,2018,0.0,672.0,-0.936467,-0.223413,MMR,HUN,843039
9200127,185,102,8941,2018,3933.0,5659.0,1.050715,1.04471,ROU,HUN,843039
9200128,201,102,8941,2018,0.0,425881.0,0.607486,1.2139389999999999,SRB,HUN,843039
9200129,206,102,8941,2018,73864.0,0.0,1.3270979999999999,0.877684,SVK,HUN,843039
9200130,208,102,8941,2018,0.0,995203.0,1.76361,0.766904,SWE,HUN,843039
9200131,14,103,8941,2018,3263.0,0.0,-0.29687199999999997,-0.123116,AUS,IDN,843039
9200132,39,103,8941,2018,182912.0,76159.0,0.666822,1.218593,CAN,IDN,843039
9200133,43,103,8941,2018,335058.0,0.0,1.200689,1.2822,CHN,IDN,843039
9200134,61,103,8941,2018,35516.0,0.0,2.109059,-2.428826,DEU,IDN,843039
9200135,97,103,8941,2018,9935.0,0.0,0.843677,1.656073,HKG,IDN,843039
9200136,111,103,8941,2018,4069.0,0.0,1.3602530000000002,0.453607,ITA,IDN,843039
9200137,114,103,8941,2018,2043502.0,0.0,2.514533,-0.416074,JPN,IDN,843039
9200138,153,103,8941,2018,42176.0,0.0,1.122976,0.734109,MYS,IDN,843039
9200139,162,103,8941,2018,39678.0,0.0,1.1478899999999999,1.454758,NLD,IDN,843039
9200140,192,103,8941,2018,1299337.0,121569.0,1.914132,0.652011,SGP,IDN,843039
9200141,216,103,8941,2018,0.0,21132.0,1.053177,1.4084969999999999,THA,IDN,843039
9200142,231,103,8941,2018,140252.0,0.0,1.585861,0.44815900000000003,USA,IDN,843039
9200143,249,103,8941,2018,1352.0,0.0,2.0462540000000002,1.166636,TWN,IDN,843039
9200144,7,104,8941,2018,708671.0,226435.0,0.11804400000000001,-0.326851,ARE,IND,843039
9200145,14,104,8941,2018,0.0,1508.0,-0.29687199999999997,-0.123116,AUS,IND,843039
9200146,32,104,8941,2018,0.0,1677.0,0.143397,0.582092,BRA,IND,843039
9200147,35,104,8941,2018,0.0,27783.0,-0.168694,-0.77871,BTN,IND,843039
9200148,39,104,8941,2018,100955.0,0.0,0.666822,1.218593,CAN,IND,843039
9200149,43,104,8941,2018,454924.0,7316.0,1.200689,1.2822,CHN,IND,843039
9200150,61,104,8941,2018,2157766.0,0.0,2.109059,-2.428826,DEU,IND,843039
9200151,73,104,8941,2018,0.0,5634.0,-0.874857,-0.464958,ETH,IND,843039
9200152,74,104,8941,2018,88431.0,0.0,1.61151,0.9474549999999999,FIN,IND,843039
9200153,81,104,8941,2018,127884.0,1665.0,1.693008,0.768159,GBR,IND,843039
9200154,83,104,8941,2018,0.0,185704.0,-0.956109,-0.861556,GHA,IND,843039
9200155,111,104,8941,2018,28310.0,0.0,1.3602530000000002,0.453607,ITA,IND,843039
9200156,114,104,8941,2018,1472042.0,0.0,2.514533,-0.416074,JPN,IND,843039
9200157,121,104,8941,2018,22954.0,0.0,2.093866,0.764303,KOR,IND,843039
9200158,122,104,8941,2018,0.0,15280.0,-0.668802,-1.154012,KWT,IND,843039
9200159,128,104,8941,2018,0.0,27612.0,-0.544504,0.41074099999999997,LKA,IND,843039
9200160,141,104,8941,2018,0.0,149829.0,-0.49666499999999997,-0.7189909999999999,MLI,IND,843039
9200161,143,104,8941,2018,0.0,181210.0,-0.936467,-0.223413,MMR,IND,843039
9200162,162,104,8941,2018,1291608.0,0.0,1.1478899999999999,1.454758,NLD,IND,843039
9200163,164,104,8941,2018,6580.0,32841.0,-0.252837,0.999258,NPL,IND,843039
9200164,167,104,8941,2018,0.0,495772.0,-0.548048,-0.9972989999999999,OMN,IND,843039
9200165,168,104,8941,2018,0.0,3320.0,-0.64348,0.665045,PAK,IND,843039
9200166,174,104,8941,2018,2694.0,0.0,0.781409,0.22126700000000002,PHL,IND,843039
9200167,191,104,8941,2018,0.0,284022.0,-0.751378,-0.390573,SEN,IND,843039
9200168,197,104,8941,2018,0.0,37523.0,0.073928,0.22548600000000002,SLV,IND,843039
9200169,208,104,8941,2018,1487.0,0.0,1.76361,0.766904,SWE,IND,843039
9200170,226,104,8941,2018,0.0,21618.0,-0.09850700000000001,1.145606,TZA,IND,843039
9200171,231,104,8941,2018,125701.0,103099.0,1.585861,0.44815900000000003,USA,IND,843039
9200172,239,104,8941,2018,0.0,44947.0,0.003069,0.9169729999999999,VNM,IND,843039
9200173,247,104,8941,2018,0.0,32937.0,-0.736064,-0.93958,ZMB,IND,843039
9200174,248,104,8941,2018,0.0,19060.0,-1.181524,-1.0648520000000001,ZWE,IND,843039
9200175,18,106,8941,2018,0.0,16937.0,1.270641,1.201063,BEL,IRL,843039
9200176,39,106,8941,2018,0.0,85222.0,0.666822,1.218593,CAN,IRL,843039
9200177,43,106,8941,2018,2770.0,0.0,1.200689,1.2822,CHN,IRL,843039
9200178,81,106,8941,2018,851716.0,6469240.0,1.693008,0.768159,GBR,IRL,843039
9200179,111,106,8941,2018,6035.0,0.0,1.3602530000000002,0.453607,ITA,IRL,843039
9200180,121,106,8941,2018,18909.0,0.0,2.093866,0.764303,KOR,IRL,843039
9200181,162,106,8941,2018,25868.0,0.0,1.1478899999999999,1.454758,NLD,IRL,843039
9200182,231,106,8941,2018,9553.0,0.0,1.585861,0.44815900000000003,USA,IRL,843039
9200183,4,111,8941,2018,0.0,176344.0,-0.456481,-0.139655,ALB,ITA,843039
9200184,7,111,8941,2018,0.0,2169.0,0.11804400000000001,-0.326851,ARE,ITA,843039
9200185,8,111,8941,2018,0.0,360251.0,-0.14316800000000002,0.14356,ARG,ITA,843039
9200186,14,111,8941,2018,2051739.0,6700692.0,-0.29687199999999997,-0.123116,AUS,ITA,843039
9200187,15,111,8941,2018,150027.0,15278.0,1.774488,-0.21117800000000003,AUT,ITA,843039
9200188,18,111,8941,2018,0.0,90106.0,1.270641,1.201063,BEL,ITA,843039
9200189,23,111,8941,2018,0.0,148557.0,0.571226,1.836856,BGR,ITA,843039
9200190,26,111,8941,2018,0.0,33093.0,0.526392,0.742398,BIH,ITA,843039
9200191,32,111,8941,2018,0.0,340237.0,0.143397,0.582092,BRA,ITA,843039
9200192,39,111,8941,2018,0.0,3413.0,0.666822,1.218593,CAN,ITA,843039
9200193,41,111,8941,2018,0.0,639156.0,2.2324330000000003,0.7801560000000001,CHE,ITA,843039
9200194,42,111,8941,2018,0.0,1185864.0,-0.37677,-0.49605299999999997,CHL,ITA,843039
9200195,43,111,8941,2018,24196.0,23650.0,1.200689,1.2822,CHN,ITA,843039
9200196,44,111,8941,2018,0.0,21380.0,-0.8733569999999999,-0.8443139999999999,CIV,ITA,843039
9200197,49,111,8941,2018,0.0,9902.0,0.20431,-0.15273699999999998,COL,ITA,843039
9200198,54,111,8941,2018,0.0,47515.0,-0.8835629999999999,-1.15678,CUB,ITA,843039
9200199,58,111,8941,2018,0.0,22094.0,0.45442,-0.113303,CYP,ITA,843039
9200200,59,111,8941,2018,0.0,27449.0,1.841016,0.220806,CZE,ITA,843039
9200201,61,111,8941,2018,27630416.0,51325.0,2.109059,-2.428826,DEU,ITA,843039
9200202,64,111,8941,2018,0.0,51825.0,1.0945040000000001,1.3311540000000002,DNK,ITA,843039
9200203,65,111,8941,2018,0.0,39502.0,-0.084258,0.474872,DOM,ITA,843039
9200204,66,111,8941,2018,0.0,74576.0,-1.281519,-1.22291,DZA,ITA,843039
9200205,67,111,8941,2018,0.0,13705.0,-0.873973,-1.032841,ECU,ITA,843039
9200206,68,111,8941,2018,0.0,37186.0,-0.096635,1.585658,EGY,ITA,843039
9200207,71,111,8941,2018,0.0,215936.0,0.744825,2.919005,ESP,ITA,843039
9200208,72,111,8941,2018,0.0,20002.0,0.979986,1.2365899999999999,EST,ITA,843039
9200209,74,111,8941,2018,204252.0,2683.0,1.61151,0.9474549999999999,FIN,ITA,843039
9200210,77,111,8941,2018,0.0,1179062.0,1.420819,0.7793770000000001,FRA,ITA,843039
9200211,81,111,8941,2018,37383.0,2231640.0,1.693008,0.768159,GBR,ITA,843039
9200212,82,111,8941,2018,0.0,1146.0,-0.049871,-0.28439899999999996,GEO,ITA,843039
9200213,83,111,8941,2018,0.0,11089.0,-0.956109,-0.861556,GHA,ITA,843039
9200214,90,111,8941,2018,0.0,75856.0,0.059539999999999996,1.0321879999999999,GRC,ITA,843039
9200215,97,111,8941,2018,0.0,13222.0,0.843677,1.656073,HKG,ITA,843039
9200216,100,111,8941,2018,0.0,93201.0,0.7923720000000001,1.4047209999999999,HRV,ITA,843039
9200217,102,111,8941,2018,0.0,35506.0,1.519662,0.833092,HUN,ITA,843039
9200218,103,111,8941,2018,0.0,4069.0,-0.10130499999999999,1.2414209999999999,IDN,ITA,843039
9200219,104,111,8941,2018,0.0,28310.0,0.526015,2.448112,IND,ITA,843039
9200220,106,111,8941,2018,0.0,6035.0,1.262419,0.013576,IRL,ITA,843039
9200221,109,111,8941,2018,0.0,43278.0,0.252338,-0.341319,ISL,ITA,843039
9200222,110,111,8941,2018,347279.0,27307.0,1.355071,0.872822,ISR,ITA,843039
9200223,113,111,8941,2018,0.0,27265.0,-0.086895,0.283829,JOR,ITA,843039
9200224,116,111,8941,2018,0.0,3529.0,-0.32707800000000004,0.71009,KEN,ITA,843039
9200225,121,111,8941,2018,335334.0,0.0,2.093866,0.764303,KOR,ITA,843039
9200226,122,111,8941,2018,0.0,12927.0,-0.668802,-1.154012,KWT,ITA,843039
9200227,130,111,8941,2018,0.0,13631.0,0.964249,1.4050200000000002,LTU,ITA,843039
9200228,131,111,8941,2018,0.0,249838.0,1.1142889999999999,1.306066,LUX,ITA,843039
9200229,132,111,8941,2018,0.0,13231.0,0.707168,1.294297,LVA,ITA,843039
9200230,134,111,8941,2018,0.0,196115.0,-0.712775,-0.090013,MAR,ITA,843039
9200231,138,111,8941,2018,0.0,8509.0,1.00061,0.585759,MEX,ITA,843039
9200232,140,111,8941,2018,0.0,17676.0,0.079976,-0.20256,MKD,ITA,843039
9200233,142,111,8941,2018,0.0,77356.0,0.9621219999999999,0.257289,MLT,ITA,843039
9200234,151,111,8941,2018,0.0,4285.0,-0.128221,0.15049400000000002,MUS,ITA,843039
9200235,153,111,8941,2018,4370.0,0.0,1.122976,0.734109,MYS,ITA,843039
9200236,156,111,8941,2018,0.0,6744.0,-0.49370299999999995,-0.865432,NCL,ITA,843039
9200237,159,111,8941,2018,0.0,88867.0,-1.8238,-1.259938,NGA,ITA,843039
9200238,162,111,8941,2018,7787.0,1096260.0,1.1478899999999999,1.454758,NLD,ITA,843039
9200239,163,111,8941,2018,0.0,21342.0,0.681639,0.021762,NOR,ITA,843039
9200240,166,111,8941,2018,0.0,1944.0,0.21902600000000003,0.148714,NZL,ITA,843039
9200241,168,111,8941,2018,0.0,479641.0,-0.64348,0.665045,PAK,ITA,843039
9200242,177,111,8941,2018,0.0,219344.0,1.132475,1.258945,POL,ITA,843039
9200243,179,111,8941,2018,294792.0,297691.0,0.652628,2.211758,PRT,ITA,843039
9200244,182,111,8941,2018,0.0,1270.0,0.21430300000000002,-0.484076,PYF,ITA,843039
9200245,183,111,8941,2018,0.0,28969.0,-0.068401,-1.014732,QAT,ITA,843039
9200246,185,111,8941,2018,0.0,557479.0,1.050715,1.04471,ROU,ITA,843039
9200247,186,111,8941,2018,0.0,79608.0,0.21398000000000003,0.100414,RUS,ITA,843039
9200248,188,111,8941,2018,0.0,499013.0,0.5801810000000001,-0.447514,SAU,ITA,843039
9200249,192,111,8941,2018,0.0,139028.0,1.914132,0.652011,SGP,ITA,843039
9200250,197,111,8941,2018,0.0,56082.0,0.073928,0.22548600000000002,SLV,ITA,843039
9200251,201,111,8941,2018,0.0,132851.0,0.607486,1.2139389999999999,SRB,ITA,843039
9200252,206,111,8941,2018,0.0,99195.0,1.3270979999999999,0.877684,SVK,ITA,843039
9200253,207,111,8941,2018,5931.0,64310.0,1.67428,0.7703800000000001,SVN,ITA,843039
9200254,208,111,8941,2018,1876.0,247609.0,1.76361,0.766904,SWE,ITA,843039
9200255,217,111,8941,2018,0.0,18041.0,-0.757793,-1.0641209999999999,TJK,ITA,843039
9200256,223,111,8941,2018,0.0,64667.0,0.259778,1.187194,TUN,ITA,843039
9200257,228,111,8941,2018,0.0,39325.0,0.337296,0.758675,UKR,ITA,843039
9200258,231,111,8941,2018,0.0,13833298.0,1.585861,0.44815900000000003,USA,ITA,843039
9200259,231,112,8941,2018,93661.0,0.0,1.585861,0.44815900000000003,USA,JAM,843039
9200260,43,113,8941,2018,62881.0,0.0,1.200689,1.2822,CHN,JOR,843039
9200261,61,113,8941,2018,172694.0,0.0,2.109059,-2.428826,DEU,JOR,843039
9200262,111,113,8941,2018,27265.0,0.0,1.3602530000000002,0.453607,ITA,JOR,843039
9200263,188,113,8941,2018,3209.0,8533.0,0.5801810000000001,-0.447514,SAU,JOR,843039
9200264,7,114,8941,2018,0.0,208225.0,0.11804400000000001,-0.326851,ARE,JPN,843039
9200265,14,114,8941,2018,0.0,165265.0,-0.29687199999999997,-0.123116,AUS,JPN,843039
9200266,15,114,8941,2018,0.0,49830.0,1.774488,-0.21117800000000003,AUT,JPN,843039
9200267,24,114,8941,2018,0.0,54340.0,0.318352,-0.69221,BHR,JPN,843039
9200268,39,114,8941,2018,0.0,44832.0,0.666822,1.218593,CAN,JPN,843039
9200269,41,114,8941,2018,0.0,172735.0,2.2324330000000003,0.7801560000000001,CHE,JPN,843039
9200270,43,114,8941,2018,16249520.0,146699.0,1.200689,1.2822,CHN,JPN,843039
9200271,61,114,8941,2018,4785.0,26238.0,2.109059,-2.428826,DEU,JPN,843039
9200272,65,114,8941,2018,0.0,14485.0,-0.084258,0.474872,DOM,JPN,843039
9200273,68,114,8941,2018,0.0,399454.0,-0.096635,1.585658,EGY,JPN,843039
9200274,71,114,8941,2018,0.0,11170.0,0.744825,2.919005,ESP,JPN,843039
9200275,73,114,8941,2018,0.0,45937.0,-0.874857,-0.464958,ETH,JPN,843039
9200276,77,114,8941,2018,0.0,311208.0,1.420819,0.7793770000000001,FRA,JPN,843039
9200277,81,114,8941,2018,0.0,71953.0,1.693008,0.768159,GBR,JPN,843039
9200278,97,114,8941,2018,0.0,575127.0,0.843677,1.656073,HKG,JPN,843039
9200279,103,114,8941,2018,0.0,2043502.0,-0.10130499999999999,1.2414209999999999,IDN,JPN,843039
9200280,104,114,8941,2018,0.0,1472042.0,0.526015,2.448112,IND,JPN,843039
9200281,121,114,8941,2018,170809.0,683087.0,2.093866,0.764303,KOR,JPN,843039
9200282,123,114,8941,2018,0.0,20481.0,-0.788808,-0.8012670000000001,LAO,JPN,843039
9200283,124,114,8941,2018,0.0,3027.0,0.270554,0.9995149999999999,LBN,JPN,843039
9200284,128,114,8941,2018,0.0,1026231.0,-0.544504,0.41074099999999997,LKA,JPN,843039
9200285,143,114,8941,2018,0.0,166835.0,-0.936467,-0.223413,MMR,JPN,843039
9200286,144,114,8941,2018,0.0,13871.0,0.332495,0.124258,MNE,JPN,843039
9200287,153,114,8941,2018,0.0,2592040.0,1.122976,0.734109,MYS,JPN,843039
9200288,166,114,8941,2018,0.0,28515.0,0.21902600000000003,0.148714,NZL,JPN,843039
9200289,168,114,8941,2018,0.0,140326.0,-0.64348,0.665045,PAK,JPN,843039
9200290,173,114,8941,2018,0.0,24472.0,-0.6673060000000001,-0.183315,PER,JPN,843039
9200291,174,114,8941,2018,0.0,1955096.0,0.781409,0.22126700000000002,PHL,JPN,843039
9200292,192,114,8941,2018,0.0,1896366.0,1.914132,0.652011,SGP,JPN,843039
9200293,208,114,8941,2018,0.0,44144.0,1.76361,0.766904,SWE,JPN,843039
9200294,216,114,8941,2018,351661.0,962834.0,1.053177,1.4084969999999999,THA,JPN,843039
9200295,231,114,8941,2018,301955.0,2939369.0,1.585861,0.44815900000000003,USA,JPN,843039
9200296,239,114,8941,2018,0.0,746773.0,0.003069,0.9169729999999999,VNM,JPN,843039
9200297,246,114,8941,2018,0.0,60982.0,0.158722,1.394829,ZAF,JPN,843039
9200298,249,114,8941,2018,8777.0,405066.0,2.0462540000000002,1.166636,TWN,JPN,843039
9200299,43,118,8941,2018,20563.0,0.0,1.200689,1.2822,CHN,KHM,843039
9200300,121,118,8941,2018,42033.0,0.0,2.093866,0.764303,KOR,KHM,843039
9200301,216,118,8941,2018,19441.0,0.0,1.053177,1.4084969999999999,THA,KHM,843039
9200302,7,121,8941,2018,0.0,2715.0,0.11804400000000001,-0.326851,ARE,KOR,843039
9200303,14,121,8941,2018,0.0,217668.0,-0.29687199999999997,-0.123116,AUS,KOR,843039
9200304,24,121,8941,2018,0.0,9191.0,0.318352,-0.69221,BHR,KOR,843039
9200305,32,121,8941,2018,0.0,84415.0,0.143397,0.582092,BRA,KOR,843039
9200306,39,121,8941,2018,36030.0,526365.0,0.666822,1.218593,CAN,KOR,843039
9200307,41,121,8941,2018,0.0,1571.0,2.2324330000000003,0.7801560000000001,CHE,KOR,843039
9200308,42,121,8941,2018,0.0,59355.0,-0.37677,-0.49605299999999997,CHL,KOR,843039
9200309,43,121,8941,2018,31408.0,98746.0,1.200689,1.2822,CHN,KOR,843039
9200310,44,121,8941,2018,0.0,110084.0,-0.8733569999999999,-0.8443139999999999,CIV,KOR,843039
9200311,61,121,8941,2018,1293.0,0.0,2.109059,-2.428826,DEU,KOR,843039
9200312,64,121,8941,2018,0.0,1024.0,1.0945040000000001,1.3311540000000002,DNK,KOR,843039
9200313,65,121,8941,2018,0.0,33026.0,-0.084258,0.474872,DOM,KOR,843039
9200314,68,121,8941,2018,0.0,404086.0,-0.096635,1.585658,EGY,KOR,843039
9200315,73,121,8941,2018,0.0,231132.0,-0.874857,-0.464958,ETH,KOR,843039
9200316,74,121,8941,2018,0.0,14488.0,1.61151,0.9474549999999999,FIN,KOR,843039
9200317,77,121,8941,2018,0.0,14413.0,1.420819,0.7793770000000001,FRA,KOR,843039
9200318,81,121,8941,2018,0.0,1860847.0,1.693008,0.768159,GBR,KOR,843039
9200319,97,121,8941,2018,0.0,153310.0,0.843677,1.656073,HKG,KOR,843039
9200320,104,121,8941,2018,0.0,22954.0,0.526015,2.448112,IND,KOR,843039
9200321,106,121,8941,2018,0.0,18909.0,1.262419,0.013576,IRL,KOR,843039
9200322,111,121,8941,2018,0.0,335334.0,1.3602530000000002,0.453607,ITA,KOR,843039
9200323,114,121,8941,2018,683087.0,170809.0,2.514533,-0.416074,JPN,KOR,843039
9200324,116,121,8941,2018,0.0,289243.0,-0.32707800000000004,0.71009,KEN,KOR,843039
9200325,118,121,8941,2018,0.0,42033.0,-0.45740299999999995,-0.575966,KHM,KOR,843039
9200326,122,121,8941,2018,0.0,76177.0,-0.668802,-1.154012,KWT,KOR,843039
9200327,138,121,8941,2018,0.0,1491219.0,1.00061,0.585759,MEX,KOR,843039
9200328,144,121,8941,2018,0.0,1812.0,0.332495,0.124258,MNE,KOR,843039
9200329,145,121,8941,2018,0.0,49246.0,-0.934398,-1.125105,MNG,KOR,843039
9200330,162,121,8941,2018,0.0,1119756.0,1.1478899999999999,1.454758,NLD,KOR,843039
9200331,167,121,8941,2018,0.0,292337.0,-0.548048,-0.9972989999999999,OMN,KOR,843039
9200332,168,121,8941,2018,0.0,3795.0,-0.64348,0.665045,PAK,KOR,843039
9200333,173,121,8941,2018,0.0,18004.0,-0.6673060000000001,-0.183315,PER,KOR,843039
9200334,174,121,8941,2018,0.0,10957.0,0.781409,0.22126700000000002,PHL,KOR,843039
9200335,179,121,8941,2018,0.0,48301.0,0.652628,2.211758,PRT,KOR,843039
9200336,183,121,8941,2018,0.0,28382.0,-0.068401,-1.014732,QAT,KOR,843039
9200337,188,121,8941,2018,0.0,36336.0,0.5801810000000001,-0.447514,SAU,KOR,843039
9200338,190,121,8941,2018,0.0,772112.0,-1.278532,-1.176008,SDN,KOR,843039
9200339,192,121,8941,2018,116856.0,9783.0,1.914132,0.652011,SGP,KOR,843039
9200340,208,121,8941,2018,0.0,6137.0,1.76361,0.766904,SWE,KOR,843039
9200341,216,121,8941,2018,0.0,147242.0,1.053177,1.4084969999999999,THA,KOR,843039
9200342,231,121,8941,2018,0.0,4983639.0,1.585861,0.44815900000000003,USA,KOR,843039
9200343,246,121,8941,2018,0.0,278199.0,0.158722,1.394829,ZAF,KOR,843039
9200344,7,122,8941,2018,119387.0,0.0,0.11804400000000001,-0.326851,ARE,KWT,843039
9200345,14,122,8941,2018,0.0,21994.0,-0.29687199999999997,-0.123116,AUS,KWT,843039
9200346,18,122,8941,2018,1093201.0,9580.0,1.270641,1.201063,BEL,KWT,843039
9200347,43,122,8941,2018,4133.0,0.0,1.200689,1.2822,CHN,KWT,843039
9200348,61,122,8941,2018,855807.0,0.0,2.109059,-2.428826,DEU,KWT,843039
9200349,68,122,8941,2018,2025.0,0.0,-0.096635,1.585658,EGY,KWT,843039
9200350,81,122,8941,2018,115974.0,0.0,1.693008,0.768159,GBR,KWT,843039
9200351,104,122,8941,2018,15280.0,0.0,0.526015,2.448112,IND,KWT,843039
9200352,111,122,8941,2018,12927.0,0.0,1.3602530000000002,0.453607,ITA,KWT,843039
9200353,121,122,8941,2018,76177.0,0.0,2.093866,0.764303,KOR,KWT,843039
9200354,162,122,8941,2018,136880.0,0.0,1.1478899999999999,1.454758,NLD,KWT,843039
9200355,167,122,8941,2018,0.0,6651.0,-0.548048,-0.9972989999999999,OMN,KWT,843039
9200356,174,122,8941,2018,1706.0,0.0,0.781409,0.22126700000000002,PHL,KWT,843039
9200357,183,122,8941,2018,0.0,50277.0,-0.068401,-1.014732,QAT,KWT,843039
9200358,188,122,8941,2018,24636.0,0.0,0.5801810000000001,-0.447514,SAU,KWT,843039
9200359,206,122,8941,2018,5306.0,0.0,1.3270979999999999,0.877684,SVK,KWT,843039
9200360,231,122,8941,2018,6149.0,0.0,1.585861,0.44815900000000003,USA,KWT,843039
9200361,61,130,8941,2018,0.0,261714.0,2.109059,-2.428826,DEU,LTU,843039
9200362,64,130,8941,2018,1540.0,0.0,1.0945040000000001,1.3311540000000002,DNK,LTU,843039
9200363,72,130,8941,2018,6616.0,0.0,0.979986,1.2365899999999999,EST,LTU,843039
9200364,111,130,8941,2018,13631.0,0.0,1.3602530000000002,0.453607,ITA,LTU,843039
9200365,163,130,8941,2018,12111.0,0.0,0.681639,0.021762,NOR,LTU,843039
9200366,177,130,8941,2018,77635.0,0.0,1.132475,1.258945,POL,LTU,843039
9200367,186,130,8941,2018,0.0,109242.0,0.21398000000000003,0.100414,RUS,LTU,843039
9200368,208,130,8941,2018,0.0,3707.0,1.76361,0.766904,SWE,LTU,843039
9200369,232,130,8941,2018,0.0,245996.0,-0.591547,-0.429982,UZB,LTU,843039
9200370,43,138,8941,2018,454507.0,176014.0,1.200689,1.2822,CHN,MEX,843039
9200371,71,138,8941,2018,319923.0,792976.0,0.744825,2.919005,ESP,MEX,843039
9200372,111,138,8941,2018,8509.0,0.0,1.3602530000000002,0.453607,ITA,MEX,843039
9200373,121,138,8941,2018,1491219.0,0.0,2.093866,0.764303,KOR,MEX,843039
9200374,174,138,8941,2018,1544.0,0.0,0.781409,0.22126700000000002,PHL,MEX,843039
9200375,177,138,8941,2018,298528.0,0.0,1.132475,1.258945,POL,MEX,843039
9200376,231,138,8941,2018,526458.0,0.0,1.585861,0.44815900000000003,USA,MEX,843039
9200377,7,153,8941,2018,925481.0,0.0,0.11804400000000001,-0.326851,ARE,MYS,843039
9200378,14,153,8941,2018,5386.0,83282.0,-0.29687199999999997,-0.123116,AUS,MYS,843039
9200379,18,153,8941,2018,83901.0,0.0,1.270641,1.201063,BEL,MYS,843039
9200380,43,153,8941,2018,326574.0,0.0,1.200689,1.2822,CHN,MYS,843039
9200381,61,153,8941,2018,2538886.0,0.0,2.109059,-2.428826,DEU,MYS,843039
9200382,103,153,8941,2018,0.0,42176.0,-0.10130499999999999,1.2414209999999999,IDN,MYS,843039
9200383,111,153,8941,2018,0.0,4370.0,1.3602530000000002,0.453607,ITA,MYS,843039
9200384,114,153,8941,2018,2592040.0,0.0,2.514533,-0.416074,JPN,MYS,843039
9200385,162,153,8941,2018,6093.0,0.0,1.1478899999999999,1.454758,NLD,MYS,843039
9200386,168,153,8941,2018,0.0,5476.0,-0.64348,0.665045,PAK,MYS,843039
9200387,174,153,8941,2018,0.0,53003.0,0.781409,0.22126700000000002,PHL,MYS,843039
9200388,192,153,8941,2018,171700.0,372988.0,1.914132,0.652011,SGP,MYS,843039
9200389,216,153,8941,2018,0.0,1453837.0,1.053177,1.4084969999999999,THA,MYS,843039
9200390,249,153,8941,2018,318528.0,0.0,2.0462540000000002,1.166636,TWN,MYS,843039
9200391,43,160,8941,2018,4175.0,0.0,1.200689,1.2822,CHN,NIC,843039
9200392,197,160,8941,2018,0.0,14976.0,0.073928,0.22548600000000002,SLV,NIC,843039
9200393,231,160,8941,2018,26739.0,0.0,1.585861,0.44815900000000003,USA,NIC,843039
9200394,7,162,8941,2018,0.0,78212.0,0.11804400000000001,-0.326851,ARE,NLD,843039
9200395,9,162,8941,2018,0.0,37074.0,-0.330516,-0.604744,ARM,NLD,843039
9200396,14,162,8941,2018,0.0,549049.0,-0.29687199999999997,-0.123116,AUS,NLD,843039
9200397,15,162,8941,2018,1684.0,111311.0,1.774488,-0.21117800000000003,AUT,NLD,843039
9200398,18,162,8941,2018,0.0,70584.0,1.270641,1.201063,BEL,NLD,843039
9200399,24,162,8941,2018,0.0,20593.0,0.318352,-0.69221,BHR,NLD,843039
9200400,26,162,8941,2018,0.0,74388.0,0.526392,0.742398,BIH,NLD,843039
9200401,31,162,8941,2018,0.0,29674.0,-1.153953,-1.070749,BOL,NLD,843039
9200402,41,162,8941,2018,0.0,162740.0,2.2324330000000003,0.7801560000000001,CHE,NLD,843039
9200403,44,162,8941,2018,0.0,25912.0,-0.8733569999999999,-0.8443139999999999,CIV,NLD,843039
9200404,59,162,8941,2018,2170.0,0.0,1.841016,0.220806,CZE,NLD,843039
9200405,61,162,8941,2018,7410888.0,545159.0,2.109059,-2.428826,DEU,NLD,843039
9200406,64,162,8941,2018,0.0,53355.0,1.0945040000000001,1.3311540000000002,DNK,NLD,843039
9200407,69,162,8941,2018,0.0,241124.0,-1.601517,-1.062162,ERI,NLD,843039
9200408,71,162,8941,2018,0.0,196909.0,0.744825,2.919005,ESP,NLD,843039
9200409,74,162,8941,2018,7302.0,0.0,1.61151,0.9474549999999999,FIN,NLD,843039
9200410,77,162,8941,2018,0.0,48721.0,1.420819,0.7793770000000001,FRA,NLD,843039
9200411,81,162,8941,2018,172672.0,15425.0,1.693008,0.768159,GBR,NLD,843039
9200412,83,162,8941,2018,0.0,71841.0,-0.956109,-0.861556,GHA,NLD,843039
9200413,96,162,8941,2018,0.0,146207.0,-0.841458,-0.9803280000000001,GUY,NLD,843039
9200414,97,162,8941,2018,0.0,2505856.0,0.843677,1.656073,HKG,NLD,843039
9200415,100,162,8941,2018,0.0,68042.0,0.7923720000000001,1.4047209999999999,HRV,NLD,843039
9200416,103,162,8941,2018,0.0,39678.0,-0.10130499999999999,1.2414209999999999,IDN,NLD,843039
9200417,104,162,8941,2018,0.0,1291608.0,0.526015,2.448112,IND,NLD,843039
9200418,106,162,8941,2018,0.0,25868.0,1.262419,0.013576,IRL,NLD,843039
9200419,109,162,8941,2018,0.0,133984.0,0.252338,-0.341319,ISL,NLD,843039
9200420,111,162,8941,2018,1096260.0,7787.0,1.3602530000000002,0.453607,ITA,NLD,843039
9200421,115,162,8941,2018,0.0,186690.0,-0.483862,-0.667417,KAZ,NLD,843039
9200422,121,162,8941,2018,1119756.0,0.0,2.093866,0.764303,KOR,NLD,843039
9200423,122,162,8941,2018,0.0,136880.0,-0.668802,-1.154012,KWT,NLD,843039
9200424,124,162,8941,2018,0.0,65185.0,0.270554,0.9995149999999999,LBN,NLD,843039
9200425,125,162,8941,2018,0.0,23759.0,-1.022881,-1.124718,LBR,NLD,843039
9200426,132,162,8941,2018,0.0,24736.0,0.707168,1.294297,LVA,NLD,843039
9200427,135,162,8941,2018,0.0,8824.0,-0.358412,-0.271334,MDA,NLD,843039
9200428,140,162,8941,2018,0.0,27133.0,0.079976,-0.20256,MKD,NLD,843039
9200429,153,162,8941,2018,0.0,6093.0,1.122976,0.734109,MYS,NLD,843039
9200430,159,162,8941,2018,0.0,60469.0,-1.8238,-1.259938,NGA,NLD,843039
9200431,163,162,8941,2018,0.0,386652.0,0.681639,0.021762,NOR,NLD,843039
9200432,168,162,8941,2018,0.0,17100.0,-0.64348,0.665045,PAK,NLD,843039
9200433,173,162,8941,2018,0.0,10961.0,-0.6673060000000001,-0.183315,PER,NLD,843039
9200434,177,162,8941,2018,213088.0,0.0,1.132475,1.258945,POL,NLD,843039
9200435,179,162,8941,2018,0.0,228535.0,0.652628,2.211758,PRT,NLD,843039
9200436,183,162,8941,2018,0.0,53023.0,-0.068401,-1.014732,QAT,NLD,843039
9200437,186,162,8941,2018,0.0,218808.0,0.21398000000000003,0.100414,RUS,NLD,843039
9200438,188,162,8941,2018,0.0,2209.0,0.5801810000000001,-0.447514,SAU,NLD,843039
9200439,190,162,8941,2018,0.0,42916.0,-1.278532,-1.176008,SDN,NLD,843039
9200440,192,162,8941,2018,0.0,15981.0,1.914132,0.652011,SGP,NLD,843039
9200441,201,162,8941,2018,0.0,11429.0,0.607486,1.2139389999999999,SRB,NLD,843039
9200442,205,162,8941,2018,0.0,20129.0,-0.798074,-1.023046,SUR,NLD,843039
9200443,208,162,8941,2018,0.0,93553.0,1.76361,0.766904,SWE,NLD,843039
9200444,212,162,8941,2018,0.0,2008.0,-0.6836760000000001,0.554563,SYR,NLD,843039
9200445,215,162,8941,2018,0.0,6150.0,-0.685084,-0.773437,TGO,NLD,843039
9200446,224,162,8941,2018,0.0,169210.0,0.518721,2.5581419999999997,TUR,NLD,843039
9200447,228,162,8941,2018,0.0,25547.0,0.337296,0.758675,UKR,NLD,843039
9200448,230,162,8941,2018,0.0,30843.0,-0.02056,-0.38911,URY,NLD,843039
9200449,231,162,8941,2018,3570110.0,72554.0,1.585861,0.44815900000000003,USA,NLD,843039
9200450,234,162,8941,2018,0.0,15263.0,-0.274831,-0.603525,VCT,NLD,843039
9200451,239,162,8941,2018,0.0,32257.0,0.003069,0.9169729999999999,VNM,NLD,843039
9200452,249,162,8941,2018,0.0,30763.0,2.0462540000000002,1.166636,TWN,NLD,843039
9200453,2,163,8941,2018,0.0,3296.0,-1.489191,-1.213992,AGO,NOR,843039
9200454,15,163,8941,2018,485957.0,0.0,1.774488,-0.21117800000000003,AUT,NOR,843039
9200455,43,163,8941,2018,32527.0,38550.0,1.200689,1.2822,CHN,NOR,843039
9200456,61,163,8941,2018,1197802.0,1441901.0,2.109059,-2.428826,DEU,NOR,843039
9200457,64,163,8941,2018,21121.0,12986.0,1.0945040000000001,1.3311540000000002,DNK,NOR,843039
9200458,74,163,8941,2018,7591.0,0.0,1.61151,0.9474549999999999,FIN,NOR,843039
9200459,111,163,8941,2018,21342.0,0.0,1.3602530000000002,0.453607,ITA,NOR,843039
9200460,130,163,8941,2018,0.0,12111.0,0.964249,1.4050200000000002,LTU,NOR,843039
9200461,162,163,8941,2018,386652.0,0.0,1.1478899999999999,1.454758,NLD,NOR,843039
9200462,208,163,8941,2018,82745.0,20723.0,1.76361,0.766904,SWE,NOR,843039
9200463,14,166,8941,2018,89711.0,19080.0,-0.29687199999999997,-0.123116,AUS,NZL,843039
9200464,61,166,8941,2018,46196.0,0.0,2.109059,-2.428826,DEU,NZL,843039
9200465,75,166,8941,2018,0.0,4858.0,-0.269185,0.006362,FJI,NZL,843039
9200466,111,166,8941,2018,1944.0,0.0,1.3602530000000002,0.453607,ITA,NZL,843039
9200467,114,166,8941,2018,28515.0,0.0,2.514533,-0.416074,JPN,NZL,843039
9200468,231,166,8941,2018,0.0,49838.0,1.585861,0.44815900000000003,USA,NZL,843039
9200469,65,169,8941,2018,0.0,36872.0,-0.084258,0.474872,DOM,PAN,843039
9200470,110,169,8941,2018,99000.0,0.0,1.355071,0.872822,ISR,PAN,843039
9200471,192,169,8941,2018,0.0,60536.0,1.914132,0.652011,SGP,PAN,843039
9200472,231,169,8941,2018,37313.0,0.0,1.585861,0.44815900000000003,USA,PAN,843039
9200473,14,173,8941,2018,143914.0,0.0,-0.29687199999999997,-0.123116,AUS,PER,843039
9200474,32,173,8941,2018,2388.0,0.0,0.143397,0.582092,BRA,PER,843039
9200475,39,173,8941,2018,430361.0,0.0,0.666822,1.218593,CAN,PER,843039
9200476,42,173,8941,2018,0.0,469307.0,-0.37677,-0.49605299999999997,CHL,PER,843039
9200477,43,173,8941,2018,546755.0,3175.0,1.200689,1.2822,CHN,PER,843039
9200478,49,173,8941,2018,0.0,13465.0,0.20431,-0.15273699999999998,COL,PER,843039
9200479,74,173,8941,2018,6415.0,0.0,1.61151,0.9474549999999999,FIN,PER,843039
9200480,77,173,8941,2018,473819.0,0.0,1.420819,0.7793770000000001,FRA,PER,843039
9200481,114,173,8941,2018,24472.0,0.0,2.514533,-0.416074,JPN,PER,843039
9200482,121,173,8941,2018,18004.0,0.0,2.093866,0.764303,KOR,PER,843039
9200483,162,173,8941,2018,10961.0,0.0,1.1478899999999999,1.454758,NLD,PER,843039
9200484,231,173,8941,2018,494939.0,0.0,1.585861,0.44815900000000003,USA,PER,843039
9200485,7,174,8941,2018,322731.0,0.0,0.11804400000000001,-0.326851,ARE,PHL,843039
9200486,14,174,8941,2018,85154.0,30047.0,-0.29687199999999997,-0.123116,AUS,PHL,843039
9200487,39,174,8941,2018,1287491.0,0.0,0.666822,1.218593,CAN,PHL,843039
9200488,43,174,8941,2018,553441.0,1272387.0,1.200689,1.2822,CHN,PHL,843039
9200489,61,174,8941,2018,802706.0,84837.0,2.109059,-2.428826,DEU,PHL,843039
9200490,97,174,8941,2018,19958.0,0.0,0.843677,1.656073,HKG,PHL,843039
9200491,104,174,8941,2018,0.0,2694.0,0.526015,2.448112,IND,PHL,843039
9200492,114,174,8941,2018,1955096.0,0.0,2.514533,-0.416074,JPN,PHL,843039
9200493,121,174,8941,2018,10957.0,0.0,2.093866,0.764303,KOR,PHL,843039
9200494,122,174,8941,2018,0.0,1706.0,-0.668802,-1.154012,KWT,PHL,843039
9200495,138,174,8941,2018,0.0,1544.0,1.00061,0.585759,MEX,PHL,843039
9200496,143,174,8941,2018,11595.0,79529.0,-0.936467,-0.223413,MMR,PHL,843039
9200497,153,174,8941,2018,53003.0,0.0,1.122976,0.734109,MYS,PHL,843039
9200498,177,174,8941,2018,0.0,796.0,1.132475,1.258945,POL,PHL,843039
9200499,192,174,8941,2018,37697.0,0.0,1.914132,0.652011,SGP,PHL,843039
9200500,216,174,8941,2018,90248.0,0.0,1.053177,1.4084969999999999,THA,PHL,843039
9200501,231,174,8941,2018,11370.0,31833.0,1.585861,0.44815900000000003,USA,PHL,843039
9200502,246,174,8941,2018,0.0,10495.0,0.158722,1.394829,ZAF,PHL,843039
9200503,249,174,8941,2018,3611.0,0.0,2.0462540000000002,1.166636,TWN,PHL,843039
9200504,14,177,8941,2018,0.0,27971.0,-0.29687199999999997,-0.123116,AUS,POL,843039
9200505,15,177,8941,2018,43578.0,1592.0,1.774488,-0.21117800000000003,AUT,POL,843039
9200506,18,177,8941,2018,10030.0,3056.0,1.270641,1.201063,BEL,POL,843039
9200507,23,177,8941,2018,0.0,14803.0,0.571226,1.836856,BGR,POL,843039
9200508,28,177,8941,2018,0.0,86253.0,0.850089,0.8332870000000001,BLR,POL,843039
9200509,43,177,8941,2018,25906.0,0.0,1.200689,1.2822,CHN,POL,843039
9200510,59,177,8941,2018,170283.0,35072.0,1.841016,0.220806,CZE,POL,843039
9200511,61,177,8941,2018,6250428.0,27091.0,2.109059,-2.428826,DEU,POL,843039
9200512,68,177,8941,2018,0.0,26583.0,-0.096635,1.585658,EGY,POL,843039
9200513,74,177,8941,2018,79962.0,0.0,1.61151,0.9474549999999999,FIN,POL,843039
9200514,77,177,8941,2018,4467.0,0.0,1.420819,0.7793770000000001,FRA,POL,843039
9200515,81,177,8941,2018,46687.0,5586.0,1.693008,0.768159,GBR,POL,843039
9200516,107,177,8941,2018,815226.0,0.0,-0.389954,-0.258156,IRN,POL,843039
9200517,111,177,8941,2018,219344.0,0.0,1.3602530000000002,0.453607,ITA,POL,843039
9200518,115,177,8941,2018,0.0,1474322.0,-0.483862,-0.667417,KAZ,POL,843039
9200519,130,177,8941,2018,0.0,77635.0,0.964249,1.4050200000000002,LTU,POL,843039
9200520,135,177,8941,2018,0.0,9403.0,-0.358412,-0.271334,MDA,POL,843039
9200521,138,177,8941,2018,0.0,298528.0,1.00061,0.585759,MEX,POL,843039
9200522,162,177,8941,2018,0.0,213088.0,1.1478899999999999,1.454758,NLD,POL,843039
9200523,174,177,8941,2018,796.0,0.0,0.781409,0.22126700000000002,PHL,POL,843039
9200524,186,177,8941,2018,0.0,2759132.0,0.21398000000000003,0.100414,RUS,POL,843039
9200525,208,177,8941,2018,149679.0,1008.0,1.76361,0.766904,SWE,POL,843039
9200526,230,177,8941,2018,0.0,5434.0,-0.02056,-0.38911,URY,POL,843039
9200527,231,177,8941,2018,0.0,15209.0,1.585861,0.44815900000000003,USA,POL,843039
9200528,232,177,8941,2018,0.0,951749.0,-0.591547,-0.429982,UZB,POL,843039
9200529,15,179,8941,2018,89237.0,0.0,1.774488,-0.21117800000000003,AUT,PRT,843039
9200530,18,179,8941,2018,32217.0,0.0,1.270641,1.201063,BEL,PRT,843039
9200531,43,179,8941,2018,3930.0,0.0,1.200689,1.2822,CHN,PRT,843039
9200532,61,179,8941,2018,90398.0,0.0,2.109059,-2.428826,DEU,PRT,843039
9200533,71,179,8941,2018,76523.0,51493.0,0.744825,2.919005,ESP,PRT,843039
9200534,77,179,8941,2018,0.0,48727.0,1.420819,0.7793770000000001,FRA,PRT,843039
9200535,81,179,8941,2018,23388.0,0.0,1.693008,0.768159,GBR,PRT,843039
9200536,111,179,8941,2018,297691.0,294792.0,1.3602530000000002,0.453607,ITA,PRT,843039
9200537,121,179,8941,2018,48301.0,0.0,2.093866,0.764303,KOR,PRT,843039
9200538,147,179,8941,2018,6450.0,0.0,-1.380023,-1.027817,MOZ,PRT,843039
9200539,162,179,8941,2018,228535.0,0.0,1.1478899999999999,1.454758,NLD,PRT,843039
9200540,208,179,8941,2018,1863232.0,0.0,1.76361,0.766904,SWE,PRT,843039
9200541,32,180,8941,2018,9817.0,0.0,0.143397,0.582092,BRA,PRY,843039
9200542,231,180,8941,2018,105972.0,0.0,1.585861,0.44815900000000003,USA,PRY,843039
9200543,7,188,8941,2018,21742.0,66158.0,0.11804400000000001,-0.326851,ARE,SAU,843039
9200544,14,188,8941,2018,43445.0,0.0,-0.29687199999999997,-0.123116,AUS,SAU,843039
9200545,15,188,8941,2018,39214.0,0.0,1.774488,-0.21117800000000003,AUT,SAU,843039
9200546,18,188,8941,2018,11823.0,0.0,1.270641,1.201063,BEL,SAU,843039
9200547,24,188,8941,2018,19344.0,81717.0,0.318352,-0.69221,BHR,SAU,843039
9200548,39,188,8941,2018,5168.0,0.0,0.666822,1.218593,CAN,SAU,843039
9200549,43,188,8941,2018,379132.0,0.0,1.200689,1.2822,CHN,SAU,843039
9200550,61,188,8941,2018,16487576.0,0.0,2.109059,-2.428826,DEU,SAU,843039
9200551,68,188,8941,2018,0.0,828323.0,-0.096635,1.585658,EGY,SAU,843039
9200552,71,188,8941,2018,0.0,81996.0,0.744825,2.919005,ESP,SAU,843039
9200553,81,188,8941,2018,461548.0,0.0,1.693008,0.768159,GBR,SAU,843039
9200554,111,188,8941,2018,499013.0,0.0,1.3602530000000002,0.453607,ITA,SAU,843039
9200555,113,188,8941,2018,8533.0,3209.0,-0.086895,0.283829,JOR,SAU,843039
9200556,121,188,8941,2018,36336.0,0.0,2.093866,0.764303,KOR,SAU,843039
9200557,122,188,8941,2018,0.0,24636.0,-0.668802,-1.154012,KWT,SAU,843039
9200558,125,188,8941,2018,0.0,6666.0,-1.022881,-1.124718,LBR,SAU,843039
9200559,162,188,8941,2018,2209.0,0.0,1.1478899999999999,1.454758,NLD,SAU,843039
9200560,167,188,8941,2018,0.0,143491.0,-0.548048,-0.9972989999999999,OMN,SAU,843039
9200561,226,188,8941,2018,0.0,34401.0,-0.09850700000000001,1.145606,TZA,SAU,843039
9200562,231,188,8941,2018,71347.0,58081.0,1.585861,0.44815900000000003,USA,SAU,843039
9200563,243,188,8941,2018,0.0,21922.0,-1.3332899999999999,-1.200589,YEM,SAU,843039
9200564,249,188,8941,2018,8281.0,0.0,2.0462540000000002,1.166636,TWN,SAU,843039
9200565,7,190,8941,2018,60442.0,0.0,0.11804400000000001,-0.326851,ARE,SDN,843039
9200566,39,190,8941,2018,646.0,0.0,0.666822,1.218593,CAN,SDN,843039
9200567,43,190,8941,2018,18667.0,0.0,1.200689,1.2822,CHN,SDN,843039
9200568,68,190,8941,2018,3755.0,0.0,-0.096635,1.585658,EGY,SDN,843039
9200569,73,190,8941,2018,0.0,6784.0,-0.874857,-0.464958,ETH,SDN,843039
9200570,74,190,8941,2018,355662.0,0.0,1.61151,0.9474549999999999,FIN,SDN,843039
9200571,121,190,8941,2018,772112.0,0.0,2.093866,0.764303,KOR,SDN,843039
9200572,162,190,8941,2018,42916.0,0.0,1.1478899999999999,1.454758,NLD,SDN,843039
9200573,7,192,8941,2018,108067.0,0.0,0.11804400000000001,-0.326851,ARE,SGP,843039
9200574,14,192,8941,2018,305364.0,0.0,-0.29687199999999997,-0.123116,AUS,SGP,843039
9200575,22,192,8941,2018,0.0,455674.0,-0.899467,-0.9823719999999999,BGD,SGP,843039
9200576,34,192,8941,2018,0.0,1233.0,0.562198,-0.774457,BRN,SGP,843039
9200577,39,192,8941,2018,0.0,75886.0,0.666822,1.218593,CAN,SGP,843039
9200578,43,192,8941,2018,1196136.0,1632306.0,1.200689,1.2822,CHN,SGP,843039
9200579,61,192,8941,2018,26575.0,4995298.0,2.109059,-2.428826,DEU,SGP,843039
9200580,74,192,8941,2018,11018.0,0.0,1.61151,0.9474549999999999,FIN,SGP,843039
9200581,81,192,8941,2018,87853.0,0.0,1.693008,0.768159,GBR,SGP,843039
9200582,90,192,8941,2018,251392.0,0.0,0.059539999999999996,1.0321879999999999,GRC,SGP,843039
9200583,103,192,8941,2018,121569.0,1299337.0,-0.10130499999999999,1.2414209999999999,IDN,SGP,843039
9200584,111,192,8941,2018,139028.0,0.0,1.3602530000000002,0.453607,ITA,SGP,843039
9200585,114,192,8941,2018,1896366.0,0.0,2.514533,-0.416074,JPN,SGP,843039
9200586,121,192,8941,2018,9783.0,116856.0,2.093866,0.764303,KOR,SGP,843039
9200587,153,192,8941,2018,372988.0,171700.0,1.122976,0.734109,MYS,SGP,843039
9200588,162,192,8941,2018,15981.0,0.0,1.1478899999999999,1.454758,NLD,SGP,843039
9200589,164,192,8941,2018,0.0,9143.0,-0.252837,0.999258,NPL,SGP,843039
9200590,168,192,8941,2018,0.0,1100.0,-0.64348,0.665045,PAK,SGP,843039
9200591,169,192,8941,2018,60536.0,0.0,0.104326,-0.11611800000000001,PAN,SGP,843039
9200592,174,192,8941,2018,0.0,37697.0,0.781409,0.22126700000000002,PHL,SGP,843039
9200593,183,192,8941,2018,0.0,110597.0,-0.068401,-1.014732,QAT,SGP,843039
9200594,216,192,8941,2018,0.0,388988.0,1.053177,1.4084969999999999,THA,SGP,843039
9200595,231,192,8941,2018,27989.0,3809.0,1.585861,0.44815900000000003,USA,SGP,843039
9200596,239,192,8941,2018,0.0,13717.0,0.003069,0.9169729999999999,VNM,SGP,843039
9200597,240,192,8941,2018,0.0,1601.0,-1.595495,-1.026155,VUT,SGP,843039
9200598,246,192,8941,2018,0.0,16341.0,0.158722,1.394829,ZAF,SGP,843039
9200599,249,192,8941,2018,1066690.0,0.0,2.0462540000000002,1.166636,TWN,SGP,843039
9200600,32,197,8941,2018,81388.0,0.0,0.143397,0.582092,BRA,SLV,843039
9200601,93,197,8941,2018,0.0,13890.0,-0.362668,0.520826,GTM,SLV,843039
9200602,104,197,8941,2018,37523.0,0.0,0.526015,2.448112,IND,SLV,843039
9200603,111,197,8941,2018,56082.0,0.0,1.3602530000000002,0.453607,ITA,SLV,843039
9200604,160,197,8941,2018,14976.0,0.0,-0.887282,-0.827008,NIC,SLV,843039
9200605,231,197,8941,2018,138932.0,0.0,1.585861,0.44815900000000003,USA,SLV,843039
9200606,43,205,8941,2018,1233.0,0.0,1.200689,1.2822,CHN,SUR,843039
9200607,162,205,8941,2018,20129.0,0.0,1.1478899999999999,1.454758,NLD,SUR,843039
9200608,231,205,8941,2018,3453034.0,0.0,1.585861,0.44815900000000003,USA,SUR,843039
9200609,15,206,8941,2018,126569.0,0.0,1.774488,-0.21117800000000003,AUT,SVK,843039
9200610,42,206,8941,2018,0.0,16524.0,-0.37677,-0.49605299999999997,CHL,SVK,843039
9200611,59,206,8941,2018,27314.0,17388.0,1.841016,0.220806,CZE,SVK,843039
9200612,61,206,8941,2018,229304.0,0.0,2.109059,-2.428826,DEU,SVK,843039
9200613,102,206,8941,2018,0.0,73864.0,1.519662,0.833092,HUN,SVK,843039
9200614,111,206,8941,2018,99195.0,0.0,1.3602530000000002,0.453607,ITA,SVK,843039
9200615,122,206,8941,2018,0.0,5306.0,-0.668802,-1.154012,KWT,SVK,843039
9200616,14,207,8941,2018,41678.0,0.0,-0.29687199999999997,-0.123116,AUS,SVN,843039
9200617,15,207,8941,2018,149919.0,0.0,1.774488,-0.21117800000000003,AUT,SVN,843039
9200618,61,207,8941,2018,0.0,7036.0,2.109059,-2.428826,DEU,SVN,843039
9200619,77,207,8941,2018,9337.0,0.0,1.420819,0.7793770000000001,FRA,SVN,843039
9200620,81,207,8941,2018,3949.0,0.0,1.693008,0.768159,GBR,SVN,843039
9200621,100,207,8941,2018,1555.0,0.0,0.7923720000000001,1.4047209999999999,HRV,SVN,843039
9200622,111,207,8941,2018,64310.0,5931.0,1.3602530000000002,0.453607,ITA,SVN,843039
9200623,144,207,8941,2018,0.0,97771.0,0.332495,0.124258,MNE,SVN,843039
9200624,187,207,8941,2018,0.0,9488.0,-0.618925,-0.788172,RWA,SVN,843039
9200625,15,208,8941,2018,66724.0,0.0,1.774488,-0.21117800000000003,AUT,SWE,843039
9200626,18,208,8941,2018,14720.0,0.0,1.270641,1.201063,BEL,SWE,843039
9200627,39,208,8941,2018,615765.0,1010643.0,0.666822,1.218593,CAN,SWE,843039
9200628,41,208,8941,2018,0.0,24339.0,2.2324330000000003,0.7801560000000001,CHE,SWE,843039
9200629,43,208,8941,2018,5641.0,9289.0,1.200689,1.2822,CHN,SWE,843039
9200630,61,208,8941,2018,3780204.0,0.0,2.109059,-2.428826,DEU,SWE,843039
9200631,64,208,8941,2018,2320.0,13228.0,1.0945040000000001,1.3311540000000002,DNK,SWE,843039
9200632,68,208,8941,2018,0.0,2888.0,-0.096635,1.585658,EGY,SWE,843039
9200633,74,208,8941,2018,9474.0,398647.0,1.61151,0.9474549999999999,FIN,SWE,843039
9200634,81,208,8941,2018,15937.0,0.0,1.693008,0.768159,GBR,SWE,843039
9200635,102,208,8941,2018,995203.0,0.0,1.519662,0.833092,HUN,SWE,843039
9200636,104,208,8941,2018,0.0,1487.0,0.526015,2.448112,IND,SWE,843039
9200637,111,208,8941,2018,247609.0,1876.0,1.3602530000000002,0.453607,ITA,SWE,843039
9200638,114,208,8941,2018,44144.0,0.0,2.514533,-0.416074,JPN,SWE,843039
9200639,121,208,8941,2018,6137.0,0.0,2.093866,0.764303,KOR,SWE,843039
9200640,124,208,8941,2018,0.0,6553.0,0.270554,0.9995149999999999,LBN,SWE,843039
9200641,130,208,8941,2018,3707.0,0.0,0.964249,1.4050200000000002,LTU,SWE,843039
9200642,162,208,8941,2018,93553.0,0.0,1.1478899999999999,1.454758,NLD,SWE,843039
9200643,163,208,8941,2018,20723.0,82745.0,0.681639,0.021762,NOR,SWE,843039
9200644,177,208,8941,2018,1008.0,149679.0,1.132475,1.258945,POL,SWE,843039
9200645,179,208,8941,2018,0.0,1863232.0,0.652628,2.211758,PRT,SWE,843039
9200646,186,208,8941,2018,0.0,1288469.0,0.21398000000000003,0.100414,RUS,SWE,843039
9200647,216,208,8941,2018,0.0,225888.0,1.053177,1.4084969999999999,THA,SWE,843039
9200648,231,208,8941,2018,131985.0,1512588.0,1.585861,0.44815900000000003,USA,SWE,843039
9200649,14,216,8941,2018,15589.0,0.0,-0.29687199999999997,-0.123116,AUS,THA,843039
9200650,43,216,8941,2018,1228852.0,0.0,1.200689,1.2822,CHN,THA,843039
9200651,61,216,8941,2018,408426.0,0.0,2.109059,-2.428826,DEU,THA,843039
9200652,77,216,8941,2018,8849.0,0.0,1.420819,0.7793770000000001,FRA,THA,843039
9200653,97,216,8941,2018,490017.0,2525458.0,0.843677,1.656073,HKG,THA,843039
9200654,103,216,8941,2018,21132.0,0.0,-0.10130499999999999,1.2414209999999999,IDN,THA,843039
9200655,114,216,8941,2018,962834.0,351661.0,2.514533,-0.416074,JPN,THA,843039
9200656,116,216,8941,2018,0.0,10824.0,-0.32707800000000004,0.71009,KEN,THA,843039
9200657,118,216,8941,2018,0.0,19441.0,-0.45740299999999995,-0.575966,KHM,THA,843039
9200658,121,216,8941,2018,147242.0,0.0,2.093866,0.764303,KOR,THA,843039
9200659,123,216,8941,2018,0.0,134211.0,-0.788808,-0.8012670000000001,LAO,THA,843039
9200660,143,216,8941,2018,0.0,75896.0,-0.936467,-0.223413,MMR,THA,843039
9200661,153,216,8941,2018,1453837.0,0.0,1.122976,0.734109,MYS,THA,843039
9200662,174,216,8941,2018,0.0,90248.0,0.781409,0.22126700000000002,PHL,THA,843039
9200663,183,216,8941,2018,0.0,341062.0,-0.068401,-1.014732,QAT,THA,843039
9200664,192,216,8941,2018,388988.0,0.0,1.914132,0.652011,SGP,THA,843039
9200665,208,216,8941,2018,225888.0,0.0,1.76361,0.766904,SWE,THA,843039
9200666,227,216,8941,2018,0.0,369.0,-0.621049,-0.061448,UGA,THA,843039
9200667,231,216,8941,2018,5241.0,0.0,1.585861,0.44815900000000003,USA,THA,843039
9200668,239,216,8941,2018,57213.0,14643.0,0.003069,0.9169729999999999,VNM,THA,843039
9200669,96,222,8941,2018,0.0,231850.0,-0.841458,-0.9803280000000001,GUY,TTO,843039
9200670,231,222,8941,2018,15000.0,0.0,1.585861,0.44815900000000003,USA,TTO,843039
9200671,14,224,8941,2018,12058.0,0.0,-0.29687199999999997,-0.123116,AUS,TUR,843039
9200672,24,224,8941,2018,0.0,2944.0,0.318352,-0.69221,BHR,TUR,843039
9200673,43,224,8941,2018,115002.0,0.0,1.200689,1.2822,CHN,TUR,843039
9200674,61,224,8941,2018,17822506.0,0.0,2.109059,-2.428826,DEU,TUR,843039
9200675,68,224,8941,2018,0.0,32847.0,-0.096635,1.585658,EGY,TUR,843039
9200676,74,224,8941,2018,89644.0,0.0,1.61151,0.9474549999999999,FIN,TUR,843039
9200677,117,224,8941,2018,0.0,14003.0,-0.141491,0.33161,KGZ,TUR,843039
9200678,140,224,8941,2018,0.0,20627.0,0.079976,-0.20256,MKD,TUR,843039
9200679,162,224,8941,2018,169210.0,0.0,1.1478899999999999,1.454758,NLD,TUR,843039
9200680,43,230,8941,2018,3976.0,0.0,1.200689,1.2822,CHN,URY,843039
9200681,162,230,8941,2018,30843.0,0.0,1.1478899999999999,1.454758,NLD,URY,843039
9200682,177,230,8941,2018,5434.0,0.0,1.132475,1.258945,POL,URY,843039
9200683,7,231,8941,2018,0.0,40660.0,0.11804400000000001,-0.326851,ARE,USA,843039
9200684,8,231,8941,2018,0.0,218764.0,-0.14316800000000002,0.14356,ARG,USA,843039
9200685,14,231,8941,2018,44764.0,645046.0,-0.29687199999999997,-0.123116,AUS,USA,843039
9200686,15,231,8941,2018,254114.0,0.0,1.774488,-0.21117800000000003,AUT,USA,843039
9200687,18,231,8941,2018,2935057.0,416702.0,1.270641,1.201063,BEL,USA,843039
9200688,22,231,8941,2018,0.0,40370.0,-0.899467,-0.9823719999999999,BGD,USA,843039
9200689,23,231,8941,2018,0.0,7893.0,0.571226,1.836856,BGR,USA,843039
9200690,25,231,8941,2018,9396.0,84615.0,0.532998,-0.394906,BHS,USA,843039
9200691,30,231,8941,2018,0.0,53240.0,0.42484399999999994,-0.70587,BMU,USA,843039
9200692,32,231,8941,2018,82954.0,371142.0,0.143397,0.582092,BRA,USA,843039
9200693,33,231,8941,2018,0.0,1550.0,0.487166,-0.129388,BRB,USA,843039
9200694,39,231,8941,2018,2099778.0,8937380.0,0.666822,1.218593,CAN,USA,843039
9200695,41,231,8941,2018,170597.0,54000.0,2.2324330000000003,0.7801560000000001,CHE,USA,843039
9200696,42,231,8941,2018,0.0,476042.0,-0.37677,-0.49605299999999997,CHL,USA,843039
9200697,43,231,8941,2018,2659028.0,876519.0,1.200689,1.2822,CHN,USA,843039
9200698,46,231,8941,2018,0.0,53697.0,-1.743034,-1.20446,COD,USA,843039
9200699,49,231,8941,2018,0.0,158663.0,0.20431,-0.15273699999999998,COL,USA,843039
9200700,58,231,8941,2018,0.0,14535.0,0.45442,-0.113303,CYP,USA,843039
9200701,59,231,8941,2018,0.0,17382.0,1.841016,0.220806,CZE,USA,843039
9200702,61,231,8941,2018,77918008.0,1943390.0,2.109059,-2.428826,DEU,USA,843039
9200703,65,231,8941,2018,0.0,50213.0,-0.084258,0.474872,DOM,USA,843039
9200704,68,231,8941,2018,0.0,216198.0,-0.096635,1.585658,EGY,USA,843039
9200705,72,231,8941,2018,0.0,201138.0,0.979986,1.2365899999999999,EST,USA,843039
9200706,74,231,8941,2018,6053438.0,0.0,1.61151,0.9474549999999999,FIN,USA,843039
9200707,77,231,8941,2018,3515844.0,90694.0,1.420819,0.7793770000000001,FRA,USA,843039
9200708,81,231,8941,2018,96542.0,74098.0,1.693008,0.768159,GBR,USA,843039
9200709,82,231,8941,2018,35328.0,0.0,-0.049871,-0.28439899999999996,GEO,USA,843039
9200710,91,231,8941,2018,0.0,1978.0,0.28333800000000003,-0.40042,GRD,USA,843039
9200711,93,231,8941,2018,0.0,6738.0,-0.362668,0.520826,GTM,USA,843039
9200712,96,231,8941,2018,0.0,14943.0,-0.841458,-0.9803280000000001,GUY,USA,843039
9200713,99,231,8941,2018,0.0,14413.0,-0.523738,-0.193198,HND,USA,843039
9200714,103,231,8941,2018,0.0,140252.0,-0.10130499999999999,1.2414209999999999,IDN,USA,843039
9200715,104,231,8941,2018,103099.0,125701.0,0.526015,2.448112,IND,USA,843039
9200716,106,231,8941,2018,0.0,9553.0,1.262419,0.013576,IRL,USA,843039
9200717,110,231,8941,2018,0.0,142661.0,1.355071,0.872822,ISR,USA,843039
9200718,111,231,8941,2018,13833298.0,0.0,1.3602530000000002,0.453607,ITA,USA,843039
9200719,112,231,8941,2018,0.0,93661.0,-0.339328,-0.8756659999999999,JAM,USA,843039
9200720,114,231,8941,2018,2939369.0,301955.0,2.514533,-0.416074,JPN,USA,843039
9200721,121,231,8941,2018,4983639.0,0.0,2.093866,0.764303,KOR,USA,843039
9200722,122,231,8941,2018,0.0,6149.0,-0.668802,-1.154012,KWT,USA,843039
9200723,124,231,8941,2018,0.0,241248.0,0.270554,0.9995149999999999,LBN,USA,843039
9200724,136,231,8941,2018,0.0,642880.0,-1.2144549999999998,-0.748326,MDG,USA,843039
9200725,138,231,8941,2018,0.0,526458.0,1.00061,0.585759,MEX,USA,843039
9200726,157,231,8941,2018,0.0,55017.0,-0.633115,-0.839564,NER,USA,843039
9200727,159,231,8941,2018,0.0,140623.0,-1.8238,-1.259938,NGA,USA,843039
9200728,160,231,8941,2018,0.0,26739.0,-0.887282,-0.827008,NIC,USA,843039
9200729,162,231,8941,2018,72554.0,3570110.0,1.1478899999999999,1.454758,NLD,USA,843039
9200730,166,231,8941,2018,49838.0,0.0,0.21902600000000003,0.148714,NZL,USA,843039
9200731,169,231,8941,2018,0.0,37313.0,0.104326,-0.11611800000000001,PAN,USA,843039
9200732,173,231,8941,2018,0.0,494939.0,-0.6673060000000001,-0.183315,PER,USA,843039
9200733,174,231,8941,2018,31833.0,11370.0,0.781409,0.22126700000000002,PHL,USA,843039
9200734,177,231,8941,2018,15209.0,0.0,1.132475,1.258945,POL,USA,843039
9200735,180,231,8941,2018,0.0,105972.0,-0.614751,-0.952478,PRY,USA,843039
9200736,185,231,8941,2018,1998.0,0.0,1.050715,1.04471,ROU,USA,843039
9200737,186,231,8941,2018,0.0,1990178.0,0.21398000000000003,0.100414,RUS,USA,843039
9200738,188,231,8941,2018,58081.0,71347.0,0.5801810000000001,-0.447514,SAU,USA,843039
9200739,192,231,8941,2018,3809.0,27989.0,1.914132,0.652011,SGP,USA,843039
9200740,197,231,8941,2018,0.0,138932.0,0.073928,0.22548600000000002,SLV,USA,843039
9200741,205,231,8941,2018,0.0,3453034.0,-0.798074,-1.023046,SUR,USA,843039
9200742,208,231,8941,2018,1512588.0,131985.0,1.76361,0.766904,SWE,USA,843039
9200743,216,231,8941,2018,0.0,5241.0,1.053177,1.4084969999999999,THA,USA,843039
9200744,222,231,8941,2018,0.0,15000.0,-0.281617,-1.009652,TTO,USA,843039
9200745,234,231,8941,2018,0.0,1376.0,-0.274831,-0.603525,VCT,USA,843039
9200746,239,231,8941,2018,0.0,2556.0,0.003069,0.9169729999999999,VNM,USA,843039
9200747,246,231,8941,2018,0.0,49030.0,0.158722,1.394829,ZAF,USA,843039
9200748,14,246,8941,2018,937243.0,0.0,-0.29687199999999997,-0.123116,AUS,ZAF,843039
9200749,18,246,8941,2018,0.0,73504.0,1.270641,1.201063,BEL,ZAF,843039
9200750,37,246,8941,2018,237652.0,281622.0,-0.8339610000000001,-1.184307,BWA,ZAF,843039
9200751,39,246,8941,2018,283399.0,27030.0,0.666822,1.218593,CAN,ZAF,843039
9200752,43,246,8941,2018,678492.0,128643.0,1.200689,1.2822,CHN,ZAF,843039
9200753,46,246,8941,2018,0.0,135136.0,-1.743034,-1.20446,COD,ZAF,843039
9200754,61,246,8941,2018,257510.0,0.0,2.109059,-2.428826,DEU,ZAF,843039
9200755,67,246,8941,2018,0.0,24852.0,-0.873973,-1.032841,ECU,ZAF,843039
9200756,68,246,8941,2018,0.0,2745.0,-0.096635,1.585658,EGY,ZAF,843039
9200757,71,246,8941,2018,0.0,193138.0,0.744825,2.919005,ESP,ZAF,843039
9200758,74,246,8941,2018,67448.0,0.0,1.61151,0.9474549999999999,FIN,ZAF,843039
9200759,83,246,8941,2018,0.0,110244.0,-0.956109,-0.861556,GHA,ZAF,843039
9200760,114,246,8941,2018,60982.0,0.0,2.514533,-0.416074,JPN,ZAF,843039
9200761,116,246,8941,2018,960.0,0.0,-0.32707800000000004,0.71009,KEN,ZAF,843039
9200762,121,246,8941,2018,278199.0,0.0,2.093866,0.764303,KOR,ZAF,843039
9200763,129,246,8941,2018,60870.0,60791.0,-0.413303,-0.46411899999999995,LSO,ZAF,843039
9200764,147,246,8941,2018,0.0,109922.0,-1.380023,-1.027817,MOZ,ZAF,843039
9200765,155,246,8941,2018,30934.0,84077.0,-0.668091,-0.779938,NAM,ZAF,843039
9200766,159,246,8941,2018,0.0,1529.0,-1.8238,-1.259938,NGA,ZAF,843039
9200767,174,246,8941,2018,10495.0,0.0,0.781409,0.22126700000000002,PHL,ZAF,843039
9200768,192,246,8941,2018,16341.0,0.0,1.914132,0.652011,SGP,ZAF,843039
9200769,209,246,8941,2018,0.0,36338.0,-0.008154999999999999,-0.6079319999999999,SWZ,ZAF,843039
9200770,231,246,8941,2018,49030.0,0.0,1.585861,0.44815900000000003,USA,ZAF,843039
9200771,247,246,8941,2018,0.0,138717.0,-0.736064,-0.93958,ZMB,ZAF,843039
9200772,248,246,8941,2018,0.0,12980.0,-1.181524,-1.0648520000000001,ZWE,ZAF,843039
9200773,250,246,8941,2018,1320.0,0.0,0.809991,-0.368737,ANS,ZAF,843039
9200774,43,249,8941,2018,313552.0,56300.0,1.200689,1.2822,CHN,TWN,843039
9200775,61,249,8941,2018,54407.0,7718.0,2.109059,-2.428826,DEU,TWN,843039
9200776,103,249,8941,2018,0.0,1352.0,-0.10130499999999999,1.2414209999999999,IDN,TWN,843039
9200777,114,249,8941,2018,405066.0,8777.0,2.514533,-0.416074,JPN,TWN,843039
9200778,153,249,8941,2018,0.0,318528.0,1.122976,0.734109,MYS,TWN,843039
9200779,162,249,8941,2018,30763.0,0.0,1.1478899999999999,1.454758,NLD,TWN,843039
9200780,174,249,8941,2018,0.0,3611.0,0.781409,0.22126700000000002,PHL,TWN,843039
9200781,188,249,8941,2018,0.0,8281.0,0.5801810000000001,-0.447514,SAU,TWN,843039
9200782,192,249,8941,2018,0.0,1066690.0,1.914132,0.652011,SGP,TWN,843039
9200783,239,249,8941,2018,0.0,9933.0,0.003069,0.9169729999999999,VNM,TWN,843039
9200784,39,250,8941,2018,0.0,87847.0,0.666822,1.218593,CAN,ANS,843039
9200785,46,250,8941,2018,0.0,3018.0,-1.743034,-1.20446,COD,ANS,843039
9200786,72,250,8941,2018,0.0,2214.0,0.979986,1.2365899999999999,EST,ANS,843039
9200787,123,250,8941,2018,0.0,32984.0,-0.788808,-0.8012670000000001,LAO,ANS,843039
9200788,246,250,8941,2018,0.0,1320.0,0.158722,1.394829,ZAF,ANS,843039
9200789,7,14,8941,2018,0.0,48123.0,0.11804400000000001,-0.326851,ARE,AUS,843039
9200790,18,14,8941,2018,0.0,684487.0,1.270641,1.201063,BEL,AUS,843039
9200791,21,14,8941,2018,0.0,605726.0,-0.8835200000000001,-0.9790620000000001,BFA,AUS,843039
9200792,34,14,8941,2018,0.0,2008.0,0.562198,-0.774457,BRN,AUS,843039
9200793,39,14,8941,2018,222102.0,0.0,0.666822,1.218593,CAN,AUS,843039
9200794,42,14,8941,2018,0.0,972872.0,-0.37677,-0.49605299999999997,CHL,AUS,843039
9200795,43,14,8941,2018,139220.0,80646.0,1.200689,1.2822,CHN,AUS,843039
9200796,44,14,8941,2018,0.0,4017917.0,-0.8733569999999999,-0.8443139999999999,CIV,AUS,843039
9200797,47,14,8941,2018,0.0,5197.0,-1.52875,-1.1869100000000001,COG,AUS,843039
9200798,48,14,8941,2018,0.0,3832.0,0.716123,-0.631445,COK,AUS,843039
9200799,61,14,8941,2018,6748393.0,13607.0,2.109059,-2.428826,DEU,AUS,843039
9200800,69,14,8941,2018,0.0,610444.0,-1.601517,-1.062162,ERI,AUS,843039
9200801,74,14,8941,2018,104443.0,0.0,1.61151,0.9474549999999999,FIN,AUS,843039
9200802,77,14,8941,2018,0.0,310087.0,1.420819,0.7793770000000001,FRA,AUS,843039
9200803,80,14,8941,2018,0.0,43201.0,-1.4979200000000001,-1.180407,GAB,AUS,843039
9200804,81,14,8941,2018,21800.0,0.0,1.693008,0.768159,GBR,AUS,843039
9200805,83,14,8941,2018,0.0,104379.0,-0.956109,-0.861556,GHA,AUS,843039
9200806,97,14,8941,2018,0.0,15336.0,0.843677,1.656073,HKG,AUS,843039
9200807,103,14,8941,2018,0.0,3263.0,-0.10130499999999999,1.2414209999999999,IDN,AUS,843039
9200808,104,14,8941,2018,1508.0,0.0,0.526015,2.448112,IND,AUS,843039
9200809,110,14,8941,2018,0.0,37546.0,1.355071,0.872822,ISR,AUS,843039
9200810,111,14,8941,2018,6700692.0,2051739.0,1.3602530000000002,0.453607,ITA,AUS,843039
9200811,114,14,8941,2018,165265.0,0.0,2.514533,-0.416074,JPN,AUS,843039
9200812,116,14,8941,2018,0.0,774562.0,-0.32707800000000004,0.71009,KEN,AUS,843039
9200813,121,14,8941,2018,217668.0,0.0,2.093866,0.764303,KOR,AUS,843039
9200814,122,14,8941,2018,21994.0,0.0,-0.668802,-1.154012,KWT,AUS,843039
9200815,136,14,8941,2018,0.0,167185.0,-1.2144549999999998,-0.748326,MDG,AUS,843039
9200816,141,14,8941,2018,0.0,61665.0,-0.49666499999999997,-0.7189909999999999,MLI,AUS,843039
9200817,148,14,8941,2018,0.0,2258.0,-1.511361,-1.296003,MRT,AUS,843039
9200818,153,14,8941,2018,83282.0,5386.0,1.122976,0.734109,MYS,AUS,843039
9200819,156,14,8941,2018,0.0,7743352.0,-0.49370299999999995,-0.865432,NCL,AUS,843039
9200820,159,14,8941,2018,0.0,35189.0,-1.8238,-1.259938,NGA,AUS,843039
9200821,162,14,8941,2018,549049.0,0.0,1.1478899999999999,1.454758,NLD,AUS,843039
9200822,166,14,8941,2018,19080.0,89711.0,0.21902600000000003,0.148714,NZL,AUS,843039
9200823,173,14,8941,2018,0.0,143914.0,-0.6673060000000001,-0.183315,PER,AUS,843039
9200824,174,14,8941,2018,30047.0,85154.0,0.781409,0.22126700000000002,PHL,AUS,843039
9200825,176,14,8941,2018,0.0,508685.0,-1.7580360000000002,-1.239492,PNG,AUS,843039
9200826,177,14,8941,2018,27971.0,0.0,1.132475,1.258945,POL,AUS,843039
9200827,182,14,8941,2018,0.0,2735.0,0.21430300000000002,-0.484076,PYF,AUS,843039
9200828,186,14,8941,2018,0.0,107171.0,0.21398000000000003,0.100414,RUS,AUS,843039
9200829,188,14,8941,2018,0.0,43445.0,0.5801810000000001,-0.447514,SAU,AUS,843039
9200830,192,14,8941,2018,0.0,305364.0,1.914132,0.652011,SGP,AUS,843039
9200831,207,14,8941,2018,0.0,41678.0,1.67428,0.7703800000000001,SVN,AUS,843039
9200832,215,14,8941,2018,0.0,4635994.0,-0.685084,-0.773437,TGO,AUS,843039
9200833,216,14,8941,2018,0.0,15589.0,1.053177,1.4084969999999999,THA,AUS,843039
9200834,224,14,8941,2018,0.0,12058.0,0.518721,2.5581419999999997,TUR,AUS,843039
9200835,226,14,8941,2018,0.0,100244.0,-0.09850700000000001,1.145606,TZA,AUS,843039
9200836,227,14,8941,2018,0.0,273282.0,-0.621049,-0.061448,UGA,AUS,843039
9200837,231,14,8941,2018,645046.0,44764.0,1.585861,0.44815900000000003,USA,AUS,843039
9200838,239,14,8941,2018,0.0,516237.0,0.003069,0.9169729999999999,VNM,AUS,843039
9200839,240,14,8941,2018,0.0,10907.0,-1.595495,-1.026155,VUT,AUS,843039
9200840,241,14,8941,2018,0.0,2095.0,1.604643,-0.608603,WLF,AUS,843039
9200841,246,14,8941,2018,0.0,937243.0,0.158722,1.394829,ZAF,AUS,843039
9200842,61,16,8941,2018,1458207.0,0.0,2.109059,-2.428826,DEU,AZE,843039
9200843,39,22,8941,2018,92478.0,0.0,0.666822,1.218593,CAN,BGD,843039
9200844,43,22,8941,2018,24810.0,0.0,1.200689,1.2822,CHN,BGD,843039
9200845,192,22,8941,2018,455674.0,0.0,1.914132,0.652011,SGP,BGD,843039
9200846,231,22,8941,2018,40370.0,0.0,1.585861,0.44815900000000003,USA,BGD,843039
9200847,61,26,8941,2018,17986.0,0.0,2.109059,-2.428826,DEU,BIH,843039
9200848,111,26,8941,2018,33093.0,0.0,1.3602530000000002,0.453607,ITA,BIH,843039
9200849,162,26,8941,2018,74388.0,0.0,1.1478899999999999,1.454758,NLD,BIH,843039
9200850,61,28,8941,2018,15758294.0,0.0,2.109059,-2.428826,DEU,BLR,843039
9200851,177,28,8941,2018,86253.0,0.0,1.132475,1.258945,POL,BLR,843039
9200852,186,28,8941,2018,51999.0,0.0,0.21398000000000003,0.100414,RUS,BLR,843039
9200853,42,31,8941,2018,0.0,2749.0,-0.37677,-0.49605299999999997,CHL,BOL,843039
9200854,43,31,8941,2018,180352.0,0.0,1.200689,1.2822,CHN,BOL,843039
9200855,162,31,8941,2018,29674.0,0.0,1.1478899999999999,1.454758,NLD,BOL,843039
9200856,15,59,8941,2018,418012.0,0.0,1.774488,-0.21117800000000003,AUT,CZE,843039
9200857,23,59,8941,2018,0.0,3924.0,0.571226,1.836856,BGR,CZE,843039
9200858,41,59,8941,2018,0.0,16305.0,2.2324330000000003,0.7801560000000001,CHE,CZE,843039
9200859,43,59,8941,2018,16808.0,0.0,1.200689,1.2822,CHN,CZE,843039
9200860,61,59,8941,2018,1080350.0,23465.0,2.109059,-2.428826,DEU,CZE,843039
9200861,68,59,8941,2018,0.0,898591.0,-0.096635,1.585658,EGY,CZE,843039
9200862,71,59,8941,2018,0.0,31662.0,0.744825,2.919005,ESP,CZE,843039
9200863,77,59,8941,2018,0.0,1105635.0,1.420819,0.7793770000000001,FRA,CZE,843039
9200864,81,59,8941,2018,14950.0,0.0,1.693008,0.768159,GBR,CZE,843039
9200865,111,59,8941,2018,27449.0,0.0,1.3602530000000002,0.453607,ITA,CZE,843039
9200866,162,59,8941,2018,0.0,2170.0,1.1478899999999999,1.454758,NLD,CZE,843039
9200867,177,59,8941,2018,35072.0,170283.0,1.132475,1.258945,POL,CZE,843039
9200868,185,59,8941,2018,0.0,3475.0,1.050715,1.04471,ROU,CZE,843039
9200869,201,59,8941,2018,0.0,5501.0,0.607486,1.2139389999999999,SRB,CZE,843039
9200870,206,59,8941,2018,17388.0,27314.0,1.3270979999999999,0.877684,SVK,CZE,843039
9200871,231,59,8941,2018,17382.0,0.0,1.585861,0.44815900000000003,USA,CZE,843039
9200872,43,68,8941,2018,649057.0,0.0,1.200689,1.2822,CHN,EGY,843039
9200873,59,68,8941,2018,898591.0,0.0,1.841016,0.220806,CZE,EGY,843039
9200874,61,68,8941,2018,2089549.0,0.0,2.109059,-2.428826,DEU,EGY,843039
9200875,71,68,8941,2018,1582.0,0.0,0.744825,2.919005,ESP,EGY,843039
9200876,111,68,8941,2018,37186.0,0.0,1.3602530000000002,0.453607,ITA,EGY,843039
9200877,114,68,8941,2018,399454.0,0.0,2.514533,-0.416074,JPN,EGY,843039
9200878,121,68,8941,2018,404086.0,0.0,2.093866,0.764303,KOR,EGY,843039
9200879,122,68,8941,2018,0.0,2025.0,-0.668802,-1.154012,KWT,EGY,843039
9200880,126,68,8941,2018,188727.0,0.0,-1.608786,-1.231101,LBY,EGY,843039
9200881,177,68,8941,2018,26583.0,0.0,1.132475,1.258945,POL,EGY,843039
9200882,188,68,8941,2018,828323.0,0.0,0.5801810000000001,-0.447514,SAU,EGY,843039
9200883,190,68,8941,2018,0.0,3755.0,-1.278532,-1.176008,SDN,EGY,843039
9200884,208,68,8941,2018,2888.0,0.0,1.76361,0.766904,SWE,EGY,843039
9200885,224,68,8941,2018,32847.0,0.0,0.518721,2.5581419999999997,TUR,EGY,843039
9200886,231,68,8941,2018,216198.0,0.0,1.585861,0.44815900000000003,USA,EGY,843039
9200887,246,68,8941,2018,2745.0,0.0,0.158722,1.394829,ZAF,EGY,843039
9200888,61,72,8941,2018,42814.0,0.0,2.109059,-2.428826,DEU,EST,843039
9200889,74,72,8941,2018,0.0,40005.0,1.61151,0.9474549999999999,FIN,EST,843039
9200890,111,72,8941,2018,20002.0,0.0,1.3602530000000002,0.453607,ITA,EST,843039
9200891,130,72,8941,2018,0.0,6616.0,0.964249,1.4050200000000002,LTU,EST,843039
9200892,132,72,8941,2018,4530.0,0.0,0.707168,1.294297,LVA,EST,843039
9200893,186,72,8941,2018,118772.0,0.0,0.21398000000000003,0.100414,RUS,EST,843039
9200894,231,72,8941,2018,201138.0,0.0,1.585861,0.44815900000000003,USA,EST,843039
9200895,232,72,8941,2018,0.0,5019444.0,-0.591547,-0.429982,UZB,EST,843039
9200896,250,72,8941,2018,2214.0,0.0,0.809991,-0.368737,ANS,EST,843039
9200897,43,73,8941,2018,56334.0,0.0,1.200689,1.2822,CHN,ETH,843039
9200898,77,73,8941,2018,27848.0,0.0,1.420819,0.7793770000000001,FRA,ETH,843039
9200899,104,73,8941,2018,5634.0,0.0,0.526015,2.448112,IND,ETH,843039
9200900,114,73,8941,2018,45937.0,0.0,2.514533,-0.416074,JPN,ETH,843039
9200901,121,73,8941,2018,231132.0,0.0,2.093866,0.764303,KOR,ETH,843039
9200902,190,73,8941,2018,6784.0,0.0,-1.278532,-1.176008,SDN,ETH,843039
9200903,43,82,8941,2018,65220.0,0.0,1.200689,1.2822,CHN,GEO,843039
9200904,111,82,8941,2018,1146.0,0.0,1.3602530000000002,0.453607,ITA,GEO,843039
9200905,231,82,8941,2018,0.0,35328.0,1.585861,0.44815900000000003,USA,GEO,843039
9200906,15,100,8941,2018,97378.0,0.0,1.774488,-0.21117800000000003,AUT,HRV,843039
9200907,43,100,8941,2018,9967.0,0.0,1.200689,1.2822,CHN,HRV,843039
9200908,61,100,8941,2018,68542.0,413649.0,2.109059,-2.428826,DEU,HRV,843039
9200909,81,100,8941,2018,211108.0,0.0,1.693008,0.768159,GBR,HRV,843039
9200910,102,100,8941,2018,0.0,5516.0,1.519662,0.833092,HUN,HRV,843039
9200911,111,100,8941,2018,93201.0,0.0,1.3602530000000002,0.453607,ITA,HRV,843039
9200912,162,100,8941,2018,68042.0,0.0,1.1478899999999999,1.454758,NLD,HRV,843039
9200913,185,100,8941,2018,0.0,60849.0,1.050715,1.04471,ROU,HRV,843039
9200914,207,100,8941,2018,0.0,1555.0,1.67428,0.7703800000000001,SVN,HRV,843039
9200915,7,107,8941,2018,38918.0,0.0,0.11804400000000001,-0.326851,ARE,IRN,843039
9200916,43,107,8941,2018,107965.0,0.0,1.200689,1.2822,CHN,IRN,843039
9200917,61,107,8941,2018,46328.0,0.0,2.109059,-2.428826,DEU,IRN,843039
9200918,108,107,8941,2018,0.0,37800.0,-1.7504400000000002,-1.018699,IRQ,IRN,843039
9200919,116,107,8941,2018,0.0,4122.0,-0.32707800000000004,0.71009,KEN,IRN,843039
9200920,177,107,8941,2018,0.0,815226.0,1.132475,1.258945,POL,IRN,843039
9200921,217,107,8941,2018,0.0,2215.0,-0.757793,-1.0641209999999999,TJK,IRN,843039
9200922,61,108,8941,2018,567043.0,0.0,2.109059,-2.428826,DEU,IRQ,843039
9200923,107,108,8941,2018,37800.0,0.0,-0.389954,-0.258156,IRN,IRQ,843039
9200924,39,115,8941,2018,10903.0,0.0,0.666822,1.218593,CAN,KAZ,843039
9200925,43,115,8941,2018,115357.0,0.0,1.200689,1.2822,CHN,KAZ,843039
9200926,162,115,8941,2018,186690.0,0.0,1.1478899999999999,1.454758,NLD,KAZ,843039
9200927,177,115,8941,2018,1474322.0,0.0,1.132475,1.258945,POL,KAZ,843039
9200928,186,115,8941,2018,234456.0,0.0,0.21398000000000003,0.100414,RUS,KAZ,843039
9200929,14,116,8941,2018,774562.0,0.0,-0.29687199999999997,-0.123116,AUS,KEN,843039
9200930,43,116,8941,2018,599844.0,0.0,1.200689,1.2822,CHN,KEN,843039
9200931,46,116,8941,2018,0.0,8509.0,-1.743034,-1.20446,COD,KEN,843039
9200932,77,116,8941,2018,27140.0,0.0,1.420819,0.7793770000000001,FRA,KEN,843039
9200933,107,116,8941,2018,4122.0,0.0,-0.389954,-0.258156,IRN,KEN,843039
9200934,111,116,8941,2018,3529.0,0.0,1.3602530000000002,0.453607,ITA,KEN,843039
9200935,121,116,8941,2018,289243.0,0.0,2.093866,0.764303,KOR,KEN,843039
9200936,202,116,8941,2018,0.0,1546.0,-2.431595,-1.0499290000000001,SSD,KEN,843039
9200937,216,116,8941,2018,10824.0,0.0,1.053177,1.4084969999999999,THA,KEN,843039
9200938,246,116,8941,2018,0.0,960.0,0.158722,1.394829,ZAF,KEN,843039
9200939,43,117,8941,2018,5281.0,0.0,1.200689,1.2822,CHN,KGZ,843039
9200940,186,117,8941,2018,407435.0,0.0,0.21398000000000003,0.100414,RUS,KGZ,843039
9200941,224,117,8941,2018,14003.0,0.0,0.518721,2.5581419999999997,TUR,KGZ,843039
9200942,7,124,8941,2018,0.0,40844.0,0.11804400000000001,-0.326851,ARE,LBN,843039
9200943,18,124,8941,2018,85412.0,0.0,1.270641,1.201063,BEL,LBN,843039
9200944,43,124,8941,2018,56648.0,0.0,1.200689,1.2822,CHN,LBN,843039
9200945,61,124,8941,2018,34342.0,0.0,2.109059,-2.428826,DEU,LBN,843039
9200946,114,124,8941,2018,3027.0,0.0,2.514533,-0.416074,JPN,LBN,843039
9200947,162,124,8941,2018,65185.0,0.0,1.1478899999999999,1.454758,NLD,LBN,843039
9200948,208,124,8941,2018,6553.0,0.0,1.76361,0.766904,SWE,LBN,843039
9200949,231,124,8941,2018,241248.0,0.0,1.585861,0.44815900000000003,USA,LBN,843039
9200950,43,128,8941,2018,59748.0,0.0,1.200689,1.2822,CHN,LKA,843039
9200951,104,128,8941,2018,27612.0,0.0,0.526015,2.448112,IND,LKA,843039
9200952,114,128,8941,2018,1026231.0,0.0,2.514533,-0.416074,JPN,LKA,843039
9200953,168,128,8941,2018,13155.0,0.0,-0.64348,0.665045,PAK,LKA,843039
9200954,15,131,8941,2018,4708.0,0.0,1.774488,-0.21117800000000003,AUT,LUX,843039
9200955,61,131,8941,2018,13410.0,0.0,2.109059,-2.428826,DEU,LUX,843039
9200956,111,131,8941,2018,249838.0,0.0,1.3602530000000002,0.453607,ITA,LUX,843039
9200957,167,131,8941,2018,0.0,15850.0,-0.548048,-0.9972989999999999,OMN,LUX,843039
9200958,72,132,8941,2018,0.0,4530.0,0.979986,1.2365899999999999,EST,LVA,843039
9200959,111,132,8941,2018,13231.0,0.0,1.3602530000000002,0.453607,ITA,LVA,843039
9200960,162,132,8941,2018,24736.0,0.0,1.1478899999999999,1.454758,NLD,LVA,843039
9200961,232,132,8941,2018,0.0,1242993.0,-0.591547,-0.429982,UZB,LVA,843039
9200962,43,134,8941,2018,6083.0,0.0,1.200689,1.2822,CHN,MAR,843039
9200963,61,134,8941,2018,3456168.0,0.0,2.109059,-2.428826,DEU,MAR,843039
9200964,71,134,8941,2018,13939.0,0.0,0.744825,2.919005,ESP,MAR,843039
9200965,77,134,8941,2018,110504.0,0.0,1.420819,0.7793770000000001,FRA,MAR,843039
9200966,111,134,8941,2018,196115.0,0.0,1.3602530000000002,0.453607,ITA,MAR,843039
9200967,162,135,8941,2018,8824.0,0.0,1.1478899999999999,1.454758,NLD,MDA,843039
9200968,177,135,8941,2018,9403.0,0.0,1.132475,1.258945,POL,MDA,843039
9200969,43,143,8941,2018,10728.0,0.0,1.200689,1.2822,CHN,MMR,843039
9200970,61,143,8941,2018,9443.0,0.0,2.109059,-2.428826,DEU,MMR,843039
9200971,102,143,8941,2018,672.0,0.0,1.519662,0.833092,HUN,MMR,843039
9200972,104,143,8941,2018,181210.0,0.0,0.526015,2.448112,IND,MMR,843039
9200973,114,143,8941,2018,166835.0,0.0,2.514533,-0.416074,JPN,MMR,843039
9200974,174,143,8941,2018,79529.0,11595.0,0.781409,0.22126700000000002,PHL,MMR,843039
9200975,216,143,8941,2018,75896.0,0.0,1.053177,1.4084969999999999,THA,MMR,843039
9200976,43,147,8941,2018,265739.0,0.0,1.200689,1.2822,CHN,MOZ,843039
9200977,152,147,8941,2018,52540.0,0.0,-0.7015979999999999,-0.9293680000000001,MWI,MOZ,843039
9200978,179,147,8941,2018,0.0,6450.0,0.652628,2.211758,PRT,MOZ,843039
9200979,246,147,8941,2018,109922.0,0.0,0.158722,1.394829,ZAF,MOZ,843039
9200980,43,151,8941,2018,2110.0,0.0,1.200689,1.2822,CHN,MUS,843039
9200981,111,151,8941,2018,4285.0,0.0,1.3602530000000002,0.453607,ITA,MUS,843039
9200982,147,152,8941,2018,0.0,52540.0,-1.380023,-1.027817,MOZ,MWI,843039
9200983,7,159,8941,2018,8218.0,0.0,0.11804400000000001,-0.326851,ARE,NGA,843039
9200984,14,159,8941,2018,35189.0,0.0,-0.29687199999999997,-0.123116,AUS,NGA,843039
9200985,18,159,8941,2018,455091.0,0.0,1.270641,1.201063,BEL,NGA,843039
9200986,43,159,8941,2018,206578.0,0.0,1.200689,1.2822,CHN,NGA,843039
9200987,47,159,8941,2018,0.0,25694.0,-1.52875,-1.1869100000000001,COG,NGA,843039
9200988,61,159,8941,2018,11525.0,0.0,2.109059,-2.428826,DEU,NGA,843039
9200989,81,159,8941,2018,6802.0,0.0,1.693008,0.768159,GBR,NGA,843039
9200990,111,159,8941,2018,88867.0,0.0,1.3602530000000002,0.453607,ITA,NGA,843039
9200991,141,159,8941,2018,1016.0,0.0,-0.49666499999999997,-0.7189909999999999,MLI,NGA,843039
9200992,162,159,8941,2018,60469.0,0.0,1.1478899999999999,1.454758,NLD,NGA,843039
9200993,231,159,8941,2018,140623.0,0.0,1.585861,0.44815900000000003,USA,NGA,843039
9200994,246,159,8941,2018,1529.0,0.0,0.158722,1.394829,ZAF,NGA,843039
9200995,43,164,8941,2018,25557.0,0.0,1.200689,1.2822,CHN,NPL,843039
9200996,61,164,8941,2018,7720.0,0.0,2.109059,-2.428826,DEU,NPL,843039
9200997,104,164,8941,2018,32841.0,6580.0,0.526015,2.448112,IND,NPL,843039
9200998,192,164,8941,2018,9143.0,0.0,1.914132,0.652011,SGP,NPL,843039
9200999,7,167,8941,2018,125564.0,13522.0,0.11804400000000001,-0.326851,ARE,OMN,843039
9201000,15,167,8941,2018,4737.0,0.0,1.774488,-0.21117800000000003,AUT,OMN,843039
9201001,61,167,8941,2018,292518.0,0.0,2.109059,-2.428826,DEU,OMN,843039
9201002,104,167,8941,2018,495772.0,0.0,0.526015,2.448112,IND,OMN,843039
9201003,121,167,8941,2018,292337.0,0.0,2.093866,0.764303,KOR,OMN,843039
9201004,122,167,8941,2018,6651.0,0.0,-0.668802,-1.154012,KWT,OMN,843039
9201005,131,167,8941,2018,15850.0,0.0,1.1142889999999999,1.306066,LUX,OMN,843039
9201006,188,167,8941,2018,143491.0,0.0,0.5801810000000001,-0.447514,SAU,OMN,843039
9201007,199,167,8941,2018,0.0,102442.0,-1.4787370000000002,-1.050578,SOM,OMN,843039
9201008,1,168,8941,2018,0.0,1975.0,-1.267508,-0.8494940000000001,AFG,PAK,843039
9201009,7,168,8941,2018,0.0,6602.0,0.11804400000000001,-0.326851,ARE,PAK,843039
9201010,43,168,8941,2018,565952.0,0.0,1.200689,1.2822,CHN,PAK,843039
9201011,97,168,8941,2018,2969.0,0.0,0.843677,1.656073,HKG,PAK,843039
9201012,104,168,8941,2018,3320.0,0.0,0.526015,2.448112,IND,PAK,843039
9201013,111,168,8941,2018,479641.0,0.0,1.3602530000000002,0.453607,ITA,PAK,843039
9201014,114,168,8941,2018,140326.0,0.0,2.514533,-0.416074,JPN,PAK,843039
9201015,121,168,8941,2018,3795.0,0.0,2.093866,0.764303,KOR,PAK,843039
9201016,128,168,8941,2018,0.0,13155.0,-0.544504,0.41074099999999997,LKA,PAK,843039
9201017,153,168,8941,2018,5476.0,0.0,1.122976,0.734109,MYS,PAK,843039
9201018,162,168,8941,2018,17100.0,0.0,1.1478899999999999,1.454758,NLD,PAK,843039
9201019,192,168,8941,2018,1100.0,0.0,1.914132,0.652011,SGP,PAK,843039
9201020,15,185,8941,2018,33725.0,0.0,1.774488,-0.21117800000000003,AUT,ROU,843039
9201021,23,185,8941,2018,51194.0,0.0,0.571226,1.836856,BGR,ROU,843039
9201022,41,185,8941,2018,39668.0,0.0,2.2324330000000003,0.7801560000000001,CHE,ROU,843039
9201023,59,185,8941,2018,3475.0,0.0,1.841016,0.220806,CZE,ROU,843039
9201024,61,185,8941,2018,128033.0,0.0,2.109059,-2.428826,DEU,ROU,843039
9201025,77,185,8941,2018,15269.0,206472.0,1.420819,0.7793770000000001,FRA,ROU,843039
9201026,100,185,8941,2018,60849.0,0.0,0.7923720000000001,1.4047209999999999,HRV,ROU,843039
9201027,102,185,8941,2018,5659.0,3933.0,1.519662,0.833092,HUN,ROU,843039
9201028,111,185,8941,2018,557479.0,0.0,1.3602530000000002,0.453607,ITA,ROU,843039
9201029,231,185,8941,2018,0.0,1998.0,1.585861,0.44815900000000003,USA,ROU,843039
9201030,9,186,8941,2018,0.0,60232.0,-0.330516,-0.604744,ARM,RUS,843039
9201031,14,186,8941,2018,107171.0,0.0,-0.29687199999999997,-0.123116,AUS,RUS,843039
9201032,28,186,8941,2018,0.0,51999.0,0.850089,0.8332870000000001,BLR,RUS,843039
9201033,39,186,8941,2018,542779.0,0.0,0.666822,1.218593,CAN,RUS,843039
9201034,43,186,8941,2018,543878.0,0.0,1.200689,1.2822,CHN,RUS,843039
9201035,61,186,8941,2018,12305933.0,1571353.0,2.109059,-2.428826,DEU,RUS,843039
9201036,72,186,8941,2018,0.0,118772.0,0.979986,1.2365899999999999,EST,RUS,843039
9201037,74,186,8941,2018,23124.0,0.0,1.61151,0.9474549999999999,FIN,RUS,843039
9201038,111,186,8941,2018,79608.0,0.0,1.3602530000000002,0.453607,ITA,RUS,843039
9201039,115,186,8941,2018,0.0,234456.0,-0.483862,-0.667417,KAZ,RUS,843039
9201040,117,186,8941,2018,0.0,407435.0,-0.141491,0.33161,KGZ,RUS,843039
9201041,130,186,8941,2018,109242.0,0.0,0.964249,1.4050200000000002,LTU,RUS,843039
9201042,162,186,8941,2018,218808.0,0.0,1.1478899999999999,1.454758,NLD,RUS,843039
9201043,177,186,8941,2018,2759132.0,0.0,1.132475,1.258945,POL,RUS,843039
9201044,208,186,8941,2018,1288469.0,0.0,1.76361,0.766904,SWE,RUS,843039
9201045,228,186,8941,2018,916512.0,8300.0,0.337296,0.758675,UKR,RUS,843039
9201046,231,186,8941,2018,1990178.0,0.0,1.585861,0.44815900000000003,USA,RUS,843039
9201047,232,186,8941,2018,0.0,26774.0,-0.591547,-0.429982,UZB,RUS,843039
9201048,43,187,8941,2018,12602.0,0.0,1.200689,1.2822,CHN,RWA,843039
9201049,207,187,8941,2018,9488.0,0.0,1.67428,0.7703800000000001,SVN,RWA,843039
9201050,104,191,8941,2018,284022.0,0.0,0.526015,2.448112,IND,SEN,843039
9201051,18,201,8941,2018,11281.0,0.0,1.270641,1.201063,BEL,SRB,843039
9201052,43,201,8941,2018,34159.0,0.0,1.200689,1.2822,CHN,SRB,843039
9201053,59,201,8941,2018,5501.0,0.0,1.841016,0.220806,CZE,SRB,843039
9201054,61,201,8941,2018,35028.0,0.0,2.109059,-2.428826,DEU,SRB,843039
9201055,102,201,8941,2018,425881.0,0.0,1.519662,0.833092,HUN,SRB,843039
9201056,111,201,8941,2018,132851.0,0.0,1.3602530000000002,0.453607,ITA,SRB,843039
9201057,140,201,8941,2018,0.0,10761.0,0.079976,-0.20256,MKD,SRB,843039
9201058,162,201,8941,2018,11429.0,0.0,1.1478899999999999,1.454758,NLD,SRB,843039
9201059,246,209,8941,2018,36338.0,0.0,0.158722,1.394829,ZAF,SWZ,843039
9201060,43,217,8941,2018,146488.0,0.0,1.200689,1.2822,CHN,TJK,843039
9201061,107,217,8941,2018,2215.0,0.0,-0.389954,-0.258156,IRN,TJK,843039
9201062,111,217,8941,2018,18041.0,0.0,1.3602530000000002,0.453607,ITA,TJK,843039
9201063,61,223,8941,2018,17972.0,0.0,2.109059,-2.428826,DEU,TUN,843039
9201064,77,223,8941,2018,19123.0,0.0,1.420819,0.7793770000000001,FRA,TUN,843039
9201065,111,223,8941,2018,64667.0,0.0,1.3602530000000002,0.453607,ITA,TUN,843039
9201066,43,228,8941,2018,1077784.0,0.0,1.200689,1.2822,CHN,UKR,843039
9201067,61,228,8941,2018,4442.0,0.0,2.109059,-2.428826,DEU,UKR,843039
9201068,111,228,8941,2018,39325.0,0.0,1.3602530000000002,0.453607,ITA,UKR,843039
9201069,162,228,8941,2018,25547.0,0.0,1.1478899999999999,1.454758,NLD,UKR,843039
9201070,186,228,8941,2018,8300.0,916512.0,0.21398000000000003,0.100414,RUS,UKR,843039
9201071,43,232,8941,2018,282950.0,0.0,1.200689,1.2822,CHN,UZB,843039
9201072,61,232,8941,2018,1792566.0,0.0,2.109059,-2.428826,DEU,UZB,843039
9201073,72,232,8941,2018,5019444.0,0.0,0.979986,1.2365899999999999,EST,UZB,843039
9201074,130,232,8941,2018,245996.0,0.0,0.964249,1.4050200000000002,LTU,UZB,843039
9201075,132,232,8941,2018,1242993.0,0.0,0.707168,1.294297,LVA,UZB,843039
9201076,177,232,8941,2018,951749.0,0.0,1.132475,1.258945,POL,UZB,843039
9201077,186,232,8941,2018,26774.0,0.0,0.21398000000000003,0.100414,RUS,UZB,843039
9201078,14,239,8941,2018,516237.0,0.0,-0.29687199999999997,-0.123116,AUS,VNM,843039
9201079,43,239,8941,2018,3181463.0,0.0,1.200689,1.2822,CHN,VNM,843039
9201080,61,239,8941,2018,75252.0,0.0,2.109059,-2.428826,DEU,VNM,843039
9201081,104,239,8941,2018,44947.0,0.0,0.526015,2.448112,IND,VNM,843039
9201082,114,239,8941,2018,746773.0,0.0,2.514533,-0.416074,JPN,VNM,843039
9201083,162,239,8941,2018,32257.0,0.0,1.1478899999999999,1.454758,NLD,VNM,843039
9201084,192,239,8941,2018,13717.0,0.0,1.914132,0.652011,SGP,VNM,843039
9201085,216,239,8941,2018,14643.0,57213.0,1.053177,1.4084969999999999,THA,VNM,843039
9201086,231,239,8941,2018,2556.0,0.0,1.585861,0.44815900000000003,USA,VNM,843039
9201087,249,239,8941,2018,9933.0,0.0,2.0462540000000002,1.166636,TWN,VNM,843039
9201088,43,13,8941,2018,26411.0,0.0,1.200689,1.2822,CHN,ATG,843039
9201089,21,19,8941,2018,84001.0,0.0,-0.8835200000000001,-0.9790620000000001,BFA,BEN,843039
9201090,43,19,8941,2018,5362.0,0.0,1.200689,1.2822,CHN,BEN,843039
9201091,14,21,8941,2018,605726.0,0.0,-0.29687199999999997,-0.123116,AUS,BFA,843039
9201092,19,21,8941,2018,0.0,84001.0,-0.646475,-0.769808,BEN,BFA,843039
9201093,43,21,8941,2018,98762.0,0.0,1.200689,1.2822,CHN,BFA,843039
9201094,77,21,8941,2018,40007.0,0.0,1.420819,0.7793770000000001,FRA,BFA,843039
9201095,231,25,8941,2018,84615.0,9396.0,1.585861,0.44815900000000003,USA,BHS,843039
9201096,61,37,8941,2018,157560.0,0.0,2.109059,-2.428826,DEU,BWA,843039
9201097,148,37,8941,2018,0.0,218432.0,-1.511361,-1.296003,MRT,BWA,843039
9201098,246,37,8941,2018,281622.0,237652.0,0.158722,1.394829,ZAF,BWA,843039
9201099,247,37,8941,2018,48757.0,0.0,-0.736064,-0.93958,ZMB,BWA,843039
9201100,248,37,8941,2018,0.0,120778.0,-1.181524,-1.0648520000000001,ZWE,BWA,843039
9201101,14,44,8941,2018,4017917.0,0.0,-0.29687199999999997,-0.123116,AUS,CIV,843039
9201102,43,44,8941,2018,34482.0,0.0,1.200689,1.2822,CHN,CIV,843039
9201103,81,44,8941,2018,9346.0,0.0,1.693008,0.768159,GBR,CIV,843039
9201104,111,44,8941,2018,21380.0,0.0,1.3602530000000002,0.453607,ITA,CIV,843039
9201105,121,44,8941,2018,110084.0,0.0,2.093866,0.764303,KOR,CIV,843039
9201106,162,44,8941,2018,25912.0,0.0,1.1478899999999999,1.454758,NLD,CIV,843039
9201107,2,46,8941,2018,987.0,947.0,-1.489191,-1.213992,AGO,COD,843039
9201108,43,46,8941,2018,20747.0,0.0,1.200689,1.2822,CHN,COD,843039
9201109,116,46,8941,2018,8509.0,0.0,-0.32707800000000004,0.71009,KEN,COD,843039
9201110,178,46,8941,2018,473789.0,0.0,0.714618,0.47291700000000003,PRK,COD,843039
9201111,231,46,8941,2018,53697.0,0.0,1.585861,0.44815900000000003,USA,COD,843039
9201112,246,46,8941,2018,135136.0,0.0,0.158722,1.394829,ZAF,COD,843039
9201113,247,46,8941,2018,0.0,1132.0,-0.736064,-0.93958,ZMB,COD,843039
9201114,250,46,8941,2018,3018.0,0.0,0.809991,-0.368737,ANS,COD,843039
9201115,14,47,8941,2018,5197.0,0.0,-0.29687199999999997,-0.123116,AUS,COG,843039
9201116,141,47,8941,2018,0.0,605.0,-0.49666499999999997,-0.7189909999999999,MLI,COG,843039
9201117,159,47,8941,2018,25694.0,0.0,-1.8238,-1.259938,NGA,COG,843039
9201118,227,47,8941,2018,0.0,3132.0,-0.621049,-0.061448,UGA,COG,843039
9201119,43,54,8941,2018,4600.0,0.0,1.200689,1.2822,CHN,CUB,843039
9201120,111,54,8941,2018,47515.0,0.0,1.3602530000000002,0.453607,ITA,CUB,843039
9201121,15,66,8941,2018,66170.0,0.0,1.774488,-0.21117800000000003,AUT,DZA,843039
9201122,43,66,8941,2018,75462.0,0.0,1.200689,1.2822,CHN,DZA,843039
9201123,111,66,8941,2018,74576.0,0.0,1.3602530000000002,0.453607,ITA,DZA,843039
9201124,14,80,8941,2018,43201.0,0.0,-0.29687199999999997,-0.123116,AUS,GAB,843039
9201125,18,80,8941,2018,21544.0,0.0,1.270641,1.201063,BEL,GAB,843039
9201126,14,83,8941,2018,104379.0,0.0,-0.29687199999999997,-0.123116,AUS,GHA,843039
9201127,43,83,8941,2018,226424.0,0.0,1.200689,1.2822,CHN,GHA,843039
9201128,61,83,8941,2018,0.0,2645319.0,2.109059,-2.428826,DEU,GHA,843039
9201129,74,83,8941,2018,73324.0,0.0,1.61151,0.9474549999999999,FIN,GHA,843039
9201130,104,83,8941,2018,185704.0,0.0,0.526015,2.448112,IND,GHA,843039
9201131,111,83,8941,2018,11089.0,0.0,1.3602530000000002,0.453607,ITA,GHA,843039
9201132,162,83,8941,2018,71841.0,0.0,1.1478899999999999,1.454758,NLD,GHA,843039
9201133,246,83,8941,2018,110244.0,0.0,0.158722,1.394829,ZAF,GHA,843039
9201134,43,85,8941,2018,2260.0,0.0,1.200689,1.2822,CHN,GIN,843039
9201135,77,85,8941,2018,83645.0,0.0,1.420819,0.7793770000000001,FRA,GIN,843039
9201136,141,85,8941,2018,36328.0,0.0,-0.49666499999999997,-0.7189909999999999,MLI,GIN,843039
9201137,77,109,8941,2018,7402.0,0.0,1.420819,0.7793770000000001,FRA,ISL,843039
9201138,111,109,8941,2018,43278.0,0.0,1.3602530000000002,0.453607,ITA,ISL,843039
9201139,162,109,8941,2018,133984.0,0.0,1.1478899999999999,1.454758,NLD,ISL,843039
9201140,14,110,8941,2018,37546.0,0.0,-0.29687199999999997,-0.123116,AUS,ISR,843039
9201141,43,110,8941,2018,39152.0,0.0,1.200689,1.2822,CHN,ISR,843039
9201142,61,110,8941,2018,674754.0,0.0,2.109059,-2.428826,DEU,ISR,843039
9201143,111,110,8941,2018,27307.0,347279.0,1.3602530000000002,0.453607,ITA,ISR,843039
9201144,169,110,8941,2018,0.0,99000.0,0.104326,-0.11611800000000001,PAN,ISR,843039
9201145,181,110,8941,2018,5566.0,0.0,0.096402,0.735946,PSE,ISR,843039
9201146,231,110,8941,2018,142661.0,0.0,1.585861,0.44815900000000003,USA,ISR,843039
9201147,43,123,8941,2018,12251.0,0.0,1.200689,1.2822,CHN,LAO,843039
9201148,114,123,8941,2018,20481.0,0.0,2.514533,-0.416074,JPN,LAO,843039
9201149,216,123,8941,2018,134211.0,0.0,1.053177,1.4084969999999999,THA,LAO,843039
9201150,250,123,8941,2018,32984.0,0.0,0.809991,-0.368737,ANS,LAO,843039
9201151,162,125,8941,2018,23759.0,0.0,1.1478899999999999,1.454758,NLD,LBR,843039
9201152,188,125,8941,2018,6666.0,0.0,0.5801810000000001,-0.447514,SAU,LBR,843039
9201153,246,129,8941,2018,60791.0,60870.0,0.158722,1.394829,ZAF,LSO,843039
9201154,14,141,8941,2018,61665.0,0.0,-0.29687199999999997,-0.123116,AUS,MLI,843039
9201155,43,141,8941,2018,20494.0,0.0,1.200689,1.2822,CHN,MLI,843039
9201156,47,141,8941,2018,605.0,0.0,-1.52875,-1.1869100000000001,COG,MLI,843039
9201157,77,141,8941,2018,2424.0,0.0,1.420819,0.7793770000000001,FRA,MLI,843039
9201158,85,141,8941,2018,0.0,36328.0,-1.036697,-1.1562860000000001,GIN,MLI,843039
9201159,104,141,8941,2018,149829.0,0.0,0.526015,2.448112,IND,MLI,843039
9201160,159,141,8941,2018,0.0,1016.0,-1.8238,-1.259938,NGA,MLI,843039
9201161,24,142,8941,2018,0.0,1651.0,0.318352,-0.69221,BHR,MLT,843039
9201162,111,142,8941,2018,77356.0,0.0,1.3602530000000002,0.453607,ITA,MLT,843039
9201163,14,148,8941,2018,2258.0,0.0,-0.29687199999999997,-0.123116,AUS,MRT,843039
9201164,37,148,8941,2018,218432.0,0.0,-0.8339610000000001,-1.184307,BWA,MRT,843039
9201165,77,148,8941,2018,8466.0,0.0,1.420819,0.7793770000000001,FRA,MRT,843039
9201166,126,148,8941,2018,48967.0,0.0,-1.608786,-1.231101,LBY,MRT,843039
9201167,246,155,8941,2018,84077.0,30934.0,0.158722,1.394829,ZAF,NAM,843039
9201168,46,178,8941,2018,0.0,473789.0,-1.743034,-1.20446,COD,PRK,843039
9201169,18,183,8941,2018,1992269.0,26856.0,1.270641,1.201063,BEL,QAT,843039
9201170,43,183,8941,2018,4680.0,0.0,1.200689,1.2822,CHN,QAT,843039
9201171,61,183,8941,2018,19049338.0,2363667.0,2.109059,-2.428826,DEU,QAT,843039
9201172,77,183,8941,2018,120187.0,0.0,1.420819,0.7793770000000001,FRA,QAT,843039
9201173,81,183,8941,2018,0.0,1263.0,1.693008,0.768159,GBR,QAT,843039
9201174,111,183,8941,2018,28969.0,0.0,1.3602530000000002,0.453607,ITA,QAT,843039
9201175,121,183,8941,2018,28382.0,0.0,2.093866,0.764303,KOR,QAT,843039
9201176,122,183,8941,2018,50277.0,0.0,-0.668802,-1.154012,KWT,QAT,843039
9201177,162,183,8941,2018,53023.0,0.0,1.1478899999999999,1.454758,NLD,QAT,843039
9201178,192,183,8941,2018,110597.0,0.0,1.914132,0.652011,SGP,QAT,843039
9201179,216,183,8941,2018,341062.0,0.0,1.053177,1.4084969999999999,THA,QAT,843039
9201180,43,196,8941,2018,3422.0,0.0,1.200689,1.2822,CHN,SLE,843039
9201181,81,196,8941,2018,3567.0,0.0,1.693008,0.768159,GBR,SLE,843039
9201182,43,211,8941,2018,2618.0,0.0,1.200689,1.2822,CHN,SYC,843039
9201183,81,211,8941,2018,14396.0,0.0,1.693008,0.768159,GBR,SYC,843039
9201184,14,215,8941,2018,4635994.0,0.0,-0.29687199999999997,-0.123116,AUS,TGO,843039
9201185,162,215,8941,2018,6150.0,0.0,1.1478899999999999,1.454758,NLD,TGO,843039
9201186,14,226,8941,2018,100244.0,0.0,-0.29687199999999997,-0.123116,AUS,TZA,843039
9201187,43,226,8941,2018,80458.0,0.0,1.200689,1.2822,CHN,TZA,843039
9201188,61,226,8941,2018,16789.0,0.0,2.109059,-2.428826,DEU,TZA,843039
9201189,81,226,8941,2018,7195.0,0.0,1.693008,0.768159,GBR,TZA,843039
9201190,104,226,8941,2018,21618.0,0.0,0.526015,2.448112,IND,TZA,843039
9201191,188,226,8941,2018,34401.0,0.0,0.5801810000000001,-0.447514,SAU,TZA,843039
9201192,14,227,8941,2018,273282.0,0.0,-0.29687199999999997,-0.123116,AUS,UGA,843039
9201193,43,227,8941,2018,7332.0,0.0,1.200689,1.2822,CHN,UGA,843039
9201194,47,227,8941,2018,3132.0,0.0,-1.52875,-1.1869100000000001,COG,UGA,843039
9201195,81,227,8941,2018,4572.0,0.0,1.693008,0.768159,GBR,UGA,843039
9201196,216,227,8941,2018,369.0,0.0,1.053177,1.4084969999999999,THA,UGA,843039
9201197,162,234,8941,2018,15263.0,0.0,1.1478899999999999,1.454758,NLD,VCT,843039
9201198,231,234,8941,2018,1376.0,0.0,1.585861,0.44815900000000003,USA,VCT,843039
9201199,14,240,8941,2018,10907.0,0.0,-0.29687199999999997,-0.123116,AUS,VUT,843039
9201200,192,240,8941,2018,1601.0,0.0,1.914132,0.652011,SGP,VUT,843039
9201201,37,247,8941,2018,0.0,48757.0,-0.8339610000000001,-1.184307,BWA,ZMB,843039
9201202,39,247,8941,2018,12038.0,0.0,0.666822,1.218593,CAN,ZMB,843039
9201203,43,247,8941,2018,174242.0,0.0,1.200689,1.2822,CHN,ZMB,843039
9201204,46,247,8941,2018,1132.0,0.0,-1.743034,-1.20446,COD,ZMB,843039
9201205,104,247,8941,2018,32937.0,0.0,0.526015,2.448112,IND,ZMB,843039
9201206,246,247,8941,2018,138717.0,0.0,0.158722,1.394829,ZAF,ZMB,843039
9201207,37,248,8941,2018,120778.0,0.0,-0.8339610000000001,-1.184307,BWA,ZWE,843039
9201208,43,248,8941,2018,253060.0,0.0,1.200689,1.2822,CHN,ZWE,843039
9201209,104,248,8941,2018,19060.0,0.0,0.526015,2.448112,IND,ZWE,843039
9201210,246,248,8941,2018,12980.0,0.0,0.158722,1.394829,ZAF,ZWE,843039
9201211,43,9,8941,2018,19827.0,0.0,1.200689,1.2822,CHN,ARM,843039
9201212,162,9,8941,2018,37074.0,0.0,1.1478899999999999,1.454758,NLD,ARM,843039
9201213,186,9,8941,2018,60232.0,0.0,0.21398000000000003,0.100414,RUS,ARM,843039
9201214,231,30,8941,2018,53240.0,0.0,1.585861,0.44815900000000003,USA,BMU,843039
9201215,64,92,8941,2018,7772.0,0.0,1.0945040000000001,1.3311540000000002,DNK,GRL,843039
9201216,74,92,8941,2018,5130.0,0.0,1.61151,0.9474549999999999,FIN,GRL,843039
9201217,68,126,8941,2018,0.0,188727.0,-0.096635,1.585658,EGY,LBY,843039
9201218,148,126,8941,2018,0.0,48967.0,-1.511361,-1.296003,MRT,LBY,843039
9201219,23,140,8941,2018,130213.0,0.0,0.571226,1.836856,BGR,MKD,843039
9201220,81,140,8941,2018,4055.0,0.0,1.693008,0.768159,GBR,MKD,843039
9201221,111,140,8941,2018,17676.0,0.0,1.3602530000000002,0.453607,ITA,MKD,843039
9201222,162,140,8941,2018,27133.0,0.0,1.1478899999999999,1.454758,NLD,MKD,843039
9201223,201,140,8941,2018,10761.0,0.0,0.607486,1.2139389999999999,SRB,MKD,843039
9201224,224,140,8941,2018,20627.0,0.0,0.518721,2.5581419999999997,TUR,MKD,843039
9201225,74,144,8941,2018,5834.0,0.0,1.61151,0.9474549999999999,FIN,MNE,843039
9201226,81,144,8941,2018,21003.0,0.0,1.693008,0.768159,GBR,MNE,843039
9201227,114,144,8941,2018,13871.0,0.0,2.514533,-0.416074,JPN,MNE,843039
9201228,121,144,8941,2018,1812.0,0.0,2.093866,0.764303,KOR,MNE,843039
9201229,207,144,8941,2018,97771.0,0.0,1.67428,0.7703800000000001,SVN,MNE,843039
9201230,39,145,8941,2018,67812.0,0.0,0.666822,1.218593,CAN,MNG,843039
9201231,43,145,8941,2018,15189.0,0.0,1.200689,1.2822,CHN,MNG,843039
9201232,121,145,8941,2018,49246.0,0.0,2.093866,0.764303,KOR,MNG,843039
9201233,43,157,8941,2018,37881416.0,0.0,1.200689,1.2822,CHN,NER,843039
9201234,77,157,8941,2018,312843.0,0.0,1.420819,0.7793770000000001,FRA,NER,843039
9201235,231,157,8941,2018,55017.0,0.0,1.585861,0.44815900000000003,USA,NER,843039
9201236,43,243,8941,2018,650085.0,0.0,1.200689,1.2822,CHN,YEM,843039
9201237,188,243,8941,2018,21922.0,0.0,0.5801810000000001,-0.447514,SAU,YEM,843039
9201238,43,2,8941,2018,176865.0,0.0,1.200689,1.2822,CHN,AGO,843039
9201239,46,2,8941,2018,947.0,987.0,-1.743034,-1.20446,COD,AGO,843039
9201240,71,2,8941,2018,29801.0,0.0,0.744825,2.919005,ESP,AGO,843039
9201241,163,2,8941,2018,3296.0,0.0,0.681639,0.021762,NOR,AGO,843039
9201242,43,4,8941,2018,43621.0,0.0,1.200689,1.2822,CHN,ALB,843039
9201243,61,4,8941,2018,49281.0,0.0,2.109059,-2.428826,DEU,ALB,843039
9201244,81,4,8941,2018,1230.0,0.0,1.693008,0.768159,GBR,ALB,843039
9201245,90,4,8941,2018,173766.0,0.0,0.059539999999999996,1.0321879999999999,GRC,ALB,843039
9201246,111,4,8941,2018,176344.0,0.0,1.3602530000000002,0.453607,ITA,ALB,843039
9201247,14,34,8941,2018,2008.0,0.0,-0.29687199999999997,-0.123116,AUS,BRN,843039
9201248,192,34,8941,2018,1233.0,0.0,1.914132,0.652011,SGP,BRN,843039
9201249,104,35,8941,2018,27783.0,0.0,0.526015,2.448112,IND,BTN,843039
9201250,14,48,8941,2018,3832.0,0.0,-0.29687199999999997,-0.123116,AUS,COK,843039
9201251,14,69,8941,2018,610444.0,0.0,-0.29687199999999997,-0.123116,AUS,ERI,843039
9201252,43,69,8941,2018,42926.0,0.0,1.200689,1.2822,CHN,ERI,843039
9201253,162,69,8941,2018,241124.0,0.0,1.1478899999999999,1.454758,NLD,ERI,843039
9201254,43,75,8941,2018,4095.0,0.0,1.200689,1.2822,CHN,FJI,843039
9201255,166,75,8941,2018,4858.0,0.0,0.21902600000000003,0.148714,NZL,FJI,843039
9201256,231,91,8941,2018,1978.0,0.0,1.585861,0.44815900000000003,USA,GRD,843039
9201257,81,101,8941,2018,6921.0,0.0,1.693008,0.768159,GBR,HTI,843039
9201258,14,136,8941,2018,167185.0,0.0,-0.29687199999999997,-0.123116,AUS,MDG,843039
9201259,43,136,8941,2018,1218.0,0.0,1.200689,1.2822,CHN,MDG,843039
9201260,231,136,8941,2018,642880.0,0.0,1.585861,0.44815900000000003,USA,MDG,843039
9201261,14,156,8941,2018,7743352.0,0.0,-0.29687199999999997,-0.123116,AUS,NCL,843039
9201262,111,156,8941,2018,6744.0,0.0,1.3602530000000002,0.453607,ITA,NCL,843039
9201263,14,176,8941,2018,508685.0,0.0,-0.29687199999999997,-0.123116,AUS,PNG,843039
9201264,43,176,8941,2018,1667.0,0.0,1.200689,1.2822,CHN,PNG,843039
9201265,110,181,8941,2018,0.0,5566.0,1.355071,0.872822,ISR,PSE,843039
9201266,14,182,8941,2018,2735.0,0.0,-0.29687199999999997,-0.123116,AUS,PYF,843039
9201267,111,182,8941,2018,1270.0,0.0,1.3602530000000002,0.453607,ITA,PYF,843039
9201268,167,199,8941,2018,102442.0,0.0,-0.548048,-0.9972989999999999,OMN,SOM,843039
9201269,116,202,8941,2018,1546.0,0.0,-0.32707800000000004,0.71009,KEN,SSD,843039
9201270,162,212,8941,2018,2008.0,0.0,1.1478899999999999,1.454758,NLD,SYR,843039
9201271,43,195,8941,2018,72042.0,0.0,1.200689,1.2822,CHN,SLB,843039
9201272,14,241,8941,2018,2095.0,0.0,-0.29687199999999997,-0.123116,AUS,WLF,843039
9201273,81,20,8941,2018,4004.0,0.0,1.693008,0.768159,GBR,BES,843039
9201274,43,1,8942,2018,42728.0,0.0,1.200689,1.2822,CHN,AFG,843041
9201275,104,1,8942,2018,158912.0,0.0,0.526015,2.448112,IND,AFG,843041
9201276,188,1,8942,2018,57694.0,0.0,0.5801810000000001,-0.447514,SAU,AFG,843041
9201277,224,1,8942,2018,137668.0,0.0,0.518721,2.5581419999999997,TUR,AFG,843041
9201278,14,7,8942,2018,8163.0,637574.0,-0.29687199999999997,-0.123116,AUS,ARE,843041
9201279,15,7,8942,2018,255115.0,0.0,1.774488,-0.21117800000000003,AUT,ARE,843041
9201280,18,7,8942,2018,83242.0,0.0,1.270641,1.201063,BEL,ARE,843041
9201281,22,7,8942,2018,0.0,359680.0,-0.899467,-0.9823719999999999,BGD,ARE,843041
9201282,23,7,8942,2018,36838.0,0.0,0.571226,1.836856,BGR,ARE,843041
9201283,24,7,8942,2018,1400787.0,1469463.0,0.318352,-0.69221,BHR,ARE,843041
9201284,39,7,8942,2018,13550.0,0.0,0.666822,1.218593,CAN,ARE,843041
9201285,41,7,8942,2018,64348.0,0.0,2.2324330000000003,0.7801560000000001,CHE,ARE,843041
9201286,42,7,8942,2018,0.0,115484.0,-0.37677,-0.49605299999999997,CHL,ARE,843041
9201287,43,7,8942,2018,3563176.0,36832.0,1.200689,1.2822,CHN,ARE,843041
9201288,44,7,8942,2018,0.0,738469.0,-0.8733569999999999,-0.8443139999999999,CIV,ARE,843041
9201289,61,7,8942,2018,2723418.0,640827.0,2.109059,-2.428826,DEU,ARE,843041
9201290,62,7,8942,2018,0.0,88505.0,-0.11008599999999999,-0.603731,DJI,ARE,843041
9201291,68,7,8942,2018,0.0,268239.0,-0.096635,1.585658,EGY,ARE,843041
9201292,71,7,8942,2018,27017.0,0.0,0.744825,2.919005,ESP,ARE,843041
9201293,73,7,8942,2018,0.0,201965.0,-0.874857,-0.464958,ETH,ARE,843041
9201294,74,7,8942,2018,3086351.0,0.0,1.61151,0.9474549999999999,FIN,ARE,843041
9201295,77,7,8942,2018,1020949.0,0.0,1.420819,0.7793770000000001,FRA,ARE,843041
9201296,81,7,8942,2018,69015.0,1432.0,1.693008,0.768159,GBR,ARE,843041
9201297,103,7,8942,2018,3607.0,0.0,-0.10130499999999999,1.2414209999999999,IDN,ARE,843041
9201298,104,7,8942,2018,15886597.0,7251366.0,0.526015,2.448112,IND,ARE,843041
9201299,107,7,8942,2018,0.0,1743782.0,-0.389954,-0.258156,IRN,ARE,843041
9201300,108,7,8942,2018,0.0,1089.0,-1.7504400000000002,-1.018699,IRQ,ARE,843041
9201301,111,7,8942,2018,1847485.0,0.0,1.3602530000000002,0.453607,ITA,ARE,843041
9201302,113,7,8942,2018,0.0,50315.0,-0.086895,0.283829,JOR,ARE,843041
9201303,114,7,8942,2018,395696.0,0.0,2.514533,-0.416074,JPN,ARE,843041
9201304,121,7,8942,2018,1216970.0,0.0,2.093866,0.764303,KOR,ARE,843041
9201305,122,7,8942,2018,187914.0,235014.0,-0.668802,-1.154012,KWT,ARE,843041
9201306,124,7,8942,2018,0.0,30621.0,0.270554,0.9995149999999999,LBN,ARE,843041
9201307,141,7,8942,2018,0.0,73727.0,-0.49666499999999997,-0.7189909999999999,MLI,ARE,843041
9201308,148,7,8942,2018,0.0,556712.0,-1.511361,-1.296003,MRT,ARE,843041
9201309,153,7,8942,2018,0.0,495414.0,1.122976,0.734109,MYS,ARE,843041
9201310,159,7,8942,2018,0.0,344340.0,-1.8238,-1.259938,NGA,ARE,843041
9201311,162,7,8942,2018,456377.0,228975.0,1.1478899999999999,1.454758,NLD,ARE,843041
9201312,163,7,8942,2018,0.0,47010.0,0.681639,0.021762,NOR,ARE,843041
9201313,167,7,8942,2018,360888.0,1307388.0,-0.548048,-0.9972989999999999,OMN,ARE,843041
9201314,168,7,8942,2018,0.0,234343.0,-0.64348,0.665045,PAK,ARE,843041
9201315,173,7,8942,2018,0.0,176691.0,-0.6673060000000001,-0.183315,PER,ARE,843041
9201316,174,7,8942,2018,0.0,322731.0,0.781409,0.22126700000000002,PHL,ARE,843041
9201317,186,7,8942,2018,293356.0,0.0,0.21398000000000003,0.100414,RUS,ARE,843041
9201318,188,7,8942,2018,58208.0,313626.0,0.5801810000000001,-0.447514,SAU,ARE,843041
9201319,190,7,8942,2018,0.0,116333.0,-1.278532,-1.176008,SDN,ARE,843041
9201320,191,7,8942,2018,0.0,973917.0,-0.751378,-0.390573,SEN,ARE,843041
9201321,192,7,8942,2018,30541.0,752852.0,1.914132,0.652011,SGP,ARE,843041
9201322,208,7,8942,2018,345626.0,0.0,1.76361,0.766904,SWE,ARE,843041
9201323,212,7,8942,2018,0.0,1327.0,-0.6836760000000001,0.554563,SYR,ARE,843041
9201324,224,7,8942,2018,9163.0,35544.0,0.518721,2.5581419999999997,TUR,ARE,843041
9201325,226,7,8942,2018,0.0,145427.0,-0.09850700000000001,1.145606,TZA,ARE,843041
9201326,231,7,8942,2018,2856386.0,8375.0,1.585861,0.44815900000000003,USA,ARE,843041
9201327,232,7,8942,2018,0.0,421579.0,-0.591547,-0.429982,UZB,ARE,843041
9201328,246,7,8942,2018,0.0,57566.0,0.158722,1.394829,ZAF,ARE,843041
9201329,31,8,8942,2018,449660.0,0.0,-1.153953,-1.070749,BOL,ARG,843041
9201330,32,8,8942,2018,758521.0,0.0,0.143397,0.582092,BRA,ARG,843041
9201331,39,8,8942,2018,226431.0,0.0,0.666822,1.218593,CAN,ARG,843041
9201332,42,8,8942,2018,1198651.0,0.0,-0.37677,-0.49605299999999997,CHL,ARG,843041
9201333,43,8,8942,2018,3116565.0,0.0,1.200689,1.2822,CHN,ARG,843041
9201334,61,8,8942,2018,247676.0,0.0,2.109059,-2.428826,DEU,ARG,843041
9201335,71,8,8942,2018,107900.0,0.0,0.744825,2.919005,ESP,ARG,843041
9201336,74,8,8942,2018,764238.0,0.0,1.61151,0.9474549999999999,FIN,ARG,843041
9201337,77,8,8942,2018,1753581.0,0.0,1.420819,0.7793770000000001,FRA,ARG,843041
9201338,81,8,8942,2018,53873.0,0.0,1.693008,0.768159,GBR,ARG,843041
9201339,104,8,8942,2018,163574.0,0.0,0.526015,2.448112,IND,ARG,843041
9201340,111,8,8942,2018,2423768.0,0.0,1.3602530000000002,0.453607,ITA,ARG,843041
9201341,114,8,8942,2018,898099.0,0.0,2.514533,-0.416074,JPN,ARG,843041
9201342,121,8,8942,2018,183777.0,0.0,2.093866,0.764303,KOR,ARG,843041
9201343,173,8,8942,2018,1229238.0,0.0,-0.6673060000000001,-0.183315,PER,ARG,843041
9201344,177,8,8942,2018,279230.0,0.0,1.132475,1.258945,POL,ARG,843041
9201345,180,8,8942,2018,78916.0,0.0,-0.614751,-0.952478,PRY,ARG,843041
9201346,208,8,8942,2018,4143319.0,0.0,1.76361,0.766904,SWE,ARG,843041
9201347,231,8,8942,2018,1320294.0,0.0,1.585861,0.44815900000000003,USA,ARG,843041
9201348,7,15,8942,2018,0.0,255115.0,0.11804400000000001,-0.326851,ARE,AUT,843041
9201349,14,15,8942,2018,0.0,1124019.0,-0.29687199999999997,-0.123116,AUS,AUT,843041
9201350,18,15,8942,2018,0.0,2969588.0,1.270641,1.201063,BEL,AUT,843041
9201351,26,15,8942,2018,0.0,599857.0,0.526392,0.742398,BIH,AUT,843041
9201352,32,15,8942,2018,0.0,73914.0,0.143397,0.582092,BRA,AUT,843041
9201353,39,15,8942,2018,0.0,2601061.0,0.666822,1.218593,CAN,AUT,843041
9201354,41,15,8942,2018,1675952.0,14387409.0,2.2324330000000003,0.7801560000000001,CHE,AUT,843041
9201355,43,15,8942,2018,0.0,21496.0,1.200689,1.2822,CHN,AUT,843041
9201356,49,15,8942,2018,0.0,541300.0,0.20431,-0.15273699999999998,COL,AUT,843041
9201357,59,15,8942,2018,896377.0,2855314.0,1.841016,0.220806,CZE,AUT,843041
9201358,61,15,8942,2018,22786556.0,19434154.0,2.109059,-2.428826,DEU,AUT,843041
9201359,64,15,8942,2018,0.0,3895386.0,1.0945040000000001,1.3311540000000002,DNK,AUT,843041
9201360,71,15,8942,2018,168607.0,81938.0,0.744825,2.919005,ESP,AUT,843041
9201361,74,15,8942,2018,0.0,36959.0,1.61151,0.9474549999999999,FIN,AUT,843041
9201362,77,15,8942,2018,11482.0,4191064.0,1.420819,0.7793770000000001,FRA,AUT,843041
9201363,81,15,8942,2018,0.0,1590413.0,1.693008,0.768159,GBR,AUT,843041
9201364,90,15,8942,2018,0.0,27018.0,0.059539999999999996,1.0321879999999999,GRC,AUT,843041
9201365,97,15,8942,2018,0.0,1187105.0,0.843677,1.656073,HKG,AUT,843041
9201366,102,15,8942,2018,0.0,2295646.0,1.519662,0.833092,HUN,AUT,843041
9201367,107,15,8942,2018,294735.0,270303.0,-0.389954,-0.258156,IRN,AUT,843041
9201368,111,15,8942,2018,2694705.0,1257823.0,1.3602530000000002,0.453607,ITA,AUT,843041
9201369,114,15,8942,2018,0.0,4127678.0,2.514533,-0.416074,JPN,AUT,843041
9201370,122,15,8942,2018,0.0,237516.0,-0.668802,-1.154012,KWT,AUT,843041
9201371,140,15,8942,2018,0.0,55755.0,0.079976,-0.20256,MKD,AUT,843041
9201372,144,15,8942,2018,0.0,415426.0,0.332495,0.124258,MNE,AUT,843041
9201373,153,15,8942,2018,0.0,3105900.0,1.122976,0.734109,MYS,AUT,843041
9201374,162,15,8942,2018,1142317.0,271507.0,1.1478899999999999,1.454758,NLD,AUT,843041
9201375,163,15,8942,2018,0.0,237336.0,0.681639,0.021762,NOR,AUT,843041
9201376,173,15,8942,2018,0.0,1668351.0,-0.6673060000000001,-0.183315,PER,AUT,843041
9201377,174,15,8942,2018,0.0,307435.0,0.781409,0.22126700000000002,PHL,AUT,843041
9201378,177,15,8942,2018,272271.0,1867054.0,1.132475,1.258945,POL,AUT,843041
9201379,179,15,8942,2018,69433.0,0.0,0.652628,2.211758,PRT,AUT,843041
9201380,185,15,8942,2018,0.0,967573.0,1.050715,1.04471,ROU,AUT,843041
9201381,186,15,8942,2018,0.0,2733852.0,0.21398000000000003,0.100414,RUS,AUT,843041
9201382,192,15,8942,2018,0.0,3039092.0,1.914132,0.652011,SGP,AUT,843041
9201383,206,15,8942,2018,80110.0,2342640.0,1.3270979999999999,0.877684,SVK,AUT,843041
9201384,208,15,8942,2018,1175965.0,0.0,1.76361,0.766904,SWE,AUT,843041
9201385,216,15,8942,2018,0.0,769575.0,1.053177,1.4084969999999999,THA,AUT,843041
9201386,224,15,8942,2018,0.0,6610108.0,0.518721,2.5581419999999997,TUR,AUT,843041
9201387,231,15,8942,2018,916993.0,18789856.0,1.585861,0.44815900000000003,USA,AUT,843041
9201388,239,15,8942,2018,0.0,1853370.0,0.003069,0.9169729999999999,VNM,AUT,843041
9201389,246,15,8942,2018,0.0,664069.0,0.158722,1.394829,ZAF,AUT,843041
9201390,7,18,8942,2018,0.0,83242.0,0.11804400000000001,-0.326851,ARE,BEL,843041
9201391,14,18,8942,2018,0.0,138229.0,-0.29687199999999997,-0.123116,AUS,BEL,843041
9201392,15,18,8942,2018,2969588.0,0.0,1.774488,-0.21117800000000003,AUT,BEL,843041
9201393,31,18,8942,2018,0.0,2747.0,-1.153953,-1.070749,BOL,BEL,843041
9201394,32,18,8942,2018,0.0,39427.0,0.143397,0.582092,BRA,BEL,843041
9201395,39,18,8942,2018,7836.0,0.0,0.666822,1.218593,CAN,BEL,843041
9201396,41,18,8942,2018,5346.0,184248.0,2.2324330000000003,0.7801560000000001,CHE,BEL,843041
9201397,43,18,8942,2018,1195.0,0.0,1.200689,1.2822,CHN,BEL,843041
9201398,44,18,8942,2018,0.0,1132293.0,-0.8733569999999999,-0.8443139999999999,CIV,BEL,843041
9201399,45,18,8942,2018,0.0,1716.0,-1.366619,-1.09894,CMR,BEL,843041
9201400,46,18,8942,2018,0.0,23160.0,-1.743034,-1.20446,COD,BEL,843041
9201401,61,18,8942,2018,9355281.0,42045.0,2.109059,-2.428826,DEU,BEL,843041
9201402,66,18,8942,2018,0.0,301298.0,-1.281519,-1.22291,DZA,BEL,843041
9201403,68,18,8942,2018,0.0,715785.0,-0.096635,1.585658,EGY,BEL,843041
9201404,74,18,8942,2018,757683.0,0.0,1.61151,0.9474549999999999,FIN,BEL,843041
9201405,77,18,8942,2018,2028678.0,1203920.0,1.420819,0.7793770000000001,FRA,BEL,843041
9201406,80,18,8942,2018,0.0,13520.0,-1.4979200000000001,-1.180407,GAB,BEL,843041
9201407,81,18,8942,2018,4017.0,63293.0,1.693008,0.768159,GBR,BEL,843041
9201408,83,18,8942,2018,0.0,2042793.0,-0.956109,-0.861556,GHA,BEL,843041
9201409,85,18,8942,2018,0.0,10271.0,-1.036697,-1.1562860000000001,GIN,BEL,843041
9201410,103,18,8942,2018,0.0,87006.0,-0.10130499999999999,1.2414209999999999,IDN,BEL,843041
9201411,104,18,8942,2018,0.0,1318419.0,0.526015,2.448112,IND,BEL,843041
9201412,111,18,8942,2018,3476555.0,148910.0,1.3602530000000002,0.453607,ITA,BEL,843041
9201413,114,18,8942,2018,3924.0,0.0,2.514533,-0.416074,JPN,BEL,843041
9201414,115,18,8942,2018,0.0,9454.0,-0.483862,-0.667417,KAZ,BEL,843041
9201415,124,18,8942,2018,0.0,553096.0,0.270554,0.9995149999999999,LBN,BEL,843041
9201416,131,18,8942,2018,0.0,2127.0,1.1142889999999999,1.306066,LUX,BEL,843041
9201417,134,18,8942,2018,203781.0,67323.0,-0.712775,-0.090013,MAR,BEL,843041
9201418,156,18,8942,2018,0.0,1093.0,-0.49370299999999995,-0.865432,NCL,BEL,843041
9201419,159,18,8942,2018,0.0,9465.0,-1.8238,-1.259938,NGA,BEL,843041
9201420,162,18,8942,2018,4328185.0,1151220.0,1.1478899999999999,1.454758,NLD,BEL,843041
9201421,177,18,8942,2018,0.0,75872.0,1.132475,1.258945,POL,BEL,843041
9201422,188,18,8942,2018,0.0,91833.0,0.5801810000000001,-0.447514,SAU,BEL,843041
9201423,191,18,8942,2018,0.0,46192.0,-0.751378,-0.390573,SEN,BEL,843041
9201424,201,18,8942,2018,305363.0,395321.0,0.607486,1.2139389999999999,SRB,BEL,843041
9201425,206,18,8942,2018,0.0,424818.0,1.3270979999999999,0.877684,SVK,BEL,843041
9201426,215,18,8942,2018,0.0,1671.0,-0.685084,-0.773437,TGO,BEL,843041
9201427,224,18,8942,2018,657031.0,0.0,0.518721,2.5581419999999997,TUR,BEL,843041
9201428,231,18,8942,2018,3585177.0,103591.0,1.585861,0.44815900000000003,USA,BEL,843041
9201429,246,18,8942,2018,0.0,73707.0,0.158722,1.394829,ZAF,BEL,843041
9201430,7,23,8942,2018,0.0,36838.0,0.11804400000000001,-0.326851,ARE,BGR,843041
9201431,9,23,8942,2018,11638.0,0.0,-0.330516,-0.604744,ARM,BGR,843041
9201432,43,23,8942,2018,456077.0,0.0,1.200689,1.2822,CHN,BGR,843041
9201433,61,23,8942,2018,104835.0,0.0,2.109059,-2.428826,DEU,BGR,843041
9201434,71,23,8942,2018,12492.0,0.0,0.744825,2.919005,ESP,BGR,843041
9201435,74,23,8942,2018,386721.0,0.0,1.61151,0.9474549999999999,FIN,BGR,843041
9201436,77,23,8942,2018,306141.0,0.0,1.420819,0.7793770000000001,FRA,BGR,843041
9201437,81,23,8942,2018,40743.0,0.0,1.693008,0.768159,GBR,BGR,843041
9201438,90,23,8942,2018,34626.0,788204.0,0.059539999999999996,1.0321879999999999,GRC,BGR,843041
9201439,111,23,8942,2018,576154.0,3408.0,1.3602530000000002,0.453607,ITA,BGR,843041
9201440,140,23,8942,2018,103986.0,187906.0,0.079976,-0.20256,MKD,BGR,843041
9201441,162,23,8942,2018,3675.0,2811.0,1.1478899999999999,1.454758,NLD,BGR,843041
9201442,163,23,8942,2018,102001.0,0.0,0.681639,0.021762,NOR,BGR,843041
9201443,186,23,8942,2018,35746.0,0.0,0.21398000000000003,0.100414,RUS,BGR,843041
9201444,201,23,8942,2018,419734.0,35122.0,0.607486,1.2139389999999999,SRB,BGR,843041
9201445,208,23,8942,2018,975416.0,0.0,1.76361,0.766904,SWE,BGR,843041
9201446,228,23,8942,2018,4636.0,0.0,0.337296,0.758675,UKR,BGR,843041
9201447,231,23,8942,2018,39725.0,2695.0,1.585861,0.44815900000000003,USA,BGR,843041
9201448,7,24,8942,2018,1469463.0,1400787.0,0.11804400000000001,-0.326851,ARE,BHR,843041
9201449,43,24,8942,2018,276136.0,0.0,1.200689,1.2822,CHN,BHR,843041
9201450,61,24,8942,2018,635929.0,0.0,2.109059,-2.428826,DEU,BHR,843041
9201451,81,24,8942,2018,2926.0,0.0,1.693008,0.768159,GBR,BHR,843041
9201452,104,24,8942,2018,5265684.0,0.0,0.526015,2.448112,IND,BHR,843041
9201453,111,24,8942,2018,275761.0,0.0,1.3602530000000002,0.453607,ITA,BHR,843041
9201454,122,24,8942,2018,0.0,3935.0,-0.668802,-1.154012,KWT,BHR,843041
9201455,167,24,8942,2018,0.0,2581.0,-0.548048,-0.9972989999999999,OMN,BHR,843041
9201456,188,24,8942,2018,26647.0,0.0,0.5801810000000001,-0.447514,SAU,BHR,843041
9201457,231,24,8942,2018,66356.0,0.0,1.585861,0.44815900000000003,USA,BHR,843041
9201458,249,24,8942,2018,26866.0,0.0,2.0462540000000002,1.166636,TWN,BHR,843041
9201459,8,32,8942,2018,0.0,758521.0,-0.14316800000000002,0.14356,ARG,BRA,843041
9201460,14,32,8942,2018,0.0,118671.0,-0.29687199999999997,-0.123116,AUS,BRA,843041
9201461,15,32,8942,2018,73914.0,0.0,1.774488,-0.21117800000000003,AUT,BRA,843041
9201462,18,32,8942,2018,39427.0,0.0,1.270641,1.201063,BEL,BRA,843041
9201463,31,32,8942,2018,0.0,1318678.0,-1.153953,-1.070749,BOL,BRA,843041
9201464,39,32,8942,2018,1106220.0,470144.0,0.666822,1.218593,CAN,BRA,843041
9201465,42,32,8942,2018,965280.0,197261.0,-0.37677,-0.49605299999999997,CHL,BRA,843041
9201466,43,32,8942,2018,226991.0,0.0,1.200689,1.2822,CHN,BRA,843041
9201467,49,32,8942,2018,0.0,2935.0,0.20431,-0.15273699999999998,COL,BRA,843041
9201468,61,32,8942,2018,1289438.0,0.0,2.109059,-2.428826,DEU,BRA,843041
9201469,71,32,8942,2018,85740.0,6746.0,0.744825,2.919005,ESP,BRA,843041
9201470,72,32,8942,2018,0.0,34133.0,0.979986,1.2365899999999999,EST,BRA,843041
9201471,74,32,8942,2018,13535748.0,0.0,1.61151,0.9474549999999999,FIN,BRA,843041
9201472,77,32,8942,2018,2346634.0,0.0,1.420819,0.7793770000000001,FRA,BRA,843041
9201473,104,32,8942,2018,99350.0,2418.0,0.526015,2.448112,IND,BRA,843041
9201474,111,32,8942,2018,57271.0,369193.0,1.3602530000000002,0.453607,ITA,BRA,843041
9201475,167,32,8942,2018,0.0,29830.0,-0.548048,-0.9972989999999999,OMN,BRA,843041
9201476,173,32,8942,2018,305950.0,1351.0,-0.6673060000000001,-0.183315,PER,BRA,843041
9201477,179,32,8942,2018,171143.0,436013.0,0.652628,2.211758,PRT,BRA,843041
9201478,180,32,8942,2018,0.0,491174.0,-0.614751,-0.952478,PRY,BRA,843041
9201479,205,32,8942,2018,0.0,6433.0,-0.798074,-1.023046,SUR,BRA,843041
9201480,208,32,8942,2018,5236878.0,0.0,1.76361,0.766904,SWE,BRA,843041
9201481,224,32,8942,2018,0.0,80206.0,0.518721,2.5581419999999997,TUR,BRA,843041
9201482,230,32,8942,2018,0.0,74746.0,-0.02056,-0.38911,URY,BRA,843041
9201483,231,32,8942,2018,833830.0,2298529.0,1.585861,0.44815900000000003,USA,BRA,843041
9201484,246,32,8942,2018,5554.0,0.0,0.158722,1.394829,ZAF,BRA,843041
9201485,247,32,8942,2018,72831.0,0.0,-0.736064,-0.93958,ZMB,BRA,843041
9201486,231,33,8942,2018,2062.0,0.0,1.585861,0.44815900000000003,USA,BRB,843041
9201487,7,39,8942,2018,0.0,13550.0,0.11804400000000001,-0.326851,ARE,CAN,843041
9201488,8,39,8942,2018,0.0,226431.0,-0.14316800000000002,0.14356,ARG,CAN,843041
9201489,14,39,8942,2018,111694.0,2112717.0,-0.29687199999999997,-0.123116,AUS,CAN,843041
9201490,15,39,8942,2018,2601061.0,0.0,1.774488,-0.21117800000000003,AUT,CAN,843041
9201491,18,39,8942,2018,0.0,7836.0,1.270641,1.201063,BEL,CAN,843041
9201492,21,39,8942,2018,266175.0,810485.0,-0.8835200000000001,-0.9790620000000001,BFA,CAN,843041
9201493,32,39,8942,2018,470144.0,1106220.0,0.143397,0.582092,BRA,CAN,843041
9201494,42,39,8942,2018,274427.0,3591975.0,-0.37677,-0.49605299999999997,CHL,CAN,843041
9201495,43,39,8942,2018,434056.0,0.0,1.200689,1.2822,CHN,CAN,843041
9201496,44,39,8942,2018,0.0,16768.0,-0.8733569999999999,-0.8443139999999999,CIV,CAN,843041
9201497,49,39,8942,2018,1154.0,1069255.0,0.20431,-0.15273699999999998,COL,CAN,843041
9201498,61,39,8942,2018,3995910.0,1741110.0,2.109059,-2.428826,DEU,CAN,843041
9201499,65,39,8942,2018,0.0,1189735.0,-0.084258,0.474872,DOM,CAN,843041
9201500,68,39,8942,2018,23307.0,0.0,-0.096635,1.585658,EGY,CAN,843041
9201501,72,39,8942,2018,1201.0,0.0,0.979986,1.2365899999999999,EST,CAN,843041
9201502,74,39,8942,2018,9524218.0,0.0,1.61151,0.9474549999999999,FIN,CAN,843041
9201503,77,39,8942,2018,1961972.0,156770.0,1.420819,0.7793770000000001,FRA,CAN,843041
9201504,81,39,8942,2018,193142.0,50906.0,1.693008,0.768159,GBR,CAN,843041
9201505,82,39,8942,2018,0.0,463290.0,-0.049871,-0.28439899999999996,GEO,CAN,843041
9201506,83,39,8942,2018,0.0,629711.0,-0.956109,-0.861556,GHA,CAN,843041
9201507,93,39,8942,2018,110868.0,0.0,-0.362668,0.520826,GTM,CAN,843041
9201508,96,39,8942,2018,0.0,178080.0,-0.841458,-0.9803280000000001,GUY,CAN,843041
9201509,97,39,8942,2018,288233.0,0.0,0.843677,1.656073,HKG,CAN,843041
9201510,103,39,8942,2018,0.0,288985.0,-0.10130499999999999,1.2414209999999999,IDN,CAN,843041
9201511,104,39,8942,2018,9299.0,304184.0,0.526015,2.448112,IND,CAN,843041
9201512,106,39,8942,2018,0.0,16391.0,1.262419,0.013576,IRL,CAN,843041
9201513,111,39,8942,2018,9977292.0,0.0,1.3602530000000002,0.453607,ITA,CAN,843041
9201514,114,39,8942,2018,2306562.0,0.0,2.514533,-0.416074,JPN,CAN,843041
9201515,115,39,8942,2018,0.0,2641550.0,-0.483862,-0.667417,KAZ,CAN,843041
9201516,117,39,8942,2018,0.0,630222.0,-0.141491,0.33161,KGZ,CAN,843041
9201517,121,39,8942,2018,425162.0,0.0,2.093866,0.764303,KOR,CAN,843041
9201518,131,39,8942,2018,0.0,2464.0,1.1142889999999999,1.306066,LUX,CAN,843041
9201519,137,39,8942,2018,0.0,18808.0,-0.577527,-0.952098,MDV,CAN,843041
9201520,138,39,8942,2018,425649.0,484445.0,1.00061,0.585759,MEX,CAN,843041
9201521,141,39,8942,2018,0.0,256612.0,-0.49666499999999997,-0.7189909999999999,MLI,CAN,843041
9201522,145,39,8942,2018,69649.0,53953.0,-0.934398,-1.125105,MNG,CAN,843041
9201523,162,39,8942,2018,69503.0,282958.0,1.1478899999999999,1.454758,NLD,CAN,843041
9201524,163,39,8942,2018,0.0,36076.0,0.681639,0.021762,NOR,CAN,843041
9201525,169,39,8942,2018,0.0,175111.0,0.104326,-0.11611800000000001,PAN,CAN,843041
9201526,173,39,8942,2018,0.0,830234.0,-0.6673060000000001,-0.183315,PER,CAN,843041
9201527,174,39,8942,2018,0.0,8918.0,0.781409,0.22126700000000002,PHL,CAN,843041
9201528,177,39,8942,2018,325344.0,146017.0,1.132475,1.258945,POL,CAN,843041
9201529,185,39,8942,2018,0.0,75522.0,1.050715,1.04471,ROU,CAN,843041
9201530,186,39,8942,2018,0.0,38564.0,0.21398000000000003,0.100414,RUS,CAN,843041
9201531,192,39,8942,2018,0.0,63641.0,1.914132,0.652011,SGP,CAN,843041
9201532,199,39,8942,2018,0.0,45631.0,-1.4787370000000002,-1.050578,SOM,CAN,843041
9201533,201,39,8942,2018,0.0,1124.0,0.607486,1.2139389999999999,SRB,CAN,843041
9201534,205,39,8942,2018,0.0,120197.0,-0.798074,-1.023046,SUR,CAN,843041
9201535,208,39,8942,2018,13519817.0,0.0,1.76361,0.766904,SWE,CAN,843041
9201536,226,39,8942,2018,0.0,168697.0,-0.09850700000000001,1.145606,TZA,CAN,843041
9201537,228,39,8942,2018,0.0,43757.0,0.337296,0.758675,UKR,CAN,843041
9201538,231,39,8942,2018,54628452.0,24853020.0,1.585861,0.44815900000000003,USA,CAN,843041
9201539,246,39,8942,2018,0.0,732026.0,0.158722,1.394829,ZAF,CAN,843041
9201540,247,39,8942,2018,0.0,1160372.0,-0.736064,-0.93958,ZMB,CAN,843041
9201541,250,39,8942,2018,1028315.0,0.0,0.809991,-0.368737,ANS,CAN,843041
9201542,2,41,8942,2018,0.0,476916.0,-1.489191,-1.213992,AGO,CHE,843041
9201543,7,41,8942,2018,0.0,64348.0,0.11804400000000001,-0.326851,ARE,CHE,843041
9201544,15,41,8942,2018,14387409.0,1675952.0,1.774488,-0.21117800000000003,AUT,CHE,843041
9201545,18,41,8942,2018,184248.0,5346.0,1.270641,1.201063,BEL,CHE,843041
9201546,61,41,8942,2018,13002853.0,4552161.0,2.109059,-2.428826,DEU,CHE,843041
9201547,72,41,8942,2018,0.0,49081.0,0.979986,1.2365899999999999,EST,CHE,843041
9201548,74,41,8942,2018,738623.0,0.0,1.61151,0.9474549999999999,FIN,CHE,843041
9201549,77,41,8942,2018,2332164.0,41157.0,1.420819,0.7793770000000001,FRA,CHE,843041
9201550,111,41,8942,2018,9608362.0,91777.0,1.3602530000000002,0.453607,ITA,CHE,843041
9201551,114,41,8942,2018,31541.0,0.0,2.514533,-0.416074,JPN,CHE,843041
9201552,115,41,8942,2018,0.0,1198159.0,-0.483862,-0.667417,KAZ,CHE,843041
9201553,140,41,8942,2018,0.0,13725.0,0.079976,-0.20256,MKD,CHE,843041
9201554,162,41,8942,2018,280813.0,211795.0,1.1478899999999999,1.454758,NLD,CHE,843041
9201555,163,41,8942,2018,66416.0,0.0,0.681639,0.021762,NOR,CHE,843041
9201556,177,41,8942,2018,95990.0,567066.0,1.132475,1.258945,POL,CHE,843041
9201557,186,41,8942,2018,0.0,103005.0,0.21398000000000003,0.100414,RUS,CHE,843041
9201558,201,41,8942,2018,0.0,17463.0,0.607486,1.2139389999999999,SRB,CHE,843041
9201559,207,41,8942,2018,0.0,13843.0,1.67428,0.7703800000000001,SVN,CHE,843041
9201560,208,41,8942,2018,1038957.0,136747.0,1.76361,0.766904,SWE,CHE,843041
9201561,217,41,8942,2018,0.0,45250.0,-0.757793,-1.0641209999999999,TJK,CHE,843041
9201562,226,41,8942,2018,0.0,221893.0,-0.09850700000000001,1.145606,TZA,CHE,843041
9201563,227,41,8942,2018,0.0,32414.0,-0.621049,-0.061448,UGA,CHE,843041
9201564,231,41,8942,2018,72282.0,110129.0,1.585861,0.44815900000000003,USA,CHE,843041
9201565,246,41,8942,2018,0.0,34110.0,0.158722,1.394829,ZAF,CHE,843041
9201566,7,42,8942,2018,115484.0,0.0,0.11804400000000001,-0.326851,ARE,CHL,843041
9201567,8,42,8942,2018,0.0,1198651.0,-0.14316800000000002,0.14356,ARG,CHL,843041
9201568,14,42,8942,2018,648880.0,0.0,-0.29687199999999997,-0.123116,AUS,CHL,843041
9201569,31,42,8942,2018,42271.0,148843.0,-1.153953,-1.070749,BOL,CHL,843041
9201570,32,42,8942,2018,197261.0,965280.0,0.143397,0.582092,BRA,CHL,843041
9201571,39,42,8942,2018,3591975.0,274427.0,0.666822,1.218593,CAN,CHL,843041
9201572,43,42,8942,2018,1092015.0,0.0,1.200689,1.2822,CHN,CHL,843041
9201573,61,42,8942,2018,75328.0,77645.0,2.109059,-2.428826,DEU,CHL,843041
9201574,67,42,8942,2018,0.0,795313.0,-0.873973,-1.032841,ECU,CHL,843041
9201575,71,42,8942,2018,238755.0,0.0,0.744825,2.919005,ESP,CHL,843041
9201576,74,42,8942,2018,1127426.0,0.0,1.61151,0.9474549999999999,FIN,CHL,843041
9201577,106,42,8942,2018,13775.0,0.0,1.262419,0.013576,IRL,CHL,843041
9201578,111,42,8942,2018,2333357.0,0.0,1.3602530000000002,0.453607,ITA,CHL,843041
9201579,114,42,8942,2018,381289.0,0.0,2.514533,-0.416074,JPN,CHL,843041
9201580,121,42,8942,2018,211709.0,0.0,2.093866,0.764303,KOR,CHL,843041
9201581,138,42,8942,2018,0.0,61736.0,1.00061,0.585759,MEX,CHL,843041
9201582,153,42,8942,2018,0.0,756338.0,1.122976,0.734109,MYS,CHL,843041
9201583,162,42,8942,2018,0.0,53234.0,1.1478899999999999,1.454758,NLD,CHL,843041
9201584,173,42,8942,2018,1415716.0,1056916.0,-0.6673060000000001,-0.183315,PER,CHL,843041
9201585,177,42,8942,2018,1547490.0,0.0,1.132475,1.258945,POL,CHL,843041
9201586,196,42,8942,2018,87834.0,0.0,-0.06932999999999999,-0.36035300000000003,SLE,CHL,843041
9201587,201,42,8942,2018,0.0,428202.0,0.607486,1.2139389999999999,SRB,CHL,843041
9201588,208,42,8942,2018,10679152.0,1840653.0,1.76361,0.766904,SWE,CHL,843041
9201589,224,42,8942,2018,0.0,235153.0,0.518721,2.5581419999999997,TUR,CHL,843041
9201590,230,42,8942,2018,0.0,53094.0,-0.02056,-0.38911,URY,CHL,843041
9201591,231,42,8942,2018,10766732.0,1521810.0,1.585861,0.44815900000000003,USA,CHL,843041
9201592,246,42,8942,2018,350994.0,0.0,0.158722,1.394829,ZAF,CHL,843041
9201593,250,42,8942,2018,10400.0,0.0,0.809991,-0.368737,ANS,CHL,843041
9201594,1,43,8942,2018,0.0,42728.0,-1.267508,-0.8494940000000001,AFG,CHN,843041
9201595,2,43,8942,2018,0.0,33881.0,-1.489191,-1.213992,AGO,CHN,843041
9201596,4,43,8942,2018,0.0,12487.0,-0.456481,-0.139655,ALB,CHN,843041
9201597,7,43,8942,2018,36832.0,3563176.0,0.11804400000000001,-0.326851,ARE,CHN,843041
9201598,8,43,8942,2018,0.0,3116565.0,-0.14316800000000002,0.14356,ARG,CHN,843041
9201599,9,43,8942,2018,0.0,272949.0,-0.330516,-0.604744,ARM,CHN,843041
9201600,14,43,8942,2018,645726.0,1954283.0,-0.29687199999999997,-0.123116,AUS,CHN,843041
9201601,15,43,8942,2018,21496.0,0.0,1.774488,-0.21117800000000003,AUT,CHN,843041
9201602,16,43,8942,2018,0.0,47795.0,-1.144089,-1.224327,AZE,CHN,843041
9201603,18,43,8942,2018,0.0,1195.0,1.270641,1.201063,BEL,CHN,843041
9201604,19,43,8942,2018,51657.0,66658.0,-0.646475,-0.769808,BEN,CHN,843041
9201605,21,43,8942,2018,0.0,56021.0,-0.8835200000000001,-0.9790620000000001,BFA,CHN,843041
9201606,22,43,8942,2018,0.0,10056398.0,-0.899467,-0.9823719999999999,BGD,CHN,843041
9201607,23,43,8942,2018,0.0,456077.0,0.571226,1.836856,BGR,CHN,843041
9201608,24,43,8942,2018,0.0,276136.0,0.318352,-0.69221,BHR,CHN,843041
9201609,26,43,8942,2018,0.0,100333.0,0.526392,0.742398,BIH,CHN,843041
9201610,28,43,8942,2018,0.0,90430.0,0.850089,0.8332870000000001,BLR,CHN,843041
9201611,31,43,8942,2018,0.0,412152.0,-1.153953,-1.070749,BOL,CHN,843041
9201612,32,43,8942,2018,0.0,226991.0,0.143397,0.582092,BRA,CHN,843041
9201613,34,43,8942,2018,0.0,687662.0,0.562198,-0.774457,BRN,CHN,843041
9201614,37,43,8942,2018,0.0,15999.0,-0.8339610000000001,-1.184307,BWA,CHN,843041
9201615,39,43,8942,2018,0.0,434056.0,0.666822,1.218593,CAN,CHN,843041
9201616,42,43,8942,2018,0.0,1092015.0,-0.37677,-0.49605299999999997,CHL,CHN,843041
9201617,44,43,8942,2018,0.0,86122.0,-0.8733569999999999,-0.8443139999999999,CIV,CHN,843041
9201618,45,43,8942,2018,0.0,116754.0,-1.366619,-1.09894,CMR,CHN,843041
9201619,46,43,8942,2018,0.0,1347587.0,-1.743034,-1.20446,COD,CHN,843041
9201620,47,43,8942,2018,0.0,1749608.0,-1.52875,-1.1869100000000001,COG,CHN,843041
9201621,48,43,8942,2018,0.0,15115.0,0.716123,-0.631445,COK,CHN,843041
9201622,49,43,8942,2018,0.0,2142182.0,0.20431,-0.15273699999999998,COL,CHN,843041
9201623,61,43,8942,2018,2469105.0,6763.0,2.109059,-2.428826,DEU,CHN,843041
9201624,62,43,8942,2018,0.0,1127159.0,-0.11008599999999999,-0.603731,DJI,CHN,843041
9201625,64,43,8942,2018,0.0,3343.0,1.0945040000000001,1.3311540000000002,DNK,CHN,843041
9201626,65,43,8942,2018,0.0,28441.0,-0.084258,0.474872,DOM,CHN,843041
9201627,66,43,8942,2018,0.0,10890533.0,-1.281519,-1.22291,DZA,CHN,843041
9201628,67,43,8942,2018,0.0,560284.0,-0.873973,-1.032841,ECU,CHN,843041
9201629,68,43,8942,2018,0.0,2813090.0,-0.096635,1.585658,EGY,CHN,843041
9201630,71,43,8942,2018,112051.0,25735.0,0.744825,2.919005,ESP,CHN,843041
9201631,73,43,8942,2018,123858.0,352182.0,-0.874857,-0.464958,ETH,CHN,843041
9201632,74,43,8942,2018,244679.0,4876.0,1.61151,0.9474549999999999,FIN,CHN,843041
9201633,75,43,8942,2018,0.0,24259.0,-0.269185,0.006362,FJI,CHN,843041
9201634,77,43,8942,2018,364437.0,10117.0,1.420819,0.7793770000000001,FRA,CHN,843041
9201635,80,43,8942,2018,0.0,55242.0,-1.4979200000000001,-1.180407,GAB,CHN,843041
9201636,81,43,8942,2018,218670.0,134551.0,1.693008,0.768159,GBR,CHN,843041
9201637,82,43,8942,2018,0.0,44329.0,-0.049871,-0.28439899999999996,GEO,CHN,843041
9201638,83,43,8942,2018,0.0,425817.0,-0.956109,-0.861556,GHA,CHN,843041
9201639,85,43,8942,2018,0.0,1660859.0,-1.036697,-1.1562860000000001,GIN,CHN,843041
9201640,87,43,8942,2018,0.0,14755.0,-0.85649,-0.761513,GMB,CHN,843041
9201641,90,43,8942,2018,0.0,526616.0,0.059539999999999996,1.0321879999999999,GRC,CHN,843041
9201642,91,43,8942,2018,0.0,2916.0,0.28333800000000003,-0.40042,GRD,CHN,843041
9201643,93,43,8942,2018,0.0,4023.0,-0.362668,0.520826,GTM,CHN,843041
9201644,96,43,8942,2018,0.0,3387.0,-0.841458,-0.9803280000000001,GUY,CHN,843041
9201645,97,43,8942,2018,4676599.0,590492.0,0.843677,1.656073,HKG,CHN,843041
9201646,99,43,8942,2018,0.0,37061.0,-0.523738,-0.193198,HND,CHN,843041
9201647,102,43,8942,2018,0.0,9650.0,1.519662,0.833092,HUN,CHN,843041
9201648,103,43,8942,2018,455743.0,21863482.0,-0.10130499999999999,1.2414209999999999,IDN,CHN,843041
9201649,104,43,8942,2018,4727838.0,68820592.0,0.526015,2.448112,IND,CHN,843041
9201650,106,43,8942,2018,0.0,32165.0,1.262419,0.013576,IRL,CHN,843041
9201651,107,43,8942,2018,0.0,803428.0,-0.389954,-0.258156,IRN,CHN,843041
9201652,108,43,8942,2018,0.0,9050905.0,-1.7504400000000002,-1.018699,IRQ,CHN,843041
9201653,109,43,8942,2018,0.0,330112.0,0.252338,-0.341319,ISL,CHN,843041
9201654,110,43,8942,2018,0.0,138408.0,1.355071,0.872822,ISR,CHN,843041
9201655,111,43,8942,2018,7526254.0,13274.0,1.3602530000000002,0.453607,ITA,CHN,843041
9201656,112,43,8942,2018,0.0,790648.0,-0.339328,-0.8756659999999999,JAM,CHN,843041
9201657,114,43,8942,2018,4289970.0,1012497.0,2.514533,-0.416074,JPN,CHN,843041
9201658,115,43,8942,2018,236817.0,4485874.0,-0.483862,-0.667417,KAZ,CHN,843041
9201659,116,43,8942,2018,0.0,734307.0,-0.32707800000000004,0.71009,KEN,CHN,843041
9201660,117,43,8942,2018,8506.0,1416984.0,-0.141491,0.33161,KGZ,CHN,843041
9201661,118,43,8942,2018,0.0,8224749.0,-0.45740299999999995,-0.575966,KHM,CHN,843041
9201662,121,43,8942,2018,4207273.0,357666.0,2.093866,0.764303,KOR,CHN,843041
9201663,122,43,8942,2018,0.0,7279284.0,-0.668802,-1.154012,KWT,CHN,843041
9201664,123,43,8942,2018,0.0,3838592.0,-0.788808,-0.8012670000000001,LAO,CHN,843041
9201665,124,43,8942,2018,0.0,78956.0,0.270554,0.9995149999999999,LBN,CHN,843041
9201666,128,43,8942,2018,0.0,3294151.0,-0.544504,0.41074099999999997,LKA,CHN,843041
9201667,129,43,8942,2018,0.0,1206.0,-0.413303,-0.46411899999999995,LSO,CHN,843041
9201668,133,43,8942,2018,11185.0,403133.0,0.44520299999999996,0.042491,MAC,CHN,843041
9201669,134,43,8942,2018,0.0,846152.0,-0.712775,-0.090013,MAR,CHN,843041
9201670,136,43,8942,2018,0.0,75446.0,-1.2144549999999998,-0.748326,MDG,CHN,843041
9201671,137,43,8942,2018,0.0,6692.0,-0.577527,-0.952098,MDV,CHN,843041
9201672,138,43,8942,2018,0.0,2125148.0,1.00061,0.585759,MEX,CHN,843041
9201673,140,43,8942,2018,0.0,1938.0,0.079976,-0.20256,MKD,CHN,843041
9201674,141,43,8942,2018,0.0,5231.0,-0.49666499999999997,-0.7189909999999999,MLI,CHN,843041
9201675,143,43,8942,2018,0.0,1387349.0,-0.936467,-0.223413,MMR,CHN,843041
9201676,145,43,8942,2018,0.0,1957624.0,-0.934398,-1.125105,MNG,CHN,843041
9201677,147,43,8942,2018,0.0,396579.0,-1.380023,-1.027817,MOZ,CHN,843041
9201678,148,43,8942,2018,0.0,36855.0,-1.511361,-1.296003,MRT,CHN,843041
9201679,151,43,8942,2018,0.0,8037.0,-0.128221,0.15049400000000002,MUS,CHN,843041
9201680,152,43,8942,2018,0.0,31135.0,-0.7015979999999999,-0.9293680000000001,MWI,CHN,843041
9201681,153,43,8942,2018,0.0,22419932.0,1.122976,0.734109,MYS,CHN,843041
9201682,155,43,8942,2018,0.0,54786.0,-0.668091,-0.779938,NAM,CHN,843041
9201683,157,43,8942,2018,0.0,42641.0,-0.633115,-0.839564,NER,CHN,843041
9201684,159,43,8942,2018,0.0,3109554.0,-1.8238,-1.259938,NGA,CHN,843041
9201685,162,43,8942,2018,334117.0,157138.0,1.1478899999999999,1.454758,NLD,CHN,843041
9201686,163,43,8942,2018,0.0,2732.0,0.681639,0.021762,NOR,CHN,843041
9201687,164,43,8942,2018,0.0,1764498.0,-0.252837,0.999258,NPL,CHN,843041
9201688,166,43,8942,2018,0.0,49474.0,0.21902600000000003,0.148714,NZL,CHN,843041
9201689,167,43,8942,2018,0.0,44439112.0,-0.548048,-0.9972989999999999,OMN,CHN,843041
9201690,168,43,8942,2018,0.0,20898862.0,-0.64348,0.665045,PAK,CHN,843041
9201691,169,43,8942,2018,0.0,21538.0,0.104326,-0.11611800000000001,PAN,CHN,843041
9201692,173,43,8942,2018,0.0,1141586.0,-0.6673060000000001,-0.183315,PER,CHN,843041
9201693,174,43,8942,2018,0.0,4831834.0,0.781409,0.22126700000000002,PHL,CHN,843041
9201694,176,43,8942,2018,0.0,231064.0,-1.7580360000000002,-1.239492,PNG,CHN,843041
9201695,177,43,8942,2018,0.0,65912.0,1.132475,1.258945,POL,CHN,843041
9201696,180,43,8942,2018,0.0,2900.0,-0.614751,-0.952478,PRY,CHN,843041
9201697,183,43,8942,2018,0.0,222352.0,-0.068401,-1.014732,QAT,CHN,843041
9201698,185,43,8942,2018,0.0,616295.0,1.050715,1.04471,ROU,CHN,843041
9201699,186,43,8942,2018,0.0,60638868.0,0.21398000000000003,0.100414,RUS,CHN,843041
9201700,187,43,8942,2018,0.0,5088.0,-0.618925,-0.788172,RWA,CHN,843041
9201701,188,43,8942,2018,38825.0,37356444.0,0.5801810000000001,-0.447514,SAU,CHN,843041
9201702,190,43,8942,2018,0.0,495422.0,-1.278532,-1.176008,SDN,CHN,843041
9201703,191,43,8942,2018,0.0,82704.0,-0.751378,-0.390573,SEN,CHN,843041
9201704,192,43,8942,2018,1719244.0,31906706.0,1.914132,0.652011,SGP,CHN,843041
9201705,195,43,8942,2018,0.0,10506.0,-1.246494,-0.998495,SLB,CHN,843041
9201706,196,43,8942,2018,0.0,6702.0,-0.06932999999999999,-0.36035300000000003,SLE,CHN,843041
9201707,197,43,8942,2018,0.0,10539.0,0.073928,0.22548600000000002,SLV,CHN,843041
9201708,199,43,8942,2018,0.0,11801.0,-1.4787370000000002,-1.050578,SOM,CHN,843041
9201709,201,43,8942,2018,0.0,612944.0,0.607486,1.2139389999999999,SRB,CHN,843041
9201710,206,43,8942,2018,0.0,15803.0,1.3270979999999999,0.877684,SVK,CHN,843041
9201711,208,43,8942,2018,5069878.0,0.0,1.76361,0.766904,SWE,CHN,843041
9201712,214,43,8942,2018,0.0,327451.0,-1.845707,-1.032018,TCD,CHN,843041
9201713,216,43,8942,2018,0.0,19424990.0,1.053177,1.4084969999999999,THA,CHN,843041
9201714,217,43,8942,2018,0.0,2185518.0,-0.757793,-1.0641209999999999,TJK,CHN,843041
9201715,220,43,8942,2018,0.0,34840.0,-0.595688,-0.8907370000000001,TLS,CHN,843041
9201716,223,43,8942,2018,0.0,67397.0,0.259778,1.187194,TUN,CHN,843041
9201717,224,43,8942,2018,0.0,9656226.0,0.518721,2.5581419999999997,TUR,CHN,843041
9201718,226,43,8942,2018,0.0,488546.0,-0.09850700000000001,1.145606,TZA,CHN,843041
9201719,227,43,8942,2018,0.0,151133.0,-0.621049,-0.061448,UGA,CHN,843041
9201720,228,43,8942,2018,0.0,10684856.0,0.337296,0.758675,UKR,CHN,843041
9201721,230,43,8942,2018,0.0,6479.0,-0.02056,-0.38911,URY,CHN,843041
9201722,231,43,8942,2018,6518768.0,47023.0,1.585861,0.44815900000000003,USA,CHN,843041
9201723,232,43,8942,2018,0.0,2419284.0,-0.591547,-0.429982,UZB,CHN,843041
9201724,239,43,8942,2018,0.0,12307503.0,0.003069,0.9169729999999999,VNM,CHN,843041
9201725,246,43,8942,2018,0.0,8055558.0,0.158722,1.394829,ZAF,CHN,843041
9201726,247,43,8942,2018,0.0,266329.0,-0.736064,-0.93958,ZMB,CHN,843041
9201727,248,43,8942,2018,0.0,329998.0,-1.181524,-1.0648520000000001,ZWE,CHN,843041
9201728,249,43,8942,2018,63573.0,650767.0,2.0462540000000002,1.166636,TWN,CHN,843041
9201729,15,49,8942,2018,541300.0,0.0,1.774488,-0.21117800000000003,AUT,COL,843041
9201730,32,49,8942,2018,2935.0,0.0,0.143397,0.582092,BRA,COL,843041
9201731,39,49,8942,2018,1069255.0,1154.0,0.666822,1.218593,CAN,COL,843041
9201732,43,49,8942,2018,2142182.0,0.0,1.200689,1.2822,CHN,COL,843041
9201733,61,49,8942,2018,211759.0,0.0,2.109059,-2.428826,DEU,COL,843041
9201734,65,49,8942,2018,0.0,369789.0,-0.084258,0.474872,DOM,COL,843041
9201735,67,49,8942,2018,0.0,132023.0,-0.873973,-1.032841,ECU,COL,843041
9201736,71,49,8942,2018,28157.0,164659.0,0.744825,2.919005,ESP,COL,843041
9201737,73,49,8942,2018,0.0,460853.0,-0.874857,-0.464958,ETH,COL,843041
9201738,74,49,8942,2018,242787.0,0.0,1.61151,0.9474549999999999,FIN,COL,843041
9201739,77,49,8942,2018,1224466.0,0.0,1.420819,0.7793770000000001,FRA,COL,843041
9201740,104,49,8942,2018,93029.0,0.0,0.526015,2.448112,IND,COL,843041
9201741,111,49,8942,2018,1540155.0,0.0,1.3602530000000002,0.453607,ITA,COL,843041
9201742,114,49,8942,2018,354304.0,0.0,2.514533,-0.416074,JPN,COL,843041
9201743,138,49,8942,2018,0.0,366282.0,1.00061,0.585759,MEX,COL,843041
9201744,162,49,8942,2018,538497.0,0.0,1.1478899999999999,1.454758,NLD,COL,843041
9201745,173,49,8942,2018,162960.0,227006.0,-0.6673060000000001,-0.183315,PER,COL,843041
9201746,188,49,8942,2018,8498.0,0.0,0.5801810000000001,-0.447514,SAU,COL,843041
9201747,208,49,8942,2018,391757.0,0.0,1.76361,0.766904,SWE,COL,843041
9201748,224,49,8942,2018,0.0,148635.0,0.518721,2.5581419999999997,TUR,COL,843041
9201749,231,49,8942,2018,11587714.0,126933.0,1.585861,0.44815900000000003,USA,COL,843041
9201750,236,49,8942,2018,0.0,79551.0,-1.081138,-1.198717,VEN,COL,843041
9201751,93,52,8942,2018,0.0,222033.0,-0.362668,0.520826,GTM,CRI,843041
9201752,111,52,8942,2018,27555.0,0.0,1.3602530000000002,0.453607,ITA,CRI,843041
9201753,160,52,8942,2018,68844.0,0.0,-0.887282,-0.827008,NIC,CRI,843041
9201754,169,52,8942,2018,18850.0,50302.0,0.104326,-0.11611800000000001,PAN,CRI,843041
9201755,197,52,8942,2018,0.0,1435.0,0.073928,0.22548600000000002,SLV,CRI,843041
9201756,231,52,8942,2018,259086.0,0.0,1.585861,0.44815900000000003,USA,CRI,843041
9201757,61,58,8942,2018,2139.0,0.0,2.109059,-2.428826,DEU,CYP,843041
9201758,134,58,8942,2018,0.0,9250.0,-0.712775,-0.090013,MAR,CYP,843041
9201759,162,58,8942,2018,4263.0,0.0,1.1478899999999999,1.454758,NLD,CYP,843041
9201760,186,58,8942,2018,414887.0,0.0,0.21398000000000003,0.100414,RUS,CYP,843041
9201761,231,58,8942,2018,62159.0,0.0,1.585861,0.44815900000000003,USA,CYP,843041
9201762,4,61,8942,2018,0.0,23704.0,-0.456481,-0.139655,ALB,DEU,843041
9201763,7,61,8942,2018,640827.0,2723418.0,0.11804400000000001,-0.326851,ARE,DEU,843041
9201764,8,61,8942,2018,0.0,247676.0,-0.14316800000000002,0.14356,ARG,DEU,843041
9201765,14,61,8942,2018,0.0,11307983.0,-0.29687199999999997,-0.123116,AUS,DEU,843041
9201766,15,61,8942,2018,19434154.0,22786556.0,1.774488,-0.21117800000000003,AUT,DEU,843041
9201767,18,61,8942,2018,42045.0,9355281.0,1.270641,1.201063,BEL,DEU,843041
9201768,22,61,8942,2018,0.0,6221607.0,-0.899467,-0.9823719999999999,BGD,DEU,843041
9201769,23,61,8942,2018,0.0,104835.0,0.571226,1.836856,BGR,DEU,843041
9201770,24,61,8942,2018,0.0,635929.0,0.318352,-0.69221,BHR,DEU,843041
9201771,25,61,8942,2018,0.0,1641849.0,0.532998,-0.394906,BHS,DEU,843041
9201772,26,61,8942,2018,0.0,92134.0,0.526392,0.742398,BIH,DEU,843041
9201773,28,61,8942,2018,0.0,1266686.0,0.850089,0.8332870000000001,BLR,DEU,843041
9201774,31,61,8942,2018,0.0,1049.0,-1.153953,-1.070749,BOL,DEU,843041
9201775,32,61,8942,2018,0.0,1289438.0,0.143397,0.582092,BRA,DEU,843041
9201776,39,61,8942,2018,1741110.0,3995910.0,0.666822,1.218593,CAN,DEU,843041
9201777,41,61,8942,2018,4552161.0,13002853.0,2.2324330000000003,0.7801560000000001,CHE,DEU,843041
9201778,42,61,8942,2018,77645.0,75328.0,-0.37677,-0.49605299999999997,CHL,DEU,843041
9201779,43,61,8942,2018,6763.0,2469105.0,1.200689,1.2822,CHN,DEU,843041
9201780,44,61,8942,2018,0.0,116502.0,-0.8733569999999999,-0.8443139999999999,CIV,DEU,843041
9201781,49,61,8942,2018,0.0,211759.0,0.20431,-0.15273699999999998,COL,DEU,843041
9201782,54,61,8942,2018,0.0,2581074.0,-0.8835629999999999,-1.15678,CUB,DEU,843041
9201783,58,61,8942,2018,0.0,2139.0,0.45442,-0.113303,CYP,DEU,843041
9201784,59,61,8942,2018,21405.0,1757274.0,1.841016,0.220806,CZE,DEU,843041
9201785,64,61,8942,2018,71054.0,5789144.0,1.0945040000000001,1.3311540000000002,DNK,DEU,843041
9201786,65,61,8942,2018,0.0,92595.0,-0.084258,0.474872,DOM,DEU,843041
9201787,66,61,8942,2018,0.0,454903.0,-1.281519,-1.22291,DZA,DEU,843041
9201788,68,61,8942,2018,0.0,8705284.0,-0.096635,1.585658,EGY,DEU,843041
9201789,69,61,8942,2018,0.0,1395450.0,-1.601517,-1.062162,ERI,DEU,843041
9201790,71,61,8942,2018,1253915.0,2590992.0,0.744825,2.919005,ESP,DEU,843041
9201791,72,61,8942,2018,0.0,1371538.0,0.979986,1.2365899999999999,EST,DEU,843041
9201792,73,61,8942,2018,0.0,356170.0,-0.874857,-0.464958,ETH,DEU,843041
9201793,74,61,8942,2018,4196111.0,361079.0,1.61151,0.9474549999999999,FIN,DEU,843041
9201794,77,61,8942,2018,237565.0,3433367.0,1.420819,0.7793770000000001,FRA,DEU,843041
9201795,81,61,8942,2018,1349428.0,12782938.0,1.693008,0.768159,GBR,DEU,843041
9201796,83,61,8942,2018,0.0,28377.0,-0.956109,-0.861556,GHA,DEU,843041
9201797,85,61,8942,2018,0.0,5910.0,-1.036697,-1.1562860000000001,GIN,DEU,843041
9201798,87,61,8942,2018,0.0,52531.0,-0.85649,-0.761513,GMB,DEU,843041
9201799,90,61,8942,2018,0.0,139028.0,0.059539999999999996,1.0321879999999999,GRC,DEU,843041
9201800,99,61,8942,2018,0.0,899676.0,-0.523738,-0.193198,HND,DEU,843041
9201801,102,61,8942,2018,0.0,3154558.0,1.519662,0.833092,HUN,DEU,843041
9201802,103,61,8942,2018,0.0,1059786.0,-0.10130499999999999,1.2414209999999999,IDN,DEU,843041
9201803,104,61,8942,2018,10820217.0,1792591.0,0.526015,2.448112,IND,DEU,843041
9201804,107,61,8942,2018,0.0,1805658.0,-0.389954,-0.258156,IRN,DEU,843041
9201805,108,61,8942,2018,0.0,46389.0,-1.7504400000000002,-1.018699,IRQ,DEU,843041
9201806,110,61,8942,2018,0.0,277646.0,1.355071,0.872822,ISR,DEU,843041
9201807,111,61,8942,2018,12903050.0,6147592.0,1.3602530000000002,0.453607,ITA,DEU,843041
9201808,113,61,8942,2018,0.0,76251.0,-0.086895,0.283829,JOR,DEU,843041
9201809,114,61,8942,2018,2830582.0,2198382.0,2.514533,-0.416074,JPN,DEU,843041
9201810,115,61,8942,2018,0.0,1758844.0,-0.483862,-0.667417,KAZ,DEU,843041
9201811,116,61,8942,2018,0.0,354035.0,-0.32707800000000004,0.71009,KEN,DEU,843041
9201812,121,61,8942,2018,0.0,2566274.0,2.093866,0.764303,KOR,DEU,843041
9201813,122,61,8942,2018,0.0,1605970.0,-0.668802,-1.154012,KWT,DEU,843041
9201814,124,61,8942,2018,0.0,193020.0,0.270554,0.9995149999999999,LBN,DEU,843041
9201815,128,61,8942,2018,0.0,1076655.0,-0.544504,0.41074099999999997,LKA,DEU,843041
9201816,130,61,8942,2018,0.0,311374.0,0.964249,1.4050200000000002,LTU,DEU,843041
9201817,131,61,8942,2018,69876.0,1491913.0,1.1142889999999999,1.306066,LUX,DEU,843041
9201818,132,61,8942,2018,0.0,279261.0,0.707168,1.294297,LVA,DEU,843041
9201819,134,61,8942,2018,0.0,120917.0,-0.712775,-0.090013,MAR,DEU,843041
9201820,138,61,8942,2018,0.0,679690.0,1.00061,0.585759,MEX,DEU,843041
9201821,140,61,8942,2018,0.0,13892.0,0.079976,-0.20256,MKD,DEU,843041
9201822,144,61,8942,2018,0.0,494415.0,0.332495,0.124258,MNE,DEU,843041
9201823,145,61,8942,2018,0.0,418652.0,-0.934398,-1.125105,MNG,DEU,843041
9201824,148,61,8942,2018,0.0,238412.0,-1.511361,-1.296003,MRT,DEU,843041
9201825,153,61,8942,2018,0.0,4357444.0,1.122976,0.734109,MYS,DEU,843041
9201826,155,61,8942,2018,477532.0,0.0,-0.668091,-0.779938,NAM,DEU,843041
9201827,159,61,8942,2018,0.0,268210.0,-1.8238,-1.259938,NGA,DEU,843041
9201828,160,61,8942,2018,0.0,238608.0,-0.887282,-0.827008,NIC,DEU,843041
9201829,162,61,8942,2018,3345852.0,3014595.0,1.1478899999999999,1.454758,NLD,DEU,843041
9201830,163,61,8942,2018,0.0,1424863.0,0.681639,0.021762,NOR,DEU,843041
9201831,167,61,8942,2018,0.0,345136.0,-0.548048,-0.9972989999999999,OMN,DEU,843041
9201832,168,61,8942,2018,0.0,34249.0,-0.64348,0.665045,PAK,DEU,843041
9201833,173,61,8942,2018,0.0,2258858.0,-0.6673060000000001,-0.183315,PER,DEU,843041
9201834,177,61,8942,2018,1416679.0,12648657.0,1.132475,1.258945,POL,DEU,843041
9201835,179,61,8942,2018,998.0,657884.0,0.652628,2.211758,PRT,DEU,843041
9201836,183,61,8942,2018,0.0,157677.0,-0.068401,-1.014732,QAT,DEU,843041
9201837,185,61,8942,2018,6771.0,285108.0,1.050715,1.04471,ROU,DEU,843041
9201838,186,61,8942,2018,112002.0,1371279.0,0.21398000000000003,0.100414,RUS,DEU,843041
9201839,188,61,8942,2018,0.0,1437617.0,0.5801810000000001,-0.447514,SAU,DEU,843041
9201840,192,61,8942,2018,0.0,8345968.0,1.914132,0.652011,SGP,DEU,843041
9201841,196,61,8942,2018,0.0,60356.0,-0.06932999999999999,-0.36035300000000003,SLE,DEU,843041
9201842,197,61,8942,2018,0.0,343346.0,0.073928,0.22548600000000002,SLV,DEU,843041
9201843,201,61,8942,2018,0.0,1434547.0,0.607486,1.2139389999999999,SRB,DEU,843041
9201844,206,61,8942,2018,0.0,2825628.0,1.3270979999999999,0.877684,SVK,DEU,843041
9201845,207,61,8942,2018,0.0,35925.0,1.67428,0.7703800000000001,SVN,DEU,843041
9201846,208,61,8942,2018,6984742.0,2465008.0,1.76361,0.766904,SWE,DEU,843041
9201847,216,61,8942,2018,0.0,1619372.0,1.053177,1.4084969999999999,THA,DEU,843041
9201848,217,61,8942,2018,0.0,11555.0,-0.757793,-1.0641209999999999,TJK,DEU,843041
9201849,223,61,8942,2018,0.0,7038.0,0.259778,1.187194,TUN,DEU,843041
9201850,224,61,8942,2018,1181984.0,5689104.0,0.518721,2.5581419999999997,TUR,DEU,843041
9201851,228,61,8942,2018,0.0,246850.0,0.337296,0.758675,UKR,DEU,843041
9201852,230,61,8942,2018,0.0,54486.0,-0.02056,-0.38911,URY,DEU,843041
9201853,231,61,8942,2018,9450408.0,53352812.0,1.585861,0.44815900000000003,USA,DEU,843041
9201854,232,61,8942,2018,0.0,2900229.0,-0.591547,-0.429982,UZB,DEU,843041
9201855,239,61,8942,2018,0.0,2908392.0,0.003069,0.9169729999999999,VNM,DEU,843041
9201856,246,61,8942,2018,445397.0,56005.0,0.158722,1.394829,ZAF,DEU,843041
9201857,247,61,8942,2018,0.0,290693.0,-0.736064,-0.93958,ZMB,DEU,843041
9201858,249,61,8942,2018,0.0,1129640.0,2.0462540000000002,1.166636,TWN,DEU,843041
9201859,15,64,8942,2018,3895386.0,0.0,1.774488,-0.21117800000000003,AUT,DNK,843041
9201860,43,64,8942,2018,3343.0,0.0,1.200689,1.2822,CHN,DNK,843041
9201861,47,64,8942,2018,49471.0,39407.0,-1.52875,-1.1869100000000001,COG,DNK,843041
9201862,61,64,8942,2018,5789144.0,71054.0,2.109059,-2.428826,DEU,DNK,843041
9201863,72,64,8942,2018,1222.0,0.0,0.979986,1.2365899999999999,EST,DNK,843041
9201864,74,64,8942,2018,432562.0,1214.0,1.61151,0.9474549999999999,FIN,DNK,843041
9201865,77,64,8942,2018,0.0,93937.0,1.420819,0.7793770000000001,FRA,DNK,843041
9201866,78,64,8942,2018,0.0,46931.0,-1.00676,-0.959297,FRO,DNK,843041
9201867,90,64,8942,2018,1993.0,0.0,0.059539999999999996,1.0321879999999999,GRC,DNK,843041
9201868,92,64,8942,2018,0.0,757736.0,-1.384795,-1.004781,GRL,DNK,843041
9201869,100,64,8942,2018,16125.0,0.0,0.7923720000000001,1.4047209999999999,HRV,DNK,843041
9201870,102,64,8942,2018,8053.0,0.0,1.519662,0.833092,HUN,DNK,843041
9201871,104,64,8942,2018,285443.0,887225.0,0.526015,2.448112,IND,DNK,843041
9201872,111,64,8942,2018,552759.0,0.0,1.3602530000000002,0.453607,ITA,DNK,843041
9201873,122,64,8942,2018,0.0,28147.0,-0.668802,-1.154012,KWT,DNK,843041
9201874,130,64,8942,2018,11018.0,62253.0,0.964249,1.4050200000000002,LTU,DNK,843041
9201875,153,64,8942,2018,0.0,3936.0,1.122976,0.734109,MYS,DNK,843041
9201876,162,64,8942,2018,504567.0,0.0,1.1478899999999999,1.454758,NLD,DNK,843041
9201877,163,64,8942,2018,139877.0,13725.0,0.681639,0.021762,NOR,DNK,843041
9201878,177,64,8942,2018,0.0,427242.0,1.132475,1.258945,POL,DNK,843041
9201879,185,64,8942,2018,1425.0,0.0,1.050715,1.04471,ROU,DNK,843041
9201880,188,64,8942,2018,19190.0,2012.0,0.5801810000000001,-0.447514,SAU,DNK,843041
9201881,206,64,8942,2018,0.0,23818.0,1.3270979999999999,0.877684,SVK,DNK,843041
9201882,208,64,8942,2018,730043.0,590018.0,1.76361,0.766904,SWE,DNK,843041
9201883,231,64,8942,2018,28667.0,0.0,1.585861,0.44815900000000003,USA,DNK,843041
9201884,39,65,8942,2018,1189735.0,0.0,0.666822,1.218593,CAN,DOM,843041
9201885,43,65,8942,2018,28441.0,0.0,1.200689,1.2822,CHN,DOM,843041
9201886,49,65,8942,2018,369789.0,0.0,0.20431,-0.15273699999999998,COL,DOM,843041
9201887,61,65,8942,2018,92595.0,0.0,2.109059,-2.428826,DEU,DOM,843041
9201888,101,65,8942,2018,0.0,4827.0,-0.914545,-0.890601,HTI,DOM,843041
9201889,111,65,8942,2018,411377.0,0.0,1.3602530000000002,0.453607,ITA,DOM,843041
9201890,114,65,8942,2018,305461.0,0.0,2.514533,-0.416074,JPN,DOM,843041
9201891,169,65,8942,2018,0.0,32023.0,0.104326,-0.11611800000000001,PAN,DOM,843041
9201892,208,65,8942,2018,484113.0,0.0,1.76361,0.766904,SWE,DOM,843041
9201893,231,65,8942,2018,725181.0,67594.0,1.585861,0.44815900000000003,USA,DOM,843041
9201894,42,67,8942,2018,795313.0,0.0,-0.37677,-0.49605299999999997,CHL,ECU,843041
9201895,43,67,8942,2018,560284.0,0.0,1.200689,1.2822,CHN,ECU,843041
9201896,49,67,8942,2018,132023.0,0.0,0.20431,-0.15273699999999998,COL,ECU,843041
9201897,71,67,8942,2018,12194.0,12115.0,0.744825,2.919005,ESP,ECU,843041
9201898,97,67,8942,2018,47141.0,0.0,0.843677,1.656073,HKG,ECU,843041
9201899,99,67,8942,2018,25522.0,0.0,-0.523738,-0.193198,HND,ECU,843041
9201900,104,67,8942,2018,7936.0,0.0,0.526015,2.448112,IND,ECU,843041
9201901,111,67,8942,2018,507274.0,0.0,1.3602530000000002,0.453607,ITA,ECU,843041
9201902,114,67,8942,2018,39265.0,0.0,2.514533,-0.416074,JPN,ECU,843041
9201903,121,67,8942,2018,530915.0,0.0,2.093866,0.764303,KOR,ECU,843041
9201904,162,67,8942,2018,41390.0,0.0,1.1478899999999999,1.454758,NLD,ECU,843041
9201905,169,67,8942,2018,43974.0,0.0,0.104326,-0.11611800000000001,PAN,ECU,843041
9201906,173,67,8942,2018,69952.0,5512.0,-0.6673060000000001,-0.183315,PER,ECU,843041
9201907,208,67,8942,2018,414194.0,0.0,1.76361,0.766904,SWE,ECU,843041
9201908,231,67,8942,2018,28363412.0,6196.0,1.585861,0.44815900000000003,USA,ECU,843041
9201909,5,71,8942,2018,0.0,5337.0,0.975648,0.525437,AND,ESP,843041
9201910,7,71,8942,2018,0.0,27017.0,0.11804400000000001,-0.326851,ARE,ESP,843041
9201911,8,71,8942,2018,0.0,107900.0,-0.14316800000000002,0.14356,ARG,ESP,843041
9201912,14,71,8942,2018,282099.0,183389.0,-0.29687199999999997,-0.123116,AUS,ESP,843041
9201913,15,71,8942,2018,81938.0,168607.0,1.774488,-0.21117800000000003,AUT,ESP,843041
9201914,23,71,8942,2018,0.0,12492.0,0.571226,1.836856,BGR,ESP,843041
9201915,31,71,8942,2018,0.0,4245.0,-1.153953,-1.070749,BOL,ESP,843041
9201916,32,71,8942,2018,6746.0,85740.0,0.143397,0.582092,BRA,ESP,843041
9201917,42,71,8942,2018,0.0,238755.0,-0.37677,-0.49605299999999997,CHL,ESP,843041
9201918,43,71,8942,2018,25735.0,112051.0,1.200689,1.2822,CHN,ESP,843041
9201919,44,71,8942,2018,0.0,141585.0,-0.8733569999999999,-0.8443139999999999,CIV,ESP,843041
9201920,49,71,8942,2018,164659.0,28157.0,0.20431,-0.15273699999999998,COL,ESP,843041
9201921,54,71,8942,2018,0.0,735533.0,-0.8835629999999999,-1.15678,CUB,ESP,843041
9201922,59,71,8942,2018,0.0,787402.0,1.841016,0.220806,CZE,ESP,843041
9201923,61,71,8942,2018,2590992.0,1253915.0,2.109059,-2.428826,DEU,ESP,843041
9201924,67,71,8942,2018,12115.0,12194.0,-0.873973,-1.032841,ECU,ESP,843041
9201925,68,71,8942,2018,0.0,158266.0,-0.096635,1.585658,EGY,ESP,843041
9201926,74,71,8942,2018,358900.0,0.0,1.61151,0.9474549999999999,FIN,ESP,843041
9201927,77,71,8942,2018,899571.0,820049.0,1.420819,0.7793770000000001,FRA,ESP,843041
9201928,81,71,8942,2018,40099.0,1721189.0,1.693008,0.768159,GBR,ESP,843041
9201929,104,71,8942,2018,0.0,375030.0,0.526015,2.448112,IND,ESP,843041
9201930,111,71,8942,2018,6614428.0,592231.0,1.3602530000000002,0.453607,ITA,ESP,843041
9201931,130,71,8942,2018,0.0,530308.0,0.964249,1.4050200000000002,LTU,ESP,843041
9201932,134,71,8942,2018,0.0,28158.0,-0.712775,-0.090013,MAR,ESP,843041
9201933,138,71,8942,2018,0.0,818055.0,1.00061,0.585759,MEX,ESP,843041
9201934,147,71,8942,2018,0.0,545367.0,-1.380023,-1.027817,MOZ,ESP,843041
9201935,162,71,8942,2018,349154.0,795719.0,1.1478899999999999,1.454758,NLD,ESP,843041
9201936,169,71,8942,2018,0.0,250040.0,0.104326,-0.11611800000000001,PAN,ESP,843041
9201937,173,71,8942,2018,0.0,157013.0,-0.6673060000000001,-0.183315,PER,ESP,843041
9201938,177,71,8942,2018,0.0,4008.0,1.132475,1.258945,POL,ESP,843041
9201939,179,71,8942,2018,281883.0,224287.0,0.652628,2.211758,PRT,ESP,843041
9201940,188,71,8942,2018,81264.0,6922.0,0.5801810000000001,-0.447514,SAU,ESP,843041
9201941,197,71,8942,2018,0.0,61152.0,0.073928,0.22548600000000002,SLV,ESP,843041
9201942,201,71,8942,2018,139653.0,72455.0,0.607486,1.2139389999999999,SRB,ESP,843041
9201943,206,71,8942,2018,0.0,48606.0,1.3270979999999999,0.877684,SVK,ESP,843041
9201944,207,71,8942,2018,0.0,9576.0,1.67428,0.7703800000000001,SVN,ESP,843041
9201945,208,71,8942,2018,5498340.0,2754942.0,1.76361,0.766904,SWE,ESP,843041
9201946,216,71,8942,2018,0.0,24814.0,1.053177,1.4084969999999999,THA,ESP,843041
9201947,230,71,8942,2018,0.0,108124.0,-0.02056,-0.38911,URY,ESP,843041
9201948,231,71,8942,2018,5585774.0,0.0,1.585861,0.44815900000000003,USA,ESP,843041
9201949,250,71,8942,2018,1902525.0,0.0,0.809991,-0.368737,ANS,ESP,843041
9201950,4,74,8942,2018,0.0,548359.0,-0.456481,-0.139655,ALB,FIN,843041
9201951,7,74,8942,2018,0.0,3086351.0,0.11804400000000001,-0.326851,ARE,FIN,843041
9201952,8,74,8942,2018,0.0,764238.0,-0.14316800000000002,0.14356,ARG,FIN,843041
9201953,14,74,8942,2018,0.0,20980438.0,-0.29687199999999997,-0.123116,AUS,FIN,843041
9201954,15,74,8942,2018,36959.0,0.0,1.774488,-0.21117800000000003,AUT,FIN,843041
9201955,18,74,8942,2018,0.0,757683.0,1.270641,1.201063,BEL,FIN,843041
9201956,21,74,8942,2018,0.0,810989.0,-0.8835200000000001,-0.9790620000000001,BFA,FIN,843041
9201957,23,74,8942,2018,0.0,386721.0,0.571226,1.836856,BGR,FIN,843041
9201958,26,74,8942,2018,0.0,24643.0,0.526392,0.742398,BIH,FIN,843041
9201959,28,74,8942,2018,0.0,355299.0,0.850089,0.8332870000000001,BLR,FIN,843041
9201960,31,74,8942,2018,0.0,21910.0,-1.153953,-1.070749,BOL,FIN,843041
9201961,32,74,8942,2018,0.0,13535748.0,0.143397,0.582092,BRA,FIN,843041
9201962,39,74,8942,2018,0.0,9524218.0,0.666822,1.218593,CAN,FIN,843041
9201963,41,74,8942,2018,0.0,738623.0,2.2324330000000003,0.7801560000000001,CHE,FIN,843041
9201964,42,74,8942,2018,0.0,1127426.0,-0.37677,-0.49605299999999997,CHL,FIN,843041
9201965,43,74,8942,2018,4876.0,244679.0,1.200689,1.2822,CHN,FIN,843041
9201966,44,74,8942,2018,0.0,279981.0,-0.8733569999999999,-0.8443139999999999,CIV,FIN,843041
9201967,45,74,8942,2018,0.0,133007.0,-1.366619,-1.09894,CMR,FIN,843041
9201968,46,74,8942,2018,0.0,290471.0,-1.743034,-1.20446,COD,FIN,843041
9201969,49,74,8942,2018,0.0,242787.0,0.20431,-0.15273699999999998,COL,FIN,843041
9201970,59,74,8942,2018,0.0,269753.0,1.841016,0.220806,CZE,FIN,843041
9201971,61,74,8942,2018,361079.0,4196111.0,2.109059,-2.428826,DEU,FIN,843041
9201972,64,74,8942,2018,1214.0,432562.0,1.0945040000000001,1.3311540000000002,DNK,FIN,843041
9201973,71,74,8942,2018,0.0,358900.0,0.744825,2.919005,ESP,FIN,843041
9201974,72,74,8942,2018,83939.0,209109.0,0.979986,1.2365899999999999,EST,FIN,843041
9201975,73,74,8942,2018,0.0,18875.0,-0.874857,-0.464958,ETH,FIN,843041
9201976,77,74,8942,2018,1114221.0,2898808.0,1.420819,0.7793770000000001,FRA,FIN,843041
9201977,81,74,8942,2018,11691.0,0.0,1.693008,0.768159,GBR,FIN,843041
9201978,83,74,8942,2018,0.0,26122858.0,-0.956109,-0.861556,GHA,FIN,843041
9201979,92,74,8942,2018,0.0,264555.0,-1.384795,-1.004781,GRL,FIN,843041
9201980,97,74,8942,2018,0.0,254058.0,0.843677,1.656073,HKG,FIN,843041
9201981,103,74,8942,2018,0.0,3694500.0,-0.10130499999999999,1.2414209999999999,IDN,FIN,843041
9201982,104,74,8942,2018,0.0,3534325.0,0.526015,2.448112,IND,FIN,843041
9201983,109,74,8942,2018,0.0,815036.0,0.252338,-0.341319,ISL,FIN,843041
9201984,110,74,8942,2018,0.0,1264425.0,1.355071,0.872822,ISR,FIN,843041
9201985,111,74,8942,2018,565453.0,923783.0,1.3602530000000002,0.453607,ITA,FIN,843041
9201986,113,74,8942,2018,0.0,114103.0,-0.086895,0.283829,JOR,FIN,843041
9201987,115,74,8942,2018,0.0,12664222.0,-0.483862,-0.667417,KAZ,FIN,843041
9201988,121,74,8942,2018,0.0,494149.0,2.093866,0.764303,KOR,FIN,843041
9201989,122,74,8942,2018,0.0,906833.0,-0.668802,-1.154012,KWT,FIN,843041
9201990,124,74,8942,2018,0.0,886161.0,0.270554,0.9995149999999999,LBN,FIN,843041
9201991,125,74,8942,2018,0.0,1263536.0,-1.022881,-1.124718,LBR,FIN,843041
9201992,134,74,8942,2018,0.0,798501.0,-0.712775,-0.090013,MAR,FIN,843041
9201993,138,74,8942,2018,0.0,5253469.0,1.00061,0.585759,MEX,FIN,843041
9201994,141,74,8942,2018,56664.0,259952.0,-0.49666499999999997,-0.7189909999999999,MLI,FIN,843041
9201995,151,74,8942,2018,0.0,676424.0,-0.128221,0.15049400000000002,MUS,FIN,843041
9201996,153,74,8942,2018,0.0,485451.0,1.122976,0.734109,MYS,FIN,843041
9201997,159,74,8942,2018,0.0,336292.0,-1.8238,-1.259938,NGA,FIN,843041
9201998,162,74,8942,2018,553425.0,649738.0,1.1478899999999999,1.454758,NLD,FIN,843041
9201999,163,74,8942,2018,101221.0,11112347.0,0.681639,0.021762,NOR,FIN,843041
9202000,166,74,8942,2018,0.0,769602.0,0.21902600000000003,0.148714,NZL,FIN,843041
9202001,167,74,8942,2018,0.0,558592.0,-0.548048,-0.9972989999999999,OMN,FIN,843041
9202002,173,74,8942,2018,0.0,63081.0,-0.6673060000000001,-0.183315,PER,FIN,843041
9202003,174,74,8942,2018,0.0,10763.0,0.781409,0.22126700000000002,PHL,FIN,843041
9202004,179,74,8942,2018,0.0,1052721.0,0.652628,2.211758,PRT,FIN,843041
9202005,186,74,8942,2018,75628.0,4996130.0,0.21398000000000003,0.100414,RUS,FIN,843041
9202006,188,74,8942,2018,142450.0,244663.0,0.5801810000000001,-0.447514,SAU,FIN,843041
9202007,191,74,8942,2018,0.0,972857.0,-0.751378,-0.390573,SEN,FIN,843041
9202008,192,74,8942,2018,0.0,35377.0,1.914132,0.652011,SGP,FIN,843041
9202009,201,74,8942,2018,0.0,54517.0,0.607486,1.2139389999999999,SRB,FIN,843041
9202010,208,74,8942,2018,5053662.0,6808998.0,1.76361,0.766904,SWE,FIN,843041
9202011,216,74,8942,2018,0.0,385576.0,1.053177,1.4084969999999999,THA,FIN,843041
9202012,224,74,8942,2018,0.0,11904513.0,0.518721,2.5581419999999997,TUR,FIN,843041
9202013,228,74,8942,2018,0.0,361476.0,0.337296,0.758675,UKR,FIN,843041
9202014,231,74,8942,2018,562299.0,14888507.0,1.585861,0.44815900000000003,USA,FIN,843041
9202015,239,74,8942,2018,0.0,380489.0,0.003069,0.9169729999999999,VNM,FIN,843041
9202016,246,74,8942,2018,0.0,4402893.0,0.158722,1.394829,ZAF,FIN,843041
9202017,247,74,8942,2018,0.0,531850.0,-0.736064,-0.93958,ZMB,FIN,843041
9202018,248,74,8942,2018,0.0,381608.0,-1.181524,-1.0648520000000001,ZWE,FIN,843041
9202019,7,77,8942,2018,0.0,1020949.0,0.11804400000000001,-0.326851,ARE,FRA,843041
9202020,8,77,8942,2018,0.0,1753581.0,-0.14316800000000002,0.14356,ARG,FRA,843041
9202021,14,77,8942,2018,237236.0,3147762.0,-0.29687199999999997,-0.123116,AUS,FRA,843041
9202022,15,77,8942,2018,4191064.0,11482.0,1.774488,-0.21117800000000003,AUT,FRA,843041
9202023,18,77,8942,2018,1203920.0,2028678.0,1.270641,1.201063,BEL,FRA,843041
9202024,19,77,8942,2018,0.0,69715.0,-0.646475,-0.769808,BEN,FRA,843041
9202025,21,77,8942,2018,0.0,15498.0,-0.8835200000000001,-0.9790620000000001,BFA,FRA,843041
9202026,23,77,8942,2018,0.0,306141.0,0.571226,1.836856,BGR,FRA,843041
9202027,31,77,8942,2018,0.0,201567.0,-1.153953,-1.070749,BOL,FRA,843041
9202028,32,77,8942,2018,0.0,2346634.0,0.143397,0.582092,BRA,FRA,843041
9202029,37,77,8942,2018,0.0,33667.0,-0.8339610000000001,-1.184307,BWA,FRA,843041
9202030,39,77,8942,2018,156770.0,1961972.0,0.666822,1.218593,CAN,FRA,843041
9202031,41,77,8942,2018,41157.0,2332164.0,2.2324330000000003,0.7801560000000001,CHE,FRA,843041
9202032,43,77,8942,2018,10117.0,364437.0,1.200689,1.2822,CHN,FRA,843041
9202033,44,77,8942,2018,0.0,433108.0,-0.8733569999999999,-0.8443139999999999,CIV,FRA,843041
9202034,46,77,8942,2018,0.0,1279.0,-1.743034,-1.20446,COD,FRA,843041
9202035,47,77,8942,2018,15480.0,0.0,-1.52875,-1.1869100000000001,COG,FRA,843041
9202036,49,77,8942,2018,0.0,1224466.0,0.20431,-0.15273699999999998,COL,FRA,843041
9202037,59,77,8942,2018,121814.0,0.0,1.841016,0.220806,CZE,FRA,843041
9202038,61,77,8942,2018,3433367.0,237565.0,2.109059,-2.428826,DEU,FRA,843041
9202039,64,77,8942,2018,93937.0,0.0,1.0945040000000001,1.3311540000000002,DNK,FRA,843041
9202040,68,77,8942,2018,0.0,84960.0,-0.096635,1.585658,EGY,FRA,843041
9202041,71,77,8942,2018,820049.0,899571.0,0.744825,2.919005,ESP,FRA,843041
9202042,74,77,8942,2018,2898808.0,1114221.0,1.61151,0.9474549999999999,FIN,FRA,843041
9202043,80,77,8942,2018,0.0,187461.0,-1.4979200000000001,-1.180407,GAB,FRA,843041
9202044,81,77,8942,2018,470103.0,652552.0,1.693008,0.768159,GBR,FRA,843041
9202045,85,77,8942,2018,0.0,114900.0,-1.036697,-1.1562860000000001,GIN,FRA,843041
9202046,99,77,8942,2018,0.0,902694.0,-0.523738,-0.193198,HND,FRA,843041
9202047,102,77,8942,2018,0.0,78926.0,1.519662,0.833092,HUN,FRA,843041
9202048,104,77,8942,2018,442992.0,25712.0,0.526015,2.448112,IND,FRA,843041
9202049,111,77,8942,2018,34071912.0,359811.0,1.3602530000000002,0.453607,ITA,FRA,843041
9202050,113,77,8942,2018,0.0,93664.0,-0.086895,0.283829,JOR,FRA,843041
9202051,114,77,8942,2018,1657980.0,0.0,2.514533,-0.416074,JPN,FRA,843041
9202052,115,77,8942,2018,0.0,328397.0,-0.483862,-0.667417,KAZ,FRA,843041
9202053,124,77,8942,2018,0.0,17742.0,0.270554,0.9995149999999999,LBN,FRA,843041
9202054,130,77,8942,2018,0.0,529650.0,0.964249,1.4050200000000002,LTU,FRA,843041
9202055,131,77,8942,2018,0.0,118437.0,1.1142889999999999,1.306066,LUX,FRA,843041
9202056,134,77,8942,2018,166086.0,618369.0,-0.712775,-0.090013,MAR,FRA,843041
9202057,136,77,8942,2018,0.0,1517.0,-1.2144549999999998,-0.748326,MDG,FRA,843041
9202058,138,77,8942,2018,0.0,36244860.0,1.00061,0.585759,MEX,FRA,843041
9202059,140,77,8942,2018,0.0,479595.0,0.079976,-0.20256,MKD,FRA,843041
9202060,141,77,8942,2018,0.0,66913.0,-0.49666499999999997,-0.7189909999999999,MLI,FRA,843041
9202061,148,77,8942,2018,0.0,110531.0,-1.511361,-1.296003,MRT,FRA,843041
9202062,151,77,8942,2018,0.0,127102.0,-0.128221,0.15049400000000002,MUS,FRA,843041
9202063,153,77,8942,2018,0.0,11611.0,1.122976,0.734109,MYS,FRA,843041
9202064,156,77,8942,2018,0.0,309512.0,-0.49370299999999995,-0.865432,NCL,FRA,843041
9202065,162,77,8942,2018,2558274.0,211659.0,1.1478899999999999,1.454758,NLD,FRA,843041
9202066,163,77,8942,2018,38876.0,605497.0,0.681639,0.021762,NOR,FRA,843041
9202067,164,77,8942,2018,0.0,215081.0,-0.252837,0.999258,NPL,FRA,843041
9202068,173,77,8942,2018,351767.0,3921730.0,-0.6673060000000001,-0.183315,PER,FRA,843041
9202069,174,77,8942,2018,0.0,256478.0,0.781409,0.22126700000000002,PHL,FRA,843041
9202070,177,77,8942,2018,0.0,22523.0,1.132475,1.258945,POL,FRA,843041
9202071,179,77,8942,2018,82472.0,146232.0,0.652628,2.211758,PRT,FRA,843041
9202072,183,77,8942,2018,206629.0,0.0,-0.068401,-1.014732,QAT,FRA,843041
9202073,185,77,8942,2018,34200.0,22439.0,1.050715,1.04471,ROU,FRA,843041
9202074,186,77,8942,2018,0.0,9784986.0,0.21398000000000003,0.100414,RUS,FRA,843041
9202075,191,77,8942,2018,0.0,656384.0,-0.751378,-0.390573,SEN,FRA,843041
9202076,192,77,8942,2018,0.0,1377.0,1.914132,0.652011,SGP,FRA,843041
9202077,208,77,8942,2018,10483164.0,230292.0,1.76361,0.766904,SWE,FRA,843041
9202078,222,77,8942,2018,0.0,39646.0,-0.281617,-1.009652,TTO,FRA,843041
9202079,223,77,8942,2018,0.0,87526.0,0.259778,1.187194,TUN,FRA,843041
9202080,224,77,8942,2018,0.0,591407.0,0.518721,2.5581419999999997,TUR,FRA,843041
9202081,228,77,8942,2018,0.0,444866.0,0.337296,0.758675,UKR,FRA,843041
9202082,231,77,8942,2018,2662234.0,2580638.0,1.585861,0.44815900000000003,USA,FRA,843041
9202083,239,77,8942,2018,0.0,75994.0,0.003069,0.9169729999999999,VNM,FRA,843041
9202084,246,77,8942,2018,0.0,16165344.0,0.158722,1.394829,ZAF,FRA,843041
9202085,247,77,8942,2018,0.0,260331.0,-0.736064,-0.93958,ZMB,FRA,843041
9202086,248,77,8942,2018,0.0,3413772.0,-1.181524,-1.0648520000000001,ZWE,FRA,843041
9202087,250,77,8942,2018,1586367.0,0.0,0.809991,-0.368737,ANS,FRA,843041
9202088,4,81,8942,2018,0.0,1491.0,-0.456481,-0.139655,ALB,GBR,843041
9202089,7,81,8942,2018,1432.0,69015.0,0.11804400000000001,-0.326851,ARE,GBR,843041
9202090,8,81,8942,2018,0.0,53873.0,-0.14316800000000002,0.14356,ARG,GBR,843041
9202091,14,81,8942,2018,155188.0,0.0,-0.29687199999999997,-0.123116,AUS,GBR,843041
9202092,15,81,8942,2018,1590413.0,0.0,1.774488,-0.21117800000000003,AUT,GBR,843041
9202093,18,81,8942,2018,63293.0,4017.0,1.270641,1.201063,BEL,GBR,843041
9202094,23,81,8942,2018,0.0,40743.0,0.571226,1.836856,BGR,GBR,843041
9202095,24,81,8942,2018,0.0,2926.0,0.318352,-0.69221,BHR,GBR,843041
9202096,26,81,8942,2018,0.0,4524.0,0.526392,0.742398,BIH,GBR,843041
9202097,29,81,8942,2018,63328.0,0.0,-0.15867699999999998,-0.6393989999999999,BLZ,GBR,843041
9202098,31,81,8942,2018,0.0,57497.0,-1.153953,-1.070749,BOL,GBR,843041
9202099,39,81,8942,2018,50906.0,193142.0,0.666822,1.218593,CAN,GBR,843041
9202100,43,81,8942,2018,134551.0,218670.0,1.200689,1.2822,CHN,GBR,843041
9202101,44,81,8942,2018,0.0,73024.0,-0.8733569999999999,-0.8443139999999999,CIV,GBR,843041
9202102,59,81,8942,2018,2482.0,21062.0,1.841016,0.220806,CZE,GBR,843041
9202103,61,81,8942,2018,12782938.0,1349428.0,2.109059,-2.428826,DEU,GBR,843041
9202104,68,81,8942,2018,0.0,325007.0,-0.096635,1.585658,EGY,GBR,843041
9202105,71,81,8942,2018,1721189.0,40099.0,0.744825,2.919005,ESP,GBR,843041
9202106,74,81,8942,2018,0.0,11691.0,1.61151,0.9474549999999999,FIN,GBR,843041
9202107,77,81,8942,2018,652552.0,470103.0,1.420819,0.7793770000000001,FRA,GBR,843041
9202108,84,81,8942,2018,0.0,7998.0,0.420756,-0.6854140000000001,GIB,GBR,843041
9202109,96,81,8942,2018,0.0,17701.0,-0.841458,-0.9803280000000001,GUY,GBR,843041
9202110,104,81,8942,2018,958003.0,186375.0,0.526015,2.448112,IND,GBR,843041
9202111,106,81,8942,2018,342478.0,386765.0,1.262419,0.013576,IRL,GBR,843041
9202112,108,81,8942,2018,0.0,347447.0,-1.7504400000000002,-1.018699,IRQ,GBR,843041
9202113,109,81,8942,2018,0.0,2640.0,0.252338,-0.341319,ISL,GBR,843041
9202114,110,81,8942,2018,0.0,223306.0,1.355071,0.872822,ISR,GBR,843041
9202115,111,81,8942,2018,22454614.0,306593.0,1.3602530000000002,0.453607,ITA,GBR,843041
9202116,113,81,8942,2018,0.0,177876.0,-0.086895,0.283829,JOR,GBR,843041
9202117,114,81,8942,2018,0.0,6934.0,2.514533,-0.416074,JPN,GBR,843041
9202118,116,81,8942,2018,0.0,9244.0,-0.32707800000000004,0.71009,KEN,GBR,843041
9202119,124,81,8942,2018,15015.0,188965.0,0.270554,0.9995149999999999,LBN,GBR,843041
9202120,130,81,8942,2018,0.0,57632.0,0.964249,1.4050200000000002,LTU,GBR,843041
9202121,138,81,8942,2018,2372.0,302282.0,1.00061,0.585759,MEX,GBR,843041
9202122,153,81,8942,2018,0.0,504302.0,1.122976,0.734109,MYS,GBR,843041
9202123,157,81,8942,2018,0.0,11346.0,-0.633115,-0.839564,NER,GBR,843041
9202124,159,81,8942,2018,0.0,437465.0,-1.8238,-1.259938,NGA,GBR,843041
9202125,162,81,8942,2018,332149.0,202543.0,1.1478899999999999,1.454758,NLD,GBR,843041
9202126,163,81,8942,2018,124925.0,2581.0,0.681639,0.021762,NOR,GBR,843041
9202127,166,81,8942,2018,0.0,218041.0,0.21902600000000003,0.148714,NZL,GBR,843041
9202128,177,81,8942,2018,1692744.0,97834.0,1.132475,1.258945,POL,GBR,843041
9202129,179,81,8942,2018,0.0,171924.0,0.652628,2.211758,PRT,GBR,843041
9202130,185,81,8942,2018,1778.0,2755.0,1.050715,1.04471,ROU,GBR,843041
9202131,188,81,8942,2018,0.0,912915.0,0.5801810000000001,-0.447514,SAU,GBR,843041
9202132,191,81,8942,2018,0.0,1537.0,-0.751378,-0.390573,SEN,GBR,843041
9202133,192,81,8942,2018,7626.0,786956.0,1.914132,0.652011,SGP,GBR,843041
9202134,207,81,8942,2018,0.0,4412.0,1.67428,0.7703800000000001,SVN,GBR,843041
9202135,208,81,8942,2018,4814528.0,34320.0,1.76361,0.766904,SWE,GBR,843041
9202136,216,81,8942,2018,0.0,4150.0,1.053177,1.4084969999999999,THA,GBR,843041
9202137,228,81,8942,2018,243289.0,0.0,0.337296,0.758675,UKR,GBR,843041
9202138,231,81,8942,2018,3812260.0,204403.0,1.585861,0.44815900000000003,USA,GBR,843041
9202139,246,81,8942,2018,0.0,282606.0,0.158722,1.394829,ZAF,GBR,843041
9202140,247,81,8942,2018,0.0,59455.0,-0.736064,-0.93958,ZMB,GBR,843041
9202141,15,90,8942,2018,27018.0,0.0,1.774488,-0.21117800000000003,AUT,GRC,843041
9202142,23,90,8942,2018,788204.0,34626.0,0.571226,1.836856,BGR,GRC,843041
9202143,43,90,8942,2018,526616.0,0.0,1.200689,1.2822,CHN,GRC,843041
9202144,61,90,8942,2018,139028.0,0.0,2.109059,-2.428826,DEU,GRC,843041
9202145,64,90,8942,2018,0.0,1993.0,1.0945040000000001,1.3311540000000002,DNK,GRC,843041
9202146,68,90,8942,2018,0.0,10644.0,-0.096635,1.585658,EGY,GRC,843041
9202147,111,90,8942,2018,115162.0,0.0,1.3602530000000002,0.453607,ITA,GRC,843041
9202148,124,90,8942,2018,0.0,29225.0,0.270554,0.9995149999999999,LBN,GRC,843041
9202149,159,90,8942,2018,0.0,21274.0,-1.8238,-1.259938,NGA,GRC,843041
9202150,162,90,8942,2018,157893.0,1360.0,1.1478899999999999,1.454758,NLD,GRC,843041
9202151,173,90,8942,2018,74520.0,0.0,-0.6673060000000001,-0.183315,PER,GRC,843041
9202152,208,90,8942,2018,52689.0,0.0,1.76361,0.766904,SWE,GRC,843041
9202153,224,90,8942,2018,79921.0,13963.0,0.518721,2.5581419999999997,TUR,GRC,843041
9202154,228,90,8942,2018,0.0,21189.0,0.337296,0.758675,UKR,GRC,843041
9202155,39,93,8942,2018,0.0,110868.0,0.666822,1.218593,CAN,GTM,843041
9202156,43,93,8942,2018,4023.0,0.0,1.200689,1.2822,CHN,GTM,843041
9202157,52,93,8942,2018,222033.0,0.0,0.19386,0.05811,CRI,GTM,843041
9202158,99,93,8942,2018,57371.0,0.0,-0.523738,-0.193198,HND,GTM,843041
9202159,111,93,8942,2018,463771.0,0.0,1.3602530000000002,0.453607,ITA,GTM,843041
9202160,138,93,8942,2018,9478.0,115100.0,1.00061,0.585759,MEX,GTM,843041
9202161,160,93,8942,2018,24471.0,0.0,-0.887282,-0.827008,NIC,GTM,843041
9202162,169,93,8942,2018,11099.0,243217.0,0.104326,-0.11611800000000001,PAN,GTM,843041
9202163,180,93,8942,2018,4959.0,0.0,-0.614751,-0.952478,PRY,GTM,843041
9202164,197,93,8942,2018,29183.0,0.0,0.073928,0.22548600000000002,SLV,GTM,843041
9202165,231,93,8942,2018,293926.0,0.0,1.585861,0.44815900000000003,USA,GTM,843041
9202166,39,96,8942,2018,178080.0,0.0,0.666822,1.218593,CAN,GUY,843041
9202167,43,96,8942,2018,3387.0,0.0,1.200689,1.2822,CHN,GUY,843041
9202168,81,96,8942,2018,17701.0,0.0,1.693008,0.768159,GBR,GUY,843041
9202169,138,96,8942,2018,1002187.0,0.0,1.00061,0.585759,MEX,GUY,843041
9202170,231,96,8942,2018,801897.0,0.0,1.585861,0.44815900000000003,USA,GUY,843041
9202171,14,97,8942,2018,0.0,137475.0,-0.29687199999999997,-0.123116,AUS,HKG,843041
9202172,15,97,8942,2018,1187105.0,0.0,1.774488,-0.21117800000000003,AUT,HKG,843041
9202173,34,97,8942,2018,0.0,36280.0,0.562198,-0.774457,BRN,HKG,843041
9202174,39,97,8942,2018,0.0,288233.0,0.666822,1.218593,CAN,HKG,843041
9202175,43,97,8942,2018,590492.0,4676599.0,1.200689,1.2822,CHN,HKG,843041
9202176,67,97,8942,2018,0.0,47141.0,-0.873973,-1.032841,ECU,HKG,843041
9202177,68,97,8942,2018,0.0,52439.0,-0.096635,1.585658,EGY,HKG,843041
9202178,74,97,8942,2018,254058.0,0.0,1.61151,0.9474549999999999,FIN,HKG,843041
9202179,104,97,8942,2018,0.0,1827610.0,0.526015,2.448112,IND,HKG,843041
9202180,111,97,8942,2018,1737043.0,0.0,1.3602530000000002,0.453607,ITA,HKG,843041
9202181,114,97,8942,2018,934042.0,0.0,2.514533,-0.416074,JPN,HKG,843041
9202182,121,97,8942,2018,4132110.0,0.0,2.093866,0.764303,KOR,HKG,843041
9202183,133,97,8942,2018,1062799.0,487194.0,0.44520299999999996,0.042491,MAC,HKG,843041
9202184,153,97,8942,2018,61781.0,1027479.0,1.122976,0.734109,MYS,HKG,843041
9202185,159,97,8942,2018,0.0,1683.0,-1.8238,-1.259938,NGA,HKG,843041
9202186,162,97,8942,2018,558062.0,0.0,1.1478899999999999,1.454758,NLD,HKG,843041
9202187,174,97,8942,2018,0.0,518771.0,0.781409,0.22126700000000002,PHL,HKG,843041
9202188,192,97,8942,2018,10073.0,0.0,1.914132,0.652011,SGP,HKG,843041
9202189,216,97,8942,2018,224112.0,289432.0,1.053177,1.4084969999999999,THA,HKG,843041
9202190,231,97,8942,2018,393019.0,987646.0,1.585861,0.44815900000000003,USA,HKG,843041
9202191,239,97,8942,2018,0.0,26012.0,0.003069,0.9169729999999999,VNM,HKG,843041
9202192,31,99,8942,2018,0.0,125596.0,-1.153953,-1.070749,BOL,HND,843041
9202193,43,99,8942,2018,37061.0,0.0,1.200689,1.2822,CHN,HND,843041
9202194,61,99,8942,2018,899676.0,0.0,2.109059,-2.428826,DEU,HND,843041
9202195,67,99,8942,2018,0.0,25522.0,-0.873973,-1.032841,ECU,HND,843041
9202196,77,99,8942,2018,902694.0,0.0,1.420819,0.7793770000000001,FRA,HND,843041
9202197,93,99,8942,2018,0.0,57371.0,-0.362668,0.520826,GTM,HND,843041
9202198,111,99,8942,2018,20984.0,0.0,1.3602530000000002,0.453607,ITA,HND,843041
9202199,114,99,8942,2018,342277.0,0.0,2.514533,-0.416074,JPN,HND,843041
9202200,160,99,8942,2018,29605.0,0.0,-0.887282,-0.827008,NIC,HND,843041
9202201,173,99,8942,2018,340313.0,315631.0,-0.6673060000000001,-0.183315,PER,HND,843041
9202202,197,99,8942,2018,34300.0,0.0,0.073928,0.22548600000000002,SLV,HND,843041
9202203,208,99,8942,2018,1051.0,0.0,1.76361,0.766904,SWE,HND,843041
9202204,231,99,8942,2018,700724.0,18831.0,1.585861,0.44815900000000003,USA,HND,843041
9202205,15,102,8942,2018,2295646.0,0.0,1.774488,-0.21117800000000003,AUT,HUN,843041
9202206,43,102,8942,2018,9650.0,0.0,1.200689,1.2822,CHN,HUN,843041
9202207,59,102,8942,2018,14520.0,0.0,1.841016,0.220806,CZE,HUN,843041
9202208,61,102,8942,2018,3154558.0,0.0,2.109059,-2.428826,DEU,HUN,843041
9202209,64,102,8942,2018,0.0,8053.0,1.0945040000000001,1.3311540000000002,DNK,HUN,843041
9202210,77,102,8942,2018,78926.0,0.0,1.420819,0.7793770000000001,FRA,HUN,843041
9202211,111,102,8942,2018,51076.0,0.0,1.3602530000000002,0.453607,ITA,HUN,843041
9202212,162,102,8942,2018,130190.0,606091.0,1.1478899999999999,1.454758,NLD,HUN,843041
9202213,177,102,8942,2018,154944.0,0.0,1.132475,1.258945,POL,HUN,843041
9202214,185,102,8942,2018,353755.0,0.0,1.050715,1.04471,ROU,HUN,843041
9202215,186,102,8942,2018,256348.0,0.0,0.21398000000000003,0.100414,RUS,HUN,843041
9202216,206,102,8942,2018,0.0,22483.0,1.3270979999999999,0.877684,SVK,HUN,843041
9202217,228,102,8942,2018,0.0,364764.0,0.337296,0.758675,UKR,HUN,843041
9202218,231,102,8942,2018,189420.0,0.0,1.585861,0.44815900000000003,USA,HUN,843041
9202219,7,103,8942,2018,0.0,3607.0,0.11804400000000001,-0.326851,ARE,IDN,843041
9202220,14,103,8942,2018,239867.0,0.0,-0.29687199999999997,-0.123116,AUS,IDN,843041
9202221,18,103,8942,2018,87006.0,0.0,1.270641,1.201063,BEL,IDN,843041
9202222,39,103,8942,2018,288985.0,0.0,0.666822,1.218593,CAN,IDN,843041
9202223,43,103,8942,2018,21863482.0,455743.0,1.200689,1.2822,CHN,IDN,843041
9202224,44,103,8942,2018,0.0,49324.0,-0.8733569999999999,-0.8443139999999999,CIV,IDN,843041
9202225,61,103,8942,2018,1059786.0,0.0,2.109059,-2.428826,DEU,IDN,843041
9202226,74,103,8942,2018,3694500.0,0.0,1.61151,0.9474549999999999,FIN,IDN,843041
9202227,83,103,8942,2018,28995.0,0.0,-0.956109,-0.861556,GHA,IDN,843041
9202228,104,103,8942,2018,1081049.0,2914014.0,0.526015,2.448112,IND,IDN,843041
9202229,111,103,8942,2018,1568519.0,0.0,1.3602530000000002,0.453607,ITA,IDN,843041
9202230,114,103,8942,2018,1171886.0,175932.0,2.514533,-0.416074,JPN,IDN,843041
9202231,121,103,8942,2018,1763873.0,232509.0,2.093866,0.764303,KOR,IDN,843041
9202232,136,103,8942,2018,0.0,27625.0,-1.2144549999999998,-0.748326,MDG,IDN,843041
9202233,153,103,8942,2018,537958.0,12389.0,1.122976,0.734109,MYS,IDN,843041
9202234,159,103,8942,2018,0.0,29611.0,-1.8238,-1.259938,NGA,IDN,843041
9202235,162,103,8942,2018,50969.0,0.0,1.1478899999999999,1.454758,NLD,IDN,843041
9202236,173,103,8942,2018,536970.0,0.0,-0.6673060000000001,-0.183315,PER,IDN,843041
9202237,174,103,8942,2018,0.0,424414.0,0.781409,0.22126700000000002,PHL,IDN,843041
9202238,192,103,8942,2018,372581.0,598071.0,1.914132,0.652011,SGP,IDN,843041
9202239,208,103,8942,2018,1794519.0,0.0,1.76361,0.766904,SWE,IDN,843041
9202240,231,103,8942,2018,18000484.0,0.0,1.585861,0.44815900000000003,USA,IDN,843041
9202241,239,103,8942,2018,59463.0,0.0,0.003069,0.9169729999999999,VNM,IDN,843041
9202242,1,104,8942,2018,0.0,158912.0,-1.267508,-0.8494940000000001,AFG,IND,843041
9202243,2,104,8942,2018,289341.0,1606.0,-1.489191,-1.213992,AGO,IND,843041
9202244,4,104,8942,2018,0.0,527852.0,-0.456481,-0.139655,ALB,IND,843041
9202245,7,104,8942,2018,7251366.0,15886597.0,0.11804400000000001,-0.326851,ARE,IND,843041
9202246,8,104,8942,2018,0.0,163574.0,-0.14316800000000002,0.14356,ARG,IND,843041
9202247,14,104,8942,2018,90508.0,65790.0,-0.29687199999999997,-0.123116,AUS,IND,843041
9202248,16,104,8942,2018,0.0,182499.0,-1.144089,-1.224327,AZE,IND,843041
9202249,17,104,8942,2018,0.0,98611.0,-0.654964,-0.9683229999999999,BDI,IND,843041
9202250,18,104,8942,2018,1318419.0,0.0,1.270641,1.201063,BEL,IND,843041
9202251,19,104,8942,2018,0.0,91518.0,-0.646475,-0.769808,BEN,IND,843041
9202252,22,104,8942,2018,7151.0,3840572.0,-0.899467,-0.9823719999999999,BGD,IND,843041
9202253,24,104,8942,2018,0.0,5265684.0,0.318352,-0.69221,BHR,IND,843041
9202254,26,104,8942,2018,0.0,179974.0,0.526392,0.742398,BIH,IND,843041
9202255,32,104,8942,2018,2418.0,99350.0,0.143397,0.582092,BRA,IND,843041
9202256,34,104,8942,2018,0.0,10611.0,0.562198,-0.774457,BRN,IND,843041
9202257,35,104,8942,2018,519835.0,961675.0,-0.168694,-0.77871,BTN,IND,843041
9202258,37,104,8942,2018,0.0,225853.0,-0.8339610000000001,-1.184307,BWA,IND,843041
9202259,38,104,8942,2018,0.0,194508.0,-0.041318,-0.687923,CAF,IND,843041
9202260,39,104,8942,2018,304184.0,9299.0,0.666822,1.218593,CAN,IND,843041
9202261,43,104,8942,2018,68820592.0,4727838.0,1.200689,1.2822,CHN,IND,843041
9202262,44,104,8942,2018,0.0,128521.0,-0.8733569999999999,-0.8443139999999999,CIV,IND,843041
9202263,45,104,8942,2018,0.0,212844.0,-1.366619,-1.09894,CMR,IND,843041
9202264,46,104,8942,2018,0.0,224289.0,-1.743034,-1.20446,COD,IND,843041
9202265,47,104,8942,2018,0.0,333897.0,-1.52875,-1.1869100000000001,COG,IND,843041
9202266,49,104,8942,2018,0.0,93029.0,0.20431,-0.15273699999999998,COL,IND,843041
9202267,54,104,8942,2018,0.0,1476838.0,-0.8835629999999999,-1.15678,CUB,IND,843041
9202268,61,104,8942,2018,1792591.0,10820217.0,2.109059,-2.428826,DEU,IND,843041
9202269,64,104,8942,2018,887225.0,285443.0,1.0945040000000001,1.3311540000000002,DNK,IND,843041
9202270,66,104,8942,2018,0.0,1338292.0,-1.281519,-1.22291,DZA,IND,843041
9202271,67,104,8942,2018,0.0,7936.0,-0.873973,-1.032841,ECU,IND,843041
9202272,68,104,8942,2018,81976.0,0.0,-0.096635,1.585658,EGY,IND,843041
9202273,71,104,8942,2018,375030.0,0.0,0.744825,2.919005,ESP,IND,843041
9202274,73,104,8942,2018,0.0,473340.0,-0.874857,-0.464958,ETH,IND,843041
9202275,74,104,8942,2018,3534325.0,0.0,1.61151,0.9474549999999999,FIN,IND,843041
9202276,77,104,8942,2018,25712.0,442992.0,1.420819,0.7793770000000001,FRA,IND,843041
9202277,80,104,8942,2018,0.0,119587.0,-1.4979200000000001,-1.180407,GAB,IND,843041
9202278,81,104,8942,2018,186375.0,958003.0,1.693008,0.768159,GBR,IND,843041
9202279,83,104,8942,2018,0.0,912970.0,-0.956109,-0.861556,GHA,IND,843041
9202280,85,104,8942,2018,0.0,1264929.0,-1.036697,-1.1562860000000001,GIN,IND,843041
9202281,87,104,8942,2018,0.0,23512.0,-0.85649,-0.761513,GMB,IND,843041
9202282,97,104,8942,2018,1827610.0,0.0,0.843677,1.656073,HKG,IND,843041
9202283,103,104,8942,2018,2914014.0,1081049.0,-0.10130499999999999,1.2414209999999999,IDN,IND,843041
9202284,106,104,8942,2018,14719.0,0.0,1.262419,0.013576,IRL,IND,843041
9202285,108,104,8942,2018,0.0,2739.0,-1.7504400000000002,-1.018699,IRQ,IND,843041
9202286,111,104,8942,2018,36815420.0,7925.0,1.3602530000000002,0.453607,ITA,IND,843041
9202287,114,104,8942,2018,973508.0,47159.0,2.514533,-0.416074,JPN,IND,843041
9202288,115,104,8942,2018,0.0,2129210.0,-0.483862,-0.667417,KAZ,IND,843041
9202289,116,104,8942,2018,0.0,1346628.0,-0.32707800000000004,0.71009,KEN,IND,843041
9202290,118,104,8942,2018,0.0,11153.0,-0.45740299999999995,-0.575966,KHM,IND,843041
9202291,121,104,8942,2018,741902.0,0.0,2.093866,0.764303,KOR,IND,843041
9202292,122,104,8942,2018,132249.0,91896.0,-0.668802,-1.154012,KWT,IND,843041
9202293,128,104,8942,2018,668542.0,4817777.0,-0.544504,0.41074099999999997,LKA,IND,843041
9202294,130,104,8942,2018,0.0,271804.0,0.964249,1.4050200000000002,LTU,IND,843041
9202295,136,104,8942,2018,0.0,318442.0,-1.2144549999999998,-0.748326,MDG,IND,843041
9202296,138,104,8942,2018,0.0,849424.0,1.00061,0.585759,MEX,IND,843041
9202297,141,104,8942,2018,0.0,1916684.0,-0.49666499999999997,-0.7189909999999999,MLI,IND,843041
9202298,147,104,8942,2018,0.0,1070985.0,-1.380023,-1.027817,MOZ,IND,843041
9202299,152,104,8942,2018,0.0,15140.0,-0.7015979999999999,-0.9293680000000001,MWI,IND,843041
9202300,153,104,8942,2018,7984427.0,1117220.0,1.122976,0.734109,MYS,IND,843041
9202301,155,104,8942,2018,0.0,353806.0,-0.668091,-0.779938,NAM,IND,843041
9202302,159,104,8942,2018,14037266.0,5998414.0,-1.8238,-1.259938,NGA,IND,843041
9202303,162,104,8942,2018,228547.0,0.0,1.1478899999999999,1.454758,NLD,IND,843041
9202304,163,104,8942,2018,161694.0,0.0,0.681639,0.021762,NOR,IND,843041
9202305,164,104,8942,2018,36810.0,177730.0,-0.252837,0.999258,NPL,IND,843041
9202306,167,104,8942,2018,0.0,3552366.0,-0.548048,-0.9972989999999999,OMN,IND,843041
9202307,173,104,8942,2018,0.0,307920.0,-0.6673060000000001,-0.183315,PER,IND,843041
9202308,177,104,8942,2018,2967663.0,0.0,1.132475,1.258945,POL,IND,843041
9202309,183,104,8942,2018,0.0,253074.0,-0.068401,-1.014732,QAT,IND,843041
9202310,188,104,8942,2018,593233.0,1730317.0,0.5801810000000001,-0.447514,SAU,IND,843041
9202311,190,104,8942,2018,0.0,40852.0,-1.278532,-1.176008,SDN,IND,843041
9202312,192,104,8942,2018,7015820.0,7486067.0,1.914132,0.652011,SGP,IND,843041
9202313,196,104,8942,2018,0.0,213694.0,-0.06932999999999999,-0.36035300000000003,SLE,IND,843041
9202314,201,104,8942,2018,0.0,67112.0,0.607486,1.2139389999999999,SRB,IND,843041
9202315,208,104,8942,2018,945870.0,11609.0,1.76361,0.766904,SWE,IND,843041
9202316,216,104,8942,2018,1625.0,2327218.0,1.053177,1.4084969999999999,THA,IND,843041
9202317,217,104,8942,2018,0.0,1063518.0,-0.757793,-1.0641209999999999,TJK,IND,843041
9202318,222,104,8942,2018,33077.0,0.0,-0.281617,-1.009652,TTO,IND,843041
9202319,223,104,8942,2018,0.0,351480.0,0.259778,1.187194,TUN,IND,843041
9202320,224,104,8942,2018,115063.0,5396432.0,0.518721,2.5581419999999997,TUR,IND,843041
9202321,226,104,8942,2018,0.0,454698.0,-0.09850700000000001,1.145606,TZA,IND,843041
9202322,227,104,8942,2018,0.0,1222361.0,-0.621049,-0.061448,UGA,IND,843041
9202323,231,104,8942,2018,7477232.0,2563247.0,1.585861,0.44815900000000003,USA,IND,843041
9202324,239,104,8942,2018,2014.0,571410.0,0.003069,0.9169729999999999,VNM,IND,843041
9202325,246,104,8942,2018,190957.0,111645.0,0.158722,1.394829,ZAF,IND,843041
9202326,247,104,8942,2018,0.0,700894.0,-0.736064,-0.93958,ZMB,IND,843041
9202327,249,104,8942,2018,0.0,449424.0,2.0462540000000002,1.166636,TWN,IND,843041
9202328,250,104,8942,2018,14966.0,0.0,0.809991,-0.368737,ANS,IND,843041
9202329,14,106,8942,2018,0.0,158455.0,-0.29687199999999997,-0.123116,AUS,IRL,843041
9202330,39,106,8942,2018,16391.0,0.0,0.666822,1.218593,CAN,IRL,843041
9202331,42,106,8942,2018,0.0,13775.0,-0.37677,-0.49605299999999997,CHL,IRL,843041
9202332,43,106,8942,2018,32165.0,0.0,1.200689,1.2822,CHN,IRL,843041
9202333,81,106,8942,2018,386765.0,342478.0,1.693008,0.768159,GBR,IRL,843041
9202334,104,106,8942,2018,0.0,14719.0,0.526015,2.448112,IND,IRL,843041
9202335,111,106,8942,2018,1340.0,0.0,1.3602530000000002,0.453607,ITA,IRL,843041
9202336,121,106,8942,2018,367932.0,0.0,2.093866,0.764303,KOR,IRL,843041
9202337,162,106,8942,2018,488048.0,6609.0,1.1478899999999999,1.454758,NLD,IRL,843041
9202338,179,106,8942,2018,0.0,198249.0,0.652628,2.211758,PRT,IRL,843041
9202339,208,106,8942,2018,875673.0,453141.0,1.76361,0.766904,SWE,IRL,843041
9202340,224,106,8942,2018,434552.0,0.0,0.518721,2.5581419999999997,TUR,IRL,843041
9202341,231,106,8942,2018,289012.0,0.0,1.585861,0.44815900000000003,USA,IRL,843041
9202342,4,111,8942,2018,0.0,1017560.0,-0.456481,-0.139655,ALB,ITA,843041
9202343,7,111,8942,2018,0.0,1847485.0,0.11804400000000001,-0.326851,ARE,ITA,843041
9202344,8,111,8942,2018,0.0,2423768.0,-0.14316800000000002,0.14356,ARG,ITA,843041
9202345,13,111,8942,2018,0.0,78944.0,0.08520499999999999,-0.630757,ATG,ITA,843041
9202346,14,111,8942,2018,0.0,16543672.0,-0.29687199999999997,-0.123116,AUS,ITA,843041
9202347,15,111,8942,2018,1257823.0,2694705.0,1.774488,-0.21117800000000003,AUT,ITA,843041
9202348,18,111,8942,2018,148910.0,3476555.0,1.270641,1.201063,BEL,ITA,843041
9202349,19,111,8942,2018,0.0,474807.0,-0.646475,-0.769808,BEN,ITA,843041
9202350,22,111,8942,2018,0.0,8396905.0,-0.899467,-0.9823719999999999,BGD,ITA,843041
9202351,23,111,8942,2018,3408.0,576154.0,0.571226,1.836856,BGR,ITA,843041
9202352,24,111,8942,2018,0.0,275761.0,0.318352,-0.69221,BHR,ITA,843041
9202353,26,111,8942,2018,0.0,43211.0,0.526392,0.742398,BIH,ITA,843041
9202354,28,111,8942,2018,0.0,332497.0,0.850089,0.8332870000000001,BLR,ITA,843041
9202355,31,111,8942,2018,0.0,149225.0,-1.153953,-1.070749,BOL,ITA,843041
9202356,32,111,8942,2018,369193.0,57271.0,0.143397,0.582092,BRA,ITA,843041
9202357,37,111,8942,2018,0.0,65706.0,-0.8339610000000001,-1.184307,BWA,ITA,843041
9202358,39,111,8942,2018,0.0,9977292.0,0.666822,1.218593,CAN,ITA,843041
9202359,41,111,8942,2018,91777.0,9608362.0,2.2324330000000003,0.7801560000000001,CHE,ITA,843041
9202360,42,111,8942,2018,0.0,2333357.0,-0.37677,-0.49605299999999997,CHL,ITA,843041
9202361,43,111,8942,2018,13274.0,7526254.0,1.200689,1.2822,CHN,ITA,843041
9202362,44,111,8942,2018,0.0,189319.0,-0.8733569999999999,-0.8443139999999999,CIV,ITA,843041
9202363,45,111,8942,2018,0.0,105822.0,-1.366619,-1.09894,CMR,ITA,843041
9202364,49,111,8942,2018,0.0,1540155.0,0.20431,-0.15273699999999998,COL,ITA,843041
9202365,52,111,8942,2018,0.0,27555.0,0.19386,0.05811,CRI,ITA,843041
9202366,59,111,8942,2018,0.0,3342418.0,1.841016,0.220806,CZE,ITA,843041
9202367,61,111,8942,2018,6147592.0,12903050.0,2.109059,-2.428826,DEU,ITA,843041
9202368,64,111,8942,2018,0.0,552759.0,1.0945040000000001,1.3311540000000002,DNK,ITA,843041
9202369,65,111,8942,2018,0.0,411377.0,-0.084258,0.474872,DOM,ITA,843041
9202370,66,111,8942,2018,194915.0,7516796.0,-1.281519,-1.22291,DZA,ITA,843041
9202371,67,111,8942,2018,0.0,507274.0,-0.873973,-1.032841,ECU,ITA,843041
9202372,68,111,8942,2018,589197.0,4248044.0,-0.096635,1.585658,EGY,ITA,843041
9202373,71,111,8942,2018,592231.0,6614428.0,0.744825,2.919005,ESP,ITA,843041
9202374,72,111,8942,2018,0.0,361282.0,0.979986,1.2365899999999999,EST,ITA,843041
9202375,73,111,8942,2018,0.0,162328.0,-0.874857,-0.464958,ETH,ITA,843041
9202376,74,111,8942,2018,923783.0,565453.0,1.61151,0.9474549999999999,FIN,ITA,843041
9202377,75,111,8942,2018,0.0,102655.0,-0.269185,0.006362,FJI,ITA,843041
9202378,77,111,8942,2018,359811.0,34071912.0,1.420819,0.7793770000000001,FRA,ITA,843041
9202379,81,111,8942,2018,306593.0,22454614.0,1.693008,0.768159,GBR,ITA,843041
9202380,82,111,8942,2018,0.0,351571.0,-0.049871,-0.28439899999999996,GEO,ITA,843041
9202381,83,111,8942,2018,0.0,60671.0,-0.956109,-0.861556,GHA,ITA,843041
9202382,90,111,8942,2018,0.0,115162.0,0.059539999999999996,1.0321879999999999,GRC,ITA,843041
9202383,93,111,8942,2018,0.0,463771.0,-0.362668,0.520826,GTM,ITA,843041
9202384,97,111,8942,2018,0.0,1737043.0,0.843677,1.656073,HKG,ITA,843041
9202385,99,111,8942,2018,0.0,20984.0,-0.523738,-0.193198,HND,ITA,843041
9202386,100,111,8942,2018,0.0,130550.0,0.7923720000000001,1.4047209999999999,HRV,ITA,843041
9202387,102,111,8942,2018,0.0,51076.0,1.519662,0.833092,HUN,ITA,843041
9202388,103,111,8942,2018,0.0,1568519.0,-0.10130499999999999,1.2414209999999999,IDN,ITA,843041
9202389,104,111,8942,2018,7925.0,36815420.0,0.526015,2.448112,IND,ITA,843041
9202390,106,111,8942,2018,0.0,1340.0,1.262419,0.013576,IRL,ITA,843041
9202391,107,111,8942,2018,88416.0,5448774.0,-0.389954,-0.258156,IRN,ITA,843041
9202392,108,111,8942,2018,0.0,2811350.0,-1.7504400000000002,-1.018699,IRQ,ITA,843041
9202393,110,111,8942,2018,368873.0,6345264.0,1.355071,0.872822,ISR,ITA,843041
9202394,113,111,8942,2018,0.0,313802.0,-0.086895,0.283829,JOR,ITA,843041
9202395,114,111,8942,2018,1296.0,8319006.0,2.514533,-0.416074,JPN,ITA,843041
9202396,115,111,8942,2018,0.0,189859.0,-0.483862,-0.667417,KAZ,ITA,843041
9202397,116,111,8942,2018,0.0,98530.0,-0.32707800000000004,0.71009,KEN,ITA,843041
9202398,118,111,8942,2018,0.0,60788.0,-0.45740299999999995,-0.575966,KHM,ITA,843041
9202399,121,111,8942,2018,0.0,1221276.0,2.093866,0.764303,KOR,ITA,843041
9202400,122,111,8942,2018,0.0,155715.0,-0.668802,-1.154012,KWT,ITA,843041
9202401,124,111,8942,2018,0.0,8234.0,0.270554,0.9995149999999999,LBN,ITA,843041
9202402,128,111,8942,2018,0.0,627617.0,-0.544504,0.41074099999999997,LKA,ITA,843041
9202403,130,111,8942,2018,0.0,286858.0,0.964249,1.4050200000000002,LTU,ITA,843041
9202404,132,111,8942,2018,0.0,669005.0,0.707168,1.294297,LVA,ITA,843041
9202405,134,111,8942,2018,0.0,258314.0,-0.712775,-0.090013,MAR,ITA,843041
9202406,138,111,8942,2018,100751.0,4796474.0,1.00061,0.585759,MEX,ITA,843041
9202407,140,111,8942,2018,10620.0,85448.0,0.079976,-0.20256,MKD,ITA,843041
9202408,142,111,8942,2018,0.0,16626.0,0.9621219999999999,0.257289,MLT,ITA,843041
9202409,144,111,8942,2018,0.0,159890.0,0.332495,0.124258,MNE,ITA,843041
9202410,147,111,8942,2018,0.0,106219.0,-1.380023,-1.027817,MOZ,ITA,843041
9202411,148,111,8942,2018,0.0,581624.0,-1.511361,-1.296003,MRT,ITA,843041
9202412,151,111,8942,2018,0.0,119622.0,-0.128221,0.15049400000000002,MUS,ITA,843041
9202413,153,111,8942,2018,568392.0,673302.0,1.122976,0.734109,MYS,ITA,843041
9202414,159,111,8942,2018,0.0,251820.0,-1.8238,-1.259938,NGA,ITA,843041
9202415,160,111,8942,2018,51122.0,0.0,-0.887282,-0.827008,NIC,ITA,843041
9202416,162,111,8942,2018,2481961.0,4714622.0,1.1478899999999999,1.454758,NLD,ITA,843041
9202417,163,111,8942,2018,19724.0,780922.0,0.681639,0.021762,NOR,ITA,843041
9202418,164,111,8942,2018,0.0,1164517.0,-0.252837,0.999258,NPL,ITA,843041
9202419,166,111,8942,2018,0.0,2048956.0,0.21902600000000003,0.148714,NZL,ITA,843041
9202420,168,111,8942,2018,0.0,1125402.0,-0.64348,0.665045,PAK,ITA,843041
9202421,173,111,8942,2018,287409.0,1685341.0,-0.6673060000000001,-0.183315,PER,ITA,843041
9202422,174,111,8942,2018,0.0,1702255.0,0.781409,0.22126700000000002,PHL,ITA,843041
9202423,177,111,8942,2018,129088.0,4321772.0,1.132475,1.258945,POL,ITA,843041
9202424,179,111,8942,2018,83519.0,3196291.0,0.652628,2.211758,PRT,ITA,843041
9202425,180,111,8942,2018,0.0,125700.0,-0.614751,-0.952478,PRY,ITA,843041
9202426,183,111,8942,2018,0.0,338643.0,-0.068401,-1.014732,QAT,ITA,843041
9202427,185,111,8942,2018,0.0,1253675.0,1.050715,1.04471,ROU,ITA,843041
9202428,186,111,8942,2018,82349.0,2799626.0,0.21398000000000003,0.100414,RUS,ITA,843041
9202429,188,111,8942,2018,0.0,361075.0,0.5801810000000001,-0.447514,SAU,ITA,843041
9202430,190,111,8942,2018,0.0,41091.0,-1.278532,-1.176008,SDN,ITA,843041
9202431,191,111,8942,2018,0.0,146016.0,-0.751378,-0.390573,SEN,ITA,843041
9202432,192,111,8942,2018,0.0,6585168.0,1.914132,0.652011,SGP,ITA,843041
9202433,197,111,8942,2018,0.0,17669.0,0.073928,0.22548600000000002,SLV,ITA,843041
9202434,201,111,8942,2018,0.0,7422862.0,0.607486,1.2139389999999999,SRB,ITA,843041
9202435,206,111,8942,2018,0.0,4232.0,1.3270979999999999,0.877684,SVK,ITA,843041
9202436,207,111,8942,2018,0.0,1420728.0,1.67428,0.7703800000000001,SVN,ITA,843041
9202437,208,111,8942,2018,2130906.0,883685.0,1.76361,0.766904,SWE,ITA,843041
9202438,216,111,8942,2018,0.0,634239.0,1.053177,1.4084969999999999,THA,ITA,843041
9202439,217,111,8942,2018,31512.0,314732.0,-0.757793,-1.0641209999999999,TJK,ITA,843041
9202440,223,111,8942,2018,0.0,1941645.0,0.259778,1.187194,TUN,ITA,843041
9202441,224,111,8942,2018,844530.0,6035236.0,0.518721,2.5581419999999997,TUR,ITA,843041
9202442,227,111,8942,2018,0.0,128574.0,-0.621049,-0.061448,UGA,ITA,843041
9202443,228,111,8942,2018,0.0,985112.0,0.337296,0.758675,UKR,ITA,843041
9202444,230,111,8942,2018,0.0,36433.0,-0.02056,-0.38911,URY,ITA,843041
9202445,231,111,8942,2018,2302282.0,70978800.0,1.585861,0.44815900000000003,USA,ITA,843041
9202446,239,111,8942,2018,0.0,854761.0,0.003069,0.9169729999999999,VNM,ITA,843041
9202447,246,111,8942,2018,0.0,1592261.0,0.158722,1.394829,ZAF,ITA,843041
9202448,249,111,8942,2018,0.0,62127.0,2.0462540000000002,1.166636,TWN,ITA,843041
9202449,43,112,8942,2018,790648.0,0.0,1.200689,1.2822,CHN,JAM,843041
9202450,231,112,8942,2018,1714544.0,0.0,1.585861,0.44815900000000003,USA,JAM,843041
9202451,7,113,8942,2018,50315.0,0.0,0.11804400000000001,-0.326851,ARE,JOR,843041
9202452,61,113,8942,2018,76251.0,0.0,2.109059,-2.428826,DEU,JOR,843041
9202453,74,113,8942,2018,114103.0,0.0,1.61151,0.9474549999999999,FIN,JOR,843041
9202454,77,113,8942,2018,93664.0,0.0,1.420819,0.7793770000000001,FRA,JOR,843041
9202455,81,113,8942,2018,177876.0,0.0,1.693008,0.768159,GBR,JOR,843041
9202456,110,113,8942,2018,33623.0,0.0,1.355071,0.872822,ISR,JOR,843041
9202457,111,113,8942,2018,313802.0,0.0,1.3602530000000002,0.453607,ITA,JOR,843041
9202458,162,113,8942,2018,111047.0,0.0,1.1478899999999999,1.454758,NLD,JOR,843041
9202459,181,113,8942,2018,40288.0,0.0,0.096402,0.735946,PSE,JOR,843041
9202460,224,113,8942,2018,134303.0,0.0,0.518721,2.5581419999999997,TUR,JOR,843041
9202461,231,113,8942,2018,151922.0,0.0,1.585861,0.44815900000000003,USA,JOR,843041
9202462,250,113,8942,2018,0.0,1257626.0,0.809991,-0.368737,ANS,JOR,843041
9202463,7,114,8942,2018,0.0,395696.0,0.11804400000000001,-0.326851,ARE,JPN,843041
9202464,8,114,8942,2018,0.0,898099.0,-0.14316800000000002,0.14356,ARG,JPN,843041
9202465,14,114,8942,2018,0.0,1236253.0,-0.29687199999999997,-0.123116,AUS,JPN,843041
9202466,15,114,8942,2018,4127678.0,0.0,1.774488,-0.21117800000000003,AUT,JPN,843041
9202467,18,114,8942,2018,0.0,3924.0,1.270641,1.201063,BEL,JPN,843041
9202468,22,114,8942,2018,0.0,8144.0,-0.899467,-0.9823719999999999,BGD,JPN,843041
9202469,31,114,8942,2018,0.0,287601.0,-1.153953,-1.070749,BOL,JPN,843041
9202470,37,114,8942,2018,0.0,316476.0,-0.8339610000000001,-1.184307,BWA,JPN,843041
9202471,38,114,8942,2018,0.0,1375.0,-0.041318,-0.687923,CAF,JPN,843041
9202472,39,114,8942,2018,0.0,2306562.0,0.666822,1.218593,CAN,JPN,843041
9202473,41,114,8942,2018,0.0,31541.0,2.2324330000000003,0.7801560000000001,CHE,JPN,843041
9202474,42,114,8942,2018,0.0,381289.0,-0.37677,-0.49605299999999997,CHL,JPN,843041
9202475,43,114,8942,2018,1012497.0,4289970.0,1.200689,1.2822,CHN,JPN,843041
9202476,44,114,8942,2018,114350.0,1188148.0,-0.8733569999999999,-0.8443139999999999,CIV,JPN,843041
9202477,46,114,8942,2018,0.0,242211.0,-1.743034,-1.20446,COD,JPN,843041
9202478,49,114,8942,2018,0.0,354304.0,0.20431,-0.15273699999999998,COL,JPN,843041
9202479,61,114,8942,2018,2198382.0,2830582.0,2.109059,-2.428826,DEU,JPN,843041
9202480,65,114,8942,2018,0.0,305461.0,-0.084258,0.474872,DOM,JPN,843041
9202481,66,114,8942,2018,0.0,1974349.0,-1.281519,-1.22291,DZA,JPN,843041
9202482,67,114,8942,2018,0.0,39265.0,-0.873973,-1.032841,ECU,JPN,843041
9202483,68,114,8942,2018,0.0,5044636.0,-0.096635,1.585658,EGY,JPN,843041
9202484,73,114,8942,2018,0.0,60225.0,-0.874857,-0.464958,ETH,JPN,843041
9202485,77,114,8942,2018,0.0,1657980.0,1.420819,0.7793770000000001,FRA,JPN,843041
9202486,81,114,8942,2018,6934.0,0.0,1.693008,0.768159,GBR,JPN,843041
9202487,83,114,8942,2018,0.0,27799.0,-0.956109,-0.861556,GHA,JPN,843041
9202488,97,114,8942,2018,0.0,934042.0,0.843677,1.656073,HKG,JPN,843041
9202489,99,114,8942,2018,0.0,342277.0,-0.523738,-0.193198,HND,JPN,843041
9202490,103,114,8942,2018,175932.0,1171886.0,-0.10130499999999999,1.2414209999999999,IDN,JPN,843041
9202491,104,114,8942,2018,47159.0,973508.0,0.526015,2.448112,IND,JPN,843041
9202492,111,114,8942,2018,8319006.0,1296.0,1.3602530000000002,0.453607,ITA,JPN,843041
9202493,118,114,8942,2018,0.0,51363.0,-0.45740299999999995,-0.575966,KHM,JPN,843041
9202494,121,114,8942,2018,0.0,3667393.0,2.093866,0.764303,KOR,JPN,843041
9202495,122,114,8942,2018,0.0,1320659.0,-0.668802,-1.154012,KWT,JPN,843041
9202496,123,114,8942,2018,0.0,15041.0,-0.788808,-0.8012670000000001,LAO,JPN,843041
9202497,128,114,8942,2018,0.0,42128.0,-0.544504,0.41074099999999997,LKA,JPN,843041
9202498,134,114,8942,2018,0.0,833923.0,-0.712775,-0.090013,MAR,JPN,843041
9202499,136,114,8942,2018,0.0,11704.0,-1.2144549999999998,-0.748326,MDG,JPN,843041
9202500,138,114,8942,2018,0.0,291651.0,1.00061,0.585759,MEX,JPN,843041
9202501,153,114,8942,2018,0.0,2344931.0,1.122976,0.734109,MYS,JPN,843041
9202502,156,114,8942,2018,0.0,768703.0,-0.49370299999999995,-0.865432,NCL,JPN,843041
9202503,159,114,8942,2018,0.0,224499.0,-1.8238,-1.259938,NGA,JPN,843041
9202504,160,114,8942,2018,0.0,215586.0,-0.887282,-0.827008,NIC,JPN,843041
9202505,162,114,8942,2018,0.0,1416362.0,1.1478899999999999,1.454758,NLD,JPN,843041
9202506,167,114,8942,2018,0.0,682295.0,-0.548048,-0.9972989999999999,OMN,JPN,843041
9202507,168,114,8942,2018,226356.0,187309.0,-0.64348,0.665045,PAK,JPN,843041
9202508,169,114,8942,2018,0.0,2249382.0,0.104326,-0.11611800000000001,PAN,JPN,843041
9202509,173,114,8942,2018,0.0,391562.0,-0.6673060000000001,-0.183315,PER,JPN,843041
9202510,174,114,8942,2018,0.0,2717068.0,0.781409,0.22126700000000002,PHL,JPN,843041
9202511,180,114,8942,2018,0.0,518763.0,-0.614751,-0.952478,PRY,JPN,843041
9202512,185,114,8942,2018,0.0,45276.0,1.050715,1.04471,ROU,JPN,843041
9202513,186,114,8942,2018,0.0,789018.0,0.21398000000000003,0.100414,RUS,JPN,843041
9202514,188,114,8942,2018,0.0,869305.0,0.5801810000000001,-0.447514,SAU,JPN,843041
9202515,191,114,8942,2018,0.0,216799.0,-0.751378,-0.390573,SEN,JPN,843041
9202516,192,114,8942,2018,0.0,547728.0,1.914132,0.652011,SGP,JPN,843041
9202517,201,114,8942,2018,0.0,90704.0,0.607486,1.2139389999999999,SRB,JPN,843041
9202518,206,114,8942,2018,0.0,341985.0,1.3270979999999999,0.877684,SVK,JPN,843041
9202519,216,114,8942,2018,70315.0,2770512.0,1.053177,1.4084969999999999,THA,JPN,843041
9202520,221,114,8942,2018,0.0,28991.0,0.087991,-0.5723060000000001,TON,JPN,843041
9202521,223,114,8942,2018,0.0,85582.0,0.259778,1.187194,TUN,JPN,843041
9202522,224,114,8942,2018,0.0,1874293.0,0.518721,2.5581419999999997,TUR,JPN,843041
9202523,226,114,8942,2018,0.0,1518405.0,-0.09850700000000001,1.145606,TZA,JPN,843041
9202524,228,114,8942,2018,0.0,118829.0,0.337296,0.758675,UKR,JPN,843041
9202525,231,114,8942,2018,512591.0,17271080.0,1.585861,0.44815900000000003,USA,JPN,843041
9202526,239,114,8942,2018,178653.0,1722323.0,0.003069,0.9169729999999999,VNM,JPN,843041
9202527,246,114,8942,2018,0.0,1836506.0,0.158722,1.394829,ZAF,JPN,843041
9202528,247,114,8942,2018,0.0,53112.0,-0.736064,-0.93958,ZMB,JPN,843041
9202529,249,114,8942,2018,90375.0,210189.0,2.0462540000000002,1.166636,TWN,JPN,843041
9202530,43,118,8942,2018,8224749.0,0.0,1.200689,1.2822,CHN,KHM,843041
9202531,104,118,8942,2018,11153.0,0.0,0.526015,2.448112,IND,KHM,843041
9202532,111,118,8942,2018,60788.0,0.0,1.3602530000000002,0.453607,ITA,KHM,843041
9202533,114,118,8942,2018,51363.0,0.0,2.514533,-0.416074,JPN,KHM,843041
9202534,121,118,8942,2018,114945.0,0.0,2.093866,0.764303,KOR,KHM,843041
9202535,123,118,8942,2018,51124.0,0.0,-0.788808,-0.8012670000000001,LAO,KHM,843041
9202536,153,118,8942,2018,0.0,9018.0,1.122976,0.734109,MYS,KHM,843041
9202537,7,121,8942,2018,0.0,1216970.0,0.11804400000000001,-0.326851,ARE,KOR,843041
9202538,8,121,8942,2018,0.0,183777.0,-0.14316800000000002,0.14356,ARG,KOR,843041
9202539,14,121,8942,2018,76999.0,1534185.0,-0.29687199999999997,-0.123116,AUS,KOR,843041
9202540,39,121,8942,2018,0.0,425162.0,0.666822,1.218593,CAN,KOR,843041
9202541,42,121,8942,2018,0.0,211709.0,-0.37677,-0.49605299999999997,CHL,KOR,843041
9202542,43,121,8942,2018,357666.0,4207273.0,1.200689,1.2822,CHN,KOR,843041
9202543,61,121,8942,2018,2566274.0,0.0,2.109059,-2.428826,DEU,KOR,843041
9202544,66,121,8942,2018,0.0,166009.0,-1.281519,-1.22291,DZA,KOR,843041
9202545,67,121,8942,2018,0.0,530915.0,-0.873973,-1.032841,ECU,KOR,843041
9202546,68,121,8942,2018,0.0,2375698.0,-0.096635,1.585658,EGY,KOR,843041
9202547,73,121,8942,2018,0.0,359042.0,-0.874857,-0.464958,ETH,KOR,843041
9202548,74,121,8942,2018,494149.0,0.0,1.61151,0.9474549999999999,FIN,KOR,843041
9202549,83,121,8942,2018,0.0,582366.0,-0.956109,-0.861556,GHA,KOR,843041
9202550,97,121,8942,2018,0.0,4132110.0,0.843677,1.656073,HKG,KOR,843041
9202551,103,121,8942,2018,232509.0,1763873.0,-0.10130499999999999,1.2414209999999999,IDN,KOR,843041
9202552,104,121,8942,2018,0.0,741902.0,0.526015,2.448112,IND,KOR,843041
9202553,106,121,8942,2018,0.0,367932.0,1.262419,0.013576,IRL,KOR,843041
9202554,111,121,8942,2018,1221276.0,0.0,1.3602530000000002,0.453607,ITA,KOR,843041
9202555,114,121,8942,2018,3667393.0,0.0,2.514533,-0.416074,JPN,KOR,843041
9202556,115,121,8942,2018,0.0,233622.0,-0.483862,-0.667417,KAZ,KOR,843041
9202557,116,121,8942,2018,0.0,269949.0,-0.32707800000000004,0.71009,KEN,KOR,843041
9202558,118,121,8942,2018,0.0,114945.0,-0.45740299999999995,-0.575966,KHM,KOR,843041
9202559,122,121,8942,2018,348831.0,0.0,-0.668802,-1.154012,KWT,KOR,843041
9202560,123,121,8942,2018,0.0,101117.0,-0.788808,-0.8012670000000001,LAO,KOR,843041
9202561,128,121,8942,2018,0.0,5368.0,-0.544504,0.41074099999999997,LKA,KOR,843041
9202562,134,121,8942,2018,0.0,23192.0,-0.712775,-0.090013,MAR,KOR,843041
9202563,138,121,8942,2018,0.0,876831.0,1.00061,0.585759,MEX,KOR,843041
9202564,145,121,8942,2018,0.0,1449778.0,-0.934398,-1.125105,MNG,KOR,843041
9202565,152,121,8942,2018,0.0,107785.0,-0.7015979999999999,-0.9293680000000001,MWI,KOR,843041
9202566,153,121,8942,2018,0.0,3537348.0,1.122976,0.734109,MYS,KOR,843041
9202567,156,121,8942,2018,0.0,727604.0,-0.49370299999999995,-0.865432,NCL,KOR,843041
9202568,159,121,8942,2018,0.0,330600.0,-1.8238,-1.259938,NGA,KOR,843041
9202569,162,121,8942,2018,0.0,115348.0,1.1478899999999999,1.454758,NLD,KOR,843041
9202570,166,121,8942,2018,0.0,301685.0,0.21902600000000003,0.148714,NZL,KOR,843041
9202571,167,121,8942,2018,0.0,1522663.0,-0.548048,-0.9972989999999999,OMN,KOR,843041
9202572,168,121,8942,2018,0.0,42557.0,-0.64348,0.665045,PAK,KOR,843041
9202573,173,121,8942,2018,0.0,1702795.0,-0.6673060000000001,-0.183315,PER,KOR,843041
9202574,174,121,8942,2018,37204.0,862059.0,0.781409,0.22126700000000002,PHL,KOR,843041
9202575,175,121,8942,2018,0.0,36299.0,0.07495,-0.8339719999999999,PLW,KOR,843041
9202576,180,121,8942,2018,0.0,175383.0,-0.614751,-0.952478,PRY,KOR,843041
9202577,186,121,8942,2018,0.0,1319367.0,0.21398000000000003,0.100414,RUS,KOR,843041
9202578,188,121,8942,2018,36023.0,1115814.0,0.5801810000000001,-0.447514,SAU,KOR,843041
9202579,190,121,8942,2018,0.0,838949.0,-1.278532,-1.176008,SDN,KOR,843041
9202580,192,121,8942,2018,871939.0,10777375.0,1.914132,0.652011,SGP,KOR,843041
9202581,201,121,8942,2018,0.0,64614.0,0.607486,1.2139389999999999,SRB,KOR,843041
9202582,208,121,8942,2018,1700276.0,1750070.0,1.76361,0.766904,SWE,KOR,843041
9202583,211,121,8942,2018,0.0,124218.0,0.187352,-0.693013,SYC,KOR,843041
9202584,216,121,8942,2018,0.0,1134224.0,1.053177,1.4084969999999999,THA,KOR,843041
9202585,217,121,8942,2018,0.0,364411.0,-0.757793,-1.0641209999999999,TJK,KOR,843041
9202586,224,121,8942,2018,0.0,1741465.0,0.518721,2.5581419999999997,TUR,KOR,843041
9202587,226,121,8942,2018,0.0,318580.0,-0.09850700000000001,1.145606,TZA,KOR,843041
9202588,230,121,8942,2018,0.0,14429.0,-0.02056,-0.38911,URY,KOR,843041
9202589,231,121,8942,2018,530720.0,9841345.0,1.585861,0.44815900000000003,USA,KOR,843041
9202590,232,121,8942,2018,0.0,475283.0,-0.591547,-0.429982,UZB,KOR,843041
9202591,239,121,8942,2018,0.0,416426.0,0.003069,0.9169729999999999,VNM,KOR,843041
9202592,246,121,8942,2018,0.0,433365.0,0.158722,1.394829,ZAF,KOR,843041
9202593,247,121,8942,2018,0.0,243599.0,-0.736064,-0.93958,ZMB,KOR,843041
9202594,249,121,8942,2018,3245.0,638780.0,2.0462540000000002,1.166636,TWN,KOR,843041
9202595,7,122,8942,2018,235014.0,187914.0,0.11804400000000001,-0.326851,ARE,KWT,843041
9202596,15,122,8942,2018,237516.0,0.0,1.774488,-0.21117800000000003,AUT,KWT,843041
9202597,24,122,8942,2018,3935.0,0.0,0.318352,-0.69221,BHR,KWT,843041
9202598,43,122,8942,2018,7279284.0,0.0,1.200689,1.2822,CHN,KWT,843041
9202599,61,122,8942,2018,1605970.0,0.0,2.109059,-2.428826,DEU,KWT,843041
9202600,64,122,8942,2018,28147.0,0.0,1.0945040000000001,1.3311540000000002,DNK,KWT,843041
9202601,74,122,8942,2018,906833.0,0.0,1.61151,0.9474549999999999,FIN,KWT,843041
9202602,104,122,8942,2018,91896.0,132249.0,0.526015,2.448112,IND,KWT,843041
9202603,107,122,8942,2018,7158.0,0.0,-0.389954,-0.258156,IRN,KWT,843041
9202604,111,122,8942,2018,155715.0,0.0,1.3602530000000002,0.453607,ITA,KWT,843041
9202605,114,122,8942,2018,1320659.0,0.0,2.514533,-0.416074,JPN,KWT,843041
9202606,121,122,8942,2018,0.0,348831.0,2.093866,0.764303,KOR,KWT,843041
9202607,138,122,8942,2018,1067.0,0.0,1.00061,0.585759,MEX,KWT,843041
9202608,162,122,8942,2018,11752.0,0.0,1.1478899999999999,1.454758,NLD,KWT,843041
9202609,174,122,8942,2018,0.0,364344.0,0.781409,0.22126700000000002,PHL,KWT,843041
9202610,183,122,8942,2018,0.0,279118.0,-0.068401,-1.014732,QAT,KWT,843041
9202611,188,122,8942,2018,9747.0,0.0,0.5801810000000001,-0.447514,SAU,KWT,843041
9202612,192,122,8942,2018,0.0,201895.0,1.914132,0.652011,SGP,KWT,843041
9202613,208,122,8942,2018,18443.0,0.0,1.76361,0.766904,SWE,KWT,843041
9202614,231,122,8942,2018,130962.0,0.0,1.585861,0.44815900000000003,USA,KWT,843041
9202615,28,130,8942,2018,7502.0,717256.0,0.850089,0.8332870000000001,BLR,LTU,843041
9202616,61,130,8942,2018,311374.0,0.0,2.109059,-2.428826,DEU,LTU,843041
9202617,64,130,8942,2018,62253.0,11018.0,1.0945040000000001,1.3311540000000002,DNK,LTU,843041
9202618,71,130,8942,2018,530308.0,0.0,0.744825,2.919005,ESP,LTU,843041
9202619,72,130,8942,2018,621834.0,0.0,0.979986,1.2365899999999999,EST,LTU,843041
9202620,77,130,8942,2018,529650.0,0.0,1.420819,0.7793770000000001,FRA,LTU,843041
9202621,81,130,8942,2018,57632.0,0.0,1.693008,0.768159,GBR,LTU,843041
9202622,104,130,8942,2018,271804.0,0.0,0.526015,2.448112,IND,LTU,843041
9202623,111,130,8942,2018,286858.0,0.0,1.3602530000000002,0.453607,ITA,LTU,843041
9202624,115,130,8942,2018,0.0,579985.0,-0.483862,-0.667417,KAZ,LTU,843041
9202625,131,130,8942,2018,0.0,316668.0,1.1142889999999999,1.306066,LUX,LTU,843041
9202626,132,130,8942,2018,55841.0,292195.0,0.707168,1.294297,LVA,LTU,843041
9202627,162,130,8942,2018,210894.0,4552.0,1.1478899999999999,1.454758,NLD,LTU,843041
9202628,186,130,8942,2018,39204.0,1206704.0,0.21398000000000003,0.100414,RUS,LTU,843041
9202629,208,130,8942,2018,44787.0,13661.0,1.76361,0.766904,SWE,LTU,843041
9202630,231,130,8942,2018,710865.0,0.0,1.585861,0.44815900000000003,USA,LTU,843041
9202631,232,130,8942,2018,0.0,1506084.0,-0.591547,-0.429982,UZB,LTU,843041
9202632,39,138,8942,2018,484445.0,425649.0,0.666822,1.218593,CAN,MEX,843041
9202633,42,138,8942,2018,61736.0,0.0,-0.37677,-0.49605299999999997,CHL,MEX,843041
9202634,43,138,8942,2018,2125148.0,0.0,1.200689,1.2822,CHN,MEX,843041
9202635,49,138,8942,2018,366282.0,0.0,0.20431,-0.15273699999999998,COL,MEX,843041
9202636,61,138,8942,2018,679690.0,0.0,2.109059,-2.428826,DEU,MEX,843041
9202637,71,138,8942,2018,818055.0,0.0,0.744825,2.919005,ESP,MEX,843041
9202638,74,138,8942,2018,5253469.0,0.0,1.61151,0.9474549999999999,FIN,MEX,843041
9202639,77,138,8942,2018,36244860.0,0.0,1.420819,0.7793770000000001,FRA,MEX,843041
9202640,81,138,8942,2018,302282.0,2372.0,1.693008,0.768159,GBR,MEX,843041
9202641,93,138,8942,2018,115100.0,9478.0,-0.362668,0.520826,GTM,MEX,843041
9202642,96,138,8942,2018,0.0,1002187.0,-0.841458,-0.9803280000000001,GUY,MEX,843041
9202643,104,138,8942,2018,849424.0,0.0,0.526015,2.448112,IND,MEX,843041
9202644,110,138,8942,2018,92776.0,0.0,1.355071,0.872822,ISR,MEX,843041
9202645,111,138,8942,2018,4796474.0,100751.0,1.3602530000000002,0.453607,ITA,MEX,843041
9202646,114,138,8942,2018,291651.0,0.0,2.514533,-0.416074,JPN,MEX,843041
9202647,121,138,8942,2018,876831.0,0.0,2.093866,0.764303,KOR,MEX,843041
9202648,122,138,8942,2018,0.0,1067.0,-0.668802,-1.154012,KWT,MEX,843041
9202649,173,138,8942,2018,8855326.0,343286.0,-0.6673060000000001,-0.183315,PER,MEX,843041
9202650,208,138,8942,2018,1530748.0,0.0,1.76361,0.766904,SWE,MEX,843041
9202651,231,138,8942,2018,20386606.0,34303.0,1.585861,0.44815900000000003,USA,MEX,843041
9202652,7,153,8942,2018,495414.0,0.0,0.11804400000000001,-0.326851,ARE,MYS,843041
9202653,14,153,8942,2018,0.0,139508.0,-0.29687199999999997,-0.123116,AUS,MYS,843041
9202654,15,153,8942,2018,3105900.0,0.0,1.774488,-0.21117800000000003,AUT,MYS,843041
9202655,42,153,8942,2018,756338.0,0.0,-0.37677,-0.49605299999999997,CHL,MYS,843041
9202656,43,153,8942,2018,22419932.0,0.0,1.200689,1.2822,CHN,MYS,843041
9202657,44,153,8942,2018,0.0,6517.0,-0.8733569999999999,-0.8443139999999999,CIV,MYS,843041
9202658,61,153,8942,2018,4357444.0,0.0,2.109059,-2.428826,DEU,MYS,843041
9202659,64,153,8942,2018,3936.0,0.0,1.0945040000000001,1.3311540000000002,DNK,MYS,843041
9202660,68,153,8942,2018,39934.0,0.0,-0.096635,1.585658,EGY,MYS,843041
9202661,73,153,8942,2018,0.0,73979.0,-0.874857,-0.464958,ETH,MYS,843041
9202662,74,153,8942,2018,485451.0,0.0,1.61151,0.9474549999999999,FIN,MYS,843041
9202663,77,153,8942,2018,11611.0,0.0,1.420819,0.7793770000000001,FRA,MYS,843041
9202664,81,153,8942,2018,504302.0,0.0,1.693008,0.768159,GBR,MYS,843041
9202665,97,153,8942,2018,1027479.0,61781.0,0.843677,1.656073,HKG,MYS,843041
9202666,103,153,8942,2018,12389.0,537958.0,-0.10130499999999999,1.2414209999999999,IDN,MYS,843041
9202667,104,153,8942,2018,1117220.0,7984427.0,0.526015,2.448112,IND,MYS,843041
9202668,111,153,8942,2018,673302.0,568392.0,1.3602530000000002,0.453607,ITA,MYS,843041
9202669,114,153,8942,2018,2344931.0,0.0,2.514533,-0.416074,JPN,MYS,843041
9202670,118,153,8942,2018,9018.0,0.0,-0.45740299999999995,-0.575966,KHM,MYS,843041
9202671,121,153,8942,2018,3537348.0,0.0,2.093866,0.764303,KOR,MYS,843041
9202672,128,153,8942,2018,0.0,941631.0,-0.544504,0.41074099999999997,LKA,MYS,843041
9202673,143,153,8942,2018,0.0,100443.0,-0.936467,-0.223413,MMR,MYS,843041
9202674,162,153,8942,2018,182213.0,0.0,1.1478899999999999,1.454758,NLD,MYS,843041
9202675,167,153,8942,2018,60120.0,57159.0,-0.548048,-0.9972989999999999,OMN,MYS,843041
9202676,174,153,8942,2018,0.0,776623.0,0.781409,0.22126700000000002,PHL,MYS,843041
9202677,192,153,8942,2018,1631791.0,1436181.0,1.914132,0.652011,SGP,MYS,843041
9202678,216,153,8942,2018,1175863.0,397136.0,1.053177,1.4084969999999999,THA,MYS,843041
9202679,231,153,8942,2018,5620160.0,0.0,1.585861,0.44815900000000003,USA,MYS,843041
9202680,239,153,8942,2018,524321.0,0.0,0.003069,0.9169729999999999,VNM,MYS,843041
9202681,246,153,8942,2018,527543.0,193732.0,0.158722,1.394829,ZAF,MYS,843041
9202682,249,153,8942,2018,192938.0,91949.0,2.0462540000000002,1.166636,TWN,MYS,843041
9202683,52,160,8942,2018,0.0,68844.0,0.19386,0.05811,CRI,NIC,843041
9202684,61,160,8942,2018,238608.0,0.0,2.109059,-2.428826,DEU,NIC,843041
9202685,93,160,8942,2018,0.0,24471.0,-0.362668,0.520826,GTM,NIC,843041
9202686,99,160,8942,2018,0.0,29605.0,-0.523738,-0.193198,HND,NIC,843041
9202687,111,160,8942,2018,0.0,51122.0,1.3602530000000002,0.453607,ITA,NIC,843041
9202688,114,160,8942,2018,215586.0,0.0,2.514533,-0.416074,JPN,NIC,843041
9202689,173,160,8942,2018,2433.0,0.0,-0.6673060000000001,-0.183315,PER,NIC,843041
9202690,197,160,8942,2018,11779.0,110253.0,0.073928,0.22548600000000002,SLV,NIC,843041
9202691,231,160,8942,2018,111667.0,0.0,1.585861,0.44815900000000003,USA,NIC,843041
9202692,4,162,8942,2018,0.0,371185.0,-0.456481,-0.139655,ALB,NLD,843041
9202693,7,162,8942,2018,228975.0,456377.0,0.11804400000000001,-0.326851,ARE,NLD,843041
9202694,14,162,8942,2018,1920.0,1311320.0,-0.29687199999999997,-0.123116,AUS,NLD,843041
9202695,15,162,8942,2018,271507.0,1142317.0,1.774488,-0.21117800000000003,AUT,NLD,843041
9202696,16,162,8942,2018,0.0,105697.0,-1.144089,-1.224327,AZE,NLD,843041
9202697,18,162,8942,2018,1151220.0,4328185.0,1.270641,1.201063,BEL,NLD,843041
9202698,19,162,8942,2018,0.0,684948.0,-0.646475,-0.769808,BEN,NLD,843041
9202699,21,162,8942,2018,0.0,300752.0,-0.8835200000000001,-0.9790620000000001,BFA,NLD,843041
9202700,23,162,8942,2018,2811.0,3675.0,0.571226,1.836856,BGR,NLD,843041
9202701,26,162,8942,2018,0.0,45493.0,0.526392,0.742398,BIH,NLD,843041
9202702,28,162,8942,2018,0.0,15597.0,0.850089,0.8332870000000001,BLR,NLD,843041
9202703,31,162,8942,2018,0.0,32741.0,-1.153953,-1.070749,BOL,NLD,843041
9202704,39,162,8942,2018,282958.0,69503.0,0.666822,1.218593,CAN,NLD,843041
9202705,41,162,8942,2018,211795.0,280813.0,2.2324330000000003,0.7801560000000001,CHE,NLD,843041
9202706,42,162,8942,2018,53234.0,0.0,-0.37677,-0.49605299999999997,CHL,NLD,843041
9202707,43,162,8942,2018,157138.0,334117.0,1.200689,1.2822,CHN,NLD,843041
9202708,45,162,8942,2018,0.0,299441.0,-1.366619,-1.09894,CMR,NLD,843041
9202709,47,162,8942,2018,0.0,78164.0,-1.52875,-1.1869100000000001,COG,NLD,843041
9202710,49,162,8942,2018,0.0,538497.0,0.20431,-0.15273699999999998,COL,NLD,843041
9202711,58,162,8942,2018,0.0,4263.0,0.45442,-0.113303,CYP,NLD,843041
9202712,59,162,8942,2018,224608.0,430171.0,1.841016,0.220806,CZE,NLD,843041
9202713,61,162,8942,2018,3014595.0,3345852.0,2.109059,-2.428826,DEU,NLD,843041
9202714,64,162,8942,2018,0.0,504567.0,1.0945040000000001,1.3311540000000002,DNK,NLD,843041
9202715,67,162,8942,2018,0.0,41390.0,-0.873973,-1.032841,ECU,NLD,843041
9202716,68,162,8942,2018,0.0,273362.0,-0.096635,1.585658,EGY,NLD,843041
9202717,71,162,8942,2018,795719.0,349154.0,0.744825,2.919005,ESP,NLD,843041
9202718,72,162,8942,2018,0.0,141386.0,0.979986,1.2365899999999999,EST,NLD,843041
9202719,74,162,8942,2018,649738.0,553425.0,1.61151,0.9474549999999999,FIN,NLD,843041
9202720,77,162,8942,2018,211659.0,2558274.0,1.420819,0.7793770000000001,FRA,NLD,843041
9202721,81,162,8942,2018,202543.0,332149.0,1.693008,0.768159,GBR,NLD,843041
9202722,82,162,8942,2018,0.0,191784.0,-0.049871,-0.28439899999999996,GEO,NLD,843041
9202723,83,162,8942,2018,0.0,613577.0,-0.956109,-0.861556,GHA,NLD,843041
9202724,85,162,8942,2018,0.0,96260.0,-1.036697,-1.1562860000000001,GIN,NLD,843041
9202725,90,162,8942,2018,1360.0,157893.0,0.059539999999999996,1.0321879999999999,GRC,NLD,843041
9202726,97,162,8942,2018,0.0,558062.0,0.843677,1.656073,HKG,NLD,843041
9202727,100,162,8942,2018,0.0,39003.0,0.7923720000000001,1.4047209999999999,HRV,NLD,843041
9202728,102,162,8942,2018,606091.0,130190.0,1.519662,0.833092,HUN,NLD,843041
9202729,103,162,8942,2018,0.0,50969.0,-0.10130499999999999,1.2414209999999999,IDN,NLD,843041
9202730,104,162,8942,2018,0.0,228547.0,0.526015,2.448112,IND,NLD,843041
9202731,106,162,8942,2018,6609.0,488048.0,1.262419,0.013576,IRL,NLD,843041
9202732,108,162,8942,2018,116474.0,0.0,-1.7504400000000002,-1.018699,IRQ,NLD,843041
9202733,110,162,8942,2018,0.0,160288.0,1.355071,0.872822,ISR,NLD,843041
9202734,111,162,8942,2018,4714622.0,2481961.0,1.3602530000000002,0.453607,ITA,NLD,843041
9202735,113,162,8942,2018,0.0,111047.0,-0.086895,0.283829,JOR,NLD,843041
9202736,114,162,8942,2018,1416362.0,0.0,2.514533,-0.416074,JPN,NLD,843041
9202737,115,162,8942,2018,0.0,37665.0,-0.483862,-0.667417,KAZ,NLD,843041
9202738,116,162,8942,2018,0.0,6191.0,-0.32707800000000004,0.71009,KEN,NLD,843041
9202739,121,162,8942,2018,115348.0,0.0,2.093866,0.764303,KOR,NLD,843041
9202740,122,162,8942,2018,0.0,11752.0,-0.668802,-1.154012,KWT,NLD,843041
9202741,124,162,8942,2018,0.0,5946.0,0.270554,0.9995149999999999,LBN,NLD,843041
9202742,130,162,8942,2018,4552.0,210894.0,0.964249,1.4050200000000002,LTU,NLD,843041
9202743,131,162,8942,2018,4303.0,0.0,1.1142889999999999,1.306066,LUX,NLD,843041
9202744,132,162,8942,2018,0.0,82178.0,0.707168,1.294297,LVA,NLD,843041
9202745,134,162,8942,2018,0.0,103529.0,-0.712775,-0.090013,MAR,NLD,843041
9202746,140,162,8942,2018,0.0,45361.0,0.079976,-0.20256,MKD,NLD,843041
9202747,142,162,8942,2018,0.0,5952.0,0.9621219999999999,0.257289,MLT,NLD,843041
9202748,144,162,8942,2018,0.0,339579.0,0.332495,0.124258,MNE,NLD,843041
9202749,153,162,8942,2018,0.0,182213.0,1.122976,0.734109,MYS,NLD,843041
9202750,157,162,8942,2018,0.0,89452.0,-0.633115,-0.839564,NER,NLD,843041
9202751,163,162,8942,2018,229581.0,3012493.0,0.681639,0.021762,NOR,NLD,843041
9202752,166,162,8942,2018,115161.0,1063114.0,0.21902600000000003,0.148714,NZL,NLD,843041
9202753,177,162,8942,2018,450368.0,1114354.0,1.132475,1.258945,POL,NLD,843041
9202754,179,162,8942,2018,26025.0,718978.0,0.652628,2.211758,PRT,NLD,843041
9202755,185,162,8942,2018,12987.0,158858.0,1.050715,1.04471,ROU,NLD,843041
9202756,186,162,8942,2018,0.0,977631.0,0.21398000000000003,0.100414,RUS,NLD,843041
9202757,188,162,8942,2018,454378.0,1090800.0,0.5801810000000001,-0.447514,SAU,NLD,843041
9202758,191,162,8942,2018,0.0,77006.0,-0.751378,-0.390573,SEN,NLD,843041
9202759,192,162,8942,2018,0.0,6860.0,1.914132,0.652011,SGP,NLD,843041
9202760,196,162,8942,2018,0.0,17338.0,-0.06932999999999999,-0.36035300000000003,SLE,NLD,843041
9202761,205,162,8942,2018,0.0,5280.0,-0.798074,-1.023046,SUR,NLD,843041
9202762,206,162,8942,2018,1676069.0,113316.0,1.3270979999999999,0.877684,SVK,NLD,843041
9202763,207,162,8942,2018,3004.0,67659.0,1.67428,0.7703800000000001,SVN,NLD,843041
9202764,208,162,8942,2018,25843.0,630070.0,1.76361,0.766904,SWE,NLD,843041
9202765,210,162,8942,2018,0.0,1728.0,1.115443,-0.661118,SXM,NLD,843041
9202766,217,162,8942,2018,0.0,11156.0,-0.757793,-1.0641209999999999,TJK,NLD,843041
9202767,224,162,8942,2018,88944.0,1131971.0,0.518721,2.5581419999999997,TUR,NLD,843041
9202768,228,162,8942,2018,0.0,143600.0,0.337296,0.758675,UKR,NLD,843041
9202769,231,162,8942,2018,22324186.0,2432809.0,1.585861,0.44815900000000003,USA,NLD,843041
9202770,246,162,8942,2018,66764.0,186473.0,0.158722,1.394829,ZAF,NLD,843041
9202771,2,163,8942,2018,0.0,2883.0,-1.489191,-1.213992,AGO,NOR,843041
9202772,7,163,8942,2018,47010.0,0.0,0.11804400000000001,-0.326851,ARE,NOR,843041
9202773,14,163,8942,2018,2039.0,203087.0,-0.29687199999999997,-0.123116,AUS,NOR,843041
9202774,15,163,8942,2018,237336.0,0.0,1.774488,-0.21117800000000003,AUT,NOR,843041
9202775,23,163,8942,2018,0.0,102001.0,0.571226,1.836856,BGR,NOR,843041
9202776,31,163,8942,2018,0.0,75701.0,-1.153953,-1.070749,BOL,NOR,843041
9202777,39,163,8942,2018,36076.0,0.0,0.666822,1.218593,CAN,NOR,843041
9202778,41,163,8942,2018,0.0,66416.0,2.2324330000000003,0.7801560000000001,CHE,NOR,843041
9202779,43,163,8942,2018,2732.0,0.0,1.200689,1.2822,CHN,NOR,843041
9202780,44,163,8942,2018,0.0,4518.0,-0.8733569999999999,-0.8443139999999999,CIV,NOR,843041
9202781,45,163,8942,2018,0.0,102694.0,-1.366619,-1.09894,CMR,NOR,843041
9202782,61,163,8942,2018,1424863.0,0.0,2.109059,-2.428826,DEU,NOR,843041
9202783,64,163,8942,2018,13725.0,139877.0,1.0945040000000001,1.3311540000000002,DNK,NOR,843041
9202784,72,163,8942,2018,58935.0,59301.0,0.979986,1.2365899999999999,EST,NOR,843041
9202785,74,163,8942,2018,11112347.0,101221.0,1.61151,0.9474549999999999,FIN,NOR,843041
9202786,77,163,8942,2018,605497.0,38876.0,1.420819,0.7793770000000001,FRA,NOR,843041
9202787,78,163,8942,2018,0.0,68308.0,-1.00676,-0.959297,FRO,NOR,843041
9202788,81,163,8942,2018,2581.0,124925.0,1.693008,0.768159,GBR,NOR,843041
9202789,104,163,8942,2018,0.0,161694.0,0.526015,2.448112,IND,NOR,843041
9202790,109,163,8942,2018,0.0,3738.0,0.252338,-0.341319,ISL,NOR,843041
9202791,111,163,8942,2018,780922.0,19724.0,1.3602530000000002,0.453607,ITA,NOR,843041
9202792,124,163,8942,2018,0.0,27715.0,0.270554,0.9995149999999999,LBN,NOR,843041
9202793,159,163,8942,2018,0.0,18859.0,-1.8238,-1.259938,NGA,NOR,843041
9202794,162,163,8942,2018,3012493.0,229581.0,1.1478899999999999,1.454758,NLD,NOR,843041
9202795,186,163,8942,2018,0.0,247585.0,0.21398000000000003,0.100414,RUS,NOR,843041
9202796,190,163,8942,2018,0.0,3297.0,-1.278532,-1.176008,SDN,NOR,843041
9202797,208,163,8942,2018,22887406.0,9300259.0,1.76361,0.766904,SWE,NOR,843041
9202798,224,163,8942,2018,0.0,147556.0,0.518721,2.5581419999999997,TUR,NOR,843041
9202799,231,163,8942,2018,393260.0,0.0,1.585861,0.44815900000000003,USA,NOR,843041
9202800,10,166,8942,2018,0.0,191287.0,1.01754,-0.340514,ASM,NZL,843041
9202801,14,166,8942,2018,1086711.0,58831.0,-0.29687199999999997,-0.123116,AUS,NZL,843041
9202802,43,166,8942,2018,49474.0,0.0,1.200689,1.2822,CHN,NZL,843041
9202803,74,166,8942,2018,769602.0,0.0,1.61151,0.9474549999999999,FIN,NZL,843041
9202804,75,166,8942,2018,0.0,51113.0,-0.269185,0.006362,FJI,NZL,843041
9202805,81,166,8942,2018,218041.0,0.0,1.693008,0.768159,GBR,NZL,843041
9202806,111,166,8942,2018,2048956.0,0.0,1.3602530000000002,0.453607,ITA,NZL,843041
9202807,121,166,8942,2018,301685.0,0.0,2.093866,0.764303,KOR,NZL,843041
9202808,161,166,8942,2018,0.0,210295.0,0.9669469999999999,-0.851692,NIU,NZL,843041
9202809,162,166,8942,2018,1063114.0,115161.0,1.1478899999999999,1.454758,NLD,NZL,843041
9202810,231,166,8942,2018,3550878.0,0.0,1.585861,0.44815900000000003,USA,NZL,843041
9202811,29,169,8942,2018,32735.0,15009.0,-0.15867699999999998,-0.6393989999999999,BLZ,PAN,843041
9202812,39,169,8942,2018,175111.0,0.0,0.666822,1.218593,CAN,PAN,843041
9202813,43,169,8942,2018,21538.0,0.0,1.200689,1.2822,CHN,PAN,843041
9202814,52,169,8942,2018,50302.0,18850.0,0.19386,0.05811,CRI,PAN,843041
9202815,65,169,8942,2018,32023.0,0.0,-0.084258,0.474872,DOM,PAN,843041
9202816,67,169,8942,2018,0.0,43974.0,-0.873973,-1.032841,ECU,PAN,843041
9202817,71,169,8942,2018,250040.0,0.0,0.744825,2.919005,ESP,PAN,843041
9202818,93,169,8942,2018,243217.0,11099.0,-0.362668,0.520826,GTM,PAN,843041
9202819,114,169,8942,2018,2249382.0,0.0,2.514533,-0.416074,JPN,PAN,843041
9202820,173,169,8942,2018,242071.0,0.0,-0.6673060000000001,-0.183315,PER,PAN,843041
9202821,180,169,8942,2018,0.0,420237.0,-0.614751,-0.952478,PRY,PAN,843041
9202822,208,169,8942,2018,2034867.0,0.0,1.76361,0.766904,SWE,PAN,843041
9202823,230,169,8942,2018,21846.0,0.0,-0.02056,-0.38911,URY,PAN,843041
9202824,231,169,8942,2018,3330930.0,0.0,1.585861,0.44815900000000003,USA,PAN,843041
9202825,7,173,8942,2018,176691.0,0.0,0.11804400000000001,-0.326851,ARE,PER,843041
9202826,8,173,8942,2018,0.0,1229238.0,-0.14316800000000002,0.14356,ARG,PER,843041
9202827,14,173,8942,2018,0.0,771203.0,-0.29687199999999997,-0.123116,AUS,PER,843041
9202828,15,173,8942,2018,1668351.0,0.0,1.774488,-0.21117800000000003,AUT,PER,843041
9202829,31,173,8942,2018,865732.0,4592129.0,-1.153953,-1.070749,BOL,PER,843041
9202830,32,173,8942,2018,1351.0,305950.0,0.143397,0.582092,BRA,PER,843041
9202831,39,173,8942,2018,830234.0,0.0,0.666822,1.218593,CAN,PER,843041
9202832,42,173,8942,2018,1056916.0,1415716.0,-0.37677,-0.49605299999999997,CHL,PER,843041
9202833,43,173,8942,2018,1141586.0,0.0,1.200689,1.2822,CHN,PER,843041
9202834,49,173,8942,2018,227006.0,162960.0,0.20431,-0.15273699999999998,COL,PER,843041
9202835,61,173,8942,2018,2258858.0,0.0,2.109059,-2.428826,DEU,PER,843041
9202836,67,173,8942,2018,5512.0,69952.0,-0.873973,-1.032841,ECU,PER,843041
9202837,71,173,8942,2018,157013.0,0.0,0.744825,2.919005,ESP,PER,843041
9202838,74,173,8942,2018,63081.0,0.0,1.61151,0.9474549999999999,FIN,PER,843041
9202839,77,173,8942,2018,3921730.0,351767.0,1.420819,0.7793770000000001,FRA,PER,843041
9202840,90,173,8942,2018,0.0,74520.0,0.059539999999999996,1.0321879999999999,GRC,PER,843041
9202841,99,173,8942,2018,315631.0,340313.0,-0.523738,-0.193198,HND,PER,843041
9202842,103,173,8942,2018,0.0,536970.0,-0.10130499999999999,1.2414209999999999,IDN,PER,843041
9202843,104,173,8942,2018,307920.0,0.0,0.526015,2.448112,IND,PER,843041
9202844,111,173,8942,2018,1685341.0,287409.0,1.3602530000000002,0.453607,ITA,PER,843041
9202845,114,173,8942,2018,391562.0,0.0,2.514533,-0.416074,JPN,PER,843041
9202846,115,173,8942,2018,0.0,527390.0,-0.483862,-0.667417,KAZ,PER,843041
9202847,121,173,8942,2018,1702795.0,0.0,2.093866,0.764303,KOR,PER,843041
9202848,132,173,8942,2018,0.0,828863.0,0.707168,1.294297,LVA,PER,843041
9202849,138,173,8942,2018,343286.0,8855326.0,1.00061,0.585759,MEX,PER,843041
9202850,160,173,8942,2018,0.0,2433.0,-0.887282,-0.827008,NIC,PER,843041
9202851,169,173,8942,2018,0.0,242071.0,0.104326,-0.11611800000000001,PAN,PER,843041
9202852,177,173,8942,2018,694888.0,0.0,1.132475,1.258945,POL,PER,843041
9202853,179,173,8942,2018,79562.0,0.0,0.652628,2.211758,PRT,PER,843041
9202854,208,173,8942,2018,5490288.0,334877.0,1.76361,0.766904,SWE,PER,843041
9202855,231,173,8942,2018,12832383.0,254959.0,1.585861,0.44815900000000003,USA,PER,843041
9202856,246,173,8942,2018,441987.0,0.0,0.158722,1.394829,ZAF,PER,843041
9202857,247,173,8942,2018,0.0,1511297.0,-0.736064,-0.93958,ZMB,PER,843041
9202858,7,174,8942,2018,322731.0,0.0,0.11804400000000001,-0.326851,ARE,PHL,843041
9202859,14,174,8942,2018,138482.0,0.0,-0.29687199999999997,-0.123116,AUS,PHL,843041
9202860,15,174,8942,2018,307435.0,0.0,1.774488,-0.21117800000000003,AUT,PHL,843041
9202861,39,174,8942,2018,8918.0,0.0,0.666822,1.218593,CAN,PHL,843041
9202862,43,174,8942,2018,4831834.0,0.0,1.200689,1.2822,CHN,PHL,843041
9202863,74,174,8942,2018,10763.0,0.0,1.61151,0.9474549999999999,FIN,PHL,843041
9202864,77,174,8942,2018,256478.0,0.0,1.420819,0.7793770000000001,FRA,PHL,843041
9202865,97,174,8942,2018,518771.0,0.0,0.843677,1.656073,HKG,PHL,843041
9202866,103,174,8942,2018,424414.0,0.0,-0.10130499999999999,1.2414209999999999,IDN,PHL,843041
9202867,111,174,8942,2018,1702255.0,0.0,1.3602530000000002,0.453607,ITA,PHL,843041
9202868,114,174,8942,2018,2717068.0,0.0,2.514533,-0.416074,JPN,PHL,843041
9202869,121,174,8942,2018,862059.0,37204.0,2.093866,0.764303,KOR,PHL,843041
9202870,122,174,8942,2018,364344.0,0.0,-0.668802,-1.154012,KWT,PHL,843041
9202871,153,174,8942,2018,776623.0,0.0,1.122976,0.734109,MYS,PHL,843041
9202872,167,174,8942,2018,201962.0,0.0,-0.548048,-0.9972989999999999,OMN,PHL,843041
9202873,168,174,8942,2018,549832.0,0.0,-0.64348,0.665045,PAK,PHL,843041
9202874,188,174,8942,2018,1105437.0,0.0,0.5801810000000001,-0.447514,SAU,PHL,843041
9202875,192,174,8942,2018,785338.0,0.0,1.914132,0.652011,SGP,PHL,843041
9202876,208,174,8942,2018,722827.0,0.0,1.76361,0.766904,SWE,PHL,843041
9202877,231,174,8942,2018,1026726.0,0.0,1.585861,0.44815900000000003,USA,PHL,843041
9202878,239,174,8942,2018,282844.0,0.0,0.003069,0.9169729999999999,VNM,PHL,843041
9202879,249,174,8942,2018,8412.0,0.0,2.0462540000000002,1.166636,TWN,PHL,843041
9202880,8,177,8942,2018,0.0,279230.0,-0.14316800000000002,0.14356,ARG,POL,843041
9202881,14,177,8942,2018,0.0,904317.0,-0.29687199999999997,-0.123116,AUS,POL,843041
9202882,15,177,8942,2018,1867054.0,272271.0,1.774488,-0.21117800000000003,AUT,POL,843041
9202883,18,177,8942,2018,75872.0,0.0,1.270641,1.201063,BEL,POL,843041
9202884,39,177,8942,2018,146017.0,325344.0,0.666822,1.218593,CAN,POL,843041
9202885,41,177,8942,2018,567066.0,95990.0,2.2324330000000003,0.7801560000000001,CHE,POL,843041
9202886,42,177,8942,2018,0.0,1547490.0,-0.37677,-0.49605299999999997,CHL,POL,843041
9202887,43,177,8942,2018,65912.0,0.0,1.200689,1.2822,CHN,POL,843041
9202888,59,177,8942,2018,968888.0,1044.0,1.841016,0.220806,CZE,POL,843041
9202889,61,177,8942,2018,12648657.0,1416679.0,2.109059,-2.428826,DEU,POL,843041
9202890,64,177,8942,2018,427242.0,0.0,1.0945040000000001,1.3311540000000002,DNK,POL,843041
9202891,68,177,8942,2018,0.0,34132.0,-0.096635,1.585658,EGY,POL,843041
9202892,71,177,8942,2018,4008.0,0.0,0.744825,2.919005,ESP,POL,843041
9202893,77,177,8942,2018,22523.0,0.0,1.420819,0.7793770000000001,FRA,POL,843041
9202894,81,177,8942,2018,97834.0,1692744.0,1.693008,0.768159,GBR,POL,843041
9202895,100,177,8942,2018,0.0,363366.0,0.7923720000000001,1.4047209999999999,HRV,POL,843041
9202896,102,177,8942,2018,0.0,154944.0,1.519662,0.833092,HUN,POL,843041
9202897,104,177,8942,2018,0.0,2967663.0,0.526015,2.448112,IND,POL,843041
9202898,107,177,8942,2018,0.0,2181309.0,-0.389954,-0.258156,IRN,POL,843041
9202899,109,177,8942,2018,0.0,16651.0,0.252338,-0.341319,ISL,POL,843041
9202900,111,177,8942,2018,4321772.0,129088.0,1.3602530000000002,0.453607,ITA,POL,843041
9202901,145,177,8942,2018,0.0,532747.0,-0.934398,-1.125105,MNG,POL,843041
9202902,162,177,8942,2018,1114354.0,450368.0,1.1478899999999999,1.454758,NLD,POL,843041
9202903,164,177,8942,2018,0.0,503707.0,-0.252837,0.999258,NPL,POL,843041
9202904,168,177,8942,2018,0.0,471889.0,-0.64348,0.665045,PAK,POL,843041
9202905,173,177,8942,2018,0.0,694888.0,-0.6673060000000001,-0.183315,PER,POL,843041
9202906,179,177,8942,2018,2333.0,0.0,0.652628,2.211758,PRT,POL,843041
9202907,186,177,8942,2018,0.0,3309349.0,0.21398000000000003,0.100414,RUS,POL,843041
9202908,188,177,8942,2018,0.0,338492.0,0.5801810000000001,-0.447514,SAU,POL,843041
9202909,201,177,8942,2018,11340.0,128421.0,0.607486,1.2139389999999999,SRB,POL,843041
9202910,208,177,8942,2018,8261730.0,0.0,1.76361,0.766904,SWE,POL,843041
9202911,224,177,8942,2018,0.0,1251901.0,0.518721,2.5581419999999997,TUR,POL,843041
9202912,228,177,8942,2018,6726.0,54352.0,0.337296,0.758675,UKR,POL,843041
9202913,231,177,8942,2018,1287127.0,1647903.0,1.585861,0.44815900000000003,USA,POL,843041
9202914,232,177,8942,2018,0.0,595058.0,-0.591547,-0.429982,UZB,POL,843041
9202915,246,177,8942,2018,0.0,657070.0,0.158722,1.394829,ZAF,POL,843041
9202916,248,177,8942,2018,0.0,527549.0,-1.181524,-1.0648520000000001,ZWE,POL,843041
9202917,2,179,8942,2018,221303.0,25971.0,-1.489191,-1.213992,AGO,PRT,843041
9202918,14,179,8942,2018,717586.0,0.0,-0.29687199999999997,-0.123116,AUS,PRT,843041
9202919,15,179,8942,2018,0.0,69433.0,1.774488,-0.21117800000000003,AUT,PRT,843041
9202920,27,179,8942,2018,0.0,8374.0,0.773095,-0.104209,BLM,PRT,843041
9202921,32,179,8942,2018,436013.0,171143.0,0.143397,0.582092,BRA,PRT,843041
9202922,51,179,8942,2018,0.0,44310.0,-0.319064,-0.8615659999999999,CPV,PRT,843041
9202923,59,179,8942,2018,0.0,20651.0,1.841016,0.220806,CZE,PRT,843041
9202924,61,179,8942,2018,657884.0,998.0,2.109059,-2.428826,DEU,PRT,843041
9202925,68,179,8942,2018,0.0,75143.0,-0.096635,1.585658,EGY,PRT,843041
9202926,71,179,8942,2018,224287.0,281883.0,0.744825,2.919005,ESP,PRT,843041
9202927,74,179,8942,2018,1052721.0,0.0,1.61151,0.9474549999999999,FIN,PRT,843041
9202928,77,179,8942,2018,146232.0,82472.0,1.420819,0.7793770000000001,FRA,PRT,843041
9202929,81,179,8942,2018,171924.0,0.0,1.693008,0.768159,GBR,PRT,843041
9202930,106,179,8942,2018,198249.0,0.0,1.262419,0.013576,IRL,PRT,843041
9202931,111,179,8942,2018,3196291.0,83519.0,1.3602530000000002,0.453607,ITA,PRT,843041
9202932,124,179,8942,2018,0.0,154644.0,0.270554,0.9995149999999999,LBN,PRT,843041
9202933,134,179,8942,2018,0.0,5427.0,-0.712775,-0.090013,MAR,PRT,843041
9202934,155,179,8942,2018,0.0,17587.0,-0.668091,-0.779938,NAM,PRT,843041
9202935,162,179,8942,2018,718978.0,26025.0,1.1478899999999999,1.454758,NLD,PRT,843041
9202936,173,179,8942,2018,0.0,79562.0,-0.6673060000000001,-0.183315,PER,PRT,843041
9202937,177,179,8942,2018,0.0,2333.0,1.132475,1.258945,POL,PRT,843041
9202938,206,179,8942,2018,0.0,13299.0,1.3270979999999999,0.877684,SVK,PRT,843041
9202939,208,179,8942,2018,1045272.0,315532.0,1.76361,0.766904,SWE,PRT,843041
9202940,228,179,8942,2018,0.0,30132.0,0.337296,0.758675,UKR,PRT,843041
9202941,231,179,8942,2018,54432.0,0.0,1.585861,0.44815900000000003,USA,PRT,843041
9202942,8,180,8942,2018,0.0,78916.0,-0.14316800000000002,0.14356,ARG,PRY,843041
9202943,32,180,8942,2018,491174.0,0.0,0.143397,0.582092,BRA,PRY,843041
9202944,43,180,8942,2018,2900.0,0.0,1.200689,1.2822,CHN,PRY,843041
9202945,93,180,8942,2018,0.0,4959.0,-0.362668,0.520826,GTM,PRY,843041
9202946,111,180,8942,2018,125700.0,0.0,1.3602530000000002,0.453607,ITA,PRY,843041
9202947,114,180,8942,2018,518763.0,0.0,2.514533,-0.416074,JPN,PRY,843041
9202948,121,180,8942,2018,175383.0,0.0,2.093866,0.764303,KOR,PRY,843041
9202949,169,180,8942,2018,420237.0,0.0,0.104326,-0.11611800000000001,PAN,PRY,843041
9202950,231,180,8942,2018,50365.0,0.0,1.585861,0.44815900000000003,USA,PRY,843041
9202951,1,188,8942,2018,0.0,57694.0,-1.267508,-0.8494940000000001,AFG,SAU,843041
9202952,7,188,8942,2018,313626.0,58208.0,0.11804400000000001,-0.326851,ARE,SAU,843041
9202953,14,188,8942,2018,0.0,571819.0,-0.29687199999999997,-0.123116,AUS,SAU,843041
9202954,18,188,8942,2018,91833.0,0.0,1.270641,1.201063,BEL,SAU,843041
9202955,22,188,8942,2018,0.0,22915.0,-0.899467,-0.9823719999999999,BGD,SAU,843041
9202956,24,188,8942,2018,0.0,26647.0,0.318352,-0.69221,BHR,SAU,843041
9202957,43,188,8942,2018,37356444.0,38825.0,1.200689,1.2822,CHN,SAU,843041
9202958,49,188,8942,2018,0.0,8498.0,0.20431,-0.15273699999999998,COL,SAU,843041
9202959,61,188,8942,2018,1437617.0,0.0,2.109059,-2.428826,DEU,SAU,843041
9202960,62,188,8942,2018,0.0,826666.0,-0.11008599999999999,-0.603731,DJI,SAU,843041
9202961,64,188,8942,2018,2012.0,19190.0,1.0945040000000001,1.3311540000000002,DNK,SAU,843041
9202962,68,188,8942,2018,0.0,61746.0,-0.096635,1.585658,EGY,SAU,843041
9202963,71,188,8942,2018,6922.0,81264.0,0.744825,2.919005,ESP,SAU,843041
9202964,74,188,8942,2018,244663.0,142450.0,1.61151,0.9474549999999999,FIN,SAU,843041
9202965,81,188,8942,2018,912915.0,0.0,1.693008,0.768159,GBR,SAU,843041
9202966,104,188,8942,2018,1730317.0,593233.0,0.526015,2.448112,IND,SAU,843041
9202967,111,188,8942,2018,361075.0,0.0,1.3602530000000002,0.453607,ITA,SAU,843041
9202968,114,188,8942,2018,869305.0,0.0,2.514533,-0.416074,JPN,SAU,843041
9202969,121,188,8942,2018,1115814.0,36023.0,2.093866,0.764303,KOR,SAU,843041
9202970,122,188,8942,2018,0.0,9747.0,-0.668802,-1.154012,KWT,SAU,843041
9202971,124,188,8942,2018,4891.0,0.0,0.270554,0.9995149999999999,LBN,SAU,843041
9202972,162,188,8942,2018,1090800.0,454378.0,1.1478899999999999,1.454758,NLD,SAU,843041
9202973,167,188,8942,2018,0.0,89008.0,-0.548048,-0.9972989999999999,OMN,SAU,843041
9202974,168,188,8942,2018,0.0,38867.0,-0.64348,0.665045,PAK,SAU,843041
9202975,174,188,8942,2018,0.0,1105437.0,0.781409,0.22126700000000002,PHL,SAU,843041
9202976,177,188,8942,2018,338492.0,0.0,1.132475,1.258945,POL,SAU,843041
9202977,190,188,8942,2018,0.0,2376890.0,-1.278532,-1.176008,SDN,SAU,843041
9202978,208,188,8942,2018,1437718.0,0.0,1.76361,0.766904,SWE,SAU,843041
9202979,224,188,8942,2018,680280.0,243662.0,0.518721,2.5581419999999997,TUR,SAU,843041
9202980,226,188,8942,2018,0.0,41398.0,-0.09850700000000001,1.145606,TZA,SAU,843041
9202981,231,188,8942,2018,326646.0,0.0,1.585861,0.44815900000000003,USA,SAU,843041
9202982,239,188,8942,2018,0.0,127772.0,0.003069,0.9169729999999999,VNM,SAU,843041
9202983,243,188,8942,2018,0.0,28817.0,-1.3332899999999999,-1.200589,YEM,SAU,843041
9202984,246,188,8942,2018,0.0,661882.0,0.158722,1.394829,ZAF,SAU,843041
9202985,250,188,8942,2018,84483.0,0.0,0.809991,-0.368737,ANS,SAU,843041
9202986,7,190,8942,2018,116333.0,0.0,0.11804400000000001,-0.326851,ARE,SDN,843041
9202987,43,190,8942,2018,495422.0,0.0,1.200689,1.2822,CHN,SDN,843041
9202988,104,190,8942,2018,40852.0,0.0,0.526015,2.448112,IND,SDN,843041
9202989,111,190,8942,2018,41091.0,0.0,1.3602530000000002,0.453607,ITA,SDN,843041
9202990,121,190,8942,2018,838949.0,0.0,2.093866,0.764303,KOR,SDN,843041
9202991,163,190,8942,2018,3297.0,0.0,0.681639,0.021762,NOR,SDN,843041
9202992,188,190,8942,2018,2376890.0,0.0,0.5801810000000001,-0.447514,SAU,SDN,843041
9202993,224,190,8942,2018,291546.0,0.0,0.518721,2.5581419999999997,TUR,SDN,843041
9202994,7,192,8942,2018,752852.0,30541.0,0.11804400000000001,-0.326851,ARE,SGP,843041
9202995,14,192,8942,2018,318908.0,15284.0,-0.29687199999999997,-0.123116,AUS,SGP,843041
9202996,15,192,8942,2018,3039092.0,0.0,1.774488,-0.21117800000000003,AUT,SGP,843041
9202997,22,192,8942,2018,0.0,3374704.0,-0.899467,-0.9823719999999999,BGD,SGP,843041
9202998,34,192,8942,2018,0.0,1309.0,0.562198,-0.774457,BRN,SGP,843041
9202999,39,192,8942,2018,63641.0,0.0,0.666822,1.218593,CAN,SGP,843041
9203000,43,192,8942,2018,31906706.0,1719244.0,1.200689,1.2822,CHN,SGP,843041
9203001,61,192,8942,2018,8345968.0,0.0,2.109059,-2.428826,DEU,SGP,843041
9203002,74,192,8942,2018,35377.0,0.0,1.61151,0.9474549999999999,FIN,SGP,843041
9203003,77,192,8942,2018,1377.0,0.0,1.420819,0.7793770000000001,FRA,SGP,843041
9203004,81,192,8942,2018,786956.0,7626.0,1.693008,0.768159,GBR,SGP,843041
9203005,83,192,8942,2018,0.0,186738.0,-0.956109,-0.861556,GHA,SGP,843041
9203006,97,192,8942,2018,0.0,10073.0,0.843677,1.656073,HKG,SGP,843041
9203007,103,192,8942,2018,598071.0,372581.0,-0.10130499999999999,1.2414209999999999,IDN,SGP,843041
9203008,104,192,8942,2018,7486067.0,7015820.0,0.526015,2.448112,IND,SGP,843041
9203009,111,192,8942,2018,6585168.0,0.0,1.3602530000000002,0.453607,ITA,SGP,843041
9203010,114,192,8942,2018,547728.0,0.0,2.514533,-0.416074,JPN,SGP,843041
9203011,121,192,8942,2018,10777375.0,871939.0,2.093866,0.764303,KOR,SGP,843041
9203012,122,192,8942,2018,201895.0,0.0,-0.668802,-1.154012,KWT,SGP,843041
9203013,137,192,8942,2018,0.0,138175.0,-0.577527,-0.952098,MDV,SGP,843041
9203014,153,192,8942,2018,1436181.0,1631791.0,1.122976,0.734109,MYS,SGP,843041
9203015,162,192,8942,2018,6860.0,0.0,1.1478899999999999,1.454758,NLD,SGP,843041
9203016,167,192,8942,2018,0.0,9452.0,-0.548048,-0.9972989999999999,OMN,SGP,843041
9203017,174,192,8942,2018,0.0,785338.0,0.781409,0.22126700000000002,PHL,SGP,843041
9203018,183,192,8942,2018,0.0,4349.0,-0.068401,-1.014732,QAT,SGP,843041
9203019,216,192,8942,2018,644334.0,122013.0,1.053177,1.4084969999999999,THA,SGP,843041
9203020,231,192,8942,2018,2119430.0,389282.0,1.585861,0.44815900000000003,USA,SGP,843041
9203021,239,192,8942,2018,123972.0,10572.0,0.003069,0.9169729999999999,VNM,SGP,843041
9203022,249,192,8942,2018,260094.0,0.0,2.0462540000000002,1.166636,TWN,SGP,843041
9203023,43,197,8942,2018,10539.0,0.0,1.200689,1.2822,CHN,SLV,843041
9203024,52,197,8942,2018,1435.0,0.0,0.19386,0.05811,CRI,SLV,843041
9203025,61,197,8942,2018,343346.0,0.0,2.109059,-2.428826,DEU,SLV,843041
9203026,71,197,8942,2018,61152.0,0.0,0.744825,2.919005,ESP,SLV,843041
9203027,93,197,8942,2018,0.0,29183.0,-0.362668,0.520826,GTM,SLV,843041
9203028,99,197,8942,2018,0.0,34300.0,-0.523738,-0.193198,HND,SLV,843041
9203029,111,197,8942,2018,17669.0,0.0,1.3602530000000002,0.453607,ITA,SLV,843041
9203030,160,197,8942,2018,110253.0,11779.0,-0.887282,-0.827008,NIC,SLV,843041
9203031,208,197,8942,2018,39985.0,0.0,1.76361,0.766904,SWE,SLV,843041
9203032,231,197,8942,2018,127759.0,0.0,1.585861,0.44815900000000003,USA,SLV,843041
9203033,32,205,8942,2018,6433.0,0.0,0.143397,0.582092,BRA,SUR,843041
9203034,39,205,8942,2018,120197.0,0.0,0.666822,1.218593,CAN,SUR,843041
9203035,162,205,8942,2018,5280.0,0.0,1.1478899999999999,1.454758,NLD,SUR,843041
9203036,208,205,8942,2018,607671.0,0.0,1.76361,0.766904,SWE,SUR,843041
9203037,231,205,8942,2018,1715907.0,0.0,1.585861,0.44815900000000003,USA,SUR,843041
9203038,15,206,8942,2018,2342640.0,80110.0,1.774488,-0.21117800000000003,AUT,SVK,843041
9203039,18,206,8942,2018,424818.0,0.0,1.270641,1.201063,BEL,SVK,843041
9203040,43,206,8942,2018,15803.0,0.0,1.200689,1.2822,CHN,SVK,843041
9203041,59,206,8942,2018,34062.0,954067.0,1.841016,0.220806,CZE,SVK,843041
9203042,61,206,8942,2018,2825628.0,0.0,2.109059,-2.428826,DEU,SVK,843041
9203043,64,206,8942,2018,23818.0,0.0,1.0945040000000001,1.3311540000000002,DNK,SVK,843041
9203044,71,206,8942,2018,48606.0,0.0,0.744825,2.919005,ESP,SVK,843041
9203045,102,206,8942,2018,22483.0,0.0,1.519662,0.833092,HUN,SVK,843041
9203046,111,206,8942,2018,4232.0,0.0,1.3602530000000002,0.453607,ITA,SVK,843041
9203047,114,206,8942,2018,341985.0,0.0,2.514533,-0.416074,JPN,SVK,843041
9203048,162,206,8942,2018,113316.0,1676069.0,1.1478899999999999,1.454758,NLD,SVK,843041
9203049,179,206,8942,2018,13299.0,0.0,0.652628,2.211758,PRT,SVK,843041
9203050,208,206,8942,2018,849971.0,0.0,1.76361,0.766904,SWE,SVK,843041
9203051,231,206,8942,2018,203526.0,0.0,1.585861,0.44815900000000003,USA,SVK,843041
9203052,250,206,8942,2018,1434716.0,0.0,0.809991,-0.368737,ANS,SVK,843041
9203053,41,207,8942,2018,13843.0,0.0,2.2324330000000003,0.7801560000000001,CHE,SVN,843041
9203054,61,207,8942,2018,35925.0,0.0,2.109059,-2.428826,DEU,SVN,843041
9203055,71,207,8942,2018,9576.0,0.0,0.744825,2.919005,ESP,SVN,843041
9203056,81,207,8942,2018,4412.0,0.0,1.693008,0.768159,GBR,SVN,843041
9203057,100,207,8942,2018,107687.0,0.0,0.7923720000000001,1.4047209999999999,HRV,SVN,843041
9203058,111,207,8942,2018,1420728.0,0.0,1.3602530000000002,0.453607,ITA,SVN,843041
9203059,140,207,8942,2018,1129.0,0.0,0.079976,-0.20256,MKD,SVN,843041
9203060,162,207,8942,2018,67659.0,3004.0,1.1478899999999999,1.454758,NLD,SVN,843041
9203061,186,207,8942,2018,645461.0,0.0,0.21398000000000003,0.100414,RUS,SVN,843041
9203062,187,207,8942,2018,0.0,69468.0,-0.618925,-0.788172,RWA,SVN,843041
9203063,201,207,8942,2018,0.0,25103.0,0.607486,1.2139389999999999,SRB,SVN,843041
9203064,208,207,8942,2018,347039.0,0.0,1.76361,0.766904,SWE,SVN,843041
9203065,4,208,8942,2018,0.0,151347.0,-0.456481,-0.139655,ALB,SWE,843041
9203066,7,208,8942,2018,0.0,345626.0,0.11804400000000001,-0.326851,ARE,SWE,843041
9203067,8,208,8942,2018,0.0,4143319.0,-0.14316800000000002,0.14356,ARG,SWE,843041
9203068,9,208,8942,2018,0.0,416747.0,-0.330516,-0.604744,ARM,SWE,843041
9203069,14,208,8942,2018,27398.0,39443924.0,-0.29687199999999997,-0.123116,AUS,SWE,843041
9203070,15,208,8942,2018,0.0,1175965.0,1.774488,-0.21117800000000003,AUT,SWE,843041
9203071,16,208,8942,2018,0.0,235353.0,-1.144089,-1.224327,AZE,SWE,843041
9203072,19,208,8942,2018,0.0,365706.0,-0.646475,-0.769808,BEN,SWE,843041
9203073,21,208,8942,2018,0.0,428567.0,-0.8835200000000001,-0.9790620000000001,BFA,SWE,843041
9203074,23,208,8942,2018,0.0,975416.0,0.571226,1.836856,BGR,SWE,843041
9203075,26,208,8942,2018,0.0,557567.0,0.526392,0.742398,BIH,SWE,843041
9203076,31,208,8942,2018,0.0,387915.0,-1.153953,-1.070749,BOL,SWE,843041
9203077,32,208,8942,2018,0.0,5236878.0,0.143397,0.582092,BRA,SWE,843041
9203078,39,208,8942,2018,0.0,13519817.0,0.666822,1.218593,CAN,SWE,843041
9203079,41,208,8942,2018,136747.0,1038957.0,2.2324330000000003,0.7801560000000001,CHE,SWE,843041
9203080,42,208,8942,2018,1840653.0,10679152.0,-0.37677,-0.49605299999999997,CHL,SWE,843041
9203081,43,208,8942,2018,0.0,5069878.0,1.200689,1.2822,CHN,SWE,843041
9203082,44,208,8942,2018,0.0,3120768.0,-0.8733569999999999,-0.8443139999999999,CIV,SWE,843041
9203083,45,208,8942,2018,0.0,45717.0,-1.366619,-1.09894,CMR,SWE,843041
9203084,46,208,8942,2018,0.0,272066.0,-1.743034,-1.20446,COD,SWE,843041
9203085,49,208,8942,2018,0.0,391757.0,0.20431,-0.15273699999999998,COL,SWE,843041
9203086,54,208,8942,2018,0.0,845769.0,-0.8835629999999999,-1.15678,CUB,SWE,843041
9203087,59,208,8942,2018,0.0,1471313.0,1.841016,0.220806,CZE,SWE,843041
9203088,61,208,8942,2018,2465008.0,6984742.0,2.109059,-2.428826,DEU,SWE,843041
9203089,64,208,8942,2018,590018.0,730043.0,1.0945040000000001,1.3311540000000002,DNK,SWE,843041
9203090,65,208,8942,2018,0.0,484113.0,-0.084258,0.474872,DOM,SWE,843041
9203091,66,208,8942,2018,0.0,1975410.0,-1.281519,-1.22291,DZA,SWE,843041
9203092,67,208,8942,2018,0.0,414194.0,-0.873973,-1.032841,ECU,SWE,843041
9203093,68,208,8942,2018,0.0,434550.0,-0.096635,1.585658,EGY,SWE,843041
9203094,69,208,8942,2018,0.0,855310.0,-1.601517,-1.062162,ERI,SWE,843041
9203095,71,208,8942,2018,2754942.0,5498340.0,0.744825,2.919005,ESP,SWE,843041
9203096,72,208,8942,2018,0.0,424186.0,0.979986,1.2365899999999999,EST,SWE,843041
9203097,74,208,8942,2018,6808998.0,5053662.0,1.61151,0.9474549999999999,FIN,SWE,843041
9203098,77,208,8942,2018,230292.0,10483164.0,1.420819,0.7793770000000001,FRA,SWE,843041
9203099,81,208,8942,2018,34320.0,4814528.0,1.693008,0.768159,GBR,SWE,843041
9203100,82,208,8942,2018,0.0,375270.0,-0.049871,-0.28439899999999996,GEO,SWE,843041
9203101,83,208,8942,2018,0.0,16839404.0,-0.956109,-0.861556,GHA,SWE,843041
9203102,85,208,8942,2018,0.0,1368374.0,-1.036697,-1.1562860000000001,GIN,SWE,843041
9203103,90,208,8942,2018,0.0,52689.0,0.059539999999999996,1.0321879999999999,GRC,SWE,843041
9203104,92,208,8942,2018,0.0,336792.0,-1.384795,-1.004781,GRL,SWE,843041
9203105,99,208,8942,2018,0.0,1051.0,-0.523738,-0.193198,HND,SWE,843041
9203106,100,208,8942,2018,0.0,577850.0,0.7923720000000001,1.4047209999999999,HRV,SWE,843041
9203107,103,208,8942,2018,0.0,1794519.0,-0.10130499999999999,1.2414209999999999,IDN,SWE,843041
9203108,104,208,8942,2018,11609.0,945870.0,0.526015,2.448112,IND,SWE,843041
9203109,106,208,8942,2018,453141.0,875673.0,1.262419,0.013576,IRL,SWE,843041
9203110,107,208,8942,2018,0.0,1158373.0,-0.389954,-0.258156,IRN,SWE,843041
9203111,110,208,8942,2018,0.0,240588.0,1.355071,0.872822,ISR,SWE,843041
9203112,111,208,8942,2018,883685.0,2130906.0,1.3602530000000002,0.453607,ITA,SWE,843041
9203113,115,208,8942,2018,0.0,11427899.0,-0.483862,-0.667417,KAZ,SWE,843041
9203114,116,208,8942,2018,0.0,284725.0,-0.32707800000000004,0.71009,KEN,SWE,843041
9203115,117,208,8942,2018,0.0,153452.0,-0.141491,0.33161,KGZ,SWE,843041
9203116,121,208,8942,2018,1750070.0,1700276.0,2.093866,0.764303,KOR,SWE,843041
9203117,122,208,8942,2018,0.0,18443.0,-0.668802,-1.154012,KWT,SWE,843041
9203118,124,208,8942,2018,0.0,16903.0,0.270554,0.9995149999999999,LBN,SWE,843041
9203119,125,208,8942,2018,0.0,312302.0,-1.022881,-1.124718,LBR,SWE,843041
9203120,130,208,8942,2018,13661.0,44787.0,0.964249,1.4050200000000002,LTU,SWE,843041
9203121,134,208,8942,2018,0.0,14800.0,-0.712775,-0.090013,MAR,SWE,843041
9203122,138,208,8942,2018,0.0,1530748.0,1.00061,0.585759,MEX,SWE,843041
9203123,140,208,8942,2018,0.0,27959.0,0.079976,-0.20256,MKD,SWE,843041
9203124,141,208,8942,2018,0.0,184826.0,-0.49666499999999997,-0.7189909999999999,MLI,SWE,843041
9203125,144,208,8942,2018,0.0,599.0,0.332495,0.124258,MNE,SWE,843041
9203126,145,208,8942,2018,0.0,923912.0,-0.934398,-1.125105,MNG,SWE,843041
9203127,148,208,8942,2018,0.0,69441.0,-1.511361,-1.296003,MRT,SWE,843041
9203128,159,208,8942,2018,0.0,196359.0,-1.8238,-1.259938,NGA,SWE,843041
9203129,162,208,8942,2018,630070.0,25843.0,1.1478899999999999,1.454758,NLD,SWE,843041
9203130,163,208,8942,2018,9300259.0,22887406.0,0.681639,0.021762,NOR,SWE,843041
9203131,168,208,8942,2018,0.0,741774.0,-0.64348,0.665045,PAK,SWE,843041
9203132,169,208,8942,2018,0.0,2034867.0,0.104326,-0.11611800000000001,PAN,SWE,843041
9203133,173,208,8942,2018,334877.0,5490288.0,-0.6673060000000001,-0.183315,PER,SWE,843041
9203134,174,208,8942,2018,0.0,722827.0,0.781409,0.22126700000000002,PHL,SWE,843041
9203135,177,208,8942,2018,0.0,8261730.0,1.132475,1.258945,POL,SWE,843041
9203136,179,208,8942,2018,315532.0,1045272.0,0.652628,2.211758,PRT,SWE,843041
9203137,185,208,8942,2018,62728.0,0.0,1.050715,1.04471,ROU,SWE,843041
9203138,186,208,8942,2018,0.0,16312737.0,0.21398000000000003,0.100414,RUS,SWE,843041
9203139,188,208,8942,2018,0.0,1437718.0,0.5801810000000001,-0.447514,SAU,SWE,843041
9203140,191,208,8942,2018,0.0,1966585.0,-0.751378,-0.390573,SEN,SWE,843041
9203141,197,208,8942,2018,0.0,39985.0,0.073928,0.22548600000000002,SLV,SWE,843041
9203142,201,208,8942,2018,0.0,1995136.0,0.607486,1.2139389999999999,SRB,SWE,843041
9203143,205,208,8942,2018,0.0,607671.0,-0.798074,-1.023046,SUR,SWE,843041
9203144,206,208,8942,2018,0.0,849971.0,1.3270979999999999,0.877684,SVK,SWE,843041
9203145,207,208,8942,2018,0.0,347039.0,1.67428,0.7703800000000001,SVN,SWE,843041
9203146,216,208,8942,2018,0.0,388943.0,1.053177,1.4084969999999999,THA,SWE,843041
9203147,217,208,8942,2018,0.0,603872.0,-0.757793,-1.0641209999999999,TJK,SWE,843041
9203148,224,208,8942,2018,0.0,8234108.0,0.518721,2.5581419999999997,TUR,SWE,843041
9203149,226,208,8942,2018,0.0,281400.0,-0.09850700000000001,1.145606,TZA,SWE,843041
9203150,228,208,8942,2018,0.0,899158.0,0.337296,0.758675,UKR,SWE,843041
9203151,231,208,8942,2018,2525632.0,30114670.0,1.585861,0.44815900000000003,USA,SWE,843041
9203152,232,208,8942,2018,0.0,967913.0,-0.591547,-0.429982,UZB,SWE,843041
9203153,246,208,8942,2018,0.0,15759725.0,0.158722,1.394829,ZAF,SWE,843041
9203154,247,208,8942,2018,0.0,257697.0,-0.736064,-0.93958,ZMB,SWE,843041
9203155,248,208,8942,2018,0.0,159546.0,-1.181524,-1.0648520000000001,ZWE,SWE,843041
9203156,249,208,8942,2018,0.0,140297.0,2.0462540000000002,1.166636,TWN,SWE,843041
9203157,14,216,8942,2018,227268.0,0.0,-0.29687199999999997,-0.123116,AUS,THA,843041
9203158,15,216,8942,2018,769575.0,0.0,1.774488,-0.21117800000000003,AUT,THA,843041
9203159,17,216,8942,2018,0.0,36560.0,-0.654964,-0.9683229999999999,BDI,THA,843041
9203160,22,216,8942,2018,0.0,12607.0,-0.899467,-0.9823719999999999,BGD,THA,843041
9203161,43,216,8942,2018,19424990.0,0.0,1.200689,1.2822,CHN,THA,843041
9203162,61,216,8942,2018,1619372.0,0.0,2.109059,-2.428826,DEU,THA,843041
9203163,71,216,8942,2018,24814.0,0.0,0.744825,2.919005,ESP,THA,843041
9203164,74,216,8942,2018,385576.0,0.0,1.61151,0.9474549999999999,FIN,THA,843041
9203165,81,216,8942,2018,4150.0,0.0,1.693008,0.768159,GBR,THA,843041
9203166,97,216,8942,2018,289432.0,224112.0,0.843677,1.656073,HKG,THA,843041
9203167,104,216,8942,2018,2327218.0,1625.0,0.526015,2.448112,IND,THA,843041
9203168,111,216,8942,2018,634239.0,0.0,1.3602530000000002,0.453607,ITA,THA,843041
9203169,114,216,8942,2018,2770512.0,70315.0,2.514533,-0.416074,JPN,THA,843041
9203170,121,216,8942,2018,1134224.0,0.0,2.093866,0.764303,KOR,THA,843041
9203171,123,216,8942,2018,0.0,98357.0,-0.788808,-0.8012670000000001,LAO,THA,843041
9203172,128,216,8942,2018,0.0,87118.0,-0.544504,0.41074099999999997,LKA,THA,843041
9203173,134,216,8942,2018,13785.0,0.0,-0.712775,-0.090013,MAR,THA,843041
9203174,143,216,8942,2018,0.0,13611.0,-0.936467,-0.223413,MMR,THA,843041
9203175,153,216,8942,2018,397136.0,1175863.0,1.122976,0.734109,MYS,THA,843041
9203176,192,216,8942,2018,122013.0,644334.0,1.914132,0.652011,SGP,THA,843041
9203177,208,216,8942,2018,388943.0,0.0,1.76361,0.766904,SWE,THA,843041
9203178,231,216,8942,2018,936956.0,0.0,1.585861,0.44815900000000003,USA,THA,843041
9203179,77,222,8942,2018,39646.0,0.0,1.420819,0.7793770000000001,FRA,TTO,843041
9203180,104,222,8942,2018,0.0,33077.0,0.526015,2.448112,IND,TTO,843041
9203181,1,224,8942,2018,0.0,137668.0,-1.267508,-0.8494940000000001,AFG,TUR,843041
9203182,2,224,8942,2018,0.0,135059.0,-1.489191,-1.213992,AGO,TUR,843041
9203183,4,224,8942,2018,0.0,79616.0,-0.456481,-0.139655,ALB,TUR,843041
9203184,7,224,8942,2018,35544.0,9163.0,0.11804400000000001,-0.326851,ARE,TUR,843041
9203185,14,224,8942,2018,20135.0,0.0,-0.29687199999999997,-0.123116,AUS,TUR,843041
9203186,15,224,8942,2018,6610108.0,0.0,1.774488,-0.21117800000000003,AUT,TUR,843041
9203187,16,224,8942,2018,4197.0,1395903.0,-1.144089,-1.224327,AZE,TUR,843041
9203188,18,224,8942,2018,0.0,657031.0,1.270641,1.201063,BEL,TUR,843041
9203189,21,224,8942,2018,0.0,1571850.0,-0.8835200000000001,-0.9790620000000001,BFA,TUR,843041
9203190,31,224,8942,2018,0.0,4538.0,-1.153953,-1.070749,BOL,TUR,843041
9203191,32,224,8942,2018,80206.0,0.0,0.143397,0.582092,BRA,TUR,843041
9203192,42,224,8942,2018,235153.0,0.0,-0.37677,-0.49605299999999997,CHL,TUR,843041
9203193,43,224,8942,2018,9656226.0,0.0,1.200689,1.2822,CHN,TUR,843041
9203194,44,224,8942,2018,0.0,185809.0,-0.8733569999999999,-0.8443139999999999,CIV,TUR,843041
9203195,49,224,8942,2018,148635.0,0.0,0.20431,-0.15273699999999998,COL,TUR,843041
9203196,59,224,8942,2018,0.0,94148.0,1.841016,0.220806,CZE,TUR,843041
9203197,61,224,8942,2018,5689104.0,1181984.0,2.109059,-2.428826,DEU,TUR,843041
9203198,66,224,8942,2018,0.0,250913.0,-1.281519,-1.22291,DZA,TUR,843041
9203199,68,224,8942,2018,0.0,22673.0,-0.096635,1.585658,EGY,TUR,843041
9203200,74,224,8942,2018,11904513.0,0.0,1.61151,0.9474549999999999,FIN,TUR,843041
9203201,77,224,8942,2018,591407.0,0.0,1.420819,0.7793770000000001,FRA,TUR,843041
9203202,82,224,8942,2018,104456.0,184115.0,-0.049871,-0.28439899999999996,GEO,TUR,843041
9203203,83,224,8942,2018,0.0,38933.0,-0.956109,-0.861556,GHA,TUR,843041
9203204,85,224,8942,2018,0.0,567831.0,-1.036697,-1.1562860000000001,GIN,TUR,843041
9203205,90,224,8942,2018,13963.0,79921.0,0.059539999999999996,1.0321879999999999,GRC,TUR,843041
9203206,104,224,8942,2018,5396432.0,115063.0,0.526015,2.448112,IND,TUR,843041
9203207,106,224,8942,2018,0.0,434552.0,1.262419,0.013576,IRL,TUR,843041
9203208,107,224,8942,2018,0.0,1182250.0,-0.389954,-0.258156,IRN,TUR,843041
9203209,108,224,8942,2018,0.0,378976.0,-1.7504400000000002,-1.018699,IRQ,TUR,843041
9203210,111,224,8942,2018,6035236.0,844530.0,1.3602530000000002,0.453607,ITA,TUR,843041
9203211,113,224,8942,2018,0.0,134303.0,-0.086895,0.283829,JOR,TUR,843041
9203212,114,224,8942,2018,1874293.0,0.0,2.514533,-0.416074,JPN,TUR,843041
9203213,115,224,8942,2018,28898.0,208917.0,-0.483862,-0.667417,KAZ,TUR,843041
9203214,117,224,8942,2018,0.0,410433.0,-0.141491,0.33161,KGZ,TUR,843041
9203215,121,224,8942,2018,1741465.0,0.0,2.093866,0.764303,KOR,TUR,843041
9203216,124,224,8942,2018,0.0,56080.0,0.270554,0.9995149999999999,LBN,TUR,843041
9203217,125,224,8942,2018,0.0,1070961.0,-1.022881,-1.124718,LBR,TUR,843041
9203218,134,224,8942,2018,105878.0,513258.0,-0.712775,-0.090013,MAR,TUR,843041
9203219,140,224,8942,2018,62464.0,207615.0,0.079976,-0.20256,MKD,TUR,843041
9203220,147,224,8942,2018,0.0,101598.0,-1.380023,-1.027817,MOZ,TUR,843041
9203221,152,224,8942,2018,0.0,130779.0,-0.7015979999999999,-0.9293680000000001,MWI,TUR,843041
9203222,159,224,8942,2018,0.0,2065.0,-1.8238,-1.259938,NGA,TUR,843041
9203223,162,224,8942,2018,1131971.0,88944.0,1.1478899999999999,1.454758,NLD,TUR,843041
9203224,163,224,8942,2018,147556.0,0.0,0.681639,0.021762,NOR,TUR,843041
9203225,168,224,8942,2018,0.0,182712.0,-0.64348,0.665045,PAK,TUR,843041
9203226,177,224,8942,2018,1251901.0,0.0,1.132475,1.258945,POL,TUR,843041
9203227,185,224,8942,2018,2569530.0,0.0,1.050715,1.04471,ROU,TUR,843041
9203228,186,224,8942,2018,325837.0,937424.0,0.21398000000000003,0.100414,RUS,TUR,843041
9203229,188,224,8942,2018,243662.0,680280.0,0.5801810000000001,-0.447514,SAU,TUR,843041
9203230,190,224,8942,2018,0.0,291546.0,-1.278532,-1.176008,SDN,TUR,843041
9203231,191,224,8942,2018,0.0,139087.0,-0.751378,-0.390573,SEN,TUR,843041
9203232,208,224,8942,2018,8234108.0,0.0,1.76361,0.766904,SWE,TUR,843041
9203233,223,224,8942,2018,0.0,156940.0,0.259778,1.187194,TUN,TUR,843041
9203234,226,224,8942,2018,0.0,20098.0,-0.09850700000000001,1.145606,TZA,TUR,843041
9203235,231,224,8942,2018,1578815.0,107082.0,1.585861,0.44815900000000003,USA,TUR,843041
9203236,232,224,8942,2018,109067.0,0.0,-0.591547,-0.429982,UZB,TUR,843041
9203237,239,224,8942,2018,25949.0,0.0,0.003069,0.9169729999999999,VNM,TUR,843041
9203238,247,224,8942,2018,0.0,417833.0,-0.736064,-0.93958,ZMB,TUR,843041
9203239,32,230,8942,2018,74746.0,0.0,0.143397,0.582092,BRA,URY,843041
9203240,42,230,8942,2018,53094.0,0.0,-0.37677,-0.49605299999999997,CHL,URY,843041
9203241,43,230,8942,2018,6479.0,0.0,1.200689,1.2822,CHN,URY,843041
9203242,61,230,8942,2018,54486.0,0.0,2.109059,-2.428826,DEU,URY,843041
9203243,71,230,8942,2018,108124.0,0.0,0.744825,2.919005,ESP,URY,843041
9203244,111,230,8942,2018,36433.0,0.0,1.3602530000000002,0.453607,ITA,URY,843041
9203245,121,230,8942,2018,14429.0,0.0,2.093866,0.764303,KOR,URY,843041
9203246,169,230,8942,2018,0.0,21846.0,0.104326,-0.11611800000000001,PAN,URY,843041
9203247,231,230,8942,2018,415463.0,0.0,1.585861,0.44815900000000003,USA,URY,843041
9203248,2,231,8942,2018,0.0,2025352.0,-1.489191,-1.213992,AGO,USA,843041
9203249,7,231,8942,2018,8375.0,2856386.0,0.11804400000000001,-0.326851,ARE,USA,843041
9203250,8,231,8942,2018,0.0,1320294.0,-0.14316800000000002,0.14356,ARG,USA,843041
9203251,9,231,8942,2018,0.0,1207548.0,-0.330516,-0.604744,ARM,USA,843041
9203252,14,231,8942,2018,2273970.0,44915316.0,-0.29687199999999997,-0.123116,AUS,USA,843041
9203253,15,231,8942,2018,18789856.0,916993.0,1.774488,-0.21117800000000003,AUT,USA,843041
9203254,18,231,8942,2018,103591.0,3585177.0,1.270641,1.201063,BEL,USA,843041
9203255,21,231,8942,2018,0.0,443731.0,-0.8835200000000001,-0.9790620000000001,BFA,USA,843041
9203256,23,231,8942,2018,2695.0,39725.0,0.571226,1.836856,BGR,USA,843041
9203257,24,231,8942,2018,0.0,66356.0,0.318352,-0.69221,BHR,USA,843041
9203258,25,231,8942,2018,0.0,1381.0,0.532998,-0.394906,BHS,USA,843041
9203259,28,231,8942,2018,0.0,68471.0,0.850089,0.8332870000000001,BLR,USA,843041
9203260,29,231,8942,2018,0.0,126720.0,-0.15867699999999998,-0.6393989999999999,BLZ,USA,843041
9203261,30,231,8942,2018,0.0,345260.0,0.42484399999999994,-0.70587,BMU,USA,843041
9203262,31,231,8942,2018,0.0,21340.0,-1.153953,-1.070749,BOL,USA,843041
9203263,32,231,8942,2018,2298529.0,833830.0,0.143397,0.582092,BRA,USA,843041
9203264,33,231,8942,2018,0.0,2062.0,0.487166,-0.129388,BRB,USA,843041
9203265,37,231,8942,2018,0.0,7456.0,-0.8339610000000001,-1.184307,BWA,USA,843041
9203266,39,231,8942,2018,24853020.0,54628452.0,0.666822,1.218593,CAN,USA,843041
9203267,41,231,8942,2018,110129.0,72282.0,2.2324330000000003,0.7801560000000001,CHE,USA,843041
9203268,42,231,8942,2018,1521810.0,10766732.0,-0.37677,-0.49605299999999997,CHL,USA,843041
9203269,43,231,8942,2018,47023.0,6518768.0,1.200689,1.2822,CHN,USA,843041
9203270,44,231,8942,2018,0.0,229153.0,-0.8733569999999999,-0.8443139999999999,CIV,USA,843041
9203271,46,231,8942,2018,0.0,99396.0,-1.743034,-1.20446,COD,USA,843041
9203272,49,231,8942,2018,126933.0,11587714.0,0.20431,-0.15273699999999998,COL,USA,843041
9203273,52,231,8942,2018,0.0,259086.0,0.19386,0.05811,CRI,USA,843041
9203274,57,231,8942,2018,0.0,46820.0,-0.194933,-0.930874,CYM,USA,843041
9203275,58,231,8942,2018,0.0,62159.0,0.45442,-0.113303,CYP,USA,843041
9203276,59,231,8942,2018,0.0,20072.0,1.841016,0.220806,CZE,USA,843041
9203277,61,231,8942,2018,53352812.0,9450408.0,2.109059,-2.428826,DEU,USA,843041
9203278,62,231,8942,2018,0.0,460000.0,-0.11008599999999999,-0.603731,DJI,USA,843041
9203279,64,231,8942,2018,0.0,28667.0,1.0945040000000001,1.3311540000000002,DNK,USA,843041
9203280,65,231,8942,2018,67594.0,725181.0,-0.084258,0.474872,DOM,USA,843041
9203281,67,231,8942,2018,6196.0,28363412.0,-0.873973,-1.032841,ECU,USA,843041
9203282,68,231,8942,2018,0.0,3154058.0,-0.096635,1.585658,EGY,USA,843041
9203283,71,231,8942,2018,0.0,5585774.0,0.744825,2.919005,ESP,USA,843041
9203284,72,231,8942,2018,1079.0,254546.0,0.979986,1.2365899999999999,EST,USA,843041
9203285,74,231,8942,2018,14888507.0,562299.0,1.61151,0.9474549999999999,FIN,USA,843041
9203286,77,231,8942,2018,2580638.0,2662234.0,1.420819,0.7793770000000001,FRA,USA,843041
9203287,80,231,8942,2018,0.0,45000.0,-1.4979200000000001,-1.180407,GAB,USA,843041
9203288,81,231,8942,2018,204403.0,3812260.0,1.693008,0.768159,GBR,USA,843041
9203289,82,231,8942,2018,0.0,3935964.0,-0.049871,-0.28439899999999996,GEO,USA,843041
9203290,83,231,8942,2018,0.0,1305544.0,-0.956109,-0.861556,GHA,USA,843041
9203291,93,231,8942,2018,0.0,293926.0,-0.362668,0.520826,GTM,USA,843041
9203292,96,231,8942,2018,0.0,801897.0,-0.841458,-0.9803280000000001,GUY,USA,843041
9203293,97,231,8942,2018,987646.0,393019.0,0.843677,1.656073,HKG,USA,843041
9203294,99,231,8942,2018,18831.0,700724.0,-0.523738,-0.193198,HND,USA,843041
9203295,102,231,8942,2018,0.0,189420.0,1.519662,0.833092,HUN,USA,843041
9203296,103,231,8942,2018,0.0,18000484.0,-0.10130499999999999,1.2414209999999999,IDN,USA,843041
9203297,104,231,8942,2018,2563247.0,7477232.0,0.526015,2.448112,IND,USA,843041
9203298,105,231,8942,2018,0.0,122883.0,0.725927,-0.360329,IOT,USA,843041
9203299,106,231,8942,2018,0.0,289012.0,1.262419,0.013576,IRL,USA,843041
9203300,107,231,8942,2018,0.0,477573.0,-0.389954,-0.258156,IRN,USA,843041
9203301,108,231,8942,2018,0.0,2386040.0,-1.7504400000000002,-1.018699,IRQ,USA,843041
9203302,110,231,8942,2018,128684.0,2766996.0,1.355071,0.872822,ISR,USA,843041
9203303,111,231,8942,2018,70978800.0,2302282.0,1.3602530000000002,0.453607,ITA,USA,843041
9203304,112,231,8942,2018,0.0,1714544.0,-0.339328,-0.8756659999999999,JAM,USA,843041
9203305,113,231,8942,2018,0.0,151922.0,-0.086895,0.283829,JOR,USA,843041
9203306,114,231,8942,2018,17271080.0,512591.0,2.514533,-0.416074,JPN,USA,843041
9203307,115,231,8942,2018,0.0,732807.0,-0.483862,-0.667417,KAZ,USA,843041
9203308,116,231,8942,2018,0.0,31017.0,-0.32707800000000004,0.71009,KEN,USA,843041
9203309,117,231,8942,2018,0.0,132699.0,-0.141491,0.33161,KGZ,USA,843041
9203310,121,231,8942,2018,9841345.0,530720.0,2.093866,0.764303,KOR,USA,843041
9203311,122,231,8942,2018,0.0,130962.0,-0.668802,-1.154012,KWT,USA,843041
9203312,124,231,8942,2018,0.0,501986.0,0.270554,0.9995149999999999,LBN,USA,843041
9203313,125,231,8942,2018,0.0,74000.0,-1.022881,-1.124718,LBR,USA,843041
9203314,130,231,8942,2018,0.0,710865.0,0.964249,1.4050200000000002,LTU,USA,843041
9203315,132,231,8942,2018,0.0,161504.0,0.707168,1.294297,LVA,USA,843041
9203316,134,231,8942,2018,0.0,2879106.0,-0.712775,-0.090013,MAR,USA,843041
9203317,138,231,8942,2018,34303.0,20386606.0,1.00061,0.585759,MEX,USA,843041
9203318,139,231,8942,2018,0.0,906963.0,0.03022,-0.7880520000000001,MHL,USA,843041
9203319,141,231,8942,2018,3004.0,170118.0,-0.49666499999999997,-0.7189909999999999,MLI,USA,843041
9203320,144,231,8942,2018,0.0,37148.0,0.332495,0.124258,MNE,USA,843041
9203321,145,231,8942,2018,0.0,2674597.0,-0.934398,-1.125105,MNG,USA,843041
9203322,147,231,8942,2018,0.0,1493543.0,-1.380023,-1.027817,MOZ,USA,843041
9203323,148,231,8942,2018,0.0,1247322.0,-1.511361,-1.296003,MRT,USA,843041
9203324,153,231,8942,2018,0.0,5620160.0,1.122976,0.734109,MYS,USA,843041
9203325,159,231,8942,2018,0.0,87490.0,-1.8238,-1.259938,NGA,USA,843041
9203326,160,231,8942,2018,0.0,111667.0,-0.887282,-0.827008,NIC,USA,843041
9203327,162,231,8942,2018,2432809.0,22324186.0,1.1478899999999999,1.454758,NLD,USA,843041
9203328,163,231,8942,2018,0.0,393260.0,0.681639,0.021762,NOR,USA,843041
9203329,166,231,8942,2018,0.0,3550878.0,0.21902600000000003,0.148714,NZL,USA,843041
9203330,167,231,8942,2018,0.0,757824.0,-0.548048,-0.9972989999999999,OMN,USA,843041
9203331,169,231,8942,2018,0.0,3330930.0,0.104326,-0.11611800000000001,PAN,USA,843041
9203332,173,231,8942,2018,254959.0,12832383.0,-0.6673060000000001,-0.183315,PER,USA,843041
9203333,174,231,8942,2018,0.0,1026726.0,0.781409,0.22126700000000002,PHL,USA,843041
9203334,176,231,8942,2018,0.0,18000.0,-1.7580360000000002,-1.239492,PNG,USA,843041
9203335,177,231,8942,2018,1647903.0,1287127.0,1.132475,1.258945,POL,USA,843041
9203336,179,231,8942,2018,0.0,54432.0,0.652628,2.211758,PRT,USA,843041
9203337,180,231,8942,2018,0.0,50365.0,-0.614751,-0.952478,PRY,USA,843041
9203338,182,231,8942,2018,0.0,115360.0,0.21430300000000002,-0.484076,PYF,USA,843041
9203339,183,231,8942,2018,0.0,542287.0,-0.068401,-1.014732,QAT,USA,843041
9203340,185,231,8942,2018,0.0,126613.0,1.050715,1.04471,ROU,USA,843041
9203341,186,231,8942,2018,0.0,35407844.0,0.21398000000000003,0.100414,RUS,USA,843041
9203342,188,231,8942,2018,0.0,326646.0,0.5801810000000001,-0.447514,SAU,USA,843041
9203343,191,231,8942,2018,0.0,962024.0,-0.751378,-0.390573,SEN,USA,843041
9203344,192,231,8942,2018,389282.0,2119430.0,1.914132,0.652011,SGP,USA,843041
9203345,196,231,8942,2018,0.0,14501.0,-0.06932999999999999,-0.36035300000000003,SLE,USA,843041
9203346,197,231,8942,2018,0.0,127759.0,0.073928,0.22548600000000002,SLV,USA,843041
9203347,201,231,8942,2018,0.0,199961.0,0.607486,1.2139389999999999,SRB,USA,843041
9203348,202,231,8942,2018,0.0,72000.0,-2.431595,-1.0499290000000001,SSD,USA,843041
9203349,205,231,8942,2018,0.0,1715907.0,-0.798074,-1.023046,SUR,USA,843041
9203350,206,231,8942,2018,0.0,203526.0,1.3270979999999999,0.877684,SVK,USA,843041
9203351,208,231,8942,2018,30114670.0,2525632.0,1.76361,0.766904,SWE,USA,843041
9203352,214,231,8942,2018,0.0,82000.0,-1.845707,-1.032018,TCD,USA,843041
9203353,216,231,8942,2018,0.0,936956.0,1.053177,1.4084969999999999,THA,USA,843041
9203354,224,231,8942,2018,107082.0,1578815.0,0.518721,2.5581419999999997,TUR,USA,843041
9203355,226,231,8942,2018,0.0,84007.0,-0.09850700000000001,1.145606,TZA,USA,843041
9203356,228,231,8942,2018,0.0,37710.0,0.337296,0.758675,UKR,USA,843041
9203357,230,231,8942,2018,0.0,415463.0,-0.02056,-0.38911,URY,USA,843041
9203358,239,231,8942,2018,0.0,698827.0,0.003069,0.9169729999999999,VNM,USA,843041
9203359,243,231,8942,2018,0.0,169473.0,-1.3332899999999999,-1.200589,YEM,USA,843041
9203360,246,231,8942,2018,0.0,20352084.0,0.158722,1.394829,ZAF,USA,843041
9203361,247,231,8942,2018,0.0,2361214.0,-0.736064,-0.93958,ZMB,USA,843041
9203362,249,231,8942,2018,0.0,308296.0,2.0462540000000002,1.166636,TWN,USA,843041
9203363,49,236,8942,2018,79551.0,0.0,0.20431,-0.15273699999999998,COL,VEN,843041
9203364,246,236,8942,2018,847598.0,0.0,0.158722,1.394829,ZAF,VEN,843041
9203365,2,246,8942,2018,0.0,103828.0,-1.489191,-1.213992,AGO,ZAF,843041
9203366,7,246,8942,2018,57566.0,0.0,0.11804400000000001,-0.326851,ARE,ZAF,843041
9203367,14,246,8942,2018,686600.0,428520.0,-0.29687199999999997,-0.123116,AUS,ZAF,843041
9203368,15,246,8942,2018,664069.0,0.0,1.774488,-0.21117800000000003,AUT,ZAF,843041
9203369,18,246,8942,2018,73707.0,0.0,1.270641,1.201063,BEL,ZAF,843041
9203370,21,246,8942,2018,443262.0,0.0,-0.8835200000000001,-0.9790620000000001,BFA,ZAF,843041
9203371,32,246,8942,2018,0.0,5554.0,0.143397,0.582092,BRA,ZAF,843041
9203372,37,246,8942,2018,996353.0,3006230.0,-0.8339610000000001,-1.184307,BWA,ZAF,843041
9203373,39,246,8942,2018,732026.0,0.0,0.666822,1.218593,CAN,ZAF,843041
9203374,41,246,8942,2018,34110.0,0.0,2.2324330000000003,0.7801560000000001,CHE,ZAF,843041
9203375,42,246,8942,2018,0.0,350994.0,-0.37677,-0.49605299999999997,CHL,ZAF,843041
9203376,43,246,8942,2018,8055558.0,0.0,1.200689,1.2822,CHN,ZAF,843041
9203377,44,246,8942,2018,0.0,1892.0,-0.8733569999999999,-0.8443139999999999,CIV,ZAF,843041
9203378,46,246,8942,2018,7036.0,5099232.0,-1.743034,-1.20446,COD,ZAF,843041
9203379,61,246,8942,2018,56005.0,445397.0,2.109059,-2.428826,DEU,ZAF,843041
9203380,74,246,8942,2018,4402893.0,0.0,1.61151,0.9474549999999999,FIN,ZAF,843041
9203381,77,246,8942,2018,16165344.0,0.0,1.420819,0.7793770000000001,FRA,ZAF,843041
9203382,81,246,8942,2018,282606.0,0.0,1.693008,0.768159,GBR,ZAF,843041
9203383,83,246,8942,2018,0.0,50634.0,-0.956109,-0.861556,GHA,ZAF,843041
9203384,104,246,8942,2018,111645.0,190957.0,0.526015,2.448112,IND,ZAF,843041
9203385,111,246,8942,2018,1592261.0,0.0,1.3602530000000002,0.453607,ITA,ZAF,843041
9203386,114,246,8942,2018,1836506.0,0.0,2.514533,-0.416074,JPN,ZAF,843041
9203387,116,246,8942,2018,0.0,296113.0,-0.32707800000000004,0.71009,KEN,ZAF,843041
9203388,121,246,8942,2018,433365.0,0.0,2.093866,0.764303,KOR,ZAF,843041
9203389,129,246,8942,2018,0.0,108488.0,-0.413303,-0.46411899999999995,LSO,ZAF,843041
9203390,147,246,8942,2018,141186.0,1391510.0,-1.380023,-1.027817,MOZ,ZAF,843041
9203391,151,246,8942,2018,10673.0,573305.0,-0.128221,0.15049400000000002,MUS,ZAF,843041
9203392,152,246,8942,2018,0.0,57349.0,-0.7015979999999999,-0.9293680000000001,MWI,ZAF,843041
9203393,153,246,8942,2018,193732.0,527543.0,1.122976,0.734109,MYS,ZAF,843041
9203394,155,246,8942,2018,120720.0,796735.0,-0.668091,-0.779938,NAM,ZAF,843041
9203395,159,246,8942,2018,0.0,1166.0,-1.8238,-1.259938,NGA,ZAF,843041
9203396,162,246,8942,2018,186473.0,66764.0,1.1478899999999999,1.454758,NLD,ZAF,843041
9203397,168,246,8942,2018,0.0,177244.0,-0.64348,0.665045,PAK,ZAF,843041
9203398,173,246,8942,2018,0.0,441987.0,-0.6673060000000001,-0.183315,PER,ZAF,843041
9203399,177,246,8942,2018,657070.0,0.0,1.132475,1.258945,POL,ZAF,843041
9203400,188,246,8942,2018,661882.0,0.0,0.5801810000000001,-0.447514,SAU,ZAF,843041
9203401,196,246,8942,2018,0.0,926.0,-0.06932999999999999,-0.36035300000000003,SLE,ZAF,843041
9203402,208,246,8942,2018,15759725.0,0.0,1.76361,0.766904,SWE,ZAF,843041
9203403,209,246,8942,2018,217144.0,3868.0,-0.008154999999999999,-0.6079319999999999,SWZ,ZAF,843041
9203404,226,246,8942,2018,1610.0,296494.0,-0.09850700000000001,1.145606,TZA,ZAF,843041
9203405,231,246,8942,2018,20352084.0,0.0,1.585861,0.44815900000000003,USA,ZAF,843041
9203406,236,246,8942,2018,0.0,847598.0,-1.081138,-1.198717,VEN,ZAF,843041
9203407,247,246,8942,2018,53257.0,332330.0,-0.736064,-0.93958,ZMB,ZAF,843041
9203408,248,246,8942,2018,10951.0,5042645.0,-1.181524,-1.0648520000000001,ZWE,ZAF,843041
9203409,250,246,8942,2018,778317.0,949439.0,0.809991,-0.368737,ANS,ZAF,843041
9203410,24,249,8942,2018,0.0,26866.0,0.318352,-0.69221,BHR,TWN,843041
9203411,43,249,8942,2018,650767.0,63573.0,1.200689,1.2822,CHN,TWN,843041
9203412,61,249,8942,2018,1129640.0,0.0,2.109059,-2.428826,DEU,TWN,843041
9203413,104,249,8942,2018,449424.0,0.0,0.526015,2.448112,IND,TWN,843041
9203414,111,249,8942,2018,62127.0,0.0,1.3602530000000002,0.453607,ITA,TWN,843041
9203415,114,249,8942,2018,210189.0,90375.0,2.514533,-0.416074,JPN,TWN,843041
9203416,121,249,8942,2018,638780.0,3245.0,2.093866,0.764303,KOR,TWN,843041
9203417,153,249,8942,2018,91949.0,192938.0,1.122976,0.734109,MYS,TWN,843041
9203418,168,249,8942,2018,0.0,3235.0,-0.64348,0.665045,PAK,TWN,843041
9203419,174,249,8942,2018,0.0,8412.0,0.781409,0.22126700000000002,PHL,TWN,843041
9203420,192,249,8942,2018,0.0,260094.0,1.914132,0.652011,SGP,TWN,843041
9203421,208,249,8942,2018,140297.0,0.0,1.76361,0.766904,SWE,TWN,843041
9203422,231,249,8942,2018,308296.0,0.0,1.585861,0.44815900000000003,USA,TWN,843041
9203423,250,249,8942,2018,22488.0,0.0,0.809991,-0.368737,ANS,TWN,843041
9203424,39,250,8942,2018,0.0,1028315.0,0.666822,1.218593,CAN,ANS,843041
9203425,42,250,8942,2018,0.0,10400.0,-0.37677,-0.49605299999999997,CHL,ANS,843041
9203426,68,250,8942,2018,0.0,901290.0,-0.096635,1.585658,EGY,ANS,843041
9203427,71,250,8942,2018,0.0,1902525.0,0.744825,2.919005,ESP,ANS,843041
9203428,77,250,8942,2018,0.0,1586367.0,1.420819,0.7793770000000001,FRA,ANS,843041
9203429,104,250,8942,2018,0.0,14966.0,0.526015,2.448112,IND,ANS,843041
9203430,113,250,8942,2018,1257626.0,0.0,-0.086895,0.283829,JOR,ANS,843041
9203431,129,250,8942,2018,105412.0,0.0,-0.413303,-0.46411899999999995,LSO,ANS,843041
9203432,131,250,8942,2018,0.0,23737.0,1.1142889999999999,1.306066,LUX,ANS,843041
9203433,164,250,8942,2018,0.0,1551155.0,-0.252837,0.999258,NPL,ANS,843041
9203434,188,250,8942,2018,0.0,84483.0,0.5801810000000001,-0.447514,SAU,ANS,843041
9203435,206,250,8942,2018,0.0,1434716.0,1.3270979999999999,0.877684,SVK,ANS,843041
9203436,246,250,8942,2018,949439.0,778317.0,0.158722,1.394829,ZAF,ANS,843041
9203437,249,250,8942,2018,0.0,22488.0,2.0462540000000002,1.166636,TWN,ANS,843041
9203438,166,10,8942,2018,191287.0,0.0,0.21902600000000003,0.148714,NZL,ASM,843041
9203439,7,14,8942,2018,637574.0,8163.0,0.11804400000000001,-0.326851,ARE,AUS,843041
9203440,15,14,8942,2018,1124019.0,0.0,1.774488,-0.21117800000000003,AUT,AUS,843041
9203441,18,14,8942,2018,138229.0,0.0,1.270641,1.201063,BEL,AUS,843041
9203442,21,14,8942,2018,0.0,52408.0,-0.8835200000000001,-0.9790620000000001,BFA,AUS,843041
9203443,32,14,8942,2018,118671.0,0.0,0.143397,0.582092,BRA,AUS,843041
9203444,37,14,8942,2018,0.0,16563.0,-0.8339610000000001,-1.184307,BWA,AUS,843041
9203445,39,14,8942,2018,2112717.0,111694.0,0.666822,1.218593,CAN,AUS,843041
9203446,42,14,8942,2018,0.0,648880.0,-0.37677,-0.49605299999999997,CHL,AUS,843041
9203447,43,14,8942,2018,1954283.0,645726.0,1.200689,1.2822,CHN,AUS,843041
9203448,44,14,8942,2018,0.0,487168.0,-0.8733569999999999,-0.8443139999999999,CIV,AUS,843041
9203449,46,14,8942,2018,0.0,2410.0,-1.743034,-1.20446,COD,AUS,843041
9203450,61,14,8942,2018,11307983.0,0.0,2.109059,-2.428826,DEU,AUS,843041
9203451,71,14,8942,2018,183389.0,282099.0,0.744825,2.919005,ESP,AUS,843041
9203452,74,14,8942,2018,20980438.0,0.0,1.61151,0.9474549999999999,FIN,AUS,843041
9203453,75,14,8942,2018,0.0,951.0,-0.269185,0.006362,FJI,AUS,843041
9203454,77,14,8942,2018,3147762.0,237236.0,1.420819,0.7793770000000001,FRA,AUS,843041
9203455,81,14,8942,2018,0.0,155188.0,1.693008,0.768159,GBR,AUS,843041
9203456,97,14,8942,2018,137475.0,0.0,0.843677,1.656073,HKG,AUS,843041
9203457,103,14,8942,2018,0.0,239867.0,-0.10130499999999999,1.2414209999999999,IDN,AUS,843041
9203458,104,14,8942,2018,65790.0,90508.0,0.526015,2.448112,IND,AUS,843041
9203459,106,14,8942,2018,158455.0,0.0,1.262419,0.013576,IRL,AUS,843041
9203460,111,14,8942,2018,16543672.0,0.0,1.3602530000000002,0.453607,ITA,AUS,843041
9203461,114,14,8942,2018,1236253.0,0.0,2.514533,-0.416074,JPN,AUS,843041
9203462,121,14,8942,2018,1534185.0,76999.0,2.093866,0.764303,KOR,AUS,843041
9203463,123,14,8942,2018,0.0,827.0,-0.788808,-0.8012670000000001,LAO,AUS,843041
9203464,136,14,8942,2018,0.0,912689.0,-1.2144549999999998,-0.748326,MDG,AUS,843041
9203465,141,14,8942,2018,7153.0,60276.0,-0.49666499999999997,-0.7189909999999999,MLI,AUS,843041
9203466,153,14,8942,2018,139508.0,0.0,1.122976,0.734109,MYS,AUS,843041
9203467,155,14,8942,2018,0.0,51307.0,-0.668091,-0.779938,NAM,AUS,843041
9203468,156,14,8942,2018,0.0,12138.0,-0.49370299999999995,-0.865432,NCL,AUS,843041
9203469,162,14,8942,2018,1311320.0,1920.0,1.1478899999999999,1.454758,NLD,AUS,843041
9203470,163,14,8942,2018,203087.0,2039.0,0.681639,0.021762,NOR,AUS,843041
9203471,165,14,8942,2018,0.0,145662.0,0.8769610000000001,-0.095779,NRU,AUS,843041
9203472,166,14,8942,2018,58831.0,1086711.0,0.21902600000000003,0.148714,NZL,AUS,843041
9203473,173,14,8942,2018,771203.0,0.0,-0.6673060000000001,-0.183315,PER,AUS,843041
9203474,174,14,8942,2018,0.0,138482.0,0.781409,0.22126700000000002,PHL,AUS,843041
9203475,176,14,8942,2018,0.0,1598430.0,-1.7580360000000002,-1.239492,PNG,AUS,843041
9203476,177,14,8942,2018,904317.0,0.0,1.132475,1.258945,POL,AUS,843041
9203477,179,14,8942,2018,0.0,717586.0,0.652628,2.211758,PRT,AUS,843041
9203478,186,14,8942,2018,0.0,1029104.0,0.21398000000000003,0.100414,RUS,AUS,843041
9203479,188,14,8942,2018,571819.0,0.0,0.5801810000000001,-0.447514,SAU,AUS,843041
9203480,191,14,8942,2018,0.0,504981.0,-0.751378,-0.390573,SEN,AUS,843041
9203481,192,14,8942,2018,15284.0,318908.0,1.914132,0.652011,SGP,AUS,843041
9203482,208,14,8942,2018,39443924.0,27398.0,1.76361,0.766904,SWE,AUS,843041
9203483,216,14,8942,2018,0.0,227268.0,1.053177,1.4084969999999999,THA,AUS,843041
9203484,224,14,8942,2018,0.0,20135.0,0.518721,2.5581419999999997,TUR,AUS,843041
9203485,226,14,8942,2018,0.0,31700.0,-0.09850700000000001,1.145606,TZA,AUS,843041
9203486,231,14,8942,2018,44915316.0,2273970.0,1.585861,0.44815900000000003,USA,AUS,843041
9203487,246,14,8942,2018,428520.0,686600.0,0.158722,1.394829,ZAF,AUS,843041
9203488,247,14,8942,2018,76771.0,48799.0,-0.736064,-0.93958,ZMB,AUS,843041
9203489,43,16,8942,2018,47795.0,0.0,1.200689,1.2822,CHN,AZE,843041
9203490,104,16,8942,2018,182499.0,0.0,0.526015,2.448112,IND,AZE,843041
9203491,115,16,8942,2018,0.0,513932.0,-0.483862,-0.667417,KAZ,AZE,843041
9203492,162,16,8942,2018,105697.0,0.0,1.1478899999999999,1.454758,NLD,AZE,843041
9203493,208,16,8942,2018,235353.0,0.0,1.76361,0.766904,SWE,AZE,843041
9203494,224,16,8942,2018,1395903.0,4197.0,0.518721,2.5581419999999997,TUR,AZE,843041
9203495,7,22,8942,2018,359680.0,0.0,0.11804400000000001,-0.326851,ARE,BGD,843041
9203496,43,22,8942,2018,10056398.0,0.0,1.200689,1.2822,CHN,BGD,843041
9203497,61,22,8942,2018,6221607.0,0.0,2.109059,-2.428826,DEU,BGD,843041
9203498,104,22,8942,2018,3840572.0,7151.0,0.526015,2.448112,IND,BGD,843041
9203499,111,22,8942,2018,8396905.0,0.0,1.3602530000000002,0.453607,ITA,BGD,843041
9203500,114,22,8942,2018,8144.0,0.0,2.514533,-0.416074,JPN,BGD,843041
9203501,188,22,8942,2018,22915.0,0.0,0.5801810000000001,-0.447514,SAU,BGD,843041
9203502,192,22,8942,2018,3374704.0,0.0,1.914132,0.652011,SGP,BGD,843041
9203503,216,22,8942,2018,12607.0,0.0,1.053177,1.4084969999999999,THA,BGD,843041
9203504,15,26,8942,2018,599857.0,0.0,1.774488,-0.21117800000000003,AUT,BIH,843041
9203505,43,26,8942,2018,100333.0,0.0,1.200689,1.2822,CHN,BIH,843041
9203506,61,26,8942,2018,92134.0,0.0,2.109059,-2.428826,DEU,BIH,843041
9203507,74,26,8942,2018,24643.0,0.0,1.61151,0.9474549999999999,FIN,BIH,843041
9203508,81,26,8942,2018,4524.0,0.0,1.693008,0.768159,GBR,BIH,843041
9203509,100,26,8942,2018,7740.0,0.0,0.7923720000000001,1.4047209999999999,HRV,BIH,843041
9203510,104,26,8942,2018,179974.0,0.0,0.526015,2.448112,IND,BIH,843041
9203511,111,26,8942,2018,43211.0,0.0,1.3602530000000002,0.453607,ITA,BIH,843041
9203512,144,26,8942,2018,48260.0,0.0,0.332495,0.124258,MNE,BIH,843041
9203513,162,26,8942,2018,45493.0,0.0,1.1478899999999999,1.454758,NLD,BIH,843041
9203514,201,26,8942,2018,124165.0,214162.0,0.607486,1.2139389999999999,SRB,BIH,843041
9203515,208,26,8942,2018,557567.0,0.0,1.76361,0.766904,SWE,BIH,843041
9203516,43,28,8942,2018,90430.0,0.0,1.200689,1.2822,CHN,BLR,843041
9203517,61,28,8942,2018,1266686.0,0.0,2.109059,-2.428826,DEU,BLR,843041
9203518,68,28,8942,2018,0.0,9160.0,-0.096635,1.585658,EGY,BLR,843041
9203519,74,28,8942,2018,355299.0,0.0,1.61151,0.9474549999999999,FIN,BLR,843041
9203520,82,28,8942,2018,0.0,87317.0,-0.049871,-0.28439899999999996,GEO,BLR,843041
9203521,111,28,8942,2018,332497.0,0.0,1.3602530000000002,0.453607,ITA,BLR,843041
9203522,130,28,8942,2018,717256.0,7502.0,0.964249,1.4050200000000002,LTU,BLR,843041
9203523,132,28,8942,2018,0.0,4078.0,0.707168,1.294297,LVA,BLR,843041
9203524,162,28,8942,2018,15597.0,0.0,1.1478899999999999,1.454758,NLD,BLR,843041
9203525,186,28,8942,2018,932488.0,1076033.0,0.21398000000000003,0.100414,RUS,BLR,843041
9203526,228,28,8942,2018,0.0,11454.0,0.337296,0.758675,UKR,BLR,843041
9203527,231,28,8942,2018,68471.0,0.0,1.585861,0.44815900000000003,USA,BLR,843041
9203528,8,31,8942,2018,0.0,449660.0,-0.14316800000000002,0.14356,ARG,BOL,843041
9203529,18,31,8942,2018,2747.0,0.0,1.270641,1.201063,BEL,BOL,843041
9203530,32,31,8942,2018,1318678.0,0.0,0.143397,0.582092,BRA,BOL,843041
9203531,42,31,8942,2018,148843.0,42271.0,-0.37677,-0.49605299999999997,CHL,BOL,843041
9203532,43,31,8942,2018,412152.0,0.0,1.200689,1.2822,CHN,BOL,843041
9203533,61,31,8942,2018,1049.0,0.0,2.109059,-2.428826,DEU,BOL,843041
9203534,71,31,8942,2018,4245.0,0.0,0.744825,2.919005,ESP,BOL,843041
9203535,74,31,8942,2018,21910.0,0.0,1.61151,0.9474549999999999,FIN,BOL,843041
9203536,77,31,8942,2018,201567.0,0.0,1.420819,0.7793770000000001,FRA,BOL,843041
9203537,81,31,8942,2018,57497.0,0.0,1.693008,0.768159,GBR,BOL,843041
9203538,99,31,8942,2018,125596.0,0.0,-0.523738,-0.193198,HND,BOL,843041
9203539,111,31,8942,2018,149225.0,0.0,1.3602530000000002,0.453607,ITA,BOL,843041
9203540,114,31,8942,2018,287601.0,0.0,2.514533,-0.416074,JPN,BOL,843041
9203541,162,31,8942,2018,32741.0,0.0,1.1478899999999999,1.454758,NLD,BOL,843041
9203542,163,31,8942,2018,75701.0,0.0,0.681639,0.021762,NOR,BOL,843041
9203543,173,31,8942,2018,4592129.0,865732.0,-0.6673060000000001,-0.183315,PER,BOL,843041
9203544,208,31,8942,2018,387915.0,0.0,1.76361,0.766904,SWE,BOL,843041
9203545,224,31,8942,2018,4538.0,0.0,0.518721,2.5581419999999997,TUR,BOL,843041
9203546,231,31,8942,2018,21340.0,0.0,1.585861,0.44815900000000003,USA,BOL,843041
9203547,15,59,8942,2018,2855314.0,896377.0,1.774488,-0.21117800000000003,AUT,CZE,843041
9203548,61,59,8942,2018,1757274.0,21405.0,2.109059,-2.428826,DEU,CZE,843041
9203549,68,59,8942,2018,0.0,150198.0,-0.096635,1.585658,EGY,CZE,843041
9203550,71,59,8942,2018,787402.0,0.0,0.744825,2.919005,ESP,CZE,843041
9203551,74,59,8942,2018,269753.0,0.0,1.61151,0.9474549999999999,FIN,CZE,843041
9203552,77,59,8942,2018,0.0,121814.0,1.420819,0.7793770000000001,FRA,CZE,843041
9203553,81,59,8942,2018,21062.0,2482.0,1.693008,0.768159,GBR,CZE,843041
9203554,82,59,8942,2018,0.0,3658.0,-0.049871,-0.28439899999999996,GEO,CZE,843041
9203555,102,59,8942,2018,0.0,14520.0,1.519662,0.833092,HUN,CZE,843041
9203556,111,59,8942,2018,3342418.0,0.0,1.3602530000000002,0.453607,ITA,CZE,843041
9203557,162,59,8942,2018,430171.0,224608.0,1.1478899999999999,1.454758,NLD,CZE,843041
9203558,177,59,8942,2018,1044.0,968888.0,1.132475,1.258945,POL,CZE,843041
9203559,179,59,8942,2018,20651.0,0.0,0.652628,2.211758,PRT,CZE,843041
9203560,186,59,8942,2018,0.0,2989594.0,0.21398000000000003,0.100414,RUS,CZE,843041
9203561,206,59,8942,2018,954067.0,34062.0,1.3270979999999999,0.877684,SVK,CZE,843041
9203562,208,59,8942,2018,1471313.0,0.0,1.76361,0.766904,SWE,CZE,843041
9203563,224,59,8942,2018,94148.0,0.0,0.518721,2.5581419999999997,TUR,CZE,843041
9203564,228,59,8942,2018,0.0,70473.0,0.337296,0.758675,UKR,CZE,843041
9203565,231,59,8942,2018,20072.0,0.0,1.585861,0.44815900000000003,USA,CZE,843041
9203566,7,68,8942,2018,268239.0,0.0,0.11804400000000001,-0.326851,ARE,EGY,843041
9203567,18,68,8942,2018,715785.0,0.0,1.270641,1.201063,BEL,EGY,843041
9203568,28,68,8942,2018,9160.0,0.0,0.850089,0.8332870000000001,BLR,EGY,843041
9203569,39,68,8942,2018,0.0,23307.0,0.666822,1.218593,CAN,EGY,843041
9203570,43,68,8942,2018,2813090.0,0.0,1.200689,1.2822,CHN,EGY,843041
9203571,59,68,8942,2018,150198.0,0.0,1.841016,0.220806,CZE,EGY,843041
9203572,61,68,8942,2018,8705284.0,0.0,2.109059,-2.428826,DEU,EGY,843041
9203573,71,68,8942,2018,158266.0,0.0,0.744825,2.919005,ESP,EGY,843041
9203574,77,68,8942,2018,84960.0,0.0,1.420819,0.7793770000000001,FRA,EGY,843041
9203575,81,68,8942,2018,325007.0,0.0,1.693008,0.768159,GBR,EGY,843041
9203576,90,68,8942,2018,10644.0,0.0,0.059539999999999996,1.0321879999999999,GRC,EGY,843041
9203577,97,68,8942,2018,52439.0,0.0,0.843677,1.656073,HKG,EGY,843041
9203578,104,68,8942,2018,0.0,81976.0,0.526015,2.448112,IND,EGY,843041
9203579,111,68,8942,2018,4248044.0,589197.0,1.3602530000000002,0.453607,ITA,EGY,843041
9203580,114,68,8942,2018,5044636.0,0.0,2.514533,-0.416074,JPN,EGY,843041
9203581,121,68,8942,2018,2375698.0,0.0,2.093866,0.764303,KOR,EGY,843041
9203582,126,68,8942,2018,12784.0,0.0,-1.608786,-1.231101,LBY,EGY,843041
9203583,153,68,8942,2018,0.0,39934.0,1.122976,0.734109,MYS,EGY,843041
9203584,162,68,8942,2018,273362.0,0.0,1.1478899999999999,1.454758,NLD,EGY,843041
9203585,177,68,8942,2018,34132.0,0.0,1.132475,1.258945,POL,EGY,843041
9203586,179,68,8942,2018,75143.0,0.0,0.652628,2.211758,PRT,EGY,843041
9203587,186,68,8942,2018,20328.0,0.0,0.21398000000000003,0.100414,RUS,EGY,843041
9203588,188,68,8942,2018,61746.0,0.0,0.5801810000000001,-0.447514,SAU,EGY,843041
9203589,208,68,8942,2018,434550.0,0.0,1.76361,0.766904,SWE,EGY,843041
9203590,224,68,8942,2018,22673.0,0.0,0.518721,2.5581419999999997,TUR,EGY,843041
9203591,231,68,8942,2018,3154058.0,0.0,1.585861,0.44815900000000003,USA,EGY,843041
9203592,250,68,8942,2018,901290.0,0.0,0.809991,-0.368737,ANS,EGY,843041
9203593,32,72,8942,2018,34133.0,0.0,0.143397,0.582092,BRA,EST,843041
9203594,39,72,8942,2018,0.0,1201.0,0.666822,1.218593,CAN,EST,843041
9203595,41,72,8942,2018,49081.0,0.0,2.2324330000000003,0.7801560000000001,CHE,EST,843041
9203596,61,72,8942,2018,1371538.0,0.0,2.109059,-2.428826,DEU,EST,843041
9203597,64,72,8942,2018,0.0,1222.0,1.0945040000000001,1.3311540000000002,DNK,EST,843041
9203598,74,72,8942,2018,209109.0,83939.0,1.61151,0.9474549999999999,FIN,EST,843041
9203599,111,72,8942,2018,361282.0,0.0,1.3602530000000002,0.453607,ITA,EST,843041
9203600,115,72,8942,2018,0.0,348050.0,-0.483862,-0.667417,KAZ,EST,843041
9203601,130,72,8942,2018,0.0,621834.0,0.964249,1.4050200000000002,LTU,EST,843041
9203602,132,72,8942,2018,0.0,245321.0,0.707168,1.294297,LVA,EST,843041
9203603,162,72,8942,2018,141386.0,0.0,1.1478899999999999,1.454758,NLD,EST,843041
9203604,163,72,8942,2018,59301.0,58935.0,0.681639,0.021762,NOR,EST,843041
9203605,186,72,8942,2018,0.0,95013.0,0.21398000000000003,0.100414,RUS,EST,843041
9203606,208,72,8942,2018,424186.0,0.0,1.76361,0.766904,SWE,EST,843041
9203607,231,72,8942,2018,254546.0,1079.0,1.585861,0.44815900000000003,USA,EST,843041
9203608,7,73,8942,2018,201965.0,0.0,0.11804400000000001,-0.326851,ARE,ETH,843041
9203609,43,73,8942,2018,352182.0,123858.0,1.200689,1.2822,CHN,ETH,843041
9203610,49,73,8942,2018,460853.0,0.0,0.20431,-0.15273699999999998,COL,ETH,843041
9203611,61,73,8942,2018,356170.0,0.0,2.109059,-2.428826,DEU,ETH,843041
9203612,62,73,8942,2018,0.0,26405.0,-0.11008599999999999,-0.603731,DJI,ETH,843041
9203613,74,73,8942,2018,18875.0,0.0,1.61151,0.9474549999999999,FIN,ETH,843041
9203614,104,73,8942,2018,473340.0,0.0,0.526015,2.448112,IND,ETH,843041
9203615,111,73,8942,2018,162328.0,0.0,1.3602530000000002,0.453607,ITA,ETH,843041
9203616,114,73,8942,2018,60225.0,0.0,2.514533,-0.416074,JPN,ETH,843041
9203617,121,73,8942,2018,359042.0,0.0,2.093866,0.764303,KOR,ETH,843041
9203618,153,73,8942,2018,73979.0,0.0,1.122976,0.734109,MYS,ETH,843041
9203619,226,73,8942,2018,0.0,195072.0,-0.09850700000000001,1.145606,TZA,ETH,843041
9203620,28,82,8942,2018,87317.0,0.0,0.850089,0.8332870000000001,BLR,GEO,843041
9203621,39,82,8942,2018,463290.0,0.0,0.666822,1.218593,CAN,GEO,843041
9203622,43,82,8942,2018,44329.0,0.0,1.200689,1.2822,CHN,GEO,843041
9203623,59,82,8942,2018,3658.0,0.0,1.841016,0.220806,CZE,GEO,843041
9203624,111,82,8942,2018,351571.0,0.0,1.3602530000000002,0.453607,ITA,GEO,843041
9203625,162,82,8942,2018,191784.0,0.0,1.1478899999999999,1.454758,NLD,GEO,843041
9203626,186,82,8942,2018,0.0,125915.0,0.21398000000000003,0.100414,RUS,GEO,843041
9203627,208,82,8942,2018,375270.0,0.0,1.76361,0.766904,SWE,GEO,843041
9203628,224,82,8942,2018,184115.0,104456.0,0.518721,2.5581419999999997,TUR,GEO,843041
9203629,231,82,8942,2018,3935964.0,0.0,1.585861,0.44815900000000003,USA,GEO,843041
9203630,26,100,8942,2018,0.0,7740.0,0.526392,0.742398,BIH,HRV,843041
9203631,64,100,8942,2018,0.0,16125.0,1.0945040000000001,1.3311540000000002,DNK,HRV,843041
9203632,111,100,8942,2018,130550.0,0.0,1.3602530000000002,0.453607,ITA,HRV,843041
9203633,162,100,8942,2018,39003.0,0.0,1.1478899999999999,1.454758,NLD,HRV,843041
9203634,177,100,8942,2018,363366.0,0.0,1.132475,1.258945,POL,HRV,843041
9203635,207,100,8942,2018,0.0,107687.0,1.67428,0.7703800000000001,SVN,HRV,843041
9203636,208,100,8942,2018,577850.0,0.0,1.76361,0.766904,SWE,HRV,843041
9203637,7,107,8942,2018,1743782.0,0.0,0.11804400000000001,-0.326851,ARE,IRN,843041
9203638,15,107,8942,2018,270303.0,294735.0,1.774488,-0.21117800000000003,AUT,IRN,843041
9203639,43,107,8942,2018,803428.0,0.0,1.200689,1.2822,CHN,IRN,843041
9203640,61,107,8942,2018,1805658.0,0.0,2.109059,-2.428826,DEU,IRN,843041
9203641,108,107,8942,2018,0.0,6308.0,-1.7504400000000002,-1.018699,IRQ,IRN,843041
9203642,111,107,8942,2018,5448774.0,88416.0,1.3602530000000002,0.453607,ITA,IRN,843041
9203643,122,107,8942,2018,0.0,7158.0,-0.668802,-1.154012,KWT,IRN,843041
9203644,177,107,8942,2018,2181309.0,0.0,1.132475,1.258945,POL,IRN,843041
9203645,186,107,8942,2018,101593.0,0.0,0.21398000000000003,0.100414,RUS,IRN,843041
9203646,208,107,8942,2018,1158373.0,0.0,1.76361,0.766904,SWE,IRN,843041
9203647,224,107,8942,2018,1182250.0,0.0,0.518721,2.5581419999999997,TUR,IRN,843041
9203648,231,107,8942,2018,477573.0,0.0,1.585861,0.44815900000000003,USA,IRN,843041
9203649,7,108,8942,2018,1089.0,0.0,0.11804400000000001,-0.326851,ARE,IRQ,843041
9203650,43,108,8942,2018,9050905.0,0.0,1.200689,1.2822,CHN,IRQ,843041
9203651,61,108,8942,2018,46389.0,0.0,2.109059,-2.428826,DEU,IRQ,843041
9203652,81,108,8942,2018,347447.0,0.0,1.693008,0.768159,GBR,IRQ,843041
9203653,104,108,8942,2018,2739.0,0.0,0.526015,2.448112,IND,IRQ,843041
9203654,107,108,8942,2018,6308.0,0.0,-0.389954,-0.258156,IRN,IRQ,843041
9203655,111,108,8942,2018,2811350.0,0.0,1.3602530000000002,0.453607,ITA,IRQ,843041
9203656,162,108,8942,2018,0.0,116474.0,1.1478899999999999,1.454758,NLD,IRQ,843041
9203657,224,108,8942,2018,378976.0,0.0,0.518721,2.5581419999999997,TUR,IRQ,843041
9203658,231,108,8942,2018,2386040.0,0.0,1.585861,0.44815900000000003,USA,IRQ,843041
9203659,16,115,8942,2018,513932.0,0.0,-1.144089,-1.224327,AZE,KAZ,843041
9203660,18,115,8942,2018,9454.0,0.0,1.270641,1.201063,BEL,KAZ,843041
9203661,39,115,8942,2018,2641550.0,0.0,0.666822,1.218593,CAN,KAZ,843041
9203662,41,115,8942,2018,1198159.0,0.0,2.2324330000000003,0.7801560000000001,CHE,KAZ,843041
9203663,43,115,8942,2018,4485874.0,236817.0,1.200689,1.2822,CHN,KAZ,843041
9203664,61,115,8942,2018,1758844.0,0.0,2.109059,-2.428826,DEU,KAZ,843041
9203665,72,115,8942,2018,348050.0,0.0,0.979986,1.2365899999999999,EST,KAZ,843041
9203666,74,115,8942,2018,12664222.0,0.0,1.61151,0.9474549999999999,FIN,KAZ,843041
9203667,77,115,8942,2018,328397.0,0.0,1.420819,0.7793770000000001,FRA,KAZ,843041
9203668,104,115,8942,2018,2129210.0,0.0,0.526015,2.448112,IND,KAZ,843041
9203669,111,115,8942,2018,189859.0,0.0,1.3602530000000002,0.453607,ITA,KAZ,843041
9203670,117,115,8942,2018,4325.0,19337.0,-0.141491,0.33161,KGZ,KAZ,843041
9203671,121,115,8942,2018,233622.0,0.0,2.093866,0.764303,KOR,KAZ,843041
9203672,130,115,8942,2018,579985.0,0.0,0.964249,1.4050200000000002,LTU,KAZ,843041
9203673,162,115,8942,2018,37665.0,0.0,1.1478899999999999,1.454758,NLD,KAZ,843041
9203674,173,115,8942,2018,527390.0,0.0,-0.6673060000000001,-0.183315,PER,KAZ,843041
9203675,186,115,8942,2018,4441374.0,2189262.0,0.21398000000000003,0.100414,RUS,KAZ,843041
9203676,208,115,8942,2018,11427899.0,0.0,1.76361,0.766904,SWE,KAZ,843041
9203677,224,115,8942,2018,208917.0,28898.0,0.518721,2.5581419999999997,TUR,KAZ,843041
9203678,228,115,8942,2018,0.0,400181.0,0.337296,0.758675,UKR,KAZ,843041
9203679,231,115,8942,2018,732807.0,0.0,1.585861,0.44815900000000003,USA,KAZ,843041
9203680,232,115,8942,2018,0.0,26882.0,-0.591547,-0.429982,UZB,KAZ,843041
9203681,43,116,8942,2018,734307.0,0.0,1.200689,1.2822,CHN,KEN,843041
9203682,46,116,8942,2018,0.0,17620.0,-1.743034,-1.20446,COD,KEN,843041
9203683,61,116,8942,2018,354035.0,0.0,2.109059,-2.428826,DEU,KEN,843041
9203684,81,116,8942,2018,9244.0,0.0,1.693008,0.768159,GBR,KEN,843041
9203685,104,116,8942,2018,1346628.0,0.0,0.526015,2.448112,IND,KEN,843041
9203686,111,116,8942,2018,98530.0,0.0,1.3602530000000002,0.453607,ITA,KEN,843041
9203687,121,116,8942,2018,269949.0,0.0,2.093866,0.764303,KOR,KEN,843041
9203688,162,116,8942,2018,6191.0,0.0,1.1478899999999999,1.454758,NLD,KEN,843041
9203689,208,116,8942,2018,284725.0,0.0,1.76361,0.766904,SWE,KEN,843041
9203690,226,116,8942,2018,0.0,141852.0,-0.09850700000000001,1.145606,TZA,KEN,843041
9203691,227,116,8942,2018,8914.0,0.0,-0.621049,-0.061448,UGA,KEN,843041
9203692,231,116,8942,2018,31017.0,0.0,1.585861,0.44815900000000003,USA,KEN,843041
9203693,246,116,8942,2018,296113.0,0.0,0.158722,1.394829,ZAF,KEN,843041
9203694,247,116,8942,2018,0.0,7426.0,-0.736064,-0.93958,ZMB,KEN,843041
9203695,39,117,8942,2018,630222.0,0.0,0.666822,1.218593,CAN,KGZ,843041
9203696,43,117,8942,2018,1416984.0,8506.0,1.200689,1.2822,CHN,KGZ,843041
9203697,115,117,8942,2018,19337.0,4325.0,-0.483862,-0.667417,KAZ,KGZ,843041
9203698,208,117,8942,2018,153452.0,0.0,1.76361,0.766904,SWE,KGZ,843041
9203699,217,117,8942,2018,0.0,13911.0,-0.757793,-1.0641209999999999,TJK,KGZ,843041
9203700,224,117,8942,2018,410433.0,0.0,0.518721,2.5581419999999997,TUR,KGZ,843041
9203701,231,117,8942,2018,132699.0,0.0,1.585861,0.44815900000000003,USA,KGZ,843041
9203702,232,117,8942,2018,0.0,44512.0,-0.591547,-0.429982,UZB,KGZ,843041
9203703,7,124,8942,2018,30621.0,0.0,0.11804400000000001,-0.326851,ARE,LBN,843041
9203704,18,124,8942,2018,553096.0,0.0,1.270641,1.201063,BEL,LBN,843041
9203705,43,124,8942,2018,78956.0,0.0,1.200689,1.2822,CHN,LBN,843041
9203706,44,124,8942,2018,0.0,21762.0,-0.8733569999999999,-0.8443139999999999,CIV,LBN,843041
9203707,47,124,8942,2018,1613.0,0.0,-1.52875,-1.1869100000000001,COG,LBN,843041
9203708,61,124,8942,2018,193020.0,0.0,2.109059,-2.428826,DEU,LBN,843041
9203709,74,124,8942,2018,886161.0,0.0,1.61151,0.9474549999999999,FIN,LBN,843041
9203710,77,124,8942,2018,17742.0,0.0,1.420819,0.7793770000000001,FRA,LBN,843041
9203711,81,124,8942,2018,188965.0,15015.0,1.693008,0.768159,GBR,LBN,843041
9203712,90,124,8942,2018,29225.0,0.0,0.059539999999999996,1.0321879999999999,GRC,LBN,843041
9203713,111,124,8942,2018,8234.0,0.0,1.3602530000000002,0.453607,ITA,LBN,843041
9203714,162,124,8942,2018,5946.0,0.0,1.1478899999999999,1.454758,NLD,LBN,843041
9203715,163,124,8942,2018,27715.0,0.0,0.681639,0.021762,NOR,LBN,843041
9203716,179,124,8942,2018,154644.0,0.0,0.652628,2.211758,PRT,LBN,843041
9203717,188,124,8942,2018,0.0,4891.0,0.5801810000000001,-0.447514,SAU,LBN,843041
9203718,208,124,8942,2018,16903.0,0.0,1.76361,0.766904,SWE,LBN,843041
9203719,224,124,8942,2018,56080.0,0.0,0.518721,2.5581419999999997,TUR,LBN,843041
9203720,231,124,8942,2018,501986.0,0.0,1.585861,0.44815900000000003,USA,LBN,843041
9203721,43,128,8942,2018,3294151.0,0.0,1.200689,1.2822,CHN,LKA,843041
9203722,61,128,8942,2018,1076655.0,0.0,2.109059,-2.428826,DEU,LKA,843041
9203723,104,128,8942,2018,4817777.0,668542.0,0.526015,2.448112,IND,LKA,843041
9203724,111,128,8942,2018,627617.0,0.0,1.3602530000000002,0.453607,ITA,LKA,843041
9203725,114,128,8942,2018,42128.0,0.0,2.514533,-0.416074,JPN,LKA,843041
9203726,121,128,8942,2018,5368.0,0.0,2.093866,0.764303,KOR,LKA,843041
9203727,153,128,8942,2018,941631.0,0.0,1.122976,0.734109,MYS,LKA,843041
9203728,216,128,8942,2018,87118.0,0.0,1.053177,1.4084969999999999,THA,LKA,843041
9203729,18,131,8942,2018,2127.0,0.0,1.270641,1.201063,BEL,LUX,843041
9203730,39,131,8942,2018,2464.0,0.0,0.666822,1.218593,CAN,LUX,843041
9203731,61,131,8942,2018,1491913.0,69876.0,2.109059,-2.428826,DEU,LUX,843041
9203732,77,131,8942,2018,118437.0,0.0,1.420819,0.7793770000000001,FRA,LUX,843041
9203733,130,131,8942,2018,316668.0,0.0,0.964249,1.4050200000000002,LTU,LUX,843041
9203734,162,131,8942,2018,0.0,4303.0,1.1478899999999999,1.454758,NLD,LUX,843041
9203735,250,131,8942,2018,23737.0,0.0,0.809991,-0.368737,ANS,LUX,843041
9203736,28,132,8942,2018,4078.0,0.0,0.850089,0.8332870000000001,BLR,LVA,843041
9203737,61,132,8942,2018,279261.0,0.0,2.109059,-2.428826,DEU,LVA,843041
9203738,72,132,8942,2018,245321.0,0.0,0.979986,1.2365899999999999,EST,LVA,843041
9203739,111,132,8942,2018,669005.0,0.0,1.3602530000000002,0.453607,ITA,LVA,843041
9203740,130,132,8942,2018,292195.0,55841.0,0.964249,1.4050200000000002,LTU,LVA,843041
9203741,162,132,8942,2018,82178.0,0.0,1.1478899999999999,1.454758,NLD,LVA,843041
9203742,173,132,8942,2018,828863.0,0.0,-0.6673060000000001,-0.183315,PER,LVA,843041
9203743,231,132,8942,2018,161504.0,0.0,1.585861,0.44815900000000003,USA,LVA,843041
9203744,18,134,8942,2018,67323.0,203781.0,1.270641,1.201063,BEL,MAR,843041
9203745,43,134,8942,2018,846152.0,0.0,1.200689,1.2822,CHN,MAR,843041
9203746,44,134,8942,2018,0.0,46144.0,-0.8733569999999999,-0.8443139999999999,CIV,MAR,843041
9203747,46,134,8942,2018,44141.0,0.0,-1.743034,-1.20446,COD,MAR,843041
9203748,58,134,8942,2018,9250.0,0.0,0.45442,-0.113303,CYP,MAR,843041
9203749,61,134,8942,2018,120917.0,0.0,2.109059,-2.428826,DEU,MAR,843041
9203750,71,134,8942,2018,28158.0,0.0,0.744825,2.919005,ESP,MAR,843041
9203751,74,134,8942,2018,798501.0,0.0,1.61151,0.9474549999999999,FIN,MAR,843041
9203752,77,134,8942,2018,618369.0,166086.0,1.420819,0.7793770000000001,FRA,MAR,843041
9203753,111,134,8942,2018,258314.0,0.0,1.3602530000000002,0.453607,ITA,MAR,843041
9203754,114,134,8942,2018,833923.0,0.0,2.514533,-0.416074,JPN,MAR,843041
9203755,121,134,8942,2018,23192.0,0.0,2.093866,0.764303,KOR,MAR,843041
9203756,162,134,8942,2018,103529.0,0.0,1.1478899999999999,1.454758,NLD,MAR,843041
9203757,179,134,8942,2018,5427.0,0.0,0.652628,2.211758,PRT,MAR,843041
9203758,208,134,8942,2018,14800.0,0.0,1.76361,0.766904,SWE,MAR,843041
9203759,212,134,8942,2018,9438.0,0.0,-0.6836760000000001,0.554563,SYR,MAR,843041
9203760,216,134,8942,2018,0.0,13785.0,1.053177,1.4084969999999999,THA,MAR,843041
9203761,224,134,8942,2018,513258.0,105878.0,0.518721,2.5581419999999997,TUR,MAR,843041
9203762,227,134,8942,2018,0.0,68968.0,-0.621049,-0.061448,UGA,MAR,843041
9203763,231,134,8942,2018,2879106.0,0.0,1.585861,0.44815900000000003,USA,MAR,843041
9203764,186,135,8942,2018,177279.0,0.0,0.21398000000000003,0.100414,RUS,MDA,843041
9203765,228,135,8942,2018,17436.0,5705.0,0.337296,0.758675,UKR,MDA,843041
9203766,43,143,8942,2018,1387349.0,0.0,1.200689,1.2822,CHN,MMR,843041
9203767,153,143,8942,2018,100443.0,0.0,1.122976,0.734109,MYS,MMR,843041
9203768,216,143,8942,2018,13611.0,0.0,1.053177,1.4084969999999999,THA,MMR,843041
9203769,43,147,8942,2018,396579.0,0.0,1.200689,1.2822,CHN,MOZ,843041
9203770,71,147,8942,2018,545367.0,0.0,0.744825,2.919005,ESP,MOZ,843041
9203771,104,147,8942,2018,1070985.0,0.0,0.526015,2.448112,IND,MOZ,843041
9203772,111,147,8942,2018,106219.0,0.0,1.3602530000000002,0.453607,ITA,MOZ,843041
9203773,224,147,8942,2018,101598.0,0.0,0.518721,2.5581419999999997,TUR,MOZ,843041
9203774,226,147,8942,2018,0.0,161421.0,-0.09850700000000001,1.145606,TZA,MOZ,843041
9203775,231,147,8942,2018,1493543.0,0.0,1.585861,0.44815900000000003,USA,MOZ,843041
9203776,246,147,8942,2018,1391510.0,141186.0,0.158722,1.394829,ZAF,MOZ,843041
9203777,247,147,8942,2018,38778.0,0.0,-0.736064,-0.93958,ZMB,MOZ,843041
9203778,248,147,8942,2018,0.0,403717.0,-1.181524,-1.0648520000000001,ZWE,MOZ,843041
9203779,43,151,8942,2018,8037.0,0.0,1.200689,1.2822,CHN,MUS,843041
9203780,74,151,8942,2018,676424.0,0.0,1.61151,0.9474549999999999,FIN,MUS,843041
9203781,77,151,8942,2018,127102.0,0.0,1.420819,0.7793770000000001,FRA,MUS,843041
9203782,83,151,8942,2018,0.0,375850.0,-0.956109,-0.861556,GHA,MUS,843041
9203783,111,151,8942,2018,119622.0,0.0,1.3602530000000002,0.453607,ITA,MUS,843041
9203784,246,151,8942,2018,573305.0,10673.0,0.158722,1.394829,ZAF,MUS,843041
9203785,248,151,8942,2018,0.0,15150.0,-1.181524,-1.0648520000000001,ZWE,MUS,843041
9203786,43,152,8942,2018,31135.0,0.0,1.200689,1.2822,CHN,MWI,843041
9203787,104,152,8942,2018,15140.0,0.0,0.526015,2.448112,IND,MWI,843041
9203788,121,152,8942,2018,107785.0,0.0,2.093866,0.764303,KOR,MWI,843041
9203789,224,152,8942,2018,130779.0,0.0,0.518721,2.5581419999999997,TUR,MWI,843041
9203790,246,152,8942,2018,57349.0,0.0,0.158722,1.394829,ZAF,MWI,843041
9203791,7,159,8942,2018,344340.0,0.0,0.11804400000000001,-0.326851,ARE,NGA,843041
9203792,18,159,8942,2018,9465.0,0.0,1.270641,1.201063,BEL,NGA,843041
9203793,43,159,8942,2018,3109554.0,0.0,1.200689,1.2822,CHN,NGA,843041
9203794,45,159,8942,2018,0.0,6227.0,-1.366619,-1.09894,CMR,NGA,843041
9203795,61,159,8942,2018,268210.0,0.0,2.109059,-2.428826,DEU,NGA,843041
9203796,74,159,8942,2018,336292.0,0.0,1.61151,0.9474549999999999,FIN,NGA,843041
9203797,81,159,8942,2018,437465.0,0.0,1.693008,0.768159,GBR,NGA,843041
9203798,90,159,8942,2018,21274.0,0.0,0.059539999999999996,1.0321879999999999,GRC,NGA,843041
9203799,97,159,8942,2018,1683.0,0.0,0.843677,1.656073,HKG,NGA,843041
9203800,103,159,8942,2018,29611.0,0.0,-0.10130499999999999,1.2414209999999999,IDN,NGA,843041
9203801,104,159,8942,2018,5998414.0,14037266.0,0.526015,2.448112,IND,NGA,843041
9203802,111,159,8942,2018,251820.0,0.0,1.3602530000000002,0.453607,ITA,NGA,843041
9203803,114,159,8942,2018,224499.0,0.0,2.514533,-0.416074,JPN,NGA,843041
9203804,121,159,8942,2018,330600.0,0.0,2.093866,0.764303,KOR,NGA,843041
9203805,163,159,8942,2018,18859.0,0.0,0.681639,0.021762,NOR,NGA,843041
9203806,208,159,8942,2018,196359.0,0.0,1.76361,0.766904,SWE,NGA,843041
9203807,224,159,8942,2018,2065.0,0.0,0.518721,2.5581419999999997,TUR,NGA,843041
9203808,231,159,8942,2018,87490.0,0.0,1.585861,0.44815900000000003,USA,NGA,843041
9203809,246,159,8942,2018,1166.0,0.0,0.158722,1.394829,ZAF,NGA,843041
9203810,43,164,8942,2018,1764498.0,0.0,1.200689,1.2822,CHN,NPL,843041
9203811,77,164,8942,2018,215081.0,0.0,1.420819,0.7793770000000001,FRA,NPL,843041
9203812,104,164,8942,2018,177730.0,36810.0,0.526015,2.448112,IND,NPL,843041
9203813,111,164,8942,2018,1164517.0,0.0,1.3602530000000002,0.453607,ITA,NPL,843041
9203814,177,164,8942,2018,503707.0,0.0,1.132475,1.258945,POL,NPL,843041
9203815,250,164,8942,2018,1551155.0,0.0,0.809991,-0.368737,ANS,NPL,843041
9203816,7,167,8942,2018,1307388.0,360888.0,0.11804400000000001,-0.326851,ARE,OMN,843041
9203817,24,167,8942,2018,2581.0,0.0,0.318352,-0.69221,BHR,OMN,843041
9203818,32,167,8942,2018,29830.0,0.0,0.143397,0.582092,BRA,OMN,843041
9203819,43,167,8942,2018,44439112.0,0.0,1.200689,1.2822,CHN,OMN,843041
9203820,46,167,8942,2018,0.0,50259.0,-1.743034,-1.20446,COD,OMN,843041
9203821,61,167,8942,2018,345136.0,0.0,2.109059,-2.428826,DEU,OMN,843041
9203822,74,167,8942,2018,558592.0,0.0,1.61151,0.9474549999999999,FIN,OMN,843041
9203823,104,167,8942,2018,3552366.0,0.0,0.526015,2.448112,IND,OMN,843041
9203824,114,167,8942,2018,682295.0,0.0,2.514533,-0.416074,JPN,OMN,843041
9203825,121,167,8942,2018,1522663.0,0.0,2.093866,0.764303,KOR,OMN,843041
9203826,153,167,8942,2018,57159.0,60120.0,1.122976,0.734109,MYS,OMN,843041
9203827,174,167,8942,2018,0.0,201962.0,0.781409,0.22126700000000002,PHL,OMN,843041
9203828,183,167,8942,2018,299304.0,0.0,-0.068401,-1.014732,QAT,OMN,843041
9203829,188,167,8942,2018,89008.0,0.0,0.5801810000000001,-0.447514,SAU,OMN,843041
9203830,192,167,8942,2018,9452.0,0.0,1.914132,0.652011,SGP,OMN,843041
9203831,231,167,8942,2018,757824.0,0.0,1.585861,0.44815900000000003,USA,OMN,843041
9203832,7,168,8942,2018,234343.0,0.0,0.11804400000000001,-0.326851,ARE,PAK,843041
9203833,43,168,8942,2018,20898862.0,0.0,1.200689,1.2822,CHN,PAK,843041
9203834,61,168,8942,2018,34249.0,0.0,2.109059,-2.428826,DEU,PAK,843041
9203835,111,168,8942,2018,1125402.0,0.0,1.3602530000000002,0.453607,ITA,PAK,843041
9203836,114,168,8942,2018,187309.0,226356.0,2.514533,-0.416074,JPN,PAK,843041
9203837,121,168,8942,2018,42557.0,0.0,2.093866,0.764303,KOR,PAK,843041
9203838,174,168,8942,2018,0.0,549832.0,0.781409,0.22126700000000002,PHL,PAK,843041
9203839,177,168,8942,2018,471889.0,0.0,1.132475,1.258945,POL,PAK,843041
9203840,188,168,8942,2018,38867.0,0.0,0.5801810000000001,-0.447514,SAU,PAK,843041
9203841,208,168,8942,2018,741774.0,0.0,1.76361,0.766904,SWE,PAK,843041
9203842,224,168,8942,2018,182712.0,0.0,0.518721,2.5581419999999997,TUR,PAK,843041
9203843,246,168,8942,2018,177244.0,0.0,0.158722,1.394829,ZAF,PAK,843041
9203844,249,168,8942,2018,3235.0,0.0,2.0462540000000002,1.166636,TWN,PAK,843041
9203845,15,185,8942,2018,967573.0,0.0,1.774488,-0.21117800000000003,AUT,ROU,843041
9203846,39,185,8942,2018,75522.0,0.0,0.666822,1.218593,CAN,ROU,843041
9203847,43,185,8942,2018,616295.0,0.0,1.200689,1.2822,CHN,ROU,843041
9203848,61,185,8942,2018,285108.0,6771.0,2.109059,-2.428826,DEU,ROU,843041
9203849,64,185,8942,2018,0.0,1425.0,1.0945040000000001,1.3311540000000002,DNK,ROU,843041
9203850,77,185,8942,2018,22439.0,34200.0,1.420819,0.7793770000000001,FRA,ROU,843041
9203851,81,185,8942,2018,2755.0,1778.0,1.693008,0.768159,GBR,ROU,843041
9203852,102,185,8942,2018,0.0,353755.0,1.519662,0.833092,HUN,ROU,843041
9203853,111,185,8942,2018,1253675.0,0.0,1.3602530000000002,0.453607,ITA,ROU,843041
9203854,114,185,8942,2018,45276.0,0.0,2.514533,-0.416074,JPN,ROU,843041
9203855,162,185,8942,2018,158858.0,12987.0,1.1478899999999999,1.454758,NLD,ROU,843041
9203856,208,185,8942,2018,0.0,62728.0,1.76361,0.766904,SWE,ROU,843041
9203857,224,185,8942,2018,0.0,2569530.0,0.518721,2.5581419999999997,TUR,ROU,843041
9203858,228,185,8942,2018,0.0,24251.0,0.337296,0.758675,UKR,ROU,843041
9203859,231,185,8942,2018,126613.0,0.0,1.585861,0.44815900000000003,USA,ROU,843041
9203860,7,186,8942,2018,0.0,293356.0,0.11804400000000001,-0.326851,ARE,RUS,843041
9203861,9,186,8942,2018,0.0,509064.0,-0.330516,-0.604744,ARM,RUS,843041
9203862,14,186,8942,2018,1029104.0,0.0,-0.29687199999999997,-0.123116,AUS,RUS,843041
9203863,15,186,8942,2018,2733852.0,0.0,1.774488,-0.21117800000000003,AUT,RUS,843041
9203864,23,186,8942,2018,0.0,35746.0,0.571226,1.836856,BGR,RUS,843041
9203865,28,186,8942,2018,1076033.0,932488.0,0.850089,0.8332870000000001,BLR,RUS,843041
9203866,39,186,8942,2018,38564.0,0.0,0.666822,1.218593,CAN,RUS,843041
9203867,41,186,8942,2018,103005.0,0.0,2.2324330000000003,0.7801560000000001,CHE,RUS,843041
9203868,43,186,8942,2018,60638868.0,0.0,1.200689,1.2822,CHN,RUS,843041
9203869,58,186,8942,2018,0.0,414887.0,0.45442,-0.113303,CYP,RUS,843041
9203870,59,186,8942,2018,2989594.0,0.0,1.841016,0.220806,CZE,RUS,843041
9203871,61,186,8942,2018,1371279.0,112002.0,2.109059,-2.428826,DEU,RUS,843041
9203872,68,186,8942,2018,0.0,20328.0,-0.096635,1.585658,EGY,RUS,843041
9203873,72,186,8942,2018,95013.0,0.0,0.979986,1.2365899999999999,EST,RUS,843041
9203874,74,186,8942,2018,4996130.0,75628.0,1.61151,0.9474549999999999,FIN,RUS,843041
9203875,77,186,8942,2018,9784986.0,0.0,1.420819,0.7793770000000001,FRA,RUS,843041
9203876,82,186,8942,2018,125915.0,0.0,-0.049871,-0.28439899999999996,GEO,RUS,843041
9203877,102,186,8942,2018,0.0,256348.0,1.519662,0.833092,HUN,RUS,843041
9203878,107,186,8942,2018,0.0,101593.0,-0.389954,-0.258156,IRN,RUS,843041
9203879,111,186,8942,2018,2799626.0,82349.0,1.3602530000000002,0.453607,ITA,RUS,843041
9203880,114,186,8942,2018,789018.0,0.0,2.514533,-0.416074,JPN,RUS,843041
9203881,115,186,8942,2018,2189262.0,4441374.0,-0.483862,-0.667417,KAZ,RUS,843041
9203882,121,186,8942,2018,1319367.0,0.0,2.093866,0.764303,KOR,RUS,843041
9203883,130,186,8942,2018,1206704.0,39204.0,0.964249,1.4050200000000002,LTU,RUS,843041
9203884,135,186,8942,2018,0.0,177279.0,-0.358412,-0.271334,MDA,RUS,843041
9203885,141,186,8942,2018,0.0,41746.0,-0.49666499999999997,-0.7189909999999999,MLI,RUS,843041
9203886,162,186,8942,2018,977631.0,0.0,1.1478899999999999,1.454758,NLD,RUS,843041
9203887,163,186,8942,2018,247585.0,0.0,0.681639,0.021762,NOR,RUS,843041
9203888,177,186,8942,2018,3309349.0,0.0,1.132475,1.258945,POL,RUS,843041
9203889,207,186,8942,2018,0.0,645461.0,1.67428,0.7703800000000001,SVN,RUS,843041
9203890,208,186,8942,2018,16312737.0,0.0,1.76361,0.766904,SWE,RUS,843041
9203891,217,186,8942,2018,68840.0,31702.0,-0.757793,-1.0641209999999999,TJK,RUS,843041
9203892,224,186,8942,2018,937424.0,325837.0,0.518721,2.5581419999999997,TUR,RUS,843041
9203893,228,186,8942,2018,327730.0,0.0,0.337296,0.758675,UKR,RUS,843041
9203894,231,186,8942,2018,35407844.0,0.0,1.585861,0.44815900000000003,USA,RUS,843041
9203895,232,186,8942,2018,0.0,11657788.0,-0.591547,-0.429982,UZB,RUS,843041
9203896,43,187,8942,2018,5088.0,0.0,1.200689,1.2822,CHN,RWA,843041
9203897,207,187,8942,2018,69468.0,0.0,1.67428,0.7703800000000001,SVN,RWA,843041
9203898,7,191,8942,2018,973917.0,0.0,0.11804400000000001,-0.326851,ARE,SEN,843041
9203899,14,191,8942,2018,504981.0,0.0,-0.29687199999999997,-0.123116,AUS,SEN,843041
9203900,18,191,8942,2018,46192.0,0.0,1.270641,1.201063,BEL,SEN,843041
9203901,21,191,8942,2018,0.0,2127251.0,-0.8835200000000001,-0.9790620000000001,BFA,SEN,843041
9203902,43,191,8942,2018,82704.0,0.0,1.200689,1.2822,CHN,SEN,843041
9203903,44,191,8942,2018,193931.0,0.0,-0.8733569999999999,-0.8443139999999999,CIV,SEN,843041
9203904,74,191,8942,2018,972857.0,0.0,1.61151,0.9474549999999999,FIN,SEN,843041
9203905,77,191,8942,2018,656384.0,0.0,1.420819,0.7793770000000001,FRA,SEN,843041
9203906,81,191,8942,2018,1537.0,0.0,1.693008,0.768159,GBR,SEN,843041
9203907,111,191,8942,2018,146016.0,0.0,1.3602530000000002,0.453607,ITA,SEN,843041
9203908,114,191,8942,2018,216799.0,0.0,2.514533,-0.416074,JPN,SEN,843041
9203909,141,191,8942,2018,0.0,272846.0,-0.49666499999999997,-0.7189909999999999,MLI,SEN,843041
9203910,162,191,8942,2018,77006.0,0.0,1.1478899999999999,1.454758,NLD,SEN,843041
9203911,208,191,8942,2018,1966585.0,0.0,1.76361,0.766904,SWE,SEN,843041
9203912,224,191,8942,2018,139087.0,0.0,0.518721,2.5581419999999997,TUR,SEN,843041
9203913,231,191,8942,2018,962024.0,0.0,1.585861,0.44815900000000003,USA,SEN,843041
9203914,9,201,8942,2018,57329.0,0.0,-0.330516,-0.604744,ARM,SRB,843041
9203915,18,201,8942,2018,395321.0,305363.0,1.270641,1.201063,BEL,SRB,843041
9203916,23,201,8942,2018,35122.0,419734.0,0.571226,1.836856,BGR,SRB,843041
9203917,26,201,8942,2018,214162.0,124165.0,0.526392,0.742398,BIH,SRB,843041
9203918,39,201,8942,2018,1124.0,0.0,0.666822,1.218593,CAN,SRB,843041
9203919,41,201,8942,2018,17463.0,0.0,2.2324330000000003,0.7801560000000001,CHE,SRB,843041
9203920,42,201,8942,2018,428202.0,0.0,-0.37677,-0.49605299999999997,CHL,SRB,843041
9203921,43,201,8942,2018,612944.0,0.0,1.200689,1.2822,CHN,SRB,843041
9203922,61,201,8942,2018,1434547.0,0.0,2.109059,-2.428826,DEU,SRB,843041
9203923,71,201,8942,2018,72455.0,139653.0,0.744825,2.919005,ESP,SRB,843041
9203924,74,201,8942,2018,54517.0,0.0,1.61151,0.9474549999999999,FIN,SRB,843041
9203925,104,201,8942,2018,67112.0,0.0,0.526015,2.448112,IND,SRB,843041
9203926,111,201,8942,2018,7422862.0,0.0,1.3602530000000002,0.453607,ITA,SRB,843041
9203927,114,201,8942,2018,90704.0,0.0,2.514533,-0.416074,JPN,SRB,843041
9203928,121,201,8942,2018,64614.0,0.0,2.093866,0.764303,KOR,SRB,843041
9203929,144,201,8942,2018,38974.0,64592.0,0.332495,0.124258,MNE,SRB,843041
9203930,177,201,8942,2018,128421.0,11340.0,1.132475,1.258945,POL,SRB,843041
9203931,207,201,8942,2018,25103.0,0.0,1.67428,0.7703800000000001,SVN,SRB,843041
9203932,208,201,8942,2018,1995136.0,0.0,1.76361,0.766904,SWE,SRB,843041
9203933,231,201,8942,2018,199961.0,0.0,1.585861,0.44815900000000003,USA,SRB,843041
9203934,246,209,8942,2018,3868.0,217144.0,0.158722,1.394829,ZAF,SWZ,843041
9203935,41,217,8942,2018,45250.0,0.0,2.2324330000000003,0.7801560000000001,CHE,TJK,843041
9203936,43,217,8942,2018,2185518.0,0.0,1.200689,1.2822,CHN,TJK,843041
9203937,61,217,8942,2018,11555.0,0.0,2.109059,-2.428826,DEU,TJK,843041
9203938,104,217,8942,2018,1063518.0,0.0,0.526015,2.448112,IND,TJK,843041
9203939,111,217,8942,2018,314732.0,31512.0,1.3602530000000002,0.453607,ITA,TJK,843041
9203940,117,217,8942,2018,13911.0,0.0,-0.141491,0.33161,KGZ,TJK,843041
9203941,121,217,8942,2018,364411.0,0.0,2.093866,0.764303,KOR,TJK,843041
9203942,162,217,8942,2018,11156.0,0.0,1.1478899999999999,1.454758,NLD,TJK,843041
9203943,186,217,8942,2018,31702.0,68840.0,0.21398000000000003,0.100414,RUS,TJK,843041
9203944,208,217,8942,2018,603872.0,0.0,1.76361,0.766904,SWE,TJK,843041
9203945,232,219,8942,2018,74991.0,0.0,-0.591547,-0.429982,UZB,TKM,843041
9203946,21,223,8942,2018,0.0,70772.0,-0.8835200000000001,-0.9790620000000001,BFA,TUN,843041
9203947,43,223,8942,2018,67397.0,0.0,1.200689,1.2822,CHN,TUN,843041
9203948,44,223,8942,2018,0.0,103197.0,-0.8733569999999999,-0.8443139999999999,CIV,TUN,843041
9203949,61,223,8942,2018,7038.0,0.0,2.109059,-2.428826,DEU,TUN,843041
9203950,77,223,8942,2018,87526.0,0.0,1.420819,0.7793770000000001,FRA,TUN,843041
9203951,104,223,8942,2018,351480.0,0.0,0.526015,2.448112,IND,TUN,843041
9203952,111,223,8942,2018,1941645.0,0.0,1.3602530000000002,0.453607,ITA,TUN,843041
9203953,114,223,8942,2018,85582.0,0.0,2.514533,-0.416074,JPN,TUN,843041
9203954,224,223,8942,2018,156940.0,0.0,0.518721,2.5581419999999997,TUR,TUN,843041
9203955,23,228,8942,2018,0.0,4636.0,0.571226,1.836856,BGR,UKR,843041
9203956,28,228,8942,2018,11454.0,0.0,0.850089,0.8332870000000001,BLR,UKR,843041
9203957,39,228,8942,2018,43757.0,0.0,0.666822,1.218593,CAN,UKR,843041
9203958,43,228,8942,2018,10684856.0,0.0,1.200689,1.2822,CHN,UKR,843041
9203959,59,228,8942,2018,70473.0,0.0,1.841016,0.220806,CZE,UKR,843041
9203960,61,228,8942,2018,246850.0,0.0,2.109059,-2.428826,DEU,UKR,843041
9203961,74,228,8942,2018,361476.0,0.0,1.61151,0.9474549999999999,FIN,UKR,843041
9203962,77,228,8942,2018,444866.0,0.0,1.420819,0.7793770000000001,FRA,UKR,843041
9203963,81,228,8942,2018,0.0,243289.0,1.693008,0.768159,GBR,UKR,843041
9203964,90,228,8942,2018,21189.0,0.0,0.059539999999999996,1.0321879999999999,GRC,UKR,843041
9203965,102,228,8942,2018,364764.0,0.0,1.519662,0.833092,HUN,UKR,843041
9203966,111,228,8942,2018,985112.0,0.0,1.3602530000000002,0.453607,ITA,UKR,843041
9203967,114,228,8942,2018,118829.0,0.0,2.514533,-0.416074,JPN,UKR,843041
9203968,115,228,8942,2018,400181.0,0.0,-0.483862,-0.667417,KAZ,UKR,843041
9203969,135,228,8942,2018,5705.0,17436.0,-0.358412,-0.271334,MDA,UKR,843041
9203970,162,228,8942,2018,143600.0,0.0,1.1478899999999999,1.454758,NLD,UKR,843041
9203971,177,228,8942,2018,54352.0,6726.0,1.132475,1.258945,POL,UKR,843041
9203972,179,228,8942,2018,30132.0,0.0,0.652628,2.211758,PRT,UKR,843041
9203973,185,228,8942,2018,24251.0,0.0,1.050715,1.04471,ROU,UKR,843041
9203974,186,228,8942,2018,0.0,327730.0,0.21398000000000003,0.100414,RUS,UKR,843041
9203975,208,228,8942,2018,899158.0,0.0,1.76361,0.766904,SWE,UKR,843041
9203976,231,228,8942,2018,37710.0,0.0,1.585861,0.44815900000000003,USA,UKR,843041
9203977,7,232,8942,2018,421579.0,0.0,0.11804400000000001,-0.326851,ARE,UZB,843041
9203978,43,232,8942,2018,2419284.0,0.0,1.200689,1.2822,CHN,UZB,843041
9203979,61,232,8942,2018,2900229.0,0.0,2.109059,-2.428826,DEU,UZB,843041
9203980,115,232,8942,2018,26882.0,0.0,-0.483862,-0.667417,KAZ,UZB,843041
9203981,117,232,8942,2018,44512.0,0.0,-0.141491,0.33161,KGZ,UZB,843041
9203982,121,232,8942,2018,475283.0,0.0,2.093866,0.764303,KOR,UZB,843041
9203983,130,232,8942,2018,1506084.0,0.0,0.964249,1.4050200000000002,LTU,UZB,843041
9203984,177,232,8942,2018,595058.0,0.0,1.132475,1.258945,POL,UZB,843041
9203985,186,232,8942,2018,11657788.0,0.0,0.21398000000000003,0.100414,RUS,UZB,843041
9203986,208,232,8942,2018,967913.0,0.0,1.76361,0.766904,SWE,UZB,843041
9203987,219,232,8942,2018,0.0,74991.0,-1.0081209999999998,-1.190796,TKM,UZB,843041
9203988,224,232,8942,2018,0.0,109067.0,0.518721,2.5581419999999997,TUR,UZB,843041
9203989,2,239,8942,2018,0.0,3898.0,-1.489191,-1.213992,AGO,VNM,843041
9203990,15,239,8942,2018,1853370.0,0.0,1.774488,-0.21117800000000003,AUT,VNM,843041
9203991,43,239,8942,2018,12307503.0,0.0,1.200689,1.2822,CHN,VNM,843041
9203992,61,239,8942,2018,2908392.0,0.0,2.109059,-2.428826,DEU,VNM,843041
9203993,74,239,8942,2018,380489.0,0.0,1.61151,0.9474549999999999,FIN,VNM,843041
9203994,77,239,8942,2018,75994.0,0.0,1.420819,0.7793770000000001,FRA,VNM,843041
9203995,97,239,8942,2018,26012.0,0.0,0.843677,1.656073,HKG,VNM,843041
9203996,103,239,8942,2018,0.0,59463.0,-0.10130499999999999,1.2414209999999999,IDN,VNM,843041
9203997,104,239,8942,2018,571410.0,2014.0,0.526015,2.448112,IND,VNM,843041
9203998,111,239,8942,2018,854761.0,0.0,1.3602530000000002,0.453607,ITA,VNM,843041
9203999,114,239,8942,2018,1722323.0,178653.0,2.514533,-0.416074,JPN,VNM,843041
9204000,121,239,8942,2018,416426.0,0.0,2.093866,0.764303,KOR,VNM,843041
9204001,123,239,8942,2018,0.0,1637.0,-0.788808,-0.8012670000000001,LAO,VNM,843041
9204002,153,239,8942,2018,0.0,524321.0,1.122976,0.734109,MYS,VNM,843041
9204003,174,239,8942,2018,0.0,282844.0,0.781409,0.22126700000000002,PHL,VNM,843041
9204004,188,239,8942,2018,127772.0,0.0,0.5801810000000001,-0.447514,SAU,VNM,843041
9204005,192,239,8942,2018,10572.0,123972.0,1.914132,0.652011,SGP,VNM,843041
9204006,224,239,8942,2018,0.0,25949.0,0.518721,2.5581419999999997,TUR,VNM,843041
9204007,231,239,8942,2018,698827.0,0.0,1.585861,0.44815900000000003,USA,VNM,843041
9204008,111,13,8942,2018,78944.0,0.0,1.3602530000000002,0.453607,ITA,ATG,843041
9204009,43,19,8942,2018,66658.0,51657.0,1.200689,1.2822,CHN,BEN,843041
9204010,44,19,8942,2018,574767.0,0.0,-0.8733569999999999,-0.8443139999999999,CIV,BEN,843041
9204011,77,19,8942,2018,69715.0,0.0,1.420819,0.7793770000000001,FRA,BEN,843041
9204012,104,19,8942,2018,91518.0,0.0,0.526015,2.448112,IND,BEN,843041
9204013,111,19,8942,2018,474807.0,0.0,1.3602530000000002,0.453607,ITA,BEN,843041
9204014,162,19,8942,2018,684948.0,0.0,1.1478899999999999,1.454758,NLD,BEN,843041
9204015,208,19,8942,2018,365706.0,0.0,1.76361,0.766904,SWE,BEN,843041
9204016,14,21,8942,2018,52408.0,0.0,-0.29687199999999997,-0.123116,AUS,BFA,843041
9204017,39,21,8942,2018,810485.0,266175.0,0.666822,1.218593,CAN,BFA,843041
9204018,43,21,8942,2018,56021.0,0.0,1.200689,1.2822,CHN,BFA,843041
9204019,44,21,8942,2018,91227.0,43186.0,-0.8733569999999999,-0.8443139999999999,CIV,BFA,843041
9204020,74,21,8942,2018,810989.0,0.0,1.61151,0.9474549999999999,FIN,BFA,843041
9204021,77,21,8942,2018,15498.0,0.0,1.420819,0.7793770000000001,FRA,BFA,843041
9204022,83,21,8942,2018,237436.0,148935.0,-0.956109,-0.861556,GHA,BFA,843041
9204023,162,21,8942,2018,300752.0,0.0,1.1478899999999999,1.454758,NLD,BFA,843041
9204024,191,21,8942,2018,2127251.0,0.0,-0.751378,-0.390573,SEN,BFA,843041
9204025,208,21,8942,2018,428567.0,0.0,1.76361,0.766904,SWE,BFA,843041
9204026,223,21,8942,2018,70772.0,0.0,0.259778,1.187194,TUN,BFA,843041
9204027,224,21,8942,2018,1571850.0,0.0,0.518721,2.5581419999999997,TUR,BFA,843041
9204028,231,21,8942,2018,443731.0,0.0,1.585861,0.44815900000000003,USA,BFA,843041
9204029,246,21,8942,2018,0.0,443262.0,0.158722,1.394829,ZAF,BFA,843041
9204030,61,25,8942,2018,1641849.0,0.0,2.109059,-2.428826,DEU,BHS,843041
9204031,231,25,8942,2018,1381.0,0.0,1.585861,0.44815900000000003,USA,BHS,843041
9204032,81,29,8942,2018,0.0,63328.0,1.693008,0.768159,GBR,BLZ,843041
9204033,169,29,8942,2018,15009.0,32735.0,0.104326,-0.11611800000000001,PAN,BLZ,843041
9204034,231,29,8942,2018,126720.0,0.0,1.585861,0.44815900000000003,USA,BLZ,843041
9204035,14,37,8942,2018,16563.0,0.0,-0.29687199999999997,-0.123116,AUS,BWA,843041
9204036,43,37,8942,2018,15999.0,0.0,1.200689,1.2822,CHN,BWA,843041
9204037,77,37,8942,2018,33667.0,0.0,1.420819,0.7793770000000001,FRA,BWA,843041
9204038,104,37,8942,2018,225853.0,0.0,0.526015,2.448112,IND,BWA,843041
9204039,111,37,8942,2018,65706.0,0.0,1.3602530000000002,0.453607,ITA,BWA,843041
9204040,114,37,8942,2018,316476.0,0.0,2.514533,-0.416074,JPN,BWA,843041
9204041,226,37,8942,2018,17510.0,0.0,-0.09850700000000001,1.145606,TZA,BWA,843041
9204042,231,37,8942,2018,7456.0,0.0,1.585861,0.44815900000000003,USA,BWA,843041
9204043,246,37,8942,2018,3006230.0,996353.0,0.158722,1.394829,ZAF,BWA,843041
9204044,247,37,8942,2018,28133.0,289770.0,-0.736064,-0.93958,ZMB,BWA,843041
9204045,248,37,8942,2018,0.0,221073.0,-1.181524,-1.0648520000000001,ZWE,BWA,843041
9204046,7,44,8942,2018,738469.0,0.0,0.11804400000000001,-0.326851,ARE,CIV,843041
9204047,14,44,8942,2018,487168.0,0.0,-0.29687199999999997,-0.123116,AUS,CIV,843041
9204048,18,44,8942,2018,1132293.0,0.0,1.270641,1.201063,BEL,CIV,843041
9204049,19,44,8942,2018,0.0,574767.0,-0.646475,-0.769808,BEN,CIV,843041
9204050,21,44,8942,2018,43186.0,91227.0,-0.8835200000000001,-0.9790620000000001,BFA,CIV,843041
9204051,39,44,8942,2018,16768.0,0.0,0.666822,1.218593,CAN,CIV,843041
9204052,43,44,8942,2018,86122.0,0.0,1.200689,1.2822,CHN,CIV,843041
9204053,61,44,8942,2018,116502.0,0.0,2.109059,-2.428826,DEU,CIV,843041
9204054,71,44,8942,2018,141585.0,0.0,0.744825,2.919005,ESP,CIV,843041
9204055,74,44,8942,2018,279981.0,0.0,1.61151,0.9474549999999999,FIN,CIV,843041
9204056,77,44,8942,2018,433108.0,0.0,1.420819,0.7793770000000001,FRA,CIV,843041
9204057,81,44,8942,2018,73024.0,0.0,1.693008,0.768159,GBR,CIV,843041
9204058,83,44,8942,2018,345538.0,536469.0,-0.956109,-0.861556,GHA,CIV,843041
9204059,85,44,8942,2018,101307.0,63254.0,-1.036697,-1.1562860000000001,GIN,CIV,843041
9204060,103,44,8942,2018,49324.0,0.0,-0.10130499999999999,1.2414209999999999,IDN,CIV,843041
9204061,104,44,8942,2018,128521.0,0.0,0.526015,2.448112,IND,CIV,843041
9204062,111,44,8942,2018,189319.0,0.0,1.3602530000000002,0.453607,ITA,CIV,843041
9204063,114,44,8942,2018,1188148.0,114350.0,2.514533,-0.416074,JPN,CIV,843041
9204064,124,44,8942,2018,21762.0,0.0,0.270554,0.9995149999999999,LBN,CIV,843041
9204065,134,44,8942,2018,46144.0,0.0,-0.712775,-0.090013,MAR,CIV,843041
9204066,153,44,8942,2018,6517.0,0.0,1.122976,0.734109,MYS,CIV,843041
9204067,163,44,8942,2018,4518.0,0.0,0.681639,0.021762,NOR,CIV,843041
9204068,191,44,8942,2018,0.0,193931.0,-0.751378,-0.390573,SEN,CIV,843041
9204069,196,44,8942,2018,35662.0,0.0,-0.06932999999999999,-0.36035300000000003,SLE,CIV,843041
9204070,208,44,8942,2018,3120768.0,0.0,1.76361,0.766904,SWE,CIV,843041
9204071,223,44,8942,2018,103197.0,0.0,0.259778,1.187194,TUN,CIV,843041
9204072,224,44,8942,2018,185809.0,0.0,0.518721,2.5581419999999997,TUR,CIV,843041
9204073,231,44,8942,2018,229153.0,0.0,1.585861,0.44815900000000003,USA,CIV,843041
9204074,246,44,8942,2018,1892.0,0.0,0.158722,1.394829,ZAF,CIV,843041
9204075,18,45,8942,2018,1716.0,0.0,1.270641,1.201063,BEL,CMR,843041
9204076,43,45,8942,2018,116754.0,0.0,1.200689,1.2822,CHN,CMR,843041
9204077,47,45,8942,2018,7520.0,58817.0,-1.52875,-1.1869100000000001,COG,CMR,843041
9204078,74,45,8942,2018,133007.0,0.0,1.61151,0.9474549999999999,FIN,CMR,843041
9204079,80,45,8942,2018,0.0,7500.0,-1.4979200000000001,-1.180407,GAB,CMR,843041
9204080,104,45,8942,2018,212844.0,0.0,0.526015,2.448112,IND,CMR,843041
9204081,111,45,8942,2018,105822.0,0.0,1.3602530000000002,0.453607,ITA,CMR,843041
9204082,159,45,8942,2018,6227.0,0.0,-1.8238,-1.259938,NGA,CMR,843041
9204083,162,45,8942,2018,299441.0,0.0,1.1478899999999999,1.454758,NLD,CMR,843041
9204084,163,45,8942,2018,102694.0,0.0,0.681639,0.021762,NOR,CMR,843041
9204085,208,45,8942,2018,45717.0,0.0,1.76361,0.766904,SWE,CMR,843041
9204086,14,46,8942,2018,2410.0,0.0,-0.29687199999999997,-0.123116,AUS,COD,843041
9204087,18,46,8942,2018,23160.0,0.0,1.270641,1.201063,BEL,COD,843041
9204088,43,46,8942,2018,1347587.0,0.0,1.200689,1.2822,CHN,COD,843041
9204089,74,46,8942,2018,290471.0,0.0,1.61151,0.9474549999999999,FIN,COD,843041
9204090,77,46,8942,2018,1279.0,0.0,1.420819,0.7793770000000001,FRA,COD,843041
9204091,104,46,8942,2018,224289.0,0.0,0.526015,2.448112,IND,COD,843041
9204092,114,46,8942,2018,242211.0,0.0,2.514533,-0.416074,JPN,COD,843041
9204093,116,46,8942,2018,17620.0,0.0,-0.32707800000000004,0.71009,KEN,COD,843041
9204094,134,46,8942,2018,0.0,44141.0,-0.712775,-0.090013,MAR,COD,843041
9204095,167,46,8942,2018,50259.0,0.0,-0.548048,-0.9972989999999999,OMN,COD,843041
9204096,208,46,8942,2018,272066.0,0.0,1.76361,0.766904,SWE,COD,843041
9204097,226,46,8942,2018,946.0,0.0,-0.09850700000000001,1.145606,TZA,COD,843041
9204098,227,46,8942,2018,518131.0,0.0,-0.621049,-0.061448,UGA,COD,843041
9204099,231,46,8942,2018,99396.0,0.0,1.585861,0.44815900000000003,USA,COD,843041
9204100,246,46,8942,2018,5099232.0,7036.0,0.158722,1.394829,ZAF,COD,843041
9204101,247,46,8942,2018,884427.0,217030.0,-0.736064,-0.93958,ZMB,COD,843041
9204102,38,47,8942,2018,0.0,3290.0,-0.041318,-0.687923,CAF,COG,843041
9204103,43,47,8942,2018,1749608.0,0.0,1.200689,1.2822,CHN,COG,843041
9204104,45,47,8942,2018,58817.0,7520.0,-1.366619,-1.09894,CMR,COG,843041
9204105,64,47,8942,2018,39407.0,49471.0,1.0945040000000001,1.3311540000000002,DNK,COG,843041
9204106,77,47,8942,2018,0.0,15480.0,1.420819,0.7793770000000001,FRA,COG,843041
9204107,80,47,8942,2018,0.0,6621.0,-1.4979200000000001,-1.180407,GAB,COG,843041
9204108,104,47,8942,2018,333897.0,0.0,0.526015,2.448112,IND,COG,843041
9204109,124,47,8942,2018,0.0,1613.0,0.270554,0.9995149999999999,LBN,COG,843041
9204110,162,47,8942,2018,78164.0,0.0,1.1478899999999999,1.454758,NLD,COG,843041
9204111,179,51,8942,2018,44310.0,0.0,0.652628,2.211758,PRT,CPV,843041
9204112,61,54,8942,2018,2581074.0,0.0,2.109059,-2.428826,DEU,CUB,843041
9204113,71,54,8942,2018,735533.0,0.0,0.744825,2.919005,ESP,CUB,843041
9204114,104,54,8942,2018,1476838.0,0.0,0.526015,2.448112,IND,CUB,843041
9204115,208,54,8942,2018,845769.0,0.0,1.76361,0.766904,SWE,CUB,843041
9204116,231,57,8942,2018,46820.0,0.0,1.585861,0.44815900000000003,USA,CYM,843041
9204117,7,62,8942,2018,88505.0,0.0,0.11804400000000001,-0.326851,ARE,DJI,843041
9204118,43,62,8942,2018,1127159.0,0.0,1.200689,1.2822,CHN,DJI,843041
9204119,73,62,8942,2018,26405.0,0.0,-0.874857,-0.464958,ETH,DJI,843041
9204120,188,62,8942,2018,826666.0,0.0,0.5801810000000001,-0.447514,SAU,DJI,843041
9204121,231,62,8942,2018,460000.0,0.0,1.585861,0.44815900000000003,USA,DJI,843041
9204122,18,66,8942,2018,301298.0,0.0,1.270641,1.201063,BEL,DZA,843041
9204123,43,66,8942,2018,10890533.0,0.0,1.200689,1.2822,CHN,DZA,843041
9204124,61,66,8942,2018,454903.0,0.0,2.109059,-2.428826,DEU,DZA,843041
9204125,104,66,8942,2018,1338292.0,0.0,0.526015,2.448112,IND,DZA,843041
9204126,111,66,8942,2018,7516796.0,194915.0,1.3602530000000002,0.453607,ITA,DZA,843041
9204127,114,66,8942,2018,1974349.0,0.0,2.514533,-0.416074,JPN,DZA,843041
9204128,121,66,8942,2018,166009.0,0.0,2.093866,0.764303,KOR,DZA,843041
9204129,208,66,8942,2018,1975410.0,0.0,1.76361,0.766904,SWE,DZA,843041
9204130,224,66,8942,2018,250913.0,0.0,0.518721,2.5581419999999997,TUR,DZA,843041
9204131,18,80,8942,2018,13520.0,0.0,1.270641,1.201063,BEL,GAB,843041
9204132,43,80,8942,2018,55242.0,0.0,1.200689,1.2822,CHN,GAB,843041
9204133,45,80,8942,2018,7500.0,0.0,-1.366619,-1.09894,CMR,GAB,843041
9204134,47,80,8942,2018,6621.0,0.0,-1.52875,-1.1869100000000001,COG,GAB,843041
9204135,77,80,8942,2018,187461.0,0.0,1.420819,0.7793770000000001,FRA,GAB,843041
9204136,104,80,8942,2018,119587.0,0.0,0.526015,2.448112,IND,GAB,843041
9204137,231,80,8942,2018,45000.0,0.0,1.585861,0.44815900000000003,USA,GAB,843041
9204138,18,83,8942,2018,2042793.0,0.0,1.270641,1.201063,BEL,GHA,843041
9204139,21,83,8942,2018,148935.0,237436.0,-0.8835200000000001,-0.9790620000000001,BFA,GHA,843041
9204140,39,83,8942,2018,629711.0,0.0,0.666822,1.218593,CAN,GHA,843041
9204141,43,83,8942,2018,425817.0,0.0,1.200689,1.2822,CHN,GHA,843041
9204142,44,83,8942,2018,536469.0,345538.0,-0.8733569999999999,-0.8443139999999999,CIV,GHA,843041
9204143,61,83,8942,2018,28377.0,0.0,2.109059,-2.428826,DEU,GHA,843041
9204144,74,83,8942,2018,26122858.0,0.0,1.61151,0.9474549999999999,FIN,GHA,843041
9204145,103,83,8942,2018,0.0,28995.0,-0.10130499999999999,1.2414209999999999,IDN,GHA,843041
9204146,104,83,8942,2018,912970.0,0.0,0.526015,2.448112,IND,GHA,843041
9204147,111,83,8942,2018,60671.0,0.0,1.3602530000000002,0.453607,ITA,GHA,843041
9204148,114,83,8942,2018,27799.0,0.0,2.514533,-0.416074,JPN,GHA,843041
9204149,121,83,8942,2018,582366.0,0.0,2.093866,0.764303,KOR,GHA,843041
9204150,125,83,8942,2018,41326.0,0.0,-1.022881,-1.124718,LBR,GHA,843041
9204151,141,83,8942,2018,60759.0,115703.0,-0.49666499999999997,-0.7189909999999999,MLI,GHA,843041
9204152,151,83,8942,2018,375850.0,0.0,-0.128221,0.15049400000000002,MUS,GHA,843041
9204153,162,83,8942,2018,613577.0,0.0,1.1478899999999999,1.454758,NLD,GHA,843041
9204154,192,83,8942,2018,186738.0,0.0,1.914132,0.652011,SGP,GHA,843041
9204155,208,83,8942,2018,16839404.0,0.0,1.76361,0.766904,SWE,GHA,843041
9204156,215,83,8942,2018,0.0,7259.0,-0.685084,-0.773437,TGO,GHA,843041
9204157,224,83,8942,2018,38933.0,0.0,0.518721,2.5581419999999997,TUR,GHA,843041
9204158,226,83,8942,2018,161963.0,52256.0,-0.09850700000000001,1.145606,TZA,GHA,843041
9204159,231,83,8942,2018,1305544.0,0.0,1.585861,0.44815900000000003,USA,GHA,843041
9204160,246,83,8942,2018,50634.0,0.0,0.158722,1.394829,ZAF,GHA,843041
9204161,81,84,8942,2018,7998.0,0.0,1.693008,0.768159,GBR,GIB,843041
9204162,18,85,8942,2018,10271.0,0.0,1.270641,1.201063,BEL,GIN,843041
9204163,43,85,8942,2018,1660859.0,0.0,1.200689,1.2822,CHN,GIN,843041
9204164,44,85,8942,2018,63254.0,101307.0,-0.8733569999999999,-0.8443139999999999,CIV,GIN,843041
9204165,61,85,8942,2018,5910.0,0.0,2.109059,-2.428826,DEU,GIN,843041
9204166,77,85,8942,2018,114900.0,0.0,1.420819,0.7793770000000001,FRA,GIN,843041
9204167,104,85,8942,2018,1264929.0,0.0,0.526015,2.448112,IND,GIN,843041
9204168,162,85,8942,2018,96260.0,0.0,1.1478899999999999,1.454758,NLD,GIN,843041
9204169,208,85,8942,2018,1368374.0,0.0,1.76361,0.766904,SWE,GIN,843041
9204170,224,85,8942,2018,567831.0,0.0,0.518721,2.5581419999999997,TUR,GIN,843041
9204171,43,109,8942,2018,330112.0,0.0,1.200689,1.2822,CHN,ISL,843041
9204172,74,109,8942,2018,815036.0,0.0,1.61151,0.9474549999999999,FIN,ISL,843041
9204173,81,109,8942,2018,2640.0,0.0,1.693008,0.768159,GBR,ISL,843041
9204174,163,109,8942,2018,3738.0,0.0,0.681639,0.021762,NOR,ISL,843041
9204175,177,109,8942,2018,16651.0,0.0,1.132475,1.258945,POL,ISL,843041
9204176,43,110,8942,2018,138408.0,0.0,1.200689,1.2822,CHN,ISR,843041
9204177,61,110,8942,2018,277646.0,0.0,2.109059,-2.428826,DEU,ISR,843041
9204178,74,110,8942,2018,1264425.0,0.0,1.61151,0.9474549999999999,FIN,ISR,843041
9204179,81,110,8942,2018,223306.0,0.0,1.693008,0.768159,GBR,ISR,843041
9204180,111,110,8942,2018,6345264.0,368873.0,1.3602530000000002,0.453607,ITA,ISR,843041
9204181,113,110,8942,2018,0.0,33623.0,-0.086895,0.283829,JOR,ISR,843041
9204182,138,110,8942,2018,0.0,92776.0,1.00061,0.585759,MEX,ISR,843041
9204183,162,110,8942,2018,160288.0,0.0,1.1478899999999999,1.454758,NLD,ISR,843041
9204184,208,110,8942,2018,240588.0,0.0,1.76361,0.766904,SWE,ISR,843041
9204185,231,110,8942,2018,2766996.0,128684.0,1.585861,0.44815900000000003,USA,ISR,843041
9204186,247,110,8942,2018,58082.0,0.0,-0.736064,-0.93958,ZMB,ISR,843041
9204187,14,123,8942,2018,827.0,0.0,-0.29687199999999997,-0.123116,AUS,LAO,843041
9204188,43,123,8942,2018,3838592.0,0.0,1.200689,1.2822,CHN,LAO,843041
9204189,114,123,8942,2018,15041.0,0.0,2.514533,-0.416074,JPN,LAO,843041
9204190,118,123,8942,2018,0.0,51124.0,-0.45740299999999995,-0.575966,KHM,LAO,843041
9204191,121,123,8942,2018,101117.0,0.0,2.093866,0.764303,KOR,LAO,843041
9204192,216,123,8942,2018,98357.0,0.0,1.053177,1.4084969999999999,THA,LAO,843041
9204193,239,123,8942,2018,1637.0,0.0,0.003069,0.9169729999999999,VNM,LAO,843041
9204194,74,125,8942,2018,1263536.0,0.0,1.61151,0.9474549999999999,FIN,LBR,843041
9204195,83,125,8942,2018,0.0,41326.0,-0.956109,-0.861556,GHA,LBR,843041
9204196,208,125,8942,2018,312302.0,0.0,1.76361,0.766904,SWE,LBR,843041
9204197,224,125,8942,2018,1070961.0,0.0,0.518721,2.5581419999999997,TUR,LBR,843041
9204198,231,125,8942,2018,74000.0,0.0,1.585861,0.44815900000000003,USA,LBR,843041
9204199,43,129,8942,2018,1206.0,0.0,1.200689,1.2822,CHN,LSO,843041
9204200,246,129,8942,2018,108488.0,0.0,0.158722,1.394829,ZAF,LSO,843041
9204201,250,129,8942,2018,0.0,105412.0,0.809991,-0.368737,ANS,LSO,843041
9204202,43,133,8942,2018,403133.0,11185.0,1.200689,1.2822,CHN,MAC,843041
9204203,97,133,8942,2018,487194.0,1062799.0,0.843677,1.656073,HKG,MAC,843041
9204204,231,139,8942,2018,906963.0,0.0,1.585861,0.44815900000000003,USA,MHL,843041
9204205,7,141,8942,2018,73727.0,0.0,0.11804400000000001,-0.326851,ARE,MLI,843041
9204206,14,141,8942,2018,60276.0,7153.0,-0.29687199999999997,-0.123116,AUS,MLI,843041
9204207,39,141,8942,2018,256612.0,0.0,0.666822,1.218593,CAN,MLI,843041
9204208,43,141,8942,2018,5231.0,0.0,1.200689,1.2822,CHN,MLI,843041
9204209,74,141,8942,2018,259952.0,56664.0,1.61151,0.9474549999999999,FIN,MLI,843041
9204210,77,141,8942,2018,66913.0,0.0,1.420819,0.7793770000000001,FRA,MLI,843041
9204211,83,141,8942,2018,115703.0,60759.0,-0.956109,-0.861556,GHA,MLI,843041
9204212,104,141,8942,2018,1916684.0,0.0,0.526015,2.448112,IND,MLI,843041
9204213,186,141,8942,2018,41746.0,0.0,0.21398000000000003,0.100414,RUS,MLI,843041
9204214,191,141,8942,2018,272846.0,0.0,-0.751378,-0.390573,SEN,MLI,843041
9204215,208,141,8942,2018,184826.0,0.0,1.76361,0.766904,SWE,MLI,843041
9204216,231,141,8942,2018,170118.0,3004.0,1.585861,0.44815900000000003,USA,MLI,843041
9204217,111,142,8942,2018,16626.0,0.0,1.3602530000000002,0.453607,ITA,MLT,843041
9204218,162,142,8942,2018,5952.0,0.0,1.1478899999999999,1.454758,NLD,MLT,843041
9204219,7,148,8942,2018,556712.0,0.0,0.11804400000000001,-0.326851,ARE,MRT,843041
9204220,43,148,8942,2018,36855.0,0.0,1.200689,1.2822,CHN,MRT,843041
9204221,61,148,8942,2018,238412.0,0.0,2.109059,-2.428826,DEU,MRT,843041
9204222,77,148,8942,2018,110531.0,0.0,1.420819,0.7793770000000001,FRA,MRT,843041
9204223,111,148,8942,2018,581624.0,0.0,1.3602530000000002,0.453607,ITA,MRT,843041
9204224,208,148,8942,2018,69441.0,0.0,1.76361,0.766904,SWE,MRT,843041
9204225,231,148,8942,2018,1247322.0,0.0,1.585861,0.44815900000000003,USA,MRT,843041
9204226,2,155,8942,2018,134180.0,0.0,-1.489191,-1.213992,AGO,NAM,843041
9204227,14,155,8942,2018,51307.0,0.0,-0.29687199999999997,-0.123116,AUS,NAM,843041
9204228,43,155,8942,2018,54786.0,0.0,1.200689,1.2822,CHN,NAM,843041
9204229,61,155,8942,2018,0.0,477532.0,2.109059,-2.428826,DEU,NAM,843041
9204230,104,155,8942,2018,353806.0,0.0,0.526015,2.448112,IND,NAM,843041
9204231,179,155,8942,2018,17587.0,0.0,0.652628,2.211758,PRT,NAM,843041
9204232,246,155,8942,2018,796735.0,120720.0,0.158722,1.394829,ZAF,NAM,843041
9204233,43,183,8942,2018,222352.0,0.0,1.200689,1.2822,CHN,QAT,843041
9204234,61,183,8942,2018,157677.0,0.0,2.109059,-2.428826,DEU,QAT,843041
9204235,77,183,8942,2018,0.0,206629.0,1.420819,0.7793770000000001,FRA,QAT,843041
9204236,104,183,8942,2018,253074.0,0.0,0.526015,2.448112,IND,QAT,843041
9204237,111,183,8942,2018,338643.0,0.0,1.3602530000000002,0.453607,ITA,QAT,843041
9204238,122,183,8942,2018,279118.0,0.0,-0.668802,-1.154012,KWT,QAT,843041
9204239,167,183,8942,2018,0.0,299304.0,-0.548048,-0.9972989999999999,OMN,QAT,843041
9204240,192,183,8942,2018,4349.0,0.0,1.914132,0.652011,SGP,QAT,843041
9204241,231,183,8942,2018,542287.0,0.0,1.585861,0.44815900000000003,USA,QAT,843041
9204242,42,196,8942,2018,0.0,87834.0,-0.37677,-0.49605299999999997,CHL,SLE,843041
9204243,43,196,8942,2018,6702.0,0.0,1.200689,1.2822,CHN,SLE,843041
9204244,44,196,8942,2018,0.0,35662.0,-0.8733569999999999,-0.8443139999999999,CIV,SLE,843041
9204245,61,196,8942,2018,60356.0,0.0,2.109059,-2.428826,DEU,SLE,843041
9204246,104,196,8942,2018,213694.0,0.0,0.526015,2.448112,IND,SLE,843041
9204247,162,196,8942,2018,17338.0,0.0,1.1478899999999999,1.454758,NLD,SLE,843041
9204248,231,196,8942,2018,14501.0,0.0,1.585861,0.44815900000000003,USA,SLE,843041
9204249,246,196,8942,2018,926.0,0.0,0.158722,1.394829,ZAF,SLE,843041
9204250,121,211,8942,2018,124218.0,0.0,2.093866,0.764303,KOR,SYC,843041
9204251,43,214,8942,2018,327451.0,0.0,1.200689,1.2822,CHN,TCD,843041
9204252,231,214,8942,2018,82000.0,0.0,1.585861,0.44815900000000003,USA,TCD,843041
9204253,18,215,8942,2018,1671.0,0.0,1.270641,1.201063,BEL,TGO,843041
9204254,83,215,8942,2018,7259.0,0.0,-0.956109,-0.861556,GHA,TGO,843041
9204255,43,220,8942,2018,34840.0,0.0,1.200689,1.2822,CHN,TLS,843041
9204256,7,226,8942,2018,145427.0,0.0,0.11804400000000001,-0.326851,ARE,TZA,843041
9204257,14,226,8942,2018,31700.0,0.0,-0.29687199999999997,-0.123116,AUS,TZA,843041
9204258,37,226,8942,2018,0.0,17510.0,-0.8339610000000001,-1.184307,BWA,TZA,843041
9204259,39,226,8942,2018,168697.0,0.0,0.666822,1.218593,CAN,TZA,843041
9204260,41,226,8942,2018,221893.0,0.0,2.2324330000000003,0.7801560000000001,CHE,TZA,843041
9204261,43,226,8942,2018,488546.0,0.0,1.200689,1.2822,CHN,TZA,843041
9204262,46,226,8942,2018,0.0,946.0,-1.743034,-1.20446,COD,TZA,843041
9204263,73,226,8942,2018,195072.0,0.0,-0.874857,-0.464958,ETH,TZA,843041
9204264,83,226,8942,2018,52256.0,161963.0,-0.956109,-0.861556,GHA,TZA,843041
9204265,104,226,8942,2018,454698.0,0.0,0.526015,2.448112,IND,TZA,843041
9204266,114,226,8942,2018,1518405.0,0.0,2.514533,-0.416074,JPN,TZA,843041
9204267,116,226,8942,2018,141852.0,0.0,-0.32707800000000004,0.71009,KEN,TZA,843041
9204268,121,226,8942,2018,318580.0,0.0,2.093866,0.764303,KOR,TZA,843041
9204269,147,226,8942,2018,161421.0,0.0,-1.380023,-1.027817,MOZ,TZA,843041
9204270,188,226,8942,2018,41398.0,0.0,0.5801810000000001,-0.447514,SAU,TZA,843041
9204271,208,226,8942,2018,281400.0,0.0,1.76361,0.766904,SWE,TZA,843041
9204272,224,226,8942,2018,20098.0,0.0,0.518721,2.5581419999999997,TUR,TZA,843041
9204273,231,226,8942,2018,84007.0,0.0,1.585861,0.44815900000000003,USA,TZA,843041
9204274,246,226,8942,2018,296494.0,1610.0,0.158722,1.394829,ZAF,TZA,843041
9204275,247,226,8942,2018,195059.0,0.0,-0.736064,-0.93958,ZMB,TZA,843041
9204276,41,227,8942,2018,32414.0,0.0,2.2324330000000003,0.7801560000000001,CHE,UGA,843041
9204277,43,227,8942,2018,151133.0,0.0,1.200689,1.2822,CHN,UGA,843041
9204278,46,227,8942,2018,0.0,518131.0,-1.743034,-1.20446,COD,UGA,843041
9204279,104,227,8942,2018,1222361.0,0.0,0.526015,2.448112,IND,UGA,843041
9204280,111,227,8942,2018,128574.0,0.0,1.3602530000000002,0.453607,ITA,UGA,843041
9204281,116,227,8942,2018,0.0,8914.0,-0.32707800000000004,0.71009,KEN,UGA,843041
9204282,134,227,8942,2018,68968.0,0.0,-0.712775,-0.090013,MAR,UGA,843041
9204283,91,234,8942,2018,0.0,63444.0,0.28333800000000003,-0.40042,GRD,VCT,843041
9204284,127,234,8942,2018,0.0,12272.0,0.18656,-0.143406,LCA,VCT,843041
9204285,14,247,8942,2018,48799.0,76771.0,-0.29687199999999997,-0.123116,AUS,ZMB,843041
9204286,32,247,8942,2018,0.0,72831.0,0.143397,0.582092,BRA,ZMB,843041
9204287,37,247,8942,2018,289770.0,28133.0,-0.8339610000000001,-1.184307,BWA,ZMB,843041
9204288,39,247,8942,2018,1160372.0,0.0,0.666822,1.218593,CAN,ZMB,843041
9204289,43,247,8942,2018,266329.0,0.0,1.200689,1.2822,CHN,ZMB,843041
9204290,46,247,8942,2018,217030.0,884427.0,-1.743034,-1.20446,COD,ZMB,843041
9204291,61,247,8942,2018,290693.0,0.0,2.109059,-2.428826,DEU,ZMB,843041
9204292,74,247,8942,2018,531850.0,0.0,1.61151,0.9474549999999999,FIN,ZMB,843041
9204293,77,247,8942,2018,260331.0,0.0,1.420819,0.7793770000000001,FRA,ZMB,843041
9204294,81,247,8942,2018,59455.0,0.0,1.693008,0.768159,GBR,ZMB,843041
9204295,104,247,8942,2018,700894.0,0.0,0.526015,2.448112,IND,ZMB,843041
9204296,110,247,8942,2018,0.0,58082.0,1.355071,0.872822,ISR,ZMB,843041
9204297,114,247,8942,2018,53112.0,0.0,2.514533,-0.416074,JPN,ZMB,843041
9204298,116,247,8942,2018,7426.0,0.0,-0.32707800000000004,0.71009,KEN,ZMB,843041
9204299,121,247,8942,2018,243599.0,0.0,2.093866,0.764303,KOR,ZMB,843041
9204300,147,247,8942,2018,0.0,38778.0,-1.380023,-1.027817,MOZ,ZMB,843041
9204301,173,247,8942,2018,1511297.0,0.0,-0.6673060000000001,-0.183315,PER,ZMB,843041
9204302,208,247,8942,2018,257697.0,0.0,1.76361,0.766904,SWE,ZMB,843041
9204303,224,247,8942,2018,417833.0,0.0,0.518721,2.5581419999999997,TUR,ZMB,843041
9204304,226,247,8942,2018,0.0,195059.0,-0.09850700000000001,1.145606,TZA,ZMB,843041
9204305,231,247,8942,2018,2361214.0,0.0,1.585861,0.44815900000000003,USA,ZMB,843041
9204306,246,247,8942,2018,332330.0,53257.0,0.158722,1.394829,ZAF,ZMB,843041
9204307,37,248,8942,2018,221073.0,0.0,-0.8339610000000001,-1.184307,BWA,ZWE,843041
9204308,43,248,8942,2018,329998.0,0.0,1.200689,1.2822,CHN,ZWE,843041
9204309,74,248,8942,2018,381608.0,0.0,1.61151,0.9474549999999999,FIN,ZWE,843041
9204310,77,248,8942,2018,3413772.0,0.0,1.420819,0.7793770000000001,FRA,ZWE,843041
9204311,147,248,8942,2018,403717.0,0.0,-1.380023,-1.027817,MOZ,ZWE,843041
9204312,151,248,8942,2018,15150.0,0.0,-0.128221,0.15049400000000002,MUS,ZWE,843041
9204313,177,248,8942,2018,527549.0,0.0,1.132475,1.258945,POL,ZWE,843041
9204314,208,248,8942,2018,159546.0,0.0,1.76361,0.766904,SWE,ZWE,843041
9204315,246,248,8942,2018,5042645.0,10951.0,0.158722,1.394829,ZAF,ZWE,843041
9204316,23,9,8942,2018,0.0,11638.0,0.571226,1.836856,BGR,ARM,843041
9204317,43,9,8942,2018,272949.0,0.0,1.200689,1.2822,CHN,ARM,843041
9204318,186,9,8942,2018,509064.0,0.0,0.21398000000000003,0.100414,RUS,ARM,843041
9204319,201,9,8942,2018,0.0,57329.0,0.607486,1.2139389999999999,SRB,ARM,843041
9204320,208,9,8942,2018,416747.0,0.0,1.76361,0.766904,SWE,ARM,843041
9204321,231,9,8942,2018,1207548.0,0.0,1.585861,0.44815900000000003,USA,ARM,843041
9204322,231,30,8942,2018,345260.0,0.0,1.585861,0.44815900000000003,USA,BMU,843041
9204323,234,127,8942,2018,12272.0,0.0,-0.274831,-0.603525,VCT,LCA,843041
9204324,64,92,8942,2018,757736.0,0.0,1.0945040000000001,1.3311540000000002,DNK,GRL,843041
9204325,74,92,8942,2018,264555.0,0.0,1.61151,0.9474549999999999,FIN,GRL,843041
9204326,208,92,8942,2018,336792.0,0.0,1.76361,0.766904,SWE,GRL,843041
9204327,68,126,8942,2018,0.0,12784.0,-0.096635,1.585658,EGY,LBY,843041
9204328,4,140,8942,2018,0.0,3872.0,-0.456481,-0.139655,ALB,MKD,843041
9204329,15,140,8942,2018,55755.0,0.0,1.774488,-0.21117800000000003,AUT,MKD,843041
9204330,23,140,8942,2018,187906.0,103986.0,0.571226,1.836856,BGR,MKD,843041
9204331,41,140,8942,2018,13725.0,0.0,2.2324330000000003,0.7801560000000001,CHE,MKD,843041
9204332,43,140,8942,2018,1938.0,0.0,1.200689,1.2822,CHN,MKD,843041
9204333,61,140,8942,2018,13892.0,0.0,2.109059,-2.428826,DEU,MKD,843041
9204334,77,140,8942,2018,479595.0,0.0,1.420819,0.7793770000000001,FRA,MKD,843041
9204335,111,140,8942,2018,85448.0,10620.0,1.3602530000000002,0.453607,ITA,MKD,843041
9204336,162,140,8942,2018,45361.0,0.0,1.1478899999999999,1.454758,NLD,MKD,843041
9204337,207,140,8942,2018,0.0,1129.0,1.67428,0.7703800000000001,SVN,MKD,843041
9204338,208,140,8942,2018,27959.0,0.0,1.76361,0.766904,SWE,MKD,843041
9204339,224,140,8942,2018,207615.0,62464.0,0.518721,2.5581419999999997,TUR,MKD,843041
9204340,15,144,8942,2018,415426.0,0.0,1.774488,-0.21117800000000003,AUT,MNE,843041
9204341,26,144,8942,2018,0.0,48260.0,0.526392,0.742398,BIH,MNE,843041
9204342,61,144,8942,2018,494415.0,0.0,2.109059,-2.428826,DEU,MNE,843041
9204343,111,144,8942,2018,159890.0,0.0,1.3602530000000002,0.453607,ITA,MNE,843041
9204344,162,144,8942,2018,339579.0,0.0,1.1478899999999999,1.454758,NLD,MNE,843041
9204345,201,144,8942,2018,64592.0,38974.0,0.607486,1.2139389999999999,SRB,MNE,843041
9204346,208,144,8942,2018,599.0,0.0,1.76361,0.766904,SWE,MNE,843041
9204347,231,144,8942,2018,37148.0,0.0,1.585861,0.44815900000000003,USA,MNE,843041
9204348,39,145,8942,2018,53953.0,69649.0,0.666822,1.218593,CAN,MNG,843041
9204349,43,145,8942,2018,1957624.0,0.0,1.200689,1.2822,CHN,MNG,843041
9204350,61,145,8942,2018,418652.0,0.0,2.109059,-2.428826,DEU,MNG,843041
9204351,121,145,8942,2018,1449778.0,0.0,2.093866,0.764303,KOR,MNG,843041
9204352,177,145,8942,2018,532747.0,0.0,1.132475,1.258945,POL,MNG,843041
9204353,208,145,8942,2018,923912.0,0.0,1.76361,0.766904,SWE,MNG,843041
9204354,231,145,8942,2018,2674597.0,0.0,1.585861,0.44815900000000003,USA,MNG,843041
9204355,43,157,8942,2018,42641.0,0.0,1.200689,1.2822,CHN,NER,843041
9204356,81,157,8942,2018,11346.0,0.0,1.693008,0.768159,GBR,NER,843041
9204357,162,157,8942,2018,89452.0,0.0,1.1478899999999999,1.454758,NLD,NER,843041
9204358,104,17,8942,2018,98611.0,0.0,0.526015,2.448112,IND,BDI,843041
9204359,216,17,8942,2018,36560.0,0.0,1.053177,1.4084969999999999,THA,BDI,843041
9204360,188,243,8942,2018,28817.0,0.0,0.5801810000000001,-0.447514,SAU,YEM,843041
9204361,231,243,8942,2018,169473.0,0.0,1.585861,0.44815900000000003,USA,YEM,843041
9204362,41,2,8942,2018,476916.0,0.0,2.2324330000000003,0.7801560000000001,CHE,AGO,843041
9204363,43,2,8942,2018,33881.0,0.0,1.200689,1.2822,CHN,AGO,843041
9204364,104,2,8942,2018,1606.0,289341.0,0.526015,2.448112,IND,AGO,843041
9204365,155,2,8942,2018,0.0,134180.0,-0.668091,-0.779938,NAM,AGO,843041
9204366,163,2,8942,2018,2883.0,0.0,0.681639,0.021762,NOR,AGO,843041
9204367,179,2,8942,2018,25971.0,221303.0,0.652628,2.211758,PRT,AGO,843041
9204368,224,2,8942,2018,135059.0,0.0,0.518721,2.5581419999999997,TUR,AGO,843041
9204369,231,2,8942,2018,2025352.0,0.0,1.585861,0.44815900000000003,USA,AGO,843041
9204370,239,2,8942,2018,3898.0,0.0,0.003069,0.9169729999999999,VNM,AGO,843041
9204371,246,2,8942,2018,103828.0,0.0,0.158722,1.394829,ZAF,AGO,843041
9204372,43,4,8942,2018,12487.0,0.0,1.200689,1.2822,CHN,ALB,843041
9204373,61,4,8942,2018,23704.0,0.0,2.109059,-2.428826,DEU,ALB,843041
9204374,74,4,8942,2018,548359.0,0.0,1.61151,0.9474549999999999,FIN,ALB,843041
9204375,81,4,8942,2018,1491.0,0.0,1.693008,0.768159,GBR,ALB,843041
9204376,104,4,8942,2018,527852.0,0.0,0.526015,2.448112,IND,ALB,843041
9204377,111,4,8942,2018,1017560.0,0.0,1.3602530000000002,0.453607,ITA,ALB,843041
9204378,140,4,8942,2018,3872.0,0.0,0.079976,-0.20256,MKD,ALB,843041
9204379,162,4,8942,2018,371185.0,0.0,1.1478899999999999,1.454758,NLD,ALB,843041
9204380,208,4,8942,2018,151347.0,0.0,1.76361,0.766904,SWE,ALB,843041
9204381,224,4,8942,2018,79616.0,0.0,0.518721,2.5581419999999997,TUR,ALB,843041
9204382,71,5,8942,2018,5337.0,0.0,0.744825,2.919005,ESP,AND,843041
9204383,43,34,8942,2018,687662.0,0.0,1.200689,1.2822,CHN,BRN,843041
9204384,97,34,8942,2018,36280.0,0.0,0.843677,1.656073,HKG,BRN,843041
9204385,104,34,8942,2018,10611.0,0.0,0.526015,2.448112,IND,BRN,843041
9204386,192,34,8942,2018,1309.0,0.0,1.914132,0.652011,SGP,BRN,843041
9204387,104,35,8942,2018,961675.0,519835.0,0.526015,2.448112,IND,BTN,843041
9204388,47,38,8942,2018,3290.0,0.0,-1.52875,-1.1869100000000001,COG,CAF,843041
9204389,104,38,8942,2018,194508.0,0.0,0.526015,2.448112,IND,CAF,843041
9204390,114,38,8942,2018,1375.0,0.0,2.514533,-0.416074,JPN,CAF,843041
9204391,43,48,8942,2018,15115.0,0.0,1.200689,1.2822,CHN,COK,843041
9204392,61,69,8942,2018,1395450.0,0.0,2.109059,-2.428826,DEU,ERI,843041
9204393,208,69,8942,2018,855310.0,0.0,1.76361,0.766904,SWE,ERI,843041
9204394,14,75,8942,2018,951.0,0.0,-0.29687199999999997,-0.123116,AUS,FJI,843041
9204395,43,75,8942,2018,24259.0,0.0,1.200689,1.2822,CHN,FJI,843041
9204396,111,75,8942,2018,102655.0,0.0,1.3602530000000002,0.453607,ITA,FJI,843041
9204397,166,75,8942,2018,51113.0,0.0,0.21902600000000003,0.148714,NZL,FJI,843041
9204398,64,78,8942,2018,46931.0,0.0,1.0945040000000001,1.3311540000000002,DNK,FRO,843041
9204399,163,78,8942,2018,68308.0,0.0,0.681639,0.021762,NOR,FRO,843041
9204400,43,87,8942,2018,14755.0,0.0,1.200689,1.2822,CHN,GMB,843041
9204401,61,87,8942,2018,52531.0,0.0,2.109059,-2.428826,DEU,GMB,843041
9204402,104,87,8942,2018,23512.0,0.0,0.526015,2.448112,IND,GMB,843041
9204403,43,91,8942,2018,2916.0,0.0,1.200689,1.2822,CHN,GRD,843041
9204404,234,91,8942,2018,63444.0,0.0,-0.274831,-0.603525,VCT,GRD,843041
9204405,65,101,8942,2018,4827.0,0.0,-0.084258,0.474872,DOM,HTI,843041
9204406,14,136,8942,2018,912689.0,0.0,-0.29687199999999997,-0.123116,AUS,MDG,843041
9204407,43,136,8942,2018,75446.0,0.0,1.200689,1.2822,CHN,MDG,843041
9204408,77,136,8942,2018,1517.0,0.0,1.420819,0.7793770000000001,FRA,MDG,843041
9204409,103,136,8942,2018,27625.0,0.0,-0.10130499999999999,1.2414209999999999,IDN,MDG,843041
9204410,104,136,8942,2018,318442.0,0.0,0.526015,2.448112,IND,MDG,843041
9204411,114,136,8942,2018,11704.0,0.0,2.514533,-0.416074,JPN,MDG,843041
9204412,39,137,8942,2018,18808.0,0.0,0.666822,1.218593,CAN,MDV,843041
9204413,43,137,8942,2018,6692.0,0.0,1.200689,1.2822,CHN,MDV,843041
9204414,192,137,8942,2018,138175.0,0.0,1.914132,0.652011,SGP,MDV,843041
9204415,14,156,8942,2018,12138.0,0.0,-0.29687199999999997,-0.123116,AUS,NCL,843041
9204416,18,156,8942,2018,1093.0,0.0,1.270641,1.201063,BEL,NCL,843041
9204417,77,156,8942,2018,309512.0,0.0,1.420819,0.7793770000000001,FRA,NCL,843041
9204418,114,156,8942,2018,768703.0,0.0,2.514533,-0.416074,JPN,NCL,843041
9204419,121,156,8942,2018,727604.0,0.0,2.093866,0.764303,KOR,NCL,843041
9204420,14,165,8942,2018,145662.0,0.0,-0.29687199999999997,-0.123116,AUS,NRU,843041
9204421,121,175,8942,2018,36299.0,0.0,2.093866,0.764303,KOR,PLW,843041
9204422,14,176,8942,2018,1598430.0,0.0,-0.29687199999999997,-0.123116,AUS,PNG,843041
9204423,43,176,8942,2018,231064.0,0.0,1.200689,1.2822,CHN,PNG,843041
9204424,231,176,8942,2018,18000.0,0.0,1.585861,0.44815900000000003,USA,PNG,843041
9204425,113,181,8942,2018,0.0,40288.0,-0.086895,0.283829,JOR,PSE,843041
9204426,231,182,8942,2018,115360.0,0.0,1.585861,0.44815900000000003,USA,PYF,843041
9204427,39,199,8942,2018,45631.0,0.0,0.666822,1.218593,CAN,SOM,843041
9204428,43,199,8942,2018,11801.0,0.0,1.200689,1.2822,CHN,SOM,843041
9204429,231,202,8942,2018,72000.0,0.0,1.585861,0.44815900000000003,USA,SSD,843041
9204430,7,212,8942,2018,1327.0,0.0,0.11804400000000001,-0.326851,ARE,SYR,843041
9204431,134,212,8942,2018,0.0,9438.0,-0.712775,-0.090013,MAR,SYR,843041
9204432,114,221,8942,2018,28991.0,0.0,2.514533,-0.416074,JPN,TON,843041
9204433,43,195,8942,2018,10506.0,0.0,1.200689,1.2822,CHN,SLB,843041
9204434,162,210,8942,2018,1728.0,0.0,1.1478899999999999,1.454758,NLD,SXM,843041
9204435,166,161,8942,2018,210295.0,0.0,0.21902600000000003,0.148714,NZL,NIU,843041
9204436,179,27,8942,2018,8374.0,0.0,0.652628,2.211758,PRT,BLM,843041
9204437,231,105,8942,2018,122883.0,0.0,1.585861,0.44815900000000003,USA,IOT,843041
9204438,43,1,8943,2018,19892.0,0.0,1.200689,1.2822,CHN,AFG,843049
9204439,188,1,8943,2018,18883.0,0.0,0.5801810000000001,-0.447514,SAU,AFG,843049
9204440,224,1,8943,2018,76260.0,0.0,0.518721,2.5581419999999997,TUR,AFG,843049
9204441,2,7,8943,2018,0.0,2705.0,-1.489191,-1.213992,AGO,ARE,843049
9204442,14,7,8943,2018,121531.0,6413.0,-0.29687199999999997,-0.123116,AUS,ARE,843049
9204443,18,7,8943,2018,40567.0,0.0,1.270641,1.201063,BEL,ARE,843049
9204444,24,7,8943,2018,0.0,2269889.0,0.318352,-0.69221,BHR,ARE,843049
9204445,32,7,8943,2018,49673.0,0.0,0.143397,0.582092,BRA,ARE,843049
9204446,39,7,8943,2018,14899.0,0.0,0.666822,1.218593,CAN,ARE,843049
9204447,42,7,8943,2018,0.0,255221.0,-0.37677,-0.49605299999999997,CHL,ARE,843049
9204448,43,7,8943,2018,4284270.0,3811274.0,1.200689,1.2822,CHN,ARE,843049
9204449,44,7,8943,2018,0.0,6876.0,-0.8733569999999999,-0.8443139999999999,CIV,ARE,843049
9204450,45,7,8943,2018,0.0,1764818.0,-1.366619,-1.09894,CMR,ARE,843049
9204451,47,7,8943,2018,0.0,31283.0,-1.52875,-1.1869100000000001,COG,ARE,843049
9204452,49,7,8943,2018,0.0,83155.0,0.20431,-0.15273699999999998,COL,ARE,843049
9204453,59,7,8943,2018,538176.0,0.0,1.841016,0.220806,CZE,ARE,843049
9204454,61,7,8943,2018,243795.0,0.0,2.109059,-2.428826,DEU,ARE,843049
9204455,64,7,8943,2018,82042.0,0.0,1.0945040000000001,1.3311540000000002,DNK,ARE,843049
9204456,66,7,8943,2018,0.0,6273.0,-1.281519,-1.22291,DZA,ARE,843049
9204457,68,7,8943,2018,0.0,82354.0,-0.096635,1.585658,EGY,ARE,843049
9204458,74,7,8943,2018,1114.0,0.0,1.61151,0.9474549999999999,FIN,ARE,843049
9204459,77,7,8943,2018,16166.0,1778.0,1.420819,0.7793770000000001,FRA,ARE,843049
9204460,80,7,8943,2018,0.0,38554.0,-1.4979200000000001,-1.180407,GAB,ARE,843049
9204461,81,7,8943,2018,3529175.0,620314.0,1.693008,0.768159,GBR,ARE,843049
9204462,82,7,8943,2018,0.0,13474.0,-0.049871,-0.28439899999999996,GEO,ARE,843049
9204463,83,7,8943,2018,0.0,1602.0,-0.956109,-0.861556,GHA,ARE,843049
9204464,100,7,8943,2018,0.0,78257.0,0.7923720000000001,1.4047209999999999,HRV,ARE,843049
9204465,102,7,8943,2018,1518.0,0.0,1.519662,0.833092,HUN,ARE,843049
9204466,103,7,8943,2018,52599.0,0.0,-0.10130499999999999,1.2414209999999999,IDN,ARE,843049
9204467,104,7,8943,2018,2117788.0,9709655.0,0.526015,2.448112,IND,ARE,843049
9204468,107,7,8943,2018,0.0,65557.0,-0.389954,-0.258156,IRN,ARE,843049
9204469,108,7,8943,2018,0.0,731637.0,-1.7504400000000002,-1.018699,IRQ,ARE,843049
9204470,111,7,8943,2018,6851.0,32923.0,1.3602530000000002,0.453607,ITA,ARE,843049
9204471,114,7,8943,2018,23976.0,62589.0,2.514533,-0.416074,JPN,ARE,843049
9204472,115,7,8943,2018,0.0,33495.0,-0.483862,-0.667417,KAZ,ARE,843049
9204473,121,7,8943,2018,1251234.0,0.0,2.093866,0.764303,KOR,ARE,843049
9204474,122,7,8943,2018,1592296.0,2209458.0,-0.668802,-1.154012,KWT,ARE,843049
9204475,130,7,8943,2018,0.0,19627.0,0.964249,1.4050200000000002,LTU,ARE,843049
9204476,134,7,8943,2018,0.0,3264.0,-0.712775,-0.090013,MAR,ARE,843049
9204477,141,7,8943,2018,0.0,113559.0,-0.49666499999999997,-0.7189909999999999,MLI,ARE,843049
9204478,153,7,8943,2018,2108145.0,201888.0,1.122976,0.734109,MYS,ARE,843049
9204479,155,7,8943,2018,0.0,892.0,-0.668091,-0.779938,NAM,ARE,843049
9204480,159,7,8943,2018,0.0,86489.0,-1.8238,-1.259938,NGA,ARE,843049
9204481,162,7,8943,2018,603533.0,0.0,1.1478899999999999,1.454758,NLD,ARE,843049
9204482,163,7,8943,2018,167875.0,61390.0,0.681639,0.021762,NOR,ARE,843049
9204483,167,7,8943,2018,0.0,384452.0,-0.548048,-0.9972989999999999,OMN,ARE,843049
9204484,168,7,8943,2018,5199624.0,207945.0,-0.64348,0.665045,PAK,ARE,843049
9204485,176,7,8943,2018,0.0,3223.0,-1.7580360000000002,-1.239492,PNG,ARE,843049
9204486,181,7,8943,2018,0.0,41391.0,0.096402,0.735946,PSE,ARE,843049
9204487,186,7,8943,2018,0.0,67832.0,0.21398000000000003,0.100414,RUS,ARE,843049
9204488,187,7,8943,2018,0.0,1549.0,-0.618925,-0.788172,RWA,ARE,843049
9204489,188,7,8943,2018,3515934.0,2003184.0,0.5801810000000001,-0.447514,SAU,ARE,843049
9204490,190,7,8943,2018,0.0,21265.0,-1.278532,-1.176008,SDN,ARE,843049
9204491,192,7,8943,2018,1229735.0,1112042.0,1.914132,0.652011,SGP,ARE,843049
9204492,196,7,8943,2018,0.0,16768.0,-0.06932999999999999,-0.36035300000000003,SLE,ARE,843049
9204493,202,7,8943,2018,0.0,18251.0,-2.431595,-1.0499290000000001,SSD,ARE,843049
9204494,208,7,8943,2018,447679.0,0.0,1.76361,0.766904,SWE,ARE,843049
9204495,216,7,8943,2018,447976.0,48152.0,1.053177,1.4084969999999999,THA,ARE,843049
9204496,223,7,8943,2018,1278152.0,1378823.0,0.259778,1.187194,TUN,ARE,843049
9204497,224,7,8943,2018,74711.0,0.0,0.518721,2.5581419999999997,TUR,ARE,843049
9204498,226,7,8943,2018,0.0,50946.0,-0.09850700000000001,1.145606,TZA,ARE,843049
9204499,231,7,8943,2018,747476.0,43503.0,1.585861,0.44815900000000003,USA,ARE,843049
9204500,247,7,8943,2018,0.0,79845.0,-0.736064,-0.93958,ZMB,ARE,843049
9204501,249,7,8943,2018,5025.0,0.0,2.0462540000000002,1.166636,TWN,ARE,843049
9204502,31,8,8943,2018,1302606.0,0.0,-1.153953,-1.070749,BOL,ARG,843049
9204503,32,8,8943,2018,316631.0,0.0,0.143397,0.582092,BRA,ARG,843049
9204504,39,8,8943,2018,516137.0,0.0,0.666822,1.218593,CAN,ARG,843049
9204505,42,8,8943,2018,217040.0,9531.0,-0.37677,-0.49605299999999997,CHL,ARG,843049
9204506,43,8,8943,2018,715246.0,0.0,1.200689,1.2822,CHN,ARG,843049
9204507,49,8,8943,2018,42530.0,0.0,0.20431,-0.15273699999999998,COL,ARG,843049
9204508,61,8,8943,2018,297670.0,0.0,2.109059,-2.428826,DEU,ARG,843049
9204509,74,8,8943,2018,668.0,0.0,1.61151,0.9474549999999999,FIN,ARG,843049
9204510,77,8,8943,2018,32739.0,0.0,1.420819,0.7793770000000001,FRA,ARG,843049
9204511,81,8,8943,2018,241999.0,0.0,1.693008,0.768159,GBR,ARG,843049
9204512,111,8,8943,2018,434230.0,0.0,1.3602530000000002,0.453607,ITA,ARG,843049
9204513,114,8,8943,2018,57014.0,0.0,2.514533,-0.416074,JPN,ARG,843049
9204514,168,8,8943,2018,0.0,2502.0,-0.64348,0.665045,PAK,ARG,843049
9204515,188,8,8943,2018,788448.0,0.0,0.5801810000000001,-0.447514,SAU,ARG,843049
9204516,208,8,8943,2018,4908.0,0.0,1.76361,0.766904,SWE,ARG,843049
9204517,224,8,8943,2018,3571.0,0.0,0.518721,2.5581419999999997,TUR,ARG,843049
9204518,231,8,8943,2018,54377044.0,0.0,1.585861,0.44815900000000003,USA,ARG,843049
9204519,14,15,8943,2018,1238.0,405833.0,-0.29687199999999997,-0.123116,AUS,AUT,843049
9204520,18,15,8943,2018,13586.0,63952.0,1.270641,1.201063,BEL,AUT,843049
9204521,23,15,8943,2018,0.0,2832.0,0.571226,1.836856,BGR,AUT,843049
9204522,26,15,8943,2018,0.0,7129.0,0.526392,0.742398,BIH,AUT,843049
9204523,39,15,8943,2018,0.0,152385.0,0.666822,1.218593,CAN,AUT,843049
9204524,41,15,8943,2018,380046.0,757087.0,2.2324330000000003,0.7801560000000001,CHE,AUT,843049
9204525,43,15,8943,2018,204170.0,31172.0,1.200689,1.2822,CHN,AUT,843049
9204526,59,15,8943,2018,12968.0,46757.0,1.841016,0.220806,CZE,AUT,843049
9204527,61,15,8943,2018,1373189.0,1696334.0,2.109059,-2.428826,DEU,AUT,843049
9204528,64,15,8943,2018,41414.0,21700.0,1.0945040000000001,1.3311540000000002,DNK,AUT,843049
9204529,68,15,8943,2018,0.0,305612.0,-0.096635,1.585658,EGY,AUT,843049
9204530,71,15,8943,2018,0.0,29298.0,0.744825,2.919005,ESP,AUT,843049
9204531,74,15,8943,2018,32028.0,5313.0,1.61151,0.9474549999999999,FIN,AUT,843049
9204532,77,15,8943,2018,14481.0,244378.0,1.420819,0.7793770000000001,FRA,AUT,843049
9204533,81,15,8943,2018,890889.0,0.0,1.693008,0.768159,GBR,AUT,843049
9204534,82,15,8943,2018,161524.0,0.0,-0.049871,-0.28439899999999996,GEO,AUT,843049
9204535,90,15,8943,2018,0.0,1132.0,0.059539999999999996,1.0321879999999999,GRC,AUT,843049
9204536,99,15,8943,2018,0.0,2341.0,-0.523738,-0.193198,HND,AUT,843049
9204537,100,15,8943,2018,1533.0,36480.0,0.7923720000000001,1.4047209999999999,HRV,AUT,843049
9204538,102,15,8943,2018,0.0,15131.0,1.519662,0.833092,HUN,AUT,843049
9204539,103,15,8943,2018,0.0,15487.0,-0.10130499999999999,1.2414209999999999,IDN,AUT,843049
9204540,111,15,8943,2018,99162.0,73818.0,1.3602530000000002,0.453607,ITA,AUT,843049
9204541,122,15,8943,2018,0.0,385003.0,-0.668802,-1.154012,KWT,AUT,843049
9204542,136,15,8943,2018,0.0,4894.0,-1.2144549999999998,-0.748326,MDG,AUT,843049
9204543,162,15,8943,2018,674923.0,4167.0,1.1478899999999999,1.454758,NLD,AUT,843049
9204544,163,15,8943,2018,300722.0,78073.0,0.681639,0.021762,NOR,AUT,843049
9204545,168,15,8943,2018,0.0,230889.0,-0.64348,0.665045,PAK,AUT,843049
9204546,177,15,8943,2018,1380.0,10789.0,1.132475,1.258945,POL,AUT,843049
9204547,179,15,8943,2018,11563.0,42711.0,0.652628,2.211758,PRT,AUT,843049
9204548,185,15,8943,2018,104530.0,50446.0,1.050715,1.04471,ROU,AUT,843049
9204549,186,15,8943,2018,0.0,24891.0,0.21398000000000003,0.100414,RUS,AUT,843049
9204550,188,15,8943,2018,0.0,7687.0,0.5801810000000001,-0.447514,SAU,AUT,843049
9204551,191,15,8943,2018,0.0,26381.0,-0.751378,-0.390573,SEN,AUT,843049
9204552,192,15,8943,2018,0.0,2091.0,1.914132,0.652011,SGP,AUT,843049
9204553,201,15,8943,2018,0.0,3448.0,0.607486,1.2139389999999999,SRB,AUT,843049
9204554,206,15,8943,2018,0.0,36007.0,1.3270979999999999,0.877684,SVK,AUT,843049
9204555,207,15,8943,2018,2826.0,25939.0,1.67428,0.7703800000000001,SVN,AUT,843049
9204556,208,15,8943,2018,207735.0,0.0,1.76361,0.766904,SWE,AUT,843049
9204557,224,15,8943,2018,9867.0,0.0,0.518721,2.5581419999999997,TUR,AUT,843049
9204558,226,15,8943,2018,0.0,934204.0,-0.09850700000000001,1.145606,TZA,AUT,843049
9204559,231,15,8943,2018,11997.0,43573.0,1.585861,0.44815900000000003,USA,AUT,843049
9204560,2,18,8943,2018,0.0,73167.0,-1.489191,-1.213992,AGO,BEL,843049
9204561,7,18,8943,2018,0.0,40567.0,0.11804400000000001,-0.326851,ARE,BEL,843049
9204562,15,18,8943,2018,63952.0,13586.0,1.774488,-0.21117800000000003,AUT,BEL,843049
9204563,16,18,8943,2018,0.0,13397.0,-1.144089,-1.224327,AZE,BEL,843049
9204564,21,18,8943,2018,0.0,3245.0,-0.8835200000000001,-0.9790620000000001,BFA,BEL,843049
9204565,23,18,8943,2018,7700.0,0.0,0.571226,1.836856,BGR,BEL,843049
9204566,41,18,8943,2018,59385.0,0.0,2.2324330000000003,0.7801560000000001,CHE,BEL,843049
9204567,43,18,8943,2018,10390.0,0.0,1.200689,1.2822,CHN,BEL,843049
9204568,44,18,8943,2018,0.0,22742.0,-0.8733569999999999,-0.8443139999999999,CIV,BEL,843049
9204569,45,18,8943,2018,0.0,4961.0,-1.366619,-1.09894,CMR,BEL,843049
9204570,46,18,8943,2018,0.0,1444.0,-1.743034,-1.20446,COD,BEL,843049
9204571,59,18,8943,2018,0.0,1147.0,1.841016,0.220806,CZE,BEL,843049
9204572,61,18,8943,2018,303535.0,211266.0,2.109059,-2.428826,DEU,BEL,843049
9204573,64,18,8943,2018,0.0,1756.0,1.0945040000000001,1.3311540000000002,DNK,BEL,843049
9204574,68,18,8943,2018,0.0,7720372.0,-0.096635,1.585658,EGY,BEL,843049
9204575,71,18,8943,2018,0.0,72846.0,0.744825,2.919005,ESP,BEL,843049
9204576,74,18,8943,2018,23104.0,5693.0,1.61151,0.9474549999999999,FIN,BEL,843049
9204577,77,18,8943,2018,123338.0,57977.0,1.420819,0.7793770000000001,FRA,BEL,843049
9204578,81,18,8943,2018,1133.0,35177.0,1.693008,0.768159,GBR,BEL,843049
9204579,83,18,8943,2018,0.0,132946.0,-0.956109,-0.861556,GHA,BEL,843049
9204580,90,18,8943,2018,0.0,1837.0,0.059539999999999996,1.0321879999999999,GRC,BEL,843049
9204581,100,18,8943,2018,0.0,1518.0,0.7923720000000001,1.4047209999999999,HRV,BEL,843049
9204582,104,18,8943,2018,3396.0,9982.0,0.526015,2.448112,IND,BEL,843049
9204583,110,18,8943,2018,373546.0,1460.0,1.355071,0.872822,ISR,BEL,843049
9204584,111,18,8943,2018,51047.0,15652.0,1.3602530000000002,0.453607,ITA,BEL,843049
9204585,114,18,8943,2018,0.0,80840.0,2.514533,-0.416074,JPN,BEL,843049
9204586,122,18,8943,2018,0.0,95131.0,-0.668802,-1.154012,KWT,BEL,843049
9204587,124,18,8943,2018,0.0,95508.0,0.270554,0.9995149999999999,LBN,BEL,843049
9204588,130,18,8943,2018,0.0,4974.0,0.964249,1.4050200000000002,LTU,BEL,843049
9204589,131,18,8943,2018,47290.0,0.0,1.1142889999999999,1.306066,LUX,BEL,843049
9204590,134,18,8943,2018,0.0,22387.0,-0.712775,-0.090013,MAR,BEL,843049
9204591,138,18,8943,2018,5156.0,0.0,1.00061,0.585759,MEX,BEL,843049
9204592,141,18,8943,2018,0.0,1906.0,-0.49666499999999997,-0.7189909999999999,MLI,BEL,843049
9204593,148,18,8943,2018,0.0,449550.0,-1.511361,-1.296003,MRT,BEL,843049
9204594,153,18,8943,2018,0.0,160501.0,1.122976,0.734109,MYS,BEL,843049
9204595,157,18,8943,2018,0.0,684473.0,-0.633115,-0.839564,NER,BEL,843049
9204596,159,18,8943,2018,0.0,6148.0,-1.8238,-1.259938,NGA,BEL,843049
9204597,162,18,8943,2018,3236378.0,688624.0,1.1478899999999999,1.454758,NLD,BEL,843049
9204598,166,18,8943,2018,0.0,2707.0,0.21902600000000003,0.148714,NZL,BEL,843049
9204599,168,18,8943,2018,0.0,53122.0,-0.64348,0.665045,PAK,BEL,843049
9204600,177,18,8943,2018,0.0,10346.0,1.132475,1.258945,POL,BEL,843049
9204601,179,18,8943,2018,2675.0,13328.0,0.652628,2.211758,PRT,BEL,843049
9204602,185,18,8943,2018,0.0,3727.0,1.050715,1.04471,ROU,BEL,843049
9204603,186,18,8943,2018,17057.0,0.0,0.21398000000000003,0.100414,RUS,BEL,843049
9204604,187,18,8943,2018,0.0,5490.0,-0.618925,-0.788172,RWA,BEL,843049
9204605,190,18,8943,2018,0.0,100160.0,-1.278532,-1.176008,SDN,BEL,843049
9204606,191,18,8943,2018,0.0,18302.0,-0.751378,-0.390573,SEN,BEL,843049
9204607,196,18,8943,2018,0.0,34375.0,-0.06932999999999999,-0.36035300000000003,SLE,BEL,843049
9204608,201,18,8943,2018,1473.0,1145.0,0.607486,1.2139389999999999,SRB,BEL,843049
9204609,207,18,8943,2018,0.0,1336.0,1.67428,0.7703800000000001,SVN,BEL,843049
9204610,208,18,8943,2018,47448.0,5357.0,1.76361,0.766904,SWE,BEL,843049
9204611,224,18,8943,2018,0.0,1733.0,0.518721,2.5581419999999997,TUR,BEL,843049
9204612,231,18,8943,2018,455350.0,140328.0,1.585861,0.44815900000000003,USA,BEL,843049
9204613,247,18,8943,2018,0.0,3654.0,-0.736064,-0.93958,ZMB,BEL,843049
9204614,14,23,8943,2018,612974.0,0.0,-0.29687199999999997,-0.123116,AUS,BGR,843049
9204615,15,23,8943,2018,2832.0,0.0,1.774488,-0.21117800000000003,AUT,BGR,843049
9204616,18,23,8943,2018,0.0,7700.0,1.270641,1.201063,BEL,BGR,843049
9204617,39,23,8943,2018,4062.0,3594.0,0.666822,1.218593,CAN,BGR,843049
9204618,41,23,8943,2018,49402.0,3697.0,2.2324330000000003,0.7801560000000001,CHE,BGR,843049
9204619,43,23,8943,2018,32294.0,0.0,1.200689,1.2822,CHN,BGR,843049
9204620,61,23,8943,2018,94941.0,0.0,2.109059,-2.428826,DEU,BGR,843049
9204621,72,23,8943,2018,39306.0,0.0,0.979986,1.2365899999999999,EST,BGR,843049
9204622,81,23,8943,2018,57280.0,26307.0,1.693008,0.768159,GBR,BGR,843049
9204623,90,23,8943,2018,1654.0,5365.0,0.059539999999999996,1.0321879999999999,GRC,BGR,843049
9204624,111,23,8943,2018,162465.0,0.0,1.3602530000000002,0.453607,ITA,BGR,843049
9204625,140,23,8943,2018,1762.0,293857.0,0.079976,-0.20256,MKD,BGR,843049
9204626,153,23,8943,2018,0.0,3559.0,1.122976,0.734109,MYS,BGR,843049
9204627,162,23,8943,2018,4340.0,7280.0,1.1478899999999999,1.454758,NLD,BGR,843049
9204628,177,23,8943,2018,13164.0,31811.0,1.132475,1.258945,POL,BGR,843049
9204629,179,23,8943,2018,1519.0,0.0,0.652628,2.211758,PRT,BGR,843049
9204630,185,23,8943,2018,0.0,115139.0,1.050715,1.04471,ROU,BGR,843049
9204631,186,23,8943,2018,17097.0,0.0,0.21398000000000003,0.100414,RUS,BGR,843049
9204632,201,23,8943,2018,0.0,58162.0,0.607486,1.2139389999999999,SRB,BGR,843049
9204633,208,23,8943,2018,7220.0,0.0,1.76361,0.766904,SWE,BGR,843049
9204634,215,23,8943,2018,0.0,36222.0,-0.685084,-0.773437,TGO,BGR,843049
9204635,231,23,8943,2018,42841.0,0.0,1.585861,0.44815900000000003,USA,BGR,843049
9204636,7,24,8943,2018,2269889.0,0.0,0.11804400000000001,-0.326851,ARE,BHR,843049
9204637,14,24,8943,2018,57016.0,0.0,-0.29687199999999997,-0.123116,AUS,BHR,843049
9204638,39,24,8943,2018,154096.0,0.0,0.666822,1.218593,CAN,BHR,843049
9204639,81,24,8943,2018,432404.0,164556.0,1.693008,0.768159,GBR,BHR,843049
9204640,104,24,8943,2018,1283838.0,0.0,0.526015,2.448112,IND,BHR,843049
9204641,122,24,8943,2018,98866.0,10288.0,-0.668802,-1.154012,KWT,BHR,843049
9204642,167,24,8943,2018,0.0,1286.0,-0.548048,-0.9972989999999999,OMN,BHR,843049
9204643,168,24,8943,2018,62771.0,0.0,-0.64348,0.665045,PAK,BHR,843049
9204644,188,24,8943,2018,400004.0,2053618.0,0.5801810000000001,-0.447514,SAU,BHR,843049
9204645,231,24,8943,2018,1957626.0,0.0,1.585861,0.44815900000000003,USA,BHR,843049
9204646,250,24,8943,2018,8758.0,0.0,0.809991,-0.368737,ANS,BHR,843049
9204647,2,32,8943,2018,0.0,4030.0,-1.489191,-1.213992,AGO,BRA,843049
9204648,7,32,8943,2018,0.0,49673.0,0.11804400000000001,-0.326851,ARE,BRA,843049
9204649,8,32,8943,2018,0.0,316631.0,-0.14316800000000002,0.14356,ARG,BRA,843049
9204650,14,32,8943,2018,0.0,248748.0,-0.29687199999999997,-0.123116,AUS,BRA,843049
9204651,31,32,8943,2018,0.0,10263.0,-1.153953,-1.070749,BOL,BRA,843049
9204652,39,32,8943,2018,370026.0,156287.0,0.666822,1.218593,CAN,BRA,843049
9204653,42,32,8943,2018,0.0,295221.0,-0.37677,-0.49605299999999997,CHL,BRA,843049
9204654,43,32,8943,2018,15619384.0,0.0,1.200689,1.2822,CHN,BRA,843049
9204655,44,32,8943,2018,0.0,2987.0,-0.8733569999999999,-0.8443139999999999,CIV,BRA,843049
9204656,46,32,8943,2018,0.0,21647.0,-1.743034,-1.20446,COD,BRA,843049
9204657,49,32,8943,2018,0.0,8227.0,0.20431,-0.15273699999999998,COL,BRA,843049
9204658,52,32,8943,2018,0.0,5231.0,0.19386,0.05811,CRI,BRA,843049
9204659,61,32,8943,2018,96928.0,0.0,2.109059,-2.428826,DEU,BRA,843049
9204660,65,32,8943,2018,0.0,2688.0,-0.084258,0.474872,DOM,BRA,843049
9204661,71,32,8943,2018,24979.0,44265.0,0.744825,2.919005,ESP,BRA,843049
9204662,77,32,8943,2018,82684.0,5635.0,1.420819,0.7793770000000001,FRA,BRA,843049
9204663,81,32,8943,2018,361970.0,10574.0,1.693008,0.768159,GBR,BRA,843049
9204664,103,32,8943,2018,0.0,66834.0,-0.10130499999999999,1.2414209999999999,IDN,BRA,843049
9204665,104,32,8943,2018,0.0,213749.0,0.526015,2.448112,IND,BRA,843049
9204666,111,32,8943,2018,23940.0,20434.0,1.3602530000000002,0.453607,ITA,BRA,843049
9204667,112,32,8943,2018,0.0,12385.0,-0.339328,-0.8756659999999999,JAM,BRA,843049
9204668,138,32,8943,2018,15200.0,18840.0,1.00061,0.585759,MEX,BRA,843049
9204669,147,32,8943,2018,0.0,96506.0,-1.380023,-1.027817,MOZ,BRA,843049
9204670,173,32,8943,2018,0.0,41792.0,-0.6673060000000001,-0.183315,PER,BRA,843049
9204671,179,32,8943,2018,177446.0,0.0,0.652628,2.211758,PRT,BRA,843049
9204672,180,32,8943,2018,0.0,52294.0,-0.614751,-0.952478,PRY,BRA,843049
9204673,183,32,8943,2018,0.0,43679.0,-0.068401,-1.014732,QAT,BRA,843049
9204674,205,32,8943,2018,0.0,25919.0,-0.798074,-1.023046,SUR,BRA,843049
9204675,208,32,8943,2018,727589.0,0.0,1.76361,0.766904,SWE,BRA,843049
9204676,230,32,8943,2018,0.0,38108.0,-0.02056,-0.38911,URY,BRA,843049
9204677,231,32,8943,2018,340855.0,537999.0,1.585861,0.44815900000000003,USA,BRA,843049
9204678,236,32,8943,2018,0.0,115193.0,-1.081138,-1.198717,VEN,BRA,843049
9204679,246,32,8943,2018,0.0,28868.0,0.158722,1.394829,ZAF,BRA,843049
9204680,231,33,8943,2018,47163.0,0.0,1.585861,0.44815900000000003,USA,BRB,843049
9204681,4,39,8943,2018,0.0,73857.0,-0.456481,-0.139655,ALB,CAN,843049
9204682,7,39,8943,2018,0.0,14899.0,0.11804400000000001,-0.326851,ARE,CAN,843049
9204683,8,39,8943,2018,0.0,516137.0,-0.14316800000000002,0.14356,ARG,CAN,843049
9204684,11,39,8943,2018,0.0,25289.0,1.348992,-0.53395,ATA,CAN,843049
9204685,14,39,8943,2018,149247.0,1194304.0,-0.29687199999999997,-0.123116,AUS,CAN,843049
9204686,15,39,8943,2018,152385.0,0.0,1.774488,-0.21117800000000003,AUT,CAN,843049
9204687,21,39,8943,2018,0.0,90861.0,-0.8835200000000001,-0.9790620000000001,BFA,CAN,843049
9204688,23,39,8943,2018,3594.0,4062.0,0.571226,1.836856,BGR,CAN,843049
9204689,24,39,8943,2018,0.0,154096.0,0.318352,-0.69221,BHR,CAN,843049
9204690,31,39,8943,2018,0.0,15209.0,-1.153953,-1.070749,BOL,CAN,843049
9204691,32,39,8943,2018,156287.0,370026.0,0.143397,0.582092,BRA,CAN,843049
9204692,42,39,8943,2018,328982.0,2817933.0,-0.37677,-0.49605299999999997,CHL,CAN,843049
9204693,43,39,8943,2018,289651.0,154933.0,1.200689,1.2822,CHN,CAN,843049
9204694,44,39,8943,2018,0.0,515664.0,-0.8733569999999999,-0.8443139999999999,CIV,CAN,843049
9204695,45,39,8943,2018,0.0,3695.0,-1.366619,-1.09894,CMR,CAN,843049
9204696,46,39,8943,2018,0.0,252520.0,-1.743034,-1.20446,COD,CAN,843049
9204697,47,39,8943,2018,0.0,463168.0,-1.52875,-1.1869100000000001,COG,CAN,843049
9204698,49,39,8943,2018,0.0,304662.0,0.20431,-0.15273699999999998,COL,CAN,843049
9204699,61,39,8943,2018,142220.0,687315.0,2.109059,-2.428826,DEU,CAN,843049
9204700,64,39,8943,2018,34348.0,1786.0,1.0945040000000001,1.3311540000000002,DNK,CAN,843049
9204701,65,39,8943,2018,0.0,42239.0,-0.084258,0.474872,DOM,CAN,843049
9204702,67,39,8943,2018,0.0,453105.0,-0.873973,-1.032841,ECU,CAN,843049
9204703,68,39,8943,2018,0.0,75490.0,-0.096635,1.585658,EGY,CAN,843049
9204704,69,39,8943,2018,126883.0,0.0,-1.601517,-1.062162,ERI,CAN,843049
9204705,71,39,8943,2018,0.0,86319.0,0.744825,2.919005,ESP,CAN,843049
9204706,74,39,8943,2018,802395.0,37551.0,1.61151,0.9474549999999999,FIN,CAN,843049
9204707,77,39,8943,2018,317972.0,334784.0,1.420819,0.7793770000000001,FRA,CAN,843049
9204708,81,39,8943,2018,209056.0,18498.0,1.693008,0.768159,GBR,CAN,843049
9204709,83,39,8943,2018,0.0,64818.0,-0.956109,-0.861556,GHA,CAN,843049
9204710,92,39,8943,2018,0.0,478155.0,-1.384795,-1.004781,GRL,CAN,843049
9204711,93,39,8943,2018,0.0,390566.0,-0.362668,0.520826,GTM,CAN,843049
9204712,96,39,8943,2018,0.0,190067.0,-0.841458,-0.9803280000000001,GUY,CAN,843049
9204713,97,39,8943,2018,0.0,370228.0,0.843677,1.656073,HKG,CAN,843049
9204714,103,39,8943,2018,0.0,144889.0,-0.10130499999999999,1.2414209999999999,IDN,CAN,843049
9204715,104,39,8943,2018,0.0,160140.0,0.526015,2.448112,IND,CAN,843049
9204716,107,39,8943,2018,77711.0,0.0,-0.389954,-0.258156,IRN,CAN,843049
9204717,108,39,8943,2018,0.0,617086.0,-1.7504400000000002,-1.018699,IRQ,CAN,843049
9204718,111,39,8943,2018,66869.0,22664.0,1.3602530000000002,0.453607,ITA,CAN,843049
9204719,112,39,8943,2018,46316.0,0.0,-0.339328,-0.8756659999999999,JAM,CAN,843049
9204720,114,39,8943,2018,0.0,53408.0,2.514533,-0.416074,JPN,CAN,843049
9204721,115,39,8943,2018,0.0,1074142.0,-0.483862,-0.667417,KAZ,CAN,843049
9204722,121,39,8943,2018,11114.0,0.0,2.093866,0.764303,KOR,CAN,843049
9204723,122,39,8943,2018,0.0,84542.0,-0.668802,-1.154012,KWT,CAN,843049
9204724,128,39,8943,2018,0.0,56521.0,-0.544504,0.41074099999999997,LKA,CAN,843049
9204725,130,39,8943,2018,0.0,10108.0,0.964249,1.4050200000000002,LTU,CAN,843049
9204726,134,39,8943,2018,0.0,1381374.0,-0.712775,-0.090013,MAR,CAN,843049
9204727,138,39,8943,2018,392613.0,1610167.0,1.00061,0.585759,MEX,CAN,843049
9204728,141,39,8943,2018,0.0,32666.0,-0.49666499999999997,-0.7189909999999999,MLI,CAN,843049
9204729,152,39,8943,2018,85032.0,426696.0,-0.7015979999999999,-0.9293680000000001,MWI,CAN,843049
9204730,153,39,8943,2018,4031881.0,0.0,1.122976,0.734109,MYS,CAN,843049
9204731,155,39,8943,2018,0.0,132438.0,-0.668091,-0.779938,NAM,CAN,843049
9204732,160,39,8943,2018,0.0,28093.0,-0.887282,-0.827008,NIC,CAN,843049
9204733,162,39,8943,2018,1920.0,393245.0,1.1478899999999999,1.454758,NLD,CAN,843049
9204734,163,39,8943,2018,0.0,430492.0,0.681639,0.021762,NOR,CAN,843049
9204735,166,39,8943,2018,1915.0,0.0,0.21902600000000003,0.148714,NZL,CAN,843049
9204736,167,39,8943,2018,0.0,146233.0,-0.548048,-0.9972989999999999,OMN,CAN,843049
9204737,173,39,8943,2018,0.0,1894016.0,-0.6673060000000001,-0.183315,PER,CAN,843049
9204738,177,39,8943,2018,328627.0,841.0,1.132475,1.258945,POL,CAN,843049
9204739,183,39,8943,2018,0.0,4358.0,-0.068401,-1.014732,QAT,CAN,843049
9204740,185,39,8943,2018,0.0,29889.0,1.050715,1.04471,ROU,CAN,843049
9204741,186,39,8943,2018,0.0,670966.0,0.21398000000000003,0.100414,RUS,CAN,843049
9204742,188,39,8943,2018,0.0,47239.0,0.5801810000000001,-0.447514,SAU,CAN,843049
9204743,191,39,8943,2018,0.0,270682.0,-0.751378,-0.390573,SEN,CAN,843049
9204744,196,39,8943,2018,0.0,61588.0,-0.06932999999999999,-0.36035300000000003,SLE,CAN,843049
9204745,205,39,8943,2018,0.0,263119.0,-0.798074,-1.023046,SUR,CAN,843049
9204746,208,39,8943,2018,2999294.0,60290.0,1.76361,0.766904,SWE,CAN,843049
9204747,216,39,8943,2018,63434.0,0.0,1.053177,1.4084969999999999,THA,CAN,843049
9204748,224,39,8943,2018,21082.0,11483.0,0.518721,2.5581419999999997,TUR,CAN,843049
9204749,226,39,8943,2018,0.0,427322.0,-0.09850700000000001,1.145606,TZA,CAN,843049
9204750,227,39,8943,2018,0.0,8477.0,-0.621049,-0.061448,UGA,CAN,843049
9204751,228,39,8943,2018,0.0,6905.0,0.337296,0.758675,UKR,CAN,843049
9204752,231,39,8943,2018,42277384.0,54402172.0,1.585861,0.44815900000000003,USA,CAN,843049
9204753,236,39,8943,2018,0.0,6947.0,-1.081138,-1.198717,VEN,CAN,843049
9204754,239,39,8943,2018,3060.0,0.0,0.003069,0.9169729999999999,VNM,CAN,843049
9204755,246,39,8943,2018,558604.0,1498877.0,0.158722,1.394829,ZAF,CAN,843049
9204756,247,39,8943,2018,0.0,1051.0,-0.736064,-0.93958,ZMB,CAN,843049
9204757,250,39,8943,2018,758862.0,0.0,0.809991,-0.368737,ANS,CAN,843049
9204758,14,41,8943,2018,0.0,112814.0,-0.29687199999999997,-0.123116,AUS,CHE,843049
9204759,15,41,8943,2018,757087.0,380046.0,1.774488,-0.21117800000000003,AUT,CHE,843049
9204760,18,41,8943,2018,0.0,59385.0,1.270641,1.201063,BEL,CHE,843049
9204761,23,41,8943,2018,3697.0,49402.0,0.571226,1.836856,BGR,CHE,843049
9204762,26,41,8943,2018,0.0,4893.0,0.526392,0.742398,BIH,CHE,843049
9204763,43,41,8943,2018,8421.0,0.0,1.200689,1.2822,CHN,CHE,843049
9204764,49,41,8943,2018,0.0,9449.0,0.20431,-0.15273699999999998,COL,CHE,843049
9204765,59,41,8943,2018,5138.0,14419.0,1.841016,0.220806,CZE,CHE,843049
9204766,61,41,8943,2018,1207030.0,1865304.0,2.109059,-2.428826,DEU,CHE,843049
9204767,64,41,8943,2018,71200.0,104617.0,1.0945040000000001,1.3311540000000002,DNK,CHE,843049
9204768,71,41,8943,2018,0.0,21141.0,0.744825,2.919005,ESP,CHE,843049
9204769,72,41,8943,2018,0.0,6127.0,0.979986,1.2365899999999999,EST,CHE,843049
9204770,74,41,8943,2018,277354.0,0.0,1.61151,0.9474549999999999,FIN,CHE,843049
9204771,77,41,8943,2018,1756692.0,300993.0,1.420819,0.7793770000000001,FRA,CHE,843049
9204772,81,41,8943,2018,23958.0,34758.0,1.693008,0.768159,GBR,CHE,843049
9204773,97,41,8943,2018,1007.0,0.0,0.843677,1.656073,HKG,CHE,843049
9204774,100,41,8943,2018,0.0,13740.0,0.7923720000000001,1.4047209999999999,HRV,CHE,843049
9204775,102,41,8943,2018,0.0,53357.0,1.519662,0.833092,HUN,CHE,843049
9204776,104,41,8943,2018,4806.0,0.0,0.526015,2.448112,IND,CHE,843049
9204777,110,41,8943,2018,0.0,2702.0,1.355071,0.872822,ISR,CHE,843049
9204778,111,41,8943,2018,688273.0,76391.0,1.3602530000000002,0.453607,ITA,CHE,843049
9204779,116,41,8943,2018,0.0,11727.0,-0.32707800000000004,0.71009,KEN,CHE,843049
9204780,122,41,8943,2018,0.0,974.0,-0.668802,-1.154012,KWT,CHE,843049
9204781,125,41,8943,2018,0.0,12673.0,-1.022881,-1.124718,LBR,CHE,843049
9204782,159,41,8943,2018,0.0,72579.0,-1.8238,-1.259938,NGA,CHE,843049
9204783,162,41,8943,2018,15958.0,0.0,1.1478899999999999,1.454758,NLD,CHE,843049
9204784,163,41,8943,2018,55546.0,12098.0,0.681639,0.021762,NOR,CHE,843049
9204785,168,41,8943,2018,0.0,4208.0,-0.64348,0.665045,PAK,CHE,843049
9204786,173,41,8943,2018,0.0,73380.0,-0.6673060000000001,-0.183315,PER,CHE,843049
9204787,177,41,8943,2018,12262.0,294804.0,1.132475,1.258945,POL,CHE,843049
9204788,185,41,8943,2018,0.0,87042.0,1.050715,1.04471,ROU,CHE,843049
9204789,201,41,8943,2018,0.0,5005.0,0.607486,1.2139389999999999,SRB,CHE,843049
9204790,206,41,8943,2018,0.0,35685.0,1.3270979999999999,0.877684,SVK,CHE,843049
9204791,207,41,8943,2018,0.0,79851.0,1.67428,0.7703800000000001,SVN,CHE,843049
9204792,208,41,8943,2018,53865.0,44604.0,1.76361,0.766904,SWE,CHE,843049
9204793,217,41,8943,2018,0.0,18545.0,-0.757793,-1.0641209999999999,TJK,CHE,843049
9204794,231,41,8943,2018,39975.0,68714.0,1.585861,0.44815900000000003,USA,CHE,843049
9204795,246,41,8943,2018,0.0,21632.0,0.158722,1.394829,ZAF,CHE,843049
9204796,7,42,8943,2018,255221.0,0.0,0.11804400000000001,-0.326851,ARE,CHL,843049
9204797,8,42,8943,2018,9531.0,217040.0,-0.14316800000000002,0.14356,ARG,CHL,843049
9204798,14,42,8943,2018,11830.0,0.0,-0.29687199999999997,-0.123116,AUS,CHL,843049
9204799,31,42,8943,2018,0.0,232746.0,-1.153953,-1.070749,BOL,CHL,843049
9204800,32,42,8943,2018,295221.0,0.0,0.143397,0.582092,BRA,CHL,843049
9204801,39,42,8943,2018,2817933.0,328982.0,0.666822,1.218593,CAN,CHL,843049
9204802,43,42,8943,2018,431284.0,0.0,1.200689,1.2822,CHN,CHL,843049
9204803,44,42,8943,2018,0.0,433273.0,-0.8733569999999999,-0.8443139999999999,CIV,CHL,843049
9204804,49,42,8943,2018,10612.0,0.0,0.20431,-0.15273699999999998,COL,CHL,843049
9204805,59,42,8943,2018,1470.0,0.0,1.841016,0.220806,CZE,CHL,843049
9204806,61,42,8943,2018,4582.0,0.0,2.109059,-2.428826,DEU,CHL,843049
9204807,64,42,8943,2018,109001.0,0.0,1.0945040000000001,1.3311540000000002,DNK,CHL,843049
9204808,67,42,8943,2018,430766.0,14782.0,-0.873973,-1.032841,ECU,CHL,843049
9204809,71,42,8943,2018,11592.0,0.0,0.744825,2.919005,ESP,CHL,843049
9204810,74,42,8943,2018,531997.0,8541.0,1.61151,0.9474549999999999,FIN,CHL,843049
9204811,77,42,8943,2018,68341.0,0.0,1.420819,0.7793770000000001,FRA,CHL,843049
9204812,81,42,8943,2018,106246.0,0.0,1.693008,0.768159,GBR,CHL,843049
9204813,96,42,8943,2018,0.0,21337.0,-0.841458,-0.9803280000000001,GUY,CHL,843049
9204814,104,42,8943,2018,0.0,202819.0,0.526015,2.448112,IND,CHL,843049
9204815,111,42,8943,2018,125498.0,1617248.0,1.3602530000000002,0.453607,ITA,CHL,843049
9204816,121,42,8943,2018,110144.0,0.0,2.093866,0.764303,KOR,CHL,843049
9204817,138,42,8943,2018,148927.0,0.0,1.00061,0.585759,MEX,CHL,843049
9204818,147,42,8943,2018,0.0,65616.0,-1.380023,-1.027817,MOZ,CHL,843049
9204819,162,42,8943,2018,100058.0,0.0,1.1478899999999999,1.454758,NLD,CHL,843049
9204820,173,42,8943,2018,927780.0,432168.0,-0.6673060000000001,-0.183315,PER,CHL,843049
9204821,177,42,8943,2018,172643.0,0.0,1.132475,1.258945,POL,CHL,843049
9204822,179,42,8943,2018,0.0,1000390.0,0.652628,2.211758,PRT,CHL,843049
9204823,186,42,8943,2018,0.0,235663.0,0.21398000000000003,0.100414,RUS,CHL,843049
9204824,208,42,8943,2018,923120.0,83270.0,1.76361,0.766904,SWE,CHL,843049
9204825,224,42,8943,2018,4781.0,0.0,0.518721,2.5581419999999997,TUR,CHL,843049
9204826,231,42,8943,2018,430715.0,222879.0,1.585861,0.44815900000000003,USA,CHL,843049
9204827,246,42,8943,2018,212750.0,63597.0,0.158722,1.394829,ZAF,CHL,843049
9204828,1,43,8943,2018,0.0,19892.0,-1.267508,-0.8494940000000001,AFG,CHN,843049
9204829,2,43,8943,2018,13586.0,7971.0,-1.489191,-1.213992,AGO,CHN,843049
9204830,4,43,8943,2018,0.0,118190.0,-0.456481,-0.139655,ALB,CHN,843049
9204831,7,43,8943,2018,3811274.0,4284270.0,0.11804400000000001,-0.326851,ARE,CHN,843049
9204832,8,43,8943,2018,0.0,715246.0,-0.14316800000000002,0.14356,ARG,CHN,843049
9204833,9,43,8943,2018,0.0,248170.0,-0.330516,-0.604744,ARM,CHN,843049
9204834,14,43,8943,2018,127673.0,926847.0,-0.29687199999999997,-0.123116,AUS,CHN,843049
9204835,15,43,8943,2018,31172.0,204170.0,1.774488,-0.21117800000000003,AUT,CHN,843049
9204836,16,43,8943,2018,0.0,23758556.0,-1.144089,-1.224327,AZE,CHN,843049
9204837,17,43,8943,2018,0.0,218707.0,-0.654964,-0.9683229999999999,BDI,CHN,843049
9204838,18,43,8943,2018,0.0,10390.0,1.270641,1.201063,BEL,CHN,843049
9204839,19,43,8943,2018,0.0,28465.0,-0.646475,-0.769808,BEN,CHN,843049
9204840,21,43,8943,2018,0.0,146663.0,-0.8835200000000001,-0.9790620000000001,BFA,CHN,843049
9204841,22,43,8943,2018,0.0,5736536.0,-0.899467,-0.9823719999999999,BGD,CHN,843049
9204842,23,43,8943,2018,0.0,32294.0,0.571226,1.836856,BGR,CHN,843049
9204843,26,43,8943,2018,0.0,3811.0,0.526392,0.742398,BIH,CHN,843049
9204844,28,43,8943,2018,0.0,3674.0,0.850089,0.8332870000000001,BLR,CHN,843049
9204845,31,43,8943,2018,0.0,214777.0,-1.153953,-1.070749,BOL,CHN,843049
9204846,32,43,8943,2018,0.0,15619384.0,0.143397,0.582092,BRA,CHN,843049
9204847,34,43,8943,2018,0.0,81946.0,0.562198,-0.774457,BRN,CHN,843049
9204848,37,43,8943,2018,0.0,17857.0,-0.8339610000000001,-1.184307,BWA,CHN,843049
9204849,38,43,8943,2018,0.0,26000.0,-0.041318,-0.687923,CAF,CHN,843049
9204850,39,43,8943,2018,154933.0,289651.0,0.666822,1.218593,CAN,CHN,843049
9204851,41,43,8943,2018,0.0,8421.0,2.2324330000000003,0.7801560000000001,CHE,CHN,843049
9204852,42,43,8943,2018,0.0,431284.0,-0.37677,-0.49605299999999997,CHL,CHN,843049
9204853,44,43,8943,2018,0.0,16560.0,-0.8733569999999999,-0.8443139999999999,CIV,CHN,843049
9204854,45,43,8943,2018,0.0,25582.0,-1.366619,-1.09894,CMR,CHN,843049
9204855,46,43,8943,2018,0.0,100991.0,-1.743034,-1.20446,COD,CHN,843049
9204856,47,43,8943,2018,0.0,68091.0,-1.52875,-1.1869100000000001,COG,CHN,843049
9204857,49,43,8943,2018,0.0,2165598.0,0.20431,-0.15273699999999998,COL,CHN,843049
9204858,52,43,8943,2018,0.0,35571.0,0.19386,0.05811,CRI,CHN,843049
9204859,59,43,8943,2018,0.0,190744.0,1.841016,0.220806,CZE,CHN,843049
9204860,61,43,8943,2018,2562063.0,260896.0,2.109059,-2.428826,DEU,CHN,843049
9204861,62,43,8943,2018,0.0,39643.0,-0.11008599999999999,-0.603731,DJI,CHN,843049
9204862,64,43,8943,2018,0.0,154366.0,1.0945040000000001,1.3311540000000002,DNK,CHN,843049
9204863,65,43,8943,2018,0.0,18928.0,-0.084258,0.474872,DOM,CHN,843049
9204864,66,43,8943,2018,0.0,164945.0,-1.281519,-1.22291,DZA,CHN,843049
9204865,67,43,8943,2018,0.0,124606.0,-0.873973,-1.032841,ECU,CHN,843049
9204866,68,43,8943,2018,0.0,4254058.0,-0.096635,1.585658,EGY,CHN,843049
9204867,71,43,8943,2018,0.0,410183.0,0.744825,2.919005,ESP,CHN,843049
9204868,72,43,8943,2018,0.0,8639.0,0.979986,1.2365899999999999,EST,CHN,843049
9204869,73,43,8943,2018,1055624.0,392421.0,-0.874857,-0.464958,ETH,CHN,843049
9204870,74,43,8943,2018,0.0,20545.0,1.61151,0.9474549999999999,FIN,CHN,843049
9204871,75,43,8943,2018,0.0,42518.0,-0.269185,0.006362,FJI,CHN,843049
9204872,77,43,8943,2018,0.0,366659.0,1.420819,0.7793770000000001,FRA,CHN,843049
9204873,80,43,8943,2018,0.0,116727.0,-1.4979200000000001,-1.180407,GAB,CHN,843049
9204874,81,43,8943,2018,5202522.0,480714.0,1.693008,0.768159,GBR,CHN,843049
9204875,82,43,8943,2018,0.0,613939.0,-0.049871,-0.28439899999999996,GEO,CHN,843049
9204876,83,43,8943,2018,0.0,48095.0,-0.956109,-0.861556,GHA,CHN,843049
9204877,85,43,8943,2018,0.0,264939.0,-1.036697,-1.1562860000000001,GIN,CHN,843049
9204878,88,43,8943,2018,0.0,15123.0,-2.260375,-1.038929,GNB,CHN,843049
9204879,89,43,8943,2018,0.0,1551.0,-2.017117,-0.975924,GNQ,CHN,843049
9204880,90,43,8943,2018,0.0,6904.0,0.059539999999999996,1.0321879999999999,GRC,CHN,843049
9204881,93,43,8943,2018,0.0,12600.0,-0.362668,0.520826,GTM,CHN,843049
9204882,96,43,8943,2018,0.0,19572.0,-0.841458,-0.9803280000000001,GUY,CHN,843049
9204883,97,43,8943,2018,449923.0,140108.0,0.843677,1.656073,HKG,CHN,843049
9204884,99,43,8943,2018,0.0,3061.0,-0.523738,-0.193198,HND,CHN,843049
9204885,100,43,8943,2018,0.0,29540.0,0.7923720000000001,1.4047209999999999,HRV,CHN,843049
9204886,101,43,8943,2018,0.0,55460.0,-0.914545,-0.890601,HTI,CHN,843049
9204887,102,43,8943,2018,0.0,13469.0,1.519662,0.833092,HUN,CHN,843049
9204888,103,43,8943,2018,4234223.0,1588810.0,-0.10130499999999999,1.2414209999999999,IDN,CHN,843049
9204889,104,43,8943,2018,73416.0,4817718.0,0.526015,2.448112,IND,CHN,843049
9204890,107,43,8943,2018,0.0,542464.0,-0.389954,-0.258156,IRN,CHN,843049
9204891,108,43,8943,2018,0.0,73890264.0,-1.7504400000000002,-1.018699,IRQ,CHN,843049
9204892,110,43,8943,2018,0.0,105832.0,1.355071,0.872822,ISR,CHN,843049
9204893,111,43,8943,2018,75714.0,331613.0,1.3602530000000002,0.453607,ITA,CHN,843049
9204894,114,43,8943,2018,1101534.0,156729.0,2.514533,-0.416074,JPN,CHN,843049
9204895,115,43,8943,2018,0.0,1377162.0,-0.483862,-0.667417,KAZ,CHN,843049
9204896,116,43,8943,2018,0.0,639812.0,-0.32707800000000004,0.71009,KEN,CHN,843049
9204897,117,43,8943,2018,58895.0,34912.0,-0.141491,0.33161,KGZ,CHN,843049
9204898,118,43,8943,2018,0.0,21286.0,-0.45740299999999995,-0.575966,KHM,CHN,843049
9204899,121,43,8943,2018,0.0,447749.0,2.093866,0.764303,KOR,CHN,843049
9204900,122,43,8943,2018,2536701.0,1396352.0,-0.668802,-1.154012,KWT,CHN,843049
9204901,123,43,8943,2018,0.0,625708.0,-0.788808,-0.8012670000000001,LAO,CHN,843049
9204902,124,43,8943,2018,0.0,65108.0,0.270554,0.9995149999999999,LBN,CHN,843049
9204903,128,43,8943,2018,0.0,103209.0,-0.544504,0.41074099999999997,LKA,CHN,843049
9204904,132,43,8943,2018,0.0,13373.0,0.707168,1.294297,LVA,CHN,843049
9204905,134,43,8943,2018,0.0,59521.0,-0.712775,-0.090013,MAR,CHN,843049
9204906,136,43,8943,2018,0.0,117655.0,-1.2144549999999998,-0.748326,MDG,CHN,843049
9204907,138,43,8943,2018,0.0,232918.0,1.00061,0.585759,MEX,CHN,843049
9204908,140,43,8943,2018,0.0,5192.0,0.079976,-0.20256,MKD,CHN,843049
9204909,141,43,8943,2018,5569.0,8590.0,-0.49666499999999997,-0.7189909999999999,MLI,CHN,843049
9204910,143,43,8943,2018,0.0,29248798.0,-0.936467,-0.223413,MMR,CHN,843049
9204911,145,43,8943,2018,0.0,26208.0,-0.934398,-1.125105,MNG,CHN,843049
9204912,147,43,8943,2018,0.0,155312.0,-1.380023,-1.027817,MOZ,CHN,843049
9204913,151,43,8943,2018,0.0,8909.0,-0.128221,0.15049400000000002,MUS,CHN,843049
9204914,152,43,8943,2018,0.0,29487.0,-0.7015979999999999,-0.9293680000000001,MWI,CHN,843049
9204915,153,43,8943,2018,44240.0,1792049.0,1.122976,0.734109,MYS,CHN,843049
9204916,155,43,8943,2018,0.0,154896.0,-0.668091,-0.779938,NAM,CHN,843049
9204917,157,43,8943,2018,29158.0,6086.0,-0.633115,-0.839564,NER,CHN,843049
9204918,159,43,8943,2018,0.0,902377.0,-1.8238,-1.259938,NGA,CHN,843049
9204919,160,43,8943,2018,0.0,2074.0,-0.887282,-0.827008,NIC,CHN,843049
9204920,162,43,8943,2018,88922.0,83149.0,1.1478899999999999,1.454758,NLD,CHN,843049
9204921,163,43,8943,2018,74438.0,372832.0,0.681639,0.021762,NOR,CHN,843049
9204922,164,43,8943,2018,0.0,10153.0,-0.252837,0.999258,NPL,CHN,843049
9204923,166,43,8943,2018,0.0,406729.0,0.21902600000000003,0.148714,NZL,CHN,843049
9204924,167,43,8943,2018,0.0,44032016.0,-0.548048,-0.9972989999999999,OMN,CHN,843049
9204925,168,43,8943,2018,14669473.0,6077140.0,-0.64348,0.665045,PAK,CHN,843049
9204926,173,43,8943,2018,0.0,474894.0,-0.6673060000000001,-0.183315,PER,CHN,843049
9204927,174,43,8943,2018,0.0,1222008.0,0.781409,0.22126700000000002,PHL,CHN,843049
9204928,176,43,8943,2018,0.0,287773.0,-1.7580360000000002,-1.239492,PNG,CHN,843049
9204929,177,43,8943,2018,0.0,10286.0,1.132475,1.258945,POL,CHN,843049
9204930,178,43,8943,2018,0.0,15889.0,0.714618,0.47291700000000003,PRK,CHN,843049
9204931,180,43,8943,2018,0.0,7510.0,-0.614751,-0.952478,PRY,CHN,843049
9204932,182,43,8943,2018,0.0,745.0,0.21430300000000002,-0.484076,PYF,CHN,843049
9204933,183,43,8943,2018,0.0,139932.0,-0.068401,-1.014732,QAT,CHN,843049
9204934,185,43,8943,2018,0.0,704402.0,1.050715,1.04471,ROU,CHN,843049
9204935,186,43,8943,2018,0.0,54110280.0,0.21398000000000003,0.100414,RUS,CHN,843049
9204936,187,43,8943,2018,0.0,76801.0,-0.618925,-0.788172,RWA,CHN,843049
9204937,188,43,8943,2018,118848.0,68837928.0,0.5801810000000001,-0.447514,SAU,CHN,843049
9204938,190,43,8943,2018,0.0,224873.0,-1.278532,-1.176008,SDN,CHN,843049
9204939,191,43,8943,2018,0.0,26953.0,-0.751378,-0.390573,SEN,CHN,843049
9204940,192,43,8943,2018,460836.0,1035301.0,1.914132,0.652011,SGP,CHN,843049
9204941,195,43,8943,2018,0.0,5431.0,-1.246494,-0.998495,SLB,CHN,843049
9204942,196,43,8943,2018,0.0,17265.0,-0.06932999999999999,-0.36035300000000003,SLE,CHN,843049
9204943,197,43,8943,2018,0.0,1883.0,0.073928,0.22548600000000002,SLV,CHN,843049
9204944,199,43,8943,2018,0.0,74379.0,-1.4787370000000002,-1.050578,SOM,CHN,843049
9204945,201,43,8943,2018,0.0,18818.0,0.607486,1.2139389999999999,SRB,CHN,843049
9204946,202,43,8943,2018,0.0,8487.0,-2.431595,-1.0499290000000001,SSD,CHN,843049
9204947,206,43,8943,2018,0.0,10030.0,1.3270979999999999,0.877684,SVK,CHN,843049
9204948,207,43,8943,2018,0.0,13068.0,1.67428,0.7703800000000001,SVN,CHN,843049
9204949,208,43,8943,2018,8558969.0,259907.0,1.76361,0.766904,SWE,CHN,843049
9204950,209,43,8943,2018,0.0,785.0,-0.008154999999999999,-0.6079319999999999,SWZ,CHN,843049
9204951,214,43,8943,2018,0.0,200443.0,-1.845707,-1.032018,TCD,CHN,843049
9204952,215,43,8943,2018,0.0,2118.0,-0.685084,-0.773437,TGO,CHN,843049
9204953,216,43,8943,2018,92164.0,2370763.0,1.053177,1.4084969999999999,THA,CHN,843049
9204954,217,43,8943,2018,148584.0,449674.0,-0.757793,-1.0641209999999999,TJK,CHN,843049
9204955,223,43,8943,2018,0.0,37571.0,0.259778,1.187194,TUN,CHN,843049
9204956,224,43,8943,2018,0.0,2850466.0,0.518721,2.5581419999999997,TUR,CHN,843049
9204957,226,43,8943,2018,0.0,800096.0,-0.09850700000000001,1.145606,TZA,CHN,843049
9204958,227,43,8943,2018,0.0,29319.0,-0.621049,-0.061448,UGA,CHN,843049
9204959,228,43,8943,2018,0.0,142230208.0,0.337296,0.758675,UKR,CHN,843049
9204960,230,43,8943,2018,0.0,28300.0,-0.02056,-0.38911,URY,CHN,843049
9204961,231,43,8943,2018,559157.0,23278750.0,1.585861,0.44815900000000003,USA,CHN,843049
9204962,232,43,8943,2018,0.0,297631.0,-0.591547,-0.429982,UZB,CHN,843049
9204963,236,43,8943,2018,0.0,1229838.0,-1.081138,-1.198717,VEN,CHN,843049
9204964,239,43,8943,2018,110336.0,2952174.0,0.003069,0.9169729999999999,VNM,CHN,843049
9204965,243,43,8943,2018,0.0,3875.0,-1.3332899999999999,-1.200589,YEM,CHN,843049
9204966,246,43,8943,2018,0.0,284163.0,0.158722,1.394829,ZAF,CHN,843049
9204967,247,43,8943,2018,220625.0,174053.0,-0.736064,-0.93958,ZMB,CHN,843049
9204968,248,43,8943,2018,0.0,30486.0,-1.181524,-1.0648520000000001,ZWE,CHN,843049
9204969,249,43,8943,2018,184967.0,147360.0,2.0462540000000002,1.166636,TWN,CHN,843049
9204970,7,49,8943,2018,83155.0,0.0,0.11804400000000001,-0.326851,ARE,COL,843049
9204971,8,49,8943,2018,0.0,42530.0,-0.14316800000000002,0.14356,ARG,COL,843049
9204972,14,49,8943,2018,3189633.0,0.0,-0.29687199999999997,-0.123116,AUS,COL,843049
9204973,31,49,8943,2018,96045.0,29117.0,-1.153953,-1.070749,BOL,COL,843049
9204974,32,49,8943,2018,8227.0,0.0,0.143397,0.582092,BRA,COL,843049
9204975,39,49,8943,2018,304662.0,0.0,0.666822,1.218593,CAN,COL,843049
9204976,41,49,8943,2018,9449.0,0.0,2.2324330000000003,0.7801560000000001,CHE,COL,843049
9204977,42,49,8943,2018,0.0,10612.0,-0.37677,-0.49605299999999997,CHL,COL,843049
9204978,43,49,8943,2018,2165598.0,0.0,1.200689,1.2822,CHN,COL,843049
9204979,44,49,8943,2018,5674.0,0.0,-0.8733569999999999,-0.8443139999999999,CIV,COL,843049
9204980,45,49,8943,2018,515824.0,0.0,-1.366619,-1.09894,CMR,COL,843049
9204981,47,49,8943,2018,0.0,24883.0,-1.52875,-1.1869100000000001,COG,COL,843049
9204982,61,49,8943,2018,187446.0,4285.0,2.109059,-2.428826,DEU,COL,843049
9204983,64,49,8943,2018,0.0,984.0,1.0945040000000001,1.3311540000000002,DNK,COL,843049
9204984,65,49,8943,2018,0.0,60428.0,-0.084258,0.474872,DOM,COL,843049
9204985,67,49,8943,2018,1305597.0,317530.0,-0.873973,-1.032841,ECU,COL,843049
9204986,71,49,8943,2018,114397.0,0.0,0.744825,2.919005,ESP,COL,843049
9204987,74,49,8943,2018,69818.0,0.0,1.61151,0.9474549999999999,FIN,COL,843049
9204988,77,49,8943,2018,51937.0,0.0,1.420819,0.7793770000000001,FRA,COL,843049
9204989,81,49,8943,2018,189347.0,0.0,1.693008,0.768159,GBR,COL,843049
9204990,93,49,8943,2018,0.0,2909.0,-0.362668,0.520826,GTM,COL,843049
9204991,99,49,8943,2018,0.0,80335.0,-0.523738,-0.193198,HND,COL,843049
9204992,104,49,8943,2018,1264.0,14642.0,0.526015,2.448112,IND,COL,843049
9204993,111,49,8943,2018,252951.0,72023.0,1.3602530000000002,0.453607,ITA,COL,843049
9204994,121,49,8943,2018,140800.0,0.0,2.093866,0.764303,KOR,COL,843049
9204995,138,49,8943,2018,226521.0,155188.0,1.00061,0.585759,MEX,COL,843049
9204996,169,49,8943,2018,10229.0,12854.0,0.104326,-0.11611800000000001,PAN,COL,843049
9204997,173,49,8943,2018,665558.0,250350.0,-0.6673060000000001,-0.183315,PER,COL,843049
9204998,174,49,8943,2018,0.0,79946.0,0.781409,0.22126700000000002,PHL,COL,843049
9204999,177,49,8943,2018,437695.0,0.0,1.132475,1.258945,POL,COL,843049
9205000,197,49,8943,2018,33328.0,0.0,0.073928,0.22548600000000002,SLV,COL,843049
9205001,208,49,8943,2018,430591.0,13961.0,1.76361,0.766904,SWE,COL,843049
9205002,231,49,8943,2018,14223167.0,6873400.0,1.585861,0.44815900000000003,USA,COL,843049
9205003,250,49,8943,2018,0.0,436110.0,0.809991,-0.368737,ANS,COL,843049
9205004,32,52,8943,2018,5231.0,0.0,0.143397,0.582092,BRA,CRI,843049
9205005,43,52,8943,2018,35571.0,0.0,1.200689,1.2822,CHN,CRI,843049
9205006,99,52,8943,2018,0.0,250979.0,-0.523738,-0.193198,HND,CRI,843049
9205007,111,52,8943,2018,5358.0,0.0,1.3602530000000002,0.453607,ITA,CRI,843049
9205008,138,52,8943,2018,110127.0,0.0,1.00061,0.585759,MEX,CRI,843049
9205009,160,52,8943,2018,6901.0,0.0,-0.887282,-0.827008,NIC,CRI,843049
9205010,162,52,8943,2018,0.0,84877.0,1.1478899999999999,1.454758,NLD,CRI,843049
9205011,169,52,8943,2018,0.0,72517.0,0.104326,-0.11611800000000001,PAN,CRI,843049
9205012,173,52,8943,2018,0.0,118251.0,-0.6673060000000001,-0.183315,PER,CRI,843049
9205013,231,52,8943,2018,9647.0,26224.0,1.585861,0.44815900000000003,USA,CRI,843049
9205014,162,55,8943,2018,31566.0,0.0,1.1478899999999999,1.454758,NLD,CUW,843049
9205015,64,58,8943,2018,1878.0,0.0,1.0945040000000001,1.3311540000000002,DNK,CYP,843049
9205016,68,58,8943,2018,0.0,8229.0,-0.096635,1.585658,EGY,CYP,843049
9205017,81,58,8943,2018,27476.0,0.0,1.693008,0.768159,GBR,CYP,843049
9205018,90,58,8943,2018,13881.0,0.0,0.059539999999999996,1.0321879999999999,GRC,CYP,843049
9205019,111,58,8943,2018,14304.0,0.0,1.3602530000000002,0.453607,ITA,CYP,843049
9205020,167,58,8943,2018,0.0,26327.0,-0.548048,-0.9972989999999999,OMN,CYP,843049
9205021,192,58,8943,2018,0.0,352553.0,1.914132,0.652011,SGP,CYP,843049
9205022,224,58,8943,2018,6272.0,0.0,0.518721,2.5581419999999997,TUR,CYP,843049
9205023,7,61,8943,2018,0.0,243795.0,0.11804400000000001,-0.326851,ARE,DEU,843049
9205024,8,61,8943,2018,0.0,297670.0,-0.14316800000000002,0.14356,ARG,DEU,843049
9205025,14,61,8943,2018,0.0,213011.0,-0.29687199999999997,-0.123116,AUS,DEU,843049
9205026,15,61,8943,2018,1696334.0,1373189.0,1.774488,-0.21117800000000003,AUT,DEU,843049
9205027,18,61,8943,2018,211266.0,303535.0,1.270641,1.201063,BEL,DEU,843049
9205028,19,61,8943,2018,0.0,4598.0,-0.646475,-0.769808,BEN,DEU,843049
9205029,23,61,8943,2018,0.0,94941.0,0.571226,1.836856,BGR,DEU,843049
9205030,25,61,8943,2018,0.0,2572.0,0.532998,-0.394906,BHS,DEU,843049
9205031,26,61,8943,2018,0.0,21419.0,0.526392,0.742398,BIH,DEU,843049
9205032,28,61,8943,2018,0.0,358538.0,0.850089,0.8332870000000001,BLR,DEU,843049
9205033,31,61,8943,2018,0.0,111769.0,-1.153953,-1.070749,BOL,DEU,843049
9205034,32,61,8943,2018,0.0,96928.0,0.143397,0.582092,BRA,DEU,843049
9205035,37,61,8943,2018,0.0,3278015.0,-0.8339610000000001,-1.184307,BWA,DEU,843049
9205036,39,61,8943,2018,687315.0,142220.0,0.666822,1.218593,CAN,DEU,843049
9205037,41,61,8943,2018,1865304.0,1207030.0,2.2324330000000003,0.7801560000000001,CHE,DEU,843049
9205038,42,61,8943,2018,0.0,4582.0,-0.37677,-0.49605299999999997,CHL,DEU,843049
9205039,43,61,8943,2018,260896.0,2562063.0,1.200689,1.2822,CHN,DEU,843049
9205040,44,61,8943,2018,0.0,3808.0,-0.8733569999999999,-0.8443139999999999,CIV,DEU,843049
9205041,45,61,8943,2018,0.0,35689.0,-1.366619,-1.09894,CMR,DEU,843049
9205042,49,61,8943,2018,4285.0,187446.0,0.20431,-0.15273699999999998,COL,DEU,843049
9205043,59,61,8943,2018,72873.0,110742.0,1.841016,0.220806,CZE,DEU,843049
9205044,64,61,8943,2018,4616.0,91834.0,1.0945040000000001,1.3311540000000002,DNK,DEU,843049
9205045,65,61,8943,2018,0.0,3876.0,-0.084258,0.474872,DOM,DEU,843049
9205046,66,61,8943,2018,0.0,797219.0,-1.281519,-1.22291,DZA,DEU,843049
9205047,67,61,8943,2018,0.0,10939.0,-0.873973,-1.032841,ECU,DEU,843049
9205048,68,61,8943,2018,0.0,5870040.0,-0.096635,1.585658,EGY,DEU,843049
9205049,71,61,8943,2018,0.0,44131.0,0.744825,2.919005,ESP,DEU,843049
9205050,72,61,8943,2018,0.0,112423.0,0.979986,1.2365899999999999,EST,DEU,843049
9205051,73,61,8943,2018,0.0,19025.0,-0.874857,-0.464958,ETH,DEU,843049
9205052,74,61,8943,2018,107225.0,1292.0,1.61151,0.9474549999999999,FIN,DEU,843049
9205053,77,61,8943,2018,175411.0,1990459.0,1.420819,0.7793770000000001,FRA,DEU,843049
9205054,81,61,8943,2018,1904938.0,665939.0,1.693008,0.768159,GBR,DEU,843049
9205055,82,61,8943,2018,0.0,5512.0,-0.049871,-0.28439899999999996,GEO,DEU,843049
9205056,83,61,8943,2018,0.0,87021.0,-0.956109,-0.861556,GHA,DEU,843049
9205057,90,61,8943,2018,0.0,29551.0,0.059539999999999996,1.0321879999999999,GRC,DEU,843049
9205058,97,61,8943,2018,0.0,7054748.0,0.843677,1.656073,HKG,DEU,843049
9205059,100,61,8943,2018,0.0,31284.0,0.7923720000000001,1.4047209999999999,HRV,DEU,843049
9205060,102,61,8943,2018,15789.0,268753.0,1.519662,0.833092,HUN,DEU,843049
9205061,103,61,8943,2018,0.0,503844.0,-0.10130499999999999,1.2414209999999999,IDN,DEU,843049
9205062,104,61,8943,2018,21419.0,2148034.0,0.526015,2.448112,IND,DEU,843049
9205063,108,61,8943,2018,0.0,88032.0,-1.7504400000000002,-1.018699,IRQ,DEU,843049
9205064,109,61,8943,2018,0.0,158633.0,0.252338,-0.341319,ISL,DEU,843049
9205065,110,61,8943,2018,6875.0,560435.0,1.355071,0.872822,ISR,DEU,843049
9205066,111,61,8943,2018,581808.0,654297.0,1.3602530000000002,0.453607,ITA,DEU,843049
9205067,113,61,8943,2018,0.0,8394.0,-0.086895,0.283829,JOR,DEU,843049
9205068,114,61,8943,2018,123170.0,2983.0,2.514533,-0.416074,JPN,DEU,843049
9205069,115,61,8943,2018,0.0,2812.0,-0.483862,-0.667417,KAZ,DEU,843049
9205070,116,61,8943,2018,0.0,362464.0,-0.32707800000000004,0.71009,KEN,DEU,843049
9205071,121,61,8943,2018,0.0,11649.0,2.093866,0.764303,KOR,DEU,843049
9205072,122,61,8943,2018,206021.0,50092.0,-0.668802,-1.154012,KWT,DEU,843049
9205073,124,61,8943,2018,0.0,144453.0,0.270554,0.9995149999999999,LBN,DEU,843049
9205074,130,61,8943,2018,21579.0,167732.0,0.964249,1.4050200000000002,LTU,DEU,843049
9205075,131,61,8943,2018,0.0,12508.0,1.1142889999999999,1.306066,LUX,DEU,843049
9205076,132,61,8943,2018,0.0,11062.0,0.707168,1.294297,LVA,DEU,843049
9205077,134,61,8943,2018,0.0,3615897.0,-0.712775,-0.090013,MAR,DEU,843049
9205078,138,61,8943,2018,0.0,37412.0,1.00061,0.585759,MEX,DEU,843049
9205079,140,61,8943,2018,0.0,11991.0,0.079976,-0.20256,MKD,DEU,843049
9205080,144,61,8943,2018,0.0,1872.0,0.332495,0.124258,MNE,DEU,843049
9205081,153,61,8943,2018,0.0,35100.0,1.122976,0.734109,MYS,DEU,843049
9205082,157,61,8943,2018,0.0,5502.0,-0.633115,-0.839564,NER,DEU,843049
9205083,159,61,8943,2018,0.0,310773.0,-1.8238,-1.259938,NGA,DEU,843049
9205084,160,61,8943,2018,0.0,240485.0,-0.887282,-0.827008,NIC,DEU,843049
9205085,162,61,8943,2018,2616748.0,1417954.0,1.1478899999999999,1.454758,NLD,DEU,843049
9205086,163,61,8943,2018,0.0,95599.0,0.681639,0.021762,NOR,DEU,843049
9205087,166,61,8943,2018,0.0,20769.0,0.21902600000000003,0.148714,NZL,DEU,843049
9205088,167,61,8943,2018,0.0,70753.0,-0.548048,-0.9972989999999999,OMN,DEU,843049
9205089,168,61,8943,2018,0.0,3790632.0,-0.64348,0.665045,PAK,DEU,843049
9205090,173,61,8943,2018,0.0,26918.0,-0.6673060000000001,-0.183315,PER,DEU,843049
9205091,174,61,8943,2018,0.0,201390.0,0.781409,0.22126700000000002,PHL,DEU,843049
9205092,177,61,8943,2018,7301.0,189723.0,1.132475,1.258945,POL,DEU,843049
9205093,180,61,8943,2018,0.0,3731.0,-0.614751,-0.952478,PRY,DEU,843049
9205094,185,61,8943,2018,3882389.0,110915.0,1.050715,1.04471,ROU,DEU,843049
9205095,186,61,8943,2018,371696.0,4044560.0,0.21398000000000003,0.100414,RUS,DEU,843049
9205096,188,61,8943,2018,124432.0,356489.0,0.5801810000000001,-0.447514,SAU,DEU,843049
9205097,190,61,8943,2018,0.0,93487.0,-1.278532,-1.176008,SDN,DEU,843049
9205098,192,61,8943,2018,3379.0,5121233.0,1.914132,0.652011,SGP,DEU,843049
9205099,201,61,8943,2018,0.0,127006.0,0.607486,1.2139389999999999,SRB,DEU,843049
9205100,202,61,8943,2018,0.0,10725.0,-2.431595,-1.0499290000000001,SSD,DEU,843049
9205101,206,61,8943,2018,4839.0,10521.0,1.3270979999999999,0.877684,SVK,DEU,843049
9205102,207,61,8943,2018,0.0,25005.0,1.67428,0.7703800000000001,SVN,DEU,843049
9205103,208,61,8943,2018,491916.0,64614.0,1.76361,0.766904,SWE,DEU,843049
9205104,216,61,8943,2018,3988.0,1324420.0,1.053177,1.4084969999999999,THA,DEU,843049
9205105,217,61,8943,2018,36567.0,0.0,-0.757793,-1.0641209999999999,TJK,DEU,843049
9205106,223,61,8943,2018,0.0,4469105.0,0.259778,1.187194,TUN,DEU,843049
9205107,224,61,8943,2018,0.0,591204.0,0.518721,2.5581419999999997,TUR,DEU,843049
9205108,226,61,8943,2018,0.0,470041.0,-0.09850700000000001,1.145606,TZA,DEU,843049
9205109,228,61,8943,2018,44166.0,1241026.0,0.337296,0.758675,UKR,DEU,843049
9205110,231,61,8943,2018,1436732.0,8156942.0,1.585861,0.44815900000000003,USA,DEU,843049
9205111,240,61,8943,2018,0.0,57038.0,-1.595495,-1.026155,VUT,DEU,843049
9205112,246,61,8943,2018,0.0,52098.0,0.158722,1.394829,ZAF,DEU,843049
9205113,249,61,8943,2018,0.0,115162.0,2.0462540000000002,1.166636,TWN,DEU,843049
9205114,7,64,8943,2018,0.0,82042.0,0.11804400000000001,-0.326851,ARE,DNK,843049
9205115,14,64,8943,2018,7558.0,238198.0,-0.29687199999999997,-0.123116,AUS,DNK,843049
9205116,15,64,8943,2018,21700.0,41414.0,1.774488,-0.21117800000000003,AUT,DNK,843049
9205117,18,64,8943,2018,1756.0,0.0,1.270641,1.201063,BEL,DNK,843049
9205118,39,64,8943,2018,1786.0,34348.0,0.666822,1.218593,CAN,DNK,843049
9205119,41,64,8943,2018,104617.0,71200.0,2.2324330000000003,0.7801560000000001,CHE,DNK,843049
9205120,42,64,8943,2018,0.0,109001.0,-0.37677,-0.49605299999999997,CHL,DNK,843049
9205121,43,64,8943,2018,154366.0,0.0,1.200689,1.2822,CHN,DNK,843049
9205122,49,64,8943,2018,984.0,0.0,0.20431,-0.15273699999999998,COL,DNK,843049
9205123,58,64,8943,2018,0.0,1878.0,0.45442,-0.113303,CYP,DNK,843049
9205124,59,64,8943,2018,1815.0,0.0,1.841016,0.220806,CZE,DNK,843049
9205125,61,64,8943,2018,91834.0,4616.0,2.109059,-2.428826,DEU,DNK,843049
9205126,68,64,8943,2018,0.0,27453.0,-0.096635,1.585658,EGY,DNK,843049
9205127,72,64,8943,2018,0.0,4260.0,0.979986,1.2365899999999999,EST,DNK,843049
9205128,74,64,8943,2018,242833.0,3054.0,1.61151,0.9474549999999999,FIN,DNK,843049
9205129,77,64,8943,2018,34596.0,0.0,1.420819,0.7793770000000001,FRA,DNK,843049
9205130,78,64,8943,2018,0.0,1465.0,-1.00676,-0.959297,FRO,DNK,843049
9205131,81,64,8943,2018,514956.0,0.0,1.693008,0.768159,GBR,DNK,843049
9205132,90,64,8943,2018,0.0,1575.0,0.059539999999999996,1.0321879999999999,GRC,DNK,843049
9205133,92,64,8943,2018,0.0,1225976.0,-1.384795,-1.004781,GRL,DNK,843049
9205134,102,64,8943,2018,0.0,2538.0,1.519662,0.833092,HUN,DNK,843049
9205135,109,64,8943,2018,0.0,40859.0,0.252338,-0.341319,ISL,DNK,843049
9205136,110,64,8943,2018,0.0,30694.0,1.355071,0.872822,ISR,DNK,843049
9205137,111,64,8943,2018,268818.0,0.0,1.3602530000000002,0.453607,ITA,DNK,843049
9205138,121,64,8943,2018,32006.0,0.0,2.093866,0.764303,KOR,DNK,843049
9205139,126,64,8943,2018,0.0,42949.0,-1.608786,-1.231101,LBY,DNK,843049
9205140,130,64,8943,2018,0.0,946.0,0.964249,1.4050200000000002,LTU,DNK,843049
9205141,132,64,8943,2018,0.0,1791.0,0.707168,1.294297,LVA,DNK,843049
9205142,160,64,8943,2018,0.0,727.0,-0.887282,-0.827008,NIC,DNK,843049
9205143,162,64,8943,2018,45629.0,3041.0,1.1478899999999999,1.454758,NLD,DNK,843049
9205144,163,64,8943,2018,309995.0,903033.0,0.681639,0.021762,NOR,DNK,843049
9205145,177,64,8943,2018,141978.0,0.0,1.132475,1.258945,POL,DNK,843049
9205146,186,64,8943,2018,0.0,8878.0,0.21398000000000003,0.100414,RUS,DNK,843049
9205147,188,64,8943,2018,0.0,5318.0,0.5801810000000001,-0.447514,SAU,DNK,843049
9205148,201,64,8943,2018,0.0,7676.0,0.607486,1.2139389999999999,SRB,DNK,843049
9205149,208,64,8943,2018,232351.0,44869.0,1.76361,0.766904,SWE,DNK,843049
9205150,216,64,8943,2018,30167.0,1311.0,1.053177,1.4084969999999999,THA,DNK,843049
9205151,231,64,8943,2018,234932.0,207859.0,1.585861,0.44815900000000003,USA,DNK,843049
9205152,249,64,8943,2018,0.0,31756.0,2.0462540000000002,1.166636,TWN,DNK,843049
9205153,28,65,8943,2018,13051.0,0.0,0.850089,0.8332870000000001,BLR,DOM,843049
9205154,32,65,8943,2018,2688.0,0.0,0.143397,0.582092,BRA,DOM,843049
9205155,39,65,8943,2018,42239.0,0.0,0.666822,1.218593,CAN,DOM,843049
9205156,43,65,8943,2018,18928.0,0.0,1.200689,1.2822,CHN,DOM,843049
9205157,49,65,8943,2018,60428.0,0.0,0.20431,-0.15273699999999998,COL,DOM,843049
9205158,61,65,8943,2018,3876.0,0.0,2.109059,-2.428826,DEU,DOM,843049
9205159,101,65,8943,2018,0.0,91021.0,-0.914545,-0.890601,HTI,DOM,843049
9205160,111,65,8943,2018,1176.0,0.0,1.3602530000000002,0.453607,ITA,DOM,843049
9205161,160,65,8943,2018,21252.0,0.0,-0.887282,-0.827008,NIC,DOM,843049
9205162,208,65,8943,2018,43705.0,0.0,1.76361,0.766904,SWE,DOM,843049
9205163,231,65,8943,2018,198743.0,0.0,1.585861,0.44815900000000003,USA,DOM,843049
9205164,14,67,8943,2018,0.0,9671.0,-0.29687199999999997,-0.123116,AUS,ECU,843049
9205165,31,67,8943,2018,19763.0,0.0,-1.153953,-1.070749,BOL,ECU,843049
9205166,39,67,8943,2018,453105.0,0.0,0.666822,1.218593,CAN,ECU,843049
9205167,42,67,8943,2018,14782.0,430766.0,-0.37677,-0.49605299999999997,CHL,ECU,843049
9205168,43,67,8943,2018,124606.0,0.0,1.200689,1.2822,CHN,ECU,843049
9205169,49,67,8943,2018,317530.0,1305597.0,0.20431,-0.15273699999999998,COL,ECU,843049
9205170,61,67,8943,2018,10939.0,0.0,2.109059,-2.428826,DEU,ECU,843049
9205171,71,67,8943,2018,4612.0,0.0,0.744825,2.919005,ESP,ECU,843049
9205172,104,67,8943,2018,2745.0,0.0,0.526015,2.448112,IND,ECU,843049
9205173,114,67,8943,2018,185705.0,0.0,2.514533,-0.416074,JPN,ECU,843049
9205174,121,67,8943,2018,634614.0,0.0,2.093866,0.764303,KOR,ECU,843049
9205175,168,67,8943,2018,0.0,4005757.0,-0.64348,0.665045,PAK,ECU,843049
9205176,173,67,8943,2018,120130.0,54540.0,-0.6673060000000001,-0.183315,PER,ECU,843049
9205177,188,67,8943,2018,79650.0,0.0,0.5801810000000001,-0.447514,SAU,ECU,843049
9205178,216,67,8943,2018,6369.0,0.0,1.053177,1.4084969999999999,THA,ECU,843049
9205179,231,67,8943,2018,115539.0,6419820.0,1.585861,0.44815900000000003,USA,ECU,843049
9205180,2,71,8943,2018,0.0,18039.0,-1.489191,-1.213992,AGO,ESP,843049
9205181,5,71,8943,2018,18622.0,198307.0,0.975648,0.525437,AND,ESP,843049
9205182,15,71,8943,2018,29298.0,0.0,1.774488,-0.21117800000000003,AUT,ESP,843049
9205183,18,71,8943,2018,72846.0,0.0,1.270641,1.201063,BEL,ESP,843049
9205184,31,71,8943,2018,0.0,115641.0,-1.153953,-1.070749,BOL,ESP,843049
9205185,32,71,8943,2018,44265.0,24979.0,0.143397,0.582092,BRA,ESP,843049
9205186,39,71,8943,2018,86319.0,0.0,0.666822,1.218593,CAN,ESP,843049
9205187,41,71,8943,2018,21141.0,0.0,2.2324330000000003,0.7801560000000001,CHE,ESP,843049
9205188,42,71,8943,2018,0.0,11592.0,-0.37677,-0.49605299999999997,CHL,ESP,843049
9205189,43,71,8943,2018,410183.0,0.0,1.200689,1.2822,CHN,ESP,843049
9205190,44,71,8943,2018,0.0,1128.0,-0.8733569999999999,-0.8443139999999999,CIV,ESP,843049
9205191,49,71,8943,2018,0.0,114397.0,0.20431,-0.15273699999999998,COL,ESP,843049
9205192,59,71,8943,2018,3617.0,24725.0,1.841016,0.220806,CZE,ESP,843049
9205193,61,71,8943,2018,44131.0,0.0,2.109059,-2.428826,DEU,ESP,843049
9205194,67,71,8943,2018,0.0,4612.0,-0.873973,-1.032841,ECU,ESP,843049
9205195,68,71,8943,2018,0.0,929303.0,-0.096635,1.585658,EGY,ESP,843049
9205196,74,71,8943,2018,17515.0,0.0,1.61151,0.9474549999999999,FIN,ESP,843049
9205197,77,71,8943,2018,320283.0,15986.0,1.420819,0.7793770000000001,FRA,ESP,843049
9205198,81,71,8943,2018,263058.0,434105.0,1.693008,0.768159,GBR,ESP,843049
9205199,90,71,8943,2018,0.0,3360.0,0.059539999999999996,1.0321879999999999,GRC,ESP,843049
9205200,99,71,8943,2018,0.0,33127.0,-0.523738,-0.193198,HND,ESP,843049
9205201,102,71,8943,2018,0.0,10960.0,1.519662,0.833092,HUN,ESP,843049
9205202,103,71,8943,2018,1835.0,0.0,-0.10130499999999999,1.2414209999999999,IDN,ESP,843049
9205203,104,71,8943,2018,55940.0,235127.0,0.526015,2.448112,IND,ESP,843049
9205204,110,71,8943,2018,0.0,86642.0,1.355071,0.872822,ISR,ESP,843049
9205205,111,71,8943,2018,553478.0,58127.0,1.3602530000000002,0.453607,ITA,ESP,843049
9205206,114,71,8943,2018,0.0,11875.0,2.514533,-0.416074,JPN,ESP,843049
9205207,122,71,8943,2018,0.0,9310.0,-0.668802,-1.154012,KWT,ESP,843049
9205208,124,71,8943,2018,0.0,14138.0,0.270554,0.9995149999999999,LBN,ESP,843049
9205209,128,71,8943,2018,0.0,158548.0,-0.544504,0.41074099999999997,LKA,ESP,843049
9205210,134,71,8943,2018,0.0,98152.0,-0.712775,-0.090013,MAR,ESP,843049
9205211,138,71,8943,2018,71922.0,415041.0,1.00061,0.585759,MEX,ESP,843049
9205212,147,71,8943,2018,0.0,91787.0,-1.380023,-1.027817,MOZ,ESP,843049
9205213,160,71,8943,2018,0.0,2057.0,-0.887282,-0.827008,NIC,ESP,843049
9205214,162,71,8943,2018,68088.0,18025.0,1.1478899999999999,1.454758,NLD,ESP,843049
9205215,169,71,8943,2018,56924.0,0.0,0.104326,-0.11611800000000001,PAN,ESP,843049
9205216,173,71,8943,2018,133545.0,13566.0,-0.6673060000000001,-0.183315,PER,ESP,843049
9205217,179,71,8943,2018,20442.0,173915.0,0.652628,2.211758,PRT,ESP,843049
9205218,180,71,8943,2018,0.0,7533.0,-0.614751,-0.952478,PRY,ESP,843049
9205219,185,71,8943,2018,0.0,9431.0,1.050715,1.04471,ROU,ESP,843049
9205220,188,71,8943,2018,25220.0,0.0,0.5801810000000001,-0.447514,SAU,ESP,843049
9205221,191,71,8943,2018,0.0,24603.0,-0.751378,-0.390573,SEN,ESP,843049
9205222,196,71,8943,2018,0.0,28176.0,-0.06932999999999999,-0.36035300000000003,SLE,ESP,843049
9205223,201,71,8943,2018,0.0,11073.0,0.607486,1.2139389999999999,SRB,ESP,843049
9205224,206,71,8943,2018,0.0,3076.0,1.3270979999999999,0.877684,SVK,ESP,843049
9205225,208,71,8943,2018,2730234.0,55226.0,1.76361,0.766904,SWE,ESP,843049
9205226,228,71,8943,2018,0.0,30815.0,0.337296,0.758675,UKR,ESP,843049
9205227,230,71,8943,2018,0.0,1397.0,-0.02056,-0.38911,URY,ESP,843049
9205228,231,71,8943,2018,162029.0,142329.0,1.585861,0.44815900000000003,USA,ESP,843049
9205229,248,71,8943,2018,0.0,15936.0,-1.181524,-1.0648520000000001,ZWE,ESP,843049
9205230,249,71,8943,2018,4059.0,0.0,2.0462540000000002,1.166636,TWN,ESP,843049
9205231,250,71,8943,2018,360946.0,0.0,0.809991,-0.368737,ANS,ESP,843049
9205232,7,74,8943,2018,0.0,1114.0,0.11804400000000001,-0.326851,ARE,FIN,843049
9205233,8,74,8943,2018,0.0,668.0,-0.14316800000000002,0.14356,ARG,FIN,843049
9205234,14,74,8943,2018,165449.0,1000857.0,-0.29687199999999997,-0.123116,AUS,FIN,843049
9205235,15,74,8943,2018,5313.0,32028.0,1.774488,-0.21117800000000003,AUT,FIN,843049
9205236,18,74,8943,2018,5693.0,23104.0,1.270641,1.201063,BEL,FIN,843049
9205237,21,74,8943,2018,0.0,387966.0,-0.8835200000000001,-0.9790620000000001,BFA,FIN,843049
9205238,39,74,8943,2018,37551.0,802395.0,0.666822,1.218593,CAN,FIN,843049
9205239,41,74,8943,2018,0.0,277354.0,2.2324330000000003,0.7801560000000001,CHE,FIN,843049
9205240,42,74,8943,2018,8541.0,531997.0,-0.37677,-0.49605299999999997,CHL,FIN,843049
9205241,43,74,8943,2018,20545.0,0.0,1.200689,1.2822,CHN,FIN,843049
9205242,49,74,8943,2018,0.0,69818.0,0.20431,-0.15273699999999998,COL,FIN,843049
9205243,59,74,8943,2018,2986.0,0.0,1.841016,0.220806,CZE,FIN,843049
9205244,61,74,8943,2018,1292.0,107225.0,2.109059,-2.428826,DEU,FIN,843049
9205245,64,74,8943,2018,3054.0,242833.0,1.0945040000000001,1.3311540000000002,DNK,FIN,843049
9205246,71,74,8943,2018,0.0,17515.0,0.744825,2.919005,ESP,FIN,843049
9205247,72,74,8943,2018,120352.0,13652.0,0.979986,1.2365899999999999,EST,FIN,843049
9205248,73,74,8943,2018,0.0,97135.0,-0.874857,-0.464958,ETH,FIN,843049
9205249,77,74,8943,2018,0.0,7278.0,1.420819,0.7793770000000001,FRA,FIN,843049
9205250,81,74,8943,2018,494208.0,11515.0,1.693008,0.768159,GBR,FIN,843049
9205251,82,74,8943,2018,0.0,198471.0,-0.049871,-0.28439899999999996,GEO,FIN,843049
9205252,83,74,8943,2018,0.0,1102242.0,-0.956109,-0.861556,GHA,FIN,843049
9205253,92,74,8943,2018,0.0,284752.0,-1.384795,-1.004781,GRL,FIN,843049
9205254,102,74,8943,2018,0.0,14939.0,1.519662,0.833092,HUN,FIN,843049
9205255,104,74,8943,2018,1698.0,237771.0,0.526015,2.448112,IND,FIN,843049
9205256,106,74,8943,2018,0.0,869.0,1.262419,0.013576,IRL,FIN,843049
9205257,109,74,8943,2018,0.0,1154.0,0.252338,-0.341319,ISL,FIN,843049
9205258,110,74,8943,2018,0.0,2652.0,1.355071,0.872822,ISR,FIN,843049
9205259,111,74,8943,2018,56440.0,113324.0,1.3602530000000002,0.453607,ITA,FIN,843049
9205260,114,74,8943,2018,49089.0,0.0,2.514533,-0.416074,JPN,FIN,843049
9205261,121,74,8943,2018,225668.0,1677.0,2.093866,0.764303,KOR,FIN,843049
9205262,130,74,8943,2018,0.0,2337.0,0.964249,1.4050200000000002,LTU,FIN,843049
9205263,132,74,8943,2018,0.0,2550.0,0.707168,1.294297,LVA,FIN,843049
9205264,138,74,8943,2018,0.0,165244.0,1.00061,0.585759,MEX,FIN,843049
9205265,141,74,8943,2018,0.0,294426.0,-0.49666499999999997,-0.7189909999999999,MLI,FIN,843049
9205266,143,74,8943,2018,0.0,120338.0,-0.936467,-0.223413,MMR,FIN,843049
9205267,162,74,8943,2018,4347.0,0.0,1.1478899999999999,1.454758,NLD,FIN,843049
9205268,163,74,8943,2018,0.0,102380.0,0.681639,0.021762,NOR,FIN,843049
9205269,166,74,8943,2018,0.0,19041.0,0.21902600000000003,0.148714,NZL,FIN,843049
9205270,173,74,8943,2018,0.0,2070178.0,-0.6673060000000001,-0.183315,PER,FIN,843049
9205271,179,74,8943,2018,0.0,4637.0,0.652628,2.211758,PRT,FIN,843049
9205272,180,74,8943,2018,0.0,4071.0,-0.614751,-0.952478,PRY,FIN,843049
9205273,182,74,8943,2018,0.0,9097.0,0.21430300000000002,-0.484076,PYF,FIN,843049
9205274,185,74,8943,2018,0.0,1301.0,1.050715,1.04471,ROU,FIN,843049
9205275,186,74,8943,2018,0.0,9063.0,0.21398000000000003,0.100414,RUS,FIN,843049
9205276,188,74,8943,2018,0.0,917.0,0.5801810000000001,-0.447514,SAU,FIN,843049
9205277,206,74,8943,2018,0.0,3330.0,1.3270979999999999,0.877684,SVK,FIN,843049
9205278,208,74,8943,2018,1809762.0,436963.0,1.76361,0.766904,SWE,FIN,843049
9205279,224,74,8943,2018,0.0,11573.0,0.518721,2.5581419999999997,TUR,FIN,843049
9205280,228,74,8943,2018,0.0,58353.0,0.337296,0.758675,UKR,FIN,843049
9205281,230,74,8943,2018,0.0,7202.0,-0.02056,-0.38911,URY,FIN,843049
9205282,231,74,8943,2018,1116063.0,296135.0,1.585861,0.44815900000000003,USA,FIN,843049
9205283,246,74,8943,2018,0.0,59790.0,0.158722,1.394829,ZAF,FIN,843049
9205284,7,77,8943,2018,1778.0,16166.0,0.11804400000000001,-0.326851,ARE,FRA,843049
9205285,8,77,8943,2018,0.0,32739.0,-0.14316800000000002,0.14356,ARG,FRA,843049
9205286,14,77,8943,2018,15209.0,247388.0,-0.29687199999999997,-0.123116,AUS,FRA,843049
9205287,15,77,8943,2018,244378.0,14481.0,1.774488,-0.21117800000000003,AUT,FRA,843049
9205288,17,77,8943,2018,0.0,12047.0,-0.654964,-0.9683229999999999,BDI,FRA,843049
9205289,18,77,8943,2018,57977.0,123338.0,1.270641,1.201063,BEL,FRA,843049
9205290,19,77,8943,2018,0.0,210316.0,-0.646475,-0.769808,BEN,FRA,843049
9205291,21,77,8943,2018,0.0,15227.0,-0.8835200000000001,-0.9790620000000001,BFA,FRA,843049
9205292,31,77,8943,2018,0.0,163420.0,-1.153953,-1.070749,BOL,FRA,843049
9205293,32,77,8943,2018,5635.0,82684.0,0.143397,0.582092,BRA,FRA,843049
9205294,39,77,8943,2018,334784.0,317972.0,0.666822,1.218593,CAN,FRA,843049
9205295,41,77,8943,2018,300993.0,1756692.0,2.2324330000000003,0.7801560000000001,CHE,FRA,843049
9205296,42,77,8943,2018,0.0,68341.0,-0.37677,-0.49605299999999997,CHL,FRA,843049
9205297,43,77,8943,2018,366659.0,0.0,1.200689,1.2822,CHN,FRA,843049
9205298,44,77,8943,2018,0.0,731109.0,-0.8733569999999999,-0.8443139999999999,CIV,FRA,843049
9205299,45,77,8943,2018,0.0,110661.0,-1.366619,-1.09894,CMR,FRA,843049
9205300,46,77,8943,2018,0.0,12270.0,-1.743034,-1.20446,COD,FRA,843049
9205301,47,77,8943,2018,0.0,5040.0,-1.52875,-1.1869100000000001,COG,FRA,843049
9205302,49,77,8943,2018,0.0,51937.0,0.20431,-0.15273699999999998,COL,FRA,843049
9205303,59,77,8943,2018,82168.0,0.0,1.841016,0.220806,CZE,FRA,843049
9205304,61,77,8943,2018,1990459.0,175411.0,2.109059,-2.428826,DEU,FRA,843049
9205305,64,77,8943,2018,0.0,34596.0,1.0945040000000001,1.3311540000000002,DNK,FRA,843049
9205306,66,77,8943,2018,0.0,377695.0,-1.281519,-1.22291,DZA,FRA,843049
9205307,68,77,8943,2018,0.0,1489096.0,-0.096635,1.585658,EGY,FRA,843049
9205308,69,77,8943,2018,0.0,127499.0,-1.601517,-1.062162,ERI,FRA,843049
9205309,71,77,8943,2018,15986.0,320283.0,0.744825,2.919005,ESP,FRA,843049
9205310,74,77,8943,2018,7278.0,0.0,1.61151,0.9474549999999999,FIN,FRA,843049
9205311,80,77,8943,2018,0.0,1915318.0,-1.4979200000000001,-1.180407,GAB,FRA,843049
9205312,81,77,8943,2018,747075.0,225626.0,1.693008,0.768159,GBR,FRA,843049
9205313,83,77,8943,2018,0.0,290157.0,-0.956109,-0.861556,GHA,FRA,843049
9205314,85,77,8943,2018,0.0,153156.0,-1.036697,-1.1562860000000001,GIN,FRA,843049
9205315,97,77,8943,2018,0.0,457607.0,0.843677,1.656073,HKG,FRA,843049
9205316,99,77,8943,2018,0.0,5131.0,-0.523738,-0.193198,HND,FRA,843049
9205317,100,77,8943,2018,0.0,37105.0,0.7923720000000001,1.4047209999999999,HRV,FRA,843049
9205318,102,77,8943,2018,0.0,12231.0,1.519662,0.833092,HUN,FRA,843049
9205319,104,77,8943,2018,281741.0,522604.0,0.526015,2.448112,IND,FRA,843049
9205320,110,77,8943,2018,0.0,126274.0,1.355071,0.872822,ISR,FRA,843049
9205321,111,77,8943,2018,2031621.0,10780.0,1.3602530000000002,0.453607,ITA,FRA,843049
9205322,114,77,8943,2018,29958.0,98395.0,2.514533,-0.416074,JPN,FRA,843049
9205323,115,77,8943,2018,0.0,396946.0,-0.483862,-0.667417,KAZ,FRA,843049
9205324,116,77,8943,2018,0.0,173817.0,-0.32707800000000004,0.71009,KEN,FRA,843049
9205325,121,77,8943,2018,21417.0,15314.0,2.093866,0.764303,KOR,FRA,843049
9205326,128,77,8943,2018,0.0,19777.0,-0.544504,0.41074099999999997,LKA,FRA,843049
9205327,130,77,8943,2018,1903.0,0.0,0.964249,1.4050200000000002,LTU,FRA,843049
9205328,131,77,8943,2018,0.0,3492.0,1.1142889999999999,1.306066,LUX,FRA,843049
9205329,134,77,8943,2018,33251.0,128047.0,-0.712775,-0.090013,MAR,FRA,843049
9205330,136,77,8943,2018,0.0,6095.0,-1.2144549999999998,-0.748326,MDG,FRA,843049
9205331,138,77,8943,2018,4606.0,104384.0,1.00061,0.585759,MEX,FRA,843049
9205332,141,77,8943,2018,215570.0,122693.0,-0.49666499999999997,-0.7189909999999999,MLI,FRA,843049
9205333,147,77,8943,2018,0.0,22504.0,-1.380023,-1.027817,MOZ,FRA,843049
9205334,148,77,8943,2018,0.0,3796.0,-1.511361,-1.296003,MRT,FRA,843049
9205335,151,77,8943,2018,0.0,31519.0,-0.128221,0.15049400000000002,MUS,FRA,843049
9205336,153,77,8943,2018,0.0,51708.0,1.122976,0.734109,MYS,FRA,843049
9205337,155,77,8943,2018,0.0,2051.0,-0.668091,-0.779938,NAM,FRA,843049
9205338,156,77,8943,2018,0.0,210985.0,-0.49370299999999995,-0.865432,NCL,FRA,843049
9205339,157,77,8943,2018,950.0,38497.0,-0.633115,-0.839564,NER,FRA,843049
9205340,162,77,8943,2018,385289.0,25575.0,1.1478899999999999,1.454758,NLD,FRA,843049
9205341,163,77,8943,2018,118508.0,1395241.0,0.681639,0.021762,NOR,FRA,843049
9205342,166,77,8943,2018,0.0,63291.0,0.21902600000000003,0.148714,NZL,FRA,843049
9205343,168,77,8943,2018,6603.0,451653.0,-0.64348,0.665045,PAK,FRA,843049
9205344,173,77,8943,2018,0.0,1935467.0,-0.6673060000000001,-0.183315,PER,FRA,843049
9205345,174,77,8943,2018,0.0,73662.0,0.781409,0.22126700000000002,PHL,FRA,843049
9205346,177,77,8943,2018,8571.0,18998.0,1.132475,1.258945,POL,FRA,843049
9205347,179,77,8943,2018,30082.0,56584.0,0.652628,2.211758,PRT,FRA,843049
9205348,181,77,8943,2018,0.0,33887.0,0.096402,0.735946,PSE,FRA,843049
9205349,182,77,8943,2018,0.0,28192.0,0.21430300000000002,-0.484076,PYF,FRA,843049
9205350,185,77,8943,2018,0.0,27922.0,1.050715,1.04471,ROU,FRA,843049
9205351,187,77,8943,2018,0.0,3075.0,-0.618925,-0.788172,RWA,FRA,843049
9205352,188,77,8943,2018,577119.0,43488.0,0.5801810000000001,-0.447514,SAU,FRA,843049
9205353,190,77,8943,2018,0.0,186833.0,-1.278532,-1.176008,SDN,FRA,843049
9205354,191,77,8943,2018,56224.0,50102.0,-0.751378,-0.390573,SEN,FRA,843049
9205355,192,77,8943,2018,0.0,1150655.0,1.914132,0.652011,SGP,FRA,843049
9205356,200,77,8943,2018,0.0,22255.0,0.750329,-0.6562,SPM,FRA,843049
9205357,201,77,8943,2018,2962.0,62937.0,0.607486,1.2139389999999999,SRB,FRA,843049
9205358,207,77,8943,2018,0.0,3490.0,1.67428,0.7703800000000001,SVN,FRA,843049
9205359,208,77,8943,2018,1251587.0,95109.0,1.76361,0.766904,SWE,FRA,843049
9205360,210,77,8943,2018,119575.0,0.0,1.115443,-0.661118,SXM,FRA,843049
9205361,215,77,8943,2018,0.0,4624.0,-0.685084,-0.773437,TGO,FRA,843049
9205362,216,77,8943,2018,0.0,11638.0,1.053177,1.4084969999999999,THA,FRA,843049
9205363,223,77,8943,2018,0.0,43907.0,0.259778,1.187194,TUN,FRA,843049
9205364,224,77,8943,2018,0.0,23383.0,0.518721,2.5581419999999997,TUR,FRA,843049
9205365,226,77,8943,2018,0.0,5675.0,-0.09850700000000001,1.145606,TZA,FRA,843049
9205366,228,77,8943,2018,0.0,59669.0,0.337296,0.758675,UKR,FRA,843049
9205367,231,77,8943,2018,554325.0,446851.0,1.585861,0.44815900000000003,USA,FRA,843049
9205368,239,77,8943,2018,0.0,50967.0,0.003069,0.9169729999999999,VNM,FRA,843049
9205369,246,77,8943,2018,308994.0,6890.0,0.158722,1.394829,ZAF,FRA,843049
9205370,250,77,8943,2018,1220109.0,0.0,0.809991,-0.368737,ANS,FRA,843049
9205371,2,81,8943,2018,94284.0,20142.0,-1.489191,-1.213992,AGO,GBR,843049
9205372,7,81,8943,2018,620314.0,3529175.0,0.11804400000000001,-0.326851,ARE,GBR,843049
9205373,8,81,8943,2018,0.0,241999.0,-0.14316800000000002,0.14356,ARG,GBR,843049
9205374,14,81,8943,2018,3977.0,1273190.0,-0.29687199999999997,-0.123116,AUS,GBR,843049
9205375,15,81,8943,2018,0.0,890889.0,1.774488,-0.21117800000000003,AUT,GBR,843049
9205376,16,81,8943,2018,0.0,662806.0,-1.144089,-1.224327,AZE,GBR,843049
9205377,18,81,8943,2018,35177.0,1133.0,1.270641,1.201063,BEL,GBR,843049
9205378,21,81,8943,2018,0.0,12070.0,-0.8835200000000001,-0.9790620000000001,BFA,GBR,843049
9205379,22,81,8943,2018,0.0,1317.0,-0.899467,-0.9823719999999999,BGD,GBR,843049
9205380,23,81,8943,2018,26307.0,57280.0,0.571226,1.836856,BGR,GBR,843049
9205381,24,81,8943,2018,164556.0,432404.0,0.318352,-0.69221,BHR,GBR,843049
9205382,30,81,8943,2018,0.0,4374.0,0.42484399999999994,-0.70587,BMU,GBR,843049
9205383,31,81,8943,2018,0.0,40720.0,-1.153953,-1.070749,BOL,GBR,843049
9205384,32,81,8943,2018,10574.0,361970.0,0.143397,0.582092,BRA,GBR,843049
9205385,34,81,8943,2018,0.0,3213.0,0.562198,-0.774457,BRN,GBR,843049
9205386,39,81,8943,2018,18498.0,209056.0,0.666822,1.218593,CAN,GBR,843049
9205387,41,81,8943,2018,34758.0,23958.0,2.2324330000000003,0.7801560000000001,CHE,GBR,843049
9205388,42,81,8943,2018,0.0,106246.0,-0.37677,-0.49605299999999997,CHL,GBR,843049
9205389,43,81,8943,2018,480714.0,5202522.0,1.200689,1.2822,CHN,GBR,843049
9205390,44,81,8943,2018,0.0,62850.0,-0.8733569999999999,-0.8443139999999999,CIV,GBR,843049
9205391,45,81,8943,2018,120982.0,15199.0,-1.366619,-1.09894,CMR,GBR,843049
9205392,49,81,8943,2018,0.0,189347.0,0.20431,-0.15273699999999998,COL,GBR,843049
9205393,58,81,8943,2018,0.0,27476.0,0.45442,-0.113303,CYP,GBR,843049
9205394,59,81,8943,2018,16215.0,124426.0,1.841016,0.220806,CZE,GBR,843049
9205395,61,81,8943,2018,665939.0,1904938.0,2.109059,-2.428826,DEU,GBR,843049
9205396,64,81,8943,2018,0.0,514956.0,1.0945040000000001,1.3311540000000002,DNK,GBR,843049
9205397,66,81,8943,2018,0.0,65420.0,-1.281519,-1.22291,DZA,GBR,843049
9205398,68,81,8943,2018,0.0,200420.0,-0.096635,1.585658,EGY,GBR,843049
9205399,71,81,8943,2018,434105.0,263058.0,0.744825,2.919005,ESP,GBR,843049
9205400,72,81,8943,2018,0.0,8819.0,0.979986,1.2365899999999999,EST,GBR,843049
9205401,73,81,8943,2018,0.0,94306.0,-0.874857,-0.464958,ETH,GBR,843049
9205402,74,81,8943,2018,11515.0,494208.0,1.61151,0.9474549999999999,FIN,GBR,843049
9205403,76,81,8943,2018,0.0,222854.0,-1.04542,-0.97565,FLK,GBR,843049
9205404,77,81,8943,2018,225626.0,747075.0,1.420819,0.7793770000000001,FRA,GBR,843049
9205405,80,81,8943,2018,0.0,27143.0,-1.4979200000000001,-1.180407,GAB,GBR,843049
9205406,83,81,8943,2018,0.0,14212.0,-0.956109,-0.861556,GHA,GBR,843049
9205407,84,81,8943,2018,0.0,9344.0,0.420756,-0.6854140000000001,GIB,GBR,843049
9205408,87,81,8943,2018,0.0,14544.0,-0.85649,-0.761513,GMB,GBR,843049
9205409,89,81,8943,2018,0.0,1448.0,-2.017117,-0.975924,GNQ,GBR,843049
9205410,90,81,8943,2018,0.0,5489.0,0.059539999999999996,1.0321879999999999,GRC,GBR,843049
9205411,92,81,8943,2018,0.0,304907.0,-1.384795,-1.004781,GRL,GBR,843049
9205412,97,81,8943,2018,0.0,3354531.0,0.843677,1.656073,HKG,GBR,843049
9205413,99,81,8943,2018,0.0,25733.0,-0.523738,-0.193198,HND,GBR,843049
9205414,100,81,8943,2018,0.0,1718.0,0.7923720000000001,1.4047209999999999,HRV,GBR,843049
9205415,102,81,8943,2018,0.0,137121.0,1.519662,0.833092,HUN,GBR,843049
9205416,103,81,8943,2018,0.0,184310.0,-0.10130499999999999,1.2414209999999999,IDN,GBR,843049
9205417,104,81,8943,2018,97897.0,1629594.0,0.526015,2.448112,IND,GBR,843049
9205418,106,81,8943,2018,4999.0,1463733.0,1.262419,0.013576,IRL,GBR,843049
9205419,108,81,8943,2018,0.0,563784.0,-1.7504400000000002,-1.018699,IRQ,GBR,843049
9205420,109,81,8943,2018,0.0,9456161.0,0.252338,-0.341319,ISL,GBR,843049
9205421,110,81,8943,2018,0.0,575854.0,1.355071,0.872822,ISR,GBR,843049
9205422,111,81,8943,2018,412201.0,10445.0,1.3602530000000002,0.453607,ITA,GBR,843049
9205423,113,81,8943,2018,0.0,19128.0,-0.086895,0.283829,JOR,GBR,843049
9205424,114,81,8943,2018,116565.0,7177.0,2.514533,-0.416074,JPN,GBR,843049
9205425,115,81,8943,2018,0.0,279443.0,-0.483862,-0.667417,KAZ,GBR,843049
9205426,116,81,8943,2018,0.0,396809.0,-0.32707800000000004,0.71009,KEN,GBR,843049
9205427,121,81,8943,2018,0.0,48946.0,2.093866,0.764303,KOR,GBR,843049
9205428,122,81,8943,2018,0.0,83349.0,-0.668802,-1.154012,KWT,GBR,843049
9205429,124,81,8943,2018,0.0,13942.0,0.270554,0.9995149999999999,LBN,GBR,843049
9205430,126,81,8943,2018,0.0,8328.0,-1.608786,-1.231101,LBY,GBR,843049
9205431,130,81,8943,2018,0.0,190059.0,0.964249,1.4050200000000002,LTU,GBR,843049
9205432,131,81,8943,2018,0.0,117683.0,1.1142889999999999,1.306066,LUX,GBR,843049
9205433,134,81,8943,2018,0.0,373419.0,-0.712775,-0.090013,MAR,GBR,843049
9205434,138,81,8943,2018,0.0,113105.0,1.00061,0.585759,MEX,GBR,843049
9205435,142,81,8943,2018,0.0,3412.0,0.9621219999999999,0.257289,MLT,GBR,843049
9205436,147,81,8943,2018,0.0,50650.0,-1.380023,-1.027817,MOZ,GBR,843049
9205437,152,81,8943,2018,0.0,13333.0,-0.7015979999999999,-0.9293680000000001,MWI,GBR,843049
9205438,153,81,8943,2018,187636.0,936393.0,1.122976,0.734109,MYS,GBR,843049
9205439,155,81,8943,2018,0.0,4475.0,-0.668091,-0.779938,NAM,GBR,843049
9205440,159,81,8943,2018,0.0,203034.0,-1.8238,-1.259938,NGA,GBR,843049
9205441,162,81,8943,2018,2804543.0,1268994.0,1.1478899999999999,1.454758,NLD,GBR,843049
9205442,163,81,8943,2018,6886856.0,5528195.0,0.681639,0.021762,NOR,GBR,843049
9205443,166,81,8943,2018,0.0,40622.0,0.21902600000000003,0.148714,NZL,GBR,843049
9205444,167,81,8943,2018,0.0,608443.0,-0.548048,-0.9972989999999999,OMN,GBR,843049
9205445,168,81,8943,2018,49809.0,315206.0,-0.64348,0.665045,PAK,GBR,843049
9205446,173,81,8943,2018,0.0,233620.0,-0.6673060000000001,-0.183315,PER,GBR,843049
9205447,177,81,8943,2018,0.0,170843.0,1.132475,1.258945,POL,GBR,843049
9205448,183,81,8943,2018,0.0,2758125.0,-0.068401,-1.014732,QAT,GBR,843049
9205449,185,81,8943,2018,66200.0,86592.0,1.050715,1.04471,ROU,GBR,843049
9205450,186,81,8943,2018,17095.0,217804.0,0.21398000000000003,0.100414,RUS,GBR,843049
9205451,187,81,8943,2018,0.0,42508.0,-0.618925,-0.788172,RWA,GBR,843049
9205452,188,81,8943,2018,82500.0,1558810.0,0.5801810000000001,-0.447514,SAU,GBR,843049
9205453,192,81,8943,2018,576893440.0,6625256.0,1.914132,0.652011,SGP,GBR,843049
9205454,199,81,8943,2018,0.0,1334.0,-1.4787370000000002,-1.050578,SOM,GBR,843049
9205455,201,81,8943,2018,1756.0,50590.0,0.607486,1.2139389999999999,SRB,GBR,843049
9205456,206,81,8943,2018,0.0,1993.0,1.3270979999999999,0.877684,SVK,GBR,843049
9205457,207,81,8943,2018,0.0,77272.0,1.67428,0.7703800000000001,SVN,GBR,843049
9205458,208,81,8943,2018,0.0,100919.0,1.76361,0.766904,SWE,GBR,843049
9205459,211,81,8943,2018,0.0,6013.0,0.187352,-0.693013,SYC,GBR,843049
9205460,215,81,8943,2018,0.0,3324.0,-0.685084,-0.773437,TGO,GBR,843049
9205461,216,81,8943,2018,10936.0,17472.0,1.053177,1.4084969999999999,THA,GBR,843049
9205462,219,81,8943,2018,0.0,238445.0,-1.0081209999999998,-1.190796,TKM,GBR,843049
9205463,223,81,8943,2018,0.0,25778.0,0.259778,1.187194,TUN,GBR,843049
9205464,224,81,8943,2018,26992.0,5842484.0,0.518721,2.5581419999999997,TUR,GBR,843049
9205465,227,81,8943,2018,0.0,29417.0,-0.621049,-0.061448,UGA,GBR,843049
9205466,228,81,8943,2018,0.0,259180.0,0.337296,0.758675,UKR,GBR,843049
9205467,230,81,8943,2018,0.0,5105.0,-0.02056,-0.38911,URY,GBR,843049
9205468,231,81,8943,2018,135421264.0,17023174.0,1.585861,0.44815900000000003,USA,GBR,843049
9205469,239,81,8943,2018,0.0,399277.0,0.003069,0.9169729999999999,VNM,GBR,843049
9205470,246,81,8943,2018,1756.0,280542.0,0.158722,1.394829,ZAF,GBR,843049
9205471,247,81,8943,2018,0.0,9831.0,-0.736064,-0.93958,ZMB,GBR,843049
9205472,248,81,8943,2018,0.0,1772.0,-1.181524,-1.0648520000000001,ZWE,GBR,843049
9205473,249,81,8943,2018,0.0,1763.0,2.0462540000000002,1.166636,TWN,GBR,843049
9205474,15,90,8943,2018,1132.0,0.0,1.774488,-0.21117800000000003,AUT,GRC,843049
9205475,18,90,8943,2018,1837.0,0.0,1.270641,1.201063,BEL,GRC,843049
9205476,23,90,8943,2018,5365.0,1654.0,0.571226,1.836856,BGR,GRC,843049
9205477,43,90,8943,2018,6904.0,0.0,1.200689,1.2822,CHN,GRC,843049
9205478,58,90,8943,2018,0.0,13881.0,0.45442,-0.113303,CYP,GRC,843049
9205479,59,90,8943,2018,4909.0,0.0,1.841016,0.220806,CZE,GRC,843049
9205480,61,90,8943,2018,29551.0,0.0,2.109059,-2.428826,DEU,GRC,843049
9205481,64,90,8943,2018,1575.0,0.0,1.0945040000000001,1.3311540000000002,DNK,GRC,843049
9205482,68,90,8943,2018,0.0,846662.0,-0.096635,1.585658,EGY,GRC,843049
9205483,71,90,8943,2018,3360.0,0.0,0.744825,2.919005,ESP,GRC,843049
9205484,72,90,8943,2018,0.0,877.0,0.979986,1.2365899999999999,EST,GRC,843049
9205485,81,90,8943,2018,5489.0,0.0,1.693008,0.768159,GBR,GRC,843049
9205486,102,90,8943,2018,0.0,2641.0,1.519662,0.833092,HUN,GRC,843049
9205487,111,90,8943,2018,69762.0,2478.0,1.3602530000000002,0.453607,ITA,GRC,843049
9205488,124,90,8943,2018,0.0,1485.0,0.270554,0.9995149999999999,LBN,GRC,843049
9205489,136,90,8943,2018,0.0,9809.0,-1.2144549999999998,-0.748326,MDG,GRC,843049
9205490,140,90,8943,2018,0.0,81284.0,0.079976,-0.20256,MKD,GRC,843049
9205491,153,90,8943,2018,0.0,9100.0,1.122976,0.734109,MYS,GRC,843049
9205492,162,90,8943,2018,75150.0,0.0,1.1478899999999999,1.454758,NLD,GRC,843049
9205493,177,90,8943,2018,3894.0,0.0,1.132475,1.258945,POL,GRC,843049
9205494,185,90,8943,2018,65387.0,824640.0,1.050715,1.04471,ROU,GRC,843049
9205495,188,90,8943,2018,0.0,13313.0,0.5801810000000001,-0.447514,SAU,GRC,843049
9205496,208,90,8943,2018,14397.0,0.0,1.76361,0.766904,SWE,GRC,843049
9205497,224,90,8943,2018,117745.0,32707.0,0.518721,2.5581419999999997,TUR,GRC,843049
9205498,231,90,8943,2018,0.0,7678.0,1.585861,0.44815900000000003,USA,GRC,843049
9205499,29,93,8943,2018,1760.0,2468.0,-0.15867699999999998,-0.6393989999999999,BLZ,GTM,843049
9205500,39,93,8943,2018,390566.0,0.0,0.666822,1.218593,CAN,GTM,843049
9205501,43,93,8943,2018,12600.0,0.0,1.200689,1.2822,CHN,GTM,843049
9205502,49,93,8943,2018,2909.0,0.0,0.20431,-0.15273699999999998,COL,GTM,843049
9205503,97,93,8943,2018,4169.0,0.0,0.843677,1.656073,HKG,GTM,843049
9205504,111,93,8943,2018,15259.0,0.0,1.3602530000000002,0.453607,ITA,GTM,843049
9205505,160,93,8943,2018,4678.0,50700.0,-0.887282,-0.827008,NIC,GTM,843049
9205506,169,93,8943,2018,0.0,166579.0,0.104326,-0.11611800000000001,PAN,GTM,843049
9205507,197,93,8943,2018,12649.0,2903.0,0.073928,0.22548600000000002,SLV,GTM,843049
9205508,216,93,8943,2018,104791.0,0.0,1.053177,1.4084969999999999,THA,GTM,843049
9205509,231,93,8943,2018,111203.0,0.0,1.585861,0.44815900000000003,USA,GTM,843049
9205510,39,96,8943,2018,190067.0,0.0,0.666822,1.218593,CAN,GUY,843049
9205511,42,96,8943,2018,21337.0,0.0,-0.37677,-0.49605299999999997,CHL,GUY,843049
9205512,43,96,8943,2018,19572.0,0.0,1.200689,1.2822,CHN,GUY,843049
9205513,162,96,8943,2018,4915.0,0.0,1.1478899999999999,1.454758,NLD,GUY,843049
9205514,173,96,8943,2018,83679.0,0.0,-0.6673060000000001,-0.183315,PER,GUY,843049
9205515,222,96,8943,2018,364942.0,0.0,-0.281617,-1.009652,TTO,GUY,843049
9205516,231,96,8943,2018,3910034.0,0.0,1.585861,0.44815900000000003,USA,GUY,843049
9205517,14,97,8943,2018,0.0,1692098.0,-0.29687199999999997,-0.123116,AUS,HKG,843049
9205518,39,97,8943,2018,370228.0,0.0,0.666822,1.218593,CAN,HKG,843049
9205519,41,97,8943,2018,0.0,1007.0,2.2324330000000003,0.7801560000000001,CHE,HKG,843049
9205520,43,97,8943,2018,140108.0,449923.0,1.200689,1.2822,CHN,HKG,843049
9205521,61,97,8943,2018,7054748.0,0.0,2.109059,-2.428826,DEU,HKG,843049
9205522,68,97,8943,2018,0.0,31836.0,-0.096635,1.585658,EGY,HKG,843049
9205523,77,97,8943,2018,457607.0,0.0,1.420819,0.7793770000000001,FRA,HKG,843049
9205524,81,97,8943,2018,3354531.0,0.0,1.693008,0.768159,GBR,HKG,843049
9205525,93,97,8943,2018,0.0,4169.0,-0.362668,0.520826,GTM,HKG,843049
9205526,103,97,8943,2018,0.0,1112.0,-0.10130499999999999,1.2414209999999999,IDN,HKG,843049
9205527,104,97,8943,2018,0.0,2032522.0,0.526015,2.448112,IND,HKG,843049
9205528,111,97,8943,2018,33529.0,0.0,1.3602530000000002,0.453607,ITA,HKG,843049
9205529,114,97,8943,2018,103864.0,2971458.0,2.514533,-0.416074,JPN,HKG,843049
9205530,121,97,8943,2018,2764335.0,39068.0,2.093866,0.764303,KOR,HKG,843049
9205531,133,97,8943,2018,596204.0,1275376.0,0.44520299999999996,0.042491,MAC,HKG,843049
9205532,153,97,8943,2018,0.0,494599.0,1.122976,0.734109,MYS,HKG,843049
9205533,162,97,8943,2018,645647.0,0.0,1.1478899999999999,1.454758,NLD,HKG,843049
9205534,163,97,8943,2018,0.0,5292.0,0.681639,0.021762,NOR,HKG,843049
9205535,168,97,8943,2018,36998.0,0.0,-0.64348,0.665045,PAK,HKG,843049
9205536,174,97,8943,2018,0.0,34189.0,0.781409,0.22126700000000002,PHL,HKG,843049
9205537,185,97,8943,2018,0.0,47639.0,1.050715,1.04471,ROU,HKG,843049
9205538,186,97,8943,2018,41982.0,0.0,0.21398000000000003,0.100414,RUS,HKG,843049
9205539,192,97,8943,2018,117565.0,120555.0,1.914132,0.652011,SGP,HKG,843049
9205540,208,97,8943,2018,321823.0,0.0,1.76361,0.766904,SWE,HKG,843049
9205541,216,97,8943,2018,2629320.0,0.0,1.053177,1.4084969999999999,THA,HKG,843049
9205542,231,97,8943,2018,32267.0,0.0,1.585861,0.44815900000000003,USA,HKG,843049
9205543,248,97,8943,2018,0.0,1672.0,-1.181524,-1.0648520000000001,ZWE,HKG,843049
9205544,249,97,8943,2018,1649.0,0.0,2.0462540000000002,1.166636,TWN,HKG,843049
9205545,15,99,8943,2018,2341.0,0.0,1.774488,-0.21117800000000003,AUT,HND,843049
9205546,43,99,8943,2018,3061.0,0.0,1.200689,1.2822,CHN,HND,843049
9205547,49,99,8943,2018,80335.0,0.0,0.20431,-0.15273699999999998,COL,HND,843049
9205548,52,99,8943,2018,250979.0,0.0,0.19386,0.05811,CRI,HND,843049
9205549,71,99,8943,2018,33127.0,0.0,0.744825,2.919005,ESP,HND,843049
9205550,77,99,8943,2018,5131.0,0.0,1.420819,0.7793770000000001,FRA,HND,843049
9205551,81,99,8943,2018,25733.0,0.0,1.693008,0.768159,GBR,HND,843049
9205552,111,99,8943,2018,423868.0,57764.0,1.3602530000000002,0.453607,ITA,HND,843049
9205553,138,99,8943,2018,37626.0,0.0,1.00061,0.585759,MEX,HND,843049
9205554,185,99,8943,2018,423.0,0.0,1.050715,1.04471,ROU,HND,843049
9205555,208,99,8943,2018,80702.0,0.0,1.76361,0.766904,SWE,HND,843049
9205556,231,99,8943,2018,20876.0,0.0,1.585861,0.44815900000000003,USA,HND,843049
9205557,7,102,8943,2018,0.0,1518.0,0.11804400000000001,-0.326851,ARE,HUN,843049
9205558,15,102,8943,2018,15131.0,0.0,1.774488,-0.21117800000000003,AUT,HUN,843049
9205559,41,102,8943,2018,53357.0,0.0,2.2324330000000003,0.7801560000000001,CHE,HUN,843049
9205560,43,102,8943,2018,13469.0,0.0,1.200689,1.2822,CHN,HUN,843049
9205561,59,102,8943,2018,3639.0,0.0,1.841016,0.220806,CZE,HUN,843049
9205562,61,102,8943,2018,268753.0,15789.0,2.109059,-2.428826,DEU,HUN,843049
9205563,64,102,8943,2018,2538.0,0.0,1.0945040000000001,1.3311540000000002,DNK,HUN,843049
9205564,71,102,8943,2018,10960.0,0.0,0.744825,2.919005,ESP,HUN,843049
9205565,74,102,8943,2018,14939.0,0.0,1.61151,0.9474549999999999,FIN,HUN,843049
9205566,77,102,8943,2018,12231.0,0.0,1.420819,0.7793770000000001,FRA,HUN,843049
9205567,81,102,8943,2018,137121.0,0.0,1.693008,0.768159,GBR,HUN,843049
9205568,90,102,8943,2018,2641.0,0.0,0.059539999999999996,1.0321879999999999,GRC,HUN,843049
9205569,100,102,8943,2018,0.0,6333.0,0.7923720000000001,1.4047209999999999,HRV,HUN,843049
9205570,111,102,8943,2018,162647.0,4422.0,1.3602530000000002,0.453607,ITA,HUN,843049
9205571,162,102,8943,2018,1025.0,2255.0,1.1478899999999999,1.454758,NLD,HUN,843049
9205572,177,102,8943,2018,37995.0,0.0,1.132475,1.258945,POL,HUN,843049
9205573,185,102,8943,2018,13893.0,138316.0,1.050715,1.04471,ROU,HUN,843049
9205574,186,102,8943,2018,10018.0,0.0,0.21398000000000003,0.100414,RUS,HUN,843049
9205575,201,102,8943,2018,0.0,1783.0,0.607486,1.2139389999999999,SRB,HUN,843049
9205576,206,102,8943,2018,8236.0,15997.0,1.3270979999999999,0.877684,SVK,HUN,843049
9205577,224,102,8943,2018,4149.0,0.0,0.518721,2.5581419999999997,TUR,HUN,843049
9205578,228,102,8943,2018,10115.0,2196.0,0.337296,0.758675,UKR,HUN,843049
9205579,231,102,8943,2018,8996.0,0.0,1.585861,0.44815900000000003,USA,HUN,843049
9205580,7,103,8943,2018,0.0,52599.0,0.11804400000000001,-0.326851,ARE,IDN,843049
9205581,14,103,8943,2018,427552.0,0.0,-0.29687199999999997,-0.123116,AUS,IDN,843049
9205582,15,103,8943,2018,15487.0,0.0,1.774488,-0.21117800000000003,AUT,IDN,843049
9205583,32,103,8943,2018,66834.0,0.0,0.143397,0.582092,BRA,IDN,843049
9205584,39,103,8943,2018,144889.0,0.0,0.666822,1.218593,CAN,IDN,843049
9205585,43,103,8943,2018,1588810.0,4234223.0,1.200689,1.2822,CHN,IDN,843049
9205586,61,103,8943,2018,503844.0,0.0,2.109059,-2.428826,DEU,IDN,843049
9205587,71,103,8943,2018,0.0,1835.0,0.744825,2.919005,ESP,IDN,843049
9205588,81,103,8943,2018,184310.0,0.0,1.693008,0.768159,GBR,IDN,843049
9205589,97,103,8943,2018,1112.0,0.0,0.843677,1.656073,HKG,IDN,843049
9205590,104,103,8943,2018,402256.0,253488.0,0.526015,2.448112,IND,IDN,843049
9205591,108,103,8943,2018,0.0,2800156.0,-1.7504400000000002,-1.018699,IRQ,IDN,843049
9205592,111,103,8943,2018,167754.0,0.0,1.3602530000000002,0.453607,ITA,IDN,843049
9205593,114,103,8943,2018,780930.0,0.0,2.514533,-0.416074,JPN,IDN,843049
9205594,121,103,8943,2018,156643.0,0.0,2.093866,0.764303,KOR,IDN,843049
9205595,143,103,8943,2018,0.0,1685.0,-0.936467,-0.223413,MMR,IDN,843049
9205596,145,103,8943,2018,136812.0,0.0,-0.934398,-1.125105,MNG,IDN,843049
9205597,153,103,8943,2018,6391746.0,36826.0,1.122976,0.734109,MYS,IDN,843049
9205598,162,103,8943,2018,32709.0,0.0,1.1478899999999999,1.454758,NLD,IDN,843049
9205599,166,103,8943,2018,705742.0,0.0,0.21902600000000003,0.148714,NZL,IDN,843049
9205600,176,103,8943,2018,0.0,200095.0,-1.7580360000000002,-1.239492,PNG,IDN,843049
9205601,177,103,8943,2018,302096.0,0.0,1.132475,1.258945,POL,IDN,843049
9205602,186,103,8943,2018,17002.0,31219.0,0.21398000000000003,0.100414,RUS,IDN,843049
9205603,188,103,8943,2018,0.0,63565.0,0.5801810000000001,-0.447514,SAU,IDN,843049
9205604,190,103,8943,2018,0.0,41343.0,-1.278532,-1.176008,SDN,IDN,843049
9205605,192,103,8943,2018,3261806.0,2066550.0,1.914132,0.652011,SGP,IDN,843049
9205606,216,103,8943,2018,11815.0,0.0,1.053177,1.4084969999999999,THA,IDN,843049
9205607,220,103,8943,2018,0.0,49069.0,-0.595688,-0.8907370000000001,TLS,IDN,843049
9205608,231,103,8943,2018,499447.0,2361.0,1.585861,0.44815900000000003,USA,IDN,843049
9205609,239,103,8943,2018,0.0,350408.0,0.003069,0.9169729999999999,VNM,IDN,843049
9205610,2,104,8943,2018,91528.0,0.0,-1.489191,-1.213992,AGO,IND,843049
9205611,7,104,8943,2018,9709655.0,2117788.0,0.11804400000000001,-0.326851,ARE,IND,843049
9205612,14,104,8943,2018,190378.0,29250.0,-0.29687199999999997,-0.123116,AUS,IND,843049
9205613,16,104,8943,2018,119036.0,1375332.0,-1.144089,-1.224327,AZE,IND,843049
9205614,17,104,8943,2018,0.0,66560.0,-0.654964,-0.9683229999999999,BDI,IND,843049
9205615,18,104,8943,2018,9982.0,3396.0,1.270641,1.201063,BEL,IND,843049
9205616,19,104,8943,2018,0.0,40701.0,-0.646475,-0.769808,BEN,IND,843049
9205617,21,104,8943,2018,0.0,225038.0,-0.8835200000000001,-0.9790620000000001,BFA,IND,843049
9205618,22,104,8943,2018,0.0,1414682.0,-0.899467,-0.9823719999999999,BGD,IND,843049
9205619,24,104,8943,2018,0.0,1283838.0,0.318352,-0.69221,BHR,IND,843049
9205620,26,104,8943,2018,0.0,8713.0,0.526392,0.742398,BIH,IND,843049
9205621,32,104,8943,2018,213749.0,0.0,0.143397,0.582092,BRA,IND,843049
9205622,34,104,8943,2018,0.0,26334.0,0.562198,-0.774457,BRN,IND,843049
9205623,35,104,8943,2018,6474.0,282105.0,-0.168694,-0.77871,BTN,IND,843049
9205624,39,104,8943,2018,160140.0,0.0,0.666822,1.218593,CAN,IND,843049
9205625,41,104,8943,2018,0.0,4806.0,2.2324330000000003,0.7801560000000001,CHE,IND,843049
9205626,42,104,8943,2018,202819.0,0.0,-0.37677,-0.49605299999999997,CHL,IND,843049
9205627,43,104,8943,2018,4817718.0,73416.0,1.200689,1.2822,CHN,IND,843049
9205628,44,104,8943,2018,149753.0,2775.0,-0.8733569999999999,-0.8443139999999999,CIV,IND,843049
9205629,46,104,8943,2018,0.0,946.0,-1.743034,-1.20446,COD,IND,843049
9205630,47,104,8943,2018,308752.0,0.0,-1.52875,-1.1869100000000001,COG,IND,843049
9205631,49,104,8943,2018,14642.0,1264.0,0.20431,-0.15273699999999998,COL,IND,843049
9205632,61,104,8943,2018,2148034.0,21419.0,2.109059,-2.428826,DEU,IND,843049
9205633,66,104,8943,2018,11303919.0,0.0,-1.281519,-1.22291,DZA,IND,843049
9205634,67,104,8943,2018,0.0,2745.0,-0.873973,-1.032841,ECU,IND,843049
9205635,68,104,8943,2018,20854.0,82880.0,-0.096635,1.585658,EGY,IND,843049
9205636,71,104,8943,2018,235127.0,55940.0,0.744825,2.919005,ESP,IND,843049
9205637,73,104,8943,2018,0.0,52350.0,-0.874857,-0.464958,ETH,IND,843049
9205638,74,104,8943,2018,237771.0,1698.0,1.61151,0.9474549999999999,FIN,IND,843049
9205639,77,104,8943,2018,522604.0,281741.0,1.420819,0.7793770000000001,FRA,IND,843049
9205640,81,104,8943,2018,1629594.0,97897.0,1.693008,0.768159,GBR,IND,843049
9205641,83,104,8943,2018,0.0,244659.0,-0.956109,-0.861556,GHA,IND,843049
9205642,89,104,8943,2018,72751.0,0.0,-2.017117,-0.975924,GNQ,IND,843049
9205643,97,104,8943,2018,2032522.0,0.0,0.843677,1.656073,HKG,IND,843049
9205644,103,104,8943,2018,253488.0,402256.0,-0.10130499999999999,1.2414209999999999,IDN,IND,843049
9205645,108,104,8943,2018,2832.0,0.0,-1.7504400000000002,-1.018699,IRQ,IND,843049
9205646,111,104,8943,2018,435699.0,838486.0,1.3602530000000002,0.453607,ITA,IND,843049
9205647,114,104,8943,2018,53967.0,26653.0,2.514533,-0.416074,JPN,IND,843049
9205648,116,104,8943,2018,221412.0,63224.0,-0.32707800000000004,0.71009,KEN,IND,843049
9205649,121,104,8943,2018,1868364.0,0.0,2.093866,0.764303,KOR,IND,843049
9205650,122,104,8943,2018,252419.0,787776.0,-0.668802,-1.154012,KWT,IND,843049
9205651,128,104,8943,2018,727657.0,1326704.0,-0.544504,0.41074099999999997,LKA,IND,843049
9205652,134,104,8943,2018,946449.0,12726.0,-0.712775,-0.090013,MAR,IND,843049
9205653,138,104,8943,2018,130375.0,0.0,1.00061,0.585759,MEX,IND,843049
9205654,141,104,8943,2018,0.0,8067.0,-0.49666499999999997,-0.7189909999999999,MLI,IND,843049
9205655,147,104,8943,2018,0.0,432362.0,-1.380023,-1.027817,MOZ,IND,843049
9205656,148,104,8943,2018,0.0,8717.0,-1.511361,-1.296003,MRT,IND,843049
9205657,151,104,8943,2018,0.0,58599.0,-0.128221,0.15049400000000002,MUS,IND,843049
9205658,153,104,8943,2018,1785184.0,1206269.0,1.122976,0.734109,MYS,IND,843049
9205659,155,104,8943,2018,236112.0,0.0,-0.668091,-0.779938,NAM,IND,843049
9205660,159,104,8943,2018,25457.0,2643.0,-1.8238,-1.259938,NGA,IND,843049
9205661,162,104,8943,2018,1229372.0,34272.0,1.1478899999999999,1.454758,NLD,IND,843049
9205662,163,104,8943,2018,167300.0,1325.0,0.681639,0.021762,NOR,IND,843049
9205663,164,104,8943,2018,0.0,66107.0,-0.252837,0.999258,NPL,IND,843049
9205664,166,104,8943,2018,11430.0,0.0,0.21902600000000003,0.148714,NZL,IND,843049
9205665,167,104,8943,2018,1066899.0,69615.0,-0.548048,-0.9972989999999999,OMN,IND,843049
9205666,173,104,8943,2018,0.0,14068.0,-0.6673060000000001,-0.183315,PER,IND,843049
9205667,177,104,8943,2018,52147.0,7120.0,1.132475,1.258945,POL,IND,843049
9205668,179,104,8943,2018,514868.0,0.0,0.652628,2.211758,PRT,IND,843049
9205669,183,104,8943,2018,175390.0,5455.0,-0.068401,-1.014732,QAT,IND,843049
9205670,188,104,8943,2018,1430344.0,114618.0,0.5801810000000001,-0.447514,SAU,IND,843049
9205671,190,104,8943,2018,0.0,7601036.0,-1.278532,-1.176008,SDN,IND,843049
9205672,191,104,8943,2018,15649.0,0.0,-0.751378,-0.390573,SEN,IND,843049
9205673,192,104,8943,2018,4820250.0,3911526.0,1.914132,0.652011,SGP,IND,843049
9205674,197,104,8943,2018,0.0,21566.0,0.073928,0.22548600000000002,SLV,IND,843049
9205675,201,104,8943,2018,0.0,187133.0,0.607486,1.2139389999999999,SRB,IND,843049
9205676,207,104,8943,2018,0.0,987.0,1.67428,0.7703800000000001,SVN,IND,843049
9205677,208,104,8943,2018,4248844.0,20488.0,1.76361,0.766904,SWE,IND,843049
9205678,211,104,8943,2018,0.0,952.0,0.187352,-0.693013,SYC,IND,843049
9205679,212,104,8943,2018,0.0,6582.0,-0.6836760000000001,0.554563,SYR,IND,843049
9205680,215,104,8943,2018,0.0,40181.0,-0.685084,-0.773437,TGO,IND,843049
9205681,216,104,8943,2018,46260.0,160742.0,1.053177,1.4084969999999999,THA,IND,843049
9205682,223,104,8943,2018,10834.0,0.0,0.259778,1.187194,TUN,IND,843049
9205683,224,104,8943,2018,30240.0,0.0,0.518721,2.5581419999999997,TUR,IND,843049
9205684,226,104,8943,2018,0.0,31800.0,-0.09850700000000001,1.145606,TZA,IND,843049
9205685,227,104,8943,2018,0.0,116186.0,-0.621049,-0.061448,UGA,IND,843049
9205686,231,104,8943,2018,704199.0,1723924.0,1.585861,0.44815900000000003,USA,IND,843049
9205687,239,104,8943,2018,409055.0,538351.0,0.003069,0.9169729999999999,VNM,IND,843049
9205688,246,104,8943,2018,743267.0,3142.0,0.158722,1.394829,ZAF,IND,843049
9205689,247,104,8943,2018,0.0,4384.0,-0.736064,-0.93958,ZMB,IND,843049
9205690,248,104,8943,2018,0.0,34043.0,-1.181524,-1.0648520000000001,ZWE,IND,843049
9205691,250,104,8943,2018,952994.0,0.0,0.809991,-0.368737,ANS,IND,843049
9205692,14,106,8943,2018,123880.0,0.0,-0.29687199999999997,-0.123116,AUS,IRL,843049
9205693,68,106,8943,2018,0.0,68025.0,-0.096635,1.585658,EGY,IRL,843049
9205694,74,106,8943,2018,869.0,0.0,1.61151,0.9474549999999999,FIN,IRL,843049
9205695,81,106,8943,2018,1463733.0,4999.0,1.693008,0.768159,GBR,IRL,843049
9205696,111,106,8943,2018,19505.0,10594.0,1.3602530000000002,0.453607,ITA,IRL,843049
9205697,208,106,8943,2018,31863.0,0.0,1.76361,0.766904,SWE,IRL,843049
9205698,217,106,8943,2018,0.0,8935.0,-0.757793,-1.0641209999999999,TJK,IRL,843049
9205699,231,106,8943,2018,4006.0,48143.0,1.585861,0.44815900000000003,USA,IRL,843049
9205700,246,106,8943,2018,0.0,21668.0,0.158722,1.394829,ZAF,IRL,843049
9205701,2,111,8943,2018,0.0,18736.0,-1.489191,-1.213992,AGO,ITA,843049
9205702,4,111,8943,2018,0.0,99712.0,-0.456481,-0.139655,ALB,ITA,843049
9205703,7,111,8943,2018,32923.0,6851.0,0.11804400000000001,-0.326851,ARE,ITA,843049
9205704,8,111,8943,2018,0.0,434230.0,-0.14316800000000002,0.14356,ARG,ITA,843049
9205705,9,111,8943,2018,0.0,1875.0,-0.330516,-0.604744,ARM,ITA,843049
9205706,14,111,8943,2018,0.0,759392.0,-0.29687199999999997,-0.123116,AUS,ITA,843049
9205707,15,111,8943,2018,73818.0,99162.0,1.774488,-0.21117800000000003,AUT,ITA,843049
9205708,16,111,8943,2018,0.0,69445.0,-1.144089,-1.224327,AZE,ITA,843049
9205709,17,111,8943,2018,0.0,40379.0,-0.654964,-0.9683229999999999,BDI,ITA,843049
9205710,18,111,8943,2018,15652.0,51047.0,1.270641,1.201063,BEL,ITA,843049
9205711,19,111,8943,2018,0.0,2831.0,-0.646475,-0.769808,BEN,ITA,843049
9205712,21,111,8943,2018,0.0,4466.0,-0.8835200000000001,-0.9790620000000001,BFA,ITA,843049
9205713,22,111,8943,2018,0.0,8237556.0,-0.899467,-0.9823719999999999,BGD,ITA,843049
9205714,23,111,8943,2018,0.0,162465.0,0.571226,1.836856,BGR,ITA,843049
9205715,26,111,8943,2018,0.0,192825.0,0.526392,0.742398,BIH,ITA,843049
9205716,31,111,8943,2018,0.0,5277306.0,-1.153953,-1.070749,BOL,ITA,843049
9205717,32,111,8943,2018,20434.0,23940.0,0.143397,0.582092,BRA,ITA,843049
9205718,39,111,8943,2018,22664.0,66869.0,0.666822,1.218593,CAN,ITA,843049
9205719,41,111,8943,2018,76391.0,688273.0,2.2324330000000003,0.7801560000000001,CHE,ITA,843049
9205720,42,111,8943,2018,1617248.0,125498.0,-0.37677,-0.49605299999999997,CHL,ITA,843049
9205721,43,111,8943,2018,331613.0,75714.0,1.200689,1.2822,CHN,ITA,843049
9205722,44,111,8943,2018,0.0,2179.0,-0.8733569999999999,-0.8443139999999999,CIV,ITA,843049
9205723,45,111,8943,2018,0.0,3908.0,-1.366619,-1.09894,CMR,ITA,843049
9205724,46,111,8943,2018,0.0,160204.0,-1.743034,-1.20446,COD,ITA,843049
9205725,49,111,8943,2018,72023.0,252951.0,0.20431,-0.15273699999999998,COL,ITA,843049
9205726,52,111,8943,2018,0.0,5358.0,0.19386,0.05811,CRI,ITA,843049
9205727,58,111,8943,2018,0.0,14304.0,0.45442,-0.113303,CYP,ITA,843049
9205728,59,111,8943,2018,214018.0,214508.0,1.841016,0.220806,CZE,ITA,843049
9205729,61,111,8943,2018,654297.0,581808.0,2.109059,-2.428826,DEU,ITA,843049
9205730,63,111,8943,2018,0.0,3121.0,0.381788,0.039853,DMA,ITA,843049
9205731,64,111,8943,2018,0.0,268818.0,1.0945040000000001,1.3311540000000002,DNK,ITA,843049
9205732,65,111,8943,2018,0.0,1176.0,-0.084258,0.474872,DOM,ITA,843049
9205733,66,111,8943,2018,0.0,1470166.0,-1.281519,-1.22291,DZA,ITA,843049
9205734,68,111,8943,2018,163794.0,13966.0,-0.096635,1.585658,EGY,ITA,843049
9205735,71,111,8943,2018,58127.0,553478.0,0.744825,2.919005,ESP,ITA,843049
9205736,72,111,8943,2018,0.0,1958.0,0.979986,1.2365899999999999,EST,ITA,843049
9205737,73,111,8943,2018,0.0,55383.0,-0.874857,-0.464958,ETH,ITA,843049
9205738,74,111,8943,2018,113324.0,56440.0,1.61151,0.9474549999999999,FIN,ITA,843049
9205739,77,111,8943,2018,10780.0,2031621.0,1.420819,0.7793770000000001,FRA,ITA,843049
9205740,80,111,8943,2018,0.0,1829.0,-1.4979200000000001,-1.180407,GAB,ITA,843049
9205741,81,111,8943,2018,10445.0,412201.0,1.693008,0.768159,GBR,ITA,843049
9205742,83,111,8943,2018,0.0,11078.0,-0.956109,-0.861556,GHA,ITA,843049
9205743,90,111,8943,2018,2478.0,69762.0,0.059539999999999996,1.0321879999999999,GRC,ITA,843049
9205744,93,111,8943,2018,0.0,15259.0,-0.362668,0.520826,GTM,ITA,843049
9205745,97,111,8943,2018,0.0,33529.0,0.843677,1.656073,HKG,ITA,843049
9205746,99,111,8943,2018,57764.0,423868.0,-0.523738,-0.193198,HND,ITA,843049
9205747,100,111,8943,2018,0.0,148228.0,0.7923720000000001,1.4047209999999999,HRV,ITA,843049
9205748,101,111,8943,2018,0.0,1440.0,-0.914545,-0.890601,HTI,ITA,843049
9205749,102,111,8943,2018,4422.0,162647.0,1.519662,0.833092,HUN,ITA,843049
9205750,103,111,8943,2018,0.0,167754.0,-0.10130499999999999,1.2414209999999999,IDN,ITA,843049
9205751,104,111,8943,2018,838486.0,435699.0,0.526015,2.448112,IND,ITA,843049
9205752,106,111,8943,2018,10594.0,19505.0,1.262419,0.013576,IRL,ITA,843049
9205753,107,111,8943,2018,0.0,2074.0,-0.389954,-0.258156,IRN,ITA,843049
9205754,108,111,8943,2018,0.0,14876.0,-1.7504400000000002,-1.018699,IRQ,ITA,843049
9205755,110,111,8943,2018,333726.0,498615.0,1.355071,0.872822,ISR,ITA,843049
9205756,114,111,8943,2018,8711.0,60077.0,2.514533,-0.416074,JPN,ITA,843049
9205757,115,111,8943,2018,0.0,135439.0,-0.483862,-0.667417,KAZ,ITA,843049
9205758,116,111,8943,2018,0.0,4442.0,-0.32707800000000004,0.71009,KEN,ITA,843049
9205759,118,111,8943,2018,0.0,8573.0,-0.45740299999999995,-0.575966,KHM,ITA,843049
9205760,121,111,8943,2018,0.0,5804.0,2.093866,0.764303,KOR,ITA,843049
9205761,124,111,8943,2018,0.0,1706.0,0.270554,0.9995149999999999,LBN,ITA,843049
9205762,130,111,8943,2018,12265.0,4771.0,0.964249,1.4050200000000002,LTU,ITA,843049
9205763,131,111,8943,2018,0.0,340999.0,1.1142889999999999,1.306066,LUX,ITA,843049
9205764,132,111,8943,2018,0.0,11364.0,0.707168,1.294297,LVA,ITA,843049
9205765,134,111,8943,2018,0.0,588604.0,-0.712775,-0.090013,MAR,ITA,843049
9205766,138,111,8943,2018,0.0,21396.0,1.00061,0.585759,MEX,ITA,843049
9205767,140,111,8943,2018,0.0,36366.0,0.079976,-0.20256,MKD,ITA,843049
9205768,142,111,8943,2018,0.0,27791.0,0.9621219999999999,0.257289,MLT,ITA,843049
9205769,143,111,8943,2018,0.0,156110.0,-0.936467,-0.223413,MMR,ITA,843049
9205770,144,111,8943,2018,0.0,8218.0,0.332495,0.124258,MNE,ITA,843049
9205771,153,111,8943,2018,0.0,122984.0,1.122976,0.734109,MYS,ITA,843049
9205772,156,111,8943,2018,0.0,3203.0,-0.49370299999999995,-0.865432,NCL,ITA,843049
9205773,159,111,8943,2018,0.0,89277.0,-1.8238,-1.259938,NGA,ITA,843049
9205774,160,111,8943,2018,0.0,2098.0,-0.887282,-0.827008,NIC,ITA,843049
9205775,162,111,8943,2018,136691.0,14286.0,1.1478899999999999,1.454758,NLD,ITA,843049
9205776,163,111,8943,2018,0.0,360910.0,0.681639,0.021762,NOR,ITA,843049
9205777,166,111,8943,2018,0.0,144806.0,0.21902600000000003,0.148714,NZL,ITA,843049
9205778,167,111,8943,2018,4110.0,4077.0,-0.548048,-0.9972989999999999,OMN,ITA,843049
9205779,168,111,8943,2018,0.0,33378.0,-0.64348,0.665045,PAK,ITA,843049
9205780,173,111,8943,2018,0.0,11196.0,-0.6673060000000001,-0.183315,PER,ITA,843049
9205781,174,111,8943,2018,0.0,1996925.0,0.781409,0.22126700000000002,PHL,ITA,843049
9205782,177,111,8943,2018,0.0,549431.0,1.132475,1.258945,POL,ITA,843049
9205783,179,111,8943,2018,0.0,95950.0,0.652628,2.211758,PRT,ITA,843049
9205784,180,111,8943,2018,0.0,63822.0,-0.614751,-0.952478,PRY,ITA,843049
9205785,182,111,8943,2018,0.0,9121.0,0.21430300000000002,-0.484076,PYF,ITA,843049
9205786,183,111,8943,2018,0.0,287096.0,-0.068401,-1.014732,QAT,ITA,843049
9205787,185,111,8943,2018,12466.0,697558.0,1.050715,1.04471,ROU,ITA,843049
9205788,186,111,8943,2018,0.0,6442526.0,0.21398000000000003,0.100414,RUS,ITA,843049
9205789,188,111,8943,2018,349612.0,64572.0,0.5801810000000001,-0.447514,SAU,ITA,843049
9205790,190,111,8943,2018,0.0,1994.0,-1.278532,-1.176008,SDN,ITA,843049
9205791,191,111,8943,2018,0.0,24992.0,-0.751378,-0.390573,SEN,ITA,843049
9205792,192,111,8943,2018,1507.0,4091.0,1.914132,0.652011,SGP,ITA,843049
9205793,197,111,8943,2018,0.0,29365.0,0.073928,0.22548600000000002,SLV,ITA,843049
9205794,201,111,8943,2018,0.0,11662.0,0.607486,1.2139389999999999,SRB,ITA,843049
9205795,206,111,8943,2018,0.0,35142.0,1.3270979999999999,0.877684,SVK,ITA,843049
9205796,207,111,8943,2018,0.0,90916.0,1.67428,0.7703800000000001,SVN,ITA,843049
9205797,208,111,8943,2018,303097.0,416400.0,1.76361,0.766904,SWE,ITA,843049
9205798,215,111,8943,2018,0.0,2922.0,-0.685084,-0.773437,TGO,ITA,843049
9205799,216,111,8943,2018,61907.0,1563.0,1.053177,1.4084969999999999,THA,ITA,843049
9205800,217,111,8943,2018,0.0,117852.0,-0.757793,-1.0641209999999999,TJK,ITA,843049
9205801,223,111,8943,2018,0.0,25360.0,0.259778,1.187194,TUN,ITA,843049
9205802,224,111,8943,2018,1420.0,31492.0,0.518721,2.5581419999999997,TUR,ITA,843049
9205803,227,111,8943,2018,0.0,15505.0,-0.621049,-0.061448,UGA,ITA,843049
9205804,228,111,8943,2018,0.0,10855.0,0.337296,0.758675,UKR,ITA,843049
9205805,230,111,8943,2018,0.0,1163.0,-0.02056,-0.38911,URY,ITA,843049
9205806,231,111,8943,2018,83587.0,5417853.0,1.585861,0.44815900000000003,USA,ITA,843049
9205807,232,111,8943,2018,0.0,3166.0,-0.591547,-0.429982,UZB,ITA,843049
9205808,246,111,8943,2018,0.0,13831.0,0.158722,1.394829,ZAF,ITA,843049
9205809,249,111,8943,2018,5215.0,0.0,2.0462540000000002,1.166636,TWN,ITA,843049
9205810,14,112,8943,2018,738325.0,0.0,-0.29687199999999997,-0.123116,AUS,JAM,843049
9205811,32,112,8943,2018,12385.0,0.0,0.143397,0.582092,BRA,JAM,843049
9205812,39,112,8943,2018,0.0,46316.0,0.666822,1.218593,CAN,JAM,843049
9205813,231,112,8943,2018,72514.0,0.0,1.585861,0.44815900000000003,USA,JAM,843049
9205814,61,113,8943,2018,8394.0,0.0,2.109059,-2.428826,DEU,JOR,843049
9205815,81,113,8943,2018,19128.0,0.0,1.693008,0.768159,GBR,JOR,843049
9205816,114,113,8943,2018,4456.0,0.0,2.514533,-0.416074,JPN,JOR,843049
9205817,122,113,8943,2018,75401.0,0.0,-0.668802,-1.154012,KWT,JOR,843049
9205818,162,113,8943,2018,2645716.0,0.0,1.1478899999999999,1.454758,NLD,JOR,843049
9205819,188,113,8943,2018,69715.0,23438.0,0.5801810000000001,-0.447514,SAU,JOR,843049
9205820,224,113,8943,2018,33091.0,0.0,0.518721,2.5581419999999997,TUR,JOR,843049
9205821,231,113,8943,2018,5406.0,0.0,1.585861,0.44815900000000003,USA,JOR,843049
9205822,250,113,8943,2018,0.0,113951.0,0.809991,-0.368737,ANS,JOR,843049
9205823,7,114,8943,2018,62589.0,23976.0,0.11804400000000001,-0.326851,ARE,JPN,843049
9205824,8,114,8943,2018,0.0,57014.0,-0.14316800000000002,0.14356,ARG,JPN,843049
9205825,14,114,8943,2018,59166.0,489913.0,-0.29687199999999997,-0.123116,AUS,JPN,843049
9205826,18,114,8943,2018,80840.0,0.0,1.270641,1.201063,BEL,JPN,843049
9205827,22,114,8943,2018,0.0,1795840.0,-0.899467,-0.9823719999999999,BGD,JPN,843049
9205828,31,114,8943,2018,0.0,25033.0,-1.153953,-1.070749,BOL,JPN,843049
9205829,37,114,8943,2018,0.0,65375.0,-0.8339610000000001,-1.184307,BWA,JPN,843049
9205830,39,114,8943,2018,53408.0,0.0,0.666822,1.218593,CAN,JPN,843049
9205831,43,114,8943,2018,156729.0,1101534.0,1.200689,1.2822,CHN,JPN,843049
9205832,44,114,8943,2018,0.0,1642.0,-0.8733569999999999,-0.8443139999999999,CIV,JPN,843049
9205833,46,114,8943,2018,642100.0,0.0,-1.743034,-1.20446,COD,JPN,843049
9205834,61,114,8943,2018,2983.0,123170.0,2.109059,-2.428826,DEU,JPN,843049
9205835,67,114,8943,2018,0.0,185705.0,-0.873973,-1.032841,ECU,JPN,843049
9205836,68,114,8943,2018,0.0,499466.0,-0.096635,1.585658,EGY,JPN,843049
9205837,71,114,8943,2018,11875.0,0.0,0.744825,2.919005,ESP,JPN,843049
9205838,73,114,8943,2018,0.0,6981.0,-0.874857,-0.464958,ETH,JPN,843049
9205839,74,114,8943,2018,0.0,49089.0,1.61151,0.9474549999999999,FIN,JPN,843049
9205840,77,114,8943,2018,98395.0,29958.0,1.420819,0.7793770000000001,FRA,JPN,843049
9205841,81,114,8943,2018,7177.0,116565.0,1.693008,0.768159,GBR,JPN,843049
9205842,83,114,8943,2018,0.0,106637.0,-0.956109,-0.861556,GHA,JPN,843049
9205843,97,114,8943,2018,2971458.0,103864.0,0.843677,1.656073,HKG,JPN,843049
9205844,103,114,8943,2018,0.0,780930.0,-0.10130499999999999,1.2414209999999999,IDN,JPN,843049
9205845,104,114,8943,2018,26653.0,53967.0,0.526015,2.448112,IND,JPN,843049
9205846,107,114,8943,2018,0.0,19048.0,-0.389954,-0.258156,IRN,JPN,843049
9205847,111,114,8943,2018,60077.0,8711.0,1.3602530000000002,0.453607,ITA,JPN,843049
9205848,113,114,8943,2018,0.0,4456.0,-0.086895,0.283829,JOR,JPN,843049
9205849,116,114,8943,2018,0.0,4805.0,-0.32707800000000004,0.71009,KEN,JPN,843049
9205850,117,114,8943,2018,0.0,2998.0,-0.141491,0.33161,KGZ,JPN,843049
9205851,118,114,8943,2018,0.0,8319.0,-0.45740299999999995,-0.575966,KHM,JPN,843049
9205852,119,114,8943,2018,0.0,3408.0,-0.321563,-0.9075110000000001,KIR,JPN,843049
9205853,121,114,8943,2018,428598.0,1359516.0,2.093866,0.764303,KOR,JPN,843049
9205854,122,114,8943,2018,0.0,111233.0,-0.668802,-1.154012,KWT,JPN,843049
9205855,123,114,8943,2018,0.0,7421.0,-0.788808,-0.8012670000000001,LAO,JPN,843049
9205856,128,114,8943,2018,0.0,29309.0,-0.544504,0.41074099999999997,LKA,JPN,843049
9205857,138,114,8943,2018,0.0,87188.0,1.00061,0.585759,MEX,JPN,843049
9205858,141,114,8943,2018,0.0,8253.0,-0.49666499999999997,-0.7189909999999999,MLI,JPN,843049
9205859,143,114,8943,2018,0.0,354451.0,-0.936467,-0.223413,MMR,JPN,843049
9205860,144,114,8943,2018,0.0,12286.0,0.332495,0.124258,MNE,JPN,843049
9205861,153,114,8943,2018,2092.0,515030.0,1.122976,0.734109,MYS,JPN,843049
9205862,159,114,8943,2018,0.0,21709.0,-1.8238,-1.259938,NGA,JPN,843049
9205863,163,114,8943,2018,0.0,34446.0,0.681639,0.021762,NOR,JPN,843049
9205864,166,114,8943,2018,94835.0,2538.0,0.21902600000000003,0.148714,NZL,JPN,843049
9205865,167,114,8943,2018,0.0,302368.0,-0.548048,-0.9972989999999999,OMN,JPN,843049
9205866,168,114,8943,2018,64827.0,335790.0,-0.64348,0.665045,PAK,JPN,843049
9205867,173,114,8943,2018,33974.0,0.0,-0.6673060000000001,-0.183315,PER,JPN,843049
9205868,174,114,8943,2018,0.0,421824.0,0.781409,0.22126700000000002,PHL,JPN,843049
9205869,175,114,8943,2018,0.0,28403.0,0.07495,-0.8339719999999999,PLW,JPN,843049
9205870,176,114,8943,2018,0.0,10871.0,-1.7580360000000002,-1.239492,PNG,JPN,843049
9205871,186,114,8943,2018,0.0,43455.0,0.21398000000000003,0.100414,RUS,JPN,843049
9205872,188,114,8943,2018,0.0,146241.0,0.5801810000000001,-0.447514,SAU,JPN,843049
9205873,190,114,8943,2018,0.0,2090510.0,-1.278532,-1.176008,SDN,JPN,843049
9205874,191,114,8943,2018,0.0,1758.0,-0.751378,-0.390573,SEN,JPN,843049
9205875,192,114,8943,2018,137539.0,441096.0,1.914132,0.652011,SGP,JPN,843049
9205876,195,114,8943,2018,323069.0,0.0,-1.246494,-0.998495,SLB,JPN,843049
9205877,208,114,8943,2018,866782.0,54547.0,1.76361,0.766904,SWE,JPN,843049
9205878,216,114,8943,2018,184126.0,327860.0,1.053177,1.4084969999999999,THA,JPN,843049
9205879,221,114,8943,2018,0.0,18119.0,0.087991,-0.5723060000000001,TON,JPN,843049
9205880,227,114,8943,2018,0.0,5379.0,-0.621049,-0.061448,UGA,JPN,843049
9205881,228,114,8943,2018,0.0,5433.0,0.337296,0.758675,UKR,JPN,843049
9205882,231,114,8943,2018,309687.0,9592803.0,1.585861,0.44815900000000003,USA,JPN,843049
9205883,239,114,8943,2018,0.0,630767.0,0.003069,0.9169729999999999,VNM,JPN,843049
9205884,242,114,8943,2018,0.0,224377.0,0.336421,0.186474,WSM,JPN,843049
9205885,249,114,8943,2018,0.0,1986899.0,2.0462540000000002,1.166636,TWN,JPN,843049
9205886,43,118,8943,2018,21286.0,0.0,1.200689,1.2822,CHN,KHM,843049
9205887,111,118,8943,2018,8573.0,0.0,1.3602530000000002,0.453607,ITA,KHM,843049
9205888,114,118,8943,2018,8319.0,0.0,2.514533,-0.416074,JPN,KHM,843049
9205889,216,118,8943,2018,3029.0,0.0,1.053177,1.4084969999999999,THA,KHM,843049
9205890,7,121,8943,2018,0.0,1251234.0,0.11804400000000001,-0.326851,ARE,KOR,843049
9205891,14,121,8943,2018,0.0,2908.0,-0.29687199999999997,-0.123116,AUS,KOR,843049
9205892,34,121,8943,2018,44922.0,0.0,0.562198,-0.774457,BRN,KOR,843049
9205893,39,121,8943,2018,0.0,11114.0,0.666822,1.218593,CAN,KOR,843049
9205894,42,121,8943,2018,0.0,110144.0,-0.37677,-0.49605299999999997,CHL,KOR,843049
9205895,43,121,8943,2018,447749.0,0.0,1.200689,1.2822,CHN,KOR,843049
9205896,49,121,8943,2018,0.0,140800.0,0.20431,-0.15273699999999998,COL,KOR,843049
9205897,61,121,8943,2018,11649.0,0.0,2.109059,-2.428826,DEU,KOR,843049
9205898,64,121,8943,2018,0.0,32006.0,1.0945040000000001,1.3311540000000002,DNK,KOR,843049
9205899,67,121,8943,2018,0.0,634614.0,-0.873973,-1.032841,ECU,KOR,843049
9205900,68,121,8943,2018,0.0,23756828.0,-0.096635,1.585658,EGY,KOR,843049
9205901,74,121,8943,2018,1677.0,225668.0,1.61151,0.9474549999999999,FIN,KOR,843049
9205902,77,121,8943,2018,15314.0,21417.0,1.420819,0.7793770000000001,FRA,KOR,843049
9205903,81,121,8943,2018,48946.0,0.0,1.693008,0.768159,GBR,KOR,843049
9205904,97,121,8943,2018,39068.0,2764335.0,0.843677,1.656073,HKG,KOR,843049
9205905,103,121,8943,2018,0.0,156643.0,-0.10130499999999999,1.2414209999999999,IDN,KOR,843049
9205906,104,121,8943,2018,0.0,1868364.0,0.526015,2.448112,IND,KOR,843049
9205907,107,121,8943,2018,0.0,210473.0,-0.389954,-0.258156,IRN,KOR,843049
9205908,110,121,8943,2018,0.0,47894.0,1.355071,0.872822,ISR,KOR,843049
9205909,111,121,8943,2018,5804.0,0.0,1.3602530000000002,0.453607,ITA,KOR,843049
9205910,114,121,8943,2018,1359516.0,428598.0,2.514533,-0.416074,JPN,KOR,843049
9205911,115,121,8943,2018,0.0,340464.0,-0.483862,-0.667417,KAZ,KOR,843049
9205912,116,121,8943,2018,0.0,34715.0,-0.32707800000000004,0.71009,KEN,KOR,843049
9205913,122,121,8943,2018,23639.0,197412.0,-0.668802,-1.154012,KWT,KOR,843049
9205914,123,121,8943,2018,0.0,24268.0,-0.788808,-0.8012670000000001,LAO,KOR,843049
9205915,124,121,8943,2018,0.0,6250.0,0.270554,0.9995149999999999,LBN,KOR,843049
9205916,128,121,8943,2018,216680.0,0.0,-0.544504,0.41074099999999997,LKA,KOR,843049
9205917,138,121,8943,2018,0.0,198465.0,1.00061,0.585759,MEX,KOR,843049
9205918,143,121,8943,2018,136518.0,71856.0,-0.936467,-0.223413,MMR,KOR,843049
9205919,144,121,8943,2018,0.0,3382.0,0.332495,0.124258,MNE,KOR,843049
9205920,145,121,8943,2018,0.0,54720.0,-0.934398,-1.125105,MNG,KOR,843049
9205921,153,121,8943,2018,0.0,155610.0,1.122976,0.734109,MYS,KOR,843049
9205922,159,121,8943,2018,3886.0,0.0,-1.8238,-1.259938,NGA,KOR,843049
9205923,162,121,8943,2018,7142.0,0.0,1.1478899999999999,1.454758,NLD,KOR,843049
9205924,168,121,8943,2018,0.0,429379.0,-0.64348,0.665045,PAK,KOR,843049
9205925,173,121,8943,2018,0.0,27310.0,-0.6673060000000001,-0.183315,PER,KOR,843049
9205926,174,121,8943,2018,0.0,178720.0,0.781409,0.22126700000000002,PHL,KOR,843049
9205927,179,121,8943,2018,0.0,150570.0,0.652628,2.211758,PRT,KOR,843049
9205928,181,121,8943,2018,0.0,14249.0,0.096402,0.735946,PSE,KOR,843049
9205929,186,121,8943,2018,0.0,1222509.0,0.21398000000000003,0.100414,RUS,KOR,843049
9205930,188,121,8943,2018,285779.0,7525416.0,0.5801810000000001,-0.447514,SAU,KOR,843049
9205931,190,121,8943,2018,0.0,18092332.0,-1.278532,-1.176008,SDN,KOR,843049
9205932,192,121,8943,2018,31050.0,377696.0,1.914132,0.652011,SGP,KOR,843049
9205933,201,121,8943,2018,0.0,9202.0,0.607486,1.2139389999999999,SRB,KOR,843049
9205934,207,121,8943,2018,0.0,9015.0,1.67428,0.7703800000000001,SVN,KOR,843049
9205935,208,121,8943,2018,401111.0,0.0,1.76361,0.766904,SWE,KOR,843049
9205936,216,121,8943,2018,8010.0,124575.0,1.053177,1.4084969999999999,THA,KOR,843049
9205937,227,121,8943,2018,0.0,115393.0,-0.621049,-0.061448,UGA,KOR,843049
9205938,228,121,8943,2018,0.0,86256.0,0.337296,0.758675,UKR,KOR,843049
9205939,230,121,8943,2018,0.0,72423.0,-0.02056,-0.38911,URY,KOR,843049
9205940,231,121,8943,2018,129900.0,279735.0,1.585861,0.44815900000000003,USA,KOR,843049
9205941,232,121,8943,2018,0.0,1219250.0,-0.591547,-0.429982,UZB,KOR,843049
9205942,239,121,8943,2018,0.0,85638.0,0.003069,0.9169729999999999,VNM,KOR,843049
9205943,246,121,8943,2018,0.0,11412.0,0.158722,1.394829,ZAF,KOR,843049
9205944,249,121,8943,2018,0.0,3032842.0,2.0462540000000002,1.166636,TWN,KOR,843049
9205945,7,122,8943,2018,2209458.0,1592296.0,0.11804400000000001,-0.326851,ARE,KWT,843049
9205946,14,122,8943,2018,318998.0,28278.0,-0.29687199999999997,-0.123116,AUS,KWT,843049
9205947,15,122,8943,2018,385003.0,0.0,1.774488,-0.21117800000000003,AUT,KWT,843049
9205948,18,122,8943,2018,95131.0,0.0,1.270641,1.201063,BEL,KWT,843049
9205949,24,122,8943,2018,10288.0,98866.0,0.318352,-0.69221,BHR,KWT,843049
9205950,39,122,8943,2018,84542.0,0.0,0.666822,1.218593,CAN,KWT,843049
9205951,41,122,8943,2018,974.0,0.0,2.2324330000000003,0.7801560000000001,CHE,KWT,843049
9205952,43,122,8943,2018,1396352.0,2536701.0,1.200689,1.2822,CHN,KWT,843049
9205953,47,122,8943,2018,342.0,0.0,-1.52875,-1.1869100000000001,COG,KWT,843049
9205954,61,122,8943,2018,50092.0,206021.0,2.109059,-2.428826,DEU,KWT,843049
9205955,68,122,8943,2018,0.0,1125774.0,-0.096635,1.585658,EGY,KWT,843049
9205956,71,122,8943,2018,9310.0,0.0,0.744825,2.919005,ESP,KWT,843049
9205957,80,122,8943,2018,14904.0,0.0,-1.4979200000000001,-1.180407,GAB,KWT,843049
9205958,81,122,8943,2018,83349.0,0.0,1.693008,0.768159,GBR,KWT,843049
9205959,104,122,8943,2018,787776.0,252419.0,0.526015,2.448112,IND,KWT,843049
9205960,107,122,8943,2018,1432.0,0.0,-0.389954,-0.258156,IRN,KWT,843049
9205961,113,122,8943,2018,0.0,75401.0,-0.086895,0.283829,JOR,KWT,843049
9205962,114,122,8943,2018,111233.0,0.0,2.514533,-0.416074,JPN,KWT,843049
9205963,121,122,8943,2018,197412.0,23639.0,2.093866,0.764303,KOR,KWT,843049
9205964,153,122,8943,2018,0.0,11692.0,1.122976,0.734109,MYS,KWT,843049
9205965,162,122,8943,2018,18348.0,0.0,1.1478899999999999,1.454758,NLD,KWT,843049
9205966,167,122,8943,2018,144314.0,0.0,-0.548048,-0.9972989999999999,OMN,KWT,843049
9205967,174,122,8943,2018,0.0,58793.0,0.781409,0.22126700000000002,PHL,KWT,843049
9205968,183,122,8943,2018,0.0,21138.0,-0.068401,-1.014732,QAT,KWT,843049
9205969,185,122,8943,2018,725707.0,0.0,1.050715,1.04471,ROU,KWT,843049
9205970,186,122,8943,2018,24666.0,0.0,0.21398000000000003,0.100414,RUS,KWT,843049
9205971,188,122,8943,2018,2177448.0,122882.0,0.5801810000000001,-0.447514,SAU,KWT,843049
9205972,216,122,8943,2018,63223.0,0.0,1.053177,1.4084969999999999,THA,KWT,843049
9205973,224,122,8943,2018,216224.0,0.0,0.518721,2.5581419999999997,TUR,KWT,843049
9205974,226,122,8943,2018,47786.0,0.0,-0.09850700000000001,1.145606,TZA,KWT,843049
9205975,231,122,8943,2018,31835114.0,0.0,1.585861,0.44815900000000003,USA,KWT,843049
9205976,7,130,8943,2018,19627.0,0.0,0.11804400000000001,-0.326851,ARE,LTU,843049
9205977,18,130,8943,2018,4974.0,0.0,1.270641,1.201063,BEL,LTU,843049
9205978,28,130,8943,2018,0.0,18619.0,0.850089,0.8332870000000001,BLR,LTU,843049
9205979,39,130,8943,2018,10108.0,0.0,0.666822,1.218593,CAN,LTU,843049
9205980,59,130,8943,2018,19030.0,0.0,1.841016,0.220806,CZE,LTU,843049
9205981,61,130,8943,2018,167732.0,21579.0,2.109059,-2.428826,DEU,LTU,843049
9205982,64,130,8943,2018,946.0,0.0,1.0945040000000001,1.3311540000000002,DNK,LTU,843049
9205983,72,130,8943,2018,3359.0,9397.0,0.979986,1.2365899999999999,EST,LTU,843049
9205984,74,130,8943,2018,2337.0,0.0,1.61151,0.9474549999999999,FIN,LTU,843049
9205985,77,130,8943,2018,0.0,1903.0,1.420819,0.7793770000000001,FRA,LTU,843049
9205986,81,130,8943,2018,190059.0,0.0,1.693008,0.768159,GBR,LTU,843049
9205987,82,130,8943,2018,0.0,3763.0,-0.049871,-0.28439899999999996,GEO,LTU,843049
9205988,111,130,8943,2018,4771.0,12265.0,1.3602530000000002,0.453607,ITA,LTU,843049
9205989,132,130,8943,2018,0.0,50981.0,0.707168,1.294297,LVA,LTU,843049
9205990,162,130,8943,2018,0.0,6749.0,1.1478899999999999,1.454758,NLD,LTU,843049
9205991,177,130,8943,2018,7126.0,15279.0,1.132475,1.258945,POL,LTU,843049
9205992,208,130,8943,2018,1536.0,13096.0,1.76361,0.766904,SWE,LTU,843049
9205993,231,130,8943,2018,130753.0,26904.0,1.585861,0.44815900000000003,USA,LTU,843049
9205994,14,138,8943,2018,0.0,5761.0,-0.29687199999999997,-0.123116,AUS,MEX,843049
9205995,18,138,8943,2018,0.0,5156.0,1.270641,1.201063,BEL,MEX,843049
9205996,32,138,8943,2018,18840.0,15200.0,0.143397,0.582092,BRA,MEX,843049
9205997,39,138,8943,2018,1610167.0,392613.0,0.666822,1.218593,CAN,MEX,843049
9205998,42,138,8943,2018,0.0,148927.0,-0.37677,-0.49605299999999997,CHL,MEX,843049
9205999,43,138,8943,2018,232918.0,0.0,1.200689,1.2822,CHN,MEX,843049
9206000,45,138,8943,2018,0.0,4847.0,-1.366619,-1.09894,CMR,MEX,843049
9206001,49,138,8943,2018,155188.0,226521.0,0.20431,-0.15273699999999998,COL,MEX,843049
9206002,52,138,8943,2018,0.0,110127.0,0.19386,0.05811,CRI,MEX,843049
9206003,61,138,8943,2018,37412.0,0.0,2.109059,-2.428826,DEU,MEX,843049
9206004,71,138,8943,2018,415041.0,71922.0,0.744825,2.919005,ESP,MEX,843049
9206005,74,138,8943,2018,165244.0,0.0,1.61151,0.9474549999999999,FIN,MEX,843049
9206006,77,138,8943,2018,104384.0,4606.0,1.420819,0.7793770000000001,FRA,MEX,843049
9206007,81,138,8943,2018,113105.0,0.0,1.693008,0.768159,GBR,MEX,843049
9206008,99,138,8943,2018,0.0,37626.0,-0.523738,-0.193198,HND,MEX,843049
9206009,104,138,8943,2018,0.0,130375.0,0.526015,2.448112,IND,MEX,843049
9206010,111,138,8943,2018,21396.0,0.0,1.3602530000000002,0.453607,ITA,MEX,843049
9206011,114,138,8943,2018,87188.0,0.0,2.514533,-0.416074,JPN,MEX,843049
9206012,121,138,8943,2018,198465.0,0.0,2.093866,0.764303,KOR,MEX,843049
9206013,163,138,8943,2018,37520.0,26436.0,0.681639,0.021762,NOR,MEX,843049
9206014,166,138,8943,2018,0.0,20254.0,0.21902600000000003,0.148714,NZL,MEX,843049
9206015,168,138,8943,2018,34947.0,0.0,-0.64348,0.665045,PAK,MEX,843049
9206016,173,138,8943,2018,1412317.0,245102.0,-0.6673060000000001,-0.183315,PER,MEX,843049
9206017,177,138,8943,2018,336845.0,0.0,1.132475,1.258945,POL,MEX,843049
9206018,192,138,8943,2018,196922.0,0.0,1.914132,0.652011,SGP,MEX,843049
9206019,208,138,8943,2018,875650.0,0.0,1.76361,0.766904,SWE,MEX,843049
9206020,216,138,8943,2018,115032.0,0.0,1.053177,1.4084969999999999,THA,MEX,843049
9206021,230,138,8943,2018,0.0,3358.0,-0.02056,-0.38911,URY,MEX,843049
9206022,231,138,8943,2018,6248024.0,317519.0,1.585861,0.44815900000000003,USA,MEX,843049
9206023,246,138,8943,2018,1011100.0,0.0,0.158722,1.394829,ZAF,MEX,843049
9206024,2,153,8943,2018,227515.0,2820215.0,-1.489191,-1.213992,AGO,MYS,843049
9206025,7,153,8943,2018,201888.0,2108145.0,0.11804400000000001,-0.326851,ARE,MYS,843049
9206026,14,153,8943,2018,58541.0,7113.0,-0.29687199999999997,-0.123116,AUS,MYS,843049
9206027,16,153,8943,2018,0.0,15574221.0,-1.144089,-1.224327,AZE,MYS,843049
9206028,18,153,8943,2018,160501.0,0.0,1.270641,1.201063,BEL,MYS,843049
9206029,22,153,8943,2018,0.0,114878.0,-0.899467,-0.9823719999999999,BGD,MYS,843049
9206030,23,153,8943,2018,3559.0,0.0,0.571226,1.836856,BGR,MYS,843049
9206031,31,153,8943,2018,95017.0,0.0,-1.153953,-1.070749,BOL,MYS,843049
9206032,34,153,8943,2018,2985252.0,187196.0,0.562198,-0.774457,BRN,MYS,843049
9206033,39,153,8943,2018,0.0,4031881.0,0.666822,1.218593,CAN,MYS,843049
9206034,43,153,8943,2018,1792049.0,44240.0,1.200689,1.2822,CHN,MYS,843049
9206035,44,153,8943,2018,0.0,3265.0,-0.8733569999999999,-0.8443139999999999,CIV,MYS,843049
9206036,59,153,8943,2018,28337.0,0.0,1.841016,0.220806,CZE,MYS,843049
9206037,61,153,8943,2018,35100.0,0.0,2.109059,-2.428826,DEU,MYS,843049
9206038,68,153,8943,2018,0.0,14534214.0,-0.096635,1.585658,EGY,MYS,843049
9206039,77,153,8943,2018,51708.0,0.0,1.420819,0.7793770000000001,FRA,MYS,843049
9206040,81,153,8943,2018,936393.0,187636.0,1.693008,0.768159,GBR,MYS,843049
9206041,90,153,8943,2018,9100.0,0.0,0.059539999999999996,1.0321879999999999,GRC,MYS,843049
9206042,97,153,8943,2018,494599.0,0.0,0.843677,1.656073,HKG,MYS,843049
9206043,103,153,8943,2018,36826.0,6391746.0,-0.10130499999999999,1.2414209999999999,IDN,MYS,843049
9206044,104,153,8943,2018,1206269.0,1785184.0,0.526015,2.448112,IND,MYS,843049
9206045,108,153,8943,2018,0.0,124808.0,-1.7504400000000002,-1.018699,IRQ,MYS,843049
9206046,111,153,8943,2018,122984.0,0.0,1.3602530000000002,0.453607,ITA,MYS,843049
9206047,114,153,8943,2018,515030.0,2092.0,2.514533,-0.416074,JPN,MYS,843049
9206048,121,153,8943,2018,155610.0,0.0,2.093866,0.764303,KOR,MYS,843049
9206049,122,153,8943,2018,11692.0,0.0,-0.668802,-1.154012,KWT,MYS,843049
9206050,128,153,8943,2018,0.0,102539.0,-0.544504,0.41074099999999997,LKA,MYS,843049
9206051,143,153,8943,2018,123018.0,143067.0,-0.936467,-0.223413,MMR,MYS,843049
9206052,148,153,8943,2018,0.0,43720.0,-1.511361,-1.296003,MRT,MYS,843049
9206053,155,153,8943,2018,25483.0,0.0,-0.668091,-0.779938,NAM,MYS,843049
9206054,162,153,8943,2018,26174.0,0.0,1.1478899999999999,1.454758,NLD,MYS,843049
9206055,163,153,8943,2018,84234.0,996415.0,0.681639,0.021762,NOR,MYS,843049
9206056,167,153,8943,2018,0.0,1218715.0,-0.548048,-0.9972989999999999,OMN,MYS,843049
9206057,186,153,8943,2018,199253.0,4993.0,0.21398000000000003,0.100414,RUS,MYS,843049
9206058,188,153,8943,2018,0.0,655265.0,0.5801810000000001,-0.447514,SAU,MYS,843049
9206059,192,153,8943,2018,3675864.0,756438.0,1.914132,0.652011,SGP,MYS,843049
9206060,195,153,8943,2018,0.0,146018.0,-1.246494,-0.998495,SLB,MYS,843049
9206061,216,153,8943,2018,329785.0,3210309.0,1.053177,1.4084969999999999,THA,MYS,843049
9206062,231,153,8943,2018,504045.0,133333.0,1.585861,0.44815900000000003,USA,MYS,843049
9206063,239,153,8943,2018,38074.0,239709.0,0.003069,0.9169729999999999,VNM,MYS,843049
9206064,246,153,8943,2018,651992.0,20085.0,0.158722,1.394829,ZAF,MYS,843049
9206065,249,153,8943,2018,71241.0,0.0,2.0462540000000002,1.166636,TWN,MYS,843049
9206066,39,160,8943,2018,28093.0,0.0,0.666822,1.218593,CAN,NIC,843049
9206067,43,160,8943,2018,2074.0,0.0,1.200689,1.2822,CHN,NIC,843049
9206068,52,160,8943,2018,0.0,6901.0,0.19386,0.05811,CRI,NIC,843049
9206069,61,160,8943,2018,240485.0,0.0,2.109059,-2.428826,DEU,NIC,843049
9206070,64,160,8943,2018,727.0,0.0,1.0945040000000001,1.3311540000000002,DNK,NIC,843049
9206071,65,160,8943,2018,0.0,21252.0,-0.084258,0.474872,DOM,NIC,843049
9206072,71,160,8943,2018,2057.0,0.0,0.744825,2.919005,ESP,NIC,843049
9206073,93,160,8943,2018,50700.0,4678.0,-0.362668,0.520826,GTM,NIC,843049
9206074,111,160,8943,2018,2098.0,0.0,1.3602530000000002,0.453607,ITA,NIC,843049
9206075,173,160,8943,2018,10149.0,0.0,-0.6673060000000001,-0.183315,PER,NIC,843049
9206076,208,160,8943,2018,105601.0,0.0,1.76361,0.766904,SWE,NIC,843049
9206077,224,160,8943,2018,4931.0,0.0,0.518721,2.5581419999999997,TUR,NIC,843049
9206078,231,160,8943,2018,37449.0,0.0,1.585861,0.44815900000000003,USA,NIC,843049
9206079,0,162,8943,2018,0.0,45601.0,0.8710549999999999,0.084402,ABW,NLD,843049
9206080,2,162,8943,2018,216552.0,2994.0,-1.489191,-1.213992,AGO,NLD,843049
9206081,7,162,8943,2018,0.0,603533.0,0.11804400000000001,-0.326851,ARE,NLD,843049
9206082,14,162,8943,2018,62204.0,134418.0,-0.29687199999999997,-0.123116,AUS,NLD,843049
9206083,15,162,8943,2018,4167.0,674923.0,1.774488,-0.21117800000000003,AUT,NLD,843049
9206084,16,162,8943,2018,336088.0,448246.0,-1.144089,-1.224327,AZE,NLD,843049
9206085,18,162,8943,2018,688624.0,3236378.0,1.270641,1.201063,BEL,NLD,843049
9206086,19,162,8943,2018,50884.0,70473.0,-0.646475,-0.769808,BEN,NLD,843049
9206087,20,162,8943,2018,36533.0,43674.0,0.952758,-0.631328,BES,NLD,843049
9206088,21,162,8943,2018,0.0,2553.0,-0.8835200000000001,-0.9790620000000001,BFA,NLD,843049
9206089,22,162,8943,2018,0.0,99957.0,-0.899467,-0.9823719999999999,BGD,NLD,843049
9206090,23,162,8943,2018,7280.0,4340.0,0.571226,1.836856,BGR,NLD,843049
9206091,39,162,8943,2018,393245.0,1920.0,0.666822,1.218593,CAN,NLD,843049
9206092,41,162,8943,2018,0.0,15958.0,2.2324330000000003,0.7801560000000001,CHE,NLD,843049
9206093,42,162,8943,2018,0.0,100058.0,-0.37677,-0.49605299999999997,CHL,NLD,843049
9206094,43,162,8943,2018,83149.0,88922.0,1.200689,1.2822,CHN,NLD,843049
9206095,44,162,8943,2018,0.0,22333.0,-0.8733569999999999,-0.8443139999999999,CIV,NLD,843049
9206096,52,162,8943,2018,84877.0,0.0,0.19386,0.05811,CRI,NLD,843049
9206097,55,162,8943,2018,0.0,31566.0,0.8093,-0.325347,CUW,NLD,843049
9206098,59,162,8943,2018,55907.0,123988.0,1.841016,0.220806,CZE,NLD,843049
9206099,61,162,8943,2018,1417954.0,2616748.0,2.109059,-2.428826,DEU,NLD,843049
9206100,64,162,8943,2018,3041.0,45629.0,1.0945040000000001,1.3311540000000002,DNK,NLD,843049
9206101,66,162,8943,2018,0.0,1951705.0,-1.281519,-1.22291,DZA,NLD,843049
9206102,68,162,8943,2018,0.0,144247.0,-0.096635,1.585658,EGY,NLD,843049
9206103,71,162,8943,2018,18025.0,68088.0,0.744825,2.919005,ESP,NLD,843049
9206104,72,162,8943,2018,5545.0,3222.0,0.979986,1.2365899999999999,EST,NLD,843049
9206105,74,162,8943,2018,0.0,4347.0,1.61151,0.9474549999999999,FIN,NLD,843049
9206106,77,162,8943,2018,25575.0,385289.0,1.420819,0.7793770000000001,FRA,NLD,843049
9206107,80,162,8943,2018,0.0,21744.0,-1.4979200000000001,-1.180407,GAB,NLD,843049
9206108,81,162,8943,2018,1268994.0,2804543.0,1.693008,0.768159,GBR,NLD,843049
9206109,82,162,8943,2018,0.0,4048.0,-0.049871,-0.28439899999999996,GEO,NLD,843049
9206110,83,162,8943,2018,0.0,2185919.0,-0.956109,-0.861556,GHA,NLD,843049
9206111,85,162,8943,2018,0.0,82678.0,-1.036697,-1.1562860000000001,GIN,NLD,843049
9206112,89,162,8943,2018,0.0,219939.0,-2.017117,-0.975924,GNQ,NLD,843049
9206113,90,162,8943,2018,0.0,75150.0,0.059539999999999996,1.0321879999999999,GRC,NLD,843049
9206114,96,162,8943,2018,0.0,4915.0,-0.841458,-0.9803280000000001,GUY,NLD,843049
9206115,97,162,8943,2018,0.0,645647.0,0.843677,1.656073,HKG,NLD,843049
9206116,100,162,8943,2018,0.0,73592.0,0.7923720000000001,1.4047209999999999,HRV,NLD,843049
9206117,102,162,8943,2018,2255.0,1025.0,1.519662,0.833092,HUN,NLD,843049
9206118,103,162,8943,2018,0.0,32709.0,-0.10130499999999999,1.2414209999999999,IDN,NLD,843049
9206119,104,162,8943,2018,34272.0,1229372.0,0.526015,2.448112,IND,NLD,843049
9206120,108,162,8943,2018,0.0,6804.0,-1.7504400000000002,-1.018699,IRQ,NLD,843049
9206121,109,162,8943,2018,0.0,283197.0,0.252338,-0.341319,ISL,NLD,843049
9206122,110,162,8943,2018,7517544.0,9050385.0,1.355071,0.872822,ISR,NLD,843049
9206123,111,162,8943,2018,14286.0,136691.0,1.3602530000000002,0.453607,ITA,NLD,843049
9206124,113,162,8943,2018,0.0,2645716.0,-0.086895,0.283829,JOR,NLD,843049
9206125,116,162,8943,2018,0.0,53368.0,-0.32707800000000004,0.71009,KEN,NLD,843049
9206126,121,162,8943,2018,0.0,7142.0,2.093866,0.764303,KOR,NLD,843049
9206127,122,162,8943,2018,0.0,18348.0,-0.668802,-1.154012,KWT,NLD,843049
9206128,130,162,8943,2018,6749.0,0.0,0.964249,1.4050200000000002,LTU,NLD,843049
9206129,131,162,8943,2018,2301.0,1879.0,1.1142889999999999,1.306066,LUX,NLD,843049
9206130,132,162,8943,2018,1593.0,0.0,0.707168,1.294297,LVA,NLD,843049
9206131,134,162,8943,2018,0.0,485254.0,-0.712775,-0.090013,MAR,NLD,843049
9206132,136,162,8943,2018,0.0,6148.0,-1.2144549999999998,-0.748326,MDG,NLD,843049
9206133,142,162,8943,2018,0.0,12396.0,0.9621219999999999,0.257289,MLT,NLD,843049
9206134,145,162,8943,2018,0.0,3420.0,-0.934398,-1.125105,MNG,NLD,843049
9206135,153,162,8943,2018,0.0,26174.0,1.122976,0.734109,MYS,NLD,843049
9206136,159,162,8943,2018,0.0,64972.0,-1.8238,-1.259938,NGA,NLD,843049
9206137,163,162,8943,2018,53996.0,408455.0,0.681639,0.021762,NOR,NLD,843049
9206138,168,162,8943,2018,0.0,161203.0,-0.64348,0.665045,PAK,NLD,843049
9206139,177,162,8943,2018,6014.0,972749.0,1.132475,1.258945,POL,NLD,843049
9206140,179,162,8943,2018,18137.0,21746.0,0.652628,2.211758,PRT,NLD,843049
9206141,183,162,8943,2018,0.0,174266.0,-0.068401,-1.014732,QAT,NLD,843049
9206142,185,162,8943,2018,14144.0,22852.0,1.050715,1.04471,ROU,NLD,843049
9206143,186,162,8943,2018,350686.0,0.0,0.21398000000000003,0.100414,RUS,NLD,843049
9206144,188,162,8943,2018,601920.0,956250.0,0.5801810000000001,-0.447514,SAU,NLD,843049
9206145,192,162,8943,2018,1280080.0,245874.0,1.914132,0.652011,SGP,NLD,843049
9206146,201,162,8943,2018,0.0,14845.0,0.607486,1.2139389999999999,SRB,NLD,843049
9206147,206,162,8943,2018,7221.0,3108.0,1.3270979999999999,0.877684,SVK,NLD,843049
9206148,207,162,8943,2018,4584.0,0.0,1.67428,0.7703800000000001,SVN,NLD,843049
9206149,208,162,8943,2018,10860.0,138428.0,1.76361,0.766904,SWE,NLD,843049
9206150,210,162,8943,2018,0.0,3753.0,1.115443,-0.661118,SXM,NLD,843049
9206151,216,162,8943,2018,112463.0,0.0,1.053177,1.4084969999999999,THA,NLD,843049
9206152,217,162,8943,2018,0.0,4549.0,-0.757793,-1.0641209999999999,TJK,NLD,843049
9206153,224,162,8943,2018,0.0,447220.0,0.518721,2.5581419999999997,TUR,NLD,843049
9206154,231,162,8943,2018,791472.0,293433.0,1.585861,0.44815900000000003,USA,NLD,843049
9206155,236,162,8943,2018,0.0,20911.0,-1.081138,-1.198717,VEN,NLD,843049
9206156,246,162,8943,2018,0.0,134259.0,0.158722,1.394829,ZAF,NLD,843049
9206157,250,162,8943,2018,122061.0,129182.0,0.809991,-0.368737,ANS,NLD,843049
9206158,2,163,8943,2018,0.0,2631266.0,-1.489191,-1.213992,AGO,NOR,843049
9206159,7,163,8943,2018,61390.0,167875.0,0.11804400000000001,-0.326851,ARE,NOR,843049
9206160,14,163,8943,2018,0.0,4823.0,-0.29687199999999997,-0.123116,AUS,NOR,843049
9206161,15,163,8943,2018,78073.0,300722.0,1.774488,-0.21117800000000003,AUT,NOR,843049
9206162,39,163,8943,2018,430492.0,0.0,0.666822,1.218593,CAN,NOR,843049
9206163,41,163,8943,2018,12098.0,55546.0,2.2324330000000003,0.7801560000000001,CHE,NOR,843049
9206164,43,163,8943,2018,372832.0,74438.0,1.200689,1.2822,CHN,NOR,843049
9206165,47,163,8943,2018,20530.0,0.0,-1.52875,-1.1869100000000001,COG,NOR,843049
9206166,61,163,8943,2018,95599.0,0.0,2.109059,-2.428826,DEU,NOR,843049
9206167,64,163,8943,2018,903033.0,309995.0,1.0945040000000001,1.3311540000000002,DNK,NOR,843049
9206168,66,163,8943,2018,0.0,3048.0,-1.281519,-1.22291,DZA,NOR,843049
9206169,68,163,8943,2018,28137.0,21774594.0,-0.096635,1.585658,EGY,NOR,843049
9206170,72,163,8943,2018,0.0,69044.0,0.979986,1.2365899999999999,EST,NOR,843049
9206171,74,163,8943,2018,102380.0,0.0,1.61151,0.9474549999999999,FIN,NOR,843049
9206172,77,163,8943,2018,1395241.0,118508.0,1.420819,0.7793770000000001,FRA,NOR,843049
9206173,78,163,8943,2018,49187.0,24616.0,-1.00676,-0.959297,FRO,NOR,843049
9206174,81,163,8943,2018,5528195.0,6886856.0,1.693008,0.768159,GBR,NOR,843049
9206175,92,163,8943,2018,0.0,96746.0,-1.384795,-1.004781,GRL,NOR,843049
9206176,97,163,8943,2018,5292.0,0.0,0.843677,1.656073,HKG,NOR,843049
9206177,104,163,8943,2018,1325.0,167300.0,0.526015,2.448112,IND,NOR,843049
9206178,109,163,8943,2018,0.0,2850.0,0.252338,-0.341319,ISL,NOR,843049
9206179,111,163,8943,2018,360910.0,0.0,1.3602530000000002,0.453607,ITA,NOR,843049
9206180,114,163,8943,2018,34446.0,0.0,2.514533,-0.416074,JPN,NOR,843049
9206181,138,163,8943,2018,26436.0,37520.0,1.00061,0.585759,MEX,NOR,843049
9206182,140,163,8943,2018,0.0,10447.0,0.079976,-0.20256,MKD,NOR,843049
9206183,153,163,8943,2018,996415.0,84234.0,1.122976,0.734109,MYS,NOR,843049
9206184,159,163,8943,2018,0.0,15990.0,-1.8238,-1.259938,NGA,NOR,843049
9206185,162,163,8943,2018,408455.0,53996.0,1.1478899999999999,1.454758,NLD,NOR,843049
9206186,167,163,8943,2018,0.0,3581.0,-0.548048,-0.9972989999999999,OMN,NOR,843049
9206187,168,163,8943,2018,7483.0,0.0,-0.64348,0.665045,PAK,NOR,843049
9206188,177,163,8943,2018,9796.0,0.0,1.132475,1.258945,POL,NOR,843049
9206189,183,163,8943,2018,0.0,10343.0,-0.068401,-1.014732,QAT,NOR,843049
9206190,186,163,8943,2018,0.0,61431.0,0.21398000000000003,0.100414,RUS,NOR,843049
9206191,188,163,8943,2018,21853.0,9164.0,0.5801810000000001,-0.447514,SAU,NOR,843049
9206192,190,163,8943,2018,0.0,4796.0,-1.278532,-1.176008,SDN,NOR,843049
9206193,192,163,8943,2018,14456.0,3066.0,1.914132,0.652011,SGP,NOR,843049
9206194,208,163,8943,2018,1299356.0,1143329.0,1.76361,0.766904,SWE,NOR,843049
9206195,216,163,8943,2018,18501.0,0.0,1.053177,1.4084969999999999,THA,NOR,843049
9206196,231,163,8943,2018,588469.0,172860.0,1.585861,0.44815900000000003,USA,NOR,843049
9206197,239,163,8943,2018,0.0,18850.0,0.003069,0.9169729999999999,VNM,NOR,843049
9206198,246,163,8943,2018,9705.0,0.0,0.158722,1.394829,ZAF,NOR,843049
9206199,14,166,8943,2018,443852.0,64171.0,-0.29687199999999997,-0.123116,AUS,NZL,843049
9206200,18,166,8943,2018,2707.0,0.0,1.270641,1.201063,BEL,NZL,843049
9206201,39,166,8943,2018,0.0,1915.0,0.666822,1.218593,CAN,NZL,843049
9206202,43,166,8943,2018,406729.0,0.0,1.200689,1.2822,CHN,NZL,843049
9206203,61,166,8943,2018,20769.0,0.0,2.109059,-2.428826,DEU,NZL,843049
9206204,74,166,8943,2018,19041.0,0.0,1.61151,0.9474549999999999,FIN,NZL,843049
9206205,77,166,8943,2018,63291.0,0.0,1.420819,0.7793770000000001,FRA,NZL,843049
9206206,81,166,8943,2018,40622.0,0.0,1.693008,0.768159,GBR,NZL,843049
9206207,103,166,8943,2018,0.0,705742.0,-0.10130499999999999,1.2414209999999999,IDN,NZL,843049
9206208,104,166,8943,2018,0.0,11430.0,0.526015,2.448112,IND,NZL,843049
9206209,111,166,8943,2018,144806.0,0.0,1.3602530000000002,0.453607,ITA,NZL,843049
9206210,114,166,8943,2018,2538.0,94835.0,2.514533,-0.416074,JPN,NZL,843049
9206211,128,166,8943,2018,0.0,212201.0,-0.544504,0.41074099999999997,LKA,NZL,843049
9206212,138,166,8943,2018,20254.0,0.0,1.00061,0.585759,MEX,NZL,843049
9206213,216,166,8943,2018,113621.0,0.0,1.053177,1.4084969999999999,THA,NZL,843049
9206214,224,166,8943,2018,51132.0,0.0,0.518721,2.5581419999999997,TUR,NZL,843049
9206215,231,166,8943,2018,395719.0,38529.0,1.585861,0.44815900000000003,USA,NZL,843049
9206216,242,166,8943,2018,0.0,17672.0,0.336421,0.186474,WSM,NZL,843049
9206217,14,169,8943,2018,79481.0,0.0,-0.29687199999999997,-0.123116,AUS,PAN,843049
9206218,49,169,8943,2018,12854.0,10229.0,0.20431,-0.15273699999999998,COL,PAN,843049
9206219,52,169,8943,2018,72517.0,0.0,0.19386,0.05811,CRI,PAN,843049
9206220,71,169,8943,2018,0.0,56924.0,0.744825,2.919005,ESP,PAN,843049
9206221,93,169,8943,2018,166579.0,0.0,-0.362668,0.520826,GTM,PAN,843049
9206222,173,169,8943,2018,128089.0,0.0,-0.6673060000000001,-0.183315,PER,PAN,843049
9206223,197,169,8943,2018,347766.0,41907.0,0.073928,0.22548600000000002,SLV,PAN,843049
9206224,208,169,8943,2018,74600.0,0.0,1.76361,0.766904,SWE,PAN,843049
9206225,31,173,8943,2018,14019.0,404540.0,-1.153953,-1.070749,BOL,PER,843049
9206226,32,173,8943,2018,41792.0,0.0,0.143397,0.582092,BRA,PER,843049
9206227,39,173,8943,2018,1894016.0,0.0,0.666822,1.218593,CAN,PER,843049
9206228,41,173,8943,2018,73380.0,0.0,2.2324330000000003,0.7801560000000001,CHE,PER,843049
9206229,42,173,8943,2018,432168.0,927780.0,-0.37677,-0.49605299999999997,CHL,PER,843049
9206230,43,173,8943,2018,474894.0,0.0,1.200689,1.2822,CHN,PER,843049
9206231,49,173,8943,2018,250350.0,665558.0,0.20431,-0.15273699999999998,COL,PER,843049
9206232,52,173,8943,2018,118251.0,0.0,0.19386,0.05811,CRI,PER,843049
9206233,61,173,8943,2018,26918.0,0.0,2.109059,-2.428826,DEU,PER,843049
9206234,67,173,8943,2018,54540.0,120130.0,-0.873973,-1.032841,ECU,PER,843049
9206235,71,173,8943,2018,13566.0,133545.0,0.744825,2.919005,ESP,PER,843049
9206236,74,173,8943,2018,2070178.0,0.0,1.61151,0.9474549999999999,FIN,PER,843049
9206237,77,173,8943,2018,1935467.0,0.0,1.420819,0.7793770000000001,FRA,PER,843049
9206238,80,173,8943,2018,0.0,300547.0,-1.4979200000000001,-1.180407,GAB,PER,843049
9206239,81,173,8943,2018,233620.0,0.0,1.693008,0.768159,GBR,PER,843049
9206240,96,173,8943,2018,0.0,83679.0,-0.841458,-0.9803280000000001,GUY,PER,843049
9206241,104,173,8943,2018,14068.0,0.0,0.526015,2.448112,IND,PER,843049
9206242,111,173,8943,2018,11196.0,0.0,1.3602530000000002,0.453607,ITA,PER,843049
9206243,114,173,8943,2018,0.0,33974.0,2.514533,-0.416074,JPN,PER,843049
9206244,121,173,8943,2018,27310.0,0.0,2.093866,0.764303,KOR,PER,843049
9206245,134,173,8943,2018,20220.0,0.0,-0.712775,-0.090013,MAR,PER,843049
9206246,138,173,8943,2018,245102.0,1412317.0,1.00061,0.585759,MEX,PER,843049
9206247,160,173,8943,2018,0.0,10149.0,-0.887282,-0.827008,NIC,PER,843049
9206248,169,173,8943,2018,0.0,128089.0,0.104326,-0.11611800000000001,PAN,PER,843049
9206249,177,173,8943,2018,475481.0,0.0,1.132475,1.258945,POL,PER,843049
9206250,197,173,8943,2018,0.0,64438.0,0.073928,0.22548600000000002,SLV,PER,843049
9206251,208,173,8943,2018,3558114.0,0.0,1.76361,0.766904,SWE,PER,843049
9206252,230,173,8943,2018,0.0,11951.0,-0.02056,-0.38911,URY,PER,843049
9206253,231,173,8943,2018,221325.0,2521.0,1.585861,0.44815900000000003,USA,PER,843049
9206254,246,173,8943,2018,339873.0,0.0,0.158722,1.394829,ZAF,PER,843049
9206255,14,174,8943,2018,177037.0,182631.0,-0.29687199999999997,-0.123116,AUS,PHL,843049
9206256,43,174,8943,2018,1222008.0,0.0,1.200689,1.2822,CHN,PHL,843049
9206257,49,174,8943,2018,79946.0,0.0,0.20431,-0.15273699999999998,COL,PHL,843049
9206258,61,174,8943,2018,201390.0,0.0,2.109059,-2.428826,DEU,PHL,843049
9206259,77,174,8943,2018,73662.0,0.0,1.420819,0.7793770000000001,FRA,PHL,843049
9206260,97,174,8943,2018,34189.0,0.0,0.843677,1.656073,HKG,PHL,843049
9206261,111,174,8943,2018,1996925.0,0.0,1.3602530000000002,0.453607,ITA,PHL,843049
9206262,114,174,8943,2018,421824.0,0.0,2.514533,-0.416074,JPN,PHL,843049
9206263,121,174,8943,2018,178720.0,0.0,2.093866,0.764303,KOR,PHL,843049
9206264,122,174,8943,2018,58793.0,0.0,-0.668802,-1.154012,KWT,PHL,843049
9206265,131,174,8943,2018,0.0,2715.0,1.1142889999999999,1.306066,LUX,PHL,843049
9206266,168,174,8943,2018,90117.0,0.0,-0.64348,0.665045,PAK,PHL,843049
9206267,176,174,8943,2018,0.0,20033.0,-1.7580360000000002,-1.239492,PNG,PHL,843049
9206268,192,174,8943,2018,940746.0,22697.0,1.914132,0.652011,SGP,PHL,843049
9206269,195,174,8943,2018,0.0,63637.0,-1.246494,-0.998495,SLB,PHL,843049
9206270,208,174,8943,2018,440314.0,0.0,1.76361,0.766904,SWE,PHL,843049
9206271,216,174,8943,2018,11895.0,0.0,1.053177,1.4084969999999999,THA,PHL,843049
9206272,224,174,8943,2018,48695.0,0.0,0.518721,2.5581419999999997,TUR,PHL,843049
9206273,231,174,8943,2018,616493.0,0.0,1.585861,0.44815900000000003,USA,PHL,843049
9206274,239,174,8943,2018,697822.0,0.0,0.003069,0.9169729999999999,VNM,PHL,843049
9206275,249,174,8943,2018,6767.0,0.0,2.0462540000000002,1.166636,TWN,PHL,843049
9206276,14,177,8943,2018,0.0,1624749.0,-0.29687199999999997,-0.123116,AUS,POL,843049
9206277,15,177,8943,2018,10789.0,1380.0,1.774488,-0.21117800000000003,AUT,POL,843049
9206278,18,177,8943,2018,10346.0,0.0,1.270641,1.201063,BEL,POL,843049
9206279,23,177,8943,2018,31811.0,13164.0,0.571226,1.836856,BGR,POL,843049
9206280,28,177,8943,2018,0.0,1672.0,0.850089,0.8332870000000001,BLR,POL,843049
9206281,39,177,8943,2018,841.0,328627.0,0.666822,1.218593,CAN,POL,843049
9206282,41,177,8943,2018,294804.0,12262.0,2.2324330000000003,0.7801560000000001,CHE,POL,843049
9206283,42,177,8943,2018,0.0,172643.0,-0.37677,-0.49605299999999997,CHL,POL,843049
9206284,43,177,8943,2018,10286.0,0.0,1.200689,1.2822,CHN,POL,843049
9206285,44,177,8943,2018,0.0,77851.0,-0.8733569999999999,-0.8443139999999999,CIV,POL,843049
9206286,49,177,8943,2018,0.0,437695.0,0.20431,-0.15273699999999998,COL,POL,843049
9206287,59,177,8943,2018,138524.0,50490.0,1.841016,0.220806,CZE,POL,843049
9206288,61,177,8943,2018,189723.0,7301.0,2.109059,-2.428826,DEU,POL,843049
9206289,64,177,8943,2018,0.0,141978.0,1.0945040000000001,1.3311540000000002,DNK,POL,843049
9206290,68,177,8943,2018,0.0,54722.0,-0.096635,1.585658,EGY,POL,843049
9206291,72,177,8943,2018,1063.0,3033.0,0.979986,1.2365899999999999,EST,POL,843049
9206292,77,177,8943,2018,18998.0,8571.0,1.420819,0.7793770000000001,FRA,POL,843049
9206293,81,177,8943,2018,170843.0,0.0,1.693008,0.768159,GBR,POL,843049
9206294,83,177,8943,2018,0.0,1751057.0,-0.956109,-0.861556,GHA,POL,843049
9206295,90,177,8943,2018,0.0,3894.0,0.059539999999999996,1.0321879999999999,GRC,POL,843049
9206296,102,177,8943,2018,0.0,37995.0,1.519662,0.833092,HUN,POL,843049
9206297,103,177,8943,2018,0.0,302096.0,-0.10130499999999999,1.2414209999999999,IDN,POL,843049
9206298,104,177,8943,2018,7120.0,52147.0,0.526015,2.448112,IND,POL,843049
9206299,107,177,8943,2018,0.0,680963.0,-0.389954,-0.258156,IRN,POL,843049
9206300,109,177,8943,2018,0.0,19409.0,0.252338,-0.341319,ISL,POL,843049
9206301,111,177,8943,2018,549431.0,0.0,1.3602530000000002,0.453607,ITA,POL,843049
9206302,115,177,8943,2018,0.0,299693.0,-0.483862,-0.667417,KAZ,POL,843049
9206303,126,177,8943,2018,0.0,30722.0,-1.608786,-1.231101,LBY,POL,843049
9206304,128,177,8943,2018,0.0,52595.0,-0.544504,0.41074099999999997,LKA,POL,843049
9206305,130,177,8943,2018,15279.0,7126.0,0.964249,1.4050200000000002,LTU,POL,843049
9206306,135,177,8943,2018,0.0,3596.0,-0.358412,-0.271334,MDA,POL,843049
9206307,138,177,8943,2018,0.0,336845.0,1.00061,0.585759,MEX,POL,843049
9206308,144,177,8943,2018,0.0,35684.0,0.332495,0.124258,MNE,POL,843049
9206309,162,177,8943,2018,972749.0,6014.0,1.1478899999999999,1.454758,NLD,POL,843049
9206310,163,177,8943,2018,0.0,9796.0,0.681639,0.021762,NOR,POL,843049
9206311,167,177,8943,2018,0.0,25017.0,-0.548048,-0.9972989999999999,OMN,POL,843049
9206312,168,177,8943,2018,0.0,5023.0,-0.64348,0.665045,PAK,POL,843049
9206313,173,177,8943,2018,0.0,475481.0,-0.6673060000000001,-0.183315,PER,POL,843049
9206314,183,177,8943,2018,0.0,12672.0,-0.068401,-1.014732,QAT,POL,843049
9206315,185,177,8943,2018,7220.0,12207.0,1.050715,1.04471,ROU,POL,843049
9206316,186,177,8943,2018,0.0,354098.0,0.21398000000000003,0.100414,RUS,POL,843049
9206317,201,177,8943,2018,11041.0,0.0,0.607486,1.2139389999999999,SRB,POL,843049
9206318,207,177,8943,2018,0.0,1392.0,1.67428,0.7703800000000001,SVN,POL,843049
9206319,208,177,8943,2018,1149898.0,206322.0,1.76361,0.766904,SWE,POL,843049
9206320,224,177,8943,2018,0.0,19624.0,0.518721,2.5581419999999997,TUR,POL,843049
9206321,228,177,8943,2018,91936.0,56468.0,0.337296,0.758675,UKR,POL,843049
9206322,231,177,8943,2018,2523945.0,898679.0,1.585861,0.44815900000000003,USA,POL,843049
9206323,239,177,8943,2018,0.0,19449.0,0.003069,0.9169729999999999,VNM,POL,843049
9206324,246,177,8943,2018,56007.0,648836.0,0.158722,1.394829,ZAF,POL,843049
9206325,250,177,8943,2018,738292.0,0.0,0.809991,-0.368737,ANS,POL,843049
9206326,2,179,8943,2018,93230.0,139013.0,-1.489191,-1.213992,AGO,PRT,843049
9206327,14,179,8943,2018,871084.0,0.0,-0.29687199999999997,-0.123116,AUS,PRT,843049
9206328,15,179,8943,2018,42711.0,11563.0,1.774488,-0.21117800000000003,AUT,PRT,843049
9206329,18,179,8943,2018,13328.0,2675.0,1.270641,1.201063,BEL,PRT,843049
9206330,23,179,8943,2018,0.0,1519.0,0.571226,1.836856,BGR,PRT,843049
9206331,27,179,8943,2018,0.0,101538.0,0.773095,-0.104209,BLM,PRT,843049
9206332,32,179,8943,2018,0.0,177446.0,0.143397,0.582092,BRA,PRT,843049
9206333,42,179,8943,2018,1000390.0,0.0,-0.37677,-0.49605299999999997,CHL,PRT,843049
9206334,44,179,8943,2018,0.0,58319.0,-0.8733569999999999,-0.8443139999999999,CIV,PRT,843049
9206335,51,179,8943,2018,0.0,2240.0,-0.319064,-0.8615659999999999,CPV,PRT,843049
9206336,66,179,8943,2018,0.0,46777.0,-1.281519,-1.22291,DZA,PRT,843049
9206337,68,179,8943,2018,0.0,40026.0,-0.096635,1.585658,EGY,PRT,843049
9206338,71,179,8943,2018,173915.0,20442.0,0.744825,2.919005,ESP,PRT,843049
9206339,74,179,8943,2018,4637.0,0.0,1.61151,0.9474549999999999,FIN,PRT,843049
9206340,77,179,8943,2018,56584.0,30082.0,1.420819,0.7793770000000001,FRA,PRT,843049
9206341,88,179,8943,2018,0.0,51486.0,-2.260375,-1.038929,GNB,PRT,843049
9206342,104,179,8943,2018,0.0,514868.0,0.526015,2.448112,IND,PRT,843049
9206343,111,179,8943,2018,95950.0,0.0,1.3602530000000002,0.453607,ITA,PRT,843049
9206344,121,179,8943,2018,150570.0,0.0,2.093866,0.764303,KOR,PRT,843049
9206345,134,179,8943,2018,0.0,54020.0,-0.712775,-0.090013,MAR,PRT,843049
9206346,147,179,8943,2018,0.0,33535.0,-1.380023,-1.027817,MOZ,PRT,843049
9206347,155,179,8943,2018,0.0,7014.0,-0.668091,-0.779938,NAM,PRT,843049
9206348,159,179,8943,2018,0.0,1954.0,-1.8238,-1.259938,NGA,PRT,843049
9206349,162,179,8943,2018,21746.0,18137.0,1.1478899999999999,1.454758,NLD,PRT,843049
9206350,186,179,8943,2018,1738.0,0.0,0.21398000000000003,0.100414,RUS,PRT,843049
9206351,208,179,8943,2018,339245.0,0.0,1.76361,0.766904,SWE,PRT,843049
9206352,231,179,8943,2018,97430.0,0.0,1.585861,0.44815900000000003,USA,PRT,843049
9206353,32,180,8943,2018,52294.0,0.0,0.143397,0.582092,BRA,PRY,843049
9206354,43,180,8943,2018,7510.0,0.0,1.200689,1.2822,CHN,PRY,843049
9206355,61,180,8943,2018,3731.0,0.0,2.109059,-2.428826,DEU,PRY,843049
9206356,71,180,8943,2018,7533.0,0.0,0.744825,2.919005,ESP,PRY,843049
9206357,74,180,8943,2018,4071.0,0.0,1.61151,0.9474549999999999,FIN,PRY,843049
9206358,111,180,8943,2018,63822.0,0.0,1.3602530000000002,0.453607,ITA,PRY,843049
9206359,231,180,8943,2018,291491.0,0.0,1.585861,0.44815900000000003,USA,PRY,843049
9206360,1,188,8943,2018,0.0,18883.0,-1.267508,-0.8494940000000001,AFG,SAU,843049
9206361,7,188,8943,2018,2003184.0,3515934.0,0.11804400000000001,-0.326851,ARE,SAU,843049
9206362,8,188,8943,2018,0.0,788448.0,-0.14316800000000002,0.14356,ARG,SAU,843049
9206363,14,188,8943,2018,2474.0,193511.0,-0.29687199999999997,-0.123116,AUS,SAU,843049
9206364,15,188,8943,2018,7687.0,0.0,1.774488,-0.21117800000000003,AUT,SAU,843049
9206365,16,188,8943,2018,0.0,11316.0,-1.144089,-1.224327,AZE,SAU,843049
9206366,22,188,8943,2018,0.0,47375.0,-0.899467,-0.9823719999999999,BGD,SAU,843049
9206367,24,188,8943,2018,2053618.0,400004.0,0.318352,-0.69221,BHR,SAU,843049
9206368,39,188,8943,2018,47239.0,0.0,0.666822,1.218593,CAN,SAU,843049
9206369,43,188,8943,2018,68837928.0,118848.0,1.200689,1.2822,CHN,SAU,843049
9206370,61,188,8943,2018,356489.0,124432.0,2.109059,-2.428826,DEU,SAU,843049
9206371,64,188,8943,2018,5318.0,0.0,1.0945040000000001,1.3311540000000002,DNK,SAU,843049
9206372,67,188,8943,2018,0.0,79650.0,-0.873973,-1.032841,ECU,SAU,843049
9206373,68,188,8943,2018,0.0,761984.0,-0.096635,1.585658,EGY,SAU,843049
9206374,71,188,8943,2018,0.0,25220.0,0.744825,2.919005,ESP,SAU,843049
9206375,74,188,8943,2018,917.0,0.0,1.61151,0.9474549999999999,FIN,SAU,843049
9206376,77,188,8943,2018,43488.0,577119.0,1.420819,0.7793770000000001,FRA,SAU,843049
9206377,81,188,8943,2018,1558810.0,82500.0,1.693008,0.768159,GBR,SAU,843049
9206378,90,188,8943,2018,13313.0,0.0,0.059539999999999996,1.0321879999999999,GRC,SAU,843049
9206379,103,188,8943,2018,63565.0,0.0,-0.10130499999999999,1.2414209999999999,IDN,SAU,843049
9206380,104,188,8943,2018,114618.0,1430344.0,0.526015,2.448112,IND,SAU,843049
9206381,108,188,8943,2018,0.0,511251.0,-1.7504400000000002,-1.018699,IRQ,SAU,843049
9206382,111,188,8943,2018,64572.0,349612.0,1.3602530000000002,0.453607,ITA,SAU,843049
9206383,113,188,8943,2018,23438.0,69715.0,-0.086895,0.283829,JOR,SAU,843049
9206384,114,188,8943,2018,146241.0,0.0,2.514533,-0.416074,JPN,SAU,843049
9206385,121,188,8943,2018,7525416.0,285779.0,2.093866,0.764303,KOR,SAU,843049
9206386,122,188,8943,2018,122882.0,2177448.0,-0.668802,-1.154012,KWT,SAU,843049
9206387,124,188,8943,2018,0.0,21042.0,0.270554,0.9995149999999999,LBN,SAU,843049
9206388,153,188,8943,2018,655265.0,0.0,1.122976,0.734109,MYS,SAU,843049
9206389,159,188,8943,2018,0.0,12361.0,-1.8238,-1.259938,NGA,SAU,843049
9206390,162,188,8943,2018,956250.0,601920.0,1.1478899999999999,1.454758,NLD,SAU,843049
9206391,163,188,8943,2018,9164.0,21853.0,0.681639,0.021762,NOR,SAU,843049
9206392,167,188,8943,2018,0.0,135139.0,-0.548048,-0.9972989999999999,OMN,SAU,843049
9206393,168,188,8943,2018,356603.0,85604.0,-0.64348,0.665045,PAK,SAU,843049
9206394,190,188,8943,2018,0.0,1390690.0,-1.278532,-1.176008,SDN,SAU,843049
9206395,192,188,8943,2018,10343534.0,41265.0,1.914132,0.652011,SGP,SAU,843049
9206396,216,188,8943,2018,853344.0,98829.0,1.053177,1.4084969999999999,THA,SAU,843049
9206397,224,188,8943,2018,79202.0,0.0,0.518721,2.5581419999999997,TUR,SAU,843049
9206398,227,188,8943,2018,0.0,103960.0,-0.621049,-0.061448,UGA,SAU,843049
9206399,228,188,8943,2018,0.0,29992.0,0.337296,0.758675,UKR,SAU,843049
9206400,231,188,8943,2018,1861381.0,496848.0,1.585861,0.44815900000000003,USA,SAU,843049
9206401,243,188,8943,2018,0.0,912371.0,-1.3332899999999999,-1.200589,YEM,SAU,843049
9206402,0,190,8943,2018,125742.0,0.0,0.8710549999999999,0.084402,ABW,SDN,843049
9206403,7,190,8943,2018,21265.0,0.0,0.11804400000000001,-0.326851,ARE,SDN,843049
9206404,18,190,8943,2018,100160.0,0.0,1.270641,1.201063,BEL,SDN,843049
9206405,43,190,8943,2018,224873.0,0.0,1.200689,1.2822,CHN,SDN,843049
9206406,61,190,8943,2018,93487.0,0.0,2.109059,-2.428826,DEU,SDN,843049
9206407,68,190,8943,2018,194439.0,0.0,-0.096635,1.585658,EGY,SDN,843049
9206408,77,190,8943,2018,186833.0,0.0,1.420819,0.7793770000000001,FRA,SDN,843049
9206409,103,190,8943,2018,41343.0,0.0,-0.10130499999999999,1.2414209999999999,IDN,SDN,843049
9206410,104,190,8943,2018,7601036.0,0.0,0.526015,2.448112,IND,SDN,843049
9206411,111,190,8943,2018,1994.0,0.0,1.3602530000000002,0.453607,ITA,SDN,843049
9206412,114,190,8943,2018,2090510.0,0.0,2.514533,-0.416074,JPN,SDN,843049
9206413,121,190,8943,2018,18092332.0,0.0,2.093866,0.764303,KOR,SDN,843049
9206414,134,190,8943,2018,12483.0,0.0,-0.712775,-0.090013,MAR,SDN,843049
9206415,163,190,8943,2018,4796.0,0.0,0.681639,0.021762,NOR,SDN,843049
9206416,168,190,8943,2018,9282.0,0.0,-0.64348,0.665045,PAK,SDN,843049
9206417,186,190,8943,2018,117345.0,0.0,0.21398000000000003,0.100414,RUS,SDN,843049
9206418,188,190,8943,2018,1390690.0,0.0,0.5801810000000001,-0.447514,SAU,SDN,843049
9206419,208,190,8943,2018,286092.0,0.0,1.76361,0.766904,SWE,SDN,843049
9206420,224,190,8943,2018,172245.0,0.0,0.518721,2.5581419999999997,TUR,SDN,843049
9206421,231,190,8943,2018,62741.0,0.0,1.585861,0.44815900000000003,USA,SDN,843049
9206422,7,192,8943,2018,1112042.0,1229735.0,0.11804400000000001,-0.326851,ARE,SGP,843049
9206423,14,192,8943,2018,1283234.0,1526929.0,-0.29687199999999997,-0.123116,AUS,SGP,843049
9206424,15,192,8943,2018,2091.0,0.0,1.774488,-0.21117800000000003,AUT,SGP,843049
9206425,22,192,8943,2018,0.0,30381.0,-0.899467,-0.9823719999999999,BGD,SGP,843049
9206426,31,192,8943,2018,0.0,33546.0,-1.153953,-1.070749,BOL,SGP,843049
9206427,34,192,8943,2018,0.0,68861.0,0.562198,-0.774457,BRN,SGP,843049
9206428,43,192,8943,2018,1035301.0,460836.0,1.200689,1.2822,CHN,SGP,843049
9206429,47,192,8943,2018,0.0,14440.0,-1.52875,-1.1869100000000001,COG,SGP,843049
9206430,58,192,8943,2018,352553.0,0.0,0.45442,-0.113303,CYP,SGP,843049
9206431,61,192,8943,2018,5121233.0,3379.0,2.109059,-2.428826,DEU,SGP,843049
9206432,68,192,8943,2018,8993.0,3291348.0,-0.096635,1.585658,EGY,SGP,843049
9206433,77,192,8943,2018,1150655.0,0.0,1.420819,0.7793770000000001,FRA,SGP,843049
9206434,81,192,8943,2018,6625256.0,576893440.0,1.693008,0.768159,GBR,SGP,843049
9206435,83,192,8943,2018,0.0,3093353.0,-0.956109,-0.861556,GHA,SGP,843049
9206436,97,192,8943,2018,120555.0,117565.0,0.843677,1.656073,HKG,SGP,843049
9206437,103,192,8943,2018,2066550.0,3261806.0,-0.10130499999999999,1.2414209999999999,IDN,SGP,843049
9206438,104,192,8943,2018,3911526.0,4820250.0,0.526015,2.448112,IND,SGP,843049
9206439,108,192,8943,2018,0.0,16342658.0,-1.7504400000000002,-1.018699,IRQ,SGP,843049
9206440,111,192,8943,2018,4091.0,1507.0,1.3602530000000002,0.453607,ITA,SGP,843049
9206441,114,192,8943,2018,441096.0,137539.0,2.514533,-0.416074,JPN,SGP,843049
9206442,121,192,8943,2018,377696.0,31050.0,2.093866,0.764303,KOR,SGP,843049
9206443,128,192,8943,2018,0.0,6412.0,-0.544504,0.41074099999999997,LKA,SGP,843049
9206444,134,192,8943,2018,0.0,391864.0,-0.712775,-0.090013,MAR,SGP,843049
9206445,138,192,8943,2018,0.0,196922.0,1.00061,0.585759,MEX,SGP,843049
9206446,143,192,8943,2018,0.0,178980.0,-0.936467,-0.223413,MMR,SGP,843049
9206447,153,192,8943,2018,756438.0,3675864.0,1.122976,0.734109,MYS,SGP,843049
9206448,159,192,8943,2018,0.0,26716.0,-1.8238,-1.259938,NGA,SGP,843049
9206449,162,192,8943,2018,245874.0,1280080.0,1.1478899999999999,1.454758,NLD,SGP,843049
9206450,163,192,8943,2018,3066.0,14456.0,0.681639,0.021762,NOR,SGP,843049
9206451,167,192,8943,2018,0.0,7671831.0,-0.548048,-0.9972989999999999,OMN,SGP,843049
9206452,168,192,8943,2018,0.0,332974.0,-0.64348,0.665045,PAK,SGP,843049
9206453,174,192,8943,2018,22697.0,940746.0,0.781409,0.22126700000000002,PHL,SGP,843049
9206454,183,192,8943,2018,0.0,448063.0,-0.068401,-1.014732,QAT,SGP,843049
9206455,188,192,8943,2018,41265.0,10343534.0,0.5801810000000001,-0.447514,SAU,SGP,843049
9206456,208,192,8943,2018,27963.0,130062.0,1.76361,0.766904,SWE,SGP,843049
9206457,216,192,8943,2018,393901.0,845626.0,1.053177,1.4084969999999999,THA,SGP,843049
9206458,224,192,8943,2018,245057.0,0.0,0.518721,2.5581419999999997,TUR,SGP,843049
9206459,231,192,8943,2018,1377111.0,138974.0,1.585861,0.44815900000000003,USA,SGP,843049
9206460,239,192,8943,2018,46672.0,672341.0,0.003069,0.9169729999999999,VNM,SGP,843049
9206461,246,192,8943,2018,1643.0,50883.0,0.158722,1.394829,ZAF,SGP,843049
9206462,249,192,8943,2018,81298.0,118593.0,2.0462540000000002,1.166636,TWN,SGP,843049
9206463,43,197,8943,2018,1883.0,0.0,1.200689,1.2822,CHN,SLV,843049
9206464,49,197,8943,2018,0.0,33328.0,0.20431,-0.15273699999999998,COL,SLV,843049
9206465,93,197,8943,2018,2903.0,12649.0,-0.362668,0.520826,GTM,SLV,843049
9206466,104,197,8943,2018,21566.0,0.0,0.526015,2.448112,IND,SLV,843049
9206467,111,197,8943,2018,29365.0,0.0,1.3602530000000002,0.453607,ITA,SLV,843049
9206468,169,197,8943,2018,41907.0,347766.0,0.104326,-0.11611800000000001,PAN,SLV,843049
9206469,173,197,8943,2018,64438.0,0.0,-0.6673060000000001,-0.183315,PER,SLV,843049
9206470,216,197,8943,2018,69057.0,0.0,1.053177,1.4084969999999999,THA,SLV,843049
9206471,231,197,8943,2018,6393.0,0.0,1.585861,0.44815900000000003,USA,SLV,843049
9206472,32,205,8943,2018,25919.0,0.0,0.143397,0.582092,BRA,SUR,843049
9206473,39,205,8943,2018,263119.0,0.0,0.666822,1.218593,CAN,SUR,843049
9206474,231,205,8943,2018,170296.0,0.0,1.585861,0.44815900000000003,USA,SUR,843049
9206475,14,206,8943,2018,6232.0,0.0,-0.29687199999999997,-0.123116,AUS,SVK,843049
9206476,15,206,8943,2018,36007.0,0.0,1.774488,-0.21117800000000003,AUT,SVK,843049
9206477,41,206,8943,2018,35685.0,0.0,2.2324330000000003,0.7801560000000001,CHE,SVK,843049
9206478,43,206,8943,2018,10030.0,0.0,1.200689,1.2822,CHN,SVK,843049
9206479,59,206,8943,2018,1156364.0,8960.0,1.841016,0.220806,CZE,SVK,843049
9206480,61,206,8943,2018,10521.0,4839.0,2.109059,-2.428826,DEU,SVK,843049
9206481,71,206,8943,2018,3076.0,0.0,0.744825,2.919005,ESP,SVK,843049
9206482,74,206,8943,2018,3330.0,0.0,1.61151,0.9474549999999999,FIN,SVK,843049
9206483,81,206,8943,2018,1993.0,0.0,1.693008,0.768159,GBR,SVK,843049
9206484,102,206,8943,2018,15997.0,8236.0,1.519662,0.833092,HUN,SVK,843049
9206485,111,206,8943,2018,35142.0,0.0,1.3602530000000002,0.453607,ITA,SVK,843049
9206486,162,206,8943,2018,3108.0,7221.0,1.1478899999999999,1.454758,NLD,SVK,843049
9206487,228,206,8943,2018,3730.0,2315.0,0.337296,0.758675,UKR,SVK,843049
9206488,231,206,8943,2018,6316.0,0.0,1.585861,0.44815900000000003,USA,SVK,843049
9206489,250,206,8943,2018,8006.0,0.0,0.809991,-0.368737,ANS,SVK,843049
9206490,15,207,8943,2018,25939.0,2826.0,1.774488,-0.21117800000000003,AUT,SVN,843049
9206491,18,207,8943,2018,1336.0,0.0,1.270641,1.201063,BEL,SVN,843049
9206492,41,207,8943,2018,79851.0,0.0,2.2324330000000003,0.7801560000000001,CHE,SVN,843049
9206493,43,207,8943,2018,13068.0,0.0,1.200689,1.2822,CHN,SVN,843049
9206494,59,207,8943,2018,1750.0,0.0,1.841016,0.220806,CZE,SVN,843049
9206495,61,207,8943,2018,25005.0,0.0,2.109059,-2.428826,DEU,SVN,843049
9206496,77,207,8943,2018,3490.0,0.0,1.420819,0.7793770000000001,FRA,SVN,843049
9206497,81,207,8943,2018,77272.0,0.0,1.693008,0.768159,GBR,SVN,843049
9206498,82,207,8943,2018,0.0,97135.0,-0.049871,-0.28439899999999996,GEO,SVN,843049
9206499,100,207,8943,2018,40664.0,99982.0,0.7923720000000001,1.4047209999999999,HRV,SVN,843049
9206500,104,207,8943,2018,987.0,0.0,0.526015,2.448112,IND,SVN,843049
9206501,111,207,8943,2018,90916.0,0.0,1.3602530000000002,0.453607,ITA,SVN,843049
9206502,121,207,8943,2018,9015.0,0.0,2.093866,0.764303,KOR,SVN,843049
9206503,140,207,8943,2018,0.0,1810.0,0.079976,-0.20256,MKD,SVN,843049
9206504,144,207,8943,2018,40864.0,0.0,0.332495,0.124258,MNE,SVN,843049
9206505,162,207,8943,2018,0.0,4584.0,1.1478899999999999,1.454758,NLD,SVN,843049
9206506,177,207,8943,2018,1392.0,0.0,1.132475,1.258945,POL,SVN,843049
9206507,186,207,8943,2018,0.0,2667.0,0.21398000000000003,0.100414,RUS,SVN,843049
9206508,201,207,8943,2018,4554.0,66560.0,0.607486,1.2139389999999999,SRB,SVN,843049
9206509,208,207,8943,2018,42212.0,0.0,1.76361,0.766904,SWE,SVN,843049
9206510,224,207,8943,2018,1653.0,0.0,0.518721,2.5581419999999997,TUR,SVN,843049
9206511,231,207,8943,2018,1789.0,0.0,1.585861,0.44815900000000003,USA,SVN,843049
9206512,4,208,8943,2018,0.0,11649.0,-0.456481,-0.139655,ALB,SWE,843049
9206513,7,208,8943,2018,0.0,447679.0,0.11804400000000001,-0.326851,ARE,SWE,843049
9206514,8,208,8943,2018,0.0,4908.0,-0.14316800000000002,0.14356,ARG,SWE,843049
9206515,9,208,8943,2018,0.0,465230.0,-0.330516,-0.604744,ARM,SWE,843049
9206516,14,208,8943,2018,35369.0,2285958.0,-0.29687199999999997,-0.123116,AUS,SWE,843049
9206517,15,208,8943,2018,0.0,207735.0,1.774488,-0.21117800000000003,AUT,SWE,843049
9206518,18,208,8943,2018,5357.0,47448.0,1.270641,1.201063,BEL,SWE,843049
9206519,21,208,8943,2018,0.0,7091.0,-0.8835200000000001,-0.9790620000000001,BFA,SWE,843049
9206520,23,208,8943,2018,0.0,7220.0,0.571226,1.836856,BGR,SWE,843049
9206521,31,208,8943,2018,0.0,282540.0,-1.153953,-1.070749,BOL,SWE,843049
9206522,32,208,8943,2018,0.0,727589.0,0.143397,0.582092,BRA,SWE,843049
9206523,39,208,8943,2018,60290.0,2999294.0,0.666822,1.218593,CAN,SWE,843049
9206524,41,208,8943,2018,44604.0,53865.0,2.2324330000000003,0.7801560000000001,CHE,SWE,843049
9206525,42,208,8943,2018,83270.0,923120.0,-0.37677,-0.49605299999999997,CHL,SWE,843049
9206526,43,208,8943,2018,259907.0,8558969.0,1.200689,1.2822,CHN,SWE,843049
9206527,44,208,8943,2018,0.0,26815.0,-0.8733569999999999,-0.8443139999999999,CIV,SWE,843049
9206528,46,208,8943,2018,0.0,66103.0,-1.743034,-1.20446,COD,SWE,843049
9206529,47,208,8943,2018,0.0,241292.0,-1.52875,-1.1869100000000001,COG,SWE,843049
9206530,49,208,8943,2018,13961.0,430591.0,0.20431,-0.15273699999999998,COL,SWE,843049
9206531,59,208,8943,2018,24044.0,70369.0,1.841016,0.220806,CZE,SWE,843049
9206532,61,208,8943,2018,64614.0,491916.0,2.109059,-2.428826,DEU,SWE,843049
9206533,64,208,8943,2018,44869.0,232351.0,1.0945040000000001,1.3311540000000002,DNK,SWE,843049
9206534,65,208,8943,2018,0.0,43705.0,-0.084258,0.474872,DOM,SWE,843049
9206535,66,208,8943,2018,0.0,30511.0,-1.281519,-1.22291,DZA,SWE,843049
9206536,68,208,8943,2018,0.0,171043.0,-0.096635,1.585658,EGY,SWE,843049
9206537,69,208,8943,2018,0.0,61960.0,-1.601517,-1.062162,ERI,SWE,843049
9206538,71,208,8943,2018,55226.0,2730234.0,0.744825,2.919005,ESP,SWE,843049
9206539,72,208,8943,2018,0.0,4461953.0,0.979986,1.2365899999999999,EST,SWE,843049
9206540,74,208,8943,2018,436963.0,1809762.0,1.61151,0.9474549999999999,FIN,SWE,843049
9206541,77,208,8943,2018,95109.0,1251587.0,1.420819,0.7793770000000001,FRA,SWE,843049
9206542,81,208,8943,2018,100919.0,0.0,1.693008,0.768159,GBR,SWE,843049
9206543,83,208,8943,2018,0.0,589466.0,-0.956109,-0.861556,GHA,SWE,843049
9206544,85,208,8943,2018,0.0,107149.0,-1.036697,-1.1562860000000001,GIN,SWE,843049
9206545,90,208,8943,2018,0.0,14397.0,0.059539999999999996,1.0321879999999999,GRC,SWE,843049
9206546,97,208,8943,2018,0.0,321823.0,0.843677,1.656073,HKG,SWE,843049
9206547,99,208,8943,2018,0.0,80702.0,-0.523738,-0.193198,HND,SWE,843049
9206548,100,208,8943,2018,0.0,76722.0,0.7923720000000001,1.4047209999999999,HRV,SWE,843049
9206549,104,208,8943,2018,20488.0,4248844.0,0.526015,2.448112,IND,SWE,843049
9206550,106,208,8943,2018,0.0,31863.0,1.262419,0.013576,IRL,SWE,843049
9206551,111,208,8943,2018,416400.0,303097.0,1.3602530000000002,0.453607,ITA,SWE,843049
9206552,114,208,8943,2018,54547.0,866782.0,2.514533,-0.416074,JPN,SWE,843049
9206553,115,208,8943,2018,0.0,1663232.0,-0.483862,-0.667417,KAZ,SWE,843049
9206554,116,208,8943,2018,0.0,334409.0,-0.32707800000000004,0.71009,KEN,SWE,843049
9206555,117,208,8943,2018,0.0,174966.0,-0.141491,0.33161,KGZ,SWE,843049
9206556,121,208,8943,2018,0.0,401111.0,2.093866,0.764303,KOR,SWE,843049
9206557,124,208,8943,2018,0.0,293871.0,0.270554,0.9995149999999999,LBN,SWE,843049
9206558,130,208,8943,2018,13096.0,1536.0,0.964249,1.4050200000000002,LTU,SWE,843049
9206559,132,208,8943,2018,0.0,64930.0,0.707168,1.294297,LVA,SWE,843049
9206560,134,208,8943,2018,0.0,253615.0,-0.712775,-0.090013,MAR,SWE,843049
9206561,138,208,8943,2018,0.0,875650.0,1.00061,0.585759,MEX,SWE,843049
9206562,140,208,8943,2018,0.0,48942.0,0.079976,-0.20256,MKD,SWE,843049
9206563,141,208,8943,2018,10539.0,23333.0,-0.49666499999999997,-0.7189909999999999,MLI,SWE,843049
9206564,143,208,8943,2018,0.0,164363.0,-0.936467,-0.223413,MMR,SWE,843049
9206565,144,208,8943,2018,0.0,10579.0,0.332495,0.124258,MNE,SWE,843049
9206566,145,208,8943,2018,0.0,239360.0,-0.934398,-1.125105,MNG,SWE,843049
9206567,148,208,8943,2018,0.0,53276.0,-1.511361,-1.296003,MRT,SWE,843049
9206568,155,208,8943,2018,0.0,247688.0,-0.668091,-0.779938,NAM,SWE,843049
9206569,160,208,8943,2018,0.0,105601.0,-0.887282,-0.827008,NIC,SWE,843049
9206570,162,208,8943,2018,138428.0,10860.0,1.1478899999999999,1.454758,NLD,SWE,843049
9206571,163,208,8943,2018,1143329.0,1299356.0,0.681639,0.021762,NOR,SWE,843049
9206572,169,208,8943,2018,0.0,74600.0,0.104326,-0.11611800000000001,PAN,SWE,843049
9206573,173,208,8943,2018,0.0,3558114.0,-0.6673060000000001,-0.183315,PER,SWE,843049
9206574,174,208,8943,2018,0.0,440314.0,0.781409,0.22126700000000002,PHL,SWE,843049
9206575,177,208,8943,2018,206322.0,1149898.0,1.132475,1.258945,POL,SWE,843049
9206576,179,208,8943,2018,0.0,339245.0,0.652628,2.211758,PRT,SWE,843049
9206577,186,208,8943,2018,0.0,4568962.0,0.21398000000000003,0.100414,RUS,SWE,843049
9206578,190,208,8943,2018,0.0,286092.0,-1.278532,-1.176008,SDN,SWE,843049
9206579,192,208,8943,2018,130062.0,27963.0,1.914132,0.652011,SGP,SWE,843049
9206580,201,208,8943,2018,0.0,293694.0,0.607486,1.2139389999999999,SRB,SWE,843049
9206581,207,208,8943,2018,0.0,42212.0,1.67428,0.7703800000000001,SVN,SWE,843049
9206582,216,208,8943,2018,2871.0,191630.0,1.053177,1.4084969999999999,THA,SWE,843049
9206583,224,208,8943,2018,7729.0,1630988.0,0.518721,2.5581419999999997,TUR,SWE,843049
9206584,226,208,8943,2018,0.0,334247.0,-0.09850700000000001,1.145606,TZA,SWE,843049
9206585,228,208,8943,2018,0.0,701923.0,0.337296,0.758675,UKR,SWE,843049
9206586,231,208,8943,2018,555121.0,1958303.0,1.585861,0.44815900000000003,USA,SWE,843049
9206587,232,208,8943,2018,0.0,37998.0,-0.591547,-0.429982,UZB,SWE,843049
9206588,239,208,8943,2018,0.0,922.0,0.003069,0.9169729999999999,VNM,SWE,843049
9206589,246,208,8943,2018,322697.0,1215929.0,0.158722,1.394829,ZAF,SWE,843049
9206590,247,208,8943,2018,0.0,574881.0,-0.736064,-0.93958,ZMB,SWE,843049
9206591,248,208,8943,2018,0.0,195074.0,-1.181524,-1.0648520000000001,ZWE,SWE,843049
9206592,7,216,8943,2018,48152.0,447976.0,0.11804400000000001,-0.326851,ARE,THA,843049
9206593,14,216,8943,2018,266954.0,2600573.0,-0.29687199999999997,-0.123116,AUS,THA,843049
9206594,22,216,8943,2018,0.0,22401.0,-0.899467,-0.9823719999999999,BGD,THA,843049
9206595,34,216,8943,2018,0.0,267661.0,0.562198,-0.774457,BRN,THA,843049
9206596,38,216,8943,2018,0.0,50513.0,-0.041318,-0.687923,CAF,THA,843049
9206597,39,216,8943,2018,0.0,63434.0,0.666822,1.218593,CAN,THA,843049
9206598,43,216,8943,2018,2370763.0,92164.0,1.200689,1.2822,CHN,THA,843049
9206599,47,216,8943,2018,0.0,7497.0,-1.52875,-1.1869100000000001,COG,THA,843049
9206600,61,216,8943,2018,1324420.0,3988.0,2.109059,-2.428826,DEU,THA,843049
9206601,64,216,8943,2018,1311.0,30167.0,1.0945040000000001,1.3311540000000002,DNK,THA,843049
9206602,66,216,8943,2018,0.0,256168.0,-1.281519,-1.22291,DZA,THA,843049
9206603,67,216,8943,2018,0.0,6369.0,-0.873973,-1.032841,ECU,THA,843049
9206604,77,216,8943,2018,11638.0,0.0,1.420819,0.7793770000000001,FRA,THA,843049
9206605,80,216,8943,2018,205672.0,0.0,-1.4979200000000001,-1.180407,GAB,THA,843049
9206606,81,216,8943,2018,17472.0,10936.0,1.693008,0.768159,GBR,THA,843049
9206607,93,216,8943,2018,0.0,104791.0,-0.362668,0.520826,GTM,THA,843049
9206608,97,216,8943,2018,0.0,2629320.0,0.843677,1.656073,HKG,THA,843049
9206609,103,216,8943,2018,0.0,11815.0,-0.10130499999999999,1.2414209999999999,IDN,THA,843049
9206610,104,216,8943,2018,160742.0,46260.0,0.526015,2.448112,IND,THA,843049
9206611,111,216,8943,2018,1563.0,61907.0,1.3602530000000002,0.453607,ITA,THA,843049
9206612,114,216,8943,2018,327860.0,184126.0,2.514533,-0.416074,JPN,THA,843049
9206613,116,216,8943,2018,0.0,128141.0,-0.32707800000000004,0.71009,KEN,THA,843049
9206614,118,216,8943,2018,0.0,3029.0,-0.45740299999999995,-0.575966,KHM,THA,843049
9206615,121,216,8943,2018,124575.0,8010.0,2.093866,0.764303,KOR,THA,843049
9206616,122,216,8943,2018,0.0,63223.0,-0.668802,-1.154012,KWT,THA,843049
9206617,123,216,8943,2018,66783.0,46080.0,-0.788808,-0.8012670000000001,LAO,THA,843049
9206618,138,216,8943,2018,0.0,115032.0,1.00061,0.585759,MEX,THA,843049
9206619,143,216,8943,2018,10320.0,15755320.0,-0.936467,-0.223413,MMR,THA,843049
9206620,153,216,8943,2018,3210309.0,329785.0,1.122976,0.734109,MYS,THA,843049
9206621,159,216,8943,2018,0.0,22344.0,-1.8238,-1.259938,NGA,THA,843049
9206622,162,216,8943,2018,0.0,112463.0,1.1478899999999999,1.454758,NLD,THA,843049
9206623,163,216,8943,2018,0.0,18501.0,0.681639,0.021762,NOR,THA,843049
9206624,166,216,8943,2018,0.0,113621.0,0.21902600000000003,0.148714,NZL,THA,843049
9206625,167,216,8943,2018,0.0,346473.0,-0.548048,-0.9972989999999999,OMN,THA,843049
9206626,168,216,8943,2018,0.0,432474.0,-0.64348,0.665045,PAK,THA,843049
9206627,174,216,8943,2018,0.0,11895.0,0.781409,0.22126700000000002,PHL,THA,843049
9206628,183,216,8943,2018,0.0,233149.0,-0.068401,-1.014732,QAT,THA,843049
9206629,186,216,8943,2018,0.0,99570.0,0.21398000000000003,0.100414,RUS,THA,843049
9206630,188,216,8943,2018,98829.0,853344.0,0.5801810000000001,-0.447514,SAU,THA,843049
9206631,192,216,8943,2018,845626.0,393901.0,1.914132,0.652011,SGP,THA,843049
9206632,197,216,8943,2018,0.0,69057.0,0.073928,0.22548600000000002,SLV,THA,843049
9206633,201,216,8943,2018,0.0,12214.0,0.607486,1.2139389999999999,SRB,THA,843049
9206634,202,216,8943,2018,0.0,462585.0,-2.431595,-1.0499290000000001,SSD,THA,843049
9206635,208,216,8943,2018,191630.0,2871.0,1.76361,0.766904,SWE,THA,843049
9206636,214,216,8943,2018,0.0,132624.0,-1.845707,-1.032018,TCD,THA,843049
9206637,219,216,8943,2018,0.0,36812.0,-1.0081209999999998,-1.190796,TKM,THA,843049
9206638,223,216,8943,2018,0.0,259203.0,0.259778,1.187194,TUN,THA,843049
9206639,231,216,8943,2018,357930.0,126758.0,1.585861,0.44815900000000003,USA,THA,843049
9206640,239,216,8943,2018,59513.0,10782.0,0.003069,0.9169729999999999,VNM,THA,843049
9206641,240,216,8943,2018,0.0,1374.0,-1.595495,-1.026155,VUT,THA,843049
9206642,246,216,8943,2018,0.0,14167.0,0.158722,1.394829,ZAF,THA,843049
9206643,249,216,8943,2018,367272.0,0.0,2.0462540000000002,1.166636,TWN,THA,843049
9206644,250,216,8943,2018,0.0,75181008.0,0.809991,-0.368737,ANS,THA,843049
9206645,96,222,8943,2018,0.0,364942.0,-0.841458,-0.9803280000000001,GUY,TTO,843049
9206646,231,222,8943,2018,3578422.0,0.0,1.585861,0.44815900000000003,USA,TTO,843049
9206647,1,224,8943,2018,0.0,76260.0,-1.267508,-0.8494940000000001,AFG,TUR,843049
9206648,7,224,8943,2018,0.0,74711.0,0.11804400000000001,-0.326851,ARE,TUR,843049
9206649,8,224,8943,2018,0.0,3571.0,-0.14316800000000002,0.14356,ARG,TUR,843049
9206650,9,224,8943,2018,0.0,91.0,-0.330516,-0.604744,ARM,TUR,843049
9206651,14,224,8943,2018,0.0,1312.0,-0.29687199999999997,-0.123116,AUS,TUR,843049
9206652,15,224,8943,2018,0.0,9867.0,1.774488,-0.21117800000000003,AUT,TUR,843049
9206653,16,224,8943,2018,3478.0,2172578.0,-1.144089,-1.224327,AZE,TUR,843049
9206654,18,224,8943,2018,1733.0,0.0,1.270641,1.201063,BEL,TUR,843049
9206655,21,224,8943,2018,0.0,317699.0,-0.8835200000000001,-0.9790620000000001,BFA,TUR,843049
9206656,39,224,8943,2018,11483.0,21082.0,0.666822,1.218593,CAN,TUR,843049
9206657,42,224,8943,2018,0.0,4781.0,-0.37677,-0.49605299999999997,CHL,TUR,843049
9206658,43,224,8943,2018,2850466.0,0.0,1.200689,1.2822,CHN,TUR,843049
9206659,44,224,8943,2018,0.0,14788.0,-0.8733569999999999,-0.8443139999999999,CIV,TUR,843049
9206660,58,224,8943,2018,0.0,6272.0,0.45442,-0.113303,CYP,TUR,843049
9206661,61,224,8943,2018,591204.0,0.0,2.109059,-2.428826,DEU,TUR,843049
9206662,62,224,8943,2018,0.0,11815275.0,-0.11008599999999999,-0.603731,DJI,TUR,843049
9206663,66,224,8943,2018,0.0,3978870.0,-1.281519,-1.22291,DZA,TUR,843049
9206664,68,224,8943,2018,0.0,986934.0,-0.096635,1.585658,EGY,TUR,843049
9206665,72,224,8943,2018,0.0,3122.0,0.979986,1.2365899999999999,EST,TUR,843049
9206666,73,224,8943,2018,0.0,14385.0,-0.874857,-0.464958,ETH,TUR,843049
9206667,74,224,8943,2018,11573.0,0.0,1.61151,0.9474549999999999,FIN,TUR,843049
9206668,77,224,8943,2018,23383.0,0.0,1.420819,0.7793770000000001,FRA,TUR,843049
9206669,81,224,8943,2018,5842484.0,26992.0,1.693008,0.768159,GBR,TUR,843049
9206670,82,224,8943,2018,0.0,33663.0,-0.049871,-0.28439899999999996,GEO,TUR,843049
9206671,90,224,8943,2018,32707.0,117745.0,0.059539999999999996,1.0321879999999999,GRC,TUR,843049
9206672,102,224,8943,2018,0.0,4149.0,1.519662,0.833092,HUN,TUR,843049
9206673,104,224,8943,2018,0.0,30240.0,0.526015,2.448112,IND,TUR,843049
9206674,107,224,8943,2018,0.0,131464.0,-0.389954,-0.258156,IRN,TUR,843049
9206675,108,224,8943,2018,0.0,88974.0,-1.7504400000000002,-1.018699,IRQ,TUR,843049
9206676,110,224,8943,2018,0.0,31404.0,1.355071,0.872822,ISR,TUR,843049
9206677,111,224,8943,2018,31492.0,1420.0,1.3602530000000002,0.453607,ITA,TUR,843049
9206678,113,224,8943,2018,0.0,33091.0,-0.086895,0.283829,JOR,TUR,843049
9206679,115,224,8943,2018,0.0,297180.0,-0.483862,-0.667417,KAZ,TUR,843049
9206680,116,224,8943,2018,0.0,4841.0,-0.32707800000000004,0.71009,KEN,TUR,843049
9206681,117,224,8943,2018,14426.0,4829.0,-0.141491,0.33161,KGZ,TUR,843049
9206682,122,224,8943,2018,0.0,216224.0,-0.668802,-1.154012,KWT,TUR,843049
9206683,124,224,8943,2018,0.0,1906996.0,0.270554,0.9995149999999999,LBN,TUR,843049
9206684,126,224,8943,2018,0.0,18701.0,-1.608786,-1.231101,LBY,TUR,843049
9206685,134,224,8943,2018,0.0,493073.0,-0.712775,-0.090013,MAR,TUR,843049
9206686,135,224,8943,2018,0.0,15459.0,-0.358412,-0.271334,MDA,TUR,843049
9206687,140,224,8943,2018,0.0,43944.0,0.079976,-0.20256,MKD,TUR,843049
9206688,144,224,8943,2018,0.0,2486.0,0.332495,0.124258,MNE,TUR,843049
9206689,147,224,8943,2018,0.0,1657.0,-1.380023,-1.027817,MOZ,TUR,843049
9206690,148,224,8943,2018,0.0,17807.0,-1.511361,-1.296003,MRT,TUR,843049
9206691,160,224,8943,2018,0.0,4931.0,-0.887282,-0.827008,NIC,TUR,843049
9206692,162,224,8943,2018,447220.0,0.0,1.1478899999999999,1.454758,NLD,TUR,843049
9206693,166,224,8943,2018,0.0,51132.0,0.21902600000000003,0.148714,NZL,TUR,843049
9206694,167,224,8943,2018,0.0,120498.0,-0.548048,-0.9972989999999999,OMN,TUR,843049
9206695,168,224,8943,2018,0.0,221977.0,-0.64348,0.665045,PAK,TUR,843049
9206696,174,224,8943,2018,0.0,48695.0,0.781409,0.22126700000000002,PHL,TUR,843049
9206697,177,224,8943,2018,19624.0,0.0,1.132475,1.258945,POL,TUR,843049
9206698,183,224,8943,2018,0.0,2177.0,-0.068401,-1.014732,QAT,TUR,843049
9206699,185,224,8943,2018,0.0,26928.0,1.050715,1.04471,ROU,TUR,843049
9206700,186,224,8943,2018,911349.0,1044854.0,0.21398000000000003,0.100414,RUS,TUR,843049
9206701,188,224,8943,2018,0.0,79202.0,0.5801810000000001,-0.447514,SAU,TUR,843049
9206702,190,224,8943,2018,0.0,172245.0,-1.278532,-1.176008,SDN,TUR,843049
9206703,191,224,8943,2018,0.0,62110.0,-0.751378,-0.390573,SEN,TUR,843049
9206704,192,224,8943,2018,0.0,245057.0,1.914132,0.652011,SGP,TUR,843049
9206705,201,224,8943,2018,0.0,10998.0,0.607486,1.2139389999999999,SRB,TUR,843049
9206706,207,224,8943,2018,0.0,1653.0,1.67428,0.7703800000000001,SVN,TUR,843049
9206707,208,224,8943,2018,1630988.0,7729.0,1.76361,0.766904,SWE,TUR,843049
9206708,212,224,8943,2018,0.0,27167.0,-0.6836760000000001,0.554563,SYR,TUR,843049
9206709,217,224,8943,2018,0.0,38319.0,-0.757793,-1.0641209999999999,TJK,TUR,843049
9206710,219,224,8943,2018,0.0,1579.0,-1.0081209999999998,-1.190796,TKM,TUR,843049
9206711,223,224,8943,2018,0.0,297527.0,0.259778,1.187194,TUN,TUR,843049
9206712,226,224,8943,2018,0.0,13949.0,-0.09850700000000001,1.145606,TZA,TUR,843049
9206713,228,224,8943,2018,0.0,70829.0,0.337296,0.758675,UKR,TUR,843049
9206714,231,224,8943,2018,94655.0,3743.0,1.585861,0.44815900000000003,USA,TUR,843049
9206715,232,224,8943,2018,0.0,3198753.0,-0.591547,-0.429982,UZB,TUR,843049
9206716,239,224,8943,2018,0.0,10707.0,0.003069,0.9169729999999999,VNM,TUR,843049
9206717,247,224,8943,2018,0.0,7047.0,-0.736064,-0.93958,ZMB,TUR,843049
9206718,32,230,8943,2018,38108.0,0.0,0.143397,0.582092,BRA,URY,843049
9206719,43,230,8943,2018,28300.0,0.0,1.200689,1.2822,CHN,URY,843049
9206720,71,230,8943,2018,1397.0,0.0,0.744825,2.919005,ESP,URY,843049
9206721,74,230,8943,2018,7202.0,0.0,1.61151,0.9474549999999999,FIN,URY,843049
9206722,81,230,8943,2018,5105.0,0.0,1.693008,0.768159,GBR,URY,843049
9206723,111,230,8943,2018,1163.0,0.0,1.3602530000000002,0.453607,ITA,URY,843049
9206724,121,230,8943,2018,72423.0,0.0,2.093866,0.764303,KOR,URY,843049
9206725,138,230,8943,2018,3358.0,0.0,1.00061,0.585759,MEX,URY,843049
9206726,173,230,8943,2018,11951.0,0.0,-0.6673060000000001,-0.183315,PER,URY,843049
9206727,231,230,8943,2018,20382.0,0.0,1.585861,0.44815900000000003,USA,URY,843049
9206728,250,230,8943,2018,0.0,4750.0,0.809991,-0.368737,ANS,URY,843049
9206729,0,231,8943,2018,0.0,5844300.0,0.8710549999999999,0.084402,ABW,USA,843049
9206730,2,231,8943,2018,0.0,45231.0,-1.489191,-1.213992,AGO,USA,843049
9206731,7,231,8943,2018,43503.0,747476.0,0.11804400000000001,-0.326851,ARE,USA,843049
9206732,8,231,8943,2018,0.0,54377044.0,-0.14316800000000002,0.14356,ARG,USA,843049
9206733,14,231,8943,2018,1517576.0,2856636.0,-0.29687199999999997,-0.123116,AUS,USA,843049
9206734,15,231,8943,2018,43573.0,11997.0,1.774488,-0.21117800000000003,AUT,USA,843049
9206735,16,231,8943,2018,0.0,27718.0,-1.144089,-1.224327,AZE,USA,843049
9206736,18,231,8943,2018,140328.0,455350.0,1.270641,1.201063,BEL,USA,843049
9206737,21,231,8943,2018,0.0,182739.0,-0.8835200000000001,-0.9790620000000001,BFA,USA,843049
9206738,23,231,8943,2018,0.0,42841.0,0.571226,1.836856,BGR,USA,843049
9206739,24,231,8943,2018,0.0,1957626.0,0.318352,-0.69221,BHR,USA,843049
9206740,25,231,8943,2018,38746.0,240775.0,0.532998,-0.394906,BHS,USA,843049
9206741,28,231,8943,2018,0.0,8280.0,0.850089,0.8332870000000001,BLR,USA,843049
9206742,29,231,8943,2018,0.0,114956.0,-0.15867699999999998,-0.6393989999999999,BLZ,USA,843049
9206743,30,231,8943,2018,0.0,14404.0,0.42484399999999994,-0.70587,BMU,USA,843049
9206744,31,231,8943,2018,0.0,4454210.0,-1.153953,-1.070749,BOL,USA,843049
9206745,32,231,8943,2018,537999.0,340855.0,0.143397,0.582092,BRA,USA,843049
9206746,33,231,8943,2018,0.0,47163.0,0.487166,-0.129388,BRB,USA,843049
9206747,34,231,8943,2018,0.0,2719.0,0.562198,-0.774457,BRN,USA,843049
9206748,39,231,8943,2018,54402172.0,42277384.0,0.666822,1.218593,CAN,USA,843049
9206749,41,231,8943,2018,68714.0,39975.0,2.2324330000000003,0.7801560000000001,CHE,USA,843049
9206750,42,231,8943,2018,222879.0,430715.0,-0.37677,-0.49605299999999997,CHL,USA,843049
9206751,43,231,8943,2018,23278750.0,559157.0,1.200689,1.2822,CHN,USA,843049
9206752,44,231,8943,2018,60534.0,30894.0,-0.8733569999999999,-0.8443139999999999,CIV,USA,843049
9206753,45,231,8943,2018,0.0,9101.0,-1.366619,-1.09894,CMR,USA,843049
9206754,46,231,8943,2018,0.0,53887.0,-1.743034,-1.20446,COD,USA,843049
9206755,47,231,8943,2018,0.0,28159.0,-1.52875,-1.1869100000000001,COG,USA,843049
9206756,49,231,8943,2018,6873400.0,14223167.0,0.20431,-0.15273699999999998,COL,USA,843049
9206757,52,231,8943,2018,26224.0,9647.0,0.19386,0.05811,CRI,USA,843049
9206758,59,231,8943,2018,0.0,16272109.0,1.841016,0.220806,CZE,USA,843049
9206759,61,231,8943,2018,8156942.0,1436732.0,2.109059,-2.428826,DEU,USA,843049
9206760,62,231,8943,2018,0.0,60000.0,-0.11008599999999999,-0.603731,DJI,USA,843049
9206761,64,231,8943,2018,207859.0,234932.0,1.0945040000000001,1.3311540000000002,DNK,USA,843049
9206762,65,231,8943,2018,0.0,198743.0,-0.084258,0.474872,DOM,USA,843049
9206763,67,231,8943,2018,6419820.0,115539.0,-0.873973,-1.032841,ECU,USA,843049
9206764,68,231,8943,2018,0.0,134294.0,-0.096635,1.585658,EGY,USA,843049
9206765,71,231,8943,2018,142329.0,162029.0,0.744825,2.919005,ESP,USA,843049
9206766,74,231,8943,2018,296135.0,1116063.0,1.61151,0.9474549999999999,FIN,USA,843049
9206767,77,231,8943,2018,446851.0,554325.0,1.420819,0.7793770000000001,FRA,USA,843049
9206768,80,231,8943,2018,0.0,62629.0,-1.4979200000000001,-1.180407,GAB,USA,843049
9206769,81,231,8943,2018,17023174.0,135421264.0,1.693008,0.768159,GBR,USA,843049
9206770,82,231,8943,2018,0.0,13569.0,-0.049871,-0.28439899999999996,GEO,USA,843049
9206771,83,231,8943,2018,0.0,124257.0,-0.956109,-0.861556,GHA,USA,843049
9206772,90,231,8943,2018,7678.0,0.0,0.059539999999999996,1.0321879999999999,GRC,USA,843049
9206773,93,231,8943,2018,0.0,111203.0,-0.362668,0.520826,GTM,USA,843049
9206774,96,231,8943,2018,0.0,3910034.0,-0.841458,-0.9803280000000001,GUY,USA,843049
9206775,97,231,8943,2018,0.0,32267.0,0.843677,1.656073,HKG,USA,843049
9206776,99,231,8943,2018,0.0,20876.0,-0.523738,-0.193198,HND,USA,843049
9206777,101,231,8943,2018,0.0,78725.0,-0.914545,-0.890601,HTI,USA,843049
9206778,102,231,8943,2018,0.0,8996.0,1.519662,0.833092,HUN,USA,843049
9206779,103,231,8943,2018,2361.0,499447.0,-0.10130499999999999,1.2414209999999999,IDN,USA,843049
9206780,104,231,8943,2018,1723924.0,704199.0,0.526015,2.448112,IND,USA,843049
9206781,106,231,8943,2018,48143.0,4006.0,1.262419,0.013576,IRL,USA,843049
9206782,108,231,8943,2018,0.0,74703.0,-1.7504400000000002,-1.018699,IRQ,USA,843049
9206783,109,231,8943,2018,0.0,19616.0,0.252338,-0.341319,ISL,USA,843049
9206784,110,231,8943,2018,0.0,68284.0,1.355071,0.872822,ISR,USA,843049
9206785,111,231,8943,2018,5417853.0,83587.0,1.3602530000000002,0.453607,ITA,USA,843049
9206786,112,231,8943,2018,0.0,72514.0,-0.339328,-0.8756659999999999,JAM,USA,843049
9206787,113,231,8943,2018,0.0,5406.0,-0.086895,0.283829,JOR,USA,843049
9206788,114,231,8943,2018,9592803.0,309687.0,2.514533,-0.416074,JPN,USA,843049
9206789,115,231,8943,2018,0.0,116486.0,-0.483862,-0.667417,KAZ,USA,843049
9206790,116,231,8943,2018,0.0,84744.0,-0.32707800000000004,0.71009,KEN,USA,843049
9206791,121,231,8943,2018,279735.0,129900.0,2.093866,0.764303,KOR,USA,843049
9206792,122,231,8943,2018,0.0,31835114.0,-0.668802,-1.154012,KWT,USA,843049
9206793,123,231,8943,2018,0.0,20367.0,-0.788808,-0.8012670000000001,LAO,USA,843049
9206794,124,231,8943,2018,0.0,47109.0,0.270554,0.9995149999999999,LBN,USA,843049
9206795,125,231,8943,2018,0.0,78875.0,-1.022881,-1.124718,LBR,USA,843049
9206796,127,231,8943,2018,0.0,3074.0,0.18656,-0.143406,LCA,USA,843049
9206797,130,231,8943,2018,26904.0,130753.0,0.964249,1.4050200000000002,LTU,USA,843049
9206798,131,231,8943,2018,0.0,7420.0,1.1142889999999999,1.306066,LUX,USA,843049
9206799,132,231,8943,2018,0.0,127987.0,0.707168,1.294297,LVA,USA,843049
9206800,134,231,8943,2018,0.0,80934.0,-0.712775,-0.090013,MAR,USA,843049
9206801,136,231,8943,2018,0.0,818.0,-1.2144549999999998,-0.748326,MDG,USA,843049
9206802,138,231,8943,2018,317519.0,6248024.0,1.00061,0.585759,MEX,USA,843049
9206803,139,231,8943,2018,0.0,3943216.0,0.03022,-0.7880520000000001,MHL,USA,843049
9206804,141,231,8943,2018,0.0,1698806.0,-0.49666499999999997,-0.7189909999999999,MLI,USA,843049
9206805,142,231,8943,2018,0.0,283922.0,0.9621219999999999,0.257289,MLT,USA,843049
9206806,143,231,8943,2018,0.0,15765.0,-0.936467,-0.223413,MMR,USA,843049
9206807,147,231,8943,2018,0.0,2605.0,-1.380023,-1.027817,MOZ,USA,843049
9206808,153,231,8943,2018,133333.0,504045.0,1.122976,0.734109,MYS,USA,843049
9206809,155,231,8943,2018,0.0,46649.0,-0.668091,-0.779938,NAM,USA,843049
9206810,159,231,8943,2018,0.0,218048.0,-1.8238,-1.259938,NGA,USA,843049
9206811,160,231,8943,2018,0.0,37449.0,-0.887282,-0.827008,NIC,USA,843049
9206812,162,231,8943,2018,293433.0,791472.0,1.1478899999999999,1.454758,NLD,USA,843049
9206813,163,231,8943,2018,172860.0,588469.0,0.681639,0.021762,NOR,USA,843049
9206814,166,231,8943,2018,38529.0,395719.0,0.21902600000000003,0.148714,NZL,USA,843049
9206815,167,231,8943,2018,0.0,104721.0,-0.548048,-0.9972989999999999,OMN,USA,843049
9206816,168,231,8943,2018,2540339.0,105862.0,-0.64348,0.665045,PAK,USA,843049
9206817,173,231,8943,2018,2521.0,221325.0,-0.6673060000000001,-0.183315,PER,USA,843049
9206818,174,231,8943,2018,0.0,616493.0,0.781409,0.22126700000000002,PHL,USA,843049
9206819,177,231,8943,2018,898679.0,2523945.0,1.132475,1.258945,POL,USA,843049
9206820,179,231,8943,2018,0.0,97430.0,0.652628,2.211758,PRT,USA,843049
9206821,180,231,8943,2018,0.0,291491.0,-0.614751,-0.952478,PRY,USA,843049
9206822,182,231,8943,2018,0.0,648.0,0.21430300000000002,-0.484076,PYF,USA,843049
9206823,183,231,8943,2018,0.0,89855.0,-0.068401,-1.014732,QAT,USA,843049
9206824,185,231,8943,2018,0.0,21290.0,1.050715,1.04471,ROU,USA,843049
9206825,186,231,8943,2018,0.0,202828.0,0.21398000000000003,0.100414,RUS,USA,843049
9206826,188,231,8943,2018,496848.0,1861381.0,0.5801810000000001,-0.447514,SAU,USA,843049
9206827,190,231,8943,2018,0.0,62741.0,-1.278532,-1.176008,SDN,USA,843049
9206828,191,231,8943,2018,0.0,610804.0,-0.751378,-0.390573,SEN,USA,843049
9206829,192,231,8943,2018,138974.0,1377111.0,1.914132,0.652011,SGP,USA,843049
9206830,196,231,8943,2018,0.0,140174.0,-0.06932999999999999,-0.36035300000000003,SLE,USA,843049
9206831,197,231,8943,2018,0.0,6393.0,0.073928,0.22548600000000002,SLV,USA,843049
9206832,201,231,8943,2018,0.0,4958.0,0.607486,1.2139389999999999,SRB,USA,843049
9206833,205,231,8943,2018,0.0,170296.0,-0.798074,-1.023046,SUR,USA,843049
9206834,206,231,8943,2018,0.0,6316.0,1.3270979999999999,0.877684,SVK,USA,843049
9206835,207,231,8943,2018,0.0,1789.0,1.67428,0.7703800000000001,SVN,USA,843049
9206836,208,231,8943,2018,1958303.0,555121.0,1.76361,0.766904,SWE,USA,843049
9206837,213,231,8943,2018,0.0,7847.0,0.915309,-0.1886,TCA,USA,843049
9206838,216,231,8943,2018,126758.0,357930.0,1.053177,1.4084969999999999,THA,USA,843049
9206839,222,231,8943,2018,0.0,3578422.0,-0.281617,-1.009652,TTO,USA,843049
9206840,223,231,8943,2018,0.0,226724.0,0.259778,1.187194,TUN,USA,843049
9206841,224,231,8943,2018,3743.0,94655.0,0.518721,2.5581419999999997,TUR,USA,843049
9206842,226,231,8943,2018,0.0,97258.0,-0.09850700000000001,1.145606,TZA,USA,843049
9206843,227,231,8943,2018,0.0,24941.0,-0.621049,-0.061448,UGA,USA,843049
9206844,228,231,8943,2018,99109.0,1976283.0,0.337296,0.758675,UKR,USA,843049
9206845,230,231,8943,2018,0.0,20382.0,-0.02056,-0.38911,URY,USA,843049
9206846,236,231,8943,2018,0.0,7303178.0,-1.081138,-1.198717,VEN,USA,843049
9206847,239,231,8943,2018,10567.0,513758.0,0.003069,0.9169729999999999,VNM,USA,843049
9206848,240,231,8943,2018,0.0,1357380.0,-1.595495,-1.026155,VUT,USA,843049
9206849,243,231,8943,2018,0.0,30129.0,-1.3332899999999999,-1.200589,YEM,USA,843049
9206850,246,231,8943,2018,19792.0,1375844.0,0.158722,1.394829,ZAF,USA,843049
9206851,249,231,8943,2018,71677.0,64066.0,2.0462540000000002,1.166636,TWN,USA,843049
9206852,32,236,8943,2018,115193.0,0.0,0.143397,0.582092,BRA,VEN,843049
9206853,39,236,8943,2018,6947.0,0.0,0.666822,1.218593,CAN,VEN,843049
9206854,43,236,8943,2018,1229838.0,0.0,1.200689,1.2822,CHN,VEN,843049
9206855,162,236,8943,2018,20911.0,0.0,1.1478899999999999,1.454758,NLD,VEN,843049
9206856,231,236,8943,2018,7303178.0,0.0,1.585861,0.44815900000000003,USA,VEN,843049
9206857,2,246,8943,2018,111492.0,97701.0,-1.489191,-1.213992,AGO,ZAF,843049
9206858,14,246,8943,2018,169519.0,325843.0,-0.29687199999999997,-0.123116,AUS,ZAF,843049
9206859,21,246,8943,2018,0.0,560014.0,-0.8835200000000001,-0.9790620000000001,BFA,ZAF,843049
9206860,32,246,8943,2018,28868.0,0.0,0.143397,0.582092,BRA,ZAF,843049
9206861,37,246,8943,2018,101720.0,2005210.0,-0.8339610000000001,-1.184307,BWA,ZAF,843049
9206862,39,246,8943,2018,1498877.0,558604.0,0.666822,1.218593,CAN,ZAF,843049
9206863,41,246,8943,2018,21632.0,0.0,2.2324330000000003,0.7801560000000001,CHE,ZAF,843049
9206864,42,246,8943,2018,63597.0,212750.0,-0.37677,-0.49605299999999997,CHL,ZAF,843049
9206865,43,246,8943,2018,284163.0,0.0,1.200689,1.2822,CHN,ZAF,843049
9206866,44,246,8943,2018,0.0,304278.0,-0.8733569999999999,-0.8443139999999999,CIV,ZAF,843049
9206867,45,246,8943,2018,0.0,50160.0,-1.366619,-1.09894,CMR,ZAF,843049
9206868,46,246,8943,2018,20605.0,2705642.0,-1.743034,-1.20446,COD,ZAF,843049
9206869,47,246,8943,2018,0.0,3462.0,-1.52875,-1.1869100000000001,COG,ZAF,843049
9206870,61,246,8943,2018,52098.0,0.0,2.109059,-2.428826,DEU,ZAF,843049
9206871,74,246,8943,2018,59790.0,0.0,1.61151,0.9474549999999999,FIN,ZAF,843049
9206872,77,246,8943,2018,6890.0,308994.0,1.420819,0.7793770000000001,FRA,ZAF,843049
9206873,80,246,8943,2018,0.0,24764.0,-1.4979200000000001,-1.180407,GAB,ZAF,843049
9206874,81,246,8943,2018,280542.0,1756.0,1.693008,0.768159,GBR,ZAF,843049
9206875,83,246,8943,2018,0.0,812158.0,-0.956109,-0.861556,GHA,ZAF,843049
9206876,100,246,8943,2018,494800.0,0.0,0.7923720000000001,1.4047209999999999,HRV,ZAF,843049
9206877,104,246,8943,2018,3142.0,743267.0,0.526015,2.448112,IND,ZAF,843049
9206878,106,246,8943,2018,21668.0,0.0,1.262419,0.013576,IRL,ZAF,843049
9206879,111,246,8943,2018,13831.0,0.0,1.3602530000000002,0.453607,ITA,ZAF,843049
9206880,116,246,8943,2018,128865.0,107801.0,-0.32707800000000004,0.71009,KEN,ZAF,843049
9206881,121,246,8943,2018,11412.0,0.0,2.093866,0.764303,KOR,ZAF,843049
9206882,129,246,8943,2018,58491.0,1685186.0,-0.413303,-0.46411899999999995,LSO,ZAF,843049
9206883,138,246,8943,2018,0.0,1011100.0,1.00061,0.585759,MEX,ZAF,843049
9206884,141,246,8943,2018,19229.0,69724.0,-0.49666499999999997,-0.7189909999999999,MLI,ZAF,843049
9206885,147,246,8943,2018,36310.0,759475.0,-1.380023,-1.027817,MOZ,ZAF,843049
9206886,151,246,8943,2018,0.0,5244.0,-0.128221,0.15049400000000002,MUS,ZAF,843049
9206887,152,246,8943,2018,51607.0,67663.0,-0.7015979999999999,-0.9293680000000001,MWI,ZAF,843049
9206888,153,246,8943,2018,20085.0,651992.0,1.122976,0.734109,MYS,ZAF,843049
9206889,155,246,8943,2018,39204.0,2514379.0,-0.668091,-0.779938,NAM,ZAF,843049
9206890,159,246,8943,2018,0.0,61584.0,-1.8238,-1.259938,NGA,ZAF,843049
9206891,162,246,8943,2018,134259.0,0.0,1.1478899999999999,1.454758,NLD,ZAF,843049
9206892,163,246,8943,2018,0.0,9705.0,0.681639,0.021762,NOR,ZAF,843049
9206893,167,246,8943,2018,0.0,12055.0,-0.548048,-0.9972989999999999,OMN,ZAF,843049
9206894,173,246,8943,2018,0.0,339873.0,-0.6673060000000001,-0.183315,PER,ZAF,843049
9206895,177,246,8943,2018,648836.0,56007.0,1.132475,1.258945,POL,ZAF,843049
9206896,183,246,8943,2018,0.0,286645.0,-0.068401,-1.014732,QAT,ZAF,843049
9206897,186,246,8943,2018,18658.0,0.0,0.21398000000000003,0.100414,RUS,ZAF,843049
9206898,191,246,8943,2018,0.0,967.0,-0.751378,-0.390573,SEN,ZAF,843049
9206899,192,246,8943,2018,50883.0,1643.0,1.914132,0.652011,SGP,ZAF,843049
9206900,196,246,8943,2018,18759.0,16600.0,-0.06932999999999999,-0.36035300000000003,SLE,ZAF,843049
9206901,208,246,8943,2018,1215929.0,322697.0,1.76361,0.766904,SWE,ZAF,843049
9206902,209,246,8943,2018,736080.0,34789.0,-0.008154999999999999,-0.6079319999999999,SWZ,ZAF,843049
9206903,216,246,8943,2018,14167.0,0.0,1.053177,1.4084969999999999,THA,ZAF,843049
9206904,217,246,8943,2018,0.0,22724.0,-0.757793,-1.0641209999999999,TJK,ZAF,843049
9206905,227,246,8943,2018,0.0,40259.0,-0.621049,-0.061448,UGA,ZAF,843049
9206906,231,246,8943,2018,1375844.0,19792.0,1.585861,0.44815900000000003,USA,ZAF,843049
9206907,247,246,8943,2018,962597.0,1465946.0,-0.736064,-0.93958,ZMB,ZAF,843049
9206908,248,246,8943,2018,0.0,977863.0,-1.181524,-1.0648520000000001,ZWE,ZAF,843049
9206909,250,246,8943,2018,871325.0,960243.0,0.809991,-0.368737,ANS,ZAF,843049
9206910,7,249,8943,2018,0.0,5025.0,0.11804400000000001,-0.326851,ARE,TWN,843049
9206911,31,249,8943,2018,0.0,2296.0,-1.153953,-1.070749,BOL,TWN,843049
9206912,43,249,8943,2018,147360.0,184967.0,1.200689,1.2822,CHN,TWN,843049
9206913,61,249,8943,2018,115162.0,0.0,2.109059,-2.428826,DEU,TWN,843049
9206914,64,249,8943,2018,31756.0,0.0,1.0945040000000001,1.3311540000000002,DNK,TWN,843049
9206915,71,249,8943,2018,0.0,4059.0,0.744825,2.919005,ESP,TWN,843049
9206916,81,249,8943,2018,1763.0,0.0,1.693008,0.768159,GBR,TWN,843049
9206917,97,249,8943,2018,0.0,1649.0,0.843677,1.656073,HKG,TWN,843049
9206918,111,249,8943,2018,0.0,5215.0,1.3602530000000002,0.453607,ITA,TWN,843049
9206919,114,249,8943,2018,1986899.0,0.0,2.514533,-0.416074,JPN,TWN,843049
9206920,121,249,8943,2018,3032842.0,0.0,2.093866,0.764303,KOR,TWN,843049
9206921,123,249,8943,2018,0.0,13021.0,-0.788808,-0.8012670000000001,LAO,TWN,843049
9206922,143,249,8943,2018,11968.0,0.0,-0.936467,-0.223413,MMR,TWN,843049
9206923,153,249,8943,2018,0.0,71241.0,1.122976,0.734109,MYS,TWN,843049
9206924,174,249,8943,2018,0.0,6767.0,0.781409,0.22126700000000002,PHL,TWN,843049
9206925,192,249,8943,2018,118593.0,81298.0,1.914132,0.652011,SGP,TWN,843049
9206926,195,249,8943,2018,0.0,573.0,-1.246494,-0.998495,SLB,TWN,843049
9206927,216,249,8943,2018,0.0,367272.0,1.053177,1.4084969999999999,THA,TWN,843049
9206928,231,249,8943,2018,64066.0,71677.0,1.585861,0.44815900000000003,USA,TWN,843049
9206929,239,249,8943,2018,0.0,221853.0,0.003069,0.9169729999999999,VNM,TWN,843049
9206930,250,249,8943,2018,4828.0,0.0,0.809991,-0.368737,ANS,TWN,843049
9206931,24,250,8943,2018,0.0,8758.0,0.318352,-0.69221,BHR,ANS,843049
9206932,39,250,8943,2018,0.0,758862.0,0.666822,1.218593,CAN,ANS,843049
9206933,46,250,8943,2018,0.0,5051.0,-1.743034,-1.20446,COD,ANS,843049
9206934,49,250,8943,2018,436110.0,0.0,0.20431,-0.15273699999999998,COL,ANS,843049
9206935,68,250,8943,2018,0.0,327995.0,-0.096635,1.585658,EGY,ANS,843049
9206936,71,250,8943,2018,0.0,360946.0,0.744825,2.919005,ESP,ANS,843049
9206937,72,250,8943,2018,0.0,118242.0,0.979986,1.2365899999999999,EST,ANS,843049
9206938,77,250,8943,2018,0.0,1220109.0,1.420819,0.7793770000000001,FRA,ANS,843049
9206939,104,250,8943,2018,0.0,952994.0,0.526015,2.448112,IND,ANS,843049
9206940,113,250,8943,2018,113951.0,0.0,-0.086895,0.283829,JOR,ANS,843049
9206941,123,250,8943,2018,0.0,7929.0,-0.788808,-0.8012670000000001,LAO,ANS,843049
9206942,129,250,8943,2018,215725.0,0.0,-0.413303,-0.46411899999999995,LSO,ANS,843049
9206943,131,250,8943,2018,0.0,3662.0,1.1142889999999999,1.306066,LUX,ANS,843049
9206944,136,250,8943,2018,0.0,4793.0,-1.2144549999999998,-0.748326,MDG,ANS,843049
9206945,155,250,8943,2018,0.0,37858.0,-0.668091,-0.779938,NAM,ANS,843049
9206946,162,250,8943,2018,129182.0,122061.0,1.1478899999999999,1.454758,NLD,ANS,843049
9206947,168,250,8943,2018,0.0,9433.0,-0.64348,0.665045,PAK,ANS,843049
9206948,177,250,8943,2018,0.0,738292.0,1.132475,1.258945,POL,ANS,843049
9206949,186,250,8943,2018,10208.0,0.0,0.21398000000000003,0.100414,RUS,ANS,843049
9206950,206,250,8943,2018,0.0,8006.0,1.3270979999999999,0.877684,SVK,ANS,843049
9206951,216,250,8943,2018,75181008.0,0.0,1.053177,1.4084969999999999,THA,ANS,843049
9206952,223,250,8943,2018,0.0,92666.0,0.259778,1.187194,TUN,ANS,843049
9206953,230,250,8943,2018,4750.0,0.0,-0.02056,-0.38911,URY,ANS,843049
9206954,246,250,8943,2018,960243.0,871325.0,0.158722,1.394829,ZAF,ANS,843049
9206955,249,250,8943,2018,0.0,4828.0,2.0462540000000002,1.166636,TWN,ANS,843049
9206956,162,0,8943,2018,45601.0,0.0,1.1478899999999999,1.454758,NLD,ABW,843049
9206957,190,0,8943,2018,0.0,125742.0,-1.278532,-1.176008,SDN,ABW,843049
9206958,231,0,8943,2018,5844300.0,0.0,1.585861,0.44815900000000003,USA,ABW,843049
9206959,7,14,8943,2018,6413.0,121531.0,0.11804400000000001,-0.326851,ARE,AUS,843049
9206960,15,14,8943,2018,405833.0,1238.0,1.774488,-0.21117800000000003,AUT,AUS,843049
9206961,21,14,8943,2018,0.0,20936.0,-0.8835200000000001,-0.9790620000000001,BFA,AUS,843049
9206962,23,14,8943,2018,0.0,612974.0,0.571226,1.836856,BGR,AUS,843049
9206963,24,14,8943,2018,0.0,57016.0,0.318352,-0.69221,BHR,AUS,843049
9206964,31,14,8943,2018,0.0,108018.0,-1.153953,-1.070749,BOL,AUS,843049
9206965,32,14,8943,2018,248748.0,0.0,0.143397,0.582092,BRA,AUS,843049
9206966,37,14,8943,2018,0.0,28675.0,-0.8339610000000001,-1.184307,BWA,AUS,843049
9206967,39,14,8943,2018,1194304.0,149247.0,0.666822,1.218593,CAN,AUS,843049
9206968,41,14,8943,2018,112814.0,0.0,2.2324330000000003,0.7801560000000001,CHE,AUS,843049
9206969,42,14,8943,2018,0.0,11830.0,-0.37677,-0.49605299999999997,CHL,AUS,843049
9206970,43,14,8943,2018,926847.0,127673.0,1.200689,1.2822,CHN,AUS,843049
9206971,46,14,8943,2018,0.0,15617.0,-1.743034,-1.20446,COD,AUS,843049
9206972,49,14,8943,2018,0.0,3189633.0,0.20431,-0.15273699999999998,COL,AUS,843049
9206973,61,14,8943,2018,213011.0,0.0,2.109059,-2.428826,DEU,AUS,843049
9206974,64,14,8943,2018,238198.0,7558.0,1.0945040000000001,1.3311540000000002,DNK,AUS,843049
9206975,67,14,8943,2018,9671.0,0.0,-0.873973,-1.032841,ECU,AUS,843049
9206976,68,14,8943,2018,0.0,187857.0,-0.096635,1.585658,EGY,AUS,843049
9206977,74,14,8943,2018,1000857.0,165449.0,1.61151,0.9474549999999999,FIN,AUS,843049
9206978,77,14,8943,2018,247388.0,15209.0,1.420819,0.7793770000000001,FRA,AUS,843049
9206979,81,14,8943,2018,1273190.0,3977.0,1.693008,0.768159,GBR,AUS,843049
9206980,83,14,8943,2018,0.0,1083232.0,-0.956109,-0.861556,GHA,AUS,843049
9206981,97,14,8943,2018,1692098.0,0.0,0.843677,1.656073,HKG,AUS,843049
9206982,103,14,8943,2018,0.0,427552.0,-0.10130499999999999,1.2414209999999999,IDN,AUS,843049
9206983,104,14,8943,2018,29250.0,190378.0,0.526015,2.448112,IND,AUS,843049
9206984,106,14,8943,2018,0.0,123880.0,1.262419,0.013576,IRL,AUS,843049
9206985,111,14,8943,2018,759392.0,0.0,1.3602530000000002,0.453607,ITA,AUS,843049
9206986,112,14,8943,2018,0.0,738325.0,-0.339328,-0.8756659999999999,JAM,AUS,843049
9206987,114,14,8943,2018,489913.0,59166.0,2.514533,-0.416074,JPN,AUS,843049
9206988,121,14,8943,2018,2908.0,0.0,2.093866,0.764303,KOR,AUS,843049
9206989,122,14,8943,2018,28278.0,318998.0,-0.668802,-1.154012,KWT,AUS,843049
9206990,123,14,8943,2018,0.0,3123.0,-0.788808,-0.8012670000000001,LAO,AUS,843049
9206991,138,14,8943,2018,5761.0,0.0,1.00061,0.585759,MEX,AUS,843049
9206992,141,14,8943,2018,23354.0,6419.0,-0.49666499999999997,-0.7189909999999999,MLI,AUS,843049
9206993,153,14,8943,2018,7113.0,58541.0,1.122976,0.734109,MYS,AUS,843049
9206994,159,14,8943,2018,0.0,17333.0,-1.8238,-1.259938,NGA,AUS,843049
9206995,162,14,8943,2018,134418.0,62204.0,1.1478899999999999,1.454758,NLD,AUS,843049
9206996,163,14,8943,2018,4823.0,0.0,0.681639,0.021762,NOR,AUS,843049
9206997,166,14,8943,2018,64171.0,443852.0,0.21902600000000003,0.148714,NZL,AUS,843049
9206998,167,14,8943,2018,0.0,59011.0,-0.548048,-0.9972989999999999,OMN,AUS,843049
9206999,168,14,8943,2018,21316.0,115746.0,-0.64348,0.665045,PAK,AUS,843049
9207000,169,14,8943,2018,0.0,79481.0,0.104326,-0.11611800000000001,PAN,AUS,843049
9207001,174,14,8943,2018,182631.0,177037.0,0.781409,0.22126700000000002,PHL,AUS,843049
9207002,176,14,8943,2018,0.0,940132.0,-1.7580360000000002,-1.239492,PNG,AUS,843049
9207003,177,14,8943,2018,1624749.0,0.0,1.132475,1.258945,POL,AUS,843049
9207004,179,14,8943,2018,0.0,871084.0,0.652628,2.211758,PRT,AUS,843049
9207005,183,14,8943,2018,0.0,33029.0,-0.068401,-1.014732,QAT,AUS,843049
9207006,186,14,8943,2018,0.0,371288.0,0.21398000000000003,0.100414,RUS,AUS,843049
9207007,188,14,8943,2018,193511.0,2474.0,0.5801810000000001,-0.447514,SAU,AUS,843049
9207008,191,14,8943,2018,0.0,76948.0,-0.751378,-0.390573,SEN,AUS,843049
9207009,192,14,8943,2018,1526929.0,1283234.0,1.914132,0.652011,SGP,AUS,843049
9207010,206,14,8943,2018,0.0,6232.0,1.3270979999999999,0.877684,SVK,AUS,843049
9207011,208,14,8943,2018,2285958.0,35369.0,1.76361,0.766904,SWE,AUS,843049
9207012,215,14,8943,2018,0.0,60008.0,-0.685084,-0.773437,TGO,AUS,843049
9207013,216,14,8943,2018,2600573.0,266954.0,1.053177,1.4084969999999999,THA,AUS,843049
9207014,224,14,8943,2018,1312.0,0.0,0.518721,2.5581419999999997,TUR,AUS,843049
9207015,226,14,8943,2018,342.0,0.0,-0.09850700000000001,1.145606,TZA,AUS,843049
9207016,228,14,8943,2018,0.0,2012.0,0.337296,0.758675,UKR,AUS,843049
9207017,231,14,8943,2018,2856636.0,1517576.0,1.585861,0.44815900000000003,USA,AUS,843049
9207018,239,14,8943,2018,0.0,23814.0,0.003069,0.9169729999999999,VNM,AUS,843049
9207019,246,14,8943,2018,325843.0,169519.0,0.158722,1.394829,ZAF,AUS,843049
9207020,18,16,8943,2018,13397.0,0.0,1.270641,1.201063,BEL,AZE,843049
9207021,43,16,8943,2018,23758556.0,0.0,1.200689,1.2822,CHN,AZE,843049
9207022,81,16,8943,2018,662806.0,0.0,1.693008,0.768159,GBR,AZE,843049
9207023,82,16,8943,2018,338794.0,187681.0,-0.049871,-0.28439899999999996,GEO,AZE,843049
9207024,104,16,8943,2018,1375332.0,119036.0,0.526015,2.448112,IND,AZE,843049
9207025,111,16,8943,2018,69445.0,0.0,1.3602530000000002,0.453607,ITA,AZE,843049
9207026,153,16,8943,2018,15574221.0,0.0,1.122976,0.734109,MYS,AZE,843049
9207027,162,16,8943,2018,448246.0,336088.0,1.1478899999999999,1.454758,NLD,AZE,843049
9207028,186,16,8943,2018,22219.0,0.0,0.21398000000000003,0.100414,RUS,AZE,843049
9207029,188,16,8943,2018,11316.0,0.0,0.5801810000000001,-0.447514,SAU,AZE,843049
9207030,224,16,8943,2018,2172578.0,3478.0,0.518721,2.5581419999999997,TUR,AZE,843049
9207031,228,16,8943,2018,8228.0,0.0,0.337296,0.758675,UKR,AZE,843049
9207032,231,16,8943,2018,27718.0,0.0,1.585861,0.44815900000000003,USA,AZE,843049
9207033,43,22,8943,2018,5736536.0,0.0,1.200689,1.2822,CHN,BGD,843049
9207034,81,22,8943,2018,1317.0,0.0,1.693008,0.768159,GBR,BGD,843049
9207035,104,22,8943,2018,1414682.0,0.0,0.526015,2.448112,IND,BGD,843049
9207036,111,22,8943,2018,8237556.0,0.0,1.3602530000000002,0.453607,ITA,BGD,843049
9207037,114,22,8943,2018,1795840.0,0.0,2.514533,-0.416074,JPN,BGD,843049
9207038,153,22,8943,2018,114878.0,0.0,1.122976,0.734109,MYS,BGD,843049
9207039,162,22,8943,2018,99957.0,0.0,1.1478899999999999,1.454758,NLD,BGD,843049
9207040,188,22,8943,2018,47375.0,0.0,0.5801810000000001,-0.447514,SAU,BGD,843049
9207041,192,22,8943,2018,30381.0,0.0,1.914132,0.652011,SGP,BGD,843049
9207042,216,22,8943,2018,22401.0,0.0,1.053177,1.4084969999999999,THA,BGD,843049
9207043,15,26,8943,2018,7129.0,0.0,1.774488,-0.21117800000000003,AUT,BIH,843049
9207044,41,26,8943,2018,4893.0,0.0,2.2324330000000003,0.7801560000000001,CHE,BIH,843049
9207045,43,26,8943,2018,3811.0,0.0,1.200689,1.2822,CHN,BIH,843049
9207046,61,26,8943,2018,21419.0,0.0,2.109059,-2.428826,DEU,BIH,843049
9207047,100,26,8943,2018,33646.0,0.0,0.7923720000000001,1.4047209999999999,HRV,BIH,843049
9207048,104,26,8943,2018,8713.0,0.0,0.526015,2.448112,IND,BIH,843049
9207049,111,26,8943,2018,192825.0,0.0,1.3602530000000002,0.453607,ITA,BIH,843049
9207050,144,26,8943,2018,0.0,47754.0,0.332495,0.124258,MNE,BIH,843049
9207051,201,26,8943,2018,4581.0,0.0,0.607486,1.2139389999999999,SRB,BIH,843049
9207052,43,28,8943,2018,3674.0,0.0,1.200689,1.2822,CHN,BLR,843049
9207053,61,28,8943,2018,358538.0,0.0,2.109059,-2.428826,DEU,BLR,843049
9207054,65,28,8943,2018,0.0,13051.0,-0.084258,0.474872,DOM,BLR,843049
9207055,115,28,8943,2018,0.0,995.0,-0.483862,-0.667417,KAZ,BLR,843049
9207056,130,28,8943,2018,18619.0,0.0,0.964249,1.4050200000000002,LTU,BLR,843049
9207057,177,28,8943,2018,1672.0,0.0,1.132475,1.258945,POL,BLR,843049
9207058,186,28,8943,2018,198665.0,714992.0,0.21398000000000003,0.100414,RUS,BLR,843049
9207059,228,28,8943,2018,0.0,2207586.0,0.337296,0.758675,UKR,BLR,843049
9207060,231,28,8943,2018,8280.0,0.0,1.585861,0.44815900000000003,USA,BLR,843049
9207061,2,31,8943,2018,20711.0,0.0,-1.489191,-1.213992,AGO,BOL,843049
9207062,8,31,8943,2018,0.0,1302606.0,-0.14316800000000002,0.14356,ARG,BOL,843049
9207063,14,31,8943,2018,108018.0,0.0,-0.29687199999999997,-0.123116,AUS,BOL,843049
9207064,32,31,8943,2018,10263.0,0.0,0.143397,0.582092,BRA,BOL,843049
9207065,39,31,8943,2018,15209.0,0.0,0.666822,1.218593,CAN,BOL,843049
9207066,42,31,8943,2018,232746.0,0.0,-0.37677,-0.49605299999999997,CHL,BOL,843049
9207067,43,31,8943,2018,214777.0,0.0,1.200689,1.2822,CHN,BOL,843049
9207068,49,31,8943,2018,29117.0,96045.0,0.20431,-0.15273699999999998,COL,BOL,843049
9207069,61,31,8943,2018,111769.0,0.0,2.109059,-2.428826,DEU,BOL,843049
9207070,67,31,8943,2018,0.0,19763.0,-0.873973,-1.032841,ECU,BOL,843049
9207071,71,31,8943,2018,115641.0,0.0,0.744825,2.919005,ESP,BOL,843049
9207072,77,31,8943,2018,163420.0,0.0,1.420819,0.7793770000000001,FRA,BOL,843049
9207073,81,31,8943,2018,40720.0,0.0,1.693008,0.768159,GBR,BOL,843049
9207074,111,31,8943,2018,5277306.0,0.0,1.3602530000000002,0.453607,ITA,BOL,843049
9207075,114,31,8943,2018,25033.0,0.0,2.514533,-0.416074,JPN,BOL,843049
9207076,153,31,8943,2018,0.0,95017.0,1.122976,0.734109,MYS,BOL,843049
9207077,173,31,8943,2018,404540.0,14019.0,-0.6673060000000001,-0.183315,PER,BOL,843049
9207078,192,31,8943,2018,33546.0,0.0,1.914132,0.652011,SGP,BOL,843049
9207079,208,31,8943,2018,282540.0,0.0,1.76361,0.766904,SWE,BOL,843049
9207080,231,31,8943,2018,4454210.0,0.0,1.585861,0.44815900000000003,USA,BOL,843049
9207081,249,31,8943,2018,2296.0,0.0,2.0462540000000002,1.166636,TWN,BOL,843049
9207082,7,59,8943,2018,0.0,538176.0,0.11804400000000001,-0.326851,ARE,CZE,843049
9207083,15,59,8943,2018,46757.0,12968.0,1.774488,-0.21117800000000003,AUT,CZE,843049
9207084,18,59,8943,2018,1147.0,0.0,1.270641,1.201063,BEL,CZE,843049
9207085,41,59,8943,2018,14419.0,5138.0,2.2324330000000003,0.7801560000000001,CHE,CZE,843049
9207086,42,59,8943,2018,0.0,1470.0,-0.37677,-0.49605299999999997,CHL,CZE,843049
9207087,43,59,8943,2018,190744.0,0.0,1.200689,1.2822,CHN,CZE,843049
9207088,61,59,8943,2018,110742.0,72873.0,2.109059,-2.428826,DEU,CZE,843049
9207089,64,59,8943,2018,0.0,1815.0,1.0945040000000001,1.3311540000000002,DNK,CZE,843049
9207090,71,59,8943,2018,24725.0,3617.0,0.744825,2.919005,ESP,CZE,843049
9207091,72,59,8943,2018,0.0,15470.0,0.979986,1.2365899999999999,EST,CZE,843049
9207092,74,59,8943,2018,0.0,2986.0,1.61151,0.9474549999999999,FIN,CZE,843049
9207093,77,59,8943,2018,0.0,82168.0,1.420819,0.7793770000000001,FRA,CZE,843049
9207094,81,59,8943,2018,124426.0,16215.0,1.693008,0.768159,GBR,CZE,843049
9207095,90,59,8943,2018,0.0,4909.0,0.059539999999999996,1.0321879999999999,GRC,CZE,843049
9207096,100,59,8943,2018,0.0,4686.0,0.7923720000000001,1.4047209999999999,HRV,CZE,843049
9207097,102,59,8943,2018,0.0,3639.0,1.519662,0.833092,HUN,CZE,843049
9207098,110,59,8943,2018,0.0,5340.0,1.355071,0.872822,ISR,CZE,843049
9207099,111,59,8943,2018,214508.0,214018.0,1.3602530000000002,0.453607,ITA,CZE,843049
9207100,130,59,8943,2018,0.0,19030.0,0.964249,1.4050200000000002,LTU,CZE,843049
9207101,153,59,8943,2018,0.0,28337.0,1.122976,0.734109,MYS,CZE,843049
9207102,162,59,8943,2018,123988.0,55907.0,1.1478899999999999,1.454758,NLD,CZE,843049
9207103,177,59,8943,2018,50490.0,138524.0,1.132475,1.258945,POL,CZE,843049
9207104,183,59,8943,2018,0.0,19885.0,-0.068401,-1.014732,QAT,CZE,843049
9207105,185,59,8943,2018,0.0,25560.0,1.050715,1.04471,ROU,CZE,843049
9207106,186,59,8943,2018,0.0,11534.0,0.21398000000000003,0.100414,RUS,CZE,843049
9207107,201,59,8943,2018,0.0,27788.0,0.607486,1.2139389999999999,SRB,CZE,843049
9207108,206,59,8943,2018,8960.0,1156364.0,1.3270979999999999,0.877684,SVK,CZE,843049
9207109,207,59,8943,2018,0.0,1750.0,1.67428,0.7703800000000001,SVN,CZE,843049
9207110,208,59,8943,2018,70369.0,24044.0,1.76361,0.766904,SWE,CZE,843049
9207111,228,59,8943,2018,0.0,2280.0,0.337296,0.758675,UKR,CZE,843049
9207112,231,59,8943,2018,16272109.0,0.0,1.585861,0.44815900000000003,USA,CZE,843049
9207113,7,68,8943,2018,82354.0,0.0,0.11804400000000001,-0.326851,ARE,EGY,843049
9207114,14,68,8943,2018,187857.0,0.0,-0.29687199999999997,-0.123116,AUS,EGY,843049
9207115,15,68,8943,2018,305612.0,0.0,1.774488,-0.21117800000000003,AUT,EGY,843049
9207116,18,68,8943,2018,7720372.0,0.0,1.270641,1.201063,BEL,EGY,843049
9207117,39,68,8943,2018,75490.0,0.0,0.666822,1.218593,CAN,EGY,843049
9207118,43,68,8943,2018,4254058.0,0.0,1.200689,1.2822,CHN,EGY,843049
9207119,58,68,8943,2018,8229.0,0.0,0.45442,-0.113303,CYP,EGY,843049
9207120,61,68,8943,2018,5870040.0,0.0,2.109059,-2.428826,DEU,EGY,843049
9207121,64,68,8943,2018,27453.0,0.0,1.0945040000000001,1.3311540000000002,DNK,EGY,843049
9207122,71,68,8943,2018,929303.0,0.0,0.744825,2.919005,ESP,EGY,843049
9207123,77,68,8943,2018,1489096.0,0.0,1.420819,0.7793770000000001,FRA,EGY,843049
9207124,81,68,8943,2018,200420.0,0.0,1.693008,0.768159,GBR,EGY,843049
9207125,90,68,8943,2018,846662.0,0.0,0.059539999999999996,1.0321879999999999,GRC,EGY,843049
9207126,97,68,8943,2018,31836.0,0.0,0.843677,1.656073,HKG,EGY,843049
9207127,104,68,8943,2018,82880.0,20854.0,0.526015,2.448112,IND,EGY,843049
9207128,106,68,8943,2018,68025.0,0.0,1.262419,0.013576,IRL,EGY,843049
9207129,111,68,8943,2018,13966.0,163794.0,1.3602530000000002,0.453607,ITA,EGY,843049
9207130,114,68,8943,2018,499466.0,0.0,2.514533,-0.416074,JPN,EGY,843049
9207131,121,68,8943,2018,23756828.0,0.0,2.093866,0.764303,KOR,EGY,843049
9207132,122,68,8943,2018,1125774.0,0.0,-0.668802,-1.154012,KWT,EGY,843049
9207133,126,68,8943,2018,31980.0,0.0,-1.608786,-1.231101,LBY,EGY,843049
9207134,153,68,8943,2018,14534214.0,0.0,1.122976,0.734109,MYS,EGY,843049
9207135,162,68,8943,2018,144247.0,0.0,1.1478899999999999,1.454758,NLD,EGY,843049
9207136,163,68,8943,2018,21774594.0,28137.0,0.681639,0.021762,NOR,EGY,843049
9207137,177,68,8943,2018,54722.0,0.0,1.132475,1.258945,POL,EGY,843049
9207138,179,68,8943,2018,40026.0,0.0,0.652628,2.211758,PRT,EGY,843049
9207139,185,68,8943,2018,23309.0,0.0,1.050715,1.04471,ROU,EGY,843049
9207140,186,68,8943,2018,30189.0,0.0,0.21398000000000003,0.100414,RUS,EGY,843049
9207141,188,68,8943,2018,761984.0,0.0,0.5801810000000001,-0.447514,SAU,EGY,843049
9207142,190,68,8943,2018,0.0,194439.0,-1.278532,-1.176008,SDN,EGY,843049
9207143,192,68,8943,2018,3291348.0,8993.0,1.914132,0.652011,SGP,EGY,843049
9207144,208,68,8943,2018,171043.0,0.0,1.76361,0.766904,SWE,EGY,843049
9207145,212,68,8943,2018,43414.0,0.0,-0.6836760000000001,0.554563,SYR,EGY,843049
9207146,224,68,8943,2018,986934.0,0.0,0.518721,2.5581419999999997,TUR,EGY,843049
9207147,231,68,8943,2018,134294.0,0.0,1.585861,0.44815900000000003,USA,EGY,843049
9207148,250,68,8943,2018,327995.0,0.0,0.809991,-0.368737,ANS,EGY,843049
9207149,23,72,8943,2018,0.0,39306.0,0.571226,1.836856,BGR,EST,843049
9207150,41,72,8943,2018,6127.0,0.0,2.2324330000000003,0.7801560000000001,CHE,EST,843049
9207151,43,72,8943,2018,8639.0,0.0,1.200689,1.2822,CHN,EST,843049
9207152,59,72,8943,2018,15470.0,0.0,1.841016,0.220806,CZE,EST,843049
9207153,61,72,8943,2018,112423.0,0.0,2.109059,-2.428826,DEU,EST,843049
9207154,64,72,8943,2018,4260.0,0.0,1.0945040000000001,1.3311540000000002,DNK,EST,843049
9207155,74,72,8943,2018,13652.0,120352.0,1.61151,0.9474549999999999,FIN,EST,843049
9207156,81,72,8943,2018,8819.0,0.0,1.693008,0.768159,GBR,EST,843049
9207157,90,72,8943,2018,877.0,0.0,0.059539999999999996,1.0321879999999999,GRC,EST,843049
9207158,111,72,8943,2018,1958.0,0.0,1.3602530000000002,0.453607,ITA,EST,843049
9207159,130,72,8943,2018,9397.0,3359.0,0.964249,1.4050200000000002,LTU,EST,843049
9207160,162,72,8943,2018,3222.0,5545.0,1.1478899999999999,1.454758,NLD,EST,843049
9207161,163,72,8943,2018,69044.0,0.0,0.681639,0.021762,NOR,EST,843049
9207162,177,72,8943,2018,3033.0,1063.0,1.132475,1.258945,POL,EST,843049
9207163,186,72,8943,2018,26804.0,0.0,0.21398000000000003,0.100414,RUS,EST,843049
9207164,208,72,8943,2018,4461953.0,0.0,1.76361,0.766904,SWE,EST,843049
9207165,224,72,8943,2018,3122.0,0.0,0.518721,2.5581419999999997,TUR,EST,843049
9207166,250,72,8943,2018,118242.0,0.0,0.809991,-0.368737,ANS,EST,843049
9207167,43,73,8943,2018,392421.0,1055624.0,1.200689,1.2822,CHN,ETH,843049
9207168,47,73,8943,2018,0.0,33849.0,-1.52875,-1.1869100000000001,COG,ETH,843049
9207169,61,73,8943,2018,19025.0,0.0,2.109059,-2.428826,DEU,ETH,843049
9207170,62,73,8943,2018,0.0,38480.0,-0.11008599999999999,-0.603731,DJI,ETH,843049
9207171,74,73,8943,2018,97135.0,0.0,1.61151,0.9474549999999999,FIN,ETH,843049
9207172,81,73,8943,2018,94306.0,0.0,1.693008,0.768159,GBR,ETH,843049
9207173,104,73,8943,2018,52350.0,0.0,0.526015,2.448112,IND,ETH,843049
9207174,111,73,8943,2018,55383.0,0.0,1.3602530000000002,0.453607,ITA,ETH,843049
9207175,114,73,8943,2018,6981.0,0.0,2.514533,-0.416074,JPN,ETH,843049
9207176,224,73,8943,2018,14385.0,0.0,0.518721,2.5581419999999997,TUR,ETH,843049
9207177,7,82,8943,2018,13474.0,0.0,0.11804400000000001,-0.326851,ARE,GEO,843049
9207178,9,82,8943,2018,0.0,77566.0,-0.330516,-0.604744,ARM,GEO,843049
9207179,15,82,8943,2018,0.0,161524.0,1.774488,-0.21117800000000003,AUT,GEO,843049
9207180,16,82,8943,2018,187681.0,338794.0,-1.144089,-1.224327,AZE,GEO,843049
9207181,43,82,8943,2018,613939.0,0.0,1.200689,1.2822,CHN,GEO,843049
9207182,61,82,8943,2018,5512.0,0.0,2.109059,-2.428826,DEU,GEO,843049
9207183,74,82,8943,2018,198471.0,0.0,1.61151,0.9474549999999999,FIN,GEO,843049
9207184,130,82,8943,2018,3763.0,0.0,0.964249,1.4050200000000002,LTU,GEO,843049
9207185,162,82,8943,2018,4048.0,0.0,1.1478899999999999,1.454758,NLD,GEO,843049
9207186,185,82,8943,2018,33357.0,0.0,1.050715,1.04471,ROU,GEO,843049
9207187,186,82,8943,2018,122116.0,0.0,0.21398000000000003,0.100414,RUS,GEO,843049
9207188,207,82,8943,2018,97135.0,0.0,1.67428,0.7703800000000001,SVN,GEO,843049
9207189,224,82,8943,2018,33663.0,0.0,0.518721,2.5581419999999997,TUR,GEO,843049
9207190,228,82,8943,2018,55915.0,0.0,0.337296,0.758675,UKR,GEO,843049
9207191,231,82,8943,2018,13569.0,0.0,1.585861,0.44815900000000003,USA,GEO,843049
9207192,7,100,8943,2018,78257.0,0.0,0.11804400000000001,-0.326851,ARE,HRV,843049
9207193,15,100,8943,2018,36480.0,1533.0,1.774488,-0.21117800000000003,AUT,HRV,843049
9207194,18,100,8943,2018,1518.0,0.0,1.270641,1.201063,BEL,HRV,843049
9207195,26,100,8943,2018,0.0,33646.0,0.526392,0.742398,BIH,HRV,843049
9207196,41,100,8943,2018,13740.0,0.0,2.2324330000000003,0.7801560000000001,CHE,HRV,843049
9207197,43,100,8943,2018,29540.0,0.0,1.200689,1.2822,CHN,HRV,843049
9207198,59,100,8943,2018,4686.0,0.0,1.841016,0.220806,CZE,HRV,843049
9207199,61,100,8943,2018,31284.0,0.0,2.109059,-2.428826,DEU,HRV,843049
9207200,77,100,8943,2018,37105.0,0.0,1.420819,0.7793770000000001,FRA,HRV,843049
9207201,81,100,8943,2018,1718.0,0.0,1.693008,0.768159,GBR,HRV,843049
9207202,102,100,8943,2018,6333.0,0.0,1.519662,0.833092,HUN,HRV,843049
9207203,111,100,8943,2018,148228.0,0.0,1.3602530000000002,0.453607,ITA,HRV,843049
9207204,140,100,8943,2018,0.0,6035.0,0.079976,-0.20256,MKD,HRV,843049
9207205,144,100,8943,2018,0.0,15933.0,0.332495,0.124258,MNE,HRV,843049
9207206,162,100,8943,2018,73592.0,0.0,1.1478899999999999,1.454758,NLD,HRV,843049
9207207,201,100,8943,2018,24069.0,458079.0,0.607486,1.2139389999999999,SRB,HRV,843049
9207208,207,100,8943,2018,99982.0,40664.0,1.67428,0.7703800000000001,SVN,HRV,843049
9207209,208,100,8943,2018,76722.0,0.0,1.76361,0.766904,SWE,HRV,843049
9207210,228,100,8943,2018,167190.0,229282.0,0.337296,0.758675,UKR,HRV,843049
9207211,246,100,8943,2018,0.0,494800.0,0.158722,1.394829,ZAF,HRV,843049
9207212,7,107,8943,2018,65557.0,0.0,0.11804400000000001,-0.326851,ARE,IRN,843049
9207213,9,107,8943,2018,0.0,9267.0,-0.330516,-0.604744,ARM,IRN,843049
9207214,39,107,8943,2018,0.0,77711.0,0.666822,1.218593,CAN,IRN,843049
9207215,43,107,8943,2018,542464.0,0.0,1.200689,1.2822,CHN,IRN,843049
9207216,111,107,8943,2018,2074.0,0.0,1.3602530000000002,0.453607,ITA,IRN,843049
9207217,114,107,8943,2018,19048.0,0.0,2.514533,-0.416074,JPN,IRN,843049
9207218,121,107,8943,2018,210473.0,0.0,2.093866,0.764303,KOR,IRN,843049
9207219,122,107,8943,2018,0.0,1432.0,-0.668802,-1.154012,KWT,IRN,843049
9207220,128,107,8943,2018,0.0,15323.0,-0.544504,0.41074099999999997,LKA,IRN,843049
9207221,167,107,8943,2018,220832.0,0.0,-0.548048,-0.9972989999999999,OMN,IRN,843049
9207222,177,107,8943,2018,680963.0,0.0,1.132475,1.258945,POL,IRN,843049
9207223,217,107,8943,2018,7959.0,926175.0,-0.757793,-1.0641209999999999,TJK,IRN,843049
9207224,224,107,8943,2018,131464.0,0.0,0.518721,2.5581419999999997,TUR,IRN,843049
9207225,226,107,8943,2018,0.0,46715.0,-0.09850700000000001,1.145606,TZA,IRN,843049
9207226,7,108,8943,2018,731637.0,0.0,0.11804400000000001,-0.326851,ARE,IRQ,843049
9207227,39,108,8943,2018,617086.0,0.0,0.666822,1.218593,CAN,IRQ,843049
9207228,43,108,8943,2018,73890264.0,0.0,1.200689,1.2822,CHN,IRQ,843049
9207229,61,108,8943,2018,88032.0,0.0,2.109059,-2.428826,DEU,IRQ,843049
9207230,81,108,8943,2018,563784.0,0.0,1.693008,0.768159,GBR,IRQ,843049
9207231,103,108,8943,2018,2800156.0,0.0,-0.10130499999999999,1.2414209999999999,IDN,IRQ,843049
9207232,104,108,8943,2018,0.0,2832.0,0.526015,2.448112,IND,IRQ,843049
9207233,111,108,8943,2018,14876.0,0.0,1.3602530000000002,0.453607,ITA,IRQ,843049
9207234,153,108,8943,2018,124808.0,0.0,1.122976,0.734109,MYS,IRQ,843049
9207235,162,108,8943,2018,6804.0,0.0,1.1478899999999999,1.454758,NLD,IRQ,843049
9207236,168,108,8943,2018,242765.0,0.0,-0.64348,0.665045,PAK,IRQ,843049
9207237,188,108,8943,2018,511251.0,0.0,0.5801810000000001,-0.447514,SAU,IRQ,843049
9207238,192,108,8943,2018,16342658.0,0.0,1.914132,0.652011,SGP,IRQ,843049
9207239,224,108,8943,2018,88974.0,0.0,0.518721,2.5581419999999997,TUR,IRQ,843049
9207240,231,108,8943,2018,74703.0,0.0,1.585861,0.44815900000000003,USA,IRQ,843049
9207241,7,115,8943,2018,33495.0,0.0,0.11804400000000001,-0.326851,ARE,KAZ,843049
9207242,28,115,8943,2018,995.0,0.0,0.850089,0.8332870000000001,BLR,KAZ,843049
9207243,39,115,8943,2018,1074142.0,0.0,0.666822,1.218593,CAN,KAZ,843049
9207244,43,115,8943,2018,1377162.0,0.0,1.200689,1.2822,CHN,KAZ,843049
9207245,61,115,8943,2018,2812.0,0.0,2.109059,-2.428826,DEU,KAZ,843049
9207246,77,115,8943,2018,396946.0,0.0,1.420819,0.7793770000000001,FRA,KAZ,843049
9207247,81,115,8943,2018,279443.0,0.0,1.693008,0.768159,GBR,KAZ,843049
9207248,111,115,8943,2018,135439.0,0.0,1.3602530000000002,0.453607,ITA,KAZ,843049
9207249,121,115,8943,2018,340464.0,0.0,2.093866,0.764303,KOR,KAZ,843049
9207250,177,115,8943,2018,299693.0,0.0,1.132475,1.258945,POL,KAZ,843049
9207251,186,115,8943,2018,2593478.0,2533227.0,0.21398000000000003,0.100414,RUS,KAZ,843049
9207252,208,115,8943,2018,1663232.0,0.0,1.76361,0.766904,SWE,KAZ,843049
9207253,217,115,8943,2018,0.0,4412.0,-0.757793,-1.0641209999999999,TJK,KAZ,843049
9207254,224,115,8943,2018,297180.0,0.0,0.518721,2.5581419999999997,TUR,KAZ,843049
9207255,228,115,8943,2018,939363.0,0.0,0.337296,0.758675,UKR,KAZ,843049
9207256,231,115,8943,2018,116486.0,0.0,1.585861,0.44815900000000003,USA,KAZ,843049
9207257,17,116,8943,2018,969.0,2782.0,-0.654964,-0.9683229999999999,BDI,KEN,843049
9207258,38,116,8943,2018,0.0,3079.0,-0.041318,-0.687923,CAF,KEN,843049
9207259,41,116,8943,2018,11727.0,0.0,2.2324330000000003,0.7801560000000001,CHE,KEN,843049
9207260,43,116,8943,2018,639812.0,0.0,1.200689,1.2822,CHN,KEN,843049
9207261,47,116,8943,2018,0.0,16260.0,-1.52875,-1.1869100000000001,COG,KEN,843049
9207262,61,116,8943,2018,362464.0,0.0,2.109059,-2.428826,DEU,KEN,843049
9207263,77,116,8943,2018,173817.0,0.0,1.420819,0.7793770000000001,FRA,KEN,843049
9207264,80,116,8943,2018,0.0,209653.0,-1.4979200000000001,-1.180407,GAB,KEN,843049
9207265,81,116,8943,2018,396809.0,0.0,1.693008,0.768159,GBR,KEN,843049
9207266,83,116,8943,2018,0.0,206128.0,-0.956109,-0.861556,GHA,KEN,843049
9207267,104,116,8943,2018,63224.0,221412.0,0.526015,2.448112,IND,KEN,843049
9207268,111,116,8943,2018,4442.0,0.0,1.3602530000000002,0.453607,ITA,KEN,843049
9207269,114,116,8943,2018,4805.0,0.0,2.514533,-0.416074,JPN,KEN,843049
9207270,121,116,8943,2018,34715.0,0.0,2.093866,0.764303,KOR,KEN,843049
9207271,147,116,8943,2018,35931.0,64982.0,-1.380023,-1.027817,MOZ,KEN,843049
9207272,151,116,8943,2018,0.0,783295.0,-0.128221,0.15049400000000002,MUS,KEN,843049
9207273,162,116,8943,2018,53368.0,0.0,1.1478899999999999,1.454758,NLD,KEN,843049
9207274,196,116,8943,2018,0.0,7848.0,-0.06932999999999999,-0.36035300000000003,SLE,KEN,843049
9207275,208,116,8943,2018,334409.0,0.0,1.76361,0.766904,SWE,KEN,843049
9207276,216,116,8943,2018,128141.0,0.0,1.053177,1.4084969999999999,THA,KEN,843049
9207277,224,116,8943,2018,4841.0,0.0,0.518721,2.5581419999999997,TUR,KEN,843049
9207278,227,116,8943,2018,43504.0,66977.0,-0.621049,-0.061448,UGA,KEN,843049
9207279,231,116,8943,2018,84744.0,0.0,1.585861,0.44815900000000003,USA,KEN,843049
9207280,246,116,8943,2018,107801.0,128865.0,0.158722,1.394829,ZAF,KEN,843049
9207281,248,116,8943,2018,0.0,58831.0,-1.181524,-1.0648520000000001,ZWE,KEN,843049
9207282,43,117,8943,2018,34912.0,58895.0,1.200689,1.2822,CHN,KGZ,843049
9207283,114,117,8943,2018,2998.0,0.0,2.514533,-0.416074,JPN,KGZ,843049
9207284,186,117,8943,2018,7175.0,0.0,0.21398000000000003,0.100414,RUS,KGZ,843049
9207285,208,117,8943,2018,174966.0,0.0,1.76361,0.766904,SWE,KGZ,843049
9207286,224,117,8943,2018,4829.0,14426.0,0.518721,2.5581419999999997,TUR,KGZ,843049
9207287,232,117,8943,2018,0.0,1287.0,-0.591547,-0.429982,UZB,KGZ,843049
9207288,18,124,8943,2018,95508.0,0.0,1.270641,1.201063,BEL,LBN,843049
9207289,43,124,8943,2018,65108.0,0.0,1.200689,1.2822,CHN,LBN,843049
9207290,61,124,8943,2018,144453.0,0.0,2.109059,-2.428826,DEU,LBN,843049
9207291,71,124,8943,2018,14138.0,0.0,0.744825,2.919005,ESP,LBN,843049
9207292,81,124,8943,2018,13942.0,0.0,1.693008,0.768159,GBR,LBN,843049
9207293,90,124,8943,2018,1485.0,0.0,0.059539999999999996,1.0321879999999999,GRC,LBN,843049
9207294,111,124,8943,2018,1706.0,0.0,1.3602530000000002,0.453607,ITA,LBN,843049
9207295,121,124,8943,2018,6250.0,0.0,2.093866,0.764303,KOR,LBN,843049
9207296,134,124,8943,2018,6155.0,0.0,-0.712775,-0.090013,MAR,LBN,843049
9207297,188,124,8943,2018,21042.0,0.0,0.5801810000000001,-0.447514,SAU,LBN,843049
9207298,208,124,8943,2018,293871.0,0.0,1.76361,0.766904,SWE,LBN,843049
9207299,224,124,8943,2018,1906996.0,0.0,0.518721,2.5581419999999997,TUR,LBN,843049
9207300,231,124,8943,2018,47109.0,0.0,1.585861,0.44815900000000003,USA,LBN,843049
9207301,39,128,8943,2018,56521.0,0.0,0.666822,1.218593,CAN,LKA,843049
9207302,43,128,8943,2018,103209.0,0.0,1.200689,1.2822,CHN,LKA,843049
9207303,71,128,8943,2018,158548.0,0.0,0.744825,2.919005,ESP,LKA,843049
9207304,77,128,8943,2018,19777.0,0.0,1.420819,0.7793770000000001,FRA,LKA,843049
9207305,104,128,8943,2018,1326704.0,727657.0,0.526015,2.448112,IND,LKA,843049
9207306,107,128,8943,2018,15323.0,0.0,-0.389954,-0.258156,IRN,LKA,843049
9207307,114,128,8943,2018,29309.0,0.0,2.514533,-0.416074,JPN,LKA,843049
9207308,121,128,8943,2018,0.0,216680.0,2.093866,0.764303,KOR,LKA,843049
9207309,153,128,8943,2018,102539.0,0.0,1.122976,0.734109,MYS,LKA,843049
9207310,166,128,8943,2018,212201.0,0.0,0.21902600000000003,0.148714,NZL,LKA,843049
9207311,177,128,8943,2018,52595.0,0.0,1.132475,1.258945,POL,LKA,843049
9207312,192,128,8943,2018,6412.0,0.0,1.914132,0.652011,SGP,LKA,843049
9207313,227,128,8943,2018,0.0,2536.0,-0.621049,-0.061448,UGA,LKA,843049
9207314,18,131,8943,2018,0.0,47290.0,1.270641,1.201063,BEL,LUX,843049
9207315,61,131,8943,2018,12508.0,0.0,2.109059,-2.428826,DEU,LUX,843049
9207316,77,131,8943,2018,3492.0,0.0,1.420819,0.7793770000000001,FRA,LUX,843049
9207317,81,131,8943,2018,117683.0,0.0,1.693008,0.768159,GBR,LUX,843049
9207318,111,131,8943,2018,340999.0,0.0,1.3602530000000002,0.453607,ITA,LUX,843049
9207319,134,131,8943,2018,0.0,11460.0,-0.712775,-0.090013,MAR,LUX,843049
9207320,162,131,8943,2018,1879.0,2301.0,1.1478899999999999,1.454758,NLD,LUX,843049
9207321,167,131,8943,2018,0.0,7952.0,-0.548048,-0.9972989999999999,OMN,LUX,843049
9207322,174,131,8943,2018,2715.0,0.0,0.781409,0.22126700000000002,PHL,LUX,843049
9207323,231,131,8943,2018,7420.0,0.0,1.585861,0.44815900000000003,USA,LUX,843049
9207324,250,131,8943,2018,3662.0,0.0,0.809991,-0.368737,ANS,LUX,843049
9207325,43,132,8943,2018,13373.0,0.0,1.200689,1.2822,CHN,LVA,843049
9207326,61,132,8943,2018,11062.0,0.0,2.109059,-2.428826,DEU,LVA,843049
9207327,64,132,8943,2018,1791.0,0.0,1.0945040000000001,1.3311540000000002,DNK,LVA,843049
9207328,74,132,8943,2018,2550.0,0.0,1.61151,0.9474549999999999,FIN,LVA,843049
9207329,111,132,8943,2018,11364.0,0.0,1.3602530000000002,0.453607,ITA,LVA,843049
9207330,130,132,8943,2018,50981.0,0.0,0.964249,1.4050200000000002,LTU,LVA,843049
9207331,162,132,8943,2018,0.0,1593.0,1.1478899999999999,1.454758,NLD,LVA,843049
9207332,208,132,8943,2018,64930.0,0.0,1.76361,0.766904,SWE,LVA,843049
9207333,231,132,8943,2018,127987.0,0.0,1.585861,0.44815900000000003,USA,LVA,843049
9207334,232,132,8943,2018,0.0,635660.0,-0.591547,-0.429982,UZB,LVA,843049
9207335,7,134,8943,2018,3264.0,0.0,0.11804400000000001,-0.326851,ARE,MAR,843049
9207336,18,134,8943,2018,22387.0,0.0,1.270641,1.201063,BEL,MAR,843049
9207337,39,134,8943,2018,1381374.0,0.0,0.666822,1.218593,CAN,MAR,843049
9207338,43,134,8943,2018,59521.0,0.0,1.200689,1.2822,CHN,MAR,843049
9207339,44,134,8943,2018,0.0,41823.0,-0.8733569999999999,-0.8443139999999999,CIV,MAR,843049
9207340,61,134,8943,2018,3615897.0,0.0,2.109059,-2.428826,DEU,MAR,843049
9207341,71,134,8943,2018,98152.0,0.0,0.744825,2.919005,ESP,MAR,843049
9207342,77,134,8943,2018,128047.0,33251.0,1.420819,0.7793770000000001,FRA,MAR,843049
9207343,81,134,8943,2018,373419.0,0.0,1.693008,0.768159,GBR,MAR,843049
9207344,104,134,8943,2018,12726.0,946449.0,0.526015,2.448112,IND,MAR,843049
9207345,111,134,8943,2018,588604.0,0.0,1.3602530000000002,0.453607,ITA,MAR,843049
9207346,124,134,8943,2018,0.0,6155.0,0.270554,0.9995149999999999,LBN,MAR,843049
9207347,131,134,8943,2018,11460.0,0.0,1.1142889999999999,1.306066,LUX,MAR,843049
9207348,141,134,8943,2018,6440.0,2202.0,-0.49666499999999997,-0.7189909999999999,MLI,MAR,843049
9207349,162,134,8943,2018,485254.0,0.0,1.1478899999999999,1.454758,NLD,MAR,843049
9207350,173,134,8943,2018,0.0,20220.0,-0.6673060000000001,-0.183315,PER,MAR,843049
9207351,179,134,8943,2018,54020.0,0.0,0.652628,2.211758,PRT,MAR,843049
9207352,190,134,8943,2018,0.0,12483.0,-1.278532,-1.176008,SDN,MAR,843049
9207353,192,134,8943,2018,391864.0,0.0,1.914132,0.652011,SGP,MAR,843049
9207354,208,134,8943,2018,253615.0,0.0,1.76361,0.766904,SWE,MAR,843049
9207355,212,134,8943,2018,7939.0,0.0,-0.6836760000000001,0.554563,SYR,MAR,843049
9207356,224,134,8943,2018,493073.0,0.0,0.518721,2.5581419999999997,TUR,MAR,843049
9207357,231,134,8943,2018,80934.0,0.0,1.585861,0.44815900000000003,USA,MAR,843049
9207358,177,135,8943,2018,3596.0,0.0,1.132475,1.258945,POL,MDA,843049
9207359,186,135,8943,2018,19432.0,0.0,0.21398000000000003,0.100414,RUS,MDA,843049
9207360,224,135,8943,2018,15459.0,0.0,0.518721,2.5581419999999997,TUR,MDA,843049
9207361,43,143,8943,2018,29248798.0,0.0,1.200689,1.2822,CHN,MMR,843049
9207362,74,143,8943,2018,120338.0,0.0,1.61151,0.9474549999999999,FIN,MMR,843049
9207363,103,143,8943,2018,1685.0,0.0,-0.10130499999999999,1.2414209999999999,IDN,MMR,843049
9207364,111,143,8943,2018,156110.0,0.0,1.3602530000000002,0.453607,ITA,MMR,843049
9207365,114,143,8943,2018,354451.0,0.0,2.514533,-0.416074,JPN,MMR,843049
9207366,121,143,8943,2018,71856.0,136518.0,2.093866,0.764303,KOR,MMR,843049
9207367,153,143,8943,2018,143067.0,123018.0,1.122976,0.734109,MYS,MMR,843049
9207368,192,143,8943,2018,178980.0,0.0,1.914132,0.652011,SGP,MMR,843049
9207369,208,143,8943,2018,164363.0,0.0,1.76361,0.766904,SWE,MMR,843049
9207370,216,143,8943,2018,15755320.0,10320.0,1.053177,1.4084969999999999,THA,MMR,843049
9207371,231,143,8943,2018,15765.0,0.0,1.585861,0.44815900000000003,USA,MMR,843049
9207372,239,143,8943,2018,71725.0,0.0,0.003069,0.9169729999999999,VNM,MMR,843049
9207373,249,143,8943,2018,0.0,11968.0,2.0462540000000002,1.166636,TWN,MMR,843049
9207374,2,147,8943,2018,127361.0,0.0,-1.489191,-1.213992,AGO,MOZ,843049
9207375,32,147,8943,2018,96506.0,0.0,0.143397,0.582092,BRA,MOZ,843049
9207376,37,147,8943,2018,0.0,37574.0,-0.8339610000000001,-1.184307,BWA,MOZ,843049
9207377,42,147,8943,2018,65616.0,0.0,-0.37677,-0.49605299999999997,CHL,MOZ,843049
9207378,43,147,8943,2018,155312.0,0.0,1.200689,1.2822,CHN,MOZ,843049
9207379,44,147,8943,2018,134062.0,0.0,-0.8733569999999999,-0.8443139999999999,CIV,MOZ,843049
9207380,45,147,8943,2018,0.0,7374.0,-1.366619,-1.09894,CMR,MOZ,843049
9207381,47,147,8943,2018,0.0,4899.0,-1.52875,-1.1869100000000001,COG,MOZ,843049
9207382,71,147,8943,2018,91787.0,0.0,0.744825,2.919005,ESP,MOZ,843049
9207383,77,147,8943,2018,22504.0,0.0,1.420819,0.7793770000000001,FRA,MOZ,843049
9207384,81,147,8943,2018,50650.0,0.0,1.693008,0.768159,GBR,MOZ,843049
9207385,104,147,8943,2018,432362.0,0.0,0.526015,2.448112,IND,MOZ,843049
9207386,116,147,8943,2018,64982.0,35931.0,-0.32707800000000004,0.71009,KEN,MOZ,843049
9207387,125,147,8943,2018,41927.0,0.0,-1.022881,-1.124718,LBR,MOZ,843049
9207388,152,147,8943,2018,51395.0,0.0,-0.7015979999999999,-0.9293680000000001,MWI,MOZ,843049
9207389,179,147,8943,2018,33535.0,0.0,0.652628,2.211758,PRT,MOZ,843049
9207390,224,147,8943,2018,1657.0,0.0,0.518721,2.5581419999999997,TUR,MOZ,843049
9207391,226,147,8943,2018,0.0,115765.0,-0.09850700000000001,1.145606,TZA,MOZ,843049
9207392,231,147,8943,2018,2605.0,0.0,1.585861,0.44815900000000003,USA,MOZ,843049
9207393,246,147,8943,2018,759475.0,36310.0,0.158722,1.394829,ZAF,MOZ,843049
9207394,248,147,8943,2018,599.0,3067.0,-1.181524,-1.0648520000000001,ZWE,MOZ,843049
9207395,43,151,8943,2018,8909.0,0.0,1.200689,1.2822,CHN,MUS,843049
9207396,77,151,8943,2018,31519.0,0.0,1.420819,0.7793770000000001,FRA,MUS,843049
9207397,83,151,8943,2018,0.0,729471.0,-0.956109,-0.861556,GHA,MUS,843049
9207398,104,151,8943,2018,58599.0,0.0,0.526015,2.448112,IND,MUS,843049
9207399,116,151,8943,2018,783295.0,0.0,-0.32707800000000004,0.71009,KEN,MUS,843049
9207400,187,151,8943,2018,0.0,1309.0,-0.618925,-0.788172,RWA,MUS,843049
9207401,246,151,8943,2018,5244.0,0.0,0.158722,1.394829,ZAF,MUS,843049
9207402,39,152,8943,2018,426696.0,85032.0,0.666822,1.218593,CAN,MWI,843049
9207403,43,152,8943,2018,29487.0,0.0,1.200689,1.2822,CHN,MWI,843049
9207404,81,152,8943,2018,13333.0,0.0,1.693008,0.768159,GBR,MWI,843049
9207405,147,152,8943,2018,0.0,51395.0,-1.380023,-1.027817,MOZ,MWI,843049
9207406,246,152,8943,2018,67663.0,51607.0,0.158722,1.394829,ZAF,MWI,843049
9207407,248,152,8943,2018,1156.0,0.0,-1.181524,-1.0648520000000001,ZWE,MWI,843049
9207408,7,159,8943,2018,86489.0,0.0,0.11804400000000001,-0.326851,ARE,NGA,843049
9207409,14,159,8943,2018,17333.0,0.0,-0.29687199999999997,-0.123116,AUS,NGA,843049
9207410,18,159,8943,2018,6148.0,0.0,1.270641,1.201063,BEL,NGA,843049
9207411,41,159,8943,2018,72579.0,0.0,2.2324330000000003,0.7801560000000001,CHE,NGA,843049
9207412,43,159,8943,2018,902377.0,0.0,1.200689,1.2822,CHN,NGA,843049
9207413,45,159,8943,2018,0.0,3648.0,-1.366619,-1.09894,CMR,NGA,843049
9207414,47,159,8943,2018,0.0,33141.0,-1.52875,-1.1869100000000001,COG,NGA,843049
9207415,61,159,8943,2018,310773.0,0.0,2.109059,-2.428826,DEU,NGA,843049
9207416,80,159,8943,2018,4038.0,0.0,-1.4979200000000001,-1.180407,GAB,NGA,843049
9207417,81,159,8943,2018,203034.0,0.0,1.693008,0.768159,GBR,NGA,843049
9207418,104,159,8943,2018,2643.0,25457.0,0.526015,2.448112,IND,NGA,843049
9207419,111,159,8943,2018,89277.0,0.0,1.3602530000000002,0.453607,ITA,NGA,843049
9207420,114,159,8943,2018,21709.0,0.0,2.514533,-0.416074,JPN,NGA,843049
9207421,121,159,8943,2018,0.0,3886.0,2.093866,0.764303,KOR,NGA,843049
9207422,155,159,8943,2018,57646.0,0.0,-0.668091,-0.779938,NAM,NGA,843049
9207423,162,159,8943,2018,64972.0,0.0,1.1478899999999999,1.454758,NLD,NGA,843049
9207424,163,159,8943,2018,15990.0,0.0,0.681639,0.021762,NOR,NGA,843049
9207425,179,159,8943,2018,1954.0,0.0,0.652628,2.211758,PRT,NGA,843049
9207426,188,159,8943,2018,12361.0,0.0,0.5801810000000001,-0.447514,SAU,NGA,843049
9207427,192,159,8943,2018,26716.0,0.0,1.914132,0.652011,SGP,NGA,843049
9207428,216,159,8943,2018,22344.0,0.0,1.053177,1.4084969999999999,THA,NGA,843049
9207429,231,159,8943,2018,218048.0,0.0,1.585861,0.44815900000000003,USA,NGA,843049
9207430,246,159,8943,2018,61584.0,0.0,0.158722,1.394829,ZAF,NGA,843049
9207431,35,164,8943,2018,497619.0,0.0,-0.168694,-0.77871,BTN,NPL,843049
9207432,43,164,8943,2018,10153.0,0.0,1.200689,1.2822,CHN,NPL,843049
9207433,104,164,8943,2018,66107.0,0.0,0.526015,2.448112,IND,NPL,843049
9207434,7,167,8943,2018,384452.0,0.0,0.11804400000000001,-0.326851,ARE,OMN,843049
9207435,14,167,8943,2018,59011.0,0.0,-0.29687199999999997,-0.123116,AUS,OMN,843049
9207436,24,167,8943,2018,1286.0,0.0,0.318352,-0.69221,BHR,OMN,843049
9207437,39,167,8943,2018,146233.0,0.0,0.666822,1.218593,CAN,OMN,843049
9207438,43,167,8943,2018,44032016.0,0.0,1.200689,1.2822,CHN,OMN,843049
9207439,58,167,8943,2018,26327.0,0.0,0.45442,-0.113303,CYP,OMN,843049
9207440,61,167,8943,2018,70753.0,0.0,2.109059,-2.428826,DEU,OMN,843049
9207441,81,167,8943,2018,608443.0,0.0,1.693008,0.768159,GBR,OMN,843049
9207442,104,167,8943,2018,69615.0,1066899.0,0.526015,2.448112,IND,OMN,843049
9207443,107,167,8943,2018,0.0,220832.0,-0.389954,-0.258156,IRN,OMN,843049
9207444,111,167,8943,2018,4077.0,4110.0,1.3602530000000002,0.453607,ITA,OMN,843049
9207445,114,167,8943,2018,302368.0,0.0,2.514533,-0.416074,JPN,OMN,843049
9207446,122,167,8943,2018,0.0,144314.0,-0.668802,-1.154012,KWT,OMN,843049
9207447,131,167,8943,2018,7952.0,0.0,1.1142889999999999,1.306066,LUX,OMN,843049
9207448,153,167,8943,2018,1218715.0,0.0,1.122976,0.734109,MYS,OMN,843049
9207449,163,167,8943,2018,3581.0,0.0,0.681639,0.021762,NOR,OMN,843049
9207450,168,167,8943,2018,398385.0,0.0,-0.64348,0.665045,PAK,OMN,843049
9207451,177,167,8943,2018,25017.0,0.0,1.132475,1.258945,POL,OMN,843049
9207452,183,167,8943,2018,93026.0,0.0,-0.068401,-1.014732,QAT,OMN,843049
9207453,188,167,8943,2018,135139.0,0.0,0.5801810000000001,-0.447514,SAU,OMN,843049
9207454,192,167,8943,2018,7671831.0,0.0,1.914132,0.652011,SGP,OMN,843049
9207455,216,167,8943,2018,346473.0,0.0,1.053177,1.4084969999999999,THA,OMN,843049
9207456,224,167,8943,2018,120498.0,0.0,0.518721,2.5581419999999997,TUR,OMN,843049
9207457,231,167,8943,2018,104721.0,0.0,1.585861,0.44815900000000003,USA,OMN,843049
9207458,246,167,8943,2018,12055.0,0.0,0.158722,1.394829,ZAF,OMN,843049
9207459,7,168,8943,2018,207945.0,5199624.0,0.11804400000000001,-0.326851,ARE,PAK,843049
9207460,8,168,8943,2018,2502.0,0.0,-0.14316800000000002,0.14356,ARG,PAK,843049
9207461,14,168,8943,2018,115746.0,21316.0,-0.29687199999999997,-0.123116,AUS,PAK,843049
9207462,15,168,8943,2018,230889.0,0.0,1.774488,-0.21117800000000003,AUT,PAK,843049
9207463,18,168,8943,2018,53122.0,0.0,1.270641,1.201063,BEL,PAK,843049
9207464,24,168,8943,2018,0.0,62771.0,0.318352,-0.69221,BHR,PAK,843049
9207465,41,168,8943,2018,4208.0,0.0,2.2324330000000003,0.7801560000000001,CHE,PAK,843049
9207466,43,168,8943,2018,6077140.0,14669473.0,1.200689,1.2822,CHN,PAK,843049
9207467,61,168,8943,2018,3790632.0,0.0,2.109059,-2.428826,DEU,PAK,843049
9207468,67,168,8943,2018,4005757.0,0.0,-0.873973,-1.032841,ECU,PAK,843049
9207469,77,168,8943,2018,451653.0,6603.0,1.420819,0.7793770000000001,FRA,PAK,843049
9207470,81,168,8943,2018,315206.0,49809.0,1.693008,0.768159,GBR,PAK,843049
9207471,97,168,8943,2018,0.0,36998.0,0.843677,1.656073,HKG,PAK,843049
9207472,108,168,8943,2018,0.0,242765.0,-1.7504400000000002,-1.018699,IRQ,PAK,843049
9207473,111,168,8943,2018,33378.0,0.0,1.3602530000000002,0.453607,ITA,PAK,843049
9207474,114,168,8943,2018,335790.0,64827.0,2.514533,-0.416074,JPN,PAK,843049
9207475,121,168,8943,2018,429379.0,0.0,2.093866,0.764303,KOR,PAK,843049
9207476,138,168,8943,2018,0.0,34947.0,1.00061,0.585759,MEX,PAK,843049
9207477,162,168,8943,2018,161203.0,0.0,1.1478899999999999,1.454758,NLD,PAK,843049
9207478,163,168,8943,2018,0.0,7483.0,0.681639,0.021762,NOR,PAK,843049
9207479,167,168,8943,2018,0.0,398385.0,-0.548048,-0.9972989999999999,OMN,PAK,843049
9207480,174,168,8943,2018,0.0,90117.0,0.781409,0.22126700000000002,PHL,PAK,843049
9207481,177,168,8943,2018,5023.0,0.0,1.132475,1.258945,POL,PAK,843049
9207482,183,168,8943,2018,0.0,119312.0,-0.068401,-1.014732,QAT,PAK,843049
9207483,186,168,8943,2018,114875.0,0.0,0.21398000000000003,0.100414,RUS,PAK,843049
9207484,188,168,8943,2018,85604.0,356603.0,0.5801810000000001,-0.447514,SAU,PAK,843049
9207485,190,168,8943,2018,0.0,9282.0,-1.278532,-1.176008,SDN,PAK,843049
9207486,192,168,8943,2018,332974.0,0.0,1.914132,0.652011,SGP,PAK,843049
9207487,216,168,8943,2018,432474.0,0.0,1.053177,1.4084969999999999,THA,PAK,843049
9207488,224,168,8943,2018,221977.0,0.0,0.518721,2.5581419999999997,TUR,PAK,843049
9207489,231,168,8943,2018,105862.0,2540339.0,1.585861,0.44815900000000003,USA,PAK,843049
9207490,250,168,8943,2018,9433.0,0.0,0.809991,-0.368737,ANS,PAK,843049
9207491,15,185,8943,2018,50446.0,104530.0,1.774488,-0.21117800000000003,AUT,ROU,843049
9207492,18,185,8943,2018,3727.0,0.0,1.270641,1.201063,BEL,ROU,843049
9207493,23,185,8943,2018,115139.0,0.0,0.571226,1.836856,BGR,ROU,843049
9207494,39,185,8943,2018,29889.0,0.0,0.666822,1.218593,CAN,ROU,843049
9207495,41,185,8943,2018,87042.0,0.0,2.2324330000000003,0.7801560000000001,CHE,ROU,843049
9207496,43,185,8943,2018,704402.0,0.0,1.200689,1.2822,CHN,ROU,843049
9207497,47,185,8943,2018,12412.0,0.0,-1.52875,-1.1869100000000001,COG,ROU,843049
9207498,59,185,8943,2018,25560.0,0.0,1.841016,0.220806,CZE,ROU,843049
9207499,61,185,8943,2018,110915.0,3882389.0,2.109059,-2.428826,DEU,ROU,843049
9207500,68,185,8943,2018,0.0,23309.0,-0.096635,1.585658,EGY,ROU,843049
9207501,71,185,8943,2018,9431.0,0.0,0.744825,2.919005,ESP,ROU,843049
9207502,74,185,8943,2018,1301.0,0.0,1.61151,0.9474549999999999,FIN,ROU,843049
9207503,77,185,8943,2018,27922.0,0.0,1.420819,0.7793770000000001,FRA,ROU,843049
9207504,81,185,8943,2018,86592.0,66200.0,1.693008,0.768159,GBR,ROU,843049
9207505,82,185,8943,2018,0.0,33357.0,-0.049871,-0.28439899999999996,GEO,ROU,843049
9207506,83,185,8943,2018,63985.0,0.0,-0.956109,-0.861556,GHA,ROU,843049
9207507,90,185,8943,2018,824640.0,65387.0,0.059539999999999996,1.0321879999999999,GRC,ROU,843049
9207508,97,185,8943,2018,47639.0,0.0,0.843677,1.656073,HKG,ROU,843049
9207509,99,185,8943,2018,0.0,423.0,-0.523738,-0.193198,HND,ROU,843049
9207510,102,185,8943,2018,138316.0,13893.0,1.519662,0.833092,HUN,ROU,843049
9207511,111,185,8943,2018,697558.0,12466.0,1.3602530000000002,0.453607,ITA,ROU,843049
9207512,122,185,8943,2018,0.0,725707.0,-0.668802,-1.154012,KWT,ROU,843049
9207513,162,185,8943,2018,22852.0,14144.0,1.1478899999999999,1.454758,NLD,ROU,843049
9207514,177,185,8943,2018,12207.0,7220.0,1.132475,1.258945,POL,ROU,843049
9207515,186,185,8943,2018,13312.0,0.0,0.21398000000000003,0.100414,RUS,ROU,843049
9207516,224,185,8943,2018,26928.0,0.0,0.518721,2.5581419999999997,TUR,ROU,843049
9207517,226,185,8943,2018,26914.0,0.0,-0.09850700000000001,1.145606,TZA,ROU,843049
9207518,228,185,8943,2018,0.0,2929656.0,0.337296,0.758675,UKR,ROU,843049
9207519,231,185,8943,2018,21290.0,0.0,1.585861,0.44815900000000003,USA,ROU,843049
9207520,2,186,8943,2018,58292.0,0.0,-1.489191,-1.213992,AGO,RUS,843049
9207521,4,186,8943,2018,0.0,50697.0,-0.456481,-0.139655,ALB,RUS,843049
9207522,7,186,8943,2018,67832.0,0.0,0.11804400000000001,-0.326851,ARE,RUS,843049
9207523,9,186,8943,2018,0.0,18448.0,-0.330516,-0.604744,ARM,RUS,843049
9207524,14,186,8943,2018,371288.0,0.0,-0.29687199999999997,-0.123116,AUS,RUS,843049
9207525,15,186,8943,2018,24891.0,0.0,1.774488,-0.21117800000000003,AUT,RUS,843049
9207526,16,186,8943,2018,0.0,22219.0,-1.144089,-1.224327,AZE,RUS,843049
9207527,18,186,8943,2018,0.0,17057.0,1.270641,1.201063,BEL,RUS,843049
9207528,23,186,8943,2018,0.0,17097.0,0.571226,1.836856,BGR,RUS,843049
9207529,28,186,8943,2018,714992.0,198665.0,0.850089,0.8332870000000001,BLR,RUS,843049
9207530,39,186,8943,2018,670966.0,0.0,0.666822,1.218593,CAN,RUS,843049
9207531,42,186,8943,2018,235663.0,0.0,-0.37677,-0.49605299999999997,CHL,RUS,843049
9207532,43,186,8943,2018,54110280.0,0.0,1.200689,1.2822,CHN,RUS,843049
9207533,54,186,8943,2018,0.0,5750.0,-0.8835629999999999,-1.15678,CUB,RUS,843049
9207534,59,186,8943,2018,11534.0,0.0,1.841016,0.220806,CZE,RUS,843049
9207535,61,186,8943,2018,4044560.0,371696.0,2.109059,-2.428826,DEU,RUS,843049
9207536,64,186,8943,2018,8878.0,0.0,1.0945040000000001,1.3311540000000002,DNK,RUS,843049
9207537,68,186,8943,2018,0.0,30189.0,-0.096635,1.585658,EGY,RUS,843049
9207538,72,186,8943,2018,0.0,26804.0,0.979986,1.2365899999999999,EST,RUS,843049
9207539,74,186,8943,2018,9063.0,0.0,1.61151,0.9474549999999999,FIN,RUS,843049
9207540,81,186,8943,2018,217804.0,17095.0,1.693008,0.768159,GBR,RUS,843049
9207541,82,186,8943,2018,0.0,122116.0,-0.049871,-0.28439899999999996,GEO,RUS,843049
9207542,85,186,8943,2018,0.0,48378.0,-1.036697,-1.1562860000000001,GIN,RUS,843049
9207543,97,186,8943,2018,0.0,41982.0,0.843677,1.656073,HKG,RUS,843049
9207544,102,186,8943,2018,0.0,10018.0,1.519662,0.833092,HUN,RUS,843049
9207545,103,186,8943,2018,31219.0,17002.0,-0.10130499999999999,1.2414209999999999,IDN,RUS,843049
9207546,111,186,8943,2018,6442526.0,0.0,1.3602530000000002,0.453607,ITA,RUS,843049
9207547,114,186,8943,2018,43455.0,0.0,2.514533,-0.416074,JPN,RUS,843049
9207548,115,186,8943,2018,2533227.0,2593478.0,-0.483862,-0.667417,KAZ,RUS,843049
9207549,117,186,8943,2018,0.0,7175.0,-0.141491,0.33161,KGZ,RUS,843049
9207550,121,186,8943,2018,1222509.0,0.0,2.093866,0.764303,KOR,RUS,843049
9207551,122,186,8943,2018,0.0,24666.0,-0.668802,-1.154012,KWT,RUS,843049
9207552,135,186,8943,2018,0.0,19432.0,-0.358412,-0.271334,MDA,RUS,843049
9207553,145,186,8943,2018,0.0,63962.0,-0.934398,-1.125105,MNG,RUS,843049
9207554,153,186,8943,2018,4993.0,199253.0,1.122976,0.734109,MYS,RUS,843049
9207555,162,186,8943,2018,0.0,350686.0,1.1478899999999999,1.454758,NLD,RUS,843049
9207556,163,186,8943,2018,61431.0,0.0,0.681639,0.021762,NOR,RUS,843049
9207557,168,186,8943,2018,0.0,114875.0,-0.64348,0.665045,PAK,RUS,843049
9207558,177,186,8943,2018,354098.0,0.0,1.132475,1.258945,POL,RUS,843049
9207559,179,186,8943,2018,0.0,1738.0,0.652628,2.211758,PRT,RUS,843049
9207560,185,186,8943,2018,0.0,13312.0,1.050715,1.04471,ROU,RUS,843049
9207561,190,186,8943,2018,0.0,117345.0,-1.278532,-1.176008,SDN,RUS,843049
9207562,196,186,8943,2018,0.0,34156.0,-0.06932999999999999,-0.36035300000000003,SLE,RUS,843049
9207563,207,186,8943,2018,2667.0,0.0,1.67428,0.7703800000000001,SVN,RUS,843049
9207564,208,186,8943,2018,4568962.0,0.0,1.76361,0.766904,SWE,RUS,843049
9207565,212,186,8943,2018,0.0,3023.0,-0.6836760000000001,0.554563,SYR,RUS,843049
9207566,216,186,8943,2018,99570.0,0.0,1.053177,1.4084969999999999,THA,RUS,843049
9207567,217,186,8943,2018,0.0,211029.0,-0.757793,-1.0641209999999999,TJK,RUS,843049
9207568,223,186,8943,2018,0.0,212620.0,0.259778,1.187194,TUN,RUS,843049
9207569,224,186,8943,2018,1044854.0,911349.0,0.518721,2.5581419999999997,TUR,RUS,843049
9207570,228,186,8943,2018,54021.0,197169.0,0.337296,0.758675,UKR,RUS,843049
9207571,231,186,8943,2018,202828.0,0.0,1.585861,0.44815900000000003,USA,RUS,843049
9207572,232,186,8943,2018,0.0,1750764.0,-0.591547,-0.429982,UZB,RUS,843049
9207573,246,186,8943,2018,0.0,18658.0,0.158722,1.394829,ZAF,RUS,843049
9207574,250,186,8943,2018,0.0,10208.0,0.809991,-0.368737,ANS,RUS,843049
9207575,7,187,8943,2018,1549.0,0.0,0.11804400000000001,-0.326851,ARE,RWA,843049
9207576,17,187,8943,2018,0.0,212671.0,-0.654964,-0.9683229999999999,BDI,RWA,843049
9207577,18,187,8943,2018,5490.0,0.0,1.270641,1.201063,BEL,RWA,843049
9207578,43,187,8943,2018,76801.0,0.0,1.200689,1.2822,CHN,RWA,843049
9207579,46,187,8943,2018,0.0,892.0,-1.743034,-1.20446,COD,RWA,843049
9207580,77,187,8943,2018,3075.0,0.0,1.420819,0.7793770000000001,FRA,RWA,843049
9207581,81,187,8943,2018,42508.0,0.0,1.693008,0.768159,GBR,RWA,843049
9207582,151,187,8943,2018,1309.0,0.0,-0.128221,0.15049400000000002,MUS,RWA,843049
9207583,227,187,8943,2018,0.0,1533.0,-0.621049,-0.061448,UGA,RWA,843049
9207584,14,191,8943,2018,76948.0,0.0,-0.29687199999999997,-0.123116,AUS,SEN,843049
9207585,15,191,8943,2018,26381.0,0.0,1.774488,-0.21117800000000003,AUT,SEN,843049
9207586,18,191,8943,2018,18302.0,0.0,1.270641,1.201063,BEL,SEN,843049
9207587,39,191,8943,2018,270682.0,0.0,0.666822,1.218593,CAN,SEN,843049
9207588,43,191,8943,2018,26953.0,0.0,1.200689,1.2822,CHN,SEN,843049
9207589,44,191,8943,2018,105024.0,0.0,-0.8733569999999999,-0.8443139999999999,CIV,SEN,843049
9207590,45,191,8943,2018,0.0,4544.0,-1.366619,-1.09894,CMR,SEN,843049
9207591,46,191,8943,2018,0.0,3121.0,-1.743034,-1.20446,COD,SEN,843049
9207592,51,191,8943,2018,0.0,34855.0,-0.319064,-0.8615659999999999,CPV,SEN,843049
9207593,71,191,8943,2018,24603.0,0.0,0.744825,2.919005,ESP,SEN,843049
9207594,77,191,8943,2018,50102.0,56224.0,1.420819,0.7793770000000001,FRA,SEN,843049
9207595,85,191,8943,2018,0.0,64289.0,-1.036697,-1.1562860000000001,GIN,SEN,843049
9207596,87,191,8943,2018,0.0,4154.0,-0.85649,-0.761513,GMB,SEN,843049
9207597,88,191,8943,2018,0.0,17741.0,-2.260375,-1.038929,GNB,SEN,843049
9207598,104,191,8943,2018,0.0,15649.0,0.526015,2.448112,IND,SEN,843049
9207599,111,191,8943,2018,24992.0,0.0,1.3602530000000002,0.453607,ITA,SEN,843049
9207600,114,191,8943,2018,1758.0,0.0,2.514533,-0.416074,JPN,SEN,843049
9207601,125,191,8943,2018,0.0,136285.0,-1.022881,-1.124718,LBR,SEN,843049
9207602,141,191,8943,2018,14231.0,0.0,-0.49666499999999997,-0.7189909999999999,MLI,SEN,843049
9207603,148,191,8943,2018,0.0,8199.0,-1.511361,-1.296003,MRT,SEN,843049
9207604,224,191,8943,2018,62110.0,0.0,0.518721,2.5581419999999997,TUR,SEN,843049
9207605,226,191,8943,2018,82112.0,0.0,-0.09850700000000001,1.145606,TZA,SEN,843049
9207606,231,191,8943,2018,610804.0,0.0,1.585861,0.44815900000000003,USA,SEN,843049
9207607,246,191,8943,2018,967.0,0.0,0.158722,1.394829,ZAF,SEN,843049
9207608,15,201,8943,2018,3448.0,0.0,1.774488,-0.21117800000000003,AUT,SRB,843049
9207609,18,201,8943,2018,1145.0,1473.0,1.270641,1.201063,BEL,SRB,843049
9207610,23,201,8943,2018,58162.0,0.0,0.571226,1.836856,BGR,SRB,843049
9207611,26,201,8943,2018,0.0,4581.0,0.526392,0.742398,BIH,SRB,843049
9207612,41,201,8943,2018,5005.0,0.0,2.2324330000000003,0.7801560000000001,CHE,SRB,843049
9207613,43,201,8943,2018,18818.0,0.0,1.200689,1.2822,CHN,SRB,843049
9207614,59,201,8943,2018,27788.0,0.0,1.841016,0.220806,CZE,SRB,843049
9207615,61,201,8943,2018,127006.0,0.0,2.109059,-2.428826,DEU,SRB,843049
9207616,64,201,8943,2018,7676.0,0.0,1.0945040000000001,1.3311540000000002,DNK,SRB,843049
9207617,71,201,8943,2018,11073.0,0.0,0.744825,2.919005,ESP,SRB,843049
9207618,77,201,8943,2018,62937.0,2962.0,1.420819,0.7793770000000001,FRA,SRB,843049
9207619,81,201,8943,2018,50590.0,1756.0,1.693008,0.768159,GBR,SRB,843049
9207620,100,201,8943,2018,458079.0,24069.0,0.7923720000000001,1.4047209999999999,HRV,SRB,843049
9207621,102,201,8943,2018,1783.0,0.0,1.519662,0.833092,HUN,SRB,843049
9207622,104,201,8943,2018,187133.0,0.0,0.526015,2.448112,IND,SRB,843049
9207623,111,201,8943,2018,11662.0,0.0,1.3602530000000002,0.453607,ITA,SRB,843049
9207624,121,201,8943,2018,9202.0,0.0,2.093866,0.764303,KOR,SRB,843049
9207625,140,201,8943,2018,0.0,15648.0,0.079976,-0.20256,MKD,SRB,843049
9207626,162,201,8943,2018,14845.0,0.0,1.1478899999999999,1.454758,NLD,SRB,843049
9207627,177,201,8943,2018,0.0,11041.0,1.132475,1.258945,POL,SRB,843049
9207628,207,201,8943,2018,66560.0,4554.0,1.67428,0.7703800000000001,SVN,SRB,843049
9207629,208,201,8943,2018,293694.0,0.0,1.76361,0.766904,SWE,SRB,843049
9207630,216,201,8943,2018,12214.0,0.0,1.053177,1.4084969999999999,THA,SRB,843049
9207631,224,201,8943,2018,10998.0,0.0,0.518721,2.5581419999999997,TUR,SRB,843049
9207632,231,201,8943,2018,4958.0,0.0,1.585861,0.44815900000000003,USA,SRB,843049
9207633,43,209,8943,2018,785.0,0.0,1.200689,1.2822,CHN,SWZ,843049
9207634,246,209,8943,2018,34789.0,736080.0,0.158722,1.394829,ZAF,SWZ,843049
9207635,41,217,8943,2018,18545.0,0.0,2.2324330000000003,0.7801560000000001,CHE,TJK,843049
9207636,43,217,8943,2018,449674.0,148584.0,1.200689,1.2822,CHN,TJK,843049
9207637,61,217,8943,2018,0.0,36567.0,2.109059,-2.428826,DEU,TJK,843049
9207638,106,217,8943,2018,8935.0,0.0,1.262419,0.013576,IRL,TJK,843049
9207639,107,217,8943,2018,926175.0,7959.0,-0.389954,-0.258156,IRN,TJK,843049
9207640,111,217,8943,2018,117852.0,0.0,1.3602530000000002,0.453607,ITA,TJK,843049
9207641,115,217,8943,2018,4412.0,0.0,-0.483862,-0.667417,KAZ,TJK,843049
9207642,162,217,8943,2018,4549.0,0.0,1.1478899999999999,1.454758,NLD,TJK,843049
9207643,186,217,8943,2018,211029.0,0.0,0.21398000000000003,0.100414,RUS,TJK,843049
9207644,224,217,8943,2018,38319.0,0.0,0.518721,2.5581419999999997,TUR,TJK,843049
9207645,246,217,8943,2018,22724.0,0.0,0.158722,1.394829,ZAF,TJK,843049
9207646,81,219,8943,2018,238445.0,0.0,1.693008,0.768159,GBR,TKM,843049
9207647,216,219,8943,2018,36812.0,0.0,1.053177,1.4084969999999999,THA,TKM,843049
9207648,224,219,8943,2018,1579.0,0.0,0.518721,2.5581419999999997,TUR,TKM,843049
9207649,7,223,8943,2018,1378823.0,1278152.0,0.11804400000000001,-0.326851,ARE,TUN,843049
9207650,43,223,8943,2018,37571.0,0.0,1.200689,1.2822,CHN,TUN,843049
9207651,45,223,8943,2018,0.0,83928.0,-1.366619,-1.09894,CMR,TUN,843049
9207652,61,223,8943,2018,4469105.0,0.0,2.109059,-2.428826,DEU,TUN,843049
9207653,66,223,8943,2018,0.0,963613.0,-1.281519,-1.22291,DZA,TUN,843049
9207654,77,223,8943,2018,43907.0,0.0,1.420819,0.7793770000000001,FRA,TUN,843049
9207655,81,223,8943,2018,25778.0,0.0,1.693008,0.768159,GBR,TUN,843049
9207656,104,223,8943,2018,0.0,10834.0,0.526015,2.448112,IND,TUN,843049
9207657,111,223,8943,2018,25360.0,0.0,1.3602530000000002,0.453607,ITA,TUN,843049
9207658,186,223,8943,2018,212620.0,0.0,0.21398000000000003,0.100414,RUS,TUN,843049
9207659,216,223,8943,2018,259203.0,0.0,1.053177,1.4084969999999999,THA,TUN,843049
9207660,224,223,8943,2018,297527.0,0.0,0.518721,2.5581419999999997,TUR,TUN,843049
9207661,231,223,8943,2018,226724.0,0.0,1.585861,0.44815900000000003,USA,TUN,843049
9207662,250,223,8943,2018,92666.0,0.0,0.809991,-0.368737,ANS,TUN,843049
9207663,14,228,8943,2018,2012.0,0.0,-0.29687199999999997,-0.123116,AUS,UKR,843049
9207664,16,228,8943,2018,0.0,8228.0,-1.144089,-1.224327,AZE,UKR,843049
9207665,28,228,8943,2018,2207586.0,0.0,0.850089,0.8332870000000001,BLR,UKR,843049
9207666,39,228,8943,2018,6905.0,0.0,0.666822,1.218593,CAN,UKR,843049
9207667,43,228,8943,2018,142230208.0,0.0,1.200689,1.2822,CHN,UKR,843049
9207668,59,228,8943,2018,2280.0,0.0,1.841016,0.220806,CZE,UKR,843049
9207669,61,228,8943,2018,1241026.0,44166.0,2.109059,-2.428826,DEU,UKR,843049
9207670,71,228,8943,2018,30815.0,0.0,0.744825,2.919005,ESP,UKR,843049
9207671,74,228,8943,2018,58353.0,0.0,1.61151,0.9474549999999999,FIN,UKR,843049
9207672,77,228,8943,2018,59669.0,0.0,1.420819,0.7793770000000001,FRA,UKR,843049
9207673,81,228,8943,2018,259180.0,0.0,1.693008,0.768159,GBR,UKR,843049
9207674,82,228,8943,2018,0.0,55915.0,-0.049871,-0.28439899999999996,GEO,UKR,843049
9207675,100,228,8943,2018,229282.0,167190.0,0.7923720000000001,1.4047209999999999,HRV,UKR,843049
9207676,102,228,8943,2018,2196.0,10115.0,1.519662,0.833092,HUN,UKR,843049
9207677,111,228,8943,2018,10855.0,0.0,1.3602530000000002,0.453607,ITA,UKR,843049
9207678,114,228,8943,2018,5433.0,0.0,2.514533,-0.416074,JPN,UKR,843049
9207679,115,228,8943,2018,0.0,939363.0,-0.483862,-0.667417,KAZ,UKR,843049
9207680,121,228,8943,2018,86256.0,0.0,2.093866,0.764303,KOR,UKR,843049
9207681,177,228,8943,2018,56468.0,91936.0,1.132475,1.258945,POL,UKR,843049
9207682,185,228,8943,2018,2929656.0,0.0,1.050715,1.04471,ROU,UKR,843049
9207683,186,228,8943,2018,197169.0,54021.0,0.21398000000000003,0.100414,RUS,UKR,843049
9207684,188,228,8943,2018,29992.0,0.0,0.5801810000000001,-0.447514,SAU,UKR,843049
9207685,206,228,8943,2018,2315.0,3730.0,1.3270979999999999,0.877684,SVK,UKR,843049
9207686,208,228,8943,2018,701923.0,0.0,1.76361,0.766904,SWE,UKR,843049
9207687,224,228,8943,2018,70829.0,0.0,0.518721,2.5581419999999997,TUR,UKR,843049
9207688,231,228,8943,2018,1976283.0,99109.0,1.585861,0.44815900000000003,USA,UKR,843049
9207689,232,228,8943,2018,0.0,68137.0,-0.591547,-0.429982,UZB,UKR,843049
9207690,43,232,8943,2018,297631.0,0.0,1.200689,1.2822,CHN,UZB,843049
9207691,111,232,8943,2018,3166.0,0.0,1.3602530000000002,0.453607,ITA,UZB,843049
9207692,117,232,8943,2018,1287.0,0.0,-0.141491,0.33161,KGZ,UZB,843049
9207693,121,232,8943,2018,1219250.0,0.0,2.093866,0.764303,KOR,UZB,843049
9207694,132,232,8943,2018,635660.0,0.0,0.707168,1.294297,LVA,UZB,843049
9207695,186,232,8943,2018,1750764.0,0.0,0.21398000000000003,0.100414,RUS,UZB,843049
9207696,208,232,8943,2018,37998.0,0.0,1.76361,0.766904,SWE,UZB,843049
9207697,224,232,8943,2018,3198753.0,0.0,0.518721,2.5581419999999997,TUR,UZB,843049
9207698,228,232,8943,2018,68137.0,0.0,0.337296,0.758675,UKR,UZB,843049
9207699,14,239,8943,2018,23814.0,0.0,-0.29687199999999997,-0.123116,AUS,VNM,843049
9207700,39,239,8943,2018,0.0,3060.0,0.666822,1.218593,CAN,VNM,843049
9207701,43,239,8943,2018,2952174.0,110336.0,1.200689,1.2822,CHN,VNM,843049
9207702,77,239,8943,2018,50967.0,0.0,1.420819,0.7793770000000001,FRA,VNM,843049
9207703,81,239,8943,2018,399277.0,0.0,1.693008,0.768159,GBR,VNM,843049
9207704,103,239,8943,2018,350408.0,0.0,-0.10130499999999999,1.2414209999999999,IDN,VNM,843049
9207705,104,239,8943,2018,538351.0,409055.0,0.526015,2.448112,IND,VNM,843049
9207706,114,239,8943,2018,630767.0,0.0,2.514533,-0.416074,JPN,VNM,843049
9207707,121,239,8943,2018,85638.0,0.0,2.093866,0.764303,KOR,VNM,843049
9207708,123,239,8943,2018,0.0,106747.0,-0.788808,-0.8012670000000001,LAO,VNM,843049
9207709,143,239,8943,2018,0.0,71725.0,-0.936467,-0.223413,MMR,VNM,843049
9207710,153,239,8943,2018,239709.0,38074.0,1.122976,0.734109,MYS,VNM,843049
9207711,163,239,8943,2018,18850.0,0.0,0.681639,0.021762,NOR,VNM,843049
9207712,174,239,8943,2018,0.0,697822.0,0.781409,0.22126700000000002,PHL,VNM,843049
9207713,177,239,8943,2018,19449.0,0.0,1.132475,1.258945,POL,VNM,843049
9207714,192,239,8943,2018,672341.0,46672.0,1.914132,0.652011,SGP,VNM,843049
9207715,208,239,8943,2018,922.0,0.0,1.76361,0.766904,SWE,VNM,843049
9207716,216,239,8943,2018,10782.0,59513.0,1.053177,1.4084969999999999,THA,VNM,843049
9207717,224,239,8943,2018,10707.0,0.0,0.518721,2.5581419999999997,TUR,VNM,843049
9207718,231,239,8943,2018,513758.0,10567.0,1.585861,0.44815900000000003,USA,VNM,843049
9207719,249,239,8943,2018,221853.0,0.0,2.0462540000000002,1.166636,TWN,VNM,843049
9207720,43,19,8943,2018,28465.0,0.0,1.200689,1.2822,CHN,BEN,843049
9207721,61,19,8943,2018,4598.0,0.0,2.109059,-2.428826,DEU,BEN,843049
9207722,77,19,8943,2018,210316.0,0.0,1.420819,0.7793770000000001,FRA,BEN,843049
9207723,104,19,8943,2018,40701.0,0.0,0.526015,2.448112,IND,BEN,843049
9207724,111,19,8943,2018,2831.0,0.0,1.3602530000000002,0.453607,ITA,BEN,843049
9207725,162,19,8943,2018,70473.0,50884.0,1.1478899999999999,1.454758,NLD,BEN,843049
9207726,215,19,8943,2018,0.0,1217.0,-0.685084,-0.773437,TGO,BEN,843049
9207727,14,21,8943,2018,20936.0,0.0,-0.29687199999999997,-0.123116,AUS,BFA,843049
9207728,18,21,8943,2018,3245.0,0.0,1.270641,1.201063,BEL,BFA,843049
9207729,39,21,8943,2018,90861.0,0.0,0.666822,1.218593,CAN,BFA,843049
9207730,43,21,8943,2018,146663.0,0.0,1.200689,1.2822,CHN,BFA,843049
9207731,74,21,8943,2018,387966.0,0.0,1.61151,0.9474549999999999,FIN,BFA,843049
9207732,77,21,8943,2018,15227.0,0.0,1.420819,0.7793770000000001,FRA,BFA,843049
9207733,81,21,8943,2018,12070.0,0.0,1.693008,0.768159,GBR,BFA,843049
9207734,83,21,8943,2018,116929.0,40075.0,-0.956109,-0.861556,GHA,BFA,843049
9207735,104,21,8943,2018,225038.0,0.0,0.526015,2.448112,IND,BFA,843049
9207736,111,21,8943,2018,4466.0,0.0,1.3602530000000002,0.453607,ITA,BFA,843049
9207737,162,21,8943,2018,2553.0,0.0,1.1478899999999999,1.454758,NLD,BFA,843049
9207738,208,21,8943,2018,7091.0,0.0,1.76361,0.766904,SWE,BFA,843049
9207739,224,21,8943,2018,317699.0,0.0,0.518721,2.5581419999999997,TUR,BFA,843049
9207740,231,21,8943,2018,182739.0,0.0,1.585861,0.44815900000000003,USA,BFA,843049
9207741,246,21,8943,2018,560014.0,0.0,0.158722,1.394829,ZAF,BFA,843049
9207742,61,25,8943,2018,2572.0,0.0,2.109059,-2.428826,DEU,BHS,843049
9207743,231,25,8943,2018,240775.0,38746.0,1.585861,0.44815900000000003,USA,BHS,843049
9207744,93,29,8943,2018,2468.0,1760.0,-0.362668,0.520826,GTM,BLZ,843049
9207745,231,29,8943,2018,114956.0,0.0,1.585861,0.44815900000000003,USA,BLZ,843049
9207746,14,37,8943,2018,28675.0,0.0,-0.29687199999999997,-0.123116,AUS,BWA,843049
9207747,43,37,8943,2018,17857.0,0.0,1.200689,1.2822,CHN,BWA,843049
9207748,61,37,8943,2018,3278015.0,0.0,2.109059,-2.428826,DEU,BWA,843049
9207749,114,37,8943,2018,65375.0,0.0,2.514533,-0.416074,JPN,BWA,843049
9207750,147,37,8943,2018,37574.0,0.0,-1.380023,-1.027817,MOZ,BWA,843049
9207751,226,37,8943,2018,2887.0,0.0,-0.09850700000000001,1.145606,TZA,BWA,843049
9207752,246,37,8943,2018,2005210.0,101720.0,0.158722,1.394829,ZAF,BWA,843049
9207753,7,44,8943,2018,6876.0,0.0,0.11804400000000001,-0.326851,ARE,CIV,843049
9207754,18,44,8943,2018,22742.0,0.0,1.270641,1.201063,BEL,CIV,843049
9207755,32,44,8943,2018,2987.0,0.0,0.143397,0.582092,BRA,CIV,843049
9207756,39,44,8943,2018,515664.0,0.0,0.666822,1.218593,CAN,CIV,843049
9207757,42,44,8943,2018,433273.0,0.0,-0.37677,-0.49605299999999997,CHL,CIV,843049
9207758,43,44,8943,2018,16560.0,0.0,1.200689,1.2822,CHN,CIV,843049
9207759,49,44,8943,2018,0.0,5674.0,0.20431,-0.15273699999999998,COL,CIV,843049
9207760,61,44,8943,2018,3808.0,0.0,2.109059,-2.428826,DEU,CIV,843049
9207761,71,44,8943,2018,1128.0,0.0,0.744825,2.919005,ESP,CIV,843049
9207762,77,44,8943,2018,731109.0,0.0,1.420819,0.7793770000000001,FRA,CIV,843049
9207763,80,44,8943,2018,0.0,1157.0,-1.4979200000000001,-1.180407,GAB,CIV,843049
9207764,81,44,8943,2018,62850.0,0.0,1.693008,0.768159,GBR,CIV,843049
9207765,83,44,8943,2018,736440.0,809860.0,-0.956109,-0.861556,GHA,CIV,843049
9207766,104,44,8943,2018,2775.0,149753.0,0.526015,2.448112,IND,CIV,843049
9207767,111,44,8943,2018,2179.0,0.0,1.3602530000000002,0.453607,ITA,CIV,843049
9207768,114,44,8943,2018,1642.0,0.0,2.514533,-0.416074,JPN,CIV,843049
9207769,134,44,8943,2018,41823.0,0.0,-0.712775,-0.090013,MAR,CIV,843049
9207770,141,44,8943,2018,73631.0,28024.0,-0.49666499999999997,-0.7189909999999999,MLI,CIV,843049
9207771,147,44,8943,2018,0.0,134062.0,-1.380023,-1.027817,MOZ,CIV,843049
9207772,153,44,8943,2018,3265.0,0.0,1.122976,0.734109,MYS,CIV,843049
9207773,162,44,8943,2018,22333.0,0.0,1.1478899999999999,1.454758,NLD,CIV,843049
9207774,177,44,8943,2018,77851.0,0.0,1.132475,1.258945,POL,CIV,843049
9207775,179,44,8943,2018,58319.0,0.0,0.652628,2.211758,PRT,CIV,843049
9207776,191,44,8943,2018,0.0,105024.0,-0.751378,-0.390573,SEN,CIV,843049
9207777,208,44,8943,2018,26815.0,0.0,1.76361,0.766904,SWE,CIV,843049
9207778,215,44,8943,2018,4163.0,0.0,-0.685084,-0.773437,TGO,CIV,843049
9207779,224,44,8943,2018,14788.0,0.0,0.518721,2.5581419999999997,TUR,CIV,843049
9207780,226,44,8943,2018,215096.0,0.0,-0.09850700000000001,1.145606,TZA,CIV,843049
9207781,231,44,8943,2018,30894.0,60534.0,1.585861,0.44815900000000003,USA,CIV,843049
9207782,246,44,8943,2018,304278.0,0.0,0.158722,1.394829,ZAF,CIV,843049
9207783,7,45,8943,2018,1764818.0,0.0,0.11804400000000001,-0.326851,ARE,CMR,843049
9207784,18,45,8943,2018,4961.0,0.0,1.270641,1.201063,BEL,CMR,843049
9207785,39,45,8943,2018,3695.0,0.0,0.666822,1.218593,CAN,CMR,843049
9207786,43,45,8943,2018,25582.0,0.0,1.200689,1.2822,CHN,CMR,843049
9207787,49,45,8943,2018,0.0,515824.0,0.20431,-0.15273699999999998,COL,CMR,843049
9207788,61,45,8943,2018,35689.0,0.0,2.109059,-2.428826,DEU,CMR,843049
9207789,77,45,8943,2018,110661.0,0.0,1.420819,0.7793770000000001,FRA,CMR,843049
9207790,81,45,8943,2018,15199.0,120982.0,1.693008,0.768159,GBR,CMR,843049
9207791,111,45,8943,2018,3908.0,0.0,1.3602530000000002,0.453607,ITA,CMR,843049
9207792,138,45,8943,2018,4847.0,0.0,1.00061,0.585759,MEX,CMR,843049
9207793,147,45,8943,2018,7374.0,0.0,-1.380023,-1.027817,MOZ,CMR,843049
9207794,159,45,8943,2018,3648.0,0.0,-1.8238,-1.259938,NGA,CMR,843049
9207795,191,45,8943,2018,4544.0,0.0,-0.751378,-0.390573,SEN,CMR,843049
9207796,223,45,8943,2018,83928.0,0.0,0.259778,1.187194,TUN,CMR,843049
9207797,231,45,8943,2018,9101.0,0.0,1.585861,0.44815900000000003,USA,CMR,843049
9207798,246,45,8943,2018,50160.0,0.0,0.158722,1.394829,ZAF,CMR,843049
9207799,14,46,8943,2018,15617.0,0.0,-0.29687199999999997,-0.123116,AUS,COD,843049
9207800,17,46,8943,2018,194516.0,0.0,-0.654964,-0.9683229999999999,BDI,COD,843049
9207801,18,46,8943,2018,1444.0,0.0,1.270641,1.201063,BEL,COD,843049
9207802,32,46,8943,2018,21647.0,0.0,0.143397,0.582092,BRA,COD,843049
9207803,38,46,8943,2018,0.0,41195.0,-0.041318,-0.687923,CAF,COD,843049
9207804,39,46,8943,2018,252520.0,0.0,0.666822,1.218593,CAN,COD,843049
9207805,43,46,8943,2018,100991.0,0.0,1.200689,1.2822,CHN,COD,843049
9207806,77,46,8943,2018,12270.0,0.0,1.420819,0.7793770000000001,FRA,COD,843049
9207807,104,46,8943,2018,946.0,0.0,0.526015,2.448112,IND,COD,843049
9207808,111,46,8943,2018,160204.0,0.0,1.3602530000000002,0.453607,ITA,COD,843049
9207809,114,46,8943,2018,0.0,642100.0,2.514533,-0.416074,JPN,COD,843049
9207810,187,46,8943,2018,892.0,0.0,-0.618925,-0.788172,RWA,COD,843049
9207811,191,46,8943,2018,3121.0,0.0,-0.751378,-0.390573,SEN,COD,843049
9207812,208,46,8943,2018,66103.0,0.0,1.76361,0.766904,SWE,COD,843049
9207813,226,46,8943,2018,3874.0,47356.0,-0.09850700000000001,1.145606,TZA,COD,843049
9207814,227,46,8943,2018,0.0,5242.0,-0.621049,-0.061448,UGA,COD,843049
9207815,231,46,8943,2018,53887.0,0.0,1.585861,0.44815900000000003,USA,COD,843049
9207816,246,46,8943,2018,2705642.0,20605.0,0.158722,1.394829,ZAF,COD,843049
9207817,247,46,8943,2018,39021.0,27217.0,-0.736064,-0.93958,ZMB,COD,843049
9207818,248,46,8943,2018,0.0,1412.0,-1.181524,-1.0648520000000001,ZWE,COD,843049
9207819,250,46,8943,2018,5051.0,0.0,0.809991,-0.368737,ANS,COD,843049
9207820,7,47,8943,2018,31283.0,0.0,0.11804400000000001,-0.326851,ARE,COG,843049
9207821,39,47,8943,2018,463168.0,0.0,0.666822,1.218593,CAN,COG,843049
9207822,43,47,8943,2018,68091.0,0.0,1.200689,1.2822,CHN,COG,843049
9207823,49,47,8943,2018,24883.0,0.0,0.20431,-0.15273699999999998,COL,COG,843049
9207824,73,47,8943,2018,33849.0,0.0,-0.874857,-0.464958,ETH,COG,843049
9207825,77,47,8943,2018,5040.0,0.0,1.420819,0.7793770000000001,FRA,COG,843049
9207826,80,47,8943,2018,1503688.0,4315.0,-1.4979200000000001,-1.180407,GAB,COG,843049
9207827,104,47,8943,2018,0.0,308752.0,0.526015,2.448112,IND,COG,843049
9207828,116,47,8943,2018,16260.0,0.0,-0.32707800000000004,0.71009,KEN,COG,843049
9207829,122,47,8943,2018,0.0,342.0,-0.668802,-1.154012,KWT,COG,843049
9207830,141,47,8943,2018,0.0,11986.0,-0.49666499999999997,-0.7189909999999999,MLI,COG,843049
9207831,147,47,8943,2018,4899.0,0.0,-1.380023,-1.027817,MOZ,COG,843049
9207832,159,47,8943,2018,33141.0,0.0,-1.8238,-1.259938,NGA,COG,843049
9207833,163,47,8943,2018,0.0,20530.0,0.681639,0.021762,NOR,COG,843049
9207834,185,47,8943,2018,0.0,12412.0,1.050715,1.04471,ROU,COG,843049
9207835,192,47,8943,2018,14440.0,0.0,1.914132,0.652011,SGP,COG,843049
9207836,208,47,8943,2018,241292.0,0.0,1.76361,0.766904,SWE,COG,843049
9207837,216,47,8943,2018,7497.0,0.0,1.053177,1.4084969999999999,THA,COG,843049
9207838,226,47,8943,2018,1045.0,0.0,-0.09850700000000001,1.145606,TZA,COG,843049
9207839,231,47,8943,2018,28159.0,0.0,1.585861,0.44815900000000003,USA,COG,843049
9207840,246,47,8943,2018,3462.0,0.0,0.158722,1.394829,ZAF,COG,843049
9207841,179,51,8943,2018,2240.0,0.0,0.652628,2.211758,PRT,CPV,843049
9207842,191,51,8943,2018,34855.0,0.0,-0.751378,-0.390573,SEN,CPV,843049
9207843,186,54,8943,2018,5750.0,0.0,0.21398000000000003,0.100414,RUS,CUB,843049
9207844,43,62,8943,2018,39643.0,0.0,1.200689,1.2822,CHN,DJI,843049
9207845,73,62,8943,2018,38480.0,0.0,-0.874857,-0.464958,ETH,DJI,843049
9207846,224,62,8943,2018,11815275.0,0.0,0.518721,2.5581419999999997,TUR,DJI,843049
9207847,231,62,8943,2018,60000.0,0.0,1.585861,0.44815900000000003,USA,DJI,843049
9207848,7,66,8943,2018,6273.0,0.0,0.11804400000000001,-0.326851,ARE,DZA,843049
9207849,43,66,8943,2018,164945.0,0.0,1.200689,1.2822,CHN,DZA,843049
9207850,61,66,8943,2018,797219.0,0.0,2.109059,-2.428826,DEU,DZA,843049
9207851,77,66,8943,2018,377695.0,0.0,1.420819,0.7793770000000001,FRA,DZA,843049
9207852,81,66,8943,2018,65420.0,0.0,1.693008,0.768159,GBR,DZA,843049
9207853,104,66,8943,2018,0.0,11303919.0,0.526015,2.448112,IND,DZA,843049
9207854,111,66,8943,2018,1470166.0,0.0,1.3602530000000002,0.453607,ITA,DZA,843049
9207855,162,66,8943,2018,1951705.0,0.0,1.1478899999999999,1.454758,NLD,DZA,843049
9207856,163,66,8943,2018,3048.0,0.0,0.681639,0.021762,NOR,DZA,843049
9207857,179,66,8943,2018,46777.0,0.0,0.652628,2.211758,PRT,DZA,843049
9207858,208,66,8943,2018,30511.0,0.0,1.76361,0.766904,SWE,DZA,843049
9207859,216,66,8943,2018,256168.0,0.0,1.053177,1.4084969999999999,THA,DZA,843049
9207860,223,66,8943,2018,963613.0,0.0,0.259778,1.187194,TUN,DZA,843049
9207861,224,66,8943,2018,3978870.0,0.0,0.518721,2.5581419999999997,TUR,DZA,843049
9207862,2,80,8943,2018,2083.0,17321.0,-1.489191,-1.213992,AGO,GAB,843049
9207863,7,80,8943,2018,38554.0,0.0,0.11804400000000001,-0.326851,ARE,GAB,843049
9207864,43,80,8943,2018,116727.0,0.0,1.200689,1.2822,CHN,GAB,843049
9207865,44,80,8943,2018,1157.0,0.0,-0.8733569999999999,-0.8443139999999999,CIV,GAB,843049
9207866,47,80,8943,2018,4315.0,1503688.0,-1.52875,-1.1869100000000001,COG,GAB,843049
9207867,77,80,8943,2018,1915318.0,0.0,1.420819,0.7793770000000001,FRA,GAB,843049
9207868,81,80,8943,2018,27143.0,0.0,1.693008,0.768159,GBR,GAB,843049
9207869,111,80,8943,2018,1829.0,0.0,1.3602530000000002,0.453607,ITA,GAB,843049
9207870,116,80,8943,2018,209653.0,0.0,-0.32707800000000004,0.71009,KEN,GAB,843049
9207871,122,80,8943,2018,0.0,14904.0,-0.668802,-1.154012,KWT,GAB,843049
9207872,159,80,8943,2018,0.0,4038.0,-1.8238,-1.259938,NGA,GAB,843049
9207873,162,80,8943,2018,21744.0,0.0,1.1478899999999999,1.454758,NLD,GAB,843049
9207874,173,80,8943,2018,300547.0,0.0,-0.6673060000000001,-0.183315,PER,GAB,843049
9207875,216,80,8943,2018,0.0,205672.0,1.053177,1.4084969999999999,THA,GAB,843049
9207876,231,80,8943,2018,62629.0,0.0,1.585861,0.44815900000000003,USA,GAB,843049
9207877,246,80,8943,2018,24764.0,0.0,0.158722,1.394829,ZAF,GAB,843049
9207878,2,83,8943,2018,48517.0,9814.0,-1.489191,-1.213992,AGO,GHA,843049
9207879,7,83,8943,2018,1602.0,0.0,0.11804400000000001,-0.326851,ARE,GHA,843049
9207880,14,83,8943,2018,1083232.0,0.0,-0.29687199999999997,-0.123116,AUS,GHA,843049
9207881,18,83,8943,2018,132946.0,0.0,1.270641,1.201063,BEL,GHA,843049
9207882,21,83,8943,2018,40075.0,116929.0,-0.8835200000000001,-0.9790620000000001,BFA,GHA,843049
9207883,39,83,8943,2018,64818.0,0.0,0.666822,1.218593,CAN,GHA,843049
9207884,43,83,8943,2018,48095.0,0.0,1.200689,1.2822,CHN,GHA,843049
9207885,44,83,8943,2018,809860.0,736440.0,-0.8733569999999999,-0.8443139999999999,CIV,GHA,843049
9207886,61,83,8943,2018,87021.0,0.0,2.109059,-2.428826,DEU,GHA,843049
9207887,74,83,8943,2018,1102242.0,0.0,1.61151,0.9474549999999999,FIN,GHA,843049
9207888,77,83,8943,2018,290157.0,0.0,1.420819,0.7793770000000001,FRA,GHA,843049
9207889,81,83,8943,2018,14212.0,0.0,1.693008,0.768159,GBR,GHA,843049
9207890,104,83,8943,2018,244659.0,0.0,0.526015,2.448112,IND,GHA,843049
9207891,111,83,8943,2018,11078.0,0.0,1.3602530000000002,0.453607,ITA,GHA,843049
9207892,114,83,8943,2018,106637.0,0.0,2.514533,-0.416074,JPN,GHA,843049
9207893,116,83,8943,2018,206128.0,0.0,-0.32707800000000004,0.71009,KEN,GHA,843049
9207894,141,83,8943,2018,0.0,113106.0,-0.49666499999999997,-0.7189909999999999,MLI,GHA,843049
9207895,151,83,8943,2018,729471.0,0.0,-0.128221,0.15049400000000002,MUS,GHA,843049
9207896,155,83,8943,2018,6847.0,0.0,-0.668091,-0.779938,NAM,GHA,843049
9207897,157,83,8943,2018,13233.0,0.0,-0.633115,-0.839564,NER,GHA,843049
9207898,162,83,8943,2018,2185919.0,0.0,1.1478899999999999,1.454758,NLD,GHA,843049
9207899,177,83,8943,2018,1751057.0,0.0,1.132475,1.258945,POL,GHA,843049
9207900,185,83,8943,2018,0.0,63985.0,1.050715,1.04471,ROU,GHA,843049
9207901,192,83,8943,2018,3093353.0,0.0,1.914132,0.652011,SGP,GHA,843049
9207902,208,83,8943,2018,589466.0,0.0,1.76361,0.766904,SWE,GHA,843049
9207903,215,83,8943,2018,2315.0,90400.0,-0.685084,-0.773437,TGO,GHA,843049
9207904,231,83,8943,2018,124257.0,0.0,1.585861,0.44815900000000003,USA,GHA,843049
9207905,246,83,8943,2018,812158.0,0.0,0.158722,1.394829,ZAF,GHA,843049
9207906,81,84,8943,2018,9344.0,0.0,1.693008,0.768159,GBR,GIB,843049
9207907,43,85,8943,2018,264939.0,0.0,1.200689,1.2822,CHN,GIN,843049
9207908,77,85,8943,2018,153156.0,0.0,1.420819,0.7793770000000001,FRA,GIN,843049
9207909,162,85,8943,2018,82678.0,0.0,1.1478899999999999,1.454758,NLD,GIN,843049
9207910,186,85,8943,2018,48378.0,0.0,0.21398000000000003,0.100414,RUS,GIN,843049
9207911,191,85,8943,2018,64289.0,0.0,-0.751378,-0.390573,SEN,GIN,843049
9207912,208,85,8943,2018,107149.0,0.0,1.76361,0.766904,SWE,GIN,843049
9207913,43,89,8943,2018,1551.0,0.0,1.200689,1.2822,CHN,GNQ,843049
9207914,81,89,8943,2018,1448.0,0.0,1.693008,0.768159,GBR,GNQ,843049
9207915,104,89,8943,2018,0.0,72751.0,0.526015,2.448112,IND,GNQ,843049
9207916,162,89,8943,2018,219939.0,0.0,1.1478899999999999,1.454758,NLD,GNQ,843049
9207917,61,109,8943,2018,158633.0,0.0,2.109059,-2.428826,DEU,ISL,843049
9207918,64,109,8943,2018,40859.0,0.0,1.0945040000000001,1.3311540000000002,DNK,ISL,843049
9207919,74,109,8943,2018,1154.0,0.0,1.61151,0.9474549999999999,FIN,ISL,843049
9207920,81,109,8943,2018,9456161.0,0.0,1.693008,0.768159,GBR,ISL,843049
9207921,162,109,8943,2018,283197.0,0.0,1.1478899999999999,1.454758,NLD,ISL,843049
9207922,163,109,8943,2018,2850.0,0.0,0.681639,0.021762,NOR,ISL,843049
9207923,177,109,8943,2018,19409.0,0.0,1.132475,1.258945,POL,ISL,843049
9207924,231,109,8943,2018,19616.0,0.0,1.585861,0.44815900000000003,USA,ISL,843049
9207925,18,110,8943,2018,1460.0,373546.0,1.270641,1.201063,BEL,ISR,843049
9207926,41,110,8943,2018,2702.0,0.0,2.2324330000000003,0.7801560000000001,CHE,ISR,843049
9207927,43,110,8943,2018,105832.0,0.0,1.200689,1.2822,CHN,ISR,843049
9207928,59,110,8943,2018,5340.0,0.0,1.841016,0.220806,CZE,ISR,843049
9207929,61,110,8943,2018,560435.0,6875.0,2.109059,-2.428826,DEU,ISR,843049
9207930,64,110,8943,2018,30694.0,0.0,1.0945040000000001,1.3311540000000002,DNK,ISR,843049
9207931,71,110,8943,2018,86642.0,0.0,0.744825,2.919005,ESP,ISR,843049
9207932,74,110,8943,2018,2652.0,0.0,1.61151,0.9474549999999999,FIN,ISR,843049
9207933,77,110,8943,2018,126274.0,0.0,1.420819,0.7793770000000001,FRA,ISR,843049
9207934,81,110,8943,2018,575854.0,0.0,1.693008,0.768159,GBR,ISR,843049
9207935,111,110,8943,2018,498615.0,333726.0,1.3602530000000002,0.453607,ITA,ISR,843049
9207936,121,110,8943,2018,47894.0,0.0,2.093866,0.764303,KOR,ISR,843049
9207937,162,110,8943,2018,9050385.0,7517544.0,1.1478899999999999,1.454758,NLD,ISR,843049
9207938,224,110,8943,2018,31404.0,0.0,0.518721,2.5581419999999997,TUR,ISR,843049
9207939,231,110,8943,2018,68284.0,0.0,1.585861,0.44815900000000003,USA,ISR,843049
9207940,14,123,8943,2018,3123.0,0.0,-0.29687199999999997,-0.123116,AUS,LAO,843049
9207941,43,123,8943,2018,625708.0,0.0,1.200689,1.2822,CHN,LAO,843049
9207942,114,123,8943,2018,7421.0,0.0,2.514533,-0.416074,JPN,LAO,843049
9207943,121,123,8943,2018,24268.0,0.0,2.093866,0.764303,KOR,LAO,843049
9207944,216,123,8943,2018,46080.0,66783.0,1.053177,1.4084969999999999,THA,LAO,843049
9207945,231,123,8943,2018,20367.0,0.0,1.585861,0.44815900000000003,USA,LAO,843049
9207946,239,123,8943,2018,106747.0,0.0,0.003069,0.9169729999999999,VNM,LAO,843049
9207947,249,123,8943,2018,13021.0,0.0,2.0462540000000002,1.166636,TWN,LAO,843049
9207948,250,123,8943,2018,7929.0,0.0,0.809991,-0.368737,ANS,LAO,843049
9207949,41,125,8943,2018,12673.0,0.0,2.2324330000000003,0.7801560000000001,CHE,LBR,843049
9207950,147,125,8943,2018,0.0,41927.0,-1.380023,-1.027817,MOZ,LBR,843049
9207951,191,125,8943,2018,136285.0,0.0,-0.751378,-0.390573,SEN,LBR,843049
9207952,231,125,8943,2018,78875.0,0.0,1.585861,0.44815900000000003,USA,LBR,843049
9207953,246,129,8943,2018,1685186.0,58491.0,0.158722,1.394829,ZAF,LSO,843049
9207954,250,129,8943,2018,0.0,215725.0,0.809991,-0.368737,ANS,LSO,843049
9207955,97,133,8943,2018,1275376.0,596204.0,0.843677,1.656073,HKG,MAC,843049
9207956,231,139,8943,2018,3943216.0,0.0,1.585861,0.44815900000000003,USA,MHL,843049
9207957,7,141,8943,2018,113559.0,0.0,0.11804400000000001,-0.326851,ARE,MLI,843049
9207958,14,141,8943,2018,6419.0,23354.0,-0.29687199999999997,-0.123116,AUS,MLI,843049
9207959,18,141,8943,2018,1906.0,0.0,1.270641,1.201063,BEL,MLI,843049
9207960,39,141,8943,2018,32666.0,0.0,0.666822,1.218593,CAN,MLI,843049
9207961,43,141,8943,2018,8590.0,5569.0,1.200689,1.2822,CHN,MLI,843049
9207962,44,141,8943,2018,28024.0,73631.0,-0.8733569999999999,-0.8443139999999999,CIV,MLI,843049
9207963,47,141,8943,2018,11986.0,0.0,-1.52875,-1.1869100000000001,COG,MLI,843049
9207964,74,141,8943,2018,294426.0,0.0,1.61151,0.9474549999999999,FIN,MLI,843049
9207965,77,141,8943,2018,122693.0,215570.0,1.420819,0.7793770000000001,FRA,MLI,843049
9207966,83,141,8943,2018,113106.0,0.0,-0.956109,-0.861556,GHA,MLI,843049
9207967,104,141,8943,2018,8067.0,0.0,0.526015,2.448112,IND,MLI,843049
9207968,114,141,8943,2018,8253.0,0.0,2.514533,-0.416074,JPN,MLI,843049
9207969,134,141,8943,2018,2202.0,6440.0,-0.712775,-0.090013,MAR,MLI,843049
9207970,191,141,8943,2018,0.0,14231.0,-0.751378,-0.390573,SEN,MLI,843049
9207971,208,141,8943,2018,23333.0,10539.0,1.76361,0.766904,SWE,MLI,843049
9207972,231,141,8943,2018,1698806.0,0.0,1.585861,0.44815900000000003,USA,MLI,843049
9207973,246,141,8943,2018,69724.0,19229.0,0.158722,1.394829,ZAF,MLI,843049
9207974,81,142,8943,2018,3412.0,0.0,1.693008,0.768159,GBR,MLT,843049
9207975,111,142,8943,2018,27791.0,0.0,1.3602530000000002,0.453607,ITA,MLT,843049
9207976,126,142,8943,2018,0.0,210642.0,-1.608786,-1.231101,LBY,MLT,843049
9207977,162,142,8943,2018,12396.0,0.0,1.1478899999999999,1.454758,NLD,MLT,843049
9207978,231,142,8943,2018,283922.0,0.0,1.585861,0.44815900000000003,USA,MLT,843049
9207979,18,148,8943,2018,449550.0,0.0,1.270641,1.201063,BEL,MRT,843049
9207980,77,148,8943,2018,3796.0,0.0,1.420819,0.7793770000000001,FRA,MRT,843049
9207981,104,148,8943,2018,8717.0,0.0,0.526015,2.448112,IND,MRT,843049
9207982,153,148,8943,2018,43720.0,0.0,1.122976,0.734109,MYS,MRT,843049
9207983,191,148,8943,2018,8199.0,0.0,-0.751378,-0.390573,SEN,MRT,843049
9207984,208,148,8943,2018,53276.0,0.0,1.76361,0.766904,SWE,MRT,843049
9207985,224,148,8943,2018,17807.0,0.0,0.518721,2.5581419999999997,TUR,MRT,843049
9207986,2,155,8943,2018,32339.0,2363.0,-1.489191,-1.213992,AGO,NAM,843049
9207987,7,155,8943,2018,892.0,0.0,0.11804400000000001,-0.326851,ARE,NAM,843049
9207988,39,155,8943,2018,132438.0,0.0,0.666822,1.218593,CAN,NAM,843049
9207989,43,155,8943,2018,154896.0,0.0,1.200689,1.2822,CHN,NAM,843049
9207990,77,155,8943,2018,2051.0,0.0,1.420819,0.7793770000000001,FRA,NAM,843049
9207991,81,155,8943,2018,4475.0,0.0,1.693008,0.768159,GBR,NAM,843049
9207992,83,155,8943,2018,0.0,6847.0,-0.956109,-0.861556,GHA,NAM,843049
9207993,104,155,8943,2018,0.0,236112.0,0.526015,2.448112,IND,NAM,843049
9207994,153,155,8943,2018,0.0,25483.0,1.122976,0.734109,MYS,NAM,843049
9207995,159,155,8943,2018,0.0,57646.0,-1.8238,-1.259938,NGA,NAM,843049
9207996,179,155,8943,2018,7014.0,0.0,0.652628,2.211758,PRT,NAM,843049
9207997,208,155,8943,2018,247688.0,0.0,1.76361,0.766904,SWE,NAM,843049
9207998,231,155,8943,2018,46649.0,0.0,1.585861,0.44815900000000003,USA,NAM,843049
9207999,246,155,8943,2018,2514379.0,39204.0,0.158722,1.394829,ZAF,NAM,843049
9208000,250,155,8943,2018,37858.0,0.0,0.809991,-0.368737,ANS,NAM,843049
9208001,43,178,8943,2018,15889.0,0.0,1.200689,1.2822,CHN,PRK,843049
9208002,14,183,8943,2018,33029.0,0.0,-0.29687199999999997,-0.123116,AUS,QAT,843049
9208003,32,183,8943,2018,43679.0,0.0,0.143397,0.582092,BRA,QAT,843049
9208004,39,183,8943,2018,4358.0,0.0,0.666822,1.218593,CAN,QAT,843049
9208005,43,183,8943,2018,139932.0,0.0,1.200689,1.2822,CHN,QAT,843049
9208006,59,183,8943,2018,19885.0,0.0,1.841016,0.220806,CZE,QAT,843049
9208007,81,183,8943,2018,2758125.0,0.0,1.693008,0.768159,GBR,QAT,843049
9208008,104,183,8943,2018,5455.0,175390.0,0.526015,2.448112,IND,QAT,843049
9208009,111,183,8943,2018,287096.0,0.0,1.3602530000000002,0.453607,ITA,QAT,843049
9208010,122,183,8943,2018,21138.0,0.0,-0.668802,-1.154012,KWT,QAT,843049
9208011,162,183,8943,2018,174266.0,0.0,1.1478899999999999,1.454758,NLD,QAT,843049
9208012,163,183,8943,2018,10343.0,0.0,0.681639,0.021762,NOR,QAT,843049
9208013,167,183,8943,2018,0.0,93026.0,-0.548048,-0.9972989999999999,OMN,QAT,843049
9208014,168,183,8943,2018,119312.0,0.0,-0.64348,0.665045,PAK,QAT,843049
9208015,177,183,8943,2018,12672.0,0.0,1.132475,1.258945,POL,QAT,843049
9208016,192,183,8943,2018,448063.0,0.0,1.914132,0.652011,SGP,QAT,843049
9208017,216,183,8943,2018,233149.0,0.0,1.053177,1.4084969999999999,THA,QAT,843049
9208018,224,183,8943,2018,2177.0,0.0,0.518721,2.5581419999999997,TUR,QAT,843049
9208019,231,183,8943,2018,89855.0,0.0,1.585861,0.44815900000000003,USA,QAT,843049
9208020,246,183,8943,2018,286645.0,0.0,0.158722,1.394829,ZAF,QAT,843049
9208021,7,196,8943,2018,16768.0,0.0,0.11804400000000001,-0.326851,ARE,SLE,843049
9208022,18,196,8943,2018,34375.0,0.0,1.270641,1.201063,BEL,SLE,843049
9208023,39,196,8943,2018,61588.0,0.0,0.666822,1.218593,CAN,SLE,843049
9208024,43,196,8943,2018,17265.0,0.0,1.200689,1.2822,CHN,SLE,843049
9208025,71,196,8943,2018,28176.0,0.0,0.744825,2.919005,ESP,SLE,843049
9208026,116,196,8943,2018,7848.0,0.0,-0.32707800000000004,0.71009,KEN,SLE,843049
9208027,186,196,8943,2018,34156.0,0.0,0.21398000000000003,0.100414,RUS,SLE,843049
9208028,231,196,8943,2018,140174.0,0.0,1.585861,0.44815900000000003,USA,SLE,843049
9208029,246,196,8943,2018,16600.0,18759.0,0.158722,1.394829,ZAF,SLE,843049
9208030,81,211,8943,2018,6013.0,0.0,1.693008,0.768159,GBR,SYC,843049
9208031,104,211,8943,2018,952.0,0.0,0.526015,2.448112,IND,SYC,843049
9208032,231,213,8943,2018,7847.0,0.0,1.585861,0.44815900000000003,USA,TCA,843049
9208033,43,214,8943,2018,200443.0,0.0,1.200689,1.2822,CHN,TCD,843049
9208034,216,214,8943,2018,132624.0,0.0,1.053177,1.4084969999999999,THA,TCD,843049
9208035,14,215,8943,2018,60008.0,0.0,-0.29687199999999997,-0.123116,AUS,TGO,843049
9208036,19,215,8943,2018,1217.0,0.0,-0.646475,-0.769808,BEN,TGO,843049
9208037,23,215,8943,2018,36222.0,0.0,0.571226,1.836856,BGR,TGO,843049
9208038,43,215,8943,2018,2118.0,0.0,1.200689,1.2822,CHN,TGO,843049
9208039,44,215,8943,2018,0.0,4163.0,-0.8733569999999999,-0.8443139999999999,CIV,TGO,843049
9208040,77,215,8943,2018,4624.0,0.0,1.420819,0.7793770000000001,FRA,TGO,843049
9208041,81,215,8943,2018,3324.0,0.0,1.693008,0.768159,GBR,TGO,843049
9208042,83,215,8943,2018,90400.0,2315.0,-0.956109,-0.861556,GHA,TGO,843049
9208043,104,215,8943,2018,40181.0,0.0,0.526015,2.448112,IND,TGO,843049
9208044,111,215,8943,2018,2922.0,0.0,1.3602530000000002,0.453607,ITA,TGO,843049
9208045,103,220,8943,2018,49069.0,0.0,-0.10130499999999999,1.2414209999999999,IDN,TLS,843049
9208046,7,226,8943,2018,50946.0,0.0,0.11804400000000001,-0.326851,ARE,TZA,843049
9208047,14,226,8943,2018,0.0,342.0,-0.29687199999999997,-0.123116,AUS,TZA,843049
9208048,15,226,8943,2018,934204.0,0.0,1.774488,-0.21117800000000003,AUT,TZA,843049
9208049,37,226,8943,2018,0.0,2887.0,-0.8339610000000001,-1.184307,BWA,TZA,843049
9208050,39,226,8943,2018,427322.0,0.0,0.666822,1.218593,CAN,TZA,843049
9208051,43,226,8943,2018,800096.0,0.0,1.200689,1.2822,CHN,TZA,843049
9208052,44,226,8943,2018,0.0,215096.0,-0.8733569999999999,-0.8443139999999999,CIV,TZA,843049
9208053,46,226,8943,2018,47356.0,3874.0,-1.743034,-1.20446,COD,TZA,843049
9208054,47,226,8943,2018,0.0,1045.0,-1.52875,-1.1869100000000001,COG,TZA,843049
9208055,61,226,8943,2018,470041.0,0.0,2.109059,-2.428826,DEU,TZA,843049
9208056,77,226,8943,2018,5675.0,0.0,1.420819,0.7793770000000001,FRA,TZA,843049
9208057,104,226,8943,2018,31800.0,0.0,0.526015,2.448112,IND,TZA,843049
9208058,107,226,8943,2018,46715.0,0.0,-0.389954,-0.258156,IRN,TZA,843049
9208059,122,226,8943,2018,0.0,47786.0,-0.668802,-1.154012,KWT,TZA,843049
9208060,147,226,8943,2018,115765.0,0.0,-1.380023,-1.027817,MOZ,TZA,843049
9208061,185,226,8943,2018,0.0,26914.0,1.050715,1.04471,ROU,TZA,843049
9208062,191,226,8943,2018,0.0,82112.0,-0.751378,-0.390573,SEN,TZA,843049
9208063,208,226,8943,2018,334247.0,0.0,1.76361,0.766904,SWE,TZA,843049
9208064,224,226,8943,2018,13949.0,0.0,0.518721,2.5581419999999997,TUR,TZA,843049
9208065,227,226,8943,2018,312481.0,0.0,-0.621049,-0.061448,UGA,TZA,843049
9208066,231,226,8943,2018,97258.0,0.0,1.585861,0.44815900000000003,USA,TZA,843049
9208067,17,227,8943,2018,0.0,39756.0,-0.654964,-0.9683229999999999,BDI,UGA,843049
9208068,39,227,8943,2018,8477.0,0.0,0.666822,1.218593,CAN,UGA,843049
9208069,43,227,8943,2018,29319.0,0.0,1.200689,1.2822,CHN,UGA,843049
9208070,46,227,8943,2018,5242.0,0.0,-1.743034,-1.20446,COD,UGA,843049
9208071,81,227,8943,2018,29417.0,0.0,1.693008,0.768159,GBR,UGA,843049
9208072,104,227,8943,2018,116186.0,0.0,0.526015,2.448112,IND,UGA,843049
9208073,111,227,8943,2018,15505.0,0.0,1.3602530000000002,0.453607,ITA,UGA,843049
9208074,114,227,8943,2018,5379.0,0.0,2.514533,-0.416074,JPN,UGA,843049
9208075,116,227,8943,2018,66977.0,43504.0,-0.32707800000000004,0.71009,KEN,UGA,843049
9208076,121,227,8943,2018,115393.0,0.0,2.093866,0.764303,KOR,UGA,843049
9208077,128,227,8943,2018,2536.0,0.0,-0.544504,0.41074099999999997,LKA,UGA,843049
9208078,187,227,8943,2018,1533.0,0.0,-0.618925,-0.788172,RWA,UGA,843049
9208079,188,227,8943,2018,103960.0,0.0,0.5801810000000001,-0.447514,SAU,UGA,843049
9208080,226,227,8943,2018,0.0,312481.0,-0.09850700000000001,1.145606,TZA,UGA,843049
9208081,231,227,8943,2018,24941.0,0.0,1.585861,0.44815900000000003,USA,UGA,843049
9208082,246,227,8943,2018,40259.0,0.0,0.158722,1.394829,ZAF,UGA,843049
9208083,91,234,8943,2018,0.0,9434.0,0.28333800000000003,-0.40042,GRD,VCT,843049
9208084,61,240,8943,2018,57038.0,0.0,2.109059,-2.428826,DEU,VUT,843049
9208085,216,240,8943,2018,1374.0,0.0,1.053177,1.4084969999999999,THA,VUT,843049
9208086,231,240,8943,2018,1357380.0,0.0,1.585861,0.44815900000000003,USA,VUT,843049
9208087,2,247,8943,2018,0.0,45474.0,-1.489191,-1.213992,AGO,ZMB,843049
9208088,7,247,8943,2018,79845.0,0.0,0.11804400000000001,-0.326851,ARE,ZMB,843049
9208089,18,247,8943,2018,3654.0,0.0,1.270641,1.201063,BEL,ZMB,843049
9208090,39,247,8943,2018,1051.0,0.0,0.666822,1.218593,CAN,ZMB,843049
9208091,43,247,8943,2018,174053.0,220625.0,1.200689,1.2822,CHN,ZMB,843049
9208092,46,247,8943,2018,27217.0,39021.0,-1.743034,-1.20446,COD,ZMB,843049
9208093,81,247,8943,2018,9831.0,0.0,1.693008,0.768159,GBR,ZMB,843049
9208094,104,247,8943,2018,4384.0,0.0,0.526015,2.448112,IND,ZMB,843049
9208095,208,247,8943,2018,574881.0,0.0,1.76361,0.766904,SWE,ZMB,843049
9208096,224,247,8943,2018,7047.0,0.0,0.518721,2.5581419999999997,TUR,ZMB,843049
9208097,246,247,8943,2018,1465946.0,962597.0,0.158722,1.394829,ZAF,ZMB,843049
9208098,248,247,8943,2018,17713.0,0.0,-1.181524,-1.0648520000000001,ZWE,ZMB,843049
9208099,43,248,8943,2018,30486.0,0.0,1.200689,1.2822,CHN,ZWE,843049
9208100,46,248,8943,2018,1412.0,0.0,-1.743034,-1.20446,COD,ZWE,843049
9208101,71,248,8943,2018,15936.0,0.0,0.744825,2.919005,ESP,ZWE,843049
9208102,81,248,8943,2018,1772.0,0.0,1.693008,0.768159,GBR,ZWE,843049
9208103,97,248,8943,2018,1672.0,0.0,0.843677,1.656073,HKG,ZWE,843049
9208104,104,248,8943,2018,34043.0,0.0,0.526015,2.448112,IND,ZWE,843049
9208105,116,248,8943,2018,58831.0,0.0,-0.32707800000000004,0.71009,KEN,ZWE,843049
9208106,147,248,8943,2018,3067.0,599.0,-1.380023,-1.027817,MOZ,ZWE,843049
9208107,152,248,8943,2018,0.0,1156.0,-0.7015979999999999,-0.9293680000000001,MWI,ZWE,843049
9208108,208,248,8943,2018,195074.0,0.0,1.76361,0.766904,SWE,ZWE,843049
9208109,246,248,8943,2018,977863.0,0.0,0.158722,1.394829,ZAF,ZWE,843049
9208110,247,248,8943,2018,0.0,17713.0,-0.736064,-0.93958,ZMB,ZWE,843049
9208111,43,9,8943,2018,248170.0,0.0,1.200689,1.2822,CHN,ARM,843049
9208112,82,9,8943,2018,77566.0,0.0,-0.049871,-0.28439899999999996,GEO,ARM,843049
9208113,107,9,8943,2018,9267.0,0.0,-0.389954,-0.258156,IRN,ARM,843049
9208114,111,9,8943,2018,1875.0,0.0,1.3602530000000002,0.453607,ITA,ARM,843049
9208115,186,9,8943,2018,18448.0,0.0,0.21398000000000003,0.100414,RUS,ARM,843049
9208116,208,9,8943,2018,465230.0,0.0,1.76361,0.766904,SWE,ARM,843049
9208117,224,9,8943,2018,91.0,0.0,0.518721,2.5581419999999997,TUR,ARM,843049
9208118,81,30,8943,2018,4374.0,0.0,1.693008,0.768159,GBR,BMU,843049
9208119,231,30,8943,2018,14404.0,0.0,1.585861,0.44815900000000003,USA,BMU,843049
9208120,231,127,8943,2018,3074.0,0.0,1.585861,0.44815900000000003,USA,LCA,843049
9208121,81,76,8943,2018,222854.0,0.0,1.693008,0.768159,GBR,FLK,843049
9208122,39,92,8943,2018,478155.0,0.0,0.666822,1.218593,CAN,GRL,843049
9208123,64,92,8943,2018,1225976.0,0.0,1.0945040000000001,1.3311540000000002,DNK,GRL,843049
9208124,74,92,8943,2018,284752.0,0.0,1.61151,0.9474549999999999,FIN,GRL,843049
9208125,81,92,8943,2018,304907.0,0.0,1.693008,0.768159,GBR,GRL,843049
9208126,163,92,8943,2018,96746.0,0.0,0.681639,0.021762,NOR,GRL,843049
9208127,64,126,8943,2018,42949.0,0.0,1.0945040000000001,1.3311540000000002,DNK,LBY,843049
9208128,68,126,8943,2018,0.0,31980.0,-0.096635,1.585658,EGY,LBY,843049
9208129,81,126,8943,2018,8328.0,0.0,1.693008,0.768159,GBR,LBY,843049
9208130,142,126,8943,2018,210642.0,0.0,0.9621219999999999,0.257289,MLT,LBY,843049
9208131,177,126,8943,2018,30722.0,0.0,1.132475,1.258945,POL,LBY,843049
9208132,224,126,8943,2018,18701.0,0.0,0.518721,2.5581419999999997,TUR,LBY,843049
9208133,4,140,8943,2018,0.0,7299.0,-0.456481,-0.139655,ALB,MKD,843049
9208134,23,140,8943,2018,293857.0,1762.0,0.571226,1.836856,BGR,MKD,843049
9208135,43,140,8943,2018,5192.0,0.0,1.200689,1.2822,CHN,MKD,843049
9208136,61,140,8943,2018,11991.0,0.0,2.109059,-2.428826,DEU,MKD,843049
9208137,90,140,8943,2018,81284.0,0.0,0.059539999999999996,1.0321879999999999,GRC,MKD,843049
9208138,100,140,8943,2018,6035.0,0.0,0.7923720000000001,1.4047209999999999,HRV,MKD,843049
9208139,111,140,8943,2018,36366.0,0.0,1.3602530000000002,0.453607,ITA,MKD,843049
9208140,163,140,8943,2018,10447.0,0.0,0.681639,0.021762,NOR,MKD,843049
9208141,201,140,8943,2018,15648.0,0.0,0.607486,1.2139389999999999,SRB,MKD,843049
9208142,207,140,8943,2018,1810.0,0.0,1.67428,0.7703800000000001,SVN,MKD,843049
9208143,208,140,8943,2018,48942.0,0.0,1.76361,0.766904,SWE,MKD,843049
9208144,224,140,8943,2018,43944.0,0.0,0.518721,2.5581419999999997,TUR,MKD,843049
9208145,26,144,8943,2018,47754.0,0.0,0.526392,0.742398,BIH,MNE,843049
9208146,61,144,8943,2018,1872.0,0.0,2.109059,-2.428826,DEU,MNE,843049
9208147,100,144,8943,2018,15933.0,0.0,0.7923720000000001,1.4047209999999999,HRV,MNE,843049
9208148,111,144,8943,2018,8218.0,0.0,1.3602530000000002,0.453607,ITA,MNE,843049
9208149,114,144,8943,2018,12286.0,0.0,2.514533,-0.416074,JPN,MNE,843049
9208150,121,144,8943,2018,3382.0,0.0,2.093866,0.764303,KOR,MNE,843049
9208151,177,144,8943,2018,35684.0,0.0,1.132475,1.258945,POL,MNE,843049
9208152,207,144,8943,2018,0.0,40864.0,1.67428,0.7703800000000001,SVN,MNE,843049
9208153,208,144,8943,2018,10579.0,0.0,1.76361,0.766904,SWE,MNE,843049
9208154,224,144,8943,2018,2486.0,0.0,0.518721,2.5581419999999997,TUR,MNE,843049
9208155,43,145,8943,2018,26208.0,0.0,1.200689,1.2822,CHN,MNG,843049
9208156,103,145,8943,2018,0.0,136812.0,-0.10130499999999999,1.2414209999999999,IDN,MNG,843049
9208157,121,145,8943,2018,54720.0,0.0,2.093866,0.764303,KOR,MNG,843049
9208158,162,145,8943,2018,3420.0,0.0,1.1478899999999999,1.454758,NLD,MNG,843049
9208159,186,145,8943,2018,63962.0,0.0,0.21398000000000003,0.100414,RUS,MNG,843049
9208160,208,145,8943,2018,239360.0,0.0,1.76361,0.766904,SWE,MNG,843049
9208161,18,157,8943,2018,684473.0,0.0,1.270641,1.201063,BEL,NER,843049
9208162,43,157,8943,2018,6086.0,29158.0,1.200689,1.2822,CHN,NER,843049
9208163,61,157,8943,2018,5502.0,0.0,2.109059,-2.428826,DEU,NER,843049
9208164,77,157,8943,2018,38497.0,950.0,1.420819,0.7793770000000001,FRA,NER,843049
9208165,83,157,8943,2018,0.0,13233.0,-0.956109,-0.861556,GHA,NER,843049
9208166,43,17,8943,2018,218707.0,0.0,1.200689,1.2822,CHN,BDI,843049
9208167,46,17,8943,2018,0.0,194516.0,-1.743034,-1.20446,COD,BDI,843049
9208168,77,17,8943,2018,12047.0,0.0,1.420819,0.7793770000000001,FRA,BDI,843049
9208169,104,17,8943,2018,66560.0,0.0,0.526015,2.448112,IND,BDI,843049
9208170,111,17,8943,2018,40379.0,0.0,1.3602530000000002,0.453607,ITA,BDI,843049
9208171,116,17,8943,2018,2782.0,969.0,-0.32707800000000004,0.71009,KEN,BDI,843049
9208172,187,17,8943,2018,212671.0,0.0,-0.618925,-0.788172,RWA,BDI,843049
9208173,227,17,8943,2018,39756.0,0.0,-0.621049,-0.061448,UGA,BDI,843049
9208174,43,243,8943,2018,3875.0,0.0,1.200689,1.2822,CHN,YEM,843049
9208175,188,243,8943,2018,912371.0,0.0,0.5801810000000001,-0.447514,SAU,YEM,843049
9208176,231,243,8943,2018,30129.0,0.0,1.585861,0.44815900000000003,USA,YEM,843049
9208177,7,2,8943,2018,2705.0,0.0,0.11804400000000001,-0.326851,ARE,AGO,843049
9208178,18,2,8943,2018,73167.0,0.0,1.270641,1.201063,BEL,AGO,843049
9208179,31,2,8943,2018,0.0,20711.0,-1.153953,-1.070749,BOL,AGO,843049
9208180,32,2,8943,2018,4030.0,0.0,0.143397,0.582092,BRA,AGO,843049
9208181,43,2,8943,2018,7971.0,13586.0,1.200689,1.2822,CHN,AGO,843049
9208182,71,2,8943,2018,18039.0,0.0,0.744825,2.919005,ESP,AGO,843049
9208183,80,2,8943,2018,17321.0,2083.0,-1.4979200000000001,-1.180407,GAB,AGO,843049
9208184,81,2,8943,2018,20142.0,94284.0,1.693008,0.768159,GBR,AGO,843049
9208185,83,2,8943,2018,9814.0,48517.0,-0.956109,-0.861556,GHA,AGO,843049
9208186,104,2,8943,2018,0.0,91528.0,0.526015,2.448112,IND,AGO,843049
9208187,111,2,8943,2018,18736.0,0.0,1.3602530000000002,0.453607,ITA,AGO,843049
9208188,147,2,8943,2018,0.0,127361.0,-1.380023,-1.027817,MOZ,AGO,843049
9208189,153,2,8943,2018,2820215.0,227515.0,1.122976,0.734109,MYS,AGO,843049
9208190,155,2,8943,2018,2363.0,32339.0,-0.668091,-0.779938,NAM,AGO,843049
9208191,162,2,8943,2018,2994.0,216552.0,1.1478899999999999,1.454758,NLD,AGO,843049
9208192,163,2,8943,2018,2631266.0,0.0,0.681639,0.021762,NOR,AGO,843049
9208193,179,2,8943,2018,139013.0,93230.0,0.652628,2.211758,PRT,AGO,843049
9208194,186,2,8943,2018,0.0,58292.0,0.21398000000000003,0.100414,RUS,AGO,843049
9208195,231,2,8943,2018,45231.0,0.0,1.585861,0.44815900000000003,USA,AGO,843049
9208196,246,2,8943,2018,97701.0,111492.0,0.158722,1.394829,ZAF,AGO,843049
9208197,247,2,8943,2018,45474.0,0.0,-0.736064,-0.93958,ZMB,AGO,843049
9208198,39,4,8943,2018,73857.0,0.0,0.666822,1.218593,CAN,ALB,843049
9208199,43,4,8943,2018,118190.0,0.0,1.200689,1.2822,CHN,ALB,843049
9208200,111,4,8943,2018,99712.0,0.0,1.3602530000000002,0.453607,ITA,ALB,843049
9208201,140,4,8943,2018,7299.0,0.0,0.079976,-0.20256,MKD,ALB,843049
9208202,186,4,8943,2018,50697.0,0.0,0.21398000000000003,0.100414,RUS,ALB,843049
9208203,208,4,8943,2018,11649.0,0.0,1.76361,0.766904,SWE,ALB,843049
9208204,71,5,8943,2018,198307.0,18622.0,0.744825,2.919005,ESP,AND,843049
9208205,43,34,8943,2018,81946.0,0.0,1.200689,1.2822,CHN,BRN,843049
9208206,81,34,8943,2018,3213.0,0.0,1.693008,0.768159,GBR,BRN,843049
9208207,104,34,8943,2018,26334.0,0.0,0.526015,2.448112,IND,BRN,843049
9208208,121,34,8943,2018,0.0,44922.0,2.093866,0.764303,KOR,BRN,843049
9208209,153,34,8943,2018,187196.0,2985252.0,1.122976,0.734109,MYS,BRN,843049
9208210,192,34,8943,2018,68861.0,0.0,1.914132,0.652011,SGP,BRN,843049
9208211,216,34,8943,2018,267661.0,0.0,1.053177,1.4084969999999999,THA,BRN,843049
9208212,231,34,8943,2018,2719.0,0.0,1.585861,0.44815900000000003,USA,BRN,843049
9208213,104,35,8943,2018,282105.0,6474.0,0.526015,2.448112,IND,BTN,843049
9208214,164,35,8943,2018,0.0,497619.0,-0.252837,0.999258,NPL,BTN,843049
9208215,43,38,8943,2018,26000.0,0.0,1.200689,1.2822,CHN,CAF,843049
9208216,46,38,8943,2018,41195.0,0.0,-1.743034,-1.20446,COD,CAF,843049
9208217,116,38,8943,2018,3079.0,0.0,-0.32707800000000004,0.71009,KEN,CAF,843049
9208218,216,38,8943,2018,50513.0,0.0,1.053177,1.4084969999999999,THA,CAF,843049
9208219,111,63,8943,2018,3121.0,0.0,1.3602530000000002,0.453607,ITA,DMA,843049
9208220,39,69,8943,2018,0.0,126883.0,0.666822,1.218593,CAN,ERI,843049
9208221,77,69,8943,2018,127499.0,0.0,1.420819,0.7793770000000001,FRA,ERI,843049
9208222,208,69,8943,2018,61960.0,0.0,1.76361,0.766904,SWE,ERI,843049
9208223,43,75,8943,2018,42518.0,0.0,1.200689,1.2822,CHN,FJI,843049
9208224,64,78,8943,2018,1465.0,0.0,1.0945040000000001,1.3311540000000002,DNK,FRO,843049
9208225,163,78,8943,2018,24616.0,49187.0,0.681639,0.021762,NOR,FRO,843049
9208226,81,87,8943,2018,14544.0,0.0,1.693008,0.768159,GBR,GMB,843049
9208227,191,87,8943,2018,4154.0,0.0,-0.751378,-0.390573,SEN,GMB,843049
9208228,43,88,8943,2018,15123.0,0.0,1.200689,1.2822,CHN,GNB,843049
9208229,179,88,8943,2018,51486.0,0.0,0.652628,2.211758,PRT,GNB,843049
9208230,191,88,8943,2018,17741.0,0.0,-0.751378,-0.390573,SEN,GNB,843049
9208231,234,91,8943,2018,9434.0,0.0,-0.274831,-0.603525,VCT,GRD,843049
9208232,43,101,8943,2018,55460.0,0.0,1.200689,1.2822,CHN,HTI,843049
9208233,65,101,8943,2018,91021.0,0.0,-0.084258,0.474872,DOM,HTI,843049
9208234,111,101,8943,2018,1440.0,0.0,1.3602530000000002,0.453607,ITA,HTI,843049
9208235,231,101,8943,2018,78725.0,0.0,1.585861,0.44815900000000003,USA,HTI,843049
9208236,15,136,8943,2018,4894.0,0.0,1.774488,-0.21117800000000003,AUT,MDG,843049
9208237,43,136,8943,2018,117655.0,0.0,1.200689,1.2822,CHN,MDG,843049
9208238,77,136,8943,2018,6095.0,0.0,1.420819,0.7793770000000001,FRA,MDG,843049
9208239,90,136,8943,2018,9809.0,0.0,0.059539999999999996,1.0321879999999999,GRC,MDG,843049
9208240,162,136,8943,2018,6148.0,0.0,1.1478899999999999,1.454758,NLD,MDG,843049
9208241,231,136,8943,2018,818.0,0.0,1.585861,0.44815900000000003,USA,MDG,843049
9208242,250,136,8943,2018,4793.0,0.0,0.809991,-0.368737,ANS,MDG,843049
9208243,77,156,8943,2018,210985.0,0.0,1.420819,0.7793770000000001,FRA,NCL,843049
9208244,111,156,8943,2018,3203.0,0.0,1.3602530000000002,0.453607,ITA,NCL,843049
9208245,114,175,8943,2018,28403.0,0.0,2.514533,-0.416074,JPN,PLW,843049
9208246,7,176,8943,2018,3223.0,0.0,0.11804400000000001,-0.326851,ARE,PNG,843049
9208247,14,176,8943,2018,940132.0,0.0,-0.29687199999999997,-0.123116,AUS,PNG,843049
9208248,43,176,8943,2018,287773.0,0.0,1.200689,1.2822,CHN,PNG,843049
9208249,103,176,8943,2018,200095.0,0.0,-0.10130499999999999,1.2414209999999999,IDN,PNG,843049
9208250,114,176,8943,2018,10871.0,0.0,2.514533,-0.416074,JPN,PNG,843049
9208251,174,176,8943,2018,20033.0,0.0,0.781409,0.22126700000000002,PHL,PNG,843049
9208252,7,181,8943,2018,41391.0,0.0,0.11804400000000001,-0.326851,ARE,PSE,843049
9208253,77,181,8943,2018,33887.0,0.0,1.420819,0.7793770000000001,FRA,PSE,843049
9208254,121,181,8943,2018,14249.0,0.0,2.093866,0.764303,KOR,PSE,843049
9208255,43,182,8943,2018,745.0,0.0,1.200689,1.2822,CHN,PYF,843049
9208256,74,182,8943,2018,9097.0,0.0,1.61151,0.9474549999999999,FIN,PYF,843049
9208257,77,182,8943,2018,28192.0,0.0,1.420819,0.7793770000000001,FRA,PYF,843049
9208258,111,182,8943,2018,9121.0,0.0,1.3602530000000002,0.453607,ITA,PYF,843049
9208259,231,182,8943,2018,648.0,0.0,1.585861,0.44815900000000003,USA,PYF,843049
9208260,43,199,8943,2018,74379.0,0.0,1.200689,1.2822,CHN,SOM,843049
9208261,81,199,8943,2018,1334.0,0.0,1.693008,0.768159,GBR,SOM,843049
9208262,7,202,8943,2018,18251.0,0.0,0.11804400000000001,-0.326851,ARE,SSD,843049
9208263,43,202,8943,2018,8487.0,0.0,1.200689,1.2822,CHN,SSD,843049
9208264,61,202,8943,2018,10725.0,0.0,2.109059,-2.428826,DEU,SSD,843049
9208265,216,202,8943,2018,462585.0,0.0,1.053177,1.4084969999999999,THA,SSD,843049
9208266,68,212,8943,2018,0.0,43414.0,-0.096635,1.585658,EGY,SYR,843049
9208267,104,212,8943,2018,6582.0,0.0,0.526015,2.448112,IND,SYR,843049
9208268,134,212,8943,2018,0.0,7939.0,-0.712775,-0.090013,MAR,SYR,843049
9208269,186,212,8943,2018,3023.0,0.0,0.21398000000000003,0.100414,RUS,SYR,843049
9208270,224,212,8943,2018,27167.0,0.0,0.518721,2.5581419999999997,TUR,SYR,843049
9208271,114,221,8943,2018,18119.0,0.0,2.514533,-0.416074,JPN,TON,843049
9208272,43,195,8943,2018,5431.0,0.0,1.200689,1.2822,CHN,SLB,843049
9208273,114,195,8943,2018,0.0,323069.0,2.514533,-0.416074,JPN,SLB,843049
9208274,153,195,8943,2018,146018.0,0.0,1.122976,0.734109,MYS,SLB,843049
9208275,174,195,8943,2018,63637.0,0.0,0.781409,0.22126700000000002,PHL,SLB,843049
9208276,249,195,8943,2018,573.0,0.0,2.0462540000000002,1.166636,TWN,SLB,843049
9208277,114,242,8943,2018,224377.0,0.0,2.514533,-0.416074,JPN,WSM,843049
9208278,166,242,8943,2018,17672.0,0.0,0.21902600000000003,0.148714,NZL,WSM,843049
9208279,77,210,8943,2018,0.0,119575.0,1.420819,0.7793770000000001,FRA,SXM,843049
9208280,162,210,8943,2018,3753.0,0.0,1.1478899999999999,1.454758,NLD,SXM,843049
9208281,39,11,8943,2018,25289.0,0.0,0.666822,1.218593,CAN,ATA,843049
9208282,114,119,8943,2018,3408.0,0.0,2.514533,-0.416074,JPN,KIR,843049
9208283,162,20,8943,2018,43674.0,36533.0,1.1478899999999999,1.454758,NLD,BES,843049
9208284,179,27,8943,2018,101538.0,0.0,0.652628,2.211758,PRT,BLM,843049
9208285,77,200,8943,2018,22255.0,0.0,1.420819,0.7793770000000001,FRA,SPM,843049
9208286,43,1,8958,2018,30973.0,0.0,1.200689,1.2822,CHN,AFG,843229
9208287,104,1,8958,2018,26489.0,0.0,0.526015,2.448112,IND,AFG,843229
9208288,107,1,8958,2018,19093.0,0.0,-0.389954,-0.258156,IRN,AFG,843229
9208289,111,1,8958,2018,14450.0,0.0,1.3602530000000002,0.453607,ITA,AFG,843229
9208290,147,1,8958,2018,0.0,1520.0,-1.380023,-1.027817,MOZ,AFG,843229
9208291,26,7,8958,2018,1045.0,0.0,0.526392,0.742398,BIH,ARE,843229
9208292,39,7,8958,2018,8231.0,0.0,0.666822,1.218593,CAN,ARE,843229
9208293,43,7,8958,2018,1671131.0,0.0,1.200689,1.2822,CHN,ARE,843229
9208294,46,7,8958,2018,0.0,10801.0,-1.743034,-1.20446,COD,ARE,843229
9208295,64,7,8958,2018,62224.0,0.0,1.0945040000000001,1.3311540000000002,DNK,ARE,843229
9208296,71,7,8958,2018,6542.0,0.0,0.744825,2.919005,ESP,ARE,843229
9208297,74,7,8958,2018,2599.0,0.0,1.61151,0.9474549999999999,FIN,ARE,843229
9208298,77,7,8958,2018,11226.0,0.0,1.420819,0.7793770000000001,FRA,ARE,843229
9208299,81,7,8958,2018,97863.0,0.0,1.693008,0.768159,GBR,ARE,843229
9208300,107,7,8958,2018,0.0,24576.0,-0.389954,-0.258156,IRN,ARE,843229
9208301,111,7,8958,2018,40223.0,0.0,1.3602530000000002,0.453607,ITA,ARE,843229
9208302,113,7,8958,2018,0.0,1067.0,-0.086895,0.283829,JOR,ARE,843229
9208303,147,7,8958,2018,0.0,16157.0,-1.380023,-1.027817,MOZ,ARE,843229
9208304,152,7,8958,2018,0.0,12131.0,-0.7015979999999999,-0.9293680000000001,MWI,ARE,843229
9208305,162,7,8958,2018,65939.0,0.0,1.1478899999999999,1.454758,NLD,ARE,843229
9208306,167,7,8958,2018,0.0,38820.0,-0.548048,-0.9972989999999999,OMN,ARE,843229
9208307,188,7,8958,2018,0.0,7662.0,0.5801810000000001,-0.447514,SAU,ARE,843229
9208308,208,7,8958,2018,6356.0,0.0,1.76361,0.766904,SWE,ARE,843229
9208309,231,7,8958,2018,45808.0,0.0,1.585861,0.44815900000000003,USA,ARE,843229
9208310,31,8,8958,2018,0.0,16552.0,-1.153953,-1.070749,BOL,ARG,843229
9208311,32,8,8958,2018,266748.0,1930.0,0.143397,0.582092,BRA,ARG,843229
9208312,39,8,8958,2018,61711.0,0.0,0.666822,1.218593,CAN,ARG,843229
9208313,42,8,8958,2018,0.0,8603.0,-0.37677,-0.49605299999999997,CHL,ARG,843229
9208314,43,8,8958,2018,174070.0,0.0,1.200689,1.2822,CHN,ARG,843229
9208315,49,8,8958,2018,0.0,2280.0,0.20431,-0.15273699999999998,COL,ARG,843229
9208316,61,8,8958,2018,105700.0,0.0,2.109059,-2.428826,DEU,ARG,843229
9208317,71,8,8958,2018,100881.0,0.0,0.744825,2.919005,ESP,ARG,843229
9208318,77,8,8958,2018,12140.0,0.0,1.420819,0.7793770000000001,FRA,ARG,843229
9208319,81,8,8958,2018,117798.0,0.0,1.693008,0.768159,GBR,ARG,843229
9208320,102,8,8958,2018,5429.0,0.0,1.519662,0.833092,HUN,ARG,843229
9208321,104,8,8958,2018,9120.0,0.0,0.526015,2.448112,IND,ARG,843229
9208322,111,8,8958,2018,218788.0,0.0,1.3602530000000002,0.453607,ITA,ARG,843229
9208323,121,8,8958,2018,12626.0,0.0,2.093866,0.764303,KOR,ARG,843229
9208324,162,8,8958,2018,33539.0,0.0,1.1478899999999999,1.454758,NLD,ARG,843229
9208325,180,8,8958,2018,0.0,239219.0,-0.614751,-0.952478,PRY,ARG,843229
9208326,224,8,8958,2018,7665.0,0.0,0.518721,2.5581419999999997,TUR,ARG,843229
9208327,230,8,8958,2018,0.0,90768.0,-0.02056,-0.38911,URY,ARG,843229
9208328,231,8,8958,2018,197421.0,0.0,1.585861,0.44815900000000003,USA,ARG,843229
9208329,246,8,8958,2018,0.0,32045.0,0.158722,1.394829,ZAF,ARG,843229
9208330,14,15,8958,2018,0.0,107843.0,-0.29687199999999997,-0.123116,AUS,AUT,843229
9208331,18,15,8958,2018,219288.0,502513.0,1.270641,1.201063,BEL,AUT,843229
9208332,23,15,8958,2018,0.0,546289.0,0.571226,1.836856,BGR,AUT,843229
9208333,26,15,8958,2018,3641.0,73503.0,0.526392,0.742398,BIH,AUT,843229
9208334,28,15,8958,2018,0.0,83189.0,0.850089,0.8332870000000001,BLR,AUT,843229
9208335,32,15,8958,2018,1089.0,35090.0,0.143397,0.582092,BRA,AUT,843229
9208336,39,15,8958,2018,721577.0,1862028.0,0.666822,1.218593,CAN,AUT,843229
9208337,41,15,8958,2018,64710.0,2012959.0,2.2324330000000003,0.7801560000000001,CHE,AUT,843229
9208338,42,15,8958,2018,0.0,3791.0,-0.37677,-0.49605299999999997,CHL,AUT,843229
9208339,43,15,8958,2018,253864.0,141823.0,1.200689,1.2822,CHN,AUT,843229
9208340,44,15,8958,2018,16609.0,0.0,-0.8733569999999999,-0.8443139999999999,CIV,AUT,843229
9208341,58,15,8958,2018,0.0,37431.0,0.45442,-0.113303,CYP,AUT,843229
9208342,59,15,8958,2018,10703734.0,1159396.0,1.841016,0.220806,CZE,AUT,843229
9208343,61,15,8958,2018,13303415.0,10707869.0,2.109059,-2.428826,DEU,AUT,843229
9208344,64,15,8958,2018,363706.0,464621.0,1.0945040000000001,1.3311540000000002,DNK,AUT,843229
9208345,67,15,8958,2018,0.0,40541.0,-0.873973,-1.032841,ECU,AUT,843229
9208346,71,15,8958,2018,22556.0,893067.0,0.744825,2.919005,ESP,AUT,843229
9208347,72,15,8958,2018,0.0,23581.0,0.979986,1.2365899999999999,EST,AUT,843229
9208348,74,15,8958,2018,14167.0,142899.0,1.61151,0.9474549999999999,FIN,AUT,843229
9208349,77,15,8958,2018,1114291.0,16403998.0,1.420819,0.7793770000000001,FRA,AUT,843229
9208350,81,15,8958,2018,61922.0,921504.0,1.693008,0.768159,GBR,AUT,843229
9208351,82,15,8958,2018,0.0,26307.0,-0.049871,-0.28439899999999996,GEO,AUT,843229
9208352,90,15,8958,2018,0.0,196291.0,0.059539999999999996,1.0321879999999999,GRC,AUT,843229
9208353,96,15,8958,2018,0.0,853.0,-0.841458,-0.9803280000000001,GUY,AUT,843229
9208354,97,15,8958,2018,0.0,1252.0,0.843677,1.656073,HKG,AUT,843229
9208355,100,15,8958,2018,41887.0,111087.0,0.7923720000000001,1.4047209999999999,HRV,AUT,843229
9208356,102,15,8958,2018,103063.0,1299980.0,1.519662,0.833092,HUN,AUT,843229
9208357,104,15,8958,2018,0.0,2348.0,0.526015,2.448112,IND,AUT,843229
9208358,106,15,8958,2018,0.0,98203.0,1.262419,0.013576,IRL,AUT,843229
9208359,108,15,8958,2018,0.0,11987.0,-1.7504400000000002,-1.018699,IRQ,AUT,843229
9208360,109,15,8958,2018,0.0,25470.0,0.252338,-0.341319,ISL,AUT,843229
9208361,110,15,8958,2018,0.0,6965.0,1.355071,0.872822,ISR,AUT,843229
9208362,111,15,8958,2018,4033562.0,1701425.0,1.3602530000000002,0.453607,ITA,AUT,843229
9208363,114,15,8958,2018,82515.0,11280.0,2.514533,-0.416074,JPN,AUT,843229
9208364,115,15,8958,2018,0.0,205598.0,-0.483862,-0.667417,KAZ,AUT,843229
9208365,116,15,8958,2018,0.0,12910.0,-0.32707800000000004,0.71009,KEN,AUT,843229
9208366,117,15,8958,2018,0.0,4637.0,-0.141491,0.33161,KGZ,AUT,843229
9208367,121,15,8958,2018,0.0,5988.0,2.093866,0.764303,KOR,AUT,843229
9208368,124,15,8958,2018,0.0,3260.0,0.270554,0.9995149999999999,LBN,AUT,843229
9208369,130,15,8958,2018,0.0,327731.0,0.964249,1.4050200000000002,LTU,AUT,843229
9208370,131,15,8958,2018,0.0,106668.0,1.1142889999999999,1.306066,LUX,AUT,843229
9208371,132,15,8958,2018,0.0,88338.0,0.707168,1.294297,LVA,AUT,843229
9208372,134,15,8958,2018,0.0,1099.0,-0.712775,-0.090013,MAR,AUT,843229
9208373,135,15,8958,2018,0.0,94766.0,-0.358412,-0.271334,MDA,AUT,843229
9208374,159,15,8958,2018,0.0,30998.0,-1.8238,-1.259938,NGA,AUT,843229
9208375,162,15,8958,2018,205918.0,424013.0,1.1478899999999999,1.454758,NLD,AUT,843229
9208376,163,15,8958,2018,3140.0,55357.0,0.681639,0.021762,NOR,AUT,843229
9208377,166,15,8958,2018,0.0,67836.0,0.21902600000000003,0.148714,NZL,AUT,843229
9208378,167,15,8958,2018,0.0,2167.0,-0.548048,-0.9972989999999999,OMN,AUT,843229
9208379,177,15,8958,2018,1882755.0,1134391.0,1.132475,1.258945,POL,AUT,843229
9208380,179,15,8958,2018,0.0,54897.0,0.652628,2.211758,PRT,AUT,843229
9208381,180,15,8958,2018,0.0,1567.0,-0.614751,-0.952478,PRY,AUT,843229
9208382,183,15,8958,2018,0.0,2753.0,-0.068401,-1.014732,QAT,AUT,843229
9208383,185,15,8958,2018,29523.0,1259690.0,1.050715,1.04471,ROU,AUT,843229
9208384,186,15,8958,2018,62317.0,1237418.0,0.21398000000000003,0.100414,RUS,AUT,843229
9208385,201,15,8958,2018,41353.0,14843.0,0.607486,1.2139389999999999,SRB,AUT,843229
9208386,206,15,8958,2018,38101.0,384473.0,1.3270979999999999,0.877684,SVK,AUT,843229
9208387,207,15,8958,2018,95574.0,512081.0,1.67428,0.7703800000000001,SVN,AUT,843229
9208388,208,15,8958,2018,171448.0,559178.0,1.76361,0.766904,SWE,AUT,843229
9208389,223,15,8958,2018,0.0,2257.0,0.259778,1.187194,TUN,AUT,843229
9208390,224,15,8958,2018,4872.0,0.0,0.518721,2.5581419999999997,TUR,AUT,843229
9208391,228,15,8958,2018,32389.0,794986.0,0.337296,0.758675,UKR,AUT,843229
9208392,231,15,8958,2018,66218.0,1763932.0,1.585861,0.44815900000000003,USA,AUT,843229
9208393,246,15,8958,2018,3836.0,17363.0,0.158722,1.394829,ZAF,AUT,843229
9208394,14,18,8958,2018,3427.0,11858.0,-0.29687199999999997,-0.123116,AUS,BEL,843229
9208395,15,18,8958,2018,502513.0,219288.0,1.774488,-0.21117800000000003,AUT,BEL,843229
9208396,17,18,8958,2018,0.0,4572.0,-0.654964,-0.9683229999999999,BDI,BEL,843229
9208397,23,18,8958,2018,0.0,58710.0,0.571226,1.836856,BGR,BEL,843229
9208398,32,18,8958,2018,126150.0,0.0,0.143397,0.582092,BRA,BEL,843229
9208399,39,18,8958,2018,57499.0,93739.0,0.666822,1.218593,CAN,BEL,843229
9208400,41,18,8958,2018,3807.0,45933.0,2.2324330000000003,0.7801560000000001,CHE,BEL,843229
9208401,43,18,8958,2018,2979515.0,10409.0,1.200689,1.2822,CHN,BEL,843229
9208402,45,18,8958,2018,0.0,1305.0,-1.366619,-1.09894,CMR,BEL,843229
9208403,46,18,8958,2018,0.0,12240.0,-1.743034,-1.20446,COD,BEL,843229
9208404,58,18,8958,2018,0.0,27604.0,0.45442,-0.113303,CYP,BEL,843229
9208405,59,18,8958,2018,232293.0,433155.0,1.841016,0.220806,CZE,BEL,843229
9208406,61,18,8958,2018,4988035.0,5991829.0,2.109059,-2.428826,DEU,BEL,843229
9208407,64,18,8958,2018,99937.0,36740.0,1.0945040000000001,1.3311540000000002,DNK,BEL,843229
9208408,66,18,8958,2018,0.0,7313.0,-1.281519,-1.22291,DZA,BEL,843229
9208409,68,18,8958,2018,0.0,1674.0,-0.096635,1.585658,EGY,BEL,843229
9208410,71,18,8958,2018,34166.0,271494.0,0.744825,2.919005,ESP,BEL,843229
9208411,72,18,8958,2018,0.0,57635.0,0.979986,1.2365899999999999,EST,BEL,843229
9208412,74,18,8958,2018,45660.0,73560.0,1.61151,0.9474549999999999,FIN,BEL,843229
9208413,77,18,8958,2018,3814292.0,9045387.0,1.420819,0.7793770000000001,FRA,BEL,843229
9208414,81,18,8958,2018,238019.0,969088.0,1.693008,0.768159,GBR,BEL,843229
9208415,82,18,8958,2018,0.0,3893.0,-0.049871,-0.28439899999999996,GEO,BEL,843229
9208416,83,18,8958,2018,0.0,3581.0,-0.956109,-0.861556,GHA,BEL,843229
9208417,87,18,8958,2018,0.0,6216.0,-0.85649,-0.761513,GMB,BEL,843229
9208418,90,18,8958,2018,18657.0,80422.0,0.059539999999999996,1.0321879999999999,GRC,BEL,843229
9208419,100,18,8958,2018,1096169.0,176387.0,0.7923720000000001,1.4047209999999999,HRV,BEL,843229
9208420,102,18,8958,2018,5176.0,132894.0,1.519662,0.833092,HUN,BEL,843229
9208421,104,18,8958,2018,3832.0,0.0,0.526015,2.448112,IND,BEL,843229
9208422,106,18,8958,2018,0.0,22087.0,1.262419,0.013576,IRL,BEL,843229
9208423,109,18,8958,2018,0.0,2958.0,0.252338,-0.341319,ISL,BEL,843229
9208424,111,18,8958,2018,4909010.0,866325.0,1.3602530000000002,0.453607,ITA,BEL,843229
9208425,114,18,8958,2018,2619138.0,208049.0,2.514533,-0.416074,JPN,BEL,843229
9208426,130,18,8958,2018,14023.0,15844.0,0.964249,1.4050200000000002,LTU,BEL,843229
9208427,131,18,8958,2018,76894.0,169664.0,1.1142889999999999,1.306066,LUX,BEL,843229
9208428,132,18,8958,2018,0.0,38995.0,0.707168,1.294297,LVA,BEL,843229
9208429,134,18,8958,2018,0.0,8248.0,-0.712775,-0.090013,MAR,BEL,843229
9208430,138,18,8958,2018,5123.0,0.0,1.00061,0.585759,MEX,BEL,843229
9208431,140,18,8958,2018,0.0,3675.0,0.079976,-0.20256,MKD,BEL,843229
9208432,144,18,8958,2018,0.0,4738.0,0.332495,0.124258,MNE,BEL,843229
9208433,162,18,8958,2018,3950098.0,3547138.0,1.1478899999999999,1.454758,NLD,BEL,843229
9208434,163,18,8958,2018,0.0,66358.0,0.681639,0.021762,NOR,BEL,843229
9208435,166,18,8958,2018,0.0,39446.0,0.21902600000000003,0.148714,NZL,BEL,843229
9208436,168,18,8958,2018,0.0,14030.0,-0.64348,0.665045,PAK,BEL,843229
9208437,177,18,8958,2018,1087325.0,311686.0,1.132475,1.258945,POL,BEL,843229
9208438,179,18,8958,2018,73156.0,184304.0,0.652628,2.211758,PRT,BEL,843229
9208439,185,18,8958,2018,189187.0,73505.0,1.050715,1.04471,ROU,BEL,843229
9208440,186,18,8958,2018,0.0,9614.0,0.21398000000000003,0.100414,RUS,BEL,843229
9208441,191,18,8958,2018,0.0,2856.0,-0.751378,-0.390573,SEN,BEL,843229
9208442,201,18,8958,2018,6321.0,27444.0,0.607486,1.2139389999999999,SRB,BEL,843229
9208443,206,18,8958,2018,0.0,32344.0,1.3270979999999999,0.877684,SVK,BEL,843229
9208444,207,18,8958,2018,0.0,137609.0,1.67428,0.7703800000000001,SVN,BEL,843229
9208445,208,18,8958,2018,2206.0,232128.0,1.76361,0.766904,SWE,BEL,843229
9208446,224,18,8958,2018,32749.0,15685.0,0.518721,2.5581419999999997,TUR,BEL,843229
9208447,228,18,8958,2018,0.0,5615.0,0.337296,0.758675,UKR,BEL,843229
9208448,231,18,8958,2018,1041342.0,15740.0,1.585861,0.44815900000000003,USA,BEL,843229
9208449,246,18,8958,2018,0.0,14169.0,0.158722,1.394829,ZAF,BEL,843229
9208450,9,23,8958,2018,0.0,10722.0,-0.330516,-0.604744,ARM,BGR,843229
9208451,14,23,8958,2018,0.0,35432.0,-0.29687199999999997,-0.123116,AUS,BGR,843229
9208452,15,23,8958,2018,546289.0,0.0,1.774488,-0.21117800000000003,AUT,BGR,843229
9208453,18,23,8958,2018,58710.0,0.0,1.270641,1.201063,BEL,BGR,843229
9208454,39,23,8958,2018,10182.0,0.0,0.666822,1.218593,CAN,BGR,843229
9208455,43,23,8958,2018,2704574.0,0.0,1.200689,1.2822,CHN,BGR,843229
9208456,59,23,8958,2018,1032273.0,17434.0,1.841016,0.220806,CZE,BGR,843229
9208457,61,23,8958,2018,2337032.0,54356.0,2.109059,-2.428826,DEU,BGR,843229
9208458,64,23,8958,2018,87659.0,21050.0,1.0945040000000001,1.3311540000000002,DNK,BGR,843229
9208459,71,23,8958,2018,231606.0,0.0,0.744825,2.919005,ESP,BGR,843229
9208460,74,23,8958,2018,124399.0,0.0,1.61151,0.9474549999999999,FIN,BGR,843229
9208461,77,23,8958,2018,719211.0,0.0,1.420819,0.7793770000000001,FRA,BGR,843229
9208462,81,23,8958,2018,92925.0,57841.0,1.693008,0.768159,GBR,BGR,843229
9208463,82,23,8958,2018,31631.0,7589.0,-0.049871,-0.28439899999999996,GEO,BGR,843229
9208464,90,23,8958,2018,314364.0,370630.0,0.059539999999999996,1.0321879999999999,GRC,BGR,843229
9208465,100,23,8958,2018,5958.0,58242.0,0.7923720000000001,1.4047209999999999,HRV,BGR,843229
9208466,102,23,8958,2018,29636.0,0.0,1.519662,0.833092,HUN,BGR,843229
9208467,104,23,8958,2018,3038.0,0.0,0.526015,2.448112,IND,BGR,843229
9208468,111,23,8958,2018,1276781.0,4800.0,1.3602530000000002,0.453607,ITA,BGR,843229
9208469,114,23,8958,2018,39358.0,0.0,2.514533,-0.416074,JPN,BGR,843229
9208470,121,23,8958,2018,86973.0,0.0,2.093866,0.764303,KOR,BGR,843229
9208471,135,23,8958,2018,1541.0,82617.0,-0.358412,-0.271334,MDA,BGR,843229
9208472,140,23,8958,2018,0.0,21884.0,0.079976,-0.20256,MKD,BGR,843229
9208473,162,23,8958,2018,111057.0,5045.0,1.1478899999999999,1.454758,NLD,BGR,843229
9208474,177,23,8958,2018,304326.0,0.0,1.132475,1.258945,POL,BGR,843229
9208475,179,23,8958,2018,6450.0,0.0,0.652628,2.211758,PRT,BGR,843229
9208476,185,23,8958,2018,1353179.0,7030672.0,1.050715,1.04471,ROU,BGR,843229
9208477,186,23,8958,2018,94916.0,10610.0,0.21398000000000003,0.100414,RUS,BGR,843229
9208478,201,23,8958,2018,115240.0,15248.0,0.607486,1.2139389999999999,SRB,BGR,843229
9208479,206,23,8958,2018,18245.0,0.0,1.3270979999999999,0.877684,SVK,BGR,843229
9208480,207,23,8958,2018,3742.0,0.0,1.67428,0.7703800000000001,SVN,BGR,843229
9208481,208,23,8958,2018,6358897.0,0.0,1.76361,0.766904,SWE,BGR,843229
9208482,224,23,8958,2018,1649407.0,0.0,0.518721,2.5581419999999997,TUR,BGR,843229
9208483,228,23,8958,2018,250466.0,130397.0,0.337296,0.758675,UKR,BGR,843229
9208484,231,23,8958,2018,194957.0,0.0,1.585861,0.44815900000000003,USA,BGR,843229
9208485,81,24,8958,2018,1661.0,0.0,1.693008,0.768159,GBR,BHR,843229
9208486,111,24,8958,2018,46737.0,0.0,1.3602530000000002,0.453607,ITA,BHR,843229
9208487,188,24,8958,2018,21495.0,0.0,0.5801810000000001,-0.447514,SAU,BHR,843229
9208488,2,32,8958,2018,0.0,22936.0,-1.489191,-1.213992,AGO,BRA,843229
9208489,8,32,8958,2018,1930.0,266748.0,-0.14316800000000002,0.14356,ARG,BRA,843229
9208490,14,32,8958,2018,0.0,25758.0,-0.29687199999999997,-0.123116,AUS,BRA,843229
9208491,15,32,8958,2018,35090.0,1089.0,1.774488,-0.21117800000000003,AUT,BRA,843229
9208492,18,32,8958,2018,0.0,126150.0,1.270641,1.201063,BEL,BRA,843229
9208493,31,32,8958,2018,0.0,290480.0,-1.153953,-1.070749,BOL,BRA,843229
9208494,33,32,8958,2018,0.0,10632.0,0.487166,-0.129388,BRB,BRA,843229
9208495,37,32,8958,2018,0.0,3286.0,-0.8339610000000001,-1.184307,BWA,BRA,843229
9208496,39,32,8958,2018,1681.0,56971.0,0.666822,1.218593,CAN,BRA,843229
9208497,42,32,8958,2018,0.0,16730.0,-0.37677,-0.49605299999999997,CHL,BRA,843229
9208498,43,32,8958,2018,4240779.0,0.0,1.200689,1.2822,CHN,BRA,843229
9208499,45,32,8958,2018,0.0,2303.0,-1.366619,-1.09894,CMR,BRA,843229
9208500,46,32,8958,2018,0.0,19650.0,-1.743034,-1.20446,COD,BRA,843229
9208501,49,32,8958,2018,0.0,83777.0,0.20431,-0.15273699999999998,COL,BRA,843229
9208502,52,32,8958,2018,0.0,47881.0,0.19386,0.05811,CRI,BRA,843229
9208503,61,32,8958,2018,14029.0,0.0,2.109059,-2.428826,DEU,BRA,843229
9208504,65,32,8958,2018,0.0,3854.0,-0.084258,0.474872,DOM,BRA,843229
9208505,67,32,8958,2018,0.0,37872.0,-0.873973,-1.032841,ECU,BRA,843229
9208506,71,32,8958,2018,2148.0,0.0,0.744825,2.919005,ESP,BRA,843229
9208507,73,32,8958,2018,0.0,10617.0,-0.874857,-0.464958,ETH,BRA,843229
9208508,77,32,8958,2018,0.0,149291.0,1.420819,0.7793770000000001,FRA,BRA,843229
9208509,81,32,8958,2018,1590.0,55065.0,1.693008,0.768159,GBR,BRA,843229
9208510,83,32,8958,2018,0.0,8035.0,-0.956109,-0.861556,GHA,BRA,843229
9208511,90,32,8958,2018,11140.0,0.0,0.059539999999999996,1.0321879999999999,GRC,BRA,843229
9208512,93,32,8958,2018,0.0,97050.0,-0.362668,0.520826,GTM,BRA,843229
9208513,96,32,8958,2018,0.0,17081.0,-0.841458,-0.9803280000000001,GUY,BRA,843229
9208514,99,32,8958,2018,5061.0,21875.0,-0.523738,-0.193198,HND,BRA,843229
9208515,111,32,8958,2018,15469.0,40430.0,1.3602530000000002,0.453607,ITA,BRA,843229
9208516,112,32,8958,2018,0.0,1832.0,-0.339328,-0.8756659999999999,JAM,BRA,843229
9208517,114,32,8958,2018,98602.0,0.0,2.514533,-0.416074,JPN,BRA,843229
9208518,116,32,8958,2018,0.0,3503.0,-0.32707800000000004,0.71009,KEN,BRA,843229
9208519,118,32,8958,2018,0.0,7517.0,-0.45740299999999995,-0.575966,KHM,BRA,843229
9208520,121,32,8958,2018,1657.0,0.0,2.093866,0.764303,KOR,BRA,843229
9208521,138,32,8958,2018,0.0,170256.0,1.00061,0.585759,MEX,BRA,843229
9208522,147,32,8958,2018,0.0,51714.0,-1.380023,-1.027817,MOZ,BRA,843229
9208523,152,32,8958,2018,0.0,7658.0,-0.7015979999999999,-0.9293680000000001,MWI,BRA,843229
9208524,159,32,8958,2018,0.0,55737.0,-1.8238,-1.259938,NGA,BRA,843229
9208525,160,32,8958,2018,0.0,97442.0,-0.887282,-0.827008,NIC,BRA,843229
9208526,162,32,8958,2018,52526.0,0.0,1.1478899999999999,1.454758,NLD,BRA,843229
9208527,169,32,8958,2018,0.0,11812.0,0.104326,-0.11611800000000001,PAN,BRA,843229
9208528,173,32,8958,2018,0.0,128426.0,-0.6673060000000001,-0.183315,PER,BRA,843229
9208529,179,32,8958,2018,0.0,1448.0,0.652628,2.211758,PRT,BRA,843229
9208530,180,32,8958,2018,9877.0,1254727.0,-0.614751,-0.952478,PRY,BRA,843229
9208531,197,32,8958,2018,0.0,93338.0,0.073928,0.22548600000000002,SLV,BRA,843229
9208532,201,32,8958,2018,0.0,2265.0,0.607486,1.2139389999999999,SRB,BRA,843229
9208533,216,32,8958,2018,0.0,778831.0,1.053177,1.4084969999999999,THA,BRA,843229
9208534,226,32,8958,2018,0.0,2106.0,-0.09850700000000001,1.145606,TZA,BRA,843229
9208535,227,32,8958,2018,0.0,5655.0,-0.621049,-0.061448,UGA,BRA,843229
9208536,228,32,8958,2018,0.0,1366.0,0.337296,0.758675,UKR,BRA,843229
9208537,230,32,8958,2018,0.0,30969.0,-0.02056,-0.38911,URY,BRA,843229
9208538,231,32,8958,2018,210213.0,179725.0,1.585861,0.44815900000000003,USA,BRA,843229
9208539,236,32,8958,2018,0.0,12818.0,-1.081138,-1.198717,VEN,BRA,843229
9208540,239,32,8958,2018,0.0,24210.0,0.003069,0.9169729999999999,VNM,BRA,843229
9208541,246,32,8958,2018,0.0,10497.0,0.158722,1.394829,ZAF,BRA,843229
9208542,247,32,8958,2018,0.0,13128.0,-0.736064,-0.93958,ZMB,BRA,843229
9208543,248,32,8958,2018,0.0,5811.0,-1.181524,-1.0648520000000001,ZWE,BRA,843229
9208544,32,33,8958,2018,10632.0,0.0,0.143397,0.582092,BRA,BRB,843229
9208545,43,33,8958,2018,1836.0,0.0,1.200689,1.2822,CHN,BRB,843229
9208546,138,33,8958,2018,1878.0,0.0,1.00061,0.585759,MEX,BRB,843229
9208547,231,33,8958,2018,6365.0,0.0,1.585861,0.44815900000000003,USA,BRB,843229
9208548,7,39,8958,2018,0.0,8231.0,0.11804400000000001,-0.326851,ARE,CAN,843229
9208549,8,39,8958,2018,0.0,61711.0,-0.14316800000000002,0.14356,ARG,CAN,843229
9208550,14,39,8958,2018,0.0,640357.0,-0.29687199999999997,-0.123116,AUS,CAN,843229
9208551,15,39,8958,2018,1862028.0,721577.0,1.774488,-0.21117800000000003,AUT,CAN,843229
9208552,18,39,8958,2018,93739.0,57499.0,1.270641,1.201063,BEL,CAN,843229
9208553,23,39,8958,2018,0.0,10182.0,0.571226,1.836856,BGR,CAN,843229
9208554,28,39,8958,2018,0.0,37925.0,0.850089,0.8332870000000001,BLR,CAN,843229
9208555,29,39,8958,2018,0.0,12657.0,-0.15867699999999998,-0.6393989999999999,BLZ,CAN,843229
9208556,31,39,8958,2018,0.0,2602.0,-1.153953,-1.070749,BOL,CAN,843229
9208557,32,39,8958,2018,56971.0,1681.0,0.143397,0.582092,BRA,CAN,843229
9208558,41,39,8958,2018,0.0,11953.0,2.2324330000000003,0.7801560000000001,CHE,CAN,843229
9208559,43,39,8958,2018,2677701.0,0.0,1.200689,1.2822,CHN,CAN,843229
9208560,59,39,8958,2018,897148.0,0.0,1.841016,0.220806,CZE,CAN,843229
9208561,61,39,8958,2018,4205492.0,21648.0,2.109059,-2.428826,DEU,CAN,843229
9208562,64,39,8958,2018,292430.0,108552.0,1.0945040000000001,1.3311540000000002,DNK,CAN,843229
9208563,71,39,8958,2018,12995.0,0.0,0.744825,2.919005,ESP,CAN,843229
9208564,72,39,8958,2018,0.0,4001.0,0.979986,1.2365899999999999,EST,CAN,843229
9208565,73,39,8958,2018,0.0,2176.0,-0.874857,-0.464958,ETH,CAN,843229
9208566,74,39,8958,2018,77629.0,0.0,1.61151,0.9474549999999999,FIN,CAN,843229
9208567,77,39,8958,2018,1692376.0,3775.0,1.420819,0.7793770000000001,FRA,CAN,843229
9208568,81,39,8958,2018,284113.0,22234.0,1.693008,0.768159,GBR,CAN,843229
9208569,90,39,8958,2018,0.0,1221.0,0.059539999999999996,1.0321879999999999,GRC,CAN,843229
9208570,93,39,8958,2018,0.0,7277.0,-0.362668,0.520826,GTM,CAN,843229
9208571,97,39,8958,2018,0.0,3050.0,0.843677,1.656073,HKG,CAN,843229
9208572,102,39,8958,2018,11633.0,0.0,1.519662,0.833092,HUN,CAN,843229
9208573,104,39,8958,2018,8290.0,0.0,0.526015,2.448112,IND,CAN,843229
9208574,106,39,8958,2018,0.0,18643.0,1.262419,0.013576,IRL,CAN,843229
9208575,111,39,8958,2018,1429098.0,4722.0,1.3602530000000002,0.453607,ITA,CAN,843229
9208576,114,39,8958,2018,22477.0,3390.0,2.514533,-0.416074,JPN,CAN,843229
9208577,115,39,8958,2018,0.0,186023.0,-0.483862,-0.667417,KAZ,CAN,843229
9208578,116,39,8958,2018,0.0,1106.0,-0.32707800000000004,0.71009,KEN,CAN,843229
9208579,118,39,8958,2018,0.0,37445.0,-0.45740299999999995,-0.575966,KHM,CAN,843229
9208580,121,39,8958,2018,52025.0,7217.0,2.093866,0.764303,KOR,CAN,843229
9208581,130,39,8958,2018,0.0,6963.0,0.964249,1.4050200000000002,LTU,CAN,843229
9208582,138,39,8958,2018,385573.0,88807.0,1.00061,0.585759,MEX,CAN,843229
9208583,147,39,8958,2018,0.0,2819.0,-1.380023,-1.027817,MOZ,CAN,843229
9208584,156,39,8958,2018,0.0,2155.0,-0.49370299999999995,-0.865432,NCL,CAN,843229
9208585,157,39,8958,2018,5492.0,0.0,-0.633115,-0.839564,NER,CAN,843229
9208586,162,39,8958,2018,832927.0,78612.0,1.1478899999999999,1.454758,NLD,CAN,843229
9208587,166,39,8958,2018,0.0,19092.0,0.21902600000000003,0.148714,NZL,CAN,843229
9208588,177,39,8958,2018,42283.0,15144.0,1.132475,1.258945,POL,CAN,843229
9208589,180,39,8958,2018,0.0,843.0,-0.614751,-0.952478,PRY,CAN,843229
9208590,183,39,8958,2018,0.0,29713.0,-0.068401,-1.014732,QAT,CAN,843229
9208591,186,39,8958,2018,0.0,392081.0,0.21398000000000003,0.100414,RUS,CAN,843229
9208592,188,39,8958,2018,0.0,16273.0,0.5801810000000001,-0.447514,SAU,CAN,843229
9208593,192,39,8958,2018,0.0,2581.0,1.914132,0.652011,SGP,CAN,843229
9208594,206,39,8958,2018,0.0,35491.0,1.3270979999999999,0.877684,SVK,CAN,843229
9208595,207,39,8958,2018,0.0,5947.0,1.67428,0.7703800000000001,SVN,CAN,843229
9208596,208,39,8958,2018,1511493.0,0.0,1.76361,0.766904,SWE,CAN,843229
9208597,216,39,8958,2018,0.0,6513.0,1.053177,1.4084969999999999,THA,CAN,843229
9208598,224,39,8958,2018,24992.0,42998.0,0.518721,2.5581419999999997,TUR,CAN,843229
9208599,226,39,8958,2018,0.0,4632.0,-0.09850700000000001,1.145606,TZA,CAN,843229
9208600,228,39,8958,2018,27205.0,369364.0,0.337296,0.758675,UKR,CAN,843229
9208601,231,39,8958,2018,34541300.0,15822414.0,1.585861,0.44815900000000003,USA,CAN,843229
9208602,239,39,8958,2018,4050.0,0.0,0.003069,0.9169729999999999,VNM,CAN,843229
9208603,246,39,8958,2018,0.0,346221.0,0.158722,1.394829,ZAF,CAN,843229
9208604,249,39,8958,2018,10893.0,0.0,2.0462540000000002,1.166636,TWN,CAN,843229
9208605,250,39,8958,2018,56156.0,0.0,0.809991,-0.368737,ANS,CAN,843229
9208606,15,41,8958,2018,2012959.0,64710.0,1.774488,-0.21117800000000003,AUT,CHE,843229
9208607,18,41,8958,2018,45933.0,3807.0,1.270641,1.201063,BEL,CHE,843229
9208608,26,41,8958,2018,11368.0,3354.0,0.526392,0.742398,BIH,CHE,843229
9208609,39,41,8958,2018,11953.0,0.0,0.666822,1.218593,CAN,CHE,843229
9208610,43,41,8958,2018,475665.0,0.0,1.200689,1.2822,CHN,CHE,843229
9208611,59,41,8958,2018,64909.0,0.0,1.841016,0.220806,CZE,CHE,843229
9208612,61,41,8958,2018,6239606.0,167449.0,2.109059,-2.428826,DEU,CHE,843229
9208613,64,41,8958,2018,662754.0,7756.0,1.0945040000000001,1.3311540000000002,DNK,CHE,843229
9208614,71,41,8958,2018,138035.0,7311.0,0.744825,2.919005,ESP,CHE,843229
9208615,74,41,8958,2018,32914.0,0.0,1.61151,0.9474549999999999,FIN,CHE,843229
9208616,77,41,8958,2018,2541094.0,74897.0,1.420819,0.7793770000000001,FRA,CHE,843229
9208617,81,41,8958,2018,14785.0,1360.0,1.693008,0.768159,GBR,CHE,843229
9208618,97,41,8958,2018,3570.0,0.0,0.843677,1.656073,HKG,CHE,843229
9208619,102,41,8958,2018,188171.0,0.0,1.519662,0.833092,HUN,CHE,843229
9208620,111,41,8958,2018,3161017.0,4063.0,1.3602530000000002,0.453607,ITA,CHE,843229
9208621,114,41,8958,2018,227010.0,0.0,2.514533,-0.416074,JPN,CHE,843229
9208622,115,41,8958,2018,0.0,1594.0,-0.483862,-0.667417,KAZ,CHE,843229
9208623,131,41,8958,2018,0.0,1679.0,1.1142889999999999,1.306066,LUX,CHE,843229
9208624,136,41,8958,2018,0.0,573.0,-1.2144549999999998,-0.748326,MDG,CHE,843229
9208625,138,41,8958,2018,2275.0,0.0,1.00061,0.585759,MEX,CHE,843229
9208626,140,41,8958,2018,0.0,1262.0,0.079976,-0.20256,MKD,CHE,843229
9208627,153,41,8958,2018,0.0,5070.0,1.122976,0.734109,MYS,CHE,843229
9208628,159,41,8958,2018,0.0,7466.0,-1.8238,-1.259938,NGA,CHE,843229
9208629,162,41,8958,2018,473038.0,9576.0,1.1478899999999999,1.454758,NLD,CHE,843229
9208630,163,41,8958,2018,97094.0,0.0,0.681639,0.021762,NOR,CHE,843229
9208631,166,41,8958,2018,9027.0,0.0,0.21902600000000003,0.148714,NZL,CHE,843229
9208632,177,41,8958,2018,646404.0,3508.0,1.132475,1.258945,POL,CHE,843229
9208633,185,41,8958,2018,0.0,1501.0,1.050715,1.04471,ROU,CHE,843229
9208634,192,41,8958,2018,2758.0,0.0,1.914132,0.652011,SGP,CHE,843229
9208635,201,41,8958,2018,1922.0,26958.0,0.607486,1.2139389999999999,SRB,CHE,843229
9208636,207,41,8958,2018,20659.0,0.0,1.67428,0.7703800000000001,SVN,CHE,843229
9208637,208,41,8958,2018,141236.0,0.0,1.76361,0.766904,SWE,CHE,843229
9208638,224,41,8958,2018,26718.0,0.0,0.518721,2.5581419999999997,TUR,CHE,843229
9208639,228,41,8958,2018,12622.0,1168.0,0.337296,0.758675,UKR,CHE,843229
9208640,231,41,8958,2018,98807.0,0.0,1.585861,0.44815900000000003,USA,CHE,843229
9208641,248,41,8958,2018,0.0,20956.0,-1.181524,-1.0648520000000001,ZWE,CHE,843229
9208642,8,42,8958,2018,8603.0,0.0,-0.14316800000000002,0.14356,ARG,CHL,843229
9208643,15,42,8958,2018,3791.0,0.0,1.774488,-0.21117800000000003,AUT,CHL,843229
9208644,31,42,8958,2018,0.0,15538.0,-1.153953,-1.070749,BOL,CHL,843229
9208645,32,42,8958,2018,16730.0,0.0,0.143397,0.582092,BRA,CHL,843229
9208646,43,42,8958,2018,1530320.0,0.0,1.200689,1.2822,CHN,CHL,843229
9208647,61,42,8958,2018,262002.0,0.0,2.109059,-2.428826,DEU,CHL,843229
9208648,64,42,8958,2018,147242.0,0.0,1.0945040000000001,1.3311540000000002,DNK,CHL,843229
9208649,71,42,8958,2018,260281.0,0.0,0.744825,2.919005,ESP,CHL,843229
9208650,74,42,8958,2018,307942.0,0.0,1.61151,0.9474549999999999,FIN,CHL,843229
9208651,77,42,8958,2018,238459.0,0.0,1.420819,0.7793770000000001,FRA,CHL,843229
9208652,81,42,8958,2018,127266.0,0.0,1.693008,0.768159,GBR,CHL,843229
9208653,102,42,8958,2018,20692.0,0.0,1.519662,0.833092,HUN,CHL,843229
9208654,106,42,8958,2018,26147.0,0.0,1.262419,0.013576,IRL,CHL,843229
9208655,111,42,8958,2018,1046099.0,0.0,1.3602530000000002,0.453607,ITA,CHL,843229
9208656,114,42,8958,2018,88041.0,0.0,2.514533,-0.416074,JPN,CHL,843229
9208657,121,42,8958,2018,64894.0,0.0,2.093866,0.764303,KOR,CHL,843229
9208658,162,42,8958,2018,93931.0,0.0,1.1478899999999999,1.454758,NLD,CHL,843229
9208659,173,42,8958,2018,2901.0,0.0,-0.6673060000000001,-0.183315,PER,CHL,843229
9208660,177,42,8958,2018,43614.0,0.0,1.132475,1.258945,POL,CHL,843229
9208661,179,42,8958,2018,19762.0,0.0,0.652628,2.211758,PRT,CHL,843229
9208662,185,42,8958,2018,118954.0,0.0,1.050715,1.04471,ROU,CHL,843229
9208663,208,42,8958,2018,80568.0,0.0,1.76361,0.766904,SWE,CHL,843229
9208664,224,42,8958,2018,210939.0,0.0,0.518721,2.5581419999999997,TUR,CHL,843229
9208665,231,42,8958,2018,747492.0,0.0,1.585861,0.44815900000000003,USA,CHL,843229
9208666,250,42,8958,2018,139003.0,0.0,0.809991,-0.368737,ANS,CHL,843229
9208667,1,43,8958,2018,0.0,30973.0,-1.267508,-0.8494940000000001,AFG,CHN,843229
9208668,2,43,8958,2018,0.0,60310.0,-1.489191,-1.213992,AGO,CHN,843229
9208669,4,43,8958,2018,0.0,1177854.0,-0.456481,-0.139655,ALB,CHN,843229
9208670,7,43,8958,2018,0.0,1671131.0,0.11804400000000001,-0.326851,ARE,CHN,843229
9208671,8,43,8958,2018,0.0,174070.0,-0.14316800000000002,0.14356,ARG,CHN,843229
9208672,9,43,8958,2018,0.0,201907.0,-0.330516,-0.604744,ARM,CHN,843229
9208673,13,43,8958,2018,0.0,5360.0,0.08520499999999999,-0.630757,ATG,CHN,843229
9208674,14,43,8958,2018,8566.0,1403883.0,-0.29687199999999997,-0.123116,AUS,CHN,843229
9208675,15,43,8958,2018,141823.0,253864.0,1.774488,-0.21117800000000003,AUT,CHN,843229
9208676,16,43,8958,2018,0.0,92228.0,-1.144089,-1.224327,AZE,CHN,843229
9208677,17,43,8958,2018,0.0,1458.0,-0.654964,-0.9683229999999999,BDI,CHN,843229
9208678,18,43,8958,2018,10409.0,2979515.0,1.270641,1.201063,BEL,CHN,843229
9208679,19,43,8958,2018,0.0,6913.0,-0.646475,-0.769808,BEN,CHN,843229
9208680,21,43,8958,2018,0.0,5872.0,-0.8835200000000001,-0.9790620000000001,BFA,CHN,843229
9208681,22,43,8958,2018,0.0,562050.0,-0.899467,-0.9823719999999999,BGD,CHN,843229
9208682,23,43,8958,2018,0.0,2704574.0,0.571226,1.836856,BGR,CHN,843229
9208683,26,43,8958,2018,0.0,54063.0,0.526392,0.742398,BIH,CHN,843229
9208684,28,43,8958,2018,0.0,2327823.0,0.850089,0.8332870000000001,BLR,CHN,843229
9208685,29,43,8958,2018,0.0,1795.0,-0.15867699999999998,-0.6393989999999999,BLZ,CHN,843229
9208686,31,43,8958,2018,0.0,70031.0,-1.153953,-1.070749,BOL,CHN,843229
9208687,32,43,8958,2018,0.0,4240779.0,0.143397,0.582092,BRA,CHN,843229
9208688,33,43,8958,2018,0.0,1836.0,0.487166,-0.129388,BRB,CHN,843229
9208689,37,43,8958,2018,0.0,3518.0,-0.8339610000000001,-1.184307,BWA,CHN,843229
9208690,39,43,8958,2018,0.0,2677701.0,0.666822,1.218593,CAN,CHN,843229
9208691,41,43,8958,2018,0.0,475665.0,2.2324330000000003,0.7801560000000001,CHE,CHN,843229
9208692,42,43,8958,2018,0.0,1530320.0,-0.37677,-0.49605299999999997,CHL,CHN,843229
9208693,44,43,8958,2018,0.0,35906.0,-0.8733569999999999,-0.8443139999999999,CIV,CHN,843229
9208694,45,43,8958,2018,0.0,20707.0,-1.366619,-1.09894,CMR,CHN,843229
9208695,46,43,8958,2018,0.0,9408.0,-1.743034,-1.20446,COD,CHN,843229
9208696,47,43,8958,2018,0.0,70495.0,-1.52875,-1.1869100000000001,COG,CHN,843229
9208697,49,43,8958,2018,0.0,666724.0,0.20431,-0.15273699999999998,COL,CHN,843229
9208698,52,43,8958,2018,0.0,39865.0,0.19386,0.05811,CRI,CHN,843229
9208699,54,43,8958,2018,0.0,10539.0,-0.8835629999999999,-1.15678,CUB,CHN,843229
9208700,58,43,8958,2018,0.0,23826.0,0.45442,-0.113303,CYP,CHN,843229
9208701,59,43,8958,2018,44153.0,1577874.0,1.841016,0.220806,CZE,CHN,843229
9208702,61,43,8958,2018,1631277.0,19503818.0,2.109059,-2.428826,DEU,CHN,843229
9208703,62,43,8958,2018,0.0,1000.0,-0.11008599999999999,-0.603731,DJI,CHN,843229
9208704,63,43,8958,2018,0.0,17827.0,0.381788,0.039853,DMA,CHN,843229
9208705,64,43,8958,2018,244234.0,1687270.0,1.0945040000000001,1.3311540000000002,DNK,CHN,843229
9208706,65,43,8958,2018,0.0,45050.0,-0.084258,0.474872,DOM,CHN,843229
9208707,66,43,8958,2018,0.0,166227.0,-1.281519,-1.22291,DZA,CHN,843229
9208708,67,43,8958,2018,0.0,199009.0,-0.873973,-1.032841,ECU,CHN,843229
9208709,68,43,8958,2018,0.0,1402444.0,-0.096635,1.585658,EGY,CHN,843229
9208710,71,43,8958,2018,203149.0,6572252.0,0.744825,2.919005,ESP,CHN,843229
9208711,72,43,8958,2018,0.0,93523.0,0.979986,1.2365899999999999,EST,CHN,843229
9208712,73,43,8958,2018,0.0,11962.0,-0.874857,-0.464958,ETH,CHN,843229
9208713,74,43,8958,2018,0.0,1126952.0,1.61151,0.9474549999999999,FIN,CHN,843229
9208714,75,43,8958,2018,0.0,63250.0,-0.269185,0.006362,FJI,CHN,843229
9208715,77,43,8958,2018,596300.0,6009106.0,1.420819,0.7793770000000001,FRA,CHN,843229
9208716,81,43,8958,2018,128941.0,4501494.0,1.693008,0.768159,GBR,CHN,843229
9208717,82,43,8958,2018,0.0,3069701.0,-0.049871,-0.28439899999999996,GEO,CHN,843229
9208718,83,43,8958,2018,0.0,32844.0,-0.956109,-0.861556,GHA,CHN,843229
9208719,85,43,8958,2018,0.0,97876.0,-1.036697,-1.1562860000000001,GIN,CHN,843229
9208720,87,43,8958,2018,0.0,5693.0,-0.85649,-0.761513,GMB,CHN,843229
9208721,88,43,8958,2018,0.0,127107.0,-2.260375,-1.038929,GNB,CHN,843229
9208722,90,43,8958,2018,0.0,2286009.0,0.059539999999999996,1.0321879999999999,GRC,CHN,843229
9208723,91,43,8958,2018,0.0,775.0,0.28333800000000003,-0.40042,GRD,CHN,843229
9208724,93,43,8958,2018,0.0,3422.0,-0.362668,0.520826,GTM,CHN,843229
9208725,96,43,8958,2018,0.0,60732.0,-0.841458,-0.9803280000000001,GUY,CHN,843229
9208726,97,43,8958,2018,12952.0,17377.0,0.843677,1.656073,HKG,CHN,843229
9208727,99,43,8958,2018,0.0,6428.0,-0.523738,-0.193198,HND,CHN,843229
9208728,100,43,8958,2018,0.0,800967.0,0.7923720000000001,1.4047209999999999,HRV,CHN,843229
9208729,101,43,8958,2018,0.0,43530.0,-0.914545,-0.890601,HTI,CHN,843229
9208730,102,43,8958,2018,0.0,290483.0,1.519662,0.833092,HUN,CHN,843229
9208731,103,43,8958,2018,0.0,5078382.0,-0.10130499999999999,1.2414209999999999,IDN,CHN,843229
9208732,104,43,8958,2018,10123.0,18161148.0,0.526015,2.448112,IND,CHN,843229
9208733,106,43,8958,2018,1604.0,48291.0,1.262419,0.013576,IRL,CHN,843229
9208734,107,43,8958,2018,0.0,7954971.0,-0.389954,-0.258156,IRN,CHN,843229
9208735,108,43,8958,2018,0.0,683460.0,-1.7504400000000002,-1.018699,IRQ,CHN,843229
9208736,109,43,8958,2018,0.0,17988.0,0.252338,-0.341319,ISL,CHN,843229
9208737,110,43,8958,2018,0.0,67310.0,1.355071,0.872822,ISR,CHN,843229
9208738,111,43,8958,2018,653320.0,9297860.0,1.3602530000000002,0.453607,ITA,CHN,843229
9208739,112,43,8958,2018,0.0,3809.0,-0.339328,-0.8756659999999999,JAM,CHN,843229
9208740,113,43,8958,2018,0.0,111584.0,-0.086895,0.283829,JOR,CHN,843229
9208741,114,43,8958,2018,93276.0,2217515.0,2.514533,-0.416074,JPN,CHN,843229
9208742,115,43,8958,2018,0.0,1397069.0,-0.483862,-0.667417,KAZ,CHN,843229
9208743,116,43,8958,2018,0.0,411126.0,-0.32707800000000004,0.71009,KEN,CHN,843229
9208744,117,43,8958,2018,0.0,344936.0,-0.141491,0.33161,KGZ,CHN,843229
9208745,118,43,8958,2018,0.0,152202.0,-0.45740299999999995,-0.575966,KHM,CHN,843229
9208746,121,43,8958,2018,30193.0,2297096.0,2.093866,0.764303,KOR,CHN,843229
9208747,122,43,8958,2018,0.0,38386.0,-0.668802,-1.154012,KWT,CHN,843229
9208748,123,43,8958,2018,0.0,14700.0,-0.788808,-0.8012670000000001,LAO,CHN,843229
9208749,124,43,8958,2018,0.0,969277.0,0.270554,0.9995149999999999,LBN,CHN,843229
9208750,125,43,8958,2018,0.0,13671.0,-1.022881,-1.124718,LBR,CHN,843229
9208751,126,43,8958,2018,0.0,3158.0,-1.608786,-1.231101,LBY,CHN,843229
9208752,128,43,8958,2018,0.0,575515.0,-0.544504,0.41074099999999997,LKA,CHN,843229
9208753,129,43,8958,2018,0.0,4172.0,-0.413303,-0.46411899999999995,LSO,CHN,843229
9208754,130,43,8958,2018,0.0,3848694.0,0.964249,1.4050200000000002,LTU,CHN,843229
9208755,131,43,8958,2018,0.0,15328.0,1.1142889999999999,1.306066,LUX,CHN,843229
9208756,132,43,8958,2018,0.0,281112.0,0.707168,1.294297,LVA,CHN,843229
9208757,133,43,8958,2018,0.0,3993.0,0.44520299999999996,0.042491,MAC,CHN,843229
9208758,134,43,8958,2018,0.0,3620.0,-0.712775,-0.090013,MAR,CHN,843229
9208759,135,43,8958,2018,0.0,384732.0,-0.358412,-0.271334,MDA,CHN,843229
9208760,136,43,8958,2018,0.0,70430.0,-1.2144549999999998,-0.748326,MDG,CHN,843229
9208761,137,43,8958,2018,0.0,4078.0,-0.577527,-0.952098,MDV,CHN,843229
9208762,138,43,8958,2018,0.0,594112.0,1.00061,0.585759,MEX,CHN,843229
9208763,140,43,8958,2018,0.0,32018.0,0.079976,-0.20256,MKD,CHN,843229
9208764,141,43,8958,2018,0.0,5143.0,-0.49666499999999997,-0.7189909999999999,MLI,CHN,843229
9208765,142,43,8958,2018,0.0,114511.0,0.9621219999999999,0.257289,MLT,CHN,843229
9208766,143,43,8958,2018,0.0,1273931.0,-0.936467,-0.223413,MMR,CHN,843229
9208767,144,43,8958,2018,0.0,44607.0,0.332495,0.124258,MNE,CHN,843229
9208768,145,43,8958,2018,0.0,2803.0,-0.934398,-1.125105,MNG,CHN,843229
9208769,147,43,8958,2018,0.0,45129.0,-1.380023,-1.027817,MOZ,CHN,843229
9208770,151,43,8958,2018,0.0,55705.0,-0.128221,0.15049400000000002,MUS,CHN,843229
9208771,152,43,8958,2018,0.0,2671.0,-0.7015979999999999,-0.9293680000000001,MWI,CHN,843229
9208772,153,43,8958,2018,0.0,1238850.0,1.122976,0.734109,MYS,CHN,843229
9208773,155,43,8958,2018,0.0,2563.0,-0.668091,-0.779938,NAM,CHN,843229
9208774,156,43,8958,2018,0.0,43044.0,-0.49370299999999995,-0.865432,NCL,CHN,843229
9208775,159,43,8958,2018,0.0,487440.0,-1.8238,-1.259938,NGA,CHN,843229
9208776,160,43,8958,2018,0.0,3496.0,-0.887282,-0.827008,NIC,CHN,843229
9208777,162,43,8958,2018,165672.0,7493448.0,1.1478899999999999,1.454758,NLD,CHN,843229
9208778,163,43,8958,2018,0.0,120983.0,0.681639,0.021762,NOR,CHN,843229
9208779,164,43,8958,2018,0.0,445371.0,-0.252837,0.999258,NPL,CHN,843229
9208780,166,43,8958,2018,0.0,248764.0,0.21902600000000003,0.148714,NZL,CHN,843229
9208781,167,43,8958,2018,0.0,245052.0,-0.548048,-0.9972989999999999,OMN,CHN,843229
9208782,168,43,8958,2018,0.0,2819980.0,-0.64348,0.665045,PAK,CHN,843229
9208783,169,43,8958,2018,0.0,36179.0,0.104326,-0.11611800000000001,PAN,CHN,843229
9208784,173,43,8958,2018,0.0,281593.0,-0.6673060000000001,-0.183315,PER,CHN,843229
9208785,174,43,8958,2018,0.0,2343707.0,0.781409,0.22126700000000002,PHL,CHN,843229
9208786,175,43,8958,2018,0.0,984.0,0.07495,-0.8339719999999999,PLW,CHN,843229
9208787,176,43,8958,2018,0.0,8305.0,-1.7580360000000002,-1.239492,PNG,CHN,843229
9208788,177,43,8958,2018,217279.0,5056444.0,1.132475,1.258945,POL,CHN,843229
9208789,179,43,8958,2018,0.0,2152347.0,0.652628,2.211758,PRT,CHN,843229
9208790,180,43,8958,2018,0.0,19021.0,-0.614751,-0.952478,PRY,CHN,843229
9208791,181,43,8958,2018,0.0,6479.0,0.096402,0.735946,PSE,CHN,843229
9208792,182,43,8958,2018,0.0,7970.0,0.21430300000000002,-0.484076,PYF,CHN,843229
9208793,183,43,8958,2018,0.0,911.0,-0.068401,-1.014732,QAT,CHN,843229
9208794,185,43,8958,2018,201833.0,13010404.0,1.050715,1.04471,ROU,CHN,843229
9208795,186,43,8958,2018,4600.0,50274692.0,0.21398000000000003,0.100414,RUS,CHN,843229
9208796,187,43,8958,2018,0.0,5465.0,-0.618925,-0.788172,RWA,CHN,843229
9208797,188,43,8958,2018,0.0,140602.0,0.5801810000000001,-0.447514,SAU,CHN,843229
9208798,190,43,8958,2018,0.0,7379.0,-1.278532,-1.176008,SDN,CHN,843229
9208799,191,43,8958,2018,0.0,62465.0,-0.751378,-0.390573,SEN,CHN,843229
9208800,192,43,8958,2018,0.0,256597.0,1.914132,0.652011,SGP,CHN,843229
9208801,195,43,8958,2018,0.0,984.0,-1.246494,-0.998495,SLB,CHN,843229
9208802,196,43,8958,2018,0.0,9845.0,-0.06932999999999999,-0.36035300000000003,SLE,CHN,843229
9208803,197,43,8958,2018,0.0,1964.0,0.073928,0.22548600000000002,SLV,CHN,843229
9208804,199,43,8958,2018,0.0,1697.0,-1.4787370000000002,-1.050578,SOM,CHN,843229
9208805,201,43,8958,2018,0.0,116636.0,0.607486,1.2139389999999999,SRB,CHN,843229
9208806,202,43,8958,2018,0.0,6715.0,-2.431595,-1.0499290000000001,SSD,CHN,843229
9208807,203,43,8958,2018,0.0,982.0,1.426999,-0.039189999999999996,STP,CHN,843229
9208808,205,43,8958,2018,0.0,18979.0,-0.798074,-1.023046,SUR,CHN,843229
9208809,206,43,8958,2018,0.0,22896.0,1.3270979999999999,0.877684,SVK,CHN,843229
9208810,207,43,8958,2018,0.0,806084.0,1.67428,0.7703800000000001,SVN,CHN,843229
9208811,208,43,8958,2018,0.0,534308.0,1.76361,0.766904,SWE,CHN,843229
9208812,211,43,8958,2018,0.0,1030.0,0.187352,-0.693013,SYC,CHN,843229
9208813,212,43,8958,2018,0.0,1115123.0,-0.6836760000000001,0.554563,SYR,CHN,843229
9208814,215,43,8958,2018,0.0,30850.0,-0.685084,-0.773437,TGO,CHN,843229
9208815,216,43,8958,2018,1924.0,1921964.0,1.053177,1.4084969999999999,THA,CHN,843229
9208816,217,43,8958,2018,0.0,223318.0,-0.757793,-1.0641209999999999,TJK,CHN,843229
9208817,219,43,8958,2018,0.0,2884.0,-1.0081209999999998,-1.190796,TKM,CHN,843229
9208818,220,43,8958,2018,0.0,2026.0,-0.595688,-0.8907370000000001,TLS,CHN,843229
9208819,221,43,8958,2018,0.0,5270.0,0.087991,-0.5723060000000001,TON,CHN,843229
9208820,222,43,8958,2018,0.0,13121.0,-0.281617,-1.009652,TTO,CHN,843229
9208821,223,43,8958,2018,0.0,54208.0,0.259778,1.187194,TUN,CHN,843229
9208822,224,43,8958,2018,122808.0,2137115.0,0.518721,2.5581419999999997,TUR,CHN,843229
9208823,226,43,8958,2018,0.0,157677.0,-0.09850700000000001,1.145606,TZA,CHN,843229
9208824,227,43,8958,2018,0.0,7842.0,-0.621049,-0.061448,UGA,CHN,843229
9208825,228,43,8958,2018,0.0,15080396.0,0.337296,0.758675,UKR,CHN,843229
9208826,230,43,8958,2018,0.0,50279.0,-0.02056,-0.38911,URY,CHN,843229
9208827,231,43,8958,2018,284470.0,48229772.0,1.585861,0.44815900000000003,USA,CHN,843229
9208828,232,43,8958,2018,0.0,1581564.0,-0.591547,-0.429982,UZB,CHN,843229
9208829,234,43,8958,2018,0.0,1621.0,-0.274831,-0.603525,VCT,CHN,843229
9208830,239,43,8958,2018,2544.0,17353578.0,0.003069,0.9169729999999999,VNM,CHN,843229
9208831,240,43,8958,2018,0.0,13329.0,-1.595495,-1.026155,VUT,CHN,843229
9208832,243,43,8958,2018,0.0,650681.0,-1.3332899999999999,-1.200589,YEM,CHN,843229
9208833,246,43,8958,2018,0.0,288419.0,0.158722,1.394829,ZAF,CHN,843229
9208834,247,43,8958,2018,0.0,220705.0,-0.736064,-0.93958,ZMB,CHN,843229
9208835,248,43,8958,2018,0.0,40729.0,-1.181524,-1.0648520000000001,ZWE,CHN,843229
9208836,249,43,8958,2018,240838.0,297439.0,2.0462540000000002,1.166636,TWN,CHN,843229
9208837,8,49,8958,2018,2280.0,0.0,-0.14316800000000002,0.14356,ARG,COL,843229
9208838,32,49,8958,2018,83777.0,0.0,0.143397,0.582092,BRA,COL,843229
9208839,43,49,8958,2018,666724.0,0.0,1.200689,1.2822,CHN,COL,843229
9208840,61,49,8958,2018,12815.0,0.0,2.109059,-2.428826,DEU,COL,843229
9208841,65,49,8958,2018,0.0,51296.0,-0.084258,0.474872,DOM,COL,843229
9208842,71,49,8958,2018,28310.0,0.0,0.744825,2.919005,ESP,COL,843229
9208843,93,49,8958,2018,0.0,40529.0,-0.362668,0.520826,GTM,COL,843229
9208844,104,49,8958,2018,26663.0,0.0,0.526015,2.448112,IND,COL,843229
9208845,111,49,8958,2018,324620.0,0.0,1.3602530000000002,0.453607,ITA,COL,843229
9208846,138,49,8958,2018,12459.0,0.0,1.00061,0.585759,MEX,COL,843229
9208847,160,49,8958,2018,0.0,18472.0,-0.887282,-0.827008,NIC,COL,843229
9208848,162,49,8958,2018,39868.0,0.0,1.1478899999999999,1.454758,NLD,COL,843229
9208849,231,49,8958,2018,94618.0,0.0,1.585861,0.44815900000000003,USA,COL,843229
9208850,32,52,8958,2018,47881.0,0.0,0.143397,0.582092,BRA,CRI,843229
9208851,43,52,8958,2018,39865.0,0.0,1.200689,1.2822,CHN,CRI,843229
9208852,71,52,8958,2018,12685.0,0.0,0.744825,2.919005,ESP,CRI,843229
9208853,77,52,8958,2018,31046.0,0.0,1.420819,0.7793770000000001,FRA,CRI,843229
9208854,81,52,8958,2018,10938.0,0.0,1.693008,0.768159,GBR,CRI,843229
9208855,93,52,8958,2018,0.0,1671.0,-0.362668,0.520826,GTM,CRI,843229
9208856,99,52,8958,2018,0.0,3668.0,-0.523738,-0.193198,HND,CRI,843229
9208857,104,52,8958,2018,2641.0,0.0,0.526015,2.448112,IND,CRI,843229
9208858,111,52,8958,2018,198388.0,0.0,1.3602530000000002,0.453607,ITA,CRI,843229
9208859,121,52,8958,2018,5565.0,0.0,2.093866,0.764303,KOR,CRI,843229
9208860,138,52,8958,2018,3296.0,0.0,1.00061,0.585759,MEX,CRI,843229
9208861,160,52,8958,2018,0.0,6333.0,-0.887282,-0.827008,NIC,CRI,843229
9208862,162,52,8958,2018,17501.0,968.0,1.1478899999999999,1.454758,NLD,CRI,843229
9208863,169,52,8958,2018,5201.0,0.0,0.104326,-0.11611800000000001,PAN,CRI,843229
9208864,197,52,8958,2018,0.0,2898.0,0.073928,0.22548600000000002,SLV,CRI,843229
9208865,231,52,8958,2018,50121.0,451507.0,1.585861,0.44815900000000003,USA,CRI,843229
9208866,236,52,8958,2018,0.0,101353.0,-1.081138,-1.198717,VEN,CRI,843229
9208867,81,55,8958,2018,158770.0,0.0,1.693008,0.768159,GBR,CUW,843229
9208868,162,55,8958,2018,8942.0,0.0,1.1478899999999999,1.454758,NLD,CUW,843229
9208869,231,55,8958,2018,3963.0,0.0,1.585861,0.44815900000000003,USA,CUW,843229
9208870,15,58,8958,2018,37431.0,0.0,1.774488,-0.21117800000000003,AUT,CYP,843229
9208871,18,58,8958,2018,27604.0,0.0,1.270641,1.201063,BEL,CYP,843229
9208872,43,58,8958,2018,23826.0,0.0,1.200689,1.2822,CHN,CYP,843229
9208873,61,58,8958,2018,22662.0,0.0,2.109059,-2.428826,DEU,CYP,843229
9208874,81,58,8958,2018,103301.0,0.0,1.693008,0.768159,GBR,CYP,843229
9208875,90,58,8958,2018,67278.0,7995.0,0.059539999999999996,1.0321879999999999,GRC,CYP,843229
9208876,111,58,8958,2018,104571.0,0.0,1.3602530000000002,0.453607,ITA,CYP,843229
9208877,114,58,8958,2018,1415.0,0.0,2.514533,-0.416074,JPN,CYP,843229
9208878,162,58,8958,2018,5343.0,0.0,1.1478899999999999,1.454758,NLD,CYP,843229
9208879,185,58,8958,2018,0.0,15370.0,1.050715,1.04471,ROU,CYP,843229
9208880,224,58,8958,2018,415990.0,0.0,0.518721,2.5581419999999997,TUR,CYP,843229
9208881,2,61,8958,2018,0.0,18230.0,-1.489191,-1.213992,AGO,DEU,843229
9208882,4,61,8958,2018,0.0,1151.0,-0.456481,-0.139655,ALB,DEU,843229
9208883,8,61,8958,2018,0.0,105700.0,-0.14316800000000002,0.14356,ARG,DEU,843229
9208884,14,61,8958,2018,0.0,2754764.0,-0.29687199999999997,-0.123116,AUS,DEU,843229
9208885,15,61,8958,2018,10707869.0,13303415.0,1.774488,-0.21117800000000003,AUT,DEU,843229
9208886,16,61,8958,2018,0.0,301784.0,-1.144089,-1.224327,AZE,DEU,843229
9208887,18,61,8958,2018,5991829.0,4988035.0,1.270641,1.201063,BEL,DEU,843229
9208888,23,61,8958,2018,54356.0,2337032.0,0.571226,1.836856,BGR,DEU,843229
9208889,26,61,8958,2018,42321.0,159041.0,0.526392,0.742398,BIH,DEU,843229
9208890,28,61,8958,2018,976.0,1149843.0,0.850089,0.8332870000000001,BLR,DEU,843229
9208891,31,61,8958,2018,0.0,3819.0,-1.153953,-1.070749,BOL,DEU,843229
9208892,32,61,8958,2018,0.0,14029.0,0.143397,0.582092,BRA,DEU,843229
9208893,39,61,8958,2018,21648.0,4205492.0,0.666822,1.218593,CAN,DEU,843229
9208894,41,61,8958,2018,167449.0,6239606.0,2.2324330000000003,0.7801560000000001,CHE,DEU,843229
9208895,42,61,8958,2018,0.0,262002.0,-0.37677,-0.49605299999999997,CHL,DEU,843229
9208896,43,61,8958,2018,19503818.0,1631277.0,1.200689,1.2822,CHN,DEU,843229
9208897,45,61,8958,2018,0.0,2307.0,-1.366619,-1.09894,CMR,DEU,843229
9208898,47,61,8958,2018,0.0,13418.0,-1.52875,-1.1869100000000001,COG,DEU,843229
9208899,49,61,8958,2018,0.0,12815.0,0.20431,-0.15273699999999998,COL,DEU,843229
9208900,58,61,8958,2018,0.0,22662.0,0.45442,-0.113303,CYP,DEU,843229
9208901,59,61,8958,2018,4425710.0,7592515.0,1.841016,0.220806,CZE,DEU,843229
9208902,64,61,8958,2018,3063397.0,4488292.0,1.0945040000000001,1.3311540000000002,DNK,DEU,843229
9208903,65,61,8958,2018,0.0,1804.0,-0.084258,0.474872,DOM,DEU,843229
9208904,66,61,8958,2018,0.0,5553.0,-1.281519,-1.22291,DZA,DEU,843229
9208905,68,61,8958,2018,0.0,125958.0,-0.096635,1.585658,EGY,DEU,843229
9208906,71,61,8958,2018,194376.0,5153165.0,0.744825,2.919005,ESP,DEU,843229
9208907,72,61,8958,2018,7436.0,449013.0,0.979986,1.2365899999999999,EST,DEU,843229
9208908,73,61,8958,2018,0.0,49834.0,-0.874857,-0.464958,ETH,DEU,843229
9208909,74,61,8958,2018,152020.0,1069522.0,1.61151,0.9474549999999999,FIN,DEU,843229
9208910,77,61,8958,2018,16435716.0,45009316.0,1.420819,0.7793770000000001,FRA,DEU,843229
9208911,81,61,8958,2018,1331308.0,12851005.0,1.693008,0.768159,GBR,DEU,843229
9208912,82,61,8958,2018,0.0,14602.0,-0.049871,-0.28439899999999996,GEO,DEU,843229
9208913,90,61,8958,2018,118140.0,366525.0,0.059539999999999996,1.0321879999999999,GRC,DEU,843229
9208914,96,61,8958,2018,0.0,749.0,-0.841458,-0.9803280000000001,GUY,DEU,843229
9208915,100,61,8958,2018,151994.0,1267203.0,0.7923720000000001,1.4047209999999999,HRV,DEU,843229
9208916,102,61,8958,2018,930496.0,7161354.0,1.519662,0.833092,HUN,DEU,843229
9208917,106,61,8958,2018,0.0,1827201.0,1.262419,0.013576,IRL,DEU,843229
9208918,107,61,8958,2018,0.0,9156.0,-0.389954,-0.258156,IRN,DEU,843229
9208919,108,61,8958,2018,0.0,2476.0,-1.7504400000000002,-1.018699,IRQ,DEU,843229
9208920,109,61,8958,2018,0.0,35705.0,0.252338,-0.341319,ISL,DEU,843229
9208921,110,61,8958,2018,0.0,8795.0,1.355071,0.872822,ISR,DEU,843229
9208922,111,61,8958,2018,15846027.0,4748391.0,1.3602530000000002,0.453607,ITA,DEU,843229
9208923,114,61,8958,2018,72429.0,4791586.0,2.514533,-0.416074,JPN,DEU,843229
9208924,115,61,8958,2018,0.0,1800490.0,-0.483862,-0.667417,KAZ,DEU,843229
9208925,116,61,8958,2018,0.0,2430.0,-0.32707800000000004,0.71009,KEN,DEU,843229
9208926,117,61,8958,2018,0.0,13518.0,-0.141491,0.33161,KGZ,DEU,843229
9208927,121,61,8958,2018,0.0,98901.0,2.093866,0.764303,KOR,DEU,843229
9208928,124,61,8958,2018,0.0,2646.0,0.270554,0.9995149999999999,LBN,DEU,843229
9208929,130,61,8958,2018,11973.0,3798933.0,0.964249,1.4050200000000002,LTU,DEU,843229
9208930,131,61,8958,2018,16942.0,855847.0,1.1142889999999999,1.306066,LUX,DEU,843229
9208931,132,61,8958,2018,0.0,1076310.0,0.707168,1.294297,LVA,DEU,843229
9208932,134,61,8958,2018,0.0,64141.0,-0.712775,-0.090013,MAR,DEU,843229
9208933,135,61,8958,2018,22317.0,805836.0,-0.358412,-0.271334,MDA,DEU,843229
9208934,138,61,8958,2018,0.0,125021.0,1.00061,0.585759,MEX,DEU,843229
9208935,140,61,8958,2018,0.0,21051.0,0.079976,-0.20256,MKD,DEU,843229
9208936,141,61,8958,2018,0.0,52978.0,-0.49666499999999997,-0.7189909999999999,MLI,DEU,843229
9208937,143,61,8958,2018,0.0,5577.0,-0.936467,-0.223413,MMR,DEU,843229
9208938,144,61,8958,2018,0.0,3294.0,0.332495,0.124258,MNE,DEU,843229
9208939,145,61,8958,2018,0.0,27285.0,-0.934398,-1.125105,MNG,DEU,843229
9208940,159,61,8958,2018,0.0,149907.0,-1.8238,-1.259938,NGA,DEU,843229
9208941,162,61,8958,2018,4796446.0,8177316.0,1.1478899999999999,1.454758,NLD,DEU,843229
9208942,163,61,8958,2018,20409.0,1008079.0,0.681639,0.021762,NOR,DEU,843229
9208943,166,61,8958,2018,0.0,1038509.0,0.21902600000000003,0.148714,NZL,DEU,843229
9208944,173,61,8958,2018,0.0,3042.0,-0.6673060000000001,-0.183315,PER,DEU,843229
9208945,174,61,8958,2018,107412.0,0.0,0.781409,0.22126700000000002,PHL,DEU,843229
9208946,177,61,8958,2018,12064915.0,12733875.0,1.132475,1.258945,POL,DEU,843229
9208947,179,61,8958,2018,56473.0,426760.0,0.652628,2.211758,PRT,DEU,843229
9208948,180,61,8958,2018,0.0,30811.0,-0.614751,-0.952478,PRY,DEU,843229
9208949,185,61,8958,2018,1330677.0,9658820.0,1.050715,1.04471,ROU,DEU,843229
9208950,186,61,8958,2018,19536.0,11647693.0,0.21398000000000003,0.100414,RUS,DEU,843229
9208951,188,61,8958,2018,0.0,11118.0,0.5801810000000001,-0.447514,SAU,DEU,843229
9208952,191,61,8958,2018,0.0,13808.0,-0.751378,-0.390573,SEN,DEU,843229
9208953,201,61,8958,2018,59840.0,455583.0,0.607486,1.2139389999999999,SRB,DEU,843229
9208954,206,61,8958,2018,1155.0,1573483.0,1.3270979999999999,0.877684,SVK,DEU,843229
9208955,207,61,8958,2018,73358.0,1166786.0,1.67428,0.7703800000000001,SVN,DEU,843229
9208956,208,61,8958,2018,6481884.0,1463590.0,1.76361,0.766904,SWE,DEU,843229
9208957,215,61,8958,2018,0.0,2131.0,-0.685084,-0.773437,TGO,DEU,843229
9208958,223,61,8958,2018,0.0,1238.0,0.259778,1.187194,TUN,DEU,843229
9208959,224,61,8958,2018,166761.0,35048.0,0.518721,2.5581419999999997,TUR,DEU,843229
9208960,226,61,8958,2018,0.0,76645.0,-0.09850700000000001,1.145606,TZA,DEU,843229
9208961,227,61,8958,2018,0.0,1065.0,-0.621049,-0.061448,UGA,DEU,843229
9208962,228,61,8958,2018,1397111.0,7038746.0,0.337296,0.758675,UKR,DEU,843229
9208963,230,61,8958,2018,0.0,38772.0,-0.02056,-0.38911,URY,DEU,843229
9208964,231,61,8958,2018,3910143.0,7220122.0,1.585861,0.44815900000000003,USA,DEU,843229
9208965,232,61,8958,2018,0.0,534855.0,-0.591547,-0.429982,UZB,DEU,843229
9208966,239,61,8958,2018,0.0,4195.0,0.003069,0.9169729999999999,VNM,DEU,843229
9208967,246,61,8958,2018,0.0,751224.0,0.158722,1.394829,ZAF,DEU,843229
9208968,247,61,8958,2018,0.0,34268.0,-0.736064,-0.93958,ZMB,DEU,843229
9208969,248,61,8958,2018,0.0,84596.0,-1.181524,-1.0648520000000001,ZWE,DEU,843229
9208970,249,61,8958,2018,0.0,53377.0,2.0462540000000002,1.166636,TWN,DEU,843229
9208971,7,64,8958,2018,0.0,62224.0,0.11804400000000001,-0.326851,ARE,DNK,843229
9208972,14,64,8958,2018,0.0,462027.0,-0.29687199999999997,-0.123116,AUS,DNK,843229
9208973,15,64,8958,2018,464621.0,363706.0,1.774488,-0.21117800000000003,AUT,DNK,843229
9208974,18,64,8958,2018,36740.0,99937.0,1.270641,1.201063,BEL,DNK,843229
9208975,23,64,8958,2018,21050.0,87659.0,0.571226,1.836856,BGR,DNK,843229
9208976,26,64,8958,2018,0.0,7361.0,0.526392,0.742398,BIH,DNK,843229
9208977,28,64,8958,2018,0.0,6049.0,0.850089,0.8332870000000001,BLR,DNK,843229
9208978,39,64,8958,2018,108552.0,292430.0,0.666822,1.218593,CAN,DNK,843229
9208979,41,64,8958,2018,7756.0,662754.0,2.2324330000000003,0.7801560000000001,CHE,DNK,843229
9208980,42,64,8958,2018,0.0,147242.0,-0.37677,-0.49605299999999997,CHL,DNK,843229
9208981,43,64,8958,2018,1687270.0,244234.0,1.200689,1.2822,CHN,DNK,843229
9208982,59,64,8958,2018,1140028.0,221275.0,1.841016,0.220806,CZE,DNK,843229
9208983,61,64,8958,2018,4488292.0,3063397.0,2.109059,-2.428826,DEU,DNK,843229
9208984,71,64,8958,2018,24921.0,17891.0,0.744825,2.919005,ESP,DNK,843229
9208985,72,64,8958,2018,10961.0,435270.0,0.979986,1.2365899999999999,EST,DNK,843229
9208986,74,64,8958,2018,530948.0,752373.0,1.61151,0.9474549999999999,FIN,DNK,843229
9208987,77,64,8958,2018,1339675.0,4975423.0,1.420819,0.7793770000000001,FRA,DNK,843229
9208988,81,64,8958,2018,1273255.0,4797962.0,1.693008,0.768159,GBR,DNK,843229
9208989,90,64,8958,2018,0.0,65871.0,0.059539999999999996,1.0321879999999999,GRC,DNK,843229
9208990,92,64,8958,2018,0.0,5025.0,-1.384795,-1.004781,GRL,DNK,843229
9208991,100,64,8958,2018,0.0,311631.0,0.7923720000000001,1.4047209999999999,HRV,DNK,843229
9208992,102,64,8958,2018,6529.0,1323952.0,1.519662,0.833092,HUN,DNK,843229
9208993,103,64,8958,2018,0.0,22959.0,-0.10130499999999999,1.2414209999999999,IDN,DNK,843229
9208994,104,64,8958,2018,11235.0,0.0,0.526015,2.448112,IND,DNK,843229
9208995,106,64,8958,2018,1157.0,783184.0,1.262419,0.013576,IRL,DNK,843229
9208996,109,64,8958,2018,5761.0,174454.0,0.252338,-0.341319,ISL,DNK,843229
9208997,111,64,8958,2018,3556560.0,705769.0,1.3602530000000002,0.453607,ITA,DNK,843229
9208998,114,64,8958,2018,0.0,1090342.0,2.514533,-0.416074,JPN,DNK,843229
9208999,130,64,8958,2018,11239.0,1327874.0,0.964249,1.4050200000000002,LTU,DNK,843229
9209000,131,64,8958,2018,3555.0,87379.0,1.1142889999999999,1.306066,LUX,DNK,843229
9209001,132,64,8958,2018,19983.0,1042472.0,0.707168,1.294297,LVA,DNK,843229
9209002,135,64,8958,2018,0.0,21524.0,-0.358412,-0.271334,MDA,DNK,843229
9209003,162,64,8958,2018,300943.0,340475.0,1.1478899999999999,1.454758,NLD,DNK,843229
9209004,163,64,8958,2018,4327.0,1967842.0,0.681639,0.021762,NOR,DNK,843229
9209005,166,64,8958,2018,0.0,613623.0,0.21902600000000003,0.148714,NZL,DNK,843229
9209006,168,64,8958,2018,0.0,1058.0,-0.64348,0.665045,PAK,DNK,843229
9209007,177,64,8958,2018,643157.0,467732.0,1.132475,1.258945,POL,DNK,843229
9209008,179,64,8958,2018,25217.0,0.0,0.652628,2.211758,PRT,DNK,843229
9209009,185,64,8958,2018,40540.0,57471.0,1.050715,1.04471,ROU,DNK,843229
9209010,186,64,8958,2018,0.0,2085.0,0.21398000000000003,0.100414,RUS,DNK,843229
9209011,201,64,8958,2018,1850.0,425432.0,0.607486,1.2139389999999999,SRB,DNK,843229
9209012,206,64,8958,2018,50589.0,61192.0,1.3270979999999999,0.877684,SVK,DNK,843229
9209013,207,64,8958,2018,3415.0,37680.0,1.67428,0.7703800000000001,SVN,DNK,843229
9209014,208,64,8958,2018,1940444.0,3342260.0,1.76361,0.766904,SWE,DNK,843229
9209015,216,64,8958,2018,0.0,10278.0,1.053177,1.4084969999999999,THA,DNK,843229
9209016,224,64,8958,2018,1490.0,0.0,0.518721,2.5581419999999997,TUR,DNK,843229
9209017,226,64,8958,2018,0.0,1556.0,-0.09850700000000001,1.145606,TZA,DNK,843229
9209018,228,64,8958,2018,0.0,102064.0,0.337296,0.758675,UKR,DNK,843229
9209019,231,64,8958,2018,32376.0,45079.0,1.585861,0.44815900000000003,USA,DNK,843229
9209020,28,65,8958,2018,14171.0,0.0,0.850089,0.8332870000000001,BLR,DOM,843229
9209021,32,65,8958,2018,3854.0,0.0,0.143397,0.582092,BRA,DOM,843229
9209022,43,65,8958,2018,45050.0,0.0,1.200689,1.2822,CHN,DOM,843229
9209023,49,65,8958,2018,51296.0,0.0,0.20431,-0.15273699999999998,COL,DOM,843229
9209024,61,65,8958,2018,1804.0,0.0,2.109059,-2.428826,DEU,DOM,843229
9209025,71,65,8958,2018,274084.0,0.0,0.744825,2.919005,ESP,DOM,843229
9209026,101,65,8958,2018,0.0,19496.0,-0.914545,-0.890601,HTI,DOM,843229
9209027,104,65,8958,2018,1515.0,0.0,0.526015,2.448112,IND,DOM,843229
9209028,111,65,8958,2018,229529.0,0.0,1.3602530000000002,0.453607,ITA,DOM,843229
9209029,114,65,8958,2018,3237.0,0.0,2.514533,-0.416074,JPN,DOM,843229
9209030,138,65,8958,2018,9665.0,0.0,1.00061,0.585759,MEX,DOM,843229
9209031,169,65,8958,2018,197822.0,0.0,0.104326,-0.11611800000000001,PAN,DOM,843229
9209032,177,65,8958,2018,23993.0,0.0,1.132475,1.258945,POL,DOM,843229
9209033,216,65,8958,2018,11073.0,0.0,1.053177,1.4084969999999999,THA,DOM,843229
9209034,231,65,8958,2018,571035.0,2713.0,1.585861,0.44815900000000003,USA,DOM,843229
9209035,15,67,8958,2018,40541.0,0.0,1.774488,-0.21117800000000003,AUT,ECU,843229
9209036,32,67,8958,2018,37872.0,0.0,0.143397,0.582092,BRA,ECU,843229
9209037,43,67,8958,2018,199009.0,0.0,1.200689,1.2822,CHN,ECU,843229
9209038,71,67,8958,2018,1208.0,0.0,0.744825,2.919005,ESP,ECU,843229
9209039,81,67,8958,2018,25703.0,0.0,1.693008,0.768159,GBR,ECU,843229
9209040,104,67,8958,2018,1783.0,0.0,0.526015,2.448112,IND,ECU,843229
9209041,111,67,8958,2018,138207.0,0.0,1.3602530000000002,0.453607,ITA,ECU,843229
9209042,114,67,8958,2018,80790.0,0.0,2.514533,-0.416074,JPN,ECU,843229
9209043,162,67,8958,2018,6509.0,0.0,1.1478899999999999,1.454758,NLD,ECU,843229
9209044,173,67,8958,2018,4017.0,0.0,-0.6673060000000001,-0.183315,PER,ECU,843229
9209045,224,67,8958,2018,5955.0,0.0,0.518721,2.5581419999999997,TUR,ECU,843229
9209046,231,67,8958,2018,137936.0,0.0,1.585861,0.44815900000000003,USA,ECU,843229
9209047,2,71,8958,2018,0.0,17322.0,-1.489191,-1.213992,AGO,ESP,843229
9209048,5,71,8958,2018,0.0,17344.0,0.975648,0.525437,AND,ESP,843229
9209049,7,71,8958,2018,0.0,6542.0,0.11804400000000001,-0.326851,ARE,ESP,843229
9209050,8,71,8958,2018,0.0,100881.0,-0.14316800000000002,0.14356,ARG,ESP,843229
9209051,9,71,8958,2018,0.0,14513.0,-0.330516,-0.604744,ARM,ESP,843229
9209052,14,71,8958,2018,0.0,54141.0,-0.29687199999999997,-0.123116,AUS,ESP,843229
9209053,15,71,8958,2018,893067.0,22556.0,1.774488,-0.21117800000000003,AUT,ESP,843229
9209054,16,71,8958,2018,0.0,7797.0,-1.144089,-1.224327,AZE,ESP,843229
9209055,18,71,8958,2018,271494.0,34166.0,1.270641,1.201063,BEL,ESP,843229
9209056,23,71,8958,2018,0.0,231606.0,0.571226,1.836856,BGR,ESP,843229
9209057,28,71,8958,2018,0.0,822.0,0.850089,0.8332870000000001,BLR,ESP,843229
9209058,31,71,8958,2018,0.0,193601.0,-1.153953,-1.070749,BOL,ESP,843229
9209059,32,71,8958,2018,0.0,2148.0,0.143397,0.582092,BRA,ESP,843229
9209060,39,71,8958,2018,0.0,12995.0,0.666822,1.218593,CAN,ESP,843229
9209061,41,71,8958,2018,7311.0,138035.0,2.2324330000000003,0.7801560000000001,CHE,ESP,843229
9209062,42,71,8958,2018,0.0,260281.0,-0.37677,-0.49605299999999997,CHL,ESP,843229
9209063,43,71,8958,2018,6572252.0,203149.0,1.200689,1.2822,CHN,ESP,843229
9209064,44,71,8958,2018,0.0,2244.0,-0.8733569999999999,-0.8443139999999999,CIV,ESP,843229
9209065,49,71,8958,2018,0.0,28310.0,0.20431,-0.15273699999999998,COL,ESP,843229
9209066,51,71,8958,2018,0.0,1179.0,-0.319064,-0.8615659999999999,CPV,ESP,843229
9209067,52,71,8958,2018,0.0,12685.0,0.19386,0.05811,CRI,ESP,843229
9209068,59,71,8958,2018,177322.0,36920.0,1.841016,0.220806,CZE,ESP,843229
9209069,61,71,8958,2018,5153165.0,194376.0,2.109059,-2.428826,DEU,ESP,843229
9209070,64,71,8958,2018,17891.0,24921.0,1.0945040000000001,1.3311540000000002,DNK,ESP,843229
9209071,65,71,8958,2018,0.0,274084.0,-0.084258,0.474872,DOM,ESP,843229
9209072,66,71,8958,2018,0.0,2743.0,-1.281519,-1.22291,DZA,ESP,843229
9209073,67,71,8958,2018,0.0,1208.0,-0.873973,-1.032841,ECU,ESP,843229
9209074,68,71,8958,2018,0.0,38987.0,-0.096635,1.585658,EGY,ESP,843229
9209075,74,71,8958,2018,5814.0,0.0,1.61151,0.9474549999999999,FIN,ESP,843229
9209076,77,71,8958,2018,3523690.0,7169598.0,1.420819,0.7793770000000001,FRA,ESP,843229
9209077,81,71,8958,2018,581026.0,80477.0,1.693008,0.768159,GBR,ESP,843229
9209078,82,71,8958,2018,0.0,19888.0,-0.049871,-0.28439899999999996,GEO,ESP,843229
9209079,89,71,8958,2018,0.0,8042.0,-2.017117,-0.975924,GNQ,ESP,843229
9209080,90,71,8958,2018,0.0,4014.0,0.059539999999999996,1.0321879999999999,GRC,ESP,843229
9209081,93,71,8958,2018,0.0,2290.0,-0.362668,0.520826,GTM,ESP,843229
9209082,97,71,8958,2018,0.0,1885.0,0.843677,1.656073,HKG,ESP,843229
9209083,100,71,8958,2018,0.0,6157.0,0.7923720000000001,1.4047209999999999,HRV,ESP,843229
9209084,102,71,8958,2018,1068.0,481647.0,1.519662,0.833092,HUN,ESP,843229
9209085,103,71,8958,2018,7277.0,0.0,-0.10130499999999999,1.2414209999999999,IDN,ESP,843229
9209086,104,71,8958,2018,0.0,10901.0,0.526015,2.448112,IND,ESP,843229
9209087,107,71,8958,2018,0.0,2602.0,-0.389954,-0.258156,IRN,ESP,843229
9209088,111,71,8958,2018,6762352.0,1016399.0,1.3602530000000002,0.453607,ITA,ESP,843229
9209089,114,71,8958,2018,387486.0,0.0,2.514533,-0.416074,JPN,ESP,843229
9209090,115,71,8958,2018,0.0,14291.0,-0.483862,-0.667417,KAZ,ESP,843229
9209091,121,71,8958,2018,22878.0,0.0,2.093866,0.764303,KOR,ESP,843229
9209092,124,71,8958,2018,0.0,85107.0,0.270554,0.9995149999999999,LBN,ESP,843229
9209093,130,71,8958,2018,0.0,92403.0,0.964249,1.4050200000000002,LTU,ESP,843229
9209094,131,71,8958,2018,0.0,16844.0,1.1142889999999999,1.306066,LUX,ESP,843229
9209095,132,71,8958,2018,0.0,66160.0,0.707168,1.294297,LVA,ESP,843229
9209096,134,71,8958,2018,0.0,569326.0,-0.712775,-0.090013,MAR,ESP,843229
9209097,135,71,8958,2018,0.0,207315.0,-0.358412,-0.271334,MDA,ESP,843229
9209098,138,71,8958,2018,0.0,78554.0,1.00061,0.585759,MEX,ESP,843229
9209099,140,71,8958,2018,0.0,13537.0,0.079976,-0.20256,MKD,ESP,843229
9209100,156,71,8958,2018,0.0,1792.0,-0.49370299999999995,-0.865432,NCL,ESP,843229
9209101,160,71,8958,2018,0.0,1032.0,-0.887282,-0.827008,NIC,ESP,843229
9209102,162,71,8958,2018,288355.0,40198.0,1.1478899999999999,1.454758,NLD,ESP,843229
9209103,166,71,8958,2018,0.0,143656.0,0.21902600000000003,0.148714,NZL,ESP,843229
9209104,169,71,8958,2018,0.0,22749.0,0.104326,-0.11611800000000001,PAN,ESP,843229
9209105,173,71,8958,2018,4476.0,47796.0,-0.6673060000000001,-0.183315,PER,ESP,843229
9209106,177,71,8958,2018,581125.0,12396.0,1.132475,1.258945,POL,ESP,843229
9209107,179,71,8958,2018,772885.0,1552966.0,0.652628,2.211758,PRT,ESP,843229
9209108,180,71,8958,2018,0.0,7520.0,-0.614751,-0.952478,PRY,ESP,843229
9209109,185,71,8958,2018,4639.0,392207.0,1.050715,1.04471,ROU,ESP,843229
9209110,186,71,8958,2018,0.0,135626.0,0.21398000000000003,0.100414,RUS,ESP,843229
9209111,191,71,8958,2018,0.0,6637.0,-0.751378,-0.390573,SEN,ESP,843229
9209112,197,71,8958,2018,0.0,1084.0,0.073928,0.22548600000000002,SLV,ESP,843229
9209113,201,71,8958,2018,0.0,6949.0,0.607486,1.2139389999999999,SRB,ESP,843229
9209114,207,71,8958,2018,268478.0,1311.0,1.67428,0.7703800000000001,SVN,ESP,843229
9209115,208,71,8958,2018,84191.0,0.0,1.76361,0.766904,SWE,ESP,843229
9209116,223,71,8958,2018,0.0,30109.0,0.259778,1.187194,TUN,ESP,843229
9209117,224,71,8958,2018,17540.0,8274.0,0.518721,2.5581419999999997,TUR,ESP,843229
9209118,228,71,8958,2018,0.0,302262.0,0.337296,0.758675,UKR,ESP,843229
9209119,230,71,8958,2018,0.0,15925.0,-0.02056,-0.38911,URY,ESP,843229
9209120,231,71,8958,2018,121135.0,359301.0,1.585861,0.44815900000000003,USA,ESP,843229
9209121,246,71,8958,2018,0.0,63584.0,0.158722,1.394829,ZAF,ESP,843229
9209122,250,71,8958,2018,3485.0,0.0,0.809991,-0.368737,ANS,ESP,843229
9209123,7,74,8958,2018,0.0,2599.0,0.11804400000000001,-0.326851,ARE,FIN,843229
9209124,14,74,8958,2018,0.0,10740.0,-0.29687199999999997,-0.123116,AUS,FIN,843229
9209125,15,74,8958,2018,142899.0,14167.0,1.774488,-0.21117800000000003,AUT,FIN,843229
9209126,18,74,8958,2018,73560.0,45660.0,1.270641,1.201063,BEL,FIN,843229
9209127,23,74,8958,2018,0.0,124399.0,0.571226,1.836856,BGR,FIN,843229
9209128,39,74,8958,2018,0.0,77629.0,0.666822,1.218593,CAN,FIN,843229
9209129,41,74,8958,2018,0.0,32914.0,2.2324330000000003,0.7801560000000001,CHE,FIN,843229
9209130,42,74,8958,2018,0.0,307942.0,-0.37677,-0.49605299999999997,CHL,FIN,843229
9209131,43,74,8958,2018,1126952.0,0.0,1.200689,1.2822,CHN,FIN,843229
9209132,59,74,8958,2018,3302.0,81967.0,1.841016,0.220806,CZE,FIN,843229
9209133,61,74,8958,2018,1069522.0,152020.0,2.109059,-2.428826,DEU,FIN,843229
9209134,64,74,8958,2018,752373.0,530948.0,1.0945040000000001,1.3311540000000002,DNK,FIN,843229
9209135,71,74,8958,2018,0.0,5814.0,0.744825,2.919005,ESP,FIN,843229
9209136,72,74,8958,2018,157879.0,43717.0,0.979986,1.2365899999999999,EST,FIN,843229
9209137,77,74,8958,2018,410017.0,17137.0,1.420819,0.7793770000000001,FRA,FIN,843229
9209138,81,74,8958,2018,377132.0,51769.0,1.693008,0.768159,GBR,FIN,843229
9209139,100,74,8958,2018,154441.0,0.0,0.7923720000000001,1.4047209999999999,HRV,FIN,843229
9209140,102,74,8958,2018,0.0,338576.0,1.519662,0.833092,HUN,FIN,843229
9209141,103,74,8958,2018,0.0,83149.0,-0.10130499999999999,1.2414209999999999,IDN,FIN,843229
9209142,109,74,8958,2018,0.0,1735.0,0.252338,-0.341319,ISL,FIN,843229
9209143,110,74,8958,2018,0.0,2875.0,1.355071,0.872822,ISR,FIN,843229
9209144,111,74,8958,2018,281175.0,28184.0,1.3602530000000002,0.453607,ITA,FIN,843229
9209145,114,74,8958,2018,13105.0,12437.0,2.514533,-0.416074,JPN,FIN,843229
9209146,116,74,8958,2018,0.0,1343.0,-0.32707800000000004,0.71009,KEN,FIN,843229
9209147,121,74,8958,2018,0.0,1702.0,2.093866,0.764303,KOR,FIN,843229
9209148,130,74,8958,2018,0.0,541418.0,0.964249,1.4050200000000002,LTU,FIN,843229
9209149,132,74,8958,2018,0.0,275928.0,0.707168,1.294297,LVA,FIN,843229
9209150,135,74,8958,2018,0.0,89093.0,-0.358412,-0.271334,MDA,FIN,843229
9209151,162,74,8958,2018,77825.0,10756.0,1.1478899999999999,1.454758,NLD,FIN,843229
9209152,163,74,8958,2018,23454.0,464129.0,0.681639,0.021762,NOR,FIN,843229
9209153,167,74,8958,2018,0.0,3635.0,-0.548048,-0.9972989999999999,OMN,FIN,843229
9209154,177,74,8958,2018,106761.0,170694.0,1.132475,1.258945,POL,FIN,843229
9209155,180,74,8958,2018,0.0,2067.0,-0.614751,-0.952478,PRY,FIN,843229
9209156,185,74,8958,2018,0.0,24420.0,1.050715,1.04471,ROU,FIN,843229
9209157,186,74,8958,2018,0.0,316662.0,0.21398000000000003,0.100414,RUS,FIN,843229
9209158,187,74,8958,2018,0.0,116739.0,-0.618925,-0.788172,RWA,FIN,843229
9209159,192,74,8958,2018,0.0,102456.0,1.914132,0.652011,SGP,FIN,843229
9209160,201,74,8958,2018,40496.0,30575.0,0.607486,1.2139389999999999,SRB,FIN,843229
9209161,206,74,8958,2018,0.0,124432.0,1.3270979999999999,0.877684,SVK,FIN,843229
9209162,207,74,8958,2018,1394.0,0.0,1.67428,0.7703800000000001,SVN,FIN,843229
9209163,208,74,8958,2018,3273518.0,988971.0,1.76361,0.766904,SWE,FIN,843229
9209164,224,74,8958,2018,11535.0,18627.0,0.518721,2.5581419999999997,TUR,FIN,843229
9209165,226,74,8958,2018,0.0,2950.0,-0.09850700000000001,1.145606,TZA,FIN,843229
9209166,228,74,8958,2018,0.0,76479.0,0.337296,0.758675,UKR,FIN,843229
9209167,231,74,8958,2018,4922.0,33128.0,1.585861,0.44815900000000003,USA,FIN,843229
9209168,246,74,8958,2018,0.0,3610.0,0.158722,1.394829,ZAF,FIN,843229
9209169,4,77,8958,2018,56831.0,0.0,-0.456481,-0.139655,ALB,FRA,843229
9209170,7,77,8958,2018,0.0,11226.0,0.11804400000000001,-0.326851,ARE,FRA,843229
9209171,8,77,8958,2018,0.0,12140.0,-0.14316800000000002,0.14356,ARG,FRA,843229
9209172,14,77,8958,2018,21472.0,704130.0,-0.29687199999999997,-0.123116,AUS,FRA,843229
9209173,15,77,8958,2018,16403998.0,1114291.0,1.774488,-0.21117800000000003,AUT,FRA,843229
9209174,18,77,8958,2018,9045387.0,3814292.0,1.270641,1.201063,BEL,FRA,843229
9209175,23,77,8958,2018,0.0,719211.0,0.571226,1.836856,BGR,FRA,843229
9209176,26,77,8958,2018,0.0,15048.0,0.526392,0.742398,BIH,FRA,843229
9209177,27,77,8958,2018,0.0,3446.0,0.773095,-0.104209,BLM,FRA,843229
9209178,28,77,8958,2018,0.0,37522.0,0.850089,0.8332870000000001,BLR,FRA,843229
9209179,31,77,8958,2018,0.0,11139.0,-1.153953,-1.070749,BOL,FRA,843229
9209180,32,77,8958,2018,149291.0,0.0,0.143397,0.582092,BRA,FRA,843229
9209181,39,77,8958,2018,3775.0,1692376.0,0.666822,1.218593,CAN,FRA,843229
9209182,41,77,8958,2018,74897.0,2541094.0,2.2324330000000003,0.7801560000000001,CHE,FRA,843229
9209183,42,77,8958,2018,0.0,238459.0,-0.37677,-0.49605299999999997,CHL,FRA,843229
9209184,43,77,8958,2018,6009106.0,596300.0,1.200689,1.2822,CHN,FRA,843229
9209185,44,77,8958,2018,0.0,5313.0,-0.8733569999999999,-0.8443139999999999,CIV,FRA,843229
9209186,45,77,8958,2018,0.0,1907.0,-1.366619,-1.09894,CMR,FRA,843229
9209187,46,77,8958,2018,0.0,11015.0,-1.743034,-1.20446,COD,FRA,843229
9209188,47,77,8958,2018,0.0,3531.0,-1.52875,-1.1869100000000001,COG,FRA,843229
9209189,52,77,8958,2018,0.0,31046.0,0.19386,0.05811,CRI,FRA,843229
9209190,59,77,8958,2018,5129714.0,704505.0,1.841016,0.220806,CZE,FRA,843229
9209191,61,77,8958,2018,45009316.0,16435716.0,2.109059,-2.428826,DEU,FRA,843229
9209192,64,77,8958,2018,4975423.0,1339675.0,1.0945040000000001,1.3311540000000002,DNK,FRA,843229
9209193,66,77,8958,2018,0.0,170764.0,-1.281519,-1.22291,DZA,FRA,843229
9209194,68,77,8958,2018,57961.0,16054.0,-0.096635,1.585658,EGY,FRA,843229
9209195,71,77,8958,2018,7169598.0,3523690.0,0.744825,2.919005,ESP,FRA,843229
9209196,72,77,8958,2018,0.0,74676.0,0.979986,1.2365899999999999,EST,FRA,843229
9209197,73,77,8958,2018,0.0,17293.0,-0.874857,-0.464958,ETH,FRA,843229
9209198,74,77,8958,2018,17137.0,410017.0,1.61151,0.9474549999999999,FIN,FRA,843229
9209199,81,77,8958,2018,6458636.0,9861569.0,1.693008,0.768159,GBR,FRA,843229
9209200,82,77,8958,2018,0.0,12119.0,-0.049871,-0.28439899999999996,GEO,FRA,843229
9209201,90,77,8958,2018,25261.0,463391.0,0.059539999999999996,1.0321879999999999,GRC,FRA,843229
9209202,96,77,8958,2018,0.0,1068.0,-0.841458,-0.9803280000000001,GUY,FRA,843229
9209203,97,77,8958,2018,0.0,6798.0,0.843677,1.656073,HKG,FRA,843229
9209204,100,77,8958,2018,0.0,156388.0,0.7923720000000001,1.4047209999999999,HRV,FRA,843229
9209205,102,77,8958,2018,131716.0,1470774.0,1.519662,0.833092,HUN,FRA,843229
9209206,103,77,8958,2018,0.0,34837.0,-0.10130499999999999,1.2414209999999999,IDN,FRA,843229
9209207,104,77,8958,2018,40036.0,154437.0,0.526015,2.448112,IND,FRA,843229
9209208,106,77,8958,2018,13177.0,840900.0,1.262419,0.013576,IRL,FRA,843229
9209209,109,77,8958,2018,0.0,114590.0,0.252338,-0.341319,ISL,FRA,843229
9209210,110,77,8958,2018,0.0,9833.0,1.355071,0.872822,ISR,FRA,843229
9209211,111,77,8958,2018,25058586.0,3882440.0,1.3602530000000002,0.453607,ITA,FRA,843229
9209212,114,77,8958,2018,1828950.0,2452428.0,2.514533,-0.416074,JPN,FRA,843229
9209213,115,77,8958,2018,0.0,9852.0,-0.483862,-0.667417,KAZ,FRA,843229
9209214,117,77,8958,2018,0.0,18623.0,-0.141491,0.33161,KGZ,FRA,843229
9209215,121,77,8958,2018,0.0,20884.0,2.093866,0.764303,KOR,FRA,843229
9209216,124,77,8958,2018,0.0,2913.0,0.270554,0.9995149999999999,LBN,FRA,843229
9209217,127,77,8958,2018,0.0,2945.0,0.18656,-0.143406,LCA,FRA,843229
9209218,130,77,8958,2018,5821.0,677018.0,0.964249,1.4050200000000002,LTU,FRA,843229
9209219,131,77,8958,2018,51353.0,177055.0,1.1142889999999999,1.306066,LUX,FRA,843229
9209220,132,77,8958,2018,0.0,117810.0,0.707168,1.294297,LVA,FRA,843229
9209221,134,77,8958,2018,0.0,219937.0,-0.712775,-0.090013,MAR,FRA,843229
9209222,135,77,8958,2018,0.0,30919.0,-0.358412,-0.271334,MDA,FRA,843229
9209223,136,77,8958,2018,4076.0,11080.0,-1.2144549999999998,-0.748326,MDG,FRA,843229
9209224,140,77,8958,2018,0.0,1490.0,0.079976,-0.20256,MKD,FRA,843229
9209225,141,77,8958,2018,0.0,21437.0,-0.49666499999999997,-0.7189909999999999,MLI,FRA,843229
9209226,142,77,8958,2018,0.0,2983.0,0.9621219999999999,0.257289,MLT,FRA,843229
9209227,145,77,8958,2018,0.0,31086.0,-0.934398,-1.125105,MNG,FRA,843229
9209228,148,77,8958,2018,0.0,25150.0,-1.511361,-1.296003,MRT,FRA,843229
9209229,151,77,8958,2018,0.0,6776.0,-0.128221,0.15049400000000002,MUS,FRA,843229
9209230,153,77,8958,2018,0.0,1037.0,1.122976,0.734109,MYS,FRA,843229
9209231,156,77,8958,2018,0.0,85396.0,-0.49370299999999995,-0.865432,NCL,FRA,843229
9209232,162,77,8958,2018,7405933.0,2100936.0,1.1478899999999999,1.454758,NLD,FRA,843229
9209233,163,77,8958,2018,0.0,518436.0,0.681639,0.021762,NOR,FRA,843229
9209234,166,77,8958,2018,0.0,1039188.0,0.21902600000000003,0.148714,NZL,FRA,843229
9209235,173,77,8958,2018,2787.0,1107.0,-0.6673060000000001,-0.183315,PER,FRA,843229
9209236,177,77,8958,2018,6313585.0,3053758.0,1.132475,1.258945,POL,FRA,843229
9209237,179,77,8958,2018,510833.0,228210.0,0.652628,2.211758,PRT,FRA,843229
9209238,182,77,8958,2018,0.0,13539.0,0.21430300000000002,-0.484076,PYF,FRA,843229
9209239,185,77,8958,2018,194800.0,886698.0,1.050715,1.04471,ROU,FRA,843229
9209240,186,77,8958,2018,45691.0,3715371.0,0.21398000000000003,0.100414,RUS,FRA,843229
9209241,190,77,8958,2018,0.0,25911.0,-1.278532,-1.176008,SDN,FRA,843229
9209242,191,77,8958,2018,0.0,47332.0,-0.751378,-0.390573,SEN,FRA,843229
9209243,200,77,8958,2018,0.0,6023.0,0.750329,-0.6562,SPM,FRA,843229
9209244,201,77,8958,2018,2318.0,205287.0,0.607486,1.2139389999999999,SRB,FRA,843229
9209245,206,77,8958,2018,5174.0,336696.0,1.3270979999999999,0.877684,SVK,FRA,843229
9209246,207,77,8958,2018,0.0,412350.0,1.67428,0.7703800000000001,SVN,FRA,843229
9209247,208,77,8958,2018,4022361.0,1259713.0,1.76361,0.766904,SWE,FRA,843229
9209248,216,77,8958,2018,0.0,1893.0,1.053177,1.4084969999999999,THA,FRA,843229
9209249,223,77,8958,2018,0.0,5443.0,0.259778,1.187194,TUN,FRA,843229
9209250,224,77,8958,2018,426937.0,634542.0,0.518721,2.5581419999999997,TUR,FRA,843229
9209251,226,77,8958,2018,0.0,12798.0,-0.09850700000000001,1.145606,TZA,FRA,843229
9209252,228,77,8958,2018,13382.0,721403.0,0.337296,0.758675,UKR,FRA,843229
9209253,230,77,8958,2018,0.0,7886.0,-0.02056,-0.38911,URY,FRA,843229
9209254,231,77,8958,2018,511509.0,2349640.0,1.585861,0.44815900000000003,USA,FRA,843229
9209255,232,77,8958,2018,0.0,67077.0,-0.591547,-0.429982,UZB,FRA,843229
9209256,239,77,8958,2018,1184.0,0.0,0.003069,0.9169729999999999,VNM,FRA,843229
9209257,246,77,8958,2018,0.0,160526.0,0.158722,1.394829,ZAF,FRA,843229
9209258,249,77,8958,2018,0.0,43958.0,2.0462540000000002,1.166636,TWN,FRA,843229
9209259,250,77,8958,2018,106072.0,0.0,0.809991,-0.368737,ANS,FRA,843229
9209260,2,81,8958,2018,0.0,1943.0,-1.489191,-1.213992,AGO,GBR,843229
9209261,7,81,8958,2018,0.0,97863.0,0.11804400000000001,-0.326851,ARE,GBR,843229
9209262,8,81,8958,2018,0.0,117798.0,-0.14316800000000002,0.14356,ARG,GBR,843229
9209263,14,81,8958,2018,70497.0,531650.0,-0.29687199999999997,-0.123116,AUS,GBR,843229
9209264,15,81,8958,2018,921504.0,61922.0,1.774488,-0.21117800000000003,AUT,GBR,843229
9209265,18,81,8958,2018,969088.0,238019.0,1.270641,1.201063,BEL,GBR,843229
9209266,23,81,8958,2018,57841.0,92925.0,0.571226,1.836856,BGR,GBR,843229
9209267,24,81,8958,2018,0.0,1661.0,0.318352,-0.69221,BHR,GBR,843229
9209268,26,81,8958,2018,0.0,7097.0,0.526392,0.742398,BIH,GBR,843229
9209269,28,81,8958,2018,0.0,7279.0,0.850089,0.8332870000000001,BLR,GBR,843229
9209270,32,81,8958,2018,55065.0,1590.0,0.143397,0.582092,BRA,GBR,843229
9209271,37,81,8958,2018,0.0,31313.0,-0.8339610000000001,-1.184307,BWA,GBR,843229
9209272,39,81,8958,2018,22234.0,284113.0,0.666822,1.218593,CAN,GBR,843229
9209273,41,81,8958,2018,1360.0,14785.0,2.2324330000000003,0.7801560000000001,CHE,GBR,843229
9209274,42,81,8958,2018,0.0,127266.0,-0.37677,-0.49605299999999997,CHL,GBR,843229
9209275,43,81,8958,2018,4501494.0,128941.0,1.200689,1.2822,CHN,GBR,843229
9209276,52,81,8958,2018,0.0,10938.0,0.19386,0.05811,CRI,GBR,843229
9209277,55,81,8958,2018,0.0,158770.0,0.8093,-0.325347,CUW,GBR,843229
9209278,58,81,8958,2018,0.0,103301.0,0.45442,-0.113303,CYP,GBR,843229
9209279,59,81,8958,2018,407036.0,435139.0,1.841016,0.220806,CZE,GBR,843229
9209280,61,81,8958,2018,12851005.0,1331308.0,2.109059,-2.428826,DEU,GBR,843229
9209281,64,81,8958,2018,4797962.0,1273255.0,1.0945040000000001,1.3311540000000002,DNK,GBR,843229
9209282,67,81,8958,2018,0.0,25703.0,-0.873973,-1.032841,ECU,GBR,843229
9209283,68,81,8958,2018,0.0,25553.0,-0.096635,1.585658,EGY,GBR,843229
9209284,71,81,8958,2018,80477.0,581026.0,0.744825,2.919005,ESP,GBR,843229
9209285,72,81,8958,2018,0.0,28823.0,0.979986,1.2365899999999999,EST,GBR,843229
9209286,74,81,8958,2018,51769.0,377132.0,1.61151,0.9474549999999999,FIN,GBR,843229
9209287,77,81,8958,2018,9861569.0,6458636.0,1.420819,0.7793770000000001,FRA,GBR,843229
9209288,83,81,8958,2018,0.0,61165.0,-0.956109,-0.861556,GHA,GBR,843229
9209289,84,81,8958,2018,0.0,3885.0,0.420756,-0.6854140000000001,GIB,GBR,843229
9209290,87,81,8958,2018,0.0,3134.0,-0.85649,-0.761513,GMB,GBR,843229
9209291,90,81,8958,2018,10313.0,85298.0,0.059539999999999996,1.0321879999999999,GRC,GBR,843229
9209292,91,81,8958,2018,0.0,4771.0,0.28333800000000003,-0.40042,GRD,GBR,843229
9209293,95,81,8958,2018,0.0,1923.0,0.560314,-0.11880299999999999,GUM,GBR,843229
9209294,97,81,8958,2018,0.0,50904.0,0.843677,1.656073,HKG,GBR,843229
9209295,100,81,8958,2018,0.0,48297.0,0.7923720000000001,1.4047209999999999,HRV,GBR,843229
9209296,102,81,8958,2018,61727.0,405616.0,1.519662,0.833092,HUN,GBR,843229
9209297,104,81,8958,2018,90203.0,87414.0,0.526015,2.448112,IND,GBR,843229
9209298,106,81,8958,2018,1801962.0,5291948.0,1.262419,0.013576,IRL,GBR,843229
9209299,109,81,8958,2018,0.0,23568.0,0.252338,-0.341319,ISL,GBR,843229
9209300,110,81,8958,2018,0.0,37049.0,1.355071,0.872822,ISR,GBR,843229
9209301,111,81,8958,2018,6473734.0,334858.0,1.3602530000000002,0.453607,ITA,GBR,843229
9209302,114,81,8958,2018,33871.0,293712.0,2.514533,-0.416074,JPN,GBR,843229
9209303,116,81,8958,2018,0.0,6636.0,-0.32707800000000004,0.71009,KEN,GBR,843229
9209304,118,81,8958,2018,0.0,1073.0,-0.45740299999999995,-0.575966,KHM,GBR,843229
9209305,120,81,8958,2018,0.0,2629.0,0.315069,-0.689573,KNA,GBR,843229
9209306,121,81,8958,2018,0.0,130832.0,2.093866,0.764303,KOR,GBR,843229
9209307,124,81,8958,2018,0.0,22052.0,0.270554,0.9995149999999999,LBN,GBR,843229
9209308,130,81,8958,2018,0.0,206206.0,0.964249,1.4050200000000002,LTU,GBR,843229
9209309,132,81,8958,2018,0.0,32192.0,0.707168,1.294297,LVA,GBR,843229
9209310,134,81,8958,2018,0.0,29205.0,-0.712775,-0.090013,MAR,GBR,843229
9209311,142,81,8958,2018,18379.0,53648.0,0.9621219999999999,0.257289,MLT,GBR,843229
9209312,151,81,8958,2018,0.0,152939.0,-0.128221,0.15049400000000002,MUS,GBR,843229
9209313,153,81,8958,2018,0.0,1310.0,1.122976,0.734109,MYS,GBR,843229
9209314,159,81,8958,2018,0.0,88726.0,-1.8238,-1.259938,NGA,GBR,843229
9209315,162,81,8958,2018,6832158.0,477537.0,1.1478899999999999,1.454758,NLD,GBR,843229
9209316,163,81,8958,2018,12187.0,284208.0,0.681639,0.021762,NOR,GBR,843229
9209317,166,81,8958,2018,4932.0,855568.0,0.21902600000000003,0.148714,NZL,GBR,843229
9209318,167,81,8958,2018,0.0,19731.0,-0.548048,-0.9972989999999999,OMN,GBR,843229
9209319,173,81,8958,2018,0.0,2943.0,-0.6673060000000001,-0.183315,PER,GBR,843229
9209320,174,81,8958,2018,0.0,8226.0,0.781409,0.22126700000000002,PHL,GBR,843229
9209321,177,81,8958,2018,838625.0,1720538.0,1.132475,1.258945,POL,GBR,843229
9209322,179,81,8958,2018,8287.0,138569.0,0.652628,2.211758,PRT,GBR,843229
9209323,183,81,8958,2018,0.0,49361.0,-0.068401,-1.014732,QAT,GBR,843229
9209324,185,81,8958,2018,0.0,475251.0,1.050715,1.04471,ROU,GBR,843229
9209325,186,81,8958,2018,0.0,106676.0,0.21398000000000003,0.100414,RUS,GBR,843229
9209326,188,81,8958,2018,0.0,66004.0,0.5801810000000001,-0.447514,SAU,GBR,843229
9209327,192,81,8958,2018,0.0,26146.0,1.914132,0.652011,SGP,GBR,843229
9209328,195,81,8958,2018,0.0,46719.0,-1.246494,-0.998495,SLB,GBR,843229
9209329,201,81,8958,2018,0.0,1846.0,0.607486,1.2139389999999999,SRB,GBR,843229
9209330,206,81,8958,2018,5064.0,28436.0,1.3270979999999999,0.877684,SVK,GBR,843229
9209331,207,81,8958,2018,0.0,80522.0,1.67428,0.7703800000000001,SVN,GBR,843229
9209332,208,81,8958,2018,7300606.0,300010.0,1.76361,0.766904,SWE,GBR,843229
9209333,216,81,8958,2018,0.0,32382.0,1.053177,1.4084969999999999,THA,GBR,843229
9209334,224,81,8958,2018,1081.0,28875.0,0.518721,2.5581419999999997,TUR,GBR,843229
9209335,226,81,8958,2018,0.0,6903.0,-0.09850700000000001,1.145606,TZA,GBR,843229
9209336,227,81,8958,2018,0.0,2228.0,-0.621049,-0.061448,UGA,GBR,843229
9209337,228,81,8958,2018,0.0,20458.0,0.337296,0.758675,UKR,GBR,843229
9209338,230,81,8958,2018,0.0,5832.0,-0.02056,-0.38911,URY,GBR,843229
9209339,231,81,8958,2018,1188474.0,2593708.0,1.585861,0.44815900000000003,USA,GBR,843229
9209340,232,81,8958,2018,0.0,141296.0,-0.591547,-0.429982,UZB,GBR,843229
9209341,239,81,8958,2018,0.0,42952.0,0.003069,0.9169729999999999,VNM,GBR,843229
9209342,246,81,8958,2018,0.0,34105.0,0.158722,1.394829,ZAF,GBR,843229
9209343,247,81,8958,2018,0.0,40023.0,-0.736064,-0.93958,ZMB,GBR,843229
9209344,248,81,8958,2018,0.0,676.0,-1.181524,-1.0648520000000001,ZWE,GBR,843229
9209345,249,81,8958,2018,47672.0,0.0,2.0462540000000002,1.166636,TWN,GBR,843229
9209346,4,90,8958,2018,1400.0,10839.0,-0.456481,-0.139655,ALB,GRC,843229
9209347,15,90,8958,2018,196291.0,0.0,1.774488,-0.21117800000000003,AUT,GRC,843229
9209348,18,90,8958,2018,80422.0,18657.0,1.270641,1.201063,BEL,GRC,843229
9209349,23,90,8958,2018,370630.0,314364.0,0.571226,1.836856,BGR,GRC,843229
9209350,32,90,8958,2018,0.0,11140.0,0.143397,0.582092,BRA,GRC,843229
9209351,39,90,8958,2018,1221.0,0.0,0.666822,1.218593,CAN,GRC,843229
9209352,43,90,8958,2018,2286009.0,0.0,1.200689,1.2822,CHN,GRC,843229
9209353,58,90,8958,2018,7995.0,67278.0,0.45442,-0.113303,CYP,GRC,843229
9209354,59,90,8958,2018,225254.0,22572.0,1.841016,0.220806,CZE,GRC,843229
9209355,61,90,8958,2018,366525.0,118140.0,2.109059,-2.428826,DEU,GRC,843229
9209356,64,90,8958,2018,65871.0,0.0,1.0945040000000001,1.3311540000000002,DNK,GRC,843229
9209357,71,90,8958,2018,4014.0,0.0,0.744825,2.919005,ESP,GRC,843229
9209358,77,90,8958,2018,463391.0,25261.0,1.420819,0.7793770000000001,FRA,GRC,843229
9209359,81,90,8958,2018,85298.0,10313.0,1.693008,0.768159,GBR,GRC,843229
9209360,102,90,8958,2018,0.0,268704.0,1.519662,0.833092,HUN,GRC,843229
9209361,104,90,8958,2018,86202.0,0.0,0.526015,2.448112,IND,GRC,843229
9209362,106,90,8958,2018,1573.0,0.0,1.262419,0.013576,IRL,GRC,843229
9209363,110,90,8958,2018,0.0,4781.0,1.355071,0.872822,ISR,GRC,843229
9209364,111,90,8958,2018,1279887.0,7693.0,1.3602530000000002,0.453607,ITA,GRC,843229
9209365,121,90,8958,2018,86739.0,0.0,2.093866,0.764303,KOR,GRC,843229
9209366,131,90,8958,2018,2760.0,2775.0,1.1142889999999999,1.306066,LUX,GRC,843229
9209367,135,90,8958,2018,0.0,22798.0,-0.358412,-0.271334,MDA,GRC,843229
9209368,136,90,8958,2018,0.0,1581.0,-1.2144549999999998,-0.748326,MDG,GRC,843229
9209369,140,90,8958,2018,52720.0,123100.0,0.079976,-0.20256,MKD,GRC,843229
9209370,162,90,8958,2018,150894.0,5431.0,1.1478899999999999,1.454758,NLD,GRC,843229
9209371,166,90,8958,2018,0.0,5712.0,0.21902600000000003,0.148714,NZL,GRC,843229
9209372,177,90,8958,2018,89038.0,0.0,1.132475,1.258945,POL,GRC,843229
9209373,179,90,8958,2018,76912.0,0.0,0.652628,2.211758,PRT,GRC,843229
9209374,185,90,8958,2018,49648.0,782064.0,1.050715,1.04471,ROU,GRC,843229
9209375,186,90,8958,2018,0.0,123335.0,0.21398000000000003,0.100414,RUS,GRC,843229
9209376,201,90,8958,2018,5255.0,2213.0,0.607486,1.2139389999999999,SRB,GRC,843229
9209377,208,90,8958,2018,2207.0,0.0,1.76361,0.766904,SWE,GRC,843229
9209378,224,90,8958,2018,353003.0,1410.0,0.518721,2.5581419999999997,TUR,GRC,843229
9209379,228,90,8958,2018,0.0,11980.0,0.337296,0.758675,UKR,GRC,843229
9209380,32,93,8958,2018,97050.0,0.0,0.143397,0.582092,BRA,GTM,843229
9209381,39,93,8958,2018,7277.0,0.0,0.666822,1.218593,CAN,GTM,843229
9209382,43,93,8958,2018,3422.0,0.0,1.200689,1.2822,CHN,GTM,843229
9209383,49,93,8958,2018,40529.0,0.0,0.20431,-0.15273699999999998,COL,GTM,843229
9209384,52,93,8958,2018,1671.0,0.0,0.19386,0.05811,CRI,GTM,843229
9209385,71,93,8958,2018,2290.0,0.0,0.744825,2.919005,ESP,GTM,843229
9209386,104,93,8958,2018,110067.0,0.0,0.526015,2.448112,IND,GTM,843229
9209387,111,93,8958,2018,49644.0,0.0,1.3602530000000002,0.453607,ITA,GTM,843229
9209388,138,93,8958,2018,6805.0,0.0,1.00061,0.585759,MEX,GTM,843229
9209389,231,93,8958,2018,50497.0,0.0,1.585861,0.44815900000000003,USA,GTM,843229
9209390,15,96,8958,2018,853.0,0.0,1.774488,-0.21117800000000003,AUT,GUY,843229
9209391,32,96,8958,2018,17081.0,0.0,0.143397,0.582092,BRA,GUY,843229
9209392,43,96,8958,2018,60732.0,0.0,1.200689,1.2822,CHN,GUY,843229
9209393,61,96,8958,2018,749.0,0.0,2.109059,-2.428826,DEU,GUY,843229
9209394,77,96,8958,2018,1068.0,0.0,1.420819,0.7793770000000001,FRA,GUY,843229
9209395,104,96,8958,2018,3588.0,0.0,0.526015,2.448112,IND,GUY,843229
9209396,231,96,8958,2018,48918.0,0.0,1.585861,0.44815900000000003,USA,GUY,843229
9209397,15,97,8958,2018,1252.0,0.0,1.774488,-0.21117800000000003,AUT,HKG,843229
9209398,39,97,8958,2018,3050.0,0.0,0.666822,1.218593,CAN,HKG,843229
9209399,41,97,8958,2018,0.0,3570.0,2.2324330000000003,0.7801560000000001,CHE,HKG,843229
9209400,43,97,8958,2018,17377.0,12952.0,1.200689,1.2822,CHN,HKG,843229
9209401,71,97,8958,2018,1885.0,0.0,0.744825,2.919005,ESP,HKG,843229
9209402,77,97,8958,2018,6798.0,0.0,1.420819,0.7793770000000001,FRA,HKG,843229
9209403,81,97,8958,2018,50904.0,0.0,1.693008,0.768159,GBR,HKG,843229
9209404,103,97,8958,2018,0.0,1472.0,-0.10130499999999999,1.2414209999999999,IDN,HKG,843229
9209405,111,97,8958,2018,40437.0,0.0,1.3602530000000002,0.453607,ITA,HKG,843229
9209406,114,97,8958,2018,84354.0,0.0,2.514533,-0.416074,JPN,HKG,843229
9209407,121,97,8958,2018,0.0,13102.0,2.093866,0.764303,KOR,HKG,843229
9209408,147,97,8958,2018,0.0,2104.0,-1.380023,-1.027817,MOZ,HKG,843229
9209409,162,97,8958,2018,1840.0,0.0,1.1478899999999999,1.454758,NLD,HKG,843229
9209410,163,97,8958,2018,0.0,3760.0,0.681639,0.021762,NOR,HKG,843229
9209411,174,97,8958,2018,0.0,2890.0,0.781409,0.22126700000000002,PHL,HKG,843229
9209412,179,97,8958,2018,0.0,11912.0,0.652628,2.211758,PRT,HKG,843229
9209413,186,97,8958,2018,0.0,4025.0,0.21398000000000003,0.100414,RUS,HKG,843229
9209414,188,97,8958,2018,0.0,724228.0,0.5801810000000001,-0.447514,SAU,HKG,843229
9209415,231,97,8958,2018,7860.0,23889.0,1.585861,0.44815900000000003,USA,HKG,843229
9209416,32,99,8958,2018,21875.0,5061.0,0.143397,0.582092,BRA,HND,843229
9209417,43,99,8958,2018,6428.0,0.0,1.200689,1.2822,CHN,HND,843229
9209418,52,99,8958,2018,3668.0,0.0,0.19386,0.05811,CRI,HND,843229
9209419,111,99,8958,2018,5820.0,0.0,1.3602530000000002,0.453607,ITA,HND,843229
9209420,138,99,8958,2018,886.0,0.0,1.00061,0.585759,MEX,HND,843229
9209421,160,99,8958,2018,6711.0,0.0,-0.887282,-0.827008,NIC,HND,843229
9209422,197,99,8958,2018,0.0,1038.0,0.073928,0.22548600000000002,SLV,HND,843229
9209423,231,99,8958,2018,13507.0,0.0,1.585861,0.44815900000000003,USA,HND,843229
9209424,8,102,8958,2018,0.0,5429.0,-0.14316800000000002,0.14356,ARG,HUN,843229
9209425,15,102,8958,2018,1299980.0,103063.0,1.774488,-0.21117800000000003,AUT,HUN,843229
9209426,18,102,8958,2018,132894.0,5176.0,1.270641,1.201063,BEL,HUN,843229
9209427,23,102,8958,2018,0.0,29636.0,0.571226,1.836856,BGR,HUN,843229
9209428,26,102,8958,2018,0.0,5666.0,0.526392,0.742398,BIH,HUN,843229
9209429,28,102,8958,2018,3104.0,2506.0,0.850089,0.8332870000000001,BLR,HUN,843229
9209430,39,102,8958,2018,0.0,11633.0,0.666822,1.218593,CAN,HUN,843229
9209431,41,102,8958,2018,0.0,188171.0,2.2324330000000003,0.7801560000000001,CHE,HUN,843229
9209432,42,102,8958,2018,0.0,20692.0,-0.37677,-0.49605299999999997,CHL,HUN,843229
9209433,43,102,8958,2018,290483.0,0.0,1.200689,1.2822,CHN,HUN,843229
9209434,59,102,8958,2018,6939168.0,80096.0,1.841016,0.220806,CZE,HUN,843229
9209435,61,102,8958,2018,7161354.0,930496.0,2.109059,-2.428826,DEU,HUN,843229
9209436,64,102,8958,2018,1323952.0,6529.0,1.0945040000000001,1.3311540000000002,DNK,HUN,843229
9209437,71,102,8958,2018,481647.0,1068.0,0.744825,2.919005,ESP,HUN,843229
9209438,72,102,8958,2018,0.0,7582.0,0.979986,1.2365899999999999,EST,HUN,843229
9209439,74,102,8958,2018,338576.0,0.0,1.61151,0.9474549999999999,FIN,HUN,843229
9209440,77,102,8958,2018,1470774.0,131716.0,1.420819,0.7793770000000001,FRA,HUN,843229
9209441,81,102,8958,2018,405616.0,61727.0,1.693008,0.768159,GBR,HUN,843229
9209442,90,102,8958,2018,268704.0,0.0,0.059539999999999996,1.0321879999999999,GRC,HUN,843229
9209443,100,102,8958,2018,184840.0,88402.0,0.7923720000000001,1.4047209999999999,HRV,HUN,843229
9209444,111,102,8958,2018,2522545.0,44691.0,1.3602530000000002,0.453607,ITA,HUN,843229
9209445,114,102,8958,2018,50040.0,0.0,2.514533,-0.416074,JPN,HUN,843229
9209446,131,102,8958,2018,0.0,5276.0,1.1142889999999999,1.306066,LUX,HUN,843229
9209447,132,102,8958,2018,0.0,9884.0,0.707168,1.294297,LVA,HUN,843229
9209448,134,102,8958,2018,0.0,2993.0,-0.712775,-0.090013,MAR,HUN,843229
9209449,135,102,8958,2018,0.0,14610.0,-0.358412,-0.271334,MDA,HUN,843229
9209450,144,102,8958,2018,0.0,7655.0,0.332495,0.124258,MNE,HUN,843229
9209451,162,102,8958,2018,118610.0,1653002.0,1.1478899999999999,1.454758,NLD,HUN,843229
9209452,177,102,8958,2018,1626192.0,24106.0,1.132475,1.258945,POL,HUN,843229
9209453,183,102,8958,2018,0.0,8636.0,-0.068401,-1.014732,QAT,HUN,843229
9209454,185,102,8958,2018,861204.0,4192690.0,1.050715,1.04471,ROU,HUN,843229
9209455,186,102,8958,2018,0.0,51206.0,0.21398000000000003,0.100414,RUS,HUN,843229
9209456,201,102,8958,2018,857100.0,402591.0,0.607486,1.2139389999999999,SRB,HUN,843229
9209457,206,102,8958,2018,633352.0,1162338.0,1.3270979999999999,0.877684,SVK,HUN,843229
9209458,207,102,8958,2018,25534.0,103339.0,1.67428,0.7703800000000001,SVN,HUN,843229
9209459,208,102,8958,2018,3553368.0,0.0,1.76361,0.766904,SWE,HUN,843229
9209460,223,102,8958,2018,0.0,2676.0,0.259778,1.187194,TUN,HUN,843229
9209461,224,102,8958,2018,265726.0,9850.0,0.518721,2.5581419999999997,TUR,HUN,843229
9209462,228,102,8958,2018,39170.0,113547.0,0.337296,0.758675,UKR,HUN,843229
9209463,231,102,8958,2018,163320.0,313258.0,1.585861,0.44815900000000003,USA,HUN,843229
9209464,14,103,8958,2018,2759.0,0.0,-0.29687199999999997,-0.123116,AUS,IDN,843229
9209465,43,103,8958,2018,5078382.0,0.0,1.200689,1.2822,CHN,IDN,843229
9209466,64,103,8958,2018,22959.0,0.0,1.0945040000000001,1.3311540000000002,DNK,IDN,843229
9209467,71,103,8958,2018,0.0,7277.0,0.744825,2.919005,ESP,IDN,843229
9209468,74,103,8958,2018,83149.0,0.0,1.61151,0.9474549999999999,FIN,IDN,843229
9209469,77,103,8958,2018,34837.0,0.0,1.420819,0.7793770000000001,FRA,IDN,843229
9209470,97,103,8958,2018,1472.0,0.0,0.843677,1.656073,HKG,IDN,843229
9209471,104,103,8958,2018,157148.0,0.0,0.526015,2.448112,IND,IDN,843229
9209472,111,103,8958,2018,73017.0,0.0,1.3602530000000002,0.453607,ITA,IDN,843229
9209473,114,103,8958,2018,292085.0,0.0,2.514533,-0.416074,JPN,IDN,843229
9209474,153,103,8958,2018,10160.0,0.0,1.122976,0.734109,MYS,IDN,843229
9209475,174,103,8958,2018,6161.0,0.0,0.781409,0.22126700000000002,PHL,IDN,843229
9209476,192,103,8958,2018,612674.0,35782.0,1.914132,0.652011,SGP,IDN,843229
9209477,216,103,8958,2018,2929542.0,0.0,1.053177,1.4084969999999999,THA,IDN,843229
9209478,220,103,8958,2018,0.0,2346.0,-0.595688,-0.8907370000000001,TLS,IDN,843229
9209479,224,103,8958,2018,576.0,0.0,0.518721,2.5581419999999997,TUR,IDN,843229
9209480,231,103,8958,2018,275182.0,0.0,1.585861,0.44815900000000003,USA,IDN,843229
9209481,239,103,8958,2018,97847.0,0.0,0.003069,0.9169729999999999,VNM,IDN,843229
9209482,249,103,8958,2018,37230.0,0.0,2.0462540000000002,1.166636,TWN,IDN,843229
9209483,1,104,8958,2018,0.0,26489.0,-1.267508,-0.8494940000000001,AFG,IND,843229
9209484,2,104,8958,2018,0.0,4416.0,-1.489191,-1.213992,AGO,IND,843229
9209485,8,104,8958,2018,0.0,9120.0,-0.14316800000000002,0.14356,ARG,IND,843229
9209486,9,104,8958,2018,0.0,26529.0,-0.330516,-0.604744,ARM,IND,843229
9209487,14,104,8958,2018,11561.0,6418.0,-0.29687199999999997,-0.123116,AUS,IND,843229
9209488,15,104,8958,2018,2348.0,0.0,1.774488,-0.21117800000000003,AUT,IND,843229
9209489,16,104,8958,2018,0.0,1654.0,-1.144089,-1.224327,AZE,IND,843229
9209490,18,104,8958,2018,0.0,3832.0,1.270641,1.201063,BEL,IND,843229
9209491,22,104,8958,2018,0.0,659160.0,-0.899467,-0.9823719999999999,BGD,IND,843229
9209492,23,104,8958,2018,0.0,3038.0,0.571226,1.836856,BGR,IND,843229
9209493,26,104,8958,2018,0.0,1556.0,0.526392,0.742398,BIH,IND,843229
9209494,35,104,8958,2018,0.0,1243.0,-0.168694,-0.77871,BTN,IND,843229
9209495,39,104,8958,2018,0.0,8290.0,0.666822,1.218593,CAN,IND,843229
9209496,43,104,8958,2018,18161148.0,10123.0,1.200689,1.2822,CHN,IND,843229
9209497,44,104,8958,2018,0.0,1865.0,-0.8733569999999999,-0.8443139999999999,CIV,IND,843229
9209498,46,104,8958,2018,0.0,2527.0,-1.743034,-1.20446,COD,IND,843229
9209499,47,104,8958,2018,0.0,3265.0,-1.52875,-1.1869100000000001,COG,IND,843229
9209500,49,104,8958,2018,0.0,26663.0,0.20431,-0.15273699999999998,COL,IND,843229
9209501,52,104,8958,2018,0.0,2641.0,0.19386,0.05811,CRI,IND,843229
9209502,64,104,8958,2018,0.0,11235.0,1.0945040000000001,1.3311540000000002,DNK,IND,843229
9209503,65,104,8958,2018,0.0,1515.0,-0.084258,0.474872,DOM,IND,843229
9209504,66,104,8958,2018,0.0,114104.0,-1.281519,-1.22291,DZA,IND,843229
9209505,67,104,8958,2018,0.0,1783.0,-0.873973,-1.032841,ECU,IND,843229
9209506,68,104,8958,2018,0.0,49499.0,-0.096635,1.585658,EGY,IND,843229
9209507,71,104,8958,2018,10901.0,0.0,0.744825,2.919005,ESP,IND,843229
9209508,73,104,8958,2018,0.0,3996.0,-0.874857,-0.464958,ETH,IND,843229
9209509,75,104,8958,2018,0.0,37941.0,-0.269185,0.006362,FJI,IND,843229
9209510,77,104,8958,2018,154437.0,40036.0,1.420819,0.7793770000000001,FRA,IND,843229
9209511,81,104,8958,2018,87414.0,90203.0,1.693008,0.768159,GBR,IND,843229
9209512,82,104,8958,2018,0.0,2680.0,-0.049871,-0.28439899999999996,GEO,IND,843229
9209513,83,104,8958,2018,0.0,28111.0,-0.956109,-0.861556,GHA,IND,843229
9209514,85,104,8958,2018,0.0,2193.0,-1.036697,-1.1562860000000001,GIN,IND,843229
9209515,90,104,8958,2018,0.0,86202.0,0.059539999999999996,1.0321879999999999,GRC,IND,843229
9209516,93,104,8958,2018,0.0,110067.0,-0.362668,0.520826,GTM,IND,843229
9209517,96,104,8958,2018,0.0,3588.0,-0.841458,-0.9803280000000001,GUY,IND,843229
9209518,100,104,8958,2018,0.0,95910.0,0.7923720000000001,1.4047209999999999,HRV,IND,843229
9209519,101,104,8958,2018,0.0,5619.0,-0.914545,-0.890601,HTI,IND,843229
9209520,103,104,8958,2018,0.0,157148.0,-0.10130499999999999,1.2414209999999999,IDN,IND,843229
9209521,108,104,8958,2018,0.0,172030.0,-1.7504400000000002,-1.018699,IRQ,IND,843229
9209522,111,104,8958,2018,1058790.0,109841.0,1.3602530000000002,0.453607,ITA,IND,843229
9209523,114,104,8958,2018,29049.0,5603.0,2.514533,-0.416074,JPN,IND,843229
9209524,116,104,8958,2018,0.0,9496.0,-0.32707800000000004,0.71009,KEN,IND,843229
9209525,118,104,8958,2018,0.0,22657.0,-0.45740299999999995,-0.575966,KHM,IND,843229
9209526,121,104,8958,2018,1172.0,23749.0,2.093866,0.764303,KOR,IND,843229
9209527,128,104,8958,2018,0.0,267322.0,-0.544504,0.41074099999999997,LKA,IND,843229
9209528,134,104,8958,2018,0.0,26919.0,-0.712775,-0.090013,MAR,IND,843229
9209529,135,104,8958,2018,0.0,3911.0,-0.358412,-0.271334,MDA,IND,843229
9209530,136,104,8958,2018,0.0,2436.0,-1.2144549999999998,-0.748326,MDG,IND,843229
9209531,137,104,8958,2018,0.0,5078.0,-0.577527,-0.952098,MDV,IND,843229
9209532,138,104,8958,2018,0.0,48464.0,1.00061,0.585759,MEX,IND,843229
9209533,141,104,8958,2018,0.0,19822.0,-0.49666499999999997,-0.7189909999999999,MLI,IND,843229
9209534,143,104,8958,2018,0.0,73652.0,-0.936467,-0.223413,MMR,IND,843229
9209535,144,104,8958,2018,0.0,5242.0,0.332495,0.124258,MNE,IND,843229
9209536,147,104,8958,2018,0.0,36719.0,-1.380023,-1.027817,MOZ,IND,843229
9209537,148,104,8958,2018,0.0,1332.0,-1.511361,-1.296003,MRT,IND,843229
9209538,151,104,8958,2018,0.0,8354.0,-0.128221,0.15049400000000002,MUS,IND,843229
9209539,152,104,8958,2018,0.0,11568.0,-0.7015979999999999,-0.9293680000000001,MWI,IND,843229
9209540,155,104,8958,2018,0.0,2734.0,-0.668091,-0.779938,NAM,IND,843229
9209541,159,104,8958,2018,0.0,10868.0,-1.8238,-1.259938,NGA,IND,843229
9209542,162,104,8958,2018,3761.0,31099.0,1.1478899999999999,1.454758,NLD,IND,843229
9209543,164,104,8958,2018,0.0,1658903.0,-0.252837,0.999258,NPL,IND,843229
9209544,166,104,8958,2018,0.0,24424.0,0.21902600000000003,0.148714,NZL,IND,843229
9209545,167,104,8958,2018,0.0,1982.0,-0.548048,-0.9972989999999999,OMN,IND,843229
9209546,168,104,8958,2018,0.0,1023.0,-0.64348,0.665045,PAK,IND,843229
9209547,169,104,8958,2018,0.0,1737.0,0.104326,-0.11611800000000001,PAN,IND,843229
9209548,173,104,8958,2018,0.0,2576.0,-0.6673060000000001,-0.183315,PER,IND,843229
9209549,174,104,8958,2018,1910.0,4113.0,0.781409,0.22126700000000002,PHL,IND,843229
9209550,186,104,8958,2018,0.0,4089.0,0.21398000000000003,0.100414,RUS,IND,843229
9209551,187,104,8958,2018,0.0,32304.0,-0.618925,-0.788172,RWA,IND,843229
9209552,188,104,8958,2018,0.0,54334.0,0.5801810000000001,-0.447514,SAU,IND,843229
9209553,190,104,8958,2018,0.0,8556.0,-1.278532,-1.176008,SDN,IND,843229
9209554,192,104,8958,2018,0.0,3056.0,1.914132,0.652011,SGP,IND,843229
9209555,196,104,8958,2018,0.0,1750.0,-0.06932999999999999,-0.36035300000000003,SLE,IND,843229
9209556,207,104,8958,2018,0.0,247450.0,1.67428,0.7703800000000001,SVN,IND,843229
9209557,208,104,8958,2018,15344.0,0.0,1.76361,0.766904,SWE,IND,843229
9209558,216,104,8958,2018,26935.0,8303.0,1.053177,1.4084969999999999,THA,IND,843229
9209559,224,104,8958,2018,7250.0,32455.0,0.518721,2.5581419999999997,TUR,IND,843229
9209560,226,104,8958,2018,0.0,5194.0,-0.09850700000000001,1.145606,TZA,IND,843229
9209561,227,104,8958,2018,0.0,17536.0,-0.621049,-0.061448,UGA,IND,843229
9209562,231,104,8958,2018,361269.0,222949.0,1.585861,0.44815900000000003,USA,IND,843229
9209563,239,104,8958,2018,0.0,2953.0,0.003069,0.9169729999999999,VNM,IND,843229
9209564,246,104,8958,2018,0.0,4076.0,0.158722,1.394829,ZAF,IND,843229
9209565,247,104,8958,2018,0.0,44323.0,-0.736064,-0.93958,ZMB,IND,843229
9209566,248,104,8958,2018,0.0,5457.0,-1.181524,-1.0648520000000001,ZWE,IND,843229
9209567,249,104,8958,2018,51089.0,0.0,2.0462540000000002,1.166636,TWN,IND,843229
9209568,14,106,8958,2018,0.0,2566.0,-0.29687199999999997,-0.123116,AUS,IRL,843229
9209569,15,106,8958,2018,98203.0,0.0,1.774488,-0.21117800000000003,AUT,IRL,843229
9209570,18,106,8958,2018,22087.0,0.0,1.270641,1.201063,BEL,IRL,843229
9209571,39,106,8958,2018,18643.0,0.0,0.666822,1.218593,CAN,IRL,843229
9209572,42,106,8958,2018,0.0,26147.0,-0.37677,-0.49605299999999997,CHL,IRL,843229
9209573,43,106,8958,2018,48291.0,1604.0,1.200689,1.2822,CHN,IRL,843229
9209574,59,106,8958,2018,58780.0,2745.0,1.841016,0.220806,CZE,IRL,843229
9209575,61,106,8958,2018,1827201.0,0.0,2.109059,-2.428826,DEU,IRL,843229
9209576,64,106,8958,2018,783184.0,1157.0,1.0945040000000001,1.3311540000000002,DNK,IRL,843229
9209577,77,106,8958,2018,840900.0,13177.0,1.420819,0.7793770000000001,FRA,IRL,843229
9209578,81,106,8958,2018,5291948.0,1801962.0,1.693008,0.768159,GBR,IRL,843229
9209579,83,106,8958,2018,0.0,8858.0,-0.956109,-0.861556,GHA,IRL,843229
9209580,90,106,8958,2018,0.0,1573.0,0.059539999999999996,1.0321879999999999,GRC,IRL,843229
9209581,100,106,8958,2018,8935.0,0.0,0.7923720000000001,1.4047209999999999,HRV,IRL,843229
9209582,111,106,8958,2018,1197399.0,0.0,1.3602530000000002,0.453607,ITA,IRL,843229
9209583,112,106,8958,2018,0.0,1480.0,-0.339328,-0.8756659999999999,JAM,IRL,843229
9209584,115,106,8958,2018,0.0,912.0,-0.483862,-0.667417,KAZ,IRL,843229
9209585,132,106,8958,2018,0.0,1276.0,0.707168,1.294297,LVA,IRL,843229
9209586,162,106,8958,2018,99439.0,0.0,1.1478899999999999,1.454758,NLD,IRL,843229
9209587,163,106,8958,2018,0.0,24049.0,0.681639,0.021762,NOR,IRL,843229
9209588,166,106,8958,2018,0.0,10321.0,0.21902600000000003,0.148714,NZL,IRL,843229
9209589,167,106,8958,2018,0.0,2541.0,-0.548048,-0.9972989999999999,OMN,IRL,843229
9209590,177,106,8958,2018,726172.0,84594.0,1.132475,1.258945,POL,IRL,843229
9209591,179,106,8958,2018,3045.0,23650.0,0.652628,2.211758,PRT,IRL,843229
9209592,185,106,8958,2018,68346.0,19678.0,1.050715,1.04471,ROU,IRL,843229
9209593,208,106,8958,2018,744888.0,0.0,1.76361,0.766904,SWE,IRL,843229
9209594,224,106,8958,2018,167407.0,0.0,0.518721,2.5581419999999997,TUR,IRL,843229
9209595,231,106,8958,2018,47297.0,6348.0,1.585861,0.44815900000000003,USA,IRL,843229
9209596,246,106,8958,2018,0.0,1028.0,0.158722,1.394829,ZAF,IRL,843229
9209597,250,106,8958,2018,2547.0,0.0,0.809991,-0.368737,ANS,IRL,843229
9209598,1,111,8958,2018,0.0,14450.0,-1.267508,-0.8494940000000001,AFG,ITA,843229
9209599,2,111,8958,2018,0.0,414217.0,-1.489191,-1.213992,AGO,ITA,843229
9209600,4,111,8958,2018,3817.0,124860.0,-0.456481,-0.139655,ALB,ITA,843229
9209601,7,111,8958,2018,0.0,40223.0,0.11804400000000001,-0.326851,ARE,ITA,843229
9209602,8,111,8958,2018,0.0,218788.0,-0.14316800000000002,0.14356,ARG,ITA,843229
9209603,9,111,8958,2018,0.0,78791.0,-0.330516,-0.604744,ARM,ITA,843229
9209604,14,111,8958,2018,0.0,2465497.0,-0.29687199999999997,-0.123116,AUS,ITA,843229
9209605,15,111,8958,2018,1701425.0,4033562.0,1.774488,-0.21117800000000003,AUT,ITA,843229
9209606,16,111,8958,2018,0.0,70168.0,-1.144089,-1.224327,AZE,ITA,843229
9209607,17,111,8958,2018,0.0,8010.0,-0.654964,-0.9683229999999999,BDI,ITA,843229
9209608,18,111,8958,2018,866325.0,4909010.0,1.270641,1.201063,BEL,ITA,843229
9209609,19,111,8958,2018,0.0,915.0,-0.646475,-0.769808,BEN,ITA,843229
9209610,21,111,8958,2018,0.0,11252.0,-0.8835200000000001,-0.9790620000000001,BFA,ITA,843229
9209611,22,111,8958,2018,0.0,49947.0,-0.899467,-0.9823719999999999,BGD,ITA,843229
9209612,23,111,8958,2018,4800.0,1276781.0,0.571226,1.836856,BGR,ITA,843229
9209613,24,111,8958,2018,0.0,46737.0,0.318352,-0.69221,BHR,ITA,843229
9209614,26,111,8958,2018,0.0,56618.0,0.526392,0.742398,BIH,ITA,843229
9209615,28,111,8958,2018,0.0,87726.0,0.850089,0.8332870000000001,BLR,ITA,843229
9209616,31,111,8958,2018,0.0,39472.0,-1.153953,-1.070749,BOL,ITA,843229
9209617,32,111,8958,2018,40430.0,15469.0,0.143397,0.582092,BRA,ITA,843229
9209618,35,111,8958,2018,0.0,10594.0,-0.168694,-0.77871,BTN,ITA,843229
9209619,38,111,8958,2018,0.0,11739.0,-0.041318,-0.687923,CAF,ITA,843229
9209620,39,111,8958,2018,4722.0,1429098.0,0.666822,1.218593,CAN,ITA,843229
9209621,41,111,8958,2018,4063.0,3161017.0,2.2324330000000003,0.7801560000000001,CHE,ITA,843229
9209622,42,111,8958,2018,0.0,1046099.0,-0.37677,-0.49605299999999997,CHL,ITA,843229
9209623,43,111,8958,2018,9297860.0,653320.0,1.200689,1.2822,CHN,ITA,843229
9209624,44,111,8958,2018,0.0,1165.0,-0.8733569999999999,-0.8443139999999999,CIV,ITA,843229
9209625,45,111,8958,2018,0.0,1929.0,-1.366619,-1.09894,CMR,ITA,843229
9209626,47,111,8958,2018,0.0,8810.0,-1.52875,-1.1869100000000001,COG,ITA,843229
9209627,49,111,8958,2018,0.0,324620.0,0.20431,-0.15273699999999998,COL,ITA,843229
9209628,52,111,8958,2018,0.0,198388.0,0.19386,0.05811,CRI,ITA,843229
9209629,54,111,8958,2018,0.0,4209.0,-0.8835629999999999,-1.15678,CUB,ITA,843229
9209630,58,111,8958,2018,0.0,104571.0,0.45442,-0.113303,CYP,ITA,843229
9209631,59,111,8958,2018,314993.0,1823423.0,1.841016,0.220806,CZE,ITA,843229
9209632,61,111,8958,2018,4748391.0,15846027.0,2.109059,-2.428826,DEU,ITA,843229
9209633,64,111,8958,2018,705769.0,3556560.0,1.0945040000000001,1.3311540000000002,DNK,ITA,843229
9209634,65,111,8958,2018,0.0,229529.0,-0.084258,0.474872,DOM,ITA,843229
9209635,66,111,8958,2018,0.0,628109.0,-1.281519,-1.22291,DZA,ITA,843229
9209636,67,111,8958,2018,0.0,138207.0,-0.873973,-1.032841,ECU,ITA,843229
9209637,68,111,8958,2018,0.0,191043.0,-0.096635,1.585658,EGY,ITA,843229
9209638,71,111,8958,2018,1016399.0,6762352.0,0.744825,2.919005,ESP,ITA,843229
9209639,72,111,8958,2018,0.0,644239.0,0.979986,1.2365899999999999,EST,ITA,843229
9209640,73,111,8958,2018,0.0,17196.0,-0.874857,-0.464958,ETH,ITA,843229
9209641,74,111,8958,2018,28184.0,281175.0,1.61151,0.9474549999999999,FIN,ITA,843229
9209642,75,111,8958,2018,0.0,12557.0,-0.269185,0.006362,FJI,ITA,843229
9209643,77,111,8958,2018,3882440.0,25058586.0,1.420819,0.7793770000000001,FRA,ITA,843229
9209644,81,111,8958,2018,334858.0,6473734.0,1.693008,0.768159,GBR,ITA,843229
9209645,82,111,8958,2018,0.0,33137.0,-0.049871,-0.28439899999999996,GEO,ITA,843229
9209646,83,111,8958,2018,0.0,7898.0,-0.956109,-0.861556,GHA,ITA,843229
9209647,88,111,8958,2018,0.0,1299.0,-2.260375,-1.038929,GNB,ITA,843229
9209648,90,111,8958,2018,7693.0,1279887.0,0.059539999999999996,1.0321879999999999,GRC,ITA,843229
9209649,93,111,8958,2018,0.0,49644.0,-0.362668,0.520826,GTM,ITA,843229
9209650,97,111,8958,2018,0.0,40437.0,0.843677,1.656073,HKG,ITA,843229
9209651,99,111,8958,2018,0.0,5820.0,-0.523738,-0.193198,HND,ITA,843229
9209652,100,111,8958,2018,34780.0,2883242.0,0.7923720000000001,1.4047209999999999,HRV,ITA,843229
9209653,101,111,8958,2018,0.0,6803.0,-0.914545,-0.890601,HTI,ITA,843229
9209654,102,111,8958,2018,44691.0,2522545.0,1.519662,0.833092,HUN,ITA,843229
9209655,103,111,8958,2018,0.0,73017.0,-0.10130499999999999,1.2414209999999999,IDN,ITA,843229
9209656,104,111,8958,2018,109841.0,1058790.0,0.526015,2.448112,IND,ITA,843229
9209657,106,111,8958,2018,0.0,1197399.0,1.262419,0.013576,IRL,ITA,843229
9209658,107,111,8958,2018,0.0,112049.0,-0.389954,-0.258156,IRN,ITA,843229
9209659,108,111,8958,2018,0.0,37988.0,-1.7504400000000002,-1.018699,IRQ,ITA,843229
9209660,109,111,8958,2018,0.0,133778.0,0.252338,-0.341319,ISL,ITA,843229
9209661,110,111,8958,2018,0.0,809959.0,1.355071,0.872822,ISR,ITA,843229
9209662,113,111,8958,2018,0.0,5405.0,-0.086895,0.283829,JOR,ITA,843229
9209663,114,111,8958,2018,2190457.0,3153831.0,2.514533,-0.416074,JPN,ITA,843229
9209664,115,111,8958,2018,0.0,79623.0,-0.483862,-0.667417,KAZ,ITA,843229
9209665,116,111,8958,2018,0.0,27479.0,-0.32707800000000004,0.71009,KEN,ITA,843229
9209666,117,111,8958,2018,0.0,41747.0,-0.141491,0.33161,KGZ,ITA,843229
9209667,118,111,8958,2018,0.0,7996.0,-0.45740299999999995,-0.575966,KHM,ITA,843229
9209668,121,111,8958,2018,1685.0,2655610.0,2.093866,0.764303,KOR,ITA,843229
9209669,122,111,8958,2018,0.0,14655.0,-0.668802,-1.154012,KWT,ITA,843229
9209670,124,111,8958,2018,0.0,428306.0,0.270554,0.9995149999999999,LBN,ITA,843229
9209671,126,111,8958,2018,0.0,14306.0,-1.608786,-1.231101,LBY,ITA,843229
9209672,130,111,8958,2018,0.0,309988.0,0.964249,1.4050200000000002,LTU,ITA,843229
9209673,131,111,8958,2018,0.0,140833.0,1.1142889999999999,1.306066,LUX,ITA,843229
9209674,132,111,8958,2018,0.0,317753.0,0.707168,1.294297,LVA,ITA,843229
9209675,134,111,8958,2018,0.0,353384.0,-0.712775,-0.090013,MAR,ITA,843229
9209676,135,111,8958,2018,0.0,621243.0,-0.358412,-0.271334,MDA,ITA,843229
9209677,136,111,8958,2018,13912.0,8710.0,-1.2144549999999998,-0.748326,MDG,ITA,843229
9209678,138,111,8958,2018,0.0,1526031.0,1.00061,0.585759,MEX,ITA,843229
9209679,140,111,8958,2018,0.0,28990.0,0.079976,-0.20256,MKD,ITA,843229
9209680,142,111,8958,2018,0.0,110668.0,0.9621219999999999,0.257289,MLT,ITA,843229
9209681,144,111,8958,2018,0.0,20759.0,0.332495,0.124258,MNE,ITA,843229
9209682,145,111,8958,2018,0.0,8128.0,-0.934398,-1.125105,MNG,ITA,843229
9209683,151,111,8958,2018,0.0,6642.0,-0.128221,0.15049400000000002,MUS,ITA,843229
9209684,156,111,8958,2018,0.0,271118.0,-0.49370299999999995,-0.865432,NCL,ITA,843229
9209685,159,111,8958,2018,0.0,40620.0,-1.8238,-1.259938,NGA,ITA,843229
9209686,160,111,8958,2018,0.0,33068.0,-0.887282,-0.827008,NIC,ITA,843229
9209687,162,111,8958,2018,94125.0,2701118.0,1.1478899999999999,1.454758,NLD,ITA,843229
9209688,163,111,8958,2018,0.0,251617.0,0.681639,0.021762,NOR,ITA,843229
9209689,166,111,8958,2018,21119.0,1585868.0,0.21902600000000003,0.148714,NZL,ITA,843229
9209690,167,111,8958,2018,0.0,30441.0,-0.548048,-0.9972989999999999,OMN,ITA,843229
9209691,168,111,8958,2018,0.0,81053.0,-0.64348,0.665045,PAK,ITA,843229
9209692,169,111,8958,2018,0.0,84857.0,0.104326,-0.11611800000000001,PAN,ITA,843229
9209693,173,111,8958,2018,0.0,8923.0,-0.6673060000000001,-0.183315,PER,ITA,843229
9209694,174,111,8958,2018,0.0,67439.0,0.781409,0.22126700000000002,PHL,ITA,843229
9209695,177,111,8958,2018,1278314.0,3368333.0,1.132475,1.258945,POL,ITA,843229
9209696,179,111,8958,2018,32828.0,2499461.0,0.652628,2.211758,PRT,ITA,843229
9209697,180,111,8958,2018,0.0,21847.0,-0.614751,-0.952478,PRY,ITA,843229
9209698,182,111,8958,2018,0.0,3456.0,0.21430300000000002,-0.484076,PYF,ITA,843229
9209699,183,111,8958,2018,0.0,43786.0,-0.068401,-1.014732,QAT,ITA,843229
9209700,185,111,8958,2018,4248776.0,3390734.0,1.050715,1.04471,ROU,ITA,843229
9209701,186,111,8958,2018,1683.0,1464620.0,0.21398000000000003,0.100414,RUS,ITA,843229
9209702,188,111,8958,2018,0.0,40032.0,0.5801810000000001,-0.447514,SAU,ITA,843229
9209703,190,111,8958,2018,0.0,162946.0,-1.278532,-1.176008,SDN,ITA,843229
9209704,191,111,8958,2018,0.0,501108.0,-0.751378,-0.390573,SEN,ITA,843229
9209705,192,111,8958,2018,0.0,267807.0,1.914132,0.652011,SGP,ITA,843229
9209706,196,111,8958,2018,0.0,5576.0,-0.06932999999999999,-0.36035300000000003,SLE,ITA,843229
9209707,197,111,8958,2018,0.0,31292.0,0.073928,0.22548600000000002,SLV,ITA,843229
9209708,199,111,8958,2018,0.0,7835.0,-1.4787370000000002,-1.050578,SOM,ITA,843229
9209709,201,111,8958,2018,5883.0,434300.0,0.607486,1.2139389999999999,SRB,ITA,843229
9209710,206,111,8958,2018,70145.0,772022.0,1.3270979999999999,0.877684,SVK,ITA,843229
9209711,207,111,8958,2018,46527.0,1174235.0,1.67428,0.7703800000000001,SVN,ITA,843229
9209712,208,111,8958,2018,727238.0,2399054.0,1.76361,0.766904,SWE,ITA,843229
9209713,212,111,8958,2018,0.0,41953.0,-0.6836760000000001,0.554563,SYR,ITA,843229
9209714,216,111,8958,2018,0.0,219595.0,1.053177,1.4084969999999999,THA,ITA,843229
9209715,222,111,8958,2018,0.0,26367.0,-0.281617,-1.009652,TTO,ITA,843229
9209716,223,111,8958,2018,0.0,398658.0,0.259778,1.187194,TUN,ITA,843229
9209717,224,111,8958,2018,549606.0,1802478.0,0.518721,2.5581419999999997,TUR,ITA,843229
9209718,226,111,8958,2018,0.0,42191.0,-0.09850700000000001,1.145606,TZA,ITA,843229
9209719,227,111,8958,2018,0.0,470610.0,-0.621049,-0.061448,UGA,ITA,843229
9209720,228,111,8958,2018,7549.0,1001650.0,0.337296,0.758675,UKR,ITA,843229
9209721,230,111,8958,2018,0.0,11879.0,-0.02056,-0.38911,URY,ITA,843229
9209722,231,111,8958,2018,60085.0,8592641.0,1.585861,0.44815900000000003,USA,ITA,843229
9209723,232,111,8958,2018,0.0,29153.0,-0.591547,-0.429982,UZB,ITA,843229
9209724,236,111,8958,2018,0.0,5412.0,-1.081138,-1.198717,VEN,ITA,843229
9209725,239,111,8958,2018,3080.0,17483.0,0.003069,0.9169729999999999,VNM,ITA,843229
9209726,246,111,8958,2018,0.0,1773086.0,0.158722,1.394829,ZAF,ITA,843229
9209727,247,111,8958,2018,0.0,4561.0,-0.736064,-0.93958,ZMB,ITA,843229
9209728,248,111,8958,2018,0.0,99361.0,-1.181524,-1.0648520000000001,ZWE,ITA,843229
9209729,249,111,8958,2018,0.0,5647.0,2.0462540000000002,1.166636,TWN,ITA,843229
9209730,32,112,8958,2018,1832.0,0.0,0.143397,0.582092,BRA,JAM,843229
9209731,43,112,8958,2018,3809.0,0.0,1.200689,1.2822,CHN,JAM,843229
9209732,54,112,8958,2018,11810.0,0.0,-0.8835629999999999,-1.15678,CUB,JAM,843229
9209733,106,112,8958,2018,1480.0,0.0,1.262419,0.013576,IRL,JAM,843229
9209734,162,112,8958,2018,19696.0,0.0,1.1478899999999999,1.454758,NLD,JAM,843229
9209735,231,112,8958,2018,69002.0,0.0,1.585861,0.44815900000000003,USA,JAM,843229
9209736,7,113,8958,2018,1067.0,0.0,0.11804400000000001,-0.326851,ARE,JOR,843229
9209737,43,113,8958,2018,111584.0,0.0,1.200689,1.2822,CHN,JOR,843229
9209738,111,113,8958,2018,5405.0,0.0,1.3602530000000002,0.453607,ITA,JOR,843229
9209739,114,113,8958,2018,4137.0,0.0,2.514533,-0.416074,JPN,JOR,843229
9209740,162,113,8958,2018,13135.0,0.0,1.1478899999999999,1.454758,NLD,JOR,843229
9209741,224,113,8958,2018,148456.0,0.0,0.518721,2.5581419999999997,TUR,JOR,843229
9209742,14,114,8958,2018,0.0,223283.0,-0.29687199999999997,-0.123116,AUS,JPN,843229
9209743,15,114,8958,2018,11280.0,82515.0,1.774488,-0.21117800000000003,AUT,JPN,843229
9209744,18,114,8958,2018,208049.0,2619138.0,1.270641,1.201063,BEL,JPN,843229
9209745,21,114,8958,2018,0.0,1938.0,-0.8835200000000001,-0.9790620000000001,BFA,JPN,843229
9209746,23,114,8958,2018,0.0,39358.0,0.571226,1.836856,BGR,JPN,843229
9209747,28,114,8958,2018,0.0,1551.0,0.850089,0.8332870000000001,BLR,JPN,843229
9209748,31,114,8958,2018,0.0,19927.0,-1.153953,-1.070749,BOL,JPN,843229
9209749,32,114,8958,2018,0.0,98602.0,0.143397,0.582092,BRA,JPN,843229
9209750,39,114,8958,2018,3390.0,22477.0,0.666822,1.218593,CAN,JPN,843229
9209751,41,114,8958,2018,0.0,227010.0,2.2324330000000003,0.7801560000000001,CHE,JPN,843229
9209752,42,114,8958,2018,0.0,88041.0,-0.37677,-0.49605299999999997,CHL,JPN,843229
9209753,43,114,8958,2018,2217515.0,93276.0,1.200689,1.2822,CHN,JPN,843229
9209754,58,114,8958,2018,0.0,1415.0,0.45442,-0.113303,CYP,JPN,843229
9209755,59,114,8958,2018,0.0,82448.0,1.841016,0.220806,CZE,JPN,843229
9209756,61,114,8958,2018,4791586.0,72429.0,2.109059,-2.428826,DEU,JPN,843229
9209757,64,114,8958,2018,1090342.0,0.0,1.0945040000000001,1.3311540000000002,DNK,JPN,843229
9209758,65,114,8958,2018,0.0,3237.0,-0.084258,0.474872,DOM,JPN,843229
9209759,67,114,8958,2018,0.0,80790.0,-0.873973,-1.032841,ECU,JPN,843229
9209760,68,114,8958,2018,0.0,211631.0,-0.096635,1.585658,EGY,JPN,843229
9209761,71,114,8958,2018,0.0,387486.0,0.744825,2.919005,ESP,JPN,843229
9209762,72,114,8958,2018,0.0,9051.0,0.979986,1.2365899999999999,EST,JPN,843229
9209763,74,114,8958,2018,12437.0,13105.0,1.61151,0.9474549999999999,FIN,JPN,843229
9209764,75,114,8958,2018,0.0,3798.0,-0.269185,0.006362,FJI,JPN,843229
9209765,77,114,8958,2018,2452428.0,1828950.0,1.420819,0.7793770000000001,FRA,JPN,843229
9209766,81,114,8958,2018,293712.0,33871.0,1.693008,0.768159,GBR,JPN,843229
9209767,82,114,8958,2018,0.0,8860.0,-0.049871,-0.28439899999999996,GEO,JPN,843229
9209768,97,114,8958,2018,0.0,84354.0,0.843677,1.656073,HKG,JPN,843229
9209769,100,114,8958,2018,0.0,6494.0,0.7923720000000001,1.4047209999999999,HRV,JPN,843229
9209770,102,114,8958,2018,0.0,50040.0,1.519662,0.833092,HUN,JPN,843229
9209771,103,114,8958,2018,0.0,292085.0,-0.10130499999999999,1.2414209999999999,IDN,JPN,843229
9209772,104,114,8958,2018,5603.0,29049.0,0.526015,2.448112,IND,JPN,843229
9209773,111,114,8958,2018,3153831.0,2190457.0,1.3602530000000002,0.453607,ITA,JPN,843229
9209774,113,114,8958,2018,0.0,4137.0,-0.086895,0.283829,JOR,JPN,843229
9209775,115,114,8958,2018,0.0,2839.0,-0.483862,-0.667417,KAZ,JPN,843229
9209776,117,114,8958,2018,0.0,1400.0,-0.141491,0.33161,KGZ,JPN,843229
9209777,118,114,8958,2018,0.0,62317.0,-0.45740299999999995,-0.575966,KHM,JPN,843229
9209778,121,114,8958,2018,45493.0,617240.0,2.093866,0.764303,KOR,JPN,843229
9209779,123,114,8958,2018,0.0,73382.0,-0.788808,-0.8012670000000001,LAO,JPN,843229
9209780,124,114,8958,2018,0.0,7703.0,0.270554,0.9995149999999999,LBN,JPN,843229
9209781,127,114,8958,2018,0.0,2985.0,0.18656,-0.143406,LCA,JPN,843229
9209782,128,114,8958,2018,0.0,2292.0,-0.544504,0.41074099999999997,LKA,JPN,843229
9209783,130,114,8958,2018,0.0,32035.0,0.964249,1.4050200000000002,LTU,JPN,843229
9209784,132,114,8958,2018,0.0,11024.0,0.707168,1.294297,LVA,JPN,843229
9209785,134,114,8958,2018,0.0,1521.0,-0.712775,-0.090013,MAR,JPN,843229
9209786,135,114,8958,2018,0.0,31649.0,-0.358412,-0.271334,MDA,JPN,843229
9209787,138,114,8958,2018,16896.0,23148.0,1.00061,0.585759,MEX,JPN,843229
9209788,140,114,8958,2018,0.0,394.0,0.079976,-0.20256,MKD,JPN,843229
9209789,142,114,8958,2018,0.0,4448.0,0.9621219999999999,0.257289,MLT,JPN,843229
9209790,143,114,8958,2018,0.0,6681.0,-0.936467,-0.223413,MMR,JPN,843229
9209791,145,114,8958,2018,0.0,8126.0,-0.934398,-1.125105,MNG,JPN,843229
9209792,151,114,8958,2018,0.0,3243.0,-0.128221,0.15049400000000002,MUS,JPN,843229
9209793,153,114,8958,2018,0.0,5196.0,1.122976,0.734109,MYS,JPN,843229
9209794,162,114,8958,2018,607060.0,1789.0,1.1478899999999999,1.454758,NLD,JPN,843229
9209795,166,114,8958,2018,6525.0,4421.0,0.21902600000000003,0.148714,NZL,JPN,843229
9209796,168,114,8958,2018,0.0,1255.0,-0.64348,0.665045,PAK,JPN,843229
9209797,174,114,8958,2018,8530.0,39050.0,0.781409,0.22126700000000002,PHL,JPN,843229
9209798,175,114,8958,2018,0.0,1583.0,0.07495,-0.8339719999999999,PLW,JPN,843229
9209799,177,114,8958,2018,739184.0,12303.0,1.132475,1.258945,POL,JPN,843229
9209800,179,114,8958,2018,0.0,63005.0,0.652628,2.211758,PRT,JPN,843229
9209801,185,114,8958,2018,0.0,5690.0,1.050715,1.04471,ROU,JPN,843229
9209802,186,114,8958,2018,0.0,75494.0,0.21398000000000003,0.100414,RUS,JPN,843229
9209803,187,114,8958,2018,0.0,3577.0,-0.618925,-0.788172,RWA,JPN,843229
9209804,197,114,8958,2018,0.0,5216.0,0.073928,0.22548600000000002,SLV,JPN,843229
9209805,206,114,8958,2018,0.0,10045.0,1.3270979999999999,0.877684,SVK,JPN,843229
9209806,207,114,8958,2018,0.0,14439.0,1.67428,0.7703800000000001,SVN,JPN,843229
9209807,208,114,8958,2018,10330.0,2925.0,1.76361,0.766904,SWE,JPN,843229
9209808,216,114,8958,2018,300845.0,32758.0,1.053177,1.4084969999999999,THA,JPN,843229
9209809,224,114,8958,2018,21176.0,37908.0,0.518721,2.5581419999999997,TUR,JPN,843229
9209810,228,114,8958,2018,0.0,188640.0,0.337296,0.758675,UKR,JPN,843229
9209811,230,114,8958,2018,0.0,6254.0,-0.02056,-0.38911,URY,JPN,843229
9209812,231,114,8958,2018,746337.0,2541915.0,1.585861,0.44815900000000003,USA,JPN,843229
9209813,239,114,8958,2018,1977.0,499293.0,0.003069,0.9169729999999999,VNM,JPN,843229
9209814,246,114,8958,2018,0.0,3105.0,0.158722,1.394829,ZAF,JPN,843229
9209815,247,114,8958,2018,0.0,1971.0,-0.736064,-0.93958,ZMB,JPN,843229
9209816,249,114,8958,2018,6658.0,432785.0,2.0462540000000002,1.166636,TWN,JPN,843229
9209817,14,118,8958,2018,13334.0,0.0,-0.29687199999999997,-0.123116,AUS,KHM,843229
9209818,32,118,8958,2018,7517.0,0.0,0.143397,0.582092,BRA,KHM,843229
9209819,39,118,8958,2018,37445.0,0.0,0.666822,1.218593,CAN,KHM,843229
9209820,43,118,8958,2018,152202.0,0.0,1.200689,1.2822,CHN,KHM,843229
9209821,81,118,8958,2018,1073.0,0.0,1.693008,0.768159,GBR,KHM,843229
9209822,104,118,8958,2018,22657.0,0.0,0.526015,2.448112,IND,KHM,843229
9209823,111,118,8958,2018,7996.0,0.0,1.3602530000000002,0.453607,ITA,KHM,843229
9209824,114,118,8958,2018,62317.0,0.0,2.514533,-0.416074,JPN,KHM,843229
9209825,121,118,8958,2018,1357.0,0.0,2.093866,0.764303,KOR,KHM,843229
9209826,216,118,8958,2018,8165408.0,0.0,1.053177,1.4084969999999999,THA,KHM,843229
9209827,239,118,8958,2018,0.0,65913.0,0.003069,0.9169729999999999,VNM,KHM,843229
9209828,249,118,8958,2018,1581.0,0.0,2.0462540000000002,1.166636,TWN,KHM,843229
9209829,8,121,8958,2018,0.0,12626.0,-0.14316800000000002,0.14356,ARG,KOR,843229
9209830,14,121,8958,2018,24308.0,114695.0,-0.29687199999999997,-0.123116,AUS,KOR,843229
9209831,15,121,8958,2018,5988.0,0.0,1.774488,-0.21117800000000003,AUT,KOR,843229
9209832,23,121,8958,2018,0.0,86973.0,0.571226,1.836856,BGR,KOR,843229
9209833,32,121,8958,2018,0.0,1657.0,0.143397,0.582092,BRA,KOR,843229
9209834,39,121,8958,2018,7217.0,52025.0,0.666822,1.218593,CAN,KOR,843229
9209835,42,121,8958,2018,0.0,64894.0,-0.37677,-0.49605299999999997,CHL,KOR,843229
9209836,43,121,8958,2018,2297096.0,30193.0,1.200689,1.2822,CHN,KOR,843229
9209837,52,121,8958,2018,0.0,5565.0,0.19386,0.05811,CRI,KOR,843229
9209838,61,121,8958,2018,98901.0,0.0,2.109059,-2.428826,DEU,KOR,843229
9209839,66,121,8958,2018,0.0,3000.0,-1.281519,-1.22291,DZA,KOR,843229
9209840,68,121,8958,2018,0.0,3751.0,-0.096635,1.585658,EGY,KOR,843229
9209841,71,121,8958,2018,0.0,22878.0,0.744825,2.919005,ESP,KOR,843229
9209842,74,121,8958,2018,1702.0,0.0,1.61151,0.9474549999999999,FIN,KOR,843229
9209843,77,121,8958,2018,20884.0,0.0,1.420819,0.7793770000000001,FRA,KOR,843229
9209844,81,121,8958,2018,130832.0,0.0,1.693008,0.768159,GBR,KOR,843229
9209845,83,121,8958,2018,0.0,3084.0,-0.956109,-0.861556,GHA,KOR,843229
9209846,90,121,8958,2018,0.0,86739.0,0.059539999999999996,1.0321879999999999,GRC,KOR,843229
9209847,97,121,8958,2018,13102.0,0.0,0.843677,1.656073,HKG,KOR,843229
9209848,104,121,8958,2018,23749.0,1172.0,0.526015,2.448112,IND,KOR,843229
9209849,111,121,8958,2018,2655610.0,1685.0,1.3602530000000002,0.453607,ITA,KOR,843229
9209850,114,121,8958,2018,617240.0,45493.0,2.514533,-0.416074,JPN,KOR,843229
9209851,117,121,8958,2018,0.0,1867.0,-0.141491,0.33161,KGZ,KOR,843229
9209852,118,121,8958,2018,0.0,1357.0,-0.45740299999999995,-0.575966,KHM,KOR,843229
9209853,122,121,8958,2018,0.0,43889.0,-0.668802,-1.154012,KWT,KOR,843229
9209854,135,121,8958,2018,0.0,462.0,-0.358412,-0.271334,MDA,KOR,843229
9209855,145,121,8958,2018,0.0,3853.0,-0.934398,-1.125105,MNG,KOR,843229
9209856,147,121,8958,2018,0.0,2481.0,-1.380023,-1.027817,MOZ,KOR,843229
9209857,162,121,8958,2018,44763.0,0.0,1.1478899999999999,1.454758,NLD,KOR,843229
9209858,166,121,8958,2018,4019.0,5665.0,0.21902600000000003,0.148714,NZL,KOR,843229
9209859,169,121,8958,2018,0.0,5793.0,0.104326,-0.11611800000000001,PAN,KOR,843229
9209860,174,121,8958,2018,0.0,77784.0,0.781409,0.22126700000000002,PHL,KOR,843229
9209861,177,121,8958,2018,1363.0,0.0,1.132475,1.258945,POL,KOR,843229
9209862,182,121,8958,2018,0.0,407.0,0.21430300000000002,-0.484076,PYF,KOR,843229
9209863,186,121,8958,2018,0.0,1493.0,0.21398000000000003,0.100414,RUS,KOR,843229
9209864,188,121,8958,2018,0.0,3237.0,0.5801810000000001,-0.447514,SAU,KOR,843229
9209865,216,121,8958,2018,9001.0,2853.0,1.053177,1.4084969999999999,THA,KOR,843229
9209866,224,121,8958,2018,6853.0,0.0,0.518721,2.5581419999999997,TUR,KOR,843229
9209867,231,121,8958,2018,288660.0,7960626.0,1.585861,0.44815900000000003,USA,KOR,843229
9209868,232,121,8958,2018,0.0,18230.0,-0.591547,-0.429982,UZB,KOR,843229
9209869,239,121,8958,2018,0.0,1993.0,0.003069,0.9169729999999999,VNM,KOR,843229
9209870,249,121,8958,2018,37128.0,1583.0,2.0462540000000002,1.166636,TWN,KOR,843229
9209871,43,122,8958,2018,38386.0,0.0,1.200689,1.2822,CHN,KWT,843229
9209872,68,122,8958,2018,21204.0,0.0,-0.096635,1.585658,EGY,KWT,843229
9209873,111,122,8958,2018,14655.0,0.0,1.3602530000000002,0.453607,ITA,KWT,843229
9209874,121,122,8958,2018,43889.0,0.0,2.093866,0.764303,KOR,KWT,843229
9209875,162,122,8958,2018,11955.0,0.0,1.1478899999999999,1.454758,NLD,KWT,843229
9209876,177,122,8958,2018,1711.0,0.0,1.132475,1.258945,POL,KWT,843229
9209877,208,122,8958,2018,5397.0,0.0,1.76361,0.766904,SWE,KWT,843229
9209878,224,122,8958,2018,9920.0,0.0,0.518721,2.5581419999999997,TUR,KWT,843229
9209879,231,122,8958,2018,4444.0,0.0,1.585861,0.44815900000000003,USA,KWT,843229
9209880,15,130,8958,2018,327731.0,0.0,1.774488,-0.21117800000000003,AUT,LTU,843229
9209881,16,130,8958,2018,0.0,4191.0,-1.144089,-1.224327,AZE,LTU,843229
9209882,18,130,8958,2018,15844.0,14023.0,1.270641,1.201063,BEL,LTU,843229
9209883,28,130,8958,2018,64444.0,381770.0,0.850089,0.8332870000000001,BLR,LTU,843229
9209884,39,130,8958,2018,6963.0,0.0,0.666822,1.218593,CAN,LTU,843229
9209885,43,130,8958,2018,3848694.0,0.0,1.200689,1.2822,CHN,LTU,843229
9209886,59,130,8958,2018,1279272.0,27379.0,1.841016,0.220806,CZE,LTU,843229
9209887,61,130,8958,2018,3798933.0,11973.0,2.109059,-2.428826,DEU,LTU,843229
9209888,64,130,8958,2018,1327874.0,11239.0,1.0945040000000001,1.3311540000000002,DNK,LTU,843229
9209889,71,130,8958,2018,92403.0,0.0,0.744825,2.919005,ESP,LTU,843229
9209890,72,130,8958,2018,122483.0,113712.0,0.979986,1.2365899999999999,EST,LTU,843229
9209891,74,130,8958,2018,541418.0,0.0,1.61151,0.9474549999999999,FIN,LTU,843229
9209892,77,130,8958,2018,677018.0,5821.0,1.420819,0.7793770000000001,FRA,LTU,843229
9209893,81,130,8958,2018,206206.0,0.0,1.693008,0.768159,GBR,LTU,843229
9209894,82,130,8958,2018,0.0,6640.0,-0.049871,-0.28439899999999996,GEO,LTU,843229
9209895,111,130,8958,2018,309988.0,0.0,1.3602530000000002,0.453607,ITA,LTU,843229
9209896,114,130,8958,2018,32035.0,0.0,2.514533,-0.416074,JPN,LTU,843229
9209897,115,130,8958,2018,0.0,280078.0,-0.483862,-0.667417,KAZ,LTU,843229
9209898,117,130,8958,2018,0.0,26737.0,-0.141491,0.33161,KGZ,LTU,843229
9209899,132,130,8958,2018,269119.0,1095279.0,0.707168,1.294297,LVA,LTU,843229
9209900,162,130,8958,2018,177058.0,30471.0,1.1478899999999999,1.454758,NLD,LTU,843229
9209901,163,130,8958,2018,16269.0,16304.0,0.681639,0.021762,NOR,LTU,843229
9209902,177,130,8958,2018,1049824.0,9904.0,1.132475,1.258945,POL,LTU,843229
9209903,185,130,8958,2018,44841.0,14640.0,1.050715,1.04471,ROU,LTU,843229
9209904,186,130,8958,2018,60112.0,868853.0,0.21398000000000003,0.100414,RUS,LTU,843229
9209905,206,130,8958,2018,0.0,12035.0,1.3270979999999999,0.877684,SVK,LTU,843229
9209906,207,130,8958,2018,0.0,219020.0,1.67428,0.7703800000000001,SVN,LTU,843229
9209907,208,130,8958,2018,4241286.0,27535.0,1.76361,0.766904,SWE,LTU,843229
9209908,224,130,8958,2018,9043.0,0.0,0.518721,2.5581419999999997,TUR,LTU,843229
9209909,228,130,8958,2018,397983.0,30186.0,0.337296,0.758675,UKR,LTU,843229
9209910,231,130,8958,2018,14818.0,0.0,1.585861,0.44815900000000003,USA,LTU,843229
9209911,232,130,8958,2018,0.0,351251.0,-0.591547,-0.429982,UZB,LTU,843229
9209912,18,138,8958,2018,0.0,5123.0,1.270641,1.201063,BEL,MEX,843229
9209913,29,138,8958,2018,0.0,4180.0,-0.15867699999999998,-0.6393989999999999,BLZ,MEX,843229
9209914,32,138,8958,2018,170256.0,0.0,0.143397,0.582092,BRA,MEX,843229
9209915,33,138,8958,2018,0.0,1878.0,0.487166,-0.129388,BRB,MEX,843229
9209916,39,138,8958,2018,88807.0,385573.0,0.666822,1.218593,CAN,MEX,843229
9209917,41,138,8958,2018,0.0,2275.0,2.2324330000000003,0.7801560000000001,CHE,MEX,843229
9209918,43,138,8958,2018,594112.0,0.0,1.200689,1.2822,CHN,MEX,843229
9209919,49,138,8958,2018,0.0,12459.0,0.20431,-0.15273699999999998,COL,MEX,843229
9209920,52,138,8958,2018,0.0,3296.0,0.19386,0.05811,CRI,MEX,843229
9209921,61,138,8958,2018,125021.0,0.0,2.109059,-2.428826,DEU,MEX,843229
9209922,65,138,8958,2018,0.0,9665.0,-0.084258,0.474872,DOM,MEX,843229
9209923,71,138,8958,2018,78554.0,0.0,0.744825,2.919005,ESP,MEX,843229
9209924,93,138,8958,2018,0.0,6805.0,-0.362668,0.520826,GTM,MEX,843229
9209925,99,138,8958,2018,0.0,886.0,-0.523738,-0.193198,HND,MEX,843229
9209926,104,138,8958,2018,48464.0,0.0,0.526015,2.448112,IND,MEX,843229
9209927,111,138,8958,2018,1526031.0,0.0,1.3602530000000002,0.453607,ITA,MEX,843229
9209928,114,138,8958,2018,23148.0,16896.0,2.514533,-0.416074,JPN,MEX,843229
9209929,160,138,8958,2018,0.0,1131.0,-0.887282,-0.827008,NIC,MEX,843229
9209930,162,138,8958,2018,69341.0,0.0,1.1478899999999999,1.454758,NLD,MEX,843229
9209931,166,138,8958,2018,0.0,22010.0,0.21902600000000003,0.148714,NZL,MEX,843229
9209932,174,138,8958,2018,0.0,20440.0,0.781409,0.22126700000000002,PHL,MEX,843229
9209933,177,138,8958,2018,77345.0,0.0,1.132475,1.258945,POL,MEX,843229
9209934,186,138,8958,2018,0.0,6359.0,0.21398000000000003,0.100414,RUS,MEX,843229
9209935,197,138,8958,2018,0.0,18298.0,0.073928,0.22548600000000002,SLV,MEX,843229
9209936,224,138,8958,2018,132379.0,0.0,0.518721,2.5581419999999997,TUR,MEX,843229
9209937,231,138,8958,2018,3882267.0,12687516.0,1.585861,0.44815900000000003,USA,MEX,843229
9209938,14,153,8958,2018,8039.0,0.0,-0.29687199999999997,-0.123116,AUS,MYS,843229
9209939,34,153,8958,2018,0.0,6795.0,0.562198,-0.774457,BRN,MYS,843229
9209940,41,153,8958,2018,5070.0,0.0,2.2324330000000003,0.7801560000000001,CHE,MYS,843229
9209941,43,153,8958,2018,1238850.0,0.0,1.200689,1.2822,CHN,MYS,843229
9209942,77,153,8958,2018,1037.0,0.0,1.420819,0.7793770000000001,FRA,MYS,843229
9209943,81,153,8958,2018,1310.0,0.0,1.693008,0.768159,GBR,MYS,843229
9209944,103,153,8958,2018,0.0,10160.0,-0.10130499999999999,1.2414209999999999,IDN,MYS,843229
9209945,114,153,8958,2018,5196.0,0.0,2.514533,-0.416074,JPN,MYS,843229
9209946,143,153,8958,2018,0.0,1848.0,-0.936467,-0.223413,MMR,MYS,843229
9209947,174,153,8958,2018,0.0,3505.0,0.781409,0.22126700000000002,PHL,MYS,843229
9209948,192,153,8958,2018,1426.0,1421.0,1.914132,0.652011,SGP,MYS,843229
9209949,195,153,8958,2018,0.0,6985.0,-1.246494,-0.998495,SLB,MYS,843229
9209950,209,153,8958,2018,0.0,1931.0,-0.008154999999999999,-0.6079319999999999,SWZ,MYS,843229
9209951,231,153,8958,2018,74791.0,0.0,1.585861,0.44815900000000003,USA,MYS,843229
9209952,246,153,8958,2018,0.0,2053.0,0.158722,1.394829,ZAF,MYS,843229
9209953,249,153,8958,2018,5354.0,0.0,2.0462540000000002,1.166636,TWN,MYS,843229
9209954,32,160,8958,2018,97442.0,0.0,0.143397,0.582092,BRA,NIC,843229
9209955,43,160,8958,2018,3496.0,0.0,1.200689,1.2822,CHN,NIC,843229
9209956,49,160,8958,2018,18472.0,0.0,0.20431,-0.15273699999999998,COL,NIC,843229
9209957,52,160,8958,2018,6333.0,0.0,0.19386,0.05811,CRI,NIC,843229
9209958,71,160,8958,2018,1032.0,0.0,0.744825,2.919005,ESP,NIC,843229
9209959,99,160,8958,2018,0.0,6711.0,-0.523738,-0.193198,HND,NIC,843229
9209960,111,160,8958,2018,33068.0,0.0,1.3602530000000002,0.453607,ITA,NIC,843229
9209961,138,160,8958,2018,1131.0,0.0,1.00061,0.585759,MEX,NIC,843229
9209962,231,160,8958,2018,27252.0,0.0,1.585861,0.44815900000000003,USA,NIC,843229
9209963,7,162,8958,2018,0.0,65939.0,0.11804400000000001,-0.326851,ARE,NLD,843229
9209964,8,162,8958,2018,0.0,33539.0,-0.14316800000000002,0.14356,ARG,NLD,843229
9209965,14,162,8958,2018,201260.0,471215.0,-0.29687199999999997,-0.123116,AUS,NLD,843229
9209966,15,162,8958,2018,424013.0,205918.0,1.774488,-0.21117800000000003,AUT,NLD,843229
9209967,16,162,8958,2018,0.0,50755.0,-1.144089,-1.224327,AZE,NLD,843229
9209968,18,162,8958,2018,3547138.0,3950098.0,1.270641,1.201063,BEL,NLD,843229
9209969,23,162,8958,2018,5045.0,111057.0,0.571226,1.836856,BGR,NLD,843229
9209970,26,162,8958,2018,0.0,23310.0,0.526392,0.742398,BIH,NLD,843229
9209971,28,162,8958,2018,0.0,78219.0,0.850089,0.8332870000000001,BLR,NLD,843229
9209972,32,162,8958,2018,0.0,52526.0,0.143397,0.582092,BRA,NLD,843229
9209973,39,162,8958,2018,78612.0,832927.0,0.666822,1.218593,CAN,NLD,843229
9209974,41,162,8958,2018,9576.0,473038.0,2.2324330000000003,0.7801560000000001,CHE,NLD,843229
9209975,42,162,8958,2018,0.0,93931.0,-0.37677,-0.49605299999999997,CHL,NLD,843229
9209976,43,162,8958,2018,7493448.0,165672.0,1.200689,1.2822,CHN,NLD,843229
9209977,49,162,8958,2018,0.0,39868.0,0.20431,-0.15273699999999998,COL,NLD,843229
9209978,52,162,8958,2018,968.0,17501.0,0.19386,0.05811,CRI,NLD,843229
9209979,55,162,8958,2018,0.0,8942.0,0.8093,-0.325347,CUW,NLD,843229
9209980,58,162,8958,2018,0.0,5343.0,0.45442,-0.113303,CYP,NLD,843229
9209981,59,162,8958,2018,251162.0,200881.0,1.841016,0.220806,CZE,NLD,843229
9209982,61,162,8958,2018,8177316.0,4796446.0,2.109059,-2.428826,DEU,NLD,843229
9209983,64,162,8958,2018,340475.0,300943.0,1.0945040000000001,1.3311540000000002,DNK,NLD,843229
9209984,67,162,8958,2018,0.0,6509.0,-0.873973,-1.032841,ECU,NLD,843229
9209985,68,162,8958,2018,0.0,27926.0,-0.096635,1.585658,EGY,NLD,843229
9209986,71,162,8958,2018,40198.0,288355.0,0.744825,2.919005,ESP,NLD,843229
9209987,72,162,8958,2018,1836.0,6133.0,0.979986,1.2365899999999999,EST,NLD,843229
9209988,73,162,8958,2018,0.0,46489.0,-0.874857,-0.464958,ETH,NLD,843229
9209989,74,162,8958,2018,10756.0,77825.0,1.61151,0.9474549999999999,FIN,NLD,843229
9209990,77,162,8958,2018,2100936.0,7405933.0,1.420819,0.7793770000000001,FRA,NLD,843229
9209991,81,162,8958,2018,477537.0,6832158.0,1.693008,0.768159,GBR,NLD,843229
9209992,83,162,8958,2018,0.0,1549.0,-0.956109,-0.861556,GHA,NLD,843229
9209993,87,162,8958,2018,0.0,6777.0,-0.85649,-0.761513,GMB,NLD,843229
9209994,90,162,8958,2018,5431.0,150894.0,0.059539999999999996,1.0321879999999999,GRC,NLD,843229
9209995,97,162,8958,2018,0.0,1840.0,0.843677,1.656073,HKG,NLD,843229
9209996,100,162,8958,2018,34771.0,31763.0,0.7923720000000001,1.4047209999999999,HRV,NLD,843229
9209997,102,162,8958,2018,1653002.0,118610.0,1.519662,0.833092,HUN,NLD,843229
9209998,104,162,8958,2018,31099.0,3761.0,0.526015,2.448112,IND,NLD,843229
